,datum,blob,snowball_label,snowball_center,hdbscan_eom_label,hdbscan_leaf_label
0,[0.5296731  0.32874199],181,42,"[0.5458733080394841, 0.3412829147526549]",1,1
1,[0.31705405 0.91753988],198,55,"[0.2917188678005603, 0.9231802051410408]",1,1
2,[0.15593852 0.91567671],157,72,"[0.18904620398481445, 0.9220111924649841]",-1,1
3,[0.47604932 0.25204165],84,48,"[0.4719943011809362, 0.24797208799352313]",1,1
4,[0.8990891  0.14994165],111,41,"[0.8811059389260741, 0.1550758676468474]",1,1
5,[0.22900621 0.28561345],155,62,"[0.2334814196640526, 0.25309871642198517]",-1,1
6,[0.44444661 0.28920609],72,37,"[0.4742877481709292, 0.30216247075087144]",1,1
7,[0.12262201 0.87410106],190,61,"[0.1366641747948544, 0.8402144938031204]",1,1
8,[0.173174   0.30819634],75,64,"[0.1458200046247581, 0.29929120028358097]",1,1
9,[0.68883746 0.63723719],98,14,"[0.7089724740211081, 0.6544231342208713]",1,1
10,[0.34376055 0.29470394],94,3,"[0.3235063266336871, 0.33461183714880355]",1,1
11,[0.93899298 0.89925847],80,73,"[0.8950731705513539, 0.8851881641737208]",-1,-1
12,[0.35385417 0.13638502],169,16,"[0.3118611029117372, 0.16376536784672374]",-1,-1
13,[0.54700654 0.60759057],60,18,"[0.5381496370992983, 0.6131391883699626]",1,1
14,[0.49205581 0.49340824],189,2,"[0.5024518205038305, 0.49951185862123093]",1,1
15,[0.69072907 0.47802182],187,40,"[0.6712909514990475, 0.4941280455086865]",1,1
16,[0.88567024 0.29131462],57,49,"[0.8685967165987339, 0.3128684582162342]",1,1
17,[0.39956939 0.20757521],12,53,"[0.41694185455227084, 0.18169954357352067]",1,1
18,[0.72046773 0.54736539],132,28,"[0.6927507908564465, 0.5838673856131161]",1,1
19,[0.37188686 0.84368015],97,58,"[0.3708417752060759, 0.8634429047703029]",1,1
20,[0.77478496 0.09797414],20,35,"[0.780526480219433, 0.11540271609719346]",1,1
21,[0.43764809 0.41918961],152,7,"[0.4273546659005931, 0.4269260364999135]",1,1
22,[0.88182352 0.53291684],158,23,"[0.8570433086046203, 0.534073720737162]",1,1
23,[0.43124495 0.30647998],131,37,"[0.4742877481709292, 0.30216247075087144]",1,1
24,[0.9083949  0.75157329],129,66,"[0.9324553465657046, 0.776828950057317]",1,1
25,[0.44421588 0.91097227],59,29,"[0.4641600933288023, 0.8713464558759588]",1,1
26,[0.3524356  0.44958101],86,45,"[0.3605270625168716, 0.45007103122278613]",1,1
27,[0.42172541 0.17849613],194,53,"[0.41694185455227084, 0.18169954357352067]",1,1
28,[0.68545227 0.21259997],178,47,"[0.7217953413945598, 0.22822029411039213]",1,1
29,[0.64786244 0.43305323],50,56,"[0.6640454435692837, 0.40975943744606363]",1,1
30,[0.52854939 0.40270598],93,31,"[0.5400240804927454, 0.40738252741516584]",1,1
31,[0.79217697 0.19667861],107,22,"[0.7950622556492479, 0.20331332723623463]",1,1
32,[0.74478084 0.74595323],33,11,"[0.7510727793684858, 0.795366838735144]",1,1
33,[0.27621341 0.41155399],115,32,"[0.26968485572316336, 0.43373699024705276]",1,1
34,[0.8839938  0.62429099],153,12,"[0.8826700999759639, 0.6305318364576185]",1,1
35,[0.80888218 0.19778927],111,22,"[0.7950622556492479, 0.20331332723623463]",1,1
36,[0.89423773 0.68450228],109,51,"[0.8972177726939611, 0.6913263156754771]",1,1
37,[0.83414207 0.60569603],158,5,"[0.7953608639286782, 0.6168187233126206]",1,1
38,[0.45683194 0.4208963 ],180,7,"[0.4273546659005931, 0.4269260364999135]",1,1
39,[0.52456553 0.55513417],60,18,"[0.5381496370992983, 0.6131391883699626]",1,1
40,[0.26348454 0.86865447],28,39,"[0.2236751500022769, 0.8584516816699893]",1,1
41,[0.34398545 0.62170262],177,13,"[0.36241232974600557, 0.6309844493278076]",1,1
42,[0.57587262 0.26602568],199,46,"[0.5424312759978817, 0.248726341237992]",1,1
43,[0.9023536  0.38695185],65,38,"[0.8539290645900048, 0.4213018254875398]",1,1
44,[0.85967926 0.55960187],21,23,"[0.8570433086046203, 0.534073720737162]",1,1
45,[0.57313987 0.19283348],43,15,"[0.6138854682707487, 0.21644294068373804]",1,1
46,[0.77565019 0.67926163],38,0,"[0.7784741994701768, 0.7044037617777907]",1,1
47,[0.6511522  0.40288324],50,56,"[0.6640454435692837, 0.40975943744606363]",1,1
48,[0.83960762 0.40322927],65,38,"[0.8539290645900048, 0.4213018254875398]",1,1
49,[0.78372517 0.79907906],33,11,"[0.7510727793684858, 0.795366838735144]",1,1
50,[0.68215787 0.48431101],132,40,"[0.6712909514990475, 0.4941280455086865]",1,1
51,[0.65660864 0.51185051],125,40,"[0.6712909514990475, 0.4941280455086865]",1,1
52,[0.41816312 0.15867478],194,53,"[0.41694185455227084, 0.18169954357352067]",1,1
53,[0.70112071 0.29790315],23,26,"[0.6730727758719734, 0.27841316675861794]",1,1
54,[0.71763542 0.26914355],25,47,"[0.7217953413945598, 0.22822029411039213]",1,1
55,[0.31811197 0.14950281],91,16,"[0.3118611029117372, 0.16376536784672374]",1,1
56,[0.80826225 0.51835797],187,19,"[0.7663667848930258, 0.4930311606592395]",1,1
57,[0.4355775  0.35754941],166,8,"[0.41618301347274045, 0.3596744592461682]",1,1
58,[0.42754435 0.24364029],127,48,"[0.4719943011809362, 0.24797208799352313]",1,1
59,[0.54706826 0.60350544],81,18,"[0.5381496370992983, 0.6131391883699626]",1,1
60,[0.35203444 0.53584103],88,6,"[0.38020019936110105, 0.5471383970348426]",1,1
61,[0.76212736 0.82046348],150,11,"[0.7510727793684858, 0.795366838735144]",1,1
62,[0.20516531 0.87920777],148,39,"[0.2236751500022769, 0.8584516816699893]",1,1
63,[0.44462145 0.76342205],11,44,"[0.44435344520974984, 0.7488209266773118]",1,1
64,[0.27813607 0.57071166],88,27,"[0.28875970053393035, 0.5705248622388029]",1,1
65,[0.19156674 0.88262147],148,72,"[0.18904620398481445, 0.9220111924649841]",1,1
66,[0.55656392 0.82550602],19,36,"[0.5829771432189808, 0.8169033099012556]",1,1
67,[0.78844137 0.10478395],32,35,"[0.780526480219433, 0.11540271609719346]",1,1
68,[0.22188045 0.66412207],113,1,"[0.22107066897961347, 0.6696810677158016]",1,1
69,[0.31200268 0.91562382],82,55,"[0.2917188678005603, 0.9231802051410408]",1,1
70,[0.41474861 0.19566827],194,53,"[0.41694185455227084, 0.18169954357352067]",1,1
71,[0.88840736 0.31023439],117,49,"[0.8685967165987339, 0.3128684582162342]",1,1
72,[0.36749647 0.52576116],0,6,"[0.38020019936110105, 0.5471383970348426]",1,1
73,[0.39635772 0.5449781 ],90,6,"[0.38020019936110105, 0.5471383970348426]",1,1
74,[0.85167182 0.79170195],80,24,"[0.8630035068407299, 0.7673481734339227]",1,1
75,[0.33907879 0.76556244],67,43,"[0.3592602182165555, 0.7644137140830715]",1,1
76,[0.36066135 0.20002536],105,10,"[0.37148333417120694, 0.24944416389451668]",1,1
77,[0.72319436 0.82978314],49,11,"[0.7510727793684858, 0.795366838735144]",1,1
78,[0.31257423 0.33305838],94,3,"[0.3235063266336871, 0.33461183714880355]",1,1
79,[0.28485424 0.83216369],144,50,"[0.29667857144249377, 0.8345152778008239]",1,1
80,[0.89693518 0.67029384],141,51,"[0.8972177726939611, 0.6913263156754771]",1,1
81,[0.44756798 0.62183326],149,33,"[0.45588344999420904, 0.6028673308001649]",1,1
82,[0.46310012 0.89504147],100,29,"[0.4641600933288023, 0.8713464558759588]",1,1
83,[0.16967722 0.17444359],13,67,"[0.2303196628900867, 0.16815252029208325]",-1,-1
84,[0.63787496 0.70528492],22,9,"[0.6237322255940398, 0.691218295634155]",1,1
85,[0.24806376 0.42236736],4,32,"[0.26968485572316336, 0.43373699024705276]",1,1
86,[0.8474057 0.6337991],168,12,"[0.8826700999759639, 0.6305318364576185]",1,1
87,[0.72221119 0.69747822],98,14,"[0.7089724740211081, 0.6544231342208713]",1,1
88,[0.15629827 0.51162724],188,34,"[0.19218812574091887, 0.5012881346267127]",1,1
89,[0.76776231 0.70497212],109,0,"[0.7784741994701768, 0.7044037617777907]",1,1
90,[0.24664329 0.87610179],82,39,"[0.2236751500022769, 0.8584516816699893]",1,1
91,[0.66790751 0.28163113],58,26,"[0.6730727758719734, 0.27841316675861794]",1,1
92,[0.30726381 0.10498571],1,16,"[0.3118611029117372, 0.16376536784672374]",0,0
93,[0.79627685 0.48237426],102,19,"[0.7663667848930258, 0.4930311606592395]",1,1
94,[0.53732873 0.24165848],47,46,"[0.5424312759978817, 0.248726341237992]",1,1
95,[0.30055768 0.18727256],146,16,"[0.3118611029117372, 0.16376536784672374]",1,1
96,[0.43866582 0.59403867],139,33,"[0.45588344999420904, 0.6028673308001649]",1,1
97,[0.7907679  0.48128531],121,19,"[0.7663667848930258, 0.4930311606592395]",1,1
98,[0.18854579 0.85699458],157,39,"[0.2236751500022769, 0.8584516816699893]",1,1
99,[0.81853057 0.22232303],23,22,"[0.7950622556492479, 0.20331332723623463]",1,1
100,[0.73820161 0.41120098],187,30,"[0.7580695843089157, 0.3935081918113686]",1,1
101,[0.80649113 0.61772145],106,5,"[0.7953608639286782, 0.6168187233126206]",1,1
102,[0.42749675 0.36900359],135,8,"[0.41618301347274045, 0.3596744592461682]",1,1
103,[0.89332233 0.01550586],101,-1,-1,-1,-1
104,[0.82656996 0.56095418],176,23,"[0.8570433086046203, 0.534073720737162]",1,1
105,[0.19639171 0.66979882],183,1,"[0.22107066897961347, 0.6696810677158016]",1,1
106,[0.78780244 0.69877945],103,0,"[0.7784741994701768, 0.7044037617777907]",1,1
107,[0.22229215 0.69818185],37,1,"[0.22107066897961347, 0.6696810677158016]",1,1
108,[0.69630988 0.66455253],175,14,"[0.7089724740211081, 0.6544231342208713]",1,1
109,[0.8045011  0.58533079],102,5,"[0.7953608639286782, 0.6168187233126206]",1,1
110,[0.32540236 0.83678231],59,50,"[0.29667857144249377, 0.8345152778008239]",1,1
111,[0.16022471 0.84572056],157,61,"[0.1366641747948544, 0.8402144938031204]",1,1
112,[0.26453775 0.74040186],15,17,"[0.2301371138388829, 0.7641408618065034]",1,1
113,[0.53140823 0.3735367 ],9,31,"[0.5400240804927454, 0.40738252741516584]",1,1
114,[0.31223276 0.19853928],105,16,"[0.3118611029117372, 0.16376536784672374]",1,1
115,[0.90092769 0.89886506],80,73,"[0.8950731705513539, 0.8851881641737208]",-1,1
116,[0.31447387 0.70529951],118,25,"[0.30430520632062763, 0.7138690601951425]",1,1
117,[0.82819639 0.62455937],153,5,"[0.7953608639286782, 0.6168187233126206]",1,1
118,[0.85497584 0.81346672],80,60,"[0.8244781957938515, 0.8278967352544853]",1,1
119,[0.62558814 0.15595045],41,59,"[0.6775945840331598, 0.15311654344306497]",1,1
120,[0.23624402 0.67137406],137,1,"[0.22107066897961347, 0.6696810677158016]",1,1
121,[0.65959797 0.52451144],125,40,"[0.6712909514990475, 0.4941280455086865]",1,1
122,[0.74161214 0.98645471],120,-1,-1,-1,-1
123,[0.80573468 0.20700994],89,22,"[0.7950622556492479, 0.20331332723623463]",1,1
124,[0.34323686 0.49569353],26,45,"[0.3605270625168716, 0.45007103122278613]",1,1
125,[0.06334674 0.46829542],4,78,"[0.1167290328178235, 0.4552106416488145]",-1,-1
126,[0.38478909 0.64311618],36,13,"[0.36241232974600557, 0.6309844493278076]",1,1
127,[0.82595324 0.69220441],168,0,"[0.7784741994701768, 0.7044037617777907]",1,1
128,[0.58121946 0.80515263],126,36,"[0.5829771432189808, 0.8169033099012556]",1,1
129,[0.74287984 0.67923477],147,14,"[0.7089724740211081, 0.6544231342208713]",1,1
130,[0.51133303 0.15696258],84,57,"[0.5007238497755069, 0.18419059182843656]",1,1
131,[0.62903299 0.48934936],64,40,"[0.6712909514990475, 0.4941280455086865]",1,1
132,[0.33390605 0.19465546],146,16,"[0.3118611029117372, 0.16376536784672374]",1,1
133,[0.77058476 0.75913494],33,11,"[0.7510727793684858, 0.795366838735144]",1,1
134,[0.28961008 0.6310395 ],113,27,"[0.28875970053393035, 0.5705248622388029]",1,1
135,[0.60502577 0.91303015],30,54,"[0.5854097349506691, 0.9100485852722844]",1,1
136,[0.27943357 0.83815529],74,50,"[0.29667857144249377, 0.8345152778008239]",1,1
137,[0.55829177 0.34073023],133,42,"[0.5458733080394841, 0.3412829147526549]",1,1
138,[0.36832576 0.53135358],0,6,"[0.38020019936110105, 0.5471383970348426]",1,1
139,[0.74033008 0.15789244],32,35,"[0.780526480219433, 0.11540271609719346]",1,1
140,[0.10320745 0.46304389],188,78,"[0.1167290328178235, 0.4552106416488145]",-1,-1
141,[0.87449244 0.63596447],99,12,"[0.8826700999759639, 0.6305318364576185]",1,1
142,[0.48055098 0.65805272],161,52,"[0.5116200764966654, 0.6865858576040635]",1,1
143,[0.51199792 0.74095355],126,4,"[0.5052410750336451, 0.7829018354278361]",1,1
144,[0.39953441 0.18202949],194,53,"[0.41694185455227084, 0.18169954357352067]",1,1
145,[0.22623051 0.84169888],28,39,"[0.2236751500022769, 0.8584516816699893]",1,1
146,[0.63371205 0.19757508],178,15,"[0.6138854682707487, 0.21644294068373804]",1,1
147,[0.21510456 0.70041315],74,1,"[0.22107066897961347, 0.6696810677158016]",1,1
148,[0.81391857 0.40671009],14,38,"[0.8539290645900048, 0.4213018254875398]",1,1
149,[0.181213   0.59567758],37,20,"[0.1717337679288845, 0.5885766110632076]",1,1
150,[0.32233895 0.73244663],74,25,"[0.30430520632062763, 0.7138690601951425]",1,1
151,[0.31919914 0.39590533],163,3,"[0.3235063266336871, 0.33461183714880355]",1,1
152,[0.43823657 0.37855163],180,8,"[0.41618301347274045, 0.3596744592461682]",1,1
153,[0.16142337 0.58678461],69,20,"[0.1717337679288845, 0.5885766110632076]",1,1
154,[0.49147931 0.86867205],54,29,"[0.4641600933288023, 0.8713464558759588]",1,1
155,[0.67611872 0.1329849 ],178,59,"[0.6775945840331598, 0.15311654344306497]",1,1
156,[0.35225211 0.41611067],122,45,"[0.3605270625168716, 0.45007103122278613]",1,1
157,[0.67452753 0.24010962],18,26,"[0.6730727758719734, 0.27841316675861794]",1,1
158,[0.45905779 0.76960757],191,44,"[0.44435344520974984, 0.7488209266773118]",1,1
159,[0.42068324 0.44667037],163,7,"[0.4273546659005931, 0.4269260364999135]",1,1
160,[0.1851958  0.72803491],37,17,"[0.2301371138388829, 0.7641408618065034]",1,1
161,[0.78235883 0.46715377],187,19,"[0.7663667848930258, 0.4930311606592395]",1,1
162,[0.20913122 0.74269818],74,17,"[0.2301371138388829, 0.7641408618065034]",1,1
163,[0.67850526 0.58419095],3,28,"[0.6927507908564465, 0.5838673856131161]",1,1
164,[0.37747276 0.38447672],163,8,"[0.41618301347274045, 0.3596744592461682]",1,1
165,[0.34980318 0.35618639],72,3,"[0.3235063266336871, 0.33461183714880355]",1,1
166,[0.41221575 0.88949478],54,58,"[0.3708417752060759, 0.8634429047703029]",1,1
167,[0.36841547 0.38370111],86,8,"[0.41618301347274045, 0.3596744592461682]",1,1
168,[0.52529764 0.48699176],27,2,"[0.5024518205038305, 0.49951185862123093]",1,1
169,[0.7860948  0.61452995],153,5,"[0.7953608639286782, 0.6168187233126206]",1,1
170,[0.41890999 0.58671328],159,33,"[0.45588344999420904, 0.6028673308001649]",1,1
171,[0.72441861 0.65137377],66,14,"[0.7089724740211081, 0.6544231342208713]",1,1
172,[0.2334377  0.67598228],140,1,"[0.22107066897961347, 0.6696810677158016]",1,1
173,[0.54523926 0.31421965],9,42,"[0.5458733080394841, 0.3412829147526549]",1,1
174,[0.60627723 0.79104968],51,36,"[0.5829771432189808, 0.8169033099012556]",1,1
175,[0.85306324 0.75176385],129,24,"[0.8630035068407299, 0.7673481734339227]",1,1
176,[0.47694769 0.57973927],90,33,"[0.45588344999420904, 0.6028673308001649]",1,1
177,[0.46851568 0.4950078 ],42,2,"[0.5024518205038305, 0.49951185862123093]",1,1
178,[0.48765092 0.86175358],112,29,"[0.4641600933288023, 0.8713464558759588]",1,1
179,[0.84895534 0.42727045],192,38,"[0.8539290645900048, 0.4213018254875398]",1,1
180,[0.97260633 0.67553066],141,-1,-1,-1,1
181,[0.48694964 0.83953598],100,29,"[0.4641600933288023, 0.8713464558759588]",1,1
182,[0.57266921 0.67987526],196,9,"[0.6237322255940398, 0.691218295634155]",1,1
183,[0.25215522 0.6499191 ],29,1,"[0.22107066897961347, 0.6696810677158016]",1,1
184,[0.3651774  0.86677428],59,58,"[0.3708417752060759, 0.8634429047703029]",1,1
185,[0.86441639 0.63443452],168,12,"[0.8826700999759639, 0.6305318364576185]",1,1
186,[0.71560126 0.26161079],178,47,"[0.7217953413945598, 0.22822029411039213]",1,1
187,[0.33767645 0.21097513],85,10,"[0.37148333417120694, 0.24944416389451668]",1,1
188,[0.39956649 0.51031319],116,6,"[0.38020019936110105, 0.5471383970348426]",1,1
189,[0.49586196 0.76423962],54,4,"[0.5052410750336451, 0.7829018354278361]",1,1
190,[0.21892605 0.32073143],155,71,"[0.23157753674578868, 0.33441449604179047]",1,1
191,[0.77004544 0.63792097],2,5,"[0.7953608639286782, 0.6168187233126206]",1,1
192,[0.90362831 0.15709593],101,41,"[0.8811059389260741, 0.1550758676468474]",1,1
193,[0.55552924 0.40493697],77,31,"[0.5400240804927454, 0.40738252741516584]",1,1
194,[0.34246649 0.30503078],35,3,"[0.3235063266336871, 0.33461183714880355]",1,1
195,[0.43121504 0.42161112],152,7,"[0.4273546659005931, 0.4269260364999135]",1,1
196,[0.12279367 0.59191927],7,20,"[0.1717337679288845, 0.5885766110632076]",-1,-1
197,[0.25369312 0.43215303],182,32,"[0.26968485572316336, 0.43373699024705276]",1,1
198,[0.50465665 0.81377265],126,4,"[0.5052410750336451, 0.7829018354278361]",1,1
199,[0.20213956 0.83059856],62,39,"[0.2236751500022769, 0.8584516816699893]",1,1
200,[0.25847149 0.25435906],40,62,"[0.2334814196640526, 0.25309871642198517]",1,1
201,[0.85703896 0.4239175 ],192,38,"[0.8539290645900048, 0.4213018254875398]",1,1
202,[0.55170285 0.34710896],133,42,"[0.5458733080394841, 0.3412829147526549]",1,1
203,[0.67406311 0.13314979],20,59,"[0.6775945840331598, 0.15311654344306497]",1,1
204,[0.38586389 0.79193523],56,43,"[0.3592602182165555, 0.7644137140830715]",1,1
205,[0.64550619 0.27305683],58,26,"[0.6730727758719734, 0.27841316675861794]",1,1
206,[0.25613398 0.69003897],96,1,"[0.22107066897961347, 0.6696810677158016]",1,1
207,[0.75147749 0.73365979],22,0,"[0.7784741994701768, 0.7044037617777907]",1,1
208,[0.32088324 0.33094614],166,3,"[0.3235063266336871, 0.33461183714880355]",1,1
209,[0.28657663 0.70948918],74,25,"[0.30430520632062763, 0.7138690601951425]",1,1
210,[0.18371371 0.75198663],148,17,"[0.2301371138388829, 0.7641408618065034]",1,1
211,[0.25074664 0.47190251],115,32,"[0.26968485572316336, 0.43373699024705276]",1,1
212,[0.63059997 0.75388146],147,9,"[0.6237322255940398, 0.691218295634155]",-1,-1
213,[0.61347575 0.58002866],3,21,"[0.6071074116231209, 0.5636185288991872]",1,1
214,[0.50549377 0.50043671],27,2,"[0.5024518205038305, 0.49951185862123093]",1,1
215,[0.19580277 0.69155824],113,1,"[0.22107066897961347, 0.6696810677158016]",1,1
216,[0.57859523 0.09711609],92,65,"[0.5719316689049251, 0.10395756489089053]",-1,-1
217,[0.81624124 0.79673588],34,60,"[0.8244781957938515, 0.8278967352544853]",1,1
218,[0.70317472 0.5134207 ],143,40,"[0.6712909514990475, 0.4941280455086865]",1,1
219,[0.90195411 0.59313843],153,12,"[0.8826700999759639, 0.6305318364576185]",1,1
220,[0.41252329 0.40546602],184,7,"[0.4273546659005931, 0.4269260364999135]",1,1
221,[0.7264119  0.17540007],107,47,"[0.7217953413945598, 0.22822029411039213]",1,1
222,[0.6441063  0.20213802],41,15,"[0.6138854682707487, 0.21644294068373804]",1,1
223,[0.2459064  0.68898296],113,1,"[0.22107066897961347, 0.6696810677158016]",1,1
224,[0.32429447 0.21795028],94,16,"[0.3118611029117372, 0.16376536784672374]",1,1
225,[0.22030285 0.85535183],67,39,"[0.2236751500022769, 0.8584516816699893]",1,1
226,[0.18315919 0.52845178],124,34,"[0.19218812574091887, 0.5012881346267127]",1,1
227,[0.69696856 0.65632019],2,14,"[0.7089724740211081, 0.6544231342208713]",1,1
228,[0.68561169 0.60826297],3,28,"[0.6927507908564465, 0.5838673856131161]",1,1
229,[0.43860454 0.71991978],56,44,"[0.44435344520974984, 0.7488209266773118]",1,1
230,[0.48639715 0.34585207],181,37,"[0.4742877481709292, 0.30216247075087144]",1,1
231,[0.56417749 0.76295206],134,36,"[0.5829771432189808, 0.8169033099012556]",1,1
232,[0.19241051 0.85951717],190,39,"[0.2236751500022769, 0.8584516816699893]",1,1
233,[0.21755313 0.48922942],179,34,"[0.19218812574091887, 0.5012881346267127]",1,1
234,[0.28915756 0.85848965],67,50,"[0.29667857144249377, 0.8345152778008239]",1,1
235,[0.40930562 0.32931621],12,8,"[0.41618301347274045, 0.3596744592461682]",1,1
236,[0.22061054 0.22997843],1,62,"[0.2334814196640526, 0.25309871642198517]",1,1
237,[0.45874011 0.57072958],42,33,"[0.45588344999420904, 0.6028673308001649]",1,1
238,[0.75897594 0.44896723],173,19,"[0.7663667848930258, 0.4930311606592395]",1,1
239,[0.21894877 0.50264194],179,34,"[0.19218812574091887, 0.5012881346267127]",1,1
240,[0.30565443 0.5536922 ],10,27,"[0.28875970053393035, 0.5705248622388029]",1,1
241,[0.76063611 0.36454147],195,30,"[0.7580695843089157, 0.3935081918113686]",1,1
242,[0.75422452 0.64058642],147,14,"[0.7089724740211081, 0.6544231342208713]",1,1
243,[0.70995251 0.12484664],20,59,"[0.6775945840331598, 0.15311654344306497]",1,1
244,[0.57749561 0.61284769],128,18,"[0.5381496370992983, 0.6131391883699626]",1,1
245,[0.45788964 0.37764423],77,8,"[0.41618301347274045, 0.3596744592461682]",1,1
246,[0.70155495 0.38277517],171,56,"[0.6640454435692837, 0.40975943744606363]",1,1
247,[0.33162677 0.08433748],13,-1,-1,0,0
248,[0.28154724 0.5864278 ],88,27,"[0.28875970053393035, 0.5705248622388029]",1,1
249,[0.21572698 0.92966344],28,72,"[0.18904620398481445, 0.9220111924649841]",1,1
250,[0.20327662 0.49990642],53,34,"[0.19218812574091887, 0.5012881346267127]",1,1
251,[0.26644422 0.17280899],91,67,"[0.2303196628900867, 0.16815252029208325]",1,1
252,[0.61567453 0.69974135],126,9,"[0.6237322255940398, 0.691218295634155]",1,1
253,[0.53891581 0.79370559],191,4,"[0.5052410750336451, 0.7829018354278361]",1,1
254,[0.87408295 0.58120912],95,12,"[0.8826700999759639, 0.6305318364576185]",1,1
255,[0.81202434 0.52830813],162,23,"[0.8570433086046203, 0.534073720737162]",1,1
256,[0.55175638 0.21849461],199,46,"[0.5424312759978817, 0.248726341237992]",1,1
257,[0.64236788 0.85090458],30,36,"[0.5829771432189808, 0.8169033099012556]",1,1
258,[0.39209824 0.5392998 ],139,6,"[0.38020019936110105, 0.5471383970348426]",1,1
259,[0.50720057 0.39857361],42,31,"[0.5400240804927454, 0.40738252741516584]",1,1
260,[0.64939235 0.        ],41,-1,-1,-1,-1
261,[0.79533285 0.14968397],107,35,"[0.780526480219433, 0.11540271609719346]",1,1
262,[0.28595805 0.3565785 ],166,3,"[0.3235063266336871, 0.33461183714880355]",1,1
263,[0.75589458 0.19899792],20,22,"[0.7950622556492479, 0.20331332723623463]",1,1
264,[0.44272769 0.72179733],165,44,"[0.44435344520974984, 0.7488209266773118]",1,1
265,[0.73932196 0.22495142],89,47,"[0.7217953413945598, 0.22822029411039213]",1,1
266,[0.36315801 0.18561572],169,53,"[0.41694185455227084, 0.18169954357352067]",1,1
267,[0.61249812 0.22336957],17,15,"[0.6138854682707487, 0.21644294068373804]",1,1
268,[0.70991523 0.82816508],24,11,"[0.7510727793684858, 0.795366838735144]",1,1
269,[0.30620523 0.19076568],156,16,"[0.3118611029117372, 0.16376536784672374]",1,1
270,[0.50002    0.33147347],181,37,"[0.4742877481709292, 0.30216247075087144]",1,1
271,[0.23455219 0.72232636],160,17,"[0.2301371138388829, 0.7641408618065034]",1,1
272,[0.91129875 0.78114323],83,66,"[0.9324553465657046, 0.776828950057317]",1,1
273,[0.7079795  0.92212745],130,63,"[0.7485130939001671, 0.8884344269576973]",-1,-1
274,[0.83916583 0.89150176],80,73,"[0.8950731705513539, 0.8851881641737208]",-1,-1
275,[0.89325384 0.91351445],80,73,"[0.8950731705513539, 0.8851881641737208]",-1,1
276,[0.53678915 0.52093275],189,2,"[0.5024518205038305, 0.49951185862123093]",1,1
277,[0.42389236 0.83855752],138,29,"[0.4641600933288023, 0.8713464558759588]",1,1
278,[0.71930329 0.66229208],22,14,"[0.7089724740211081, 0.6544231342208713]",1,1
279,[0.15610497 0.5206391 ],124,34,"[0.19218812574091887, 0.5012881346267127]",1,1
280,[0.7943323  0.70252228],109,0,"[0.7784741994701768, 0.7044037617777907]",1,1
281,[0.80979925 0.22524183],142,22,"[0.7950622556492479, 0.20331332723623463]",1,1
282,[0.60315526 0.70944233],128,9,"[0.6237322255940398, 0.691218295634155]",1,1
283,[0.90154181 0.71133872],83,51,"[0.8972177726939611, 0.6913263156754771]",1,1
284,[0.53825924 0.64207977],81,18,"[0.5381496370992983, 0.6131391883699626]",1,1
285,[0.79025389 0.51196906],121,19,"[0.7663667848930258, 0.4930311606592395]",1,1
286,[0.21296773 0.53612081],124,34,"[0.19218812574091887, 0.5012881346267127]",1,1
287,[0.66573057 0.26352421],18,26,"[0.6730727758719734, 0.27841316675861794]",1,1
288,[0.50244353 0.7279092 ],79,52,"[0.5116200764966654, 0.6865858576040635]",1,1
289,[0.58758674 0.87797716],30,54,"[0.5854097349506691, 0.9100485852722844]",1,1
290,[0.59119802 0.71544546],76,9,"[0.6237322255940398, 0.691218295634155]",1,1
291,[0.26946147 0.14346741],91,67,"[0.2303196628900867, 0.16815252029208325]",1,1
292,[0.44092402 0.58247193],119,33,"[0.45588344999420904, 0.6028673308001649]",1,1
293,[0.64543054 0.70064078],98,9,"[0.6237322255940398, 0.691218295634155]",1,1
294,[0.45330036 0.42999409],116,7,"[0.4273546659005931, 0.4269260364999135]",1,1
295,[0.44529853 0.57809049],119,33,"[0.45588344999420904, 0.6028673308001649]",1,1
296,[0.78837382 0.37637581],143,30,"[0.7580695843089157, 0.3935081918113686]",1,1
297,[0.83170443 0.3265492 ],89,49,"[0.8685967165987339, 0.3128684582162342]",1,1
298,[0.16133811 0.61221993],110,20,"[0.1717337679288845, 0.5885766110632076]",1,1
299,[0.67710519 0.24091768],18,26,"[0.6730727758719734, 0.27841316675861794]",1,1
300,[0.66384161 0.17221811],20,59,"[0.6775945840331598, 0.15311654344306497]",1,1
301,[0.2181717  0.27274936],75,62,"[0.2334814196640526, 0.25309871642198517]",1,1
302,[0.65281187 0.30593833],145,26,"[0.6730727758719734, 0.27841316675861794]",1,1
303,[0.49566722 0.7794009 ],78,4,"[0.5052410750336451, 0.7829018354278361]",1,1
304,[0.17747943 0.78891166],140,17,"[0.2301371138388829, 0.7641408618065034]",1,1
305,[0.83676924 0.31635154],39,49,"[0.8685967165987339, 0.3128684582162342]",1,1
306,[0.83340077 0.68793531],123,0,"[0.7784741994701768, 0.7044037617777907]",1,1
307,[0.32715556 0.86089115],67,50,"[0.29667857144249377, 0.8345152778008239]",1,1
308,[0.89565422 0.7792308 ],46,24,"[0.8630035068407299, 0.7673481734339227]",1,1
309,[0.20158124 0.64599501],37,1,"[0.22107066897961347, 0.6696810677158016]",1,1
310,[0.31338918 0.27456869],155,3,"[0.3235063266336871, 0.33461183714880355]",1,1
311,[0.31233658 0.5550499 ],90,27,"[0.28875970053393035, 0.5705248622388029]",1,1
312,[0.83700773 0.55107462],95,23,"[0.8570433086046203, 0.534073720737162]",1,1
313,[0.85000738 0.14829482],5,41,"[0.8811059389260741, 0.1550758676468474]",1,1
314,[0.71960895 0.23106202],58,47,"[0.7217953413945598, 0.22822029411039213]",1,1
315,[0.77357347 0.56406964],102,5,"[0.7953608639286782, 0.6168187233126206]",1,1
316,[0.15584872 0.85880688],190,61,"[0.1366641747948544, 0.8402144938031204]",1,1
317,[0.10682462 0.3300642 ],75,64,"[0.1458200046247581, 0.29929120028358097]",-1,-1
318,[0.61336547 0.48215932],171,40,"[0.6712909514990475, 0.4941280455086865]",-1,1
319,[0.78547353 0.589629  ],176,5,"[0.7953608639286782, 0.6168187233126206]",1,1
320,[0.34845526 0.69860935],36,25,"[0.30430520632062763, 0.7138690601951425]",1,1
321,[0.62875036 0.6775893 ],128,9,"[0.6237322255940398, 0.691218295634155]",1,1
322,[0.14089681 0.63094536],37,20,"[0.1717337679288845, 0.5885766110632076]",1,1
323,[0.32089375 0.34011112],35,3,"[0.3235063266336871, 0.33461183714880355]",1,1
324,[0.74014639 0.632032  ],151,14,"[0.7089724740211081, 0.6544231342208713]",1,1
325,[0.47060648 0.77469427],51,4,"[0.5052410750336451, 0.7829018354278361]",1,1
326,[0.35972996 0.55278598],139,6,"[0.38020019936110105, 0.5471383970348426]",1,1
327,[0.65035862 0.71297478],151,9,"[0.6237322255940398, 0.691218295634155]",1,1
328,[0.31497653 0.6059061 ],183,27,"[0.28875970053393035, 0.5705248622388029]",1,1
329,[0.27332886 0.89198309],67,55,"[0.2917188678005603, 0.9231802051410408]",1,1
330,[0.50451773 0.40214   ],181,31,"[0.5400240804927454, 0.40738252741516584]",1,1
331,[0.33956973 0.20288897],105,16,"[0.3118611029117372, 0.16376536784672374]",1,1
332,[0.67710057 0.15868799],41,59,"[0.6775945840331598, 0.15311654344306497]",1,1
333,[0.46056755 0.69174822],165,74,"[0.4152783020134458, 0.6862696487922317]",1,1
334,[0.93800132 0.80837036],46,66,"[0.9324553465657046, 0.776828950057317]",-1,-1
335,[0.58094959 0.33324086],9,42,"[0.5458733080394841, 0.3412829147526549]",1,1
336,[0.35423117 0.62923264],149,13,"[0.36241232974600557, 0.6309844493278076]",1,1
337,[0.69358655 0.28762151],145,26,"[0.6730727758719734, 0.27841316675861794]",1,1
338,[0.67197721 0.27250351],178,26,"[0.6730727758719734, 0.27841316675861794]",1,1
339,[0.21905619 0.6986818 ],137,1,"[0.22107066897961347, 0.6696810677158016]",1,1
340,[0.88030992 0.77003213],103,24,"[0.8630035068407299, 0.7673481734339227]",1,1
341,[0.90763469 0.28328321],117,69,"[0.9398939947511951, 0.29612608103779026]",1,1
342,[0.49046112 0.60989583],81,33,"[0.45588344999420904, 0.6028673308001649]",1,1
343,[0.47880562 0.06350269],197,-1,-1,-1,-1
344,[0.58346414 0.40899605],64,31,"[0.5400240804927454, 0.40738252741516584]",1,1
345,[0.31609447 0.17965841],169,16,"[0.3118611029117372, 0.16376536784672374]",1,1
346,[0.31306015 0.3445043 ],40,3,"[0.3235063266336871, 0.33461183714880355]",1,1
347,[0.36624405 0.57619958],70,6,"[0.38020019936110105, 0.5471383970348426]",1,1
348,[0.24120574 0.70656823],164,1,"[0.22107066897961347, 0.6696810677158016]",1,1
349,[0.78025676 0.40146124],39,30,"[0.7580695843089157, 0.3935081918113686]",1,1
350,[0.51958344 0.26148137],17,46,"[0.5424312759978817, 0.248726341237992]",1,1
351,[0.83187654 0.15673298],32,41,"[0.8811059389260741, 0.1550758676468474]",1,1
352,[0.46082009 0.28347908],72,37,"[0.4742877481709292, 0.30216247075087144]",1,1
353,[0.6756389  0.16672406],185,59,"[0.6775945840331598, 0.15311654344306497]",1,1
354,[0.67365689 0.63756123],3,14,"[0.7089724740211081, 0.6544231342208713]",1,1
355,[0.60759466 0.22560724],178,15,"[0.6138854682707487, 0.21644294068373804]",1,1
356,[0.42705748 0.12857738],169,53,"[0.41694185455227084, 0.18169954357352067]",-1,-1
357,[0.46189105 0.94015509],138,29,"[0.4641600933288023, 0.8713464558759588]",-1,-1
358,[0.41944693 0.88969684],138,29,"[0.4641600933288023, 0.8713464558759588]",1,1
359,[0.43369726 0.78595527],54,44,"[0.44435344520974984, 0.7488209266773118]",1,1
360,[0.54324648 0.73271942],19,52,"[0.5116200764966654, 0.6865858576040635]",1,1
361,[0.30457778 0.21660142],31,16,"[0.3118611029117372, 0.16376536784672374]",1,1
362,[0.62366566 0.28152888],199,26,"[0.6730727758719734, 0.27841316675861794]",1,1
363,[0.59166578 0.33338487],58,42,"[0.5458733080394841, 0.3412829147526549]",1,1
364,[0.73930545 0.18762055],41,47,"[0.7217953413945598, 0.22822029411039213]",1,1
365,[0.16533022 0.50634625],53,34,"[0.19218812574091887, 0.5012881346267127]",1,1
366,[0.50968345 0.59597251],161,18,"[0.5381496370992983, 0.6131391883699626]",1,1
367,[0.36635166 0.91530268],59,58,"[0.3708417752060759, 0.8634429047703029]",1,1
368,[0.22593102 0.76765574],15,17,"[0.2301371138388829, 0.7641408618065034]",1,1
369,[0.56419448 0.48599496],27,2,"[0.5024518205038305, 0.49951185862123093]",-1,1
370,[0.75939563 0.72945517],33,0,"[0.7784741994701768, 0.7044037617777907]",1,1
371,[0.47549235 0.23743288],71,48,"[0.4719943011809362, 0.24797208799352313]",1,1
372,[0.56630296 0.40972327],93,31,"[0.5400240804927454, 0.40738252741516584]",1,1
373,[0.22590791 0.63998887],183,1,"[0.22107066897961347, 0.6696810677158016]",1,1
374,[0.49629961 0.27141524],135,48,"[0.4719943011809362, 0.24797208799352313]",1,1
375,[0.75239268 0.69615703],66,0,"[0.7784741994701768, 0.7044037617777907]",1,1
376,[0.98278945 0.28458337],136,69,"[0.9398939947511951, 0.29612608103779026]",-1,-1
377,[0.30670999 0.77915402],56,43,"[0.3592602182165555, 0.7644137140830715]",1,1
378,[0.70110057 0.63537498],61,14,"[0.7089724740211081, 0.6544231342208713]",1,1
379,[0.49574692 0.81506275],51,4,"[0.5052410750336451, 0.7829018354278361]",1,1
380,[0.36265632 0.77143898],78,43,"[0.3592602182165555, 0.7644137140830715]",1,1
381,[0.391957   0.25491495],85,10,"[0.37148333417120694, 0.24944416389451668]",1,1
382,[0.76721635 0.88119267],34,63,"[0.7485130939001671, 0.8884344269576973]",1,1
383,[0.81082526 0.16493208],107,22,"[0.7950622556492479, 0.20331332723623463]",1,1
384,[0.79814089 0.17085168],107,22,"[0.7950622556492479, 0.20331332723623463]",1,1
385,[0.17235921 0.86692047],190,61,"[0.1366641747948544, 0.8402144938031204]",1,1
386,[0.53850512 0.65111329],45,18,"[0.5381496370992983, 0.6131391883699626]",1,1
387,[0.77033828 0.72294712],123,0,"[0.7784741994701768, 0.7044037617777907]",1,1
388,[0.673708   0.73593621],49,75,"[0.6962893136043324, 0.7602055829908452]",1,1
389,[0.38704614 0.53030323],149,6,"[0.38020019936110105, 0.5471383970348426]",1,1
390,[0.87913078 0.6765751 ],21,51,"[0.8972177726939611, 0.6913263156754771]",1,1
391,[0.20427773 0.88037568],190,39,"[0.2236751500022769, 0.8584516816699893]",1,1
392,[0.41587746 0.75726798],191,44,"[0.44435344520974984, 0.7488209266773118]",1,1
393,[0.22913171 0.41761144],69,32,"[0.26968485572316336, 0.43373699024705276]",1,1
394,[0.73975651 0.17251944],25,47,"[0.7217953413945598, 0.22822029411039213]",1,1
395,[0.72666893 0.8012022 ],73,11,"[0.7510727793684858, 0.795366838735144]",1,1
396,[0.79186211 0.41413316],39,30,"[0.7580695843089157, 0.3935081918113686]",1,1
397,[0.86318009 0.74914232],46,24,"[0.8630035068407299, 0.7673481734339227]",1,1
398,[0.28355627 0.67344893],63,25,"[0.30430520632062763, 0.7138690601951425]",1,1
399,[0.74759844 0.15648923],20,35,"[0.780526480219433, 0.11540271609719346]",1,1
400,[0.64568994 0.67309992],134,9,"[0.6237322255940398, 0.691218295634155]",1,1
401,[0.53140502 0.24259324],84,46,"[0.5424312759978817, 0.248726341237992]",1,1
402,[0.76582117 0.41841188],171,30,"[0.7580695843089157, 0.3935081918113686]",1,1
403,[0.58588403 0.73961126],79,9,"[0.6237322255940398, 0.691218295634155]",1,1
404,[0.83198588 0.04555707],101,-1,-1,-1,-1
405,[0.72567202 0.68037694],38,14,"[0.7089724740211081, 0.6544231342208713]",1,1
406,[0.87292766 0.6152742 ],103,12,"[0.8826700999759639, 0.6305318364576185]",1,1
407,[0.82447103 0.23384212],142,22,"[0.7950622556492479, 0.20331332723623463]",1,1
408,[0.50479334 0.77524777],126,4,"[0.5052410750336451, 0.7829018354278361]",1,1
409,[0.58864625 0.31319761],145,42,"[0.5458733080394841, 0.3412829147526549]",1,1
410,[0.36342853 0.36178259],163,3,"[0.3235063266336871, 0.33461183714880355]",1,1
411,[0.75794529 0.52519133],162,19,"[0.7663667848930258, 0.4930311606592395]",1,1
412,[0.59281262 0.81742056],87,36,"[0.5829771432189808, 0.8169033099012556]",1,1
413,[0.5363084  0.60075148],189,18,"[0.5381496370992983, 0.6131391883699626]",1,1
414,[0.09781432 0.5636521 ],29,-1,-1,-1,-1
415,[0.73209937 0.59359231],132,28,"[0.6927507908564465, 0.5838673856131161]",1,1
416,[0.13374379 0.82107748],62,61,"[0.1366641747948544, 0.8402144938031204]",-1,1
417,[0.37725716 0.19168956],127,53,"[0.41694185455227084, 0.18169954357352067]",1,1
418,[0.89302494 0.54467593],99,23,"[0.8570433086046203, 0.534073720737162]",1,1
419,[0.40968213 0.45151578],26,7,"[0.4273546659005931, 0.4269260364999135]",1,1
420,[0.83598423 0.49194124],121,23,"[0.8570433086046203, 0.534073720737162]",1,1
421,[0.64316097 0.56789178],196,21,"[0.6071074116231209, 0.5636185288991872]",1,1
422,[0.58959072 0.37869706],152,31,"[0.5400240804927454, 0.40738252741516584]",1,1
423,[0.3094754  0.36920522],116,3,"[0.3235063266336871, 0.33461183714880355]",1,1
424,[0.67287186 0.49075312],50,40,"[0.6712909514990475, 0.4941280455086865]",1,1
425,[0.18988757 0.56809276],124,20,"[0.1717337679288845, 0.5885766110632076]",1,1
426,[0.48207238 0.81785006],51,4,"[0.5052410750336451, 0.7829018354278361]",1,1
427,[0.32403811 0.59594988],36,27,"[0.28875970053393035, 0.5705248622388029]",1,1
428,[0.81739108 0.43274028],195,38,"[0.8539290645900048, 0.4213018254875398]",1,1
429,[0.92034902 0.68218503],83,51,"[0.8972177726939611, 0.6913263156754771]",1,1
430,[0.45521622 0.29725969],108,37,"[0.4742877481709292, 0.30216247075087144]",1,1
431,[0.77132957 0.63489021],176,5,"[0.7953608639286782, 0.6168187233126206]",1,1
432,[0.47116444 0.28371082],71,37,"[0.4742877481709292, 0.30216247075087144]",1,1
433,[0.51414239 0.7487618 ],126,4,"[0.5052410750336451, 0.7829018354278361]",1,1
434,[0.85747039 0.61298123],158,12,"[0.8826700999759639, 0.6305318364576185]",1,1
435,[0.57471961 0.54964354],60,21,"[0.6071074116231209, 0.5636185288991872]",1,1
436,[0.37675972 0.41389941],180,45,"[0.3605270625168716, 0.45007103122278613]",1,1
437,[0.51778609 0.21848428],197,57,"[0.5007238497755069, 0.18419059182843656]",1,1
438,[0.50029479 0.79080388],100,4,"[0.5052410750336451, 0.7829018354278361]",1,1
439,[0.77832533 0.64137537],2,5,"[0.7953608639286782, 0.6168187233126206]",1,1
440,[0.45048313 0.23154653],108,48,"[0.4719943011809362, 0.24797208799352313]",1,1
441,[0.38046161 0.21057337],127,10,"[0.37148333417120694, 0.24944416389451668]",1,1
442,[0.12647459 0.43346967],4,78,"[0.1167290328178235, 0.4552106416488145]",-1,-1
443,[0.27491737 0.33919174],86,71,"[0.23157753674578868, 0.33441449604179047]",1,1
444,[0.42481763 0.52455299],10,6,"[0.38020019936110105, 0.5471383970348426]",1,1
445,[0.75623169 0.61145039],2,5,"[0.7953608639286782, 0.6168187233126206]",1,1
446,[0.35612187 0.37397551],180,3,"[0.3235063266336871, 0.33461183714880355]",1,1
447,[0.37416839 0.5833062 ],177,6,"[0.38020019936110105, 0.5471383970348426]",1,1
448,[0.21954997 0.69210121],63,1,"[0.22107066897961347, 0.6696810677158016]",1,1
449,[0.86598843 0.30372872],117,49,"[0.8685967165987339, 0.3128684582162342]",1,1
450,[0.77914158 0.99403369],120,-1,-1,-1,-1
451,[0.74107833 0.68909106],175,0,"[0.7784741994701768, 0.7044037617777907]",1,1
452,[0.4535187  0.73366407],118,44,"[0.44435344520974984, 0.7488209266773118]",1,1
453,[0.6607638  0.54531351],151,28,"[0.6927507908564465, 0.5838673856131161]",1,1
454,[0.30374616 0.44298468],69,32,"[0.26968485572316336, 0.43373699024705276]",1,1
455,[0.71150362 0.63476352],2,14,"[0.7089724740211081, 0.6544231342208713]",1,1
456,[0.16194137 0.51839064],188,34,"[0.19218812574091887, 0.5012881346267127]",1,1
457,[0.43923117 0.36126878],9,8,"[0.41618301347274045, 0.3596744592461682]",1,1
458,[0.32055279 0.85604548],172,50,"[0.29667857144249377, 0.8345152778008239]",1,1
459,[0.35561033 0.62309825],174,13,"[0.36241232974600557, 0.6309844493278076]",1,1
460,[0.45689284 0.18412272],47,53,"[0.41694185455227084, 0.18169954357352067]",1,1
461,[0.25243276 0.21050895],1,62,"[0.2334814196640526, 0.25309871642198517]",1,1
462,[0.77350963 0.57847536],102,5,"[0.7953608639286782, 0.6168187233126206]",1,1
463,[0.33628786 0.67536508],183,25,"[0.30430520632062763, 0.7138690601951425]",1,1
464,[0.79577141 0.19612442],107,22,"[0.7950622556492479, 0.20331332723623463]",1,1
465,[0.54819145 0.54229013],27,2,"[0.5024518205038305, 0.49951185862123093]",1,1
466,[0.39690074 0.41596135],122,7,"[0.4273546659005931, 0.4269260364999135]",1,1
467,[0.33828186 0.24529145],85,10,"[0.37148333417120694, 0.24944416389451668]",1,1
468,[0.8187498 0.8261289],34,60,"[0.8244781957938515, 0.8278967352544853]",1,1
469,[0.60071099 0.24294386],92,15,"[0.6138854682707487, 0.21644294068373804]",1,1
470,[0.52521834 0.78478284],126,4,"[0.5052410750336451, 0.7829018354278361]",1,1
471,[0.30014835 0.40470084],115,32,"[0.26968485572316336, 0.43373699024705276]",1,1
472,[0.38654512 0.64143349],159,13,"[0.36241232974600557, 0.6309844493278076]",1,1
473,[0.76478959 0.56149596],187,5,"[0.7953608639286782, 0.6168187233126206]",1,1
474,[0.82016624 0.6734386 ],123,0,"[0.7784741994701768, 0.7044037617777907]",1,1
475,[0.76846175 0.08168186],111,35,"[0.780526480219433, 0.11540271609719346]",1,1
476,[0.6505641 0.2225718],43,15,"[0.6138854682707487, 0.21644294068373804]",1,1
477,[0.56883135 0.92356483],138,54,"[0.5854097349506691, 0.9100485852722844]",1,1
478,[0.77962295 0.61714521],109,5,"[0.7953608639286782, 0.6168187233126206]",1,1
479,[0.52956589 0.75984781],56,4,"[0.5052410750336451, 0.7829018354278361]",1,1
480,[0.86488292 0.14971511],117,41,"[0.8811059389260741, 0.1550758676468474]",1,1
481,[0.37772335 0.24022357],127,10,"[0.37148333417120694, 0.24944416389451668]",1,1
482,[0.848851   0.65294372],104,12,"[0.8826700999759639, 0.6305318364576185]",1,1
483,[0.26811276 0.72739378],160,25,"[0.30430520632062763, 0.7138690601951425]",1,1
484,[0.23777743 0.23261262],155,62,"[0.2334814196640526, 0.25309871642198517]",1,1
485,[0.73499254 0.74127506],66,75,"[0.6962893136043324, 0.7602055829908452]",1,1
486,[0.59176789 0.56409247],68,21,"[0.6071074116231209, 0.5636185288991872]",1,1
487,[0.5188234 0.3207038],170,42,"[0.5458733080394841, 0.3412829147526549]",1,1
488,[0.57743096 0.66026461],76,9,"[0.6237322255940398, 0.691218295634155]",1,1
489,[0.62479415 0.25945495],145,15,"[0.6138854682707487, 0.21644294068373804]",1,1
490,[0.74929146 0.4863149 ],143,19,"[0.7663667848930258, 0.4930311606592395]",1,1
491,[0.50911029 0.18924426],47,57,"[0.5007238497755069, 0.18419059182843656]",1,1
492,[0.20642378 0.63337346],110,1,"[0.22107066897961347, 0.6696810677158016]",1,1
493,[0.65569433 0.79251786],150,75,"[0.6962893136043324, 0.7602055829908452]",1,1
494,[0.31635699 0.64770602],70,13,"[0.36241232974600557, 0.6309844493278076]",1,1
495,[0.79048897 0.11811558],89,35,"[0.780526480219433, 0.11540271609719346]",1,1
496,[0.24132483 0.6620104 ],160,1,"[0.22107066897961347, 0.6696810677158016]",1,1
497,[0.64820812 0.90185781],19,54,"[0.5854097349506691, 0.9100485852722844]",1,1
498,[0.68873625 0.50424914],125,40,"[0.6712909514990475, 0.4941280455086865]",1,1
499,[0.66615236 0.55817384],151,28,"[0.6927507908564465, 0.5838673856131161]",1,1
500,[0.16060142 0.74799251],62,-1,-1,1,1
501,[0.19093588 0.48565798],124,34,"[0.19218812574091887, 0.5012881346267127]",1,1
502,[0.38952485 0.78542944],191,43,"[0.3592602182165555, 0.7644137140830715]",1,1
503,[0.81399141 0.7149115 ],109,0,"[0.7784741994701768, 0.7044037617777907]",1,1
504,[0.50034929 0.67779145],56,52,"[0.5116200764966654, 0.6865858576040635]",1,1
505,[0.43936694 0.8416524 ],78,29,"[0.4641600933288023, 0.8713464558759588]",1,1
506,[0.86542364 0.46943042],121,38,"[0.8539290645900048, 0.4213018254875398]",1,1
507,[0.62543469 0.83788523],51,36,"[0.5829771432189808, 0.8169033099012556]",1,1
508,[0.90807693 0.85479377],129,73,"[0.8950731705513539, 0.8851881641737208]",-1,-1
509,[0.70037613 0.69940184],175,14,"[0.7089724740211081, 0.6544231342208713]",1,1
510,[0.94012017 0.48430953],158,77,"[0.9284253959436438, 0.4561275365969756]",-1,-1
511,[0.15474107 0.49217408],53,34,"[0.19218812574091887, 0.5012881346267127]",1,1
512,[0.48381608 0.59512223],119,33,"[0.45588344999420904, 0.6028673308001649]",1,1
513,[0.90306464 0.60105096],153,12,"[0.8826700999759639, 0.6305318364576185]",1,1
514,[0.7090263  0.76673924],73,75,"[0.6962893136043324, 0.7602055829908452]",1,1
515,[0.5123965  0.44049453],42,31,"[0.5400240804927454, 0.40738252741516584]",1,1
516,[0.30043943 0.93207477],59,55,"[0.2917188678005603, 0.9231802051410408]",1,1
517,[0.25997803 0.88866742],198,55,"[0.2917188678005603, 0.9231802051410408]",1,1
518,[0.87681933 0.82834005],104,60,"[0.8244781957938515, 0.8278967352544853]",1,1
519,[0.30757366 0.20218084],94,16,"[0.3118611029117372, 0.16376536784672374]",1,1
520,[0.764677   0.77587985],134,11,"[0.7510727793684858, 0.795366838735144]",1,1
521,[0.59539464 0.25781599],58,15,"[0.6138854682707487, 0.21644294068373804]",1,1
522,[0.5688332  0.52808561],45,21,"[0.6071074116231209, 0.5636185288991872]",1,1
523,[0.14320689 0.30256859],75,64,"[0.1458200046247581, 0.29929120028358097]",1,1
524,[0.93056122 0.25375165],117,69,"[0.9398939947511951, 0.29612608103779026]",1,1
525,[0.73832358 0.35257142],52,30,"[0.7580695843089157, 0.3935081918113686]",1,1
526,[0.42163856 0.34084956],35,8,"[0.41618301347274045, 0.3596744592461682]",1,1
527,[0.93781839 0.56458135],99,-1,-1,-1,-1
528,[0.5394456  0.53637779],45,2,"[0.5024518205038305, 0.49951185862123093]",1,1
529,[0.2172399  0.33110253],40,71,"[0.23157753674578868, 0.33441449604179047]",1,1
530,[0.77240861 0.14504026],111,35,"[0.780526480219433, 0.11540271609719346]",1,1
531,[0.1492073  0.50376936],29,34,"[0.19218812574091887, 0.5012881346267127]",1,1
532,[0.48280945 0.33747403],184,37,"[0.4742877481709292, 0.30216247075087144]",1,1
533,[0.88685261 0.74057881],6,24,"[0.8630035068407299, 0.7673481734339227]",1,1
534,[0.9152146 0.198693 ],57,76,"[0.8843661724411644, 0.2266254496800724]",1,1
535,[0.22905952 0.29902176],155,71,"[0.23157753674578868, 0.33441449604179047]",1,1
536,[0.73849123 0.1389856 ],89,35,"[0.780526480219433, 0.11540271609719346]",1,1
537,[0.51771508 0.53322678],42,2,"[0.5024518205038305, 0.49951185862123093]",1,1
538,[0.38379611 0.74752025],118,43,"[0.3592602182165555, 0.7644137140830715]",1,1
539,[0.74794426 0.56688922],106,28,"[0.6927507908564465, 0.5838673856131161]",1,1
540,[0.47414767 0.49324125],60,2,"[0.5024518205038305, 0.49951185862123093]",1,1
541,[0.74854087 0.76557122],73,11,"[0.7510727793684858, 0.795366838735144]",1,1
542,[0.18050299 0.81487119],144,61,"[0.1366641747948544, 0.8402144938031204]",1,1
543,[0.34082497 0.67922975],56,25,"[0.30430520632062763, 0.7138690601951425]",1,1
544,[0.32169956 0.62623631],177,13,"[0.36241232974600557, 0.6309844493278076]",1,1
545,[0.25317687 0.43825033],182,32,"[0.26968485572316336, 0.43373699024705276]",1,1
546,[0.18929604 0.26730238],156,62,"[0.2334814196640526, 0.25309871642198517]",-1,-1
547,[0.39715995 0.43353615],116,7,"[0.4273546659005931, 0.4269260364999135]",1,1
548,[0.52992783 0.45684792],152,31,"[0.5400240804927454, 0.40738252741516584]",1,1
549,[0.92724858 0.7666255 ],104,66,"[0.9324553465657046, 0.776828950057317]",1,1
550,[0.34099709 0.48865246],0,45,"[0.3605270625168716, 0.45007103122278613]",1,1
551,[0.78397446 0.29780856],89,70,"[0.7708431382552172, 0.3173198884189297]",1,1
552,[0.2546378  0.35542423],86,71,"[0.23157753674578868, 0.33441449604179047]",1,1
553,[0.79219872 0.7861952 ],33,11,"[0.7510727793684858, 0.795366838735144]",1,1
554,[0.24977045 0.82435829],114,39,"[0.2236751500022769, 0.8584516816699893]",1,1
555,[0.82154705 0.81990925],24,60,"[0.8244781957938515, 0.8278967352544853]",1,1
556,[0.16046137 0.61120812],7,20,"[0.1717337679288845, 0.5885766110632076]",1,1
557,[0.25635648 0.75824953],114,17,"[0.2301371138388829, 0.7641408618065034]",1,1
558,[0.68506478 0.24670309],145,26,"[0.6730727758719734, 0.27841316675861794]",1,1
559,[0.44125199 0.80837142],118,44,"[0.44435344520974984, 0.7488209266773118]",1,1
560,[0.36237047 0.52986378],70,6,"[0.38020019936110105, 0.5471383970348426]",1,1
561,[0.09880153 0.20922415],156,-1,-1,-1,-1
562,[0.45594798 0.50028671],42,2,"[0.5024518205038305, 0.49951185862123093]",1,1
563,[0.19036655 0.30342182],75,64,"[0.1458200046247581, 0.29929120028358097]",1,1
564,[0.66118999 0.80386631],112,75,"[0.6962893136043324, 0.7602055829908452]",1,1
565,[0.50723835 0.68198837],159,52,"[0.5116200764966654, 0.6865858576040635]",1,1
566,[0.44185631 0.65447018],36,74,"[0.4152783020134458, 0.6862696487922317]",1,1
567,[0.67479939 0.59484879],68,28,"[0.6927507908564465, 0.5838673856131161]",1,1
568,[0.7239453  0.57398377],102,28,"[0.6927507908564465, 0.5838673856131161]",1,1
569,[0.63670476 0.68591671],76,9,"[0.6237322255940398, 0.691218295634155]",1,1
570,[0.29771111 0.57110928],177,27,"[0.28875970053393035, 0.5705248622388029]",1,1
571,[0.50735367 0.83906668],191,29,"[0.4641600933288023, 0.8713464558759588]",1,1
572,[0.53457259 0.26727541],16,46,"[0.5424312759978817, 0.248726341237992]",1,1
573,[0.16443014 0.90415499],190,72,"[0.18904620398481445, 0.9220111924649841]",1,1
574,[0.88055484 0.5147201 ],192,23,"[0.8570433086046203, 0.534073720737162]",1,1
575,[0.81279329 0.64656685],176,5,"[0.7953608639286782, 0.6168187233126206]",1,1
576,[0.35544226 0.33584827],135,3,"[0.3235063266336871, 0.33461183714880355]",1,1
577,[0.23377349 0.82917414],15,39,"[0.2236751500022769, 0.8584516816699893]",1,1
578,[0.85269157 0.35810658],173,49,"[0.8685967165987339, 0.3128684582162342]",1,1
579,[0.63882103 0.31916997],58,26,"[0.6730727758719734, 0.27841316675861794]",-1,-1
580,[0.3665499  0.27537564],94,10,"[0.37148333417120694, 0.24944416389451668]",1,1
581,[0.90944977 0.75702847],168,66,"[0.9324553465657046, 0.776828950057317]",1,1
582,[0.55456909 0.45709388],27,31,"[0.5400240804927454, 0.40738252741516584]",1,1
583,[0.91515484 0.24021471],57,76,"[0.8843661724411644, 0.2266254496800724]",1,1
584,[0.66055928 0.21695187],18,15,"[0.6138854682707487, 0.21644294068373804]",1,1
585,[0.28466457 0.92301759],97,55,"[0.2917188678005603, 0.9231802051410408]",1,1
586,[0.38891026 0.37005727],71,8,"[0.41618301347274045, 0.3596744592461682]",1,1
587,[0.22129533 0.86960588],28,39,"[0.2236751500022769, 0.8584516816699893]",1,1
588,[0.34228844 0.60072173],70,13,"[0.36241232974600557, 0.6309844493278076]",1,1
589,[0.55667467 0.71192566],76,52,"[0.5116200764966654, 0.6865858576040635]",1,1
590,[0.28566124 0.30336726],40,3,"[0.3235063266336871, 0.33461183714880355]",1,1
591,[0.86634727 0.5413985 ],106,23,"[0.8570433086046203, 0.534073720737162]",1,1
592,[0.84208452 0.32668908],57,49,"[0.8685967165987339, 0.3128684582162342]",1,1
593,[0.71681177 0.27182104],14,47,"[0.7217953413945598, 0.22822029411039213]",1,1
594,[0.3416512  0.51292464],88,6,"[0.38020019936110105, 0.5471383970348426]",1,1
595,[0.72497141 0.75453199],66,75,"[0.6962893136043324, 0.7602055829908452]",1,1
596,[0.62348452 0.15820144],92,59,"[0.6775945840331598, 0.15311654344306497]",1,1
597,[0.34668523 0.74869926],15,43,"[0.3592602182165555, 0.7644137140830715]",1,1
598,[0.54817996 0.66409923],147,52,"[0.5116200764966654, 0.6865858576040635]",1,1
599,[0.36341231 0.53881701],10,6,"[0.38020019936110105, 0.5471383970348426]",1,1
600,[0.46388057 0.27941001],17,37,"[0.4742877481709292, 0.30216247075087144]",1,1
601,[0.75442441 0.78906263],73,11,"[0.7510727793684858, 0.795366838735144]",1,1
602,[0.24174248 0.69668573],114,1,"[0.22107066897961347, 0.6696810677158016]",1,1
603,[0.80707045 0.80222291],24,60,"[0.8244781957938515, 0.8278967352544853]",1,1
604,[0.17218578 0.24597044],75,64,"[0.1458200046247581, 0.29929120028358097]",-1,-1
605,[0.40242043 0.22536259],47,10,"[0.37148333417120694, 0.24944416389451668]",1,1
606,[0.36108522 0.62466984],139,13,"[0.36241232974600557, 0.6309844493278076]",1,1
607,[0.10441251 0.40472844],4,78,"[0.1167290328178235, 0.4552106416488145]",-1,-1
608,[0.45035338 0.61041336],161,33,"[0.45588344999420904, 0.6028673308001649]",1,1
609,[0.17608936 0.81055164],172,61,"[0.1366641747948544, 0.8402144938031204]",1,1
610,[0.59820518 0.51956873],64,21,"[0.6071074116231209, 0.5636185288991872]",1,1
611,[0.77717249 0.23939572],142,22,"[0.7950622556492479, 0.20331332723623463]",1,1
612,[0.26807009 0.27531222],146,62,"[0.2334814196640526, 0.25309871642198517]",-1,1
613,[0.59214553 0.53224399],60,21,"[0.6071074116231209, 0.5636185288991872]",1,1
614,[0.2722579  0.56466239],174,27,"[0.28875970053393035, 0.5705248622388029]",1,1
615,[0.40736996 0.45239466],26,7,"[0.4273546659005931, 0.4269260364999135]",1,1
616,[0.36972736 0.74410544],164,43,"[0.3592602182165555, 0.7644137140830715]",1,1
617,[0.58556313 0.23883832],185,15,"[0.6138854682707487, 0.21644294068373804]",1,1
618,[0.13389115 0.87903488],62,61,"[0.1366641747948544, 0.8402144938031204]",1,1
619,[0.87500995 0.12795992],5,41,"[0.8811059389260741, 0.1550758676468474]",1,1
620,[0.78440838 0.70599753],109,0,"[0.7784741994701768, 0.7044037617777907]",1,1
621,[0.45642149 0.50644953],26,2,"[0.5024518205038305, 0.49951185862123093]",1,1
622,[0.76434042 0.08275498],32,35,"[0.780526480219433, 0.11540271609719346]",1,1
623,[0.3576478  0.70314692],15,25,"[0.30430520632062763, 0.7138690601951425]",1,1
624,[0.49937509 0.85485366],191,29,"[0.4641600933288023, 0.8713464558759588]",1,1
625,[0.36246208 0.45632813],116,45,"[0.3605270625168716, 0.45007103122278613]",1,1
626,[0.61700993 0.15689304],41,15,"[0.6138854682707487, 0.21644294068373804]",1,1
627,[0.26803579 0.56680986],10,27,"[0.28875970053393035, 0.5705248622388029]",1,1
628,[0.62430777 0.21796297],186,15,"[0.6138854682707487, 0.21644294068373804]",1,1
629,[0.77856379 0.86953207],154,63,"[0.7485130939001671, 0.8884344269576973]",1,1
630,[0.88497725 0.37769383],65,38,"[0.8539290645900048, 0.4213018254875398]",1,1
631,[0.18562658 0.80778729],172,61,"[0.1366641747948544, 0.8402144938031204]",1,1
632,[0.32229972 0.26314097],71,10,"[0.37148333417120694, 0.24944416389451668]",1,1
633,[0.24337273 0.47056624],53,32,"[0.26968485572316336, 0.43373699024705276]",1,1
634,[0.15270927 0.48158553],4,34,"[0.19218812574091887, 0.5012881346267127]",1,1
635,[0.507462   0.61982718],81,18,"[0.5381496370992983, 0.6131391883699626]",1,1
636,[0.77409286 0.32410978],195,70,"[0.7708431382552172, 0.3173198884189297]",1,1
637,[0.72979755 0.70089843],33,0,"[0.7784741994701768, 0.7044037617777907]",1,1
638,[0.82502766 0.68142926],123,0,"[0.7784741994701768, 0.7044037617777907]",1,1
639,[0.62288712 0.6458175 ],147,9,"[0.6237322255940398, 0.691218295634155]",1,1
640,[0.3850821  0.30874664],170,8,"[0.41618301347274045, 0.3596744592461682]",1,1
641,[0.41070718 0.37183132],166,8,"[0.41618301347274045, 0.3596744592461682]",1,1
642,[0.82575883 0.12899837],5,35,"[0.780526480219433, 0.11540271609719346]",1,1
643,[0.16581174 0.59358802],37,20,"[0.1717337679288845, 0.5885766110632076]",1,1
644,[0.84707999 0.18408465],101,41,"[0.8811059389260741, 0.1550758676468474]",1,1
645,[0.69705071 0.25976838],145,26,"[0.6730727758719734, 0.27841316675861794]",1,1
646,[0.45259501 0.26401298],17,48,"[0.4719943011809362, 0.24797208799352313]",1,1
647,[0.59278061 0.39253512],93,31,"[0.5400240804927454, 0.40738252741516584]",1,1
648,[0.39883299 0.66798009],118,74,"[0.4152783020134458, 0.6862696487922317]",1,1
649,[0.78674804 0.6542764 ],48,5,"[0.7953608639286782, 0.6168187233126206]",1,1
650,[0.54826481 0.36061361],77,42,"[0.5458733080394841, 0.3412829147526549]",1,1
651,[0.34496773 0.70164597],149,25,"[0.30430520632062763, 0.7138690601951425]",1,1
652,[0.65518144 0.59952272],61,28,"[0.6927507908564465, 0.5838673856131161]",1,1
653,[0.48182711 0.48015043],27,2,"[0.5024518205038305, 0.49951185862123093]",1,1
654,[0.79171864 0.69310495],66,0,"[0.7784741994701768, 0.7044037617777907]",1,1
655,[0.82288952 0.78860216],34,60,"[0.8244781957938515, 0.8278967352544853]",1,1
656,[0.23062544 0.73486396],63,17,"[0.2301371138388829, 0.7641408618065034]",1,1
657,[0.37541173 0.58883826],10,6,"[0.38020019936110105, 0.5471383970348426]",1,1
658,[0.70064071 0.62898071],98,14,"[0.7089724740211081, 0.6544231342208713]",1,1
659,[0.49108482 0.47067379],189,2,"[0.5024518205038305, 0.49951185862123093]",1,1
660,[0.80350236 0.56823596],95,5,"[0.7953608639286782, 0.6168187233126206]",1,1
661,[0.84389107 0.28031531],57,49,"[0.8685967165987339, 0.3128684582162342]",1,1
662,[0.67678881 0.36409432],50,56,"[0.6640454435692837, 0.40975943744606363]",1,1
663,[0.58630936 0.57412136],68,21,"[0.6071074116231209, 0.5636185288991872]",1,1
664,[0.67770186 0.13516533],178,59,"[0.6775945840331598, 0.15311654344306497]",1,1
665,[0.81959749 0.43605319],52,38,"[0.8539290645900048, 0.4213018254875398]",1,1
666,[0.59756733 0.69896913],128,9,"[0.6237322255940398, 0.691218295634155]",1,1
667,[0.16202716 0.86318296],28,61,"[0.1366641747948544, 0.8402144938031204]",1,1
668,[0.85971773 0.56341123],95,23,"[0.8570433086046203, 0.534073720737162]",1,1
669,[0.50664687 0.29833615],133,37,"[0.4742877481709292, 0.30216247075087144]",1,1
670,[0.56398164 0.8157789 ],30,36,"[0.5829771432189808, 0.8169033099012556]",1,1
671,[0.35322863 0.6181681 ],177,13,"[0.36241232974600557, 0.6309844493278076]",1,1
672,[0.84637031 0.9111719 ],80,73,"[0.8950731705513539, 0.8851881641737208]",-1,-1
673,[0.27665938 0.34021142],94,71,"[0.23157753674578868, 0.33441449604179047]",1,1
674,[0.45243807 0.30113987],184,37,"[0.4742877481709292, 0.30216247075087144]",1,1
675,[0.7226885  0.79061544],24,11,"[0.7510727793684858, 0.795366838735144]",1,1
676,[0.58756108 0.18485175],186,15,"[0.6138854682707487, 0.21644294068373804]",1,1
677,[0.85917834 0.45248432],52,38,"[0.8539290645900048, 0.4213018254875398]",1,1
678,[0.84058116 0.08799409],23,35,"[0.780526480219433, 0.11540271609719346]",-1,-1
679,[0.89914164 0.42470771],192,77,"[0.9284253959436438, 0.4561275365969756]",1,1
680,[0.20391194 0.52568606],124,34,"[0.19218812574091887, 0.5012881346267127]",1,1
681,[0.51802957 0.77762324],87,4,"[0.5052410750336451, 0.7829018354278361]",1,1
682,[0.61754394 0.59376659],125,21,"[0.6071074116231209, 0.5636185288991872]",1,1
683,[0.49925335 0.46133199],26,2,"[0.5024518205038305, 0.49951185862123093]",1,1
684,[0.64567634 0.60399858],3,28,"[0.6927507908564465, 0.5838673856131161]",1,1
685,[0.28023847 0.52780565],70,27,"[0.28875970053393035, 0.5705248622388029]",1,1
686,[0.56360659 0.09605834],197,65,"[0.5719316689049251, 0.10395756489089053]",-1,1
687,[0.2638183 0.8434612],172,50,"[0.29667857144249377, 0.8345152778008239]",1,1
688,[0.67397562 0.57798339],64,28,"[0.6927507908564465, 0.5838673856131161]",1,1
689,[0.95355055 0.32084627],117,69,"[0.9398939947511951, 0.29612608103779026]",1,1
690,[0.2869246  0.41141533],40,32,"[0.26968485572316336, 0.43373699024705276]",1,1
691,[0.78964909 0.66173243],61,0,"[0.7784741994701768, 0.7044037617777907]",1,1
692,[0.89522997 0.22313934],57,76,"[0.8843661724411644, 0.2266254496800724]",1,1
693,[0.53388155 0.3687754 ],170,42,"[0.5458733080394841, 0.3412829147526549]",1,1
694,[0.0885319  0.69534594],7,68,"[0.11152887350079589, 0.6745036796864589]",1,1
695,[0.42859372 0.2054258 ],12,53,"[0.41694185455227084, 0.18169954357352067]",1,1
696,[0.63845981 0.2120587 ],178,15,"[0.6138854682707487, 0.21644294068373804]",1,1
697,[0.56662477 0.2153484 ],197,46,"[0.5424312759978817, 0.248726341237992]",1,1
698,[0.92327808 0.73944406],48,66,"[0.9324553465657046, 0.776828950057317]",1,1
699,[0.48708233 0.692761  ],56,52,"[0.5116200764966654, 0.6865858576040635]",1,1
700,[0.57806213 0.88627976],112,54,"[0.5854097349506691, 0.9100485852722844]",1,1
701,[0.93853598 0.76348913],46,66,"[0.9324553465657046, 0.776828950057317]",1,1
702,[0.47141743 0.83566915],138,29,"[0.4641600933288023, 0.8713464558759588]",1,1
703,[0.43781603 0.544335  ],119,6,"[0.38020019936110105, 0.5471383970348426]",1,1
704,[0.25259899 0.8793222 ],172,39,"[0.2236751500022769, 0.8584516816699893]",1,1
705,[0.32991796 0.10409513],91,16,"[0.3118611029117372, 0.16376536784672374]",0,0
706,[0.36264754 0.44585795],167,45,"[0.3605270625168716, 0.45007103122278613]",1,1
707,[0.37734143 0.26564399],146,10,"[0.37148333417120694, 0.24944416389451668]",1,1
708,[0.43905715 0.55523484],10,33,"[0.45588344999420904, 0.6028673308001649]",1,1
709,[0.53542047 0.54074447],27,2,"[0.5024518205038305, 0.49951185862123093]",1,1
710,[0.77146545 0.20302529],20,22,"[0.7950622556492479, 0.20331332723623463]",1,1
711,[0.86769857 0.34483749],52,49,"[0.8685967165987339, 0.3128684582162342]",1,1
712,[0.54705175 0.60972887],45,18,"[0.5381496370992983, 0.6131391883699626]",1,1
713,[0.77771742 0.62580722],176,5,"[0.7953608639286782, 0.6168187233126206]",1,1
714,[0.26544362 0.76860073],164,17,"[0.2301371138388829, 0.7641408618065034]",1,1
715,[0.98034496 0.70055869],83,-1,-1,-1,-1
716,[0.24013806 0.85588397],82,39,"[0.2236751500022769, 0.8584516816699893]",1,1
717,[0.62187919 0.56196522],45,21,"[0.6071074116231209, 0.5636185288991872]",1,1
718,[0.23249079 0.23914653],156,62,"[0.2334814196640526, 0.25309871642198517]",1,1
719,[0.25632228 0.45319909],69,32,"[0.26968485572316336, 0.43373699024705276]",1,1
720,[0.3604011  0.35164367],116,3,"[0.3235063266336871, 0.33461183714880355]",1,1
721,[0.96080434 0.77500128],83,66,"[0.9324553465657046, 0.776828950057317]",-1,1
722,[0.43470501 0.43940121],116,7,"[0.4273546659005931, 0.4269260364999135]",1,1
723,[0.95255995 0.62539861],153,-1,-1,1,1
724,[0.25546512 0.87117391],144,39,"[0.2236751500022769, 0.8584516816699893]",1,1
725,[0.32233897 0.54901781],149,27,"[0.28875970053393035, 0.5705248622388029]",1,1
726,[0.83755454 0.37622445],65,38,"[0.8539290645900048, 0.4213018254875398]",1,1
727,[0.74148753 0.87479351],130,63,"[0.7485130939001671, 0.8884344269576973]",1,1
728,[0.7309866  0.44251783],195,30,"[0.7580695843089157, 0.3935081918113686]",1,1
729,[0.46754382 0.62889552],90,33,"[0.45588344999420904, 0.6028673308001649]",1,1
730,[0.69430674 0.30939832],14,26,"[0.6730727758719734, 0.27841316675861794]",1,1
731,[0.23954082 0.09388588],91,-1,-1,-1,-1
732,[0.80821995 0.15970923],23,22,"[0.7950622556492479, 0.20331332723623463]",1,1
733,[0.46905602 0.88795821],191,29,"[0.4641600933288023, 0.8713464558759588]",1,1
734,[0.46022098 0.75442036],118,44,"[0.44435344520974984, 0.7488209266773118]",1,1
735,[0.38310525 0.16448961],12,53,"[0.41694185455227084, 0.18169954357352067]",1,1
736,[0.39289946 0.5770038 ],56,6,"[0.38020019936110105, 0.5471383970348426]",1,1
737,[0.79357936 0.37766684],52,30,"[0.7580695843089157, 0.3935081918113686]",1,1
738,[0.27845591 0.75221577],114,25,"[0.30430520632062763, 0.7138690601951425]",1,1
739,[0.58691754 0.2321332 ],18,15,"[0.6138854682707487, 0.21644294068373804]",1,1
740,[0.59615918 0.52354313],55,21,"[0.6071074116231209, 0.5636185288991872]",1,1
741,[0.83565489 0.64040023],176,5,"[0.7953608639286782, 0.6168187233126206]",1,1
742,[0.28458139 0.78763534],67,50,"[0.29667857144249377, 0.8345152778008239]",1,1
743,[0.59105886 0.39908281],145,31,"[0.5400240804927454, 0.40738252741516584]",1,1
744,[0.25534923 0.76322823],114,17,"[0.2301371138388829, 0.7641408618065034]",1,1
745,[0.29732419 0.31393209],69,3,"[0.3235063266336871, 0.33461183714880355]",1,1
746,[0.93105994 0.86141761],80,73,"[0.8950731705513539, 0.8851881641737208]",-1,-1
747,[0.46007537 0.17633852],84,57,"[0.5007238497755069, 0.18419059182843656]",1,1
748,[0.36305323 0.23650596],127,10,"[0.37148333417120694, 0.24944416389451668]",1,1
749,[0.91142322 0.32915497],65,69,"[0.9398939947511951, 0.29612608103779026]",1,1
750,[0.18176707 0.44248601],188,34,"[0.19218812574091887, 0.5012881346267127]",-1,-1
751,[0.34473695 0.18632456],85,16,"[0.3118611029117372, 0.16376536784672374]",1,1
752,[0.95802723 0.64991059],141,-1,-1,1,1
753,[0.33179883 0.73338722],63,25,"[0.30430520632062763, 0.7138690601951425]",1,1
754,[0.67464319 0.87994767],30,-1,-1,-1,1
755,[0.32324391 0.18137643],31,16,"[0.3118611029117372, 0.16376536784672374]",1,1
756,[0.63642165 0.24375544],18,15,"[0.6138854682707487, 0.21644294068373804]",1,1
757,[0.512473   0.82233803],100,4,"[0.5052410750336451, 0.7829018354278361]",1,1
758,[0.56505029 0.8066314 ],87,36,"[0.5829771432189808, 0.8169033099012556]",1,1
759,[0.28775748 0.42848772],115,32,"[0.26968485572316336, 0.43373699024705276]",1,1
760,[0.73025096 0.2268088 ],111,47,"[0.7217953413945598, 0.22822029411039213]",1,1
761,[0.21461915 0.95146118],148,72,"[0.18904620398481445, 0.9220111924649841]",-1,1
762,[0.39398315 0.29205021],72,10,"[0.37148333417120694, 0.24944416389451668]",1,1
763,[0.5970491  0.67340984],128,9,"[0.6237322255940398, 0.691218295634155]",1,1
764,[0.8755481  0.35305881],65,49,"[0.8685967165987339, 0.3128684582162342]",1,1
765,[0.64792989 0.65309329],68,9,"[0.6237322255940398, 0.691218295634155]",1,1
766,[0.34982707 0.52992889],10,6,"[0.38020019936110105, 0.5471383970348426]",1,1
767,[0.68354849 0.59139171],132,28,"[0.6927507908564465, 0.5838673856131161]",1,1
768,[0.51242505 0.84609648],138,29,"[0.4641600933288023, 0.8713464558759588]",1,1
769,[0.67324153 0.54682739],64,28,"[0.6927507908564465, 0.5838673856131161]",1,1
770,[0.77057235 0.20719947],89,22,"[0.7950622556492479, 0.20331332723623463]",1,1
771,[0.4235168  0.55582227],90,6,"[0.38020019936110105, 0.5471383970348426]",1,1
772,[0.8925179  0.12075883],5,41,"[0.8811059389260741, 0.1550758676468474]",1,1
773,[0.46557373 0.29986309],71,37,"[0.4742877481709292, 0.30216247075087144]",1,1
774,[0.44727211 0.57660149],90,33,"[0.45588344999420904, 0.6028673308001649]",1,1
775,[0.76432081 0.89026581],120,63,"[0.7485130939001671, 0.8884344269576973]",1,1
776,[0.77307781 0.48563416],171,19,"[0.7663667848930258, 0.4930311606592395]",1,1
777,[0.16983505 0.78496837],62,17,"[0.2301371138388829, 0.7641408618065034]",1,1
778,[0.2604635  0.79254663],157,17,"[0.2301371138388829, 0.7641408618065034]",1,1
779,[0.72545689 0.5777711 ],151,28,"[0.6927507908564465, 0.5838673856131161]",1,1
780,[0.90797042 0.17451846],117,41,"[0.8811059389260741, 0.1550758676468474]",1,1
781,[0.90908322 0.78009484],6,66,"[0.9324553465657046, 0.776828950057317]",1,1
782,[0.23743348 0.85536496],172,39,"[0.2236751500022769, 0.8584516816699893]",1,1
783,[0.51781868 0.82857916],79,4,"[0.5052410750336451, 0.7829018354278361]",1,1
784,[0.81353481 0.49733767],193,19,"[0.7663667848930258, 0.4930311606592395]",1,1
785,[0.81782389 0.54387429],143,23,"[0.8570433086046203, 0.534073720737162]",1,1
786,[0.1555066  0.15504941],156,-1,-1,-1,-1
787,[0.86789358 0.68664641],123,51,"[0.8972177726939611, 0.6913263156754771]",1,1
788,[0.701427   0.27615106],145,26,"[0.6730727758719734, 0.27841316675861794]",1,1
789,[0.49780207 0.62193605],90,18,"[0.5381496370992983, 0.6131391883699626]",1,1
790,[0.66915004 0.72267859],49,75,"[0.6962893136043324, 0.7602055829908452]",1,1
791,[0.54283439 0.24202607],199,46,"[0.5424312759978817, 0.248726341237992]",1,1
792,[0.40909786 0.60139917],167,33,"[0.45588344999420904, 0.6028673308001649]",1,1
793,[0.23160027 0.66917399],164,1,"[0.22107066897961347, 0.6696810677158016]",1,1
794,[0.32348356 0.73525659],63,25,"[0.30430520632062763, 0.7138690601951425]",1,1
795,[0.2325167 0.3060256],40,71,"[0.23157753674578868, 0.33441449604179047]",1,1
796,[0.50409444 0.64587821],8,52,"[0.5116200764966654, 0.6865858576040635]",1,1
797,[0.67292264 0.2706821 ],58,26,"[0.6730727758719734, 0.27841316675861794]",1,1
798,[0.51559109 0.27185333],47,46,"[0.5424312759978817, 0.248726341237992]",1,1
799,[0.26441116 0.72024423],137,25,"[0.30430520632062763, 0.7138690601951425]",1,1
800,[0.22987173 0.54269409],110,34,"[0.19218812574091887, 0.5012881346267127]",1,1
801,[0.42189246 0.82262194],78,29,"[0.4641600933288023, 0.8713464558759588]",1,1
802,[0.82197379 0.73632939],6,24,"[0.8630035068407299, 0.7673481734339227]",1,1
803,[0.45507588 0.24199823],72,48,"[0.4719943011809362, 0.24797208799352313]",1,1
804,[0.25776483 0.75526571],137,17,"[0.2301371138388829, 0.7641408618065034]",1,1
805,[0.57772966 0.55802246],196,21,"[0.6071074116231209, 0.5636185288991872]",1,1
806,[0.91091717 0.5812915 ],21,12,"[0.8826700999759639, 0.6305318364576185]",1,1
807,[0.43891167 0.39959382],122,7,"[0.4273546659005931, 0.4269260364999135]",1,1
808,[0.49226461 0.31950749],108,37,"[0.4742877481709292, 0.30216247075087144]",1,1
809,[0.45851366 0.65839079],161,74,"[0.4152783020134458, 0.6862696487922317]",1,1
810,[0.27938438 0.73803313],137,25,"[0.30430520632062763, 0.7138690601951425]",1,1
811,[0.41075041 0.20983351],71,53,"[0.41694185455227084, 0.18169954357352067]",1,1
812,[0.3567024 0.8270578],118,58,"[0.3708417752060759, 0.8634429047703029]",1,1
813,[0.32249933 0.97994005],97,55,"[0.2917188678005603, 0.9231802051410408]",-1,-1
814,[0.72352362 0.63350329],132,14,"[0.7089724740211081, 0.6544231342208713]",1,1
815,[0.32819288 0.11256335],91,16,"[0.3118611029117372, 0.16376536784672374]",0,0
816,[0.5129442  0.88995513],54,29,"[0.4641600933288023, 0.8713464558759588]",1,1
817,[0.29547674 0.36741725],40,3,"[0.3235063266336871, 0.33461183714880355]",1,1
818,[0.25746922 0.93282139],172,55,"[0.2917188678005603, 0.9231802051410408]",1,1
819,[0.73419621 0.63360836],76,14,"[0.7089724740211081, 0.6544231342208713]",1,1
820,[0.12359171 0.47451438],188,78,"[0.1167290328178235, 0.4552106416488145]",1,1
821,[0.91973397 0.6700227 ],104,51,"[0.8972177726939611, 0.6913263156754771]",1,1
822,[0.65160558 0.25740269],43,26,"[0.6730727758719734, 0.27841316675861794]",1,1
823,[0.7270722  0.44275952],173,30,"[0.7580695843089157, 0.3935081918113686]",1,1
824,[0.37298745 0.65247664],96,13,"[0.36241232974600557, 0.6309844493278076]",1,1
825,[0.90209095 0.70409642],104,51,"[0.8972177726939611, 0.6913263156754771]",1,1
826,[0.48886583 0.71918997],11,52,"[0.5116200764966654, 0.6865858576040635]",1,1
827,[0.61186453 0.24445182],145,15,"[0.6138854682707487, 0.21644294068373804]",1,1
828,[0.09952498 0.71783407],140,68,"[0.11152887350079589, 0.6745036796864589]",-1,-1
829,[0.23683816 0.18619177],13,67,"[0.2303196628900867, 0.16815252029208325]",1,1
830,[0.71633586 0.67771122],49,14,"[0.7089724740211081, 0.6544231342208713]",1,1
831,[0.31948996 0.71715362],149,25,"[0.30430520632062763, 0.7138690601951425]",1,1
832,[0.34507135 0.78636351],11,43,"[0.3592602182165555, 0.7644137140830715]",1,1
833,[0.72475136 0.72546615],76,75,"[0.6962893136043324, 0.7602055829908452]",1,1
834,[0.8206632  0.43265175],187,38,"[0.8539290645900048, 0.4213018254875398]",1,1
835,[0.2484087  0.62546459],37,1,"[0.22107066897961347, 0.6696810677158016]",1,1
836,[0.55232049 0.85829656],112,36,"[0.5829771432189808, 0.8169033099012556]",1,1
837,[0.84857327 0.71318325],103,51,"[0.8972177726939611, 0.6913263156754771]",1,1
838,[0.21351541 0.72837691],37,17,"[0.2301371138388829, 0.7641408618065034]",1,1
839,[0.63303549 0.12374153],43,59,"[0.6775945840331598, 0.15311654344306497]",1,1
840,[0.31973874 0.67478585],114,25,"[0.30430520632062763, 0.7138690601951425]",1,1
841,[0.71792242 0.87305873],120,63,"[0.7485130939001671, 0.8884344269576973]",1,1
842,[0.57765608 0.84417151],44,36,"[0.5829771432189808, 0.8169033099012556]",1,1
843,[0.61128117 0.68011399],147,9,"[0.6237322255940398, 0.691218295634155]",1,1
844,[0.64402173 0.63214053],151,9,"[0.6237322255940398, 0.691218295634155]",1,1
845,[0.50542168 0.28763991],185,37,"[0.4742877481709292, 0.30216247075087144]",1,1
846,[0.34408551 0.66572327],63,13,"[0.36241232974600557, 0.6309844493278076]",1,1
847,[0.53849583 0.2488772 ],17,46,"[0.5424312759978817, 0.248726341237992]",1,1
848,[0.85903795 0.49705827],106,23,"[0.8570433086046203, 0.534073720737162]",1,1
849,[0.43986458 0.67233172],159,74,"[0.4152783020134458, 0.6862696487922317]",1,1
850,[0.58521763 0.63270444],151,18,"[0.5381496370992983, 0.6131391883699626]",1,1
851,[0.34888706 0.52319532],139,6,"[0.38020019936110105, 0.5471383970348426]",1,1
852,[0.43814245 0.64754741],159,74,"[0.4152783020134458, 0.6862696487922317]",1,1
853,[0.91731592 0.70376004],21,51,"[0.8972177726939611, 0.6913263156754771]",1,1
854,[0.45108295 0.75231832],79,44,"[0.44435344520974984, 0.7488209266773118]",1,1
855,[0.37700877 0.75208128],36,43,"[0.3592602182165555, 0.7644137140830715]",1,1
856,[0.45178823 0.1780818 ],85,53,"[0.41694185455227084, 0.18169954357352067]",1,1
857,[0.73565634 0.7409236 ],49,75,"[0.6962893136043324, 0.7602055829908452]",1,1
858,[0.54348298 0.25084778],185,46,"[0.5424312759978817, 0.248726341237992]",1,1
859,[0.59958632 0.89113485],100,54,"[0.5854097349506691, 0.9100485852722844]",1,1
860,[0.1776138  0.83153607],157,61,"[0.1366641747948544, 0.8402144938031204]",1,1
861,[0.37786471 0.38693583],122,8,"[0.41618301347274045, 0.3596744592461682]",1,1
862,[0.80680093 0.39344199],65,30,"[0.7580695843089157, 0.3935081918113686]",1,1
863,[0.37077947 0.64991093],118,13,"[0.36241232974600557, 0.6309844493278076]",1,1
864,[0.35191025 0.57773347],174,6,"[0.38020019936110105, 0.5471383970348426]",1,1
865,[0.90171963 0.22167631],57,76,"[0.8843661724411644, 0.2266254496800724]",1,1
866,[0.13849537 0.32137993],75,64,"[0.1458200046247581, 0.29929120028358097]",1,1
867,[0.84463051 0.74229642],83,24,"[0.8630035068407299, 0.7673481734339227]",1,1
868,[0.66945933 0.49670578],125,40,"[0.6712909514990475, 0.4941280455086865]",1,1
869,[0.32394487 0.62343531],149,13,"[0.36241232974600557, 0.6309844493278076]",1,1
870,[0.08610971 0.70376638],140,68,"[0.11152887350079589, 0.6745036796864589]",-1,1
871,[0.84191631 0.66257386],104,12,"[0.8826700999759639, 0.6305318364576185]",1,1
872,[0.41394746 0.53807251],88,6,"[0.38020019936110105, 0.5471383970348426]",1,1
873,[0.2608097  0.88866803],82,55,"[0.2917188678005603, 0.9231802051410408]",1,1
874,[0.51565996 0.50884921],27,2,"[0.5024518205038305, 0.49951185862123093]",1,1
875,[0.33598505 0.55195573],177,6,"[0.38020019936110105, 0.5471383970348426]",1,1
876,[0.46351951 0.34783915],184,37,"[0.4742877481709292, 0.30216247075087144]",1,1
877,[0.89775321 0.10573744],101,41,"[0.8811059389260741, 0.1550758676468474]",-1,1
878,[0.73478017 0.28847098],65,70,"[0.7708431382552172, 0.3173198884189297]",1,1
879,[0.62611832 0.64123886],76,9,"[0.6237322255940398, 0.691218295634155]",1,1
880,[0.32937522 0.53773341],0,6,"[0.38020019936110105, 0.5471383970348426]",1,1
881,[0.13546422 0.28587065],156,64,"[0.1458200046247581, 0.29929120028358097]",1,1
882,[0.2274641 0.1871704],91,67,"[0.2303196628900867, 0.16815252029208325]",1,1
883,[0.81072474 0.86461364],83,60,"[0.8244781957938515, 0.8278967352544853]",1,1
884,[0.27782661 0.75187209],114,25,"[0.30430520632062763, 0.7138690601951425]",1,1
885,[0.43073382 0.65240489],165,74,"[0.4152783020134458, 0.6862696487922317]",1,1
886,[0.77848466 0.17476375],32,22,"[0.7950622556492479, 0.20331332723623463]",1,1
887,[0.51203136 0.57926625],81,18,"[0.5381496370992983, 0.6131391883699626]",1,1
888,[0.64784643 0.6138473 ],196,28,"[0.6927507908564465, 0.5838673856131161]",1,1
889,[0.27764908 0.86608525],198,50,"[0.29667857144249377, 0.8345152778008239]",1,1
890,[0.41041807 0.61124963],149,33,"[0.45588344999420904, 0.6028673308001649]",1,1
891,[0.61432343 0.60240268],196,21,"[0.6071074116231209, 0.5636185288991872]",1,1
892,[0.47643905 0.67880766],159,52,"[0.5116200764966654, 0.6865858576040635]",1,1
893,[0.16188004 0.69611557],140,68,"[0.11152887350079589, 0.6745036796864589]",1,1
894,[0.515508   0.40713948],77,31,"[0.5400240804927454, 0.40738252741516584]",1,1
895,[0.72528155 0.34183936],195,70,"[0.7708431382552172, 0.3173198884189297]",1,-1
896,[0.52319579 0.20898715],84,57,"[0.5007238497755069, 0.18419059182843656]",1,1
897,[0.87582152 0.20719819],136,76,"[0.8843661724411644, 0.2266254496800724]",1,1
898,[0.66462629 0.28345003],43,26,"[0.6730727758719734, 0.27841316675861794]",1,1
899,[0.31156929 0.34236129],35,3,"[0.3235063266336871, 0.33461183714880355]",1,1
900,[0.85401607 0.27080944],89,49,"[0.8685967165987339, 0.3128684582162342]",1,1
901,[0.35916458 0.31415886],146,3,"[0.3235063266336871, 0.33461183714880355]",1,1
902,[0.58203881 0.90011789],79,54,"[0.5854097349506691, 0.9100485852722844]",1,1
903,[0.15840885 0.47572855],179,34,"[0.19218812574091887, 0.5012881346267127]",1,1
904,[0.47456213 0.59561129],167,33,"[0.45588344999420904, 0.6028673308001649]",1,1
905,[0.24383003 0.57330211],96,27,"[0.28875970053393035, 0.5705248622388029]",1,1
906,[0.77200914 0.15873011],111,35,"[0.780526480219433, 0.11540271609719346]",1,1
907,[0.82135736 0.19945391],142,22,"[0.7950622556492479, 0.20331332723623463]",1,1
908,[0.38110563 0.46588601],88,45,"[0.3605270625168716, 0.45007103122278613]",1,1
909,[0.16675545 0.32775594],4,64,"[0.1458200046247581, 0.29929120028358097]",1,1
910,[0.62940038 0.68594898],196,9,"[0.6237322255940398, 0.691218295634155]",1,1
911,[0.3181881 0.8791424],59,50,"[0.29667857144249377, 0.8345152778008239]",1,1
912,[0.19225866 0.9160952 ],148,72,"[0.18904620398481445, 0.9220111924649841]",1,1
913,[0.92826156 0.32039074],136,69,"[0.9398939947511951, 0.29612608103779026]",1,1
914,[0.49916525 0.29709355],108,37,"[0.4742877481709292, 0.30216247075087144]",1,1
915,[0.19952234 0.72757448],74,17,"[0.2301371138388829, 0.7641408618065034]",1,1
916,[0.69155795 0.40393488],171,56,"[0.6640454435692837, 0.40975943744606363]",1,1
917,[0.27385174 0.16420953],13,16,"[0.3118611029117372, 0.16376536784672374]",1,1
918,[0.3763289  0.58410622],36,6,"[0.38020019936110105, 0.5471383970348426]",1,1
919,[0.84863233 0.17650915],142,41,"[0.8811059389260741, 0.1550758676468474]",1,1
920,[0.34095718 0.27030532],94,10,"[0.37148333417120694, 0.24944416389451668]",1,1
921,[0.4884952  0.26997621],12,48,"[0.4719943011809362, 0.24797208799352313]",1,1
922,[0.20845885 0.5723495 ],53,20,"[0.1717337679288845, 0.5885766110632076]",1,1
923,[0.26739206 0.19458549],1,67,"[0.2303196628900867, 0.16815252029208325]",1,1
924,[0.56290737 0.57303716],45,21,"[0.6071074116231209, 0.5636185288991872]",1,1
925,[0.24163751 0.92901895],148,55,"[0.2917188678005603, 0.9231802051410408]",1,1
926,[0.7987981  0.62959382],98,5,"[0.7953608639286782, 0.6168187233126206]",1,1
927,[0.81475306 0.13784298],107,35,"[0.780526480219433, 0.11540271609719346]",1,1
928,[0.26955149 0.63764093],74,1,"[0.22107066897961347, 0.6696810677158016]",1,1
929,[0.17436878 0.62500313],29,20,"[0.1717337679288845, 0.5885766110632076]",1,1
930,[0.86549455 0.7473072 ],46,24,"[0.8630035068407299, 0.7673481734339227]",1,1
931,[0.31313318 0.34979532],155,3,"[0.3235063266336871, 0.33461183714880355]",1,1
932,[0.63763824 0.46262968],64,40,"[0.6712909514990475, 0.4941280455086865]",1,1
933,[0.76766937 0.68152355],61,0,"[0.7784741994701768, 0.7044037617777907]",1,1
934,[0.69346788 0.6532346 ],2,14,"[0.7089724740211081, 0.6544231342208713]",1,1
935,[0.3334798 0.855648 ],59,58,"[0.3708417752060759, 0.8634429047703029]",1,1
936,[0.86634867 0.64307642],21,12,"[0.8826700999759639, 0.6305318364576185]",1,1
937,[0.89155287 0.74447944],123,24,"[0.8630035068407299, 0.7673481734339227]",1,1
938,[0.29641328 0.91542746],97,55,"[0.2917188678005603, 0.9231802051410408]",1,1
939,[0.22330531 0.11020585],1,67,"[0.2303196628900867, 0.16815252029208325]",-1,1
940,[0.52555432 0.4950394 ],93,2,"[0.5024518205038305, 0.49951185862123093]",1,1
941,[0.11937408 0.86162047],62,61,"[0.1366641747948544, 0.8402144938031204]",1,1
942,[0.77983644 0.79620159],6,11,"[0.7510727793684858, 0.795366838735144]",1,1
943,[0.26965544 0.80719355],144,50,"[0.29667857144249377, 0.8345152778008239]",1,1
944,[0.73296365 0.81692543],120,11,"[0.7510727793684858, 0.795366838735144]",1,1
945,[0.78248408 0.62920368],38,5,"[0.7953608639286782, 0.6168187233126206]",1,1
946,[0.53792637 0.17618946],199,57,"[0.5007238497755069, 0.18419059182843656]",1,1
947,[0.97708931 0.78887288],83,66,"[0.9324553465657046, 0.776828950057317]",-1,-1
948,[0.41801891 0.5601838 ],42,6,"[0.38020019936110105, 0.5471383970348426]",1,1
949,[0.51704529 0.33599028],77,42,"[0.5458733080394841, 0.3412829147526549]",1,1
950,[0.54324612 0.92119695],44,54,"[0.5854097349506691, 0.9100485852722844]",-1,1
951,[0.57719471 0.56872605],55,21,"[0.6071074116231209, 0.5636185288991872]",1,1
952,[0.7891759  0.90658129],34,63,"[0.7485130939001671, 0.8884344269576973]",1,1
953,[0.5792152  0.71555853],8,9,"[0.6237322255940398, 0.691218295634155]",1,1
954,[0.587022   0.38621795],50,31,"[0.5400240804927454, 0.40738252741516584]",1,1
955,[0.58890105 0.6445854 ],147,9,"[0.6237322255940398, 0.691218295634155]",1,1
956,[0.48713339 0.2387813 ],194,48,"[0.4719943011809362, 0.24797208799352313]",1,1
957,[0.39422263 0.74380008],174,43,"[0.3592602182165555, 0.7644137140830715]",1,1
958,[0.28281109 0.6432688 ],96,1,"[0.22107066897961347, 0.6696810677158016]",1,1
959,[0.51750594 0.78485605],54,4,"[0.5052410750336451, 0.7829018354278361]",1,1
960,[0.19467055 0.57483297],29,20,"[0.1717337679288845, 0.5885766110632076]",1,1
961,[0.79800594 0.68386916],109,0,"[0.7784741994701768, 0.7044037617777907]",1,1
962,[0.76762359 0.82141283],130,11,"[0.7510727793684858, 0.795366838735144]",1,1
963,[0.2093654  0.58605518],88,20,"[0.1717337679288845, 0.5885766110632076]",1,1
964,[0.8746918  0.65442303],168,12,"[0.8826700999759639, 0.6305318364576185]",1,1
965,[0.76610657 0.22997024],142,22,"[0.7950622556492479, 0.20331332723623463]",1,1
966,[0.6417756  0.25834637],16,26,"[0.6730727758719734, 0.27841316675861794]",1,1
967,[0.74368089 0.48118307],50,19,"[0.7663667848930258, 0.4930311606592395]",1,1
968,[0.59708157 0.16224582],84,15,"[0.6138854682707487, 0.21644294068373804]",1,1
969,[0.30817746 0.85333085],82,50,"[0.29667857144249377, 0.8345152778008239]",1,1
970,[0.57670732 0.14878039],92,65,"[0.5719316689049251, 0.10395756489089053]",1,1
971,[0.75084713 0.72788929],134,0,"[0.7784741994701768, 0.7044037617777907]",1,1
972,[0.7549408  0.10589095],25,35,"[0.780526480219433, 0.11540271609719346]",1,1
973,[0.441662   0.28837756],9,37,"[0.4742877481709292, 0.30216247075087144]",1,1
974,[0.32386344 0.32369642],180,3,"[0.3235063266336871, 0.33461183714880355]",1,1
975,[0.19131276 0.45525174],188,34,"[0.19218812574091887, 0.5012881346267127]",1,1
976,[0.2612722  0.63932139],177,1,"[0.22107066897961347, 0.6696810677158016]",1,1
977,[0.9187126  0.46273366],193,77,"[0.9284253959436438, 0.4561275365969756]",1,1
978,[0.88295828 0.59408429],99,12,"[0.8826700999759639, 0.6305318364576185]",1,1
979,[0.76581839 0.83282076],154,11,"[0.7510727793684858, 0.795366838735144]",1,1
980,[0.67249504 0.40424697],125,56,"[0.6640454435692837, 0.40975943744606363]",1,1
981,[0.47132661 0.62197266],68,33,"[0.45588344999420904, 0.6028673308001649]",1,1
982,[0.35622525 0.78203258],15,43,"[0.3592602182165555, 0.7644137140830715]",1,1
983,[0.62577562 0.63711809],76,9,"[0.6237322255940398, 0.691218295634155]",1,1
984,[0.4342235  0.69680507],165,74,"[0.4152783020134458, 0.6862696487922317]",1,1
985,[0.38850758 0.48398143],119,45,"[0.3605270625168716, 0.45007103122278613]",1,1
986,[0.87383179 0.53346108],95,23,"[0.8570433086046203, 0.534073720737162]",1,1
987,[0.12094373 0.54786572],29,20,"[0.1717337679288845, 0.5885766110632076]",-1,1
988,[0.38239593 0.21074061],71,10,"[0.37148333417120694, 0.24944416389451668]",1,1
989,[0.24996511 0.75691144],114,17,"[0.2301371138388829, 0.7641408618065034]",1,1
990,[0.7070598  0.73417774],24,75,"[0.6962893136043324, 0.7602055829908452]",1,1
991,[0.40090744 0.20715265],105,53,"[0.41694185455227084, 0.18169954357352067]",1,1
992,[0.47923761 0.282695  ],85,37,"[0.4742877481709292, 0.30216247075087144]",1,1
993,[0.39251556 0.70436031],137,74,"[0.4152783020134458, 0.6862696487922317]",1,1
994,[0.38958523 0.25589061],85,10,"[0.37148333417120694, 0.24944416389451668]",1,1
995,[0.79077901 0.71995107],73,0,"[0.7784741994701768, 0.7044037617777907]",1,1
996,[0.38395863 0.69068809],174,74,"[0.4152783020134458, 0.6862696487922317]",1,1
997,[0.36201621 0.87731352],198,58,"[0.3708417752060759, 0.8634429047703029]",1,1
998,[0.38613831 0.29730716],12,10,"[0.37148333417120694, 0.24944416389451668]",1,1
999,[0.31860349 0.33102894],166,3,"[0.3235063266336871, 0.33461183714880355]",1,1
1000,[0.45038719 0.36269705],170,8,"[0.41618301347274045, 0.3596744592461682]",1,1
1001,[0.8171643 0.8605192],154,60,"[0.8244781957938515, 0.8278967352544853]",1,1
1002,[0.6530811  0.47695559],125,40,"[0.6712909514990475, 0.4941280455086865]",1,1
1003,[0.85141038 0.59588875],99,12,"[0.8826700999759639, 0.6305318364576185]",1,1
1004,[0.37586637 0.40343252],116,45,"[0.3605270625168716, 0.45007103122278613]",1,1
1005,[0.77162675 0.85183327],34,63,"[0.7485130939001671, 0.8884344269576973]",1,1
1006,[0.75433866 0.24819226],25,47,"[0.7217953413945598, 0.22822029411039213]",1,1
1007,[0.5435017  0.24369508],47,46,"[0.5424312759978817, 0.248726341237992]",1,1
1008,[0.32026662 0.44422669],182,45,"[0.3605270625168716, 0.45007103122278613]",1,1
1009,[0.261834   0.79560715],97,17,"[0.2301371138388829, 0.7641408618065034]",1,1
1010,[0.38102632 0.78215498],11,43,"[0.3592602182165555, 0.7644137140830715]",1,1
1011,[0.35418863 0.77162619],78,43,"[0.3592602182165555, 0.7644137140830715]",1,1
1012,[0.34924378 0.92550986],198,55,"[0.2917188678005603, 0.9231802051410408]",1,1
1013,[0.60276639 0.2549371 ],58,15,"[0.6138854682707487, 0.21644294068373804]",1,1
1014,[0.76976488 0.37133074],52,30,"[0.7580695843089157, 0.3935081918113686]",1,1
1015,[0.87726327 0.57718024],158,23,"[0.8570433086046203, 0.534073720737162]",1,1
1016,[0.70673722 0.50580197],45,40,"[0.6712909514990475, 0.4941280455086865]",1,1
1017,[0.79398833 0.88878205],154,63,"[0.7485130939001671, 0.8884344269576973]",1,1
1018,[0.51202998 0.80518705],126,4,"[0.5052410750336451, 0.7829018354278361]",1,1
1019,[0.45443968 0.77311088],198,44,"[0.44435344520974984, 0.7488209266773118]",1,1
1020,[0.22856545 0.68508871],160,1,"[0.22107066897961347, 0.6696810677158016]",1,1
1021,[0.39696162 0.9174082 ],59,58,"[0.3708417752060759, 0.8634429047703029]",-1,-1
1022,[0.79039252 0.7422791 ],48,0,"[0.7784741994701768, 0.7044037617777907]",1,1
1023,[0.5457101 0.6363271],196,18,"[0.5381496370992983, 0.6131391883699626]",1,1
1024,[0.52698983 0.59455205],8,18,"[0.5381496370992983, 0.6131391883699626]",1,1
1025,[0.6529037  0.27387246],178,26,"[0.6730727758719734, 0.27841316675861794]",1,1
1026,[0.11365607 0.51983639],188,78,"[0.1167290328178235, 0.4552106416488145]",-1,-1
1027,[0.57223155 0.84875969],112,36,"[0.5829771432189808, 0.8169033099012556]",1,1
1028,[0.55190935 0.25413837],17,46,"[0.5424312759978817, 0.248726341237992]",1,1
1029,[0.46579043 0.6665779 ],159,52,"[0.5116200764966654, 0.6865858576040635]",1,1
1030,[0.89907808 0.67549685],141,51,"[0.8972177726939611, 0.6913263156754771]",1,1
1031,[0.78574887 0.86852167],49,63,"[0.7485130939001671, 0.8884344269576973]",1,1
1032,[0.82266673 0.19192963],5,22,"[0.7950622556492479, 0.20331332723623463]",1,1
1033,[0.24939541 0.20386243],1,67,"[0.2303196628900867, 0.16815252029208325]",1,1
1034,[0.34398651 0.62290443],70,13,"[0.36241232974600557, 0.6309844493278076]",1,1
1035,[0.53693297 0.36059528],181,42,"[0.5458733080394841, 0.3412829147526549]",1,1
1036,[0.16429835 0.66192988],7,68,"[0.11152887350079589, 0.6745036796864589]",1,1
1037,[0.62284995 0.56829281],3,21,"[0.6071074116231209, 0.5636185288991872]",1,1
1038,[0.76887751 0.55104352],162,19,"[0.7663667848930258, 0.4930311606592395]",1,1
1039,[0.87679524 0.79726332],129,24,"[0.8630035068407299, 0.7673481734339227]",1,1
1040,[0.16094066 0.62282695],29,20,"[0.1717337679288845, 0.5885766110632076]",1,1
1041,[0.92153326 0.32847879],136,69,"[0.9398939947511951, 0.29612608103779026]",1,1
1042,[0.42626925 0.63361664],161,33,"[0.45588344999420904, 0.6028673308001649]",1,1
1043,[0.43938344 0.42844937],26,7,"[0.4273546659005931, 0.4269260364999135]",1,1
1044,[0.63978779 0.71919602],61,9,"[0.6237322255940398, 0.691218295634155]",1,1
1045,[0.6103476  0.40129095],152,56,"[0.6640454435692837, 0.40975943744606363]",1,1
1046,[0.69056991 0.76211892],24,75,"[0.6962893136043324, 0.7602055829908452]",1,1
1047,[0.8234072  0.79695004],34,60,"[0.8244781957938515, 0.8278967352544853]",1,1
1048,[0.18186726 0.56513426],7,20,"[0.1717337679288845, 0.5885766110632076]",1,1
1049,[0.36907388 0.3752401 ],180,8,"[0.41618301347274045, 0.3596744592461682]",1,1
1050,[0.60010065 0.82133105],112,36,"[0.5829771432189808, 0.8169033099012556]",1,1
1051,[0.40442602 0.44369259],42,7,"[0.4273546659005931, 0.4269260364999135]",1,1
1052,[0.13493932 0.84258787],157,61,"[0.1366641747948544, 0.8402144938031204]",1,1
1053,[0.80443982 0.22984555],23,22,"[0.7950622556492479, 0.20331332723623463]",1,1
1054,[0.49075381 0.18534643],199,57,"[0.5007238497755069, 0.18419059182843656]",1,1
1055,[0.20226535 0.63314413],113,1,"[0.22107066897961347, 0.6696810677158016]",1,1
1056,[0.28632582 0.33557836],155,3,"[0.3235063266336871, 0.33461183714880355]",1,1
1057,[0.39587341 0.58992323],88,6,"[0.38020019936110105, 0.5471383970348426]",1,1
1058,[0.43793755 0.3769943 ],170,8,"[0.41618301347274045, 0.3596744592461682]",1,1
1059,[0.65168976 0.26592917],186,26,"[0.6730727758719734, 0.27841316675861794]",1,1
1060,[0.4683963  0.44166755],55,7,"[0.4273546659005931, 0.4269260364999135]",1,1
1061,[0.76892511 0.24337393],43,22,"[0.7950622556492479, 0.20331332723623463]",1,1
1062,[0.81205753 0.17392472],32,22,"[0.7950622556492479, 0.20331332723623463]",1,1
1063,[0.58823166 0.26092811],185,46,"[0.5424312759978817, 0.248726341237992]",1,1
1064,[0.23632184 0.88262481],67,39,"[0.2236751500022769, 0.8584516816699893]",1,1
1065,[0.70759536 0.21065606],18,47,"[0.7217953413945598, 0.22822029411039213]",1,1
1066,[0.69622066 0.88118974],120,63,"[0.7485130939001671, 0.8884344269576973]",1,1
1067,[0.33898439 0.28526039],146,10,"[0.37148333417120694, 0.24944416389451668]",1,1
1068,[0.39719201 0.29600457],12,10,"[0.37148333417120694, 0.24944416389451668]",1,1
1069,[0.38510766 0.19935671],127,53,"[0.41694185455227084, 0.18169954357352067]",1,1
1070,[0.23479046 0.17642217],1,67,"[0.2303196628900867, 0.16815252029208325]",1,1
1071,[0.14875632 0.57987128],124,20,"[0.1717337679288845, 0.5885766110632076]",1,1
1072,[0.25747954 0.64596967],110,1,"[0.22107066897961347, 0.6696810677158016]",1,1
1073,[0.27568874 0.87927427],172,55,"[0.2917188678005603, 0.9231802051410408]",1,1
1074,[0.76965012 0.7006837 ],38,0,"[0.7784741994701768, 0.7044037617777907]",1,1
1075,[0.2096316  0.78450389],62,17,"[0.2301371138388829, 0.7641408618065034]",1,1
1076,[0.25629617 0.59725905],96,27,"[0.28875970053393035, 0.5705248622388029]",1,1
1077,[0.16554226 0.47547147],53,34,"[0.19218812574091887, 0.5012881346267127]",1,1
1078,[0.25475554 0.77384197],15,17,"[0.2301371138388829, 0.7641408618065034]",1,1
1079,[0.8630065  0.33891017],193,49,"[0.8685967165987339, 0.3128684582162342]",1,1
1080,[0.11705972 0.57355347],29,20,"[0.1717337679288845, 0.5885766110632076]",-1,1
1081,[0.85317049 0.62415056],153,12,"[0.8826700999759639, 0.6305318364576185]",1,1
1082,[0.19621901 0.64179955],29,1,"[0.22107066897961347, 0.6696810677158016]",1,1
1083,[0.44169783 0.89310494],54,29,"[0.4641600933288023, 0.8713464558759588]",1,1
1084,[0.28036248 0.22544244],146,62,"[0.2334814196640526, 0.25309871642198517]",1,1
1085,[0.27630508 0.8946715 ],157,55,"[0.2917188678005603, 0.9231802051410408]",1,1
1086,[0.25651638 0.82155233],28,50,"[0.29667857144249377, 0.8345152778008239]",1,1
1087,[0.67810258 0.27860862],18,26,"[0.6730727758719734, 0.27841316675861794]",1,1
1088,[0.22363769 0.79200083],144,17,"[0.2301371138388829, 0.7641408618065034]",1,1
1089,[0.51109548 0.74091453],87,4,"[0.5052410750336451, 0.7829018354278361]",1,1
1090,[0.56490339 0.40449076],64,31,"[0.5400240804927454, 0.40738252741516584]",1,1
1091,[0.71082695 0.50714041],50,40,"[0.6712909514990475, 0.4941280455086865]",1,1
1092,[0.77123264 0.15113893],25,35,"[0.780526480219433, 0.11540271609719346]",1,1
1093,[0.30746716 0.14512324],169,16,"[0.3118611029117372, 0.16376536784672374]",1,1
1094,[0.21768901 0.6441795 ],29,1,"[0.22107066897961347, 0.6696810677158016]",1,1
1095,[0.30964971 0.21528389],35,16,"[0.3118611029117372, 0.16376536784672374]",1,1
1096,[0.7001172  0.65505264],98,14,"[0.7089724740211081, 0.6544231342208713]",1,1
1097,[0.63013994 0.14812198],186,59,"[0.6775945840331598, 0.15311654344306497]",1,1
1098,[0.41782705 0.40028016],93,7,"[0.4273546659005931, 0.4269260364999135]",1,1
1099,[0.4214136  0.73141163],56,44,"[0.44435344520974984, 0.7488209266773118]",1,1
1100,[0.81628477 0.38915863],173,38,"[0.8539290645900048, 0.4213018254875398]",1,1
1101,[0.57605672 0.14175815],16,65,"[0.5719316689049251, 0.10395756489089053]",1,1
1102,[0.5955749  0.09379383],92,65,"[0.5719316689049251, 0.10395756489089053]",-1,-1
1103,[0.75917627 0.84083035],24,11,"[0.7510727793684858, 0.795366838735144]",1,1
1104,[0.76085041 0.61674237],38,5,"[0.7953608639286782, 0.6168187233126206]",1,1
1105,[0.43726791 0.49094183],167,7,"[0.4273546659005931, 0.4269260364999135]",1,1
1106,[0.45993752 0.73249952],19,44,"[0.44435344520974984, 0.7488209266773118]",1,1
1107,[0.38866426 0.85597141],59,58,"[0.3708417752060759, 0.8634429047703029]",1,1
1108,[0.5607651  0.70247001],128,52,"[0.5116200764966654, 0.6865858576040635]",1,1
1109,[0.50363282 0.5425742 ],90,2,"[0.5024518205038305, 0.49951185862123093]",1,1
1110,[0.16588293 0.29596455],75,64,"[0.1458200046247581, 0.29929120028358097]",1,1
1111,[0.30939543 0.56950224],88,27,"[0.28875970053393035, 0.5705248622388029]",1,1
1112,[0.4368768  0.34849002],181,8,"[0.41618301347274045, 0.3596744592461682]",1,1
1113,[0.67392759 0.40664257],14,56,"[0.6640454435692837, 0.40975943744606363]",1,1
1114,[0.269006   0.38092478],166,32,"[0.26968485572316336, 0.43373699024705276]",1,1
1115,[0.12790298 0.78046947],140,61,"[0.1366641747948544, 0.8402144938031204]",-1,-1
1116,[0.66262413 0.17953759],186,59,"[0.6775945840331598, 0.15311654344306497]",1,1
1117,[0.09417848 0.49532879],188,78,"[0.1167290328178235, 0.4552106416488145]",-1,-1
1118,[0.35650429 0.40457485],180,45,"[0.3605270625168716, 0.45007103122278613]",1,1
1119,[0.35715611 0.8163457 ],82,58,"[0.3708417752060759, 0.8634429047703029]",1,1
1120,[0.50111407 0.02046335],197,-1,-1,-1,-1
1121,[0.70768177 0.75820021],24,75,"[0.6962893136043324, 0.7602055829908452]",1,1
1122,[0.84956594 0.207292  ],5,76,"[0.8843661724411644, 0.2266254496800724]",1,1
1123,[0.29022385 0.26685606],146,62,"[0.2334814196640526, 0.25309871642198517]",1,1
1124,[0.15780543 0.86261222],62,61,"[0.1366641747948544, 0.8402144938031204]",1,1
1125,[0.28406678 0.19501879],169,16,"[0.3118611029117372, 0.16376536784672374]",1,1
1126,[0.13981728 0.45010768],179,78,"[0.1167290328178235, 0.4552106416488145]",1,1
1127,[0.38466784 0.85447569],15,58,"[0.3708417752060759, 0.8634429047703029]",1,1
1128,[0.94115822 0.26005913],57,69,"[0.9398939947511951, 0.29612608103779026]",-1,1
1129,[0.35821374 0.49972835],0,45,"[0.3605270625168716, 0.45007103122278613]",1,1
1130,[0.20820112 0.60782563],96,20,"[0.1717337679288845, 0.5885766110632076]",1,1
1131,[0.52870231 0.82908124],100,4,"[0.5052410750336451, 0.7829018354278361]",1,1
1132,[0.76783344 0.50373879],121,19,"[0.7663667848930258, 0.4930311606592395]",1,1
1133,[0.61477307 0.81430236],126,36,"[0.5829771432189808, 0.8169033099012556]",1,1
1134,[0.40171247 0.40840706],166,7,"[0.4273546659005931, 0.4269260364999135]",1,1
1135,[0.25797446 0.49437387],179,32,"[0.26968485572316336, 0.43373699024705276]",1,1
1136,[0.48906401 0.78967349],11,4,"[0.5052410750336451, 0.7829018354278361]",1,1
1137,[0.7772224  0.12758841],107,35,"[0.780526480219433, 0.11540271609719346]",1,1
1138,[0.40526935 0.50564124],0,6,"[0.38020019936110105, 0.5471383970348426]",1,1
1139,[0.15596245 0.30229838],75,64,"[0.1458200046247581, 0.29929120028358097]",1,1
1140,[0.33526783 0.50645154],167,6,"[0.38020019936110105, 0.5471383970348426]",1,1
1141,[0.43073538 0.35450675],131,8,"[0.41618301347274045, 0.3596744592461682]",1,1
1142,[0.22292071 0.52238959],179,34,"[0.19218812574091887, 0.5012881346267127]",1,1
1143,[0.46412719 0.5899594 ],55,33,"[0.45588344999420904, 0.6028673308001649]",1,1
1144,[0.50898969 0.5823415 ],128,18,"[0.5381496370992983, 0.6131391883699626]",1,1
1145,[0.0721765 0.88058  ],148,-1,-1,-1,-1
1146,[0.55507884 0.91162007],44,54,"[0.5854097349506691, 0.9100485852722844]",1,1
1147,[0.51447418 0.47516643],93,2,"[0.5024518205038305, 0.49951185862123093]",1,1
1148,[0.43383496 0.34957595],184,8,"[0.41618301347274045, 0.3596744592461682]",1,1
1149,[0.83164927 0.5043695 ],192,23,"[0.8570433086046203, 0.534073720737162]",1,1
1150,[0.59951529 0.22145999],185,15,"[0.6138854682707487, 0.21644294068373804]",1,1
1151,[0.54118092 0.32662184],199,42,"[0.5458733080394841, 0.3412829147526549]",1,1
1152,[0.42905582 0.43321304],167,7,"[0.4273546659005931, 0.4269260364999135]",1,1
1153,[0.18990753 0.71505726],160,1,"[0.22107066897961347, 0.6696810677158016]",1,1
1154,[0.17645573 0.59261028],124,20,"[0.1717337679288845, 0.5885766110632076]",1,1
1155,[0.75340353 0.79486108],150,11,"[0.7510727793684858, 0.795366838735144]",1,1
1156,[0.79585214 0.71099074],38,0,"[0.7784741994701768, 0.7044037617777907]",1,1
1157,[0.86057067 0.8565576 ],154,73,"[0.8950731705513539, 0.8851881641737208]",1,1
1158,[0.85869422 0.61076827],162,12,"[0.8826700999759639, 0.6305318364576185]",1,1
1159,[0.72761505 0.53656577],50,19,"[0.7663667848930258, 0.4930311606592395]",1,1
1160,[0.77652303 0.71980264],123,0,"[0.7784741994701768, 0.7044037617777907]",1,1
1161,[0.26193262 0.67504668],149,1,"[0.22107066897961347, 0.6696810677158016]",1,1
1162,[0.78375657 0.4964412 ],39,19,"[0.7663667848930258, 0.4930311606592395]",1,1
1163,[0.89256533 0.19241145],57,76,"[0.8843661724411644, 0.2266254496800724]",1,1
1164,[0.43432189 0.33386844],108,8,"[0.41618301347274045, 0.3596744592461682]",1,1
1165,[0.4063155  0.71146565],149,74,"[0.4152783020134458, 0.6862696487922317]",1,1
1166,[0.83125074 0.44353895],121,38,"[0.8539290645900048, 0.4213018254875398]",1,1
1167,[0.32583316 0.89618902],144,55,"[0.2917188678005603, 0.9231802051410408]",1,1
1168,[0.22546592 0.90722087],148,72,"[0.18904620398481445, 0.9220111924649841]",1,1
1169,[0.1498879  0.91874968],28,72,"[0.18904620398481445, 0.9220111924649841]",-1,1
1170,[0.52006978 0.81162822],87,4,"[0.5052410750336451, 0.7829018354278361]",1,1
1171,[0.70921941 0.68468915],61,14,"[0.7089724740211081, 0.6544231342208713]",1,1
1172,[0.32643339 0.82171375],19,50,"[0.29667857144249377, 0.8345152778008239]",1,1
1173,[0.59676435 0.25230526],43,15,"[0.6138854682707487, 0.21644294068373804]",1,1
1174,[0.47307592 0.18706559],194,57,"[0.5007238497755069, 0.18419059182843656]",1,1
1175,[0.46582722 0.23666829],194,48,"[0.4719943011809362, 0.24797208799352313]",1,1
1176,[0.81583558 0.16181137],32,22,"[0.7950622556492479, 0.20331332723623463]",1,1
1177,[0.51146385 0.25273685],84,46,"[0.5424312759978817, 0.248726341237992]",1,1
1178,[0.47426282 0.72032532],11,44,"[0.44435344520974984, 0.7488209266773118]",1,1
1179,[0.52059961 0.415571  ],152,31,"[0.5400240804927454, 0.40738252741516584]",1,1
1180,[0.22851696 0.17583827],13,67,"[0.2303196628900867, 0.16815252029208325]",1,1
1181,[0.81722425 0.79442256],129,60,"[0.8244781957938515, 0.8278967352544853]",1,1
1182,[0.38078412 0.42494607],184,45,"[0.3605270625168716, 0.45007103122278613]",1,1
1183,[0.77318225 0.15394765],25,35,"[0.780526480219433, 0.11540271609719346]",1,1
1184,[0.48339627 0.26048035],9,48,"[0.4719943011809362, 0.24797208799352313]",1,1
1185,[0.68222179 0.77340724],49,75,"[0.6962893136043324, 0.7602055829908452]",1,1
1186,[0.946595   0.28976686],117,69,"[0.9398939947511951, 0.29612608103779026]",1,1
1187,[0.8656004  0.68333203],168,51,"[0.8972177726939611, 0.6913263156754771]",1,1
1188,[0.28677133 0.61972569],160,27,"[0.28875970053393035, 0.5705248622388029]",1,1
1189,[0.49511482 0.45661174],77,2,"[0.5024518205038305, 0.49951185862123093]",1,1
1190,[0.87584376 0.88420137],6,73,"[0.8950731705513539, 0.8851881641737208]",1,1
1191,[0.76710249 0.21866756],41,22,"[0.7950622556492479, 0.20331332723623463]",1,1
1192,[0.90364054 0.70729264],46,51,"[0.8972177726939611, 0.6913263156754771]",1,1
1193,[0.67950108 0.78809299],49,75,"[0.6962893136043324, 0.7602055829908452]",1,1
1194,[0.55575159 0.21647755],186,46,"[0.5424312759978817, 0.248726341237992]",1,1
1195,[0.88991493 0.36777269],65,49,"[0.8685967165987339, 0.3128684582162342]",1,1
1196,[0.56195861 0.81680696],100,36,"[0.5829771432189808, 0.8169033099012556]",1,1
1197,[0.70488218 0.65034549],22,14,"[0.7089724740211081, 0.6544231342208713]",1,1
1198,[0.53507897 0.27604399],108,46,"[0.5424312759978817, 0.248726341237992]",1,1
1199,[0.71510394 0.37469556],171,30,"[0.7580695843089157, 0.3935081918113686]",1,1
1200,[0.8108055  0.65470026],123,5,"[0.7953608639286782, 0.6168187233126206]",1,1
1201,[0.90946872 0.40455235],193,77,"[0.9284253959436438, 0.4561275365969756]",1,1
1202,[0.51652915 0.46019875],189,2,"[0.5024518205038305, 0.49951185862123093]",1,1
1203,[0.83994612 0.48618186],158,23,"[0.8570433086046203, 0.534073720737162]",1,1
1204,[0.68818554 0.33913897],14,26,"[0.6730727758719734, 0.27841316675861794]",1,1
1205,[0.26057938 0.48060421],182,32,"[0.26968485572316336, 0.43373699024705276]",1,1
1206,[0.72548964 0.73871831],33,75,"[0.6962893136043324, 0.7602055829908452]",1,1
1207,[0.5158172  0.19658264],47,57,"[0.5007238497755069, 0.18419059182843656]",1,1
1208,[0.62082274 0.02025055],92,-1,-1,-1,-1
1209,[0.88807343 0.54870443],99,23,"[0.8570433086046203, 0.534073720737162]",1,1
1210,[0.31058381 0.57881933],174,27,"[0.28875970053393035, 0.5705248622388029]",1,1
1211,[0.74748532 0.70406783],175,0,"[0.7784741994701768, 0.7044037617777907]",1,1
1212,[0.85336178 0.70499798],141,51,"[0.8972177726939611, 0.6913263156754771]",1,1
1213,[0.74572579 0.71066056],175,0,"[0.7784741994701768, 0.7044037617777907]",1,1
1214,[0.67414884 0.77062877],49,75,"[0.6962893136043324, 0.7602055829908452]",1,1
1215,[0.60217495 0.0540293 ],16,65,"[0.5719316689049251, 0.10395756489089053]",-1,-1
1216,[0.43535665 0.84846838],191,29,"[0.4641600933288023, 0.8713464558759588]",1,1
1217,[0.75342249 0.67301682],168,0,"[0.7784741994701768, 0.7044037617777907]",1,1
1218,[0.47356307 0.56408877],55,33,"[0.45588344999420904, 0.6028673308001649]",1,1
1219,[0.92312604 0.52692151],99,23,"[0.8570433086046203, 0.534073720737162]",-1,-1
1220,[0.21699337 0.65717538],7,1,"[0.22107066897961347, 0.6696810677158016]",1,1
1221,[0.8849388  0.52229633],158,23,"[0.8570433086046203, 0.534073720737162]",1,1
1222,[0.40150236 0.55485685],139,6,"[0.38020019936110105, 0.5471383970348426]",1,1
1223,[0.15393959 0.68185806],37,68,"[0.11152887350079589, 0.6745036796864589]",1,1
1224,[0.52992068 0.63610272],68,18,"[0.5381496370992983, 0.6131391883699626]",1,1
1225,[0.62750668 0.61845294],3,21,"[0.6071074116231209, 0.5636185288991872]",1,1
1226,[0.16960434 0.55185442],179,20,"[0.1717337679288845, 0.5885766110632076]",1,1
1227,[0.29678088 0.043338  ],13,-1,-1,-1,-1
1228,[0.52020983 0.40877975],170,31,"[0.5400240804927454, 0.40738252741516584]",1,1
1229,[0.33402945 0.18505039],105,16,"[0.3118611029117372, 0.16376536784672374]",1,1
1230,[0.62559955 0.56082359],3,21,"[0.6071074116231209, 0.5636185288991872]",1,1
1231,[0.67364448 0.61585428],2,28,"[0.6927507908564465, 0.5838673856131161]",1,1
1232,[0.56072898 0.7877643 ],44,36,"[0.5829771432189808, 0.8169033099012556]",1,1
1233,[0.77854048 0.35110184],173,70,"[0.7708431382552172, 0.3173198884189297]",1,1
1234,[0.31210394 0.68745868],63,25,"[0.30430520632062763, 0.7138690601951425]",1,1
1235,[0.82777013 0.77180122],103,24,"[0.8630035068407299, 0.7673481734339227]",1,1
1236,[0.59602145 0.60562529],8,21,"[0.6071074116231209, 0.5636185288991872]",1,1
1237,[0.63805767 0.56159185],61,21,"[0.6071074116231209, 0.5636185288991872]",1,1
1238,[0.72469234 0.82415732],24,11,"[0.7510727793684858, 0.795366838735144]",1,1
1239,[0.28687695 0.18887762],31,16,"[0.3118611029117372, 0.16376536784672374]",1,1
1240,[0.58062112 0.94857827],44,54,"[0.5854097349506691, 0.9100485852722844]",-1,-1
1241,[0.64077316 0.19966141],186,15,"[0.6138854682707487, 0.21644294068373804]",1,1
1242,[0.37351423 0.83016663],198,58,"[0.3708417752060759, 0.8634429047703029]",1,1
1243,[0.31067045 0.88661485],67,55,"[0.2917188678005603, 0.9231802051410408]",1,1
1244,[0.65153189 0.27722417],145,26,"[0.6730727758719734, 0.27841316675861794]",1,1
1245,[0.70283195 0.72501068],76,75,"[0.6962893136043324, 0.7602055829908452]",1,1
1246,[0.88189477 0.67683342],103,51,"[0.8972177726939611, 0.6913263156754771]",1,1
1247,[0.71449609 0.24410465],18,47,"[0.7217953413945598, 0.22822029411039213]",1,1
1248,[0.44799163 0.52097075],60,2,"[0.5024518205038305, 0.49951185862123093]",1,1
1249,[0.3341945  0.07493429],169,-1,-1,0,0
1250,[0.47176253 0.82142585],19,29,"[0.4641600933288023, 0.8713464558759588]",1,1
1251,[0.17047341 0.76665331],157,17,"[0.2301371138388829, 0.7641408618065034]",1,1
1252,[0.16510322 0.63743068],7,20,"[0.1717337679288845, 0.5885766110632076]",1,1
1253,[0.77314353 0.37430267],173,30,"[0.7580695843089157, 0.3935081918113686]",1,1
1254,[0.2158532  0.68957718],160,1,"[0.22107066897961347, 0.6696810677158016]",1,1
1255,[0.68555123 0.25450172],43,26,"[0.6730727758719734, 0.27841316675861794]",1,1
1256,[0.80935261 0.64108723],48,5,"[0.7953608639286782, 0.6168187233126206]",1,1
1257,[0.33747057 0.7739885 ],198,43,"[0.3592602182165555, 0.7644137140830715]",1,1
1258,[0.76900168 0.79851111],73,11,"[0.7510727793684858, 0.795366838735144]",1,1
1259,[0.52147943 0.65592539],81,52,"[0.5116200764966654, 0.6865858576040635]",1,1
1260,[0.56690885 0.88038607],30,54,"[0.5854097349506691, 0.9100485852722844]",1,1
1261,[0.85572019 0.64377678],48,12,"[0.8826700999759639, 0.6305318364576185]",1,1
1262,[0.46908838 0.80823394],11,4,"[0.5052410750336451, 0.7829018354278361]",1,1
1263,[0.51445632 0.35273391],181,42,"[0.5458733080394841, 0.3412829147526549]",1,1
1264,[0.49342094 0.21189364],17,57,"[0.5007238497755069, 0.18419059182843656]",1,1
1265,[0.09275579 0.23206173],156,-1,-1,-1,-1
1266,[0.45774405 0.21381474],199,48,"[0.4719943011809362, 0.24797208799352313]",1,1
1267,[0.78891314 0.1972097 ],89,22,"[0.7950622556492479, 0.20331332723623463]",1,1
1268,[0.86066546 0.61671362],21,12,"[0.8826700999759639, 0.6305318364576185]",1,1
1269,[0.82180992 0.245354  ],195,22,"[0.7950622556492479, 0.20331332723623463]",1,1
1270,[0.88200039 0.62131682],95,12,"[0.8826700999759639, 0.6305318364576185]",1,1
1271,[0.76303743 0.41774437],39,30,"[0.7580695843089157, 0.3935081918113686]",1,1
1272,[0.40673533 0.45149164],77,7,"[0.4273546659005931, 0.4269260364999135]",1,1
1273,[0.41400463 0.43035052],152,7,"[0.4273546659005931, 0.4269260364999135]",1,1
1274,[0.46587705 0.40452668],131,7,"[0.4273546659005931, 0.4269260364999135]",1,1
1275,[0.26756754 0.74799382],172,17,"[0.2301371138388829, 0.7641408618065034]",1,1
1276,[0.86274136 0.61304437],141,12,"[0.8826700999759639, 0.6305318364576185]",1,1
1277,[0.39668692 0.37583781],122,8,"[0.41618301347274045, 0.3596744592461682]",1,1
1278,[0.16872912 0.67609717],140,1,"[0.22107066897961347, 0.6696810677158016]",1,1
1279,[0.38638846 0.238037  ],197,10,"[0.37148333417120694, 0.24944416389451668]",1,1
1280,[0.43318917 0.1426723 ],194,53,"[0.41694185455227084, 0.18169954357352067]",-1,-1
1281,[0.90864817 0.79137453],6,66,"[0.9324553465657046, 0.776828950057317]",1,1
1282,[0.29734611 0.44309042],182,32,"[0.26968485572316336, 0.43373699024705276]",1,1
1283,[0.44022475 0.2757543 ],35,48,"[0.4719943011809362, 0.24797208799352313]",1,1
1284,[0.33791282 0.70514363],74,25,"[0.30430520632062763, 0.7138690601951425]",1,1
1285,[0.80170272 0.6957828 ],154,0,"[0.7784741994701768, 0.7044037617777907]",1,1
1286,[0.3255732  0.76315281],164,43,"[0.3592602182165555, 0.7644137140830715]",1,1
1287,[0.28946758 0.58240262],70,27,"[0.28875970053393035, 0.5705248622388029]",1,1
1288,[0.27188946 0.6071178 ],174,27,"[0.28875970053393035, 0.5705248622388029]",1,1
1289,[0.9303115  0.12479017],101,41,"[0.8811059389260741, 0.1550758676468474]",-1,-1
1290,[0.603893   0.16181052],178,15,"[0.6138854682707487, 0.21644294068373804]",1,1
1291,[0.708842   0.37537159],195,30,"[0.7580695843089157, 0.3935081918113686]",1,1
1292,[0.88191866 0.17258637],111,41,"[0.8811059389260741, 0.1550758676468474]",1,1
1293,[0.78245035 0.52407521],102,19,"[0.7663667848930258, 0.4930311606592395]",1,1
1294,[0.49781188 0.13099617],197,57,"[0.5007238497755069, 0.18419059182843656]",-1,-1
1295,[0.16357996 0.58770424],110,20,"[0.1717337679288845, 0.5885766110632076]",1,1
1296,[0.21508064 0.85661645],144,39,"[0.2236751500022769, 0.8584516816699893]",1,1
1297,[0.39887107 0.19944629],85,53,"[0.41694185455227084, 0.18169954357352067]",1,1
1298,[0.82169377 0.70997121],33,0,"[0.7784741994701768, 0.7044037617777907]",1,1
1299,[0.96160028 0.38589443],136,-1,-1,-1,-1
1300,[0.42446833 0.42734544],131,7,"[0.4273546659005931, 0.4269260364999135]",1,1
1301,[0.93801173 0.65765254],21,51,"[0.8972177726939611, 0.6913263156754771]",1,1
1302,[0.75481609 0.85212266],120,63,"[0.7485130939001671, 0.8884344269576973]",1,1
1303,[0.0695546  0.88253134],157,-1,-1,-1,-1
1304,[0.79141543 0.74904361],154,0,"[0.7784741994701768, 0.7044037617777907]",1,1
1305,[0.57558158 0.97699463],30,54,"[0.5854097349506691, 0.9100485852722844]",-1,-1
1306,[0.47039404 0.19736598],84,57,"[0.5007238497755069, 0.18419059182843656]",1,1
1307,[0.51505106 0.50799041],119,2,"[0.5024518205038305, 0.49951185862123093]",1,1
1308,[0.49749634 0.78658737],78,4,"[0.5052410750336451, 0.7829018354278361]",1,1
1309,[0.90967711 0.46652269],192,77,"[0.9284253959436438, 0.4561275365969756]",1,1
1310,[0.51082149 0.77448724],191,4,"[0.5052410750336451, 0.7829018354278361]",1,1
1311,[0.54401079 0.91777094],30,54,"[0.5854097349506691, 0.9100485852722844]",-1,1
1312,[0.46456513 0.81283724],54,4,"[0.5052410750336451, 0.7829018354278361]",1,1
1313,[0.72585532 0.2647405 ],142,47,"[0.7217953413945598, 0.22822029411039213]",1,1
1314,[0.71585566 0.14530155],111,59,"[0.6775945840331598, 0.15311654344306497]",1,1
1315,[0.46935357 0.39172119],116,7,"[0.4273546659005931, 0.4269260364999135]",1,1
1316,[0.56850015 0.26998152],47,46,"[0.5424312759978817, 0.248726341237992]",1,1
1317,[0.67733357 0.86409665],130,-1,-1,1,1
1318,[0.25555334 0.74469905],63,17,"[0.2301371138388829, 0.7641408618065034]",1,1
1319,[0.5427772  0.53024375],55,2,"[0.5024518205038305, 0.49951185862123093]",1,1
1320,[0.5093638 0.9128644],138,29,"[0.4641600933288023, 0.8713464558759588]",-1,-1
1321,[0.52282211 0.53463612],60,2,"[0.5024518205038305, 0.49951185862123093]",1,1
1322,[0.1055118  0.64070894],140,68,"[0.11152887350079589, 0.6745036796864589]",1,1
1323,[0.54637019 0.82654017],100,36,"[0.5829771432189808, 0.8169033099012556]",1,1
1324,[0.749862   0.76985956],49,11,"[0.7510727793684858, 0.795366838735144]",1,1
1325,[0.71748672 0.56406649],132,28,"[0.6927507908564465, 0.5838673856131161]",1,1
1326,[0.5280318  0.62778276],81,18,"[0.5381496370992983, 0.6131391883699626]",1,1
1327,[0.8677676  0.75179638],129,24,"[0.8630035068407299, 0.7673481734339227]",1,1
1328,[0.8711786  0.71258128],48,51,"[0.8972177726939611, 0.6913263156754771]",1,1
1329,[0.83048337 0.41140231],52,38,"[0.8539290645900048, 0.4213018254875398]",1,1
1330,[0.53015029 0.41095337],152,31,"[0.5400240804927454, 0.40738252741516584]",1,1
1331,[0.84764985 0.69066602],123,51,"[0.8972177726939611, 0.6913263156754771]",1,1
1332,[0.23082349 0.6462458 ],70,1,"[0.22107066897961347, 0.6696810677158016]",1,1
1333,[0.833884   0.83531838],6,60,"[0.8244781957938515, 0.8278967352544853]",1,1
1334,[0.26908016 0.41413639],115,32,"[0.26968485572316336, 0.43373699024705276]",1,1
1335,[0.58855126 0.67619836],68,9,"[0.6237322255940398, 0.691218295634155]",1,1
1336,[0.84405277 0.25637736],57,76,"[0.8843661724411644, 0.2266254496800724]",1,1
1337,[0.33949863 0.57937342],88,27,"[0.28875970053393035, 0.5705248622388029]",1,1
1338,[0.29401862 0.66574065],74,25,"[0.30430520632062763, 0.7138690601951425]",1,1
1339,[0.22181294 0.36669318],115,71,"[0.23157753674578868, 0.33441449604179047]",1,1
1340,[0.32924153 0.87751952],144,58,"[0.3708417752060759, 0.8634429047703029]",1,1
1341,[0.40819265 0.17368662],194,53,"[0.41694185455227084, 0.18169954357352067]",1,1
1342,[0.49139951 0.30423291],12,37,"[0.4742877481709292, 0.30216247075087144]",1,1
1343,[0.28736891 0.52098277],115,27,"[0.28875970053393035, 0.5705248622388029]",1,1
1344,[0.47198817 0.22429458],133,48,"[0.4719943011809362, 0.24797208799352313]",1,1
1345,[0.29966595 0.75752187],114,25,"[0.30430520632062763, 0.7138690601951425]",1,1
1346,[0.4734819  0.36450871],170,8,"[0.41618301347274045, 0.3596744592461682]",1,1
1347,[0.82146656 0.80727349],154,60,"[0.8244781957938515, 0.8278967352544853]",1,1
1348,[0.7085868  0.46606739],143,40,"[0.6712909514990475, 0.4941280455086865]",1,1
1349,[0.71632999 0.70250206],73,14,"[0.7089724740211081, 0.6544231342208713]",1,1
1350,[0.41020615 0.81835531],78,58,"[0.3708417752060759, 0.8634429047703029]",1,1
1351,[0.70410655 0.68697632],147,14,"[0.7089724740211081, 0.6544231342208713]",1,1
1352,[0.50236139 0.61280621],45,18,"[0.5381496370992983, 0.6131391883699626]",1,1
1353,[0.27311724 0.11107282],91,16,"[0.3118611029117372, 0.16376536784672374]",-1,1
1354,[0.38077746 0.43198769],131,45,"[0.3605270625168716, 0.45007103122278613]",1,1
1355,[0.15369303 0.65878663],110,68,"[0.11152887350079589, 0.6745036796864589]",1,1
1356,[0.28518305 0.91373808],97,55,"[0.2917188678005603, 0.9231802051410408]",1,1
1357,[0.40604497 0.43244579],122,7,"[0.4273546659005931, 0.4269260364999135]",1,1
1358,[0.37540029 0.54298624],139,6,"[0.38020019936110105, 0.5471383970348426]",1,1
1359,[0.42989103 0.69668266],118,74,"[0.4152783020134458, 0.6862696487922317]",1,1
1360,[0.79097308 0.12145   ],107,35,"[0.780526480219433, 0.11540271609719346]",1,1
1361,[0.11051297 0.88036836],148,61,"[0.1366641747948544, 0.8402144938031204]",-1,1
1362,[0.78820554 0.36328714],39,30,"[0.7580695843089157, 0.3935081918113686]",1,1
1363,[0.2269471  0.57021797],124,20,"[0.1717337679288845, 0.5885766110632076]",1,1
1364,[0.72512714 0.49442321],143,19,"[0.7663667848930258, 0.4930311606592395]",1,1
1365,[0.27606612 0.69624611],74,25,"[0.30430520632062763, 0.7138690601951425]",1,1
1366,[0.37404941 0.34704463],35,8,"[0.41618301347274045, 0.3596744592461682]",1,1
1367,[0.77650905 0.58593364],95,5,"[0.7953608639286782, 0.6168187233126206]",1,1
1368,[0.21505957 0.605564  ],160,20,"[0.1717337679288845, 0.5885766110632076]",1,1
1369,[0.54841735 0.67721453],128,52,"[0.5116200764966654, 0.6865858576040635]",1,1
1370,[0.22577247 0.33578885],4,71,"[0.23157753674578868, 0.33441449604179047]",1,1
1371,[0.72314983 0.12115721],18,59,"[0.6775945840331598, 0.15311654344306497]",1,1
1372,[0.90034179 0.25232271],136,76,"[0.8843661724411644, 0.2266254496800724]",1,1
1373,[0.80219324 0.5609717 ],106,5,"[0.7953608639286782, 0.6168187233126206]",1,1
1374,[0.17506899 0.33716173],40,64,"[0.1458200046247581, 0.29929120028358097]",1,1
1375,[0.84005351 0.7367872 ],46,24,"[0.8630035068407299, 0.7673481734339227]",1,1
1376,[0.58562552 0.5828665 ],8,21,"[0.6071074116231209, 0.5636185288991872]",1,1
1377,[0.38185966 0.70414105],165,74,"[0.4152783020134458, 0.6862696487922317]",1,1
1378,[0.50678551 0.25286039],16,48,"[0.4719943011809362, 0.24797208799352313]",1,1
1379,[0.64320093 0.22790299],185,15,"[0.6138854682707487, 0.21644294068373804]",1,1
1380,[0.76229121 0.2068237 ],20,22,"[0.7950622556492479, 0.20331332723623463]",1,1
1381,[0.48185071 0.25816173],135,48,"[0.4719943011809362, 0.24797208799352313]",1,1
1382,[0.68081089 0.57377411],64,28,"[0.6927507908564465, 0.5838673856131161]",1,1
1383,[0.74058618 0.45794185],171,19,"[0.7663667848930258, 0.4930311606592395]",1,1
1384,[0.46708799 0.47290831],189,2,"[0.5024518205038305, 0.49951185862123093]",1,1
1385,[0.53397305 0.58768112],196,18,"[0.5381496370992983, 0.6131391883699626]",1,1
1386,[0.50101784 0.19866912],84,57,"[0.5007238497755069, 0.18419059182843656]",1,1
1387,[0.7902241  0.24397954],89,22,"[0.7950622556492479, 0.20331332723623463]",1,1
1388,[0.4212154  0.43946944],0,7,"[0.4273546659005931, 0.4269260364999135]",1,1
1389,[0.25916337 0.71732327],183,25,"[0.30430520632062763, 0.7138690601951425]",1,1
1390,[0.31839641 0.28658994],146,3,"[0.3235063266336871, 0.33461183714880355]",1,1
1391,[0.46054438 0.83397173],79,29,"[0.4641600933288023, 0.8713464558759588]",1,1
1392,[0.2689439  0.88976741],28,55,"[0.2917188678005603, 0.9231802051410408]",1,1
1393,[0.57247304 0.19392867],43,15,"[0.6138854682707487, 0.21644294068373804]",1,1
1394,[0.48145945 0.71413546],161,52,"[0.5116200764966654, 0.6865858576040635]",1,1
1395,[0.18323934 0.50336333],53,34,"[0.19218812574091887, 0.5012881346267127]",1,1
1396,[0.31417013 0.36588894],180,3,"[0.3235063266336871, 0.33461183714880355]",1,1
1397,[0.79588744 0.78887708],38,11,"[0.7510727793684858, 0.795366838735144]",1,1
1398,[0.90038586 0.55171855],153,23,"[0.8570433086046203, 0.534073720737162]",1,1
1399,[0.77900397 0.75321204],73,0,"[0.7784741994701768, 0.7044037617777907]",1,1
1400,[0.56072916 0.44784378],27,31,"[0.5400240804927454, 0.40738252741516584]",-1,1
1401,[0.69276078 0.44895237],39,56,"[0.6640454435692837, 0.40975943744606363]",1,1
1402,[0.87708114 0.57771838],141,23,"[0.8570433086046203, 0.534073720737162]",1,1
1403,[0.38773192 0.62357532],174,13,"[0.36241232974600557, 0.6309844493278076]",1,1
1404,[0.51763816 0.46786545],152,2,"[0.5024518205038305, 0.49951185862123093]",1,1
1405,[0.81303647 0.68954507],103,0,"[0.7784741994701768, 0.7044037617777907]",1,1
1406,[0.49840458 0.50818272],27,2,"[0.5024518205038305, 0.49951185862123093]",1,1
1407,[0.49258152 0.4762209 ],26,2,"[0.5024518205038305, 0.49951185862123093]",1,1
1408,[0.19875617 0.7765493 ],137,17,"[0.2301371138388829, 0.7641408618065034]",1,1
1409,[0.49449116 0.33105218],135,37,"[0.4742877481709292, 0.30216247075087144]",1,1
1410,[0.34672139 0.7290827 ],63,43,"[0.3592602182165555, 0.7644137140830715]",1,1
1411,[0.53162706 0.8060396 ],100,4,"[0.5052410750336451, 0.7829018354278361]",1,1
1412,[0.74002816 0.18485769],142,47,"[0.7217953413945598, 0.22822029411039213]",1,1
1413,[0.54277131 0.43391776],181,31,"[0.5400240804927454, 0.40738252741516584]",1,1
1414,[0.68711635 0.37204684],14,56,"[0.6640454435692837, 0.40975943744606363]",1,1
1415,[0.4702877  0.54373144],26,2,"[0.5024518205038305, 0.49951185862123093]",1,1
1416,[0.41746315 0.3927697 ],180,8,"[0.41618301347274045, 0.3596744592461682]",1,1
1417,[0.43203011 0.76618463],165,44,"[0.44435344520974984, 0.7488209266773118]",1,1
1418,[0.65576449 0.19163515],41,59,"[0.6775945840331598, 0.15311654344306497]",1,1
1419,[0.0591805  0.82758968],140,-1,-1,-1,-1
1420,[0.33323148 0.17617461],31,16,"[0.3118611029117372, 0.16376536784672374]",1,1
1421,[0.25412482 0.77155773],144,17,"[0.2301371138388829, 0.7641408618065034]",1,1
1422,[0.22979841 0.62754925],113,1,"[0.22107066897961347, 0.6696810677158016]",1,1
1423,[0.37366182 0.28734213],133,10,"[0.37148333417120694, 0.24944416389451668]",1,1
1424,[0.83786191 0.38365667],65,38,"[0.8539290645900048, 0.4213018254875398]",1,1
1425,[0.80080434 0.32693305],39,70,"[0.7708431382552172, 0.3173198884189297]",1,1
1426,[0.57987085 0.63585182],8,18,"[0.5381496370992983, 0.6131391883699626]",1,1
1427,[0.75540671 0.25271547],142,47,"[0.7217953413945598, 0.22822029411039213]",1,1
1428,[0.21364914 0.92667983],190,72,"[0.18904620398481445, 0.9220111924649841]",1,1
1429,[0.25033174 0.12229175],91,67,"[0.2303196628900867, 0.16815252029208325]",1,1
1430,[0.3619019  0.20914989],85,10,"[0.37148333417120694, 0.24944416389451668]",1,1
1431,[0.25949061 0.93181707],82,55,"[0.2917188678005603, 0.9231802051410408]",1,1
1432,[0.38668461 0.64300296],36,13,"[0.36241232974600557, 0.6309844493278076]",1,1
1433,[0.48014935 0.63197397],90,33,"[0.45588344999420904, 0.6028673308001649]",1,1
1434,[0.77145677 0.09782275],20,35,"[0.780526480219433, 0.11540271609719346]",1,1
1435,[0.1690722 0.3452782],155,64,"[0.1458200046247581, 0.29929120028358097]",1,1
1436,[0.67416719 0.58888551],125,28,"[0.6927507908564465, 0.5838673856131161]",1,1
1437,[0.64106629 0.82262493],112,36,"[0.5829771432189808, 0.8169033099012556]",1,1
1438,[0.73560821 0.22052477],58,47,"[0.7217953413945598, 0.22822029411039213]",1,1
1439,[0.72304328 0.69193244],66,14,"[0.7089724740211081, 0.6544231342208713]",1,1
1440,[0.32126341 0.30472075],94,3,"[0.3235063266336871, 0.33461183714880355]",1,1
1441,[0.37400087 0.26353334],127,10,"[0.37148333417120694, 0.24944416389451668]",1,1
1442,[0.81559634 0.33258551],173,70,"[0.7708431382552172, 0.3173198884189297]",1,1
1443,[0.24770754 0.1570262 ],31,67,"[0.2303196628900867, 0.16815252029208325]",1,1
1444,[0.54186701 0.14284024],16,65,"[0.5719316689049251, 0.10395756489089053]",1,1
1445,[0.47224271 0.21898454],133,48,"[0.4719943011809362, 0.24797208799352313]",1,1
1446,[0.66990424 0.3706244 ],14,56,"[0.6640454435692837, 0.40975943744606363]",1,1
1447,[0.20605075 0.86176903],28,39,"[0.2236751500022769, 0.8584516816699893]",1,1
1448,[0.81909081 0.65777237],38,5,"[0.7953608639286782, 0.6168187233126206]",1,1
1449,[0.89268218 0.71529224],48,51,"[0.8972177726939611, 0.6913263156754771]",1,1
1450,[0.29094167 0.50739874],69,27,"[0.28875970053393035, 0.5705248622388029]",1,1
1451,[0.47146654 0.5390392 ],161,2,"[0.5024518205038305, 0.49951185862123093]",1,1
1452,[0.98368548 0.66495117],153,-1,-1,-1,-1
1453,[0.89816754 0.76169838],129,24,"[0.8630035068407299, 0.7673481734339227]",1,1
1454,[0.4537904  0.41747067],131,7,"[0.4273546659005931, 0.4269260364999135]",1,1
1455,[0.59650524 0.32287937],199,42,"[0.5458733080394841, 0.3412829147526549]",1,1
1456,[0.47779958 0.18857507],47,57,"[0.5007238497755069, 0.18419059182843656]",1,1
1457,[0.48041618 0.79742228],19,4,"[0.5052410750336451, 0.7829018354278361]",1,1
1458,[0.89640219 0.39331324],52,38,"[0.8539290645900048, 0.4213018254875398]",1,1
1459,[0.30911227 0.16562986],1,16,"[0.3118611029117372, 0.16376536784672374]",1,1
1460,[0.79496716 0.04577134],25,-1,-1,-1,-1
1461,[0.22573666 0.17396905],31,67,"[0.2303196628900867, 0.16815252029208325]",1,1
1462,[0.43474229 0.18683019],197,53,"[0.41694185455227084, 0.18169954357352067]",1,1
1463,[0.36806127 0.52560445],167,6,"[0.38020019936110105, 0.5471383970348426]",1,1
1464,[0.57621433 0.67615766],134,9,"[0.6237322255940398, 0.691218295634155]",1,1
1465,[0.76021021 0.49526653],121,19,"[0.7663667848930258, 0.4930311606592395]",1,1
1466,[0.25104328 0.85118076],114,39,"[0.2236751500022769, 0.8584516816699893]",1,1
1467,[0.62423837 0.58231081],132,21,"[0.6071074116231209, 0.5636185288991872]",1,1
1468,[0.7260127  0.08200038],20,35,"[0.780526480219433, 0.11540271609719346]",-1,-1
1469,[0.50961158 0.40160744],77,31,"[0.5400240804927454, 0.40738252741516584]",1,1
1470,[0.54435651 0.45105433],93,31,"[0.5400240804927454, 0.40738252741516584]",1,1
1471,[0.60968516 0.52763731],64,21,"[0.6071074116231209, 0.5636185288991872]",1,1
1472,[0.33478098 0.38690676],163,3,"[0.3235063266336871, 0.33461183714880355]",1,1
1473,[0.62941374 0.54531765],3,21,"[0.6071074116231209, 0.5636185288991872]",1,1
1474,[0.68571815 0.62680333],98,14,"[0.7089724740211081, 0.6544231342208713]",1,1
1475,[0.12000477 0.68063564],140,68,"[0.11152887350079589, 0.6745036796864589]",1,1
1476,[0.80654199 0.14399743],5,35,"[0.780526480219433, 0.11540271609719346]",1,1
1477,[0.42343642 0.39477619],184,7,"[0.4273546659005931, 0.4269260364999135]",1,1
1478,[0.37146684 0.75752084],78,43,"[0.3592602182165555, 0.7644137140830715]",1,1
1479,[0.3981783  0.37528434],131,8,"[0.41618301347274045, 0.3596744592461682]",1,1
1480,[0.85998893 0.73362194],48,24,"[0.8630035068407299, 0.7673481734339227]",1,1
1481,[0.70032854 0.45234577],50,40,"[0.6712909514990475, 0.4941280455086865]",1,1
1482,[0.64688043 0.44513524],93,56,"[0.6640454435692837, 0.40975943744606363]",1,1
1483,[0.39273142 0.59220816],10,6,"[0.38020019936110105, 0.5471383970348426]",1,1
1484,[0.50798367 0.77123973],11,4,"[0.5052410750336451, 0.7829018354278361]",1,1
1485,[0.20107495 0.8360372 ],62,39,"[0.2236751500022769, 0.8584516816699893]",1,1
1486,[0.46269095 0.30443968],135,37,"[0.4742877481709292, 0.30216247075087144]",1,1
1487,[0.49400534 0.92457806],138,29,"[0.4641600933288023, 0.8713464558759588]",-1,-1
1488,[0.76144825 0.49441608],102,19,"[0.7663667848930258, 0.4930311606592395]",1,1
1489,[0.37819416 0.6393895 ],167,13,"[0.36241232974600557, 0.6309844493278076]",1,1
1490,[0.6597216 0.2479724],186,26,"[0.6730727758719734, 0.27841316675861794]",1,1
1491,[0.35385027 0.65819332],70,13,"[0.36241232974600557, 0.6309844493278076]",1,1
1492,[0.53532827 0.83006596],79,36,"[0.5829771432189808, 0.8169033099012556]",1,1
1493,[0.94702319 0.70335525],21,51,"[0.8972177726939611, 0.6913263156754771]",-1,1
1494,[0.89293869 0.61276273],99,12,"[0.8826700999759639, 0.6305318364576185]",1,1
1495,[0.54836564 0.68754333],87,52,"[0.5116200764966654, 0.6865858576040635]",1,1
1496,[0.65989433 0.69202397],134,9,"[0.6237322255940398, 0.691218295634155]",1,1
1497,[0.8203033  0.74607466],150,24,"[0.8630035068407299, 0.7673481734339227]",1,1
1498,[0.39383495 0.20171341],194,53,"[0.41694185455227084, 0.18169954357352067]",1,1
1499,[0.46388733 0.49535201],77,2,"[0.5024518205038305, 0.49951185862123093]",1,1
1500,[0.77934857 0.40115125],171,30,"[0.7580695843089157, 0.3935081918113686]",1,1
1501,[0.40851968 0.77483563],11,44,"[0.44435344520974984, 0.7488209266773118]",1,1
1502,[0.79021008 0.2066802 ],111,22,"[0.7950622556492479, 0.20331332723623463]",1,1
1503,[0.86944305 0.65278359],2,12,"[0.8826700999759639, 0.6305318364576185]",1,1
1504,[0.33802823 0.76561832],137,43,"[0.3592602182165555, 0.7644137140830715]",1,1
1505,[0.54693781 0.58987878],8,18,"[0.5381496370992983, 0.6131391883699626]",1,1
1506,[0.86432885 0.1843971 ],23,41,"[0.8811059389260741, 0.1550758676468474]",1,1
1507,[0.1783467  0.42218049],188,78,"[0.1167290328178235, 0.4552106416488145]",-1,-1
1508,[0.39226182 0.2943121 ],135,10,"[0.37148333417120694, 0.24944416389451668]",1,1
1509,[0.15143992 0.79459098],62,61,"[0.1366641747948544, 0.8402144938031204]",1,1
1510,[0.14682641 0.54182187],110,20,"[0.1717337679288845, 0.5885766110632076]",1,1
1511,[0.75984635 0.41603674],52,30,"[0.7580695843089157, 0.3935081918113686]",1,1
1512,[0.50732063 0.85936153],19,29,"[0.4641600933288023, 0.8713464558759588]",1,1
1513,[0.63363767 0.5236323 ],196,40,"[0.6712909514990475, 0.4941280455086865]",1,1
1514,[0.26276723 0.35999475],155,71,"[0.23157753674578868, 0.33441449604179047]",1,1
1515,[0.77311163 0.73365639],98,0,"[0.7784741994701768, 0.7044037617777907]",1,1
1516,[0.25025085 0.49856252],182,34,"[0.19218812574091887, 0.5012881346267127]",1,1
1517,[0.4712925  0.66077259],165,52,"[0.5116200764966654, 0.6865858576040635]",1,1
1518,[0.2878687  0.34673643],86,3,"[0.3235063266336871, 0.33461183714880355]",1,1
1519,[0.24698355 0.209575  ],1,67,"[0.2303196628900867, 0.16815252029208325]",1,1
1520,[0.48922726 0.53386536],45,2,"[0.5024518205038305, 0.49951185862123093]",1,1
1521,[0.30551109 0.25078237],105,10,"[0.37148333417120694, 0.24944416389451668]",1,1
1522,[0.35067139 0.26906894],72,10,"[0.37148333417120694, 0.24944416389451668]",1,1
1523,[0.50299596 0.28315921],108,37,"[0.4742877481709292, 0.30216247075087144]",1,1
1524,[0.61637044 0.25191426],199,15,"[0.6138854682707487, 0.21644294068373804]",1,1
1525,[0.26634893 0.73194973],164,25,"[0.30430520632062763, 0.7138690601951425]",1,1
1526,[0.40569094 0.37037139],163,8,"[0.41618301347274045, 0.3596744592461682]",1,1
1527,[0.34931607 0.62140055],36,13,"[0.36241232974600557, 0.6309844493278076]",1,1
1528,[0.38944398 0.36001206],9,8,"[0.41618301347274045, 0.3596744592461682]",1,1
1529,[0.77620738 0.46946169],187,19,"[0.7663667848930258, 0.4930311606592395]",1,1
1530,[0.33992061 0.21822268],85,10,"[0.37148333417120694, 0.24944416389451668]",1,1
1531,[0.26085774 0.78762559],172,17,"[0.2301371138388829, 0.7641408618065034]",1,1
1532,[0.23414279 0.43943174],4,32,"[0.26968485572316336, 0.43373699024705276]",1,1
1533,[0.28999525 0.52720007],0,27,"[0.28875970053393035, 0.5705248622388029]",1,1
1534,[0.75098162 0.2213788 ],41,47,"[0.7217953413945598, 0.22822029411039213]",1,1
1535,[0.83597231 0.72089156],168,24,"[0.8630035068407299, 0.7673481734339227]",1,1
1536,[0.68209527 0.17074284],43,59,"[0.6775945840331598, 0.15311654344306497]",1,1
1537,[0.45202335 0.46178183],26,7,"[0.4273546659005931, 0.4269260364999135]",1,1
1538,[0.4795177  0.34187335],72,37,"[0.4742877481709292, 0.30216247075087144]",1,1
1539,[0.86929541 0.77992732],83,24,"[0.8630035068407299, 0.7673481734339227]",1,1
1540,[0.45107374 0.33916593],131,8,"[0.41618301347274045, 0.3596744592461682]",1,1
1541,[0.36324597 0.63227565],174,13,"[0.36241232974600557, 0.6309844493278076]",1,1
1542,[0.54283021 0.68418463],161,52,"[0.5116200764966654, 0.6865858576040635]",1,1
1543,[0.20107235 0.72784286],137,17,"[0.2301371138388829, 0.7641408618065034]",1,1
1544,[0.25622536 0.51650728],53,27,"[0.28875970053393035, 0.5705248622388029]",1,1
1545,[0.8972582  0.78107958],129,66,"[0.9324553465657046, 0.776828950057317]",1,1
1546,[0.79048116 0.08392061],101,35,"[0.780526480219433, 0.11540271609719346]",1,1
1547,[0.61935175 0.42641754],93,56,"[0.6640454435692837, 0.40975943744606363]",1,1
1548,[0.52861596 0.4723565 ],55,2,"[0.5024518205038305, 0.49951185862123093]",1,1
1549,[0.72438428 0.41096023],143,30,"[0.7580695843089157, 0.3935081918113686]",1,1
1550,[0.12986287 0.65935462],7,68,"[0.11152887350079589, 0.6745036796864589]",1,1
1551,[0.57559842 0.31913312],9,42,"[0.5458733080394841, 0.3412829147526549]",1,1
1552,[0.92915656 0.23631596],117,76,"[0.8843661724411644, 0.2266254496800724]",1,1
1553,[0.57430496 0.66389496],22,9,"[0.6237322255940398, 0.691218295634155]",1,1
1554,[0.52032927 0.43600277],189,31,"[0.5400240804927454, 0.40738252741516584]",1,1
1555,[0.86926145 0.67380854],109,51,"[0.8972177726939611, 0.6913263156754771]",1,1
1556,[0.76984303 0.28851015],195,70,"[0.7708431382552172, 0.3173198884189297]",1,1
1557,[0.30107746 0.79995628],15,50,"[0.29667857144249377, 0.8345152778008239]",1,1
1558,[0.51390777 0.74478161],126,4,"[0.5052410750336451, 0.7829018354278361]",1,1
1559,[0.86682754 0.51497075],106,23,"[0.8570433086046203, 0.534073720737162]",1,1
1560,[0.36529098 0.5626733 ],10,6,"[0.38020019936110105, 0.5471383970348426]",1,1
1561,[0.8526032  0.46950757],158,38,"[0.8539290645900048, 0.4213018254875398]",1,1
1562,[0.77096353 0.81608371],130,11,"[0.7510727793684858, 0.795366838735144]",1,1
1563,[0.74695884 0.73262635],48,0,"[0.7784741994701768, 0.7044037617777907]",1,1
1564,[0.27163635 0.76074102],164,17,"[0.2301371138388829, 0.7641408618065034]",1,1
1565,[0.55239072 0.12187148],47,65,"[0.5719316689049251, 0.10395756489089053]",1,1
1566,[0.80956758 0.65256214],109,5,"[0.7953608639286782, 0.6168187233126206]",1,1
1567,[0.78738574 0.46015162],121,19,"[0.7663667848930258, 0.4930311606592395]",1,1
1568,[0.70871351 0.43681325],173,56,"[0.6640454435692837, 0.40975943744606363]",1,1
1569,[0.78484774 0.48543065],171,19,"[0.7663667848930258, 0.4930311606592395]",1,1
1570,[0.29507701 0.15346397],31,16,"[0.3118611029117372, 0.16376536784672374]",1,1
1571,[0.46486798 0.19103358],84,57,"[0.5007238497755069, 0.18419059182843656]",1,1
1572,[0.93759715 0.63431987],141,12,"[0.8826700999759639, 0.6305318364576185]",1,1
1573,[0.17878389 0.21929546],156,62,"[0.2334814196640526, 0.25309871642198517]",-1,-1
1574,[0.28983775 0.82377938],97,50,"[0.29667857144249377, 0.8345152778008239]",1,1
1575,[0.62291202 0.61329272],8,21,"[0.6071074116231209, 0.5636185288991872]",1,1
1576,[0.3722069  0.32899923],166,3,"[0.3235063266336871, 0.33461183714880355]",1,1
1577,[0.77203332 0.68033968],61,0,"[0.7784741994701768, 0.7044037617777907]",1,1
1578,[0.90933681 0.45190059],193,77,"[0.9284253959436438, 0.4561275365969756]",1,1
1579,[0.66922018 0.6267597 ],2,14,"[0.7089724740211081, 0.6544231342208713]",1,1
1580,[0.39809254 0.60048162],81,13,"[0.36241232974600557, 0.6309844493278076]",1,1
1581,[0.24933926 1.        ],28,-1,-1,-1,-1
1582,[0.30754497 0.21355084],1,16,"[0.3118611029117372, 0.16376536784672374]",1,1
1583,[0.57722952 0.81769913],44,36,"[0.5829771432189808, 0.8169033099012556]",1,1
1584,[0.74801116 0.80196129],22,11,"[0.7510727793684858, 0.795366838735144]",1,1
1585,[0.8159845  0.10672166],111,35,"[0.780526480219433, 0.11540271609719346]",1,1
1586,[0.52470855 0.60740946],8,18,"[0.5381496370992983, 0.6131391883699626]",1,1
1587,[0.50739    0.81930604],87,4,"[0.5052410750336451, 0.7829018354278361]",1,1
1588,[0.4810618  0.13079257],92,57,"[0.5007238497755069, 0.18419059182843656]",-1,-1
1589,[0.85167352 0.71073892],150,51,"[0.8972177726939611, 0.6913263156754771]",1,1
1590,[0.50372616 0.47826416],189,2,"[0.5024518205038305, 0.49951185862123093]",1,1
1591,[0.67090941 0.83492315],150,-1,-1,1,1
1592,[0.83692139 0.53294723],143,23,"[0.8570433086046203, 0.534073720737162]",1,1
1593,[0.49100577 0.78818751],79,4,"[0.5052410750336451, 0.7829018354278361]",1,1
1594,[0.59280341 0.84430258],112,36,"[0.5829771432189808, 0.8169033099012556]",1,1
1595,[0.53841314 0.35241095],9,42,"[0.5458733080394841, 0.3412829147526549]",1,1
1596,[0.64840344 0.57981471],196,21,"[0.6071074116231209, 0.5636185288991872]",1,1
1597,[0.29008944 0.61568186],70,27,"[0.28875970053393035, 0.5705248622388029]",1,1
1598,[0.87334121 0.13630876],101,41,"[0.8811059389260741, 0.1550758676468474]",1,1
1599,[0.22632983 0.56532594],188,20,"[0.1717337679288845, 0.5885766110632076]",1,1
1600,[0.58522144 0.80451665],112,36,"[0.5829771432189808, 0.8169033099012556]",1,1
1601,[0.69035019 0.4685856 ],143,40,"[0.6712909514990475, 0.4941280455086865]",1,1
1602,[0.41045117 0.44793391],163,7,"[0.4273546659005931, 0.4269260364999135]",1,1
1603,[0.63681099 0.61198183],134,21,"[0.6071074116231209, 0.5636185288991872]",1,1
1604,[0.64929007 0.51557376],132,40,"[0.6712909514990475, 0.4941280455086865]",1,1
1605,[0.6211855 0.9136038],44,54,"[0.5854097349506691, 0.9100485852722844]",1,1
1606,[0.53793832 0.37391684],170,31,"[0.5400240804927454, 0.40738252741516584]",1,1
1607,[0.63682578 0.90101343],120,54,"[0.5854097349506691, 0.9100485852722844]",1,1
1608,[0.53958781 0.60097688],161,18,"[0.5381496370992983, 0.6131391883699626]",1,1
1609,[0.78229492 0.37690666],52,30,"[0.7580695843089157, 0.3935081918113686]",1,1
1610,[0.49173887 0.71520198],11,52,"[0.5116200764966654, 0.6865858576040635]",1,1
1611,[0.30274165 0.44979036],182,32,"[0.26968485572316336, 0.43373699024705276]",1,1
1612,[0.32517746 0.26980539],35,10,"[0.37148333417120694, 0.24944416389451668]",1,1
1613,[0.74061887 0.83365181],34,11,"[0.7510727793684858, 0.795366838735144]",1,1
1614,[0.83883688 0.72056182],104,24,"[0.8630035068407299, 0.7673481734339227]",1,1
1615,[0.886366   0.48461162],193,77,"[0.9284253959436438, 0.4561275365969756]",1,1
1616,[0.78719647 0.59219312],162,5,"[0.7953608639286782, 0.6168187233126206]",1,1
1617,[0.20539559 0.62408967],7,1,"[0.22107066897961347, 0.6696810677158016]",1,1
1618,[0.53920154 0.19092025],16,57,"[0.5007238497755069, 0.18419059182843656]",1,1
1619,[0.42729698 0.25877163],163,48,"[0.4719943011809362, 0.24797208799352313]",1,1
1620,[0.54517778 0.53478406],60,2,"[0.5024518205038305, 0.49951185862123093]",1,1
1621,[0.76138206 0.35820818],173,30,"[0.7580695843089157, 0.3935081918113686]",1,1
1622,[0.37684761 0.40611814],166,45,"[0.3605270625168716, 0.45007103122278613]",1,1
1623,[0.27766165 0.20997777],105,16,"[0.3118611029117372, 0.16376536784672374]",1,1
1624,[0.38028368 0.61662686],90,13,"[0.36241232974600557, 0.6309844493278076]",1,1
1625,[0.6457754 0.2502327],185,26,"[0.6730727758719734, 0.27841316675861794]",1,1
1626,[0.82936235 0.81644071],129,60,"[0.8244781957938515, 0.8278967352544853]",1,1
1627,[0.29384031 0.74955007],137,25,"[0.30430520632062763, 0.7138690601951425]",1,1
1628,[0.24036848 0.759581  ],63,17,"[0.2301371138388829, 0.7641408618065034]",1,1
1629,[0.24319023 0.42369152],69,32,"[0.26968485572316336, 0.43373699024705276]",1,1
1630,[0.84616167 0.71240151],141,51,"[0.8972177726939611, 0.6913263156754771]",1,1
1631,[0.72945902 0.60828633],95,28,"[0.6927507908564465, 0.5838673856131161]",1,1
1632,[0.48947493 0.4930852 ],55,2,"[0.5024518205038305, 0.49951185862123093]",1,1
1633,[0.69709905 0.79149539],130,75,"[0.6962893136043324, 0.7602055829908452]",1,1
1634,[0.92682707 0.52666147],99,-1,-1,-1,-1
1635,[0.32587492 0.36536792],72,3,"[0.3235063266336871, 0.33461183714880355]",1,1
1636,[0.40144808 0.39173117],122,8,"[0.41618301347274045, 0.3596744592461682]",1,1
1637,[0.7988935 0.6750923],38,0,"[0.7784741994701768, 0.7044037617777907]",1,1
1638,[0.72250014 0.6368532 ],98,14,"[0.7089724740211081, 0.6544231342208713]",1,1
1639,[0.93180901 0.6275014 ],153,12,"[0.8826700999759639, 0.6305318364576185]",1,1
1640,[0.76206225 0.84618153],130,63,"[0.7485130939001671, 0.8884344269576973]",1,1
1641,[0.90067316 0.60967599],158,12,"[0.8826700999759639, 0.6305318364576185]",1,1
1642,[0.48692502 0.26502001],12,48,"[0.4719943011809362, 0.24797208799352313]",1,1
1643,[0.35586808 0.89621373],82,58,"[0.3708417752060759, 0.8634429047703029]",1,1
1644,[0.70357462 0.13849063],41,59,"[0.6775945840331598, 0.15311654344306497]",1,1
1645,[0.6181191 0.5907683],151,21,"[0.6071074116231209, 0.5636185288991872]",1,1
1646,[0.18518632 0.55772657],124,20,"[0.1717337679288845, 0.5885766110632076]",1,1
1647,[0.48300613 0.65970786],159,52,"[0.5116200764966654, 0.6865858576040635]",1,1
1648,[0.81212785 0.66597172],175,0,"[0.7784741994701768, 0.7044037617777907]",1,1
1649,[0.22042729 0.68713452],96,1,"[0.22107066897961347, 0.6696810677158016]",1,1
1650,[0.69355995 0.63415121],151,14,"[0.7089724740211081, 0.6544231342208713]",1,1
1651,[0.90535573 0.67701104],104,51,"[0.8972177726939611, 0.6913263156754771]",1,1
1652,[0.31126353 0.70972038],183,25,"[0.30430520632062763, 0.7138690601951425]",1,1
1653,[0.77398547 0.31745017],39,70,"[0.7708431382552172, 0.3173198884189297]",1,1
1654,[0.73774549 0.82179283],130,11,"[0.7510727793684858, 0.795366838735144]",1,1
1655,[0.38615759 0.2214267 ],12,10,"[0.37148333417120694, 0.24944416389451668]",1,1
1656,[0.60994239 0.25910943],17,15,"[0.6138854682707487, 0.21644294068373804]",1,1
1657,[0.72627847 0.66778236],175,14,"[0.7089724740211081, 0.6544231342208713]",1,1
1658,[0.1932568  0.72985081],160,17,"[0.2301371138388829, 0.7641408618065034]",1,1
1659,[0.40084878 0.32752237],72,8,"[0.41618301347274045, 0.3596744592461682]",1,1
1660,[0.46599802 0.7941857 ],118,4,"[0.5052410750336451, 0.7829018354278361]",1,1
1661,[0.23126034 0.76879027],164,17,"[0.2301371138388829, 0.7641408618065034]",1,1
1662,[0.90573056 0.75762805],129,66,"[0.9324553465657046, 0.776828950057317]",1,1
1663,[0.75311404 0.73114362],22,0,"[0.7784741994701768, 0.7044037617777907]",1,1
1664,[0.75809635 0.83705982],154,11,"[0.7510727793684858, 0.795366838735144]",1,1
1665,[0.8039816  0.58999226],162,5,"[0.7953608639286782, 0.6168187233126206]",1,1
1666,[0.83908212 0.80848286],150,60,"[0.8244781957938515, 0.8278967352544853]",1,1
1667,[0.73575079 0.58357552],102,28,"[0.6927507908564465, 0.5838673856131161]",1,1
1668,[0.73400198 0.71153178],175,0,"[0.7784741994701768, 0.7044037617777907]",1,1
1669,[0.62865643 0.88881995],30,54,"[0.5854097349506691, 0.9100485852722844]",1,1
1670,[0.53927217 0.57879729],68,18,"[0.5381496370992983, 0.6131391883699626]",1,1
1671,[0.79912918 0.64574996],33,5,"[0.7953608639286782, 0.6168187233126206]",1,1
1672,[0.22855619 0.5178297 ],182,34,"[0.19218812574091887, 0.5012881346267127]",1,1
1673,[0.30742098 0.98236296],67,55,"[0.2917188678005603, 0.9231802051410408]",-1,-1
1674,[0.17137753 0.15611217],156,67,"[0.2303196628900867, 0.16815252029208325]",-1,-1
1675,[0.84560265 0.76367034],46,24,"[0.8630035068407299, 0.7673481734339227]",1,1
1676,[0.72722484 0.84443843],154,63,"[0.7485130939001671, 0.8884344269576973]",1,1
1677,[0.52722631 0.7210109 ],19,52,"[0.5116200764966654, 0.6865858576040635]",1,1
1678,[0.8689913  0.48886697],106,23,"[0.8570433086046203, 0.534073720737162]",1,1
1679,[0.6669015  0.51683661],128,40,"[0.6712909514990475, 0.4941280455086865]",1,1
1680,[0.36393504 0.72683953],165,43,"[0.3592602182165555, 0.7644137140830715]",1,1
1681,[0.56787699 0.87104849],44,54,"[0.5854097349506691, 0.9100485852722844]",1,1
1682,[0.81637158 0.74469719],73,24,"[0.8630035068407299, 0.7673481734339227]",1,1
1683,[0.23155321 0.57875504],53,27,"[0.28875970053393035, 0.5705248622388029]",1,1
1684,[0.83822733 0.50334154],187,23,"[0.8570433086046203, 0.534073720737162]",1,1
1685,[0.87720081 0.43786982],106,38,"[0.8539290645900048, 0.4213018254875398]",1,1
1686,[0.31140998 0.63917087],177,13,"[0.36241232974600557, 0.6309844493278076]",1,1
1687,[0.52434775 0.76752881],87,4,"[0.5052410750336451, 0.7829018354278361]",1,1
1688,[0.37344442 0.61390964],174,13,"[0.36241232974600557, 0.6309844493278076]",1,1
1689,[0.5869941  0.54005065],55,21,"[0.6071074116231209, 0.5636185288991872]",1,1
1690,[0.87084204 0.24289572],23,76,"[0.8843661724411644, 0.2266254496800724]",1,1
1691,[0.18882147 0.6567405 ],37,1,"[0.22107066897961347, 0.6696810677158016]",1,1
1692,[0.8774401  0.54051855],95,23,"[0.8570433086046203, 0.534073720737162]",1,1
1693,[0.27807827 0.56024547],139,27,"[0.28875970053393035, 0.5705248622388029]",1,1
1694,[0.4165253  0.63530422],81,74,"[0.4152783020134458, 0.6862696487922317]",1,1
1695,[0.53825146 0.38644719],181,31,"[0.5400240804927454, 0.40738252741516584]",1,1
1696,[0.25232449 0.77706107],113,17,"[0.2301371138388829, 0.7641408618065034]",1,1
1697,[0.19992862 0.68762991],164,1,"[0.22107066897961347, 0.6696810677158016]",1,1
1698,[0.94071417 0.32321588],136,69,"[0.9398939947511951, 0.29612608103779026]",1,1
1699,[0.23137762 0.66617097],183,1,"[0.22107066897961347, 0.6696810677158016]",1,1
1700,[0.38223923 0.41479664],122,45,"[0.3605270625168716, 0.45007103122278613]",1,1
1701,[0.75153268 0.30438949],195,70,"[0.7708431382552172, 0.3173198884189297]",1,1
1702,[0.65044122 0.43159868],14,56,"[0.6640454435692837, 0.40975943744606363]",1,1
1703,[0.32871804 0.7252719 ],164,25,"[0.30430520632062763, 0.7138690601951425]",1,1
1704,[0.44873949 0.38342903],184,8,"[0.41618301347274045, 0.3596744592461682]",1,1
1705,[0.56131776 0.61322597],134,18,"[0.5381496370992983, 0.6131391883699626]",1,1
1706,[0.87963889 0.54468648],158,23,"[0.8570433086046203, 0.534073720737162]",1,1
1707,[0.40672746 0.6152536 ],119,13,"[0.36241232974600557, 0.6309844493278076]",1,1
1708,[0.24914243 0.16912813],13,67,"[0.2303196628900867, 0.16815252029208325]",1,1
1709,[0.70193608 0.40706706],14,56,"[0.6640454435692837, 0.40975943744606363]",1,1
1710,[0.29950654 0.62469178],177,27,"[0.28875970053393035, 0.5705248622388029]",1,1
1711,[0.48508205 0.30010186],133,37,"[0.4742877481709292, 0.30216247075087144]",1,1
1712,[0.44232898 0.49427301],167,2,"[0.5024518205038305, 0.49951185862123093]",1,1
1713,[0.23405192 0.33609175],94,71,"[0.23157753674578868, 0.33441449604179047]",1,1
1714,[0.99586109 0.78839631],46,66,"[0.9324553465657046, 0.776828950057317]",-1,-1
1715,[0.36893093 0.94701315],198,-1,-1,-1,1
1716,[0.53141924 0.76441241],51,4,"[0.5052410750336451, 0.7829018354278361]",1,1
1717,[0.93862167 0.33995341],193,69,"[0.9398939947511951, 0.29612608103779026]",1,1
1718,[0.38486275 0.29609452],163,10,"[0.37148333417120694, 0.24944416389451668]",1,1
1719,[0.32521376 0.81445193],97,50,"[0.29667857144249377, 0.8345152778008239]",1,1
1720,[0.51944843 0.23775438],127,46,"[0.5424312759978817, 0.248726341237992]",1,1
1721,[0.74856123 0.7524063 ],33,11,"[0.7510727793684858, 0.795366838735144]",1,1
1722,[0.48119932 0.29518098],170,37,"[0.4742877481709292, 0.30216247075087144]",1,1
1723,[0.89332261 0.09288383],32,41,"[0.8811059389260741, 0.1550758676468474]",-1,-1
1724,[0.29834665 0.33235356],86,3,"[0.3235063266336871, 0.33461183714880355]",1,1
1725,[0.54463494 0.02877179],92,-1,-1,-1,-1
1726,[0.81539683 0.89178818],6,60,"[0.8244781957938515, 0.8278967352544853]",1,1
1727,[0.93093089 0.80137134],83,66,"[0.9324553465657046, 0.776828950057317]",1,1
1728,[0.5924227  0.49098354],68,-1,-1,1,1
1729,[0.55644787 0.77757474],51,36,"[0.5829771432189808, 0.8169033099012556]",1,1
1730,[0.36176173 0.3451283 ],166,3,"[0.3235063266336871, 0.33461183714880355]",1,1
1731,[0.68992189 0.85663846],130,63,"[0.7485130939001671, 0.8884344269576973]",1,1
1732,[0.86431669 0.65837298],104,12,"[0.8826700999759639, 0.6305318364576185]",1,1
1733,[0.23751508 0.22211892],31,62,"[0.2334814196640526, 0.25309871642198517]",1,1
1734,[0.40383402 0.55002725],8,6,"[0.38020019936110105, 0.5471383970348426]",1,1
1735,[0.2322062  0.53364259],182,34,"[0.19218812574091887, 0.5012881346267127]",1,1
1736,[0.45787911 0.28791475],71,37,"[0.4742877481709292, 0.30216247075087144]",1,1
1737,[0.39095199 0.47812965],184,45,"[0.3605270625168716, 0.45007103122278613]",1,1
1738,[0.7320252  0.19797791],25,47,"[0.7217953413945598, 0.22822029411039213]",1,1
1739,[0.16943943 0.92839882],190,72,"[0.18904620398481445, 0.9220111924649841]",-1,1
1740,[0.26016578 0.40984027],86,32,"[0.26968485572316336, 0.43373699024705276]",1,1
1741,[0.84029521 0.82918521],34,60,"[0.8244781957938515, 0.8278967352544853]",1,1
1742,[0.92115934 0.6163088 ],176,12,"[0.8826700999759639, 0.6305318364576185]",1,1
1743,[0.65508704 0.22874517],186,15,"[0.6138854682707487, 0.21644294068373804]",1,1
1744,[0.32477723 0.42323447],115,45,"[0.3605270625168716, 0.45007103122278613]",1,1
1745,[0.81501176 0.44100614],171,38,"[0.8539290645900048, 0.4213018254875398]",1,1
1746,[0.4585553  0.93287125],191,29,"[0.4641600933288023, 0.8713464558759588]",-1,-1
1747,[0.32110718 0.85104597],67,50,"[0.29667857144249377, 0.8345152778008239]",1,1
1748,[0.18580633 0.63627408],53,1,"[0.22107066897961347, 0.6696810677158016]",1,1
1749,[0.77020518 0.76034484],150,11,"[0.7510727793684858, 0.795366838735144]",1,1
1750,[0.62055323 0.2037267 ],133,15,"[0.6138854682707487, 0.21644294068373804]",1,1
1751,[0.91536567 0.64439378],103,12,"[0.8826700999759639, 0.6305318364576185]",1,1
1752,[0.71592533 0.88265727],34,63,"[0.7485130939001671, 0.8884344269576973]",-1,1
1753,[0.73267539 0.47467019],195,19,"[0.7663667848930258, 0.4930311606592395]",1,1
1754,[0.77526591 0.91789117],120,63,"[0.7485130939001671, 0.8884344269576973]",-1,1
1755,[0.41872408 0.43149745],42,7,"[0.4273546659005931, 0.4269260364999135]",1,1
1756,[0.23344331 0.51266555],179,34,"[0.19218812574091887, 0.5012881346267127]",1,1
1757,[0.60565748 0.24796979],185,15,"[0.6138854682707487, 0.21644294068373804]",1,1
1758,[0.32413579 0.19002534],127,16,"[0.3118611029117372, 0.16376536784672374]",1,1
1759,[0.61883162 0.6834087 ],147,9,"[0.6237322255940398, 0.691218295634155]",1,1
1760,[0.43521471 0.85928467],54,29,"[0.4641600933288023, 0.8713464558759588]",1,1
1761,[0.29565895 0.50807371],116,27,"[0.28875970053393035, 0.5705248622388029]",1,1
1762,[0.51282716 0.36465138],77,42,"[0.5458733080394841, 0.3412829147526549]",1,1
1763,[0.40213011 0.77179144],78,43,"[0.3592602182165555, 0.7644137140830715]",1,1
1764,[0.75141913 0.43771878],143,30,"[0.7580695843089157, 0.3935081918113686]",1,1
1765,[0.73642227 0.69822294],98,0,"[0.7784741994701768, 0.7044037617777907]",1,1
1766,[0.31914623 0.07613195],31,-1,-1,0,0
1767,[0.66897976 0.59835708],132,28,"[0.6927507908564465, 0.5838673856131161]",1,1
1768,[0.29769231 0.42567844],115,32,"[0.26968485572316336, 0.43373699024705276]",1,1
1769,[0.80590934 0.71327541],103,0,"[0.7784741994701768, 0.7044037617777907]",1,1
1770,[0.35166971 0.94927996],59,55,"[0.2917188678005603, 0.9231802051410408]",-1,-1
1771,[0.28120505 0.47282034],179,32,"[0.26968485572316336, 0.43373699024705276]",1,1
1772,[0.65195121 0.70300857],61,9,"[0.6237322255940398, 0.691218295634155]",1,1
1773,[0.80649601 0.48922784],192,19,"[0.7663667848930258, 0.4930311606592395]",1,1
1774,[0.69571386 0.64101886],22,14,"[0.7089724740211081, 0.6544231342208713]",1,1
1775,[0.17244021 0.48591354],179,34,"[0.19218812574091887, 0.5012881346267127]",1,1
1776,[0.79254148 0.34169721],39,70,"[0.7708431382552172, 0.3173198884189297]",1,1
1777,[0.51601459 0.51920058],119,2,"[0.5024518205038305, 0.49951185862123093]",1,1
1778,[0.16675465 0.6669509 ],113,1,"[0.22107066897961347, 0.6696810677158016]",1,1
1779,[0.10825282 0.66988104],7,68,"[0.11152887350079589, 0.6745036796864589]",1,1
1780,[0.46306016 0.88219837],19,29,"[0.4641600933288023, 0.8713464558759588]",1,1
1781,[0.81665735 0.48516869],193,19,"[0.7663667848930258, 0.4930311606592395]",1,1
1782,[0.31422209 0.80092268],97,50,"[0.29667857144249377, 0.8345152778008239]",1,1
1783,[0.8737191  0.60095889],21,12,"[0.8826700999759639, 0.6305318364576185]",1,1
1784,[0.80543425 0.17261659],32,22,"[0.7950622556492479, 0.20331332723623463]",1,1
1785,[0.34718108 0.33560766],131,3,"[0.3235063266336871, 0.33461183714880355]",1,1
1786,[0.4047849  0.35030896],35,8,"[0.41618301347274045, 0.3596744592461682]",1,1
1787,[0.66435229 0.44008989],187,56,"[0.6640454435692837, 0.40975943744606363]",1,1
1788,[0.38762575 0.45644219],122,45,"[0.3605270625168716, 0.45007103122278613]",1,1
1789,[0.385264   0.53980464],0,6,"[0.38020019936110105, 0.5471383970348426]",1,1
1790,[0.40524543 0.5620783 ],139,6,"[0.38020019936110105, 0.5471383970348426]",1,1
1791,[0.81391827 0.84659726],130,60,"[0.8244781957938515, 0.8278967352544853]",1,1
1792,[0.58625612 0.36288633],93,42,"[0.5458733080394841, 0.3412829147526549]",1,1
1793,[0.74989172 0.52563078],2,19,"[0.7663667848930258, 0.4930311606592395]",1,1
1794,[0.65787803 0.27978437],185,26,"[0.6730727758719734, 0.27841316675861794]",1,1
1795,[0.09763729 0.67312513],160,68,"[0.11152887350079589, 0.6745036796864589]",1,1
1796,[0.25081123 0.43267253],115,32,"[0.26968485572316336, 0.43373699024705276]",1,1
1797,[0.72668169 0.42061447],187,30,"[0.7580695843089157, 0.3935081918113686]",1,1
1798,[0.72417336 0.26592574],58,47,"[0.7217953413945598, 0.22822029411039213]",1,1
1799,[0.48583798 0.6002915 ],165,33,"[0.45588344999420904, 0.6028673308001649]",1,1
1800,[0.48797966 0.38438546],131,31,"[0.5400240804927454, 0.40738252741516584]",1,1
1801,[0.31192039 0.31619511],94,3,"[0.3235063266336871, 0.33461183714880355]",1,1
1802,[0.82097673 0.51165459],106,23,"[0.8570433086046203, 0.534073720737162]",1,1
1803,[0.46873469 0.87070143],87,29,"[0.4641600933288023, 0.8713464558759588]",1,1
1804,[0.73283615 0.50845093],121,19,"[0.7663667848930258, 0.4930311606592395]",1,1
1805,[0.85818599 0.44965517],193,38,"[0.8539290645900048, 0.4213018254875398]",1,1
1806,[0.5466914  0.51319488],45,2,"[0.5024518205038305, 0.49951185862123093]",1,1
1807,[0.48684059 0.50195943],55,2,"[0.5024518205038305, 0.49951185862123093]",1,1
1808,[0.51369891 0.74481178],51,4,"[0.5052410750336451, 0.7829018354278361]",1,1
1809,[0.35948746 0.26625494],135,10,"[0.37148333417120694, 0.24944416389451668]",1,1
1810,[0.91108899 0.75172104],168,66,"[0.9324553465657046, 0.776828950057317]",1,1
1811,[0.5211062  0.71453104],159,52,"[0.5116200764966654, 0.6865858576040635]",1,1
1812,[0.88609134 0.5965796 ],176,12,"[0.8826700999759639, 0.6305318364576185]",1,1
1813,[0.62740785 0.88496749],112,54,"[0.5854097349506691, 0.9100485852722844]",1,1
1814,[0.91001067 0.65708238],141,51,"[0.8972177726939611, 0.6913263156754771]",1,1
1815,[0.39819931 0.41651779],184,7,"[0.4273546659005931, 0.4269260364999135]",1,1
1816,[0.41139485 0.34737699],135,8,"[0.41618301347274045, 0.3596744592461682]",1,1
1817,[0.30818423 0.0740889 ],169,-1,-1,0,0
1818,[0.46925631 0.45468024],26,7,"[0.4273546659005931, 0.4269260364999135]",1,1
1819,[0.76604045 0.77721474],73,11,"[0.7510727793684858, 0.795366838735144]",1,1
1820,[0.89480062 0.32021954],136,49,"[0.8685967165987339, 0.3128684582162342]",1,1
1821,[0.71288046 0.3060654 ],14,26,"[0.6730727758719734, 0.27841316675861794]",1,1
1822,[0.21203418 0.46655435],86,34,"[0.19218812574091887, 0.5012881346267127]",1,1
1823,[0.34020376 0.62864462],139,13,"[0.36241232974600557, 0.6309844493278076]",1,1
1824,[0.12025881 0.42060126],4,78,"[0.1167290328178235, 0.4552106416488145]",-1,-1
1825,[0.71514371 0.57158287],162,28,"[0.6927507908564465, 0.5838673856131161]",1,1
1826,[0.34757291 0.40835536],69,45,"[0.3605270625168716, 0.45007103122278613]",1,1
1827,[0.92777096 0.18007614],5,41,"[0.8811059389260741, 0.1550758676468474]",1,1
1828,[0.71551483 0.69369616],123,14,"[0.7089724740211081, 0.6544231342208713]",1,1
1829,[0.56266791 0.1729063 ],17,57,"[0.5007238497755069, 0.18419059182843656]",1,1
1830,[0.88839976 0.19603472],107,76,"[0.8843661724411644, 0.2266254496800724]",1,1
1831,[0.33696704 0.20824155],169,16,"[0.3118611029117372, 0.16376536784672374]",1,1
1832,[0.47744649 0.33732107],108,37,"[0.4742877481709292, 0.30216247075087144]",1,1
1833,[0.83716544 0.55409286],102,23,"[0.8570433086046203, 0.534073720737162]",1,1
1834,[0.94215403 0.42934045],99,77,"[0.9284253959436438, 0.4561275365969756]",-1,-1
1835,[0.5891697  0.18181811],186,15,"[0.6138854682707487, 0.21644294068373804]",1,1
1836,[0.71543512 0.58624017],162,28,"[0.6927507908564465, 0.5838673856131161]",1,1
1837,[0.56896448 0.13728853],197,65,"[0.5719316689049251, 0.10395756489089053]",1,1
1838,[0.78835208 0.17987483],101,22,"[0.7950622556492479, 0.20331332723623463]",1,1
1839,[0.60518813 0.88916571],30,54,"[0.5854097349506691, 0.9100485852722844]",1,1
1840,[0.49658599 0.37885949],152,31,"[0.5400240804927454, 0.40738252741516584]",1,1
1841,[0.62163623 0.55819261],3,21,"[0.6071074116231209, 0.5636185288991872]",1,1
1842,[0.54021315 0.74211104],147,4,"[0.5052410750336451, 0.7829018354278361]",1,1
1843,[0.89043551 0.28624117],136,49,"[0.8685967165987339, 0.3128684582162342]",1,1
1844,[0.61238207 0.77795814],44,36,"[0.5829771432189808, 0.8169033099012556]",1,1
1845,[0.24623652 0.94530436],82,55,"[0.2917188678005603, 0.9231802051410408]",1,1
1846,[0.24755034 0.35058049],86,71,"[0.23157753674578868, 0.33441449604179047]",1,1
1847,[0.2669008  0.80480753],15,50,"[0.29667857144249377, 0.8345152778008239]",1,1
1848,[0.48542298 0.45144505],9,2,"[0.5024518205038305, 0.49951185862123093]",1,1
1849,[0.73242651 0.63095976],66,14,"[0.7089724740211081, 0.6544231342208713]",1,1
1850,[0.19169484 0.58161009],110,20,"[0.1717337679288845, 0.5885766110632076]",1,1
1851,[0.37018613 0.31181377],127,3,"[0.3235063266336871, 0.33461183714880355]",1,1
1852,[0.87301728 0.13623421],101,41,"[0.8811059389260741, 0.1550758676468474]",1,1
1853,[0.72899677 0.51549431],162,19,"[0.7663667848930258, 0.4930311606592395]",1,1
1854,[0.80921897 0.11483969],32,35,"[0.780526480219433, 0.11540271609719346]",1,1
1855,[0.50938884 0.45440824],189,2,"[0.5024518205038305, 0.49951185862123093]",1,1
1856,[0.70243634 0.60748121],134,28,"[0.6927507908564465, 0.5838673856131161]",1,1
1857,[0.10483348 0.22774304],156,-1,-1,-1,-1
1858,[0.2288949  0.63788331],96,1,"[0.22107066897961347, 0.6696810677158016]",1,1
1859,[0.56437667 0.33964522],133,42,"[0.5458733080394841, 0.3412829147526549]",1,1
1860,[0.2804137  0.77799013],190,17,"[0.2301371138388829, 0.7641408618065034]",1,1
1861,[0.21880735 0.70220653],96,1,"[0.22107066897961347, 0.6696810677158016]",1,1
1862,[0.41836937 0.41924035],163,7,"[0.4273546659005931, 0.4269260364999135]",1,1
1863,[0.75032012 0.66271263],22,14,"[0.7089724740211081, 0.6544231342208713]",1,1
1864,[0.24029656 0.13437177],13,67,"[0.2303196628900867, 0.16815252029208325]",1,1
1865,[0.23437088 0.6147541 ],96,1,"[0.22107066897961347, 0.6696810677158016]",1,1
1866,[0.55789626 0.17374788],16,57,"[0.5007238497755069, 0.18419059182843656]",1,1
1867,[0.76644737 0.2504743 ],23,47,"[0.7217953413945598, 0.22822029411039213]",1,1
1868,[0.79601846 0.62251555],175,5,"[0.7953608639286782, 0.6168187233126206]",1,1
1869,[0.37501536 0.23582203],71,10,"[0.37148333417120694, 0.24944416389451668]",1,1
1870,[0.75721279 0.40066024],173,30,"[0.7580695843089157, 0.3935081918113686]",1,1
1871,[0.45680095 0.75690154],54,44,"[0.44435344520974984, 0.7488209266773118]",1,1
1872,[0.79701248 0.64761733],66,5,"[0.7953608639286782, 0.6168187233126206]",1,1
1873,[0.2880619 0.3122436],155,3,"[0.3235063266336871, 0.33461183714880355]",1,1
1874,[0.52427407 0.37754171],170,31,"[0.5400240804927454, 0.40738252741516584]",1,1
1875,[0.28827133 0.31411461],105,3,"[0.3235063266336871, 0.33461183714880355]",1,1
1876,[0.74667194 0.96484582],6,-1,-1,-1,-1
1877,[0.53872257 0.84729498],79,36,"[0.5829771432189808, 0.8169033099012556]",1,1
1878,[0.48920685 0.62222644],60,33,"[0.45588344999420904, 0.6028673308001649]",1,1
1879,[0.86896557 0.6966833 ],103,51,"[0.8972177726939611, 0.6913263156754771]",1,1
1880,[0.32483349 0.30014274],35,3,"[0.3235063266336871, 0.33461183714880355]",1,1
1881,[0.81916187 0.60302924],95,5,"[0.7953608639286782, 0.6168187233126206]",1,1
1882,[0.84684365 0.41454509],136,38,"[0.8539290645900048, 0.4213018254875398]",1,1
1883,[0.41252264 0.7479074 ],165,44,"[0.44435344520974984, 0.7488209266773118]",1,1
1884,[0.39167236 0.2868549 ],122,10,"[0.37148333417120694, 0.24944416389451668]",1,1
1885,[0.43088017 0.33545809],71,8,"[0.41618301347274045, 0.3596744592461682]",1,1
1886,[0.31986263 0.66442758],183,25,"[0.30430520632062763, 0.7138690601951425]",1,1
1887,[0.31731548 0.65466449],36,13,"[0.36241232974600557, 0.6309844493278076]",1,1
1888,[0.85074338 0.26233676],117,76,"[0.8843661724411644, 0.2266254496800724]",1,1
1889,[0.50065236 0.66069313],119,52,"[0.5116200764966654, 0.6865858576040635]",1,1
1890,[0.46724197 0.3946306 ],181,7,"[0.4273546659005931, 0.4269260364999135]",1,1
1891,[0.84734737 0.73166519],104,24,"[0.8630035068407299, 0.7673481734339227]",1,1
1892,[0.34778333 0.35939744],72,3,"[0.3235063266336871, 0.33461183714880355]",1,1
1893,[0.88516165 0.33176156],192,49,"[0.8685967165987339, 0.3128684582162342]",1,1
1894,[0.37403313 0.53278159],167,6,"[0.38020019936110105, 0.5471383970348426]",1,1
1895,[0.62575866 0.87689289],87,54,"[0.5854097349506691, 0.9100485852722844]",1,1
1896,[0.12166506 0.79909746],157,61,"[0.1366641747948544, 0.8402144938031204]",-1,1
1897,[0.84130697 0.68160476],66,51,"[0.8972177726939611, 0.6913263156754771]",1,1
1898,[0.23125713 0.85494738],190,39,"[0.2236751500022769, 0.8584516816699893]",1,1
1899,[0.27795868 0.1857285 ],13,16,"[0.3118611029117372, 0.16376536784672374]",1,1
1900,[0.88986503 0.66142662],109,51,"[0.8972177726939611, 0.6913263156754771]",1,1
1901,[0.39373452 0.5231649 ],119,6,"[0.38020019936110105, 0.5471383970348426]",1,1
1902,[0.61955131 0.5568328 ],128,21,"[0.6071074116231209, 0.5636185288991872]",1,1
1903,[0.72152161 0.45896281],50,19,"[0.7663667848930258, 0.4930311606592395]",1,1
1904,[0.65836538 0.51495143],64,40,"[0.6712909514990475, 0.4941280455086865]",1,1
1905,[0.91365973 0.15063345],5,41,"[0.8811059389260741, 0.1550758676468474]",1,1
1906,[0.77188838 0.51634596],106,19,"[0.7663667848930258, 0.4930311606592395]",1,1
1907,[0.43354743 0.84618359],78,29,"[0.4641600933288023, 0.8713464558759588]",1,1
1908,[0.42713696 0.71823145],36,74,"[0.4152783020134458, 0.6862696487922317]",1,1
1909,[0.78184817 0.60546539],176,5,"[0.7953608639286782, 0.6168187233126206]",1,1
1910,[0.88118901 0.88951971],80,73,"[0.8950731705513539, 0.8851881641737208]",-1,1
1911,[0.84010747 0.65948531],38,12,"[0.8826700999759639, 0.6305318364576185]",1,1
1912,[0.8087275  0.30898256],142,70,"[0.7708431382552172, 0.3173198884189297]",1,1
1913,[0.89421347 0.25957981],23,76,"[0.8843661724411644, 0.2266254496800724]",1,1
1914,[0.87994408 0.85395115],80,73,"[0.8950731705513539, 0.8851881641737208]",1,1
1915,[0.81348409 0.66968154],21,0,"[0.7784741994701768, 0.7044037617777907]",1,1
1916,[0.81621916 0.62327798],66,5,"[0.7953608639286782, 0.6168187233126206]",1,1
1917,[0.19081016 0.3711636 ],4,71,"[0.23157753674578868, 0.33441449604179047]",-1,-1
1918,[0.6518996  0.41021193],125,56,"[0.6640454435692837, 0.40975943744606363]",1,1
1919,[0.53118964 0.96568982],138,-1,-1,-1,-1
1920,[0.58189988 0.8482565 ],138,36,"[0.5829771432189808, 0.8169033099012556]",1,1
1921,[0.49949772 0.2392709 ],133,48,"[0.4719943011809362, 0.24797208799352313]",1,1
1922,[0.34630454 0.36040767],40,3,"[0.3235063266336871, 0.33461183714880355]",1,1
1923,[0.75199122 0.81770336],120,11,"[0.7510727793684858, 0.795366838735144]",1,1
1924,[0.86790582 0.19835254],23,76,"[0.8843661724411644, 0.2266254496800724]",1,1
1925,[0.20131658 0.63397081],113,1,"[0.22107066897961347, 0.6696810677158016]",1,1
1926,[0.685924   0.50707665],125,40,"[0.6712909514990475, 0.4941280455086865]",1,1
1927,[0.44523976 0.75498233],56,44,"[0.44435344520974984, 0.7488209266773118]",1,1
1928,[0.29268372 0.41611631],69,32,"[0.26968485572316336, 0.43373699024705276]",1,1
1929,[0.81082236 0.71146149],168,0,"[0.7784741994701768, 0.7044037617777907]",1,1
1930,[0.48057725 0.47929525],42,2,"[0.5024518205038305, 0.49951185862123093]",1,1
1931,[0.24356207 0.2201222 ],13,62,"[0.2334814196640526, 0.25309871642198517]",1,1
1932,[0.25637599 0.42662969],69,32,"[0.26968485572316336, 0.43373699024705276]",1,1
1933,[0.48224373 0.73917769],159,44,"[0.44435344520974984, 0.7488209266773118]",1,1
1934,[0.29546576 0.17990838],105,16,"[0.3118611029117372, 0.16376536784672374]",1,1
1935,[0.91082825 0.44427461],192,77,"[0.9284253959436438, 0.4561275365969756]",1,1
1936,[0.87314467 0.17048322],5,41,"[0.8811059389260741, 0.1550758676468474]",1,1
1937,[0.13184052 0.25584089],75,64,"[0.1458200046247581, 0.29929120028358097]",-1,-1
1938,[0.35560473 0.22353037],146,10,"[0.37148333417120694, 0.24944416389451668]",1,1
1939,[0.22035    0.14154376],91,67,"[0.2303196628900867, 0.16815252029208325]",1,1
1940,[0.67097964 0.64622104],22,14,"[0.7089724740211081, 0.6544231342208713]",1,1
1941,[0.39524466 0.6160817 ],10,13,"[0.36241232974600557, 0.6309844493278076]",1,1
1942,[0.89406342 0.80336931],46,66,"[0.9324553465657046, 0.776828950057317]",1,1
1943,[0.18417146 0.3360873 ],86,71,"[0.23157753674578868, 0.33441449604179047]",1,1
1944,[0.73954975 0.203353  ],25,47,"[0.7217953413945598, 0.22822029411039213]",1,1
1945,[0.34572526 0.37616356],40,3,"[0.3235063266336871, 0.33461183714880355]",1,1
1946,[0.34917926 0.67608032],183,13,"[0.36241232974600557, 0.6309844493278076]",1,1
1947,[0.63358046 0.69436953],151,9,"[0.6237322255940398, 0.691218295634155]",1,1
1948,[0.40515172 0.59033485],0,6,"[0.38020019936110105, 0.5471383970348426]",1,1
1949,[0.68572795 0.64771149],61,14,"[0.7089724740211081, 0.6544231342208713]",1,1
1950,[0.78333801 0.64201559],175,5,"[0.7953608639286782, 0.6168187233126206]",1,1
1951,[0.39461518 0.17969515],169,53,"[0.41694185455227084, 0.18169954357352067]",1,1
1952,[0.63523313 0.64160454],161,9,"[0.6237322255940398, 0.691218295634155]",1,1
1953,[0.36388134 0.84529549],82,58,"[0.3708417752060759, 0.8634429047703029]",1,1
1954,[0.5224871  0.60760522],81,18,"[0.5381496370992983, 0.6131391883699626]",1,1
1955,[0.29654097 0.76156439],97,25,"[0.30430520632062763, 0.7138690601951425]",1,1
1956,[0.74927056 0.39968621],162,30,"[0.7580695843089157, 0.3935081918113686]",1,1
1957,[0.54628847 0.83775537],100,36,"[0.5829771432189808, 0.8169033099012556]",1,1
1958,[0.40400724 0.87046115],198,58,"[0.3708417752060759, 0.8634429047703029]",1,1
1959,[0.77892648 0.48207087],102,19,"[0.7663667848930258, 0.4930311606592395]",1,1
1960,[0.54183716 0.26653148],16,46,"[0.5424312759978817, 0.248726341237992]",1,1
1961,[0.66783714 0.71515525],76,9,"[0.6237322255940398, 0.691218295634155]",1,1
1962,[0.97099125 0.36284255],192,-1,-1,-1,-1
1963,[0.923768  0.4356644],193,77,"[0.9284253959436438, 0.4561275365969756]",1,1
1964,[0.66794368 0.63206757],134,14,"[0.7089724740211081, 0.6544231342208713]",1,1
1965,[0.61634755 0.75209573],24,9,"[0.6237322255940398, 0.691218295634155]",-1,1
1966,[0.37257376 0.2818755 ],135,10,"[0.37148333417120694, 0.24944416389451668]",1,1
1967,[0.33601865 0.16937203],105,16,"[0.3118611029117372, 0.16376536784672374]",1,1
1968,[0.5685159  0.17395878],92,15,"[0.6138854682707487, 0.21644294068373804]",1,1
1969,[0.28031535 0.8672148 ],144,50,"[0.29667857144249377, 0.8345152778008239]",1,1
1970,[0.19613324 0.84365917],148,39,"[0.2236751500022769, 0.8584516816699893]",1,1
1971,[0.08374885 0.63824403],110,68,"[0.11152887350079589, 0.6745036796864589]",-1,-1
1972,[0.83002796 0.81139318],150,60,"[0.8244781957938515, 0.8278967352544853]",1,1
1973,[0.62917245 0.18748522],16,15,"[0.6138854682707487, 0.21644294068373804]",1,1
1974,[0.7373434  0.15428291],25,35,"[0.780526480219433, 0.11540271609719346]",1,1
1975,[0.44668545 0.26124399],108,48,"[0.4719943011809362, 0.24797208799352313]",1,1
1976,[0.36472114 0.59206192],177,13,"[0.36241232974600557, 0.6309844493278076]",1,1
1977,[0.72258627 0.5281425 ],121,19,"[0.7663667848930258, 0.4930311606592395]",1,1
1978,[0.62302102 0.12624554],92,65,"[0.5719316689049251, 0.10395756489089053]",1,1
1979,[0.71052129 0.78804878],150,75,"[0.6962893136043324, 0.7602055829908452]",1,1
1980,[0.21514348 0.74135128],113,17,"[0.2301371138388829, 0.7641408618065034]",1,1
1981,[0.14529156 0.62051339],110,20,"[0.1717337679288845, 0.5885766110632076]",1,1
1982,[0.79710281 0.77785259],6,11,"[0.7510727793684858, 0.795366838735144]",1,1
1983,[0.55703882 0.59797511],132,18,"[0.5381496370992983, 0.6131391883699626]",1,1
1984,[0.32936239 0.48658045],182,45,"[0.3605270625168716, 0.45007103122278613]",1,1
1985,[0.45427932 0.25444396],17,48,"[0.4719943011809362, 0.24797208799352313]",1,1
1986,[0.50013865 0.97935793],44,-1,-1,-1,-1
1987,[0.26099983 0.68533773],183,1,"[0.22107066897961347, 0.6696810677158016]",1,1
1988,[0.50731985 0.76750263],51,4,"[0.5052410750336451, 0.7829018354278361]",1,1
1989,[0.47573731 0.25619372],108,48,"[0.4719943011809362, 0.24797208799352313]",1,1
1990,[0.79094836 0.68101775],48,0,"[0.7784741994701768, 0.7044037617777907]",1,1
1991,[0.69676814 0.552261  ],68,28,"[0.6927507908564465, 0.5838673856131161]",1,1
1992,[0.22189665 0.18102199],31,67,"[0.2303196628900867, 0.16815252029208325]",1,1
1993,[0.42206419 0.39406901],180,7,"[0.4273546659005931, 0.4269260364999135]",1,1
1994,[0.47956158 0.80438801],51,4,"[0.5052410750336451, 0.7829018354278361]",1,1
1995,[0.82966257 0.62571265],176,5,"[0.7953608639286782, 0.6168187233126206]",1,1
1996,[0.52479358 0.20642497],197,57,"[0.5007238497755069, 0.18419059182843656]",1,1
1997,[0.52244756 0.76050992],79,4,"[0.5052410750336451, 0.7829018354278361]",1,1
1998,[0.48905839 0.51095184],60,2,"[0.5024518205038305, 0.49951185862123093]",1,1
1999,[0.62369411 0.49551015],189,40,"[0.6712909514990475, 0.4941280455086865]",1,1
