,datum,blob,snowball_label,snowball_center,hdbscan_eom_label,hdbscan_leaf_label
0,[0.46323118 0.5350946 ],0,11,"[0.49938032904462065, 0.5156871274318987]",17,-1
1,[0.51115434 0.53031011],0,11,"[0.49938032904462065, 0.5156871274318987]",16,17
2,[0.6121548  0.38569534],0,5,"[0.6219127749174811, 0.3458311877021472]",16,17
3,[0.60736204 0.57179999],0,33,"[0.6199120629460765, 0.5881656396515723]",16,17
4,[0.61871215 0.54291195],0,22,"[0.6412173962499937, 0.5201488156715416]",16,17
5,[0.59141736 0.47607686],0,30,"[0.5702334027952285, 0.45514065597475695]",16,17
6,[0.45227723 0.39470053],0,32,"[0.4251121980637589, 0.3441665776791453]",16,17
7,[0.44698952 0.71445716],0,47,"[0.43099389519308984, 0.7561872833758735]",6,9
8,[0.52107717 0.46958876],0,11,"[0.49938032904462065, 0.5156871274318987]",16,-1
9,[0.56688361 0.48296923],0,30,"[0.5702334027952285, 0.45514065597475695]",16,17
10,[0.48649007 0.37430385],0,23,"[0.5054573664263023, 0.33647523712708816]",-1,-1
11,[0.51657175 0.58136726],0,35,"[0.5627594231674726, 0.6027140832798153]",16,18
12,[0.46094813 0.61732527],0,38,"[0.47792908248124544, 0.6224764112241679]",16,18
13,[0.51898082 0.58328953],0,35,"[0.5627594231674726, 0.6027140832798153]",16,18
14,[0.5440874  0.44907357],0,30,"[0.5702334027952285, 0.45514065597475695]",16,17
15,[0.43878191 0.5057483 ],0,28,"[0.41338354166619307, 0.47647202831218105]",-1,-1
16,[0.44365949 0.46671483],0,28,"[0.41338354166619307, 0.47647202831218105]",18,15
17,[0.46825571 0.46172535],0,28,"[0.41338354166619307, 0.47647202831218105]",18,-1
18,[0.495929  0.5306865],0,11,"[0.49938032904462065, 0.5156871274318987]",16,17
19,[0.44936867 0.54191356],0,11,"[0.49938032904462065, 0.5156871274318987]",17,-1
20,[0.50804351 0.51547132],0,11,"[0.49938032904462065, 0.5156871274318987]",16,17
21,[0.62528644 0.54569257],0,22,"[0.6412173962499937, 0.5201488156715416]",16,17
22,[0.44024658 0.51891409],0,28,"[0.41338354166619307, 0.47647202831218105]",-1,-1
23,[0.55701891 0.45752697],0,30,"[0.5702334027952285, 0.45514065597475695]",16,17
24,[0.47978342 0.46612259],0,11,"[0.49938032904462065, 0.5156871274318987]",16,-1
25,[0.55857208 0.50972491],0,39,"[0.5758698130208451, 0.5301563831393514]",16,17
26,[0.40906752 0.51847546],0,28,"[0.41338354166619307, 0.47647202831218105]",-1,-1
27,[0.4561218  0.52446627],0,11,"[0.49938032904462065, 0.5156871274318987]",17,-1
28,[0.41788866 0.55231971],0,43,"[0.37749747809746576, 0.5943696060552268]",-1,-1
29,[0.45206842 0.48379019],0,28,"[0.41338354166619307, 0.47647202831218105]",18,15
30,[0.4133842  0.46583743],0,28,"[0.41338354166619307, 0.47647202831218105]",18,15
31,[0.50764398 0.47245615],0,11,"[0.49938032904462065, 0.5156871274318987]",16,17
32,[0.45625756 0.51764575],0,11,"[0.49938032904462065, 0.5156871274318987]",17,-1
33,[0.45103471 0.49280187],0,28,"[0.41338354166619307, 0.47647202831218105]",17,-1
34,[0.51980711 0.39689771],0,29,"[0.5170986733347275, 0.40577494456770846]",16,17
35,[0.48503743 0.58556543],0,38,"[0.47792908248124544, 0.6224764112241679]",16,18
36,[0.40748634 0.51463149],0,28,"[0.41338354166619307, 0.47647202831218105]",-1,-1
37,[0.40745866 0.45619341],0,28,"[0.41338354166619307, 0.47647202831218105]",18,15
38,[0.47623298 0.33500996],0,23,"[0.5054573664263023, 0.33647523712708816]",16,17
39,[0.39163115 0.5686723 ],0,43,"[0.37749747809746576, 0.5943696060552268]",-1,-1
40,[0.43729499 0.19547697],1,8,"[0.4504714089187878, 0.24378281550957484]",16,17
41,[0.41076973 0.38777971],1,32,"[0.4251121980637589, 0.3441665776791453]",-1,-1
42,[0.43494947 0.21976099],1,8,"[0.4504714089187878, 0.24378281550957484]",16,17
43,[0.45588467 0.25042268],1,8,"[0.4504714089187878, 0.24378281550957484]",16,-1
44,[0.43622634 0.22657279],1,8,"[0.4504714089187878, 0.24378281550957484]",16,17
45,[0.44783129 0.28146966],1,8,"[0.4504714089187878, 0.24378281550957484]",16,17
46,[0.47878944 0.23228654],1,8,"[0.4504714089187878, 0.24378281550957484]",16,17
47,[0.5899873  0.17997594],1,42,"[0.6393846614444835, 0.19259346825000226]",16,17
48,[0.50684801 0.20697523],1,10,"[0.5125028850715635, 0.21272172560237074]",16,17
49,[0.48892054 0.33740259],1,23,"[0.5054573664263023, 0.33647523712708816]",16,17
50,[0.51063128 0.17526933],1,10,"[0.5125028850715635, 0.21272172560237074]",16,-1
51,[0.52201537 0.2380168 ],1,10,"[0.5125028850715635, 0.21272172560237074]",16,17
52,[0.40537178 0.33721748],1,32,"[0.4251121980637589, 0.3441665776791453]",16,17
53,[0.59210057 0.27945183],1,9,"[0.5913155677590582, 0.27071636574266844]",16,17
54,[0.56454981 0.1648726 ],1,4,"[0.5573358588469737, 0.13747652462106147]",16,17
55,[0.52881312 0.35857506],1,23,"[0.5054573664263023, 0.33647523712708816]",16,17
56,[0.52964529 0.41924595],1,29,"[0.5170986733347275, 0.40577494456770846]",16,17
57,[0.55050633 0.26605194],1,9,"[0.5913155677590582, 0.27071636574266844]",-1,-1
58,[0.4339673  0.25663501],1,8,"[0.4504714089187878, 0.24378281550957484]",16,17
59,[0.45291968 0.21420958],1,8,"[0.4504714089187878, 0.24378281550957484]",16,17
60,[0.59281393 0.24764128],1,9,"[0.5913155677590582, 0.27071636574266844]",16,17
61,[0.59628149 0.33448158],1,5,"[0.6219127749174811, 0.3458311877021472]",16,17
62,[0.42387777 0.28310829],1,8,"[0.4504714089187878, 0.24378281550957484]",16,17
63,[0.50526666 0.14475509],1,4,"[0.5573358588469737, 0.13747652462106147]",-1,-1
64,[0.57537627 0.36366607],1,5,"[0.6219127749174811, 0.3458311877021472]",16,17
65,[0.54075625 0.36874866],1,29,"[0.5170986733347275, 0.40577494456770846]",16,17
66,[0.52523911 0.23832476],1,10,"[0.5125028850715635, 0.21272172560237074]",16,17
67,[0.498375   0.33176105],1,23,"[0.5054573664263023, 0.33647523712708816]",16,17
68,[0.54904392 0.25780995],1,9,"[0.5913155677590582, 0.27071636574266844]",-1,-1
69,[0.5938022  0.21801287],1,42,"[0.6393846614444835, 0.19259346825000226]",16,17
70,[0.49672381 0.21612172],1,10,"[0.5125028850715635, 0.21272172560237074]",16,17
71,[0.45122983 0.31651956],1,32,"[0.4251121980637589, 0.3441665776791453]",16,17
72,[0.55109987 0.18972739],1,10,"[0.5125028850715635, 0.21272172560237074]",16,17
73,[0.54031425 0.23026426],1,10,"[0.5125028850715635, 0.21272172560237074]",16,17
74,[0.47789146 0.29350329],1,23,"[0.5054573664263023, 0.33647523712708816]",16,17
75,[0.40718981 0.25246655],1,8,"[0.4504714089187878, 0.24378281550957484]",16,17
76,[0.50406595 0.28296627],1,23,"[0.5054573664263023, 0.33647523712708816]",16,17
77,[0.49748227 0.22596708],1,10,"[0.5125028850715635, 0.21272172560237074]",16,17
78,[0.51017447 0.28623412],1,23,"[0.5054573664263023, 0.33647523712708816]",16,17
79,[0.53087374 0.12041285],1,4,"[0.5573358588469737, 0.13747652462106147]",-1,-1
80,[0.70990693 0.38842688],2,0,"[0.6931627615392556, 0.3815800684708607]",16,17
81,[0.69489565 0.38207516],2,0,"[0.6931627615392556, 0.3815800684708607]",16,17
82,[0.72771548 0.38602714],2,0,"[0.6931627615392556, 0.3815800684708607]",16,17
83,[0.73142544 0.34908052],2,15,"[0.7557054119964618, 0.3426596134267281]",16,17
84,[0.71646236 0.41678577],2,0,"[0.6931627615392556, 0.3815800684708607]",16,17
85,[0.80248636 0.45298503],2,6,"[0.7882447957584383, 0.44458351122282763]",16,17
86,[0.62911276 0.352682  ],2,5,"[0.6219127749174811, 0.3458311877021472]",16,17
87,[0.67908914 0.43860992],2,19,"[0.7100699458052151, 0.46188765954194844]",16,17
88,[0.80283029 0.44585342],2,6,"[0.7882447957584383, 0.44458351122282763]",16,17
89,[0.6040616  0.43763678],2,3,"[0.6310899028624785, 0.4327585339522149]",16,17
90,[0.73169492 0.37441864],2,0,"[0.6931627615392556, 0.3815800684708607]",16,17
91,[0.5940641  0.40793363],2,3,"[0.6310899028624785, 0.4327585339522149]",16,17
92,[0.70167926 0.37761461],2,0,"[0.6931627615392556, 0.3815800684708607]",16,17
93,[0.69634428 0.41339202],2,0,"[0.6931627615392556, 0.3815800684708607]",16,17
94,[0.7411656 0.2957069],2,15,"[0.7557054119964618, 0.3426596134267281]",-1,-1
95,[0.80151469 0.33055657],2,15,"[0.7557054119964618, 0.3426596134267281]",16,17
96,[0.80046239 0.40816138],2,6,"[0.7882447957584383, 0.44458351122282763]",16,17
97,[0.76270884 0.36936474],2,15,"[0.7557054119964618, 0.3426596134267281]",16,17
98,[0.7135701  0.31348154],2,16,"[0.6946070591632252, 0.27135441201240945]",16,-1
99,[0.78061946 0.50067253],2,24,"[0.7448615304228973, 0.5234988764106225]",16,17
100,[0.73240577 0.36573185],2,15,"[0.7557054119964618, 0.3426596134267281]",16,17
101,[0.68843295 0.41466292],2,0,"[0.6931627615392556, 0.3815800684708607]",16,17
102,[0.56589239 0.42989321],2,30,"[0.5702334027952285, 0.45514065597475695]",16,17
103,[0.64204258 0.32021336],2,5,"[0.6219127749174811, 0.3458311877021472]",16,17
104,[0.69244859 0.37314045],2,0,"[0.6931627615392556, 0.3815800684708607]",16,17
105,[0.84132155 0.41862928],2,49,"[0.8595522819233805, 0.37427628092032356]",-1,-1
106,[0.8010502  0.32849863],2,15,"[0.7557054119964618, 0.3426596134267281]",16,17
107,[0.78287841 0.46816611],2,6,"[0.7882447957584383, 0.44458351122282763]",16,17
108,[0.7035969  0.28091064],2,16,"[0.6946070591632252, 0.27135441201240945]",16,17
109,[0.72946954 0.35459987],2,15,"[0.7557054119964618, 0.3426596134267281]",16,17
110,[0.6882231  0.26163507],2,16,"[0.6946070591632252, 0.27135441201240945]",16,17
111,[0.77329518 0.27374254],2,45,"[0.8194253557529549, 0.26944854478346947]",-1,-1
112,[0.65867098 0.40915439],2,3,"[0.6310899028624785, 0.4327585339522149]",16,17
113,[0.69670126 0.33287568],2,0,"[0.6931627615392556, 0.3815800684708607]",16,17
114,[0.73778954 0.34940491],2,15,"[0.7557054119964618, 0.3426596134267281]",16,17
115,[0.70748339 0.34316912],2,0,"[0.6931627615392556, 0.3815800684708607]",16,17
116,[0.62269978 0.32634088],2,5,"[0.6219127749174811, 0.3458311877021472]",16,17
117,[0.69797787 0.52940241],2,24,"[0.7448615304228973, 0.5234988764106225]",16,17
118,[0.66309935 0.41050811],2,3,"[0.6310899028624785, 0.4327585339522149]",16,17
119,[0.65685058 0.40274467],2,3,"[0.6310899028624785, 0.4327585339522149]",16,17
120,[0.59580875 0.65713706],3,21,"[0.6172716789774699, 0.6610353881131104]",16,17
121,[0.66534008 0.74123414],3,1,"[0.70862059846081, 0.7152813583884687]",16,17
122,[0.71663724 0.81159669],3,18,"[0.6988779897200863, 0.7834770781342104]",16,-1
123,[0.61400719 0.84184215],3,31,"[0.6251609496125403, 0.8352171944840032]",-1,14
124,[0.82269818 0.72042726],3,7,"[0.8183795810148307, 0.737703610258249]",16,17
125,[0.58277337 0.74118885],3,17,"[0.6041428535245666, 0.7182380791755969]",16,-1
126,[0.73598277 0.68340652],3,1,"[0.70862059846081, 0.7152813583884687]",16,17
127,[0.71640733 0.67001951],3,2,"[0.7003614937405056, 0.6488756530213964]",16,17
128,[0.66794556 0.80786898],3,18,"[0.6988779897200863, 0.7834770781342104]",16,-1
129,[0.708948   0.73006241],3,1,"[0.70862059846081, 0.7152813583884687]",16,17
130,[0.72076239 0.73440444],3,1,"[0.70862059846081, 0.7152813583884687]",16,17
131,[0.72509033 0.62167333],3,2,"[0.7003614937405056, 0.6488756530213964]",16,17
132,[0.60837398 0.69445184],3,17,"[0.6041428535245666, 0.7182380791755969]",16,17
133,[0.71964755 0.77923078],3,18,"[0.6988779897200863, 0.7834770781342104]",16,17
134,[0.74248177 0.75643329],3,18,"[0.6988779897200863, 0.7834770781342104]",16,17
135,[0.69416915 0.70040619],3,1,"[0.70862059846081, 0.7152813583884687]",16,17
136,[0.63797725 0.80776565],3,31,"[0.6251609496125403, 0.8352171944840032]",16,-1
137,[0.6346362  0.69894308],3,17,"[0.6041428535245666, 0.7182380791755969]",16,17
138,[0.73192472 0.7939942 ],3,18,"[0.6988779897200863, 0.7834770781342104]",16,17
139,[0.70501446 0.70278381],3,1,"[0.70862059846081, 0.7152813583884687]",16,17
140,[0.59247041 0.63388813],3,21,"[0.6172716789774699, 0.6610353881131104]",16,17
141,[0.64760553 0.8650434 ],3,31,"[0.6251609496125403, 0.8352171944840032]",-1,-1
142,[0.7329219  0.71536572],3,1,"[0.70862059846081, 0.7152813583884687]",16,17
143,[0.56783339 0.6462987 ],3,35,"[0.5627594231674726, 0.6027140832798153]",16,17
144,[0.69405283 0.74630873],3,1,"[0.70862059846081, 0.7152813583884687]",16,17
145,[0.72490939 0.69654957],3,1,"[0.70862059846081, 0.7152813583884687]",16,17
146,[0.80242351 0.82194906],3,-1,-1,1,0
147,[0.86998488 0.64191602],3,-1,-1,-1,-1
148,[0.65060792 0.73262677],3,17,"[0.6041428535245666, 0.7182380791755969]",16,17
149,[0.74621941 0.75159412],3,1,"[0.70862059846081, 0.7152813583884687]",16,17
150,[0.80236545 0.74711424],3,7,"[0.8183795810148307, 0.737703610258249]",16,17
151,[0.63015186 0.71761582],3,17,"[0.6041428535245666, 0.7182380791755969]",16,17
152,[0.67187893 0.61831527],3,13,"[0.687764963213202, 0.587329037740085]",16,17
153,[0.60229014 0.7238864 ],3,17,"[0.6041428535245666, 0.7182380791755969]",16,17
154,[0.72325989 0.71938357],3,1,"[0.70862059846081, 0.7152813583884687]",16,17
155,[0.70853549 0.65916553],3,2,"[0.7003614937405056, 0.6488756530213964]",16,17
156,[0.63581118 0.74207104],3,17,"[0.6041428535245666, 0.7182380791755969]",16,17
157,[0.78460547 0.68577853],3,7,"[0.8183795810148307, 0.737703610258249]",16,17
158,[0.76589141 0.91343471],3,46,"[0.7968090941949939, 0.9114488796507013]",-1,-1
159,[0.76974569 0.71091256],3,7,"[0.8183795810148307, 0.737703610258249]",16,17
160,[0.06769405 0.38650001],4,-1,-1,-1,-1
161,[0.16430488 0.38858914],4,26,"[0.130049889324261, 0.3510946889535129]",10,-1
162,[0.18870953 0.48526879],4,27,"[0.18348109069866772, 0.4795356768884537]",14,12
163,[0.16693638 0.3190611 ],4,26,"[0.130049889324261, 0.3510946889535129]",-1,-1
164,[0.20207234 0.20277394],4,-1,-1,-1,-1
165,[0.05040637 0.39133036],4,-1,-1,-1,-1
166,[0.15012453 0.44940016],4,27,"[0.18348109069866772, 0.4795356768884537]",14,12
167,[0.26059416 0.29173984],4,14,"[0.24954344130192369, 0.2757930499536998]",16,16
168,[0.21445066 0.41289816],4,34,"[0.2605009760091141, 0.42060134435556124]",-1,-1
169,[0.18062839 0.22504496],4,-1,-1,-1,-1
170,[0.12175722 0.35445059],4,26,"[0.130049889324261, 0.3510946889535129]",-1,-1
171,[0.27763747 0.3969857 ],4,34,"[0.2605009760091141, 0.42060134435556124]",15,11
172,[0.1385955  0.20794114],4,-1,-1,-1,-1
173,[0.17897491 0.29173075],4,-1,-1,-1,-1
174,[0.16237536 0.34799826],4,26,"[0.130049889324261, 0.3510946889535129]",-1,-1
175,[0.10433615 0.41682424],4,-1,-1,-1,-1
176,[0.13751707 0.28076293],4,-1,-1,-1,-1
177,[0.01772498 0.34455093],4,-1,-1,-1,-1
178,[0.19880856 0.32866753],4,-1,-1,-1,-1
179,[0.33267391 0.33237232],4,37,"[0.33645493418484457, 0.3640509520892426]",16,17
180,[0.28656006 0.29272852],4,14,"[0.24954344130192369, 0.2757930499536998]",16,16
181,[0.31417055 0.25254035],4,12,"[0.35989338958527206, 0.25320034427900406]",16,17
182,[0.19976744 0.26314288],4,14,"[0.24954344130192369, 0.2757930499536998]",-1,-1
183,[0.1934293  0.32148368],4,26,"[0.130049889324261, 0.3510946889535129]",-1,-1
184,[0.29119055 0.38768936],4,34,"[0.2605009760091141, 0.42060134435556124]",15,-1
185,[0.30678373 0.34129821],4,37,"[0.33645493418484457, 0.3640509520892426]",16,17
186,[0.27856754 0.3287778 ],4,14,"[0.24954344130192369, 0.2757930499536998]",16,16
187,[0.10180645 0.23540806],4,-1,-1,-1,-1
188,[0.13449673 0.28309198],4,26,"[0.130049889324261, 0.3510946889535129]",-1,-1
189,[0.26558891 0.3422292 ],4,14,"[0.24954344130192369, 0.2757930499536998]",-1,-1
190,[0.18369345 0.39049894],4,26,"[0.130049889324261, 0.3510946889535129]",10,-1
191,[0.0809735  0.25870976],4,-1,-1,-1,-1
192,[0.30254876 0.30891367],4,14,"[0.24954344130192369, 0.2757930499536998]",16,16
193,[0.24722035 0.37808375],4,34,"[0.2605009760091141, 0.42060134435556124]",-1,-1
194,[0.09953477 0.29669369],4,26,"[0.130049889324261, 0.3510946889535129]",-1,-1
195,[0.27634229 0.30225821],4,14,"[0.24954344130192369, 0.2757930499536998]",16,16
196,[0.16453533 0.27324268],4,-1,-1,-1,-1
197,[0.20905482 0.34390775],4,-1,-1,-1,-1
198,[0.21748801 0.28549386],4,14,"[0.24954344130192369, 0.2757930499536998]",-1,-1
199,[0.26738921 0.3115467 ],4,14,"[0.24954344130192369, 0.2757930499536998]",16,16
200,[0.82547005 0.6859046 ],5,7,"[0.8183795810148307, 0.737703610258249]",-1,-1
201,[0.68201906 0.68237654],5,2,"[0.7003614937405056, 0.6488756530213964]",16,17
202,[0.66335601 0.76013352],5,18,"[0.6988779897200863, 0.7834770781342104]",16,17
203,[0.64004228 0.63160811],5,21,"[0.6172716789774699, 0.6610353881131104]",16,17
204,[0.62954949 0.64755891],5,21,"[0.6172716789774699, 0.6610353881131104]",16,17
205,[0.71238436 0.7130147 ],5,1,"[0.70862059846081, 0.7152813583884687]",16,17
206,[0.68467916 0.79194931],5,18,"[0.6988779897200863, 0.7834770781342104]",16,17
207,[0.69457916 0.76961937],5,18,"[0.6988779897200863, 0.7834770781342104]",16,17
208,[0.65833155 0.65351281],5,21,"[0.6172716789774699, 0.6610353881131104]",16,17
209,[0.66865195 0.76408456],5,18,"[0.6988779897200863, 0.7834770781342104]",16,17
210,[0.59291812 0.66113018],5,21,"[0.6172716789774699, 0.6610353881131104]",16,17
211,[0.6557384  0.69199746],5,21,"[0.6172716789774699, 0.6610353881131104]",16,17
212,[0.66706031 0.75642631],5,18,"[0.6988779897200863, 0.7834770781342104]",16,17
213,[0.72222239 0.69274701],5,1,"[0.70862059846081, 0.7152813583884687]",16,17
214,[0.57723987 0.71370323],5,17,"[0.6041428535245666, 0.7182380791755969]",16,17
215,[0.53273355 0.72511154],5,-1,-1,6,9
216,[0.64929292 0.68365767],5,21,"[0.6172716789774699, 0.6610353881131104]",16,17
217,[0.55324203 0.78202   ],5,25,"[0.5236318109422619, 0.8012464978987384]",6,9
218,[0.76717945 0.7449009 ],5,7,"[0.8183795810148307, 0.737703610258249]",16,17
219,[0.67672234 0.75122796],5,18,"[0.6988779897200863, 0.7834770781342104]",16,17
220,[0.69997344 0.66435979],5,2,"[0.7003614937405056, 0.6488756530213964]",16,17
221,[0.56273347 0.82244847],5,25,"[0.5236318109422619, 0.8012464978987384]",-1,-1
222,[0.68028105 0.79234633],5,18,"[0.6988779897200863, 0.7834770781342104]",16,17
223,[0.54957044 0.72883766],5,17,"[0.6041428535245666, 0.7182380791755969]",-1,-1
224,[0.64417554 0.81513398],5,31,"[0.6251609496125403, 0.8352171944840032]",16,-1
225,[0.58423413 0.71871402],5,17,"[0.6041428535245666, 0.7182380791755969]",16,17
226,[0.62835791 0.85234457],5,31,"[0.6251609496125403, 0.8352171944840032]",-1,-1
227,[0.56616376 0.69185441],5,17,"[0.6041428535245666, 0.7182380791755969]",16,17
228,[0.59278335 0.70195994],5,17,"[0.6041428535245666, 0.7182380791755969]",16,17
229,[0.70233315 0.69924685],5,1,"[0.70862059846081, 0.7152813583884687]",16,17
230,[0.68541318 0.77309606],5,18,"[0.6988779897200863, 0.7834770781342104]",16,17
231,[0.79276655 0.70198984],5,7,"[0.8183795810148307, 0.737703610258249]",16,17
232,[0.5975623  0.72425406],5,17,"[0.6041428535245666, 0.7182380791755969]",16,17
233,[0.64169607 0.71618457],5,17,"[0.6041428535245666, 0.7182380791755969]",16,17
234,[0.70744343 0.70353431],5,1,"[0.70862059846081, 0.7152813583884687]",16,17
235,[0.65454889 0.77764038],5,18,"[0.6988779897200863, 0.7834770781342104]",16,-1
236,[0.46634279 0.7052912 ],5,47,"[0.43099389519308984, 0.7561872833758735]",6,9
237,[0.69097143 0.69318989],5,1,"[0.70862059846081, 0.7152813583884687]",16,17
238,[0.68490166 0.7619726 ],5,18,"[0.6988779897200863, 0.7834770781342104]",16,17
239,[0.75562036 0.74548481],5,1,"[0.70862059846081, 0.7152813583884687]",16,17
240,[0.79666095 0.60497372],6,20,"[0.7653811495802203, 0.5983352981846829]",16,17
241,[0.59754523 0.58061146],6,33,"[0.6199120629460765, 0.5881656396515723]",16,17
242,[0.73360374 0.64102772],6,2,"[0.7003614937405056, 0.6488756530213964]",16,17
243,[0.76108057 0.59952374],6,20,"[0.7653811495802203, 0.5983352981846829]",16,17
244,[0.65826699 0.47157554],6,3,"[0.6310899028624785, 0.4327585339522149]",16,17
245,[0.71976659 0.75230279],6,18,"[0.6988779897200863, 0.7834770781342104]",16,17
246,[0.6577281  0.40828715],6,3,"[0.6310899028624785, 0.4327585339522149]",16,17
247,[0.72865303 0.45476818],6,19,"[0.7100699458052151, 0.46188765954194844]",16,17
248,[0.6641089  0.59052962],6,13,"[0.687764963213202, 0.587329037740085]",16,17
249,[0.66437845 0.44556286],6,3,"[0.6310899028624785, 0.4327585339522149]",16,17
250,[0.72053175 0.47943414],6,19,"[0.7100699458052151, 0.46188765954194844]",16,17
251,[0.6640844  0.41988691],6,3,"[0.6310899028624785, 0.4327585339522149]",16,17
252,[0.77363693 0.47464431],6,6,"[0.7882447957584383, 0.44458351122282763]",16,17
253,[0.72962175 0.43615016],6,19,"[0.7100699458052151, 0.46188765954194844]",16,17
254,[0.75578785 0.50314212],6,24,"[0.7448615304228973, 0.5234988764106225]",16,17
255,[0.74207229 0.46358122],6,19,"[0.7100699458052151, 0.46188765954194844]",16,17
256,[0.61330256 0.45800231],6,3,"[0.6310899028624785, 0.4327585339522149]",16,17
257,[0.6863011  0.58832282],6,13,"[0.687764963213202, 0.587329037740085]",16,17
258,[0.71841133 0.53655557],6,24,"[0.7448615304228973, 0.5234988764106225]",16,17
259,[0.88501865 0.5789693 ],6,44,"[0.8476356259506711, 0.5583543667186437]",-1,-1
260,[0.68654802 0.45945774],6,19,"[0.7100699458052151, 0.46188765954194844]",16,17
261,[0.65374783 0.44580661],6,3,"[0.6310899028624785, 0.4327585339522149]",16,17
262,[0.85023167 0.51959982],6,44,"[0.8476356259506711, 0.5583543667186437]",-1,-1
263,[0.81322223 0.45702996],6,6,"[0.7882447957584383, 0.44458351122282763]",16,17
264,[0.76532347 0.408461  ],6,6,"[0.7882447957584383, 0.44458351122282763]",16,17
265,[0.6068876  0.34999832],6,5,"[0.6219127749174811, 0.3458311877021472]",16,17
266,[0.73076647 0.42146386],6,19,"[0.7100699458052151, 0.46188765954194844]",16,17
267,[0.75405862 0.51088632],6,24,"[0.7448615304228973, 0.5234988764106225]",16,17
268,[0.74441236 0.60184956],6,20,"[0.7653811495802203, 0.5983352981846829]",16,17
269,[0.68581535 0.45228622],6,19,"[0.7100699458052151, 0.46188765954194844]",16,17
270,[0.69942883 0.51044179],6,24,"[0.7448615304228973, 0.5234988764106225]",16,17
271,[0.71107895 0.63717324],6,2,"[0.7003614937405056, 0.6488756530213964]",16,17
272,[0.7926313  0.55585871],6,20,"[0.7653811495802203, 0.5983352981846829]",16,-1
273,[0.6056286 0.602572 ],6,33,"[0.6199120629460765, 0.5881656396515723]",16,17
274,[0.73264237 0.56135072],6,24,"[0.7448615304228973, 0.5234988764106225]",16,17
275,[0.64986547 0.51130457],6,22,"[0.6412173962499937, 0.5201488156715416]",16,17
276,[0.70796352 0.45399785],6,19,"[0.7100699458052151, 0.46188765954194844]",16,17
277,[0.65569977 0.51494755],6,22,"[0.6412173962499937, 0.5201488156715416]",16,17
278,[0.7400195  0.54358368],6,24,"[0.7448615304228973, 0.5234988764106225]",16,17
279,[0.55756701 0.58471271],6,35,"[0.5627594231674726, 0.6027140832798153]",16,17
280,[0.5439414  0.49682638],7,39,"[0.5758698130208451, 0.5301563831393514]",16,17
281,[0.50330378 0.53005686],7,11,"[0.49938032904462065, 0.5156871274318987]",16,17
282,[0.46967818 0.62095284],7,38,"[0.47792908248124544, 0.6224764112241679]",16,-1
283,[0.43539046 0.57840279],7,43,"[0.37749747809746576, 0.5943696060552268]",7,-1
284,[0.58965533 0.49162087],7,39,"[0.5758698130208451, 0.5301563831393514]",16,17
285,[0.50871244 0.51172089],7,11,"[0.49938032904462065, 0.5156871274318987]",16,17
286,[0.50834698 0.55488108],7,11,"[0.49938032904462065, 0.5156871274318987]",16,17
287,[0.47446172 0.42897336],7,29,"[0.5170986733347275, 0.40577494456770846]",16,17
288,[0.56887648 0.46654936],7,30,"[0.5702334027952285, 0.45514065597475695]",16,17
289,[0.52979105 0.48758773],7,11,"[0.49938032904462065, 0.5156871274318987]",16,17
290,[0.63494282 0.53065802],7,22,"[0.6412173962499937, 0.5201488156715416]",16,17
291,[0.56889408 0.51708268],7,39,"[0.5758698130208451, 0.5301563831393514]",16,17
292,[0.54944192 0.62547459],7,35,"[0.5627594231674726, 0.6027140832798153]",16,17
293,[0.49883684 0.59450627],7,38,"[0.47792908248124544, 0.6224764112241679]",16,18
294,[0.61727653 0.61518059],7,33,"[0.6199120629460765, 0.5881656396515723]",16,17
295,[0.51765321 0.66169861],7,38,"[0.47792908248124544, 0.6224764112241679]",-1,-1
296,[0.62167549 0.46533428],7,3,"[0.6310899028624785, 0.4327585339522149]",16,17
297,[0.51801945 0.40156719],7,29,"[0.5170986733347275, 0.40577494456770846]",16,17
298,[0.41513857 0.59132216],7,43,"[0.37749747809746576, 0.5943696060552268]",7,5
299,[0.50509926 0.53847304],7,11,"[0.49938032904462065, 0.5156871274318987]",16,17
300,[0.6088376  0.53928897],7,39,"[0.5758698130208451, 0.5301563831393514]",16,17
301,[0.50833424 0.50084357],7,11,"[0.49938032904462065, 0.5156871274318987]",16,17
302,[0.55214315 0.46013775],7,30,"[0.5702334027952285, 0.45514065597475695]",16,17
303,[0.50227862 0.47794673],7,11,"[0.49938032904462065, 0.5156871274318987]",16,17
304,[0.56168819 0.55650177],7,39,"[0.5758698130208451, 0.5301563831393514]",16,17
305,[0.4372966  0.46973948],7,28,"[0.41338354166619307, 0.47647202831218105]",18,15
306,[0.52883911 0.51734278],7,11,"[0.49938032904462065, 0.5156871274318987]",16,17
307,[0.55387636 0.40851839],7,29,"[0.5170986733347275, 0.40577494456770846]",16,17
308,[0.59319038 0.51945835],7,39,"[0.5758698130208451, 0.5301563831393514]",16,17
309,[0.56573113 0.47764528],7,30,"[0.5702334027952285, 0.45514065597475695]",16,17
310,[0.44945929 0.55085798],7,11,"[0.49938032904462065, 0.5156871274318987]",17,-1
311,[0.5043726  0.49689211],7,11,"[0.49938032904462065, 0.5156871274318987]",16,17
312,[0.63919493 0.48176502],7,22,"[0.6412173962499937, 0.5201488156715416]",16,17
313,[0.57291598 0.57271947],7,35,"[0.5627594231674726, 0.6027140832798153]",16,17
314,[0.62368153 0.58258015],7,33,"[0.6199120629460765, 0.5881656396515723]",16,17
315,[0.56632282 0.53944246],7,39,"[0.5758698130208451, 0.5301563831393514]",16,17
316,[0.50941905 0.58108552],7,38,"[0.47792908248124544, 0.6224764112241679]",16,18
317,[0.56193327 0.59549377],7,35,"[0.5627594231674726, 0.6027140832798153]",16,17
318,[0.49339742 0.59625243],7,38,"[0.47792908248124544, 0.6224764112241679]",16,18
319,[0.60591926 0.43883221],7,3,"[0.6310899028624785, 0.4327585339522149]",16,17
320,[0.30193719 0.34250171],8,37,"[0.33645493418484457, 0.3640509520892426]",-1,-1
321,[0.2283864  0.26962096],8,14,"[0.24954344130192369, 0.2757930499536998]",-1,-1
322,[0.35370114 0.29125045],8,12,"[0.35989338958527206, 0.25320034427900406]",16,17
323,[0.22369836 0.36437141],8,34,"[0.2605009760091141, 0.42060134435556124]",13,-1
324,[0.29453553 0.27733453],8,14,"[0.24954344130192369, 0.2757930499536998]",16,-1
325,[0.35637361 0.33452379],8,37,"[0.33645493418484457, 0.3640509520892426]",16,17
326,[0.3815447  0.31067498],8,32,"[0.4251121980637589, 0.3441665776791453]",16,17
327,[0.31489405 0.35471043],8,37,"[0.33645493418484457, 0.3640509520892426]",15,-1
328,[0.44310382 0.28993312],8,8,"[0.4504714089187878, 0.24378281550957484]",16,17
329,[0.31420729 0.17657443],8,-1,-1,-1,-1
330,[0.32339634 0.19158915],8,-1,-1,-1,-1
331,[0.44256258 0.35736306],8,32,"[0.4251121980637589, 0.3441665776791453]",-1,-1
332,[0.31133398 0.22365395],8,12,"[0.35989338958527206, 0.25320034427900406]",-1,-1
333,[0.38592072 0.29019569],8,12,"[0.35989338958527206, 0.25320034427900406]",16,17
334,[0.44785604 0.29753914],8,32,"[0.4251121980637589, 0.3441665776791453]",16,17
335,[0.40812139 0.24330762],8,8,"[0.4504714089187878, 0.24378281550957484]",16,17
336,[0.37018942 0.30768016],8,12,"[0.35989338958527206, 0.25320034427900406]",16,17
337,[0.24762649 0.23543017],8,14,"[0.24954344130192369, 0.2757930499536998]",-1,-1
338,[0.48496402 0.41365603],8,29,"[0.5170986733347275, 0.40577494456770846]",16,17
339,[0.5017425  0.26813793],8,10,"[0.5125028850715635, 0.21272172560237074]",16,17
340,[0.41498595 0.25902607],8,8,"[0.4504714089187878, 0.24378281550957484]",16,17
341,[0.27385593 0.30814695],8,14,"[0.24954344130192369, 0.2757930499536998]",16,16
342,[0.4178057  0.27232665],8,8,"[0.4504714089187878, 0.24378281550957484]",16,17
343,[0.46917766 0.34121181],8,23,"[0.5054573664263023, 0.33647523712708816]",16,17
344,[0.3293795  0.33488297],8,37,"[0.33645493418484457, 0.3640509520892426]",16,17
345,[0.27880421 0.30348182],8,14,"[0.24954344130192369, 0.2757930499536998]",16,16
346,[0.35924507 0.30783473],8,12,"[0.35989338958527206, 0.25320034427900406]",16,17
347,[0.31434245 0.41288706],8,37,"[0.33645493418484457, 0.3640509520892426]",-1,-1
348,[0.33857331 0.22601238],8,12,"[0.35989338958527206, 0.25320034427900406]",-1,-1
349,[0.33033592 0.20488032],8,12,"[0.35989338958527206, 0.25320034427900406]",-1,-1
350,[0.36941513 0.24963314],8,12,"[0.35989338958527206, 0.25320034427900406]",-1,-1
351,[0.33666221 0.23525422],8,12,"[0.35989338958527206, 0.25320034427900406]",-1,-1
352,[0.38909331 0.22970397],8,12,"[0.35989338958527206, 0.25320034427900406]",-1,-1
353,[0.35252071 0.26303822],8,12,"[0.35989338958527206, 0.25320034427900406]",16,17
354,[0.47072371 0.20120389],8,10,"[0.5125028850715635, 0.21272172560237074]",16,17
355,[0.4747448  0.20233687],8,10,"[0.5125028850715635, 0.21272172560237074]",16,17
356,[0.35297612 0.42068537],8,37,"[0.33645493418484457, 0.3640509520892426]",16,-1
357,[0.31985332 0.43356583],8,34,"[0.2605009760091141, 0.42060134435556124]",-1,-1
358,[0.39661268 0.2658687 ],8,12,"[0.35989338958527206, 0.25320034427900406]",16,17
359,[0.38818247 0.18261719],8,-1,-1,-1,-1
360,[0.40284772 0.44509751],9,28,"[0.41338354166619307, 0.47647202831218105]",18,15
361,[0.46164953 0.40410366],9,29,"[0.5170986733347275, 0.40577494456770846]",16,17
362,[0.36523727 0.38490587],9,37,"[0.33645493418484457, 0.3640509520892426]",16,17
363,[0.40799131 0.35080039],9,32,"[0.4251121980637589, 0.3441665776791453]",16,17
364,[0.41387711 0.43767209],9,28,"[0.41338354166619307, 0.47647202831218105]",18,15
365,[0.61316964 0.36148881],9,5,"[0.6219127749174811, 0.3458311877021472]",16,17
366,[0.40362149 0.27033301],9,12,"[0.35989338958527206, 0.25320034427900406]",16,17
367,[0.43208445 0.3745826 ],9,32,"[0.4251121980637589, 0.3441665776791453]",16,-1
368,[0.38812141 0.46163334],9,28,"[0.41338354166619307, 0.47647202831218105]",-1,-1
369,[0.46249607 0.30861527],9,23,"[0.5054573664263023, 0.33647523712708816]",16,17
370,[0.3895397  0.26819461],9,12,"[0.35989338958527206, 0.25320034427900406]",16,17
371,[0.44972654 0.26860967],9,8,"[0.4504714089187878, 0.24378281550957484]",16,17
372,[0.37001096 0.32705378],9,37,"[0.33645493418484457, 0.3640509520892426]",16,17
373,[0.45781935 0.46180779],9,28,"[0.41338354166619307, 0.47647202831218105]",18,15
374,[0.29006806 0.29575438],9,14,"[0.24954344130192369, 0.2757930499536998]",16,16
375,[0.26374649 0.3082762 ],9,14,"[0.24954344130192369, 0.2757930499536998]",16,16
376,[0.32512984 0.29638741],9,12,"[0.35989338958527206, 0.25320034427900406]",16,17
377,[0.45259894 0.31168404],9,32,"[0.4251121980637589, 0.3441665776791453]",16,17
378,[0.36315676 0.3019109 ],9,12,"[0.35989338958527206, 0.25320034427900406]",16,17
379,[0.40852959 0.32892659],9,32,"[0.4251121980637589, 0.3441665776791453]",16,17
380,[0.36004159 0.41795832],9,37,"[0.33645493418484457, 0.3640509520892426]",16,-1
381,[0.3626768 0.4356612],9,28,"[0.41338354166619307, 0.47647202831218105]",-1,-1
382,[0.33483262 0.31636644],9,37,"[0.33645493418484457, 0.3640509520892426]",16,17
383,[0.43960175 0.3081244 ],9,32,"[0.4251121980637589, 0.3441665776791453]",16,17
384,[0.41365469 0.44671788],9,28,"[0.41338354166619307, 0.47647202831218105]",18,15
385,[0.44767098 0.45875084],9,28,"[0.41338354166619307, 0.47647202831218105]",18,15
386,[0.40806076 0.35020805],9,32,"[0.4251121980637589, 0.3441665776791453]",16,17
387,[0.34032356 0.4218274 ],9,37,"[0.33645493418484457, 0.3640509520892426]",-1,-1
388,[0.33510532 0.31111032],9,37,"[0.33645493418484457, 0.3640509520892426]",16,17
389,[0.33369138 0.26557305],9,12,"[0.35989338958527206, 0.25320034427900406]",16,17
390,[0.41278824 0.38199967],9,32,"[0.4251121980637589, 0.3441665776791453]",-1,-1
391,[0.32722181 0.25757889],9,12,"[0.35989338958527206, 0.25320034427900406]",16,17
392,[0.34598726 0.34535954],9,37,"[0.33645493418484457, 0.3640509520892426]",16,17
393,[0.47203044 0.36891325],9,23,"[0.5054573664263023, 0.33647523712708816]",-1,-1
394,[0.51617589 0.33495315],9,23,"[0.5054573664263023, 0.33647523712708816]",16,17
395,[0.36617396 0.39179119],9,37,"[0.33645493418484457, 0.3640509520892426]",16,17
396,[0.40506688 0.35824442],9,32,"[0.4251121980637589, 0.3441665776791453]",16,-1
397,[0.35665052 0.35678346],9,37,"[0.33645493418484457, 0.3640509520892426]",16,17
398,[0.36631451 0.18837615],9,12,"[0.35989338958527206, 0.25320034427900406]",-1,-1
399,[0.35334892 0.38906724],9,37,"[0.33645493418484457, 0.3640509520892426]",16,-1
400,[0.25846531 0.38066964],10,34,"[0.2605009760091141, 0.42060134435556124]",13,-1
401,[0.29161462 0.46821732],10,34,"[0.2605009760091141, 0.42060134435556124]",-1,-1
402,[0.21673403 0.4726015 ],10,27,"[0.18348109069866772, 0.4795356768884537]",14,-1
403,[0.24188793 0.51102486],10,27,"[0.18348109069866772, 0.4795356768884537]",-1,-1
404,[0.37751373 0.36481255],10,37,"[0.33645493418484457, 0.3640509520892426]",-1,-1
405,[0.28618617 0.58330845],10,40,"[0.2577803146355429, 0.6297739942693433]",-1,-1
406,[0.41155918 0.51161942],10,28,"[0.41338354166619307, 0.47647202831218105]",-1,-1
407,[0.35001275 0.37848574],10,37,"[0.33645493418484457, 0.3640509520892426]",16,-1
408,[0.30940221 0.39995428],10,37,"[0.33645493418484457, 0.3640509520892426]",-1,-1
409,[0.36982988 0.60094004],10,43,"[0.37749747809746576, 0.5943696060552268]",-1,-1
410,[0.28534347 0.29986865],10,14,"[0.24954344130192369, 0.2757930499536998]",16,16
411,[0.25935175 0.55018068],10,-1,-1,14,-1
412,[0.19144338 0.52950143],10,27,"[0.18348109069866772, 0.4795356768884537]",14,13
413,[0.30495095 0.44179056],10,34,"[0.2605009760091141, 0.42060134435556124]",-1,-1
414,[0.23022389 0.35408691],10,-1,-1,13,-1
415,[0.41940716 0.45282394],10,28,"[0.41338354166619307, 0.47647202831218105]",18,15
416,[0.34830175 0.34549795],10,37,"[0.33645493418484457, 0.3640509520892426]",16,17
417,[0.28787223 0.44145537],10,34,"[0.2605009760091141, 0.42060134435556124]",-1,-1
418,[0.23931593 0.41233889],10,34,"[0.2605009760091141, 0.42060134435556124]",-1,-1
419,[0.39046555 0.31031208],10,32,"[0.4251121980637589, 0.3441665776791453]",16,17
420,[0.34407973 0.57164727],10,43,"[0.37749747809746576, 0.5943696060552268]",-1,-1
421,[0.27536443 0.48184969],10,34,"[0.2605009760091141, 0.42060134435556124]",15,-1
422,[0.2561242  0.45511396],10,34,"[0.2605009760091141, 0.42060134435556124]",15,11
423,[0.30327362 0.37778721],10,37,"[0.33645493418484457, 0.3640509520892426]",15,-1
424,[0.26007144 0.41315672],10,34,"[0.2605009760091141, 0.42060134435556124]",15,11
425,[0.2933678  0.43428395],10,34,"[0.2605009760091141, 0.42060134435556124]",-1,-1
426,[0.22000252 0.36167907],10,-1,-1,13,-1
427,[0.15172294 0.48212442],10,27,"[0.18348109069866772, 0.4795356768884537]",-1,-1
428,[0.27121599 0.43818645],10,34,"[0.2605009760091141, 0.42060134435556124]",15,11
429,[0.27808922 0.40302794],10,34,"[0.2605009760091141, 0.42060134435556124]",15,-1
430,[0.32987948 0.4454238 ],10,-1,-1,-1,-1
431,[0.36927195 0.42106219],10,37,"[0.33645493418484457, 0.3640509520892426]",-1,-1
432,[0.23836316 0.34778008],10,-1,-1,13,-1
433,[0.28503308 0.5807438 ],10,40,"[0.2577803146355429, 0.6297739942693433]",-1,-1
434,[0.35660331 0.40674317],10,37,"[0.33645493418484457, 0.3640509520892426]",16,17
435,[0.4365556  0.37936065],10,32,"[0.4251121980637589, 0.3441665776791453]",16,17
436,[0.35711556 0.53019699],10,43,"[0.37749747809746576, 0.5943696060552268]",-1,-1
437,[0.23756423 0.45802262],10,34,"[0.2605009760091141, 0.42060134435556124]",14,11
438,[0.40554601 0.25645708],10,12,"[0.35989338958527206, 0.25320034427900406]",16,17
439,[0.49930865 0.40448086],10,29,"[0.5170986733347275, 0.40577494456770846]",16,17
440,[0.49794795 0.27816996],11,8,"[0.4504714089187878, 0.24378281550957484]",16,17
441,[0.46716435 0.09099564],11,-1,-1,0,1
442,[0.59408504 0.13395114],11,4,"[0.5573358588469737, 0.13747652462106147]",16,17
443,[0.49688811 0.21536777],11,10,"[0.5125028850715635, 0.21272172560237074]",16,17
444,[0.72660106 0.18697673],11,36,"[0.7568583634948488, 0.16047829378911993]",8,6
445,[0.52815529 0.        ],11,-1,-1,-1,-1
446,[0.53258742 0.07261826],11,4,"[0.5573358588469737, 0.13747652462106147]",-1,-1
447,[0.44866984 0.20782696],11,8,"[0.4504714089187878, 0.24378281550957484]",16,17
448,[0.5893302  0.17258146],11,4,"[0.5573358588469737, 0.13747652462106147]",16,17
449,[0.49914496 0.10463615],11,4,"[0.5573358588469737, 0.13747652462106147]",0,1
450,[0.55724533 0.14227937],11,4,"[0.5573358588469737, 0.13747652462106147]",16,17
451,[0.75406262 0.16952322],11,36,"[0.7568583634948488, 0.16047829378911993]",-1,6
452,[0.54717698 0.1941086 ],11,10,"[0.5125028850715635, 0.21272172560237074]",16,17
453,[0.5417253  0.21823568],11,10,"[0.5125028850715635, 0.21272172560237074]",16,17
454,[0.57256262 0.17253336],11,4,"[0.5573358588469737, 0.13747652462106147]",16,17
455,[0.47832444 0.21500772],11,10,"[0.5125028850715635, 0.21272172560237074]",16,17
456,[0.62379075 0.19599853],11,42,"[0.6393846614444835, 0.19259346825000226]",16,17
457,[0.53937536 0.15227879],11,4,"[0.5573358588469737, 0.13747652462106147]",16,17
458,[0.56324835 0.033043  ],11,-1,-1,-1,-1
459,[0.5237976  0.24192271],11,10,"[0.5125028850715635, 0.21272172560237074]",16,17
460,[0.54384176 0.22348895],11,10,"[0.5125028850715635, 0.21272172560237074]",16,17
461,[0.54476724 0.15228211],11,4,"[0.5573358588469737, 0.13747652462106147]",16,17
462,[0.56481618 0.13532134],11,4,"[0.5573358588469737, 0.13747652462106147]",16,17
463,[0.6411214  0.29885055],11,5,"[0.6219127749174811, 0.3458311877021472]",16,17
464,[0.49774208 0.07426486],11,-1,-1,0,1
465,[0.57137638 0.1442998 ],11,4,"[0.5573358588469737, 0.13747652462106147]",16,17
466,[0.55998238 0.14963666],11,4,"[0.5573358588469737, 0.13747652462106147]",16,17
467,[0.54425463 0.13075073],11,4,"[0.5573358588469737, 0.13747652462106147]",16,17
468,[0.56418176 0.12531048],11,4,"[0.5573358588469737, 0.13747652462106147]",16,17
469,[0.50572263 0.14815844],11,4,"[0.5573358588469737, 0.13747652462106147]",-1,-1
470,[0.38107406 0.0328518 ],11,-1,-1,-1,-1
471,[0.42802777 0.18891359],11,8,"[0.4504714089187878, 0.24378281550957484]",16,-1
472,[0.49417511 0.10887616],11,4,"[0.5573358588469737, 0.13747652462106147]",0,1
473,[0.57692077 0.24062609],11,9,"[0.5913155677590582, 0.27071636574266844]",16,17
474,[0.49483341 0.07170775],11,-1,-1,0,1
475,[0.49310163 0.24110102],11,10,"[0.5125028850715635, 0.21272172560237074]",16,17
476,[0.49121945 0.22591559],11,10,"[0.5125028850715635, 0.21272172560237074]",16,17
477,[0.53425067 0.13006893],11,4,"[0.5573358588469737, 0.13747652462106147]",16,17
478,[0.54591346 0.35933962],11,23,"[0.5054573664263023, 0.33647523712708816]",16,17
479,[0.56237626 0.20618348],11,10,"[0.5125028850715635, 0.21272172560237074]",16,17
480,[0.82629907 0.74784629],12,7,"[0.8183795810148307, 0.737703610258249]",16,-1
481,[0.77257245 0.68673073],12,7,"[0.8183795810148307, 0.737703610258249]",16,17
482,[0.8986459  0.72400711],12,-1,-1,-1,-1
483,[0.78069816 0.74881978],12,7,"[0.8183795810148307, 0.737703610258249]",16,17
484,[0.86130334 0.78707565],12,7,"[0.8183795810148307, 0.737703610258249]",-1,-1
485,[0.84127332 0.71638949],12,7,"[0.8183795810148307, 0.737703610258249]",16,17
486,[0.67547337 0.84986443],12,31,"[0.6251609496125403, 0.8352171944840032]",-1,-1
487,[0.82212242 0.91005972],12,46,"[0.7968090941949939, 0.9114488796507013]",-1,-1
488,[0.73258998 0.78319187],12,18,"[0.6988779897200863, 0.7834770781342104]",16,17
489,[0.89861179 0.77653989],12,-1,-1,-1,-1
490,[0.86557286 0.7371214 ],12,7,"[0.8183795810148307, 0.737703610258249]",-1,-1
491,[0.92493162 0.6628291 ],12,-1,-1,-1,-1
492,[0.78746468 0.75011649],12,7,"[0.8183795810148307, 0.737703610258249]",16,17
493,[0.82701761 0.63633122],12,-1,-1,-1,-1
494,[0.76789357 0.67363651],12,-1,-1,16,17
495,[0.85316973 0.80514764],12,-1,-1,1,0
496,[0.90345791 0.76714579],12,-1,-1,-1,-1
497,[0.8317588  0.73221354],12,7,"[0.8183795810148307, 0.737703610258249]",16,17
498,[0.88339923 0.77079541],12,-1,-1,-1,-1
499,[0.74491769 0.71972068],12,1,"[0.70862059846081, 0.7152813583884687]",16,17
500,[0.77767694 0.67115056],12,-1,-1,16,17
501,[0.74224569 0.86931013],12,46,"[0.7968090941949939, 0.9114488796507013]",-1,-1
502,[0.73505368 0.65703359],12,2,"[0.7003614937405056, 0.6488756530213964]",16,17
503,[0.841102  0.9593421],12,46,"[0.7968090941949939, 0.9114488796507013]",-1,-1
504,[0.77988346 0.75259035],12,7,"[0.8183795810148307, 0.737703610258249]",16,17
505,[0.7600534 0.6018319],12,20,"[0.7653811495802203, 0.5983352981846829]",16,17
506,[0.78921394 0.70011634],12,7,"[0.8183795810148307, 0.737703610258249]",16,17
507,[0.70752108 0.7471203 ],12,1,"[0.70862059846081, 0.7152813583884687]",16,17
508,[0.90049426 0.6903271 ],12,-1,-1,-1,-1
509,[0.78823821 0.78469315],12,7,"[0.8183795810148307, 0.737703610258249]",1,0
510,[0.8812023  0.71716232],12,7,"[0.8183795810148307, 0.737703610258249]",-1,-1
511,[0.75878892 0.70829512],12,1,"[0.70862059846081, 0.7152813583884687]",16,17
512,[0.74929853 0.72582994],12,1,"[0.70862059846081, 0.7152813583884687]",16,17
513,[0.83248597 0.71615939],12,7,"[0.8183795810148307, 0.737703610258249]",16,17
514,[0.93095964 0.79567635],12,-1,-1,-1,-1
515,[0.77419985 0.85899003],12,46,"[0.7968090941949939, 0.9114488796507013]",1,0
516,[0.82631872 0.77136258],12,7,"[0.8183795810148307, 0.737703610258249]",-1,-1
517,[0.83509236 0.72352389],12,7,"[0.8183795810148307, 0.737703610258249]",16,17
518,[0.72522982 0.78009726],12,18,"[0.6988779897200863, 0.7834770781342104]",16,17
519,[0.80451114 0.85485696],12,46,"[0.7968090941949939, 0.9114488796507013]",1,0
520,[0.67705339 0.63493495],13,2,"[0.7003614937405056, 0.6488756530213964]",16,17
521,[0.70737633 0.76335005],13,18,"[0.6988779897200863, 0.7834770781342104]",16,17
522,[0.78589334 0.64839845],13,20,"[0.7653811495802203, 0.5983352981846829]",16,17
523,[0.68563552 0.75613097],13,18,"[0.6988779897200863, 0.7834770781342104]",16,17
524,[0.72791227 0.69425101],13,1,"[0.70862059846081, 0.7152813583884687]",16,17
525,[0.6849116  0.62671584],13,2,"[0.7003614937405056, 0.6488756530213964]",16,17
526,[0.65915777 0.67433906],13,21,"[0.6172716789774699, 0.6610353881131104]",16,17
527,[0.69795163 0.75648099],13,18,"[0.6988779897200863, 0.7834770781342104]",16,17
528,[0.71340363 0.70965384],13,1,"[0.70862059846081, 0.7152813583884687]",16,17
529,[0.78587553 0.5853975 ],13,20,"[0.7653811495802203, 0.5983352981846829]",16,17
530,[0.70758775 0.72865755],13,1,"[0.70862059846081, 0.7152813583884687]",16,17
531,[0.73063052 0.68917105],13,1,"[0.70862059846081, 0.7152813583884687]",16,17
532,[0.76370431 0.58157041],13,20,"[0.7653811495802203, 0.5983352981846829]",16,17
533,[0.77018911 0.71647246],13,7,"[0.8183795810148307, 0.737703610258249]",16,17
534,[0.74456279 0.68064839],13,1,"[0.70862059846081, 0.7152813583884687]",16,17
535,[0.80471427 0.74723869],13,7,"[0.8183795810148307, 0.737703610258249]",16,17
536,[0.71961232 0.6296279 ],13,2,"[0.7003614937405056, 0.6488756530213964]",16,17
537,[0.7310526  0.62886458],13,2,"[0.7003614937405056, 0.6488756530213964]",16,17
538,[0.67185421 0.58085324],13,13,"[0.687764963213202, 0.587329037740085]",16,17
539,[0.68636884 0.69834944],13,1,"[0.70862059846081, 0.7152813583884687]",16,17
540,[0.71895095 0.68509192],13,1,"[0.70862059846081, 0.7152813583884687]",16,17
541,[0.72210079 0.62257177],13,2,"[0.7003614937405056, 0.6488756530213964]",16,17
542,[0.70840644 0.66979553],13,2,"[0.7003614937405056, 0.6488756530213964]",16,17
543,[0.60147007 0.70301845],13,17,"[0.6041428535245666, 0.7182380791755969]",16,17
544,[0.73665655 0.6873272 ],13,1,"[0.70862059846081, 0.7152813583884687]",16,17
545,[0.71875173 0.71795847],13,1,"[0.70862059846081, 0.7152813583884687]",16,17
546,[0.65045046 0.68786661],13,21,"[0.6172716789774699, 0.6610353881131104]",16,17
547,[0.73116928 0.7249013 ],13,1,"[0.70862059846081, 0.7152813583884687]",16,17
548,[0.73904235 0.6505592 ],13,2,"[0.7003614937405056, 0.6488756530213964]",16,17
549,[0.73588505 0.69072744],13,1,"[0.70862059846081, 0.7152813583884687]",16,17
550,[0.58596759 0.70721667],13,17,"[0.6041428535245666, 0.7182380791755969]",16,17
551,[0.64367218 0.65179548],13,21,"[0.6172716789774699, 0.6610353881131104]",16,17
552,[0.89934452 0.72918911],13,-1,-1,-1,-1
553,[0.67697235 0.61428835],13,13,"[0.687764963213202, 0.587329037740085]",16,17
554,[0.59166121 0.6860907 ],13,17,"[0.6041428535245666, 0.7182380791755969]",16,17
555,[0.74548509 0.68440079],13,1,"[0.70862059846081, 0.7152813583884687]",16,17
556,[0.7002339  0.58367619],13,13,"[0.687764963213202, 0.587329037740085]",16,17
557,[0.65497735 0.65482276],13,21,"[0.6172716789774699, 0.6610353881131104]",16,17
558,[0.68302627 0.62154928],13,2,"[0.7003614937405056, 0.6488756530213964]",16,17
559,[0.6802728  0.56886986],13,13,"[0.687764963213202, 0.587329037740085]",16,17
560,[0.88887355 1.        ],14,-1,-1,-1,-1
561,[0.74163482 0.93861272],14,46,"[0.7968090941949939, 0.9114488796507013]",-1,-1
562,[0.96549938 0.78006432],14,-1,-1,-1,-1
563,[0.88672134 0.92060441],14,-1,-1,-1,-1
564,[0.74133549 0.81999271],14,18,"[0.6988779897200863, 0.7834770781342104]",-1,-1
565,[0.87334237 0.75285602],14,7,"[0.8183795810148307, 0.737703610258249]",-1,-1
566,[0.81704753 0.86954451],14,46,"[0.7968090941949939, 0.9114488796507013]",1,0
567,[0.73662544 0.70870117],14,1,"[0.70862059846081, 0.7152813583884687]",16,17
568,[0.80594975 0.84493645],14,46,"[0.7968090941949939, 0.9114488796507013]",1,0
569,[0.72223147 0.86079979],14,-1,-1,-1,-1
570,[0.78709052 0.95531271],14,46,"[0.7968090941949939, 0.9114488796507013]",-1,-1
571,[0.75867816 0.91713159],14,46,"[0.7968090941949939, 0.9114488796507013]",-1,-1
572,[0.83757977 0.81857732],14,-1,-1,1,0
573,[0.78519901 0.82419433],14,-1,-1,-1,0
574,[0.8547068  0.74469095],14,7,"[0.8183795810148307, 0.737703610258249]",-1,-1
575,[0.7946172  0.98617805],14,-1,-1,-1,-1
576,[0.72131425 0.98805389],14,-1,-1,-1,-1
577,[0.73626256 0.7988636 ],14,18,"[0.6988779897200863, 0.7834770781342104]",16,17
578,[0.86890612 0.91949264],14,-1,-1,-1,-1
579,[0.77615915 0.90848543],14,46,"[0.7968090941949939, 0.9114488796507013]",-1,-1
580,[0.76423367 0.96977045],14,46,"[0.7968090941949939, 0.9114488796507013]",-1,-1
581,[0.78937675 0.86120597],14,46,"[0.7968090941949939, 0.9114488796507013]",1,0
582,[0.80094879 0.90331054],14,46,"[0.7968090941949939, 0.9114488796507013]",-1,-1
583,[0.82510676 0.82700622],14,-1,-1,1,0
584,[0.87706167 0.81869142],14,-1,-1,-1,-1
585,[0.78754404 0.94753024],14,46,"[0.7968090941949939, 0.9114488796507013]",-1,-1
586,[0.81478203 0.86659602],14,46,"[0.7968090941949939, 0.9114488796507013]",1,0
587,[0.81190826 0.84913227],14,46,"[0.7968090941949939, 0.9114488796507013]",1,0
588,[0.79377367 0.93929236],14,46,"[0.7968090941949939, 0.9114488796507013]",-1,-1
589,[0.79845168 0.95214417],14,46,"[0.7968090941949939, 0.9114488796507013]",-1,-1
590,[0.82771069 0.91013523],14,46,"[0.7968090941949939, 0.9114488796507013]",-1,-1
591,[0.83750329 0.83124963],14,-1,-1,1,0
592,[0.83903721 0.91490434],14,46,"[0.7968090941949939, 0.9114488796507013]",-1,-1
593,[0.85447174 0.83911759],14,-1,-1,1,-1
594,[0.78585096 0.87922362],14,46,"[0.7968090941949939, 0.9114488796507013]",1,0
595,[0.86243853 0.88445838],14,-1,-1,-1,-1
596,[0.72856307 0.77065499],14,18,"[0.6988779897200863, 0.7834770781342104]",16,17
597,[0.61692045 0.82004425],14,31,"[0.6251609496125403, 0.8352171944840032]",16,14
598,[0.83396867 0.94026559],14,46,"[0.7968090941949939, 0.9114488796507013]",-1,-1
599,[0.81242563 0.80617016],14,7,"[0.8183795810148307, 0.737703610258249]",1,0
600,[0.2021133  0.49832722],15,27,"[0.18348109069866772, 0.4795356768884537]",-1,-1
601,[0.17338426 0.54064665],15,27,"[0.18348109069866772, 0.4795356768884537]",14,13
602,[0.27879973 0.49189965],15,-1,-1,-1,-1
603,[0.16839331 0.57086034],15,41,"[0.1567995345321295, 0.603420531962102]",14,13
604,[0.25635471 0.54902978],15,-1,-1,-1,-1
605,[0.25056972 0.59517617],15,40,"[0.2577803146355429, 0.6297739942693433]",14,-1
606,[0.23708518 0.57457192],15,40,"[0.2577803146355429, 0.6297739942693433]",14,13
607,[0.21138054 0.5064874 ],15,27,"[0.18348109069866772, 0.4795356768884537]",-1,-1
608,[0.2281681  0.52135615],15,27,"[0.18348109069866772, 0.4795356768884537]",-1,-1
609,[0.17270543 0.56889119],15,41,"[0.1567995345321295, 0.603420531962102]",14,13
610,[0.13925808 0.65372952],15,41,"[0.1567995345321295, 0.603420531962102]",3,4
611,[0.22294612 0.55638781],15,-1,-1,14,-1
612,[0.19018063 0.47497351],15,27,"[0.18348109069866772, 0.4795356768884537]",14,12
613,[0.24041571 0.55496699],15,-1,-1,14,13
614,[0.25803195 0.43116337],15,34,"[0.2605009760091141, 0.42060134435556124]",15,11
615,[0.32209858 0.49959713],15,-1,-1,-1,-1
616,[0.16225143 0.45177807],15,27,"[0.18348109069866772, 0.4795356768884537]",-1,-1
617,[0.08690024 0.4885687 ],15,48,"[0.0985077160768476, 0.528707075276337]",-1,-1
618,[0.2749339  0.48402506],15,34,"[0.2605009760091141, 0.42060134435556124]",-1,-1
619,[0.1971178  0.57466798],15,41,"[0.1567995345321295, 0.603420531962102]",14,13
620,[0.34156262 0.48175383],15,-1,-1,-1,-1
621,[0.15405231 0.57101216],15,41,"[0.1567995345321295, 0.603420531962102]",14,13
622,[0.22210343 0.63980185],15,40,"[0.2577803146355429, 0.6297739942693433]",14,8
623,[0.1491709  0.53153031],15,48,"[0.0985077160768476, 0.528707075276337]",12,-1
624,[0.17193782 0.47635888],15,27,"[0.18348109069866772, 0.4795356768884537]",14,12
625,[0.18280477 0.54667773],15,41,"[0.1567995345321295, 0.603420531962102]",14,13
626,[0.27407082 0.45730582],15,34,"[0.2605009760091141, 0.42060134435556124]",15,-1
627,[0.20207439 0.47077968],15,27,"[0.18348109069866772, 0.4795356768884537]",14,12
628,[0.20803935 0.50841012],15,27,"[0.18348109069866772, 0.4795356768884537]",-1,-1
629,[0.13230536 0.4589814 ],15,27,"[0.18348109069866772, 0.4795356768884537]",-1,-1
630,[0.17109934 0.50229515],15,27,"[0.18348109069866772, 0.4795356768884537]",14,13
631,[0.20925376 0.6362387 ],15,40,"[0.2577803146355429, 0.6297739942693433]",-1,8
632,[0.26549717 0.60989538],15,40,"[0.2577803146355429, 0.6297739942693433]",14,7
633,[0.13427053 0.48014645],15,27,"[0.18348109069866772, 0.4795356768884537]",-1,-1
634,[0.19489549 0.56072143],15,41,"[0.1567995345321295, 0.603420531962102]",14,13
635,[0.25385124 0.43326909],15,34,"[0.2605009760091141, 0.42060134435556124]",15,11
636,[0.30407395 0.53544149],15,-1,-1,-1,-1
637,[0.08271805 0.51477485],15,48,"[0.0985077160768476, 0.528707075276337]",-1,-1
638,[0.31667882 0.53259409],15,-1,-1,-1,-1
639,[0.09065419 0.51622931],15,48,"[0.0985077160768476, 0.528707075276337]",-1,-1
640,[0.75072286 0.25344238],16,16,"[0.6946070591632252, 0.27135441201240945]",16,17
641,[0.61028392 0.48069735],16,30,"[0.5702334027952285, 0.45514065597475695]",16,17
642,[0.6874321  0.44627384],16,19,"[0.7100699458052151, 0.46188765954194844]",16,17
643,[0.5586639  0.38856219],16,29,"[0.5170986733347275, 0.40577494456770846]",16,17
644,[0.60730665 0.32004054],16,5,"[0.6219127749174811, 0.3458311877021472]",16,17
645,[0.74377578 0.34939238],16,15,"[0.7557054119964618, 0.3426596134267281]",16,17
646,[0.71119515 0.31937085],16,15,"[0.7557054119964618, 0.3426596134267281]",16,17
647,[0.63900125 0.37394739],16,5,"[0.6219127749174811, 0.3458311877021472]",16,17
648,[0.76698588 0.5070655 ],16,24,"[0.7448615304228973, 0.5234988764106225]",16,17
649,[0.58723499 0.37818949],16,5,"[0.6219127749174811, 0.3458311877021472]",16,17
650,[0.75632133 0.43342638],16,6,"[0.7882447957584383, 0.44458351122282763]",16,17
651,[0.76028662 0.42543135],16,6,"[0.7882447957584383, 0.44458351122282763]",16,17
652,[0.76239549 0.34541059],16,15,"[0.7557054119964618, 0.3426596134267281]",16,17
653,[0.74710653 0.37289252],16,15,"[0.7557054119964618, 0.3426596134267281]",16,17
654,[0.68834907 0.33640623],16,0,"[0.6931627615392556, 0.3815800684708607]",16,17
655,[0.66323453 0.43014033],16,3,"[0.6310899028624785, 0.4327585339522149]",16,17
656,[0.64060187 0.4494962 ],16,3,"[0.6310899028624785, 0.4327585339522149]",16,17
657,[0.6864888  0.39004744],16,0,"[0.6931627615392556, 0.3815800684708607]",16,17
658,[0.68291658 0.37216288],16,0,"[0.6931627615392556, 0.3815800684708607]",16,17
659,[0.65905073 0.36763688],16,0,"[0.6931627615392556, 0.3815800684708607]",16,17
660,[0.65325171 0.30894772],16,5,"[0.6219127749174811, 0.3458311877021472]",16,17
661,[0.77972506 0.44304504],16,6,"[0.7882447957584383, 0.44458351122282763]",16,17
662,[0.66168827 0.37724653],16,0,"[0.6931627615392556, 0.3815800684708607]",16,17
663,[0.56274042 0.48833504],16,30,"[0.5702334027952285, 0.45514065597475695]",16,17
664,[0.70516652 0.35767424],16,0,"[0.6931627615392556, 0.3815800684708607]",16,17
665,[0.74638118 0.27003742],16,16,"[0.6946070591632252, 0.27135441201240945]",16,17
666,[0.81884304 0.32813025],16,45,"[0.8194253557529549, 0.26944854478346947]",16,17
667,[0.76206068 0.43324183],16,6,"[0.7882447957584383, 0.44458351122282763]",16,17
668,[0.64539589 0.32869641],16,5,"[0.6219127749174811, 0.3458311877021472]",16,17
669,[0.70169205 0.34101634],16,0,"[0.6931627615392556, 0.3815800684708607]",16,17
670,[0.7775975 0.3128762],16,15,"[0.7557054119964618, 0.3426596134267281]",16,17
671,[0.63004831 0.51095419],16,22,"[0.6412173962499937, 0.5201488156715416]",16,17
672,[0.651036   0.34272409],16,5,"[0.6219127749174811, 0.3458311877021472]",16,17
673,[0.65333492 0.42261149],16,3,"[0.6310899028624785, 0.4327585339522149]",16,17
674,[0.60548597 0.37867651],16,5,"[0.6219127749174811, 0.3458311877021472]",16,17
675,[0.78026308 0.32996365],16,15,"[0.7557054119964618, 0.3426596134267281]",16,17
676,[0.83429983 0.3843344 ],16,49,"[0.8595522819233805, 0.37427628092032356]",-1,-1
677,[0.74624108 0.33252406],16,15,"[0.7557054119964618, 0.3426596134267281]",16,17
678,[0.74479751 0.37477208],16,15,"[0.7557054119964618, 0.3426596134267281]",16,17
679,[0.71326831 0.34840929],16,0,"[0.6931627615392556, 0.3815800684708607]",16,17
680,[0.62945157 0.33714667],17,5,"[0.6219127749174811, 0.3458311877021472]",16,17
681,[0.82485384 0.28487051],17,45,"[0.8194253557529549, 0.26944854478346947]",16,17
682,[0.58069967 0.35168718],17,5,"[0.6219127749174811, 0.3458311877021472]",16,17
683,[0.7291073  0.34229635],17,15,"[0.7557054119964618, 0.3426596134267281]",16,17
684,[0.68681947 0.31973215],17,16,"[0.6946070591632252, 0.27135441201240945]",16,17
685,[0.5588164  0.29684992],17,9,"[0.5913155677590582, 0.27071636574266844]",-1,-1
686,[0.6237981  0.29094693],17,9,"[0.5913155677590582, 0.27071636574266844]",16,17
687,[0.65375901 0.32400068],17,5,"[0.6219127749174811, 0.3458311877021472]",16,17
688,[0.69034373 0.30792113],17,16,"[0.6946070591632252, 0.27135441201240945]",16,17
689,[0.52351295 0.40580481],17,29,"[0.5170986733347275, 0.40577494456770846]",16,17
690,[0.75513072 0.32679098],17,15,"[0.7557054119964618, 0.3426596134267281]",16,17
691,[0.53728492 0.41112191],17,29,"[0.5170986733347275, 0.40577494456770846]",16,17
692,[0.46790764 0.40999476],17,29,"[0.5170986733347275, 0.40577494456770846]",16,17
693,[0.58542473 0.23824456],17,9,"[0.5913155677590582, 0.27071636574266844]",16,17
694,[0.60023518 0.20640061],17,42,"[0.6393846614444835, 0.19259346825000226]",16,17
695,[0.63565522 0.2203646 ],17,42,"[0.6393846614444835, 0.19259346825000226]",16,17
696,[0.62839801 0.39764302],17,3,"[0.6310899028624785, 0.4327585339522149]",16,17
697,[0.73613396 0.35277171],17,15,"[0.7557054119964618, 0.3426596134267281]",16,17
698,[0.72191942 0.34974829],17,15,"[0.7557054119964618, 0.3426596134267281]",16,17
699,[0.70678543 0.21562524],17,16,"[0.6946070591632252, 0.27135441201240945]",-1,-1
700,[0.75572906 0.35869534],17,15,"[0.7557054119964618, 0.3426596134267281]",16,17
701,[0.69786436 0.38202887],17,0,"[0.6931627615392556, 0.3815800684708607]",16,17
702,[0.55233606 0.31872375],17,23,"[0.5054573664263023, 0.33647523712708816]",16,-1
703,[0.68063048 0.36561631],17,0,"[0.6931627615392556, 0.3815800684708607]",16,17
704,[0.58309584 0.26667393],17,9,"[0.5913155677590582, 0.27071636574266844]",16,17
705,[0.52648641 0.39923892],17,29,"[0.5170986733347275, 0.40577494456770846]",16,17
706,[0.62136034 0.36235653],17,5,"[0.6219127749174811, 0.3458311877021472]",16,17
707,[0.58674603 0.3034899 ],17,9,"[0.5913155677590582, 0.27071636574266844]",16,17
708,[0.61472974 0.18222849],17,42,"[0.6393846614444835, 0.19259346825000226]",16,17
709,[0.64214381 0.33124758],17,5,"[0.6219127749174811, 0.3458311877021472]",16,17
710,[0.53150837 0.21607868],17,10,"[0.5125028850715635, 0.21272172560237074]",16,17
711,[0.5975946  0.24137971],17,9,"[0.5913155677590582, 0.27071636574266844]",16,17
712,[0.60501273 0.29030757],17,9,"[0.5913155677590582, 0.27071636574266844]",16,17
713,[0.69523511 0.25823096],17,16,"[0.6946070591632252, 0.27135441201240945]",16,17
714,[0.6907467 0.2433744],17,16,"[0.6946070591632252, 0.27135441201240945]",16,17
715,[0.63218399 0.29599099],17,9,"[0.5913155677590582, 0.27071636574266844]",16,17
716,[0.6345498  0.19878995],17,42,"[0.6393846614444835, 0.19259346825000226]",16,17
717,[0.66051504 0.13987117],17,42,"[0.6393846614444835, 0.19259346825000226]",2,-1
718,[0.67777273 0.2500751 ],17,16,"[0.6946070591632252, 0.27135441201240945]",16,17
719,[0.65485786 0.25204923],17,16,"[0.6946070591632252, 0.27135441201240945]",16,17
720,[0.78626251 0.43022199],18,6,"[0.7882447957584383, 0.44458351122282763]",16,17
721,[0.82015835 0.45621708],18,6,"[0.7882447957584383, 0.44458351122282763]",16,17
722,[0.66576126 0.6194047 ],18,13,"[0.687764963213202, 0.587329037740085]",16,17
723,[0.81959847 0.49894542],18,6,"[0.7882447957584383, 0.44458351122282763]",16,17
724,[0.77321096 0.47715776],18,6,"[0.7882447957584383, 0.44458351122282763]",16,17
725,[0.83193572 0.58528824],18,44,"[0.8476356259506711, 0.5583543667186437]",16,17
726,[0.68251839 0.59461138],18,13,"[0.687764963213202, 0.587329037740085]",16,17
727,[0.70362421 0.37709312],18,0,"[0.6931627615392556, 0.3815800684708607]",16,17
728,[0.89702479 0.51189844],18,44,"[0.8476356259506711, 0.5583543667186437]",-1,-1
729,[0.81679486 0.48101297],18,6,"[0.7882447957584383, 0.44458351122282763]",16,17
730,[0.77355025 0.47272628],18,6,"[0.7882447957584383, 0.44458351122282763]",16,17
731,[0.70307772 0.38847112],18,0,"[0.6931627615392556, 0.3815800684708607]",16,17
732,[0.79168153 0.45074844],18,6,"[0.7882447957584383, 0.44458351122282763]",16,17
733,[0.77476863 0.20415207],18,36,"[0.7568583634948488, 0.16047829378911993]",-1,-1
734,[0.74104547 0.57761226],18,20,"[0.7653811495802203, 0.5983352981846829]",16,17
735,[0.79501425 0.49696104],18,6,"[0.7882447957584383, 0.44458351122282763]",16,17
736,[0.67328832 0.41421678],18,0,"[0.6931627615392556, 0.3815800684708607]",16,17
737,[0.85886688 0.34022671],18,49,"[0.8595522819233805, 0.37427628092032356]",16,17
738,[0.76614508 0.46976611],18,6,"[0.7882447957584383, 0.44458351122282763]",16,17
739,[0.74147057 0.50369307],18,24,"[0.7448615304228973, 0.5234988764106225]",16,17
740,[0.67211643 0.53785745],18,22,"[0.6412173962499937, 0.5201488156715416]",16,17
741,[0.82517401 0.44414454],18,6,"[0.7882447957584383, 0.44458351122282763]",16,17
742,[0.75567716 0.53984698],18,24,"[0.7448615304228973, 0.5234988764106225]",16,17
743,[0.72151452 0.38384839],18,0,"[0.6931627615392556, 0.3815800684708607]",16,17
744,[0.74253174 0.54515735],18,24,"[0.7448615304228973, 0.5234988764106225]",16,17
745,[0.79568913 0.41129852],18,6,"[0.7882447957584383, 0.44458351122282763]",16,17
746,[0.87463178 0.5366285 ],18,44,"[0.8476356259506711, 0.5583543667186437]",-1,-1
747,[0.76364304 0.43260357],18,6,"[0.7882447957584383, 0.44458351122282763]",16,17
748,[0.6298389  0.55037173],18,22,"[0.6412173962499937, 0.5201488156715416]",16,17
749,[0.77657098 0.47998275],18,6,"[0.7882447957584383, 0.44458351122282763]",16,17
750,[0.68071762 0.51933063],18,22,"[0.6412173962499937, 0.5201488156715416]",16,17
751,[0.78056527 0.66178331],18,20,"[0.7653811495802203, 0.5983352981846829]",16,17
752,[0.73353628 0.52115962],18,24,"[0.7448615304228973, 0.5234988764106225]",16,17
753,[0.71981119 0.6272782 ],18,2,"[0.7003614937405056, 0.6488756530213964]",16,17
754,[0.65191026 0.61137252],18,33,"[0.6199120629460765, 0.5881656396515723]",16,17
755,[0.79022263 0.40796048],18,6,"[0.7882447957584383, 0.44458351122282763]",16,17
756,[0.68929999 0.38254716],18,0,"[0.6931627615392556, 0.3815800684708607]",16,17
757,[0.84115152 0.43081795],18,6,"[0.7882447957584383, 0.44458351122282763]",-1,-1
758,[0.69953313 0.51832867],18,24,"[0.7448615304228973, 0.5234988764106225]",16,17
759,[0.62137987 0.42841491],18,3,"[0.6310899028624785, 0.4327585339522149]",16,17
760,[0.62128129 0.40823565],19,3,"[0.6310899028624785, 0.4327585339522149]",16,17
761,[0.62366339 0.41823831],19,3,"[0.6310899028624785, 0.4327585339522149]",16,17
762,[0.4807849 0.3346562],19,23,"[0.5054573664263023, 0.33647523712708816]",16,17
763,[0.50846831 0.43604997],19,29,"[0.5170986733347275, 0.40577494456770846]",-1,-1
764,[0.6146542  0.37245384],19,5,"[0.6219127749174811, 0.3458311877021472]",16,17
765,[0.59345052 0.26608382],19,9,"[0.5913155677590582, 0.27071636574266844]",16,17
766,[0.59466027 0.21179696],19,42,"[0.6393846614444835, 0.19259346825000226]",16,17
767,[0.70899291 0.34751325],19,0,"[0.6931627615392556, 0.3815800684708607]",16,17
768,[0.68756459 0.40860855],19,0,"[0.6931627615392556, 0.3815800684708607]",16,17
769,[0.65672675 0.34726483],19,5,"[0.6219127749174811, 0.3458311877021472]",16,17
770,[0.61241213 0.38665606],19,5,"[0.6219127749174811, 0.3458311877021472]",16,17
771,[0.59338053 0.42107967],19,3,"[0.6310899028624785, 0.4327585339522149]",16,17
772,[0.71845111 0.27544704],19,16,"[0.6946070591632252, 0.27135441201240945]",16,17
773,[0.76919786 0.39365838],19,15,"[0.7557054119964618, 0.3426596134267281]",16,17
774,[0.67758981 0.27971256],19,16,"[0.6946070591632252, 0.27135441201240945]",16,17
775,[0.63954654 0.42185079],19,3,"[0.6310899028624785, 0.4327585339522149]",16,17
776,[0.52266266 0.35752125],19,23,"[0.5054573664263023, 0.33647523712708816]",16,17
777,[0.70967789 0.35935529],19,0,"[0.6931627615392556, 0.3815800684708607]",16,17
778,[0.54828147 0.37911654],19,29,"[0.5170986733347275, 0.40577494456770846]",16,17
779,[0.57047249 0.33484677],19,5,"[0.6219127749174811, 0.3458311877021472]",16,17
780,[0.75978555 0.42549711],19,6,"[0.7882447957584383, 0.44458351122282763]",16,17
781,[0.65190302 0.3663825 ],19,5,"[0.6219127749174811, 0.3458311877021472]",16,17
782,[0.66733675 0.23130848],19,42,"[0.6393846614444835, 0.19259346825000226]",16,17
783,[0.54692307 0.40769005],19,29,"[0.5170986733347275, 0.40577494456770846]",16,17
784,[0.59745131 0.26267251],19,9,"[0.5913155677590582, 0.27071636574266844]",16,17
785,[0.46252974 0.41752621],19,29,"[0.5170986733347275, 0.40577494456770846]",16,17
786,[0.60859598 0.24878422],19,9,"[0.5913155677590582, 0.27071636574266844]",16,17
787,[0.62175903 0.34292639],19,5,"[0.6219127749174811, 0.3458311877021472]",16,17
788,[0.64172876 0.42690201],19,3,"[0.6310899028624785, 0.4327585339522149]",16,17
789,[0.63638519 0.37733912],19,5,"[0.6219127749174811, 0.3458311877021472]",16,17
790,[0.57970439 0.26407086],19,9,"[0.5913155677590582, 0.27071636574266844]",16,17
791,[0.46326488 0.31193663],19,23,"[0.5054573664263023, 0.33647523712708816]",16,17
792,[0.47731582 0.34778454],19,23,"[0.5054573664263023, 0.33647523712708816]",16,17
793,[0.64985426 0.29953926],19,16,"[0.6946070591632252, 0.27135441201240945]",16,17
794,[0.57948825 0.34518892],19,5,"[0.6219127749174811, 0.3458311877021472]",16,17
795,[0.64420507 0.40425597],19,3,"[0.6310899028624785, 0.4327585339522149]",16,17
796,[0.62933284 0.24899647],19,9,"[0.5913155677590582, 0.27071636574266844]",16,17
797,[0.63187826 0.39171942],19,3,"[0.6310899028624785, 0.4327585339522149]",16,17
798,[0.56516766 0.37061706],19,29,"[0.5170986733347275, 0.40577494456770846]",16,17
799,[0.60163354 0.35439152],19,5,"[0.6219127749174811, 0.3458311877021472]",16,17
800,[0.62080049 0.49045715],20,22,"[0.6412173962499937, 0.5201488156715416]",16,17
801,[0.63220491 0.40818988],20,3,"[0.6310899028624785, 0.4327585339522149]",16,17
802,[0.7058624  0.37499791],20,0,"[0.6931627615392556, 0.3815800684708607]",16,17
803,[0.63210074 0.27522282],20,9,"[0.5913155677590582, 0.27071636574266844]",16,17
804,[0.58959627 0.50500338],20,39,"[0.5758698130208451, 0.5301563831393514]",16,17
805,[0.65681308 0.43565732],20,3,"[0.6310899028624785, 0.4327585339522149]",16,17
806,[0.58539909 0.42969764],20,30,"[0.5702334027952285, 0.45514065597475695]",16,17
807,[0.62864585 0.44903576],20,3,"[0.6310899028624785, 0.4327585339522149]",16,17
808,[0.72242881 0.38178893],20,0,"[0.6931627615392556, 0.3815800684708607]",16,17
809,[0.64052997 0.42985563],20,3,"[0.6310899028624785, 0.4327585339522149]",16,17
810,[0.63784408 0.40478528],20,3,"[0.6310899028624785, 0.4327585339522149]",16,17
811,[0.61147153 0.45235529],20,3,"[0.6310899028624785, 0.4327585339522149]",16,17
812,[0.61238552 0.5270349 ],20,22,"[0.6412173962499937, 0.5201488156715416]",16,17
813,[0.60988265 0.41584991],20,3,"[0.6310899028624785, 0.4327585339522149]",16,17
814,[0.79929089 0.43915857],20,6,"[0.7882447957584383, 0.44458351122282763]",16,17
815,[0.55896292 0.46015536],20,30,"[0.5702334027952285, 0.45514065597475695]",16,17
816,[0.62853823 0.30883281],20,5,"[0.6219127749174811, 0.3458311877021472]",16,17
817,[0.67952189 0.47847111],20,19,"[0.7100699458052151, 0.46188765954194844]",16,17
818,[0.64881042 0.44336926],20,3,"[0.6310899028624785, 0.4327585339522149]",16,17
819,[0.53557268 0.49783278],20,11,"[0.49938032904462065, 0.5156871274318987]",16,17
820,[0.66642604 0.41091873],20,0,"[0.6931627615392556, 0.3815800684708607]",16,17
821,[0.66644186 0.53538986],20,22,"[0.6412173962499937, 0.5201488156715416]",16,17
822,[0.67659278 0.46519775],20,19,"[0.7100699458052151, 0.46188765954194844]",16,17
823,[0.74292656 0.41909874],20,6,"[0.7882447957584383, 0.44458351122282763]",16,17
824,[0.70773239 0.47831923],20,19,"[0.7100699458052151, 0.46188765954194844]",16,17
825,[0.60789961 0.48383348],20,30,"[0.5702334027952285, 0.45514065597475695]",16,17
826,[0.66072345 0.26466681],20,16,"[0.6946070591632252, 0.27135441201240945]",16,17
827,[0.66706675 0.49005106],20,22,"[0.6412173962499937, 0.5201488156715416]",16,17
828,[0.47342933 0.416367  ],20,29,"[0.5170986733347275, 0.40577494456770846]",16,17
829,[0.65000581 0.37030862],20,5,"[0.6219127749174811, 0.3458311877021472]",16,17
830,[0.62328236 0.48935315],20,22,"[0.6412173962499937, 0.5201488156715416]",16,17
831,[0.62577063 0.52669633],20,22,"[0.6412173962499937, 0.5201488156715416]",16,17
832,[0.70717787 0.48965577],20,19,"[0.7100699458052151, 0.46188765954194844]",16,17
833,[0.67927266 0.38498785],20,0,"[0.6931627615392556, 0.3815800684708607]",16,17
834,[0.60936039 0.34741503],20,5,"[0.6219127749174811, 0.3458311877021472]",16,17
835,[0.49277162 0.43919953],20,29,"[0.5170986733347275, 0.40577494456770846]",-1,-1
836,[0.68154766 0.40070264],20,0,"[0.6931627615392556, 0.3815800684708607]",16,17
837,[0.53629291 0.44373994],20,30,"[0.5702334027952285, 0.45514065597475695]",16,17
838,[0.58589247 0.44205077],20,30,"[0.5702334027952285, 0.45514065597475695]",16,17
839,[0.61103263 0.50577599],20,22,"[0.6412173962499937, 0.5201488156715416]",16,17
840,[0.36681328 0.29659861],21,12,"[0.35989338958527206, 0.25320034427900406]",16,17
841,[0.34887486 0.31441504],21,37,"[0.33645493418484457, 0.3640509520892426]",16,17
842,[0.38445656 0.25891162],21,12,"[0.35989338958527206, 0.25320034427900406]",16,17
843,[0.29054887 0.25719929],21,14,"[0.24954344130192369, 0.2757930499536998]",16,-1
844,[0.25528    0.38884997],21,34,"[0.2605009760091141, 0.42060134435556124]",15,-1
845,[0.31201417 0.35690077],21,37,"[0.33645493418484457, 0.3640509520892426]",-1,-1
846,[0.20569743 0.40619274],21,34,"[0.2605009760091141, 0.42060134435556124]",-1,-1
847,[0.3414949  0.29403183],21,12,"[0.35989338958527206, 0.25320034427900406]",16,17
848,[0.30831477 0.28400756],21,14,"[0.24954344130192369, 0.2757930499536998]",-1,-1
849,[0.41190093 0.21520371],21,8,"[0.4504714089187878, 0.24378281550957484]",-1,-1
850,[0.4339952  0.19017465],21,8,"[0.4504714089187878, 0.24378281550957484]",16,-1
851,[0.4508936  0.25244449],21,8,"[0.4504714089187878, 0.24378281550957484]",16,17
852,[0.3463537  0.24686505],21,12,"[0.35989338958527206, 0.25320034427900406]",16,17
853,[0.31915128 0.18858222],21,-1,-1,-1,-1
854,[0.32112171 0.25343524],21,12,"[0.35989338958527206, 0.25320034427900406]",16,17
855,[0.32462979 0.32567259],21,37,"[0.33645493418484457, 0.3640509520892426]",16,17
856,[0.34168454 0.28234221],21,12,"[0.35989338958527206, 0.25320034427900406]",16,17
857,[0.31952031 0.4018315 ],21,37,"[0.33645493418484457, 0.3640509520892426]",-1,-1
858,[0.36454264 0.37255163],21,37,"[0.33645493418484457, 0.3640509520892426]",16,17
859,[0.20576528 0.25118652],21,14,"[0.24954344130192369, 0.2757930499536998]",-1,-1
860,[0.4048078  0.29601655],21,32,"[0.4251121980637589, 0.3441665776791453]",16,17
861,[0.29639838 0.2493807 ],21,14,"[0.24954344130192369, 0.2757930499536998]",16,-1
862,[0.33290548 0.26652451],21,12,"[0.35989338958527206, 0.25320034427900406]",16,17
863,[0.27069887 0.41210521],21,34,"[0.2605009760091141, 0.42060134435556124]",15,11
864,[0.36483937 0.27657905],21,12,"[0.35989338958527206, 0.25320034427900406]",16,-1
865,[0.27368299 0.25477521],21,14,"[0.24954344130192369, 0.2757930499536998]",-1,-1
866,[0.28989203 0.24394647],21,14,"[0.24954344130192369, 0.2757930499536998]",-1,-1
867,[0.34184585 0.28751728],21,12,"[0.35989338958527206, 0.25320034427900406]",16,17
868,[0.15847847 0.22990871],21,-1,-1,-1,-1
869,[0.38550868 0.29408826],21,12,"[0.35989338958527206, 0.25320034427900406]",16,17
870,[0.3574364  0.32444166],21,37,"[0.33645493418484457, 0.3640509520892426]",16,17
871,[0.31039771 0.19335592],21,-1,-1,-1,-1
872,[0.25600119 0.35440282],21,34,"[0.2605009760091141, 0.42060134435556124]",13,-1
873,[0.28937008 0.31188249],21,14,"[0.24954344130192369, 0.2757930499536998]",16,16
874,[0.27756875 0.30776321],21,14,"[0.24954344130192369, 0.2757930499536998]",16,16
875,[0.36453753 0.33364914],21,37,"[0.33645493418484457, 0.3640509520892426]",16,17
876,[0.34810397 0.15939274],21,-1,-1,-1,-1
877,[0.22289351 0.28900572],21,14,"[0.24954344130192369, 0.2757930499536998]",16,16
878,[0.3969512 0.2991527],21,32,"[0.4251121980637589, 0.3441665776791453]",16,17
879,[0.37431683 0.37083111],21,37,"[0.33645493418484457, 0.3640509520892426]",16,-1
880,[0.50201532 0.76322845],22,25,"[0.5236318109422619, 0.8012464978987384]",6,9
881,[0.40078694 0.8089176 ],22,47,"[0.43099389519308984, 0.7561872833758735]",4,2
882,[0.51327939 0.74424505],22,25,"[0.5236318109422619, 0.8012464978987384]",6,9
883,[0.46708417 0.86702481],22,-1,-1,-1,-1
884,[0.5495654  0.75983472],22,25,"[0.5236318109422619, 0.8012464978987384]",6,9
885,[0.27584803 0.71738528],22,-1,-1,-1,-1
886,[0.48712732 0.73482963],22,47,"[0.43099389519308984, 0.7561872833758735]",6,9
887,[0.42994083 0.79546866],22,47,"[0.43099389519308984, 0.7561872833758735]",4,2
888,[0.41071189 0.78623313],22,47,"[0.43099389519308984, 0.7561872833758735]",4,2
889,[0.49367385 0.87174105],22,-1,-1,-1,-1
890,[0.43788526 0.72989232],22,47,"[0.43099389519308984, 0.7561872833758735]",6,9
891,[0.25104456 0.79373541],22,-1,-1,-1,-1
892,[0.52113084 0.89981424],22,-1,-1,-1,-1
893,[0.44955535 0.70957516],22,47,"[0.43099389519308984, 0.7561872833758735]",6,9
894,[0.50143709 0.82200159],22,25,"[0.5236318109422619, 0.8012464978987384]",-1,-1
895,[0.40047488 0.79008791],22,47,"[0.43099389519308984, 0.7561872833758735]",4,2
896,[0.46181584 0.73357043],22,47,"[0.43099389519308984, 0.7561872833758735]",6,9
897,[0.27558488 0.65407825],22,40,"[0.2577803146355429, 0.6297739942693433]",-1,-1
898,[0.38995282 0.78775935],22,47,"[0.43099389519308984, 0.7561872833758735]",4,2
899,[0.36273506 0.83879465],22,-1,-1,-1,-1
900,[0.42304822 0.77950737],22,47,"[0.43099389519308984, 0.7561872833758735]",4,2
901,[0.57219761 0.82542315],22,31,"[0.6251609496125403, 0.8352171944840032]",-1,-1
902,[0.46283532 0.80220747],22,47,"[0.43099389519308984, 0.7561872833758735]",-1,-1
903,[0.53621419 0.82272284],22,25,"[0.5236318109422619, 0.8012464978987384]",-1,-1
904,[0.57096673 0.82253315],22,25,"[0.5236318109422619, 0.8012464978987384]",-1,-1
905,[0.49639185 0.80032514],22,25,"[0.5236318109422619, 0.8012464978987384]",-1,-1
906,[0.45497041 0.68034421],22,38,"[0.47792908248124544, 0.6224764112241679]",-1,-1
907,[0.51877987 0.82117056],22,25,"[0.5236318109422619, 0.8012464978987384]",-1,-1
908,[0.44007557 0.79332613],22,47,"[0.43099389519308984, 0.7561872833758735]",4,2
909,[0.43499656 0.79840815],22,47,"[0.43099389519308984, 0.7561872833758735]",4,2
910,[0.45136758 0.84216923],22,-1,-1,-1,-1
911,[0.51507432 0.77440364],22,25,"[0.5236318109422619, 0.8012464978987384]",6,9
912,[0.47217465 0.83611529],22,25,"[0.5236318109422619, 0.8012464978987384]",-1,-1
913,[0.51202663 0.76205494],22,25,"[0.5236318109422619, 0.8012464978987384]",6,-1
914,[0.53062925 0.82125169],22,25,"[0.5236318109422619, 0.8012464978987384]",-1,-1
915,[0.44148541 0.99123071],22,-1,-1,-1,-1
916,[0.52311942 0.83381569],22,25,"[0.5236318109422619, 0.8012464978987384]",-1,-1
917,[0.53957929 0.78697195],22,25,"[0.5236318109422619, 0.8012464978987384]",6,9
918,[0.49953481 0.79042771],22,25,"[0.5236318109422619, 0.8012464978987384]",6,9
919,[0.3268516  0.75044229],22,-1,-1,5,3
920,[0.80087901 0.29661326],23,45,"[0.8194253557529549, 0.26944854478346947]",16,17
921,[0.69864749 0.33890365],23,0,"[0.6931627615392556, 0.3815800684708607]",16,17
922,[0.65301064 0.36398074],23,5,"[0.6219127749174811, 0.3458311877021472]",16,17
923,[0.71509309 0.41248662],23,0,"[0.6931627615392556, 0.3815800684708607]",16,17
924,[0.58533567 0.3378641 ],23,5,"[0.6219127749174811, 0.3458311877021472]",16,17
925,[0.68171503 0.33088071],23,0,"[0.6931627615392556, 0.3815800684708607]",16,17
926,[0.85804283 0.52156181],23,44,"[0.8476356259506711, 0.5583543667186437]",-1,-1
927,[0.71311932 0.48676554],23,19,"[0.7100699458052151, 0.46188765954194844]",16,17
928,[0.6951552  0.30571768],23,16,"[0.6946070591632252, 0.27135441201240945]",16,17
929,[0.76537728 0.31543154],23,15,"[0.7557054119964618, 0.3426596134267281]",16,17
930,[0.63708567 0.5064316 ],23,22,"[0.6412173962499937, 0.5201488156715416]",16,17
931,[0.62737595 0.42486168],23,3,"[0.6310899028624785, 0.4327585339522149]",16,17
932,[0.65846275 0.35017763],23,5,"[0.6219127749174811, 0.3458311877021472]",16,17
933,[0.68383925 0.37215086],23,0,"[0.6931627615392556, 0.3815800684708607]",16,17
934,[0.77984612 0.39097865],23,15,"[0.7557054119964618, 0.3426596134267281]",16,17
935,[0.57907821 0.36748402],23,5,"[0.6219127749174811, 0.3458311877021472]",16,17
936,[0.65830372 0.39593426],23,0,"[0.6931627615392556, 0.3815800684708607]",16,17
937,[0.69914739 0.28780911],23,16,"[0.6946070591632252, 0.27135441201240945]",16,17
938,[0.85775256 0.31762128],23,49,"[0.8595522819233805, 0.37427628092032356]",-1,-1
939,[0.73511249 0.54739368],23,24,"[0.7448615304228973, 0.5234988764106225]",16,17
940,[0.68605946 0.53399471],23,22,"[0.6412173962499937, 0.5201488156715416]",16,17
941,[0.68011943 0.35849619],23,0,"[0.6931627615392556, 0.3815800684708607]",16,17
942,[0.78580592 0.43822457],23,6,"[0.7882447957584383, 0.44458351122282763]",16,17
943,[0.62535449 0.45479545],23,3,"[0.6310899028624785, 0.4327585339522149]",16,17
944,[0.61080242 0.43163404],23,3,"[0.6310899028624785, 0.4327585339522149]",16,17
945,[0.60333357 0.45397317],23,30,"[0.5702334027952285, 0.45514065597475695]",16,17
946,[0.66680896 0.35962912],23,0,"[0.6931627615392556, 0.3815800684708607]",16,17
947,[0.67517389 0.34720476],23,0,"[0.6931627615392556, 0.3815800684708607]",16,17
948,[0.72289772 0.30970131],23,15,"[0.7557054119964618, 0.3426596134267281]",-1,-1
949,[0.65895294 0.37843628],23,0,"[0.6931627615392556, 0.3815800684708607]",16,17
950,[0.66847252 0.22187751],23,42,"[0.6393846614444835, 0.19259346825000226]",-1,-1
951,[0.71409844 0.41234528],23,0,"[0.6931627615392556, 0.3815800684708607]",16,17
952,[0.68737894 0.4128004 ],23,0,"[0.6931627615392556, 0.3815800684708607]",16,17
953,[0.73561523 0.358196  ],23,15,"[0.7557054119964618, 0.3426596134267281]",16,17
954,[0.66504768 0.28500462],23,16,"[0.6946070591632252, 0.27135441201240945]",16,17
955,[0.7216686  0.38737058],23,0,"[0.6931627615392556, 0.3815800684708607]",16,17
956,[0.56543635 0.44349173],23,30,"[0.5702334027952285, 0.45514065597475695]",16,17
957,[0.8002209  0.31746667],23,15,"[0.7557054119964618, 0.3426596134267281]",16,17
958,[0.57828986 0.20864674],23,42,"[0.6393846614444835, 0.19259346825000226]",16,17
959,[0.77442038 0.5209639 ],23,24,"[0.7448615304228973, 0.5234988764106225]",16,17
960,[0.08712679 0.7355343 ],24,-1,-1,-1,-1
961,[0.15263549 0.66434262],24,41,"[0.1567995345321295, 0.603420531962102]",3,4
962,[0.15655285 0.58237126],24,41,"[0.1567995345321295, 0.603420531962102]",14,13
963,[0.19791691 0.55783996],24,41,"[0.1567995345321295, 0.603420531962102]",14,13
964,[0.21910224 0.61180695],24,40,"[0.2577803146355429, 0.6297739942693433]",-1,8
965,[0.19159374 0.72297356],24,-1,-1,-1,-1
966,[0.22559285 0.71413078],24,-1,-1,-1,-1
967,[0.12238748 0.65632271],24,41,"[0.1567995345321295, 0.603420531962102]",3,4
968,[0.11102612 0.6312454 ],24,41,"[0.1567995345321295, 0.603420531962102]",3,-1
969,[0.15696691 0.6628488 ],24,41,"[0.1567995345321295, 0.603420531962102]",3,4
970,[0.10115517 0.7345303 ],24,-1,-1,-1,-1
971,[0.11535022 0.61856854],24,41,"[0.1567995345321295, 0.603420531962102]",-1,-1
972,[0.09541799 0.54229864],24,48,"[0.0985077160768476, 0.528707075276337]",12,10
973,[0.05174809 0.75885569],24,-1,-1,-1,-1
974,[0.1633846  0.64360484],24,41,"[0.1567995345321295, 0.603420531962102]",3,4
975,[0.32182354 0.65145272],24,40,"[0.2577803146355429, 0.6297739942693433]",-1,7
976,[0.14236283 0.65795291],24,41,"[0.1567995345321295, 0.603420531962102]",3,4
977,[0.09896971 0.5468505 ],24,48,"[0.0985077160768476, 0.528707075276337]",-1,-1
978,[0.27770782 0.65427143],24,40,"[0.2577803146355429, 0.6297739942693433]",-1,7
979,[0.18410513 0.69112762],24,-1,-1,-1,-1
980,[0.22349061 0.65930239],24,40,"[0.2577803146355429, 0.6297739942693433]",-1,8
981,[0.06895415 0.49896824],24,48,"[0.0985077160768476, 0.528707075276337]",-1,-1
982,[0.11206417 0.55910998],24,48,"[0.0985077160768476, 0.528707075276337]",12,-1
983,[0.0861415 0.6104201],24,-1,-1,-1,-1
984,[0.28100061 0.61829501],24,40,"[0.2577803146355429, 0.6297739942693433]",14,-1
985,[0.224006   0.65804837],24,40,"[0.2577803146355429, 0.6297739942693433]",11,8
986,[0.1712489  0.67183444],24,41,"[0.1567995345321295, 0.603420531962102]",3,4
987,[0.14398958 0.64263632],24,41,"[0.1567995345321295, 0.603420531962102]",3,4
988,[0.12765457 0.6579167 ],24,41,"[0.1567995345321295, 0.603420531962102]",3,4
989,[0.07769606 0.76684003],24,-1,-1,-1,-1
990,[0.27752327 0.67310614],24,40,"[0.2577803146355429, 0.6297739942693433]",-1,-1
991,[0.11277788 0.75825253],24,-1,-1,-1,-1
992,[0.03873995 0.60327172],24,-1,-1,-1,-1
993,[0.22034374 0.61523997],24,40,"[0.2577803146355429, 0.6297739942693433]",14,8
994,[0.16507849 0.48055157],24,27,"[0.18348109069866772, 0.4795356768884537]",14,12
995,[0.26912066 0.62765693],24,40,"[0.2577803146355429, 0.6297739942693433]",-1,7
996,[0.21886405 0.5613384 ],24,-1,-1,14,13
997,[0.20858314 0.69220366],24,-1,-1,-1,-1
998,[0.14697756 0.69208944],24,-1,-1,-1,-1
999,[0.01726068 0.60936529],24,-1,-1,-1,-1
1000,[0.56763869 0.46719045],25,30,"[0.5702334027952285, 0.45514065597475695]",16,17
1001,[0.52919205 0.33672314],25,23,"[0.5054573664263023, 0.33647523712708816]",16,17
1002,[0.69647433 0.48044734],25,19,"[0.7100699458052151, 0.46188765954194844]",16,17
1003,[0.67071966 0.39299518],25,0,"[0.6931627615392556, 0.3815800684708607]",16,17
1004,[0.60129165 0.43076772],25,3,"[0.6310899028624785, 0.4327585339522149]",16,17
1005,[0.61399226 0.33534023],25,5,"[0.6219127749174811, 0.3458311877021472]",16,17
1006,[0.56803702 0.42209644],25,30,"[0.5702334027952285, 0.45514065597475695]",16,17
1007,[0.60475254 0.38972764],25,5,"[0.6219127749174811, 0.3458311877021472]",16,17
1008,[0.57089801 0.40141321],25,30,"[0.5702334027952285, 0.45514065597475695]",16,17
1009,[0.67983422 0.4512417 ],25,19,"[0.7100699458052151, 0.46188765954194844]",16,17
1010,[0.64941732 0.39896401],25,3,"[0.6310899028624785, 0.4327585339522149]",16,17
1011,[0.4609313  0.40800362],25,29,"[0.5170986733347275, 0.40577494456770846]",16,17
1012,[0.71949448 0.42084657],25,19,"[0.7100699458052151, 0.46188765954194844]",16,17
1013,[0.62407821 0.49127134],25,22,"[0.6412173962499937, 0.5201488156715416]",16,17
1014,[0.56074099 0.50219227],25,39,"[0.5758698130208451, 0.5301563831393514]",16,17
1015,[0.61438635 0.55419791],25,33,"[0.6199120629460765, 0.5881656396515723]",16,17
1016,[0.58093962 0.46858231],25,30,"[0.5702334027952285, 0.45514065597475695]",16,17
1017,[0.69932504 0.5329321 ],25,24,"[0.7448615304228973, 0.5234988764106225]",16,17
1018,[0.69295672 0.46056839],25,19,"[0.7100699458052151, 0.46188765954194844]",16,17
1019,[0.55548898 0.44183786],25,30,"[0.5702334027952285, 0.45514065597475695]",16,17
1020,[0.55595375 0.4113462 ],25,29,"[0.5170986733347275, 0.40577494456770846]",16,17
1021,[0.50485977 0.29089088],25,23,"[0.5054573664263023, 0.33647523712708816]",16,17
1022,[0.62248985 0.29559179],25,9,"[0.5913155677590582, 0.27071636574266844]",16,17
1023,[0.63046501 0.39564698],25,3,"[0.6310899028624785, 0.4327585339522149]",16,17
1024,[0.65428206 0.38971851],25,0,"[0.6931627615392556, 0.3815800684708607]",16,17
1025,[0.70776749 0.41900434],25,0,"[0.6931627615392556, 0.3815800684708607]",16,17
1026,[0.64139264 0.5593036 ],25,33,"[0.6199120629460765, 0.5881656396515723]",16,17
1027,[0.6342997  0.50274512],25,22,"[0.6412173962499937, 0.5201488156715416]",16,17
1028,[0.65797405 0.43046926],25,3,"[0.6310899028624785, 0.4327585339522149]",16,17
1029,[0.6860503  0.41127513],25,0,"[0.6931627615392556, 0.3815800684708607]",16,17
1030,[0.70960882 0.264341  ],25,16,"[0.6946070591632252, 0.27135441201240945]",16,17
1031,[0.67504491 0.48859726],25,19,"[0.7100699458052151, 0.46188765954194844]",16,17
1032,[0.72204889 0.47345395],25,19,"[0.7100699458052151, 0.46188765954194844]",16,17
1033,[0.68451888 0.48411783],25,19,"[0.7100699458052151, 0.46188765954194844]",16,17
1034,[0.54106746 0.36632414],25,29,"[0.5170986733347275, 0.40577494456770846]",16,17
1035,[0.56744769 0.4055225 ],25,30,"[0.5702334027952285, 0.45514065597475695]",16,17
1036,[0.63585913 0.4569443 ],25,3,"[0.6310899028624785, 0.4327585339522149]",16,17
1037,[0.58166462 0.59729197],25,35,"[0.5627594231674726, 0.6027140832798153]",16,17
1038,[0.55206997 0.4324395 ],25,30,"[0.5702334027952285, 0.45514065597475695]",16,17
1039,[0.65464208 0.42070801],25,3,"[0.6310899028624785, 0.4327585339522149]",16,17
1040,[0.11199244 0.53782131],26,48,"[0.0985077160768476, 0.528707075276337]",12,10
1041,[0.20447212 0.61830141],26,41,"[0.1567995345321295, 0.603420531962102]",14,8
1042,[0.20949642 0.47833569],26,27,"[0.18348109069866772, 0.4795356768884537]",14,12
1043,[0.22952429 0.55752569],26,-1,-1,-1,-1
1044,[0.27319286 0.48722283],26,34,"[0.2605009760091141, 0.42060134435556124]",-1,-1
1045,[0.20647767 0.53577176],26,27,"[0.18348109069866772, 0.4795356768884537]",-1,-1
1046,[0.17860456 0.53051252],26,27,"[0.18348109069866772, 0.4795356768884537]",14,13
1047,[0.16861032 0.57059056],26,41,"[0.1567995345321295, 0.603420531962102]",14,13
1048,[0.12393617 0.51257524],26,48,"[0.0985077160768476, 0.528707075276337]",-1,-1
1049,[0.17778839 0.61011588],26,41,"[0.1567995345321295, 0.603420531962102]",-1,-1
1050,[0.17536673 0.5720301 ],26,41,"[0.1567995345321295, 0.603420531962102]",14,13
1051,[0.17816075 0.54535508],26,41,"[0.1567995345321295, 0.603420531962102]",14,13
1052,[0.12320704 0.52666455],26,48,"[0.0985077160768476, 0.528707075276337]",12,10
1053,[0.10703601 0.54629152],26,48,"[0.0985077160768476, 0.528707075276337]",12,10
1054,[0.16867245 0.5862225 ],26,41,"[0.1567995345321295, 0.603420531962102]",14,13
1055,[0.18016168 0.5140802 ],26,27,"[0.18348109069866772, 0.4795356768884537]",-1,-1
1056,[0.25319673 0.6015359 ],26,40,"[0.2577803146355429, 0.6297739942693433]",-1,-1
1057,[0.14105566 0.53519543],26,48,"[0.0985077160768476, 0.528707075276337]",-1,10
1058,[0.24756804 0.47282745],26,34,"[0.2605009760091141, 0.42060134435556124]",-1,-1
1059,[0.14123073 0.44699349],26,27,"[0.18348109069866772, 0.4795356768884537]",14,-1
1060,[0.11362566 0.41003897],26,26,"[0.130049889324261, 0.3510946889535129]",-1,-1
1061,[0.14014766 0.50256391],26,27,"[0.18348109069866772, 0.4795356768884537]",-1,-1
1062,[0.17649138 0.52214352],26,27,"[0.18348109069866772, 0.4795356768884537]",14,13
1063,[0.17938915 0.62283318],26,41,"[0.1567995345321295, 0.603420531962102]",3,-1
1064,[0.24241702 0.48516404],26,27,"[0.18348109069866772, 0.4795356768884537]",-1,-1
1065,[0.14833688 0.4429817 ],26,27,"[0.18348109069866772, 0.4795356768884537]",14,12
1066,[0.12794151 0.5513681 ],26,48,"[0.0985077160768476, 0.528707075276337]",12,-1
1067,[0.15824347 0.54857755],26,41,"[0.1567995345321295, 0.603420531962102]",14,13
1068,[0.06829186 0.67245205],26,-1,-1,-1,-1
1069,[0.12594975 0.42586893],26,-1,-1,-1,-1
1070,[0.11501743 0.6047603 ],26,41,"[0.1567995345321295, 0.603420531962102]",-1,-1
1071,[0.06468236 0.49174572],26,48,"[0.0985077160768476, 0.528707075276337]",-1,-1
1072,[0.21232415 0.44988159],26,27,"[0.18348109069866772, 0.4795356768884537]",-1,-1
1073,[0.16312413 0.65094631],26,41,"[0.1567995345321295, 0.603420531962102]",3,4
1074,[0.07190046 0.55135066],26,48,"[0.0985077160768476, 0.528707075276337]",-1,-1
1075,[0.24006387 0.63442569],26,40,"[0.2577803146355429, 0.6297739942693433]",-1,7
1076,[0.12136603 0.67554249],26,-1,-1,3,-1
1077,[0.18358594 0.5651608 ],26,41,"[0.1567995345321295, 0.603420531962102]",14,13
1078,[0.16935985 0.5880738 ],26,41,"[0.1567995345321295, 0.603420531962102]",14,13
1079,[0.17333873 0.45731794],26,27,"[0.18348109069866772, 0.4795356768884537]",14,12
1080,[0.11504665 0.78750707],27,-1,-1,-1,-1
1081,[0.48511548 0.71390991],27,47,"[0.43099389519308984, 0.7561872833758735]",6,-1
1082,[0.28941154 0.77444017],27,-1,-1,-1,-1
1083,[0.30200652 0.74818316],27,-1,-1,5,-1
1084,[0.34664517 0.7657075 ],27,-1,-1,5,3
1085,[0.3872999  0.87205453],27,-1,-1,-1,-1
1086,[0.32992997 0.63420309],27,43,"[0.37749747809746576, 0.5943696060552268]",14,7
1087,[0.2531697  0.66996876],27,40,"[0.2577803146355429, 0.6297739942693433]",-1,-1
1088,[0.32587744 0.79265068],27,-1,-1,-1,-1
1089,[0.35912539 0.76687619],27,-1,-1,-1,-1
1090,[0.2232776  0.71227435],27,-1,-1,11,-1
1091,[0.39006245 0.77740922],27,47,"[0.43099389519308984, 0.7561872833758735]",4,2
1092,[0.26481332 0.70268391],27,-1,-1,-1,-1
1093,[0.40665278 0.81162867],27,47,"[0.43099389519308984, 0.7561872833758735]",4,2
1094,[0.32376151 0.70152599],27,-1,-1,-1,-1
1095,[0.38992363 0.78040751],27,47,"[0.43099389519308984, 0.7561872833758735]",4,2
1096,[0.29002311 0.86861151],27,-1,-1,-1,-1
1097,[0.35422865 0.69364692],27,-1,-1,-1,-1
1098,[0.32366599 0.68488879],27,-1,-1,-1,-1
1099,[0.21427588 0.7201737 ],27,-1,-1,11,-1
1100,[0.38864926 0.74464024],27,47,"[0.43099389519308984, 0.7561872833758735]",-1,-1
1101,[0.23763681 0.83872486],27,-1,-1,-1,-1
1102,[0.36106813 0.77554079],27,-1,-1,4,3
1103,[0.3174656  0.84143402],27,-1,-1,-1,-1
1104,[0.33027586 0.70210852],27,-1,-1,-1,-1
1105,[0.22238487 0.71860682],27,-1,-1,-1,-1
1106,[0.4373195 0.6278207],27,38,"[0.47792908248124544, 0.6224764112241679]",16,18
1107,[0.33656668 0.67300598],27,-1,-1,-1,7
1108,[0.31152463 0.76557572],27,-1,-1,5,3
1109,[0.3085906 0.8522685],27,-1,-1,-1,-1
1110,[0.34363691 0.71744398],27,-1,-1,-1,-1
1111,[0.22329236 0.63235215],27,40,"[0.2577803146355429, 0.6297739942693433]",14,8
1112,[0.24657461 0.8595135 ],27,-1,-1,-1,-1
1113,[0.2578639  0.73031301],27,-1,-1,-1,-1
1114,[0.31757022 0.88218193],27,-1,-1,-1,-1
1115,[0.30549614 0.74976282],27,-1,-1,-1,-1
1116,[0.35261711 0.81714608],27,-1,-1,-1,-1
1117,[0.31840169 0.76794871],27,-1,-1,5,3
1118,[0.2318636 0.7072302],27,-1,-1,11,-1
1119,[0.33688625 0.7827404 ],27,-1,-1,5,3
1120,[0.81743498 0.72070625],28,7,"[0.8183795810148307, 0.737703610258249]",16,17
1121,[0.66390665 0.72315922],28,1,"[0.70862059846081, 0.7152813583884687]",16,17
1122,[0.72438598 0.71250571],28,1,"[0.70862059846081, 0.7152813583884687]",16,17
1123,[0.67898363 0.72885232],28,1,"[0.70862059846081, 0.7152813583884687]",16,17
1124,[0.61320223 0.59598971],28,33,"[0.6199120629460765, 0.5881656396515723]",16,17
1125,[0.74448197 0.60405856],28,20,"[0.7653811495802203, 0.5983352981846829]",16,17
1126,[0.73375175 0.73264199],28,1,"[0.70862059846081, 0.7152813583884687]",16,17
1127,[0.71980114 0.78399331],28,18,"[0.6988779897200863, 0.7834770781342104]",16,17
1128,[0.73350634 0.70733035],28,1,"[0.70862059846081, 0.7152813583884687]",16,17
1129,[0.67589206 0.68871121],28,1,"[0.70862059846081, 0.7152813583884687]",16,17
1130,[0.68115126 0.62713194],28,2,"[0.7003614937405056, 0.6488756530213964]",16,17
1131,[0.5964007  0.68486273],28,21,"[0.6172716789774699, 0.6610353881131104]",16,17
1132,[0.67114086 0.72393531],28,1,"[0.70862059846081, 0.7152813583884687]",16,17
1133,[0.74947667 0.70347969],28,1,"[0.70862059846081, 0.7152813583884687]",16,17
1134,[0.79541274 0.70745869],28,7,"[0.8183795810148307, 0.737703610258249]",16,17
1135,[0.66658605 0.73006525],28,1,"[0.70862059846081, 0.7152813583884687]",16,17
1136,[0.76315432 0.6036984 ],28,20,"[0.7653811495802203, 0.5983352981846829]",16,17
1137,[0.83297335 0.60503572],28,44,"[0.8476356259506711, 0.5583543667186437]",-1,-1
1138,[0.64234542 0.61244859],28,33,"[0.6199120629460765, 0.5881656396515723]",16,17
1139,[0.76114517 0.58732646],28,20,"[0.7653811495802203, 0.5983352981846829]",16,17
1140,[0.73468359 0.62953766],28,2,"[0.7003614937405056, 0.6488756530213964]",16,17
1141,[0.72732124 0.72018272],28,1,"[0.70862059846081, 0.7152813583884687]",16,17
1142,[0.71134985 0.60123074],28,13,"[0.687764963213202, 0.587329037740085]",16,17
1143,[0.66303614 0.64918814],28,2,"[0.7003614937405056, 0.6488756530213964]",16,17
1144,[0.80911493 0.68981231],28,7,"[0.8183795810148307, 0.737703610258249]",16,17
1145,[0.59204636 0.67411874],28,21,"[0.6172716789774699, 0.6610353881131104]",16,17
1146,[0.66578995 0.72845344],28,1,"[0.70862059846081, 0.7152813583884687]",16,17
1147,[0.67838241 0.67737081],28,2,"[0.7003614937405056, 0.6488756530213964]",16,17
1148,[0.72927658 0.69703223],28,1,"[0.70862059846081, 0.7152813583884687]",16,17
1149,[0.72911624 0.62364348],28,2,"[0.7003614937405056, 0.6488756530213964]",16,17
1150,[0.69426773 0.55986047],28,13,"[0.687764963213202, 0.587329037740085]",16,17
1151,[0.69201119 0.80531186],28,18,"[0.6988779897200863, 0.7834770781342104]",16,17
1152,[0.80407044 0.71223278],28,7,"[0.8183795810148307, 0.737703610258249]",16,17
1153,[0.71413624 0.66142738],28,2,"[0.7003614937405056, 0.6488756530213964]",16,17
1154,[0.70573837 0.74017625],28,1,"[0.70862059846081, 0.7152813583884687]",16,17
1155,[0.79346996 0.71362028],28,7,"[0.8183795810148307, 0.737703610258249]",16,17
1156,[0.73266353 0.72191578],28,1,"[0.70862059846081, 0.7152813583884687]",16,17
1157,[0.83437075 0.72062091],28,7,"[0.8183795810148307, 0.737703610258249]",16,17
1158,[0.5807103  0.68157792],28,21,"[0.6172716789774699, 0.6610353881131104]",16,17
1159,[0.68571374 0.64444061],28,2,"[0.7003614937405056, 0.6488756530213964]",16,17
1160,[0.84750619 0.58266757],29,44,"[0.8476356259506711, 0.5583543667186437]",16,17
1161,[0.64153833 0.5543134 ],29,22,"[0.6412173962499937, 0.5201488156715416]",16,17
1162,[0.77259391 0.59717061],29,20,"[0.7653811495802203, 0.5983352981846829]",16,17
1163,[0.73738355 0.61235212],29,20,"[0.7653811495802203, 0.5983352981846829]",16,17
1164,[0.96049369 0.53269677],29,-1,-1,-1,-1
1165,[0.67960789 0.57944271],29,13,"[0.687764963213202, 0.587329037740085]",16,17
1166,[0.67673181 0.63869122],29,2,"[0.7003614937405056, 0.6488756530213964]",16,17
1167,[0.82829008 0.56870732],29,44,"[0.8476356259506711, 0.5583543667186437]",16,17
1168,[0.85535087 0.66781825],29,-1,-1,-1,-1
1169,[0.7262459  0.59936149],29,20,"[0.7653811495802203, 0.5983352981846829]",16,17
1170,[0.71430842 0.62149673],29,2,"[0.7003614937405056, 0.6488756530213964]",16,17
1171,[0.69233344 0.57912994],29,13,"[0.687764963213202, 0.587329037740085]",16,17
1172,[0.66129873 0.53294061],29,22,"[0.6412173962499937, 0.5201488156715416]",16,17
1173,[0.89324713 0.56710103],29,44,"[0.8476356259506711, 0.5583543667186437]",-1,-1
1174,[0.79606736 0.6310417 ],29,20,"[0.7653811495802203, 0.5983352981846829]",16,-1
1175,[0.76063464 0.49651945],29,24,"[0.7448615304228973, 0.5234988764106225]",16,17
1176,[0.78137078 0.54199931],29,24,"[0.7448615304228973, 0.5234988764106225]",-1,-1
1177,[0.79878233 0.59882587],29,20,"[0.7653811495802203, 0.5983352981846829]",16,17
1178,[0.74094176 0.49528797],29,24,"[0.7448615304228973, 0.5234988764106225]",16,17
1179,[0.76865952 0.58770285],29,20,"[0.7653811495802203, 0.5983352981846829]",16,17
1180,[0.81104049 0.59890147],29,20,"[0.7653811495802203, 0.5983352981846829]",16,17
1181,[0.72357265 0.54722444],29,24,"[0.7448615304228973, 0.5234988764106225]",16,17
1182,[0.81093356 0.56045455],29,44,"[0.8476356259506711, 0.5583543667186437]",16,-1
1183,[0.8245819  0.47636507],29,6,"[0.7882447957584383, 0.44458351122282763]",16,17
1184,[0.60968269 0.70115292],29,17,"[0.6041428535245666, 0.7182380791755969]",16,17
1185,[0.78981032 0.59566173],29,20,"[0.7653811495802203, 0.5983352981846829]",16,17
1186,[0.77017502 0.56871919],29,20,"[0.7653811495802203, 0.5983352981846829]",16,17
1187,[0.81005645 0.52732615],29,44,"[0.8476356259506711, 0.5583543667186437]",16,17
1188,[0.84257287 0.55721523],29,44,"[0.8476356259506711, 0.5583543667186437]",-1,-1
1189,[0.69228065 0.4973173 ],29,19,"[0.7100699458052151, 0.46188765954194844]",16,17
1190,[0.6957523  0.62794449],29,2,"[0.7003614937405056, 0.6488756530213964]",16,17
1191,[0.82105386 0.47466849],29,6,"[0.7882447957584383, 0.44458351122282763]",16,17
1192,[0.93579523 0.50994816],29,-1,-1,-1,-1
1193,[0.73854024 0.6616281 ],29,2,"[0.7003614937405056, 0.6488756530213964]",16,17
1194,[0.7894133  0.52963306],29,24,"[0.7448615304228973, 0.5234988764106225]",16,17
1195,[0.79884195 0.51155449],29,24,"[0.7448615304228973, 0.5234988764106225]",16,17
1196,[0.6787617  0.55100698],29,13,"[0.687764963213202, 0.587329037740085]",16,17
1197,[0.67267055 0.53974813],29,22,"[0.6412173962499937, 0.5201488156715416]",16,17
1198,[0.80824368 0.61339505],29,20,"[0.7653811495802203, 0.5983352981846829]",16,17
1199,[0.86028049 0.59027714],29,44,"[0.8476356259506711, 0.5583543667186437]",-1,-1
1200,[0.60429882 0.27364186],30,9,"[0.5913155677590582, 0.27071636574266844]",16,17
1201,[0.53828895 0.19846031],30,10,"[0.5125028850715635, 0.21272172560237074]",16,17
1202,[0.55528907 0.25449219],30,9,"[0.5913155677590582, 0.27071636574266844]",-1,-1
1203,[0.68602238 0.27691184],30,16,"[0.6946070591632252, 0.27135441201240945]",16,17
1204,[0.59177057 0.28020141],30,9,"[0.5913155677590582, 0.27071636574266844]",16,17
1205,[0.57305193 0.12782045],30,4,"[0.5573358588469737, 0.13747652462106147]",16,17
1206,[0.58685884 0.1603308 ],30,4,"[0.5573358588469737, 0.13747652462106147]",16,17
1207,[0.6036997  0.17461408],30,42,"[0.6393846614444835, 0.19259346825000226]",16,17
1208,[0.6828231  0.26736694],30,16,"[0.6946070591632252, 0.27135441201240945]",16,17
1209,[0.65248646 0.26681121],30,16,"[0.6946070591632252, 0.27135441201240945]",16,17
1210,[0.58574408 0.25081992],30,9,"[0.5913155677590582, 0.27071636574266844]",16,17
1211,[0.67481119 0.13346923],30,42,"[0.6393846614444835, 0.19259346825000226]",-1,-1
1212,[0.5921647  0.20179306],30,42,"[0.6393846614444835, 0.19259346825000226]",16,17
1213,[0.65700016 0.13291183],30,42,"[0.6393846614444835, 0.19259346825000226]",2,-1
1214,[0.66336015 0.26017741],30,16,"[0.6946070591632252, 0.27135441201240945]",16,17
1215,[0.65402105 0.23320447],30,42,"[0.6393846614444835, 0.19259346825000226]",16,17
1216,[0.60768059 0.17091107],30,42,"[0.6393846614444835, 0.19259346825000226]",16,17
1217,[0.63697007 0.12778775],30,42,"[0.6393846614444835, 0.19259346825000226]",-1,-1
1218,[0.63394511 0.27932484],30,9,"[0.5913155677590582, 0.27071636574266844]",16,17
1219,[0.65158141 0.05906428],30,-1,-1,-1,-1
1220,[0.6615156  0.21814279],30,42,"[0.6393846614444835, 0.19259346825000226]",-1,-1
1221,[0.59959121 0.07530583],30,-1,-1,-1,-1
1222,[0.60841205 0.22783445],30,9,"[0.5913155677590582, 0.27071636574266844]",16,17
1223,[0.6092864  0.29221737],30,9,"[0.5913155677590582, 0.27071636574266844]",16,17
1224,[0.68038683 0.15031873],30,42,"[0.6393846614444835, 0.19259346825000226]",2,-1
1225,[0.6541901  0.24310289],30,16,"[0.6946070591632252, 0.27135441201240945]",16,17
1226,[0.66497767 0.24860262],30,16,"[0.6946070591632252, 0.27135441201240945]",16,17
1227,[0.56779695 0.18970601],30,4,"[0.5573358588469737, 0.13747652462106147]",16,17
1228,[0.49073448 0.2023716 ],30,10,"[0.5125028850715635, 0.21272172560237074]",16,17
1229,[0.56490968 0.20908467],30,10,"[0.5125028850715635, 0.21272172560237074]",16,17
1230,[0.63233114 0.2823862 ],30,9,"[0.5913155677590582, 0.27071636574266844]",16,17
1231,[0.57074537 0.31667977],30,9,"[0.5913155677590582, 0.27071636574266844]",16,-1
1232,[0.67672008 0.1960608 ],30,42,"[0.6393846614444835, 0.19259346825000226]",-1,-1
1233,[0.51608717 0.22988369],30,10,"[0.5125028850715635, 0.21272172560237074]",16,17
1234,[0.60747764 0.21138474],30,42,"[0.6393846614444835, 0.19259346825000226]",16,17
1235,[0.59505164 0.26020235],30,9,"[0.5913155677590582, 0.27071636574266844]",16,17
1236,[0.4493187  0.08622585],30,-1,-1,-1,-1
1237,[0.77212698 0.20007521],30,36,"[0.7568583634948488, 0.16047829378911993]",-1,6
1238,[0.53937783 0.17118051],30,4,"[0.5573358588469737, 0.13747652462106147]",16,17
1239,[0.59726102 0.17831816],30,42,"[0.6393846614444835, 0.19259346825000226]",16,17
1240,[0.72580501 0.75292178],31,18,"[0.6988779897200863, 0.7834770781342104]",16,17
1241,[0.75015992 0.79697773],31,18,"[0.6988779897200863, 0.7834770781342104]",16,-1
1242,[0.71080634 0.67666239],31,2,"[0.7003614937405056, 0.6488756530213964]",16,17
1243,[0.87117249 0.54739532],31,44,"[0.8476356259506711, 0.5583543667186437]",-1,-1
1244,[0.77590078 0.64155082],31,20,"[0.7653811495802203, 0.5983352981846829]",16,17
1245,[0.81910638 0.72808393],31,7,"[0.8183795810148307, 0.737703610258249]",16,17
1246,[0.69990104 0.77481856],31,18,"[0.6988779897200863, 0.7834770781342104]",16,17
1247,[0.66431584 0.70994328],31,1,"[0.70862059846081, 0.7152813583884687]",16,17
1248,[0.74046371 0.67880428],31,1,"[0.70862059846081, 0.7152813583884687]",16,17
1249,[0.69357845 0.79096713],31,18,"[0.6988779897200863, 0.7834770781342104]",16,17
1250,[0.66683748 0.63934455],31,2,"[0.7003614937405056, 0.6488756530213964]",16,17
1251,[0.77492548 0.68231797],31,-1,-1,16,17
1252,[0.69768219 0.84069115],31,18,"[0.6988779897200863, 0.7834770781342104]",-1,-1
1253,[0.69376707 0.59564486],31,13,"[0.687764963213202, 0.587329037740085]",16,17
1254,[0.67348154 0.69105494],31,1,"[0.70862059846081, 0.7152813583884687]",16,17
1255,[0.68929742 0.54158178],31,13,"[0.687764963213202, 0.587329037740085]",16,17
1256,[0.64980572 0.68508586],31,21,"[0.6172716789774699, 0.6610353881131104]",16,17
1257,[0.79483693 0.70549614],31,7,"[0.8183795810148307, 0.737703610258249]",16,17
1258,[0.61601088 0.62432268],31,33,"[0.6199120629460765, 0.5881656396515723]",16,17
1259,[0.73045313 0.69752277],31,1,"[0.70862059846081, 0.7152813583884687]",16,17
1260,[0.71896  0.863085],31,-1,-1,-1,-1
1261,[0.68912389 0.77652722],31,18,"[0.6988779897200863, 0.7834770781342104]",16,17
1262,[0.68172509 0.60999644],31,13,"[0.687764963213202, 0.587329037740085]",16,17
1263,[0.67487453 0.64700833],31,2,"[0.7003614937405056, 0.6488756530213964]",16,17
1264,[0.79071426 0.83165634],31,-1,-1,1,0
1265,[0.71707773 0.62069277],31,2,"[0.7003614937405056, 0.6488756530213964]",16,17
1266,[0.68813021 0.75194479],31,18,"[0.6988779897200863, 0.7834770781342104]",16,17
1267,[0.6559441  0.69915569],31,21,"[0.6172716789774699, 0.6610353881131104]",16,17
1268,[0.7656239  0.70570827],31,1,"[0.70862059846081, 0.7152813583884687]",16,17
1269,[0.73022513 0.58876704],31,20,"[0.7653811495802203, 0.5983352981846829]",16,17
1270,[0.75496435 0.71038413],31,1,"[0.70862059846081, 0.7152813583884687]",16,17
1271,[0.75929057 0.67018646],31,2,"[0.7003614937405056, 0.6488756530213964]",16,17
1272,[0.66886593 0.71501057],31,1,"[0.70862059846081, 0.7152813583884687]",16,17
1273,[0.65699216 0.73684106],31,1,"[0.70862059846081, 0.7152813583884687]",16,17
1274,[0.92430194 0.82995632],31,-1,-1,-1,-1
1275,[0.68313184 0.7573318 ],31,18,"[0.6988779897200863, 0.7834770781342104]",16,17
1276,[0.62730474 0.69526108],31,17,"[0.6041428535245666, 0.7182380791755969]",16,17
1277,[0.68484312 0.72257964],31,1,"[0.70862059846081, 0.7152813583884687]",16,17
1278,[0.68316862 0.88628644],31,-1,-1,-1,-1
1279,[0.61527038 0.64796486],31,21,"[0.6172716789774699, 0.6610353881131104]",16,17
1280,[0.73828896 0.48626299],32,19,"[0.7100699458052151, 0.46188765954194844]",16,17
1281,[0.74892106 0.36889523],32,15,"[0.7557054119964618, 0.3426596134267281]",16,17
1282,[0.84965324 0.50485472],32,44,"[0.8476356259506711, 0.5583543667186437]",-1,-1
1283,[0.75922476 0.48242431],32,24,"[0.7448615304228973, 0.5234988764106225]",16,17
1284,[0.69895458 0.44310486],32,19,"[0.7100699458052151, 0.46188765954194844]",16,17
1285,[0.80767252 0.38684129],32,49,"[0.8595522819233805, 0.37427628092032356]",16,-1
1286,[0.91889163 0.41997662],32,-1,-1,-1,-1
1287,[0.81873052 0.46439702],32,6,"[0.7882447957584383, 0.44458351122282763]",16,17
1288,[0.92636055 0.45718353],32,-1,-1,-1,-1
1289,[0.80139523 0.41398783],32,6,"[0.7882447957584383, 0.44458351122282763]",16,17
1290,[0.79281883 0.56621493],32,20,"[0.7653811495802203, 0.5983352981846829]",16,17
1291,[0.82945516 0.50548687],32,44,"[0.8476356259506711, 0.5583543667186437]",16,17
1292,[0.80505923 0.51894177],32,44,"[0.8476356259506711, 0.5583543667186437]",16,17
1293,[0.74849063 0.54040826],32,24,"[0.7448615304228973, 0.5234988764106225]",16,17
1294,[0.77952084 0.39248489],32,6,"[0.7882447957584383, 0.44458351122282763]",16,17
1295,[0.74525582 0.4798444 ],32,19,"[0.7100699458052151, 0.46188765954194844]",16,17
1296,[0.85197294 0.36151655],32,49,"[0.8595522819233805, 0.37427628092032356]",-1,-1
1297,[0.77482136 0.44294635],32,6,"[0.7882447957584383, 0.44458351122282763]",16,17
1298,[0.82665076 0.58883153],32,44,"[0.8476356259506711, 0.5583543667186437]",16,17
1299,[0.80960672 0.47952562],32,6,"[0.7882447957584383, 0.44458351122282763]",16,17
1300,[0.78003662 0.61463909],32,20,"[0.7653811495802203, 0.5983352981846829]",16,17
1301,[0.76713208 0.46457235],32,6,"[0.7882447957584383, 0.44458351122282763]",16,17
1302,[0.86355122 0.4428786 ],32,49,"[0.8595522819233805, 0.37427628092032356]",-1,-1
1303,[0.74632123 0.45888129],32,19,"[0.7100699458052151, 0.46188765954194844]",16,17
1304,[0.86527772 0.46332988],32,-1,-1,-1,-1
1305,[0.82376016 0.32815806],32,49,"[0.8595522819233805, 0.37427628092032356]",16,17
1306,[0.77688385 0.49897604],32,24,"[0.7448615304228973, 0.5234988764106225]",16,17
1307,[0.81152905 0.51572496],32,44,"[0.8476356259506711, 0.5583543667186437]",16,17
1308,[0.75413071 0.5084891 ],32,24,"[0.7448615304228973, 0.5234988764106225]",16,17
1309,[0.78043365 0.57381694],32,20,"[0.7653811495802203, 0.5983352981846829]",16,17
1310,[0.7704924  0.46240748],32,6,"[0.7882447957584383, 0.44458351122282763]",16,17
1311,[0.7141286  0.41111813],32,0,"[0.6931627615392556, 0.3815800684708607]",16,17
1312,[0.87700807 0.44989687],32,-1,-1,-1,-1
1313,[0.78885804 0.42277708],32,6,"[0.7882447957584383, 0.44458351122282763]",16,17
1314,[0.76645198 0.48369482],32,6,"[0.7882447957584383, 0.44458351122282763]",16,17
1315,[0.82211622 0.53042194],32,44,"[0.8476356259506711, 0.5583543667186437]",-1,-1
1316,[0.85320853 0.45775132],32,6,"[0.7882447957584383, 0.44458351122282763]",-1,-1
1317,[0.90777415 0.41678964],32,49,"[0.8595522819233805, 0.37427628092032356]",-1,-1
1318,[0.82811604 0.57044365],32,44,"[0.8476356259506711, 0.5583543667186437]",16,17
1319,[0.93254862 0.55421134],32,-1,-1,-1,-1
1320,[0.64106775 0.5601537 ],33,33,"[0.6199120629460765, 0.5881656396515723]",16,17
1321,[0.66486405 0.63256902],33,2,"[0.7003614937405056, 0.6488756530213964]",16,17
1322,[0.75233359 0.56489168],33,20,"[0.7653811495802203, 0.5983352981846829]",16,17
1323,[0.63223973 0.74807096],33,17,"[0.6041428535245666, 0.7182380791755969]",16,17
1324,[0.67150568 0.65858638],33,2,"[0.7003614937405056, 0.6488756530213964]",16,17
1325,[0.64858248 0.65642061],33,21,"[0.6172716789774699, 0.6610353881131104]",16,17
1326,[0.59037149 0.5320001 ],33,39,"[0.5758698130208451, 0.5301563831393514]",16,17
1327,[0.6204711  0.58960731],33,33,"[0.6199120629460765, 0.5881656396515723]",16,17
1328,[0.61255512 0.67736433],33,21,"[0.6172716789774699, 0.6610353881131104]",16,17
1329,[0.89023872 0.60432716],33,44,"[0.8476356259506711, 0.5583543667186437]",-1,-1
1330,[0.78665182 0.64746392],33,20,"[0.7653811495802203, 0.5983352981846829]",16,17
1331,[0.66187232 0.59703628],33,13,"[0.687764963213202, 0.587329037740085]",16,17
1332,[0.68682822 0.6234235 ],33,2,"[0.7003614937405056, 0.6488756530213964]",16,17
1333,[0.5939766  0.57348668],33,33,"[0.6199120629460765, 0.5881656396515723]",16,17
1334,[0.62658899 0.7286532 ],33,17,"[0.6041428535245666, 0.7182380791755969]",16,17
1335,[0.61515481 0.50950233],33,22,"[0.6412173962499937, 0.5201488156715416]",16,17
1336,[0.59565042 0.62643834],33,35,"[0.5627594231674726, 0.6027140832798153]",16,17
1337,[0.62537436 0.76334839],33,17,"[0.6041428535245666, 0.7182380791755969]",16,-1
1338,[0.72971564 0.67928573],33,1,"[0.70862059846081, 0.7152813583884687]",16,17
1339,[0.62082819 0.72508156],33,17,"[0.6041428535245666, 0.7182380791755969]",16,17
1340,[0.64829447 0.63489058],33,21,"[0.6172716789774699, 0.6610353881131104]",16,17
1341,[0.65831149 0.50927621],33,22,"[0.6412173962499937, 0.5201488156715416]",16,17
1342,[0.58954935 0.59367321],33,35,"[0.5627594231674726, 0.6027140832798153]",16,17
1343,[0.7655437  0.65461337],33,20,"[0.7653811495802203, 0.5983352981846829]",16,17
1344,[0.67972524 0.67190692],33,2,"[0.7003614937405056, 0.6488756530213964]",16,17
1345,[0.72872708 0.59544162],33,20,"[0.7653811495802203, 0.5983352981846829]",16,17
1346,[0.60953176 0.59970365],33,33,"[0.6199120629460765, 0.5881656396515723]",16,17
1347,[0.66439945 0.71411763],33,1,"[0.70862059846081, 0.7152813583884687]",16,17
1348,[0.65411139 0.66174268],33,21,"[0.6172716789774699, 0.6610353881131104]",16,17
1349,[0.68259091 0.62855089],33,2,"[0.7003614937405056, 0.6488756530213964]",16,17
1350,[0.65173169 0.62124049],33,33,"[0.6199120629460765, 0.5881656396515723]",16,17
1351,[0.5329825  0.83674491],33,25,"[0.5236318109422619, 0.8012464978987384]",-1,-1
1352,[0.57061598 0.6676148 ],33,21,"[0.6172716789774699, 0.6610353881131104]",16,17
1353,[0.59214822 0.663845  ],33,21,"[0.6172716789774699, 0.6610353881131104]",16,17
1354,[0.64294759 0.68840441],33,21,"[0.6172716789774699, 0.6610353881131104]",16,17
1355,[0.68883773 0.5922092 ],33,13,"[0.687764963213202, 0.587329037740085]",16,17
1356,[0.68557755 0.74391866],33,1,"[0.70862059846081, 0.7152813583884687]",16,17
1357,[0.71982215 0.60081355],33,13,"[0.687764963213202, 0.587329037740085]",16,17
1358,[0.62661553 0.57939207],33,33,"[0.6199120629460765, 0.5881656396515723]",16,17
1359,[0.62265659 0.6942346 ],33,17,"[0.6041428535245666, 0.7182380791755969]",16,17
1360,[0.50787208 0.32209377],34,23,"[0.5054573664263023, 0.33647523712708816]",16,17
1361,[0.63446309 0.24569222],34,9,"[0.5913155677590582, 0.27071636574266844]",16,17
1362,[0.62612457 0.19741052],34,42,"[0.6393846614444835, 0.19259346825000226]",16,17
1363,[0.62658469 0.24147167],34,9,"[0.5913155677590582, 0.27071636574266844]",16,17
1364,[0.53837244 0.17142628],34,4,"[0.5573358588469737, 0.13747652462106147]",16,17
1365,[0.69331246 0.22440723],34,16,"[0.6946070591632252, 0.27135441201240945]",-1,-1
1366,[0.54987068 0.22611237],34,10,"[0.5125028850715635, 0.21272172560237074]",16,17
1367,[0.60928074 0.2001831 ],34,42,"[0.6393846614444835, 0.19259346825000226]",16,17
1368,[0.63855322 0.24461597],34,42,"[0.6393846614444835, 0.19259346825000226]",16,17
1369,[0.69639534 0.04181376],34,-1,-1,-1,-1
1370,[0.75395926 0.18616198],34,36,"[0.7568583634948488, 0.16047829378911993]",8,6
1371,[0.58811491 0.17324198],34,4,"[0.5573358588469737, 0.13747652462106147]",16,17
1372,[0.58944713 0.25029709],34,9,"[0.5913155677590582, 0.27071636574266844]",16,17
1373,[0.74053992 0.20634913],34,36,"[0.7568583634948488, 0.16047829378911993]",8,-1
1374,[0.55783091 0.09312638],34,4,"[0.5573358588469737, 0.13747652462106147]",-1,-1
1375,[0.55725853 0.18413073],34,4,"[0.5573358588469737, 0.13747652462106147]",16,17
1376,[0.65222604 0.29575425],34,16,"[0.6946070591632252, 0.27135441201240945]",16,17
1377,[0.62261301 0.07649503],34,-1,-1,-1,-1
1378,[0.59594841 0.17957904],34,42,"[0.6393846614444835, 0.19259346825000226]",16,17
1379,[0.61438056 0.14063959],34,4,"[0.5573358588469737, 0.13747652462106147]",-1,-1
1380,[0.58629802 0.19239746],34,42,"[0.6393846614444835, 0.19259346825000226]",16,17
1381,[0.58184069 0.12883774],34,4,"[0.5573358588469737, 0.13747652462106147]",16,17
1382,[0.58836479 0.10901356],34,4,"[0.5573358588469737, 0.13747652462106147]",-1,-1
1383,[0.53878695 0.13420748],34,4,"[0.5573358588469737, 0.13747652462106147]",16,17
1384,[0.46605921 0.18348133],34,10,"[0.5125028850715635, 0.21272172560237074]",-1,-1
1385,[0.59523454 0.11671004],34,4,"[0.5573358588469737, 0.13747652462106147]",16,-1
1386,[0.58146889 0.22125311],34,9,"[0.5913155677590582, 0.27071636574266844]",16,17
1387,[0.55762299 0.24386936],34,9,"[0.5913155677590582, 0.27071636574266844]",16,17
1388,[0.62932107 0.26175241],34,9,"[0.5913155677590582, 0.27071636574266844]",16,17
1389,[0.64899192 0.27727837],34,16,"[0.6946070591632252, 0.27135441201240945]",16,17
1390,[0.7567653  0.17664465],34,36,"[0.7568583634948488, 0.16047829378911993]",8,6
1391,[0.62689933 0.17309404],34,42,"[0.6393846614444835, 0.19259346825000226]",16,-1
1392,[0.61095624 0.29663891],34,9,"[0.5913155677590582, 0.27071636574266844]",16,17
1393,[0.56517379 0.0380435 ],34,-1,-1,-1,-1
1394,[0.52817272 0.20628391],34,10,"[0.5125028850715635, 0.21272172560237074]",16,17
1395,[0.61604372 0.20565395],34,42,"[0.6393846614444835, 0.19259346825000226]",16,17
1396,[0.62275796 0.06564597],34,-1,-1,-1,-1
1397,[0.61844812 0.2052441 ],34,42,"[0.6393846614444835, 0.19259346825000226]",16,17
1398,[0.73437012 0.14687363],34,36,"[0.7568583634948488, 0.16047829378911993]",-1,-1
1399,[0.58953872 0.1328969 ],34,4,"[0.5573358588469737, 0.13747652462106147]",16,17
1400,[0.46533373 0.53139052],35,11,"[0.49938032904462065, 0.5156871274318987]",17,-1
1401,[0.63081124 0.42359743],35,3,"[0.6310899028624785, 0.4327585339522149]",16,17
1402,[0.59065802 0.53355036],35,39,"[0.5758698130208451, 0.5301563831393514]",16,17
1403,[0.64948415 0.33745097],35,5,"[0.6219127749174811, 0.3458311877021472]",16,17
1404,[0.7588642  0.49012416],35,24,"[0.7448615304228973, 0.5234988764106225]",16,17
1405,[0.43290808 0.31766717],35,32,"[0.4251121980637589, 0.3441665776791453]",16,17
1406,[0.49450664 0.6010368 ],35,38,"[0.47792908248124544, 0.6224764112241679]",16,18
1407,[0.58162589 0.41092621],35,30,"[0.5702334027952285, 0.45514065597475695]",16,17
1408,[0.52644566 0.53000301],35,11,"[0.49938032904462065, 0.5156871274318987]",16,17
1409,[0.58824393 0.43632167],35,30,"[0.5702334027952285, 0.45514065597475695]",16,17
1410,[0.61024664 0.35819961],35,5,"[0.6219127749174811, 0.3458311877021472]",16,17
1411,[0.56460433 0.4432131 ],35,30,"[0.5702334027952285, 0.45514065597475695]",16,17
1412,[0.60840192 0.41841195],35,3,"[0.6310899028624785, 0.4327585339522149]",16,17
1413,[0.51417941 0.50950132],35,11,"[0.49938032904462065, 0.5156871274318987]",16,17
1414,[0.54296735 0.41275394],35,29,"[0.5170986733347275, 0.40577494456770846]",16,17
1415,[0.6550035  0.32714268],35,5,"[0.6219127749174811, 0.3458311877021472]",16,17
1416,[0.61178757 0.45624832],35,3,"[0.6310899028624785, 0.4327585339522149]",16,17
1417,[0.50707582 0.20211483],35,10,"[0.5125028850715635, 0.21272172560237074]",16,17
1418,[0.51720305 0.42734445],35,29,"[0.5170986733347275, 0.40577494456770846]",16,17
1419,[0.51335956 0.34510709],35,23,"[0.5054573664263023, 0.33647523712708816]",16,17
1420,[0.47978425 0.40261348],35,29,"[0.5170986733347275, 0.40577494456770846]",16,17
1421,[0.51001108 0.49870321],35,11,"[0.49938032904462065, 0.5156871274318987]",16,17
1422,[0.64848243 0.34148815],35,5,"[0.6219127749174811, 0.3458311877021472]",16,17
1423,[0.6495975  0.41468959],35,3,"[0.6310899028624785, 0.4327585339522149]",16,17
1424,[0.54071962 0.20411795],35,10,"[0.5125028850715635, 0.21272172560237074]",16,17
1425,[0.52298339 0.4042418 ],35,29,"[0.5170986733347275, 0.40577494456770846]",16,17
1426,[0.59171621 0.35138746],35,5,"[0.6219127749174811, 0.3458311877021472]",16,17
1427,[0.44991214 0.33452419],35,32,"[0.4251121980637589, 0.3441665776791453]",16,17
1428,[0.61525927 0.45034289],35,3,"[0.6310899028624785, 0.4327585339522149]",16,17
1429,[0.51924034 0.50453993],35,11,"[0.49938032904462065, 0.5156871274318987]",16,17
1430,[0.6941574  0.33555474],35,0,"[0.6931627615392556, 0.3815800684708607]",16,17
1431,[0.55440092 0.35618913],35,23,"[0.5054573664263023, 0.33647523712708816]",16,17
1432,[0.52797599 0.4004441 ],35,29,"[0.5170986733347275, 0.40577494456770846]",16,17
1433,[0.60037273 0.3607632 ],35,5,"[0.6219127749174811, 0.3458311877021472]",16,17
1434,[0.51749365 0.39540059],35,29,"[0.5170986733347275, 0.40577494456770846]",16,17
1435,[0.62601035 0.39336592],35,3,"[0.6310899028624785, 0.4327585339522149]",16,17
1436,[0.5973748  0.54059719],35,39,"[0.5758698130208451, 0.5301563831393514]",16,17
1437,[0.54259397 0.33780497],35,23,"[0.5054573664263023, 0.33647523712708816]",16,-1
1438,[0.48230592 0.23390359],35,8,"[0.4504714089187878, 0.24378281550957484]",16,17
1439,[0.51302887 0.31240991],35,23,"[0.5054573664263023, 0.33647523712708816]",16,17
1440,[0.78774776 0.20230155],36,36,"[0.7568583634948488, 0.16047829378911993]",-1,-1
1441,[0.91406232 0.16626939],36,-1,-1,-1,-1
1442,[0.85492641 0.01755997],36,-1,-1,-1,-1
1443,[0.78205174 0.16195093],36,36,"[0.7568583634948488, 0.16047829378911993]",-1,-1
1444,[0.73787163 0.19617246],36,36,"[0.7568583634948488, 0.16047829378911993]",8,6
1445,[0.84902066 0.22885018],36,45,"[0.8194253557529549, 0.26944854478346947]",-1,-1
1446,[0.79570314 0.08224453],36,-1,-1,-1,-1
1447,[0.7976407  0.17537649],36,36,"[0.7568583634948488, 0.16047829378911993]",-1,-1
1448,[0.97686756 0.06977841],36,-1,-1,-1,-1
1449,[0.87752607 0.29836479],36,45,"[0.8194253557529549, 0.26944854478346947]",-1,-1
1450,[0.7726988  0.21382795],36,36,"[0.7568583634948488, 0.16047829378911993]",9,-1
1451,[0.82478316 0.22082999],36,45,"[0.8194253557529549, 0.26944854478346947]",9,-1
1452,[0.76510153 0.1699819 ],36,36,"[0.7568583634948488, 0.16047829378911993]",8,-1
1453,[0.64538732 0.15327674],36,42,"[0.6393846614444835, 0.19259346825000226]",-1,-1
1454,[0.72038535 0.20480527],36,36,"[0.7568583634948488, 0.16047829378911993]",8,6
1455,[0.68713315 0.14359539],36,42,"[0.6393846614444835, 0.19259346825000226]",2,-1
1456,[0.9259196  0.17164716],36,-1,-1,-1,-1
1457,[0.77096044 0.15255507],36,36,"[0.7568583634948488, 0.16047829378911993]",-1,-1
1458,[0.87931071 0.26789612],36,45,"[0.8194253557529549, 0.26944854478346947]",-1,-1
1459,[0.7136209 0.2765636],36,16,"[0.6946070591632252, 0.27135441201240945]",16,17
1460,[0.77510654 0.08638232],36,-1,-1,-1,-1
1461,[0.81916444 0.19468228],36,-1,-1,-1,-1
1462,[0.80715547 0.08749698],36,-1,-1,-1,-1
1463,[0.77406339 0.11322636],36,36,"[0.7568583634948488, 0.16047829378911993]",-1,-1
1464,[0.89817342 0.10946175],36,-1,-1,-1,-1
1465,[0.87115265 0.36784164],36,49,"[0.8595522819233805, 0.37427628092032356]",-1,-1
1466,[0.73093163 0.12789457],36,36,"[0.7568583634948488, 0.16047829378911993]",-1,-1
1467,[0.86125053 0.13073204],36,-1,-1,-1,-1
1468,[0.80166658 0.07912996],36,-1,-1,-1,-1
1469,[0.7260374  0.17443546],36,36,"[0.7568583634948488, 0.16047829378911993]",-1,6
1470,[0.72188023 0.1046934 ],36,36,"[0.7568583634948488, 0.16047829378911993]",-1,-1
1471,[0.9039763  0.14381231],36,-1,-1,-1,-1
1472,[0.83187634 0.06267664],36,-1,-1,-1,-1
1473,[0.70738094 0.16604022],36,36,"[0.7568583634948488, 0.16047829378911993]",2,-1
1474,[0.78753949 0.27344613],36,45,"[0.8194253557529549, 0.26944854478346947]",-1,-1
1475,[0.9348426  0.16808237],36,-1,-1,-1,-1
1476,[0.76970063 0.23991258],36,45,"[0.8194253557529549, 0.26944854478346947]",-1,-1
1477,[0.80925374 0.23501912],36,45,"[0.8194253557529549, 0.26944854478346947]",9,-1
1478,[0.83703284 0.17306968],36,-1,-1,-1,-1
1479,[0.86755601 0.16220917],36,-1,-1,-1,-1
1480,[0.82491879 0.36844582],37,49,"[0.8595522819233805, 0.37427628092032356]",16,17
1481,[0.82834918 0.19691529],37,-1,-1,-1,-1
1482,[0.8396656  0.35835684],37,49,"[0.8595522819233805, 0.37427628092032356]",16,-1
1483,[0.79724919 0.3078343 ],37,45,"[0.8194253557529549, 0.26944854478346947]",16,17
1484,[0.82637958 0.35929903],37,49,"[0.8595522819233805, 0.37427628092032356]",16,17
1485,[0.85910952 0.23112501],37,45,"[0.8194253557529549, 0.26944854478346947]",-1,-1
1486,[0.73926996 0.3529968 ],37,15,"[0.7557054119964618, 0.3426596134267281]",16,17
1487,[0.74603122 0.24197829],37,16,"[0.6946070591632252, 0.27135441201240945]",-1,-1
1488,[0.9176475  0.30997023],37,-1,-1,-1,-1
1489,[0.87951802 0.37219889],37,49,"[0.8595522819233805, 0.37427628092032356]",-1,-1
1490,[0.81614131 0.41075343],37,6,"[0.7882447957584383, 0.44458351122282763]",-1,-1
1491,[0.79789823 0.25270173],37,45,"[0.8194253557529549, 0.26944854478346947]",-1,-1
1492,[0.70244397 0.41217751],37,0,"[0.6931627615392556, 0.3815800684708607]",16,17
1493,[0.84145207 0.27718238],37,45,"[0.8194253557529549, 0.26944854478346947]",-1,-1
1494,[0.82553172 0.2298525 ],37,45,"[0.8194253557529549, 0.26944854478346947]",-1,-1
1495,[0.77961857 0.3770927 ],37,15,"[0.7557054119964618, 0.3426596134267281]",16,17
1496,[0.87724908 0.34043509],37,49,"[0.8595522819233805, 0.37427628092032356]",-1,-1
1497,[0.78984551 0.35301137],37,15,"[0.7557054119964618, 0.3426596134267281]",16,17
1498,[0.80243676 0.38894123],37,6,"[0.7882447957584383, 0.44458351122282763]",16,17
1499,[0.87657948 0.18510725],37,-1,-1,-1,-1
1500,[0.8016491  0.22928492],37,45,"[0.8194253557529549, 0.26944854478346947]",9,-1
1501,[0.72424316 0.19754857],37,36,"[0.7568583634948488, 0.16047829378911993]",8,6
1502,[0.69413832 0.25577771],37,16,"[0.6946070591632252, 0.27135441201240945]",16,17
1503,[0.70858976 0.24733753],37,16,"[0.6946070591632252, 0.27135441201240945]",16,-1
1504,[0.8211066  0.31141515],37,45,"[0.8194253557529549, 0.26944854478346947]",16,17
1505,[0.77810836 0.28057893],37,45,"[0.8194253557529549, 0.26944854478346947]",-1,-1
1506,[0.74312699 0.25016652],37,16,"[0.6946070591632252, 0.27135441201240945]",16,-1
1507,[0.79793358 0.22473018],37,45,"[0.8194253557529549, 0.26944854478346947]",9,-1
1508,[0.7970672  0.23764791],37,45,"[0.8194253557529549, 0.26944854478346947]",9,-1
1509,[0.8854507  0.31293378],37,49,"[0.8595522819233805, 0.37427628092032356]",-1,-1
1510,[0.84645577 0.36147826],37,49,"[0.8595522819233805, 0.37427628092032356]",16,17
1511,[0.77695052 0.36100005],37,15,"[0.7557054119964618, 0.3426596134267281]",16,-1
1512,[0.81656795 0.32428169],37,45,"[0.8194253557529549, 0.26944854478346947]",16,17
1513,[0.82152884 0.33193113],37,49,"[0.8595522819233805, 0.37427628092032356]",16,17
1514,[0.80639972 0.30107043],37,45,"[0.8194253557529549, 0.26944854478346947]",16,17
1515,[0.81071423 0.32402113],37,45,"[0.8194253557529549, 0.26944854478346947]",16,17
1516,[0.88653494 0.31740943],37,49,"[0.8595522819233805, 0.37427628092032356]",16,-1
1517,[0.80357127 0.35839347],37,15,"[0.7557054119964618, 0.3426596134267281]",16,17
1518,[0.73452376 0.26974355],37,16,"[0.6946070591632252, 0.27135441201240945]",16,17
1519,[0.84584472 0.33089046],37,49,"[0.8595522819233805, 0.37427628092032356]",16,-1
1520,[0.44250584 0.44385951],38,28,"[0.41338354166619307, 0.47647202831218105]",18,-1
1521,[0.6131486  0.54334858],38,22,"[0.6412173962499937, 0.5201488156715416]",16,17
1522,[0.63157302 0.42545718],38,3,"[0.6310899028624785, 0.4327585339522149]",16,17
1523,[0.57300987 0.51339873],38,39,"[0.5758698130208451, 0.5301563831393514]",16,17
1524,[0.53677139 0.51540646],38,11,"[0.49938032904462065, 0.5156871274318987]",16,17
1525,[0.49368064 0.5834498 ],38,38,"[0.47792908248124544, 0.6224764112241679]",16,18
1526,[0.42490699 0.41753429],38,28,"[0.41338354166619307, 0.47647202831218105]",-1,-1
1527,[0.48862364 0.43798636],38,29,"[0.5170986733347275, 0.40577494456770846]",16,-1
1528,[0.54993016 0.6048975 ],38,35,"[0.5627594231674726, 0.6027140832798153]",16,-1
1529,[0.52091356 0.4055866 ],38,29,"[0.5170986733347275, 0.40577494456770846]",16,17
1530,[0.60504348 0.56897024],38,33,"[0.6199120629460765, 0.5881656396515723]",16,17
1531,[0.51882003 0.45138657],38,29,"[0.5170986733347275, 0.40577494456770846]",16,-1
1532,[0.54980661 0.62351084],38,35,"[0.5627594231674726, 0.6027140832798153]",16,17
1533,[0.63591166 0.4498269 ],38,3,"[0.6310899028624785, 0.4327585339522149]",16,17
1534,[0.53044036 0.48008803],38,30,"[0.5702334027952285, 0.45514065597475695]",16,17
1535,[0.46939339 0.43580031],38,29,"[0.5170986733347275, 0.40577494456770846]",16,-1
1536,[0.53055088 0.38546673],38,29,"[0.5170986733347275, 0.40577494456770846]",16,17
1537,[0.49707211 0.5240573 ],38,11,"[0.49938032904462065, 0.5156871274318987]",16,17
1538,[0.49487984 0.48284518],38,11,"[0.49938032904462065, 0.5156871274318987]",16,17
1539,[0.5245171  0.58764919],38,35,"[0.5627594231674726, 0.6027140832798153]",-1,-1
1540,[0.46171154 0.56819327],38,38,"[0.47792908248124544, 0.6224764112241679]",-1,-1
1541,[0.57198807 0.51534111],38,39,"[0.5758698130208451, 0.5301563831393514]",16,17
1542,[0.57354109 0.40254785],38,30,"[0.5702334027952285, 0.45514065597475695]",16,17
1543,[0.46579659 0.39281311],38,29,"[0.5170986733347275, 0.40577494456770846]",16,17
1544,[0.6106399  0.45674518],38,3,"[0.6310899028624785, 0.4327585339522149]",16,17
1545,[0.58387972 0.52939041],38,39,"[0.5758698130208451, 0.5301563831393514]",16,17
1546,[0.54423205 0.55638658],38,39,"[0.5758698130208451, 0.5301563831393514]",16,-1
1547,[0.5643122  0.54480873],38,39,"[0.5758698130208451, 0.5301563831393514]",16,17
1548,[0.59725203 0.54698376],38,39,"[0.5758698130208451, 0.5301563831393514]",16,17
1549,[0.44068832 0.36808769],38,32,"[0.4251121980637589, 0.3441665776791453]",-1,-1
1550,[0.56809228 0.57454004],38,35,"[0.5627594231674726, 0.6027140832798153]",16,17
1551,[0.43024393 0.43315792],38,28,"[0.41338354166619307, 0.47647202831218105]",18,-1
1552,[0.5574398  0.44951481],38,30,"[0.5702334027952285, 0.45514065597475695]",16,17
1553,[0.66094235 0.49960387],38,22,"[0.6412173962499937, 0.5201488156715416]",16,17
1554,[0.56868968 0.49442109],38,39,"[0.5758698130208451, 0.5301563831393514]",16,17
1555,[0.59153407 0.62234474],38,35,"[0.5627594231674726, 0.6027140832798153]",16,17
1556,[0.46846781 0.48478893],38,11,"[0.49938032904462065, 0.5156871274318987]",18,15
1557,[0.4998049  0.56883844],38,11,"[0.49938032904462065, 0.5156871274318987]",16,18
1558,[0.46623515 0.49255352],38,11,"[0.49938032904462065, 0.5156871274318987]",-1,-1
1559,[0.6352382  0.41782293],38,3,"[0.6310899028624785, 0.4327585339522149]",16,17
1560,[0.75220865 0.64323053],39,20,"[0.7653811495802203, 0.5983352981846829]",16,17
1561,[0.57560248 0.57741939],39,35,"[0.5627594231674726, 0.6027140832798153]",16,17
1562,[0.64789783 0.8658298 ],39,31,"[0.6251609496125403, 0.8352171944840032]",-1,-1
1563,[0.68499674 0.65097957],39,2,"[0.7003614937405056, 0.6488756530213964]",16,17
1564,[0.61602194 0.72524588],39,17,"[0.6041428535245666, 0.7182380791755969]",16,17
1565,[0.74147069 0.69125647],39,1,"[0.70862059846081, 0.7152813583884687]",16,17
1566,[0.44990756 0.65053863],39,38,"[0.47792908248124544, 0.6224764112241679]",-1,-1
1567,[0.63224192 0.80193739],39,31,"[0.6251609496125403, 0.8352171944840032]",16,14
1568,[0.56793665 0.76654502],39,25,"[0.5236318109422619, 0.8012464978987384]",6,9
1569,[0.64623137 0.7591587 ],39,18,"[0.6988779897200863, 0.7834770781342104]",16,17
1570,[0.82381091 0.67739499],39,7,"[0.8183795810148307, 0.737703610258249]",-1,-1
1571,[0.57951322 0.59593587],39,35,"[0.5627594231674726, 0.6027140832798153]",16,17
1572,[0.56072481 0.54949138],39,39,"[0.5758698130208451, 0.5301563831393514]",16,17
1573,[0.61377775 0.73379498],39,17,"[0.6041428535245666, 0.7182380791755969]",16,17
1574,[0.60027324 0.63161414],39,21,"[0.6172716789774699, 0.6610353881131104]",16,17
1575,[0.59896306 0.72780493],39,17,"[0.6041428535245666, 0.7182380791755969]",16,17
1576,[0.60186094 0.70719701],39,17,"[0.6041428535245666, 0.7182380791755969]",16,17
1577,[0.63431975 0.72507451],39,17,"[0.6041428535245666, 0.7182380791755969]",16,17
1578,[0.71218803 0.65663203],39,2,"[0.7003614937405056, 0.6488756530213964]",16,17
1579,[0.58254155 0.59418496],39,35,"[0.5627594231674726, 0.6027140832798153]",16,17
1580,[0.66510022 0.7894419 ],39,18,"[0.6988779897200863, 0.7834770781342104]",-1,-1
1581,[0.62176966 0.72097704],39,17,"[0.6041428535245666, 0.7182380791755969]",16,17
1582,[0.54287134 0.75792408],39,25,"[0.5236318109422619, 0.8012464978987384]",6,9
1583,[0.62069654 0.71290621],39,17,"[0.6041428535245666, 0.7182380791755969]",16,17
1584,[0.65910361 0.54237412],39,22,"[0.6412173962499937, 0.5201488156715416]",16,17
1585,[0.60099462 0.81955151],39,31,"[0.6251609496125403, 0.8352171944840032]",16,14
1586,[0.72823169 0.58470062],39,20,"[0.7653811495802203, 0.5983352981846829]",16,17
1587,[0.61885226 0.6636474 ],39,21,"[0.6172716789774699, 0.6610353881131104]",16,17
1588,[0.50789067 0.60499822],39,38,"[0.47792908248124544, 0.6224764112241679]",16,18
1589,[0.62771324 0.58927774],39,33,"[0.6199120629460765, 0.5881656396515723]",16,17
1590,[0.62233582 0.6780207 ],39,21,"[0.6172716789774699, 0.6610353881131104]",16,17
1591,[0.54441855 0.64094857],39,35,"[0.5627594231674726, 0.6027140832798153]",16,17
1592,[0.6257517  0.70346323],39,17,"[0.6041428535245666, 0.7182380791755969]",16,17
1593,[0.69441356 0.60931204],39,13,"[0.687764963213202, 0.587329037740085]",16,17
1594,[0.67343681 0.65516901],39,2,"[0.7003614937405056, 0.6488756530213964]",16,17
1595,[0.72897406 0.67095695],39,2,"[0.7003614937405056, 0.6488756530213964]",16,17
1596,[0.55790194 0.79170016],39,25,"[0.5236318109422619, 0.8012464978987384]",-1,-1
1597,[0.60822723 0.77150829],39,17,"[0.6041428535245666, 0.7182380791755969]",-1,-1
1598,[0.60955375 0.72193873],39,17,"[0.6041428535245666, 0.7182380791755969]",16,17
1599,[0.56520437 0.67351804],39,21,"[0.6172716789774699, 0.6610353881131104]",-1,-1
1600,[0.75125599 0.26517405],40,16,"[0.6946070591632252, 0.27135441201240945]",16,17
1601,[0.82915297 0.34386287],40,49,"[0.8595522819233805, 0.37427628092032356]",16,17
1602,[0.77488552 0.32522071],40,15,"[0.7557054119964618, 0.3426596134267281]",16,17
1603,[0.77253895 0.41062031],40,6,"[0.7882447957584383, 0.44458351122282763]",16,17
1604,[0.76819178 0.40478944],40,6,"[0.7882447957584383, 0.44458351122282763]",16,17
1605,[0.66596705 0.41659399],40,3,"[0.6310899028624785, 0.4327585339522149]",16,17
1606,[0.72496178 0.49320542],40,19,"[0.7100699458052151, 0.46188765954194844]",16,17
1607,[0.73309855 0.41368205],40,0,"[0.6931627615392556, 0.3815800684708607]",16,17
1608,[0.69518464 0.35525029],40,0,"[0.6931627615392556, 0.3815800684708607]",16,17
1609,[0.7404699  0.36870708],40,15,"[0.7557054119964618, 0.3426596134267281]",16,17
1610,[0.73656036 0.35973417],40,15,"[0.7557054119964618, 0.3426596134267281]",16,17
1611,[0.68728507 0.4214899 ],40,0,"[0.6931627615392556, 0.3815800684708607]",16,17
1612,[0.70516187 0.28829295],40,16,"[0.6946070591632252, 0.27135441201240945]",16,17
1613,[0.6300156  0.27408658],40,9,"[0.5913155677590582, 0.27071636574266844]",16,17
1614,[0.86035586 0.4166579 ],40,49,"[0.8595522819233805, 0.37427628092032356]",-1,-1
1615,[0.80723339 0.36906182],40,49,"[0.8595522819233805, 0.37427628092032356]",16,17
1616,[0.76245464 0.38324945],40,15,"[0.7557054119964618, 0.3426596134267281]",16,17
1617,[0.67432198 0.29940718],40,16,"[0.6946070591632252, 0.27135441201240945]",16,17
1618,[0.68715182 0.33889416],40,0,"[0.6931627615392556, 0.3815800684708607]",16,17
1619,[0.79759383 0.33964586],40,15,"[0.7557054119964618, 0.3426596134267281]",16,17
1620,[0.87241506 0.42100235],40,49,"[0.8595522819233805, 0.37427628092032356]",-1,-1
1621,[0.861514   0.41314157],40,49,"[0.8595522819233805, 0.37427628092032356]",-1,-1
1622,[0.80548638 0.36382595],40,15,"[0.7557054119964618, 0.3426596134267281]",16,17
1623,[0.78441313 0.50776489],40,24,"[0.7448615304228973, 0.5234988764106225]",16,17
1624,[0.80839795 0.30267174],40,45,"[0.8194253557529549, 0.26944854478346947]",16,17
1625,[0.75653907 0.33833643],40,15,"[0.7557054119964618, 0.3426596134267281]",16,17
1626,[0.68301052 0.39232538],40,0,"[0.6931627615392556, 0.3815800684708607]",16,17
1627,[0.74013114 0.43111765],40,19,"[0.7100699458052151, 0.46188765954194844]",16,17
1628,[0.87782809 0.32984918],40,49,"[0.8595522819233805, 0.37427628092032356]",16,17
1629,[0.87962878 0.28664617],40,45,"[0.8194253557529549, 0.26944854478346947]",-1,-1
1630,[0.79980745 0.28127329],40,45,"[0.8194253557529549, 0.26944854478346947]",16,17
1631,[0.79540167 0.54405286],40,44,"[0.8476356259506711, 0.5583543667186437]",16,17
1632,[0.90170109 0.33640488],40,49,"[0.8595522819233805, 0.37427628092032356]",-1,-1
1633,[0.73237835 0.28119397],40,16,"[0.6946070591632252, 0.27135441201240945]",16,17
1634,[0.82290631 0.29155956],40,45,"[0.8194253557529549, 0.26944854478346947]",16,17
1635,[0.76386372 0.31823343],40,15,"[0.7557054119964618, 0.3426596134267281]",16,17
1636,[0.69195392 0.35052902],40,0,"[0.6931627615392556, 0.3815800684708607]",16,17
1637,[0.83706381 0.29756082],40,45,"[0.8194253557529549, 0.26944854478346947]",-1,-1
1638,[0.66063232 0.28925084],40,16,"[0.6946070591632252, 0.27135441201240945]",16,17
1639,[0.68610373 0.49389055],40,19,"[0.7100699458052151, 0.46188765954194844]",16,17
1640,[0.43823688 0.64229633],41,38,"[0.47792908248124544, 0.6224764112241679]",16,18
1641,[0.4066886 0.5611285],41,43,"[0.37749747809746576, 0.5943696060552268]",7,5
1642,[0.57680045 0.55236461],41,39,"[0.5758698130208451, 0.5301563831393514]",16,17
1643,[0.40083237 0.68412543],41,-1,-1,-1,-1
1644,[0.47724396 0.66331989],41,38,"[0.47792908248124544, 0.6224764112241679]",-1,-1
1645,[0.40936667 0.73367062],41,47,"[0.43099389519308984, 0.7561872833758735]",-1,-1
1646,[0.53717139 0.62168131],41,35,"[0.5627594231674726, 0.6027140832798153]",16,17
1647,[0.43710029 0.62249584],41,38,"[0.47792908248124544, 0.6224764112241679]",16,18
1648,[0.55265187 0.49176123],41,30,"[0.5702334027952285, 0.45514065597475695]",16,17
1649,[0.41605019 0.63864306],41,43,"[0.37749747809746576, 0.5943696060552268]",16,18
1650,[0.46640329 0.70973561],41,47,"[0.43099389519308984, 0.7561872833758735]",6,9
1651,[0.53189715 0.72792981],41,-1,-1,6,9
1652,[0.4310338  0.62563725],41,38,"[0.47792908248124544, 0.6224764112241679]",16,18
1653,[0.57899209 0.57661375],41,35,"[0.5627594231674726, 0.6027140832798153]",16,17
1654,[0.4819357  0.71008872],41,47,"[0.43099389519308984, 0.7561872833758735]",6,-1
1655,[0.48530118 0.56900392],41,38,"[0.47792908248124544, 0.6224764112241679]",16,-1
1656,[0.50750289 0.63526706],41,38,"[0.47792908248124544, 0.6224764112241679]",-1,-1
1657,[0.4842159  0.56140148],41,11,"[0.49938032904462065, 0.5156871274318987]",16,18
1658,[0.60327225 0.59997235],41,33,"[0.6199120629460765, 0.5881656396515723]",16,17
1659,[0.48040635 0.77402158],41,25,"[0.5236318109422619, 0.8012464978987384]",-1,-1
1660,[0.50456056 0.66009675],41,38,"[0.47792908248124544, 0.6224764112241679]",-1,-1
1661,[0.52657208 0.63310995],41,35,"[0.5627594231674726, 0.6027140832798153]",16,17
1662,[0.39722531 0.5780183 ],41,43,"[0.37749747809746576, 0.5943696060552268]",7,5
1663,[0.49023241 0.66816508],41,38,"[0.47792908248124544, 0.6224764112241679]",-1,-1
1664,[0.43800284 0.71817017],41,47,"[0.43099389519308984, 0.7561872833758735]",6,-1
1665,[0.48170602 0.61518793],41,38,"[0.47792908248124544, 0.6224764112241679]",16,18
1666,[0.57944711 0.62727722],41,35,"[0.5627594231674726, 0.6027140832798153]",16,17
1667,[0.39370268 0.60674089],41,43,"[0.37749747809746576, 0.5943696060552268]",7,5
1668,[0.46113656 0.66296929],41,38,"[0.47792908248124544, 0.6224764112241679]",-1,-1
1669,[0.53535703 0.63325726],41,35,"[0.5627594231674726, 0.6027140832798153]",16,17
1670,[0.40409572 0.54022474],41,43,"[0.37749747809746576, 0.5943696060552268]",-1,-1
1671,[0.59007346 0.77146707],41,17,"[0.6041428535245666, 0.7182380791755969]",-1,-1
1672,[0.52866463 0.73513411],41,25,"[0.5236318109422619, 0.8012464978987384]",6,9
1673,[0.51587041 0.54772683],41,11,"[0.49938032904462065, 0.5156871274318987]",16,-1
1674,[0.39875283 0.89662986],41,-1,-1,-1,-1
1675,[0.46954351 0.62307923],41,38,"[0.47792908248124544, 0.6224764112241679]",16,-1
1676,[0.38584765 0.75383853],41,47,"[0.43099389519308984, 0.7561872833758735]",-1,-1
1677,[0.62353175 0.62107269],41,33,"[0.6199120629460765, 0.5881656396515723]",16,17
1678,[0.41337391 0.71992346],41,47,"[0.43099389519308984, 0.7561872833758735]",-1,-1
1679,[0.42145534 0.79536801],41,47,"[0.43099389519308984, 0.7561872833758735]",4,2
1680,[0.32180734 0.6129604 ],42,43,"[0.37749747809746576, 0.5943696060552268]",14,7
1681,[0.35853718 0.58702233],42,43,"[0.37749747809746576, 0.5943696060552268]",-1,-1
1682,[0.3601862  0.49091452],42,28,"[0.41338354166619307, 0.47647202831218105]",-1,-1
1683,[0.38227933 0.66055332],42,43,"[0.37749747809746576, 0.5943696060552268]",-1,-1
1684,[0.36038392 0.53647053],42,43,"[0.37749747809746576, 0.5943696060552268]",-1,-1
1685,[0.323575 0.624439],42,43,"[0.37749747809746576, 0.5943696060552268]",14,7
1686,[0.43443401 0.64731519],42,38,"[0.47792908248124544, 0.6224764112241679]",16,18
1687,[0.42959555 0.58580217],42,43,"[0.37749747809746576, 0.5943696060552268]",-1,-1
1688,[0.27091676 0.57189641],42,40,"[0.2577803146355429, 0.6297739942693433]",14,-1
1689,[0.28910142 0.62684375],42,40,"[0.2577803146355429, 0.6297739942693433]",-1,7
1690,[0.44426876 0.62997915],42,38,"[0.47792908248124544, 0.6224764112241679]",16,18
1691,[0.23145481 0.59481533],42,40,"[0.2577803146355429, 0.6297739942693433]",14,-1
1692,[0.28104508 0.53985798],42,-1,-1,-1,-1
1693,[0.33755118 0.57862505],42,43,"[0.37749747809746576, 0.5943696060552268]",-1,-1
1694,[0.42353525 0.74632018],42,47,"[0.43099389519308984, 0.7561872833758735]",-1,-1
1695,[0.44833973 0.56182559],42,38,"[0.47792908248124544, 0.6224764112241679]",-1,-1
1696,[0.344608   0.74582821],42,-1,-1,-1,-1
1697,[0.2319294  0.68341112],42,40,"[0.2577803146355429, 0.6297739942693433]",11,-1
1698,[0.33118136 0.60860941],42,43,"[0.37749747809746576, 0.5943696060552268]",14,7
1699,[0.28366732 0.65902949],42,40,"[0.2577803146355429, 0.6297739942693433]",-1,-1
1700,[0.40499259 0.62716949],42,43,"[0.37749747809746576, 0.5943696060552268]",-1,-1
1701,[0.32466879 0.64872307],42,40,"[0.2577803146355429, 0.6297739942693433]",-1,7
1702,[0.32745792 0.6155502 ],42,43,"[0.37749747809746576, 0.5943696060552268]",14,7
1703,[0.16830444 0.65285931],42,41,"[0.1567995345321295, 0.603420531962102]",3,4
1704,[0.50181426 0.6304469 ],42,38,"[0.47792908248124544, 0.6224764112241679]",-1,-1
1705,[0.28328917 0.57035026],42,40,"[0.2577803146355429, 0.6297739942693433]",-1,-1
1706,[0.39787967 0.58477592],42,43,"[0.37749747809746576, 0.5943696060552268]",7,5
1707,[0.41385726 0.65376028],42,43,"[0.37749747809746576, 0.5943696060552268]",-1,-1
1708,[0.34225227 0.66805243],42,-1,-1,-1,7
1709,[0.27316902 0.53738058],42,-1,-1,-1,-1
1710,[0.26647262 0.61301936],42,40,"[0.2577803146355429, 0.6297739942693433]",14,7
1711,[0.33148559 0.64194656],42,43,"[0.37749747809746576, 0.5943696060552268]",-1,7
1712,[0.46829728 0.61821028],42,38,"[0.47792908248124544, 0.6224764112241679]",16,-1
1713,[0.32923836 0.46898299],42,-1,-1,-1,-1
1714,[0.31741326 0.59260859],42,43,"[0.37749747809746576, 0.5943696060552268]",14,7
1715,[0.41177586 0.58898608],42,43,"[0.37749747809746576, 0.5943696060552268]",7,5
1716,[0.31495583 0.57481476],42,43,"[0.37749747809746576, 0.5943696060552268]",-1,-1
1717,[0.30292944 0.61328194],42,40,"[0.2577803146355429, 0.6297739942693433]",14,7
1718,[0.27940007 0.58452248],42,40,"[0.2577803146355429, 0.6297739942693433]",-1,-1
1719,[0.46341572 0.61189703],42,38,"[0.47792908248124544, 0.6224764112241679]",16,-1
1720,[0.69191503 0.62137393],43,2,"[0.7003614937405056, 0.6488756530213964]",16,17
1721,[0.781893   0.58527111],43,20,"[0.7653811495802203, 0.5983352981846829]",16,17
1722,[0.75128981 0.59436335],43,20,"[0.7653811495802203, 0.5983352981846829]",16,17
1723,[0.80923157 0.78661628],43,7,"[0.8183795810148307, 0.737703610258249]",-1,-1
1724,[0.60165888 0.74079831],43,17,"[0.6041428535245666, 0.7182380791755969]",16,17
1725,[0.72327459 0.67852542],43,2,"[0.7003614937405056, 0.6488756530213964]",16,17
1726,[0.72176864 0.56469076],43,13,"[0.687764963213202, 0.587329037740085]",16,17
1727,[0.74792199 0.53010407],43,24,"[0.7448615304228973, 0.5234988764106225]",16,17
1728,[0.74030357 0.63905601],43,2,"[0.7003614937405056, 0.6488756530213964]",16,17
1729,[0.7601918  0.69660484],43,1,"[0.70862059846081, 0.7152813583884687]",16,17
1730,[0.80389697 0.49715011],43,6,"[0.7882447957584383, 0.44458351122282763]",16,17
1731,[0.781109   0.75220853],43,7,"[0.8183795810148307, 0.737703610258249]",16,17
1732,[0.81437994 0.70681294],43,7,"[0.8183795810148307, 0.737703610258249]",16,17
1733,[0.66991881 0.67378198],43,2,"[0.7003614937405056, 0.6488756530213964]",16,17
1734,[0.72996707 0.65321137],43,2,"[0.7003614937405056, 0.6488756530213964]",16,17
1735,[0.73243983 0.58324946],43,20,"[0.7653811495802203, 0.5983352981846829]",16,17
1736,[0.89715337 0.72198534],43,-1,-1,-1,-1
1737,[0.75643357 0.6134301 ],43,20,"[0.7653811495802203, 0.5983352981846829]",16,17
1738,[0.82331565 0.63239247],43,20,"[0.7653811495802203, 0.5983352981846829]",-1,-1
1739,[0.87509843 0.62695003],43,-1,-1,-1,-1
1740,[0.72829438 0.63791868],43,2,"[0.7003614937405056, 0.6488756530213964]",16,17
1741,[0.69893681 0.63319813],43,2,"[0.7003614937405056, 0.6488756530213964]",16,17
1742,[0.61042796 0.63896603],43,21,"[0.6172716789774699, 0.6610353881131104]",16,17
1743,[0.70944352 0.70107372],43,1,"[0.70862059846081, 0.7152813583884687]",16,17
1744,[0.71440449 0.60877353],43,13,"[0.687764963213202, 0.587329037740085]",16,17
1745,[0.67879429 0.59927921],43,13,"[0.687764963213202, 0.587329037740085]",16,17
1746,[0.63617145 0.70761904],43,17,"[0.6041428535245666, 0.7182380791755969]",16,17
1747,[0.74005283 0.52010848],43,24,"[0.7448615304228973, 0.5234988764106225]",16,17
1748,[0.64596779 0.5936575 ],43,33,"[0.6199120629460765, 0.5881656396515723]",16,17
1749,[0.72399086 0.59866707],43,13,"[0.687764963213202, 0.587329037740085]",16,17
1750,[0.71290842 0.61292527],43,13,"[0.687764963213202, 0.587329037740085]",16,17
1751,[0.81123985 0.51774229],43,44,"[0.8476356259506711, 0.5583543667186437]",16,17
1752,[0.7108191  0.69352604],43,1,"[0.70862059846081, 0.7152813583884687]",16,17
1753,[0.70838647 0.70062734],43,1,"[0.70862059846081, 0.7152813583884687]",16,17
1754,[0.69375241 0.60642227],43,13,"[0.687764963213202, 0.587329037740085]",16,17
1755,[0.68669289 0.67439994],43,2,"[0.7003614937405056, 0.6488756530213964]",16,17
1756,[0.58425748 0.64213351],43,21,"[0.6172716789774699, 0.6610353881131104]",16,17
1757,[0.62076927 0.52491809],43,22,"[0.6412173962499937, 0.5201488156715416]",16,17
1758,[0.85106482 0.54253973],43,44,"[0.8476356259506711, 0.5583543667186437]",-1,-1
1759,[0.7330198  0.58522443],43,20,"[0.7653811495802203, 0.5983352981846829]",16,17
1760,[0.6026635  0.80542583],44,31,"[0.6251609496125403, 0.8352171944840032]",16,14
1761,[0.67944151 0.86316819],44,31,"[0.6251609496125403, 0.8352171944840032]",-1,-1
1762,[0.56372557 0.79018866],44,25,"[0.5236318109422619, 0.8012464978987384]",-1,-1
1763,[0.5346381 0.7412902],44,25,"[0.5236318109422619, 0.8012464978987384]",6,9
1764,[0.6816733  0.65567926],44,2,"[0.7003614937405056, 0.6488756530213964]",16,17
1765,[0.61186708 0.88568573],44,31,"[0.6251609496125403, 0.8352171944840032]",-1,-1
1766,[0.59057338 0.83122305],44,31,"[0.6251609496125403, 0.8352171944840032]",16,14
1767,[0.6316992  0.80460652],44,31,"[0.6251609496125403, 0.8352171944840032]",16,14
1768,[0.59766343 0.8109944 ],44,31,"[0.6251609496125403, 0.8352171944840032]",16,14
1769,[0.45535539 0.84587255],44,-1,-1,-1,-1
1770,[0.69754225 0.75317737],44,18,"[0.6988779897200863, 0.7834770781342104]",16,17
1771,[0.55427479 0.86222565],44,25,"[0.5236318109422619, 0.8012464978987384]",-1,-1
1772,[0.76151797 0.85929639],44,46,"[0.7968090941949939, 0.9114488796507013]",-1,-1
1773,[0.50585922 0.74814428],44,25,"[0.5236318109422619, 0.8012464978987384]",6,9
1774,[0.58240977 0.71567156],44,17,"[0.6041428535245666, 0.7182380791755969]",16,17
1775,[0.6325731  0.87073316],44,31,"[0.6251609496125403, 0.8352171944840032]",-1,-1
1776,[0.52164937 0.86775308],44,25,"[0.5236318109422619, 0.8012464978987384]",-1,-1
1777,[0.52308866 0.74984991],44,25,"[0.5236318109422619, 0.8012464978987384]",6,9
1778,[0.76063533 0.75161603],44,7,"[0.8183795810148307, 0.737703610258249]",16,17
1779,[0.66347742 0.71779106],44,1,"[0.70862059846081, 0.7152813583884687]",16,17
1780,[0.69693475 0.7188222 ],44,1,"[0.70862059846081, 0.7152813583884687]",16,17
1781,[0.59394504 0.86895929],44,31,"[0.6251609496125403, 0.8352171944840032]",-1,-1
1782,[0.47458841 0.78374108],44,47,"[0.43099389519308984, 0.7561872833758735]",-1,-1
1783,[0.60792839 0.79386399],44,31,"[0.6251609496125403, 0.8352171944840032]",-1,14
1784,[0.6323701  0.74672021],44,17,"[0.6041428535245666, 0.7182380791755969]",16,17
1785,[0.64218075 0.81711506],44,31,"[0.6251609496125403, 0.8352171944840032]",-1,14
1786,[0.63669572 0.66595705],44,21,"[0.6172716789774699, 0.6610353881131104]",16,17
1787,[0.69618117 0.82630415],44,18,"[0.6988779897200863, 0.7834770781342104]",-1,-1
1788,[0.61305714 0.81909338],44,31,"[0.6251609496125403, 0.8352171944840032]",16,14
1789,[0.54168284 0.68731974],44,17,"[0.6041428535245666, 0.7182380791755969]",-1,-1
1790,[0.53938158 0.86923349],44,25,"[0.5236318109422619, 0.8012464978987384]",-1,-1
1791,[0.7076855 0.7972655],44,18,"[0.6988779897200863, 0.7834770781342104]",16,17
1792,[0.71202054 0.83561683],44,18,"[0.6988779897200863, 0.7834770781342104]",-1,-1
1793,[0.56951205 0.83113081],44,25,"[0.5236318109422619, 0.8012464978987384]",-1,-1
1794,[0.60193797 0.81756969],44,31,"[0.6251609496125403, 0.8352171944840032]",16,14
1795,[0.58745191 0.73428849],44,17,"[0.6041428535245666, 0.7182380791755969]",16,17
1796,[0.73226756 0.78930789],44,18,"[0.6988779897200863, 0.7834770781342104]",16,17
1797,[0.69068676 0.73876018],44,1,"[0.70862059846081, 0.7152813583884687]",16,17
1798,[0.51604123 0.67270856],44,38,"[0.47792908248124544, 0.6224764112241679]",-1,-1
1799,[0.50234485 0.80650763],44,25,"[0.5236318109422619, 0.8012464978987384]",-1,-1
1800,[0.49349571 0.27823459],45,8,"[0.4504714089187878, 0.24378281550957484]",16,17
1801,[0.45596578 0.28913799],45,8,"[0.4504714089187878, 0.24378281550957484]",16,17
1802,[0.47657614 0.22431852],45,8,"[0.4504714089187878, 0.24378281550957484]",16,17
1803,[0.52837178 0.3615044 ],45,23,"[0.5054573664263023, 0.33647523712708816]",16,17
1804,[0.50300152 0.22652609],45,10,"[0.5125028850715635, 0.21272172560237074]",16,17
1805,[0.42417234 0.18816067],45,8,"[0.4504714089187878, 0.24378281550957484]",16,17
1806,[0.40940262 0.3372705 ],45,32,"[0.4251121980637589, 0.3441665776791453]",16,17
1807,[0.4468874  0.31751537],45,32,"[0.4251121980637589, 0.3441665776791453]",16,17
1808,[0.47759284 0.32001106],45,23,"[0.5054573664263023, 0.33647523712708816]",16,17
1809,[0.494226   0.33605736],45,23,"[0.5054573664263023, 0.33647523712708816]",16,17
1810,[0.51961589 0.3494577 ],45,23,"[0.5054573664263023, 0.33647523712708816]",16,17
1811,[0.45345794 0.31212118],45,32,"[0.4251121980637589, 0.3441665776791453]",16,17
1812,[0.52016897 0.30850163],45,23,"[0.5054573664263023, 0.33647523712708816]",16,17
1813,[0.40609942 0.27773708],45,12,"[0.35989338958527206, 0.25320034427900406]",16,17
1814,[0.63522694 0.29152894],45,9,"[0.5913155677590582, 0.27071636574266844]",16,17
1815,[0.52114467 0.25284283],45,10,"[0.5125028850715635, 0.21272172560237074]",16,17
1816,[0.5024621  0.31463599],45,23,"[0.5054573664263023, 0.33647523712708816]",16,17
1817,[0.56534254 0.29690562],45,9,"[0.5913155677590582, 0.27071636574266844]",-1,-1
1818,[0.52622369 0.31248486],45,23,"[0.5054573664263023, 0.33647523712708816]",16,17
1819,[0.48695492 0.29345662],45,23,"[0.5054573664263023, 0.33647523712708816]",16,17
1820,[0.42429254 0.32672531],45,32,"[0.4251121980637589, 0.3441665776791453]",16,17
1821,[0.46544686 0.24949707],45,8,"[0.4504714089187878, 0.24378281550957484]",16,-1
1822,[0.40780008 0.27963108],45,12,"[0.35989338958527206, 0.25320034427900406]",16,17
1823,[0.44428389 0.39943846],45,32,"[0.4251121980637589, 0.3441665776791453]",16,-1
1824,[0.53383007 0.29967134],45,23,"[0.5054573664263023, 0.33647523712708816]",-1,-1
1825,[0.3735248  0.21579254],45,12,"[0.35989338958527206, 0.25320034427900406]",-1,-1
1826,[0.48748284 0.30487211],45,23,"[0.5054573664263023, 0.33647523712708816]",16,17
1827,[0.5556732  0.36568891],45,29,"[0.5170986733347275, 0.40577494456770846]",16,17
1828,[0.50423142 0.35691469],45,23,"[0.5054573664263023, 0.33647523712708816]",16,17
1829,[0.49475092 0.26419435],45,8,"[0.4504714089187878, 0.24378281550957484]",16,17
1830,[0.42059664 0.3330878 ],45,32,"[0.4251121980637589, 0.3441665776791453]",16,17
1831,[0.53582975 0.21705908],45,10,"[0.5125028850715635, 0.21272172560237074]",16,17
1832,[0.47869155 0.31347377],45,23,"[0.5054573664263023, 0.33647523712708816]",16,17
1833,[0.50109585 0.29613615],45,23,"[0.5054573664263023, 0.33647523712708816]",16,17
1834,[0.47173792 0.33785329],45,23,"[0.5054573664263023, 0.33647523712708816]",16,17
1835,[0.51532072 0.19878954],45,10,"[0.5125028850715635, 0.21272172560237074]",16,17
1836,[0.49160696 0.25981197],45,8,"[0.4504714089187878, 0.24378281550957484]",16,17
1837,[0.57518095 0.23326509],45,9,"[0.5913155677590582, 0.27071636574266844]",16,17
1838,[0.60455061 0.3034682 ],45,9,"[0.5913155677590582, 0.27071636574266844]",16,17
1839,[0.57972665 0.2103383 ],45,9,"[0.5913155677590582, 0.27071636574266844]",16,17
1840,[0.56213229 0.16644163],46,4,"[0.5573358588469737, 0.13747652462106147]",16,17
1841,[0.46931399 0.22425593],46,8,"[0.4504714089187878, 0.24378281550957484]",16,17
1842,[0.54035795 0.21351819],46,10,"[0.5125028850715635, 0.21272172560237074]",16,17
1843,[0.51858051 0.08629871],46,4,"[0.5573358588469737, 0.13747652462106147]",0,1
1844,[0.5433337  0.22613032],46,10,"[0.5125028850715635, 0.21272172560237074]",16,17
1845,[0.60553993 0.19137695],46,42,"[0.6393846614444835, 0.19259346825000226]",16,17
1846,[0.45421132 0.04231228],46,-1,-1,-1,-1
1847,[0.45899976 0.22047544],46,8,"[0.4504714089187878, 0.24378281550957484]",16,17
1848,[0.52081997 0.02028479],46,-1,-1,-1,-1
1849,[0.54754495 0.13382058],46,4,"[0.5573358588469737, 0.13747652462106147]",16,17
1850,[0.46906669 0.15497523],46,-1,-1,-1,-1
1851,[0.52891343 0.18439819],46,10,"[0.5125028850715635, 0.21272172560237074]",16,17
1852,[0.50493924 0.26571095],46,10,"[0.5125028850715635, 0.21272172560237074]",16,17
1853,[0.58428321 0.20458391],46,42,"[0.6393846614444835, 0.19259346825000226]",16,17
1854,[0.51280565 0.17352728],46,10,"[0.5125028850715635, 0.21272172560237074]",16,-1
1855,[0.46229545 0.21864803],46,8,"[0.4504714089187878, 0.24378281550957484]",16,17
1856,[0.4954454  0.10136865],46,-1,-1,0,1
1857,[0.53493246 0.18008723],46,10,"[0.5125028850715635, 0.21272172560237074]",16,17
1858,[0.50652478 0.23759128],46,10,"[0.5125028850715635, 0.21272172560237074]",16,17
1859,[0.54959081 0.19950462],46,10,"[0.5125028850715635, 0.21272172560237074]",16,17
1860,[0.44684163 0.2753871 ],46,8,"[0.4504714089187878, 0.24378281550957484]",16,17
1861,[0.40665996 0.17344054],46,-1,-1,-1,-1
1862,[0.50642765 0.08595721],46,-1,-1,0,1
1863,[0.41379334 0.17475812],46,-1,-1,16,-1
1864,[0.56770369 0.19052499],46,4,"[0.5573358588469737, 0.13747652462106147]",16,17
1865,[0.43306827 0.24022465],46,8,"[0.4504714089187878, 0.24378281550957484]",16,17
1866,[0.53794476 0.15347187],46,4,"[0.5573358588469737, 0.13747652462106147]",16,17
1867,[0.47580579 0.08576679],46,-1,-1,0,1
1868,[0.4330528  0.22274987],46,8,"[0.4504714089187878, 0.24378281550957484]",16,17
1869,[0.51460964 0.17875346],46,10,"[0.5125028850715635, 0.21272172560237074]",16,17
1870,[0.36174635 0.21873656],46,12,"[0.35989338958527206, 0.25320034427900406]",-1,-1
1871,[0.47442808 0.19954364],46,10,"[0.5125028850715635, 0.21272172560237074]",16,17
1872,[0.40799033 0.19805875],46,8,"[0.4504714089187878, 0.24378281550957484]",16,17
1873,[0.44692243 0.20909412],46,8,"[0.4504714089187878, 0.24378281550957484]",16,17
1874,[0.57618096 0.01472456],46,-1,-1,-1,-1
1875,[0.56411969 0.22004748],46,10,"[0.5125028850715635, 0.21272172560237074]",16,17
1876,[0.48303077 0.21043545],46,10,"[0.5125028850715635, 0.21272172560237074]",16,17
1877,[0.55618347 0.1655552 ],46,4,"[0.5573358588469737, 0.13747652462106147]",16,17
1878,[0.31833334 0.08144005],46,-1,-1,-1,-1
1879,[0.47533874 0.10831995],46,-1,-1,0,1
1880,[0.61002587 0.37365636],47,5,"[0.6219127749174811, 0.3458311877021472]",16,17
1881,[0.73456924 0.41411774],47,0,"[0.6931627615392556, 0.3815800684708607]",16,17
1882,[0.75650365 0.48625108],47,24,"[0.7448615304228973, 0.5234988764106225]",16,17
1883,[0.71808787 0.33993278],47,15,"[0.7557054119964618, 0.3426596134267281]",16,17
1884,[0.70307064 0.42280919],47,19,"[0.7100699458052151, 0.46188765954194844]",16,17
1885,[0.63022312 0.41276072],47,3,"[0.6310899028624785, 0.4327585339522149]",16,17
1886,[0.63707197 0.5257422 ],47,22,"[0.6412173962499937, 0.5201488156715416]",16,17
1887,[0.6488096  0.32142842],47,5,"[0.6219127749174811, 0.3458311877021472]",16,17
1888,[0.67052255 0.34979431],47,0,"[0.6931627615392556, 0.3815800684708607]",16,17
1889,[0.71302819 0.40053927],47,0,"[0.6931627615392556, 0.3815800684708607]",16,17
1890,[0.66762222 0.48443961],47,22,"[0.6412173962499937, 0.5201488156715416]",16,17
1891,[0.69019466 0.4002576 ],47,0,"[0.6931627615392556, 0.3815800684708607]",16,17
1892,[0.5983443  0.34129776],47,5,"[0.6219127749174811, 0.3458311877021472]",16,17
1893,[0.75580789 0.41530472],47,6,"[0.7882447957584383, 0.44458351122282763]",16,17
1894,[0.71323832 0.44040451],47,19,"[0.7100699458052151, 0.46188765954194844]",16,17
1895,[0.82025808 0.48464459],47,6,"[0.7882447957584383, 0.44458351122282763]",16,17
1896,[0.56456607 0.35298888],47,5,"[0.6219127749174811, 0.3458311877021472]",16,17
1897,[0.64173588 0.39033927],47,3,"[0.6310899028624785, 0.4327585339522149]",16,17
1898,[0.68736289 0.41467758],47,0,"[0.6931627615392556, 0.3815800684708607]",16,17
1899,[0.64457781 0.4187217 ],47,3,"[0.6310899028624785, 0.4327585339522149]",16,17
1900,[0.71801036 0.44240162],47,19,"[0.7100699458052151, 0.46188765954194844]",16,17
1901,[0.7039998  0.39167125],47,0,"[0.6931627615392556, 0.3815800684708607]",16,17
1902,[0.62880008 0.49463998],47,22,"[0.6412173962499937, 0.5201488156715416]",16,17
1903,[0.64605467 0.46416605],47,3,"[0.6310899028624785, 0.4327585339522149]",16,17
1904,[0.82213594 0.44485281],47,6,"[0.7882447957584383, 0.44458351122282763]",16,17
1905,[0.64448832 0.46636905],47,3,"[0.6310899028624785, 0.4327585339522149]",16,17
1906,[0.63886282 0.40226951],47,3,"[0.6310899028624785, 0.4327585339522149]",16,17
1907,[0.63819823 0.35427152],47,5,"[0.6219127749174811, 0.3458311877021472]",16,17
1908,[0.82471405 0.58982756],47,44,"[0.8476356259506711, 0.5583543667186437]",16,17
1909,[0.77229428 0.44753658],47,6,"[0.7882447957584383, 0.44458351122282763]",16,17
1910,[0.67732036 0.43410898],47,19,"[0.7100699458052151, 0.46188765954194844]",16,17
1911,[0.61692427 0.45471433],47,3,"[0.6310899028624785, 0.4327585339522149]",16,17
1912,[0.70941049 0.29262324],47,16,"[0.6946070591632252, 0.27135441201240945]",16,17
1913,[0.76548237 0.42819949],47,6,"[0.7882447957584383, 0.44458351122282763]",16,17
1914,[0.68729618 0.32535088],47,16,"[0.6946070591632252, 0.27135441201240945]",16,17
1915,[0.61685846 0.52397804],47,22,"[0.6412173962499937, 0.5201488156715416]",16,17
1916,[0.74547075 0.28159214],47,16,"[0.6946070591632252, 0.27135441201240945]",16,-1
1917,[0.60223237 0.45432633],47,30,"[0.5702334027952285, 0.45514065597475695]",16,17
1918,[0.66482818 0.51589223],47,22,"[0.6412173962499937, 0.5201488156715416]",16,17
1919,[0.74652514 0.39528932],47,15,"[0.7557054119964618, 0.3426596134267281]",16,17
1920,[0.14585358 0.42487759],48,27,"[0.18348109069866772, 0.4795356768884537]",14,-1
1921,[0.20410167 0.37258922],48,-1,-1,-1,-1
1922,[0.33309257 0.26113592],48,12,"[0.35989338958527206, 0.25320034427900406]",16,17
1923,[0.25424369 0.43818235],48,34,"[0.2605009760091141, 0.42060134435556124]",15,11
1924,[0.10780147 0.40878562],48,26,"[0.130049889324261, 0.3510946889535129]",-1,-1
1925,[0.14921561 0.50795274],48,27,"[0.18348109069866772, 0.4795356768884537]",-1,10
1926,[0.15683089 0.4255422 ],48,27,"[0.18348109069866772, 0.4795356768884537]",-1,-1
1927,[0.17307693 0.38882129],48,26,"[0.130049889324261, 0.3510946889535129]",10,-1
1928,[0.17988321 0.31124489],48,26,"[0.130049889324261, 0.3510946889535129]",-1,-1
1929,[0.22630557 0.31280046],48,14,"[0.24954344130192369, 0.2757930499536998]",16,-1
1930,[0.09229188 0.39672511],48,26,"[0.130049889324261, 0.3510946889535129]",-1,-1
1931,[0.16733318 0.36536656],48,26,"[0.130049889324261, 0.3510946889535129]",10,-1
1932,[0.07669012 0.39552936],48,26,"[0.130049889324261, 0.3510946889535129]",-1,-1
1933,[0.12469548 0.3420156 ],48,26,"[0.130049889324261, 0.3510946889535129]",-1,-1
1934,[0.19688882 0.304547  ],48,14,"[0.24954344130192369, 0.2757930499536998]",16,-1
1935,[0.17711312 0.47581689],48,27,"[0.18348109069866772, 0.4795356768884537]",14,12
1936,[0.18136104 0.43032051],48,27,"[0.18348109069866772, 0.4795356768884537]",-1,-1
1937,[0.24717183 0.30610415],48,14,"[0.24954344130192369, 0.2757930499536998]",16,16
1938,[0.20907526 0.43602946],48,27,"[0.18348109069866772, 0.4795356768884537]",-1,-1
1939,[0.18598288 0.38432928],48,26,"[0.130049889324261, 0.3510946889535129]",10,-1
1940,[0.24457196 0.34918804],48,-1,-1,13,-1
1941,[0.10989774 0.37337453],48,26,"[0.130049889324261, 0.3510946889535129]",-1,-1
1942,[0.2592328  0.39240885],48,34,"[0.2605009760091141, 0.42060134435556124]",15,11
1943,[0.22153367 0.46827798],48,27,"[0.18348109069866772, 0.4795356768884537]",14,-1
1944,[0.20962974 0.26812621],48,14,"[0.24954344130192369, 0.2757930499536998]",16,16
1945,[0.18891602 0.36301495],48,26,"[0.130049889324261, 0.3510946889535129]",-1,-1
1946,[0.11270003 0.27503896],48,-1,-1,-1,-1
1947,[0.21496052 0.24738828],48,14,"[0.24954344130192369, 0.2757930499536998]",-1,-1
1948,[0.07819594 0.37984913],48,26,"[0.130049889324261, 0.3510946889535129]",-1,-1
1949,[0.23792818 0.29957173],48,14,"[0.24954344130192369, 0.2757930499536998]",16,16
1950,[0.32666205 0.32580586],48,37,"[0.33645493418484457, 0.3640509520892426]",16,17
1951,[0.0368154  0.39052485],48,-1,-1,-1,-1
1952,[0.12268627 0.25184908],48,-1,-1,-1,-1
1953,[0.14291649 0.34967001],48,26,"[0.130049889324261, 0.3510946889535129]",-1,-1
1954,[0.24410024 0.30406685],48,14,"[0.24954344130192369, 0.2757930499536998]",16,16
1955,[0.21757206 0.3133305 ],48,14,"[0.24954344130192369, 0.2757930499536998]",16,16
1956,[0.14798952 0.33034517],48,26,"[0.130049889324261, 0.3510946889535129]",-1,-1
1957,[0.29389092 0.37606401],48,37,"[0.33645493418484457, 0.3640509520892426]",-1,-1
1958,[0.18715565 0.39568298],48,-1,-1,10,-1
1959,[0.07766356 0.34948027],48,26,"[0.130049889324261, 0.3510946889535129]",-1,-1
1960,[0.73908284 0.55507647],49,24,"[0.7448615304228973, 0.5234988764106225]",16,17
1961,[0.66837979 0.69433964],49,1,"[0.70862059846081, 0.7152813583884687]",16,17
1962,[0.63494933 0.59865737],49,33,"[0.6199120629460765, 0.5881656396515723]",16,17
1963,[0.58729094 0.55362487],49,39,"[0.5758698130208451, 0.5301563831393514]",16,17
1964,[0.58815891 0.62180878],49,35,"[0.5627594231674726, 0.6027140832798153]",16,17
1965,[0.71600008 0.58142862],49,13,"[0.687764963213202, 0.587329037740085]",16,17
1966,[0.62532067 0.65554158],49,21,"[0.6172716789774699, 0.6610353881131104]",16,17
1967,[0.55658678 0.56545621],49,35,"[0.5627594231674726, 0.6027140832798153]",16,17
1968,[0.65414034 0.55443275],49,22,"[0.6412173962499937, 0.5201488156715416]",16,17
1969,[0.53630223 0.6709925 ],49,-1,-1,-1,-1
1970,[0.60236473 0.68999499],49,17,"[0.6041428535245666, 0.7182380791755969]",16,17
1971,[0.79023227 0.60167524],49,20,"[0.7653811495802203, 0.5983352981846829]",16,17
1972,[0.74202403 0.57329953],49,20,"[0.7653811495802203, 0.5983352981846829]",16,17
1973,[0.62212163 0.61731401],49,33,"[0.6199120629460765, 0.5881656396515723]",16,17
1974,[0.59391248 0.55730825],49,39,"[0.5758698130208451, 0.5301563831393514]",16,17
1975,[0.71345785 0.56303682],49,13,"[0.687764963213202, 0.587329037740085]",16,17
1976,[0.68721566 0.65295862],49,2,"[0.7003614937405056, 0.6488756530213964]",16,17
1977,[0.50012578 0.52137368],49,11,"[0.49938032904462065, 0.5156871274318987]",16,17
1978,[0.5554749  0.63787256],49,35,"[0.5627594231674726, 0.6027140832798153]",16,17
1979,[0.49032042 0.72961666],49,47,"[0.43099389519308984, 0.7561872833758735]",6,9
1980,[0.56664779 0.62919112],49,35,"[0.5627594231674726, 0.6027140832798153]",16,17
1981,[0.6421202  0.59185847],49,33,"[0.6199120629460765, 0.5881656396515723]",16,17
1982,[0.79971437 0.72615193],49,7,"[0.8183795810148307, 0.737703610258249]",16,17
1983,[0.68136684 0.54644683],49,13,"[0.687764963213202, 0.587329037740085]",16,17
1984,[0.71899685 0.61983143],49,2,"[0.7003614937405056, 0.6488756530213964]",16,17
1985,[0.70783751 0.67184644],49,2,"[0.7003614937405056, 0.6488756530213964]",16,17
1986,[0.60859633 0.63696563],49,21,"[0.6172716789774699, 0.6610353881131104]",16,17
1987,[0.76401671 0.68086308],49,1,"[0.70862059846081, 0.7152813583884687]",16,17
1988,[0.68151603 0.63439585],49,2,"[0.7003614937405056, 0.6488756530213964]",16,17
1989,[0.66066743 0.56028709],49,13,"[0.687764963213202, 0.587329037740085]",16,17
1990,[0.67340704 0.56108073],49,13,"[0.687764963213202, 0.587329037740085]",16,17
1991,[0.63305276 0.56130094],49,33,"[0.6199120629460765, 0.5881656396515723]",16,17
1992,[0.6895879  0.56437113],49,13,"[0.687764963213202, 0.587329037740085]",16,17
1993,[0.56850325 0.65912169],49,21,"[0.6172716789774699, 0.6610353881131104]",16,17
1994,[0.667327   0.52722684],49,22,"[0.6412173962499937, 0.5201488156715416]",16,17
1995,[0.75531412 0.5671957 ],49,20,"[0.7653811495802203, 0.5983352981846829]",16,17
1996,[0.54856336 0.54453773],49,39,"[0.5758698130208451, 0.5301563831393514]",16,17
1997,[0.63842986 0.61564204],49,33,"[0.6199120629460765, 0.5881656396515723]",16,17
1998,[0.65966591 0.46539497],49,3,"[0.6310899028624785, 0.4327585339522149]",16,17
1999,[0.70824757 0.50015378],49,19,"[0.7100699458052151, 0.46188765954194844]",16,17
