,datum,blob,snowball_label,snowball_center,hdbscan_eom_label,hdbscan_leaf_label
0,[0.17530729 0.80001639],0,38,"[0.1833808871148498, 0.824806751753795]",1,-1
1,[0.2145356  0.72844582],0,24,"[0.2219823769694232, 0.7523883708842017]",1,-1
2,[0.13379099 0.7599687 ],0,33,"[0.14360528745911366, 0.7361289007486289]",1,-1
3,[0.15622517 0.80255777],0,38,"[0.1833808871148498, 0.824806751753795]",1,-1
4,[0.10675085 0.74763664],0,33,"[0.14360528745911366, 0.7361289007486289]",1,-1
5,[0.22298768 0.7582012 ],0,24,"[0.2219823769694232, 0.7523883708842017]",1,-1
6,[0.17593053 0.76242754],0,33,"[0.14360528745911366, 0.7361289007486289]",1,-1
7,[0.17198147 0.7564236 ],0,33,"[0.14360528745911366, 0.7361289007486289]",1,-1
8,[0.18986238 0.76701776],0,24,"[0.2219823769694232, 0.7523883708842017]",1,-1
9,[0.13887791 0.82927985],0,38,"[0.1833808871148498, 0.824806751753795]",1,-1
10,[0.18657154 0.78920735],0,38,"[0.1833808871148498, 0.824806751753795]",1,-1
11,[0.13205454 0.67306776],0,20,"[0.18632471116193938, 0.6470504651095214]",1,-1
12,[0.17081181 0.79589526],0,38,"[0.1833808871148498, 0.824806751753795]",1,-1
13,[0.09810448 0.72031588],0,33,"[0.14360528745911366, 0.7361289007486289]",1,-1
14,[0.15644658 0.82170104],0,38,"[0.1833808871148498, 0.824806751753795]",1,-1
15,[0.29133735 0.74229165],0,8,"[0.26852263019242567, 0.6890353589332484]",1,-1
16,[0.2312772  0.78577321],0,24,"[0.2219823769694232, 0.7523883708842017]",1,-1
17,[0.13724257 0.81573597],0,38,"[0.1833808871148498, 0.824806751753795]",1,-1
18,[0.21574918 0.77508109],0,24,"[0.2219823769694232, 0.7523883708842017]",1,-1
19,[0.17123307 0.76187514],0,33,"[0.14360528745911366, 0.7361289007486289]",1,-1
20,[0.2532902  0.81986856],0,12,"[0.3169063637449832, 0.8033325636066986]",1,-1
21,[0.27509442 0.78369508],0,12,"[0.3169063637449832, 0.8033325636066986]",1,-1
22,[0.26066337 0.71854329],0,8,"[0.26852263019242567, 0.6890353589332484]",1,-1
23,[0.23504601 0.87472159],0,-1,-1,1,-1
24,[0.20286466 0.76099101],0,24,"[0.2219823769694232, 0.7523883708842017]",1,-1
25,[0.21925968 0.77898502],0,24,"[0.2219823769694232, 0.7523883708842017]",1,-1
26,[0.15211968 0.70347319],0,33,"[0.14360528745911366, 0.7361289007486289]",1,-1
27,[0.26010269 0.69897146],0,8,"[0.26852263019242567, 0.6890353589332484]",1,-1
28,[0.18231832 0.78926268],0,38,"[0.1833808871148498, 0.824806751753795]",1,-1
29,[0.15516968 0.76086973],0,33,"[0.14360528745911366, 0.7361289007486289]",1,-1
30,[0.13738467 0.78646235],0,33,"[0.14360528745911366, 0.7361289007486289]",1,-1
31,[0.18238701 0.814662  ],0,38,"[0.1833808871148498, 0.824806751753795]",1,-1
32,[0.14268891 0.77877956],0,33,"[0.14360528745911366, 0.7361289007486289]",1,-1
33,[0.15276348 0.78511087],0,33,"[0.14360528745911366, 0.7361289007486289]",1,-1
34,[0.26916747 0.72742899],0,8,"[0.26852263019242567, 0.6890353589332484]",1,-1
35,[0.15593009 0.79916802],0,38,"[0.1833808871148498, 0.824806751753795]",1,-1
36,[0.12887291 0.68761439],0,33,"[0.14360528745911366, 0.7361289007486289]",1,-1
37,[0.20464226 0.76613953],0,24,"[0.2219823769694232, 0.7523883708842017]",1,-1
38,[0.23619859 0.75844207],0,24,"[0.2219823769694232, 0.7523883708842017]",1,-1
39,[0.18644833 0.72264567],0,33,"[0.14360528745911366, 0.7361289007486289]",1,-1
40,[0.18362825 0.75952403],0,24,"[0.2219823769694232, 0.7523883708842017]",1,-1
41,[0.19334413 0.79399052],0,38,"[0.1833808871148498, 0.824806751753795]",1,-1
42,[0.18829882 0.71664292],0,33,"[0.14360528745911366, 0.7361289007486289]",1,-1
43,[0.18260652 0.67219198],0,20,"[0.18632471116193938, 0.6470504651095214]",1,-1
44,[0.20154444 0.77151475],0,24,"[0.2219823769694232, 0.7523883708842017]",1,-1
45,[0.14854918 0.83603083],0,38,"[0.1833808871148498, 0.824806751753795]",1,-1
46,[0.15357926 0.82151158],0,38,"[0.1833808871148498, 0.824806751753795]",1,-1
47,[0.12579434 0.82584105],0,38,"[0.1833808871148498, 0.824806751753795]",1,-1
48,[0.11623787 0.53354108],0,49,"[0.14893778703439292, 0.5666898184239806]",1,-1
49,[0.08201636 0.72387381],0,33,"[0.14360528745911366, 0.7361289007486289]",1,-1
50,[0.16817631 0.730967  ],0,33,"[0.14360528745911366, 0.7361289007486289]",1,-1
51,[0.18490851 0.80606065],0,38,"[0.1833808871148498, 0.824806751753795]",1,-1
52,[0.17976556 0.8506065 ],0,38,"[0.1833808871148498, 0.824806751753795]",1,-1
53,[0.17186259 0.80711352],0,38,"[0.1833808871148498, 0.824806751753795]",1,-1
54,[0.15972612 0.76179316],0,33,"[0.14360528745911366, 0.7361289007486289]",1,-1
55,[0.1649388 0.8180441],0,38,"[0.1833808871148498, 0.824806751753795]",1,-1
56,[0.16168898 0.71712554],0,33,"[0.14360528745911366, 0.7361289007486289]",1,-1
57,[0.08016458 0.7376942 ],0,33,"[0.14360528745911366, 0.7361289007486289]",1,-1
58,[0.19841069 0.7543839 ],0,24,"[0.2219823769694232, 0.7523883708842017]",1,-1
59,[0.17478249 0.63494144],0,20,"[0.18632471116193938, 0.6470504651095214]",1,-1
60,[0.15386787 0.82583497],0,38,"[0.1833808871148498, 0.824806751753795]",1,-1
61,[0.1711882  0.78640187],0,38,"[0.1833808871148498, 0.824806751753795]",1,-1
62,[0.19814184 0.81967593],0,38,"[0.1833808871148498, 0.824806751753795]",1,-1
63,[0.26715674 0.77460374],0,24,"[0.2219823769694232, 0.7523883708842017]",1,-1
64,[0.21200264 0.71442176],0,24,"[0.2219823769694232, 0.7523883708842017]",1,14
65,[0.22434446 0.77899486],0,24,"[0.2219823769694232, 0.7523883708842017]",1,-1
66,[0.18346927 0.67394796],0,20,"[0.18632471116193938, 0.6470504651095214]",1,-1
67,[0.16264752 0.75759631],0,33,"[0.14360528745911366, 0.7361289007486289]",1,-1
68,[0.2939246  0.93959551],0,-1,-1,1,-1
69,[0.17782457 0.74416246],0,33,"[0.14360528745911366, 0.7361289007486289]",1,-1
70,[0.15761247 0.76653284],0,33,"[0.14360528745911366, 0.7361289007486289]",1,-1
71,[0.15556966 0.87974515],0,38,"[0.1833808871148498, 0.824806751753795]",-1,-1
72,[0.22018112 0.6631161 ],0,20,"[0.18632471116193938, 0.6470504651095214]",1,15
73,[0.18517921 0.84488706],0,38,"[0.1833808871148498, 0.824806751753795]",1,-1
74,[0.15867122 0.70290694],0,33,"[0.14360528745911366, 0.7361289007486289]",1,-1
75,[0.15983029 0.77075033],0,33,"[0.14360528745911366, 0.7361289007486289]",1,-1
76,[0.20287203 0.77528479],0,24,"[0.2219823769694232, 0.7523883708842017]",1,-1
77,[0.15862651 0.76335774],0,33,"[0.14360528745911366, 0.7361289007486289]",1,-1
78,[0.16037331 0.68015514],0,20,"[0.18632471116193938, 0.6470504651095214]",1,-1
79,[0.20982503 0.66910039],0,20,"[0.18632471116193938, 0.6470504651095214]",1,-1
80,[0.19828162 0.87501895],0,38,"[0.1833808871148498, 0.824806751753795]",1,-1
81,[0.10738533 0.74868168],0,33,"[0.14360528745911366, 0.7361289007486289]",1,-1
82,[0.19499147 0.74931934],0,24,"[0.2219823769694232, 0.7523883708842017]",1,-1
83,[0.17789308 0.78496537],0,38,"[0.1833808871148498, 0.824806751753795]",1,-1
84,[0.11758963 0.76619448],0,33,"[0.14360528745911366, 0.7361289007486289]",1,-1
85,[0.15358269 0.77830891],0,33,"[0.14360528745911366, 0.7361289007486289]",1,-1
86,[0.15719479 0.70016476],0,33,"[0.14360528745911366, 0.7361289007486289]",1,-1
87,[0.20003378 0.78744067],0,38,"[0.1833808871148498, 0.824806751753795]",1,-1
88,[0.08702141 0.84318491],0,-1,-1,1,-1
89,[0.20471562 0.82827611],0,38,"[0.1833808871148498, 0.824806751753795]",1,-1
90,[0.18627076 0.96655996],0,-1,-1,-1,-1
91,[0.08616437 0.76563136],0,33,"[0.14360528745911366, 0.7361289007486289]",1,-1
92,[0.21485243 0.82421196],0,38,"[0.1833808871148498, 0.824806751753795]",1,-1
93,[0.18036631 0.76699336],0,24,"[0.2219823769694232, 0.7523883708842017]",1,-1
94,[0.20960124 0.85132683],0,38,"[0.1833808871148498, 0.824806751753795]",1,-1
95,[0.15774758 0.65213316],0,20,"[0.18632471116193938, 0.6470504651095214]",1,-1
96,[0.23833666 0.91421277],0,-1,-1,1,-1
97,[0.09701315 0.78801188],0,33,"[0.14360528745911366, 0.7361289007486289]",1,-1
98,[0.23282847 0.80155026],0,24,"[0.2219823769694232, 0.7523883708842017]",1,-1
99,[0.21762213 0.70455343],0,24,"[0.2219823769694232, 0.7523883708842017]",1,-1
100,[0.20621482 0.82394963],0,38,"[0.1833808871148498, 0.824806751753795]",1,-1
101,[0.19353268 0.78512151],0,38,"[0.1833808871148498, 0.824806751753795]",1,-1
102,[0.20167169 0.74910619],0,24,"[0.2219823769694232, 0.7523883708842017]",1,-1
103,[0.12834623 0.75121606],0,33,"[0.14360528745911366, 0.7361289007486289]",1,-1
104,[0.13452618 0.79397712],0,38,"[0.1833808871148498, 0.824806751753795]",1,-1
105,[0.16063314 0.8023132 ],0,38,"[0.1833808871148498, 0.824806751753795]",1,-1
106,[0.16905465 0.75939637],0,33,"[0.14360528745911366, 0.7361289007486289]",1,-1
107,[0.13431104 0.71764116],0,33,"[0.14360528745911366, 0.7361289007486289]",1,-1
108,[0.22776774 0.80757424],0,38,"[0.1833808871148498, 0.824806751753795]",1,-1
109,[0.19274113 0.76787844],0,24,"[0.2219823769694232, 0.7523883708842017]",1,-1
110,[0.1904802  0.87153585],0,38,"[0.1833808871148498, 0.824806751753795]",1,-1
111,[0.17998931 0.77941273],0,38,"[0.1833808871148498, 0.824806751753795]",1,-1
112,[0.22772647 0.78552444],0,24,"[0.2219823769694232, 0.7523883708842017]",1,-1
113,[0.25074074 0.69771838],0,8,"[0.26852263019242567, 0.6890353589332484]",1,-1
114,[0.19328954 0.77332903],0,24,"[0.2219823769694232, 0.7523883708842017]",1,-1
115,[0.24286052 0.79009972],0,24,"[0.2219823769694232, 0.7523883708842017]",1,-1
116,[0.20613867 0.72459952],0,24,"[0.2219823769694232, 0.7523883708842017]",1,-1
117,[0.18112922 0.71623256],0,33,"[0.14360528745911366, 0.7361289007486289]",1,-1
118,[0.14549883 0.75661188],0,33,"[0.14360528745911366, 0.7361289007486289]",1,-1
119,[0.12676092 0.78036781],0,33,"[0.14360528745911366, 0.7361289007486289]",1,-1
120,[0.1457988  0.81834952],0,38,"[0.1833808871148498, 0.824806751753795]",1,-1
121,[0.13218295 0.74731219],0,33,"[0.14360528745911366, 0.7361289007486289]",1,-1
122,[0.17746732 0.7755643 ],0,38,"[0.1833808871148498, 0.824806751753795]",1,-1
123,[0.16281564 0.70317592],0,33,"[0.14360528745911366, 0.7361289007486289]",1,-1
124,[0.18220077 0.76018128],0,24,"[0.2219823769694232, 0.7523883708842017]",1,-1
125,[0.18233875 0.77575873],0,24,"[0.2219823769694232, 0.7523883708842017]",1,-1
126,[0.25314755 0.73957459],0,24,"[0.2219823769694232, 0.7523883708842017]",1,-1
127,[0.12432734 0.79317606],0,33,"[0.14360528745911366, 0.7361289007486289]",1,-1
128,[0.22455366 0.7816956 ],0,24,"[0.2219823769694232, 0.7523883708842017]",1,-1
129,[0.33764456 0.74139184],0,12,"[0.3169063637449832, 0.8033325636066986]",1,-1
130,[0.1691111  0.74115515],0,33,"[0.14360528745911366, 0.7361289007486289]",1,-1
131,[0.22910146 0.72693733],0,24,"[0.2219823769694232, 0.7523883708842017]",1,14
132,[0.24586581 0.78476725],0,24,"[0.2219823769694232, 0.7523883708842017]",1,-1
133,[0.15284444 0.80663596],0,38,"[0.1833808871148498, 0.824806751753795]",1,-1
134,[0.18800531 0.74892778],0,24,"[0.2219823769694232, 0.7523883708842017]",1,-1
135,[0.15198126 0.81034558],0,38,"[0.1833808871148498, 0.824806751753795]",1,-1
136,[0.23625855 0.75719403],0,24,"[0.2219823769694232, 0.7523883708842017]",1,-1
137,[0.13622247 0.70040395],0,33,"[0.14360528745911366, 0.7361289007486289]",1,-1
138,[0.10517404 0.82920212],0,-1,-1,1,-1
139,[0.1907547  0.70539188],0,33,"[0.14360528745911366, 0.7361289007486289]",1,13
140,[0.2213107  0.77770204],0,24,"[0.2219823769694232, 0.7523883708842017]",1,-1
141,[0.11242283 0.74137278],0,33,"[0.14360528745911366, 0.7361289007486289]",1,-1
142,[0.24672225 0.83006509],0,38,"[0.1833808871148498, 0.824806751753795]",1,-1
143,[0.09523599 0.82868505],0,-1,-1,1,-1
144,[0.21712826 0.78527501],0,24,"[0.2219823769694232, 0.7523883708842017]",1,-1
145,[0.27550313 0.83643774],0,12,"[0.3169063637449832, 0.8033325636066986]",1,-1
146,[0.19346214 0.72589179],0,24,"[0.2219823769694232, 0.7523883708842017]",1,-1
147,[0.09157665 0.74011312],0,33,"[0.14360528745911366, 0.7361289007486289]",1,-1
148,[0.17211464 0.8658856 ],0,38,"[0.1833808871148498, 0.824806751753795]",1,-1
149,[0.10517431 0.69900985],0,33,"[0.14360528745911366, 0.7361289007486289]",1,-1
150,[0.18448187 0.68674614],0,20,"[0.18632471116193938, 0.6470504651095214]",1,-1
151,[0.12247345 0.75457739],0,33,"[0.14360528745911366, 0.7361289007486289]",1,-1
152,[0.14364028 0.77859199],0,33,"[0.14360528745911366, 0.7361289007486289]",1,-1
153,[0.16728483 0.67356582],0,20,"[0.18632471116193938, 0.6470504651095214]",1,-1
154,[0.22163453 0.8204528 ],0,38,"[0.1833808871148498, 0.824806751753795]",1,-1
155,[0.22481994 0.78634992],0,24,"[0.2219823769694232, 0.7523883708842017]",1,-1
156,[0.16521513 0.81137998],0,38,"[0.1833808871148498, 0.824806751753795]",1,-1
157,[0.16138212 0.76270814],0,33,"[0.14360528745911366, 0.7361289007486289]",1,-1
158,[0.18016828 0.6648964 ],0,20,"[0.18632471116193938, 0.6470504651095214]",1,-1
159,[0.14099712 0.7451153 ],0,33,"[0.14360528745911366, 0.7361289007486289]",1,-1
160,[0.24303997 0.86861972],0,-1,-1,1,-1
161,[0.19751134 0.74032899],0,24,"[0.2219823769694232, 0.7523883708842017]",1,-1
162,[0.15753174 0.77050574],0,33,"[0.14360528745911366, 0.7361289007486289]",1,-1
163,[0.15349571 0.78397071],0,33,"[0.14360528745911366, 0.7361289007486289]",1,-1
164,[0.2136171  0.75571128],0,24,"[0.2219823769694232, 0.7523883708842017]",1,-1
165,[0.15034081 0.78745104],0,38,"[0.1833808871148498, 0.824806751753795]",1,-1
166,[0.13398707 0.75225117],0,33,"[0.14360528745911366, 0.7361289007486289]",1,-1
167,[0.11988127 0.83696714],0,38,"[0.1833808871148498, 0.824806751753795]",1,-1
168,[0.16070327 0.68015629],0,20,"[0.18632471116193938, 0.6470504651095214]",1,-1
169,[0.1634225 0.8107455],0,38,"[0.1833808871148498, 0.824806751753795]",1,-1
170,[0.17953882 0.75893673],0,33,"[0.14360528745911366, 0.7361289007486289]",1,-1
171,[0.0410811  0.80477187],0,-1,-1,-1,-1
172,[0.2523127  0.72718224],0,24,"[0.2219823769694232, 0.7523883708842017]",1,19
173,[0.13831377 0.79379415],0,38,"[0.1833808871148498, 0.824806751753795]",1,-1
174,[0.21989028 0.79932186],0,38,"[0.1833808871148498, 0.824806751753795]",1,-1
175,[0.19950549 0.77341573],0,24,"[0.2219823769694232, 0.7523883708842017]",1,-1
176,[0.17049203 0.7478825 ],0,33,"[0.14360528745911366, 0.7361289007486289]",1,-1
177,[0.17639785 0.71655063],0,33,"[0.14360528745911366, 0.7361289007486289]",1,-1
178,[0.21791855 0.6710591 ],0,20,"[0.18632471116193938, 0.6470504651095214]",1,-1
179,[0.16982642 0.81919524],0,38,"[0.1833808871148498, 0.824806751753795]",1,-1
180,[0.11953176 0.79343817],0,33,"[0.14360528745911366, 0.7361289007486289]",1,-1
181,[0.1969847  0.73932367],0,24,"[0.2219823769694232, 0.7523883708842017]",1,-1
182,[0.19085095 0.80493747],0,38,"[0.1833808871148498, 0.824806751753795]",1,-1
183,[0.23516567 0.76318928],0,24,"[0.2219823769694232, 0.7523883708842017]",1,-1
184,[0.23673856 0.77257907],0,24,"[0.2219823769694232, 0.7523883708842017]",1,-1
185,[0.19444952 0.7222866 ],0,24,"[0.2219823769694232, 0.7523883708842017]",1,-1
186,[0.19956821 0.72843812],0,24,"[0.2219823769694232, 0.7523883708842017]",1,-1
187,[0.15876744 0.81184775],0,38,"[0.1833808871148498, 0.824806751753795]",1,-1
188,[0.12099978 0.69365981],0,33,"[0.14360528745911366, 0.7361289007486289]",1,-1
189,[0.16235723 0.77299562],0,33,"[0.14360528745911366, 0.7361289007486289]",1,-1
190,[0.10923427 0.77147744],0,33,"[0.14360528745911366, 0.7361289007486289]",1,-1
191,[0.2008967 0.761277 ],0,24,"[0.2219823769694232, 0.7523883708842017]",1,-1
192,[0.19688741 0.79018663],0,38,"[0.1833808871148498, 0.824806751753795]",1,-1
193,[0.25436136 0.83843478],0,-1,-1,1,-1
194,[0.14501503 0.84536354],0,38,"[0.1833808871148498, 0.824806751753795]",1,-1
195,[0.25000211 0.80175384],0,24,"[0.2219823769694232, 0.7523883708842017]",1,-1
196,[0.21166594 0.80927606],0,38,"[0.1833808871148498, 0.824806751753795]",1,-1
197,[0.19946549 0.76131742],0,24,"[0.2219823769694232, 0.7523883708842017]",1,-1
198,[0.19781092 0.89122568],0,38,"[0.1833808871148498, 0.824806751753795]",1,-1
199,[0.15611137 0.79016165],0,38,"[0.1833808871148498, 0.824806751753795]",1,-1
200,[0.13927275 0.80631968],0,38,"[0.1833808871148498, 0.824806751753795]",1,-1
201,[0.25432221 0.68532836],0,8,"[0.26852263019242567, 0.6890353589332484]",1,-1
202,[0.2769892  0.72678532],0,8,"[0.26852263019242567, 0.6890353589332484]",1,-1
203,[0.21400229 0.79586135],0,38,"[0.1833808871148498, 0.824806751753795]",1,-1
204,[0.1195538  0.79536417],0,33,"[0.14360528745911366, 0.7361289007486289]",1,-1
205,[0.17680484 0.72057949],0,33,"[0.14360528745911366, 0.7361289007486289]",1,-1
206,[0.22207919 0.77703188],0,24,"[0.2219823769694232, 0.7523883708842017]",1,-1
207,[0.21815838 0.70662139],0,24,"[0.2219823769694232, 0.7523883708842017]",1,-1
208,[0.09810238 0.76697722],0,33,"[0.14360528745911366, 0.7361289007486289]",1,-1
209,[0.14609811 0.70328671],0,33,"[0.14360528745911366, 0.7361289007486289]",1,-1
210,[0.19553349 0.69340309],0,20,"[0.18632471116193938, 0.6470504651095214]",1,-1
211,[0.2401181  0.78868104],0,24,"[0.2219823769694232, 0.7523883708842017]",1,-1
212,[0.11722823 0.75274271],0,33,"[0.14360528745911366, 0.7361289007486289]",1,-1
213,[0.17471735 0.76464259],0,33,"[0.14360528745911366, 0.7361289007486289]",1,-1
214,[0.14308491 0.72177581],0,33,"[0.14360528745911366, 0.7361289007486289]",1,-1
215,[0.23521123 0.76014561],0,24,"[0.2219823769694232, 0.7523883708842017]",1,-1
216,[0.24676563 0.85887711],0,-1,-1,1,-1
217,[0.25858844 0.74769515],0,24,"[0.2219823769694232, 0.7523883708842017]",1,-1
218,[0.10932944 0.86242873],0,-1,-1,-1,-1
219,[0.14447342 0.7626986 ],0,33,"[0.14360528745911366, 0.7361289007486289]",1,-1
220,[0.14492752 0.85604667],0,38,"[0.1833808871148498, 0.824806751753795]",1,-1
221,[0.17790878 0.68473258],0,20,"[0.18632471116193938, 0.6470504651095214]",1,-1
222,[0.19120497 0.71007378],0,24,"[0.2219823769694232, 0.7523883708842017]",1,-1
223,[0.19477607 0.87522537],0,38,"[0.1833808871148498, 0.824806751753795]",1,-1
224,[0.17186622 0.77397848],0,33,"[0.14360528745911366, 0.7361289007486289]",1,-1
225,[0.13644345 0.83647808],0,38,"[0.1833808871148498, 0.824806751753795]",1,-1
226,[0.22753962 0.73217572],0,24,"[0.2219823769694232, 0.7523883708842017]",1,14
227,[0.19589665 0.7930093 ],0,38,"[0.1833808871148498, 0.824806751753795]",1,-1
228,[0.17313503 0.77673244],0,38,"[0.1833808871148498, 0.824806751753795]",1,-1
229,[0.28028267 0.74648787],0,24,"[0.2219823769694232, 0.7523883708842017]",1,-1
230,[0.17951045 0.77450234],0,24,"[0.2219823769694232, 0.7523883708842017]",1,-1
231,[0.22326886 0.78348559],0,24,"[0.2219823769694232, 0.7523883708842017]",1,-1
232,[0.21282191 0.79633205],0,38,"[0.1833808871148498, 0.824806751753795]",1,-1
233,[0.28644454 0.79682396],0,12,"[0.3169063637449832, 0.8033325636066986]",1,-1
234,[0.14226319 0.76782129],0,33,"[0.14360528745911366, 0.7361289007486289]",1,-1
235,[0.20165181 0.73538076],0,24,"[0.2219823769694232, 0.7523883708842017]",1,-1
236,[0.22139099 0.79856453],0,24,"[0.2219823769694232, 0.7523883708842017]",1,-1
237,[0.17355179 0.84015221],0,38,"[0.1833808871148498, 0.824806751753795]",1,-1
238,[0.16718741 0.79034658],0,38,"[0.1833808871148498, 0.824806751753795]",1,-1
239,[0.21594697 0.71843061],0,24,"[0.2219823769694232, 0.7523883708842017]",1,14
240,[0.1963825  0.73492288],0,24,"[0.2219823769694232, 0.7523883708842017]",1,-1
241,[0.20230808 0.74878531],0,24,"[0.2219823769694232, 0.7523883708842017]",1,-1
242,[0.24380544 0.78568336],0,24,"[0.2219823769694232, 0.7523883708842017]",1,-1
243,[0.22198669 0.73083414],0,24,"[0.2219823769694232, 0.7523883708842017]",1,14
244,[0.10479728 0.75356021],0,33,"[0.14360528745911366, 0.7361289007486289]",1,-1
245,[0.1907445  0.82855588],0,38,"[0.1833808871148498, 0.824806751753795]",1,-1
246,[0.22824615 0.73464489],0,24,"[0.2219823769694232, 0.7523883708842017]",1,14
247,[0.17974889 0.76370362],0,24,"[0.2219823769694232, 0.7523883708842017]",1,-1
248,[0.18336538 0.80057354],0,38,"[0.1833808871148498, 0.824806751753795]",1,-1
249,[0.16542751 0.73001685],0,33,"[0.14360528745911366, 0.7361289007486289]",1,-1
250,[0.21202878 0.74304778],0,24,"[0.2219823769694232, 0.7523883708842017]",1,14
251,[0.12472822 0.85041645],0,38,"[0.1833808871148498, 0.824806751753795]",1,-1
252,[0.13653875 0.76410352],0,33,"[0.14360528745911366, 0.7361289007486289]",1,-1
253,[0.1705836  0.83798691],0,38,"[0.1833808871148498, 0.824806751753795]",1,-1
254,[0.12337144 0.84398252],0,38,"[0.1833808871148498, 0.824806751753795]",1,-1
255,[0.23224111 0.7345025 ],0,24,"[0.2219823769694232, 0.7523883708842017]",1,14
256,[0.13502276 0.74837729],0,33,"[0.14360528745911366, 0.7361289007486289]",1,-1
257,[0.19002249 0.74379374],0,24,"[0.2219823769694232, 0.7523883708842017]",1,-1
258,[0.20894491 0.7970371 ],0,38,"[0.1833808871148498, 0.824806751753795]",1,-1
259,[0.1322748  0.82303481],0,38,"[0.1833808871148498, 0.824806751753795]",1,-1
260,[0.27181454 0.75026301],0,24,"[0.2219823769694232, 0.7523883708842017]",1,-1
261,[0.19442169 0.6750352 ],0,20,"[0.18632471116193938, 0.6470504651095214]",1,-1
262,[0.19928548 0.69481151],0,20,"[0.18632471116193938, 0.6470504651095214]",1,13
263,[0.22980951 0.85538309],0,38,"[0.1833808871148498, 0.824806751753795]",1,-1
264,[0.19987778 0.75863424],0,24,"[0.2219823769694232, 0.7523883708842017]",1,-1
265,[0.10037136 0.71212627],0,33,"[0.14360528745911366, 0.7361289007486289]",1,-1
266,[0.12703606 0.83576537],0,38,"[0.1833808871148498, 0.824806751753795]",1,-1
267,[0.22459088 0.73145653],0,24,"[0.2219823769694232, 0.7523883708842017]",1,14
268,[0.30186763 0.70222782],0,8,"[0.26852263019242567, 0.6890353589332484]",1,-1
269,[0.19090484 0.67890341],0,20,"[0.18632471116193938, 0.6470504651095214]",1,-1
270,[0.16092074 0.78283539],0,38,"[0.1833808871148498, 0.824806751753795]",1,-1
271,[0.2299434  0.76184625],0,24,"[0.2219823769694232, 0.7523883708842017]",1,-1
272,[0.15736174 0.74247229],0,33,"[0.14360528745911366, 0.7361289007486289]",1,-1
273,[0.2602982  0.83879764],0,12,"[0.3169063637449832, 0.8033325636066986]",1,-1
274,[0.23985788 0.78668087],0,24,"[0.2219823769694232, 0.7523883708842017]",1,-1
275,[0.3583327  0.81932031],0,12,"[0.3169063637449832, 0.8033325636066986]",1,-1
276,[0.20968666 0.7624959 ],0,24,"[0.2219823769694232, 0.7523883708842017]",1,-1
277,[0.11744139 0.73981366],0,33,"[0.14360528745911366, 0.7361289007486289]",1,-1
278,[0.15360782 0.76426514],0,33,"[0.14360528745911366, 0.7361289007486289]",1,-1
279,[0.23352513 0.77189866],0,24,"[0.2219823769694232, 0.7523883708842017]",1,-1
280,[0.16811547 0.73504758],0,33,"[0.14360528745911366, 0.7361289007486289]",1,-1
281,[0.16000557 0.82077928],0,38,"[0.1833808871148498, 0.824806751753795]",1,-1
282,[0.15062645 0.83762086],0,38,"[0.1833808871148498, 0.824806751753795]",1,-1
283,[0.18760608 0.82039332],0,38,"[0.1833808871148498, 0.824806751753795]",1,-1
284,[0.27816273 0.75982495],0,24,"[0.2219823769694232, 0.7523883708842017]",1,-1
285,[0.24760136 0.79992806],0,24,"[0.2219823769694232, 0.7523883708842017]",1,-1
286,[0.13008379 0.77936133],0,33,"[0.14360528745911366, 0.7361289007486289]",1,-1
287,[0.09618418 0.75245948],0,33,"[0.14360528745911366, 0.7361289007486289]",1,-1
288,[0.25667704 0.75416923],0,24,"[0.2219823769694232, 0.7523883708842017]",1,-1
289,[0.15063818 0.7181465 ],0,33,"[0.14360528745911366, 0.7361289007486289]",1,-1
290,[0.1373849  0.67565063],0,20,"[0.18632471116193938, 0.6470504651095214]",1,-1
291,[0.1341715 0.769752 ],0,33,"[0.14360528745911366, 0.7361289007486289]",1,-1
292,[0.09510842 0.67449512],0,-1,-1,1,-1
293,[0.28622356 0.70915628],0,8,"[0.26852263019242567, 0.6890353589332484]",1,-1
294,[0.20045419 0.75724156],0,24,"[0.2219823769694232, 0.7523883708842017]",1,-1
295,[0.14067476 0.71333729],0,33,"[0.14360528745911366, 0.7361289007486289]",1,-1
296,[0.17595647 0.67953883],0,20,"[0.18632471116193938, 0.6470504651095214]",1,-1
297,[0.18247536 0.81925744],0,38,"[0.1833808871148498, 0.824806751753795]",1,-1
298,[0.15689879 0.79004541],0,38,"[0.1833808871148498, 0.824806751753795]",1,-1
299,[0.15107838 0.66967576],0,20,"[0.18632471116193938, 0.6470504651095214]",1,-1
300,[0.13403454 0.73380819],0,33,"[0.14360528745911366, 0.7361289007486289]",1,-1
301,[0.17477801 0.77138814],0,33,"[0.14360528745911366, 0.7361289007486289]",1,-1
302,[0.25805987 0.8399952 ],0,12,"[0.3169063637449832, 0.8033325636066986]",1,-1
303,[0.20441246 0.8327836 ],0,38,"[0.1833808871148498, 0.824806751753795]",1,-1
304,[0.2087884 0.6259673],0,20,"[0.18632471116193938, 0.6470504651095214]",1,-1
305,[0.17400726 0.82521899],0,38,"[0.1833808871148498, 0.824806751753795]",1,-1
306,[0.14124936 0.78027317],0,33,"[0.14360528745911366, 0.7361289007486289]",1,-1
307,[0.19078622 0.83071007],0,38,"[0.1833808871148498, 0.824806751753795]",1,-1
308,[0.21738015 0.69700967],0,8,"[0.26852263019242567, 0.6890353589332484]",1,-1
309,[0.13525157 0.7642563 ],0,33,"[0.14360528745911366, 0.7361289007486289]",1,-1
310,[0.14122929 0.67586043],0,20,"[0.18632471116193938, 0.6470504651095214]",1,-1
311,[0.17625141 0.76510033],0,33,"[0.14360528745911366, 0.7361289007486289]",1,-1
312,[0.1408396  0.79802036],0,38,"[0.1833808871148498, 0.824806751753795]",1,-1
313,[0.11105512 0.78032639],0,33,"[0.14360528745911366, 0.7361289007486289]",1,-1
314,[0.17084782 0.66825862],0,20,"[0.18632471116193938, 0.6470504651095214]",1,-1
315,[0.23664356 0.76128375],0,24,"[0.2219823769694232, 0.7523883708842017]",1,-1
316,[0.09468903 0.71175132],0,33,"[0.14360528745911366, 0.7361289007486289]",1,-1
317,[0.2664272  0.74810757],0,24,"[0.2219823769694232, 0.7523883708842017]",1,-1
318,[0.15897932 0.81892853],0,38,"[0.1833808871148498, 0.824806751753795]",1,-1
319,[0.22620261 0.77952756],0,24,"[0.2219823769694232, 0.7523883708842017]",1,-1
320,[0.19871851 0.79290018],0,38,"[0.1833808871148498, 0.824806751753795]",1,-1
321,[0.13681836 0.78634092],0,33,"[0.14360528745911366, 0.7361289007486289]",1,-1
322,[0.13484865 0.78734245],0,33,"[0.14360528745911366, 0.7361289007486289]",1,-1
323,[0.21130551 0.77589005],0,24,"[0.2219823769694232, 0.7523883708842017]",1,-1
324,[0.19453436 0.76388462],0,24,"[0.2219823769694232, 0.7523883708842017]",1,-1
325,[0.22937281 0.81074294],0,38,"[0.1833808871148498, 0.824806751753795]",1,-1
326,[0.22319186 0.73661588],0,24,"[0.2219823769694232, 0.7523883708842017]",1,14
327,[0.1681028  0.68918961],0,20,"[0.18632471116193938, 0.6470504651095214]",1,-1
328,[0.24232774 0.88271152],0,-1,-1,1,-1
329,[0.1467567 0.8063845],0,38,"[0.1833808871148498, 0.824806751753795]",1,-1
330,[0.12578084 0.72696193],0,33,"[0.14360528745911366, 0.7361289007486289]",1,-1
331,[0.15482068 0.78431651],0,33,"[0.14360528745911366, 0.7361289007486289]",1,-1
332,[0.28858602 0.75886015],0,12,"[0.3169063637449832, 0.8033325636066986]",1,-1
333,[0.17764679 0.79729837],0,38,"[0.1833808871148498, 0.824806751753795]",1,-1
334,[0.21046932 0.7134503 ],0,24,"[0.2219823769694232, 0.7523883708842017]",1,14
335,[0.37284614 0.76051983],0,47,"[0.4308417820697566, 0.7426361553548808]",1,-1
336,[0.19835368 0.72279432],0,24,"[0.2219823769694232, 0.7523883708842017]",1,-1
337,[0.10606388 0.7279544 ],0,33,"[0.14360528745911366, 0.7361289007486289]",1,-1
338,[0.16994708 0.78503975],0,38,"[0.1833808871148498, 0.824806751753795]",1,-1
339,[0.11442603 0.65598069],0,-1,-1,1,-1
340,[0.22963074 0.74800304],0,24,"[0.2219823769694232, 0.7523883708842017]",1,-1
341,[0.15970814 0.82210406],0,38,"[0.1833808871148498, 0.824806751753795]",1,-1
342,[0.1366649  0.83362065],0,38,"[0.1833808871148498, 0.824806751753795]",1,-1
343,[0.16733356 0.73715752],0,33,"[0.14360528745911366, 0.7361289007486289]",1,-1
344,[0.06187524 0.73528647],0,-1,-1,1,-1
345,[0.2271423  0.73712958],0,24,"[0.2219823769694232, 0.7523883708842017]",1,14
346,[0.17473457 0.78335717],0,38,"[0.1833808871148498, 0.824806751753795]",1,-1
347,[0.19228023 0.72372211],0,24,"[0.2219823769694232, 0.7523883708842017]",1,-1
348,[0.139336   0.69401522],0,33,"[0.14360528745911366, 0.7361289007486289]",1,-1
349,[0.11557624 0.72485438],0,33,"[0.14360528745911366, 0.7361289007486289]",1,-1
350,[0.22646983 0.7384551 ],0,24,"[0.2219823769694232, 0.7523883708842017]",1,14
351,[0.2136396  0.78097443],0,24,"[0.2219823769694232, 0.7523883708842017]",1,-1
352,[0.22477046 0.71100994],0,24,"[0.2219823769694232, 0.7523883708842017]",1,-1
353,[0.21168139 0.76810063],0,24,"[0.2219823769694232, 0.7523883708842017]",1,-1
354,[0.2532946  0.72378978],0,8,"[0.26852263019242567, 0.6890353589332484]",1,19
355,[0.08839649 0.81204149],0,-1,-1,1,-1
356,[0.09839    0.81404993],0,-1,-1,1,-1
357,[0.21016615 0.71437647],0,24,"[0.2219823769694232, 0.7523883708842017]",1,14
358,[0.18874105 0.73550057],0,24,"[0.2219823769694232, 0.7523883708842017]",1,-1
359,[0.28473363 0.75198721],0,12,"[0.3169063637449832, 0.8033325636066986]",1,-1
360,[0.15123453 0.6965825 ],0,33,"[0.14360528745911366, 0.7361289007486289]",1,-1
361,[0.20266483 0.72845672],0,24,"[0.2219823769694232, 0.7523883708842017]",1,-1
362,[0.2015591  0.82858323],0,38,"[0.1833808871148498, 0.824806751753795]",1,-1
363,[0.29470794 0.79125743],0,12,"[0.3169063637449832, 0.8033325636066986]",1,-1
364,[0.29487892 0.8049034 ],0,12,"[0.3169063637449832, 0.8033325636066986]",1,-1
365,[0.1891856  0.69512076],0,20,"[0.18632471116193938, 0.6470504651095214]",1,-1
366,[0.21572523 0.78060294],0,24,"[0.2219823769694232, 0.7523883708842017]",1,-1
367,[0.26563227 0.69712035],0,8,"[0.26852263019242567, 0.6890353589332484]",1,-1
368,[0.26485855 0.78259148],0,24,"[0.2219823769694232, 0.7523883708842017]",1,-1
369,[0.16784442 0.75197835],0,33,"[0.14360528745911366, 0.7361289007486289]",1,-1
370,[0.09676531 0.69015703],0,33,"[0.14360528745911366, 0.7361289007486289]",1,-1
371,[0.20454666 0.80124141],0,38,"[0.1833808871148498, 0.824806751753795]",1,-1
372,[0.17859716 0.86853258],0,38,"[0.1833808871148498, 0.824806751753795]",1,-1
373,[0.21785704 0.81994902],0,38,"[0.1833808871148498, 0.824806751753795]",1,-1
374,[0.22153852 0.78963276],0,24,"[0.2219823769694232, 0.7523883708842017]",1,-1
375,[0.14190375 0.80437265],0,38,"[0.1833808871148498, 0.824806751753795]",1,-1
376,[0.1793098  0.85171758],0,38,"[0.1833808871148498, 0.824806751753795]",1,-1
377,[0.25362013 0.81984772],0,12,"[0.3169063637449832, 0.8033325636066986]",1,-1
378,[0.17510674 0.73215881],0,33,"[0.14360528745911366, 0.7361289007486289]",1,-1
379,[0.27260758 0.67265365],0,8,"[0.26852263019242567, 0.6890353589332484]",1,-1
380,[0.2524265  0.82378591],0,12,"[0.3169063637449832, 0.8033325636066986]",1,-1
381,[0.31522035 0.84255606],0,12,"[0.3169063637449832, 0.8033325636066986]",1,-1
382,[0.17751936 0.80677191],0,38,"[0.1833808871148498, 0.824806751753795]",1,-1
383,[0.03993854 0.75495804],0,-1,-1,-1,-1
384,[0.22681093 0.79459177],0,24,"[0.2219823769694232, 0.7523883708842017]",1,-1
385,[0.1786898  0.82191788],0,38,"[0.1833808871148498, 0.824806751753795]",1,-1
386,[0.15882149 0.66390596],0,20,"[0.18632471116193938, 0.6470504651095214]",1,-1
387,[0.22530912 0.86802795],0,38,"[0.1833808871148498, 0.824806751753795]",1,-1
388,[0.22494544 0.7307794 ],0,24,"[0.2219823769694232, 0.7523883708842017]",1,14
389,[0.27521019 0.75567035],0,24,"[0.2219823769694232, 0.7523883708842017]",1,-1
390,[0.20286371 0.71180269],0,24,"[0.2219823769694232, 0.7523883708842017]",1,-1
391,[0.21838059 0.75965084],0,24,"[0.2219823769694232, 0.7523883708842017]",1,-1
392,[0.25070394 0.84791577],0,-1,-1,1,-1
393,[0.25581746 0.70997094],0,8,"[0.26852263019242567, 0.6890353589332484]",1,-1
394,[0.18216473 0.7739412 ],0,24,"[0.2219823769694232, 0.7523883708842017]",1,-1
395,[0.19892852 0.74079913],0,24,"[0.2219823769694232, 0.7523883708842017]",1,-1
396,[0.20412946 0.82087089],0,38,"[0.1833808871148498, 0.824806751753795]",1,-1
397,[0.21778569 0.74018605],0,24,"[0.2219823769694232, 0.7523883708842017]",1,-1
398,[0.19241535 0.77528425],0,24,"[0.2219823769694232, 0.7523883708842017]",1,-1
399,[0.15768623 0.7640916 ],0,33,"[0.14360528745911366, 0.7361289007486289]",1,-1
400,[0.05414881 0.77474923],0,-1,-1,-1,-1
401,[0.14196402 0.81703914],0,38,"[0.1833808871148498, 0.824806751753795]",1,-1
402,[0.26411606 0.84575797],0,12,"[0.3169063637449832, 0.8033325636066986]",1,-1
403,[0.12662113 0.82098993],0,38,"[0.1833808871148498, 0.824806751753795]",1,-1
404,[0.23896632 0.8097342 ],0,38,"[0.1833808871148498, 0.824806751753795]",1,-1
405,[0.18695937 0.78906375],0,38,"[0.1833808871148498, 0.824806751753795]",1,-1
406,[0.06486716 0.70513285],0,-1,-1,1,-1
407,[0.20658102 0.65000194],0,20,"[0.18632471116193938, 0.6470504651095214]",1,-1
408,[0.15686576 0.70774217],0,33,"[0.14360528745911366, 0.7361289007486289]",1,-1
409,[0.14233172 0.8551943 ],0,38,"[0.1833808871148498, 0.824806751753795]",1,-1
410,[0.10762756 0.79996712],0,-1,-1,1,-1
411,[0.21114608 0.70933981],0,24,"[0.2219823769694232, 0.7523883708842017]",1,14
412,[0.19376969 0.82984994],0,38,"[0.1833808871148498, 0.824806751753795]",1,-1
413,[0.2400631  0.81088703],0,38,"[0.1833808871148498, 0.824806751753795]",1,-1
414,[0.2115465  0.84184521],0,38,"[0.1833808871148498, 0.824806751753795]",1,-1
415,[0.22108755 0.79074061],0,24,"[0.2219823769694232, 0.7523883708842017]",1,-1
416,[0.28853719 0.77185127],0,12,"[0.3169063637449832, 0.8033325636066986]",1,-1
417,[0.21534327 0.75734879],0,24,"[0.2219823769694232, 0.7523883708842017]",1,14
418,[0.24592967 0.77913917],0,24,"[0.2219823769694232, 0.7523883708842017]",1,-1
419,[0.21200625 0.80260657],0,38,"[0.1833808871148498, 0.824806751753795]",1,-1
420,[0.18376964 0.78706923],0,38,"[0.1833808871148498, 0.824806751753795]",1,-1
421,[0.1555286  0.77581968],0,33,"[0.14360528745911366, 0.7361289007486289]",1,-1
422,[0.19428082 0.81110062],0,38,"[0.1833808871148498, 0.824806751753795]",1,-1
423,[0.17851857 0.75446396],0,33,"[0.14360528745911366, 0.7361289007486289]",1,-1
424,[0.18328786 0.84364933],0,38,"[0.1833808871148498, 0.824806751753795]",1,-1
425,[0.22015389 0.76038957],0,24,"[0.2219823769694232, 0.7523883708842017]",1,-1
426,[0.19493423 0.71065182],0,24,"[0.2219823769694232, 0.7523883708842017]",1,-1
427,[0.1679316  0.78234397],0,38,"[0.1833808871148498, 0.824806751753795]",1,-1
428,[0.17985169 0.84060253],0,38,"[0.1833808871148498, 0.824806751753795]",1,-1
429,[0.18930463 0.88225794],0,38,"[0.1833808871148498, 0.824806751753795]",1,-1
430,[0.21231267 0.74443151],0,24,"[0.2219823769694232, 0.7523883708842017]",1,-1
431,[0.1824753  0.67270414],0,20,"[0.18632471116193938, 0.6470504651095214]",1,-1
432,[0.18283545 0.8324477 ],0,38,"[0.1833808871148498, 0.824806751753795]",1,-1
433,[0.21565244 0.76928767],0,24,"[0.2219823769694232, 0.7523883708842017]",1,-1
434,[0.16040007 0.79585069],0,38,"[0.1833808871148498, 0.824806751753795]",1,-1
435,[0.24358952 0.75027853],0,24,"[0.2219823769694232, 0.7523883708842017]",1,-1
436,[0.16896225 0.72359172],0,33,"[0.14360528745911366, 0.7361289007486289]",1,-1
437,[0.18874746 0.7381913 ],0,24,"[0.2219823769694232, 0.7523883708842017]",1,-1
438,[0.1277693  0.68690161],0,33,"[0.14360528745911366, 0.7361289007486289]",1,-1
439,[0.25012558 0.81900372],0,38,"[0.1833808871148498, 0.824806751753795]",1,-1
440,[0.26376503 0.68942313],0,8,"[0.26852263019242567, 0.6890353589332484]",1,-1
441,[0.25855163 0.8268337 ],0,12,"[0.3169063637449832, 0.8033325636066986]",1,-1
442,[0.15528211 0.72217387],0,33,"[0.14360528745911366, 0.7361289007486289]",1,-1
443,[0.1828278  0.71314895],0,33,"[0.14360528745911366, 0.7361289007486289]",1,-1
444,[0.19766609 0.71909342],0,24,"[0.2219823769694232, 0.7523883708842017]",1,-1
445,[0.12542435 0.75751102],0,33,"[0.14360528745911366, 0.7361289007486289]",1,-1
446,[0.22645269 0.78718864],0,24,"[0.2219823769694232, 0.7523883708842017]",1,-1
447,[0.18355288 0.81850371],0,38,"[0.1833808871148498, 0.824806751753795]",1,-1
448,[0.15774563 0.72384025],0,33,"[0.14360528745911366, 0.7361289007486289]",1,-1
449,[0.20511117 0.7771811 ],0,24,"[0.2219823769694232, 0.7523883708842017]",1,-1
450,[0.2086031  0.67420651],0,20,"[0.18632471116193938, 0.6470504651095214]",1,-1
451,[0.18019372 0.83304241],0,38,"[0.1833808871148498, 0.824806751753795]",1,-1
452,[0.24937649 0.81155595],0,24,"[0.2219823769694232, 0.7523883708842017]",1,-1
453,[0.29522865 0.77912797],0,12,"[0.3169063637449832, 0.8033325636066986]",1,-1
454,[0.10606191 0.77827318],0,33,"[0.14360528745911366, 0.7361289007486289]",1,-1
455,[0.23029145 0.7981196 ],0,24,"[0.2219823769694232, 0.7523883708842017]",1,-1
456,[0.07911158 0.79986876],0,-1,-1,1,-1
457,[0.05810589 0.8010896 ],0,-1,-1,-1,-1
458,[0.22722169 0.82578978],0,38,"[0.1833808871148498, 0.824806751753795]",1,-1
459,[0.2100687  0.69586954],0,20,"[0.18632471116193938, 0.6470504651095214]",1,13
460,[0.10647512 0.77858374],0,33,"[0.14360528745911366, 0.7361289007486289]",1,-1
461,[0.17839077 0.8015019 ],0,38,"[0.1833808871148498, 0.824806751753795]",1,-1
462,[0.12854509 0.81078492],0,38,"[0.1833808871148498, 0.824806751753795]",1,-1
463,[0.21153226 0.78020779],0,24,"[0.2219823769694232, 0.7523883708842017]",1,-1
464,[0.09491503 0.74821854],0,33,"[0.14360528745911366, 0.7361289007486289]",1,-1
465,[0.15805259 0.64507201],0,20,"[0.18632471116193938, 0.6470504651095214]",1,-1
466,[0.22791421 0.74148523],0,24,"[0.2219823769694232, 0.7523883708842017]",1,14
467,[0.25822159 0.785321  ],0,24,"[0.2219823769694232, 0.7523883708842017]",1,-1
468,[0.20538944 0.8512566 ],0,38,"[0.1833808871148498, 0.824806751753795]",1,-1
469,[0.15760574 0.75174221],0,33,"[0.14360528745911366, 0.7361289007486289]",1,-1
470,[0.1160216  0.78587471],0,33,"[0.14360528745911366, 0.7361289007486289]",1,-1
471,[0.09343662 0.75243285],0,33,"[0.14360528745911366, 0.7361289007486289]",1,-1
472,[0.16712282 0.73662514],0,33,"[0.14360528745911366, 0.7361289007486289]",1,-1
473,[0.21658237 0.74334452],0,24,"[0.2219823769694232, 0.7523883708842017]",1,-1
474,[0.27785703 0.84915459],0,12,"[0.3169063637449832, 0.8033325636066986]",1,-1
475,[0.29423848 0.73030105],0,8,"[0.26852263019242567, 0.6890353589332484]",1,-1
476,[0.23202551 0.84356854],0,38,"[0.1833808871148498, 0.824806751753795]",1,-1
477,[0.19443633 0.69719824],0,20,"[0.18632471116193938, 0.6470504651095214]",1,13
478,[0.17265228 0.77978043],0,38,"[0.1833808871148498, 0.824806751753795]",1,-1
479,[0.24038229 0.58954332],0,40,"[0.24325605379412626, 0.6063462149687255]",1,-1
480,[0.10601012 0.76207644],0,33,"[0.14360528745911366, 0.7361289007486289]",1,-1
481,[0.18624774 0.82334616],0,38,"[0.1833808871148498, 0.824806751753795]",1,-1
482,[0.22686151 0.77080148],0,24,"[0.2219823769694232, 0.7523883708842017]",1,-1
483,[0.2248355  0.72698102],0,24,"[0.2219823769694232, 0.7523883708842017]",1,14
484,[0.19589863 0.85586288],0,38,"[0.1833808871148498, 0.824806751753795]",1,-1
485,[0.16958057 0.85299718],0,38,"[0.1833808871148498, 0.824806751753795]",1,-1
486,[0.18325918 0.80134332],0,38,"[0.1833808871148498, 0.824806751753795]",1,-1
487,[0.25235838 0.75551304],0,24,"[0.2219823769694232, 0.7523883708842017]",1,-1
488,[0.17918764 0.70729601],0,33,"[0.14360528745911366, 0.7361289007486289]",1,-1
489,[0.24228248 0.73400085],0,24,"[0.2219823769694232, 0.7523883708842017]",1,-1
490,[0.06156038 0.67897404],0,-1,-1,-1,-1
491,[0.21110359 0.64707424],0,20,"[0.18632471116193938, 0.6470504651095214]",1,-1
492,[0.18341429 0.65592106],0,20,"[0.18632471116193938, 0.6470504651095214]",1,-1
493,[0.20919879 0.76577167],0,24,"[0.2219823769694232, 0.7523883708842017]",1,-1
494,[0.17138813 0.68016235],0,20,"[0.18632471116193938, 0.6470504651095214]",1,-1
495,[0.23960458 0.81895307],0,38,"[0.1833808871148498, 0.824806751753795]",1,-1
496,[0.26116848 0.7697888 ],0,24,"[0.2219823769694232, 0.7523883708842017]",1,-1
497,[0.13309808 0.82988442],0,38,"[0.1833808871148498, 0.824806751753795]",1,-1
498,[0.10493149 0.76487787],0,33,"[0.14360528745911366, 0.7361289007486289]",1,-1
499,[0.20410225 0.78364214],0,24,"[0.2219823769694232, 0.7523883708842017]",1,-1
500,[0.23098236 0.83043703],0,38,"[0.1833808871148498, 0.824806751753795]",1,-1
501,[0.24953909 0.80070622],0,24,"[0.2219823769694232, 0.7523883708842017]",1,-1
502,[0.21498693 0.77484316],0,24,"[0.2219823769694232, 0.7523883708842017]",1,-1
503,[0.19840657 0.81060399],0,38,"[0.1833808871148498, 0.824806751753795]",1,-1
504,[0.15457517 0.67532255],0,20,"[0.18632471116193938, 0.6470504651095214]",1,-1
505,[0.22394446 0.83735351],0,38,"[0.1833808871148498, 0.824806751753795]",1,-1
506,[0.26152485 0.65756862],0,8,"[0.26852263019242567, 0.6890353589332484]",1,-1
507,[0.22982809 0.77787394],0,24,"[0.2219823769694232, 0.7523883708842017]",1,-1
508,[0.12992443 0.88268738],0,-1,-1,1,-1
509,[0.21611693 0.84811872],0,38,"[0.1833808871148498, 0.824806751753795]",1,-1
510,[0.16253074 0.8133139 ],0,38,"[0.1833808871148498, 0.824806751753795]",1,-1
511,[0.26304895 0.71196264],0,8,"[0.26852263019242567, 0.6890353589332484]",1,-1
512,[0.14086554 0.62577971],0,20,"[0.18632471116193938, 0.6470504651095214]",1,-1
513,[0.13328694 0.84935906],0,38,"[0.1833808871148498, 0.824806751753795]",1,-1
514,[0.2164957  0.75615354],0,24,"[0.2219823769694232, 0.7523883708842017]",1,14
515,[0.13631387 0.72315615],0,33,"[0.14360528745911366, 0.7361289007486289]",1,-1
516,[0.28485247 0.71336787],0,8,"[0.26852263019242567, 0.6890353589332484]",1,-1
517,[0.16864533 0.76681095],0,33,"[0.14360528745911366, 0.7361289007486289]",1,-1
518,[0.1468564  0.74195354],0,33,"[0.14360528745911366, 0.7361289007486289]",1,-1
519,[0.21009901 0.75911679],0,24,"[0.2219823769694232, 0.7523883708842017]",1,-1
520,[0.1743711  0.79499586],0,38,"[0.1833808871148498, 0.824806751753795]",1,-1
521,[0.21205955 0.74411332],0,24,"[0.2219823769694232, 0.7523883708842017]",1,-1
522,[0.21838462 0.79603595],0,24,"[0.2219823769694232, 0.7523883708842017]",1,-1
523,[0.12752434 0.79049169],0,33,"[0.14360528745911366, 0.7361289007486289]",1,-1
524,[0.14213665 0.88531764],0,-1,-1,1,-1
525,[0.13777143 0.65552924],0,20,"[0.18632471116193938, 0.6470504651095214]",1,-1
526,[0.14489107 0.73971357],0,33,"[0.14360528745911366, 0.7361289007486289]",1,-1
527,[0.1796091  0.65776317],0,20,"[0.18632471116193938, 0.6470504651095214]",1,-1
528,[0.21285918 0.81579797],0,38,"[0.1833808871148498, 0.824806751753795]",1,-1
529,[0.20445946 0.73641326],0,24,"[0.2219823769694232, 0.7523883708842017]",1,-1
530,[0.15096117 0.73730009],0,33,"[0.14360528745911366, 0.7361289007486289]",1,-1
531,[0.14645851 0.79119406],0,38,"[0.1833808871148498, 0.824806751753795]",1,-1
532,[0.20180849 0.77750706],0,24,"[0.2219823769694232, 0.7523883708842017]",1,-1
533,[0.2190028  0.70674865],0,24,"[0.2219823769694232, 0.7523883708842017]",1,14
534,[0.12853735 0.80443036],0,38,"[0.1833808871148498, 0.824806751753795]",1,-1
535,[0.13673678 0.70294104],0,33,"[0.14360528745911366, 0.7361289007486289]",1,-1
536,[0.22821918 0.77152857],0,24,"[0.2219823769694232, 0.7523883708842017]",1,-1
537,[0.18304857 0.74686774],0,24,"[0.2219823769694232, 0.7523883708842017]",1,-1
538,[0.32653194 0.78290924],0,12,"[0.3169063637449832, 0.8033325636066986]",1,-1
539,[0.21982371 0.79363412],0,24,"[0.2219823769694232, 0.7523883708842017]",1,-1
540,[0.15212985 0.78064932],0,33,"[0.14360528745911366, 0.7361289007486289]",1,-1
541,[0.1756802  0.71881554],0,33,"[0.14360528745911366, 0.7361289007486289]",1,-1
542,[0.19137918 0.85015237],0,38,"[0.1833808871148498, 0.824806751753795]",1,-1
543,[0.15126187 0.8798614 ],0,38,"[0.1833808871148498, 0.824806751753795]",-1,-1
544,[0.13758484 0.659059  ],0,20,"[0.18632471116193938, 0.6470504651095214]",1,-1
545,[0.18573005 0.70392957],0,33,"[0.14360528745911366, 0.7361289007486289]",1,-1
546,[0.167878   0.72572064],0,33,"[0.14360528745911366, 0.7361289007486289]",1,-1
547,[0.14139662 0.75431776],0,33,"[0.14360528745911366, 0.7361289007486289]",1,-1
548,[0.18526499 0.80257183],0,38,"[0.1833808871148498, 0.824806751753795]",1,-1
549,[0.11102599 0.77537741],0,33,"[0.14360528745911366, 0.7361289007486289]",1,-1
550,[0.15516863 0.77487382],0,33,"[0.14360528745911366, 0.7361289007486289]",1,-1
551,[0.26822553 0.75711861],0,24,"[0.2219823769694232, 0.7523883708842017]",1,-1
552,[0.23975703 0.76319597],0,24,"[0.2219823769694232, 0.7523883708842017]",1,-1
553,[0.12882144 0.87480063],0,-1,-1,1,-1
554,[0.185763   0.82859193],0,38,"[0.1833808871148498, 0.824806751753795]",1,-1
555,[0.16475192 0.77503644],0,33,"[0.14360528745911366, 0.7361289007486289]",1,-1
556,[0.18191624 0.87820998],0,38,"[0.1833808871148498, 0.824806751753795]",1,-1
557,[0.14259329 0.74744995],0,33,"[0.14360528745911366, 0.7361289007486289]",1,-1
558,[0.24068941 0.79436114],0,24,"[0.2219823769694232, 0.7523883708842017]",1,-1
559,[0.2144093  0.77875972],0,24,"[0.2219823769694232, 0.7523883708842017]",1,-1
560,[0.21192754 0.74119952],0,24,"[0.2219823769694232, 0.7523883708842017]",1,-1
561,[0.15575654 0.76799471],0,33,"[0.14360528745911366, 0.7361289007486289]",1,-1
562,[0.21687804 0.80391214],0,38,"[0.1833808871148498, 0.824806751753795]",1,-1
563,[0.239624  0.7962119],0,24,"[0.2219823769694232, 0.7523883708842017]",1,-1
564,[0.16432506 0.78211907],0,38,"[0.1833808871148498, 0.824806751753795]",1,-1
565,[0.18158616 0.85552534],0,38,"[0.1833808871148498, 0.824806751753795]",1,-1
566,[0.19261523 0.73303835],0,24,"[0.2219823769694232, 0.7523883708842017]",1,-1
567,[0.20720155 0.76310259],0,24,"[0.2219823769694232, 0.7523883708842017]",1,-1
568,[0.17767232 0.83886755],0,38,"[0.1833808871148498, 0.824806751753795]",1,-1
569,[0.12316538 0.76202838],0,33,"[0.14360528745911366, 0.7361289007486289]",1,-1
570,[0.12353713 0.90127904],0,-1,-1,-1,-1
571,[0.22140701 0.77283374],0,24,"[0.2219823769694232, 0.7523883708842017]",1,-1
572,[0.10340804 0.75381161],0,33,"[0.14360528745911366, 0.7361289007486289]",1,-1
573,[0.1878089  0.80790083],0,38,"[0.1833808871148498, 0.824806751753795]",1,-1
574,[0.17276685 0.71380763],0,33,"[0.14360528745911366, 0.7361289007486289]",1,-1
575,[0.13762195 0.80724701],0,38,"[0.1833808871148498, 0.824806751753795]",1,-1
576,[0.24487816 0.72386712],0,24,"[0.2219823769694232, 0.7523883708842017]",1,-1
577,[0.21818299 0.75050535],0,24,"[0.2219823769694232, 0.7523883708842017]",1,-1
578,[0.2196809  0.82641825],0,38,"[0.1833808871148498, 0.824806751753795]",1,-1
579,[0.10643921 0.79324627],0,33,"[0.14360528745911366, 0.7361289007486289]",1,-1
580,[0.24900533 0.73098497],0,24,"[0.2219823769694232, 0.7523883708842017]",1,-1
581,[0.17406453 0.68640456],0,20,"[0.18632471116193938, 0.6470504651095214]",1,-1
582,[0.15559118 0.82234228],0,38,"[0.1833808871148498, 0.824806751753795]",1,-1
583,[0.15096011 0.75910828],0,33,"[0.14360528745911366, 0.7361289007486289]",1,-1
584,[0.22361136 0.76823798],0,24,"[0.2219823769694232, 0.7523883708842017]",1,-1
585,[0.13970019 0.73964152],0,33,"[0.14360528745911366, 0.7361289007486289]",1,-1
586,[0.21462057 0.8203986 ],0,38,"[0.1833808871148498, 0.824806751753795]",1,-1
587,[0.30014446 0.80262911],0,12,"[0.3169063637449832, 0.8033325636066986]",1,-1
588,[0.22161308 0.76114276],0,24,"[0.2219823769694232, 0.7523883708842017]",1,-1
589,[0.17196759 0.73881702],0,33,"[0.14360528745911366, 0.7361289007486289]",1,-1
590,[0.23396168 0.78512318],0,24,"[0.2219823769694232, 0.7523883708842017]",1,-1
591,[0.21582251 0.78381792],0,24,"[0.2219823769694232, 0.7523883708842017]",1,-1
592,[0.16105763 0.65259193],0,20,"[0.18632471116193938, 0.6470504651095214]",1,-1
593,[0.23674256 0.79651999],0,24,"[0.2219823769694232, 0.7523883708842017]",1,-1
594,[0.25236342 0.72773213],0,24,"[0.2219823769694232, 0.7523883708842017]",1,19
595,[0.22206012 0.81996101],0,38,"[0.1833808871148498, 0.824806751753795]",1,-1
596,[0.17048043 0.77206799],0,33,"[0.14360528745911366, 0.7361289007486289]",1,-1
597,[0.21006435 0.78026181],0,24,"[0.2219823769694232, 0.7523883708842017]",1,-1
598,[0.21500658 0.75713107],0,24,"[0.2219823769694232, 0.7523883708842017]",1,14
599,[0.2111337  0.76722706],0,24,"[0.2219823769694232, 0.7523883708842017]",1,-1
600,[0.14733831 0.66151477],0,20,"[0.18632471116193938, 0.6470504651095214]",1,-1
601,[0.16238888 0.7754913 ],0,33,"[0.14360528745911366, 0.7361289007486289]",1,-1
602,[0.13115824 0.78279452],0,33,"[0.14360528745911366, 0.7361289007486289]",1,-1
603,[0.1377856  0.83463235],0,38,"[0.1833808871148498, 0.824806751753795]",1,-1
604,[0.20242216 0.79661736],0,38,"[0.1833808871148498, 0.824806751753795]",1,-1
605,[0.2315357  0.78051658],0,24,"[0.2219823769694232, 0.7523883708842017]",1,-1
606,[0.16980334 0.76319209],0,33,"[0.14360528745911366, 0.7361289007486289]",1,-1
607,[0.12927718 0.77958645],0,33,"[0.14360528745911366, 0.7361289007486289]",1,-1
608,[0.1482732  0.84056159],0,38,"[0.1833808871148498, 0.824806751753795]",1,-1
609,[0.15914732 0.67346275],0,20,"[0.18632471116193938, 0.6470504651095214]",1,-1
610,[0.19681488 0.71738018],0,24,"[0.2219823769694232, 0.7523883708842017]",1,-1
611,[0.17363234 0.78527102],0,38,"[0.1833808871148498, 0.824806751753795]",1,-1
612,[0.22633117 0.69177425],0,8,"[0.26852263019242567, 0.6890353589332484]",1,-1
613,[0.19640094 0.78238022],0,24,"[0.2219823769694232, 0.7523883708842017]",1,-1
614,[0.18023394 0.74422879],0,33,"[0.14360528745911366, 0.7361289007486289]",1,-1
615,[0.16122789 0.76499093],0,33,"[0.14360528745911366, 0.7361289007486289]",1,-1
616,[0.12789761 0.81490518],0,38,"[0.1833808871148498, 0.824806751753795]",1,-1
617,[0.10321632 0.83957282],0,-1,-1,1,-1
618,[0.15517197 0.70258442],0,33,"[0.14360528745911366, 0.7361289007486289]",1,-1
619,[0.21402019 0.69361591],0,20,"[0.18632471116193938, 0.6470504651095214]",1,-1
620,[0.17918175 0.78537139],0,38,"[0.1833808871148498, 0.824806751753795]",1,-1
621,[0.15405908 0.72416861],0,33,"[0.14360528745911366, 0.7361289007486289]",1,-1
622,[0.09872895 0.81083997],0,-1,-1,1,-1
623,[0.21303949 0.83930756],0,38,"[0.1833808871148498, 0.824806751753795]",1,-1
624,[0.18012919 0.81407391],0,38,"[0.1833808871148498, 0.824806751753795]",1,-1
625,[0.20812388 0.83740769],0,38,"[0.1833808871148498, 0.824806751753795]",1,-1
626,[0.16092367 0.80359147],0,38,"[0.1833808871148498, 0.824806751753795]",1,-1
627,[0.15759883 0.69123687],0,33,"[0.14360528745911366, 0.7361289007486289]",1,-1
628,[0.10172154 0.7811324 ],0,33,"[0.14360528745911366, 0.7361289007486289]",1,-1
629,[0.18016708 0.78699187],0,38,"[0.1833808871148498, 0.824806751753795]",1,-1
630,[0.21998855 0.67283394],0,20,"[0.18632471116193938, 0.6470504651095214]",1,-1
631,[0.25860489 0.76625618],0,24,"[0.2219823769694232, 0.7523883708842017]",1,-1
632,[0.16548739 0.75166761],0,33,"[0.14360528745911366, 0.7361289007486289]",1,-1
633,[0.18553919 0.76698537],0,24,"[0.2219823769694232, 0.7523883708842017]",1,-1
634,[0.12175918 0.74736541],0,33,"[0.14360528745911366, 0.7361289007486289]",1,-1
635,[0.19080992 0.93568091],0,-1,-1,-1,-1
636,[0.26323492 0.79214941],0,12,"[0.3169063637449832, 0.8033325636066986]",1,-1
637,[0.09521472 0.72879824],0,33,"[0.14360528745911366, 0.7361289007486289]",1,-1
638,[0.24723494 0.78939043],0,24,"[0.2219823769694232, 0.7523883708842017]",1,-1
639,[0.13164336 0.82594202],0,38,"[0.1833808871148498, 0.824806751753795]",1,-1
640,[0.18973049 0.70213353],0,20,"[0.18632471116193938, 0.6470504651095214]",1,-1
641,[0.19991807 0.72226321],0,24,"[0.2219823769694232, 0.7523883708842017]",1,-1
642,[0.11878934 0.7832973 ],0,33,"[0.14360528745911366, 0.7361289007486289]",1,-1
643,[0.17030004 0.80641975],0,38,"[0.1833808871148498, 0.824806751753795]",1,-1
644,[0.21091273 0.802504  ],0,38,"[0.1833808871148498, 0.824806751753795]",1,-1
645,[0.14425654 0.75556349],0,33,"[0.14360528745911366, 0.7361289007486289]",1,-1
646,[0.18288323 0.75100695],0,24,"[0.2219823769694232, 0.7523883708842017]",1,-1
647,[0.16940307 0.79689751],0,38,"[0.1833808871148498, 0.824806751753795]",1,-1
648,[0.29377015 0.73775587],0,8,"[0.26852263019242567, 0.6890353589332484]",1,-1
649,[0.12262525 0.78936639],0,33,"[0.14360528745911366, 0.7361289007486289]",1,-1
650,[0.20205462 0.7399438 ],0,24,"[0.2219823769694232, 0.7523883708842017]",1,-1
651,[0.16708745 0.83303149],0,38,"[0.1833808871148498, 0.824806751753795]",1,-1
652,[0.12849835 0.77027626],0,33,"[0.14360528745911366, 0.7361289007486289]",1,-1
653,[0.16366952 0.74563553],0,33,"[0.14360528745911366, 0.7361289007486289]",1,-1
654,[0.10709157 0.77252908],0,33,"[0.14360528745911366, 0.7361289007486289]",1,-1
655,[0.19019646 0.75929167],0,24,"[0.2219823769694232, 0.7523883708842017]",1,-1
656,[0.12462428 0.79287867],0,33,"[0.14360528745911366, 0.7361289007486289]",1,-1
657,[0.11915977 0.80900376],0,38,"[0.1833808871148498, 0.824806751753795]",1,-1
658,[0.11688392 0.8788844 ],0,-1,-1,-1,-1
659,[0.17746459 0.83246629],0,38,"[0.1833808871148498, 0.824806751753795]",1,-1
660,[0.12475142 0.7154035 ],0,33,"[0.14360528745911366, 0.7361289007486289]",1,-1
661,[0.17532875 0.68516684],0,20,"[0.18632471116193938, 0.6470504651095214]",1,-1
662,[0.18444291 0.7978795 ],0,38,"[0.1833808871148498, 0.824806751753795]",1,-1
663,[0.19759765 0.75227773],0,24,"[0.2219823769694232, 0.7523883708842017]",1,-1
664,[0.15081076 0.80352149],0,38,"[0.1833808871148498, 0.824806751753795]",1,-1
665,[0.17631033 0.823921  ],0,38,"[0.1833808871148498, 0.824806751753795]",1,-1
666,[0.201754   0.74211535],0,24,"[0.2219823769694232, 0.7523883708842017]",1,-1
667,[0.05936728 0.77503606],0,-1,-1,-1,-1
668,[0.19818522 0.69419221],0,20,"[0.18632471116193938, 0.6470504651095214]",1,13
669,[0.16431746 0.76017014],0,33,"[0.14360528745911366, 0.7361289007486289]",1,-1
670,[0.1832462  0.86654617],0,38,"[0.1833808871148498, 0.824806751753795]",1,-1
671,[0.13422799 0.76752613],0,33,"[0.14360528745911366, 0.7361289007486289]",1,-1
672,[0.22788201 0.71788586],0,24,"[0.2219823769694232, 0.7523883708842017]",1,-1
673,[0.22595146 0.74116318],0,24,"[0.2219823769694232, 0.7523883708842017]",1,14
674,[0.13680548 0.74775577],0,33,"[0.14360528745911366, 0.7361289007486289]",1,-1
675,[0.23686421 0.80487058],0,24,"[0.2219823769694232, 0.7523883708842017]",1,-1
676,[0.19649608 0.78120123],0,24,"[0.2219823769694232, 0.7523883708842017]",1,-1
677,[0.22642556 0.74835556],0,24,"[0.2219823769694232, 0.7523883708842017]",1,-1
678,[0.18196193 0.72330754],0,33,"[0.14360528745911366, 0.7361289007486289]",1,-1
679,[0.22580745 0.72539329],0,24,"[0.2219823769694232, 0.7523883708842017]",1,14
680,[0.27561541 0.75005324],0,24,"[0.2219823769694232, 0.7523883708842017]",1,-1
681,[0.16686108 0.75694154],0,33,"[0.14360528745911366, 0.7361289007486289]",1,-1
682,[0.16019066 0.68409335],0,20,"[0.18632471116193938, 0.6470504651095214]",1,-1
683,[0.12798874 0.75003077],0,33,"[0.14360528745911366, 0.7361289007486289]",1,-1
684,[0.15417589 0.75552678],0,33,"[0.14360528745911366, 0.7361289007486289]",1,-1
685,[0.14538448 0.82407897],0,38,"[0.1833808871148498, 0.824806751753795]",1,-1
686,[0.22347861 0.84188879],0,38,"[0.1833808871148498, 0.824806751753795]",1,-1
687,[0.21271488 0.70975629],0,24,"[0.2219823769694232, 0.7523883708842017]",1,14
688,[0.20659481 0.7918796 ],0,38,"[0.1833808871148498, 0.824806751753795]",1,-1
689,[0.05009203 0.74310757],0,-1,-1,1,-1
690,[0.25224403 0.72256271],0,8,"[0.26852263019242567, 0.6890353589332484]",1,-1
691,[0.24146467 0.77888099],0,24,"[0.2219823769694232, 0.7523883708842017]",1,-1
692,[0.15568219 0.81714263],0,38,"[0.1833808871148498, 0.824806751753795]",1,-1
693,[0.17822992 0.77651753],0,38,"[0.1833808871148498, 0.824806751753795]",1,-1
694,[0.16591205 0.75925632],0,33,"[0.14360528745911366, 0.7361289007486289]",1,-1
695,[0.20437673 0.81243451],0,38,"[0.1833808871148498, 0.824806751753795]",1,-1
696,[0.20504315 0.78606025],0,24,"[0.2219823769694232, 0.7523883708842017]",1,-1
697,[0.15326485 0.8246773 ],0,38,"[0.1833808871148498, 0.824806751753795]",1,-1
698,[0.2875722  0.75503315],0,12,"[0.3169063637449832, 0.8033325636066986]",1,-1
699,[0.17404722 0.76582111],0,33,"[0.14360528745911366, 0.7361289007486289]",1,-1
700,[0.16056248 0.76672242],0,33,"[0.14360528745911366, 0.7361289007486289]",1,-1
701,[0.1507921  0.74987672],0,33,"[0.14360528745911366, 0.7361289007486289]",1,-1
702,[0.22394719 0.74341822],0,24,"[0.2219823769694232, 0.7523883708842017]",1,14
703,[0.17536875 0.71776337],0,33,"[0.14360528745911366, 0.7361289007486289]",1,-1
704,[0.2149207  0.66833335],0,20,"[0.18632471116193938, 0.6470504651095214]",1,-1
705,[0.16946598 0.76577464],0,33,"[0.14360528745911366, 0.7361289007486289]",1,-1
706,[0.23619368 0.75687173],0,24,"[0.2219823769694232, 0.7523883708842017]",1,-1
707,[0.18733914 0.7035119 ],0,33,"[0.14360528745911366, 0.7361289007486289]",1,-1
708,[0.16800241 0.74447634],0,33,"[0.14360528745911366, 0.7361289007486289]",1,-1
709,[0.20836738 0.78229605],0,24,"[0.2219823769694232, 0.7523883708842017]",1,-1
710,[0.21004929 0.77883665],0,24,"[0.2219823769694232, 0.7523883708842017]",1,-1
711,[0.24609945 0.70295714],0,8,"[0.26852263019242567, 0.6890353589332484]",1,-1
712,[0.18634017 0.71439907],0,33,"[0.14360528745911366, 0.7361289007486289]",1,-1
713,[0.17422964 0.77117647],0,33,"[0.14360528745911366, 0.7361289007486289]",1,-1
714,[0.18798533 0.7494203 ],0,24,"[0.2219823769694232, 0.7523883708842017]",1,-1
715,[0.20326489 0.82264856],0,38,"[0.1833808871148498, 0.824806751753795]",1,-1
716,[0.08550025 0.84112085],0,-1,-1,1,-1
717,[0.15491015 0.68008623],0,20,"[0.18632471116193938, 0.6470504651095214]",1,-1
718,[0.11409909 0.75615437],0,33,"[0.14360528745911366, 0.7361289007486289]",1,-1
719,[0.19748553 0.77512792],0,24,"[0.2219823769694232, 0.7523883708842017]",1,-1
720,[0.09280079 0.78340194],0,33,"[0.14360528745911366, 0.7361289007486289]",1,-1
721,[0.1830302  0.75781884],0,24,"[0.2219823769694232, 0.7523883708842017]",1,-1
722,[0.20379828 0.72846732],0,24,"[0.2219823769694232, 0.7523883708842017]",1,-1
723,[0.1913121  0.74287591],0,24,"[0.2219823769694232, 0.7523883708842017]",1,-1
724,[0.18423979 0.69061694],0,20,"[0.18632471116193938, 0.6470504651095214]",1,-1
725,[0.11181611 0.72616519],0,33,"[0.14360528745911366, 0.7361289007486289]",1,-1
726,[0.17775165 0.74876096],0,33,"[0.14360528745911366, 0.7361289007486289]",1,-1
727,[0.12815252 0.82784654],0,38,"[0.1833808871148498, 0.824806751753795]",1,-1
728,[0.24347348 0.8254427 ],0,38,"[0.1833808871148498, 0.824806751753795]",1,-1
729,[0.3430267  0.75591366],0,12,"[0.3169063637449832, 0.8033325636066986]",1,-1
730,[0.20620259 0.82851208],0,38,"[0.1833808871148498, 0.824806751753795]",1,-1
731,[0.18085193 0.85160681],0,38,"[0.1833808871148498, 0.824806751753795]",1,-1
732,[0.22352667 0.69851407],0,8,"[0.26852263019242567, 0.6890353589332484]",1,-1
733,[0.17077664 0.81470927],0,38,"[0.1833808871148498, 0.824806751753795]",1,-1
734,[0.17281885 0.70693658],0,33,"[0.14360528745911366, 0.7361289007486289]",1,-1
735,[0.26837425 0.7265223 ],0,8,"[0.26852263019242567, 0.6890353589332484]",1,-1
736,[0.11833061 0.78294193],0,33,"[0.14360528745911366, 0.7361289007486289]",1,-1
737,[0.08060021 0.73561238],0,33,"[0.14360528745911366, 0.7361289007486289]",1,-1
738,[0.25250756 0.69821824],0,8,"[0.26852263019242567, 0.6890353589332484]",1,-1
739,[0.25314261 0.81319405],0,12,"[0.3169063637449832, 0.8033325636066986]",1,-1
740,[0.11513914 0.73555929],0,33,"[0.14360528745911366, 0.7361289007486289]",1,-1
741,[0.19304835 0.61242226],0,20,"[0.18632471116193938, 0.6470504651095214]",1,-1
742,[0.173156   0.77550455],0,33,"[0.14360528745911366, 0.7361289007486289]",1,-1
743,[0.07747305 0.81111015],0,-1,-1,-1,-1
744,[0.17059878 0.81546616],0,38,"[0.1833808871148498, 0.824806751753795]",1,-1
745,[0.21829167 0.80522361],0,38,"[0.1833808871148498, 0.824806751753795]",1,-1
746,[0.15386335 0.78808042],0,38,"[0.1833808871148498, 0.824806751753795]",1,-1
747,[0.21635222 0.75530995],0,24,"[0.2219823769694232, 0.7523883708842017]",1,14
748,[0.21514087 0.79378732],0,24,"[0.2219823769694232, 0.7523883708842017]",1,-1
749,[0.08853889 0.78871115],0,-1,-1,1,-1
750,[0.16057865 0.76304004],0,33,"[0.14360528745911366, 0.7361289007486289]",1,-1
751,[0.19049881 0.67567996],0,20,"[0.18632471116193938, 0.6470504651095214]",1,-1
752,[0.20643921 0.72080709],0,24,"[0.2219823769694232, 0.7523883708842017]",1,-1
753,[0.21113654 0.72613091],0,24,"[0.2219823769694232, 0.7523883708842017]",1,-1
754,[0.1823226  0.76876995],0,24,"[0.2219823769694232, 0.7523883708842017]",1,-1
755,[0.1395428 0.8463552],0,38,"[0.1833808871148498, 0.824806751753795]",1,-1
756,[0.20695645 0.71731295],0,24,"[0.2219823769694232, 0.7523883708842017]",1,-1
757,[0.13357413 0.7598855 ],0,33,"[0.14360528745911366, 0.7361289007486289]",1,-1
758,[0.23620206 0.73988337],0,24,"[0.2219823769694232, 0.7523883708842017]",1,-1
759,[0.14953794 0.75547437],0,33,"[0.14360528745911366, 0.7361289007486289]",1,-1
760,[0.11488899 0.82653051],0,38,"[0.1833808871148498, 0.824806751753795]",1,-1
761,[0.11335499 0.69563282],0,33,"[0.14360528745911366, 0.7361289007486289]",1,-1
762,[0.1935113  0.77823566],0,24,"[0.2219823769694232, 0.7523883708842017]",1,-1
763,[0.10761133 0.76246003],0,33,"[0.14360528745911366, 0.7361289007486289]",1,-1
764,[0.19974555 0.77812959],0,24,"[0.2219823769694232, 0.7523883708842017]",1,-1
765,[0.16504019 0.79770363],0,38,"[0.1833808871148498, 0.824806751753795]",1,-1
766,[0.17178463 0.72740101],0,33,"[0.14360528745911366, 0.7361289007486289]",1,-1
767,[0.1859213  0.73602418],0,24,"[0.2219823769694232, 0.7523883708842017]",1,-1
768,[0.23524692 0.76514052],0,24,"[0.2219823769694232, 0.7523883708842017]",1,-1
769,[0.11303989 0.73782201],0,33,"[0.14360528745911366, 0.7361289007486289]",1,-1
770,[0.23718972 0.80595796],0,24,"[0.2219823769694232, 0.7523883708842017]",1,-1
771,[0.19338149 0.85076373],0,38,"[0.1833808871148498, 0.824806751753795]",1,-1
772,[0.22178154 0.76816849],0,24,"[0.2219823769694232, 0.7523883708842017]",1,-1
773,[0.12500907 0.81427883],0,38,"[0.1833808871148498, 0.824806751753795]",1,-1
774,[0.17494581 0.80997321],0,38,"[0.1833808871148498, 0.824806751753795]",1,-1
775,[0.14918599 0.67578681],0,20,"[0.18632471116193938, 0.6470504651095214]",1,-1
776,[0.20177435 0.8119719 ],0,38,"[0.1833808871148498, 0.824806751753795]",1,-1
777,[0.18976863 0.76837225],0,24,"[0.2219823769694232, 0.7523883708842017]",1,-1
778,[0.14975193 0.75392718],0,33,"[0.14360528745911366, 0.7361289007486289]",1,-1
779,[0.24837978 0.82216861],0,38,"[0.1833808871148498, 0.824806751753795]",1,-1
780,[0.1068172  0.77846965],0,33,"[0.14360528745911366, 0.7361289007486289]",1,-1
781,[0.17421705 0.73687057],0,33,"[0.14360528745911366, 0.7361289007486289]",1,-1
782,[0.21143274 0.86029409],0,38,"[0.1833808871148498, 0.824806751753795]",1,-1
783,[0.21729108 0.84438648],0,38,"[0.1833808871148498, 0.824806751753795]",1,-1
784,[0.21848203 0.64161198],0,20,"[0.18632471116193938, 0.6470504651095214]",1,10
785,[0.2759676 0.7160861],0,8,"[0.26852263019242567, 0.6890353589332484]",1,18
786,[0.20734952 0.74131112],0,24,"[0.2219823769694232, 0.7523883708842017]",1,-1
787,[0.1993355 0.7787698],0,24,"[0.2219823769694232, 0.7523883708842017]",1,-1
788,[0.13525177 0.76367757],0,33,"[0.14360528745911366, 0.7361289007486289]",1,-1
789,[0.25542636 0.74365733],0,24,"[0.2219823769694232, 0.7523883708842017]",1,-1
790,[0.21810092 0.64928257],0,20,"[0.18632471116193938, 0.6470504651095214]",1,-1
791,[0.14458251 0.78141168],0,33,"[0.14360528745911366, 0.7361289007486289]",1,-1
792,[0.16434127 0.79138588],0,38,"[0.1833808871148498, 0.824806751753795]",1,-1
793,[0.25353016 0.78518981],0,24,"[0.2219823769694232, 0.7523883708842017]",1,-1
794,[0.20260632 0.75544498],0,24,"[0.2219823769694232, 0.7523883708842017]",1,-1
795,[0.22559057 0.89911988],0,-1,-1,1,-1
796,[0.22768436 0.78481176],0,24,"[0.2219823769694232, 0.7523883708842017]",1,-1
797,[0.27793759 0.85501412],0,12,"[0.3169063637449832, 0.8033325636066986]",1,-1
798,[0.13839207 0.80427512],0,38,"[0.1833808871148498, 0.824806751753795]",1,-1
799,[0.12215723 0.74728058],0,33,"[0.14360528745911366, 0.7361289007486289]",1,-1
800,[0.1829255  0.74786134],0,24,"[0.2219823769694232, 0.7523883708842017]",1,-1
801,[0.13683242 0.85786243],0,38,"[0.1833808871148498, 0.824806751753795]",1,-1
802,[0.20125975 0.76471295],0,24,"[0.2219823769694232, 0.7523883708842017]",1,-1
803,[0.2479651  0.83037827],0,38,"[0.1833808871148498, 0.824806751753795]",1,-1
804,[0.13375434 0.78646426],0,33,"[0.14360528745911366, 0.7361289007486289]",1,-1
805,[0.12168848 0.7297468 ],0,33,"[0.14360528745911366, 0.7361289007486289]",1,-1
806,[0.14847768 0.7456439 ],0,33,"[0.14360528745911366, 0.7361289007486289]",1,-1
807,[0.22888187 0.65242175],0,20,"[0.18632471116193938, 0.6470504651095214]",1,-1
808,[0.07362575 0.7103409 ],0,-1,-1,1,-1
809,[0.21067086 0.83214873],0,38,"[0.1833808871148498, 0.824806751753795]",1,-1
810,[0.20319049 0.75237114],0,24,"[0.2219823769694232, 0.7523883708842017]",1,-1
811,[0.10669269 0.71589407],0,33,"[0.14360528745911366, 0.7361289007486289]",1,-1
812,[0.1357132  0.76977248],0,33,"[0.14360528745911366, 0.7361289007486289]",1,-1
813,[0.19473593 0.80688429],0,38,"[0.1833808871148498, 0.824806751753795]",1,-1
814,[0.20049325 0.79493986],0,38,"[0.1833808871148498, 0.824806751753795]",1,-1
815,[0.10971631 0.73302776],0,33,"[0.14360528745911366, 0.7361289007486289]",1,-1
816,[0.26403846 0.76519551],0,24,"[0.2219823769694232, 0.7523883708842017]",1,-1
817,[0.19616884 0.77016744],0,24,"[0.2219823769694232, 0.7523883708842017]",1,-1
818,[0.21948464 0.71713928],0,24,"[0.2219823769694232, 0.7523883708842017]",1,-1
819,[0.12349327 0.88818456],0,-1,-1,1,-1
820,[0.1159342  0.74768856],0,33,"[0.14360528745911366, 0.7361289007486289]",1,-1
821,[0.10954416 0.76250967],0,33,"[0.14360528745911366, 0.7361289007486289]",1,-1
822,[0.12835647 0.74752523],0,33,"[0.14360528745911366, 0.7361289007486289]",1,-1
823,[0.14799997 0.76062749],0,33,"[0.14360528745911366, 0.7361289007486289]",1,-1
824,[0.11152235 0.81125658],0,-1,-1,1,-1
825,[0.19864484 0.82635024],0,38,"[0.1833808871148498, 0.824806751753795]",1,-1
826,[0.23667488 0.84512217],0,38,"[0.1833808871148498, 0.824806751753795]",1,-1
827,[0.19873855 0.70845332],0,24,"[0.2219823769694232, 0.7523883708842017]",1,-1
828,[0.23955068 0.72754152],0,24,"[0.2219823769694232, 0.7523883708842017]",1,-1
829,[0.1930696  0.74279645],0,24,"[0.2219823769694232, 0.7523883708842017]",1,-1
830,[0.21405871 0.75380055],0,24,"[0.2219823769694232, 0.7523883708842017]",1,14
831,[0.18069697 0.69435413],0,20,"[0.18632471116193938, 0.6470504651095214]",1,-1
832,[0.22566831 0.7555044 ],0,24,"[0.2219823769694232, 0.7523883708842017]",1,-1
833,[0.12628258 0.75331992],0,33,"[0.14360528745911366, 0.7361289007486289]",1,-1
834,[0.17426868 0.71974959],0,33,"[0.14360528745911366, 0.7361289007486289]",1,-1
835,[0.27619453 0.7759853 ],0,12,"[0.3169063637449832, 0.8033325636066986]",1,-1
836,[0.15489779 0.657441  ],0,20,"[0.18632471116193938, 0.6470504651095214]",1,-1
837,[0.17963494 0.80175778],0,38,"[0.1833808871148498, 0.824806751753795]",1,-1
838,[0.16836254 0.70037289],0,33,"[0.14360528745911366, 0.7361289007486289]",1,-1
839,[0.17696922 0.76018787],0,33,"[0.14360528745911366, 0.7361289007486289]",1,-1
840,[0.17424596 0.79207272],0,38,"[0.1833808871148498, 0.824806751753795]",1,-1
841,[0.15588509 0.81407683],0,38,"[0.1833808871148498, 0.824806751753795]",1,-1
842,[0.22553491 0.75841741],0,24,"[0.2219823769694232, 0.7523883708842017]",1,-1
843,[0.1441726  0.75799859],0,33,"[0.14360528745911366, 0.7361289007486289]",1,-1
844,[0.17161298 0.76352241],0,33,"[0.14360528745911366, 0.7361289007486289]",1,-1
845,[0.22914014 0.69647476],0,8,"[0.26852263019242567, 0.6890353589332484]",1,-1
846,[0.16264999 0.80899492],0,38,"[0.1833808871148498, 0.824806751753795]",1,-1
847,[0.19954297 0.77104059],0,24,"[0.2219823769694232, 0.7523883708842017]",1,-1
848,[0.18309425 0.76756369],0,24,"[0.2219823769694232, 0.7523883708842017]",1,-1
849,[0.15119677 0.7712051 ],0,33,"[0.14360528745911366, 0.7361289007486289]",1,-1
850,[0.16789371 0.76913361],0,33,"[0.14360528745911366, 0.7361289007486289]",1,-1
851,[0.15789902 0.75036546],0,33,"[0.14360528745911366, 0.7361289007486289]",1,-1
852,[0.20878982 0.86355659],0,38,"[0.1833808871148498, 0.824806751753795]",1,-1
853,[0.26950841 0.76854057],0,24,"[0.2219823769694232, 0.7523883708842017]",1,-1
854,[0.2244987  0.88118456],0,38,"[0.1833808871148498, 0.824806751753795]",1,-1
855,[0.20800668 0.72150657],0,24,"[0.2219823769694232, 0.7523883708842017]",1,-1
856,[0.22702752 0.73749298],0,24,"[0.2219823769694232, 0.7523883708842017]",1,14
857,[0.12191979 0.69152681],0,33,"[0.14360528745911366, 0.7361289007486289]",1,-1
858,[0.15193591 0.73932672],0,33,"[0.14360528745911366, 0.7361289007486289]",1,-1
859,[0.26933255 0.72601088],0,8,"[0.26852263019242567, 0.6890353589332484]",1,-1
860,[0.15584405 0.68204784],0,20,"[0.18632471116193938, 0.6470504651095214]",1,-1
861,[0.18929558 0.78032595],0,24,"[0.2219823769694232, 0.7523883708842017]",1,-1
862,[0.21145938 0.81870501],0,38,"[0.1833808871148498, 0.824806751753795]",1,-1
863,[0.18619765 0.76865115],0,24,"[0.2219823769694232, 0.7523883708842017]",1,-1
864,[0.19821543 0.74387985],0,24,"[0.2219823769694232, 0.7523883708842017]",1,-1
865,[0.19412808 0.70451438],0,24,"[0.2219823769694232, 0.7523883708842017]",1,13
866,[0.19123067 0.6474632 ],0,20,"[0.18632471116193938, 0.6470504651095214]",1,-1
867,[0.27116157 0.67169411],0,8,"[0.26852263019242567, 0.6890353589332484]",1,17
868,[0.21573632 0.77371833],0,24,"[0.2219823769694232, 0.7523883708842017]",1,-1
869,[0.21317765 0.75427917],0,24,"[0.2219823769694232, 0.7523883708842017]",1,14
870,[0.22056524 0.7439785 ],0,24,"[0.2219823769694232, 0.7523883708842017]",1,-1
871,[0.19458211 0.80457273],0,38,"[0.1833808871148498, 0.824806751753795]",1,-1
872,[0.19842032 0.78288657],0,24,"[0.2219823769694232, 0.7523883708842017]",1,-1
873,[0.14374998 0.73109761],0,33,"[0.14360528745911366, 0.7361289007486289]",1,-1
874,[0.18187152 0.74743682],0,33,"[0.14360528745911366, 0.7361289007486289]",1,-1
875,[0.12179864 0.78541705],0,33,"[0.14360528745911366, 0.7361289007486289]",1,-1
876,[0.21173986 0.78298318],0,24,"[0.2219823769694232, 0.7523883708842017]",1,-1
877,[0.23341394 0.72514261],0,24,"[0.2219823769694232, 0.7523883708842017]",1,-1
878,[0.19313606 0.85446172],0,38,"[0.1833808871148498, 0.824806751753795]",1,-1
879,[0.23296211 0.80783855],0,38,"[0.1833808871148498, 0.824806751753795]",1,-1
880,[0.21766354 0.74653063],0,24,"[0.2219823769694232, 0.7523883708842017]",1,-1
881,[0.13470317 0.85285655],0,38,"[0.1833808871148498, 0.824806751753795]",1,-1
882,[0.22827003 0.83325582],0,38,"[0.1833808871148498, 0.824806751753795]",1,-1
883,[0.10289657 0.71122169],0,33,"[0.14360528745911366, 0.7361289007486289]",1,-1
884,[0.15866898 0.7785992 ],0,33,"[0.14360528745911366, 0.7361289007486289]",1,-1
885,[0.2616918  0.79545355],0,12,"[0.3169063637449832, 0.8033325636066986]",1,-1
886,[0.13693863 0.76414288],0,33,"[0.14360528745911366, 0.7361289007486289]",1,-1
887,[0.20724405 0.72557909],0,24,"[0.2219823769694232, 0.7523883708842017]",1,-1
888,[0.1733813  0.78987783],0,38,"[0.1833808871148498, 0.824806751753795]",1,-1
889,[0.21770792 0.74428544],0,24,"[0.2219823769694232, 0.7523883708842017]",1,14
890,[0.16504135 0.79873984],0,38,"[0.1833808871148498, 0.824806751753795]",1,-1
891,[0.21120588 0.85388681],0,38,"[0.1833808871148498, 0.824806751753795]",1,-1
892,[0.14845937 0.65394209],0,20,"[0.18632471116193938, 0.6470504651095214]",1,-1
893,[0.21646066 0.86085894],0,38,"[0.1833808871148498, 0.824806751753795]",1,-1
894,[0.07909403 0.72536318],0,33,"[0.14360528745911366, 0.7361289007486289]",1,-1
895,[0.16849479 0.75151463],0,33,"[0.14360528745911366, 0.7361289007486289]",1,-1
896,[0.20326183 0.74537135],0,24,"[0.2219823769694232, 0.7523883708842017]",1,-1
897,[0.2243377  0.76362386],0,24,"[0.2219823769694232, 0.7523883708842017]",1,-1
898,[0.18403945 0.80587169],0,38,"[0.1833808871148498, 0.824806751753795]",1,-1
899,[0.20303778 0.76635266],0,24,"[0.2219823769694232, 0.7523883708842017]",1,-1
900,[0.11736034 0.77066349],0,33,"[0.14360528745911366, 0.7361289007486289]",1,-1
901,[0.15143029 0.80539511],0,38,"[0.1833808871148498, 0.824806751753795]",1,-1
902,[0.15712682 0.79564844],0,38,"[0.1833808871148498, 0.824806751753795]",1,-1
903,[0.21079227 0.76024831],0,24,"[0.2219823769694232, 0.7523883708842017]",1,14
904,[0.14492752 0.68623504],0,33,"[0.14360528745911366, 0.7361289007486289]",1,-1
905,[0.27391301 0.74116334],0,8,"[0.26852263019242567, 0.6890353589332484]",1,-1
906,[0.21868471 0.74804408],0,24,"[0.2219823769694232, 0.7523883708842017]",1,-1
907,[0.15179441 0.7724803 ],0,33,"[0.14360528745911366, 0.7361289007486289]",1,-1
908,[0.18956758 0.774905  ],0,24,"[0.2219823769694232, 0.7523883708842017]",1,-1
909,[0.24800477 0.74367309],0,24,"[0.2219823769694232, 0.7523883708842017]",1,-1
910,[0.22933216 0.74679385],0,24,"[0.2219823769694232, 0.7523883708842017]",1,-1
911,[0.16244418 0.78234207],0,38,"[0.1833808871148498, 0.824806751753795]",1,-1
912,[0.21401017 0.80054762],0,38,"[0.1833808871148498, 0.824806751753795]",1,-1
913,[0.09715902 0.79564855],0,-1,-1,1,-1
914,[0.16591958 0.80124011],0,38,"[0.1833808871148498, 0.824806751753795]",1,-1
915,[0.1753194  0.70196643],0,33,"[0.14360528745911366, 0.7361289007486289]",1,-1
916,[0.14898422 0.80111059],0,38,"[0.1833808871148498, 0.824806751753795]",1,-1
917,[0.15571543 0.70694084],0,33,"[0.14360528745911366, 0.7361289007486289]",1,-1
918,[0.13724145 0.75099864],0,33,"[0.14360528745911366, 0.7361289007486289]",1,-1
919,[0.17143534 0.67338695],0,20,"[0.18632471116193938, 0.6470504651095214]",1,-1
920,[0.17890076 0.71939109],0,33,"[0.14360528745911366, 0.7361289007486289]",1,-1
921,[0.14397423 0.6847776 ],0,33,"[0.14360528745911366, 0.7361289007486289]",1,-1
922,[0.28486293 0.75953807],0,12,"[0.3169063637449832, 0.8033325636066986]",1,-1
923,[0.1454412  0.75263847],0,33,"[0.14360528745911366, 0.7361289007486289]",1,-1
924,[0.23632372 0.7371179 ],0,24,"[0.2219823769694232, 0.7523883708842017]",1,-1
925,[0.17338065 0.80775733],0,38,"[0.1833808871148498, 0.824806751753795]",1,-1
926,[0.12114834 0.69936567],0,33,"[0.14360528745911366, 0.7361289007486289]",1,-1
927,[0.22381667 0.87094855],0,38,"[0.1833808871148498, 0.824806751753795]",1,-1
928,[0.15248517 0.72622384],0,33,"[0.14360528745911366, 0.7361289007486289]",1,-1
929,[0.18542566 0.74959251],0,24,"[0.2219823769694232, 0.7523883708842017]",1,-1
930,[0.19493094 0.7608822 ],0,24,"[0.2219823769694232, 0.7523883708842017]",1,-1
931,[0.15693867 0.77826627],0,33,"[0.14360528745911366, 0.7361289007486289]",1,-1
932,[0.21619858 0.78051902],0,24,"[0.2219823769694232, 0.7523883708842017]",1,-1
933,[0.16679081 0.80432471],0,38,"[0.1833808871148498, 0.824806751753795]",1,-1
934,[0.1764957  0.71816614],0,33,"[0.14360528745911366, 0.7361289007486289]",1,-1
935,[0.15986014 0.73666869],0,33,"[0.14360528745911366, 0.7361289007486289]",1,-1
936,[0.24302417 0.7442261 ],0,24,"[0.2219823769694232, 0.7523883708842017]",1,-1
937,[0.22001249 0.7897609 ],0,24,"[0.2219823769694232, 0.7523883708842017]",1,-1
938,[0.13979896 0.79771136],0,38,"[0.1833808871148498, 0.824806751753795]",1,-1
939,[0.17172276 0.74152692],0,33,"[0.14360528745911366, 0.7361289007486289]",1,-1
940,[0.08633132 0.70155212],0,33,"[0.14360528745911366, 0.7361289007486289]",1,-1
941,[0.12149428 0.80540419],0,38,"[0.1833808871148498, 0.824806751753795]",1,-1
942,[0.13717975 0.71229291],0,33,"[0.14360528745911366, 0.7361289007486289]",1,-1
943,[0.12424393 0.83769796],0,38,"[0.1833808871148498, 0.824806751753795]",1,-1
944,[0.07170288 0.83229568],0,-1,-1,-1,-1
945,[0.11497464 0.68332337],0,33,"[0.14360528745911366, 0.7361289007486289]",1,-1
946,[0.18922839 0.71942843],0,24,"[0.2219823769694232, 0.7523883708842017]",1,-1
947,[0.1147345  0.80920493],0,-1,-1,1,-1
948,[0.1483814  0.90595952],0,-1,-1,-1,-1
949,[0.19402347 0.77897495],0,24,"[0.2219823769694232, 0.7523883708842017]",1,-1
950,[0.1950535 0.7552521],0,24,"[0.2219823769694232, 0.7523883708842017]",1,-1
951,[0.16269014 0.82176958],0,38,"[0.1833808871148498, 0.824806751753795]",1,-1
952,[0.18794106 0.81564513],0,38,"[0.1833808871148498, 0.824806751753795]",1,-1
953,[0.2378082  0.77901041],0,24,"[0.2219823769694232, 0.7523883708842017]",1,-1
954,[0.14260949 0.84249721],0,38,"[0.1833808871148498, 0.824806751753795]",1,-1
955,[0.15839635 0.68966558],0,33,"[0.14360528745911366, 0.7361289007486289]",1,-1
956,[0.27233696 0.70430493],0,8,"[0.26852263019242567, 0.6890353589332484]",1,-1
957,[0.22558221 0.7255416 ],0,24,"[0.2219823769694232, 0.7523883708842017]",1,14
958,[0.16246692 0.71154719],0,33,"[0.14360528745911366, 0.7361289007486289]",1,-1
959,[0.15241241 0.75921504],0,33,"[0.14360528745911366, 0.7361289007486289]",1,-1
960,[0.10592519 0.84150622],0,-1,-1,1,-1
961,[0.19398134 0.85222428],0,38,"[0.1833808871148498, 0.824806751753795]",1,-1
962,[0.12978922 0.79102438],0,33,"[0.14360528745911366, 0.7361289007486289]",1,-1
963,[0.20137911 0.71427514],0,24,"[0.2219823769694232, 0.7523883708842017]",1,-1
964,[0.18811603 0.69689205],0,20,"[0.18632471116193938, 0.6470504651095214]",1,-1
965,[0.17878255 0.78368831],0,38,"[0.1833808871148498, 0.824806751753795]",1,-1
966,[0.2646946  0.79888408],0,12,"[0.3169063637449832, 0.8033325636066986]",1,-1
967,[0.15167519 0.85197708],0,38,"[0.1833808871148498, 0.824806751753795]",1,-1
968,[0.16828351 0.70406798],0,33,"[0.14360528745911366, 0.7361289007486289]",1,-1
969,[0.22780978 0.7497637 ],0,24,"[0.2219823769694232, 0.7523883708842017]",1,-1
970,[0.16823132 0.77544753],0,33,"[0.14360528745911366, 0.7361289007486289]",1,-1
971,[0.11112708 0.84704442],0,-1,-1,1,-1
972,[0.21481501 0.71845176],0,24,"[0.2219823769694232, 0.7523883708842017]",1,14
973,[0.16767867 0.77330767],0,33,"[0.14360528745911366, 0.7361289007486289]",1,-1
974,[0.16538246 0.69712187],0,33,"[0.14360528745911366, 0.7361289007486289]",1,-1
975,[0.20311032 0.79770824],0,38,"[0.1833808871148498, 0.824806751753795]",1,-1
976,[0.15716099 0.75278116],0,33,"[0.14360528745911366, 0.7361289007486289]",1,-1
977,[0.24959157 0.65871128],0,8,"[0.26852263019242567, 0.6890353589332484]",1,-1
978,[0.08619706 0.79911051],0,-1,-1,1,-1
979,[0.16478888 0.84152999],0,38,"[0.1833808871148498, 0.824806751753795]",1,-1
980,[0.15764213 0.74253263],0,33,"[0.14360528745911366, 0.7361289007486289]",1,-1
981,[0.20555495 0.71210743],0,24,"[0.2219823769694232, 0.7523883708842017]",1,-1
982,[0.27703549 0.73147061],0,8,"[0.26852263019242567, 0.6890353589332484]",1,-1
983,[0.19777673 0.74510997],0,24,"[0.2219823769694232, 0.7523883708842017]",1,-1
984,[0.18952029 0.69008404],0,20,"[0.18632471116193938, 0.6470504651095214]",1,-1
985,[0.25957992 0.76417814],0,24,"[0.2219823769694232, 0.7523883708842017]",1,-1
986,[0.19559087 0.80976381],0,38,"[0.1833808871148498, 0.824806751753795]",1,-1
987,[0.17636101 0.7817111 ],0,38,"[0.1833808871148498, 0.824806751753795]",1,-1
988,[0.1349257  0.75660493],0,33,"[0.14360528745911366, 0.7361289007486289]",1,-1
989,[0.22914088 0.66820104],0,8,"[0.26852263019242567, 0.6890353589332484]",1,15
990,[0.10779796 0.76665469],0,33,"[0.14360528745911366, 0.7361289007486289]",1,-1
991,[0.1218739  0.80445744],0,38,"[0.1833808871148498, 0.824806751753795]",1,-1
992,[0.09383336 0.73470838],0,33,"[0.14360528745911366, 0.7361289007486289]",1,-1
993,[0.29760392 0.81625473],0,12,"[0.3169063637449832, 0.8033325636066986]",1,-1
994,[0.18503322 0.77721132],0,24,"[0.2219823769694232, 0.7523883708842017]",1,-1
995,[0.13822156 0.77572406],0,33,"[0.14360528745911366, 0.7361289007486289]",1,-1
996,[0.1468368 0.7556563],0,33,"[0.14360528745911366, 0.7361289007486289]",1,-1
997,[0.15183794 0.73141342],0,33,"[0.14360528745911366, 0.7361289007486289]",1,-1
998,[0.16401231 0.8117606 ],0,38,"[0.1833808871148498, 0.824806751753795]",1,-1
999,[0.28921572 0.82272743],0,12,"[0.3169063637449832, 0.8033325636066986]",1,-1
1000,[0.38903231 0.31238395],1,4,"[0.3937233168939997, 0.29890402186269427]",1,-1
1001,[0.28301338 0.28706061],1,7,"[0.2880919156697789, 0.2889500356712737]",1,-1
1002,[0.33930137 0.38166386],1,1,"[0.33650952271243567, 0.3695039184549852]",1,72
1003,[0.36789281 0.36999845],1,1,"[0.33650952271243567, 0.3695039184549852]",1,-1
1004,[0.480447   0.44960323],1,35,"[0.491626887866141, 0.45015531396212327]",1,-1
1005,[0.30301855 0.38578693],1,1,"[0.33650952271243567, 0.3695039184549852]",1,-1
1006,[0.34297761 0.35989041],1,1,"[0.33650952271243567, 0.3695039184549852]",1,-1
1007,[0.43531144 0.39476233],1,6,"[0.40123478470159024, 0.40656176249784554]",1,-1
1008,[0.33434493 0.36931649],1,1,"[0.33650952271243567, 0.3695039184549852]",1,-1
1009,[0.31793214 0.31204635],1,7,"[0.2880919156697789, 0.2889500356712737]",1,-1
1010,[0.36273653 0.34165756],1,1,"[0.33650952271243567, 0.3695039184549852]",1,-1
1011,[0.30877844 0.444455  ],1,13,"[0.32294489274299887, 0.4620611538839558]",1,-1
1012,[0.23494888 0.41559472],1,0,"[0.2473875480073203, 0.39401489827781994]",1,48
1013,[0.27473499 0.33344747],1,7,"[0.2880919156697789, 0.2889500356712737]",1,27
1014,[0.40017017 0.30725155],1,4,"[0.3937233168939997, 0.29890402186269427]",1,-1
1015,[0.28921788 0.41391452],1,0,"[0.2473875480073203, 0.39401489827781994]",1,-1
1016,[0.29607434 0.39336631],1,1,"[0.33650952271243567, 0.3695039184549852]",1,59
1017,[0.34050868 0.40184484],1,1,"[0.33650952271243567, 0.3695039184549852]",1,-1
1018,[0.33613526 0.2940755 ],1,7,"[0.2880919156697789, 0.2889500356712737]",1,-1
1019,[0.38127689 0.2532199 ],1,4,"[0.3937233168939997, 0.29890402186269427]",1,-1
1020,[0.32444522 0.34220382],1,1,"[0.33650952271243567, 0.3695039184549852]",1,-1
1021,[0.33339939 0.38891605],1,1,"[0.33650952271243567, 0.3695039184549852]",1,-1
1022,[0.30002649 0.40627704],1,1,"[0.33650952271243567, 0.3695039184549852]",1,61
1023,[0.44882214 0.36353273],1,37,"[0.4780366509520634, 0.3686118735311782]",1,-1
1024,[0.34396016 0.39308934],1,1,"[0.33650952271243567, 0.3695039184549852]",1,-1
1025,[0.38656121 0.36393937],1,6,"[0.40123478470159024, 0.40656176249784554]",1,73
1026,[0.31085627 0.37020921],1,1,"[0.33650952271243567, 0.3695039184549852]",1,-1
1027,[0.301891   0.32998503],1,7,"[0.2880919156697789, 0.2889500356712737]",1,-1
1028,[0.409073   0.39603056],1,6,"[0.40123478470159024, 0.40656176249784554]",1,-1
1029,[0.33143737 0.4105499 ],1,1,"[0.33650952271243567, 0.3695039184549852]",1,-1
1030,[0.36195741 0.39477487],1,1,"[0.33650952271243567, 0.3695039184549852]",1,79
1031,[0.40864216 0.36841775],1,6,"[0.40123478470159024, 0.40656176249784554]",1,-1
1032,[0.28809408 0.27947959],1,7,"[0.2880919156697789, 0.2889500356712737]",1,-1
1033,[0.334967   0.36138402],1,1,"[0.33650952271243567, 0.3695039184549852]",1,77
1034,[0.29448662 0.38248418],1,1,"[0.33650952271243567, 0.3695039184549852]",1,-1
1035,[0.32863488 0.34097756],1,1,"[0.33650952271243567, 0.3695039184549852]",1,-1
1036,[0.39441558 0.40655455],1,6,"[0.40123478470159024, 0.40656176249784554]",1,-1
1037,[0.42995804 0.36510286],1,37,"[0.4780366509520634, 0.3686118735311782]",1,-1
1038,[0.42633669 0.29361933],1,4,"[0.3937233168939997, 0.29890402186269427]",1,-1
1039,[0.33904022 0.33733174],1,1,"[0.33650952271243567, 0.3695039184549852]",1,-1
1040,[0.43523947 0.29419344],1,4,"[0.3937233168939997, 0.29890402186269427]",1,-1
1041,[0.40227558 0.40013237],1,6,"[0.40123478470159024, 0.40656176249784554]",1,-1
1042,[0.36572293 0.31256975],1,4,"[0.3937233168939997, 0.29890402186269427]",1,-1
1043,[0.45274291 0.30224115],1,4,"[0.3937233168939997, 0.29890402186269427]",1,-1
1044,[0.40652147 0.44451305],1,6,"[0.40123478470159024, 0.40656176249784554]",1,50
1045,[0.41588541 0.42918836],1,6,"[0.40123478470159024, 0.40656176249784554]",1,-1
1046,[0.37116785 0.34680666],1,1,"[0.33650952271243567, 0.3695039184549852]",1,-1
1047,[0.39245665 0.42346105],1,6,"[0.40123478470159024, 0.40656176249784554]",1,-1
1048,[0.40583353 0.44500787],1,6,"[0.40123478470159024, 0.40656176249784554]",1,50
1049,[0.40975082 0.3126676 ],1,4,"[0.3937233168939997, 0.29890402186269427]",1,-1
1050,[0.45619176 0.3667588 ],1,37,"[0.4780366509520634, 0.3686118735311782]",1,-1
1051,[0.44653902 0.32920327],1,37,"[0.4780366509520634, 0.3686118735311782]",1,-1
1052,[0.39528113 0.33970432],1,4,"[0.3937233168939997, 0.29890402186269427]",1,-1
1053,[0.38840502 0.37527158],1,6,"[0.40123478470159024, 0.40656176249784554]",1,-1
1054,[0.34887516 0.38737996],1,1,"[0.33650952271243567, 0.3695039184549852]",1,-1
1055,[0.32158806 0.31740293],1,7,"[0.2880919156697789, 0.2889500356712737]",1,-1
1056,[0.24261349 0.37329674],1,0,"[0.2473875480073203, 0.39401489827781994]",1,-1
1057,[0.31351711 0.37750964],1,1,"[0.33650952271243567, 0.3695039184549852]",1,-1
1058,[0.39404772 0.31596877],1,4,"[0.3937233168939997, 0.29890402186269427]",1,-1
1059,[0.30960611 0.31183349],1,7,"[0.2880919156697789, 0.2889500356712737]",1,-1
1060,[0.36742251 0.4131247 ],1,6,"[0.40123478470159024, 0.40656176249784554]",1,-1
1061,[0.36732219 0.40038037],1,6,"[0.40123478470159024, 0.40656176249784554]",1,-1
1062,[0.31678236 0.33911776],1,1,"[0.33650952271243567, 0.3695039184549852]",1,-1
1063,[0.32731858 0.43608769],1,13,"[0.32294489274299887, 0.4620611538839558]",1,-1
1064,[0.36312428 0.43124692],1,6,"[0.40123478470159024, 0.40656176249784554]",1,-1
1065,[0.32607951 0.38053983],1,1,"[0.33650952271243567, 0.3695039184549852]",1,72
1066,[0.36529134 0.36006486],1,1,"[0.33650952271243567, 0.3695039184549852]",1,-1
1067,[0.25951485 0.2844901 ],1,7,"[0.2880919156697789, 0.2889500356712737]",1,25
1068,[0.31306381 0.34264161],1,1,"[0.33650952271243567, 0.3695039184549852]",1,-1
1069,[0.41721109 0.33903723],1,4,"[0.3937233168939997, 0.29890402186269427]",1,-1
1070,[0.32246017 0.45750808],1,13,"[0.32294489274299887, 0.4620611538839558]",1,-1
1071,[0.4156216  0.33978207],1,4,"[0.3937233168939997, 0.29890402186269427]",1,-1
1072,[0.3922612 0.3442636],1,4,"[0.3937233168939997, 0.29890402186269427]",1,71
1073,[0.29295051 0.29794846],1,7,"[0.2880919156697789, 0.2889500356712737]",1,-1
1074,[0.33493746 0.39618147],1,1,"[0.33650952271243567, 0.3695039184549852]",1,-1
1075,[0.32154523 0.26830557],1,7,"[0.2880919156697789, 0.2889500356712737]",1,-1
1076,[0.40395004 0.39007536],1,6,"[0.40123478470159024, 0.40656176249784554]",1,-1
1077,[0.32359896 0.3272895 ],1,1,"[0.33650952271243567, 0.3695039184549852]",1,-1
1078,[0.40072524 0.31301741],1,4,"[0.3937233168939997, 0.29890402186269427]",1,-1
1079,[0.30633152 0.48305956],1,13,"[0.32294489274299887, 0.4620611538839558]",1,-1
1080,[0.42979426 0.33687064],1,4,"[0.3937233168939997, 0.29890402186269427]",1,-1
1081,[0.3142121  0.33564634],1,1,"[0.33650952271243567, 0.3695039184549852]",1,-1
1082,[0.39983412 0.38921834],1,6,"[0.40123478470159024, 0.40656176249784554]",1,-1
1083,[0.38846126 0.20467438],1,-1,-1,1,-1
1084,[0.43930282 0.31032587],1,4,"[0.3937233168939997, 0.29890402186269427]",1,-1
1085,[0.24057893 0.33281346],1,15,"[0.188292755006214, 0.3253570325311902]",1,-1
1086,[0.30478669 0.3492283 ],1,1,"[0.33650952271243567, 0.3695039184549852]",1,-1
1087,[0.3306639  0.39362482],1,1,"[0.33650952271243567, 0.3695039184549852]",1,-1
1088,[0.46100416 0.38464288],1,37,"[0.4780366509520634, 0.3686118735311782]",1,-1
1089,[0.32536662 0.28067943],1,7,"[0.2880919156697789, 0.2889500356712737]",1,-1
1090,[0.36938733 0.41293063],1,6,"[0.40123478470159024, 0.40656176249784554]",1,-1
1091,[0.34660093 0.37392295],1,1,"[0.33650952271243567, 0.3695039184549852]",1,72
1092,[0.29468132 0.34513009],1,1,"[0.33650952271243567, 0.3695039184549852]",1,-1
1093,[0.33068804 0.38887748],1,1,"[0.33650952271243567, 0.3695039184549852]",1,-1
1094,[0.42779081 0.41759337],1,6,"[0.40123478470159024, 0.40656176249784554]",1,-1
1095,[0.40951288 0.3619002 ],1,6,"[0.40123478470159024, 0.40656176249784554]",1,-1
1096,[0.39601134 0.34607784],1,4,"[0.3937233168939997, 0.29890402186269427]",1,71
1097,[0.31364747 0.36716986],1,1,"[0.33650952271243567, 0.3695039184549852]",1,-1
1098,[0.29489328 0.32513517],1,7,"[0.2880919156697789, 0.2889500356712737]",1,-1
1099,[0.30421558 0.26678784],1,7,"[0.2880919156697789, 0.2889500356712737]",1,-1
1100,[0.38050148 0.4164771 ],1,6,"[0.40123478470159024, 0.40656176249784554]",1,-1
1101,[0.38394149 0.30402823],1,4,"[0.3937233168939997, 0.29890402186269427]",1,-1
1102,[0.36601362 0.42379752],1,6,"[0.40123478470159024, 0.40656176249784554]",1,-1
1103,[0.36513308 0.43586092],1,6,"[0.40123478470159024, 0.40656176249784554]",1,-1
1104,[0.28666305 0.2265822 ],1,31,"[0.29817086118518243, 0.1888907481789387]",1,-1
1105,[0.40645896 0.34211307],1,4,"[0.3937233168939997, 0.29890402186269427]",1,-1
1106,[0.41187803 0.26485601],1,4,"[0.3937233168939997, 0.29890402186269427]",1,-1
1107,[0.36528132 0.45927513],1,13,"[0.32294489274299887, 0.4620611538839558]",1,-1
1108,[0.43285041 0.38946853],1,6,"[0.40123478470159024, 0.40656176249784554]",1,-1
1109,[0.3433388  0.46799103],1,13,"[0.32294489274299887, 0.4620611538839558]",1,-1
1110,[0.40245448 0.41348619],1,6,"[0.40123478470159024, 0.40656176249784554]",1,-1
1111,[0.32365393 0.49459056],1,13,"[0.32294489274299887, 0.4620611538839558]",1,-1
1112,[0.31720194 0.28786157],1,7,"[0.2880919156697789, 0.2889500356712737]",1,-1
1113,[0.35462737 0.35653893],1,1,"[0.33650952271243567, 0.3695039184549852]",1,-1
1114,[0.36466111 0.36046635],1,1,"[0.33650952271243567, 0.3695039184549852]",1,-1
1115,[0.34482838 0.33467033],1,1,"[0.33650952271243567, 0.3695039184549852]",1,-1
1116,[0.40721468 0.34883849],1,4,"[0.3937233168939997, 0.29890402186269427]",1,-1
1117,[0.34780238 0.41805051],1,1,"[0.33650952271243567, 0.3695039184549852]",1,-1
1118,[0.38895816 0.50374707],1,18,"[0.4203234088660354, 0.508036417947434]",1,-1
1119,[0.38267431 0.28640775],1,4,"[0.3937233168939997, 0.29890402186269427]",1,-1
1120,[0.27695769 0.32227421],1,7,"[0.2880919156697789, 0.2889500356712737]",1,-1
1121,[0.37608068 0.33804586],1,4,"[0.3937233168939997, 0.29890402186269427]",1,-1
1122,[0.41434409 0.37049736],1,6,"[0.40123478470159024, 0.40656176249784554]",1,-1
1123,[0.33498679 0.46861   ],1,13,"[0.32294489274299887, 0.4620611538839558]",1,-1
1124,[0.32090037 0.32126036],1,7,"[0.2880919156697789, 0.2889500356712737]",1,-1
1125,[0.34929152 0.35500432],1,1,"[0.33650952271243567, 0.3695039184549852]",1,76
1126,[0.39350884 0.39779801],1,6,"[0.40123478470159024, 0.40656176249784554]",1,-1
1127,[0.32063161 0.37248519],1,1,"[0.33650952271243567, 0.3695039184549852]",1,-1
1128,[0.38172888 0.38056081],1,6,"[0.40123478470159024, 0.40656176249784554]",1,78
1129,[0.32648183 0.48897928],1,13,"[0.32294489274299887, 0.4620611538839558]",1,-1
1130,[0.34663032 0.33679836],1,1,"[0.33650952271243567, 0.3695039184549852]",1,-1
1131,[0.34281343 0.34331676],1,1,"[0.33650952271243567, 0.3695039184549852]",1,-1
1132,[0.37702132 0.35407419],1,1,"[0.33650952271243567, 0.3695039184549852]",1,-1
1133,[0.32391172 0.42672058],1,13,"[0.32294489274299887, 0.4620611538839558]",1,-1
1134,[0.37784435 0.38725497],1,6,"[0.40123478470159024, 0.40656176249784554]",1,-1
1135,[0.34633237 0.30616764],1,4,"[0.3937233168939997, 0.29890402186269427]",1,-1
1136,[0.26722177 0.42041418],1,0,"[0.2473875480073203, 0.39401489827781994]",1,-1
1137,[0.30173494 0.38153284],1,1,"[0.33650952271243567, 0.3695039184549852]",1,-1
1138,[0.30588841 0.38330974],1,1,"[0.33650952271243567, 0.3695039184549852]",1,-1
1139,[0.35937039 0.3692997 ],1,1,"[0.33650952271243567, 0.3695039184549852]",1,-1
1140,[0.37863858 0.39117381],1,6,"[0.40123478470159024, 0.40656176249784554]",1,79
1141,[0.28308194 0.38654134],1,0,"[0.2473875480073203, 0.39401489827781994]",1,-1
1142,[0.33994745 0.35878095],1,1,"[0.33650952271243567, 0.3695039184549852]",1,-1
1143,[0.36664754 0.38944767],1,1,"[0.33650952271243567, 0.3695039184549852]",1,79
1144,[0.35714867 0.31853366],1,4,"[0.3937233168939997, 0.29890402186269427]",1,-1
1145,[0.33548152 0.33585844],1,1,"[0.33650952271243567, 0.3695039184549852]",1,-1
1146,[0.40647689 0.34183386],1,4,"[0.3937233168939997, 0.29890402186269427]",1,-1
1147,[0.35034695 0.37679096],1,1,"[0.33650952271243567, 0.3695039184549852]",1,-1
1148,[0.27194445 0.39190995],1,0,"[0.2473875480073203, 0.39401489827781994]",1,-1
1149,[0.37420017 0.39415045],1,6,"[0.40123478470159024, 0.40656176249784554]",1,-1
1150,[0.31116291 0.26604623],1,7,"[0.2880919156697789, 0.2889500356712737]",1,-1
1151,[0.32826924 0.38883875],1,1,"[0.33650952271243567, 0.3695039184549852]",1,-1
1152,[0.34627459 0.37393308],1,1,"[0.33650952271243567, 0.3695039184549852]",1,72
1153,[0.36820092 0.33478247],1,4,"[0.3937233168939997, 0.29890402186269427]",1,-1
1154,[0.3106305  0.33299618],1,1,"[0.33650952271243567, 0.3695039184549852]",1,-1
1155,[0.42104707 0.40782219],1,6,"[0.40123478470159024, 0.40656176249784554]",1,-1
1156,[0.31414303 0.31921251],1,7,"[0.2880919156697789, 0.2889500356712737]",1,-1
1157,[0.34297114 0.38232177],1,1,"[0.33650952271243567, 0.3695039184549852]",1,-1
1158,[0.34510638 0.30483734],1,4,"[0.3937233168939997, 0.29890402186269427]",1,-1
1159,[0.41499554 0.32513406],1,4,"[0.3937233168939997, 0.29890402186269427]",1,-1
1160,[0.5049183  0.25975648],1,-1,-1,1,-1
1161,[0.30857963 0.32084374],1,7,"[0.2880919156697789, 0.2889500356712737]",1,-1
1162,[0.33834914 0.38731442],1,1,"[0.33650952271243567, 0.3695039184549852]",1,-1
1163,[0.41557533 0.37046743],1,6,"[0.40123478470159024, 0.40656176249784554]",1,-1
1164,[0.42647219 0.36285541],1,6,"[0.40123478470159024, 0.40656176249784554]",1,-1
1165,[0.33967414 0.39363322],1,1,"[0.33650952271243567, 0.3695039184549852]",1,-1
1166,[0.38745243 0.33266197],1,4,"[0.3937233168939997, 0.29890402186269427]",1,-1
1167,[0.35582048 0.38786925],1,1,"[0.33650952271243567, 0.3695039184549852]",1,-1
1168,[0.3457198 0.3277422],1,1,"[0.33650952271243567, 0.3695039184549852]",1,-1
1169,[0.45735842 0.3680162 ],1,37,"[0.4780366509520634, 0.3686118735311782]",1,-1
1170,[0.32617448 0.43648327],1,13,"[0.32294489274299887, 0.4620611538839558]",1,-1
1171,[0.33136004 0.36285487],1,1,"[0.33650952271243567, 0.3695039184549852]",1,-1
1172,[0.36951429 0.32795741],1,4,"[0.3937233168939997, 0.29890402186269427]",1,-1
1173,[0.39666339 0.34512839],1,4,"[0.3937233168939997, 0.29890402186269427]",1,71
1174,[0.37326604 0.45015432],1,13,"[0.32294489274299887, 0.4620611538839558]",1,-1
1175,[0.42444944 0.43871688],1,6,"[0.40123478470159024, 0.40656176249784554]",1,-1
1176,[0.30630262 0.35584672],1,1,"[0.33650952271243567, 0.3695039184549852]",1,-1
1177,[0.31136536 0.34872644],1,1,"[0.33650952271243567, 0.3695039184549852]",1,-1
1178,[0.35521162 0.43179842],1,13,"[0.32294489274299887, 0.4620611538839558]",1,-1
1179,[0.39440016 0.36492927],1,6,"[0.40123478470159024, 0.40656176249784554]",1,73
1180,[0.30831831 0.38944867],1,1,"[0.33650952271243567, 0.3695039184549852]",1,-1
1181,[0.40416348 0.52827789],1,18,"[0.4203234088660354, 0.508036417947434]",1,-1
1182,[0.3351756  0.34882158],1,1,"[0.33650952271243567, 0.3695039184549852]",1,-1
1183,[0.34163798 0.39439346],1,1,"[0.33650952271243567, 0.3695039184549852]",1,-1
1184,[0.32340824 0.38844929],1,1,"[0.33650952271243567, 0.3695039184549852]",1,-1
1185,[0.31798866 0.30254617],1,7,"[0.2880919156697789, 0.2889500356712737]",1,-1
1186,[0.37262592 0.38436598],1,6,"[0.40123478470159024, 0.40656176249784554]",1,-1
1187,[0.41993233 0.29957024],1,4,"[0.3937233168939997, 0.29890402186269427]",1,-1
1188,[0.4090353  0.37279044],1,6,"[0.40123478470159024, 0.40656176249784554]",1,-1
1189,[0.32371379 0.32567782],1,1,"[0.33650952271243567, 0.3695039184549852]",1,-1
1190,[0.38150571 0.34537793],1,4,"[0.3937233168939997, 0.29890402186269427]",1,-1
1191,[0.37188238 0.32574375],1,4,"[0.3937233168939997, 0.29890402186269427]",1,-1
1192,[0.34347683 0.33598996],1,1,"[0.33650952271243567, 0.3695039184549852]",1,-1
1193,[0.34039624 0.31517174],1,1,"[0.33650952271243567, 0.3695039184549852]",1,-1
1194,[0.39506751 0.49954235],1,18,"[0.4203234088660354, 0.508036417947434]",1,-1
1195,[0.36712807 0.3191202 ],1,4,"[0.3937233168939997, 0.29890402186269427]",1,-1
1196,[0.32583577 0.39880782],1,1,"[0.33650952271243567, 0.3695039184549852]",1,61
1197,[0.39262433 0.29763423],1,4,"[0.3937233168939997, 0.29890402186269427]",1,-1
1198,[0.39645824 0.39878131],1,6,"[0.40123478470159024, 0.40656176249784554]",1,-1
1199,[0.30764517 0.41685433],1,13,"[0.32294489274299887, 0.4620611538839558]",1,-1
1200,[0.32670434 0.41062   ],1,1,"[0.33650952271243567, 0.3695039184549852]",1,-1
1201,[0.30964786 0.44182104],1,13,"[0.32294489274299887, 0.4620611538839558]",1,-1
1202,[0.37183343 0.43598502],1,6,"[0.40123478470159024, 0.40656176249784554]",1,-1
1203,[0.36500662 0.30824542],1,4,"[0.3937233168939997, 0.29890402186269427]",1,-1
1204,[0.36536082 0.35501099],1,1,"[0.33650952271243567, 0.3695039184549852]",1,-1
1205,[0.37728809 0.353132  ],1,1,"[0.33650952271243567, 0.3695039184549852]",1,-1
1206,[0.34324625 0.40711327],1,1,"[0.33650952271243567, 0.3695039184549852]",1,-1
1207,[0.28532916 0.36885916],1,0,"[0.2473875480073203, 0.39401489827781994]",1,-1
1208,[0.34960157 0.37690726],1,1,"[0.33650952271243567, 0.3695039184549852]",1,-1
1209,[0.38939857 0.40353332],1,6,"[0.40123478470159024, 0.40656176249784554]",1,-1
1210,[0.38175665 0.38367621],1,6,"[0.40123478470159024, 0.40656176249784554]",1,-1
1211,[0.35631496 0.38911235],1,1,"[0.33650952271243567, 0.3695039184549852]",1,-1
1212,[0.4212319  0.41847521],1,6,"[0.40123478470159024, 0.40656176249784554]",1,-1
1213,[0.42864619 0.41244831],1,6,"[0.40123478470159024, 0.40656176249784554]",1,-1
1214,[0.32906661 0.43731171],1,13,"[0.32294489274299887, 0.4620611538839558]",1,-1
1215,[0.46464204 0.38648372],1,37,"[0.4780366509520634, 0.3686118735311782]",1,-1
1216,[0.25084127 0.29651855],1,7,"[0.2880919156697789, 0.2889500356712737]",1,-1
1217,[0.45754387 0.33369597],1,37,"[0.4780366509520634, 0.3686118735311782]",1,-1
1218,[0.43861877 0.47734529],1,18,"[0.4203234088660354, 0.508036417947434]",1,-1
1219,[0.35497856 0.34225416],1,1,"[0.33650952271243567, 0.3695039184549852]",1,-1
1220,[0.34285691 0.32846727],1,1,"[0.33650952271243567, 0.3695039184549852]",1,-1
1221,[0.36688707 0.36429194],1,1,"[0.33650952271243567, 0.3695039184549852]",1,-1
1222,[0.3631261  0.43448525],1,6,"[0.40123478470159024, 0.40656176249784554]",1,-1
1223,[0.32784837 0.35514734],1,1,"[0.33650952271243567, 0.3695039184549852]",1,-1
1224,[0.31060003 0.42590494],1,13,"[0.32294489274299887, 0.4620611538839558]",1,-1
1225,[0.41386362 0.34610874],1,4,"[0.3937233168939997, 0.29890402186269427]",1,-1
1226,[0.430884   0.39661076],1,6,"[0.40123478470159024, 0.40656176249784554]",1,-1
1227,[0.35149537 0.43052607],1,13,"[0.32294489274299887, 0.4620611538839558]",1,-1
1228,[0.36929685 0.38128771],1,1,"[0.33650952271243567, 0.3695039184549852]",1,-1
1229,[0.34839049 0.30062174],1,4,"[0.3937233168939997, 0.29890402186269427]",1,-1
1230,[0.34365355 0.27242268],1,4,"[0.3937233168939997, 0.29890402186269427]",1,-1
1231,[0.47212098 0.40447762],1,37,"[0.4780366509520634, 0.3686118735311782]",1,-1
1232,[0.35058103 0.36832415],1,1,"[0.33650952271243567, 0.3695039184549852]",1,-1
1233,[0.36430897 0.36413874],1,1,"[0.33650952271243567, 0.3695039184549852]",1,-1
1234,[0.25029689 0.4238382 ],1,0,"[0.2473875480073203, 0.39401489827781994]",1,-1
1235,[0.2837211  0.32072403],1,7,"[0.2880919156697789, 0.2889500356712737]",1,-1
1236,[0.36128492 0.40999828],1,6,"[0.40123478470159024, 0.40656176249784554]",1,-1
1237,[0.41986168 0.34447228],1,4,"[0.3937233168939997, 0.29890402186269427]",1,-1
1238,[0.31751838 0.3231512 ],1,7,"[0.2880919156697789, 0.2889500356712737]",1,62
1239,[0.38636966 0.4111711 ],1,6,"[0.40123478470159024, 0.40656176249784554]",1,-1
1240,[0.38727576 0.35107737],1,4,"[0.3937233168939997, 0.29890402186269427]",1,-1
1241,[0.29042769 0.3251826 ],1,7,"[0.2880919156697789, 0.2889500356712737]",1,-1
1242,[0.39170848 0.38790062],1,6,"[0.40123478470159024, 0.40656176249784554]",1,78
1243,[0.37850568 0.37788807],1,6,"[0.40123478470159024, 0.40656176249784554]",1,78
1244,[0.48451641 0.36792077],1,37,"[0.4780366509520634, 0.3686118735311782]",1,-1
1245,[0.35720643 0.33796779],1,1,"[0.33650952271243567, 0.3695039184549852]",1,-1
1246,[0.38686539 0.32329078],1,4,"[0.3937233168939997, 0.29890402186269427]",1,-1
1247,[0.3808603  0.39318343],1,6,"[0.40123478470159024, 0.40656176249784554]",1,-1
1248,[0.3991708  0.38844871],1,6,"[0.40123478470159024, 0.40656176249784554]",1,-1
1249,[0.42717317 0.38557676],1,6,"[0.40123478470159024, 0.40656176249784554]",1,-1
1250,[0.36284445 0.37739036],1,1,"[0.33650952271243567, 0.3695039184549852]",1,-1
1251,[0.32575276 0.35642568],1,1,"[0.33650952271243567, 0.3695039184549852]",1,-1
1252,[0.35002125 0.37752707],1,1,"[0.33650952271243567, 0.3695039184549852]",1,-1
1253,[0.38196366 0.37333182],1,6,"[0.40123478470159024, 0.40656176249784554]",1,-1
1254,[0.38224489 0.44353459],1,6,"[0.40123478470159024, 0.40656176249784554]",1,-1
1255,[0.43439145 0.34955083],1,37,"[0.4780366509520634, 0.3686118735311782]",1,-1
1256,[0.40058406 0.44559702],1,6,"[0.40123478470159024, 0.40656176249784554]",1,-1
1257,[0.3128853  0.33942594],1,1,"[0.33650952271243567, 0.3695039184549852]",1,-1
1258,[0.40727029 0.40192678],1,6,"[0.40123478470159024, 0.40656176249784554]",1,-1
1259,[0.36156035 0.29564069],1,4,"[0.3937233168939997, 0.29890402186269427]",1,-1
1260,[0.35990411 0.38272611],1,1,"[0.33650952271243567, 0.3695039184549852]",1,-1
1261,[0.373892   0.31870535],1,4,"[0.3937233168939997, 0.29890402186269427]",1,-1
1262,[0.34211561 0.35601404],1,1,"[0.33650952271243567, 0.3695039184549852]",1,77
1263,[0.42649284 0.31519451],1,4,"[0.3937233168939997, 0.29890402186269427]",1,-1
1264,[0.40321959 0.34682914],1,4,"[0.3937233168939997, 0.29890402186269427]",1,-1
1265,[0.35403476 0.44866927],1,13,"[0.32294489274299887, 0.4620611538839558]",1,-1
1266,[0.36125121 0.35360768],1,1,"[0.33650952271243567, 0.3695039184549852]",1,-1
1267,[0.34164544 0.31649516],1,1,"[0.33650952271243567, 0.3695039184549852]",1,-1
1268,[0.43491807 0.43173453],1,6,"[0.40123478470159024, 0.40656176249784554]",1,-1
1269,[0.39181802 0.34240359],1,4,"[0.3937233168939997, 0.29890402186269427]",1,-1
1270,[0.28567393 0.46276037],1,13,"[0.32294489274299887, 0.4620611538839558]",1,-1
1271,[0.37777108 0.39335552],1,6,"[0.40123478470159024, 0.40656176249784554]",1,-1
1272,[0.32710533 0.38796966],1,1,"[0.33650952271243567, 0.3695039184549852]",1,-1
1273,[0.4185796  0.38248012],1,6,"[0.40123478470159024, 0.40656176249784554]",1,-1
1274,[0.31723761 0.31139563],1,7,"[0.2880919156697789, 0.2889500356712737]",1,-1
1275,[0.35429015 0.35469067],1,1,"[0.33650952271243567, 0.3695039184549852]",1,-1
1276,[0.40956942 0.40703677],1,6,"[0.40123478470159024, 0.40656176249784554]",1,-1
1277,[0.35546559 0.34696067],1,1,"[0.33650952271243567, 0.3695039184549852]",1,76
1278,[0.34940413 0.46792585],1,13,"[0.32294489274299887, 0.4620611538839558]",1,-1
1279,[0.36449578 0.30483512],1,4,"[0.3937233168939997, 0.29890402186269427]",1,-1
1280,[0.42740317 0.4100644 ],1,6,"[0.40123478470159024, 0.40656176249784554]",1,-1
1281,[0.3698832  0.38227975],1,1,"[0.33650952271243567, 0.3695039184549852]",1,-1
1282,[0.36393279 0.31557729],1,4,"[0.3937233168939997, 0.29890402186269427]",1,-1
1283,[0.39274896 0.35400068],1,6,"[0.40123478470159024, 0.40656176249784554]",1,-1
1284,[0.33863886 0.31987559],1,1,"[0.33650952271243567, 0.3695039184549852]",1,-1
1285,[0.29042915 0.32899773],1,7,"[0.2880919156697789, 0.2889500356712737]",1,-1
1286,[0.3742408 0.4000233],1,6,"[0.40123478470159024, 0.40656176249784554]",1,-1
1287,[0.37250267 0.41146172],1,6,"[0.40123478470159024, 0.40656176249784554]",1,-1
1288,[0.33843793 0.21278562],1,31,"[0.29817086118518243, 0.1888907481789387]",1,-1
1289,[0.36433609 0.41331965],1,6,"[0.40123478470159024, 0.40656176249784554]",1,-1
1290,[0.33981169 0.32617621],1,1,"[0.33650952271243567, 0.3695039184549852]",1,-1
1291,[0.38365934 0.33265068],1,4,"[0.3937233168939997, 0.29890402186269427]",1,-1
1292,[0.31114846 0.40998682],1,1,"[0.33650952271243567, 0.3695039184549852]",1,-1
1293,[0.40985544 0.39410841],1,6,"[0.40123478470159024, 0.40656176249784554]",1,-1
1294,[0.32649197 0.34698424],1,1,"[0.33650952271243567, 0.3695039184549852]",1,-1
1295,[0.28261274 0.29002686],1,7,"[0.2880919156697789, 0.2889500356712737]",1,-1
1296,[0.26747408 0.37720724],1,0,"[0.2473875480073203, 0.39401489827781994]",1,-1
1297,[0.39308979 0.38082812],1,6,"[0.40123478470159024, 0.40656176249784554]",1,-1
1298,[0.39147191 0.36258376],1,6,"[0.40123478470159024, 0.40656176249784554]",1,73
1299,[0.41803675 0.29700483],1,4,"[0.3937233168939997, 0.29890402186269427]",1,-1
1300,[0.44707134 0.38796233],1,37,"[0.4780366509520634, 0.3686118735311782]",1,-1
1301,[0.37728685 0.40933248],1,6,"[0.40123478470159024, 0.40656176249784554]",1,-1
1302,[0.35916094 0.31585823],1,4,"[0.3937233168939997, 0.29890402186269427]",1,-1
1303,[0.28840257 0.32816788],1,7,"[0.2880919156697789, 0.2889500356712737]",1,-1
1304,[0.27245722 0.40422292],1,0,"[0.2473875480073203, 0.39401489827781994]",1,59
1305,[0.24358912 0.38683094],1,0,"[0.2473875480073203, 0.39401489827781994]",1,47
1306,[0.42056952 0.38638661],1,6,"[0.40123478470159024, 0.40656176249784554]",1,-1
1307,[0.40028761 0.40945594],1,6,"[0.40123478470159024, 0.40656176249784554]",1,-1
1308,[0.37595936 0.399054  ],1,6,"[0.40123478470159024, 0.40656176249784554]",1,79
1309,[0.29284808 0.49377797],1,13,"[0.32294489274299887, 0.4620611538839558]",1,-1
1310,[0.31942739 0.36789737],1,1,"[0.33650952271243567, 0.3695039184549852]",1,-1
1311,[0.34440154 0.34210148],1,1,"[0.33650952271243567, 0.3695039184549852]",1,-1
1312,[0.4729468  0.37087862],1,37,"[0.4780366509520634, 0.3686118735311782]",1,-1
1313,[0.31874302 0.40605395],1,1,"[0.33650952271243567, 0.3695039184549852]",1,-1
1314,[0.31009845 0.28440452],1,7,"[0.2880919156697789, 0.2889500356712737]",1,-1
1315,[0.3845208  0.39580932],1,6,"[0.40123478470159024, 0.40656176249784554]",1,-1
1316,[0.3404069  0.44946812],1,13,"[0.32294489274299887, 0.4620611538839558]",1,-1
1317,[0.32916602 0.44973088],1,13,"[0.32294489274299887, 0.4620611538839558]",1,-1
1318,[0.33707145 0.45381907],1,13,"[0.32294489274299887, 0.4620611538839558]",1,-1
1319,[0.30931791 0.3226898 ],1,7,"[0.2880919156697789, 0.2889500356712737]",1,-1
1320,[0.33678962 0.38202171],1,1,"[0.33650952271243567, 0.3695039184549852]",1,72
1321,[0.32351825 0.35835044],1,1,"[0.33650952271243567, 0.3695039184549852]",1,-1
1322,[0.37634458 0.34999167],1,1,"[0.33650952271243567, 0.3695039184549852]",1,-1
1323,[0.35060777 0.45525186],1,13,"[0.32294489274299887, 0.4620611538839558]",1,-1
1324,[0.2919412  0.27593243],1,7,"[0.2880919156697789, 0.2889500356712737]",1,-1
1325,[0.40595089 0.36403215],1,6,"[0.40123478470159024, 0.40656176249784554]",1,-1
1326,[0.33779595 0.3084103 ],1,7,"[0.2880919156697789, 0.2889500356712737]",1,-1
1327,[0.40223728 0.43359012],1,6,"[0.40123478470159024, 0.40656176249784554]",1,-1
1328,[0.38620979 0.38665614],1,6,"[0.40123478470159024, 0.40656176249784554]",1,78
1329,[0.27744211 0.32548643],1,7,"[0.2880919156697789, 0.2889500356712737]",1,27
1330,[0.37995246 0.36843118],1,1,"[0.33650952271243567, 0.3695039184549852]",1,73
1331,[0.34307269 0.32843166],1,1,"[0.33650952271243567, 0.3695039184549852]",1,-1
1332,[0.3109457  0.38528794],1,1,"[0.33650952271243567, 0.3695039184549852]",1,-1
1333,[0.43397289 0.32488073],1,4,"[0.3937233168939997, 0.29890402186269427]",1,-1
1334,[0.36487568 0.35960545],1,1,"[0.33650952271243567, 0.3695039184549852]",1,-1
1335,[0.35584063 0.34682309],1,1,"[0.33650952271243567, 0.3695039184549852]",1,76
1336,[0.29859275 0.51233152],1,13,"[0.32294489274299887, 0.4620611538839558]",1,-1
1337,[0.36724607 0.38957175],1,1,"[0.33650952271243567, 0.3695039184549852]",1,79
1338,[0.31052411 0.3360606 ],1,1,"[0.33650952271243567, 0.3695039184549852]",1,-1
1339,[0.31421488 0.33354086],1,1,"[0.33650952271243567, 0.3695039184549852]",1,-1
1340,[0.35055324 0.29025186],1,4,"[0.3937233168939997, 0.29890402186269427]",1,-1
1341,[0.30621917 0.38755173],1,1,"[0.33650952271243567, 0.3695039184549852]",1,-1
1342,[0.34834594 0.38593708],1,1,"[0.33650952271243567, 0.3695039184549852]",1,-1
1343,[0.42071742 0.36840001],1,6,"[0.40123478470159024, 0.40656176249784554]",1,-1
1344,[0.34267731 0.44839922],1,13,"[0.32294489274299887, 0.4620611538839558]",1,-1
1345,[0.36258581 0.2485986 ],1,4,"[0.3937233168939997, 0.29890402186269427]",1,-1
1346,[0.40166225 0.43040381],1,6,"[0.40123478470159024, 0.40656176249784554]",1,-1
1347,[0.3330671  0.33277944],1,1,"[0.33650952271243567, 0.3695039184549852]",1,62
1348,[0.34225045 0.38283285],1,1,"[0.33650952271243567, 0.3695039184549852]",1,72
1349,[0.33888241 0.34898812],1,1,"[0.33650952271243567, 0.3695039184549852]",1,77
1350,[0.42731625 0.3786905 ],1,6,"[0.40123478470159024, 0.40656176249784554]",1,-1
1351,[0.30264122 0.44164205],1,13,"[0.32294489274299887, 0.4620611538839558]",1,-1
1352,[0.38979668 0.4617065 ],1,18,"[0.4203234088660354, 0.508036417947434]",1,50
1353,[0.33152309 0.38389007],1,1,"[0.33650952271243567, 0.3695039184549852]",1,-1
1354,[0.46669531 0.31741159],1,37,"[0.4780366509520634, 0.3686118735311782]",1,-1
1355,[0.3305025  0.32679438],1,1,"[0.33650952271243567, 0.3695039184549852]",1,-1
1356,[0.45421227 0.39581466],1,37,"[0.4780366509520634, 0.3686118735311782]",1,-1
1357,[0.29519423 0.41770665],1,13,"[0.32294489274299887, 0.4620611538839558]",1,-1
1358,[0.45369448 0.42527359],1,35,"[0.491626887866141, 0.45015531396212327]",1,-1
1359,[0.44950661 0.37028061],1,37,"[0.4780366509520634, 0.3686118735311782]",1,-1
1360,[0.35167559 0.32122529],1,4,"[0.3937233168939997, 0.29890402186269427]",1,-1
1361,[0.2534138  0.36561156],1,0,"[0.2473875480073203, 0.39401489827781994]",1,-1
1362,[0.35355639 0.34455902],1,1,"[0.33650952271243567, 0.3695039184549852]",1,-1
1363,[0.37318352 0.37990647],1,1,"[0.33650952271243567, 0.3695039184549852]",1,78
1364,[0.40803508 0.38304191],1,6,"[0.40123478470159024, 0.40656176249784554]",1,-1
1365,[0.39352242 0.34702017],1,4,"[0.3937233168939997, 0.29890402186269427]",1,71
1366,[0.38891169 0.39115901],1,6,"[0.40123478470159024, 0.40656176249784554]",1,-1
1367,[0.32126289 0.26259459],1,7,"[0.2880919156697789, 0.2889500356712737]",1,-1
1368,[0.38469265 0.36109735],1,6,"[0.40123478470159024, 0.40656176249784554]",1,73
1369,[0.37506636 0.42884383],1,6,"[0.40123478470159024, 0.40656176249784554]",1,-1
1370,[0.34937501 0.40456218],1,1,"[0.33650952271243567, 0.3695039184549852]",1,-1
1371,[0.34800145 0.41778941],1,1,"[0.33650952271243567, 0.3695039184549852]",1,-1
1372,[0.32248016 0.27684598],1,7,"[0.2880919156697789, 0.2889500356712737]",1,-1
1373,[0.42462871 0.35242745],1,37,"[0.4780366509520634, 0.3686118735311782]",1,-1
1374,[0.30902155 0.38319317],1,1,"[0.33650952271243567, 0.3695039184549852]",1,-1
1375,[0.35983664 0.48527652],1,13,"[0.32294489274299887, 0.4620611538839558]",1,-1
1376,[0.37923104 0.32147501],1,4,"[0.3937233168939997, 0.29890402186269427]",1,-1
1377,[0.34048964 0.35499934],1,1,"[0.33650952271243567, 0.3695039184549852]",1,77
1378,[0.31947705 0.31530581],1,7,"[0.2880919156697789, 0.2889500356712737]",1,-1
1379,[0.39905712 0.25066046],1,4,"[0.3937233168939997, 0.29890402186269427]",1,-1
1380,[0.36276391 0.33083489],1,4,"[0.3937233168939997, 0.29890402186269427]",1,-1
1381,[0.29518694 0.35703492],1,1,"[0.33650952271243567, 0.3695039184549852]",1,-1
1382,[0.37099771 0.3190514 ],1,4,"[0.3937233168939997, 0.29890402186269427]",1,-1
1383,[0.34779944 0.35629166],1,1,"[0.33650952271243567, 0.3695039184549852]",1,-1
1384,[0.3760941  0.31412957],1,4,"[0.3937233168939997, 0.29890402186269427]",1,-1
1385,[0.2759975  0.39717867],1,0,"[0.2473875480073203, 0.39401489827781994]",1,59
1386,[0.37691139 0.39707499],1,6,"[0.40123478470159024, 0.40656176249784554]",1,-1
1387,[0.40516715 0.37659271],1,6,"[0.40123478470159024, 0.40656176249784554]",1,-1
1388,[0.38183012 0.27506989],1,4,"[0.3937233168939997, 0.29890402186269427]",1,-1
1389,[0.2657282  0.36682765],1,0,"[0.2473875480073203, 0.39401489827781994]",1,-1
1390,[0.39528693 0.38528287],1,6,"[0.40123478470159024, 0.40656176249784554]",1,78
1391,[0.39483546 0.37087493],1,6,"[0.40123478470159024, 0.40656176249784554]",1,-1
1392,[0.39987014 0.29182605],1,4,"[0.3937233168939997, 0.29890402186269427]",1,-1
1393,[0.36540901 0.34246268],1,1,"[0.33650952271243567, 0.3695039184549852]",1,-1
1394,[0.34856994 0.28311628],1,4,"[0.3937233168939997, 0.29890402186269427]",1,-1
1395,[0.35932102 0.354755  ],1,1,"[0.33650952271243567, 0.3695039184549852]",1,-1
1396,[0.35982    0.36177875],1,1,"[0.33650952271243567, 0.3695039184549852]",1,-1
1397,[0.37104528 0.44742457],1,13,"[0.32294489274299887, 0.4620611538839558]",1,-1
1398,[0.44681923 0.36931644],1,37,"[0.4780366509520634, 0.3686118735311782]",1,-1
1399,[0.3872581  0.39913349],1,6,"[0.40123478470159024, 0.40656176249784554]",1,-1
1400,[0.37470344 0.36655275],1,1,"[0.33650952271243567, 0.3695039184549852]",1,-1
1401,[0.41989322 0.41229103],1,6,"[0.40123478470159024, 0.40656176249784554]",1,-1
1402,[0.35148464 0.43273215],1,13,"[0.32294489274299887, 0.4620611538839558]",1,-1
1403,[0.40024852 0.2928711 ],1,4,"[0.3937233168939997, 0.29890402186269427]",1,-1
1404,[0.46523006 0.39246839],1,37,"[0.4780366509520634, 0.3686118735311782]",1,-1
1405,[0.34829441 0.3152906 ],1,4,"[0.3937233168939997, 0.29890402186269427]",1,-1
1406,[0.38597961 0.3614453 ],1,6,"[0.40123478470159024, 0.40656176249784554]",1,73
1407,[0.36718894 0.3842092 ],1,1,"[0.33650952271243567, 0.3695039184549852]",1,79
1408,[0.3012295  0.44131652],1,13,"[0.32294489274299887, 0.4620611538839558]",1,-1
1409,[0.41905448 0.43002414],1,6,"[0.40123478470159024, 0.40656176249784554]",1,-1
1410,[0.34814746 0.40708511],1,1,"[0.33650952271243567, 0.3695039184549852]",1,-1
1411,[0.33453218 0.33873514],1,1,"[0.33650952271243567, 0.3695039184549852]",1,-1
1412,[0.38213526 0.45162655],1,6,"[0.40123478470159024, 0.40656176249784554]",1,-1
1413,[0.34581126 0.33783082],1,1,"[0.33650952271243567, 0.3695039184549852]",1,-1
1414,[0.40577453 0.34235577],1,4,"[0.3937233168939997, 0.29890402186269427]",1,-1
1415,[0.44257734 0.4816176 ],1,18,"[0.4203234088660354, 0.508036417947434]",1,-1
1416,[0.36951995 0.31564874],1,4,"[0.3937233168939997, 0.29890402186269427]",1,-1
1417,[0.30263603 0.38155883],1,1,"[0.33650952271243567, 0.3695039184549852]",1,-1
1418,[0.34229753 0.38350046],1,1,"[0.33650952271243567, 0.3695039184549852]",1,72
1419,[0.32354376 0.32115554],1,7,"[0.2880919156697789, 0.2889500356712737]",1,-1
1420,[0.36663073 0.29396665],1,4,"[0.3937233168939997, 0.29890402186269427]",1,-1
1421,[0.36265058 0.45838858],1,13,"[0.32294489274299887, 0.4620611538839558]",1,-1
1422,[0.36732861 0.40210599],1,6,"[0.40123478470159024, 0.40656176249784554]",1,-1
1423,[0.30048497 0.39562807],1,1,"[0.33650952271243567, 0.3695039184549852]",1,-1
1424,[0.27700623 0.28387456],1,7,"[0.2880919156697789, 0.2889500356712737]",1,-1
1425,[0.25703107 0.39746636],1,0,"[0.2473875480073203, 0.39401489827781994]",1,-1
1426,[0.40082177 0.33178058],1,4,"[0.3937233168939997, 0.29890402186269427]",1,-1
1427,[0.40184097 0.28579772],1,4,"[0.3937233168939997, 0.29890402186269427]",1,-1
1428,[0.25613253 0.36329422],1,0,"[0.2473875480073203, 0.39401489827781994]",1,-1
1429,[0.38130308 0.34234113],1,4,"[0.3937233168939997, 0.29890402186269427]",1,-1
1430,[0.36623232 0.41173494],1,6,"[0.40123478470159024, 0.40656176249784554]",1,-1
1431,[0.39990311 0.38811722],1,6,"[0.40123478470159024, 0.40656176249784554]",1,-1
1432,[0.38493784 0.33803915],1,4,"[0.3937233168939997, 0.29890402186269427]",1,-1
1433,[0.37126764 0.32726003],1,4,"[0.3937233168939997, 0.29890402186269427]",1,-1
1434,[0.33549697 0.33341786],1,1,"[0.33650952271243567, 0.3695039184549852]",1,-1
1435,[0.41740805 0.37743274],1,6,"[0.40123478470159024, 0.40656176249784554]",1,-1
1436,[0.32772125 0.46362271],1,13,"[0.32294489274299887, 0.4620611538839558]",1,-1
1437,[0.33465427 0.44128087],1,13,"[0.32294489274299887, 0.4620611538839558]",1,-1
1438,[0.44158943 0.42707589],1,6,"[0.40123478470159024, 0.40656176249784554]",1,-1
1439,[0.38575236 0.32732848],1,4,"[0.3937233168939997, 0.29890402186269427]",1,71
1440,[0.32985625 0.49652564],1,13,"[0.32294489274299887, 0.4620611538839558]",1,-1
1441,[0.3460205  0.35369656],1,1,"[0.33650952271243567, 0.3695039184549852]",1,-1
1442,[0.37322736 0.3340288 ],1,4,"[0.3937233168939997, 0.29890402186269427]",1,-1
1443,[0.36121223 0.38862403],1,1,"[0.33650952271243567, 0.3695039184549852]",1,-1
1444,[0.39900872 0.37087376],1,6,"[0.40123478470159024, 0.40656176249784554]",1,-1
1445,[0.48385492 0.36010385],1,37,"[0.4780366509520634, 0.3686118735311782]",1,-1
1446,[0.37399072 0.42770966],1,6,"[0.40123478470159024, 0.40656176249784554]",1,-1
1447,[0.32086268 0.37790837],1,1,"[0.33650952271243567, 0.3695039184549852]",1,72
1448,[0.26940205 0.33008564],1,7,"[0.2880919156697789, 0.2889500356712737]",1,27
1449,[0.32560274 0.29435414],1,7,"[0.2880919156697789, 0.2889500356712737]",1,-1
1450,[0.38583156 0.33188376],1,4,"[0.3937233168939997, 0.29890402186269427]",1,-1
1451,[0.30842324 0.43661665],1,13,"[0.32294489274299887, 0.4620611538839558]",1,-1
1452,[0.34045957 0.4226462 ],1,13,"[0.32294489274299887, 0.4620611538839558]",1,-1
1453,[0.34795691 0.45146774],1,13,"[0.32294489274299887, 0.4620611538839558]",1,-1
1454,[0.40654641 0.43771845],1,6,"[0.40123478470159024, 0.40656176249784554]",1,50
1455,[0.29933588 0.38268325],1,1,"[0.33650952271243567, 0.3695039184549852]",1,-1
1456,[0.39832243 0.48736246],1,18,"[0.4203234088660354, 0.508036417947434]",1,-1
1457,[0.40927015 0.40255814],1,6,"[0.40123478470159024, 0.40656176249784554]",1,-1
1458,[0.29433857 0.41768334],1,0,"[0.2473875480073203, 0.39401489827781994]",1,61
1459,[0.39189508 0.34153259],1,4,"[0.3937233168939997, 0.29890402186269427]",1,-1
1460,[0.39002289 0.47366946],1,18,"[0.4203234088660354, 0.508036417947434]",1,-1
1461,[0.38268767 0.44098024],1,6,"[0.40123478470159024, 0.40656176249784554]",1,-1
1462,[0.31972275 0.38015051],1,1,"[0.33650952271243567, 0.3695039184549852]",1,-1
1463,[0.35053448 0.32376139],1,1,"[0.33650952271243567, 0.3695039184549852]",1,-1
1464,[0.38416241 0.37194867],1,6,"[0.40123478470159024, 0.40656176249784554]",1,-1
1465,[0.32543209 0.30963209],1,7,"[0.2880919156697789, 0.2889500356712737]",1,-1
1466,[0.39281757 0.36932486],1,6,"[0.40123478470159024, 0.40656176249784554]",1,-1
1467,[0.31113179 0.38353698],1,1,"[0.33650952271243567, 0.3695039184549852]",1,-1
1468,[0.2973565  0.44003081],1,13,"[0.32294489274299887, 0.4620611538839558]",1,-1
1469,[0.33714979 0.40292099],1,1,"[0.33650952271243567, 0.3695039184549852]",1,-1
1470,[0.29964165 0.35012207],1,1,"[0.33650952271243567, 0.3695039184549852]",1,-1
1471,[0.31603081 0.35278632],1,1,"[0.33650952271243567, 0.3695039184549852]",1,-1
1472,[0.24399161 0.42025352],1,0,"[0.2473875480073203, 0.39401489827781994]",1,48
1473,[0.3493883  0.35371433],1,1,"[0.33650952271243567, 0.3695039184549852]",1,76
1474,[0.44165923 0.46839127],1,18,"[0.4203234088660354, 0.508036417947434]",1,-1
1475,[0.32665173 0.32696003],1,1,"[0.33650952271243567, 0.3695039184549852]",1,62
1476,[0.24968783 0.28721726],1,7,"[0.2880919156697789, 0.2889500356712737]",1,25
1477,[0.35694122 0.38959601],1,1,"[0.33650952271243567, 0.3695039184549852]",1,-1
1478,[0.33580941 0.44353226],1,13,"[0.32294489274299887, 0.4620611538839558]",1,-1
1479,[0.33868283 0.29926561],1,7,"[0.2880919156697789, 0.2889500356712737]",1,-1
1480,[0.40586303 0.36185349],1,6,"[0.40123478470159024, 0.40656176249784554]",1,-1
1481,[0.38222905 0.36018373],1,1,"[0.33650952271243567, 0.3695039184549852]",1,73
1482,[0.4075445  0.35797935],1,6,"[0.40123478470159024, 0.40656176249784554]",1,71
1483,[0.43516223 0.27412368],1,4,"[0.3937233168939997, 0.29890402186269427]",1,-1
1484,[0.27755102 0.37514831],1,0,"[0.2473875480073203, 0.39401489827781994]",1,-1
1485,[0.36153388 0.37016739],1,1,"[0.33650952271243567, 0.3695039184549852]",1,-1
1486,[0.39552349 0.40744065],1,6,"[0.40123478470159024, 0.40656176249784554]",1,-1
1487,[0.39843158 0.36407824],1,6,"[0.40123478470159024, 0.40656176249784554]",1,-1
1488,[0.38994754 0.28296781],1,4,"[0.3937233168939997, 0.29890402186269427]",1,-1
1489,[0.4463929  0.41525826],1,6,"[0.40123478470159024, 0.40656176249784554]",1,-1
1490,[0.36102537 0.26346519],1,4,"[0.3937233168939997, 0.29890402186269427]",1,-1
1491,[0.35017091 0.39287648],1,1,"[0.33650952271243567, 0.3695039184549852]",1,-1
1492,[0.39102711 0.33419359],1,4,"[0.3937233168939997, 0.29890402186269427]",1,71
1493,[0.34730054 0.36985607],1,1,"[0.33650952271243567, 0.3695039184549852]",1,72
1494,[0.46907355 0.36178808],1,37,"[0.4780366509520634, 0.3686118735311782]",1,-1
1495,[0.27927378 0.36035118],1,0,"[0.2473875480073203, 0.39401489827781994]",1,-1
1496,[0.33039334 0.41420487],1,1,"[0.33650952271243567, 0.3695039184549852]",1,-1
1497,[0.39170776 0.32009381],1,4,"[0.3937233168939997, 0.29890402186269427]",1,-1
1498,[0.35374178 0.44772011],1,13,"[0.32294489274299887, 0.4620611538839558]",1,-1
1499,[0.31057369 0.37026591],1,1,"[0.33650952271243567, 0.3695039184549852]",1,-1
1500,[0.3757936  0.32461885],1,4,"[0.3937233168939997, 0.29890402186269427]",1,-1
1501,[0.43458395 0.32253293],1,4,"[0.3937233168939997, 0.29890402186269427]",1,-1
1502,[0.33146053 0.37608272],1,1,"[0.33650952271243567, 0.3695039184549852]",1,72
1503,[0.37270211 0.40302483],1,6,"[0.40123478470159024, 0.40656176249784554]",1,79
1504,[0.31158931 0.46343884],1,13,"[0.32294489274299887, 0.4620611538839558]",1,-1
1505,[0.38225795 0.35474442],1,1,"[0.33650952271243567, 0.3695039184549852]",1,71
1506,[0.34980281 0.24384899],1,-1,-1,1,-1
1507,[0.35131805 0.33546648],1,1,"[0.33650952271243567, 0.3695039184549852]",1,-1
1508,[0.34290327 0.34361147],1,1,"[0.33650952271243567, 0.3695039184549852]",1,-1
1509,[0.45215587 0.33959121],1,37,"[0.4780366509520634, 0.3686118735311782]",1,-1
1510,[0.43963673 0.26163773],1,4,"[0.3937233168939997, 0.29890402186269427]",1,-1
1511,[0.40589999 0.42514675],1,6,"[0.40123478470159024, 0.40656176249784554]",1,-1
1512,[0.30908556 0.29652836],1,7,"[0.2880919156697789, 0.2889500356712737]",1,-1
1513,[0.45214769 0.26566403],1,4,"[0.3937233168939997, 0.29890402186269427]",1,-1
1514,[0.33272951 0.44872599],1,13,"[0.32294489274299887, 0.4620611538839558]",1,-1
1515,[0.45355994 0.39753202],1,37,"[0.4780366509520634, 0.3686118735311782]",1,-1
1516,[0.30151272 0.3124639 ],1,7,"[0.2880919156697789, 0.2889500356712737]",1,-1
1517,[0.41844935 0.41654762],1,6,"[0.40123478470159024, 0.40656176249784554]",1,-1
1518,[0.30462627 0.40315215],1,1,"[0.33650952271243567, 0.3695039184549852]",1,61
1519,[0.29549696 0.38932139],1,1,"[0.33650952271243567, 0.3695039184549852]",1,59
1520,[0.35119282 0.34824513],1,1,"[0.33650952271243567, 0.3695039184549852]",1,-1
1521,[0.33340857 0.43650282],1,13,"[0.32294489274299887, 0.4620611538839558]",1,-1
1522,[0.38285585 0.37713478],1,6,"[0.40123478470159024, 0.40656176249784554]",1,-1
1523,[0.35748469 0.36999635],1,1,"[0.33650952271243567, 0.3695039184549852]",1,-1
1524,[0.25760383 0.37496293],1,0,"[0.2473875480073203, 0.39401489827781994]",1,-1
1525,[0.35681662 0.34511625],1,1,"[0.33650952271243567, 0.3695039184549852]",1,76
1526,[0.36614281 0.44411347],1,13,"[0.32294489274299887, 0.4620611538839558]",1,-1
1527,[0.40460609 0.39576249],1,6,"[0.40123478470159024, 0.40656176249784554]",1,-1
1528,[0.39765328 0.45731577],1,6,"[0.40123478470159024, 0.40656176249784554]",1,50
1529,[0.28544004 0.34028873],1,7,"[0.2880919156697789, 0.2889500356712737]",1,-1
1530,[0.34650919 0.32463278],1,1,"[0.33650952271243567, 0.3695039184549852]",1,-1
1531,[0.36280755 0.31496265],1,4,"[0.3937233168939997, 0.29890402186269427]",1,-1
1532,[0.43920541 0.34246133],1,37,"[0.4780366509520634, 0.3686118735311782]",1,-1
1533,[0.35082398 0.44720298],1,13,"[0.32294489274299887, 0.4620611538839558]",1,-1
1534,[0.29804739 0.34062077],1,1,"[0.33650952271243567, 0.3695039184549852]",1,-1
1535,[0.44561203 0.41206949],1,6,"[0.40123478470159024, 0.40656176249784554]",1,-1
1536,[0.35562583 0.37401026],1,1,"[0.33650952271243567, 0.3695039184549852]",1,-1
1537,[0.28637722 0.42857062],1,13,"[0.32294489274299887, 0.4620611538839558]",1,-1
1538,[0.35684874 0.38029248],1,1,"[0.33650952271243567, 0.3695039184549852]",1,-1
1539,[0.30147786 0.44037453],1,13,"[0.32294489274299887, 0.4620611538839558]",1,-1
1540,[0.29228702 0.37309281],1,1,"[0.33650952271243567, 0.3695039184549852]",1,-1
1541,[0.31640972 0.3723646 ],1,1,"[0.33650952271243567, 0.3695039184549852]",1,-1
1542,[0.2911939  0.41371551],1,0,"[0.2473875480073203, 0.39401489827781994]",1,-1
1543,[0.33486062 0.32091002],1,1,"[0.33650952271243567, 0.3695039184549852]",1,-1
1544,[0.36053435 0.38943632],1,1,"[0.33650952271243567, 0.3695039184549852]",1,-1
1545,[0.38015223 0.40681776],1,6,"[0.40123478470159024, 0.40656176249784554]",1,79
1546,[0.38388886 0.30754778],1,4,"[0.3937233168939997, 0.29890402186269427]",1,-1
1547,[0.329211   0.41757084],1,13,"[0.32294489274299887, 0.4620611538839558]",1,-1
1548,[0.33402513 0.32100269],1,1,"[0.33650952271243567, 0.3695039184549852]",1,-1
1549,[0.40750784 0.39796399],1,6,"[0.40123478470159024, 0.40656176249784554]",1,-1
1550,[0.34634388 0.41411467],1,1,"[0.33650952271243567, 0.3695039184549852]",1,-1
1551,[0.37197213 0.30000005],1,4,"[0.3937233168939997, 0.29890402186269427]",1,-1
1552,[0.39875634 0.34456338],1,4,"[0.3937233168939997, 0.29890402186269427]",1,-1
1553,[0.31486169 0.32359559],1,7,"[0.2880919156697789, 0.2889500356712737]",1,62
1554,[0.37258094 0.42310008],1,6,"[0.40123478470159024, 0.40656176249784554]",1,-1
1555,[0.36747118 0.38369858],1,1,"[0.33650952271243567, 0.3695039184549852]",1,79
1556,[0.3502632  0.38651493],1,1,"[0.33650952271243567, 0.3695039184549852]",1,-1
1557,[0.37441636 0.35235975],1,1,"[0.33650952271243567, 0.3695039184549852]",1,-1
1558,[0.32745832 0.41137166],1,1,"[0.33650952271243567, 0.3695039184549852]",1,-1
1559,[0.38195461 0.42179775],1,6,"[0.40123478470159024, 0.40656176249784554]",1,-1
1560,[0.36084486 0.46540291],1,13,"[0.32294489274299887, 0.4620611538839558]",1,-1
1561,[0.40145616 0.4479534 ],1,6,"[0.40123478470159024, 0.40656176249784554]",1,50
1562,[0.41589002 0.31158712],1,4,"[0.3937233168939997, 0.29890402186269427]",1,-1
1563,[0.33726689 0.40251445],1,1,"[0.33650952271243567, 0.3695039184549852]",1,-1
1564,[0.45858546 0.33624437],1,37,"[0.4780366509520634, 0.3686118735311782]",1,-1
1565,[0.34247726 0.3255035 ],1,1,"[0.33650952271243567, 0.3695039184549852]",1,-1
1566,[0.35017403 0.38659252],1,1,"[0.33650952271243567, 0.3695039184549852]",1,-1
1567,[0.32194252 0.41289136],1,1,"[0.33650952271243567, 0.3695039184549852]",1,-1
1568,[0.41045121 0.46358796],1,18,"[0.4203234088660354, 0.508036417947434]",1,-1
1569,[0.32061276 0.4546605 ],1,13,"[0.32294489274299887, 0.4620611538839558]",1,-1
1570,[0.37052567 0.38523775],1,6,"[0.40123478470159024, 0.40656176249784554]",1,-1
1571,[0.35202598 0.367127  ],1,1,"[0.33650952271243567, 0.3695039184549852]",1,-1
1572,[0.31282385 0.53206181],1,44,"[0.30505443145580996, 0.5938366826632161]",1,-1
1573,[0.33776299 0.35870738],1,1,"[0.33650952271243567, 0.3695039184549852]",1,77
1574,[0.43619947 0.32142991],1,4,"[0.3937233168939997, 0.29890402186269427]",1,-1
1575,[0.34916131 0.45316157],1,13,"[0.32294489274299887, 0.4620611538839558]",1,-1
1576,[0.33067494 0.39507189],1,1,"[0.33650952271243567, 0.3695039184549852]",1,-1
1577,[0.3108958 0.3559608],1,1,"[0.33650952271243567, 0.3695039184549852]",1,-1
1578,[0.3863498  0.37358861],1,6,"[0.40123478470159024, 0.40656176249784554]",1,-1
1579,[0.36423306 0.43403298],1,6,"[0.40123478470159024, 0.40656176249784554]",1,-1
1580,[0.36232867 0.4256931 ],1,6,"[0.40123478470159024, 0.40656176249784554]",1,-1
1581,[0.3497984  0.38860309],1,1,"[0.33650952271243567, 0.3695039184549852]",1,-1
1582,[0.46323898 0.42475003],1,35,"[0.491626887866141, 0.45015531396212327]",1,-1
1583,[0.32724395 0.32543418],1,1,"[0.33650952271243567, 0.3695039184549852]",1,62
1584,[0.37254227 0.33904605],1,4,"[0.3937233168939997, 0.29890402186269427]",1,-1
1585,[0.34659892 0.3755112 ],1,1,"[0.33650952271243567, 0.3695039184549852]",1,-1
1586,[0.38661672 0.39374192],1,6,"[0.40123478470159024, 0.40656176249784554]",1,-1
1587,[0.42846956 0.39687457],1,6,"[0.40123478470159024, 0.40656176249784554]",1,-1
1588,[0.3364713  0.35016842],1,1,"[0.33650952271243567, 0.3695039184549852]",1,77
1589,[0.39768929 0.35913001],1,6,"[0.40123478470159024, 0.40656176249784554]",1,-1
1590,[0.37014543 0.36180296],1,1,"[0.33650952271243567, 0.3695039184549852]",1,-1
1591,[0.34921069 0.41722047],1,1,"[0.33650952271243567, 0.3695039184549852]",1,-1
1592,[0.32168968 0.39093118],1,1,"[0.33650952271243567, 0.3695039184549852]",1,-1
1593,[0.29215283 0.3930214 ],1,0,"[0.2473875480073203, 0.39401489827781994]",1,59
1594,[0.32354118 0.34224045],1,1,"[0.33650952271243567, 0.3695039184549852]",1,-1
1595,[0.33825894 0.47073414],1,13,"[0.32294489274299887, 0.4620611538839558]",1,-1
1596,[0.36394812 0.43007306],1,6,"[0.40123478470159024, 0.40656176249784554]",1,-1
1597,[0.38028964 0.39899358],1,6,"[0.40123478470159024, 0.40656176249784554]",1,79
1598,[0.33200189 0.35928233],1,1,"[0.33650952271243567, 0.3695039184549852]",1,-1
1599,[0.36852313 0.41791868],1,6,"[0.40123478470159024, 0.40656176249784554]",1,-1
1600,[0.29240322 0.38851609],1,0,"[0.2473875480073203, 0.39401489827781994]",1,-1
1601,[0.34023264 0.32435703],1,1,"[0.33650952271243567, 0.3695039184549852]",1,-1
1602,[0.33191255 0.37898154],1,1,"[0.33650952271243567, 0.3695039184549852]",1,72
1603,[0.36281218 0.36261911],1,1,"[0.33650952271243567, 0.3695039184549852]",1,-1
1604,[0.33651846 0.47015917],1,13,"[0.32294489274299887, 0.4620611538839558]",1,-1
1605,[0.29894803 0.47958441],1,13,"[0.32294489274299887, 0.4620611538839558]",1,-1
1606,[0.4060291  0.29828841],1,4,"[0.3937233168939997, 0.29890402186269427]",1,-1
1607,[0.39103334 0.41844423],1,6,"[0.40123478470159024, 0.40656176249784554]",1,-1
1608,[0.38558891 0.38153485],1,6,"[0.40123478470159024, 0.40656176249784554]",1,-1
1609,[0.3211868  0.45673511],1,13,"[0.32294489274299887, 0.4620611538839558]",1,-1
1610,[0.34450055 0.3809782 ],1,1,"[0.33650952271243567, 0.3695039184549852]",1,-1
1611,[0.34838487 0.41314972],1,1,"[0.33650952271243567, 0.3695039184549852]",1,-1
1612,[0.35427993 0.31530776],1,4,"[0.3937233168939997, 0.29890402186269427]",1,-1
1613,[0.37851338 0.45631846],1,6,"[0.40123478470159024, 0.40656176249784554]",1,-1
1614,[0.34575751 0.42299408],1,13,"[0.32294489274299887, 0.4620611538839558]",1,-1
1615,[0.434163   0.31199243],1,4,"[0.3937233168939997, 0.29890402186269427]",1,-1
1616,[0.27581968 0.35206082],1,0,"[0.2473875480073203, 0.39401489827781994]",1,-1
1617,[0.38307218 0.35537394],1,1,"[0.33650952271243567, 0.3695039184549852]",1,-1
1618,[0.33604666 0.37752044],1,1,"[0.33650952271243567, 0.3695039184549852]",1,72
1619,[0.37357501 0.36677842],1,1,"[0.33650952271243567, 0.3695039184549852]",1,-1
1620,[0.39705198 0.26010812],1,4,"[0.3937233168939997, 0.29890402186269427]",1,-1
1621,[0.34235552 0.4281925 ],1,13,"[0.32294489274299887, 0.4620611538839558]",1,-1
1622,[0.41132396 0.34734016],1,4,"[0.3937233168939997, 0.29890402186269427]",1,-1
1623,[0.33586387 0.32344651],1,1,"[0.33650952271243567, 0.3695039184549852]",1,-1
1624,[0.38249732 0.2794509 ],1,4,"[0.3937233168939997, 0.29890402186269427]",1,-1
1625,[0.33811161 0.35373122],1,1,"[0.33650952271243567, 0.3695039184549852]",1,77
1626,[0.30886303 0.31629463],1,7,"[0.2880919156697789, 0.2889500356712737]",1,-1
1627,[0.30347768 0.40863108],1,1,"[0.33650952271243567, 0.3695039184549852]",1,61
1628,[0.35596554 0.35118171],1,1,"[0.33650952271243567, 0.3695039184549852]",1,-1
1629,[0.341917   0.34985777],1,1,"[0.33650952271243567, 0.3695039184549852]",1,-1
1630,[0.42755562 0.52518974],1,18,"[0.4203234088660354, 0.508036417947434]",1,-1
1631,[0.35975978 0.34723413],1,1,"[0.33650952271243567, 0.3695039184549852]",1,76
1632,[0.3517196  0.35625493],1,1,"[0.33650952271243567, 0.3695039184549852]",1,-1
1633,[0.38157384 0.32159576],1,4,"[0.3937233168939997, 0.29890402186269427]",1,-1
1634,[0.42210975 0.39227463],1,6,"[0.40123478470159024, 0.40656176249784554]",1,-1
1635,[0.34626756 0.40950667],1,1,"[0.33650952271243567, 0.3695039184549852]",1,-1
1636,[0.39611761 0.33576793],1,4,"[0.3937233168939997, 0.29890402186269427]",1,-1
1637,[0.43751945 0.36385193],1,37,"[0.4780366509520634, 0.3686118735311782]",1,-1
1638,[0.39472759 0.40090383],1,6,"[0.40123478470159024, 0.40656176249784554]",1,-1
1639,[0.34938474 0.36098181],1,1,"[0.33650952271243567, 0.3695039184549852]",1,-1
1640,[0.38993032 0.36461601],1,6,"[0.40123478470159024, 0.40656176249784554]",1,73
1641,[0.34872656 0.32796306],1,1,"[0.33650952271243567, 0.3695039184549852]",1,-1
1642,[0.42502587 0.42775085],1,6,"[0.40123478470159024, 0.40656176249784554]",1,-1
1643,[0.41251395 0.3412713 ],1,4,"[0.3937233168939997, 0.29890402186269427]",1,-1
1644,[0.36613823 0.38192738],1,1,"[0.33650952271243567, 0.3695039184549852]",1,-1
1645,[0.37198192 0.40560075],1,6,"[0.40123478470159024, 0.40656176249784554]",1,-1
1646,[0.40810484 0.37997673],1,6,"[0.40123478470159024, 0.40656176249784554]",1,-1
1647,[0.35670091 0.33092577],1,1,"[0.33650952271243567, 0.3695039184549852]",1,-1
1648,[0.37165619 0.4047501 ],1,6,"[0.40123478470159024, 0.40656176249784554]",1,-1
1649,[0.38339779 0.40624965],1,6,"[0.40123478470159024, 0.40656176249784554]",1,-1
1650,[0.48540087 0.41302289],1,35,"[0.491626887866141, 0.45015531396212327]",1,-1
1651,[0.37713411 0.40501162],1,6,"[0.40123478470159024, 0.40656176249784554]",1,79
1652,[0.37179393 0.29880866],1,4,"[0.3937233168939997, 0.29890402186269427]",1,-1
1653,[0.30767867 0.38797469],1,1,"[0.33650952271243567, 0.3695039184549852]",1,-1
1654,[0.33955198 0.3950722 ],1,1,"[0.33650952271243567, 0.3695039184549852]",1,-1
1655,[0.39854018 0.34537999],1,4,"[0.3937233168939997, 0.29890402186269427]",1,-1
1656,[0.36246855 0.32621373],1,4,"[0.3937233168939997, 0.29890402186269427]",1,-1
1657,[0.38894294 0.4178052 ],1,6,"[0.40123478470159024, 0.40656176249784554]",1,-1
1658,[0.37230929 0.35724227],1,1,"[0.33650952271243567, 0.3695039184549852]",1,-1
1659,[0.31451476 0.33248415],1,1,"[0.33650952271243567, 0.3695039184549852]",1,-1
1660,[0.32721333 0.36944767],1,1,"[0.33650952271243567, 0.3695039184549852]",1,-1
1661,[0.40469967 0.42388885],1,6,"[0.40123478470159024, 0.40656176249784554]",1,-1
1662,[0.3420597  0.30479785],1,4,"[0.3937233168939997, 0.29890402186269427]",1,-1
1663,[0.34209897 0.37832746],1,1,"[0.33650952271243567, 0.3695039184549852]",1,-1
1664,[0.30922683 0.37929076],1,1,"[0.33650952271243567, 0.3695039184549852]",1,-1
1665,[0.35887359 0.4299543 ],1,13,"[0.32294489274299887, 0.4620611538839558]",1,-1
1666,[0.4000347  0.37386483],1,6,"[0.40123478470159024, 0.40656176249784554]",1,-1
1667,[0.40167111 0.40886181],1,6,"[0.40123478470159024, 0.40656176249784554]",1,-1
1668,[0.30409537 0.38537008],1,1,"[0.33650952271243567, 0.3695039184549852]",1,-1
1669,[0.31485413 0.34879494],1,1,"[0.33650952271243567, 0.3695039184549852]",1,-1
1670,[0.33546235 0.34050328],1,1,"[0.33650952271243567, 0.3695039184549852]",1,-1
1671,[0.38274747 0.37064073],1,6,"[0.40123478470159024, 0.40656176249784554]",1,-1
1672,[0.35101711 0.50419806],1,13,"[0.32294489274299887, 0.4620611538839558]",1,-1
1673,[0.38326531 0.36002463],1,1,"[0.33650952271243567, 0.3695039184549852]",1,73
1674,[0.33861477 0.43798808],1,13,"[0.32294489274299887, 0.4620611538839558]",1,-1
1675,[0.27389065 0.40582683],1,0,"[0.2473875480073203, 0.39401489827781994]",1,59
1676,[0.29918059 0.35461217],1,1,"[0.33650952271243567, 0.3695039184549852]",1,-1
1677,[0.40658336 0.35854602],1,6,"[0.40123478470159024, 0.40656176249784554]",1,71
1678,[0.32820911 0.45514615],1,13,"[0.32294489274299887, 0.4620611538839558]",1,-1
1679,[0.34425901 0.31889718],1,1,"[0.33650952271243567, 0.3695039184549852]",1,-1
1680,[0.36637792 0.39857133],1,6,"[0.40123478470159024, 0.40656176249784554]",1,79
1681,[0.36969097 0.35456308],1,1,"[0.33650952271243567, 0.3695039184549852]",1,-1
1682,[0.36737917 0.33792879],1,1,"[0.33650952271243567, 0.3695039184549852]",1,-1
1683,[0.39476588 0.4044506 ],1,6,"[0.40123478470159024, 0.40656176249784554]",1,-1
1684,[0.31124393 0.38533765],1,1,"[0.33650952271243567, 0.3695039184549852]",1,-1
1685,[0.35868624 0.38188105],1,1,"[0.33650952271243567, 0.3695039184549852]",1,-1
1686,[0.29938913 0.43471221],1,13,"[0.32294489274299887, 0.4620611538839558]",1,-1
1687,[0.2980367  0.30244201],1,7,"[0.2880919156697789, 0.2889500356712737]",1,-1
1688,[0.35373035 0.33893241],1,1,"[0.33650952271243567, 0.3695039184549852]",1,-1
1689,[0.39107064 0.43629528],1,6,"[0.40123478470159024, 0.40656176249784554]",1,-1
1690,[0.31597685 0.3817336 ],1,1,"[0.33650952271243567, 0.3695039184549852]",1,-1
1691,[0.35372122 0.38436232],1,1,"[0.33650952271243567, 0.3695039184549852]",1,-1
1692,[0.26814524 0.32131779],1,7,"[0.2880919156697789, 0.2889500356712737]",1,-1
1693,[0.30178214 0.2507358 ],1,7,"[0.2880919156697789, 0.2889500356712737]",1,-1
1694,[0.36404111 0.30891465],1,4,"[0.3937233168939997, 0.29890402186269427]",1,-1
1695,[0.31474615 0.33128919],1,1,"[0.33650952271243567, 0.3695039184549852]",1,-1
1696,[0.340582   0.34921169],1,1,"[0.33650952271243567, 0.3695039184549852]",1,-1
1697,[0.37105468 0.39348056],1,6,"[0.40123478470159024, 0.40656176249784554]",1,-1
1698,[0.37945578 0.4201571 ],1,6,"[0.40123478470159024, 0.40656176249784554]",1,-1
1699,[0.43638621 0.39405361],1,6,"[0.40123478470159024, 0.40656176249784554]",1,-1
1700,[0.37845937 0.2923077 ],1,4,"[0.3937233168939997, 0.29890402186269427]",1,-1
1701,[0.27048323 0.31132247],1,7,"[0.2880919156697789, 0.2889500356712737]",1,-1
1702,[0.34822183 0.32177428],1,1,"[0.33650952271243567, 0.3695039184549852]",1,-1
1703,[0.35546456 0.38963457],1,1,"[0.33650952271243567, 0.3695039184549852]",1,-1
1704,[0.35792834 0.35712654],1,1,"[0.33650952271243567, 0.3695039184549852]",1,-1
1705,[0.41256693 0.38858766],1,6,"[0.40123478470159024, 0.40656176249784554]",1,-1
1706,[0.39120536 0.38523245],1,6,"[0.40123478470159024, 0.40656176249784554]",1,-1
1707,[0.29707294 0.41557997],1,13,"[0.32294489274299887, 0.4620611538839558]",1,-1
1708,[0.38364241 0.33516869],1,4,"[0.3937233168939997, 0.29890402186269427]",1,-1
1709,[0.33532939 0.3356052 ],1,1,"[0.33650952271243567, 0.3695039184549852]",1,-1
1710,[0.36637839 0.42343481],1,6,"[0.40123478470159024, 0.40656176249784554]",1,-1
1711,[0.31585988 0.23992488],1,31,"[0.29817086118518243, 0.1888907481789387]",1,-1
1712,[0.41246121 0.46753161],1,18,"[0.4203234088660354, 0.508036417947434]",1,-1
1713,[0.42855611 0.39561499],1,6,"[0.40123478470159024, 0.40656176249784554]",1,-1
1714,[0.3909271 0.4472356],1,6,"[0.40123478470159024, 0.40656176249784554]",1,-1
1715,[0.41311264 0.37817245],1,6,"[0.40123478470159024, 0.40656176249784554]",1,-1
1716,[0.41634999 0.36257009],1,6,"[0.40123478470159024, 0.40656176249784554]",1,-1
1717,[0.44508362 0.41286109],1,6,"[0.40123478470159024, 0.40656176249784554]",1,-1
1718,[0.4031542  0.39001963],1,6,"[0.40123478470159024, 0.40656176249784554]",1,-1
1719,[0.44515044 0.47513967],1,18,"[0.4203234088660354, 0.508036417947434]",1,-1
1720,[0.325149   0.34322495],1,1,"[0.33650952271243567, 0.3695039184549852]",1,-1
1721,[0.4039143  0.28811863],1,4,"[0.3937233168939997, 0.29890402186269427]",1,-1
1722,[0.33934433 0.40767986],1,1,"[0.33650952271243567, 0.3695039184549852]",1,-1
1723,[0.29426694 0.38762401],1,1,"[0.33650952271243567, 0.3695039184549852]",1,59
1724,[0.35899562 0.34401978],1,1,"[0.33650952271243567, 0.3695039184549852]",1,76
1725,[0.38443482 0.40529171],1,6,"[0.40123478470159024, 0.40656176249784554]",1,-1
1726,[0.43857171 0.40017318],1,6,"[0.40123478470159024, 0.40656176249784554]",1,-1
1727,[0.36978555 0.41444749],1,6,"[0.40123478470159024, 0.40656176249784554]",1,-1
1728,[0.42458733 0.46355091],1,18,"[0.4203234088660354, 0.508036417947434]",1,-1
1729,[0.35950841 0.46251715],1,13,"[0.32294489274299887, 0.4620611538839558]",1,-1
1730,[0.39253667 0.38643874],1,6,"[0.40123478470159024, 0.40656176249784554]",1,-1
1731,[0.31085719 0.31794231],1,7,"[0.2880919156697789, 0.2889500356712737]",1,-1
1732,[0.44275351 0.35045004],1,37,"[0.4780366509520634, 0.3686118735311782]",1,-1
1733,[0.41593239 0.40135291],1,6,"[0.40123478470159024, 0.40656176249784554]",1,-1
1734,[0.31938741 0.31822197],1,7,"[0.2880919156697789, 0.2889500356712737]",1,-1
1735,[0.45841473 0.34975128],1,37,"[0.4780366509520634, 0.3686118735311782]",1,-1
1736,[0.37298137 0.42972795],1,6,"[0.40123478470159024, 0.40656176249784554]",1,-1
1737,[0.364199   0.34614497],1,1,"[0.33650952271243567, 0.3695039184549852]",1,76
1738,[0.4098461  0.40276147],1,6,"[0.40123478470159024, 0.40656176249784554]",1,-1
1739,[0.39702082 0.38616566],1,6,"[0.40123478470159024, 0.40656176249784554]",1,-1
1740,[0.34612528 0.29081424],1,4,"[0.3937233168939997, 0.29890402186269427]",1,-1
1741,[0.3482382 0.4013421],1,1,"[0.33650952271243567, 0.3695039184549852]",1,-1
1742,[0.45866332 0.43431257],1,35,"[0.491626887866141, 0.45015531396212327]",1,-1
1743,[0.36211777 0.31579475],1,4,"[0.3937233168939997, 0.29890402186269427]",1,-1
1744,[0.32396858 0.35346629],1,1,"[0.33650952271243567, 0.3695039184549852]",1,-1
1745,[0.43817112 0.28527869],1,4,"[0.3937233168939997, 0.29890402186269427]",1,-1
1746,[0.36271342 0.30410872],1,4,"[0.3937233168939997, 0.29890402186269427]",1,-1
1747,[0.34248387 0.36652647],1,1,"[0.33650952271243567, 0.3695039184549852]",1,-1
1748,[0.38126379 0.32752075],1,4,"[0.3937233168939997, 0.29890402186269427]",1,-1
1749,[0.39577735 0.40775564],1,6,"[0.40123478470159024, 0.40656176249784554]",1,-1
1750,[0.44624188 0.37967598],1,37,"[0.4780366509520634, 0.3686118735311782]",1,-1
1751,[0.4124419  0.45708802],1,18,"[0.4203234088660354, 0.508036417947434]",1,-1
1752,[0.37510783 0.32075755],1,4,"[0.3937233168939997, 0.29890402186269427]",1,-1
1753,[0.32624895 0.45944815],1,13,"[0.32294489274299887, 0.4620611538839558]",1,-1
1754,[0.37712537 0.33522158],1,4,"[0.3937233168939997, 0.29890402186269427]",1,-1
1755,[0.33740686 0.39418826],1,1,"[0.33650952271243567, 0.3695039184549852]",1,-1
1756,[0.38570758 0.28883783],1,4,"[0.3937233168939997, 0.29890402186269427]",1,-1
1757,[0.404094   0.31889037],1,4,"[0.3937233168939997, 0.29890402186269427]",1,-1
1758,[0.3479731  0.32761317],1,1,"[0.33650952271243567, 0.3695039184549852]",1,-1
1759,[0.40658522 0.37486949],1,6,"[0.40123478470159024, 0.40656176249784554]",1,-1
1760,[0.35613835 0.34205813],1,1,"[0.33650952271243567, 0.3695039184549852]",1,-1
1761,[0.38110274 0.36376519],1,1,"[0.33650952271243567, 0.3695039184549852]",1,73
1762,[0.37226928 0.31066101],1,4,"[0.3937233168939997, 0.29890402186269427]",1,-1
1763,[0.32171216 0.42043875],1,13,"[0.32294489274299887, 0.4620611538839558]",1,-1
1764,[0.35802148 0.32208337],1,4,"[0.3937233168939997, 0.29890402186269427]",1,-1
1765,[0.36818272 0.45031243],1,13,"[0.32294489274299887, 0.4620611538839558]",1,-1
1766,[0.37864843 0.37375548],1,6,"[0.40123478470159024, 0.40656176249784554]",1,-1
1767,[0.40863482 0.29276151],1,4,"[0.3937233168939997, 0.29890402186269427]",1,-1
1768,[0.37185026 0.28980848],1,4,"[0.3937233168939997, 0.29890402186269427]",1,-1
1769,[0.27199115 0.34657845],1,0,"[0.2473875480073203, 0.39401489827781994]",1,-1
1770,[0.40988265 0.38747996],1,6,"[0.40123478470159024, 0.40656176249784554]",1,-1
1771,[0.39369795 0.39516295],1,6,"[0.40123478470159024, 0.40656176249784554]",1,-1
1772,[0.42824427 0.36071006],1,37,"[0.4780366509520634, 0.3686118735311782]",1,-1
1773,[0.36896178 0.38770782],1,1,"[0.33650952271243567, 0.3695039184549852]",1,-1
1774,[0.3848411  0.40485315],1,6,"[0.40123478470159024, 0.40656176249784554]",1,-1
1775,[0.39453095 0.33479209],1,4,"[0.3937233168939997, 0.29890402186269427]",1,-1
1776,[0.26408689 0.32657913],1,7,"[0.2880919156697789, 0.2889500356712737]",1,-1
1777,[0.27325911 0.41178453],1,0,"[0.2473875480073203, 0.39401489827781994]",1,-1
1778,[0.4106019  0.37503185],1,6,"[0.40123478470159024, 0.40656176249784554]",1,-1
1779,[0.33917459 0.49717545],1,13,"[0.32294489274299887, 0.4620611538839558]",1,-1
1780,[0.3518886  0.40920981],1,1,"[0.33650952271243567, 0.3695039184549852]",1,-1
1781,[0.3499124  0.35478326],1,1,"[0.33650952271243567, 0.3695039184549852]",1,76
1782,[0.47911178 0.35507657],1,37,"[0.4780366509520634, 0.3686118735311782]",1,-1
1783,[0.44371897 0.39353634],1,37,"[0.4780366509520634, 0.3686118735311782]",1,-1
1784,[0.35258807 0.49875137],1,13,"[0.32294489274299887, 0.4620611538839558]",1,-1
1785,[0.31852616 0.29369326],1,7,"[0.2880919156697789, 0.2889500356712737]",1,-1
1786,[0.2940485  0.40265821],1,0,"[0.2473875480073203, 0.39401489827781994]",1,-1
1787,[0.37980849 0.40839871],1,6,"[0.40123478470159024, 0.40656176249784554]",1,-1
1788,[0.24711569 0.40313584],1,0,"[0.2473875480073203, 0.39401489827781994]",1,-1
1789,[0.33415022 0.29413646],1,7,"[0.2880919156697789, 0.2889500356712737]",1,-1
1790,[0.33890521 0.39849908],1,1,"[0.33650952271243567, 0.3695039184549852]",1,-1
1791,[0.43892745 0.44933258],1,35,"[0.491626887866141, 0.45015531396212327]",1,-1
1792,[0.36982685 0.33397102],1,4,"[0.3937233168939997, 0.29890402186269427]",1,-1
1793,[0.41110676 0.30494499],1,4,"[0.3937233168939997, 0.29890402186269427]",1,-1
1794,[0.42325771 0.38567668],1,6,"[0.40123478470159024, 0.40656176249784554]",1,-1
1795,[0.32202101 0.26728308],1,7,"[0.2880919156697789, 0.2889500356712737]",1,-1
1796,[0.33647577 0.41052156],1,1,"[0.33650952271243567, 0.3695039184549852]",1,-1
1797,[0.26560255 0.31595717],1,7,"[0.2880919156697789, 0.2889500356712737]",1,-1
1798,[0.3928538  0.34244326],1,4,"[0.3937233168939997, 0.29890402186269427]",1,71
1799,[0.41334562 0.36957497],1,6,"[0.40123478470159024, 0.40656176249784554]",1,-1
1800,[0.42271119 0.37013933],1,6,"[0.40123478470159024, 0.40656176249784554]",1,-1
1801,[0.37050745 0.35902993],1,1,"[0.33650952271243567, 0.3695039184549852]",1,-1
1802,[0.40046499 0.39566476],1,6,"[0.40123478470159024, 0.40656176249784554]",1,-1
1803,[0.37545929 0.41831852],1,6,"[0.40123478470159024, 0.40656176249784554]",1,-1
1804,[0.30984916 0.46684265],1,13,"[0.32294489274299887, 0.4620611538839558]",1,-1
1805,[0.36839191 0.38044954],1,1,"[0.33650952271243567, 0.3695039184549852]",1,-1
1806,[0.34532167 0.42961427],1,13,"[0.32294489274299887, 0.4620611538839558]",1,-1
1807,[0.26948045 0.34640246],1,0,"[0.2473875480073203, 0.39401489827781994]",1,-1
1808,[0.34343289 0.40165687],1,1,"[0.33650952271243567, 0.3695039184549852]",1,-1
1809,[0.26959197 0.45330952],1,13,"[0.32294489274299887, 0.4620611538839558]",1,29
1810,[0.375963   0.33712774],1,4,"[0.3937233168939997, 0.29890402186269427]",1,-1
1811,[0.34825445 0.30080742],1,4,"[0.3937233168939997, 0.29890402186269427]",1,-1
1812,[0.31191796 0.31636642],1,7,"[0.2880919156697789, 0.2889500356712737]",1,-1
1813,[0.37061856 0.4050612 ],1,6,"[0.40123478470159024, 0.40656176249784554]",1,-1
1814,[0.33284007 0.39865582],1,1,"[0.33650952271243567, 0.3695039184549852]",1,-1
1815,[0.27037007 0.28150462],1,7,"[0.2880919156697789, 0.2889500356712737]",1,-1
1816,[0.28068905 0.41741732],1,0,"[0.2473875480073203, 0.39401489827781994]",1,-1
1817,[0.38832714 0.34835745],1,4,"[0.3937233168939997, 0.29890402186269427]",1,71
1818,[0.33357773 0.35303951],1,1,"[0.33650952271243567, 0.3695039184549852]",1,77
1819,[0.32895557 0.39584791],1,1,"[0.33650952271243567, 0.3695039184549852]",1,61
1820,[0.39247669 0.30047411],1,4,"[0.3937233168939997, 0.29890402186269427]",1,-1
1821,[0.33079481 0.40323207],1,1,"[0.33650952271243567, 0.3695039184549852]",1,-1
1822,[0.28673416 0.33775678],1,7,"[0.2880919156697789, 0.2889500356712737]",1,-1
1823,[0.31133906 0.33513446],1,1,"[0.33650952271243567, 0.3695039184549852]",1,-1
1824,[0.39347709 0.36249303],1,6,"[0.40123478470159024, 0.40656176249784554]",1,-1
1825,[0.33247059 0.38294759],1,1,"[0.33650952271243567, 0.3695039184549852]",1,-1
1826,[0.35302018 0.30461737],1,4,"[0.3937233168939997, 0.29890402186269427]",1,-1
1827,[0.32390864 0.44443434],1,13,"[0.32294489274299887, 0.4620611538839558]",1,-1
1828,[0.43803954 0.33506085],1,37,"[0.4780366509520634, 0.3686118735311782]",1,-1
1829,[0.36579233 0.38971205],1,1,"[0.33650952271243567, 0.3695039184549852]",1,79
1830,[0.36895405 0.43236675],1,6,"[0.40123478470159024, 0.40656176249784554]",1,-1
1831,[0.46307568 0.43638769],1,35,"[0.491626887866141, 0.45015531396212327]",1,-1
1832,[0.4880799 0.3524412],1,37,"[0.4780366509520634, 0.3686118735311782]",1,-1
1833,[0.378136   0.35483148],1,1,"[0.33650952271243567, 0.3695039184549852]",1,-1
1834,[0.37011423 0.42265385],1,6,"[0.40123478470159024, 0.40656176249784554]",1,-1
1835,[0.33747113 0.29549508],1,7,"[0.2880919156697789, 0.2889500356712737]",1,-1
1836,[0.3626308  0.33507311],1,1,"[0.33650952271243567, 0.3695039184549852]",1,-1
1837,[0.38114722 0.36712267],1,6,"[0.40123478470159024, 0.40656176249784554]",1,-1
1838,[0.32717492 0.3411111 ],1,1,"[0.33650952271243567, 0.3695039184549852]",1,-1
1839,[0.30510336 0.39740289],1,1,"[0.33650952271243567, 0.3695039184549852]",1,-1
1840,[0.39965149 0.43647641],1,6,"[0.40123478470159024, 0.40656176249784554]",1,50
1841,[0.31352464 0.42302345],1,13,"[0.32294489274299887, 0.4620611538839558]",1,-1
1842,[0.36693001 0.30885204],1,4,"[0.3937233168939997, 0.29890402186269427]",1,-1
1843,[0.34550514 0.37902324],1,1,"[0.33650952271243567, 0.3695039184549852]",1,72
1844,[0.41380602 0.40228547],1,6,"[0.40123478470159024, 0.40656176249784554]",1,-1
1845,[0.27693414 0.33224849],1,7,"[0.2880919156697789, 0.2889500356712737]",1,27
1846,[0.51830268 0.37055439],1,37,"[0.4780366509520634, 0.3686118735311782]",1,-1
1847,[0.40463966 0.40053701],1,6,"[0.40123478470159024, 0.40656176249784554]",1,-1
1848,[0.36897672 0.3107225 ],1,4,"[0.3937233168939997, 0.29890402186269427]",1,-1
1849,[0.41815945 0.36615406],1,6,"[0.40123478470159024, 0.40656176249784554]",1,-1
1850,[0.30883352 0.36943738],1,1,"[0.33650952271243567, 0.3695039184549852]",1,-1
1851,[0.33385197 0.39702631],1,1,"[0.33650952271243567, 0.3695039184549852]",1,-1
1852,[0.42017861 0.30722699],1,4,"[0.3937233168939997, 0.29890402186269427]",1,-1
1853,[0.40241359 0.41136747],1,6,"[0.40123478470159024, 0.40656176249784554]",1,-1
1854,[0.4019923  0.43257191],1,6,"[0.40123478470159024, 0.40656176249784554]",1,-1
1855,[0.41086816 0.40966793],1,6,"[0.40123478470159024, 0.40656176249784554]",1,-1
1856,[0.25235441 0.26809581],1,7,"[0.2880919156697789, 0.2889500356712737]",1,-1
1857,[0.42769367 0.36552825],1,6,"[0.40123478470159024, 0.40656176249784554]",1,-1
1858,[0.39453707 0.4057045 ],1,6,"[0.40123478470159024, 0.40656176249784554]",1,-1
1859,[0.3901502  0.37186976],1,6,"[0.40123478470159024, 0.40656176249784554]",1,73
1860,[0.24348783 0.47328744],1,17,"[0.19949257984775934, 0.47737458183782433]",1,-1
1861,[0.38638833 0.40538853],1,6,"[0.40123478470159024, 0.40656176249784554]",1,-1
1862,[0.37060363 0.40160377],1,6,"[0.40123478470159024, 0.40656176249784554]",1,79
1863,[0.41613663 0.36306086],1,6,"[0.40123478470159024, 0.40656176249784554]",1,-1
1864,[0.33415301 0.34775849],1,1,"[0.33650952271243567, 0.3695039184549852]",1,-1
1865,[0.35293259 0.39212454],1,1,"[0.33650952271243567, 0.3695039184549852]",1,-1
1866,[0.28463454 0.35434997],1,1,"[0.33650952271243567, 0.3695039184549852]",1,-1
1867,[0.34721427 0.42224092],1,13,"[0.32294489274299887, 0.4620611538839558]",1,-1
1868,[0.37331138 0.37701744],1,1,"[0.33650952271243567, 0.3695039184549852]",1,-1
1869,[0.43618931 0.42975774],1,6,"[0.40123478470159024, 0.40656176249784554]",1,-1
1870,[0.41284135 0.37255497],1,6,"[0.40123478470159024, 0.40656176249784554]",1,-1
1871,[0.43168284 0.51698621],1,18,"[0.4203234088660354, 0.508036417947434]",1,-1
1872,[0.38993181 0.31334327],1,4,"[0.3937233168939997, 0.29890402186269427]",1,-1
1873,[0.32277482 0.42798732],1,13,"[0.32294489274299887, 0.4620611538839558]",1,-1
1874,[0.33484104 0.32718562],1,1,"[0.33650952271243567, 0.3695039184549852]",1,-1
1875,[0.2901674  0.39370129],1,0,"[0.2473875480073203, 0.39401489827781994]",1,59
1876,[0.27714155 0.37444962],1,0,"[0.2473875480073203, 0.39401489827781994]",1,-1
1877,[0.41090755 0.28655556],1,4,"[0.3937233168939997, 0.29890402186269427]",1,-1
1878,[0.40644739 0.32668202],1,4,"[0.3937233168939997, 0.29890402186269427]",1,-1
1879,[0.37753671 0.36244913],1,1,"[0.33650952271243567, 0.3695039184549852]",1,-1
1880,[0.35736122 0.39464718],1,1,"[0.33650952271243567, 0.3695039184549852]",1,-1
1881,[0.43796015 0.31562627],1,4,"[0.3937233168939997, 0.29890402186269427]",1,-1
1882,[0.35845355 0.32811911],1,4,"[0.3937233168939997, 0.29890402186269427]",1,-1
1883,[0.30632148 0.31627704],1,7,"[0.2880919156697789, 0.2889500356712737]",1,-1
1884,[0.37784333 0.28017897],1,4,"[0.3937233168939997, 0.29890402186269427]",1,-1
1885,[0.4208643  0.30528765],1,4,"[0.3937233168939997, 0.29890402186269427]",1,-1
1886,[0.35863176 0.42713321],1,6,"[0.40123478470159024, 0.40656176249784554]",1,-1
1887,[0.49417533 0.30220831],1,37,"[0.4780366509520634, 0.3686118735311782]",1,-1
1888,[0.38402833 0.43955626],1,6,"[0.40123478470159024, 0.40656176249784554]",1,-1
1889,[0.30956545 0.35573292],1,1,"[0.33650952271243567, 0.3695039184549852]",1,-1
1890,[0.29366453 0.30779729],1,7,"[0.2880919156697789, 0.2889500356712737]",1,-1
1891,[0.30414961 0.42899563],1,13,"[0.32294489274299887, 0.4620611538839558]",1,-1
1892,[0.28912531 0.29908242],1,7,"[0.2880919156697789, 0.2889500356712737]",1,-1
1893,[0.38153696 0.30744082],1,4,"[0.3937233168939997, 0.29890402186269427]",1,-1
1894,[0.29628417 0.41513095],1,0,"[0.2473875480073203, 0.39401489827781994]",1,-1
1895,[0.39258245 0.25557104],1,4,"[0.3937233168939997, 0.29890402186269427]",1,-1
1896,[0.32518127 0.42228612],1,13,"[0.32294489274299887, 0.4620611538839558]",1,-1
1897,[0.38571339 0.36321056],1,6,"[0.40123478470159024, 0.40656176249784554]",1,73
1898,[0.45109938 0.44018121],1,35,"[0.491626887866141, 0.45015531396212327]",1,-1
1899,[0.35041873 0.41579157],1,1,"[0.33650952271243567, 0.3695039184549852]",1,-1
1900,[0.47905733 0.38281401],1,37,"[0.4780366509520634, 0.3686118735311782]",1,-1
1901,[0.42014624 0.38798085],1,6,"[0.40123478470159024, 0.40656176249784554]",1,-1
1902,[0.43948279 0.4151493 ],1,6,"[0.40123478470159024, 0.40656176249784554]",1,-1
1903,[0.38371231 0.42956233],1,6,"[0.40123478470159024, 0.40656176249784554]",1,-1
1904,[0.29769886 0.39763915],1,1,"[0.33650952271243567, 0.3695039184549852]",1,-1
1905,[0.37629237 0.35301896],1,1,"[0.33650952271243567, 0.3695039184549852]",1,-1
1906,[0.30220502 0.33455485],1,7,"[0.2880919156697789, 0.2889500356712737]",1,-1
1907,[0.37604936 0.39514154],1,6,"[0.40123478470159024, 0.40656176249784554]",1,-1
1908,[0.43122167 0.41684996],1,6,"[0.40123478470159024, 0.40656176249784554]",1,-1
1909,[0.39803753 0.40082723],1,6,"[0.40123478470159024, 0.40656176249784554]",1,-1
1910,[0.38863727 0.34290758],1,4,"[0.3937233168939997, 0.29890402186269427]",1,-1
1911,[0.39365869 0.36571733],1,6,"[0.40123478470159024, 0.40656176249784554]",1,73
1912,[0.33783397 0.42315806],1,13,"[0.32294489274299887, 0.4620611538839558]",1,-1
1913,[0.34908545 0.26852084],1,4,"[0.3937233168939997, 0.29890402186269427]",1,-1
1914,[0.3822216  0.36197551],1,1,"[0.33650952271243567, 0.3695039184549852]",1,73
1915,[0.35728118 0.32936054],1,1,"[0.33650952271243567, 0.3695039184549852]",1,-1
1916,[0.32706731 0.42452414],1,13,"[0.32294489274299887, 0.4620611538839558]",1,-1
1917,[0.43381561 0.42256314],1,6,"[0.40123478470159024, 0.40656176249784554]",1,-1
1918,[0.42724985 0.35485534],1,37,"[0.4780366509520634, 0.3686118735311782]",1,-1
1919,[0.33140191 0.39062495],1,1,"[0.33650952271243567, 0.3695039184549852]",1,-1
1920,[0.28286264 0.36664485],1,0,"[0.2473875480073203, 0.39401489827781994]",1,-1
1921,[0.43483594 0.41778583],1,6,"[0.40123478470159024, 0.40656176249784554]",1,-1
1922,[0.41536254 0.34539267],1,4,"[0.3937233168939997, 0.29890402186269427]",1,-1
1923,[0.34511201 0.41783449],1,1,"[0.33650952271243567, 0.3695039184549852]",1,-1
1924,[0.32447213 0.34890299],1,1,"[0.33650952271243567, 0.3695039184549852]",1,-1
1925,[0.39683765 0.31527407],1,4,"[0.3937233168939997, 0.29890402186269427]",1,-1
1926,[0.42901461 0.29444784],1,4,"[0.3937233168939997, 0.29890402186269427]",1,-1
1927,[0.42740369 0.3735667 ],1,6,"[0.40123478470159024, 0.40656176249784554]",1,-1
1928,[0.27319587 0.35150938],1,0,"[0.2473875480073203, 0.39401489827781994]",1,-1
1929,[0.3526228  0.40321035],1,1,"[0.33650952271243567, 0.3695039184549852]",1,-1
1930,[0.31394324 0.40165942],1,1,"[0.33650952271243567, 0.3695039184549852]",1,-1
1931,[0.40344027 0.39133464],1,6,"[0.40123478470159024, 0.40656176249784554]",1,-1
1932,[0.3288457  0.44394882],1,13,"[0.32294489274299887, 0.4620611538839558]",1,-1
1933,[0.30003713 0.4033925 ],1,1,"[0.33650952271243567, 0.3695039184549852]",1,61
1934,[0.30735555 0.42877629],1,13,"[0.32294489274299887, 0.4620611538839558]",1,-1
1935,[0.41748158 0.3791013 ],1,6,"[0.40123478470159024, 0.40656176249784554]",1,-1
1936,[0.26423918 0.357058  ],1,0,"[0.2473875480073203, 0.39401489827781994]",1,-1
1937,[0.34977181 0.36483795],1,1,"[0.33650952271243567, 0.3695039184549852]",1,-1
1938,[0.41435464 0.41561914],1,6,"[0.40123478470159024, 0.40656176249784554]",1,-1
1939,[0.40183083 0.31172272],1,4,"[0.3937233168939997, 0.29890402186269427]",1,-1
1940,[0.30709698 0.41530707],1,13,"[0.32294489274299887, 0.4620611538839558]",1,-1
1941,[0.36649049 0.51861662],1,18,"[0.4203234088660354, 0.508036417947434]",1,-1
1942,[0.40756076 0.43705509],1,6,"[0.40123478470159024, 0.40656176249784554]",1,-1
1943,[0.21944701 0.27238279],1,15,"[0.188292755006214, 0.3253570325311902]",1,-1
1944,[0.43002683 0.36745508],1,37,"[0.4780366509520634, 0.3686118735311782]",1,-1
1945,[0.39625392 0.40736597],1,6,"[0.40123478470159024, 0.40656176249784554]",1,-1
1946,[0.38662369 0.35937754],1,6,"[0.40123478470159024, 0.40656176249784554]",1,-1
1947,[0.39937221 0.32467413],1,4,"[0.3937233168939997, 0.29890402186269427]",1,-1
1948,[0.29180909 0.31584703],1,7,"[0.2880919156697789, 0.2889500356712737]",1,-1
1949,[0.37947854 0.45274531],1,6,"[0.40123478470159024, 0.40656176249784554]",1,-1
1950,[0.28777519 0.3863648 ],1,0,"[0.2473875480073203, 0.39401489827781994]",1,-1
1951,[0.41421449 0.26392481],1,4,"[0.3937233168939997, 0.29890402186269427]",1,-1
1952,[0.34539526 0.37142258],1,1,"[0.33650952271243567, 0.3695039184549852]",1,-1
1953,[0.36123039 0.34628559],1,1,"[0.33650952271243567, 0.3695039184549852]",1,76
1954,[0.49677361 0.40192849],1,37,"[0.4780366509520634, 0.3686118735311782]",1,-1
1955,[0.37237925 0.33747456],1,4,"[0.3937233168939997, 0.29890402186269427]",1,-1
1956,[0.46978015 0.45453655],1,35,"[0.491626887866141, 0.45015531396212327]",1,-1
1957,[0.27593969 0.31398076],1,7,"[0.2880919156697789, 0.2889500356712737]",1,-1
1958,[0.38626604 0.34611784],1,4,"[0.3937233168939997, 0.29890402186269427]",1,-1
1959,[0.43792522 0.31747994],1,4,"[0.3937233168939997, 0.29890402186269427]",1,-1
1960,[0.40499362 0.44159503],1,6,"[0.40123478470159024, 0.40656176249784554]",1,50
1961,[0.43257463 0.36120898],1,37,"[0.4780366509520634, 0.3686118735311782]",1,-1
1962,[0.34887773 0.41275254],1,1,"[0.33650952271243567, 0.3695039184549852]",1,-1
1963,[0.35880597 0.37790554],1,1,"[0.33650952271243567, 0.3695039184549852]",1,-1
1964,[0.36974237 0.35956969],1,1,"[0.33650952271243567, 0.3695039184549852]",1,-1
1965,[0.37438398 0.36590122],1,1,"[0.33650952271243567, 0.3695039184549852]",1,-1
1966,[0.45428416 0.5104706 ],1,18,"[0.4203234088660354, 0.508036417947434]",1,-1
1967,[0.42300425 0.36599074],1,6,"[0.40123478470159024, 0.40656176249784554]",1,-1
1968,[0.39101912 0.30607353],1,4,"[0.3937233168939997, 0.29890402186269427]",1,-1
1969,[0.3536616  0.33924949],1,1,"[0.33650952271243567, 0.3695039184549852]",1,-1
1970,[0.33398394 0.36712053],1,1,"[0.33650952271243567, 0.3695039184549852]",1,-1
1971,[0.38809161 0.30907748],1,4,"[0.3937233168939997, 0.29890402186269427]",1,-1
1972,[0.29971907 0.41869459],1,13,"[0.32294489274299887, 0.4620611538839558]",1,-1
1973,[0.37815193 0.30009746],1,4,"[0.3937233168939997, 0.29890402186269427]",1,-1
1974,[0.47951786 0.25364391],1,-1,-1,1,-1
1975,[0.26093197 0.36038245],1,0,"[0.2473875480073203, 0.39401489827781994]",1,-1
1976,[0.36123253 0.39521103],1,1,"[0.33650952271243567, 0.3695039184549852]",1,79
1977,[0.24217519 0.36143972],1,0,"[0.2473875480073203, 0.39401489827781994]",1,-1
1978,[0.32265277 0.38472805],1,1,"[0.33650952271243567, 0.3695039184549852]",1,72
1979,[0.35638342 0.41751567],1,6,"[0.40123478470159024, 0.40656176249784554]",1,-1
1980,[0.3513206  0.26438368],1,4,"[0.3937233168939997, 0.29890402186269427]",1,-1
1981,[0.2993403  0.33627121],1,7,"[0.2880919156697789, 0.2889500356712737]",1,-1
1982,[0.38567206 0.35318806],1,1,"[0.33650952271243567, 0.3695039184549852]",1,-1
1983,[0.41011831 0.39319493],1,6,"[0.40123478470159024, 0.40656176249784554]",1,-1
1984,[0.25979145 0.36094929],1,0,"[0.2473875480073203, 0.39401489827781994]",1,-1
1985,[0.39637932 0.39870409],1,6,"[0.40123478470159024, 0.40656176249784554]",1,-1
1986,[0.39273515 0.45811538],1,6,"[0.40123478470159024, 0.40656176249784554]",1,50
1987,[0.40524111 0.37689187],1,6,"[0.40123478470159024, 0.40656176249784554]",1,-1
1988,[0.3821547  0.35649399],1,1,"[0.33650952271243567, 0.3695039184549852]",1,73
1989,[0.34181126 0.3808213 ],1,1,"[0.33650952271243567, 0.3695039184549852]",1,72
1990,[0.29482866 0.42934361],1,13,"[0.32294489274299887, 0.4620611538839558]",1,-1
1991,[0.38350013 0.31148844],1,4,"[0.3937233168939997, 0.29890402186269427]",1,-1
1992,[0.37391098 0.35064715],1,1,"[0.33650952271243567, 0.3695039184549852]",1,-1
1993,[0.33033658 0.34032279],1,1,"[0.33650952271243567, 0.3695039184549852]",1,-1
1994,[0.33061045 0.41967874],1,13,"[0.32294489274299887, 0.4620611538839558]",1,-1
1995,[0.29814803 0.3892967 ],1,1,"[0.33650952271243567, 0.3695039184549852]",1,-1
1996,[0.43173578 0.45257789],1,6,"[0.40123478470159024, 0.40656176249784554]",1,-1
1997,[0.34775675 0.38603908],1,1,"[0.33650952271243567, 0.3695039184549852]",1,-1
1998,[0.33590507 0.43496713],1,13,"[0.32294489274299887, 0.4620611538839558]",1,-1
1999,[0.35897527 0.31865004],1,4,"[0.3937233168939997, 0.29890402186269427]",1,-1
2000,[0.72696724 0.44005477],2,32,"[0.7535856051996079, 0.45307884495298306]",1,54
2001,[0.73018978 0.46028085],2,32,"[0.7535856051996079, 0.45307884495298306]",1,-1
2002,[0.66872472 0.42729923],2,30,"[0.6934973256581222, 0.4131681772802667]",1,56
2003,[0.68873151 0.31665233],2,29,"[0.7250576817720672, 0.30126581813471415]",1,-1
2004,[0.78326864 0.41811603],2,42,"[0.765559566045806, 0.37716611859716387]",1,-1
2005,[0.75875155 0.3782351 ],2,42,"[0.765559566045806, 0.37716611859716387]",1,-1
2006,[0.68175824 0.36535041],2,30,"[0.6934973256581222, 0.4131681772802667]",1,-1
2007,[0.71585983 0.3797348 ],2,30,"[0.6934973256581222, 0.4131681772802667]",1,-1
2008,[0.67679685 0.40728067],2,30,"[0.6934973256581222, 0.4131681772802667]",1,57
2009,[0.72955261 0.37247554],2,42,"[0.765559566045806, 0.37716611859716387]",1,-1
2010,[0.70461036 0.41759492],2,30,"[0.6934973256581222, 0.4131681772802667]",1,-1
2011,[0.63469496 0.41502224],2,28,"[0.6409610568572724, 0.3943628717562158]",1,-1
2012,[0.68727093 0.40187517],2,30,"[0.6934973256581222, 0.4131681772802667]",1,-1
2013,[0.74170781 0.38251439],2,42,"[0.765559566045806, 0.37716611859716387]",1,-1
2014,[0.76656171 0.46339938],2,32,"[0.7535856051996079, 0.45307884495298306]",1,-1
2015,[0.71957579 0.37080399],2,42,"[0.765559566045806, 0.37716611859716387]",1,-1
2016,[0.6558394  0.40066578],2,28,"[0.6409610568572724, 0.3943628717562158]",1,57
2017,[0.69377953 0.34140435],2,29,"[0.7250576817720672, 0.30126581813471415]",1,-1
2018,[0.75290066 0.36006482],2,42,"[0.765559566045806, 0.37716611859716387]",1,-1
2019,[0.70226833 0.35024817],2,29,"[0.7250576817720672, 0.30126581813471415]",1,-1
2020,[0.61167748 0.41023293],2,28,"[0.6409610568572724, 0.3943628717562158]",1,-1
2021,[0.70045972 0.46071667],2,26,"[0.6734889003123068, 0.4756404454441684]",1,-1
2022,[0.72425075 0.34996987],2,29,"[0.7250576817720672, 0.30126581813471415]",1,-1
2023,[0.69138059 0.34857081],2,29,"[0.7250576817720672, 0.30126581813471415]",1,-1
2024,[0.67293097 0.34153286],2,28,"[0.6409610568572724, 0.3943628717562158]",1,-1
2025,[0.72138061 0.42923573],2,30,"[0.6934973256581222, 0.4131681772802667]",1,54
2026,[0.72788965 0.43714094],2,32,"[0.7535856051996079, 0.45307884495298306]",1,54
2027,[0.67185356 0.4093719 ],2,30,"[0.6934973256581222, 0.4131681772802667]",1,57
2028,[0.71404712 0.34986126],2,29,"[0.7250576817720672, 0.30126581813471415]",1,-1
2029,[0.67329662 0.49406673],2,26,"[0.6734889003123068, 0.4756404454441684]",1,-1
2030,[0.64477657 0.39731188],2,28,"[0.6409610568572724, 0.3943628717562158]",1,-1
2031,[0.6142733  0.36059411],2,46,"[0.5877940429991866, 0.34550221910317963]",1,-1
2032,[0.74259132 0.4133671 ],2,32,"[0.7535856051996079, 0.45307884495298306]",1,-1
2033,[0.7790261  0.25279784],2,36,"[0.8010613954248607, 0.1951077488579437]",1,0
2034,[0.66821212 0.39609664],2,28,"[0.6409610568572724, 0.3943628717562158]",1,57
2035,[0.72971326 0.3513659 ],2,42,"[0.765559566045806, 0.37716611859716387]",1,-1
2036,[0.79003844 0.3628306 ],2,42,"[0.765559566045806, 0.37716611859716387]",1,-1
2037,[0.64283489 0.33776028],2,46,"[0.5877940429991866, 0.34550221910317963]",1,-1
2038,[0.78645258 0.33783845],2,42,"[0.765559566045806, 0.37716611859716387]",1,-1
2039,[0.74418164 0.37161486],2,42,"[0.765559566045806, 0.37716611859716387]",1,-1
2040,[0.6530218  0.40259244],2,28,"[0.6409610568572724, 0.3943628717562158]",1,57
2041,[0.68480916 0.28439796],2,29,"[0.7250576817720672, 0.30126581813471415]",1,-1
2042,[0.76008726 0.39142581],2,42,"[0.765559566045806, 0.37716611859716387]",1,-1
2043,[0.65946379 0.38325903],2,28,"[0.6409610568572724, 0.3943628717562158]",1,-1
2044,[0.6604979  0.34423888],2,28,"[0.6409610568572724, 0.3943628717562158]",1,-1
2045,[0.66712708 0.35604569],2,28,"[0.6409610568572724, 0.3943628717562158]",1,-1
2046,[0.75219087 0.41310429],2,42,"[0.765559566045806, 0.37716611859716387]",1,-1
2047,[0.60308376 0.41787029],2,27,"[0.5866068271601823, 0.4386408725933068]",1,-1
2048,[0.69439171 0.43022121],2,30,"[0.6934973256581222, 0.4131681772802667]",1,-1
2049,[0.72391524 0.4217483 ],2,30,"[0.6934973256581222, 0.4131681772802667]",1,-1
2050,[0.7612003  0.47590848],2,32,"[0.7535856051996079, 0.45307884495298306]",1,-1
2051,[0.66659628 0.3005683 ],2,29,"[0.7250576817720672, 0.30126581813471415]",1,-1
2052,[0.74831731 0.34091006],2,42,"[0.765559566045806, 0.37716611859716387]",1,-1
2053,[0.74690458 0.36802539],2,42,"[0.765559566045806, 0.37716611859716387]",1,-1
2054,[0.69988571 0.47931855],2,26,"[0.6734889003123068, 0.4756404454441684]",1,-1
2055,[0.65397977 0.30788597],2,-1,-1,1,-1
2056,[0.62903312 0.3725647 ],2,28,"[0.6409610568572724, 0.3943628717562158]",1,-1
2057,[0.76580602 0.38717445],2,42,"[0.765559566045806, 0.37716611859716387]",1,-1
2058,[0.69245826 0.35277856],2,30,"[0.6934973256581222, 0.4131681772802667]",1,-1
2059,[0.71169173 0.40604883],2,30,"[0.6934973256581222, 0.4131681772802667]",1,-1
2060,[0.74601532 0.33806651],2,29,"[0.7250576817720672, 0.30126581813471415]",1,-1
2061,[0.7134038  0.40170785],2,30,"[0.6934973256581222, 0.4131681772802667]",1,-1
2062,[0.69973644 0.36514043],2,30,"[0.6934973256581222, 0.4131681772802667]",1,-1
2063,[0.6698032  0.40649087],2,30,"[0.6934973256581222, 0.4131681772802667]",1,57
2064,[0.80979877 0.43576434],2,14,"[0.8486155699332081, 0.42850029565542425]",1,38
2065,[0.63769212 0.31920842],2,46,"[0.5877940429991866, 0.34550221910317963]",1,-1
2066,[0.80936333 0.4833824 ],2,3,"[0.8068810957052946, 0.5180547120844742]",1,-1
2067,[0.74191457 0.45466161],2,32,"[0.7535856051996079, 0.45307884495298306]",1,-1
2068,[0.72560364 0.36031037],2,42,"[0.765559566045806, 0.37716611859716387]",1,-1
2069,[0.64430481 0.40700619],2,28,"[0.6409610568572724, 0.3943628717562158]",1,57
2070,[0.78685118 0.3983103 ],2,42,"[0.765559566045806, 0.37716611859716387]",1,-1
2071,[0.60499659 0.26087638],2,-1,-1,-1,-1
2072,[0.67173989 0.38801396],2,28,"[0.6409610568572724, 0.3943628717562158]",1,-1
2073,[0.75702752 0.29387219],2,29,"[0.7250576817720672, 0.30126581813471415]",1,-1
2074,[0.70687147 0.33318859],2,29,"[0.7250576817720672, 0.30126581813471415]",1,-1
2075,[0.64108974 0.40368328],2,28,"[0.6409610568572724, 0.3943628717562158]",1,-1
2076,[0.70428076 0.44124686],2,30,"[0.6934973256581222, 0.4131681772802667]",1,-1
2077,[0.57623339 0.36490525],2,46,"[0.5877940429991866, 0.34550221910317963]",1,-1
2078,[0.61436232 0.35688165],2,46,"[0.5877940429991866, 0.34550221910317963]",1,-1
2079,[0.69119706 0.30102247],2,29,"[0.7250576817720672, 0.30126581813471415]",1,-1
2080,[0.75923251 0.443049  ],2,32,"[0.7535856051996079, 0.45307884495298306]",1,-1
2081,[0.6862753  0.32944914],2,29,"[0.7250576817720672, 0.30126581813471415]",1,-1
2082,[0.73745379 0.32783866],2,29,"[0.7250576817720672, 0.30126581813471415]",1,-1
2083,[0.75809224 0.33986344],2,42,"[0.765559566045806, 0.37716611859716387]",1,-1
2084,[0.68401132 0.38299781],2,30,"[0.6934973256581222, 0.4131681772802667]",1,-1
2085,[0.66664821 0.42715957],2,30,"[0.6934973256581222, 0.4131681772802667]",1,56
2086,[0.64448383 0.27805123],2,-1,-1,1,-1
2087,[0.72065884 0.40528881],2,30,"[0.6934973256581222, 0.4131681772802667]",1,-1
2088,[0.69816652 0.47770602],2,26,"[0.6734889003123068, 0.4756404454441684]",1,-1
2089,[0.6507544 0.4712087],2,26,"[0.6734889003123068, 0.4756404454441684]",1,-1
2090,[0.66662895 0.43260945],2,30,"[0.6934973256581222, 0.4131681772802667]",1,56
2091,[0.73800759 0.35974084],2,42,"[0.765559566045806, 0.37716611859716387]",1,-1
2092,[0.64795171 0.40375426],2,28,"[0.6409610568572724, 0.3943628717562158]",1,57
2093,[0.74716764 0.43164081],2,32,"[0.7535856051996079, 0.45307884495298306]",1,-1
2094,[0.67339127 0.39689988],2,30,"[0.6934973256581222, 0.4131681772802667]",1,-1
2095,[0.66826427 0.38038518],2,28,"[0.6409610568572724, 0.3943628717562158]",1,-1
2096,[0.7065056  0.40574999],2,30,"[0.6934973256581222, 0.4131681772802667]",1,-1
2097,[0.72547122 0.33120929],2,29,"[0.7250576817720672, 0.30126581813471415]",1,-1
2098,[0.63682122 0.42739331],2,28,"[0.6409610568572724, 0.3943628717562158]",1,58
2099,[0.68260447 0.37957499],2,30,"[0.6934973256581222, 0.4131681772802667]",1,-1
2100,[0.72727352 0.47468654],2,32,"[0.7535856051996079, 0.45307884495298306]",1,-1
2101,[0.75837643 0.30386452],2,29,"[0.7250576817720672, 0.30126581813471415]",1,-1
2102,[0.67155336 0.50416726],2,26,"[0.6734889003123068, 0.4756404454441684]",1,-1
2103,[0.70257726 0.44962083],2,30,"[0.6934973256581222, 0.4131681772802667]",1,-1
2104,[0.69712257 0.39969908],2,30,"[0.6934973256581222, 0.4131681772802667]",1,57
2105,[0.67196698 0.40359849],2,30,"[0.6934973256581222, 0.4131681772802667]",1,57
2106,[0.72961082 0.43639615],2,32,"[0.7535856051996079, 0.45307884495298306]",1,54
2107,[0.70305833 0.33294066],2,29,"[0.7250576817720672, 0.30126581813471415]",1,-1
2108,[0.74206448 0.44340339],2,32,"[0.7535856051996079, 0.45307884495298306]",1,54
2109,[0.69096243 0.41477026],2,30,"[0.6934973256581222, 0.4131681772802667]",1,57
2110,[0.6832953  0.39839019],2,30,"[0.6934973256581222, 0.4131681772802667]",1,57
2111,[0.85820213 0.41098843],2,14,"[0.8486155699332081, 0.42850029565542425]",1,-1
2112,[0.76378615 0.49404079],2,32,"[0.7535856051996079, 0.45307884495298306]",1,-1
2113,[0.68335158 0.33719873],2,29,"[0.7250576817720672, 0.30126581813471415]",1,-1
2114,[0.76778404 0.41031767],2,42,"[0.765559566045806, 0.37716611859716387]",1,-1
2115,[0.70884819 0.39119571],2,30,"[0.6934973256581222, 0.4131681772802667]",1,-1
2116,[0.78093633 0.43258263],2,32,"[0.7535856051996079, 0.45307884495298306]",1,-1
2117,[0.72052838 0.34231739],2,29,"[0.7250576817720672, 0.30126581813471415]",1,-1
2118,[0.7378605  0.32090855],2,29,"[0.7250576817720672, 0.30126581813471415]",1,-1
2119,[0.63034424 0.46265913],2,26,"[0.6734889003123068, 0.4756404454441684]",1,-1
2120,[0.64215391 0.31662937],2,46,"[0.5877940429991866, 0.34550221910317963]",1,-1
2121,[0.62837988 0.31288705],2,46,"[0.5877940429991866, 0.34550221910317963]",1,-1
2122,[0.72381222 0.44211872],2,32,"[0.7535856051996079, 0.45307884495298306]",1,-1
2123,[0.72259261 0.35255964],2,42,"[0.765559566045806, 0.37716611859716387]",1,-1
2124,[0.68970528 0.38650409],2,30,"[0.6934973256581222, 0.4131681772802667]",1,-1
2125,[0.72726255 0.39384304],2,30,"[0.6934973256581222, 0.4131681772802667]",1,-1
2126,[0.73332491 0.37586161],2,42,"[0.765559566045806, 0.37716611859716387]",1,-1
2127,[0.75298727 0.37049523],2,42,"[0.765559566045806, 0.37716611859716387]",1,-1
2128,[0.73079644 0.42368437],2,32,"[0.7535856051996079, 0.45307884495298306]",1,54
2129,[0.71632118 0.33448125],2,29,"[0.7250576817720672, 0.30126581813471415]",1,-1
2130,[0.72504762 0.4547426 ],2,32,"[0.7535856051996079, 0.45307884495298306]",1,-1
2131,[0.67158208 0.45774331],2,26,"[0.6734889003123068, 0.4756404454441684]",1,-1
2132,[0.72350256 0.400617  ],2,30,"[0.6934973256581222, 0.4131681772802667]",1,-1
2133,[0.71215258 0.39572221],2,30,"[0.6934973256581222, 0.4131681772802667]",1,-1
2134,[0.70906514 0.32255172],2,29,"[0.7250576817720672, 0.30126581813471415]",1,-1
2135,[0.77153442 0.31649081],2,29,"[0.7250576817720672, 0.30126581813471415]",1,-1
2136,[0.66447586 0.32885973],2,29,"[0.7250576817720672, 0.30126581813471415]",1,-1
2137,[0.67969092 0.33096197],2,29,"[0.7250576817720672, 0.30126581813471415]",1,-1
2138,[0.74554048 0.38850992],2,42,"[0.765559566045806, 0.37716611859716387]",1,-1
2139,[0.76700301 0.4304934 ],2,32,"[0.7535856051996079, 0.45307884495298306]",1,-1
2140,[0.67241496 0.38653504],2,28,"[0.6409610568572724, 0.3943628717562158]",1,-1
2141,[0.74692186 0.33370659],2,29,"[0.7250576817720672, 0.30126581813471415]",1,-1
2142,[0.70580528 0.35252002],2,29,"[0.7250576817720672, 0.30126581813471415]",1,-1
2143,[0.73916641 0.38618467],2,42,"[0.765559566045806, 0.37716611859716387]",1,-1
2144,[0.62849099 0.43191899],2,28,"[0.6409610568572724, 0.3943628717562158]",1,-1
2145,[0.65651037 0.33826016],2,28,"[0.6409610568572724, 0.3943628717562158]",1,-1
2146,[0.62330694 0.41280498],2,28,"[0.6409610568572724, 0.3943628717562158]",1,58
2147,[0.72740655 0.41611359],2,30,"[0.6934973256581222, 0.4131681772802667]",1,-1
2148,[0.64724094 0.30585638],2,-1,-1,1,-1
2149,[0.63712067 0.38898059],2,28,"[0.6409610568572724, 0.3943628717562158]",1,-1
2150,[0.71793834 0.37910607],2,30,"[0.6934973256581222, 0.4131681772802667]",1,-1
2151,[0.68018554 0.41642298],2,30,"[0.6934973256581222, 0.4131681772802667]",1,-1
2152,[0.64914939 0.428349  ],2,28,"[0.6409610568572724, 0.3943628717562158]",1,-1
2153,[0.72498742 0.3982857 ],2,30,"[0.6934973256581222, 0.4131681772802667]",1,-1
2154,[0.7427154  0.33962537],2,29,"[0.7250576817720672, 0.30126581813471415]",1,-1
2155,[0.7681375  0.35467822],2,42,"[0.765559566045806, 0.37716611859716387]",1,-1
2156,[0.7624094  0.25174062],2,29,"[0.7250576817720672, 0.30126581813471415]",1,-1
2157,[0.70092805 0.34854222],2,29,"[0.7250576817720672, 0.30126581813471415]",1,-1
2158,[0.65130039 0.45135145],2,26,"[0.6734889003123068, 0.4756404454441684]",1,-1
2159,[0.69929815 0.39638294],2,30,"[0.6934973256581222, 0.4131681772802667]",1,57
2160,[0.70408448 0.39185419],2,30,"[0.6934973256581222, 0.4131681772802667]",1,-1
2161,[0.70589822 0.3438437 ],2,29,"[0.7250576817720672, 0.30126581813471415]",1,-1
2162,[0.72677383 0.3613072 ],2,42,"[0.765559566045806, 0.37716611859716387]",1,-1
2163,[0.81473487 0.34342125],2,42,"[0.765559566045806, 0.37716611859716387]",1,-1
2164,[0.7596103  0.48638702],2,32,"[0.7535856051996079, 0.45307884495298306]",1,-1
2165,[0.62840685 0.37488275],2,28,"[0.6409610568572724, 0.3943628717562158]",1,-1
2166,[0.66203724 0.37813413],2,28,"[0.6409610568572724, 0.3943628717562158]",1,-1
2167,[0.6765607  0.39361652],2,30,"[0.6934973256581222, 0.4131681772802667]",1,-1
2168,[0.71377779 0.45731845],2,32,"[0.7535856051996079, 0.45307884495298306]",1,-1
2169,[0.72790262 0.30689945],2,29,"[0.7250576817720672, 0.30126581813471415]",1,-1
2170,[0.69271328 0.40126405],2,30,"[0.6934973256581222, 0.4131681772802667]",1,57
2171,[0.70741474 0.44532588],2,30,"[0.6934973256581222, 0.4131681772802667]",1,-1
2172,[0.6423836 0.3511247],2,28,"[0.6409610568572724, 0.3943628717562158]",1,-1
2173,[0.66332296 0.29436502],2,29,"[0.7250576817720672, 0.30126581813471415]",1,-1
2174,[0.6961904  0.44635455],2,30,"[0.6934973256581222, 0.4131681772802667]",1,-1
2175,[0.74541893 0.35143567],2,42,"[0.765559566045806, 0.37716611859716387]",1,-1
2176,[0.83634105 0.41535116],2,14,"[0.8486155699332081, 0.42850029565542425]",1,-1
2177,[0.74898579 0.33221986],2,29,"[0.7250576817720672, 0.30126581813471415]",1,-1
2178,[0.73448894 0.44139326],2,32,"[0.7535856051996079, 0.45307884495298306]",1,54
2179,[0.68350571 0.30676967],2,29,"[0.7250576817720672, 0.30126581813471415]",1,-1
2180,[0.57418566 0.34392141],2,46,"[0.5877940429991866, 0.34550221910317963]",1,-1
2181,[0.7001515  0.30593808],2,29,"[0.7250576817720672, 0.30126581813471415]",1,-1
2182,[0.6746235 0.3097047],2,29,"[0.7250576817720672, 0.30126581813471415]",1,-1
2183,[0.60393553 0.38769892],2,28,"[0.6409610568572724, 0.3943628717562158]",1,-1
2184,[0.75628922 0.40236112],2,42,"[0.765559566045806, 0.37716611859716387]",1,23
2185,[0.72734922 0.32622829],2,29,"[0.7250576817720672, 0.30126581813471415]",1,-1
2186,[0.71073921 0.34960176],2,29,"[0.7250576817720672, 0.30126581813471415]",1,-1
2187,[0.71737499 0.45757247],2,32,"[0.7535856051996079, 0.45307884495298306]",1,-1
2188,[0.80809671 0.42775374],2,14,"[0.8486155699332081, 0.42850029565542425]",1,38
2189,[0.76750777 0.4273254 ],2,32,"[0.7535856051996079, 0.45307884495298306]",1,-1
2190,[0.70303965 0.43572487],2,30,"[0.6934973256581222, 0.4131681772802667]",1,-1
2191,[0.75409755 0.35083568],2,42,"[0.765559566045806, 0.37716611859716387]",1,-1
2192,[0.74744167 0.32065332],2,29,"[0.7250576817720672, 0.30126581813471415]",1,-1
2193,[0.65772171 0.3474667 ],2,28,"[0.6409610568572724, 0.3943628717562158]",1,-1
2194,[0.80937682 0.25265849],2,36,"[0.8010613954248607, 0.1951077488579437]",1,-1
2195,[0.71160967 0.40334765],2,30,"[0.6934973256581222, 0.4131681772802667]",1,-1
2196,[0.7424278  0.40311909],2,42,"[0.765559566045806, 0.37716611859716387]",1,-1
2197,[0.74779225 0.39803474],2,42,"[0.765559566045806, 0.37716611859716387]",1,-1
2198,[0.69478159 0.40018157],2,30,"[0.6934973256581222, 0.4131681772802667]",1,57
2199,[0.69359638 0.33681122],2,29,"[0.7250576817720672, 0.30126581813471415]",1,-1
2200,[0.79175721 0.30680654],2,29,"[0.7250576817720672, 0.30126581813471415]",1,-1
2201,[0.72675664 0.30815114],2,29,"[0.7250576817720672, 0.30126581813471415]",1,-1
2202,[0.64647081 0.4070091 ],2,28,"[0.6409610568572724, 0.3943628717562158]",1,57
2203,[0.676112   0.42591231],2,30,"[0.6934973256581222, 0.4131681772802667]",1,-1
2204,[0.64366115 0.40499642],2,28,"[0.6409610568572724, 0.3943628717562158]",1,-1
2205,[0.75038506 0.36072168],2,42,"[0.765559566045806, 0.37716611859716387]",1,-1
2206,[0.66397975 0.37510662],2,28,"[0.6409610568572724, 0.3943628717562158]",1,-1
2207,[0.69198667 0.42617844],2,30,"[0.6934973256581222, 0.4131681772802667]",1,57
2208,[0.77579913 0.43339752],2,32,"[0.7535856051996079, 0.45307884495298306]",1,-1
2209,[0.62575224 0.3513828 ],2,46,"[0.5877940429991866, 0.34550221910317963]",1,-1
2210,[0.64021121 0.43094492],2,28,"[0.6409610568572724, 0.3943628717562158]",1,-1
2211,[0.79212978 0.30631074],2,29,"[0.7250576817720672, 0.30126581813471415]",1,-1
2212,[0.68704193 0.37723439],2,30,"[0.6934973256581222, 0.4131681772802667]",1,-1
2213,[0.67015192 0.43679788],2,30,"[0.6934973256581222, 0.4131681772802667]",1,-1
2214,[0.61856679 0.45693624],2,27,"[0.5866068271601823, 0.4386408725933068]",1,-1
2215,[0.72009098 0.39444838],2,30,"[0.6934973256581222, 0.4131681772802667]",1,-1
2216,[0.64520827 0.42157905],2,28,"[0.6409610568572724, 0.3943628717562158]",1,-1
2217,[0.69902682 0.38503713],2,30,"[0.6934973256581222, 0.4131681772802667]",1,-1
2218,[0.59901394 0.39070723],2,28,"[0.6409610568572724, 0.3943628717562158]",1,-1
2219,[0.7423175  0.45662449],2,32,"[0.7535856051996079, 0.45307884495298306]",1,-1
2220,[0.66214666 0.43309522],2,30,"[0.6934973256581222, 0.4131681772802667]",1,56
2221,[0.66260198 0.42972464],2,30,"[0.6934973256581222, 0.4131681772802667]",1,56
2222,[0.7394109  0.41011228],2,42,"[0.765559566045806, 0.37716611859716387]",1,-1
2223,[0.67665465 0.2898759 ],2,29,"[0.7250576817720672, 0.30126581813471415]",1,-1
2224,[0.68335765 0.43679647],2,30,"[0.6934973256581222, 0.4131681772802667]",1,-1
2225,[0.71305962 0.39083918],2,30,"[0.6934973256581222, 0.4131681772802667]",1,-1
2226,[0.75878174 0.43150885],2,32,"[0.7535856051996079, 0.45307884495298306]",1,-1
2227,[0.65058547 0.38703773],2,28,"[0.6409610568572724, 0.3943628717562158]",1,-1
2228,[0.68641703 0.415105  ],2,30,"[0.6934973256581222, 0.4131681772802667]",1,57
2229,[0.77840563 0.42265981],2,32,"[0.7535856051996079, 0.45307884495298306]",1,38
2230,[0.64894159 0.31741717],2,46,"[0.5877940429991866, 0.34550221910317963]",1,-1
2231,[0.64555765 0.36011511],2,28,"[0.6409610568572724, 0.3943628717562158]",1,-1
2232,[0.74989706 0.44801334],2,32,"[0.7535856051996079, 0.45307884495298306]",1,-1
2233,[0.65934718 0.4057385 ],2,28,"[0.6409610568572724, 0.3943628717562158]",1,57
2234,[0.74854432 0.39560291],2,42,"[0.765559566045806, 0.37716611859716387]",1,-1
2235,[0.76924247 0.4430713 ],2,32,"[0.7535856051996079, 0.45307884495298306]",1,-1
2236,[0.71285205 0.36884913],2,30,"[0.6934973256581222, 0.4131681772802667]",1,-1
2237,[0.62127851 0.37846282],2,28,"[0.6409610568572724, 0.3943628717562158]",1,-1
2238,[0.7067225  0.40545553],2,30,"[0.6934973256581222, 0.4131681772802667]",1,-1
2239,[0.772763   0.50508802],2,3,"[0.8068810957052946, 0.5180547120844742]",1,-1
2240,[0.68787165 0.36034479],2,30,"[0.6934973256581222, 0.4131681772802667]",1,-1
2241,[0.67347691 0.38956129],2,30,"[0.6934973256581222, 0.4131681772802667]",1,-1
2242,[0.75229642 0.4300988 ],2,32,"[0.7535856051996079, 0.45307884495298306]",1,-1
2243,[0.6977857  0.35765676],2,30,"[0.6934973256581222, 0.4131681772802667]",1,-1
2244,[0.67682229 0.39619376],2,30,"[0.6934973256581222, 0.4131681772802667]",1,-1
2245,[0.71983924 0.37757169],2,30,"[0.6934973256581222, 0.4131681772802667]",1,-1
2246,[0.68676768 0.36808318],2,30,"[0.6934973256581222, 0.4131681772802667]",1,-1
2247,[0.62061139 0.34170926],2,46,"[0.5877940429991866, 0.34550221910317963]",1,-1
2248,[0.7791984  0.30714431],2,29,"[0.7250576817720672, 0.30126581813471415]",1,-1
2249,[0.655114   0.36372897],2,28,"[0.6409610568572724, 0.3943628717562158]",1,-1
2250,[0.70523781 0.35794179],2,30,"[0.6934973256581222, 0.4131681772802667]",1,-1
2251,[0.72452437 0.33011802],2,29,"[0.7250576817720672, 0.30126581813471415]",1,-1
2252,[0.64141897 0.42123792],2,28,"[0.6409610568572724, 0.3943628717562158]",1,-1
2253,[0.63756664 0.42000647],2,28,"[0.6409610568572724, 0.3943628717562158]",1,-1
2254,[0.71600601 0.50403507],2,26,"[0.6734889003123068, 0.4756404454441684]",1,-1
2255,[0.67815981 0.44712537],2,26,"[0.6734889003123068, 0.4756404454441684]",1,-1
2256,[0.67411262 0.34503057],2,28,"[0.6409610568572724, 0.3943628717562158]",1,-1
2257,[0.74163817 0.28109908],2,29,"[0.7250576817720672, 0.30126581813471415]",1,-1
2258,[0.79692656 0.39611178],2,42,"[0.765559566045806, 0.37716611859716387]",1,-1
2259,[0.73540828 0.4259238 ],2,32,"[0.7535856051996079, 0.45307884495298306]",1,-1
2260,[0.66588823 0.430849  ],2,30,"[0.6934973256581222, 0.4131681772802667]",1,56
2261,[0.74540689 0.41333715],2,32,"[0.7535856051996079, 0.45307884495298306]",1,-1
2262,[0.73337643 0.4265462 ],2,32,"[0.7535856051996079, 0.45307884495298306]",1,54
2263,[0.61611977 0.30689253],2,46,"[0.5877940429991866, 0.34550221910317963]",1,-1
2264,[0.67530752 0.4733673 ],2,26,"[0.6734889003123068, 0.4756404454441684]",1,-1
2265,[0.71973433 0.34481494],2,29,"[0.7250576817720672, 0.30126581813471415]",1,-1
2266,[0.64721506 0.41404606],2,28,"[0.6409610568572724, 0.3943628717562158]",1,-1
2267,[0.6935647 0.3690568],2,30,"[0.6934973256581222, 0.4131681772802667]",1,-1
2268,[0.71590772 0.28276949],2,29,"[0.7250576817720672, 0.30126581813471415]",1,-1
2269,[0.67111423 0.40553938],2,30,"[0.6934973256581222, 0.4131681772802667]",1,57
2270,[0.62697524 0.31670522],2,46,"[0.5877940429991866, 0.34550221910317963]",1,-1
2271,[0.68114538 0.43984481],2,30,"[0.6934973256581222, 0.4131681772802667]",1,-1
2272,[0.7137388  0.38223722],2,30,"[0.6934973256581222, 0.4131681772802667]",1,-1
2273,[0.66718154 0.33239982],2,29,"[0.7250576817720672, 0.30126581813471415]",1,-1
2274,[0.64897884 0.34727049],2,28,"[0.6409610568572724, 0.3943628717562158]",1,-1
2275,[0.67132037 0.30350189],2,29,"[0.7250576817720672, 0.30126581813471415]",1,-1
2276,[0.67116132 0.44726603],2,26,"[0.6734889003123068, 0.4756404454441684]",1,-1
2277,[0.78803956 0.40831689],2,42,"[0.765559566045806, 0.37716611859716387]",1,-1
2278,[0.75855498 0.46713632],2,32,"[0.7535856051996079, 0.45307884495298306]",1,-1
2279,[0.67150238 0.31511007],2,29,"[0.7250576817720672, 0.30126581813471415]",1,-1
2280,[0.68665623 0.35914885],2,30,"[0.6934973256581222, 0.4131681772802667]",1,-1
2281,[0.692227   0.36286936],2,30,"[0.6934973256581222, 0.4131681772802667]",1,-1
2282,[0.70785056 0.42880307],2,30,"[0.6934973256581222, 0.4131681772802667]",1,-1
2283,[0.70250369 0.33934567],2,29,"[0.7250576817720672, 0.30126581813471415]",1,-1
2284,[0.65468988 0.45137124],2,26,"[0.6734889003123068, 0.4756404454441684]",1,-1
2285,[0.72246964 0.37932957],2,42,"[0.765559566045806, 0.37716611859716387]",1,-1
2286,[0.67681119 0.35603532],2,28,"[0.6409610568572724, 0.3943628717562158]",1,-1
2287,[0.71273959 0.33008797],2,29,"[0.7250576817720672, 0.30126581813471415]",1,-1
2288,[0.71721149 0.48550163],2,26,"[0.6734889003123068, 0.4756404454441684]",1,-1
2289,[0.70472209 0.33145562],2,29,"[0.7250576817720672, 0.30126581813471415]",1,-1
2290,[0.6331127  0.34587396],2,46,"[0.5877940429991866, 0.34550221910317963]",1,-1
2291,[0.73910716 0.41278772],2,32,"[0.7535856051996079, 0.45307884495298306]",1,-1
2292,[0.77365715 0.39363589],2,42,"[0.765559566045806, 0.37716611859716387]",1,-1
2293,[0.66988525 0.38016367],2,28,"[0.6409610568572724, 0.3943628717562158]",1,-1
2294,[0.71979222 0.42979803],2,30,"[0.6934973256581222, 0.4131681772802667]",1,-1
2295,[0.63525825 0.34436344],2,46,"[0.5877940429991866, 0.34550221910317963]",1,-1
2296,[0.70047594 0.39400452],2,30,"[0.6934973256581222, 0.4131681772802667]",1,-1
2297,[0.68666798 0.36920532],2,30,"[0.6934973256581222, 0.4131681772802667]",1,-1
2298,[0.74273677 0.4200499 ],2,32,"[0.7535856051996079, 0.45307884495298306]",1,-1
2299,[0.8262358  0.37909981],2,14,"[0.8486155699332081, 0.42850029565542425]",1,-1
2300,[0.73421986 0.36531094],2,42,"[0.765559566045806, 0.37716611859716387]",1,-1
2301,[0.69137376 0.47277679],2,26,"[0.6734889003123068, 0.4756404454441684]",1,39
2302,[0.7336857  0.47342322],2,32,"[0.7535856051996079, 0.45307884495298306]",1,-1
2303,[0.71784279 0.46343741],2,32,"[0.7535856051996079, 0.45307884495298306]",1,52
2304,[0.80206693 0.29376618],2,-1,-1,1,-1
2305,[0.61864324 0.33578684],2,46,"[0.5877940429991866, 0.34550221910317963]",1,-1
2306,[0.68900174 0.41990155],2,30,"[0.6934973256581222, 0.4131681772802667]",1,57
2307,[0.66879545 0.40377664],2,30,"[0.6934973256581222, 0.4131681772802667]",1,57
2308,[0.76284645 0.37151425],2,42,"[0.765559566045806, 0.37716611859716387]",1,-1
2309,[0.71101225 0.443478  ],2,30,"[0.6934973256581222, 0.4131681772802667]",1,-1
2310,[0.73601127 0.41482721],2,32,"[0.7535856051996079, 0.45307884495298306]",1,-1
2311,[0.66287471 0.36361081],2,28,"[0.6409610568572724, 0.3943628717562158]",1,-1
2312,[0.72625642 0.39390284],2,30,"[0.6934973256581222, 0.4131681772802667]",1,-1
2313,[0.72646199 0.37347421],2,42,"[0.765559566045806, 0.37716611859716387]",1,-1
2314,[0.7292661  0.34552666],2,29,"[0.7250576817720672, 0.30126581813471415]",1,-1
2315,[0.72229503 0.41235923],2,30,"[0.6934973256581222, 0.4131681772802667]",1,-1
2316,[0.74898133 0.37590069],2,42,"[0.765559566045806, 0.37716611859716387]",1,-1
2317,[0.6646774  0.42568898],2,30,"[0.6934973256581222, 0.4131681772802667]",1,56
2318,[0.58311527 0.38945703],2,46,"[0.5877940429991866, 0.34550221910317963]",1,-1
2319,[0.64807651 0.38117637],2,28,"[0.6409610568572724, 0.3943628717562158]",1,-1
2320,[0.67277019 0.38903508],2,30,"[0.6934973256581222, 0.4131681772802667]",1,-1
2321,[0.74169819 0.42247837],2,32,"[0.7535856051996079, 0.45307884495298306]",1,-1
2322,[0.60001149 0.43717951],2,27,"[0.5866068271601823, 0.4386408725933068]",1,-1
2323,[0.74080339 0.38246133],2,42,"[0.765559566045806, 0.37716611859716387]",1,-1
2324,[0.74614256 0.39542025],2,42,"[0.765559566045806, 0.37716611859716387]",1,-1
2325,[0.66460581 0.49298014],2,26,"[0.6734889003123068, 0.4756404454441684]",1,-1
2326,[0.68100086 0.34905949],2,28,"[0.6409610568572724, 0.3943628717562158]",1,-1
2327,[0.65141781 0.36176972],2,28,"[0.6409610568572724, 0.3943628717562158]",1,-1
2328,[0.63404027 0.35385191],2,28,"[0.6409610568572724, 0.3943628717562158]",1,-1
2329,[0.63459959 0.26642666],2,-1,-1,1,-1
2330,[0.71882747 0.36867471],2,42,"[0.765559566045806, 0.37716611859716387]",1,-1
2331,[0.71639924 0.24476507],2,29,"[0.7250576817720672, 0.30126581813471415]",1,-1
2332,[0.76989853 0.32187435],2,29,"[0.7250576817720672, 0.30126581813471415]",1,-1
2333,[0.66055252 0.40201278],2,28,"[0.6409610568572724, 0.3943628717562158]",1,57
2334,[0.66269699 0.43074678],2,30,"[0.6934973256581222, 0.4131681772802667]",1,56
2335,[0.74346827 0.33684268],2,29,"[0.7250576817720672, 0.30126581813471415]",1,-1
2336,[0.67659105 0.43467307],2,30,"[0.6934973256581222, 0.4131681772802667]",1,-1
2337,[0.71074986 0.39197133],2,30,"[0.6934973256581222, 0.4131681772802667]",1,-1
2338,[0.63809073 0.36055967],2,28,"[0.6409610568572724, 0.3943628717562158]",1,-1
2339,[0.63283416 0.36928488],2,28,"[0.6409610568572724, 0.3943628717562158]",1,-1
2340,[0.67352374 0.37802968],2,28,"[0.6409610568572724, 0.3943628717562158]",1,-1
2341,[0.76477775 0.39237353],2,42,"[0.765559566045806, 0.37716611859716387]",1,-1
2342,[0.70870912 0.3908855 ],2,30,"[0.6934973256581222, 0.4131681772802667]",1,-1
2343,[0.74729371 0.38847904],2,42,"[0.765559566045806, 0.37716611859716387]",1,-1
2344,[0.76091139 0.38928108],2,42,"[0.765559566045806, 0.37716611859716387]",1,-1
2345,[0.69549806 0.33639916],2,29,"[0.7250576817720672, 0.30126581813471415]",1,-1
2346,[0.79219349 0.43568872],2,32,"[0.7535856051996079, 0.45307884495298306]",1,-1
2347,[0.69282084 0.42402889],2,30,"[0.6934973256581222, 0.4131681772802667]",1,57
2348,[0.59675275 0.34300506],2,46,"[0.5877940429991866, 0.34550221910317963]",1,-1
2349,[0.65086419 0.4546668 ],2,26,"[0.6734889003123068, 0.4756404454441684]",1,-1
2350,[0.77086799 0.39316243],2,42,"[0.765559566045806, 0.37716611859716387]",1,-1
2351,[0.74294937 0.36454728],2,42,"[0.765559566045806, 0.37716611859716387]",1,-1
2352,[0.76407089 0.37596509],2,42,"[0.765559566045806, 0.37716611859716387]",1,-1
2353,[0.66224394 0.39879368],2,28,"[0.6409610568572724, 0.3943628717562158]",1,57
2354,[0.78907889 0.39576403],2,42,"[0.765559566045806, 0.37716611859716387]",1,-1
2355,[0.71258601 0.42864005],2,30,"[0.6934973256581222, 0.4131681772802667]",1,-1
2356,[0.71613924 0.41312157],2,30,"[0.6934973256581222, 0.4131681772802667]",1,-1
2357,[0.73312372 0.38124922],2,42,"[0.765559566045806, 0.37716611859716387]",1,-1
2358,[0.78754085 0.35354686],2,42,"[0.765559566045806, 0.37716611859716387]",1,-1
2359,[0.56910751 0.40802023],2,27,"[0.5866068271601823, 0.4386408725933068]",1,-1
2360,[0.78019743 0.42850424],2,32,"[0.7535856051996079, 0.45307884495298306]",1,-1
2361,[0.68764866 0.46871036],2,26,"[0.6734889003123068, 0.4756404454441684]",1,-1
2362,[0.74432123 0.43184341],2,32,"[0.7535856051996079, 0.45307884495298306]",1,-1
2363,[0.60478    0.42376482],2,27,"[0.5866068271601823, 0.4386408725933068]",1,-1
2364,[0.67552775 0.37641521],2,28,"[0.6409610568572724, 0.3943628717562158]",1,-1
2365,[0.76417203 0.39645453],2,42,"[0.765559566045806, 0.37716611859716387]",1,-1
2366,[0.78273399 0.40395796],2,42,"[0.765559566045806, 0.37716611859716387]",1,-1
2367,[0.75202019 0.39749498],2,42,"[0.765559566045806, 0.37716611859716387]",1,23
2368,[0.72030776 0.44588347],2,32,"[0.7535856051996079, 0.45307884495298306]",1,-1
2369,[0.7076451  0.36451415],2,30,"[0.6934973256581222, 0.4131681772802667]",1,-1
2370,[0.75694528 0.3782768 ],2,42,"[0.765559566045806, 0.37716611859716387]",1,-1
2371,[0.73190065 0.39424512],2,42,"[0.765559566045806, 0.37716611859716387]",1,-1
2372,[0.73238598 0.39762221],2,42,"[0.765559566045806, 0.37716611859716387]",1,-1
2373,[0.69737377 0.38236203],2,30,"[0.6934973256581222, 0.4131681772802667]",1,-1
2374,[0.75402757 0.38216085],2,42,"[0.765559566045806, 0.37716611859716387]",1,-1
2375,[0.6194724  0.41473499],2,28,"[0.6409610568572724, 0.3943628717562158]",1,58
2376,[0.60383443 0.42724846],2,27,"[0.5866068271601823, 0.4386408725933068]",1,-1
2377,[0.76366796 0.36364296],2,42,"[0.765559566045806, 0.37716611859716387]",1,-1
2378,[0.62230325 0.39101642],2,28,"[0.6409610568572724, 0.3943628717562158]",1,-1
2379,[0.77180435 0.43251058],2,32,"[0.7535856051996079, 0.45307884495298306]",1,-1
2380,[0.70132442 0.47700285],2,26,"[0.6734889003123068, 0.4756404454441684]",1,-1
2381,[0.73656573 0.4129174 ],2,30,"[0.6934973256581222, 0.4131681772802667]",1,-1
2382,[0.71594841 0.34792042],2,29,"[0.7250576817720672, 0.30126581813471415]",1,-1
2383,[0.73421874 0.32740876],2,29,"[0.7250576817720672, 0.30126581813471415]",1,-1
2384,[0.65481584 0.43521205],2,28,"[0.6409610568572724, 0.3943628717562158]",1,56
2385,[0.67372763 0.3702081 ],2,28,"[0.6409610568572724, 0.3943628717562158]",1,-1
2386,[0.61186373 0.35174254],2,46,"[0.5877940429991866, 0.34550221910317963]",1,-1
2387,[0.73883611 0.28478182],2,29,"[0.7250576817720672, 0.30126581813471415]",1,-1
2388,[0.64208548 0.33740642],2,46,"[0.5877940429991866, 0.34550221910317963]",1,-1
2389,[0.6667984  0.35372489],2,28,"[0.6409610568572724, 0.3943628717562158]",1,-1
2390,[0.67379508 0.43139087],2,30,"[0.6934973256581222, 0.4131681772802667]",1,-1
2391,[0.6708682  0.41336854],2,30,"[0.6934973256581222, 0.4131681772802667]",1,56
2392,[0.59492837 0.46443773],2,27,"[0.5866068271601823, 0.4386408725933068]",1,-1
2393,[0.69562863 0.42298423],2,30,"[0.6934973256581222, 0.4131681772802667]",1,-1
2394,[0.58399219 0.39130387],2,46,"[0.5877940429991866, 0.34550221910317963]",1,-1
2395,[0.65732797 0.49733682],2,26,"[0.6734889003123068, 0.4756404454441684]",1,-1
2396,[0.68384542 0.37494574],2,30,"[0.6934973256581222, 0.4131681772802667]",1,-1
2397,[0.72714439 0.34608175],2,29,"[0.7250576817720672, 0.30126581813471415]",1,-1
2398,[0.74834897 0.39833338],2,42,"[0.765559566045806, 0.37716611859716387]",1,23
2399,[0.66141685 0.36833631],2,28,"[0.6409610568572724, 0.3943628717562158]",1,-1
2400,[0.68134464 0.41085044],2,30,"[0.6934973256581222, 0.4131681772802667]",1,-1
2401,[0.64950407 0.35730707],2,28,"[0.6409610568572724, 0.3943628717562158]",1,-1
2402,[0.74959081 0.40316707],2,42,"[0.765559566045806, 0.37716611859716387]",1,-1
2403,[0.66839536 0.38317778],2,28,"[0.6409610568572724, 0.3943628717562158]",1,-1
2404,[0.65797278 0.32410152],2,-1,-1,1,-1
2405,[0.73349107 0.37405859],2,42,"[0.765559566045806, 0.37716611859716387]",1,-1
2406,[0.65240916 0.3577189 ],2,28,"[0.6409610568572724, 0.3943628717562158]",1,-1
2407,[0.75415631 0.43156789],2,32,"[0.7535856051996079, 0.45307884495298306]",1,-1
2408,[0.66480048 0.41347429],2,30,"[0.6934973256581222, 0.4131681772802667]",1,-1
2409,[0.75688971 0.38143508],2,42,"[0.765559566045806, 0.37716611859716387]",1,-1
2410,[0.69270698 0.36275866],2,30,"[0.6934973256581222, 0.4131681772802667]",1,-1
2411,[0.61901298 0.2758213 ],2,-1,-1,1,-1
2412,[0.73854595 0.3538414 ],2,42,"[0.765559566045806, 0.37716611859716387]",1,-1
2413,[0.64718751 0.44141215],2,26,"[0.6734889003123068, 0.4756404454441684]",1,56
2414,[0.64586788 0.41899377],2,28,"[0.6409610568572724, 0.3943628717562158]",1,-1
2415,[0.70458433 0.42127227],2,30,"[0.6934973256581222, 0.4131681772802667]",1,57
2416,[0.70786944 0.36027407],2,30,"[0.6934973256581222, 0.4131681772802667]",1,-1
2417,[0.69575191 0.38781403],2,30,"[0.6934973256581222, 0.4131681772802667]",1,-1
2418,[0.67400808 0.38525839],2,30,"[0.6934973256581222, 0.4131681772802667]",1,-1
2419,[0.67439195 0.41143224],2,30,"[0.6934973256581222, 0.4131681772802667]",1,57
2420,[0.67189108 0.40027898],2,30,"[0.6934973256581222, 0.4131681772802667]",1,-1
2421,[0.73054585 0.4102808 ],2,30,"[0.6934973256581222, 0.4131681772802667]",1,-1
2422,[0.62638955 0.41658023],2,28,"[0.6409610568572724, 0.3943628717562158]",1,-1
2423,[0.70185073 0.43053648],2,30,"[0.6934973256581222, 0.4131681772802667]",1,-1
2424,[0.69201658 0.32308023],2,29,"[0.7250576817720672, 0.30126581813471415]",1,-1
2425,[0.68964449 0.38316235],2,30,"[0.6934973256581222, 0.4131681772802667]",1,-1
2426,[0.77031668 0.41530859],2,42,"[0.765559566045806, 0.37716611859716387]",1,-1
2427,[0.66953096 0.34942698],2,28,"[0.6409610568572724, 0.3943628717562158]",1,-1
2428,[0.704129   0.35920069],2,30,"[0.6934973256581222, 0.4131681772802667]",1,-1
2429,[0.6582818  0.37044752],2,28,"[0.6409610568572724, 0.3943628717562158]",1,-1
2430,[0.61428571 0.40501918],2,28,"[0.6409610568572724, 0.3943628717562158]",1,-1
2431,[0.68217031 0.31759569],2,29,"[0.7250576817720672, 0.30126581813471415]",1,-1
2432,[0.79880997 0.4057004 ],2,42,"[0.765559566045806, 0.37716611859716387]",1,-1
2433,[0.66926425 0.35938468],2,28,"[0.6409610568572724, 0.3943628717562158]",1,-1
2434,[0.72397363 0.39062325],2,30,"[0.6934973256581222, 0.4131681772802667]",1,-1
2435,[0.69642092 0.37502861],2,30,"[0.6934973256581222, 0.4131681772802667]",1,-1
2436,[0.68390993 0.44289329],2,30,"[0.6934973256581222, 0.4131681772802667]",1,-1
2437,[0.73456434 0.41365796],2,30,"[0.6934973256581222, 0.4131681772802667]",1,-1
2438,[0.69401525 0.43137928],2,30,"[0.6934973256581222, 0.4131681772802667]",1,-1
2439,[0.74046146 0.40214732],2,42,"[0.765559566045806, 0.37716611859716387]",1,-1
2440,[0.77149948 0.42060115],2,32,"[0.7535856051996079, 0.45307884495298306]",1,-1
2441,[0.77647696 0.38483325],2,42,"[0.765559566045806, 0.37716611859716387]",1,-1
2442,[0.72497948 0.34416533],2,29,"[0.7250576817720672, 0.30126581813471415]",1,-1
2443,[0.81708456 0.40967304],2,14,"[0.8486155699332081, 0.42850029565542425]",1,-1
2444,[0.78618979 0.44070031],2,32,"[0.7535856051996079, 0.45307884495298306]",1,-1
2445,[0.78605068 0.2389325 ],2,36,"[0.8010613954248607, 0.1951077488579437]",1,-1
2446,[0.77875123 0.36621699],2,42,"[0.765559566045806, 0.37716611859716387]",1,-1
2447,[0.7350947  0.45056381],2,32,"[0.7535856051996079, 0.45307884495298306]",1,54
2448,[0.70771789 0.39155755],2,30,"[0.6934973256581222, 0.4131681772802667]",1,-1
2449,[0.71502781 0.43645724],2,30,"[0.6934973256581222, 0.4131681772802667]",1,-1
2450,[0.70464577 0.36378546],2,30,"[0.6934973256581222, 0.4131681772802667]",1,-1
2451,[0.65615682 0.43553007],2,30,"[0.6934973256581222, 0.4131681772802667]",1,56
2452,[0.76477759 0.3554267 ],2,42,"[0.765559566045806, 0.37716611859716387]",1,-1
2453,[0.76178353 0.38718109],2,42,"[0.765559566045806, 0.37716611859716387]",1,-1
2454,[0.70285279 0.40201161],2,30,"[0.6934973256581222, 0.4131681772802667]",1,57
2455,[0.76955633 0.45873039],2,32,"[0.7535856051996079, 0.45307884495298306]",1,-1
2456,[0.70456581 0.42294452],2,30,"[0.6934973256581222, 0.4131681772802667]",1,57
2457,[0.77339908 0.38306972],2,42,"[0.765559566045806, 0.37716611859716387]",1,-1
2458,[0.7608836  0.38082873],2,42,"[0.765559566045806, 0.37716611859716387]",1,-1
2459,[0.71322473 0.34811767],2,29,"[0.7250576817720672, 0.30126581813471415]",1,-1
2460,[0.70670069 0.40503143],2,30,"[0.6934973256581222, 0.4131681772802667]",1,-1
2461,[0.78956988 0.3342405 ],2,42,"[0.765559566045806, 0.37716611859716387]",1,-1
2462,[0.74580805 0.29607363],2,29,"[0.7250576817720672, 0.30126581813471415]",1,-1
2463,[0.64008784 0.35680207],2,28,"[0.6409610568572724, 0.3943628717562158]",1,-1
2464,[0.73187046 0.43498931],2,32,"[0.7535856051996079, 0.45307884495298306]",1,54
2465,[0.63487002 0.44538061],2,27,"[0.5866068271601823, 0.4386408725933068]",1,-1
2466,[0.61908566 0.45538247],2,27,"[0.5866068271601823, 0.4386408725933068]",1,-1
2467,[0.79683753 0.39776995],2,42,"[0.765559566045806, 0.37716611859716387]",1,-1
2468,[0.6737917  0.34303766],2,28,"[0.6409610568572724, 0.3943628717562158]",1,-1
2469,[0.72557944 0.32786663],2,29,"[0.7250576817720672, 0.30126581813471415]",1,-1
2470,[0.7902504  0.34818321],2,42,"[0.765559566045806, 0.37716611859716387]",1,-1
2471,[0.68679862 0.43294273],2,30,"[0.6934973256581222, 0.4131681772802667]",1,-1
2472,[0.72537032 0.43469859],2,32,"[0.7535856051996079, 0.45307884495298306]",1,54
2473,[0.64140821 0.37730613],2,28,"[0.6409610568572724, 0.3943628717562158]",1,-1
2474,[0.72629787 0.4046137 ],2,30,"[0.6934973256581222, 0.4131681772802667]",1,-1
2475,[0.64689127 0.38035884],2,28,"[0.6409610568572724, 0.3943628717562158]",1,-1
2476,[0.70703823 0.3577608 ],2,30,"[0.6934973256581222, 0.4131681772802667]",1,-1
2477,[0.73550438 0.39966511],2,42,"[0.765559566045806, 0.37716611859716387]",1,-1
2478,[0.71213259 0.36494812],2,30,"[0.6934973256581222, 0.4131681772802667]",1,-1
2479,[0.71470779 0.36792992],2,30,"[0.6934973256581222, 0.4131681772802667]",1,-1
2480,[0.83059276 0.42759896],2,14,"[0.8486155699332081, 0.42850029565542425]",1,-1
2481,[0.71598869 0.45191639],2,32,"[0.7535856051996079, 0.45307884495298306]",1,-1
2482,[0.75181436 0.39567049],2,42,"[0.765559566045806, 0.37716611859716387]",1,23
2483,[0.700951   0.37388706],2,30,"[0.6934973256581222, 0.4131681772802667]",1,-1
2484,[0.63358169 0.31622845],2,46,"[0.5877940429991866, 0.34550221910317963]",1,-1
2485,[0.58942095 0.36149093],2,46,"[0.5877940429991866, 0.34550221910317963]",1,-1
2486,[0.73682998 0.40344766],2,42,"[0.765559566045806, 0.37716611859716387]",1,-1
2487,[0.61182188 0.36848169],2,46,"[0.5877940429991866, 0.34550221910317963]",1,-1
2488,[0.64665665 0.40200603],2,28,"[0.6409610568572724, 0.3943628717562158]",1,57
2489,[0.68725345 0.39419683],2,30,"[0.6934973256581222, 0.4131681772802667]",1,-1
2490,[0.67705506 0.40589931],2,30,"[0.6934973256581222, 0.4131681772802667]",1,57
2491,[0.73276689 0.43953781],2,32,"[0.7535856051996079, 0.45307884495298306]",1,54
2492,[0.70591063 0.32370857],2,29,"[0.7250576817720672, 0.30126581813471415]",1,-1
2493,[0.69852808 0.40010504],2,30,"[0.6934973256581222, 0.4131681772802667]",1,57
2494,[0.6890878  0.35925001],2,30,"[0.6934973256581222, 0.4131681772802667]",1,-1
2495,[0.76981877 0.3827723 ],2,42,"[0.765559566045806, 0.37716611859716387]",1,-1
2496,[0.68753433 0.40118802],2,30,"[0.6934973256581222, 0.4131681772802667]",1,-1
2497,[0.60192546 0.45447075],2,27,"[0.5866068271601823, 0.4386408725933068]",1,-1
2498,[0.72856999 0.35896914],2,42,"[0.765559566045806, 0.37716611859716387]",1,-1
2499,[0.6770404  0.32213937],2,29,"[0.7250576817720672, 0.30126581813471415]",1,-1
2500,[0.65898524 0.40998567],2,28,"[0.6409610568572724, 0.3943628717562158]",1,-1
2501,[0.67563772 0.41186289],2,30,"[0.6934973256581222, 0.4131681772802667]",1,57
2502,[0.67888739 0.31305488],2,29,"[0.7250576817720672, 0.30126581813471415]",1,-1
2503,[0.72111198 0.32751868],2,29,"[0.7250576817720672, 0.30126581813471415]",1,-1
2504,[0.71480703 0.35042465],2,29,"[0.7250576817720672, 0.30126581813471415]",1,-1
2505,[0.5905161  0.28723428],2,46,"[0.5877940429991866, 0.34550221910317963]",1,-1
2506,[0.69927663 0.40878559],2,30,"[0.6934973256581222, 0.4131681772802667]",1,-1
2507,[0.66162989 0.3629033 ],2,28,"[0.6409610568572724, 0.3943628717562158]",1,-1
2508,[0.70920025 0.37176899],2,30,"[0.6934973256581222, 0.4131681772802667]",1,-1
2509,[0.72561575 0.48132997],2,32,"[0.7535856051996079, 0.45307884495298306]",1,-1
2510,[0.7243324  0.40959708],2,30,"[0.6934973256581222, 0.4131681772802667]",1,-1
2511,[0.73189392 0.31680298],2,29,"[0.7250576817720672, 0.30126581813471415]",1,-1
2512,[0.7084268  0.50625612],2,26,"[0.6734889003123068, 0.4756404454441684]",1,-1
2513,[0.59907395 0.43797992],2,27,"[0.5866068271601823, 0.4386408725933068]",1,-1
2514,[0.75350419 0.42202278],2,32,"[0.7535856051996079, 0.45307884495298306]",1,-1
2515,[0.70204113 0.40061359],2,30,"[0.6934973256581222, 0.4131681772802667]",1,57
2516,[0.72926912 0.38356307],2,42,"[0.765559566045806, 0.37716611859716387]",1,-1
2517,[0.69372261 0.43723736],2,30,"[0.6934973256581222, 0.4131681772802667]",1,-1
2518,[0.85563212 0.34766551],2,-1,-1,1,-1
2519,[0.66210035 0.39988747],2,28,"[0.6409610568572724, 0.3943628717562158]",1,-1
2520,[0.72119794 0.31425002],2,29,"[0.7250576817720672, 0.30126581813471415]",1,-1
2521,[0.69889511 0.34653827],2,29,"[0.7250576817720672, 0.30126581813471415]",1,-1
2522,[0.73904247 0.32240958],2,29,"[0.7250576817720672, 0.30126581813471415]",1,-1
2523,[0.73038503 0.42959957],2,32,"[0.7535856051996079, 0.45307884495298306]",1,54
2524,[0.68527773 0.43443311],2,30,"[0.6934973256581222, 0.4131681772802667]",1,-1
2525,[0.67436635 0.4458912 ],2,26,"[0.6734889003123068, 0.4756404454441684]",1,-1
2526,[0.57453466 0.40194684],2,27,"[0.5866068271601823, 0.4386408725933068]",1,-1
2527,[0.67362705 0.38034005],2,28,"[0.6409610568572724, 0.3943628717562158]",1,-1
2528,[0.67059633 0.33812114],2,28,"[0.6409610568572724, 0.3943628717562158]",1,-1
2529,[0.71281794 0.41352445],2,30,"[0.6934973256581222, 0.4131681772802667]",1,-1
2530,[0.68992181 0.40723461],2,30,"[0.6934973256581222, 0.4131681772802667]",1,57
2531,[0.70709194 0.37407381],2,30,"[0.6934973256581222, 0.4131681772802667]",1,-1
2532,[0.73301898 0.41922755],2,32,"[0.7535856051996079, 0.45307884495298306]",1,54
2533,[0.66609418 0.40737454],2,30,"[0.6934973256581222, 0.4131681772802667]",1,57
2534,[0.72740814 0.36861618],2,42,"[0.765559566045806, 0.37716611859716387]",1,-1
2535,[0.72295075 0.34720193],2,29,"[0.7250576817720672, 0.30126581813471415]",1,-1
2536,[0.72746249 0.34436375],2,29,"[0.7250576817720672, 0.30126581813471415]",1,-1
2537,[0.72216573 0.36622031],2,42,"[0.765559566045806, 0.37716611859716387]",1,-1
2538,[0.62629686 0.41654514],2,28,"[0.6409610568572724, 0.3943628717562158]",1,-1
2539,[0.68280519 0.31936802],2,29,"[0.7250576817720672, 0.30126581813471415]",1,-1
2540,[0.68629825 0.43229626],2,30,"[0.6934973256581222, 0.4131681772802667]",1,-1
2541,[0.73379404 0.39827547],2,42,"[0.765559566045806, 0.37716611859716387]",1,-1
2542,[0.68859866 0.37230263],2,30,"[0.6934973256581222, 0.4131681772802667]",1,-1
2543,[0.70682067 0.41116032],2,30,"[0.6934973256581222, 0.4131681772802667]",1,-1
2544,[0.7368147  0.31923928],2,29,"[0.7250576817720672, 0.30126581813471415]",1,-1
2545,[0.70619605 0.4757395 ],2,26,"[0.6734889003123068, 0.4756404454441684]",1,-1
2546,[0.63851112 0.41854353],2,28,"[0.6409610568572724, 0.3943628717562158]",1,-1
2547,[0.64163731 0.38815146],2,28,"[0.6409610568572724, 0.3943628717562158]",1,-1
2548,[0.77725902 0.51637237],2,3,"[0.8068810957052946, 0.5180547120844742]",1,41
2549,[0.66567484 0.37332623],2,28,"[0.6409610568572724, 0.3943628717562158]",1,-1
2550,[0.68206908 0.34822181],2,28,"[0.6409610568572724, 0.3943628717562158]",1,-1
2551,[0.70837157 0.48001619],2,26,"[0.6734889003123068, 0.4756404454441684]",1,-1
2552,[0.69238837 0.37451908],2,30,"[0.6934973256581222, 0.4131681772802667]",1,-1
2553,[0.70588384 0.35984032],2,30,"[0.6934973256581222, 0.4131681772802667]",1,-1
2554,[0.72976835 0.42632192],2,32,"[0.7535856051996079, 0.45307884495298306]",1,-1
2555,[0.66787207 0.3556035 ],2,28,"[0.6409610568572724, 0.3943628717562158]",1,-1
2556,[0.61557157 0.30573189],2,46,"[0.5877940429991866, 0.34550221910317963]",1,-1
2557,[0.7179522  0.37529464],2,30,"[0.6934973256581222, 0.4131681772802667]",1,-1
2558,[0.76491057 0.44193313],2,32,"[0.7535856051996079, 0.45307884495298306]",1,-1
2559,[0.69612532 0.39701195],2,30,"[0.6934973256581222, 0.4131681772802667]",1,-1
2560,[0.70174136 0.32991307],2,29,"[0.7250576817720672, 0.30126581813471415]",1,-1
2561,[0.65734176 0.43003591],2,28,"[0.6409610568572724, 0.3943628717562158]",1,56
2562,[0.71100581 0.36813717],2,30,"[0.6934973256581222, 0.4131681772802667]",1,-1
2563,[0.71505823 0.42800461],2,30,"[0.6934973256581222, 0.4131681772802667]",1,-1
2564,[0.6230246  0.33883695],2,46,"[0.5877940429991866, 0.34550221910317963]",1,-1
2565,[0.69940793 0.38604225],2,30,"[0.6934973256581222, 0.4131681772802667]",1,-1
2566,[0.62503815 0.32555586],2,46,"[0.5877940429991866, 0.34550221910317963]",1,-1
2567,[0.73220172 0.30613408],2,29,"[0.7250576817720672, 0.30126581813471415]",1,-1
2568,[0.66286172 0.42891879],2,30,"[0.6934973256581222, 0.4131681772802667]",1,56
2569,[0.77757165 0.42733197],2,32,"[0.7535856051996079, 0.45307884495298306]",1,38
2570,[0.7075985  0.39042874],2,30,"[0.6934973256581222, 0.4131681772802667]",1,-1
2571,[0.75684053 0.37497984],2,42,"[0.765559566045806, 0.37716611859716387]",1,-1
2572,[0.67749862 0.39520119],2,30,"[0.6934973256581222, 0.4131681772802667]",1,-1
2573,[0.67935352 0.36512275],2,28,"[0.6409610568572724, 0.3943628717562158]",1,-1
2574,[0.60661887 0.42728106],2,27,"[0.5866068271601823, 0.4386408725933068]",1,-1
2575,[0.74195959 0.46320392],2,32,"[0.7535856051996079, 0.45307884495298306]",1,43
2576,[0.69643566 0.4064078 ],2,30,"[0.6934973256581222, 0.4131681772802667]",1,57
2577,[0.61180139 0.36572133],2,46,"[0.5877940429991866, 0.34550221910317963]",1,-1
2578,[0.75210319 0.28861109],2,29,"[0.7250576817720672, 0.30126581813471415]",1,-1
2579,[0.70996743 0.36127356],2,30,"[0.6934973256581222, 0.4131681772802667]",1,-1
2580,[0.7687389  0.45217384],2,32,"[0.7535856051996079, 0.45307884495298306]",1,-1
2581,[0.68001061 0.45334318],2,26,"[0.6734889003123068, 0.4756404454441684]",1,-1
2582,[0.56378857 0.39844465],2,27,"[0.5866068271601823, 0.4386408725933068]",1,-1
2583,[0.75549821 0.42670242],2,32,"[0.7535856051996079, 0.45307884495298306]",1,-1
2584,[0.69937477 0.49022517],2,26,"[0.6734889003123068, 0.4756404454441684]",1,-1
2585,[0.76488798 0.41886896],2,32,"[0.7535856051996079, 0.45307884495298306]",1,-1
2586,[0.77753463 0.47587988],2,32,"[0.7535856051996079, 0.45307884495298306]",1,-1
2587,[0.76752098 0.43877192],2,32,"[0.7535856051996079, 0.45307884495298306]",1,-1
2588,[0.73303371 0.33801913],2,29,"[0.7250576817720672, 0.30126581813471415]",1,-1
2589,[0.62737892 0.38258192],2,28,"[0.6409610568572724, 0.3943628717562158]",1,-1
2590,[0.6708953  0.37407437],2,28,"[0.6409610568572724, 0.3943628717562158]",1,-1
2591,[0.69952187 0.4207379 ],2,30,"[0.6934973256581222, 0.4131681772802667]",1,57
2592,[0.80104992 0.28423642],2,-1,-1,1,-1
2593,[0.68105949 0.4093748 ],2,30,"[0.6934973256581222, 0.4131681772802667]",1,-1
2594,[0.71931967 0.33773604],2,29,"[0.7250576817720672, 0.30126581813471415]",1,-1
2595,[0.68029051 0.41559784],2,30,"[0.6934973256581222, 0.4131681772802667]",1,-1
2596,[0.65050013 0.40479242],2,28,"[0.6409610568572724, 0.3943628717562158]",1,57
2597,[0.64922531 0.37393509],2,28,"[0.6409610568572724, 0.3943628717562158]",1,-1
2598,[0.72776049 0.37253691],2,42,"[0.765559566045806, 0.37716611859716387]",1,-1
2599,[0.6546648  0.39222032],2,28,"[0.6409610568572724, 0.3943628717562158]",1,-1
2600,[0.65560522 0.47302472],2,26,"[0.6734889003123068, 0.4756404454441684]",1,-1
2601,[0.74478381 0.35423908],2,42,"[0.765559566045806, 0.37716611859716387]",1,-1
2602,[0.6747891 0.4090707],2,30,"[0.6934973256581222, 0.4131681772802667]",1,57
2603,[0.71662134 0.40602398],2,30,"[0.6934973256581222, 0.4131681772802667]",1,-1
2604,[0.69436665 0.3501013 ],2,29,"[0.7250576817720672, 0.30126581813471415]",1,-1
2605,[0.71641537 0.36478078],2,42,"[0.765559566045806, 0.37716611859716387]",1,-1
2606,[0.66765268 0.37103919],2,28,"[0.6409610568572724, 0.3943628717562158]",1,-1
2607,[0.73250099 0.4193203 ],2,30,"[0.6934973256581222, 0.4131681772802667]",1,54
2608,[0.72918946 0.40404347],2,30,"[0.6934973256581222, 0.4131681772802667]",1,-1
2609,[0.56534705 0.37835491],2,46,"[0.5877940429991866, 0.34550221910317963]",1,-1
2610,[0.80964942 0.40154555],2,14,"[0.8486155699332081, 0.42850029565542425]",1,-1
2611,[0.77625889 0.40273764],2,42,"[0.765559566045806, 0.37716611859716387]",1,-1
2612,[0.72404169 0.35899602],2,42,"[0.765559566045806, 0.37716611859716387]",1,-1
2613,[0.67527215 0.42229302],2,30,"[0.6934973256581222, 0.4131681772802667]",1,-1
2614,[0.6251687  0.33812027],2,46,"[0.5877940429991866, 0.34550221910317963]",1,-1
2615,[0.69316459 0.38082458],2,30,"[0.6934973256581222, 0.4131681772802667]",1,-1
2616,[0.74477154 0.44087244],2,32,"[0.7535856051996079, 0.45307884495298306]",1,-1
2617,[0.65387675 0.32399262],2,46,"[0.5877940429991866, 0.34550221910317963]",1,-1
2618,[0.71728427 0.30536516],2,29,"[0.7250576817720672, 0.30126581813471415]",1,-1
2619,[0.7163255  0.39891502],2,30,"[0.6934973256581222, 0.4131681772802667]",1,-1
2620,[0.66229338 0.40190022],2,28,"[0.6409610568572724, 0.3943628717562158]",1,57
2621,[0.68543582 0.38196966],2,30,"[0.6934973256581222, 0.4131681772802667]",1,-1
2622,[0.72909118 0.3666437 ],2,42,"[0.765559566045806, 0.37716611859716387]",1,-1
2623,[0.72471091 0.40457069],2,30,"[0.6934973256581222, 0.4131681772802667]",1,-1
2624,[0.66370701 0.35995339],2,28,"[0.6409610568572724, 0.3943628717562158]",1,-1
2625,[0.73184639 0.33240027],2,29,"[0.7250576817720672, 0.30126581813471415]",1,-1
2626,[0.67507252 0.39050904],2,30,"[0.6934973256581222, 0.4131681772802667]",1,-1
2627,[0.60690203 0.39686391],2,28,"[0.6409610568572724, 0.3943628717562158]",1,-1
2628,[0.66796985 0.41085394],2,30,"[0.6934973256581222, 0.4131681772802667]",1,57
2629,[0.66170271 0.36205701],2,28,"[0.6409610568572724, 0.3943628717562158]",1,-1
2630,[0.76716481 0.31139874],2,29,"[0.7250576817720672, 0.30126581813471415]",1,-1
2631,[0.70590506 0.35742267],2,30,"[0.6934973256581222, 0.4131681772802667]",1,-1
2632,[0.82058605 0.41865394],2,14,"[0.8486155699332081, 0.42850029565542425]",1,-1
2633,[0.74803017 0.51465197],2,3,"[0.8068810957052946, 0.5180547120844742]",1,-1
2634,[0.73865781 0.42155781],2,32,"[0.7535856051996079, 0.45307884495298306]",1,54
2635,[0.6543795 0.3318948],2,28,"[0.6409610568572724, 0.3943628717562158]",1,-1
2636,[0.5892476  0.36313996],2,46,"[0.5877940429991866, 0.34550221910317963]",1,-1
2637,[0.70282934 0.36040725],2,30,"[0.6934973256581222, 0.4131681772802667]",1,-1
2638,[0.65719296 0.32901856],2,28,"[0.6409610568572724, 0.3943628717562158]",1,-1
2639,[0.66972274 0.38371162],2,28,"[0.6409610568572724, 0.3943628717562158]",1,-1
2640,[0.77799191 0.37077937],2,42,"[0.765559566045806, 0.37716611859716387]",1,-1
2641,[0.79233015 0.35009923],2,42,"[0.765559566045806, 0.37716611859716387]",1,-1
2642,[0.70774669 0.44171584],2,30,"[0.6934973256581222, 0.4131681772802667]",1,-1
2643,[0.71815071 0.46604701],2,32,"[0.7535856051996079, 0.45307884495298306]",1,-1
2644,[0.67993277 0.44952351],2,26,"[0.6734889003123068, 0.4756404454441684]",1,-1
2645,[0.69298696 0.3977789 ],2,30,"[0.6934973256581222, 0.4131681772802667]",1,57
2646,[0.65065805 0.35162324],2,28,"[0.6409610568572724, 0.3943628717562158]",1,-1
2647,[0.62101301 0.49565902],2,10,"[0.6101257152780476, 0.5394800330734051]",1,-1
2648,[0.69860603 0.36411399],2,30,"[0.6934973256581222, 0.4131681772802667]",1,-1
2649,[0.66687645 0.4063023 ],2,30,"[0.6934973256581222, 0.4131681772802667]",1,57
2650,[0.67519409 0.39655821],2,30,"[0.6934973256581222, 0.4131681772802667]",1,-1
2651,[0.65013751 0.35456879],2,28,"[0.6409610568572724, 0.3943628717562158]",1,-1
2652,[0.70120297 0.31029347],2,29,"[0.7250576817720672, 0.30126581813471415]",1,-1
2653,[0.64446152 0.36727137],2,28,"[0.6409610568572724, 0.3943628717562158]",1,-1
2654,[0.75447368 0.44738844],2,32,"[0.7535856051996079, 0.45307884495298306]",1,-1
2655,[0.61970107 0.43526859],2,27,"[0.5866068271601823, 0.4386408725933068]",1,-1
2656,[0.72528408 0.37576208],2,42,"[0.765559566045806, 0.37716611859716387]",1,-1
2657,[0.73100026 0.3750715 ],2,42,"[0.765559566045806, 0.37716611859716387]",1,-1
2658,[0.58574769 0.43419083],2,27,"[0.5866068271601823, 0.4386408725933068]",1,-1
2659,[0.68882931 0.37048325],2,30,"[0.6934973256581222, 0.4131681772802667]",1,-1
2660,[0.78556829 0.325888  ],2,42,"[0.765559566045806, 0.37716611859716387]",1,-1
2661,[0.67550812 0.43794719],2,30,"[0.6934973256581222, 0.4131681772802667]",1,-1
2662,[0.64435128 0.34334103],2,28,"[0.6409610568572724, 0.3943628717562158]",1,-1
2663,[0.70990753 0.42739436],2,30,"[0.6934973256581222, 0.4131681772802667]",1,-1
2664,[0.73152138 0.3820958 ],2,42,"[0.765559566045806, 0.37716611859716387]",1,-1
2665,[0.68285265 0.42048271],2,30,"[0.6934973256581222, 0.4131681772802667]",1,-1
2666,[0.56028719 0.39327829],2,27,"[0.5866068271601823, 0.4386408725933068]",1,-1
2667,[0.77716477 0.39150868],2,42,"[0.765559566045806, 0.37716611859716387]",1,-1
2668,[0.59211784 0.37771195],2,46,"[0.5877940429991866, 0.34550221910317963]",1,-1
2669,[0.75349422 0.32850676],2,29,"[0.7250576817720672, 0.30126581813471415]",1,-1
2670,[0.75214685 0.32465367],2,29,"[0.7250576817720672, 0.30126581813471415]",1,-1
2671,[0.7555019  0.33423824],2,42,"[0.765559566045806, 0.37716611859716387]",1,-1
2672,[0.70008893 0.3768845 ],2,30,"[0.6934973256581222, 0.4131681772802667]",1,-1
2673,[0.50977849 0.4312827 ],2,35,"[0.491626887866141, 0.45015531396212327]",1,-1
2674,[0.69133838 0.43105285],2,30,"[0.6934973256581222, 0.4131681772802667]",1,57
2675,[0.67643485 0.38078289],2,30,"[0.6934973256581222, 0.4131681772802667]",1,-1
2676,[0.68969282 0.31642012],2,29,"[0.7250576817720672, 0.30126581813471415]",1,-1
2677,[0.69709965 0.40169978],2,30,"[0.6934973256581222, 0.4131681772802667]",1,57
2678,[0.69542527 0.4460252 ],2,30,"[0.6934973256581222, 0.4131681772802667]",1,-1
2679,[0.78253389 0.31990799],2,42,"[0.765559566045806, 0.37716611859716387]",1,-1
2680,[0.73451359 0.41710532],2,32,"[0.7535856051996079, 0.45307884495298306]",1,54
2681,[0.73165422 0.43459392],2,32,"[0.7535856051996079, 0.45307884495298306]",1,54
2682,[0.67435466 0.32240704],2,29,"[0.7250576817720672, 0.30126581813471415]",1,-1
2683,[0.64841668 0.32555493],2,46,"[0.5877940429991866, 0.34550221910317963]",1,-1
2684,[0.77649554 0.36223267],2,42,"[0.765559566045806, 0.37716611859716387]",1,-1
2685,[0.70210219 0.28778005],2,29,"[0.7250576817720672, 0.30126581813471415]",1,-1
2686,[0.77713715 0.41371167],2,42,"[0.765559566045806, 0.37716611859716387]",1,-1
2687,[0.63366221 0.33204879],2,46,"[0.5877940429991866, 0.34550221910317963]",1,-1
2688,[0.64831308 0.43347648],2,28,"[0.6409610568572724, 0.3943628717562158]",1,-1
2689,[0.73877446 0.43887909],2,32,"[0.7535856051996079, 0.45307884495298306]",1,-1
2690,[0.6281089  0.48299171],2,26,"[0.6734889003123068, 0.4756404454441684]",1,-1
2691,[0.67698204 0.37361101],2,28,"[0.6409610568572724, 0.3943628717562158]",1,-1
2692,[0.61527197 0.40003382],2,28,"[0.6409610568572724, 0.3943628717562158]",1,-1
2693,[0.66552426 0.49076747],2,26,"[0.6734889003123068, 0.4756404454441684]",1,-1
2694,[0.71060663 0.34497305],2,29,"[0.7250576817720672, 0.30126581813471415]",1,-1
2695,[0.76473646 0.40237395],2,42,"[0.765559566045806, 0.37716611859716387]",1,-1
2696,[0.71341531 0.29421928],2,29,"[0.7250576817720672, 0.30126581813471415]",1,-1
2697,[0.74781382 0.40477072],2,42,"[0.765559566045806, 0.37716611859716387]",1,-1
2698,[0.71258119 0.41950574],2,30,"[0.6934973256581222, 0.4131681772802667]",1,-1
2699,[0.75255135 0.46672631],2,32,"[0.7535856051996079, 0.45307884495298306]",1,-1
2700,[0.68675804 0.45783888],2,26,"[0.6734889003123068, 0.4756404454441684]",1,-1
2701,[0.68196899 0.30647722],2,29,"[0.7250576817720672, 0.30126581813471415]",1,-1
2702,[0.66467255 0.47352995],2,26,"[0.6734889003123068, 0.4756404454441684]",1,-1
2703,[0.72635474 0.43622776],2,32,"[0.7535856051996079, 0.45307884495298306]",1,54
2704,[0.75775148 0.40695511],2,42,"[0.765559566045806, 0.37716611859716387]",1,-1
2705,[0.75218538 0.39393301],2,42,"[0.765559566045806, 0.37716611859716387]",1,-1
2706,[0.73634056 0.39491113],2,42,"[0.765559566045806, 0.37716611859716387]",1,-1
2707,[0.57446981 0.30209157],2,46,"[0.5877940429991866, 0.34550221910317963]",1,-1
2708,[0.64266186 0.33596448],2,46,"[0.5877940429991866, 0.34550221910317963]",1,-1
2709,[0.67668076 0.37158803],2,28,"[0.6409610568572724, 0.3943628717562158]",1,-1
2710,[0.66417577 0.42054626],2,30,"[0.6934973256581222, 0.4131681772802667]",1,-1
2711,[0.83117738 0.37096795],2,14,"[0.8486155699332081, 0.42850029565542425]",1,-1
2712,[0.73575794 0.36457009],2,42,"[0.765559566045806, 0.37716611859716387]",1,-1
2713,[0.73507799 0.3819351 ],2,42,"[0.765559566045806, 0.37716611859716387]",1,-1
2714,[0.71921047 0.33740684],2,29,"[0.7250576817720672, 0.30126581813471415]",1,-1
2715,[0.72200689 0.40382869],2,30,"[0.6934973256581222, 0.4131681772802667]",1,-1
2716,[0.70544885 0.28174451],2,29,"[0.7250576817720672, 0.30126581813471415]",1,-1
2717,[0.72486996 0.33877112],2,29,"[0.7250576817720672, 0.30126581813471415]",1,-1
2718,[0.77074882 0.35910246],2,42,"[0.765559566045806, 0.37716611859716387]",1,-1
2719,[0.59128359 0.52739084],2,10,"[0.6101257152780476, 0.5394800330734051]",1,-1
2720,[0.74975013 0.44427861],2,32,"[0.7535856051996079, 0.45307884495298306]",1,-1
2721,[0.66747733 0.32302413],2,29,"[0.7250576817720672, 0.30126581813471415]",1,-1
2722,[0.66056017 0.38274661],2,28,"[0.6409610568572724, 0.3943628717562158]",1,-1
2723,[0.62553082 0.41063938],2,28,"[0.6409610568572724, 0.3943628717562158]",1,-1
2724,[0.67817102 0.39147068],2,30,"[0.6934973256581222, 0.4131681772802667]",1,-1
2725,[0.71993599 0.37846665],2,30,"[0.6934973256581222, 0.4131681772802667]",1,-1
2726,[0.62229139 0.34268628],2,46,"[0.5877940429991866, 0.34550221910317963]",1,-1
2727,[0.71616674 0.24217239],2,29,"[0.7250576817720672, 0.30126581813471415]",1,-1
2728,[0.70394347 0.39592839],2,30,"[0.6934973256581222, 0.4131681772802667]",1,57
2729,[0.66333521 0.40658162],2,28,"[0.6409610568572724, 0.3943628717562158]",1,-1
2730,[0.63675498 0.42087218],2,28,"[0.6409610568572724, 0.3943628717562158]",1,-1
2731,[0.74860554 0.47907731],2,32,"[0.7535856051996079, 0.45307884495298306]",1,-1
2732,[0.69832657 0.40720263],2,30,"[0.6934973256581222, 0.4131681772802667]",1,57
2733,[0.73106848 0.35156074],2,42,"[0.765559566045806, 0.37716611859716387]",1,-1
2734,[0.62042199 0.2943959 ],2,46,"[0.5877940429991866, 0.34550221910317963]",1,-1
2735,[0.66414819 0.31840689],2,29,"[0.7250576817720672, 0.30126581813471415]",1,-1
2736,[0.6529332  0.44441663],2,26,"[0.6734889003123068, 0.4756404454441684]",1,56
2737,[0.68573254 0.38159335],2,30,"[0.6934973256581222, 0.4131681772802667]",1,-1
2738,[0.66000387 0.45419094],2,26,"[0.6734889003123068, 0.4756404454441684]",1,-1
2739,[0.70000135 0.32305244],2,29,"[0.7250576817720672, 0.30126581813471415]",1,-1
2740,[0.65399493 0.38728558],2,28,"[0.6409610568572724, 0.3943628717562158]",1,-1
2741,[0.7243211  0.38487872],2,30,"[0.6934973256581222, 0.4131681772802667]",1,-1
2742,[0.78476411 0.44165564],2,32,"[0.7535856051996079, 0.45307884495298306]",1,-1
2743,[0.69100228 0.38845758],2,30,"[0.6934973256581222, 0.4131681772802667]",1,-1
2744,[0.61254689 0.4078848 ],2,28,"[0.6409610568572724, 0.3943628717562158]",1,-1
2745,[0.64156307 0.29177629],2,-1,-1,1,-1
2746,[0.73600177 0.38340939],2,42,"[0.765559566045806, 0.37716611859716387]",1,-1
2747,[0.71307666 0.36874357],2,30,"[0.6934973256581222, 0.4131681772802667]",1,-1
2748,[0.70157403 0.4216829 ],2,30,"[0.6934973256581222, 0.4131681772802667]",1,57
2749,[0.74208681 0.46404757],2,32,"[0.7535856051996079, 0.45307884495298306]",1,43
2750,[0.68573099 0.43946665],2,30,"[0.6934973256581222, 0.4131681772802667]",1,-1
2751,[0.7408733  0.37402069],2,42,"[0.765559566045806, 0.37716611859716387]",1,-1
2752,[0.72475738 0.39993811],2,30,"[0.6934973256581222, 0.4131681772802667]",1,-1
2753,[0.79942492 0.40196776],2,42,"[0.765559566045806, 0.37716611859716387]",1,-1
2754,[0.66941807 0.38329381],2,28,"[0.6409610568572724, 0.3943628717562158]",1,-1
2755,[0.7722967  0.35413348],2,42,"[0.765559566045806, 0.37716611859716387]",1,-1
2756,[0.71584681 0.39935403],2,30,"[0.6934973256581222, 0.4131681772802667]",1,-1
2757,[0.64648861 0.37820651],2,28,"[0.6409610568572724, 0.3943628717562158]",1,-1
2758,[0.64858022 0.45086453],2,26,"[0.6734889003123068, 0.4756404454441684]",1,-1
2759,[0.69390359 0.31383007],2,29,"[0.7250576817720672, 0.30126581813471415]",1,-1
2760,[0.58762823 0.38732571],2,46,"[0.5877940429991866, 0.34550221910317963]",1,-1
2761,[0.69395585 0.37880153],2,30,"[0.6934973256581222, 0.4131681772802667]",1,-1
2762,[0.74124849 0.3660481 ],2,42,"[0.765559566045806, 0.37716611859716387]",1,-1
2763,[0.70170762 0.44184708],2,30,"[0.6934973256581222, 0.4131681772802667]",1,-1
2764,[0.62635114 0.42337584],2,28,"[0.6409610568572724, 0.3943628717562158]",1,58
2765,[0.73077028 0.45534362],2,32,"[0.7535856051996079, 0.45307884495298306]",1,-1
2766,[0.80060626 0.40061355],2,42,"[0.765559566045806, 0.37716611859716387]",1,-1
2767,[0.73676502 0.39909491],2,42,"[0.765559566045806, 0.37716611859716387]",1,-1
2768,[0.78409969 0.36271735],2,42,"[0.765559566045806, 0.37716611859716387]",1,-1
2769,[0.6655611  0.41507539],2,30,"[0.6934973256581222, 0.4131681772802667]",1,-1
2770,[0.75166518 0.39708889],2,42,"[0.765559566045806, 0.37716611859716387]",1,23
2771,[0.73117354 0.39355645],2,42,"[0.765559566045806, 0.37716611859716387]",1,-1
2772,[0.73622071 0.36501846],2,42,"[0.765559566045806, 0.37716611859716387]",1,-1
2773,[0.65419891 0.32643445],2,46,"[0.5877940429991866, 0.34550221910317963]",1,-1
2774,[0.79973578 0.36588231],2,42,"[0.765559566045806, 0.37716611859716387]",1,-1
2775,[0.73367843 0.39582202],2,42,"[0.765559566045806, 0.37716611859716387]",1,-1
2776,[0.65504083 0.39798302],2,28,"[0.6409610568572724, 0.3943628717562158]",1,57
2777,[0.64034163 0.35226959],2,28,"[0.6409610568572724, 0.3943628717562158]",1,-1
2778,[0.72564394 0.39414544],2,30,"[0.6934973256581222, 0.4131681772802667]",1,-1
2779,[0.69661948 0.33788028],2,29,"[0.7250576817720672, 0.30126581813471415]",1,-1
2780,[0.72059016 0.34912154],2,29,"[0.7250576817720672, 0.30126581813471415]",1,-1
2781,[0.72691233 0.45637208],2,32,"[0.7535856051996079, 0.45307884495298306]",1,-1
2782,[0.76438025 0.39603219],2,42,"[0.765559566045806, 0.37716611859716387]",1,-1
2783,[0.63639714 0.33778805],2,46,"[0.5877940429991866, 0.34550221910317963]",1,-1
2784,[0.69941877 0.38096998],2,30,"[0.6934973256581222, 0.4131681772802667]",1,-1
2785,[0.69242388 0.3520758 ],2,29,"[0.7250576817720672, 0.30126581813471415]",1,-1
2786,[0.78445194 0.38263036],2,42,"[0.765559566045806, 0.37716611859716387]",1,-1
2787,[0.68994252 0.40610748],2,30,"[0.6934973256581222, 0.4131681772802667]",1,57
2788,[0.65376536 0.40279828],2,28,"[0.6409610568572724, 0.3943628717562158]",1,57
2789,[0.63402492 0.35350371],2,28,"[0.6409610568572724, 0.3943628717562158]",1,-1
2790,[0.62931026 0.35831146],2,28,"[0.6409610568572724, 0.3943628717562158]",1,-1
2791,[0.68046935 0.41609431],2,30,"[0.6934973256581222, 0.4131681772802667]",1,-1
2792,[0.69548709 0.40214936],2,30,"[0.6934973256581222, 0.4131681772802667]",1,-1
2793,[0.72193339 0.39631817],2,30,"[0.6934973256581222, 0.4131681772802667]",1,-1
2794,[0.68120828 0.45924135],2,26,"[0.6734889003123068, 0.4756404454441684]",1,-1
2795,[0.69485674 0.42074654],2,30,"[0.6934973256581222, 0.4131681772802667]",1,57
2796,[0.67751899 0.37221071],2,28,"[0.6409610568572724, 0.3943628717562158]",1,-1
2797,[0.75623545 0.39766692],2,42,"[0.765559566045806, 0.37716611859716387]",1,23
2798,[0.71920584 0.2759299 ],2,29,"[0.7250576817720672, 0.30126581813471415]",1,-1
2799,[0.59491824 0.34829738],2,46,"[0.5877940429991866, 0.34550221910317963]",1,-1
2800,[0.57295223 0.31756044],2,46,"[0.5877940429991866, 0.34550221910317963]",1,-1
2801,[0.72018114 0.35933433],2,42,"[0.765559566045806, 0.37716611859716387]",1,-1
2802,[0.76532119 0.34087175],2,42,"[0.765559566045806, 0.37716611859716387]",1,-1
2803,[0.67184514 0.46048501],2,26,"[0.6734889003123068, 0.4756404454441684]",1,-1
2804,[0.73247846 0.36781687],2,42,"[0.765559566045806, 0.37716611859716387]",1,-1
2805,[0.73945537 0.40746671],2,42,"[0.765559566045806, 0.37716611859716387]",1,-1
2806,[0.66265958 0.30451735],2,29,"[0.7250576817720672, 0.30126581813471415]",1,-1
2807,[0.75906977 0.44013679],2,32,"[0.7535856051996079, 0.45307884495298306]",1,-1
2808,[0.72734898 0.39744152],2,30,"[0.6934973256581222, 0.4131681772802667]",1,-1
2809,[0.64785678 0.28831259],2,-1,-1,1,-1
2810,[0.73594741 0.42126458],2,32,"[0.7535856051996079, 0.45307884495298306]",1,54
2811,[0.7167802  0.44548729],2,32,"[0.7535856051996079, 0.45307884495298306]",1,-1
2812,[0.67944058 0.36113166],2,28,"[0.6409610568572724, 0.3943628717562158]",1,-1
2813,[0.654511   0.45492483],2,26,"[0.6734889003123068, 0.4756404454441684]",1,-1
2814,[0.7362483  0.33938514],2,29,"[0.7250576817720672, 0.30126581813471415]",1,-1
2815,[0.69855206 0.39127907],2,30,"[0.6934973256581222, 0.4131681772802667]",1,-1
2816,[0.75929271 0.41110348],2,42,"[0.765559566045806, 0.37716611859716387]",1,-1
2817,[0.69737701 0.38369366],2,30,"[0.6934973256581222, 0.4131681772802667]",1,-1
2818,[0.78118289 0.36866417],2,42,"[0.765559566045806, 0.37716611859716387]",1,-1
2819,[0.75118738 0.36067211],2,42,"[0.765559566045806, 0.37716611859716387]",1,-1
2820,[0.76041055 0.47050569],2,32,"[0.7535856051996079, 0.45307884495298306]",1,-1
2821,[0.76239074 0.28640429],2,29,"[0.7250576817720672, 0.30126581813471415]",1,-1
2822,[0.74225989 0.52471986],2,11,"[0.7051682617613192, 0.574171671796882]",1,-1
2823,[0.72380786 0.3381611 ],2,29,"[0.7250576817720672, 0.30126581813471415]",1,-1
2824,[0.67965565 0.35920283],2,28,"[0.6409610568572724, 0.3943628717562158]",1,-1
2825,[0.72581616 0.39158593],2,30,"[0.6934973256581222, 0.4131681772802667]",1,-1
2826,[0.73920996 0.41814376],2,32,"[0.7535856051996079, 0.45307884495298306]",1,54
2827,[0.68953154 0.31125423],2,29,"[0.7250576817720672, 0.30126581813471415]",1,-1
2828,[0.7497943  0.36212569],2,42,"[0.765559566045806, 0.37716611859716387]",1,-1
2829,[0.65762934 0.38138251],2,28,"[0.6409610568572724, 0.3943628717562158]",1,-1
2830,[0.69279675 0.40363552],2,30,"[0.6934973256581222, 0.4131681772802667]",1,57
2831,[0.72667106 0.39658795],2,30,"[0.6934973256581222, 0.4131681772802667]",1,-1
2832,[0.72447878 0.40653515],2,30,"[0.6934973256581222, 0.4131681772802667]",1,-1
2833,[0.72349774 0.39671404],2,30,"[0.6934973256581222, 0.4131681772802667]",1,-1
2834,[0.70771856 0.44456074],2,30,"[0.6934973256581222, 0.4131681772802667]",1,-1
2835,[0.67896043 0.39067244],2,30,"[0.6934973256581222, 0.4131681772802667]",1,-1
2836,[0.6863976  0.39387013],2,30,"[0.6934973256581222, 0.4131681772802667]",1,-1
2837,[0.6363374  0.36467597],2,28,"[0.6409610568572724, 0.3943628717562158]",1,-1
2838,[0.68217036 0.30791795],2,29,"[0.7250576817720672, 0.30126581813471415]",1,-1
2839,[0.74950033 0.42443923],2,32,"[0.7535856051996079, 0.45307884495298306]",1,-1
2840,[0.78608961 0.52462989],2,3,"[0.8068810957052946, 0.5180547120844742]",1,41
2841,[0.73581747 0.38413779],2,42,"[0.765559566045806, 0.37716611859716387]",1,-1
2842,[0.6828214  0.39761359],2,30,"[0.6934973256581222, 0.4131681772802667]",1,57
2843,[0.72480007 0.42092118],2,30,"[0.6934973256581222, 0.4131681772802667]",1,-1
2844,[0.64852882 0.41080617],2,28,"[0.6409610568572724, 0.3943628717562158]",1,-1
2845,[0.66913293 0.43501242],2,30,"[0.6934973256581222, 0.4131681772802667]",1,-1
2846,[0.69389181 0.45219733],2,26,"[0.6734889003123068, 0.4756404454441684]",1,-1
2847,[0.68128233 0.41108363],2,30,"[0.6934973256581222, 0.4131681772802667]",1,-1
2848,[0.68528278 0.50471746],2,26,"[0.6734889003123068, 0.4756404454441684]",1,-1
2849,[0.65099414 0.38419401],2,28,"[0.6409610568572724, 0.3943628717562158]",1,-1
2850,[0.62638944 0.41184541],2,28,"[0.6409610568572724, 0.3943628717562158]",1,-1
2851,[0.70672788 0.37842185],2,30,"[0.6934973256581222, 0.4131681772802667]",1,-1
2852,[0.73611347 0.39143382],2,42,"[0.765559566045806, 0.37716611859716387]",1,-1
2853,[0.75896244 0.36754577],2,42,"[0.765559566045806, 0.37716611859716387]",1,-1
2854,[0.64562809 0.47081896],2,26,"[0.6734889003123068, 0.4756404454441684]",1,-1
2855,[0.65745809 0.46052282],2,26,"[0.6734889003123068, 0.4756404454441684]",1,-1
2856,[0.69571573 0.3543064 ],2,30,"[0.6934973256581222, 0.4131681772802667]",1,-1
2857,[0.65681084 0.46228397],2,26,"[0.6734889003123068, 0.4756404454441684]",1,-1
2858,[0.6592739  0.32698697],2,28,"[0.6409610568572724, 0.3943628717562158]",1,-1
2859,[0.61785288 0.43395149],2,27,"[0.5866068271601823, 0.4386408725933068]",1,-1
2860,[0.80662531 0.35445206],2,42,"[0.765559566045806, 0.37716611859716387]",1,-1
2861,[0.67684665 0.34515255],2,28,"[0.6409610568572724, 0.3943628717562158]",1,-1
2862,[0.68214422 0.41488119],2,30,"[0.6934973256581222, 0.4131681772802667]",1,57
2863,[0.65184233 0.38663595],2,28,"[0.6409610568572724, 0.3943628717562158]",1,-1
2864,[0.6827397 0.4887981],2,26,"[0.6734889003123068, 0.4756404454441684]",1,-1
2865,[0.69248888 0.33195282],2,29,"[0.7250576817720672, 0.30126581813471415]",1,-1
2866,[0.67188849 0.4454106 ],2,26,"[0.6734889003123068, 0.4756404454441684]",1,-1
2867,[0.70837692 0.33502175],2,29,"[0.7250576817720672, 0.30126581813471415]",1,-1
2868,[0.72201658 0.40224929],2,30,"[0.6934973256581222, 0.4131681772802667]",1,-1
2869,[0.6701884  0.40443071],2,30,"[0.6934973256581222, 0.4131681772802667]",1,57
2870,[0.67453074 0.27722027],2,29,"[0.7250576817720672, 0.30126581813471415]",1,-1
2871,[0.75957166 0.39312322],2,42,"[0.765559566045806, 0.37716611859716387]",1,23
2872,[0.69333001 0.42581675],2,30,"[0.6934973256581222, 0.4131681772802667]",1,57
2873,[0.69478747 0.40894419],2,30,"[0.6934973256581222, 0.4131681772802667]",1,57
2874,[0.60730924 0.40814191],2,28,"[0.6409610568572724, 0.3943628717562158]",1,-1
2875,[0.69629715 0.43250088],2,30,"[0.6934973256581222, 0.4131681772802667]",1,-1
2876,[0.6465955  0.46961372],2,26,"[0.6734889003123068, 0.4756404454441684]",1,-1
2877,[0.70134933 0.42069368],2,30,"[0.6934973256581222, 0.4131681772802667]",1,57
2878,[0.77055269 0.33698429],2,42,"[0.765559566045806, 0.37716611859716387]",1,-1
2879,[0.69199722 0.4001047 ],2,30,"[0.6934973256581222, 0.4131681772802667]",1,-1
2880,[0.76548679 0.37079744],2,42,"[0.765559566045806, 0.37716611859716387]",1,-1
2881,[0.72237662 0.3404539 ],2,29,"[0.7250576817720672, 0.30126581813471415]",1,-1
2882,[0.65933206 0.36729083],2,28,"[0.6409610568572724, 0.3943628717562158]",1,-1
2883,[0.7043553  0.46724292],2,26,"[0.6734889003123068, 0.4756404454441684]",1,-1
2884,[0.65362901 0.37671937],2,28,"[0.6409610568572724, 0.3943628717562158]",1,-1
2885,[0.67000027 0.39855065],2,30,"[0.6934973256581222, 0.4131681772802667]",1,57
2886,[0.77739643 0.42483943],2,32,"[0.7535856051996079, 0.45307884495298306]",1,-1
2887,[0.65868509 0.45980225],2,26,"[0.6734889003123068, 0.4756404454441684]",1,-1
2888,[0.73382751 0.35667156],2,42,"[0.765559566045806, 0.37716611859716387]",1,-1
2889,[0.6247206  0.43338255],2,27,"[0.5866068271601823, 0.4386408725933068]",1,-1
2890,[0.69544048 0.40059279],2,30,"[0.6934973256581222, 0.4131681772802667]",1,-1
2891,[0.77153945 0.38274305],2,42,"[0.765559566045806, 0.37716611859716387]",1,-1
2892,[0.63660783 0.36104963],2,28,"[0.6409610568572724, 0.3943628717562158]",1,-1
2893,[0.67678801 0.35470386],2,28,"[0.6409610568572724, 0.3943628717562158]",1,-1
2894,[0.78107515 0.46113104],2,32,"[0.7535856051996079, 0.45307884495298306]",1,-1
2895,[0.77597748 0.39274253],2,42,"[0.765559566045806, 0.37716611859716387]",1,-1
2896,[0.66336733 0.34367352],2,28,"[0.6409610568572724, 0.3943628717562158]",1,-1
2897,[0.68260294 0.39247976],2,30,"[0.6934973256581222, 0.4131681772802667]",1,57
2898,[0.68842294 0.41554754],2,30,"[0.6934973256581222, 0.4131681772802667]",1,57
2899,[0.717429   0.39808233],2,30,"[0.6934973256581222, 0.4131681772802667]",1,-1
2900,[0.67974247 0.43886344],2,30,"[0.6934973256581222, 0.4131681772802667]",1,-1
2901,[0.62793804 0.40895184],2,28,"[0.6409610568572724, 0.3943628717562158]",1,-1
2902,[0.70979989 0.39516318],2,30,"[0.6934973256581222, 0.4131681772802667]",1,-1
2903,[0.67968513 0.30388224],2,29,"[0.7250576817720672, 0.30126581813471415]",1,-1
2904,[0.75007363 0.33862324],2,42,"[0.765559566045806, 0.37716611859716387]",1,-1
2905,[0.62617177 0.32845784],2,46,"[0.5877940429991866, 0.34550221910317963]",1,-1
2906,[0.73599661 0.39951934],2,42,"[0.765559566045806, 0.37716611859716387]",1,-1
2907,[0.66834111 0.39173248],2,28,"[0.6409610568572724, 0.3943628717562158]",1,-1
2908,[0.7358758  0.43999138],2,32,"[0.7535856051996079, 0.45307884495298306]",1,54
2909,[0.69758108 0.35672584],2,30,"[0.6934973256581222, 0.4131681772802667]",1,-1
2910,[0.75408102 0.39633266],2,42,"[0.765559566045806, 0.37716611859716387]",1,23
2911,[0.75961427 0.38298313],2,42,"[0.765559566045806, 0.37716611859716387]",1,-1
2912,[0.69328859 0.24977908],2,29,"[0.7250576817720672, 0.30126581813471415]",1,-1
2913,[0.70279511 0.38006785],2,30,"[0.6934973256581222, 0.4131681772802667]",1,-1
2914,[0.68519562 0.31655589],2,29,"[0.7250576817720672, 0.30126581813471415]",1,-1
2915,[0.79398404 0.36633909],2,42,"[0.765559566045806, 0.37716611859716387]",1,-1
2916,[0.75224003 0.37871014],2,42,"[0.765559566045806, 0.37716611859716387]",1,-1
2917,[0.72843984 0.44753009],2,32,"[0.7535856051996079, 0.45307884495298306]",1,-1
2918,[0.66138149 0.47932914],2,26,"[0.6734889003123068, 0.4756404454441684]",1,-1
2919,[0.68960442 0.32110491],2,29,"[0.7250576817720672, 0.30126581813471415]",1,-1
2920,[0.70756374 0.38213769],2,30,"[0.6934973256581222, 0.4131681772802667]",1,-1
2921,[0.7257228  0.40160257],2,30,"[0.6934973256581222, 0.4131681772802667]",1,-1
2922,[0.64970408 0.36382647],2,28,"[0.6409610568572724, 0.3943628717562158]",1,-1
2923,[0.71911243 0.37959274],2,30,"[0.6934973256581222, 0.4131681772802667]",1,-1
2924,[0.75586705 0.34552064],2,42,"[0.765559566045806, 0.37716611859716387]",1,-1
2925,[0.62480985 0.3612851 ],2,28,"[0.6409610568572724, 0.3943628717562158]",1,-1
2926,[0.61304904 0.38288555],2,28,"[0.6409610568572724, 0.3943628717562158]",1,-1
2927,[0.78576118 0.41609181],2,42,"[0.765559566045806, 0.37716611859716387]",1,-1
2928,[0.78466329 0.40864829],2,42,"[0.765559566045806, 0.37716611859716387]",1,-1
2929,[0.65557961 0.29670219],2,29,"[0.7250576817720672, 0.30126581813471415]",1,-1
2930,[0.69731684 0.38729874],2,30,"[0.6934973256581222, 0.4131681772802667]",1,-1
2931,[0.68438939 0.45779321],2,26,"[0.6734889003123068, 0.4756404454441684]",1,-1
2932,[0.68015193 0.38188375],2,30,"[0.6934973256581222, 0.4131681772802667]",1,-1
2933,[0.64808466 0.4624794 ],2,26,"[0.6734889003123068, 0.4756404454441684]",1,-1
2934,[0.65037143 0.37249138],2,28,"[0.6409610568572724, 0.3943628717562158]",1,-1
2935,[0.66495857 0.36855168],2,28,"[0.6409610568572724, 0.3943628717562158]",1,-1
2936,[0.62900917 0.41291641],2,28,"[0.6409610568572724, 0.3943628717562158]",1,-1
2937,[0.6377998  0.34521873],2,28,"[0.6409610568572724, 0.3943628717562158]",1,-1
2938,[0.67078825 0.40603238],2,30,"[0.6934973256581222, 0.4131681772802667]",1,57
2939,[0.6885988  0.41252424],2,30,"[0.6934973256581222, 0.4131681772802667]",1,57
2940,[0.68826299 0.40121255],2,30,"[0.6934973256581222, 0.4131681772802667]",1,-1
2941,[0.69289662 0.44225105],2,30,"[0.6934973256581222, 0.4131681772802667]",1,-1
2942,[0.73407507 0.38827195],2,42,"[0.765559566045806, 0.37716611859716387]",1,-1
2943,[0.70015022 0.41080883],2,30,"[0.6934973256581222, 0.4131681772802667]",1,-1
2944,[0.67388908 0.4131414 ],2,30,"[0.6934973256581222, 0.4131681772802667]",1,57
2945,[0.65987625 0.34672009],2,28,"[0.6409610568572724, 0.3943628717562158]",1,-1
2946,[0.77606455 0.41535021],2,42,"[0.765559566045806, 0.37716611859716387]",1,-1
2947,[0.66976909 0.33507264],2,29,"[0.7250576817720672, 0.30126581813471415]",1,-1
2948,[0.64344844 0.31312861],2,46,"[0.5877940429991866, 0.34550221910317963]",1,-1
2949,[0.70470855 0.49071336],2,26,"[0.6734889003123068, 0.4756404454441684]",1,-1
2950,[0.62169133 0.35928479],2,46,"[0.5877940429991866, 0.34550221910317963]",1,-1
2951,[0.67380238 0.38062394],2,28,"[0.6409610568572724, 0.3943628717562158]",1,-1
2952,[0.628272   0.35588376],2,28,"[0.6409610568572724, 0.3943628717562158]",1,-1
2953,[0.66346107 0.42719279],2,30,"[0.6934973256581222, 0.4131681772802667]",1,56
2954,[0.76368155 0.29364633],2,29,"[0.7250576817720672, 0.30126581813471415]",1,-1
2955,[0.67742245 0.33769783],2,29,"[0.7250576817720672, 0.30126581813471415]",1,-1
2956,[0.5579502  0.40457571],2,27,"[0.5866068271601823, 0.4386408725933068]",1,-1
2957,[0.73624256 0.33794535],2,29,"[0.7250576817720672, 0.30126581813471415]",1,-1
2958,[0.73034308 0.31574902],2,29,"[0.7250576817720672, 0.30126581813471415]",1,-1
2959,[0.76295625 0.42259803],2,32,"[0.7535856051996079, 0.45307884495298306]",1,-1
2960,[0.65653342 0.46428769],2,26,"[0.6734889003123068, 0.4756404454441684]",1,-1
2961,[0.70293879 0.35889608],2,30,"[0.6934973256581222, 0.4131681772802667]",1,-1
2962,[0.72866256 0.39103593],2,42,"[0.765559566045806, 0.37716611859716387]",1,-1
2963,[0.72976666 0.43668953],2,32,"[0.7535856051996079, 0.45307884495298306]",1,54
2964,[0.65012247 0.36726285],2,28,"[0.6409610568572724, 0.3943628717562158]",1,-1
2965,[0.72500036 0.36105329],2,42,"[0.765559566045806, 0.37716611859716387]",1,-1
2966,[0.76058173 0.41674671],2,32,"[0.7535856051996079, 0.45307884495298306]",1,-1
2967,[0.75876428 0.37150206],2,42,"[0.765559566045806, 0.37716611859716387]",1,-1
2968,[0.70505312 0.43007171],2,30,"[0.6934973256581222, 0.4131681772802667]",1,-1
2969,[0.63121589 0.28034636],2,-1,-1,1,-1
2970,[0.74181564 0.32090347],2,29,"[0.7250576817720672, 0.30126581813471415]",1,-1
2971,[0.67019832 0.40611033],2,30,"[0.6934973256581222, 0.4131681772802667]",1,57
2972,[0.63199012 0.31454378],2,46,"[0.5877940429991866, 0.34550221910317963]",1,-1
2973,[0.57914332 0.37573674],2,46,"[0.5877940429991866, 0.34550221910317963]",1,-1
2974,[0.62701395 0.43541993],2,27,"[0.5866068271601823, 0.4386408725933068]",1,-1
2975,[0.72380237 0.49701036],2,32,"[0.7535856051996079, 0.45307884495298306]",1,-1
2976,[0.78079768 0.23344451],2,36,"[0.8010613954248607, 0.1951077488579437]",1,-1
2977,[0.64574819 0.4363915 ],2,28,"[0.6409610568572724, 0.3943628717562158]",1,56
2978,[0.83501758 0.42153292],2,14,"[0.8486155699332081, 0.42850029565542425]",1,-1
2979,[0.67778207 0.36604432],2,28,"[0.6409610568572724, 0.3943628717562158]",1,-1
2980,[0.73449131 0.41591287],2,30,"[0.6934973256581222, 0.4131681772802667]",1,-1
2981,[0.73885514 0.41053381],2,42,"[0.765559566045806, 0.37716611859716387]",1,-1
2982,[0.68603942 0.47915264],2,26,"[0.6734889003123068, 0.4756404454441684]",1,39
2983,[0.72482908 0.35787812],2,42,"[0.765559566045806, 0.37716611859716387]",1,-1
2984,[0.74083166 0.37650166],2,42,"[0.765559566045806, 0.37716611859716387]",1,-1
2985,[0.7538773  0.32927383],2,29,"[0.7250576817720672, 0.30126581813471415]",1,-1
2986,[0.82067158 0.3883809 ],2,14,"[0.8486155699332081, 0.42850029565542425]",1,-1
2987,[0.70931168 0.42528834],2,30,"[0.6934973256581222, 0.4131681772802667]",1,57
2988,[0.61608943 0.36223358],2,46,"[0.5877940429991866, 0.34550221910317963]",1,-1
2989,[0.6363606  0.41596191],2,28,"[0.6409610568572724, 0.3943628717562158]",1,-1
2990,[0.70856806 0.4715191 ],2,26,"[0.6734889003123068, 0.4756404454441684]",1,52
2991,[0.64447345 0.4135712 ],2,28,"[0.6409610568572724, 0.3943628717562158]",1,-1
2992,[0.68634647 0.3511291 ],2,30,"[0.6934973256581222, 0.4131681772802667]",1,-1
2993,[0.80904627 0.36547855],2,42,"[0.765559566045806, 0.37716611859716387]",1,-1
2994,[0.68817925 0.31836675],2,29,"[0.7250576817720672, 0.30126581813471415]",1,-1
2995,[0.71882543 0.4514675 ],2,32,"[0.7535856051996079, 0.45307884495298306]",1,-1
2996,[0.73602453 0.4174695 ],2,32,"[0.7535856051996079, 0.45307884495298306]",1,54
2997,[0.71287882 0.41834202],2,30,"[0.6934973256581222, 0.4131681772802667]",1,-1
2998,[0.69096125 0.43758801],2,30,"[0.6934973256581222, 0.4131681772802667]",1,-1
2999,[0.65884872 0.33662011],2,28,"[0.6409610568572724, 0.3943628717562158]",1,-1
3000,[0.77955304 0.5358633 ],3,3,"[0.8068810957052946, 0.5180547120844742]",1,41
3001,[0.69839319 0.43708049],3,30,"[0.6934973256581222, 0.4131681772802667]",1,-1
3002,[0.71433861 0.45354559],3,32,"[0.7535856051996079, 0.45307884495298306]",1,-1
3003,[0.77176947 0.50915408],3,3,"[0.8068810957052946, 0.5180547120844742]",1,-1
3004,[0.75347195 0.51119096],3,3,"[0.8068810957052946, 0.5180547120844742]",1,41
3005,[0.70942775 0.51922739],3,11,"[0.7051682617613192, 0.574171671796882]",1,-1
3006,[0.69943384 0.48563359],3,26,"[0.6734889003123068, 0.4756404454441684]",1,-1
3007,[0.77212125 0.55057383],3,3,"[0.8068810957052946, 0.5180547120844742]",1,-1
3008,[0.68773212 0.45394421],3,26,"[0.6734889003123068, 0.4756404454441684]",1,-1
3009,[0.64879996 0.43480909],3,28,"[0.6409610568572724, 0.3943628717562158]",1,56
3010,[0.74760848 0.46760238],3,32,"[0.7535856051996079, 0.45307884495298306]",1,-1
3011,[0.72283502 0.43268302],3,30,"[0.6934973256581222, 0.4131681772802667]",1,-1
3012,[0.69070991 0.50553232],3,26,"[0.6734889003123068, 0.4756404454441684]",1,-1
3013,[0.61153773 0.48710349],3,10,"[0.6101257152780476, 0.5394800330734051]",1,34
3014,[0.77154507 0.4801257 ],3,32,"[0.7535856051996079, 0.45307884495298306]",1,-1
3015,[0.72640325 0.48435753],3,32,"[0.7535856051996079, 0.45307884495298306]",1,-1
3016,[0.73031528 0.44694327],3,32,"[0.7535856051996079, 0.45307884495298306]",1,-1
3017,[0.77214916 0.3760539 ],3,42,"[0.765559566045806, 0.37716611859716387]",1,-1
3018,[0.71754681 0.4837736 ],3,26,"[0.6734889003123068, 0.4756404454441684]",1,-1
3019,[0.72581867 0.4370892 ],3,32,"[0.7535856051996079, 0.45307884495298306]",1,54
3020,[0.63690053 0.55421144],3,10,"[0.6101257152780476, 0.5394800330734051]",1,-1
3021,[0.69662814 0.41192456],3,30,"[0.6934973256581222, 0.4131681772802667]",1,-1
3022,[0.64736083 0.47817168],3,26,"[0.6734889003123068, 0.4756404454441684]",1,-1
3023,[0.77076382 0.46699876],3,32,"[0.7535856051996079, 0.45307884495298306]",1,-1
3024,[0.71730014 0.41143676],3,30,"[0.6934973256581222, 0.4131681772802667]",1,-1
3025,[0.78670475 0.43189704],3,32,"[0.7535856051996079, 0.45307884495298306]",1,-1
3026,[0.74836553 0.48044161],3,32,"[0.7535856051996079, 0.45307884495298306]",1,43
3027,[0.70270582 0.56789742],3,11,"[0.7051682617613192, 0.574171671796882]",1,-1
3028,[0.69363033 0.47161579],3,26,"[0.6734889003123068, 0.4756404454441684]",1,-1
3029,[0.79285147 0.41829579],3,42,"[0.765559566045806, 0.37716611859716387]",1,-1
3030,[0.80846925 0.54125857],3,3,"[0.8068810957052946, 0.5180547120844742]",1,-1
3031,[0.70243109 0.40379189],3,30,"[0.6934973256581222, 0.4131681772802667]",1,57
3032,[0.82095939 0.55003003],3,3,"[0.8068810957052946, 0.5180547120844742]",1,-1
3033,[0.79689807 0.47524425],3,3,"[0.8068810957052946, 0.5180547120844742]",1,-1
3034,[0.6733044  0.40822218],3,30,"[0.6934973256581222, 0.4131681772802667]",1,57
3035,[0.65341142 0.51050843],3,26,"[0.6734889003123068, 0.4756404454441684]",1,-1
3036,[0.79267065 0.45778878],3,32,"[0.7535856051996079, 0.45307884495298306]",1,-1
3037,[0.68673026 0.41506207],3,30,"[0.6934973256581222, 0.4131681772802667]",1,57
3038,[0.8411175  0.54553306],3,3,"[0.8068810957052946, 0.5180547120844742]",1,-1
3039,[0.80290214 0.45709072],3,32,"[0.7535856051996079, 0.45307884495298306]",1,-1
3040,[0.7308958 0.4993364],3,32,"[0.7535856051996079, 0.45307884495298306]",1,-1
3041,[0.80545689 0.5372297 ],3,3,"[0.8068810957052946, 0.5180547120844742]",1,-1
3042,[0.77472339 0.45974277],3,32,"[0.7535856051996079, 0.45307884495298306]",1,45
3043,[0.71496648 0.44374056],3,30,"[0.6934973256581222, 0.4131681772802667]",1,-1
3044,[0.7194903  0.43798871],3,30,"[0.6934973256581222, 0.4131681772802667]",1,-1
3045,[0.71005024 0.45972082],3,26,"[0.6734889003123068, 0.4756404454441684]",1,-1
3046,[0.80864433 0.47586057],3,3,"[0.8068810957052946, 0.5180547120844742]",1,-1
3047,[0.65858864 0.40772965],3,28,"[0.6409610568572724, 0.3943628717562158]",1,-1
3048,[0.77441623 0.39729647],3,42,"[0.765559566045806, 0.37716611859716387]",1,-1
3049,[0.79856603 0.42661718],3,14,"[0.8486155699332081, 0.42850029565542425]",1,-1
3050,[0.77065219 0.47323823],3,32,"[0.7535856051996079, 0.45307884495298306]",1,-1
3051,[0.83470933 0.44183602],3,14,"[0.8486155699332081, 0.42850029565542425]",1,-1
3052,[0.71589065 0.53173232],3,11,"[0.7051682617613192, 0.574171671796882]",1,-1
3053,[0.78396641 0.49928164],3,3,"[0.8068810957052946, 0.5180547120844742]",1,-1
3054,[0.73794138 0.37873783],3,42,"[0.765559566045806, 0.37716611859716387]",1,-1
3055,[0.78592125 0.57295175],3,43,"[0.8274941202305067, 0.5998913364221842]",1,-1
3056,[0.80076005 0.55472291],3,3,"[0.8068810957052946, 0.5180547120844742]",1,-1
3057,[0.73030967 0.37919158],3,42,"[0.765559566045806, 0.37716611859716387]",1,-1
3058,[0.76958079 0.47250099],3,32,"[0.7535856051996079, 0.45307884495298306]",1,-1
3059,[0.78050782 0.4674547 ],3,32,"[0.7535856051996079, 0.45307884495298306]",1,-1
3060,[0.75413891 0.4913466 ],3,32,"[0.7535856051996079, 0.45307884495298306]",1,-1
3061,[0.71771164 0.48706155],3,26,"[0.6734889003123068, 0.4756404454441684]",1,-1
3062,[0.84350478 0.46807183],3,14,"[0.8486155699332081, 0.42850029565542425]",1,-1
3063,[0.80944122 0.40454278],3,14,"[0.8486155699332081, 0.42850029565542425]",1,-1
3064,[0.76215787 0.46025532],3,32,"[0.7535856051996079, 0.45307884495298306]",1,-1
3065,[0.75851137 0.4774002 ],3,32,"[0.7535856051996079, 0.45307884495298306]",1,-1
3066,[0.76893064 0.45764807],3,32,"[0.7535856051996079, 0.45307884495298306]",1,-1
3067,[0.70830246 0.43053767],3,30,"[0.6934973256581222, 0.4131681772802667]",1,-1
3068,[0.84895495 0.48639512],3,3,"[0.8068810957052946, 0.5180547120844742]",1,-1
3069,[0.6695745  0.48767089],3,26,"[0.6734889003123068, 0.4756404454441684]",1,-1
3070,[0.71865146 0.42871556],3,30,"[0.6934973256581222, 0.4131681772802667]",1,-1
3071,[0.80271774 0.53379931],3,3,"[0.8068810957052946, 0.5180547120844742]",1,-1
3072,[0.79536666 0.49832234],3,3,"[0.8068810957052946, 0.5180547120844742]",1,44
3073,[0.6347054  0.44349779],3,27,"[0.5866068271601823, 0.4386408725933068]",1,-1
3074,[0.73286333 0.43490273],3,32,"[0.7535856051996079, 0.45307884495298306]",1,-1
3075,[0.73535605 0.46539821],3,32,"[0.7535856051996079, 0.45307884495298306]",1,-1
3076,[0.66537256 0.53873728],3,11,"[0.7051682617613192, 0.574171671796882]",1,-1
3077,[0.69480719 0.4449959 ],3,30,"[0.6934973256581222, 0.4131681772802667]",1,-1
3078,[0.65416807 0.47993376],3,26,"[0.6734889003123068, 0.4756404454441684]",1,-1
3079,[0.71682279 0.56028157],3,11,"[0.7051682617613192, 0.574171671796882]",1,-1
3080,[0.70772793 0.51920369],3,11,"[0.7051682617613192, 0.574171671796882]",1,-1
3081,[0.74897943 0.371459  ],3,42,"[0.765559566045806, 0.37716611859716387]",1,-1
3082,[0.7363767  0.48353351],3,32,"[0.7535856051996079, 0.45307884495298306]",1,43
3083,[0.71615289 0.52751513],3,11,"[0.7051682617613192, 0.574171671796882]",1,33
3084,[0.7482185 0.4901798],3,32,"[0.7535856051996079, 0.45307884495298306]",1,-1
3085,[0.75385237 0.41824804],3,32,"[0.7535856051996079, 0.45307884495298306]",1,-1
3086,[0.67915468 0.43690491],3,30,"[0.6934973256581222, 0.4131681772802667]",1,-1
3087,[0.73391268 0.50305514],3,32,"[0.7535856051996079, 0.45307884495298306]",1,-1
3088,[0.70313318 0.46043213],3,26,"[0.6734889003123068, 0.4756404454441684]",1,-1
3089,[0.82039261 0.54226964],3,3,"[0.8068810957052946, 0.5180547120844742]",1,-1
3090,[0.82320647 0.4678945 ],3,14,"[0.8486155699332081, 0.42850029565542425]",1,-1
3091,[0.78903104 0.51099774],3,3,"[0.8068810957052946, 0.5180547120844742]",1,-1
3092,[0.82476357 0.52954015],3,3,"[0.8068810957052946, 0.5180547120844742]",1,-1
3093,[0.71058237 0.44478355],3,30,"[0.6934973256581222, 0.4131681772802667]",1,-1
3094,[0.73134547 0.43000986],3,32,"[0.7535856051996079, 0.45307884495298306]",1,54
3095,[0.71223422 0.56318006],3,11,"[0.7051682617613192, 0.574171671796882]",1,-1
3096,[0.72630252 0.50102277],3,32,"[0.7535856051996079, 0.45307884495298306]",1,-1
3097,[0.70616778 0.51096335],3,26,"[0.6734889003123068, 0.4756404454441684]",1,-1
3098,[0.78181833 0.58571137],3,43,"[0.8274941202305067, 0.5998913364221842]",1,-1
3099,[0.75062234 0.37181346],3,42,"[0.765559566045806, 0.37716611859716387]",1,-1
3100,[0.68745719 0.41307751],3,30,"[0.6934973256581222, 0.4131681772802667]",1,57
3101,[0.68020227 0.52476862],3,26,"[0.6734889003123068, 0.4756404454441684]",1,-1
3102,[0.73447048 0.47417846],3,32,"[0.7535856051996079, 0.45307884495298306]",1,-1
3103,[0.74542434 0.46756372],3,32,"[0.7535856051996079, 0.45307884495298306]",1,-1
3104,[0.6874927  0.42823403],3,30,"[0.6934973256581222, 0.4131681772802667]",1,-1
3105,[0.78348427 0.45545789],3,32,"[0.7535856051996079, 0.45307884495298306]",1,-1
3106,[0.72247658 0.46738818],3,32,"[0.7535856051996079, 0.45307884495298306]",1,-1
3107,[0.7213532  0.41573781],3,30,"[0.6934973256581222, 0.4131681772802667]",1,-1
3108,[0.68970766 0.50661249],3,26,"[0.6734889003123068, 0.4756404454441684]",1,-1
3109,[0.72049852 0.45620861],3,32,"[0.7535856051996079, 0.45307884495298306]",1,-1
3110,[0.75078147 0.55721517],3,11,"[0.7051682617613192, 0.574171671796882]",1,-1
3111,[0.75619644 0.42201353],3,32,"[0.7535856051996079, 0.45307884495298306]",1,-1
3112,[0.78656373 0.3738916 ],3,42,"[0.765559566045806, 0.37716611859716387]",1,-1
3113,[0.74727946 0.51361084],3,3,"[0.8068810957052946, 0.5180547120844742]",1,41
3114,[0.73770424 0.52712909],3,11,"[0.7051682617613192, 0.574171671796882]",1,-1
3115,[0.70712332 0.45222767],3,26,"[0.6734889003123068, 0.4756404454441684]",1,-1
3116,[0.77405618 0.4578193 ],3,32,"[0.7535856051996079, 0.45307884495298306]",1,-1
3117,[0.74748514 0.50660801],3,32,"[0.7535856051996079, 0.45307884495298306]",1,41
3118,[0.69803527 0.56447848],3,11,"[0.7051682617613192, 0.574171671796882]",1,-1
3119,[0.71184864 0.4709273 ],3,26,"[0.6734889003123068, 0.4756404454441684]",1,52
3120,[0.78289205 0.5238166 ],3,3,"[0.8068810957052946, 0.5180547120844742]",1,-1
3121,[0.73908586 0.52987654],3,11,"[0.7051682617613192, 0.574171671796882]",1,-1
3122,[0.80616435 0.4904513 ],3,3,"[0.8068810957052946, 0.5180547120844742]",1,-1
3123,[0.81206482 0.40765642],3,14,"[0.8486155699332081, 0.42850029565542425]",1,-1
3124,[0.70219715 0.45378296],3,26,"[0.6734889003123068, 0.4756404454441684]",1,-1
3125,[0.78229798 0.49013795],3,3,"[0.8068810957052946, 0.5180547120844742]",1,-1
3126,[0.67187071 0.50644076],3,26,"[0.6734889003123068, 0.4756404454441684]",1,-1
3127,[0.80604262 0.4923247 ],3,3,"[0.8068810957052946, 0.5180547120844742]",1,-1
3128,[0.70224375 0.47277595],3,26,"[0.6734889003123068, 0.4756404454441684]",1,-1
3129,[0.65733159 0.44239309],3,26,"[0.6734889003123068, 0.4756404454441684]",1,56
3130,[0.69421235 0.46283817],3,26,"[0.6734889003123068, 0.4756404454441684]",1,-1
3131,[0.80807605 0.38565989],3,42,"[0.765559566045806, 0.37716611859716387]",1,-1
3132,[0.78434402 0.56099081],3,3,"[0.8068810957052946, 0.5180547120844742]",1,-1
3133,[0.6549825  0.44721504],3,26,"[0.6734889003123068, 0.4756404454441684]",1,-1
3134,[0.73217845 0.37299805],3,42,"[0.765559566045806, 0.37716611859716387]",1,-1
3135,[0.66076434 0.43742564],3,26,"[0.6734889003123068, 0.4756404454441684]",1,56
3136,[0.67640603 0.41859826],3,30,"[0.6934973256581222, 0.4131681772802667]",1,-1
3137,[0.79413592 0.532668  ],3,3,"[0.8068810957052946, 0.5180547120844742]",1,-1
3138,[0.71594287 0.40652086],3,30,"[0.6934973256581222, 0.4131681772802667]",1,-1
3139,[0.81480618 0.47853734],3,3,"[0.8068810957052946, 0.5180547120844742]",1,42
3140,[0.71946193 0.38585484],3,30,"[0.6934973256581222, 0.4131681772802667]",1,-1
3141,[0.75059265 0.53372922],3,3,"[0.8068810957052946, 0.5180547120844742]",1,-1
3142,[0.67480771 0.4369593 ],3,30,"[0.6934973256581222, 0.4131681772802667]",1,56
3143,[0.81744112 0.52859647],3,3,"[0.8068810957052946, 0.5180547120844742]",1,-1
3144,[0.7654805  0.47665723],3,32,"[0.7535856051996079, 0.45307884495298306]",1,-1
3145,[0.71685551 0.42595601],3,30,"[0.6934973256581222, 0.4131681772802667]",1,-1
3146,[0.79894512 0.47902564],3,3,"[0.8068810957052946, 0.5180547120844742]",1,-1
3147,[0.74433679 0.53238508],3,11,"[0.7051682617613192, 0.574171671796882]",1,-1
3148,[0.82210716 0.48960789],3,3,"[0.8068810957052946, 0.5180547120844742]",1,-1
3149,[0.72766572 0.31944568],3,29,"[0.7250576817720672, 0.30126581813471415]",1,-1
3150,[0.70436652 0.49755029],3,26,"[0.6734889003123068, 0.4756404454441684]",1,-1
3151,[0.77782432 0.47006574],3,32,"[0.7535856051996079, 0.45307884495298306]",1,-1
3152,[0.73589634 0.42051992],3,32,"[0.7535856051996079, 0.45307884495298306]",1,54
3153,[0.7407148  0.48037778],3,32,"[0.7535856051996079, 0.45307884495298306]",1,43
3154,[0.80991415 0.47479269],3,3,"[0.8068810957052946, 0.5180547120844742]",1,-1
3155,[0.68940523 0.49344604],3,26,"[0.6734889003123068, 0.4756404454441684]",1,-1
3156,[0.85800319 0.49405592],3,3,"[0.8068810957052946, 0.5180547120844742]",1,-1
3157,[0.75887864 0.46823179],3,32,"[0.7535856051996079, 0.45307884495298306]",1,-1
3158,[0.74119273 0.40580663],3,42,"[0.765559566045806, 0.37716611859716387]",1,-1
3159,[0.7606468  0.51936151],3,3,"[0.8068810957052946, 0.5180547120844742]",1,-1
3160,[0.69691991 0.50300829],3,26,"[0.6734889003123068, 0.4756404454441684]",1,-1
3161,[0.70284383 0.45669538],3,26,"[0.6734889003123068, 0.4756404454441684]",1,-1
3162,[0.72354321 0.44460481],3,32,"[0.7535856051996079, 0.45307884495298306]",1,-1
3163,[0.64664005 0.43565136],3,28,"[0.6409610568572724, 0.3943628717562158]",1,56
3164,[0.79979877 0.56576362],3,43,"[0.8274941202305067, 0.5998913364221842]",1,-1
3165,[0.80781054 0.45376253],3,14,"[0.8486155699332081, 0.42850029565542425]",1,-1
3166,[0.6945357  0.41330639],3,30,"[0.6934973256581222, 0.4131681772802667]",1,57
3167,[0.77441537 0.41731799],3,42,"[0.765559566045806, 0.37716611859716387]",1,-1
3168,[0.67422301 0.46850451],3,26,"[0.6734889003123068, 0.4756404454441684]",1,-1
3169,[0.764306   0.41186449],3,42,"[0.765559566045806, 0.37716611859716387]",1,-1
3170,[0.7645901  0.52162278],3,3,"[0.8068810957052946, 0.5180547120844742]",1,-1
3171,[0.72797038 0.48499644],3,32,"[0.7535856051996079, 0.45307884495298306]",1,-1
3172,[0.71471947 0.47597392],3,26,"[0.6734889003123068, 0.4756404454441684]",1,-1
3173,[0.83268833 0.42746722],3,14,"[0.8486155699332081, 0.42850029565542425]",1,-1
3174,[0.72799165 0.42842653],3,32,"[0.7535856051996079, 0.45307884495298306]",1,-1
3175,[0.74415269 0.43350155],3,32,"[0.7535856051996079, 0.45307884495298306]",1,-1
3176,[0.70350897 0.50804378],3,26,"[0.6734889003123068, 0.4756404454441684]",1,-1
3177,[0.69782935 0.40989415],3,30,"[0.6934973256581222, 0.4131681772802667]",1,-1
3178,[0.77125352 0.45775972],3,32,"[0.7535856051996079, 0.45307884495298306]",1,-1
3179,[0.71533884 0.54070255],3,11,"[0.7051682617613192, 0.574171671796882]",1,-1
3180,[0.63669929 0.51825172],3,10,"[0.6101257152780476, 0.5394800330734051]",1,-1
3181,[0.65857243 0.50433172],3,26,"[0.6734889003123068, 0.4756404454441684]",1,-1
3182,[0.67713598 0.47253905],3,26,"[0.6734889003123068, 0.4756404454441684]",1,-1
3183,[0.76125737 0.46280212],3,32,"[0.7535856051996079, 0.45307884495298306]",1,-1
3184,[0.82078281 0.47593923],3,3,"[0.8068810957052946, 0.5180547120844742]",1,42
3185,[0.79401257 0.51023094],3,3,"[0.8068810957052946, 0.5180547120844742]",1,-1
3186,[0.74223022 0.42460881],3,32,"[0.7535856051996079, 0.45307884495298306]",1,-1
3187,[0.71032103 0.4797689 ],3,26,"[0.6734889003123068, 0.4756404454441684]",1,-1
3188,[0.79027388 0.48837244],3,3,"[0.8068810957052946, 0.5180547120844742]",1,-1
3189,[0.72600352 0.47269954],3,32,"[0.7535856051996079, 0.45307884495298306]",1,-1
3190,[0.73443127 0.42973558],3,32,"[0.7535856051996079, 0.45307884495298306]",1,-1
3191,[0.79745465 0.50787582],3,3,"[0.8068810957052946, 0.5180547120844742]",1,44
3192,[0.70676701 0.46501746],3,26,"[0.6734889003123068, 0.4756404454441684]",1,-1
3193,[0.74194119 0.49095949],3,32,"[0.7535856051996079, 0.45307884495298306]",1,43
3194,[0.68998749 0.41590657],3,30,"[0.6934973256581222, 0.4131681772802667]",1,57
3195,[0.81598159 0.48835341],3,3,"[0.8068810957052946, 0.5180547120844742]",1,-1
3196,[0.75277721 0.41951605],3,32,"[0.7535856051996079, 0.45307884495298306]",1,-1
3197,[0.72153079 0.53303153],3,11,"[0.7051682617613192, 0.574171671796882]",1,-1
3198,[0.73613427 0.56509966],3,11,"[0.7051682617613192, 0.574171671796882]",1,-1
3199,[0.66309505 0.4910979 ],3,26,"[0.6734889003123068, 0.4756404454441684]",1,-1
3200,[0.70255303 0.42414066],3,30,"[0.6934973256581222, 0.4131681772802667]",1,-1
3201,[0.70908138 0.32956415],3,29,"[0.7250576817720672, 0.30126581813471415]",1,-1
3202,[0.78254185 0.45206874],3,32,"[0.7535856051996079, 0.45307884495298306]",1,-1
3203,[0.65971858 0.50244759],3,26,"[0.6734889003123068, 0.4756404454441684]",1,-1
3204,[0.74791218 0.47150529],3,32,"[0.7535856051996079, 0.45307884495298306]",1,-1
3205,[0.76707168 0.49708581],3,3,"[0.8068810957052946, 0.5180547120844742]",1,-1
3206,[0.75775205 0.55414951],3,11,"[0.7051682617613192, 0.574171671796882]",1,-1
3207,[0.7990572  0.44527006],3,32,"[0.7535856051996079, 0.45307884495298306]",1,-1
3208,[0.71579831 0.49919858],3,26,"[0.6734889003123068, 0.4756404454441684]",1,-1
3209,[0.71078089 0.47170853],3,26,"[0.6734889003123068, 0.4756404454441684]",1,52
3210,[0.67245734 0.50388426],3,26,"[0.6734889003123068, 0.4756404454441684]",1,-1
3211,[0.75980387 0.42050702],3,32,"[0.7535856051996079, 0.45307884495298306]",1,-1
3212,[0.74276357 0.35514764],3,42,"[0.765559566045806, 0.37716611859716387]",1,-1
3213,[0.75185092 0.41742271],3,32,"[0.7535856051996079, 0.45307884495298306]",1,-1
3214,[0.80979733 0.50679836],3,3,"[0.8068810957052946, 0.5180547120844742]",1,44
3215,[0.81012864 0.42425803],3,14,"[0.8486155699332081, 0.42850029565542425]",1,-1
3216,[0.64440455 0.45152005],3,26,"[0.6734889003123068, 0.4756404454441684]",1,-1
3217,[0.79194785 0.5161882 ],3,3,"[0.8068810957052946, 0.5180547120844742]",1,-1
3218,[0.92992236 0.43981789],3,-1,-1,1,-1
3219,[0.75993505 0.44903185],3,32,"[0.7535856051996079, 0.45307884495298306]",1,-1
3220,[0.65749785 0.40044273],3,28,"[0.6409610568572724, 0.3943628717562158]",1,57
3221,[0.63382645 0.50401699],3,10,"[0.6101257152780476, 0.5394800330734051]",1,-1
3222,[0.684989   0.54496098],3,11,"[0.7051682617613192, 0.574171671796882]",1,26
3223,[0.83680691 0.51202526],3,3,"[0.8068810957052946, 0.5180547120844742]",1,-1
3224,[0.72615677 0.49704545],3,32,"[0.7535856051996079, 0.45307884495298306]",1,-1
3225,[0.76109447 0.5360796 ],3,3,"[0.8068810957052946, 0.5180547120844742]",1,-1
3226,[0.76306042 0.5239142 ],3,3,"[0.8068810957052946, 0.5180547120844742]",1,-1
3227,[0.78660851 0.49161831],3,3,"[0.8068810957052946, 0.5180547120844742]",1,-1
3228,[0.78480815 0.58356082],3,43,"[0.8274941202305067, 0.5998913364221842]",1,-1
3229,[0.70989775 0.50398715],3,26,"[0.6734889003123068, 0.4756404454441684]",1,-1
3230,[0.68303854 0.45041753],3,26,"[0.6734889003123068, 0.4756404454441684]",1,-1
3231,[0.82189059 0.56245334],3,43,"[0.8274941202305067, 0.5998913364221842]",1,-1
3232,[0.76371733 0.53057403],3,3,"[0.8068810957052946, 0.5180547120844742]",1,-1
3233,[0.6647588  0.45482573],3,26,"[0.6734889003123068, 0.4756404454441684]",1,-1
3234,[0.75895625 0.48443432],3,32,"[0.7535856051996079, 0.45307884495298306]",1,-1
3235,[0.75413728 0.4922829 ],3,32,"[0.7535856051996079, 0.45307884495298306]",1,-1
3236,[0.71891787 0.38858786],3,30,"[0.6934973256581222, 0.4131681772802667]",1,-1
3237,[0.74195126 0.38739825],3,42,"[0.765559566045806, 0.37716611859716387]",1,-1
3238,[0.86484291 0.37138733],3,14,"[0.8486155699332081, 0.42850029565542425]",1,-1
3239,[0.7454261  0.45861208],3,32,"[0.7535856051996079, 0.45307884495298306]",1,-1
3240,[0.74513488 0.4616836 ],3,32,"[0.7535856051996079, 0.45307884495298306]",1,-1
3241,[0.70831946 0.49035904],3,26,"[0.6734889003123068, 0.4756404454441684]",1,-1
3242,[0.77689158 0.46668614],3,32,"[0.7535856051996079, 0.45307884495298306]",1,45
3243,[0.71021055 0.50346533],3,26,"[0.6734889003123068, 0.4756404454441684]",1,-1
3244,[0.72531696 0.47829677],3,32,"[0.7535856051996079, 0.45307884495298306]",1,-1
3245,[0.73002345 0.44132924],3,32,"[0.7535856051996079, 0.45307884495298306]",1,54
3246,[0.70911056 0.42076967],3,30,"[0.6934973256581222, 0.4131681772802667]",1,-1
3247,[0.7854373  0.55361338],3,3,"[0.8068810957052946, 0.5180547120844742]",1,-1
3248,[0.78958668 0.37115611],3,42,"[0.765559566045806, 0.37716611859716387]",1,-1
3249,[0.79346923 0.43121391],3,32,"[0.7535856051996079, 0.45307884495298306]",1,38
3250,[0.7419763  0.48196236],3,32,"[0.7535856051996079, 0.45307884495298306]",1,43
3251,[0.75507142 0.35282492],3,42,"[0.765559566045806, 0.37716611859716387]",1,-1
3252,[0.7808462  0.44247336],3,32,"[0.7535856051996079, 0.45307884495298306]",1,-1
3253,[0.73437622 0.35230926],3,42,"[0.765559566045806, 0.37716611859716387]",1,-1
3254,[0.82877905 0.58766488],3,43,"[0.8274941202305067, 0.5998913364221842]",1,-1
3255,[0.77564559 0.42435111],3,32,"[0.7535856051996079, 0.45307884495298306]",1,-1
3256,[0.75839001 0.58926645],3,11,"[0.7051682617613192, 0.574171671796882]",1,-1
3257,[0.75396309 0.44696097],3,32,"[0.7535856051996079, 0.45307884495298306]",1,-1
3258,[0.75808093 0.49379851],3,32,"[0.7535856051996079, 0.45307884495298306]",1,-1
3259,[0.69989047 0.40280361],3,30,"[0.6934973256581222, 0.4131681772802667]",1,57
3260,[0.71862711 0.41460193],3,30,"[0.6934973256581222, 0.4131681772802667]",1,-1
3261,[0.74115844 0.49075347],3,32,"[0.7535856051996079, 0.45307884495298306]",1,43
3262,[0.80740488 0.44041778],3,14,"[0.8486155699332081, 0.42850029565542425]",1,-1
3263,[0.8227098 0.4324305],3,14,"[0.8486155699332081, 0.42850029565542425]",1,-1
3264,[0.71906923 0.49212284],3,26,"[0.6734889003123068, 0.4756404454441684]",1,-1
3265,[0.74802711 0.50777077],3,32,"[0.7535856051996079, 0.45307884495298306]",1,41
3266,[0.74258998 0.53250682],3,11,"[0.7051682617613192, 0.574171671796882]",1,-1
3267,[0.8356288  0.51235181],3,3,"[0.8068810957052946, 0.5180547120844742]",1,-1
3268,[0.74647949 0.44181264],3,32,"[0.7535856051996079, 0.45307884495298306]",1,-1
3269,[0.78992861 0.51092736],3,3,"[0.8068810957052946, 0.5180547120844742]",1,-1
3270,[0.80264533 0.44726291],3,32,"[0.7535856051996079, 0.45307884495298306]",1,-1
3271,[0.71071337 0.46276119],3,26,"[0.6734889003123068, 0.4756404454441684]",1,-1
3272,[0.74523119 0.47474727],3,32,"[0.7535856051996079, 0.45307884495298306]",1,43
3273,[0.73989227 0.48674016],3,32,"[0.7535856051996079, 0.45307884495298306]",1,43
3274,[0.77274083 0.58132083],3,43,"[0.8274941202305067, 0.5998913364221842]",1,-1
3275,[0.81292858 0.44394469],3,14,"[0.8486155699332081, 0.42850029565542425]",1,-1
3276,[0.7807435  0.36585858],3,42,"[0.765559566045806, 0.37716611859716387]",1,-1
3277,[0.6593538  0.55451692],3,11,"[0.7051682617613192, 0.574171671796882]",1,-1
3278,[0.7427367  0.45945069],3,32,"[0.7535856051996079, 0.45307884495298306]",1,-1
3279,[0.76837725 0.50577205],3,3,"[0.8068810957052946, 0.5180547120844742]",1,-1
3280,[0.81807551 0.43251092],3,14,"[0.8486155699332081, 0.42850029565542425]",1,-1
3281,[0.7295956  0.45181783],3,32,"[0.7535856051996079, 0.45307884495298306]",1,54
3282,[0.80881055 0.53339198],3,3,"[0.8068810957052946, 0.5180547120844742]",1,-1
3283,[0.73980901 0.51245699],3,32,"[0.7535856051996079, 0.45307884495298306]",1,-1
3284,[0.72283519 0.45478484],3,32,"[0.7535856051996079, 0.45307884495298306]",1,-1
3285,[0.70167168 0.46910037],3,26,"[0.6734889003123068, 0.4756404454441684]",1,-1
3286,[0.72671706 0.51110229],3,32,"[0.7535856051996079, 0.45307884495298306]",1,-1
3287,[0.70978358 0.56116788],3,11,"[0.7051682617613192, 0.574171671796882]",1,-1
3288,[0.77871224 0.38282403],3,42,"[0.765559566045806, 0.37716611859716387]",1,-1
3289,[0.79105668 0.39145692],3,42,"[0.765559566045806, 0.37716611859716387]",1,-1
3290,[0.68140998 0.4016335 ],3,30,"[0.6934973256581222, 0.4131681772802667]",1,-1
3291,[0.75525667 0.42035801],3,32,"[0.7535856051996079, 0.45307884495298306]",1,-1
3292,[0.72909948 0.47831996],3,32,"[0.7535856051996079, 0.45307884495298306]",1,-1
3293,[0.66653414 0.49601425],3,26,"[0.6734889003123068, 0.4756404454441684]",1,-1
3294,[0.70260068 0.52508631],3,11,"[0.7051682617613192, 0.574171671796882]",1,-1
3295,[0.65467882 0.43952944],3,26,"[0.6734889003123068, 0.4756404454441684]",1,56
3296,[0.76803316 0.42359367],3,32,"[0.7535856051996079, 0.45307884495298306]",1,-1
3297,[0.68132474 0.53308247],3,11,"[0.7051682617613192, 0.574171671796882]",1,-1
3298,[0.79242523 0.56683299],3,43,"[0.8274941202305067, 0.5998913364221842]",1,-1
3299,[0.79199129 0.53448811],3,3,"[0.8068810957052946, 0.5180547120844742]",1,41
3300,[0.70646907 0.5587934 ],3,11,"[0.7051682617613192, 0.574171671796882]",1,-1
3301,[0.72285988 0.5851118 ],3,11,"[0.7051682617613192, 0.574171671796882]",1,-1
3302,[0.75382873 0.49027429],3,32,"[0.7535856051996079, 0.45307884495298306]",1,-1
3303,[0.77557066 0.48250074],3,32,"[0.7535856051996079, 0.45307884495298306]",1,-1
3304,[0.74949276 0.44565461],3,32,"[0.7535856051996079, 0.45307884495298306]",1,-1
3305,[0.77076215 0.47438043],3,32,"[0.7535856051996079, 0.45307884495298306]",1,-1
3306,[0.76943903 0.54438396],3,3,"[0.8068810957052946, 0.5180547120844742]",1,-1
3307,[0.76317382 0.41830322],3,32,"[0.7535856051996079, 0.45307884495298306]",1,-1
3308,[0.86275478 0.4634611 ],3,14,"[0.8486155699332081, 0.42850029565542425]",1,-1
3309,[0.75669819 0.44636025],3,32,"[0.7535856051996079, 0.45307884495298306]",1,-1
3310,[0.7173759  0.48188179],3,26,"[0.6734889003123068, 0.4756404454441684]",1,-1
3311,[0.77865837 0.55693466],3,3,"[0.8068810957052946, 0.5180547120844742]",1,-1
3312,[0.74566166 0.49839704],3,32,"[0.7535856051996079, 0.45307884495298306]",1,-1
3313,[0.76564521 0.40089104],3,42,"[0.765559566045806, 0.37716611859716387]",1,23
3314,[0.80831377 0.43826745],3,14,"[0.8486155699332081, 0.42850029565542425]",1,-1
3315,[0.74484316 0.4822208 ],3,32,"[0.7535856051996079, 0.45307884495298306]",1,43
3316,[0.76305767 0.4476026 ],3,32,"[0.7535856051996079, 0.45307884495298306]",1,-1
3317,[0.80824424 0.4116364 ],3,14,"[0.8486155699332081, 0.42850029565542425]",1,-1
3318,[0.73271416 0.49082193],3,32,"[0.7535856051996079, 0.45307884495298306]",1,-1
3319,[0.75447713 0.44861462],3,32,"[0.7535856051996079, 0.45307884495298306]",1,-1
3320,[0.70722331 0.46061237],3,26,"[0.6734889003123068, 0.4756404454441684]",1,-1
3321,[0.621725  0.4317767],3,27,"[0.5866068271601823, 0.4386408725933068]",1,-1
3322,[0.78558131 0.4593348 ],3,32,"[0.7535856051996079, 0.45307884495298306]",1,-1
3323,[0.76674893 0.36389708],3,42,"[0.765559566045806, 0.37716611859716387]",1,-1
3324,[0.71923574 0.46952644],3,32,"[0.7535856051996079, 0.45307884495298306]",1,52
3325,[0.70203809 0.4566835 ],3,26,"[0.6734889003123068, 0.4756404454441684]",1,-1
3326,[0.6864397 0.4172706],3,30,"[0.6934973256581222, 0.4131681772802667]",1,57
3327,[0.82902357 0.45370626],3,14,"[0.8486155699332081, 0.42850029565542425]",1,42
3328,[0.84107275 0.51637368],3,3,"[0.8068810957052946, 0.5180547120844742]",1,-1
3329,[0.81874542 0.38150232],3,42,"[0.765559566045806, 0.37716611859716387]",1,-1
3330,[0.76987601 0.48227104],3,32,"[0.7535856051996079, 0.45307884495298306]",1,-1
3331,[0.72704096 0.52517612],3,11,"[0.7051682617613192, 0.574171671796882]",1,-1
3332,[0.80284929 0.47340521],3,3,"[0.8068810957052946, 0.5180547120844742]",1,-1
3333,[0.77027562 0.4719315 ],3,32,"[0.7535856051996079, 0.45307884495298306]",1,-1
3334,[0.68945894 0.42272815],3,30,"[0.6934973256581222, 0.4131681772802667]",1,-1
3335,[0.79362543 0.37160475],3,42,"[0.765559566045806, 0.37716611859716387]",1,-1
3336,[0.69565005 0.44257713],3,30,"[0.6934973256581222, 0.4131681772802667]",1,-1
3337,[0.74682828 0.48186641],3,32,"[0.7535856051996079, 0.45307884495298306]",1,43
3338,[0.78170504 0.46924666],3,32,"[0.7535856051996079, 0.45307884495298306]",1,45
3339,[0.70608264 0.32234426],3,29,"[0.7250576817720672, 0.30126581813471415]",1,-1
3340,[0.7072551 0.4957358],3,26,"[0.6734889003123068, 0.4756404454441684]",1,-1
3341,[0.68490864 0.54953707],3,11,"[0.7051682617613192, 0.574171671796882]",1,26
3342,[0.84210085 0.52135413],3,3,"[0.8068810957052946, 0.5180547120844742]",1,-1
3343,[0.72728011 0.42111795],3,30,"[0.6934973256581222, 0.4131681772802667]",1,-1
3344,[0.77903074 0.45986079],3,32,"[0.7535856051996079, 0.45307884495298306]",1,45
3345,[0.80589918 0.50236123],3,3,"[0.8068810957052946, 0.5180547120844742]",1,44
3346,[0.85868615 0.37734188],3,14,"[0.8486155699332081, 0.42850029565542425]",1,-1
3347,[0.85547892 0.47594616],3,14,"[0.8486155699332081, 0.42850029565542425]",1,-1
3348,[0.68332778 0.48942352],3,26,"[0.6734889003123068, 0.4756404454441684]",1,-1
3349,[0.87811373 0.40214103],3,14,"[0.8486155699332081, 0.42850029565542425]",1,-1
3350,[0.79191996 0.43301342],3,32,"[0.7535856051996079, 0.45307884495298306]",1,-1
3351,[0.77749641 0.41607955],3,42,"[0.765559566045806, 0.37716611859716387]",1,-1
3352,[0.75715129 0.52532226],3,3,"[0.8068810957052946, 0.5180547120844742]",1,-1
3353,[0.82129166 0.35548797],3,42,"[0.765559566045806, 0.37716611859716387]",1,-1
3354,[0.73511236 0.45209108],3,32,"[0.7535856051996079, 0.45307884495298306]",1,-1
3355,[0.78024192 0.42982014],3,32,"[0.7535856051996079, 0.45307884495298306]",1,-1
3356,[0.77621139 0.49906946],3,3,"[0.8068810957052946, 0.5180547120844742]",1,-1
3357,[0.70775652 0.47361384],3,26,"[0.6734889003123068, 0.4756404454441684]",1,52
3358,[0.76390549 0.48067882],3,32,"[0.7535856051996079, 0.45307884495298306]",1,-1
3359,[0.67832576 0.4750995 ],3,26,"[0.6734889003123068, 0.4756404454441684]",1,39
3360,[0.6997289  0.54533103],3,11,"[0.7051682617613192, 0.574171671796882]",1,-1
3361,[0.76098256 0.40268573],3,42,"[0.765559566045806, 0.37716611859716387]",1,23
3362,[0.75197754 0.42936652],3,32,"[0.7535856051996079, 0.45307884495298306]",1,-1
3363,[0.74105301 0.45253046],3,32,"[0.7535856051996079, 0.45307884495298306]",1,-1
3364,[0.71021102 0.47251614],3,26,"[0.6734889003123068, 0.4756404454441684]",1,52
3365,[0.66378945 0.54020682],3,11,"[0.7051682617613192, 0.574171671796882]",1,-1
3366,[0.74856571 0.53129451],3,3,"[0.8068810957052946, 0.5180547120844742]",1,-1
3367,[0.72836283 0.44256013],3,32,"[0.7535856051996079, 0.45307884495298306]",1,54
3368,[0.72855195 0.57309947],3,11,"[0.7051682617613192, 0.574171671796882]",1,-1
3369,[0.78983191 0.40477484],3,42,"[0.765559566045806, 0.37716611859716387]",1,-1
3370,[0.74764296 0.5933627 ],3,11,"[0.7051682617613192, 0.574171671796882]",1,-1
3371,[0.8139869 0.4634283],3,14,"[0.8486155699332081, 0.42850029565542425]",1,42
3372,[0.79013149 0.4825863 ],3,3,"[0.8068810957052946, 0.5180547120844742]",1,45
3373,[0.76140835 0.50858071],3,3,"[0.8068810957052946, 0.5180547120844742]",1,-1
3374,[0.61328952 0.51118108],3,10,"[0.6101257152780476, 0.5394800330734051]",1,-1
3375,[0.62744786 0.50537077],3,10,"[0.6101257152780476, 0.5394800330734051]",1,-1
3376,[0.68307394 0.49745429],3,26,"[0.6734889003123068, 0.4756404454441684]",1,-1
3377,[0.77406877 0.41239423],3,42,"[0.765559566045806, 0.37716611859716387]",1,-1
3378,[0.68187899 0.47257247],3,26,"[0.6734889003123068, 0.4756404454441684]",1,39
3379,[0.72142672 0.50360726],3,26,"[0.6734889003123068, 0.4756404454441684]",1,-1
3380,[0.71800712 0.48981672],3,26,"[0.6734889003123068, 0.4756404454441684]",1,-1
3381,[0.77409575 0.41281655],3,42,"[0.765559566045806, 0.37716611859716387]",1,-1
3382,[0.65616754 0.5154439 ],3,26,"[0.6734889003123068, 0.4756404454441684]",1,-1
3383,[0.73039464 0.43111573],3,32,"[0.7535856051996079, 0.45307884495298306]",1,54
3384,[0.73693602 0.54082398],3,11,"[0.7051682617613192, 0.574171671796882]",1,-1
3385,[0.77146755 0.49381216],3,3,"[0.8068810957052946, 0.5180547120844742]",1,-1
3386,[0.74832324 0.50448397],3,32,"[0.7535856051996079, 0.45307884495298306]",1,41
3387,[0.70090065 0.40260317],3,30,"[0.6934973256581222, 0.4131681772802667]",1,57
3388,[0.6855372  0.41265913],3,30,"[0.6934973256581222, 0.4131681772802667]",1,57
3389,[0.83657601 0.52533091],3,3,"[0.8068810957052946, 0.5180547120844742]",1,-1
3390,[0.74446089 0.44662023],3,32,"[0.7535856051996079, 0.45307884495298306]",1,54
3391,[0.71732192 0.41869775],3,30,"[0.6934973256581222, 0.4131681772802667]",1,-1
3392,[0.66191098 0.432481  ],3,30,"[0.6934973256581222, 0.4131681772802667]",1,56
3393,[0.69005853 0.47164223],3,26,"[0.6734889003123068, 0.4756404454441684]",1,39
3394,[0.78574361 0.42131519],3,32,"[0.7535856051996079, 0.45307884495298306]",1,-1
3395,[0.77927975 0.48745407],3,3,"[0.8068810957052946, 0.5180547120844742]",1,45
3396,[0.73291535 0.51471082],3,32,"[0.7535856051996079, 0.45307884495298306]",1,-1
3397,[0.64837371 0.46769884],3,26,"[0.6734889003123068, 0.4756404454441684]",1,-1
3398,[0.80834659 0.48720489],3,3,"[0.8068810957052946, 0.5180547120844742]",1,-1
3399,[0.78956874 0.50580731],3,3,"[0.8068810957052946, 0.5180547120844742]",1,-1
3400,[0.75753692 0.45782333],3,32,"[0.7535856051996079, 0.45307884495298306]",1,-1
3401,[0.7363741  0.47857434],3,32,"[0.7535856051996079, 0.45307884495298306]",1,-1
3402,[0.7992923 0.4737098],3,3,"[0.8068810957052946, 0.5180547120844742]",1,-1
3403,[0.72773255 0.56341443],3,11,"[0.7051682617613192, 0.574171671796882]",1,-1
3404,[0.72604246 0.45308559],3,32,"[0.7535856051996079, 0.45307884495298306]",1,-1
3405,[0.81437528 0.45148995],3,14,"[0.8486155699332081, 0.42850029565542425]",1,-1
3406,[0.7471878  0.42314625],3,32,"[0.7535856051996079, 0.45307884495298306]",1,-1
3407,[0.75157245 0.52463144],3,3,"[0.8068810957052946, 0.5180547120844742]",1,-1
3408,[0.8019129  0.45355655],3,32,"[0.7535856051996079, 0.45307884495298306]",1,-1
3409,[0.70971477 0.47002455],3,26,"[0.6734889003123068, 0.4756404454441684]",1,52
3410,[0.66321444 0.46166044],3,26,"[0.6734889003123068, 0.4756404454441684]",1,-1
3411,[0.74191743 0.5143161 ],3,32,"[0.7535856051996079, 0.45307884495298306]",1,-1
3412,[0.84281355 0.55486149],3,43,"[0.8274941202305067, 0.5998913364221842]",1,-1
3413,[0.7470441  0.46835276],3,32,"[0.7535856051996079, 0.45307884495298306]",1,-1
3414,[0.76395151 0.55278464],3,3,"[0.8068810957052946, 0.5180547120844742]",1,-1
3415,[0.65402723 0.46599864],3,26,"[0.6734889003123068, 0.4756404454441684]",1,-1
3416,[0.66378758 0.43397559],3,30,"[0.6934973256581222, 0.4131681772802667]",1,56
3417,[0.71064689 0.41081797],3,30,"[0.6934973256581222, 0.4131681772802667]",1,-1
3418,[0.72675294 0.42661647],3,30,"[0.6934973256581222, 0.4131681772802667]",1,-1
3419,[0.73839303 0.41155666],3,42,"[0.765559566045806, 0.37716611859716387]",1,-1
3420,[0.79869756 0.52886427],3,3,"[0.8068810957052946, 0.5180547120844742]",1,-1
3421,[0.6914783  0.53063865],3,11,"[0.7051682617613192, 0.574171671796882]",1,-1
3422,[0.73834251 0.32858854],3,29,"[0.7250576817720672, 0.30126581813471415]",1,-1
3423,[0.71990897 0.50152074],3,26,"[0.6734889003123068, 0.4756404454441684]",1,-1
3424,[0.73168829 0.55154349],3,11,"[0.7051682617613192, 0.574171671796882]",1,-1
3425,[0.68953723 0.46879651],3,26,"[0.6734889003123068, 0.4756404454441684]",1,-1
3426,[0.77539594 0.43892327],3,32,"[0.7535856051996079, 0.45307884495298306]",1,-1
3427,[0.79739665 0.48938645],3,3,"[0.8068810957052946, 0.5180547120844742]",1,-1
3428,[0.77523059 0.40206167],3,42,"[0.765559566045806, 0.37716611859716387]",1,-1
3429,[0.73630421 0.52551525],3,11,"[0.7051682617613192, 0.574171671796882]",1,-1
3430,[0.70615203 0.41536873],3,30,"[0.6934973256581222, 0.4131681772802667]",1,-1
3431,[0.76224571 0.44202698],3,32,"[0.7535856051996079, 0.45307884495298306]",1,-1
3432,[0.79399286 0.5095934 ],3,3,"[0.8068810957052946, 0.5180547120844742]",1,-1
3433,[0.77216945 0.50763878],3,3,"[0.8068810957052946, 0.5180547120844742]",1,-1
3434,[0.72352472 0.50111064],3,26,"[0.6734889003123068, 0.4756404454441684]",1,-1
3435,[0.78702313 0.44699833],3,32,"[0.7535856051996079, 0.45307884495298306]",1,-1
3436,[0.8238625  0.52630375],3,3,"[0.8068810957052946, 0.5180547120844742]",1,-1
3437,[0.7207812  0.50719026],3,26,"[0.6734889003123068, 0.4756404454441684]",1,-1
3438,[0.70516772 0.5018462 ],3,26,"[0.6734889003123068, 0.4756404454441684]",1,-1
3439,[0.74689947 0.47049938],3,32,"[0.7535856051996079, 0.45307884495298306]",1,-1
3440,[0.79307342 0.50357957],3,3,"[0.8068810957052946, 0.5180547120844742]",1,44
3441,[0.68764311 0.43571709],3,30,"[0.6934973256581222, 0.4131681772802667]",1,-1
3442,[0.72686782 0.56372453],3,11,"[0.7051682617613192, 0.574171671796882]",1,-1
3443,[0.80394708 0.394362  ],3,42,"[0.765559566045806, 0.37716611859716387]",1,-1
3444,[0.72547777 0.48228128],3,32,"[0.7535856051996079, 0.45307884495298306]",1,-1
3445,[0.71663125 0.47029403],3,32,"[0.7535856051996079, 0.45307884495298306]",1,52
3446,[0.67221889 0.45409356],3,26,"[0.6734889003123068, 0.4756404454441684]",1,-1
3447,[0.83856604 0.44086295],3,14,"[0.8486155699332081, 0.42850029565542425]",1,-1
3448,[0.77668505 0.46291551],3,32,"[0.7535856051996079, 0.45307884495298306]",1,-1
3449,[0.76695731 0.43238747],3,32,"[0.7535856051996079, 0.45307884495298306]",1,-1
3450,[0.78073169 0.4981135 ],3,3,"[0.8068810957052946, 0.5180547120844742]",1,-1
3451,[0.74220243 0.41202293],3,42,"[0.765559566045806, 0.37716611859716387]",1,-1
3452,[0.68169175 0.46580402],3,26,"[0.6734889003123068, 0.4756404454441684]",1,-1
3453,[0.80298672 0.41259518],3,14,"[0.8486155699332081, 0.42850029565542425]",1,-1
3454,[0.74876854 0.39568821],3,42,"[0.765559566045806, 0.37716611859716387]",1,-1
3455,[0.74440644 0.5290361 ],3,11,"[0.7051682617613192, 0.574171671796882]",1,-1
3456,[0.78821455 0.47751392],3,32,"[0.7535856051996079, 0.45307884495298306]",1,-1
3457,[0.68880533 0.42055746],3,30,"[0.6934973256581222, 0.4131681772802667]",1,57
3458,[0.73762239 0.4667773 ],3,32,"[0.7535856051996079, 0.45307884495298306]",1,-1
3459,[0.68097071 0.48951292],3,26,"[0.6734889003123068, 0.4756404454441684]",1,-1
3460,[0.75266848 0.56603645],3,11,"[0.7051682617613192, 0.574171671796882]",1,20
3461,[0.77055554 0.48060504],3,32,"[0.7535856051996079, 0.45307884495298306]",1,-1
3462,[0.76852804 0.4885176 ],3,32,"[0.7535856051996079, 0.45307884495298306]",1,-1
3463,[0.71736537 0.4450788 ],3,32,"[0.7535856051996079, 0.45307884495298306]",1,-1
3464,[0.73362385 0.50603906],3,32,"[0.7535856051996079, 0.45307884495298306]",1,-1
3465,[0.81389096 0.45816325],3,14,"[0.8486155699332081, 0.42850029565542425]",1,-1
3466,[0.68508681 0.49467318],3,26,"[0.6734889003123068, 0.4756404454441684]",1,-1
3467,[0.71790124 0.53477816],3,11,"[0.7051682617613192, 0.574171671796882]",1,-1
3468,[0.75567255 0.51887068],3,3,"[0.8068810957052946, 0.5180547120844742]",1,-1
3469,[0.69845391 0.47157781],3,26,"[0.6734889003123068, 0.4756404454441684]",1,-1
3470,[0.67217441 0.44513436],3,26,"[0.6734889003123068, 0.4756404454441684]",1,-1
3471,[0.7596914  0.52003979],3,3,"[0.8068810957052946, 0.5180547120844742]",1,-1
3472,[0.72748701 0.54121142],3,11,"[0.7051682617613192, 0.574171671796882]",1,-1
3473,[0.72940649 0.54379008],3,11,"[0.7051682617613192, 0.574171671796882]",1,-1
3474,[0.6327806 0.4968403],3,26,"[0.6734889003123068, 0.4756404454441684]",1,-1
3475,[0.80087778 0.43796785],3,14,"[0.8486155699332081, 0.42850029565542425]",1,-1
3476,[0.74811067 0.38169269],3,42,"[0.765559566045806, 0.37716611859716387]",1,-1
3477,[0.7617653 0.534004 ],3,3,"[0.8068810957052946, 0.5180547120844742]",1,-1
3478,[0.72514758 0.6071184 ],3,11,"[0.7051682617613192, 0.574171671796882]",1,-1
3479,[0.70610448 0.47734143],3,26,"[0.6734889003123068, 0.4756404454441684]",1,-1
3480,[0.61677889 0.40713498],3,28,"[0.6409610568572724, 0.3943628717562158]",1,58
3481,[0.72038707 0.55472299],3,11,"[0.7051682617613192, 0.574171671796882]",1,-1
3482,[0.71971254 0.51609573],3,11,"[0.7051682617613192, 0.574171671796882]",1,-1
3483,[0.72988196 0.60010802],3,11,"[0.7051682617613192, 0.574171671796882]",1,-1
3484,[0.76524095 0.48688417],3,32,"[0.7535856051996079, 0.45307884495298306]",1,-1
3485,[0.7424198  0.56897182],3,11,"[0.7051682617613192, 0.574171671796882]",1,-1
3486,[0.78723011 0.3405222 ],3,42,"[0.765559566045806, 0.37716611859716387]",1,-1
3487,[0.73535984 0.50961036],3,32,"[0.7535856051996079, 0.45307884495298306]",1,-1
3488,[0.71631807 0.50786277],3,26,"[0.6734889003123068, 0.4756404454441684]",1,-1
3489,[0.76322173 0.47653648],3,32,"[0.7535856051996079, 0.45307884495298306]",1,-1
3490,[0.75545529 0.50347008],3,32,"[0.7535856051996079, 0.45307884495298306]",1,-1
3491,[0.75417905 0.44098894],3,32,"[0.7535856051996079, 0.45307884495298306]",1,-1
3492,[0.74260247 0.36885209],3,42,"[0.765559566045806, 0.37716611859716387]",1,-1
3493,[0.73713673 0.43943085],3,32,"[0.7535856051996079, 0.45307884495298306]",1,-1
3494,[0.75130537 0.49872677],3,32,"[0.7535856051996079, 0.45307884495298306]",1,-1
3495,[0.73978679 0.47553972],3,32,"[0.7535856051996079, 0.45307884495298306]",1,-1
3496,[0.68005395 0.64845528],3,-1,-1,1,-1
3497,[0.8168003 0.4278064],3,14,"[0.8486155699332081, 0.42850029565542425]",1,-1
3498,[0.67213891 0.4906373 ],3,26,"[0.6734889003123068, 0.4756404454441684]",1,-1
3499,[0.73687174 0.42755464],3,32,"[0.7535856051996079, 0.45307884495298306]",1,-1
3500,[0.73230605 0.44784478],3,32,"[0.7535856051996079, 0.45307884495298306]",1,-1
3501,[0.77092787 0.66116888],3,-1,-1,1,-1
3502,[0.79928581 0.45979393],3,32,"[0.7535856051996079, 0.45307884495298306]",1,-1
3503,[0.77510663 0.45525042],3,32,"[0.7535856051996079, 0.45307884495298306]",1,45
3504,[0.72659928 0.41897351],3,30,"[0.6934973256581222, 0.4131681772802667]",1,-1
3505,[0.736564   0.39314387],3,42,"[0.765559566045806, 0.37716611859716387]",1,-1
3506,[0.71839466 0.51817153],3,11,"[0.7051682617613192, 0.574171671796882]",1,33
3507,[0.70418171 0.45418922],3,26,"[0.6734889003123068, 0.4756404454441684]",1,-1
3508,[0.79155891 0.52070544],3,3,"[0.8068810957052946, 0.5180547120844742]",1,-1
3509,[0.75260292 0.50993668],3,3,"[0.8068810957052946, 0.5180547120844742]",1,41
3510,[0.7184301  0.40621207],3,30,"[0.6934973256581222, 0.4131681772802667]",1,-1
3511,[0.78596303 0.43570113],3,32,"[0.7535856051996079, 0.45307884495298306]",1,-1
3512,[0.80581186 0.43544759],3,14,"[0.8486155699332081, 0.42850029565542425]",1,-1
3513,[0.82147298 0.40413212],3,14,"[0.8486155699332081, 0.42850029565542425]",1,-1
3514,[0.76678473 0.44095747],3,32,"[0.7535856051996079, 0.45307884495298306]",1,-1
3515,[0.7507248  0.53901967],3,11,"[0.7051682617613192, 0.574171671796882]",1,-1
3516,[0.76169668 0.40421435],3,42,"[0.765559566045806, 0.37716611859716387]",1,23
3517,[0.85923766 0.51638498],3,3,"[0.8068810957052946, 0.5180547120844742]",1,-1
3518,[0.68248432 0.54299967],3,11,"[0.7051682617613192, 0.574171671796882]",1,26
3519,[0.68790232 0.55110351],3,11,"[0.7051682617613192, 0.574171671796882]",1,26
3520,[0.72783876 0.39507152],3,30,"[0.6934973256581222, 0.4131681772802667]",1,-1
3521,[0.77309633 0.51560197],3,3,"[0.8068810957052946, 0.5180547120844742]",1,41
3522,[0.72456374 0.48102633],3,32,"[0.7535856051996079, 0.45307884495298306]",1,-1
3523,[0.73621466 0.52361407],3,11,"[0.7051682617613192, 0.574171671796882]",1,-1
3524,[0.68861931 0.54609645],3,11,"[0.7051682617613192, 0.574171671796882]",1,26
3525,[0.79530831 0.44007004],3,32,"[0.7535856051996079, 0.45307884495298306]",1,38
3526,[0.70228177 0.39372899],3,30,"[0.6934973256581222, 0.4131681772802667]",1,-1
3527,[0.68507123 0.44330935],3,30,"[0.6934973256581222, 0.4131681772802667]",1,-1
3528,[0.64003391 0.45728186],3,26,"[0.6734889003123068, 0.4756404454441684]",1,-1
3529,[0.77137766 0.46953463],3,32,"[0.7535856051996079, 0.45307884495298306]",1,-1
3530,[0.66965695 0.42628459],3,30,"[0.6934973256581222, 0.4131681772802667]",1,56
3531,[0.75179329 0.51279288],3,3,"[0.8068810957052946, 0.5180547120844742]",1,-1
3532,[0.76314214 0.4551565 ],3,32,"[0.7535856051996079, 0.45307884495298306]",1,-1
3533,[0.70363517 0.4223832 ],3,30,"[0.6934973256581222, 0.4131681772802667]",1,57
3534,[0.75175192 0.45283017],3,32,"[0.7535856051996079, 0.45307884495298306]",1,-1
3535,[0.74212446 0.39440169],3,42,"[0.765559566045806, 0.37716611859716387]",1,23
3536,[0.73884315 0.38702538],3,42,"[0.765559566045806, 0.37716611859716387]",1,-1
3537,[0.75984645 0.47358775],3,32,"[0.7535856051996079, 0.45307884495298306]",1,-1
3538,[0.77121633 0.44756944],3,32,"[0.7535856051996079, 0.45307884495298306]",1,-1
3539,[0.70605336 0.43188867],3,30,"[0.6934973256581222, 0.4131681772802667]",1,-1
3540,[0.79646825 0.54674485],3,3,"[0.8068810957052946, 0.5180547120844742]",1,-1
3541,[0.82743491 0.44488621],3,14,"[0.8486155699332081, 0.42850029565542425]",1,-1
3542,[0.79820364 0.44735381],3,32,"[0.7535856051996079, 0.45307884495298306]",1,-1
3543,[0.84572216 0.52796915],3,3,"[0.8068810957052946, 0.5180547120844742]",1,-1
3544,[0.63963024 0.56742884],3,10,"[0.6101257152780476, 0.5394800330734051]",1,-1
3545,[0.82762354 0.39957729],3,14,"[0.8486155699332081, 0.42850029565542425]",1,-1
3546,[0.73474876 0.43786448],3,32,"[0.7535856051996079, 0.45307884495298306]",1,-1
3547,[0.78087131 0.46679948],3,32,"[0.7535856051996079, 0.45307884495298306]",1,-1
3548,[0.7749871  0.40929827],3,42,"[0.765559566045806, 0.37716611859716387]",1,-1
3549,[0.74831989 0.48605745],3,32,"[0.7535856051996079, 0.45307884495298306]",1,-1
3550,[0.76767502 0.42294215],3,32,"[0.7535856051996079, 0.45307884495298306]",1,-1
3551,[0.70301762 0.55241859],3,11,"[0.7051682617613192, 0.574171671796882]",1,-1
3552,[0.79779078 0.48854117],3,3,"[0.8068810957052946, 0.5180547120844742]",1,-1
3553,[0.75663255 0.40989474],3,42,"[0.765559566045806, 0.37716611859716387]",1,-1
3554,[0.75186361 0.46828797],3,32,"[0.7535856051996079, 0.45307884495298306]",1,-1
3555,[0.75206943 0.4254715 ],3,32,"[0.7535856051996079, 0.45307884495298306]",1,-1
3556,[0.73398274 0.53301816],3,11,"[0.7051682617613192, 0.574171671796882]",1,-1
3557,[0.72960206 0.4674508 ],3,32,"[0.7535856051996079, 0.45307884495298306]",1,-1
3558,[0.66177139 0.53716624],3,10,"[0.6101257152780476, 0.5394800330734051]",1,-1
3559,[0.798883   0.51363661],3,3,"[0.8068810957052946, 0.5180547120844742]",1,-1
3560,[0.73465932 0.50570501],3,32,"[0.7535856051996079, 0.45307884495298306]",1,-1
3561,[0.73852141 0.41470365],3,32,"[0.7535856051996079, 0.45307884495298306]",1,-1
3562,[0.66563872 0.58071287],3,11,"[0.7051682617613192, 0.574171671796882]",1,55
3563,[0.83500702 0.53405252],3,3,"[0.8068810957052946, 0.5180547120844742]",1,-1
3564,[0.70890928 0.38900461],3,30,"[0.6934973256581222, 0.4131681772802667]",1,-1
3565,[0.77426308 0.50108556],3,3,"[0.8068810957052946, 0.5180547120844742]",1,-1
3566,[0.76416639 0.49594796],3,32,"[0.7535856051996079, 0.45307884495298306]",1,-1
3567,[0.78318504 0.52331567],3,3,"[0.8068810957052946, 0.5180547120844742]",1,-1
3568,[0.79936463 0.44677725],3,32,"[0.7535856051996079, 0.45307884495298306]",1,-1
3569,[0.70717826 0.5598554 ],3,11,"[0.7051682617613192, 0.574171671796882]",1,-1
3570,[0.71498768 0.43542016],3,30,"[0.6934973256581222, 0.4131681772802667]",1,-1
3571,[0.69488376 0.46128124],3,26,"[0.6734889003123068, 0.4756404454441684]",1,-1
3572,[0.7529081  0.42635137],3,32,"[0.7535856051996079, 0.45307884495298306]",1,-1
3573,[0.80891765 0.50555408],3,3,"[0.8068810957052946, 0.5180547120844742]",1,44
3574,[0.69868671 0.45706128],3,26,"[0.6734889003123068, 0.4756404454441684]",1,-1
3575,[0.7095607  0.57813697],3,11,"[0.7051682617613192, 0.574171671796882]",1,-1
3576,[0.66271037 0.46764115],3,26,"[0.6734889003123068, 0.4756404454441684]",1,-1
3577,[0.77918829 0.53935313],3,3,"[0.8068810957052946, 0.5180547120844742]",1,41
3578,[0.71712084 0.53087373],3,11,"[0.7051682617613192, 0.574171671796882]",1,33
3579,[0.68868495 0.44630021],3,26,"[0.6734889003123068, 0.4756404454441684]",1,-1
3580,[0.79169841 0.50115492],3,3,"[0.8068810957052946, 0.5180547120844742]",1,44
3581,[0.6240204 0.5094834],3,10,"[0.6101257152780476, 0.5394800330734051]",1,-1
3582,[0.75017192 0.37652729],3,42,"[0.765559566045806, 0.37716611859716387]",1,-1
3583,[0.76338623 0.38811873],3,42,"[0.765559566045806, 0.37716611859716387]",1,-1
3584,[0.76405825 0.48791741],3,32,"[0.7535856051996079, 0.45307884495298306]",1,-1
3585,[0.77192074 0.54676496],3,3,"[0.8068810957052946, 0.5180547120844742]",1,-1
3586,[0.72294521 0.41931974],3,30,"[0.6934973256581222, 0.4131681772802667]",1,-1
3587,[0.73582264 0.45122346],3,32,"[0.7535856051996079, 0.45307884495298306]",1,-1
3588,[0.71448214 0.52066668],3,11,"[0.7051682617613192, 0.574171671796882]",1,33
3589,[0.76495676 0.48615003],3,32,"[0.7535856051996079, 0.45307884495298306]",1,-1
3590,[0.76440262 0.41460323],3,42,"[0.765559566045806, 0.37716611859716387]",1,-1
3591,[0.7336785  0.53558764],3,11,"[0.7051682617613192, 0.574171671796882]",1,-1
3592,[0.85414018 0.49931279],3,3,"[0.8068810957052946, 0.5180547120844742]",1,-1
3593,[0.667304   0.52415134],3,26,"[0.6734889003123068, 0.4756404454441684]",1,-1
3594,[0.72685967 0.50257778],3,32,"[0.7535856051996079, 0.45307884495298306]",1,-1
3595,[0.75118795 0.57654855],3,11,"[0.7051682617613192, 0.574171671796882]",1,-1
3596,[0.86736733 0.53530372],3,3,"[0.8068810957052946, 0.5180547120844742]",1,-1
3597,[0.77070604 0.42843457],3,32,"[0.7535856051996079, 0.45307884495298306]",1,38
3598,[0.73761949 0.52065307],3,11,"[0.7051682617613192, 0.574171671796882]",1,41
3599,[0.6922757  0.39812583],3,30,"[0.6934973256581222, 0.4131681772802667]",1,57
3600,[0.75526016 0.42294327],3,32,"[0.7535856051996079, 0.45307884495298306]",1,-1
3601,[0.77323078 0.4694826 ],3,32,"[0.7535856051996079, 0.45307884495298306]",1,-1
3602,[0.77253833 0.50391139],3,3,"[0.8068810957052946, 0.5180547120844742]",1,-1
3603,[0.67876867 0.4926592 ],3,26,"[0.6734889003123068, 0.4756404454441684]",1,-1
3604,[0.76082452 0.52670911],3,3,"[0.8068810957052946, 0.5180547120844742]",1,-1
3605,[0.76864907 0.55299249],3,3,"[0.8068810957052946, 0.5180547120844742]",1,-1
3606,[0.76872571 0.56163752],3,3,"[0.8068810957052946, 0.5180547120844742]",1,-1
3607,[0.78657825 0.46404674],3,32,"[0.7535856051996079, 0.45307884495298306]",1,-1
3608,[0.86951389 0.43860525],3,14,"[0.8486155699332081, 0.42850029565542425]",1,-1
3609,[0.73076004 0.45860883],3,32,"[0.7535856051996079, 0.45307884495298306]",1,-1
3610,[0.77713295 0.42634294],3,32,"[0.7535856051996079, 0.45307884495298306]",1,38
3611,[0.8129408 0.4764022],3,3,"[0.8068810957052946, 0.5180547120844742]",1,42
3612,[0.69293856 0.48188105],3,26,"[0.6734889003123068, 0.4756404454441684]",1,-1
3613,[0.75041615 0.50681854],3,32,"[0.7535856051996079, 0.45307884495298306]",1,41
3614,[0.72272292 0.463448  ],3,32,"[0.7535856051996079, 0.45307884495298306]",1,-1
3615,[0.68221237 0.49437082],3,26,"[0.6734889003123068, 0.4756404454441684]",1,-1
3616,[0.81971814 0.50795966],3,3,"[0.8068810957052946, 0.5180547120844742]",1,-1
3617,[0.75041311 0.51801581],3,3,"[0.8068810957052946, 0.5180547120844742]",1,-1
3618,[0.6864237  0.51189862],3,26,"[0.6734889003123068, 0.4756404454441684]",1,-1
3619,[0.73604181 0.4899019 ],3,32,"[0.7535856051996079, 0.45307884495298306]",1,-1
3620,[0.89325721 0.40435308],3,14,"[0.8486155699332081, 0.42850029565542425]",1,-1
3621,[0.74543791 0.57083109],3,11,"[0.7051682617613192, 0.574171671796882]",1,-1
3622,[0.73740009 0.54671114],3,11,"[0.7051682617613192, 0.574171671796882]",1,-1
3623,[0.76541939 0.44497461],3,32,"[0.7535856051996079, 0.45307884495298306]",1,-1
3624,[0.6239223 0.5420209],3,10,"[0.6101257152780476, 0.5394800330734051]",1,-1
3625,[0.72963374 0.44414676],3,32,"[0.7535856051996079, 0.45307884495298306]",1,-1
3626,[0.63502565 0.4171633 ],3,28,"[0.6409610568572724, 0.3943628717562158]",1,-1
3627,[0.71478896 0.42342629],3,30,"[0.6934973256581222, 0.4131681772802667]",1,-1
3628,[0.81322844 0.45167338],3,14,"[0.8486155699332081, 0.42850029565542425]",1,-1
3629,[0.72252077 0.51515811],3,11,"[0.7051682617613192, 0.574171671796882]",1,-1
3630,[0.74528022 0.43769547],3,32,"[0.7535856051996079, 0.45307884495298306]",1,-1
3631,[0.77586475 0.43281006],3,32,"[0.7535856051996079, 0.45307884495298306]",1,-1
3632,[0.72137409 0.54262923],3,11,"[0.7051682617613192, 0.574171671796882]",1,-1
3633,[0.67741637 0.47284759],3,26,"[0.6734889003123068, 0.4756404454441684]",1,-1
3634,[0.69266044 0.49013171],3,26,"[0.6734889003123068, 0.4756404454441684]",1,-1
3635,[0.82925942 0.48788365],3,3,"[0.8068810957052946, 0.5180547120844742]",1,-1
3636,[0.73592521 0.46336663],3,32,"[0.7535856051996079, 0.45307884495298306]",1,-1
3637,[0.7067927  0.50600518],3,26,"[0.6734889003123068, 0.4756404454441684]",1,-1
3638,[0.75418265 0.55856705],3,11,"[0.7051682617613192, 0.574171671796882]",1,20
3639,[0.7391318  0.49058923],3,32,"[0.7535856051996079, 0.45307884495298306]",1,-1
3640,[0.71518733 0.44146907],3,30,"[0.6934973256581222, 0.4131681772802667]",1,-1
3641,[0.82764493 0.43165052],3,14,"[0.8486155699332081, 0.42850029565542425]",1,-1
3642,[0.74573198 0.49281841],3,32,"[0.7535856051996079, 0.45307884495298306]",1,-1
3643,[0.74157721 0.4427217 ],3,32,"[0.7535856051996079, 0.45307884495298306]",1,-1
3644,[0.74824173 0.47586847],3,32,"[0.7535856051996079, 0.45307884495298306]",1,-1
3645,[0.80895232 0.45396628],3,14,"[0.8486155699332081, 0.42850029565542425]",1,-1
3646,[0.81019563 0.43803424],3,14,"[0.8486155699332081, 0.42850029565542425]",1,38
3647,[0.80560889 0.38569651],3,42,"[0.765559566045806, 0.37716611859716387]",1,-1
3648,[0.71880453 0.48255772],3,32,"[0.7535856051996079, 0.45307884495298306]",1,-1
3649,[0.7061217  0.55111547],3,11,"[0.7051682617613192, 0.574171671796882]",1,-1
3650,[0.7788503  0.47639547],3,32,"[0.7535856051996079, 0.45307884495298306]",1,-1
3651,[0.78719431 0.51218052],3,3,"[0.8068810957052946, 0.5180547120844742]",1,-1
3652,[0.70973235 0.52384975],3,11,"[0.7051682617613192, 0.574171671796882]",1,33
3653,[0.71068096 0.47859874],3,26,"[0.6734889003123068, 0.4756404454441684]",1,-1
3654,[0.8084422  0.50638932],3,3,"[0.8068810957052946, 0.5180547120844742]",1,44
3655,[0.78515618 0.47872766],3,32,"[0.7535856051996079, 0.45307884495298306]",1,-1
3656,[0.70579952 0.4406536 ],3,30,"[0.6934973256581222, 0.4131681772802667]",1,-1
3657,[0.77329006 0.46609743],3,32,"[0.7535856051996079, 0.45307884495298306]",1,-1
3658,[0.81966012 0.4430029 ],3,14,"[0.8486155699332081, 0.42850029565542425]",1,-1
3659,[0.70455083 0.53832039],3,11,"[0.7051682617613192, 0.574171671796882]",1,-1
3660,[0.71654655 0.5727349 ],3,11,"[0.7051682617613192, 0.574171671796882]",1,-1
3661,[0.7975453  0.45692751],3,32,"[0.7535856051996079, 0.45307884495298306]",1,-1
3662,[0.78512399 0.53730055],3,3,"[0.8068810957052946, 0.5180547120844742]",1,41
3663,[0.70107988 0.51852672],3,26,"[0.6734889003123068, 0.4756404454441684]",1,-1
3664,[0.73061231 0.45949224],3,32,"[0.7535856051996079, 0.45307884495298306]",1,-1
3665,[0.79427835 0.4934183 ],3,3,"[0.8068810957052946, 0.5180547120844742]",1,-1
3666,[0.82836408 0.40001075],3,14,"[0.8486155699332081, 0.42850029565542425]",1,-1
3667,[0.81509785 0.46306305],3,14,"[0.8486155699332081, 0.42850029565542425]",1,-1
3668,[0.68731999 0.4414184 ],3,30,"[0.6934973256581222, 0.4131681772802667]",1,-1
3669,[0.78794653 0.47923587],3,32,"[0.7535856051996079, 0.45307884495298306]",1,-1
3670,[0.74166899 0.4778972 ],3,32,"[0.7535856051996079, 0.45307884495298306]",1,43
3671,[0.77285836 0.43726375],3,32,"[0.7535856051996079, 0.45307884495298306]",1,-1
3672,[0.69498324 0.47654863],3,26,"[0.6734889003123068, 0.4756404454441684]",1,-1
3673,[0.69759938 0.49736516],3,26,"[0.6734889003123068, 0.4756404454441684]",1,-1
3674,[0.7032269  0.47624902],3,26,"[0.6734889003123068, 0.4756404454441684]",1,-1
3675,[0.73243788 0.50214115],3,32,"[0.7535856051996079, 0.45307884495298306]",1,-1
3676,[0.80122861 0.40907385],3,42,"[0.765559566045806, 0.37716611859716387]",1,-1
3677,[0.82397973 0.43934732],3,14,"[0.8486155699332081, 0.42850029565542425]",1,-1
3678,[0.83019819 0.49600089],3,3,"[0.8068810957052946, 0.5180547120844742]",1,-1
3679,[0.79897444 0.37467794],3,42,"[0.765559566045806, 0.37716611859716387]",1,-1
3680,[0.81040857 0.44583354],3,14,"[0.8486155699332081, 0.42850029565542425]",1,38
3681,[0.73250179 0.45523039],3,32,"[0.7535856051996079, 0.45307884495298306]",1,-1
3682,[0.70209443 0.34191388],3,29,"[0.7250576817720672, 0.30126581813471415]",1,-1
3683,[0.70473905 0.30428768],3,29,"[0.7250576817720672, 0.30126581813471415]",1,-1
3684,[0.79312703 0.4803073 ],3,3,"[0.8068810957052946, 0.5180547120844742]",1,-1
3685,[0.75419839 0.5120044 ],3,3,"[0.8068810957052946, 0.5180547120844742]",1,41
3686,[0.73965887 0.47412881],3,32,"[0.7535856051996079, 0.45307884495298306]",1,-1
3687,[0.81088001 0.41747665],3,14,"[0.8486155699332081, 0.42850029565542425]",1,-1
3688,[0.77905713 0.41795263],3,42,"[0.765559566045806, 0.37716611859716387]",1,38
3689,[0.77166684 0.46437633],3,32,"[0.7535856051996079, 0.45307884495298306]",1,-1
3690,[0.79153248 0.36641294],3,42,"[0.765559566045806, 0.37716611859716387]",1,-1
3691,[0.79812012 0.50350093],3,3,"[0.8068810957052946, 0.5180547120844742]",1,44
3692,[0.71783265 0.52508947],3,11,"[0.7051682617613192, 0.574171671796882]",1,33
3693,[0.82765996 0.43639377],3,14,"[0.8486155699332081, 0.42850029565542425]",1,-1
3694,[0.75017276 0.43915134],3,32,"[0.7535856051996079, 0.45307884495298306]",1,-1
3695,[0.73600822 0.49406481],3,32,"[0.7535856051996079, 0.45307884495298306]",1,-1
3696,[0.79079229 0.4821041 ],3,3,"[0.8068810957052946, 0.5180547120844742]",1,45
3697,[0.79639047 0.48425796],3,3,"[0.8068810957052946, 0.5180547120844742]",1,45
3698,[0.69894647 0.37748339],3,30,"[0.6934973256581222, 0.4131681772802667]",1,-1
3699,[0.76821116 0.49147219],3,32,"[0.7535856051996079, 0.45307884495298306]",1,-1
3700,[0.79304229 0.4418441 ],3,32,"[0.7535856051996079, 0.45307884495298306]",1,-1
3701,[0.71806184 0.48651222],3,26,"[0.6734889003123068, 0.4756404454441684]",1,-1
3702,[0.7700242  0.43205577],3,32,"[0.7535856051996079, 0.45307884495298306]",1,-1
3703,[0.71408496 0.50366238],3,26,"[0.6734889003123068, 0.4756404454441684]",1,-1
3704,[0.75418434 0.4103685 ],3,42,"[0.765559566045806, 0.37716611859716387]",1,-1
3705,[0.71387916 0.51779678],3,11,"[0.7051682617613192, 0.574171671796882]",1,33
3706,[0.80681914 0.56522824],3,43,"[0.8274941202305067, 0.5998913364221842]",1,-1
3707,[0.8040141  0.42495321],3,14,"[0.8486155699332081, 0.42850029565542425]",1,-1
3708,[0.77723899 0.47425828],3,32,"[0.7535856051996079, 0.45307884495298306]",1,-1
3709,[0.681777   0.42506585],3,30,"[0.6934973256581222, 0.4131681772802667]",1,-1
3710,[0.69548501 0.46113255],3,26,"[0.6734889003123068, 0.4756404454441684]",1,-1
3711,[0.76264362 0.45598136],3,32,"[0.7535856051996079, 0.45307884495298306]",1,-1
3712,[0.77826533 0.54676476],3,3,"[0.8068810957052946, 0.5180547120844742]",1,-1
3713,[0.7300126  0.44906692],3,32,"[0.7535856051996079, 0.45307884495298306]",1,54
3714,[0.60659186 0.48790122],3,10,"[0.6101257152780476, 0.5394800330734051]",1,34
3715,[0.77905811 0.52505835],3,3,"[0.8068810957052946, 0.5180547120844742]",1,-1
3716,[0.72594279 0.46942571],3,32,"[0.7535856051996079, 0.45307884495298306]",1,-1
3717,[0.77892519 0.4592278 ],3,32,"[0.7535856051996079, 0.45307884495298306]",1,45
3718,[0.75320458 0.42578049],3,32,"[0.7535856051996079, 0.45307884495298306]",1,-1
3719,[0.72293238 0.41525803],3,30,"[0.6934973256581222, 0.4131681772802667]",1,-1
3720,[0.76151662 0.47819081],3,32,"[0.7535856051996079, 0.45307884495298306]",1,-1
3721,[0.73217722 0.44874825],3,32,"[0.7535856051996079, 0.45307884495298306]",1,-1
3722,[0.76312814 0.54324761],3,3,"[0.8068810957052946, 0.5180547120844742]",1,-1
3723,[0.77046348 0.41642118],3,42,"[0.765559566045806, 0.37716611859716387]",1,-1
3724,[0.71518137 0.44246972],3,30,"[0.6934973256581222, 0.4131681772802667]",1,-1
3725,[0.85258039 0.40950487],3,14,"[0.8486155699332081, 0.42850029565542425]",1,-1
3726,[0.75493371 0.49053485],3,32,"[0.7535856051996079, 0.45307884495298306]",1,-1
3727,[0.69918967 0.38865729],3,30,"[0.6934973256581222, 0.4131681772802667]",1,-1
3728,[0.77658332 0.49694857],3,3,"[0.8068810957052946, 0.5180547120844742]",1,-1
3729,[0.68628254 0.51998786],3,26,"[0.6734889003123068, 0.4756404454441684]",1,-1
3730,[0.69359451 0.46593987],3,26,"[0.6734889003123068, 0.4756404454441684]",1,-1
3731,[0.753153   0.47486668],3,32,"[0.7535856051996079, 0.45307884495298306]",1,-1
3732,[0.80837268 0.42986681],3,14,"[0.8486155699332081, 0.42850029565542425]",1,38
3733,[0.66664233 0.40310107],3,28,"[0.6409610568572724, 0.3943628717562158]",1,57
3734,[0.80848656 0.50360931],3,3,"[0.8068810957052946, 0.5180547120844742]",1,44
3735,[0.74727245 0.59490724],3,11,"[0.7051682617613192, 0.574171671796882]",1,-1
3736,[0.78189246 0.47012636],3,32,"[0.7535856051996079, 0.45307884495298306]",1,45
3737,[0.65202406 0.49306338],3,26,"[0.6734889003123068, 0.4756404454441684]",1,-1
3738,[0.66566583 0.43858381],3,30,"[0.6934973256581222, 0.4131681772802667]",1,56
3739,[0.69828098 0.36505354],3,30,"[0.6934973256581222, 0.4131681772802667]",1,-1
3740,[0.68551317 0.38884242],3,30,"[0.6934973256581222, 0.4131681772802667]",1,-1
3741,[0.81296466 0.44895115],3,14,"[0.8486155699332081, 0.42850029565542425]",1,-1
3742,[0.6975112  0.50094015],3,26,"[0.6734889003123068, 0.4756404454441684]",1,-1
3743,[0.8403666  0.45007317],3,14,"[0.8486155699332081, 0.42850029565542425]",1,-1
3744,[0.70723136 0.43245953],3,30,"[0.6934973256581222, 0.4131681772802667]",1,-1
3745,[0.7695448  0.51479041],3,3,"[0.8068810957052946, 0.5180547120844742]",1,41
3746,[0.67031889 0.53561901],3,11,"[0.7051682617613192, 0.574171671796882]",1,-1
3747,[0.78587842 0.40450008],3,42,"[0.765559566045806, 0.37716611859716387]",1,-1
3748,[0.73468412 0.53302796],3,11,"[0.7051682617613192, 0.574171671796882]",1,-1
3749,[0.76416943 0.41841997],3,32,"[0.7535856051996079, 0.45307884495298306]",1,-1
3750,[0.77299476 0.42629074],3,32,"[0.7535856051996079, 0.45307884495298306]",1,38
3751,[0.78027426 0.41659074],3,42,"[0.765559566045806, 0.37716611859716387]",1,-1
3752,[0.77104828 0.50363871],3,3,"[0.8068810957052946, 0.5180547120844742]",1,-1
3753,[0.6135413  0.41685064],3,27,"[0.5866068271601823, 0.4386408725933068]",1,-1
3754,[0.71744918 0.43502501],3,30,"[0.6934973256581222, 0.4131681772802667]",1,-1
3755,[0.74550254 0.48234471],3,32,"[0.7535856051996079, 0.45307884495298306]",1,43
3756,[0.72572623 0.4717014 ],3,32,"[0.7535856051996079, 0.45307884495298306]",1,-1
3757,[0.70497858 0.47964602],3,26,"[0.6734889003123068, 0.4756404454441684]",1,-1
3758,[0.73629438 0.41665843],3,32,"[0.7535856051996079, 0.45307884495298306]",1,54
3759,[0.73218917 0.56985527],3,11,"[0.7051682617613192, 0.574171671796882]",1,-1
3760,[0.74239105 0.55944698],3,11,"[0.7051682617613192, 0.574171671796882]",1,-1
3761,[0.79843413 0.42986273],3,14,"[0.8486155699332081, 0.42850029565542425]",1,38
3762,[0.65650112 0.44751032],3,26,"[0.6734889003123068, 0.4756404454441684]",1,-1
3763,[0.86609868 0.53546961],3,3,"[0.8068810957052946, 0.5180547120844742]",1,-1
3764,[0.70905669 0.5159929 ],3,26,"[0.6734889003123068, 0.4756404454441684]",1,-1
3765,[0.79246589 0.46491323],3,32,"[0.7535856051996079, 0.45307884495298306]",1,-1
3766,[0.74704722 0.42013643],3,32,"[0.7535856051996079, 0.45307884495298306]",1,-1
3767,[0.73345922 0.49790943],3,32,"[0.7535856051996079, 0.45307884495298306]",1,-1
3768,[0.80124637 0.40023754],3,42,"[0.765559566045806, 0.37716611859716387]",1,-1
3769,[0.7748583  0.51725919],3,3,"[0.8068810957052946, 0.5180547120844742]",1,41
3770,[0.67582704 0.43024015],3,30,"[0.6934973256581222, 0.4131681772802667]",1,-1
3771,[0.74543615 0.50597668],3,32,"[0.7535856051996079, 0.45307884495298306]",1,41
3772,[0.73122683 0.45601802],3,32,"[0.7535856051996079, 0.45307884495298306]",1,-1
3773,[0.69496312 0.43986517],3,30,"[0.6934973256581222, 0.4131681772802667]",1,-1
3774,[0.67521765 0.48055183],3,26,"[0.6734889003123068, 0.4756404454441684]",1,-1
3775,[0.83848512 0.42791336],3,14,"[0.8486155699332081, 0.42850029565542425]",1,-1
3776,[0.79450531 0.49026563],3,3,"[0.8068810957052946, 0.5180547120844742]",1,-1
3777,[0.69574568 0.42924294],3,30,"[0.6934973256581222, 0.4131681772802667]",1,-1
3778,[0.7848796  0.41473735],3,42,"[0.765559566045806, 0.37716611859716387]",1,-1
3779,[0.76234128 0.42531855],3,32,"[0.7535856051996079, 0.45307884495298306]",1,-1
3780,[0.70771293 0.47473193],3,26,"[0.6734889003123068, 0.4756404454441684]",1,52
3781,[0.76807125 0.48942934],3,32,"[0.7535856051996079, 0.45307884495298306]",1,-1
3782,[0.69655902 0.57160653],3,11,"[0.7051682617613192, 0.574171671796882]",1,-1
3783,[0.79708384 0.44403451],3,32,"[0.7535856051996079, 0.45307884495298306]",1,-1
3784,[0.73685269 0.46808199],3,32,"[0.7535856051996079, 0.45307884495298306]",1,-1
3785,[0.68870058 0.50628465],3,26,"[0.6734889003123068, 0.4756404454441684]",1,-1
3786,[0.75570103 0.55123352],3,11,"[0.7051682617613192, 0.574171671796882]",1,-1
3787,[0.8041524  0.36705912],3,42,"[0.765559566045806, 0.37716611859716387]",1,-1
3788,[0.72881328 0.47244972],3,32,"[0.7535856051996079, 0.45307884495298306]",1,-1
3789,[0.73080707 0.471434  ],3,32,"[0.7535856051996079, 0.45307884495298306]",1,-1
3790,[0.73987553 0.48058571],3,32,"[0.7535856051996079, 0.45307884495298306]",1,43
3791,[0.75639389 0.48415739],3,32,"[0.7535856051996079, 0.45307884495298306]",1,-1
3792,[0.70241316 0.47227902],3,26,"[0.6734889003123068, 0.4756404454441684]",1,39
3793,[0.74159555 0.49903852],3,32,"[0.7535856051996079, 0.45307884495298306]",1,-1
3794,[0.76148112 0.47393986],3,32,"[0.7535856051996079, 0.45307884495298306]",1,-1
3795,[0.79832234 0.42652087],3,14,"[0.8486155699332081, 0.42850029565542425]",1,-1
3796,[0.67479853 0.44933014],3,26,"[0.6734889003123068, 0.4756404454441684]",1,-1
3797,[0.79143426 0.4447796 ],3,32,"[0.7535856051996079, 0.45307884495298306]",1,-1
3798,[0.80106217 0.46169896],3,32,"[0.7535856051996079, 0.45307884495298306]",1,-1
3799,[0.75293215 0.51911167],3,3,"[0.8068810957052946, 0.5180547120844742]",1,-1
3800,[0.75656895 0.46964586],3,32,"[0.7535856051996079, 0.45307884495298306]",1,-1
3801,[0.72977111 0.52822509],3,11,"[0.7051682617613192, 0.574171671796882]",1,-1
3802,[0.76542338 0.41188638],3,42,"[0.765559566045806, 0.37716611859716387]",1,-1
3803,[0.7323758  0.55119353],3,11,"[0.7051682617613192, 0.574171671796882]",1,-1
3804,[0.78005551 0.45297739],3,32,"[0.7535856051996079, 0.45307884495298306]",1,45
3805,[0.77105899 0.45440666],3,32,"[0.7535856051996079, 0.45307884495298306]",1,-1
3806,[0.73237795 0.46997634],3,32,"[0.7535856051996079, 0.45307884495298306]",1,43
3807,[0.71031122 0.45244993],3,30,"[0.6934973256581222, 0.4131681772802667]",1,-1
3808,[0.77510218 0.42836144],3,32,"[0.7535856051996079, 0.45307884495298306]",1,38
3809,[0.79095568 0.42798365],3,32,"[0.7535856051996079, 0.45307884495298306]",1,38
3810,[0.69192105 0.48556266],3,26,"[0.6734889003123068, 0.4756404454441684]",1,-1
3811,[0.73435861 0.46763433],3,32,"[0.7535856051996079, 0.45307884495298306]",1,-1
3812,[0.74641609 0.47825717],3,32,"[0.7535856051996079, 0.45307884495298306]",1,43
3813,[0.75433846 0.46288984],3,32,"[0.7535856051996079, 0.45307884495298306]",1,-1
3814,[0.75335117 0.54336847],3,11,"[0.7051682617613192, 0.574171671796882]",1,-1
3815,[0.75264129 0.4052201 ],3,42,"[0.765559566045806, 0.37716611859716387]",1,-1
3816,[0.76045321 0.4410369 ],3,32,"[0.7535856051996079, 0.45307884495298306]",1,-1
3817,[0.69707273 0.47705064],3,26,"[0.6734889003123068, 0.4756404454441684]",1,-1
3818,[0.74730029 0.42869578],3,32,"[0.7535856051996079, 0.45307884495298306]",1,-1
3819,[0.67451503 0.50509448],3,26,"[0.6734889003123068, 0.4756404454441684]",1,-1
3820,[0.82405866 0.46894645],3,14,"[0.8486155699332081, 0.42850029565542425]",1,-1
3821,[0.78147551 0.50950399],3,3,"[0.8068810957052946, 0.5180547120844742]",1,-1
3822,[0.76057149 0.43750156],3,32,"[0.7535856051996079, 0.45307884495298306]",1,-1
3823,[0.76080877 0.53689564],3,3,"[0.8068810957052946, 0.5180547120844742]",1,-1
3824,[0.7858613  0.47299106],3,32,"[0.7535856051996079, 0.45307884495298306]",1,-1
3825,[0.65167101 0.43555367],3,28,"[0.6409610568572724, 0.3943628717562158]",1,-1
3826,[0.7117185  0.45333223],3,32,"[0.7535856051996079, 0.45307884495298306]",1,-1
3827,[0.80724485 0.49829071],3,3,"[0.8068810957052946, 0.5180547120844742]",1,-1
3828,[0.87634673 0.44491523],3,14,"[0.8486155699332081, 0.42850029565542425]",1,-1
3829,[0.7402224  0.41784788],3,32,"[0.7535856051996079, 0.45307884495298306]",1,-1
3830,[0.74932809 0.56787654],3,11,"[0.7051682617613192, 0.574171671796882]",1,20
3831,[0.71400798 0.52719381],3,11,"[0.7051682617613192, 0.574171671796882]",1,33
3832,[0.74193788 0.37232018],3,42,"[0.765559566045806, 0.37716611859716387]",1,-1
3833,[0.68887857 0.47633727],3,26,"[0.6734889003123068, 0.4756404454441684]",1,39
3834,[0.74693274 0.50141232],3,32,"[0.7535856051996079, 0.45307884495298306]",1,41
3835,[0.71508922 0.48429724],3,26,"[0.6734889003123068, 0.4756404454441684]",1,-1
3836,[0.81589578 0.40699189],3,14,"[0.8486155699332081, 0.42850029565542425]",1,-1
3837,[0.69372017 0.34209168],3,29,"[0.7250576817720672, 0.30126581813471415]",1,-1
3838,[0.718259   0.45642733],3,32,"[0.7535856051996079, 0.45307884495298306]",1,-1
3839,[0.70421123 0.41602279],3,30,"[0.6934973256581222, 0.4131681772802667]",1,-1
3840,[0.72016897 0.47634413],3,32,"[0.7535856051996079, 0.45307884495298306]",1,-1
3841,[0.73223703 0.43844626],3,32,"[0.7535856051996079, 0.45307884495298306]",1,54
3842,[0.76239501 0.40713346],3,42,"[0.765559566045806, 0.37716611859716387]",1,23
3843,[0.72602187 0.51555626],3,11,"[0.7051682617613192, 0.574171671796882]",1,-1
3844,[0.74672083 0.38640065],3,42,"[0.765559566045806, 0.37716611859716387]",1,-1
3845,[0.8428255  0.49557482],3,3,"[0.8068810957052946, 0.5180547120844742]",1,-1
3846,[0.81833578 0.50219698],3,3,"[0.8068810957052946, 0.5180547120844742]",1,-1
3847,[0.69229491 0.43126761],3,30,"[0.6934973256581222, 0.4131681772802667]",1,57
3848,[0.76348772 0.51097059],3,3,"[0.8068810957052946, 0.5180547120844742]",1,41
3849,[0.72849481 0.45139773],3,32,"[0.7535856051996079, 0.45307884495298306]",1,54
3850,[0.67626984 0.51894386],3,26,"[0.6734889003123068, 0.4756404454441684]",1,-1
3851,[0.76686498 0.51437744],3,3,"[0.8068810957052946, 0.5180547120844742]",1,41
3852,[0.76493792 0.50670125],3,3,"[0.8068810957052946, 0.5180547120844742]",1,-1
3853,[0.73922198 0.47653789],3,32,"[0.7535856051996079, 0.45307884495298306]",1,-1
3854,[0.80250617 0.35866763],3,42,"[0.765559566045806, 0.37716611859716387]",1,-1
3855,[0.72366222 0.59181527],3,11,"[0.7051682617613192, 0.574171671796882]",1,-1
3856,[0.81938685 0.40364904],3,14,"[0.8486155699332081, 0.42850029565542425]",1,-1
3857,[0.72150227 0.47230086],3,32,"[0.7535856051996079, 0.45307884495298306]",1,-1
3858,[0.73291625 0.50560884],3,32,"[0.7535856051996079, 0.45307884495298306]",1,-1
3859,[0.76479683 0.48574027],3,32,"[0.7535856051996079, 0.45307884495298306]",1,-1
3860,[0.7300376  0.48891562],3,32,"[0.7535856051996079, 0.45307884495298306]",1,-1
3861,[0.73576944 0.43825281],3,32,"[0.7535856051996079, 0.45307884495298306]",1,-1
3862,[0.79308161 0.50828065],3,3,"[0.8068810957052946, 0.5180547120844742]",1,44
3863,[0.74301388 0.34044635],3,42,"[0.765559566045806, 0.37716611859716387]",1,-1
3864,[0.77647192 0.54622261],3,3,"[0.8068810957052946, 0.5180547120844742]",1,-1
3865,[0.73333775 0.55776122],3,11,"[0.7051682617613192, 0.574171671796882]",1,-1
3866,[0.75906078 0.50572002],3,3,"[0.8068810957052946, 0.5180547120844742]",1,-1
3867,[0.72051153 0.53265956],3,11,"[0.7051682617613192, 0.574171671796882]",1,33
3868,[0.81476192 0.42801905],3,14,"[0.8486155699332081, 0.42850029565542425]",1,-1
3869,[0.707867   0.46947687],3,26,"[0.6734889003123068, 0.4756404454441684]",1,52
3870,[0.6801129  0.49370141],3,26,"[0.6734889003123068, 0.4756404454441684]",1,-1
3871,[0.74727142 0.41159924],3,42,"[0.765559566045806, 0.37716611859716387]",1,-1
3872,[0.79964508 0.48331926],3,3,"[0.8068810957052946, 0.5180547120844742]",1,-1
3873,[0.67406972 0.40051887],3,30,"[0.6934973256581222, 0.4131681772802667]",1,57
3874,[0.78846607 0.45954997],3,32,"[0.7535856051996079, 0.45307884495298306]",1,-1
3875,[0.67284257 0.48597369],3,26,"[0.6734889003123068, 0.4756404454441684]",1,-1
3876,[0.79037074 0.40879705],3,42,"[0.765559566045806, 0.37716611859716387]",1,-1
3877,[0.74430457 0.48629843],3,32,"[0.7535856051996079, 0.45307884495298306]",1,43
3878,[0.73856954 0.51204409],3,32,"[0.7535856051996079, 0.45307884495298306]",1,-1
3879,[0.74545871 0.6051785 ],3,11,"[0.7051682617613192, 0.574171671796882]",1,-1
3880,[0.7717816 0.4752684],3,32,"[0.7535856051996079, 0.45307884495298306]",1,-1
3881,[0.76632215 0.4344318 ],3,32,"[0.7535856051996079, 0.45307884495298306]",1,-1
3882,[0.77492852 0.48263679],3,32,"[0.7535856051996079, 0.45307884495298306]",1,-1
3883,[0.85795897 0.48859316],3,3,"[0.8068810957052946, 0.5180547120844742]",1,-1
3884,[0.84147744 0.53811782],3,3,"[0.8068810957052946, 0.5180547120844742]",1,-1
3885,[0.71070112 0.43629061],3,30,"[0.6934973256581222, 0.4131681772802667]",1,-1
3886,[0.75655552 0.52144452],3,3,"[0.8068810957052946, 0.5180547120844742]",1,-1
3887,[0.72981817 0.48702359],3,32,"[0.7535856051996079, 0.45307884495298306]",1,-1
3888,[0.79512552 0.4556215 ],3,32,"[0.7535856051996079, 0.45307884495298306]",1,-1
3889,[0.74828752 0.54085413],3,11,"[0.7051682617613192, 0.574171671796882]",1,-1
3890,[0.75338622 0.48579621],3,32,"[0.7535856051996079, 0.45307884495298306]",1,-1
3891,[0.73232565 0.45954777],3,32,"[0.7535856051996079, 0.45307884495298306]",1,-1
3892,[0.7263585  0.42515022],3,30,"[0.6934973256581222, 0.4131681772802667]",1,-1
3893,[0.68780294 0.39000938],3,30,"[0.6934973256581222, 0.4131681772802667]",1,-1
3894,[0.76927431 0.54774701],3,3,"[0.8068810957052946, 0.5180547120844742]",1,-1
3895,[0.70961482 0.52124347],3,11,"[0.7051682617613192, 0.574171671796882]",1,33
3896,[0.75938542 0.53731093],3,3,"[0.8068810957052946, 0.5180547120844742]",1,-1
3897,[0.72658286 0.4300099 ],3,32,"[0.7535856051996079, 0.45307884495298306]",1,54
3898,[0.70972215 0.39411144],3,30,"[0.6934973256581222, 0.4131681772802667]",1,-1
3899,[0.72080355 0.41175825],3,30,"[0.6934973256581222, 0.4131681772802667]",1,-1
3900,[0.80568035 0.46382449],3,32,"[0.7535856051996079, 0.45307884495298306]",1,42
3901,[0.72941404 0.5275802 ],3,11,"[0.7051682617613192, 0.574171671796882]",1,-1
3902,[0.77861668 0.41637545],3,42,"[0.765559566045806, 0.37716611859716387]",1,-1
3903,[0.73528718 0.48298451],3,32,"[0.7535856051996079, 0.45307884495298306]",1,43
3904,[0.81577219 0.43339293],3,14,"[0.8486155699332081, 0.42850029565542425]",1,38
3905,[0.72481658 0.44340882],3,32,"[0.7535856051996079, 0.45307884495298306]",1,-1
3906,[0.74680054 0.45995071],3,32,"[0.7535856051996079, 0.45307884495298306]",1,-1
3907,[0.75927356 0.394877  ],3,42,"[0.765559566045806, 0.37716611859716387]",1,23
3908,[0.77458786 0.45081314],3,32,"[0.7535856051996079, 0.45307884495298306]",1,-1
3909,[0.78573043 0.53540269],3,3,"[0.8068810957052946, 0.5180547120844742]",1,41
3910,[0.74778261 0.48155073],3,32,"[0.7535856051996079, 0.45307884495298306]",1,43
3911,[0.76025057 0.42139304],3,32,"[0.7535856051996079, 0.45307884495298306]",1,-1
3912,[0.74087805 0.45004724],3,32,"[0.7535856051996079, 0.45307884495298306]",1,-1
3913,[0.73709663 0.4699472 ],3,32,"[0.7535856051996079, 0.45307884495298306]",1,-1
3914,[0.7618749  0.45278738],3,32,"[0.7535856051996079, 0.45307884495298306]",1,-1
3915,[0.76506153 0.42972378],3,32,"[0.7535856051996079, 0.45307884495298306]",1,-1
3916,[0.71881881 0.43339772],3,30,"[0.6934973256581222, 0.4131681772802667]",1,-1
3917,[0.73850361 0.46848227],3,32,"[0.7535856051996079, 0.45307884495298306]",1,43
3918,[0.75116311 0.46086054],3,32,"[0.7535856051996079, 0.45307884495298306]",1,-1
3919,[0.83593722 0.47469461],3,14,"[0.8486155699332081, 0.42850029565542425]",1,42
3920,[0.7121909  0.46719763],3,26,"[0.6734889003123068, 0.4756404454441684]",1,52
3921,[0.79096394 0.49292067],3,3,"[0.8068810957052946, 0.5180547120844742]",1,44
3922,[0.7530393  0.44702126],3,32,"[0.7535856051996079, 0.45307884495298306]",1,-1
3923,[0.69755336 0.45228902],3,26,"[0.6734889003123068, 0.4756404454441684]",1,-1
3924,[0.6467524 0.4901056],3,26,"[0.6734889003123068, 0.4756404454441684]",1,-1
3925,[0.72480971 0.54840449],3,11,"[0.7051682617613192, 0.574171671796882]",1,-1
3926,[0.74426562 0.50685613],3,32,"[0.7535856051996079, 0.45307884495298306]",1,41
3927,[0.76153415 0.45790138],3,32,"[0.7535856051996079, 0.45307884495298306]",1,-1
3928,[0.73042616 0.50298729],3,32,"[0.7535856051996079, 0.45307884495298306]",1,-1
3929,[0.74933914 0.44685823],3,32,"[0.7535856051996079, 0.45307884495298306]",1,-1
3930,[0.71647187 0.42566743],3,30,"[0.6934973256581222, 0.4131681772802667]",1,-1
3931,[0.7299951  0.55602361],3,11,"[0.7051682617613192, 0.574171671796882]",1,-1
3932,[0.71304995 0.42841652],3,30,"[0.6934973256581222, 0.4131681772802667]",1,-1
3933,[0.72600036 0.42610678],3,30,"[0.6934973256581222, 0.4131681772802667]",1,-1
3934,[0.73293735 0.43511692],3,32,"[0.7535856051996079, 0.45307884495298306]",1,-1
3935,[0.69361228 0.43163197],3,30,"[0.6934973256581222, 0.4131681772802667]",1,-1
3936,[0.7894917  0.42521093],3,32,"[0.7535856051996079, 0.45307884495298306]",1,-1
3937,[0.66290467 0.42506059],3,30,"[0.6934973256581222, 0.4131681772802667]",1,56
3938,[0.76074217 0.46351767],3,32,"[0.7535856051996079, 0.45307884495298306]",1,-1
3939,[0.69820615 0.44681929],3,30,"[0.6934973256581222, 0.4131681772802667]",1,-1
3940,[0.78470441 0.53180703],3,3,"[0.8068810957052946, 0.5180547120844742]",1,41
3941,[0.748444   0.47222012],3,32,"[0.7535856051996079, 0.45307884495298306]",1,-1
3942,[0.8129008  0.41866811],3,14,"[0.8486155699332081, 0.42850029565542425]",1,-1
3943,[0.82987495 0.44833807],3,14,"[0.8486155699332081, 0.42850029565542425]",1,-1
3944,[0.73892325 0.46120897],3,32,"[0.7535856051996079, 0.45307884495298306]",1,-1
3945,[0.74520352 0.47419945],3,32,"[0.7535856051996079, 0.45307884495298306]",1,-1
3946,[0.74972593 0.49005058],3,32,"[0.7535856051996079, 0.45307884495298306]",1,-1
3947,[0.81060764 0.49248614],3,3,"[0.8068810957052946, 0.5180547120844742]",1,-1
3948,[0.80230833 0.48363152],3,3,"[0.8068810957052946, 0.5180547120844742]",1,-1
3949,[0.80983431 0.43447855],3,14,"[0.8486155699332081, 0.42850029565542425]",1,38
3950,[0.7575277  0.40211376],3,42,"[0.765559566045806, 0.37716611859716387]",1,23
3951,[0.83141043 0.50828516],3,3,"[0.8068810957052946, 0.5180547120844742]",1,-1
3952,[0.78545566 0.48132372],3,3,"[0.8068810957052946, 0.5180547120844742]",1,45
3953,[0.71641219 0.43423492],3,30,"[0.6934973256581222, 0.4131681772802667]",1,-1
3954,[0.7248836  0.50379221],3,32,"[0.7535856051996079, 0.45307884495298306]",1,-1
3955,[0.77276192 0.40248247],3,42,"[0.765559566045806, 0.37716611859716387]",1,-1
3956,[0.77283185 0.47004394],3,32,"[0.7535856051996079, 0.45307884495298306]",1,-1
3957,[0.75892934 0.53930968],3,3,"[0.8068810957052946, 0.5180547120844742]",1,-1
3958,[0.74700562 0.52213366],3,3,"[0.8068810957052946, 0.5180547120844742]",1,-1
3959,[0.71505989 0.50903514],3,26,"[0.6734889003123068, 0.4756404454441684]",1,-1
3960,[0.69433894 0.49792398],3,26,"[0.6734889003123068, 0.4756404454441684]",1,-1
3961,[0.73169235 0.43517309],3,32,"[0.7535856051996079, 0.45307884495298306]",1,54
3962,[0.68868998 0.47967772],3,26,"[0.6734889003123068, 0.4756404454441684]",1,39
3963,[0.75918417 0.51700608],3,3,"[0.8068810957052946, 0.5180547120844742]",1,-1
3964,[0.7624532  0.50512444],3,3,"[0.8068810957052946, 0.5180547120844742]",1,-1
3965,[0.73508765 0.47622356],3,32,"[0.7535856051996079, 0.45307884495298306]",1,43
3966,[0.82999264 0.56722374],3,43,"[0.8274941202305067, 0.5998913364221842]",1,-1
3967,[0.76546081 0.5046013 ],3,3,"[0.8068810957052946, 0.5180547120844742]",1,41
3968,[0.68965449 0.5195064 ],3,26,"[0.6734889003123068, 0.4756404454441684]",1,-1
3969,[0.64523836 0.47333675],3,26,"[0.6734889003123068, 0.4756404454441684]",1,-1
3970,[0.72523658 0.44769738],3,32,"[0.7535856051996079, 0.45307884495298306]",1,54
3971,[0.74998173 0.50057797],3,32,"[0.7535856051996079, 0.45307884495298306]",1,41
3972,[0.7403908  0.43568045],3,32,"[0.7535856051996079, 0.45307884495298306]",1,-1
3973,[0.79550012 0.37841336],3,42,"[0.765559566045806, 0.37716611859716387]",1,-1
3974,[0.76415281 0.4232626 ],3,32,"[0.7535856051996079, 0.45307884495298306]",1,-1
3975,[0.77572992 0.49044645],3,3,"[0.8068810957052946, 0.5180547120844742]",1,-1
3976,[0.78865047 0.53164288],3,3,"[0.8068810957052946, 0.5180547120844742]",1,41
3977,[0.79619636 0.49348867],3,3,"[0.8068810957052946, 0.5180547120844742]",1,-1
3978,[0.69872741 0.4399163 ],3,30,"[0.6934973256581222, 0.4131681772802667]",1,-1
3979,[0.80303457 0.56426203],3,43,"[0.8274941202305067, 0.5998913364221842]",1,-1
3980,[0.78135156 0.48600276],3,3,"[0.8068810957052946, 0.5180547120844742]",1,45
3981,[0.70241029 0.46155752],3,26,"[0.6734889003123068, 0.4756404454441684]",1,-1
3982,[0.73690482 0.48754876],3,32,"[0.7535856051996079, 0.45307884495298306]",1,43
3983,[0.76896011 0.53587275],3,3,"[0.8068810957052946, 0.5180547120844742]",1,-1
3984,[0.70682227 0.51917593],3,26,"[0.6734889003123068, 0.4756404454441684]",1,-1
3985,[0.80235508 0.41972412],3,14,"[0.8486155699332081, 0.42850029565542425]",1,-1
3986,[0.6901572  0.42246081],3,30,"[0.6934973256581222, 0.4131681772802667]",1,57
3987,[0.65635626 0.54087629],3,10,"[0.6101257152780476, 0.5394800330734051]",1,-1
3988,[0.76607889 0.49792729],3,3,"[0.8068810957052946, 0.5180547120844742]",1,-1
3989,[0.72736409 0.54782056],3,11,"[0.7051682617613192, 0.574171671796882]",1,-1
3990,[0.77971324 0.53759314],3,3,"[0.8068810957052946, 0.5180547120844742]",1,41
3991,[0.69188849 0.45021012],3,26,"[0.6734889003123068, 0.4756404454441684]",1,-1
3992,[0.72407606 0.42449942],3,30,"[0.6934973256581222, 0.4131681772802667]",1,-1
3993,[0.74201853 0.5094695 ],3,32,"[0.7535856051996079, 0.45307884495298306]",1,41
3994,[0.7727138  0.44222095],3,32,"[0.7535856051996079, 0.45307884495298306]",1,-1
3995,[0.727869   0.48826623],3,32,"[0.7535856051996079, 0.45307884495298306]",1,-1
3996,[0.75476712 0.4691108 ],3,32,"[0.7535856051996079, 0.45307884495298306]",1,-1
3997,[0.72705143 0.54163442],3,11,"[0.7051682617613192, 0.574171671796882]",1,-1
3998,[0.85135776 0.46065002],3,14,"[0.8486155699332081, 0.42850029565542425]",1,-1
3999,[0.71483378 0.46056994],3,32,"[0.7535856051996079, 0.45307884495298306]",1,-1
4000,[0.60445806 0.42081651],4,27,"[0.5866068271601823, 0.4386408725933068]",1,-1
4001,[0.5858441  0.34620021],4,46,"[0.5877940429991866, 0.34550221910317963]",1,-1
4002,[0.56622007 0.44835884],4,27,"[0.5866068271601823, 0.4386408725933068]",1,-1
4003,[0.51932931 0.43281287],4,35,"[0.491626887866141, 0.45015531396212327]",1,-1
4004,[0.60449217 0.44625504],4,27,"[0.5866068271601823, 0.4386408725933068]",1,-1
4005,[0.57244369 0.43831569],4,27,"[0.5866068271601823, 0.4386408725933068]",1,-1
4006,[0.5419215  0.43774982],4,27,"[0.5866068271601823, 0.4386408725933068]",1,-1
4007,[0.52854371 0.40463605],4,35,"[0.491626887866141, 0.45015531396212327]",1,-1
4008,[0.51318181 0.4271598 ],4,35,"[0.491626887866141, 0.45015531396212327]",1,8
4009,[0.58913248 0.44446818],4,27,"[0.5866068271601823, 0.4386408725933068]",1,-1
4010,[0.60110887 0.39715355],4,28,"[0.6409610568572724, 0.3943628717562158]",1,-1
4011,[0.61881105 0.46913487],4,27,"[0.5866068271601823, 0.4386408725933068]",1,-1
4012,[0.3880497  0.41402005],4,6,"[0.40123478470159024, 0.40656176249784554]",1,-1
4013,[0.70185957 0.45571354],4,26,"[0.6734889003123068, 0.4756404454441684]",1,-1
4014,[0.56407262 0.39622107],4,27,"[0.5866068271601823, 0.4386408725933068]",1,-1
4015,[0.51238438 0.44824675],4,35,"[0.491626887866141, 0.45015531396212327]",1,-1
4016,[0.58857789 0.38460013],4,46,"[0.5877940429991866, 0.34550221910317963]",1,-1
4017,[0.49771938 0.35901903],4,37,"[0.4780366509520634, 0.3686118735311782]",1,-1
4018,[0.50816298 0.43700779],4,35,"[0.491626887866141, 0.45015531396212327]",1,8
4019,[0.44021717 0.4960858 ],4,18,"[0.4203234088660354, 0.508036417947434]",1,-1
4020,[0.51149519 0.39276235],4,37,"[0.4780366509520634, 0.3686118735311782]",1,-1
4021,[0.58094917 0.43948318],4,27,"[0.5866068271601823, 0.4386408725933068]",1,-1
4022,[0.43466005 0.32504772],4,4,"[0.3937233168939997, 0.29890402186269427]",1,-1
4023,[0.50540072 0.38530491],4,37,"[0.4780366509520634, 0.3686118735311782]",1,-1
4024,[0.53440712 0.42594733],4,35,"[0.491626887866141, 0.45015531396212327]",1,-1
4025,[0.58567254 0.41935691],4,27,"[0.5866068271601823, 0.4386408725933068]",1,-1
4026,[0.51693516 0.35264909],4,37,"[0.4780366509520634, 0.3686118735311782]",1,-1
4027,[0.50820176 0.45605832],4,35,"[0.491626887866141, 0.45015531396212327]",1,-1
4028,[0.53777001 0.43938623],4,35,"[0.491626887866141, 0.45015531396212327]",1,-1
4029,[0.49500748 0.46964533],4,35,"[0.491626887866141, 0.45015531396212327]",1,-1
4030,[0.44812863 0.40458611],4,37,"[0.4780366509520634, 0.3686118735311782]",1,-1
4031,[0.54291882 0.40667875],4,27,"[0.5866068271601823, 0.4386408725933068]",1,-1
4032,[0.53119246 0.41203759],4,35,"[0.491626887866141, 0.45015531396212327]",1,-1
4033,[0.46908922 0.48563662],4,35,"[0.491626887866141, 0.45015531396212327]",1,-1
4034,[0.55366445 0.54869528],4,2,"[0.5181425386759565, 0.548951681512668]",1,-1
4035,[0.53131846 0.44328498],4,35,"[0.491626887866141, 0.45015531396212327]",1,-1
4036,[0.54184985 0.51565132],4,2,"[0.5181425386759565, 0.548951681512668]",1,-1
4037,[0.59416894 0.38675282],4,46,"[0.5877940429991866, 0.34550221910317963]",1,-1
4038,[0.56128792 0.38895821],4,46,"[0.5877940429991866, 0.34550221910317963]",1,-1
4039,[0.58705126 0.4283288 ],4,27,"[0.5866068271601823, 0.4386408725933068]",1,-1
4040,[0.56461101 0.38608118],4,46,"[0.5877940429991866, 0.34550221910317963]",1,-1
4041,[0.48976497 0.35455872],4,37,"[0.4780366509520634, 0.3686118735311782]",1,-1
4042,[0.52871568 0.4871181 ],4,35,"[0.491626887866141, 0.45015531396212327]",1,-1
4043,[0.50786999 0.40021846],4,37,"[0.4780366509520634, 0.3686118735311782]",1,-1
4044,[0.56866449 0.38801141],4,46,"[0.5877940429991866, 0.34550221910317963]",1,-1
4045,[0.54613085 0.43424463],4,27,"[0.5866068271601823, 0.4386408725933068]",1,-1
4046,[0.52629959 0.33045662],4,37,"[0.4780366509520634, 0.3686118735311782]",1,-1
4047,[0.60507407 0.40973867],4,27,"[0.5866068271601823, 0.4386408725933068]",1,-1
4048,[0.48241854 0.43205803],4,35,"[0.491626887866141, 0.45015531396212327]",1,-1
4049,[0.52766084 0.4987433 ],4,2,"[0.5181425386759565, 0.548951681512668]",1,-1
4050,[0.50336547 0.47260437],4,35,"[0.491626887866141, 0.45015531396212327]",1,-1
4051,[0.58133701 0.40763766],4,27,"[0.5866068271601823, 0.4386408725933068]",1,-1
4052,[0.52921438 0.4029234 ],4,35,"[0.491626887866141, 0.45015531396212327]",1,-1
4053,[0.52999484 0.41970944],4,35,"[0.491626887866141, 0.45015531396212327]",1,-1
4054,[0.5703448  0.43221449],4,27,"[0.5866068271601823, 0.4386408725933068]",1,-1
4055,[0.4405708  0.44260939],4,35,"[0.491626887866141, 0.45015531396212327]",1,-1
4056,[0.56392068 0.47319004],4,27,"[0.5866068271601823, 0.4386408725933068]",1,-1
4057,[0.71668036 0.42117747],4,30,"[0.6934973256581222, 0.4131681772802667]",1,-1
4058,[0.50145809 0.41004746],4,35,"[0.491626887866141, 0.45015531396212327]",1,-1
4059,[0.58428172 0.35534924],4,46,"[0.5877940429991866, 0.34550221910317963]",1,-1
4060,[0.52500951 0.33613823],4,37,"[0.4780366509520634, 0.3686118735311782]",1,-1
4061,[0.45804233 0.45703213],4,35,"[0.491626887866141, 0.45015531396212327]",1,-1
4062,[0.57859636 0.52134099],4,10,"[0.6101257152780476, 0.5394800330734051]",1,-1
4063,[0.54143643 0.37095087],4,46,"[0.5877940429991866, 0.34550221910317963]",1,-1
4064,[0.60676866 0.44644121],4,27,"[0.5866068271601823, 0.4386408725933068]",1,-1
4065,[0.53542133 0.30448241],4,46,"[0.5877940429991866, 0.34550221910317963]",1,-1
4066,[0.59484652 0.532647  ],4,10,"[0.6101257152780476, 0.5394800330734051]",1,-1
4067,[0.48016542 0.46036793],4,35,"[0.491626887866141, 0.45015531396212327]",1,-1
4068,[0.57639622 0.42456235],4,27,"[0.5866068271601823, 0.4386408725933068]",1,-1
4069,[0.54794616 0.3627786 ],4,46,"[0.5877940429991866, 0.34550221910317963]",1,-1
4070,[0.58413968 0.3967621 ],4,27,"[0.5866068271601823, 0.4386408725933068]",1,-1
4071,[0.47457336 0.37497007],4,37,"[0.4780366509520634, 0.3686118735311782]",1,-1
4072,[0.60273307 0.4641549 ],4,27,"[0.5866068271601823, 0.4386408725933068]",1,-1
4073,[0.57437808 0.38227467],4,46,"[0.5877940429991866, 0.34550221910317963]",1,-1
4074,[0.55314381 0.43794556],4,27,"[0.5866068271601823, 0.4386408725933068]",1,-1
4075,[0.50192476 0.40618497],4,37,"[0.4780366509520634, 0.3686118735311782]",1,8
4076,[0.60380609 0.38719732],4,28,"[0.6409610568572724, 0.3943628717562158]",1,-1
4077,[0.56214189 0.36025405],4,46,"[0.5877940429991866, 0.34550221910317963]",1,-1
4078,[0.51092047 0.41148874],4,35,"[0.491626887866141, 0.45015531396212327]",1,8
4079,[0.56887958 0.41802699],4,27,"[0.5866068271601823, 0.4386408725933068]",1,-1
4080,[0.61788335 0.3936864 ],4,28,"[0.6409610568572724, 0.3943628717562158]",1,-1
4081,[0.53628379 0.4507682 ],4,35,"[0.491626887866141, 0.45015531396212327]",1,-1
4082,[0.52270531 0.39990101],4,37,"[0.4780366509520634, 0.3686118735311782]",1,-1
4083,[0.63046857 0.32605954],4,46,"[0.5877940429991866, 0.34550221910317963]",1,-1
4084,[0.5158236  0.42971703],4,35,"[0.491626887866141, 0.45015531396212327]",1,8
4085,[0.55143933 0.30458454],4,46,"[0.5877940429991866, 0.34550221910317963]",1,-1
4086,[0.44526272 0.41943905],4,6,"[0.40123478470159024, 0.40656176249784554]",1,-1
4087,[0.51157259 0.41678758],4,35,"[0.491626887866141, 0.45015531396212327]",1,8
4088,[0.51271624 0.35650706],4,37,"[0.4780366509520634, 0.3686118735311782]",1,-1
4089,[0.49359392 0.41207067],4,35,"[0.491626887866141, 0.45015531396212327]",1,8
4090,[0.58285658 0.36286412],4,46,"[0.5877940429991866, 0.34550221910317963]",1,-1
4091,[0.53067779 0.44767984],4,35,"[0.491626887866141, 0.45015531396212327]",1,-1
4092,[0.50583873 0.42617087],4,35,"[0.491626887866141, 0.45015531396212327]",1,8
4093,[0.51244718 0.4078861 ],4,35,"[0.491626887866141, 0.45015531396212327]",1,-1
4094,[0.44483735 0.33617751],4,37,"[0.4780366509520634, 0.3686118735311782]",1,-1
4095,[0.590386  0.3768535],4,46,"[0.5877940429991866, 0.34550221910317963]",1,-1
4096,[0.58037533 0.44999447],4,27,"[0.5866068271601823, 0.4386408725933068]",1,-1
4097,[0.46504923 0.42822196],4,35,"[0.491626887866141, 0.45015531396212327]",1,-1
4098,[0.48943138 0.29853091],4,-1,-1,1,-1
4099,[0.62701186 0.42640774],4,28,"[0.6409610568572724, 0.3943628717562158]",1,-1
4100,[0.46181756 0.38569636],4,37,"[0.4780366509520634, 0.3686118735311782]",1,-1
4101,[0.55252407 0.33786915],4,46,"[0.5877940429991866, 0.34550221910317963]",1,-1
4102,[0.54474629 0.34871743],4,46,"[0.5877940429991866, 0.34550221910317963]",1,-1
4103,[0.48632214 0.4540964 ],4,35,"[0.491626887866141, 0.45015531396212327]",1,-1
4104,[0.58883524 0.38194941],4,46,"[0.5877940429991866, 0.34550221910317963]",1,-1
4105,[0.50562148 0.51651435],4,2,"[0.5181425386759565, 0.548951681512668]",1,-1
4106,[0.53983723 0.35669831],4,46,"[0.5877940429991866, 0.34550221910317963]",1,-1
4107,[0.5221229  0.44223505],4,35,"[0.491626887866141, 0.45015531396212327]",1,-1
4108,[0.55015394 0.39528372],4,27,"[0.5866068271601823, 0.4386408725933068]",1,-1
4109,[0.45753802 0.36943225],4,37,"[0.4780366509520634, 0.3686118735311782]",1,-1
4110,[0.58772135 0.51509559],4,10,"[0.6101257152780476, 0.5394800330734051]",1,-1
4111,[0.48534015 0.35931125],4,37,"[0.4780366509520634, 0.3686118735311782]",1,-1
4112,[0.57206087 0.413336  ],4,27,"[0.5866068271601823, 0.4386408725933068]",1,-1
4113,[0.45714043 0.39341286],4,37,"[0.4780366509520634, 0.3686118735311782]",1,-1
4114,[0.58924886 0.37889836],4,46,"[0.5877940429991866, 0.34550221910317963]",1,-1
4115,[0.53107695 0.42260715],4,35,"[0.491626887866141, 0.45015531396212327]",1,-1
4116,[0.61177349 0.37327845],4,28,"[0.6409610568572724, 0.3943628717562158]",1,-1
4117,[0.54090544 0.40002315],4,27,"[0.5866068271601823, 0.4386408725933068]",1,-1
4118,[0.61154363 0.43482933],4,27,"[0.5866068271601823, 0.4386408725933068]",1,-1
4119,[0.51679938 0.44985772],4,35,"[0.491626887866141, 0.45015531396212327]",1,-1
4120,[0.54170505 0.38598788],4,46,"[0.5877940429991866, 0.34550221910317963]",1,-1
4121,[0.5237793  0.36162293],4,37,"[0.4780366509520634, 0.3686118735311782]",1,-1
4122,[0.50579636 0.49632774],4,35,"[0.491626887866141, 0.45015531396212327]",1,-1
4123,[0.64017814 0.38693678],4,28,"[0.6409610568572724, 0.3943628717562158]",1,-1
4124,[0.54079897 0.37803811],4,46,"[0.5877940429991866, 0.34550221910317963]",1,-1
4125,[0.52192995 0.43758762],4,35,"[0.491626887866141, 0.45015531396212327]",1,-1
4126,[0.49567371 0.41087427],4,35,"[0.491626887866141, 0.45015531396212327]",1,-1
4127,[0.57230716 0.40957945],4,27,"[0.5866068271601823, 0.4386408725933068]",1,-1
4128,[0.53596767 0.55041773],4,2,"[0.5181425386759565, 0.548951681512668]",1,-1
4129,[0.55734933 0.35493496],4,46,"[0.5877940429991866, 0.34550221910317963]",1,-1
4130,[0.5045729  0.46623691],4,35,"[0.491626887866141, 0.45015531396212327]",1,-1
4131,[0.46548851 0.44287989],4,35,"[0.491626887866141, 0.45015531396212327]",1,-1
4132,[0.55084253 0.42921823],4,27,"[0.5866068271601823, 0.4386408725933068]",1,-1
4133,[0.50392441 0.41076773],4,35,"[0.491626887866141, 0.45015531396212327]",1,-1
4134,[0.49366428 0.48589589],4,35,"[0.491626887866141, 0.45015531396212327]",1,-1
4135,[0.57878299 0.42903654],4,27,"[0.5866068271601823, 0.4386408725933068]",1,-1
4136,[0.52833016 0.41829944],4,35,"[0.491626887866141, 0.45015531396212327]",1,8
4137,[0.56399027 0.36927905],4,46,"[0.5877940429991866, 0.34550221910317963]",1,-1
4138,[0.44933315 0.36418873],4,37,"[0.4780366509520634, 0.3686118735311782]",1,-1
4139,[0.56114014 0.39067399],4,46,"[0.5877940429991866, 0.34550221910317963]",1,-1
4140,[0.59115055 0.42322081],4,27,"[0.5866068271601823, 0.4386408725933068]",1,-1
4141,[0.52423366 0.37031723],4,37,"[0.4780366509520634, 0.3686118735311782]",1,-1
4142,[0.4948128 0.4619827],4,35,"[0.491626887866141, 0.45015531396212327]",1,-1
4143,[0.61438403 0.48405726],4,27,"[0.5866068271601823, 0.4386408725933068]",1,34
4144,[0.61943092 0.37382615],4,28,"[0.6409610568572724, 0.3943628717562158]",1,-1
4145,[0.5445097  0.52293891],4,2,"[0.5181425386759565, 0.548951681512668]",1,-1
4146,[0.5152648  0.45449849],4,35,"[0.491626887866141, 0.45015531396212327]",1,-1
4147,[0.52274546 0.3815858 ],4,37,"[0.4780366509520634, 0.3686118735311782]",1,-1
4148,[0.51529754 0.42202034],4,35,"[0.491626887866141, 0.45015531396212327]",1,8
4149,[0.51767994 0.45697195],4,35,"[0.491626887866141, 0.45015531396212327]",1,-1
4150,[0.54319566 0.383843  ],4,46,"[0.5877940429991866, 0.34550221910317963]",1,-1
4151,[0.63088526 0.41506166],4,28,"[0.6409610568572724, 0.3943628717562158]",1,-1
4152,[0.52491238 0.43899215],4,35,"[0.491626887866141, 0.45015531396212327]",1,-1
4153,[0.57748412 0.39369324],4,27,"[0.5866068271601823, 0.4386408725933068]",1,-1
4154,[0.4839024  0.47164299],4,35,"[0.491626887866141, 0.45015531396212327]",1,-1
4155,[0.58012336 0.44526888],4,27,"[0.5866068271601823, 0.4386408725933068]",1,-1
4156,[0.54843732 0.41011905],4,27,"[0.5866068271601823, 0.4386408725933068]",1,-1
4157,[0.55420311 0.25906563],4,-1,-1,1,-1
4158,[0.50957382 0.53675248],4,2,"[0.5181425386759565, 0.548951681512668]",1,-1
4159,[0.59487399 0.41444557],4,27,"[0.5866068271601823, 0.4386408725933068]",1,-1
4160,[0.56253802 0.42850397],4,27,"[0.5866068271601823, 0.4386408725933068]",1,-1
4161,[0.47998031 0.40652666],4,37,"[0.4780366509520634, 0.3686118735311782]",1,-1
4162,[0.51844474 0.48656725],4,35,"[0.491626887866141, 0.45015531396212327]",1,-1
4163,[0.54949728 0.41703895],4,27,"[0.5866068271601823, 0.4386408725933068]",1,-1
4164,[0.56855439 0.31869674],4,46,"[0.5877940429991866, 0.34550221910317963]",1,-1
4165,[0.56898235 0.39606554],4,27,"[0.5866068271601823, 0.4386408725933068]",1,-1
4166,[0.5700101 0.3641261],4,46,"[0.5877940429991866, 0.34550221910317963]",1,-1
4167,[0.45831924 0.45496575],4,35,"[0.491626887866141, 0.45015531396212327]",1,-1
4168,[0.42409261 0.43841968],4,6,"[0.40123478470159024, 0.40656176249784554]",1,-1
4169,[0.52795664 0.37102253],4,37,"[0.4780366509520634, 0.3686118735311782]",1,-1
4170,[0.55261566 0.34047051],4,46,"[0.5877940429991866, 0.34550221910317963]",1,-1
4171,[0.50185971 0.3854416 ],4,37,"[0.4780366509520634, 0.3686118735311782]",1,-1
4172,[0.54618869 0.37199064],4,46,"[0.5877940429991866, 0.34550221910317963]",1,-1
4173,[0.4420566  0.34669038],4,37,"[0.4780366509520634, 0.3686118735311782]",1,-1
4174,[0.49506432 0.43111315],4,35,"[0.491626887866141, 0.45015531396212327]",1,-1
4175,[0.47425569 0.44692922],4,35,"[0.491626887866141, 0.45015531396212327]",1,-1
4176,[0.58431904 0.47620631],4,27,"[0.5866068271601823, 0.4386408725933068]",1,-1
4177,[0.58338575 0.45941879],4,27,"[0.5866068271601823, 0.4386408725933068]",1,-1
4178,[0.55415323 0.47894085],4,27,"[0.5866068271601823, 0.4386408725933068]",1,-1
4179,[0.43556905 0.53332104],4,18,"[0.4203234088660354, 0.508036417947434]",1,-1
4180,[0.40340928 0.37134225],4,6,"[0.40123478470159024, 0.40656176249784554]",1,-1
4181,[0.54985786 0.34291701],4,46,"[0.5877940429991866, 0.34550221910317963]",1,-1
4182,[0.54915357 0.48332823],4,27,"[0.5866068271601823, 0.4386408725933068]",1,-1
4183,[0.46378238 0.38498544],4,37,"[0.4780366509520634, 0.3686118735311782]",1,-1
4184,[0.59182654 0.43045734],4,27,"[0.5866068271601823, 0.4386408725933068]",1,-1
4185,[0.51058209 0.58793584],4,2,"[0.5181425386759565, 0.548951681512668]",1,-1
4186,[0.56307095 0.38289254],4,46,"[0.5877940429991866, 0.34550221910317963]",1,-1
4187,[0.49587213 0.43729872],4,35,"[0.491626887866141, 0.45015531396212327]",1,-1
4188,[0.50819779 0.43311638],4,35,"[0.491626887866141, 0.45015531396212327]",1,8
4189,[0.43477404 0.37231419],4,37,"[0.4780366509520634, 0.3686118735311782]",1,-1
4190,[0.47312051 0.41107066],4,37,"[0.4780366509520634, 0.3686118735311782]",1,-1
4191,[0.60117919 0.43044629],4,27,"[0.5866068271601823, 0.4386408725933068]",1,-1
4192,[0.43320747 0.34898365],4,37,"[0.4780366509520634, 0.3686118735311782]",1,-1
4193,[0.44043563 0.39396261],4,6,"[0.40123478470159024, 0.40656176249784554]",1,-1
4194,[0.57748635 0.41668079],4,27,"[0.5866068271601823, 0.4386408725933068]",1,-1
4195,[0.39081103 0.38926989],4,6,"[0.40123478470159024, 0.40656176249784554]",1,78
4196,[0.45322332 0.4172563 ],4,35,"[0.491626887866141, 0.45015531396212327]",1,-1
4197,[0.54597799 0.37664076],4,46,"[0.5877940429991866, 0.34550221910317963]",1,-1
4198,[0.49970885 0.47324204],4,35,"[0.491626887866141, 0.45015531396212327]",1,-1
4199,[0.54965811 0.43774001],4,27,"[0.5866068271601823, 0.4386408725933068]",1,-1
4200,[0.53457813 0.50475713],4,2,"[0.5181425386759565, 0.548951681512668]",1,-1
4201,[0.51586379 0.3914475 ],4,37,"[0.4780366509520634, 0.3686118735311782]",1,-1
4202,[0.4872942  0.30713854],4,37,"[0.4780366509520634, 0.3686118735311782]",1,-1
4203,[0.57999734 0.50579729],4,10,"[0.6101257152780476, 0.5394800330734051]",1,-1
4204,[0.61186129 0.33786329],4,46,"[0.5877940429991866, 0.34550221910317963]",1,-1
4205,[0.53307019 0.36455613],4,37,"[0.4780366509520634, 0.3686118735311782]",1,-1
4206,[0.43788409 0.49549149],4,18,"[0.4203234088660354, 0.508036417947434]",1,-1
4207,[0.46221185 0.52285162],4,18,"[0.4203234088660354, 0.508036417947434]",1,-1
4208,[0.56672113 0.34629468],4,46,"[0.5877940429991866, 0.34550221910317963]",1,-1
4209,[0.55078288 0.43273031],4,27,"[0.5866068271601823, 0.4386408725933068]",1,-1
4210,[0.54712715 0.49532935],4,2,"[0.5181425386759565, 0.548951681512668]",1,-1
4211,[0.63112857 0.38407504],4,28,"[0.6409610568572724, 0.3943628717562158]",1,-1
4212,[0.55308064 0.4863225 ],4,27,"[0.5866068271601823, 0.4386408725933068]",1,-1
4213,[0.51860237 0.39273477],4,37,"[0.4780366509520634, 0.3686118735311782]",1,-1
4214,[0.47949169 0.35097484],4,37,"[0.4780366509520634, 0.3686118735311782]",1,-1
4215,[0.53089443 0.41253819],4,35,"[0.491626887866141, 0.45015531396212327]",1,-1
4216,[0.53165119 0.39100677],4,37,"[0.4780366509520634, 0.3686118735311782]",1,-1
4217,[0.47446396 0.40343647],4,37,"[0.4780366509520634, 0.3686118735311782]",1,-1
4218,[0.56701279 0.4258769 ],4,27,"[0.5866068271601823, 0.4386408725933068]",1,-1
4219,[0.56519568 0.432809  ],4,27,"[0.5866068271601823, 0.4386408725933068]",1,-1
4220,[0.58325103 0.34358061],4,46,"[0.5877940429991866, 0.34550221910317963]",1,-1
4221,[0.55148452 0.53005308],4,2,"[0.5181425386759565, 0.548951681512668]",1,-1
4222,[0.49768681 0.46047388],4,35,"[0.491626887866141, 0.45015531396212327]",1,-1
4223,[0.44153422 0.41584088],4,6,"[0.40123478470159024, 0.40656176249784554]",1,-1
4224,[0.4506851  0.38690039],4,37,"[0.4780366509520634, 0.3686118735311782]",1,-1
4225,[0.50887939 0.43186071],4,35,"[0.491626887866141, 0.45015531396212327]",1,-1
4226,[0.52456043 0.42488105],4,35,"[0.491626887866141, 0.45015531396212327]",1,8
4227,[0.49969956 0.42907654],4,35,"[0.491626887866141, 0.45015531396212327]",1,-1
4228,[0.55394097 0.45575899],4,27,"[0.5866068271601823, 0.4386408725933068]",1,-1
4229,[0.59256535 0.41130483],4,27,"[0.5866068271601823, 0.4386408725933068]",1,-1
4230,[0.51563337 0.4785465 ],4,35,"[0.491626887866141, 0.45015531396212327]",1,-1
4231,[0.51102993 0.39591988],4,37,"[0.4780366509520634, 0.3686118735311782]",1,-1
4232,[0.63125178 0.38657793],4,28,"[0.6409610568572724, 0.3943628717562158]",1,-1
4233,[0.5985759  0.42621288],4,27,"[0.5866068271601823, 0.4386408725933068]",1,-1
4234,[0.57224138 0.38532066],4,46,"[0.5877940429991866, 0.34550221910317963]",1,-1
4235,[0.45132326 0.39085285],4,37,"[0.4780366509520634, 0.3686118735311782]",1,-1
4236,[0.52795675 0.40532638],4,35,"[0.491626887866141, 0.45015531396212327]",1,-1
4237,[0.56728086 0.4459498 ],4,27,"[0.5866068271601823, 0.4386408725933068]",1,-1
4238,[0.57861692 0.42894428],4,27,"[0.5866068271601823, 0.4386408725933068]",1,-1
4239,[0.58788899 0.43833762],4,27,"[0.5866068271601823, 0.4386408725933068]",1,-1
4240,[0.49864662 0.43056029],4,35,"[0.491626887866141, 0.45015531396212327]",1,-1
4241,[0.46002854 0.43104201],4,35,"[0.491626887866141, 0.45015531396212327]",1,-1
4242,[0.49524204 0.36754886],4,37,"[0.4780366509520634, 0.3686118735311782]",1,-1
4243,[0.50419304 0.46976701],4,35,"[0.491626887866141, 0.45015531396212327]",1,-1
4244,[0.57149957 0.38197397],4,46,"[0.5877940429991866, 0.34550221910317963]",1,-1
4245,[0.54850289 0.36532367],4,46,"[0.5877940429991866, 0.34550221910317963]",1,-1
4246,[0.57612868 0.42840931],4,27,"[0.5866068271601823, 0.4386408725933068]",1,-1
4247,[0.58567039 0.32668927],4,46,"[0.5877940429991866, 0.34550221910317963]",1,-1
4248,[0.56200798 0.38114756],4,46,"[0.5877940429991866, 0.34550221910317963]",1,-1
4249,[0.55140444 0.39736869],4,27,"[0.5866068271601823, 0.4386408725933068]",1,-1
4250,[0.49345506 0.38959596],4,37,"[0.4780366509520634, 0.3686118735311782]",1,-1
4251,[0.57053024 0.46077303],4,27,"[0.5866068271601823, 0.4386408725933068]",1,-1
4252,[0.49768192 0.53056852],4,2,"[0.5181425386759565, 0.548951681512668]",1,-1
4253,[0.44427809 0.42868508],4,6,"[0.40123478470159024, 0.40656176249784554]",1,-1
4254,[0.55980173 0.49098577],4,27,"[0.5866068271601823, 0.4386408725933068]",1,-1
4255,[0.60532955 0.4531072 ],4,27,"[0.5866068271601823, 0.4386408725933068]",1,-1
4256,[0.4950222  0.49655713],4,35,"[0.491626887866141, 0.45015531396212327]",1,-1
4257,[0.4409765  0.42662116],4,6,"[0.40123478470159024, 0.40656176249784554]",1,-1
4258,[0.49905927 0.3401884 ],4,37,"[0.4780366509520634, 0.3686118735311782]",1,-1
4259,[0.55721203 0.35011041],4,46,"[0.5877940429991866, 0.34550221910317963]",1,-1
4260,[0.53379266 0.4702797 ],4,35,"[0.491626887866141, 0.45015531396212327]",1,-1
4261,[0.5468983  0.40352734],4,27,"[0.5866068271601823, 0.4386408725933068]",1,-1
4262,[0.58017041 0.41344149],4,27,"[0.5866068271601823, 0.4386408725933068]",1,-1
4263,[0.50099414 0.42196617],4,35,"[0.491626887866141, 0.45015531396212327]",1,-1
4264,[0.54164335 0.37025982],4,46,"[0.5877940429991866, 0.34550221910317963]",1,-1
4265,[0.51959997 0.31490747],4,37,"[0.4780366509520634, 0.3686118735311782]",1,-1
4266,[0.55977386 0.41499493],4,27,"[0.5866068271601823, 0.4386408725933068]",1,-1
4267,[0.49525945 0.44779089],4,35,"[0.491626887866141, 0.45015531396212327]",1,-1
4268,[0.47605023 0.48703467],4,35,"[0.491626887866141, 0.45015531396212327]",1,-1
4269,[0.45315114 0.36560358],4,37,"[0.4780366509520634, 0.3686118735311782]",1,-1
4270,[0.4978389  0.46630194],4,35,"[0.491626887866141, 0.45015531396212327]",1,-1
4271,[0.61594569 0.46451833],4,27,"[0.5866068271601823, 0.4386408725933068]",1,-1
4272,[0.54812394 0.41052256],4,27,"[0.5866068271601823, 0.4386408725933068]",1,-1
4273,[0.50109058 0.5044459 ],4,2,"[0.5181425386759565, 0.548951681512668]",1,-1
4274,[0.51751618 0.48648708],4,35,"[0.491626887866141, 0.45015531396212327]",1,-1
4275,[0.64508377 0.43723526],4,28,"[0.6409610568572724, 0.3943628717562158]",1,56
4276,[0.52044333 0.44159449],4,35,"[0.491626887866141, 0.45015531396212327]",1,-1
4277,[0.5330956  0.34401577],4,46,"[0.5877940429991866, 0.34550221910317963]",1,-1
4278,[0.54014844 0.3586943 ],4,46,"[0.5877940429991866, 0.34550221910317963]",1,-1
4279,[0.54226171 0.46174398],4,27,"[0.5866068271601823, 0.4386408725933068]",1,-1
4280,[0.54481103 0.4348763 ],4,27,"[0.5866068271601823, 0.4386408725933068]",1,-1
4281,[0.50518925 0.43461011],4,35,"[0.491626887866141, 0.45015531396212327]",1,8
4282,[0.48538553 0.42471172],4,35,"[0.491626887866141, 0.45015531396212327]",1,-1
4283,[0.53601352 0.32287148],4,46,"[0.5877940429991866, 0.34550221910317963]",1,-1
4284,[0.51986839 0.41557548],4,35,"[0.491626887866141, 0.45015531396212327]",1,8
4285,[0.55985096 0.41180085],4,27,"[0.5866068271601823, 0.4386408725933068]",1,-1
4286,[0.48052752 0.38013711],4,37,"[0.4780366509520634, 0.3686118735311782]",1,-1
4287,[0.60466963 0.33922522],4,46,"[0.5877940429991866, 0.34550221910317963]",1,-1
4288,[0.54864291 0.42196954],4,27,"[0.5866068271601823, 0.4386408725933068]",1,-1
4289,[0.63808273 0.38605449],4,28,"[0.6409610568572724, 0.3943628717562158]",1,-1
4290,[0.56048878 0.33601317],4,46,"[0.5877940429991866, 0.34550221910317963]",1,-1
4291,[0.54144035 0.54341113],4,2,"[0.5181425386759565, 0.548951681512668]",1,-1
4292,[0.49162824 0.39717508],4,37,"[0.4780366509520634, 0.3686118735311782]",1,-1
4293,[0.57632346 0.44264633],4,27,"[0.5866068271601823, 0.4386408725933068]",1,-1
4294,[0.63796093 0.38930987],4,28,"[0.6409610568572724, 0.3943628717562158]",1,-1
4295,[0.59993537 0.40667264],4,27,"[0.5866068271601823, 0.4386408725933068]",1,-1
4296,[0.50138375 0.37742227],4,37,"[0.4780366509520634, 0.3686118735311782]",1,-1
4297,[0.49925747 0.38523077],4,37,"[0.4780366509520634, 0.3686118735311782]",1,-1
4298,[0.49142461 0.35976973],4,37,"[0.4780366509520634, 0.3686118735311782]",1,-1
4299,[0.5540147  0.28977403],4,46,"[0.5877940429991866, 0.34550221910317963]",1,-1
4300,[0.54695374 0.41827983],4,27,"[0.5866068271601823, 0.4386408725933068]",1,-1
4301,[0.56148191 0.36789709],4,46,"[0.5877940429991866, 0.34550221910317963]",1,-1
4302,[0.55660979 0.40958643],4,27,"[0.5866068271601823, 0.4386408725933068]",1,-1
4303,[0.53490719 0.3833577 ],4,37,"[0.4780366509520634, 0.3686118735311782]",1,-1
4304,[0.50803233 0.39704082],4,37,"[0.4780366509520634, 0.3686118735311782]",1,-1
4305,[0.5847396  0.38858541],4,46,"[0.5877940429991866, 0.34550221910317963]",1,-1
4306,[0.59895164 0.37602823],4,46,"[0.5877940429991866, 0.34550221910317963]",1,-1
4307,[0.54102955 0.41886062],4,27,"[0.5866068271601823, 0.4386408725933068]",1,-1
4308,[0.53678604 0.37284294],4,46,"[0.5877940429991866, 0.34550221910317963]",1,-1
4309,[0.51196979 0.44396429],4,35,"[0.491626887866141, 0.45015531396212327]",1,-1
4310,[0.51499804 0.35063534],4,37,"[0.4780366509520634, 0.3686118735311782]",1,-1
4311,[0.54238821 0.46957759],4,27,"[0.5866068271601823, 0.4386408725933068]",1,-1
4312,[0.5525189  0.45969837],4,27,"[0.5866068271601823, 0.4386408725933068]",1,-1
4313,[0.57934682 0.42226539],4,27,"[0.5866068271601823, 0.4386408725933068]",1,-1
4314,[0.61700883 0.43975448],4,27,"[0.5866068271601823, 0.4386408725933068]",1,-1
4315,[0.61090281 0.53257568],4,10,"[0.6101257152780476, 0.5394800330734051]",1,-1
4316,[0.48932637 0.38449881],4,37,"[0.4780366509520634, 0.3686118735311782]",1,-1
4317,[0.54403333 0.45171584],4,27,"[0.5866068271601823, 0.4386408725933068]",1,-1
4318,[0.46731418 0.46066374],4,35,"[0.491626887866141, 0.45015531396212327]",1,-1
4319,[0.51571003 0.37891808],4,37,"[0.4780366509520634, 0.3686118735311782]",1,-1
4320,[0.61361243 0.39413578],4,28,"[0.6409610568572724, 0.3943628717562158]",1,-1
4321,[0.58963941 0.36015739],4,46,"[0.5877940429991866, 0.34550221910317963]",1,-1
4322,[0.56205205 0.42567909],4,27,"[0.5866068271601823, 0.4386408725933068]",1,-1
4323,[0.55535082 0.34542012],4,46,"[0.5877940429991866, 0.34550221910317963]",1,-1
4324,[0.50568939 0.35790289],4,37,"[0.4780366509520634, 0.3686118735311782]",1,-1
4325,[0.48407192 0.42138409],4,35,"[0.491626887866141, 0.45015531396212327]",1,-1
4326,[0.51264506 0.51764653],4,2,"[0.5181425386759565, 0.548951681512668]",1,-1
4327,[0.52308387 0.42333707],4,35,"[0.491626887866141, 0.45015531396212327]",1,8
4328,[0.51026706 0.44379568],4,35,"[0.491626887866141, 0.45015531396212327]",1,-1
4329,[0.6328845  0.41385496],4,28,"[0.6409610568572724, 0.3943628717562158]",1,-1
4330,[0.58861615 0.42559249],4,27,"[0.5866068271601823, 0.4386408725933068]",1,-1
4331,[0.5396035 0.4189648],4,27,"[0.5866068271601823, 0.4386408725933068]",1,-1
4332,[0.46804407 0.39246155],4,37,"[0.4780366509520634, 0.3686118735311782]",1,-1
4333,[0.5325783  0.43436375],4,35,"[0.491626887866141, 0.45015531396212327]",1,-1
4334,[0.54489662 0.41362462],4,27,"[0.5866068271601823, 0.4386408725933068]",1,-1
4335,[0.53103516 0.38391141],4,37,"[0.4780366509520634, 0.3686118735311782]",1,-1
4336,[0.47636499 0.39276325],4,37,"[0.4780366509520634, 0.3686118735311782]",1,-1
4337,[0.50446541 0.43668988],4,35,"[0.491626887866141, 0.45015531396212327]",1,8
4338,[0.49771153 0.42188112],4,35,"[0.491626887866141, 0.45015531396212327]",1,-1
4339,[0.48872748 0.45243374],4,35,"[0.491626887866141, 0.45015531396212327]",1,-1
4340,[0.51100324 0.4097259 ],4,35,"[0.491626887866141, 0.45015531396212327]",1,-1
4341,[0.58526642 0.37892391],4,46,"[0.5877940429991866, 0.34550221910317963]",1,-1
4342,[0.60836834 0.41202448],4,27,"[0.5866068271601823, 0.4386408725933068]",1,-1
4343,[0.54061689 0.46699553],4,35,"[0.491626887866141, 0.45015531396212327]",1,-1
4344,[0.5227133  0.50404517],4,2,"[0.5181425386759565, 0.548951681512668]",1,-1
4345,[0.61120511 0.44651686],4,27,"[0.5866068271601823, 0.4386408725933068]",1,-1
4346,[0.49101132 0.44171963],4,35,"[0.491626887866141, 0.45015531396212327]",1,-1
4347,[0.54761016 0.29190727],4,46,"[0.5877940429991866, 0.34550221910317963]",1,-1
4348,[0.52674909 0.49294016],4,35,"[0.491626887866141, 0.45015531396212327]",1,-1
4349,[0.4650041  0.40424537],4,37,"[0.4780366509520634, 0.3686118735311782]",1,-1
4350,[0.52647557 0.45517837],4,35,"[0.491626887866141, 0.45015531396212327]",1,-1
4351,[0.6478677  0.35490872],4,28,"[0.6409610568572724, 0.3943628717562158]",1,-1
4352,[0.55717887 0.38281141],4,46,"[0.5877940429991866, 0.34550221910317963]",1,-1
4353,[0.48233456 0.39497363],4,37,"[0.4780366509520634, 0.3686118735311782]",1,-1
4354,[0.49288022 0.40182289],4,37,"[0.4780366509520634, 0.3686118735311782]",1,-1
4355,[0.54092775 0.46162832],4,35,"[0.491626887866141, 0.45015531396212327]",1,-1
4356,[0.47623804 0.54177047],4,2,"[0.5181425386759565, 0.548951681512668]",1,-1
4357,[0.44684738 0.40968846],4,6,"[0.40123478470159024, 0.40656176249784554]",1,-1
4358,[0.49088731 0.4417333 ],4,35,"[0.491626887866141, 0.45015531396212327]",1,-1
4359,[0.52742638 0.43397564],4,35,"[0.491626887866141, 0.45015531396212327]",1,-1
4360,[0.54375538 0.40522488],4,27,"[0.5866068271601823, 0.4386408725933068]",1,-1
4361,[0.53549694 0.36210956],4,46,"[0.5877940429991866, 0.34550221910317963]",1,-1
4362,[0.52868408 0.35622805],4,37,"[0.4780366509520634, 0.3686118735311782]",1,-1
4363,[0.50070984 0.37724293],4,37,"[0.4780366509520634, 0.3686118735311782]",1,-1
4364,[0.55505291 0.40765136],4,27,"[0.5866068271601823, 0.4386408725933068]",1,-1
4365,[0.55417971 0.40068794],4,27,"[0.5866068271601823, 0.4386408725933068]",1,-1
4366,[0.48674639 0.39822727],4,37,"[0.4780366509520634, 0.3686118735311782]",1,-1
4367,[0.56784597 0.47824341],4,27,"[0.5866068271601823, 0.4386408725933068]",1,-1
4368,[0.54398197 0.33786879],4,46,"[0.5877940429991866, 0.34550221910317963]",1,-1
4369,[0.51218646 0.48509771],4,35,"[0.491626887866141, 0.45015531396212327]",1,-1
4370,[0.47580847 0.32614551],4,37,"[0.4780366509520634, 0.3686118735311782]",1,-1
4371,[0.51341489 0.4204061 ],4,35,"[0.491626887866141, 0.45015531396212327]",1,8
4372,[0.60183629 0.46360293],4,27,"[0.5866068271601823, 0.4386408725933068]",1,-1
4373,[0.48201552 0.46389985],4,35,"[0.491626887866141, 0.45015531396212327]",1,-1
4374,[0.48672485 0.3834098 ],4,37,"[0.4780366509520634, 0.3686118735311782]",1,-1
4375,[0.44623985 0.38918222],4,37,"[0.4780366509520634, 0.3686118735311782]",1,-1
4376,[0.52708095 0.35747835],4,37,"[0.4780366509520634, 0.3686118735311782]",1,-1
4377,[0.55377627 0.42543955],4,27,"[0.5866068271601823, 0.4386408725933068]",1,-1
4378,[0.55808727 0.45942825],4,27,"[0.5866068271601823, 0.4386408725933068]",1,-1
4379,[0.4866844 0.4430098],4,35,"[0.491626887866141, 0.45015531396212327]",1,-1
4380,[0.66236556 0.42312726],4,30,"[0.6934973256581222, 0.4131681772802667]",1,56
4381,[0.44474443 0.3891898 ],4,37,"[0.4780366509520634, 0.3686118735311782]",1,-1
4382,[0.5726187  0.37562704],4,46,"[0.5877940429991866, 0.34550221910317963]",1,-1
4383,[0.54214611 0.33169197],4,46,"[0.5877940429991866, 0.34550221910317963]",1,-1
4384,[0.51783408 0.32757076],4,37,"[0.4780366509520634, 0.3686118735311782]",1,-1
4385,[0.52000571 0.42171671],4,35,"[0.491626887866141, 0.45015531396212327]",1,8
4386,[0.59934827 0.42485131],4,27,"[0.5866068271601823, 0.4386408725933068]",1,-1
4387,[0.52499923 0.4708958 ],4,35,"[0.491626887866141, 0.45015531396212327]",1,-1
4388,[0.47971573 0.39823145],4,37,"[0.4780366509520634, 0.3686118735311782]",1,-1
4389,[0.50646635 0.39840878],4,37,"[0.4780366509520634, 0.3686118735311782]",1,-1
4390,[0.52240645 0.45421046],4,35,"[0.491626887866141, 0.45015531396212327]",1,-1
4391,[0.63265372 0.43219143],4,28,"[0.6409610568572724, 0.3943628717562158]",1,-1
4392,[0.51693731 0.43684055],4,35,"[0.491626887866141, 0.45015531396212327]",1,-1
4393,[0.63245418 0.37849977],4,28,"[0.6409610568572724, 0.3943628717562158]",1,-1
4394,[0.53258907 0.3329389 ],4,46,"[0.5877940429991866, 0.34550221910317963]",1,-1
4395,[0.54008761 0.36762409],4,46,"[0.5877940429991866, 0.34550221910317963]",1,-1
4396,[0.49314413 0.46408551],4,35,"[0.491626887866141, 0.45015531396212327]",1,-1
4397,[0.51101052 0.39832414],4,37,"[0.4780366509520634, 0.3686118735311782]",1,-1
4398,[0.64129901 0.34727775],4,28,"[0.6409610568572724, 0.3943628717562158]",1,-1
4399,[0.51915925 0.44733535],4,35,"[0.491626887866141, 0.45015531396212327]",1,-1
4400,[0.55662803 0.29438778],4,46,"[0.5877940429991866, 0.34550221910317963]",1,-1
4401,[0.65142915 0.42499186],4,28,"[0.6409610568572724, 0.3943628717562158]",1,-1
4402,[0.64753169 0.44501098],4,26,"[0.6734889003123068, 0.4756404454441684]",1,-1
4403,[0.52704683 0.38026084],4,37,"[0.4780366509520634, 0.3686118735311782]",1,-1
4404,[0.54114532 0.43326916],4,27,"[0.5866068271601823, 0.4386408725933068]",1,-1
4405,[0.49043841 0.46550531],4,35,"[0.491626887866141, 0.45015531396212327]",1,-1
4406,[0.47160614 0.43222151],4,35,"[0.491626887866141, 0.45015531396212327]",1,-1
4407,[0.57424052 0.38854047],4,46,"[0.5877940429991866, 0.34550221910317963]",1,-1
4408,[0.52364364 0.36331652],4,37,"[0.4780366509520634, 0.3686118735311782]",1,-1
4409,[0.56833883 0.35530574],4,46,"[0.5877940429991866, 0.34550221910317963]",1,-1
4410,[0.52608672 0.47610247],4,35,"[0.491626887866141, 0.45015531396212327]",1,-1
4411,[0.50483683 0.42186268],4,35,"[0.491626887866141, 0.45015531396212327]",1,8
4412,[0.51157803 0.45659566],4,35,"[0.491626887866141, 0.45015531396212327]",1,-1
4413,[0.61208147 0.44109661],4,27,"[0.5866068271601823, 0.4386408725933068]",1,-1
4414,[0.45246126 0.4164618 ],4,35,"[0.491626887866141, 0.45015531396212327]",1,-1
4415,[0.57735777 0.42598173],4,27,"[0.5866068271601823, 0.4386408725933068]",1,-1
4416,[0.57407953 0.37494229],4,46,"[0.5877940429991866, 0.34550221910317963]",1,-1
4417,[0.52487221 0.48720025],4,35,"[0.491626887866141, 0.45015531396212327]",1,-1
4418,[0.49733803 0.4324657 ],4,35,"[0.491626887866141, 0.45015531396212327]",1,-1
4419,[0.61607594 0.52558206],4,10,"[0.6101257152780476, 0.5394800330734051]",1,-1
4420,[0.44639775 0.44890631],4,35,"[0.491626887866141, 0.45015531396212327]",1,-1
4421,[0.59082387 0.43746824],4,27,"[0.5866068271601823, 0.4386408725933068]",1,-1
4422,[0.50731441 0.34854669],4,37,"[0.4780366509520634, 0.3686118735311782]",1,-1
4423,[0.54745545 0.3833758 ],4,46,"[0.5877940429991866, 0.34550221910317963]",1,-1
4424,[0.54683894 0.43926012],4,27,"[0.5866068271601823, 0.4386408725933068]",1,-1
4425,[0.39453991 0.34740389],4,4,"[0.3937233168939997, 0.29890402186269427]",1,71
4426,[0.47674985 0.39115722],4,37,"[0.4780366509520634, 0.3686118735311782]",1,-1
4427,[0.52306324 0.39487896],4,37,"[0.4780366509520634, 0.3686118735311782]",1,-1
4428,[0.55669688 0.33860226],4,46,"[0.5877940429991866, 0.34550221910317963]",1,-1
4429,[0.5425959  0.49020827],4,2,"[0.5181425386759565, 0.548951681512668]",1,-1
4430,[0.52123735 0.35842315],4,37,"[0.4780366509520634, 0.3686118735311782]",1,-1
4431,[0.60781588 0.5292079 ],4,10,"[0.6101257152780476, 0.5394800330734051]",1,-1
4432,[0.69035853 0.34396001],4,29,"[0.7250576817720672, 0.30126581813471415]",1,-1
4433,[0.51123339 0.34818299],4,37,"[0.4780366509520634, 0.3686118735311782]",1,-1
4434,[0.62398264 0.29885648],4,46,"[0.5877940429991866, 0.34550221910317963]",1,-1
4435,[0.48832531 0.40392958],4,37,"[0.4780366509520634, 0.3686118735311782]",1,8
4436,[0.55118925 0.4067764 ],4,27,"[0.5866068271601823, 0.4386408725933068]",1,-1
4437,[0.51604587 0.38760065],4,37,"[0.4780366509520634, 0.3686118735311782]",1,-1
4438,[0.57178622 0.34010451],4,46,"[0.5877940429991866, 0.34550221910317963]",1,-1
4439,[0.54189957 0.42152952],4,27,"[0.5866068271601823, 0.4386408725933068]",1,-1
4440,[0.52945902 0.38326398],4,37,"[0.4780366509520634, 0.3686118735311782]",1,-1
4441,[0.52229167 0.37498416],4,37,"[0.4780366509520634, 0.3686118735311782]",1,-1
4442,[0.55643765 0.40410953],4,27,"[0.5866068271601823, 0.4386408725933068]",1,-1
4443,[0.53624455 0.35781301],4,46,"[0.5877940429991866, 0.34550221910317963]",1,-1
4444,[0.55247649 0.4710139 ],4,27,"[0.5866068271601823, 0.4386408725933068]",1,-1
4445,[0.53779744 0.37627861],4,46,"[0.5877940429991866, 0.34550221910317963]",1,-1
4446,[0.54625793 0.39760665],4,27,"[0.5866068271601823, 0.4386408725933068]",1,-1
4447,[0.5783691  0.45262397],4,27,"[0.5866068271601823, 0.4386408725933068]",1,-1
4448,[0.56746213 0.49259143],4,27,"[0.5866068271601823, 0.4386408725933068]",1,-1
4449,[0.46913916 0.42245501],4,35,"[0.491626887866141, 0.45015531396212327]",1,-1
4450,[0.48317529 0.43624675],4,35,"[0.491626887866141, 0.45015531396212327]",1,-1
4451,[0.48853926 0.39532983],4,37,"[0.4780366509520634, 0.3686118735311782]",1,-1
4452,[0.51761658 0.42265795],4,35,"[0.491626887866141, 0.45015531396212327]",1,8
4453,[0.52242305 0.38194852],4,37,"[0.4780366509520634, 0.3686118735311782]",1,-1
4454,[0.59067211 0.48290478],4,27,"[0.5866068271601823, 0.4386408725933068]",1,-1
4455,[0.52328462 0.37663077],4,37,"[0.4780366509520634, 0.3686118735311782]",1,-1
4456,[0.48371105 0.45374296],4,35,"[0.491626887866141, 0.45015531396212327]",1,-1
4457,[0.60735454 0.44083771],4,27,"[0.5866068271601823, 0.4386408725933068]",1,-1
4458,[0.52320067 0.44047346],4,35,"[0.491626887866141, 0.45015531396212327]",1,-1
4459,[0.50707683 0.37915329],4,37,"[0.4780366509520634, 0.3686118735311782]",1,-1
4460,[0.48366695 0.40918377],4,37,"[0.4780366509520634, 0.3686118735311782]",1,-1
4461,[0.51922745 0.41223535],4,35,"[0.491626887866141, 0.45015531396212327]",1,8
4462,[0.51444069 0.40704385],4,35,"[0.491626887866141, 0.45015531396212327]",1,-1
4463,[0.54991004 0.44039229],4,27,"[0.5866068271601823, 0.4386408725933068]",1,-1
4464,[0.57873017 0.34606152],4,46,"[0.5877940429991866, 0.34550221910317963]",1,-1
4465,[0.52106625 0.38791235],4,37,"[0.4780366509520634, 0.3686118735311782]",1,-1
4466,[0.50453652 0.45588176],4,35,"[0.491626887866141, 0.45015531396212327]",1,-1
4467,[0.56079051 0.45142858],4,27,"[0.5866068271601823, 0.4386408725933068]",1,-1
4468,[0.53059202 0.4046674 ],4,35,"[0.491626887866141, 0.45015531396212327]",1,-1
4469,[0.43040937 0.44234011],4,6,"[0.40123478470159024, 0.40656176249784554]",1,-1
4470,[0.6105342  0.41831605],4,27,"[0.5866068271601823, 0.4386408725933068]",1,-1
4471,[0.56616404 0.39301688],4,27,"[0.5866068271601823, 0.4386408725933068]",1,-1
4472,[0.53569886 0.43840604],4,35,"[0.491626887866141, 0.45015531396212327]",1,-1
4473,[0.60443909 0.4282488 ],4,27,"[0.5866068271601823, 0.4386408725933068]",1,-1
4474,[0.51983417 0.38872365],4,37,"[0.4780366509520634, 0.3686118735311782]",1,-1
4475,[0.63642711 0.4485499 ],4,26,"[0.6734889003123068, 0.4756404454441684]",1,-1
4476,[0.55015925 0.4766689 ],4,27,"[0.5866068271601823, 0.4386408725933068]",1,-1
4477,[0.56730565 0.4906114 ],4,27,"[0.5866068271601823, 0.4386408725933068]",1,-1
4478,[0.56223442 0.30201963],4,46,"[0.5877940429991866, 0.34550221910317963]",1,-1
4479,[0.56541736 0.4376751 ],4,27,"[0.5866068271601823, 0.4386408725933068]",1,-1
4480,[0.603986   0.43875085],4,27,"[0.5866068271601823, 0.4386408725933068]",1,-1
4481,[0.53594621 0.43220628],4,35,"[0.491626887866141, 0.45015531396212327]",1,-1
4482,[0.59231963 0.38950938],4,46,"[0.5877940429991866, 0.34550221910317963]",1,-1
4483,[0.50570656 0.40602958],4,35,"[0.491626887866141, 0.45015531396212327]",1,-1
4484,[0.56226526 0.34283953],4,46,"[0.5877940429991866, 0.34550221910317963]",1,-1
4485,[0.49652525 0.42443124],4,35,"[0.491626887866141, 0.45015531396212327]",1,8
4486,[0.62449924 0.42337449],4,28,"[0.6409610568572724, 0.3943628717562158]",1,-1
4487,[0.54201729 0.44336454],4,27,"[0.5866068271601823, 0.4386408725933068]",1,-1
4488,[0.52282028 0.41690802],4,35,"[0.491626887866141, 0.45015531396212327]",1,8
4489,[0.43138277 0.34979486],4,37,"[0.4780366509520634, 0.3686118735311782]",1,-1
4490,[0.58391627 0.35069983],4,46,"[0.5877940429991866, 0.34550221910317963]",1,-1
4491,[0.59188416 0.46779476],4,27,"[0.5866068271601823, 0.4386408725933068]",1,-1
4492,[0.56222664 0.42915682],4,27,"[0.5866068271601823, 0.4386408725933068]",1,-1
4493,[0.54529435 0.35733533],4,46,"[0.5877940429991866, 0.34550221910317963]",1,-1
4494,[0.60167403 0.29917482],4,46,"[0.5877940429991866, 0.34550221910317963]",1,-1
4495,[0.51300624 0.30844776],4,37,"[0.4780366509520634, 0.3686118735311782]",1,-1
4496,[0.59434871 0.39343293],4,27,"[0.5866068271601823, 0.4386408725933068]",1,-1
4497,[0.50219752 0.44904042],4,35,"[0.491626887866141, 0.45015531396212327]",1,-1
4498,[0.54127291 0.29174674],4,-1,-1,1,-1
4499,[0.52177449 0.45693788],4,35,"[0.491626887866141, 0.45015531396212327]",1,-1
4500,[0.48086124 0.36003147],4,37,"[0.4780366509520634, 0.3686118735311782]",1,-1
4501,[0.55943884 0.46073322],4,27,"[0.5866068271601823, 0.4386408725933068]",1,-1
4502,[0.54462061 0.46468271],4,27,"[0.5866068271601823, 0.4386408725933068]",1,-1
4503,[0.57486451 0.41365816],4,27,"[0.5866068271601823, 0.4386408725933068]",1,-1
4504,[0.55808822 0.41052729],4,27,"[0.5866068271601823, 0.4386408725933068]",1,-1
4505,[0.54256119 0.43263961],4,27,"[0.5866068271601823, 0.4386408725933068]",1,-1
4506,[0.45792501 0.46393013],4,35,"[0.491626887866141, 0.45015531396212327]",1,-1
4507,[0.57537985 0.44770986],4,27,"[0.5866068271601823, 0.4386408725933068]",1,-1
4508,[0.5613684 0.4517728],4,27,"[0.5866068271601823, 0.4386408725933068]",1,-1
4509,[0.58482442 0.47039323],4,27,"[0.5866068271601823, 0.4386408725933068]",1,-1
4510,[0.52585126 0.48675326],4,35,"[0.491626887866141, 0.45015531396212327]",1,-1
4511,[0.59655942 0.493405  ],4,10,"[0.6101257152780476, 0.5394800330734051]",1,-1
4512,[0.51084046 0.44668502],4,35,"[0.491626887866141, 0.45015531396212327]",1,-1
4513,[0.57980511 0.36311702],4,46,"[0.5877940429991866, 0.34550221910317963]",1,-1
4514,[0.52282576 0.3595933 ],4,37,"[0.4780366509520634, 0.3686118735311782]",1,-1
4515,[0.52102721 0.38196997],4,37,"[0.4780366509520634, 0.3686118735311782]",1,-1
4516,[0.49298741 0.46189341],4,35,"[0.491626887866141, 0.45015531396212327]",1,-1
4517,[0.44477655 0.49180789],4,18,"[0.4203234088660354, 0.508036417947434]",1,-1
4518,[0.52203566 0.35063629],4,37,"[0.4780366509520634, 0.3686118735311782]",1,-1
4519,[0.58505855 0.28526002],4,46,"[0.5877940429991866, 0.34550221910317963]",1,-1
4520,[0.52451756 0.37762976],4,37,"[0.4780366509520634, 0.3686118735311782]",1,-1
4521,[0.61179729 0.40959529],4,28,"[0.6409610568572724, 0.3943628717562158]",1,-1
4522,[0.5476772  0.40839936],4,27,"[0.5866068271601823, 0.4386408725933068]",1,-1
4523,[0.49404459 0.40304425],4,37,"[0.4780366509520634, 0.3686118735311782]",1,-1
4524,[0.46610778 0.45225932],4,35,"[0.491626887866141, 0.45015531396212327]",1,-1
4525,[0.62068398 0.44777732],4,27,"[0.5866068271601823, 0.4386408725933068]",1,-1
4526,[0.60635747 0.37534309],4,46,"[0.5877940429991866, 0.34550221910317963]",1,-1
4527,[0.59896687 0.46621714],4,27,"[0.5866068271601823, 0.4386408725933068]",1,-1
4528,[0.51110381 0.40340086],4,37,"[0.4780366509520634, 0.3686118735311782]",1,-1
4529,[0.57914575 0.41755798],4,27,"[0.5866068271601823, 0.4386408725933068]",1,-1
4530,[0.64495104 0.37547986],4,28,"[0.6409610568572724, 0.3943628717562158]",1,-1
4531,[0.5471761  0.43098617],4,27,"[0.5866068271601823, 0.4386408725933068]",1,-1
4532,[0.57866805 0.48570059],4,27,"[0.5866068271601823, 0.4386408725933068]",1,-1
4533,[0.5634697  0.39253867],4,27,"[0.5866068271601823, 0.4386408725933068]",1,-1
4534,[0.61639894 0.42211568],4,27,"[0.5866068271601823, 0.4386408725933068]",1,-1
4535,[0.55310145 0.44793621],4,27,"[0.5866068271601823, 0.4386408725933068]",1,-1
4536,[0.47868734 0.39509376],4,37,"[0.4780366509520634, 0.3686118735311782]",1,-1
4537,[0.60475591 0.46140366],4,27,"[0.5866068271601823, 0.4386408725933068]",1,-1
4538,[0.44728465 0.42600209],4,6,"[0.40123478470159024, 0.40656176249784554]",1,-1
4539,[0.46040986 0.39470588],4,37,"[0.4780366509520634, 0.3686118735311782]",1,-1
4540,[0.46753836 0.42657529],4,35,"[0.491626887866141, 0.45015531396212327]",1,-1
4541,[0.50675562 0.41101857],4,35,"[0.491626887866141, 0.45015531396212327]",1,-1
4542,[0.56807735 0.42111497],4,27,"[0.5866068271601823, 0.4386408725933068]",1,-1
4543,[0.58431098 0.51488318],4,10,"[0.6101257152780476, 0.5394800330734051]",1,-1
4544,[0.59214318 0.35226793],4,46,"[0.5877940429991866, 0.34550221910317963]",1,-1
4545,[0.58113832 0.41360299],4,27,"[0.5866068271601823, 0.4386408725933068]",1,-1
4546,[0.51847577 0.40650905],4,35,"[0.491626887866141, 0.45015531396212327]",1,-1
4547,[0.52841682 0.39405685],4,37,"[0.4780366509520634, 0.3686118735311782]",1,-1
4548,[0.47094676 0.41091822],4,37,"[0.4780366509520634, 0.3686118735311782]",1,-1
4549,[0.48829202 0.39089832],4,37,"[0.4780366509520634, 0.3686118735311782]",1,-1
4550,[0.61004092 0.39681331],4,28,"[0.6409610568572724, 0.3943628717562158]",1,-1
4551,[0.50245669 0.3958785 ],4,37,"[0.4780366509520634, 0.3686118735311782]",1,-1
4552,[0.59906367 0.3657824 ],4,46,"[0.5877940429991866, 0.34550221910317963]",1,-1
4553,[0.49670428 0.42697382],4,35,"[0.491626887866141, 0.45015531396212327]",1,-1
4554,[0.46392354 0.28893482],4,-1,-1,1,-1
4555,[0.46808568 0.41462558],4,35,"[0.491626887866141, 0.45015531396212327]",1,-1
4556,[0.61071144 0.34019696],4,46,"[0.5877940429991866, 0.34550221910317963]",1,-1
4557,[0.48016713 0.31111754],4,37,"[0.4780366509520634, 0.3686118735311782]",1,-1
4558,[0.56535126 0.38667636],4,46,"[0.5877940429991866, 0.34550221910317963]",1,-1
4559,[0.55046378 0.48960059],4,27,"[0.5866068271601823, 0.4386408725933068]",1,-1
4560,[0.56008574 0.43053115],4,27,"[0.5866068271601823, 0.4386408725933068]",1,-1
4561,[0.62701784 0.38726052],4,28,"[0.6409610568572724, 0.3943628717562158]",1,-1
4562,[0.52287342 0.44957379],4,35,"[0.491626887866141, 0.45015531396212327]",1,-1
4563,[0.53122908 0.42806662],4,35,"[0.491626887866141, 0.45015531396212327]",1,-1
4564,[0.62944403 0.45871943],4,26,"[0.6734889003123068, 0.4756404454441684]",1,-1
4565,[0.50879659 0.42235854],4,35,"[0.491626887866141, 0.45015531396212327]",1,8
4566,[0.48857167 0.44139783],4,35,"[0.491626887866141, 0.45015531396212327]",1,-1
4567,[0.44264092 0.33893335],4,37,"[0.4780366509520634, 0.3686118735311782]",1,-1
4568,[0.55315853 0.39914719],4,27,"[0.5866068271601823, 0.4386408725933068]",1,-1
4569,[0.47969377 0.46387987],4,35,"[0.491626887866141, 0.45015531396212327]",1,-1
4570,[0.44233107 0.42217038],4,6,"[0.40123478470159024, 0.40656176249784554]",1,-1
4571,[0.51471992 0.37494143],4,37,"[0.4780366509520634, 0.3686118735311782]",1,-1
4572,[0.62315909 0.31646384],4,46,"[0.5877940429991866, 0.34550221910317963]",1,-1
4573,[0.53728118 0.36398956],4,46,"[0.5877940429991866, 0.34550221910317963]",1,-1
4574,[0.55253021 0.41556214],4,27,"[0.5866068271601823, 0.4386408725933068]",1,-1
4575,[0.55831395 0.414176  ],4,27,"[0.5866068271601823, 0.4386408725933068]",1,-1
4576,[0.54406284 0.42783634],4,27,"[0.5866068271601823, 0.4386408725933068]",1,-1
4577,[0.53222129 0.36582395],4,37,"[0.4780366509520634, 0.3686118735311782]",1,-1
4578,[0.55298847 0.44507134],4,27,"[0.5866068271601823, 0.4386408725933068]",1,-1
4579,[0.48455062 0.30471545],4,37,"[0.4780366509520634, 0.3686118735311782]",1,-1
4580,[0.53887418 0.43774206],4,27,"[0.5866068271601823, 0.4386408725933068]",1,-1
4581,[0.55321312 0.41958511],4,27,"[0.5866068271601823, 0.4386408725933068]",1,-1
4582,[0.50715535 0.35196409],4,37,"[0.4780366509520634, 0.3686118735311782]",1,-1
4583,[0.56236129 0.39730657],4,27,"[0.5866068271601823, 0.4386408725933068]",1,-1
4584,[0.49942445 0.42594441],4,35,"[0.491626887866141, 0.45015531396212327]",1,-1
4585,[0.56163698 0.44085145],4,27,"[0.5866068271601823, 0.4386408725933068]",1,-1
4586,[0.52243908 0.40711514],4,35,"[0.491626887866141, 0.45015531396212327]",1,-1
4587,[0.65082378 0.39925624],4,28,"[0.6409610568572724, 0.3943628717562158]",1,57
4588,[0.50658842 0.35227568],4,37,"[0.4780366509520634, 0.3686118735311782]",1,-1
4589,[0.58224945 0.37216474],4,46,"[0.5877940429991866, 0.34550221910317963]",1,-1
4590,[0.50827284 0.50692368],4,2,"[0.5181425386759565, 0.548951681512668]",1,-1
4591,[0.44746475 0.41921832],4,6,"[0.40123478470159024, 0.40656176249784554]",1,-1
4592,[0.51587038 0.4277257 ],4,35,"[0.491626887866141, 0.45015531396212327]",1,8
4593,[0.52068596 0.43326059],4,35,"[0.491626887866141, 0.45015531396212327]",1,-1
4594,[0.50251518 0.44087901],4,35,"[0.491626887866141, 0.45015531396212327]",1,8
4595,[0.59201182 0.43908399],4,27,"[0.5866068271601823, 0.4386408725933068]",1,-1
4596,[0.59895369 0.41764155],4,27,"[0.5866068271601823, 0.4386408725933068]",1,-1
4597,[0.48214721 0.37878967],4,37,"[0.4780366509520634, 0.3686118735311782]",1,-1
4598,[0.52152144 0.37979986],4,37,"[0.4780366509520634, 0.3686118735311782]",1,-1
4599,[0.5407205  0.32858047],4,46,"[0.5877940429991866, 0.34550221910317963]",1,-1
4600,[0.5884507  0.32037774],4,46,"[0.5877940429991866, 0.34550221910317963]",1,-1
4601,[0.48502781 0.40734772],4,37,"[0.4780366509520634, 0.3686118735311782]",1,-1
4602,[0.53512034 0.33549406],4,46,"[0.5877940429991866, 0.34550221910317963]",1,-1
4603,[0.52179594 0.4192012 ],4,35,"[0.491626887866141, 0.45015531396212327]",1,8
4604,[0.6089738 0.454496 ],4,27,"[0.5866068271601823, 0.4386408725933068]",1,-1
4605,[0.52858411 0.445379  ],4,35,"[0.491626887866141, 0.45015531396212327]",1,-1
4606,[0.57434995 0.34577086],4,46,"[0.5877940429991866, 0.34550221910317963]",1,-1
4607,[0.52084431 0.3273632 ],4,37,"[0.4780366509520634, 0.3686118735311782]",1,-1
4608,[0.55991555 0.41818473],4,27,"[0.5866068271601823, 0.4386408725933068]",1,-1
4609,[0.52402082 0.38633941],4,37,"[0.4780366509520634, 0.3686118735311782]",1,-1
4610,[0.52387759 0.46496397],4,35,"[0.491626887866141, 0.45015531396212327]",1,-1
4611,[0.45108691 0.39775872],4,37,"[0.4780366509520634, 0.3686118735311782]",1,-1
4612,[0.53481215 0.44900409],4,35,"[0.491626887866141, 0.45015531396212327]",1,-1
4613,[0.51796607 0.40749472],4,35,"[0.491626887866141, 0.45015531396212327]",1,-1
4614,[0.56435706 0.46007532],4,27,"[0.5866068271601823, 0.4386408725933068]",1,-1
4615,[0.51797256 0.41536264],4,35,"[0.491626887866141, 0.45015531396212327]",1,8
4616,[0.57500948 0.37348656],4,46,"[0.5877940429991866, 0.34550221910317963]",1,-1
4617,[0.52171039 0.41630027],4,35,"[0.491626887866141, 0.45015531396212327]",1,8
4618,[0.47293144 0.47827892],4,35,"[0.491626887866141, 0.45015531396212327]",1,-1
4619,[0.56925092 0.51016117],4,10,"[0.6101257152780476, 0.5394800330734051]",1,-1
4620,[0.51543381 0.29223821],4,-1,-1,1,-1
4621,[0.55419754 0.35143574],4,46,"[0.5877940429991866, 0.34550221910317963]",1,-1
4622,[0.55232162 0.44003595],4,27,"[0.5866068271601823, 0.4386408725933068]",1,-1
4623,[0.50184902 0.35373422],4,37,"[0.4780366509520634, 0.3686118735311782]",1,-1
4624,[0.53544039 0.42211375],4,35,"[0.491626887866141, 0.45015531396212327]",1,-1
4625,[0.52281254 0.44951635],4,35,"[0.491626887866141, 0.45015531396212327]",1,-1
4626,[0.43651322 0.4579016 ],4,18,"[0.4203234088660354, 0.508036417947434]",1,-1
4627,[0.56308351 0.44609693],4,27,"[0.5866068271601823, 0.4386408725933068]",1,-1
4628,[0.61762594 0.38573873],4,28,"[0.6409610568572724, 0.3943628717562158]",1,-1
4629,[0.53208124 0.33939502],4,46,"[0.5877940429991866, 0.34550221910317963]",1,-1
4630,[0.53631679 0.40720832],4,27,"[0.5866068271601823, 0.4386408725933068]",1,-1
4631,[0.58932832 0.42456953],4,27,"[0.5866068271601823, 0.4386408725933068]",1,-1
4632,[0.56728641 0.38833909],4,46,"[0.5877940429991866, 0.34550221910317963]",1,-1
4633,[0.56445131 0.42917275],4,27,"[0.5866068271601823, 0.4386408725933068]",1,-1
4634,[0.50916812 0.43621657],4,35,"[0.491626887866141, 0.45015531396212327]",1,8
4635,[0.55662055 0.39100222],4,46,"[0.5877940429991866, 0.34550221910317963]",1,-1
4636,[0.5862632  0.37572321],4,46,"[0.5877940429991866, 0.34550221910317963]",1,-1
4637,[0.46884459 0.45627041],4,35,"[0.491626887866141, 0.45015531396212327]",1,-1
4638,[0.4973313  0.38281531],4,37,"[0.4780366509520634, 0.3686118735311782]",1,-1
4639,[0.50500361 0.39980475],4,37,"[0.4780366509520634, 0.3686118735311782]",1,-1
4640,[0.45230024 0.48720061],4,18,"[0.4203234088660354, 0.508036417947434]",1,-1
4641,[0.57539064 0.32170074],4,46,"[0.5877940429991866, 0.34550221910317963]",1,-1
4642,[0.4923128 0.3585876],4,37,"[0.4780366509520634, 0.3686118735311782]",1,-1
4643,[0.59320589 0.47467845],4,27,"[0.5866068271601823, 0.4386408725933068]",1,-1
4644,[0.49198611 0.49633768],4,35,"[0.491626887866141, 0.45015531396212327]",1,-1
4645,[0.56159375 0.44002666],4,27,"[0.5866068271601823, 0.4386408725933068]",1,-1
4646,[0.58858881 0.42671539],4,27,"[0.5866068271601823, 0.4386408725933068]",1,-1
4647,[0.62365246 0.46289055],4,27,"[0.5866068271601823, 0.4386408725933068]",1,-1
4648,[0.5609596  0.42539933],4,27,"[0.5866068271601823, 0.4386408725933068]",1,-1
4649,[0.58376581 0.42452004],4,27,"[0.5866068271601823, 0.4386408725933068]",1,-1
4650,[0.54606278 0.5062029 ],4,2,"[0.5181425386759565, 0.548951681512668]",1,-1
4651,[0.47873018 0.43845735],4,35,"[0.491626887866141, 0.45015531396212327]",1,-1
4652,[0.55761164 0.37054339],4,46,"[0.5877940429991866, 0.34550221910317963]",1,-1
4653,[0.49821657 0.43606494],4,35,"[0.491626887866141, 0.45015531396212327]",1,-1
4654,[0.5228058  0.38648797],4,37,"[0.4780366509520634, 0.3686118735311782]",1,-1
4655,[0.61227509 0.50864785],4,10,"[0.6101257152780476, 0.5394800330734051]",1,-1
4656,[0.57688332 0.51399639],4,10,"[0.6101257152780476, 0.5394800330734051]",1,-1
4657,[0.55828934 0.47294365],4,27,"[0.5866068271601823, 0.4386408725933068]",1,-1
4658,[0.5508622  0.43173692],4,27,"[0.5866068271601823, 0.4386408725933068]",1,-1
4659,[0.54226697 0.41008002],4,27,"[0.5866068271601823, 0.4386408725933068]",1,-1
4660,[0.45056627 0.37686052],4,37,"[0.4780366509520634, 0.3686118735311782]",1,-1
4661,[0.46627967 0.45503862],4,35,"[0.491626887866141, 0.45015531396212327]",1,-1
4662,[0.58694757 0.51393541],4,10,"[0.6101257152780476, 0.5394800330734051]",1,-1
4663,[0.59836255 0.41839282],4,27,"[0.5866068271601823, 0.4386408725933068]",1,-1
4664,[0.59782278 0.4905735 ],4,10,"[0.6101257152780476, 0.5394800330734051]",1,-1
4665,[0.51855574 0.40060206],4,37,"[0.4780366509520634, 0.3686118735311782]",1,-1
4666,[0.55986335 0.41385165],4,27,"[0.5866068271601823, 0.4386408725933068]",1,-1
4667,[0.58306996 0.33675828],4,46,"[0.5877940429991866, 0.34550221910317963]",1,-1
4668,[0.54183377 0.33067272],4,46,"[0.5877940429991866, 0.34550221910317963]",1,-1
4669,[0.4942817  0.38861005],4,37,"[0.4780366509520634, 0.3686118735311782]",1,-1
4670,[0.56879487 0.40532128],4,27,"[0.5866068271601823, 0.4386408725933068]",1,-1
4671,[0.55061474 0.44290557],4,27,"[0.5866068271601823, 0.4386408725933068]",1,-1
4672,[0.60395772 0.44426144],4,27,"[0.5866068271601823, 0.4386408725933068]",1,-1
4673,[0.55317365 0.45303904],4,27,"[0.5866068271601823, 0.4386408725933068]",1,-1
4674,[0.50342267 0.45841441],4,35,"[0.491626887866141, 0.45015531396212327]",1,-1
4675,[0.5992288  0.42517219],4,27,"[0.5866068271601823, 0.4386408725933068]",1,-1
4676,[0.53019281 0.42704752],4,35,"[0.491626887866141, 0.45015531396212327]",1,-1
4677,[0.55541687 0.43235313],4,27,"[0.5866068271601823, 0.4386408725933068]",1,-1
4678,[0.54874351 0.35126035],4,46,"[0.5877940429991866, 0.34550221910317963]",1,-1
4679,[0.5584358  0.36538905],4,46,"[0.5877940429991866, 0.34550221910317963]",1,-1
4680,[0.52449032 0.42665968],4,35,"[0.491626887866141, 0.45015531396212327]",1,8
4681,[0.60021554 0.31220936],4,46,"[0.5877940429991866, 0.34550221910317963]",1,-1
4682,[0.58136033 0.32719908],4,46,"[0.5877940429991866, 0.34550221910317963]",1,-1
4683,[0.51159428 0.43494945],4,35,"[0.491626887866141, 0.45015531396212327]",1,8
4684,[0.5425777  0.39442415],4,27,"[0.5866068271601823, 0.4386408725933068]",1,-1
4685,[0.4979363  0.47351217],4,35,"[0.491626887866141, 0.45015531396212327]",1,-1
4686,[0.58289022 0.4442172 ],4,27,"[0.5866068271601823, 0.4386408725933068]",1,-1
4687,[0.50804991 0.38001871],4,37,"[0.4780366509520634, 0.3686118735311782]",1,-1
4688,[0.56477729 0.34800996],4,46,"[0.5877940429991866, 0.34550221910317963]",1,-1
4689,[0.4433509 0.3580239],4,37,"[0.4780366509520634, 0.3686118735311782]",1,-1
4690,[0.51467666 0.39741128],4,37,"[0.4780366509520634, 0.3686118735311782]",1,-1
4691,[0.54637515 0.36227631],4,46,"[0.5877940429991866, 0.34550221910317963]",1,-1
4692,[0.4975575  0.39151883],4,37,"[0.4780366509520634, 0.3686118735311782]",1,-1
4693,[0.63453611 0.40075856],4,28,"[0.6409610568572724, 0.3943628717562158]",1,-1
4694,[0.57741489 0.45184973],4,27,"[0.5866068271601823, 0.4386408725933068]",1,-1
4695,[0.50636031 0.42270539],4,35,"[0.491626887866141, 0.45015531396212327]",1,8
4696,[0.4772553 0.4007365],4,37,"[0.4780366509520634, 0.3686118735311782]",1,-1
4697,[0.58095696 0.43539146],4,27,"[0.5866068271601823, 0.4386408725933068]",1,-1
4698,[0.60603108 0.35740548],4,46,"[0.5877940429991866, 0.34550221910317963]",1,-1
4699,[0.57438354 0.42817595],4,27,"[0.5866068271601823, 0.4386408725933068]",1,-1
4700,[0.51704134 0.41524829],4,35,"[0.491626887866141, 0.45015531396212327]",1,8
4701,[0.52380977 0.46744228],4,35,"[0.491626887866141, 0.45015531396212327]",1,-1
4702,[0.63522412 0.4197727 ],4,28,"[0.6409610568572724, 0.3943628717562158]",1,57
4703,[0.4998378  0.41504342],4,35,"[0.491626887866141, 0.45015531396212327]",1,-1
4704,[0.56165845 0.3489358 ],4,46,"[0.5877940429991866, 0.34550221910317963]",1,-1
4705,[0.61604281 0.41915451],4,28,"[0.6409610568572724, 0.3943628717562158]",1,-1
4706,[0.54784631 0.35969328],4,46,"[0.5877940429991866, 0.34550221910317963]",1,-1
4707,[0.51807941 0.4719983 ],4,35,"[0.491626887866141, 0.45015531396212327]",1,-1
4708,[0.60889027 0.44022998],4,27,"[0.5866068271601823, 0.4386408725933068]",1,-1
4709,[0.54477866 0.40977436],4,27,"[0.5866068271601823, 0.4386408725933068]",1,-1
4710,[0.51627368 0.45733941],4,35,"[0.491626887866141, 0.45015531396212327]",1,-1
4711,[0.49977881 0.41618365],4,35,"[0.491626887866141, 0.45015531396212327]",1,-1
4712,[0.45200442 0.40676011],4,37,"[0.4780366509520634, 0.3686118735311782]",1,-1
4713,[0.59993801 0.40367918],4,27,"[0.5866068271601823, 0.4386408725933068]",1,-1
4714,[0.58128481 0.31804026],4,46,"[0.5877940429991866, 0.34550221910317963]",1,-1
4715,[0.54341009 0.43252287],4,27,"[0.5866068271601823, 0.4386408725933068]",1,-1
4716,[0.51218882 0.4270793 ],4,35,"[0.491626887866141, 0.45015531396212327]",1,8
4717,[0.59579446 0.47284886],4,27,"[0.5866068271601823, 0.4386408725933068]",1,-1
4718,[0.54609769 0.43342643],4,27,"[0.5866068271601823, 0.4386408725933068]",1,-1
4719,[0.58726675 0.47328898],4,27,"[0.5866068271601823, 0.4386408725933068]",1,-1
4720,[0.50698302 0.40359398],4,37,"[0.4780366509520634, 0.3686118735311782]",1,-1
4721,[0.54138236 0.4687973 ],4,35,"[0.491626887866141, 0.45015531396212327]",1,-1
4722,[0.51599222 0.43410561],4,35,"[0.491626887866141, 0.45015531396212327]",1,-1
4723,[0.53642562 0.44557451],4,35,"[0.491626887866141, 0.45015531396212327]",1,-1
4724,[0.60122385 0.49164099],4,10,"[0.6101257152780476, 0.5394800330734051]",1,-1
4725,[0.5375765  0.33972532],4,46,"[0.5877940429991866, 0.34550221910317963]",1,-1
4726,[0.60453591 0.40754769],4,27,"[0.5866068271601823, 0.4386408725933068]",1,-1
4727,[0.61346187 0.48455394],4,27,"[0.5866068271601823, 0.4386408725933068]",1,34
4728,[0.59141151 0.42567722],4,27,"[0.5866068271601823, 0.4386408725933068]",1,-1
4729,[0.52080564 0.41065561],4,35,"[0.491626887866141, 0.45015531396212327]",1,8
4730,[0.50958312 0.42785433],4,35,"[0.491626887866141, 0.45015531396212327]",1,8
4731,[0.51204991 0.41823371],4,35,"[0.491626887866141, 0.45015531396212327]",1,8
4732,[0.49732799 0.37788095],4,37,"[0.4780366509520634, 0.3686118735311782]",1,-1
4733,[0.52583319 0.44083672],4,35,"[0.491626887866141, 0.45015531396212327]",1,-1
4734,[0.49774029 0.36413673],4,37,"[0.4780366509520634, 0.3686118735311782]",1,-1
4735,[0.56149522 0.42294031],4,27,"[0.5866068271601823, 0.4386408725933068]",1,-1
4736,[0.5169826 0.3113608],4,37,"[0.4780366509520634, 0.3686118735311782]",1,-1
4737,[0.45724307 0.46161776],4,35,"[0.491626887866141, 0.45015531396212327]",1,-1
4738,[0.47190369 0.43183395],4,35,"[0.491626887866141, 0.45015531396212327]",1,-1
4739,[0.54125643 0.38457949],4,46,"[0.5877940429991866, 0.34550221910317963]",1,-1
4740,[0.51962764 0.35972242],4,37,"[0.4780366509520634, 0.3686118735311782]",1,-1
4741,[0.55283365 0.46434917],4,27,"[0.5866068271601823, 0.4386408725933068]",1,-1
4742,[0.53071774 0.46540628],4,35,"[0.491626887866141, 0.45015531396212327]",1,-1
4743,[0.58236519 0.38061327],4,46,"[0.5877940429991866, 0.34550221910317963]",1,-1
4744,[0.48445958 0.44755137],4,35,"[0.491626887866141, 0.45015531396212327]",1,-1
4745,[0.52445787 0.45090388],4,35,"[0.491626887866141, 0.45015531396212327]",1,-1
4746,[0.52594421 0.38172076],4,37,"[0.4780366509520634, 0.3686118735311782]",1,-1
4747,[0.52620694 0.34662974],4,37,"[0.4780366509520634, 0.3686118735311782]",1,-1
4748,[0.51785442 0.32879634],4,37,"[0.4780366509520634, 0.3686118735311782]",1,-1
4749,[0.53879056 0.38047493],4,46,"[0.5877940429991866, 0.34550221910317963]",1,-1
4750,[0.51954939 0.53729262],4,2,"[0.5181425386759565, 0.548951681512668]",1,-1
4751,[0.49341957 0.48262582],4,35,"[0.491626887866141, 0.45015531396212327]",1,-1
4752,[0.60958964 0.3826238 ],4,28,"[0.6409610568572724, 0.3943628717562158]",1,-1
4753,[0.53224039 0.42209483],4,35,"[0.491626887866141, 0.45015531396212327]",1,8
4754,[0.54847482 0.32576229],4,46,"[0.5877940429991866, 0.34550221910317963]",1,-1
4755,[0.41342778 0.39458713],4,6,"[0.40123478470159024, 0.40656176249784554]",1,-1
4756,[0.56037896 0.49394971],4,27,"[0.5866068271601823, 0.4386408725933068]",1,-1
4757,[0.49815521 0.36760079],4,37,"[0.4780366509520634, 0.3686118735311782]",1,-1
4758,[0.43133525 0.48519805],4,18,"[0.4203234088660354, 0.508036417947434]",1,-1
4759,[0.46321064 0.31743046],4,37,"[0.4780366509520634, 0.3686118735311782]",1,-1
4760,[0.56545133 0.44743234],4,27,"[0.5866068271601823, 0.4386408725933068]",1,-1
4761,[0.54804953 0.44310819],4,27,"[0.5866068271601823, 0.4386408725933068]",1,-1
4762,[0.59123205 0.32393159],4,46,"[0.5877940429991866, 0.34550221910317963]",1,-1
4763,[0.56709305 0.44366266],4,27,"[0.5866068271601823, 0.4386408725933068]",1,-1
4764,[0.43239007 0.41727394],4,6,"[0.40123478470159024, 0.40656176249784554]",1,-1
4765,[0.56392628 0.45161276],4,27,"[0.5866068271601823, 0.4386408725933068]",1,-1
4766,[0.59523498 0.36553024],4,46,"[0.5877940429991866, 0.34550221910317963]",1,-1
4767,[0.45628843 0.4711445 ],4,35,"[0.491626887866141, 0.45015531396212327]",1,-1
4768,[0.53292176 0.24167294],4,-1,-1,1,-1
4769,[0.55532426 0.34937577],4,46,"[0.5877940429991866, 0.34550221910317963]",1,-1
4770,[0.49808245 0.4349269 ],4,35,"[0.491626887866141, 0.45015531396212327]",1,-1
4771,[0.50725416 0.34650145],4,37,"[0.4780366509520634, 0.3686118735311782]",1,-1
4772,[0.5572071  0.43379796],4,27,"[0.5866068271601823, 0.4386408725933068]",1,-1
4773,[0.51139409 0.38236147],4,37,"[0.4780366509520634, 0.3686118735311782]",1,-1
4774,[0.504052   0.39158478],4,37,"[0.4780366509520634, 0.3686118735311782]",1,-1
4775,[0.4103127  0.40618598],4,6,"[0.40123478470159024, 0.40656176249784554]",1,-1
4776,[0.61471573 0.44012276],4,27,"[0.5866068271601823, 0.4386408725933068]",1,-1
4777,[0.50785577 0.43116364],4,35,"[0.491626887866141, 0.45015531396212327]",1,8
4778,[0.56161228 0.39180334],4,27,"[0.5866068271601823, 0.4386408725933068]",1,-1
4779,[0.6248712  0.41879662],4,28,"[0.6409610568572724, 0.3943628717562158]",1,-1
4780,[0.53319817 0.45684649],4,35,"[0.491626887866141, 0.45015531396212327]",1,-1
4781,[0.54428114 0.36941819],4,46,"[0.5877940429991866, 0.34550221910317963]",1,-1
4782,[0.51407083 0.43423907],4,35,"[0.491626887866141, 0.45015531396212327]",1,8
4783,[0.39267516 0.40022428],4,6,"[0.40123478470159024, 0.40656176249784554]",1,-1
4784,[0.58129063 0.39602716],4,27,"[0.5866068271601823, 0.4386408725933068]",1,-1
4785,[0.49489755 0.39638318],4,37,"[0.4780366509520634, 0.3686118735311782]",1,-1
4786,[0.57392266 0.34164421],4,46,"[0.5877940429991866, 0.34550221910317963]",1,-1
4787,[0.54836435 0.34153663],4,46,"[0.5877940429991866, 0.34550221910317963]",1,-1
4788,[0.52478402 0.41558833],4,35,"[0.491626887866141, 0.45015531396212327]",1,8
4789,[0.50033054 0.41436892],4,35,"[0.491626887866141, 0.45015531396212327]",1,-1
4790,[0.57948175 0.46601455],4,27,"[0.5866068271601823, 0.4386408725933068]",1,-1
4791,[0.54881631 0.40164955],4,27,"[0.5866068271601823, 0.4386408725933068]",1,-1
4792,[0.55407504 0.34505677],4,46,"[0.5877940429991866, 0.34550221910317963]",1,-1
4793,[0.59908383 0.39909493],4,27,"[0.5866068271601823, 0.4386408725933068]",1,-1
4794,[0.55677886 0.36036366],4,46,"[0.5877940429991866, 0.34550221910317963]",1,-1
4795,[0.56558035 0.30231995],4,46,"[0.5877940429991866, 0.34550221910317963]",1,-1
4796,[0.55883172 0.37843704],4,46,"[0.5877940429991866, 0.34550221910317963]",1,-1
4797,[0.46136646 0.35045745],4,37,"[0.4780366509520634, 0.3686118735311782]",1,-1
4798,[0.59835388 0.46604454],4,27,"[0.5866068271601823, 0.4386408725933068]",1,-1
4799,[0.65550838 0.44770716],4,26,"[0.6734889003123068, 0.4756404454441684]",1,-1
4800,[0.49805422 0.35099182],4,37,"[0.4780366509520634, 0.3686118735311782]",1,-1
4801,[0.50699526 0.44684624],4,35,"[0.491626887866141, 0.45015531396212327]",1,-1
4802,[0.45113132 0.37223405],4,37,"[0.4780366509520634, 0.3686118735311782]",1,-1
4803,[0.50944582 0.43664893],4,35,"[0.491626887866141, 0.45015531396212327]",1,-1
4804,[0.57116912 0.47166124],4,27,"[0.5866068271601823, 0.4386408725933068]",1,-1
4805,[0.41405589 0.37187132],4,6,"[0.40123478470159024, 0.40656176249784554]",1,-1
4806,[0.55693197 0.50184985],4,2,"[0.5181425386759565, 0.548951681512668]",1,-1
4807,[0.44034417 0.4976049 ],4,18,"[0.4203234088660354, 0.508036417947434]",1,-1
4808,[0.57264455 0.32500032],4,46,"[0.5877940429991866, 0.34550221910317963]",1,-1
4809,[0.50564411 0.37675129],4,37,"[0.4780366509520634, 0.3686118735311782]",1,-1
4810,[0.52451074 0.38466941],4,37,"[0.4780366509520634, 0.3686118735311782]",1,-1
4811,[0.53456155 0.3930613 ],4,37,"[0.4780366509520634, 0.3686118735311782]",1,-1
4812,[0.48040036 0.43076528],4,35,"[0.491626887866141, 0.45015531396212327]",1,-1
4813,[0.52529425 0.46980702],4,35,"[0.491626887866141, 0.45015531396212327]",1,-1
4814,[0.62090833 0.35643006],4,46,"[0.5877940429991866, 0.34550221910317963]",1,-1
4815,[0.56301968 0.36601626],4,46,"[0.5877940429991866, 0.34550221910317963]",1,-1
4816,[0.50417399 0.43210479],4,35,"[0.491626887866141, 0.45015531396212327]",1,8
4817,[0.54556191 0.28294226],4,-1,-1,1,-1
4818,[0.54755239 0.41625981],4,27,"[0.5866068271601823, 0.4386408725933068]",1,-1
4819,[0.58679002 0.45135008],4,27,"[0.5866068271601823, 0.4386408725933068]",1,-1
4820,[0.55791443 0.43111487],4,27,"[0.5866068271601823, 0.4386408725933068]",1,-1
4821,[0.4527777  0.38146284],4,37,"[0.4780366509520634, 0.3686118735311782]",1,-1
4822,[0.55673833 0.38263103],4,46,"[0.5877940429991866, 0.34550221910317963]",1,-1
4823,[0.49455533 0.34655669],4,37,"[0.4780366509520634, 0.3686118735311782]",1,-1
4824,[0.61753868 0.42609473],4,27,"[0.5866068271601823, 0.4386408725933068]",1,-1
4825,[0.47252856 0.34729758],4,37,"[0.4780366509520634, 0.3686118735311782]",1,-1
4826,[0.5079242  0.45468723],4,35,"[0.491626887866141, 0.45015531396212327]",1,-1
4827,[0.57766703 0.47095462],4,27,"[0.5866068271601823, 0.4386408725933068]",1,-1
4828,[0.48722957 0.449961  ],4,35,"[0.491626887866141, 0.45015531396212327]",1,-1
4829,[0.55153348 0.32307883],4,46,"[0.5877940429991866, 0.34550221910317963]",1,-1
4830,[0.52141639 0.44925048],4,35,"[0.491626887866141, 0.45015531396212327]",1,-1
4831,[0.55842512 0.43312703],4,27,"[0.5866068271601823, 0.4386408725933068]",1,-1
4832,[0.53219502 0.35647688],4,37,"[0.4780366509520634, 0.3686118735311782]",1,-1
4833,[0.53749493 0.31601106],4,46,"[0.5877940429991866, 0.34550221910317963]",1,-1
4834,[0.48716355 0.45514196],4,35,"[0.491626887866141, 0.45015531396212327]",1,-1
4835,[0.63174345 0.47862012],4,26,"[0.6734889003123068, 0.4756404454441684]",1,-1
4836,[0.54296105 0.35382348],4,46,"[0.5877940429991866, 0.34550221910317963]",1,-1
4837,[0.44110313 0.45452331],4,35,"[0.491626887866141, 0.45015531396212327]",1,-1
4838,[0.56641735 0.34590011],4,46,"[0.5877940429991866, 0.34550221910317963]",1,-1
4839,[0.50569149 0.38012666],4,37,"[0.4780366509520634, 0.3686118735311782]",1,-1
4840,[0.50758916 0.38018961],4,37,"[0.4780366509520634, 0.3686118735311782]",1,-1
4841,[0.54019032 0.40084396],4,27,"[0.5866068271601823, 0.4386408725933068]",1,-1
4842,[0.5327977  0.47427085],4,35,"[0.491626887866141, 0.45015531396212327]",1,-1
4843,[0.54424525 0.35360559],4,46,"[0.5877940429991866, 0.34550221910317963]",1,-1
4844,[0.57463004 0.44633382],4,27,"[0.5866068271601823, 0.4386408725933068]",1,-1
4845,[0.51912061 0.41754536],4,35,"[0.491626887866141, 0.45015531396212327]",1,8
4846,[0.50257175 0.37364212],4,37,"[0.4780366509520634, 0.3686118735311782]",1,-1
4847,[0.47273198 0.31646239],4,37,"[0.4780366509520634, 0.3686118735311782]",1,-1
4848,[0.59141901 0.39567847],4,27,"[0.5866068271601823, 0.4386408725933068]",1,-1
4849,[0.41059556 0.4676167 ],4,18,"[0.4203234088660354, 0.508036417947434]",1,-1
4850,[0.50722414 0.47282677],4,35,"[0.491626887866141, 0.45015531396212327]",1,-1
4851,[0.50172079 0.42356805],4,35,"[0.491626887866141, 0.45015531396212327]",1,-1
4852,[0.44749747 0.42567365],4,6,"[0.40123478470159024, 0.40656176249784554]",1,-1
4853,[0.49793567 0.40475723],4,37,"[0.4780366509520634, 0.3686118735311782]",1,8
4854,[0.5793151  0.27239268],4,-1,-1,1,-1
4855,[0.53790508 0.42384987],4,27,"[0.5866068271601823, 0.4386408725933068]",1,-1
4856,[0.60022626 0.35728731],4,46,"[0.5877940429991866, 0.34550221910317963]",1,-1
4857,[0.4955069  0.32882722],4,37,"[0.4780366509520634, 0.3686118735311782]",1,-1
4858,[0.57987987 0.4060255 ],4,27,"[0.5866068271601823, 0.4386408725933068]",1,-1
4859,[0.56097751 0.40867503],4,27,"[0.5866068271601823, 0.4386408725933068]",1,-1
4860,[0.60931666 0.48210886],4,27,"[0.5866068271601823, 0.4386408725933068]",1,-1
4861,[0.50632805 0.32455701],4,37,"[0.4780366509520634, 0.3686118735311782]",1,-1
4862,[0.55791923 0.37105037],4,46,"[0.5877940429991866, 0.34550221910317963]",1,-1
4863,[0.46443665 0.44737213],4,35,"[0.491626887866141, 0.45015531396212327]",1,-1
4864,[0.54593548 0.50473953],4,2,"[0.5181425386759565, 0.548951681512668]",1,-1
4865,[0.60512543 0.42881585],4,27,"[0.5866068271601823, 0.4386408725933068]",1,-1
4866,[0.49814115 0.36103788],4,37,"[0.4780366509520634, 0.3686118735311782]",1,-1
4867,[0.54203143 0.41795823],4,27,"[0.5866068271601823, 0.4386408725933068]",1,-1
4868,[0.48527024 0.30039209],4,37,"[0.4780366509520634, 0.3686118735311782]",1,-1
4869,[0.51894549 0.41489751],4,35,"[0.491626887866141, 0.45015531396212327]",1,8
4870,[0.51207717 0.4412535 ],4,35,"[0.491626887866141, 0.45015531396212327]",1,-1
4871,[0.60520893 0.47012646],4,27,"[0.5866068271601823, 0.4386408725933068]",1,-1
4872,[0.55617298 0.48882099],4,27,"[0.5866068271601823, 0.4386408725933068]",1,-1
4873,[0.59552595 0.46595711],4,27,"[0.5866068271601823, 0.4386408725933068]",1,-1
4874,[0.575327   0.46368656],4,27,"[0.5866068271601823, 0.4386408725933068]",1,-1
4875,[0.48281613 0.31584577],4,37,"[0.4780366509520634, 0.3686118735311782]",1,-1
4876,[0.57735879 0.46573806],4,27,"[0.5866068271601823, 0.4386408725933068]",1,-1
4877,[0.49576246 0.30752331],4,37,"[0.4780366509520634, 0.3686118735311782]",1,-1
4878,[0.52117889 0.3782613 ],4,37,"[0.4780366509520634, 0.3686118735311782]",1,-1
4879,[0.59136138 0.37792267],4,46,"[0.5877940429991866, 0.34550221910317963]",1,-1
4880,[0.6216215  0.36975716],4,28,"[0.6409610568572724, 0.3943628717562158]",1,-1
4881,[0.42211835 0.39203939],4,6,"[0.40123478470159024, 0.40656176249784554]",1,-1
4882,[0.55861444 0.44416945],4,27,"[0.5866068271601823, 0.4386408725933068]",1,-1
4883,[0.53332397 0.4693638 ],4,35,"[0.491626887866141, 0.45015531396212327]",1,-1
4884,[0.51015294 0.37094198],4,37,"[0.4780366509520634, 0.3686118735311782]",1,-1
4885,[0.57495345 0.45864812],4,27,"[0.5866068271601823, 0.4386408725933068]",1,-1
4886,[0.5423885  0.37598121],4,46,"[0.5877940429991866, 0.34550221910317963]",1,-1
4887,[0.46121728 0.4513794 ],4,35,"[0.491626887866141, 0.45015531396212327]",1,-1
4888,[0.50629085 0.27481719],4,-1,-1,1,-1
4889,[0.49277146 0.45484991],4,35,"[0.491626887866141, 0.45015531396212327]",1,-1
4890,[0.60971971 0.46019857],4,27,"[0.5866068271601823, 0.4386408725933068]",1,-1
4891,[0.54674884 0.35434553],4,46,"[0.5877940429991866, 0.34550221910317963]",1,-1
4892,[0.54747374 0.43579903],4,27,"[0.5866068271601823, 0.4386408725933068]",1,-1
4893,[0.58345939 0.42746868],4,27,"[0.5866068271601823, 0.4386408725933068]",1,-1
4894,[0.48993406 0.50776988],4,2,"[0.5181425386759565, 0.548951681512668]",1,-1
4895,[0.50578878 0.42059144],4,35,"[0.491626887866141, 0.45015531396212327]",1,8
4896,[0.50874801 0.41006023],4,35,"[0.491626887866141, 0.45015531396212327]",1,-1
4897,[0.52291942 0.45181667],4,35,"[0.491626887866141, 0.45015531396212327]",1,-1
4898,[0.53703501 0.36799302],4,46,"[0.5877940429991866, 0.34550221910317963]",1,-1
4899,[0.52967644 0.41434349],4,35,"[0.491626887866141, 0.45015531396212327]",1,8
4900,[0.55604822 0.4392891 ],4,27,"[0.5866068271601823, 0.4386408725933068]",1,-1
4901,[0.46967138 0.37843405],4,37,"[0.4780366509520634, 0.3686118735311782]",1,-1
4902,[0.51938375 0.47552534],4,35,"[0.491626887866141, 0.45015531396212327]",1,-1
4903,[0.58473135 0.41869276],4,27,"[0.5866068271601823, 0.4386408725933068]",1,-1
4904,[0.57517044 0.45347626],4,27,"[0.5866068271601823, 0.4386408725933068]",1,-1
4905,[0.61383353 0.34773411],4,46,"[0.5877940429991866, 0.34550221910317963]",1,-1
4906,[0.56634004 0.39220195],4,27,"[0.5866068271601823, 0.4386408725933068]",1,-1
4907,[0.48734803 0.45041124],4,35,"[0.491626887866141, 0.45015531396212327]",1,-1
4908,[0.49019761 0.43078126],4,35,"[0.491626887866141, 0.45015531396212327]",1,-1
4909,[0.5887075  0.42178384],4,27,"[0.5866068271601823, 0.4386408725933068]",1,-1
4910,[0.55851469 0.46597552],4,27,"[0.5866068271601823, 0.4386408725933068]",1,-1
4911,[0.60703838 0.3923911 ],4,28,"[0.6409610568572724, 0.3943628717562158]",1,-1
4912,[0.51145243 0.43485305],4,35,"[0.491626887866141, 0.45015531396212327]",1,8
4913,[0.53456583 0.46965674],4,35,"[0.491626887866141, 0.45015531396212327]",1,-1
4914,[0.56483265 0.33799072],4,46,"[0.5877940429991866, 0.34550221910317963]",1,-1
4915,[0.51956162 0.41651598],4,35,"[0.491626887866141, 0.45015531396212327]",1,8
4916,[0.52837644 0.37636335],4,37,"[0.4780366509520634, 0.3686118735311782]",1,-1
4917,[0.48806463 0.27756133],4,-1,-1,1,-1
4918,[0.56855084 0.42450455],4,27,"[0.5866068271601823, 0.4386408725933068]",1,-1
4919,[0.60031336 0.3346392 ],4,46,"[0.5877940429991866, 0.34550221910317963]",1,-1
4920,[0.52149132 0.34116612],4,37,"[0.4780366509520634, 0.3686118735311782]",1,-1
4921,[0.54729276 0.39016619],4,46,"[0.5877940429991866, 0.34550221910317963]",1,-1
4922,[0.55806227 0.32369201],4,46,"[0.5877940429991866, 0.34550221910317963]",1,-1
4923,[0.50767987 0.50678462],4,2,"[0.5181425386759565, 0.548951681512668]",1,-1
4924,[0.46686947 0.40215921],4,37,"[0.4780366509520634, 0.3686118735311782]",1,-1
4925,[0.5654962 0.3974786],4,27,"[0.5866068271601823, 0.4386408725933068]",1,-1
4926,[0.57156759 0.37422106],4,46,"[0.5877940429991866, 0.34550221910317963]",1,-1
4927,[0.52971525 0.38817412],4,37,"[0.4780366509520634, 0.3686118735311782]",1,-1
4928,[0.46234895 0.39598641],4,37,"[0.4780366509520634, 0.3686118735311782]",1,-1
4929,[0.62340619 0.40763642],4,28,"[0.6409610568572724, 0.3943628717562158]",1,58
4930,[0.51703856 0.35599949],4,37,"[0.4780366509520634, 0.3686118735311782]",1,-1
4931,[0.48584412 0.3622188 ],4,37,"[0.4780366509520634, 0.3686118735311782]",1,-1
4932,[0.49529891 0.36689986],4,37,"[0.4780366509520634, 0.3686118735311782]",1,-1
4933,[0.4813607  0.46567191],4,35,"[0.491626887866141, 0.45015531396212327]",1,-1
4934,[0.60959367 0.49722436],4,10,"[0.6101257152780476, 0.5394800330734051]",1,-1
4935,[0.40507131 0.40531491],4,6,"[0.40123478470159024, 0.40656176249784554]",1,-1
4936,[0.57887254 0.36197525],4,46,"[0.5877940429991866, 0.34550221910317963]",1,-1
4937,[0.5198174  0.36322018],4,37,"[0.4780366509520634, 0.3686118735311782]",1,-1
4938,[0.61212082 0.51132   ],4,10,"[0.6101257152780476, 0.5394800330734051]",1,-1
4939,[0.62353797 0.50178342],4,10,"[0.6101257152780476, 0.5394800330734051]",1,-1
4940,[0.44594714 0.4515998 ],4,35,"[0.491626887866141, 0.45015531396212327]",1,-1
4941,[0.60220194 0.33017237],4,46,"[0.5877940429991866, 0.34550221910317963]",1,-1
4942,[0.54259741 0.38850461],4,46,"[0.5877940429991866, 0.34550221910317963]",1,-1
4943,[0.43273838 0.38830088],4,6,"[0.40123478470159024, 0.40656176249784554]",1,-1
4944,[0.64140516 0.46539098],4,26,"[0.6734889003123068, 0.4756404454441684]",1,-1
4945,[0.46501587 0.42044912],4,35,"[0.491626887866141, 0.45015531396212327]",1,-1
4946,[0.44461103 0.45180451],4,35,"[0.491626887866141, 0.45015531396212327]",1,-1
4947,[0.54589504 0.32456206],4,46,"[0.5877940429991866, 0.34550221910317963]",1,-1
4948,[0.47277469 0.49476333],4,35,"[0.491626887866141, 0.45015531396212327]",1,-1
4949,[0.47390903 0.44036832],4,35,"[0.491626887866141, 0.45015531396212327]",1,-1
4950,[0.53639113 0.40643914],4,27,"[0.5866068271601823, 0.4386408725933068]",1,-1
4951,[0.56550944 0.36266871],4,46,"[0.5877940429991866, 0.34550221910317963]",1,-1
4952,[0.57924497 0.49321693],4,27,"[0.5866068271601823, 0.4386408725933068]",1,-1
4953,[0.4525868  0.38648534],4,37,"[0.4780366509520634, 0.3686118735311782]",1,-1
4954,[0.46945678 0.43170589],4,35,"[0.491626887866141, 0.45015531396212327]",1,-1
4955,[0.54319855 0.39133939],4,46,"[0.5877940429991866, 0.34550221910317963]",1,-1
4956,[0.54475579 0.37732962],4,46,"[0.5877940429991866, 0.34550221910317963]",1,-1
4957,[0.5429936  0.38916152],4,46,"[0.5877940429991866, 0.34550221910317963]",1,-1
4958,[0.56767166 0.46158647],4,27,"[0.5866068271601823, 0.4386408725933068]",1,-1
4959,[0.54918679 0.4087211 ],4,27,"[0.5866068271601823, 0.4386408725933068]",1,-1
4960,[0.56885673 0.37586097],4,46,"[0.5877940429991866, 0.34550221910317963]",1,-1
4961,[0.57333656 0.41118872],4,27,"[0.5866068271601823, 0.4386408725933068]",1,-1
4962,[0.5294067  0.39658758],4,37,"[0.4780366509520634, 0.3686118735311782]",1,-1
4963,[0.51831867 0.39689546],4,37,"[0.4780366509520634, 0.3686118735311782]",1,-1
4964,[0.46745511 0.40707012],4,37,"[0.4780366509520634, 0.3686118735311782]",1,-1
4965,[0.44825931 0.38235792],4,37,"[0.4780366509520634, 0.3686118735311782]",1,-1
4966,[0.48892975 0.27113106],4,-1,-1,1,-1
4967,[0.54663085 0.3737319 ],4,46,"[0.5877940429991866, 0.34550221910317963]",1,-1
4968,[0.5750471  0.40815224],4,27,"[0.5866068271601823, 0.4386408725933068]",1,-1
4969,[0.509907   0.37586257],4,37,"[0.4780366509520634, 0.3686118735311782]",1,-1
4970,[0.56851364 0.38257423],4,46,"[0.5877940429991866, 0.34550221910317963]",1,-1
4971,[0.56474351 0.46261954],4,27,"[0.5866068271601823, 0.4386408725933068]",1,-1
4972,[0.67867534 0.4126691 ],4,30,"[0.6934973256581222, 0.4131681772802667]",1,57
4973,[0.58973806 0.42339867],4,27,"[0.5866068271601823, 0.4386408725933068]",1,-1
4974,[0.44717043 0.33297215],4,37,"[0.4780366509520634, 0.3686118735311782]",1,-1
4975,[0.53328406 0.44695911],4,35,"[0.491626887866141, 0.45015531396212327]",1,-1
4976,[0.48365754 0.37186204],4,37,"[0.4780366509520634, 0.3686118735311782]",1,-1
4977,[0.52735472 0.31666801],4,46,"[0.5877940429991866, 0.34550221910317963]",1,-1
4978,[0.45139567 0.45422929],4,35,"[0.491626887866141, 0.45015531396212327]",1,-1
4979,[0.47600754 0.4007288 ],4,37,"[0.4780366509520634, 0.3686118735311782]",1,-1
4980,[0.52590298 0.42063074],4,35,"[0.491626887866141, 0.45015531396212327]",1,8
4981,[0.47429209 0.38469696],4,37,"[0.4780366509520634, 0.3686118735311782]",1,-1
4982,[0.58388272 0.49465342],4,10,"[0.6101257152780476, 0.5394800330734051]",1,-1
4983,[0.59079603 0.40414351],4,27,"[0.5866068271601823, 0.4386408725933068]",1,-1
4984,[0.44512487 0.39702582],4,37,"[0.4780366509520634, 0.3686118735311782]",1,-1
4985,[0.59215145 0.2566529 ],4,-1,-1,1,-1
4986,[0.54102082 0.42254428],4,27,"[0.5866068271601823, 0.4386408725933068]",1,-1
4987,[0.52354562 0.42802819],4,35,"[0.491626887866141, 0.45015531396212327]",1,-1
4988,[0.50164233 0.44711505],4,35,"[0.491626887866141, 0.45015531396212327]",1,-1
4989,[0.4795573  0.34434079],4,37,"[0.4780366509520634, 0.3686118735311782]",1,-1
4990,[0.52817965 0.39211212],4,37,"[0.4780366509520634, 0.3686118735311782]",1,-1
4991,[0.47702289 0.32567804],4,37,"[0.4780366509520634, 0.3686118735311782]",1,-1
4992,[0.5956348 0.3829978],4,46,"[0.5877940429991866, 0.34550221910317963]",1,-1
4993,[0.49535586 0.44470024],4,35,"[0.491626887866141, 0.45015531396212327]",1,-1
4994,[0.60169122 0.42322022],4,27,"[0.5866068271601823, 0.4386408725933068]",1,-1
4995,[0.53647638 0.38416758],4,37,"[0.4780366509520634, 0.3686118735311782]",1,-1
4996,[0.49112849 0.39954183],4,37,"[0.4780366509520634, 0.3686118735311782]",1,-1
4997,[0.51116108 0.42435459],4,35,"[0.491626887866141, 0.45015531396212327]",1,8
4998,[0.70151458 0.47670172],4,26,"[0.6734889003123068, 0.4756404454441684]",1,-1
4999,[0.57847035 0.34312842],4,46,"[0.5877940429991866, 0.34550221910317963]",1,-1
5000,[0.28934799 0.25926459],5,7,"[0.2880919156697789, 0.2889500356712737]",1,-1
5001,[0.22072225 0.29315663],5,15,"[0.188292755006214, 0.3253570325311902]",1,-1
5002,[0.29728356 0.31245728],5,7,"[0.2880919156697789, 0.2889500356712737]",1,-1
5003,[0.16249575 0.2133852 ],5,21,"[0.16948094512787878, 0.2245031809320862]",1,-1
5004,[0.29433251 0.29147221],5,7,"[0.2880919156697789, 0.2889500356712737]",1,-1
5005,[0.26468799 0.24948566],5,7,"[0.2880919156697789, 0.2889500356712737]",1,-1
5006,[0.27737619 0.19525431],5,31,"[0.29817086118518243, 0.1888907481789387]",1,-1
5007,[0.34444071 0.28320301],5,4,"[0.3937233168939997, 0.29890402186269427]",1,-1
5008,[0.23406286 0.29350962],5,7,"[0.2880919156697789, 0.2889500356712737]",1,-1
5009,[0.26420475 0.23730075],5,7,"[0.2880919156697789, 0.2889500356712737]",1,-1
5010,[0.2397387  0.30101969],5,7,"[0.2880919156697789, 0.2889500356712737]",1,-1
5011,[0.29565041 0.26659821],5,7,"[0.2880919156697789, 0.2889500356712737]",1,-1
5012,[0.21504744 0.30779406],5,15,"[0.188292755006214, 0.3253570325311902]",1,-1
5013,[0.26927322 0.21359048],5,31,"[0.29817086118518243, 0.1888907481789387]",1,-1
5014,[0.35225633 0.27458991],5,4,"[0.3937233168939997, 0.29890402186269427]",1,-1
5015,[0.31570018 0.29101972],5,7,"[0.2880919156697789, 0.2889500356712737]",1,-1
5016,[0.33552176 0.23744521],5,31,"[0.29817086118518243, 0.1888907481789387]",1,-1
5017,[0.23629597 0.28537204],5,7,"[0.2880919156697789, 0.2889500356712737]",1,25
5018,[0.25753579 0.33485328],5,7,"[0.2880919156697789, 0.2889500356712737]",1,-1
5019,[0.31277437 0.31662399],5,7,"[0.2880919156697789, 0.2889500356712737]",1,-1
5020,[0.22814486 0.17745417],5,16,"[0.22214342499776796, 0.1812277944104208]",1,-1
5021,[0.27269295 0.28629309],5,7,"[0.2880919156697789, 0.2889500356712737]",1,-1
5022,[0.26851412 0.26532477],5,7,"[0.2880919156697789, 0.2889500356712737]",1,-1
5023,[0.27155713 0.26292705],5,7,"[0.2880919156697789, 0.2889500356712737]",1,-1
5024,[0.2340778  0.35984823],5,0,"[0.2473875480073203, 0.39401489827781994]",1,-1
5025,[0.10960515 0.26444623],5,-1,-1,1,-1
5026,[0.2945401  0.30276294],5,7,"[0.2880919156697789, 0.2889500356712737]",1,-1
5027,[0.33364637 0.26039488],5,7,"[0.2880919156697789, 0.2889500356712737]",1,-1
5028,[0.20847032 0.25051188],5,21,"[0.16948094512787878, 0.2245031809320862]",1,-1
5029,[0.2403616  0.33950753],5,15,"[0.188292755006214, 0.3253570325311902]",1,40
5030,[0.27728917 0.26796724],5,7,"[0.2880919156697789, 0.2889500356712737]",1,-1
5031,[0.31932237 0.18341343],5,31,"[0.29817086118518243, 0.1888907481789387]",1,-1
5032,[0.29231836 0.18617542],5,31,"[0.29817086118518243, 0.1888907481789387]",1,-1
5033,[0.24288345 0.22568388],5,16,"[0.22214342499776796, 0.1812277944104208]",1,31
5034,[0.13580631 0.1255773 ],5,-1,-1,1,-1
5035,[0.22103086 0.24400122],5,21,"[0.16948094512787878, 0.2245031809320862]",1,31
5036,[0.19533251 0.18120922],5,16,"[0.22214342499776796, 0.1812277944104208]",1,-1
5037,[0.26237576 0.30236744],5,7,"[0.2880919156697789, 0.2889500356712737]",1,-1
5038,[0.18858161 0.30954307],5,15,"[0.188292755006214, 0.3253570325311902]",1,-1
5039,[0.25084373 0.33590636],5,0,"[0.2473875480073203, 0.39401489827781994]",1,-1
5040,[0.23007337 0.20482196],5,16,"[0.22214342499776796, 0.1812277944104208]",1,-1
5041,[0.28478666 0.2367181 ],5,31,"[0.29817086118518243, 0.1888907481789387]",1,-1
5042,[0.19535193 0.22096902],5,21,"[0.16948094512787878, 0.2245031809320862]",1,-1
5043,[0.19355338 0.2496407 ],5,21,"[0.16948094512787878, 0.2245031809320862]",1,-1
5044,[0.16426773 0.25660995],5,21,"[0.16948094512787878, 0.2245031809320862]",1,-1
5045,[0.25252172 0.20899299],5,16,"[0.22214342499776796, 0.1812277944104208]",1,-1
5046,[0.20355783 0.25364993],5,21,"[0.16948094512787878, 0.2245031809320862]",1,-1
5047,[0.15535603 0.32072303],5,15,"[0.188292755006214, 0.3253570325311902]",1,-1
5048,[0.26910756 0.26230103],5,7,"[0.2880919156697789, 0.2889500356712737]",1,-1
5049,[0.2349493  0.26465692],5,7,"[0.2880919156697789, 0.2889500356712737]",1,-1
5050,[0.28067795 0.21450189],5,31,"[0.29817086118518243, 0.1888907481789387]",1,-1
5051,[0.14803363 0.32103506],5,15,"[0.188292755006214, 0.3253570325311902]",1,-1
5052,[0.2132381  0.32976852],5,15,"[0.188292755006214, 0.3253570325311902]",1,-1
5053,[0.14456658 0.26679903],5,21,"[0.16948094512787878, 0.2245031809320862]",1,-1
5054,[0.20283553 0.27117942],5,15,"[0.188292755006214, 0.3253570325311902]",1,-1
5055,[0.18924922 0.30039672],5,15,"[0.188292755006214, 0.3253570325311902]",1,-1
5056,[0.30546244 0.24611168],5,7,"[0.2880919156697789, 0.2889500356712737]",1,-1
5057,[0.27922888 0.17591447],5,31,"[0.29817086118518243, 0.1888907481789387]",1,-1
5058,[0.24755253 0.31553718],5,7,"[0.2880919156697789, 0.2889500356712737]",1,-1
5059,[0.28557342 0.15977958],5,31,"[0.29817086118518243, 0.1888907481789387]",1,-1
5060,[0.28583333 0.19997024],5,31,"[0.29817086118518243, 0.1888907481789387]",1,-1
5061,[0.21129108 0.25863228],5,21,"[0.16948094512787878, 0.2245031809320862]",1,-1
5062,[0.24856084 0.22297464],5,16,"[0.22214342499776796, 0.1812277944104208]",1,31
5063,[0.18581425 0.22258955],5,21,"[0.16948094512787878, 0.2245031809320862]",1,-1
5064,[0.18816578 0.19584602],5,21,"[0.16948094512787878, 0.2245031809320862]",1,-1
5065,[0.15719555 0.22419041],5,21,"[0.16948094512787878, 0.2245031809320862]",1,-1
5066,[0.22900447 0.29194379],5,15,"[0.188292755006214, 0.3253570325311902]",1,-1
5067,[0.223521   0.36729121],5,0,"[0.2473875480073203, 0.39401489827781994]",1,-1
5068,[0.29330621 0.22336818],5,31,"[0.29817086118518243, 0.1888907481789387]",1,-1
5069,[0.2535898  0.23014985],5,16,"[0.22214342499776796, 0.1812277944104208]",1,-1
5070,[0.24616154 0.28520649],5,7,"[0.2880919156697789, 0.2889500356712737]",1,25
5071,[0.22456485 0.28307332],5,15,"[0.188292755006214, 0.3253570325311902]",1,-1
5072,[0.22921858 0.19551855],5,16,"[0.22214342499776796, 0.1812277944104208]",1,-1
5073,[0.26804734 0.28120989],5,7,"[0.2880919156697789, 0.2889500356712737]",1,-1
5074,[0.24070996 0.23473161],5,16,"[0.22214342499776796, 0.1812277944104208]",1,-1
5075,[0.26834331 0.2938076 ],5,7,"[0.2880919156697789, 0.2889500356712737]",1,-1
5076,[0.23506137 0.19004325],5,16,"[0.22214342499776796, 0.1812277944104208]",1,-1
5077,[0.24569205 0.22254369],5,16,"[0.22214342499776796, 0.1812277944104208]",1,-1
5078,[0.28056938 0.22229942],5,31,"[0.29817086118518243, 0.1888907481789387]",1,-1
5079,[0.18636393 0.21597915],5,21,"[0.16948094512787878, 0.2245031809320862]",1,-1
5080,[0.28414385 0.27339173],5,7,"[0.2880919156697789, 0.2889500356712737]",1,-1
5081,[0.27841504 0.21871186],5,31,"[0.29817086118518243, 0.1888907481789387]",1,-1
5082,[0.29547424 0.2090451 ],5,31,"[0.29817086118518243, 0.1888907481789387]",1,-1
5083,[0.25508261 0.32226189],5,7,"[0.2880919156697789, 0.2889500356712737]",1,-1
5084,[0.20736657 0.28328498],5,15,"[0.188292755006214, 0.3253570325311902]",1,-1
5085,[0.18853214 0.27323038],5,15,"[0.188292755006214, 0.3253570325311902]",1,-1
5086,[0.25347655 0.28290226],5,7,"[0.2880919156697789, 0.2889500356712737]",1,25
5087,[0.27918116 0.2818117 ],5,7,"[0.2880919156697789, 0.2889500356712737]",1,-1
5088,[0.27441748 0.15741539],5,31,"[0.29817086118518243, 0.1888907481789387]",1,-1
5089,[0.27287684 0.25382144],5,7,"[0.2880919156697789, 0.2889500356712737]",1,28
5090,[0.20141297 0.26840422],5,21,"[0.16948094512787878, 0.2245031809320862]",1,32
5091,[0.33968309 0.24158127],5,31,"[0.29817086118518243, 0.1888907481789387]",1,-1
5092,[0.21242249 0.19635649],5,16,"[0.22214342499776796, 0.1812277944104208]",1,-1
5093,[0.28244465 0.29009556],5,7,"[0.2880919156697789, 0.2889500356712737]",1,-1
5094,[0.28283115 0.19844233],5,31,"[0.29817086118518243, 0.1888907481789387]",1,-1
5095,[0.22946783 0.30013133],5,15,"[0.188292755006214, 0.3253570325311902]",1,-1
5096,[0.25290083 0.23307041],5,16,"[0.22214342499776796, 0.1812277944104208]",1,-1
5097,[0.27233267 0.28022137],5,7,"[0.2880919156697789, 0.2889500356712737]",1,-1
5098,[0.28459936 0.31634743],5,7,"[0.2880919156697789, 0.2889500356712737]",1,-1
5099,[0.30491984 0.16144582],5,31,"[0.29817086118518243, 0.1888907481789387]",1,-1
5100,[0.26839137 0.24608829],5,7,"[0.2880919156697789, 0.2889500356712737]",1,-1
5101,[0.20745983 0.19479885],5,16,"[0.22214342499776796, 0.1812277944104208]",1,-1
5102,[0.30948855 0.27919109],5,7,"[0.2880919156697789, 0.2889500356712737]",1,-1
5103,[0.3821453  0.29410749],5,4,"[0.3937233168939997, 0.29890402186269427]",1,-1
5104,[0.27744645 0.17778395],5,31,"[0.29817086118518243, 0.1888907481789387]",1,-1
5105,[0.15252485 0.29378784],5,15,"[0.188292755006214, 0.3253570325311902]",1,-1
5106,[0.26544503 0.29139373],5,7,"[0.2880919156697789, 0.2889500356712737]",1,-1
5107,[0.33059862 0.29428369],5,7,"[0.2880919156697789, 0.2889500356712737]",1,-1
5108,[0.25703203 0.30626039],5,7,"[0.2880919156697789, 0.2889500356712737]",1,-1
5109,[0.30939553 0.21701807],5,31,"[0.29817086118518243, 0.1888907481789387]",1,-1
5110,[0.29198513 0.28295528],5,7,"[0.2880919156697789, 0.2889500356712737]",1,-1
5111,[0.27874836 0.22939466],5,31,"[0.29817086118518243, 0.1888907481789387]",1,-1
5112,[0.29809073 0.21356229],5,31,"[0.29817086118518243, 0.1888907481789387]",1,-1
5113,[0.34064427 0.2709807 ],5,7,"[0.2880919156697789, 0.2889500356712737]",1,-1
5114,[0.29500952 0.34806779],5,1,"[0.33650952271243567, 0.3695039184549852]",1,-1
5115,[0.19480252 0.28721665],5,15,"[0.188292755006214, 0.3253570325311902]",1,-1
5116,[0.2787488  0.34953338],5,0,"[0.2473875480073203, 0.39401489827781994]",1,-1
5117,[0.22762464 0.18325105],5,16,"[0.22214342499776796, 0.1812277944104208]",1,-1
5118,[0.18577984 0.27518889],5,15,"[0.188292755006214, 0.3253570325311902]",1,-1
5119,[0.18273058 0.27892625],5,15,"[0.188292755006214, 0.3253570325311902]",1,-1
5120,[0.20740833 0.32442915],5,15,"[0.188292755006214, 0.3253570325311902]",1,-1
5121,[0.25792175 0.21156244],5,31,"[0.29817086118518243, 0.1888907481789387]",1,-1
5122,[0.16826343 0.22789311],5,21,"[0.16948094512787878, 0.2245031809320862]",1,-1
5123,[0.21904889 0.25298469],5,21,"[0.16948094512787878, 0.2245031809320862]",1,-1
5124,[0.25088124 0.34735386],5,0,"[0.2473875480073203, 0.39401489827781994]",1,-1
5125,[0.26848385 0.27281059],5,7,"[0.2880919156697789, 0.2889500356712737]",1,-1
5126,[0.20708277 0.33497186],5,15,"[0.188292755006214, 0.3253570325311902]",1,-1
5127,[0.16408101 0.23646372],5,21,"[0.16948094512787878, 0.2245031809320862]",1,-1
5128,[0.16028201 0.2050814 ],5,21,"[0.16948094512787878, 0.2245031809320862]",1,-1
5129,[0.25687946 0.2906068 ],5,7,"[0.2880919156697789, 0.2889500356712737]",1,25
5130,[0.30929957 0.30307718],5,7,"[0.2880919156697789, 0.2889500356712737]",1,-1
5131,[0.26560671 0.22800693],5,31,"[0.29817086118518243, 0.1888907481789387]",1,-1
5132,[0.29587373 0.32261304],5,7,"[0.2880919156697789, 0.2889500356712737]",1,-1
5133,[0.30082228 0.16997715],5,31,"[0.29817086118518243, 0.1888907481789387]",1,-1
5134,[0.27337927 0.24036531],5,7,"[0.2880919156697789, 0.2889500356712737]",1,-1
5135,[0.20552251 0.17065475],5,16,"[0.22214342499776796, 0.1812277944104208]",1,-1
5136,[0.24886532 0.29879652],5,7,"[0.2880919156697789, 0.2889500356712737]",1,-1
5137,[0.27892578 0.31093615],5,7,"[0.2880919156697789, 0.2889500356712737]",1,-1
5138,[0.30517008 0.27565291],5,7,"[0.2880919156697789, 0.2889500356712737]",1,-1
5139,[0.24990671 0.23271052],5,16,"[0.22214342499776796, 0.1812277944104208]",1,-1
5140,[0.2308155  0.27856761],5,7,"[0.2880919156697789, 0.2889500356712737]",1,-1
5141,[0.2723605  0.23273653],5,31,"[0.29817086118518243, 0.1888907481789387]",1,-1
5142,[0.23551698 0.21508535],5,16,"[0.22214342499776796, 0.1812277944104208]",1,-1
5143,[0.31775106 0.3091954 ],5,7,"[0.2880919156697789, 0.2889500356712737]",1,-1
5144,[0.27993011 0.2597652 ],5,7,"[0.2880919156697789, 0.2889500356712737]",1,-1
5145,[0.2014209  0.19816745],5,16,"[0.22214342499776796, 0.1812277944104208]",1,-1
5146,[0.22921274 0.27255982],5,7,"[0.2880919156697789, 0.2889500356712737]",1,-1
5147,[0.23701522 0.29155415],5,7,"[0.2880919156697789, 0.2889500356712737]",1,-1
5148,[0.31987903 0.31250355],5,7,"[0.2880919156697789, 0.2889500356712737]",1,-1
5149,[0.26655956 0.28010322],5,7,"[0.2880919156697789, 0.2889500356712737]",1,-1
5150,[0.22342122 0.2055033 ],5,16,"[0.22214342499776796, 0.1812277944104208]",1,-1
5151,[0.21334197 0.17215167],5,16,"[0.22214342499776796, 0.1812277944104208]",1,-1
5152,[0.26192489 0.15897511],5,16,"[0.22214342499776796, 0.1812277944104208]",1,-1
5153,[0.32226559 0.24803884],5,7,"[0.2880919156697789, 0.2889500356712737]",1,-1
5154,[0.21001011 0.3593159 ],5,15,"[0.188292755006214, 0.3253570325311902]",1,-1
5155,[0.2367056  0.18014967],5,16,"[0.22214342499776796, 0.1812277944104208]",1,-1
5156,[0.21819808 0.31663904],5,15,"[0.188292755006214, 0.3253570325311902]",1,-1
5157,[0.24437493 0.3203757 ],5,7,"[0.2880919156697789, 0.2889500356712737]",1,-1
5158,[0.31074419 0.34519873],5,1,"[0.33650952271243567, 0.3695039184549852]",1,-1
5159,[0.31629434 0.24159801],5,7,"[0.2880919156697789, 0.2889500356712737]",1,-1
5160,[0.20988434 0.27589333],5,15,"[0.188292755006214, 0.3253570325311902]",1,-1
5161,[0.31924937 0.3109312 ],5,7,"[0.2880919156697789, 0.2889500356712737]",1,-1
5162,[0.20626913 0.29465749],5,15,"[0.188292755006214, 0.3253570325311902]",1,-1
5163,[0.25304357 0.25072049],5,7,"[0.2880919156697789, 0.2889500356712737]",1,-1
5164,[0.24503551 0.20631819],5,16,"[0.22214342499776796, 0.1812277944104208]",1,-1
5165,[0.23685437 0.20208728],5,16,"[0.22214342499776796, 0.1812277944104208]",1,-1
5166,[0.25713298 0.30846034],5,7,"[0.2880919156697789, 0.2889500356712737]",1,-1
5167,[0.24623073 0.34425004],5,0,"[0.2473875480073203, 0.39401489827781994]",1,-1
5168,[0.18634835 0.28631505],5,15,"[0.188292755006214, 0.3253570325311902]",1,-1
5169,[0.23167223 0.15419225],5,16,"[0.22214342499776796, 0.1812277944104208]",1,-1
5170,[0.25671875 0.23410834],5,31,"[0.29817086118518243, 0.1888907481789387]",1,-1
5171,[0.28761051 0.16556799],5,31,"[0.29817086118518243, 0.1888907481789387]",1,-1
5172,[0.25195925 0.28998069],5,7,"[0.2880919156697789, 0.2889500356712737]",1,25
5173,[0.30003158 0.20908333],5,31,"[0.29817086118518243, 0.1888907481789387]",1,-1
5174,[0.12196304 0.19576037],5,21,"[0.16948094512787878, 0.2245031809320862]",1,-1
5175,[0.23400231 0.32199426],5,15,"[0.188292755006214, 0.3253570325311902]",1,-1
5176,[0.30902939 0.31065585],5,7,"[0.2880919156697789, 0.2889500356712737]",1,-1
5177,[0.29535297 0.27182651],5,7,"[0.2880919156697789, 0.2889500356712737]",1,-1
5178,[0.24557911 0.28120491],5,7,"[0.2880919156697789, 0.2889500356712737]",1,25
5179,[0.23203584 0.24290956],5,16,"[0.22214342499776796, 0.1812277944104208]",1,-1
5180,[0.26813935 0.31830363],5,7,"[0.2880919156697789, 0.2889500356712737]",1,-1
5181,[0.20873625 0.22642177],5,21,"[0.16948094512787878, 0.2245031809320862]",1,-1
5182,[0.29381912 0.22617183],5,31,"[0.29817086118518243, 0.1888907481789387]",1,-1
5183,[0.25681558 0.20906802],5,16,"[0.22214342499776796, 0.1812277944104208]",1,-1
5184,[0.19910984 0.21013733],5,21,"[0.16948094512787878, 0.2245031809320862]",1,-1
5185,[0.22965044 0.22176854],5,16,"[0.22214342499776796, 0.1812277944104208]",1,31
5186,[0.24941902 0.29913065],5,7,"[0.2880919156697789, 0.2889500356712737]",1,-1
5187,[0.27065426 0.37419286],5,0,"[0.2473875480073203, 0.39401489827781994]",1,-1
5188,[0.2120161  0.27754431],5,15,"[0.188292755006214, 0.3253570325311902]",1,-1
5189,[0.30881514 0.24098074],5,7,"[0.2880919156697789, 0.2889500356712737]",1,-1
5190,[0.14600132 0.34239677],5,15,"[0.188292755006214, 0.3253570325311902]",1,-1
5191,[0.21301424 0.18700963],5,16,"[0.22214342499776796, 0.1812277944104208]",1,-1
5192,[0.30649532 0.2601204 ],5,7,"[0.2880919156697789, 0.2889500356712737]",1,-1
5193,[0.32779543 0.31982322],5,7,"[0.2880919156697789, 0.2889500356712737]",1,-1
5194,[0.26833288 0.17254758],5,31,"[0.29817086118518243, 0.1888907481789387]",1,-1
5195,[0.38749818 0.29679382],5,4,"[0.3937233168939997, 0.29890402186269427]",1,-1
5196,[0.33038942 0.38869819],5,1,"[0.33650952271243567, 0.3695039184549852]",1,-1
5197,[0.24208441 0.22392682],5,16,"[0.22214342499776796, 0.1812277944104208]",1,31
5198,[0.18644191 0.19749623],5,21,"[0.16948094512787878, 0.2245031809320862]",1,-1
5199,[0.23064131 0.34633175],5,15,"[0.188292755006214, 0.3253570325311902]",1,40
5200,[0.26487418 0.23433551],5,31,"[0.29817086118518243, 0.1888907481789387]",1,-1
5201,[0.20256831 0.27497479],5,15,"[0.188292755006214, 0.3253570325311902]",1,-1
5202,[0.2635717 0.3625585],5,0,"[0.2473875480073203, 0.39401489827781994]",1,-1
5203,[0.23066469 0.2191911 ],5,16,"[0.22214342499776796, 0.1812277944104208]",1,-1
5204,[0.22638782 0.2439966 ],5,21,"[0.16948094512787878, 0.2245031809320862]",1,31
5205,[0.17377392 0.27966536],5,15,"[0.188292755006214, 0.3253570325311902]",1,-1
5206,[0.20951974 0.24260988],5,21,"[0.16948094512787878, 0.2245031809320862]",1,31
5207,[0.28209624 0.15117323],5,31,"[0.29817086118518243, 0.1888907481789387]",1,-1
5208,[0.28869031 0.23028762],5,31,"[0.29817086118518243, 0.1888907481789387]",1,-1
5209,[0.30402733 0.2770142 ],5,7,"[0.2880919156697789, 0.2889500356712737]",1,-1
5210,[0.28866375 0.24066274],5,7,"[0.2880919156697789, 0.2889500356712737]",1,-1
5211,[0.21167756 0.32623687],5,15,"[0.188292755006214, 0.3253570325311902]",1,-1
5212,[0.21194226 0.26271088],5,21,"[0.16948094512787878, 0.2245031809320862]",1,32
5213,[0.20819171 0.24534302],5,21,"[0.16948094512787878, 0.2245031809320862]",1,-1
5214,[0.32306396 0.29183205],5,7,"[0.2880919156697789, 0.2889500356712737]",1,-1
5215,[0.26421696 0.33014668],5,7,"[0.2880919156697789, 0.2889500356712737]",1,-1
5216,[0.27061493 0.25198901],5,7,"[0.2880919156697789, 0.2889500356712737]",1,28
5217,[0.23265972 0.20209569],5,16,"[0.22214342499776796, 0.1812277944104208]",1,-1
5218,[0.29656344 0.2672843 ],5,7,"[0.2880919156697789, 0.2889500356712737]",1,-1
5219,[0.26448573 0.20243926],5,31,"[0.29817086118518243, 0.1888907481789387]",1,-1
5220,[0.2554051  0.26885341],5,7,"[0.2880919156697789, 0.2889500356712737]",1,-1
5221,[0.19512955 0.27918446],5,15,"[0.188292755006214, 0.3253570325311902]",1,-1
5222,[0.26910759 0.30450149],5,7,"[0.2880919156697789, 0.2889500356712737]",1,25
5223,[0.23772254 0.33990921],5,15,"[0.188292755006214, 0.3253570325311902]",1,40
5224,[0.1873073 0.2532914],5,21,"[0.16948094512787878, 0.2245031809320862]",1,-1
5225,[0.27003029 0.25938314],5,7,"[0.2880919156697789, 0.2889500356712737]",1,-1
5226,[0.23624315 0.30197225],5,15,"[0.188292755006214, 0.3253570325311902]",1,-1
5227,[0.21092097 0.28148077],5,15,"[0.188292755006214, 0.3253570325311902]",1,-1
5228,[0.29576888 0.22257824],5,31,"[0.29817086118518243, 0.1888907481789387]",1,-1
5229,[0.30047744 0.25840171],5,7,"[0.2880919156697789, 0.2889500356712737]",1,-1
5230,[0.25106872 0.28417805],5,7,"[0.2880919156697789, 0.2889500356712737]",1,25
5231,[0.28415073 0.27347906],5,7,"[0.2880919156697789, 0.2889500356712737]",1,-1
5232,[0.24435716 0.20603307],5,16,"[0.22214342499776796, 0.1812277944104208]",1,-1
5233,[0.21841717 0.22225582],5,16,"[0.22214342499776796, 0.1812277944104208]",1,31
5234,[0.301595  0.1848127],5,31,"[0.29817086118518243, 0.1888907481789387]",1,-1
5235,[0.28107309 0.27905544],5,7,"[0.2880919156697789, 0.2889500356712737]",1,-1
5236,[0.30348279 0.21150373],5,31,"[0.29817086118518243, 0.1888907481789387]",1,-1
5237,[0.26546211 0.24046856],5,7,"[0.2880919156697789, 0.2889500356712737]",1,28
5238,[0.27360223 0.23425192],5,31,"[0.29817086118518243, 0.1888907481789387]",1,30
5239,[0.08577247 0.27567001],5,-1,-1,1,-1
5240,[0.29580535 0.29670637],5,7,"[0.2880919156697789, 0.2889500356712737]",1,-1
5241,[0.29678281 0.2448042 ],5,7,"[0.2880919156697789, 0.2889500356712737]",1,-1
5242,[0.29074449 0.23048834],5,31,"[0.29817086118518243, 0.1888907481789387]",1,-1
5243,[0.28893116 0.29150465],5,7,"[0.2880919156697789, 0.2889500356712737]",1,-1
5244,[0.26826797 0.19113078],5,31,"[0.29817086118518243, 0.1888907481789387]",1,-1
5245,[0.21848459 0.29769978],5,15,"[0.188292755006214, 0.3253570325311902]",1,-1
5246,[0.31066905 0.29634498],5,7,"[0.2880919156697789, 0.2889500356712737]",1,-1
5247,[0.18551442 0.16697734],5,16,"[0.22214342499776796, 0.1812277944104208]",1,-1
5248,[0.3347027  0.26708319],5,7,"[0.2880919156697789, 0.2889500356712737]",1,-1
5249,[0.29323291 0.30109129],5,7,"[0.2880919156697789, 0.2889500356712737]",1,-1
5250,[0.21501867 0.29740484],5,15,"[0.188292755006214, 0.3253570325311902]",1,-1
5251,[0.24264679 0.28572457],5,7,"[0.2880919156697789, 0.2889500356712737]",1,25
5252,[0.19198763 0.31248832],5,15,"[0.188292755006214, 0.3253570325311902]",1,-1
5253,[0.18770088 0.18474149],5,16,"[0.22214342499776796, 0.1812277944104208]",1,-1
5254,[0.2226358  0.20764194],5,16,"[0.22214342499776796, 0.1812277944104208]",1,-1
5255,[0.24672043 0.33604741],5,0,"[0.2473875480073203, 0.39401489827781994]",1,-1
5256,[0.29356275 0.32380563],5,7,"[0.2880919156697789, 0.2889500356712737]",1,-1
5257,[0.18488648 0.36301016],5,15,"[0.188292755006214, 0.3253570325311902]",1,-1
5258,[0.23042708 0.29896193],5,15,"[0.188292755006214, 0.3253570325311902]",1,-1
5259,[0.26470385 0.26194806],5,7,"[0.2880919156697789, 0.2889500356712737]",1,-1
5260,[0.27464193 0.33515007],5,7,"[0.2880919156697789, 0.2889500356712737]",1,27
5261,[0.28587567 0.29137723],5,7,"[0.2880919156697789, 0.2889500356712737]",1,-1
5262,[0.2739196  0.45787342],5,13,"[0.32294489274299887, 0.4620611538839558]",1,29
5263,[0.23781819 0.29807505],5,7,"[0.2880919156697789, 0.2889500356712737]",1,-1
5264,[0.22353246 0.28290705],5,15,"[0.188292755006214, 0.3253570325311902]",1,-1
5265,[0.25060663 0.24368649],5,7,"[0.2880919156697789, 0.2889500356712737]",1,28
5266,[0.22904736 0.20968395],5,16,"[0.22214342499776796, 0.1812277944104208]",1,-1
5267,[0.2904442 0.212232 ],5,31,"[0.29817086118518243, 0.1888907481789387]",1,-1
5268,[0.43616499 0.26022106],5,4,"[0.3937233168939997, 0.29890402186269427]",1,-1
5269,[0.2389828  0.30921669],5,7,"[0.2880919156697789, 0.2889500356712737]",1,-1
5270,[0.25688109 0.24377945],5,7,"[0.2880919156697789, 0.2889500356712737]",1,28
5271,[0.24132226 0.23293622],5,16,"[0.22214342499776796, 0.1812277944104208]",1,31
5272,[0.22641329 0.26155403],5,7,"[0.2880919156697789, 0.2889500356712737]",1,-1
5273,[0.30917083 0.24041945],5,31,"[0.29817086118518243, 0.1888907481789387]",1,-1
5274,[0.27306222 0.33503853],5,7,"[0.2880919156697789, 0.2889500356712737]",1,-1
5275,[0.36837344 0.33116953],5,4,"[0.3937233168939997, 0.29890402186269427]",1,-1
5276,[0.25896106 0.27897483],5,7,"[0.2880919156697789, 0.2889500356712737]",1,-1
5277,[0.25209456 0.17894389],5,16,"[0.22214342499776796, 0.1812277944104208]",1,22
5278,[0.24760554 0.31969243],5,7,"[0.2880919156697789, 0.2889500356712737]",1,-1
5279,[0.27091785 0.19319594],5,31,"[0.29817086118518243, 0.1888907481789387]",1,-1
5280,[0.25894053 0.20235698],5,31,"[0.29817086118518243, 0.1888907481789387]",1,-1
5281,[0.32412856 0.17722332],5,31,"[0.29817086118518243, 0.1888907481789387]",1,-1
5282,[0.18519347 0.30045275],5,15,"[0.188292755006214, 0.3253570325311902]",1,-1
5283,[0.21491115 0.25881916],5,21,"[0.16948094512787878, 0.2245031809320862]",1,-1
5284,[0.19941571 0.24593276],5,21,"[0.16948094512787878, 0.2245031809320862]",1,-1
5285,[0.26770807 0.21502981],5,31,"[0.29817086118518243, 0.1888907481789387]",1,30
5286,[0.28566218 0.27518402],5,7,"[0.2880919156697789, 0.2889500356712737]",1,-1
5287,[0.21892292 0.28098226],5,15,"[0.188292755006214, 0.3253570325311902]",1,-1
5288,[0.29717655 0.23569866],5,31,"[0.29817086118518243, 0.1888907481789387]",1,-1
5289,[0.29141997 0.23947674],5,7,"[0.2880919156697789, 0.2889500356712737]",1,-1
5290,[0.20591333 0.26950784],5,21,"[0.16948094512787878, 0.2245031809320862]",1,32
5291,[0.1844642  0.28547829],5,15,"[0.188292755006214, 0.3253570325311902]",1,-1
5292,[0.30185217 0.22107228],5,31,"[0.29817086118518243, 0.1888907481789387]",1,-1
5293,[0.20993213 0.24036298],5,21,"[0.16948094512787878, 0.2245031809320862]",1,31
5294,[0.16728549 0.26891171],5,21,"[0.16948094512787878, 0.2245031809320862]",1,-1
5295,[0.1735074  0.26815298],5,21,"[0.16948094512787878, 0.2245031809320862]",1,-1
5296,[0.30254168 0.34743657],5,1,"[0.33650952271243567, 0.3695039184549852]",1,-1
5297,[0.27893039 0.22933527],5,31,"[0.29817086118518243, 0.1888907481789387]",1,-1
5298,[0.22837892 0.18895489],5,16,"[0.22214342499776796, 0.1812277944104208]",1,-1
5299,[0.31754787 0.27351978],5,7,"[0.2880919156697789, 0.2889500356712737]",1,-1
5300,[0.27237381 0.29391461],5,7,"[0.2880919156697789, 0.2889500356712737]",1,-1
5301,[0.2308182  0.34612126],5,15,"[0.188292755006214, 0.3253570325311902]",1,40
5302,[0.1753927  0.36642128],5,15,"[0.188292755006214, 0.3253570325311902]",1,-1
5303,[0.21604803 0.16937701],5,16,"[0.22214342499776796, 0.1812277944104208]",1,-1
5304,[0.33195897 0.23826903],5,31,"[0.29817086118518243, 0.1888907481789387]",1,-1
5305,[0.07898543 0.22173477],5,-1,-1,-1,-1
5306,[0.30044971 0.31337385],5,7,"[0.2880919156697789, 0.2889500356712737]",1,-1
5307,[0.30924026 0.28597037],5,7,"[0.2880919156697789, 0.2889500356712737]",1,-1
5308,[0.23861699 0.33176386],5,15,"[0.188292755006214, 0.3253570325311902]",1,-1
5309,[0.24811561 0.27086922],5,7,"[0.2880919156697789, 0.2889500356712737]",1,-1
5310,[0.23160129 0.28908134],5,7,"[0.2880919156697789, 0.2889500356712737]",1,-1
5311,[0.22945968 0.29477368],5,15,"[0.188292755006214, 0.3253570325311902]",1,-1
5312,[0.31784673 0.29241593],5,7,"[0.2880919156697789, 0.2889500356712737]",1,-1
5313,[0.22731281 0.32543699],5,15,"[0.188292755006214, 0.3253570325311902]",1,-1
5314,[0.17656543 0.24735421],5,21,"[0.16948094512787878, 0.2245031809320862]",1,-1
5315,[0.20927734 0.18385904],5,16,"[0.22214342499776796, 0.1812277944104208]",1,-1
5316,[0.14313437 0.22261076],5,21,"[0.16948094512787878, 0.2245031809320862]",1,-1
5317,[0.27333018 0.31142852],5,7,"[0.2880919156697789, 0.2889500356712737]",1,-1
5318,[0.2870264  0.23380735],5,31,"[0.29817086118518243, 0.1888907481789387]",1,-1
5319,[0.26999412 0.27290101],5,7,"[0.2880919156697789, 0.2889500356712737]",1,-1
5320,[0.25622811 0.24237395],5,7,"[0.2880919156697789, 0.2889500356712737]",1,28
5321,[0.34932146 0.34101154],5,1,"[0.33650952271243567, 0.3695039184549852]",1,-1
5322,[0.31143837 0.3190189 ],5,7,"[0.2880919156697789, 0.2889500356712737]",1,-1
5323,[0.22440914 0.2487653 ],5,21,"[0.16948094512787878, 0.2245031809320862]",1,31
5324,[0.2858486 0.2284741],5,31,"[0.29817086118518243, 0.1888907481789387]",1,-1
5325,[0.20567262 0.30529833],5,15,"[0.188292755006214, 0.3253570325311902]",1,-1
5326,[0.2832888  0.14102516],5,31,"[0.29817086118518243, 0.1888907481789387]",1,-1
5327,[0.23668782 0.34853988],5,0,"[0.2473875480073203, 0.39401489827781994]",1,40
5328,[0.19271149 0.32320234],5,15,"[0.188292755006214, 0.3253570325311902]",1,-1
5329,[0.22783439 0.13779316],5,16,"[0.22214342499776796, 0.1812277944104208]",1,-1
5330,[0.25785404 0.22457116],5,31,"[0.29817086118518243, 0.1888907481789387]",1,-1
5331,[0.24452799 0.23595963],5,16,"[0.22214342499776796, 0.1812277944104208]",1,-1
5332,[0.15963329 0.33801294],5,15,"[0.188292755006214, 0.3253570325311902]",1,-1
5333,[0.1650742  0.24064643],5,21,"[0.16948094512787878, 0.2245031809320862]",1,-1
5334,[0.29671717 0.27545853],5,7,"[0.2880919156697789, 0.2889500356712737]",1,-1
5335,[0.24061797 0.3032358 ],5,7,"[0.2880919156697789, 0.2889500356712737]",1,-1
5336,[0.3003496  0.25429998],5,7,"[0.2880919156697789, 0.2889500356712737]",1,-1
5337,[0.32626848 0.30204413],5,7,"[0.2880919156697789, 0.2889500356712737]",1,-1
5338,[0.23884795 0.26036125],5,7,"[0.2880919156697789, 0.2889500356712737]",1,-1
5339,[0.22247002 0.2759446 ],5,15,"[0.188292755006214, 0.3253570325311902]",1,-1
5340,[0.17675158 0.32618656],5,15,"[0.188292755006214, 0.3253570325311902]",1,-1
5341,[0.32626799 0.25593099],5,7,"[0.2880919156697789, 0.2889500356712737]",1,-1
5342,[0.18232212 0.29687498],5,15,"[0.188292755006214, 0.3253570325311902]",1,-1
5343,[0.25233993 0.3162097 ],5,7,"[0.2880919156697789, 0.2889500356712737]",1,-1
5344,[0.23945544 0.27076361],5,7,"[0.2880919156697789, 0.2889500356712737]",1,-1
5345,[0.28717239 0.25661188],5,7,"[0.2880919156697789, 0.2889500356712737]",1,-1
5346,[0.13658176 0.28981747],5,15,"[0.188292755006214, 0.3253570325311902]",1,-1
5347,[0.2555476  0.33168292],5,7,"[0.2880919156697789, 0.2889500356712737]",1,-1
5348,[0.28932054 0.27401197],5,7,"[0.2880919156697789, 0.2889500356712737]",1,-1
5349,[0.27746607 0.2222686 ],5,31,"[0.29817086118518243, 0.1888907481789387]",1,-1
5350,[0.16746274 0.25720585],5,21,"[0.16948094512787878, 0.2245031809320862]",1,-1
5351,[0.27861756 0.28842725],5,7,"[0.2880919156697789, 0.2889500356712737]",1,-1
5352,[0.23220323 0.25908149],5,7,"[0.2880919156697789, 0.2889500356712737]",1,-1
5353,[0.24363731 0.18746384],5,16,"[0.22214342499776796, 0.1812277944104208]",1,-1
5354,[0.21549351 0.36532505],5,0,"[0.2473875480073203, 0.39401489827781994]",1,-1
5355,[0.28946136 0.22093412],5,31,"[0.29817086118518243, 0.1888907481789387]",1,-1
5356,[0.31257089 0.1815824 ],5,31,"[0.29817086118518243, 0.1888907481789387]",1,-1
5357,[0.24072771 0.2054383 ],5,16,"[0.22214342499776796, 0.1812277944104208]",1,-1
5358,[0.12239346 0.30396959],5,15,"[0.188292755006214, 0.3253570325311902]",1,-1
5359,[0.28496572 0.30714302],5,7,"[0.2880919156697789, 0.2889500356712737]",1,-1
5360,[0.2032732 0.2758147],5,15,"[0.188292755006214, 0.3253570325311902]",1,-1
5361,[0.21015265 0.19738167],5,16,"[0.22214342499776796, 0.1812277944104208]",1,-1
5362,[0.18530133 0.34020643],5,15,"[0.188292755006214, 0.3253570325311902]",1,-1
5363,[0.28715252 0.37627236],5,0,"[0.2473875480073203, 0.39401489827781994]",1,-1
5364,[0.1810096  0.26864623],5,21,"[0.16948094512787878, 0.2245031809320862]",1,-1
5365,[0.18381978 0.18957741],5,21,"[0.16948094512787878, 0.2245031809320862]",1,-1
5366,[0.24904774 0.34259288],5,0,"[0.2473875480073203, 0.39401489827781994]",1,-1
5367,[0.23793548 0.29783719],5,7,"[0.2880919156697789, 0.2889500356712737]",1,-1
5368,[0.21470322 0.26888492],5,15,"[0.188292755006214, 0.3253570325311902]",1,32
5369,[0.286076   0.30022278],5,7,"[0.2880919156697789, 0.2889500356712737]",1,-1
5370,[0.20356804 0.19439684],5,16,"[0.22214342499776796, 0.1812277944104208]",1,-1
5371,[0.28995992 0.30074617],5,7,"[0.2880919156697789, 0.2889500356712737]",1,-1
5372,[0.28755048 0.33387582],5,7,"[0.2880919156697789, 0.2889500356712737]",1,-1
5373,[0.23331315 0.3317244 ],5,15,"[0.188292755006214, 0.3253570325311902]",1,-1
5374,[0.28004133 0.29137463],5,7,"[0.2880919156697789, 0.2889500356712737]",1,-1
5375,[0.30355296 0.20400904],5,31,"[0.29817086118518243, 0.1888907481789387]",1,-1
5376,[0.34725152 0.34308589],5,1,"[0.33650952271243567, 0.3695039184549852]",1,-1
5377,[0.36373648 0.30064809],5,4,"[0.3937233168939997, 0.29890402186269427]",1,-1
5378,[0.25106108 0.28503326],5,7,"[0.2880919156697789, 0.2889500356712737]",1,25
5379,[0.29914305 0.26363763],5,7,"[0.2880919156697789, 0.2889500356712737]",1,-1
5380,[0.28437691 0.1667288 ],5,31,"[0.29817086118518243, 0.1888907481789387]",1,-1
5381,[0.32966921 0.33706798],5,1,"[0.33650952271243567, 0.3695039184549852]",1,-1
5382,[0.22922334 0.20754985],5,16,"[0.22214342499776796, 0.1812277944104208]",1,-1
5383,[0.21365219 0.28772417],5,15,"[0.188292755006214, 0.3253570325311902]",1,-1
5384,[0.21220624 0.26103337],5,21,"[0.16948094512787878, 0.2245031809320862]",1,32
5385,[0.23222633 0.24687383],5,16,"[0.22214342499776796, 0.1812277944104208]",1,-1
5386,[0.26425594 0.23954913],5,7,"[0.2880919156697789, 0.2889500356712737]",1,-1
5387,[0.2063349  0.21617759],5,21,"[0.16948094512787878, 0.2245031809320862]",1,31
5388,[0.19883489 0.34735538],5,15,"[0.188292755006214, 0.3253570325311902]",1,-1
5389,[0.26814508 0.26328629],5,7,"[0.2880919156697789, 0.2889500356712737]",1,-1
5390,[0.33150428 0.26469121],5,7,"[0.2880919156697789, 0.2889500356712737]",1,-1
5391,[0.17782183 0.3541448 ],5,15,"[0.188292755006214, 0.3253570325311902]",1,-1
5392,[0.20215365 0.31999285],5,15,"[0.188292755006214, 0.3253570325311902]",1,-1
5393,[0.21822751 0.22173862],5,16,"[0.22214342499776796, 0.1812277944104208]",1,31
5394,[0.31112271 0.19761081],5,31,"[0.29817086118518243, 0.1888907481789387]",1,-1
5395,[0.22557579 0.29191604],5,15,"[0.188292755006214, 0.3253570325311902]",1,-1
5396,[0.22449005 0.15945447],5,16,"[0.22214342499776796, 0.1812277944104208]",1,-1
5397,[0.21706738 0.2575768 ],5,21,"[0.16948094512787878, 0.2245031809320862]",1,-1
5398,[0.23991118 0.25808491],5,7,"[0.2880919156697789, 0.2889500356712737]",1,-1
5399,[0.2063349  0.25846573],5,21,"[0.16948094512787878, 0.2245031809320862]",1,31
5400,[0.27432514 0.23772886],5,7,"[0.2880919156697789, 0.2889500356712737]",1,-1
5401,[0.27796047 0.26590177],5,7,"[0.2880919156697789, 0.2889500356712737]",1,-1
5402,[0.19125408 0.25420719],5,21,"[0.16948094512787878, 0.2245031809320862]",1,-1
5403,[0.28051431 0.24512039],5,7,"[0.2880919156697789, 0.2889500356712737]",1,-1
5404,[0.21192463 0.29787282],5,15,"[0.188292755006214, 0.3253570325311902]",1,-1
5405,[0.24986345 0.20709843],5,16,"[0.22214342499776796, 0.1812277944104208]",1,-1
5406,[0.26550781 0.36722881],5,0,"[0.2473875480073203, 0.39401489827781994]",1,-1
5407,[0.18402242 0.29659099],5,15,"[0.188292755006214, 0.3253570325311902]",1,-1
5408,[0.30467691 0.24613798],5,7,"[0.2880919156697789, 0.2889500356712737]",1,-1
5409,[0.32128391 0.34841529],5,1,"[0.33650952271243567, 0.3695039184549852]",1,-1
5410,[0.14933458 0.27501209],5,21,"[0.16948094512787878, 0.2245031809320862]",1,-1
5411,[0.30890838 0.34715327],5,1,"[0.33650952271243567, 0.3695039184549852]",1,-1
5412,[0.27669868 0.24281724],5,7,"[0.2880919156697789, 0.2889500356712737]",1,-1
5413,[0.29836762 0.25442465],5,7,"[0.2880919156697789, 0.2889500356712737]",1,-1
5414,[0.29092327 0.24556516],5,7,"[0.2880919156697789, 0.2889500356712737]",1,-1
5415,[0.32297149 0.34100604],5,1,"[0.33650952271243567, 0.3695039184549852]",1,-1
5416,[0.28047454 0.28708303],5,7,"[0.2880919156697789, 0.2889500356712737]",1,-1
5417,[0.23724957 0.20884526],5,16,"[0.22214342499776796, 0.1812277944104208]",1,-1
5418,[0.28852504 0.23666106],5,31,"[0.29817086118518243, 0.1888907481789387]",1,-1
5419,[0.16618049 0.26860607],5,21,"[0.16948094512787878, 0.2245031809320862]",1,-1
5420,[0.29523601 0.30572615],5,7,"[0.2880919156697789, 0.2889500356712737]",1,-1
5421,[0.18943952 0.25775826],5,21,"[0.16948094512787878, 0.2245031809320862]",1,-1
5422,[0.2624061  0.20533565],5,31,"[0.29817086118518243, 0.1888907481789387]",1,30
5423,[0.31314675 0.19841701],5,31,"[0.29817086118518243, 0.1888907481789387]",1,-1
5424,[0.33457189 0.31580997],5,7,"[0.2880919156697789, 0.2889500356712737]",1,-1
5425,[0.22113695 0.28164732],5,15,"[0.188292755006214, 0.3253570325311902]",1,-1
5426,[0.34541382 0.26632455],5,4,"[0.3937233168939997, 0.29890402186269427]",1,-1
5427,[0.22590881 0.27862722],5,15,"[0.188292755006214, 0.3253570325311902]",1,-1
5428,[0.19070889 0.31240896],5,15,"[0.188292755006214, 0.3253570325311902]",1,-1
5429,[0.28973345 0.30239702],5,7,"[0.2880919156697789, 0.2889500356712737]",1,-1
5430,[0.21117973 0.20050327],5,16,"[0.22214342499776796, 0.1812277944104208]",1,31
5431,[0.30880831 0.26190902],5,7,"[0.2880919156697789, 0.2889500356712737]",1,-1
5432,[0.20454703 0.33314088],5,15,"[0.188292755006214, 0.3253570325311902]",1,-1
5433,[0.26050542 0.31790167],5,7,"[0.2880919156697789, 0.2889500356712737]",1,-1
5434,[0.27729044 0.1968523 ],5,31,"[0.29817086118518243, 0.1888907481789387]",1,-1
5435,[0.40347584 0.29215478],5,4,"[0.3937233168939997, 0.29890402186269427]",1,-1
5436,[0.25990594 0.27813937],5,7,"[0.2880919156697789, 0.2889500356712737]",1,-1
5437,[0.21689026 0.34774146],5,15,"[0.188292755006214, 0.3253570325311902]",1,-1
5438,[0.2157241 0.270693 ],5,15,"[0.188292755006214, 0.3253570325311902]",1,32
5439,[0.27810231 0.32408675],5,7,"[0.2880919156697789, 0.2889500356712737]",1,-1
5440,[0.2890884 0.2190816],5,31,"[0.29817086118518243, 0.1888907481789387]",1,-1
5441,[0.18774113 0.18532345],5,16,"[0.22214342499776796, 0.1812277944104208]",1,-1
5442,[0.21422352 0.29950707],5,15,"[0.188292755006214, 0.3253570325311902]",1,-1
5443,[0.25598131 0.34704792],5,0,"[0.2473875480073203, 0.39401489827781994]",1,-1
5444,[0.17524691 0.32539735],5,15,"[0.188292755006214, 0.3253570325311902]",1,-1
5445,[0.2558384  0.16566079],5,16,"[0.22214342499776796, 0.1812277944104208]",1,-1
5446,[0.22409513 0.25384422],5,21,"[0.16948094512787878, 0.2245031809320862]",1,-1
5447,[0.29504371 0.30198369],5,7,"[0.2880919156697789, 0.2889500356712737]",1,-1
5448,[0.21334227 0.22749714],5,21,"[0.16948094512787878, 0.2245031809320862]",1,-1
5449,[0.28600345 0.23312885],5,31,"[0.29817086118518243, 0.1888907481789387]",1,-1
5450,[0.17126279 0.27373252],5,21,"[0.16948094512787878, 0.2245031809320862]",1,-1
5451,[0.31284625 0.27804105],5,7,"[0.2880919156697789, 0.2889500356712737]",1,-1
5452,[0.29243844 0.26019771],5,7,"[0.2880919156697789, 0.2889500356712737]",1,-1
5453,[0.24203077 0.21864979],5,16,"[0.22214342499776796, 0.1812277944104208]",1,-1
5454,[0.26834755 0.22986286],5,31,"[0.29817086118518243, 0.1888907481789387]",1,-1
5455,[0.25734469 0.24359826],5,7,"[0.2880919156697789, 0.2889500356712737]",1,28
5456,[0.24654341 0.2461389 ],5,7,"[0.2880919156697789, 0.2889500356712737]",1,-1
5457,[0.21007709 0.23011017],5,21,"[0.16948094512787878, 0.2245031809320862]",1,-1
5458,[0.14897189 0.30352297],5,15,"[0.188292755006214, 0.3253570325311902]",1,-1
5459,[0.26634297 0.30868205],5,7,"[0.2880919156697789, 0.2889500356712737]",1,25
5460,[0.2308606 0.1968103],5,16,"[0.22214342499776796, 0.1812277944104208]",1,31
5461,[0.31450907 0.18821669],5,31,"[0.29817086118518243, 0.1888907481789387]",1,-1
5462,[0.23685396 0.21377456],5,16,"[0.22214342499776796, 0.1812277944104208]",1,-1
5463,[0.29848898 0.34743882],5,1,"[0.33650952271243567, 0.3695039184549852]",1,-1
5464,[0.21428081 0.24870346],5,21,"[0.16948094512787878, 0.2245031809320862]",1,-1
5465,[0.24475272 0.27222565],5,7,"[0.2880919156697789, 0.2889500356712737]",1,-1
5466,[0.24371192 0.24347559],5,7,"[0.2880919156697789, 0.2889500356712737]",1,-1
5467,[0.31288426 0.35438745],5,1,"[0.33650952271243567, 0.3695039184549852]",1,-1
5468,[0.24952505 0.2808381 ],5,7,"[0.2880919156697789, 0.2889500356712737]",1,25
5469,[0.22480662 0.32317796],5,15,"[0.188292755006214, 0.3253570325311902]",1,-1
5470,[0.25273479 0.21545717],5,16,"[0.22214342499776796, 0.1812277944104208]",1,-1
5471,[0.30017151 0.29898719],5,7,"[0.2880919156697789, 0.2889500356712737]",1,-1
5472,[0.29292785 0.29623783],5,7,"[0.2880919156697789, 0.2889500356712737]",1,-1
5473,[0.21760139 0.33044062],5,15,"[0.188292755006214, 0.3253570325311902]",1,-1
5474,[0.29849809 0.28412266],5,7,"[0.2880919156697789, 0.2889500356712737]",1,-1
5475,[0.24099145 0.29284458],5,7,"[0.2880919156697789, 0.2889500356712737]",1,-1
5476,[0.20699919 0.29278547],5,15,"[0.188292755006214, 0.3253570325311902]",1,-1
5477,[0.3197554  0.29838151],5,7,"[0.2880919156697789, 0.2889500356712737]",1,-1
5478,[0.24174989 0.17887015],5,16,"[0.22214342499776796, 0.1812277944104208]",1,-1
5479,[0.26184508 0.21928717],5,31,"[0.29817086118518243, 0.1888907481789387]",1,-1
5480,[0.34365528 0.2941268 ],5,4,"[0.3937233168939997, 0.29890402186269427]",1,-1
5481,[0.17951581 0.27496281],5,15,"[0.188292755006214, 0.3253570325311902]",1,-1
5482,[0.20855844 0.21459285],5,16,"[0.22214342499776796, 0.1812277944104208]",1,31
5483,[0.2038006  0.23467389],5,21,"[0.16948094512787878, 0.2245031809320862]",1,-1
5484,[0.28115036 0.20103574],5,31,"[0.29817086118518243, 0.1888907481789387]",1,-1
5485,[0.1945311  0.26016486],5,21,"[0.16948094512787878, 0.2245031809320862]",1,-1
5486,[0.27454741 0.36374894],5,0,"[0.2473875480073203, 0.39401489827781994]",1,-1
5487,[0.21106705 0.26389574],5,21,"[0.16948094512787878, 0.2245031809320862]",1,32
5488,[0.28243524 0.28178931],5,7,"[0.2880919156697789, 0.2889500356712737]",1,-1
5489,[0.20276856 0.26342127],5,21,"[0.16948094512787878, 0.2245031809320862]",1,32
5490,[0.35440371 0.26595661],5,4,"[0.3937233168939997, 0.29890402186269427]",1,-1
5491,[0.20961554 0.29675783],5,15,"[0.188292755006214, 0.3253570325311902]",1,-1
5492,[0.25828313 0.30519465],5,7,"[0.2880919156697789, 0.2889500356712737]",1,-1
5493,[0.29169442 0.41059773],5,0,"[0.2473875480073203, 0.39401489827781994]",1,-1
5494,[0.15365779 0.25210617],5,21,"[0.16948094512787878, 0.2245031809320862]",1,-1
5495,[0.2683473  0.19532563],5,31,"[0.29817086118518243, 0.1888907481789387]",1,-1
5496,[0.26179853 0.31075732],5,7,"[0.2880919156697789, 0.2889500356712737]",1,-1
5497,[0.25958069 0.23910087],5,7,"[0.2880919156697789, 0.2889500356712737]",1,28
5498,[0.2455025  0.31667291],5,7,"[0.2880919156697789, 0.2889500356712737]",1,-1
5499,[0.19967736 0.31540379],5,15,"[0.188292755006214, 0.3253570325311902]",1,-1
5500,[0.25111278 0.28782687],5,7,"[0.2880919156697789, 0.2889500356712737]",1,25
5501,[0.25855235 0.31106695],5,7,"[0.2880919156697789, 0.2889500356712737]",1,-1
5502,[0.27257351 0.25212751],5,7,"[0.2880919156697789, 0.2889500356712737]",1,28
5503,[0.24471599 0.29993822],5,7,"[0.2880919156697789, 0.2889500356712737]",1,-1
5504,[0.27317679 0.24781331],5,7,"[0.2880919156697789, 0.2889500356712737]",1,28
5505,[0.2700448  0.33756439],5,7,"[0.2880919156697789, 0.2889500356712737]",1,-1
5506,[0.22895023 0.33805704],5,15,"[0.188292755006214, 0.3253570325311902]",1,-1
5507,[0.29022941 0.26204943],5,7,"[0.2880919156697789, 0.2889500356712737]",1,-1
5508,[0.1453888  0.24991535],5,21,"[0.16948094512787878, 0.2245031809320862]",1,-1
5509,[0.20144701 0.2869469 ],5,15,"[0.188292755006214, 0.3253570325311902]",1,-1
5510,[0.20450095 0.32821254],5,15,"[0.188292755006214, 0.3253570325311902]",1,-1
5511,[0.24595393 0.23003503],5,16,"[0.22214342499776796, 0.1812277944104208]",1,-1
5512,[0.24361955 0.21716323],5,16,"[0.22214342499776796, 0.1812277944104208]",1,-1
5513,[0.19444027 0.1728548 ],5,16,"[0.22214342499776796, 0.1812277944104208]",1,-1
5514,[0.22142708 0.21983842],5,16,"[0.22214342499776796, 0.1812277944104208]",1,31
5515,[0.2097706  0.29842724],5,15,"[0.188292755006214, 0.3253570325311902]",1,-1
5516,[0.18852695 0.19924019],5,21,"[0.16948094512787878, 0.2245031809320862]",1,-1
5517,[0.21946022 0.2495839 ],5,21,"[0.16948094512787878, 0.2245031809320862]",1,-1
5518,[0.16675375 0.22579705],5,21,"[0.16948094512787878, 0.2245031809320862]",1,-1
5519,[0.22967668 0.27297653],5,7,"[0.2880919156697789, 0.2889500356712737]",1,-1
5520,[0.1694565  0.20430941],5,21,"[0.16948094512787878, 0.2245031809320862]",1,-1
5521,[0.34247839 0.25324978],5,7,"[0.2880919156697789, 0.2889500356712737]",1,-1
5522,[0.33146733 0.39456845],5,1,"[0.33650952271243567, 0.3695039184549852]",1,-1
5523,[0.22693162 0.22275121],5,16,"[0.22214342499776796, 0.1812277944104208]",1,31
5524,[0.26984396 0.27808445],5,7,"[0.2880919156697789, 0.2889500356712737]",1,-1
5525,[0.1665035  0.25334882],5,21,"[0.16948094512787878, 0.2245031809320862]",1,-1
5526,[0.22504953 0.30497771],5,15,"[0.188292755006214, 0.3253570325311902]",1,-1
5527,[0.19732313 0.20542302],5,21,"[0.16948094512787878, 0.2245031809320862]",1,-1
5528,[0.29795287 0.3062729 ],5,7,"[0.2880919156697789, 0.2889500356712737]",1,-1
5529,[0.32417952 0.31226382],5,7,"[0.2880919156697789, 0.2889500356712737]",1,-1
5530,[0.1831587  0.33178998],5,15,"[0.188292755006214, 0.3253570325311902]",1,-1
5531,[0.23379116 0.28492954],5,7,"[0.2880919156697789, 0.2889500356712737]",1,-1
5532,[0.18170699 0.24136287],5,21,"[0.16948094512787878, 0.2245031809320862]",1,-1
5533,[0.26165663 0.27357086],5,7,"[0.2880919156697789, 0.2889500356712737]",1,-1
5534,[0.25212281 0.2370042 ],5,7,"[0.2880919156697789, 0.2889500356712737]",1,-1
5535,[0.25707898 0.28680695],5,7,"[0.2880919156697789, 0.2889500356712737]",1,25
5536,[0.22378381 0.31814288],5,15,"[0.188292755006214, 0.3253570325311902]",1,-1
5537,[0.2743001  0.26942765],5,7,"[0.2880919156697789, 0.2889500356712737]",1,-1
5538,[0.26965454 0.28315502],5,7,"[0.2880919156697789, 0.2889500356712737]",1,-1
5539,[0.27263966 0.25667605],5,7,"[0.2880919156697789, 0.2889500356712737]",1,28
5540,[0.29906836 0.17852667],5,31,"[0.29817086118518243, 0.1888907481789387]",1,-1
5541,[0.21286923 0.22268527],5,16,"[0.22214342499776796, 0.1812277944104208]",1,31
5542,[0.21779856 0.27001528],5,15,"[0.188292755006214, 0.3253570325311902]",1,32
5543,[0.26757037 0.27540789],5,7,"[0.2880919156697789, 0.2889500356712737]",1,-1
5544,[0.28763569 0.22562611],5,31,"[0.29817086118518243, 0.1888907481789387]",1,-1
5545,[0.2470953  0.33186378],5,15,"[0.188292755006214, 0.3253570325311902]",1,-1
5546,[0.188623  0.3633597],5,15,"[0.188292755006214, 0.3253570325311902]",1,-1
5547,[0.24077388 0.35629192],5,0,"[0.2473875480073203, 0.39401489827781994]",1,-1
5548,[0.24145147 0.15221478],5,16,"[0.22214342499776796, 0.1812277944104208]",1,-1
5549,[0.19221804 0.31267459],5,15,"[0.188292755006214, 0.3253570325311902]",1,-1
5550,[0.2102976  0.29129882],5,15,"[0.188292755006214, 0.3253570325311902]",1,-1
5551,[0.23554837 0.20407011],5,16,"[0.22214342499776796, 0.1812277944104208]",1,-1
5552,[0.23528027 0.33998551],5,15,"[0.188292755006214, 0.3253570325311902]",1,40
5553,[0.27186428 0.21745194],5,31,"[0.29817086118518243, 0.1888907481789387]",1,30
5554,[0.25653511 0.26957219],5,7,"[0.2880919156697789, 0.2889500356712737]",1,-1
5555,[0.19579716 0.33006515],5,15,"[0.188292755006214, 0.3253570325311902]",1,-1
5556,[0.18505963 0.25858357],5,21,"[0.16948094512787878, 0.2245031809320862]",1,-1
5557,[0.28015457 0.27428127],5,7,"[0.2880919156697789, 0.2889500356712737]",1,-1
5558,[0.23662672 0.28722494],5,7,"[0.2880919156697789, 0.2889500356712737]",1,-1
5559,[0.2595376  0.37195583],5,0,"[0.2473875480073203, 0.39401489827781994]",1,-1
5560,[0.22748688 0.29707533],5,15,"[0.188292755006214, 0.3253570325311902]",1,-1
5561,[0.35588899 0.22188269],5,31,"[0.29817086118518243, 0.1888907481789387]",1,-1
5562,[0.2682329  0.36333445],5,0,"[0.2473875480073203, 0.39401489827781994]",1,-1
5563,[0.30993008 0.22472272],5,31,"[0.29817086118518243, 0.1888907481789387]",1,-1
5564,[0.25711298 0.25083276],5,7,"[0.2880919156697789, 0.2889500356712737]",1,-1
5565,[0.16598382 0.23043004],5,21,"[0.16948094512787878, 0.2245031809320862]",1,-1
5566,[0.24605207 0.154278  ],5,16,"[0.22214342499776796, 0.1812277944104208]",1,-1
5567,[0.24175403 0.2801902 ],5,7,"[0.2880919156697789, 0.2889500356712737]",1,-1
5568,[0.19728984 0.21421595],5,21,"[0.16948094512787878, 0.2245031809320862]",1,31
5569,[0.27733323 0.21833041],5,31,"[0.29817086118518243, 0.1888907481789387]",1,-1
5570,[0.21226916 0.24207352],5,21,"[0.16948094512787878, 0.2245031809320862]",1,31
5571,[0.24273475 0.3127498 ],5,7,"[0.2880919156697789, 0.2889500356712737]",1,-1
5572,[0.25371179 0.22149852],5,16,"[0.22214342499776796, 0.1812277944104208]",1,-1
5573,[0.23644262 0.27078853],5,7,"[0.2880919156697789, 0.2889500356712737]",1,-1
5574,[0.34924053 0.18504569],5,31,"[0.29817086118518243, 0.1888907481789387]",1,-1
5575,[0.18478095 0.23282549],5,21,"[0.16948094512787878, 0.2245031809320862]",1,-1
5576,[0.27034795 0.30986155],5,7,"[0.2880919156697789, 0.2889500356712737]",1,-1
5577,[0.32783765 0.2461785 ],5,7,"[0.2880919156697789, 0.2889500356712737]",1,-1
5578,[0.20964942 0.29405626],5,15,"[0.188292755006214, 0.3253570325311902]",1,-1
5579,[0.22989719 0.35001823],5,0,"[0.2473875480073203, 0.39401489827781994]",1,-1
5580,[0.25836999 0.20069071],5,16,"[0.22214342499776796, 0.1812277944104208]",1,-1
5581,[0.27073602 0.24885523],5,7,"[0.2880919156697789, 0.2889500356712737]",1,-1
5582,[0.25572538 0.29158795],5,7,"[0.2880919156697789, 0.2889500356712737]",1,25
5583,[0.30975872 0.28207174],5,7,"[0.2880919156697789, 0.2889500356712737]",1,-1
5584,[0.29049522 0.28539942],5,7,"[0.2880919156697789, 0.2889500356712737]",1,-1
5585,[0.17040606 0.25892696],5,21,"[0.16948094512787878, 0.2245031809320862]",1,-1
5586,[0.26941801 0.2415043 ],5,7,"[0.2880919156697789, 0.2889500356712737]",1,-1
5587,[0.18390763 0.223343  ],5,21,"[0.16948094512787878, 0.2245031809320862]",1,-1
5588,[0.22591414 0.303183  ],5,15,"[0.188292755006214, 0.3253570325311902]",1,-1
5589,[0.24633894 0.27965052],5,7,"[0.2880919156697789, 0.2889500356712737]",1,-1
5590,[0.22180596 0.27513902],5,15,"[0.188292755006214, 0.3253570325311902]",1,-1
5591,[0.1905942  0.25523686],5,21,"[0.16948094512787878, 0.2245031809320862]",1,-1
5592,[0.25306527 0.21514809],5,16,"[0.22214342499776796, 0.1812277944104208]",1,-1
5593,[0.29360288 0.23650401],5,31,"[0.29817086118518243, 0.1888907481789387]",1,-1
5594,[0.27122505 0.32019145],5,7,"[0.2880919156697789, 0.2889500356712737]",1,-1
5595,[0.29570469 0.13625493],5,31,"[0.29817086118518243, 0.1888907481789387]",1,-1
5596,[0.29922037 0.27986301],5,7,"[0.2880919156697789, 0.2889500356712737]",1,-1
5597,[0.23764833 0.34567121],5,0,"[0.2473875480073203, 0.39401489827781994]",1,40
5598,[0.20798655 0.29088709],5,15,"[0.188292755006214, 0.3253570325311902]",1,-1
5599,[0.25257713 0.28313186],5,7,"[0.2880919156697789, 0.2889500356712737]",1,25
5600,[0.20678808 0.26573032],5,21,"[0.16948094512787878, 0.2245031809320862]",1,32
5601,[0.21308529 0.23917296],5,21,"[0.16948094512787878, 0.2245031809320862]",1,-1
5602,[0.23001009 0.28380495],5,7,"[0.2880919156697789, 0.2889500356712737]",1,-1
5603,[0.22540182 0.2566993 ],5,21,"[0.16948094512787878, 0.2245031809320862]",1,-1
5604,[0.1895076 0.2021997],5,21,"[0.16948094512787878, 0.2245031809320862]",1,-1
5605,[0.23074619 0.28610212],5,7,"[0.2880919156697789, 0.2889500356712737]",1,-1
5606,[0.22356704 0.20524381],5,16,"[0.22214342499776796, 0.1812277944104208]",1,-1
5607,[0.17522724 0.21423848],5,21,"[0.16948094512787878, 0.2245031809320862]",1,-1
5608,[0.23674625 0.25712979],5,7,"[0.2880919156697789, 0.2889500356712737]",1,-1
5609,[0.21883695 0.26311856],5,21,"[0.16948094512787878, 0.2245031809320862]",1,-1
5610,[0.26514493 0.30688922],5,7,"[0.2880919156697789, 0.2889500356712737]",1,25
5611,[0.27164572 0.25986413],5,7,"[0.2880919156697789, 0.2889500356712737]",1,-1
5612,[0.27579017 0.2276477 ],5,31,"[0.29817086118518243, 0.1888907481789387]",1,30
5613,[0.26574544 0.29953799],5,7,"[0.2880919156697789, 0.2889500356712737]",1,25
5614,[0.29314653 0.27833953],5,7,"[0.2880919156697789, 0.2889500356712737]",1,-1
5615,[0.23549767 0.28297885],5,7,"[0.2880919156697789, 0.2889500356712737]",1,25
5616,[0.26663626 0.21350275],5,31,"[0.29817086118518243, 0.1888907481789387]",1,-1
5617,[0.20979846 0.26357506],5,21,"[0.16948094512787878, 0.2245031809320862]",1,32
5618,[0.26658273 0.21330891],5,31,"[0.29817086118518243, 0.1888907481789387]",1,-1
5619,[0.27227632 0.2215515 ],5,31,"[0.29817086118518243, 0.1888907481789387]",1,-1
5620,[0.31789679 0.28169177],5,7,"[0.2880919156697789, 0.2889500356712737]",1,-1
5621,[0.24563642 0.26668081],5,7,"[0.2880919156697789, 0.2889500356712737]",1,-1
5622,[0.23368441 0.21987028],5,16,"[0.22214342499776796, 0.1812277944104208]",1,-1
5623,[0.17436327 0.30006548],5,15,"[0.188292755006214, 0.3253570325311902]",1,-1
5624,[0.27572464 0.42311504],5,0,"[0.2473875480073203, 0.39401489827781994]",1,53
5625,[0.27944811 0.22080985],5,31,"[0.29817086118518243, 0.1888907481789387]",1,-1
5626,[0.31546696 0.22919269],5,31,"[0.29817086118518243, 0.1888907481789387]",1,-1
5627,[0.26923997 0.23915325],5,7,"[0.2880919156697789, 0.2889500356712737]",1,-1
5628,[0.17629757 0.23102399],5,21,"[0.16948094512787878, 0.2245031809320862]",1,-1
5629,[0.26723084 0.26849847],5,7,"[0.2880919156697789, 0.2889500356712737]",1,-1
5630,[0.24537516 0.24229269],5,7,"[0.2880919156697789, 0.2889500356712737]",1,-1
5631,[0.17068167 0.27776503],5,15,"[0.188292755006214, 0.3253570325311902]",1,-1
5632,[0.18154171 0.31435216],5,15,"[0.188292755006214, 0.3253570325311902]",1,-1
5633,[0.13074425 0.29952326],5,15,"[0.188292755006214, 0.3253570325311902]",1,-1
5634,[0.21611015 0.12673822],5,16,"[0.22214342499776796, 0.1812277944104208]",1,-1
5635,[0.26635253 0.31734789],5,7,"[0.2880919156697789, 0.2889500356712737]",1,-1
5636,[0.21989117 0.24992221],5,21,"[0.16948094512787878, 0.2245031809320862]",1,-1
5637,[0.28948727 0.25778161],5,7,"[0.2880919156697789, 0.2889500356712737]",1,-1
5638,[0.23697579 0.1971168 ],5,16,"[0.22214342499776796, 0.1812277944104208]",1,-1
5639,[0.27492476 0.2408131 ],5,7,"[0.2880919156697789, 0.2889500356712737]",1,-1
5640,[0.18081649 0.24916968],5,21,"[0.16948094512787878, 0.2245031809320862]",1,-1
5641,[0.24906893 0.26046407],5,7,"[0.2880919156697789, 0.2889500356712737]",1,-1
5642,[0.20995673 0.27633422],5,15,"[0.188292755006214, 0.3253570325311902]",1,-1
5643,[0.21214166 0.33011769],5,15,"[0.188292755006214, 0.3253570325311902]",1,-1
5644,[0.20682327 0.3681467 ],5,15,"[0.188292755006214, 0.3253570325311902]",1,-1
5645,[0.12634397 0.25799947],5,21,"[0.16948094512787878, 0.2245031809320862]",1,-1
5646,[0.225531   0.18519616],5,16,"[0.22214342499776796, 0.1812277944104208]",1,-1
5647,[0.20891786 0.21357411],5,16,"[0.22214342499776796, 0.1812277944104208]",1,31
5648,[0.22391808 0.2348213 ],5,16,"[0.22214342499776796, 0.1812277944104208]",1,-1
5649,[0.27179494 0.2996684 ],5,7,"[0.2880919156697789, 0.2889500356712737]",1,-1
5650,[0.32884835 0.20128329],5,31,"[0.29817086118518243, 0.1888907481789387]",1,-1
5651,[0.29002397 0.33434495],5,7,"[0.2880919156697789, 0.2889500356712737]",1,-1
5652,[0.21683007 0.32916617],5,15,"[0.188292755006214, 0.3253570325311902]",1,-1
5653,[0.16801273 0.20548631],5,21,"[0.16948094512787878, 0.2245031809320862]",1,-1
5654,[0.33403291 0.35389488],5,1,"[0.33650952271243567, 0.3695039184549852]",1,-1
5655,[0.23903849 0.23250175],5,16,"[0.22214342499776796, 0.1812277944104208]",1,31
5656,[0.34392636 0.33178516],5,1,"[0.33650952271243567, 0.3695039184549852]",1,-1
5657,[0.27043664 0.20488394],5,31,"[0.29817086118518243, 0.1888907481789387]",1,-1
5658,[0.26441783 0.26593881],5,7,"[0.2880919156697789, 0.2889500356712737]",1,-1
5659,[0.25178633 0.22419657],5,16,"[0.22214342499776796, 0.1812277944104208]",1,-1
5660,[0.22166377 0.31126253],5,15,"[0.188292755006214, 0.3253570325311902]",1,-1
5661,[0.30364741 0.34850797],5,1,"[0.33650952271243567, 0.3695039184549852]",1,-1
5662,[0.18405627 0.24930455],5,21,"[0.16948094512787878, 0.2245031809320862]",1,-1
5663,[0.28807574 0.29162996],5,7,"[0.2880919156697789, 0.2889500356712737]",1,-1
5664,[0.25210469 0.29322614],5,7,"[0.2880919156697789, 0.2889500356712737]",1,25
5665,[0.2245112  0.31782782],5,15,"[0.188292755006214, 0.3253570325311902]",1,-1
5666,[0.2889259  0.29999946],5,7,"[0.2880919156697789, 0.2889500356712737]",1,-1
5667,[0.22707182 0.18756306],5,16,"[0.22214342499776796, 0.1812277944104208]",1,-1
5668,[0.29867527 0.25495067],5,7,"[0.2880919156697789, 0.2889500356712737]",1,-1
5669,[0.2784581  0.28494565],5,7,"[0.2880919156697789, 0.2889500356712737]",1,-1
5670,[0.3392973  0.32113863],5,1,"[0.33650952271243567, 0.3695039184549852]",1,-1
5671,[0.25160755 0.19504807],5,16,"[0.22214342499776796, 0.1812277944104208]",1,-1
5672,[0.31982205 0.2721905 ],5,7,"[0.2880919156697789, 0.2889500356712737]",1,-1
5673,[0.19539173 0.22065735],5,21,"[0.16948094512787878, 0.2245031809320862]",1,-1
5674,[0.28857821 0.2586881 ],5,7,"[0.2880919156697789, 0.2889500356712737]",1,-1
5675,[0.22758005 0.35422988],5,0,"[0.2473875480073203, 0.39401489827781994]",1,-1
5676,[0.17673542 0.30314576],5,15,"[0.188292755006214, 0.3253570325311902]",1,-1
5677,[0.18116309 0.26116643],5,21,"[0.16948094512787878, 0.2245031809320862]",1,-1
5678,[0.22772436 0.26074583],5,7,"[0.2880919156697789, 0.2889500356712737]",1,-1
5679,[0.21247323 0.29588279],5,15,"[0.188292755006214, 0.3253570325311902]",1,-1
5680,[0.3629667  0.23802809],5,4,"[0.3937233168939997, 0.29890402186269427]",1,-1
5681,[0.26380108 0.25478382],5,7,"[0.2880919156697789, 0.2889500356712737]",1,-1
5682,[0.28496144 0.21154886],5,31,"[0.29817086118518243, 0.1888907481789387]",1,-1
5683,[0.21110485 0.26825882],5,21,"[0.16948094512787878, 0.2245031809320862]",1,32
5684,[0.33282359 0.25585396],5,7,"[0.2880919156697789, 0.2889500356712737]",1,-1
5685,[0.25452254 0.22482675],5,16,"[0.22214342499776796, 0.1812277944104208]",1,-1
5686,[0.27684391 0.19112343],5,31,"[0.29817086118518243, 0.1888907481789387]",1,-1
5687,[0.22026613 0.23856137],5,21,"[0.16948094512787878, 0.2245031809320862]",1,31
5688,[0.17568152 0.25641113],5,21,"[0.16948094512787878, 0.2245031809320862]",1,-1
5689,[0.30764674 0.26162754],5,7,"[0.2880919156697789, 0.2889500356712737]",1,-1
5690,[0.27239222 0.30111349],5,7,"[0.2880919156697789, 0.2889500356712737]",1,-1
5691,[0.35831926 0.34096857],5,1,"[0.33650952271243567, 0.3695039184549852]",1,-1
5692,[0.17505222 0.24609271],5,21,"[0.16948094512787878, 0.2245031809320862]",1,-1
5693,[0.27356264 0.27436301],5,7,"[0.2880919156697789, 0.2889500356712737]",1,-1
5694,[0.2986295  0.25409538],5,7,"[0.2880919156697789, 0.2889500356712737]",1,-1
5695,[0.27346892 0.22878815],5,31,"[0.29817086118518243, 0.1888907481789387]",1,30
5696,[0.20004862 0.15926818],5,16,"[0.22214342499776796, 0.1812277944104208]",1,-1
5697,[0.24805191 0.26713857],5,7,"[0.2880919156697789, 0.2889500356712737]",1,-1
5698,[0.24757373 0.22924566],5,16,"[0.22214342499776796, 0.1812277944104208]",1,31
5699,[0.29936836 0.32844579],5,7,"[0.2880919156697789, 0.2889500356712737]",1,-1
5700,[0.15624736 0.31011135],5,15,"[0.188292755006214, 0.3253570325311902]",1,-1
5701,[0.21386536 0.1931145 ],5,16,"[0.22214342499776796, 0.1812277944104208]",1,-1
5702,[0.30247664 0.20988621],5,31,"[0.29817086118518243, 0.1888907481789387]",1,-1
5703,[0.22377112 0.26059388],5,21,"[0.16948094512787878, 0.2245031809320862]",1,-1
5704,[0.23287581 0.30284129],5,15,"[0.188292755006214, 0.3253570325311902]",1,-1
5705,[0.18141919 0.25124034],5,21,"[0.16948094512787878, 0.2245031809320862]",1,-1
5706,[0.18636716 0.28855982],5,15,"[0.188292755006214, 0.3253570325311902]",1,-1
5707,[0.14069109 0.28344905],5,15,"[0.188292755006214, 0.3253570325311902]",1,-1
5708,[0.20070817 0.23168918],5,21,"[0.16948094512787878, 0.2245031809320862]",1,-1
5709,[0.25120396 0.25422953],5,7,"[0.2880919156697789, 0.2889500356712737]",1,-1
5710,[0.16832002 0.18818779],5,21,"[0.16948094512787878, 0.2245031809320862]",1,-1
5711,[0.09841046 0.26274677],5,-1,-1,1,-1
5712,[0.35587454 0.31179463],5,4,"[0.3937233168939997, 0.29890402186269427]",1,-1
5713,[0.19423361 0.19484436],5,16,"[0.22214342499776796, 0.1812277944104208]",1,-1
5714,[0.23880645 0.26370088],5,7,"[0.2880919156697789, 0.2889500356712737]",1,-1
5715,[0.15993626 0.21100284],5,21,"[0.16948094512787878, 0.2245031809320862]",1,-1
5716,[0.26937288 0.3021231 ],5,7,"[0.2880919156697789, 0.2889500356712737]",1,25
5717,[0.22747974 0.3138724 ],5,15,"[0.188292755006214, 0.3253570325311902]",1,-1
5718,[0.25455153 0.27939707],5,7,"[0.2880919156697789, 0.2889500356712737]",1,-1
5719,[0.24866753 0.25252144],5,7,"[0.2880919156697789, 0.2889500356712737]",1,-1
5720,[0.19780454 0.30071735],5,15,"[0.188292755006214, 0.3253570325311902]",1,-1
5721,[0.29296074 0.20526391],5,31,"[0.29817086118518243, 0.1888907481789387]",1,-1
5722,[0.2761689 0.3692208],5,0,"[0.2473875480073203, 0.39401489827781994]",1,-1
5723,[0.29102063 0.37259928],5,1,"[0.33650952271243567, 0.3695039184549852]",1,-1
5724,[0.2644072  0.30013344],5,7,"[0.2880919156697789, 0.2889500356712737]",1,-1
5725,[0.23997152 0.23893683],5,16,"[0.22214342499776796, 0.1812277944104208]",1,-1
5726,[0.24314457 0.23601417],5,16,"[0.22214342499776796, 0.1812277944104208]",1,-1
5727,[0.20441654 0.22072948],5,21,"[0.16948094512787878, 0.2245031809320862]",1,-1
5728,[0.28062791 0.27592192],5,7,"[0.2880919156697789, 0.2889500356712737]",1,-1
5729,[0.16438713 0.2185086 ],5,21,"[0.16948094512787878, 0.2245031809320862]",1,-1
5730,[0.2308666  0.24675788],5,21,"[0.16948094512787878, 0.2245031809320862]",1,31
5731,[0.16805095 0.2479796 ],5,21,"[0.16948094512787878, 0.2245031809320862]",1,-1
5732,[0.26106849 0.28520647],5,7,"[0.2880919156697789, 0.2889500356712737]",1,25
5733,[0.3167888  0.24242866],5,7,"[0.2880919156697789, 0.2889500356712737]",1,-1
5734,[0.25860659 0.28006324],5,7,"[0.2880919156697789, 0.2889500356712737]",1,-1
5735,[0.27760218 0.30987225],5,7,"[0.2880919156697789, 0.2889500356712737]",1,-1
5736,[0.18350235 0.16072928],5,16,"[0.22214342499776796, 0.1812277944104208]",1,-1
5737,[0.13739528 0.21077147],5,21,"[0.16948094512787878, 0.2245031809320862]",1,-1
5738,[0.26857183 0.30275166],5,7,"[0.2880919156697789, 0.2889500356712737]",1,25
5739,[0.22028379 0.29626918],5,15,"[0.188292755006214, 0.3253570325311902]",1,-1
5740,[0.2638873  0.23420872],5,31,"[0.29817086118518243, 0.1888907481789387]",1,-1
5741,[0.21832688 0.26635469],5,21,"[0.16948094512787878, 0.2245031809320862]",1,-1
5742,[0.26077878 0.2804924 ],5,7,"[0.2880919156697789, 0.2889500356712737]",1,-1
5743,[0.24338367 0.31579049],5,7,"[0.2880919156697789, 0.2889500356712737]",1,-1
5744,[0.28238307 0.22901982],5,31,"[0.29817086118518243, 0.1888907481789387]",1,30
5745,[0.18695958 0.17795223],5,16,"[0.22214342499776796, 0.1812277944104208]",1,-1
5746,[0.33681896 0.30182604],5,7,"[0.2880919156697789, 0.2889500356712737]",1,-1
5747,[0.22029207 0.26935939],5,15,"[0.188292755006214, 0.3253570325311902]",1,32
5748,[0.26623069 0.25858313],5,7,"[0.2880919156697789, 0.2889500356712737]",1,-1
5749,[0.09653619 0.27604005],5,-1,-1,1,-1
5750,[0.20442272 0.2621689 ],5,21,"[0.16948094512787878, 0.2245031809320862]",1,32
5751,[0.25213816 0.197978  ],5,16,"[0.22214342499776796, 0.1812277944104208]",1,-1
5752,[0.24235865 0.26364441],5,7,"[0.2880919156697789, 0.2889500356712737]",1,-1
5753,[0.30864627 0.27945874],5,7,"[0.2880919156697789, 0.2889500356712737]",1,-1
5754,[0.21416344 0.294631  ],5,15,"[0.188292755006214, 0.3253570325311902]",1,-1
5755,[0.2756324  0.22796539],5,31,"[0.29817086118518243, 0.1888907481789387]",1,30
5756,[0.30260118 0.36573883],5,1,"[0.33650952271243567, 0.3695039184549852]",1,-1
5757,[0.32339634 0.2394197 ],5,31,"[0.29817086118518243, 0.1888907481789387]",1,-1
5758,[0.27691948 0.25340546],5,7,"[0.2880919156697789, 0.2889500356712737]",1,28
5759,[0.31179851 0.28988179],5,7,"[0.2880919156697789, 0.2889500356712737]",1,-1
5760,[0.21566627 0.29006397],5,15,"[0.188292755006214, 0.3253570325311902]",1,-1
5761,[0.2300954  0.28543761],5,15,"[0.188292755006214, 0.3253570325311902]",1,-1
5762,[0.29484847 0.27165649],5,7,"[0.2880919156697789, 0.2889500356712737]",1,-1
5763,[0.27873918 0.2238085 ],5,31,"[0.29817086118518243, 0.1888907481789387]",1,30
5764,[0.17255954 0.2448887 ],5,21,"[0.16948094512787878, 0.2245031809320862]",1,-1
5765,[0.17015035 0.20942586],5,21,"[0.16948094512787878, 0.2245031809320862]",1,-1
5766,[0.20011147 0.30527398],5,15,"[0.188292755006214, 0.3253570325311902]",1,-1
5767,[0.27812881 0.22199369],5,31,"[0.29817086118518243, 0.1888907481789387]",1,-1
5768,[0.2235394  0.26262169],5,21,"[0.16948094512787878, 0.2245031809320862]",1,-1
5769,[0.27523482 0.19669271],5,31,"[0.29817086118518243, 0.1888907481789387]",1,-1
5770,[0.28678779 0.22385042],5,31,"[0.29817086118518243, 0.1888907481789387]",1,-1
5771,[0.26338951 0.27283503],5,7,"[0.2880919156697789, 0.2889500356712737]",1,-1
5772,[0.17692547 0.23991844],5,21,"[0.16948094512787878, 0.2245031809320862]",1,-1
5773,[0.4060151  0.28755068],5,4,"[0.3937233168939997, 0.29890402186269427]",1,-1
5774,[0.37200773 0.26342734],5,4,"[0.3937233168939997, 0.29890402186269427]",1,-1
5775,[0.20462808 0.27725815],5,15,"[0.188292755006214, 0.3253570325311902]",1,-1
5776,[0.29082279 0.24384059],5,7,"[0.2880919156697789, 0.2889500356712737]",1,-1
5777,[0.33162946 0.23900628],5,31,"[0.29817086118518243, 0.1888907481789387]",1,-1
5778,[0.25217266 0.28805236],5,7,"[0.2880919156697789, 0.2889500356712737]",1,25
5779,[0.22918832 0.33269323],5,15,"[0.188292755006214, 0.3253570325311902]",1,-1
5780,[0.16608892 0.2868256 ],5,15,"[0.188292755006214, 0.3253570325311902]",1,-1
5781,[0.25885127 0.23937101],5,7,"[0.2880919156697789, 0.2889500356712737]",1,28
5782,[0.18951027 0.25170919],5,21,"[0.16948094512787878, 0.2245031809320862]",1,-1
5783,[0.28674608 0.26241792],5,7,"[0.2880919156697789, 0.2889500356712737]",1,-1
5784,[0.31474807 0.22842323],5,31,"[0.29817086118518243, 0.1888907481789387]",1,-1
5785,[0.26645424 0.19029681],5,31,"[0.29817086118518243, 0.1888907481789387]",1,-1
5786,[0.26938704 0.3030759 ],5,7,"[0.2880919156697789, 0.2889500356712737]",1,25
5787,[0.23494633 0.26171719],5,7,"[0.2880919156697789, 0.2889500356712737]",1,-1
5788,[0.19657251 0.32183546],5,15,"[0.188292755006214, 0.3253570325311902]",1,-1
5789,[0.2011569  0.30248797],5,15,"[0.188292755006214, 0.3253570325311902]",1,-1
5790,[0.25627455 0.25443609],5,7,"[0.2880919156697789, 0.2889500356712737]",1,-1
5791,[0.2039846  0.20574364],5,16,"[0.22214342499776796, 0.1812277944104208]",1,-1
5792,[0.22444072 0.19397224],5,16,"[0.22214342499776796, 0.1812277944104208]",1,-1
5793,[0.21811485 0.21822227],5,16,"[0.22214342499776796, 0.1812277944104208]",1,31
5794,[0.25310779 0.25966532],5,7,"[0.2880919156697789, 0.2889500356712737]",1,-1
5795,[0.26132983 0.27348377],5,7,"[0.2880919156697789, 0.2889500356712737]",1,-1
5796,[0.22079459 0.18450138],5,16,"[0.22214342499776796, 0.1812277944104208]",1,-1
5797,[0.36901735 0.28227749],5,4,"[0.3937233168939997, 0.29890402186269427]",1,-1
5798,[0.21318415 0.25280708],5,21,"[0.16948094512787878, 0.2245031809320862]",1,-1
5799,[0.26749236 0.19542067],5,31,"[0.29817086118518243, 0.1888907481789387]",1,-1
5800,[0.13847029 0.2646971 ],5,21,"[0.16948094512787878, 0.2245031809320862]",1,-1
5801,[0.1536279  0.25871629],5,21,"[0.16948094512787878, 0.2245031809320862]",1,-1
5802,[0.25318129 0.29849411],5,7,"[0.2880919156697789, 0.2889500356712737]",1,-1
5803,[0.3325446  0.26657347],5,7,"[0.2880919156697789, 0.2889500356712737]",1,-1
5804,[0.22322739 0.25447702],5,21,"[0.16948094512787878, 0.2245031809320862]",1,31
5805,[0.25080142 0.27481403],5,7,"[0.2880919156697789, 0.2889500356712737]",1,-1
5806,[0.21882072 0.17375634],5,16,"[0.22214342499776796, 0.1812277944104208]",1,-1
5807,[0.32159931 0.30478273],5,7,"[0.2880919156697789, 0.2889500356712737]",1,-1
5808,[0.25149548 0.37995549],5,0,"[0.2473875480073203, 0.39401489827781994]",1,47
5809,[0.32415797 0.35425149],5,1,"[0.33650952271243567, 0.3695039184549852]",1,-1
5810,[0.27153905 0.19988064],5,31,"[0.29817086118518243, 0.1888907481789387]",1,-1
5811,[0.26067665 0.29020169],5,7,"[0.2880919156697789, 0.2889500356712737]",1,25
5812,[0.26119415 0.25023902],5,7,"[0.2880919156697789, 0.2889500356712737]",1,-1
5813,[0.22550593 0.29970029],5,15,"[0.188292755006214, 0.3253570325311902]",1,-1
5814,[0.26825465 0.22639287],5,31,"[0.29817086118518243, 0.1888907481789387]",1,30
5815,[0.2472839  0.27829085],5,7,"[0.2880919156697789, 0.2889500356712737]",1,-1
5816,[0.26743468 0.23668326],5,7,"[0.2880919156697789, 0.2889500356712737]",1,-1
5817,[0.24913812 0.29578704],5,7,"[0.2880919156697789, 0.2889500356712737]",1,-1
5818,[0.24176975 0.37659166],5,0,"[0.2473875480073203, 0.39401489827781994]",1,-1
5819,[0.31769337 0.26292099],5,7,"[0.2880919156697789, 0.2889500356712737]",1,-1
5820,[0.22804642 0.20106648],5,16,"[0.22214342499776796, 0.1812277944104208]",1,31
5821,[0.27118816 0.24978181],5,7,"[0.2880919156697789, 0.2889500356712737]",1,28
5822,[0.26976806 0.29871569],5,7,"[0.2880919156697789, 0.2889500356712737]",1,25
5823,[0.23672083 0.22907867],5,16,"[0.22214342499776796, 0.1812277944104208]",1,31
5824,[0.28247046 0.38746511],5,0,"[0.2473875480073203, 0.39401489827781994]",1,-1
5825,[0.28748905 0.31740975],5,7,"[0.2880919156697789, 0.2889500356712737]",1,-1
5826,[0.25942242 0.28763383],5,7,"[0.2880919156697789, 0.2889500356712737]",1,25
5827,[0.22929308 0.31280119],5,15,"[0.188292755006214, 0.3253570325311902]",1,-1
5828,[0.24441485 0.24023286],5,16,"[0.22214342499776796, 0.1812277944104208]",1,-1
5829,[0.28956388 0.2792703 ],5,7,"[0.2880919156697789, 0.2889500356712737]",1,-1
5830,[0.2110783  0.31759598],5,15,"[0.188292755006214, 0.3253570325311902]",1,-1
5831,[0.30219    0.33854477],5,1,"[0.33650952271243567, 0.3695039184549852]",1,-1
5832,[0.37405652 0.31546958],5,4,"[0.3937233168939997, 0.29890402186269427]",1,-1
5833,[0.21115955 0.27836392],5,15,"[0.188292755006214, 0.3253570325311902]",1,-1
5834,[0.3947133  0.19118964],5,-1,-1,1,-1
5835,[0.1987783  0.28521507],5,15,"[0.188292755006214, 0.3253570325311902]",1,-1
5836,[0.21565496 0.26547771],5,21,"[0.16948094512787878, 0.2245031809320862]",1,32
5837,[0.22160479 0.24562498],5,21,"[0.16948094512787878, 0.2245031809320862]",1,31
5838,[0.34373921 0.33309415],5,1,"[0.33650952271243567, 0.3695039184549852]",1,-1
5839,[0.21655904 0.30553912],5,15,"[0.188292755006214, 0.3253570325311902]",1,-1
5840,[0.19482737 0.2864508 ],5,15,"[0.188292755006214, 0.3253570325311902]",1,-1
5841,[0.25427468 0.20005458],5,16,"[0.22214342499776796, 0.1812277944104208]",1,-1
5842,[0.18043971 0.16633889],5,16,"[0.22214342499776796, 0.1812277944104208]",1,-1
5843,[0.27068168 0.42717325],5,0,"[0.2473875480073203, 0.39401489827781994]",1,-1
5844,[0.26226794 0.24650231],5,7,"[0.2880919156697789, 0.2889500356712737]",1,28
5845,[0.14710896 0.31925099],5,15,"[0.188292755006214, 0.3253570325311902]",1,-1
5846,[0.30176835 0.26230153],5,7,"[0.2880919156697789, 0.2889500356712737]",1,-1
5847,[0.24798257 0.28618088],5,7,"[0.2880919156697789, 0.2889500356712737]",1,25
5848,[0.23584868 0.25150795],5,7,"[0.2880919156697789, 0.2889500356712737]",1,-1
5849,[0.33382352 0.2648263 ],5,7,"[0.2880919156697789, 0.2889500356712737]",1,-1
5850,[0.22214579 0.27281634],5,15,"[0.188292755006214, 0.3253570325311902]",1,-1
5851,[0.23788806 0.21254728],5,16,"[0.22214342499776796, 0.1812277944104208]",1,-1
5852,[0.23554244 0.25234036],5,7,"[0.2880919156697789, 0.2889500356712737]",1,-1
5853,[0.23310032 0.30487036],5,15,"[0.188292755006214, 0.3253570325311902]",1,-1
5854,[0.26560626 0.28542227],5,7,"[0.2880919156697789, 0.2889500356712737]",1,-1
5855,[0.22255525 0.31174566],5,15,"[0.188292755006214, 0.3253570325311902]",1,-1
5856,[0.16955502 0.26264895],5,21,"[0.16948094512787878, 0.2245031809320862]",1,-1
5857,[0.28012723 0.2367153 ],5,31,"[0.29817086118518243, 0.1888907481789387]",1,-1
5858,[0.22029483 0.25387681],5,21,"[0.16948094512787878, 0.2245031809320862]",1,-1
5859,[0.29398557 0.13560133],5,31,"[0.29817086118518243, 0.1888907481789387]",1,-1
5860,[0.24419653 0.33360266],5,15,"[0.188292755006214, 0.3253570325311902]",1,-1
5861,[0.19786127 0.23268415],5,21,"[0.16948094512787878, 0.2245031809320862]",1,-1
5862,[0.21228779 0.29390182],5,15,"[0.188292755006214, 0.3253570325311902]",1,-1
5863,[0.25878105 0.28927204],5,7,"[0.2880919156697789, 0.2889500356712737]",1,25
5864,[0.26909052 0.24685385],5,7,"[0.2880919156697789, 0.2889500356712737]",1,-1
5865,[0.21842619 0.26704044],5,21,"[0.16948094512787878, 0.2245031809320862]",1,-1
5866,[0.17273638 0.37842121],5,15,"[0.188292755006214, 0.3253570325311902]",1,-1
5867,[0.27649571 0.23345951],5,31,"[0.29817086118518243, 0.1888907481789387]",1,-1
5868,[0.31803976 0.32868645],5,1,"[0.33650952271243567, 0.3695039184549852]",1,-1
5869,[0.24829136 0.20924831],5,16,"[0.22214342499776796, 0.1812277944104208]",1,-1
5870,[0.27544276 0.29088868],5,7,"[0.2880919156697789, 0.2889500356712737]",1,-1
5871,[0.28299343 0.2358758 ],5,31,"[0.29817086118518243, 0.1888907481789387]",1,-1
5872,[0.21723219 0.20907087],5,16,"[0.22214342499776796, 0.1812277944104208]",1,31
5873,[0.19057576 0.31823827],5,15,"[0.188292755006214, 0.3253570325311902]",1,-1
5874,[0.21432016 0.2309866 ],5,21,"[0.16948094512787878, 0.2245031809320862]",1,31
5875,[0.26394789 0.25193097],5,7,"[0.2880919156697789, 0.2889500356712737]",1,-1
5876,[0.27580963 0.30197266],5,7,"[0.2880919156697789, 0.2889500356712737]",1,-1
5877,[0.29356549 0.26559401],5,7,"[0.2880919156697789, 0.2889500356712737]",1,-1
5878,[0.35954043 0.18731215],5,31,"[0.29817086118518243, 0.1888907481789387]",1,-1
5879,[0.24024917 0.21154451],5,16,"[0.22214342499776796, 0.1812277944104208]",1,-1
5880,[0.26819303 0.31009332],5,7,"[0.2880919156697789, 0.2889500356712737]",1,-1
5881,[0.13845975 0.25083305],5,21,"[0.16948094512787878, 0.2245031809320862]",1,-1
5882,[0.17285529 0.32130489],5,15,"[0.188292755006214, 0.3253570325311902]",1,-1
5883,[0.21764639 0.24873086],5,21,"[0.16948094512787878, 0.2245031809320862]",1,-1
5884,[0.25495785 0.1905224 ],5,16,"[0.22214342499776796, 0.1812277944104208]",1,-1
5885,[0.25476228 0.29181777],5,7,"[0.2880919156697789, 0.2889500356712737]",1,25
5886,[0.12563707 0.24913693],5,21,"[0.16948094512787878, 0.2245031809320862]",1,-1
5887,[0.31161311 0.37830734],5,1,"[0.33650952271243567, 0.3695039184549852]",1,-1
5888,[0.23279365 0.23561519],5,16,"[0.22214342499776796, 0.1812277944104208]",1,-1
5889,[0.25538904 0.22435954],5,16,"[0.22214342499776796, 0.1812277944104208]",1,-1
5890,[0.28115919 0.21163843],5,31,"[0.29817086118518243, 0.1888907481789387]",1,-1
5891,[0.2234918  0.31717533],5,15,"[0.188292755006214, 0.3253570325311902]",1,-1
5892,[0.26130036 0.37206455],5,0,"[0.2473875480073203, 0.39401489827781994]",1,-1
5893,[0.22229759 0.22507391],5,16,"[0.22214342499776796, 0.1812277944104208]",1,31
5894,[0.28135906 0.29613587],5,7,"[0.2880919156697789, 0.2889500356712737]",1,-1
5895,[0.21555355 0.20103222],5,16,"[0.22214342499776796, 0.1812277944104208]",1,-1
5896,[0.34411691 0.2958712 ],5,4,"[0.3937233168939997, 0.29890402186269427]",1,-1
5897,[0.20562314 0.26466423],5,21,"[0.16948094512787878, 0.2245031809320862]",1,32
5898,[0.21603789 0.22668989],5,16,"[0.22214342499776796, 0.1812277944104208]",1,31
5899,[0.23518059 0.29254897],5,7,"[0.2880919156697789, 0.2889500356712737]",1,-1
5900,[0.23550943 0.30922814],5,15,"[0.188292755006214, 0.3253570325311902]",1,-1
5901,[0.2337526  0.23513541],5,16,"[0.22214342499776796, 0.1812277944104208]",1,-1
5902,[0.24837531 0.31746458],5,7,"[0.2880919156697789, 0.2889500356712737]",1,-1
5903,[0.23146484 0.32960669],5,15,"[0.188292755006214, 0.3253570325311902]",1,-1
5904,[0.31331099 0.17619131],5,31,"[0.29817086118518243, 0.1888907481789387]",1,-1
5905,[0.19940538 0.28252288],5,15,"[0.188292755006214, 0.3253570325311902]",1,-1
5906,[0.21975489 0.19357189],5,16,"[0.22214342499776796, 0.1812277944104208]",1,-1
5907,[0.22766615 0.2549291 ],5,21,"[0.16948094512787878, 0.2245031809320862]",1,31
5908,[0.28056514 0.26445676],5,7,"[0.2880919156697789, 0.2889500356712737]",1,-1
5909,[0.21164489 0.30129926],5,15,"[0.188292755006214, 0.3253570325311902]",1,-1
5910,[0.2121696  0.26891975],5,15,"[0.188292755006214, 0.3253570325311902]",1,32
5911,[0.30069167 0.25200382],5,7,"[0.2880919156697789, 0.2889500356712737]",1,-1
5912,[0.22914089 0.28218976],5,7,"[0.2880919156697789, 0.2889500356712737]",1,-1
5913,[0.28443668 0.25894144],5,7,"[0.2880919156697789, 0.2889500356712737]",1,-1
5914,[0.2769923  0.28478125],5,7,"[0.2880919156697789, 0.2889500356712737]",1,-1
5915,[0.25644978 0.25532925],5,7,"[0.2880919156697789, 0.2889500356712737]",1,-1
5916,[0.16943311 0.27402592],5,21,"[0.16948094512787878, 0.2245031809320862]",1,-1
5917,[0.2224854  0.25204472],5,21,"[0.16948094512787878, 0.2245031809320862]",1,31
5918,[0.15362558 0.23448692],5,21,"[0.16948094512787878, 0.2245031809320862]",1,-1
5919,[0.16875228 0.27183559],5,21,"[0.16948094512787878, 0.2245031809320862]",1,-1
5920,[0.28008811 0.24997326],5,7,"[0.2880919156697789, 0.2889500356712737]",1,-1
5921,[0.2227055  0.39084049],5,0,"[0.2473875480073203, 0.39401489827781994]",1,-1
5922,[0.28357317 0.34828984],5,1,"[0.33650952271243567, 0.3695039184549852]",1,-1
5923,[0.29361887 0.24979079],5,7,"[0.2880919156697789, 0.2889500356712737]",1,-1
5924,[0.2151228  0.18918991],5,16,"[0.22214342499776796, 0.1812277944104208]",1,-1
5925,[0.22255065 0.36257539],5,0,"[0.2473875480073203, 0.39401489827781994]",1,-1
5926,[0.20228653 0.22803375],5,21,"[0.16948094512787878, 0.2245031809320862]",1,-1
5927,[0.28689511 0.22597136],5,31,"[0.29817086118518243, 0.1888907481789387]",1,-1
5928,[0.29604664 0.28497323],5,7,"[0.2880919156697789, 0.2889500356712737]",1,-1
5929,[0.24413299 0.23645602],5,16,"[0.22214342499776796, 0.1812277944104208]",1,-1
5930,[0.29330411 0.22241114],5,31,"[0.29817086118518243, 0.1888907481789387]",1,-1
5931,[0.19327081 0.24965209],5,21,"[0.16948094512787878, 0.2245031809320862]",1,-1
5932,[0.28335505 0.26346045],5,7,"[0.2880919156697789, 0.2889500356712737]",1,-1
5933,[0.18557939 0.32745638],5,15,"[0.188292755006214, 0.3253570325311902]",1,-1
5934,[0.29419543 0.19443806],5,31,"[0.29817086118518243, 0.1888907481789387]",1,-1
5935,[0.29989163 0.30634561],5,7,"[0.2880919156697789, 0.2889500356712737]",1,-1
5936,[0.23909261 0.23538979],5,16,"[0.22214342499776796, 0.1812277944104208]",1,-1
5937,[0.25335624 0.30827709],5,7,"[0.2880919156697789, 0.2889500356712737]",1,-1
5938,[0.28721637 0.20647786],5,31,"[0.29817086118518243, 0.1888907481789387]",1,-1
5939,[0.16428221 0.33884812],5,15,"[0.188292755006214, 0.3253570325311902]",1,-1
5940,[0.35197338 0.30774285],5,4,"[0.3937233168939997, 0.29890402186269427]",1,-1
5941,[0.33341149 0.30313671],5,7,"[0.2880919156697789, 0.2889500356712737]",1,-1
5942,[0.27405506 0.22827468],5,31,"[0.29817086118518243, 0.1888907481789387]",1,30
5943,[0.35252568 0.31256906],5,4,"[0.3937233168939997, 0.29890402186269427]",1,-1
5944,[0.23341507 0.30740202],5,15,"[0.188292755006214, 0.3253570325311902]",1,-1
5945,[0.25881733 0.28671802],5,7,"[0.2880919156697789, 0.2889500356712737]",1,25
5946,[0.18981877 0.27624881],5,15,"[0.188292755006214, 0.3253570325311902]",1,-1
5947,[0.27325917 0.29391627],5,7,"[0.2880919156697789, 0.2889500356712737]",1,-1
5948,[0.22421794 0.24852277],5,21,"[0.16948094512787878, 0.2245031809320862]",1,31
5949,[0.22306092 0.30092164],5,15,"[0.188292755006214, 0.3253570325311902]",1,-1
5950,[0.27251882 0.24731101],5,7,"[0.2880919156697789, 0.2889500356712737]",1,28
5951,[0.2275695  0.24668514],5,21,"[0.16948094512787878, 0.2245031809320862]",1,31
5952,[0.29988494 0.28632496],5,7,"[0.2880919156697789, 0.2889500356712737]",1,-1
5953,[0.18240082 0.31676799],5,15,"[0.188292755006214, 0.3253570325311902]",1,-1
5954,[0.22167438 0.29996356],5,15,"[0.188292755006214, 0.3253570325311902]",1,-1
5955,[0.26104591 0.16512345],5,16,"[0.22214342499776796, 0.1812277944104208]",1,-1
5956,[0.29350241 0.25584478],5,7,"[0.2880919156697789, 0.2889500356712737]",1,-1
5957,[0.2494784  0.17569432],5,16,"[0.22214342499776796, 0.1812277944104208]",1,22
5958,[0.27555824 0.30017072],5,7,"[0.2880919156697789, 0.2889500356712737]",1,-1
5959,[0.30986016 0.29204265],5,7,"[0.2880919156697789, 0.2889500356712737]",1,-1
5960,[0.24335613 0.28044865],5,7,"[0.2880919156697789, 0.2889500356712737]",1,-1
5961,[0.2638398  0.32187762],5,7,"[0.2880919156697789, 0.2889500356712737]",1,-1
5962,[0.29688452 0.25288739],5,7,"[0.2880919156697789, 0.2889500356712737]",1,-1
5963,[0.2103473 0.1933189],5,16,"[0.22214342499776796, 0.1812277944104208]",1,-1
5964,[0.23100846 0.25149181],5,21,"[0.16948094512787878, 0.2245031809320862]",1,-1
5965,[0.27690997 0.25284211],5,7,"[0.2880919156697789, 0.2889500356712737]",1,28
5966,[0.26168113 0.23858328],5,7,"[0.2880919156697789, 0.2889500356712737]",1,28
5967,[0.21134793 0.21303699],5,16,"[0.22214342499776796, 0.1812277944104208]",1,31
5968,[0.22919846 0.28093688],5,7,"[0.2880919156697789, 0.2889500356712737]",1,-1
5969,[0.2649787  0.20458541],5,31,"[0.29817086118518243, 0.1888907481789387]",1,-1
5970,[0.20441819 0.36461182],5,15,"[0.188292755006214, 0.3253570325311902]",1,-1
5971,[0.25632656 0.31354164],5,7,"[0.2880919156697789, 0.2889500356712737]",1,-1
5972,[0.20081989 0.2430707 ],5,21,"[0.16948094512787878, 0.2245031809320862]",1,-1
5973,[0.27347415 0.22709704],5,31,"[0.29817086118518243, 0.1888907481789387]",1,30
5974,[0.27215884 0.30172081],5,7,"[0.2880919156697789, 0.2889500356712737]",1,-1
5975,[0.1718203  0.25097793],5,21,"[0.16948094512787878, 0.2245031809320862]",1,-1
5976,[0.29764546 0.25336153],5,7,"[0.2880919156697789, 0.2889500356712737]",1,-1
5977,[0.29201814 0.26754153],5,7,"[0.2880919156697789, 0.2889500356712737]",1,-1
5978,[0.19537726 0.27198741],5,15,"[0.188292755006214, 0.3253570325311902]",1,-1
5979,[0.24454881 0.25525693],5,7,"[0.2880919156697789, 0.2889500356712737]",1,-1
5980,[0.29742966 0.28596923],5,7,"[0.2880919156697789, 0.2889500356712737]",1,-1
5981,[0.25493418 0.24462474],5,7,"[0.2880919156697789, 0.2889500356712737]",1,28
5982,[0.27336049 0.25635229],5,7,"[0.2880919156697789, 0.2889500356712737]",1,28
5983,[0.22460873 0.29903344],5,15,"[0.188292755006214, 0.3253570325311902]",1,-1
5984,[0.14819703 0.190477  ],5,21,"[0.16948094512787878, 0.2245031809320862]",1,-1
5985,[0.20472195 0.29495305],5,15,"[0.188292755006214, 0.3253570325311902]",1,-1
5986,[0.18517946 0.24869341],5,21,"[0.16948094512787878, 0.2245031809320862]",1,-1
5987,[0.2612194  0.20082381],5,31,"[0.29817086118518243, 0.1888907481789387]",1,-1
5988,[0.23142756 0.24599853],5,16,"[0.22214342499776796, 0.1812277944104208]",1,-1
5989,[0.35947728 0.25776849],5,4,"[0.3937233168939997, 0.29890402186269427]",1,-1
5990,[0.28199899 0.28518996],5,7,"[0.2880919156697789, 0.2889500356712737]",1,-1
5991,[0.20562671 0.40477217],5,0,"[0.2473875480073203, 0.39401489827781994]",1,-1
5992,[0.23963996 0.29879381],5,7,"[0.2880919156697789, 0.2889500356712737]",1,-1
5993,[0.26337187 0.2535449 ],5,7,"[0.2880919156697789, 0.2889500356712737]",1,-1
5994,[0.38115777 0.26628575],5,4,"[0.3937233168939997, 0.29890402186269427]",1,-1
5995,[0.34475049 0.27541366],5,4,"[0.3937233168939997, 0.29890402186269427]",1,-1
5996,[0.31051127 0.32023137],5,7,"[0.2880919156697789, 0.2889500356712737]",1,-1
5997,[0.2565834  0.37432074],5,0,"[0.2473875480073203, 0.39401489827781994]",1,-1
5998,[0.21495236 0.31124622],5,15,"[0.188292755006214, 0.3253570325311902]",1,-1
5999,[0.24728582 0.33709832],5,0,"[0.2473875480073203, 0.39401489827781994]",1,-1
6000,[0.58309504 0.70941991],6,41,"[0.5613949929729852, 0.701115936473092]",1,-1
6001,[0.43031259 0.75924146],6,47,"[0.4308417820697566, 0.7426361553548808]",1,-1
6002,[0.45587619 0.66799366],6,45,"[0.4377614438459196, 0.655911915550708]",1,37
6003,[0.44608541 0.64716109],6,45,"[0.4377614438459196, 0.655911915550708]",1,60
6004,[0.51135745 0.63283791],6,5,"[0.47989515498241786, 0.6212764114798471]",1,-1
6005,[0.46727945 0.65378452],6,45,"[0.4377614438459196, 0.655911915550708]",1,-1
6006,[0.53127824 0.60649779],6,5,"[0.47989515498241786, 0.6212764114798471]",1,-1
6007,[0.41868202 0.57620883],6,25,"[0.38660465276603295, 0.5871767558758164]",1,-1
6008,[0.40424435 0.74200013],6,47,"[0.4308417820697566, 0.7426361553548808]",1,-1
6009,[0.45412322 0.69255176],6,45,"[0.4377614438459196, 0.655911915550708]",1,-1
6010,[0.39725903 0.59204339],6,25,"[0.38660465276603295, 0.5871767558758164]",1,-1
6011,[0.52239642 0.69312088],6,41,"[0.5613949929729852, 0.701115936473092]",1,-1
6012,[0.42377967 0.63407928],6,45,"[0.4377614438459196, 0.655911915550708]",1,-1
6013,[0.45056951 0.68620411],6,45,"[0.4377614438459196, 0.655911915550708]",1,-1
6014,[0.42657237 0.56994293],6,25,"[0.38660465276603295, 0.5871767558758164]",1,-1
6015,[0.44278007 0.6560025 ],6,45,"[0.4377614438459196, 0.655911915550708]",1,-1
6016,[0.46418974 0.71770826],6,47,"[0.4308417820697566, 0.7426361553548808]",1,-1
6017,[0.39176533 0.64956264],6,19,"[0.3585209611110644, 0.671407469606326]",1,-1
6018,[0.4958061  0.63260289],6,5,"[0.47989515498241786, 0.6212764114798471]",1,-1
6019,[0.43587607 0.60268597],6,5,"[0.47989515498241786, 0.6212764114798471]",1,-1
6020,[0.57783476 0.71523997],6,41,"[0.5613949929729852, 0.701115936473092]",1,-1
6021,[0.61644626 0.66297406],6,9,"[0.5945682323783136, 0.6193254997600653]",1,-1
6022,[0.48004782 0.58576244],6,5,"[0.47989515498241786, 0.6212764114798471]",1,70
6023,[0.37794991 0.67232723],6,19,"[0.3585209611110644, 0.671407469606326]",1,-1
6024,[0.47458301 0.62447965],6,5,"[0.47989515498241786, 0.6212764114798471]",1,-1
6025,[0.48279608 0.70496503],6,47,"[0.4308417820697566, 0.7426361553548808]",1,-1
6026,[0.45220055 0.62139607],6,5,"[0.47989515498241786, 0.6212764114798471]",1,60
6027,[0.40824459 0.69996079],6,47,"[0.4308417820697566, 0.7426361553548808]",1,-1
6028,[0.40550829 0.6071476 ],6,25,"[0.38660465276603295, 0.5871767558758164]",1,-1
6029,[0.51653298 0.66695949],6,41,"[0.5613949929729852, 0.701115936473092]",1,-1
6030,[0.45000288 0.69368316],6,45,"[0.4377614438459196, 0.655911915550708]",1,-1
6031,[0.43644416 0.70835757],6,47,"[0.4308417820697566, 0.7426361553548808]",1,-1
6032,[0.49584687 0.70832425],6,41,"[0.5613949929729852, 0.701115936473092]",1,-1
6033,[0.5159477  0.69644964],6,41,"[0.5613949929729852, 0.701115936473092]",1,-1
6034,[0.38077022 0.617073  ],6,25,"[0.38660465276603295, 0.5871767558758164]",1,-1
6035,[0.44515031 0.63715129],6,45,"[0.4377614438459196, 0.655911915550708]",1,-1
6036,[0.54318048 0.62486822],6,9,"[0.5945682323783136, 0.6193254997600653]",1,-1
6037,[0.52718164 0.72612559],6,41,"[0.5613949929729852, 0.701115936473092]",1,-1
6038,[0.4607316  0.60783885],6,5,"[0.47989515498241786, 0.6212764114798471]",1,-1
6039,[0.44483511 0.67136905],6,45,"[0.4377614438459196, 0.655911915550708]",1,37
6040,[0.46203848 0.66571585],6,45,"[0.4377614438459196, 0.655911915550708]",1,-1
6041,[0.45793527 0.63659942],6,5,"[0.47989515498241786, 0.6212764114798471]",1,60
6042,[0.49362596 0.68243053],6,45,"[0.4377614438459196, 0.655911915550708]",1,-1
6043,[0.5267613  0.66375268],6,41,"[0.5613949929729852, 0.701115936473092]",1,-1
6044,[0.54962907 0.63713637],6,9,"[0.5945682323783136, 0.6193254997600653]",1,-1
6045,[0.48843461 0.66259631],6,5,"[0.47989515498241786, 0.6212764114798471]",1,-1
6046,[0.52704586 0.6481048 ],6,5,"[0.47989515498241786, 0.6212764114798471]",1,-1
6047,[0.43735766 0.6206394 ],6,45,"[0.4377614438459196, 0.655911915550708]",1,-1
6048,[0.48753075 0.61100442],6,5,"[0.47989515498241786, 0.6212764114798471]",1,-1
6049,[0.43600491 0.64836004],6,45,"[0.4377614438459196, 0.655911915550708]",1,-1
6050,[0.51144341 0.69464403],6,41,"[0.5613949929729852, 0.701115936473092]",1,-1
6051,[0.48902462 0.60870139],6,5,"[0.47989515498241786, 0.6212764114798471]",1,-1
6052,[0.48747097 0.61821778],6,5,"[0.47989515498241786, 0.6212764114798471]",1,-1
6053,[0.44861182 0.64360419],6,45,"[0.4377614438459196, 0.655911915550708]",1,60
6054,[0.45604298 0.71921161],6,47,"[0.4308417820697566, 0.7426361553548808]",1,-1
6055,[0.45493054 0.6670556 ],6,45,"[0.4377614438459196, 0.655911915550708]",1,37
6056,[0.50017131 0.71322129],6,41,"[0.5613949929729852, 0.701115936473092]",1,-1
6057,[0.4172492 0.6154006],6,25,"[0.38660465276603295, 0.5871767558758164]",1,-1
6058,[0.44958819 0.59044699],6,5,"[0.47989515498241786, 0.6212764114798471]",1,-1
6059,[0.54831198 0.63907439],6,9,"[0.5945682323783136, 0.6193254997600653]",1,-1
6060,[0.44898496 0.69624346],6,45,"[0.4377614438459196, 0.655911915550708]",1,-1
6061,[0.51370187 0.7076469 ],6,41,"[0.5613949929729852, 0.701115936473092]",1,-1
6062,[0.43692413 0.69265843],6,45,"[0.4377614438459196, 0.655911915550708]",1,-1
6063,[0.42618802 0.58973732],6,25,"[0.38660465276603295, 0.5871767558758164]",1,-1
6064,[0.48086222 0.68851364],6,45,"[0.4377614438459196, 0.655911915550708]",1,-1
6065,[0.42467194 0.61406699],6,45,"[0.4377614438459196, 0.655911915550708]",1,-1
6066,[0.43509191 0.65244124],6,45,"[0.4377614438459196, 0.655911915550708]",1,-1
6067,[0.5180809  0.63204854],6,5,"[0.47989515498241786, 0.6212764114798471]",1,-1
6068,[0.44494577 0.71598652],6,47,"[0.4308417820697566, 0.7426361553548808]",1,-1
6069,[0.45262454 0.67133318],6,45,"[0.4377614438459196, 0.655911915550708]",1,37
6070,[0.53261316 0.67242757],6,41,"[0.5613949929729852, 0.701115936473092]",1,-1
6071,[0.46312512 0.58572517],6,5,"[0.47989515498241786, 0.6212764114798471]",1,-1
6072,[0.49209301 0.6854359 ],6,45,"[0.4377614438459196, 0.655911915550708]",1,-1
6073,[0.42022393 0.60986114],6,25,"[0.38660465276603295, 0.5871767558758164]",1,-1
6074,[0.44830487 0.57838599],6,5,"[0.47989515498241786, 0.6212764114798471]",1,-1
6075,[0.53224794 0.6491377 ],6,5,"[0.47989515498241786, 0.6212764114798471]",1,-1
6076,[0.54359691 0.67815178],6,41,"[0.5613949929729852, 0.701115936473092]",1,-1
6077,[0.53105126 0.65154401],6,41,"[0.5613949929729852, 0.701115936473092]",1,-1
6078,[0.46391238 0.59742542],6,5,"[0.47989515498241786, 0.6212764114798471]",1,-1
6079,[0.51589921 0.62471358],6,5,"[0.47989515498241786, 0.6212764114798471]",1,-1
6080,[0.44513422 0.69828235],6,45,"[0.4377614438459196, 0.655911915550708]",1,-1
6081,[0.46910304 0.62748101],6,5,"[0.47989515498241786, 0.6212764114798471]",1,-1
6082,[0.43967559 0.58705786],6,5,"[0.47989515498241786, 0.6212764114798471]",1,-1
6083,[0.49295611 0.61387112],6,5,"[0.47989515498241786, 0.6212764114798471]",1,-1
6084,[0.41850462 0.67364636],6,45,"[0.4377614438459196, 0.655911915550708]",1,-1
6085,[0.42851832 0.62797886],6,45,"[0.4377614438459196, 0.655911915550708]",1,-1
6086,[0.36939037 0.68741944],6,19,"[0.3585209611110644, 0.671407469606326]",1,-1
6087,[0.49874059 0.60743933],6,5,"[0.47989515498241786, 0.6212764114798471]",1,-1
6088,[0.4969639  0.59304972],6,5,"[0.47989515498241786, 0.6212764114798471]",1,-1
6089,[0.51101464 0.64279442],6,5,"[0.47989515498241786, 0.6212764114798471]",1,-1
6090,[0.49470809 0.65240762],6,5,"[0.47989515498241786, 0.6212764114798471]",1,36
6091,[0.46773955 0.61352459],6,5,"[0.47989515498241786, 0.6212764114798471]",1,-1
6092,[0.52471215 0.59927883],6,5,"[0.47989515498241786, 0.6212764114798471]",1,-1
6093,[0.41721787 0.64209186],6,45,"[0.4377614438459196, 0.655911915550708]",1,-1
6094,[0.48008367 0.51521283],6,2,"[0.5181425386759565, 0.548951681512668]",1,-1
6095,[0.473285   0.72817095],6,47,"[0.4308417820697566, 0.7426361553548808]",1,-1
6096,[0.46577833 0.62143679],6,5,"[0.47989515498241786, 0.6212764114798471]",1,60
6097,[0.53116697 0.59992179],6,2,"[0.5181425386759565, 0.548951681512668]",1,-1
6098,[0.45480197 0.67574411],6,45,"[0.4377614438459196, 0.655911915550708]",1,37
6099,[0.45894117 0.65467862],6,45,"[0.4377614438459196, 0.655911915550708]",1,-1
6100,[0.41697041 0.59707696],6,25,"[0.38660465276603295, 0.5871767558758164]",1,-1
6101,[0.43155379 0.67943021],6,45,"[0.4377614438459196, 0.655911915550708]",1,37
6102,[0.44442478 0.6410528 ],6,45,"[0.4377614438459196, 0.655911915550708]",1,-1
6103,[0.40145939 0.74788852],6,47,"[0.4308417820697566, 0.7426361553548808]",1,-1
6104,[0.43931635 0.6135945 ],6,5,"[0.47989515498241786, 0.6212764114798471]",1,-1
6105,[0.56133161 0.67475711],6,41,"[0.5613949929729852, 0.701115936473092]",1,-1
6106,[0.43346035 0.68624421],6,45,"[0.4377614438459196, 0.655911915550708]",1,-1
6107,[0.39635436 0.58800694],6,25,"[0.38660465276603295, 0.5871767558758164]",1,-1
6108,[0.40321606 0.6428808 ],6,45,"[0.4377614438459196, 0.655911915550708]",1,46
6109,[0.48174005 0.76112994],6,47,"[0.4308417820697566, 0.7426361553548808]",1,-1
6110,[0.53137938 0.6644217 ],6,41,"[0.5613949929729852, 0.701115936473092]",1,-1
6111,[0.45750393 0.74231577],6,47,"[0.4308417820697566, 0.7426361553548808]",1,-1
6112,[0.48237063 0.60548567],6,5,"[0.47989515498241786, 0.6212764114798471]",1,-1
6113,[0.49638608 0.65702423],6,5,"[0.47989515498241786, 0.6212764114798471]",1,-1
6114,[0.55111212 0.61526679],6,9,"[0.5945682323783136, 0.6193254997600653]",1,-1
6115,[0.40994559 0.6524423 ],6,45,"[0.4377614438459196, 0.655911915550708]",1,-1
6116,[0.60054582 0.59647934],6,9,"[0.5945682323783136, 0.6193254997600653]",1,-1
6117,[0.44147183 0.59375714],6,5,"[0.47989515498241786, 0.6212764114798471]",1,-1
6118,[0.44729326 0.76829283],6,47,"[0.4308417820697566, 0.7426361553548808]",1,-1
6119,[0.41585011 0.68532342],6,45,"[0.4377614438459196, 0.655911915550708]",1,-1
6120,[0.52724221 0.63573408],6,5,"[0.47989515498241786, 0.6212764114798471]",1,-1
6121,[0.50473242 0.67430702],6,5,"[0.47989515498241786, 0.6212764114798471]",1,-1
6122,[0.54106468 0.63272147],6,9,"[0.5945682323783136, 0.6193254997600653]",1,-1
6123,[0.46954643 0.67021082],6,45,"[0.4377614438459196, 0.655911915550708]",1,37
6124,[0.52893988 0.68859373],6,41,"[0.5613949929729852, 0.701115936473092]",1,-1
6125,[0.49162369 0.66436836],6,5,"[0.47989515498241786, 0.6212764114798471]",1,-1
6126,[0.54345968 0.63736122],6,9,"[0.5945682323783136, 0.6193254997600653]",1,-1
6127,[0.47232167 0.6323776 ],6,5,"[0.47989515498241786, 0.6212764114798471]",1,-1
6128,[0.38109377 0.56185142],6,25,"[0.38660465276603295, 0.5871767558758164]",1,-1
6129,[0.4970145  0.57419436],6,2,"[0.5181425386759565, 0.548951681512668]",1,-1
6130,[0.41798054 0.63882997],6,45,"[0.4377614438459196, 0.655911915550708]",1,-1
6131,[0.40529798 0.62367945],6,25,"[0.38660465276603295, 0.5871767558758164]",1,-1
6132,[0.47157843 0.55355189],6,2,"[0.5181425386759565, 0.548951681512668]",1,-1
6133,[0.41555424 0.61190991],6,25,"[0.38660465276603295, 0.5871767558758164]",1,-1
6134,[0.53235543 0.67430699],6,41,"[0.5613949929729852, 0.701115936473092]",1,-1
6135,[0.52707319 0.6523022 ],6,5,"[0.47989515498241786, 0.6212764114798471]",1,-1
6136,[0.39467169 0.67615401],6,19,"[0.3585209611110644, 0.671407469606326]",1,-1
6137,[0.51861333 0.69356921],6,41,"[0.5613949929729852, 0.701115936473092]",1,-1
6138,[0.53982816 0.71849779],6,41,"[0.5613949929729852, 0.701115936473092]",1,-1
6139,[0.54631745 0.65920175],6,41,"[0.5613949929729852, 0.701115936473092]",1,-1
6140,[0.44419287 0.61560782],6,5,"[0.47989515498241786, 0.6212764114798471]",1,-1
6141,[0.3873377  0.58382631],6,25,"[0.38660465276603295, 0.5871767558758164]",1,-1
6142,[0.48317176 0.61720772],6,5,"[0.47989515498241786, 0.6212764114798471]",1,-1
6143,[0.40627813 0.65468396],6,45,"[0.4377614438459196, 0.655911915550708]",1,-1
6144,[0.56984695 0.64595684],6,9,"[0.5945682323783136, 0.6193254997600653]",1,-1
6145,[0.45928688 0.79255562],6,47,"[0.4308417820697566, 0.7426361553548808]",1,-1
6146,[0.53361721 0.66398686],6,41,"[0.5613949929729852, 0.701115936473092]",1,-1
6147,[0.43338444 0.67806796],6,45,"[0.4377614438459196, 0.655911915550708]",1,-1
6148,[0.39172042 0.69893361],6,19,"[0.3585209611110644, 0.671407469606326]",1,-1
6149,[0.55060509 0.67216341],6,41,"[0.5613949929729852, 0.701115936473092]",1,-1
6150,[0.45926555 0.71938325],6,47,"[0.4308417820697566, 0.7426361553548808]",1,-1
6151,[0.49686301 0.64708951],6,5,"[0.47989515498241786, 0.6212764114798471]",1,-1
6152,[0.44987931 0.735454  ],6,47,"[0.4308417820697566, 0.7426361553548808]",1,-1
6153,[0.4730842 0.6483131],6,5,"[0.47989515498241786, 0.6212764114798471]",1,-1
6154,[0.41618364 0.70791336],6,47,"[0.4308417820697566, 0.7426361553548808]",1,-1
6155,[0.43796469 0.69199397],6,45,"[0.4377614438459196, 0.655911915550708]",1,-1
6156,[0.47382741 0.65535328],6,5,"[0.47989515498241786, 0.6212764114798471]",1,-1
6157,[0.53567608 0.64470713],6,5,"[0.47989515498241786, 0.6212764114798471]",1,-1
6158,[0.59971515 0.63259291],6,9,"[0.5945682323783136, 0.6193254997600653]",1,-1
6159,[0.4374628  0.74642836],6,47,"[0.4308417820697566, 0.7426361553548808]",1,-1
6160,[0.44191631 0.66427023],6,45,"[0.4377614438459196, 0.655911915550708]",1,-1
6161,[0.42329474 0.6228151 ],6,45,"[0.4377614438459196, 0.655911915550708]",1,-1
6162,[0.43647495 0.68426693],6,45,"[0.4377614438459196, 0.655911915550708]",1,-1
6163,[0.42747432 0.64083229],6,45,"[0.4377614438459196, 0.655911915550708]",1,-1
6164,[0.42334564 0.71868783],6,47,"[0.4308417820697566, 0.7426361553548808]",1,-1
6165,[0.45383053 0.67226326],6,45,"[0.4377614438459196, 0.655911915550708]",1,-1
6166,[0.48402611 0.64576159],6,5,"[0.47989515498241786, 0.6212764114798471]",1,-1
6167,[0.47297872 0.69664902],6,45,"[0.4377614438459196, 0.655911915550708]",1,-1
6168,[0.47715543 0.64790111],6,5,"[0.47989515498241786, 0.6212764114798471]",1,36
6169,[0.46086023 0.58500859],6,5,"[0.47989515498241786, 0.6212764114798471]",1,-1
6170,[0.53433388 0.64788075],6,41,"[0.5613949929729852, 0.701115936473092]",1,-1
6171,[0.39081678 0.64153413],6,19,"[0.3585209611110644, 0.671407469606326]",1,-1
6172,[0.52320873 0.56274962],6,2,"[0.5181425386759565, 0.548951681512668]",1,-1
6173,[0.39096748 0.62539081],6,25,"[0.38660465276603295, 0.5871767558758164]",1,46
6174,[0.4527326  0.66422904],6,45,"[0.4377614438459196, 0.655911915550708]",1,-1
6175,[0.55138791 0.61216747],6,9,"[0.5945682323783136, 0.6193254997600653]",1,-1
6176,[0.483475   0.63216316],6,5,"[0.47989515498241786, 0.6212764114798471]",1,-1
6177,[0.41607367 0.6610709 ],6,45,"[0.4377614438459196, 0.655911915550708]",1,-1
6178,[0.5006051  0.66563123],6,5,"[0.47989515498241786, 0.6212764114798471]",1,-1
6179,[0.50951786 0.72368215],6,41,"[0.5613949929729852, 0.701115936473092]",1,-1
6180,[0.46991227 0.67416241],6,45,"[0.4377614438459196, 0.655911915550708]",1,-1
6181,[0.49358714 0.60239146],6,5,"[0.47989515498241786, 0.6212764114798471]",1,67
6182,[0.35416743 0.62978761],6,19,"[0.3585209611110644, 0.671407469606326]",1,-1
6183,[0.43733114 0.6645344 ],6,45,"[0.4377614438459196, 0.655911915550708]",1,-1
6184,[0.49241095 0.6669791 ],6,5,"[0.47989515498241786, 0.6212764114798471]",1,-1
6185,[0.56695264 0.63452475],6,9,"[0.5945682323783136, 0.6193254997600653]",1,-1
6186,[0.48926475 0.67548531],6,5,"[0.47989515498241786, 0.6212764114798471]",1,-1
6187,[0.54651141 0.63091589],6,9,"[0.5945682323783136, 0.6193254997600653]",1,-1
6188,[0.60817767 0.651421  ],6,9,"[0.5945682323783136, 0.6193254997600653]",1,-1
6189,[0.45288277 0.58318472],6,5,"[0.47989515498241786, 0.6212764114798471]",1,-1
6190,[0.46405514 0.7029392 ],6,47,"[0.4308417820697566, 0.7426361553548808]",1,-1
6191,[0.4144695  0.61579542],6,25,"[0.38660465276603295, 0.5871767558758164]",1,-1
6192,[0.45574077 0.67448462],6,45,"[0.4377614438459196, 0.655911915550708]",1,37
6193,[0.41659735 0.6906653 ],6,45,"[0.4377614438459196, 0.655911915550708]",1,-1
6194,[0.46138619 0.62562145],6,5,"[0.47989515498241786, 0.6212764114798471]",1,60
6195,[0.43354908 0.62211523],6,45,"[0.4377614438459196, 0.655911915550708]",1,-1
6196,[0.34696908 0.64895367],6,19,"[0.3585209611110644, 0.671407469606326]",1,-1
6197,[0.45164108 0.64891913],6,45,"[0.4377614438459196, 0.655911915550708]",1,-1
6198,[0.46371938 0.6970974 ],6,45,"[0.4377614438459196, 0.655911915550708]",1,-1
6199,[0.45203905 0.64774259],6,45,"[0.4377614438459196, 0.655911915550708]",1,-1
6200,[0.41498953 0.66349483],6,45,"[0.4377614438459196, 0.655911915550708]",1,-1
6201,[0.47632989 0.62339637],6,5,"[0.47989515498241786, 0.6212764114798471]",1,-1
6202,[0.4760015  0.66642619],6,45,"[0.4377614438459196, 0.655911915550708]",1,-1
6203,[0.45856766 0.61638216],6,5,"[0.47989515498241786, 0.6212764114798471]",1,60
6204,[0.44689066 0.68055143],6,45,"[0.4377614438459196, 0.655911915550708]",1,-1
6205,[0.45067717 0.68308746],6,45,"[0.4377614438459196, 0.655911915550708]",1,-1
6206,[0.45945201 0.69807079],6,45,"[0.4377614438459196, 0.655911915550708]",1,-1
6207,[0.34419223 0.76210374],6,12,"[0.3169063637449832, 0.8033325636066986]",1,-1
6208,[0.47084121 0.52328606],6,18,"[0.4203234088660354, 0.508036417947434]",1,49
6209,[0.37723171 0.66829476],6,19,"[0.3585209611110644, 0.671407469606326]",1,-1
6210,[0.51242886 0.58735308],6,2,"[0.5181425386759565, 0.548951681512668]",1,74
6211,[0.51673341 0.54446007],6,2,"[0.5181425386759565, 0.548951681512668]",1,-1
6212,[0.47654231 0.58706171],6,5,"[0.47989515498241786, 0.6212764114798471]",1,-1
6213,[0.48143706 0.69085237],6,45,"[0.4377614438459196, 0.655911915550708]",1,-1
6214,[0.49042141 0.67408591],6,5,"[0.47989515498241786, 0.6212764114798471]",1,-1
6215,[0.45222314 0.67146891],6,45,"[0.4377614438459196, 0.655911915550708]",1,37
6216,[0.4388138  0.62954988],6,45,"[0.4377614438459196, 0.655911915550708]",1,-1
6217,[0.46637396 0.66663212],6,45,"[0.4377614438459196, 0.655911915550708]",1,37
6218,[0.4561686  0.71574277],6,47,"[0.4308417820697566, 0.7426361553548808]",1,-1
6219,[0.40908874 0.56994237],6,25,"[0.38660465276603295, 0.5871767558758164]",1,-1
6220,[0.49508193 0.68247251],6,5,"[0.47989515498241786, 0.6212764114798471]",1,-1
6221,[0.51211716 0.63903928],6,5,"[0.47989515498241786, 0.6212764114798471]",1,-1
6222,[0.44906498 0.67658809],6,45,"[0.4377614438459196, 0.655911915550708]",1,37
6223,[0.47837422 0.66601773],6,45,"[0.4377614438459196, 0.655911915550708]",1,-1
6224,[0.46925833 0.70332434],6,47,"[0.4308417820697566, 0.7426361553548808]",1,-1
6225,[0.40141517 0.62452342],6,25,"[0.38660465276603295, 0.5871767558758164]",1,-1
6226,[0.54993246 0.74381782],6,41,"[0.5613949929729852, 0.701115936473092]",1,-1
6227,[0.47674641 0.63957656],6,5,"[0.47989515498241786, 0.6212764114798471]",1,-1
6228,[0.39630453 0.61303197],6,25,"[0.38660465276603295, 0.5871767558758164]",1,51
6229,[0.39671361 0.65856938],6,19,"[0.3585209611110644, 0.671407469606326]",1,-1
6230,[0.50884971 0.68507332],6,41,"[0.5613949929729852, 0.701115936473092]",1,-1
6231,[0.46007552 0.56155036],6,2,"[0.5181425386759565, 0.548951681512668]",1,-1
6232,[0.47014623 0.68884375],6,45,"[0.4377614438459196, 0.655911915550708]",1,-1
6233,[0.41929687 0.63555853],6,45,"[0.4377614438459196, 0.655911915550708]",1,-1
6234,[0.43599773 0.6569578 ],6,45,"[0.4377614438459196, 0.655911915550708]",1,-1
6235,[0.41469021 0.6015654 ],6,25,"[0.38660465276603295, 0.5871767558758164]",1,-1
6236,[0.39065271 0.68417715],6,19,"[0.3585209611110644, 0.671407469606326]",1,-1
6237,[0.39537141 0.6522287 ],6,19,"[0.3585209611110644, 0.671407469606326]",1,-1
6238,[0.49406786 0.63334533],6,5,"[0.47989515498241786, 0.6212764114798471]",1,-1
6239,[0.44305845 0.73716479],6,47,"[0.4308417820697566, 0.7426361553548808]",1,-1
6240,[0.4323025 0.57563  ],6,25,"[0.38660465276603295, 0.5871767558758164]",1,60
6241,[0.48489659 0.69304259],6,45,"[0.4377614438459196, 0.655911915550708]",1,-1
6242,[0.44409731 0.60395134],6,5,"[0.47989515498241786, 0.6212764114798471]",1,60
6243,[0.43981176 0.73484888],6,47,"[0.4308417820697566, 0.7426361553548808]",1,-1
6244,[0.47994497 0.68369183],6,45,"[0.4377614438459196, 0.655911915550708]",1,-1
6245,[0.57721907 0.68751798],6,41,"[0.5613949929729852, 0.701115936473092]",1,-1
6246,[0.4164966  0.71877848],6,47,"[0.4308417820697566, 0.7426361553548808]",1,-1
6247,[0.47751099 0.65212097],6,5,"[0.47989515498241786, 0.6212764114798471]",1,36
6248,[0.53177962 0.64109432],6,5,"[0.47989515498241786, 0.6212764114798471]",1,-1
6249,[0.38141405 0.70846532],6,19,"[0.3585209611110644, 0.671407469606326]",1,-1
6250,[0.47378375 0.69214744],6,45,"[0.4377614438459196, 0.655911915550708]",1,-1
6251,[0.46580842 0.71445001],6,47,"[0.4308417820697566, 0.7426361553548808]",1,-1
6252,[0.36996365 0.62169118],6,25,"[0.38660465276603295, 0.5871767558758164]",1,-1
6253,[0.48973357 0.68193556],6,45,"[0.4377614438459196, 0.655911915550708]",1,-1
6254,[0.48433305 0.66896394],6,5,"[0.47989515498241786, 0.6212764114798471]",1,-1
6255,[0.58675729 0.75049831],6,48,"[0.5865861840445293, 0.7997995045728765]",1,-1
6256,[0.53210682 0.6441421 ],6,5,"[0.47989515498241786, 0.6212764114798471]",1,-1
6257,[0.50114862 0.68139897],6,41,"[0.5613949929729852, 0.701115936473092]",1,-1
6258,[0.43076641 0.58493005],6,25,"[0.38660465276603295, 0.5871767558758164]",1,60
6259,[0.38583583 0.67229356],6,19,"[0.3585209611110644, 0.671407469606326]",1,-1
6260,[0.48925065 0.62576801],6,5,"[0.47989515498241786, 0.6212764114798471]",1,-1
6261,[0.39143773 0.62239045],6,25,"[0.38660465276603295, 0.5871767558758164]",1,-1
6262,[0.41027629 0.72476351],6,47,"[0.4308417820697566, 0.7426361553548808]",1,-1
6263,[0.50124779 0.68933712],6,41,"[0.5613949929729852, 0.701115936473092]",1,-1
6264,[0.45297235 0.67678987],6,45,"[0.4377614438459196, 0.655911915550708]",1,37
6265,[0.42521269 0.64240723],6,45,"[0.4377614438459196, 0.655911915550708]",1,-1
6266,[0.53485633 0.66582393],6,41,"[0.5613949929729852, 0.701115936473092]",1,-1
6267,[0.50542161 0.65247186],6,5,"[0.47989515498241786, 0.6212764114798471]",1,-1
6268,[0.45718088 0.68568699],6,45,"[0.4377614438459196, 0.655911915550708]",1,-1
6269,[0.44705526 0.6947122 ],6,45,"[0.4377614438459196, 0.655911915550708]",1,-1
6270,[0.43642862 0.66229373],6,45,"[0.4377614438459196, 0.655911915550708]",1,-1
6271,[0.48304803 0.58565938],6,5,"[0.47989515498241786, 0.6212764114798471]",1,-1
6272,[0.45786133 0.60762671],6,5,"[0.47989515498241786, 0.6212764114798471]",1,-1
6273,[0.45832118 0.71217468],6,47,"[0.4308417820697566, 0.7426361553548808]",1,-1
6274,[0.44878269 0.60820853],6,5,"[0.47989515498241786, 0.6212764114798471]",1,60
6275,[0.41686871 0.70492749],6,47,"[0.4308417820697566, 0.7426361553548808]",1,-1
6276,[0.44237605 0.65314075],6,45,"[0.4377614438459196, 0.655911915550708]",1,-1
6277,[0.4156596  0.68245646],6,45,"[0.4377614438459196, 0.655911915550708]",1,-1
6278,[0.44231975 0.70324785],6,47,"[0.4308417820697566, 0.7426361553548808]",1,-1
6279,[0.50141267 0.66820103],6,5,"[0.47989515498241786, 0.6212764114798471]",1,-1
6280,[0.57669355 0.66689647],6,41,"[0.5613949929729852, 0.701115936473092]",1,-1
6281,[0.46607928 0.66923466],6,45,"[0.4377614438459196, 0.655911915550708]",1,37
6282,[0.46213312 0.65220688],6,45,"[0.4377614438459196, 0.655911915550708]",1,-1
6283,[0.48105059 0.59280778],6,5,"[0.47989515498241786, 0.6212764114798471]",1,-1
6284,[0.40510122 0.65255004],6,45,"[0.4377614438459196, 0.655911915550708]",1,-1
6285,[0.41015904 0.71550463],6,47,"[0.4308417820697566, 0.7426361553548808]",1,-1
6286,[0.43555077 0.6358984 ],6,45,"[0.4377614438459196, 0.655911915550708]",1,-1
6287,[0.46613107 0.67332329],6,45,"[0.4377614438459196, 0.655911915550708]",1,-1
6288,[0.52549958 0.61557415],6,5,"[0.47989515498241786, 0.6212764114798471]",1,-1
6289,[0.48863568 0.55040514],6,2,"[0.5181425386759565, 0.548951681512668]",1,-1
6290,[0.55285582 0.68011819],6,41,"[0.5613949929729852, 0.701115936473092]",1,-1
6291,[0.48014714 0.70935876],6,47,"[0.4308417820697566, 0.7426361553548808]",1,-1
6292,[0.39957368 0.60715519],6,25,"[0.38660465276603295, 0.5871767558758164]",1,51
6293,[0.51871265 0.65382393],6,5,"[0.47989515498241786, 0.6212764114798471]",1,-1
6294,[0.45453143 0.61657117],6,5,"[0.47989515498241786, 0.6212764114798471]",1,60
6295,[0.50113301 0.66330774],6,5,"[0.47989515498241786, 0.6212764114798471]",1,-1
6296,[0.48890075 0.70651718],6,47,"[0.4308417820697566, 0.7426361553548808]",1,-1
6297,[0.44118408 0.6554266 ],6,45,"[0.4377614438459196, 0.655911915550708]",1,-1
6298,[0.40756629 0.49516063],6,18,"[0.4203234088660354, 0.508036417947434]",1,-1
6299,[0.53987944 0.62044464],6,9,"[0.5945682323783136, 0.6193254997600653]",1,-1
6300,[0.38701102 0.69338817],6,19,"[0.3585209611110644, 0.671407469606326]",1,-1
6301,[0.48967761 0.71644381],6,47,"[0.4308417820697566, 0.7426361553548808]",1,-1
6302,[0.34662025 0.61383668],6,44,"[0.30505443145580996, 0.5938366826632161]",1,-1
6303,[0.4827432 0.7057981],6,47,"[0.4308417820697566, 0.7426361553548808]",1,-1
6304,[0.53847504 0.54980462],6,2,"[0.5181425386759565, 0.548951681512668]",1,65
6305,[0.49227727 0.62240617],6,5,"[0.47989515498241786, 0.6212764114798471]",1,-1
6306,[0.45912042 0.65021238],6,45,"[0.4377614438459196, 0.655911915550708]",1,-1
6307,[0.49617054 0.73820254],6,47,"[0.4308417820697566, 0.7426361553548808]",1,-1
6308,[0.52601979 0.75703867],6,41,"[0.5613949929729852, 0.701115936473092]",1,-1
6309,[0.47350532 0.70232491],6,45,"[0.4377614438459196, 0.655911915550708]",1,-1
6310,[0.45364094 0.57481934],6,5,"[0.47989515498241786, 0.6212764114798471]",1,-1
6311,[0.48690025 0.62913906],6,5,"[0.47989515498241786, 0.6212764114798471]",1,-1
6312,[0.45100052 0.66185646],6,45,"[0.4377614438459196, 0.655911915550708]",1,-1
6313,[0.50174536 0.65702021],6,5,"[0.47989515498241786, 0.6212764114798471]",1,-1
6314,[0.47008154 0.68619354],6,45,"[0.4377614438459196, 0.655911915550708]",1,-1
6315,[0.50565385 0.66922468],6,5,"[0.47989515498241786, 0.6212764114798471]",1,-1
6316,[0.4695461  0.66608729],6,45,"[0.4377614438459196, 0.655911915550708]",1,-1
6317,[0.47586262 0.70391033],6,47,"[0.4308417820697566, 0.7426361553548808]",1,-1
6318,[0.38750568 0.64097659],6,19,"[0.3585209611110644, 0.671407469606326]",1,46
6319,[0.43700843 0.57767365],6,25,"[0.38660465276603295, 0.5871767558758164]",1,-1
6320,[0.40483368 0.66769255],6,45,"[0.4377614438459196, 0.655911915550708]",1,-1
6321,[0.55137527 0.74489784],6,41,"[0.5613949929729852, 0.701115936473092]",1,-1
6322,[0.47769109 0.64120696],6,5,"[0.47989515498241786, 0.6212764114798471]",1,-1
6323,[0.47452554 0.62399684],6,5,"[0.47989515498241786, 0.6212764114798471]",1,-1
6324,[0.41468677 0.69517274],6,45,"[0.4377614438459196, 0.655911915550708]",1,-1
6325,[0.55633585 0.56180098],6,2,"[0.5181425386759565, 0.548951681512668]",1,-1
6326,[0.55999685 0.58729109],6,9,"[0.5945682323783136, 0.6193254997600653]",1,-1
6327,[0.41626607 0.61889367],6,45,"[0.4377614438459196, 0.655911915550708]",1,-1
6328,[0.41598751 0.67284198],6,45,"[0.4377614438459196, 0.655911915550708]",1,-1
6329,[0.47066404 0.6489741 ],6,5,"[0.47989515498241786, 0.6212764114798471]",1,-1
6330,[0.4481911  0.65650945],6,45,"[0.4377614438459196, 0.655911915550708]",1,-1
6331,[0.40892444 0.59825245],6,25,"[0.38660465276603295, 0.5871767558758164]",1,51
6332,[0.41980015 0.73342877],6,47,"[0.4308417820697566, 0.7426361553548808]",1,-1
6333,[0.56664828 0.66603167],6,41,"[0.5613949929729852, 0.701115936473092]",1,-1
6334,[0.43189272 0.73562367],6,47,"[0.4308417820697566, 0.7426361553548808]",1,-1
6335,[0.48163367 0.72650137],6,47,"[0.4308417820697566, 0.7426361553548808]",1,-1
6336,[0.35183381 0.6804925 ],6,19,"[0.3585209611110644, 0.671407469606326]",1,-1
6337,[0.5492749  0.64123555],6,9,"[0.5945682323783136, 0.6193254997600653]",1,-1
6338,[0.46723856 0.64171611],6,5,"[0.47989515498241786, 0.6212764114798471]",1,-1
6339,[0.44768525 0.6492303 ],6,45,"[0.4377614438459196, 0.655911915550708]",1,60
6340,[0.42747263 0.63771661],6,45,"[0.4377614438459196, 0.655911915550708]",1,-1
6341,[0.49948322 0.6806768 ],6,5,"[0.47989515498241786, 0.6212764114798471]",1,-1
6342,[0.42350862 0.69597544],6,45,"[0.4377614438459196, 0.655911915550708]",1,-1
6343,[0.43003396 0.64564999],6,45,"[0.4377614438459196, 0.655911915550708]",1,-1
6344,[0.43944717 0.72806881],6,47,"[0.4308417820697566, 0.7426361553548808]",1,-1
6345,[0.49458911 0.61566165],6,5,"[0.47989515498241786, 0.6212764114798471]",1,-1
6346,[0.51119822 0.63115625],6,5,"[0.47989515498241786, 0.6212764114798471]",1,-1
6347,[0.57572736 0.7383357 ],6,41,"[0.5613949929729852, 0.701115936473092]",1,-1
6348,[0.43009065 0.60999209],6,45,"[0.4377614438459196, 0.655911915550708]",1,-1
6349,[0.55182223 0.5966802 ],6,9,"[0.5945682323783136, 0.6193254997600653]",1,-1
6350,[0.5456408  0.69558108],6,41,"[0.5613949929729852, 0.701115936473092]",1,-1
6351,[0.4271979  0.65493032],6,45,"[0.4377614438459196, 0.655911915550708]",1,-1
6352,[0.51402918 0.63127395],6,5,"[0.47989515498241786, 0.6212764114798471]",1,-1
6353,[0.43457104 0.5657079 ],6,25,"[0.38660465276603295, 0.5871767558758164]",1,-1
6354,[0.43748262 0.64886859],6,45,"[0.4377614438459196, 0.655911915550708]",1,-1
6355,[0.50630405 0.69105215],6,41,"[0.5613949929729852, 0.701115936473092]",1,-1
6356,[0.44791467 0.68446108],6,45,"[0.4377614438459196, 0.655911915550708]",1,-1
6357,[0.44755572 0.64390321],6,45,"[0.4377614438459196, 0.655911915550708]",1,60
6358,[0.46617428 0.74265885],6,47,"[0.4308417820697566, 0.7426361553548808]",1,-1
6359,[0.45526836 0.63522088],6,45,"[0.4377614438459196, 0.655911915550708]",1,60
6360,[0.45922379 0.67236271],6,45,"[0.4377614438459196, 0.655911915550708]",1,37
6361,[0.46087831 0.64563175],6,45,"[0.4377614438459196, 0.655911915550708]",1,-1
6362,[0.44376895 0.67135827],6,45,"[0.4377614438459196, 0.655911915550708]",1,-1
6363,[0.54409318 0.64197479],6,9,"[0.5945682323783136, 0.6193254997600653]",1,-1
6364,[0.49820076 0.55222122],6,2,"[0.5181425386759565, 0.548951681512668]",1,-1
6365,[0.47929253 0.67649008],6,45,"[0.4377614438459196, 0.655911915550708]",1,-1
6366,[0.48195648 0.685276  ],6,45,"[0.4377614438459196, 0.655911915550708]",1,-1
6367,[0.46339562 0.61430483],6,5,"[0.47989515498241786, 0.6212764114798471]",1,-1
6368,[0.45951162 0.68942239],6,45,"[0.4377614438459196, 0.655911915550708]",1,-1
6369,[0.49711145 0.66424083],6,5,"[0.47989515498241786, 0.6212764114798471]",1,-1
6370,[0.55027591 0.67071059],6,41,"[0.5613949929729852, 0.701115936473092]",1,-1
6371,[0.44164711 0.65217934],6,45,"[0.4377614438459196, 0.655911915550708]",1,-1
6372,[0.43657447 0.72000494],6,47,"[0.4308417820697566, 0.7426361553548808]",1,-1
6373,[0.50891886 0.66630658],6,5,"[0.47989515498241786, 0.6212764114798471]",1,-1
6374,[0.41193637 0.73686715],6,47,"[0.4308417820697566, 0.7426361553548808]",1,-1
6375,[0.38741519 0.59737699],6,25,"[0.38660465276603295, 0.5871767558758164]",1,-1
6376,[0.47382657 0.59634987],6,5,"[0.47989515498241786, 0.6212764114798471]",1,-1
6377,[0.43984838 0.58260241],6,25,"[0.38660465276603295, 0.5871767558758164]",1,-1
6378,[0.43933258 0.58831887],6,5,"[0.47989515498241786, 0.6212764114798471]",1,60
6379,[0.49249635 0.60339092],6,5,"[0.47989515498241786, 0.6212764114798471]",1,67
6380,[0.49994418 0.70396222],6,41,"[0.5613949929729852, 0.701115936473092]",1,-1
6381,[0.42534385 0.70825596],6,47,"[0.4308417820697566, 0.7426361553548808]",1,-1
6382,[0.44962254 0.62678968],6,5,"[0.47989515498241786, 0.6212764114798471]",1,-1
6383,[0.40272175 0.69540222],6,19,"[0.3585209611110644, 0.671407469606326]",1,-1
6384,[0.51089451 0.58470008],6,2,"[0.5181425386759565, 0.548951681512668]",1,-1
6385,[0.41304231 0.68908471],6,45,"[0.4377614438459196, 0.655911915550708]",1,-1
6386,[0.51015185 0.68724738],6,41,"[0.5613949929729852, 0.701115936473092]",1,-1
6387,[0.45017147 0.61717426],6,5,"[0.47989515498241786, 0.6212764114798471]",1,60
6388,[0.52875085 0.72549642],6,41,"[0.5613949929729852, 0.701115936473092]",1,-1
6389,[0.38140008 0.68062901],6,19,"[0.3585209611110644, 0.671407469606326]",1,-1
6390,[0.46660769 0.79269992],6,47,"[0.4308417820697566, 0.7426361553548808]",1,-1
6391,[0.62223683 0.60048466],6,9,"[0.5945682323783136, 0.6193254997600653]",1,-1
6392,[0.49788091 0.69744981],6,41,"[0.5613949929729852, 0.701115936473092]",1,-1
6393,[0.46183069 0.79806812],6,47,"[0.4308417820697566, 0.7426361553548808]",1,-1
6394,[0.4973046  0.58656445],6,5,"[0.47989515498241786, 0.6212764114798471]",1,-1
6395,[0.38391668 0.61231946],6,25,"[0.38660465276603295, 0.5871767558758164]",1,-1
6396,[0.4426624  0.64751155],6,45,"[0.4377614438459196, 0.655911915550708]",1,60
6397,[0.50608247 0.73893228],6,41,"[0.5613949929729852, 0.701115936473092]",1,-1
6398,[0.49996602 0.63167894],6,5,"[0.47989515498241786, 0.6212764114798471]",1,-1
6399,[0.47242722 0.70245807],6,47,"[0.4308417820697566, 0.7426361553548808]",1,-1
6400,[0.40757512 0.70009237],6,47,"[0.4308417820697566, 0.7426361553548808]",1,-1
6401,[0.60390706 0.63281021],6,9,"[0.5945682323783136, 0.6193254997600653]",1,-1
6402,[0.52120383 0.66297984],6,41,"[0.5613949929729852, 0.701115936473092]",1,-1
6403,[0.48897348 0.64761811],6,5,"[0.47989515498241786, 0.6212764114798471]",1,36
6404,[0.4386436  0.61364364],6,5,"[0.47989515498241786, 0.6212764114798471]",1,-1
6405,[0.45802174 0.58409822],6,5,"[0.47989515498241786, 0.6212764114798471]",1,-1
6406,[0.45068731 0.71787368],6,47,"[0.4308417820697566, 0.7426361553548808]",1,-1
6407,[0.48279502 0.64351542],6,5,"[0.47989515498241786, 0.6212764114798471]",1,36
6408,[0.47453922 0.64424806],6,5,"[0.47989515498241786, 0.6212764114798471]",1,-1
6409,[0.45261525 0.66340065],6,45,"[0.4377614438459196, 0.655911915550708]",1,-1
6410,[0.47485381 0.67037304],6,45,"[0.4377614438459196, 0.655911915550708]",1,-1
6411,[0.5160068  0.69007145],6,41,"[0.5613949929729852, 0.701115936473092]",1,-1
6412,[0.54256724 0.64537339],6,9,"[0.5945682323783136, 0.6193254997600653]",1,-1
6413,[0.48990364 0.65931243],6,5,"[0.47989515498241786, 0.6212764114798471]",1,-1
6414,[0.48115012 0.66382497],6,5,"[0.47989515498241786, 0.6212764114798471]",1,-1
6415,[0.49272419 0.70120433],6,41,"[0.5613949929729852, 0.701115936473092]",1,-1
6416,[0.4935472  0.62042264],6,5,"[0.47989515498241786, 0.6212764114798471]",1,-1
6417,[0.48093975 0.63780584],6,5,"[0.47989515498241786, 0.6212764114798471]",1,-1
6418,[0.46425975 0.70387666],6,47,"[0.4308417820697566, 0.7426361553548808]",1,-1
6419,[0.48225822 0.65789338],6,5,"[0.47989515498241786, 0.6212764114798471]",1,-1
6420,[0.48348781 0.56876971],6,2,"[0.5181425386759565, 0.548951681512668]",1,-1
6421,[0.50775648 0.65133509],6,5,"[0.47989515498241786, 0.6212764114798471]",1,-1
6422,[0.38758068 0.57109673],6,25,"[0.38660465276603295, 0.5871767558758164]",1,-1
6423,[0.62191916 0.57751535],6,10,"[0.6101257152780476, 0.5394800330734051]",1,-1
6424,[0.49713445 0.64858731],6,5,"[0.47989515498241786, 0.6212764114798471]",1,-1
6425,[0.35255542 0.69809843],6,19,"[0.3585209611110644, 0.671407469606326]",1,-1
6426,[0.43695343 0.68181046],6,45,"[0.4377614438459196, 0.655911915550708]",1,-1
6427,[0.6247739  0.70851697],6,41,"[0.5613949929729852, 0.701115936473092]",1,5
6428,[0.51285923 0.67788205],6,41,"[0.5613949929729852, 0.701115936473092]",1,-1
6429,[0.48416524 0.64414681],6,5,"[0.47989515498241786, 0.6212764114798471]",1,36
6430,[0.4680281  0.74168609],6,47,"[0.4308417820697566, 0.7426361553548808]",1,-1
6431,[0.46269955 0.56466358],6,2,"[0.5181425386759565, 0.548951681512668]",1,-1
6432,[0.52547158 0.60279523],6,5,"[0.47989515498241786, 0.6212764114798471]",1,-1
6433,[0.53701239 0.74135738],6,41,"[0.5613949929729852, 0.701115936473092]",1,-1
6434,[0.45374171 0.63546996],6,45,"[0.4377614438459196, 0.655911915550708]",1,60
6435,[0.41186474 0.5709685 ],6,25,"[0.38660465276603295, 0.5871767558758164]",1,-1
6436,[0.40978092 0.7477835 ],6,47,"[0.4308417820697566, 0.7426361553548808]",1,-1
6437,[0.41611898 0.66201378],6,45,"[0.4377614438459196, 0.655911915550708]",1,-1
6438,[0.50160658 0.56129466],6,2,"[0.5181425386759565, 0.548951681512668]",1,75
6439,[0.44721198 0.50552523],6,18,"[0.4203234088660354, 0.508036417947434]",1,-1
6440,[0.49281288 0.67923274],6,5,"[0.47989515498241786, 0.6212764114798471]",1,-1
6441,[0.40834421 0.60601691],6,25,"[0.38660465276603295, 0.5871767558758164]",1,-1
6442,[0.49400521 0.64916679],6,5,"[0.47989515498241786, 0.6212764114798471]",1,-1
6443,[0.5461275  0.61458924],6,9,"[0.5945682323783136, 0.6193254997600653]",1,-1
6444,[0.43603086 0.61577702],6,45,"[0.4377614438459196, 0.655911915550708]",1,-1
6445,[0.5424547  0.71415312],6,41,"[0.5613949929729852, 0.701115936473092]",1,-1
6446,[0.3980671  0.69172834],6,19,"[0.3585209611110644, 0.671407469606326]",1,-1
6447,[0.40898707 0.67941854],6,45,"[0.4377614438459196, 0.655911915550708]",1,-1
6448,[0.45733634 0.69278678],6,45,"[0.4377614438459196, 0.655911915550708]",1,-1
6449,[0.44717507 0.64093335],6,45,"[0.4377614438459196, 0.655911915550708]",1,60
6450,[0.35417483 0.59412276],6,25,"[0.38660465276603295, 0.5871767558758164]",1,-1
6451,[0.55915632 0.67190919],6,41,"[0.5613949929729852, 0.701115936473092]",1,-1
6452,[0.44347946 0.63291982],6,45,"[0.4377614438459196, 0.655911915550708]",1,-1
6453,[0.54115939 0.64180133],6,9,"[0.5945682323783136, 0.6193254997600653]",1,-1
6454,[0.52241113 0.55870005],6,2,"[0.5181425386759565, 0.548951681512668]",1,-1
6455,[0.44325791 0.65856651],6,45,"[0.4377614438459196, 0.655911915550708]",1,-1
6456,[0.43646736 0.67406442],6,45,"[0.4377614438459196, 0.655911915550708]",1,-1
6457,[0.46830412 0.72972482],6,47,"[0.4308417820697566, 0.7426361553548808]",1,-1
6458,[0.49462187 0.68906975],6,45,"[0.4377614438459196, 0.655911915550708]",1,-1
6459,[0.43434831 0.63661216],6,45,"[0.4377614438459196, 0.655911915550708]",1,-1
6460,[0.45562956 0.6380639 ],6,45,"[0.4377614438459196, 0.655911915550708]",1,60
6461,[0.52208737 0.60539123],6,5,"[0.47989515498241786, 0.6212764114798471]",1,-1
6462,[0.48572307 0.66428535],6,5,"[0.47989515498241786, 0.6212764114798471]",1,-1
6463,[0.46952226 0.69663825],6,45,"[0.4377614438459196, 0.655911915550708]",1,-1
6464,[0.47165993 0.69947243],6,45,"[0.4377614438459196, 0.655911915550708]",1,-1
6465,[0.40946795 0.65741193],6,45,"[0.4377614438459196, 0.655911915550708]",1,-1
6466,[0.51064064 0.70033112],6,41,"[0.5613949929729852, 0.701115936473092]",1,-1
6467,[0.53065731 0.6615281 ],6,41,"[0.5613949929729852, 0.701115936473092]",1,-1
6468,[0.46382858 0.68935977],6,45,"[0.4377614438459196, 0.655911915550708]",1,-1
6469,[0.45083547 0.59720736],6,5,"[0.47989515498241786, 0.6212764114798471]",1,-1
6470,[0.33236789 0.63650449],6,19,"[0.3585209611110644, 0.671407469606326]",1,9
6471,[0.4343343  0.76407131],6,47,"[0.4308417820697566, 0.7426361553548808]",1,-1
6472,[0.38879684 0.68200627],6,19,"[0.3585209611110644, 0.671407469606326]",1,-1
6473,[0.45420817 0.6933472 ],6,45,"[0.4377614438459196, 0.655911915550708]",1,-1
6474,[0.4918449  0.60085224],6,5,"[0.47989515498241786, 0.6212764114798471]",1,67
6475,[0.3751024  0.65932198],6,19,"[0.3585209611110644, 0.671407469606326]",1,-1
6476,[0.48728903 0.73063044],6,47,"[0.4308417820697566, 0.7426361553548808]",1,-1
6477,[0.44988761 0.51982755],6,18,"[0.4203234088660354, 0.508036417947434]",1,-1
6478,[0.46288781 0.70218538],6,47,"[0.4308417820697566, 0.7426361553548808]",1,-1
6479,[0.48015555 0.6965688 ],6,45,"[0.4377614438459196, 0.655911915550708]",1,-1
6480,[0.47081574 0.76780622],6,47,"[0.4308417820697566, 0.7426361553548808]",1,-1
6481,[0.42205622 0.60922446],6,25,"[0.38660465276603295, 0.5871767558758164]",1,-1
6482,[0.47460739 0.59563043],6,5,"[0.47989515498241786, 0.6212764114798471]",1,-1
6483,[0.53683806 0.59943196],6,2,"[0.5181425386759565, 0.548951681512668]",1,-1
6484,[0.42899419 0.63983171],6,45,"[0.4377614438459196, 0.655911915550708]",1,-1
6485,[0.55855411 0.65011824],6,9,"[0.5945682323783136, 0.6193254997600653]",1,-1
6486,[0.52592442 0.71622159],6,41,"[0.5613949929729852, 0.701115936473092]",1,-1
6487,[0.54678721 0.66311026],6,41,"[0.5613949929729852, 0.701115936473092]",1,-1
6488,[0.406144   0.67719613],6,45,"[0.4377614438459196, 0.655911915550708]",1,-1
6489,[0.44769685 0.61675788],6,5,"[0.47989515498241786, 0.6212764114798471]",1,-1
6490,[0.45570102 0.68435613],6,45,"[0.4377614438459196, 0.655911915550708]",1,-1
6491,[0.3808724  0.64113703],6,19,"[0.3585209611110644, 0.671407469606326]",1,-1
6492,[0.48400254 0.64654304],6,5,"[0.47989515498241786, 0.6212764114798471]",1,-1
6493,[0.42276172 0.6264104 ],6,45,"[0.4377614438459196, 0.655911915550708]",1,-1
6494,[0.52674485 0.60819662],6,5,"[0.47989515498241786, 0.6212764114798471]",1,-1
6495,[0.45069064 0.65651577],6,45,"[0.4377614438459196, 0.655911915550708]",1,-1
6496,[0.53585074 0.66645243],6,41,"[0.5613949929729852, 0.701115936473092]",1,-1
6497,[0.45297021 0.62964732],6,5,"[0.47989515498241786, 0.6212764114798471]",1,-1
6498,[0.46961716 0.57061771],6,5,"[0.47989515498241786, 0.6212764114798471]",1,70
6499,[0.38456983 0.69499303],6,19,"[0.3585209611110644, 0.671407469606326]",1,-1
6500,[0.52339886 0.77298415],6,48,"[0.5865861840445293, 0.7997995045728765]",1,-1
6501,[0.47874422 0.61401286],6,5,"[0.47989515498241786, 0.6212764114798471]",1,-1
6502,[0.45756401 0.74394187],6,47,"[0.4308417820697566, 0.7426361553548808]",1,-1
6503,[0.40746196 0.70511877],6,47,"[0.4308417820697566, 0.7426361553548808]",1,-1
6504,[0.40261733 0.7322229 ],6,47,"[0.4308417820697566, 0.7426361553548808]",1,-1
6505,[0.47454665 0.69406015],6,45,"[0.4377614438459196, 0.655911915550708]",1,-1
6506,[0.45188711 0.64202794],6,45,"[0.4377614438459196, 0.655911915550708]",1,60
6507,[0.49991433 0.60951419],6,5,"[0.47989515498241786, 0.6212764114798471]",1,-1
6508,[0.3973296  0.67647984],6,19,"[0.3585209611110644, 0.671407469606326]",1,-1
6509,[0.36118325 0.60535199],6,25,"[0.38660465276603295, 0.5871767558758164]",1,-1
6510,[0.3438305  0.65177826],6,19,"[0.3585209611110644, 0.671407469606326]",1,-1
6511,[0.57352732 0.71024171],6,41,"[0.5613949929729852, 0.701115936473092]",1,-1
6512,[0.46643332 0.5774992 ],6,5,"[0.47989515498241786, 0.6212764114798471]",1,-1
6513,[0.52504182 0.62981761],6,5,"[0.47989515498241786, 0.6212764114798471]",1,-1
6514,[0.50169363 0.66743126],6,5,"[0.47989515498241786, 0.6212764114798471]",1,-1
6515,[0.44264453 0.65031335],6,45,"[0.4377614438459196, 0.655911915550708]",1,-1
6516,[0.48602061 0.72350709],6,47,"[0.4308417820697566, 0.7426361553548808]",1,-1
6517,[0.58118691 0.60657663],6,9,"[0.5945682323783136, 0.6193254997600653]",1,-1
6518,[0.52702511 0.62191569],6,5,"[0.47989515498241786, 0.6212764114798471]",1,-1
6519,[0.48131878 0.65281211],6,5,"[0.47989515498241786, 0.6212764114798471]",1,36
6520,[0.44617416 0.73085873],6,47,"[0.4308417820697566, 0.7426361553548808]",1,-1
6521,[0.47033776 0.61780837],6,5,"[0.47989515498241786, 0.6212764114798471]",1,-1
6522,[0.43077506 0.68634403],6,45,"[0.4377614438459196, 0.655911915550708]",1,-1
6523,[0.46734396 0.57110136],6,5,"[0.47989515498241786, 0.6212764114798471]",1,-1
6524,[0.47174683 0.60577411],6,5,"[0.47989515498241786, 0.6212764114798471]",1,-1
6525,[0.41106133 0.64655617],6,45,"[0.4377614438459196, 0.655911915550708]",1,46
6526,[0.57454076 0.67111488],6,41,"[0.5613949929729852, 0.701115936473092]",1,-1
6527,[0.41474536 0.61978901],6,45,"[0.4377614438459196, 0.655911915550708]",1,-1
6528,[0.40988956 0.70535185],6,47,"[0.4308417820697566, 0.7426361553548808]",1,-1
6529,[0.42475057 0.59640695],6,25,"[0.38660465276603295, 0.5871767558758164]",1,-1
6530,[0.44735941 0.68614605],6,45,"[0.4377614438459196, 0.655911915550708]",1,-1
6531,[0.51589862 0.68268067],6,41,"[0.5613949929729852, 0.701115936473092]",1,-1
6532,[0.40157929 0.75547639],6,47,"[0.4308417820697566, 0.7426361553548808]",1,-1
6533,[0.49239597 0.6349762 ],6,5,"[0.47989515498241786, 0.6212764114798471]",1,-1
6534,[0.4850716  0.69795055],6,45,"[0.4377614438459196, 0.655911915550708]",1,-1
6535,[0.44024935 0.65805847],6,45,"[0.4377614438459196, 0.655911915550708]",1,-1
6536,[0.45080511 0.68277888],6,45,"[0.4377614438459196, 0.655911915550708]",1,-1
6537,[0.47397043 0.70168173],6,45,"[0.4377614438459196, 0.655911915550708]",1,-1
6538,[0.38468153 0.68871457],6,19,"[0.3585209611110644, 0.671407469606326]",1,-1
6539,[0.42009125 0.60761371],6,25,"[0.38660465276603295, 0.5871767558758164]",1,-1
6540,[0.46905403 0.62929256],6,5,"[0.47989515498241786, 0.6212764114798471]",1,60
6541,[0.39476436 0.65718716],6,19,"[0.3585209611110644, 0.671407469606326]",1,-1
6542,[0.44631064 0.65528773],6,45,"[0.4377614438459196, 0.655911915550708]",1,60
6543,[0.49243174 0.68403676],6,45,"[0.4377614438459196, 0.655911915550708]",1,-1
6544,[0.46813722 0.6721212 ],6,45,"[0.4377614438459196, 0.655911915550708]",1,37
6545,[0.40379352 0.64859691],6,45,"[0.4377614438459196, 0.655911915550708]",1,-1
6546,[0.46547567 0.74189392],6,47,"[0.4308417820697566, 0.7426361553548808]",1,-1
6547,[0.44568889 0.64101438],6,45,"[0.4377614438459196, 0.655911915550708]",1,-1
6548,[0.43086013 0.72210067],6,47,"[0.4308417820697566, 0.7426361553548808]",1,-1
6549,[0.48675046 0.68608841],6,45,"[0.4377614438459196, 0.655911915550708]",1,-1
6550,[0.36447624 0.66767844],6,19,"[0.3585209611110644, 0.671407469606326]",1,9
6551,[0.45072516 0.63701475],6,45,"[0.4377614438459196, 0.655911915550708]",1,60
6552,[0.48207631 0.61756755],6,5,"[0.47989515498241786, 0.6212764114798471]",1,-1
6553,[0.47372038 0.63343873],6,5,"[0.47989515498241786, 0.6212764114798471]",1,-1
6554,[0.3675902  0.72736289],6,19,"[0.3585209611110644, 0.671407469606326]",1,-1
6555,[0.50205395 0.64456784],6,5,"[0.47989515498241786, 0.6212764114798471]",1,-1
6556,[0.43875115 0.6346707 ],6,45,"[0.4377614438459196, 0.655911915550708]",1,60
6557,[0.44561991 0.69898436],6,45,"[0.4377614438459196, 0.655911915550708]",1,-1
6558,[0.43938328 0.66462018],6,45,"[0.4377614438459196, 0.655911915550708]",1,-1
6559,[0.51811011 0.66092162],6,5,"[0.47989515498241786, 0.6212764114798471]",1,-1
6560,[0.55083794 0.7113657 ],6,41,"[0.5613949929729852, 0.701115936473092]",1,-1
6561,[0.50846066 0.66589932],6,5,"[0.47989515498241786, 0.6212764114798471]",1,-1
6562,[0.48616523 0.77732492],6,47,"[0.4308417820697566, 0.7426361553548808]",1,-1
6563,[0.48813659 0.63352676],6,5,"[0.47989515498241786, 0.6212764114798471]",1,-1
6564,[0.4316171  0.72550674],6,47,"[0.4308417820697566, 0.7426361553548808]",1,-1
6565,[0.52181056 0.59372852],6,2,"[0.5181425386759565, 0.548951681512668]",1,-1
6566,[0.4767026 0.7118584],6,47,"[0.4308417820697566, 0.7426361553548808]",1,-1
6567,[0.46065936 0.62253009],6,5,"[0.47989515498241786, 0.6212764114798471]",1,60
6568,[0.50627554 0.76088675],6,-1,-1,1,-1
6569,[0.50280181 0.68821941],6,41,"[0.5613949929729852, 0.701115936473092]",1,-1
6570,[0.49768118 0.69952899],6,41,"[0.5613949929729852, 0.701115936473092]",1,-1
6571,[0.52546785 0.57632133],6,2,"[0.5181425386759565, 0.548951681512668]",1,-1
6572,[0.50394307 0.6611139 ],6,5,"[0.47989515498241786, 0.6212764114798471]",1,-1
6573,[0.47182322 0.64028928],6,5,"[0.47989515498241786, 0.6212764114798471]",1,-1
6574,[0.45314611 0.66209078],6,45,"[0.4377614438459196, 0.655911915550708]",1,-1
6575,[0.38928708 0.68475034],6,19,"[0.3585209611110644, 0.671407469606326]",1,-1
6576,[0.43484957 0.57545348],6,25,"[0.38660465276603295, 0.5871767558758164]",1,-1
6577,[0.47035438 0.69228639],6,45,"[0.4377614438459196, 0.655911915550708]",1,-1
6578,[0.47442664 0.60595738],6,5,"[0.47989515498241786, 0.6212764114798471]",1,-1
6579,[0.39095843 0.6242602 ],6,25,"[0.38660465276603295, 0.5871767558758164]",1,46
6580,[0.49229056 0.65479588],6,5,"[0.47989515498241786, 0.6212764114798471]",1,36
6581,[0.50299565 0.66247538],6,5,"[0.47989515498241786, 0.6212764114798471]",1,-1
6582,[0.39102379 0.67697847],6,19,"[0.3585209611110644, 0.671407469606326]",1,-1
6583,[0.43448658 0.62314032],6,45,"[0.4377614438459196, 0.655911915550708]",1,-1
6584,[0.40101851 0.61592704],6,25,"[0.38660465276603295, 0.5871767558758164]",1,-1
6585,[0.46931548 0.67798964],6,45,"[0.4377614438459196, 0.655911915550708]",1,-1
6586,[0.46096289 0.65744317],6,45,"[0.4377614438459196, 0.655911915550708]",1,-1
6587,[0.47342247 0.66698037],6,45,"[0.4377614438459196, 0.655911915550708]",1,-1
6588,[0.46798759 0.7236481 ],6,47,"[0.4308417820697566, 0.7426361553548808]",1,-1
6589,[0.42936184 0.64306355],6,45,"[0.4377614438459196, 0.655911915550708]",1,-1
6590,[0.44882775 0.6026886 ],6,5,"[0.47989515498241786, 0.6212764114798471]",1,60
6591,[0.44297499 0.69076395],6,45,"[0.4377614438459196, 0.655911915550708]",1,-1
6592,[0.43912435 0.6390294 ],6,45,"[0.4377614438459196, 0.655911915550708]",1,-1
6593,[0.5183815  0.72461391],6,41,"[0.5613949929729852, 0.701115936473092]",1,-1
6594,[0.49192923 0.58780295],6,5,"[0.47989515498241786, 0.6212764114798471]",1,70
6595,[0.4691677  0.67008143],6,45,"[0.4377614438459196, 0.655911915550708]",1,37
6596,[0.47782056 0.62681142],6,5,"[0.47989515498241786, 0.6212764114798471]",1,-1
6597,[0.45687173 0.65198167],6,45,"[0.4377614438459196, 0.655911915550708]",1,-1
6598,[0.36891686 0.64423271],6,19,"[0.3585209611110644, 0.671407469606326]",1,-1
6599,[0.48253104 0.69841427],6,45,"[0.4377614438459196, 0.655911915550708]",1,-1
6600,[0.4617028  0.67013408],6,45,"[0.4377614438459196, 0.655911915550708]",1,37
6601,[0.42950685 0.68996678],6,45,"[0.4377614438459196, 0.655911915550708]",1,-1
6602,[0.47429789 0.59928946],6,5,"[0.47989515498241786, 0.6212764114798471]",1,-1
6603,[0.57394205 0.62119673],6,9,"[0.5945682323783136, 0.6193254997600653]",1,-1
6604,[0.46868294 0.71781241],6,47,"[0.4308417820697566, 0.7426361553548808]",1,-1
6605,[0.44578148 0.68252525],6,45,"[0.4377614438459196, 0.655911915550708]",1,-1
6606,[0.28602338 0.59991601],6,44,"[0.30505443145580996, 0.5938366826632161]",1,-1
6607,[0.5426155  0.60631066],6,9,"[0.5945682323783136, 0.6193254997600653]",1,-1
6608,[0.45759338 0.6480681 ],6,45,"[0.4377614438459196, 0.655911915550708]",1,-1
6609,[0.41260813 0.73669485],6,47,"[0.4308417820697566, 0.7426361553548808]",1,-1
6610,[0.50762643 0.77617225],6,-1,-1,1,-1
6611,[0.48787481 0.68162769],6,45,"[0.4377614438459196, 0.655911915550708]",1,-1
6612,[0.45561894 0.68713009],6,45,"[0.4377614438459196, 0.655911915550708]",1,-1
6613,[0.45817452 0.67327719],6,45,"[0.4377614438459196, 0.655911915550708]",1,37
6614,[0.57649313 0.56323081],6,10,"[0.6101257152780476, 0.5394800330734051]",1,-1
6615,[0.46938173 0.70432822],6,47,"[0.4308417820697566, 0.7426361553548808]",1,-1
6616,[0.38475991 0.68656892],6,19,"[0.3585209611110644, 0.671407469606326]",1,-1
6617,[0.47583559 0.63575398],6,5,"[0.47989515498241786, 0.6212764114798471]",1,-1
6618,[0.52192053 0.70266048],6,41,"[0.5613949929729852, 0.701115936473092]",1,-1
6619,[0.45020304 0.62048692],6,5,"[0.47989515498241786, 0.6212764114798471]",1,60
6620,[0.4824133  0.73495123],6,47,"[0.4308417820697566, 0.7426361553548808]",1,-1
6621,[0.39681587 0.65136086],6,45,"[0.4377614438459196, 0.655911915550708]",1,-1
6622,[0.47258257 0.60236046],6,5,"[0.47989515498241786, 0.6212764114798471]",1,-1
6623,[0.50480486 0.64116297],6,5,"[0.47989515498241786, 0.6212764114798471]",1,-1
6624,[0.48261329 0.60089731],6,5,"[0.47989515498241786, 0.6212764114798471]",1,-1
6625,[0.40126093 0.69370859],6,19,"[0.3585209611110644, 0.671407469606326]",1,-1
6626,[0.48526383 0.62450252],6,5,"[0.47989515498241786, 0.6212764114798471]",1,-1
6627,[0.40805698 0.6752387 ],6,45,"[0.4377614438459196, 0.655911915550708]",1,-1
6628,[0.41036675 0.66176847],6,45,"[0.4377614438459196, 0.655911915550708]",1,-1
6629,[0.39285739 0.64023032],6,19,"[0.3585209611110644, 0.671407469606326]",1,46
6630,[0.46551984 0.64689935],6,45,"[0.4377614438459196, 0.655911915550708]",1,-1
6631,[0.44682717 0.67353832],6,45,"[0.4377614438459196, 0.655911915550708]",1,37
6632,[0.47244008 0.61952361],6,5,"[0.47989515498241786, 0.6212764114798471]",1,60
6633,[0.41961607 0.69236515],6,45,"[0.4377614438459196, 0.655911915550708]",1,-1
6634,[0.48004784 0.61845388],6,5,"[0.47989515498241786, 0.6212764114798471]",1,-1
6635,[0.52004243 0.59782212],6,5,"[0.47989515498241786, 0.6212764114798471]",1,-1
6636,[0.43923394 0.59782136],6,5,"[0.47989515498241786, 0.6212764114798471]",1,-1
6637,[0.49165293 0.68669661],6,45,"[0.4377614438459196, 0.655911915550708]",1,-1
6638,[0.48026587 0.67997023],6,45,"[0.4377614438459196, 0.655911915550708]",1,-1
6639,[0.41936372 0.65043963],6,45,"[0.4377614438459196, 0.655911915550708]",1,-1
6640,[0.44850646 0.66479518],6,45,"[0.4377614438459196, 0.655911915550708]",1,37
6641,[0.54532415 0.69775393],6,41,"[0.5613949929729852, 0.701115936473092]",1,-1
6642,[0.49984652 0.59012636],6,5,"[0.47989515498241786, 0.6212764114798471]",1,-1
6643,[0.45036141 0.61389948],6,5,"[0.47989515498241786, 0.6212764114798471]",1,60
6644,[0.40975282 0.69623517],6,45,"[0.4377614438459196, 0.655911915550708]",1,-1
6645,[0.43829136 0.58349134],6,25,"[0.38660465276603295, 0.5871767558758164]",1,-1
6646,[0.45306201 0.64224306],6,45,"[0.4377614438459196, 0.655911915550708]",1,60
6647,[0.45500257 0.52904995],6,18,"[0.4203234088660354, 0.508036417947434]",1,-1
6648,[0.51547523 0.64331089],6,5,"[0.47989515498241786, 0.6212764114798471]",1,-1
6649,[0.53962426 0.64400909],6,9,"[0.5945682323783136, 0.6193254997600653]",1,-1
6650,[0.39667563 0.66292074],6,19,"[0.3585209611110644, 0.671407469606326]",1,-1
6651,[0.51069338 0.63045934],6,5,"[0.47989515498241786, 0.6212764114798471]",1,-1
6652,[0.46733327 0.70154889],6,45,"[0.4377614438459196, 0.655911915550708]",1,-1
6653,[0.48065214 0.74065066],6,47,"[0.4308417820697566, 0.7426361553548808]",1,-1
6654,[0.66069849 0.81699031],6,34,"[0.6634532409245524, 0.760224782080757]",1,-1
6655,[0.4683045  0.63274329],6,5,"[0.47989515498241786, 0.6212764114798471]",1,60
6656,[0.51968228 0.69360462],6,41,"[0.5613949929729852, 0.701115936473092]",1,-1
6657,[0.46219834 0.63518768],6,5,"[0.47989515498241786, 0.6212764114798471]",1,60
6658,[0.54343042 0.64725242],6,41,"[0.5613949929729852, 0.701115936473092]",1,-1
6659,[0.45223581 0.71754674],6,47,"[0.4308417820697566, 0.7426361553548808]",1,-1
6660,[0.49727097 0.65332972],6,5,"[0.47989515498241786, 0.6212764114798471]",1,36
6661,[0.38273301 0.56862614],6,25,"[0.38660465276603295, 0.5871767558758164]",1,-1
6662,[0.4920875  0.73475753],6,47,"[0.4308417820697566, 0.7426361553548808]",1,-1
6663,[0.41003539 0.66100438],6,45,"[0.4377614438459196, 0.655911915550708]",1,-1
6664,[0.36675926 0.68236692],6,19,"[0.3585209611110644, 0.671407469606326]",1,-1
6665,[0.45467769 0.65942336],6,45,"[0.4377614438459196, 0.655911915550708]",1,-1
6666,[0.5194138  0.67981326],6,41,"[0.5613949929729852, 0.701115936473092]",1,-1
6667,[0.47694044 0.67058975],6,45,"[0.4377614438459196, 0.655911915550708]",1,-1
6668,[0.38874994 0.70242747],6,19,"[0.3585209611110644, 0.671407469606326]",1,-1
6669,[0.46268552 0.67804615],6,45,"[0.4377614438459196, 0.655911915550708]",1,-1
6670,[0.60743474 0.59261855],6,9,"[0.5945682323783136, 0.6193254997600653]",1,-1
6671,[0.4599044  0.59573443],6,5,"[0.47989515498241786, 0.6212764114798471]",1,-1
6672,[0.3654126 0.5976391],6,25,"[0.38660465276603295, 0.5871767558758164]",1,-1
6673,[0.4467935  0.60738147],6,5,"[0.47989515498241786, 0.6212764114798471]",1,60
6674,[0.50155052 0.67585374],6,5,"[0.47989515498241786, 0.6212764114798471]",1,-1
6675,[0.32863434 0.62080615],6,44,"[0.30505443145580996, 0.5938366826632161]",1,-1
6676,[0.5282134  0.69277716],6,41,"[0.5613949929729852, 0.701115936473092]",1,-1
6677,[0.48917069 0.61000275],6,5,"[0.47989515498241786, 0.6212764114798471]",1,-1
6678,[0.52500151 0.68843723],6,41,"[0.5613949929729852, 0.701115936473092]",1,-1
6679,[0.43895679 0.6030219 ],6,5,"[0.47989515498241786, 0.6212764114798471]",1,-1
6680,[0.40698742 0.68447468],6,45,"[0.4377614438459196, 0.655911915550708]",1,-1
6681,[0.54240922 0.59508223],6,2,"[0.5181425386759565, 0.548951681512668]",1,66
6682,[0.45071268 0.67144641],6,45,"[0.4377614438459196, 0.655911915550708]",1,37
6683,[0.44948985 0.66154847],6,45,"[0.4377614438459196, 0.655911915550708]",1,-1
6684,[0.4335397  0.61273573],6,45,"[0.4377614438459196, 0.655911915550708]",1,-1
6685,[0.49616737 0.68247777],6,5,"[0.47989515498241786, 0.6212764114798471]",1,-1
6686,[0.45214528 0.67274448],6,45,"[0.4377614438459196, 0.655911915550708]",1,-1
6687,[0.45063887 0.66391527],6,45,"[0.4377614438459196, 0.655911915550708]",1,37
6688,[0.40332171 0.59410809],6,25,"[0.38660465276603295, 0.5871767558758164]",1,51
6689,[0.49490239 0.6484533 ],6,5,"[0.47989515498241786, 0.6212764114798471]",1,-1
6690,[0.45354651 0.68226197],6,45,"[0.4377614438459196, 0.655911915550708]",1,-1
6691,[0.43778826 0.54635769],6,18,"[0.4203234088660354, 0.508036417947434]",1,-1
6692,[0.4331339  0.61471898],6,45,"[0.4377614438459196, 0.655911915550708]",1,-1
6693,[0.47108217 0.72010054],6,47,"[0.4308417820697566, 0.7426361553548808]",1,-1
6694,[0.45523197 0.68617338],6,45,"[0.4377614438459196, 0.655911915550708]",1,-1
6695,[0.51157276 0.77306147],6,-1,-1,1,-1
6696,[0.57723708 0.65147838],6,9,"[0.5945682323783136, 0.6193254997600653]",1,-1
6697,[0.47738474 0.67168305],6,45,"[0.4377614438459196, 0.655911915550708]",1,-1
6698,[0.47059365 0.65493935],6,45,"[0.4377614438459196, 0.655911915550708]",1,-1
6699,[0.40310682 0.59973321],6,25,"[0.38660465276603295, 0.5871767558758164]",1,-1
6700,[0.55340443 0.63768022],6,9,"[0.5945682323783136, 0.6193254997600653]",1,-1
6701,[0.47939891 0.73090782],6,47,"[0.4308417820697566, 0.7426361553548808]",1,-1
6702,[0.52188256 0.6671103 ],6,41,"[0.5613949929729852, 0.701115936473092]",1,-1
6703,[0.56365973 0.67127339],6,41,"[0.5613949929729852, 0.701115936473092]",1,-1
6704,[0.50066371 0.65125655],6,5,"[0.47989515498241786, 0.6212764114798471]",1,36
6705,[0.51271468 0.64669419],6,5,"[0.47989515498241786, 0.6212764114798471]",1,-1
6706,[0.51595175 0.66423067],6,5,"[0.47989515498241786, 0.6212764114798471]",1,-1
6707,[0.50540834 0.68265335],6,41,"[0.5613949929729852, 0.701115936473092]",1,-1
6708,[0.51153127 0.63507726],6,5,"[0.47989515498241786, 0.6212764114798471]",1,-1
6709,[0.45120963 0.68912729],6,45,"[0.4377614438459196, 0.655911915550708]",1,-1
6710,[0.48462232 0.64838996],6,5,"[0.47989515498241786, 0.6212764114798471]",1,-1
6711,[0.59348798 0.65221579],6,9,"[0.5945682323783136, 0.6193254997600653]",1,-1
6712,[0.48620548 0.67394115],6,45,"[0.4377614438459196, 0.655911915550708]",1,-1
6713,[0.41113829 0.60560463],6,25,"[0.38660465276603295, 0.5871767558758164]",1,-1
6714,[0.46422728 0.70651795],6,47,"[0.4308417820697566, 0.7426361553548808]",1,-1
6715,[0.47936822 0.62300491],6,5,"[0.47989515498241786, 0.6212764114798471]",1,-1
6716,[0.39658912 0.71415927],6,47,"[0.4308417820697566, 0.7426361553548808]",1,-1
6717,[0.49563989 0.64667769],6,5,"[0.47989515498241786, 0.6212764114798471]",1,-1
6718,[0.4324738  0.64304678],6,45,"[0.4377614438459196, 0.655911915550708]",1,-1
6719,[0.43057858 0.70676605],6,47,"[0.4308417820697566, 0.7426361553548808]",1,-1
6720,[0.47457596 0.65965312],6,45,"[0.4377614438459196, 0.655911915550708]",1,-1
6721,[0.45412558 0.67406943],6,45,"[0.4377614438459196, 0.655911915550708]",1,-1
6722,[0.45216266 0.62345602],6,5,"[0.47989515498241786, 0.6212764114798471]",1,60
6723,[0.46889882 0.66544313],6,45,"[0.4377614438459196, 0.655911915550708]",1,-1
6724,[0.4426407  0.66226712],6,45,"[0.4377614438459196, 0.655911915550708]",1,-1
6725,[0.41714254 0.62264375],6,45,"[0.4377614438459196, 0.655911915550708]",1,-1
6726,[0.52483268 0.68071349],6,41,"[0.5613949929729852, 0.701115936473092]",1,-1
6727,[0.51098705 0.66492163],6,5,"[0.47989515498241786, 0.6212764114798471]",1,-1
6728,[0.45126194 0.74200301],6,47,"[0.4308417820697566, 0.7426361553548808]",1,-1
6729,[0.4443712  0.60482291],6,5,"[0.47989515498241786, 0.6212764114798471]",1,60
6730,[0.53403727 0.60375115],6,5,"[0.47989515498241786, 0.6212764114798471]",1,-1
6731,[0.54368095 0.75119012],6,41,"[0.5613949929729852, 0.701115936473092]",1,-1
6732,[0.52136731 0.66116885],6,41,"[0.5613949929729852, 0.701115936473092]",1,-1
6733,[0.44366049 0.62832283],6,45,"[0.4377614438459196, 0.655911915550708]",1,-1
6734,[0.40063661 0.61931025],6,25,"[0.38660465276603295, 0.5871767558758164]",1,-1
6735,[0.49045069 0.65132374],6,5,"[0.47989515498241786, 0.6212764114798471]",1,36
6736,[0.45099799 0.70271552],6,47,"[0.4308417820697566, 0.7426361553548808]",1,-1
6737,[0.41314128 0.66466075],6,45,"[0.4377614438459196, 0.655911915550708]",1,-1
6738,[0.40459266 0.72384932],6,47,"[0.4308417820697566, 0.7426361553548808]",1,-1
6739,[0.4832582  0.66306019],6,5,"[0.47989515498241786, 0.6212764114798471]",1,-1
6740,[0.41478065 0.68775736],6,45,"[0.4377614438459196, 0.655911915550708]",1,-1
6741,[0.41932699 0.65080068],6,45,"[0.4377614438459196, 0.655911915550708]",1,-1
6742,[0.48092305 0.65716632],6,5,"[0.47989515498241786, 0.6212764114798471]",1,-1
6743,[0.50783026 0.67406741],6,5,"[0.47989515498241786, 0.6212764114798471]",1,-1
6744,[0.4350121  0.61767271],6,45,"[0.4377614438459196, 0.655911915550708]",1,-1
6745,[0.46616177 0.674401  ],6,45,"[0.4377614438459196, 0.655911915550708]",1,37
6746,[0.43513324 0.57149794],6,25,"[0.38660465276603295, 0.5871767558758164]",1,-1
6747,[0.40431605 0.61008495],6,25,"[0.38660465276603295, 0.5871767558758164]",1,-1
6748,[0.43869891 0.69396011],6,45,"[0.4377614438459196, 0.655911915550708]",1,-1
6749,[0.41313167 0.60422684],6,25,"[0.38660465276603295, 0.5871767558758164]",1,-1
6750,[0.4177754  0.68279716],6,45,"[0.4377614438459196, 0.655911915550708]",1,-1
6751,[0.46468834 0.61705929],6,5,"[0.47989515498241786, 0.6212764114798471]",1,-1
6752,[0.38650609 0.71404878],6,19,"[0.3585209611110644, 0.671407469606326]",1,-1
6753,[0.43627335 0.63639798],6,45,"[0.4377614438459196, 0.655911915550708]",1,60
6754,[0.40009446 0.67134872],6,45,"[0.4377614438459196, 0.655911915550708]",1,-1
6755,[0.50518501 0.69552675],6,41,"[0.5613949929729852, 0.701115936473092]",1,-1
6756,[0.45580055 0.59912375],6,5,"[0.47989515498241786, 0.6212764114798471]",1,-1
6757,[0.46027842 0.66735709],6,45,"[0.4377614438459196, 0.655911915550708]",1,-1
6758,[0.51478653 0.64749139],6,5,"[0.47989515498241786, 0.6212764114798471]",1,-1
6759,[0.4280587  0.70159683],6,47,"[0.4308417820697566, 0.7426361553548808]",1,-1
6760,[0.58027516 0.67439526],6,41,"[0.5613949929729852, 0.701115936473092]",1,-1
6761,[0.53327762 0.67808043],6,41,"[0.5613949929729852, 0.701115936473092]",1,-1
6762,[0.53155059 0.60508166],6,5,"[0.47989515498241786, 0.6212764114798471]",1,-1
6763,[0.45275846 0.63990268],6,45,"[0.4377614438459196, 0.655911915550708]",1,60
6764,[0.54587959 0.6580897 ],6,41,"[0.5613949929729852, 0.701115936473092]",1,-1
6765,[0.43086104 0.59260994],6,25,"[0.38660465276603295, 0.5871767558758164]",1,-1
6766,[0.43386496 0.68267562],6,45,"[0.4377614438459196, 0.655911915550708]",1,-1
6767,[0.48667068 0.65407596],6,5,"[0.47989515498241786, 0.6212764114798471]",1,36
6768,[0.44228726 0.72133694],6,47,"[0.4308417820697566, 0.7426361553548808]",1,-1
6769,[0.45615306 0.68767875],6,45,"[0.4377614438459196, 0.655911915550708]",1,-1
6770,[0.51030871 0.65697332],6,5,"[0.47989515498241786, 0.6212764114798471]",1,-1
6771,[0.53947738 0.65760042],6,41,"[0.5613949929729852, 0.701115936473092]",1,-1
6772,[0.53631223 0.64174863],6,5,"[0.47989515498241786, 0.6212764114798471]",1,-1
6773,[0.41095712 0.62775554],6,45,"[0.4377614438459196, 0.655911915550708]",1,-1
6774,[0.47437535 0.5881659 ],6,5,"[0.47989515498241786, 0.6212764114798471]",1,-1
6775,[0.47344768 0.62728284],6,5,"[0.47989515498241786, 0.6212764114798471]",1,-1
6776,[0.5900066  0.67381818],6,41,"[0.5613949929729852, 0.701115936473092]",1,-1
6777,[0.56760361 0.71494956],6,41,"[0.5613949929729852, 0.701115936473092]",1,-1
6778,[0.45743518 0.61703727],6,5,"[0.47989515498241786, 0.6212764114798471]",1,60
6779,[0.42188852 0.72344858],6,47,"[0.4308417820697566, 0.7426361553548808]",1,-1
6780,[0.45574941 0.6284663 ],6,5,"[0.47989515498241786, 0.6212764114798471]",1,60
6781,[0.54957629 0.69492539],6,41,"[0.5613949929729852, 0.701115936473092]",1,-1
6782,[0.41970343 0.52646725],6,18,"[0.4203234088660354, 0.508036417947434]",1,-1
6783,[0.5410903  0.55559488],6,2,"[0.5181425386759565, 0.548951681512668]",1,-1
6784,[0.4704183  0.60584043],6,5,"[0.47989515498241786, 0.6212764114798471]",1,-1
6785,[0.47323362 0.57969445],6,5,"[0.47989515498241786, 0.6212764114798471]",1,-1
6786,[0.49056816 0.66953395],6,5,"[0.47989515498241786, 0.6212764114798471]",1,-1
6787,[0.44750269 0.59529583],6,5,"[0.47989515498241786, 0.6212764114798471]",1,-1
6788,[0.50467053 0.69488444],6,41,"[0.5613949929729852, 0.701115936473092]",1,-1
6789,[0.4860144  0.53072324],6,2,"[0.5181425386759565, 0.548951681512668]",1,-1
6790,[0.48366141 0.69538496],6,45,"[0.4377614438459196, 0.655911915550708]",1,-1
6791,[0.46056133 0.55236357],6,2,"[0.5181425386759565, 0.548951681512668]",1,-1
6792,[0.59327136 0.65233416],6,9,"[0.5945682323783136, 0.6193254997600653]",1,-1
6793,[0.46478877 0.60771532],6,5,"[0.47989515498241786, 0.6212764114798471]",1,-1
6794,[0.46419027 0.70192965],6,47,"[0.4308417820697566, 0.7426361553548808]",1,-1
6795,[0.48687887 0.67280338],6,45,"[0.4377614438459196, 0.655911915550708]",1,-1
6796,[0.36220516 0.68477936],6,19,"[0.3585209611110644, 0.671407469606326]",1,-1
6797,[0.51615272 0.66726909],6,41,"[0.5613949929729852, 0.701115936473092]",1,-1
6798,[0.47156953 0.58583537],6,5,"[0.47989515498241786, 0.6212764114798471]",1,70
6799,[0.51451765 0.66690173],6,5,"[0.47989515498241786, 0.6212764114798471]",1,-1
6800,[0.43056631 0.57776387],6,25,"[0.38660465276603295, 0.5871767558758164]",1,-1
6801,[0.44179756 0.64349989],6,45,"[0.4377614438459196, 0.655911915550708]",1,60
6802,[0.43756601 0.67815861],6,45,"[0.4377614438459196, 0.655911915550708]",1,-1
6803,[0.47072461 0.63889502],6,5,"[0.47989515498241786, 0.6212764114798471]",1,-1
6804,[0.47811391 0.82660765],6,-1,-1,1,-1
6805,[0.48691171 0.65050816],6,5,"[0.47989515498241786, 0.6212764114798471]",1,36
6806,[0.421377 0.725962],6,47,"[0.4308417820697566, 0.7426361553548808]",1,-1
6807,[0.51756807 0.64748436],6,5,"[0.47989515498241786, 0.6212764114798471]",1,-1
6808,[0.43241086 0.67710621],6,45,"[0.4377614438459196, 0.655911915550708]",1,-1
6809,[0.52844179 0.70681323],6,41,"[0.5613949929729852, 0.701115936473092]",1,-1
6810,[0.51583631 0.65336379],6,5,"[0.47989515498241786, 0.6212764114798471]",1,-1
6811,[0.51068307 0.59040043],6,2,"[0.5181425386759565, 0.548951681512668]",1,74
6812,[0.45613499 0.77693373],6,47,"[0.4308417820697566, 0.7426361553548808]",1,-1
6813,[0.43838865 0.60805473],6,5,"[0.47989515498241786, 0.6212764114798471]",1,-1
6814,[0.54806698 0.62700534],6,9,"[0.5945682323783136, 0.6193254997600653]",1,-1
6815,[0.37334133 0.70102664],6,19,"[0.3585209611110644, 0.671407469606326]",1,-1
6816,[0.42692575 0.64519329],6,45,"[0.4377614438459196, 0.655911915550708]",1,-1
6817,[0.54068782 0.71194415],6,41,"[0.5613949929729852, 0.701115936473092]",1,-1
6818,[0.44273852 0.68634154],6,45,"[0.4377614438459196, 0.655911915550708]",1,-1
6819,[0.51747583 0.70613209],6,41,"[0.5613949929729852, 0.701115936473092]",1,-1
6820,[0.51849105 0.69531823],6,41,"[0.5613949929729852, 0.701115936473092]",1,-1
6821,[0.44410483 0.60658441],6,5,"[0.47989515498241786, 0.6212764114798471]",1,60
6822,[0.42169096 0.5875677 ],6,25,"[0.38660465276603295, 0.5871767558758164]",1,-1
6823,[0.51694109 0.59223738],6,2,"[0.5181425386759565, 0.548951681512668]",1,74
6824,[0.51699148 0.59063806],6,2,"[0.5181425386759565, 0.548951681512668]",1,74
6825,[0.43421906 0.56413162],6,25,"[0.38660465276603295, 0.5871767558758164]",1,-1
6826,[0.40987784 0.79045701],6,47,"[0.4308417820697566, 0.7426361553548808]",1,-1
6827,[0.51286963 0.70577035],6,41,"[0.5613949929729852, 0.701115936473092]",1,-1
6828,[0.54221592 0.76973391],6,48,"[0.5865861840445293, 0.7997995045728765]",1,-1
6829,[0.43587817 0.58234006],6,25,"[0.38660465276603295, 0.5871767558758164]",1,60
6830,[0.35088167 0.73690999],6,19,"[0.3585209611110644, 0.671407469606326]",1,-1
6831,[0.40375121 0.66355787],6,45,"[0.4377614438459196, 0.655911915550708]",1,-1
6832,[0.58829439 0.69247355],6,41,"[0.5613949929729852, 0.701115936473092]",1,-1
6833,[0.42794261 0.62419405],6,45,"[0.4377614438459196, 0.655911915550708]",1,-1
6834,[0.4942995  0.68347074],6,45,"[0.4377614438459196, 0.655911915550708]",1,-1
6835,[0.37098233 0.71691993],6,19,"[0.3585209611110644, 0.671407469606326]",1,-1
6836,[0.56159408 0.6941987 ],6,41,"[0.5613949929729852, 0.701115936473092]",1,-1
6837,[0.42261514 0.60516883],6,25,"[0.38660465276603295, 0.5871767558758164]",1,-1
6838,[0.45375003 0.64969477],6,45,"[0.4377614438459196, 0.655911915550708]",1,-1
6839,[0.42102688 0.61017926],6,25,"[0.38660465276603295, 0.5871767558758164]",1,-1
6840,[0.50104722 0.63692066],6,5,"[0.47989515498241786, 0.6212764114798471]",1,-1
6841,[0.38608043 0.64375236],6,19,"[0.3585209611110644, 0.671407469606326]",1,-1
6842,[0.43851278 0.56498787],6,25,"[0.38660465276603295, 0.5871767558758164]",1,-1
6843,[0.46304004 0.70685067],6,47,"[0.4308417820697566, 0.7426361553548808]",1,-1
6844,[0.48490937 0.71382903],6,47,"[0.4308417820697566, 0.7426361553548808]",1,-1
6845,[0.50086246 0.72237688],6,41,"[0.5613949929729852, 0.701115936473092]",1,-1
6846,[0.49353976 0.68168401],6,45,"[0.4377614438459196, 0.655911915550708]",1,-1
6847,[0.53188476 0.60249628],6,5,"[0.47989515498241786, 0.6212764114798471]",1,-1
6848,[0.54209042 0.6440569 ],6,9,"[0.5945682323783136, 0.6193254997600653]",1,-1
6849,[0.48511741 0.63859091],6,5,"[0.47989515498241786, 0.6212764114798471]",1,-1
6850,[0.41019764 0.62220372],6,25,"[0.38660465276603295, 0.5871767558758164]",1,-1
6851,[0.47705679 0.57385939],6,5,"[0.47989515498241786, 0.6212764114798471]",1,70
6852,[0.4925458  0.70328486],6,41,"[0.5613949929729852, 0.701115936473092]",1,-1
6853,[0.47735705 0.70470317],6,47,"[0.4308417820697566, 0.7426361553548808]",1,-1
6854,[0.45063825 0.61812019],6,5,"[0.47989515498241786, 0.6212764114798471]",1,60
6855,[0.46294456 0.72202099],6,47,"[0.4308417820697566, 0.7426361553548808]",1,-1
6856,[0.43489425 0.6790979 ],6,45,"[0.4377614438459196, 0.655911915550708]",1,-1
6857,[0.46113708 0.66642232],6,45,"[0.4377614438459196, 0.655911915550708]",1,-1
6858,[0.47692374 0.7157229 ],6,47,"[0.4308417820697566, 0.7426361553548808]",1,-1
6859,[0.47145083 0.66702056],6,45,"[0.4377614438459196, 0.655911915550708]",1,-1
6860,[0.58390779 0.57089011],6,10,"[0.6101257152780476, 0.5394800330734051]",1,-1
6861,[0.43467091 0.674025  ],6,45,"[0.4377614438459196, 0.655911915550708]",1,37
6862,[0.49567293 0.66747932],6,5,"[0.47989515498241786, 0.6212764114798471]",1,-1
6863,[0.51274633 0.71684018],6,41,"[0.5613949929729852, 0.701115936473092]",1,-1
6864,[0.45214546 0.65823098],6,45,"[0.4377614438459196, 0.655911915550708]",1,-1
6865,[0.40905721 0.62206551],6,25,"[0.38660465276603295, 0.5871767558758164]",1,-1
6866,[0.47469045 0.6483784 ],6,5,"[0.47989515498241786, 0.6212764114798471]",1,-1
6867,[0.49928261 0.70353124],6,41,"[0.5613949929729852, 0.701115936473092]",1,-1
6868,[0.5138014  0.62533632],6,5,"[0.47989515498241786, 0.6212764114798471]",1,-1
6869,[0.40672505 0.67536556],6,45,"[0.4377614438459196, 0.655911915550708]",1,-1
6870,[0.48285383 0.65260065],6,5,"[0.47989515498241786, 0.6212764114798471]",1,36
6871,[0.48734828 0.68882898],6,45,"[0.4377614438459196, 0.655911915550708]",1,-1
6872,[0.48158308 0.70419194],6,47,"[0.4308417820697566, 0.7426361553548808]",1,-1
6873,[0.40969005 0.60743108],6,25,"[0.38660465276603295, 0.5871767558758164]",1,-1
6874,[0.43463067 0.61401299],6,45,"[0.4377614438459196, 0.655911915550708]",1,-1
6875,[0.39956148 0.6811888 ],6,19,"[0.3585209611110644, 0.671407469606326]",1,-1
6876,[0.40648084 0.61119313],6,25,"[0.38660465276603295, 0.5871767558758164]",1,-1
6877,[0.44021356 0.63112532],6,45,"[0.4377614438459196, 0.655911915550708]",1,60
6878,[0.44777734 0.73240477],6,47,"[0.4308417820697566, 0.7426361553548808]",1,-1
6879,[0.46678961 0.73670488],6,47,"[0.4308417820697566, 0.7426361553548808]",1,-1
6880,[0.47861583 0.72735505],6,47,"[0.4308417820697566, 0.7426361553548808]",1,-1
6881,[0.45291099 0.65537861],6,45,"[0.4377614438459196, 0.655911915550708]",1,-1
6882,[0.44371882 0.70467525],6,47,"[0.4308417820697566, 0.7426361553548808]",1,-1
6883,[0.53798335 0.7194173 ],6,41,"[0.5613949929729852, 0.701115936473092]",1,-1
6884,[0.49694555 0.62296885],6,5,"[0.47989515498241786, 0.6212764114798471]",1,-1
6885,[0.48539947 0.68928961],6,45,"[0.4377614438459196, 0.655911915550708]",1,-1
6886,[0.46005158 0.66555323],6,45,"[0.4377614438459196, 0.655911915550708]",1,-1
6887,[0.39221077 0.61133202],6,25,"[0.38660465276603295, 0.5871767558758164]",1,-1
6888,[0.4621323  0.61605913],6,5,"[0.47989515498241786, 0.6212764114798471]",1,60
6889,[0.43769588 0.65627941],6,45,"[0.4377614438459196, 0.655911915550708]",1,-1
6890,[0.4527796  0.63699441],6,45,"[0.4377614438459196, 0.655911915550708]",1,60
6891,[0.48348642 0.66284387],6,5,"[0.47989515498241786, 0.6212764114798471]",1,-1
6892,[0.38672334 0.77438213],6,47,"[0.4308417820697566, 0.7426361553548808]",1,-1
6893,[0.42749105 0.61317597],6,45,"[0.4377614438459196, 0.655911915550708]",1,-1
6894,[0.42890089 0.72283209],6,47,"[0.4308417820697566, 0.7426361553548808]",1,-1
6895,[0.51411518 0.72319282],6,41,"[0.5613949929729852, 0.701115936473092]",1,-1
6896,[0.42376673 0.77911795],6,47,"[0.4308417820697566, 0.7426361553548808]",1,-1
6897,[0.49316087 0.66536945],6,5,"[0.47989515498241786, 0.6212764114798471]",1,-1
6898,[0.51656004 0.59891368],6,5,"[0.47989515498241786, 0.6212764114798471]",1,-1
6899,[0.37335641 0.58784597],6,25,"[0.38660465276603295, 0.5871767558758164]",1,-1
6900,[0.40674953 0.75205668],6,47,"[0.4308417820697566, 0.7426361553548808]",1,-1
6901,[0.4263103  0.67408485],6,45,"[0.4377614438459196, 0.655911915550708]",1,-1
6902,[0.50126246 0.71202352],6,41,"[0.5613949929729852, 0.701115936473092]",1,-1
6903,[0.57268228 0.67511343],6,41,"[0.5613949929729852, 0.701115936473092]",1,-1
6904,[0.4506628  0.62041837],6,5,"[0.47989515498241786, 0.6212764114798471]",1,60
6905,[0.43185719 0.72642075],6,47,"[0.4308417820697566, 0.7426361553548808]",1,-1
6906,[0.42667675 0.64117867],6,45,"[0.4377614438459196, 0.655911915550708]",1,-1
6907,[0.55520295 0.69654699],6,41,"[0.5613949929729852, 0.701115936473092]",1,-1
6908,[0.48812682 0.7506561 ],6,47,"[0.4308417820697566, 0.7426361553548808]",1,-1
6909,[0.4291477  0.66578953],6,45,"[0.4377614438459196, 0.655911915550708]",1,-1
6910,[0.45320141 0.61205528],6,5,"[0.47989515498241786, 0.6212764114798471]",1,60
6911,[0.54021954 0.62745529],6,9,"[0.5945682323783136, 0.6193254997600653]",1,-1
6912,[0.36530274 0.54738922],6,25,"[0.38660465276603295, 0.5871767558758164]",1,-1
6913,[0.50475229 0.67251149],6,5,"[0.47989515498241786, 0.6212764114798471]",1,-1
6914,[0.46960033 0.67598725],6,45,"[0.4377614438459196, 0.655911915550708]",1,-1
6915,[0.35627167 0.65455465],6,19,"[0.3585209611110644, 0.671407469606326]",1,9
6916,[0.44216772 0.65176606],6,45,"[0.4377614438459196, 0.655911915550708]",1,-1
6917,[0.52542137 0.67914174],6,41,"[0.5613949929729852, 0.701115936473092]",1,-1
6918,[0.50916629 0.62108664],6,5,"[0.47989515498241786, 0.6212764114798471]",1,-1
6919,[0.46530192 0.71109787],6,47,"[0.4308417820697566, 0.7426361553548808]",1,-1
6920,[0.41157166 0.58270213],6,25,"[0.38660465276603295, 0.5871767558758164]",1,-1
6921,[0.41131533 0.58141567],6,25,"[0.38660465276603295, 0.5871767558758164]",1,-1
6922,[0.46628298 0.62678025],6,5,"[0.47989515498241786, 0.6212764114798471]",1,-1
6923,[0.40751227 0.62612468],6,45,"[0.4377614438459196, 0.655911915550708]",1,-1
6924,[0.49412754 0.64848798],6,5,"[0.47989515498241786, 0.6212764114798471]",1,-1
6925,[0.48668662 0.61809582],6,5,"[0.47989515498241786, 0.6212764114798471]",1,-1
6926,[0.44656134 0.62640874],6,45,"[0.4377614438459196, 0.655911915550708]",1,-1
6927,[0.45581447 0.70123196],6,47,"[0.4308417820697566, 0.7426361553548808]",1,-1
6928,[0.60157669 0.64587197],6,9,"[0.5945682323783136, 0.6193254997600653]",1,-1
6929,[0.43315184 0.66502205],6,45,"[0.4377614438459196, 0.655911915550708]",1,-1
6930,[0.54184623 0.70838252],6,41,"[0.5613949929729852, 0.701115936473092]",1,-1
6931,[0.50147314 0.6290108 ],6,5,"[0.47989515498241786, 0.6212764114798471]",1,-1
6932,[0.42733728 0.77357174],6,47,"[0.4308417820697566, 0.7426361553548808]",1,-1
6933,[0.58398136 0.7675126 ],6,48,"[0.5865861840445293, 0.7997995045728765]",1,-1
6934,[0.37891699 0.68837929],6,19,"[0.3585209611110644, 0.671407469606326]",1,-1
6935,[0.45393636 0.52669761],6,18,"[0.4203234088660354, 0.508036417947434]",1,-1
6936,[0.46386031 0.62508609],6,5,"[0.47989515498241786, 0.6212764114798471]",1,-1
6937,[0.42886255 0.58345933],6,25,"[0.38660465276603295, 0.5871767558758164]",1,-1
6938,[0.52439779 0.68679498],6,41,"[0.5613949929729852, 0.701115936473092]",1,-1
6939,[0.47212673 0.62348694],6,5,"[0.47989515498241786, 0.6212764114798471]",1,60
6940,[0.48428716 0.67060641],6,45,"[0.4377614438459196, 0.655911915550708]",1,-1
6941,[0.51024173 0.59776311],6,5,"[0.47989515498241786, 0.6212764114798471]",1,-1
6942,[0.6104136  0.68491757],6,41,"[0.5613949929729852, 0.701115936473092]",1,-1
6943,[0.51804387 0.59474141],6,2,"[0.5181425386759565, 0.548951681512668]",1,74
6944,[0.54468486 0.69202606],6,41,"[0.5613949929729852, 0.701115936473092]",1,-1
6945,[0.48763198 0.55589724],6,2,"[0.5181425386759565, 0.548951681512668]",1,-1
6946,[0.51289367 0.6712809 ],6,41,"[0.5613949929729852, 0.701115936473092]",1,-1
6947,[0.42295982 0.70565956],6,47,"[0.4308417820697566, 0.7426361553548808]",1,-1
6948,[0.48423322 0.61924334],6,5,"[0.47989515498241786, 0.6212764114798471]",1,-1
6949,[0.53195174 0.67365034],6,41,"[0.5613949929729852, 0.701115936473092]",1,-1
6950,[0.47199064 0.63116867],6,5,"[0.47989515498241786, 0.6212764114798471]",1,-1
6951,[0.46918448 0.70803518],6,47,"[0.4308417820697566, 0.7426361553548808]",1,-1
6952,[0.42250565 0.60496293],6,25,"[0.38660465276603295, 0.5871767558758164]",1,-1
6953,[0.37875014 0.64102168],6,19,"[0.3585209611110644, 0.671407469606326]",1,-1
6954,[0.37628589 0.64641286],6,19,"[0.3585209611110644, 0.671407469606326]",1,-1
6955,[0.44862314 0.67869484],6,45,"[0.4377614438459196, 0.655911915550708]",1,-1
6956,[0.45768645 0.69444541],6,45,"[0.4377614438459196, 0.655911915550708]",1,-1
6957,[0.49491703 0.61792905],6,5,"[0.47989515498241786, 0.6212764114798471]",1,-1
6958,[0.42574716 0.5847027 ],6,25,"[0.38660465276603295, 0.5871767558758164]",1,-1
6959,[0.45739556 0.61795384],6,5,"[0.47989515498241786, 0.6212764114798471]",1,60
6960,[0.47206795 0.67438271],6,45,"[0.4377614438459196, 0.655911915550708]",1,-1
6961,[0.45511415 0.63164768],6,5,"[0.47989515498241786, 0.6212764114798471]",1,-1
6962,[0.45173975 0.67480964],6,45,"[0.4377614438459196, 0.655911915550708]",1,37
6963,[0.50420975 0.7112666 ],6,41,"[0.5613949929729852, 0.701115936473092]",1,-1
6964,[0.43401789 0.76278175],6,47,"[0.4308417820697566, 0.7426361553548808]",1,-1
6965,[0.45120971 0.67145792],6,45,"[0.4377614438459196, 0.655911915550708]",1,37
6966,[0.39692398 0.71793785],6,47,"[0.4308417820697566, 0.7426361553548808]",1,-1
6967,[0.38684141 0.7200903 ],6,47,"[0.4308417820697566, 0.7426361553548808]",1,-1
6968,[0.52465661 0.5859301 ],6,2,"[0.5181425386759565, 0.548951681512668]",1,-1
6969,[0.51549878 0.62392668],6,5,"[0.47989515498241786, 0.6212764114798471]",1,-1
6970,[0.56548437 0.64055288],6,9,"[0.5945682323783136, 0.6193254997600653]",1,-1
6971,[0.5997492  0.66776795],6,9,"[0.5945682323783136, 0.6193254997600653]",1,-1
6972,[0.57935534 0.58821073],6,9,"[0.5945682323783136, 0.6193254997600653]",1,-1
6973,[0.43586542 0.71278412],6,47,"[0.4308417820697566, 0.7426361553548808]",1,-1
6974,[0.49404715 0.64804343],6,5,"[0.47989515498241786, 0.6212764114798471]",1,-1
6975,[0.48504044 0.63603721],6,5,"[0.47989515498241786, 0.6212764114798471]",1,-1
6976,[0.47335838 0.63303878],6,5,"[0.47989515498241786, 0.6212764114798471]",1,-1
6977,[0.50203402 0.58294446],6,2,"[0.5181425386759565, 0.548951681512668]",1,-1
6978,[0.45961584 0.53886607],6,18,"[0.4203234088660354, 0.508036417947434]",1,-1
6979,[0.46739472 0.74434798],6,47,"[0.4308417820697566, 0.7426361553548808]",1,-1
6980,[0.53316341 0.67898732],6,41,"[0.5613949929729852, 0.701115936473092]",1,-1
6981,[0.4121787  0.58767322],6,25,"[0.38660465276603295, 0.5871767558758164]",1,-1
6982,[0.43961473 0.62979462],6,45,"[0.4377614438459196, 0.655911915550708]",1,-1
6983,[0.5082709  0.60399136],6,5,"[0.47989515498241786, 0.6212764114798471]",1,-1
6984,[0.42507458 0.63298217],6,45,"[0.4377614438459196, 0.655911915550708]",1,-1
6985,[0.39970983 0.66451877],6,45,"[0.4377614438459196, 0.655911915550708]",1,-1
6986,[0.51441821 0.63352643],6,5,"[0.47989515498241786, 0.6212764114798471]",1,-1
6987,[0.49791405 0.61738671],6,5,"[0.47989515498241786, 0.6212764114798471]",1,67
6988,[0.47437856 0.60218911],6,5,"[0.47989515498241786, 0.6212764114798471]",1,-1
6989,[0.45303357 0.73361932],6,47,"[0.4308417820697566, 0.7426361553548808]",1,-1
6990,[0.474889 0.738202],6,47,"[0.4308417820697566, 0.7426361553548808]",1,-1
6991,[0.46536067 0.64460746],6,5,"[0.47989515498241786, 0.6212764114798471]",1,-1
6992,[0.45745904 0.60434652],6,5,"[0.47989515498241786, 0.6212764114798471]",1,-1
6993,[0.43796886 0.67184215],6,45,"[0.4377614438459196, 0.655911915550708]",1,37
6994,[0.51704405 0.58540183],6,2,"[0.5181425386759565, 0.548951681512668]",1,-1
6995,[0.5256578  0.71105319],6,41,"[0.5613949929729852, 0.701115936473092]",1,-1
6996,[0.43370395 0.67448556],6,45,"[0.4377614438459196, 0.655911915550708]",1,37
6997,[0.47004801 0.6701729 ],6,45,"[0.4377614438459196, 0.655911915550708]",1,37
6998,[0.51085897 0.68619093],6,41,"[0.5613949929729852, 0.701115936473092]",1,-1
6999,[0.3944309  0.58000305],6,25,"[0.38660465276603295, 0.5871767558758164]",1,-1
7000,[0.50859288 0.51662022],7,2,"[0.5181425386759565, 0.548951681512668]",1,-1
7001,[0.39734945 0.61121022],7,25,"[0.38660465276603295, 0.5871767558758164]",1,51
7002,[0.39266248 0.62390721],7,25,"[0.38660465276603295, 0.5871767558758164]",1,-1
7003,[0.35436679 0.56720536],7,25,"[0.38660465276603295, 0.5871767558758164]",1,-1
7004,[0.51758306 0.5024504 ],7,2,"[0.5181425386759565, 0.548951681512668]",1,-1
7005,[0.45165086 0.60189386],7,5,"[0.47989515498241786, 0.6212764114798471]",1,-1
7006,[0.4574057  0.54553207],7,18,"[0.4203234088660354, 0.508036417947434]",1,-1
7007,[0.48116712 0.59783021],7,5,"[0.47989515498241786, 0.6212764114798471]",1,-1
7008,[0.40470379 0.58139848],7,25,"[0.38660465276603295, 0.5871767558758164]",1,-1
7009,[0.51718884 0.54185588],7,2,"[0.5181425386759565, 0.548951681512668]",1,-1
7010,[0.46347556 0.57125255],7,5,"[0.47989515498241786, 0.6212764114798471]",1,-1
7011,[0.48010184 0.53880011],7,2,"[0.5181425386759565, 0.548951681512668]",1,-1
7012,[0.57087525 0.53273388],7,10,"[0.6101257152780476, 0.5394800330734051]",1,-1
7013,[0.44206553 0.59313441],7,5,"[0.47989515498241786, 0.6212764114798471]",1,-1
7014,[0.4961024  0.64736494],7,5,"[0.47989515498241786, 0.6212764114798471]",1,-1
7015,[0.44062138 0.55668265],7,18,"[0.4203234088660354, 0.508036417947434]",1,-1
7016,[0.43895273 0.52701978],7,18,"[0.4203234088660354, 0.508036417947434]",1,-1
7017,[0.43168829 0.61828857],7,45,"[0.4377614438459196, 0.655911915550708]",1,-1
7018,[0.47901217 0.61848531],7,5,"[0.47989515498241786, 0.6212764114798471]",1,-1
7019,[0.51949475 0.50972347],7,2,"[0.5181425386759565, 0.548951681512668]",1,-1
7020,[0.4497526  0.47144435],7,18,"[0.4203234088660354, 0.508036417947434]",1,-1
7021,[0.54294102 0.57240138],7,2,"[0.5181425386759565, 0.548951681512668]",1,65
7022,[0.43893914 0.52840752],7,18,"[0.4203234088660354, 0.508036417947434]",1,-1
7023,[0.4469924  0.51344021],7,18,"[0.4203234088660354, 0.508036417947434]",1,-1
7024,[0.50961225 0.57337225],7,2,"[0.5181425386759565, 0.548951681512668]",1,75
7025,[0.46879699 0.54134584],7,2,"[0.5181425386759565, 0.548951681512668]",1,-1
7026,[0.35892091 0.62937704],7,19,"[0.3585209611110644, 0.671407469606326]",1,-1
7027,[0.47156282 0.52857494],7,2,"[0.5181425386759565, 0.548951681512668]",1,49
7028,[0.50726573 0.48748799],7,35,"[0.491626887866141, 0.45015531396212327]",1,-1
7029,[0.47953846 0.53391585],7,2,"[0.5181425386759565, 0.548951681512668]",1,-1
7030,[0.41172522 0.61557329],7,25,"[0.38660465276603295, 0.5871767558758164]",1,-1
7031,[0.46698461 0.51271495],7,18,"[0.4203234088660354, 0.508036417947434]",1,-1
7032,[0.46771849 0.52455363],7,18,"[0.4203234088660354, 0.508036417947434]",1,49
7033,[0.46432876 0.63905097],7,5,"[0.47989515498241786, 0.6212764114798471]",1,-1
7034,[0.49415401 0.52750247],7,2,"[0.5181425386759565, 0.548951681512668]",1,-1
7035,[0.50000966 0.66534261],7,5,"[0.47989515498241786, 0.6212764114798471]",1,-1
7036,[0.38425571 0.62691065],7,25,"[0.38660465276603295, 0.5871767558758164]",1,-1
7037,[0.5239416  0.54263644],7,2,"[0.5181425386759565, 0.548951681512668]",1,-1
7038,[0.4923722  0.52668389],7,2,"[0.5181425386759565, 0.548951681512668]",1,-1
7039,[0.43788924 0.5862066 ],7,25,"[0.38660465276603295, 0.5871767558758164]",1,-1
7040,[0.41469824 0.62678809],7,45,"[0.4377614438459196, 0.655911915550708]",1,-1
7041,[0.42915846 0.494909  ],7,18,"[0.4203234088660354, 0.508036417947434]",1,-1
7042,[0.50141438 0.58119371],7,2,"[0.5181425386759565, 0.548951681512668]",1,-1
7043,[0.49995111 0.61241995],7,5,"[0.47989515498241786, 0.6212764114798471]",1,-1
7044,[0.44840635 0.57066858],7,5,"[0.47989515498241786, 0.6212764114798471]",1,-1
7045,[0.41024635 0.59018266],7,25,"[0.38660465276603295, 0.5871767558758164]",1,-1
7046,[0.47396919 0.50371428],7,18,"[0.4203234088660354, 0.508036417947434]",1,-1
7047,[0.46842626 0.63250293],7,5,"[0.47989515498241786, 0.6212764114798471]",1,60
7048,[0.56133568 0.57794927],7,2,"[0.5181425386759565, 0.548951681512668]",1,-1
7049,[0.48165688 0.59451763],7,5,"[0.47989515498241786, 0.6212764114798471]",1,-1
7050,[0.49143611 0.58897748],7,5,"[0.47989515498241786, 0.6212764114798471]",1,-1
7051,[0.36440765 0.57622628],7,25,"[0.38660465276603295, 0.5871767558758164]",1,-1
7052,[0.45548943 0.58522715],7,5,"[0.47989515498241786, 0.6212764114798471]",1,-1
7053,[0.57049986 0.56256321],7,10,"[0.6101257152780476, 0.5394800330734051]",1,69
7054,[0.47431669 0.56615949],7,2,"[0.5181425386759565, 0.548951681512668]",1,-1
7055,[0.45020522 0.59427985],7,5,"[0.47989515498241786, 0.6212764114798471]",1,-1
7056,[0.37749083 0.52019473],7,18,"[0.4203234088660354, 0.508036417947434]",1,-1
7057,[0.42340207 0.58145381],7,25,"[0.38660465276603295, 0.5871767558758164]",1,-1
7058,[0.50563195 0.61732485],7,5,"[0.47989515498241786, 0.6212764114798471]",1,-1
7059,[0.52523427 0.50781069],7,2,"[0.5181425386759565, 0.548951681512668]",1,-1
7060,[0.49643959 0.56344155],7,2,"[0.5181425386759565, 0.548951681512668]",1,-1
7061,[0.40906786 0.54823735],7,18,"[0.4203234088660354, 0.508036417947434]",1,-1
7062,[0.42136275 0.62018485],7,45,"[0.4377614438459196, 0.655911915550708]",1,-1
7063,[0.53337919 0.60240223],7,2,"[0.5181425386759565, 0.548951681512668]",1,-1
7064,[0.49407545 0.558215  ],7,2,"[0.5181425386759565, 0.548951681512668]",1,-1
7065,[0.57238737 0.52865515],7,10,"[0.6101257152780476, 0.5394800330734051]",1,-1
7066,[0.56154629 0.61916938],7,9,"[0.5945682323783136, 0.6193254997600653]",1,-1
7067,[0.39492911 0.5728518 ],7,25,"[0.38660465276603295, 0.5871767558758164]",1,-1
7068,[0.51433279 0.68587375],7,41,"[0.5613949929729852, 0.701115936473092]",1,-1
7069,[0.56317921 0.55978047],7,2,"[0.5181425386759565, 0.548951681512668]",1,-1
7070,[0.46875142 0.58841359],7,5,"[0.47989515498241786, 0.6212764114798471]",1,-1
7071,[0.39855517 0.55069482],7,25,"[0.38660465276603295, 0.5871767558758164]",1,-1
7072,[0.5055927  0.55722708],7,2,"[0.5181425386759565, 0.548951681512668]",1,-1
7073,[0.44172305 0.62942884],7,45,"[0.4377614438459196, 0.655911915550708]",1,60
7074,[0.5222054  0.61722229],7,5,"[0.47989515498241786, 0.6212764114798471]",1,-1
7075,[0.56412815 0.5734119 ],7,2,"[0.5181425386759565, 0.548951681512668]",1,-1
7076,[0.47531736 0.500643  ],7,35,"[0.491626887866141, 0.45015531396212327]",1,-1
7077,[0.45786774 0.62698691],7,5,"[0.47989515498241786, 0.6212764114798471]",1,60
7078,[0.47422688 0.57142174],7,2,"[0.5181425386759565, 0.548951681512668]",1,-1
7079,[0.39351175 0.53855614],7,18,"[0.4203234088660354, 0.508036417947434]",1,-1
7080,[0.45058693 0.57193843],7,5,"[0.47989515498241786, 0.6212764114798471]",1,-1
7081,[0.51147482 0.59290566],7,5,"[0.47989515498241786, 0.6212764114798471]",1,74
7082,[0.52191271 0.59423101],7,2,"[0.5181425386759565, 0.548951681512668]",1,74
7083,[0.57775138 0.5393758 ],7,10,"[0.6101257152780476, 0.5394800330734051]",1,-1
7084,[0.53282681 0.52118383],7,2,"[0.5181425386759565, 0.548951681512668]",1,-1
7085,[0.44663607 0.64278403],7,45,"[0.4377614438459196, 0.655911915550708]",1,60
7086,[0.51648693 0.49323212],7,35,"[0.491626887866141, 0.45015531396212327]",1,-1
7087,[0.5493741  0.58205026],7,2,"[0.5181425386759565, 0.548951681512668]",1,-1
7088,[0.43247624 0.47456573],7,18,"[0.4203234088660354, 0.508036417947434]",1,-1
7089,[0.4194965  0.58989764],7,25,"[0.38660465276603295, 0.5871767558758164]",1,-1
7090,[0.48682167 0.56791837],7,2,"[0.5181425386759565, 0.548951681512668]",1,70
7091,[0.58146916 0.61102346],7,9,"[0.5945682323783136, 0.6193254997600653]",1,-1
7092,[0.47749857 0.539089  ],7,2,"[0.5181425386759565, 0.548951681512668]",1,-1
7093,[0.44183239 0.62945516],7,45,"[0.4377614438459196, 0.655911915550708]",1,60
7094,[0.38752616 0.52930185],7,18,"[0.4203234088660354, 0.508036417947434]",1,-1
7095,[0.49340761 0.59005894],7,5,"[0.47989515498241786, 0.6212764114798471]",1,-1
7096,[0.49987557 0.58738237],7,5,"[0.47989515498241786, 0.6212764114798471]",1,-1
7097,[0.42789947 0.43605357],7,6,"[0.40123478470159024, 0.40656176249784554]",1,-1
7098,[0.51822537 0.55410588],7,2,"[0.5181425386759565, 0.548951681512668]",1,-1
7099,[0.45415337 0.5884291 ],7,5,"[0.47989515498241786, 0.6212764114798471]",1,-1
7100,[0.45295399 0.50106563],7,18,"[0.4203234088660354, 0.508036417947434]",1,-1
7101,[0.36609554 0.59695483],7,25,"[0.38660465276603295, 0.5871767558758164]",1,-1
7102,[0.4549769  0.59423559],7,5,"[0.47989515498241786, 0.6212764114798471]",1,-1
7103,[0.45544551 0.58453803],7,5,"[0.47989515498241786, 0.6212764114798471]",1,-1
7104,[0.44749168 0.54916439],7,18,"[0.4203234088660354, 0.508036417947434]",1,-1
7105,[0.48626327 0.58514312],7,5,"[0.47989515498241786, 0.6212764114798471]",1,70
7106,[0.48699558 0.54196593],7,2,"[0.5181425386759565, 0.548951681512668]",1,-1
7107,[0.47906498 0.58063109],7,5,"[0.47989515498241786, 0.6212764114798471]",1,-1
7108,[0.52992656 0.53261148],7,2,"[0.5181425386759565, 0.548951681512668]",1,-1
7109,[0.41492388 0.52035   ],7,18,"[0.4203234088660354, 0.508036417947434]",1,-1
7110,[0.52288897 0.53292911],7,2,"[0.5181425386759565, 0.548951681512668]",1,65
7111,[0.48354807 0.5827562 ],7,5,"[0.47989515498241786, 0.6212764114798471]",1,70
7112,[0.51888089 0.54950623],7,2,"[0.5181425386759565, 0.548951681512668]",1,-1
7113,[0.49116485 0.56212986],7,2,"[0.5181425386759565, 0.548951681512668]",1,-1
7114,[0.44660172 0.51723088],7,18,"[0.4203234088660354, 0.508036417947434]",1,-1
7115,[0.55955795 0.53017889],7,2,"[0.5181425386759565, 0.548951681512668]",1,-1
7116,[0.47121515 0.58498205],7,5,"[0.47989515498241786, 0.6212764114798471]",1,70
7117,[0.51855185 0.56384377],7,2,"[0.5181425386759565, 0.548951681512668]",1,-1
7118,[0.49967306 0.51238028],7,2,"[0.5181425386759565, 0.548951681512668]",1,-1
7119,[0.50747094 0.61214122],7,5,"[0.47989515498241786, 0.6212764114798471]",1,-1
7120,[0.49858118 0.57179356],7,2,"[0.5181425386759565, 0.548951681512668]",1,-1
7121,[0.526682   0.54609821],7,2,"[0.5181425386759565, 0.548951681512668]",1,-1
7122,[0.42708524 0.58009014],7,25,"[0.38660465276603295, 0.5871767558758164]",1,-1
7123,[0.41323811 0.52754193],7,18,"[0.4203234088660354, 0.508036417947434]",1,-1
7124,[0.556414   0.56898784],7,2,"[0.5181425386759565, 0.548951681512668]",1,-1
7125,[0.44754956 0.5219588 ],7,18,"[0.4203234088660354, 0.508036417947434]",1,-1
7126,[0.4471859  0.61363405],7,5,"[0.47989515498241786, 0.6212764114798471]",1,-1
7127,[0.5049943  0.58684284],7,2,"[0.5181425386759565, 0.548951681512668]",1,-1
7128,[0.42965138 0.71571799],7,47,"[0.4308417820697566, 0.7426361553548808]",1,-1
7129,[0.54847218 0.49014136],7,27,"[0.5866068271601823, 0.4386408725933068]",1,-1
7130,[0.4591041 0.643123 ],7,45,"[0.4377614438459196, 0.655911915550708]",1,-1
7131,[0.47281533 0.57373594],7,5,"[0.47989515498241786, 0.6212764114798471]",1,-1
7132,[0.47756921 0.63245669],7,5,"[0.47989515498241786, 0.6212764114798471]",1,-1
7133,[0.47517164 0.4661911 ],7,35,"[0.491626887866141, 0.45015531396212327]",1,-1
7134,[0.47351287 0.51250626],7,18,"[0.4203234088660354, 0.508036417947434]",1,-1
7135,[0.5304649  0.56721356],7,2,"[0.5181425386759565, 0.548951681512668]",1,-1
7136,[0.51492288 0.53108008],7,2,"[0.5181425386759565, 0.548951681512668]",1,65
7137,[0.49979501 0.69732423],7,41,"[0.5613949929729852, 0.701115936473092]",1,-1
7138,[0.53219347 0.49799064],7,2,"[0.5181425386759565, 0.548951681512668]",1,-1
7139,[0.50006649 0.54999626],7,2,"[0.5181425386759565, 0.548951681512668]",1,-1
7140,[0.45905498 0.57863417],7,5,"[0.47989515498241786, 0.6212764114798471]",1,-1
7141,[0.49339421 0.57373681],7,2,"[0.5181425386759565, 0.548951681512668]",1,-1
7142,[0.47690408 0.48265584],7,35,"[0.491626887866141, 0.45015531396212327]",1,-1
7143,[0.45340686 0.6191669 ],7,5,"[0.47989515498241786, 0.6212764114798471]",1,60
7144,[0.48602447 0.58783508],7,5,"[0.47989515498241786, 0.6212764114798471]",1,70
7145,[0.4504864  0.61444216],7,5,"[0.47989515498241786, 0.6212764114798471]",1,60
7146,[0.42914296 0.5571271 ],7,18,"[0.4203234088660354, 0.508036417947434]",1,-1
7147,[0.48200406 0.5476983 ],7,2,"[0.5181425386759565, 0.548951681512668]",1,-1
7148,[0.45812207 0.62177421],7,5,"[0.47989515498241786, 0.6212764114798471]",1,60
7149,[0.37989371 0.58417632],7,25,"[0.38660465276603295, 0.5871767558758164]",1,-1
7150,[0.5022161  0.53978787],7,2,"[0.5181425386759565, 0.548951681512668]",1,-1
7151,[0.4402346  0.49507464],7,18,"[0.4203234088660354, 0.508036417947434]",1,-1
7152,[0.44381951 0.47333728],7,18,"[0.4203234088660354, 0.508036417947434]",1,-1
7153,[0.47337185 0.50613131],7,18,"[0.4203234088660354, 0.508036417947434]",1,-1
7154,[0.42282561 0.628162  ],7,45,"[0.4377614438459196, 0.655911915550708]",1,-1
7155,[0.49512162 0.48307936],7,35,"[0.491626887866141, 0.45015531396212327]",1,-1
7156,[0.45773919 0.5352392 ],7,18,"[0.4203234088660354, 0.508036417947434]",1,-1
7157,[0.47028997 0.56116995],7,2,"[0.5181425386759565, 0.548951681512668]",1,-1
7158,[0.47774947 0.53902482],7,2,"[0.5181425386759565, 0.548951681512668]",1,-1
7159,[0.56209921 0.55325184],7,2,"[0.5181425386759565, 0.548951681512668]",1,-1
7160,[0.5531358  0.55638437],7,2,"[0.5181425386759565, 0.548951681512668]",1,-1
7161,[0.51224182 0.55298851],7,2,"[0.5181425386759565, 0.548951681512668]",1,-1
7162,[0.48177213 0.56948051],7,2,"[0.5181425386759565, 0.548951681512668]",1,-1
7163,[0.50084942 0.5717132 ],7,2,"[0.5181425386759565, 0.548951681512668]",1,-1
7164,[0.4439022  0.60420121],7,5,"[0.47989515498241786, 0.6212764114798471]",1,60
7165,[0.3359582  0.59559908],7,44,"[0.30505443145580996, 0.5938366826632161]",1,-1
7166,[0.4868629 0.6630335],7,5,"[0.47989515498241786, 0.6212764114798471]",1,-1
7167,[0.37136806 0.5590465 ],7,25,"[0.38660465276603295, 0.5871767558758164]",1,-1
7168,[0.48972083 0.58490325],7,5,"[0.47989515498241786, 0.6212764114798471]",1,70
7169,[0.46659615 0.53357424],7,18,"[0.4203234088660354, 0.508036417947434]",1,-1
7170,[0.46013441 0.63321309],7,5,"[0.47989515498241786, 0.6212764114798471]",1,-1
7171,[0.4248783  0.74035631],7,47,"[0.4308417820697566, 0.7426361553548808]",1,-1
7172,[0.5233688 0.5214805],7,2,"[0.5181425386759565, 0.548951681512668]",1,-1
7173,[0.53957636 0.57889377],7,2,"[0.5181425386759565, 0.548951681512668]",1,65
7174,[0.43799475 0.50908988],7,18,"[0.4203234088660354, 0.508036417947434]",1,-1
7175,[0.3806828  0.60319597],7,25,"[0.38660465276603295, 0.5871767558758164]",1,-1
7176,[0.52774925 0.47305016],7,35,"[0.491626887866141, 0.45015531396212327]",1,-1
7177,[0.55279151 0.60505733],7,9,"[0.5945682323783136, 0.6193254997600653]",1,-1
7178,[0.41493915 0.55519203],7,25,"[0.38660465276603295, 0.5871767558758164]",1,-1
7179,[0.404281   0.59985814],7,25,"[0.38660465276603295, 0.5871767558758164]",1,-1
7180,[0.51167132 0.56295092],7,2,"[0.5181425386759565, 0.548951681512668]",1,-1
7181,[0.46249579 0.63462556],7,5,"[0.47989515498241786, 0.6212764114798471]",1,60
7182,[0.55645968 0.56988306],7,2,"[0.5181425386759565, 0.548951681512668]",1,-1
7183,[0.51198842 0.51837399],7,2,"[0.5181425386759565, 0.548951681512668]",1,-1
7184,[0.44508463 0.50685753],7,18,"[0.4203234088660354, 0.508036417947434]",1,-1
7185,[0.47149141 0.57582955],7,5,"[0.47989515498241786, 0.6212764114798471]",1,-1
7186,[0.43617866 0.57164218],7,25,"[0.38660465276603295, 0.5871767558758164]",1,-1
7187,[0.45854974 0.59773092],7,5,"[0.47989515498241786, 0.6212764114798471]",1,-1
7188,[0.49714291 0.56965598],7,2,"[0.5181425386759565, 0.548951681512668]",1,-1
7189,[0.49147058 0.55318244],7,2,"[0.5181425386759565, 0.548951681512668]",1,-1
7190,[0.50627434 0.58157767],7,2,"[0.5181425386759565, 0.548951681512668]",1,-1
7191,[0.48751331 0.48080644],7,35,"[0.491626887866141, 0.45015531396212327]",1,-1
7192,[0.43891279 0.61387758],7,5,"[0.47989515498241786, 0.6212764114798471]",1,-1
7193,[0.45684195 0.55018565],7,18,"[0.4203234088660354, 0.508036417947434]",1,-1
7194,[0.48536391 0.58551534],7,5,"[0.47989515498241786, 0.6212764114798471]",1,70
7195,[0.37859239 0.5645412 ],7,25,"[0.38660465276603295, 0.5871767558758164]",1,-1
7196,[0.40671867 0.55029128],7,25,"[0.38660465276603295, 0.5871767558758164]",1,-1
7197,[0.37601612 0.56992368],7,25,"[0.38660465276603295, 0.5871767558758164]",1,-1
7198,[0.3876782  0.61107224],7,25,"[0.38660465276603295, 0.5871767558758164]",1,-1
7199,[0.44207329 0.52317593],7,18,"[0.4203234088660354, 0.508036417947434]",1,-1
7200,[0.47574072 0.49779876],7,35,"[0.491626887866141, 0.45015531396212327]",1,-1
7201,[0.53412232 0.56291153],7,2,"[0.5181425386759565, 0.548951681512668]",1,-1
7202,[0.51473634 0.50200099],7,2,"[0.5181425386759565, 0.548951681512668]",1,-1
7203,[0.46917331 0.5646877 ],7,2,"[0.5181425386759565, 0.548951681512668]",1,-1
7204,[0.49025839 0.48727352],7,35,"[0.491626887866141, 0.45015531396212327]",1,-1
7205,[0.44727937 0.57000008],7,5,"[0.47989515498241786, 0.6212764114798471]",1,-1
7206,[0.48815369 0.55815586],7,2,"[0.5181425386759565, 0.548951681512668]",1,-1
7207,[0.40290564 0.56872914],7,25,"[0.38660465276603295, 0.5871767558758164]",1,-1
7208,[0.48719908 0.57281432],7,2,"[0.5181425386759565, 0.548951681512668]",1,-1
7209,[0.37175821 0.60161286],7,25,"[0.38660465276603295, 0.5871767558758164]",1,-1
7210,[0.48621544 0.60588143],7,5,"[0.47989515498241786, 0.6212764114798471]",1,-1
7211,[0.45074179 0.56183991],7,18,"[0.4203234088660354, 0.508036417947434]",1,-1
7212,[0.43585577 0.57221424],7,25,"[0.38660465276603295, 0.5871767558758164]",1,-1
7213,[0.42683887 0.50834484],7,18,"[0.4203234088660354, 0.508036417947434]",1,-1
7214,[0.42833357 0.49566387],7,18,"[0.4203234088660354, 0.508036417947434]",1,-1
7215,[0.41032348 0.51501865],7,18,"[0.4203234088660354, 0.508036417947434]",1,-1
7216,[0.57387835 0.61385801],7,9,"[0.5945682323783136, 0.6193254997600653]",1,-1
7217,[0.41513651 0.53665882],7,18,"[0.4203234088660354, 0.508036417947434]",1,-1
7218,[0.44425849 0.63371432],7,45,"[0.4377614438459196, 0.655911915550708]",1,-1
7219,[0.51504434 0.54206042],7,2,"[0.5181425386759565, 0.548951681512668]",1,-1
7220,[0.48053824 0.58499368],7,5,"[0.47989515498241786, 0.6212764114798471]",1,-1
7221,[0.50652508 0.5845527 ],7,2,"[0.5181425386759565, 0.548951681512668]",1,-1
7222,[0.45322067 0.55295537],7,18,"[0.4203234088660354, 0.508036417947434]",1,-1
7223,[0.48781256 0.5393683 ],7,2,"[0.5181425386759565, 0.548951681512668]",1,-1
7224,[0.52212624 0.5541257 ],7,2,"[0.5181425386759565, 0.548951681512668]",1,-1
7225,[0.44089991 0.56406788],7,25,"[0.38660465276603295, 0.5871767558758164]",1,-1
7226,[0.46868525 0.51052407],7,18,"[0.4203234088660354, 0.508036417947434]",1,-1
7227,[0.48110243 0.57540784],7,2,"[0.5181425386759565, 0.548951681512668]",1,-1
7228,[0.46871921 0.51468645],7,18,"[0.4203234088660354, 0.508036417947434]",1,-1
7229,[0.4335528  0.61194681],7,45,"[0.4377614438459196, 0.655911915550708]",1,-1
7230,[0.5069063  0.51889402],7,2,"[0.5181425386759565, 0.548951681512668]",1,-1
7231,[0.4850602  0.50592035],7,2,"[0.5181425386759565, 0.548951681512668]",1,-1
7232,[0.35485907 0.57210583],7,25,"[0.38660465276603295, 0.5871767558758164]",1,-1
7233,[0.52262688 0.53581962],7,2,"[0.5181425386759565, 0.548951681512668]",1,-1
7234,[0.48921238 0.61970717],7,5,"[0.47989515498241786, 0.6212764114798471]",1,-1
7235,[0.4541751  0.59711986],7,5,"[0.47989515498241786, 0.6212764114798471]",1,-1
7236,[0.53388859 0.55034536],7,2,"[0.5181425386759565, 0.548951681512668]",1,65
7237,[0.448227   0.53250233],7,18,"[0.4203234088660354, 0.508036417947434]",1,-1
7238,[0.44429497 0.52302374],7,18,"[0.4203234088660354, 0.508036417947434]",1,-1
7239,[0.48809655 0.5101694 ],7,2,"[0.5181425386759565, 0.548951681512668]",1,-1
7240,[0.47200025 0.57355243],7,5,"[0.47989515498241786, 0.6212764114798471]",1,-1
7241,[0.53780729 0.57976638],7,2,"[0.5181425386759565, 0.548951681512668]",1,65
7242,[0.38054717 0.58050968],7,25,"[0.38660465276603295, 0.5871767558758164]",1,-1
7243,[0.40180068 0.52939695],7,18,"[0.4203234088660354, 0.508036417947434]",1,-1
7244,[0.46103336 0.61036672],7,5,"[0.47989515498241786, 0.6212764114798471]",1,-1
7245,[0.38910097 0.50751322],7,18,"[0.4203234088660354, 0.508036417947434]",1,-1
7246,[0.47110129 0.6115954 ],7,5,"[0.47989515498241786, 0.6212764114798471]",1,-1
7247,[0.52118469 0.52737114],7,2,"[0.5181425386759565, 0.548951681512668]",1,-1
7248,[0.44409668 0.58917736],7,5,"[0.47989515498241786, 0.6212764114798471]",1,-1
7249,[0.52857172 0.49109006],7,35,"[0.491626887866141, 0.45015531396212327]",1,-1
7250,[0.43671197 0.51701127],7,18,"[0.4203234088660354, 0.508036417947434]",1,-1
7251,[0.4684528  0.52390229],7,18,"[0.4203234088660354, 0.508036417947434]",1,49
7252,[0.38670675 0.59299652],7,25,"[0.38660465276603295, 0.5871767558758164]",1,-1
7253,[0.41827057 0.58291937],7,25,"[0.38660465276603295, 0.5871767558758164]",1,-1
7254,[0.44528139 0.58570988],7,5,"[0.47989515498241786, 0.6212764114798471]",1,-1
7255,[0.45243286 0.59150499],7,5,"[0.47989515498241786, 0.6212764114798471]",1,-1
7256,[0.42232474 0.60034256],7,25,"[0.38660465276603295, 0.5871767558758164]",1,-1
7257,[0.47258528 0.50940369],7,18,"[0.4203234088660354, 0.508036417947434]",1,-1
7258,[0.50723513 0.57138014],7,2,"[0.5181425386759565, 0.548951681512668]",1,75
7259,[0.42154277 0.6343577 ],7,45,"[0.4377614438459196, 0.655911915550708]",1,-1
7260,[0.44281009 0.62025912],7,45,"[0.4377614438459196, 0.655911915550708]",1,-1
7261,[0.45569339 0.54826791],7,18,"[0.4203234088660354, 0.508036417947434]",1,-1
7262,[0.49117998 0.58190684],7,5,"[0.47989515498241786, 0.6212764114798471]",1,70
7263,[0.5090942  0.56735503],7,2,"[0.5181425386759565, 0.548951681512668]",1,-1
7264,[0.40641162 0.60799953],7,25,"[0.38660465276603295, 0.5871767558758164]",1,-1
7265,[0.52732546 0.53008071],7,2,"[0.5181425386759565, 0.548951681512668]",1,-1
7266,[0.43124986 0.57012986],7,25,"[0.38660465276603295, 0.5871767558758164]",1,-1
7267,[0.47851251 0.54761864],7,2,"[0.5181425386759565, 0.548951681512668]",1,-1
7268,[0.41377339 0.60016486],7,25,"[0.38660465276603295, 0.5871767558758164]",1,-1
7269,[0.48161346 0.49808665],7,35,"[0.491626887866141, 0.45015531396212327]",1,-1
7270,[0.39756808 0.50744494],7,18,"[0.4203234088660354, 0.508036417947434]",1,-1
7271,[0.4280953  0.55590908],7,18,"[0.4203234088660354, 0.508036417947434]",1,-1
7272,[0.40645382 0.5721387 ],7,25,"[0.38660465276603295, 0.5871767558758164]",1,-1
7273,[0.4746011  0.52833175],7,2,"[0.5181425386759565, 0.548951681512668]",1,49
7274,[0.43820517 0.56858386],7,25,"[0.38660465276603295, 0.5871767558758164]",1,-1
7275,[0.54480616 0.56626637],7,2,"[0.5181425386759565, 0.548951681512668]",1,65
7276,[0.49973174 0.5451819 ],7,2,"[0.5181425386759565, 0.548951681512668]",1,-1
7277,[0.49633785 0.62694084],7,5,"[0.47989515498241786, 0.6212764114798471]",1,-1
7278,[0.43456435 0.54796737],7,18,"[0.4203234088660354, 0.508036417947434]",1,-1
7279,[0.40709541 0.59239802],7,25,"[0.38660465276603295, 0.5871767558758164]",1,-1
7280,[0.45206505 0.6006952 ],7,5,"[0.47989515498241786, 0.6212764114798471]",1,-1
7281,[0.56611732 0.67539982],7,41,"[0.5613949929729852, 0.701115936473092]",1,-1
7282,[0.39400797 0.53554415],7,18,"[0.4203234088660354, 0.508036417947434]",1,-1
7283,[0.4956746  0.56499329],7,2,"[0.5181425386759565, 0.548951681512668]",1,-1
7284,[0.4303248 0.6164489],7,45,"[0.4377614438459196, 0.655911915550708]",1,-1
7285,[0.51384519 0.59067712],7,2,"[0.5181425386759565, 0.548951681512668]",1,74
7286,[0.57127911 0.58527211],7,9,"[0.5945682323783136, 0.6193254997600653]",1,-1
7287,[0.43873008 0.634903  ],7,45,"[0.4377614438459196, 0.655911915550708]",1,60
7288,[0.51872281 0.56792018],7,2,"[0.5181425386759565, 0.548951681512668]",1,-1
7289,[0.4956224  0.52699215],7,2,"[0.5181425386759565, 0.548951681512668]",1,-1
7290,[0.42958272 0.51448001],7,18,"[0.4203234088660354, 0.508036417947434]",1,-1
7291,[0.42430698 0.54797259],7,18,"[0.4203234088660354, 0.508036417947434]",1,-1
7292,[0.42464055 0.5838122 ],7,25,"[0.38660465276603295, 0.5871767558758164]",1,-1
7293,[0.52738567 0.56185909],7,2,"[0.5181425386759565, 0.548951681512668]",1,65
7294,[0.43559931 0.50759205],7,18,"[0.4203234088660354, 0.508036417947434]",1,-1
7295,[0.50789796 0.57415487],7,2,"[0.5181425386759565, 0.548951681512668]",1,75
7296,[0.42756006 0.56602844],7,25,"[0.38660465276603295, 0.5871767558758164]",1,-1
7297,[0.42498393 0.66007055],7,45,"[0.4377614438459196, 0.655911915550708]",1,-1
7298,[0.37506891 0.57906892],7,25,"[0.38660465276603295, 0.5871767558758164]",1,-1
7299,[0.48287197 0.58592544],7,5,"[0.47989515498241786, 0.6212764114798471]",1,-1
7300,[0.3974638  0.55736583],7,25,"[0.38660465276603295, 0.5871767558758164]",1,-1
7301,[0.49810454 0.68833028],7,41,"[0.5613949929729852, 0.701115936473092]",1,-1
7302,[0.47806121 0.60230388],7,5,"[0.47989515498241786, 0.6212764114798471]",1,-1
7303,[0.5520037  0.57367985],7,2,"[0.5181425386759565, 0.548951681512668]",1,-1
7304,[0.45787251 0.58792394],7,5,"[0.47989515498241786, 0.6212764114798471]",1,-1
7305,[0.3632761  0.52292933],7,18,"[0.4203234088660354, 0.508036417947434]",1,-1
7306,[0.59236433 0.58154503],7,9,"[0.5945682323783136, 0.6193254997600653]",1,-1
7307,[0.43782766 0.52236631],7,18,"[0.4203234088660354, 0.508036417947434]",1,-1
7308,[0.42826166 0.62546951],7,45,"[0.4377614438459196, 0.655911915550708]",1,-1
7309,[0.42100299 0.59770146],7,25,"[0.38660465276603295, 0.5871767558758164]",1,-1
7310,[0.45640995 0.51395896],7,18,"[0.4203234088660354, 0.508036417947434]",1,-1
7311,[0.44729795 0.52407771],7,18,"[0.4203234088660354, 0.508036417947434]",1,-1
7312,[0.42376243 0.55015993],7,18,"[0.4203234088660354, 0.508036417947434]",1,-1
7313,[0.44599611 0.65703658],7,45,"[0.4377614438459196, 0.655911915550708]",1,60
7314,[0.4736863  0.49191267],7,35,"[0.491626887866141, 0.45015531396212327]",1,-1
7315,[0.41286312 0.48905411],7,18,"[0.4203234088660354, 0.508036417947434]",1,-1
7316,[0.50159927 0.56600126],7,2,"[0.5181425386759565, 0.548951681512668]",1,75
7317,[0.34253911 0.48331439],7,13,"[0.32294489274299887, 0.4620611538839558]",1,-1
7318,[0.42894088 0.51661207],7,18,"[0.4203234088660354, 0.508036417947434]",1,-1
7319,[0.58560999 0.54399464],7,10,"[0.6101257152780476, 0.5394800330734051]",1,-1
7320,[0.51168547 0.64154388],7,5,"[0.47989515498241786, 0.6212764114798471]",1,-1
7321,[0.3946166  0.57460492],7,25,"[0.38660465276603295, 0.5871767558758164]",1,-1
7322,[0.44659573 0.55280771],7,18,"[0.4203234088660354, 0.508036417947434]",1,-1
7323,[0.50453668 0.62506389],7,5,"[0.47989515498241786, 0.6212764114798471]",1,-1
7324,[0.42357949 0.59494423],7,25,"[0.38660465276603295, 0.5871767558758164]",1,-1
7325,[0.52648908 0.62469153],7,5,"[0.47989515498241786, 0.6212764114798471]",1,-1
7326,[0.436008   0.62198027],7,45,"[0.4377614438459196, 0.655911915550708]",1,-1
7327,[0.42554861 0.52603756],7,18,"[0.4203234088660354, 0.508036417947434]",1,-1
7328,[0.48348873 0.54925579],7,2,"[0.5181425386759565, 0.548951681512668]",1,-1
7329,[0.44690923 0.62124757],7,5,"[0.47989515498241786, 0.6212764114798471]",1,-1
7330,[0.51051324 0.61527679],7,5,"[0.47989515498241786, 0.6212764114798471]",1,-1
7331,[0.46270772 0.46310979],7,35,"[0.491626887866141, 0.45015531396212327]",1,-1
7332,[0.46007172 0.59662939],7,5,"[0.47989515498241786, 0.6212764114798471]",1,-1
7333,[0.50817043 0.61126259],7,5,"[0.47989515498241786, 0.6212764114798471]",1,-1
7334,[0.42322719 0.4929508 ],7,18,"[0.4203234088660354, 0.508036417947434]",1,-1
7335,[0.50472012 0.56030054],7,2,"[0.5181425386759565, 0.548951681512668]",1,75
7336,[0.50313895 0.59058229],7,5,"[0.47989515498241786, 0.6212764114798471]",1,-1
7337,[0.46268698 0.49862862],7,18,"[0.4203234088660354, 0.508036417947434]",1,-1
7338,[0.52759457 0.5591187 ],7,2,"[0.5181425386759565, 0.548951681512668]",1,65
7339,[0.54378494 0.52341164],7,2,"[0.5181425386759565, 0.548951681512668]",1,-1
7340,[0.50297891 0.44386988],7,35,"[0.491626887866141, 0.45015531396212327]",1,-1
7341,[0.51196076 0.49007476],7,35,"[0.491626887866141, 0.45015531396212327]",1,-1
7342,[0.51602484 0.5361836 ],7,2,"[0.5181425386759565, 0.548951681512668]",1,-1
7343,[0.57575615 0.5684535 ],7,10,"[0.6101257152780476, 0.5394800330734051]",1,69
7344,[0.47491952 0.52566175],7,2,"[0.5181425386759565, 0.548951681512668]",1,49
7345,[0.44128664 0.69233151],7,45,"[0.4377614438459196, 0.655911915550708]",1,-1
7346,[0.46865581 0.52247266],7,18,"[0.4203234088660354, 0.508036417947434]",1,49
7347,[0.51054094 0.62264151],7,5,"[0.47989515498241786, 0.6212764114798471]",1,-1
7348,[0.43579751 0.49430634],7,18,"[0.4203234088660354, 0.508036417947434]",1,-1
7349,[0.43861406 0.55788794],7,18,"[0.4203234088660354, 0.508036417947434]",1,-1
7350,[0.42811936 0.50308249],7,18,"[0.4203234088660354, 0.508036417947434]",1,-1
7351,[0.57142901 0.59490089],7,9,"[0.5945682323783136, 0.6193254997600653]",1,68
7352,[0.46482245 0.60259432],7,5,"[0.47989515498241786, 0.6212764114798471]",1,-1
7353,[0.57515272 0.61935427],7,9,"[0.5945682323783136, 0.6193254997600653]",1,-1
7354,[0.45330663 0.57723276],7,5,"[0.47989515498241786, 0.6212764114798471]",1,-1
7355,[0.51210524 0.56036682],7,2,"[0.5181425386759565, 0.548951681512668]",1,-1
7356,[0.41533487 0.54617799],7,18,"[0.4203234088660354, 0.508036417947434]",1,-1
7357,[0.45241679 0.60806854],7,5,"[0.47989515498241786, 0.6212764114798471]",1,60
7358,[0.42792059 0.4296765 ],7,6,"[0.40123478470159024, 0.40656176249784554]",1,-1
7359,[0.37546346 0.55127972],7,25,"[0.38660465276603295, 0.5871767558758164]",1,-1
7360,[0.49004978 0.38762678],7,37,"[0.4780366509520634, 0.3686118735311782]",1,-1
7361,[0.50460759 0.61787497],7,5,"[0.47989515498241786, 0.6212764114798471]",1,-1
7362,[0.43060907 0.58604113],7,25,"[0.38660465276603295, 0.5871767558758164]",1,60
7363,[0.43859401 0.52443647],7,18,"[0.4203234088660354, 0.508036417947434]",1,-1
7364,[0.48530533 0.57714702],7,2,"[0.5181425386759565, 0.548951681512668]",1,-1
7365,[0.44026868 0.53194795],7,18,"[0.4203234088660354, 0.508036417947434]",1,-1
7366,[0.47407308 0.47361319],7,35,"[0.491626887866141, 0.45015531396212327]",1,-1
7367,[0.56112398 0.56750527],7,2,"[0.5181425386759565, 0.548951681512668]",1,-1
7368,[0.39899434 0.59644515],7,25,"[0.38660465276603295, 0.5871767558758164]",1,51
7369,[0.52968277 0.64130666],7,5,"[0.47989515498241786, 0.6212764114798471]",1,-1
7370,[0.46416602 0.50173276],7,18,"[0.4203234088660354, 0.508036417947434]",1,-1
7371,[0.53013156 0.60229521],7,5,"[0.47989515498241786, 0.6212764114798471]",1,-1
7372,[0.42110924 0.60038859],7,25,"[0.38660465276603295, 0.5871767558758164]",1,-1
7373,[0.44708811 0.63168397],7,45,"[0.4377614438459196, 0.655911915550708]",1,-1
7374,[0.48047479 0.54181368],7,2,"[0.5181425386759565, 0.548951681512668]",1,-1
7375,[0.47641113 0.47302724],7,35,"[0.491626887866141, 0.45015531396212327]",1,-1
7376,[0.42172912 0.61097372],7,25,"[0.38660465276603295, 0.5871767558758164]",1,-1
7377,[0.55126983 0.59720831],7,9,"[0.5945682323783136, 0.6193254997600653]",1,-1
7378,[0.48891372 0.50428645],7,2,"[0.5181425386759565, 0.548951681512668]",1,-1
7379,[0.39978933 0.64075387],7,45,"[0.4377614438459196, 0.655911915550708]",1,46
7380,[0.41052641 0.44299042],7,6,"[0.40123478470159024, 0.40656176249784554]",1,-1
7381,[0.45982598 0.60709606],7,5,"[0.47989515498241786, 0.6212764114798471]",1,-1
7382,[0.52657459 0.55545986],7,2,"[0.5181425386759565, 0.548951681512668]",1,-1
7383,[0.51634935 0.58964906],7,2,"[0.5181425386759565, 0.548951681512668]",1,74
7384,[0.44147033 0.52704249],7,18,"[0.4203234088660354, 0.508036417947434]",1,-1
7385,[0.41607545 0.52846862],7,18,"[0.4203234088660354, 0.508036417947434]",1,-1
7386,[0.48311521 0.51846842],7,2,"[0.5181425386759565, 0.548951681512668]",1,-1
7387,[0.46297877 0.45218808],7,35,"[0.491626887866141, 0.45015531396212327]",1,-1
7388,[0.57110652 0.56041927],7,10,"[0.6101257152780476, 0.5394800330734051]",1,69
7389,[0.31978028 0.60919762],7,44,"[0.30505443145580996, 0.5938366826632161]",1,-1
7390,[0.50512124 0.56880167],7,2,"[0.5181425386759565, 0.548951681512668]",1,75
7391,[0.52781034 0.4670171 ],7,35,"[0.491626887866141, 0.45015531396212327]",1,-1
7392,[0.48516495 0.59608439],7,5,"[0.47989515498241786, 0.6212764114798471]",1,-1
7393,[0.54590268 0.59504624],7,2,"[0.5181425386759565, 0.548951681512668]",1,66
7394,[0.51545804 0.54778614],7,2,"[0.5181425386759565, 0.548951681512668]",1,-1
7395,[0.57992098 0.52155638],7,10,"[0.6101257152780476, 0.5394800330734051]",1,-1
7396,[0.46124085 0.58553515],7,5,"[0.47989515498241786, 0.6212764114798471]",1,-1
7397,[0.39216661 0.52570169],7,18,"[0.4203234088660354, 0.508036417947434]",1,-1
7398,[0.49950355 0.59506526],7,5,"[0.47989515498241786, 0.6212764114798471]",1,-1
7399,[0.44766858 0.4851169 ],7,18,"[0.4203234088660354, 0.508036417947434]",1,-1
7400,[0.51623744 0.57487996],7,2,"[0.5181425386759565, 0.548951681512668]",1,-1
7401,[0.39100299 0.51333407],7,18,"[0.4203234088660354, 0.508036417947434]",1,-1
7402,[0.49126281 0.52521857],7,2,"[0.5181425386759565, 0.548951681512668]",1,-1
7403,[0.54039558 0.62004279],7,9,"[0.5945682323783136, 0.6193254997600653]",1,-1
7404,[0.45477184 0.55698201],7,18,"[0.4203234088660354, 0.508036417947434]",1,-1
7405,[0.53114741 0.50511859],7,2,"[0.5181425386759565, 0.548951681512668]",1,-1
7406,[0.53722227 0.61981406],7,5,"[0.47989515498241786, 0.6212764114798471]",1,-1
7407,[0.55750048 0.53496954],7,2,"[0.5181425386759565, 0.548951681512668]",1,-1
7408,[0.5906289  0.55579824],7,10,"[0.6101257152780476, 0.5394800330734051]",1,-1
7409,[0.58214883 0.61668481],7,9,"[0.5945682323783136, 0.6193254997600653]",1,-1
7410,[0.4303465 0.5477824],7,18,"[0.4203234088660354, 0.508036417947434]",1,-1
7411,[0.45503854 0.52457424],7,18,"[0.4203234088660354, 0.508036417947434]",1,-1
7412,[0.52525306 0.65508784],7,5,"[0.47989515498241786, 0.6212764114798471]",1,-1
7413,[0.45980691 0.60967448],7,5,"[0.47989515498241786, 0.6212764114798471]",1,-1
7414,[0.51335801 0.58223212],7,2,"[0.5181425386759565, 0.548951681512668]",1,-1
7415,[0.49535193 0.60026511],7,5,"[0.47989515498241786, 0.6212764114798471]",1,67
7416,[0.56464747 0.58071637],7,9,"[0.5945682323783136, 0.6193254997600653]",1,-1
7417,[0.50997681 0.5621886 ],7,2,"[0.5181425386759565, 0.548951681512668]",1,-1
7418,[0.49238811 0.56680313],7,2,"[0.5181425386759565, 0.548951681512668]",1,-1
7419,[0.44963319 0.5759564 ],7,5,"[0.47989515498241786, 0.6212764114798471]",1,-1
7420,[0.47187474 0.53031512],7,2,"[0.5181425386759565, 0.548951681512668]",1,49
7421,[0.47038573 0.52036018],7,18,"[0.4203234088660354, 0.508036417947434]",1,49
7422,[0.50278769 0.66229561],7,5,"[0.47989515498241786, 0.6212764114798471]",1,-1
7423,[0.43679    0.55781918],7,18,"[0.4203234088660354, 0.508036417947434]",1,-1
7424,[0.4487603  0.52217999],7,18,"[0.4203234088660354, 0.508036417947434]",1,-1
7425,[0.53070685 0.62907651],7,5,"[0.47989515498241786, 0.6212764114798471]",1,-1
7426,[0.48274485 0.5761047 ],7,2,"[0.5181425386759565, 0.548951681512668]",1,70
7427,[0.48204414 0.65323545],7,5,"[0.47989515498241786, 0.6212764114798471]",1,-1
7428,[0.55628671 0.58716406],7,9,"[0.5945682323783136, 0.6193254997600653]",1,-1
7429,[0.54073456 0.60856212],7,9,"[0.5945682323783136, 0.6193254997600653]",1,-1
7430,[0.42285325 0.56745544],7,25,"[0.38660465276603295, 0.5871767558758164]",1,-1
7431,[0.56024347 0.58603288],7,9,"[0.5945682323783136, 0.6193254997600653]",1,-1
7432,[0.47092265 0.57102113],7,5,"[0.47989515498241786, 0.6212764114798471]",1,-1
7433,[0.42671699 0.53749213],7,18,"[0.4203234088660354, 0.508036417947434]",1,-1
7434,[0.47945152 0.49321398],7,35,"[0.491626887866141, 0.45015531396212327]",1,-1
7435,[0.43856582 0.55663663],7,18,"[0.4203234088660354, 0.508036417947434]",1,-1
7436,[0.45052202 0.57507889],7,5,"[0.47989515498241786, 0.6212764114798471]",1,-1
7437,[0.4662025  0.61256831],7,5,"[0.47989515498241786, 0.6212764114798471]",1,-1
7438,[0.50632528 0.61194395],7,5,"[0.47989515498241786, 0.6212764114798471]",1,-1
7439,[0.39531059 0.61784494],7,25,"[0.38660465276603295, 0.5871767558758164]",1,-1
7440,[0.57062655 0.56814209],7,10,"[0.6101257152780476, 0.5394800330734051]",1,69
7441,[0.49072751 0.5604643 ],7,2,"[0.5181425386759565, 0.548951681512668]",1,-1
7442,[0.459321   0.58681447],7,5,"[0.47989515498241786, 0.6212764114798471]",1,-1
7443,[0.45582016 0.51151527],7,18,"[0.4203234088660354, 0.508036417947434]",1,-1
7444,[0.56680225 0.46171239],7,27,"[0.5866068271601823, 0.4386408725933068]",1,-1
7445,[0.50523125 0.54890776],7,2,"[0.5181425386759565, 0.548951681512668]",1,-1
7446,[0.53296085 0.61588861],7,5,"[0.47989515498241786, 0.6212764114798471]",1,-1
7447,[0.46308459 0.50162933],7,18,"[0.4203234088660354, 0.508036417947434]",1,-1
7448,[0.47211866 0.58788332],7,5,"[0.47989515498241786, 0.6212764114798471]",1,70
7449,[0.51793609 0.52731135],7,2,"[0.5181425386759565, 0.548951681512668]",1,-1
7450,[0.48093805 0.64532011],7,5,"[0.47989515498241786, 0.6212764114798471]",1,36
7451,[0.46253502 0.46376289],7,35,"[0.491626887866141, 0.45015531396212327]",1,-1
7452,[0.46072848 0.50923616],7,18,"[0.4203234088660354, 0.508036417947434]",1,-1
7453,[0.53679329 0.61180335],7,5,"[0.47989515498241786, 0.6212764114798471]",1,-1
7454,[0.44298332 0.47926686],7,18,"[0.4203234088660354, 0.508036417947434]",1,-1
7455,[0.47242621 0.54916353],7,2,"[0.5181425386759565, 0.548951681512668]",1,-1
7456,[0.39728608 0.49227562],7,18,"[0.4203234088660354, 0.508036417947434]",1,-1
7457,[0.50039355 0.52172521],7,2,"[0.5181425386759565, 0.548951681512668]",1,-1
7458,[0.38961824 0.56833648],7,25,"[0.38660465276603295, 0.5871767558758164]",1,-1
7459,[0.38165657 0.58341927],7,25,"[0.38660465276603295, 0.5871767558758164]",1,-1
7460,[0.55644726 0.53475351],7,2,"[0.5181425386759565, 0.548951681512668]",1,-1
7461,[0.48756042 0.51841452],7,2,"[0.5181425386759565, 0.548951681512668]",1,-1
7462,[0.46376346 0.61494638],7,5,"[0.47989515498241786, 0.6212764114798471]",1,-1
7463,[0.45345213 0.5864933 ],7,5,"[0.47989515498241786, 0.6212764114798471]",1,-1
7464,[0.50489581 0.50399694],7,2,"[0.5181425386759565, 0.548951681512668]",1,-1
7465,[0.52448619 0.60643531],7,5,"[0.47989515498241786, 0.6212764114798471]",1,-1
7466,[0.50451584 0.55005367],7,2,"[0.5181425386759565, 0.548951681512668]",1,-1
7467,[0.39985059 0.45737643],7,6,"[0.40123478470159024, 0.40656176249784554]",1,50
7468,[0.51320413 0.57371583],7,2,"[0.5181425386759565, 0.548951681512668]",1,-1
7469,[0.48521119 0.50922153],7,2,"[0.5181425386759565, 0.548951681512668]",1,-1
7470,[0.43774284 0.53075678],7,18,"[0.4203234088660354, 0.508036417947434]",1,-1
7471,[0.45417351 0.51146945],7,18,"[0.4203234088660354, 0.508036417947434]",1,-1
7472,[0.44049028 0.42236828],7,6,"[0.40123478470159024, 0.40656176249784554]",1,-1
7473,[0.54993022 0.51507403],7,2,"[0.5181425386759565, 0.548951681512668]",1,-1
7474,[0.45043416 0.55570574],7,18,"[0.4203234088660354, 0.508036417947434]",1,-1
7475,[0.42496379 0.53912866],7,18,"[0.4203234088660354, 0.508036417947434]",1,-1
7476,[0.45298729 0.50194464],7,18,"[0.4203234088660354, 0.508036417947434]",1,-1
7477,[0.49888993 0.49407254],7,35,"[0.491626887866141, 0.45015531396212327]",1,-1
7478,[0.42459494 0.5583529 ],7,25,"[0.38660465276603295, 0.5871767558758164]",1,-1
7479,[0.43913169 0.58952368],7,5,"[0.47989515498241786, 0.6212764114798471]",1,60
7480,[0.46201623 0.61437381],7,5,"[0.47989515498241786, 0.6212764114798471]",1,-1
7481,[0.49692762 0.6203455 ],7,5,"[0.47989515498241786, 0.6212764114798471]",1,67
7482,[0.46476334 0.55535732],7,2,"[0.5181425386759565, 0.548951681512668]",1,-1
7483,[0.45905843 0.5787881 ],7,5,"[0.47989515498241786, 0.6212764114798471]",1,-1
7484,[0.46981541 0.5531783 ],7,2,"[0.5181425386759565, 0.548951681512668]",1,-1
7485,[0.58145027 0.62486621],7,9,"[0.5945682323783136, 0.6193254997600653]",1,-1
7486,[0.36672132 0.58856142],7,25,"[0.38660465276603295, 0.5871767558758164]",1,-1
7487,[0.48350574 0.46300675],7,35,"[0.491626887866141, 0.45015531396212327]",1,-1
7488,[0.49240918 0.50807245],7,2,"[0.5181425386759565, 0.548951681512668]",1,-1
7489,[0.50207803 0.48810494],7,35,"[0.491626887866141, 0.45015531396212327]",1,-1
7490,[0.54361949 0.51439679],7,2,"[0.5181425386759565, 0.548951681512668]",1,-1
7491,[0.53525128 0.58868821],7,2,"[0.5181425386759565, 0.548951681512668]",1,-1
7492,[0.55217091 0.54957924],7,2,"[0.5181425386759565, 0.548951681512668]",1,-1
7493,[0.48621884 0.51178714],7,2,"[0.5181425386759565, 0.548951681512668]",1,-1
7494,[0.54863834 0.53964091],7,2,"[0.5181425386759565, 0.548951681512668]",1,-1
7495,[0.52068855 0.64849776],7,5,"[0.47989515498241786, 0.6212764114798471]",1,-1
7496,[0.60734124 0.48123286],7,27,"[0.5866068271601823, 0.4386408725933068]",1,34
7497,[0.39419982 0.57414446],7,25,"[0.38660465276603295, 0.5871767558758164]",1,-1
7498,[0.55790538 0.56335238],7,2,"[0.5181425386759565, 0.548951681512668]",1,-1
7499,[0.43241525 0.57182272],7,25,"[0.38660465276603295, 0.5871767558758164]",1,-1
7500,[0.50669243 0.54741017],7,2,"[0.5181425386759565, 0.548951681512668]",1,-1
7501,[0.43526837 0.52063367],7,18,"[0.4203234088660354, 0.508036417947434]",1,-1
7502,[0.48907425 0.53064926],7,2,"[0.5181425386759565, 0.548951681512668]",1,-1
7503,[0.52465268 0.52073485],7,2,"[0.5181425386759565, 0.548951681512668]",1,-1
7504,[0.44450788 0.5657452 ],7,25,"[0.38660465276603295, 0.5871767558758164]",1,-1
7505,[0.41084068 0.55668226],7,25,"[0.38660465276603295, 0.5871767558758164]",1,-1
7506,[0.44602151 0.59424853],7,5,"[0.47989515498241786, 0.6212764114798471]",1,-1
7507,[0.50344133 0.53232001],7,2,"[0.5181425386759565, 0.548951681512668]",1,-1
7508,[0.475635   0.60171333],7,5,"[0.47989515498241786, 0.6212764114798471]",1,-1
7509,[0.40787103 0.56061052],7,25,"[0.38660465276603295, 0.5871767558758164]",1,-1
7510,[0.41689668 0.52340142],7,18,"[0.4203234088660354, 0.508036417947434]",1,-1
7511,[0.44874691 0.60905327],7,5,"[0.47989515498241786, 0.6212764114798471]",1,60
7512,[0.47210188 0.63458544],7,5,"[0.47989515498241786, 0.6212764114798471]",1,-1
7513,[0.4136844  0.50515825],7,18,"[0.4203234088660354, 0.508036417947434]",1,-1
7514,[0.43451419 0.5955102 ],7,25,"[0.38660465276603295, 0.5871767558758164]",1,-1
7515,[0.4721615  0.61590427],7,5,"[0.47989515498241786, 0.6212764114798471]",1,-1
7516,[0.48948986 0.52017688],7,2,"[0.5181425386759565, 0.548951681512668]",1,-1
7517,[0.52241142 0.53916513],7,2,"[0.5181425386759565, 0.548951681512668]",1,-1
7518,[0.47563218 0.5302629 ],7,2,"[0.5181425386759565, 0.548951681512668]",1,-1
7519,[0.4597466  0.56182051],7,2,"[0.5181425386759565, 0.548951681512668]",1,-1
7520,[0.38417723 0.65736076],7,19,"[0.3585209611110644, 0.671407469606326]",1,-1
7521,[0.45643005 0.55073754],7,18,"[0.4203234088660354, 0.508036417947434]",1,-1
7522,[0.49380132 0.51492989],7,2,"[0.5181425386759565, 0.548951681512668]",1,-1
7523,[0.51286503 0.61396657],7,5,"[0.47989515498241786, 0.6212764114798471]",1,-1
7524,[0.46194218 0.56031463],7,2,"[0.5181425386759565, 0.548951681512668]",1,-1
7525,[0.51977867 0.60525829],7,5,"[0.47989515498241786, 0.6212764114798471]",1,-1
7526,[0.39777139 0.5161496 ],7,18,"[0.4203234088660354, 0.508036417947434]",1,-1
7527,[0.4281042  0.61311416],7,45,"[0.4377614438459196, 0.655911915550708]",1,-1
7528,[0.56648782 0.60706071],7,9,"[0.5945682323783136, 0.6193254997600653]",1,-1
7529,[0.42005141 0.6109232 ],7,25,"[0.38660465276603295, 0.5871767558758164]",1,-1
7530,[0.44674333 0.62100594],7,5,"[0.47989515498241786, 0.6212764114798471]",1,-1
7531,[0.44299061 0.609901  ],7,5,"[0.47989515498241786, 0.6212764114798471]",1,60
7532,[0.49172343 0.47413986],7,35,"[0.491626887866141, 0.45015531396212327]",1,-1
7533,[0.44073669 0.62402489],7,45,"[0.4377614438459196, 0.655911915550708]",1,-1
7534,[0.48034839 0.62954677],7,5,"[0.47989515498241786, 0.6212764114798471]",1,-1
7535,[0.45667903 0.58241552],7,5,"[0.47989515498241786, 0.6212764114798471]",1,-1
7536,[0.45853694 0.53821903],7,18,"[0.4203234088660354, 0.508036417947434]",1,-1
7537,[0.54316039 0.57783203],7,2,"[0.5181425386759565, 0.548951681512668]",1,65
7538,[0.43097442 0.5424472 ],7,18,"[0.4203234088660354, 0.508036417947434]",1,-1
7539,[0.48977521 0.6143557 ],7,5,"[0.47989515498241786, 0.6212764114798471]",1,-1
7540,[0.46973443 0.64524585],7,5,"[0.47989515498241786, 0.6212764114798471]",1,-1
7541,[0.4351793  0.60050419],7,5,"[0.47989515498241786, 0.6212764114798471]",1,-1
7542,[0.5123179 0.6812212],7,41,"[0.5613949929729852, 0.701115936473092]",1,-1
7543,[0.43907388 0.60486319],7,5,"[0.47989515498241786, 0.6212764114798471]",1,-1
7544,[0.50553566 0.57342571],7,2,"[0.5181425386759565, 0.548951681512668]",1,75
7545,[0.46655976 0.56627755],7,2,"[0.5181425386759565, 0.548951681512668]",1,-1
7546,[0.38584724 0.50974521],7,18,"[0.4203234088660354, 0.508036417947434]",1,-1
7547,[0.47162935 0.59376971],7,5,"[0.47989515498241786, 0.6212764114798471]",1,70
7548,[0.50332714 0.53919033],7,2,"[0.5181425386759565, 0.548951681512668]",1,-1
7549,[0.45429092 0.57590728],7,5,"[0.47989515498241786, 0.6212764114798471]",1,-1
7550,[0.49598293 0.48496753],7,35,"[0.491626887866141, 0.45015531396212327]",1,-1
7551,[0.48331031 0.58380783],7,5,"[0.47989515498241786, 0.6212764114798471]",1,70
7552,[0.36352501 0.57481134],7,25,"[0.38660465276603295, 0.5871767558758164]",1,-1
7553,[0.47431343 0.52542891],7,2,"[0.5181425386759565, 0.548951681512668]",1,49
7554,[0.52392296 0.55503186],7,2,"[0.5181425386759565, 0.548951681512668]",1,-1
7555,[0.35957184 0.58057553],7,25,"[0.38660465276603295, 0.5871767558758164]",1,-1
7556,[0.52201329 0.56985896],7,2,"[0.5181425386759565, 0.548951681512668]",1,-1
7557,[0.39327001 0.55955787],7,25,"[0.38660465276603295, 0.5871767558758164]",1,-1
7558,[0.37605487 0.63836961],7,19,"[0.3585209611110644, 0.671407469606326]",1,-1
7559,[0.45218411 0.6421972 ],7,45,"[0.4377614438459196, 0.655911915550708]",1,60
7560,[0.44877061 0.55995793],7,18,"[0.4203234088660354, 0.508036417947434]",1,-1
7561,[0.58953943 0.58168946],7,9,"[0.5945682323783136, 0.6193254997600653]",1,-1
7562,[0.54865827 0.64214937],7,9,"[0.5945682323783136, 0.6193254997600653]",1,-1
7563,[0.43164887 0.59030827],7,25,"[0.38660465276603295, 0.5871767558758164]",1,-1
7564,[0.57567714 0.49725727],7,10,"[0.6101257152780476, 0.5394800330734051]",1,-1
7565,[0.49368226 0.57754629],7,2,"[0.5181425386759565, 0.548951681512668]",1,-1
7566,[0.57457467 0.60342416],7,9,"[0.5945682323783136, 0.6193254997600653]",1,-1
7567,[0.39982469 0.55910977],7,25,"[0.38660465276603295, 0.5871767558758164]",1,-1
7568,[0.54148099 0.57728809],7,2,"[0.5181425386759565, 0.548951681512668]",1,65
7569,[0.49260422 0.65292996],7,5,"[0.47989515498241786, 0.6212764114798471]",1,36
7570,[0.4837065  0.61452054],7,5,"[0.47989515498241786, 0.6212764114798471]",1,-1
7571,[0.50828815 0.60254075],7,5,"[0.47989515498241786, 0.6212764114798471]",1,-1
7572,[0.54907136 0.63615789],7,9,"[0.5945682323783136, 0.6193254997600653]",1,-1
7573,[0.51755776 0.490896  ],7,35,"[0.491626887866141, 0.45015531396212327]",1,-1
7574,[0.37719573 0.57487619],7,25,"[0.38660465276603295, 0.5871767558758164]",1,-1
7575,[0.47989636 0.600244  ],7,5,"[0.47989515498241786, 0.6212764114798471]",1,-1
7576,[0.51744824 0.59137021],7,2,"[0.5181425386759565, 0.548951681512668]",1,74
7577,[0.39907951 0.52255365],7,18,"[0.4203234088660354, 0.508036417947434]",1,-1
7578,[0.5428535  0.51831544],7,2,"[0.5181425386759565, 0.548951681512668]",1,-1
7579,[0.44165632 0.60356742],7,5,"[0.47989515498241786, 0.6212764114798471]",1,-1
7580,[0.57466835 0.63140644],7,9,"[0.5945682323783136, 0.6193254997600653]",1,-1
7581,[0.53780495 0.62936537],7,9,"[0.5945682323783136, 0.6193254997600653]",1,-1
7582,[0.5107674  0.51665054],7,2,"[0.5181425386759565, 0.548951681512668]",1,-1
7583,[0.41291345 0.45051898],7,6,"[0.40123478470159024, 0.40656176249784554]",1,-1
7584,[0.53047487 0.58207171],7,2,"[0.5181425386759565, 0.548951681512668]",1,-1
7585,[0.53805026 0.62289772],7,9,"[0.5945682323783136, 0.6193254997600653]",1,-1
7586,[0.58233865 0.57471885],7,10,"[0.6101257152780476, 0.5394800330734051]",1,69
7587,[0.46894435 0.55761421],7,2,"[0.5181425386759565, 0.548951681512668]",1,-1
7588,[0.4494268  0.56324997],7,18,"[0.4203234088660354, 0.508036417947434]",1,-1
7589,[0.55534802 0.47965112],7,27,"[0.5866068271601823, 0.4386408725933068]",1,-1
7590,[0.46935611 0.59137486],7,5,"[0.47989515498241786, 0.6212764114798471]",1,-1
7591,[0.48832368 0.51431033],7,2,"[0.5181425386759565, 0.548951681512668]",1,-1
7592,[0.49419265 0.62681574],7,5,"[0.47989515498241786, 0.6212764114798471]",1,-1
7593,[0.45912233 0.62323431],7,5,"[0.47989515498241786, 0.6212764114798471]",1,60
7594,[0.59481985 0.58677963],7,9,"[0.5945682323783136, 0.6193254997600653]",1,63
7595,[0.55450493 0.52997589],7,2,"[0.5181425386759565, 0.548951681512668]",1,-1
7596,[0.39554554 0.55454055],7,25,"[0.38660465276603295, 0.5871767558758164]",1,-1
7597,[0.50009941 0.55012816],7,2,"[0.5181425386759565, 0.548951681512668]",1,-1
7598,[0.43223064 0.61381801],7,45,"[0.4377614438459196, 0.655911915550708]",1,-1
7599,[0.45555147 0.62714532],7,5,"[0.47989515498241786, 0.6212764114798471]",1,60
7600,[0.51901124 0.61250259],7,5,"[0.47989515498241786, 0.6212764114798471]",1,-1
7601,[0.54870474 0.57830309],7,2,"[0.5181425386759565, 0.548951681512668]",1,-1
7602,[0.48549183 0.58708871],7,5,"[0.47989515498241786, 0.6212764114798471]",1,70
7603,[0.50408174 0.49219637],7,35,"[0.491626887866141, 0.45015531396212327]",1,-1
7604,[0.52540499 0.54976782],7,2,"[0.5181425386759565, 0.548951681512668]",1,65
7605,[0.45588705 0.55066934],7,18,"[0.4203234088660354, 0.508036417947434]",1,-1
7606,[0.50023749 0.64080566],7,5,"[0.47989515498241786, 0.6212764114798471]",1,-1
7607,[0.46817916 0.59156079],7,5,"[0.47989515498241786, 0.6212764114798471]",1,-1
7608,[0.48726198 0.57811762],7,2,"[0.5181425386759565, 0.548951681512668]",1,-1
7609,[0.55896077 0.53762226],7,2,"[0.5181425386759565, 0.548951681512668]",1,-1
7610,[0.503445   0.58903562],7,5,"[0.47989515498241786, 0.6212764114798471]",1,-1
7611,[0.38873564 0.46626731],7,18,"[0.4203234088660354, 0.508036417947434]",1,-1
7612,[0.44301002 0.55905222],7,18,"[0.4203234088660354, 0.508036417947434]",1,-1
7613,[0.59493832 0.51174251],7,10,"[0.6101257152780476, 0.5394800330734051]",1,-1
7614,[0.40763452 0.59254102],7,25,"[0.38660465276603295, 0.5871767558758164]",1,-1
7615,[0.54150207 0.57914484],7,2,"[0.5181425386759565, 0.548951681512668]",1,65
7616,[0.51509931 0.53101452],7,2,"[0.5181425386759565, 0.548951681512668]",1,65
7617,[0.50239683 0.56406173],7,2,"[0.5181425386759565, 0.548951681512668]",1,-1
7618,[0.51779597 0.57062358],7,2,"[0.5181425386759565, 0.548951681512668]",1,-1
7619,[0.49862445 0.55110891],7,2,"[0.5181425386759565, 0.548951681512668]",1,-1
7620,[0.39450464 0.60422127],7,25,"[0.38660465276603295, 0.5871767558758164]",1,-1
7621,[0.50670895 0.56337968],7,2,"[0.5181425386759565, 0.548951681512668]",1,-1
7622,[0.57703276 0.61060721],7,9,"[0.5945682323783136, 0.6193254997600653]",1,-1
7623,[0.48653464 0.51883352],7,2,"[0.5181425386759565, 0.548951681512668]",1,-1
7624,[0.52399337 0.57825555],7,2,"[0.5181425386759565, 0.548951681512668]",1,-1
7625,[0.43532781 0.58817903],7,25,"[0.38660465276603295, 0.5871767558758164]",1,-1
7626,[0.48914223 0.52944734],7,2,"[0.5181425386759565, 0.548951681512668]",1,-1
7627,[0.46599569 0.57640561],7,5,"[0.47989515498241786, 0.6212764114798471]",1,-1
7628,[0.41081566 0.61382659],7,25,"[0.38660465276603295, 0.5871767558758164]",1,-1
7629,[0.51607015 0.54555355],7,2,"[0.5181425386759565, 0.548951681512668]",1,-1
7630,[0.4188487  0.55323502],7,18,"[0.4203234088660354, 0.508036417947434]",1,-1
7631,[0.44039134 0.55445005],7,18,"[0.4203234088660354, 0.508036417947434]",1,-1
7632,[0.45524432 0.6214353 ],7,5,"[0.47989515498241786, 0.6212764114798471]",1,60
7633,[0.52083965 0.58869643],7,2,"[0.5181425386759565, 0.548951681512668]",1,74
7634,[0.48814176 0.54087221],7,2,"[0.5181425386759565, 0.548951681512668]",1,-1
7635,[0.46032955 0.6113789 ],7,5,"[0.47989515498241786, 0.6212764114798471]",1,-1
7636,[0.57945346 0.59812615],7,9,"[0.5945682323783136, 0.6193254997600653]",1,-1
7637,[0.4476356  0.51528231],7,18,"[0.4203234088660354, 0.508036417947434]",1,-1
7638,[0.4339239  0.54304884],7,18,"[0.4203234088660354, 0.508036417947434]",1,-1
7639,[0.51601288 0.50626986],7,2,"[0.5181425386759565, 0.548951681512668]",1,-1
7640,[0.51091107 0.59498937],7,5,"[0.47989515498241786, 0.6212764114798471]",1,-1
7641,[0.48610738 0.50613531],7,2,"[0.5181425386759565, 0.548951681512668]",1,-1
7642,[0.53123216 0.49534772],7,2,"[0.5181425386759565, 0.548951681512668]",1,-1
7643,[0.57855019 0.63479325],7,9,"[0.5945682323783136, 0.6193254997600653]",1,-1
7644,[0.47171555 0.6038226 ],7,5,"[0.47989515498241786, 0.6212764114798471]",1,-1
7645,[0.45410358 0.6246091 ],7,5,"[0.47989515498241786, 0.6212764114798471]",1,60
7646,[0.49539696 0.58275333],7,2,"[0.5181425386759565, 0.548951681512668]",1,70
7647,[0.48293571 0.63642538],7,5,"[0.47989515498241786, 0.6212764114798471]",1,-1
7648,[0.48684243 0.44325467],7,35,"[0.491626887866141, 0.45015531396212327]",1,-1
7649,[0.44057304 0.52081518],7,18,"[0.4203234088660354, 0.508036417947434]",1,-1
7650,[0.4508728  0.50558347],7,18,"[0.4203234088660354, 0.508036417947434]",1,-1
7651,[0.46020297 0.56837992],7,5,"[0.47989515498241786, 0.6212764114798471]",1,-1
7652,[0.45760871 0.59305696],7,5,"[0.47989515498241786, 0.6212764114798471]",1,-1
7653,[0.46112208 0.58779674],7,5,"[0.47989515498241786, 0.6212764114798471]",1,-1
7654,[0.35670702 0.54467591],7,25,"[0.38660465276603295, 0.5871767558758164]",1,-1
7655,[0.47545088 0.61624194],7,5,"[0.47989515498241786, 0.6212764114798471]",1,60
7656,[0.44376492 0.52982134],7,18,"[0.4203234088660354, 0.508036417947434]",1,-1
7657,[0.49523927 0.5541542 ],7,2,"[0.5181425386759565, 0.548951681512668]",1,-1
7658,[0.51969376 0.53893268],7,2,"[0.5181425386759565, 0.548951681512668]",1,65
7659,[0.42028544 0.47648723],7,18,"[0.4203234088660354, 0.508036417947434]",1,-1
7660,[0.43617833 0.55098875],7,18,"[0.4203234088660354, 0.508036417947434]",1,-1
7661,[0.42646459 0.59387866],7,25,"[0.38660465276603295, 0.5871767558758164]",1,-1
7662,[0.47407801 0.62576611],7,5,"[0.47989515498241786, 0.6212764114798471]",1,-1
7663,[0.47145685 0.606441  ],7,5,"[0.47989515498241786, 0.6212764114798471]",1,-1
7664,[0.44876809 0.64835035],7,45,"[0.4377614438459196, 0.655911915550708]",1,-1
7665,[0.45719486 0.57096085],7,5,"[0.47989515498241786, 0.6212764114798471]",1,-1
7666,[0.52042805 0.52730839],7,2,"[0.5181425386759565, 0.548951681512668]",1,-1
7667,[0.41511791 0.61203826],7,25,"[0.38660465276603295, 0.5871767558758164]",1,-1
7668,[0.46045199 0.55380166],7,2,"[0.5181425386759565, 0.548951681512668]",1,-1
7669,[0.48812731 0.59093615],7,5,"[0.47989515498241786, 0.6212764114798471]",1,-1
7670,[0.48568227 0.53458266],7,2,"[0.5181425386759565, 0.548951681512668]",1,-1
7671,[0.46899322 0.61637651],7,5,"[0.47989515498241786, 0.6212764114798471]",1,-1
7672,[0.46366614 0.49985429],7,18,"[0.4203234088660354, 0.508036417947434]",1,-1
7673,[0.40106345 0.57745323],7,25,"[0.38660465276603295, 0.5871767558758164]",1,-1
7674,[0.48896023 0.55958368],7,2,"[0.5181425386759565, 0.548951681512668]",1,-1
7675,[0.52147511 0.50568826],7,2,"[0.5181425386759565, 0.548951681512668]",1,-1
7676,[0.52667739 0.56946369],7,2,"[0.5181425386759565, 0.548951681512668]",1,-1
7677,[0.51327164 0.53923747],7,2,"[0.5181425386759565, 0.548951681512668]",1,-1
7678,[0.47331962 0.57341766],7,5,"[0.47989515498241786, 0.6212764114798471]",1,-1
7679,[0.49226372 0.57453802],7,2,"[0.5181425386759565, 0.548951681512668]",1,-1
7680,[0.44970632 0.60421997],7,5,"[0.47989515498241786, 0.6212764114798471]",1,60
7681,[0.47688318 0.60684456],7,5,"[0.47989515498241786, 0.6212764114798471]",1,-1
7682,[0.46301014 0.48391444],7,35,"[0.491626887866141, 0.45015531396212327]",1,-1
7683,[0.5251774  0.57927837],7,2,"[0.5181425386759565, 0.548951681512668]",1,-1
7684,[0.38705016 0.50185672],7,18,"[0.4203234088660354, 0.508036417947434]",1,-1
7685,[0.49003298 0.54867247],7,2,"[0.5181425386759565, 0.548951681512668]",1,-1
7686,[0.48850281 0.63886746],7,5,"[0.47989515498241786, 0.6212764114798471]",1,-1
7687,[0.47275037 0.57173816],7,5,"[0.47989515498241786, 0.6212764114798471]",1,70
7688,[0.40915713 0.67181538],7,45,"[0.4377614438459196, 0.655911915550708]",1,-1
7689,[0.55165578 0.59196094],7,9,"[0.5945682323783136, 0.6193254997600653]",1,-1
7690,[0.5144008  0.46833514],7,35,"[0.491626887866141, 0.45015531396212327]",1,-1
7691,[0.47926699 0.60463677],7,5,"[0.47989515498241786, 0.6212764114798471]",1,-1
7692,[0.48030717 0.53284842],7,2,"[0.5181425386759565, 0.548951681512668]",1,-1
7693,[0.43786997 0.57957087],7,25,"[0.38660465276603295, 0.5871767558758164]",1,-1
7694,[0.43609162 0.68107618],7,45,"[0.4377614438459196, 0.655911915550708]",1,-1
7695,[0.45823709 0.5150279 ],7,18,"[0.4203234088660354, 0.508036417947434]",1,-1
7696,[0.51297942 0.57093261],7,2,"[0.5181425386759565, 0.548951681512668]",1,-1
7697,[0.42653883 0.51460975],7,18,"[0.4203234088660354, 0.508036417947434]",1,-1
7698,[0.45519394 0.52743787],7,18,"[0.4203234088660354, 0.508036417947434]",1,-1
7699,[0.46575998 0.53118783],7,18,"[0.4203234088660354, 0.508036417947434]",1,-1
7700,[0.45988846 0.54633495],7,18,"[0.4203234088660354, 0.508036417947434]",1,-1
7701,[0.43863457 0.58172057],7,25,"[0.38660465276603295, 0.5871767558758164]",1,-1
7702,[0.45422064 0.6225271 ],7,5,"[0.47989515498241786, 0.6212764114798471]",1,60
7703,[0.43549299 0.58960252],7,25,"[0.38660465276603295, 0.5871767558758164]",1,60
7704,[0.53711707 0.56424219],7,2,"[0.5181425386759565, 0.548951681512668]",1,-1
7705,[0.45979078 0.51766357],7,18,"[0.4203234088660354, 0.508036417947434]",1,-1
7706,[0.38435851 0.61040529],7,25,"[0.38660465276603295, 0.5871767558758164]",1,-1
7707,[0.46915085 0.52367912],7,18,"[0.4203234088660354, 0.508036417947434]",1,49
7708,[0.49055506 0.5479139 ],7,2,"[0.5181425386759565, 0.548951681512668]",1,-1
7709,[0.53978968 0.53584187],7,2,"[0.5181425386759565, 0.548951681512668]",1,-1
7710,[0.44605107 0.52148828],7,18,"[0.4203234088660354, 0.508036417947434]",1,-1
7711,[0.45070264 0.53652898],7,18,"[0.4203234088660354, 0.508036417947434]",1,-1
7712,[0.46167519 0.57699731],7,5,"[0.47989515498241786, 0.6212764114798471]",1,-1
7713,[0.53496285 0.57603143],7,2,"[0.5181425386759565, 0.548951681512668]",1,65
7714,[0.48903512 0.50998692],7,2,"[0.5181425386759565, 0.548951681512668]",1,-1
7715,[0.50979279 0.58482166],7,2,"[0.5181425386759565, 0.548951681512668]",1,-1
7716,[0.49762245 0.6215803 ],7,5,"[0.47989515498241786, 0.6212764114798471]",1,-1
7717,[0.46678067 0.57116466],7,5,"[0.47989515498241786, 0.6212764114798471]",1,-1
7718,[0.49341968 0.55265363],7,2,"[0.5181425386759565, 0.548951681512668]",1,-1
7719,[0.46018575 0.59670084],7,5,"[0.47989515498241786, 0.6212764114798471]",1,-1
7720,[0.50282957 0.59285568],7,5,"[0.47989515498241786, 0.6212764114798471]",1,-1
7721,[0.46479865 0.53448854],7,18,"[0.4203234088660354, 0.508036417947434]",1,-1
7722,[0.46454389 0.52661022],7,18,"[0.4203234088660354, 0.508036417947434]",1,-1
7723,[0.42535544 0.58710366],7,25,"[0.38660465276603295, 0.5871767558758164]",1,-1
7724,[0.52454626 0.55269522],7,2,"[0.5181425386759565, 0.548951681512668]",1,-1
7725,[0.461509   0.53143332],7,18,"[0.4203234088660354, 0.508036417947434]",1,-1
7726,[0.42970791 0.54433849],7,18,"[0.4203234088660354, 0.508036417947434]",1,-1
7727,[0.56177752 0.56498142],7,2,"[0.5181425386759565, 0.548951681512668]",1,-1
7728,[0.3551914  0.55295827],7,25,"[0.38660465276603295, 0.5871767558758164]",1,-1
7729,[0.40841172 0.46841041],7,18,"[0.4203234088660354, 0.508036417947434]",1,-1
7730,[0.42104327 0.55178891],7,18,"[0.4203234088660354, 0.508036417947434]",1,-1
7731,[0.44983238 0.5572383 ],7,18,"[0.4203234088660354, 0.508036417947434]",1,-1
7732,[0.40089933 0.55775207],7,25,"[0.38660465276603295, 0.5871767558758164]",1,-1
7733,[0.4707364  0.56221003],7,2,"[0.5181425386759565, 0.548951681512668]",1,-1
7734,[0.4395336  0.62590616],7,45,"[0.4377614438459196, 0.655911915550708]",1,-1
7735,[0.45036115 0.51278332],7,18,"[0.4203234088660354, 0.508036417947434]",1,-1
7736,[0.46340068 0.57413271],7,5,"[0.47989515498241786, 0.6212764114798471]",1,-1
7737,[0.44072016 0.59988377],7,5,"[0.47989515498241786, 0.6212764114798471]",1,60
7738,[0.42376549 0.48268693],7,18,"[0.4203234088660354, 0.508036417947434]",1,-1
7739,[0.51232139 0.55803254],7,2,"[0.5181425386759565, 0.548951681512668]",1,-1
7740,[0.41590058 0.60713196],7,25,"[0.38660465276603295, 0.5871767558758164]",1,-1
7741,[0.48284721 0.50963822],7,2,"[0.5181425386759565, 0.548951681512668]",1,-1
7742,[0.56219547 0.53308952],7,2,"[0.5181425386759565, 0.548951681512668]",1,-1
7743,[0.47194793 0.56199632],7,2,"[0.5181425386759565, 0.548951681512668]",1,-1
7744,[0.47353668 0.58364366],7,5,"[0.47989515498241786, 0.6212764114798471]",1,70
7745,[0.47193831 0.60030332],7,5,"[0.47989515498241786, 0.6212764114798471]",1,-1
7746,[0.43688195 0.58515409],7,25,"[0.38660465276603295, 0.5871767558758164]",1,60
7747,[0.48291524 0.57004567],7,2,"[0.5181425386759565, 0.548951681512668]",1,-1
7748,[0.41547736 0.43288201],7,6,"[0.40123478470159024, 0.40656176249784554]",1,-1
7749,[0.43950828 0.56096989],7,18,"[0.4203234088660354, 0.508036417947434]",1,-1
7750,[0.45624418 0.46412524],7,35,"[0.491626887866141, 0.45015531396212327]",1,-1
7751,[0.53643434 0.65273354],7,41,"[0.5613949929729852, 0.701115936473092]",1,-1
7752,[0.43467059 0.56277456],7,25,"[0.38660465276603295, 0.5871767558758164]",1,-1
7753,[0.5624188  0.60571154],7,9,"[0.5945682323783136, 0.6193254997600653]",1,-1
7754,[0.47677801 0.65723982],7,5,"[0.47989515498241786, 0.6212764114798471]",1,-1
7755,[0.45010065 0.54261107],7,18,"[0.4203234088660354, 0.508036417947434]",1,-1
7756,[0.49273565 0.59382295],7,5,"[0.47989515498241786, 0.6212764114798471]",1,-1
7757,[0.49883852 0.53272187],7,2,"[0.5181425386759565, 0.548951681512668]",1,-1
7758,[0.51745182 0.56734721],7,2,"[0.5181425386759565, 0.548951681512668]",1,-1
7759,[0.5123477  0.53300148],7,2,"[0.5181425386759565, 0.548951681512668]",1,-1
7760,[0.46871755 0.52489784],7,18,"[0.4203234088660354, 0.508036417947434]",1,49
7761,[0.52383231 0.54499572],7,2,"[0.5181425386759565, 0.548951681512668]",1,65
7762,[0.46465017 0.50498426],7,18,"[0.4203234088660354, 0.508036417947434]",1,-1
7763,[0.5067962  0.66928551],7,5,"[0.47989515498241786, 0.6212764114798471]",1,-1
7764,[0.51854051 0.65209288],7,5,"[0.47989515498241786, 0.6212764114798471]",1,-1
7765,[0.50267649 0.55679958],7,2,"[0.5181425386759565, 0.548951681512668]",1,-1
7766,[0.41645848 0.53217995],7,18,"[0.4203234088660354, 0.508036417947434]",1,-1
7767,[0.52843676 0.51526488],7,2,"[0.5181425386759565, 0.548951681512668]",1,-1
7768,[0.48459851 0.49714831],7,35,"[0.491626887866141, 0.45015531396212327]",1,-1
7769,[0.52183834 0.51641251],7,2,"[0.5181425386759565, 0.548951681512668]",1,-1
7770,[0.56643816 0.52894469],7,10,"[0.6101257152780476, 0.5394800330734051]",1,-1
7771,[0.54851117 0.56181418],7,2,"[0.5181425386759565, 0.548951681512668]",1,-1
7772,[0.50975576 0.51669034],7,2,"[0.5181425386759565, 0.548951681512668]",1,-1
7773,[0.50476626 0.55220443],7,2,"[0.5181425386759565, 0.548951681512668]",1,75
7774,[0.41215667 0.62798446],7,45,"[0.4377614438459196, 0.655911915550708]",1,-1
7775,[0.47390029 0.56028431],7,2,"[0.5181425386759565, 0.548951681512668]",1,-1
7776,[0.53876742 0.53962263],7,2,"[0.5181425386759565, 0.548951681512668]",1,-1
7777,[0.42685995 0.5007771 ],7,18,"[0.4203234088660354, 0.508036417947434]",1,-1
7778,[0.44040045 0.61055532],7,5,"[0.47989515498241786, 0.6212764114798471]",1,-1
7779,[0.45368656 0.61645321],7,5,"[0.47989515498241786, 0.6212764114798471]",1,60
7780,[0.47603288 0.57054963],7,2,"[0.5181425386759565, 0.548951681512668]",1,-1
7781,[0.44437369 0.58400458],7,5,"[0.47989515498241786, 0.6212764114798471]",1,-1
7782,[0.57176187 0.56311755],7,10,"[0.6101257152780476, 0.5394800330734051]",1,-1
7783,[0.43599216 0.48484601],7,18,"[0.4203234088660354, 0.508036417947434]",1,-1
7784,[0.57709228 0.50923517],7,10,"[0.6101257152780476, 0.5394800330734051]",1,-1
7785,[0.44835065 0.54696733],7,18,"[0.4203234088660354, 0.508036417947434]",1,-1
7786,[0.42292195 0.5711287 ],7,25,"[0.38660465276603295, 0.5871767558758164]",1,-1
7787,[0.47254476 0.53971931],7,2,"[0.5181425386759565, 0.548951681512668]",1,-1
7788,[0.4991259  0.62803559],7,5,"[0.47989515498241786, 0.6212764114798471]",1,-1
7789,[0.47874692 0.58312436],7,5,"[0.47989515498241786, 0.6212764114798471]",1,-1
7790,[0.5014754  0.62548365],7,5,"[0.47989515498241786, 0.6212764114798471]",1,-1
7791,[0.47765593 0.65486042],7,5,"[0.47989515498241786, 0.6212764114798471]",1,-1
7792,[0.48474687 0.60183333],7,5,"[0.47989515498241786, 0.6212764114798471]",1,-1
7793,[0.5447526  0.59209886],7,2,"[0.5181425386759565, 0.548951681512668]",1,-1
7794,[0.36706669 0.51001815],7,18,"[0.4203234088660354, 0.508036417947434]",1,-1
7795,[0.4748093  0.51028382],7,18,"[0.4203234088660354, 0.508036417947434]",1,-1
7796,[0.55543486 0.613048  ],7,9,"[0.5945682323783136, 0.6193254997600653]",1,-1
7797,[0.41404379 0.4853569 ],7,18,"[0.4203234088660354, 0.508036417947434]",1,-1
7798,[0.48249437 0.62876949],7,5,"[0.47989515498241786, 0.6212764114798471]",1,-1
7799,[0.43340827 0.45772941],7,18,"[0.4203234088660354, 0.508036417947434]",1,-1
7800,[0.49770814 0.63343533],7,5,"[0.47989515498241786, 0.6212764114798471]",1,-1
7801,[0.51380113 0.64077206],7,5,"[0.47989515498241786, 0.6212764114798471]",1,-1
7802,[0.47115028 0.54269724],7,2,"[0.5181425386759565, 0.548951681512668]",1,-1
7803,[0.36858111 0.5781438 ],7,25,"[0.38660465276603295, 0.5871767558758164]",1,-1
7804,[0.36154069 0.52269774],7,18,"[0.4203234088660354, 0.508036417947434]",1,-1
7805,[0.44097441 0.61335101],7,5,"[0.47989515498241786, 0.6212764114798471]",1,-1
7806,[0.46280926 0.50857026],7,18,"[0.4203234088660354, 0.508036417947434]",1,-1
7807,[0.50684265 0.65062885],7,5,"[0.47989515498241786, 0.6212764114798471]",1,-1
7808,[0.45879698 0.62332687],7,5,"[0.47989515498241786, 0.6212764114798471]",1,60
7809,[0.37364093 0.52399932],7,18,"[0.4203234088660354, 0.508036417947434]",1,-1
7810,[0.58134435 0.55563304],7,10,"[0.6101257152780476, 0.5394800330734051]",1,-1
7811,[0.49892462 0.64487809],7,5,"[0.47989515498241786, 0.6212764114798471]",1,-1
7812,[0.45758153 0.55882508],7,2,"[0.5181425386759565, 0.548951681512668]",1,-1
7813,[0.37268125 0.51860598],7,18,"[0.4203234088660354, 0.508036417947434]",1,-1
7814,[0.47283672 0.48678221],7,35,"[0.491626887866141, 0.45015531396212327]",1,-1
7815,[0.4596187  0.52211944],7,18,"[0.4203234088660354, 0.508036417947434]",1,-1
7816,[0.47629673 0.46927837],7,35,"[0.491626887866141, 0.45015531396212327]",1,-1
7817,[0.50131039 0.5394778 ],7,2,"[0.5181425386759565, 0.548951681512668]",1,-1
7818,[0.50265456 0.50771051],7,2,"[0.5181425386759565, 0.548951681512668]",1,-1
7819,[0.44883042 0.56788621],7,5,"[0.47989515498241786, 0.6212764114798471]",1,-1
7820,[0.4501215  0.55925535],7,18,"[0.4203234088660354, 0.508036417947434]",1,-1
7821,[0.48189547 0.50457638],7,35,"[0.491626887866141, 0.45015531396212327]",1,-1
7822,[0.31761213 0.49993813],7,13,"[0.32294489274299887, 0.4620611538839558]",1,-1
7823,[0.51550404 0.54324736],7,2,"[0.5181425386759565, 0.548951681512668]",1,-1
7824,[0.49515216 0.55698665],7,2,"[0.5181425386759565, 0.548951681512668]",1,-1
7825,[0.56323771 0.58481955],7,9,"[0.5945682323783136, 0.6193254997600653]",1,-1
7826,[0.4343568  0.48713674],7,18,"[0.4203234088660354, 0.508036417947434]",1,-1
7827,[0.46782646 0.54655883],7,2,"[0.5181425386759565, 0.548951681512668]",1,-1
7828,[0.45420857 0.53101684],7,18,"[0.4203234088660354, 0.508036417947434]",1,-1
7829,[0.56970257 0.57813415],7,9,"[0.5945682323783136, 0.6193254997600653]",1,69
7830,[0.50399143 0.55417493],7,2,"[0.5181425386759565, 0.548951681512668]",1,75
7831,[0.53418254 0.51674798],7,2,"[0.5181425386759565, 0.548951681512668]",1,-1
7832,[0.48999558 0.54905073],7,2,"[0.5181425386759565, 0.548951681512668]",1,-1
7833,[0.46885513 0.55412229],7,2,"[0.5181425386759565, 0.548951681512668]",1,-1
7834,[0.44816042 0.61006051],7,5,"[0.47989515498241786, 0.6212764114798471]",1,60
7835,[0.39866975 0.5226319 ],7,18,"[0.4203234088660354, 0.508036417947434]",1,-1
7836,[0.38101982 0.54025423],7,25,"[0.38660465276603295, 0.5871767558758164]",1,-1
7837,[0.38555199 0.58749229],7,25,"[0.38660465276603295, 0.5871767558758164]",1,-1
7838,[0.47494007 0.57341702],7,5,"[0.47989515498241786, 0.6212764114798471]",1,-1
7839,[0.51313435 0.63981124],7,5,"[0.47989515498241786, 0.6212764114798471]",1,-1
7840,[0.48687026 0.58965961],7,5,"[0.47989515498241786, 0.6212764114798471]",1,70
7841,[0.43971583 0.57041135],7,25,"[0.38660465276603295, 0.5871767558758164]",1,-1
7842,[0.39806073 0.57059716],7,25,"[0.38660465276603295, 0.5871767558758164]",1,-1
7843,[0.48652601 0.57407483],7,2,"[0.5181425386759565, 0.548951681512668]",1,-1
7844,[0.40650853 0.54403346],7,18,"[0.4203234088660354, 0.508036417947434]",1,-1
7845,[0.46599199 0.62592159],7,5,"[0.47989515498241786, 0.6212764114798471]",1,-1
7846,[0.46302767 0.66262751],7,45,"[0.4377614438459196, 0.655911915550708]",1,-1
7847,[0.56528658 0.64811356],7,9,"[0.5945682323783136, 0.6193254997600653]",1,-1
7848,[0.4975871  0.57436379],7,2,"[0.5181425386759565, 0.548951681512668]",1,75
7849,[0.48174553 0.55508084],7,2,"[0.5181425386759565, 0.548951681512668]",1,-1
7850,[0.50754803 0.55051283],7,2,"[0.5181425386759565, 0.548951681512668]",1,-1
7851,[0.50528514 0.50784058],7,2,"[0.5181425386759565, 0.548951681512668]",1,-1
7852,[0.53274591 0.63744658],7,5,"[0.47989515498241786, 0.6212764114798471]",1,-1
7853,[0.4197069  0.56266138],7,25,"[0.38660465276603295, 0.5871767558758164]",1,-1
7854,[0.46230949 0.55263987],7,2,"[0.5181425386759565, 0.548951681512668]",1,-1
7855,[0.50380218 0.56129181],7,2,"[0.5181425386759565, 0.548951681512668]",1,-1
7856,[0.47154433 0.57031989],7,2,"[0.5181425386759565, 0.548951681512668]",1,70
7857,[0.49407577 0.62327921],7,5,"[0.47989515498241786, 0.6212764114798471]",1,-1
7858,[0.43028049 0.56204753],7,25,"[0.38660465276603295, 0.5871767558758164]",1,-1
7859,[0.46293342 0.6426247 ],7,5,"[0.47989515498241786, 0.6212764114798471]",1,-1
7860,[0.47272946 0.56713974],7,2,"[0.5181425386759565, 0.548951681512668]",1,-1
7861,[0.49246071 0.53297823],7,2,"[0.5181425386759565, 0.548951681512668]",1,-1
7862,[0.51987861 0.58935075],7,2,"[0.5181425386759565, 0.548951681512668]",1,74
7863,[0.45070013 0.60345665],7,5,"[0.47989515498241786, 0.6212764114798471]",1,60
7864,[0.54386298 0.56731357],7,2,"[0.5181425386759565, 0.548951681512668]",1,65
7865,[0.42167936 0.6021328 ],7,25,"[0.38660465276603295, 0.5871767558758164]",1,-1
7866,[0.45409208 0.62735326],7,5,"[0.47989515498241786, 0.6212764114798471]",1,-1
7867,[0.46414446 0.51954495],7,18,"[0.4203234088660354, 0.508036417947434]",1,49
7868,[0.40462011 0.50118423],7,18,"[0.4203234088660354, 0.508036417947434]",1,-1
7869,[0.50274094 0.53681101],7,2,"[0.5181425386759565, 0.548951681512668]",1,-1
7870,[0.51795849 0.58209582],7,2,"[0.5181425386759565, 0.548951681512668]",1,-1
7871,[0.46642265 0.58036037],7,5,"[0.47989515498241786, 0.6212764114798471]",1,-1
7872,[0.46077528 0.56235661],7,2,"[0.5181425386759565, 0.548951681512668]",1,-1
7873,[0.50455857 0.5346971 ],7,2,"[0.5181425386759565, 0.548951681512668]",1,-1
7874,[0.41176049 0.47653372],7,18,"[0.4203234088660354, 0.508036417947434]",1,-1
7875,[0.4287984  0.51440139],7,18,"[0.4203234088660354, 0.508036417947434]",1,-1
7876,[0.442903   0.60209117],7,5,"[0.47989515498241786, 0.6212764114798471]",1,-1
7877,[0.46205126 0.60804469],7,5,"[0.47989515498241786, 0.6212764114798471]",1,-1
7878,[0.50624237 0.50412539],7,2,"[0.5181425386759565, 0.548951681512668]",1,-1
7879,[0.51231412 0.62737944],7,5,"[0.47989515498241786, 0.6212764114798471]",1,-1
7880,[0.48379941 0.53382114],7,2,"[0.5181425386759565, 0.548951681512668]",1,-1
7881,[0.52250837 0.59878902],7,5,"[0.47989515498241786, 0.6212764114798471]",1,-1
7882,[0.47924078 0.52698558],7,2,"[0.5181425386759565, 0.548951681512668]",1,49
7883,[0.44058715 0.50113668],7,18,"[0.4203234088660354, 0.508036417947434]",1,-1
7884,[0.39622227 0.58060695],7,25,"[0.38660465276603295, 0.5871767558758164]",1,-1
7885,[0.52598013 0.56314203],7,2,"[0.5181425386759565, 0.548951681512668]",1,65
7886,[0.50787496 0.4791576 ],7,35,"[0.491626887866141, 0.45015531396212327]",1,-1
7887,[0.55966333 0.57131203],7,2,"[0.5181425386759565, 0.548951681512668]",1,-1
7888,[0.47288229 0.59856433],7,5,"[0.47989515498241786, 0.6212764114798471]",1,-1
7889,[0.40521206 0.4536979 ],7,6,"[0.40123478470159024, 0.40656176249784554]",1,50
7890,[0.41360706 0.64541299],7,45,"[0.4377614438459196, 0.655911915550708]",1,46
7891,[0.47252132 0.50012482],7,18,"[0.4203234088660354, 0.508036417947434]",1,-1
7892,[0.45520736 0.50276754],7,18,"[0.4203234088660354, 0.508036417947434]",1,-1
7893,[0.41100896 0.57252886],7,25,"[0.38660465276603295, 0.5871767558758164]",1,-1
7894,[0.55024854 0.5646284 ],7,2,"[0.5181425386759565, 0.548951681512668]",1,-1
7895,[0.40372199 0.64672021],7,45,"[0.4377614438459196, 0.655911915550708]",1,46
7896,[0.51440432 0.59523909],7,5,"[0.47989515498241786, 0.6212764114798471]",1,74
7897,[0.49464641 0.62341702],7,5,"[0.47989515498241786, 0.6212764114798471]",1,-1
7898,[0.50277827 0.55290584],7,2,"[0.5181425386759565, 0.548951681512668]",1,-1
7899,[0.45166341 0.5240892 ],7,18,"[0.4203234088660354, 0.508036417947434]",1,-1
7900,[0.39075938 0.62512326],7,25,"[0.38660465276603295, 0.5871767558758164]",1,-1
7901,[0.510117   0.66104037],7,5,"[0.47989515498241786, 0.6212764114798471]",1,-1
7902,[0.43886438 0.57168478],7,25,"[0.38660465276603295, 0.5871767558758164]",1,-1
7903,[0.41459335 0.46690443],7,18,"[0.4203234088660354, 0.508036417947434]",1,-1
7904,[0.39484949 0.63848959],7,45,"[0.4377614438459196, 0.655911915550708]",1,46
7905,[0.50825216 0.57137518],7,2,"[0.5181425386759565, 0.548951681512668]",1,75
7906,[0.38655276 0.51668368],7,18,"[0.4203234088660354, 0.508036417947434]",1,-1
7907,[0.52980387 0.5923647 ],7,2,"[0.5181425386759565, 0.548951681512668]",1,-1
7908,[0.49458416 0.60404509],7,5,"[0.47989515498241786, 0.6212764114798471]",1,67
7909,[0.54268173 0.57358735],7,2,"[0.5181425386759565, 0.548951681512668]",1,65
7910,[0.4490442  0.54414964],7,18,"[0.4203234088660354, 0.508036417947434]",1,-1
7911,[0.44067305 0.56853179],7,25,"[0.38660465276603295, 0.5871767558758164]",1,-1
7912,[0.57619728 0.55556724],7,10,"[0.6101257152780476, 0.5394800330734051]",1,-1
7913,[0.43585025 0.55826379],7,18,"[0.4203234088660354, 0.508036417947434]",1,-1
7914,[0.46520677 0.51497712],7,18,"[0.4203234088660354, 0.508036417947434]",1,-1
7915,[0.5565525  0.53205521],7,2,"[0.5181425386759565, 0.548951681512668]",1,-1
7916,[0.5296427  0.63667077],7,5,"[0.47989515498241786, 0.6212764114798471]",1,-1
7917,[0.42663154 0.52148326],7,18,"[0.4203234088660354, 0.508036417947434]",1,-1
7918,[0.40046546 0.55118645],7,25,"[0.38660465276603295, 0.5871767558758164]",1,-1
7919,[0.47374551 0.50638907],7,18,"[0.4203234088660354, 0.508036417947434]",1,-1
7920,[0.49142437 0.62859692],7,5,"[0.47989515498241786, 0.6212764114798471]",1,-1
7921,[0.45983793 0.62404659],7,5,"[0.47989515498241786, 0.6212764114798471]",1,60
7922,[0.4152705  0.59158879],7,25,"[0.38660465276603295, 0.5871767558758164]",1,-1
7923,[0.47382746 0.47173111],7,35,"[0.491626887866141, 0.45015531396212327]",1,-1
7924,[0.56283646 0.55192561],7,2,"[0.5181425386759565, 0.548951681512668]",1,-1
7925,[0.52258119 0.54308919],7,2,"[0.5181425386759565, 0.548951681512668]",1,65
7926,[0.52056493 0.56952301],7,2,"[0.5181425386759565, 0.548951681512668]",1,-1
7927,[0.53654342 0.53135016],7,2,"[0.5181425386759565, 0.548951681512668]",1,-1
7928,[0.40354547 0.55315595],7,25,"[0.38660465276603295, 0.5871767558758164]",1,-1
7929,[0.53582895 0.52444399],7,2,"[0.5181425386759565, 0.548951681512668]",1,-1
7930,[0.49149707 0.5693796 ],7,2,"[0.5181425386759565, 0.548951681512668]",1,-1
7931,[0.59174872 0.57359024],7,10,"[0.6101257152780476, 0.5394800330734051]",1,-1
7932,[0.55218399 0.60929507],7,9,"[0.5945682323783136, 0.6193254997600653]",1,66
7933,[0.48123062 0.53773116],7,2,"[0.5181425386759565, 0.548951681512668]",1,-1
7934,[0.44993543 0.5759217 ],7,5,"[0.47989515498241786, 0.6212764114798471]",1,-1
7935,[0.50574539 0.53477009],7,2,"[0.5181425386759565, 0.548951681512668]",1,-1
7936,[0.53325318 0.55627446],7,2,"[0.5181425386759565, 0.548951681512668]",1,-1
7937,[0.39359979 0.62600392],7,25,"[0.38660465276603295, 0.5871767558758164]",1,46
7938,[0.50262995 0.55236038],7,2,"[0.5181425386759565, 0.548951681512668]",1,75
7939,[0.44334944 0.58472543],7,5,"[0.47989515498241786, 0.6212764114798471]",1,-1
7940,[0.60260147 0.62839327],7,9,"[0.5945682323783136, 0.6193254997600653]",1,-1
7941,[0.50759013 0.66616013],7,5,"[0.47989515498241786, 0.6212764114798471]",1,-1
7942,[0.5121116  0.62565623],7,5,"[0.47989515498241786, 0.6212764114798471]",1,-1
7943,[0.53919527 0.70719106],7,41,"[0.5613949929729852, 0.701115936473092]",1,-1
7944,[0.50091579 0.61649556],7,5,"[0.47989515498241786, 0.6212764114798471]",1,-1
7945,[0.36715059 0.5647921 ],7,25,"[0.38660465276603295, 0.5871767558758164]",1,-1
7946,[0.423158   0.49001985],7,18,"[0.4203234088660354, 0.508036417947434]",1,-1
7947,[0.5632198  0.49761655],7,10,"[0.6101257152780476, 0.5394800330734051]",1,-1
7948,[0.49800764 0.6074517 ],7,5,"[0.47989515498241786, 0.6212764114798471]",1,-1
7949,[0.41058596 0.53423847],7,18,"[0.4203234088660354, 0.508036417947434]",1,-1
7950,[0.47333758 0.60609473],7,5,"[0.47989515498241786, 0.6212764114798471]",1,-1
7951,[0.46315022 0.62515033],7,5,"[0.47989515498241786, 0.6212764114798471]",1,-1
7952,[0.55025163 0.58272182],7,2,"[0.5181425386759565, 0.548951681512668]",1,-1
7953,[0.54079189 0.57240929],7,2,"[0.5181425386759565, 0.548951681512668]",1,65
7954,[0.41814421 0.42443852],7,6,"[0.40123478470159024, 0.40656176249784554]",1,-1
7955,[0.45381683 0.57144369],7,5,"[0.47989515498241786, 0.6212764114798471]",1,-1
7956,[0.51427798 0.46466867],7,35,"[0.491626887866141, 0.45015531396212327]",1,-1
7957,[0.48672904 0.56089818],7,2,"[0.5181425386759565, 0.548951681512668]",1,-1
7958,[0.51320908 0.56958997],7,2,"[0.5181425386759565, 0.548951681512668]",1,-1
7959,[0.58792744 0.58922584],7,9,"[0.5945682323783136, 0.6193254997600653]",1,-1
7960,[0.47940911 0.4977486 ],7,35,"[0.491626887866141, 0.45015531396212327]",1,-1
7961,[0.42123394 0.54199494],7,18,"[0.4203234088660354, 0.508036417947434]",1,-1
7962,[0.46529146 0.51835291],7,18,"[0.4203234088660354, 0.508036417947434]",1,49
7963,[0.49900854 0.53423196],7,2,"[0.5181425386759565, 0.548951681512668]",1,-1
7964,[0.51488882 0.57766035],7,2,"[0.5181425386759565, 0.548951681512668]",1,-1
7965,[0.4265117  0.62210057],7,45,"[0.4377614438459196, 0.655911915550708]",1,-1
7966,[0.51281124 0.57214324],7,2,"[0.5181425386759565, 0.548951681512668]",1,75
7967,[0.5062167  0.63219736],7,5,"[0.47989515498241786, 0.6212764114798471]",1,-1
7968,[0.45355711 0.57508174],7,5,"[0.47989515498241786, 0.6212764114798471]",1,-1
7969,[0.44024547 0.61606007],7,45,"[0.4377614438459196, 0.655911915550708]",1,-1
7970,[0.39243038 0.52428604],7,18,"[0.4203234088660354, 0.508036417947434]",1,-1
7971,[0.4709506  0.59629971],7,5,"[0.47989515498241786, 0.6212764114798471]",1,-1
7972,[0.40427479 0.60699899],7,25,"[0.38660465276603295, 0.5871767558758164]",1,-1
7973,[0.35904605 0.62302073],7,25,"[0.38660465276603295, 0.5871767558758164]",1,-1
7974,[0.47056595 0.54509876],7,2,"[0.5181425386759565, 0.548951681512668]",1,-1
7975,[0.53107277 0.52856961],7,2,"[0.5181425386759565, 0.548951681512668]",1,-1
7976,[0.44610214 0.60372661],7,5,"[0.47989515498241786, 0.6212764114798471]",1,60
7977,[0.5153648  0.55005349],7,2,"[0.5181425386759565, 0.548951681512668]",1,-1
7978,[0.4341595  0.53433802],7,18,"[0.4203234088660354, 0.508036417947434]",1,-1
7979,[0.49785674 0.60408487],7,5,"[0.47989515498241786, 0.6212764114798471]",1,67
7980,[0.47340975 0.65015142],7,5,"[0.47989515498241786, 0.6212764114798471]",1,-1
7981,[0.48965514 0.57344216],7,2,"[0.5181425386759565, 0.548951681512668]",1,-1
7982,[0.49049411 0.4894033 ],7,35,"[0.491626887866141, 0.45015531396212327]",1,-1
7983,[0.43449672 0.58167534],7,25,"[0.38660465276603295, 0.5871767558758164]",1,60
7984,[0.43675279 0.51289938],7,18,"[0.4203234088660354, 0.508036417947434]",1,-1
7985,[0.42121881 0.65345446],7,45,"[0.4377614438459196, 0.655911915550708]",1,-1
7986,[0.50453201 0.51794174],7,2,"[0.5181425386759565, 0.548951681512668]",1,-1
7987,[0.44970456 0.57515089],7,5,"[0.47989515498241786, 0.6212764114798471]",1,-1
7988,[0.51050717 0.4790542 ],7,35,"[0.491626887866141, 0.45015531396212327]",1,-1
7989,[0.49115601 0.651068  ],7,5,"[0.47989515498241786, 0.6212764114798471]",1,36
7990,[0.50540387 0.5492575 ],7,2,"[0.5181425386759565, 0.548951681512668]",1,-1
7991,[0.49200165 0.60021514],7,5,"[0.47989515498241786, 0.6212764114798471]",1,67
7992,[0.3965956  0.59336034],7,25,"[0.38660465276603295, 0.5871767558758164]",1,-1
7993,[0.43069012 0.57345875],7,25,"[0.38660465276603295, 0.5871767558758164]",1,-1
7994,[0.41513112 0.61203384],7,25,"[0.38660465276603295, 0.5871767558758164]",1,-1
7995,[0.46100225 0.52865799],7,18,"[0.4203234088660354, 0.508036417947434]",1,-1
7996,[0.40873742 0.65550339],7,45,"[0.4377614438459196, 0.655911915550708]",1,-1
7997,[0.53070167 0.44550597],7,35,"[0.491626887866141, 0.45015531396212327]",1,-1
7998,[0.48121311 0.61412921],7,5,"[0.47989515498241786, 0.6212764114798471]",1,-1
7999,[0.55675588 0.60373007],7,9,"[0.5945682323783136, 0.6193254997600653]",1,-1
8000,[0.49689421 0.52367332],8,2,"[0.5181425386759565, 0.548951681512668]",1,-1
8001,[0.47120056 0.5836569 ],8,5,"[0.47989515498241786, 0.6212764114798471]",1,-1
8002,[0.37948619 0.46362075],8,13,"[0.32294489274299887, 0.4620611538839558]",1,-1
8003,[0.42914892 0.44371826],8,6,"[0.40123478470159024, 0.40656176249784554]",1,-1
8004,[0.36847087 0.47904517],8,13,"[0.32294489274299887, 0.4620611538839558]",1,-1
8005,[0.43008482 0.40996199],8,6,"[0.40123478470159024, 0.40656176249784554]",1,-1
8006,[0.40745828 0.52383192],8,18,"[0.4203234088660354, 0.508036417947434]",1,-1
8007,[0.32676567 0.50427524],8,13,"[0.32294489274299887, 0.4620611538839558]",1,-1
8008,[0.29369792 0.57889047],8,44,"[0.30505443145580996, 0.5938366826632161]",1,-1
8009,[0.33882159 0.52673038],8,13,"[0.32294489274299887, 0.4620611538839558]",1,-1
8010,[0.37747023 0.50387353],8,18,"[0.4203234088660354, 0.508036417947434]",1,-1
8011,[0.39041092 0.45591294],8,6,"[0.40123478470159024, 0.40656176249784554]",1,50
8012,[0.42338892 0.45133119],8,6,"[0.40123478470159024, 0.40656176249784554]",1,-1
8013,[0.36981729 0.51335942],8,18,"[0.4203234088660354, 0.508036417947434]",1,-1
8014,[0.38147804 0.52100126],8,18,"[0.4203234088660354, 0.508036417947434]",1,-1
8015,[0.40116796 0.50853713],8,18,"[0.4203234088660354, 0.508036417947434]",1,-1
8016,[0.41951271 0.47692022],8,18,"[0.4203234088660354, 0.508036417947434]",1,-1
8017,[0.38213327 0.54251888],8,25,"[0.38660465276603295, 0.5871767558758164]",1,-1
8018,[0.39849064 0.5930433 ],8,25,"[0.38660465276603295, 0.5871767558758164]",1,-1
8019,[0.31709944 0.4366621 ],8,13,"[0.32294489274299887, 0.4620611538839558]",1,-1
8020,[0.38608725 0.49167407],8,18,"[0.4203234088660354, 0.508036417947434]",1,-1
8021,[0.40507199 0.45773806],8,6,"[0.40123478470159024, 0.40656176249784554]",1,-1
8022,[0.34010614 0.50335717],8,13,"[0.32294489274299887, 0.4620611538839558]",1,-1
8023,[0.35561189 0.52409189],8,18,"[0.4203234088660354, 0.508036417947434]",1,-1
8024,[0.4919571  0.45894818],8,35,"[0.491626887866141, 0.45015531396212327]",1,-1
8025,[0.39077819 0.51273604],8,18,"[0.4203234088660354, 0.508036417947434]",1,-1
8026,[0.39700105 0.44162447],8,6,"[0.40123478470159024, 0.40656176249784554]",1,-1
8027,[0.28931352 0.58512596],8,44,"[0.30505443145580996, 0.5938366826632161]",1,-1
8028,[0.36644465 0.39046033],8,1,"[0.33650952271243567, 0.3695039184549852]",1,79
8029,[0.41555786 0.42329898],8,6,"[0.40123478470159024, 0.40656176249784554]",1,-1
8030,[0.43083848 0.57975318],8,25,"[0.38660465276603295, 0.5871767558758164]",1,60
8031,[0.42963594 0.50348749],8,18,"[0.4203234088660354, 0.508036417947434]",1,-1
8032,[0.27456225 0.49106715],8,13,"[0.32294489274299887, 0.4620611538839558]",1,-1
8033,[0.34220835 0.53360789],8,25,"[0.38660465276603295, 0.5871767558758164]",1,-1
8034,[0.38907004 0.58009744],8,25,"[0.38660465276603295, 0.5871767558758164]",1,-1
8035,[0.35647963 0.50268515],8,13,"[0.32294489274299887, 0.4620611538839558]",1,-1
8036,[0.38162605 0.49048952],8,18,"[0.4203234088660354, 0.508036417947434]",1,-1
8037,[0.46182355 0.39166361],8,37,"[0.4780366509520634, 0.3686118735311782]",1,-1
8038,[0.44299481 0.48794639],8,18,"[0.4203234088660354, 0.508036417947434]",1,-1
8039,[0.4370988  0.39802908],8,6,"[0.40123478470159024, 0.40656176249784554]",1,-1
8040,[0.41048023 0.55125083],8,25,"[0.38660465276603295, 0.5871767558758164]",1,-1
8041,[0.41665375 0.49225402],8,18,"[0.4203234088660354, 0.508036417947434]",1,-1
8042,[0.32709975 0.46326786],8,13,"[0.32294489274299887, 0.4620611538839558]",1,-1
8043,[0.25465068 0.53155511],8,-1,-1,1,-1
8044,[0.38914059 0.4723557 ],8,18,"[0.4203234088660354, 0.508036417947434]",1,-1
8045,[0.43046717 0.50384958],8,18,"[0.4203234088660354, 0.508036417947434]",1,-1
8046,[0.42949108 0.58207306],8,25,"[0.38660465276603295, 0.5871767558758164]",1,60
8047,[0.341757   0.42141829],8,13,"[0.32294489274299887, 0.4620611538839558]",1,-1
8048,[0.39357791 0.50237366],8,18,"[0.4203234088660354, 0.508036417947434]",1,-1
8049,[0.39202467 0.49406891],8,18,"[0.4203234088660354, 0.508036417947434]",1,-1
8050,[0.33874156 0.50779959],8,13,"[0.32294489274299887, 0.4620611538839558]",1,-1
8051,[0.37091287 0.45212526],8,13,"[0.32294489274299887, 0.4620611538839558]",1,-1
8052,[0.38956357 0.53328347],8,18,"[0.4203234088660354, 0.508036417947434]",1,-1
8053,[0.3133629  0.44188046],8,13,"[0.32294489274299887, 0.4620611538839558]",1,-1
8054,[0.35069799 0.44899435],8,13,"[0.32294489274299887, 0.4620611538839558]",1,-1
8055,[0.43157853 0.54314481],8,18,"[0.4203234088660354, 0.508036417947434]",1,-1
8056,[0.44584775 0.4294431 ],8,6,"[0.40123478470159024, 0.40656176249784554]",1,-1
8057,[0.41496129 0.46867642],8,18,"[0.4203234088660354, 0.508036417947434]",1,-1
8058,[0.41317116 0.60537049],8,25,"[0.38660465276603295, 0.5871767558758164]",1,-1
8059,[0.46203711 0.38198575],8,37,"[0.4780366509520634, 0.3686118735311782]",1,-1
8060,[0.3966689  0.45501912],8,6,"[0.40123478470159024, 0.40656176249784554]",1,50
8061,[0.38763608 0.50720682],8,18,"[0.4203234088660354, 0.508036417947434]",1,-1
8062,[0.33347495 0.62088227],8,44,"[0.30505443145580996, 0.5938366826632161]",1,-1
8063,[0.36927534 0.48708085],8,13,"[0.32294489274299887, 0.4620611538839558]",1,-1
8064,[0.49631841 0.45210937],8,35,"[0.491626887866141, 0.45015531396212327]",1,-1
8065,[0.43558654 0.5391671 ],8,18,"[0.4203234088660354, 0.508036417947434]",1,-1
8066,[0.42560071 0.48130332],8,18,"[0.4203234088660354, 0.508036417947434]",1,-1
8067,[0.37798608 0.52709707],8,18,"[0.4203234088660354, 0.508036417947434]",1,-1
8068,[0.40738531 0.44850844],8,6,"[0.40123478470159024, 0.40656176249784554]",1,50
8069,[0.29588304 0.51961766],8,13,"[0.32294489274299887, 0.4620611538839558]",1,-1
8070,[0.41504744 0.43565156],8,6,"[0.40123478470159024, 0.40656176249784554]",1,-1
8071,[0.3848079  0.48182108],8,18,"[0.4203234088660354, 0.508036417947434]",1,-1
8072,[0.37896589 0.53068697],8,18,"[0.4203234088660354, 0.508036417947434]",1,-1
8073,[0.37025047 0.43820122],8,6,"[0.40123478470159024, 0.40656176249784554]",1,-1
8074,[0.40640537 0.45611629],8,6,"[0.40123478470159024, 0.40656176249784554]",1,-1
8075,[0.35535596 0.50233492],8,13,"[0.32294489274299887, 0.4620611538839558]",1,-1
8076,[0.41184215 0.45990183],8,18,"[0.4203234088660354, 0.508036417947434]",1,-1
8077,[0.44752772 0.53414731],8,18,"[0.4203234088660354, 0.508036417947434]",1,-1
8078,[0.41284232 0.50351374],8,18,"[0.4203234088660354, 0.508036417947434]",1,-1
8079,[0.40698212 0.37831229],8,6,"[0.40123478470159024, 0.40656176249784554]",1,-1
8080,[0.41246535 0.4644449 ],8,18,"[0.4203234088660354, 0.508036417947434]",1,-1
8081,[0.42418638 0.48086893],8,18,"[0.4203234088660354, 0.508036417947434]",1,-1
8082,[0.41246544 0.45873585],8,18,"[0.4203234088660354, 0.508036417947434]",1,-1
8083,[0.41714819 0.51442795],8,18,"[0.4203234088660354, 0.508036417947434]",1,-1
8084,[0.45795131 0.45596451],8,35,"[0.491626887866141, 0.45015531396212327]",1,-1
8085,[0.47729543 0.50061188],8,35,"[0.491626887866141, 0.45015531396212327]",1,-1
8086,[0.38087775 0.38466798],8,6,"[0.40123478470159024, 0.40656176249784554]",1,78
8087,[0.38437107 0.47481133],8,18,"[0.4203234088660354, 0.508036417947434]",1,-1
8088,[0.38579868 0.46874171],8,18,"[0.4203234088660354, 0.508036417947434]",1,-1
8089,[0.34132421 0.42881038],8,13,"[0.32294489274299887, 0.4620611538839558]",1,-1
8090,[0.39662504 0.51504326],8,18,"[0.4203234088660354, 0.508036417947434]",1,-1
8091,[0.48682237 0.4841308 ],8,35,"[0.491626887866141, 0.45015531396212327]",1,-1
8092,[0.39664015 0.43421114],8,6,"[0.40123478470159024, 0.40656176249784554]",1,50
8093,[0.42331196 0.4573314 ],8,18,"[0.4203234088660354, 0.508036417947434]",1,-1
8094,[0.41985623 0.54813607],8,18,"[0.4203234088660354, 0.508036417947434]",1,-1
8095,[0.36740168 0.51632945],8,18,"[0.4203234088660354, 0.508036417947434]",1,-1
8096,[0.40268159 0.37118839],8,6,"[0.40123478470159024, 0.40656176249784554]",1,-1
8097,[0.34107505 0.55896904],8,44,"[0.30505443145580996, 0.5938366826632161]",1,-1
8098,[0.42622349 0.53223241],8,18,"[0.4203234088660354, 0.508036417947434]",1,-1
8099,[0.39261587 0.45680258],8,6,"[0.40123478470159024, 0.40656176249784554]",1,50
8100,[0.45235057 0.51332362],8,18,"[0.4203234088660354, 0.508036417947434]",1,-1
8101,[0.4273936  0.47407772],8,18,"[0.4203234088660354, 0.508036417947434]",1,-1
8102,[0.40639075 0.47116252],8,18,"[0.4203234088660354, 0.508036417947434]",1,-1
8103,[0.29947167 0.4764206 ],8,13,"[0.32294489274299887, 0.4620611538839558]",1,-1
8104,[0.37527607 0.46430661],8,13,"[0.32294489274299887, 0.4620611538839558]",1,-1
8105,[0.35632977 0.5132927 ],8,13,"[0.32294489274299887, 0.4620611538839558]",1,-1
8106,[0.36670703 0.41187762],8,6,"[0.40123478470159024, 0.40656176249784554]",1,-1
8107,[0.31989394 0.44462463],8,13,"[0.32294489274299887, 0.4620611538839558]",1,-1
8108,[0.47735379 0.4900261 ],8,35,"[0.491626887866141, 0.45015531396212327]",1,-1
8109,[0.4271461  0.47386466],8,18,"[0.4203234088660354, 0.508036417947434]",1,-1
8110,[0.46698174 0.41960634],8,35,"[0.491626887866141, 0.45015531396212327]",1,-1
8111,[0.4297109  0.46787579],8,18,"[0.4203234088660354, 0.508036417947434]",1,-1
8112,[0.38129456 0.44378799],8,6,"[0.40123478470159024, 0.40656176249784554]",1,-1
8113,[0.41166886 0.39776321],8,6,"[0.40123478470159024, 0.40656176249784554]",1,-1
8114,[0.33234462 0.41555526],8,1,"[0.33650952271243567, 0.3695039184549852]",1,-1
8115,[0.34684094 0.45817743],8,13,"[0.32294489274299887, 0.4620611538839558]",1,-1
8116,[0.43325835 0.48464501],8,18,"[0.4203234088660354, 0.508036417947434]",1,-1
8117,[0.34079178 0.53320159],8,-1,-1,1,-1
8118,[0.35180526 0.43240534],8,13,"[0.32294489274299887, 0.4620611538839558]",1,-1
8119,[0.42916312 0.42828669],8,6,"[0.40123478470159024, 0.40656176249784554]",1,-1
8120,[0.38616888 0.59227091],8,25,"[0.38660465276603295, 0.5871767558758164]",1,-1
8121,[0.4128679  0.47941437],8,18,"[0.4203234088660354, 0.508036417947434]",1,-1
8122,[0.4167979  0.47902132],8,18,"[0.4203234088660354, 0.508036417947434]",1,-1
8123,[0.33401717 0.45607021],8,13,"[0.32294489274299887, 0.4620611538839558]",1,-1
8124,[0.35814938 0.49845689],8,13,"[0.32294489274299887, 0.4620611538839558]",1,-1
8125,[0.39482568 0.56688588],8,25,"[0.38660465276603295, 0.5871767558758164]",1,-1
8126,[0.42240403 0.45891651],8,18,"[0.4203234088660354, 0.508036417947434]",1,-1
8127,[0.35538076 0.53551669],8,25,"[0.38660465276603295, 0.5871767558758164]",1,-1
8128,[0.3361294  0.55292992],8,44,"[0.30505443145580996, 0.5938366826632161]",1,-1
8129,[0.46818871 0.4020373 ],8,37,"[0.4780366509520634, 0.3686118735311782]",1,-1
8130,[0.32872751 0.47656593],8,13,"[0.32294489274299887, 0.4620611538839558]",1,-1
8131,[0.34830627 0.3725803 ],8,1,"[0.33650952271243567, 0.3695039184549852]",1,-1
8132,[0.41509774 0.38825706],8,6,"[0.40123478470159024, 0.40656176249784554]",1,-1
8133,[0.41976638 0.38180826],8,6,"[0.40123478470159024, 0.40656176249784554]",1,-1
8134,[0.32936148 0.56210763],8,44,"[0.30505443145580996, 0.5938366826632161]",1,-1
8135,[0.3984425  0.45820973],8,6,"[0.40123478470159024, 0.40656176249784554]",1,50
8136,[0.36334647 0.50857676],8,18,"[0.4203234088660354, 0.508036417947434]",1,-1
8137,[0.43433152 0.49730204],8,18,"[0.4203234088660354, 0.508036417947434]",1,-1
8138,[0.46875976 0.44183808],8,35,"[0.491626887866141, 0.45015531396212327]",1,-1
8139,[0.38875126 0.41369957],8,6,"[0.40123478470159024, 0.40656176249784554]",1,-1
8140,[0.37519308 0.50404176],8,18,"[0.4203234088660354, 0.508036417947434]",1,-1
8141,[0.38344906 0.38265919],8,6,"[0.40123478470159024, 0.40656176249784554]",1,-1
8142,[0.43654932 0.40753221],8,6,"[0.40123478470159024, 0.40656176249784554]",1,-1
8143,[0.50114975 0.44613953],8,35,"[0.491626887866141, 0.45015531396212327]",1,-1
8144,[0.42501177 0.51459226],8,18,"[0.4203234088660354, 0.508036417947434]",1,-1
8145,[0.32988356 0.47135991],8,13,"[0.32294489274299887, 0.4620611538839558]",1,-1
8146,[0.34589137 0.56784591],8,25,"[0.38660465276603295, 0.5871767558758164]",1,-1
8147,[0.29630816 0.44319762],8,13,"[0.32294489274299887, 0.4620611538839558]",1,-1
8148,[0.37782291 0.44592759],8,6,"[0.40123478470159024, 0.40656176249784554]",1,-1
8149,[0.45786811 0.44676203],8,35,"[0.491626887866141, 0.45015531396212327]",1,-1
8150,[0.40941858 0.45416041],8,6,"[0.40123478470159024, 0.40656176249784554]",1,-1
8151,[0.38526195 0.42042884],8,6,"[0.40123478470159024, 0.40656176249784554]",1,-1
8152,[0.46996806 0.46199845],8,35,"[0.491626887866141, 0.45015531396212327]",1,-1
8153,[0.31549586 0.56068712],8,44,"[0.30505443145580996, 0.5938366826632161]",1,-1
8154,[0.41428933 0.38858268],8,6,"[0.40123478470159024, 0.40656176249784554]",1,-1
8155,[0.37200861 0.44998891],8,13,"[0.32294489274299887, 0.4620611538839558]",1,-1
8156,[0.38860373 0.56461914],8,25,"[0.38660465276603295, 0.5871767558758164]",1,-1
8157,[0.44997935 0.43901804],8,35,"[0.491626887866141, 0.45015531396212327]",1,-1
8158,[0.38138457 0.5277843 ],8,18,"[0.4203234088660354, 0.508036417947434]",1,-1
8159,[0.39657604 0.51437777],8,18,"[0.4203234088660354, 0.508036417947434]",1,-1
8160,[0.37335175 0.41363797],8,6,"[0.40123478470159024, 0.40656176249784554]",1,-1
8161,[0.42334193 0.45877301],8,18,"[0.4203234088660354, 0.508036417947434]",1,-1
8162,[0.37167581 0.51214557],8,18,"[0.4203234088660354, 0.508036417947434]",1,-1
8163,[0.43076328 0.48929289],8,18,"[0.4203234088660354, 0.508036417947434]",1,-1
8164,[0.41163744 0.34464706],8,4,"[0.3937233168939997, 0.29890402186269427]",1,-1
8165,[0.40137594 0.52217933],8,18,"[0.4203234088660354, 0.508036417947434]",1,-1
8166,[0.43008324 0.50706035],8,18,"[0.4203234088660354, 0.508036417947434]",1,-1
8167,[0.38206543 0.40039732],8,6,"[0.40123478470159024, 0.40656176249784554]",1,79
8168,[0.45598138 0.61919643],8,5,"[0.47989515498241786, 0.6212764114798471]",1,60
8169,[0.4332986  0.49235355],8,18,"[0.4203234088660354, 0.508036417947434]",1,-1
8170,[0.35945156 0.46073378],8,13,"[0.32294489274299887, 0.4620611538839558]",1,-1
8171,[0.44162485 0.39971851],8,6,"[0.40123478470159024, 0.40656176249784554]",1,-1
8172,[0.43872202 0.54985061],8,18,"[0.4203234088660354, 0.508036417947434]",1,-1
8173,[0.42830401 0.47686287],8,18,"[0.4203234088660354, 0.508036417947434]",1,-1
8174,[0.40421713 0.51132465],8,18,"[0.4203234088660354, 0.508036417947434]",1,-1
8175,[0.3825504  0.52394909],8,18,"[0.4203234088660354, 0.508036417947434]",1,-1
8176,[0.40772202 0.55836139],8,25,"[0.38660465276603295, 0.5871767558758164]",1,-1
8177,[0.35893138 0.40718109],8,6,"[0.40123478470159024, 0.40656176249784554]",1,-1
8178,[0.42953606 0.44957062],8,6,"[0.40123478470159024, 0.40656176249784554]",1,-1
8179,[0.39095668 0.43580351],8,6,"[0.40123478470159024, 0.40656176249784554]",1,-1
8180,[0.35742761 0.57856822],8,25,"[0.38660465276603295, 0.5871767558758164]",1,-1
8181,[0.42478333 0.4593562 ],8,18,"[0.4203234088660354, 0.508036417947434]",1,-1
8182,[0.41163171 0.46597248],8,18,"[0.4203234088660354, 0.508036417947434]",1,-1
8183,[0.43671444 0.46126151],8,18,"[0.4203234088660354, 0.508036417947434]",1,-1
8184,[0.36918744 0.50040835],8,18,"[0.4203234088660354, 0.508036417947434]",1,-1
8185,[0.44849464 0.44247731],8,35,"[0.491626887866141, 0.45015531396212327]",1,-1
8186,[0.41718739 0.56691941],8,25,"[0.38660465276603295, 0.5871767558758164]",1,-1
8187,[0.45731524 0.46778744],8,35,"[0.491626887866141, 0.45015531396212327]",1,-1
8188,[0.27083238 0.44238812],8,0,"[0.2473875480073203, 0.39401489827781994]",1,-1
8189,[0.38501928 0.51015813],8,18,"[0.4203234088660354, 0.508036417947434]",1,-1
8190,[0.41477211 0.40588407],8,6,"[0.40123478470159024, 0.40656176249784554]",1,-1
8191,[0.45562894 0.45500507],8,35,"[0.491626887866141, 0.45015531396212327]",1,-1
8192,[0.32011146 0.44379607],8,13,"[0.32294489274299887, 0.4620611538839558]",1,-1
8193,[0.48505227 0.47319796],8,35,"[0.491626887866141, 0.45015531396212327]",1,-1
8194,[0.34575708 0.45197923],8,13,"[0.32294489274299887, 0.4620611538839558]",1,-1
8195,[0.36293392 0.54789933],8,25,"[0.38660465276603295, 0.5871767558758164]",1,-1
8196,[0.4472151  0.50424922],8,18,"[0.4203234088660354, 0.508036417947434]",1,-1
8197,[0.36245741 0.48211105],8,13,"[0.32294489274299887, 0.4620611538839558]",1,-1
8198,[0.36620869 0.54409663],8,25,"[0.38660465276603295, 0.5871767558758164]",1,-1
8199,[0.46318885 0.44898475],8,35,"[0.491626887866141, 0.45015531396212327]",1,-1
8200,[0.43332366 0.51430042],8,18,"[0.4203234088660354, 0.508036417947434]",1,-1
8201,[0.34343953 0.56732645],8,44,"[0.30505443145580996, 0.5938366826632161]",1,-1
8202,[0.38536401 0.48463519],8,18,"[0.4203234088660354, 0.508036417947434]",1,-1
8203,[0.37712342 0.55385892],8,25,"[0.38660465276603295, 0.5871767558758164]",1,-1
8204,[0.33189009 0.46723674],8,13,"[0.32294489274299887, 0.4620611538839558]",1,-1
8205,[0.3890207  0.59858471],8,25,"[0.38660465276603295, 0.5871767558758164]",1,-1
8206,[0.37211522 0.54875784],8,25,"[0.38660465276603295, 0.5871767558758164]",1,-1
8207,[0.421101   0.43547292],8,6,"[0.40123478470159024, 0.40656176249784554]",1,-1
8208,[0.43114333 0.48943139],8,18,"[0.4203234088660354, 0.508036417947434]",1,-1
8209,[0.36047035 0.52203611],8,18,"[0.4203234088660354, 0.508036417947434]",1,-1
8210,[0.37667873 0.42112085],8,6,"[0.40123478470159024, 0.40656176249784554]",1,-1
8211,[0.43555366 0.46367025],8,18,"[0.4203234088660354, 0.508036417947434]",1,-1
8212,[0.46309781 0.50185882],8,18,"[0.4203234088660354, 0.508036417947434]",1,-1
8213,[0.39701138 0.5161621 ],8,18,"[0.4203234088660354, 0.508036417947434]",1,-1
8214,[0.40695234 0.4484834 ],8,6,"[0.40123478470159024, 0.40656176249784554]",1,50
8215,[0.49529736 0.37621999],8,37,"[0.4780366509520634, 0.3686118735311782]",1,-1
8216,[0.47916506 0.5183879 ],8,2,"[0.5181425386759565, 0.548951681512668]",1,-1
8217,[0.33313109 0.5175115 ],8,13,"[0.32294489274299887, 0.4620611538839558]",1,-1
8218,[0.4816795  0.47269532],8,35,"[0.491626887866141, 0.45015531396212327]",1,-1
8219,[0.36372681 0.49634151],8,13,"[0.32294489274299887, 0.4620611538839558]",1,-1
8220,[0.37345154 0.55192076],8,25,"[0.38660465276603295, 0.5871767558758164]",1,-1
8221,[0.46473198 0.47869595],8,35,"[0.491626887866141, 0.45015531396212327]",1,-1
8222,[0.31487216 0.52345137],8,13,"[0.32294489274299887, 0.4620611538839558]",1,-1
8223,[0.45138428 0.42504654],8,35,"[0.491626887866141, 0.45015531396212327]",1,-1
8224,[0.38028499 0.44759354],8,6,"[0.40123478470159024, 0.40656176249784554]",1,-1
8225,[0.46935065 0.49557063],8,35,"[0.491626887866141, 0.45015531396212327]",1,-1
8226,[0.46082654 0.51482955],8,18,"[0.4203234088660354, 0.508036417947434]",1,-1
8227,[0.3113665  0.52153999],8,13,"[0.32294489274299887, 0.4620611538839558]",1,-1
8228,[0.41544615 0.50329512],8,18,"[0.4203234088660354, 0.508036417947434]",1,-1
8229,[0.39649243 0.51757584],8,18,"[0.4203234088660354, 0.508036417947434]",1,-1
8230,[0.41056726 0.49269981],8,18,"[0.4203234088660354, 0.508036417947434]",1,-1
8231,[0.41774708 0.4156745 ],8,6,"[0.40123478470159024, 0.40656176249784554]",1,-1
8232,[0.46847435 0.49221674],8,35,"[0.491626887866141, 0.45015531396212327]",1,-1
8233,[0.45057006 0.4576767 ],8,35,"[0.491626887866141, 0.45015531396212327]",1,-1
8234,[0.41865074 0.45835921],8,18,"[0.4203234088660354, 0.508036417947434]",1,-1
8235,[0.37489999 0.50801401],8,18,"[0.4203234088660354, 0.508036417947434]",1,-1
8236,[0.46855317 0.41928635],8,35,"[0.491626887866141, 0.45015531396212327]",1,-1
8237,[0.42430013 0.4287768 ],8,6,"[0.40123478470159024, 0.40656176249784554]",1,-1
8238,[0.49422685 0.47874817],8,35,"[0.491626887866141, 0.45015531396212327]",1,-1
8239,[0.36535929 0.55449677],8,25,"[0.38660465276603295, 0.5871767558758164]",1,-1
8240,[0.33688001 0.41565678],8,1,"[0.33650952271243567, 0.3695039184549852]",1,-1
8241,[0.44023866 0.44061325],8,6,"[0.40123478470159024, 0.40656176249784554]",1,-1
8242,[0.37691575 0.43891492],8,6,"[0.40123478470159024, 0.40656176249784554]",1,-1
8243,[0.50031676 0.47303125],8,35,"[0.491626887866141, 0.45015531396212327]",1,-1
8244,[0.37719361 0.48988195],8,18,"[0.4203234088660354, 0.508036417947434]",1,-1
8245,[0.35280006 0.50723639],8,13,"[0.32294489274299887, 0.4620611538839558]",1,-1
8246,[0.36113766 0.45552918],8,13,"[0.32294489274299887, 0.4620611538839558]",1,-1
8247,[0.39027529 0.53285112],8,18,"[0.4203234088660354, 0.508036417947434]",1,-1
8248,[0.35818879 0.56462383],8,25,"[0.38660465276603295, 0.5871767558758164]",1,-1
8249,[0.40810342 0.55246624],8,25,"[0.38660465276603295, 0.5871767558758164]",1,-1
8250,[0.30718282 0.48241505],8,13,"[0.32294489274299887, 0.4620611538839558]",1,-1
8251,[0.40317687 0.54974165],8,25,"[0.38660465276603295, 0.5871767558758164]",1,-1
8252,[0.49000034 0.48598321],8,35,"[0.491626887866141, 0.45015531396212327]",1,-1
8253,[0.40995367 0.57242825],8,25,"[0.38660465276603295, 0.5871767558758164]",1,-1
8254,[0.35004996 0.41862238],8,1,"[0.33650952271243567, 0.3695039184549852]",1,-1
8255,[0.44238369 0.4854323 ],8,18,"[0.4203234088660354, 0.508036417947434]",1,-1
8256,[0.34182699 0.53825051],8,25,"[0.38660465276603295, 0.5871767558758164]",1,-1
8257,[0.37383634 0.45630891],8,13,"[0.32294489274299887, 0.4620611538839558]",1,-1
8258,[0.30897502 0.62770941],8,44,"[0.30505443145580996, 0.5938366826632161]",1,-1
8259,[0.43469933 0.45296222],8,18,"[0.4203234088660354, 0.508036417947434]",1,-1
8260,[0.39955857 0.44572632],8,6,"[0.40123478470159024, 0.40656176249784554]",1,-1
8261,[0.38943198 0.53030538],8,18,"[0.4203234088660354, 0.508036417947434]",1,-1
8262,[0.27348756 0.40810893],8,0,"[0.2473875480073203, 0.39401489827781994]",1,-1
8263,[0.39295958 0.60497655],8,25,"[0.38660465276603295, 0.5871767558758164]",1,-1
8264,[0.47892384 0.45245793],8,35,"[0.491626887866141, 0.45015531396212327]",1,-1
8265,[0.31006201 0.48013038],8,13,"[0.32294489274299887, 0.4620611538839558]",1,-1
8266,[0.44584441 0.43416718],8,35,"[0.491626887866141, 0.45015531396212327]",1,-1
8267,[0.42909707 0.53144132],8,18,"[0.4203234088660354, 0.508036417947434]",1,-1
8268,[0.48003988 0.40835289],8,37,"[0.4780366509520634, 0.3686118735311782]",1,-1
8269,[0.42404079 0.47382227],8,18,"[0.4203234088660354, 0.508036417947434]",1,-1
8270,[0.39978937 0.51303646],8,18,"[0.4203234088660354, 0.508036417947434]",1,-1
8271,[0.28706984 0.41159001],8,0,"[0.2473875480073203, 0.39401489827781994]",1,-1
8272,[0.47991174 0.48436929],8,35,"[0.491626887866141, 0.45015531396212327]",1,-1
8273,[0.47210779 0.46814264],8,35,"[0.491626887866141, 0.45015531396212327]",1,-1
8274,[0.38146375 0.49785138],8,18,"[0.4203234088660354, 0.508036417947434]",1,-1
8275,[0.52011008 0.52211162],8,2,"[0.5181425386759565, 0.548951681512668]",1,-1
8276,[0.39717988 0.43436002],8,6,"[0.40123478470159024, 0.40656176249784554]",1,50
8277,[0.39056297 0.43881318],8,6,"[0.40123478470159024, 0.40656176249784554]",1,-1
8278,[0.35516776 0.52321368],8,18,"[0.4203234088660354, 0.508036417947434]",1,-1
8279,[0.31563897 0.55910225],8,44,"[0.30505443145580996, 0.5938366826632161]",1,-1
8280,[0.44432298 0.38423285],8,37,"[0.4780366509520634, 0.3686118735311782]",1,-1
8281,[0.4481117  0.53913833],8,18,"[0.4203234088660354, 0.508036417947434]",1,-1
8282,[0.33309565 0.43210947],8,13,"[0.32294489274299887, 0.4620611538839558]",1,-1
8283,[0.35442341 0.46001899],8,13,"[0.32294489274299887, 0.4620611538839558]",1,-1
8284,[0.37552743 0.46145677],8,13,"[0.32294489274299887, 0.4620611538839558]",1,-1
8285,[0.38709808 0.36451192],8,6,"[0.40123478470159024, 0.40656176249784554]",1,73
8286,[0.40671416 0.47712637],8,18,"[0.4203234088660354, 0.508036417947434]",1,-1
8287,[0.37220086 0.50470214],8,18,"[0.4203234088660354, 0.508036417947434]",1,-1
8288,[0.45538994 0.44610336],8,35,"[0.491626887866141, 0.45015531396212327]",1,-1
8289,[0.4386245  0.48323278],8,18,"[0.4203234088660354, 0.508036417947434]",1,-1
8290,[0.39539879 0.47163504],8,18,"[0.4203234088660354, 0.508036417947434]",1,-1
8291,[0.29753878 0.52437349],8,13,"[0.32294489274299887, 0.4620611538839558]",1,-1
8292,[0.3747737  0.49427071],8,18,"[0.4203234088660354, 0.508036417947434]",1,-1
8293,[0.41484387 0.52048733],8,18,"[0.4203234088660354, 0.508036417947434]",1,-1
8294,[0.35994098 0.4757377 ],8,13,"[0.32294489274299887, 0.4620611538839558]",1,-1
8295,[0.35882614 0.46357554],8,13,"[0.32294489274299887, 0.4620611538839558]",1,-1
8296,[0.39273856 0.52067689],8,18,"[0.4203234088660354, 0.508036417947434]",1,-1
8297,[0.43749508 0.45154529],8,35,"[0.491626887866141, 0.45015531396212327]",1,-1
8298,[0.35694013 0.44932792],8,13,"[0.32294489274299887, 0.4620611538839558]",1,-1
8299,[0.42233141 0.50738842],8,18,"[0.4203234088660354, 0.508036417947434]",1,-1
8300,[0.37142628 0.45365392],8,13,"[0.32294489274299887, 0.4620611538839558]",1,-1
8301,[0.54317481 0.44840691],8,27,"[0.5866068271601823, 0.4386408725933068]",1,-1
8302,[0.35367081 0.3734917 ],8,1,"[0.33650952271243567, 0.3695039184549852]",1,-1
8303,[0.43174008 0.48771096],8,18,"[0.4203234088660354, 0.508036417947434]",1,-1
8304,[0.35067879 0.38103701],8,1,"[0.33650952271243567, 0.3695039184549852]",1,-1
8305,[0.40333089 0.48223608],8,18,"[0.4203234088660354, 0.508036417947434]",1,-1
8306,[0.35110888 0.48704818],8,13,"[0.32294489274299887, 0.4620611538839558]",1,-1
8307,[0.47493649 0.41737129],8,35,"[0.491626887866141, 0.45015531396212327]",1,-1
8308,[0.36394447 0.56397934],8,25,"[0.38660465276603295, 0.5871767558758164]",1,-1
8309,[0.44616167 0.42232593],8,6,"[0.40123478470159024, 0.40656176249784554]",1,-1
8310,[0.47181565 0.5055515 ],8,18,"[0.4203234088660354, 0.508036417947434]",1,-1
8311,[0.45576208 0.49265673],8,18,"[0.4203234088660354, 0.508036417947434]",1,-1
8312,[0.38960602 0.48891512],8,18,"[0.4203234088660354, 0.508036417947434]",1,-1
8313,[0.39462247 0.4198874 ],8,6,"[0.40123478470159024, 0.40656176249784554]",1,-1
8314,[0.39478135 0.4879175 ],8,18,"[0.4203234088660354, 0.508036417947434]",1,-1
8315,[0.45130779 0.43904816],8,35,"[0.491626887866141, 0.45015531396212327]",1,-1
8316,[0.40305787 0.43777149],8,6,"[0.40123478470159024, 0.40656176249784554]",1,50
8317,[0.38111951 0.46754402],8,18,"[0.4203234088660354, 0.508036417947434]",1,-1
8318,[0.36791199 0.41783475],8,6,"[0.40123478470159024, 0.40656176249784554]",1,-1
8319,[0.39082369 0.4373931 ],8,6,"[0.40123478470159024, 0.40656176249784554]",1,-1
8320,[0.3794773  0.40233287],8,6,"[0.40123478470159024, 0.40656176249784554]",1,79
8321,[0.35241381 0.49627578],8,13,"[0.32294489274299887, 0.4620611538839558]",1,-1
8322,[0.34535163 0.46625824],8,13,"[0.32294489274299887, 0.4620611538839558]",1,-1
8323,[0.41781285 0.48274238],8,18,"[0.4203234088660354, 0.508036417947434]",1,-1
8324,[0.31147629 0.48709609],8,13,"[0.32294489274299887, 0.4620611538839558]",1,-1
8325,[0.45628022 0.46687045],8,35,"[0.491626887866141, 0.45015531396212327]",1,-1
8326,[0.37703761 0.47438322],8,18,"[0.4203234088660354, 0.508036417947434]",1,-1
8327,[0.53023391 0.50303105],8,2,"[0.5181425386759565, 0.548951681512668]",1,-1
8328,[0.48462884 0.36551078],8,37,"[0.4780366509520634, 0.3686118735311782]",1,-1
8329,[0.42045735 0.54668594],8,18,"[0.4203234088660354, 0.508036417947434]",1,-1
8330,[0.41427246 0.46950472],8,18,"[0.4203234088660354, 0.508036417947434]",1,-1
8331,[0.46336453 0.51279029],8,18,"[0.4203234088660354, 0.508036417947434]",1,-1
8332,[0.37860608 0.38839927],8,6,"[0.40123478470159024, 0.40656176249784554]",1,-1
8333,[0.43774019 0.44136622],8,6,"[0.40123478470159024, 0.40656176249784554]",1,-1
8334,[0.4617728  0.45869104],8,35,"[0.491626887866141, 0.45015531396212327]",1,-1
8335,[0.40689689 0.43306637],8,6,"[0.40123478470159024, 0.40656176249784554]",1,-1
8336,[0.37175943 0.52312818],8,18,"[0.4203234088660354, 0.508036417947434]",1,-1
8337,[0.48054984 0.5233164 ],8,2,"[0.5181425386759565, 0.548951681512668]",1,-1
8338,[0.40288762 0.43417116],8,6,"[0.40123478470159024, 0.40656176249784554]",1,50
8339,[0.41427534 0.33641262],8,4,"[0.3937233168939997, 0.29890402186269427]",1,-1
8340,[0.27299041 0.4303785 ],8,0,"[0.2473875480073203, 0.39401489827781994]",1,53
8341,[0.36879958 0.53524033],8,25,"[0.38660465276603295, 0.5871767558758164]",1,-1
8342,[0.36686229 0.43953373],8,6,"[0.40123478470159024, 0.40656176249784554]",1,-1
8343,[0.37456489 0.45765366],8,13,"[0.32294489274299887, 0.4620611538839558]",1,-1
8344,[0.41295377 0.40962641],8,6,"[0.40123478470159024, 0.40656176249784554]",1,-1
8345,[0.34135139 0.4742109 ],8,13,"[0.32294489274299887, 0.4620611538839558]",1,-1
8346,[0.40811067 0.52528524],8,18,"[0.4203234088660354, 0.508036417947434]",1,-1
8347,[0.37177986 0.43017078],8,6,"[0.40123478470159024, 0.40656176249784554]",1,-1
8348,[0.31298439 0.49895915],8,13,"[0.32294489274299887, 0.4620611538839558]",1,-1
8349,[0.47680367 0.43317693],8,35,"[0.491626887866141, 0.45015531396212327]",1,-1
8350,[0.3982523  0.49155384],8,18,"[0.4203234088660354, 0.508036417947434]",1,-1
8351,[0.45509499 0.43148974],8,35,"[0.491626887866141, 0.45015531396212327]",1,-1
8352,[0.37993774 0.50034921],8,18,"[0.4203234088660354, 0.508036417947434]",1,-1
8353,[0.35903158 0.39452271],8,1,"[0.33650952271243567, 0.3695039184549852]",1,-1
8354,[0.43495687 0.47144325],8,18,"[0.4203234088660354, 0.508036417947434]",1,-1
8355,[0.39291145 0.45096108],8,6,"[0.40123478470159024, 0.40656176249784554]",1,-1
8356,[0.47871191 0.45697886],8,35,"[0.491626887866141, 0.45015531396212327]",1,-1
8357,[0.47249489 0.43625153],8,35,"[0.491626887866141, 0.45015531396212327]",1,-1
8358,[0.36259251 0.50603293],8,18,"[0.4203234088660354, 0.508036417947434]",1,-1
8359,[0.44553076 0.47538291],8,18,"[0.4203234088660354, 0.508036417947434]",1,-1
8360,[0.41422099 0.4866443 ],8,18,"[0.4203234088660354, 0.508036417947434]",1,-1
8361,[0.36552346 0.47585964],8,13,"[0.32294489274299887, 0.4620611538839558]",1,-1
8362,[0.32414837 0.41972153],8,13,"[0.32294489274299887, 0.4620611538839558]",1,-1
8363,[0.38847414 0.44837428],8,6,"[0.40123478470159024, 0.40656176249784554]",1,-1
8364,[0.3832643  0.56272433],8,25,"[0.38660465276603295, 0.5871767558758164]",1,-1
8365,[0.33298943 0.4239681 ],8,13,"[0.32294489274299887, 0.4620611538839558]",1,-1
8366,[0.4245884  0.54706709],8,18,"[0.4203234088660354, 0.508036417947434]",1,-1
8367,[0.41000843 0.573591  ],8,25,"[0.38660465276603295, 0.5871767558758164]",1,-1
8368,[0.40677052 0.47365804],8,18,"[0.4203234088660354, 0.508036417947434]",1,-1
8369,[0.39323144 0.48300233],8,18,"[0.4203234088660354, 0.508036417947434]",1,-1
8370,[0.33563338 0.45940379],8,13,"[0.32294489274299887, 0.4620611538839558]",1,-1
8371,[0.39552326 0.4522223 ],8,6,"[0.40123478470159024, 0.40656176249784554]",1,-1
8372,[0.33983308 0.5025083 ],8,13,"[0.32294489274299887, 0.4620611538839558]",1,-1
8373,[0.41850423 0.51662132],8,18,"[0.4203234088660354, 0.508036417947434]",1,-1
8374,[0.38838846 0.40608817],8,6,"[0.40123478470159024, 0.40656176249784554]",1,-1
8375,[0.35113672 0.45370963],8,13,"[0.32294489274299887, 0.4620611538839558]",1,-1
8376,[0.48065152 0.57070146],8,2,"[0.5181425386759565, 0.548951681512668]",1,-1
8377,[0.45394241 0.52599397],8,18,"[0.4203234088660354, 0.508036417947434]",1,-1
8378,[0.36245173 0.4639375 ],8,13,"[0.32294489274299887, 0.4620611538839558]",1,-1
8379,[0.39435049 0.49854615],8,18,"[0.4203234088660354, 0.508036417947434]",1,-1
8380,[0.41539037 0.51141677],8,18,"[0.4203234088660354, 0.508036417947434]",1,-1
8381,[0.30166161 0.50734087],8,13,"[0.32294489274299887, 0.4620611538839558]",1,-1
8382,[0.4547484 0.4665958],8,35,"[0.491626887866141, 0.45015531396212327]",1,-1
8383,[0.50172194 0.42555975],8,35,"[0.491626887866141, 0.45015531396212327]",1,8
8384,[0.36196656 0.47041903],8,13,"[0.32294489274299887, 0.4620611538839558]",1,-1
8385,[0.47402616 0.46744198],8,35,"[0.491626887866141, 0.45015531396212327]",1,-1
8386,[0.41488784 0.46895414],8,18,"[0.4203234088660354, 0.508036417947434]",1,-1
8387,[0.44054787 0.41635807],8,6,"[0.40123478470159024, 0.40656176249784554]",1,-1
8388,[0.34025922 0.58921268],8,44,"[0.30505443145580996, 0.5938366826632161]",1,-1
8389,[0.39458476 0.48308114],8,18,"[0.4203234088660354, 0.508036417947434]",1,-1
8390,[0.41515218 0.50927759],8,18,"[0.4203234088660354, 0.508036417947434]",1,-1
8391,[0.42137315 0.48589135],8,18,"[0.4203234088660354, 0.508036417947434]",1,-1
8392,[0.3087835  0.45891522],8,13,"[0.32294489274299887, 0.4620611538839558]",1,-1
8393,[0.47254264 0.52664468],8,2,"[0.5181425386759565, 0.548951681512668]",1,49
8394,[0.36518071 0.50060485],8,18,"[0.4203234088660354, 0.508036417947434]",1,-1
8395,[0.36896787 0.41831267],8,6,"[0.40123478470159024, 0.40656176249784554]",1,-1
8396,[0.36265378 0.50550479],8,18,"[0.4203234088660354, 0.508036417947434]",1,-1
8397,[0.3863061  0.56241104],8,25,"[0.38660465276603295, 0.5871767558758164]",1,-1
8398,[0.4812601  0.44054666],8,35,"[0.491626887866141, 0.45015531396212327]",1,-1
8399,[0.35006528 0.48758927],8,13,"[0.32294489274299887, 0.4620611538839558]",1,-1
8400,[0.3839567  0.42911587],8,6,"[0.40123478470159024, 0.40656176249784554]",1,-1
8401,[0.40283934 0.47832758],8,18,"[0.4203234088660354, 0.508036417947434]",1,-1
8402,[0.44250723 0.49723115],8,18,"[0.4203234088660354, 0.508036417947434]",1,-1
8403,[0.37727444 0.40271309],8,6,"[0.40123478470159024, 0.40656176249784554]",1,79
8404,[0.49171317 0.5027914 ],8,35,"[0.491626887866141, 0.45015531396212327]",1,-1
8405,[0.47233363 0.46011225],8,35,"[0.491626887866141, 0.45015531396212327]",1,-1
8406,[0.39895329 0.41244567],8,6,"[0.40123478470159024, 0.40656176249784554]",1,-1
8407,[0.37843877 0.45609764],8,6,"[0.40123478470159024, 0.40656176249784554]",1,-1
8408,[0.32837032 0.5140475 ],8,13,"[0.32294489274299887, 0.4620611538839558]",1,-1
8409,[0.31281546 0.43545943],8,13,"[0.32294489274299887, 0.4620611538839558]",1,-1
8410,[0.39445933 0.52184875],8,18,"[0.4203234088660354, 0.508036417947434]",1,-1
8411,[0.40923453 0.58025806],8,25,"[0.38660465276603295, 0.5871767558758164]",1,-1
8412,[0.34099892 0.46290825],8,13,"[0.32294489274299887, 0.4620611538839558]",1,-1
8413,[0.4524248  0.45082787],8,35,"[0.491626887866141, 0.45015531396212327]",1,-1
8414,[0.32284146 0.4919404 ],8,13,"[0.32294489274299887, 0.4620611538839558]",1,-1
8415,[0.38987003 0.45808005],8,6,"[0.40123478470159024, 0.40656176249784554]",1,50
8416,[0.40444001 0.49439652],8,18,"[0.4203234088660354, 0.508036417947434]",1,-1
8417,[0.42371775 0.5132091 ],8,18,"[0.4203234088660354, 0.508036417947434]",1,-1
8418,[0.43191344 0.50608119],8,18,"[0.4203234088660354, 0.508036417947434]",1,-1
8419,[0.39168588 0.49719866],8,18,"[0.4203234088660354, 0.508036417947434]",1,-1
8420,[0.38396493 0.48128372],8,18,"[0.4203234088660354, 0.508036417947434]",1,-1
8421,[0.3890699  0.43119021],8,6,"[0.40123478470159024, 0.40656176249784554]",1,-1
8422,[0.42337131 0.51352282],8,18,"[0.4203234088660354, 0.508036417947434]",1,-1
8423,[0.41255931 0.40784383],8,6,"[0.40123478470159024, 0.40656176249784554]",1,-1
8424,[0.4354516  0.48081805],8,18,"[0.4203234088660354, 0.508036417947434]",1,-1
8425,[0.35809889 0.53266799],8,25,"[0.38660465276603295, 0.5871767558758164]",1,-1
8426,[0.32138125 0.43490023],8,13,"[0.32294489274299887, 0.4620611538839558]",1,-1
8427,[0.37488045 0.3618068 ],8,1,"[0.33650952271243567, 0.3695039184549852]",1,-1
8428,[0.31814307 0.53680136],8,44,"[0.30505443145580996, 0.5938366826632161]",1,-1
8429,[0.32657913 0.38613997],8,1,"[0.33650952271243567, 0.3695039184549852]",1,-1
8430,[0.34558933 0.47401079],8,13,"[0.32294489274299887, 0.4620611538839558]",1,-1
8431,[0.53749302 0.59854973],8,2,"[0.5181425386759565, 0.548951681512668]",1,-1
8432,[0.36669776 0.51347914],8,18,"[0.4203234088660354, 0.508036417947434]",1,-1
8433,[0.33457724 0.4177178 ],8,13,"[0.32294489274299887, 0.4620611538839558]",1,-1
8434,[0.38378404 0.4540753 ],8,6,"[0.40123478470159024, 0.40656176249784554]",1,-1
8435,[0.49053203 0.51869107],8,2,"[0.5181425386759565, 0.548951681512668]",1,-1
8436,[0.37751118 0.56560957],8,25,"[0.38660465276603295, 0.5871767558758164]",1,-1
8437,[0.35603814 0.43425938],8,13,"[0.32294489274299887, 0.4620611538839558]",1,-1
8438,[0.46090575 0.52375589],8,18,"[0.4203234088660354, 0.508036417947434]",1,-1
8439,[0.37803955 0.36533765],8,1,"[0.33650952271243567, 0.3695039184549852]",1,-1
8440,[0.42740447 0.54777005],8,18,"[0.4203234088660354, 0.508036417947434]",1,-1
8441,[0.33416884 0.40413966],8,1,"[0.33650952271243567, 0.3695039184549852]",1,-1
8442,[0.36000753 0.51282054],8,18,"[0.4203234088660354, 0.508036417947434]",1,-1
8443,[0.49628777 0.44492652],8,35,"[0.491626887866141, 0.45015531396212327]",1,-1
8444,[0.43157991 0.44135934],8,6,"[0.40123478470159024, 0.40656176249784554]",1,-1
8445,[0.41283586 0.51254569],8,18,"[0.4203234088660354, 0.508036417947434]",1,-1
8446,[0.38540127 0.5150137 ],8,18,"[0.4203234088660354, 0.508036417947434]",1,-1
8447,[0.38351746 0.49706553],8,18,"[0.4203234088660354, 0.508036417947434]",1,-1
8448,[0.47742358 0.51891951],8,2,"[0.5181425386759565, 0.548951681512668]",1,-1
8449,[0.40299388 0.47218232],8,18,"[0.4203234088660354, 0.508036417947434]",1,-1
8450,[0.47429854 0.45456152],8,35,"[0.491626887866141, 0.45015531396212327]",1,-1
8451,[0.38428115 0.49027645],8,18,"[0.4203234088660354, 0.508036417947434]",1,-1
8452,[0.38681187 0.54443239],8,25,"[0.38660465276603295, 0.5871767558758164]",1,-1
8453,[0.41310882 0.49648454],8,18,"[0.4203234088660354, 0.508036417947434]",1,-1
8454,[0.44532317 0.47198069],8,18,"[0.4203234088660354, 0.508036417947434]",1,-1
8455,[0.4055567  0.46764513],8,18,"[0.4203234088660354, 0.508036417947434]",1,-1
8456,[0.3571134  0.43947585],8,13,"[0.32294489274299887, 0.4620611538839558]",1,-1
8457,[0.3459771  0.55411818],8,25,"[0.38660465276603295, 0.5871767558758164]",1,-1
8458,[0.41594148 0.44576971],8,6,"[0.40123478470159024, 0.40656176249784554]",1,-1
8459,[0.40124215 0.46804035],8,18,"[0.4203234088660354, 0.508036417947434]",1,-1
8460,[0.42618838 0.4919212 ],8,18,"[0.4203234088660354, 0.508036417947434]",1,-1
8461,[0.35906926 0.49534703],8,13,"[0.32294489274299887, 0.4620611538839558]",1,-1
8462,[0.39704015 0.41982567],8,6,"[0.40123478470159024, 0.40656176249784554]",1,-1
8463,[0.37293066 0.45637917],8,13,"[0.32294489274299887, 0.4620611538839558]",1,-1
8464,[0.37747073 0.56806583],8,25,"[0.38660465276603295, 0.5871767558758164]",1,-1
8465,[0.43172794 0.46290634],8,18,"[0.4203234088660354, 0.508036417947434]",1,-1
8466,[0.31484938 0.4726085 ],8,13,"[0.32294489274299887, 0.4620611538839558]",1,-1
8467,[0.41075324 0.54457027],8,18,"[0.4203234088660354, 0.508036417947434]",1,-1
8468,[0.3790883  0.43737626],8,6,"[0.40123478470159024, 0.40656176249784554]",1,-1
8469,[0.40207352 0.54601023],8,18,"[0.4203234088660354, 0.508036417947434]",1,-1
8470,[0.40162481 0.4315869 ],8,6,"[0.40123478470159024, 0.40656176249784554]",1,-1
8471,[0.39584446 0.46418331],8,18,"[0.4203234088660354, 0.508036417947434]",1,-1
8472,[0.3491402  0.48948898],8,13,"[0.32294489274299887, 0.4620611538839558]",1,-1
8473,[0.3388962 0.5036512],8,13,"[0.32294489274299887, 0.4620611538839558]",1,-1
8474,[0.40504907 0.47061208],8,18,"[0.4203234088660354, 0.508036417947434]",1,-1
8475,[0.38402199 0.40619339],8,6,"[0.40123478470159024, 0.40656176249784554]",1,-1
8476,[0.40197072 0.45671053],8,6,"[0.40123478470159024, 0.40656176249784554]",1,-1
8477,[0.36052967 0.43532666],8,13,"[0.32294489274299887, 0.4620611538839558]",1,-1
8478,[0.46028045 0.52557759],8,18,"[0.4203234088660354, 0.508036417947434]",1,-1
8479,[0.35717191 0.38378399],8,1,"[0.33650952271243567, 0.3695039184549852]",1,-1
8480,[0.35901206 0.49571593],8,13,"[0.32294489274299887, 0.4620611538839558]",1,-1
8481,[0.45054071 0.50842383],8,18,"[0.4203234088660354, 0.508036417947434]",1,-1
8482,[0.41796315 0.53118608],8,18,"[0.4203234088660354, 0.508036417947434]",1,-1
8483,[0.41641089 0.43448413],8,6,"[0.40123478470159024, 0.40656176249784554]",1,-1
8484,[0.42608035 0.46079314],8,18,"[0.4203234088660354, 0.508036417947434]",1,-1
8485,[0.39548713 0.46575874],8,18,"[0.4203234088660354, 0.508036417947434]",1,-1
8486,[0.45598471 0.43442887],8,35,"[0.491626887866141, 0.45015531396212327]",1,-1
8487,[0.38951126 0.53607156],8,18,"[0.4203234088660354, 0.508036417947434]",1,-1
8488,[0.50133373 0.41258569],8,35,"[0.491626887866141, 0.45015531396212327]",1,-1
8489,[0.4054692  0.45378783],8,6,"[0.40123478470159024, 0.40656176249784554]",1,-1
8490,[0.39093462 0.44324201],8,6,"[0.40123478470159024, 0.40656176249784554]",1,-1
8491,[0.32902937 0.36565391],8,1,"[0.33650952271243567, 0.3695039184549852]",1,-1
8492,[0.44533666 0.52192019],8,18,"[0.4203234088660354, 0.508036417947434]",1,-1
8493,[0.38495319 0.57987705],8,25,"[0.38660465276603295, 0.5871767558758164]",1,-1
8494,[0.39197722 0.4919365 ],8,18,"[0.4203234088660354, 0.508036417947434]",1,-1
8495,[0.42239688 0.50202417],8,18,"[0.4203234088660354, 0.508036417947434]",1,-1
8496,[0.38471557 0.45882921],8,6,"[0.40123478470159024, 0.40656176249784554]",1,50
8497,[0.39251312 0.50687613],8,18,"[0.4203234088660354, 0.508036417947434]",1,-1
8498,[0.40632792 0.47675239],8,18,"[0.4203234088660354, 0.508036417947434]",1,-1
8499,[0.42615065 0.48627447],8,18,"[0.4203234088660354, 0.508036417947434]",1,-1
8500,[0.3346949  0.38315922],8,1,"[0.33650952271243567, 0.3695039184549852]",1,-1
8501,[0.36911753 0.5250951 ],8,18,"[0.4203234088660354, 0.508036417947434]",1,-1
8502,[0.34301304 0.40263562],8,1,"[0.33650952271243567, 0.3695039184549852]",1,-1
8503,[0.39156523 0.48510872],8,18,"[0.4203234088660354, 0.508036417947434]",1,-1
8504,[0.35817594 0.53663193],8,25,"[0.38660465276603295, 0.5871767558758164]",1,-1
8505,[0.35535352 0.49865089],8,13,"[0.32294489274299887, 0.4620611538839558]",1,-1
8506,[0.37993247 0.51660573],8,18,"[0.4203234088660354, 0.508036417947434]",1,-1
8507,[0.38260082 0.53133376],8,18,"[0.4203234088660354, 0.508036417947434]",1,-1
8508,[0.42109514 0.4783848 ],8,18,"[0.4203234088660354, 0.508036417947434]",1,-1
8509,[0.39548198 0.57518518],8,25,"[0.38660465276603295, 0.5871767558758164]",1,-1
8510,[0.38874425 0.41378228],8,6,"[0.40123478470159024, 0.40656176249784554]",1,-1
8511,[0.45786168 0.50943503],8,18,"[0.4203234088660354, 0.508036417947434]",1,-1
8512,[0.39935007 0.43050472],8,6,"[0.40123478470159024, 0.40656176249784554]",1,-1
8513,[0.38929463 0.48775464],8,18,"[0.4203234088660354, 0.508036417947434]",1,-1
8514,[0.34492946 0.47746088],8,13,"[0.32294489274299887, 0.4620611538839558]",1,-1
8515,[0.4490907  0.53846968],8,18,"[0.4203234088660354, 0.508036417947434]",1,-1
8516,[0.29310748 0.45972569],8,13,"[0.32294489274299887, 0.4620611538839558]",1,-1
8517,[0.41317177 0.34783   ],8,4,"[0.3937233168939997, 0.29890402186269427]",1,-1
8518,[0.39829113 0.44071604],8,6,"[0.40123478470159024, 0.40656176249784554]",1,-1
8519,[0.36166023 0.47586322],8,13,"[0.32294489274299887, 0.4620611538839558]",1,-1
8520,[0.3981604 0.5625375],8,25,"[0.38660465276603295, 0.5871767558758164]",1,-1
8521,[0.34486172 0.43671822],8,13,"[0.32294489274299887, 0.4620611538839558]",1,-1
8522,[0.37906847 0.44065663],8,6,"[0.40123478470159024, 0.40656176249784554]",1,-1
8523,[0.42592245 0.45062076],8,6,"[0.40123478470159024, 0.40656176249784554]",1,-1
8524,[0.41858066 0.47744462],8,18,"[0.4203234088660354, 0.508036417947434]",1,-1
8525,[0.37392034 0.51589959],8,18,"[0.4203234088660354, 0.508036417947434]",1,-1
8526,[0.39534221 0.5175323 ],8,18,"[0.4203234088660354, 0.508036417947434]",1,-1
8527,[0.38732226 0.49598146],8,18,"[0.4203234088660354, 0.508036417947434]",1,-1
8528,[0.40433263 0.47020834],8,18,"[0.4203234088660354, 0.508036417947434]",1,-1
8529,[0.46791728 0.46140138],8,35,"[0.491626887866141, 0.45015531396212327]",1,-1
8530,[0.30234874 0.54036668],8,44,"[0.30505443145580996, 0.5938366826632161]",1,-1
8531,[0.32503721 0.46477658],8,13,"[0.32294489274299887, 0.4620611538839558]",1,-1
8532,[0.43219287 0.52496583],8,18,"[0.4203234088660354, 0.508036417947434]",1,-1
8533,[0.48151542 0.58251541],8,5,"[0.47989515498241786, 0.6212764114798471]",1,-1
8534,[0.29389634 0.47007664],8,13,"[0.32294489274299887, 0.4620611538839558]",1,-1
8535,[0.28887108 0.46881686],8,13,"[0.32294489274299887, 0.4620611538839558]",1,-1
8536,[0.33183631 0.50946542],8,13,"[0.32294489274299887, 0.4620611538839558]",1,-1
8537,[0.4315625  0.43738771],8,6,"[0.40123478470159024, 0.40656176249784554]",1,-1
8538,[0.33579189 0.58925342],8,44,"[0.30505443145580996, 0.5938366826632161]",1,-1
8539,[0.40145905 0.40918524],8,6,"[0.40123478470159024, 0.40656176249784554]",1,-1
8540,[0.31613343 0.39214131],8,1,"[0.33650952271243567, 0.3695039184549852]",1,-1
8541,[0.36755336 0.40293807],8,6,"[0.40123478470159024, 0.40656176249784554]",1,79
8542,[0.4178921  0.38778535],8,6,"[0.40123478470159024, 0.40656176249784554]",1,-1
8543,[0.39665071 0.55858372],8,25,"[0.38660465276603295, 0.5871767558758164]",1,-1
8544,[0.44055195 0.4479748 ],8,35,"[0.491626887866141, 0.45015531396212327]",1,-1
8545,[0.38155152 0.40926484],8,6,"[0.40123478470159024, 0.40656176249784554]",1,-1
8546,[0.44681998 0.4830251 ],8,18,"[0.4203234088660354, 0.508036417947434]",1,-1
8547,[0.43659895 0.47370146],8,18,"[0.4203234088660354, 0.508036417947434]",1,-1
8548,[0.46162538 0.46634713],8,35,"[0.491626887866141, 0.45015531396212327]",1,-1
8549,[0.34601042 0.5040451 ],8,13,"[0.32294489274299887, 0.4620611538839558]",1,-1
8550,[0.36770182 0.46764527],8,13,"[0.32294489274299887, 0.4620611538839558]",1,-1
8551,[0.4327471  0.41466193],8,6,"[0.40123478470159024, 0.40656176249784554]",1,-1
8552,[0.38366547 0.48989777],8,18,"[0.4203234088660354, 0.508036417947434]",1,-1
8553,[0.38291692 0.53595913],8,18,"[0.4203234088660354, 0.508036417947434]",1,-1
8554,[0.40324888 0.53314025],8,18,"[0.4203234088660354, 0.508036417947434]",1,-1
8555,[0.31251061 0.65237895],8,19,"[0.3585209611110644, 0.671407469606326]",1,-1
8556,[0.43448833 0.4693714 ],8,18,"[0.4203234088660354, 0.508036417947434]",1,-1
8557,[0.3603642 0.4372712],8,13,"[0.32294489274299887, 0.4620611538839558]",1,-1
8558,[0.3377511  0.54274663],8,44,"[0.30505443145580996, 0.5938366826632161]",1,-1
8559,[0.41019973 0.42963869],8,6,"[0.40123478470159024, 0.40656176249784554]",1,-1
8560,[0.4251417  0.44071522],8,6,"[0.40123478470159024, 0.40656176249784554]",1,-1
8561,[0.32422124 0.53594799],8,44,"[0.30505443145580996, 0.5938366826632161]",1,-1
8562,[0.51050426 0.52879897],8,2,"[0.5181425386759565, 0.548951681512668]",1,-1
8563,[0.44800602 0.47040992],8,18,"[0.4203234088660354, 0.508036417947434]",1,-1
8564,[0.43776845 0.43932247],8,6,"[0.40123478470159024, 0.40656176249784554]",1,-1
8565,[0.46825724 0.44546429],8,35,"[0.491626887866141, 0.45015531396212327]",1,-1
8566,[0.30081132 0.5118038 ],8,13,"[0.32294489274299887, 0.4620611538839558]",1,-1
8567,[0.30131564 0.50216587],8,13,"[0.32294489274299887, 0.4620611538839558]",1,-1
8568,[0.43329689 0.44292585],8,6,"[0.40123478470159024, 0.40656176249784554]",1,-1
8569,[0.28401885 0.40139139],8,0,"[0.2473875480073203, 0.39401489827781994]",1,-1
8570,[0.34694773 0.53675225],8,25,"[0.38660465276603295, 0.5871767558758164]",1,-1
8571,[0.38839198 0.49872981],8,18,"[0.4203234088660354, 0.508036417947434]",1,-1
8572,[0.4275948  0.44519117],8,6,"[0.40123478470159024, 0.40656176249784554]",1,-1
8573,[0.40179791 0.40589753],8,6,"[0.40123478470159024, 0.40656176249784554]",1,-1
8574,[0.37623299 0.44732592],8,6,"[0.40123478470159024, 0.40656176249784554]",1,-1
8575,[0.41859725 0.60287276],8,25,"[0.38660465276603295, 0.5871767558758164]",1,-1
8576,[0.36754104 0.51851001],8,18,"[0.4203234088660354, 0.508036417947434]",1,-1
8577,[0.38096332 0.42419255],8,6,"[0.40123478470159024, 0.40656176249784554]",1,-1
8578,[0.365356   0.52398643],8,18,"[0.4203234088660354, 0.508036417947434]",1,-1
8579,[0.50024798 0.48159858],8,35,"[0.491626887866141, 0.45015531396212327]",1,-1
8580,[0.37840808 0.41388231],8,6,"[0.40123478470159024, 0.40656176249784554]",1,-1
8581,[0.39116601 0.4431194 ],8,6,"[0.40123478470159024, 0.40656176249784554]",1,-1
8582,[0.32461251 0.4260323 ],8,13,"[0.32294489274299887, 0.4620611538839558]",1,-1
8583,[0.43063971 0.38538356],8,6,"[0.40123478470159024, 0.40656176249784554]",1,-1
8584,[0.39783444 0.46957199],8,18,"[0.4203234088660354, 0.508036417947434]",1,-1
8585,[0.36124013 0.5177055 ],8,18,"[0.4203234088660354, 0.508036417947434]",1,-1
8586,[0.47264668 0.51872112],8,18,"[0.4203234088660354, 0.508036417947434]",1,49
8587,[0.42924511 0.50319284],8,18,"[0.4203234088660354, 0.508036417947434]",1,-1
8588,[0.33616015 0.42939571],8,13,"[0.32294489274299887, 0.4620611538839558]",1,-1
8589,[0.33835948 0.50431195],8,13,"[0.32294489274299887, 0.4620611538839558]",1,-1
8590,[0.40828452 0.51037095],8,18,"[0.4203234088660354, 0.508036417947434]",1,-1
8591,[0.40296455 0.45073898],8,6,"[0.40123478470159024, 0.40656176249784554]",1,50
8592,[0.37781636 0.4292166 ],8,6,"[0.40123478470159024, 0.40656176249784554]",1,-1
8593,[0.34184301 0.33842448],8,1,"[0.33650952271243567, 0.3695039184549852]",1,-1
8594,[0.40190813 0.46485648],8,18,"[0.4203234088660354, 0.508036417947434]",1,-1
8595,[0.40389399 0.49676097],8,18,"[0.4203234088660354, 0.508036417947434]",1,-1
8596,[0.41744319 0.57478789],8,25,"[0.38660465276603295, 0.5871767558758164]",1,-1
8597,[0.33984923 0.47581072],8,13,"[0.32294489274299887, 0.4620611538839558]",1,-1
8598,[0.36213793 0.47374216],8,13,"[0.32294489274299887, 0.4620611538839558]",1,-1
8599,[0.34447571 0.44828285],8,13,"[0.32294489274299887, 0.4620611538839558]",1,-1
8600,[0.39497483 0.5123515 ],8,18,"[0.4203234088660354, 0.508036417947434]",1,-1
8601,[0.39484604 0.54479742],8,25,"[0.38660465276603295, 0.5871767558758164]",1,-1
8602,[0.32791078 0.53408696],8,44,"[0.30505443145580996, 0.5938366826632161]",1,-1
8603,[0.38242172 0.4138437 ],8,6,"[0.40123478470159024, 0.40656176249784554]",1,-1
8604,[0.41943689 0.45464853],8,6,"[0.40123478470159024, 0.40656176249784554]",1,-1
8605,[0.39105836 0.46719365],8,18,"[0.4203234088660354, 0.508036417947434]",1,-1
8606,[0.39833044 0.48410087],8,18,"[0.4203234088660354, 0.508036417947434]",1,-1
8607,[0.3424682  0.44868634],8,13,"[0.32294489274299887, 0.4620611538839558]",1,-1
8608,[0.39318309 0.33039002],8,4,"[0.3937233168939997, 0.29890402186269427]",1,-1
8609,[0.3750633  0.47749318],8,13,"[0.32294489274299887, 0.4620611538839558]",1,-1
8610,[0.33330211 0.40573666],8,1,"[0.33650952271243567, 0.3695039184549852]",1,-1
8611,[0.43602752 0.32155972],8,4,"[0.3937233168939997, 0.29890402186269427]",1,-1
8612,[0.39256145 0.45921361],8,6,"[0.40123478470159024, 0.40656176249784554]",1,50
8613,[0.31912695 0.41990229],8,13,"[0.32294489274299887, 0.4620611538839558]",1,-1
8614,[0.39212449 0.44112053],8,6,"[0.40123478470159024, 0.40656176249784554]",1,-1
8615,[0.3689186  0.46411423],8,13,"[0.32294489274299887, 0.4620611538839558]",1,-1
8616,[0.4009811  0.42945233],8,6,"[0.40123478470159024, 0.40656176249784554]",1,-1
8617,[0.45004297 0.4137078 ],8,6,"[0.40123478470159024, 0.40656176249784554]",1,-1
8618,[0.37703174 0.49829394],8,18,"[0.4203234088660354, 0.508036417947434]",1,-1
8619,[0.4830381  0.51704485],8,2,"[0.5181425386759565, 0.548951681512668]",1,-1
8620,[0.34306513 0.55534438],8,25,"[0.38660465276603295, 0.5871767558758164]",1,-1
8621,[0.3959699  0.46117855],8,18,"[0.4203234088660354, 0.508036417947434]",1,50
8622,[0.41052976 0.5214175 ],8,18,"[0.4203234088660354, 0.508036417947434]",1,-1
8623,[0.48751111 0.46126262],8,35,"[0.491626887866141, 0.45015531396212327]",1,-1
8624,[0.44871283 0.43557659],8,35,"[0.491626887866141, 0.45015531396212327]",1,-1
8625,[0.37071324 0.51996536],8,18,"[0.4203234088660354, 0.508036417947434]",1,-1
8626,[0.39845716 0.505842  ],8,18,"[0.4203234088660354, 0.508036417947434]",1,-1
8627,[0.40933906 0.56931842],8,25,"[0.38660465276603295, 0.5871767558758164]",1,-1
8628,[0.34288044 0.42453902],8,13,"[0.32294489274299887, 0.4620611538839558]",1,-1
8629,[0.42704001 0.58014627],8,25,"[0.38660465276603295, 0.5871767558758164]",1,-1
8630,[0.38289369 0.40964581],8,6,"[0.40123478470159024, 0.40656176249784554]",1,-1
8631,[0.35191956 0.51561696],8,13,"[0.32294489274299887, 0.4620611538839558]",1,-1
8632,[0.33811548 0.47412878],8,13,"[0.32294489274299887, 0.4620611538839558]",1,-1
8633,[0.48877833 0.5226549 ],8,2,"[0.5181425386759565, 0.548951681512668]",1,-1
8634,[0.41852573 0.51388594],8,18,"[0.4203234088660354, 0.508036417947434]",1,-1
8635,[0.41242385 0.55106921],8,18,"[0.4203234088660354, 0.508036417947434]",1,-1
8636,[0.40298657 0.39836099],8,6,"[0.40123478470159024, 0.40656176249784554]",1,-1
8637,[0.40785643 0.54793371],8,18,"[0.4203234088660354, 0.508036417947434]",1,-1
8638,[0.37514766 0.39355986],8,6,"[0.40123478470159024, 0.40656176249784554]",1,-1
8639,[0.45351531 0.47737247],8,18,"[0.4203234088660354, 0.508036417947434]",1,-1
8640,[0.4543593  0.40665389],8,37,"[0.4780366509520634, 0.3686118735311782]",1,-1
8641,[0.43237075 0.48742993],8,18,"[0.4203234088660354, 0.508036417947434]",1,-1
8642,[0.38444671 0.51848799],8,18,"[0.4203234088660354, 0.508036417947434]",1,-1
8643,[0.27431272 0.42338978],8,0,"[0.2473875480073203, 0.39401489827781994]",1,53
8644,[0.39820981 0.46332737],8,18,"[0.4203234088660354, 0.508036417947434]",1,-1
8645,[0.30429053 0.48803364],8,13,"[0.32294489274299887, 0.4620611538839558]",1,-1
8646,[0.36028526 0.49484224],8,13,"[0.32294489274299887, 0.4620611538839558]",1,-1
8647,[0.46756413 0.47710427],8,35,"[0.491626887866141, 0.45015531396212327]",1,-1
8648,[0.43299691 0.58160678],8,25,"[0.38660465276603295, 0.5871767558758164]",1,60
8649,[0.47250869 0.5108793 ],8,18,"[0.4203234088660354, 0.508036417947434]",1,-1
8650,[0.38678144 0.50402097],8,18,"[0.4203234088660354, 0.508036417947434]",1,-1
8651,[0.44198985 0.4861428 ],8,18,"[0.4203234088660354, 0.508036417947434]",1,-1
8652,[0.36069291 0.52559886],8,18,"[0.4203234088660354, 0.508036417947434]",1,-1
8653,[0.40473041 0.5096228 ],8,18,"[0.4203234088660354, 0.508036417947434]",1,-1
8654,[0.35736771 0.49913603],8,13,"[0.32294489274299887, 0.4620611538839558]",1,-1
8655,[0.28071922 0.42494808],8,0,"[0.2473875480073203, 0.39401489827781994]",1,-1
8656,[0.39779089 0.40612361],8,6,"[0.40123478470159024, 0.40656176249784554]",1,-1
8657,[0.37529096 0.43205071],8,6,"[0.40123478470159024, 0.40656176249784554]",1,-1
8658,[0.51979469 0.47115034],8,35,"[0.491626887866141, 0.45015531396212327]",1,-1
8659,[0.43238444 0.39270592],8,6,"[0.40123478470159024, 0.40656176249784554]",1,-1
8660,[0.41672749 0.4467957 ],8,6,"[0.40123478470159024, 0.40656176249784554]",1,-1
8661,[0.44258437 0.44341868],8,35,"[0.491626887866141, 0.45015531396212327]",1,-1
8662,[0.44035411 0.47550579],8,18,"[0.4203234088660354, 0.508036417947434]",1,-1
8663,[0.52079319 0.52795406],8,2,"[0.5181425386759565, 0.548951681512668]",1,-1
8664,[0.37945687 0.49460173],8,18,"[0.4203234088660354, 0.508036417947434]",1,-1
8665,[0.35506146 0.53303997],8,25,"[0.38660465276603295, 0.5871767558758164]",1,-1
8666,[0.46544412 0.54721412],8,2,"[0.5181425386759565, 0.548951681512668]",1,-1
8667,[0.38458837 0.47416217],8,18,"[0.4203234088660354, 0.508036417947434]",1,-1
8668,[0.4629324  0.52464999],8,18,"[0.4203234088660354, 0.508036417947434]",1,-1
8669,[0.32739639 0.53136712],8,44,"[0.30505443145580996, 0.5938366826632161]",1,-1
8670,[0.3322827  0.49656538],8,13,"[0.32294489274299887, 0.4620611538839558]",1,-1
8671,[0.40440621 0.4052487 ],8,6,"[0.40123478470159024, 0.40656176249784554]",1,-1
8672,[0.37177329 0.45968345],8,13,"[0.32294489274299887, 0.4620611538839558]",1,-1
8673,[0.39207723 0.4441757 ],8,6,"[0.40123478470159024, 0.40656176249784554]",1,-1
8674,[0.36704817 0.46903575],8,13,"[0.32294489274299887, 0.4620611538839558]",1,-1
8675,[0.43211762 0.48938338],8,18,"[0.4203234088660354, 0.508036417947434]",1,-1
8676,[0.42473768 0.46597467],8,18,"[0.4203234088660354, 0.508036417947434]",1,-1
8677,[0.44655795 0.49658382],8,18,"[0.4203234088660354, 0.508036417947434]",1,-1
8678,[0.35795882 0.47154554],8,13,"[0.32294489274299887, 0.4620611538839558]",1,-1
8679,[0.44873857 0.50597159],8,18,"[0.4203234088660354, 0.508036417947434]",1,-1
8680,[0.38545917 0.54468911],8,25,"[0.38660465276603295, 0.5871767558758164]",1,-1
8681,[0.37867727 0.44643331],8,6,"[0.40123478470159024, 0.40656176249784554]",1,-1
8682,[0.4005824  0.57675892],8,25,"[0.38660465276603295, 0.5871767558758164]",1,-1
8683,[0.35840249 0.45088826],8,13,"[0.32294489274299887, 0.4620611538839558]",1,-1
8684,[0.38656363 0.49422385],8,18,"[0.4203234088660354, 0.508036417947434]",1,-1
8685,[0.30740648 0.52281348],8,13,"[0.32294489274299887, 0.4620611538839558]",1,-1
8686,[0.43778616 0.4461652 ],8,6,"[0.40123478470159024, 0.40656176249784554]",1,-1
8687,[0.42066625 0.47550615],8,18,"[0.4203234088660354, 0.508036417947434]",1,-1
8688,[0.41714838 0.48169423],8,18,"[0.4203234088660354, 0.508036417947434]",1,-1
8689,[0.45495637 0.52107542],8,18,"[0.4203234088660354, 0.508036417947434]",1,-1
8690,[0.3721377  0.50710504],8,18,"[0.4203234088660354, 0.508036417947434]",1,-1
8691,[0.34577261 0.48873399],8,13,"[0.32294489274299887, 0.4620611538839558]",1,-1
8692,[0.35895067 0.43790158],8,13,"[0.32294489274299887, 0.4620611538839558]",1,-1
8693,[0.41867884 0.45637928],8,18,"[0.4203234088660354, 0.508036417947434]",1,-1
8694,[0.38670029 0.49491763],8,18,"[0.4203234088660354, 0.508036417947434]",1,-1
8695,[0.33978173 0.46334482],8,13,"[0.32294489274299887, 0.4620611538839558]",1,-1
8696,[0.41724342 0.46428089],8,18,"[0.4203234088660354, 0.508036417947434]",1,-1
8697,[0.37024698 0.50263645],8,18,"[0.4203234088660354, 0.508036417947434]",1,-1
8698,[0.56548615 0.39618628],8,27,"[0.5866068271601823, 0.4386408725933068]",1,-1
8699,[0.39578164 0.43800779],8,6,"[0.40123478470159024, 0.40656176249784554]",1,-1
8700,[0.43689502 0.49491436],8,18,"[0.4203234088660354, 0.508036417947434]",1,-1
8701,[0.37622629 0.52274544],8,18,"[0.4203234088660354, 0.508036417947434]",1,-1
8702,[0.35119193 0.46380733],8,13,"[0.32294489274299887, 0.4620611538839558]",1,-1
8703,[0.4181006  0.41539361],8,6,"[0.40123478470159024, 0.40656176249784554]",1,-1
8704,[0.42545101 0.49078377],8,18,"[0.4203234088660354, 0.508036417947434]",1,-1
8705,[0.42383236 0.46455054],8,18,"[0.4203234088660354, 0.508036417947434]",1,-1
8706,[0.46893639 0.58433896],8,5,"[0.47989515498241786, 0.6212764114798471]",1,-1
8707,[0.43617703 0.47193489],8,18,"[0.4203234088660354, 0.508036417947434]",1,-1
8708,[0.41013955 0.52055238],8,18,"[0.4203234088660354, 0.508036417947434]",1,-1
8709,[0.45274416 0.50435258],8,18,"[0.4203234088660354, 0.508036417947434]",1,-1
8710,[0.36835917 0.40963193],8,6,"[0.40123478470159024, 0.40656176249784554]",1,-1
8711,[0.39624282 0.47911097],8,18,"[0.4203234088660354, 0.508036417947434]",1,-1
8712,[0.34697572 0.4769995 ],8,13,"[0.32294489274299887, 0.4620611538839558]",1,-1
8713,[0.4156441  0.48308695],8,18,"[0.4203234088660354, 0.508036417947434]",1,-1
8714,[0.34647384 0.48529738],8,13,"[0.32294489274299887, 0.4620611538839558]",1,-1
8715,[0.25356153 0.49055186],8,17,"[0.19949257984775934, 0.47737458183782433]",1,-1
8716,[0.41152249 0.37381569],8,6,"[0.40123478470159024, 0.40656176249784554]",1,-1
8717,[0.32361257 0.48756362],8,13,"[0.32294489274299887, 0.4620611538839558]",1,-1
8718,[0.39085438 0.48520962],8,18,"[0.4203234088660354, 0.508036417947434]",1,-1
8719,[0.3413623  0.49781548],8,13,"[0.32294489274299887, 0.4620611538839558]",1,-1
8720,[0.37382137 0.47865584],8,13,"[0.32294489274299887, 0.4620611538839558]",1,-1
8721,[0.4349304  0.47378345],8,18,"[0.4203234088660354, 0.508036417947434]",1,-1
8722,[0.3783812  0.52315902],8,18,"[0.4203234088660354, 0.508036417947434]",1,-1
8723,[0.48129739 0.37666835],8,37,"[0.4780366509520634, 0.3686118735311782]",1,-1
8724,[0.37502757 0.46874943],8,13,"[0.32294489274299887, 0.4620611538839558]",1,-1
8725,[0.33800325 0.45790089],8,13,"[0.32294489274299887, 0.4620611538839558]",1,-1
8726,[0.38192419 0.41533152],8,6,"[0.40123478470159024, 0.40656176249784554]",1,-1
8727,[0.43612793 0.46701217],8,18,"[0.4203234088660354, 0.508036417947434]",1,-1
8728,[0.39060447 0.5256179 ],8,18,"[0.4203234088660354, 0.508036417947434]",1,-1
8729,[0.36684333 0.50274749],8,18,"[0.4203234088660354, 0.508036417947434]",1,-1
8730,[0.39033462 0.51265939],8,18,"[0.4203234088660354, 0.508036417947434]",1,-1
8731,[0.44042176 0.44146243],8,35,"[0.491626887866141, 0.45015531396212327]",1,-1
8732,[0.41588286 0.48807387],8,18,"[0.4203234088660354, 0.508036417947434]",1,-1
8733,[0.37594034 0.40493516],8,6,"[0.40123478470159024, 0.40656176249784554]",1,79
8734,[0.46567905 0.54856498],8,2,"[0.5181425386759565, 0.548951681512668]",1,-1
8735,[0.45004149 0.52123795],8,18,"[0.4203234088660354, 0.508036417947434]",1,-1
8736,[0.37770303 0.43850188],8,6,"[0.40123478470159024, 0.40656176249784554]",1,-1
8737,[0.45940661 0.4571985 ],8,35,"[0.491626887866141, 0.45015531396212327]",1,-1
8738,[0.3566889  0.45251004],8,13,"[0.32294489274299887, 0.4620611538839558]",1,-1
8739,[0.44656959 0.44031151],8,35,"[0.491626887866141, 0.45015531396212327]",1,-1
8740,[0.2777283  0.62681909],8,40,"[0.24325605379412626, 0.6063462149687255]",1,-1
8741,[0.44670568 0.50632974],8,18,"[0.4203234088660354, 0.508036417947434]",1,-1
8742,[0.40726725 0.48244415],8,18,"[0.4203234088660354, 0.508036417947434]",1,-1
8743,[0.44867525 0.47812629],8,18,"[0.4203234088660354, 0.508036417947434]",1,-1
8744,[0.41217272 0.54233554],8,18,"[0.4203234088660354, 0.508036417947434]",1,-1
8745,[0.34488149 0.48570133],8,13,"[0.32294489274299887, 0.4620611538839558]",1,-1
8746,[0.40629116 0.47101202],8,18,"[0.4203234088660354, 0.508036417947434]",1,-1
8747,[0.40434954 0.47900742],8,18,"[0.4203234088660354, 0.508036417947434]",1,-1
8748,[0.29098649 0.38734975],8,0,"[0.2473875480073203, 0.39401489827781994]",1,59
8749,[0.44198526 0.30392871],8,4,"[0.3937233168939997, 0.29890402186269427]",1,-1
8750,[0.32351859 0.46237138],8,13,"[0.32294489274299887, 0.4620611538839558]",1,-1
8751,[0.43499345 0.48741894],8,18,"[0.4203234088660354, 0.508036417947434]",1,-1
8752,[0.39269197 0.43654386],8,6,"[0.40123478470159024, 0.40656176249784554]",1,-1
8753,[0.3467181  0.45983459],8,13,"[0.32294489274299887, 0.4620611538839558]",1,-1
8754,[0.38226897 0.46452767],8,18,"[0.4203234088660354, 0.508036417947434]",1,-1
8755,[0.43006581 0.4771272 ],8,18,"[0.4203234088660354, 0.508036417947434]",1,-1
8756,[0.41928363 0.4974765 ],8,18,"[0.4203234088660354, 0.508036417947434]",1,-1
8757,[0.34160572 0.4658027 ],8,13,"[0.32294489274299887, 0.4620611538839558]",1,-1
8758,[0.46668407 0.48777623],8,35,"[0.491626887866141, 0.45015531396212327]",1,-1
8759,[0.42855585 0.47590692],8,18,"[0.4203234088660354, 0.508036417947434]",1,-1
8760,[0.45726979 0.51085704],8,18,"[0.4203234088660354, 0.508036417947434]",1,-1
8761,[0.35091574 0.48855544],8,13,"[0.32294489274299887, 0.4620611538839558]",1,-1
8762,[0.35868976 0.41622331],8,6,"[0.40123478470159024, 0.40656176249784554]",1,-1
8763,[0.36259402 0.38940305],8,1,"[0.33650952271243567, 0.3695039184549852]",1,-1
8764,[0.43271418 0.51449923],8,18,"[0.4203234088660354, 0.508036417947434]",1,-1
8765,[0.43018981 0.44045341],8,6,"[0.40123478470159024, 0.40656176249784554]",1,-1
8766,[0.4383881  0.40748186],8,6,"[0.40123478470159024, 0.40656176249784554]",1,-1
8767,[0.32967352 0.54329017],8,44,"[0.30505443145580996, 0.5938366826632161]",1,-1
8768,[0.43375824 0.52373749],8,18,"[0.4203234088660354, 0.508036417947434]",1,-1
8769,[0.39457633 0.53261873],8,18,"[0.4203234088660354, 0.508036417947434]",1,-1
8770,[0.46837712 0.50315864],8,18,"[0.4203234088660354, 0.508036417947434]",1,-1
8771,[0.44805189 0.51121412],8,18,"[0.4203234088660354, 0.508036417947434]",1,-1
8772,[0.34737956 0.46687389],8,13,"[0.32294489274299887, 0.4620611538839558]",1,-1
8773,[0.42817727 0.44844151],8,6,"[0.40123478470159024, 0.40656176249784554]",1,-1
8774,[0.36765462 0.47401735],8,13,"[0.32294489274299887, 0.4620611538839558]",1,-1
8775,[0.37549674 0.47755632],8,18,"[0.4203234088660354, 0.508036417947434]",1,-1
8776,[0.39797413 0.43142715],8,6,"[0.40123478470159024, 0.40656176249784554]",1,-1
8777,[0.35187056 0.46713848],8,13,"[0.32294489274299887, 0.4620611538839558]",1,-1
8778,[0.35974906 0.5652899 ],8,25,"[0.38660465276603295, 0.5871767558758164]",1,-1
8779,[0.4306075  0.40954367],8,6,"[0.40123478470159024, 0.40656176249784554]",1,-1
8780,[0.38102236 0.52316606],8,18,"[0.4203234088660354, 0.508036417947434]",1,-1
8781,[0.26022771 0.42101788],8,0,"[0.2473875480073203, 0.39401489827781994]",1,-1
8782,[0.43238803 0.4907158 ],8,18,"[0.4203234088660354, 0.508036417947434]",1,-1
8783,[0.40567425 0.46938969],8,18,"[0.4203234088660354, 0.508036417947434]",1,-1
8784,[0.40133089 0.54283495],8,18,"[0.4203234088660354, 0.508036417947434]",1,-1
8785,[0.47586835 0.50348026],8,35,"[0.491626887866141, 0.45015531396212327]",1,-1
8786,[0.31953761 0.47201614],8,13,"[0.32294489274299887, 0.4620611538839558]",1,-1
8787,[0.42701958 0.50401955],8,18,"[0.4203234088660354, 0.508036417947434]",1,-1
8788,[0.3607515  0.43046936],8,6,"[0.40123478470159024, 0.40656176249784554]",1,-1
8789,[0.3750794  0.45725425],8,13,"[0.32294489274299887, 0.4620611538839558]",1,-1
8790,[0.39967271 0.52256161],8,18,"[0.4203234088660354, 0.508036417947434]",1,-1
8791,[0.36147177 0.44318177],8,13,"[0.32294489274299887, 0.4620611538839558]",1,-1
8792,[0.40876126 0.47924155],8,18,"[0.4203234088660354, 0.508036417947434]",1,-1
8793,[0.48527463 0.41355695],8,35,"[0.491626887866141, 0.45015531396212327]",1,-1
8794,[0.31798614 0.46286926],8,13,"[0.32294489274299887, 0.4620611538839558]",1,-1
8795,[0.46492859 0.40273404],8,37,"[0.4780366509520634, 0.3686118735311782]",1,-1
8796,[0.51801547 0.47728042],8,35,"[0.491626887866141, 0.45015531396212327]",1,-1
8797,[0.40263217 0.52611522],8,18,"[0.4203234088660354, 0.508036417947434]",1,-1
8798,[0.33242144 0.45433632],8,13,"[0.32294489274299887, 0.4620611538839558]",1,-1
8799,[0.45802562 0.45457173],8,35,"[0.491626887866141, 0.45015531396212327]",1,-1
8800,[0.38116442 0.37207295],8,6,"[0.40123478470159024, 0.40656176249784554]",1,-1
8801,[0.40382656 0.48636109],8,18,"[0.4203234088660354, 0.508036417947434]",1,-1
8802,[0.44547277 0.53734822],8,18,"[0.4203234088660354, 0.508036417947434]",1,-1
8803,[0.34922327 0.44378304],8,13,"[0.32294489274299887, 0.4620611538839558]",1,-1
8804,[0.39090018 0.52830793],8,18,"[0.4203234088660354, 0.508036417947434]",1,-1
8805,[0.31771983 0.54708071],8,44,"[0.30505443145580996, 0.5938366826632161]",1,-1
8806,[0.39867409 0.49719261],8,18,"[0.4203234088660354, 0.508036417947434]",1,-1
8807,[0.33073826 0.54866918],8,44,"[0.30505443145580996, 0.5938366826632161]",1,-1
8808,[0.35738933 0.42809412],8,13,"[0.32294489274299887, 0.4620611538839558]",1,-1
8809,[0.43497052 0.41882071],8,6,"[0.40123478470159024, 0.40656176249784554]",1,-1
8810,[0.37717505 0.43518446],8,6,"[0.40123478470159024, 0.40656176249784554]",1,-1
8811,[0.44819327 0.58084151],8,5,"[0.47989515498241786, 0.6212764114798471]",1,-1
8812,[0.47857387 0.49474912],8,35,"[0.491626887866141, 0.45015531396212327]",1,-1
8813,[0.42340367 0.46677236],8,18,"[0.4203234088660354, 0.508036417947434]",1,-1
8814,[0.32007871 0.53538572],8,44,"[0.30505443145580996, 0.5938366826632161]",1,-1
8815,[0.41531992 0.49548663],8,18,"[0.4203234088660354, 0.508036417947434]",1,-1
8816,[0.34091981 0.53265835],8,-1,-1,1,-1
8817,[0.36310578 0.50325223],8,18,"[0.4203234088660354, 0.508036417947434]",1,-1
8818,[0.40404421 0.45545361],8,6,"[0.40123478470159024, 0.40656176249784554]",1,-1
8819,[0.42482808 0.42289408],8,6,"[0.40123478470159024, 0.40656176249784554]",1,-1
8820,[0.44069447 0.49028991],8,18,"[0.4203234088660354, 0.508036417947434]",1,-1
8821,[0.32346447 0.29391472],8,7,"[0.2880919156697789, 0.2889500356712737]",1,-1
8822,[0.42070393 0.47090256],8,18,"[0.4203234088660354, 0.508036417947434]",1,-1
8823,[0.36053537 0.47726149],8,13,"[0.32294489274299887, 0.4620611538839558]",1,-1
8824,[0.4059486  0.47333291],8,18,"[0.4203234088660354, 0.508036417947434]",1,-1
8825,[0.34757306 0.45255626],8,13,"[0.32294489274299887, 0.4620611538839558]",1,-1
8826,[0.37311957 0.53553308],8,25,"[0.38660465276603295, 0.5871767558758164]",1,-1
8827,[0.33900949 0.48174383],8,13,"[0.32294489274299887, 0.4620611538839558]",1,-1
8828,[0.25141252 0.49172343],8,17,"[0.19949257984775934, 0.47737458183782433]",1,-1
8829,[0.41938186 0.51455443],8,18,"[0.4203234088660354, 0.508036417947434]",1,-1
8830,[0.45772267 0.50278787],8,18,"[0.4203234088660354, 0.508036417947434]",1,-1
8831,[0.4056814 0.5066069],8,18,"[0.4203234088660354, 0.508036417947434]",1,-1
8832,[0.51058655 0.41992505],8,35,"[0.491626887866141, 0.45015531396212327]",1,8
8833,[0.38583717 0.5288476 ],8,18,"[0.4203234088660354, 0.508036417947434]",1,-1
8834,[0.35088857 0.45841029],8,13,"[0.32294489274299887, 0.4620611538839558]",1,-1
8835,[0.43095293 0.40263729],8,6,"[0.40123478470159024, 0.40656176249784554]",1,-1
8836,[0.36211934 0.49485726],8,13,"[0.32294489274299887, 0.4620611538839558]",1,-1
8837,[0.45388637 0.49979004],8,18,"[0.4203234088660354, 0.508036417947434]",1,-1
8838,[0.37905471 0.38277795],8,6,"[0.40123478470159024, 0.40656176249784554]",1,78
8839,[0.3868832  0.45684508],8,6,"[0.40123478470159024, 0.40656176249784554]",1,50
8840,[0.39584397 0.44421102],8,6,"[0.40123478470159024, 0.40656176249784554]",1,-1
8841,[0.36539001 0.48968033],8,13,"[0.32294489274299887, 0.4620611538839558]",1,-1
8842,[0.38006339 0.51828943],8,18,"[0.4203234088660354, 0.508036417947434]",1,-1
8843,[0.36068841 0.4873951 ],8,13,"[0.32294489274299887, 0.4620611538839558]",1,-1
8844,[0.40100656 0.42230151],8,6,"[0.40123478470159024, 0.40656176249784554]",1,-1
8845,[0.34396257 0.50425435],8,13,"[0.32294489274299887, 0.4620611538839558]",1,-1
8846,[0.3577011  0.44190651],8,13,"[0.32294489274299887, 0.4620611538839558]",1,-1
8847,[0.45829484 0.44794353],8,35,"[0.491626887866141, 0.45015531396212327]",1,-1
8848,[0.30193947 0.49998974],8,13,"[0.32294489274299887, 0.4620611538839558]",1,-1
8849,[0.36811745 0.39800089],8,6,"[0.40123478470159024, 0.40656176249784554]",1,-1
8850,[0.32163754 0.46237038],8,13,"[0.32294489274299887, 0.4620611538839558]",1,-1
8851,[0.39288741 0.49842406],8,18,"[0.4203234088660354, 0.508036417947434]",1,-1
8852,[0.44027106 0.43882291],8,6,"[0.40123478470159024, 0.40656176249784554]",1,-1
8853,[0.40684175 0.46183641],8,18,"[0.4203234088660354, 0.508036417947434]",1,-1
8854,[0.4155164  0.50086085],8,18,"[0.4203234088660354, 0.508036417947434]",1,-1
8855,[0.31738972 0.49591074],8,13,"[0.32294489274299887, 0.4620611538839558]",1,-1
8856,[0.38181493 0.48448041],8,18,"[0.4203234088660354, 0.508036417947434]",1,-1
8857,[0.38176656 0.47148321],8,18,"[0.4203234088660354, 0.508036417947434]",1,-1
8858,[0.4214122  0.44444725],8,6,"[0.40123478470159024, 0.40656176249784554]",1,-1
8859,[0.47085676 0.48912038],8,35,"[0.491626887866141, 0.45015531396212327]",1,-1
8860,[0.29625279 0.55798736],8,44,"[0.30505443145580996, 0.5938366826632161]",1,-1
8861,[0.4672976 0.3533004],8,37,"[0.4780366509520634, 0.3686118735311782]",1,-1
8862,[0.41631034 0.42463208],8,6,"[0.40123478470159024, 0.40656176249784554]",1,-1
8863,[0.44887997 0.48340897],8,18,"[0.4203234088660354, 0.508036417947434]",1,-1
8864,[0.38061259 0.50909381],8,18,"[0.4203234088660354, 0.508036417947434]",1,-1
8865,[0.40456663 0.4131918 ],8,6,"[0.40123478470159024, 0.40656176249784554]",1,-1
8866,[0.30661726 0.47565628],8,13,"[0.32294489274299887, 0.4620611538839558]",1,-1
8867,[0.3766387  0.50959444],8,18,"[0.4203234088660354, 0.508036417947434]",1,-1
8868,[0.37929457 0.53806437],8,25,"[0.38660465276603295, 0.5871767558758164]",1,-1
8869,[0.35137242 0.49061113],8,13,"[0.32294489274299887, 0.4620611538839558]",1,-1
8870,[0.49772618 0.46472881],8,35,"[0.491626887866141, 0.45015531396212327]",1,-1
8871,[0.36196    0.46051521],8,13,"[0.32294489274299887, 0.4620611538839558]",1,-1
8872,[0.3328824  0.43384656],8,13,"[0.32294489274299887, 0.4620611538839558]",1,-1
8873,[0.35187676 0.48696376],8,13,"[0.32294489274299887, 0.4620611538839558]",1,-1
8874,[0.42459471 0.55863637],8,25,"[0.38660465276603295, 0.5871767558758164]",1,-1
8875,[0.43494166 0.47156449],8,18,"[0.4203234088660354, 0.508036417947434]",1,-1
8876,[0.38414741 0.49502005],8,18,"[0.4203234088660354, 0.508036417947434]",1,-1
8877,[0.37440211 0.49699098],8,18,"[0.4203234088660354, 0.508036417947434]",1,-1
8878,[0.32972202 0.56395877],8,44,"[0.30505443145580996, 0.5938366826632161]",1,-1
8879,[0.43968792 0.49675848],8,18,"[0.4203234088660354, 0.508036417947434]",1,-1
8880,[0.43757622 0.47478929],8,18,"[0.4203234088660354, 0.508036417947434]",1,-1
8881,[0.43538095 0.48479444],8,18,"[0.4203234088660354, 0.508036417947434]",1,-1
8882,[0.44952446 0.43731457],8,35,"[0.491626887866141, 0.45015531396212327]",1,-1
8883,[0.39423263 0.54282023],8,18,"[0.4203234088660354, 0.508036417947434]",1,-1
8884,[0.35872993 0.47883257],8,13,"[0.32294489274299887, 0.4620611538839558]",1,-1
8885,[0.34977683 0.42878769],8,13,"[0.32294489274299887, 0.4620611538839558]",1,-1
8886,[0.40567613 0.51368649],8,18,"[0.4203234088660354, 0.508036417947434]",1,-1
8887,[0.43565389 0.41789622],8,6,"[0.40123478470159024, 0.40656176249784554]",1,-1
8888,[0.38302599 0.47701153],8,18,"[0.4203234088660354, 0.508036417947434]",1,-1
8889,[0.416554   0.39067414],8,6,"[0.40123478470159024, 0.40656176249784554]",1,-1
8890,[0.40435202 0.46731616],8,18,"[0.4203234088660354, 0.508036417947434]",1,-1
8891,[0.46186955 0.44144138],8,35,"[0.491626887866141, 0.45015531396212327]",1,-1
8892,[0.39151113 0.49523136],8,18,"[0.4203234088660354, 0.508036417947434]",1,-1
8893,[0.43543363 0.56986831],8,25,"[0.38660465276603295, 0.5871767558758164]",1,-1
8894,[0.38795939 0.44272505],8,6,"[0.40123478470159024, 0.40656176249784554]",1,-1
8895,[0.40991563 0.35331731],8,6,"[0.40123478470159024, 0.40656176249784554]",1,-1
8896,[0.34968752 0.54283772],8,25,"[0.38660465276603295, 0.5871767558758164]",1,-1
8897,[0.31025227 0.58395092],8,44,"[0.30505443145580996, 0.5938366826632161]",1,-1
8898,[0.35388868 0.49632591],8,13,"[0.32294489274299887, 0.4620611538839558]",1,-1
8899,[0.3966561  0.52365964],8,18,"[0.4203234088660354, 0.508036417947434]",1,-1
8900,[0.38578745 0.35933962],8,6,"[0.40123478470159024, 0.40656176249784554]",1,73
8901,[0.35894296 0.40323391],8,1,"[0.33650952271243567, 0.3695039184549852]",1,-1
8902,[0.28394637 0.46475082],8,13,"[0.32294489274299887, 0.4620611538839558]",1,-1
8903,[0.45443365 0.40492833],8,37,"[0.4780366509520634, 0.3686118735311782]",1,-1
8904,[0.35813007 0.4550563 ],8,13,"[0.32294489274299887, 0.4620611538839558]",1,-1
8905,[0.36204252 0.41817877],8,6,"[0.40123478470159024, 0.40656176249784554]",1,-1
8906,[0.37383101 0.46576126],8,13,"[0.32294489274299887, 0.4620611538839558]",1,-1
8907,[0.46078273 0.47208986],8,35,"[0.491626887866141, 0.45015531396212327]",1,-1
8908,[0.37719725 0.4365586 ],8,6,"[0.40123478470159024, 0.40656176249784554]",1,-1
8909,[0.35734651 0.50692756],8,13,"[0.32294489274299887, 0.4620611538839558]",1,-1
8910,[0.4264174  0.45764476],8,18,"[0.4203234088660354, 0.508036417947434]",1,-1
8911,[0.40651395 0.48164348],8,18,"[0.4203234088660354, 0.508036417947434]",1,-1
8912,[0.38819324 0.51035027],8,18,"[0.4203234088660354, 0.508036417947434]",1,-1
8913,[0.3458585  0.51937418],8,13,"[0.32294489274299887, 0.4620611538839558]",1,-1
8914,[0.41161509 0.474696  ],8,18,"[0.4203234088660354, 0.508036417947434]",1,-1
8915,[0.31115052 0.53038854],8,44,"[0.30505443145580996, 0.5938366826632161]",1,-1
8916,[0.39015607 0.48317762],8,18,"[0.4203234088660354, 0.508036417947434]",1,-1
8917,[0.2851122  0.47692446],8,13,"[0.32294489274299887, 0.4620611538839558]",1,-1
8918,[0.39213041 0.50777042],8,18,"[0.4203234088660354, 0.508036417947434]",1,-1
8919,[0.38564656 0.41260635],8,6,"[0.40123478470159024, 0.40656176249784554]",1,-1
8920,[0.4477735  0.54213293],8,18,"[0.4203234088660354, 0.508036417947434]",1,-1
8921,[0.48301108 0.56226861],8,2,"[0.5181425386759565, 0.548951681512668]",1,-1
8922,[0.40742496 0.44806386],8,6,"[0.40123478470159024, 0.40656176249784554]",1,50
8923,[0.36051485 0.53905398],8,25,"[0.38660465276603295, 0.5871767558758164]",1,-1
8924,[0.33171958 0.62367685],8,44,"[0.30505443145580996, 0.5938366826632161]",1,-1
8925,[0.38157969 0.49895623],8,18,"[0.4203234088660354, 0.508036417947434]",1,-1
8926,[0.48555284 0.48408078],8,35,"[0.491626887866141, 0.45015531396212327]",1,-1
8927,[0.3164406 0.5179877],8,13,"[0.32294489274299887, 0.4620611538839558]",1,-1
8928,[0.3967256  0.51229055],8,18,"[0.4203234088660354, 0.508036417947434]",1,-1
8929,[0.44211011 0.45206889],8,35,"[0.491626887866141, 0.45015531396212327]",1,-1
8930,[0.35802351 0.43536252],8,13,"[0.32294489274299887, 0.4620611538839558]",1,-1
8931,[0.39461177 0.48639822],8,18,"[0.4203234088660354, 0.508036417947434]",1,-1
8932,[0.41558516 0.47120902],8,18,"[0.4203234088660354, 0.508036417947434]",1,-1
8933,[0.36214317 0.43483998],8,13,"[0.32294489274299887, 0.4620611538839558]",1,-1
8934,[0.45100193 0.50318182],8,18,"[0.4203234088660354, 0.508036417947434]",1,-1
8935,[0.42039008 0.56474029],8,25,"[0.38660465276603295, 0.5871767558758164]",1,-1
8936,[0.34707405 0.42833763],8,13,"[0.32294489274299887, 0.4620611538839558]",1,-1
8937,[0.39657897 0.47339563],8,18,"[0.4203234088660354, 0.508036417947434]",1,-1
8938,[0.42437544 0.4670588 ],8,18,"[0.4203234088660354, 0.508036417947434]",1,-1
8939,[0.33811616 0.42531172],8,13,"[0.32294489274299887, 0.4620611538839558]",1,-1
8940,[0.40311852 0.5676959 ],8,25,"[0.38660465276603295, 0.5871767558758164]",1,-1
8941,[0.32136193 0.37043306],8,1,"[0.33650952271243567, 0.3695039184549852]",1,-1
8942,[0.42195565 0.51286538],8,18,"[0.4203234088660354, 0.508036417947434]",1,-1
8943,[0.48719623 0.42762799],8,35,"[0.491626887866141, 0.45015531396212327]",1,-1
8944,[0.45373176 0.48018331],8,18,"[0.4203234088660354, 0.508036417947434]",1,-1
8945,[0.35571639 0.54748117],8,25,"[0.38660465276603295, 0.5871767558758164]",1,-1
8946,[0.3511176 0.5070745],8,13,"[0.32294489274299887, 0.4620611538839558]",1,-1
8947,[0.34717925 0.43046323],8,13,"[0.32294489274299887, 0.4620611538839558]",1,-1
8948,[0.36561553 0.53230743],8,25,"[0.38660465276603295, 0.5871767558758164]",1,-1
8949,[0.42362955 0.52096105],8,18,"[0.4203234088660354, 0.508036417947434]",1,-1
8950,[0.52806119 0.5192117 ],8,2,"[0.5181425386759565, 0.548951681512668]",1,-1
8951,[0.40968419 0.50101439],8,18,"[0.4203234088660354, 0.508036417947434]",1,-1
8952,[0.34853745 0.49799266],8,13,"[0.32294489274299887, 0.4620611538839558]",1,-1
8953,[0.38849847 0.51300771],8,18,"[0.4203234088660354, 0.508036417947434]",1,-1
8954,[0.32505632 0.4991382 ],8,13,"[0.32294489274299887, 0.4620611538839558]",1,-1
8955,[0.38121817 0.39924632],8,6,"[0.40123478470159024, 0.40656176249784554]",1,79
8956,[0.41621837 0.51106261],8,18,"[0.4203234088660354, 0.508036417947434]",1,-1
8957,[0.37972813 0.44822739],8,6,"[0.40123478470159024, 0.40656176249784554]",1,-1
8958,[0.42834279 0.40802816],8,6,"[0.40123478470159024, 0.40656176249784554]",1,-1
8959,[0.41661027 0.40588515],8,6,"[0.40123478470159024, 0.40656176249784554]",1,-1
8960,[0.41020228 0.46732477],8,18,"[0.4203234088660354, 0.508036417947434]",1,-1
8961,[0.31669812 0.41934251],8,13,"[0.32294489274299887, 0.4620611538839558]",1,-1
8962,[0.41392466 0.46558273],8,18,"[0.4203234088660354, 0.508036417947434]",1,-1
8963,[0.42467335 0.52200364],8,18,"[0.4203234088660354, 0.508036417947434]",1,-1
8964,[0.37732509 0.46295749],8,13,"[0.32294489274299887, 0.4620611538839558]",1,-1
8965,[0.37301182 0.44213943],8,6,"[0.40123478470159024, 0.40656176249784554]",1,-1
8966,[0.32666429 0.57073785],8,44,"[0.30505443145580996, 0.5938366826632161]",1,-1
8967,[0.42758685 0.43711156],8,6,"[0.40123478470159024, 0.40656176249784554]",1,-1
8968,[0.44233937 0.47189832],8,18,"[0.4203234088660354, 0.508036417947434]",1,-1
8969,[0.42813762 0.40305042],8,6,"[0.40123478470159024, 0.40656176249784554]",1,-1
8970,[0.40245829 0.45991864],8,18,"[0.4203234088660354, 0.508036417947434]",1,-1
8971,[0.35936752 0.42832991],8,6,"[0.40123478470159024, 0.40656176249784554]",1,-1
8972,[0.38610448 0.47708546],8,18,"[0.4203234088660354, 0.508036417947434]",1,-1
8973,[0.48219086 0.41098931],8,35,"[0.491626887866141, 0.45015531396212327]",1,-1
8974,[0.44060401 0.43414576],8,6,"[0.40123478470159024, 0.40656176249784554]",1,-1
8975,[0.31793285 0.45774004],8,13,"[0.32294489274299887, 0.4620611538839558]",1,-1
8976,[0.32179539 0.46396629],8,13,"[0.32294489274299887, 0.4620611538839558]",1,-1
8977,[0.2420425  0.49048551],8,17,"[0.19949257984775934, 0.47737458183782433]",1,-1
8978,[0.44616038 0.41533466],8,6,"[0.40123478470159024, 0.40656176249784554]",1,-1
8979,[0.39951362 0.42150947],8,6,"[0.40123478470159024, 0.40656176249784554]",1,-1
8980,[0.39765072 0.46832271],8,18,"[0.4203234088660354, 0.508036417947434]",1,-1
8981,[0.40973102 0.41745691],8,6,"[0.40123478470159024, 0.40656176249784554]",1,-1
8982,[0.54474106 0.50769864],8,2,"[0.5181425386759565, 0.548951681512668]",1,-1
8983,[0.34518083 0.4355893 ],8,13,"[0.32294489274299887, 0.4620611538839558]",1,-1
8984,[0.35219869 0.42223672],8,13,"[0.32294489274299887, 0.4620611538839558]",1,-1
8985,[0.34204395 0.45244018],8,13,"[0.32294489274299887, 0.4620611538839558]",1,-1
8986,[0.40140704 0.51366302],8,18,"[0.4203234088660354, 0.508036417947434]",1,-1
8987,[0.4645828  0.45216378],8,35,"[0.491626887866141, 0.45015531396212327]",1,-1
8988,[0.406766   0.43415165],8,6,"[0.40123478470159024, 0.40656176249784554]",1,-1
8989,[0.38726874 0.40814342],8,6,"[0.40123478470159024, 0.40656176249784554]",1,-1
8990,[0.40349246 0.5766269 ],8,25,"[0.38660465276603295, 0.5871767558758164]",1,-1
8991,[0.4154923  0.48166928],8,18,"[0.4203234088660354, 0.508036417947434]",1,-1
8992,[0.42284997 0.45846956],8,18,"[0.4203234088660354, 0.508036417947434]",1,-1
8993,[0.380005   0.47009356],8,18,"[0.4203234088660354, 0.508036417947434]",1,-1
8994,[0.39264142 0.55960406],8,25,"[0.38660465276603295, 0.5871767558758164]",1,-1
8995,[0.43334743 0.39140864],8,6,"[0.40123478470159024, 0.40656176249784554]",1,-1
8996,[0.41760349 0.41939323],8,6,"[0.40123478470159024, 0.40656176249784554]",1,-1
8997,[0.40536793 0.54000383],8,18,"[0.4203234088660354, 0.508036417947434]",1,-1
8998,[0.37817711 0.45126464],8,6,"[0.40123478470159024, 0.40656176249784554]",1,-1
8999,[0.41072333 0.52830239],8,18,"[0.4203234088660354, 0.508036417947434]",1,-1
9000,[0.27632753 0.50091754],9,13,"[0.32294489274299887, 0.4620611538839558]",1,-1
9001,[0.28479294 0.52334274],9,-1,-1,1,-1
9002,[0.27498707 0.44256532],9,13,"[0.32294489274299887, 0.4620611538839558]",1,-1
9003,[0.23849238 0.42349259],9,0,"[0.2473875480073203, 0.39401489827781994]",1,-1
9004,[0.24637033 0.40315573],9,0,"[0.2473875480073203, 0.39401489827781994]",1,48
9005,[0.31095018 0.4208736 ],9,13,"[0.32294489274299887, 0.4620611538839558]",1,-1
9006,[0.2905871  0.46126002],9,13,"[0.32294489274299887, 0.4620611538839558]",1,-1
9007,[0.30229301 0.40230077],9,1,"[0.33650952271243567, 0.3695039184549852]",1,-1
9008,[0.31480135 0.41953411],9,13,"[0.32294489274299887, 0.4620611538839558]",1,-1
9009,[0.31656317 0.32759412],9,1,"[0.33650952271243567, 0.3695039184549852]",1,-1
9010,[0.30427288 0.47508972],9,13,"[0.32294489274299887, 0.4620611538839558]",1,-1
9011,[0.35213258 0.36908586],9,1,"[0.33650952271243567, 0.3695039184549852]",1,-1
9012,[0.27977633 0.43048528],9,0,"[0.2473875480073203, 0.39401489827781994]",1,-1
9013,[0.35440542 0.40177021],9,1,"[0.33650952271243567, 0.3695039184549852]",1,-1
9014,[0.39692589 0.46399308],9,18,"[0.4203234088660354, 0.508036417947434]",1,-1
9015,[0.35386145 0.4504458 ],9,13,"[0.32294489274299887, 0.4620611538839558]",1,-1
9016,[0.30562612 0.39321971],9,1,"[0.33650952271243567, 0.3695039184549852]",1,-1
9017,[0.17142724 0.48025133],9,17,"[0.19949257984775934, 0.47737458183782433]",1,-1
9018,[0.33989341 0.39168479],9,1,"[0.33650952271243567, 0.3695039184549852]",1,-1
9019,[0.36114913 0.39668323],9,1,"[0.33650952271243567, 0.3695039184549852]",1,-1
9020,[0.25038109 0.51541556],9,17,"[0.19949257984775934, 0.47737458183782433]",1,-1
9021,[0.30992787 0.51501235],9,13,"[0.32294489274299887, 0.4620611538839558]",1,-1
9022,[0.30658781 0.40798483],9,1,"[0.33650952271243567, 0.3695039184549852]",1,-1
9023,[0.28685966 0.35185963],9,1,"[0.33650952271243567, 0.3695039184549852]",1,-1
9024,[0.30719132 0.36932823],9,1,"[0.33650952271243567, 0.3695039184549852]",1,-1
9025,[0.31679758 0.56140435],9,44,"[0.30505443145580996, 0.5938366826632161]",1,-1
9026,[0.25670328 0.52370811],9,-1,-1,1,-1
9027,[0.27230118 0.41983754],9,0,"[0.2473875480073203, 0.39401489827781994]",1,53
9028,[0.25976338 0.45619976],9,0,"[0.2473875480073203, 0.39401489827781994]",1,-1
9029,[0.37025955 0.48920234],9,18,"[0.4203234088660354, 0.508036417947434]",1,-1
9030,[0.27835901 0.49192495],9,13,"[0.32294489274299887, 0.4620611538839558]",1,-1
9031,[0.24325414 0.45292717],9,17,"[0.19949257984775934, 0.47737458183782433]",1,24
9032,[0.27126033 0.36328936],9,0,"[0.2473875480073203, 0.39401489827781994]",1,-1
9033,[0.21558303 0.51622727],9,17,"[0.19949257984775934, 0.47737458183782433]",1,-1
9034,[0.33475922 0.50800224],9,13,"[0.32294489274299887, 0.4620611538839558]",1,-1
9035,[0.21707732 0.52787458],9,17,"[0.19949257984775934, 0.47737458183782433]",1,-1
9036,[0.32052532 0.44621637],9,13,"[0.32294489274299887, 0.4620611538839558]",1,-1
9037,[0.24957989 0.48643277],9,17,"[0.19949257984775934, 0.47737458183782433]",1,-1
9038,[0.33203427 0.44705438],9,13,"[0.32294489274299887, 0.4620611538839558]",1,-1
9039,[0.37814623 0.45845708],9,13,"[0.32294489274299887, 0.4620611538839558]",1,-1
9040,[0.31289998 0.48238436],9,13,"[0.32294489274299887, 0.4620611538839558]",1,-1
9041,[0.22493951 0.40953251],9,0,"[0.2473875480073203, 0.39401489827781994]",1,-1
9042,[0.31278087 0.44938843],9,13,"[0.32294489274299887, 0.4620611538839558]",1,-1
9043,[0.3131753  0.46840651],9,13,"[0.32294489274299887, 0.4620611538839558]",1,-1
9044,[0.27366298 0.40216966],9,0,"[0.2473875480073203, 0.39401489827781994]",1,59
9045,[0.27959812 0.49538046],9,13,"[0.32294489274299887, 0.4620611538839558]",1,-1
9046,[0.18195929 0.40076462],9,0,"[0.2473875480073203, 0.39401489827781994]",1,-1
9047,[0.28228803 0.49443177],9,13,"[0.32294489274299887, 0.4620611538839558]",1,-1
9048,[0.30462471 0.4638012 ],9,13,"[0.32294489274299887, 0.4620611538839558]",1,-1
9049,[0.27660041 0.32620378],9,7,"[0.2880919156697789, 0.2889500356712737]",1,27
9050,[0.25588199 0.39749939],9,0,"[0.2473875480073203, 0.39401489827781994]",1,-1
9051,[0.29004315 0.46288875],9,13,"[0.32294489274299887, 0.4620611538839558]",1,-1
9052,[0.27751245 0.49518574],9,13,"[0.32294489274299887, 0.4620611538839558]",1,-1
9053,[0.24697259 0.40240818],9,0,"[0.2473875480073203, 0.39401489827781994]",1,-1
9054,[0.31244222 0.39387115],9,1,"[0.33650952271243567, 0.3695039184549852]",1,-1
9055,[0.22538571 0.47826229],9,17,"[0.19949257984775934, 0.47737458183782433]",1,-1
9056,[0.31491203 0.40786537],9,1,"[0.33650952271243567, 0.3695039184549852]",1,-1
9057,[0.25378073 0.40356803],9,0,"[0.2473875480073203, 0.39401489827781994]",1,-1
9058,[0.33784823 0.51054027],9,13,"[0.32294489274299887, 0.4620611538839558]",1,-1
9059,[0.29195843 0.49639626],9,13,"[0.32294489274299887, 0.4620611538839558]",1,-1
9060,[0.24049373 0.43006009],9,0,"[0.2473875480073203, 0.39401489827781994]",1,-1
9061,[0.26383645 0.47983292],9,13,"[0.32294489274299887, 0.4620611538839558]",1,-1
9062,[0.29471779 0.47495786],9,13,"[0.32294489274299887, 0.4620611538839558]",1,-1
9063,[0.25765431 0.4794771 ],9,17,"[0.19949257984775934, 0.47737458183782433]",1,-1
9064,[0.29630286 0.38905398],9,1,"[0.33650952271243567, 0.3695039184549852]",1,-1
9065,[0.30151254 0.45330774],9,13,"[0.32294489274299887, 0.4620611538839558]",1,-1
9066,[0.30750106 0.39114809],9,1,"[0.33650952271243567, 0.3695039184549852]",1,-1
9067,[0.28749341 0.52489719],9,-1,-1,1,-1
9068,[0.21646982 0.48491794],9,17,"[0.19949257984775934, 0.47737458183782433]",1,-1
9069,[0.21027302 0.45310779],9,17,"[0.19949257984775934, 0.47737458183782433]",1,-1
9070,[0.21869018 0.44188904],9,17,"[0.19949257984775934, 0.47737458183782433]",1,-1
9071,[0.30244602 0.43590372],9,13,"[0.32294489274299887, 0.4620611538839558]",1,-1
9072,[0.28755473 0.5122711 ],9,13,"[0.32294489274299887, 0.4620611538839558]",1,-1
9073,[0.25379071 0.45580928],9,17,"[0.19949257984775934, 0.47737458183782433]",1,-1
9074,[0.37662483 0.42118554],9,6,"[0.40123478470159024, 0.40656176249784554]",1,-1
9075,[0.29537065 0.42792564],9,13,"[0.32294489274299887, 0.4620611538839558]",1,-1
9076,[0.22189766 0.42482355],9,0,"[0.2473875480073203, 0.39401489827781994]",1,-1
9077,[0.30450627 0.43613176],9,13,"[0.32294489274299887, 0.4620611538839558]",1,-1
9078,[0.24046915 0.45017914],9,17,"[0.19949257984775934, 0.47737458183782433]",1,-1
9079,[0.2342476  0.45711378],9,17,"[0.19949257984775934, 0.47737458183782433]",1,-1
9080,[0.30628193 0.41520445],9,13,"[0.32294489274299887, 0.4620611538839558]",1,-1
9081,[0.21632055 0.37178887],9,0,"[0.2473875480073203, 0.39401489827781994]",1,-1
9082,[0.31980078 0.40585259],9,1,"[0.33650952271243567, 0.3695039184549852]",1,-1
9083,[0.27367703 0.43298672],9,0,"[0.2473875480073203, 0.39401489827781994]",1,-1
9084,[0.21566802 0.48149463],9,17,"[0.19949257984775934, 0.47737458183782433]",1,-1
9085,[0.30559957 0.43915209],9,13,"[0.32294489274299887, 0.4620611538839558]",1,-1
9086,[0.37589492 0.47686559],9,18,"[0.4203234088660354, 0.508036417947434]",1,-1
9087,[0.23704252 0.41905049],9,0,"[0.2473875480073203, 0.39401489827781994]",1,48
9088,[0.44612485 0.47584463],9,18,"[0.4203234088660354, 0.508036417947434]",1,-1
9089,[0.36360656 0.37035901],9,1,"[0.33650952271243567, 0.3695039184549852]",1,-1
9090,[0.34909916 0.38465292],9,1,"[0.33650952271243567, 0.3695039184549852]",1,-1
9091,[0.25259132 0.45741844],9,17,"[0.19949257984775934, 0.47737458183782433]",1,24
9092,[0.32760482 0.49271109],9,13,"[0.32294489274299887, 0.4620611538839558]",1,-1
9093,[0.25685987 0.43972245],9,0,"[0.2473875480073203, 0.39401489827781994]",1,-1
9094,[0.27142364 0.46535466],9,13,"[0.32294489274299887, 0.4620611538839558]",1,-1
9095,[0.24921564 0.41844546],9,0,"[0.2473875480073203, 0.39401489827781994]",1,-1
9096,[0.25453978 0.38375405],9,0,"[0.2473875480073203, 0.39401489827781994]",1,-1
9097,[0.31349766 0.41188314],9,1,"[0.33650952271243567, 0.3695039184549852]",1,-1
9098,[0.28237417 0.33034162],9,7,"[0.2880919156697789, 0.2889500356712737]",1,27
9099,[0.1647707  0.43186192],9,17,"[0.19949257984775934, 0.47737458183782433]",1,-1
9100,[0.24645679 0.43749356],9,0,"[0.2473875480073203, 0.39401489827781994]",1,-1
9101,[0.31896723 0.36748665],9,1,"[0.33650952271243567, 0.3695039184549852]",1,-1
9102,[0.28107223 0.48201413],9,13,"[0.32294489274299887, 0.4620611538839558]",1,-1
9103,[0.33278534 0.46360101],9,13,"[0.32294489274299887, 0.4620611538839558]",1,-1
9104,[0.30235246 0.51592336],9,13,"[0.32294489274299887, 0.4620611538839558]",1,-1
9105,[0.22604184 0.40162805],9,0,"[0.2473875480073203, 0.39401489827781994]",1,-1
9106,[0.24879808 0.4315402 ],9,0,"[0.2473875480073203, 0.39401489827781994]",1,-1
9107,[0.31724252 0.52454893],9,13,"[0.32294489274299887, 0.4620611538839558]",1,-1
9108,[0.28501241 0.49817138],9,13,"[0.32294489274299887, 0.4620611538839558]",1,-1
9109,[0.44592488 0.44775138],9,35,"[0.491626887866141, 0.45015531396212327]",1,-1
9110,[0.3176135  0.46178304],9,13,"[0.32294489274299887, 0.4620611538839558]",1,-1
9111,[0.30985568 0.44700608],9,13,"[0.32294489274299887, 0.4620611538839558]",1,-1
9112,[0.30172489 0.36209755],9,1,"[0.33650952271243567, 0.3695039184549852]",1,-1
9113,[0.2418048  0.46050273],9,17,"[0.19949257984775934, 0.47737458183782433]",1,24
9114,[0.23366898 0.48466012],9,17,"[0.19949257984775934, 0.47737458183782433]",1,-1
9115,[0.28661363 0.44108674],9,13,"[0.32294489274299887, 0.4620611538839558]",1,-1
9116,[0.27931807 0.43328492],9,0,"[0.2473875480073203, 0.39401489827781994]",1,53
9117,[0.24812424 0.4216708 ],9,0,"[0.2473875480073203, 0.39401489827781994]",1,-1
9118,[0.25292292 0.42814043],9,0,"[0.2473875480073203, 0.39401489827781994]",1,-1
9119,[0.27017863 0.45918558],9,13,"[0.32294489274299887, 0.4620611538839558]",1,29
9120,[0.36208923 0.39903905],9,1,"[0.33650952271243567, 0.3695039184549852]",1,-1
9121,[0.33365437 0.50403549],9,13,"[0.32294489274299887, 0.4620611538839558]",1,-1
9122,[0.30444947 0.41067816],9,1,"[0.33650952271243567, 0.3695039184549852]",1,61
9123,[0.26322709 0.48998996],9,17,"[0.19949257984775934, 0.47737458183782433]",1,-1
9124,[0.30212651 0.45067059],9,13,"[0.32294489274299887, 0.4620611538839558]",1,-1
9125,[0.24662135 0.45807417],9,17,"[0.19949257984775934, 0.47737458183782433]",1,24
9126,[0.2343152  0.42270784],9,0,"[0.2473875480073203, 0.39401489827781994]",1,-1
9127,[0.3517373  0.49454954],9,13,"[0.32294489274299887, 0.4620611538839558]",1,-1
9128,[0.31040908 0.41848694],9,13,"[0.32294489274299887, 0.4620611538839558]",1,-1
9129,[0.23310346 0.43650599],9,0,"[0.2473875480073203, 0.39401489827781994]",1,-1
9130,[0.34446327 0.43126207],9,13,"[0.32294489274299887, 0.4620611538839558]",1,-1
9131,[0.2472019  0.38131683],9,0,"[0.2473875480073203, 0.39401489827781994]",1,47
9132,[0.27826897 0.42164291],9,0,"[0.2473875480073203, 0.39401489827781994]",1,53
9133,[0.35449794 0.49774657],9,13,"[0.32294489274299887, 0.4620611538839558]",1,-1
9134,[0.30866891 0.44927707],9,13,"[0.32294489274299887, 0.4620611538839558]",1,-1
9135,[0.24895101 0.47000851],9,17,"[0.19949257984775934, 0.47737458183782433]",1,-1
9136,[0.23135359 0.47889591],9,17,"[0.19949257984775934, 0.47737458183782433]",1,-1
9137,[0.34339597 0.46298813],9,13,"[0.32294489274299887, 0.4620611538839558]",1,-1
9138,[0.30307098 0.53800817],9,44,"[0.30505443145580996, 0.5938366826632161]",1,-1
9139,[0.26765314 0.44508853],9,0,"[0.2473875480073203, 0.39401489827781994]",1,29
9140,[0.33381265 0.52827659],9,13,"[0.32294489274299887, 0.4620611538839558]",1,-1
9141,[0.39293903 0.34153082],9,4,"[0.3937233168939997, 0.29890402186269427]",1,-1
9142,[0.18528054 0.35917669],9,15,"[0.188292755006214, 0.3253570325311902]",1,-1
9143,[0.33261186 0.44783109],9,13,"[0.32294489274299887, 0.4620611538839558]",1,-1
9144,[0.34654335 0.45911238],9,13,"[0.32294489274299887, 0.4620611538839558]",1,-1
9145,[0.30293155 0.41828471],9,13,"[0.32294489274299887, 0.4620611538839558]",1,-1
9146,[0.26001033 0.41566127],9,0,"[0.2473875480073203, 0.39401489827781994]",1,-1
9147,[0.27960906 0.48828317],9,13,"[0.32294489274299887, 0.4620611538839558]",1,-1
9148,[0.24684239 0.45603963],9,17,"[0.19949257984775934, 0.47737458183782433]",1,24
9149,[0.32950302 0.40822552],9,1,"[0.33650952271243567, 0.3695039184549852]",1,-1
9150,[0.23838085 0.50788599],9,17,"[0.19949257984775934, 0.47737458183782433]",1,-1
9151,[0.23454898 0.39421909],9,0,"[0.2473875480073203, 0.39401489827781994]",1,-1
9152,[0.38876574 0.45685934],9,6,"[0.40123478470159024, 0.40656176249784554]",1,50
9153,[0.31575668 0.5208464 ],9,13,"[0.32294489274299887, 0.4620611538839558]",1,-1
9154,[0.29219538 0.45824184],9,13,"[0.32294489274299887, 0.4620611538839558]",1,-1
9155,[0.32857347 0.35895634],9,1,"[0.33650952271243567, 0.3695039184549852]",1,-1
9156,[0.31972876 0.5146526 ],9,13,"[0.32294489274299887, 0.4620611538839558]",1,-1
9157,[0.2915739  0.35352218],9,1,"[0.33650952271243567, 0.3695039184549852]",1,-1
9158,[0.32537087 0.55523061],9,44,"[0.30505443145580996, 0.5938366826632161]",1,-1
9159,[0.27274924 0.46455602],9,13,"[0.32294489274299887, 0.4620611538839558]",1,-1
9160,[0.31623805 0.4375407 ],9,13,"[0.32294489274299887, 0.4620611538839558]",1,-1
9161,[0.25895714 0.47269647],9,17,"[0.19949257984775934, 0.47737458183782433]",1,-1
9162,[0.14440586 0.52938676],9,49,"[0.14893778703439292, 0.5666898184239806]",1,-1
9163,[0.29293715 0.39670312],9,0,"[0.2473875480073203, 0.39401489827781994]",1,-1
9164,[0.27665298 0.42384565],9,0,"[0.2473875480073203, 0.39401489827781994]",1,53
9165,[0.31661522 0.45703224],9,13,"[0.32294489274299887, 0.4620611538839558]",1,-1
9166,[0.23896973 0.41129888],9,0,"[0.2473875480073203, 0.39401489827781994]",1,48
9167,[0.31674166 0.42626084],9,13,"[0.32294489274299887, 0.4620611538839558]",1,-1
9168,[0.32190399 0.51563288],9,13,"[0.32294489274299887, 0.4620611538839558]",1,-1
9169,[0.28869057 0.4470405 ],9,13,"[0.32294489274299887, 0.4620611538839558]",1,-1
9170,[0.27930423 0.57352634],9,44,"[0.30505443145580996, 0.5938366826632161]",1,-1
9171,[0.33822908 0.54745269],9,44,"[0.30505443145580996, 0.5938366826632161]",1,-1
9172,[0.28626468 0.49590537],9,13,"[0.32294489274299887, 0.4620611538839558]",1,-1
9173,[0.34861461 0.39259803],9,1,"[0.33650952271243567, 0.3695039184549852]",1,-1
9174,[0.28423157 0.51738857],9,13,"[0.32294489274299887, 0.4620611538839558]",1,-1
9175,[0.36722993 0.48609007],9,13,"[0.32294489274299887, 0.4620611538839558]",1,-1
9176,[0.32140677 0.45974729],9,13,"[0.32294489274299887, 0.4620611538839558]",1,-1
9177,[0.32634615 0.4926728 ],9,13,"[0.32294489274299887, 0.4620611538839558]",1,-1
9178,[0.19718537 0.47912224],9,17,"[0.19949257984775934, 0.47737458183782433]",1,-1
9179,[0.34022285 0.47026355],9,13,"[0.32294489274299887, 0.4620611538839558]",1,-1
9180,[0.35615969 0.37293641],9,1,"[0.33650952271243567, 0.3695039184549852]",1,-1
9181,[0.26999132 0.43204609],9,0,"[0.2473875480073203, 0.39401489827781994]",1,53
9182,[0.27616891 0.39830807],9,0,"[0.2473875480073203, 0.39401489827781994]",1,59
9183,[0.41102396 0.41533642],9,6,"[0.40123478470159024, 0.40656176249784554]",1,-1
9184,[0.37906406 0.42932051],9,6,"[0.40123478470159024, 0.40656176249784554]",1,-1
9185,[0.22481529 0.42578035],9,0,"[0.2473875480073203, 0.39401489827781994]",1,-1
9186,[0.24712057 0.40640325],9,0,"[0.2473875480073203, 0.39401489827781994]",1,48
9187,[0.28916307 0.40431259],9,0,"[0.2473875480073203, 0.39401489827781994]",1,-1
9188,[0.21465176 0.46844464],9,17,"[0.19949257984775934, 0.47737458183782433]",1,-1
9189,[0.27935963 0.4660591 ],9,13,"[0.32294489274299887, 0.4620611538839558]",1,-1
9190,[0.33097158 0.42700031],9,13,"[0.32294489274299887, 0.4620611538839558]",1,-1
9191,[0.23426348 0.40379205],9,0,"[0.2473875480073203, 0.39401489827781994]",1,-1
9192,[0.36603833 0.50160286],9,18,"[0.4203234088660354, 0.508036417947434]",1,-1
9193,[0.27875979 0.46284706],9,13,"[0.32294489274299887, 0.4620611538839558]",1,-1
9194,[0.26778936 0.4430142 ],9,0,"[0.2473875480073203, 0.39401489827781994]",1,-1
9195,[0.35134961 0.45809384],9,13,"[0.32294489274299887, 0.4620611538839558]",1,-1
9196,[0.22835173 0.4463076 ],9,17,"[0.19949257984775934, 0.47737458183782433]",1,-1
9197,[0.3187372  0.40243177],9,1,"[0.33650952271243567, 0.3695039184549852]",1,61
9198,[0.30148466 0.58191339],9,44,"[0.30505443145580996, 0.5938366826632161]",1,-1
9199,[0.25638258 0.35158378],9,0,"[0.2473875480073203, 0.39401489827781994]",1,-1
9200,[0.26862318 0.53156696],9,-1,-1,1,-1
9201,[0.23052132 0.44288704],9,17,"[0.19949257984775934, 0.47737458183782433]",1,-1
9202,[0.17943549 0.45486333],9,17,"[0.19949257984775934, 0.47737458183782433]",1,-1
9203,[0.32630315 0.37419405],9,1,"[0.33650952271243567, 0.3695039184549852]",1,-1
9204,[0.25884172 0.37059498],9,0,"[0.2473875480073203, 0.39401489827781994]",1,-1
9205,[0.33155121 0.39863806],9,1,"[0.33650952271243567, 0.3695039184549852]",1,-1
9206,[0.29216422 0.51617091],9,13,"[0.32294489274299887, 0.4620611538839558]",1,-1
9207,[0.27672273 0.45209327],9,13,"[0.32294489274299887, 0.4620611538839558]",1,-1
9208,[0.34262251 0.47030227],9,13,"[0.32294489274299887, 0.4620611538839558]",1,-1
9209,[0.40035771 0.47544949],9,18,"[0.4203234088660354, 0.508036417947434]",1,-1
9210,[0.23263784 0.42340865],9,0,"[0.2473875480073203, 0.39401489827781994]",1,-1
9211,[0.21050119 0.39144282],9,0,"[0.2473875480073203, 0.39401489827781994]",1,-1
9212,[0.28141356 0.4779369 ],9,13,"[0.32294489274299887, 0.4620611538839558]",1,-1
9213,[0.28973801 0.46983815],9,13,"[0.32294489274299887, 0.4620611538839558]",1,-1
9214,[0.28154964 0.41054488],9,0,"[0.2473875480073203, 0.39401489827781994]",1,-1
9215,[0.26154093 0.37990681],9,0,"[0.2473875480073203, 0.39401489827781994]",1,-1
9216,[0.20302599 0.49503809],9,17,"[0.19949257984775934, 0.47737458183782433]",1,-1
9217,[0.30133885 0.44692022],9,13,"[0.32294489274299887, 0.4620611538839558]",1,-1
9218,[0.23437377 0.49540302],9,17,"[0.19949257984775934, 0.47737458183782433]",1,-1
9219,[0.32346691 0.49668768],9,13,"[0.32294489274299887, 0.4620611538839558]",1,-1
9220,[0.34213928 0.44467729],9,13,"[0.32294489274299887, 0.4620611538839558]",1,-1
9221,[0.27741981 0.45059066],9,13,"[0.32294489274299887, 0.4620611538839558]",1,-1
9222,[0.27459653 0.4504627 ],9,13,"[0.32294489274299887, 0.4620611538839558]",1,29
9223,[0.29037964 0.37898358],9,0,"[0.2473875480073203, 0.39401489827781994]",1,-1
9224,[0.34822662 0.4539256 ],9,13,"[0.32294489274299887, 0.4620611538839558]",1,-1
9225,[0.25858532 0.43372258],9,0,"[0.2473875480073203, 0.39401489827781994]",1,-1
9226,[0.29986863 0.46998271],9,13,"[0.32294489274299887, 0.4620611538839558]",1,-1
9227,[0.23099191 0.45037136],9,17,"[0.19949257984775934, 0.47737458183782433]",1,-1
9228,[0.26675976 0.41728098],9,0,"[0.2473875480073203, 0.39401489827781994]",1,-1
9229,[0.40380359 0.4070703 ],9,6,"[0.40123478470159024, 0.40656176249784554]",1,-1
9230,[0.24718389 0.51958981],9,17,"[0.19949257984775934, 0.47737458183782433]",1,-1
9231,[0.29341872 0.4584455 ],9,13,"[0.32294489274299887, 0.4620611538839558]",1,-1
9232,[0.25999258 0.40429637],9,0,"[0.2473875480073203, 0.39401489827781994]",1,-1
9233,[0.34748718 0.39429544],9,1,"[0.33650952271243567, 0.3695039184549852]",1,-1
9234,[0.26869527 0.39657262],9,0,"[0.2473875480073203, 0.39401489827781994]",1,59
9235,[0.26859474 0.3537312 ],9,0,"[0.2473875480073203, 0.39401489827781994]",1,-1
9236,[0.27951217 0.40181397],9,0,"[0.2473875480073203, 0.39401489827781994]",1,-1
9237,[0.21007686 0.48233206],9,17,"[0.19949257984775934, 0.47737458183782433]",1,-1
9238,[0.22917551 0.41549687],9,0,"[0.2473875480073203, 0.39401489827781994]",1,48
9239,[0.22633211 0.49508138],9,17,"[0.19949257984775934, 0.47737458183782433]",1,-1
9240,[0.30687336 0.41544383],9,13,"[0.32294489274299887, 0.4620611538839558]",1,-1
9241,[0.30925916 0.40318746],9,1,"[0.33650952271243567, 0.3695039184549852]",1,-1
9242,[0.34840617 0.40492207],9,1,"[0.33650952271243567, 0.3695039184549852]",1,-1
9243,[0.42176264 0.43093245],9,6,"[0.40123478470159024, 0.40656176249784554]",1,-1
9244,[0.1751556  0.42052383],9,17,"[0.19949257984775934, 0.47737458183782433]",1,-1
9245,[0.26906602 0.5030888 ],9,13,"[0.32294489274299887, 0.4620611538839558]",1,-1
9246,[0.30549477 0.4759745 ],9,13,"[0.32294489274299887, 0.4620611538839558]",1,-1
9247,[0.3621728  0.48368313],9,13,"[0.32294489274299887, 0.4620611538839558]",1,-1
9248,[0.26016292 0.39076526],9,0,"[0.2473875480073203, 0.39401489827781994]",1,-1
9249,[0.26252971 0.41370438],9,0,"[0.2473875480073203, 0.39401489827781994]",1,-1
9250,[0.31548029 0.48434533],9,13,"[0.32294489274299887, 0.4620611538839558]",1,-1
9251,[0.27348104 0.46868713],9,13,"[0.32294489274299887, 0.4620611538839558]",1,-1
9252,[0.32372598 0.51592615],9,13,"[0.32294489274299887, 0.4620611538839558]",1,-1
9253,[0.32452575 0.45516204],9,13,"[0.32294489274299887, 0.4620611538839558]",1,-1
9254,[0.32806855 0.41181564],9,1,"[0.33650952271243567, 0.3695039184549852]",1,-1
9255,[0.27166608 0.38461792],9,0,"[0.2473875480073203, 0.39401489827781994]",1,-1
9256,[0.26347532 0.42378882],9,0,"[0.2473875480073203, 0.39401489827781994]",1,-1
9257,[0.33502121 0.49005577],9,13,"[0.32294489274299887, 0.4620611538839558]",1,-1
9258,[0.24895826 0.3477337 ],9,0,"[0.2473875480073203, 0.39401489827781994]",1,-1
9259,[0.26898476 0.39936292],9,0,"[0.2473875480073203, 0.39401489827781994]",1,59
9260,[0.20618782 0.43613023],9,17,"[0.19949257984775934, 0.47737458183782433]",1,21
9261,[0.30817684 0.47489323],9,13,"[0.32294489274299887, 0.4620611538839558]",1,-1
9262,[0.33512251 0.3625016 ],9,1,"[0.33650952271243567, 0.3695039184549852]",1,-1
9263,[0.25558862 0.4992394 ],9,17,"[0.19949257984775934, 0.47737458183782433]",1,-1
9264,[0.38781325 0.3957663 ],9,6,"[0.40123478470159024, 0.40656176249784554]",1,-1
9265,[0.31272911 0.34565107],9,1,"[0.33650952271243567, 0.3695039184549852]",1,-1
9266,[0.27637513 0.45290438],9,13,"[0.32294489274299887, 0.4620611538839558]",1,-1
9267,[0.27411626 0.47793229],9,13,"[0.32294489274299887, 0.4620611538839558]",1,-1
9268,[0.33684485 0.42005075],9,13,"[0.32294489274299887, 0.4620611538839558]",1,-1
9269,[0.25082833 0.47919432],9,17,"[0.19949257984775934, 0.47737458183782433]",1,-1
9270,[0.21265344 0.40862805],9,0,"[0.2473875480073203, 0.39401489827781994]",1,-1
9271,[0.31893898 0.40639797],9,1,"[0.33650952271243567, 0.3695039184549852]",1,-1
9272,[0.27578174 0.51129137],9,13,"[0.32294489274299887, 0.4620611538839558]",1,-1
9273,[0.21860665 0.42833552],9,0,"[0.2473875480073203, 0.39401489827781994]",1,-1
9274,[0.35125494 0.44777007],9,13,"[0.32294489274299887, 0.4620611538839558]",1,-1
9275,[0.29324069 0.43245702],9,13,"[0.32294489274299887, 0.4620611538839558]",1,-1
9276,[0.32954975 0.43807065],9,13,"[0.32294489274299887, 0.4620611538839558]",1,-1
9277,[0.1333026  0.45107968],9,-1,-1,1,-1
9278,[0.23823752 0.43749409],9,0,"[0.2473875480073203, 0.39401489827781994]",1,-1
9279,[0.23104971 0.46358816],9,17,"[0.19949257984775934, 0.47737458183782433]",1,-1
9280,[0.28166974 0.43598717],9,13,"[0.32294489274299887, 0.4620611538839558]",1,-1
9281,[0.29775346 0.4658174 ],9,13,"[0.32294489274299887, 0.4620611538839558]",1,-1
9282,[0.2269243  0.37669499],9,0,"[0.2473875480073203, 0.39401489827781994]",1,35
9283,[0.22706471 0.3836394 ],9,0,"[0.2473875480073203, 0.39401489827781994]",1,-1
9284,[0.29541191 0.53503702],9,44,"[0.30505443145580996, 0.5938366826632161]",1,-1
9285,[0.4264829  0.56864081],9,25,"[0.38660465276603295, 0.5871767558758164]",1,-1
9286,[0.28606911 0.44720989],9,13,"[0.32294489274299887, 0.4620611538839558]",1,-1
9287,[0.269525   0.34230814],9,0,"[0.2473875480073203, 0.39401489827781994]",1,-1
9288,[0.33060866 0.48374102],9,13,"[0.32294489274299887, 0.4620611538839558]",1,-1
9289,[0.31458669 0.39474331],9,1,"[0.33650952271243567, 0.3695039184549852]",1,-1
9290,[0.26685117 0.42366487],9,0,"[0.2473875480073203, 0.39401489827781994]",1,-1
9291,[0.29480336 0.50222696],9,13,"[0.32294489274299887, 0.4620611538839558]",1,-1
9292,[0.24571945 0.51439559],9,17,"[0.19949257984775934, 0.47737458183782433]",1,-1
9293,[0.24621213 0.48883134],9,17,"[0.19949257984775934, 0.47737458183782433]",1,-1
9294,[0.30909362 0.36555719],9,1,"[0.33650952271243567, 0.3695039184549852]",1,-1
9295,[0.29033549 0.4713218 ],9,13,"[0.32294489274299887, 0.4620611538839558]",1,-1
9296,[0.42083562 0.36448978],9,6,"[0.40123478470159024, 0.40656176249784554]",1,-1
9297,[0.30468632 0.40861321],9,1,"[0.33650952271243567, 0.3695039184549852]",1,-1
9298,[0.23685235 0.42400604],9,0,"[0.2473875480073203, 0.39401489827781994]",1,-1
9299,[0.24976856 0.45777499],9,17,"[0.19949257984775934, 0.47737458183782433]",1,24
9300,[0.31802798 0.48770691],9,13,"[0.32294489274299887, 0.4620611538839558]",1,-1
9301,[0.3244752 0.4454562],9,13,"[0.32294489274299887, 0.4620611538839558]",1,-1
9302,[0.25691135 0.47290245],9,17,"[0.19949257984775934, 0.47737458183782433]",1,-1
9303,[0.24434809 0.4242572 ],9,0,"[0.2473875480073203, 0.39401489827781994]",1,-1
9304,[0.22172227 0.53168286],9,17,"[0.19949257984775934, 0.47737458183782433]",1,-1
9305,[0.37034374 0.41144118],9,6,"[0.40123478470159024, 0.40656176249784554]",1,-1
9306,[0.30789519 0.40449095],9,1,"[0.33650952271243567, 0.3695039184549852]",1,-1
9307,[0.3196212  0.36760414],9,1,"[0.33650952271243567, 0.3695039184549852]",1,-1
9308,[0.26778067 0.356651  ],9,0,"[0.2473875480073203, 0.39401489827781994]",1,-1
9309,[0.32477694 0.42360727],9,13,"[0.32294489274299887, 0.4620611538839558]",1,-1
9310,[0.32514651 0.47424304],9,13,"[0.32294489274299887, 0.4620611538839558]",1,-1
9311,[0.38219183 0.46287918],9,18,"[0.4203234088660354, 0.508036417947434]",1,-1
9312,[0.3536251  0.39525792],9,1,"[0.33650952271243567, 0.3695039184549852]",1,-1
9313,[0.33315541 0.47413523],9,13,"[0.32294489274299887, 0.4620611538839558]",1,-1
9314,[0.33329571 0.40048326],9,1,"[0.33650952271243567, 0.3695039184549852]",1,-1
9315,[0.26108607 0.38291131],9,0,"[0.2473875480073203, 0.39401489827781994]",1,-1
9316,[0.2625074  0.44086012],9,0,"[0.2473875480073203, 0.39401489827781994]",1,-1
9317,[0.28717262 0.46500815],9,13,"[0.32294489274299887, 0.4620611538839558]",1,-1
9318,[0.26420128 0.42427907],9,0,"[0.2473875480073203, 0.39401489827781994]",1,-1
9319,[0.34005479 0.4551418 ],9,13,"[0.32294489274299887, 0.4620611538839558]",1,-1
9320,[0.20464853 0.35232767],9,15,"[0.188292755006214, 0.3253570325311902]",1,-1
9321,[0.27760227 0.38990242],9,0,"[0.2473875480073203, 0.39401489827781994]",1,-1
9322,[0.31500435 0.40220838],9,1,"[0.33650952271243567, 0.3695039184549852]",1,-1
9323,[0.29546275 0.40743435],9,0,"[0.2473875480073203, 0.39401489827781994]",1,-1
9324,[0.22480625 0.47965064],9,17,"[0.19949257984775934, 0.47737458183782433]",1,-1
9325,[0.31454737 0.4230771 ],9,13,"[0.32294489274299887, 0.4620611538839558]",1,-1
9326,[0.34959304 0.4225953 ],9,13,"[0.32294489274299887, 0.4620611538839558]",1,-1
9327,[0.30007958 0.43364961],9,13,"[0.32294489274299887, 0.4620611538839558]",1,-1
9328,[0.40144211 0.48054766],9,18,"[0.4203234088660354, 0.508036417947434]",1,-1
9329,[0.3910326  0.44782223],9,6,"[0.40123478470159024, 0.40656176249784554]",1,-1
9330,[0.27190396 0.42923198],9,0,"[0.2473875480073203, 0.39401489827781994]",1,53
9331,[0.18814469 0.50245365],9,17,"[0.19949257984775934, 0.47737458183782433]",1,-1
9332,[0.34674018 0.49816118],9,13,"[0.32294489274299887, 0.4620611538839558]",1,-1
9333,[0.29139212 0.4193201 ],9,0,"[0.2473875480073203, 0.39401489827781994]",1,-1
9334,[0.2827837  0.41767349],9,0,"[0.2473875480073203, 0.39401489827781994]",1,-1
9335,[0.29816858 0.42007227],9,13,"[0.32294489274299887, 0.4620611538839558]",1,-1
9336,[0.36294547 0.38383279],9,1,"[0.33650952271243567, 0.3695039184549852]",1,-1
9337,[0.32897986 0.3717023 ],9,1,"[0.33650952271243567, 0.3695039184549852]",1,-1
9338,[0.26719579 0.45469862],9,13,"[0.32294489274299887, 0.4620611538839558]",1,29
9339,[0.31878032 0.43775252],9,13,"[0.32294489274299887, 0.4620611538839558]",1,-1
9340,[0.32279874 0.40681184],9,1,"[0.33650952271243567, 0.3695039184549852]",1,-1
9341,[0.34133713 0.43546551],9,13,"[0.32294489274299887, 0.4620611538839558]",1,-1
9342,[0.32815178 0.42622982],9,13,"[0.32294489274299887, 0.4620611538839558]",1,-1
9343,[0.28516277 0.49762827],9,13,"[0.32294489274299887, 0.4620611538839558]",1,-1
9344,[0.24537034 0.45521315],9,17,"[0.19949257984775934, 0.47737458183782433]",1,24
9345,[0.34026099 0.38706101],9,1,"[0.33650952271243567, 0.3695039184549852]",1,-1
9346,[0.32665635 0.5171983 ],9,13,"[0.32294489274299887, 0.4620611538839558]",1,-1
9347,[0.38286956 0.43918842],9,6,"[0.40123478470159024, 0.40656176249784554]",1,-1
9348,[0.31958023 0.43703147],9,13,"[0.32294489274299887, 0.4620611538839558]",1,-1
9349,[0.28205409 0.42807901],9,0,"[0.2473875480073203, 0.39401489827781994]",1,-1
9350,[0.28220821 0.34809522],9,0,"[0.2473875480073203, 0.39401489827781994]",1,-1
9351,[0.35383153 0.43371006],9,13,"[0.32294489274299887, 0.4620611538839558]",1,-1
9352,[0.29249039 0.43743108],9,13,"[0.32294489274299887, 0.4620611538839558]",1,-1
9353,[0.20946639 0.37043631],9,0,"[0.2473875480073203, 0.39401489827781994]",1,-1
9354,[0.30301064 0.43337052],9,13,"[0.32294489274299887, 0.4620611538839558]",1,-1
9355,[0.34490379 0.49057953],9,13,"[0.32294489274299887, 0.4620611538839558]",1,-1
9356,[0.29500194 0.48240113],9,13,"[0.32294489274299887, 0.4620611538839558]",1,-1
9357,[0.28559408 0.45845809],9,13,"[0.32294489274299887, 0.4620611538839558]",1,-1
9358,[0.30191936 0.40560581],9,1,"[0.33650952271243567, 0.3695039184549852]",1,61
9359,[0.36931986 0.37948819],9,1,"[0.33650952271243567, 0.3695039184549852]",1,-1
9360,[0.31257847 0.51692235],9,13,"[0.32294489274299887, 0.4620611538839558]",1,-1
9361,[0.33102456 0.47519773],9,13,"[0.32294489274299887, 0.4620611538839558]",1,-1
9362,[0.31295984 0.4878011 ],9,13,"[0.32294489274299887, 0.4620611538839558]",1,-1
9363,[0.29246487 0.52768127],9,44,"[0.30505443145580996, 0.5938366826632161]",1,-1
9364,[0.35479463 0.50749997],9,13,"[0.32294489274299887, 0.4620611538839558]",1,-1
9365,[0.37716565 0.3957436 ],9,6,"[0.40123478470159024, 0.40656176249784554]",1,79
9366,[0.21533157 0.43739184],9,17,"[0.19949257984775934, 0.47737458183782433]",1,-1
9367,[0.34572238 0.47393334],9,13,"[0.32294489274299887, 0.4620611538839558]",1,-1
9368,[0.23440335 0.4796735 ],9,17,"[0.19949257984775934, 0.47737458183782433]",1,-1
9369,[0.28279026 0.44096546],9,13,"[0.32294489274299887, 0.4620611538839558]",1,-1
9370,[0.27467865 0.43097014],9,0,"[0.2473875480073203, 0.39401489827781994]",1,53
9371,[0.20985581 0.4209789 ],9,0,"[0.2473875480073203, 0.39401489827781994]",1,-1
9372,[0.43870534 0.44391984],9,6,"[0.40123478470159024, 0.40656176249784554]",1,-1
9373,[0.24502884 0.42059255],9,0,"[0.2473875480073203, 0.39401489827781994]",1,48
9374,[0.3341505 0.4725069],9,13,"[0.32294489274299887, 0.4620611538839558]",1,-1
9375,[0.34255541 0.50257979],9,13,"[0.32294489274299887, 0.4620611538839558]",1,-1
9376,[0.37464947 0.42390547],9,6,"[0.40123478470159024, 0.40656176249784554]",1,-1
9377,[0.28839953 0.5098449 ],9,13,"[0.32294489274299887, 0.4620611538839558]",1,-1
9378,[0.21818537 0.43401374],9,17,"[0.19949257984775934, 0.47737458183782433]",1,-1
9379,[0.23193981 0.41036827],9,0,"[0.2473875480073203, 0.39401489827781994]",1,48
9380,[0.33846176 0.39501069],9,1,"[0.33650952271243567, 0.3695039184549852]",1,-1
9381,[0.2950541  0.40815791],9,0,"[0.2473875480073203, 0.39401489827781994]",1,-1
9382,[0.2545724 0.4915609],9,17,"[0.19949257984775934, 0.47737458183782433]",1,-1
9383,[0.38067365 0.54253528],9,25,"[0.38660465276603295, 0.5871767558758164]",1,-1
9384,[0.31701793 0.5252506 ],9,13,"[0.32294489274299887, 0.4620611538839558]",1,-1
9385,[0.3205761  0.36963816],9,1,"[0.33650952271243567, 0.3695039184549852]",1,-1
9386,[0.28491351 0.32113496],9,7,"[0.2880919156697789, 0.2889500356712737]",1,-1
9387,[0.31341735 0.52201318],9,13,"[0.32294489274299887, 0.4620611538839558]",1,-1
9388,[0.2100084  0.44198705],9,17,"[0.19949257984775934, 0.47737458183782433]",1,-1
9389,[0.25133466 0.44223965],9,0,"[0.2473875480073203, 0.39401489827781994]",1,-1
9390,[0.38403135 0.47452625],9,18,"[0.4203234088660354, 0.508036417947434]",1,-1
9391,[0.33423277 0.41727821],9,13,"[0.32294489274299887, 0.4620611538839558]",1,-1
9392,[0.2407446 0.4829618],9,17,"[0.19949257984775934, 0.47737458183782433]",1,-1
9393,[0.26610037 0.49424174],9,13,"[0.32294489274299887, 0.4620611538839558]",1,-1
9394,[0.33315127 0.5150027 ],9,13,"[0.32294489274299887, 0.4620611538839558]",1,-1
9395,[0.34705605 0.38183958],9,1,"[0.33650952271243567, 0.3695039184549852]",1,-1
9396,[0.26704123 0.4198342 ],9,0,"[0.2473875480073203, 0.39401489827781994]",1,-1
9397,[0.27975872 0.58764462],9,44,"[0.30505443145580996, 0.5938366826632161]",1,-1
9398,[0.26918442 0.43771025],9,0,"[0.2473875480073203, 0.39401489827781994]",1,-1
9399,[0.25891764 0.46525192],9,17,"[0.19949257984775934, 0.47737458183782433]",1,-1
9400,[0.29054149 0.46982644],9,13,"[0.32294489274299887, 0.4620611538839558]",1,-1
9401,[0.29082305 0.39548627],9,0,"[0.2473875480073203, 0.39401489827781994]",1,-1
9402,[0.18687106 0.45226351],9,17,"[0.19949257984775934, 0.47737458183782433]",1,-1
9403,[0.28359675 0.53798198],9,44,"[0.30505443145580996, 0.5938366826632161]",1,-1
9404,[0.28563883 0.45390089],9,13,"[0.32294489274299887, 0.4620611538839558]",1,-1
9405,[0.32422879 0.45365822],9,13,"[0.32294489274299887, 0.4620611538839558]",1,-1
9406,[0.32573319 0.43164723],9,13,"[0.32294489274299887, 0.4620611538839558]",1,-1
9407,[0.30746016 0.48485705],9,13,"[0.32294489274299887, 0.4620611538839558]",1,-1
9408,[0.25352049 0.40759334],9,0,"[0.2473875480073203, 0.39401489827781994]",1,-1
9409,[0.22891096 0.4659507 ],9,17,"[0.19949257984775934, 0.47737458183782433]",1,-1
9410,[0.29946484 0.47461049],9,13,"[0.32294489274299887, 0.4620611538839558]",1,-1
9411,[0.39236215 0.41247034],9,6,"[0.40123478470159024, 0.40656176249784554]",1,-1
9412,[0.25390047 0.40017069],9,0,"[0.2473875480073203, 0.39401489827781994]",1,-1
9413,[0.32618995 0.44089438],9,13,"[0.32294489274299887, 0.4620611538839558]",1,-1
9414,[0.29872601 0.46815591],9,13,"[0.32294489274299887, 0.4620611538839558]",1,-1
9415,[0.29075428 0.44182972],9,13,"[0.32294489274299887, 0.4620611538839558]",1,-1
9416,[0.33446142 0.46624908],9,13,"[0.32294489274299887, 0.4620611538839558]",1,-1
9417,[0.3122344 0.4676382],9,13,"[0.32294489274299887, 0.4620611538839558]",1,-1
9418,[0.32731501 0.41858001],9,13,"[0.32294489274299887, 0.4620611538839558]",1,-1
9419,[0.34522469 0.37134484],9,1,"[0.33650952271243567, 0.3695039184549852]",1,-1
9420,[0.33213057 0.47984421],9,13,"[0.32294489274299887, 0.4620611538839558]",1,-1
9421,[0.30943686 0.43196128],9,13,"[0.32294489274299887, 0.4620611538839558]",1,-1
9422,[0.2911024  0.42323095],9,13,"[0.32294489274299887, 0.4620611538839558]",1,-1
9423,[0.33377092 0.36040072],9,1,"[0.33650952271243567, 0.3695039184549852]",1,77
9424,[0.2912456 0.468006 ],9,13,"[0.32294489274299887, 0.4620611538839558]",1,-1
9425,[0.29641628 0.44457294],9,13,"[0.32294489274299887, 0.4620611538839558]",1,-1
9426,[0.29925238 0.51478863],9,13,"[0.32294489274299887, 0.4620611538839558]",1,-1
9427,[0.29379674 0.48830251],9,13,"[0.32294489274299887, 0.4620611538839558]",1,-1
9428,[0.25661392 0.48925739],9,17,"[0.19949257984775934, 0.47737458183782433]",1,-1
9429,[0.26339942 0.55959648],9,40,"[0.24325605379412626, 0.6063462149687255]",1,-1
9430,[0.29079707 0.40776285],9,0,"[0.2473875480073203, 0.39401489827781994]",1,-1
9431,[0.27618208 0.46632196],9,13,"[0.32294489274299887, 0.4620611538839558]",1,-1
9432,[0.25264369 0.39807038],9,0,"[0.2473875480073203, 0.39401489827781994]",1,-1
9433,[0.23771466 0.41805583],9,0,"[0.2473875480073203, 0.39401489827781994]",1,48
9434,[0.30618373 0.34367377],9,1,"[0.33650952271243567, 0.3695039184549852]",1,-1
9435,[0.3852809  0.45374632],9,6,"[0.40123478470159024, 0.40656176249784554]",1,-1
9436,[0.30014732 0.48993945],9,13,"[0.32294489274299887, 0.4620611538839558]",1,-1
9437,[0.34860171 0.36303652],9,1,"[0.33650952271243567, 0.3695039184549852]",1,-1
9438,[0.34419409 0.51067788],9,13,"[0.32294489274299887, 0.4620611538839558]",1,-1
9439,[0.31548659 0.49733979],9,13,"[0.32294489274299887, 0.4620611538839558]",1,-1
9440,[0.32446238 0.38023272],9,1,"[0.33650952271243567, 0.3695039184549852]",1,72
9441,[0.3326315  0.45797856],9,13,"[0.32294489274299887, 0.4620611538839558]",1,-1
9442,[0.28269852 0.45926707],9,13,"[0.32294489274299887, 0.4620611538839558]",1,-1
9443,[0.30078605 0.47062174],9,13,"[0.32294489274299887, 0.4620611538839558]",1,-1
9444,[0.2787191  0.47786849],9,13,"[0.32294489274299887, 0.4620611538839558]",1,-1
9445,[0.26019213 0.42733393],9,0,"[0.2473875480073203, 0.39401489827781994]",1,-1
9446,[0.29864119 0.49447039],9,13,"[0.32294489274299887, 0.4620611538839558]",1,-1
9447,[0.3065178 0.3803859],9,1,"[0.33650952271243567, 0.3695039184549852]",1,-1
9448,[0.20079448 0.43428086],9,17,"[0.19949257984775934, 0.47737458183782433]",1,-1
9449,[0.26914494 0.4459278 ],9,13,"[0.32294489274299887, 0.4620611538839558]",1,29
9450,[0.3323678  0.38598337],9,1,"[0.33650952271243567, 0.3695039184549852]",1,-1
9451,[0.36235391 0.42916161],9,6,"[0.40123478470159024, 0.40656176249784554]",1,-1
9452,[0.28542284 0.37137652],9,0,"[0.2473875480073203, 0.39401489827781994]",1,-1
9453,[0.3335132  0.37407584],9,1,"[0.33650952271243567, 0.3695039184549852]",1,-1
9454,[0.29840725 0.49378449],9,13,"[0.32294489274299887, 0.4620611538839558]",1,-1
9455,[0.30646012 0.37884273],9,1,"[0.33650952271243567, 0.3695039184549852]",1,-1
9456,[0.32948442 0.43860984],9,13,"[0.32294489274299887, 0.4620611538839558]",1,-1
9457,[0.30705808 0.43594476],9,13,"[0.32294489274299887, 0.4620611538839558]",1,-1
9458,[0.27833148 0.50384884],9,13,"[0.32294489274299887, 0.4620611538839558]",1,-1
9459,[0.32963682 0.4370838 ],9,13,"[0.32294489274299887, 0.4620611538839558]",1,-1
9460,[0.3212949  0.52933141],9,44,"[0.30505443145580996, 0.5938366826632161]",1,-1
9461,[0.28811335 0.49457877],9,13,"[0.32294489274299887, 0.4620611538839558]",1,-1
9462,[0.25801134 0.46187728],9,17,"[0.19949257984775934, 0.47737458183782433]",1,-1
9463,[0.27263968 0.44668364],9,13,"[0.32294489274299887, 0.4620611538839558]",1,29
9464,[0.30785028 0.33630136],9,1,"[0.33650952271243567, 0.3695039184549852]",1,-1
9465,[0.37126119 0.45827054],9,13,"[0.32294489274299887, 0.4620611538839558]",1,-1
9466,[0.36931529 0.43586316],9,6,"[0.40123478470159024, 0.40656176249784554]",1,-1
9467,[0.25561489 0.38247637],9,0,"[0.2473875480073203, 0.39401489827781994]",1,-1
9468,[0.26068657 0.37801051],9,0,"[0.2473875480073203, 0.39401489827781994]",1,-1
9469,[0.36203675 0.40387996],9,6,"[0.40123478470159024, 0.40656176249784554]",1,-1
9470,[0.25086417 0.40818044],9,0,"[0.2473875480073203, 0.39401489827781994]",1,-1
9471,[0.28273928 0.48269241],9,13,"[0.32294489274299887, 0.4620611538839558]",1,-1
9472,[0.20707494 0.40493644],9,0,"[0.2473875480073203, 0.39401489827781994]",1,-1
9473,[0.22663956 0.42042248],9,0,"[0.2473875480073203, 0.39401489827781994]",1,48
9474,[0.36730664 0.29762395],9,4,"[0.3937233168939997, 0.29890402186269427]",1,-1
9475,[0.3048666  0.50500809],9,13,"[0.32294489274299887, 0.4620611538839558]",1,-1
9476,[0.27983764 0.46405687],9,13,"[0.32294489274299887, 0.4620611538839558]",1,-1
9477,[0.35323191 0.44928848],9,13,"[0.32294489274299887, 0.4620611538839558]",1,-1
9478,[0.35663003 0.41744172],9,6,"[0.40123478470159024, 0.40656176249784554]",1,-1
9479,[0.28418153 0.46417362],9,13,"[0.32294489274299887, 0.4620611538839558]",1,-1
9480,[0.27973201 0.48622084],9,13,"[0.32294489274299887, 0.4620611538839558]",1,-1
9481,[0.24786426 0.4780327 ],9,17,"[0.19949257984775934, 0.47737458183782433]",1,-1
9482,[0.30848381 0.42108007],9,13,"[0.32294489274299887, 0.4620611538839558]",1,-1
9483,[0.19703285 0.42781674],9,17,"[0.19949257984775934, 0.47737458183782433]",1,21
9484,[0.27612959 0.45463083],9,13,"[0.32294489274299887, 0.4620611538839558]",1,-1
9485,[0.21041038 0.44249837],9,17,"[0.19949257984775934, 0.47737458183782433]",1,-1
9486,[0.34516026 0.45293065],9,13,"[0.32294489274299887, 0.4620611538839558]",1,-1
9487,[0.21889327 0.28266676],9,15,"[0.188292755006214, 0.3253570325311902]",1,-1
9488,[0.27799824 0.42650718],9,0,"[0.2473875480073203, 0.39401489827781994]",1,-1
9489,[0.36345192 0.39574125],9,1,"[0.33650952271243567, 0.3695039184549852]",1,79
9490,[0.33775549 0.51647942],9,13,"[0.32294489274299887, 0.4620611538839558]",1,-1
9491,[0.30111114 0.43229738],9,13,"[0.32294489274299887, 0.4620611538839558]",1,-1
9492,[0.22574851 0.52169514],9,17,"[0.19949257984775934, 0.47737458183782433]",1,-1
9493,[0.25075626 0.38834289],9,0,"[0.2473875480073203, 0.39401489827781994]",1,-1
9494,[0.31787325 0.47362866],9,13,"[0.32294489274299887, 0.4620611538839558]",1,-1
9495,[0.22119221 0.3885439 ],9,0,"[0.2473875480073203, 0.39401489827781994]",1,-1
9496,[0.27152242 0.45142058],9,13,"[0.32294489274299887, 0.4620611538839558]",1,29
9497,[0.30624535 0.44643022],9,13,"[0.32294489274299887, 0.4620611538839558]",1,-1
9498,[0.24287628 0.35969601],9,0,"[0.2473875480073203, 0.39401489827781994]",1,-1
9499,[0.31529378 0.46798075],9,13,"[0.32294489274299887, 0.4620611538839558]",1,-1
9500,[0.3051407  0.42513975],9,13,"[0.32294489274299887, 0.4620611538839558]",1,-1
9501,[0.32833987 0.40896578],9,1,"[0.33650952271243567, 0.3695039184549852]",1,-1
9502,[0.30171258 0.38917765],9,1,"[0.33650952271243567, 0.3695039184549852]",1,-1
9503,[0.32091566 0.33915595],9,1,"[0.33650952271243567, 0.3695039184549852]",1,-1
9504,[0.23394043 0.44831644],9,17,"[0.19949257984775934, 0.47737458183782433]",1,-1
9505,[0.32886371 0.4304702 ],9,13,"[0.32294489274299887, 0.4620611538839558]",1,-1
9506,[0.33749008 0.3488096 ],9,1,"[0.33650952271243567, 0.3695039184549852]",1,77
9507,[0.26191247 0.43422682],9,0,"[0.2473875480073203, 0.39401489827781994]",1,-1
9508,[0.37795691 0.3785357 ],9,6,"[0.40123478470159024, 0.40656176249784554]",1,78
9509,[0.16030298 0.38044466],9,15,"[0.188292755006214, 0.3253570325311902]",1,-1
9510,[0.33317661 0.42522189],9,13,"[0.32294489274299887, 0.4620611538839558]",1,-1
9511,[0.26218533 0.56431583],9,40,"[0.24325605379412626, 0.6063462149687255]",1,-1
9512,[0.2200853  0.51880548],9,17,"[0.19949257984775934, 0.47737458183782433]",1,-1
9513,[0.32270697 0.48006067],9,13,"[0.32294489274299887, 0.4620611538839558]",1,-1
9514,[0.28845855 0.41565127],9,0,"[0.2473875480073203, 0.39401489827781994]",1,-1
9515,[0.28617831 0.46823341],9,13,"[0.32294489274299887, 0.4620611538839558]",1,-1
9516,[0.34607857 0.4352357 ],9,13,"[0.32294489274299887, 0.4620611538839558]",1,-1
9517,[0.25360141 0.39468881],9,0,"[0.2473875480073203, 0.39401489827781994]",1,-1
9518,[0.19873688 0.44225938],9,17,"[0.19949257984775934, 0.47737458183782433]",1,-1
9519,[0.33597632 0.51209779],9,13,"[0.32294489274299887, 0.4620611538839558]",1,-1
9520,[0.31902042 0.50192112],9,13,"[0.32294489274299887, 0.4620611538839558]",1,-1
9521,[0.2883289  0.43293331],9,13,"[0.32294489274299887, 0.4620611538839558]",1,-1
9522,[0.19296442 0.47394168],9,17,"[0.19949257984775934, 0.47737458183782433]",1,-1
9523,[0.19983617 0.4713589 ],9,17,"[0.19949257984775934, 0.47737458183782433]",1,-1
9524,[0.30518189 0.40545418],9,1,"[0.33650952271243567, 0.3695039184549852]",1,-1
9525,[0.30157087 0.45892569],9,13,"[0.32294489274299887, 0.4620611538839558]",1,-1
9526,[0.26498987 0.39193452],9,0,"[0.2473875480073203, 0.39401489827781994]",1,-1
9527,[0.25374318 0.43645084],9,0,"[0.2473875480073203, 0.39401489827781994]",1,-1
9528,[0.21377342 0.45834428],9,17,"[0.19949257984775934, 0.47737458183782433]",1,-1
9529,[0.31617006 0.39233501],9,1,"[0.33650952271243567, 0.3695039184549852]",1,-1
9530,[0.19207827 0.38389905],9,0,"[0.2473875480073203, 0.39401489827781994]",1,-1
9531,[0.25997047 0.4577948 ],9,13,"[0.32294489274299887, 0.4620611538839558]",1,-1
9532,[0.35682842 0.46721685],9,13,"[0.32294489274299887, 0.4620611538839558]",1,-1
9533,[0.30814799 0.50230563],9,13,"[0.32294489274299887, 0.4620611538839558]",1,-1
9534,[0.34387403 0.37409975],9,1,"[0.33650952271243567, 0.3695039184549852]",1,-1
9535,[0.24184231 0.4392589 ],9,0,"[0.2473875480073203, 0.39401489827781994]",1,-1
9536,[0.29586549 0.46617249],9,13,"[0.32294489274299887, 0.4620611538839558]",1,-1
9537,[0.26266139 0.39505417],9,0,"[0.2473875480073203, 0.39401489827781994]",1,-1
9538,[0.33996825 0.54273438],9,44,"[0.30505443145580996, 0.5938366826632161]",1,-1
9539,[0.18592739 0.38304206],9,15,"[0.188292755006214, 0.3253570325311902]",1,-1
9540,[0.26632683 0.41524168],9,0,"[0.2473875480073203, 0.39401489827781994]",1,-1
9541,[0.28151476 0.48064687],9,13,"[0.32294489274299887, 0.4620611538839558]",1,-1
9542,[0.21907627 0.40356683],9,0,"[0.2473875480073203, 0.39401489827781994]",1,-1
9543,[0.33911569 0.48535689],9,13,"[0.32294489274299887, 0.4620611538839558]",1,-1
9544,[0.22816885 0.37302682],9,0,"[0.2473875480073203, 0.39401489827781994]",1,-1
9545,[0.33069736 0.40188789],9,1,"[0.33650952271243567, 0.3695039184549852]",1,-1
9546,[0.24224625 0.48156319],9,17,"[0.19949257984775934, 0.47737458183782433]",1,-1
9547,[0.2931208  0.45987327],9,13,"[0.32294489274299887, 0.4620611538839558]",1,-1
9548,[0.2430406  0.43836006],9,0,"[0.2473875480073203, 0.39401489827781994]",1,-1
9549,[0.2949678  0.52113329],9,13,"[0.32294489274299887, 0.4620611538839558]",1,-1
9550,[0.30956179 0.47143869],9,13,"[0.32294489274299887, 0.4620611538839558]",1,-1
9551,[0.35950115 0.40522624],9,6,"[0.40123478470159024, 0.40656176249784554]",1,-1
9552,[0.28979532 0.42541685],9,13,"[0.32294489274299887, 0.4620611538839558]",1,-1
9553,[0.28189631 0.43915141],9,13,"[0.32294489274299887, 0.4620611538839558]",1,-1
9554,[0.15969783 0.38638076],9,15,"[0.188292755006214, 0.3253570325311902]",1,-1
9555,[0.38851639 0.38650865],9,6,"[0.40123478470159024, 0.40656176249784554]",1,78
9556,[0.211347   0.45571252],9,17,"[0.19949257984775934, 0.47737458183782433]",1,-1
9557,[0.2523485  0.47474974],9,17,"[0.19949257984775934, 0.47737458183782433]",1,-1
9558,[0.17915016 0.47449036],9,17,"[0.19949257984775934, 0.47737458183782433]",1,-1
9559,[0.32360899 0.37521864],9,1,"[0.33650952271243567, 0.3695039184549852]",1,-1
9560,[0.28170295 0.38730537],9,0,"[0.2473875480073203, 0.39401489827781994]",1,-1
9561,[0.27864285 0.36382573],9,0,"[0.2473875480073203, 0.39401489827781994]",1,-1
9562,[0.27322549 0.45961507],9,13,"[0.32294489274299887, 0.4620611538839558]",1,-1
9563,[0.22270227 0.48086906],9,17,"[0.19949257984775934, 0.47737458183782433]",1,-1
9564,[0.3359248  0.46072257],9,13,"[0.32294489274299887, 0.4620611538839558]",1,-1
9565,[0.26724273 0.43191227],9,0,"[0.2473875480073203, 0.39401489827781994]",1,-1
9566,[0.31532453 0.43965855],9,13,"[0.32294489274299887, 0.4620611538839558]",1,-1
9567,[0.24082546 0.42117751],9,0,"[0.2473875480073203, 0.39401489827781994]",1,48
9568,[0.21139307 0.40676503],9,0,"[0.2473875480073203, 0.39401489827781994]",1,-1
9569,[0.3223073  0.44373248],9,13,"[0.32294489274299887, 0.4620611538839558]",1,-1
9570,[0.35286528 0.39835846],9,1,"[0.33650952271243567, 0.3695039184549852]",1,-1
9571,[0.28892349 0.36243092],9,1,"[0.33650952271243567, 0.3695039184549852]",1,-1
9572,[0.3207961 0.4729343],9,13,"[0.32294489274299887, 0.4620611538839558]",1,-1
9573,[0.1835695 0.4923542],9,17,"[0.19949257984775934, 0.47737458183782433]",1,-1
9574,[0.31147737 0.50814974],9,13,"[0.32294489274299887, 0.4620611538839558]",1,-1
9575,[0.33259353 0.53473323],9,44,"[0.30505443145580996, 0.5938366826632161]",1,-1
9576,[0.29257308 0.47972598],9,13,"[0.32294489274299887, 0.4620611538839558]",1,-1
9577,[0.32499687 0.4669212 ],9,13,"[0.32294489274299887, 0.4620611538839558]",1,-1
9578,[0.34267357 0.39347378],9,1,"[0.33650952271243567, 0.3695039184549852]",1,-1
9579,[0.29689495 0.41250172],9,0,"[0.2473875480073203, 0.39401489827781994]",1,-1
9580,[0.29689839 0.43375612],9,13,"[0.32294489274299887, 0.4620611538839558]",1,-1
9581,[0.26671201 0.42033195],9,0,"[0.2473875480073203, 0.39401489827781994]",1,-1
9582,[0.33642374 0.43891957],9,13,"[0.32294489274299887, 0.4620611538839558]",1,-1
9583,[0.23484334 0.47693692],9,17,"[0.19949257984775934, 0.47737458183782433]",1,-1
9584,[0.29455987 0.48210915],9,13,"[0.32294489274299887, 0.4620611538839558]",1,-1
9585,[0.25967651 0.4632378 ],9,17,"[0.19949257984775934, 0.47737458183782433]",1,-1
9586,[0.27538932 0.43341272],9,0,"[0.2473875480073203, 0.39401489827781994]",1,53
9587,[0.24670416 0.41228602],9,0,"[0.2473875480073203, 0.39401489827781994]",1,-1
9588,[0.44784364 0.44040451],9,35,"[0.491626887866141, 0.45015531396212327]",1,-1
9589,[0.33044098 0.47111653],9,13,"[0.32294489274299887, 0.4620611538839558]",1,-1
9590,[0.34743955 0.49351621],9,13,"[0.32294489274299887, 0.4620611538839558]",1,-1
9591,[0.28590566 0.43203859],9,13,"[0.32294489274299887, 0.4620611538839558]",1,-1
9592,[0.34822791 0.51766807],9,13,"[0.32294489274299887, 0.4620611538839558]",1,-1
9593,[0.29841809 0.43815701],9,13,"[0.32294489274299887, 0.4620611538839558]",1,-1
9594,[0.29816582 0.47011026],9,13,"[0.32294489274299887, 0.4620611538839558]",1,-1
9595,[0.26056358 0.32892117],9,7,"[0.2880919156697789, 0.2889500356712737]",1,-1
9596,[0.25849919 0.41084354],9,0,"[0.2473875480073203, 0.39401489827781994]",1,-1
9597,[0.27781172 0.47304577],9,13,"[0.32294489274299887, 0.4620611538839558]",1,-1
9598,[0.29126833 0.41698155],9,0,"[0.2473875480073203, 0.39401489827781994]",1,-1
9599,[0.31908521 0.42203115],9,13,"[0.32294489274299887, 0.4620611538839558]",1,-1
9600,[0.26116039 0.43810371],9,0,"[0.2473875480073203, 0.39401489827781994]",1,-1
9601,[0.24753344 0.49501066],9,17,"[0.19949257984775934, 0.47737458183782433]",1,-1
9602,[0.32383274 0.48239395],9,13,"[0.32294489274299887, 0.4620611538839558]",1,-1
9603,[0.32036941 0.48418562],9,13,"[0.32294489274299887, 0.4620611538839558]",1,-1
9604,[0.40933718 0.42141408],9,6,"[0.40123478470159024, 0.40656176249784554]",1,-1
9605,[0.21041566 0.51120201],9,17,"[0.19949257984775934, 0.47737458183782433]",1,-1
9606,[0.36221207 0.40967238],9,6,"[0.40123478470159024, 0.40656176249784554]",1,-1
9607,[0.30469973 0.42716474],9,13,"[0.32294489274299887, 0.4620611538839558]",1,-1
9608,[0.26613932 0.36028675],9,0,"[0.2473875480073203, 0.39401489827781994]",1,-1
9609,[0.28083679 0.3962632 ],9,0,"[0.2473875480073203, 0.39401489827781994]",1,-1
9610,[0.30230569 0.35964242],9,1,"[0.33650952271243567, 0.3695039184549852]",1,-1
9611,[0.25899759 0.44654992],9,0,"[0.2473875480073203, 0.39401489827781994]",1,-1
9612,[0.27085263 0.44626299],9,13,"[0.32294489274299887, 0.4620611538839558]",1,29
9613,[0.25765288 0.3982699 ],9,0,"[0.2473875480073203, 0.39401489827781994]",1,-1
9614,[0.3596312  0.50561985],9,13,"[0.32294489274299887, 0.4620611538839558]",1,-1
9615,[0.3202588  0.34921913],9,1,"[0.33650952271243567, 0.3695039184549852]",1,-1
9616,[0.30182459 0.47267511],9,13,"[0.32294489274299887, 0.4620611538839558]",1,-1
9617,[0.26130347 0.42586943],9,0,"[0.2473875480073203, 0.39401489827781994]",1,-1
9618,[0.25804059 0.44426663],9,0,"[0.2473875480073203, 0.39401489827781994]",1,-1
9619,[0.20569016 0.45188135],9,17,"[0.19949257984775934, 0.47737458183782433]",1,-1
9620,[0.27451269 0.42041473],9,0,"[0.2473875480073203, 0.39401489827781994]",1,53
9621,[0.29537657 0.42896488],9,13,"[0.32294489274299887, 0.4620611538839558]",1,-1
9622,[0.22682139 0.48372988],9,17,"[0.19949257984775934, 0.47737458183782433]",1,-1
9623,[0.2587786  0.38124366],9,0,"[0.2473875480073203, 0.39401489827781994]",1,-1
9624,[0.21436003 0.47221293],9,17,"[0.19949257984775934, 0.47737458183782433]",1,-1
9625,[0.28035433 0.33812901],9,7,"[0.2880919156697789, 0.2889500356712737]",1,27
9626,[0.29671303 0.46567928],9,13,"[0.32294489274299887, 0.4620611538839558]",1,-1
9627,[0.43910215 0.52956405],9,18,"[0.4203234088660354, 0.508036417947434]",1,-1
9628,[0.35160281 0.49215706],9,13,"[0.32294489274299887, 0.4620611538839558]",1,-1
9629,[0.40238346 0.34865492],9,4,"[0.3937233168939997, 0.29890402186269427]",1,71
9630,[0.32049143 0.41445751],9,13,"[0.32294489274299887, 0.4620611538839558]",1,-1
9631,[0.31412499 0.41591752],9,13,"[0.32294489274299887, 0.4620611538839558]",1,-1
9632,[0.28756285 0.46686995],9,13,"[0.32294489274299887, 0.4620611538839558]",1,-1
9633,[0.29883336 0.38232174],9,1,"[0.33650952271243567, 0.3695039184549852]",1,-1
9634,[0.35064188 0.34387044],9,1,"[0.33650952271243567, 0.3695039184549852]",1,-1
9635,[0.31591079 0.3740844 ],9,1,"[0.33650952271243567, 0.3695039184549852]",1,-1
9636,[0.33337532 0.44624599],9,13,"[0.32294489274299887, 0.4620611538839558]",1,-1
9637,[0.23454228 0.34151405],9,15,"[0.188292755006214, 0.3253570325311902]",1,40
9638,[0.33935384 0.39389276],9,1,"[0.33650952271243567, 0.3695039184549852]",1,-1
9639,[0.26545879 0.45573072],9,13,"[0.32294489274299887, 0.4620611538839558]",1,29
9640,[0.32467179 0.49481184],9,13,"[0.32294489274299887, 0.4620611538839558]",1,-1
9641,[0.28943844 0.48045008],9,13,"[0.32294489274299887, 0.4620611538839558]",1,-1
9642,[0.28898042 0.43704602],9,13,"[0.32294489274299887, 0.4620611538839558]",1,-1
9643,[0.29261105 0.42574504],9,13,"[0.32294489274299887, 0.4620611538839558]",1,-1
9644,[0.26528629 0.46458777],9,13,"[0.32294489274299887, 0.4620611538839558]",1,-1
9645,[0.38334651 0.4070973 ],9,6,"[0.40123478470159024, 0.40656176249784554]",1,-1
9646,[0.24867975 0.41510407],9,0,"[0.2473875480073203, 0.39401489827781994]",1,-1
9647,[0.34866898 0.5237131 ],9,13,"[0.32294489274299887, 0.4620611538839558]",1,-1
9648,[0.44649231 0.36897299],9,37,"[0.4780366509520634, 0.3686118735311782]",1,-1
9649,[0.31243063 0.49965764],9,13,"[0.32294489274299887, 0.4620611538839558]",1,-1
9650,[0.2707381  0.49245709],9,13,"[0.32294489274299887, 0.4620611538839558]",1,-1
9651,[0.25387968 0.35800982],9,0,"[0.2473875480073203, 0.39401489827781994]",1,-1
9652,[0.3137442  0.44152715],9,13,"[0.32294489274299887, 0.4620611538839558]",1,-1
9653,[0.2709206  0.46231084],9,13,"[0.32294489274299887, 0.4620611538839558]",1,-1
9654,[0.33724217 0.5334938 ],9,44,"[0.30505443145580996, 0.5938366826632161]",1,-1
9655,[0.29598962 0.47641545],9,13,"[0.32294489274299887, 0.4620611538839558]",1,-1
9656,[0.30321893 0.36530814],9,1,"[0.33650952271243567, 0.3695039184549852]",1,-1
9657,[0.3093742  0.46937144],9,13,"[0.32294489274299887, 0.4620611538839558]",1,-1
9658,[0.28461409 0.39680194],9,0,"[0.2473875480073203, 0.39401489827781994]",1,-1
9659,[0.34831758 0.41326478],9,1,"[0.33650952271243567, 0.3695039184549852]",1,-1
9660,[0.27628164 0.43173136],9,0,"[0.2473875480073203, 0.39401489827781994]",1,53
9661,[0.32424958 0.40073019],9,1,"[0.33650952271243567, 0.3695039184549852]",1,-1
9662,[0.35301212 0.38898373],9,1,"[0.33650952271243567, 0.3695039184549852]",1,-1
9663,[0.35470907 0.39572891],9,1,"[0.33650952271243567, 0.3695039184549852]",1,-1
9664,[0.41435641 0.46711835],9,18,"[0.4203234088660354, 0.508036417947434]",1,-1
9665,[0.27627125 0.40450605],9,0,"[0.2473875480073203, 0.39401489827781994]",1,59
9666,[0.31952294 0.47237933],9,13,"[0.32294489274299887, 0.4620611538839558]",1,-1
9667,[0.37327902 0.42101839],9,6,"[0.40123478470159024, 0.40656176249784554]",1,-1
9668,[0.36524176 0.44665116],9,13,"[0.32294489274299887, 0.4620611538839558]",1,-1
9669,[0.26884606 0.38253477],9,0,"[0.2473875480073203, 0.39401489827781994]",1,-1
9670,[0.29516378 0.33870218],9,7,"[0.2880919156697789, 0.2889500356712737]",1,-1
9671,[0.3260514  0.39967973],9,1,"[0.33650952271243567, 0.3695039184549852]",1,-1
9672,[0.2905829  0.38981323],9,0,"[0.2473875480073203, 0.39401489827781994]",1,-1
9673,[0.41953476 0.48919269],9,18,"[0.4203234088660354, 0.508036417947434]",1,-1
9674,[0.26414597 0.39949496],9,0,"[0.2473875480073203, 0.39401489827781994]",1,-1
9675,[0.29740641 0.56345275],9,44,"[0.30505443145580996, 0.5938366826632161]",1,-1
9676,[0.34001909 0.41941959],9,13,"[0.32294489274299887, 0.4620611538839558]",1,-1
9677,[0.27829125 0.44256655],9,13,"[0.32294489274299887, 0.4620611538839558]",1,-1
9678,[0.27596882 0.50785879],9,13,"[0.32294489274299887, 0.4620611538839558]",1,-1
9679,[0.17696141 0.42707487],9,17,"[0.19949257984775934, 0.47737458183782433]",1,-1
9680,[0.34067976 0.5300037 ],9,-1,-1,1,-1
9681,[0.42845997 0.44854687],9,6,"[0.40123478470159024, 0.40656176249784554]",1,-1
9682,[0.31910675 0.46859209],9,13,"[0.32294489274299887, 0.4620611538839558]",1,-1
9683,[0.27864869 0.52230367],9,-1,-1,1,-1
9684,[0.26802828 0.46531779],9,13,"[0.32294489274299887, 0.4620611538839558]",1,-1
9685,[0.37797184 0.44059728],9,6,"[0.40123478470159024, 0.40656176249784554]",1,-1
9686,[0.31761411 0.3698155 ],9,1,"[0.33650952271243567, 0.3695039184549852]",1,-1
9687,[0.29475949 0.43920616],9,13,"[0.32294489274299887, 0.4620611538839558]",1,-1
9688,[0.31844429 0.47988823],9,13,"[0.32294489274299887, 0.4620611538839558]",1,-1
9689,[0.32440492 0.47153135],9,13,"[0.32294489274299887, 0.4620611538839558]",1,-1
9690,[0.23891231 0.48175018],9,17,"[0.19949257984775934, 0.47737458183782433]",1,-1
9691,[0.3507975 0.4777114],9,13,"[0.32294489274299887, 0.4620611538839558]",1,-1
9692,[0.38136023 0.45591303],9,6,"[0.40123478470159024, 0.40656176249784554]",1,-1
9693,[0.31605504 0.43218508],9,13,"[0.32294489274299887, 0.4620611538839558]",1,-1
9694,[0.27663167 0.52307671],9,-1,-1,1,-1
9695,[0.25693083 0.44520495],9,0,"[0.2473875480073203, 0.39401489827781994]",1,-1
9696,[0.25141283 0.46918261],9,17,"[0.19949257984775934, 0.47737458183782433]",1,-1
9697,[0.36477931 0.42837176],9,6,"[0.40123478470159024, 0.40656176249784554]",1,-1
9698,[0.30189979 0.35289882],9,1,"[0.33650952271243567, 0.3695039184549852]",1,-1
9699,[0.27017794 0.43295331],9,0,"[0.2473875480073203, 0.39401489827781994]",1,-1
9700,[0.37785955 0.4810125 ],9,18,"[0.4203234088660354, 0.508036417947434]",1,-1
9701,[0.27089987 0.46899313],9,13,"[0.32294489274299887, 0.4620611538839558]",1,-1
9702,[0.26989865 0.5453718 ],9,44,"[0.30505443145580996, 0.5938366826632161]",1,-1
9703,[0.22822203 0.44185682],9,17,"[0.19949257984775934, 0.47737458183782433]",1,-1
9704,[0.33953445 0.32744881],9,1,"[0.33650952271243567, 0.3695039184549852]",1,-1
9705,[0.22100531 0.3800188 ],9,0,"[0.2473875480073203, 0.39401489827781994]",1,35
9706,[0.31994741 0.40086534],9,1,"[0.33650952271243567, 0.3695039184549852]",1,61
9707,[0.27877503 0.50425763],9,13,"[0.32294489274299887, 0.4620611538839558]",1,-1
9708,[0.29752746 0.41119245],9,0,"[0.2473875480073203, 0.39401489827781994]",1,-1
9709,[0.27200693 0.42078144],9,0,"[0.2473875480073203, 0.39401489827781994]",1,53
9710,[0.29667951 0.36112096],9,1,"[0.33650952271243567, 0.3695039184549852]",1,-1
9711,[0.3211409  0.48813305],9,13,"[0.32294489274299887, 0.4620611538839558]",1,-1
9712,[0.30861514 0.42866962],9,13,"[0.32294489274299887, 0.4620611538839558]",1,-1
9713,[0.23944672 0.4185559 ],9,0,"[0.2473875480073203, 0.39401489827781994]",1,48
9714,[0.24688285 0.39308817],9,0,"[0.2473875480073203, 0.39401489827781994]",1,-1
9715,[0.26491716 0.45416239],9,13,"[0.32294489274299887, 0.4620611538839558]",1,29
9716,[0.32244839 0.45398705],9,13,"[0.32294489274299887, 0.4620611538839558]",1,-1
9717,[0.20047634 0.41599051],9,0,"[0.2473875480073203, 0.39401489827781994]",1,-1
9718,[0.34429624 0.54419274],9,25,"[0.38660465276603295, 0.5871767558758164]",1,-1
9719,[0.24611036 0.46105771],9,17,"[0.19949257984775934, 0.47737458183782433]",1,24
9720,[0.32165465 0.39196605],9,1,"[0.33650952271243567, 0.3695039184549852]",1,-1
9721,[0.3219654  0.38150525],9,1,"[0.33650952271243567, 0.3695039184549852]",1,72
9722,[0.32315039 0.51467052],9,13,"[0.32294489274299887, 0.4620611538839558]",1,-1
9723,[0.2309285  0.43075442],9,0,"[0.2473875480073203, 0.39401489827781994]",1,-1
9724,[0.24496428 0.5478205 ],9,40,"[0.24325605379412626, 0.6063462149687255]",1,-1
9725,[0.26566746 0.47356205],9,13,"[0.32294489274299887, 0.4620611538839558]",1,-1
9726,[0.29042677 0.43802762],9,13,"[0.32294489274299887, 0.4620611538839558]",1,-1
9727,[0.32390147 0.40430175],9,1,"[0.33650952271243567, 0.3695039184549852]",1,-1
9728,[0.23140721 0.4810344 ],9,17,"[0.19949257984775934, 0.47737458183782433]",1,-1
9729,[0.27402955 0.49342422],9,13,"[0.32294489274299887, 0.4620611538839558]",1,-1
9730,[0.28594279 0.47428191],9,13,"[0.32294489274299887, 0.4620611538839558]",1,-1
9731,[0.34501716 0.45367822],9,13,"[0.32294489274299887, 0.4620611538839558]",1,-1
9732,[0.2827541  0.46945222],9,13,"[0.32294489274299887, 0.4620611538839558]",1,-1
9733,[0.28050483 0.49377805],9,13,"[0.32294489274299887, 0.4620611538839558]",1,-1
9734,[0.25693423 0.48425356],9,17,"[0.19949257984775934, 0.47737458183782433]",1,-1
9735,[0.21110073 0.51662119],9,17,"[0.19949257984775934, 0.47737458183782433]",1,-1
9736,[0.31200297 0.36477605],9,1,"[0.33650952271243567, 0.3695039184549852]",1,-1
9737,[0.33908179 0.46707519],9,13,"[0.32294489274299887, 0.4620611538839558]",1,-1
9738,[0.345338   0.45042092],9,13,"[0.32294489274299887, 0.4620611538839558]",1,-1
9739,[0.16518227 0.47097535],9,17,"[0.19949257984775934, 0.47737458183782433]",1,-1
9740,[0.3137302  0.42298719],9,13,"[0.32294489274299887, 0.4620611538839558]",1,-1
9741,[0.25777257 0.4050899 ],9,0,"[0.2473875480073203, 0.39401489827781994]",1,-1
9742,[0.34057629 0.39663321],9,1,"[0.33650952271243567, 0.3695039184549852]",1,-1
9743,[0.24128001 0.44001554],9,0,"[0.2473875480073203, 0.39401489827781994]",1,-1
9744,[0.30251003 0.48189396],9,13,"[0.32294489274299887, 0.4620611538839558]",1,-1
9745,[0.25080591 0.35607141],9,0,"[0.2473875480073203, 0.39401489827781994]",1,-1
9746,[0.22541662 0.45287992],9,17,"[0.19949257984775934, 0.47737458183782433]",1,-1
9747,[0.28070197 0.40187496],9,0,"[0.2473875480073203, 0.39401489827781994]",1,-1
9748,[0.33069236 0.4208443 ],9,13,"[0.32294489274299887, 0.4620611538839558]",1,-1
9749,[0.22704414 0.45651467],9,17,"[0.19949257984775934, 0.47737458183782433]",1,-1
9750,[0.28680538 0.45006888],9,13,"[0.32294489274299887, 0.4620611538839558]",1,-1
9751,[0.35096355 0.4179325 ],9,1,"[0.33650952271243567, 0.3695039184549852]",1,-1
9752,[0.30602857 0.47489072],9,13,"[0.32294489274299887, 0.4620611538839558]",1,-1
9753,[0.28789148 0.4098484 ],9,0,"[0.2473875480073203, 0.39401489827781994]",1,-1
9754,[0.20722741 0.41262229],9,0,"[0.2473875480073203, 0.39401489827781994]",1,-1
9755,[0.32390838 0.45139227],9,13,"[0.32294489274299887, 0.4620611538839558]",1,-1
9756,[0.26375736 0.46104534],9,13,"[0.32294489274299887, 0.4620611538839558]",1,29
9757,[0.24822439 0.4636316 ],9,17,"[0.19949257984775934, 0.47737458183782433]",1,-1
9758,[0.2889541  0.41544527],9,0,"[0.2473875480073203, 0.39401489827781994]",1,-1
9759,[0.25789106 0.41306517],9,0,"[0.2473875480073203, 0.39401489827781994]",1,-1
9760,[0.25982857 0.38464919],9,0,"[0.2473875480073203, 0.39401489827781994]",1,-1
9761,[0.3221707  0.41966352],9,13,"[0.32294489274299887, 0.4620611538839558]",1,-1
9762,[0.23407925 0.37629309],9,0,"[0.2473875480073203, 0.39401489827781994]",1,-1
9763,[0.29339349 0.39833189],9,0,"[0.2473875480073203, 0.39401489827781994]",1,-1
9764,[0.26225656 0.47206512],9,13,"[0.32294489274299887, 0.4620611538839558]",1,-1
9765,[0.34057215 0.43215287],9,13,"[0.32294489274299887, 0.4620611538839558]",1,-1
9766,[0.33075541 0.45859859],9,13,"[0.32294489274299887, 0.4620611538839558]",1,-1
9767,[0.32594188 0.49563448],9,13,"[0.32294489274299887, 0.4620611538839558]",1,-1
9768,[0.3047568  0.39038644],9,1,"[0.33650952271243567, 0.3695039184549852]",1,-1
9769,[0.22003543 0.50837667],9,17,"[0.19949257984775934, 0.47737458183782433]",1,-1
9770,[0.36476296 0.49868053],9,13,"[0.32294489274299887, 0.4620611538839558]",1,-1
9771,[0.26729878 0.43775531],9,0,"[0.2473875480073203, 0.39401489827781994]",1,-1
9772,[0.30800633 0.37040546],9,1,"[0.33650952271243567, 0.3695039184549852]",1,-1
9773,[0.35546778 0.50185154],9,13,"[0.32294489274299887, 0.4620611538839558]",1,-1
9774,[0.25248459 0.44644354],9,0,"[0.2473875480073203, 0.39401489827781994]",1,-1
9775,[0.38755776 0.48439224],9,18,"[0.4203234088660354, 0.508036417947434]",1,-1
9776,[0.27511004 0.49246103],9,13,"[0.32294489274299887, 0.4620611538839558]",1,-1
9777,[0.30798831 0.4495603 ],9,13,"[0.32294489274299887, 0.4620611538839558]",1,-1
9778,[0.3252276  0.45576432],9,13,"[0.32294489274299887, 0.4620611538839558]",1,-1
9779,[0.27951972 0.4794566 ],9,13,"[0.32294489274299887, 0.4620611538839558]",1,-1
9780,[0.22171397 0.58052324],9,40,"[0.24325605379412626, 0.6063462149687255]",1,-1
9781,[0.28972856 0.42097943],9,0,"[0.2473875480073203, 0.39401489827781994]",1,-1
9782,[0.23301373 0.46160223],9,17,"[0.19949257984775934, 0.47737458183782433]",1,-1
9783,[0.31110499 0.47785714],9,13,"[0.32294489274299887, 0.4620611538839558]",1,-1
9784,[0.31346809 0.33496725],9,1,"[0.33650952271243567, 0.3695039184549852]",1,-1
9785,[0.27513209 0.46573807],9,13,"[0.32294489274299887, 0.4620611538839558]",1,-1
9786,[0.29632851 0.40287701],9,0,"[0.2473875480073203, 0.39401489827781994]",1,-1
9787,[0.2420325  0.49292003],9,17,"[0.19949257984775934, 0.47737458183782433]",1,-1
9788,[0.37472605 0.49288268],9,18,"[0.4203234088660354, 0.508036417947434]",1,-1
9789,[0.29544947 0.40777426],9,0,"[0.2473875480073203, 0.39401489827781994]",1,-1
9790,[0.29381552 0.43498648],9,13,"[0.32294489274299887, 0.4620611538839558]",1,-1
9791,[0.28316356 0.49781639],9,13,"[0.32294489274299887, 0.4620611538839558]",1,-1
9792,[0.31777338 0.43866429],9,13,"[0.32294489274299887, 0.4620611538839558]",1,-1
9793,[0.31653291 0.52240293],9,13,"[0.32294489274299887, 0.4620611538839558]",1,-1
9794,[0.27496381 0.44014556],9,13,"[0.32294489274299887, 0.4620611538839558]",1,-1
9795,[0.32555579 0.41869087],9,13,"[0.32294489274299887, 0.4620611538839558]",1,-1
9796,[0.25487131 0.44767496],9,0,"[0.2473875480073203, 0.39401489827781994]",1,-1
9797,[0.33772857 0.46606935],9,13,"[0.32294489274299887, 0.4620611538839558]",1,-1
9798,[0.35947536 0.38339804],9,1,"[0.33650952271243567, 0.3695039184549852]",1,-1
9799,[0.32288779 0.42437763],9,13,"[0.32294489274299887, 0.4620611538839558]",1,-1
9800,[0.21955169 0.39617615],9,0,"[0.2473875480073203, 0.39401489827781994]",1,-1
9801,[0.24175183 0.45859145],9,17,"[0.19949257984775934, 0.47737458183782433]",1,24
9802,[0.27324819 0.35247366],9,0,"[0.2473875480073203, 0.39401489827781994]",1,-1
9803,[0.28654521 0.42895937],9,13,"[0.32294489274299887, 0.4620611538839558]",1,-1
9804,[0.27959804 0.50839447],9,13,"[0.32294489274299887, 0.4620611538839558]",1,-1
9805,[0.34497521 0.3283024 ],9,1,"[0.33650952271243567, 0.3695039184549852]",1,-1
9806,[0.27437127 0.38028603],9,0,"[0.2473875480073203, 0.39401489827781994]",1,-1
9807,[0.3770421  0.52461005],9,18,"[0.4203234088660354, 0.508036417947434]",1,-1
9808,[0.2671832  0.40236942],9,0,"[0.2473875480073203, 0.39401489827781994]",1,59
9809,[0.24919648 0.45488036],9,17,"[0.19949257984775934, 0.47737458183782433]",1,24
9810,[0.29363566 0.43630589],9,13,"[0.32294489274299887, 0.4620611538839558]",1,-1
9811,[0.29119842 0.50557064],9,13,"[0.32294489274299887, 0.4620611538839558]",1,-1
9812,[0.3040564  0.44786115],9,13,"[0.32294489274299887, 0.4620611538839558]",1,-1
9813,[0.28083812 0.52018218],9,-1,-1,1,-1
9814,[0.34062661 0.50755038],9,13,"[0.32294489274299887, 0.4620611538839558]",1,-1
9815,[0.30192055 0.49762233],9,13,"[0.32294489274299887, 0.4620611538839558]",1,-1
9816,[0.29566822 0.51612526],9,13,"[0.32294489274299887, 0.4620611538839558]",1,-1
9817,[0.41851137 0.40084651],9,6,"[0.40123478470159024, 0.40656176249784554]",1,-1
9818,[0.30124248 0.46325195],9,13,"[0.32294489274299887, 0.4620611538839558]",1,-1
9819,[0.25561823 0.44788877],9,0,"[0.2473875480073203, 0.39401489827781994]",1,-1
9820,[0.27220492 0.35778477],9,0,"[0.2473875480073203, 0.39401489827781994]",1,-1
9821,[0.37277901 0.44015558],9,6,"[0.40123478470159024, 0.40656176249784554]",1,-1
9822,[0.27527546 0.52981379],9,-1,-1,1,-1
9823,[0.33440097 0.45268065],9,13,"[0.32294489274299887, 0.4620611538839558]",1,-1
9824,[0.31693541 0.3995423 ],9,1,"[0.33650952271243567, 0.3695039184549852]",1,-1
9825,[0.34091228 0.38259074],9,1,"[0.33650952271243567, 0.3695039184549852]",1,72
9826,[0.32362761 0.4471723 ],9,13,"[0.32294489274299887, 0.4620611538839558]",1,-1
9827,[0.30324769 0.47563734],9,13,"[0.32294489274299887, 0.4620611538839558]",1,-1
9828,[0.31037631 0.39365738],9,1,"[0.33650952271243567, 0.3695039184549852]",1,-1
9829,[0.39133806 0.42250806],9,6,"[0.40123478470159024, 0.40656176249784554]",1,-1
9830,[0.25148337 0.44465477],9,0,"[0.2473875480073203, 0.39401489827781994]",1,-1
9831,[0.34570777 0.39699386],9,1,"[0.33650952271243567, 0.3695039184549852]",1,-1
9832,[0.21516967 0.44309228],9,17,"[0.19949257984775934, 0.47737458183782433]",1,-1
9833,[0.27450581 0.4151689 ],9,0,"[0.2473875480073203, 0.39401489827781994]",1,-1
9834,[0.28185421 0.44157758],9,13,"[0.32294489274299887, 0.4620611538839558]",1,-1
9835,[0.20638751 0.40606489],9,0,"[0.2473875480073203, 0.39401489827781994]",1,-1
9836,[0.2534505  0.47339814],9,17,"[0.19949257984775934, 0.47737458183782433]",1,-1
9837,[0.26863982 0.44745729],9,13,"[0.32294489274299887, 0.4620611538839558]",1,29
9838,[0.27532677 0.39744939],9,0,"[0.2473875480073203, 0.39401489827781994]",1,59
9839,[0.2455063 0.4275322],9,0,"[0.2473875480073203, 0.39401489827781994]",1,-1
9840,[0.26748226 0.45436378],9,13,"[0.32294489274299887, 0.4620611538839558]",1,29
9841,[0.29187949 0.45026928],9,13,"[0.32294489274299887, 0.4620611538839558]",1,-1
9842,[0.33320726 0.38176022],9,1,"[0.33650952271243567, 0.3695039184549852]",1,-1
9843,[0.24749317 0.5291769 ],9,-1,-1,1,-1
9844,[0.34064971 0.3707753 ],9,1,"[0.33650952271243567, 0.3695039184549852]",1,-1
9845,[0.23377512 0.45465945],9,17,"[0.19949257984775934, 0.47737458183782433]",1,-1
9846,[0.30784216 0.3825864 ],9,1,"[0.33650952271243567, 0.3695039184549852]",1,-1
9847,[0.30571991 0.4795799 ],9,13,"[0.32294489274299887, 0.4620611538839558]",1,-1
9848,[0.27432329 0.49214587],9,13,"[0.32294489274299887, 0.4620611538839558]",1,-1
9849,[0.36172792 0.44606123],9,13,"[0.32294489274299887, 0.4620611538839558]",1,-1
9850,[0.3287962  0.46171463],9,13,"[0.32294489274299887, 0.4620611538839558]",1,-1
9851,[0.25100532 0.4979569 ],9,17,"[0.19949257984775934, 0.47737458183782433]",1,-1
9852,[0.21564301 0.35197554],9,15,"[0.188292755006214, 0.3253570325311902]",1,-1
9853,[0.27177703 0.36547613],9,0,"[0.2473875480073203, 0.39401489827781994]",1,-1
9854,[0.37071753 0.38918696],9,6,"[0.40123478470159024, 0.40656176249784554]",1,-1
9855,[0.33072418 0.5334226 ],9,44,"[0.30505443145580996, 0.5938366826632161]",1,-1
9856,[0.33779515 0.38280991],9,1,"[0.33650952271243567, 0.3695039184549852]",1,72
9857,[0.27978364 0.52358516],9,-1,-1,1,-1
9858,[0.26921792 0.45917905],9,13,"[0.32294489274299887, 0.4620611538839558]",1,29
9859,[0.2390473  0.43617154],9,0,"[0.2473875480073203, 0.39401489827781994]",1,-1
9860,[0.28919661 0.55527621],9,44,"[0.30505443145580996, 0.5938366826632161]",1,-1
9861,[0.24218492 0.49612284],9,17,"[0.19949257984775934, 0.47737458183782433]",1,-1
9862,[0.23526198 0.50023243],9,17,"[0.19949257984775934, 0.47737458183782433]",1,-1
9863,[0.2339189  0.46105755],9,17,"[0.19949257984775934, 0.47737458183782433]",1,-1
9864,[0.29451594 0.40709832],9,0,"[0.2473875480073203, 0.39401489827781994]",1,-1
9865,[0.36909504 0.48657472],9,13,"[0.32294489274299887, 0.4620611538839558]",1,-1
9866,[0.24648564 0.367801  ],9,0,"[0.2473875480073203, 0.39401489827781994]",1,-1
9867,[0.27386905 0.40237735],9,0,"[0.2473875480073203, 0.39401489827781994]",1,59
9868,[0.29602351 0.4763506 ],9,13,"[0.32294489274299887, 0.4620611538839558]",1,-1
9869,[0.24704123 0.40940343],9,0,"[0.2473875480073203, 0.39401489827781994]",1,-1
9870,[0.32343322 0.37560005],9,1,"[0.33650952271243567, 0.3695039184549852]",1,-1
9871,[0.35385809 0.45868969],9,13,"[0.32294489274299887, 0.4620611538839558]",1,-1
9872,[0.25670413 0.48768401],9,17,"[0.19949257984775934, 0.47737458183782433]",1,-1
9873,[0.28294327 0.55289913],9,44,"[0.30505443145580996, 0.5938366826632161]",1,-1
9874,[0.31050289 0.45165789],9,13,"[0.32294489274299887, 0.4620611538839558]",1,-1
9875,[0.3385682  0.53746505],9,44,"[0.30505443145580996, 0.5938366826632161]",1,-1
9876,[0.28563409 0.36161893],9,0,"[0.2473875480073203, 0.39401489827781994]",1,-1
9877,[0.30853954 0.39333346],9,1,"[0.33650952271243567, 0.3695039184549852]",1,-1
9878,[0.36944018 0.49316119],9,18,"[0.4203234088660354, 0.508036417947434]",1,-1
9879,[0.21459029 0.4188619 ],9,0,"[0.2473875480073203, 0.39401489827781994]",1,-1
9880,[0.37541442 0.49726977],9,18,"[0.4203234088660354, 0.508036417947434]",1,-1
9881,[0.19631331 0.48618258],9,17,"[0.19949257984775934, 0.47737458183782433]",1,-1
9882,[0.29500244 0.48212715],9,13,"[0.32294489274299887, 0.4620611538839558]",1,-1
9883,[0.26331157 0.46980107],9,13,"[0.32294489274299887, 0.4620611538839558]",1,-1
9884,[0.3010661  0.48598099],9,13,"[0.32294489274299887, 0.4620611538839558]",1,-1
9885,[0.25293371 0.46528771],9,17,"[0.19949257984775934, 0.47737458183782433]",1,-1
9886,[0.38421326 0.48022248],9,18,"[0.4203234088660354, 0.508036417947434]",1,-1
9887,[0.33439306 0.51226946],9,13,"[0.32294489274299887, 0.4620611538839558]",1,-1
9888,[0.36436007 0.41663319],9,6,"[0.40123478470159024, 0.40656176249784554]",1,-1
9889,[0.26295343 0.38533324],9,0,"[0.2473875480073203, 0.39401489827781994]",1,-1
9890,[0.40657758 0.39200323],9,6,"[0.40123478470159024, 0.40656176249784554]",1,-1
9891,[0.32811559 0.48546892],9,13,"[0.32294489274299887, 0.4620611538839558]",1,-1
9892,[0.32504482 0.45031057],9,13,"[0.32294489274299887, 0.4620611538839558]",1,-1
9893,[0.29131345 0.42699595],9,13,"[0.32294489274299887, 0.4620611538839558]",1,-1
9894,[0.23785265 0.43644866],9,0,"[0.2473875480073203, 0.39401489827781994]",1,-1
9895,[0.27900548 0.38591326],9,0,"[0.2473875480073203, 0.39401489827781994]",1,-1
9896,[0.32359268 0.48482762],9,13,"[0.32294489274299887, 0.4620611538839558]",1,-1
9897,[0.33334891 0.37634713],9,1,"[0.33650952271243567, 0.3695039184549852]",1,72
9898,[0.25828563 0.49185663],9,17,"[0.19949257984775934, 0.47737458183782433]",1,-1
9899,[0.26004355 0.48344401],9,17,"[0.19949257984775934, 0.47737458183782433]",1,-1
9900,[0.31828501 0.46235771],9,13,"[0.32294489274299887, 0.4620611538839558]",1,-1
9901,[0.25616867 0.48871773],9,17,"[0.19949257984775934, 0.47737458183782433]",1,-1
9902,[0.30271957 0.51081512],9,13,"[0.32294489274299887, 0.4620611538839558]",1,-1
9903,[0.25082694 0.4341021 ],9,0,"[0.2473875480073203, 0.39401489827781994]",1,-1
9904,[0.34103003 0.34526402],9,1,"[0.33650952271243567, 0.3695039184549852]",1,-1
9905,[0.26398142 0.49177342],9,13,"[0.32294489274299887, 0.4620611538839558]",1,-1
9906,[0.26411068 0.48199739],9,13,"[0.32294489274299887, 0.4620611538839558]",1,-1
9907,[0.32484895 0.48775926],9,13,"[0.32294489274299887, 0.4620611538839558]",1,-1
9908,[0.27301078 0.35451874],9,0,"[0.2473875480073203, 0.39401489827781994]",1,-1
9909,[0.25757262 0.41840656],9,0,"[0.2473875480073203, 0.39401489827781994]",1,-1
9910,[0.20451351 0.4570951 ],9,17,"[0.19949257984775934, 0.47737458183782433]",1,-1
9911,[0.24489685 0.49309765],9,17,"[0.19949257984775934, 0.47737458183782433]",1,-1
9912,[0.38171293 0.46624246],9,18,"[0.4203234088660354, 0.508036417947434]",1,-1
9913,[0.29244457 0.44731034],9,13,"[0.32294489274299887, 0.4620611538839558]",1,-1
9914,[0.27210195 0.48271128],9,13,"[0.32294489274299887, 0.4620611538839558]",1,-1
9915,[0.26553954 0.49320837],9,13,"[0.32294489274299887, 0.4620611538839558]",1,-1
9916,[0.34017028 0.37850997],9,1,"[0.33650952271243567, 0.3695039184549852]",1,72
9917,[0.20774772 0.37343535],9,0,"[0.2473875480073203, 0.39401489827781994]",1,-1
9918,[0.31066469 0.41017093],9,1,"[0.33650952271243567, 0.3695039184549852]",1,-1
9919,[0.27213853 0.39578784],9,0,"[0.2473875480073203, 0.39401489827781994]",1,-1
9920,[0.3154764  0.40848161],9,1,"[0.33650952271243567, 0.3695039184549852]",1,-1
9921,[0.26635683 0.44330427],9,0,"[0.2473875480073203, 0.39401489827781994]",1,-1
9922,[0.27201704 0.49115903],9,13,"[0.32294489274299887, 0.4620611538839558]",1,-1
9923,[0.26429255 0.49992624],9,17,"[0.19949257984775934, 0.47737458183782433]",1,-1
9924,[0.22534549 0.44190968],9,17,"[0.19949257984775934, 0.47737458183782433]",1,-1
9925,[0.31461169 0.44687402],9,13,"[0.32294489274299887, 0.4620611538839558]",1,-1
9926,[0.3341558  0.33251241],9,1,"[0.33650952271243567, 0.3695039184549852]",1,62
9927,[0.28536302 0.50660968],9,13,"[0.32294489274299887, 0.4620611538839558]",1,-1
9928,[0.43258326 0.37791943],9,6,"[0.40123478470159024, 0.40656176249784554]",1,-1
9929,[0.31831753 0.42758386],9,13,"[0.32294489274299887, 0.4620611538839558]",1,-1
9930,[0.37302033 0.42254068],9,6,"[0.40123478470159024, 0.40656176249784554]",1,-1
9931,[0.35810761 0.36764625],9,1,"[0.33650952271243567, 0.3695039184549852]",1,-1
9932,[0.24315221 0.4465704 ],9,0,"[0.2473875480073203, 0.39401489827781994]",1,-1
9933,[0.33967113 0.40875912],9,1,"[0.33650952271243567, 0.3695039184549852]",1,-1
9934,[0.31932553 0.50038002],9,13,"[0.32294489274299887, 0.4620611538839558]",1,-1
9935,[0.3115259  0.43695292],9,13,"[0.32294489274299887, 0.4620611538839558]",1,-1
9936,[0.24527664 0.41318144],9,0,"[0.2473875480073203, 0.39401489827781994]",1,48
9937,[0.26707821 0.48746352],9,13,"[0.32294489274299887, 0.4620611538839558]",1,-1
9938,[0.31219892 0.48346692],9,13,"[0.32294489274299887, 0.4620611538839558]",1,-1
9939,[0.3038371  0.38073623],9,1,"[0.33650952271243567, 0.3695039184549852]",1,-1
9940,[0.35942901 0.49809268],9,13,"[0.32294489274299887, 0.4620611538839558]",1,-1
9941,[0.41029437 0.46085384],9,18,"[0.4203234088660354, 0.508036417947434]",1,-1
9942,[0.30352077 0.47356512],9,13,"[0.32294489274299887, 0.4620611538839558]",1,-1
9943,[0.26994088 0.47851735],9,13,"[0.32294489274299887, 0.4620611538839558]",1,-1
9944,[0.29385508 0.42056556],9,13,"[0.32294489274299887, 0.4620611538839558]",1,61
9945,[0.29490456 0.44319553],9,13,"[0.32294489274299887, 0.4620611538839558]",1,-1
9946,[0.25231013 0.50015594],9,17,"[0.19949257984775934, 0.47737458183782433]",1,-1
9947,[0.29708478 0.57440009],9,44,"[0.30505443145580996, 0.5938366826632161]",1,-1
9948,[0.24300054 0.46351592],9,17,"[0.19949257984775934, 0.47737458183782433]",1,-1
9949,[0.24552492 0.50310819],9,17,"[0.19949257984775934, 0.47737458183782433]",1,-1
9950,[0.35620674 0.529557  ],9,25,"[0.38660465276603295, 0.5871767558758164]",1,-1
9951,[0.35038857 0.47520873],9,13,"[0.32294489274299887, 0.4620611538839558]",1,-1
9952,[0.3374473  0.36224004],9,1,"[0.33650952271243567, 0.3695039184549852]",1,-1
9953,[0.36938548 0.45239923],9,13,"[0.32294489274299887, 0.4620611538839558]",1,-1
9954,[0.33672858 0.41543763],9,1,"[0.33650952271243567, 0.3695039184549852]",1,-1
9955,[0.33852917 0.43530595],9,13,"[0.32294489274299887, 0.4620611538839558]",1,-1
9956,[0.3862324  0.39968991],9,6,"[0.40123478470159024, 0.40656176249784554]",1,-1
9957,[0.25786335 0.37082783],9,0,"[0.2473875480073203, 0.39401489827781994]",1,-1
9958,[0.31991376 0.42341419],9,13,"[0.32294489274299887, 0.4620611538839558]",1,-1
9959,[0.26053618 0.43381918],9,0,"[0.2473875480073203, 0.39401489827781994]",1,-1
9960,[0.29974097 0.41972453],9,13,"[0.32294489274299887, 0.4620611538839558]",1,-1
9961,[0.29181166 0.43147417],9,13,"[0.32294489274299887, 0.4620611538839558]",1,-1
9962,[0.2945247  0.42369754],9,13,"[0.32294489274299887, 0.4620611538839558]",1,61
9963,[0.26791631 0.5047869 ],9,13,"[0.32294489274299887, 0.4620611538839558]",1,-1
9964,[0.36810671 0.4174861 ],9,6,"[0.40123478470159024, 0.40656176249784554]",1,-1
9965,[0.34388252 0.50137306],9,13,"[0.32294489274299887, 0.4620611538839558]",1,-1
9966,[0.26554242 0.4396577 ],9,0,"[0.2473875480073203, 0.39401489827781994]",1,-1
9967,[0.26018016 0.43361985],9,0,"[0.2473875480073203, 0.39401489827781994]",1,-1
9968,[0.27477464 0.5065218 ],9,13,"[0.32294489274299887, 0.4620611538839558]",1,-1
9969,[0.30719032 0.45054619],9,13,"[0.32294489274299887, 0.4620611538839558]",1,-1
9970,[0.25550673 0.34311247],9,0,"[0.2473875480073203, 0.39401489827781994]",1,-1
9971,[0.26003722 0.44395528],9,0,"[0.2473875480073203, 0.39401489827781994]",1,-1
9972,[0.3683595  0.47596653],9,13,"[0.32294489274299887, 0.4620611538839558]",1,-1
9973,[0.30893818 0.46377339],9,13,"[0.32294489274299887, 0.4620611538839558]",1,-1
9974,[0.20275005 0.465996  ],9,17,"[0.19949257984775934, 0.47737458183782433]",1,-1
9975,[0.23930109 0.45385505],9,17,"[0.19949257984775934, 0.47737458183782433]",1,-1
9976,[0.3517437  0.46894864],9,13,"[0.32294489274299887, 0.4620611538839558]",1,-1
9977,[0.18414218 0.47963759],9,17,"[0.19949257984775934, 0.47737458183782433]",1,-1
9978,[0.31627802 0.43075321],9,13,"[0.32294489274299887, 0.4620611538839558]",1,-1
9979,[0.2858777  0.40841932],9,0,"[0.2473875480073203, 0.39401489827781994]",1,-1
9980,[0.27674785 0.46192648],9,13,"[0.32294489274299887, 0.4620611538839558]",1,-1
9981,[0.27422116 0.43426742],9,0,"[0.2473875480073203, 0.39401489827781994]",1,-1
9982,[0.40657036 0.41234368],9,6,"[0.40123478470159024, 0.40656176249784554]",1,-1
9983,[0.20417303 0.31151567],9,15,"[0.188292755006214, 0.3253570325311902]",1,-1
9984,[0.34758225 0.44729989],9,13,"[0.32294489274299887, 0.4620611538839558]",1,-1
9985,[0.31613704 0.45436226],9,13,"[0.32294489274299887, 0.4620611538839558]",1,-1
9986,[0.35123484 0.3769451 ],9,1,"[0.33650952271243567, 0.3695039184549852]",1,-1
9987,[0.30069827 0.43601044],9,13,"[0.32294489274299887, 0.4620611538839558]",1,-1
9988,[0.25831695 0.40490815],9,0,"[0.2473875480073203, 0.39401489827781994]",1,-1
9989,[0.23756675 0.41883213],9,0,"[0.2473875480073203, 0.39401489827781994]",1,48
9990,[0.2751733  0.52814684],9,-1,-1,1,-1
9991,[0.30093994 0.44310611],9,13,"[0.32294489274299887, 0.4620611538839558]",1,-1
9992,[0.3231336 0.4744926],9,13,"[0.32294489274299887, 0.4620611538839558]",1,-1
9993,[0.27370345 0.43137162],9,0,"[0.2473875480073203, 0.39401489827781994]",1,53
9994,[0.3433291  0.47314858],9,13,"[0.32294489274299887, 0.4620611538839558]",1,-1
9995,[0.33338338 0.4630982 ],9,13,"[0.32294489274299887, 0.4620611538839558]",1,-1
9996,[0.21520902 0.55176313],9,40,"[0.24325605379412626, 0.6063462149687255]",1,-1
9997,[0.28994387 0.49970393],9,13,"[0.32294489274299887, 0.4620611538839558]",1,-1
9998,[0.31118716 0.44828355],9,13,"[0.32294489274299887, 0.4620611538839558]",1,-1
9999,[0.2258173  0.49251561],9,17,"[0.19949257984775934, 0.47737458183782433]",1,-1
10000,[0.29264025 0.20117128],10,31,"[0.29817086118518243, 0.1888907481789387]",1,-1
10001,[0.18193163 0.3099766 ],10,15,"[0.188292755006214, 0.3253570325311902]",1,-1
10002,[0.30111231 0.23208587],10,31,"[0.29817086118518243, 0.1888907481789387]",1,-1
10003,[0.29209214 0.19443172],10,31,"[0.29817086118518243, 0.1888907481789387]",1,-1
10004,[0.25451788 0.28270791],10,7,"[0.2880919156697789, 0.2889500356712737]",1,25
10005,[0.24888078 0.18441418],10,16,"[0.22214342499776796, 0.1812277944104208]",1,22
10006,[0.21807665 0.21459378],10,16,"[0.22214342499776796, 0.1812277944104208]",1,31
10007,[0.25665782 0.20002924],10,16,"[0.22214342499776796, 0.1812277944104208]",1,-1
10008,[0.23391773 0.06660401],10,-1,-1,1,-1
10009,[0.13130345 0.19244956],10,21,"[0.16948094512787878, 0.2245031809320862]",1,-1
10010,[0.23134018 0.1728772 ],10,16,"[0.22214342499776796, 0.1812277944104208]",1,-1
10011,[0.25382072 0.19479591],10,16,"[0.22214342499776796, 0.1812277944104208]",1,-1
10012,[0.23416534 0.19678554],10,16,"[0.22214342499776796, 0.1812277944104208]",1,31
10013,[0.19529142 0.23291894],10,21,"[0.16948094512787878, 0.2245031809320862]",1,-1
10014,[0.28425966 0.22783754],10,31,"[0.29817086118518243, 0.1888907481789387]",1,30
10015,[0.27142382 0.26830933],10,7,"[0.2880919156697789, 0.2889500356712737]",1,-1
10016,[0.26477826 0.17362955],10,31,"[0.29817086118518243, 0.1888907481789387]",1,-1
10017,[0.31394918 0.19845519],10,31,"[0.29817086118518243, 0.1888907481789387]",1,-1
10018,[0.33051517 0.11564526],10,-1,-1,1,-1
10019,[0.26053079 0.2043695 ],10,31,"[0.29817086118518243, 0.1888907481789387]",1,30
10020,[0.35643656 0.04293336],10,-1,-1,-1,-1
10021,[0.19262585 0.17779767],10,16,"[0.22214342499776796, 0.1812277944104208]",1,-1
10022,[0.31024693 0.17818969],10,31,"[0.29817086118518243, 0.1888907481789387]",1,-1
10023,[0.33338761 0.31021033],10,7,"[0.2880919156697789, 0.2889500356712737]",1,-1
10024,[0.27507217 0.23023008],10,31,"[0.29817086118518243, 0.1888907481789387]",1,30
10025,[0.26627189 0.20523529],10,31,"[0.29817086118518243, 0.1888907481789387]",1,-1
10026,[0.28714587 0.17238434],10,31,"[0.29817086118518243, 0.1888907481789387]",1,-1
10027,[0.26075336 0.27198401],10,7,"[0.2880919156697789, 0.2889500356712737]",1,-1
10028,[0.17368148 0.20693656],10,21,"[0.16948094512787878, 0.2245031809320862]",1,-1
10029,[0.18872807 0.13816224],10,16,"[0.22214342499776796, 0.1812277944104208]",1,-1
10030,[0.24783506 0.15660454],10,16,"[0.22214342499776796, 0.1812277944104208]",1,-1
10031,[0.27224431 0.30320051],10,7,"[0.2880919156697789, 0.2889500356712737]",1,25
10032,[0.29329325 0.20688651],10,31,"[0.29817086118518243, 0.1888907481789387]",1,-1
10033,[0.25772281 0.2299195 ],10,31,"[0.29817086118518243, 0.1888907481789387]",1,-1
10034,[0.30958079 0.20943713],10,31,"[0.29817086118518243, 0.1888907481789387]",1,-1
10035,[0.21303288 0.20363153],10,16,"[0.22214342499776796, 0.1812277944104208]",1,31
10036,[0.2224249  0.16661596],10,16,"[0.22214342499776796, 0.1812277944104208]",1,-1
10037,[0.2971724  0.19074291],10,31,"[0.29817086118518243, 0.1888907481789387]",1,-1
10038,[0.26333986 0.14079016],10,16,"[0.22214342499776796, 0.1812277944104208]",1,-1
10039,[0.3415897  0.22732071],10,31,"[0.29817086118518243, 0.1888907481789387]",1,-1
10040,[0.20450402 0.21122769],10,16,"[0.22214342499776796, 0.1812277944104208]",1,31
10041,[0.21935287 0.23430938],10,21,"[0.16948094512787878, 0.2245031809320862]",1,31
10042,[0.35801461 0.19715407],10,31,"[0.29817086118518243, 0.1888907481789387]",1,-1
10043,[0.26205823 0.17849159],10,31,"[0.29817086118518243, 0.1888907481789387]",1,-1
10044,[0.22789297 0.1748942 ],10,16,"[0.22214342499776796, 0.1812277944104208]",1,-1
10045,[0.25645699 0.19959604],10,16,"[0.22214342499776796, 0.1812277944104208]",1,-1
10046,[0.18817549 0.31796918],10,15,"[0.188292755006214, 0.3253570325311902]",1,-1
10047,[0.22023699 0.15851424],10,16,"[0.22214342499776796, 0.1812277944104208]",1,-1
10048,[0.2142101  0.18209699],10,16,"[0.22214342499776796, 0.1812277944104208]",1,-1
10049,[0.1729848  0.26312539],10,21,"[0.16948094512787878, 0.2245031809320862]",1,-1
10050,[0.28711648 0.1628504 ],10,31,"[0.29817086118518243, 0.1888907481789387]",1,-1
10051,[0.31723137 0.21518445],10,31,"[0.29817086118518243, 0.1888907481789387]",1,-1
10052,[0.18391428 0.11184174],10,-1,-1,1,-1
10053,[0.24485701 0.17705718],10,16,"[0.22214342499776796, 0.1812277944104208]",1,-1
10054,[0.25786367 0.24588935],10,7,"[0.2880919156697789, 0.2889500356712737]",1,28
10055,[0.28873687 0.23485685],10,31,"[0.29817086118518243, 0.1888907481789387]",1,-1
10056,[0.27397977 0.20840571],10,31,"[0.29817086118518243, 0.1888907481789387]",1,-1
10057,[0.34056614 0.21205717],10,31,"[0.29817086118518243, 0.1888907481789387]",1,-1
10058,[0.21944911 0.1849328 ],10,16,"[0.22214342499776796, 0.1812277944104208]",1,-1
10059,[0.21018523 0.17177704],10,16,"[0.22214342499776796, 0.1812277944104208]",1,-1
10060,[0.25361539 0.18030191],10,16,"[0.22214342499776796, 0.1812277944104208]",1,22
10061,[0.19886887 0.18972884],10,16,"[0.22214342499776796, 0.1812277944104208]",1,-1
10062,[0.25624975 0.22368819],10,16,"[0.22214342499776796, 0.1812277944104208]",1,-1
10063,[0.22601745 0.36745281],10,0,"[0.2473875480073203, 0.39401489827781994]",1,-1
10064,[0.31165388 0.17152098],10,31,"[0.29817086118518243, 0.1888907481789387]",1,-1
10065,[0.33114462 0.27162901],10,7,"[0.2880919156697789, 0.2889500356712737]",1,-1
10066,[0.24814656 0.20947606],10,16,"[0.22214342499776796, 0.1812277944104208]",1,-1
10067,[0.1894818  0.28751605],10,15,"[0.188292755006214, 0.3253570325311902]",1,-1
10068,[0.25964993 0.26575597],10,7,"[0.2880919156697789, 0.2889500356712737]",1,-1
10069,[0.26293159 0.19001868],10,31,"[0.29817086118518243, 0.1888907481789387]",1,-1
10070,[0.30744783 0.16777154],10,31,"[0.29817086118518243, 0.1888907481789387]",1,-1
10071,[0.2497913  0.15863068],10,16,"[0.22214342499776796, 0.1812277944104208]",1,-1
10072,[0.26250069 0.11862304],10,-1,-1,1,-1
10073,[0.24120514 0.19732101],10,16,"[0.22214342499776796, 0.1812277944104208]",1,-1
10074,[0.17683708 0.27622806],10,15,"[0.188292755006214, 0.3253570325311902]",1,-1
10075,[0.25268167 0.13349471],10,16,"[0.22214342499776796, 0.1812277944104208]",1,-1
10076,[0.26146018 0.2902503 ],10,7,"[0.2880919156697789, 0.2889500356712737]",1,25
10077,[0.22348784 0.19974666],10,16,"[0.22214342499776796, 0.1812277944104208]",1,-1
10078,[0.3003922  0.26068234],10,7,"[0.2880919156697789, 0.2889500356712737]",1,-1
10079,[0.21513007 0.26991166],10,15,"[0.188292755006214, 0.3253570325311902]",1,32
10080,[0.21646993 0.23216695],10,21,"[0.16948094512787878, 0.2245031809320862]",1,-1
10081,[0.22907908 0.30500168],10,15,"[0.188292755006214, 0.3253570325311902]",1,-1
10082,[0.31399706 0.1569377 ],10,31,"[0.29817086118518243, 0.1888907481789387]",1,-1
10083,[0.23702853 0.16905607],10,16,"[0.22214342499776796, 0.1812277944104208]",1,-1
10084,[0.20731141 0.19186855],10,16,"[0.22214342499776796, 0.1812277944104208]",1,-1
10085,[0.25420404 0.17786357],10,16,"[0.22214342499776796, 0.1812277944104208]",1,-1
10086,[0.18038215 0.25384126],10,21,"[0.16948094512787878, 0.2245031809320862]",1,-1
10087,[0.33846383 0.22213856],10,31,"[0.29817086118518243, 0.1888907481789387]",1,-1
10088,[0.24049325 0.17827578],10,16,"[0.22214342499776796, 0.1812277944104208]",1,-1
10089,[0.28501672 0.17546044],10,31,"[0.29817086118518243, 0.1888907481789387]",1,-1
10090,[0.29309129 0.23448731],10,31,"[0.29817086118518243, 0.1888907481789387]",1,-1
10091,[0.29641319 0.24313933],10,7,"[0.2880919156697789, 0.2889500356712737]",1,-1
10092,[0.29615273 0.26132936],10,7,"[0.2880919156697789, 0.2889500356712737]",1,-1
10093,[0.28300421 0.11526401],10,-1,-1,1,-1
10094,[0.19048692 0.21378361],10,21,"[0.16948094512787878, 0.2245031809320862]",1,-1
10095,[0.24435381 0.25588837],10,7,"[0.2880919156697789, 0.2889500356712737]",1,-1
10096,[0.22923896 0.22600364],10,16,"[0.22214342499776796, 0.1812277944104208]",1,31
10097,[0.32963586 0.27296564],10,7,"[0.2880919156697789, 0.2889500356712737]",1,-1
10098,[0.21306286 0.16937805],10,16,"[0.22214342499776796, 0.1812277944104208]",1,-1
10099,[0.23092451 0.2617081 ],10,7,"[0.2880919156697789, 0.2889500356712737]",1,-1
10100,[0.26921332 0.18694587],10,31,"[0.29817086118518243, 0.1888907481789387]",1,-1
10101,[0.25088468 0.16475701],10,16,"[0.22214342499776796, 0.1812277944104208]",1,-1
10102,[0.35413506 0.16286764],10,31,"[0.29817086118518243, 0.1888907481789387]",1,-1
10103,[0.26904122 0.19743091],10,31,"[0.29817086118518243, 0.1888907481789387]",1,-1
10104,[0.29919605 0.18073423],10,31,"[0.29817086118518243, 0.1888907481789387]",1,-1
10105,[0.29916888 0.16730854],10,31,"[0.29817086118518243, 0.1888907481789387]",1,-1
10106,[0.25113016 0.26561717],10,7,"[0.2880919156697789, 0.2889500356712737]",1,-1
10107,[0.28429824 0.22975785],10,31,"[0.29817086118518243, 0.1888907481789387]",1,30
10108,[0.17489894 0.25022727],10,21,"[0.16948094512787878, 0.2245031809320862]",1,-1
10109,[0.2836779  0.25129575],10,7,"[0.2880919156697789, 0.2889500356712737]",1,-1
10110,[0.26340554 0.16916116],10,31,"[0.29817086118518243, 0.1888907481789387]",1,-1
10111,[0.1607501  0.25237862],10,21,"[0.16948094512787878, 0.2245031809320862]",1,-1
10112,[0.24511902 0.18579868],10,16,"[0.22214342499776796, 0.1812277944104208]",1,22
10113,[0.24918687 0.19781998],10,16,"[0.22214342499776796, 0.1812277944104208]",1,-1
10114,[0.33886537 0.21130121],10,31,"[0.29817086118518243, 0.1888907481789387]",1,-1
10115,[0.2502594 0.2089767],10,16,"[0.22214342499776796, 0.1812277944104208]",1,31
10116,[0.19204314 0.17720345],10,16,"[0.22214342499776796, 0.1812277944104208]",1,-1
10117,[0.18018664 0.18540437],10,21,"[0.16948094512787878, 0.2245031809320862]",1,-1
10118,[0.25962103 0.23935627],10,7,"[0.2880919156697789, 0.2889500356712737]",1,28
10119,[0.2915286  0.29183978],10,7,"[0.2880919156697789, 0.2889500356712737]",1,-1
10120,[0.26952181 0.08828645],10,-1,-1,1,-1
10121,[0.24147507 0.22075514],10,16,"[0.22214342499776796, 0.1812277944104208]",1,-1
10122,[0.2124033  0.25618946],10,21,"[0.16948094512787878, 0.2245031809320862]",1,-1
10123,[0.25583516 0.15726369],10,16,"[0.22214342499776796, 0.1812277944104208]",1,-1
10124,[0.22251551 0.24173152],10,21,"[0.16948094512787878, 0.2245031809320862]",1,-1
10125,[0.18177489 0.36337937],10,15,"[0.188292755006214, 0.3253570325311902]",1,-1
10126,[0.28446236 0.17490146],10,31,"[0.29817086118518243, 0.1888907481789387]",1,-1
10127,[0.28530849 0.22718745],10,31,"[0.29817086118518243, 0.1888907481789387]",1,30
10128,[0.27162182 0.18121849],10,31,"[0.29817086118518243, 0.1888907481789387]",1,-1
10129,[0.23488715 0.2233689 ],10,16,"[0.22214342499776796, 0.1812277944104208]",1,31
10130,[0.27334675 0.2271664 ],10,31,"[0.29817086118518243, 0.1888907481789387]",1,30
10131,[0.33818576 0.2243483 ],10,31,"[0.29817086118518243, 0.1888907481789387]",1,-1
10132,[0.30734121 0.23822282],10,31,"[0.29817086118518243, 0.1888907481789387]",1,-1
10133,[0.27794347 0.27114977],10,7,"[0.2880919156697789, 0.2889500356712737]",1,-1
10134,[0.27499048 0.25355049],10,7,"[0.2880919156697789, 0.2889500356712737]",1,28
10135,[0.23884957 0.19734964],10,16,"[0.22214342499776796, 0.1812277944104208]",1,-1
10136,[0.31537335 0.15083753],10,31,"[0.29817086118518243, 0.1888907481789387]",1,-1
10137,[0.34922409 0.22181604],10,31,"[0.29817086118518243, 0.1888907481789387]",1,-1
10138,[0.29673272 0.20664408],10,31,"[0.29817086118518243, 0.1888907481789387]",1,-1
10139,[0.1814685  0.19933245],10,21,"[0.16948094512787878, 0.2245031809320862]",1,-1
10140,[0.28157435 0.27253609],10,7,"[0.2880919156697789, 0.2889500356712737]",1,-1
10141,[0.29232706 0.09090782],10,-1,-1,1,-1
10142,[0.22796225 0.1409091 ],10,16,"[0.22214342499776796, 0.1812277944104208]",1,-1
10143,[0.30984284 0.29298521],10,7,"[0.2880919156697789, 0.2889500356712737]",1,-1
10144,[0.24468265 0.31358516],10,7,"[0.2880919156697789, 0.2889500356712737]",1,-1
10145,[0.22671265 0.20013997],10,16,"[0.22214342499776796, 0.1812277944104208]",1,31
10146,[0.25499269 0.26974867],10,7,"[0.2880919156697789, 0.2889500356712737]",1,-1
10147,[0.24066554 0.24386095],10,16,"[0.22214342499776796, 0.1812277944104208]",1,-1
10148,[0.3662775 0.2156823],10,-1,-1,1,-1
10149,[0.25345208 0.22730593],10,16,"[0.22214342499776796, 0.1812277944104208]",1,-1
10150,[0.24777663 0.24860834],10,7,"[0.2880919156697789, 0.2889500356712737]",1,-1
10151,[0.18943532 0.18022202],10,16,"[0.22214342499776796, 0.1812277944104208]",1,-1
10152,[0.19469039 0.22209423],10,21,"[0.16948094512787878, 0.2245031809320862]",1,-1
10153,[0.29756518 0.17658066],10,31,"[0.29817086118518243, 0.1888907481789387]",1,-1
10154,[0.34076371 0.23480295],10,31,"[0.29817086118518243, 0.1888907481789387]",1,-1
10155,[0.30643559 0.22803011],10,31,"[0.29817086118518243, 0.1888907481789387]",1,-1
10156,[0.23617573 0.21763878],10,16,"[0.22214342499776796, 0.1812277944104208]",1,-1
10157,[0.26843605 0.1809404 ],10,31,"[0.29817086118518243, 0.1888907481789387]",1,-1
10158,[0.21534524 0.23347308],10,21,"[0.16948094512787878, 0.2245031809320862]",1,31
10159,[0.20639726 0.23507441],10,21,"[0.16948094512787878, 0.2245031809320862]",1,-1
10160,[0.24803515 0.20722701],10,16,"[0.22214342499776796, 0.1812277944104208]",1,-1
10161,[0.27128075 0.1958276 ],10,31,"[0.29817086118518243, 0.1888907481789387]",1,-1
10162,[0.3241077  0.18217319],10,31,"[0.29817086118518243, 0.1888907481789387]",1,-1
10163,[0.28874149 0.22508128],10,31,"[0.29817086118518243, 0.1888907481789387]",1,-1
10164,[0.31731752 0.29096779],10,7,"[0.2880919156697789, 0.2889500356712737]",1,-1
10165,[0.23606786 0.19364025],10,16,"[0.22214342499776796, 0.1812277944104208]",1,-1
10166,[0.26228859 0.20203155],10,31,"[0.29817086118518243, 0.1888907481789387]",1,30
10167,[0.26010849 0.24049393],10,7,"[0.2880919156697789, 0.2889500356712737]",1,28
10168,[0.2355718  0.17902756],10,16,"[0.22214342499776796, 0.1812277944104208]",1,-1
10169,[0.37360567 0.24415679],10,4,"[0.3937233168939997, 0.29890402186269427]",1,-1
10170,[0.2516807  0.21445175],10,16,"[0.22214342499776796, 0.1812277944104208]",1,-1
10171,[0.25760962 0.15736399],10,16,"[0.22214342499776796, 0.1812277944104208]",1,-1
10172,[0.23420699 0.32861592],10,15,"[0.188292755006214, 0.3253570325311902]",1,-1
10173,[0.1788248  0.11671144],10,-1,-1,1,-1
10174,[0.31952542 0.27883664],10,7,"[0.2880919156697789, 0.2889500356712737]",1,-1
10175,[0.25725686 0.27715264],10,7,"[0.2880919156697789, 0.2889500356712737]",1,-1
10176,[0.22781011 0.19133565],10,16,"[0.22214342499776796, 0.1812277944104208]",1,-1
10177,[0.29316735 0.20619499],10,31,"[0.29817086118518243, 0.1888907481789387]",1,-1
10178,[0.36902405 0.18283419],10,-1,-1,1,-1
10179,[0.25760591 0.09524116],10,-1,-1,1,-1
10180,[0.27539356 0.15114259],10,31,"[0.29817086118518243, 0.1888907481789387]",1,-1
10181,[0.24993865 0.21184433],10,16,"[0.22214342499776796, 0.1812277944104208]",1,-1
10182,[0.26664134 0.11664837],10,-1,-1,1,-1
10183,[0.21437511 0.17665904],10,16,"[0.22214342499776796, 0.1812277944104208]",1,-1
10184,[0.17683359 0.31404635],10,15,"[0.188292755006214, 0.3253570325311902]",1,-1
10185,[0.20150474 0.19995653],10,16,"[0.22214342499776796, 0.1812277944104208]",1,-1
10186,[0.20225087 0.22824621],10,21,"[0.16948094512787878, 0.2245031809320862]",1,-1
10187,[0.20574472 0.12925033],10,16,"[0.22214342499776796, 0.1812277944104208]",1,-1
10188,[0.29673252 0.2352894 ],10,31,"[0.29817086118518243, 0.1888907481789387]",1,-1
10189,[0.27212846 0.21097606],10,31,"[0.29817086118518243, 0.1888907481789387]",1,-1
10190,[0.29751028 0.13081001],10,31,"[0.29817086118518243, 0.1888907481789387]",1,-1
10191,[0.30122548 0.09153068],10,-1,-1,1,-1
10192,[0.31662649 0.19322473],10,31,"[0.29817086118518243, 0.1888907481789387]",1,-1
10193,[0.36404774 0.11663667],10,-1,-1,1,-1
10194,[0.23507502 0.24598705],10,16,"[0.22214342499776796, 0.1812277944104208]",1,-1
10195,[0.20822305 0.19523422],10,16,"[0.22214342499776796, 0.1812277944104208]",1,-1
10196,[0.26738582 0.20281007],10,31,"[0.29817086118518243, 0.1888907481789387]",1,-1
10197,[0.29981615 0.22570993],10,31,"[0.29817086118518243, 0.1888907481789387]",1,-1
10198,[0.29949285 0.24107672],10,7,"[0.2880919156697789, 0.2889500356712737]",1,-1
10199,[0.35540712 0.13542018],10,-1,-1,1,-1
10200,[0.19654818 0.25874581],10,21,"[0.16948094512787878, 0.2245031809320862]",1,32
10201,[0.27841319 0.20324843],10,31,"[0.29817086118518243, 0.1888907481789387]",1,-1
10202,[0.21614881 0.1462489 ],10,16,"[0.22214342499776796, 0.1812277944104208]",1,-1
10203,[0.24169937 0.17481689],10,16,"[0.22214342499776796, 0.1812277944104208]",1,-1
10204,[0.29239704 0.15448325],10,31,"[0.29817086118518243, 0.1888907481789387]",1,-1
10205,[0.36721513 0.22730353],10,-1,-1,1,-1
10206,[0.22785187 0.18373386],10,16,"[0.22214342499776796, 0.1812277944104208]",1,-1
10207,[0.26438815 0.20619997],10,31,"[0.29817086118518243, 0.1888907481789387]",1,30
10208,[0.29224403 0.09197045],10,-1,-1,1,-1
10209,[0.18985815 0.17902107],10,16,"[0.22214342499776796, 0.1812277944104208]",1,-1
10210,[0.24882565 0.16087578],10,16,"[0.22214342499776796, 0.1812277944104208]",1,-1
10211,[0.33018062 0.15327513],10,31,"[0.29817086118518243, 0.1888907481789387]",1,-1
10212,[0.24459895 0.22693903],10,16,"[0.22214342499776796, 0.1812277944104208]",1,31
10213,[0.27601845 0.11555511],10,-1,-1,1,-1
10214,[0.28203346 0.18724712],10,31,"[0.29817086118518243, 0.1888907481789387]",1,-1
10215,[0.25414956 0.06835031],10,-1,-1,-1,-1
10216,[0.31922433 0.13484705],10,31,"[0.29817086118518243, 0.1888907481789387]",1,-1
10217,[0.24068301 0.22008555],10,16,"[0.22214342499776796, 0.1812277944104208]",1,31
10218,[0.33610769 0.31202541],10,7,"[0.2880919156697789, 0.2889500356712737]",1,-1
10219,[0.21748035 0.14903134],10,16,"[0.22214342499776796, 0.1812277944104208]",1,-1
10220,[0.19829951 0.28344537],10,15,"[0.188292755006214, 0.3253570325311902]",1,-1
10221,[0.38627691 0.16620847],10,-1,-1,1,-1
10222,[0.21740062 0.0941783 ],10,-1,-1,1,-1
10223,[0.14494652 0.11185116],10,-1,-1,1,-1
10224,[0.30426295 0.19270342],10,31,"[0.29817086118518243, 0.1888907481789387]",1,-1
10225,[0.28017997 0.25614361],10,7,"[0.2880919156697789, 0.2889500356712737]",1,-1
10226,[0.26786639 0.21410787],10,31,"[0.29817086118518243, 0.1888907481789387]",1,-1
10227,[0.30180388 0.16568157],10,31,"[0.29817086118518243, 0.1888907481789387]",1,-1
10228,[0.24894948 0.188979  ],10,16,"[0.22214342499776796, 0.1812277944104208]",1,22
10229,[0.22002897 0.19295388],10,16,"[0.22214342499776796, 0.1812277944104208]",1,-1
10230,[0.3548747  0.23104693],10,-1,-1,1,-1
10231,[0.26388788 0.11225339],10,-1,-1,1,-1
10232,[0.23030499 0.19111502],10,16,"[0.22214342499776796, 0.1812277944104208]",1,-1
10233,[0.2783702  0.18266048],10,31,"[0.29817086118518243, 0.1888907481789387]",1,-1
10234,[0.23589477 0.14852598],10,16,"[0.22214342499776796, 0.1812277944104208]",1,-1
10235,[0.20962491 0.17474273],10,16,"[0.22214342499776796, 0.1812277944104208]",1,-1
10236,[0.32622809 0.16986591],10,31,"[0.29817086118518243, 0.1888907481789387]",1,-1
10237,[0.33194168 0.17956996],10,31,"[0.29817086118518243, 0.1888907481789387]",1,-1
10238,[0.32663461 0.16402552],10,31,"[0.29817086118518243, 0.1888907481789387]",1,-1
10239,[0.25255718 0.27315531],10,7,"[0.2880919156697789, 0.2889500356712737]",1,-1
10240,[0.23138214 0.1984867 ],10,16,"[0.22214342499776796, 0.1812277944104208]",1,31
10241,[0.30876034 0.21927162],10,31,"[0.29817086118518243, 0.1888907481789387]",1,-1
10242,[0.37872365 0.11885972],10,-1,-1,1,-1
10243,[0.23605632 0.14084348],10,16,"[0.22214342499776796, 0.1812277944104208]",1,-1
10244,[0.26149243 0.2363924 ],10,7,"[0.2880919156697789, 0.2889500356712737]",1,-1
10245,[0.23103691 0.16638857],10,16,"[0.22214342499776796, 0.1812277944104208]",1,-1
10246,[0.30657203 0.26137564],10,7,"[0.2880919156697789, 0.2889500356712737]",1,-1
10247,[0.28128773 0.14880283],10,31,"[0.29817086118518243, 0.1888907481789387]",1,-1
10248,[0.25115595 0.19903093],10,16,"[0.22214342499776796, 0.1812277944104208]",1,-1
10249,[0.3155655 0.1616102],10,31,"[0.29817086118518243, 0.1888907481789387]",1,-1
10250,[0.30548205 0.24423165],10,7,"[0.2880919156697789, 0.2889500356712737]",1,-1
10251,[0.28010589 0.20204139],10,31,"[0.29817086118518243, 0.1888907481789387]",1,-1
10252,[0.24180254 0.09279114],10,-1,-1,1,-1
10253,[0.2728816  0.19042005],10,31,"[0.29817086118518243, 0.1888907481789387]",1,-1
10254,[0.22402777 0.27314047],10,15,"[0.188292755006214, 0.3253570325311902]",1,-1
10255,[0.27748239 0.16206869],10,31,"[0.29817086118518243, 0.1888907481789387]",1,-1
10256,[0.26631483 0.14737148],10,31,"[0.29817086118518243, 0.1888907481789387]",1,-1
10257,[0.2662502  0.17086632],10,31,"[0.29817086118518243, 0.1888907481789387]",1,-1
10258,[0.25145196 0.20260371],10,16,"[0.22214342499776796, 0.1812277944104208]",1,-1
10259,[0.21420918 0.11155625],10,-1,-1,1,-1
10260,[0.25460197 0.15408794],10,16,"[0.22214342499776796, 0.1812277944104208]",1,-1
10261,[0.30955994 0.2435008 ],10,7,"[0.2880919156697789, 0.2889500356712737]",1,-1
10262,[0.29425303 0.20436381],10,31,"[0.29817086118518243, 0.1888907481789387]",1,-1
10263,[0.260331   0.22248423],10,31,"[0.29817086118518243, 0.1888907481789387]",1,-1
10264,[0.21710027 0.15478082],10,16,"[0.22214342499776796, 0.1812277944104208]",1,-1
10265,[0.17909984 0.19908759],10,21,"[0.16948094512787878, 0.2245031809320862]",1,-1
10266,[0.2416677  0.18544011],10,16,"[0.22214342499776796, 0.1812277944104208]",1,-1
10267,[0.23363882 0.11666879],10,16,"[0.22214342499776796, 0.1812277944104208]",1,-1
10268,[0.31433272 0.21707481],10,31,"[0.29817086118518243, 0.1888907481789387]",1,-1
10269,[0.28492568 0.24121365],10,7,"[0.2880919156697789, 0.2889500356712737]",1,-1
10270,[0.30535497 0.2262529 ],10,31,"[0.29817086118518243, 0.1888907481789387]",1,-1
10271,[0.27990683 0.20974405],10,31,"[0.29817086118518243, 0.1888907481789387]",1,-1
10272,[0.17577984 0.13456329],10,16,"[0.22214342499776796, 0.1812277944104208]",1,-1
10273,[0.31585992 0.13269431],10,31,"[0.29817086118518243, 0.1888907481789387]",1,-1
10274,[0.2422343  0.17700467],10,16,"[0.22214342499776796, 0.1812277944104208]",1,-1
10275,[0.35463869 0.15268711],10,31,"[0.29817086118518243, 0.1888907481789387]",1,-1
10276,[0.22894061 0.16512575],10,16,"[0.22214342499776796, 0.1812277944104208]",1,-1
10277,[0.17671361 0.17660562],10,16,"[0.22214342499776796, 0.1812277944104208]",1,-1
10278,[0.37177342 0.17556919],10,-1,-1,1,-1
10279,[0.24540464 0.29179199],10,7,"[0.2880919156697789, 0.2889500356712737]",1,25
10280,[0.24490065 0.22716986],10,16,"[0.22214342499776796, 0.1812277944104208]",1,-1
10281,[0.30320676 0.27258688],10,7,"[0.2880919156697789, 0.2889500356712737]",1,-1
10282,[0.29587989 0.23800069],10,31,"[0.29817086118518243, 0.1888907481789387]",1,-1
10283,[0.30403243 0.18356226],10,31,"[0.29817086118518243, 0.1888907481789387]",1,-1
10284,[0.18454304 0.14584012],10,16,"[0.22214342499776796, 0.1812277944104208]",1,-1
10285,[0.16170013 0.26604889],10,21,"[0.16948094512787878, 0.2245031809320862]",1,-1
10286,[0.22946074 0.16004028],10,16,"[0.22214342499776796, 0.1812277944104208]",1,-1
10287,[0.23383326 0.17702401],10,16,"[0.22214342499776796, 0.1812277944104208]",1,-1
10288,[0.2482166  0.16375687],10,16,"[0.22214342499776796, 0.1812277944104208]",1,-1
10289,[0.26747431 0.22691569],10,31,"[0.29817086118518243, 0.1888907481789387]",1,-1
10290,[0.21677593 0.21209828],10,16,"[0.22214342499776796, 0.1812277944104208]",1,31
10291,[0.24338496 0.25080831],10,7,"[0.2880919156697789, 0.2889500356712737]",1,-1
10292,[0.33281807 0.17686513],10,31,"[0.29817086118518243, 0.1888907481789387]",1,-1
10293,[0.24526404 0.20467676],10,16,"[0.22214342499776796, 0.1812277944104208]",1,-1
10294,[0.19609525 0.20166127],10,16,"[0.22214342499776796, 0.1812277944104208]",1,-1
10295,[0.24936966 0.16648114],10,16,"[0.22214342499776796, 0.1812277944104208]",1,-1
10296,[0.2230241  0.11248927],10,16,"[0.22214342499776796, 0.1812277944104208]",1,-1
10297,[0.23208656 0.20177247],10,16,"[0.22214342499776796, 0.1812277944104208]",1,-1
10298,[0.20360351 0.29431028],10,15,"[0.188292755006214, 0.3253570325311902]",1,-1
10299,[0.29028637 0.17299985],10,31,"[0.29817086118518243, 0.1888907481789387]",1,-1
10300,[0.30231808 0.19893024],10,31,"[0.29817086118518243, 0.1888907481789387]",1,-1
10301,[0.16960669 0.17116784],10,21,"[0.16948094512787878, 0.2245031809320862]",1,-1
10302,[0.19184603 0.16226676],10,16,"[0.22214342499776796, 0.1812277944104208]",1,-1
10303,[0.30227852 0.247896  ],10,7,"[0.2880919156697789, 0.2889500356712737]",1,-1
10304,[0.36862587 0.18344245],10,-1,-1,1,-1
10305,[0.30173682 0.17336453],10,31,"[0.29817086118518243, 0.1888907481789387]",1,-1
10306,[0.20771593 0.10543501],10,-1,-1,1,-1
10307,[0.28098027 0.12662079],10,31,"[0.29817086118518243, 0.1888907481789387]",1,-1
10308,[0.29034764 0.26230999],10,7,"[0.2880919156697789, 0.2889500356712737]",1,-1
10309,[0.26220178 0.23736446],10,7,"[0.2880919156697789, 0.2889500356712737]",1,-1
10310,[0.21998868 0.27828157],10,15,"[0.188292755006214, 0.3253570325311902]",1,-1
10311,[0.2736409  0.31624355],10,7,"[0.2880919156697789, 0.2889500356712737]",1,-1
10312,[0.28673449 0.16579636],10,31,"[0.29817086118518243, 0.1888907481789387]",1,-1
10313,[0.2992219  0.14420829],10,31,"[0.29817086118518243, 0.1888907481789387]",1,-1
10314,[0.17658026 0.20690172],10,21,"[0.16948094512787878, 0.2245031809320862]",1,-1
10315,[0.21890017 0.22191084],10,16,"[0.22214342499776796, 0.1812277944104208]",1,31
10316,[0.2271183  0.12679195],10,16,"[0.22214342499776796, 0.1812277944104208]",1,-1
10317,[0.13910843 0.23954537],10,21,"[0.16948094512787878, 0.2245031809320862]",1,-1
10318,[0.29543048 0.16262632],10,31,"[0.29817086118518243, 0.1888907481789387]",1,-1
10319,[0.29400676 0.20105307],10,31,"[0.29817086118518243, 0.1888907481789387]",1,-1
10320,[0.25593863 0.27110622],10,7,"[0.2880919156697789, 0.2889500356712737]",1,-1
10321,[0.22404662 0.24309416],10,21,"[0.16948094512787878, 0.2245031809320862]",1,31
10322,[0.15064309 0.20839259],10,21,"[0.16948094512787878, 0.2245031809320862]",1,-1
10323,[0.22678784 0.09868564],10,-1,-1,1,-1
10324,[0.26662992 0.20299566],10,31,"[0.29817086118518243, 0.1888907481789387]",1,-1
10325,[0.19107559 0.16337655],10,16,"[0.22214342499776796, 0.1812277944104208]",1,-1
10326,[0.19780593 0.11854574],10,16,"[0.22214342499776796, 0.1812277944104208]",1,-1
10327,[0.2550621  0.11755214],10,-1,-1,1,-1
10328,[0.2355588  0.19532055],10,16,"[0.22214342499776796, 0.1812277944104208]",1,-1
10329,[0.23937911 0.13995796],10,16,"[0.22214342499776796, 0.1812277944104208]",1,-1
10330,[0.2135981 0.077017 ],10,-1,-1,1,-1
10331,[0.38779905 0.18659202],10,-1,-1,1,-1
10332,[0.22296226 0.18071055],10,16,"[0.22214342499776796, 0.1812277944104208]",1,-1
10333,[0.20583446 0.15267002],10,16,"[0.22214342499776796, 0.1812277944104208]",1,-1
10334,[0.20663323 0.22822854],10,21,"[0.16948094512787878, 0.2245031809320862]",1,31
10335,[0.21945034 0.09029573],10,-1,-1,1,-1
10336,[0.25712664 0.29253673],10,7,"[0.2880919156697789, 0.2889500356712737]",1,25
10337,[0.31856706 0.23238603],10,31,"[0.29817086118518243, 0.1888907481789387]",1,-1
10338,[0.24806455 0.28677749],10,7,"[0.2880919156697789, 0.2889500356712737]",1,25
10339,[0.28368285 0.23169447],10,31,"[0.29817086118518243, 0.1888907481789387]",1,-1
10340,[0.16713449 0.23049091],10,21,"[0.16948094512787878, 0.2245031809320862]",1,-1
10341,[0.23951071 0.22757204],10,16,"[0.22214342499776796, 0.1812277944104208]",1,31
10342,[0.27596812 0.23736369],10,7,"[0.2880919156697789, 0.2889500356712737]",1,-1
10343,[0.27901905 0.22667264],10,31,"[0.29817086118518243, 0.1888907481789387]",1,30
10344,[0.31550504 0.20258888],10,31,"[0.29817086118518243, 0.1888907481789387]",1,-1
10345,[0.20210934 0.15516415],10,16,"[0.22214342499776796, 0.1812277944104208]",1,-1
10346,[0.2867639  0.09191095],10,-1,-1,1,-1
10347,[0.23256239 0.21735104],10,16,"[0.22214342499776796, 0.1812277944104208]",1,-1
10348,[0.21129925 0.22520398],10,21,"[0.16948094512787878, 0.2245031809320862]",1,31
10349,[0.23840927 0.22896828],10,16,"[0.22214342499776796, 0.1812277944104208]",1,31
10350,[0.32388727 0.18713518],10,31,"[0.29817086118518243, 0.1888907481789387]",1,-1
10351,[0.25349751 0.12509891],10,16,"[0.22214342499776796, 0.1812277944104208]",1,-1
10352,[0.29305066 0.27304148],10,7,"[0.2880919156697789, 0.2889500356712737]",1,-1
10353,[0.31569079 0.20308695],10,31,"[0.29817086118518243, 0.1888907481789387]",1,-1
10354,[0.29041941 0.20364882],10,31,"[0.29817086118518243, 0.1888907481789387]",1,-1
10355,[0.15256211 0.20127682],10,21,"[0.16948094512787878, 0.2245031809320862]",1,-1
10356,[0.21584025 0.20189505],10,16,"[0.22214342499776796, 0.1812277944104208]",1,-1
10357,[0.29392042 0.17059605],10,31,"[0.29817086118518243, 0.1888907481789387]",1,-1
10358,[0.20253533 0.19103783],10,16,"[0.22214342499776796, 0.1812277944104208]",1,-1
10359,[0.29014887 0.16536043],10,31,"[0.29817086118518243, 0.1888907481789387]",1,-1
10360,[0.22008019 0.18943621],10,16,"[0.22214342499776796, 0.1812277944104208]",1,-1
10361,[0.26527902 0.2104627 ],10,31,"[0.29817086118518243, 0.1888907481789387]",1,30
10362,[0.21064147 0.17584707],10,16,"[0.22214342499776796, 0.1812277944104208]",1,-1
10363,[0.28188246 0.21455114],10,31,"[0.29817086118518243, 0.1888907481789387]",1,-1
10364,[0.30668333 0.17952391],10,31,"[0.29817086118518243, 0.1888907481789387]",1,-1
10365,[0.25046087 0.18379849],10,16,"[0.22214342499776796, 0.1812277944104208]",1,22
10366,[0.26341439 0.25474719],10,7,"[0.2880919156697789, 0.2889500356712737]",1,-1
10367,[0.35773937 0.09028394],10,-1,-1,-1,-1
10368,[0.34562796 0.15314046],10,31,"[0.29817086118518243, 0.1888907481789387]",1,-1
10369,[0.31373502 0.19766052],10,31,"[0.29817086118518243, 0.1888907481789387]",1,-1
10370,[0.23380572 0.05550105],10,-1,-1,-1,-1
10371,[0.26503983 0.21890677],10,31,"[0.29817086118518243, 0.1888907481789387]",1,30
10372,[0.26404997 0.21631547],10,31,"[0.29817086118518243, 0.1888907481789387]",1,30
10373,[0.2637537  0.14263489],10,16,"[0.22214342499776796, 0.1812277944104208]",1,-1
10374,[0.29941736 0.16786542],10,31,"[0.29817086118518243, 0.1888907481789387]",1,-1
10375,[0.27880228 0.13359244],10,31,"[0.29817086118518243, 0.1888907481789387]",1,-1
10376,[0.23086898 0.12081492],10,16,"[0.22214342499776796, 0.1812277944104208]",1,-1
10377,[0.31715473 0.22390764],10,31,"[0.29817086118518243, 0.1888907481789387]",1,-1
10378,[0.24758621 0.19458631],10,16,"[0.22214342499776796, 0.1812277944104208]",1,-1
10379,[0.22095175 0.1611037 ],10,16,"[0.22214342499776796, 0.1812277944104208]",1,-1
10380,[0.26065949 0.16747436],10,16,"[0.22214342499776796, 0.1812277944104208]",1,-1
10381,[0.29314177 0.27339052],10,7,"[0.2880919156697789, 0.2889500356712737]",1,-1
10382,[0.22907481 0.1619692 ],10,16,"[0.22214342499776796, 0.1812277944104208]",1,-1
10383,[0.16895438 0.25348674],10,21,"[0.16948094512787878, 0.2245031809320862]",1,-1
10384,[0.29410578 0.18987702],10,31,"[0.29817086118518243, 0.1888907481789387]",1,-1
10385,[0.29873414 0.19980654],10,31,"[0.29817086118518243, 0.1888907481789387]",1,-1
10386,[0.26765737 0.30893245],10,7,"[0.2880919156697789, 0.2889500356712737]",1,-1
10387,[0.23632707 0.14999407],10,16,"[0.22214342499776796, 0.1812277944104208]",1,-1
10388,[0.25183654 0.18599518],10,16,"[0.22214342499776796, 0.1812277944104208]",1,22
10389,[0.19087962 0.08595152],10,-1,-1,1,-1
10390,[0.26620162 0.20413831],10,31,"[0.29817086118518243, 0.1888907481789387]",1,-1
10391,[0.30737754 0.27755804],10,7,"[0.2880919156697789, 0.2889500356712737]",1,-1
10392,[0.23139948 0.17257512],10,16,"[0.22214342499776796, 0.1812277944104208]",1,-1
10393,[0.15449094 0.19490673],10,21,"[0.16948094512787878, 0.2245031809320862]",1,-1
10394,[0.15670575 0.21822633],10,21,"[0.16948094512787878, 0.2245031809320862]",1,-1
10395,[0.33493359 0.20554844],10,31,"[0.29817086118518243, 0.1888907481789387]",1,-1
10396,[0.33642017 0.18163707],10,31,"[0.29817086118518243, 0.1888907481789387]",1,-1
10397,[0.25537316 0.16558356],10,16,"[0.22214342499776796, 0.1812277944104208]",1,-1
10398,[0.25095914 0.22938867],10,16,"[0.22214342499776796, 0.1812277944104208]",1,31
10399,[0.2543222 0.2061258],10,16,"[0.22214342499776796, 0.1812277944104208]",1,-1
10400,[0.31849777 0.18649951],10,31,"[0.29817086118518243, 0.1888907481789387]",1,-1
10401,[0.32564487 0.18802486],10,31,"[0.29817086118518243, 0.1888907481789387]",1,-1
10402,[0.30789459 0.18883249],10,31,"[0.29817086118518243, 0.1888907481789387]",1,-1
10403,[0.3096123  0.18292615],10,31,"[0.29817086118518243, 0.1888907481789387]",1,-1
10404,[0.3037245 0.148889 ],10,31,"[0.29817086118518243, 0.1888907481789387]",1,-1
10405,[0.27507618 0.16448197],10,31,"[0.29817086118518243, 0.1888907481789387]",1,-1
10406,[0.35120528 0.0656759 ],10,-1,-1,-1,-1
10407,[0.27919421 0.17850773],10,31,"[0.29817086118518243, 0.1888907481789387]",1,-1
10408,[0.19415584 0.1604142 ],10,16,"[0.22214342499776796, 0.1812277944104208]",1,-1
10409,[0.2315481  0.19750714],10,16,"[0.22214342499776796, 0.1812277944104208]",1,31
10410,[0.26668877 0.13024887],10,31,"[0.29817086118518243, 0.1888907481789387]",1,-1
10411,[0.30305254 0.16861719],10,31,"[0.29817086118518243, 0.1888907481789387]",1,-1
10412,[0.30435384 0.19738297],10,31,"[0.29817086118518243, 0.1888907481789387]",1,-1
10413,[0.24279115 0.15582905],10,16,"[0.22214342499776796, 0.1812277944104208]",1,-1
10414,[0.2719291 0.186098 ],10,31,"[0.29817086118518243, 0.1888907481789387]",1,-1
10415,[0.19011922 0.29621242],10,15,"[0.188292755006214, 0.3253570325311902]",1,-1
10416,[0.28955426 0.19600329],10,31,"[0.29817086118518243, 0.1888907481789387]",1,-1
10417,[0.36423693 0.26340328],10,4,"[0.3937233168939997, 0.29890402186269427]",1,-1
10418,[0.2639646  0.22038854],10,31,"[0.29817086118518243, 0.1888907481789387]",1,-1
10419,[0.19555675 0.24271789],10,21,"[0.16948094512787878, 0.2245031809320862]",1,-1
10420,[0.24750864 0.16974217],10,16,"[0.22214342499776796, 0.1812277944104208]",1,-1
10421,[0.1713409  0.15239918],10,16,"[0.22214342499776796, 0.1812277944104208]",1,-1
10422,[0.27676273 0.17295992],10,31,"[0.29817086118518243, 0.1888907481789387]",1,-1
10423,[0.24193796 0.08856223],10,-1,-1,1,-1
10424,[0.2000803  0.16499676],10,16,"[0.22214342499776796, 0.1812277944104208]",1,-1
10425,[0.30455243 0.23408701],10,31,"[0.29817086118518243, 0.1888907481789387]",1,-1
10426,[0.26727389 0.23113776],10,31,"[0.29817086118518243, 0.1888907481789387]",1,-1
10427,[0.27870562 0.17710484],10,31,"[0.29817086118518243, 0.1888907481789387]",1,-1
10428,[0.30492571 0.09621089],10,-1,-1,1,-1
10429,[0.29124794 0.17140749],10,31,"[0.29817086118518243, 0.1888907481789387]",1,-1
10430,[0.26532057 0.17989434],10,31,"[0.29817086118518243, 0.1888907481789387]",1,-1
10431,[0.26061329 0.09784806],10,-1,-1,1,-1
10432,[0.24797348 0.14427669],10,16,"[0.22214342499776796, 0.1812277944104208]",1,-1
10433,[0.29370572 0.18978759],10,31,"[0.29817086118518243, 0.1888907481789387]",1,-1
10434,[0.1897313  0.29281692],10,15,"[0.188292755006214, 0.3253570325311902]",1,-1
10435,[0.25850133 0.28669497],10,7,"[0.2880919156697789, 0.2889500356712737]",1,25
10436,[0.26867929 0.15289257],10,31,"[0.29817086118518243, 0.1888907481789387]",1,-1
10437,[0.24867431 0.23892182],10,16,"[0.22214342499776796, 0.1812277944104208]",1,-1
10438,[0.25219096 0.18598769],10,16,"[0.22214342499776796, 0.1812277944104208]",1,22
10439,[0.30860342 0.2749515 ],10,7,"[0.2880919156697789, 0.2889500356712737]",1,-1
10440,[0.25513468 0.17300953],10,16,"[0.22214342499776796, 0.1812277944104208]",1,-1
10441,[0.25494609 0.17761273],10,16,"[0.22214342499776796, 0.1812277944104208]",1,-1
10442,[0.26295779 0.26076625],10,7,"[0.2880919156697789, 0.2889500356712737]",1,-1
10443,[0.26460387 0.17014147],10,31,"[0.29817086118518243, 0.1888907481789387]",1,-1
10444,[0.25580806 0.15620783],10,16,"[0.22214342499776796, 0.1812277944104208]",1,-1
10445,[0.19894919 0.15961259],10,16,"[0.22214342499776796, 0.1812277944104208]",1,-1
10446,[0.25850162 0.21950927],10,31,"[0.29817086118518243, 0.1888907481789387]",1,-1
10447,[0.30054789 0.05836512],10,-1,-1,-1,-1
10448,[0.21389307 0.12744542],10,16,"[0.22214342499776796, 0.1812277944104208]",1,-1
10449,[0.37952087 0.1857038 ],10,-1,-1,1,-1
10450,[0.24389816 0.21978734],10,16,"[0.22214342499776796, 0.1812277944104208]",1,-1
10451,[0.30960197 0.14953609],10,31,"[0.29817086118518243, 0.1888907481789387]",1,-1
10452,[0.2783375  0.24731831],10,7,"[0.2880919156697789, 0.2889500356712737]",1,-1
10453,[0.32672308 0.26048176],10,7,"[0.2880919156697789, 0.2889500356712737]",1,-1
10454,[0.29335834 0.28723244],10,7,"[0.2880919156697789, 0.2889500356712737]",1,-1
10455,[0.24742323 0.18885566],10,16,"[0.22214342499776796, 0.1812277944104208]",1,22
10456,[0.23301141 0.11363047],10,16,"[0.22214342499776796, 0.1812277944104208]",1,-1
10457,[0.2812168 0.153096 ],10,31,"[0.29817086118518243, 0.1888907481789387]",1,-1
10458,[0.29385297 0.16954392],10,31,"[0.29817086118518243, 0.1888907481789387]",1,-1
10459,[0.23846138 0.15274443],10,16,"[0.22214342499776796, 0.1812277944104208]",1,-1
10460,[0.25374052 0.25550222],10,7,"[0.2880919156697789, 0.2889500356712737]",1,-1
10461,[0.2705855 0.155248 ],10,31,"[0.29817086118518243, 0.1888907481789387]",1,-1
10462,[0.28901242 0.25138267],10,7,"[0.2880919156697789, 0.2889500356712737]",1,-1
10463,[0.27103604 0.1696308 ],10,31,"[0.29817086118518243, 0.1888907481789387]",1,-1
10464,[0.27444344 0.1973092 ],10,31,"[0.29817086118518243, 0.1888907481789387]",1,-1
10465,[0.17758226 0.13984558],10,16,"[0.22214342499776796, 0.1812277944104208]",1,-1
10466,[0.29128493 0.20987257],10,31,"[0.29817086118518243, 0.1888907481789387]",1,-1
10467,[0.18057082 0.1274858 ],10,16,"[0.22214342499776796, 0.1812277944104208]",1,-1
10468,[0.28314657 0.26823862],10,7,"[0.2880919156697789, 0.2889500356712737]",1,-1
10469,[0.20013906 0.24171665],10,21,"[0.16948094512787878, 0.2245031809320862]",1,-1
10470,[0.25817155 0.18499522],10,16,"[0.22214342499776796, 0.1812277944104208]",1,22
10471,[0.24756272 0.18403194],10,16,"[0.22214342499776796, 0.1812277944104208]",1,22
10472,[0.32329019 0.20900651],10,31,"[0.29817086118518243, 0.1888907481789387]",1,-1
10473,[0.27553635 0.13958923],10,31,"[0.29817086118518243, 0.1888907481789387]",1,-1
10474,[0.2699355  0.28064644],10,7,"[0.2880919156697789, 0.2889500356712737]",1,-1
10475,[0.22922394 0.20848649],10,16,"[0.22214342499776796, 0.1812277944104208]",1,-1
10476,[0.25083387 0.24343245],10,7,"[0.2880919156697789, 0.2889500356712737]",1,-1
10477,[0.29738259 0.30639873],10,7,"[0.2880919156697789, 0.2889500356712737]",1,-1
10478,[0.24457491 0.20649429],10,16,"[0.22214342499776796, 0.1812277944104208]",1,-1
10479,[0.23327406 0.21565381],10,16,"[0.22214342499776796, 0.1812277944104208]",1,-1
10480,[0.27718844 0.27807606],10,7,"[0.2880919156697789, 0.2889500356712737]",1,-1
10481,[0.27841638 0.18970662],10,31,"[0.29817086118518243, 0.1888907481789387]",1,-1
10482,[0.29895872 0.29411873],10,7,"[0.2880919156697789, 0.2889500356712737]",1,-1
10483,[0.21588368 0.22069072],10,16,"[0.22214342499776796, 0.1812277944104208]",1,31
10484,[0.21436814 0.30050433],10,15,"[0.188292755006214, 0.3253570325311902]",1,-1
10485,[0.23158447 0.16270177],10,16,"[0.22214342499776796, 0.1812277944104208]",1,-1
10486,[0.24110402 0.13170511],10,16,"[0.22214342499776796, 0.1812277944104208]",1,-1
10487,[0.28379301 0.16501623],10,31,"[0.29817086118518243, 0.1888907481789387]",1,-1
10488,[0.23618774 0.15861319],10,16,"[0.22214342499776796, 0.1812277944104208]",1,-1
10489,[0.23714666 0.18906632],10,16,"[0.22214342499776796, 0.1812277944104208]",1,-1
10490,[0.27426095 0.15333823],10,31,"[0.29817086118518243, 0.1888907481789387]",1,-1
10491,[0.20017545 0.14197741],10,16,"[0.22214342499776796, 0.1812277944104208]",1,-1
10492,[0.27564495 0.23086658],10,31,"[0.29817086118518243, 0.1888907481789387]",1,30
10493,[0.17275609 0.20492524],10,21,"[0.16948094512787878, 0.2245031809320862]",1,-1
10494,[0.31699094 0.17487082],10,31,"[0.29817086118518243, 0.1888907481789387]",1,-1
10495,[0.27187502 0.21553577],10,31,"[0.29817086118518243, 0.1888907481789387]",1,-1
10496,[0.26381035 0.21452352],10,31,"[0.29817086118518243, 0.1888907481789387]",1,30
10497,[0.30796761 0.24852599],10,7,"[0.2880919156697789, 0.2889500356712737]",1,-1
10498,[0.29154556 0.16254122],10,31,"[0.29817086118518243, 0.1888907481789387]",1,-1
10499,[0.24650457 0.18326392],10,16,"[0.22214342499776796, 0.1812277944104208]",1,22
10500,[0.24937374 0.19856036],10,16,"[0.22214342499776796, 0.1812277944104208]",1,-1
10501,[0.2674286 0.2122205],10,31,"[0.29817086118518243, 0.1888907481789387]",1,-1
10502,[0.18464471 0.19656793],10,21,"[0.16948094512787878, 0.2245031809320862]",1,-1
10503,[0.23535266 0.16050546],10,16,"[0.22214342499776796, 0.1812277944104208]",1,-1
10504,[0.26919829 0.12432127],10,-1,-1,1,-1
10505,[0.35286507 0.28902634],10,4,"[0.3937233168939997, 0.29890402186269427]",1,-1
10506,[0.21551765 0.20488694],10,16,"[0.22214342499776796, 0.1812277944104208]",1,31
10507,[0.25295234 0.1462496 ],10,16,"[0.22214342499776796, 0.1812277944104208]",1,-1
10508,[0.24147557 0.16388877],10,16,"[0.22214342499776796, 0.1812277944104208]",1,-1
10509,[0.26682615 0.27620843],10,7,"[0.2880919156697789, 0.2889500356712737]",1,-1
10510,[0.25357069 0.1008673 ],10,-1,-1,1,-1
10511,[0.24000284 0.1798926 ],10,16,"[0.22214342499776796, 0.1812277944104208]",1,-1
10512,[0.25490207 0.24699883],10,7,"[0.2880919156697789, 0.2889500356712737]",1,-1
10513,[0.25542272 0.18428074],10,16,"[0.22214342499776796, 0.1812277944104208]",1,22
10514,[0.27716155 0.25345016],10,7,"[0.2880919156697789, 0.2889500356712737]",1,28
10515,[0.27244917 0.25280022],10,7,"[0.2880919156697789, 0.2889500356712737]",1,28
10516,[0.24280435 0.15707297],10,16,"[0.22214342499776796, 0.1812277944104208]",1,-1
10517,[0.23066447 0.23367113],10,16,"[0.22214342499776796, 0.1812277944104208]",1,-1
10518,[0.28749826 0.21178717],10,31,"[0.29817086118518243, 0.1888907481789387]",1,-1
10519,[0.19805255 0.1472341 ],10,16,"[0.22214342499776796, 0.1812277944104208]",1,-1
10520,[0.25157838 0.15262844],10,16,"[0.22214342499776796, 0.1812277944104208]",1,-1
10521,[0.3097334  0.15847138],10,31,"[0.29817086118518243, 0.1888907481789387]",1,-1
10522,[0.26720914 0.2138169 ],10,31,"[0.29817086118518243, 0.1888907481789387]",1,-1
10523,[0.15612871 0.16575947],10,21,"[0.16948094512787878, 0.2245031809320862]",1,-1
10524,[0.33100542 0.17700253],10,31,"[0.29817086118518243, 0.1888907481789387]",1,-1
10525,[0.24654182 0.199349  ],10,16,"[0.22214342499776796, 0.1812277944104208]",1,-1
10526,[0.19372912 0.16531333],10,16,"[0.22214342499776796, 0.1812277944104208]",1,-1
10527,[0.26592343 0.22951608],10,31,"[0.29817086118518243, 0.1888907481789387]",1,-1
10528,[0.28356576 0.13595828],10,31,"[0.29817086118518243, 0.1888907481789387]",1,-1
10529,[0.35941222 0.17890977],10,31,"[0.29817086118518243, 0.1888907481789387]",1,-1
10530,[0.28183011 0.27163575],10,7,"[0.2880919156697789, 0.2889500356712737]",1,-1
10531,[0.24316224 0.18309655],10,16,"[0.22214342499776796, 0.1812277944104208]",1,22
10532,[0.20773781 0.22006143],10,21,"[0.16948094512787878, 0.2245031809320862]",1,31
10533,[0.22840678 0.28060908],10,15,"[0.188292755006214, 0.3253570325311902]",1,-1
10534,[0.27710635 0.2209475 ],10,31,"[0.29817086118518243, 0.1888907481789387]",1,-1
10535,[0.27843667 0.19298854],10,31,"[0.29817086118518243, 0.1888907481789387]",1,-1
10536,[0.35026484 0.16615203],10,31,"[0.29817086118518243, 0.1888907481789387]",1,-1
10537,[0.23335091 0.25560178],10,7,"[0.2880919156697789, 0.2889500356712737]",1,-1
10538,[0.27118199 0.23085867],10,31,"[0.29817086118518243, 0.1888907481789387]",1,-1
10539,[0.30702535 0.13104143],10,31,"[0.29817086118518243, 0.1888907481789387]",1,-1
10540,[0.29282078 0.22043124],10,31,"[0.29817086118518243, 0.1888907481789387]",1,-1
10541,[0.26507739 0.29754429],10,7,"[0.2880919156697789, 0.2889500356712737]",1,-1
10542,[0.31543958 0.24423378],10,7,"[0.2880919156697789, 0.2889500356712737]",1,-1
10543,[0.24359157 0.18685909],10,16,"[0.22214342499776796, 0.1812277944104208]",1,-1
10544,[0.20624595 0.22640919],10,21,"[0.16948094512787878, 0.2245031809320862]",1,31
10545,[0.3086432  0.25846912],10,7,"[0.2880919156697789, 0.2889500356712737]",1,-1
10546,[0.31449487 0.16842493],10,31,"[0.29817086118518243, 0.1888907481789387]",1,-1
10547,[0.22349849 0.09803446],10,-1,-1,1,-1
10548,[0.28854338 0.19620612],10,31,"[0.29817086118518243, 0.1888907481789387]",1,-1
10549,[0.24037896 0.21367992],10,16,"[0.22214342499776796, 0.1812277944104208]",1,-1
10550,[0.26165674 0.21368187],10,31,"[0.29817086118518243, 0.1888907481789387]",1,30
10551,[0.20768181 0.20205352],10,16,"[0.22214342499776796, 0.1812277944104208]",1,-1
10552,[0.22346869 0.17804764],10,16,"[0.22214342499776796, 0.1812277944104208]",1,-1
10553,[0.16696905 0.11491222],10,-1,-1,1,-1
10554,[0.26294835 0.22794685],10,31,"[0.29817086118518243, 0.1888907481789387]",1,-1
10555,[0.36056728 0.20016055],10,31,"[0.29817086118518243, 0.1888907481789387]",1,-1
10556,[0.27669192 0.25469211],10,7,"[0.2880919156697789, 0.2889500356712737]",1,-1
10557,[0.25546628 0.26183161],10,7,"[0.2880919156697789, 0.2889500356712737]",1,-1
10558,[0.26279552 0.13180437],10,16,"[0.22214342499776796, 0.1812277944104208]",1,-1
10559,[0.24149642 0.15766804],10,16,"[0.22214342499776796, 0.1812277944104208]",1,-1
10560,[0.28081013 0.20943212],10,31,"[0.29817086118518243, 0.1888907481789387]",1,-1
10561,[0.28804631 0.23740371],10,31,"[0.29817086118518243, 0.1888907481789387]",1,-1
10562,[0.32523751 0.20999985],10,31,"[0.29817086118518243, 0.1888907481789387]",1,-1
10563,[0.21418225 0.25816941],10,21,"[0.16948094512787878, 0.2245031809320862]",1,-1
10564,[0.24951919 0.25259653],10,7,"[0.2880919156697789, 0.2889500356712737]",1,-1
10565,[0.18495584 0.19005763],10,21,"[0.16948094512787878, 0.2245031809320862]",1,-1
10566,[0.23194827 0.22831909],10,16,"[0.22214342499776796, 0.1812277944104208]",1,31
10567,[0.2527132  0.20733659],10,16,"[0.22214342499776796, 0.1812277944104208]",1,-1
10568,[0.29933097 0.20888246],10,31,"[0.29817086118518243, 0.1888907481789387]",1,-1
10569,[0.32677034 0.21288894],10,31,"[0.29817086118518243, 0.1888907481789387]",1,-1
10570,[0.3622845  0.24456864],10,4,"[0.3937233168939997, 0.29890402186269427]",1,-1
10571,[0.21814615 0.23430656],10,21,"[0.16948094512787878, 0.2245031809320862]",1,-1
10572,[0.29769369 0.19632864],10,31,"[0.29817086118518243, 0.1888907481789387]",1,-1
10573,[0.20792417 0.24249518],10,21,"[0.16948094512787878, 0.2245031809320862]",1,-1
10574,[0.27960778 0.17459765],10,31,"[0.29817086118518243, 0.1888907481789387]",1,-1
10575,[0.2722787 0.1487768],10,31,"[0.29817086118518243, 0.1888907481789387]",1,-1
10576,[0.21535989 0.21021657],10,16,"[0.22214342499776796, 0.1812277944104208]",1,31
10577,[0.26391471 0.25572462],10,7,"[0.2880919156697789, 0.2889500356712737]",1,-1
10578,[0.15025677 0.1836551 ],10,21,"[0.16948094512787878, 0.2245031809320862]",1,-1
10579,[0.24281436 0.21455521],10,16,"[0.22214342499776796, 0.1812277944104208]",1,-1
10580,[0.33421663 0.27530388],10,7,"[0.2880919156697789, 0.2889500356712737]",1,-1
10581,[0.25314511 0.1808713 ],10,16,"[0.22214342499776796, 0.1812277944104208]",1,22
10582,[0.26151273 0.12070649],10,-1,-1,1,-1
10583,[0.27856738 0.23850453],10,7,"[0.2880919156697789, 0.2889500356712737]",1,-1
10584,[0.22162195 0.2670688 ],10,15,"[0.188292755006214, 0.3253570325311902]",1,-1
10585,[0.28654093 0.11888816],10,-1,-1,1,-1
10586,[0.23633638 0.23532487],10,16,"[0.22214342499776796, 0.1812277944104208]",1,-1
10587,[0.19782307 0.11788876],10,16,"[0.22214342499776796, 0.1812277944104208]",1,-1
10588,[0.26785781 0.20085259],10,31,"[0.29817086118518243, 0.1888907481789387]",1,-1
10589,[0.23673618 0.19411351],10,16,"[0.22214342499776796, 0.1812277944104208]",1,-1
10590,[0.34525169 0.18096791],10,31,"[0.29817086118518243, 0.1888907481789387]",1,-1
10591,[0.28115065 0.19473685],10,31,"[0.29817086118518243, 0.1888907481789387]",1,-1
10592,[0.17520209 0.20470017],10,21,"[0.16948094512787878, 0.2245031809320862]",1,-1
10593,[0.26472075 0.23058509],10,31,"[0.29817086118518243, 0.1888907481789387]",1,-1
10594,[0.20669314 0.07715085],10,-1,-1,1,-1
10595,[0.12916988 0.22666126],10,21,"[0.16948094512787878, 0.2245031809320862]",1,-1
10596,[0.24155797 0.25897994],10,7,"[0.2880919156697789, 0.2889500356712737]",1,-1
10597,[0.26524928 0.15162302],10,31,"[0.29817086118518243, 0.1888907481789387]",1,-1
10598,[0.32566544 0.15921371],10,31,"[0.29817086118518243, 0.1888907481789387]",1,-1
10599,[0.26321086 0.13616805],10,16,"[0.22214342499776796, 0.1812277944104208]",1,-1
10600,[0.27891155 0.20001158],10,31,"[0.29817086118518243, 0.1888907481789387]",1,-1
10601,[0.25946304 0.24387834],10,7,"[0.2880919156697789, 0.2889500356712737]",1,28
10602,[0.20871042 0.13709614],10,16,"[0.22214342499776796, 0.1812277944104208]",1,-1
10603,[0.20144949 0.23727242],10,21,"[0.16948094512787878, 0.2245031809320862]",1,31
10604,[0.32489757 0.20016528],10,31,"[0.29817086118518243, 0.1888907481789387]",1,-1
10605,[0.29658786 0.25555701],10,7,"[0.2880919156697789, 0.2889500356712737]",1,-1
10606,[0.20911463 0.21515254],10,16,"[0.22214342499776796, 0.1812277944104208]",1,31
10607,[0.18298761 0.20165213],10,21,"[0.16948094512787878, 0.2245031809320862]",1,-1
10608,[0.27402546 0.18919393],10,31,"[0.29817086118518243, 0.1888907481789387]",1,-1
10609,[0.35283538 0.10662226],10,-1,-1,1,-1
10610,[0.25851789 0.13896814],10,16,"[0.22214342499776796, 0.1812277944104208]",1,-1
10611,[0.30035006 0.19083754],10,31,"[0.29817086118518243, 0.1888907481789387]",1,-1
10612,[0.27520486 0.08202987],10,-1,-1,1,-1
10613,[0.26270587 0.11265419],10,-1,-1,1,-1
10614,[0.27461515 0.17829006],10,31,"[0.29817086118518243, 0.1888907481789387]",1,-1
10615,[0.32665465 0.19016321],10,31,"[0.29817086118518243, 0.1888907481789387]",1,-1
10616,[0.26892627 0.16061825],10,31,"[0.29817086118518243, 0.1888907481789387]",1,-1
10617,[0.19230343 0.26187888],10,21,"[0.16948094512787878, 0.2245031809320862]",1,-1
10618,[0.25523956 0.21547726],10,16,"[0.22214342499776796, 0.1812277944104208]",1,-1
10619,[0.34966338 0.21110033],10,31,"[0.29817086118518243, 0.1888907481789387]",1,-1
10620,[0.27410941 0.13876213],10,31,"[0.29817086118518243, 0.1888907481789387]",1,-1
10621,[0.24517744 0.24459802],10,7,"[0.2880919156697789, 0.2889500356712737]",1,-1
10622,[0.21130753 0.20083049],10,16,"[0.22214342499776796, 0.1812277944104208]",1,-1
10623,[0.32043076 0.13521987],10,31,"[0.29817086118518243, 0.1888907481789387]",1,-1
10624,[0.31267849 0.15451124],10,31,"[0.29817086118518243, 0.1888907481789387]",1,-1
10625,[0.27698915 0.24340168],10,7,"[0.2880919156697789, 0.2889500356712737]",1,-1
10626,[0.17571422 0.18991493],10,21,"[0.16948094512787878, 0.2245031809320862]",1,-1
10627,[0.22316348 0.14515947],10,16,"[0.22214342499776796, 0.1812277944104208]",1,-1
10628,[0.24767138 0.22240698],10,16,"[0.22214342499776796, 0.1812277944104208]",1,31
10629,[0.34733533 0.18491895],10,31,"[0.29817086118518243, 0.1888907481789387]",1,-1
10630,[0.23316758 0.2519617 ],10,7,"[0.2880919156697789, 0.2889500356712737]",1,-1
10631,[0.29422663 0.23504915],10,31,"[0.29817086118518243, 0.1888907481789387]",1,-1
10632,[0.28031809 0.17132315],10,31,"[0.29817086118518243, 0.1888907481789387]",1,-1
10633,[0.32749502 0.20752496],10,31,"[0.29817086118518243, 0.1888907481789387]",1,-1
10634,[0.27335135 0.26233192],10,7,"[0.2880919156697789, 0.2889500356712737]",1,-1
10635,[0.27168183 0.18468143],10,31,"[0.29817086118518243, 0.1888907481789387]",1,-1
10636,[0.26292778 0.19131863],10,31,"[0.29817086118518243, 0.1888907481789387]",1,-1
10637,[0.26397433 0.13680786],10,16,"[0.22214342499776796, 0.1812277944104208]",1,-1
10638,[0.21337548 0.20457168],10,16,"[0.22214342499776796, 0.1812277944104208]",1,31
10639,[0.23927465 0.13711935],10,16,"[0.22214342499776796, 0.1812277944104208]",1,-1
10640,[0.20758086 0.17801592],10,16,"[0.22214342499776796, 0.1812277944104208]",1,-1
10641,[0.25413198 0.13160576],10,16,"[0.22214342499776796, 0.1812277944104208]",1,-1
10642,[0.36855725 0.24929417],10,4,"[0.3937233168939997, 0.29890402186269427]",1,-1
10643,[0.23835097 0.13528557],10,16,"[0.22214342499776796, 0.1812277944104208]",1,-1
10644,[0.24555019 0.25120235],10,7,"[0.2880919156697789, 0.2889500356712737]",1,-1
10645,[0.20216898 0.19087149],10,16,"[0.22214342499776796, 0.1812277944104208]",1,-1
10646,[0.2104774  0.27024321],10,15,"[0.188292755006214, 0.3253570325311902]",1,32
10647,[0.25576574 0.24431501],10,7,"[0.2880919156697789, 0.2889500356712737]",1,28
10648,[0.20541032 0.11279152],10,-1,-1,1,-1
10649,[0.27011727 0.18381212],10,31,"[0.29817086118518243, 0.1888907481789387]",1,-1
10650,[0.19907003 0.23070844],10,21,"[0.16948094512787878, 0.2245031809320862]",1,-1
10651,[0.2383903  0.20871347],10,16,"[0.22214342499776796, 0.1812277944104208]",1,-1
10652,[0.23500426 0.19676498],10,16,"[0.22214342499776796, 0.1812277944104208]",1,-1
10653,[0.26326474 0.09842715],10,-1,-1,1,-1
10654,[0.25682648 0.24077864],10,7,"[0.2880919156697789, 0.2889500356712737]",1,28
10655,[0.38353481 0.23782901],10,4,"[0.3937233168939997, 0.29890402186269427]",1,-1
10656,[0.21052864 0.21246012],10,16,"[0.22214342499776796, 0.1812277944104208]",1,31
10657,[0.34763896 0.22243802],10,31,"[0.29817086118518243, 0.1888907481789387]",1,-1
10658,[0.26965868 0.21346919],10,31,"[0.29817086118518243, 0.1888907481789387]",1,-1
10659,[0.21766859 0.17600278],10,16,"[0.22214342499776796, 0.1812277944104208]",1,-1
10660,[0.20181656 0.19736978],10,16,"[0.22214342499776796, 0.1812277944104208]",1,-1
10661,[0.18964983 0.1969241 ],10,21,"[0.16948094512787878, 0.2245031809320862]",1,-1
10662,[0.28030032 0.19896517],10,31,"[0.29817086118518243, 0.1888907481789387]",1,-1
10663,[0.2115674  0.20745509],10,16,"[0.22214342499776796, 0.1812277944104208]",1,31
10664,[0.28843174 0.17409893],10,31,"[0.29817086118518243, 0.1888907481789387]",1,-1
10665,[0.23855655 0.24262948],10,16,"[0.22214342499776796, 0.1812277944104208]",1,-1
10666,[0.35449614 0.11562843],10,-1,-1,1,-1
10667,[0.27625648 0.24150555],10,7,"[0.2880919156697789, 0.2889500356712737]",1,-1
10668,[0.36557415 0.16981624],10,-1,-1,1,-1
10669,[0.21480494 0.1784213 ],10,16,"[0.22214342499776796, 0.1812277944104208]",1,-1
10670,[0.2700639  0.24640291],10,7,"[0.2880919156697789, 0.2889500356712737]",1,28
10671,[0.24284189 0.20201455],10,16,"[0.22214342499776796, 0.1812277944104208]",1,-1
10672,[0.18088542 0.2216612 ],10,21,"[0.16948094512787878, 0.2245031809320862]",1,-1
10673,[0.31994855 0.16457905],10,31,"[0.29817086118518243, 0.1888907481789387]",1,-1
10674,[0.24129871 0.11596113],10,16,"[0.22214342499776796, 0.1812277944104208]",1,-1
10675,[0.28083163 0.18245481],10,31,"[0.29817086118518243, 0.1888907481789387]",1,-1
10676,[0.21710381 0.27276896],10,15,"[0.188292755006214, 0.3253570325311902]",1,-1
10677,[0.25812554 0.19523946],10,16,"[0.22214342499776796, 0.1812277944104208]",1,-1
10678,[0.33906097 0.15262906],10,31,"[0.29817086118518243, 0.1888907481789387]",1,-1
10679,[0.29649391 0.14272675],10,31,"[0.29817086118518243, 0.1888907481789387]",1,-1
10680,[0.23363579 0.2184647 ],10,16,"[0.22214342499776796, 0.1812277944104208]",1,-1
10681,[0.39137315 0.24259233],10,4,"[0.3937233168939997, 0.29890402186269427]",1,-1
10682,[0.23400041 0.14704155],10,16,"[0.22214342499776796, 0.1812277944104208]",1,-1
10683,[0.26670789 0.2404081 ],10,7,"[0.2880919156697789, 0.2889500356712737]",1,28
10684,[0.34264712 0.16987428],10,31,"[0.29817086118518243, 0.1888907481789387]",1,-1
10685,[0.32247441 0.17976522],10,31,"[0.29817086118518243, 0.1888907481789387]",1,-1
10686,[0.29999299 0.25003482],10,7,"[0.2880919156697789, 0.2889500356712737]",1,-1
10687,[0.29317855 0.19677443],10,31,"[0.29817086118518243, 0.1888907481789387]",1,-1
10688,[0.22069736 0.1979688 ],10,16,"[0.22214342499776796, 0.1812277944104208]",1,-1
10689,[0.30219833 0.15664241],10,31,"[0.29817086118518243, 0.1888907481789387]",1,-1
10690,[0.26092863 0.19740401],10,31,"[0.29817086118518243, 0.1888907481789387]",1,-1
10691,[0.29614055 0.29826249],10,7,"[0.2880919156697789, 0.2889500356712737]",1,-1
10692,[0.30578523 0.21563499],10,31,"[0.29817086118518243, 0.1888907481789387]",1,-1
10693,[0.21261631 0.30503324],10,15,"[0.188292755006214, 0.3253570325311902]",1,-1
10694,[0.2163852  0.21175079],10,16,"[0.22214342499776796, 0.1812277944104208]",1,31
10695,[0.30863437 0.22480496],10,31,"[0.29817086118518243, 0.1888907481789387]",1,-1
10696,[0.26666644 0.22354817],10,31,"[0.29817086118518243, 0.1888907481789387]",1,-1
10697,[0.24856329 0.23236161],10,16,"[0.22214342499776796, 0.1812277944104208]",1,-1
10698,[0.21404714 0.25435969],10,21,"[0.16948094512787878, 0.2245031809320862]",1,-1
10699,[0.23487746 0.09073575],10,-1,-1,1,-1
10700,[0.25212991 0.18791533],10,16,"[0.22214342499776796, 0.1812277944104208]",1,22
10701,[0.20171478 0.22820851],10,21,"[0.16948094512787878, 0.2245031809320862]",1,-1
10702,[0.28957631 0.10070706],10,-1,-1,1,-1
10703,[0.27751045 0.25289086],10,7,"[0.2880919156697789, 0.2889500356712737]",1,28
10704,[0.27424081 0.12751851],10,31,"[0.29817086118518243, 0.1888907481789387]",1,-1
10705,[0.27268466 0.1839405 ],10,31,"[0.29817086118518243, 0.1888907481789387]",1,-1
10706,[0.19835885 0.17224272],10,16,"[0.22214342499776796, 0.1812277944104208]",1,-1
10707,[0.30061122 0.14648222],10,31,"[0.29817086118518243, 0.1888907481789387]",1,-1
10708,[0.30691101 0.22339214],10,31,"[0.29817086118518243, 0.1888907481789387]",1,-1
10709,[0.21225823 0.18064202],10,16,"[0.22214342499776796, 0.1812277944104208]",1,-1
10710,[0.24833045 0.12589773],10,16,"[0.22214342499776796, 0.1812277944104208]",1,-1
10711,[0.29907493 0.17852479],10,31,"[0.29817086118518243, 0.1888907481789387]",1,-1
10712,[0.2159662  0.21318518],10,16,"[0.22214342499776796, 0.1812277944104208]",1,31
10713,[0.2545536  0.23530368],10,16,"[0.22214342499776796, 0.1812277944104208]",1,-1
10714,[0.32962382 0.19021604],10,31,"[0.29817086118518243, 0.1888907481789387]",1,-1
10715,[0.24280401 0.21813821],10,16,"[0.22214342499776796, 0.1812277944104208]",1,-1
10716,[0.264714   0.18162847],10,31,"[0.29817086118518243, 0.1888907481789387]",1,-1
10717,[0.22285176 0.12859936],10,16,"[0.22214342499776796, 0.1812277944104208]",1,-1
10718,[0.28518394 0.20710279],10,31,"[0.29817086118518243, 0.1888907481789387]",1,-1
10719,[0.21649253 0.24257645],10,21,"[0.16948094512787878, 0.2245031809320862]",1,31
10720,[0.3930295  0.13771118],10,-1,-1,1,-1
10721,[0.2836598 0.1985538],10,31,"[0.29817086118518243, 0.1888907481789387]",1,-1
10722,[0.25087713 0.22011074],10,16,"[0.22214342499776796, 0.1812277944104208]",1,-1
10723,[0.18759452 0.2001641 ],10,21,"[0.16948094512787878, 0.2245031809320862]",1,-1
10724,[0.22390431 0.17527642],10,16,"[0.22214342499776796, 0.1812277944104208]",1,-1
10725,[0.27029054 0.10614824],10,-1,-1,1,-1
10726,[0.18773517 0.12925275],10,16,"[0.22214342499776796, 0.1812277944104208]",1,-1
10727,[0.21177694 0.3041571 ],10,15,"[0.188292755006214, 0.3253570325311902]",1,-1
10728,[0.13536029 0.25243704],10,21,"[0.16948094512787878, 0.2245031809320862]",1,-1
10729,[0.21302645 0.09067594],10,-1,-1,1,-1
10730,[0.23253364 0.23101453],10,16,"[0.22214342499776796, 0.1812277944104208]",1,-1
10731,[0.21751673 0.22321977],10,16,"[0.22214342499776796, 0.1812277944104208]",1,31
10732,[0.3138015  0.22451757],10,31,"[0.29817086118518243, 0.1888907481789387]",1,-1
10733,[0.32582747 0.23927451],10,31,"[0.29817086118518243, 0.1888907481789387]",1,-1
10734,[0.27095374 0.22100167],10,31,"[0.29817086118518243, 0.1888907481789387]",1,-1
10735,[0.16916416 0.0532215 ],10,-1,-1,-1,-1
10736,[0.32502679 0.18303552],10,31,"[0.29817086118518243, 0.1888907481789387]",1,-1
10737,[0.25601403 0.28992901],10,7,"[0.2880919156697789, 0.2889500356712737]",1,25
10738,[0.34596087 0.14291088],10,31,"[0.29817086118518243, 0.1888907481789387]",1,-1
10739,[0.2564114  0.12847879],10,16,"[0.22214342499776796, 0.1812277944104208]",1,-1
10740,[0.24440121 0.20955595],10,16,"[0.22214342499776796, 0.1812277944104208]",1,31
10741,[0.23000963 0.14045681],10,16,"[0.22214342499776796, 0.1812277944104208]",1,-1
10742,[0.35048683 0.14680335],10,31,"[0.29817086118518243, 0.1888907481789387]",1,-1
10743,[0.32034092 0.23206804],10,31,"[0.29817086118518243, 0.1888907481789387]",1,-1
10744,[0.27518863 0.2434431 ],10,7,"[0.2880919156697789, 0.2889500356712737]",1,-1
10745,[0.32882146 0.19975634],10,31,"[0.29817086118518243, 0.1888907481789387]",1,-1
10746,[0.25087393 0.1897706 ],10,16,"[0.22214342499776796, 0.1812277944104208]",1,-1
10747,[0.2143658  0.14075197],10,16,"[0.22214342499776796, 0.1812277944104208]",1,-1
10748,[0.16945525 0.18548246],10,21,"[0.16948094512787878, 0.2245031809320862]",1,-1
10749,[0.24868158 0.21474589],10,16,"[0.22214342499776796, 0.1812277944104208]",1,-1
10750,[0.26759409 0.18617481],10,31,"[0.29817086118518243, 0.1888907481789387]",1,-1
10751,[0.24006491 0.22140992],10,16,"[0.22214342499776796, 0.1812277944104208]",1,-1
10752,[0.21907417 0.13571362],10,16,"[0.22214342499776796, 0.1812277944104208]",1,-1
10753,[0.30380849 0.11173991],10,-1,-1,1,-1
10754,[0.2000125  0.26790854],10,21,"[0.16948094512787878, 0.2245031809320862]",1,32
10755,[0.25235701 0.29165801],10,7,"[0.2880919156697789, 0.2889500356712737]",1,25
10756,[0.20769442 0.11953228],10,16,"[0.22214342499776796, 0.1812277944104208]",1,-1
10757,[0.26671635 0.22210182],10,31,"[0.29817086118518243, 0.1888907481789387]",1,-1
10758,[0.34064706 0.25988116],10,7,"[0.2880919156697789, 0.2889500356712737]",1,-1
10759,[0.22372296 0.17551728],10,16,"[0.22214342499776796, 0.1812277944104208]",1,-1
10760,[0.23651613 0.2509161 ],10,7,"[0.2880919156697789, 0.2889500356712737]",1,-1
10761,[0.30202579 0.04230472],10,-1,-1,-1,-1
10762,[0.254158  0.2312384],10,16,"[0.22214342499776796, 0.1812277944104208]",1,-1
10763,[0.31085687 0.12824167],10,31,"[0.29817086118518243, 0.1888907481789387]",1,-1
10764,[0.15579452 0.19436101],10,21,"[0.16948094512787878, 0.2245031809320862]",1,-1
10765,[0.20262254 0.19660924],10,16,"[0.22214342499776796, 0.1812277944104208]",1,-1
10766,[0.22599598 0.09912724],10,-1,-1,1,-1
10767,[0.2739626  0.16229301],10,31,"[0.29817086118518243, 0.1888907481789387]",1,-1
10768,[0.26499348 0.1052425 ],10,-1,-1,1,-1
10769,[0.21084779 0.2089661 ],10,16,"[0.22214342499776796, 0.1812277944104208]",1,31
10770,[0.21134194 0.21518368],10,16,"[0.22214342499776796, 0.1812277944104208]",1,31
10771,[0.22687403 0.25179325],10,21,"[0.16948094512787878, 0.2245031809320862]",1,31
10772,[0.21475047 0.2366829 ],10,21,"[0.16948094512787878, 0.2245031809320862]",1,-1
10773,[0.25991316 0.23961579],10,7,"[0.2880919156697789, 0.2889500356712737]",1,28
10774,[0.19257422 0.14826257],10,16,"[0.22214342499776796, 0.1812277944104208]",1,-1
10775,[0.28268908 0.13890089],10,31,"[0.29817086118518243, 0.1888907481789387]",1,-1
10776,[0.31154242 0.1411819 ],10,31,"[0.29817086118518243, 0.1888907481789387]",1,-1
10777,[0.21208335 0.18037678],10,16,"[0.22214342499776796, 0.1812277944104208]",1,-1
10778,[0.18390405 0.20185262],10,21,"[0.16948094512787878, 0.2245031809320862]",1,-1
10779,[0.23183153 0.23326666],10,16,"[0.22214342499776796, 0.1812277944104208]",1,-1
10780,[0.26547801 0.10113468],10,-1,-1,1,-1
10781,[0.17146901 0.1696453 ],10,16,"[0.22214342499776796, 0.1812277944104208]",1,-1
10782,[0.36126852 0.22902066],10,-1,-1,1,-1
10783,[0.32867338 0.12094219],10,-1,-1,1,-1
10784,[0.27543178 0.25860481],10,7,"[0.2880919156697789, 0.2889500356712737]",1,-1
10785,[0.3091047  0.16963641],10,31,"[0.29817086118518243, 0.1888907481789387]",1,-1
10786,[0.26138478 0.16559563],10,16,"[0.22214342499776796, 0.1812277944104208]",1,-1
10787,[0.1972699  0.26433616],10,21,"[0.16948094512787878, 0.2245031809320862]",1,32
10788,[0.26099719 0.24329845],10,7,"[0.2880919156697789, 0.2889500356712737]",1,28
10789,[0.26794016 0.20507312],10,31,"[0.29817086118518243, 0.1888907481789387]",1,-1
10790,[0.29715254 0.18024579],10,31,"[0.29817086118518243, 0.1888907481789387]",1,-1
10791,[0.20916502 0.20668902],10,16,"[0.22214342499776796, 0.1812277944104208]",1,31
10792,[0.15343583 0.16510526],10,21,"[0.16948094512787878, 0.2245031809320862]",1,-1
10793,[0.31653306 0.20376283],10,31,"[0.29817086118518243, 0.1888907481789387]",1,-1
10794,[0.27749976 0.26779704],10,7,"[0.2880919156697789, 0.2889500356712737]",1,-1
10795,[0.33421393 0.10051203],10,-1,-1,1,-1
10796,[0.27963322 0.24841655],10,7,"[0.2880919156697789, 0.2889500356712737]",1,-1
10797,[0.30652638 0.16533983],10,31,"[0.29817086118518243, 0.1888907481789387]",1,-1
10798,[0.24142348 0.13815863],10,16,"[0.22214342499776796, 0.1812277944104208]",1,-1
10799,[0.18918833 0.21004072],10,21,"[0.16948094512787878, 0.2245031809320862]",1,-1
10800,[0.2961294  0.14259213],10,31,"[0.29817086118518243, 0.1888907481789387]",1,-1
10801,[0.3100956  0.17536641],10,31,"[0.29817086118518243, 0.1888907481789387]",1,-1
10802,[0.27751333 0.17150355],10,31,"[0.29817086118518243, 0.1888907481789387]",1,-1
10803,[0.2617612  0.22497095],10,31,"[0.29817086118518243, 0.1888907481789387]",1,-1
10804,[0.17612176 0.29172986],10,15,"[0.188292755006214, 0.3253570325311902]",1,-1
10805,[0.29724057 0.20208631],10,31,"[0.29817086118518243, 0.1888907481789387]",1,-1
10806,[0.2706469  0.21766799],10,31,"[0.29817086118518243, 0.1888907481789387]",1,-1
10807,[0.19991705 0.2870289 ],10,15,"[0.188292755006214, 0.3253570325311902]",1,-1
10808,[0.27305568 0.14260311],10,31,"[0.29817086118518243, 0.1888907481789387]",1,-1
10809,[0.2825678  0.23697697],10,31,"[0.29817086118518243, 0.1888907481789387]",1,-1
10810,[0.26744345 0.22717369],10,31,"[0.29817086118518243, 0.1888907481789387]",1,-1
10811,[0.27801423 0.2325654 ],10,31,"[0.29817086118518243, 0.1888907481789387]",1,30
10812,[0.27761362 0.15905528],10,31,"[0.29817086118518243, 0.1888907481789387]",1,-1
10813,[0.26545785 0.24525421],10,7,"[0.2880919156697789, 0.2889500356712737]",1,-1
10814,[0.17563931 0.19211851],10,21,"[0.16948094512787878, 0.2245031809320862]",1,-1
10815,[0.22721382 0.23394722],10,16,"[0.22214342499776796, 0.1812277944104208]",1,-1
10816,[0.29056791 0.21318043],10,31,"[0.29817086118518243, 0.1888907481789387]",1,-1
10817,[0.29788777 0.23396071],10,31,"[0.29817086118518243, 0.1888907481789387]",1,-1
10818,[0.16168876 0.14992475],10,16,"[0.22214342499776796, 0.1812277944104208]",1,-1
10819,[0.16930822 0.22300139],10,21,"[0.16948094512787878, 0.2245031809320862]",1,-1
10820,[0.36282781 0.21081012],10,31,"[0.29817086118518243, 0.1888907481789387]",1,-1
10821,[0.27406661 0.22397871],10,31,"[0.29817086118518243, 0.1888907481789387]",1,30
10822,[0.24203154 0.17248581],10,16,"[0.22214342499776796, 0.1812277944104208]",1,-1
10823,[0.28525609 0.15149379],10,31,"[0.29817086118518243, 0.1888907481789387]",1,-1
10824,[0.30048311 0.22057872],10,31,"[0.29817086118518243, 0.1888907481789387]",1,-1
10825,[0.22766056 0.13409438],10,16,"[0.22214342499776796, 0.1812277944104208]",1,-1
10826,[0.21293148 0.21286148],10,16,"[0.22214342499776796, 0.1812277944104208]",1,31
10827,[0.30267744 0.23687842],10,31,"[0.29817086118518243, 0.1888907481789387]",1,-1
10828,[0.35088942 0.22007417],10,31,"[0.29817086118518243, 0.1888907481789387]",1,-1
10829,[0.28925691 0.13862244],10,31,"[0.29817086118518243, 0.1888907481789387]",1,-1
10830,[0.20449788 0.22103007],10,21,"[0.16948094512787878, 0.2245031809320862]",1,-1
10831,[0.23157051 0.13807307],10,16,"[0.22214342499776796, 0.1812277944104208]",1,-1
10832,[0.2690315  0.16198095],10,31,"[0.29817086118518243, 0.1888907481789387]",1,-1
10833,[0.35213517 0.22904173],10,31,"[0.29817086118518243, 0.1888907481789387]",1,-1
10834,[0.27825991 0.12016518],10,-1,-1,1,-1
10835,[0.33087078 0.14689587],10,31,"[0.29817086118518243, 0.1888907481789387]",1,-1
10836,[0.26509949 0.18222725],10,31,"[0.29817086118518243, 0.1888907481789387]",1,-1
10837,[0.29292096 0.19802852],10,31,"[0.29817086118518243, 0.1888907481789387]",1,-1
10838,[0.24030626 0.14395219],10,16,"[0.22214342499776796, 0.1812277944104208]",1,-1
10839,[0.24914979 0.20046794],10,16,"[0.22214342499776796, 0.1812277944104208]",1,-1
10840,[0.28203162 0.27899079],10,7,"[0.2880919156697789, 0.2889500356712737]",1,-1
10841,[0.26992511 0.19105339],10,31,"[0.29817086118518243, 0.1888907481789387]",1,-1
10842,[0.26480753 0.18729863],10,31,"[0.29817086118518243, 0.1888907481789387]",1,-1
10843,[0.22953613 0.22590433],10,16,"[0.22214342499776796, 0.1812277944104208]",1,31
10844,[0.25138517 0.29260106],10,7,"[0.2880919156697789, 0.2889500356712737]",1,25
10845,[0.29680811 0.20214641],10,31,"[0.29817086118518243, 0.1888907481789387]",1,-1
10846,[0.27588711 0.21249234],10,31,"[0.29817086118518243, 0.1888907481789387]",1,-1
10847,[0.20014138 0.14752024],10,16,"[0.22214342499776796, 0.1812277944104208]",1,-1
10848,[0.31113554 0.2368041 ],10,31,"[0.29817086118518243, 0.1888907481789387]",1,-1
10849,[0.30339714 0.29693352],10,7,"[0.2880919156697789, 0.2889500356712737]",1,-1
10850,[0.31974355 0.25053583],10,7,"[0.2880919156697789, 0.2889500356712737]",1,-1
10851,[0.12246942 0.24861089],10,21,"[0.16948094512787878, 0.2245031809320862]",1,-1
10852,[0.28920925 0.18968094],10,31,"[0.29817086118518243, 0.1888907481789387]",1,-1
10853,[0.2768582  0.21237841],10,31,"[0.29817086118518243, 0.1888907481789387]",1,-1
10854,[0.22141298 0.28332018],10,15,"[0.188292755006214, 0.3253570325311902]",1,-1
10855,[0.16250663 0.3220964 ],10,15,"[0.188292755006214, 0.3253570325311902]",1,-1
10856,[0.24375335 0.14103155],10,16,"[0.22214342499776796, 0.1812277944104208]",1,-1
10857,[0.25289235 0.25736541],10,7,"[0.2880919156697789, 0.2889500356712737]",1,-1
10858,[0.2007217  0.19170392],10,16,"[0.22214342499776796, 0.1812277944104208]",1,-1
10859,[0.26369087 0.14564004],10,16,"[0.22214342499776796, 0.1812277944104208]",1,-1
10860,[0.21231756 0.15604748],10,16,"[0.22214342499776796, 0.1812277944104208]",1,-1
10861,[0.20794557 0.22398151],10,21,"[0.16948094512787878, 0.2245031809320862]",1,-1
10862,[0.26178295 0.14791168],10,16,"[0.22214342499776796, 0.1812277944104208]",1,-1
10863,[0.21091594 0.27040828],10,15,"[0.188292755006214, 0.3253570325311902]",1,32
10864,[0.2149659  0.21008016],10,16,"[0.22214342499776796, 0.1812277944104208]",1,31
10865,[0.22732275 0.17135796],10,16,"[0.22214342499776796, 0.1812277944104208]",1,-1
10866,[0.24126882 0.19863127],10,16,"[0.22214342499776796, 0.1812277944104208]",1,-1
10867,[0.26025576 0.2412361 ],10,7,"[0.2880919156697789, 0.2889500356712737]",1,28
10868,[0.26279339 0.1992503 ],10,31,"[0.29817086118518243, 0.1888907481789387]",1,30
10869,[0.19485431 0.21211355],10,21,"[0.16948094512787878, 0.2245031809320862]",1,-1
10870,[0.16946021 0.21272153],10,21,"[0.16948094512787878, 0.2245031809320862]",1,-1
10871,[0.21017991 0.26717564],10,21,"[0.16948094512787878, 0.2245031809320862]",1,32
10872,[0.28907334 0.25017396],10,7,"[0.2880919156697789, 0.2889500356712737]",1,-1
10873,[0.24356923 0.24148543],10,16,"[0.22214342499776796, 0.1812277944104208]",1,-1
10874,[0.2245918  0.14746294],10,16,"[0.22214342499776796, 0.1812277944104208]",1,-1
10875,[0.18667934 0.18915114],10,16,"[0.22214342499776796, 0.1812277944104208]",1,-1
10876,[0.3180281  0.18531798],10,31,"[0.29817086118518243, 0.1888907481789387]",1,-1
10877,[0.28899125 0.17614184],10,31,"[0.29817086118518243, 0.1888907481789387]",1,-1
10878,[0.24494561 0.23326155],10,16,"[0.22214342499776796, 0.1812277944104208]",1,-1
10879,[0.32066649 0.23543235],10,31,"[0.29817086118518243, 0.1888907481789387]",1,-1
10880,[0.27107124 0.09175467],10,-1,-1,1,-1
10881,[0.29583956 0.2772808 ],10,7,"[0.2880919156697789, 0.2889500356712737]",1,-1
10882,[0.29729792 0.2444182 ],10,7,"[0.2880919156697789, 0.2889500356712737]",1,-1
10883,[0.18628968 0.1894584 ],10,16,"[0.22214342499776796, 0.1812277944104208]",1,-1
10884,[0.33477649 0.22436526],10,31,"[0.29817086118518243, 0.1888907481789387]",1,-1
10885,[0.22153524 0.21683142],10,16,"[0.22214342499776796, 0.1812277944104208]",1,-1
10886,[0.27728035 0.16451031],10,31,"[0.29817086118518243, 0.1888907481789387]",1,-1
10887,[0.27610484 0.19574181],10,31,"[0.29817086118518243, 0.1888907481789387]",1,-1
10888,[0.20157181 0.13906991],10,16,"[0.22214342499776796, 0.1812277944104208]",1,-1
10889,[0.32554032 0.33685735],10,1,"[0.33650952271243567, 0.3695039184549852]",1,62
10890,[0.3096895  0.25009092],10,7,"[0.2880919156697789, 0.2889500356712737]",1,-1
10891,[0.35710318 0.26192797],10,4,"[0.3937233168939997, 0.29890402186269427]",1,-1
10892,[0.26938557 0.21353291],10,31,"[0.29817086118518243, 0.1888907481789387]",1,-1
10893,[0.38405985 0.1562982 ],10,-1,-1,1,-1
10894,[0.27952352 0.14405454],10,31,"[0.29817086118518243, 0.1888907481789387]",1,-1
10895,[0.24539754 0.14197558],10,16,"[0.22214342499776796, 0.1812277944104208]",1,-1
10896,[0.30155424 0.18405473],10,31,"[0.29817086118518243, 0.1888907481789387]",1,-1
10897,[0.20880919 0.2088925 ],10,16,"[0.22214342499776796, 0.1812277944104208]",1,31
10898,[0.22849744 0.11874534],10,16,"[0.22214342499776796, 0.1812277944104208]",1,-1
10899,[0.33188704 0.19208482],10,31,"[0.29817086118518243, 0.1888907481789387]",1,-1
10900,[0.31494974 0.14747368],10,31,"[0.29817086118518243, 0.1888907481789387]",1,-1
10901,[0.23917058 0.10459807],10,-1,-1,1,-1
10902,[0.24563767 0.18020866],10,16,"[0.22214342499776796, 0.1812277944104208]",1,22
10903,[0.23020053 0.2603074 ],10,7,"[0.2880919156697789, 0.2889500356712737]",1,-1
10904,[0.3546792  0.20859946],10,31,"[0.29817086118518243, 0.1888907481789387]",1,-1
10905,[0.22187361 0.1277277 ],10,16,"[0.22214342499776796, 0.1812277944104208]",1,-1
10906,[0.18961468 0.2004033 ],10,21,"[0.16948094512787878, 0.2245031809320862]",1,-1
10907,[0.24352184 0.20188796],10,16,"[0.22214342499776796, 0.1812277944104208]",1,-1
10908,[0.25658096 0.23173887],10,31,"[0.29817086118518243, 0.1888907481789387]",1,-1
10909,[0.17526819 0.22829773],10,21,"[0.16948094512787878, 0.2245031809320862]",1,-1
10910,[0.19507207 0.19635453],10,16,"[0.22214342499776796, 0.1812277944104208]",1,-1
10911,[0.24494236 0.15729257],10,16,"[0.22214342499776796, 0.1812277944104208]",1,-1
10912,[0.24400226 0.26277982],10,7,"[0.2880919156697789, 0.2889500356712737]",1,-1
10913,[0.21935315 0.09947231],10,-1,-1,1,-1
10914,[0.26123408 0.23280489],10,31,"[0.29817086118518243, 0.1888907481789387]",1,-1
10915,[0.23938232 0.20503929],10,16,"[0.22214342499776796, 0.1812277944104208]",1,-1
10916,[0.28583329 0.19704137],10,31,"[0.29817086118518243, 0.1888907481789387]",1,-1
10917,[0.21810239 0.16096987],10,16,"[0.22214342499776796, 0.1812277944104208]",1,-1
10918,[0.30497706 0.2550172 ],10,7,"[0.2880919156697789, 0.2889500356712737]",1,-1
10919,[0.24829814 0.18204814],10,16,"[0.22214342499776796, 0.1812277944104208]",1,22
10920,[0.31183802 0.1438906 ],10,31,"[0.29817086118518243, 0.1888907481789387]",1,-1
10921,[0.29854677 0.2619499 ],10,7,"[0.2880919156697789, 0.2889500356712737]",1,-1
10922,[0.31294186 0.23597164],10,31,"[0.29817086118518243, 0.1888907481789387]",1,-1
10923,[0.29081825 0.15133687],10,31,"[0.29817086118518243, 0.1888907481789387]",1,-1
10924,[0.27935986 0.21225127],10,31,"[0.29817086118518243, 0.1888907481789387]",1,-1
10925,[0.29351739 0.19370751],10,31,"[0.29817086118518243, 0.1888907481789387]",1,-1
10926,[0.23818515 0.18325265],10,16,"[0.22214342499776796, 0.1812277944104208]",1,-1
10927,[0.23321153 0.28928469],10,7,"[0.2880919156697789, 0.2889500356712737]",1,-1
10928,[0.29160015 0.09859399],10,-1,-1,1,-1
10929,[0.25209669 0.29589434],10,7,"[0.2880919156697789, 0.2889500356712737]",1,25
10930,[0.27562118 0.12904749],10,31,"[0.29817086118518243, 0.1888907481789387]",1,-1
10931,[0.29344708 0.18177317],10,31,"[0.29817086118518243, 0.1888907481789387]",1,-1
10932,[0.25291296 0.26145843],10,7,"[0.2880919156697789, 0.2889500356712737]",1,-1
10933,[0.22606212 0.14522892],10,16,"[0.22214342499776796, 0.1812277944104208]",1,-1
10934,[0.26243075 0.1897101 ],10,31,"[0.29817086118518243, 0.1888907481789387]",1,-1
10935,[0.23465511 0.21807734],10,16,"[0.22214342499776796, 0.1812277944104208]",1,-1
10936,[0.24403915 0.19906799],10,16,"[0.22214342499776796, 0.1812277944104208]",1,-1
10937,[0.26318554 0.24577571],10,7,"[0.2880919156697789, 0.2889500356712737]",1,28
10938,[0.20381142 0.19169916],10,16,"[0.22214342499776796, 0.1812277944104208]",1,-1
10939,[0.25665439 0.09287164],10,-1,-1,1,-1
10940,[0.28977218 0.15612351],10,31,"[0.29817086118518243, 0.1888907481789387]",1,-1
10941,[0.2998156  0.20976542],10,31,"[0.29817086118518243, 0.1888907481789387]",1,-1
10942,[0.36065402 0.19837654],10,31,"[0.29817086118518243, 0.1888907481789387]",1,-1
10943,[0.28389203 0.30722711],10,7,"[0.2880919156697789, 0.2889500356712737]",1,-1
10944,[0.30915182 0.14592842],10,31,"[0.29817086118518243, 0.1888907481789387]",1,-1
10945,[0.26916551 0.16300603],10,31,"[0.29817086118518243, 0.1888907481789387]",1,-1
10946,[0.29036119 0.20114658],10,31,"[0.29817086118518243, 0.1888907481789387]",1,-1
10947,[0.21392639 0.19247039],10,16,"[0.22214342499776796, 0.1812277944104208]",1,-1
10948,[0.21384009 0.19132534],10,16,"[0.22214342499776796, 0.1812277944104208]",1,-1
10949,[0.28856391 0.22163935],10,31,"[0.29817086118518243, 0.1888907481789387]",1,-1
10950,[0.20907892 0.15626403],10,16,"[0.22214342499776796, 0.1812277944104208]",1,-1
10951,[0.33935563 0.17409504],10,31,"[0.29817086118518243, 0.1888907481789387]",1,-1
10952,[0.30308378 0.15621354],10,31,"[0.29817086118518243, 0.1888907481789387]",1,-1
10953,[0.21343212 0.14790782],10,16,"[0.22214342499776796, 0.1812277944104208]",1,-1
10954,[0.28513182 0.20647791],10,31,"[0.29817086118518243, 0.1888907481789387]",1,-1
10955,[0.1250862  0.19577719],10,21,"[0.16948094512787878, 0.2245031809320862]",1,-1
10956,[0.23747842 0.24388284],10,16,"[0.22214342499776796, 0.1812277944104208]",1,-1
10957,[0.18795203 0.28159189],10,15,"[0.188292755006214, 0.3253570325311902]",1,-1
10958,[0.23338432 0.1804277 ],10,16,"[0.22214342499776796, 0.1812277944104208]",1,-1
10959,[0.27185153 0.15505877],10,31,"[0.29817086118518243, 0.1888907481789387]",1,-1
10960,[0.22980615 0.179297  ],10,16,"[0.22214342499776796, 0.1812277944104208]",1,-1
10961,[0.27974498 0.1703351 ],10,31,"[0.29817086118518243, 0.1888907481789387]",1,-1
10962,[0.19100179 0.18316706],10,16,"[0.22214342499776796, 0.1812277944104208]",1,-1
10963,[0.20954407 0.32066551],10,15,"[0.188292755006214, 0.3253570325311902]",1,-1
10964,[0.24643687 0.15621333],10,16,"[0.22214342499776796, 0.1812277944104208]",1,-1
10965,[0.30579372 0.15763157],10,31,"[0.29817086118518243, 0.1888907481789387]",1,-1
10966,[0.2069539  0.19359332],10,16,"[0.22214342499776796, 0.1812277944104208]",1,-1
10967,[0.28726418 0.23950884],10,7,"[0.2880919156697789, 0.2889500356712737]",1,-1
10968,[0.25545236 0.15844044],10,16,"[0.22214342499776796, 0.1812277944104208]",1,-1
10969,[0.30822334 0.12307754],10,31,"[0.29817086118518243, 0.1888907481789387]",1,-1
10970,[0.36116519 0.1257551 ],10,-1,-1,1,-1
10971,[0.25098833 0.1398798 ],10,16,"[0.22214342499776796, 0.1812277944104208]",1,-1
10972,[0.20524726 0.25353369],10,21,"[0.16948094512787878, 0.2245031809320862]",1,-1
10973,[0.22043315 0.14907471],10,16,"[0.22214342499776796, 0.1812277944104208]",1,-1
10974,[0.22380386 0.25014541],10,21,"[0.16948094512787878, 0.2245031809320862]",1,31
10975,[0.25042769 0.14342057],10,16,"[0.22214342499776796, 0.1812277944104208]",1,-1
10976,[0.26366343 0.25963539],10,7,"[0.2880919156697789, 0.2889500356712737]",1,-1
10977,[0.21548716 0.14369705],10,16,"[0.22214342499776796, 0.1812277944104208]",1,-1
10978,[0.25997222 0.19778015],10,31,"[0.29817086118518243, 0.1888907481789387]",1,-1
10979,[0.25852675 0.15523027],10,16,"[0.22214342499776796, 0.1812277944104208]",1,-1
10980,[0.22972918 0.26020703],10,7,"[0.2880919156697789, 0.2889500356712737]",1,-1
10981,[0.22519094 0.22542024],10,16,"[0.22214342499776796, 0.1812277944104208]",1,31
10982,[0.21473277 0.23937813],10,21,"[0.16948094512787878, 0.2245031809320862]",1,31
10983,[0.25087817 0.2548612 ],10,7,"[0.2880919156697789, 0.2889500356712737]",1,-1
10984,[0.28250628 0.18687756],10,31,"[0.29817086118518243, 0.1888907481789387]",1,-1
10985,[0.32644462 0.22355566],10,31,"[0.29817086118518243, 0.1888907481789387]",1,-1
10986,[0.19579967 0.13722285],10,16,"[0.22214342499776796, 0.1812277944104208]",1,-1
10987,[0.29544041 0.28062212],10,7,"[0.2880919156697789, 0.2889500356712737]",1,-1
10988,[0.35458866 0.1934332 ],10,31,"[0.29817086118518243, 0.1888907481789387]",1,-1
10989,[0.26218252 0.18268488],10,31,"[0.29817086118518243, 0.1888907481789387]",1,-1
10990,[0.15960523 0.1108711 ],10,-1,-1,1,-1
10991,[0.22930577 0.12065009],10,16,"[0.22214342499776796, 0.1812277944104208]",1,-1
10992,[0.2990742  0.22758637],10,31,"[0.29817086118518243, 0.1888907481789387]",1,-1
10993,[0.27277024 0.12489099],10,31,"[0.29817086118518243, 0.1888907481789387]",1,-1
10994,[0.28677009 0.20998121],10,31,"[0.29817086118518243, 0.1888907481789387]",1,-1
10995,[0.23735557 0.22873864],10,16,"[0.22214342499776796, 0.1812277944104208]",1,-1
10996,[0.1850154  0.21080291],10,21,"[0.16948094512787878, 0.2245031809320862]",1,-1
10997,[0.19181239 0.11285979],10,-1,-1,1,-1
10998,[0.24773602 0.18685371],10,16,"[0.22214342499776796, 0.1812277944104208]",1,22
10999,[0.34359751 0.16629901],10,31,"[0.29817086118518243, 0.1888907481789387]",1,-1
11000,[0.19712252 0.28961316],11,15,"[0.188292755006214, 0.3253570325311902]",1,-1
11001,[0.2527584  0.33197924],11,7,"[0.2880919156697789, 0.2889500356712737]",1,-1
11002,[0.19948834 0.30882289],11,15,"[0.188292755006214, 0.3253570325311902]",1,-1
11003,[0.14783021 0.29451749],11,15,"[0.188292755006214, 0.3253570325311902]",1,-1
11004,[0.21784025 0.29665351],11,15,"[0.188292755006214, 0.3253570325311902]",1,-1
11005,[0.2330432  0.32780787],11,15,"[0.188292755006214, 0.3253570325311902]",1,-1
11006,[0.1951901  0.36531658],11,15,"[0.188292755006214, 0.3253570325311902]",1,-1
11007,[0.31416196 0.35296732],11,1,"[0.33650952271243567, 0.3695039184549852]",1,-1
11008,[0.18053157 0.25993416],11,21,"[0.16948094512787878, 0.2245031809320862]",1,-1
11009,[0.14097113 0.33300898],11,15,"[0.188292755006214, 0.3253570325311902]",1,-1
11010,[0.19648096 0.30738346],11,15,"[0.188292755006214, 0.3253570325311902]",1,-1
11011,[0.20160163 0.29637055],11,15,"[0.188292755006214, 0.3253570325311902]",1,-1
11012,[0.25006284 0.27286598],11,7,"[0.2880919156697789, 0.2889500356712737]",1,-1
11013,[0.28728637 0.309565  ],11,7,"[0.2880919156697789, 0.2889500356712737]",1,-1
11014,[0.22046824 0.31752146],11,15,"[0.188292755006214, 0.3253570325311902]",1,-1
11015,[0.25023934 0.26300433],11,7,"[0.2880919156697789, 0.2889500356712737]",1,-1
11016,[0.17609542 0.27550566],11,15,"[0.188292755006214, 0.3253570325311902]",1,-1
11017,[0.25389307 0.34852526],11,0,"[0.2473875480073203, 0.39401489827781994]",1,-1
11018,[0.23710428 0.34741701],11,0,"[0.2473875480073203, 0.39401489827781994]",1,40
11019,[0.28068674 0.25217269],11,7,"[0.2880919156697789, 0.2889500356712737]",1,-1
11020,[0.21727481 0.34469589],11,15,"[0.188292755006214, 0.3253570325311902]",1,-1
11021,[0.18843589 0.28279035],11,15,"[0.188292755006214, 0.3253570325311902]",1,-1
11022,[0.26019021 0.30975831],11,7,"[0.2880919156697789, 0.2889500356712737]",1,-1
11023,[0.15600891 0.32155524],11,15,"[0.188292755006214, 0.3253570325311902]",1,-1
11024,[0.23358864 0.30583493],11,15,"[0.188292755006214, 0.3253570325311902]",1,-1
11025,[0.15962604 0.30407354],11,15,"[0.188292755006214, 0.3253570325311902]",1,-1
11026,[0.30524398 0.35708974],11,1,"[0.33650952271243567, 0.3695039184549852]",1,-1
11027,[0.26209215 0.26894177],11,7,"[0.2880919156697789, 0.2889500356712737]",1,-1
11028,[0.19746708 0.25929134],11,21,"[0.16948094512787878, 0.2245031809320862]",1,-1
11029,[0.26613573 0.2986284 ],11,7,"[0.2880919156697789, 0.2889500356712737]",1,-1
11030,[0.23582549 0.27893253],11,7,"[0.2880919156697789, 0.2889500356712737]",1,-1
11031,[0.19280252 0.34844309],11,15,"[0.188292755006214, 0.3253570325311902]",1,-1
11032,[0.20557645 0.39565811],11,0,"[0.2473875480073203, 0.39401489827781994]",1,-1
11033,[0.26244966 0.32405594],11,7,"[0.2880919156697789, 0.2889500356712737]",1,-1
11034,[0.20553575 0.24134837],11,21,"[0.16948094512787878, 0.2245031809320862]",1,31
11035,[0.2333402  0.36423667],11,0,"[0.2473875480073203, 0.39401489827781994]",1,-1
11036,[0.22116263 0.30005379],11,15,"[0.188292755006214, 0.3253570325311902]",1,-1
11037,[0.2485949  0.30292468],11,7,"[0.2880919156697789, 0.2889500356712737]",1,-1
11038,[0.17438128 0.37805263],11,15,"[0.188292755006214, 0.3253570325311902]",1,-1
11039,[0.22577938 0.22666063],11,16,"[0.22214342499776796, 0.1812277944104208]",1,31
11040,[0.22753359 0.32066596],11,15,"[0.188292755006214, 0.3253570325311902]",1,-1
11041,[0.21650874 0.31247415],11,15,"[0.188292755006214, 0.3253570325311902]",1,-1
11042,[0.21910906 0.26179674],11,21,"[0.16948094512787878, 0.2245031809320862]",1,-1
11043,[0.18687534 0.29774305],11,15,"[0.188292755006214, 0.3253570325311902]",1,-1
11044,[0.1482167  0.38089772],11,15,"[0.188292755006214, 0.3253570325311902]",1,-1
11045,[0.22203934 0.35133909],11,15,"[0.188292755006214, 0.3253570325311902]",1,-1
11046,[0.2472917  0.33470341],11,0,"[0.2473875480073203, 0.39401489827781994]",1,-1
11047,[0.27782589 0.26690552],11,7,"[0.2880919156697789, 0.2889500356712737]",1,-1
11048,[0.27518292 0.33720519],11,7,"[0.2880919156697789, 0.2889500356712737]",1,27
11049,[0.21949175 0.390326  ],11,0,"[0.2473875480073203, 0.39401489827781994]",1,-1
11050,[0.15139841 0.31556145],11,15,"[0.188292755006214, 0.3253570325311902]",1,-1
11051,[0.16382386 0.30528901],11,15,"[0.188292755006214, 0.3253570325311902]",1,-1
11052,[0.15927198 0.34945322],11,15,"[0.188292755006214, 0.3253570325311902]",1,-1
11053,[0.23675099 0.3907012 ],11,0,"[0.2473875480073203, 0.39401489827781994]",1,-1
11054,[0.41867454 0.36029219],11,6,"[0.40123478470159024, 0.40656176249784554]",1,-1
11055,[0.25429429 0.30601439],11,7,"[0.2880919156697789, 0.2889500356712737]",1,-1
11056,[0.25149763 0.37525832],11,0,"[0.2473875480073203, 0.39401489827781994]",1,-1
11057,[0.21429914 0.31233961],11,15,"[0.188292755006214, 0.3253570325311902]",1,-1
11058,[0.22891611 0.30024326],11,15,"[0.188292755006214, 0.3253570325311902]",1,-1
11059,[0.22539665 0.19460526],11,16,"[0.22214342499776796, 0.1812277944104208]",1,-1
11060,[0.1808453  0.35088425],11,15,"[0.188292755006214, 0.3253570325311902]",1,-1
11061,[0.25744025 0.36072086],11,0,"[0.2473875480073203, 0.39401489827781994]",1,-1
11062,[0.26894941 0.39038094],11,0,"[0.2473875480073203, 0.39401489827781994]",1,-1
11063,[0.17598737 0.39895703],11,-1,-1,1,-1
11064,[0.25958693 0.31136309],11,7,"[0.2880919156697789, 0.2889500356712737]",1,-1
11065,[0.19091279 0.30225603],11,15,"[0.188292755006214, 0.3253570325311902]",1,-1
11066,[0.27227048 0.25242168],11,7,"[0.2880919156697789, 0.2889500356712737]",1,28
11067,[0.31149356 0.40350563],11,1,"[0.33650952271243567, 0.3695039184549852]",1,-1
11068,[0.2341046  0.39884175],11,0,"[0.2473875480073203, 0.39401489827781994]",1,-1
11069,[0.17388829 0.24470614],11,21,"[0.16948094512787878, 0.2245031809320862]",1,-1
11070,[0.2374822  0.35879194],11,0,"[0.2473875480073203, 0.39401489827781994]",1,-1
11071,[0.26873352 0.3018808 ],11,7,"[0.2880919156697789, 0.2889500356712737]",1,25
11072,[0.20144211 0.14636871],11,16,"[0.22214342499776796, 0.1812277944104208]",1,-1
11073,[0.26996868 0.32517696],11,7,"[0.2880919156697789, 0.2889500356712737]",1,27
11074,[0.16030079 0.36211359],11,15,"[0.188292755006214, 0.3253570325311902]",1,-1
11075,[0.11221671 0.29320891],11,-1,-1,1,-1
11076,[0.25768487 0.37215286],11,0,"[0.2473875480073203, 0.39401489827781994]",1,-1
11077,[0.19542749 0.28264565],11,15,"[0.188292755006214, 0.3253570325311902]",1,-1
11078,[0.12180771 0.24177426],11,21,"[0.16948094512787878, 0.2245031809320862]",1,-1
11079,[0.25093617 0.31336923],11,7,"[0.2880919156697789, 0.2889500356712737]",1,-1
11080,[0.25240852 0.36045758],11,0,"[0.2473875480073203, 0.39401489827781994]",1,-1
11081,[0.24201151 0.29104233],11,7,"[0.2880919156697789, 0.2889500356712737]",1,-1
11082,[0.1734618 0.2459216],11,21,"[0.16948094512787878, 0.2245031809320862]",1,-1
11083,[0.1852566  0.34512183],11,15,"[0.188292755006214, 0.3253570325311902]",1,-1
11084,[0.09934791 0.20822217],11,-1,-1,1,-1
11085,[0.20052444 0.28358017],11,15,"[0.188292755006214, 0.3253570325311902]",1,-1
11086,[0.13378439 0.32542176],11,15,"[0.188292755006214, 0.3253570325311902]",1,-1
11087,[0.26010057 0.29668615],11,7,"[0.2880919156697789, 0.2889500356712737]",1,-1
11088,[0.18450105 0.30609851],11,15,"[0.188292755006214, 0.3253570325311902]",1,-1
11089,[0.22546239 0.35492276],11,0,"[0.2473875480073203, 0.39401489827781994]",1,-1
11090,[0.18914535 0.26636306],11,21,"[0.16948094512787878, 0.2245031809320862]",1,-1
11091,[0.29348805 0.39597833],11,0,"[0.2473875480073203, 0.39401489827781994]",1,-1
11092,[0.14509709 0.32657971],11,15,"[0.188292755006214, 0.3253570325311902]",1,-1
11093,[0.10540715 0.3801128 ],11,-1,-1,1,-1
11094,[0.13284955 0.25002111],11,21,"[0.16948094512787878, 0.2245031809320862]",1,-1
11095,[0.24969418 0.31415521],11,7,"[0.2880919156697789, 0.2889500356712737]",1,-1
11096,[0.2158403  0.29331425],11,15,"[0.188292755006214, 0.3253570325311902]",1,-1
11097,[0.20738064 0.22135725],11,21,"[0.16948094512787878, 0.2245031809320862]",1,31
11098,[0.23013837 0.23966562],11,16,"[0.22214342499776796, 0.1812277944104208]",1,31
11099,[0.15698885 0.29581936],11,15,"[0.188292755006214, 0.3253570325311902]",1,-1
11100,[0.26296956 0.27324581],11,7,"[0.2880919156697789, 0.2889500356712737]",1,-1
11101,[0.2555951  0.22276263],11,16,"[0.22214342499776796, 0.1812277944104208]",1,-1
11102,[0.26637489 0.24351758],11,7,"[0.2880919156697789, 0.2889500356712737]",1,28
11103,[0.248485   0.27198573],11,7,"[0.2880919156697789, 0.2889500356712737]",1,-1
11104,[0.22471034 0.32644656],11,15,"[0.188292755006214, 0.3253570325311902]",1,-1
11105,[0.19979691 0.37247207],11,15,"[0.188292755006214, 0.3253570325311902]",1,-1
11106,[0.22000492 0.3422106 ],11,15,"[0.188292755006214, 0.3253570325311902]",1,-1
11107,[0.25698734 0.26167043],11,7,"[0.2880919156697789, 0.2889500356712737]",1,-1
11108,[0.31831168 0.42899935],11,13,"[0.32294489274299887, 0.4620611538839558]",1,-1
11109,[0.16921035 0.26770228],11,21,"[0.16948094512787878, 0.2245031809320862]",1,-1
11110,[0.28767221 0.30875078],11,7,"[0.2880919156697789, 0.2889500356712737]",1,-1
11111,[0.36343614 0.36910707],11,1,"[0.33650952271243567, 0.3695039184549852]",1,-1
11112,[0.22560473 0.24154821],11,21,"[0.16948094512787878, 0.2245031809320862]",1,31
11113,[0.19637903 0.30033236],11,15,"[0.188292755006214, 0.3253570325311902]",1,-1
11114,[0.30805845 0.23871229],11,31,"[0.29817086118518243, 0.1888907481789387]",1,-1
11115,[0.25143118 0.37251705],11,0,"[0.2473875480073203, 0.39401489827781994]",1,-1
11116,[0.14691058 0.36629394],11,15,"[0.188292755006214, 0.3253570325311902]",1,-1
11117,[0.2909771  0.29391026],11,7,"[0.2880919156697789, 0.2889500356712737]",1,-1
11118,[0.23458562 0.33679689],11,15,"[0.188292755006214, 0.3253570325311902]",1,40
11119,[0.27307709 0.3434941 ],11,7,"[0.2880919156697789, 0.2889500356712737]",1,-1
11120,[0.17848553 0.28009837],11,15,"[0.188292755006214, 0.3253570325311902]",1,-1
11121,[0.27915303 0.28739559],11,7,"[0.2880919156697789, 0.2889500356712737]",1,-1
11122,[0.16828892 0.23696409],11,21,"[0.16948094512787878, 0.2245031809320862]",1,-1
11123,[0.19536044 0.32165177],11,15,"[0.188292755006214, 0.3253570325311902]",1,-1
11124,[0.31352994 0.34058085],11,1,"[0.33650952271243567, 0.3695039184549852]",1,-1
11125,[0.31314025 0.29276078],11,7,"[0.2880919156697789, 0.2889500356712737]",1,-1
11126,[0.21339217 0.32423408],11,15,"[0.188292755006214, 0.3253570325311902]",1,-1
11127,[0.24571371 0.3293202 ],11,15,"[0.188292755006214, 0.3253570325311902]",1,-1
11128,[0.25987006 0.3605696 ],11,0,"[0.2473875480073203, 0.39401489827781994]",1,-1
11129,[0.24812308 0.40052441],11,0,"[0.2473875480073203, 0.39401489827781994]",1,-1
11130,[0.23991839 0.29227642],11,7,"[0.2880919156697789, 0.2889500356712737]",1,-1
11131,[0.26362452 0.30159157],11,7,"[0.2880919156697789, 0.2889500356712737]",1,-1
11132,[0.24744796 0.21986407],11,16,"[0.22214342499776796, 0.1812277944104208]",1,31
11133,[0.19701813 0.36189489],11,15,"[0.188292755006214, 0.3253570325311902]",1,-1
11134,[0.20882896 0.31534716],11,15,"[0.188292755006214, 0.3253570325311902]",1,-1
11135,[0.23225535 0.30890912],11,15,"[0.188292755006214, 0.3253570325311902]",1,-1
11136,[0.21569106 0.33198895],11,15,"[0.188292755006214, 0.3253570325311902]",1,-1
11137,[0.17056519 0.34162047],11,15,"[0.188292755006214, 0.3253570325311902]",1,-1
11138,[0.24552619 0.25525919],11,7,"[0.2880919156697789, 0.2889500356712737]",1,-1
11139,[0.14497122 0.31167659],11,15,"[0.188292755006214, 0.3253570325311902]",1,-1
11140,[0.24208227 0.33108764],11,15,"[0.188292755006214, 0.3253570325311902]",1,-1
11141,[0.11973596 0.35465505],11,-1,-1,1,-1
11142,[0.18559484 0.28789149],11,15,"[0.188292755006214, 0.3253570325311902]",1,-1
11143,[0.2826909  0.29088895],11,7,"[0.2880919156697789, 0.2889500356712737]",1,-1
11144,[0.19093786 0.31652672],11,15,"[0.188292755006214, 0.3253570325311902]",1,-1
11145,[0.24427748 0.22864386],11,16,"[0.22214342499776796, 0.1812277944104208]",1,31
11146,[0.15057593 0.32541425],11,15,"[0.188292755006214, 0.3253570325311902]",1,-1
11147,[0.18908808 0.25175547],11,21,"[0.16948094512787878, 0.2245031809320862]",1,-1
11148,[0.2056046  0.25011791],11,21,"[0.16948094512787878, 0.2245031809320862]",1,-1
11149,[0.22079355 0.24379229],11,21,"[0.16948094512787878, 0.2245031809320862]",1,31
11150,[0.19986519 0.27300546],11,15,"[0.188292755006214, 0.3253570325311902]",1,-1
11151,[0.12148948 0.36711979],11,-1,-1,1,-1
11152,[0.19323784 0.26168386],11,21,"[0.16948094512787878, 0.2245031809320862]",1,-1
11153,[0.23821149 0.37254085],11,0,"[0.2473875480073203, 0.39401489827781994]",1,-1
11154,[0.21605124 0.35663889],11,15,"[0.188292755006214, 0.3253570325311902]",1,-1
11155,[0.1911005  0.28416121],11,15,"[0.188292755006214, 0.3253570325311902]",1,-1
11156,[0.19398521 0.27876615],11,15,"[0.188292755006214, 0.3253570325311902]",1,-1
11157,[0.18844096 0.37827749],11,15,"[0.188292755006214, 0.3253570325311902]",1,-1
11158,[0.19331784 0.23942091],11,21,"[0.16948094512787878, 0.2245031809320862]",1,-1
11159,[0.18657306 0.30273551],11,15,"[0.188292755006214, 0.3253570325311902]",1,-1
11160,[0.24916195 0.24035517],11,7,"[0.2880919156697789, 0.2889500356712737]",1,-1
11161,[0.15688616 0.33936327],11,15,"[0.188292755006214, 0.3253570325311902]",1,-1
11162,[0.23111108 0.35401079],11,0,"[0.2473875480073203, 0.39401489827781994]",1,-1
11163,[0.19672235 0.33548887],11,15,"[0.188292755006214, 0.3253570325311902]",1,-1
11164,[0.26397299 0.30198554],11,7,"[0.2880919156697789, 0.2889500356712737]",1,25
11165,[0.21410204 0.37940989],11,0,"[0.2473875480073203, 0.39401489827781994]",1,35
11166,[0.2100093  0.29705255],11,15,"[0.188292755006214, 0.3253570325311902]",1,-1
11167,[0.24618252 0.38916673],11,0,"[0.2473875480073203, 0.39401489827781994]",1,47
11168,[0.24641372 0.34759688],11,0,"[0.2473875480073203, 0.39401489827781994]",1,-1
11169,[0.24677151 0.29482574],11,7,"[0.2880919156697789, 0.2889500356712737]",1,-1
11170,[0.32359839 0.32813178],11,1,"[0.33650952271243567, 0.3695039184549852]",1,-1
11171,[0.23726067 0.23786392],11,16,"[0.22214342499776796, 0.1812277944104208]",1,-1
11172,[0.20931956 0.1709596 ],11,16,"[0.22214342499776796, 0.1812277944104208]",1,-1
11173,[0.18752674 0.30331963],11,15,"[0.188292755006214, 0.3253570325311902]",1,-1
11174,[0.20304167 0.32793136],11,15,"[0.188292755006214, 0.3253570325311902]",1,-1
11175,[0.13527031 0.29966385],11,15,"[0.188292755006214, 0.3253570325311902]",1,-1
11176,[0.2086156 0.2404599],11,21,"[0.16948094512787878, 0.2245031809320862]",1,31
11177,[0.23137829 0.29580272],11,15,"[0.188292755006214, 0.3253570325311902]",1,-1
11178,[0.3125785  0.35552144],11,1,"[0.33650952271243567, 0.3695039184549852]",1,-1
11179,[0.140676   0.27199415],11,21,"[0.16948094512787878, 0.2245031809320862]",1,-1
11180,[0.12849125 0.37456891],11,-1,-1,1,-1
11181,[0.29211628 0.25279965],11,7,"[0.2880919156697789, 0.2889500356712737]",1,-1
11182,[0.14804899 0.23810474],11,21,"[0.16948094512787878, 0.2245031809320862]",1,-1
11183,[0.23637216 0.2433335 ],11,16,"[0.22214342499776796, 0.1812277944104208]",1,-1
11184,[0.2530695  0.27011011],11,7,"[0.2880919156697789, 0.2889500356712737]",1,-1
11185,[0.24775387 0.29225617],11,7,"[0.2880919156697789, 0.2889500356712737]",1,25
11186,[0.15768597 0.29055995],11,15,"[0.188292755006214, 0.3253570325311902]",1,-1
11187,[0.23949448 0.31225676],11,15,"[0.188292755006214, 0.3253570325311902]",1,-1
11188,[0.20068023 0.2280028 ],11,21,"[0.16948094512787878, 0.2245031809320862]",1,-1
11189,[0.17873013 0.27586806],11,15,"[0.188292755006214, 0.3253570325311902]",1,-1
11190,[0.14093092 0.28375286],11,15,"[0.188292755006214, 0.3253570325311902]",1,-1
11191,[0.2970562  0.36526116],11,1,"[0.33650952271243567, 0.3695039184549852]",1,-1
11192,[0.20245345 0.24168824],11,21,"[0.16948094512787878, 0.2245031809320862]",1,31
11193,[0.20219939 0.25827544],11,21,"[0.16948094512787878, 0.2245031809320862]",1,32
11194,[0.2713032  0.25313804],11,7,"[0.2880919156697789, 0.2889500356712737]",1,28
11195,[0.14781841 0.27414936],11,21,"[0.16948094512787878, 0.2245031809320862]",1,-1
11196,[0.28221353 0.30402897],11,7,"[0.2880919156697789, 0.2889500356712737]",1,-1
11197,[0.1991223  0.23873751],11,21,"[0.16948094512787878, 0.2245031809320862]",1,-1
11198,[0.13761227 0.36474328],11,15,"[0.188292755006214, 0.3253570325311902]",1,-1
11199,[0.18669048 0.31026602],11,15,"[0.188292755006214, 0.3253570325311902]",1,-1
11200,[0.21033178 0.32009933],11,15,"[0.188292755006214, 0.3253570325311902]",1,-1
11201,[0.1674707  0.36699521],11,15,"[0.188292755006214, 0.3253570325311902]",1,-1
11202,[0.26829432 0.28725978],11,7,"[0.2880919156697789, 0.2889500356712737]",1,-1
11203,[0.13270261 0.31621096],11,15,"[0.188292755006214, 0.3253570325311902]",1,-1
11204,[0.27523283 0.2553714 ],11,7,"[0.2880919156697789, 0.2889500356712737]",1,28
11205,[0.21543786 0.35820864],11,15,"[0.188292755006214, 0.3253570325311902]",1,-1
11206,[0.25323545 0.33955613],11,0,"[0.2473875480073203, 0.39401489827781994]",1,-1
11207,[0.23016215 0.22513417],11,16,"[0.22214342499776796, 0.1812277944104208]",1,31
11208,[0.29147772 0.37091092],11,1,"[0.33650952271243567, 0.3695039184549852]",1,-1
11209,[0.16923553 0.35206426],11,15,"[0.188292755006214, 0.3253570325311902]",1,-1
11210,[0.2779436  0.29069998],11,7,"[0.2880919156697789, 0.2889500356712737]",1,-1
11211,[0.19487123 0.30226937],11,15,"[0.188292755006214, 0.3253570325311902]",1,-1
11212,[0.3047483  0.32209122],11,7,"[0.2880919156697789, 0.2889500356712737]",1,-1
11213,[0.21581181 0.32333927],11,15,"[0.188292755006214, 0.3253570325311902]",1,-1
11214,[0.25670826 0.24765588],11,7,"[0.2880919156697789, 0.2889500356712737]",1,-1
11215,[0.16502442 0.34776583],11,15,"[0.188292755006214, 0.3253570325311902]",1,-1
11216,[0.26261476 0.34262818],11,0,"[0.2473875480073203, 0.39401489827781994]",1,-1
11217,[0.26740467 0.39813868],11,0,"[0.2473875480073203, 0.39401489827781994]",1,59
11218,[0.26494159 0.32980116],11,7,"[0.2880919156697789, 0.2889500356712737]",1,-1
11219,[0.19680685 0.38005172],11,0,"[0.2473875480073203, 0.39401489827781994]",1,-1
11220,[0.13755337 0.31447212],11,15,"[0.188292755006214, 0.3253570325311902]",1,-1
11221,[0.19121152 0.25631954],11,21,"[0.16948094512787878, 0.2245031809320862]",1,-1
11222,[0.21435963 0.33464765],11,15,"[0.188292755006214, 0.3253570325311902]",1,-1
11223,[0.31860721 0.31136852],11,7,"[0.2880919156697789, 0.2889500356712737]",1,-1
11224,[0.27498645 0.22936607],11,31,"[0.29817086118518243, 0.1888907481789387]",1,-1
11225,[0.18290764 0.35716671],11,15,"[0.188292755006214, 0.3253570325311902]",1,-1
11226,[0.26865934 0.23872226],11,7,"[0.2880919156697789, 0.2889500356712737]",1,-1
11227,[0.19153233 0.33069095],11,15,"[0.188292755006214, 0.3253570325311902]",1,-1
11228,[0.2866823  0.26352535],11,7,"[0.2880919156697789, 0.2889500356712737]",1,-1
11229,[0.2332326  0.33495714],11,15,"[0.188292755006214, 0.3253570325311902]",1,-1
11230,[0.20978564 0.36261167],11,15,"[0.188292755006214, 0.3253570325311902]",1,-1
11231,[0.18333825 0.30891041],11,15,"[0.188292755006214, 0.3253570325311902]",1,-1
11232,[0.31733205 0.37954767],11,1,"[0.33650952271243567, 0.3695039184549852]",1,-1
11233,[0.15161118 0.34260831],11,15,"[0.188292755006214, 0.3253570325311902]",1,-1
11234,[0.12922181 0.38587733],11,-1,-1,1,-1
11235,[0.1207022  0.19859491],11,21,"[0.16948094512787878, 0.2245031809320862]",1,-1
11236,[0.27808637 0.39873125],11,0,"[0.2473875480073203, 0.39401489827781994]",1,-1
11237,[0.27304449 0.36281262],11,0,"[0.2473875480073203, 0.39401489827781994]",1,-1
11238,[0.27672765 0.27865375],11,7,"[0.2880919156697789, 0.2889500356712737]",1,-1
11239,[0.2487049  0.35667123],11,0,"[0.2473875480073203, 0.39401489827781994]",1,-1
11240,[0.22798291 0.27773109],11,7,"[0.2880919156697789, 0.2889500356712737]",1,-1
11241,[0.27370668 0.23151378],11,31,"[0.29817086118518243, 0.1888907481789387]",1,-1
11242,[0.13012772 0.28288581],11,-1,-1,1,-1
11243,[0.2080801  0.32728324],11,15,"[0.188292755006214, 0.3253570325311902]",1,-1
11244,[0.23420669 0.34462634],11,15,"[0.188292755006214, 0.3253570325311902]",1,40
11245,[0.20696579 0.38398017],11,0,"[0.2473875480073203, 0.39401489827781994]",1,35
11246,[0.21734331 0.34460832],11,15,"[0.188292755006214, 0.3253570325311902]",1,-1
11247,[0.26073875 0.37359435],11,0,"[0.2473875480073203, 0.39401489827781994]",1,-1
11248,[0.30573295 0.33542416],11,1,"[0.33650952271243567, 0.3695039184549852]",1,-1
11249,[0.28113928 0.33299839],11,7,"[0.2880919156697789, 0.2889500356712737]",1,27
11250,[0.24241026 0.41883006],11,0,"[0.2473875480073203, 0.39401489827781994]",1,48
11251,[0.28144637 0.35421164],11,0,"[0.2473875480073203, 0.39401489827781994]",1,-1
11252,[0.27716079 0.27000325],11,7,"[0.2880919156697789, 0.2889500356712737]",1,-1
11253,[0.17756816 0.37283721],11,15,"[0.188292755006214, 0.3253570325311902]",1,-1
11254,[0.27400058 0.30848495],11,7,"[0.2880919156697789, 0.2889500356712737]",1,25
11255,[0.24931586 0.29756435],11,7,"[0.2880919156697789, 0.2889500356712737]",1,-1
11256,[0.21850961 0.31691886],11,15,"[0.188292755006214, 0.3253570325311902]",1,-1
11257,[0.25907464 0.40331796],11,0,"[0.2473875480073203, 0.39401489827781994]",1,-1
11258,[0.26280214 0.35100435],11,0,"[0.2473875480073203, 0.39401489827781994]",1,-1
11259,[0.261755   0.30210891],11,7,"[0.2880919156697789, 0.2889500356712737]",1,-1
11260,[0.24183094 0.30866945],11,7,"[0.2880919156697789, 0.2889500356712737]",1,-1
11261,[0.26301046 0.32436081],11,7,"[0.2880919156697789, 0.2889500356712737]",1,-1
11262,[0.17267473 0.31787036],11,15,"[0.188292755006214, 0.3253570325311902]",1,-1
11263,[0.25751357 0.3337011 ],11,7,"[0.2880919156697789, 0.2889500356712737]",1,-1
11264,[0.22609575 0.30705437],11,15,"[0.188292755006214, 0.3253570325311902]",1,-1
11265,[0.15167146 0.22529272],11,21,"[0.16948094512787878, 0.2245031809320862]",1,-1
11266,[0.2226728  0.25165293],11,21,"[0.16948094512787878, 0.2245031809320862]",1,31
11267,[0.17352069 0.32320841],11,15,"[0.188292755006214, 0.3253570325311902]",1,-1
11268,[0.30196247 0.34026727],11,1,"[0.33650952271243567, 0.3695039184549852]",1,-1
11269,[0.3044289 0.3114687],11,7,"[0.2880919156697789, 0.2889500356712737]",1,-1
11270,[0.11516353 0.32732509],11,-1,-1,1,-1
11271,[0.2152131  0.29699842],11,15,"[0.188292755006214, 0.3253570325311902]",1,-1
11272,[0.23751142 0.22354875],11,16,"[0.22214342499776796, 0.1812277944104208]",1,31
11273,[0.14268257 0.3361971 ],11,15,"[0.188292755006214, 0.3253570325311902]",1,-1
11274,[0.18737666 0.37256959],11,15,"[0.188292755006214, 0.3253570325311902]",1,-1
11275,[0.24020579 0.32397338],11,15,"[0.188292755006214, 0.3253570325311902]",1,-1
11276,[0.27592159 0.28823025],11,7,"[0.2880919156697789, 0.2889500356712737]",1,-1
11277,[0.23827609 0.354522  ],11,0,"[0.2473875480073203, 0.39401489827781994]",1,-1
11278,[0.24187586 0.27323997],11,7,"[0.2880919156697789, 0.2889500356712737]",1,-1
11279,[0.19341271 0.27530836],11,15,"[0.188292755006214, 0.3253570325311902]",1,-1
11280,[0.33117566 0.35895718],11,1,"[0.33650952271243567, 0.3695039184549852]",1,-1
11281,[0.20538886 0.30163281],11,15,"[0.188292755006214, 0.3253570325311902]",1,-1
11282,[0.29618721 0.31872098],11,7,"[0.2880919156697789, 0.2889500356712737]",1,-1
11283,[0.14294641 0.36433728],11,15,"[0.188292755006214, 0.3253570325311902]",1,-1
11284,[0.24625929 0.29626315],11,7,"[0.2880919156697789, 0.2889500356712737]",1,-1
11285,[0.19472656 0.27681355],11,15,"[0.188292755006214, 0.3253570325311902]",1,-1
11286,[0.18897473 0.29752562],11,15,"[0.188292755006214, 0.3253570325311902]",1,-1
11287,[0.22235647 0.27083335],11,15,"[0.188292755006214, 0.3253570325311902]",1,-1
11288,[0.26043691 0.29003285],11,7,"[0.2880919156697789, 0.2889500356712737]",1,25
11289,[0.22719383 0.2542994 ],11,21,"[0.16948094512787878, 0.2245031809320862]",1,31
11290,[0.25665206 0.28861649],11,7,"[0.2880919156697789, 0.2889500356712737]",1,25
11291,[0.13221104 0.32322277],11,15,"[0.188292755006214, 0.3253570325311902]",1,-1
11292,[0.1447424  0.29964844],11,15,"[0.188292755006214, 0.3253570325311902]",1,-1
11293,[0.14577064 0.358859  ],11,15,"[0.188292755006214, 0.3253570325311902]",1,-1
11294,[0.19825494 0.29946981],11,15,"[0.188292755006214, 0.3253570325311902]",1,-1
11295,[0.15326983 0.41163242],11,-1,-1,1,-1
11296,[0.24652414 0.25714664],11,7,"[0.2880919156697789, 0.2889500356712737]",1,-1
11297,[0.19666672 0.31201563],11,15,"[0.188292755006214, 0.3253570325311902]",1,-1
11298,[0.19678974 0.38630402],11,0,"[0.2473875480073203, 0.39401489827781994]",1,-1
11299,[0.18821371 0.31172785],11,15,"[0.188292755006214, 0.3253570325311902]",1,-1
11300,[0.25264393 0.36131612],11,0,"[0.2473875480073203, 0.39401489827781994]",1,-1
11301,[0.28474348 0.27415934],11,7,"[0.2880919156697789, 0.2889500356712737]",1,-1
11302,[0.25491665 0.28255747],11,7,"[0.2880919156697789, 0.2889500356712737]",1,25
11303,[0.25541183 0.32711263],11,7,"[0.2880919156697789, 0.2889500356712737]",1,-1
11304,[0.17793989 0.30936693],11,15,"[0.188292755006214, 0.3253570325311902]",1,-1
11305,[0.25382367 0.34193129],11,0,"[0.2473875480073203, 0.39401489827781994]",1,-1
11306,[0.16061754 0.36824162],11,15,"[0.188292755006214, 0.3253570325311902]",1,-1
11307,[0.19302433 0.29215666],11,15,"[0.188292755006214, 0.3253570325311902]",1,-1
11308,[0.24185849 0.21627848],11,16,"[0.22214342499776796, 0.1812277944104208]",1,-1
11309,[0.14965005 0.39749371],11,-1,-1,1,-1
11310,[0.29640705 0.26472899],11,7,"[0.2880919156697789, 0.2889500356712737]",1,-1
11311,[0.21903398 0.23556582],11,21,"[0.16948094512787878, 0.2245031809320862]",1,31
11312,[0.20471798 0.2766839 ],11,15,"[0.188292755006214, 0.3253570325311902]",1,-1
11313,[0.23275327 0.39269178],11,0,"[0.2473875480073203, 0.39401489827781994]",1,-1
11314,[0.24096764 0.36018437],11,0,"[0.2473875480073203, 0.39401489827781994]",1,-1
11315,[0.23271213 0.26710593],11,7,"[0.2880919156697789, 0.2889500356712737]",1,-1
11316,[0.20660953 0.32917214],11,15,"[0.188292755006214, 0.3253570325311902]",1,-1
11317,[0.1369602  0.34382514],11,15,"[0.188292755006214, 0.3253570325311902]",1,-1
11318,[0.14035745 0.31376406],11,15,"[0.188292755006214, 0.3253570325311902]",1,-1
11319,[0.22877759 0.37569834],11,0,"[0.2473875480073203, 0.39401489827781994]",1,35
11320,[0.28146532 0.28893654],11,7,"[0.2880919156697789, 0.2889500356712737]",1,-1
11321,[0.18874524 0.31072477],11,15,"[0.188292755006214, 0.3253570325311902]",1,-1
11322,[0.234986   0.31672778],11,15,"[0.188292755006214, 0.3253570325311902]",1,-1
11323,[0.27465822 0.29677762],11,7,"[0.2880919156697789, 0.2889500356712737]",1,-1
11324,[0.26905932 0.27372864],11,7,"[0.2880919156697789, 0.2889500356712737]",1,-1
11325,[0.27487134 0.36674614],11,0,"[0.2473875480073203, 0.39401489827781994]",1,-1
11326,[0.19125832 0.27870129],11,15,"[0.188292755006214, 0.3253570325311902]",1,-1
11327,[0.29619156 0.27066461],11,7,"[0.2880919156697789, 0.2889500356712737]",1,-1
11328,[0.34383074 0.27637192],11,4,"[0.3937233168939997, 0.29890402186269427]",1,-1
11329,[0.29803878 0.35048065],11,1,"[0.33650952271243567, 0.3695039184549852]",1,-1
11330,[0.33921116 0.31887331],11,1,"[0.33650952271243567, 0.3695039184549852]",1,-1
11331,[0.20946737 0.2297001 ],11,21,"[0.16948094512787878, 0.2245031809320862]",1,-1
11332,[0.14067698 0.32944768],11,15,"[0.188292755006214, 0.3253570325311902]",1,-1
11333,[0.29421469 0.34283979],11,1,"[0.33650952271243567, 0.3695039184549852]",1,-1
11334,[0.18393978 0.23246563],11,21,"[0.16948094512787878, 0.2245031809320862]",1,-1
11335,[0.23132951 0.26115714],11,7,"[0.2880919156697789, 0.2889500356712737]",1,-1
11336,[0.22950481 0.32256915],11,15,"[0.188292755006214, 0.3253570325311902]",1,-1
11337,[0.1751413  0.31035748],11,15,"[0.188292755006214, 0.3253570325311902]",1,-1
11338,[0.24009173 0.29716428],11,7,"[0.2880919156697789, 0.2889500356712737]",1,-1
11339,[0.24547069 0.38414303],11,0,"[0.2473875480073203, 0.39401489827781994]",1,47
11340,[0.22986319 0.23580968],11,16,"[0.22214342499776796, 0.1812277944104208]",1,-1
11341,[0.2105695  0.35419919],11,15,"[0.188292755006214, 0.3253570325311902]",1,-1
11342,[0.14913659 0.31343059],11,15,"[0.188292755006214, 0.3253570325311902]",1,-1
11343,[0.26127807 0.30258298],11,7,"[0.2880919156697789, 0.2889500356712737]",1,-1
11344,[0.23861768 0.37985212],11,0,"[0.2473875480073203, 0.39401489827781994]",1,-1
11345,[0.25142956 0.26079669],11,7,"[0.2880919156697789, 0.2889500356712737]",1,-1
11346,[0.27022856 0.2793634 ],11,7,"[0.2880919156697789, 0.2889500356712737]",1,-1
11347,[0.2741477  0.29914808],11,7,"[0.2880919156697789, 0.2889500356712737]",1,-1
11348,[0.15382096 0.27775552],11,21,"[0.16948094512787878, 0.2245031809320862]",1,-1
11349,[0.14662481 0.33335729],11,15,"[0.188292755006214, 0.3253570325311902]",1,-1
11350,[0.25290325 0.38326574],11,0,"[0.2473875480073203, 0.39401489827781994]",1,-1
11351,[0.25770991 0.26686669],11,7,"[0.2880919156697789, 0.2889500356712737]",1,-1
11352,[0.21341646 0.33455023],11,15,"[0.188292755006214, 0.3253570325311902]",1,-1
11353,[0.17399762 0.39332717],11,15,"[0.188292755006214, 0.3253570325311902]",1,-1
11354,[0.32293395 0.42301425],11,13,"[0.32294489274299887, 0.4620611538839558]",1,-1
11355,[0.33346673 0.34633168],11,1,"[0.33650952271243567, 0.3695039184549852]",1,-1
11356,[0.24221198 0.36764846],11,0,"[0.2473875480073203, 0.39401489827781994]",1,-1
11357,[0.1672983  0.24320228],11,21,"[0.16948094512787878, 0.2245031809320862]",1,-1
11358,[0.33196213 0.33067818],11,1,"[0.33650952271243567, 0.3695039184549852]",1,62
11359,[0.22340568 0.25337055],11,21,"[0.16948094512787878, 0.2245031809320862]",1,31
11360,[0.27181433 0.2327584 ],11,31,"[0.29817086118518243, 0.1888907481789387]",1,-1
11361,[0.26954   0.2586875],11,7,"[0.2880919156697789, 0.2889500356712737]",1,28
11362,[0.20464091 0.39079884],11,0,"[0.2473875480073203, 0.39401489827781994]",1,35
11363,[0.21527261 0.29135981],11,15,"[0.188292755006214, 0.3253570325311902]",1,-1
11364,[0.18895034 0.32659937],11,15,"[0.188292755006214, 0.3253570325311902]",1,-1
11365,[0.21547752 0.33181558],11,15,"[0.188292755006214, 0.3253570325311902]",1,-1
11366,[0.13349389 0.27407265],11,21,"[0.16948094512787878, 0.2245031809320862]",1,-1
11367,[0.24919639 0.36491486],11,0,"[0.2473875480073203, 0.39401489827781994]",1,-1
11368,[0.19547062 0.26645381],11,21,"[0.16948094512787878, 0.2245031809320862]",1,-1
11369,[0.22836405 0.21655919],11,16,"[0.22214342499776796, 0.1812277944104208]",1,-1
11370,[0.14176561 0.29347295],11,15,"[0.188292755006214, 0.3253570325311902]",1,-1
11371,[0.18902246 0.37484676],11,15,"[0.188292755006214, 0.3253570325311902]",1,-1
11372,[0.21717239 0.32290749],11,15,"[0.188292755006214, 0.3253570325311902]",1,-1
11373,[0.22745874 0.37821529],11,0,"[0.2473875480073203, 0.39401489827781994]",1,-1
11374,[0.27198448 0.30881308],11,7,"[0.2880919156697789, 0.2889500356712737]",1,-1
11375,[0.29361684 0.2550613 ],11,7,"[0.2880919156697789, 0.2889500356712737]",1,-1
11376,[0.23225271 0.30319671],11,15,"[0.188292755006214, 0.3253570325311902]",1,-1
11377,[0.28396136 0.31544842],11,7,"[0.2880919156697789, 0.2889500356712737]",1,-1
11378,[0.28482114 0.28902622],11,7,"[0.2880919156697789, 0.2889500356712737]",1,-1
11379,[0.25714602 0.26985095],11,7,"[0.2880919156697789, 0.2889500356712737]",1,-1
11380,[0.22712281 0.2559471 ],11,21,"[0.16948094512787878, 0.2245031809320862]",1,31
11381,[0.28054094 0.39358341],11,0,"[0.2473875480073203, 0.39401489827781994]",1,59
11382,[0.16586631 0.26851925],11,21,"[0.16948094512787878, 0.2245031809320862]",1,-1
11383,[0.22945034 0.42801222],11,0,"[0.2473875480073203, 0.39401489827781994]",1,-1
11384,[0.18841633 0.36105388],11,15,"[0.188292755006214, 0.3253570325311902]",1,-1
11385,[0.24601832 0.33303189],11,15,"[0.188292755006214, 0.3253570325311902]",1,-1
11386,[0.24587002 0.26935881],11,7,"[0.2880919156697789, 0.2889500356712737]",1,-1
11387,[0.21395368 0.28483316],11,15,"[0.188292755006214, 0.3253570325311902]",1,-1
11388,[0.28072372 0.25721722],11,7,"[0.2880919156697789, 0.2889500356712737]",1,-1
11389,[0.1889571  0.36905893],11,15,"[0.188292755006214, 0.3253570325311902]",1,-1
11390,[0.20781516 0.29479692],11,15,"[0.188292755006214, 0.3253570325311902]",1,-1
11391,[0.2203177  0.28103586],11,15,"[0.188292755006214, 0.3253570325311902]",1,-1
11392,[0.17626794 0.3436375 ],11,15,"[0.188292755006214, 0.3253570325311902]",1,-1
11393,[0.21582804 0.31807721],11,15,"[0.188292755006214, 0.3253570325311902]",1,-1
11394,[0.23484399 0.32344577],11,15,"[0.188292755006214, 0.3253570325311902]",1,-1
11395,[0.19680513 0.26081163],11,21,"[0.16948094512787878, 0.2245031809320862]",1,-1
11396,[0.24556548 0.29034614],11,7,"[0.2880919156697789, 0.2889500356712737]",1,25
11397,[0.27490427 0.33040837],11,7,"[0.2880919156697789, 0.2889500356712737]",1,27
11398,[0.15638192 0.34124882],11,15,"[0.188292755006214, 0.3253570325311902]",1,-1
11399,[0.2540436  0.31425117],11,7,"[0.2880919156697789, 0.2889500356712737]",1,-1
11400,[0.20279443 0.40799323],11,0,"[0.2473875480073203, 0.39401489827781994]",1,-1
11401,[0.25484924 0.25593246],11,7,"[0.2880919156697789, 0.2889500356712737]",1,-1
11402,[0.2658439  0.38768714],11,0,"[0.2473875480073203, 0.39401489827781994]",1,-1
11403,[0.34558771 0.30563827],11,4,"[0.3937233168939997, 0.29890402186269427]",1,-1
11404,[0.21723025 0.30897753],11,15,"[0.188292755006214, 0.3253570325311902]",1,-1
11405,[0.37951038 0.31140454],11,4,"[0.3937233168939997, 0.29890402186269427]",1,-1
11406,[0.23350163 0.35151543],11,0,"[0.2473875480073203, 0.39401489827781994]",1,-1
11407,[0.22609553 0.29320334],11,15,"[0.188292755006214, 0.3253570325311902]",1,-1
11408,[0.17101297 0.41861357],11,17,"[0.19949257984775934, 0.47737458183782433]",1,-1
11409,[0.3016422  0.31567878],11,7,"[0.2880919156697789, 0.2889500356712737]",1,-1
11410,[0.31010951 0.22761237],11,31,"[0.29817086118518243, 0.1888907481789387]",1,-1
11411,[0.14549027 0.30785364],11,15,"[0.188292755006214, 0.3253570325311902]",1,-1
11412,[0.26444836 0.28924031],11,7,"[0.2880919156697789, 0.2889500356712737]",1,-1
11413,[0.27532699 0.32061605],11,7,"[0.2880919156697789, 0.2889500356712737]",1,-1
11414,[0.26564003 0.27129033],11,7,"[0.2880919156697789, 0.2889500356712737]",1,-1
11415,[0.29961276 0.32893097],11,7,"[0.2880919156697789, 0.2889500356712737]",1,-1
11416,[0.15359963 0.33461389],11,15,"[0.188292755006214, 0.3253570325311902]",1,-1
11417,[0.20951816 0.31486976],11,15,"[0.188292755006214, 0.3253570325311902]",1,-1
11418,[0.24685052 0.4336163 ],11,0,"[0.2473875480073203, 0.39401489827781994]",1,-1
11419,[0.24840582 0.24138292],11,7,"[0.2880919156697789, 0.2889500356712737]",1,-1
11420,[0.23709216 0.30551658],11,15,"[0.188292755006214, 0.3253570325311902]",1,-1
11421,[0.18858899 0.33624335],11,15,"[0.188292755006214, 0.3253570325311902]",1,-1
11422,[0.21609406 0.28711003],11,15,"[0.188292755006214, 0.3253570325311902]",1,-1
11423,[0.22014437 0.3381369 ],11,15,"[0.188292755006214, 0.3253570325311902]",1,-1
11424,[0.23215785 0.34862181],11,0,"[0.2473875480073203, 0.39401489827781994]",1,40
11425,[0.18117692 0.38195575],11,15,"[0.188292755006214, 0.3253570325311902]",1,-1
11426,[0.25477383 0.31396935],11,7,"[0.2880919156697789, 0.2889500356712737]",1,-1
11427,[0.20072096 0.38340333],11,0,"[0.2473875480073203, 0.39401489827781994]",1,-1
11428,[0.21636941 0.29711639],11,15,"[0.188292755006214, 0.3253570325311902]",1,-1
11429,[0.20825655 0.40174624],11,0,"[0.2473875480073203, 0.39401489827781994]",1,-1
11430,[0.18410816 0.40092768],11,0,"[0.2473875480073203, 0.39401489827781994]",1,-1
11431,[0.24962479 0.45301977],11,17,"[0.19949257984775934, 0.47737458183782433]",1,24
11432,[0.20069125 0.34408961],11,15,"[0.188292755006214, 0.3253570325311902]",1,-1
11433,[0.23933299 0.32198852],11,15,"[0.188292755006214, 0.3253570325311902]",1,-1
11434,[0.21947846 0.23125811],11,16,"[0.22214342499776796, 0.1812277944104208]",1,31
11435,[0.24954888 0.21894855],11,16,"[0.22214342499776796, 0.1812277944104208]",1,-1
11436,[0.17837496 0.29488954],11,15,"[0.188292755006214, 0.3253570325311902]",1,-1
11437,[0.17560944 0.23864064],11,21,"[0.16948094512787878, 0.2245031809320862]",1,-1
11438,[0.18162323 0.31713323],11,15,"[0.188292755006214, 0.3253570325311902]",1,-1
11439,[0.27103746 0.36809883],11,0,"[0.2473875480073203, 0.39401489827781994]",1,-1
11440,[0.21079134 0.37504365],11,0,"[0.2473875480073203, 0.39401489827781994]",1,35
11441,[0.28960479 0.31973998],11,7,"[0.2880919156697789, 0.2889500356712737]",1,27
11442,[0.17202598 0.33858342],11,15,"[0.188292755006214, 0.3253570325311902]",1,-1
11443,[0.17385785 0.37754547],11,15,"[0.188292755006214, 0.3253570325311902]",1,-1
11444,[0.17157114 0.31519196],11,15,"[0.188292755006214, 0.3253570325311902]",1,-1
11445,[0.23403389 0.3425737 ],11,15,"[0.188292755006214, 0.3253570325311902]",1,40
11446,[0.19531071 0.2998949 ],11,15,"[0.188292755006214, 0.3253570325311902]",1,-1
11447,[0.26087381 0.26476754],11,7,"[0.2880919156697789, 0.2889500356712737]",1,-1
11448,[0.29798762 0.3237814 ],11,7,"[0.2880919156697789, 0.2889500356712737]",1,-1
11449,[0.26175191 0.21265379],11,31,"[0.29817086118518243, 0.1888907481789387]",1,30
11450,[0.17618299 0.33907119],11,15,"[0.188292755006214, 0.3253570325311902]",1,-1
11451,[0.23515434 0.25831071],11,7,"[0.2880919156697789, 0.2889500356712737]",1,-1
11452,[0.14905149 0.30410435],11,15,"[0.188292755006214, 0.3253570325311902]",1,-1
11453,[0.24903875 0.38250038],11,0,"[0.2473875480073203, 0.39401489827781994]",1,47
11454,[0.18931531 0.28262644],11,15,"[0.188292755006214, 0.3253570325311902]",1,-1
11455,[0.30041551 0.26466224],11,7,"[0.2880919156697789, 0.2889500356712737]",1,-1
11456,[0.19926858 0.35523598],11,15,"[0.188292755006214, 0.3253570325311902]",1,-1
11457,[0.26120714 0.31321653],11,7,"[0.2880919156697789, 0.2889500356712737]",1,-1
11458,[0.13356347 0.36264216],11,15,"[0.188292755006214, 0.3253570325311902]",1,-1
11459,[0.27966836 0.34190059],11,7,"[0.2880919156697789, 0.2889500356712737]",1,-1
11460,[0.22813005 0.3594228 ],11,0,"[0.2473875480073203, 0.39401489827781994]",1,-1
11461,[0.24046896 0.34610508],11,0,"[0.2473875480073203, 0.39401489827781994]",1,40
11462,[0.21553812 0.2661789 ],11,21,"[0.16948094512787878, 0.2245031809320862]",1,32
11463,[0.22746844 0.37162789],11,0,"[0.2473875480073203, 0.39401489827781994]",1,-1
11464,[0.12798081 0.34665562],11,15,"[0.188292755006214, 0.3253570325311902]",1,-1
11465,[0.20996776 0.31869666],11,15,"[0.188292755006214, 0.3253570325311902]",1,-1
11466,[0.19546867 0.24530057],11,21,"[0.16948094512787878, 0.2245031809320862]",1,-1
11467,[0.2689178  0.31001076],11,7,"[0.2880919156697789, 0.2889500356712737]",1,-1
11468,[0.22596014 0.28993481],11,15,"[0.188292755006214, 0.3253570325311902]",1,-1
11469,[0.16426614 0.25106239],11,21,"[0.16948094512787878, 0.2245031809320862]",1,-1
11470,[0.27909241 0.33281043],11,7,"[0.2880919156697789, 0.2889500356712737]",1,27
11471,[0.24907487 0.33627101],11,0,"[0.2473875480073203, 0.39401489827781994]",1,-1
11472,[0.16062702 0.31724179],11,15,"[0.188292755006214, 0.3253570325311902]",1,-1
11473,[0.26283753 0.32551929],11,7,"[0.2880919156697789, 0.2889500356712737]",1,-1
11474,[0.19103717 0.28635714],11,15,"[0.188292755006214, 0.3253570325311902]",1,-1
11475,[0.25052348 0.29298323],11,7,"[0.2880919156697789, 0.2889500356712737]",1,25
11476,[0.24516116 0.25998586],11,7,"[0.2880919156697789, 0.2889500356712737]",1,-1
11477,[0.27030713 0.28812463],11,7,"[0.2880919156697789, 0.2889500356712737]",1,-1
11478,[0.23434636 0.31468795],11,15,"[0.188292755006214, 0.3253570325311902]",1,-1
11479,[0.19894155 0.30635449],11,15,"[0.188292755006214, 0.3253570325311902]",1,-1
11480,[0.16278242 0.33606142],11,15,"[0.188292755006214, 0.3253570325311902]",1,-1
11481,[0.20969716 0.37253267],11,0,"[0.2473875480073203, 0.39401489827781994]",1,35
11482,[0.2570106  0.21874154],11,31,"[0.29817086118518243, 0.1888907481789387]",1,-1
11483,[0.28456334 0.3180009 ],11,7,"[0.2880919156697789, 0.2889500356712737]",1,-1
11484,[0.28064936 0.34134087],11,7,"[0.2880919156697789, 0.2889500356712737]",1,-1
11485,[0.22265116 0.29280333],11,15,"[0.188292755006214, 0.3253570325311902]",1,-1
11486,[0.27026488 0.2740935 ],11,7,"[0.2880919156697789, 0.2889500356712737]",1,-1
11487,[0.2997956  0.30085947],11,7,"[0.2880919156697789, 0.2889500356712737]",1,-1
11488,[0.28134171 0.32711738],11,7,"[0.2880919156697789, 0.2889500356712737]",1,27
11489,[0.2021913  0.29753112],11,15,"[0.188292755006214, 0.3253570325311902]",1,-1
11490,[0.27863914 0.32421608],11,7,"[0.2880919156697789, 0.2889500356712737]",1,27
11491,[0.17435923 0.23789976],11,21,"[0.16948094512787878, 0.2245031809320862]",1,-1
11492,[0.21531207 0.25512994],11,21,"[0.16948094512787878, 0.2245031809320862]",1,-1
11493,[0.29456145 0.25735716],11,7,"[0.2880919156697789, 0.2889500356712737]",1,-1
11494,[0.23512055 0.35620037],11,0,"[0.2473875480073203, 0.39401489827781994]",1,-1
11495,[0.23419064 0.22699512],11,16,"[0.22214342499776796, 0.1812277944104208]",1,31
11496,[0.2174943  0.28272066],11,15,"[0.188292755006214, 0.3253570325311902]",1,-1
11497,[0.2092103  0.28491099],11,15,"[0.188292755006214, 0.3253570325311902]",1,-1
11498,[0.24297067 0.30657012],11,7,"[0.2880919156697789, 0.2889500356712737]",1,-1
11499,[0.26156163 0.3686299 ],11,0,"[0.2473875480073203, 0.39401489827781994]",1,-1
11500,[0.21638258 0.35024178],11,15,"[0.188292755006214, 0.3253570325311902]",1,-1
11501,[0.20565325 0.33842572],11,15,"[0.188292755006214, 0.3253570325311902]",1,-1
11502,[0.14078183 0.27361207],11,21,"[0.16948094512787878, 0.2245031809320862]",1,-1
11503,[0.13096669 0.21218692],11,21,"[0.16948094512787878, 0.2245031809320862]",1,-1
11504,[0.15191609 0.36776117],11,15,"[0.188292755006214, 0.3253570325311902]",1,-1
11505,[0.22095758 0.22399683],11,16,"[0.22214342499776796, 0.1812277944104208]",1,31
11506,[0.21020268 0.39033373],11,0,"[0.2473875480073203, 0.39401489827781994]",1,-1
11507,[0.2577355  0.30207162],11,7,"[0.2880919156697789, 0.2889500356712737]",1,-1
11508,[0.1775912  0.31859867],11,15,"[0.188292755006214, 0.3253570325311902]",1,-1
11509,[0.23489674 0.40378286],11,0,"[0.2473875480073203, 0.39401489827781994]",1,-1
11510,[0.18279093 0.36766474],11,15,"[0.188292755006214, 0.3253570325311902]",1,-1
11511,[0.14419875 0.34335115],11,15,"[0.188292755006214, 0.3253570325311902]",1,-1
11512,[0.26808025 0.31939608],11,7,"[0.2880919156697789, 0.2889500356712737]",1,-1
11513,[0.27279915 0.25446485],11,7,"[0.2880919156697789, 0.2889500356712737]",1,28
11514,[0.3476906 0.3229735],11,1,"[0.33650952271243567, 0.3695039184549852]",1,-1
11515,[0.24658599 0.38006023],11,0,"[0.2473875480073203, 0.39401489827781994]",1,47
11516,[0.2930468  0.25601886],11,7,"[0.2880919156697789, 0.2889500356712737]",1,-1
11517,[0.27782492 0.35019592],11,0,"[0.2473875480073203, 0.39401489827781994]",1,-1
11518,[0.23338794 0.24565538],11,16,"[0.22214342499776796, 0.1812277944104208]",1,-1
11519,[0.17499683 0.35259919],11,15,"[0.188292755006214, 0.3253570325311902]",1,-1
11520,[0.20469065 0.2610228 ],11,21,"[0.16948094512787878, 0.2245031809320862]",1,32
11521,[0.20414649 0.27774499],11,15,"[0.188292755006214, 0.3253570325311902]",1,-1
11522,[0.31496787 0.19858652],11,31,"[0.29817086118518243, 0.1888907481789387]",1,-1
11523,[0.26718471 0.27278407],11,7,"[0.2880919156697789, 0.2889500356712737]",1,-1
11524,[0.1960174  0.39886272],11,0,"[0.2473875480073203, 0.39401489827781994]",1,-1
11525,[0.31158414 0.27679281],11,7,"[0.2880919156697789, 0.2889500356712737]",1,-1
11526,[0.27254733 0.36457297],11,0,"[0.2473875480073203, 0.39401489827781994]",1,-1
11527,[0.22411971 0.23260667],11,16,"[0.22214342499776796, 0.1812277944104208]",1,31
11528,[0.16443471 0.20530909],11,21,"[0.16948094512787878, 0.2245031809320862]",1,-1
11529,[0.22068895 0.32174078],11,15,"[0.188292755006214, 0.3253570325311902]",1,-1
11530,[0.20314005 0.31751731],11,15,"[0.188292755006214, 0.3253570325311902]",1,-1
11531,[0.26775225 0.28878906],11,7,"[0.2880919156697789, 0.2889500356712737]",1,-1
11532,[0.26231119 0.30020406],11,7,"[0.2880919156697789, 0.2889500356712737]",1,-1
11533,[0.24669699 0.42274993],11,0,"[0.2473875480073203, 0.39401489827781994]",1,-1
11534,[0.31578542 0.30240343],11,7,"[0.2880919156697789, 0.2889500356712737]",1,-1
11535,[0.25308043 0.34503429],11,0,"[0.2473875480073203, 0.39401489827781994]",1,-1
11536,[0.32666638 0.35722628],11,1,"[0.33650952271243567, 0.3695039184549852]",1,-1
11537,[0.26168043 0.33349237],11,7,"[0.2880919156697789, 0.2889500356712737]",1,-1
11538,[0.20378878 0.34510967],11,15,"[0.188292755006214, 0.3253570325311902]",1,-1
11539,[0.22516905 0.2932341 ],11,15,"[0.188292755006214, 0.3253570325311902]",1,-1
11540,[0.1480444 0.3363133],11,15,"[0.188292755006214, 0.3253570325311902]",1,-1
11541,[0.19882068 0.29289629],11,15,"[0.188292755006214, 0.3253570325311902]",1,-1
11542,[0.29837296 0.28490403],11,7,"[0.2880919156697789, 0.2889500356712737]",1,-1
11543,[0.1675416  0.36829403],11,15,"[0.188292755006214, 0.3253570325311902]",1,-1
11544,[0.2307976  0.19642722],11,16,"[0.22214342499776796, 0.1812277944104208]",1,31
11545,[0.18184784 0.31192131],11,15,"[0.188292755006214, 0.3253570325311902]",1,-1
11546,[0.24388586 0.21222924],11,16,"[0.22214342499776796, 0.1812277944104208]",1,31
11547,[0.21686606 0.33942358],11,15,"[0.188292755006214, 0.3253570325311902]",1,-1
11548,[0.22144786 0.28916317],11,15,"[0.188292755006214, 0.3253570325311902]",1,-1
11549,[0.2719272  0.30101362],11,7,"[0.2880919156697789, 0.2889500356712737]",1,-1
11550,[0.2173427 0.3475845],11,15,"[0.188292755006214, 0.3253570325311902]",1,-1
11551,[0.13622812 0.30528119],11,15,"[0.188292755006214, 0.3253570325311902]",1,-1
11552,[0.20058583 0.31500479],11,15,"[0.188292755006214, 0.3253570325311902]",1,-1
11553,[0.12914972 0.34829507],11,15,"[0.188292755006214, 0.3253570325311902]",1,-1
11554,[0.25059224 0.41227757],11,0,"[0.2473875480073203, 0.39401489827781994]",1,-1
11555,[0.2444322  0.32451684],11,15,"[0.188292755006214, 0.3253570325311902]",1,-1
11556,[0.30321059 0.3285736 ],11,7,"[0.2880919156697789, 0.2889500356712737]",1,-1
11557,[0.28168174 0.34117367],11,7,"[0.2880919156697789, 0.2889500356712737]",1,-1
11558,[0.28339108 0.31806266],11,7,"[0.2880919156697789, 0.2889500356712737]",1,-1
11559,[0.1523919 0.313705 ],11,15,"[0.188292755006214, 0.3253570325311902]",1,-1
11560,[0.21577155 0.27298839],11,15,"[0.188292755006214, 0.3253570325311902]",1,32
11561,[0.26016837 0.28847188],11,7,"[0.2880919156697789, 0.2889500356712737]",1,25
11562,[0.19442085 0.30631897],11,15,"[0.188292755006214, 0.3253570325311902]",1,-1
11563,[0.30019286 0.28990153],11,7,"[0.2880919156697789, 0.2889500356712737]",1,-1
11564,[0.09630462 0.23248092],11,-1,-1,1,-1
11565,[0.1744939  0.30805088],11,15,"[0.188292755006214, 0.3253570325311902]",1,-1
11566,[0.25975897 0.28160528],11,7,"[0.2880919156697789, 0.2889500356712737]",1,-1
11567,[0.25247972 0.28757925],11,7,"[0.2880919156697789, 0.2889500356712737]",1,25
11568,[0.30150722 0.35488915],11,1,"[0.33650952271243567, 0.3695039184549852]",1,-1
11569,[0.26826826 0.3180093 ],11,7,"[0.2880919156697789, 0.2889500356712737]",1,-1
11570,[0.29970299 0.34443576],11,1,"[0.33650952271243567, 0.3695039184549852]",1,-1
11571,[0.29946142 0.3912799 ],11,1,"[0.33650952271243567, 0.3695039184549852]",1,59
11572,[0.20932793 0.34078541],11,15,"[0.188292755006214, 0.3253570325311902]",1,-1
11573,[0.25422175 0.27076815],11,7,"[0.2880919156697789, 0.2889500356712737]",1,-1
11574,[0.2047301  0.37719227],11,0,"[0.2473875480073203, 0.39401489827781994]",1,35
11575,[0.25959481 0.33720862],11,7,"[0.2880919156697789, 0.2889500356712737]",1,-1
11576,[0.23739649 0.32595829],11,15,"[0.188292755006214, 0.3253570325311902]",1,-1
11577,[0.25176405 0.40357439],11,0,"[0.2473875480073203, 0.39401489827781994]",1,-1
11578,[0.25581524 0.32825811],11,7,"[0.2880919156697789, 0.2889500356712737]",1,-1
11579,[0.29802229 0.24894163],11,7,"[0.2880919156697789, 0.2889500356712737]",1,-1
11580,[0.18921555 0.2850376 ],11,15,"[0.188292755006214, 0.3253570325311902]",1,-1
11581,[0.28102108 0.34424205],11,7,"[0.2880919156697789, 0.2889500356712737]",1,-1
11582,[0.09340255 0.29352596],11,-1,-1,-1,-1
11583,[0.15554352 0.33149298],11,15,"[0.188292755006214, 0.3253570325311902]",1,-1
11584,[0.23718599 0.27037481],11,7,"[0.2880919156697789, 0.2889500356712737]",1,-1
11585,[0.2625504  0.30749814],11,7,"[0.2880919156697789, 0.2889500356712737]",1,25
11586,[0.24006192 0.35106987],11,0,"[0.2473875480073203, 0.39401489827781994]",1,-1
11587,[0.21372781 0.30753085],11,15,"[0.188292755006214, 0.3253570325311902]",1,-1
11588,[0.16628825 0.24003306],11,21,"[0.16948094512787878, 0.2245031809320862]",1,-1
11589,[0.27527506 0.37361059],11,0,"[0.2473875480073203, 0.39401489827781994]",1,-1
11590,[0.28240083 0.31443519],11,7,"[0.2880919156697789, 0.2889500356712737]",1,27
11591,[0.26831589 0.31915784],11,7,"[0.2880919156697789, 0.2889500356712737]",1,-1
11592,[0.23922064 0.3230131 ],11,15,"[0.188292755006214, 0.3253570325311902]",1,-1
11593,[0.27065469 0.32869389],11,7,"[0.2880919156697789, 0.2889500356712737]",1,27
11594,[0.23713863 0.32135173],11,15,"[0.188292755006214, 0.3253570325311902]",1,-1
11595,[0.22108522 0.38479241],11,0,"[0.2473875480073203, 0.39401489827781994]",1,35
11596,[0.24608528 0.28585714],11,7,"[0.2880919156697789, 0.2889500356712737]",1,25
11597,[0.23318417 0.34033047],11,15,"[0.188292755006214, 0.3253570325311902]",1,40
11598,[0.16967932 0.31213532],11,15,"[0.188292755006214, 0.3253570325311902]",1,-1
11599,[0.3502547  0.21775409],11,31,"[0.29817086118518243, 0.1888907481789387]",1,-1
11600,[0.22682808 0.31571497],11,15,"[0.188292755006214, 0.3253570325311902]",1,-1
11601,[0.21599395 0.35899041],11,15,"[0.188292755006214, 0.3253570325311902]",1,-1
11602,[0.27014782 0.38596523],11,0,"[0.2473875480073203, 0.39401489827781994]",1,-1
11603,[0.22542163 0.29555012],11,15,"[0.188292755006214, 0.3253570325311902]",1,-1
11604,[0.2012693  0.30713372],11,15,"[0.188292755006214, 0.3253570325311902]",1,-1
11605,[0.27690929 0.13796706],11,31,"[0.29817086118518243, 0.1888907481789387]",1,-1
11606,[0.24847761 0.38587009],11,0,"[0.2473875480073203, 0.39401489827781994]",1,47
11607,[0.22713796 0.2521266 ],11,21,"[0.16948094512787878, 0.2245031809320862]",1,31
11608,[0.30454525 0.38973444],11,1,"[0.33650952271243567, 0.3695039184549852]",1,-1
11609,[0.25055016 0.30387501],11,7,"[0.2880919156697789, 0.2889500356712737]",1,-1
11610,[0.20337931 0.30789861],11,15,"[0.188292755006214, 0.3253570325311902]",1,-1
11611,[0.31765392 0.22105352],11,31,"[0.29817086118518243, 0.1888907481789387]",1,-1
11612,[0.23708669 0.35409003],11,0,"[0.2473875480073203, 0.39401489827781994]",1,-1
11613,[0.18046073 0.30386297],11,15,"[0.188292755006214, 0.3253570325311902]",1,-1
11614,[0.20863072 0.31124219],11,15,"[0.188292755006214, 0.3253570325311902]",1,-1
11615,[0.21416868 0.32450107],11,15,"[0.188292755006214, 0.3253570325311902]",1,-1
11616,[0.26729973 0.34849148],11,0,"[0.2473875480073203, 0.39401489827781994]",1,-1
11617,[0.23902248 0.41521974],11,0,"[0.2473875480073203, 0.39401489827781994]",1,48
11618,[0.17930937 0.31499263],11,15,"[0.188292755006214, 0.3253570325311902]",1,-1
11619,[0.18176006 0.3099449 ],11,15,"[0.188292755006214, 0.3253570325311902]",1,-1
11620,[0.23103654 0.28231387],11,7,"[0.2880919156697789, 0.2889500356712737]",1,-1
11621,[0.21328281 0.31159037],11,15,"[0.188292755006214, 0.3253570325311902]",1,-1
11622,[0.18273101 0.28063129],11,15,"[0.188292755006214, 0.3253570325311902]",1,-1
11623,[0.18538275 0.33015304],11,15,"[0.188292755006214, 0.3253570325311902]",1,-1
11624,[0.225317   0.45954792],11,17,"[0.19949257984775934, 0.47737458183782433]",1,-1
11625,[0.20971153 0.33146629],11,15,"[0.188292755006214, 0.3253570325311902]",1,-1
11626,[0.19731499 0.27246665],11,15,"[0.188292755006214, 0.3253570325311902]",1,-1
11627,[0.17766907 0.31275572],11,15,"[0.188292755006214, 0.3253570325311902]",1,-1
11628,[0.12397587 0.31370137],11,15,"[0.188292755006214, 0.3253570325311902]",1,-1
11629,[0.18395321 0.21776566],11,21,"[0.16948094512787878, 0.2245031809320862]",1,-1
11630,[0.2836453  0.37249459],11,0,"[0.2473875480073203, 0.39401489827781994]",1,-1
11631,[0.27018473 0.40387843],11,0,"[0.2473875480073203, 0.39401489827781994]",1,59
11632,[0.23578568 0.30951067],11,15,"[0.188292755006214, 0.3253570325311902]",1,-1
11633,[0.16537611 0.32269591],11,15,"[0.188292755006214, 0.3253570325311902]",1,-1
11634,[0.2581894  0.32611668],11,7,"[0.2880919156697789, 0.2889500356712737]",1,-1
11635,[0.2793794  0.32898206],11,7,"[0.2880919156697789, 0.2889500356712737]",1,27
11636,[0.28524752 0.38531119],11,0,"[0.2473875480073203, 0.39401489827781994]",1,-1
11637,[0.22993028 0.33336274],11,15,"[0.188292755006214, 0.3253570325311902]",1,-1
11638,[0.28971475 0.33626858],11,7,"[0.2880919156697789, 0.2889500356712737]",1,-1
11639,[0.10931561 0.33792014],11,-1,-1,1,-1
11640,[0.24653543 0.34270279],11,0,"[0.2473875480073203, 0.39401489827781994]",1,-1
11641,[0.22389098 0.35954513],11,0,"[0.2473875480073203, 0.39401489827781994]",1,-1
11642,[0.16524354 0.25710935],11,21,"[0.16948094512787878, 0.2245031809320862]",1,-1
11643,[0.21294594 0.34015127],11,15,"[0.188292755006214, 0.3253570325311902]",1,-1
11644,[0.25872752 0.26143441],11,7,"[0.2880919156697789, 0.2889500356712737]",1,-1
11645,[0.17171108 0.3742451 ],11,15,"[0.188292755006214, 0.3253570325311902]",1,-1
11646,[0.23518867 0.34251809],11,15,"[0.188292755006214, 0.3253570325311902]",1,40
11647,[0.2410576  0.30851129],11,7,"[0.2880919156697789, 0.2889500356712737]",1,-1
11648,[0.13176349 0.36415786],11,15,"[0.188292755006214, 0.3253570325311902]",1,-1
11649,[0.27413441 0.33634627],11,7,"[0.2880919156697789, 0.2889500356712737]",1,27
11650,[0.2180122  0.23168978],11,21,"[0.16948094512787878, 0.2245031809320862]",1,-1
11651,[0.18387821 0.25409532],11,21,"[0.16948094512787878, 0.2245031809320862]",1,-1
11652,[0.21876089 0.28650922],11,15,"[0.188292755006214, 0.3253570325311902]",1,-1
11653,[0.20373762 0.28246689],11,15,"[0.188292755006214, 0.3253570325311902]",1,-1
11654,[0.31158917 0.31171218],11,7,"[0.2880919156697789, 0.2889500356712737]",1,-1
11655,[0.21599778 0.28289187],11,15,"[0.188292755006214, 0.3253570325311902]",1,-1
11656,[0.24102286 0.34887685],11,0,"[0.2473875480073203, 0.39401489827781994]",1,-1
11657,[0.20790922 0.29111171],11,15,"[0.188292755006214, 0.3253570325311902]",1,-1
11658,[0.33330788 0.25391965],11,7,"[0.2880919156697789, 0.2889500356712737]",1,-1
11659,[0.18439634 0.30229181],11,15,"[0.188292755006214, 0.3253570325311902]",1,-1
11660,[0.23927696 0.39821681],11,0,"[0.2473875480073203, 0.39401489827781994]",1,-1
11661,[0.29094835 0.49938159],11,13,"[0.32294489274299887, 0.4620611538839558]",1,-1
11662,[0.22904105 0.28974183],11,15,"[0.188292755006214, 0.3253570325311902]",1,-1
11663,[0.21710685 0.26956164],11,15,"[0.188292755006214, 0.3253570325311902]",1,32
11664,[0.22502122 0.31246385],11,15,"[0.188292755006214, 0.3253570325311902]",1,-1
11665,[0.22087467 0.29232935],11,15,"[0.188292755006214, 0.3253570325311902]",1,-1
11666,[0.26030562 0.40077318],11,0,"[0.2473875480073203, 0.39401489827781994]",1,-1
11667,[0.18205787 0.28308538],11,15,"[0.188292755006214, 0.3253570325311902]",1,-1
11668,[0.12286541 0.22784521],11,21,"[0.16948094512787878, 0.2245031809320862]",1,-1
11669,[0.24043318 0.33376525],11,15,"[0.188292755006214, 0.3253570325311902]",1,-1
11670,[0.18500603 0.33464969],11,15,"[0.188292755006214, 0.3253570325311902]",1,-1
11671,[0.23953266 0.28912565],11,7,"[0.2880919156697789, 0.2889500356712737]",1,-1
11672,[0.19066424 0.23879457],11,21,"[0.16948094512787878, 0.2245031809320862]",1,-1
11673,[0.19154539 0.3889326 ],11,0,"[0.2473875480073203, 0.39401489827781994]",1,-1
11674,[0.17852651 0.27996485],11,15,"[0.188292755006214, 0.3253570325311902]",1,-1
11675,[0.19996033 0.28238547],11,15,"[0.188292755006214, 0.3253570325311902]",1,-1
11676,[0.24116519 0.3179049 ],11,15,"[0.188292755006214, 0.3253570325311902]",1,-1
11677,[0.21304661 0.29575267],11,15,"[0.188292755006214, 0.3253570325311902]",1,-1
11678,[0.23432492 0.28982257],11,7,"[0.2880919156697789, 0.2889500356712737]",1,-1
11679,[0.17946744 0.28805934],11,15,"[0.188292755006214, 0.3253570325311902]",1,-1
11680,[0.25051004 0.36542365],11,0,"[0.2473875480073203, 0.39401489827781994]",1,-1
11681,[0.27452079 0.41682488],11,0,"[0.2473875480073203, 0.39401489827781994]",1,53
11682,[0.1706073  0.40557076],11,-1,-1,1,-1
11683,[0.16280133 0.32240296],11,15,"[0.188292755006214, 0.3253570325311902]",1,-1
11684,[0.24990197 0.32740735],11,7,"[0.2880919156697789, 0.2889500356712737]",1,-1
11685,[0.28528648 0.33383557],11,7,"[0.2880919156697789, 0.2889500356712737]",1,27
11686,[0.14155402 0.41385013],11,-1,-1,1,-1
11687,[0.2204443  0.43279217],11,0,"[0.2473875480073203, 0.39401489827781994]",1,-1
11688,[0.28636194 0.24241304],11,7,"[0.2880919156697789, 0.2889500356712737]",1,-1
11689,[0.1937971  0.27332224],11,15,"[0.188292755006214, 0.3253570325311902]",1,-1
11690,[0.19897173 0.35015278],11,15,"[0.188292755006214, 0.3253570325311902]",1,-1
11691,[0.20529604 0.25805882],11,21,"[0.16948094512787878, 0.2245031809320862]",1,-1
11692,[0.06656273 0.29194998],11,-1,-1,-1,-1
11693,[0.25194313 0.30661975],11,7,"[0.2880919156697789, 0.2889500356712737]",1,-1
11694,[0.29134144 0.2817909 ],11,7,"[0.2880919156697789, 0.2889500356712737]",1,-1
11695,[0.3142242  0.32790591],11,7,"[0.2880919156697789, 0.2889500356712737]",1,-1
11696,[0.23019128 0.3055361 ],11,15,"[0.188292755006214, 0.3253570325311902]",1,-1
11697,[0.23486934 0.37947177],11,0,"[0.2473875480073203, 0.39401489827781994]",1,-1
11698,[0.24122503 0.36263325],11,0,"[0.2473875480073203, 0.39401489827781994]",1,-1
11699,[0.22877961 0.39208117],11,0,"[0.2473875480073203, 0.39401489827781994]",1,-1
11700,[0.23356154 0.37671612],11,0,"[0.2473875480073203, 0.39401489827781994]",1,-1
11701,[0.17010129 0.37412382],11,15,"[0.188292755006214, 0.3253570325311902]",1,-1
11702,[0.17571688 0.31670391],11,15,"[0.188292755006214, 0.3253570325311902]",1,-1
11703,[0.15502557 0.21580989],11,21,"[0.16948094512787878, 0.2245031809320862]",1,-1
11704,[0.20085141 0.34989639],11,15,"[0.188292755006214, 0.3253570325311902]",1,-1
11705,[0.22362599 0.39280836],11,0,"[0.2473875480073203, 0.39401489827781994]",1,-1
11706,[0.2617599  0.29069035],11,7,"[0.2880919156697789, 0.2889500356712737]",1,25
11707,[0.27848032 0.36673481],11,0,"[0.2473875480073203, 0.39401489827781994]",1,-1
11708,[0.24361685 0.28606136],11,7,"[0.2880919156697789, 0.2889500356712737]",1,25
11709,[0.12885347 0.35998979],11,15,"[0.188292755006214, 0.3253570325311902]",1,-1
11710,[0.2848247  0.30396899],11,7,"[0.2880919156697789, 0.2889500356712737]",1,-1
11711,[0.1607252  0.24583132],11,21,"[0.16948094512787878, 0.2245031809320862]",1,-1
11712,[0.20519934 0.3326971 ],11,15,"[0.188292755006214, 0.3253570325311902]",1,-1
11713,[0.2308044  0.25529916],11,7,"[0.2880919156697789, 0.2889500356712737]",1,31
11714,[0.14058697 0.44310856],11,17,"[0.19949257984775934, 0.47737458183782433]",1,-1
11715,[0.26339161 0.34877995],11,0,"[0.2473875480073203, 0.39401489827781994]",1,-1
11716,[0.18960715 0.34568227],11,15,"[0.188292755006214, 0.3253570325311902]",1,-1
11717,[0.20989049 0.33428598],11,15,"[0.188292755006214, 0.3253570325311902]",1,-1
11718,[0.25106264 0.26554676],11,7,"[0.2880919156697789, 0.2889500356712737]",1,-1
11719,[0.2504207  0.31587602],11,7,"[0.2880919156697789, 0.2889500356712737]",1,-1
11720,[0.28761968 0.42729719],11,13,"[0.32294489274299887, 0.4620611538839558]",1,-1
11721,[0.19656661 0.32300211],11,15,"[0.188292755006214, 0.3253570325311902]",1,-1
11722,[0.19623455 0.29682908],11,15,"[0.188292755006214, 0.3253570325311902]",1,-1
11723,[0.25771154 0.35272113],11,0,"[0.2473875480073203, 0.39401489827781994]",1,-1
11724,[0.17762359 0.32610821],11,15,"[0.188292755006214, 0.3253570325311902]",1,-1
11725,[0.18709173 0.24296865],11,21,"[0.16948094512787878, 0.2245031809320862]",1,-1
11726,[0.23058203 0.37051538],11,0,"[0.2473875480073203, 0.39401489827781994]",1,-1
11727,[0.14467724 0.37436201],11,15,"[0.188292755006214, 0.3253570325311902]",1,-1
11728,[0.22573764 0.40095294],11,0,"[0.2473875480073203, 0.39401489827781994]",1,-1
11729,[0.1771282  0.22011406],11,21,"[0.16948094512787878, 0.2245031809320862]",1,-1
11730,[0.27772882 0.3306968 ],11,7,"[0.2880919156697789, 0.2889500356712737]",1,27
11731,[0.25394595 0.34957097],11,0,"[0.2473875480073203, 0.39401489827781994]",1,-1
11732,[0.23857098 0.27635386],11,7,"[0.2880919156697789, 0.2889500356712737]",1,-1
11733,[0.24957259 0.40730603],11,0,"[0.2473875480073203, 0.39401489827781994]",1,-1
11734,[0.2494152  0.30609544],11,7,"[0.2880919156697789, 0.2889500356712737]",1,-1
11735,[0.18026665 0.31144012],11,15,"[0.188292755006214, 0.3253570325311902]",1,-1
11736,[0.15892478 0.33770905],11,15,"[0.188292755006214, 0.3253570325311902]",1,-1
11737,[0.25648099 0.31457494],11,7,"[0.2880919156697789, 0.2889500356712737]",1,-1
11738,[0.24282461 0.33796776],11,15,"[0.188292755006214, 0.3253570325311902]",1,40
11739,[0.23923255 0.27542915],11,7,"[0.2880919156697789, 0.2889500356712737]",1,-1
11740,[0.21741846 0.37932809],11,0,"[0.2473875480073203, 0.39401489827781994]",1,35
11741,[0.32447502 0.33207618],11,1,"[0.33650952271243567, 0.3695039184549852]",1,-1
11742,[0.22933918 0.3130504 ],11,15,"[0.188292755006214, 0.3253570325311902]",1,-1
11743,[0.10938512 0.34211999],11,-1,-1,1,-1
11744,[0.28676628 0.38835502],11,0,"[0.2473875480073203, 0.39401489827781994]",1,-1
11745,[0.3002311  0.25865776],11,7,"[0.2880919156697789, 0.2889500356712737]",1,-1
11746,[0.30224785 0.31455397],11,7,"[0.2880919156697789, 0.2889500356712737]",1,-1
11747,[0.24428342 0.48718697],11,17,"[0.19949257984775934, 0.47737458183782433]",1,-1
11748,[0.20617963 0.21172098],11,16,"[0.22214342499776796, 0.1812277944104208]",1,31
11749,[0.21292951 0.28719378],11,15,"[0.188292755006214, 0.3253570325311902]",1,-1
11750,[0.25331609 0.32993765],11,7,"[0.2880919156697789, 0.2889500356712737]",1,-1
11751,[0.27285673 0.32422792],11,7,"[0.2880919156697789, 0.2889500356712737]",1,27
11752,[0.20547896 0.35244835],11,15,"[0.188292755006214, 0.3253570325311902]",1,-1
11753,[0.27523508 0.24237914],11,7,"[0.2880919156697789, 0.2889500356712737]",1,-1
11754,[0.23171175 0.45531752],11,17,"[0.19949257984775934, 0.47737458183782433]",1,-1
11755,[0.22699483 0.30251547],11,15,"[0.188292755006214, 0.3253570325311902]",1,-1
11756,[0.18422132 0.3408432 ],11,15,"[0.188292755006214, 0.3253570325311902]",1,-1
11757,[0.17724327 0.29293188],11,15,"[0.188292755006214, 0.3253570325311902]",1,-1
11758,[0.21510749 0.35026057],11,15,"[0.188292755006214, 0.3253570325311902]",1,-1
11759,[0.18712728 0.2959863 ],11,15,"[0.188292755006214, 0.3253570325311902]",1,-1
11760,[0.243161   0.36832197],11,0,"[0.2473875480073203, 0.39401489827781994]",1,-1
11761,[0.26051631 0.2649867 ],11,7,"[0.2880919156697789, 0.2889500356712737]",1,-1
11762,[0.20867694 0.21782907],11,16,"[0.22214342499776796, 0.1812277944104208]",1,31
11763,[0.23102081 0.35232631],11,0,"[0.2473875480073203, 0.39401489827781994]",1,-1
11764,[0.2639046  0.30554993],11,7,"[0.2880919156697789, 0.2889500356712737]",1,25
11765,[0.25407803 0.40088487],11,0,"[0.2473875480073203, 0.39401489827781994]",1,-1
11766,[0.17715711 0.34732129],11,15,"[0.188292755006214, 0.3253570325311902]",1,-1
11767,[0.34816628 0.37412068],11,1,"[0.33650952271243567, 0.3695039184549852]",1,-1
11768,[0.20813305 0.33942297],11,15,"[0.188292755006214, 0.3253570325311902]",1,-1
11769,[0.26474614 0.25811567],11,7,"[0.2880919156697789, 0.2889500356712737]",1,-1
11770,[0.28745506 0.37887736],11,0,"[0.2473875480073203, 0.39401489827781994]",1,-1
11771,[0.20502655 0.23253378],11,21,"[0.16948094512787878, 0.2245031809320862]",1,-1
11772,[0.33935464 0.30676795],11,7,"[0.2880919156697789, 0.2889500356712737]",1,-1
11773,[0.21145354 0.41020443],11,0,"[0.2473875480073203, 0.39401489827781994]",1,-1
11774,[0.26882377 0.20413167],11,31,"[0.29817086118518243, 0.1888907481789387]",1,-1
11775,[0.2926591  0.37918389],11,1,"[0.33650952271243567, 0.3695039184549852]",1,-1
11776,[0.18846682 0.36260865],11,15,"[0.188292755006214, 0.3253570325311902]",1,-1
11777,[0.20240011 0.32285925],11,15,"[0.188292755006214, 0.3253570325311902]",1,-1
11778,[0.16630199 0.24605515],11,21,"[0.16948094512787878, 0.2245031809320862]",1,-1
11779,[0.28027196 0.24992508],11,7,"[0.2880919156697789, 0.2889500356712737]",1,-1
11780,[0.31926355 0.27878617],11,7,"[0.2880919156697789, 0.2889500356712737]",1,-1
11781,[0.30217309 0.27824952],11,7,"[0.2880919156697789, 0.2889500356712737]",1,-1
11782,[0.23872478 0.25929876],11,7,"[0.2880919156697789, 0.2889500356712737]",1,-1
11783,[0.23832451 0.34725485],11,0,"[0.2473875480073203, 0.39401489827781994]",1,40
11784,[0.17351333 0.32689618],11,15,"[0.188292755006214, 0.3253570325311902]",1,-1
11785,[0.15738519 0.30015555],11,15,"[0.188292755006214, 0.3253570325311902]",1,-1
11786,[0.17199845 0.40298589],11,-1,-1,1,-1
11787,[0.22191319 0.35224891],11,15,"[0.188292755006214, 0.3253570325311902]",1,-1
11788,[0.25774108 0.2665575 ],11,7,"[0.2880919156697789, 0.2889500356712737]",1,-1
11789,[0.24606875 0.26619371],11,7,"[0.2880919156697789, 0.2889500356712737]",1,-1
11790,[0.23856676 0.22506509],11,16,"[0.22214342499776796, 0.1812277944104208]",1,-1
11791,[0.177779   0.26688526],11,21,"[0.16948094512787878, 0.2245031809320862]",1,-1
11792,[0.20781855 0.28976545],11,15,"[0.188292755006214, 0.3253570325311902]",1,-1
11793,[0.18759209 0.27811226],11,15,"[0.188292755006214, 0.3253570325311902]",1,-1
11794,[0.22893735 0.30596013],11,15,"[0.188292755006214, 0.3253570325311902]",1,-1
11795,[0.2480416  0.28693107],11,7,"[0.2880919156697789, 0.2889500356712737]",1,25
11796,[0.22535213 0.31429372],11,15,"[0.188292755006214, 0.3253570325311902]",1,-1
11797,[0.38868838 0.32927932],11,4,"[0.3937233168939997, 0.29890402186269427]",1,71
11798,[0.22311457 0.41599174],11,0,"[0.2473875480073203, 0.39401489827781994]",1,-1
11799,[0.19710321 0.22656794],11,21,"[0.16948094512787878, 0.2245031809320862]",1,-1
11800,[0.23030186 0.34609376],11,15,"[0.188292755006214, 0.3253570325311902]",1,40
11801,[0.28404429 0.33706017],11,7,"[0.2880919156697789, 0.2889500356712737]",1,27
11802,[0.14786432 0.27011757],11,21,"[0.16948094512787878, 0.2245031809320862]",1,-1
11803,[0.1875036 0.2735061],11,15,"[0.188292755006214, 0.3253570325311902]",1,-1
11804,[0.21145888 0.2515779 ],11,21,"[0.16948094512787878, 0.2245031809320862]",1,-1
11805,[0.2828794  0.28117667],11,7,"[0.2880919156697789, 0.2889500356712737]",1,-1
11806,[0.27309484 0.33314683],11,7,"[0.2880919156697789, 0.2889500356712737]",1,27
11807,[0.27389028 0.33695692],11,7,"[0.2880919156697789, 0.2889500356712737]",1,27
11808,[0.31743818 0.24193042],11,7,"[0.2880919156697789, 0.2889500356712737]",1,-1
11809,[0.20992368 0.35746174],11,15,"[0.188292755006214, 0.3253570325311902]",1,-1
11810,[0.17230899 0.27825819],11,15,"[0.188292755006214, 0.3253570325311902]",1,-1
11811,[0.24702794 0.36433525],11,0,"[0.2473875480073203, 0.39401489827781994]",1,-1
11812,[0.23158805 0.24299653],11,16,"[0.22214342499776796, 0.1812277944104208]",1,-1
11813,[0.19653281 0.33048846],11,15,"[0.188292755006214, 0.3253570325311902]",1,-1
11814,[0.16324831 0.36107328],11,15,"[0.188292755006214, 0.3253570325311902]",1,-1
11815,[0.17374178 0.27739692],11,15,"[0.188292755006214, 0.3253570325311902]",1,-1
11816,[0.24792937 0.33396316],11,0,"[0.2473875480073203, 0.39401489827781994]",1,-1
11817,[0.28323572 0.28167412],11,7,"[0.2880919156697789, 0.2889500356712737]",1,-1
11818,[0.23876064 0.29785496],11,7,"[0.2880919156697789, 0.2889500356712737]",1,-1
11819,[0.18987318 0.35118924],11,15,"[0.188292755006214, 0.3253570325311902]",1,-1
11820,[0.26417243 0.33958233],11,7,"[0.2880919156697789, 0.2889500356712737]",1,-1
11821,[0.0784497  0.19605935],11,-1,-1,-1,-1
11822,[0.23945061 0.27035507],11,7,"[0.2880919156697789, 0.2889500356712737]",1,-1
11823,[0.22305392 0.30856122],11,15,"[0.188292755006214, 0.3253570325311902]",1,-1
11824,[0.4011315  0.31439718],11,4,"[0.3937233168939997, 0.29890402186269427]",1,-1
11825,[0.2164388  0.33227851],11,15,"[0.188292755006214, 0.3253570325311902]",1,-1
11826,[0.2648216  0.25833859],11,7,"[0.2880919156697789, 0.2889500356712737]",1,-1
11827,[0.27169943 0.26151853],11,7,"[0.2880919156697789, 0.2889500356712737]",1,-1
11828,[0.19125078 0.33382759],11,15,"[0.188292755006214, 0.3253570325311902]",1,-1
11829,[0.18955499 0.31382727],11,15,"[0.188292755006214, 0.3253570325311902]",1,-1
11830,[0.15350473 0.24764184],11,21,"[0.16948094512787878, 0.2245031809320862]",1,-1
11831,[0.14118759 0.37533979],11,15,"[0.188292755006214, 0.3253570325311902]",1,-1
11832,[0.24103915 0.24347141],11,16,"[0.22214342499776796, 0.1812277944104208]",1,-1
11833,[0.15026924 0.32043698],11,15,"[0.188292755006214, 0.3253570325311902]",1,-1
11834,[0.20833166 0.3145918 ],11,15,"[0.188292755006214, 0.3253570325311902]",1,-1
11835,[0.2688834  0.33221172],11,7,"[0.2880919156697789, 0.2889500356712737]",1,27
11836,[0.25911694 0.28905957],11,7,"[0.2880919156697789, 0.2889500356712737]",1,25
11837,[0.26736535 0.27404789],11,7,"[0.2880919156697789, 0.2889500356712737]",1,-1
11838,[0.3179213  0.21285901],11,31,"[0.29817086118518243, 0.1888907481789387]",1,-1
11839,[0.27457913 0.25141269],11,7,"[0.2880919156697789, 0.2889500356712737]",1,28
11840,[0.22034486 0.37834977],11,0,"[0.2473875480073203, 0.39401489827781994]",1,35
11841,[0.17111914 0.31222461],11,15,"[0.188292755006214, 0.3253570325311902]",1,-1
11842,[0.19507788 0.29062351],11,15,"[0.188292755006214, 0.3253570325311902]",1,-1
11843,[0.30247497 0.2867797 ],11,7,"[0.2880919156697789, 0.2889500356712737]",1,-1
11844,[0.21194525 0.24417281],11,21,"[0.16948094512787878, 0.2245031809320862]",1,-1
11845,[0.21911325 0.33386528],11,15,"[0.188292755006214, 0.3253570325311902]",1,-1
11846,[0.11219046 0.33754337],11,-1,-1,1,-1
11847,[0.24936076 0.30017479],11,7,"[0.2880919156697789, 0.2889500356712737]",1,-1
11848,[0.0724264  0.39638554],11,-1,-1,1,-1
11849,[0.24894021 0.45049792],11,17,"[0.19949257984775934, 0.47737458183782433]",1,24
11850,[0.22813633 0.36953989],11,0,"[0.2473875480073203, 0.39401489827781994]",1,-1
11851,[0.19261488 0.32991418],11,15,"[0.188292755006214, 0.3253570325311902]",1,-1
11852,[0.21653815 0.37512605],11,0,"[0.2473875480073203, 0.39401489827781994]",1,-1
11853,[0.18853376 0.36592616],11,15,"[0.188292755006214, 0.3253570325311902]",1,-1
11854,[0.17319781 0.34351186],11,15,"[0.188292755006214, 0.3253570325311902]",1,-1
11855,[0.20654229 0.26692088],11,21,"[0.16948094512787878, 0.2245031809320862]",1,32
11856,[0.19708075 0.27684553],11,15,"[0.188292755006214, 0.3253570325311902]",1,-1
11857,[0.26111535 0.30497248],11,7,"[0.2880919156697789, 0.2889500356712737]",1,-1
11858,[0.25415939 0.36236867],11,0,"[0.2473875480073203, 0.39401489827781994]",1,-1
11859,[0.2653436 0.2770054],11,7,"[0.2880919156697789, 0.2889500356712737]",1,-1
11860,[0.19137709 0.25617543],11,21,"[0.16948094512787878, 0.2245031809320862]",1,-1
11861,[0.26808539 0.31012965],11,7,"[0.2880919156697789, 0.2889500356712737]",1,-1
11862,[0.22090395 0.24743961],11,21,"[0.16948094512787878, 0.2245031809320862]",1,31
11863,[0.19919286 0.36059989],11,15,"[0.188292755006214, 0.3253570325311902]",1,-1
11864,[0.15913237 0.4228795 ],11,17,"[0.19949257984775934, 0.47737458183782433]",1,-1
11865,[0.17996994 0.31069355],11,15,"[0.188292755006214, 0.3253570325311902]",1,-1
11866,[0.33342506 0.29749043],11,7,"[0.2880919156697789, 0.2889500356712737]",1,-1
11867,[0.26803286 0.25013261],11,7,"[0.2880919156697789, 0.2889500356712737]",1,28
11868,[0.16734705 0.32410795],11,15,"[0.188292755006214, 0.3253570325311902]",1,-1
11869,[0.19654342 0.26998224],11,21,"[0.16948094512787878, 0.2245031809320862]",1,-1
11870,[0.22121095 0.31322446],11,15,"[0.188292755006214, 0.3253570325311902]",1,-1
11871,[0.27831616 0.3364824 ],11,7,"[0.2880919156697789, 0.2889500356712737]",1,27
11872,[0.27616116 0.24546228],11,7,"[0.2880919156697789, 0.2889500356712737]",1,-1
11873,[0.2182599 0.3124286],11,15,"[0.188292755006214, 0.3253570325311902]",1,-1
11874,[0.14926079 0.25795116],11,21,"[0.16948094512787878, 0.2245031809320862]",1,-1
11875,[0.20898163 0.26682874],11,21,"[0.16948094512787878, 0.2245031809320862]",1,32
11876,[0.20754489 0.31973567],11,15,"[0.188292755006214, 0.3253570325311902]",1,-1
11877,[0.22612379 0.36863841],11,0,"[0.2473875480073203, 0.39401489827781994]",1,-1
11878,[0.26522258 0.40376721],11,0,"[0.2473875480073203, 0.39401489827781994]",1,-1
11879,[0.20195575 0.31960886],11,15,"[0.188292755006214, 0.3253570325311902]",1,-1
11880,[0.19921782 0.24800119],11,21,"[0.16948094512787878, 0.2245031809320862]",1,-1
11881,[0.19287673 0.36201724],11,15,"[0.188292755006214, 0.3253570325311902]",1,-1
11882,[0.29526951 0.23660632],11,31,"[0.29817086118518243, 0.1888907481789387]",1,-1
11883,[0.19312223 0.28122487],11,15,"[0.188292755006214, 0.3253570325311902]",1,-1
11884,[0.21110983 0.30409999],11,15,"[0.188292755006214, 0.3253570325311902]",1,-1
11885,[0.19597466 0.32707606],11,15,"[0.188292755006214, 0.3253570325311902]",1,-1
11886,[0.21035361 0.28659171],11,15,"[0.188292755006214, 0.3253570325311902]",1,-1
11887,[0.26254688 0.25135854],11,7,"[0.2880919156697789, 0.2889500356712737]",1,-1
11888,[0.12656657 0.3150643 ],11,15,"[0.188292755006214, 0.3253570325311902]",1,-1
11889,[0.20909572 0.26534822],11,21,"[0.16948094512787878, 0.2245031809320862]",1,32
11890,[0.17542841 0.28678872],11,15,"[0.188292755006214, 0.3253570325311902]",1,-1
11891,[0.19422336 0.26216804],11,21,"[0.16948094512787878, 0.2245031809320862]",1,-1
11892,[0.14376892 0.2456562 ],11,21,"[0.16948094512787878, 0.2245031809320862]",1,-1
11893,[0.27864067 0.37827868],11,0,"[0.2473875480073203, 0.39401489827781994]",1,-1
11894,[0.22242564 0.3024859 ],11,15,"[0.188292755006214, 0.3253570325311902]",1,-1
11895,[0.20839646 0.30125256],11,15,"[0.188292755006214, 0.3253570325311902]",1,-1
11896,[0.20402233 0.37507406],11,0,"[0.2473875480073203, 0.39401489827781994]",1,-1
11897,[0.22269315 0.37937897],11,0,"[0.2473875480073203, 0.39401489827781994]",1,35
11898,[0.20315185 0.26657436],11,21,"[0.16948094512787878, 0.2245031809320862]",1,32
11899,[0.11981251 0.30965726],11,-1,-1,1,-1
11900,[0.20517053 0.35130779],11,15,"[0.188292755006214, 0.3253570325311902]",1,-1
11901,[0.16249813 0.22896351],11,21,"[0.16948094512787878, 0.2245031809320862]",1,-1
11902,[0.30488813 0.35001009],11,1,"[0.33650952271243567, 0.3695039184549852]",1,-1
11903,[0.18926229 0.37353627],11,15,"[0.188292755006214, 0.3253570325311902]",1,-1
11904,[0.25473447 0.31607613],11,7,"[0.2880919156697789, 0.2889500356712737]",1,-1
11905,[0.17738863 0.2621129 ],11,21,"[0.16948094512787878, 0.2245031809320862]",1,-1
11906,[0.26910529 0.25800072],11,7,"[0.2880919156697789, 0.2889500356712737]",1,28
11907,[0.19569358 0.26930107],11,21,"[0.16948094512787878, 0.2245031809320862]",1,-1
11908,[0.2331173  0.40554812],11,0,"[0.2473875480073203, 0.39401489827781994]",1,-1
11909,[0.22764298 0.32759116],11,15,"[0.188292755006214, 0.3253570325311902]",1,-1
11910,[0.27937684 0.349443  ],11,0,"[0.2473875480073203, 0.39401489827781994]",1,-1
11911,[0.25517674 0.2966869 ],11,7,"[0.2880919156697789, 0.2889500356712737]",1,25
11912,[0.14358476 0.33329981],11,15,"[0.188292755006214, 0.3253570325311902]",1,-1
11913,[0.23948371 0.33997554],11,15,"[0.188292755006214, 0.3253570325311902]",1,40
11914,[0.1368148  0.19764936],11,21,"[0.16948094512787878, 0.2245031809320862]",1,-1
11915,[0.180571   0.34603769],11,15,"[0.188292755006214, 0.3253570325311902]",1,-1
11916,[0.23847165 0.34222234],11,0,"[0.2473875480073203, 0.39401489827781994]",1,40
11917,[0.31038002 0.35375073],11,1,"[0.33650952271243567, 0.3695039184549852]",1,-1
11918,[0.25597652 0.29163047],11,7,"[0.2880919156697789, 0.2889500356712737]",1,25
11919,[0.19615292 0.33102205],11,15,"[0.188292755006214, 0.3253570325311902]",1,-1
11920,[0.25121439 0.29330869],11,7,"[0.2880919156697789, 0.2889500356712737]",1,25
11921,[0.29780001 0.30396221],11,7,"[0.2880919156697789, 0.2889500356712737]",1,-1
11922,[0.23154728 0.31448941],11,15,"[0.188292755006214, 0.3253570325311902]",1,-1
11923,[0.22983824 0.28047323],11,7,"[0.2880919156697789, 0.2889500356712737]",1,-1
11924,[0.20269121 0.26175107],11,21,"[0.16948094512787878, 0.2245031809320862]",1,32
11925,[0.24286928 0.37218653],11,0,"[0.2473875480073203, 0.39401489827781994]",1,-1
11926,[0.22166123 0.31225056],11,15,"[0.188292755006214, 0.3253570325311902]",1,-1
11927,[0.19512003 0.28587541],11,15,"[0.188292755006214, 0.3253570325311902]",1,-1
11928,[0.2004362  0.23627614],11,21,"[0.16948094512787878, 0.2245031809320862]",1,31
11929,[0.25058421 0.25379063],11,7,"[0.2880919156697789, 0.2889500356712737]",1,-1
11930,[0.21313287 0.30398834],11,15,"[0.188292755006214, 0.3253570325311902]",1,-1
11931,[0.18323709 0.36878352],11,15,"[0.188292755006214, 0.3253570325311902]",1,-1
11932,[0.26568241 0.33045851],11,7,"[0.2880919156697789, 0.2889500356712737]",1,-1
11933,[0.1963713  0.30211469],11,15,"[0.188292755006214, 0.3253570325311902]",1,-1
11934,[0.12521682 0.32895156],11,15,"[0.188292755006214, 0.3253570325311902]",1,-1
11935,[0.21616986 0.34702086],11,15,"[0.188292755006214, 0.3253570325311902]",1,-1
11936,[0.18438834 0.25471877],11,21,"[0.16948094512787878, 0.2245031809320862]",1,-1
11937,[0.25141372 0.30839285],11,7,"[0.2880919156697789, 0.2889500356712737]",1,-1
11938,[0.20312766 0.25202912],11,21,"[0.16948094512787878, 0.2245031809320862]",1,-1
11939,[0.21582717 0.18946446],11,16,"[0.22214342499776796, 0.1812277944104208]",1,-1
11940,[0.20191071 0.29634163],11,15,"[0.188292755006214, 0.3253570325311902]",1,-1
11941,[0.20147591 0.35622202],11,15,"[0.188292755006214, 0.3253570325311902]",1,-1
11942,[0.20059235 0.23048387],11,21,"[0.16948094512787878, 0.2245031809320862]",1,-1
11943,[0.28536158 0.31175161],11,7,"[0.2880919156697789, 0.2889500356712737]",1,-1
11944,[0.25194016 0.34399356],11,0,"[0.2473875480073203, 0.39401489827781994]",1,-1
11945,[0.19293731 0.3503724 ],11,15,"[0.188292755006214, 0.3253570325311902]",1,-1
11946,[0.26551622 0.29455384],11,7,"[0.2880919156697789, 0.2889500356712737]",1,-1
11947,[0.22359042 0.2690454 ],11,15,"[0.188292755006214, 0.3253570325311902]",1,-1
11948,[0.22690842 0.25617498],11,21,"[0.16948094512787878, 0.2245031809320862]",1,31
11949,[0.1886362  0.38298781],11,15,"[0.188292755006214, 0.3253570325311902]",1,-1
11950,[0.22358246 0.28889021],11,15,"[0.188292755006214, 0.3253570325311902]",1,-1
11951,[0.19883973 0.22558915],11,21,"[0.16948094512787878, 0.2245031809320862]",1,-1
11952,[0.24875268 0.33195553],11,7,"[0.2880919156697789, 0.2889500356712737]",1,-1
11953,[0.21908693 0.28043723],11,15,"[0.188292755006214, 0.3253570325311902]",1,-1
11954,[0.30493591 0.31386096],11,7,"[0.2880919156697789, 0.2889500356712737]",1,-1
11955,[0.1898984  0.31931539],11,15,"[0.188292755006214, 0.3253570325311902]",1,-1
11956,[0.18092021 0.34491825],11,15,"[0.188292755006214, 0.3253570325311902]",1,-1
11957,[0.22118562 0.24700453],11,21,"[0.16948094512787878, 0.2245031809320862]",1,31
11958,[0.21584187 0.32868935],11,15,"[0.188292755006214, 0.3253570325311902]",1,-1
11959,[0.33725276 0.23731347],11,31,"[0.29817086118518243, 0.1888907481789387]",1,-1
11960,[0.26812993 0.30887105],11,7,"[0.2880919156697789, 0.2889500356712737]",1,-1
11961,[0.19305384 0.27214944],11,21,"[0.16948094512787878, 0.2245031809320862]",1,-1
11962,[0.22975725 0.30864837],11,15,"[0.188292755006214, 0.3253570325311902]",1,-1
11963,[0.22886565 0.31738562],11,15,"[0.188292755006214, 0.3253570325311902]",1,-1
11964,[0.14852447 0.35806786],11,15,"[0.188292755006214, 0.3253570325311902]",1,-1
11965,[0.22640513 0.27252499],11,7,"[0.2880919156697789, 0.2889500356712737]",1,-1
11966,[0.29342125 0.3125199 ],11,7,"[0.2880919156697789, 0.2889500356712737]",1,-1
11967,[0.21108746 0.34381165],11,15,"[0.188292755006214, 0.3253570325311902]",1,-1
11968,[0.24558852 0.31458719],11,7,"[0.2880919156697789, 0.2889500356712737]",1,-1
11969,[0.16069126 0.33242339],11,15,"[0.188292755006214, 0.3253570325311902]",1,-1
11970,[0.21485796 0.3852036 ],11,0,"[0.2473875480073203, 0.39401489827781994]",1,-1
11971,[0.18932803 0.39847786],11,0,"[0.2473875480073203, 0.39401489827781994]",1,-1
11972,[0.26566731 0.2697828 ],11,7,"[0.2880919156697789, 0.2889500356712737]",1,-1
11973,[0.15219611 0.27898106],11,21,"[0.16948094512787878, 0.2245031809320862]",1,-1
11974,[0.24301311 0.25903104],11,7,"[0.2880919156697789, 0.2889500356712737]",1,-1
11975,[0.21001912 0.29866536],11,15,"[0.188292755006214, 0.3253570325311902]",1,-1
11976,[0.28522537 0.26961734],11,7,"[0.2880919156697789, 0.2889500356712737]",1,-1
11977,[0.24716678 0.25364487],11,7,"[0.2880919156697789, 0.2889500356712737]",1,-1
11978,[0.22909659 0.30463007],11,15,"[0.188292755006214, 0.3253570325311902]",1,-1
11979,[0.16635443 0.28808391],11,15,"[0.188292755006214, 0.3253570325311902]",1,-1
11980,[0.17062564 0.34475809],11,15,"[0.188292755006214, 0.3253570325311902]",1,-1
11981,[0.15459027 0.38468292],11,15,"[0.188292755006214, 0.3253570325311902]",1,-1
11982,[0.27776527 0.42017101],11,0,"[0.2473875480073203, 0.39401489827781994]",1,53
11983,[0.18449895 0.3157968 ],11,15,"[0.188292755006214, 0.3253570325311902]",1,-1
11984,[0.22479615 0.30662263],11,15,"[0.188292755006214, 0.3253570325311902]",1,-1
11985,[0.25707623 0.35489018],11,0,"[0.2473875480073203, 0.39401489827781994]",1,-1
11986,[0.22735365 0.37837259],11,0,"[0.2473875480073203, 0.39401489827781994]",1,-1
11987,[0.24731977 0.34301023],11,0,"[0.2473875480073203, 0.39401489827781994]",1,-1
11988,[0.16462113 0.36501059],11,15,"[0.188292755006214, 0.3253570325311902]",1,-1
11989,[0.15424878 0.33526839],11,15,"[0.188292755006214, 0.3253570325311902]",1,-1
11990,[0.22832825 0.22087637],11,16,"[0.22214342499776796, 0.1812277944104208]",1,31
11991,[0.2381295  0.32790674],11,15,"[0.188292755006214, 0.3253570325311902]",1,-1
11992,[0.15963828 0.24092742],11,21,"[0.16948094512787878, 0.2245031809320862]",1,-1
11993,[0.22833281 0.24172362],11,16,"[0.22214342499776796, 0.1812277944104208]",1,31
11994,[0.21251118 0.28855976],11,15,"[0.188292755006214, 0.3253570325311902]",1,-1
11995,[0.27334604 0.32949281],11,7,"[0.2880919156697789, 0.2889500356712737]",1,27
11996,[0.1689147  0.23472348],11,21,"[0.16948094512787878, 0.2245031809320862]",1,-1
11997,[0.29478941 0.26865108],11,7,"[0.2880919156697789, 0.2889500356712737]",1,-1
11998,[0.24629895 0.32104691],11,7,"[0.2880919156697789, 0.2889500356712737]",1,-1
11999,[0.23120321 0.22477135],11,16,"[0.22214342499776796, 0.1812277944104208]",1,31
12000,[0.53193295 0.48654798],12,35,"[0.491626887866141, 0.45015531396212327]",1,-1
12001,[0.54860456 0.62894868],12,9,"[0.5945682323783136, 0.6193254997600653]",1,-1
12002,[0.59512614 0.60267873],12,9,"[0.5945682323783136, 0.6193254997600653]",1,-1
12003,[0.54330506 0.56293218],12,2,"[0.5181425386759565, 0.548951681512668]",1,-1
12004,[0.5124445  0.52732019],12,2,"[0.5181425386759565, 0.548951681512668]",1,-1
12005,[0.51778481 0.64325481],12,5,"[0.47989515498241786, 0.6212764114798471]",1,-1
12006,[0.47264916 0.58946168],12,5,"[0.47989515498241786, 0.6212764114798471]",1,70
12007,[0.42576072 0.54540186],12,18,"[0.4203234088660354, 0.508036417947434]",1,-1
12008,[0.49847525 0.50671727],12,2,"[0.5181425386759565, 0.548951681512668]",1,-1
12009,[0.48120215 0.60741737],12,5,"[0.47989515498241786, 0.6212764114798471]",1,-1
12010,[0.51894185 0.58582149],12,2,"[0.5181425386759565, 0.548951681512668]",1,-1
12011,[0.52011864 0.59807205],12,5,"[0.47989515498241786, 0.6212764114798471]",1,-1
12012,[0.50162404 0.74099703],12,-1,-1,1,-1
12013,[0.50709016 0.49199013],12,35,"[0.491626887866141, 0.45015531396212327]",1,-1
12014,[0.57085421 0.52905721],12,10,"[0.6101257152780476, 0.5394800330734051]",1,-1
12015,[0.56447508 0.62448181],12,9,"[0.5945682323783136, 0.6193254997600653]",1,-1
12016,[0.50483388 0.57478459],12,2,"[0.5181425386759565, 0.548951681512668]",1,75
12017,[0.64080355 0.57584048],12,10,"[0.6101257152780476, 0.5394800330734051]",1,-1
12018,[0.58663365 0.52711679],12,10,"[0.6101257152780476, 0.5394800330734051]",1,-1
12019,[0.55023449 0.53347934],12,2,"[0.5181425386759565, 0.548951681512668]",1,-1
12020,[0.56537272 0.59024703],12,9,"[0.5945682323783136, 0.6193254997600653]",1,-1
12021,[0.41210667 0.66171357],12,45,"[0.4377614438459196, 0.655911915550708]",1,-1
12022,[0.4785604  0.59143087],12,5,"[0.47989515498241786, 0.6212764114798471]",1,70
12023,[0.54204608 0.57898596],12,2,"[0.5181425386759565, 0.548951681512668]",1,65
12024,[0.52026837 0.58681633],12,2,"[0.5181425386759565, 0.548951681512668]",1,74
12025,[0.45625836 0.61528934],12,5,"[0.47989515498241786, 0.6212764114798471]",1,60
12026,[0.56977775 0.60422736],12,9,"[0.5945682323783136, 0.6193254997600653]",1,-1
12027,[0.53008899 0.68098107],12,41,"[0.5613949929729852, 0.701115936473092]",1,-1
12028,[0.65884468 0.5980013 ],12,11,"[0.7051682617613192, 0.574171671796882]",1,-1
12029,[0.52993207 0.56791342],12,2,"[0.5181425386759565, 0.548951681512668]",1,65
12030,[0.57995298 0.64112705],12,9,"[0.5945682323783136, 0.6193254997600653]",1,-1
12031,[0.60827194 0.70939674],12,41,"[0.5613949929729852, 0.701115936473092]",1,-1
12032,[0.55225499 0.59101816],12,9,"[0.5945682323783136, 0.6193254997600653]",1,-1
12033,[0.50786913 0.66381425],12,5,"[0.47989515498241786, 0.6212764114798471]",1,-1
12034,[0.49775918 0.58650599],12,5,"[0.47989515498241786, 0.6212764114798471]",1,-1
12035,[0.55238826 0.60451933],12,9,"[0.5945682323783136, 0.6193254997600653]",1,-1
12036,[0.58081831 0.61824057],12,9,"[0.5945682323783136, 0.6193254997600653]",1,-1
12037,[0.53806761 0.60607642],12,9,"[0.5945682323783136, 0.6193254997600653]",1,-1
12038,[0.51255159 0.61628382],12,5,"[0.47989515498241786, 0.6212764114798471]",1,-1
12039,[0.47812104 0.58982655],12,5,"[0.47989515498241786, 0.6212764114798471]",1,-1
12040,[0.61603786 0.53647039],12,10,"[0.6101257152780476, 0.5394800330734051]",1,-1
12041,[0.44658632 0.65050373],12,45,"[0.4377614438459196, 0.655911915550708]",1,-1
12042,[0.61512054 0.57011648],12,10,"[0.6101257152780476, 0.5394800330734051]",1,-1
12043,[0.50314671 0.66265738],12,5,"[0.47989515498241786, 0.6212764114798471]",1,-1
12044,[0.6193874  0.56609123],12,10,"[0.6101257152780476, 0.5394800330734051]",1,-1
12045,[0.5017785  0.61686333],12,5,"[0.47989515498241786, 0.6212764114798471]",1,-1
12046,[0.50495353 0.529629  ],12,2,"[0.5181425386759565, 0.548951681512668]",1,-1
12047,[0.50340981 0.60403701],12,5,"[0.47989515498241786, 0.6212764114798471]",1,-1
12048,[0.61079436 0.60741054],12,9,"[0.5945682323783136, 0.6193254997600653]",1,-1
12049,[0.44872813 0.65465423],12,45,"[0.4377614438459196, 0.655911915550708]",1,-1
12050,[0.52738475 0.56542736],12,2,"[0.5181425386759565, 0.548951681512668]",1,65
12051,[0.46642344 0.56769983],12,2,"[0.5181425386759565, 0.548951681512668]",1,-1
12052,[0.59474078 0.66069491],12,9,"[0.5945682323783136, 0.6193254997600653]",1,-1
12053,[0.50289096 0.56919702],12,2,"[0.5181425386759565, 0.548951681512668]",1,75
12054,[0.52771371 0.59114641],12,2,"[0.5181425386759565, 0.548951681512668]",1,-1
12055,[0.49490186 0.58541546],12,5,"[0.47989515498241786, 0.6212764114798471]",1,70
12056,[0.50316263 0.64911603],12,5,"[0.47989515498241786, 0.6212764114798471]",1,-1
12057,[0.41808629 0.56052116],12,25,"[0.38660465276603295, 0.5871767558758164]",1,-1
12058,[0.56486203 0.57113585],12,2,"[0.5181425386759565, 0.548951681512668]",1,-1
12059,[0.54089989 0.61536729],12,9,"[0.5945682323783136, 0.6193254997600653]",1,-1
12060,[0.55096161 0.65904731],12,41,"[0.5613949929729852, 0.701115936473092]",1,-1
12061,[0.59360767 0.62890659],12,9,"[0.5945682323783136, 0.6193254997600653]",1,-1
12062,[0.55562497 0.71827486],12,41,"[0.5613949929729852, 0.701115936473092]",1,-1
12063,[0.55109701 0.572429  ],12,2,"[0.5181425386759565, 0.548951681512668]",1,-1
12064,[0.49771773 0.62534833],12,5,"[0.47989515498241786, 0.6212764114798471]",1,-1
12065,[0.55597847 0.60095934],12,9,"[0.5945682323783136, 0.6193254997600653]",1,-1
12066,[0.52361224 0.60397568],12,5,"[0.47989515498241786, 0.6212764114798471]",1,-1
12067,[0.39852083 0.61811026],12,25,"[0.38660465276603295, 0.5871767558758164]",1,-1
12068,[0.47662119 0.5626717 ],12,2,"[0.5181425386759565, 0.548951681512668]",1,-1
12069,[0.56574189 0.74611297],12,41,"[0.5613949929729852, 0.701115936473092]",1,-1
12070,[0.57595813 0.60972226],12,9,"[0.5945682323783136, 0.6193254997600653]",1,-1
12071,[0.51794793 0.57294493],12,2,"[0.5181425386759565, 0.548951681512668]",1,75
12072,[0.53974949 0.51888236],12,2,"[0.5181425386759565, 0.548951681512668]",1,-1
12073,[0.50917604 0.67406588],12,41,"[0.5613949929729852, 0.701115936473092]",1,-1
12074,[0.45131047 0.57606216],12,5,"[0.47989515498241786, 0.6212764114798471]",1,-1
12075,[0.55298838 0.65402693],12,41,"[0.5613949929729852, 0.701115936473092]",1,-1
12076,[0.48271648 0.55144001],12,2,"[0.5181425386759565, 0.548951681512668]",1,-1
12077,[0.53368755 0.66077276],12,41,"[0.5613949929729852, 0.701115936473092]",1,-1
12078,[0.46401034 0.58503439],12,5,"[0.47989515498241786, 0.6212764114798471]",1,-1
12079,[0.58892225 0.6202995 ],12,9,"[0.5945682323783136, 0.6193254997600653]",1,-1
12080,[0.4892394  0.65094826],12,5,"[0.47989515498241786, 0.6212764114798471]",1,36
12081,[0.56223444 0.5636393 ],12,2,"[0.5181425386759565, 0.548951681512668]",1,-1
12082,[0.51667897 0.67634992],12,41,"[0.5613949929729852, 0.701115936473092]",1,-1
12083,[0.52388509 0.56533807],12,2,"[0.5181425386759565, 0.548951681512668]",1,-1
12084,[0.46015065 0.52117193],12,18,"[0.4203234088660354, 0.508036417947434]",1,-1
12085,[0.52515392 0.52912419],12,2,"[0.5181425386759565, 0.548951681512668]",1,-1
12086,[0.54925039 0.62858492],12,9,"[0.5945682323783136, 0.6193254997600653]",1,-1
12087,[0.53125484 0.57911689],12,2,"[0.5181425386759565, 0.548951681512668]",1,-1
12088,[0.54889595 0.6223544 ],12,9,"[0.5945682323783136, 0.6193254997600653]",1,-1
12089,[0.51519406 0.59595371],12,5,"[0.47989515498241786, 0.6212764114798471]",1,-1
12090,[0.56400092 0.59821084],12,9,"[0.5945682323783136, 0.6193254997600653]",1,-1
12091,[0.43160414 0.59417432],12,25,"[0.38660465276603295, 0.5871767558758164]",1,-1
12092,[0.60781932 0.48009593],12,27,"[0.5866068271601823, 0.4386408725933068]",1,-1
12093,[0.5107816  0.74103482],12,41,"[0.5613949929729852, 0.701115936473092]",1,-1
12094,[0.58002659 0.66613826],12,41,"[0.5613949929729852, 0.701115936473092]",1,-1
12095,[0.5739677  0.49465283],12,27,"[0.5866068271601823, 0.4386408725933068]",1,-1
12096,[0.57405615 0.5703624 ],12,10,"[0.6101257152780476, 0.5394800330734051]",1,69
12097,[0.41528996 0.60200705],12,25,"[0.38660465276603295, 0.5871767558758164]",1,-1
12098,[0.56819337 0.73167665],12,41,"[0.5613949929729852, 0.701115936473092]",1,-1
12099,[0.58862556 0.61338955],12,9,"[0.5945682323783136, 0.6193254997600653]",1,-1
12100,[0.55126756 0.49132548],12,27,"[0.5866068271601823, 0.4386408725933068]",1,-1
12101,[0.59075923 0.65178686],12,9,"[0.5945682323783136, 0.6193254997600653]",1,-1
12102,[0.55760992 0.69010828],12,41,"[0.5613949929729852, 0.701115936473092]",1,-1
12103,[0.56898477 0.56828197],12,10,"[0.6101257152780476, 0.5394800330734051]",1,69
12104,[0.539956  0.6368971],12,9,"[0.5945682323783136, 0.6193254997600653]",1,-1
12105,[0.50662299 0.55485418],12,2,"[0.5181425386759565, 0.548951681512668]",1,75
12106,[0.52386324 0.71550971],12,41,"[0.5613949929729852, 0.701115936473092]",1,-1
12107,[0.53215336 0.5691444 ],12,2,"[0.5181425386759565, 0.548951681512668]",1,-1
12108,[0.56085662 0.66705698],12,41,"[0.5613949929729852, 0.701115936473092]",1,-1
12109,[0.5045322  0.61305074],12,5,"[0.47989515498241786, 0.6212764114798471]",1,-1
12110,[0.52127441 0.66709405],12,41,"[0.5613949929729852, 0.701115936473092]",1,-1
12111,[0.54665167 0.58922048],12,2,"[0.5181425386759565, 0.548951681512668]",1,-1
12112,[0.53410118 0.55803888],12,2,"[0.5181425386759565, 0.548951681512668]",1,-1
12113,[0.5399981  0.56831434],12,2,"[0.5181425386759565, 0.548951681512668]",1,65
12114,[0.51923083 0.64134629],12,5,"[0.47989515498241786, 0.6212764114798471]",1,-1
12115,[0.51781053 0.5502971 ],12,2,"[0.5181425386759565, 0.548951681512668]",1,-1
12116,[0.55374582 0.62974375],12,9,"[0.5945682323783136, 0.6193254997600653]",1,-1
12117,[0.5249899  0.63738355],12,5,"[0.47989515498241786, 0.6212764114798471]",1,-1
12118,[0.59966317 0.63560144],12,9,"[0.5945682323783136, 0.6193254997600653]",1,-1
12119,[0.55639692 0.4959317 ],12,27,"[0.5866068271601823, 0.4386408725933068]",1,-1
12120,[0.52044169 0.70437281],12,41,"[0.5613949929729852, 0.701115936473092]",1,-1
12121,[0.38118668 0.64886475],12,19,"[0.3585209611110644, 0.671407469606326]",1,-1
12122,[0.45816241 0.58948504],12,5,"[0.47989515498241786, 0.6212764114798471]",1,-1
12123,[0.57675556 0.67661901],12,41,"[0.5613949929729852, 0.701115936473092]",1,-1
12124,[0.56170843 0.57040662],12,2,"[0.5181425386759565, 0.548951681512668]",1,-1
12125,[0.58335467 0.5134329 ],12,10,"[0.6101257152780476, 0.5394800330734051]",1,-1
12126,[0.42858326 0.61046219],12,45,"[0.4377614438459196, 0.655911915550708]",1,-1
12127,[0.52409123 0.62959435],12,5,"[0.47989515498241786, 0.6212764114798471]",1,-1
12128,[0.5440987  0.60732206],12,9,"[0.5945682323783136, 0.6193254997600653]",1,-1
12129,[0.55360678 0.54356213],12,2,"[0.5181425386759565, 0.548951681512668]",1,-1
12130,[0.49142352 0.60065443],12,5,"[0.47989515498241786, 0.6212764114798471]",1,67
12131,[0.55503603 0.59706297],12,9,"[0.5945682323783136, 0.6193254997600653]",1,-1
12132,[0.56990392 0.63519648],12,9,"[0.5945682323783136, 0.6193254997600653]",1,-1
12133,[0.56836998 0.57673505],12,9,"[0.5945682323783136, 0.6193254997600653]",1,-1
12134,[0.57912935 0.55033097],12,10,"[0.6101257152780476, 0.5394800330734051]",1,-1
12135,[0.50573803 0.67826582],12,41,"[0.5613949929729852, 0.701115936473092]",1,-1
12136,[0.50088658 0.61185643],12,5,"[0.47989515498241786, 0.6212764114798471]",1,-1
12137,[0.59779224 0.67286704],12,41,"[0.5613949929729852, 0.701115936473092]",1,-1
12138,[0.51680252 0.52171247],12,2,"[0.5181425386759565, 0.548951681512668]",1,-1
12139,[0.58175492 0.53276351],12,10,"[0.6101257152780476, 0.5394800330734051]",1,-1
12140,[0.46891029 0.67306926],12,45,"[0.4377614438459196, 0.655911915550708]",1,37
12141,[0.55080426 0.54418507],12,2,"[0.5181425386759565, 0.548951681512668]",1,-1
12142,[0.57944564 0.64534814],12,9,"[0.5945682323783136, 0.6193254997600653]",1,-1
12143,[0.55503747 0.62851755],12,9,"[0.5945682323783136, 0.6193254997600653]",1,-1
12144,[0.52260551 0.6155886 ],12,5,"[0.47989515498241786, 0.6212764114798471]",1,-1
12145,[0.54905584 0.64792411],12,9,"[0.5945682323783136, 0.6193254997600653]",1,-1
12146,[0.57169939 0.60904732],12,9,"[0.5945682323783136, 0.6193254997600653]",1,-1
12147,[0.53185937 0.55426726],12,2,"[0.5181425386759565, 0.548951681512668]",1,65
12148,[0.51433255 0.5289935 ],12,2,"[0.5181425386759565, 0.548951681512668]",1,-1
12149,[0.57956331 0.67499018],12,41,"[0.5613949929729852, 0.701115936473092]",1,-1
12150,[0.47208196 0.54363171],12,2,"[0.5181425386759565, 0.548951681512668]",1,-1
12151,[0.54979351 0.67577857],12,41,"[0.5613949929729852, 0.701115936473092]",1,-1
12152,[0.49616089 0.51569997],12,2,"[0.5181425386759565, 0.548951681512668]",1,-1
12153,[0.56035899 0.72695687],12,41,"[0.5613949929729852, 0.701115936473092]",1,-1
12154,[0.52292841 0.60937857],12,5,"[0.47989515498241786, 0.6212764114798471]",1,-1
12155,[0.49270542 0.52662458],12,2,"[0.5181425386759565, 0.548951681512668]",1,-1
12156,[0.49100992 0.65838311],12,5,"[0.47989515498241786, 0.6212764114798471]",1,36
12157,[0.57415556 0.6645742 ],12,41,"[0.5613949929729852, 0.701115936473092]",1,-1
12158,[0.5859486  0.53892379],12,10,"[0.6101257152780476, 0.5394800330734051]",1,-1
12159,[0.5101793  0.55147555],12,2,"[0.5181425386759565, 0.548951681512668]",1,-1
12160,[0.60928998 0.66055961],12,9,"[0.5945682323783136, 0.6193254997600653]",1,-1
12161,[0.54364066 0.59111871],12,2,"[0.5181425386759565, 0.548951681512668]",1,-1
12162,[0.48249847 0.52101528],12,2,"[0.5181425386759565, 0.548951681512668]",1,-1
12163,[0.57577187 0.47914362],12,27,"[0.5866068271601823, 0.4386408725933068]",1,-1
12164,[0.55722373 0.63243231],12,9,"[0.5945682323783136, 0.6193254997600653]",1,-1
12165,[0.56358533 0.67764307],12,41,"[0.5613949929729852, 0.701115936473092]",1,-1
12166,[0.50328781 0.58828751],12,5,"[0.47989515498241786, 0.6212764114798471]",1,-1
12167,[0.50200377 0.57788725],12,2,"[0.5181425386759565, 0.548951681512668]",1,-1
12168,[0.63507785 0.66045779],12,9,"[0.5945682323783136, 0.6193254997600653]",1,-1
12169,[0.54713063 0.62474719],12,9,"[0.5945682323783136, 0.6193254997600653]",1,-1
12170,[0.59081617 0.56167493],12,10,"[0.6101257152780476, 0.5394800330734051]",1,-1
12171,[0.58897077 0.60525938],12,9,"[0.5945682323783136, 0.6193254997600653]",1,-1
12172,[0.59347848 0.62032626],12,9,"[0.5945682323783136, 0.6193254997600653]",1,-1
12173,[0.5603192  0.66592382],12,41,"[0.5613949929729852, 0.701115936473092]",1,-1
12174,[0.60082528 0.6540331 ],12,9,"[0.5945682323783136, 0.6193254997600653]",1,-1
12175,[0.53997118 0.59928048],12,2,"[0.5181425386759565, 0.548951681512668]",1,66
12176,[0.49703983 0.53102752],12,2,"[0.5181425386759565, 0.548951681512668]",1,-1
12177,[0.58578383 0.59166848],12,9,"[0.5945682323783136, 0.6193254997600653]",1,-1
12178,[0.46146161 0.55829943],12,2,"[0.5181425386759565, 0.548951681512668]",1,-1
12179,[0.50077745 0.64251536],12,5,"[0.47989515498241786, 0.6212764114798471]",1,-1
12180,[0.57924994 0.69137064],12,41,"[0.5613949929729852, 0.701115936473092]",1,-1
12181,[0.52002162 0.6526347 ],12,5,"[0.47989515498241786, 0.6212764114798471]",1,-1
12182,[0.53236311 0.59229452],12,2,"[0.5181425386759565, 0.548951681512668]",1,-1
12183,[0.57381184 0.52268522],12,10,"[0.6101257152780476, 0.5394800330734051]",1,-1
12184,[0.54017552 0.63022087],12,9,"[0.5945682323783136, 0.6193254997600653]",1,-1
12185,[0.55810168 0.68926689],12,41,"[0.5613949929729852, 0.701115936473092]",1,-1
12186,[0.58225196 0.60851213],12,9,"[0.5945682323783136, 0.6193254997600653]",1,-1
12187,[0.54392989 0.5486682 ],12,2,"[0.5181425386759565, 0.548951681512668]",1,-1
12188,[0.60743035 0.51927282],12,10,"[0.6101257152780476, 0.5394800330734051]",1,-1
12189,[0.55151588 0.52875574],12,2,"[0.5181425386759565, 0.548951681512668]",1,-1
12190,[0.50618314 0.72301204],12,41,"[0.5613949929729852, 0.701115936473092]",1,-1
12191,[0.59644368 0.67226099],12,41,"[0.5613949929729852, 0.701115936473092]",1,-1
12192,[0.49702864 0.6178038 ],12,5,"[0.47989515498241786, 0.6212764114798471]",1,67
12193,[0.54227457 0.56791288],12,2,"[0.5181425386759565, 0.548951681512668]",1,65
12194,[0.5213235  0.64993725],12,5,"[0.47989515498241786, 0.6212764114798471]",1,-1
12195,[0.52592052 0.59507761],12,2,"[0.5181425386759565, 0.548951681512668]",1,74
12196,[0.50915207 0.52433468],12,2,"[0.5181425386759565, 0.548951681512668]",1,-1
12197,[0.49531535 0.55684812],12,2,"[0.5181425386759565, 0.548951681512668]",1,-1
12198,[0.54968295 0.59813813],12,9,"[0.5945682323783136, 0.6193254997600653]",1,-1
12199,[0.47989395 0.65957695],12,5,"[0.47989515498241786, 0.6212764114798471]",1,-1
12200,[0.50787388 0.55679237],12,2,"[0.5181425386759565, 0.548951681512668]",1,-1
12201,[0.56550477 0.6153575 ],12,9,"[0.5945682323783136, 0.6193254997600653]",1,-1
12202,[0.54989205 0.61472733],12,9,"[0.5945682323783136, 0.6193254997600653]",1,-1
12203,[0.56188917 0.72705858],12,41,"[0.5613949929729852, 0.701115936473092]",1,-1
12204,[0.52086988 0.68877721],12,41,"[0.5613949929729852, 0.701115936473092]",1,-1
12205,[0.49577064 0.61204597],12,5,"[0.47989515498241786, 0.6212764114798471]",1,-1
12206,[0.54603025 0.62477502],12,9,"[0.5945682323783136, 0.6193254997600653]",1,-1
12207,[0.50976117 0.54567596],12,2,"[0.5181425386759565, 0.548951681512668]",1,-1
12208,[0.53963437 0.67623408],12,41,"[0.5613949929729852, 0.701115936473092]",1,-1
12209,[0.49779067 0.61234312],12,5,"[0.47989515498241786, 0.6212764114798471]",1,67
12210,[0.48275576 0.63368379],12,5,"[0.47989515498241786, 0.6212764114798471]",1,-1
12211,[0.62338466 0.53789035],12,10,"[0.6101257152780476, 0.5394800330734051]",1,-1
12212,[0.51661152 0.65441703],12,5,"[0.47989515498241786, 0.6212764114798471]",1,-1
12213,[0.50583919 0.66662904],12,5,"[0.47989515498241786, 0.6212764114798471]",1,-1
12214,[0.54312013 0.61581211],12,9,"[0.5945682323783136, 0.6193254997600653]",1,-1
12215,[0.5210971  0.62175469],12,5,"[0.47989515498241786, 0.6212764114798471]",1,-1
12216,[0.45202505 0.57889379],12,5,"[0.47989515498241786, 0.6212764114798471]",1,-1
12217,[0.58111955 0.62164823],12,9,"[0.5945682323783136, 0.6193254997600653]",1,-1
12218,[0.5648051  0.52640392],12,10,"[0.6101257152780476, 0.5394800330734051]",1,-1
12219,[0.5294778 0.5903233],12,2,"[0.5181425386759565, 0.548951681512668]",1,-1
12220,[0.49533904 0.51409225],12,2,"[0.5181425386759565, 0.548951681512668]",1,-1
12221,[0.51359882 0.62155691],12,5,"[0.47989515498241786, 0.6212764114798471]",1,-1
12222,[0.49803717 0.57177587],12,2,"[0.5181425386759565, 0.548951681512668]",1,-1
12223,[0.5531117  0.60207612],12,9,"[0.5945682323783136, 0.6193254997600653]",1,-1
12224,[0.53218578 0.64523681],12,5,"[0.47989515498241786, 0.6212764114798471]",1,-1
12225,[0.58919637 0.62026902],12,9,"[0.5945682323783136, 0.6193254997600653]",1,-1
12226,[0.58230078 0.64693688],12,9,"[0.5945682323783136, 0.6193254997600653]",1,-1
12227,[0.40895708 0.56456274],12,25,"[0.38660465276603295, 0.5871767558758164]",1,-1
12228,[0.57169916 0.69394068],12,41,"[0.5613949929729852, 0.701115936473092]",1,-1
12229,[0.5792402  0.63179569],12,9,"[0.5945682323783136, 0.6193254997600653]",1,-1
12230,[0.50983851 0.59587462],12,5,"[0.47989515498241786, 0.6212764114798471]",1,-1
12231,[0.59682681 0.64202545],12,9,"[0.5945682323783136, 0.6193254997600653]",1,-1
12232,[0.56689031 0.68881137],12,41,"[0.5613949929729852, 0.701115936473092]",1,-1
12233,[0.55349349 0.67504291],12,41,"[0.5613949929729852, 0.701115936473092]",1,-1
12234,[0.44669724 0.58618691],12,5,"[0.47989515498241786, 0.6212764114798471]",1,-1
12235,[0.55528688 0.6437431 ],12,9,"[0.5945682323783136, 0.6193254997600653]",1,-1
12236,[0.59836894 0.56605683],12,10,"[0.6101257152780476, 0.5394800330734051]",1,-1
12237,[0.54704975 0.53874664],12,2,"[0.5181425386759565, 0.548951681512668]",1,-1
12238,[0.56591978 0.6468406 ],12,9,"[0.5945682323783136, 0.6193254997600653]",1,-1
12239,[0.53901917 0.5456092 ],12,2,"[0.5181425386759565, 0.548951681512668]",1,-1
12240,[0.58551167 0.68506821],12,41,"[0.5613949929729852, 0.701115936473092]",1,-1
12241,[0.48532983 0.63997944],12,5,"[0.47989515498241786, 0.6212764114798471]",1,-1
12242,[0.59890226 0.64573229],12,9,"[0.5945682323783136, 0.6193254997600653]",1,-1
12243,[0.58620893 0.62220615],12,9,"[0.5945682323783136, 0.6193254997600653]",1,-1
12244,[0.50028052 0.56738289],12,2,"[0.5181425386759565, 0.548951681512668]",1,75
12245,[0.49525871 0.63676282],12,5,"[0.47989515498241786, 0.6212764114798471]",1,-1
12246,[0.45195398 0.59505158],12,5,"[0.47989515498241786, 0.6212764114798471]",1,-1
12247,[0.427733   0.60665548],12,25,"[0.38660465276603295, 0.5871767558758164]",1,-1
12248,[0.58205384 0.59506412],12,9,"[0.5945682323783136, 0.6193254997600653]",1,-1
12249,[0.49028834 0.63969739],12,5,"[0.47989515498241786, 0.6212764114798471]",1,-1
12250,[0.59099343 0.69203792],12,41,"[0.5613949929729852, 0.701115936473092]",1,-1
12251,[0.55545215 0.66075436],12,41,"[0.5613949929729852, 0.701115936473092]",1,-1
12252,[0.51966082 0.65438434],12,5,"[0.47989515498241786, 0.6212764114798471]",1,-1
12253,[0.58139001 0.7370683 ],12,41,"[0.5613949929729852, 0.701115936473092]",1,-1
12254,[0.53003372 0.65363623],12,41,"[0.5613949929729852, 0.701115936473092]",1,-1
12255,[0.5912047  0.65405486],12,9,"[0.5945682323783136, 0.6193254997600653]",1,-1
12256,[0.55030201 0.56499067],12,2,"[0.5181425386759565, 0.548951681512668]",1,-1
12257,[0.52981178 0.58570005],12,2,"[0.5181425386759565, 0.548951681512668]",1,-1
12258,[0.50440215 0.69247012],12,41,"[0.5613949929729852, 0.701115936473092]",1,-1
12259,[0.45747037 0.62473795],12,5,"[0.47989515498241786, 0.6212764114798471]",1,60
12260,[0.47878736 0.66885904],12,45,"[0.4377614438459196, 0.655911915550708]",1,-1
12261,[0.60286904 0.61803191],12,9,"[0.5945682323783136, 0.6193254997600653]",1,-1
12262,[0.63765045 0.62176984],12,9,"[0.5945682323783136, 0.6193254997600653]",1,-1
12263,[0.48930161 0.60986743],12,5,"[0.47989515498241786, 0.6212764114798471]",1,-1
12264,[0.50236356 0.71776061],12,41,"[0.5613949929729852, 0.701115936473092]",1,-1
12265,[0.50492924 0.64162813],12,5,"[0.47989515498241786, 0.6212764114798471]",1,-1
12266,[0.60221592 0.61061079],12,9,"[0.5945682323783136, 0.6193254997600653]",1,-1
12267,[0.52581394 0.64271937],12,5,"[0.47989515498241786, 0.6212764114798471]",1,-1
12268,[0.52556119 0.59284386],12,2,"[0.5181425386759565, 0.548951681512668]",1,-1
12269,[0.46226165 0.60206929],12,5,"[0.47989515498241786, 0.6212764114798471]",1,-1
12270,[0.50615233 0.62450688],12,5,"[0.47989515498241786, 0.6212764114798471]",1,-1
12271,[0.49477447 0.55434006],12,2,"[0.5181425386759565, 0.548951681512668]",1,-1
12272,[0.51571075 0.60177491],12,5,"[0.47989515498241786, 0.6212764114798471]",1,-1
12273,[0.55973078 0.63248924],12,9,"[0.5945682323783136, 0.6193254997600653]",1,-1
12274,[0.52571662 0.6790883 ],12,41,"[0.5613949929729852, 0.701115936473092]",1,-1
12275,[0.47857099 0.60211627],12,5,"[0.47989515498241786, 0.6212764114798471]",1,-1
12276,[0.53665381 0.63511097],12,5,"[0.47989515498241786, 0.6212764114798471]",1,-1
12277,[0.53147215 0.64126961],12,5,"[0.47989515498241786, 0.6212764114798471]",1,-1
12278,[0.52085993 0.55084415],12,2,"[0.5181425386759565, 0.548951681512668]",1,65
12279,[0.52195548 0.59995696],12,5,"[0.47989515498241786, 0.6212764114798471]",1,-1
12280,[0.49380557 0.59929677],12,5,"[0.47989515498241786, 0.6212764114798471]",1,67
12281,[0.57329757 0.62487802],12,9,"[0.5945682323783136, 0.6193254997600653]",1,-1
12282,[0.5306957  0.54122659],12,2,"[0.5181425386759565, 0.548951681512668]",1,-1
12283,[0.60907249 0.58744877],12,9,"[0.5945682323783136, 0.6193254997600653]",1,63
12284,[0.5578975  0.67134742],12,41,"[0.5613949929729852, 0.701115936473092]",1,-1
12285,[0.48280999 0.67832313],12,45,"[0.4377614438459196, 0.655911915550708]",1,-1
12286,[0.55380237 0.59485371],12,9,"[0.5945682323783136, 0.6193254997600653]",1,-1
12287,[0.48568426 0.70676668],12,47,"[0.4308417820697566, 0.7426361553548808]",1,-1
12288,[0.55646393 0.66173574],12,41,"[0.5613949929729852, 0.701115936473092]",1,-1
12289,[0.53109042 0.54174085],12,2,"[0.5181425386759565, 0.548951681512668]",1,-1
12290,[0.4331955  0.67763078],12,45,"[0.4377614438459196, 0.655911915550708]",1,-1
12291,[0.49333548 0.59664452],12,5,"[0.47989515498241786, 0.6212764114798471]",1,-1
12292,[0.48013951 0.61613635],12,5,"[0.47989515498241786, 0.6212764114798471]",1,-1
12293,[0.49211588 0.59793962],12,5,"[0.47989515498241786, 0.6212764114798471]",1,-1
12294,[0.49151306 0.58994821],12,5,"[0.47989515498241786, 0.6212764114798471]",1,70
12295,[0.4946486 0.5907887],12,5,"[0.47989515498241786, 0.6212764114798471]",1,-1
12296,[0.65304665 0.58939318],12,11,"[0.7051682617613192, 0.574171671796882]",1,-1
12297,[0.47788327 0.62442535],12,5,"[0.47989515498241786, 0.6212764114798471]",1,-1
12298,[0.56144203 0.65521316],12,41,"[0.5613949929729852, 0.701115936473092]",1,-1
12299,[0.56903028 0.7098609 ],12,41,"[0.5613949929729852, 0.701115936473092]",1,-1
12300,[0.61260824 0.64411296],12,9,"[0.5945682323783136, 0.6193254997600653]",1,-1
12301,[0.51624836 0.58982147],12,2,"[0.5181425386759565, 0.548951681512668]",1,74
12302,[0.53289425 0.54065762],12,2,"[0.5181425386759565, 0.548951681512668]",1,-1
12303,[0.53401249 0.57922908],12,2,"[0.5181425386759565, 0.548951681512668]",1,-1
12304,[0.46340676 0.69618097],12,45,"[0.4377614438459196, 0.655911915550708]",1,-1
12305,[0.55831895 0.54735975],12,2,"[0.5181425386759565, 0.548951681512668]",1,-1
12306,[0.58038585 0.59029668],12,9,"[0.5945682323783136, 0.6193254997600653]",1,-1
12307,[0.54182334 0.66236781],12,41,"[0.5613949929729852, 0.701115936473092]",1,-1
12308,[0.60535538 0.56432008],12,10,"[0.6101257152780476, 0.5394800330734051]",1,-1
12309,[0.50178827 0.54103952],12,2,"[0.5181425386759565, 0.548951681512668]",1,-1
12310,[0.53461653 0.63362353],12,5,"[0.47989515498241786, 0.6212764114798471]",1,-1
12311,[0.57319849 0.64614143],12,9,"[0.5945682323783136, 0.6193254997600653]",1,-1
12312,[0.51249931 0.60645549],12,5,"[0.47989515498241786, 0.6212764114798471]",1,-1
12313,[0.60207931 0.56069693],12,10,"[0.6101257152780476, 0.5394800330734051]",1,64
12314,[0.58296417 0.61082876],12,9,"[0.5945682323783136, 0.6193254997600653]",1,-1
12315,[0.51097739 0.55656848],12,2,"[0.5181425386759565, 0.548951681512668]",1,-1
12316,[0.5101309  0.62860026],12,5,"[0.47989515498241786, 0.6212764114798471]",1,-1
12317,[0.48973122 0.6655583 ],12,5,"[0.47989515498241786, 0.6212764114798471]",1,-1
12318,[0.47164947 0.59236008],12,5,"[0.47989515498241786, 0.6212764114798471]",1,-1
12319,[0.46604855 0.64219288],12,5,"[0.47989515498241786, 0.6212764114798471]",1,-1
12320,[0.38653317 0.51092438],12,18,"[0.4203234088660354, 0.508036417947434]",1,-1
12321,[0.51744592 0.64937887],12,5,"[0.47989515498241786, 0.6212764114798471]",1,-1
12322,[0.5964257  0.67790598],12,41,"[0.5613949929729852, 0.701115936473092]",1,-1
12323,[0.58025156 0.54653538],12,10,"[0.6101257152780476, 0.5394800330734051]",1,-1
12324,[0.4945919  0.60109927],12,5,"[0.47989515498241786, 0.6212764114798471]",1,67
12325,[0.52000053 0.60329226],12,5,"[0.47989515498241786, 0.6212764114798471]",1,-1
12326,[0.60209597 0.70655157],12,41,"[0.5613949929729852, 0.701115936473092]",1,-1
12327,[0.50390519 0.53990224],12,2,"[0.5181425386759565, 0.548951681512668]",1,-1
12328,[0.3846631  0.60803613],12,25,"[0.38660465276603295, 0.5871767558758164]",1,-1
12329,[0.55703181 0.65479407],12,41,"[0.5613949929729852, 0.701115936473092]",1,-1
12330,[0.51951747 0.61760125],12,5,"[0.47989515498241786, 0.6212764114798471]",1,-1
12331,[0.44836992 0.64243275],12,45,"[0.4377614438459196, 0.655911915550708]",1,60
12332,[0.51489657 0.5642919 ],12,2,"[0.5181425386759565, 0.548951681512668]",1,-1
12333,[0.45111846 0.63782354],12,45,"[0.4377614438459196, 0.655911915550708]",1,60
12334,[0.52974298 0.61750932],12,5,"[0.47989515498241786, 0.6212764114798471]",1,-1
12335,[0.51125752 0.60984333],12,5,"[0.47989515498241786, 0.6212764114798471]",1,-1
12336,[0.62372396 0.56948769],12,10,"[0.6101257152780476, 0.5394800330734051]",1,-1
12337,[0.57595633 0.57827341],12,9,"[0.5945682323783136, 0.6193254997600653]",1,69
12338,[0.54538811 0.67955291],12,41,"[0.5613949929729852, 0.701115936473092]",1,-1
12339,[0.52416554 0.58048789],12,2,"[0.5181425386759565, 0.548951681512668]",1,-1
12340,[0.57295971 0.60317368],12,9,"[0.5945682323783136, 0.6193254997600653]",1,-1
12341,[0.43971435 0.65914222],12,45,"[0.4377614438459196, 0.655911915550708]",1,-1
12342,[0.55953974 0.64513721],12,9,"[0.5945682323783136, 0.6193254997600653]",1,-1
12343,[0.56291815 0.6281692 ],12,9,"[0.5945682323783136, 0.6193254997600653]",1,-1
12344,[0.43428475 0.57004304],12,25,"[0.38660465276603295, 0.5871767558758164]",1,-1
12345,[0.47389993 0.69307377],12,45,"[0.4377614438459196, 0.655911915550708]",1,-1
12346,[0.47273751 0.57064437],12,2,"[0.5181425386759565, 0.548951681512668]",1,70
12347,[0.54579238 0.63125432],12,9,"[0.5945682323783136, 0.6193254997600653]",1,-1
12348,[0.47548197 0.60058141],12,5,"[0.47989515498241786, 0.6212764114798471]",1,-1
12349,[0.52308538 0.66018056],12,41,"[0.5613949929729852, 0.701115936473092]",1,-1
12350,[0.56664381 0.72266026],12,41,"[0.5613949929729852, 0.701115936473092]",1,-1
12351,[0.57395451 0.63552551],12,9,"[0.5945682323783136, 0.6193254997600653]",1,-1
12352,[0.51971395 0.5707027 ],12,2,"[0.5181425386759565, 0.548951681512668]",1,-1
12353,[0.57931814 0.54694597],12,10,"[0.6101257152780476, 0.5394800330734051]",1,-1
12354,[0.46033898 0.55513469],12,2,"[0.5181425386759565, 0.548951681512668]",1,-1
12355,[0.61924741 0.62845041],12,9,"[0.5945682323783136, 0.6193254997600653]",1,-1
12356,[0.53475642 0.61876624],12,5,"[0.47989515498241786, 0.6212764114798471]",1,-1
12357,[0.55744204 0.63483423],12,9,"[0.5945682323783136, 0.6193254997600653]",1,-1
12358,[0.4444023  0.58300716],12,5,"[0.47989515498241786, 0.6212764114798471]",1,-1
12359,[0.47539716 0.58964021],12,5,"[0.47989515498241786, 0.6212764114798471]",1,70
12360,[0.4918151  0.58509625],12,5,"[0.47989515498241786, 0.6212764114798471]",1,70
12361,[0.47050285 0.6778187 ],12,45,"[0.4377614438459196, 0.655911915550708]",1,-1
12362,[0.56959667 0.61957881],12,9,"[0.5945682323783136, 0.6193254997600653]",1,-1
12363,[0.45858576 0.55818885],12,2,"[0.5181425386759565, 0.548951681512668]",1,-1
12364,[0.50129013 0.60600006],12,5,"[0.47989515498241786, 0.6212764114798471]",1,-1
12365,[0.49839411 0.58351222],12,2,"[0.5181425386759565, 0.548951681512668]",1,-1
12366,[0.5989755 0.5363982],12,10,"[0.6101257152780476, 0.5394800330734051]",1,-1
12367,[0.59792107 0.55332941],12,10,"[0.6101257152780476, 0.5394800330734051]",1,-1
12368,[0.60449179 0.61559289],12,9,"[0.5945682323783136, 0.6193254997600653]",1,-1
12369,[0.52538349 0.63071388],12,5,"[0.47989515498241786, 0.6212764114798471]",1,-1
12370,[0.48378238 0.68862759],12,45,"[0.4377614438459196, 0.655911915550708]",1,-1
12371,[0.52346207 0.55446876],12,2,"[0.5181425386759565, 0.548951681512668]",1,-1
12372,[0.55181697 0.62979391],12,9,"[0.5945682323783136, 0.6193254997600653]",1,-1
12373,[0.56574801 0.68771102],12,41,"[0.5613949929729852, 0.701115936473092]",1,-1
12374,[0.49279833 0.61063619],12,5,"[0.47989515498241786, 0.6212764114798471]",1,-1
12375,[0.52945647 0.54760378],12,2,"[0.5181425386759565, 0.548951681512668]",1,65
12376,[0.54370548 0.55503408],12,2,"[0.5181425386759565, 0.548951681512668]",1,-1
12377,[0.51775112 0.56089584],12,2,"[0.5181425386759565, 0.548951681512668]",1,-1
12378,[0.5394972  0.57224471],12,2,"[0.5181425386759565, 0.548951681512668]",1,65
12379,[0.46678258 0.63933205],12,5,"[0.47989515498241786, 0.6212764114798471]",1,-1
12380,[0.50471709 0.56185354],12,2,"[0.5181425386759565, 0.548951681512668]",1,-1
12381,[0.6050806  0.51574583],12,10,"[0.6101257152780476, 0.5394800330734051]",1,-1
12382,[0.59574194 0.60738845],12,9,"[0.5945682323783136, 0.6193254997600653]",1,-1
12383,[0.48896861 0.63512745],12,5,"[0.47989515498241786, 0.6212764114798471]",1,-1
12384,[0.5349318  0.65558957],12,41,"[0.5613949929729852, 0.701115936473092]",1,-1
12385,[0.59759364 0.52878215],12,10,"[0.6101257152780476, 0.5394800330734051]",1,-1
12386,[0.52657386 0.59970925],12,5,"[0.47989515498241786, 0.6212764114798471]",1,-1
12387,[0.51220163 0.67957071],12,41,"[0.5613949929729852, 0.701115936473092]",1,-1
12388,[0.55378549 0.58692782],12,2,"[0.5181425386759565, 0.548951681512668]",1,69
12389,[0.58283617 0.58015419],12,9,"[0.5945682323783136, 0.6193254997600653]",1,-1
12390,[0.60616174 0.62013776],12,9,"[0.5945682323783136, 0.6193254997600653]",1,-1
12391,[0.59863645 0.62510344],12,9,"[0.5945682323783136, 0.6193254997600653]",1,-1
12392,[0.56081226 0.68816669],12,41,"[0.5613949929729852, 0.701115936473092]",1,-1
12393,[0.48342563 0.56728972],12,2,"[0.5181425386759565, 0.548951681512668]",1,-1
12394,[0.51322561 0.6464767 ],12,5,"[0.47989515498241786, 0.6212764114798471]",1,-1
12395,[0.51415304 0.5559996 ],12,2,"[0.5181425386759565, 0.548951681512668]",1,-1
12396,[0.51149575 0.54049149],12,2,"[0.5181425386759565, 0.548951681512668]",1,-1
12397,[0.47418337 0.59711338],12,5,"[0.47989515498241786, 0.6212764114798471]",1,-1
12398,[0.54792498 0.68397798],12,41,"[0.5613949929729852, 0.701115936473092]",1,-1
12399,[0.55852637 0.58775128],12,9,"[0.5945682323783136, 0.6193254997600653]",1,-1
12400,[0.6191415  0.58697193],12,9,"[0.5945682323783136, 0.6193254997600653]",1,63
12401,[0.59282051 0.65678128],12,9,"[0.5945682323783136, 0.6193254997600653]",1,-1
12402,[0.47930194 0.57088072],12,2,"[0.5181425386759565, 0.548951681512668]",1,70
12403,[0.50137185 0.62379348],12,5,"[0.47989515498241786, 0.6212764114798471]",1,-1
12404,[0.55008867 0.69617937],12,41,"[0.5613949929729852, 0.701115936473092]",1,-1
12405,[0.57935913 0.51663013],12,10,"[0.6101257152780476, 0.5394800330734051]",1,-1
12406,[0.45424547 0.59112435],12,5,"[0.47989515498241786, 0.6212764114798471]",1,-1
12407,[0.52803511 0.67072285],12,41,"[0.5613949929729852, 0.701115936473092]",1,-1
12408,[0.52781793 0.65460568],12,41,"[0.5613949929729852, 0.701115936473092]",1,-1
12409,[0.56750397 0.61930706],12,9,"[0.5945682323783136, 0.6193254997600653]",1,-1
12410,[0.56644598 0.55914818],12,10,"[0.6101257152780476, 0.5394800330734051]",1,-1
12411,[0.5035523  0.71535878],12,41,"[0.5613949929729852, 0.701115936473092]",1,-1
12412,[0.56896569 0.5915826 ],12,9,"[0.5945682323783136, 0.6193254997600653]",1,-1
12413,[0.58205379 0.6846287 ],12,41,"[0.5613949929729852, 0.701115936473092]",1,-1
12414,[0.52637249 0.55344739],12,2,"[0.5181425386759565, 0.548951681512668]",1,-1
12415,[0.48131197 0.6497234 ],12,5,"[0.47989515498241786, 0.6212764114798471]",1,36
12416,[0.55413575 0.53799576],12,2,"[0.5181425386759565, 0.548951681512668]",1,-1
12417,[0.56561961 0.69155797],12,41,"[0.5613949929729852, 0.701115936473092]",1,-1
12418,[0.56975874 0.6084519 ],12,9,"[0.5945682323783136, 0.6193254997600653]",1,-1
12419,[0.57927452 0.54921194],12,10,"[0.6101257152780476, 0.5394800330734051]",1,-1
12420,[0.49399111 0.57970474],12,2,"[0.5181425386759565, 0.548951681512668]",1,-1
12421,[0.55670621 0.59344487],12,9,"[0.5945682323783136, 0.6193254997600653]",1,-1
12422,[0.53086255 0.64935766],12,5,"[0.47989515498241786, 0.6212764114798471]",1,-1
12423,[0.51668627 0.60993488],12,5,"[0.47989515498241786, 0.6212764114798471]",1,-1
12424,[0.54642851 0.59008332],12,2,"[0.5181425386759565, 0.548951681512668]",1,-1
12425,[0.62505466 0.67033586],12,9,"[0.5945682323783136, 0.6193254997600653]",1,-1
12426,[0.54562031 0.59375737],12,2,"[0.5181425386759565, 0.548951681512668]",1,66
12427,[0.55544221 0.71053733],12,41,"[0.5613949929729852, 0.701115936473092]",1,-1
12428,[0.56672852 0.60151312],12,9,"[0.5945682323783136, 0.6193254997600653]",1,-1
12429,[0.50120914 0.60831454],12,5,"[0.47989515498241786, 0.6212764114798471]",1,-1
12430,[0.58522584 0.62653331],12,9,"[0.5945682323783136, 0.6193254997600653]",1,-1
12431,[0.57955034 0.58205561],12,9,"[0.5945682323783136, 0.6193254997600653]",1,-1
12432,[0.48145999 0.63336662],12,5,"[0.47989515498241786, 0.6212764114798471]",1,-1
12433,[0.47031901 0.66956205],12,45,"[0.4377614438459196, 0.655911915550708]",1,37
12434,[0.53639434 0.62485199],12,5,"[0.47989515498241786, 0.6212764114798471]",1,-1
12435,[0.48209668 0.59497076],12,5,"[0.47989515498241786, 0.6212764114798471]",1,-1
12436,[0.58577713 0.66614276],12,41,"[0.5613949929729852, 0.701115936473092]",1,-1
12437,[0.4984355  0.65725658],12,5,"[0.47989515498241786, 0.6212764114798471]",1,-1
12438,[0.54121322 0.67399178],12,41,"[0.5613949929729852, 0.701115936473092]",1,-1
12439,[0.47759098 0.59446847],12,5,"[0.47989515498241786, 0.6212764114798471]",1,70
12440,[0.56374325 0.61901004],12,9,"[0.5945682323783136, 0.6193254997600653]",1,-1
12441,[0.52553812 0.66256605],12,41,"[0.5613949929729852, 0.701115936473092]",1,-1
12442,[0.58531996 0.5834475 ],12,9,"[0.5945682323783136, 0.6193254997600653]",1,-1
12443,[0.48049912 0.55609952],12,2,"[0.5181425386759565, 0.548951681512668]",1,-1
12444,[0.49078818 0.62142322],12,5,"[0.47989515498241786, 0.6212764114798471]",1,-1
12445,[0.55745865 0.64526795],12,9,"[0.5945682323783136, 0.6193254997600653]",1,-1
12446,[0.47261485 0.586318  ],12,5,"[0.47989515498241786, 0.6212764114798471]",1,70
12447,[0.50219861 0.65253928],12,5,"[0.47989515498241786, 0.6212764114798471]",1,-1
12448,[0.5001688  0.66162805],12,5,"[0.47989515498241786, 0.6212764114798471]",1,-1
12449,[0.53314615 0.68749197],12,41,"[0.5613949929729852, 0.701115936473092]",1,-1
12450,[0.52213559 0.54715176],12,2,"[0.5181425386759565, 0.548951681512668]",1,65
12451,[0.55340889 0.55316404],12,2,"[0.5181425386759565, 0.548951681512668]",1,-1
12452,[0.56863603 0.58024028],12,9,"[0.5945682323783136, 0.6193254997600653]",1,-1
12453,[0.48481116 0.5880313 ],12,5,"[0.47989515498241786, 0.6212764114798471]",1,70
12454,[0.445645   0.62802927],12,45,"[0.4377614438459196, 0.655911915550708]",1,-1
12455,[0.56006507 0.64827281],12,9,"[0.5945682323783136, 0.6193254997600653]",1,-1
12456,[0.63214557 0.54206711],12,10,"[0.6101257152780476, 0.5394800330734051]",1,-1
12457,[0.65286756 0.60677791],12,9,"[0.5945682323783136, 0.6193254997600653]",1,-1
12458,[0.44052265 0.59517611],12,5,"[0.47989515498241786, 0.6212764114798471]",1,-1
12459,[0.5325764  0.55030408],12,2,"[0.5181425386759565, 0.548951681512668]",1,-1
12460,[0.48076376 0.68613726],12,45,"[0.4377614438459196, 0.655911915550708]",1,-1
12461,[0.50481403 0.64748925],12,5,"[0.47989515498241786, 0.6212764114798471]",1,-1
12462,[0.59620857 0.55173849],12,10,"[0.6101257152780476, 0.5394800330734051]",1,-1
12463,[0.53693602 0.56214642],12,2,"[0.5181425386759565, 0.548951681512668]",1,-1
12464,[0.53151997 0.55405632],12,2,"[0.5181425386759565, 0.548951681512668]",1,65
12465,[0.53549491 0.58412808],12,2,"[0.5181425386759565, 0.548951681512668]",1,-1
12466,[0.59483971 0.5874935 ],12,9,"[0.5945682323783136, 0.6193254997600653]",1,63
12467,[0.55399659 0.67440259],12,41,"[0.5613949929729852, 0.701115936473092]",1,-1
12468,[0.48720512 0.63433286],12,5,"[0.47989515498241786, 0.6212764114798471]",1,-1
12469,[0.52577379 0.62052334],12,5,"[0.47989515498241786, 0.6212764114798471]",1,-1
12470,[0.4929378  0.60564793],12,5,"[0.47989515498241786, 0.6212764114798471]",1,67
12471,[0.52144783 0.54836183],12,2,"[0.5181425386759565, 0.548951681512668]",1,65
12472,[0.45516438 0.64304882],12,45,"[0.4377614438459196, 0.655911915550708]",1,60
12473,[0.5882435  0.63089075],12,9,"[0.5945682323783136, 0.6193254997600653]",1,-1
12474,[0.5471004  0.50901273],12,2,"[0.5181425386759565, 0.548951681512668]",1,-1
12475,[0.53450906 0.65486753],12,41,"[0.5613949929729852, 0.701115936473092]",1,-1
12476,[0.48525762 0.71883871],12,47,"[0.4308417820697566, 0.7426361553548808]",1,-1
12477,[0.57452362 0.63746481],12,9,"[0.5945682323783136, 0.6193254997600653]",1,-1
12478,[0.57145212 0.59871848],12,9,"[0.5945682323783136, 0.6193254997600653]",1,68
12479,[0.61311214 0.54444588],12,10,"[0.6101257152780476, 0.5394800330734051]",1,-1
12480,[0.51026519 0.69610359],12,41,"[0.5613949929729852, 0.701115936473092]",1,-1
12481,[0.58217953 0.56417061],12,10,"[0.6101257152780476, 0.5394800330734051]",1,-1
12482,[0.49350426 0.54388698],12,2,"[0.5181425386759565, 0.548951681512668]",1,-1
12483,[0.54356835 0.6024513 ],12,9,"[0.5945682323783136, 0.6193254997600653]",1,-1
12484,[0.53333086 0.63674012],12,5,"[0.47989515498241786, 0.6212764114798471]",1,-1
12485,[0.48929401 0.51967447],12,2,"[0.5181425386759565, 0.548951681512668]",1,-1
12486,[0.56725479 0.6781944 ],12,41,"[0.5613949929729852, 0.701115936473092]",1,-1
12487,[0.52868811 0.71944058],12,41,"[0.5613949929729852, 0.701115936473092]",1,-1
12488,[0.47938954 0.69214029],12,45,"[0.4377614438459196, 0.655911915550708]",1,-1
12489,[0.54840568 0.58133686],12,2,"[0.5181425386759565, 0.548951681512668]",1,-1
12490,[0.59590347 0.59122438],12,9,"[0.5945682323783136, 0.6193254997600653]",1,63
12491,[0.52349537 0.58995876],12,2,"[0.5181425386759565, 0.548951681512668]",1,-1
12492,[0.5726994  0.52236309],12,10,"[0.6101257152780476, 0.5394800330734051]",1,-1
12493,[0.5056682  0.54476336],12,2,"[0.5181425386759565, 0.548951681512668]",1,-1
12494,[0.5104942  0.60571705],12,5,"[0.47989515498241786, 0.6212764114798471]",1,-1
12495,[0.49612335 0.60883966],12,5,"[0.47989515498241786, 0.6212764114798471]",1,67
12496,[0.49050766 0.5258566 ],12,2,"[0.5181425386759565, 0.548951681512668]",1,-1
12497,[0.50714418 0.66825619],12,5,"[0.47989515498241786, 0.6212764114798471]",1,-1
12498,[0.53175769 0.70975815],12,41,"[0.5613949929729852, 0.701115936473092]",1,-1
12499,[0.45230231 0.65201037],12,45,"[0.4377614438459196, 0.655911915550708]",1,-1
12500,[0.53469617 0.63645392],12,5,"[0.47989515498241786, 0.6212764114798471]",1,-1
12501,[0.59319357 0.52727218],12,10,"[0.6101257152780476, 0.5394800330734051]",1,-1
12502,[0.47070968 0.65539735],12,45,"[0.4377614438459196, 0.655911915550708]",1,-1
12503,[0.50851936 0.6044239 ],12,5,"[0.47989515498241786, 0.6212764114798471]",1,-1
12504,[0.47904754 0.6491794 ],12,5,"[0.47989515498241786, 0.6212764114798471]",1,36
12505,[0.50588162 0.58866273],12,2,"[0.5181425386759565, 0.548951681512668]",1,-1
12506,[0.53156246 0.62294499],12,5,"[0.47989515498241786, 0.6212764114798471]",1,-1
12507,[0.61694832 0.58975978],12,9,"[0.5945682323783136, 0.6193254997600653]",1,63
12508,[0.47231002 0.52817153],12,2,"[0.5181425386759565, 0.548951681512668]",1,49
12509,[0.5873315  0.60960165],12,9,"[0.5945682323783136, 0.6193254997600653]",1,-1
12510,[0.52962601 0.63927696],12,5,"[0.47989515498241786, 0.6212764114798471]",1,-1
12511,[0.57344214 0.59412679],12,9,"[0.5945682323783136, 0.6193254997600653]",1,68
12512,[0.57742874 0.60522881],12,9,"[0.5945682323783136, 0.6193254997600653]",1,-1
12513,[0.61160303 0.64551008],12,9,"[0.5945682323783136, 0.6193254997600653]",1,-1
12514,[0.45709796 0.67233578],12,45,"[0.4377614438459196, 0.655911915550708]",1,37
12515,[0.54395055 0.52504644],12,2,"[0.5181425386759565, 0.548951681512668]",1,-1
12516,[0.49259354 0.63030488],12,5,"[0.47989515498241786, 0.6212764114798471]",1,-1
12517,[0.54659331 0.51604831],12,2,"[0.5181425386759565, 0.548951681512668]",1,-1
12518,[0.52324945 0.59013477],12,2,"[0.5181425386759565, 0.548951681512668]",1,-1
12519,[0.42037771 0.5781066 ],12,25,"[0.38660465276603295, 0.5871767558758164]",1,-1
12520,[0.48905951 0.56459575],12,2,"[0.5181425386759565, 0.548951681512668]",1,-1
12521,[0.58189065 0.65524423],12,9,"[0.5945682323783136, 0.6193254997600653]",1,-1
12522,[0.49519545 0.59261425],12,5,"[0.47989515498241786, 0.6212764114798471]",1,-1
12523,[0.56977058 0.58347548],12,9,"[0.5945682323783136, 0.6193254997600653]",1,-1
12524,[0.54947604 0.5639653 ],12,2,"[0.5181425386759565, 0.548951681512668]",1,-1
12525,[0.51948481 0.59817604],12,5,"[0.47989515498241786, 0.6212764114798471]",1,-1
12526,[0.58080659 0.57107147],12,10,"[0.6101257152780476, 0.5394800330734051]",1,-1
12527,[0.55101946 0.63305426],12,9,"[0.5945682323783136, 0.6193254997600653]",1,-1
12528,[0.63884325 0.62694679],12,9,"[0.5945682323783136, 0.6193254997600653]",1,-1
12529,[0.55419882 0.62271524],12,9,"[0.5945682323783136, 0.6193254997600653]",1,-1
12530,[0.56168481 0.54297696],12,2,"[0.5181425386759565, 0.548951681512668]",1,-1
12531,[0.53792051 0.61407431],12,9,"[0.5945682323783136, 0.6193254997600653]",1,-1
12532,[0.49915797 0.57983469],12,2,"[0.5181425386759565, 0.548951681512668]",1,-1
12533,[0.45209959 0.67092353],12,45,"[0.4377614438459196, 0.655911915550708]",1,37
12534,[0.59007422 0.58810994],12,9,"[0.5945682323783136, 0.6193254997600653]",1,63
12535,[0.44699322 0.72345582],12,47,"[0.4308417820697566, 0.7426361553548808]",1,-1
12536,[0.49662019 0.53639   ],12,2,"[0.5181425386759565, 0.548951681512668]",1,-1
12537,[0.49629396 0.64834089],12,5,"[0.47989515498241786, 0.6212764114798471]",1,-1
12538,[0.52696769 0.56773348],12,2,"[0.5181425386759565, 0.548951681512668]",1,-1
12539,[0.50097975 0.61231474],12,5,"[0.47989515498241786, 0.6212764114798471]",1,-1
12540,[0.49230923 0.69346716],12,45,"[0.4377614438459196, 0.655911915550708]",1,-1
12541,[0.55555673 0.72428002],12,41,"[0.5613949929729852, 0.701115936473092]",1,-1
12542,[0.54155696 0.63908945],12,9,"[0.5945682323783136, 0.6193254997600653]",1,-1
12543,[0.56982998 0.58929802],12,9,"[0.5945682323783136, 0.6193254997600653]",1,68
12544,[0.45503989 0.68036213],12,45,"[0.4377614438459196, 0.655911915550708]",1,-1
12545,[0.50415034 0.68368076],12,41,"[0.5613949929729852, 0.701115936473092]",1,-1
12546,[0.57478465 0.52855832],12,10,"[0.6101257152780476, 0.5394800330734051]",1,-1
12547,[0.54835002 0.63610204],12,9,"[0.5945682323783136, 0.6193254997600653]",1,-1
12548,[0.49501683 0.6523521 ],12,5,"[0.47989515498241786, 0.6212764114798471]",1,36
12549,[0.60517026 0.64406288],12,9,"[0.5945682323783136, 0.6193254997600653]",1,-1
12550,[0.58422061 0.60971694],12,9,"[0.5945682323783136, 0.6193254997600653]",1,-1
12551,[0.56907725 0.64906964],12,9,"[0.5945682323783136, 0.6193254997600653]",1,-1
12552,[0.44155009 0.53404462],12,18,"[0.4203234088660354, 0.508036417947434]",1,-1
12553,[0.54628111 0.61637877],12,9,"[0.5945682323783136, 0.6193254997600653]",1,-1
12554,[0.45107353 0.684136  ],12,45,"[0.4377614438459196, 0.655911915550708]",1,-1
12555,[0.54035525 0.60602447],12,9,"[0.5945682323783136, 0.6193254997600653]",1,-1
12556,[0.50907779 0.56293303],12,2,"[0.5181425386759565, 0.548951681512668]",1,-1
12557,[0.50680745 0.60147308],12,5,"[0.47989515498241786, 0.6212764114798471]",1,-1
12558,[0.53905806 0.64371337],12,9,"[0.5945682323783136, 0.6193254997600653]",1,-1
12559,[0.48932296 0.54839438],12,2,"[0.5181425386759565, 0.548951681512668]",1,-1
12560,[0.59352124 0.59162399],12,9,"[0.5945682323783136, 0.6193254997600653]",1,63
12561,[0.51496029 0.61343886],12,5,"[0.47989515498241786, 0.6212764114798471]",1,-1
12562,[0.55537649 0.58239002],12,2,"[0.5181425386759565, 0.548951681512668]",1,-1
12563,[0.57296761 0.55950635],12,10,"[0.6101257152780476, 0.5394800330734051]",1,69
12564,[0.55316515 0.63167429],12,9,"[0.5945682323783136, 0.6193254997600653]",1,-1
12565,[0.466418   0.58269567],12,5,"[0.47989515498241786, 0.6212764114798471]",1,-1
12566,[0.58229312 0.63840037],12,9,"[0.5945682323783136, 0.6193254997600653]",1,-1
12567,[0.54145723 0.70944798],12,41,"[0.5613949929729852, 0.701115936473092]",1,-1
12568,[0.56002273 0.69378062],12,41,"[0.5613949929729852, 0.701115936473092]",1,-1
12569,[0.47846823 0.60723336],12,5,"[0.47989515498241786, 0.6212764114798471]",1,-1
12570,[0.48190678 0.66478793],12,5,"[0.47989515498241786, 0.6212764114798471]",1,-1
12571,[0.51146997 0.60864094],12,5,"[0.47989515498241786, 0.6212764114798471]",1,-1
12572,[0.64129048 0.56260958],12,10,"[0.6101257152780476, 0.5394800330734051]",1,-1
12573,[0.5701255 0.6536006],12,9,"[0.5945682323783136, 0.6193254997600653]",1,-1
12574,[0.52429758 0.68636527],12,41,"[0.5613949929729852, 0.701115936473092]",1,-1
12575,[0.51578986 0.62651916],12,5,"[0.47989515498241786, 0.6212764114798471]",1,-1
12576,[0.56548625 0.61185013],12,9,"[0.5945682323783136, 0.6193254997600653]",1,-1
12577,[0.53033124 0.56455755],12,2,"[0.5181425386759565, 0.548951681512668]",1,65
12578,[0.60832147 0.61568817],12,9,"[0.5945682323783136, 0.6193254997600653]",1,-1
12579,[0.52902628 0.59036015],12,2,"[0.5181425386759565, 0.548951681512668]",1,-1
12580,[0.3851961  0.61214292],12,25,"[0.38660465276603295, 0.5871767558758164]",1,-1
12581,[0.55022145 0.64123344],12,9,"[0.5945682323783136, 0.6193254997600653]",1,-1
12582,[0.57931771 0.61446247],12,9,"[0.5945682323783136, 0.6193254997600653]",1,-1
12583,[0.48789498 0.51491592],12,2,"[0.5181425386759565, 0.548951681512668]",1,-1
12584,[0.56177763 0.5327322 ],12,2,"[0.5181425386759565, 0.548951681512668]",1,-1
12585,[0.58923366 0.64221021],12,9,"[0.5945682323783136, 0.6193254997600653]",1,-1
12586,[0.58515611 0.63960427],12,9,"[0.5945682323783136, 0.6193254997600653]",1,-1
12587,[0.54742567 0.63561914],12,9,"[0.5945682323783136, 0.6193254997600653]",1,-1
12588,[0.56685077 0.57085376],12,2,"[0.5181425386759565, 0.548951681512668]",1,-1
12589,[0.53948108 0.64653113],12,41,"[0.5613949929729852, 0.701115936473092]",1,-1
12590,[0.55291261 0.66651042],12,41,"[0.5613949929729852, 0.701115936473092]",1,-1
12591,[0.58514474 0.58998705],12,9,"[0.5945682323783136, 0.6193254997600653]",1,-1
12592,[0.574864   0.57522898],12,9,"[0.5945682323783136, 0.6193254997600653]",1,69
12593,[0.52063931 0.61688286],12,5,"[0.47989515498241786, 0.6212764114798471]",1,-1
12594,[0.54570942 0.60766714],12,9,"[0.5945682323783136, 0.6193254997600653]",1,-1
12595,[0.50414624 0.58393449],12,2,"[0.5181425386759565, 0.548951681512668]",1,-1
12596,[0.48497644 0.71319377],12,47,"[0.4308417820697566, 0.7426361553548808]",1,-1
12597,[0.52818807 0.52033024],12,2,"[0.5181425386759565, 0.548951681512668]",1,-1
12598,[0.54980202 0.60428821],12,9,"[0.5945682323783136, 0.6193254997600653]",1,-1
12599,[0.60897418 0.52358084],12,10,"[0.6101257152780476, 0.5394800330734051]",1,-1
12600,[0.48980552 0.65604951],12,5,"[0.47989515498241786, 0.6212764114798471]",1,-1
12601,[0.55214609 0.55828641],12,2,"[0.5181425386759565, 0.548951681512668]",1,65
12602,[0.56376282 0.62282622],12,9,"[0.5945682323783136, 0.6193254997600653]",1,-1
12603,[0.47271187 0.55346482],12,2,"[0.5181425386759565, 0.548951681512668]",1,-1
12604,[0.47899456 0.63712275],12,5,"[0.47989515498241786, 0.6212764114798471]",1,-1
12605,[0.58336029 0.61224352],12,9,"[0.5945682323783136, 0.6193254997600653]",1,-1
12606,[0.66913191 0.50384746],12,26,"[0.6734889003123068, 0.4756404454441684]",1,-1
12607,[0.60726348 0.63996277],12,9,"[0.5945682323783136, 0.6193254997600653]",1,-1
12608,[0.46325873 0.6293147 ],12,5,"[0.47989515498241786, 0.6212764114798471]",1,60
12609,[0.52268172 0.61718833],12,5,"[0.47989515498241786, 0.6212764114798471]",1,-1
12610,[0.46564377 0.57328945],12,5,"[0.47989515498241786, 0.6212764114798471]",1,-1
12611,[0.48514578 0.65139211],12,5,"[0.47989515498241786, 0.6212764114798471]",1,36
12612,[0.57686986 0.59842839],12,9,"[0.5945682323783136, 0.6193254997600653]",1,68
12613,[0.53234294 0.6440871 ],12,5,"[0.47989515498241786, 0.6212764114798471]",1,-1
12614,[0.51950758 0.5548388 ],12,2,"[0.5181425386759565, 0.548951681512668]",1,-1
12615,[0.52370205 0.56052575],12,2,"[0.5181425386759565, 0.548951681512668]",1,-1
12616,[0.44557238 0.58877567],12,5,"[0.47989515498241786, 0.6212764114798471]",1,-1
12617,[0.52869395 0.5283501 ],12,2,"[0.5181425386759565, 0.548951681512668]",1,-1
12618,[0.54526789 0.60262754],12,9,"[0.5945682323783136, 0.6193254997600653]",1,66
12619,[0.52862584 0.6559621 ],12,41,"[0.5613949929729852, 0.701115936473092]",1,-1
12620,[0.51489486 0.65913958],12,5,"[0.47989515498241786, 0.6212764114798471]",1,-1
12621,[0.58224093 0.6291374 ],12,9,"[0.5945682323783136, 0.6193254997600653]",1,-1
12622,[0.49730767 0.56029828],12,2,"[0.5181425386759565, 0.548951681512668]",1,-1
12623,[0.45851431 0.64230999],12,45,"[0.4377614438459196, 0.655911915550708]",1,-1
12624,[0.58977208 0.59315218],12,9,"[0.5945682323783136, 0.6193254997600653]",1,-1
12625,[0.57497117 0.60474983],12,9,"[0.5945682323783136, 0.6193254997600653]",1,-1
12626,[0.52433844 0.56967775],12,2,"[0.5181425386759565, 0.548951681512668]",1,-1
12627,[0.4929988  0.65660675],12,5,"[0.47989515498241786, 0.6212764114798471]",1,-1
12628,[0.5709006  0.64143672],12,9,"[0.5945682323783136, 0.6193254997600653]",1,-1
12629,[0.52838487 0.53389953],12,2,"[0.5181425386759565, 0.548951681512668]",1,-1
12630,[0.56992731 0.58643541],12,9,"[0.5945682323783136, 0.6193254997600653]",1,-1
12631,[0.58068688 0.59685674],12,9,"[0.5945682323783136, 0.6193254997600653]",1,-1
12632,[0.53456746 0.61877098],12,5,"[0.47989515498241786, 0.6212764114798471]",1,-1
12633,[0.58864542 0.60586872],12,9,"[0.5945682323783136, 0.6193254997600653]",1,-1
12634,[0.4519902  0.61043897],12,5,"[0.47989515498241786, 0.6212764114798471]",1,60
12635,[0.48413154 0.6037926 ],12,5,"[0.47989515498241786, 0.6212764114798471]",1,-1
12636,[0.53775173 0.57758008],12,2,"[0.5181425386759565, 0.548951681512668]",1,65
12637,[0.54189324 0.61125128],12,9,"[0.5945682323783136, 0.6193254997600653]",1,-1
12638,[0.52372264 0.63668862],12,5,"[0.47989515498241786, 0.6212764114798471]",1,-1
12639,[0.48304193 0.67354792],12,45,"[0.4377614438459196, 0.655911915550708]",1,-1
12640,[0.5020504  0.57486035],12,2,"[0.5181425386759565, 0.548951681512668]",1,75
12641,[0.59335478 0.63446456],12,9,"[0.5945682323783136, 0.6193254997600653]",1,-1
12642,[0.5073569  0.70311277],12,41,"[0.5613949929729852, 0.701115936473092]",1,-1
12643,[0.55231294 0.58457698],12,2,"[0.5181425386759565, 0.548951681512668]",1,-1
12644,[0.50758613 0.58302479],12,2,"[0.5181425386759565, 0.548951681512668]",1,-1
12645,[0.53972235 0.65328412],12,41,"[0.5613949929729852, 0.701115936473092]",1,-1
12646,[0.47321462 0.5696628 ],12,2,"[0.5181425386759565, 0.548951681512668]",1,-1
12647,[0.59417966 0.54575251],12,10,"[0.6101257152780476, 0.5394800330734051]",1,64
12648,[0.58841421 0.60265439],12,9,"[0.5945682323783136, 0.6193254997600653]",1,-1
12649,[0.55030043 0.53579935],12,2,"[0.5181425386759565, 0.548951681512668]",1,-1
12650,[0.5869477  0.68247476],12,41,"[0.5613949929729852, 0.701115936473092]",1,-1
12651,[0.4986002  0.62156456],12,5,"[0.47989515498241786, 0.6212764114798471]",1,-1
12652,[0.4908674  0.53900046],12,2,"[0.5181425386759565, 0.548951681512668]",1,-1
12653,[0.51548015 0.62443063],12,5,"[0.47989515498241786, 0.6212764114798471]",1,-1
12654,[0.43369961 0.6318004 ],12,45,"[0.4377614438459196, 0.655911915550708]",1,60
12655,[0.52321304 0.59187156],12,2,"[0.5181425386759565, 0.548951681512668]",1,-1
12656,[0.51916497 0.63591264],12,5,"[0.47989515498241786, 0.6212764114798471]",1,-1
12657,[0.58818614 0.50901483],12,10,"[0.6101257152780476, 0.5394800330734051]",1,-1
12658,[0.55658888 0.55554215],12,2,"[0.5181425386759565, 0.548951681512668]",1,-1
12659,[0.49565733 0.56192242],12,2,"[0.5181425386759565, 0.548951681512668]",1,-1
12660,[0.60635875 0.60135943],12,9,"[0.5945682323783136, 0.6193254997600653]",1,-1
12661,[0.46914221 0.581774  ],12,5,"[0.47989515498241786, 0.6212764114798471]",1,-1
12662,[0.4960825  0.59412366],12,5,"[0.47989515498241786, 0.6212764114798471]",1,-1
12663,[0.54356648 0.62935722],12,9,"[0.5945682323783136, 0.6193254997600653]",1,-1
12664,[0.46988103 0.60976554],12,5,"[0.47989515498241786, 0.6212764114798471]",1,-1
12665,[0.46587661 0.50907871],12,18,"[0.4203234088660354, 0.508036417947434]",1,-1
12666,[0.51153267 0.58908575],12,2,"[0.5181425386759565, 0.548951681512668]",1,74
12667,[0.53587844 0.5537772 ],12,2,"[0.5181425386759565, 0.548951681512668]",1,65
12668,[0.56109241 0.56165878],12,2,"[0.5181425386759565, 0.548951681512668]",1,-1
12669,[0.55693373 0.63612891],12,9,"[0.5945682323783136, 0.6193254997600653]",1,-1
12670,[0.5430661  0.61491772],12,9,"[0.5945682323783136, 0.6193254997600653]",1,-1
12671,[0.59132897 0.58690111],12,9,"[0.5945682323783136, 0.6193254997600653]",1,63
12672,[0.53851402 0.61602078],12,9,"[0.5945682323783136, 0.6193254997600653]",1,-1
12673,[0.5158417  0.54314035],12,2,"[0.5181425386759565, 0.548951681512668]",1,-1
12674,[0.43640876 0.58298123],12,25,"[0.38660465276603295, 0.5871767558758164]",1,-1
12675,[0.50910491 0.58849109],12,2,"[0.5181425386759565, 0.548951681512668]",1,-1
12676,[0.60804285 0.65473627],12,9,"[0.5945682323783136, 0.6193254997600653]",1,-1
12677,[0.54512153 0.5705715 ],12,2,"[0.5181425386759565, 0.548951681512668]",1,65
12678,[0.54048608 0.66165438],12,41,"[0.5613949929729852, 0.701115936473092]",1,-1
12679,[0.46975793 0.57723077],12,5,"[0.47989515498241786, 0.6212764114798471]",1,-1
12680,[0.4677453  0.67443648],12,45,"[0.4377614438459196, 0.655911915550708]",1,-1
12681,[0.53024406 0.56423721],12,2,"[0.5181425386759565, 0.548951681512668]",1,65
12682,[0.50999482 0.60995064],12,5,"[0.47989515498241786, 0.6212764114798471]",1,-1
12683,[0.56608545 0.60092296],12,9,"[0.5945682323783136, 0.6193254997600653]",1,-1
12684,[0.60917817 0.64357277],12,9,"[0.5945682323783136, 0.6193254997600653]",1,-1
12685,[0.48921508 0.61458827],12,5,"[0.47989515498241786, 0.6212764114798471]",1,-1
12686,[0.54367676 0.58463062],12,2,"[0.5181425386759565, 0.548951681512668]",1,-1
12687,[0.53536343 0.66002844],12,41,"[0.5613949929729852, 0.701115936473092]",1,-1
12688,[0.53044956 0.58694206],12,2,"[0.5181425386759565, 0.548951681512668]",1,-1
12689,[0.45563588 0.56949222],12,5,"[0.47989515498241786, 0.6212764114798471]",1,-1
12690,[0.49169682 0.65110129],12,5,"[0.47989515498241786, 0.6212764114798471]",1,36
12691,[0.46040592 0.55695692],12,2,"[0.5181425386759565, 0.548951681512668]",1,-1
12692,[0.50664724 0.62255895],12,5,"[0.47989515498241786, 0.6212764114798471]",1,-1
12693,[0.57211796 0.63924853],12,9,"[0.5945682323783136, 0.6193254997600653]",1,-1
12694,[0.56368711 0.72369786],12,41,"[0.5613949929729852, 0.701115936473092]",1,-1
12695,[0.58131856 0.62075256],12,9,"[0.5945682323783136, 0.6193254997600653]",1,-1
12696,[0.48763804 0.63541648],12,5,"[0.47989515498241786, 0.6212764114798471]",1,-1
12697,[0.58841275 0.60267581],12,9,"[0.5945682323783136, 0.6193254997600653]",1,-1
12698,[0.58510397 0.54811589],12,10,"[0.6101257152780476, 0.5394800330734051]",1,-1
12699,[0.52253293 0.66159914],12,41,"[0.5613949929729852, 0.701115936473092]",1,-1
12700,[0.58863537 0.58273978],12,9,"[0.5945682323783136, 0.6193254997600653]",1,-1
12701,[0.49678918 0.63489937],12,5,"[0.47989515498241786, 0.6212764114798471]",1,-1
12702,[0.52219977 0.62539064],12,5,"[0.47989515498241786, 0.6212764114798471]",1,-1
12703,[0.50522988 0.67044554],12,5,"[0.47989515498241786, 0.6212764114798471]",1,-1
12704,[0.51339173 0.53563807],12,2,"[0.5181425386759565, 0.548951681512668]",1,-1
12705,[0.57443777 0.491458  ],12,27,"[0.5866068271601823, 0.4386408725933068]",1,-1
12706,[0.51943938 0.62659466],12,5,"[0.47989515498241786, 0.6212764114798471]",1,-1
12707,[0.5437206  0.52408125],12,2,"[0.5181425386759565, 0.548951681512668]",1,-1
12708,[0.53479821 0.62665358],12,5,"[0.47989515498241786, 0.6212764114798471]",1,-1
12709,[0.48220366 0.50034203],12,35,"[0.491626887866141, 0.45015531396212327]",1,-1
12710,[0.53199856 0.64010582],12,5,"[0.47989515498241786, 0.6212764114798471]",1,-1
12711,[0.46953734 0.63388267],12,5,"[0.47989515498241786, 0.6212764114798471]",1,-1
12712,[0.55743323 0.61419866],12,9,"[0.5945682323783136, 0.6193254997600653]",1,-1
12713,[0.57574753 0.67603491],12,41,"[0.5613949929729852, 0.701115936473092]",1,-1
12714,[0.52617551 0.63844489],12,5,"[0.47989515498241786, 0.6212764114798471]",1,-1
12715,[0.54789007 0.65908784],12,41,"[0.5613949929729852, 0.701115936473092]",1,-1
12716,[0.55541828 0.60468596],12,9,"[0.5945682323783136, 0.6193254997600653]",1,-1
12717,[0.45986024 0.57238325],12,5,"[0.47989515498241786, 0.6212764114798471]",1,-1
12718,[0.45322137 0.5987826 ],12,5,"[0.47989515498241786, 0.6212764114798471]",1,-1
12719,[0.60362727 0.59965691],12,9,"[0.5945682323783136, 0.6193254997600653]",1,-1
12720,[0.5293208  0.52653582],12,2,"[0.5181425386759565, 0.548951681512668]",1,-1
12721,[0.52531144 0.59727358],12,2,"[0.5181425386759565, 0.548951681512668]",1,-1
12722,[0.55759358 0.56209714],12,2,"[0.5181425386759565, 0.548951681512668]",1,65
12723,[0.47624345 0.56723354],12,2,"[0.5181425386759565, 0.548951681512668]",1,-1
12724,[0.49977159 0.69168992],12,41,"[0.5613949929729852, 0.701115936473092]",1,-1
12725,[0.55789106 0.58046277],12,2,"[0.5181425386759565, 0.548951681512668]",1,-1
12726,[0.5882125  0.55332153],12,10,"[0.6101257152780476, 0.5394800330734051]",1,-1
12727,[0.59620235 0.61129193],12,9,"[0.5945682323783136, 0.6193254997600653]",1,-1
12728,[0.58863674 0.66948607],12,41,"[0.5613949929729852, 0.701115936473092]",1,-1
12729,[0.4715262  0.61060846],12,5,"[0.47989515498241786, 0.6212764114798471]",1,-1
12730,[0.52308782 0.60844021],12,5,"[0.47989515498241786, 0.6212764114798471]",1,-1
12731,[0.50439928 0.58150904],12,2,"[0.5181425386759565, 0.548951681512668]",1,-1
12732,[0.57124661 0.59007052],12,9,"[0.5945682323783136, 0.6193254997600653]",1,68
12733,[0.52769289 0.59436961],12,2,"[0.5181425386759565, 0.548951681512668]",1,74
12734,[0.48533584 0.70813395],12,47,"[0.4308417820697566, 0.7426361553548808]",1,-1
12735,[0.62800603 0.51931242],12,10,"[0.6101257152780476, 0.5394800330734051]",1,-1
12736,[0.5464571 0.6607162],12,41,"[0.5613949929729852, 0.701115936473092]",1,-1
12737,[0.50441074 0.58719745],12,2,"[0.5181425386759565, 0.548951681512668]",1,-1
12738,[0.54995829 0.69378125],12,41,"[0.5613949929729852, 0.701115936473092]",1,-1
12739,[0.57552197 0.64848855],12,9,"[0.5945682323783136, 0.6193254997600653]",1,-1
12740,[0.61668051 0.55101523],12,10,"[0.6101257152780476, 0.5394800330734051]",1,-1
12741,[0.50415173 0.67153487],12,5,"[0.47989515498241786, 0.6212764114798471]",1,-1
12742,[0.51054399 0.66223512],12,5,"[0.47989515498241786, 0.6212764114798471]",1,-1
12743,[0.56667764 0.65213747],12,9,"[0.5945682323783136, 0.6193254997600653]",1,-1
12744,[0.50556478 0.53955547],12,2,"[0.5181425386759565, 0.548951681512668]",1,-1
12745,[0.46369733 0.61650231],12,5,"[0.47989515498241786, 0.6212764114798471]",1,60
12746,[0.56915886 0.63509587],12,9,"[0.5945682323783136, 0.6193254997600653]",1,-1
12747,[0.4782714  0.44490868],12,35,"[0.491626887866141, 0.45015531396212327]",1,-1
12748,[0.52232895 0.67550954],12,41,"[0.5613949929729852, 0.701115936473092]",1,-1
12749,[0.49837592 0.60571881],12,5,"[0.47989515498241786, 0.6212764114798471]",1,-1
12750,[0.47478814 0.58799271],12,5,"[0.47989515498241786, 0.6212764114798471]",1,-1
12751,[0.52790074 0.65349911],12,5,"[0.47989515498241786, 0.6212764114798471]",1,-1
12752,[0.5450618 0.5093063],12,2,"[0.5181425386759565, 0.548951681512668]",1,-1
12753,[0.53949997 0.65286453],12,41,"[0.5613949929729852, 0.701115936473092]",1,-1
12754,[0.5191497  0.66582415],12,41,"[0.5613949929729852, 0.701115936473092]",1,-1
12755,[0.46613259 0.69908092],12,45,"[0.4377614438459196, 0.655911915550708]",1,-1
12756,[0.55866096 0.70129861],12,41,"[0.5613949929729852, 0.701115936473092]",1,-1
12757,[0.54040146 0.60911014],12,9,"[0.5945682323783136, 0.6193254997600653]",1,-1
12758,[0.49516239 0.6314328 ],12,5,"[0.47989515498241786, 0.6212764114798471]",1,-1
12759,[0.53531826 0.59758719],12,2,"[0.5181425386759565, 0.548951681512668]",1,-1
12760,[0.51818887 0.63561468],12,5,"[0.47989515498241786, 0.6212764114798471]",1,-1
12761,[0.54834578 0.58095273],12,2,"[0.5181425386759565, 0.548951681512668]",1,-1
12762,[0.5676824  0.67386653],12,41,"[0.5613949929729852, 0.701115936473092]",1,-1
12763,[0.52568937 0.53413543],12,2,"[0.5181425386759565, 0.548951681512668]",1,-1
12764,[0.55927179 0.69295828],12,41,"[0.5613949929729852, 0.701115936473092]",1,-1
12765,[0.60145725 0.59928364],12,9,"[0.5945682323783136, 0.6193254997600653]",1,-1
12766,[0.6687184  0.63812387],12,-1,-1,1,-1
12767,[0.54023138 0.64643162],12,41,"[0.5613949929729852, 0.701115936473092]",1,-1
12768,[0.57082671 0.62308963],12,9,"[0.5945682323783136, 0.6193254997600653]",1,-1
12769,[0.60416219 0.61856678],12,9,"[0.5945682323783136, 0.6193254997600653]",1,-1
12770,[0.54770133 0.63255731],12,9,"[0.5945682323783136, 0.6193254997600653]",1,-1
12771,[0.45230754 0.59060999],12,5,"[0.47989515498241786, 0.6212764114798471]",1,-1
12772,[0.55308999 0.63730419],12,9,"[0.5945682323783136, 0.6193254997600653]",1,-1
12773,[0.51503522 0.58028012],12,2,"[0.5181425386759565, 0.548951681512668]",1,-1
12774,[0.51733437 0.59864325],12,5,"[0.47989515498241786, 0.6212764114798471]",1,-1
12775,[0.58624863 0.50091309],12,10,"[0.6101257152780476, 0.5394800330734051]",1,-1
12776,[0.56896078 0.55652046],12,10,"[0.6101257152780476, 0.5394800330734051]",1,-1
12777,[0.47302238 0.69701828],12,45,"[0.4377614438459196, 0.655911915550708]",1,-1
12778,[0.56570739 0.65628357],12,41,"[0.5613949929729852, 0.701115936473092]",1,-1
12779,[0.5162088 0.5615058],12,2,"[0.5181425386759565, 0.548951681512668]",1,-1
12780,[0.58967098 0.56523611],12,10,"[0.6101257152780476, 0.5394800330734051]",1,-1
12781,[0.55462538 0.51897275],12,2,"[0.5181425386759565, 0.548951681512668]",1,-1
12782,[0.48669006 0.62656064],12,5,"[0.47989515498241786, 0.6212764114798471]",1,-1
12783,[0.49495441 0.69355045],12,41,"[0.5613949929729852, 0.701115936473092]",1,-1
12784,[0.54722619 0.55070626],12,2,"[0.5181425386759565, 0.548951681512668]",1,-1
12785,[0.56648975 0.6343286 ],12,9,"[0.5945682323783136, 0.6193254997600653]",1,-1
12786,[0.49325756 0.65488873],12,5,"[0.47989515498241786, 0.6212764114798471]",1,36
12787,[0.4543978  0.57253875],12,5,"[0.47989515498241786, 0.6212764114798471]",1,-1
12788,[0.52745468 0.73709559],12,41,"[0.5613949929729852, 0.701115936473092]",1,-1
12789,[0.5223224  0.51772979],12,2,"[0.5181425386759565, 0.548951681512668]",1,-1
12790,[0.60185638 0.71024125],12,41,"[0.5613949929729852, 0.701115936473092]",1,-1
12791,[0.50503632 0.65582901],12,5,"[0.47989515498241786, 0.6212764114798471]",1,-1
12792,[0.52225121 0.62047525],12,5,"[0.47989515498241786, 0.6212764114798471]",1,-1
12793,[0.55325773 0.61491684],12,9,"[0.5945682323783136, 0.6193254997600653]",1,-1
12794,[0.5238914  0.53007775],12,2,"[0.5181425386759565, 0.548951681512668]",1,-1
12795,[0.59295287 0.61000541],12,9,"[0.5945682323783136, 0.6193254997600653]",1,-1
12796,[0.48839799 0.62587758],12,5,"[0.47989515498241786, 0.6212764114798471]",1,-1
12797,[0.56368065 0.63405231],12,9,"[0.5945682323783136, 0.6193254997600653]",1,-1
12798,[0.5661731  0.64510713],12,9,"[0.5945682323783136, 0.6193254997600653]",1,-1
12799,[0.38161745 0.56385015],12,25,"[0.38660465276603295, 0.5871767558758164]",1,-1
12800,[0.54858063 0.60439467],12,9,"[0.5945682323783136, 0.6193254997600653]",1,66
12801,[0.50550933 0.66939099],12,5,"[0.47989515498241786, 0.6212764114798471]",1,-1
12802,[0.60631256 0.59065476],12,9,"[0.5945682323783136, 0.6193254997600653]",1,63
12803,[0.46052416 0.5136043 ],12,18,"[0.4203234088660354, 0.508036417947434]",1,-1
12804,[0.46267332 0.63378382],12,5,"[0.47989515498241786, 0.6212764114798471]",1,-1
12805,[0.5965666  0.60156894],12,9,"[0.5945682323783136, 0.6193254997600653]",1,-1
12806,[0.5022213  0.59058582],12,5,"[0.47989515498241786, 0.6212764114798471]",1,-1
12807,[0.41134337 0.60466384],12,25,"[0.38660465276603295, 0.5871767558758164]",1,-1
12808,[0.54684016 0.6069303 ],12,9,"[0.5945682323783136, 0.6193254997600653]",1,-1
12809,[0.55964046 0.50175314],12,2,"[0.5181425386759565, 0.548951681512668]",1,-1
12810,[0.56026364 0.62856134],12,9,"[0.5945682323783136, 0.6193254997600653]",1,-1
12811,[0.52901281 0.64567831],12,5,"[0.47989515498241786, 0.6212764114798471]",1,-1
12812,[0.57266373 0.68321603],12,41,"[0.5613949929729852, 0.701115936473092]",1,-1
12813,[0.47617291 0.66019343],12,45,"[0.4377614438459196, 0.655911915550708]",1,-1
12814,[0.57854904 0.70469456],12,41,"[0.5613949929729852, 0.701115936473092]",1,-1
12815,[0.48437323 0.5691953 ],12,2,"[0.5181425386759565, 0.548951681512668]",1,-1
12816,[0.58261435 0.65720471],12,9,"[0.5945682323783136, 0.6193254997600653]",1,-1
12817,[0.47398815 0.63405223],12,5,"[0.47989515498241786, 0.6212764114798471]",1,-1
12818,[0.58177345 0.57907783],12,9,"[0.5945682323783136, 0.6193254997600653]",1,69
12819,[0.58502841 0.61519168],12,9,"[0.5945682323783136, 0.6193254997600653]",1,-1
12820,[0.49474394 0.54509103],12,2,"[0.5181425386759565, 0.548951681512668]",1,-1
12821,[0.52713765 0.54440242],12,2,"[0.5181425386759565, 0.548951681512668]",1,-1
12822,[0.486626   0.63805522],12,5,"[0.47989515498241786, 0.6212764114798471]",1,-1
12823,[0.53553543 0.60017748],12,2,"[0.5181425386759565, 0.548951681512668]",1,-1
12824,[0.44691333 0.59257315],12,5,"[0.47989515498241786, 0.6212764114798471]",1,-1
12825,[0.54660462 0.65600433],12,41,"[0.5613949929729852, 0.701115936473092]",1,-1
12826,[0.4904706 0.5788885],12,2,"[0.5181425386759565, 0.548951681512668]",1,-1
12827,[0.45373742 0.64106729],12,45,"[0.4377614438459196, 0.655911915550708]",1,60
12828,[0.4554457  0.55328491],12,18,"[0.4203234088660354, 0.508036417947434]",1,-1
12829,[0.52952509 0.63491299],12,5,"[0.47989515498241786, 0.6212764114798471]",1,-1
12830,[0.64422023 0.55414673],12,10,"[0.6101257152780476, 0.5394800330734051]",1,-1
12831,[0.54884863 0.55471076],12,2,"[0.5181425386759565, 0.548951681512668]",1,-1
12832,[0.59408658 0.51775108],12,10,"[0.6101257152780476, 0.5394800330734051]",1,-1
12833,[0.57604159 0.66978202],12,41,"[0.5613949929729852, 0.701115936473092]",1,-1
12834,[0.55918527 0.57526021],12,2,"[0.5181425386759565, 0.548951681512668]",1,-1
12835,[0.57939474 0.72289397],12,41,"[0.5613949929729852, 0.701115936473092]",1,-1
12836,[0.60382127 0.55274704],12,10,"[0.6101257152780476, 0.5394800330734051]",1,-1
12837,[0.52823595 0.53194492],12,2,"[0.5181425386759565, 0.548951681512668]",1,-1
12838,[0.57955774 0.62720468],12,9,"[0.5945682323783136, 0.6193254997600653]",1,-1
12839,[0.55041621 0.6509138 ],12,41,"[0.5613949929729852, 0.701115936473092]",1,-1
12840,[0.44910309 0.6365751 ],12,45,"[0.4377614438459196, 0.655911915550708]",1,60
12841,[0.55966785 0.61021532],12,9,"[0.5945682323783136, 0.6193254997600653]",1,-1
12842,[0.53107287 0.5709869 ],12,2,"[0.5181425386759565, 0.548951681512668]",1,-1
12843,[0.59788606 0.64006001],12,9,"[0.5945682323783136, 0.6193254997600653]",1,-1
12844,[0.54359049 0.68892567],12,41,"[0.5613949929729852, 0.701115936473092]",1,-1
12845,[0.49543901 0.57842391],12,2,"[0.5181425386759565, 0.548951681512668]",1,-1
12846,[0.50208698 0.59916142],12,5,"[0.47989515498241786, 0.6212764114798471]",1,-1
12847,[0.51234604 0.66354918],12,5,"[0.47989515498241786, 0.6212764114798471]",1,-1
12848,[0.46500572 0.62379476],12,5,"[0.47989515498241786, 0.6212764114798471]",1,-1
12849,[0.44871275 0.60896464],12,5,"[0.47989515498241786, 0.6212764114798471]",1,60
12850,[0.52101764 0.64679971],12,5,"[0.47989515498241786, 0.6212764114798471]",1,-1
12851,[0.46488804 0.57430385],12,5,"[0.47989515498241786, 0.6212764114798471]",1,-1
12852,[0.57385498 0.6232609 ],12,9,"[0.5945682323783136, 0.6193254997600653]",1,-1
12853,[0.59350599 0.54154924],12,10,"[0.6101257152780476, 0.5394800330734051]",1,64
12854,[0.52920286 0.63732996],12,5,"[0.47989515498241786, 0.6212764114798471]",1,-1
12855,[0.52206381 0.73145652],12,41,"[0.5613949929729852, 0.701115936473092]",1,-1
12856,[0.56567618 0.6060235 ],12,9,"[0.5945682323783136, 0.6193254997600653]",1,-1
12857,[0.53128951 0.55811236],12,2,"[0.5181425386759565, 0.548951681512668]",1,65
12858,[0.51760694 0.64982374],12,5,"[0.47989515498241786, 0.6212764114798471]",1,-1
12859,[0.57584316 0.59315061],12,9,"[0.5945682323783136, 0.6193254997600653]",1,68
12860,[0.57783746 0.52152424],12,10,"[0.6101257152780476, 0.5394800330734051]",1,-1
12861,[0.50617988 0.59938758],12,5,"[0.47989515498241786, 0.6212764114798471]",1,-1
12862,[0.597462   0.69316765],12,41,"[0.5613949929729852, 0.701115936473092]",1,-1
12863,[0.5795976 0.7153252],12,41,"[0.5613949929729852, 0.701115936473092]",1,-1
12864,[0.45425339 0.55625892],12,18,"[0.4203234088660354, 0.508036417947434]",1,-1
12865,[0.51718278 0.63578024],12,5,"[0.47989515498241786, 0.6212764114798471]",1,-1
12866,[0.56264055 0.65379411],12,9,"[0.5945682323783136, 0.6193254997600653]",1,-1
12867,[0.56298156 0.6747738 ],12,41,"[0.5613949929729852, 0.701115936473092]",1,-1
12868,[0.54573016 0.63725857],12,9,"[0.5945682323783136, 0.6193254997600653]",1,-1
12869,[0.597148   0.53939756],12,10,"[0.6101257152780476, 0.5394800330734051]",1,-1
12870,[0.60958801 0.64587781],12,9,"[0.5945682323783136, 0.6193254997600653]",1,-1
12871,[0.53887209 0.56438854],12,2,"[0.5181425386759565, 0.548951681512668]",1,-1
12872,[0.58197464 0.63513918],12,9,"[0.5945682323783136, 0.6193254997600653]",1,-1
12873,[0.49564729 0.57729286],12,2,"[0.5181425386759565, 0.548951681512668]",1,-1
12874,[0.5373965  0.59275091],12,2,"[0.5181425386759565, 0.548951681512668]",1,-1
12875,[0.6108237  0.63113535],12,9,"[0.5945682323783136, 0.6193254997600653]",1,-1
12876,[0.54963235 0.56162485],12,2,"[0.5181425386759565, 0.548951681512668]",1,-1
12877,[0.50904605 0.57683967],12,2,"[0.5181425386759565, 0.548951681512668]",1,-1
12878,[0.55519714 0.72354316],12,41,"[0.5613949929729852, 0.701115936473092]",1,-1
12879,[0.58062864 0.6477156 ],12,9,"[0.5945682323783136, 0.6193254997600653]",1,-1
12880,[0.54325171 0.63635976],12,9,"[0.5945682323783136, 0.6193254997600653]",1,-1
12881,[0.54788437 0.69846797],12,41,"[0.5613949929729852, 0.701115936473092]",1,-1
12882,[0.43436931 0.51656765],12,18,"[0.4203234088660354, 0.508036417947434]",1,-1
12883,[0.52415204 0.58716666],12,2,"[0.5181425386759565, 0.548951681512668]",1,-1
12884,[0.48176223 0.58196662],12,5,"[0.47989515498241786, 0.6212764114798471]",1,-1
12885,[0.53833988 0.70320634],12,41,"[0.5613949929729852, 0.701115936473092]",1,-1
12886,[0.45212507 0.72158994],12,47,"[0.4308417820697566, 0.7426361553548808]",1,-1
12887,[0.51264897 0.56614221],12,2,"[0.5181425386759565, 0.548951681512668]",1,-1
12888,[0.41675356 0.62591458],12,45,"[0.4377614438459196, 0.655911915550708]",1,-1
12889,[0.52182295 0.61770014],12,5,"[0.47989515498241786, 0.6212764114798471]",1,-1
12890,[0.52660973 0.62599342],12,5,"[0.47989515498241786, 0.6212764114798471]",1,-1
12891,[0.50985698 0.62377606],12,5,"[0.47989515498241786, 0.6212764114798471]",1,-1
12892,[0.45000439 0.60875878],12,5,"[0.47989515498241786, 0.6212764114798471]",1,60
12893,[0.53542382 0.67860589],12,41,"[0.5613949929729852, 0.701115936473092]",1,-1
12894,[0.56173    0.56660972],12,2,"[0.5181425386759565, 0.548951681512668]",1,-1
12895,[0.56996302 0.65194103],12,9,"[0.5945682323783136, 0.6193254997600653]",1,-1
12896,[0.55960179 0.53315523],12,2,"[0.5181425386759565, 0.548951681512668]",1,-1
12897,[0.58363788 0.61200478],12,9,"[0.5945682323783136, 0.6193254997600653]",1,-1
12898,[0.51610289 0.58593587],12,2,"[0.5181425386759565, 0.548951681512668]",1,74
12899,[0.60568839 0.58051756],12,9,"[0.5945682323783136, 0.6193254997600653]",1,-1
12900,[0.49425854 0.54475905],12,2,"[0.5181425386759565, 0.548951681512668]",1,-1
12901,[0.51457049 0.59163744],12,2,"[0.5181425386759565, 0.548951681512668]",1,74
12902,[0.56925868 0.59546455],12,9,"[0.5945682323783136, 0.6193254997600653]",1,68
12903,[0.56741882 0.54379495],12,10,"[0.6101257152780476, 0.5394800330734051]",1,-1
12904,[0.5188996 0.5875177],12,2,"[0.5181425386759565, 0.548951681512668]",1,74
12905,[0.60149932 0.57092449],12,10,"[0.6101257152780476, 0.5394800330734051]",1,-1
12906,[0.54897343 0.4783607 ],12,27,"[0.5866068271601823, 0.4386408725933068]",1,-1
12907,[0.57658483 0.57340871],12,10,"[0.6101257152780476, 0.5394800330734051]",1,69
12908,[0.59885094 0.53087082],12,10,"[0.6101257152780476, 0.5394800330734051]",1,-1
12909,[0.49793585 0.57179024],12,2,"[0.5181425386759565, 0.548951681512668]",1,-1
12910,[0.55635338 0.5570617 ],12,2,"[0.5181425386759565, 0.548951681512668]",1,-1
12911,[0.55505337 0.63279783],12,9,"[0.5945682323783136, 0.6193254997600653]",1,-1
12912,[0.58219256 0.6555013 ],12,9,"[0.5945682323783136, 0.6193254997600653]",1,-1
12913,[0.54942884 0.54599613],12,2,"[0.5181425386759565, 0.548951681512668]",1,-1
12914,[0.49053405 0.60082021],12,5,"[0.47989515498241786, 0.6212764114798471]",1,67
12915,[0.56876103 0.6884284 ],12,41,"[0.5613949929729852, 0.701115936473092]",1,-1
12916,[0.5587642  0.51117625],12,2,"[0.5181425386759565, 0.548951681512668]",1,-1
12917,[0.43283137 0.50927435],12,18,"[0.4203234088660354, 0.508036417947434]",1,-1
12918,[0.56427899 0.65226624],12,9,"[0.5945682323783136, 0.6193254997600653]",1,-1
12919,[0.51152478 0.64645649],12,5,"[0.47989515498241786, 0.6212764114798471]",1,-1
12920,[0.59657972 0.59195658],12,9,"[0.5945682323783136, 0.6193254997600653]",1,63
12921,[0.57142799 0.57799394],12,9,"[0.5945682323783136, 0.6193254997600653]",1,69
12922,[0.59347337 0.55591009],12,10,"[0.6101257152780476, 0.5394800330734051]",1,64
12923,[0.45747915 0.63338535],12,5,"[0.47989515498241786, 0.6212764114798471]",1,60
12924,[0.49858446 0.60300997],12,5,"[0.47989515498241786, 0.6212764114798471]",1,-1
12925,[0.51558507 0.58388754],12,2,"[0.5181425386759565, 0.548951681512668]",1,-1
12926,[0.51986858 0.58400993],12,2,"[0.5181425386759565, 0.548951681512668]",1,74
12927,[0.47887451 0.61272315],12,5,"[0.47989515498241786, 0.6212764114798471]",1,-1
12928,[0.47805827 0.55506888],12,2,"[0.5181425386759565, 0.548951681512668]",1,-1
12929,[0.47054642 0.60141041],12,5,"[0.47989515498241786, 0.6212764114798471]",1,-1
12930,[0.46923089 0.58716619],12,5,"[0.47989515498241786, 0.6212764114798471]",1,70
12931,[0.59666725 0.66827393],12,41,"[0.5613949929729852, 0.701115936473092]",1,-1
12932,[0.59822029 0.62344268],12,9,"[0.5945682323783136, 0.6193254997600653]",1,-1
12933,[0.62063615 0.65542742],12,9,"[0.5945682323783136, 0.6193254997600653]",1,-1
12934,[0.46995915 0.62508408],12,5,"[0.47989515498241786, 0.6212764114798471]",1,-1
12935,[0.5826566  0.62323715],12,9,"[0.5945682323783136, 0.6193254997600653]",1,-1
12936,[0.55568146 0.64742198],12,9,"[0.5945682323783136, 0.6193254997600653]",1,-1
12937,[0.50853465 0.64831306],12,5,"[0.47989515498241786, 0.6212764114798471]",1,-1
12938,[0.52872125 0.677341  ],12,41,"[0.5613949929729852, 0.701115936473092]",1,-1
12939,[0.51770926 0.61469387],12,5,"[0.47989515498241786, 0.6212764114798471]",1,-1
12940,[0.54877208 0.58963546],12,2,"[0.5181425386759565, 0.548951681512668]",1,-1
12941,[0.52766805 0.5747391 ],12,2,"[0.5181425386759565, 0.548951681512668]",1,-1
12942,[0.57369666 0.67334415],12,41,"[0.5613949929729852, 0.701115936473092]",1,-1
12943,[0.44245327 0.58081781],12,5,"[0.47989515498241786, 0.6212764114798471]",1,-1
12944,[0.52927674 0.66613538],12,41,"[0.5613949929729852, 0.701115936473092]",1,-1
12945,[0.52450057 0.59569102],12,2,"[0.5181425386759565, 0.548951681512668]",1,-1
12946,[0.46633212 0.65000475],12,45,"[0.4377614438459196, 0.655911915550708]",1,-1
12947,[0.54860408 0.57142444],12,2,"[0.5181425386759565, 0.548951681512668]",1,65
12948,[0.53754932 0.56953888],12,2,"[0.5181425386759565, 0.548951681512668]",1,-1
12949,[0.5519243  0.54843113],12,2,"[0.5181425386759565, 0.548951681512668]",1,-1
12950,[0.60004345 0.63854326],12,9,"[0.5945682323783136, 0.6193254997600653]",1,-1
12951,[0.55025385 0.58220681],12,2,"[0.5181425386759565, 0.548951681512668]",1,-1
12952,[0.54288439 0.5452473 ],12,2,"[0.5181425386759565, 0.548951681512668]",1,-1
12953,[0.59356075 0.60638165],12,9,"[0.5945682323783136, 0.6193254997600653]",1,-1
12954,[0.49028881 0.53578503],12,2,"[0.5181425386759565, 0.548951681512668]",1,-1
12955,[0.50720554 0.5580608 ],12,2,"[0.5181425386759565, 0.548951681512668]",1,75
12956,[0.62570868 0.64343424],12,9,"[0.5945682323783136, 0.6193254997600653]",1,-1
12957,[0.56008325 0.66384213],12,41,"[0.5613949929729852, 0.701115936473092]",1,-1
12958,[0.53749994 0.70667501],12,41,"[0.5613949929729852, 0.701115936473092]",1,-1
12959,[0.51681985 0.60571207],12,5,"[0.47989515498241786, 0.6212764114798471]",1,-1
12960,[0.597359   0.58805335],12,9,"[0.5945682323783136, 0.6193254997600653]",1,63
12961,[0.54587114 0.57463227],12,2,"[0.5181425386759565, 0.548951681512668]",1,65
12962,[0.59790867 0.65094443],12,9,"[0.5945682323783136, 0.6193254997600653]",1,-1
12963,[0.55412648 0.61900775],12,9,"[0.5945682323783136, 0.6193254997600653]",1,-1
12964,[0.57584874 0.57693338],12,9,"[0.5945682323783136, 0.6193254997600653]",1,69
12965,[0.47722444 0.58915099],12,5,"[0.47989515498241786, 0.6212764114798471]",1,-1
12966,[0.52138474 0.63946526],12,5,"[0.47989515498241786, 0.6212764114798471]",1,-1
12967,[0.69284187 0.57441075],12,11,"[0.7051682617613192, 0.574171671796882]",1,-1
12968,[0.52948783 0.67456242],12,41,"[0.5613949929729852, 0.701115936473092]",1,-1
12969,[0.5012289 0.5933916],12,5,"[0.47989515498241786, 0.6212764114798471]",1,-1
12970,[0.48207635 0.47693925],12,35,"[0.491626887866141, 0.45015531396212327]",1,-1
12971,[0.51111994 0.62289631],12,5,"[0.47989515498241786, 0.6212764114798471]",1,-1
12972,[0.52302259 0.63033513],12,5,"[0.47989515498241786, 0.6212764114798471]",1,-1
12973,[0.5035839  0.55628987],12,2,"[0.5181425386759565, 0.548951681512668]",1,-1
12974,[0.61366278 0.61513215],12,9,"[0.5945682323783136, 0.6193254997600653]",1,-1
12975,[0.5983589  0.51021569],12,10,"[0.6101257152780476, 0.5394800330734051]",1,-1
12976,[0.54035858 0.57328282],12,2,"[0.5181425386759565, 0.548951681512668]",1,65
12977,[0.60270846 0.58781385],12,9,"[0.5945682323783136, 0.6193254997600653]",1,63
12978,[0.55611764 0.61234058],12,9,"[0.5945682323783136, 0.6193254997600653]",1,-1
12979,[0.52781803 0.60959654],12,5,"[0.47989515498241786, 0.6212764114798471]",1,-1
12980,[0.60406738 0.65691022],12,9,"[0.5945682323783136, 0.6193254997600653]",1,-1
12981,[0.47565438 0.61586125],12,5,"[0.47989515498241786, 0.6212764114798471]",1,60
12982,[0.50713331 0.66468278],12,5,"[0.47989515498241786, 0.6212764114798471]",1,-1
12983,[0.58356496 0.69569777],12,41,"[0.5613949929729852, 0.701115936473092]",1,-1
12984,[0.53730483 0.5466118 ],12,2,"[0.5181425386759565, 0.548951681512668]",1,-1
12985,[0.5178853  0.63413325],12,5,"[0.47989515498241786, 0.6212764114798471]",1,-1
12986,[0.42368473 0.55220337],12,18,"[0.4203234088660354, 0.508036417947434]",1,-1
12987,[0.52217033 0.70821384],12,41,"[0.5613949929729852, 0.701115936473092]",1,-1
12988,[0.47593506 0.60394384],12,5,"[0.47989515498241786, 0.6212764114798471]",1,-1
12989,[0.55027469 0.61417412],12,9,"[0.5945682323783136, 0.6193254997600653]",1,-1
12990,[0.50061773 0.65800269],12,5,"[0.47989515498241786, 0.6212764114798471]",1,-1
12991,[0.59814704 0.66537571],12,9,"[0.5945682323783136, 0.6193254997600653]",1,-1
12992,[0.49209525 0.48175394],12,35,"[0.491626887866141, 0.45015531396212327]",1,-1
12993,[0.57366884 0.63680573],12,9,"[0.5945682323783136, 0.6193254997600653]",1,-1
12994,[0.53287914 0.69777177],12,41,"[0.5613949929729852, 0.701115936473092]",1,-1
12995,[0.47819095 0.64238349],12,5,"[0.47989515498241786, 0.6212764114798471]",1,36
12996,[0.54146271 0.68387297],12,41,"[0.5613949929729852, 0.701115936473092]",1,-1
12997,[0.40825786 0.49967153],12,18,"[0.4203234088660354, 0.508036417947434]",1,-1
12998,[0.54999576 0.71133786],12,41,"[0.5613949929729852, 0.701115936473092]",1,-1
12999,[0.56687938 0.54114197],12,10,"[0.6101257152780476, 0.5394800330734051]",1,-1
13000,[0.59979781 0.60639261],13,9,"[0.5945682323783136, 0.6193254997600653]",1,-1
13001,[0.52906313 0.61254515],13,5,"[0.47989515498241786, 0.6212764114798471]",1,-1
13002,[0.58354536 0.59524205],13,9,"[0.5945682323783136, 0.6193254997600653]",1,-1
13003,[0.49407404 0.56199223],13,2,"[0.5181425386759565, 0.548951681512668]",1,-1
13004,[0.68855157 0.46467292],13,26,"[0.6734889003123068, 0.4756404454441684]",1,-1
13005,[0.57671854 0.53829227],13,10,"[0.6101257152780476, 0.5394800330734051]",1,-1
13006,[0.58493238 0.52501741],13,10,"[0.6101257152780476, 0.5394800330734051]",1,-1
13007,[0.53691975 0.41789681],13,27,"[0.5866068271601823, 0.4386408725933068]",1,-1
13008,[0.52059123 0.62223798],13,5,"[0.47989515498241786, 0.6212764114798471]",1,-1
13009,[0.59065628 0.54394433],13,10,"[0.6101257152780476, 0.5394800330734051]",1,-1
13010,[0.67027921 0.52505541],13,26,"[0.6734889003123068, 0.4756404454441684]",1,-1
13011,[0.59915651 0.49560738],13,10,"[0.6101257152780476, 0.5394800330734051]",1,-1
13012,[0.61901762 0.57884112],13,10,"[0.6101257152780476, 0.5394800330734051]",1,63
13013,[0.53866322 0.51451365],13,2,"[0.5181425386759565, 0.548951681512668]",1,-1
13014,[0.51207574 0.56616428],13,2,"[0.5181425386759565, 0.548951681512668]",1,-1
13015,[0.53384766 0.6098616 ],13,5,"[0.47989515498241786, 0.6212764114798471]",1,-1
13016,[0.63065497 0.51995677],13,10,"[0.6101257152780476, 0.5394800330734051]",1,-1
13017,[0.48569933 0.56871979],13,2,"[0.5181425386759565, 0.548951681512668]",1,70
13018,[0.63466515 0.54406554],13,10,"[0.6101257152780476, 0.5394800330734051]",1,-1
13019,[0.56443181 0.56735386],13,2,"[0.5181425386759565, 0.548951681512668]",1,-1
13020,[0.5361324  0.59597641],13,2,"[0.5181425386759565, 0.548951681512668]",1,-1
13021,[0.60500082 0.52752957],13,10,"[0.6101257152780476, 0.5394800330734051]",1,-1
13022,[0.56509144 0.51146038],13,10,"[0.6101257152780476, 0.5394800330734051]",1,-1
13023,[0.59306328 0.50434141],13,10,"[0.6101257152780476, 0.5394800330734051]",1,-1
13024,[0.53846699 0.5554568 ],13,2,"[0.5181425386759565, 0.548951681512668]",1,-1
13025,[0.56269164 0.50709238],13,10,"[0.6101257152780476, 0.5394800330734051]",1,-1
13026,[0.63142028 0.60113463],13,9,"[0.5945682323783136, 0.6193254997600653]",1,-1
13027,[0.58125121 0.58327022],13,9,"[0.5945682323783136, 0.6193254997600653]",1,-1
13028,[0.5542145  0.64087272],13,9,"[0.5945682323783136, 0.6193254997600653]",1,-1
13029,[0.64555112 0.58189455],13,10,"[0.6101257152780476, 0.5394800330734051]",1,-1
13030,[0.64463888 0.62478207],13,9,"[0.5945682323783136, 0.6193254997600653]",1,-1
13031,[0.60110351 0.59492275],13,9,"[0.5945682323783136, 0.6193254997600653]",1,63
13032,[0.63153812 0.65473725],13,9,"[0.5945682323783136, 0.6193254997600653]",1,-1
13033,[0.61864934 0.62272266],13,9,"[0.5945682323783136, 0.6193254997600653]",1,-1
13034,[0.5398145  0.65193259],13,41,"[0.5613949929729852, 0.701115936473092]",1,-1
13035,[0.64776149 0.55341974],13,10,"[0.6101257152780476, 0.5394800330734051]",1,-1
13036,[0.55113559 0.6539234 ],13,41,"[0.5613949929729852, 0.701115936473092]",1,-1
13037,[0.62148443 0.5702673 ],13,10,"[0.6101257152780476, 0.5394800330734051]",1,-1
13038,[0.51913076 0.50037436],13,2,"[0.5181425386759565, 0.548951681512668]",1,-1
13039,[0.6112988  0.62065517],13,9,"[0.5945682323783136, 0.6193254997600653]",1,-1
13040,[0.58251698 0.54274149],13,10,"[0.6101257152780476, 0.5394800330734051]",1,-1
13041,[0.62253397 0.47021123],13,27,"[0.5866068271601823, 0.4386408725933068]",1,-1
13042,[0.44288197 0.51612825],13,18,"[0.4203234088660354, 0.508036417947434]",1,-1
13043,[0.60904438 0.6319956 ],13,9,"[0.5945682323783136, 0.6193254997600653]",1,-1
13044,[0.57567043 0.58285765],13,9,"[0.5945682323783136, 0.6193254997600653]",1,-1
13045,[0.57416664 0.55471259],13,10,"[0.6101257152780476, 0.5394800330734051]",1,-1
13046,[0.51760102 0.56767273],13,2,"[0.5181425386759565, 0.548951681512668]",1,-1
13047,[0.65851265 0.68783234],13,-1,-1,1,-1
13048,[0.55089353 0.57325267],13,2,"[0.5181425386759565, 0.548951681512668]",1,-1
13049,[0.57480518 0.54438696],13,10,"[0.6101257152780476, 0.5394800330734051]",1,69
13050,[0.51696121 0.52314143],13,2,"[0.5181425386759565, 0.548951681512668]",1,-1
13051,[0.4883803  0.57795441],13,2,"[0.5181425386759565, 0.548951681512668]",1,-1
13052,[0.53874402 0.56069006],13,2,"[0.5181425386759565, 0.548951681512668]",1,-1
13053,[0.55661554 0.59953028],13,9,"[0.5945682323783136, 0.6193254997600653]",1,-1
13054,[0.56739132 0.51633838],13,10,"[0.6101257152780476, 0.5394800330734051]",1,-1
13055,[0.53721492 0.48775138],13,35,"[0.491626887866141, 0.45015531396212327]",1,-1
13056,[0.54981762 0.53938163],13,2,"[0.5181425386759565, 0.548951681512668]",1,-1
13057,[0.62671053 0.54653188],13,10,"[0.6101257152780476, 0.5394800330734051]",1,-1
13058,[0.56775993 0.56249034],13,10,"[0.6101257152780476, 0.5394800330734051]",1,-1
13059,[0.56449994 0.47418237],13,27,"[0.5866068271601823, 0.4386408725933068]",1,-1
13060,[0.58182768 0.55389872],13,10,"[0.6101257152780476, 0.5394800330734051]",1,-1
13061,[0.6187874  0.58568758],13,9,"[0.5945682323783136, 0.6193254997600653]",1,63
13062,[0.5782345  0.58234546],13,9,"[0.5945682323783136, 0.6193254997600653]",1,-1
13063,[0.51054155 0.58637339],13,2,"[0.5181425386759565, 0.548951681512668]",1,-1
13064,[0.51831784 0.54769604],13,2,"[0.5181425386759565, 0.548951681512668]",1,-1
13065,[0.56878219 0.46716597],13,27,"[0.5866068271601823, 0.4386408725933068]",1,-1
13066,[0.50690849 0.56320418],13,2,"[0.5181425386759565, 0.548951681512668]",1,-1
13067,[0.4680405 0.5185825],13,18,"[0.4203234088660354, 0.508036417947434]",1,-1
13068,[0.39775636 0.58790375],13,25,"[0.38660465276603295, 0.5871767558758164]",1,-1
13069,[0.5386004  0.59134876],13,2,"[0.5181425386759565, 0.548951681512668]",1,-1
13070,[0.52471012 0.59203084],13,2,"[0.5181425386759565, 0.548951681512668]",1,-1
13071,[0.56427383 0.59378442],13,9,"[0.5945682323783136, 0.6193254997600653]",1,-1
13072,[0.55966139 0.55390721],13,2,"[0.5181425386759565, 0.548951681512668]",1,-1
13073,[0.54739305 0.50465214],13,2,"[0.5181425386759565, 0.548951681512668]",1,-1
13074,[0.4645052  0.60566746],13,5,"[0.47989515498241786, 0.6212764114798471]",1,-1
13075,[0.56720271 0.54827181],13,10,"[0.6101257152780476, 0.5394800330734051]",1,-1
13076,[0.49606451 0.51627947],13,2,"[0.5181425386759565, 0.548951681512668]",1,-1
13077,[0.5576042  0.52571336],13,2,"[0.5181425386759565, 0.548951681512668]",1,-1
13078,[0.61159534 0.57290787],13,10,"[0.6101257152780476, 0.5394800330734051]",1,-1
13079,[0.58163814 0.58325496],13,9,"[0.5945682323783136, 0.6193254997600653]",1,-1
13080,[0.62413559 0.57018567],13,10,"[0.6101257152780476, 0.5394800330734051]",1,-1
13081,[0.54127634 0.50279359],13,2,"[0.5181425386759565, 0.548951681512668]",1,-1
13082,[0.54248842 0.45453734],13,27,"[0.5866068271601823, 0.4386408725933068]",1,-1
13083,[0.54703923 0.4873184 ],13,27,"[0.5866068271601823, 0.4386408725933068]",1,-1
13084,[0.60781075 0.4932053 ],13,10,"[0.6101257152780476, 0.5394800330734051]",1,34
13085,[0.54894682 0.60220314],13,9,"[0.5945682323783136, 0.6193254997600653]",1,66
13086,[0.61607579 0.62100743],13,9,"[0.5945682323783136, 0.6193254997600653]",1,-1
13087,[0.58528469 0.51687685],13,10,"[0.6101257152780476, 0.5394800330734051]",1,-1
13088,[0.54460747 0.59516525],13,2,"[0.5181425386759565, 0.548951681512668]",1,66
13089,[0.58484414 0.50015972],13,10,"[0.6101257152780476, 0.5394800330734051]",1,-1
13090,[0.57265504 0.50297016],13,10,"[0.6101257152780476, 0.5394800330734051]",1,-1
13091,[0.54785263 0.49133298],13,2,"[0.5181425386759565, 0.548951681512668]",1,-1
13092,[0.58161581 0.52994094],13,10,"[0.6101257152780476, 0.5394800330734051]",1,-1
13093,[0.60546714 0.55488809],13,10,"[0.6101257152780476, 0.5394800330734051]",1,64
13094,[0.61268791 0.64627679],13,9,"[0.5945682323783136, 0.6193254997600653]",1,-1
13095,[0.50491888 0.45711095],13,35,"[0.491626887866141, 0.45015531396212327]",1,-1
13096,[0.53989653 0.54997723],13,2,"[0.5181425386759565, 0.548951681512668]",1,65
13097,[0.47408344 0.54684162],13,2,"[0.5181425386759565, 0.548951681512668]",1,-1
13098,[0.62326914 0.58690007],13,9,"[0.5945682323783136, 0.6193254997600653]",1,-1
13099,[0.64564235 0.5172944 ],13,10,"[0.6101257152780476, 0.5394800330734051]",1,-1
13100,[0.54761915 0.54087497],13,2,"[0.5181425386759565, 0.548951681512668]",1,-1
13101,[0.70071591 0.48437657],13,26,"[0.6734889003123068, 0.4756404454441684]",1,-1
13102,[0.60442066 0.62408792],13,9,"[0.5945682323783136, 0.6193254997600653]",1,-1
13103,[0.60254584 0.57841755],13,10,"[0.6101257152780476, 0.5394800330734051]",1,-1
13104,[0.6125153  0.62227944],13,9,"[0.5945682323783136, 0.6193254997600653]",1,-1
13105,[0.64078261 0.5887076 ],13,9,"[0.5945682323783136, 0.6193254997600653]",1,-1
13106,[0.52204497 0.50484889],13,2,"[0.5181425386759565, 0.548951681512668]",1,-1
13107,[0.54672319 0.57445065],13,2,"[0.5181425386759565, 0.548951681512668]",1,65
13108,[0.55694943 0.64141321],13,9,"[0.5945682323783136, 0.6193254997600653]",1,-1
13109,[0.54660413 0.54753906],13,2,"[0.5181425386759565, 0.548951681512668]",1,-1
13110,[0.60864123 0.57812137],13,10,"[0.6101257152780476, 0.5394800330734051]",1,-1
13111,[0.5755889  0.62332147],13,9,"[0.5945682323783136, 0.6193254997600653]",1,-1
13112,[0.63610051 0.64559155],13,9,"[0.5945682323783136, 0.6193254997600653]",1,-1
13113,[0.63645424 0.53542128],13,10,"[0.6101257152780476, 0.5394800330734051]",1,-1
13114,[0.64356059 0.57063853],13,10,"[0.6101257152780476, 0.5394800330734051]",1,-1
13115,[0.5477335  0.53686212],13,2,"[0.5181425386759565, 0.548951681512668]",1,-1
13116,[0.61764331 0.58260469],13,9,"[0.5945682323783136, 0.6193254997600653]",1,63
13117,[0.49382354 0.6348065 ],13,5,"[0.47989515498241786, 0.6212764114798471]",1,-1
13118,[0.55179503 0.60548769],13,9,"[0.5945682323783136, 0.6193254997600653]",1,-1
13119,[0.50400812 0.47130092],13,35,"[0.491626887866141, 0.45015531396212327]",1,-1
13120,[0.56509795 0.52001108],13,10,"[0.6101257152780476, 0.5394800330734051]",1,-1
13121,[0.54670921 0.55849184],13,2,"[0.5181425386759565, 0.548951681512668]",1,-1
13122,[0.48406499 0.57091766],13,2,"[0.5181425386759565, 0.548951681512668]",1,-1
13123,[0.61099164 0.53172832],13,10,"[0.6101257152780476, 0.5394800330734051]",1,-1
13124,[0.57841805 0.52471281],13,10,"[0.6101257152780476, 0.5394800330734051]",1,-1
13125,[0.61083818 0.53602735],13,10,"[0.6101257152780476, 0.5394800330734051]",1,-1
13126,[0.58488327 0.43681501],13,27,"[0.5866068271601823, 0.4386408725933068]",1,-1
13127,[0.55378827 0.49364142],13,27,"[0.5866068271601823, 0.4386408725933068]",1,-1
13128,[0.62892803 0.5150948 ],13,10,"[0.6101257152780476, 0.5394800330734051]",1,-1
13129,[0.56733051 0.57022934],13,10,"[0.6101257152780476, 0.5394800330734051]",1,-1
13130,[0.52498052 0.54760231],13,2,"[0.5181425386759565, 0.548951681512668]",1,65
13131,[0.51058619 0.56582561],13,2,"[0.5181425386759565, 0.548951681512668]",1,-1
13132,[0.48735357 0.49028708],13,35,"[0.491626887866141, 0.45015531396212327]",1,-1
13133,[0.57699127 0.52857859],13,10,"[0.6101257152780476, 0.5394800330734051]",1,-1
13134,[0.52204686 0.4881104 ],13,35,"[0.491626887866141, 0.45015531396212327]",1,-1
13135,[0.63171107 0.61579783],13,9,"[0.5945682323783136, 0.6193254997600653]",1,-1
13136,[0.60039483 0.66787092],13,9,"[0.5945682323783136, 0.6193254997600653]",1,-1
13137,[0.51338073 0.55285396],13,2,"[0.5181425386759565, 0.548951681512668]",1,-1
13138,[0.54871676 0.5333284 ],13,2,"[0.5181425386759565, 0.548951681512668]",1,-1
13139,[0.59123433 0.53373877],13,10,"[0.6101257152780476, 0.5394800330734051]",1,-1
13140,[0.59865575 0.58896492],13,9,"[0.5945682323783136, 0.6193254997600653]",1,63
13141,[0.62188273 0.54393181],13,10,"[0.6101257152780476, 0.5394800330734051]",1,-1
13142,[0.52386689 0.54219029],13,2,"[0.5181425386759565, 0.548951681512668]",1,-1
13143,[0.59235211 0.58264715],13,9,"[0.5945682323783136, 0.6193254997600653]",1,-1
13144,[0.59526813 0.51612145],13,10,"[0.6101257152780476, 0.5394800330734051]",1,-1
13145,[0.58740945 0.55154439],13,10,"[0.6101257152780476, 0.5394800330734051]",1,-1
13146,[0.59633116 0.60548877],13,9,"[0.5945682323783136, 0.6193254997600653]",1,-1
13147,[0.60142299 0.50846893],13,10,"[0.6101257152780476, 0.5394800330734051]",1,-1
13148,[0.6554872  0.58487694],13,11,"[0.7051682617613192, 0.574171671796882]",1,55
13149,[0.548599   0.57378744],13,2,"[0.5181425386759565, 0.548951681512668]",1,65
13150,[0.57458131 0.57332836],13,10,"[0.6101257152780476, 0.5394800330734051]",1,69
13151,[0.54530811 0.56758229],13,2,"[0.5181425386759565, 0.548951681512668]",1,65
13152,[0.51798437 0.51412764],13,2,"[0.5181425386759565, 0.548951681512668]",1,-1
13153,[0.58367196 0.63076139],13,9,"[0.5945682323783136, 0.6193254997600653]",1,-1
13154,[0.5383906  0.57298758],13,2,"[0.5181425386759565, 0.548951681512668]",1,65
13155,[0.55504396 0.60401526],13,9,"[0.5945682323783136, 0.6193254997600653]",1,-1
13156,[0.57538734 0.5191416 ],13,10,"[0.6101257152780476, 0.5394800330734051]",1,-1
13157,[0.48806035 0.58571843],13,5,"[0.47989515498241786, 0.6212764114798471]",1,70
13158,[0.60615853 0.51926275],13,10,"[0.6101257152780476, 0.5394800330734051]",1,-1
13159,[0.5789436  0.54100233],13,10,"[0.6101257152780476, 0.5394800330734051]",1,69
13160,[0.50085248 0.59959239],13,5,"[0.47989515498241786, 0.6212764114798471]",1,-1
13161,[0.65970592 0.56838601],13,11,"[0.7051682617613192, 0.574171671796882]",1,-1
13162,[0.57841534 0.47858039],13,27,"[0.5866068271601823, 0.4386408725933068]",1,-1
13163,[0.58565529 0.58783469],13,9,"[0.5945682323783136, 0.6193254997600653]",1,63
13164,[0.5706787  0.64353454],13,9,"[0.5945682323783136, 0.6193254997600653]",1,-1
13165,[0.59073884 0.61668473],13,9,"[0.5945682323783136, 0.6193254997600653]",1,-1
13166,[0.49130643 0.54328981],13,2,"[0.5181425386759565, 0.548951681512668]",1,-1
13167,[0.55104167 0.53721688],13,2,"[0.5181425386759565, 0.548951681512668]",1,-1
13168,[0.61419438 0.56907721],13,10,"[0.6101257152780476, 0.5394800330734051]",1,-1
13169,[0.64493167 0.52778418],13,10,"[0.6101257152780476, 0.5394800330734051]",1,-1
13170,[0.55979272 0.55250258],13,2,"[0.5181425386759565, 0.548951681512668]",1,-1
13171,[0.53075769 0.47290749],13,35,"[0.491626887866141, 0.45015531396212327]",1,-1
13172,[0.54676829 0.61427385],13,9,"[0.5945682323783136, 0.6193254997600653]",1,-1
13173,[0.56866371 0.55172744],13,10,"[0.6101257152780476, 0.5394800330734051]",1,-1
13174,[0.60301124 0.45791794],13,27,"[0.5866068271601823, 0.4386408725933068]",1,-1
13175,[0.58176238 0.57545019],13,9,"[0.5945682323783136, 0.6193254997600653]",1,69
13176,[0.64654054 0.44497222],13,26,"[0.6734889003123068, 0.4756404454441684]",1,-1
13177,[0.56698642 0.59175755],13,9,"[0.5945682323783136, 0.6193254997600653]",1,-1
13178,[0.58290946 0.55107662],13,10,"[0.6101257152780476, 0.5394800330734051]",1,-1
13179,[0.67853334 0.60161051],13,11,"[0.7051682617613192, 0.574171671796882]",1,-1
13180,[0.6630289  0.53464441],13,10,"[0.6101257152780476, 0.5394800330734051]",1,-1
13181,[0.55711544 0.6369339 ],13,9,"[0.5945682323783136, 0.6193254997600653]",1,-1
13182,[0.55663372 0.57613282],13,2,"[0.5181425386759565, 0.548951681512668]",1,-1
13183,[0.57478139 0.62634776],13,9,"[0.5945682323783136, 0.6193254997600653]",1,-1
13184,[0.56177874 0.60138762],13,9,"[0.5945682323783136, 0.6193254997600653]",1,-1
13185,[0.45552515 0.64772599],13,45,"[0.4377614438459196, 0.655911915550708]",1,-1
13186,[0.69425095 0.59496584],13,11,"[0.7051682617613192, 0.574171671796882]",1,-1
13187,[0.65060483 0.49467351],13,26,"[0.6734889003123068, 0.4756404454441684]",1,-1
13188,[0.51447953 0.55230213],13,2,"[0.5181425386759565, 0.548951681512668]",1,-1
13189,[0.55870754 0.55897264],13,2,"[0.5181425386759565, 0.548951681512668]",1,65
13190,[0.58626282 0.60277099],13,9,"[0.5945682323783136, 0.6193254997600653]",1,-1
13191,[0.61828505 0.52362506],13,10,"[0.6101257152780476, 0.5394800330734051]",1,-1
13192,[0.54064642 0.61796982],13,9,"[0.5945682323783136, 0.6193254997600653]",1,-1
13193,[0.54551773 0.45472386],13,27,"[0.5866068271601823, 0.4386408725933068]",1,-1
13194,[0.40603799 0.49214338],13,18,"[0.4203234088660354, 0.508036417947434]",1,-1
13195,[0.51895466 0.575225  ],13,2,"[0.5181425386759565, 0.548951681512668]",1,-1
13196,[0.68250784 0.55385706],13,11,"[0.7051682617613192, 0.574171671796882]",1,-1
13197,[0.57107733 0.53930851],13,10,"[0.6101257152780476, 0.5394800330734051]",1,-1
13198,[0.64427758 0.54212806],13,10,"[0.6101257152780476, 0.5394800330734051]",1,-1
13199,[0.59770366 0.54213505],13,10,"[0.6101257152780476, 0.5394800330734051]",1,-1
13200,[0.56752999 0.6374366 ],13,9,"[0.5945682323783136, 0.6193254997600653]",1,-1
13201,[0.60857208 0.58695576],13,9,"[0.5945682323783136, 0.6193254997600653]",1,63
13202,[0.57057931 0.53463887],13,10,"[0.6101257152780476, 0.5394800330734051]",1,-1
13203,[0.57469465 0.51537608],13,10,"[0.6101257152780476, 0.5394800330734051]",1,-1
13204,[0.5916107  0.54312587],13,10,"[0.6101257152780476, 0.5394800330734051]",1,-1
13205,[0.56652259 0.53114908],13,10,"[0.6101257152780476, 0.5394800330734051]",1,-1
13206,[0.44177752 0.47025212],13,18,"[0.4203234088660354, 0.508036417947434]",1,-1
13207,[0.50886063 0.6476682 ],13,5,"[0.47989515498241786, 0.6212764114798471]",1,-1
13208,[0.52676241 0.56183153],13,2,"[0.5181425386759565, 0.548951681512668]",1,65
13209,[0.62270668 0.56418156],13,10,"[0.6101257152780476, 0.5394800330734051]",1,-1
13210,[0.69866759 0.54463279],13,11,"[0.7051682617613192, 0.574171671796882]",1,-1
13211,[0.48889407 0.55139291],13,2,"[0.5181425386759565, 0.548951681512668]",1,-1
13212,[0.60779123 0.59334506],13,9,"[0.5945682323783136, 0.6193254997600653]",1,-1
13213,[0.60366588 0.47423663],13,27,"[0.5866068271601823, 0.4386408725933068]",1,-1
13214,[0.6279656  0.53349009],13,10,"[0.6101257152780476, 0.5394800330734051]",1,-1
13215,[0.55963466 0.54818436],13,2,"[0.5181425386759565, 0.548951681512668]",1,-1
13216,[0.58780503 0.5016074 ],13,10,"[0.6101257152780476, 0.5394800330734051]",1,-1
13217,[0.60855969 0.63914653],13,9,"[0.5945682323783136, 0.6193254997600653]",1,-1
13218,[0.63480521 0.57216649],13,10,"[0.6101257152780476, 0.5394800330734051]",1,-1
13219,[0.68873095 0.49380883],13,26,"[0.6734889003123068, 0.4756404454441684]",1,-1
13220,[0.59304336 0.59432787],13,9,"[0.5945682323783136, 0.6193254997600653]",1,-1
13221,[0.6122574  0.58084259],13,10,"[0.6101257152780476, 0.5394800330734051]",1,-1
13222,[0.57275874 0.51036815],13,10,"[0.6101257152780476, 0.5394800330734051]",1,-1
13223,[0.65733411 0.62345962],13,9,"[0.5945682323783136, 0.6193254997600653]",1,-1
13224,[0.6109598  0.58745163],13,9,"[0.5945682323783136, 0.6193254997600653]",1,63
13225,[0.58401632 0.53715702],13,10,"[0.6101257152780476, 0.5394800330734051]",1,-1
13226,[0.56176429 0.46870869],13,27,"[0.5866068271601823, 0.4386408725933068]",1,-1
13227,[0.48238597 0.49605478],13,35,"[0.491626887866141, 0.45015531396212327]",1,-1
13228,[0.52470783 0.66153715],13,41,"[0.5613949929729852, 0.701115936473092]",1,-1
13229,[0.58580092 0.53347934],13,10,"[0.6101257152780476, 0.5394800330734051]",1,-1
13230,[0.55124685 0.56107002],13,2,"[0.5181425386759565, 0.548951681512668]",1,-1
13231,[0.55762572 0.54114698],13,2,"[0.5181425386759565, 0.548951681512668]",1,-1
13232,[0.45014756 0.60163847],13,5,"[0.47989515498241786, 0.6212764114798471]",1,-1
13233,[0.63985147 0.51800222],13,10,"[0.6101257152780476, 0.5394800330734051]",1,-1
13234,[0.60655246 0.58403426],13,9,"[0.5945682323783136, 0.6193254997600653]",1,-1
13235,[0.57973238 0.54315842],13,10,"[0.6101257152780476, 0.5394800330734051]",1,-1
13236,[0.5047226  0.53863732],13,2,"[0.5181425386759565, 0.548951681512668]",1,-1
13237,[0.66887603 0.50786942],13,26,"[0.6734889003123068, 0.4756404454441684]",1,-1
13238,[0.53157535 0.56292725],13,2,"[0.5181425386759565, 0.548951681512668]",1,65
13239,[0.60632396 0.561109  ],13,10,"[0.6101257152780476, 0.5394800330734051]",1,64
13240,[0.53876591 0.55312538],13,2,"[0.5181425386759565, 0.548951681512668]",1,-1
13241,[0.56826681 0.5264072 ],13,10,"[0.6101257152780476, 0.5394800330734051]",1,-1
13242,[0.57395608 0.56246634],13,10,"[0.6101257152780476, 0.5394800330734051]",1,-1
13243,[0.58533356 0.55172256],13,10,"[0.6101257152780476, 0.5394800330734051]",1,-1
13244,[0.44947737 0.60895765],13,5,"[0.47989515498241786, 0.6212764114798471]",1,60
13245,[0.54563872 0.56765102],13,2,"[0.5181425386759565, 0.548951681512668]",1,-1
13246,[0.57294936 0.5457695 ],13,10,"[0.6101257152780476, 0.5394800330734051]",1,69
13247,[0.59205349 0.52040026],13,10,"[0.6101257152780476, 0.5394800330734051]",1,-1
13248,[0.53252814 0.53727014],13,2,"[0.5181425386759565, 0.548951681512668]",1,-1
13249,[0.58900178 0.5434113 ],13,10,"[0.6101257152780476, 0.5394800330734051]",1,-1
13250,[0.49870292 0.51233681],13,2,"[0.5181425386759565, 0.548951681512668]",1,-1
13251,[0.51039782 0.60916773],13,5,"[0.47989515498241786, 0.6212764114798471]",1,-1
13252,[0.53426891 0.5684538 ],13,2,"[0.5181425386759565, 0.548951681512668]",1,65
13253,[0.46902833 0.55146664],13,2,"[0.5181425386759565, 0.548951681512668]",1,-1
13254,[0.54247141 0.49545862],13,2,"[0.5181425386759565, 0.548951681512668]",1,-1
13255,[0.58635622 0.52166156],13,10,"[0.6101257152780476, 0.5394800330734051]",1,-1
13256,[0.47517641 0.52880758],13,2,"[0.5181425386759565, 0.548951681512668]",1,49
13257,[0.57116958 0.54729539],13,10,"[0.6101257152780476, 0.5394800330734051]",1,-1
13258,[0.56180975 0.62026858],13,9,"[0.5945682323783136, 0.6193254997600653]",1,-1
13259,[0.61047847 0.47067173],13,27,"[0.5866068271601823, 0.4386408725933068]",1,-1
13260,[0.63479105 0.55129994],13,10,"[0.6101257152780476, 0.5394800330734051]",1,-1
13261,[0.57882937 0.55189787],13,10,"[0.6101257152780476, 0.5394800330734051]",1,69
13262,[0.5167492  0.56598557],13,2,"[0.5181425386759565, 0.548951681512668]",1,-1
13263,[0.61445943 0.54130796],13,10,"[0.6101257152780476, 0.5394800330734051]",1,-1
13264,[0.58951912 0.62662733],13,9,"[0.5945682323783136, 0.6193254997600653]",1,-1
13265,[0.51687036 0.51389483],13,2,"[0.5181425386759565, 0.548951681512668]",1,-1
13266,[0.623978   0.49443197],13,10,"[0.6101257152780476, 0.5394800330734051]",1,-1
13267,[0.59576109 0.49730402],13,10,"[0.6101257152780476, 0.5394800330734051]",1,-1
13268,[0.52320758 0.57720848],13,2,"[0.5181425386759565, 0.548951681512668]",1,-1
13269,[0.49753681 0.57919642],13,2,"[0.5181425386759565, 0.548951681512668]",1,-1
13270,[0.61767174 0.5536813 ],13,10,"[0.6101257152780476, 0.5394800330734051]",1,-1
13271,[0.53706397 0.47719262],13,35,"[0.491626887866141, 0.45015531396212327]",1,-1
13272,[0.55095362 0.51543538],13,2,"[0.5181425386759565, 0.548951681512668]",1,-1
13273,[0.49677502 0.53455475],13,2,"[0.5181425386759565, 0.548951681512668]",1,-1
13274,[0.58772699 0.4833185 ],13,27,"[0.5866068271601823, 0.4386408725933068]",1,-1
13275,[0.563419  0.6463402],13,9,"[0.5945682323783136, 0.6193254997600653]",1,-1
13276,[0.55302515 0.56683066],13,2,"[0.5181425386759565, 0.548951681512668]",1,-1
13277,[0.5510432 0.5665715],13,2,"[0.5181425386759565, 0.548951681512668]",1,65
13278,[0.58668027 0.52108482],13,10,"[0.6101257152780476, 0.5394800330734051]",1,-1
13279,[0.61723566 0.4882591 ],13,10,"[0.6101257152780476, 0.5394800330734051]",1,34
13280,[0.65167265 0.74794602],13,34,"[0.6634532409245524, 0.760224782080757]",1,-1
13281,[0.6290134  0.58251307],13,10,"[0.6101257152780476, 0.5394800330734051]",1,-1
13282,[0.53675247 0.56251475],13,2,"[0.5181425386759565, 0.548951681512668]",1,-1
13283,[0.57605255 0.63366585],13,9,"[0.5945682323783136, 0.6193254997600653]",1,-1
13284,[0.65816976 0.54390353],13,10,"[0.6101257152780476, 0.5394800330734051]",1,-1
13285,[0.49864797 0.54789732],13,2,"[0.5181425386759565, 0.548951681512668]",1,-1
13286,[0.57128503 0.56585752],13,10,"[0.6101257152780476, 0.5394800330734051]",1,69
13287,[0.56313063 0.46385733],13,27,"[0.5866068271601823, 0.4386408725933068]",1,-1
13288,[0.60202584 0.55234223],13,10,"[0.6101257152780476, 0.5394800330734051]",1,-1
13289,[0.64059146 0.55788636],13,10,"[0.6101257152780476, 0.5394800330734051]",1,-1
13290,[0.54927386 0.60840257],13,9,"[0.5945682323783136, 0.6193254997600653]",1,66
13291,[0.59733905 0.5367557 ],13,10,"[0.6101257152780476, 0.5394800330734051]",1,-1
13292,[0.4782679  0.51689152],13,2,"[0.5181425386759565, 0.548951681512668]",1,-1
13293,[0.56547977 0.4753661 ],13,27,"[0.5866068271601823, 0.4386408725933068]",1,-1
13294,[0.52501633 0.51444141],13,2,"[0.5181425386759565, 0.548951681512668]",1,-1
13295,[0.53519363 0.49630285],13,2,"[0.5181425386759565, 0.548951681512668]",1,-1
13296,[0.63430617 0.58753133],13,9,"[0.5945682323783136, 0.6193254997600653]",1,-1
13297,[0.53339371 0.53516576],13,2,"[0.5181425386759565, 0.548951681512668]",1,-1
13298,[0.55295107 0.55898962],13,2,"[0.5181425386759565, 0.548951681512668]",1,65
13299,[0.54784765 0.62788013],13,9,"[0.5945682323783136, 0.6193254997600653]",1,-1
13300,[0.57101081 0.54526928],13,10,"[0.6101257152780476, 0.5394800330734051]",1,69
13301,[0.62496476 0.53558406],13,10,"[0.6101257152780476, 0.5394800330734051]",1,-1
13302,[0.51490849 0.50977169],13,2,"[0.5181425386759565, 0.548951681512668]",1,-1
13303,[0.48630736 0.50148419],13,35,"[0.491626887866141, 0.45015531396212327]",1,-1
13304,[0.59974802 0.59187846],13,9,"[0.5945682323783136, 0.6193254997600653]",1,63
13305,[0.60053626 0.55396876],13,10,"[0.6101257152780476, 0.5394800330734051]",1,-1
13306,[0.56584284 0.57450059],13,9,"[0.5945682323783136, 0.6193254997600653]",1,-1
13307,[0.54411201 0.58236499],13,2,"[0.5181425386759565, 0.548951681512668]",1,-1
13308,[0.60810524 0.58523856],13,9,"[0.5945682323783136, 0.6193254997600653]",1,63
13309,[0.61075125 0.54037498],13,10,"[0.6101257152780476, 0.5394800330734051]",1,-1
13310,[0.54552048 0.44187774],13,27,"[0.5866068271601823, 0.4386408725933068]",1,-1
13311,[0.57759421 0.6173333 ],13,9,"[0.5945682323783136, 0.6193254997600653]",1,-1
13312,[0.53385565 0.65376651],13,41,"[0.5613949929729852, 0.701115936473092]",1,-1
13313,[0.59109071 0.57325756],13,10,"[0.6101257152780476, 0.5394800330734051]",1,-1
13314,[0.6387635  0.59415121],13,9,"[0.5945682323783136, 0.6193254997600653]",1,-1
13315,[0.56679642 0.53259286],13,10,"[0.6101257152780476, 0.5394800330734051]",1,-1
13316,[0.54001634 0.55175125],13,2,"[0.5181425386759565, 0.548951681512668]",1,-1
13317,[0.51468049 0.51448814],13,2,"[0.5181425386759565, 0.548951681512668]",1,-1
13318,[0.60354251 0.52560209],13,10,"[0.6101257152780476, 0.5394800330734051]",1,-1
13319,[0.56608613 0.5774005 ],13,9,"[0.5945682323783136, 0.6193254997600653]",1,-1
13320,[0.57805804 0.51463005],13,10,"[0.6101257152780476, 0.5394800330734051]",1,-1
13321,[0.58433973 0.59330482],13,9,"[0.5945682323783136, 0.6193254997600653]",1,-1
13322,[0.58574411 0.59185704],13,9,"[0.5945682323783136, 0.6193254997600653]",1,-1
13323,[0.49972834 0.57552831],13,2,"[0.5181425386759565, 0.548951681512668]",1,-1
13324,[0.48642233 0.58078972],13,5,"[0.47989515498241786, 0.6212764114798471]",1,-1
13325,[0.56073126 0.53102831],13,2,"[0.5181425386759565, 0.548951681512668]",1,-1
13326,[0.45937105 0.57712783],13,5,"[0.47989515498241786, 0.6212764114798471]",1,-1
13327,[0.58475833 0.624467  ],13,9,"[0.5945682323783136, 0.6193254997600653]",1,-1
13328,[0.53191761 0.5220908 ],13,2,"[0.5181425386759565, 0.548951681512668]",1,-1
13329,[0.66064489 0.52435379],13,26,"[0.6734889003123068, 0.4756404454441684]",1,-1
13330,[0.58452141 0.47883651],13,27,"[0.5866068271601823, 0.4386408725933068]",1,-1
13331,[0.53945045 0.51383875],13,2,"[0.5181425386759565, 0.548951681512668]",1,-1
13332,[0.50315433 0.56232265],13,2,"[0.5181425386759565, 0.548951681512668]",1,-1
13333,[0.63700257 0.58308855],13,10,"[0.6101257152780476, 0.5394800330734051]",1,-1
13334,[0.56834194 0.5034695 ],13,10,"[0.6101257152780476, 0.5394800330734051]",1,-1
13335,[0.50757757 0.50390568],13,2,"[0.5181425386759565, 0.548951681512668]",1,-1
13336,[0.5939878  0.48780827],13,27,"[0.5866068271601823, 0.4386408725933068]",1,-1
13337,[0.61995488 0.56102588],13,10,"[0.6101257152780476, 0.5394800330734051]",1,-1
13338,[0.56334744 0.53122443],13,10,"[0.6101257152780476, 0.5394800330734051]",1,-1
13339,[0.50243277 0.61367901],13,5,"[0.47989515498241786, 0.6212764114798471]",1,-1
13340,[0.5736151 0.5113839],13,10,"[0.6101257152780476, 0.5394800330734051]",1,-1
13341,[0.61508858 0.53219574],13,10,"[0.6101257152780476, 0.5394800330734051]",1,-1
13342,[0.60873701 0.59033382],13,9,"[0.5945682323783136, 0.6193254997600653]",1,-1
13343,[0.55648475 0.57060754],13,2,"[0.5181425386759565, 0.548951681512668]",1,-1
13344,[0.66607459 0.58425176],13,11,"[0.7051682617613192, 0.574171671796882]",1,55
13345,[0.58853557 0.49268809],13,10,"[0.6101257152780476, 0.5394800330734051]",1,-1
13346,[0.50137457 0.49436144],13,35,"[0.491626887866141, 0.45015531396212327]",1,-1
13347,[0.49389408 0.61793871],13,5,"[0.47989515498241786, 0.6212764114798471]",1,-1
13348,[0.54784851 0.50212994],13,2,"[0.5181425386759565, 0.548951681512668]",1,-1
13349,[0.52463454 0.57145814],13,2,"[0.5181425386759565, 0.548951681512668]",1,-1
13350,[0.59175748 0.55286497],13,10,"[0.6101257152780476, 0.5394800330734051]",1,64
13351,[0.57773424 0.56989004],13,10,"[0.6101257152780476, 0.5394800330734051]",1,69
13352,[0.5092741 0.6063048],13,5,"[0.47989515498241786, 0.6212764114798471]",1,-1
13353,[0.47272821 0.64672968],13,5,"[0.47989515498241786, 0.6212764114798471]",1,-1
13354,[0.50603001 0.57221129],13,2,"[0.5181425386759565, 0.548951681512668]",1,75
13355,[0.50883528 0.5518388 ],13,2,"[0.5181425386759565, 0.548951681512668]",1,-1
13356,[0.52246383 0.53915161],13,2,"[0.5181425386759565, 0.548951681512668]",1,-1
13357,[0.47078527 0.55954713],13,2,"[0.5181425386759565, 0.548951681512668]",1,-1
13358,[0.59363174 0.58948237],13,9,"[0.5945682323783136, 0.6193254997600653]",1,63
13359,[0.60806805 0.55483973],13,10,"[0.6101257152780476, 0.5394800330734051]",1,-1
13360,[0.59261401 0.54995576],13,10,"[0.6101257152780476, 0.5394800330734051]",1,64
13361,[0.55030934 0.49631769],13,2,"[0.5181425386759565, 0.548951681512668]",1,-1
13362,[0.59069717 0.60197339],13,9,"[0.5945682323783136, 0.6193254997600653]",1,-1
13363,[0.57794036 0.5464931 ],13,10,"[0.6101257152780476, 0.5394800330734051]",1,-1
13364,[0.63514902 0.49107576],13,26,"[0.6734889003123068, 0.4756404454441684]",1,-1
13365,[0.52507574 0.58403101],13,2,"[0.5181425386759565, 0.548951681512668]",1,-1
13366,[0.66174152 0.57983983],13,11,"[0.7051682617613192, 0.574171671796882]",1,55
13367,[0.55964356 0.53786589],13,2,"[0.5181425386759565, 0.548951681512668]",1,-1
13368,[0.57799269 0.55579339],13,10,"[0.6101257152780476, 0.5394800330734051]",1,-1
13369,[0.57421597 0.53248258],13,10,"[0.6101257152780476, 0.5394800330734051]",1,-1
13370,[0.74346943 0.59417627],13,11,"[0.7051682617613192, 0.574171671796882]",1,-1
13371,[0.63514864 0.6011402 ],13,9,"[0.5945682323783136, 0.6193254997600653]",1,-1
13372,[0.53770408 0.51739327],13,2,"[0.5181425386759565, 0.548951681512668]",1,-1
13373,[0.54474737 0.61088602],13,9,"[0.5945682323783136, 0.6193254997600653]",1,-1
13374,[0.53008528 0.49800489],13,2,"[0.5181425386759565, 0.548951681512668]",1,-1
13375,[0.51238842 0.53172651],13,2,"[0.5181425386759565, 0.548951681512668]",1,-1
13376,[0.54935631 0.62590201],13,9,"[0.5945682323783136, 0.6193254997600653]",1,-1
13377,[0.61589449 0.45127327],13,27,"[0.5866068271601823, 0.4386408725933068]",1,-1
13378,[0.55601322 0.51775317],13,2,"[0.5181425386759565, 0.548951681512668]",1,-1
13379,[0.55345964 0.58403357],13,2,"[0.5181425386759565, 0.548951681512668]",1,69
13380,[0.5845493  0.56683667],13,10,"[0.6101257152780476, 0.5394800330734051]",1,-1
13381,[0.51950198 0.55079521],13,2,"[0.5181425386759565, 0.548951681512668]",1,-1
13382,[0.54844958 0.5620082 ],13,2,"[0.5181425386759565, 0.548951681512668]",1,-1
13383,[0.5830325  0.57982215],13,9,"[0.5945682323783136, 0.6193254997600653]",1,-1
13384,[0.53721917 0.57428067],13,2,"[0.5181425386759565, 0.548951681512668]",1,65
13385,[0.54524402 0.45190345],13,27,"[0.5866068271601823, 0.4386408725933068]",1,-1
13386,[0.53541722 0.51130821],13,2,"[0.5181425386759565, 0.548951681512668]",1,-1
13387,[0.456067  0.5552929],13,18,"[0.4203234088660354, 0.508036417947434]",1,-1
13388,[0.57994461 0.6258045 ],13,9,"[0.5945682323783136, 0.6193254997600653]",1,-1
13389,[0.63756538 0.53722366],13,10,"[0.6101257152780476, 0.5394800330734051]",1,-1
13390,[0.52353217 0.58365372],13,2,"[0.5181425386759565, 0.548951681512668]",1,-1
13391,[0.51540278 0.49165223],13,35,"[0.491626887866141, 0.45015531396212327]",1,-1
13392,[0.50564947 0.5542442 ],13,2,"[0.5181425386759565, 0.548951681512668]",1,75
13393,[0.51369021 0.62349203],13,5,"[0.47989515498241786, 0.6212764114798471]",1,-1
13394,[0.48065152 0.51000838],13,2,"[0.5181425386759565, 0.548951681512668]",1,-1
13395,[0.6431683  0.51299066],13,10,"[0.6101257152780476, 0.5394800330734051]",1,-1
13396,[0.54978617 0.56168317],13,2,"[0.5181425386759565, 0.548951681512668]",1,-1
13397,[0.63379087 0.66176308],13,9,"[0.5945682323783136, 0.6193254997600653]",1,-1
13398,[0.56384491 0.4889875 ],13,27,"[0.5866068271601823, 0.4386408725933068]",1,-1
13399,[0.65073214 0.5894983 ],13,11,"[0.7051682617613192, 0.574171671796882]",1,-1
13400,[0.51553728 0.537013  ],13,2,"[0.5181425386759565, 0.548951681512668]",1,65
13401,[0.58155459 0.59189987],13,9,"[0.5945682323783136, 0.6193254997600653]",1,-1
13402,[0.64642649 0.54001319],13,10,"[0.6101257152780476, 0.5394800330734051]",1,-1
13403,[0.57051437 0.56730026],13,10,"[0.6101257152780476, 0.5394800330734051]",1,69
13404,[0.49510376 0.5516062 ],13,2,"[0.5181425386759565, 0.548951681512668]",1,-1
13405,[0.6296494  0.60804049],13,9,"[0.5945682323783136, 0.6193254997600653]",1,-1
13406,[0.54334515 0.50747898],13,2,"[0.5181425386759565, 0.548951681512668]",1,-1
13407,[0.61380855 0.47881882],13,27,"[0.5866068271601823, 0.4386408725933068]",1,-1
13408,[0.62686987 0.53621234],13,10,"[0.6101257152780476, 0.5394800330734051]",1,-1
13409,[0.53977558 0.65149837],13,41,"[0.5613949929729852, 0.701115936473092]",1,-1
13410,[0.5008868  0.61546866],13,5,"[0.47989515498241786, 0.6212764114798471]",1,-1
13411,[0.47928134 0.6081046 ],13,5,"[0.47989515498241786, 0.6212764114798471]",1,-1
13412,[0.60618527 0.52763786],13,10,"[0.6101257152780476, 0.5394800330734051]",1,-1
13413,[0.59575556 0.51733838],13,10,"[0.6101257152780476, 0.5394800330734051]",1,-1
13414,[0.53951915 0.58588443],13,2,"[0.5181425386759565, 0.548951681512668]",1,-1
13415,[0.58462863 0.56308493],13,10,"[0.6101257152780476, 0.5394800330734051]",1,-1
13416,[0.55630778 0.53635716],13,2,"[0.5181425386759565, 0.548951681512668]",1,-1
13417,[0.59050139 0.62340157],13,9,"[0.5945682323783136, 0.6193254997600653]",1,-1
13418,[0.5272283 0.5998465],13,2,"[0.5181425386759565, 0.548951681512668]",1,-1
13419,[0.50741008 0.50486036],13,2,"[0.5181425386759565, 0.548951681512668]",1,-1
13420,[0.64115385 0.53197294],13,10,"[0.6101257152780476, 0.5394800330734051]",1,-1
13421,[0.56152877 0.55510157],13,2,"[0.5181425386759565, 0.548951681512668]",1,-1
13422,[0.5610886  0.55095405],13,2,"[0.5181425386759565, 0.548951681512668]",1,-1
13423,[0.60133709 0.5888708 ],13,9,"[0.5945682323783136, 0.6193254997600653]",1,63
13424,[0.58753821 0.58661986],13,9,"[0.5945682323783136, 0.6193254997600653]",1,63
13425,[0.56669012 0.58066901],13,9,"[0.5945682323783136, 0.6193254997600653]",1,-1
13426,[0.61426726 0.63415879],13,9,"[0.5945682323783136, 0.6193254997600653]",1,-1
13427,[0.55264005 0.61868525],13,9,"[0.5945682323783136, 0.6193254997600653]",1,-1
13428,[0.5602767  0.53660506],13,2,"[0.5181425386759565, 0.548951681512668]",1,-1
13429,[0.57108401 0.5841004 ],13,9,"[0.5945682323783136, 0.6193254997600653]",1,-1
13430,[0.57138185 0.46993754],13,27,"[0.5866068271601823, 0.4386408725933068]",1,-1
13431,[0.53583099 0.58296743],13,2,"[0.5181425386759565, 0.548951681512668]",1,-1
13432,[0.53070602 0.59109834],13,2,"[0.5181425386759565, 0.548951681512668]",1,-1
13433,[0.54605401 0.6204075 ],13,9,"[0.5945682323783136, 0.6193254997600653]",1,-1
13434,[0.61449487 0.55770612],13,10,"[0.6101257152780476, 0.5394800330734051]",1,64
13435,[0.7005289  0.53873202],13,11,"[0.7051682617613192, 0.574171671796882]",1,26
13436,[0.62630065 0.56069687],13,10,"[0.6101257152780476, 0.5394800330734051]",1,-1
13437,[0.4723183  0.56643354],13,2,"[0.5181425386759565, 0.548951681512668]",1,-1
13438,[0.56951039 0.48881899],13,27,"[0.5866068271601823, 0.4386408725933068]",1,-1
13439,[0.58127232 0.55648172],13,10,"[0.6101257152780476, 0.5394800330734051]",1,-1
13440,[0.47472039 0.56803572],13,2,"[0.5181425386759565, 0.548951681512668]",1,-1
13441,[0.51721732 0.62441428],13,5,"[0.47989515498241786, 0.6212764114798471]",1,-1
13442,[0.50579877 0.56782364],13,2,"[0.5181425386759565, 0.548951681512668]",1,75
13443,[0.61538445 0.46648407],13,27,"[0.5866068271601823, 0.4386408725933068]",1,-1
13444,[0.50622668 0.58730471],13,2,"[0.5181425386759565, 0.548951681512668]",1,-1
13445,[0.56851235 0.62813771],13,9,"[0.5945682323783136, 0.6193254997600653]",1,-1
13446,[0.57354389 0.60142695],13,9,"[0.5945682323783136, 0.6193254997600653]",1,-1
13447,[0.59790655 0.45641717],13,27,"[0.5866068271601823, 0.4386408725933068]",1,-1
13448,[0.54765051 0.52085039],13,2,"[0.5181425386759565, 0.548951681512668]",1,-1
13449,[0.52903165 0.53786653],13,2,"[0.5181425386759565, 0.548951681512668]",1,-1
13450,[0.58190135 0.66205598],13,41,"[0.5613949929729852, 0.701115936473092]",1,-1
13451,[0.54106076 0.59882313],13,2,"[0.5181425386759565, 0.548951681512668]",1,66
13452,[0.57648105 0.52207209],13,10,"[0.6101257152780476, 0.5394800330734051]",1,-1
13453,[0.66052291 0.62079835],13,11,"[0.7051682617613192, 0.574171671796882]",1,-1
13454,[0.5679685  0.52617041],13,10,"[0.6101257152780476, 0.5394800330734051]",1,-1
13455,[0.5464362 0.5866945],13,2,"[0.5181425386759565, 0.548951681512668]",1,-1
13456,[0.53289136 0.48818263],13,35,"[0.491626887866141, 0.45015531396212327]",1,-1
13457,[0.59163769 0.55816721],13,10,"[0.6101257152780476, 0.5394800330734051]",1,-1
13458,[0.5783208  0.54587505],13,10,"[0.6101257152780476, 0.5394800330734051]",1,-1
13459,[0.51269627 0.55055752],13,2,"[0.5181425386759565, 0.548951681512668]",1,-1
13460,[0.59952678 0.50775915],13,10,"[0.6101257152780476, 0.5394800330734051]",1,-1
13461,[0.51824501 0.51678555],13,2,"[0.5181425386759565, 0.548951681512668]",1,-1
13462,[0.53100681 0.59248271],13,2,"[0.5181425386759565, 0.548951681512668]",1,-1
13463,[0.56858993 0.50345567],13,10,"[0.6101257152780476, 0.5394800330734051]",1,-1
13464,[0.62462905 0.45937523],13,27,"[0.5866068271601823, 0.4386408725933068]",1,-1
13465,[0.56590557 0.51909549],13,10,"[0.6101257152780476, 0.5394800330734051]",1,-1
13466,[0.53580865 0.55504524],13,2,"[0.5181425386759565, 0.548951681512668]",1,65
13467,[0.49172184 0.50902137],13,2,"[0.5181425386759565, 0.548951681512668]",1,-1
13468,[0.50553167 0.66297206],13,5,"[0.47989515498241786, 0.6212764114798471]",1,-1
13469,[0.61155188 0.54253865],13,10,"[0.6101257152780476, 0.5394800330734051]",1,-1
13470,[0.66689345 0.54081193],13,11,"[0.7051682617613192, 0.574171671796882]",1,-1
13471,[0.53446547 0.58017736],13,2,"[0.5181425386759565, 0.548951681512668]",1,-1
13472,[0.61120216 0.5619659 ],13,10,"[0.6101257152780476, 0.5394800330734051]",1,-1
13473,[0.58297733 0.47810547],13,27,"[0.5866068271601823, 0.4386408725933068]",1,-1
13474,[0.57576075 0.57527979],13,9,"[0.5945682323783136, 0.6193254997600653]",1,69
13475,[0.6205885  0.60336569],13,9,"[0.5945682323783136, 0.6193254997600653]",1,-1
13476,[0.49863254 0.51906252],13,2,"[0.5181425386759565, 0.548951681512668]",1,-1
13477,[0.59289961 0.58959941],13,9,"[0.5945682323783136, 0.6193254997600653]",1,63
13478,[0.5616527 0.6187668],13,9,"[0.5945682323783136, 0.6193254997600653]",1,-1
13479,[0.61741582 0.56704141],13,10,"[0.6101257152780476, 0.5394800330734051]",1,-1
13480,[0.64101652 0.55598352],13,10,"[0.6101257152780476, 0.5394800330734051]",1,-1
13481,[0.47387196 0.51133785],13,18,"[0.4203234088660354, 0.508036417947434]",1,-1
13482,[0.56467421 0.54361045],13,10,"[0.6101257152780476, 0.5394800330734051]",1,-1
13483,[0.53382602 0.6156705 ],13,5,"[0.47989515498241786, 0.6212764114798471]",1,-1
13484,[0.56403041 0.59528788],13,9,"[0.5945682323783136, 0.6193254997600653]",1,-1
13485,[0.62693061 0.45934564],13,27,"[0.5866068271601823, 0.4386408725933068]",1,-1
13486,[0.57390621 0.52396677],13,10,"[0.6101257152780476, 0.5394800330734051]",1,-1
13487,[0.51863031 0.62626033],13,5,"[0.47989515498241786, 0.6212764114798471]",1,-1
13488,[0.57181885 0.52741011],13,10,"[0.6101257152780476, 0.5394800330734051]",1,-1
13489,[0.56684677 0.57272748],13,2,"[0.5181425386759565, 0.548951681512668]",1,-1
13490,[0.65043446 0.51814084],13,10,"[0.6101257152780476, 0.5394800330734051]",1,-1
13491,[0.56549791 0.60003404],13,9,"[0.5945682323783136, 0.6193254997600653]",1,-1
13492,[0.65121942 0.55305531],13,10,"[0.6101257152780476, 0.5394800330734051]",1,-1
13493,[0.59064384 0.60502921],13,9,"[0.5945682323783136, 0.6193254997600653]",1,-1
13494,[0.55227342 0.4828778 ],13,27,"[0.5866068271601823, 0.4386408725933068]",1,-1
13495,[0.56417999 0.55420008],13,2,"[0.5181425386759565, 0.548951681512668]",1,-1
13496,[0.46609879 0.53158716],13,18,"[0.4203234088660354, 0.508036417947434]",1,-1
13497,[0.61387607 0.52680106],13,10,"[0.6101257152780476, 0.5394800330734051]",1,-1
13498,[0.57862788 0.62041043],13,9,"[0.5945682323783136, 0.6193254997600653]",1,-1
13499,[0.63607351 0.5395643 ],13,10,"[0.6101257152780476, 0.5394800330734051]",1,-1
13500,[0.60200174 0.5520395 ],13,10,"[0.6101257152780476, 0.5394800330734051]",1,-1
13501,[0.505068   0.51150576],13,2,"[0.5181425386759565, 0.548951681512668]",1,-1
13502,[0.62850631 0.62810566],13,9,"[0.5945682323783136, 0.6193254997600653]",1,-1
13503,[0.59755505 0.49745481],13,10,"[0.6101257152780476, 0.5394800330734051]",1,-1
13504,[0.55979825 0.55784214],13,2,"[0.5181425386759565, 0.548951681512668]",1,65
13505,[0.56792111 0.54065244],13,10,"[0.6101257152780476, 0.5394800330734051]",1,-1
13506,[0.5590661  0.56303339],13,2,"[0.5181425386759565, 0.548951681512668]",1,-1
13507,[0.58249674 0.52961886],13,10,"[0.6101257152780476, 0.5394800330734051]",1,-1
13508,[0.5336984  0.66418742],13,41,"[0.5613949929729852, 0.701115936473092]",1,-1
13509,[0.62207352 0.58835512],13,9,"[0.5945682323783136, 0.6193254997600653]",1,-1
13510,[0.50109698 0.55747964],13,2,"[0.5181425386759565, 0.548951681512668]",1,75
13511,[0.53801873 0.56872319],13,2,"[0.5181425386759565, 0.548951681512668]",1,65
13512,[0.49499488 0.54123518],13,2,"[0.5181425386759565, 0.548951681512668]",1,-1
13513,[0.51097364 0.56372281],13,2,"[0.5181425386759565, 0.548951681512668]",1,-1
13514,[0.54039053 0.54034377],13,2,"[0.5181425386759565, 0.548951681512668]",1,-1
13515,[0.5353916  0.54746021],13,2,"[0.5181425386759565, 0.548951681512668]",1,-1
13516,[0.67767167 0.49620183],13,26,"[0.6734889003123068, 0.4756404454441684]",1,-1
13517,[0.5925304  0.60611675],13,9,"[0.5945682323783136, 0.6193254997600653]",1,-1
13518,[0.58963854 0.64463235],13,9,"[0.5945682323783136, 0.6193254997600653]",1,-1
13519,[0.70288999 0.55714569],13,11,"[0.7051682617613192, 0.574171671796882]",1,-1
13520,[0.50140874 0.5562709 ],13,2,"[0.5181425386759565, 0.548951681512668]",1,-1
13521,[0.50910451 0.57059794],13,2,"[0.5181425386759565, 0.548951681512668]",1,75
13522,[0.59214261 0.54027763],13,10,"[0.6101257152780476, 0.5394800330734051]",1,-1
13523,[0.48741784 0.61898346],13,5,"[0.47989515498241786, 0.6212764114798471]",1,-1
13524,[0.58425774 0.56219418],13,10,"[0.6101257152780476, 0.5394800330734051]",1,-1
13525,[0.5511498  0.49381878],13,2,"[0.5181425386759565, 0.548951681512668]",1,-1
13526,[0.64550709 0.57165081],13,10,"[0.6101257152780476, 0.5394800330734051]",1,-1
13527,[0.61775753 0.54270767],13,10,"[0.6101257152780476, 0.5394800330734051]",1,-1
13528,[0.53199371 0.57404058],13,2,"[0.5181425386759565, 0.548951681512668]",1,-1
13529,[0.6659332 0.5713531],13,11,"[0.7051682617613192, 0.574171671796882]",1,-1
13530,[0.57633619 0.53546157],13,10,"[0.6101257152780476, 0.5394800330734051]",1,-1
13531,[0.54120941 0.56966799],13,2,"[0.5181425386759565, 0.548951681512668]",1,65
13532,[0.59310329 0.51549541],13,10,"[0.6101257152780476, 0.5394800330734051]",1,-1
13533,[0.61297639 0.5461368 ],13,10,"[0.6101257152780476, 0.5394800330734051]",1,-1
13534,[0.51163261 0.50364584],13,2,"[0.5181425386759565, 0.548951681512668]",1,-1
13535,[0.68242669 0.48731985],13,26,"[0.6734889003123068, 0.4756404454441684]",1,-1
13536,[0.5319364  0.61613091],13,5,"[0.47989515498241786, 0.6212764114798471]",1,-1
13537,[0.65422873 0.49931191],13,26,"[0.6734889003123068, 0.4756404454441684]",1,-1
13538,[0.52147508 0.52169212],13,2,"[0.5181425386759565, 0.548951681512668]",1,-1
13539,[0.56027633 0.57585467],13,2,"[0.5181425386759565, 0.548951681512668]",1,-1
13540,[0.5161353  0.51053155],13,2,"[0.5181425386759565, 0.548951681512668]",1,-1
13541,[0.45111605 0.55981263],13,18,"[0.4203234088660354, 0.508036417947434]",1,-1
13542,[0.63589449 0.54412601],13,10,"[0.6101257152780476, 0.5394800330734051]",1,-1
13543,[0.5815542  0.66778799],13,41,"[0.5613949929729852, 0.701115936473092]",1,-1
13544,[0.55887642 0.53246906],13,2,"[0.5181425386759565, 0.548951681512668]",1,-1
13545,[0.5702679  0.60975216],13,9,"[0.5945682323783136, 0.6193254997600653]",1,-1
13546,[0.52663005 0.62416917],13,5,"[0.47989515498241786, 0.6212764114798471]",1,-1
13547,[0.5865419  0.54956241],13,10,"[0.6101257152780476, 0.5394800330734051]",1,-1
13548,[0.62977311 0.48052427],13,26,"[0.6734889003123068, 0.4756404454441684]",1,-1
13549,[0.46831785 0.60181146],13,5,"[0.47989515498241786, 0.6212764114798471]",1,-1
13550,[0.52905503 0.55414326],13,2,"[0.5181425386759565, 0.548951681512668]",1,-1
13551,[0.54111714 0.60557865],13,9,"[0.5945682323783136, 0.6193254997600653]",1,-1
13552,[0.59833705 0.61848657],13,9,"[0.5945682323783136, 0.6193254997600653]",1,-1
13553,[0.47752752 0.57336621],13,2,"[0.5181425386759565, 0.548951681512668]",1,70
13554,[0.58372044 0.54682346],13,10,"[0.6101257152780476, 0.5394800330734051]",1,-1
13555,[0.56063007 0.5036575 ],13,10,"[0.6101257152780476, 0.5394800330734051]",1,-1
13556,[0.49776556 0.46594797],13,35,"[0.491626887866141, 0.45015531396212327]",1,-1
13557,[0.61781439 0.56174718],13,10,"[0.6101257152780476, 0.5394800330734051]",1,-1
13558,[0.49293267 0.66974782],13,5,"[0.47989515498241786, 0.6212764114798471]",1,-1
13559,[0.59560794 0.53856901],13,10,"[0.6101257152780476, 0.5394800330734051]",1,-1
13560,[0.59484805 0.50848505],13,10,"[0.6101257152780476, 0.5394800330734051]",1,-1
13561,[0.61226209 0.51109293],13,10,"[0.6101257152780476, 0.5394800330734051]",1,-1
13562,[0.57371948 0.62549729],13,9,"[0.5945682323783136, 0.6193254997600653]",1,-1
13563,[0.51623711 0.61036394],13,5,"[0.47989515498241786, 0.6212764114798471]",1,-1
13564,[0.62940334 0.54693016],13,10,"[0.6101257152780476, 0.5394800330734051]",1,-1
13565,[0.64044726 0.54599696],13,10,"[0.6101257152780476, 0.5394800330734051]",1,-1
13566,[0.54253952 0.54484551],13,2,"[0.5181425386759565, 0.548951681512668]",1,-1
13567,[0.57449753 0.54515275],13,10,"[0.6101257152780476, 0.5394800330734051]",1,69
13568,[0.60216373 0.60890827],13,9,"[0.5945682323783136, 0.6193254997600653]",1,-1
13569,[0.60421721 0.49810638],13,10,"[0.6101257152780476, 0.5394800330734051]",1,-1
13570,[0.46051466 0.55355602],13,2,"[0.5181425386759565, 0.548951681512668]",1,-1
13571,[0.61478444 0.50246166],13,10,"[0.6101257152780476, 0.5394800330734051]",1,-1
13572,[0.56756194 0.58480564],13,9,"[0.5945682323783136, 0.6193254997600653]",1,68
13573,[0.5915441  0.52171056],13,10,"[0.6101257152780476, 0.5394800330734051]",1,-1
13574,[0.46226109 0.57718303],13,5,"[0.47989515498241786, 0.6212764114798471]",1,-1
13575,[0.5616032  0.48925766],13,27,"[0.5866068271601823, 0.4386408725933068]",1,-1
13576,[0.48807829 0.54776974],13,2,"[0.5181425386759565, 0.548951681512668]",1,-1
13577,[0.59599673 0.56097751],13,10,"[0.6101257152780476, 0.5394800330734051]",1,-1
13578,[0.61338617 0.49125339],13,10,"[0.6101257152780476, 0.5394800330734051]",1,34
13579,[0.55853137 0.50577517],13,2,"[0.5181425386759565, 0.548951681512668]",1,-1
13580,[0.52036798 0.52915758],13,2,"[0.5181425386759565, 0.548951681512668]",1,-1
13581,[0.67294108 0.58247109],13,11,"[0.7051682617613192, 0.574171671796882]",1,-1
13582,[0.57913397 0.53596928],13,10,"[0.6101257152780476, 0.5394800330734051]",1,-1
13583,[0.58208347 0.54395901],13,10,"[0.6101257152780476, 0.5394800330734051]",1,-1
13584,[0.49690444 0.54767485],13,2,"[0.5181425386759565, 0.548951681512668]",1,-1
13585,[0.67407477 0.57320936],13,11,"[0.7051682617613192, 0.574171671796882]",1,-1
13586,[0.55262208 0.53166479],13,2,"[0.5181425386759565, 0.548951681512668]",1,-1
13587,[0.65089676 0.48652372],13,26,"[0.6734889003123068, 0.4756404454441684]",1,-1
13588,[0.50224655 0.57241063],13,2,"[0.5181425386759565, 0.548951681512668]",1,75
13589,[0.57800461 0.58755877],13,9,"[0.5945682323783136, 0.6193254997600653]",1,-1
13590,[0.58919718 0.61847133],13,9,"[0.5945682323783136, 0.6193254997600653]",1,-1
13591,[0.49987389 0.53825617],13,2,"[0.5181425386759565, 0.548951681512668]",1,-1
13592,[0.60205677 0.58967354],13,9,"[0.5945682323783136, 0.6193254997600653]",1,63
13593,[0.48019349 0.51414282],13,2,"[0.5181425386759565, 0.548951681512668]",1,-1
13594,[0.52920801 0.50532439],13,2,"[0.5181425386759565, 0.548951681512668]",1,-1
13595,[0.59681731 0.48397215],13,27,"[0.5866068271601823, 0.4386408725933068]",1,-1
13596,[0.59868226 0.52783369],13,10,"[0.6101257152780476, 0.5394800330734051]",1,-1
13597,[0.57199511 0.60000648],13,9,"[0.5945682323783136, 0.6193254997600653]",1,-1
13598,[0.60820632 0.60768242],13,9,"[0.5945682323783136, 0.6193254997600653]",1,-1
13599,[0.55502834 0.5233522 ],13,2,"[0.5181425386759565, 0.548951681512668]",1,-1
13600,[0.52875515 0.50484916],13,2,"[0.5181425386759565, 0.548951681512668]",1,-1
13601,[0.58870074 0.55343308],13,10,"[0.6101257152780476, 0.5394800330734051]",1,-1
13602,[0.54482093 0.59642982],13,2,"[0.5181425386759565, 0.548951681512668]",1,-1
13603,[0.4799896  0.57937916],13,5,"[0.47989515498241786, 0.6212764114798471]",1,-1
13604,[0.48360735 0.55979375],13,2,"[0.5181425386759565, 0.548951681512668]",1,-1
13605,[0.61488888 0.61720492],13,9,"[0.5945682323783136, 0.6193254997600653]",1,-1
13606,[0.49273697 0.4128634 ],13,35,"[0.491626887866141, 0.45015531396212327]",1,-1
13607,[0.59561262 0.58775176],13,9,"[0.5945682323783136, 0.6193254997600653]",1,63
13608,[0.58827131 0.51914879],13,10,"[0.6101257152780476, 0.5394800330734051]",1,-1
13609,[0.57759111 0.5326011 ],13,10,"[0.6101257152780476, 0.5394800330734051]",1,-1
13610,[0.59359161 0.60784102],13,9,"[0.5945682323783136, 0.6193254997600653]",1,-1
13611,[0.49576548 0.5813215 ],13,2,"[0.5181425386759565, 0.548951681512668]",1,-1
13612,[0.55716706 0.58052482],13,2,"[0.5181425386759565, 0.548951681512668]",1,-1
13613,[0.53775347 0.59343691],13,2,"[0.5181425386759565, 0.548951681512668]",1,-1
13614,[0.5587859  0.57445774],13,2,"[0.5181425386759565, 0.548951681512668]",1,-1
13615,[0.5233406  0.60041501],13,5,"[0.47989515498241786, 0.6212764114798471]",1,-1
13616,[0.54751152 0.59464158],13,9,"[0.5945682323783136, 0.6193254997600653]",1,66
13617,[0.64291757 0.59105195],13,9,"[0.5945682323783136, 0.6193254997600653]",1,-1
13618,[0.57985779 0.55245612],13,10,"[0.6101257152780476, 0.5394800330734051]",1,-1
13619,[0.55909917 0.5559259 ],13,2,"[0.5181425386759565, 0.548951681512668]",1,-1
13620,[0.59175744 0.59006528],13,9,"[0.5945682323783136, 0.6193254997600653]",1,63
13621,[0.61097254 0.57018558],13,10,"[0.6101257152780476, 0.5394800330734051]",1,-1
13622,[0.56957526 0.57235692],13,10,"[0.6101257152780476, 0.5394800330734051]",1,69
13623,[0.55100622 0.42264013],13,27,"[0.5866068271601823, 0.4386408725933068]",1,-1
13624,[0.48708992 0.56074754],13,2,"[0.5181425386759565, 0.548951681512668]",1,-1
13625,[0.57060562 0.61073451],13,9,"[0.5945682323783136, 0.6193254997600653]",1,-1
13626,[0.5207095  0.49272915],13,35,"[0.491626887866141, 0.45015531396212327]",1,-1
13627,[0.59520323 0.57499837],13,10,"[0.6101257152780476, 0.5394800330734051]",1,-1
13628,[0.51454463 0.5937113 ],13,5,"[0.47989515498241786, 0.6212764114798471]",1,74
13629,[0.48561281 0.56048068],13,2,"[0.5181425386759565, 0.548951681512668]",1,-1
13630,[0.57644436 0.57504988],13,9,"[0.5945682323783136, 0.6193254997600653]",1,69
13631,[0.64171471 0.54440835],13,10,"[0.6101257152780476, 0.5394800330734051]",1,-1
13632,[0.5526065 0.5916914],13,9,"[0.5945682323783136, 0.6193254997600653]",1,-1
13633,[0.55536144 0.70706832],13,41,"[0.5613949929729852, 0.701115936473092]",1,-1
13634,[0.50988983 0.62198597],13,5,"[0.47989515498241786, 0.6212764114798471]",1,-1
13635,[0.47058455 0.52207151],13,18,"[0.4203234088660354, 0.508036417947434]",1,49
13636,[0.51655085 0.59717626],13,5,"[0.47989515498241786, 0.6212764114798471]",1,-1
13637,[0.63207751 0.49990196],13,10,"[0.6101257152780476, 0.5394800330734051]",1,-1
13638,[0.65200477 0.50489628],13,26,"[0.6734889003123068, 0.4756404454441684]",1,-1
13639,[0.58533661 0.52592831],13,10,"[0.6101257152780476, 0.5394800330734051]",1,-1
13640,[0.56783321 0.61062388],13,9,"[0.5945682323783136, 0.6193254997600653]",1,-1
13641,[0.54284447 0.58065625],13,2,"[0.5181425386759565, 0.548951681512668]",1,65
13642,[0.57100355 0.51211164],13,10,"[0.6101257152780476, 0.5394800330734051]",1,-1
13643,[0.64571346 0.64867414],13,9,"[0.5945682323783136, 0.6193254997600653]",1,-1
13644,[0.57049553 0.54436218],13,10,"[0.6101257152780476, 0.5394800330734051]",1,-1
13645,[0.55537892 0.53902983],13,2,"[0.5181425386759565, 0.548951681512668]",1,-1
13646,[0.54455473 0.57503417],13,2,"[0.5181425386759565, 0.548951681512668]",1,65
13647,[0.62889543 0.66872807],13,9,"[0.5945682323783136, 0.6193254997600653]",1,-1
13648,[0.5140307  0.52849398],13,2,"[0.5181425386759565, 0.548951681512668]",1,-1
13649,[0.61061417 0.55403181],13,10,"[0.6101257152780476, 0.5394800330734051]",1,-1
13650,[0.52425202 0.5189722 ],13,2,"[0.5181425386759565, 0.548951681512668]",1,-1
13651,[0.56615899 0.47063883],13,27,"[0.5866068271601823, 0.4386408725933068]",1,-1
13652,[0.52945178 0.49003198],13,35,"[0.491626887866141, 0.45015531396212327]",1,-1
13653,[0.50059912 0.54297138],13,2,"[0.5181425386759565, 0.548951681512668]",1,-1
13654,[0.65846851 0.58898896],13,11,"[0.7051682617613192, 0.574171671796882]",1,-1
13655,[0.59901071 0.62125767],13,9,"[0.5945682323783136, 0.6193254997600653]",1,-1
13656,[0.63152987 0.55491998],13,10,"[0.6101257152780476, 0.5394800330734051]",1,-1
13657,[0.63045781 0.53784741],13,10,"[0.6101257152780476, 0.5394800330734051]",1,-1
13658,[0.55606866 0.51564202],13,2,"[0.5181425386759565, 0.548951681512668]",1,-1
13659,[0.64556911 0.69088532],13,-1,-1,1,-1
13660,[0.59015277 0.4660716 ],13,27,"[0.5866068271601823, 0.4386408725933068]",1,-1
13661,[0.60245623 0.5569101 ],13,10,"[0.6101257152780476, 0.5394800330734051]",1,64
13662,[0.55026711 0.4627272 ],13,27,"[0.5866068271601823, 0.4386408725933068]",1,-1
13663,[0.54197699 0.55344552],13,2,"[0.5181425386759565, 0.548951681512668]",1,-1
13664,[0.53342438 0.58143241],13,2,"[0.5181425386759565, 0.548951681512668]",1,-1
13665,[0.57263399 0.61414386],13,9,"[0.5945682323783136, 0.6193254997600653]",1,-1
13666,[0.41621853 0.53939947],13,18,"[0.4203234088660354, 0.508036417947434]",1,-1
13667,[0.57822729 0.59918376],13,9,"[0.5945682323783136, 0.6193254997600653]",1,-1
13668,[0.5379651  0.54590088],13,2,"[0.5181425386759565, 0.548951681512668]",1,65
13669,[0.60530438 0.54163761],13,10,"[0.6101257152780476, 0.5394800330734051]",1,-1
13670,[0.55411783 0.50925908],13,2,"[0.5181425386759565, 0.548951681512668]",1,-1
13671,[0.59608959 0.51069839],13,10,"[0.6101257152780476, 0.5394800330734051]",1,-1
13672,[0.65080141 0.58553216],13,11,"[0.7051682617613192, 0.574171671796882]",1,55
13673,[0.58824411 0.5776171 ],13,9,"[0.5945682323783136, 0.6193254997600653]",1,-1
13674,[0.50637395 0.58519107],13,2,"[0.5181425386759565, 0.548951681512668]",1,-1
13675,[0.51659991 0.54931779],13,2,"[0.5181425386759565, 0.548951681512668]",1,-1
13676,[0.64238108 0.54159447],13,10,"[0.6101257152780476, 0.5394800330734051]",1,-1
13677,[0.59763548 0.48881965],13,27,"[0.5866068271601823, 0.4386408725933068]",1,-1
13678,[0.5605579  0.52833324],13,2,"[0.5181425386759565, 0.548951681512668]",1,-1
13679,[0.46474216 0.45712178],13,35,"[0.491626887866141, 0.45015531396212327]",1,-1
13680,[0.6723213  0.55115193],13,11,"[0.7051682617613192, 0.574171671796882]",1,-1
13681,[0.51752015 0.53252845],13,2,"[0.5181425386759565, 0.548951681512668]",1,65
13682,[0.49093598 0.55327696],13,2,"[0.5181425386759565, 0.548951681512668]",1,-1
13683,[0.5762163 0.5180896],13,10,"[0.6101257152780476, 0.5394800330734051]",1,-1
13684,[0.53580819 0.55021681],13,2,"[0.5181425386759565, 0.548951681512668]",1,-1
13685,[0.5828151  0.55997432],13,10,"[0.6101257152780476, 0.5394800330734051]",1,-1
13686,[0.54203859 0.57321872],13,2,"[0.5181425386759565, 0.548951681512668]",1,65
13687,[0.56559412 0.46809847],13,27,"[0.5866068271601823, 0.4386408725933068]",1,-1
13688,[0.5970977  0.62781247],13,9,"[0.5945682323783136, 0.6193254997600653]",1,-1
13689,[0.60838319 0.51120475],13,10,"[0.6101257152780476, 0.5394800330734051]",1,-1
13690,[0.55060716 0.62186501],13,9,"[0.5945682323783136, 0.6193254997600653]",1,-1
13691,[0.60270644 0.62379439],13,9,"[0.5945682323783136, 0.6193254997600653]",1,-1
13692,[0.55347603 0.60808217],13,9,"[0.5945682323783136, 0.6193254997600653]",1,-1
13693,[0.53275479 0.53947204],13,2,"[0.5181425386759565, 0.548951681512668]",1,-1
13694,[0.54091878 0.59777685],13,2,"[0.5181425386759565, 0.548951681512668]",1,66
13695,[0.49969315 0.57205868],13,2,"[0.5181425386759565, 0.548951681512668]",1,-1
13696,[0.56152444 0.54453275],13,2,"[0.5181425386759565, 0.548951681512668]",1,-1
13697,[0.58571173 0.54764103],13,10,"[0.6101257152780476, 0.5394800330734051]",1,-1
13698,[0.59996175 0.63023359],13,9,"[0.5945682323783136, 0.6193254997600653]",1,-1
13699,[0.53865046 0.57009593],13,2,"[0.5181425386759565, 0.548951681512668]",1,65
13700,[0.54427143 0.50124766],13,2,"[0.5181425386759565, 0.548951681512668]",1,-1
13701,[0.60537395 0.55329132],13,10,"[0.6101257152780476, 0.5394800330734051]",1,-1
13702,[0.57387516 0.57156323],13,10,"[0.6101257152780476, 0.5394800330734051]",1,69
13703,[0.56383818 0.58665913],13,9,"[0.5945682323783136, 0.6193254997600653]",1,-1
13704,[0.60120155 0.51275133],13,10,"[0.6101257152780476, 0.5394800330734051]",1,-1
13705,[0.55849448 0.54727342],13,2,"[0.5181425386759565, 0.548951681512668]",1,-1
13706,[0.54472197 0.62458572],13,9,"[0.5945682323783136, 0.6193254997600653]",1,-1
13707,[0.60423772 0.4971128 ],13,10,"[0.6101257152780476, 0.5394800330734051]",1,-1
13708,[0.46381839 0.55808736],13,2,"[0.5181425386759565, 0.548951681512668]",1,-1
13709,[0.66191927 0.55518138],13,11,"[0.7051682617613192, 0.574171671796882]",1,-1
13710,[0.54220823 0.54413287],13,2,"[0.5181425386759565, 0.548951681512668]",1,-1
13711,[0.55708301 0.59371486],13,9,"[0.5945682323783136, 0.6193254997600653]",1,-1
13712,[0.46078605 0.53579219],13,18,"[0.4203234088660354, 0.508036417947434]",1,-1
13713,[0.47121578 0.522838  ],13,18,"[0.4203234088660354, 0.508036417947434]",1,49
13714,[0.4835608  0.55437372],13,2,"[0.5181425386759565, 0.548951681512668]",1,-1
13715,[0.51564952 0.5219733 ],13,2,"[0.5181425386759565, 0.548951681512668]",1,-1
13716,[0.57337272 0.56914135],13,10,"[0.6101257152780476, 0.5394800330734051]",1,69
13717,[0.60184911 0.44079101],13,27,"[0.5866068271601823, 0.4386408725933068]",1,-1
13718,[0.54168114 0.54232308],13,2,"[0.5181425386759565, 0.548951681512668]",1,-1
13719,[0.56592304 0.45641818],13,27,"[0.5866068271601823, 0.4386408725933068]",1,-1
13720,[0.60568868 0.60877045],13,9,"[0.5945682323783136, 0.6193254997600653]",1,-1
13721,[0.48735146 0.58100663],13,5,"[0.47989515498241786, 0.6212764114798471]",1,-1
13722,[0.55039903 0.50341786],13,2,"[0.5181425386759565, 0.548951681512668]",1,-1
13723,[0.62005518 0.59676322],13,9,"[0.5945682323783136, 0.6193254997600653]",1,-1
13724,[0.61375468 0.46813206],13,27,"[0.5866068271601823, 0.4386408725933068]",1,-1
13725,[0.56296966 0.5619031 ],13,2,"[0.5181425386759565, 0.548951681512668]",1,-1
13726,[0.55768777 0.53812193],13,2,"[0.5181425386759565, 0.548951681512668]",1,-1
13727,[0.56376582 0.55336372],13,2,"[0.5181425386759565, 0.548951681512668]",1,-1
13728,[0.50165426 0.53622052],13,2,"[0.5181425386759565, 0.548951681512668]",1,-1
13729,[0.56620108 0.63574405],13,9,"[0.5945682323783136, 0.6193254997600653]",1,-1
13730,[0.69132796 0.55142784],13,11,"[0.7051682617613192, 0.574171671796882]",1,26
13731,[0.57907957 0.53538218],13,10,"[0.6101257152780476, 0.5394800330734051]",1,-1
13732,[0.5268189  0.55626548],13,2,"[0.5181425386759565, 0.548951681512668]",1,65
13733,[0.57419234 0.61070013],13,9,"[0.5945682323783136, 0.6193254997600653]",1,-1
13734,[0.59600925 0.54580365],13,10,"[0.6101257152780476, 0.5394800330734051]",1,-1
13735,[0.53849412 0.50716376],13,2,"[0.5181425386759565, 0.548951681512668]",1,-1
13736,[0.57110528 0.52280032],13,10,"[0.6101257152780476, 0.5394800330734051]",1,-1
13737,[0.61114577 0.61112978],13,9,"[0.5945682323783136, 0.6193254997600653]",1,-1
13738,[0.53004328 0.51223805],13,2,"[0.5181425386759565, 0.548951681512668]",1,-1
13739,[0.60367584 0.56345216],13,10,"[0.6101257152780476, 0.5394800330734051]",1,64
13740,[0.5779661  0.49550684],13,10,"[0.6101257152780476, 0.5394800330734051]",1,-1
13741,[0.54193373 0.63345295],13,9,"[0.5945682323783136, 0.6193254997600653]",1,-1
13742,[0.52247087 0.55096095],13,2,"[0.5181425386759565, 0.548951681512668]",1,65
13743,[0.6035436  0.52703762],13,10,"[0.6101257152780476, 0.5394800330734051]",1,-1
13744,[0.49802884 0.59445508],13,5,"[0.47989515498241786, 0.6212764114798471]",1,-1
13745,[0.64534869 0.54918099],13,10,"[0.6101257152780476, 0.5394800330734051]",1,-1
13746,[0.53340596 0.57128187],13,2,"[0.5181425386759565, 0.548951681512668]",1,-1
13747,[0.53702474 0.58034135],13,2,"[0.5181425386759565, 0.548951681512668]",1,65
13748,[0.54629791 0.6162251 ],13,9,"[0.5945682323783136, 0.6193254997600653]",1,-1
13749,[0.59725472 0.60677563],13,9,"[0.5945682323783136, 0.6193254997600653]",1,-1
13750,[0.5504324  0.56575729],13,2,"[0.5181425386759565, 0.548951681512668]",1,-1
13751,[0.58593187 0.63586802],13,9,"[0.5945682323783136, 0.6193254997600653]",1,-1
13752,[0.5703608 0.6210553],13,9,"[0.5945682323783136, 0.6193254997600653]",1,-1
13753,[0.56004713 0.69406885],13,41,"[0.5613949929729852, 0.701115936473092]",1,-1
13754,[0.57570737 0.53421366],13,10,"[0.6101257152780476, 0.5394800330734051]",1,-1
13755,[0.52387192 0.58130646],13,2,"[0.5181425386759565, 0.548951681512668]",1,-1
13756,[0.56172206 0.55729506],13,2,"[0.5181425386759565, 0.548951681512668]",1,-1
13757,[0.52258448 0.61491971],13,5,"[0.47989515498241786, 0.6212764114798471]",1,-1
13758,[0.53427182 0.57336968],13,2,"[0.5181425386759565, 0.548951681512668]",1,-1
13759,[0.63159213 0.53314459],13,10,"[0.6101257152780476, 0.5394800330734051]",1,-1
13760,[0.55312448 0.53936424],13,2,"[0.5181425386759565, 0.548951681512668]",1,-1
13761,[0.50957881 0.59943464],13,5,"[0.47989515498241786, 0.6212764114798471]",1,-1
13762,[0.55775028 0.52751526],13,2,"[0.5181425386759565, 0.548951681512668]",1,-1
13763,[0.46342365 0.55032386],13,2,"[0.5181425386759565, 0.548951681512668]",1,-1
13764,[0.55318591 0.49476348],13,2,"[0.5181425386759565, 0.548951681512668]",1,-1
13765,[0.58549601 0.47004657],13,27,"[0.5866068271601823, 0.4386408725933068]",1,-1
13766,[0.59297032 0.65699647],13,9,"[0.5945682323783136, 0.6193254997600653]",1,-1
13767,[0.54208824 0.57750614],13,2,"[0.5181425386759565, 0.548951681512668]",1,65
13768,[0.49301956 0.57280939],13,2,"[0.5181425386759565, 0.548951681512668]",1,-1
13769,[0.59353712 0.49167049],13,10,"[0.6101257152780476, 0.5394800330734051]",1,-1
13770,[0.59963181 0.45671573],13,27,"[0.5866068271601823, 0.4386408725933068]",1,-1
13771,[0.48139636 0.50239768],13,35,"[0.491626887866141, 0.45015531396212327]",1,-1
13772,[0.53485673 0.49150656],13,35,"[0.491626887866141, 0.45015531396212327]",1,-1
13773,[0.51782617 0.57745764],13,2,"[0.5181425386759565, 0.548951681512668]",1,-1
13774,[0.60255408 0.56309882],13,10,"[0.6101257152780476, 0.5394800330734051]",1,64
13775,[0.51223224 0.55285604],13,2,"[0.5181425386759565, 0.548951681512668]",1,-1
13776,[0.66177042 0.44577181],13,26,"[0.6734889003123068, 0.4756404454441684]",1,-1
13777,[0.60175986 0.58480712],13,9,"[0.5945682323783136, 0.6193254997600653]",1,-1
13778,[0.50252339 0.59762779],13,5,"[0.47989515498241786, 0.6212764114798471]",1,-1
13779,[0.45158821 0.56763766],13,5,"[0.47989515498241786, 0.6212764114798471]",1,-1
13780,[0.56721573 0.61573314],13,9,"[0.5945682323783136, 0.6193254997600653]",1,-1
13781,[0.61848287 0.52015154],13,10,"[0.6101257152780476, 0.5394800330734051]",1,-1
13782,[0.50368241 0.54154775],13,2,"[0.5181425386759565, 0.548951681512668]",1,-1
13783,[0.53532341 0.53475719],13,2,"[0.5181425386759565, 0.548951681512668]",1,-1
13784,[0.47449185 0.54733911],13,2,"[0.5181425386759565, 0.548951681512668]",1,-1
13785,[0.66499426 0.51992674],13,26,"[0.6734889003123068, 0.4756404454441684]",1,-1
13786,[0.57726427 0.56002621],13,10,"[0.6101257152780476, 0.5394800330734051]",1,-1
13787,[0.52756202 0.54399364],13,2,"[0.5181425386759565, 0.548951681512668]",1,-1
13788,[0.64520934 0.57253602],13,10,"[0.6101257152780476, 0.5394800330734051]",1,-1
13789,[0.5126386  0.49859587],13,2,"[0.5181425386759565, 0.548951681512668]",1,-1
13790,[0.63800235 0.53973469],13,10,"[0.6101257152780476, 0.5394800330734051]",1,-1
13791,[0.53762984 0.59764072],13,2,"[0.5181425386759565, 0.548951681512668]",1,-1
13792,[0.61839025 0.49680437],13,10,"[0.6101257152780476, 0.5394800330734051]",1,-1
13793,[0.49199301 0.56368741],13,2,"[0.5181425386759565, 0.548951681512668]",1,70
13794,[0.56772845 0.55303801],13,10,"[0.6101257152780476, 0.5394800330734051]",1,-1
13795,[0.55606298 0.55449667],13,2,"[0.5181425386759565, 0.548951681512668]",1,-1
13796,[0.55495791 0.61576741],13,9,"[0.5945682323783136, 0.6193254997600653]",1,-1
13797,[0.53177955 0.55675064],13,2,"[0.5181425386759565, 0.548951681512668]",1,65
13798,[0.47913394 0.59716921],13,5,"[0.47989515498241786, 0.6212764114798471]",1,-1
13799,[0.65208332 0.55873473],13,10,"[0.6101257152780476, 0.5394800330734051]",1,-1
13800,[0.54434833 0.49049174],13,2,"[0.5181425386759565, 0.548951681512668]",1,-1
13801,[0.49007324 0.51187323],13,2,"[0.5181425386759565, 0.548951681512668]",1,-1
13802,[0.58868612 0.52345303],13,10,"[0.6101257152780476, 0.5394800330734051]",1,-1
13803,[0.52002521 0.4189748 ],13,35,"[0.491626887866141, 0.45015531396212327]",1,8
13804,[0.54794338 0.56910693],13,2,"[0.5181425386759565, 0.548951681512668]",1,65
13805,[0.53610309 0.55040111],13,2,"[0.5181425386759565, 0.548951681512668]",1,-1
13806,[0.52234954 0.5865067 ],13,2,"[0.5181425386759565, 0.548951681512668]",1,-1
13807,[0.56651891 0.62012564],13,9,"[0.5945682323783136, 0.6193254997600653]",1,-1
13808,[0.55876095 0.58713469],13,9,"[0.5945682323783136, 0.6193254997600653]",1,-1
13809,[0.61138055 0.58737517],13,9,"[0.5945682323783136, 0.6193254997600653]",1,63
13810,[0.59580909 0.66432526],13,9,"[0.5945682323783136, 0.6193254997600653]",1,-1
13811,[0.54318432 0.56195895],13,2,"[0.5181425386759565, 0.548951681512668]",1,-1
13812,[0.64595789 0.53860962],13,10,"[0.6101257152780476, 0.5394800330734051]",1,-1
13813,[0.58428533 0.57649651],13,9,"[0.5945682323783136, 0.6193254997600653]",1,69
13814,[0.47463062 0.56790415],13,2,"[0.5181425386759565, 0.548951681512668]",1,-1
13815,[0.46327463 0.66424992],13,45,"[0.4377614438459196, 0.655911915550708]",1,-1
13816,[0.59869397 0.56923164],13,10,"[0.6101257152780476, 0.5394800330734051]",1,-1
13817,[0.5937469  0.55103597],13,10,"[0.6101257152780476, 0.5394800330734051]",1,64
13818,[0.55973035 0.57973   ],13,2,"[0.5181425386759565, 0.548951681512668]",1,-1
13819,[0.45921247 0.51660331],13,18,"[0.4203234088660354, 0.508036417947434]",1,-1
13820,[0.59793078 0.48744195],13,27,"[0.5866068271601823, 0.4386408725933068]",1,-1
13821,[0.56249173 0.60277971],13,9,"[0.5945682323783136, 0.6193254997600653]",1,-1
13822,[0.55800588 0.58055415],13,2,"[0.5181425386759565, 0.548951681512668]",1,-1
13823,[0.59466945 0.57515791],13,10,"[0.6101257152780476, 0.5394800330734051]",1,-1
13824,[0.57810392 0.44512796],13,27,"[0.5866068271601823, 0.4386408725933068]",1,-1
13825,[0.5413522  0.68416083],13,41,"[0.5613949929729852, 0.701115936473092]",1,-1
13826,[0.64197746 0.64355619],13,9,"[0.5945682323783136, 0.6193254997600653]",1,-1
13827,[0.56282244 0.5545838 ],13,2,"[0.5181425386759565, 0.548951681512668]",1,-1
13828,[0.574323   0.53427681],13,10,"[0.6101257152780476, 0.5394800330734051]",1,-1
13829,[0.5165891  0.58011418],13,2,"[0.5181425386759565, 0.548951681512668]",1,-1
13830,[0.6298322  0.57393725],13,10,"[0.6101257152780476, 0.5394800330734051]",1,-1
13831,[0.45655398 0.59207564],13,5,"[0.47989515498241786, 0.6212764114798471]",1,-1
13832,[0.55149244 0.51020925],13,2,"[0.5181425386759565, 0.548951681512668]",1,-1
13833,[0.63103929 0.52565781],13,10,"[0.6101257152780476, 0.5394800330734051]",1,-1
13834,[0.43125112 0.54681976],13,18,"[0.4203234088660354, 0.508036417947434]",1,-1
13835,[0.53078306 0.70892869],13,41,"[0.5613949929729852, 0.701115936473092]",1,-1
13836,[0.48082574 0.61627481],13,5,"[0.47989515498241786, 0.6212764114798471]",1,-1
13837,[0.528068   0.51436441],13,2,"[0.5181425386759565, 0.548951681512668]",1,-1
13838,[0.48660169 0.53841036],13,2,"[0.5181425386759565, 0.548951681512668]",1,-1
13839,[0.50112498 0.42164937],13,35,"[0.491626887866141, 0.45015531396212327]",1,-1
13840,[0.57275375 0.57127149],13,10,"[0.6101257152780476, 0.5394800330734051]",1,69
13841,[0.53076981 0.58211683],13,2,"[0.5181425386759565, 0.548951681512668]",1,-1
13842,[0.49465566 0.59425989],13,5,"[0.47989515498241786, 0.6212764114798471]",1,-1
13843,[0.50811675 0.49686936],13,35,"[0.491626887866141, 0.45015531396212327]",1,-1
13844,[0.48815581 0.5181047 ],13,2,"[0.5181425386759565, 0.548951681512668]",1,-1
13845,[0.56312704 0.41552168],13,27,"[0.5866068271601823, 0.4386408725933068]",1,-1
13846,[0.57278289 0.57150941],13,10,"[0.6101257152780476, 0.5394800330734051]",1,69
13847,[0.55872666 0.5904709 ],13,9,"[0.5945682323783136, 0.6193254997600653]",1,-1
13848,[0.63453184 0.55616295],13,10,"[0.6101257152780476, 0.5394800330734051]",1,-1
13849,[0.5382071 0.4940375],13,2,"[0.5181425386759565, 0.548951681512668]",1,-1
13850,[0.59550773 0.55828685],13,10,"[0.6101257152780476, 0.5394800330734051]",1,-1
13851,[0.56336734 0.48309678],13,27,"[0.5866068271601823, 0.4386408725933068]",1,-1
13852,[0.55911237 0.67542796],13,41,"[0.5613949929729852, 0.701115936473092]",1,-1
13853,[0.57854098 0.48535304],13,27,"[0.5866068271601823, 0.4386408725933068]",1,-1
13854,[0.50115728 0.57165713],13,2,"[0.5181425386759565, 0.548951681512668]",1,75
13855,[0.56893665 0.52980181],13,10,"[0.6101257152780476, 0.5394800330734051]",1,-1
13856,[0.59231749 0.58324185],13,9,"[0.5945682323783136, 0.6193254997600653]",1,-1
13857,[0.56785925 0.60411742],13,9,"[0.5945682323783136, 0.6193254997600653]",1,-1
13858,[0.56958508 0.56209096],13,10,"[0.6101257152780476, 0.5394800330734051]",1,-1
13859,[0.56119957 0.54022664],13,2,"[0.5181425386759565, 0.548951681512668]",1,-1
13860,[0.55818028 0.54591371],13,2,"[0.5181425386759565, 0.548951681512668]",1,-1
13861,[0.52955866 0.55270778],13,2,"[0.5181425386759565, 0.548951681512668]",1,65
13862,[0.47771608 0.59377409],13,5,"[0.47989515498241786, 0.6212764114798471]",1,-1
13863,[0.60696352 0.59674033],13,9,"[0.5945682323783136, 0.6193254997600653]",1,-1
13864,[0.61167013 0.56566461],13,10,"[0.6101257152780476, 0.5394800330734051]",1,-1
13865,[0.55719762 0.55713639],13,2,"[0.5181425386759565, 0.548951681512668]",1,65
13866,[0.59269527 0.51254318],13,10,"[0.6101257152780476, 0.5394800330734051]",1,-1
13867,[0.55722708 0.58133611],13,2,"[0.5181425386759565, 0.548951681512668]",1,-1
13868,[0.61089406 0.56895134],13,10,"[0.6101257152780476, 0.5394800330734051]",1,-1
13869,[0.54666027 0.62180924],13,9,"[0.5945682323783136, 0.6193254997600653]",1,-1
13870,[0.53633995 0.62878229],13,5,"[0.47989515498241786, 0.6212764114798471]",1,-1
13871,[0.59706165 0.54990467],13,10,"[0.6101257152780476, 0.5394800330734051]",1,-1
13872,[0.52410496 0.49500694],13,2,"[0.5181425386759565, 0.548951681512668]",1,-1
13873,[0.53477731 0.48150933],13,35,"[0.491626887866141, 0.45015531396212327]",1,-1
13874,[0.57099112 0.47154471],13,27,"[0.5866068271601823, 0.4386408725933068]",1,-1
13875,[0.59270737 0.55027254],13,10,"[0.6101257152780476, 0.5394800330734051]",1,64
13876,[0.54009008 0.64066919],13,9,"[0.5945682323783136, 0.6193254997600653]",1,-1
13877,[0.60310711 0.55770131],13,10,"[0.6101257152780476, 0.5394800330734051]",1,64
13878,[0.54959509 0.55246079],13,2,"[0.5181425386759565, 0.548951681512668]",1,-1
13879,[0.52634033 0.5185155 ],13,2,"[0.5181425386759565, 0.548951681512668]",1,-1
13880,[0.47181207 0.61676494],13,5,"[0.47989515498241786, 0.6212764114798471]",1,-1
13881,[0.62993501 0.57069868],13,10,"[0.6101257152780476, 0.5394800330734051]",1,-1
13882,[0.56349837 0.59392228],13,9,"[0.5945682323783136, 0.6193254997600653]",1,-1
13883,[0.58954734 0.51917417],13,10,"[0.6101257152780476, 0.5394800330734051]",1,-1
13884,[0.5065918  0.47937748],13,35,"[0.491626887866141, 0.45015531396212327]",1,-1
13885,[0.53341104 0.49367407],13,2,"[0.5181425386759565, 0.548951681512668]",1,-1
13886,[0.54302111 0.57619995],13,2,"[0.5181425386759565, 0.548951681512668]",1,65
13887,[0.5713732  0.47103442],13,27,"[0.5866068271601823, 0.4386408725933068]",1,-1
13888,[0.56640507 0.53657795],13,10,"[0.6101257152780476, 0.5394800330734051]",1,-1
13889,[0.58703888 0.5958181 ],13,9,"[0.5945682323783136, 0.6193254997600653]",1,-1
13890,[0.60920906 0.55656257],13,10,"[0.6101257152780476, 0.5394800330734051]",1,64
13891,[0.59555335 0.51543841],13,10,"[0.6101257152780476, 0.5394800330734051]",1,-1
13892,[0.49181492 0.54694275],13,2,"[0.5181425386759565, 0.548951681512668]",1,-1
13893,[0.53959723 0.5333211 ],13,2,"[0.5181425386759565, 0.548951681512668]",1,-1
13894,[0.5991106  0.61569599],13,9,"[0.5945682323783136, 0.6193254997600653]",1,-1
13895,[0.54564302 0.54586184],13,2,"[0.5181425386759565, 0.548951681512668]",1,-1
13896,[0.57563616 0.56063969],13,10,"[0.6101257152780476, 0.5394800330734051]",1,-1
13897,[0.55241798 0.59271242],13,9,"[0.5945682323783136, 0.6193254997600653]",1,-1
13898,[0.61969637 0.4092877 ],13,28,"[0.6409610568572724, 0.3943628717562158]",1,58
13899,[0.49456329 0.45869976],13,35,"[0.491626887866141, 0.45015531396212327]",1,-1
13900,[0.48770466 0.60156806],13,5,"[0.47989515498241786, 0.6212764114798471]",1,-1
13901,[0.50769151 0.59535613],13,5,"[0.47989515498241786, 0.6212764114798471]",1,-1
13902,[0.60027983 0.53903782],13,10,"[0.6101257152780476, 0.5394800330734051]",1,-1
13903,[0.55329462 0.54207598],13,2,"[0.5181425386759565, 0.548951681512668]",1,-1
13904,[0.5171919  0.66092042],13,5,"[0.47989515498241786, 0.6212764114798471]",1,-1
13905,[0.46923541 0.58413809],13,5,"[0.47989515498241786, 0.6212764114798471]",1,-1
13906,[0.57009854 0.49818941],13,10,"[0.6101257152780476, 0.5394800330734051]",1,-1
13907,[0.50267521 0.54622507],13,2,"[0.5181425386759565, 0.548951681512668]",1,-1
13908,[0.52645285 0.52241368],13,2,"[0.5181425386759565, 0.548951681512668]",1,-1
13909,[0.52797775 0.5844964 ],13,2,"[0.5181425386759565, 0.548951681512668]",1,-1
13910,[0.56652308 0.49699306],13,10,"[0.6101257152780476, 0.5394800330734051]",1,-1
13911,[0.57000863 0.53461018],13,10,"[0.6101257152780476, 0.5394800330734051]",1,-1
13912,[0.50376876 0.55499424],13,2,"[0.5181425386759565, 0.548951681512668]",1,-1
13913,[0.61397333 0.49356935],13,10,"[0.6101257152780476, 0.5394800330734051]",1,34
13914,[0.57084502 0.55661736],13,10,"[0.6101257152780476, 0.5394800330734051]",1,69
13915,[0.51867769 0.56051612],13,2,"[0.5181425386759565, 0.548951681512668]",1,-1
13916,[0.65197075 0.54650503],13,10,"[0.6101257152780476, 0.5394800330734051]",1,-1
13917,[0.62893033 0.42667016],13,28,"[0.6409610568572724, 0.3943628717562158]",1,58
13918,[0.61333058 0.59162827],13,9,"[0.5945682323783136, 0.6193254997600653]",1,-1
13919,[0.57706803 0.63909616],13,9,"[0.5945682323783136, 0.6193254997600653]",1,-1
13920,[0.53409536 0.62096695],13,5,"[0.47989515498241786, 0.6212764114798471]",1,-1
13921,[0.57245733 0.66372397],13,41,"[0.5613949929729852, 0.701115936473092]",1,-1
13922,[0.56279812 0.51019261],13,10,"[0.6101257152780476, 0.5394800330734051]",1,-1
13923,[0.48243113 0.57189182],13,2,"[0.5181425386759565, 0.548951681512668]",1,-1
13924,[0.44426446 0.62391624],13,45,"[0.4377614438459196, 0.655911915550708]",1,-1
13925,[0.5327374  0.54887552],13,2,"[0.5181425386759565, 0.548951681512668]",1,-1
13926,[0.51906468 0.54212496],13,2,"[0.5181425386759565, 0.548951681512668]",1,65
13927,[0.55567084 0.51417157],13,2,"[0.5181425386759565, 0.548951681512668]",1,-1
13928,[0.5393807  0.52079752],13,2,"[0.5181425386759565, 0.548951681512668]",1,-1
13929,[0.67649173 0.68162148],13,-1,-1,1,-1
13930,[0.57548486 0.47649473],13,27,"[0.5866068271601823, 0.4386408725933068]",1,-1
13931,[0.59496005 0.48102135],13,27,"[0.5866068271601823, 0.4386408725933068]",1,-1
13932,[0.66989228 0.55602617],13,11,"[0.7051682617613192, 0.574171671796882]",1,-1
13933,[0.54133679 0.64875311],13,41,"[0.5613949929729852, 0.701115936473092]",1,-1
13934,[0.57630395 0.57306475],13,10,"[0.6101257152780476, 0.5394800330734051]",1,69
13935,[0.56194987 0.61526703],13,9,"[0.5945682323783136, 0.6193254997600653]",1,-1
13936,[0.57579643 0.55291567],13,10,"[0.6101257152780476, 0.5394800330734051]",1,-1
13937,[0.53064948 0.56539547],13,2,"[0.5181425386759565, 0.548951681512668]",1,65
13938,[0.61987366 0.60705589],13,9,"[0.5945682323783136, 0.6193254997600653]",1,-1
13939,[0.48972624 0.52050111],13,2,"[0.5181425386759565, 0.548951681512668]",1,-1
13940,[0.5155667  0.55406528],13,2,"[0.5181425386759565, 0.548951681512668]",1,-1
13941,[0.58352859 0.56144605],13,10,"[0.6101257152780476, 0.5394800330734051]",1,-1
13942,[0.63865264 0.55270539],13,10,"[0.6101257152780476, 0.5394800330734051]",1,-1
13943,[0.56334205 0.55404166],13,2,"[0.5181425386759565, 0.548951681512668]",1,-1
13944,[0.49143212 0.53362332],13,2,"[0.5181425386759565, 0.548951681512668]",1,-1
13945,[0.53407023 0.50637199],13,2,"[0.5181425386759565, 0.548951681512668]",1,-1
13946,[0.61398433 0.59544429],13,9,"[0.5945682323783136, 0.6193254997600653]",1,-1
13947,[0.55403134 0.51351912],13,2,"[0.5181425386759565, 0.548951681512668]",1,-1
13948,[0.58217204 0.63196138],13,9,"[0.5945682323783136, 0.6193254997600653]",1,-1
13949,[0.57370669 0.64409137],13,9,"[0.5945682323783136, 0.6193254997600653]",1,-1
13950,[0.74501655 0.53747345],13,11,"[0.7051682617613192, 0.574171671796882]",1,-1
13951,[0.57358599 0.59318151],13,9,"[0.5945682323783136, 0.6193254997600653]",1,68
13952,[0.59637462 0.5672539 ],13,10,"[0.6101257152780476, 0.5394800330734051]",1,-1
13953,[0.61074294 0.50552555],13,10,"[0.6101257152780476, 0.5394800330734051]",1,-1
13954,[0.52528627 0.52417269],13,2,"[0.5181425386759565, 0.548951681512668]",1,-1
13955,[0.63302363 0.61664218],13,9,"[0.5945682323783136, 0.6193254997600653]",1,-1
13956,[0.57071445 0.47458002],13,27,"[0.5866068271601823, 0.4386408725933068]",1,-1
13957,[0.58038437 0.62196708],13,9,"[0.5945682323783136, 0.6193254997600653]",1,-1
13958,[0.56768466 0.60705252],13,9,"[0.5945682323783136, 0.6193254997600653]",1,-1
13959,[0.57032327 0.61296151],13,9,"[0.5945682323783136, 0.6193254997600653]",1,-1
13960,[0.53538461 0.52899779],13,2,"[0.5181425386759565, 0.548951681512668]",1,-1
13961,[0.55417317 0.57071681],13,2,"[0.5181425386759565, 0.548951681512668]",1,-1
13962,[0.54550359 0.4402683 ],13,27,"[0.5866068271601823, 0.4386408725933068]",1,-1
13963,[0.62133173 0.55275283],13,10,"[0.6101257152780476, 0.5394800330734051]",1,-1
13964,[0.60374557 0.54981547],13,10,"[0.6101257152780476, 0.5394800330734051]",1,-1
13965,[0.55216819 0.59877315],13,9,"[0.5945682323783136, 0.6193254997600653]",1,-1
13966,[0.49233659 0.52785652],13,2,"[0.5181425386759565, 0.548951681512668]",1,-1
13967,[0.60396908 0.59600536],13,9,"[0.5945682323783136, 0.6193254997600653]",1,63
13968,[0.5506844  0.48966628],13,27,"[0.5866068271601823, 0.4386408725933068]",1,-1
13969,[0.52753659 0.55143273],13,2,"[0.5181425386759565, 0.548951681512668]",1,-1
13970,[0.54060683 0.52614834],13,2,"[0.5181425386759565, 0.548951681512668]",1,-1
13971,[0.62840849 0.48391412],13,26,"[0.6734889003123068, 0.4756404454441684]",1,-1
13972,[0.60807774 0.61203565],13,9,"[0.5945682323783136, 0.6193254997600653]",1,-1
13973,[0.52704969 0.55248184],13,2,"[0.5181425386759565, 0.548951681512668]",1,-1
13974,[0.57066177 0.56646436],13,10,"[0.6101257152780476, 0.5394800330734051]",1,69
13975,[0.51555427 0.50885568],13,2,"[0.5181425386759565, 0.548951681512668]",1,-1
13976,[0.62386708 0.376382  ],13,28,"[0.6409610568572724, 0.3943628717562158]",1,-1
13977,[0.58868231 0.60393902],13,9,"[0.5945682323783136, 0.6193254997600653]",1,-1
13978,[0.51894813 0.47785417],13,35,"[0.491626887866141, 0.45015531396212327]",1,-1
13979,[0.54742664 0.60572741],13,9,"[0.5945682323783136, 0.6193254997600653]",1,-1
13980,[0.59819067 0.63793958],13,9,"[0.5945682323783136, 0.6193254997600653]",1,-1
13981,[0.64109198 0.63635771],13,9,"[0.5945682323783136, 0.6193254997600653]",1,-1
13982,[0.59716695 0.51366403],13,10,"[0.6101257152780476, 0.5394800330734051]",1,-1
13983,[0.58242141 0.53805514],13,10,"[0.6101257152780476, 0.5394800330734051]",1,-1
13984,[0.6626798  0.52249195],13,26,"[0.6734889003123068, 0.4756404454441684]",1,-1
13985,[0.64552783 0.51399115],13,10,"[0.6101257152780476, 0.5394800330734051]",1,-1
13986,[0.54202593 0.48258814],13,35,"[0.491626887866141, 0.45015531396212327]",1,-1
13987,[0.52411134 0.48466907],13,35,"[0.491626887866141, 0.45015531396212327]",1,-1
13988,[0.66700653 0.57606156],13,11,"[0.7051682617613192, 0.574171671796882]",1,-1
13989,[0.49822143 0.52560118],13,2,"[0.5181425386759565, 0.548951681512668]",1,-1
13990,[0.48845004 0.56865572],13,2,"[0.5181425386759565, 0.548951681512668]",1,-1
13991,[0.54965527 0.51240869],13,2,"[0.5181425386759565, 0.548951681512668]",1,-1
13992,[0.55398287 0.50766916],13,2,"[0.5181425386759565, 0.548951681512668]",1,-1
13993,[0.48031559 0.54262005],13,2,"[0.5181425386759565, 0.548951681512668]",1,-1
13994,[0.5429314  0.52889918],13,2,"[0.5181425386759565, 0.548951681512668]",1,-1
13995,[0.52814152 0.60478311],13,5,"[0.47989515498241786, 0.6212764114798471]",1,-1
13996,[0.49759163 0.53906466],13,2,"[0.5181425386759565, 0.548951681512668]",1,-1
13997,[0.52748301 0.57328934],13,2,"[0.5181425386759565, 0.548951681512668]",1,-1
13998,[0.55230764 0.52872856],13,2,"[0.5181425386759565, 0.548951681512668]",1,-1
13999,[0.55596058 0.52275051],13,2,"[0.5181425386759565, 0.548951681512668]",1,-1
14000,[0.32551655 0.45148563],14,13,"[0.32294489274299887, 0.4620611538839558]",1,-1
14001,[0.36989395 0.42186043],14,6,"[0.40123478470159024, 0.40656176249784554]",1,-1
14002,[0.4147485  0.39331322],14,6,"[0.40123478470159024, 0.40656176249784554]",1,-1
14003,[0.44953962 0.44468343],14,35,"[0.491626887866141, 0.45015531396212327]",1,-1
14004,[0.35255002 0.42927327],14,13,"[0.32294489274299887, 0.4620611538839558]",1,-1
14005,[0.38186757 0.40948316],14,6,"[0.40123478470159024, 0.40656176249784554]",1,-1
14006,[0.40459771 0.36354035],14,6,"[0.40123478470159024, 0.40656176249784554]",1,-1
14007,[0.40113581 0.40722984],14,6,"[0.40123478470159024, 0.40656176249784554]",1,-1
14008,[0.33446882 0.47323023],14,13,"[0.32294489274299887, 0.4620611538839558]",1,-1
14009,[0.35048553 0.53241398],14,25,"[0.38660465276603295, 0.5871767558758164]",1,-1
14010,[0.47267486 0.45391914],14,35,"[0.491626887866141, 0.45015531396212327]",1,-1
14011,[0.42814117 0.45395138],14,6,"[0.40123478470159024, 0.40656176249784554]",1,-1
14012,[0.36951565 0.4259346 ],14,6,"[0.40123478470159024, 0.40656176249784554]",1,-1
14013,[0.36119006 0.40909562],14,6,"[0.40123478470159024, 0.40656176249784554]",1,-1
14014,[0.40651541 0.42669845],14,6,"[0.40123478470159024, 0.40656176249784554]",1,-1
14015,[0.37280056 0.57643012],14,25,"[0.38660465276603295, 0.5871767558758164]",1,-1
14016,[0.36363654 0.414569  ],14,6,"[0.40123478470159024, 0.40656176249784554]",1,-1
14017,[0.33447828 0.33756299],14,1,"[0.33650952271243567, 0.3695039184549852]",1,-1
14018,[0.34154809 0.41361667],14,1,"[0.33650952271243567, 0.3695039184549852]",1,-1
14019,[0.36302041 0.39077162],14,1,"[0.33650952271243567, 0.3695039184549852]",1,-1
14020,[0.35527036 0.45823448],14,13,"[0.32294489274299887, 0.4620611538839558]",1,-1
14021,[0.32146488 0.43371328],14,13,"[0.32294489274299887, 0.4620611538839558]",1,-1
14022,[0.34990581 0.47577476],14,13,"[0.32294489274299887, 0.4620611538839558]",1,-1
14023,[0.46014333 0.4854244 ],14,18,"[0.4203234088660354, 0.508036417947434]",1,-1
14024,[0.40229212 0.41081222],14,6,"[0.40123478470159024, 0.40656176249784554]",1,-1
14025,[0.40545258 0.4661405 ],14,18,"[0.4203234088660354, 0.508036417947434]",1,-1
14026,[0.30358123 0.40492967],14,1,"[0.33650952271243567, 0.3695039184549852]",1,61
14027,[0.37328708 0.44636887],14,6,"[0.40123478470159024, 0.40656176249784554]",1,-1
14028,[0.41709095 0.41003583],14,6,"[0.40123478470159024, 0.40656176249784554]",1,-1
14029,[0.27372041 0.41353427],14,0,"[0.2473875480073203, 0.39401489827781994]",1,-1
14030,[0.41107825 0.47659054],14,18,"[0.4203234088660354, 0.508036417947434]",1,-1
14031,[0.38752471 0.42112157],14,6,"[0.40123478470159024, 0.40656176249784554]",1,-1
14032,[0.32186188 0.36867082],14,1,"[0.33650952271243567, 0.3695039184549852]",1,-1
14033,[0.35860402 0.43419081],14,13,"[0.32294489274299887, 0.4620611538839558]",1,-1
14034,[0.38629603 0.44820725],14,6,"[0.40123478470159024, 0.40656176249784554]",1,-1
14035,[0.39438783 0.41518459],14,6,"[0.40123478470159024, 0.40656176249784554]",1,-1
14036,[0.37336471 0.33925659],14,4,"[0.3937233168939997, 0.29890402186269427]",1,-1
14037,[0.42598775 0.44438256],14,6,"[0.40123478470159024, 0.40656176249784554]",1,-1
14038,[0.48127673 0.43545589],14,35,"[0.491626887866141, 0.45015531396212327]",1,-1
14039,[0.34263597 0.34094399],14,1,"[0.33650952271243567, 0.3695039184549852]",1,-1
14040,[0.36211163 0.41587667],14,6,"[0.40123478470159024, 0.40656176249784554]",1,-1
14041,[0.39167472 0.48433814],14,18,"[0.4203234088660354, 0.508036417947434]",1,-1
14042,[0.44977577 0.41376457],14,6,"[0.40123478470159024, 0.40656176249784554]",1,-1
14043,[0.44798838 0.53055554],14,18,"[0.4203234088660354, 0.508036417947434]",1,-1
14044,[0.36016677 0.47146585],14,13,"[0.32294489274299887, 0.4620611538839558]",1,-1
14045,[0.41063494 0.38430639],14,6,"[0.40123478470159024, 0.40656176249784554]",1,-1
14046,[0.3531692  0.43884235],14,13,"[0.32294489274299887, 0.4620611538839558]",1,-1
14047,[0.45399761 0.40094415],14,37,"[0.4780366509520634, 0.3686118735311782]",1,-1
14048,[0.3300651 0.2868858],14,7,"[0.2880919156697789, 0.2889500356712737]",1,-1
14049,[0.40966829 0.33269079],14,4,"[0.3937233168939997, 0.29890402186269427]",1,-1
14050,[0.40742204 0.40583807],14,6,"[0.40123478470159024, 0.40656176249784554]",1,-1
14051,[0.38141602 0.34999651],14,1,"[0.33650952271243567, 0.3695039184549852]",1,71
14052,[0.36312902 0.37702978],14,1,"[0.33650952271243567, 0.3695039184549852]",1,-1
14053,[0.32770784 0.40872349],14,1,"[0.33650952271243567, 0.3695039184549852]",1,-1
14054,[0.40361968 0.39465779],14,6,"[0.40123478470159024, 0.40656176249784554]",1,-1
14055,[0.37236707 0.52732409],14,18,"[0.4203234088660354, 0.508036417947434]",1,-1
14056,[0.37175155 0.47817553],14,13,"[0.32294489274299887, 0.4620611538839558]",1,-1
14057,[0.43292552 0.44352729],14,6,"[0.40123478470159024, 0.40656176249784554]",1,-1
14058,[0.39067584 0.36589807],14,6,"[0.40123478470159024, 0.40656176249784554]",1,73
14059,[0.41999197 0.41920851],14,6,"[0.40123478470159024, 0.40656176249784554]",1,-1
14060,[0.3429248  0.42348273],14,13,"[0.32294489274299887, 0.4620611538839558]",1,-1
14061,[0.33074221 0.46189   ],14,13,"[0.32294489274299887, 0.4620611538839558]",1,-1
14062,[0.45313443 0.37563443],14,37,"[0.4780366509520634, 0.3686118735311782]",1,-1
14063,[0.35536122 0.46392999],14,13,"[0.32294489274299887, 0.4620611538839558]",1,-1
14064,[0.31420055 0.39486019],14,1,"[0.33650952271243567, 0.3695039184549852]",1,-1
14065,[0.42044479 0.48843061],14,18,"[0.4203234088660354, 0.508036417947434]",1,-1
14066,[0.44458296 0.55974468],14,18,"[0.4203234088660354, 0.508036417947434]",1,-1
14067,[0.48841923 0.42566392],14,35,"[0.491626887866141, 0.45015531396212327]",1,-1
14068,[0.39258106 0.46018166],14,6,"[0.40123478470159024, 0.40656176249784554]",1,50
14069,[0.44013524 0.36489851],14,37,"[0.4780366509520634, 0.3686118735311782]",1,-1
14070,[0.41177309 0.46595349],14,18,"[0.4203234088660354, 0.508036417947434]",1,-1
14071,[0.33212532 0.35587535],14,1,"[0.33650952271243567, 0.3695039184549852]",1,77
14072,[0.32247338 0.43394086],14,13,"[0.32294489274299887, 0.4620611538839558]",1,-1
14073,[0.51624363 0.4156527 ],14,35,"[0.491626887866141, 0.45015531396212327]",1,8
14074,[0.34143032 0.35243689],14,1,"[0.33650952271243567, 0.3695039184549852]",1,77
14075,[0.42004477 0.41515742],14,6,"[0.40123478470159024, 0.40656176249784554]",1,-1
14076,[0.40611305 0.52806264],14,18,"[0.4203234088660354, 0.508036417947434]",1,-1
14077,[0.36856043 0.32284808],14,4,"[0.3937233168939997, 0.29890402186269427]",1,-1
14078,[0.39010376 0.45944411],14,6,"[0.40123478470159024, 0.40656176249784554]",1,50
14079,[0.49851066 0.40843077],14,35,"[0.491626887866141, 0.45015531396212327]",1,-1
14080,[0.39462486 0.40097189],14,6,"[0.40123478470159024, 0.40656176249784554]",1,-1
14081,[0.36766993 0.40180062],14,6,"[0.40123478470159024, 0.40656176249784554]",1,-1
14082,[0.42456438 0.33654194],14,4,"[0.3937233168939997, 0.29890402186269427]",1,-1
14083,[0.36065329 0.45211771],14,13,"[0.32294489274299887, 0.4620611538839558]",1,-1
14084,[0.37818007 0.38676951],14,6,"[0.40123478470159024, 0.40656176249784554]",1,-1
14085,[0.35480552 0.46284462],14,13,"[0.32294489274299887, 0.4620611538839558]",1,-1
14086,[0.37320036 0.35198055],14,1,"[0.33650952271243567, 0.3695039184549852]",1,-1
14087,[0.40198311 0.39549109],14,6,"[0.40123478470159024, 0.40656176249784554]",1,-1
14088,[0.31292856 0.38326436],14,1,"[0.33650952271243567, 0.3695039184549852]",1,-1
14089,[0.39257027 0.44860416],14,6,"[0.40123478470159024, 0.40656176249784554]",1,-1
14090,[0.36181965 0.27680753],14,4,"[0.3937233168939997, 0.29890402186269427]",1,-1
14091,[0.42383715 0.42664677],14,6,"[0.40123478470159024, 0.40656176249784554]",1,-1
14092,[0.32103414 0.35148023],14,1,"[0.33650952271243567, 0.3695039184549852]",1,-1
14093,[0.38713497 0.41431816],14,6,"[0.40123478470159024, 0.40656176249784554]",1,-1
14094,[0.35704486 0.41832861],14,6,"[0.40123478470159024, 0.40656176249784554]",1,-1
14095,[0.34944515 0.43975301],14,13,"[0.32294489274299887, 0.4620611538839558]",1,-1
14096,[0.48142352 0.40005317],14,37,"[0.4780366509520634, 0.3686118735311782]",1,-1
14097,[0.37780152 0.46685714],14,13,"[0.32294489274299887, 0.4620611538839558]",1,-1
14098,[0.38553096 0.38330565],14,6,"[0.40123478470159024, 0.40656176249784554]",1,-1
14099,[0.39819574 0.50404997],14,18,"[0.4203234088660354, 0.508036417947434]",1,-1
14100,[0.29785332 0.44098696],14,13,"[0.32294489274299887, 0.4620611538839558]",1,-1
14101,[0.36423972 0.39255598],14,1,"[0.33650952271243567, 0.3695039184549852]",1,79
14102,[0.38245356 0.39386747],14,6,"[0.40123478470159024, 0.40656176249784554]",1,-1
14103,[0.36297175 0.49861688],14,13,"[0.32294489274299887, 0.4620611538839558]",1,-1
14104,[0.46056328 0.3399315 ],14,37,"[0.4780366509520634, 0.3686118735311782]",1,-1
14105,[0.44455141 0.43427319],14,35,"[0.491626887866141, 0.45015531396212327]",1,-1
14106,[0.37281306 0.33038151],14,4,"[0.3937233168939997, 0.29890402186269427]",1,-1
14107,[0.35542464 0.47611936],14,13,"[0.32294489274299887, 0.4620611538839558]",1,-1
14108,[0.42468124 0.422644  ],14,6,"[0.40123478470159024, 0.40656176249784554]",1,-1
14109,[0.44322768 0.46228303],14,35,"[0.491626887866141, 0.45015531396212327]",1,-1
14110,[0.43938868 0.45129644],14,35,"[0.491626887866141, 0.45015531396212327]",1,-1
14111,[0.33173595 0.42377439],14,13,"[0.32294489274299887, 0.4620611538839558]",1,-1
14112,[0.45689487 0.4467122 ],14,35,"[0.491626887866141, 0.45015531396212327]",1,-1
14113,[0.32922591 0.46483104],14,13,"[0.32294489274299887, 0.4620611538839558]",1,-1
14114,[0.40753171 0.44981907],14,6,"[0.40123478470159024, 0.40656176249784554]",1,50
14115,[0.51224812 0.41819086],14,35,"[0.491626887866141, 0.45015531396212327]",1,8
14116,[0.49423206 0.40515571],14,37,"[0.4780366509520634, 0.3686118735311782]",1,-1
14117,[0.32868685 0.46454784],14,13,"[0.32294489274299887, 0.4620611538839558]",1,-1
14118,[0.4190142  0.52869498],14,18,"[0.4203234088660354, 0.508036417947434]",1,-1
14119,[0.38706018 0.4658578 ],14,18,"[0.4203234088660354, 0.508036417947434]",1,-1
14120,[0.35686179 0.34441578],14,1,"[0.33650952271243567, 0.3695039184549852]",1,76
14121,[0.36074719 0.35833998],14,1,"[0.33650952271243567, 0.3695039184549852]",1,-1
14122,[0.32557077 0.44089231],14,13,"[0.32294489274299887, 0.4620611538839558]",1,-1
14123,[0.50180803 0.39082881],14,37,"[0.4780366509520634, 0.3686118735311782]",1,-1
14124,[0.34736029 0.44705927],14,13,"[0.32294489274299887, 0.4620611538839558]",1,-1
14125,[0.32146807 0.37337446],14,1,"[0.33650952271243567, 0.3695039184549852]",1,-1
14126,[0.3873589 0.4541057],14,6,"[0.40123478470159024, 0.40656176249784554]",1,50
14127,[0.33831176 0.58406212],14,44,"[0.30505443145580996, 0.5938366826632161]",1,-1
14128,[0.40853945 0.56742124],14,25,"[0.38660465276603295, 0.5871767558758164]",1,-1
14129,[0.46506966 0.41168985],14,37,"[0.4780366509520634, 0.3686118735311782]",1,-1
14130,[0.37944771 0.43906325],14,6,"[0.40123478470159024, 0.40656176249784554]",1,-1
14131,[0.39644156 0.37230572],14,6,"[0.40123478470159024, 0.40656176249784554]",1,-1
14132,[0.30486185 0.45780212],14,13,"[0.32294489274299887, 0.4620611538839558]",1,-1
14133,[0.29736301 0.36982933],14,1,"[0.33650952271243567, 0.3695039184549852]",1,-1
14134,[0.42913075 0.47360797],14,18,"[0.4203234088660354, 0.508036417947434]",1,-1
14135,[0.41540873 0.49026802],14,18,"[0.4203234088660354, 0.508036417947434]",1,-1
14136,[0.39426173 0.39820072],14,6,"[0.40123478470159024, 0.40656176249784554]",1,-1
14137,[0.42814305 0.39280924],14,6,"[0.40123478470159024, 0.40656176249784554]",1,-1
14138,[0.39905846 0.39584161],14,6,"[0.40123478470159024, 0.40656176249784554]",1,-1
14139,[0.37313318 0.4428705 ],14,6,"[0.40123478470159024, 0.40656176249784554]",1,-1
14140,[0.29417675 0.37235368],14,1,"[0.33650952271243567, 0.3695039184549852]",1,-1
14141,[0.41848839 0.48330302],14,18,"[0.4203234088660354, 0.508036417947434]",1,-1
14142,[0.33063765 0.44811136],14,13,"[0.32294489274299887, 0.4620611538839558]",1,-1
14143,[0.38699223 0.48042263],14,18,"[0.4203234088660354, 0.508036417947434]",1,-1
14144,[0.29374684 0.5346091 ],14,44,"[0.30505443145580996, 0.5938366826632161]",1,-1
14145,[0.42419373 0.44868684],14,6,"[0.40123478470159024, 0.40656176249784554]",1,-1
14146,[0.40527167 0.36862928],14,6,"[0.40123478470159024, 0.40656176249784554]",1,-1
14147,[0.37633264 0.44354595],14,6,"[0.40123478470159024, 0.40656176249784554]",1,-1
14148,[0.47214074 0.36338792],14,37,"[0.4780366509520634, 0.3686118735311782]",1,-1
14149,[0.29716921 0.42179827],14,13,"[0.32294489274299887, 0.4620611538839558]",1,-1
14150,[0.40360123 0.45058085],14,6,"[0.40123478470159024, 0.40656176249784554]",1,50
14151,[0.44275087 0.41125002],14,6,"[0.40123478470159024, 0.40656176249784554]",1,-1
14152,[0.46220427 0.41581233],14,35,"[0.491626887866141, 0.45015531396212327]",1,-1
14153,[0.36149293 0.39314167],14,1,"[0.33650952271243567, 0.3695039184549852]",1,79
14154,[0.38946592 0.43929893],14,6,"[0.40123478470159024, 0.40656176249784554]",1,-1
14155,[0.36432411 0.46746064],14,13,"[0.32294489274299887, 0.4620611538839558]",1,-1
14156,[0.42355486 0.35830239],14,6,"[0.40123478470159024, 0.40656176249784554]",1,-1
14157,[0.3469111  0.40438313],14,1,"[0.33650952271243567, 0.3695039184549852]",1,-1
14158,[0.38161143 0.38262116],14,6,"[0.40123478470159024, 0.40656176249784554]",1,-1
14159,[0.45831483 0.39503293],14,37,"[0.4780366509520634, 0.3686118735311782]",1,-1
14160,[0.33557054 0.41560835],14,1,"[0.33650952271243567, 0.3695039184549852]",1,-1
14161,[0.36199658 0.37081445],14,1,"[0.33650952271243567, 0.3695039184549852]",1,-1
14162,[0.38504796 0.42264478],14,6,"[0.40123478470159024, 0.40656176249784554]",1,-1
14163,[0.4028683  0.35343195],14,6,"[0.40123478470159024, 0.40656176249784554]",1,71
14164,[0.36743634 0.34595114],14,1,"[0.33650952271243567, 0.3695039184549852]",1,-1
14165,[0.35655407 0.37857098],14,1,"[0.33650952271243567, 0.3695039184549852]",1,-1
14166,[0.43331263 0.51139326],14,18,"[0.4203234088660354, 0.508036417947434]",1,-1
14167,[0.36377928 0.45890179],14,13,"[0.32294489274299887, 0.4620611538839558]",1,-1
14168,[0.44977741 0.54360719],14,18,"[0.4203234088660354, 0.508036417947434]",1,-1
14169,[0.4276157  0.50019427],14,18,"[0.4203234088660354, 0.508036417947434]",1,-1
14170,[0.46414754 0.43363482],14,35,"[0.491626887866141, 0.45015531396212327]",1,-1
14171,[0.38465406 0.45344361],14,6,"[0.40123478470159024, 0.40656176249784554]",1,-1
14172,[0.4362306  0.46231947],14,18,"[0.4203234088660354, 0.508036417947434]",1,-1
14173,[0.39188185 0.46432901],14,18,"[0.4203234088660354, 0.508036417947434]",1,-1
14174,[0.44468366 0.47416784],14,18,"[0.4203234088660354, 0.508036417947434]",1,-1
14175,[0.47574751 0.43775689],14,35,"[0.491626887866141, 0.45015531396212327]",1,-1
14176,[0.40649801 0.52646839],14,18,"[0.4203234088660354, 0.508036417947434]",1,-1
14177,[0.33981994 0.47080812],14,13,"[0.32294489274299887, 0.4620611538839558]",1,-1
14178,[0.37572296 0.44333218],14,6,"[0.40123478470159024, 0.40656176249784554]",1,-1
14179,[0.32364142 0.40060519],14,1,"[0.33650952271243567, 0.3695039184549852]",1,-1
14180,[0.33079246 0.39013783],14,1,"[0.33650952271243567, 0.3695039184549852]",1,-1
14181,[0.36558987 0.44634529],14,13,"[0.32294489274299887, 0.4620611538839558]",1,-1
14182,[0.40617027 0.41418422],14,6,"[0.40123478470159024, 0.40656176249784554]",1,-1
14183,[0.40997981 0.44414555],14,6,"[0.40123478470159024, 0.40656176249784554]",1,-1
14184,[0.30155407 0.37161945],14,1,"[0.33650952271243567, 0.3695039184549852]",1,-1
14185,[0.29991485 0.33700154],14,1,"[0.33650952271243567, 0.3695039184549852]",1,-1
14186,[0.41723672 0.38161482],14,6,"[0.40123478470159024, 0.40656176249784554]",1,-1
14187,[0.35531877 0.4112832 ],14,1,"[0.33650952271243567, 0.3695039184549852]",1,-1
14188,[0.41617644 0.44167445],14,6,"[0.40123478470159024, 0.40656176249784554]",1,-1
14189,[0.42190277 0.50806821],14,18,"[0.4203234088660354, 0.508036417947434]",1,-1
14190,[0.38554384 0.45596045],14,6,"[0.40123478470159024, 0.40656176249784554]",1,-1
14191,[0.35111996 0.35951383],14,1,"[0.33650952271243567, 0.3695039184549852]",1,-1
14192,[0.44218495 0.3306005 ],14,37,"[0.4780366509520634, 0.3686118735311782]",1,-1
14193,[0.38170525 0.38879529],14,6,"[0.40123478470159024, 0.40656176249784554]",1,-1
14194,[0.44110415 0.49366283],14,18,"[0.4203234088660354, 0.508036417947434]",1,-1
14195,[0.33751356 0.36300854],14,1,"[0.33650952271243567, 0.3695039184549852]",1,-1
14196,[0.39048601 0.38349796],14,6,"[0.40123478470159024, 0.40656176249784554]",1,78
14197,[0.3426716  0.36531029],14,1,"[0.33650952271243567, 0.3695039184549852]",1,-1
14198,[0.33752554 0.45338725],14,13,"[0.32294489274299887, 0.4620611538839558]",1,-1
14199,[0.40311071 0.44735121],14,6,"[0.40123478470159024, 0.40656176249784554]",1,50
14200,[0.40519014 0.41808427],14,6,"[0.40123478470159024, 0.40656176249784554]",1,-1
14201,[0.40981726 0.36206522],14,6,"[0.40123478470159024, 0.40656176249784554]",1,-1
14202,[0.44476257 0.40131822],14,6,"[0.40123478470159024, 0.40656176249784554]",1,-1
14203,[0.34505416 0.48258741],14,13,"[0.32294489274299887, 0.4620611538839558]",1,-1
14204,[0.4737263  0.47802603],14,35,"[0.491626887866141, 0.45015531396212327]",1,-1
14205,[0.37348398 0.39192751],14,6,"[0.40123478470159024, 0.40656176249784554]",1,-1
14206,[0.41201406 0.45078266],14,6,"[0.40123478470159024, 0.40656176249784554]",1,-1
14207,[0.43503571 0.42391964],14,6,"[0.40123478470159024, 0.40656176249784554]",1,-1
14208,[0.49987509 0.47554819],14,35,"[0.491626887866141, 0.45015531396212327]",1,-1
14209,[0.39773752 0.46817715],14,18,"[0.4203234088660354, 0.508036417947434]",1,-1
14210,[0.33801988 0.3765952 ],14,1,"[0.33650952271243567, 0.3695039184549852]",1,-1
14211,[0.38074702 0.51914846],14,18,"[0.4203234088660354, 0.508036417947434]",1,-1
14212,[0.40598609 0.47059345],14,18,"[0.4203234088660354, 0.508036417947434]",1,-1
14213,[0.39280766 0.45826106],14,6,"[0.40123478470159024, 0.40656176249784554]",1,50
14214,[0.40582703 0.43653859],14,6,"[0.40123478470159024, 0.40656176249784554]",1,50
14215,[0.39342496 0.34426568],14,4,"[0.3937233168939997, 0.29890402186269427]",1,71
14216,[0.37013208 0.43492807],14,6,"[0.40123478470159024, 0.40656176249784554]",1,-1
14217,[0.37100486 0.51273973],14,18,"[0.4203234088660354, 0.508036417947434]",1,-1
14218,[0.40469899 0.44645266],14,6,"[0.40123478470159024, 0.40656176249784554]",1,50
14219,[0.36007888 0.34710771],14,1,"[0.33650952271243567, 0.3695039184549852]",1,76
14220,[0.41968384 0.44840274],14,6,"[0.40123478470159024, 0.40656176249784554]",1,-1
14221,[0.37489437 0.41166784],14,6,"[0.40123478470159024, 0.40656176249784554]",1,-1
14222,[0.43081308 0.33850422],14,4,"[0.3937233168939997, 0.29890402186269427]",1,-1
14223,[0.47010008 0.52320878],14,18,"[0.4203234088660354, 0.508036417947434]",1,49
14224,[0.36761264 0.42800439],14,6,"[0.40123478470159024, 0.40656176249784554]",1,-1
14225,[0.37693521 0.40576553],14,6,"[0.40123478470159024, 0.40656176249784554]",1,-1
14226,[0.40592899 0.40805928],14,6,"[0.40123478470159024, 0.40656176249784554]",1,-1
14227,[0.42055529 0.40945323],14,6,"[0.40123478470159024, 0.40656176249784554]",1,-1
14228,[0.39474429 0.40738275],14,6,"[0.40123478470159024, 0.40656176249784554]",1,-1
14229,[0.37441703 0.37799663],14,1,"[0.33650952271243567, 0.3695039184549852]",1,-1
14230,[0.36370126 0.39094724],14,1,"[0.33650952271243567, 0.3695039184549852]",1,-1
14231,[0.42810885 0.39357527],14,6,"[0.40123478470159024, 0.40656176249784554]",1,-1
14232,[0.47342361 0.38828838],14,37,"[0.4780366509520634, 0.3686118735311782]",1,-1
14233,[0.43435696 0.45719937],14,18,"[0.4203234088660354, 0.508036417947434]",1,-1
14234,[0.41072994 0.42646878],14,6,"[0.40123478470159024, 0.40656176249784554]",1,-1
14235,[0.41879321 0.35804942],14,6,"[0.40123478470159024, 0.40656176249784554]",1,-1
14236,[0.36891674 0.37498863],14,1,"[0.33650952271243567, 0.3695039184549852]",1,-1
14237,[0.36839649 0.43594041],14,6,"[0.40123478470159024, 0.40656176249784554]",1,-1
14238,[0.40686627 0.4222164 ],14,6,"[0.40123478470159024, 0.40656176249784554]",1,-1
14239,[0.38493608 0.47749293],14,18,"[0.4203234088660354, 0.508036417947434]",1,-1
14240,[0.383994   0.40697112],14,6,"[0.40123478470159024, 0.40656176249784554]",1,-1
14241,[0.38882836 0.34294895],14,4,"[0.3937233168939997, 0.29890402186269427]",1,-1
14242,[0.32908084 0.45919206],14,13,"[0.32294489274299887, 0.4620611538839558]",1,-1
14243,[0.34857851 0.43959837],14,13,"[0.32294489274299887, 0.4620611538839558]",1,-1
14244,[0.3360222  0.46537526],14,13,"[0.32294489274299887, 0.4620611538839558]",1,-1
14245,[0.41091779 0.44767058],14,6,"[0.40123478470159024, 0.40656176249784554]",1,-1
14246,[0.41531812 0.45633882],14,6,"[0.40123478470159024, 0.40656176249784554]",1,-1
14247,[0.39073319 0.47057315],14,18,"[0.4203234088660354, 0.508036417947434]",1,-1
14248,[0.38281784 0.38290149],14,6,"[0.40123478470159024, 0.40656176249784554]",1,-1
14249,[0.43547541 0.39337475],14,6,"[0.40123478470159024, 0.40656176249784554]",1,-1
14250,[0.41214419 0.40097719],14,6,"[0.40123478470159024, 0.40656176249784554]",1,-1
14251,[0.38872738 0.47396528],14,18,"[0.4203234088660354, 0.508036417947434]",1,-1
14252,[0.29636425 0.37339839],14,1,"[0.33650952271243567, 0.3695039184549852]",1,-1
14253,[0.35373791 0.49164543],14,13,"[0.32294489274299887, 0.4620611538839558]",1,-1
14254,[0.31517067 0.45992483],14,13,"[0.32294489274299887, 0.4620611538839558]",1,-1
14255,[0.36832946 0.48166414],14,13,"[0.32294489274299887, 0.4620611538839558]",1,-1
14256,[0.42385862 0.46119354],14,18,"[0.4203234088660354, 0.508036417947434]",1,-1
14257,[0.40330943 0.40844038],14,6,"[0.40123478470159024, 0.40656176249784554]",1,-1
14258,[0.39248025 0.41479456],14,6,"[0.40123478470159024, 0.40656176249784554]",1,-1
14259,[0.38271541 0.47983226],14,18,"[0.4203234088660354, 0.508036417947434]",1,-1
14260,[0.31989152 0.38166881],14,1,"[0.33650952271243567, 0.3695039184549852]",1,-1
14261,[0.32999615 0.51792604],14,13,"[0.32294489274299887, 0.4620611538839558]",1,-1
14262,[0.46322152 0.41252098],14,37,"[0.4780366509520634, 0.3686118735311782]",1,-1
14263,[0.37615235 0.38174024],14,6,"[0.40123478470159024, 0.40656176249784554]",1,78
14264,[0.38793033 0.52708704],14,18,"[0.4203234088660354, 0.508036417947434]",1,-1
14265,[0.37219591 0.31219752],14,4,"[0.3937233168939997, 0.29890402186269427]",1,-1
14266,[0.42658897 0.36352083],14,6,"[0.40123478470159024, 0.40656176249784554]",1,-1
14267,[0.40808602 0.47535303],14,18,"[0.4203234088660354, 0.508036417947434]",1,-1
14268,[0.32756811 0.50741772],14,13,"[0.32294489274299887, 0.4620611538839558]",1,-1
14269,[0.47303367 0.39965447],14,37,"[0.4780366509520634, 0.3686118735311782]",1,-1
14270,[0.46717591 0.39580396],14,37,"[0.4780366509520634, 0.3686118735311782]",1,-1
14271,[0.38580046 0.38878899],14,6,"[0.40123478470159024, 0.40656176249784554]",1,-1
14272,[0.37873719 0.42313129],14,6,"[0.40123478470159024, 0.40656176249784554]",1,-1
14273,[0.41573695 0.40616911],14,6,"[0.40123478470159024, 0.40656176249784554]",1,-1
14274,[0.46052107 0.43699733],14,35,"[0.491626887866141, 0.45015531396212327]",1,-1
14275,[0.41588449 0.43306944],14,6,"[0.40123478470159024, 0.40656176249784554]",1,-1
14276,[0.47244724 0.43180151],14,35,"[0.491626887866141, 0.45015531396212327]",1,-1
14277,[0.43176903 0.30345691],14,4,"[0.3937233168939997, 0.29890402186269427]",1,-1
14278,[0.49319871 0.4020569 ],14,37,"[0.4780366509520634, 0.3686118735311782]",1,-1
14279,[0.41914811 0.31067153],14,4,"[0.3937233168939997, 0.29890402186269427]",1,-1
14280,[0.31209511 0.5615915 ],14,44,"[0.30505443145580996, 0.5938366826632161]",1,-1
14281,[0.390779   0.41175157],14,6,"[0.40123478470159024, 0.40656176249784554]",1,-1
14282,[0.43669176 0.37931706],14,37,"[0.4780366509520634, 0.3686118735311782]",1,-1
14283,[0.31380767 0.34605643],14,1,"[0.33650952271243567, 0.3695039184549852]",1,-1
14284,[0.38763434 0.36156774],14,6,"[0.40123478470159024, 0.40656176249784554]",1,73
14285,[0.33051759 0.4491863 ],14,13,"[0.32294489274299887, 0.4620611538839558]",1,-1
14286,[0.31677325 0.40626589],14,1,"[0.33650952271243567, 0.3695039184549852]",1,-1
14287,[0.37881043 0.31782728],14,4,"[0.3937233168939997, 0.29890402186269427]",1,-1
14288,[0.39759996 0.33792952],14,4,"[0.3937233168939997, 0.29890402186269427]",1,-1
14289,[0.4580865  0.44371015],14,35,"[0.491626887866141, 0.45015531396212327]",1,-1
14290,[0.3788462  0.36509894],14,1,"[0.33650952271243567, 0.3695039184549852]",1,-1
14291,[0.34738726 0.46398138],14,13,"[0.32294489274299887, 0.4620611538839558]",1,-1
14292,[0.34995238 0.37306748],14,1,"[0.33650952271243567, 0.3695039184549852]",1,-1
14293,[0.4067659  0.46086024],14,18,"[0.4203234088660354, 0.508036417947434]",1,-1
14294,[0.37583424 0.36128567],14,1,"[0.33650952271243567, 0.3695039184549852]",1,-1
14295,[0.45494979 0.44753849],14,35,"[0.491626887866141, 0.45015531396212327]",1,-1
14296,[0.39030484 0.47133823],14,18,"[0.4203234088660354, 0.508036417947434]",1,-1
14297,[0.47878898 0.53062032],14,2,"[0.5181425386759565, 0.548951681512668]",1,-1
14298,[0.47044998 0.3604148 ],14,37,"[0.4780366509520634, 0.3686118735311782]",1,-1
14299,[0.41656835 0.46002648],14,18,"[0.4203234088660354, 0.508036417947434]",1,-1
14300,[0.34159907 0.50700222],14,13,"[0.32294489274299887, 0.4620611538839558]",1,-1
14301,[0.44989323 0.38597976],14,37,"[0.4780366509520634, 0.3686118735311782]",1,-1
14302,[0.40716362 0.47713642],14,18,"[0.4203234088660354, 0.508036417947434]",1,-1
14303,[0.40270196 0.43988087],14,6,"[0.40123478470159024, 0.40656176249784554]",1,50
14304,[0.36875903 0.40398786],14,6,"[0.40123478470159024, 0.40656176249784554]",1,-1
14305,[0.3889107  0.43793809],14,6,"[0.40123478470159024, 0.40656176249784554]",1,50
14306,[0.43155995 0.44379268],14,6,"[0.40123478470159024, 0.40656176249784554]",1,-1
14307,[0.32628066 0.47052081],14,13,"[0.32294489274299887, 0.4620611538839558]",1,-1
14308,[0.35527755 0.37046302],14,1,"[0.33650952271243567, 0.3695039184549852]",1,-1
14309,[0.46014903 0.39804697],14,37,"[0.4780366509520634, 0.3686118735311782]",1,-1
14310,[0.33108218 0.45805361],14,13,"[0.32294489274299887, 0.4620611538839558]",1,-1
14311,[0.32078681 0.41550338],14,13,"[0.32294489274299887, 0.4620611538839558]",1,-1
14312,[0.3671127  0.51904437],14,18,"[0.4203234088660354, 0.508036417947434]",1,-1
14313,[0.35858946 0.46941033],14,13,"[0.32294489274299887, 0.4620611538839558]",1,-1
14314,[0.39804034 0.35529608],14,6,"[0.40123478470159024, 0.40656176249784554]",1,-1
14315,[0.40538488 0.37064008],14,6,"[0.40123478470159024, 0.40656176249784554]",1,-1
14316,[0.3330334  0.40230864],14,1,"[0.33650952271243567, 0.3695039184549852]",1,-1
14317,[0.29718782 0.42729526],14,13,"[0.32294489274299887, 0.4620611538839558]",1,-1
14318,[0.4085532  0.44182609],14,6,"[0.40123478470159024, 0.40656176249784554]",1,50
14319,[0.40779065 0.38773261],14,6,"[0.40123478470159024, 0.40656176249784554]",1,-1
14320,[0.3563625  0.42872525],14,13,"[0.32294489274299887, 0.4620611538839558]",1,-1
14321,[0.42576702 0.48237392],14,18,"[0.4203234088660354, 0.508036417947434]",1,-1
14322,[0.39049818 0.45958704],14,6,"[0.40123478470159024, 0.40656176249784554]",1,50
14323,[0.39701157 0.45521452],14,6,"[0.40123478470159024, 0.40656176249784554]",1,50
14324,[0.39857944 0.3916113 ],14,6,"[0.40123478470159024, 0.40656176249784554]",1,-1
14325,[0.39371368 0.48199936],14,18,"[0.4203234088660354, 0.508036417947434]",1,-1
14326,[0.34385506 0.42526928],14,13,"[0.32294489274299887, 0.4620611538839558]",1,-1
14327,[0.4101048  0.43594007],14,6,"[0.40123478470159024, 0.40656176249784554]",1,-1
14328,[0.47817491 0.51922973],14,2,"[0.5181425386759565, 0.548951681512668]",1,-1
14329,[0.45903886 0.49163366],14,18,"[0.4203234088660354, 0.508036417947434]",1,-1
14330,[0.41528738 0.34644536],14,4,"[0.3937233168939997, 0.29890402186269427]",1,-1
14331,[0.40912129 0.39178113],14,6,"[0.40123478470159024, 0.40656176249784554]",1,-1
14332,[0.40481665 0.37634152],14,6,"[0.40123478470159024, 0.40656176249784554]",1,-1
14333,[0.3153432  0.46953771],14,13,"[0.32294489274299887, 0.4620611538839558]",1,-1
14334,[0.39447648 0.51757267],14,18,"[0.4203234088660354, 0.508036417947434]",1,-1
14335,[0.4078842  0.35904821],14,6,"[0.40123478470159024, 0.40656176249784554]",1,71
14336,[0.44993483 0.41701429],14,6,"[0.40123478470159024, 0.40656176249784554]",1,-1
14337,[0.30143459 0.39801958],14,1,"[0.33650952271243567, 0.3695039184549852]",1,59
14338,[0.39314715 0.38284069],14,6,"[0.40123478470159024, 0.40656176249784554]",1,-1
14339,[0.40188037 0.40585567],14,6,"[0.40123478470159024, 0.40656176249784554]",1,-1
14340,[0.41086235 0.47958382],14,18,"[0.4203234088660354, 0.508036417947434]",1,-1
14341,[0.43712052 0.42810701],14,6,"[0.40123478470159024, 0.40656176249784554]",1,-1
14342,[0.37900849 0.42459123],14,6,"[0.40123478470159024, 0.40656176249784554]",1,-1
14343,[0.49181751 0.47422931],14,35,"[0.491626887866141, 0.45015531396212327]",1,-1
14344,[0.4001514  0.37388449],14,6,"[0.40123478470159024, 0.40656176249784554]",1,-1
14345,[0.41238522 0.49107565],14,18,"[0.4203234088660354, 0.508036417947434]",1,-1
14346,[0.35982043 0.38019403],14,1,"[0.33650952271243567, 0.3695039184549852]",1,-1
14347,[0.38080661 0.53958102],14,25,"[0.38660465276603295, 0.5871767558758164]",1,-1
14348,[0.46374792 0.43749908],14,35,"[0.491626887866141, 0.45015531396212327]",1,-1
14349,[0.37437166 0.44232711],14,6,"[0.40123478470159024, 0.40656176249784554]",1,-1
14350,[0.41811641 0.49011759],14,18,"[0.4203234088660354, 0.508036417947434]",1,-1
14351,[0.38581627 0.47176842],14,18,"[0.4203234088660354, 0.508036417947434]",1,-1
14352,[0.35311573 0.47255678],14,13,"[0.32294489274299887, 0.4620611538839558]",1,-1
14353,[0.39779183 0.33587495],14,4,"[0.3937233168939997, 0.29890402186269427]",1,-1
14354,[0.43955577 0.39532185],14,6,"[0.40123478470159024, 0.40656176249784554]",1,-1
14355,[0.43364579 0.38247106],14,6,"[0.40123478470159024, 0.40656176249784554]",1,-1
14356,[0.40951552 0.43209376],14,6,"[0.40123478470159024, 0.40656176249784554]",1,-1
14357,[0.42638097 0.46733021],14,18,"[0.4203234088660354, 0.508036417947434]",1,-1
14358,[0.47792108 0.48789546],14,35,"[0.491626887866141, 0.45015531396212327]",1,-1
14359,[0.3679819  0.44021762],14,6,"[0.40123478470159024, 0.40656176249784554]",1,-1
14360,[0.33512988 0.41840933],14,13,"[0.32294489274299887, 0.4620611538839558]",1,-1
14361,[0.44932029 0.37130915],14,37,"[0.4780366509520634, 0.3686118735311782]",1,-1
14362,[0.43882466 0.48562093],14,18,"[0.4203234088660354, 0.508036417947434]",1,-1
14363,[0.38232734 0.38589465],14,6,"[0.40123478470159024, 0.40656176249784554]",1,78
14364,[0.4574518  0.42265537],14,35,"[0.491626887866141, 0.45015531396212327]",1,-1
14365,[0.4088878  0.44875429],14,6,"[0.40123478470159024, 0.40656176249784554]",1,50
14366,[0.44089233 0.50444759],14,18,"[0.4203234088660354, 0.508036417947434]",1,-1
14367,[0.37453919 0.37937242],14,6,"[0.40123478470159024, 0.40656176249784554]",1,78
14368,[0.36888582 0.38574235],14,1,"[0.33650952271243567, 0.3695039184549852]",1,79
14369,[0.34507488 0.50402531],14,13,"[0.32294489274299887, 0.4620611538839558]",1,-1
14370,[0.3841164  0.39164943],14,6,"[0.40123478470159024, 0.40656176249784554]",1,-1
14371,[0.33041166 0.3514204 ],14,1,"[0.33650952271243567, 0.3695039184549852]",1,-1
14372,[0.38148367 0.39324763],14,6,"[0.40123478470159024, 0.40656176249784554]",1,-1
14373,[0.39736864 0.4174029 ],14,6,"[0.40123478470159024, 0.40656176249784554]",1,-1
14374,[0.41368252 0.48831658],14,18,"[0.4203234088660354, 0.508036417947434]",1,-1
14375,[0.41709755 0.41840007],14,6,"[0.40123478470159024, 0.40656176249784554]",1,-1
14376,[0.45332941 0.40935484],14,37,"[0.4780366509520634, 0.3686118735311782]",1,-1
14377,[0.35424417 0.396823  ],14,1,"[0.33650952271243567, 0.3695039184549852]",1,-1
14378,[0.37517018 0.5119465 ],14,18,"[0.4203234088660354, 0.508036417947434]",1,-1
14379,[0.44462243 0.53378379],14,18,"[0.4203234088660354, 0.508036417947434]",1,-1
14380,[0.4234384  0.43021514],14,6,"[0.40123478470159024, 0.40656176249784554]",1,-1
14381,[0.37296408 0.38701534],14,6,"[0.40123478470159024, 0.40656176249784554]",1,-1
14382,[0.44030845 0.38134814],14,37,"[0.4780366509520634, 0.3686118735311782]",1,-1
14383,[0.26564804 0.45741018],14,13,"[0.32294489274299887, 0.4620611538839558]",1,29
14384,[0.37254837 0.43123689],14,6,"[0.40123478470159024, 0.40656176249784554]",1,-1
14385,[0.48540226 0.44390395],14,35,"[0.491626887866141, 0.45015531396212327]",1,-1
14386,[0.46115207 0.33931473],14,37,"[0.4780366509520634, 0.3686118735311782]",1,-1
14387,[0.35664275 0.42703839],14,13,"[0.32294489274299887, 0.4620611538839558]",1,-1
14388,[0.41442464 0.4209462 ],14,6,"[0.40123478470159024, 0.40656176249784554]",1,-1
14389,[0.42202831 0.37154601],14,6,"[0.40123478470159024, 0.40656176249784554]",1,-1
14390,[0.45795215 0.48136727],14,35,"[0.491626887866141, 0.45015531396212327]",1,-1
14391,[0.42898627 0.39961625],14,6,"[0.40123478470159024, 0.40656176249784554]",1,-1
14392,[0.39094343 0.40598326],14,6,"[0.40123478470159024, 0.40656176249784554]",1,-1
14393,[0.45974141 0.40998968],14,37,"[0.4780366509520634, 0.3686118735311782]",1,-1
14394,[0.41577563 0.50421098],14,18,"[0.4203234088660354, 0.508036417947434]",1,-1
14395,[0.35449481 0.48748393],14,13,"[0.32294489274299887, 0.4620611538839558]",1,-1
14396,[0.39919262 0.41779771],14,6,"[0.40123478470159024, 0.40656176249784554]",1,-1
14397,[0.41488153 0.46847015],14,18,"[0.4203234088660354, 0.508036417947434]",1,-1
14398,[0.46892506 0.46502233],14,35,"[0.491626887866141, 0.45015531396212327]",1,-1
14399,[0.3692265  0.48384113],14,13,"[0.32294489274299887, 0.4620611538839558]",1,-1
14400,[0.45280565 0.4262369 ],14,35,"[0.491626887866141, 0.45015531396212327]",1,-1
14401,[0.34773236 0.42031161],14,13,"[0.32294489274299887, 0.4620611538839558]",1,-1
14402,[0.38479381 0.44516285],14,6,"[0.40123478470159024, 0.40656176249784554]",1,-1
14403,[0.5201124  0.31046328],14,-1,-1,1,-1
14404,[0.42694474 0.46268257],14,18,"[0.4203234088660354, 0.508036417947434]",1,-1
14405,[0.37094545 0.44930792],14,13,"[0.32294489274299887, 0.4620611538839558]",1,-1
14406,[0.42988743 0.42315814],14,6,"[0.40123478470159024, 0.40656176249784554]",1,-1
14407,[0.33514243 0.40700267],14,1,"[0.33650952271243567, 0.3695039184549852]",1,-1
14408,[0.44302557 0.4488134 ],14,35,"[0.491626887866141, 0.45015531396212327]",1,-1
14409,[0.47364406 0.35884794],14,37,"[0.4780366509520634, 0.3686118735311782]",1,-1
14410,[0.36906867 0.36635957],14,1,"[0.33650952271243567, 0.3695039184549852]",1,-1
14411,[0.35047025 0.42315301],14,13,"[0.32294489274299887, 0.4620611538839558]",1,-1
14412,[0.34731813 0.41071562],14,1,"[0.33650952271243567, 0.3695039184549852]",1,-1
14413,[0.31386102 0.39851164],14,1,"[0.33650952271243567, 0.3695039184549852]",1,-1
14414,[0.38676321 0.45011001],14,6,"[0.40123478470159024, 0.40656176249784554]",1,-1
14415,[0.5389158  0.37205352],14,46,"[0.5877940429991866, 0.34550221910317963]",1,-1
14416,[0.38259147 0.34730085],14,4,"[0.3937233168939997, 0.29890402186269427]",1,-1
14417,[0.40323081 0.46592193],14,18,"[0.4203234088660354, 0.508036417947434]",1,-1
14418,[0.33913295 0.29196207],14,7,"[0.2880919156697789, 0.2889500356712737]",1,-1
14419,[0.4597736  0.38675369],14,37,"[0.4780366509520634, 0.3686118735311782]",1,-1
14420,[0.32533531 0.35961347],14,1,"[0.33650952271243567, 0.3695039184549852]",1,-1
14421,[0.28872589 0.46267725],14,13,"[0.32294489274299887, 0.4620611538839558]",1,-1
14422,[0.37734577 0.3919152 ],14,6,"[0.40123478470159024, 0.40656176249784554]",1,79
14423,[0.4658187  0.48962205],14,35,"[0.491626887866141, 0.45015531396212327]",1,-1
14424,[0.32234313 0.42663447],14,13,"[0.32294489274299887, 0.4620611538839558]",1,-1
14425,[0.38599448 0.48017102],14,18,"[0.4203234088660354, 0.508036417947434]",1,-1
14426,[0.45920118 0.38970351],14,37,"[0.4780366509520634, 0.3686118735311782]",1,-1
14427,[0.37464397 0.378182  ],14,6,"[0.40123478470159024, 0.40656176249784554]",1,-1
14428,[0.41655343 0.46032082],14,18,"[0.4203234088660354, 0.508036417947434]",1,-1
14429,[0.40334278 0.44779937],14,6,"[0.40123478470159024, 0.40656176249784554]",1,50
14430,[0.36910423 0.34339457],14,1,"[0.33650952271243567, 0.3695039184549852]",1,-1
14431,[0.37746975 0.30504525],14,4,"[0.3937233168939997, 0.29890402186269427]",1,-1
14432,[0.51756148 0.35258885],14,37,"[0.4780366509520634, 0.3686118735311782]",1,-1
14433,[0.38402352 0.47635061],14,18,"[0.4203234088660354, 0.508036417947434]",1,-1
14434,[0.30558515 0.4629384 ],14,13,"[0.32294489274299887, 0.4620611538839558]",1,-1
14435,[0.36431773 0.30038217],14,4,"[0.3937233168939997, 0.29890402186269427]",1,-1
14436,[0.47042841 0.37209549],14,37,"[0.4780366509520634, 0.3686118735311782]",1,-1
14437,[0.34963623 0.48102302],14,13,"[0.32294489274299887, 0.4620611538839558]",1,-1
14438,[0.43977493 0.40273403],14,6,"[0.40123478470159024, 0.40656176249784554]",1,-1
14439,[0.38819962 0.42328803],14,6,"[0.40123478470159024, 0.40656176249784554]",1,-1
14440,[0.45549205 0.51386508],14,18,"[0.4203234088660354, 0.508036417947434]",1,-1
14441,[0.3222605  0.46857188],14,13,"[0.32294489274299887, 0.4620611538839558]",1,-1
14442,[0.36270309 0.34574789],14,1,"[0.33650952271243567, 0.3695039184549852]",1,76
14443,[0.43802768 0.45145259],14,35,"[0.491626887866141, 0.45015531396212327]",1,-1
14444,[0.32811045 0.49783273],14,13,"[0.32294489274299887, 0.4620611538839558]",1,-1
14445,[0.38106221 0.3928449 ],14,6,"[0.40123478470159024, 0.40656176249784554]",1,-1
14446,[0.35996355 0.41489021],14,6,"[0.40123478470159024, 0.40656176249784554]",1,-1
14447,[0.33751961 0.38921427],14,1,"[0.33650952271243567, 0.3695039184549852]",1,-1
14448,[0.37106519 0.44905522],14,13,"[0.32294489274299887, 0.4620611538839558]",1,-1
14449,[0.35706902 0.40510121],14,1,"[0.33650952271243567, 0.3695039184549852]",1,-1
14450,[0.40682587 0.3897116 ],14,6,"[0.40123478470159024, 0.40656176249784554]",1,-1
14451,[0.33898573 0.34375368],14,1,"[0.33650952271243567, 0.3695039184549852]",1,-1
14452,[0.40504739 0.3736738 ],14,6,"[0.40123478470159024, 0.40656176249784554]",1,-1
14453,[0.42831395 0.41083417],14,6,"[0.40123478470159024, 0.40656176249784554]",1,-1
14454,[0.40131687 0.42363482],14,6,"[0.40123478470159024, 0.40656176249784554]",1,-1
14455,[0.4254289  0.38323083],14,6,"[0.40123478470159024, 0.40656176249784554]",1,-1
14456,[0.41711064 0.42153755],14,6,"[0.40123478470159024, 0.40656176249784554]",1,-1
14457,[0.33147818 0.48561661],14,13,"[0.32294489274299887, 0.4620611538839558]",1,-1
14458,[0.44071884 0.44417332],14,35,"[0.491626887866141, 0.45015531396212327]",1,-1
14459,[0.33819399 0.35730642],14,1,"[0.33650952271243567, 0.3695039184549852]",1,77
14460,[0.4676721  0.41346431],14,35,"[0.491626887866141, 0.45015531396212327]",1,-1
14461,[0.37698578 0.45013393],14,6,"[0.40123478470159024, 0.40656176249784554]",1,-1
14462,[0.42566906 0.46785646],14,18,"[0.4203234088660354, 0.508036417947434]",1,-1
14463,[0.36855547 0.36392557],14,1,"[0.33650952271243567, 0.3695039184549852]",1,-1
14464,[0.42890092 0.3808677 ],14,6,"[0.40123478470159024, 0.40656176249784554]",1,-1
14465,[0.41615437 0.4286213 ],14,6,"[0.40123478470159024, 0.40656176249784554]",1,-1
14466,[0.33543071 0.37197891],14,1,"[0.33650952271243567, 0.3695039184549852]",1,-1
14467,[0.41569551 0.43146657],14,6,"[0.40123478470159024, 0.40656176249784554]",1,-1
14468,[0.42715359 0.40103238],14,6,"[0.40123478470159024, 0.40656176249784554]",1,-1
14469,[0.49278697 0.43918383],14,35,"[0.491626887866141, 0.45015531396212327]",1,-1
14470,[0.42285289 0.48175991],14,18,"[0.4203234088660354, 0.508036417947434]",1,-1
14471,[0.34849898 0.45220105],14,13,"[0.32294489274299887, 0.4620611538839558]",1,-1
14472,[0.39808503 0.45123634],14,6,"[0.40123478470159024, 0.40656176249784554]",1,-1
14473,[0.42052606 0.36298388],14,6,"[0.40123478470159024, 0.40656176249784554]",1,-1
14474,[0.40008006 0.48317441],14,18,"[0.4203234088660354, 0.508036417947434]",1,-1
14475,[0.46729423 0.46005385],14,35,"[0.491626887866141, 0.45015531396212327]",1,-1
14476,[0.3946502  0.42999533],14,6,"[0.40123478470159024, 0.40656176249784554]",1,-1
14477,[0.42626293 0.41398842],14,6,"[0.40123478470159024, 0.40656176249784554]",1,-1
14478,[0.33060907 0.46239129],14,13,"[0.32294489274299887, 0.4620611538839558]",1,-1
14479,[0.38219682 0.51421985],14,18,"[0.4203234088660354, 0.508036417947434]",1,-1
14480,[0.40797513 0.48639472],14,18,"[0.4203234088660354, 0.508036417947434]",1,-1
14481,[0.31174524 0.49561373],14,13,"[0.32294489274299887, 0.4620611538839558]",1,-1
14482,[0.35785761 0.43157609],14,13,"[0.32294489274299887, 0.4620611538839558]",1,-1
14483,[0.40353977 0.40553706],14,6,"[0.40123478470159024, 0.40656176249784554]",1,-1
14484,[0.37695993 0.49573049],14,18,"[0.4203234088660354, 0.508036417947434]",1,-1
14485,[0.3994018  0.42347015],14,6,"[0.40123478470159024, 0.40656176249784554]",1,-1
14486,[0.32108165 0.43613923],14,13,"[0.32294489274299887, 0.4620611538839558]",1,-1
14487,[0.36876802 0.39418214],14,6,"[0.40123478470159024, 0.40656176249784554]",1,79
14488,[0.3607519  0.42506621],14,6,"[0.40123478470159024, 0.40656176249784554]",1,-1
14489,[0.46766949 0.45487129],14,35,"[0.491626887866141, 0.45015531396212327]",1,-1
14490,[0.40720347 0.45970976],14,18,"[0.4203234088660354, 0.508036417947434]",1,-1
14491,[0.37347627 0.4842302 ],14,18,"[0.4203234088660354, 0.508036417947434]",1,-1
14492,[0.42562628 0.38331208],14,6,"[0.40123478470159024, 0.40656176249784554]",1,-1
14493,[0.41525985 0.41934763],14,6,"[0.40123478470159024, 0.40656176249784554]",1,-1
14494,[0.48228973 0.50917993],14,2,"[0.5181425386759565, 0.548951681512668]",1,-1
14495,[0.45886354 0.41907017],14,35,"[0.491626887866141, 0.45015531396212327]",1,-1
14496,[0.41633602 0.48330277],14,18,"[0.4203234088660354, 0.508036417947434]",1,-1
14497,[0.33066546 0.43153148],14,13,"[0.32294489274299887, 0.4620611538839558]",1,-1
14498,[0.42995009 0.47318786],14,18,"[0.4203234088660354, 0.508036417947434]",1,-1
14499,[0.42144851 0.4039745 ],14,6,"[0.40123478470159024, 0.40656176249784554]",1,-1
14500,[0.39139315 0.43164719],14,6,"[0.40123478470159024, 0.40656176249784554]",1,-1
14501,[0.36476683 0.39109595],14,1,"[0.33650952271243567, 0.3695039184549852]",1,79
14502,[0.3540421  0.47156769],14,13,"[0.32294489274299887, 0.4620611538839558]",1,-1
14503,[0.39262898 0.36060735],14,6,"[0.40123478470159024, 0.40656176249784554]",1,-1
14504,[0.34995108 0.49220038],14,13,"[0.32294489274299887, 0.4620611538839558]",1,-1
14505,[0.37368732 0.4525766 ],14,13,"[0.32294489274299887, 0.4620611538839558]",1,-1
14506,[0.46660519 0.38952922],14,37,"[0.4780366509520634, 0.3686118735311782]",1,-1
14507,[0.45618774 0.44190969],14,35,"[0.491626887866141, 0.45015531396212327]",1,-1
14508,[0.45279575 0.32819618],14,37,"[0.4780366509520634, 0.3686118735311782]",1,-1
14509,[0.39826062 0.47984356],14,18,"[0.4203234088660354, 0.508036417947434]",1,-1
14510,[0.48685372 0.48625669],14,35,"[0.491626887866141, 0.45015531396212327]",1,-1
14511,[0.45076855 0.43504237],14,35,"[0.491626887866141, 0.45015531396212327]",1,-1
14512,[0.42879614 0.48782253],14,18,"[0.4203234088660354, 0.508036417947434]",1,-1
14513,[0.38159265 0.39566577],14,6,"[0.40123478470159024, 0.40656176249784554]",1,-1
14514,[0.42749731 0.45769083],14,18,"[0.4203234088660354, 0.508036417947434]",1,-1
14515,[0.37720254 0.39894383],14,6,"[0.40123478470159024, 0.40656176249784554]",1,-1
14516,[0.32706674 0.38836172],14,1,"[0.33650952271243567, 0.3695039184549852]",1,-1
14517,[0.42948881 0.46436558],14,18,"[0.4203234088660354, 0.508036417947434]",1,-1
14518,[0.39571457 0.34436757],14,4,"[0.3937233168939997, 0.29890402186269427]",1,-1
14519,[0.39323322 0.53413147],14,18,"[0.4203234088660354, 0.508036417947434]",1,-1
14520,[0.44747047 0.46512378],14,35,"[0.491626887866141, 0.45015531396212327]",1,-1
14521,[0.33972087 0.41761898],14,13,"[0.32294489274299887, 0.4620611538839558]",1,-1
14522,[0.41014561 0.47273113],14,18,"[0.4203234088660354, 0.508036417947434]",1,-1
14523,[0.46430001 0.37038484],14,37,"[0.4780366509520634, 0.3686118735311782]",1,-1
14524,[0.42413549 0.43197942],14,6,"[0.40123478470159024, 0.40656176249784554]",1,-1
14525,[0.46409981 0.4482705 ],14,35,"[0.491626887866141, 0.45015531396212327]",1,-1
14526,[0.44202485 0.44983019],14,35,"[0.491626887866141, 0.45015531396212327]",1,-1
14527,[0.42188525 0.54337921],14,18,"[0.4203234088660354, 0.508036417947434]",1,-1
14528,[0.44669412 0.41761343],14,6,"[0.40123478470159024, 0.40656176249784554]",1,-1
14529,[0.25533438 0.36956239],14,0,"[0.2473875480073203, 0.39401489827781994]",1,-1
14530,[0.35229207 0.35548728],14,1,"[0.33650952271243567, 0.3695039184549852]",1,-1
14531,[0.36892307 0.40433452],14,6,"[0.40123478470159024, 0.40656176249784554]",1,-1
14532,[0.39019476 0.43063932],14,6,"[0.40123478470159024, 0.40656176249784554]",1,-1
14533,[0.36579999 0.43526997],14,6,"[0.40123478470159024, 0.40656176249784554]",1,-1
14534,[0.30885611 0.35625888],14,1,"[0.33650952271243567, 0.3695039184549852]",1,-1
14535,[0.41025521 0.32686874],14,4,"[0.3937233168939997, 0.29890402186269427]",1,-1
14536,[0.44365992 0.41102487],14,6,"[0.40123478470159024, 0.40656176249784554]",1,-1
14537,[0.42320323 0.45309441],14,6,"[0.40123478470159024, 0.40656176249784554]",1,-1
14538,[0.35582921 0.45541362],14,13,"[0.32294489274299887, 0.4620611538839558]",1,-1
14539,[0.38568216 0.4618715 ],14,6,"[0.40123478470159024, 0.40656176249784554]",1,-1
14540,[0.47062128 0.40157715],14,37,"[0.4780366509520634, 0.3686118735311782]",1,-1
14541,[0.44835689 0.40563272],14,6,"[0.40123478470159024, 0.40656176249784554]",1,-1
14542,[0.34613574 0.4473305 ],14,13,"[0.32294489274299887, 0.4620611538839558]",1,-1
14543,[0.46188081 0.3829003 ],14,37,"[0.4780366509520634, 0.3686118735311782]",1,-1
14544,[0.39860119 0.37020054],14,6,"[0.40123478470159024, 0.40656176249784554]",1,-1
14545,[0.41341817 0.40534148],14,6,"[0.40123478470159024, 0.40656176249784554]",1,-1
14546,[0.40740756 0.42052142],14,6,"[0.40123478470159024, 0.40656176249784554]",1,-1
14547,[0.37054397 0.39476872],14,6,"[0.40123478470159024, 0.40656176249784554]",1,-1
14548,[0.40788606 0.43836872],14,6,"[0.40123478470159024, 0.40656176249784554]",1,-1
14549,[0.40264383 0.33870864],14,4,"[0.3937233168939997, 0.29890402186269427]",1,-1
14550,[0.38066564 0.4372738 ],14,6,"[0.40123478470159024, 0.40656176249784554]",1,-1
14551,[0.41529421 0.39722291],14,6,"[0.40123478470159024, 0.40656176249784554]",1,-1
14552,[0.44889909 0.40623525],14,37,"[0.4780366509520634, 0.3686118735311782]",1,-1
14553,[0.44506084 0.37439084],14,37,"[0.4780366509520634, 0.3686118735311782]",1,-1
14554,[0.40684043 0.42496845],14,6,"[0.40123478470159024, 0.40656176249784554]",1,-1
14555,[0.42324056 0.34223442],14,4,"[0.3937233168939997, 0.29890402186269427]",1,-1
14556,[0.36780556 0.48947262],14,13,"[0.32294489274299887, 0.4620611538839558]",1,-1
14557,[0.31149173 0.42390309],14,13,"[0.32294489274299887, 0.4620611538839558]",1,-1
14558,[0.33836215 0.3948425 ],14,1,"[0.33650952271243567, 0.3695039184549852]",1,-1
14559,[0.39271624 0.5290366 ],14,18,"[0.4203234088660354, 0.508036417947434]",1,-1
14560,[0.40104194 0.53361354],14,18,"[0.4203234088660354, 0.508036417947434]",1,-1
14561,[0.4005123 0.4369706],14,6,"[0.40123478470159024, 0.40656176249784554]",1,50
14562,[0.40653459 0.301782  ],14,4,"[0.3937233168939997, 0.29890402186269427]",1,-1
14563,[0.35758622 0.49855027],14,13,"[0.32294489274299887, 0.4620611538839558]",1,-1
14564,[0.43260089 0.41432167],14,6,"[0.40123478470159024, 0.40656176249784554]",1,-1
14565,[0.42758485 0.45826102],14,18,"[0.4203234088660354, 0.508036417947434]",1,-1
14566,[0.33733313 0.43341504],14,13,"[0.32294489274299887, 0.4620611538839558]",1,-1
14567,[0.36517079 0.47018293],14,13,"[0.32294489274299887, 0.4620611538839558]",1,-1
14568,[0.41057775 0.40813924],14,6,"[0.40123478470159024, 0.40656176249784554]",1,-1
14569,[0.32512649 0.39915075],14,1,"[0.33650952271243567, 0.3695039184549852]",1,-1
14570,[0.44327518 0.40146785],14,6,"[0.40123478470159024, 0.40656176249784554]",1,-1
14571,[0.39130813 0.42098479],14,6,"[0.40123478470159024, 0.40656176249784554]",1,-1
14572,[0.40894531 0.42854343],14,6,"[0.40123478470159024, 0.40656176249784554]",1,-1
14573,[0.41149203 0.37169021],14,6,"[0.40123478470159024, 0.40656176249784554]",1,-1
14574,[0.41580451 0.31603658],14,4,"[0.3937233168939997, 0.29890402186269427]",1,-1
14575,[0.46226533 0.3593899 ],14,37,"[0.4780366509520634, 0.3686118735311782]",1,-1
14576,[0.40816714 0.37875393],14,6,"[0.40123478470159024, 0.40656176249784554]",1,-1
14577,[0.43726184 0.47648134],14,18,"[0.4203234088660354, 0.508036417947434]",1,-1
14578,[0.40491659 0.44008207],14,6,"[0.40123478470159024, 0.40656176249784554]",1,50
14579,[0.35875253 0.4016662 ],14,1,"[0.33650952271243567, 0.3695039184549852]",1,-1
14580,[0.31861345 0.54088648],14,44,"[0.30505443145580996, 0.5938366826632161]",1,-1
14581,[0.30629075 0.40630161],14,1,"[0.33650952271243567, 0.3695039184549852]",1,-1
14582,[0.40318846 0.40073101],14,6,"[0.40123478470159024, 0.40656176249784554]",1,-1
14583,[0.50095478 0.40583356],14,37,"[0.4780366509520634, 0.3686118735311782]",1,-1
14584,[0.43902323 0.30217785],14,4,"[0.3937233168939997, 0.29890402186269427]",1,-1
14585,[0.40149695 0.48098571],14,18,"[0.4203234088660354, 0.508036417947434]",1,-1
14586,[0.42705428 0.44412697],14,6,"[0.40123478470159024, 0.40656176249784554]",1,-1
14587,[0.39152432 0.38797455],14,6,"[0.40123478470159024, 0.40656176249784554]",1,78
14588,[0.39733177 0.38202082],14,6,"[0.40123478470159024, 0.40656176249784554]",1,-1
14589,[0.4257265  0.44583633],14,6,"[0.40123478470159024, 0.40656176249784554]",1,-1
14590,[0.36905318 0.3718863 ],14,1,"[0.33650952271243567, 0.3695039184549852]",1,-1
14591,[0.32894235 0.415423  ],14,1,"[0.33650952271243567, 0.3695039184549852]",1,-1
14592,[0.36625317 0.44223454],14,13,"[0.32294489274299887, 0.4620611538839558]",1,-1
14593,[0.42968457 0.29693226],14,4,"[0.3937233168939997, 0.29890402186269427]",1,-1
14594,[0.34736644 0.4021364 ],14,1,"[0.33650952271243567, 0.3695039184549852]",1,-1
14595,[0.37183878 0.3956653 ],14,6,"[0.40123478470159024, 0.40656176249784554]",1,-1
14596,[0.44768439 0.41087689],14,6,"[0.40123478470159024, 0.40656176249784554]",1,-1
14597,[0.40304751 0.43580027],14,6,"[0.40123478470159024, 0.40656176249784554]",1,50
14598,[0.41577834 0.48162321],14,18,"[0.4203234088660354, 0.508036417947434]",1,-1
14599,[0.408172   0.48026246],14,18,"[0.4203234088660354, 0.508036417947434]",1,-1
14600,[0.45948659 0.48594503],14,18,"[0.4203234088660354, 0.508036417947434]",1,-1
14601,[0.38115231 0.47916213],14,18,"[0.4203234088660354, 0.508036417947434]",1,-1
14602,[0.38637059 0.50719804],14,18,"[0.4203234088660354, 0.508036417947434]",1,-1
14603,[0.37804557 0.40628365],14,6,"[0.40123478470159024, 0.40656176249784554]",1,-1
14604,[0.34528338 0.39325308],14,1,"[0.33650952271243567, 0.3695039184549852]",1,-1
14605,[0.46353277 0.41904632],14,35,"[0.491626887866141, 0.45015531396212327]",1,-1
14606,[0.39751363 0.43663201],14,6,"[0.40123478470159024, 0.40656176249784554]",1,50
14607,[0.34314283 0.42261872],14,13,"[0.32294489274299887, 0.4620611538839558]",1,-1
14608,[0.43837873 0.38540905],14,6,"[0.40123478470159024, 0.40656176249784554]",1,-1
14609,[0.38412859 0.45804041],14,6,"[0.40123478470159024, 0.40656176249784554]",1,50
14610,[0.35240331 0.33316726],14,1,"[0.33650952271243567, 0.3695039184549852]",1,-1
14611,[0.44868693 0.50330733],14,18,"[0.4203234088660354, 0.508036417947434]",1,-1
14612,[0.39187679 0.45743997],14,6,"[0.40123478470159024, 0.40656176249784554]",1,50
14613,[0.34878719 0.34137459],14,1,"[0.33650952271243567, 0.3695039184549852]",1,-1
14614,[0.31184012 0.32645547],14,7,"[0.2880919156697789, 0.2889500356712737]",1,-1
14615,[0.5218857  0.43345544],14,35,"[0.491626887866141, 0.45015531396212327]",1,-1
14616,[0.37886923 0.33561949],14,4,"[0.3937233168939997, 0.29890402186269427]",1,-1
14617,[0.4195757  0.50123031],14,18,"[0.4203234088660354, 0.508036417947434]",1,-1
14618,[0.45185121 0.41167291],14,37,"[0.4780366509520634, 0.3686118735311782]",1,-1
14619,[0.38473764 0.38836885],14,6,"[0.40123478470159024, 0.40656176249784554]",1,-1
14620,[0.41321334 0.46340268],14,18,"[0.4203234088660354, 0.508036417947434]",1,-1
14621,[0.46487924 0.44331037],14,35,"[0.491626887866141, 0.45015531396212327]",1,-1
14622,[0.37585316 0.44095159],14,6,"[0.40123478470159024, 0.40656176249784554]",1,-1
14623,[0.40046218 0.33308209],14,4,"[0.3937233168939997, 0.29890402186269427]",1,-1
14624,[0.43351747 0.35530576],14,37,"[0.4780366509520634, 0.3686118735311782]",1,-1
14625,[0.29150675 0.45815978],14,13,"[0.32294489274299887, 0.4620611538839558]",1,-1
14626,[0.42035057 0.38556998],14,6,"[0.40123478470159024, 0.40656176249784554]",1,-1
14627,[0.36633725 0.37658013],14,1,"[0.33650952271243567, 0.3695039184549852]",1,-1
14628,[0.38433219 0.39765916],14,6,"[0.40123478470159024, 0.40656176249784554]",1,-1
14629,[0.35571041 0.4069948 ],14,1,"[0.33650952271243567, 0.3695039184549852]",1,-1
14630,[0.38626027 0.48208527],14,18,"[0.4203234088660354, 0.508036417947434]",1,-1
14631,[0.3709122  0.45068533],14,13,"[0.32294489274299887, 0.4620611538839558]",1,-1
14632,[0.45214967 0.40507965],14,37,"[0.4780366509520634, 0.3686118735311782]",1,-1
14633,[0.30541941 0.38538646],14,1,"[0.33650952271243567, 0.3695039184549852]",1,-1
14634,[0.43786337 0.52587377],14,18,"[0.4203234088660354, 0.508036417947434]",1,-1
14635,[0.47079236 0.42151742],14,35,"[0.491626887866141, 0.45015531396212327]",1,-1
14636,[0.44953047 0.46941361],14,35,"[0.491626887866141, 0.45015531396212327]",1,-1
14637,[0.46439268 0.38666978],14,37,"[0.4780366509520634, 0.3686118735311782]",1,-1
14638,[0.38380815 0.36105058],14,1,"[0.33650952271243567, 0.3695039184549852]",1,73
14639,[0.42036663 0.40304147],14,6,"[0.40123478470159024, 0.40656176249784554]",1,-1
14640,[0.41653073 0.37297966],14,6,"[0.40123478470159024, 0.40656176249784554]",1,-1
14641,[0.46642629 0.34466493],14,37,"[0.4780366509520634, 0.3686118735311782]",1,-1
14642,[0.31328653 0.42853884],14,13,"[0.32294489274299887, 0.4620611538839558]",1,-1
14643,[0.35666873 0.43062577],14,13,"[0.32294489274299887, 0.4620611538839558]",1,-1
14644,[0.41524814 0.40548067],14,6,"[0.40123478470159024, 0.40656176249784554]",1,-1
14645,[0.50237928 0.46612763],14,35,"[0.491626887866141, 0.45015531396212327]",1,-1
14646,[0.37038058 0.43263708],14,6,"[0.40123478470159024, 0.40656176249784554]",1,-1
14647,[0.37555354 0.40326956],14,6,"[0.40123478470159024, 0.40656176249784554]",1,79
14648,[0.49250592 0.4441137 ],14,35,"[0.491626887866141, 0.45015531396212327]",1,8
14649,[0.43750269 0.4270294 ],14,6,"[0.40123478470159024, 0.40656176249784554]",1,-1
14650,[0.3948893  0.43738614],14,6,"[0.40123478470159024, 0.40656176249784554]",1,50
14651,[0.38776433 0.45093074],14,6,"[0.40123478470159024, 0.40656176249784554]",1,-1
14652,[0.40997242 0.47172731],14,18,"[0.4203234088660354, 0.508036417947434]",1,-1
14653,[0.36559578 0.36534267],14,1,"[0.33650952271243567, 0.3695039184549852]",1,-1
14654,[0.47421653 0.52395952],14,2,"[0.5181425386759565, 0.548951681512668]",1,49
14655,[0.43515173 0.35539653],14,37,"[0.4780366509520634, 0.3686118735311782]",1,-1
14656,[0.46794238 0.41433593],14,35,"[0.491626887866141, 0.45015531396212327]",1,-1
14657,[0.33639031 0.34367307],14,1,"[0.33650952271243567, 0.3695039184549852]",1,-1
14658,[0.36273247 0.47935105],14,13,"[0.32294489274299887, 0.4620611538839558]",1,-1
14659,[0.29805856 0.43644146],14,13,"[0.32294489274299887, 0.4620611538839558]",1,-1
14660,[0.43852486 0.46815622],14,18,"[0.4203234088660354, 0.508036417947434]",1,-1
14661,[0.37591953 0.3672593 ],14,1,"[0.33650952271243567, 0.3695039184549852]",1,-1
14662,[0.25849841 0.42216663],14,0,"[0.2473875480073203, 0.39401489827781994]",1,-1
14663,[0.4033704  0.47884558],14,18,"[0.4203234088660354, 0.508036417947434]",1,-1
14664,[0.37818059 0.40125494],14,6,"[0.40123478470159024, 0.40656176249784554]",1,-1
14665,[0.37975971 0.49332326],14,18,"[0.4203234088660354, 0.508036417947434]",1,-1
14666,[0.45690681 0.34697116],14,37,"[0.4780366509520634, 0.3686118735311782]",1,-1
14667,[0.38733076 0.42390032],14,6,"[0.40123478470159024, 0.40656176249784554]",1,-1
14668,[0.44201143 0.41909884],14,6,"[0.40123478470159024, 0.40656176249784554]",1,-1
14669,[0.39050603 0.36027769],14,6,"[0.40123478470159024, 0.40656176249784554]",1,73
14670,[0.39825292 0.41180668],14,6,"[0.40123478470159024, 0.40656176249784554]",1,-1
14671,[0.39071327 0.39344234],14,6,"[0.40123478470159024, 0.40656176249784554]",1,-1
14672,[0.41311697 0.45643834],14,6,"[0.40123478470159024, 0.40656176249784554]",1,-1
14673,[0.38289677 0.42490579],14,6,"[0.40123478470159024, 0.40656176249784554]",1,-1
14674,[0.41296867 0.45016451],14,6,"[0.40123478470159024, 0.40656176249784554]",1,-1
14675,[0.43214529 0.40389339],14,6,"[0.40123478470159024, 0.40656176249784554]",1,-1
14676,[0.40413292 0.45336647],14,6,"[0.40123478470159024, 0.40656176249784554]",1,50
14677,[0.38849379 0.33378019],14,4,"[0.3937233168939997, 0.29890402186269427]",1,-1
14678,[0.40763355 0.37449436],14,6,"[0.40123478470159024, 0.40656176249784554]",1,-1
14679,[0.40732597 0.47097651],14,18,"[0.4203234088660354, 0.508036417947434]",1,-1
14680,[0.38638707 0.49024166],14,18,"[0.4203234088660354, 0.508036417947434]",1,-1
14681,[0.39976333 0.38768591],14,6,"[0.40123478470159024, 0.40656176249784554]",1,-1
14682,[0.46618201 0.45758226],14,35,"[0.491626887866141, 0.45015531396212327]",1,-1
14683,[0.38177857 0.45806653],14,6,"[0.40123478470159024, 0.40656176249784554]",1,-1
14684,[0.35846554 0.4208438 ],14,6,"[0.40123478470159024, 0.40656176249784554]",1,-1
14685,[0.3574311  0.42311534],14,6,"[0.40123478470159024, 0.40656176249784554]",1,-1
14686,[0.39660685 0.3936392 ],14,6,"[0.40123478470159024, 0.40656176249784554]",1,-1
14687,[0.39238391 0.37672799],14,6,"[0.40123478470159024, 0.40656176249784554]",1,-1
14688,[0.48812411 0.41109462],14,35,"[0.491626887866141, 0.45015531396212327]",1,-1
14689,[0.36370845 0.42664558],14,6,"[0.40123478470159024, 0.40656176249784554]",1,-1
14690,[0.35319118 0.39667024],14,1,"[0.33650952271243567, 0.3695039184549852]",1,-1
14691,[0.36374167 0.40868253],14,6,"[0.40123478470159024, 0.40656176249784554]",1,-1
14692,[0.40833082 0.37113265],14,6,"[0.40123478470159024, 0.40656176249784554]",1,-1
14693,[0.46048478 0.46417017],14,35,"[0.491626887866141, 0.45015531396212327]",1,-1
14694,[0.47913052 0.43959823],14,35,"[0.491626887866141, 0.45015531396212327]",1,-1
14695,[0.42702804 0.36831757],14,6,"[0.40123478470159024, 0.40656176249784554]",1,-1
14696,[0.42009921 0.44204292],14,6,"[0.40123478470159024, 0.40656176249784554]",1,-1
14697,[0.37739717 0.45561594],14,6,"[0.40123478470159024, 0.40656176249784554]",1,-1
14698,[0.39129329 0.43312995],14,6,"[0.40123478470159024, 0.40656176249784554]",1,-1
14699,[0.35057913 0.47049575],14,13,"[0.32294489274299887, 0.4620611538839558]",1,-1
14700,[0.35249585 0.40833858],14,1,"[0.33650952271243567, 0.3695039184549852]",1,-1
14701,[0.39407298 0.40356892],14,6,"[0.40123478470159024, 0.40656176249784554]",1,-1
14702,[0.45136165 0.37940169],14,37,"[0.4780366509520634, 0.3686118735311782]",1,-1
14703,[0.44673344 0.46258066],14,35,"[0.491626887866141, 0.45015531396212327]",1,-1
14704,[0.3850874  0.40065446],14,6,"[0.40123478470159024, 0.40656176249784554]",1,-1
14705,[0.36068743 0.4024385 ],14,6,"[0.40123478470159024, 0.40656176249784554]",1,-1
14706,[0.44553764 0.41184977],14,6,"[0.40123478470159024, 0.40656176249784554]",1,-1
14707,[0.46034012 0.44740796],14,35,"[0.491626887866141, 0.45015531396212327]",1,-1
14708,[0.45249288 0.44333604],14,35,"[0.491626887866141, 0.45015531396212327]",1,-1
14709,[0.42019584 0.3682383 ],14,6,"[0.40123478470159024, 0.40656176249784554]",1,-1
14710,[0.40451984 0.35555499],14,6,"[0.40123478470159024, 0.40656176249784554]",1,71
14711,[0.43108843 0.39990832],14,6,"[0.40123478470159024, 0.40656176249784554]",1,-1
14712,[0.40640123 0.4496863 ],14,6,"[0.40123478470159024, 0.40656176249784554]",1,50
14713,[0.35172168 0.44665072],14,13,"[0.32294489274299887, 0.4620611538839558]",1,-1
14714,[0.42270273 0.4452905 ],14,6,"[0.40123478470159024, 0.40656176249784554]",1,-1
14715,[0.50409012 0.44531063],14,35,"[0.491626887866141, 0.45015531396212327]",1,-1
14716,[0.37467128 0.44815443],14,6,"[0.40123478470159024, 0.40656176249784554]",1,-1
14717,[0.49827343 0.41816614],14,35,"[0.491626887866141, 0.45015531396212327]",1,-1
14718,[0.37409624 0.41291276],14,6,"[0.40123478470159024, 0.40656176249784554]",1,-1
14719,[0.42809355 0.39255858],14,6,"[0.40123478470159024, 0.40656176249784554]",1,-1
14720,[0.39852915 0.46222586],14,18,"[0.4203234088660354, 0.508036417947434]",1,-1
14721,[0.30073516 0.36102785],14,1,"[0.33650952271243567, 0.3695039184549852]",1,-1
14722,[0.40449926 0.41105658],14,6,"[0.40123478470159024, 0.40656176249784554]",1,-1
14723,[0.3642671  0.48315361],14,13,"[0.32294489274299887, 0.4620611538839558]",1,-1
14724,[0.3579347  0.30443738],14,4,"[0.3937233168939997, 0.29890402186269427]",1,-1
14725,[0.41294426 0.44507607],14,6,"[0.40123478470159024, 0.40656176249784554]",1,-1
14726,[0.34031596 0.39742198],14,1,"[0.33650952271243567, 0.3695039184549852]",1,-1
14727,[0.38988347 0.33416881],14,4,"[0.3937233168939997, 0.29890402186269427]",1,-1
14728,[0.35119606 0.53874705],14,25,"[0.38660465276603295, 0.5871767558758164]",1,-1
14729,[0.44100887 0.4208154 ],14,6,"[0.40123478470159024, 0.40656176249784554]",1,-1
14730,[0.4179311 0.4095075],14,6,"[0.40123478470159024, 0.40656176249784554]",1,-1
14731,[0.33167401 0.435674  ],14,13,"[0.32294489274299887, 0.4620611538839558]",1,-1
14732,[0.37009327 0.54280854],14,25,"[0.38660465276603295, 0.5871767558758164]",1,-1
14733,[0.36842718 0.5402488 ],14,25,"[0.38660465276603295, 0.5871767558758164]",1,-1
14734,[0.2913881  0.48639151],14,13,"[0.32294489274299887, 0.4620611538839558]",1,-1
14735,[0.39191968 0.42503994],14,6,"[0.40123478470159024, 0.40656176249784554]",1,-1
14736,[0.33584683 0.44991245],14,13,"[0.32294489274299887, 0.4620611538839558]",1,-1
14737,[0.37272634 0.50098103],14,18,"[0.4203234088660354, 0.508036417947434]",1,-1
14738,[0.41428028 0.3973141 ],14,6,"[0.40123478470159024, 0.40656176249784554]",1,-1
14739,[0.38468292 0.41543623],14,6,"[0.40123478470159024, 0.40656176249784554]",1,-1
14740,[0.45648412 0.37392738],14,37,"[0.4780366509520634, 0.3686118735311782]",1,-1
14741,[0.27172494 0.34553084],14,0,"[0.2473875480073203, 0.39401489827781994]",1,-1
14742,[0.3962192  0.37948294],14,6,"[0.40123478470159024, 0.40656176249784554]",1,-1
14743,[0.36361598 0.42971441],14,6,"[0.40123478470159024, 0.40656176249784554]",1,-1
14744,[0.32598256 0.42889355],14,13,"[0.32294489274299887, 0.4620611538839558]",1,-1
14745,[0.40246461 0.41707465],14,6,"[0.40123478470159024, 0.40656176249784554]",1,-1
14746,[0.35904262 0.38015319],14,1,"[0.33650952271243567, 0.3695039184549852]",1,-1
14747,[0.3628075 0.4194979],14,6,"[0.40123478470159024, 0.40656176249784554]",1,-1
14748,[0.39007664 0.38710534],14,6,"[0.40123478470159024, 0.40656176249784554]",1,-1
14749,[0.40231194 0.53327816],14,18,"[0.4203234088660354, 0.508036417947434]",1,-1
14750,[0.29843232 0.40550482],14,0,"[0.2473875480073203, 0.39401489827781994]",1,-1
14751,[0.48225876 0.44522552],14,35,"[0.491626887866141, 0.45015531396212327]",1,-1
14752,[0.43647177 0.41872548],14,6,"[0.40123478470159024, 0.40656176249784554]",1,-1
14753,[0.47249443 0.41706569],14,35,"[0.491626887866141, 0.45015531396212327]",1,-1
14754,[0.40465053 0.53610622],14,18,"[0.4203234088660354, 0.508036417947434]",1,-1
14755,[0.45214786 0.4049716 ],14,37,"[0.4780366509520634, 0.3686118735311782]",1,-1
14756,[0.44870534 0.39046636],14,37,"[0.4780366509520634, 0.3686118735311782]",1,-1
14757,[0.30856146 0.42077769],14,13,"[0.32294489274299887, 0.4620611538839558]",1,-1
14758,[0.34120775 0.45766743],14,13,"[0.32294489274299887, 0.4620611538839558]",1,-1
14759,[0.30211172 0.43859618],14,13,"[0.32294489274299887, 0.4620611538839558]",1,-1
14760,[0.35768944 0.42324793],14,6,"[0.40123478470159024, 0.40656176249784554]",1,-1
14761,[0.41768745 0.42488919],14,6,"[0.40123478470159024, 0.40656176249784554]",1,-1
14762,[0.40886093 0.51245949],14,18,"[0.4203234088660354, 0.508036417947434]",1,-1
14763,[0.36673268 0.41650901],14,6,"[0.40123478470159024, 0.40656176249784554]",1,-1
14764,[0.37366934 0.57086707],14,25,"[0.38660465276603295, 0.5871767558758164]",1,-1
14765,[0.3927571  0.39300465],14,6,"[0.40123478470159024, 0.40656176249784554]",1,-1
14766,[0.36953926 0.46577114],14,13,"[0.32294489274299887, 0.4620611538839558]",1,-1
14767,[0.39510478 0.54002598],14,18,"[0.4203234088660354, 0.508036417947434]",1,-1
14768,[0.40192821 0.48851329],14,18,"[0.4203234088660354, 0.508036417947434]",1,-1
14769,[0.36160441 0.39968893],14,1,"[0.33650952271243567, 0.3695039184549852]",1,-1
14770,[0.44636322 0.43147594],14,35,"[0.491626887866141, 0.45015531396212327]",1,-1
14771,[0.38004861 0.50577426],14,18,"[0.4203234088660354, 0.508036417947434]",1,-1
14772,[0.40135523 0.43373523],14,6,"[0.40123478470159024, 0.40656176249784554]",1,-1
14773,[0.44627145 0.40089477],14,37,"[0.4780366509520634, 0.3686118735311782]",1,-1
14774,[0.36500344 0.43200663],14,6,"[0.40123478470159024, 0.40656176249784554]",1,-1
14775,[0.4280198  0.43696151],14,6,"[0.40123478470159024, 0.40656176249784554]",1,-1
14776,[0.36401625 0.49470825],14,13,"[0.32294489274299887, 0.4620611538839558]",1,-1
14777,[0.38797042 0.36493521],14,6,"[0.40123478470159024, 0.40656176249784554]",1,73
14778,[0.4217017  0.38913307],14,6,"[0.40123478470159024, 0.40656176249784554]",1,-1
14779,[0.4565466  0.36643581],14,37,"[0.4780366509520634, 0.3686118735311782]",1,-1
14780,[0.4971646  0.43244662],14,35,"[0.491626887866141, 0.45015531396212327]",1,-1
14781,[0.4151864  0.29578975],14,4,"[0.3937233168939997, 0.29890402186269427]",1,-1
14782,[0.4291687  0.42821925],14,6,"[0.40123478470159024, 0.40656176249784554]",1,-1
14783,[0.43190854 0.38939987],14,6,"[0.40123478470159024, 0.40656176249784554]",1,-1
14784,[0.39271425 0.49607055],14,18,"[0.4203234088660354, 0.508036417947434]",1,-1
14785,[0.41078021 0.44363282],14,6,"[0.40123478470159024, 0.40656176249784554]",1,-1
14786,[0.42883838 0.43689521],14,6,"[0.40123478470159024, 0.40656176249784554]",1,-1
14787,[0.38512568 0.39001514],14,6,"[0.40123478470159024, 0.40656176249784554]",1,-1
14788,[0.3752704  0.34647384],14,1,"[0.33650952271243567, 0.3695039184549852]",1,-1
14789,[0.51724964 0.3491233 ],14,37,"[0.4780366509520634, 0.3686118735311782]",1,-1
14790,[0.43934717 0.41487632],14,6,"[0.40123478470159024, 0.40656176249784554]",1,-1
14791,[0.35779283 0.48116104],14,13,"[0.32294489274299887, 0.4620611538839558]",1,-1
14792,[0.36477704 0.40485227],14,6,"[0.40123478470159024, 0.40656176249784554]",1,-1
14793,[0.4616913  0.45214733],14,35,"[0.491626887866141, 0.45015531396212327]",1,-1
14794,[0.37520747 0.35788327],14,1,"[0.33650952271243567, 0.3695039184549852]",1,-1
14795,[0.33742195 0.52487142],14,13,"[0.32294489274299887, 0.4620611538839558]",1,-1
14796,[0.41443107 0.4114092 ],14,6,"[0.40123478470159024, 0.40656176249784554]",1,-1
14797,[0.47106902 0.46628025],14,35,"[0.491626887866141, 0.45015531396212327]",1,-1
14798,[0.38141489 0.53767851],14,18,"[0.4203234088660354, 0.508036417947434]",1,-1
14799,[0.4398827  0.37304279],14,37,"[0.4780366509520634, 0.3686118735311782]",1,-1
14800,[0.42693155 0.52967489],14,18,"[0.4203234088660354, 0.508036417947434]",1,-1
14801,[0.44310642 0.44877408],14,35,"[0.491626887866141, 0.45015531396212327]",1,-1
14802,[0.3412403  0.46526622],14,13,"[0.32294489274299887, 0.4620611538839558]",1,-1
14803,[0.44239355 0.42641442],14,6,"[0.40123478470159024, 0.40656176249784554]",1,-1
14804,[0.35759749 0.48780126],14,13,"[0.32294489274299887, 0.4620611538839558]",1,-1
14805,[0.44684659 0.43876882],14,35,"[0.491626887866141, 0.45015531396212327]",1,-1
14806,[0.34961187 0.46223131],14,13,"[0.32294489274299887, 0.4620611538839558]",1,-1
14807,[0.41739739 0.42418552],14,6,"[0.40123478470159024, 0.40656176249784554]",1,-1
14808,[0.40589082 0.34814905],14,4,"[0.3937233168939997, 0.29890402186269427]",1,-1
14809,[0.38398661 0.44209225],14,6,"[0.40123478470159024, 0.40656176249784554]",1,-1
14810,[0.36699956 0.45262352],14,13,"[0.32294489274299887, 0.4620611538839558]",1,-1
14811,[0.36551905 0.4755542 ],14,13,"[0.32294489274299887, 0.4620611538839558]",1,-1
14812,[0.43915675 0.41070782],14,6,"[0.40123478470159024, 0.40656176249784554]",1,-1
14813,[0.4173844  0.39259126],14,6,"[0.40123478470159024, 0.40656176249784554]",1,-1
14814,[0.38239451 0.45558911],14,6,"[0.40123478470159024, 0.40656176249784554]",1,-1
14815,[0.45220956 0.40170765],14,37,"[0.4780366509520634, 0.3686118735311782]",1,-1
14816,[0.39967892 0.51122673],14,18,"[0.4203234088660354, 0.508036417947434]",1,-1
14817,[0.40149188 0.48167263],14,18,"[0.4203234088660354, 0.508036417947434]",1,-1
14818,[0.38665773 0.40938376],14,6,"[0.40123478470159024, 0.40656176249784554]",1,79
14819,[0.47295147 0.40359645],14,37,"[0.4780366509520634, 0.3686118735311782]",1,-1
14820,[0.40135152 0.3169874 ],14,4,"[0.3937233168939997, 0.29890402186269427]",1,-1
14821,[0.40428631 0.47002083],14,18,"[0.4203234088660354, 0.508036417947434]",1,-1
14822,[0.32586263 0.3241385 ],14,1,"[0.33650952271243567, 0.3695039184549852]",1,-1
14823,[0.46571803 0.35346369],14,37,"[0.4780366509520634, 0.3686118735311782]",1,-1
14824,[0.45324758 0.41775617],14,35,"[0.491626887866141, 0.45015531396212327]",1,-1
14825,[0.41399712 0.44917064],14,6,"[0.40123478470159024, 0.40656176249784554]",1,-1
14826,[0.31991082 0.35476627],14,1,"[0.33650952271243567, 0.3695039184549852]",1,-1
14827,[0.39821977 0.44229533],14,6,"[0.40123478470159024, 0.40656176249784554]",1,-1
14828,[0.43415296 0.39150752],14,6,"[0.40123478470159024, 0.40656176249784554]",1,-1
14829,[0.36699052 0.40874338],14,6,"[0.40123478470159024, 0.40656176249784554]",1,-1
14830,[0.4021816  0.42076529],14,6,"[0.40123478470159024, 0.40656176249784554]",1,-1
14831,[0.43113607 0.3780587 ],14,6,"[0.40123478470159024, 0.40656176249784554]",1,-1
14832,[0.44506283 0.5044259 ],14,18,"[0.4203234088660354, 0.508036417947434]",1,-1
14833,[0.39980508 0.32341951],14,4,"[0.3937233168939997, 0.29890402186269427]",1,-1
14834,[0.38113302 0.33938081],14,4,"[0.3937233168939997, 0.29890402186269427]",1,-1
14835,[0.3648102  0.42134442],14,6,"[0.40123478470159024, 0.40656176249784554]",1,-1
14836,[0.36163303 0.393947  ],14,1,"[0.33650952271243567, 0.3695039184549852]",1,79
14837,[0.46202324 0.40337306],14,37,"[0.4780366509520634, 0.3686118735311782]",1,-1
14838,[0.34099077 0.44763982],14,13,"[0.32294489274299887, 0.4620611538839558]",1,-1
14839,[0.48486098 0.43362886],14,35,"[0.491626887866141, 0.45015531396212327]",1,-1
14840,[0.34729775 0.47904902],14,13,"[0.32294489274299887, 0.4620611538839558]",1,-1
14841,[0.39788245 0.51250316],14,18,"[0.4203234088660354, 0.508036417947434]",1,-1
14842,[0.37741708 0.40234472],14,6,"[0.40123478470159024, 0.40656176249784554]",1,79
14843,[0.37593663 0.4867476 ],14,18,"[0.4203234088660354, 0.508036417947434]",1,-1
14844,[0.54279949 0.43652014],14,27,"[0.5866068271601823, 0.4386408725933068]",1,-1
14845,[0.36519446 0.43138193],14,6,"[0.40123478470159024, 0.40656176249784554]",1,-1
14846,[0.41744764 0.40524425],14,6,"[0.40123478470159024, 0.40656176249784554]",1,-1
14847,[0.40285348 0.41675578],14,6,"[0.40123478470159024, 0.40656176249784554]",1,-1
14848,[0.32677606 0.41581711],14,13,"[0.32294489274299887, 0.4620611538839558]",1,-1
14849,[0.42039661 0.44390288],14,6,"[0.40123478470159024, 0.40656176249784554]",1,-1
14850,[0.47815895 0.55569558],14,2,"[0.5181425386759565, 0.548951681512668]",1,-1
14851,[0.35221142 0.48322014],14,13,"[0.32294489274299887, 0.4620611538839558]",1,-1
14852,[0.45046606 0.32177785],14,37,"[0.4780366509520634, 0.3686118735311782]",1,-1
14853,[0.27665042 0.45550793],14,13,"[0.32294489274299887, 0.4620611538839558]",1,-1
14854,[0.37032195 0.48077537],14,13,"[0.32294489274299887, 0.4620611538839558]",1,-1
14855,[0.372042  0.4323373],14,6,"[0.40123478470159024, 0.40656176249784554]",1,-1
14856,[0.45058892 0.43159577],14,35,"[0.491626887866141, 0.45015531396212327]",1,-1
14857,[0.4086436  0.35408436],14,6,"[0.40123478470159024, 0.40656176249784554]",1,-1
14858,[0.38463029 0.40959093],14,6,"[0.40123478470159024, 0.40656176249784554]",1,79
14859,[0.41671021 0.51988355],14,18,"[0.4203234088660354, 0.508036417947434]",1,-1
14860,[0.29890972 0.48434224],14,13,"[0.32294489274299887, 0.4620611538839558]",1,-1
14861,[0.34977033 0.50123721],14,13,"[0.32294489274299887, 0.4620611538839558]",1,-1
14862,[0.44314621 0.35288499],14,37,"[0.4780366509520634, 0.3686118735311782]",1,-1
14863,[0.43510601 0.31917312],14,4,"[0.3937233168939997, 0.29890402186269427]",1,-1
14864,[0.31746814 0.35582244],14,1,"[0.33650952271243567, 0.3695039184549852]",1,-1
14865,[0.43247384 0.38345563],14,6,"[0.40123478470159024, 0.40656176249784554]",1,-1
14866,[0.44961666 0.4867812 ],14,18,"[0.4203234088660354, 0.508036417947434]",1,-1
14867,[0.38153445 0.40101862],14,6,"[0.40123478470159024, 0.40656176249784554]",1,79
14868,[0.27352872 0.37322329],14,0,"[0.2473875480073203, 0.39401489827781994]",1,-1
14869,[0.4762831  0.42868632],14,35,"[0.491626887866141, 0.45015531396212327]",1,-1
14870,[0.3884174  0.42547968],14,6,"[0.40123478470159024, 0.40656176249784554]",1,-1
14871,[0.39211906 0.38782432],14,6,"[0.40123478470159024, 0.40656176249784554]",1,78
14872,[0.4462519  0.51020778],14,18,"[0.4203234088660354, 0.508036417947434]",1,-1
14873,[0.40639788 0.45336514],14,6,"[0.40123478470159024, 0.40656176249784554]",1,-1
14874,[0.43362992 0.41731389],14,6,"[0.40123478470159024, 0.40656176249784554]",1,-1
14875,[0.40884138 0.42251732],14,6,"[0.40123478470159024, 0.40656176249784554]",1,-1
14876,[0.36925654 0.44776085],14,13,"[0.32294489274299887, 0.4620611538839558]",1,-1
14877,[0.33863434 0.43450697],14,13,"[0.32294489274299887, 0.4620611538839558]",1,-1
14878,[0.35861281 0.42020744],14,6,"[0.40123478470159024, 0.40656176249784554]",1,-1
14879,[0.44471797 0.47468362],14,18,"[0.4203234088660354, 0.508036417947434]",1,-1
14880,[0.3074154  0.49452682],14,13,"[0.32294489274299887, 0.4620611538839558]",1,-1
14881,[0.29629931 0.40318345],14,0,"[0.2473875480073203, 0.39401489827781994]",1,-1
14882,[0.29258694 0.44603224],14,13,"[0.32294489274299887, 0.4620611538839558]",1,-1
14883,[0.41914421 0.39154486],14,6,"[0.40123478470159024, 0.40656176249784554]",1,-1
14884,[0.41494197 0.45536961],14,6,"[0.40123478470159024, 0.40656176249784554]",1,-1
14885,[0.38100215 0.39580735],14,6,"[0.40123478470159024, 0.40656176249784554]",1,-1
14886,[0.38816317 0.45795934],14,6,"[0.40123478470159024, 0.40656176249784554]",1,50
14887,[0.36245992 0.48918801],14,13,"[0.32294489274299887, 0.4620611538839558]",1,-1
14888,[0.37613077 0.39921055],14,6,"[0.40123478470159024, 0.40656176249784554]",1,-1
14889,[0.31113699 0.44872766],14,13,"[0.32294489274299887, 0.4620611538839558]",1,-1
14890,[0.36322971 0.51340255],14,18,"[0.4203234088660354, 0.508036417947434]",1,-1
14891,[0.34706586 0.38838741],14,1,"[0.33650952271243567, 0.3695039184549852]",1,-1
14892,[0.42482768 0.3582059 ],14,6,"[0.40123478470159024, 0.40656176249784554]",1,-1
14893,[0.35899828 0.45892656],14,13,"[0.32294489274299887, 0.4620611538839558]",1,-1
14894,[0.4408275  0.42790046],14,6,"[0.40123478470159024, 0.40656176249784554]",1,-1
14895,[0.35852209 0.39718226],14,1,"[0.33650952271243567, 0.3695039184549852]",1,-1
14896,[0.32404919 0.4379547 ],14,13,"[0.32294489274299887, 0.4620611538839558]",1,-1
14897,[0.42468539 0.40554428],14,6,"[0.40123478470159024, 0.40656176249784554]",1,-1
14898,[0.30511206 0.46297267],14,13,"[0.32294489274299887, 0.4620611538839558]",1,-1
14899,[0.49519763 0.44415115],14,35,"[0.491626887866141, 0.45015531396212327]",1,-1
14900,[0.371945   0.55683492],14,25,"[0.38660465276603295, 0.5871767558758164]",1,-1
14901,[0.39074529 0.37011581],14,6,"[0.40123478470159024, 0.40656176249784554]",1,73
14902,[0.44656588 0.5201731 ],14,18,"[0.4203234088660354, 0.508036417947434]",1,-1
14903,[0.3460223  0.43416128],14,13,"[0.32294489274299887, 0.4620611538839558]",1,-1
14904,[0.3794541 0.3782156],14,6,"[0.40123478470159024, 0.40656176249784554]",1,78
14905,[0.34471982 0.4630169 ],14,13,"[0.32294489274299887, 0.4620611538839558]",1,-1
14906,[0.41139811 0.36862791],14,6,"[0.40123478470159024, 0.40656176249784554]",1,-1
14907,[0.37248036 0.42056546],14,6,"[0.40123478470159024, 0.40656176249784554]",1,-1
14908,[0.39853473 0.43901833],14,6,"[0.40123478470159024, 0.40656176249784554]",1,-1
14909,[0.39669404 0.50467661],14,18,"[0.4203234088660354, 0.508036417947434]",1,-1
14910,[0.4285357  0.41475991],14,6,"[0.40123478470159024, 0.40656176249784554]",1,-1
14911,[0.4216818  0.41226893],14,6,"[0.40123478470159024, 0.40656176249784554]",1,-1
14912,[0.43799165 0.4353085 ],14,6,"[0.40123478470159024, 0.40656176249784554]",1,-1
14913,[0.3930452  0.44885257],14,6,"[0.40123478470159024, 0.40656176249784554]",1,-1
14914,[0.37580067 0.44218079],14,6,"[0.40123478470159024, 0.40656176249784554]",1,-1
14915,[0.38450986 0.36674409],14,6,"[0.40123478470159024, 0.40656176249784554]",1,73
14916,[0.40998553 0.41615363],14,6,"[0.40123478470159024, 0.40656176249784554]",1,-1
14917,[0.46882631 0.44613013],14,35,"[0.491626887866141, 0.45015531396212327]",1,-1
14918,[0.36775004 0.39586297],14,6,"[0.40123478470159024, 0.40656176249784554]",1,-1
14919,[0.3616797 0.4745048],14,13,"[0.32294489274299887, 0.4620611538839558]",1,-1
14920,[0.45037461 0.34458596],14,37,"[0.4780366509520634, 0.3686118735311782]",1,-1
14921,[0.36260001 0.42602027],14,6,"[0.40123478470159024, 0.40656176249784554]",1,-1
14922,[0.43848159 0.28157229],14,4,"[0.3937233168939997, 0.29890402186269427]",1,-1
14923,[0.47397024 0.47850182],14,35,"[0.491626887866141, 0.45015531396212327]",1,-1
14924,[0.40142207 0.40067163],14,6,"[0.40123478470159024, 0.40656176249784554]",1,-1
14925,[0.3741982  0.40728019],14,6,"[0.40123478470159024, 0.40656176249784554]",1,-1
14926,[0.35847667 0.4291165 ],14,6,"[0.40123478470159024, 0.40656176249784554]",1,-1
14927,[0.33461815 0.41077929],14,1,"[0.33650952271243567, 0.3695039184549852]",1,-1
14928,[0.40227407 0.45271181],14,6,"[0.40123478470159024, 0.40656176249784554]",1,50
14929,[0.44536297 0.37999525],14,37,"[0.4780366509520634, 0.3686118735311782]",1,-1
14930,[0.42663304 0.47143187],14,18,"[0.4203234088660354, 0.508036417947434]",1,-1
14931,[0.42084587 0.37306005],14,6,"[0.40123478470159024, 0.40656176249784554]",1,-1
14932,[0.36846417 0.36321179],14,1,"[0.33650952271243567, 0.3695039184549852]",1,-1
14933,[0.55064331 0.40981823],14,27,"[0.5866068271601823, 0.4386408725933068]",1,-1
14934,[0.31755331 0.3384432 ],14,1,"[0.33650952271243567, 0.3695039184549852]",1,-1
14935,[0.36342407 0.46635532],14,13,"[0.32294489274299887, 0.4620611538839558]",1,-1
14936,[0.42483001 0.4192084 ],14,6,"[0.40123478470159024, 0.40656176249784554]",1,-1
14937,[0.41039761 0.35778854],14,6,"[0.40123478470159024, 0.40656176249784554]",1,-1
14938,[0.42267109 0.50671621],14,18,"[0.4203234088660354, 0.508036417947434]",1,-1
14939,[0.45066905 0.39964636],14,37,"[0.4780366509520634, 0.3686118735311782]",1,-1
14940,[0.40275527 0.45837872],14,6,"[0.40123478470159024, 0.40656176249784554]",1,-1
14941,[0.33475824 0.41787935],14,13,"[0.32294489274299887, 0.4620611538839558]",1,-1
14942,[0.41003365 0.43066184],14,6,"[0.40123478470159024, 0.40656176249784554]",1,-1
14943,[0.3537077  0.40138364],14,1,"[0.33650952271243567, 0.3695039184549852]",1,-1
14944,[0.48488273 0.44808722],14,35,"[0.491626887866141, 0.45015531396212327]",1,-1
14945,[0.51226829 0.40894244],14,35,"[0.491626887866141, 0.45015531396212327]",1,-1
14946,[0.36646565 0.39382883],14,6,"[0.40123478470159024, 0.40656176249784554]",1,79
14947,[0.4015362 0.447014 ],14,6,"[0.40123478470159024, 0.40656176249784554]",1,50
14948,[0.41665481 0.40214743],14,6,"[0.40123478470159024, 0.40656176249784554]",1,-1
14949,[0.35731222 0.39534878],14,1,"[0.33650952271243567, 0.3695039184549852]",1,-1
14950,[0.35338658 0.40406742],14,1,"[0.33650952271243567, 0.3695039184549852]",1,-1
14951,[0.32309995 0.44658889],14,13,"[0.32294489274299887, 0.4620611538839558]",1,-1
14952,[0.38768517 0.37111569],14,6,"[0.40123478470159024, 0.40656176249784554]",1,-1
14953,[0.4995148  0.44663947],14,35,"[0.491626887866141, 0.45015531396212327]",1,-1
14954,[0.35496065 0.44032163],14,13,"[0.32294489274299887, 0.4620611538839558]",1,-1
14955,[0.36480726 0.47817912],14,13,"[0.32294489274299887, 0.4620611538839558]",1,-1
14956,[0.32513929 0.53118701],14,44,"[0.30505443145580996, 0.5938366826632161]",1,-1
14957,[0.34008025 0.35658757],14,1,"[0.33650952271243567, 0.3695039184549852]",1,77
14958,[0.48788345 0.41583222],14,35,"[0.491626887866141, 0.45015531396212327]",1,-1
14959,[0.38021635 0.41845964],14,6,"[0.40123478470159024, 0.40656176249784554]",1,-1
14960,[0.39563716 0.4575582 ],14,6,"[0.40123478470159024, 0.40656176249784554]",1,50
14961,[0.44685422 0.4154208 ],14,6,"[0.40123478470159024, 0.40656176249784554]",1,-1
14962,[0.40865862 0.37335257],14,6,"[0.40123478470159024, 0.40656176249784554]",1,-1
14963,[0.38081911 0.50466827],14,18,"[0.4203234088660354, 0.508036417947434]",1,-1
14964,[0.36672481 0.41289885],14,6,"[0.40123478470159024, 0.40656176249784554]",1,-1
14965,[0.45019739 0.42721348],14,35,"[0.491626887866141, 0.45015531396212327]",1,-1
14966,[0.4945181  0.47440636],14,35,"[0.491626887866141, 0.45015531396212327]",1,-1
14967,[0.41729401 0.44352789],14,6,"[0.40123478470159024, 0.40656176249784554]",1,-1
14968,[0.36674477 0.3968319 ],14,6,"[0.40123478470159024, 0.40656176249784554]",1,79
14969,[0.41724985 0.42479727],14,6,"[0.40123478470159024, 0.40656176249784554]",1,-1
14970,[0.386448   0.51596837],14,18,"[0.4203234088660354, 0.508036417947434]",1,-1
14971,[0.40335483 0.38894203],14,6,"[0.40123478470159024, 0.40656176249784554]",1,-1
14972,[0.42705697 0.46070147],14,18,"[0.4203234088660354, 0.508036417947434]",1,-1
14973,[0.4034013  0.38369358],14,6,"[0.40123478470159024, 0.40656176249784554]",1,-1
14974,[0.35227004 0.39879757],14,1,"[0.33650952271243567, 0.3695039184549852]",1,-1
14975,[0.45232412 0.46529446],14,35,"[0.491626887866141, 0.45015531396212327]",1,-1
14976,[0.39613856 0.41184348],14,6,"[0.40123478470159024, 0.40656176249784554]",1,-1
14977,[0.39138124 0.3112913 ],14,4,"[0.3937233168939997, 0.29890402186269427]",1,-1
14978,[0.4086876  0.49442535],14,18,"[0.4203234088660354, 0.508036417947434]",1,-1
14979,[0.43913908 0.42527814],14,6,"[0.40123478470159024, 0.40656176249784554]",1,-1
14980,[0.38479374 0.40013366],14,6,"[0.40123478470159024, 0.40656176249784554]",1,-1
14981,[0.41934192 0.39236008],14,6,"[0.40123478470159024, 0.40656176249784554]",1,-1
14982,[0.42965761 0.44426368],14,6,"[0.40123478470159024, 0.40656176249784554]",1,-1
14983,[0.37020203 0.46988279],14,13,"[0.32294489274299887, 0.4620611538839558]",1,-1
14984,[0.34983911 0.49180153],14,13,"[0.32294489274299887, 0.4620611538839558]",1,-1
14985,[0.40206607 0.43175242],14,6,"[0.40123478470159024, 0.40656176249784554]",1,-1
14986,[0.39098951 0.32026454],14,4,"[0.3937233168939997, 0.29890402186269427]",1,-1
14987,[0.40252828 0.44183366],14,6,"[0.40123478470159024, 0.40656176249784554]",1,50
14988,[0.50241939 0.37628921],14,37,"[0.4780366509520634, 0.3686118735311782]",1,-1
14989,[0.42656245 0.46734251],14,18,"[0.4203234088660354, 0.508036417947434]",1,-1
14990,[0.43775282 0.48132946],14,18,"[0.4203234088660354, 0.508036417947434]",1,-1
14991,[0.35125196 0.41809868],14,1,"[0.33650952271243567, 0.3695039184549852]",1,-1
14992,[0.36533748 0.42733677],14,6,"[0.40123478470159024, 0.40656176249784554]",1,-1
14993,[0.39343427 0.37199264],14,6,"[0.40123478470159024, 0.40656176249784554]",1,-1
14994,[0.34662143 0.41427008],14,1,"[0.33650952271243567, 0.3695039184549852]",1,-1
14995,[0.40463506 0.52467578],14,18,"[0.4203234088660354, 0.508036417947434]",1,-1
14996,[0.3713871  0.53616802],14,25,"[0.38660465276603295, 0.5871767558758164]",1,-1
14997,[0.37070801 0.50266478],14,18,"[0.4203234088660354, 0.508036417947434]",1,-1
14998,[0.40797405 0.37785109],14,6,"[0.40123478470159024, 0.40656176249784554]",1,-1
14999,[0.29002048 0.42141793],14,0,"[0.2473875480073203, 0.39401489827781994]",1,-1
15000,[0.41139234 0.64067332],15,45,"[0.4377614438459196, 0.655911915550708]",1,46
15001,[0.40705382 0.68716878],15,45,"[0.4377614438459196, 0.655911915550708]",1,-1
15002,[0.46751432 0.66928829],15,45,"[0.4377614438459196, 0.655911915550708]",1,37
15003,[0.44716355 0.70901853],15,47,"[0.4308417820697566, 0.7426361553548808]",1,-1
15004,[0.47748154 0.56755972],15,2,"[0.5181425386759565, 0.548951681512668]",1,-1
15005,[0.4160315  0.64568634],15,45,"[0.4377614438459196, 0.655911915550708]",1,46
15006,[0.43500664 0.59455893],15,25,"[0.38660465276603295, 0.5871767558758164]",1,60
15007,[0.4582793 0.6967736],15,45,"[0.4377614438459196, 0.655911915550708]",1,-1
15008,[0.33502018 0.63636374],15,19,"[0.3585209611110644, 0.671407469606326]",1,9
15009,[0.45771048 0.59143348],15,5,"[0.47989515498241786, 0.6212764114798471]",1,-1
15010,[0.38982201 0.67124867],15,19,"[0.3585209611110644, 0.671407469606326]",1,-1
15011,[0.37368225 0.56592011],15,25,"[0.38660465276603295, 0.5871767558758164]",1,-1
15012,[0.43523371 0.53615788],15,18,"[0.4203234088660354, 0.508036417947434]",1,-1
15013,[0.4819477  0.69385277],15,45,"[0.4377614438459196, 0.655911915550708]",1,-1
15014,[0.44839698 0.68003692],15,45,"[0.4377614438459196, 0.655911915550708]",1,-1
15015,[0.38341262 0.61016247],15,25,"[0.38660465276603295, 0.5871767558758164]",1,-1
15016,[0.4118201 0.5830195],15,25,"[0.38660465276603295, 0.5871767558758164]",1,-1
15017,[0.41238801 0.51663242],15,18,"[0.4203234088660354, 0.508036417947434]",1,-1
15018,[0.31983078 0.63864195],15,44,"[0.30505443145580996, 0.5938366826632161]",1,-1
15019,[0.43633944 0.68930534],15,45,"[0.4377614438459196, 0.655911915550708]",1,-1
15020,[0.38826554 0.64042515],15,19,"[0.3585209611110644, 0.671407469606326]",1,46
15021,[0.54624466 0.56776683],15,2,"[0.5181425386759565, 0.548951681512668]",1,65
15022,[0.40435217 0.5115387 ],15,18,"[0.4203234088660354, 0.508036417947434]",1,-1
15023,[0.49228752 0.56841805],15,2,"[0.5181425386759565, 0.548951681512668]",1,-1
15024,[0.52331396 0.61367343],15,5,"[0.47989515498241786, 0.6212764114798471]",1,-1
15025,[0.42568604 0.59462352],15,25,"[0.38660465276603295, 0.5871767558758164]",1,-1
15026,[0.29988994 0.59614534],15,44,"[0.30505443145580996, 0.5938366826632161]",1,-1
15027,[0.42631933 0.60971862],15,25,"[0.38660465276603295, 0.5871767558758164]",1,-1
15028,[0.3254635  0.63878623],15,19,"[0.3585209611110644, 0.671407469606326]",1,9
15029,[0.43571483 0.63237532],15,45,"[0.4377614438459196, 0.655911915550708]",1,60
15030,[0.4012749  0.69457462],15,19,"[0.3585209611110644, 0.671407469606326]",1,-1
15031,[0.40858994 0.59236859],15,25,"[0.38660465276603295, 0.5871767558758164]",1,-1
15032,[0.450142   0.66904459],15,45,"[0.4377614438459196, 0.655911915550708]",1,37
15033,[0.52960959 0.60497329],15,5,"[0.47989515498241786, 0.6212764114798471]",1,-1
15034,[0.46417999 0.63137642],15,5,"[0.47989515498241786, 0.6212764114798471]",1,-1
15035,[0.46213631 0.64210292],15,5,"[0.47989515498241786, 0.6212764114798471]",1,-1
15036,[0.44446406 0.70544921],15,47,"[0.4308417820697566, 0.7426361553548808]",1,-1
15037,[0.49716946 0.61454864],15,5,"[0.47989515498241786, 0.6212764114798471]",1,-1
15038,[0.47149186 0.66738715],15,45,"[0.4377614438459196, 0.655911915550708]",1,-1
15039,[0.46954216 0.59012991],15,5,"[0.47989515498241786, 0.6212764114798471]",1,-1
15040,[0.4146987  0.66461448],15,45,"[0.4377614438459196, 0.655911915550708]",1,-1
15041,[0.43325557 0.67472393],15,45,"[0.4377614438459196, 0.655911915550708]",1,37
15042,[0.44714405 0.65970776],15,45,"[0.4377614438459196, 0.655911915550708]",1,-1
15043,[0.52239275 0.77280267],15,48,"[0.5865861840445293, 0.7997995045728765]",1,-1
15044,[0.52967329 0.53942507],15,2,"[0.5181425386759565, 0.548951681512668]",1,-1
15045,[0.33031317 0.67956297],15,19,"[0.3585209611110644, 0.671407469606326]",1,-1
15046,[0.41198623 0.62782401],15,45,"[0.4377614438459196, 0.655911915550708]",1,-1
15047,[0.43709826 0.5944801 ],15,5,"[0.47989515498241786, 0.6212764114798471]",1,60
15048,[0.4499759  0.64980182],15,45,"[0.4377614438459196, 0.655911915550708]",1,-1
15049,[0.46526106 0.60447211],15,5,"[0.47989515498241786, 0.6212764114798471]",1,-1
15050,[0.4368354  0.70428083],15,47,"[0.4308417820697566, 0.7426361553548808]",1,-1
15051,[0.45393143 0.58185656],15,5,"[0.47989515498241786, 0.6212764114798471]",1,-1
15052,[0.48360462 0.56119842],15,2,"[0.5181425386759565, 0.548951681512668]",1,-1
15053,[0.46729533 0.60766731],15,5,"[0.47989515498241786, 0.6212764114798471]",1,-1
15054,[0.37974039 0.59365336],15,25,"[0.38660465276603295, 0.5871767558758164]",1,-1
15055,[0.37818381 0.68474865],15,19,"[0.3585209611110644, 0.671407469606326]",1,-1
15056,[0.40266749 0.65661388],15,45,"[0.4377614438459196, 0.655911915550708]",1,-1
15057,[0.41630053 0.6274629 ],15,45,"[0.4377614438459196, 0.655911915550708]",1,-1
15058,[0.42943737 0.669805  ],15,45,"[0.4377614438459196, 0.655911915550708]",1,-1
15059,[0.47538371 0.72262495],15,47,"[0.4308417820697566, 0.7426361553548808]",1,-1
15060,[0.542142   0.71636609],15,41,"[0.5613949929729852, 0.701115936473092]",1,-1
15061,[0.47396744 0.65094618],15,5,"[0.47989515498241786, 0.6212764114798471]",1,-1
15062,[0.50202206 0.62351115],15,5,"[0.47989515498241786, 0.6212764114798471]",1,-1
15063,[0.47415213 0.58978256],15,5,"[0.47989515498241786, 0.6212764114798471]",1,70
15064,[0.53705766 0.63275669],15,5,"[0.47989515498241786, 0.6212764114798471]",1,-1
15065,[0.34943996 0.64578596],15,19,"[0.3585209611110644, 0.671407469606326]",1,-1
15066,[0.39905712 0.63640602],15,45,"[0.4377614438459196, 0.655911915550708]",1,46
15067,[0.39903174 0.71415302],15,47,"[0.4308417820697566, 0.7426361553548808]",1,-1
15068,[0.42849129 0.54369892],15,18,"[0.4203234088660354, 0.508036417947434]",1,-1
15069,[0.52786792 0.65942976],15,41,"[0.5613949929729852, 0.701115936473092]",1,-1
15070,[0.46186742 0.63158544],15,5,"[0.47989515498241786, 0.6212764114798471]",1,60
15071,[0.45207468 0.65769696],15,45,"[0.4377614438459196, 0.655911915550708]",1,-1
15072,[0.39482469 0.61231789],15,25,"[0.38660465276603295, 0.5871767558758164]",1,51
15073,[0.52694823 0.69099925],15,41,"[0.5613949929729852, 0.701115936473092]",1,-1
15074,[0.47097698 0.62703009],15,5,"[0.47989515498241786, 0.6212764114798471]",1,-1
15075,[0.45439258 0.60940674],15,5,"[0.47989515498241786, 0.6212764114798471]",1,60
15076,[0.50276604 0.63536666],15,5,"[0.47989515498241786, 0.6212764114798471]",1,-1
15077,[0.42847838 0.66224253],15,45,"[0.4377614438459196, 0.655911915550708]",1,-1
15078,[0.46965835 0.53159867],15,2,"[0.5181425386759565, 0.548951681512668]",1,-1
15079,[0.43216586 0.73916257],15,47,"[0.4308417820697566, 0.7426361553548808]",1,-1
15080,[0.40744788 0.54440182],15,18,"[0.4203234088660354, 0.508036417947434]",1,-1
15081,[0.41165051 0.61033003],15,25,"[0.38660465276603295, 0.5871767558758164]",1,-1
15082,[0.38845435 0.52930886],15,18,"[0.4203234088660354, 0.508036417947434]",1,-1
15083,[0.44419377 0.68135709],15,45,"[0.4377614438459196, 0.655911915550708]",1,-1
15084,[0.48913063 0.59864247],15,5,"[0.47989515498241786, 0.6212764114798471]",1,-1
15085,[0.44148548 0.52160618],15,18,"[0.4203234088660354, 0.508036417947434]",1,-1
15086,[0.42642082 0.52592341],15,18,"[0.4203234088660354, 0.508036417947434]",1,-1
15087,[0.48217397 0.6240644 ],15,5,"[0.47989515498241786, 0.6212764114798471]",1,-1
15088,[0.40046695 0.61323203],15,25,"[0.38660465276603295, 0.5871767558758164]",1,-1
15089,[0.53427819 0.61014498],15,5,"[0.47989515498241786, 0.6212764114798471]",1,-1
15090,[0.40257971 0.59799341],15,25,"[0.38660465276603295, 0.5871767558758164]",1,51
15091,[0.50594462 0.60292356],15,5,"[0.47989515498241786, 0.6212764114798471]",1,-1
15092,[0.34551396 0.57305285],15,25,"[0.38660465276603295, 0.5871767558758164]",1,-1
15093,[0.52027021 0.57844064],15,2,"[0.5181425386759565, 0.548951681512668]",1,74
15094,[0.45136347 0.6096692 ],15,5,"[0.47989515498241786, 0.6212764114798471]",1,60
15095,[0.43245608 0.60419985],15,25,"[0.38660465276603295, 0.5871767558758164]",1,-1
15096,[0.4003577  0.62887226],15,25,"[0.38660465276603295, 0.5871767558758164]",1,-1
15097,[0.45040941 0.6063707 ],15,5,"[0.47989515498241786, 0.6212764114798471]",1,60
15098,[0.33405183 0.60380074],15,44,"[0.30505443145580996, 0.5938366826632161]",1,-1
15099,[0.50228352 0.63239113],15,5,"[0.47989515498241786, 0.6212764114798471]",1,-1
15100,[0.45236018 0.62512511],15,5,"[0.47989515498241786, 0.6212764114798471]",1,60
15101,[0.46224721 0.65760369],15,45,"[0.4377614438459196, 0.655911915550708]",1,-1
15102,[0.49689293 0.70601636],15,41,"[0.5613949929729852, 0.701115936473092]",1,-1
15103,[0.39686851 0.60769592],15,25,"[0.38660465276603295, 0.5871767558758164]",1,51
15104,[0.51168731 0.59333245],15,5,"[0.47989515498241786, 0.6212764114798471]",1,74
15105,[0.35196838 0.72380996],15,19,"[0.3585209611110644, 0.671407469606326]",1,-1
15106,[0.4825759  0.57379567],15,2,"[0.5181425386759565, 0.548951681512668]",1,-1
15107,[0.45960152 0.6173217 ],15,5,"[0.47989515498241786, 0.6212764114798471]",1,60
15108,[0.34410043 0.68119603],15,19,"[0.3585209611110644, 0.671407469606326]",1,-1
15109,[0.40316307 0.6175347 ],15,25,"[0.38660465276603295, 0.5871767558758164]",1,-1
15110,[0.43544762 0.4931926 ],15,18,"[0.4203234088660354, 0.508036417947434]",1,-1
15111,[0.49679015 0.65932949],15,5,"[0.47989515498241786, 0.6212764114798471]",1,-1
15112,[0.46424994 0.68160704],15,45,"[0.4377614438459196, 0.655911915550708]",1,-1
15113,[0.41969835 0.66462182],15,45,"[0.4377614438459196, 0.655911915550708]",1,-1
15114,[0.52999745 0.56175828],15,2,"[0.5181425386759565, 0.548951681512668]",1,65
15115,[0.48322204 0.6193526 ],15,5,"[0.47989515498241786, 0.6212764114798471]",1,-1
15116,[0.51999287 0.57216238],15,2,"[0.5181425386759565, 0.548951681512668]",1,-1
15117,[0.45123866 0.67111399],15,45,"[0.4377614438459196, 0.655911915550708]",1,37
15118,[0.55299412 0.66474894],15,41,"[0.5613949929729852, 0.701115936473092]",1,-1
15119,[0.36435228 0.69024509],15,19,"[0.3585209611110644, 0.671407469606326]",1,-1
15120,[0.47546523 0.64492963],15,5,"[0.47989515498241786, 0.6212764114798471]",1,-1
15121,[0.40077659 0.5258547 ],15,18,"[0.4203234088660354, 0.508036417947434]",1,-1
15122,[0.437084   0.64499635],15,45,"[0.4377614438459196, 0.655911915550708]",1,-1
15123,[0.42232896 0.65616525],15,45,"[0.4377614438459196, 0.655911915550708]",1,-1
15124,[0.40961856 0.68148253],15,45,"[0.4377614438459196, 0.655911915550708]",1,-1
15125,[0.45928321 0.67235621],15,45,"[0.4377614438459196, 0.655911915550708]",1,37
15126,[0.38919505 0.62973343],15,25,"[0.38660465276603295, 0.5871767558758164]",1,46
15127,[0.50652592 0.57575807],15,2,"[0.5181425386759565, 0.548951681512668]",1,75
15128,[0.45871791 0.69669622],15,45,"[0.4377614438459196, 0.655911915550708]",1,-1
15129,[0.3660273  0.59641415],15,25,"[0.38660465276603295, 0.5871767558758164]",1,-1
15130,[0.41361253 0.6695756 ],15,45,"[0.4377614438459196, 0.655911915550708]",1,-1
15131,[0.55141727 0.58353432],15,2,"[0.5181425386759565, 0.548951681512668]",1,-1
15132,[0.40201111 0.56980247],15,25,"[0.38660465276603295, 0.5871767558758164]",1,-1
15133,[0.44963449 0.63151136],15,45,"[0.4377614438459196, 0.655911915550708]",1,-1
15134,[0.51750154 0.6247062 ],15,5,"[0.47989515498241786, 0.6212764114798471]",1,-1
15135,[0.33413997 0.65402037],15,19,"[0.3585209611110644, 0.671407469606326]",1,-1
15136,[0.43939576 0.62552753],15,45,"[0.4377614438459196, 0.655911915550708]",1,-1
15137,[0.39294155 0.53782355],15,18,"[0.4203234088660354, 0.508036417947434]",1,-1
15138,[0.32685739 0.65300861],15,19,"[0.3585209611110644, 0.671407469606326]",1,-1
15139,[0.41621875 0.59885522],15,25,"[0.38660465276603295, 0.5871767558758164]",1,-1
15140,[0.40556992 0.67661574],15,45,"[0.4377614438459196, 0.655911915550708]",1,-1
15141,[0.46022803 0.62164822],15,5,"[0.47989515498241786, 0.6212764114798471]",1,60
15142,[0.43143779 0.67689736],15,45,"[0.4377614438459196, 0.655911915550708]",1,-1
15143,[0.44729061 0.67773286],15,45,"[0.4377614438459196, 0.655911915550708]",1,-1
15144,[0.47134467 0.61991765],15,5,"[0.47989515498241786, 0.6212764114798471]",1,-1
15145,[0.47425242 0.65281312],15,5,"[0.47989515498241786, 0.6212764114798471]",1,-1
15146,[0.43399738 0.69499119],15,45,"[0.4377614438459196, 0.655911915550708]",1,-1
15147,[0.57922709 0.60082523],15,9,"[0.5945682323783136, 0.6193254997600653]",1,-1
15148,[0.45826495 0.71915082],15,47,"[0.4308417820697566, 0.7426361553548808]",1,-1
15149,[0.41503058 0.57977824],15,25,"[0.38660465276603295, 0.5871767558758164]",1,-1
15150,[0.46362654 0.67578411],15,45,"[0.4377614438459196, 0.655911915550708]",1,-1
15151,[0.56759515 0.55601477],15,10,"[0.6101257152780476, 0.5394800330734051]",1,-1
15152,[0.36514039 0.64793204],15,19,"[0.3585209611110644, 0.671407469606326]",1,-1
15153,[0.47722491 0.57384093],15,5,"[0.47989515498241786, 0.6212764114798471]",1,70
15154,[0.42885374 0.62646352],15,45,"[0.4377614438459196, 0.655911915550708]",1,-1
15155,[0.40171798 0.60857837],15,25,"[0.38660465276603295, 0.5871767558758164]",1,-1
15156,[0.44858635 0.56215501],15,18,"[0.4203234088660354, 0.508036417947434]",1,-1
15157,[0.43439816 0.74584101],15,47,"[0.4308417820697566, 0.7426361553548808]",1,-1
15158,[0.43502959 0.64793286],15,45,"[0.4377614438459196, 0.655911915550708]",1,-1
15159,[0.41259835 0.6693681 ],15,45,"[0.4377614438459196, 0.655911915550708]",1,-1
15160,[0.33320312 0.61740227],15,44,"[0.30505443145580996, 0.5938366826632161]",1,-1
15161,[0.42216557 0.55316529],15,18,"[0.4203234088660354, 0.508036417947434]",1,-1
15162,[0.33946527 0.59680532],15,44,"[0.30505443145580996, 0.5938366826632161]",1,-1
15163,[0.48326775 0.68177631],15,45,"[0.4377614438459196, 0.655911915550708]",1,-1
15164,[0.31203649 0.64833915],15,19,"[0.3585209611110644, 0.671407469606326]",1,-1
15165,[0.36988085 0.65706958],15,19,"[0.3585209611110644, 0.671407469606326]",1,-1
15166,[0.42356509 0.69168924],15,45,"[0.4377614438459196, 0.655911915550708]",1,-1
15167,[0.34018328 0.60103611],15,44,"[0.30505443145580996, 0.5938366826632161]",1,-1
15168,[0.52229463 0.70106135],15,41,"[0.5613949929729852, 0.701115936473092]",1,-1
15169,[0.42818642 0.6290263 ],15,45,"[0.4377614438459196, 0.655911915550708]",1,-1
15170,[0.41751126 0.62590794],15,45,"[0.4377614438459196, 0.655911915550708]",1,-1
15171,[0.45195264 0.72480548],15,47,"[0.4308417820697566, 0.7426361553548808]",1,-1
15172,[0.40326892 0.73970636],15,47,"[0.4308417820697566, 0.7426361553548808]",1,-1
15173,[0.39993305 0.63824346],15,45,"[0.4377614438459196, 0.655911915550708]",1,46
15174,[0.41234796 0.61508129],15,25,"[0.38660465276603295, 0.5871767558758164]",1,-1
15175,[0.39577539 0.63201891],15,25,"[0.38660465276603295, 0.5871767558758164]",1,46
15176,[0.44665357 0.52104336],15,18,"[0.4203234088660354, 0.508036417947434]",1,-1
15177,[0.42795493 0.63346632],15,45,"[0.4377614438459196, 0.655911915550708]",1,-1
15178,[0.4738516  0.55810809],15,2,"[0.5181425386759565, 0.548951681512668]",1,-1
15179,[0.43163648 0.6723897 ],15,45,"[0.4377614438459196, 0.655911915550708]",1,-1
15180,[0.42313111 0.58808165],15,25,"[0.38660465276603295, 0.5871767558758164]",1,-1
15181,[0.52449868 0.63310938],15,5,"[0.47989515498241786, 0.6212764114798471]",1,-1
15182,[0.45943947 0.681285  ],15,45,"[0.4377614438459196, 0.655911915550708]",1,-1
15183,[0.5046693  0.60906643],15,5,"[0.47989515498241786, 0.6212764114798471]",1,-1
15184,[0.47891654 0.69734275],15,45,"[0.4377614438459196, 0.655911915550708]",1,-1
15185,[0.43081458 0.66974841],15,45,"[0.4377614438459196, 0.655911915550708]",1,-1
15186,[0.37092969 0.63838068],15,19,"[0.3585209611110644, 0.671407469606326]",1,-1
15187,[0.50404637 0.6674899 ],15,5,"[0.47989515498241786, 0.6212764114798471]",1,-1
15188,[0.47791681 0.59389717],15,5,"[0.47989515498241786, 0.6212764114798471]",1,-1
15189,[0.47222888 0.62914839],15,5,"[0.47989515498241786, 0.6212764114798471]",1,60
15190,[0.48014613 0.70173297],15,45,"[0.4377614438459196, 0.655911915550708]",1,-1
15191,[0.5204356  0.60148437],15,5,"[0.47989515498241786, 0.6212764114798471]",1,-1
15192,[0.43255799 0.62252145],15,45,"[0.4377614438459196, 0.655911915550708]",1,-1
15193,[0.47110773 0.61721704],15,5,"[0.47989515498241786, 0.6212764114798471]",1,-1
15194,[0.42612335 0.56305783],15,25,"[0.38660465276603295, 0.5871767558758164]",1,-1
15195,[0.41298367 0.55722404],15,25,"[0.38660465276603295, 0.5871767558758164]",1,-1
15196,[0.52344031 0.54640577],15,2,"[0.5181425386759565, 0.548951681512668]",1,65
15197,[0.48820829 0.67605053],15,45,"[0.4377614438459196, 0.655911915550708]",1,-1
15198,[0.37826554 0.63967326],15,19,"[0.3585209611110644, 0.671407469606326]",1,-1
15199,[0.34390064 0.52527933],15,13,"[0.32294489274299887, 0.4620611538839558]",1,-1
15200,[0.36690494 0.57885964],15,25,"[0.38660465276603295, 0.5871767558758164]",1,-1
15201,[0.3937649  0.58042585],15,25,"[0.38660465276603295, 0.5871767558758164]",1,-1
15202,[0.40995516 0.58985849],15,25,"[0.38660465276603295, 0.5871767558758164]",1,-1
15203,[0.36474259 0.73256833],15,19,"[0.3585209611110644, 0.671407469606326]",1,-1
15204,[0.47697608 0.72907035],15,47,"[0.4308417820697566, 0.7426361553548808]",1,-1
15205,[0.42433592 0.50419942],15,18,"[0.4203234088660354, 0.508036417947434]",1,-1
15206,[0.48405326 0.57093573],15,2,"[0.5181425386759565, 0.548951681512668]",1,-1
15207,[0.48019847 0.69438688],15,45,"[0.4377614438459196, 0.655911915550708]",1,-1
15208,[0.45070849 0.53694689],15,18,"[0.4203234088660354, 0.508036417947434]",1,-1
15209,[0.33403634 0.62379296],15,44,"[0.30505443145580996, 0.5938366826632161]",1,-1
15210,[0.46180667 0.69188567],15,45,"[0.4377614438459196, 0.655911915550708]",1,-1
15211,[0.48135117 0.6844857 ],15,45,"[0.4377614438459196, 0.655911915550708]",1,-1
15212,[0.47339229 0.70759832],15,47,"[0.4308417820697566, 0.7426361553548808]",1,-1
15213,[0.48488517 0.55613044],15,2,"[0.5181425386759565, 0.548951681512668]",1,-1
15214,[0.37192735 0.71329088],15,19,"[0.3585209611110644, 0.671407469606326]",1,-1
15215,[0.41913281 0.58357412],15,25,"[0.38660465276603295, 0.5871767558758164]",1,-1
15216,[0.38554945 0.6648535 ],15,19,"[0.3585209611110644, 0.671407469606326]",1,-1
15217,[0.37553795 0.61745331],15,25,"[0.38660465276603295, 0.5871767558758164]",1,-1
15218,[0.48897827 0.60372202],15,5,"[0.47989515498241786, 0.6212764114798471]",1,67
15219,[0.4280049  0.61143071],15,45,"[0.4377614438459196, 0.655911915550708]",1,-1
15220,[0.55398411 0.55884973],15,2,"[0.5181425386759565, 0.548951681512668]",1,-1
15221,[0.39432305 0.57976776],15,25,"[0.38660465276603295, 0.5871767558758164]",1,-1
15222,[0.36637953 0.59620886],15,25,"[0.38660465276603295, 0.5871767558758164]",1,-1
15223,[0.38185748 0.59501497],15,25,"[0.38660465276603295, 0.5871767558758164]",1,-1
15224,[0.46349322 0.61212157],15,5,"[0.47989515498241786, 0.6212764114798471]",1,-1
15225,[0.46057622 0.67984654],15,45,"[0.4377614438459196, 0.655911915550708]",1,-1
15226,[0.39525191 0.60673593],15,25,"[0.38660465276603295, 0.5871767558758164]",1,51
15227,[0.46085451 0.6238818 ],15,5,"[0.47989515498241786, 0.6212764114798471]",1,60
15228,[0.49318481 0.63336547],15,5,"[0.47989515498241786, 0.6212764114798471]",1,-1
15229,[0.44213396 0.59365418],15,5,"[0.47989515498241786, 0.6212764114798471]",1,-1
15230,[0.37981714 0.56095382],15,25,"[0.38660465276603295, 0.5871767558758164]",1,-1
15231,[0.46499258 0.64007362],15,5,"[0.47989515498241786, 0.6212764114798471]",1,-1
15232,[0.42717561 0.58549185],15,25,"[0.38660465276603295, 0.5871767558758164]",1,-1
15233,[0.40415373 0.60956823],15,25,"[0.38660465276603295, 0.5871767558758164]",1,-1
15234,[0.35353943 0.58662283],15,25,"[0.38660465276603295, 0.5871767558758164]",1,-1
15235,[0.45416102 0.54942454],15,18,"[0.4203234088660354, 0.508036417947434]",1,-1
15236,[0.41989172 0.59611299],15,25,"[0.38660465276603295, 0.5871767558758164]",1,-1
15237,[0.40592128 0.6309853 ],15,45,"[0.4377614438459196, 0.655911915550708]",1,-1
15238,[0.41874769 0.68548084],15,45,"[0.4377614438459196, 0.655911915550708]",1,-1
15239,[0.40421602 0.60505483],15,25,"[0.38660465276603295, 0.5871767558758164]",1,-1
15240,[0.4250084  0.65633564],15,45,"[0.4377614438459196, 0.655911915550708]",1,-1
15241,[0.39944168 0.60046313],15,25,"[0.38660465276603295, 0.5871767558758164]",1,51
15242,[0.47655419 0.603406  ],15,5,"[0.47989515498241786, 0.6212764114798471]",1,-1
15243,[0.37752536 0.66099437],15,19,"[0.3585209611110644, 0.671407469606326]",1,-1
15244,[0.39294508 0.7027478 ],15,19,"[0.3585209611110644, 0.671407469606326]",1,-1
15245,[0.45989359 0.60569397],15,5,"[0.47989515498241786, 0.6212764114798471]",1,-1
15246,[0.44314284 0.71549903],15,47,"[0.4308417820697566, 0.7426361553548808]",1,-1
15247,[0.38311451 0.55276622],15,25,"[0.38660465276603295, 0.5871767558758164]",1,-1
15248,[0.39599258 0.58902455],15,25,"[0.38660465276603295, 0.5871767558758164]",1,-1
15249,[0.44218382 0.65031147],15,45,"[0.4377614438459196, 0.655911915550708]",1,-1
15250,[0.493074   0.61201429],15,5,"[0.47989515498241786, 0.6212764114798471]",1,-1
15251,[0.42800015 0.55391093],15,18,"[0.4203234088660354, 0.508036417947434]",1,-1
15252,[0.46081499 0.58220282],15,5,"[0.47989515498241786, 0.6212764114798471]",1,-1
15253,[0.40045062 0.67240511],15,45,"[0.4377614438459196, 0.655911915550708]",1,-1
15254,[0.40467362 0.61005294],15,25,"[0.38660465276603295, 0.5871767558758164]",1,-1
15255,[0.47582943 0.5922988 ],15,5,"[0.47989515498241786, 0.6212764114798471]",1,-1
15256,[0.49765208 0.65932639],15,5,"[0.47989515498241786, 0.6212764114798471]",1,-1
15257,[0.4512786  0.65499865],15,45,"[0.4377614438459196, 0.655911915550708]",1,-1
15258,[0.48391119 0.6829895 ],15,45,"[0.4377614438459196, 0.655911915550708]",1,-1
15259,[0.33415948 0.70901508],15,19,"[0.3585209611110644, 0.671407469606326]",1,-1
15260,[0.4211026  0.64020721],15,45,"[0.4377614438459196, 0.655911915550708]",1,-1
15261,[0.49412699 0.65148328],15,5,"[0.47989515498241786, 0.6212764114798471]",1,36
15262,[0.43104628 0.58172915],15,25,"[0.38660465276603295, 0.5871767558758164]",1,60
15263,[0.36408856 0.66887505],15,19,"[0.3585209611110644, 0.671407469606326]",1,9
15264,[0.33702393 0.63018756],15,19,"[0.3585209611110644, 0.671407469606326]",1,9
15265,[0.48903182 0.71907812],15,47,"[0.4308417820697566, 0.7426361553548808]",1,-1
15266,[0.4385628  0.64388634],15,45,"[0.4377614438459196, 0.655911915550708]",1,-1
15267,[0.41348374 0.59444375],15,25,"[0.38660465276603295, 0.5871767558758164]",1,-1
15268,[0.45009851 0.61299287],15,5,"[0.47989515498241786, 0.6212764114798471]",1,60
15269,[0.37543104 0.67815584],15,19,"[0.3585209611110644, 0.671407469606326]",1,-1
15270,[0.37910176 0.57708078],15,25,"[0.38660465276603295, 0.5871767558758164]",1,-1
15271,[0.46407776 0.64448272],15,5,"[0.47989515498241786, 0.6212764114798471]",1,-1
15272,[0.4348175  0.66786083],15,45,"[0.4377614438459196, 0.655911915550708]",1,-1
15273,[0.36923005 0.58186029],15,25,"[0.38660465276603295, 0.5871767558758164]",1,-1
15274,[0.39896506 0.6616966 ],15,45,"[0.4377614438459196, 0.655911915550708]",1,-1
15275,[0.47178062 0.70228668],15,47,"[0.4308417820697566, 0.7426361553548808]",1,-1
15276,[0.45896047 0.59337454],15,5,"[0.47989515498241786, 0.6212764114798471]",1,-1
15277,[0.45448513 0.58301365],15,5,"[0.47989515498241786, 0.6212764114798471]",1,-1
15278,[0.39972957 0.60647307],15,25,"[0.38660465276603295, 0.5871767558758164]",1,51
15279,[0.42234179 0.63831636],15,45,"[0.4377614438459196, 0.655911915550708]",1,-1
15280,[0.3884308  0.62825075],15,25,"[0.38660465276603295, 0.5871767558758164]",1,46
15281,[0.37426871 0.70453928],15,19,"[0.3585209611110644, 0.671407469606326]",1,-1
15282,[0.42536971 0.60468705],15,25,"[0.38660465276603295, 0.5871767558758164]",1,-1
15283,[0.50017514 0.59106713],15,5,"[0.47989515498241786, 0.6212764114798471]",1,-1
15284,[0.44523413 0.61039862],15,5,"[0.47989515498241786, 0.6212764114798471]",1,60
15285,[0.46569353 0.56066672],15,2,"[0.5181425386759565, 0.548951681512668]",1,-1
15286,[0.54861826 0.74044992],15,41,"[0.5613949929729852, 0.701115936473092]",1,-1
15287,[0.41303661 0.52778761],15,18,"[0.4203234088660354, 0.508036417947434]",1,-1
15288,[0.42642898 0.60888839],15,25,"[0.38660465276603295, 0.5871767558758164]",1,-1
15289,[0.36689821 0.51982373],15,18,"[0.4203234088660354, 0.508036417947434]",1,-1
15290,[0.45924639 0.59512232],15,5,"[0.47989515498241786, 0.6212764114798471]",1,-1
15291,[0.42151513 0.61109816],15,25,"[0.38660465276603295, 0.5871767558758164]",1,-1
15292,[0.44410866 0.5757308 ],15,5,"[0.47989515498241786, 0.6212764114798471]",1,-1
15293,[0.28090216 0.6419445 ],15,8,"[0.26852263019242567, 0.6890353589332484]",1,-1
15294,[0.48689587 0.67341043],15,45,"[0.4377614438459196, 0.655911915550708]",1,-1
15295,[0.45632879 0.59284346],15,5,"[0.47989515498241786, 0.6212764114798471]",1,-1
15296,[0.48455081 0.61137739],15,5,"[0.47989515498241786, 0.6212764114798471]",1,-1
15297,[0.50319663 0.61026168],15,5,"[0.47989515498241786, 0.6212764114798471]",1,-1
15298,[0.3979542  0.67490949],15,19,"[0.3585209611110644, 0.671407469606326]",1,-1
15299,[0.43954066 0.4842624 ],15,18,"[0.4203234088660354, 0.508036417947434]",1,-1
15300,[0.52770449 0.6528241 ],15,5,"[0.47989515498241786, 0.6212764114798471]",1,-1
15301,[0.4929946  0.58648142],15,5,"[0.47989515498241786, 0.6212764114798471]",1,-1
15302,[0.47170136 0.56580813],15,2,"[0.5181425386759565, 0.548951681512668]",1,-1
15303,[0.45209968 0.63718392],15,45,"[0.4377614438459196, 0.655911915550708]",1,60
15304,[0.50306722 0.5399204 ],15,2,"[0.5181425386759565, 0.548951681512668]",1,-1
15305,[0.43522652 0.55061067],15,18,"[0.4203234088660354, 0.508036417947434]",1,-1
15306,[0.45993993 0.64784537],15,45,"[0.4377614438459196, 0.655911915550708]",1,-1
15307,[0.44628364 0.68595171],15,45,"[0.4377614438459196, 0.655911915550708]",1,-1
15308,[0.48157335 0.5864386 ],15,5,"[0.47989515498241786, 0.6212764114798471]",1,-1
15309,[0.32964942 0.59393316],15,44,"[0.30505443145580996, 0.5938366826632161]",1,-1
15310,[0.47993278 0.58273797],15,5,"[0.47989515498241786, 0.6212764114798471]",1,-1
15311,[0.45327063 0.62905607],15,5,"[0.47989515498241786, 0.6212764114798471]",1,-1
15312,[0.34774257 0.61805447],15,44,"[0.30505443145580996, 0.5938366826632161]",1,-1
15313,[0.48962628 0.66648395],15,5,"[0.47989515498241786, 0.6212764114798471]",1,-1
15314,[0.45862328 0.70295618],15,47,"[0.4308417820697566, 0.7426361553548808]",1,-1
15315,[0.41687205 0.61192933],15,25,"[0.38660465276603295, 0.5871767558758164]",1,-1
15316,[0.41970261 0.57535416],15,25,"[0.38660465276603295, 0.5871767558758164]",1,-1
15317,[0.53002198 0.60952079],15,5,"[0.47989515498241786, 0.6212764114798471]",1,-1
15318,[0.46650474 0.59134274],15,5,"[0.47989515498241786, 0.6212764114798471]",1,-1
15319,[0.44005612 0.52354478],15,18,"[0.4203234088660354, 0.508036417947434]",1,-1
15320,[0.46516579 0.59709737],15,5,"[0.47989515498241786, 0.6212764114798471]",1,-1
15321,[0.41854015 0.53386411],15,18,"[0.4203234088660354, 0.508036417947434]",1,-1
15322,[0.45267821 0.62126745],15,5,"[0.47989515498241786, 0.6212764114798471]",1,60
15323,[0.43429536 0.6213481 ],15,45,"[0.4377614438459196, 0.655911915550708]",1,-1
15324,[0.5128328  0.56316777],15,2,"[0.5181425386759565, 0.548951681512668]",1,-1
15325,[0.41723773 0.64287706],15,45,"[0.4377614438459196, 0.655911915550708]",1,-1
15326,[0.43172937 0.6738252 ],15,45,"[0.4377614438459196, 0.655911915550708]",1,-1
15327,[0.40895034 0.70297035],15,47,"[0.4308417820697566, 0.7426361553548808]",1,-1
15328,[0.3947177  0.54227009],15,18,"[0.4203234088660354, 0.508036417947434]",1,-1
15329,[0.38280326 0.64613522],15,19,"[0.3585209611110644, 0.671407469606326]",1,-1
15330,[0.49366417 0.62098105],15,5,"[0.47989515498241786, 0.6212764114798471]",1,-1
15331,[0.53935285 0.57007091],15,2,"[0.5181425386759565, 0.548951681512668]",1,65
15332,[0.48860544 0.57464792],15,2,"[0.5181425386759565, 0.548951681512668]",1,-1
15333,[0.40044564 0.61834324],15,25,"[0.38660465276603295, 0.5871767558758164]",1,-1
15334,[0.45381165 0.60489948],15,5,"[0.47989515498241786, 0.6212764114798471]",1,-1
15335,[0.43020426 0.6885796 ],15,45,"[0.4377614438459196, 0.655911915550708]",1,-1
15336,[0.36125116 0.49038143],15,13,"[0.32294489274299887, 0.4620611538839558]",1,-1
15337,[0.39463276 0.60159629],15,25,"[0.38660465276603295, 0.5871767558758164]",1,-1
15338,[0.44021162 0.64271494],15,45,"[0.4377614438459196, 0.655911915550708]",1,-1
15339,[0.45647802 0.63169376],15,5,"[0.47989515498241786, 0.6212764114798471]",1,60
15340,[0.42979965 0.62607065],15,45,"[0.4377614438459196, 0.655911915550708]",1,-1
15341,[0.47352225 0.62268727],15,5,"[0.47989515498241786, 0.6212764114798471]",1,60
15342,[0.36105339 0.6242426 ],15,25,"[0.38660465276603295, 0.5871767558758164]",1,-1
15343,[0.31429307 0.58762449],15,44,"[0.30505443145580996, 0.5938366826632161]",1,-1
15344,[0.4289432  0.60581898],15,25,"[0.38660465276603295, 0.5871767558758164]",1,-1
15345,[0.44455956 0.66014309],15,45,"[0.4377614438459196, 0.655911915550708]",1,-1
15346,[0.43372801 0.68162023],15,45,"[0.4377614438459196, 0.655911915550708]",1,-1
15347,[0.49469253 0.69014289],15,45,"[0.4377614438459196, 0.655911915550708]",1,-1
15348,[0.3754477  0.61855485],15,25,"[0.38660465276603295, 0.5871767558758164]",1,-1
15349,[0.45439261 0.60756039],15,5,"[0.47989515498241786, 0.6212764114798471]",1,60
15350,[0.38792949 0.62019926],15,25,"[0.38660465276603295, 0.5871767558758164]",1,-1
15351,[0.41052752 0.65764351],15,45,"[0.4377614438459196, 0.655911915550708]",1,-1
15352,[0.36765005 0.67060731],15,19,"[0.3585209611110644, 0.671407469606326]",1,-1
15353,[0.4411258  0.64074019],15,45,"[0.4377614438459196, 0.655911915550708]",1,-1
15354,[0.34755677 0.6923892 ],15,19,"[0.3585209611110644, 0.671407469606326]",1,-1
15355,[0.42048017 0.56705361],15,25,"[0.38660465276603295, 0.5871767558758164]",1,-1
15356,[0.38910826 0.58325162],15,25,"[0.38660465276603295, 0.5871767558758164]",1,-1
15357,[0.48871239 0.65673159],15,5,"[0.47989515498241786, 0.6212764114798471]",1,-1
15358,[0.4684285  0.75419937],15,47,"[0.4308417820697566, 0.7426361553548808]",1,-1
15359,[0.42213104 0.61432058],15,45,"[0.4377614438459196, 0.655911915550708]",1,-1
15360,[0.3717423  0.55956644],15,25,"[0.38660465276603295, 0.5871767558758164]",1,-1
15361,[0.4481366  0.61558314],15,5,"[0.47989515498241786, 0.6212764114798471]",1,60
15362,[0.37635641 0.64993976],15,19,"[0.3585209611110644, 0.671407469606326]",1,-1
15363,[0.42836271 0.69000571],15,45,"[0.4377614438459196, 0.655911915550708]",1,-1
15364,[0.30708128 0.619207  ],15,44,"[0.30505443145580996, 0.5938366826632161]",1,-1
15365,[0.40211353 0.66021694],15,45,"[0.4377614438459196, 0.655911915550708]",1,-1
15366,[0.44457976 0.64770453],15,45,"[0.4377614438459196, 0.655911915550708]",1,-1
15367,[0.33113169 0.70245622],15,19,"[0.3585209611110644, 0.671407469606326]",1,-1
15368,[0.50783965 0.60065127],15,5,"[0.47989515498241786, 0.6212764114798471]",1,-1
15369,[0.4055772  0.69423628],15,45,"[0.4377614438459196, 0.655911915550708]",1,-1
15370,[0.43644732 0.66943828],15,45,"[0.4377614438459196, 0.655911915550708]",1,-1
15371,[0.57170933 0.59071648],15,9,"[0.5945682323783136, 0.6193254997600653]",1,68
15372,[0.45786097 0.67927441],15,45,"[0.4377614438459196, 0.655911915550708]",1,-1
15373,[0.4865022  0.67198157],15,5,"[0.47989515498241786, 0.6212764114798471]",1,-1
15374,[0.54132373 0.66939338],15,41,"[0.5613949929729852, 0.701115936473092]",1,-1
15375,[0.49691163 0.59383228],15,5,"[0.47989515498241786, 0.6212764114798471]",1,-1
15376,[0.41511568 0.59282427],15,25,"[0.38660465276603295, 0.5871767558758164]",1,-1
15377,[0.3959951  0.64063575],15,45,"[0.4377614438459196, 0.655911915550708]",1,46
15378,[0.41063837 0.66105064],15,45,"[0.4377614438459196, 0.655911915550708]",1,-1
15379,[0.46676623 0.54327855],15,2,"[0.5181425386759565, 0.548951681512668]",1,-1
15380,[0.43799808 0.59761308],15,5,"[0.47989515498241786, 0.6212764114798471]",1,-1
15381,[0.39485472 0.67351476],15,19,"[0.3585209611110644, 0.671407469606326]",1,-1
15382,[0.42250338 0.60301032],15,25,"[0.38660465276603295, 0.5871767558758164]",1,-1
15383,[0.42617363 0.59864934],15,25,"[0.38660465276603295, 0.5871767558758164]",1,-1
15384,[0.43876479 0.62621535],15,45,"[0.4377614438459196, 0.655911915550708]",1,-1
15385,[0.44296897 0.6167869 ],15,5,"[0.47989515498241786, 0.6212764114798471]",1,-1
15386,[0.35359869 0.62090197],15,25,"[0.38660465276603295, 0.5871767558758164]",1,-1
15387,[0.48132642 0.60367269],15,5,"[0.47989515498241786, 0.6212764114798471]",1,-1
15388,[0.485465   0.60305463],15,5,"[0.47989515498241786, 0.6212764114798471]",1,-1
15389,[0.50087328 0.57731822],15,2,"[0.5181425386759565, 0.548951681512668]",1,75
15390,[0.39594753 0.55496383],15,25,"[0.38660465276603295, 0.5871767558758164]",1,-1
15391,[0.48400712 0.62966414],15,5,"[0.47989515498241786, 0.6212764114798471]",1,-1
15392,[0.46361966 0.64074517],15,5,"[0.47989515498241786, 0.6212764114798471]",1,-1
15393,[0.38205438 0.55544006],15,25,"[0.38660465276603295, 0.5871767558758164]",1,-1
15394,[0.51431526 0.59095006],15,2,"[0.5181425386759565, 0.548951681512668]",1,74
15395,[0.40664956 0.64917852],15,45,"[0.4377614438459196, 0.655911915550708]",1,46
15396,[0.52634171 0.64163983],15,5,"[0.47989515498241786, 0.6212764114798471]",1,-1
15397,[0.43589967 0.63159909],15,45,"[0.4377614438459196, 0.655911915550708]",1,60
15398,[0.34796588 0.68423475],15,19,"[0.3585209611110644, 0.671407469606326]",1,-1
15399,[0.40321887 0.69208477],15,19,"[0.3585209611110644, 0.671407469606326]",1,-1
15400,[0.37820964 0.60469789],15,25,"[0.38660465276603295, 0.5871767558758164]",1,-1
15401,[0.51854565 0.65413127],15,5,"[0.47989515498241786, 0.6212764114798471]",1,-1
15402,[0.46580411 0.66749522],15,45,"[0.4377614438459196, 0.655911915550708]",1,37
15403,[0.41611719 0.60016407],15,25,"[0.38660465276603295, 0.5871767558758164]",1,-1
15404,[0.38606051 0.59351613],15,25,"[0.38660465276603295, 0.5871767558758164]",1,-1
15405,[0.50383019 0.58541131],15,2,"[0.5181425386759565, 0.548951681512668]",1,-1
15406,[0.54492312 0.58431756],15,2,"[0.5181425386759565, 0.548951681512668]",1,-1
15407,[0.42123595 0.60092459],15,25,"[0.38660465276603295, 0.5871767558758164]",1,-1
15408,[0.49326662 0.58494282],15,5,"[0.47989515498241786, 0.6212764114798471]",1,-1
15409,[0.46803451 0.62469961],15,5,"[0.47989515498241786, 0.6212764114798471]",1,-1
15410,[0.42000262 0.64622985],15,45,"[0.4377614438459196, 0.655911915550708]",1,46
15411,[0.51332147 0.59564465],15,5,"[0.47989515498241786, 0.6212764114798471]",1,-1
15412,[0.40758051 0.64553058],15,45,"[0.4377614438459196, 0.655911915550708]",1,46
15413,[0.38229745 0.61838005],15,25,"[0.38660465276603295, 0.5871767558758164]",1,-1
15414,[0.45832493 0.67944044],15,45,"[0.4377614438459196, 0.655911915550708]",1,-1
15415,[0.44761152 0.64097746],15,45,"[0.4377614438459196, 0.655911915550708]",1,60
15416,[0.43944179 0.62196337],15,45,"[0.4377614438459196, 0.655911915550708]",1,-1
15417,[0.39390033 0.60054928],15,25,"[0.38660465276603295, 0.5871767558758164]",1,-1
15418,[0.3708405  0.63477318],15,19,"[0.3585209611110644, 0.671407469606326]",1,-1
15419,[0.48841268 0.65873495],15,5,"[0.47989515498241786, 0.6212764114798471]",1,-1
15420,[0.46635262 0.65815483],15,45,"[0.4377614438459196, 0.655911915550708]",1,-1
15421,[0.44169565 0.67440923],15,45,"[0.4377614438459196, 0.655911915550708]",1,-1
15422,[0.42380727 0.64240739],15,45,"[0.4377614438459196, 0.655911915550708]",1,-1
15423,[0.44669857 0.57387216],15,5,"[0.47989515498241786, 0.6212764114798471]",1,-1
15424,[0.47652972 0.61940038],15,5,"[0.47989515498241786, 0.6212764114798471]",1,60
15425,[0.44050101 0.59824564],15,5,"[0.47989515498241786, 0.6212764114798471]",1,60
15426,[0.47323509 0.59678722],15,5,"[0.47989515498241786, 0.6212764114798471]",1,-1
15427,[0.38725106 0.5673447 ],15,25,"[0.38660465276603295, 0.5871767558758164]",1,-1
15428,[0.43258564 0.59347599],15,25,"[0.38660465276603295, 0.5871767558758164]",1,-1
15429,[0.48646228 0.70736785],15,47,"[0.4308417820697566, 0.7426361553548808]",1,-1
15430,[0.43915989 0.6368132 ],15,45,"[0.4377614438459196, 0.655911915550708]",1,60
15431,[0.41705081 0.57090017],15,25,"[0.38660465276603295, 0.5871767558758164]",1,-1
15432,[0.42544664 0.57959809],15,25,"[0.38660465276603295, 0.5871767558758164]",1,-1
15433,[0.39796417 0.53944516],15,18,"[0.4203234088660354, 0.508036417947434]",1,-1
15434,[0.43876264 0.67212936],15,45,"[0.4377614438459196, 0.655911915550708]",1,-1
15435,[0.44001584 0.63504425],15,45,"[0.4377614438459196, 0.655911915550708]",1,60
15436,[0.41770781 0.63687739],15,45,"[0.4377614438459196, 0.655911915550708]",1,-1
15437,[0.37800782 0.58293157],15,25,"[0.38660465276603295, 0.5871767558758164]",1,-1
15438,[0.30256136 0.58470976],15,44,"[0.30505443145580996, 0.5938366826632161]",1,-1
15439,[0.41378819 0.5718354 ],15,25,"[0.38660465276603295, 0.5871767558758164]",1,-1
15440,[0.40165836 0.6708828 ],15,45,"[0.4377614438459196, 0.655911915550708]",1,-1
15441,[0.47316319 0.60324409],15,5,"[0.47989515498241786, 0.6212764114798471]",1,-1
15442,[0.46210087 0.64156585],15,5,"[0.47989515498241786, 0.6212764114798471]",1,60
15443,[0.40222959 0.57324858],15,25,"[0.38660465276603295, 0.5871767558758164]",1,-1
15444,[0.43028909 0.55984105],15,25,"[0.38660465276603295, 0.5871767558758164]",1,-1
15445,[0.52841142 0.6113489 ],15,5,"[0.47989515498241786, 0.6212764114798471]",1,-1
15446,[0.45253434 0.63133931],15,45,"[0.4377614438459196, 0.655911915550708]",1,-1
15447,[0.47283821 0.68178906],15,45,"[0.4377614438459196, 0.655911915550708]",1,-1
15448,[0.45396442 0.58951423],15,5,"[0.47989515498241786, 0.6212764114798471]",1,-1
15449,[0.4326509  0.63569026],15,45,"[0.4377614438459196, 0.655911915550708]",1,-1
15450,[0.3821939  0.67688926],15,19,"[0.3585209611110644, 0.671407469606326]",1,-1
15451,[0.36016715 0.60281051],15,25,"[0.38660465276603295, 0.5871767558758164]",1,-1
15452,[0.51744458 0.56414371],15,2,"[0.5181425386759565, 0.548951681512668]",1,-1
15453,[0.44950985 0.54900097],15,18,"[0.4203234088660354, 0.508036417947434]",1,-1
15454,[0.52482783 0.5503876 ],15,2,"[0.5181425386759565, 0.548951681512668]",1,65
15455,[0.42974215 0.60683063],15,25,"[0.38660465276603295, 0.5871767558758164]",1,-1
15456,[0.34759699 0.56518925],15,25,"[0.38660465276603295, 0.5871767558758164]",1,-1
15457,[0.40128209 0.63954818],15,45,"[0.4377614438459196, 0.655911915550708]",1,46
15458,[0.494743   0.60235793],15,5,"[0.47989515498241786, 0.6212764114798471]",1,67
15459,[0.56972061 0.6136527 ],15,9,"[0.5945682323783136, 0.6193254997600653]",1,-1
15460,[0.48175589 0.60200697],15,5,"[0.47989515498241786, 0.6212764114798471]",1,-1
15461,[0.48965674 0.59745943],15,5,"[0.47989515498241786, 0.6212764114798471]",1,-1
15462,[0.34873519 0.6527055 ],15,19,"[0.3585209611110644, 0.671407469606326]",1,9
15463,[0.38103688 0.66781907],15,19,"[0.3585209611110644, 0.671407469606326]",1,-1
15464,[0.54532944 0.6855061 ],15,41,"[0.5613949929729852, 0.701115936473092]",1,-1
15465,[0.35324692 0.71593735],15,19,"[0.3585209611110644, 0.671407469606326]",1,-1
15466,[0.48021698 0.62016445],15,5,"[0.47989515498241786, 0.6212764114798471]",1,-1
15467,[0.40469804 0.64413875],15,45,"[0.4377614438459196, 0.655911915550708]",1,46
15468,[0.46320342 0.54543707],15,2,"[0.5181425386759565, 0.548951681512668]",1,-1
15469,[0.38540577 0.62803819],15,25,"[0.38660465276603295, 0.5871767558758164]",1,-1
15470,[0.46541127 0.64726912],15,45,"[0.4377614438459196, 0.655911915550708]",1,-1
15471,[0.40887101 0.6548425 ],15,45,"[0.4377614438459196, 0.655911915550708]",1,-1
15472,[0.47564016 0.68207367],15,45,"[0.4377614438459196, 0.655911915550708]",1,-1
15473,[0.44015788 0.72461473],15,47,"[0.4308417820697566, 0.7426361553548808]",1,-1
15474,[0.39200952 0.63783036],15,19,"[0.3585209611110644, 0.671407469606326]",1,46
15475,[0.41706061 0.60223425],15,25,"[0.38660465276603295, 0.5871767558758164]",1,-1
15476,[0.45532387 0.62830922],15,5,"[0.47989515498241786, 0.6212764114798471]",1,60
15477,[0.49485558 0.69319734],15,41,"[0.5613949929729852, 0.701115936473092]",1,-1
15478,[0.46745123 0.61270787],15,5,"[0.47989515498241786, 0.6212764114798471]",1,-1
15479,[0.47119881 0.61502028],15,5,"[0.47989515498241786, 0.6212764114798471]",1,-1
15480,[0.38805517 0.70877938],15,19,"[0.3585209611110644, 0.671407469606326]",1,-1
15481,[0.39123236 0.73670643],15,47,"[0.4308417820697566, 0.7426361553548808]",1,-1
15482,[0.49967108 0.64624609],15,5,"[0.47989515498241786, 0.6212764114798471]",1,-1
15483,[0.4638516  0.65581773],15,45,"[0.4377614438459196, 0.655911915550708]",1,-1
15484,[0.38519675 0.7010219 ],15,19,"[0.3585209611110644, 0.671407469606326]",1,-1
15485,[0.41829493 0.57594237],15,25,"[0.38660465276603295, 0.5871767558758164]",1,-1
15486,[0.48663353 0.6968655 ],15,45,"[0.4377614438459196, 0.655911915550708]",1,-1
15487,[0.40174383 0.67252255],15,45,"[0.4377614438459196, 0.655911915550708]",1,-1
15488,[0.43238714 0.6370105 ],15,45,"[0.4377614438459196, 0.655911915550708]",1,-1
15489,[0.40969059 0.6499539 ],15,45,"[0.4377614438459196, 0.655911915550708]",1,46
15490,[0.38213491 0.58384292],15,25,"[0.38660465276603295, 0.5871767558758164]",1,-1
15491,[0.44977233 0.60604703],15,5,"[0.47989515498241786, 0.6212764114798471]",1,60
15492,[0.43683763 0.68473535],15,45,"[0.4377614438459196, 0.655911915550708]",1,-1
15493,[0.37739947 0.64700839],15,19,"[0.3585209611110644, 0.671407469606326]",1,-1
15494,[0.48833378 0.67117034],15,5,"[0.47989515498241786, 0.6212764114798471]",1,-1
15495,[0.54932725 0.73980098],15,41,"[0.5613949929729852, 0.701115936473092]",1,-1
15496,[0.44421832 0.66850139],15,45,"[0.4377614438459196, 0.655911915550708]",1,-1
15497,[0.47915456 0.64724134],15,5,"[0.47989515498241786, 0.6212764114798471]",1,36
15498,[0.37894594 0.57775334],15,25,"[0.38660465276603295, 0.5871767558758164]",1,-1
15499,[0.37926096 0.71192102],15,19,"[0.3585209611110644, 0.671407469606326]",1,-1
15500,[0.61457915 0.69484582],15,41,"[0.5613949929729852, 0.701115936473092]",1,-1
15501,[0.35358425 0.63795816],15,19,"[0.3585209611110644, 0.671407469606326]",1,-1
15502,[0.48302678 0.63236901],15,5,"[0.47989515498241786, 0.6212764114798471]",1,-1
15503,[0.41881609 0.61160624],15,25,"[0.38660465276603295, 0.5871767558758164]",1,-1
15504,[0.39349845 0.63846684],15,45,"[0.4377614438459196, 0.655911915550708]",1,46
15505,[0.39299383 0.6875195 ],15,19,"[0.3585209611110644, 0.671407469606326]",1,-1
15506,[0.51536393 0.66542042],15,5,"[0.47989515498241786, 0.6212764114798471]",1,-1
15507,[0.46069492 0.67894918],15,45,"[0.4377614438459196, 0.655911915550708]",1,-1
15508,[0.41310923 0.6689377 ],15,45,"[0.4377614438459196, 0.655911915550708]",1,-1
15509,[0.37915365 0.61705243],15,25,"[0.38660465276603295, 0.5871767558758164]",1,-1
15510,[0.42308499 0.66507881],15,45,"[0.4377614438459196, 0.655911915550708]",1,-1
15511,[0.36841195 0.64808934],15,19,"[0.3585209611110644, 0.671407469606326]",1,-1
15512,[0.42346493 0.65235991],15,45,"[0.4377614438459196, 0.655911915550708]",1,-1
15513,[0.48039044 0.64751733],15,5,"[0.47989515498241786, 0.6212764114798471]",1,36
15514,[0.44727051 0.6676551 ],15,45,"[0.4377614438459196, 0.655911915550708]",1,-1
15515,[0.40528498 0.68313903],15,45,"[0.4377614438459196, 0.655911915550708]",1,-1
15516,[0.46095644 0.57885109],15,5,"[0.47989515498241786, 0.6212764114798471]",1,-1
15517,[0.43965765 0.67231867],15,45,"[0.4377614438459196, 0.655911915550708]",1,-1
15518,[0.50645603 0.60935583],15,5,"[0.47989515498241786, 0.6212764114798471]",1,-1
15519,[0.39186615 0.59081328],15,25,"[0.38660465276603295, 0.5871767558758164]",1,-1
15520,[0.42067426 0.59993846],15,25,"[0.38660465276603295, 0.5871767558758164]",1,-1
15521,[0.53515606 0.67515088],15,41,"[0.5613949929729852, 0.701115936473092]",1,-1
15522,[0.31347023 0.53627465],15,44,"[0.30505443145580996, 0.5938366826632161]",1,-1
15523,[0.45734067 0.57986983],15,5,"[0.47989515498241786, 0.6212764114798471]",1,-1
15524,[0.39126989 0.59567951],15,25,"[0.38660465276603295, 0.5871767558758164]",1,-1
15525,[0.45728747 0.688152  ],15,45,"[0.4377614438459196, 0.655911915550708]",1,-1
15526,[0.53215452 0.67786908],15,41,"[0.5613949929729852, 0.701115936473092]",1,-1
15527,[0.40097642 0.650038  ],15,45,"[0.4377614438459196, 0.655911915550708]",1,-1
15528,[0.42612611 0.67517674],15,45,"[0.4377614438459196, 0.655911915550708]",1,-1
15529,[0.48698496 0.62014554],15,5,"[0.47989515498241786, 0.6212764114798471]",1,-1
15530,[0.47417591 0.4788287 ],15,35,"[0.491626887866141, 0.45015531396212327]",1,-1
15531,[0.45861593 0.55775992],15,2,"[0.5181425386759565, 0.548951681512668]",1,-1
15532,[0.38949114 0.6560284 ],15,19,"[0.3585209611110644, 0.671407469606326]",1,-1
15533,[0.48653868 0.65609924],15,5,"[0.47989515498241786, 0.6212764114798471]",1,36
15534,[0.41304686 0.53635459],15,18,"[0.4203234088660354, 0.508036417947434]",1,-1
15535,[0.45853635 0.61844949],15,5,"[0.47989515498241786, 0.6212764114798471]",1,60
15536,[0.53057757 0.54568735],15,2,"[0.5181425386759565, 0.548951681512668]",1,-1
15537,[0.40509625 0.66116079],15,45,"[0.4377614438459196, 0.655911915550708]",1,-1
15538,[0.47459063 0.61015417],15,5,"[0.47989515498241786, 0.6212764114798471]",1,-1
15539,[0.48423664 0.60840391],15,5,"[0.47989515498241786, 0.6212764114798471]",1,-1
15540,[0.47625926 0.60443045],15,5,"[0.47989515498241786, 0.6212764114798471]",1,-1
15541,[0.46202313 0.68461866],15,45,"[0.4377614438459196, 0.655911915550708]",1,-1
15542,[0.42051516 0.57768802],15,25,"[0.38660465276603295, 0.5871767558758164]",1,-1
15543,[0.39697588 0.5521378 ],15,25,"[0.38660465276603295, 0.5871767558758164]",1,-1
15544,[0.48720188 0.63041593],15,5,"[0.47989515498241786, 0.6212764114798471]",1,-1
15545,[0.45096266 0.63963069],15,45,"[0.4377614438459196, 0.655911915550708]",1,60
15546,[0.43281012 0.63776838],15,45,"[0.4377614438459196, 0.655911915550708]",1,60
15547,[0.43350515 0.60480627],15,5,"[0.47989515498241786, 0.6212764114798471]",1,-1
15548,[0.4223038  0.62468873],15,45,"[0.4377614438459196, 0.655911915550708]",1,-1
15549,[0.51446637 0.70559175],15,41,"[0.5613949929729852, 0.701115936473092]",1,-1
15550,[0.45548101 0.57948138],15,5,"[0.47989515498241786, 0.6212764114798471]",1,-1
15551,[0.42502512 0.61709179],15,45,"[0.4377614438459196, 0.655911915550708]",1,-1
15552,[0.4292102  0.57038698],15,25,"[0.38660465276603295, 0.5871767558758164]",1,-1
15553,[0.45854542 0.50681516],15,18,"[0.4203234088660354, 0.508036417947434]",1,-1
15554,[0.42025087 0.70982857],15,47,"[0.4308417820697566, 0.7426361553548808]",1,-1
15555,[0.39802739 0.65395428],15,45,"[0.4377614438459196, 0.655911915550708]",1,-1
15556,[0.47390336 0.62004643],15,5,"[0.47989515498241786, 0.6212764114798471]",1,60
15557,[0.45082815 0.64005369],15,45,"[0.4377614438459196, 0.655911915550708]",1,60
15558,[0.39304712 0.66155606],15,19,"[0.3585209611110644, 0.671407469606326]",1,-1
15559,[0.41032319 0.62977889],15,45,"[0.4377614438459196, 0.655911915550708]",1,-1
15560,[0.43006719 0.59716295],15,25,"[0.38660465276603295, 0.5871767558758164]",1,-1
15561,[0.45521119 0.61817334],15,5,"[0.47989515498241786, 0.6212764114798471]",1,60
15562,[0.4313247  0.62439818],15,45,"[0.4377614438459196, 0.655911915550708]",1,-1
15563,[0.43095097 0.59220739],15,25,"[0.38660465276603295, 0.5871767558758164]",1,-1
15564,[0.40746746 0.63982849],15,45,"[0.4377614438459196, 0.655911915550708]",1,-1
15565,[0.45770042 0.64640359],15,45,"[0.4377614438459196, 0.655911915550708]",1,-1
15566,[0.51527753 0.67117652],15,41,"[0.5613949929729852, 0.701115936473092]",1,-1
15567,[0.373532   0.64742341],15,19,"[0.3585209611110644, 0.671407469606326]",1,-1
15568,[0.41062851 0.57796589],15,25,"[0.38660465276603295, 0.5871767558758164]",1,-1
15569,[0.39374358 0.62710792],15,25,"[0.38660465276603295, 0.5871767558758164]",1,46
15570,[0.4268116  0.61477905],15,45,"[0.4377614438459196, 0.655911915550708]",1,-1
15571,[0.46309052 0.6626217 ],15,45,"[0.4377614438459196, 0.655911915550708]",1,-1
15572,[0.40369834 0.56510335],15,25,"[0.38660465276603295, 0.5871767558758164]",1,-1
15573,[0.42124542 0.69611494],15,45,"[0.4377614438459196, 0.655911915550708]",1,-1
15574,[0.39209957 0.64401633],15,19,"[0.3585209611110644, 0.671407469606326]",1,-1
15575,[0.3843754  0.54664364],15,25,"[0.38660465276603295, 0.5871767558758164]",1,-1
15576,[0.36493696 0.70424002],15,19,"[0.3585209611110644, 0.671407469606326]",1,-1
15577,[0.47474718 0.62963121],15,5,"[0.47989515498241786, 0.6212764114798471]",1,60
15578,[0.39553407 0.63031364],15,25,"[0.38660465276603295, 0.5871767558758164]",1,46
15579,[0.46635294 0.67311048],15,45,"[0.4377614438459196, 0.655911915550708]",1,37
15580,[0.36905087 0.59127524],15,25,"[0.38660465276603295, 0.5871767558758164]",1,-1
15581,[0.34250726 0.63193424],15,19,"[0.3585209611110644, 0.671407469606326]",1,-1
15582,[0.50783099 0.60155212],15,5,"[0.47989515498241786, 0.6212764114798471]",1,-1
15583,[0.40832616 0.6359433 ],15,45,"[0.4377614438459196, 0.655911915550708]",1,-1
15584,[0.39813142 0.66498912],15,19,"[0.3585209611110644, 0.671407469606326]",1,-1
15585,[0.39859203 0.66681274],15,19,"[0.3585209611110644, 0.671407469606326]",1,-1
15586,[0.34695736 0.70820652],15,19,"[0.3585209611110644, 0.671407469606326]",1,-1
15587,[0.39309968 0.59757787],15,25,"[0.38660465276603295, 0.5871767558758164]",1,51
15588,[0.49239451 0.65268084],15,5,"[0.47989515498241786, 0.6212764114798471]",1,36
15589,[0.40412842 0.7133747 ],15,47,"[0.4308417820697566, 0.7426361553548808]",1,-1
15590,[0.42851366 0.64907058],15,45,"[0.4377614438459196, 0.655911915550708]",1,-1
15591,[0.44033941 0.60702079],15,5,"[0.47989515498241786, 0.6212764114798471]",1,-1
15592,[0.46378593 0.51607813],15,18,"[0.4203234088660354, 0.508036417947434]",1,-1
15593,[0.41505095 0.59453659],15,25,"[0.38660465276603295, 0.5871767558758164]",1,-1
15594,[0.47028964 0.66406364],15,45,"[0.4377614438459196, 0.655911915550708]",1,-1
15595,[0.44877059 0.64121136],15,45,"[0.4377614438459196, 0.655911915550708]",1,60
15596,[0.41764766 0.64099394],15,45,"[0.4377614438459196, 0.655911915550708]",1,-1
15597,[0.30438644 0.66645457],15,8,"[0.26852263019242567, 0.6890353589332484]",1,-1
15598,[0.42384275 0.67733442],15,45,"[0.4377614438459196, 0.655911915550708]",1,-1
15599,[0.46323018 0.60117517],15,5,"[0.47989515498241786, 0.6212764114798471]",1,-1
15600,[0.41749091 0.62774394],15,45,"[0.4377614438459196, 0.655911915550708]",1,-1
15601,[0.46308153 0.64799568],15,45,"[0.4377614438459196, 0.655911915550708]",1,-1
15602,[0.4331718 0.6816374],15,45,"[0.4377614438459196, 0.655911915550708]",1,-1
15603,[0.37987826 0.60356941],15,25,"[0.38660465276603295, 0.5871767558758164]",1,-1
15604,[0.47206053 0.59687839],15,5,"[0.47989515498241786, 0.6212764114798471]",1,-1
15605,[0.37187969 0.71376465],15,19,"[0.3585209611110644, 0.671407469606326]",1,-1
15606,[0.41116755 0.57171489],15,25,"[0.38660465276603295, 0.5871767558758164]",1,-1
15607,[0.38899704 0.58265293],15,25,"[0.38660465276603295, 0.5871767558758164]",1,-1
15608,[0.44760253 0.55832546],15,18,"[0.4203234088660354, 0.508036417947434]",1,-1
15609,[0.40214966 0.54601153],15,18,"[0.4203234088660354, 0.508036417947434]",1,-1
15610,[0.40172852 0.5684368 ],15,25,"[0.38660465276603295, 0.5871767558758164]",1,-1
15611,[0.49322698 0.55950927],15,2,"[0.5181425386759565, 0.548951681512668]",1,-1
15612,[0.50271975 0.63310366],15,5,"[0.47989515498241786, 0.6212764114798471]",1,-1
15613,[0.4739348 0.6240597],15,5,"[0.47989515498241786, 0.6212764114798471]",1,-1
15614,[0.5521871  0.62015061],15,9,"[0.5945682323783136, 0.6193254997600653]",1,-1
15615,[0.42244616 0.53292112],15,18,"[0.4203234088660354, 0.508036417947434]",1,-1
15616,[0.46327224 0.6325709 ],15,5,"[0.47989515498241786, 0.6212764114798471]",1,-1
15617,[0.45220722 0.61310546],15,5,"[0.47989515498241786, 0.6212764114798471]",1,60
15618,[0.38456348 0.62442834],15,25,"[0.38660465276603295, 0.5871767558758164]",1,-1
15619,[0.38121912 0.58237226],15,25,"[0.38660465276603295, 0.5871767558758164]",1,-1
15620,[0.43696482 0.55936958],15,18,"[0.4203234088660354, 0.508036417947434]",1,-1
15621,[0.3997933  0.66676419],15,45,"[0.4377614438459196, 0.655911915550708]",1,-1
15622,[0.39216709 0.63148154],15,25,"[0.38660465276603295, 0.5871767558758164]",1,46
15623,[0.48352431 0.67598888],15,45,"[0.4377614438459196, 0.655911915550708]",1,-1
15624,[0.46397455 0.51079938],15,18,"[0.4203234088660354, 0.508036417947434]",1,-1
15625,[0.45532181 0.58301145],15,5,"[0.47989515498241786, 0.6212764114798471]",1,-1
15626,[0.45786835 0.65105564],15,45,"[0.4377614438459196, 0.655911915550708]",1,-1
15627,[0.56595457 0.69712817],15,41,"[0.5613949929729852, 0.701115936473092]",1,-1
15628,[0.40263362 0.58127318],15,25,"[0.38660465276603295, 0.5871767558758164]",1,-1
15629,[0.4386503  0.61328748],15,5,"[0.47989515498241786, 0.6212764114798471]",1,-1
15630,[0.43434334 0.59650816],15,25,"[0.38660465276603295, 0.5871767558758164]",1,-1
15631,[0.45501941 0.59530562],15,5,"[0.47989515498241786, 0.6212764114798471]",1,-1
15632,[0.37022859 0.60448468],15,25,"[0.38660465276603295, 0.5871767558758164]",1,-1
15633,[0.42638606 0.68188194],15,45,"[0.4377614438459196, 0.655911915550708]",1,-1
15634,[0.53061764 0.6808809 ],15,41,"[0.5613949929729852, 0.701115936473092]",1,-1
15635,[0.46206605 0.68023997],15,45,"[0.4377614438459196, 0.655911915550708]",1,-1
15636,[0.43226545 0.58938321],15,25,"[0.38660465276603295, 0.5871767558758164]",1,-1
15637,[0.41610176 0.6708038 ],15,45,"[0.4377614438459196, 0.655911915550708]",1,-1
15638,[0.42711021 0.56889495],15,25,"[0.38660465276603295, 0.5871767558758164]",1,-1
15639,[0.43127938 0.58519044],15,25,"[0.38660465276603295, 0.5871767558758164]",1,60
15640,[0.52659667 0.5543799 ],15,2,"[0.5181425386759565, 0.548951681512668]",1,-1
15641,[0.48105361 0.66716244],15,45,"[0.4377614438459196, 0.655911915550708]",1,-1
15642,[0.47248252 0.62645851],15,5,"[0.47989515498241786, 0.6212764114798471]",1,-1
15643,[0.32711488 0.6248538 ],15,44,"[0.30505443145580996, 0.5938366826632161]",1,-1
15644,[0.45946867 0.65809098],15,45,"[0.4377614438459196, 0.655911915550708]",1,-1
15645,[0.36023443 0.62723136],15,19,"[0.3585209611110644, 0.671407469606326]",1,-1
15646,[0.36937531 0.62816655],15,25,"[0.38660465276603295, 0.5871767558758164]",1,-1
15647,[0.40071217 0.69045347],15,19,"[0.3585209611110644, 0.671407469606326]",1,-1
15648,[0.52938151 0.68208122],15,41,"[0.5613949929729852, 0.701115936473092]",1,-1
15649,[0.4503539  0.57669125],15,5,"[0.47989515498241786, 0.6212764114798471]",1,-1
15650,[0.36644859 0.50241765],15,18,"[0.4203234088660354, 0.508036417947434]",1,-1
15651,[0.48810819 0.62922182],15,5,"[0.47989515498241786, 0.6212764114798471]",1,-1
15652,[0.42411968 0.69062087],15,45,"[0.4377614438459196, 0.655911915550708]",1,-1
15653,[0.39951861 0.64999475],15,45,"[0.4377614438459196, 0.655911915550708]",1,-1
15654,[0.46386392 0.59944576],15,5,"[0.47989515498241786, 0.6212764114798471]",1,-1
15655,[0.49060871 0.59100137],15,5,"[0.47989515498241786, 0.6212764114798471]",1,-1
15656,[0.43683041 0.66745175],15,45,"[0.4377614438459196, 0.655911915550708]",1,-1
15657,[0.33923035 0.59847865],15,44,"[0.30505443145580996, 0.5938366826632161]",1,-1
15658,[0.46925697 0.70791512],15,47,"[0.4308417820697566, 0.7426361553548808]",1,-1
15659,[0.43703121 0.57016042],15,25,"[0.38660465276603295, 0.5871767558758164]",1,-1
15660,[0.3863412  0.59450782],15,25,"[0.38660465276603295, 0.5871767558758164]",1,-1
15661,[0.44930793 0.66089226],15,45,"[0.4377614438459196, 0.655911915550708]",1,-1
15662,[0.44310453 0.62296622],15,45,"[0.4377614438459196, 0.655911915550708]",1,-1
15663,[0.4433744  0.57746589],15,5,"[0.47989515498241786, 0.6212764114798471]",1,-1
15664,[0.44161452 0.71957048],15,47,"[0.4308417820697566, 0.7426361553548808]",1,-1
15665,[0.45390744 0.636292  ],15,45,"[0.4377614438459196, 0.655911915550708]",1,60
15666,[0.40887776 0.60787343],15,25,"[0.38660465276603295, 0.5871767558758164]",1,-1
15667,[0.45749081 0.6465217 ],15,45,"[0.4377614438459196, 0.655911915550708]",1,-1
15668,[0.51286575 0.7249407 ],15,41,"[0.5613949929729852, 0.701115936473092]",1,-1
15669,[0.46242172 0.57343305],15,5,"[0.47989515498241786, 0.6212764114798471]",1,-1
15670,[0.34063532 0.60427605],15,44,"[0.30505443145580996, 0.5938366826632161]",1,-1
15671,[0.43309843 0.591325  ],15,25,"[0.38660465276603295, 0.5871767558758164]",1,-1
15672,[0.45311099 0.63710379],15,45,"[0.4377614438459196, 0.655911915550708]",1,60
15673,[0.43702477 0.54526133],15,18,"[0.4203234088660354, 0.508036417947434]",1,-1
15674,[0.35171267 0.59540348],15,25,"[0.38660465276603295, 0.5871767558758164]",1,-1
15675,[0.46493106 0.65633878],15,45,"[0.4377614438459196, 0.655911915550708]",1,-1
15676,[0.44505224 0.65273004],15,45,"[0.4377614438459196, 0.655911915550708]",1,60
15677,[0.40369963 0.56479834],15,25,"[0.38660465276603295, 0.5871767558758164]",1,-1
15678,[0.44108072 0.71484615],15,47,"[0.4308417820697566, 0.7426361553548808]",1,-1
15679,[0.39825664 0.58782039],15,25,"[0.38660465276603295, 0.5871767558758164]",1,-1
15680,[0.42973164 0.54606313],15,18,"[0.4203234088660354, 0.508036417947434]",1,-1
15681,[0.50826542 0.65997303],15,5,"[0.47989515498241786, 0.6212764114798471]",1,-1
15682,[0.42562922 0.65582378],15,45,"[0.4377614438459196, 0.655911915550708]",1,-1
15683,[0.46547691 0.56681053],15,2,"[0.5181425386759565, 0.548951681512668]",1,-1
15684,[0.40435469 0.63273251],15,45,"[0.4377614438459196, 0.655911915550708]",1,-1
15685,[0.33017297 0.6828    ],15,19,"[0.3585209611110644, 0.671407469606326]",1,-1
15686,[0.42441999 0.61360781],15,45,"[0.4377614438459196, 0.655911915550708]",1,-1
15687,[0.37171222 0.55518615],15,25,"[0.38660465276603295, 0.5871767558758164]",1,-1
15688,[0.49900492 0.62831102],15,5,"[0.47989515498241786, 0.6212764114798471]",1,-1
15689,[0.40554631 0.59261713],15,25,"[0.38660465276603295, 0.5871767558758164]",1,-1
15690,[0.47268973 0.60784873],15,5,"[0.47989515498241786, 0.6212764114798471]",1,-1
15691,[0.44042144 0.61738091],15,45,"[0.4377614438459196, 0.655911915550708]",1,-1
15692,[0.4694952  0.62375924],15,5,"[0.47989515498241786, 0.6212764114798471]",1,-1
15693,[0.51370077 0.61013351],15,5,"[0.47989515498241786, 0.6212764114798471]",1,-1
15694,[0.39324695 0.61080314],15,25,"[0.38660465276603295, 0.5871767558758164]",1,-1
15695,[0.46175215 0.53341152],15,18,"[0.4203234088660354, 0.508036417947434]",1,-1
15696,[0.44477853 0.65763503],15,45,"[0.4377614438459196, 0.655911915550708]",1,-1
15697,[0.37842097 0.59888682],15,25,"[0.38660465276603295, 0.5871767558758164]",1,-1
15698,[0.48752092 0.60345662],15,5,"[0.47989515498241786, 0.6212764114798471]",1,-1
15699,[0.44377484 0.59293914],15,5,"[0.47989515498241786, 0.6212764114798471]",1,-1
15700,[0.41013262 0.64552083],15,45,"[0.4377614438459196, 0.655911915550708]",1,46
15701,[0.45263369 0.71734259],15,47,"[0.4308417820697566, 0.7426361553548808]",1,-1
15702,[0.4945318  0.58283233],15,5,"[0.47989515498241786, 0.6212764114798471]",1,70
15703,[0.44208446 0.56982921],15,25,"[0.38660465276603295, 0.5871767558758164]",1,-1
15704,[0.51335128 0.68389285],15,41,"[0.5613949929729852, 0.701115936473092]",1,-1
15705,[0.45941194 0.64062795],15,45,"[0.4377614438459196, 0.655911915550708]",1,-1
15706,[0.43974451 0.59818422],15,5,"[0.47989515498241786, 0.6212764114798471]",1,60
15707,[0.44142377 0.53067001],15,18,"[0.4203234088660354, 0.508036417947434]",1,-1
15708,[0.49106593 0.55031697],15,2,"[0.5181425386759565, 0.548951681512668]",1,-1
15709,[0.32943775 0.61372186],15,44,"[0.30505443145580996, 0.5938366826632161]",1,-1
15710,[0.44741585 0.68536442],15,45,"[0.4377614438459196, 0.655911915550708]",1,-1
15711,[0.56257599 0.58808922],15,9,"[0.5945682323783136, 0.6193254997600653]",1,-1
15712,[0.40136567 0.63829126],15,45,"[0.4377614438459196, 0.655911915550708]",1,-1
15713,[0.35728155 0.64999755],15,19,"[0.3585209611110644, 0.671407469606326]",1,-1
15714,[0.55144285 0.6551253 ],15,41,"[0.5613949929729852, 0.701115936473092]",1,-1
15715,[0.41307467 0.58634864],15,25,"[0.38660465276603295, 0.5871767558758164]",1,-1
15716,[0.48424862 0.65387769],15,5,"[0.47989515498241786, 0.6212764114798471]",1,-1
15717,[0.50819713 0.71405429],15,41,"[0.5613949929729852, 0.701115936473092]",1,-1
15718,[0.45420148 0.59715177],15,5,"[0.47989515498241786, 0.6212764114798471]",1,-1
15719,[0.51288573 0.64998178],15,5,"[0.47989515498241786, 0.6212764114798471]",1,-1
15720,[0.45124217 0.67067772],15,45,"[0.4377614438459196, 0.655911915550708]",1,37
15721,[0.47090143 0.53107232],15,2,"[0.5181425386759565, 0.548951681512668]",1,-1
15722,[0.44851061 0.54172719],15,18,"[0.4203234088660354, 0.508036417947434]",1,-1
15723,[0.48830222 0.53670364],15,2,"[0.5181425386759565, 0.548951681512668]",1,-1
15724,[0.50385079 0.69654252],15,41,"[0.5613949929729852, 0.701115936473092]",1,-1
15725,[0.38015717 0.64672998],15,19,"[0.3585209611110644, 0.671407469606326]",1,-1
15726,[0.47848257 0.61202747],15,5,"[0.47989515498241786, 0.6212764114798471]",1,-1
15727,[0.44613185 0.70644671],15,47,"[0.4308417820697566, 0.7426361553548808]",1,-1
15728,[0.45181194 0.54205474],15,18,"[0.4203234088660354, 0.508036417947434]",1,-1
15729,[0.45574757 0.5535301 ],15,18,"[0.4203234088660354, 0.508036417947434]",1,-1
15730,[0.39025193 0.65289155],15,19,"[0.3585209611110644, 0.671407469606326]",1,-1
15731,[0.41311898 0.59634571],15,25,"[0.38660465276603295, 0.5871767558758164]",1,-1
15732,[0.39888112 0.67760478],15,19,"[0.3585209611110644, 0.671407469606326]",1,-1
15733,[0.46809706 0.58943783],15,5,"[0.47989515498241786, 0.6212764114798471]",1,-1
15734,[0.43012047 0.6550579 ],15,45,"[0.4377614438459196, 0.655911915550708]",1,-1
15735,[0.5341719  0.63144555],15,5,"[0.47989515498241786, 0.6212764114798471]",1,-1
15736,[0.45672756 0.71452191],15,47,"[0.4308417820697566, 0.7426361553548808]",1,-1
15737,[0.47938865 0.61607595],15,5,"[0.47989515498241786, 0.6212764114798471]",1,-1
15738,[0.45611509 0.58052311],15,5,"[0.47989515498241786, 0.6212764114798471]",1,-1
15739,[0.47510932 0.5840076 ],15,5,"[0.47989515498241786, 0.6212764114798471]",1,70
15740,[0.46902315 0.66615482],15,45,"[0.4377614438459196, 0.655911915550708]",1,37
15741,[0.4088015  0.60380375],15,25,"[0.38660465276603295, 0.5871767558758164]",1,-1
15742,[0.37893762 0.55678669],15,25,"[0.38660465276603295, 0.5871767558758164]",1,-1
15743,[0.41034776 0.65115875],15,45,"[0.4377614438459196, 0.655911915550708]",1,46
15744,[0.50390749 0.6310282 ],15,5,"[0.47989515498241786, 0.6212764114798471]",1,-1
15745,[0.49489999 0.58661188],15,5,"[0.47989515498241786, 0.6212764114798471]",1,-1
15746,[0.55543856 0.70725958],15,41,"[0.5613949929729852, 0.701115936473092]",1,-1
15747,[0.45664512 0.63523153],15,5,"[0.47989515498241786, 0.6212764114798471]",1,60
15748,[0.36675076 0.66155847],15,19,"[0.3585209611110644, 0.671407469606326]",1,-1
15749,[0.3767312 0.6358752],15,19,"[0.3585209611110644, 0.671407469606326]",1,-1
15750,[0.46311223 0.58703543],15,5,"[0.47989515498241786, 0.6212764114798471]",1,-1
15751,[0.35938903 0.63813693],15,19,"[0.3585209611110644, 0.671407469606326]",1,-1
15752,[0.32403844 0.6420084 ],15,19,"[0.3585209611110644, 0.671407469606326]",1,9
15753,[0.48768315 0.6201878 ],15,5,"[0.47989515498241786, 0.6212764114798471]",1,-1
15754,[0.52508008 0.62468111],15,5,"[0.47989515498241786, 0.6212764114798471]",1,-1
15755,[0.44690544 0.65960886],15,45,"[0.4377614438459196, 0.655911915550708]",1,-1
15756,[0.44366647 0.57186067],15,25,"[0.38660465276603295, 0.5871767558758164]",1,-1
15757,[0.39177782 0.53030104],15,18,"[0.4203234088660354, 0.508036417947434]",1,-1
15758,[0.44989248 0.66633026],15,45,"[0.4377614438459196, 0.655911915550708]",1,-1
15759,[0.44732404 0.55537467],15,18,"[0.4203234088660354, 0.508036417947434]",1,-1
15760,[0.45669031 0.6207096 ],15,5,"[0.47989515498241786, 0.6212764114798471]",1,60
15761,[0.32848202 0.61249921],15,44,"[0.30505443145580996, 0.5938366826632161]",1,-1
15762,[0.4298825  0.60796688],15,25,"[0.38660465276603295, 0.5871767558758164]",1,-1
15763,[0.37854317 0.58659813],15,25,"[0.38660465276603295, 0.5871767558758164]",1,-1
15764,[0.46164419 0.590849  ],15,5,"[0.47989515498241786, 0.6212764114798471]",1,-1
15765,[0.41802997 0.70658023],15,47,"[0.4308417820697566, 0.7426361553548808]",1,-1
15766,[0.43724536 0.63711275],15,45,"[0.4377614438459196, 0.655911915550708]",1,60
15767,[0.3759021  0.61634768],15,25,"[0.38660465276603295, 0.5871767558758164]",1,-1
15768,[0.40158591 0.68650733],15,19,"[0.3585209611110644, 0.671407469606326]",1,-1
15769,[0.39790743 0.59218825],15,25,"[0.38660465276603295, 0.5871767558758164]",1,-1
15770,[0.37178292 0.56578201],15,25,"[0.38660465276603295, 0.5871767558758164]",1,-1
15771,[0.46658451 0.66052666],15,45,"[0.4377614438459196, 0.655911915550708]",1,-1
15772,[0.46387109 0.63296787],15,5,"[0.47989515498241786, 0.6212764114798471]",1,-1
15773,[0.5075806  0.59381855],15,5,"[0.47989515498241786, 0.6212764114798471]",1,-1
15774,[0.40682109 0.62792386],15,45,"[0.4377614438459196, 0.655911915550708]",1,-1
15775,[0.48966726 0.65418516],15,5,"[0.47989515498241786, 0.6212764114798471]",1,36
15776,[0.44448873 0.56952327],15,25,"[0.38660465276603295, 0.5871767558758164]",1,-1
15777,[0.37710193 0.65899272],15,19,"[0.3585209611110644, 0.671407469606326]",1,-1
15778,[0.45200497 0.58714754],15,5,"[0.47989515498241786, 0.6212764114798471]",1,-1
15779,[0.56146303 0.62945182],15,9,"[0.5945682323783136, 0.6193254997600653]",1,-1
15780,[0.44542777 0.64380008],15,45,"[0.4377614438459196, 0.655911915550708]",1,60
15781,[0.37163652 0.55733972],15,25,"[0.38660465276603295, 0.5871767558758164]",1,-1
15782,[0.48589701 0.62346563],15,5,"[0.47989515498241786, 0.6212764114798471]",1,-1
15783,[0.4492996  0.71823137],15,47,"[0.4308417820697566, 0.7426361553548808]",1,-1
15784,[0.41436211 0.56395605],15,25,"[0.38660465276603295, 0.5871767558758164]",1,-1
15785,[0.39914796 0.64367655],15,45,"[0.4377614438459196, 0.655911915550708]",1,46
15786,[0.42992955 0.6985125 ],15,45,"[0.4377614438459196, 0.655911915550708]",1,-1
15787,[0.49612454 0.52271408],15,2,"[0.5181425386759565, 0.548951681512668]",1,-1
15788,[0.42920968 0.58315461],15,25,"[0.38660465276603295, 0.5871767558758164]",1,-1
15789,[0.49673573 0.65661605],15,5,"[0.47989515498241786, 0.6212764114798471]",1,-1
15790,[0.44955693 0.61364086],15,5,"[0.47989515498241786, 0.6212764114798471]",1,60
15791,[0.40481672 0.63931078],15,45,"[0.4377614438459196, 0.655911915550708]",1,46
15792,[0.45937391 0.65603998],15,45,"[0.4377614438459196, 0.655911915550708]",1,-1
15793,[0.41885836 0.66900529],15,45,"[0.4377614438459196, 0.655911915550708]",1,-1
15794,[0.46981487 0.61449629],15,5,"[0.47989515498241786, 0.6212764114798471]",1,60
15795,[0.38980749 0.60710435],15,25,"[0.38660465276603295, 0.5871767558758164]",1,-1
15796,[0.42688755 0.586421  ],15,25,"[0.38660465276603295, 0.5871767558758164]",1,-1
15797,[0.51305426 0.67973402],15,41,"[0.5613949929729852, 0.701115936473092]",1,-1
15798,[0.47266147 0.74054663],15,47,"[0.4308417820697566, 0.7426361553548808]",1,-1
15799,[0.40696536 0.49894974],15,18,"[0.4203234088660354, 0.508036417947434]",1,-1
15800,[0.41094225 0.59201231],15,25,"[0.38660465276603295, 0.5871767558758164]",1,-1
15801,[0.45394105 0.64567491],15,45,"[0.4377614438459196, 0.655911915550708]",1,60
15802,[0.44820809 0.60942304],15,5,"[0.47989515498241786, 0.6212764114798471]",1,60
15803,[0.40295618 0.63885581],15,45,"[0.4377614438459196, 0.655911915550708]",1,-1
15804,[0.47463055 0.5805299 ],15,5,"[0.47989515498241786, 0.6212764114798471]",1,-1
15805,[0.44936449 0.65729961],15,45,"[0.4377614438459196, 0.655911915550708]",1,-1
15806,[0.35422982 0.63094102],15,19,"[0.3585209611110644, 0.671407469606326]",1,-1
15807,[0.42837321 0.62569953],15,45,"[0.4377614438459196, 0.655911915550708]",1,-1
15808,[0.40669538 0.65663568],15,45,"[0.4377614438459196, 0.655911915550708]",1,-1
15809,[0.42175104 0.56589735],15,25,"[0.38660465276603295, 0.5871767558758164]",1,-1
15810,[0.43694721 0.64278772],15,45,"[0.4377614438459196, 0.655911915550708]",1,-1
15811,[0.3865069 0.6350083],15,19,"[0.3585209611110644, 0.671407469606326]",1,46
15812,[0.3967055  0.66477751],15,19,"[0.3585209611110644, 0.671407469606326]",1,-1
15813,[0.41839894 0.64465613],15,45,"[0.4377614438459196, 0.655911915550708]",1,46
15814,[0.45032549 0.60019327],15,5,"[0.47989515498241786, 0.6212764114798471]",1,-1
15815,[0.45055549 0.7257838 ],15,47,"[0.4308417820697566, 0.7426361553548808]",1,-1
15816,[0.4689739  0.54839862],15,2,"[0.5181425386759565, 0.548951681512668]",1,-1
15817,[0.43088144 0.58602989],15,25,"[0.38660465276603295, 0.5871767558758164]",1,60
15818,[0.47505126 0.61739065],15,5,"[0.47989515498241786, 0.6212764114798471]",1,60
15819,[0.40521576 0.60108931],15,25,"[0.38660465276603295, 0.5871767558758164]",1,-1
15820,[0.43824529 0.64879983],15,45,"[0.4377614438459196, 0.655911915550708]",1,-1
15821,[0.42379315 0.57478274],15,25,"[0.38660465276603295, 0.5871767558758164]",1,-1
15822,[0.35019879 0.53189256],15,25,"[0.38660465276603295, 0.5871767558758164]",1,-1
15823,[0.44372125 0.57625526],15,5,"[0.47989515498241786, 0.6212764114798471]",1,-1
15824,[0.4823812  0.65022832],15,5,"[0.47989515498241786, 0.6212764114798471]",1,-1
15825,[0.45310116 0.63553679],15,45,"[0.4377614438459196, 0.655911915550708]",1,60
15826,[0.39893386 0.68866512],15,19,"[0.3585209611110644, 0.671407469606326]",1,-1
15827,[0.48020847 0.66524668],15,45,"[0.4377614438459196, 0.655911915550708]",1,-1
15828,[0.46793165 0.59229037],15,5,"[0.47989515498241786, 0.6212764114798471]",1,-1
15829,[0.4504141  0.63691945],15,45,"[0.4377614438459196, 0.655911915550708]",1,60
15830,[0.38796864 0.62158834],15,25,"[0.38660465276603295, 0.5871767558758164]",1,-1
15831,[0.39841474 0.67263826],15,19,"[0.3585209611110644, 0.671407469606326]",1,-1
15832,[0.49396342 0.62999196],15,5,"[0.47989515498241786, 0.6212764114798471]",1,-1
15833,[0.41562606 0.69597644],15,45,"[0.4377614438459196, 0.655911915550708]",1,-1
15834,[0.51228649 0.63447841],15,5,"[0.47989515498241786, 0.6212764114798471]",1,-1
15835,[0.39655992 0.5933946 ],15,25,"[0.38660465276603295, 0.5871767558758164]",1,-1
15836,[0.43369258 0.63358663],15,45,"[0.4377614438459196, 0.655911915550708]",1,-1
15837,[0.42420803 0.70033892],15,47,"[0.4308417820697566, 0.7426361553548808]",1,-1
15838,[0.43706437 0.63136908],15,45,"[0.4377614438459196, 0.655911915550708]",1,60
15839,[0.4056719  0.65451415],15,45,"[0.4377614438459196, 0.655911915550708]",1,-1
15840,[0.42791722 0.60534832],15,25,"[0.38660465276603295, 0.5871767558758164]",1,-1
15841,[0.4372481  0.64445071],15,45,"[0.4377614438459196, 0.655911915550708]",1,-1
15842,[0.47832957 0.57824525],15,5,"[0.47989515498241786, 0.6212764114798471]",1,-1
15843,[0.43663571 0.62982721],15,45,"[0.4377614438459196, 0.655911915550708]",1,60
15844,[0.4512451 0.6142211],15,5,"[0.47989515498241786, 0.6212764114798471]",1,60
15845,[0.54087056 0.6209287 ],15,9,"[0.5945682323783136, 0.6193254997600653]",1,-1
15846,[0.53376054 0.57025112],15,2,"[0.5181425386759565, 0.548951681512668]",1,-1
15847,[0.46432835 0.54941262],15,2,"[0.5181425386759565, 0.548951681512668]",1,-1
15848,[0.51948608 0.58392944],15,2,"[0.5181425386759565, 0.548951681512668]",1,-1
15849,[0.38120346 0.58967656],15,25,"[0.38660465276603295, 0.5871767558758164]",1,-1
15850,[0.464643   0.69172797],15,45,"[0.4377614438459196, 0.655911915550708]",1,-1
15851,[0.4495161  0.63167206],15,45,"[0.4377614438459196, 0.655911915550708]",1,-1
15852,[0.44012902 0.64957705],15,45,"[0.4377614438459196, 0.655911915550708]",1,-1
15853,[0.44220284 0.64811493],15,45,"[0.4377614438459196, 0.655911915550708]",1,60
15854,[0.50725862 0.64557595],15,5,"[0.47989515498241786, 0.6212764114798471]",1,-1
15855,[0.48131199 0.65688337],15,5,"[0.47989515498241786, 0.6212764114798471]",1,-1
15856,[0.40302367 0.59568636],15,25,"[0.38660465276603295, 0.5871767558758164]",1,51
15857,[0.51217348 0.60749693],15,5,"[0.47989515498241786, 0.6212764114798471]",1,-1
15858,[0.44525048 0.61011571],15,5,"[0.47989515498241786, 0.6212764114798471]",1,60
15859,[0.40127297 0.62392768],15,25,"[0.38660465276603295, 0.5871767558758164]",1,-1
15860,[0.38321542 0.60336876],15,25,"[0.38660465276603295, 0.5871767558758164]",1,-1
15861,[0.41963198 0.55943672],15,25,"[0.38660465276603295, 0.5871767558758164]",1,-1
15862,[0.47485448 0.66142574],15,45,"[0.4377614438459196, 0.655911915550708]",1,-1
15863,[0.40811715 0.64194382],15,45,"[0.4377614438459196, 0.655911915550708]",1,-1
15864,[0.49078106 0.64242665],15,5,"[0.47989515498241786, 0.6212764114798471]",1,-1
15865,[0.43982523 0.6614359 ],15,45,"[0.4377614438459196, 0.655911915550708]",1,-1
15866,[0.46653114 0.65364773],15,45,"[0.4377614438459196, 0.655911915550708]",1,-1
15867,[0.40990074 0.57577646],15,25,"[0.38660465276603295, 0.5871767558758164]",1,-1
15868,[0.4681522  0.63585377],15,5,"[0.47989515498241786, 0.6212764114798471]",1,-1
15869,[0.5749467  0.53311654],15,10,"[0.6101257152780476, 0.5394800330734051]",1,-1
15870,[0.44684286 0.62492268],15,45,"[0.4377614438459196, 0.655911915550708]",1,-1
15871,[0.35509897 0.60673436],15,25,"[0.38660465276603295, 0.5871767558758164]",1,-1
15872,[0.41440617 0.62734078],15,45,"[0.4377614438459196, 0.655911915550708]",1,-1
15873,[0.48231874 0.59628603],15,5,"[0.47989515498241786, 0.6212764114798471]",1,-1
15874,[0.48776588 0.7051072 ],15,47,"[0.4308417820697566, 0.7426361553548808]",1,-1
15875,[0.45653107 0.59774378],15,5,"[0.47989515498241786, 0.6212764114798471]",1,-1
15876,[0.48846946 0.59489818],15,5,"[0.47989515498241786, 0.6212764114798471]",1,-1
15877,[0.53168303 0.61716732],15,5,"[0.47989515498241786, 0.6212764114798471]",1,-1
15878,[0.4790312  0.67527519],15,45,"[0.4377614438459196, 0.655911915550708]",1,-1
15879,[0.5348745  0.62196697],15,5,"[0.47989515498241786, 0.6212764114798471]",1,-1
15880,[0.47111779 0.67710976],15,45,"[0.4377614438459196, 0.655911915550708]",1,-1
15881,[0.47161225 0.67553276],15,45,"[0.4377614438459196, 0.655911915550708]",1,-1
15882,[0.35333579 0.73194861],15,19,"[0.3585209611110644, 0.671407469606326]",1,-1
15883,[0.4285679 0.6412401],15,45,"[0.4377614438459196, 0.655911915550708]",1,-1
15884,[0.40960791 0.6190827 ],15,25,"[0.38660465276603295, 0.5871767558758164]",1,-1
15885,[0.48752411 0.7810536 ],15,47,"[0.4308417820697566, 0.7426361553548808]",-1,-1
15886,[0.41221568 0.61496102],15,25,"[0.38660465276603295, 0.5871767558758164]",1,-1
15887,[0.46525895 0.68608632],15,45,"[0.4377614438459196, 0.655911915550708]",1,-1
15888,[0.44380108 0.59998267],15,5,"[0.47989515498241786, 0.6212764114798471]",1,-1
15889,[0.49943213 0.60510569],15,5,"[0.47989515498241786, 0.6212764114798471]",1,-1
15890,[0.42380526 0.57368452],15,25,"[0.38660465276603295, 0.5871767558758164]",1,-1
15891,[0.46153677 0.61925942],15,5,"[0.47989515498241786, 0.6212764114798471]",1,60
15892,[0.40033451 0.58304051],15,25,"[0.38660465276603295, 0.5871767558758164]",1,-1
15893,[0.48627524 0.63945563],15,5,"[0.47989515498241786, 0.6212764114798471]",1,-1
15894,[0.41101932 0.65962404],15,45,"[0.4377614438459196, 0.655911915550708]",1,-1
15895,[0.38410776 0.6361116 ],15,19,"[0.3585209611110644, 0.671407469606326]",1,-1
15896,[0.42985187 0.69479586],15,45,"[0.4377614438459196, 0.655911915550708]",1,-1
15897,[0.4666924  0.60216838],15,5,"[0.47989515498241786, 0.6212764114798471]",1,-1
15898,[0.43069117 0.59825182],15,25,"[0.38660465276603295, 0.5871767558758164]",1,-1
15899,[0.38961132 0.58019618],15,25,"[0.38660465276603295, 0.5871767558758164]",1,-1
15900,[0.46230787 0.67265801],15,45,"[0.4377614438459196, 0.655911915550708]",1,37
15901,[0.35437152 0.68596379],15,19,"[0.3585209611110644, 0.671407469606326]",1,-1
15902,[0.42340945 0.64932323],15,45,"[0.4377614438459196, 0.655911915550708]",1,46
15903,[0.49483332 0.52182662],15,2,"[0.5181425386759565, 0.548951681512668]",1,-1
15904,[0.43799654 0.64698831],15,45,"[0.4377614438459196, 0.655911915550708]",1,-1
15905,[0.47831994 0.58686486],15,5,"[0.47989515498241786, 0.6212764114798471]",1,70
15906,[0.41181811 0.68585123],15,45,"[0.4377614438459196, 0.655911915550708]",1,-1
15907,[0.51578313 0.72151534],15,41,"[0.5613949929729852, 0.701115936473092]",1,-1
15908,[0.42772287 0.61969151],15,45,"[0.4377614438459196, 0.655911915550708]",1,-1
15909,[0.44171925 0.67476901],15,45,"[0.4377614438459196, 0.655911915550708]",1,-1
15910,[0.40768106 0.61181832],15,25,"[0.38660465276603295, 0.5871767558758164]",1,-1
15911,[0.45064738 0.56224128],15,18,"[0.4203234088660354, 0.508036417947434]",1,-1
15912,[0.39650203 0.64733293],15,45,"[0.4377614438459196, 0.655911915550708]",1,-1
15913,[0.43637624 0.62836017],15,45,"[0.4377614438459196, 0.655911915550708]",1,60
15914,[0.46465422 0.66037125],15,45,"[0.4377614438459196, 0.655911915550708]",1,-1
15915,[0.38004271 0.62371526],15,25,"[0.38660465276603295, 0.5871767558758164]",1,-1
15916,[0.48766743 0.5672628 ],15,2,"[0.5181425386759565, 0.548951681512668]",1,-1
15917,[0.35005516 0.66440824],15,19,"[0.3585209611110644, 0.671407469606326]",1,-1
15918,[0.52686894 0.66571793],15,41,"[0.5613949929729852, 0.701115936473092]",1,-1
15919,[0.43008232 0.60276184],15,25,"[0.38660465276603295, 0.5871767558758164]",1,-1
15920,[0.43810587 0.57369832],15,25,"[0.38660465276603295, 0.5871767558758164]",1,-1
15921,[0.39525217 0.55533641],15,25,"[0.38660465276603295, 0.5871767558758164]",1,-1
15922,[0.46654556 0.6183676 ],15,5,"[0.47989515498241786, 0.6212764114798471]",1,-1
15923,[0.48241989 0.59226631],15,5,"[0.47989515498241786, 0.6212764114798471]",1,-1
15924,[0.45071438 0.60618986],15,5,"[0.47989515498241786, 0.6212764114798471]",1,60
15925,[0.37882947 0.71044491],15,19,"[0.3585209611110644, 0.671407469606326]",1,-1
15926,[0.37572059 0.54870726],15,25,"[0.38660465276603295, 0.5871767558758164]",1,-1
15927,[0.34580844 0.66172874],15,19,"[0.3585209611110644, 0.671407469606326]",1,-1
15928,[0.42656142 0.65164003],15,45,"[0.4377614438459196, 0.655911915550708]",1,-1
15929,[0.5072186  0.61956401],15,5,"[0.47989515498241786, 0.6212764114798471]",1,-1
15930,[0.47386392 0.681515  ],15,45,"[0.4377614438459196, 0.655911915550708]",1,-1
15931,[0.46496821 0.63561514],15,5,"[0.47989515498241786, 0.6212764114798471]",1,60
15932,[0.43861729 0.64304548],15,45,"[0.4377614438459196, 0.655911915550708]",1,-1
15933,[0.45517895 0.53419784],15,18,"[0.4203234088660354, 0.508036417947434]",1,-1
15934,[0.457097   0.62752984],15,5,"[0.47989515498241786, 0.6212764114798471]",1,60
15935,[0.44579914 0.67888628],15,45,"[0.4377614438459196, 0.655911915550708]",1,-1
15936,[0.42483731 0.48802129],15,18,"[0.4203234088660354, 0.508036417947434]",1,-1
15937,[0.39379834 0.63420993],15,25,"[0.38660465276603295, 0.5871767558758164]",1,46
15938,[0.40382886 0.54988564],15,25,"[0.38660465276603295, 0.5871767558758164]",1,-1
15939,[0.4312277  0.63621873],15,45,"[0.4377614438459196, 0.655911915550708]",1,-1
15940,[0.27513983 0.72945098],15,8,"[0.26852263019242567, 0.6890353589332484]",1,-1
15941,[0.3662117  0.65511522],15,19,"[0.3585209611110644, 0.671407469606326]",1,-1
15942,[0.41901507 0.67121434],15,45,"[0.4377614438459196, 0.655911915550708]",1,-1
15943,[0.4067732  0.64936917],15,45,"[0.4377614438459196, 0.655911915550708]",1,46
15944,[0.51207576 0.60335836],15,5,"[0.47989515498241786, 0.6212764114798471]",1,-1
15945,[0.53594016 0.59020982],15,2,"[0.5181425386759565, 0.548951681512668]",1,-1
15946,[0.39894913 0.55857221],15,25,"[0.38660465276603295, 0.5871767558758164]",1,-1
15947,[0.42325084 0.59173976],15,25,"[0.38660465276603295, 0.5871767558758164]",1,-1
15948,[0.43262455 0.54748951],15,18,"[0.4203234088660354, 0.508036417947434]",1,-1
15949,[0.50468675 0.63744674],15,5,"[0.47989515498241786, 0.6212764114798471]",1,-1
15950,[0.35900164 0.66783733],15,19,"[0.3585209611110644, 0.671407469606326]",1,-1
15951,[0.4117423  0.62455124],15,45,"[0.4377614438459196, 0.655911915550708]",1,-1
15952,[0.44498468 0.62855949],15,45,"[0.4377614438459196, 0.655911915550708]",1,-1
15953,[0.36716975 0.59827068],15,25,"[0.38660465276603295, 0.5871767558758164]",1,-1
15954,[0.41680708 0.5997077 ],15,25,"[0.38660465276603295, 0.5871767558758164]",1,-1
15955,[0.39315944 0.62781245],15,25,"[0.38660465276603295, 0.5871767558758164]",1,46
15956,[0.48605083 0.55002853],15,2,"[0.5181425386759565, 0.548951681512668]",1,-1
15957,[0.53197376 0.66421089],15,41,"[0.5613949929729852, 0.701115936473092]",1,-1
15958,[0.41019871 0.65500436],15,45,"[0.4377614438459196, 0.655911915550708]",1,-1
15959,[0.46206696 0.64180928],15,5,"[0.47989515498241786, 0.6212764114798471]",1,-1
15960,[0.42102758 0.6059321 ],15,25,"[0.38660465276603295, 0.5871767558758164]",1,-1
15961,[0.37391844 0.58132938],15,25,"[0.38660465276603295, 0.5871767558758164]",1,-1
15962,[0.34915805 0.61049985],15,25,"[0.38660465276603295, 0.5871767558758164]",1,-1
15963,[0.4416626  0.67398466],15,45,"[0.4377614438459196, 0.655911915550708]",1,-1
15964,[0.4653526  0.63295069],15,5,"[0.47989515498241786, 0.6212764114798471]",1,-1
15965,[0.37985938 0.63344833],15,19,"[0.3585209611110644, 0.671407469606326]",1,-1
15966,[0.37969227 0.65847642],15,19,"[0.3585209611110644, 0.671407469606326]",1,-1
15967,[0.40599822 0.68088144],15,45,"[0.4377614438459196, 0.655911915550708]",1,-1
15968,[0.42767624 0.57554482],15,25,"[0.38660465276603295, 0.5871767558758164]",1,-1
15969,[0.48245902 0.56788219],15,2,"[0.5181425386759565, 0.548951681512668]",1,-1
15970,[0.44821071 0.61254844],15,5,"[0.47989515498241786, 0.6212764114798471]",1,60
15971,[0.51989516 0.67791266],15,41,"[0.5613949929729852, 0.701115936473092]",1,-1
15972,[0.3562437  0.64664136],15,19,"[0.3585209611110644, 0.671407469606326]",1,9
15973,[0.54994514 0.59568187],15,9,"[0.5945682323783136, 0.6193254997600653]",1,-1
15974,[0.46533411 0.63802499],15,5,"[0.47989515498241786, 0.6212764114798471]",1,60
15975,[0.44634317 0.61699276],15,5,"[0.47989515498241786, 0.6212764114798471]",1,-1
15976,[0.40594958 0.52340676],15,18,"[0.4203234088660354, 0.508036417947434]",1,-1
15977,[0.41632811 0.56416017],15,25,"[0.38660465276603295, 0.5871767558758164]",1,-1
15978,[0.4586847  0.61191472],15,5,"[0.47989515498241786, 0.6212764114798471]",1,60
15979,[0.44428802 0.67147298],15,45,"[0.4377614438459196, 0.655911915550708]",1,-1
15980,[0.40429786 0.60142374],15,25,"[0.38660465276603295, 0.5871767558758164]",1,-1
15981,[0.40197206 0.64676777],15,45,"[0.4377614438459196, 0.655911915550708]",1,-1
15982,[0.53067679 0.61305981],15,5,"[0.47989515498241786, 0.6212764114798471]",1,-1
15983,[0.42569629 0.68231735],15,45,"[0.4377614438459196, 0.655911915550708]",1,-1
15984,[0.34350279 0.64628915],15,19,"[0.3585209611110644, 0.671407469606326]",1,9
15985,[0.41317799 0.59956061],15,25,"[0.38660465276603295, 0.5871767558758164]",1,-1
15986,[0.40993246 0.64019257],15,45,"[0.4377614438459196, 0.655911915550708]",1,-1
15987,[0.45443374 0.65584606],15,45,"[0.4377614438459196, 0.655911915550708]",1,-1
15988,[0.47657282 0.70032816],15,45,"[0.4377614438459196, 0.655911915550708]",1,-1
15989,[0.47903764 0.53817271],15,2,"[0.5181425386759565, 0.548951681512668]",1,-1
15990,[0.44219333 0.65758502],15,45,"[0.4377614438459196, 0.655911915550708]",1,-1
15991,[0.52494334 0.64276517],15,5,"[0.47989515498241786, 0.6212764114798471]",1,-1
15992,[0.32629583 0.64474183],15,19,"[0.3585209611110644, 0.671407469606326]",1,-1
15993,[0.35393383 0.56415491],15,25,"[0.38660465276603295, 0.5871767558758164]",1,-1
15994,[0.5375578  0.62962904],15,9,"[0.5945682323783136, 0.6193254997600653]",1,-1
15995,[0.42455843 0.6969606 ],15,45,"[0.4377614438459196, 0.655911915550708]",1,-1
15996,[0.4099579 0.5793274],15,25,"[0.38660465276603295, 0.5871767558758164]",1,-1
15997,[0.48336432 0.64572941],15,5,"[0.47989515498241786, 0.6212764114798471]",1,-1
15998,[0.40242165 0.59132019],15,25,"[0.38660465276603295, 0.5871767558758164]",1,51
15999,[0.45798368 0.66773661],15,45,"[0.4377614438459196, 0.655911915550708]",1,37
16000,[0.28625876 0.67065397],16,8,"[0.26852263019242567, 0.6890353589332484]",1,17
16001,[0.29177608 0.80626096],16,12,"[0.3169063637449832, 0.8033325636066986]",1,-1
16002,[0.2534466 0.6891648],16,8,"[0.26852263019242567, 0.6890353589332484]",1,-1
16003,[0.37941038 0.73348052],16,47,"[0.4308417820697566, 0.7426361553548808]",1,-1
16004,[0.27459024 0.71318658],16,8,"[0.26852263019242567, 0.6890353589332484]",1,18
16005,[0.32670625 0.73133374],16,19,"[0.3585209611110644, 0.671407469606326]",1,-1
16006,[0.2424271  0.66631221],16,8,"[0.26852263019242567, 0.6890353589332484]",1,-1
16007,[0.21330283 0.72172505],16,24,"[0.2219823769694232, 0.7523883708842017]",1,-1
16008,[0.31287039 0.65995045],16,19,"[0.3585209611110644, 0.671407469606326]",1,-1
16009,[0.26978588 0.79161602],16,12,"[0.3169063637449832, 0.8033325636066986]",1,-1
16010,[0.2861047 0.7450021],16,8,"[0.26852263019242567, 0.6890353589332484]",1,-1
16011,[0.25718851 0.68091162],16,8,"[0.26852263019242567, 0.6890353589332484]",1,-1
16012,[0.34027037 0.75970185],16,12,"[0.3169063637449832, 0.8033325636066986]",1,-1
16013,[0.28123213 0.69386856],16,8,"[0.26852263019242567, 0.6890353589332484]",1,18
16014,[0.21374237 0.71538443],16,24,"[0.2219823769694232, 0.7523883708842017]",1,14
16015,[0.27080949 0.66900852],16,8,"[0.26852263019242567, 0.6890353589332484]",1,-1
16016,[0.3266288  0.73366001],16,19,"[0.3585209611110644, 0.671407469606326]",1,-1
16017,[0.26967557 0.75756128],16,24,"[0.2219823769694232, 0.7523883708842017]",1,-1
16018,[0.33244726 0.68948375],16,19,"[0.3585209611110644, 0.671407469606326]",1,-1
16019,[0.211334   0.73371234],16,24,"[0.2219823769694232, 0.7523883708842017]",1,-1
16020,[0.21073998 0.74918569],16,24,"[0.2219823769694232, 0.7523883708842017]",1,-1
16021,[0.33503007 0.74698761],16,12,"[0.3169063637449832, 0.8033325636066986]",1,-1
16022,[0.29882448 0.72649273],16,8,"[0.26852263019242567, 0.6890353589332484]",1,-1
16023,[0.25906119 0.70111305],16,8,"[0.26852263019242567, 0.6890353589332484]",1,-1
16024,[0.16748047 0.74230723],16,33,"[0.14360528745911366, 0.7361289007486289]",1,-1
16025,[0.1730362  0.66838967],16,20,"[0.18632471116193938, 0.6470504651095214]",1,-1
16026,[0.26612249 0.67563917],16,8,"[0.26852263019242567, 0.6890353589332484]",1,-1
16027,[0.2351371  0.69063625],16,8,"[0.26852263019242567, 0.6890353589332484]",1,15
16028,[0.31809842 0.70890533],16,8,"[0.26852263019242567, 0.6890353589332484]",1,-1
16029,[0.17350761 0.70243724],16,33,"[0.14360528745911366, 0.7361289007486289]",1,-1
16030,[0.24644997 0.69295385],16,8,"[0.26852263019242567, 0.6890353589332484]",1,-1
16031,[0.26772831 0.66727007],16,8,"[0.26852263019242567, 0.6890353589332484]",1,17
16032,[0.29141465 0.64354321],16,8,"[0.26852263019242567, 0.6890353589332484]",1,-1
16033,[0.37039982 0.77738757],16,12,"[0.3169063637449832, 0.8033325636066986]",1,-1
16034,[0.32763608 0.77487181],16,12,"[0.3169063637449832, 0.8033325636066986]",1,-1
16035,[0.25357841 0.73497309],16,24,"[0.2219823769694232, 0.7523883708842017]",1,-1
16036,[0.34526943 0.7108883 ],16,19,"[0.3585209611110644, 0.671407469606326]",1,-1
16037,[0.25972042 0.72776196],16,8,"[0.26852263019242567, 0.6890353589332484]",1,-1
16038,[0.26217157 0.69571693],16,8,"[0.26852263019242567, 0.6890353589332484]",1,-1
16039,[0.20878092 0.52513568],16,17,"[0.19949257984775934, 0.47737458183782433]",1,-1
16040,[0.28193406 0.69799528],16,8,"[0.26852263019242567, 0.6890353589332484]",1,18
16041,[0.24696695 0.65632203],16,8,"[0.26852263019242567, 0.6890353589332484]",1,-1
16042,[0.225785   0.77928313],16,24,"[0.2219823769694232, 0.7523883708842017]",1,-1
16043,[0.31549476 0.66279283],16,19,"[0.3585209611110644, 0.671407469606326]",1,12
16044,[0.30409093 0.73571798],16,8,"[0.26852263019242567, 0.6890353589332484]",1,-1
16045,[0.22978507 0.75355656],16,24,"[0.2219823769694232, 0.7523883708842017]",1,-1
16046,[0.30910289 0.72312437],16,8,"[0.26852263019242567, 0.6890353589332484]",1,-1
16047,[0.30026886 0.69200089],16,8,"[0.26852263019242567, 0.6890353589332484]",1,-1
16048,[0.28452218 0.70418698],16,8,"[0.26852263019242567, 0.6890353589332484]",1,18
16049,[0.39667842 0.68803597],16,19,"[0.3585209611110644, 0.671407469606326]",1,-1
16050,[0.28660265 0.6770037 ],16,8,"[0.26852263019242567, 0.6890353589332484]",1,-1
16051,[0.3155588  0.77565881],16,12,"[0.3169063637449832, 0.8033325636066986]",1,-1
16052,[0.34017543 0.73503655],16,19,"[0.3585209611110644, 0.671407469606326]",1,-1
16053,[0.29761465 0.61367096],16,44,"[0.30505443145580996, 0.5938366826632161]",1,-1
16054,[0.27887409 0.74766581],16,24,"[0.2219823769694232, 0.7523883708842017]",1,-1
16055,[0.20925155 0.67352458],16,20,"[0.18632471116193938, 0.6470504651095214]",1,-1
16056,[0.27738504 0.66281575],16,8,"[0.26852263019242567, 0.6890353589332484]",1,-1
16057,[0.20081925 0.76400744],16,24,"[0.2219823769694232, 0.7523883708842017]",1,-1
16058,[0.41546352 0.77296652],16,47,"[0.4308417820697566, 0.7426361553548808]",1,-1
16059,[0.31222407 0.71831542],16,8,"[0.26852263019242567, 0.6890353589332484]",1,-1
16060,[0.26967735 0.66058431],16,8,"[0.26852263019242567, 0.6890353589332484]",1,-1
16061,[0.30314006 0.74534292],16,12,"[0.3169063637449832, 0.8033325636066986]",1,-1
16062,[0.29851202 0.69415944],16,8,"[0.26852263019242567, 0.6890353589332484]",1,-1
16063,[0.23713654 0.77292859],16,24,"[0.2219823769694232, 0.7523883708842017]",1,-1
16064,[0.25000165 0.69471043],16,8,"[0.26852263019242567, 0.6890353589332484]",1,-1
16065,[0.25289781 0.70282417],16,8,"[0.26852263019242567, 0.6890353589332484]",1,-1
16066,[0.30565499 0.78280955],16,12,"[0.3169063637449832, 0.8033325636066986]",1,-1
16067,[0.22679502 0.76285907],16,24,"[0.2219823769694232, 0.7523883708842017]",1,-1
16068,[0.1822717  0.71171258],16,33,"[0.14360528745911366, 0.7361289007486289]",1,-1
16069,[0.24242886 0.7494095 ],16,24,"[0.2219823769694232, 0.7523883708842017]",1,-1
16070,[0.29124557 0.72984472],16,8,"[0.26852263019242567, 0.6890353589332484]",1,-1
16071,[0.37215955 0.67280317],16,19,"[0.3585209611110644, 0.671407469606326]",1,-1
16072,[0.18939421 0.68413795],16,20,"[0.18632471116193938, 0.6470504651095214]",1,-1
16073,[0.26625684 0.71299438],16,8,"[0.26852263019242567, 0.6890353589332484]",1,-1
16074,[0.30729089 0.63823984],16,44,"[0.30505443145580996, 0.5938366826632161]",1,-1
16075,[0.26655652 0.64161013],16,40,"[0.24325605379412626, 0.6063462149687255]",1,16
16076,[0.30882308 0.72051849],16,8,"[0.26852263019242567, 0.6890353589332484]",1,-1
16077,[0.28386485 0.73237583],16,8,"[0.26852263019242567, 0.6890353589332484]",1,-1
16078,[0.20070064 0.75663408],16,24,"[0.2219823769694232, 0.7523883708842017]",1,-1
16079,[0.1801937  0.72754061],16,33,"[0.14360528745911366, 0.7361289007486289]",1,-1
16080,[0.22661985 0.60677187],16,40,"[0.24325605379412626, 0.6063462149687255]",1,-1
16081,[0.24371463 0.69650614],16,8,"[0.26852263019242567, 0.6890353589332484]",1,-1
16082,[0.30062134 0.67636807],16,8,"[0.26852263019242567, 0.6890353589332484]",1,-1
16083,[0.29755003 0.60273716],16,44,"[0.30505443145580996, 0.5938366826632161]",1,-1
16084,[0.24879701 0.66235829],16,8,"[0.26852263019242567, 0.6890353589332484]",1,-1
16085,[0.27335231 0.74406829],16,24,"[0.2219823769694232, 0.7523883708842017]",1,-1
16086,[0.31561289 0.76328887],16,12,"[0.3169063637449832, 0.8033325636066986]",1,-1
16087,[0.27715103 0.68144596],16,8,"[0.26852263019242567, 0.6890353589332484]",1,-1
16088,[0.23575826 0.72184913],16,24,"[0.2219823769694232, 0.7523883708842017]",1,-1
16089,[0.36381696 0.64618777],16,19,"[0.3585209611110644, 0.671407469606326]",1,-1
16090,[0.22860247 0.80529602],16,38,"[0.1833808871148498, 0.824806751753795]",1,-1
16091,[0.31633097 0.82580812],16,12,"[0.3169063637449832, 0.8033325636066986]",1,-1
16092,[0.2576407  0.68131608],16,8,"[0.26852263019242567, 0.6890353589332484]",1,-1
16093,[0.28381638 0.70354476],16,8,"[0.26852263019242567, 0.6890353589332484]",1,18
16094,[0.29730675 0.70397978],16,8,"[0.26852263019242567, 0.6890353589332484]",1,-1
16095,[0.30321959 0.63896502],16,44,"[0.30505443145580996, 0.5938366826632161]",1,-1
16096,[0.29712398 0.71480352],16,8,"[0.26852263019242567, 0.6890353589332484]",1,-1
16097,[0.22798307 0.775613  ],16,24,"[0.2219823769694232, 0.7523883708842017]",1,-1
16098,[0.18180676 0.63480581],16,20,"[0.18632471116193938, 0.6470504651095214]",1,-1
16099,[0.3340948  0.60388004],16,44,"[0.30505443145580996, 0.5938366826632161]",1,-1
16100,[0.25455056 0.69957447],16,8,"[0.26852263019242567, 0.6890353589332484]",1,-1
16101,[0.27423157 0.64085423],16,40,"[0.24325605379412626, 0.6063462149687255]",1,-1
16102,[0.27862617 0.69755394],16,8,"[0.26852263019242567, 0.6890353589332484]",1,18
16103,[0.21804192 0.66104683],16,20,"[0.18632471116193938, 0.6470504651095214]",1,-1
16104,[0.25895232 0.71906769],16,8,"[0.26852263019242567, 0.6890353589332484]",1,-1
16105,[0.21387941 0.75594687],16,24,"[0.2219823769694232, 0.7523883708842017]",1,-1
16106,[0.30155414 0.74425184],16,12,"[0.3169063637449832, 0.8033325636066986]",1,-1
16107,[0.29824313 0.59690019],16,44,"[0.30505443145580996, 0.5938366826632161]",1,-1
16108,[0.20999321 0.71987539],16,24,"[0.2219823769694232, 0.7523883708842017]",1,14
16109,[0.35253734 0.62823048],16,19,"[0.3585209611110644, 0.671407469606326]",1,-1
16110,[0.33604125 0.80130671],16,12,"[0.3169063637449832, 0.8033325636066986]",1,-1
16111,[0.2335629  0.70613435],16,8,"[0.26852263019242567, 0.6890353589332484]",1,-1
16112,[0.26309574 0.71189176],16,8,"[0.26852263019242567, 0.6890353589332484]",1,-1
16113,[0.27714576 0.68003612],16,8,"[0.26852263019242567, 0.6890353589332484]",1,-1
16114,[0.25333875 0.71379191],16,8,"[0.26852263019242567, 0.6890353589332484]",1,-1
16115,[0.33059655 0.6723208 ],16,19,"[0.3585209611110644, 0.671407469606326]",1,-1
16116,[0.30439363 0.74791329],16,12,"[0.3169063637449832, 0.8033325636066986]",1,-1
16117,[0.26478247 0.71289816],16,8,"[0.26852263019242567, 0.6890353589332484]",1,-1
16118,[0.28637132 0.67569958],16,8,"[0.26852263019242567, 0.6890353589332484]",1,-1
16119,[0.23274866 0.68715561],16,8,"[0.26852263019242567, 0.6890353589332484]",1,15
16120,[0.21753448 0.62522687],16,40,"[0.24325605379412626, 0.6063462149687255]",1,-1
16121,[0.30189096 0.70633144],16,8,"[0.26852263019242567, 0.6890353589332484]",1,-1
16122,[0.27610731 0.71734524],16,8,"[0.26852263019242567, 0.6890353589332484]",1,18
16123,[0.22646348 0.68130491],16,8,"[0.26852263019242567, 0.6890353589332484]",1,15
16124,[0.19877914 0.71728485],16,24,"[0.2219823769694232, 0.7523883708842017]",1,-1
16125,[0.25404131 0.63301199],16,40,"[0.24325605379412626, 0.6063462149687255]",1,-1
16126,[0.2820783  0.67200199],16,8,"[0.26852263019242567, 0.6890353589332484]",1,17
16127,[0.33222857 0.68149109],16,19,"[0.3585209611110644, 0.671407469606326]",1,-1
16128,[0.21217892 0.7322653 ],16,24,"[0.2219823769694232, 0.7523883708842017]",1,-1
16129,[0.25514132 0.6937514 ],16,8,"[0.26852263019242567, 0.6890353589332484]",1,-1
16130,[0.19909369 0.69802969],16,20,"[0.18632471116193938, 0.6470504651095214]",1,13
16131,[0.24608461 0.63392031],16,40,"[0.24325605379412626, 0.6063462149687255]",1,11
16132,[0.16593524 0.71476494],16,33,"[0.14360528745911366, 0.7361289007486289]",1,-1
16133,[0.32675698 0.75708607],16,12,"[0.3169063637449832, 0.8033325636066986]",1,-1
16134,[0.32713994 0.70732971],16,19,"[0.3585209611110644, 0.671407469606326]",1,-1
16135,[0.15471212 0.69834066],16,33,"[0.14360528745911366, 0.7361289007486289]",1,-1
16136,[0.26778147 0.67192167],16,8,"[0.26852263019242567, 0.6890353589332484]",1,17
16137,[0.27405812 0.80981545],16,12,"[0.3169063637449832, 0.8033325636066986]",1,-1
16138,[0.23596299 0.65037409],16,40,"[0.24325605379412626, 0.6063462149687255]",1,-1
16139,[0.15178464 0.75149694],16,33,"[0.14360528745911366, 0.7361289007486289]",1,-1
16140,[0.39669325 0.77223307],16,47,"[0.4308417820697566, 0.7426361553548808]",1,-1
16141,[0.27430849 0.75791036],16,24,"[0.2219823769694232, 0.7523883708842017]",1,-1
16142,[0.24932923 0.68148217],16,8,"[0.26852263019242567, 0.6890353589332484]",1,-1
16143,[0.31249536 0.61019162],16,44,"[0.30505443145580996, 0.5938366826632161]",1,-1
16144,[0.26052197 0.73900403],16,24,"[0.2219823769694232, 0.7523883708842017]",1,-1
16145,[0.30099824 0.83265209],16,12,"[0.3169063637449832, 0.8033325636066986]",1,-1
16146,[0.31045581 0.71748198],16,8,"[0.26852263019242567, 0.6890353589332484]",1,-1
16147,[0.19732131 0.7590792 ],16,24,"[0.2219823769694232, 0.7523883708842017]",1,-1
16148,[0.28913558 0.81030984],16,12,"[0.3169063637449832, 0.8033325636066986]",1,-1
16149,[0.24687278 0.66037648],16,8,"[0.26852263019242567, 0.6890353589332484]",1,-1
16150,[0.24355114 0.68349077],16,8,"[0.26852263019242567, 0.6890353589332484]",1,-1
16151,[0.31058218 0.77309   ],16,12,"[0.3169063637449832, 0.8033325636066986]",1,-1
16152,[0.2232856  0.66733676],16,20,"[0.18632471116193938, 0.6470504651095214]",1,15
16153,[0.2661578  0.69867589],16,8,"[0.26852263019242567, 0.6890353589332484]",1,-1
16154,[0.24510376 0.71017816],16,8,"[0.26852263019242567, 0.6890353589332484]",1,-1
16155,[0.36400127 0.69768247],16,19,"[0.3585209611110644, 0.671407469606326]",1,-1
16156,[0.25404854 0.58411454],16,40,"[0.24325605379412626, 0.6063462149687255]",1,-1
16157,[0.22849383 0.72330097],16,24,"[0.2219823769694232, 0.7523883708842017]",1,14
16158,[0.28073077 0.63934305],16,40,"[0.24325605379412626, 0.6063462149687255]",1,-1
16159,[0.33454206 0.79102167],16,12,"[0.3169063637449832, 0.8033325636066986]",1,-1
16160,[0.27755804 0.75724926],16,24,"[0.2219823769694232, 0.7523883708842017]",1,-1
16161,[0.25717298 0.6043707 ],16,40,"[0.24325605379412626, 0.6063462149687255]",1,-1
16162,[0.2631296  0.66957607],16,8,"[0.26852263019242567, 0.6890353589332484]",1,17
16163,[0.28314005 0.73065569],16,8,"[0.26852263019242567, 0.6890353589332484]",1,-1
16164,[0.21978626 0.72766444],16,24,"[0.2219823769694232, 0.7523883708842017]",1,14
16165,[0.29867268 0.7247054 ],16,8,"[0.26852263019242567, 0.6890353589332484]",1,-1
16166,[0.15619174 0.71632016],16,33,"[0.14360528745911366, 0.7361289007486289]",1,-1
16167,[0.2711095  0.70369902],16,8,"[0.26852263019242567, 0.6890353589332484]",1,-1
16168,[0.21556002 0.72358785],16,24,"[0.2219823769694232, 0.7523883708842017]",1,-1
16169,[0.18298416 0.77604293],16,24,"[0.2219823769694232, 0.7523883708842017]",1,-1
16170,[0.33346646 0.69097073],16,19,"[0.3585209611110644, 0.671407469606326]",1,-1
16171,[0.24698222 0.75727871],16,24,"[0.2219823769694232, 0.7523883708842017]",1,-1
16172,[0.3362677  0.66302184],16,19,"[0.3585209611110644, 0.671407469606326]",1,-1
16173,[0.29000707 0.68270688],16,8,"[0.26852263019242567, 0.6890353589332484]",1,-1
16174,[0.30992188 0.75108954],16,12,"[0.3169063637449832, 0.8033325636066986]",1,-1
16175,[0.28228211 0.66489831],16,8,"[0.26852263019242567, 0.6890353589332484]",1,-1
16176,[0.2689529  0.69855477],16,8,"[0.26852263019242567, 0.6890353589332484]",1,-1
16177,[0.26684227 0.68055355],16,8,"[0.26852263019242567, 0.6890353589332484]",1,-1
16178,[0.25297021 0.72760644],16,24,"[0.2219823769694232, 0.7523883708842017]",1,19
16179,[0.3058043  0.67910821],16,8,"[0.26852263019242567, 0.6890353589332484]",1,-1
16180,[0.28053254 0.68513238],16,8,"[0.26852263019242567, 0.6890353589332484]",1,-1
16181,[0.25380889 0.68133201],16,8,"[0.26852263019242567, 0.6890353589332484]",1,-1
16182,[0.27563268 0.68081419],16,8,"[0.26852263019242567, 0.6890353589332484]",1,-1
16183,[0.23944307 0.65907755],16,8,"[0.26852263019242567, 0.6890353589332484]",1,-1
16184,[0.27750816 0.69137273],16,8,"[0.26852263019242567, 0.6890353589332484]",1,-1
16185,[0.32514654 0.61963395],16,44,"[0.30505443145580996, 0.5938366826632161]",1,-1
16186,[0.27564026 0.71910984],16,8,"[0.26852263019242567, 0.6890353589332484]",1,-1
16187,[0.33572346 0.63477332],16,19,"[0.3585209611110644, 0.671407469606326]",1,9
16188,[0.29411694 0.73423929],16,8,"[0.26852263019242567, 0.6890353589332484]",1,-1
16189,[0.23347243 0.67914828],16,8,"[0.26852263019242567, 0.6890353589332484]",1,-1
16190,[0.248045   0.63089678],16,40,"[0.24325605379412626, 0.6063462149687255]",1,-1
16191,[0.30730854 0.6679345 ],16,8,"[0.26852263019242567, 0.6890353589332484]",1,-1
16192,[0.28531693 0.73733451],16,8,"[0.26852263019242567, 0.6890353589332484]",1,-1
16193,[0.27456911 0.70426799],16,8,"[0.26852263019242567, 0.6890353589332484]",1,-1
16194,[0.21272704 0.62851129],16,20,"[0.18632471116193938, 0.6470504651095214]",1,-1
16195,[0.25935125 0.75456431],16,24,"[0.2219823769694232, 0.7523883708842017]",1,-1
16196,[0.17639467 0.7416973 ],16,33,"[0.14360528745911366, 0.7361289007486289]",1,-1
16197,[0.27443619 0.62450715],16,40,"[0.24325605379412626, 0.6063462149687255]",1,-1
16198,[0.21695689 0.76294244],16,24,"[0.2219823769694232, 0.7523883708842017]",1,-1
16199,[0.28099767 0.62994145],16,44,"[0.30505443145580996, 0.5938366826632161]",1,-1
16200,[0.24198307 0.68264937],16,8,"[0.26852263019242567, 0.6890353589332484]",1,-1
16201,[0.28492021 0.67989565],16,8,"[0.26852263019242567, 0.6890353589332484]",1,-1
16202,[0.34400518 0.70841975],16,19,"[0.3585209611110644, 0.671407469606326]",1,-1
16203,[0.33271449 0.75231131],16,12,"[0.3169063637449832, 0.8033325636066986]",1,-1
16204,[0.20683424 0.72553849],16,24,"[0.2219823769694232, 0.7523883708842017]",1,-1
16205,[0.260327   0.62615444],16,40,"[0.24325605379412626, 0.6063462149687255]",1,-1
16206,[0.25949814 0.68277663],16,8,"[0.26852263019242567, 0.6890353589332484]",1,-1
16207,[0.31816847 0.64098656],16,44,"[0.30505443145580996, 0.5938366826632161]",1,-1
16208,[0.16431107 0.72051584],16,33,"[0.14360528745911366, 0.7361289007486289]",1,-1
16209,[0.29332411 0.63654807],16,44,"[0.30505443145580996, 0.5938366826632161]",1,-1
16210,[0.32603667 0.6638829 ],16,19,"[0.3585209611110644, 0.671407469606326]",1,12
16211,[0.31582532 0.657026  ],16,19,"[0.3585209611110644, 0.671407469606326]",1,12
16212,[0.25208914 0.73134418],16,24,"[0.2219823769694232, 0.7523883708842017]",1,19
16213,[0.27817601 0.67623272],16,8,"[0.26852263019242567, 0.6890353589332484]",1,-1
16214,[0.22544115 0.69752966],16,8,"[0.26852263019242567, 0.6890353589332484]",1,-1
16215,[0.24253875 0.58338816],16,40,"[0.24325605379412626, 0.6063462149687255]",1,-1
16216,[0.21907017 0.73417712],16,24,"[0.2219823769694232, 0.7523883708842017]",1,-1
16217,[0.1839802  0.67402949],16,20,"[0.18632471116193938, 0.6470504651095214]",1,-1
16218,[0.1703842  0.70438286],16,33,"[0.14360528745911366, 0.7361289007486289]",1,-1
16219,[0.37895624 0.74045205],16,47,"[0.4308417820697566, 0.7426361553548808]",1,-1
16220,[0.27446865 0.70008295],16,8,"[0.26852263019242567, 0.6890353589332484]",1,18
16221,[0.19390562 0.74119568],16,24,"[0.2219823769694232, 0.7523883708842017]",1,-1
16222,[0.3525629  0.68570788],16,19,"[0.3585209611110644, 0.671407469606326]",1,-1
16223,[0.24744974 0.73964278],16,24,"[0.2219823769694232, 0.7523883708842017]",1,-1
16224,[0.30831262 0.72467223],16,8,"[0.26852263019242567, 0.6890353589332484]",1,-1
16225,[0.21027514 0.74591318],16,24,"[0.2219823769694232, 0.7523883708842017]",1,-1
16226,[0.28662672 0.6972742 ],16,8,"[0.26852263019242567, 0.6890353589332484]",1,18
16227,[0.2623997  0.73383895],16,24,"[0.2219823769694232, 0.7523883708842017]",1,-1
16228,[0.22924423 0.73380669],16,24,"[0.2219823769694232, 0.7523883708842017]",1,14
16229,[0.27050621 0.76184995],16,24,"[0.2219823769694232, 0.7523883708842017]",1,-1
16230,[0.16074071 0.68073477],16,20,"[0.18632471116193938, 0.6470504651095214]",1,-1
16231,[0.24306944 0.6942693 ],16,8,"[0.26852263019242567, 0.6890353589332484]",1,-1
16232,[0.34094566 0.77875173],16,12,"[0.3169063637449832, 0.8033325636066986]",1,-1
16233,[0.23559627 0.67190085],16,8,"[0.26852263019242567, 0.6890353589332484]",1,-1
16234,[0.26052551 0.78670204],16,24,"[0.2219823769694232, 0.7523883708842017]",1,-1
16235,[0.26553485 0.64786843],16,8,"[0.26852263019242567, 0.6890353589332484]",1,16
16236,[0.28576962 0.69557834],16,8,"[0.26852263019242567, 0.6890353589332484]",1,18
16237,[0.271044   0.67729499],16,8,"[0.26852263019242567, 0.6890353589332484]",1,-1
16238,[0.18546739 0.71813174],16,33,"[0.14360528745911366, 0.7361289007486289]",1,-1
16239,[0.22819666 0.67854165],16,8,"[0.26852263019242567, 0.6890353589332484]",1,15
16240,[0.28496758 0.73469012],16,8,"[0.26852263019242567, 0.6890353589332484]",1,-1
16241,[0.17524662 0.7443353 ],16,33,"[0.14360528745911366, 0.7361289007486289]",1,-1
16242,[0.31659629 0.67212151],16,19,"[0.3585209611110644, 0.671407469606326]",1,12
16243,[0.38244595 0.63588138],16,19,"[0.3585209611110644, 0.671407469606326]",1,-1
16244,[0.24400841 0.63242735],16,40,"[0.24325605379412626, 0.6063462149687255]",1,11
16245,[0.27472016 0.69293299],16,8,"[0.26852263019242567, 0.6890353589332484]",1,-1
16246,[0.20764615 0.70214039],16,24,"[0.2219823769694232, 0.7523883708842017]",1,-1
16247,[0.3275006  0.67839293],16,19,"[0.3585209611110644, 0.671407469606326]",1,-1
16248,[0.31498508 0.68780258],16,8,"[0.26852263019242567, 0.6890353589332484]",1,12
16249,[0.27122483 0.68718715],16,8,"[0.26852263019242567, 0.6890353589332484]",1,-1
16250,[0.29127289 0.64950844],16,8,"[0.26852263019242567, 0.6890353589332484]",1,-1
16251,[0.2626892 0.6627987],16,8,"[0.26852263019242567, 0.6890353589332484]",1,-1
16252,[0.28606208 0.6173156 ],16,44,"[0.30505443145580996, 0.5938366826632161]",1,-1
16253,[0.20633855 0.69510532],16,20,"[0.18632471116193938, 0.6470504651095214]",1,13
16254,[0.23173939 0.61454648],16,40,"[0.24325605379412626, 0.6063462149687255]",1,-1
16255,[0.31071809 0.80687247],16,12,"[0.3169063637449832, 0.8033325636066986]",1,-1
16256,[0.24664645 0.70894296],16,8,"[0.26852263019242567, 0.6890353589332484]",1,-1
16257,[0.28089844 0.69182591],16,8,"[0.26852263019242567, 0.6890353589332484]",1,-1
16258,[0.3589186  0.60045576],16,25,"[0.38660465276603295, 0.5871767558758164]",1,-1
16259,[0.32004721 0.6995745 ],16,19,"[0.3585209611110644, 0.671407469606326]",1,-1
16260,[0.2738057  0.67746037],16,8,"[0.26852263019242567, 0.6890353589332484]",1,-1
16261,[0.27944815 0.63807475],16,40,"[0.24325605379412626, 0.6063462149687255]",1,-1
16262,[0.23403977 0.67975219],16,8,"[0.26852263019242567, 0.6890353589332484]",1,-1
16263,[0.22373584 0.70162901],16,8,"[0.26852263019242567, 0.6890353589332484]",1,-1
16264,[0.21383738 0.74913899],16,24,"[0.2219823769694232, 0.7523883708842017]",1,14
16265,[0.30600885 0.70579042],16,8,"[0.26852263019242567, 0.6890353589332484]",1,-1
16266,[0.31056581 0.70427872],16,8,"[0.26852263019242567, 0.6890353589332484]",1,-1
16267,[0.28239226 0.69082416],16,8,"[0.26852263019242567, 0.6890353589332484]",1,-1
16268,[0.26237355 0.64855868],16,8,"[0.26852263019242567, 0.6890353589332484]",1,16
16269,[0.23289148 0.72321747],16,24,"[0.2219823769694232, 0.7523883708842017]",1,-1
16270,[0.34789391 0.73764062],16,19,"[0.3585209611110644, 0.671407469606326]",1,-1
16271,[0.34409649 0.7207902 ],16,19,"[0.3585209611110644, 0.671407469606326]",1,-1
16272,[0.35937072 0.66130946],16,19,"[0.3585209611110644, 0.671407469606326]",1,9
16273,[0.31825926 0.6233123 ],16,44,"[0.30505443145580996, 0.5938366826632161]",1,-1
16274,[0.23088562 0.63689014],16,40,"[0.24325605379412626, 0.6063462149687255]",1,-1
16275,[0.2175122  0.67117108],16,20,"[0.18632471116193938, 0.6470504651095214]",1,-1
16276,[0.22129871 0.68553598],16,8,"[0.26852263019242567, 0.6890353589332484]",1,15
16277,[0.34502126 0.75922925],16,12,"[0.3169063637449832, 0.8033325636066986]",1,-1
16278,[0.34114988 0.64595275],16,19,"[0.3585209611110644, 0.671407469606326]",1,9
16279,[0.30480594 0.62600726],16,44,"[0.30505443145580996, 0.5938366826632161]",1,-1
16280,[0.29569293 0.75780818],16,12,"[0.3169063637449832, 0.8033325636066986]",1,-1
16281,[0.34217578 0.72358435],16,19,"[0.3585209611110644, 0.671407469606326]",1,-1
16282,[0.36180205 0.71388203],16,19,"[0.3585209611110644, 0.671407469606326]",1,-1
16283,[0.26133898 0.6407347 ],16,40,"[0.24325605379412626, 0.6063462149687255]",1,-1
16284,[0.24858378 0.6286676 ],16,40,"[0.24325605379412626, 0.6063462149687255]",1,11
16285,[0.25595532 0.77021934],16,24,"[0.2219823769694232, 0.7523883708842017]",1,-1
16286,[0.26396784 0.75302444],16,24,"[0.2219823769694232, 0.7523883708842017]",1,-1
16287,[0.2506914  0.70980663],16,8,"[0.26852263019242567, 0.6890353589332484]",1,-1
16288,[0.2669731  0.63937742],16,40,"[0.24325605379412626, 0.6063462149687255]",1,-1
16289,[0.20683885 0.66602535],16,20,"[0.18632471116193938, 0.6470504651095214]",1,-1
16290,[0.27776421 0.69087529],16,8,"[0.26852263019242567, 0.6890353589332484]",1,18
16291,[0.32061908 0.64805975],16,19,"[0.3585209611110644, 0.671407469606326]",1,-1
16292,[0.2112638  0.71134024],16,24,"[0.2219823769694232, 0.7523883708842017]",1,-1
16293,[0.2538905 0.7104864],16,8,"[0.26852263019242567, 0.6890353589332484]",1,-1
16294,[0.36243232 0.64866908],16,19,"[0.3585209611110644, 0.671407469606326]",1,-1
16295,[0.27041262 0.74439861],16,24,"[0.2219823769694232, 0.7523883708842017]",1,-1
16296,[0.25375371 0.79510862],16,24,"[0.2219823769694232, 0.7523883708842017]",1,-1
16297,[0.08103235 0.69479906],16,-1,-1,1,-1
16298,[0.19699948 0.72826317],16,24,"[0.2219823769694232, 0.7523883708842017]",1,-1
16299,[0.26151422 0.71578282],16,8,"[0.26852263019242567, 0.6890353589332484]",1,-1
16300,[0.28134012 0.77812579],16,12,"[0.3169063637449832, 0.8033325636066986]",1,-1
16301,[0.17551766 0.75987269],16,33,"[0.14360528745911366, 0.7361289007486289]",1,-1
16302,[0.29328619 0.71995794],16,8,"[0.26852263019242567, 0.6890353589332484]",1,-1
16303,[0.19817085 0.65814636],16,20,"[0.18632471116193938, 0.6470504651095214]",1,-1
16304,[0.25902643 0.72641221],16,8,"[0.26852263019242567, 0.6890353589332484]",1,19
16305,[0.18169343 0.76492333],16,24,"[0.2219823769694232, 0.7523883708842017]",1,-1
16306,[0.20293818 0.66753272],16,20,"[0.18632471116193938, 0.6470504651095214]",1,-1
16307,[0.38209469 0.77470273],16,47,"[0.4308417820697566, 0.7426361553548808]",1,-1
16308,[0.23668009 0.68090465],16,8,"[0.26852263019242567, 0.6890353589332484]",1,-1
16309,[0.22310369 0.71586426],16,24,"[0.2219823769694232, 0.7523883708842017]",1,-1
16310,[0.35957378 0.70026506],16,19,"[0.3585209611110644, 0.671407469606326]",1,-1
16311,[0.26585829 0.69967935],16,8,"[0.26852263019242567, 0.6890353589332484]",1,-1
16312,[0.20781102 0.71088699],16,24,"[0.2219823769694232, 0.7523883708842017]",1,-1
16313,[0.29340514 0.6740711 ],16,8,"[0.26852263019242567, 0.6890353589332484]",1,-1
16314,[0.28049088 0.6444824 ],16,8,"[0.26852263019242567, 0.6890353589332484]",1,-1
16315,[0.3166569  0.72478953],16,8,"[0.26852263019242567, 0.6890353589332484]",1,-1
16316,[0.22510279 0.76075954],16,24,"[0.2219823769694232, 0.7523883708842017]",1,-1
16317,[0.27892208 0.73845512],16,8,"[0.26852263019242567, 0.6890353589332484]",1,-1
16318,[0.29479718 0.68133332],16,8,"[0.26852263019242567, 0.6890353589332484]",1,-1
16319,[0.25800862 0.66617404],16,8,"[0.26852263019242567, 0.6890353589332484]",1,-1
16320,[0.2930079 0.6700015],16,8,"[0.26852263019242567, 0.6890353589332484]",1,-1
16321,[0.28000352 0.72687045],16,8,"[0.26852263019242567, 0.6890353589332484]",1,-1
16322,[0.30901365 0.72452723],16,8,"[0.26852263019242567, 0.6890353589332484]",1,-1
16323,[0.23504483 0.72298841],16,24,"[0.2219823769694232, 0.7523883708842017]",1,14
16324,[0.17569745 0.68729558],16,20,"[0.18632471116193938, 0.6470504651095214]",1,-1
16325,[0.17020237 0.7641026 ],16,33,"[0.14360528745911366, 0.7361289007486289]",1,-1
16326,[0.21069093 0.65445855],16,20,"[0.18632471116193938, 0.6470504651095214]",1,-1
16327,[0.22893846 0.76656501],16,24,"[0.2219823769694232, 0.7523883708842017]",1,-1
16328,[0.24893221 0.75574045],16,24,"[0.2219823769694232, 0.7523883708842017]",1,-1
16329,[0.20668848 0.66552948],16,20,"[0.18632471116193938, 0.6470504651095214]",1,-1
16330,[0.25055682 0.65444696],16,8,"[0.26852263019242567, 0.6890353589332484]",1,-1
16331,[0.13810356 0.6482966 ],16,20,"[0.18632471116193938, 0.6470504651095214]",1,-1
16332,[0.22237189 0.73335705],16,24,"[0.2219823769694232, 0.7523883708842017]",1,14
16333,[0.21895297 0.66359164],16,20,"[0.18632471116193938, 0.6470504651095214]",1,-1
16334,[0.34883861 0.66246544],16,19,"[0.3585209611110644, 0.671407469606326]",1,-1
16335,[0.35824294 0.71075135],16,19,"[0.3585209611110644, 0.671407469606326]",1,-1
16336,[0.22021821 0.66851337],16,20,"[0.18632471116193938, 0.6470504651095214]",1,15
16337,[0.26235792 0.71621196],16,8,"[0.26852263019242567, 0.6890353589332484]",1,19
16338,[0.31140128 0.66024627],16,19,"[0.3585209611110644, 0.671407469606326]",1,12
16339,[0.22794996 0.74130496],16,24,"[0.2219823769694232, 0.7523883708842017]",1,14
16340,[0.21435519 0.66916324],16,20,"[0.18632471116193938, 0.6470504651095214]",1,-1
16341,[0.23726485 0.82293092],16,38,"[0.1833808871148498, 0.824806751753795]",1,-1
16342,[0.30164864 0.7145996 ],16,8,"[0.26852263019242567, 0.6890353589332484]",1,-1
16343,[0.24434402 0.6515422 ],16,8,"[0.26852263019242567, 0.6890353589332484]",1,-1
16344,[0.35645631 0.69609836],16,19,"[0.3585209611110644, 0.671407469606326]",1,-1
16345,[0.3229958  0.67640434],16,19,"[0.3585209611110644, 0.671407469606326]",1,-1
16346,[0.30175425 0.61201618],16,44,"[0.30505443145580996, 0.5938366826632161]",1,-1
16347,[0.21028438 0.7842079 ],16,24,"[0.2219823769694232, 0.7523883708842017]",1,-1
16348,[0.30315251 0.70715454],16,8,"[0.26852263019242567, 0.6890353589332484]",1,-1
16349,[0.33165626 0.6617837 ],16,19,"[0.3585209611110644, 0.671407469606326]",1,12
16350,[0.31832528 0.54464452],16,44,"[0.30505443145580996, 0.5938366826632161]",1,-1
16351,[0.25304874 0.69787035],16,8,"[0.26852263019242567, 0.6890353589332484]",1,-1
16352,[0.25112763 0.77430489],16,24,"[0.2219823769694232, 0.7523883708842017]",1,-1
16353,[0.28116543 0.76429234],16,12,"[0.3169063637449832, 0.8033325636066986]",1,-1
16354,[0.27177087 0.66852564],16,8,"[0.26852263019242567, 0.6890353589332484]",1,-1
16355,[0.26434607 0.80948083],16,12,"[0.3169063637449832, 0.8033325636066986]",1,-1
16356,[0.36286133 0.66636647],16,19,"[0.3585209611110644, 0.671407469606326]",1,9
16357,[0.25309375 0.66348381],16,8,"[0.26852263019242567, 0.6890353589332484]",1,-1
16358,[0.36601255 0.72118234],16,19,"[0.3585209611110644, 0.671407469606326]",1,-1
16359,[0.25324861 0.73848964],16,24,"[0.2219823769694232, 0.7523883708842017]",1,-1
16360,[0.34661813 0.70633409],16,19,"[0.3585209611110644, 0.671407469606326]",1,-1
16361,[0.2425454  0.68386186],16,8,"[0.26852263019242567, 0.6890353589332484]",1,-1
16362,[0.29397405 0.78995612],16,12,"[0.3169063637449832, 0.8033325636066986]",1,-1
16363,[0.22632689 0.69173338],16,8,"[0.26852263019242567, 0.6890353589332484]",1,-1
16364,[0.30070531 0.75572459],16,12,"[0.3169063637449832, 0.8033325636066986]",1,-1
16365,[0.25911466 0.67445059],16,8,"[0.26852263019242567, 0.6890353589332484]",1,-1
16366,[0.30998587 0.6620615 ],16,19,"[0.3585209611110644, 0.671407469606326]",1,-1
16367,[0.30574389 0.56795477],16,44,"[0.30505443145580996, 0.5938366826632161]",1,-1
16368,[0.32437387 0.80159477],16,12,"[0.3169063637449832, 0.8033325636066986]",1,-1
16369,[0.31333566 0.74476029],16,12,"[0.3169063637449832, 0.8033325636066986]",1,-1
16370,[0.28537889 0.61688085],16,44,"[0.30505443145580996, 0.5938366826632161]",1,-1
16371,[0.28016151 0.70174813],16,8,"[0.26852263019242567, 0.6890353589332484]",1,18
16372,[0.3088793  0.73035802],16,8,"[0.26852263019242567, 0.6890353589332484]",1,-1
16373,[0.1591005  0.70328532],16,33,"[0.14360528745911366, 0.7361289007486289]",1,-1
16374,[0.27377736 0.71690766],16,8,"[0.26852263019242567, 0.6890353589332484]",1,18
16375,[0.23801539 0.61392908],16,40,"[0.24325605379412626, 0.6063462149687255]",1,-1
16376,[0.19344955 0.6997254 ],16,20,"[0.18632471116193938, 0.6470504651095214]",1,13
16377,[0.23855926 0.80149396],16,24,"[0.2219823769694232, 0.7523883708842017]",1,-1
16378,[0.20392276 0.61553709],16,20,"[0.18632471116193938, 0.6470504651095214]",1,-1
16379,[0.23854281 0.72357697],16,24,"[0.2219823769694232, 0.7523883708842017]",1,-1
16380,[0.21353875 0.70958204],16,24,"[0.2219823769694232, 0.7523883708842017]",1,14
16381,[0.34284714 0.73229433],16,19,"[0.3585209611110644, 0.671407469606326]",1,-1
16382,[0.28414878 0.77799445],16,12,"[0.3169063637449832, 0.8033325636066986]",1,-1
16383,[0.32808483 0.67990016],16,19,"[0.3585209611110644, 0.671407469606326]",1,-1
16384,[0.35745846 0.71792675],16,19,"[0.3585209611110644, 0.671407469606326]",1,-1
16385,[0.16276473 0.63112488],16,20,"[0.18632471116193938, 0.6470504651095214]",1,-1
16386,[0.29497217 0.68887988],16,8,"[0.26852263019242567, 0.6890353589332484]",1,-1
16387,[0.23500958 0.69165782],16,8,"[0.26852263019242567, 0.6890353589332484]",1,15
16388,[0.20184184 0.70766155],16,24,"[0.2219823769694232, 0.7523883708842017]",1,-1
16389,[0.19551116 0.69240932],16,20,"[0.18632471116193938, 0.6470504651095214]",1,-1
16390,[0.17941753 0.72666478],16,33,"[0.14360528745911366, 0.7361289007486289]",1,-1
16391,[0.17230588 0.66168572],16,20,"[0.18632471116193938, 0.6470504651095214]",1,-1
16392,[0.30051738 0.77723674],16,12,"[0.3169063637449832, 0.8033325636066986]",1,-1
16393,[0.31939955 0.71257925],16,8,"[0.26852263019242567, 0.6890353589332484]",1,-1
16394,[0.17079852 0.6464915 ],16,20,"[0.18632471116193938, 0.6470504651095214]",1,-1
16395,[0.32938545 0.72958405],16,19,"[0.3585209611110644, 0.671407469606326]",1,-1
16396,[0.25607385 0.70922532],16,8,"[0.26852263019242567, 0.6890353589332484]",1,-1
16397,[0.29715996 0.67664132],16,8,"[0.26852263019242567, 0.6890353589332484]",1,-1
16398,[0.22331698 0.66861922],16,20,"[0.18632471116193938, 0.6470504651095214]",1,15
16399,[0.32469014 0.68421783],16,19,"[0.3585209611110644, 0.671407469606326]",1,12
16400,[0.22403655 0.7254591 ],16,24,"[0.2219823769694232, 0.7523883708842017]",1,14
16401,[0.22043068 0.72232155],16,24,"[0.2219823769694232, 0.7523883708842017]",1,14
16402,[0.26934376 0.75856517],16,24,"[0.2219823769694232, 0.7523883708842017]",1,-1
16403,[0.25725366 0.64813371],16,8,"[0.26852263019242567, 0.6890353589332484]",1,16
16404,[0.20138722 0.79188168],16,38,"[0.1833808871148498, 0.824806751753795]",1,-1
16405,[0.28544662 0.78606073],16,12,"[0.3169063637449832, 0.8033325636066986]",1,-1
16406,[0.23476105 0.68683653],16,8,"[0.26852263019242567, 0.6890353589332484]",1,15
16407,[0.31169703 0.67536701],16,8,"[0.26852263019242567, 0.6890353589332484]",1,12
16408,[0.31568572 0.67361744],16,19,"[0.3585209611110644, 0.671407469606326]",1,-1
16409,[0.31363866 0.74145527],16,12,"[0.3169063637449832, 0.8033325636066986]",1,-1
16410,[0.22519959 0.73069157],16,24,"[0.2219823769694232, 0.7523883708842017]",1,14
16411,[0.30041525 0.73782619],16,8,"[0.26852263019242567, 0.6890353589332484]",1,-1
16412,[0.3370301  0.77499826],16,12,"[0.3169063637449832, 0.8033325636066986]",1,-1
16413,[0.32419627 0.68385416],16,19,"[0.3585209611110644, 0.671407469606326]",1,12
16414,[0.22941464 0.79860038],16,24,"[0.2219823769694232, 0.7523883708842017]",1,-1
16415,[0.25525477 0.56116831],16,40,"[0.24325605379412626, 0.6063462149687255]",1,-1
16416,[0.3094822  0.75067414],16,12,"[0.3169063637449832, 0.8033325636066986]",1,-1
16417,[0.27121862 0.69616922],16,8,"[0.26852263019242567, 0.6890353589332484]",1,18
16418,[0.32090423 0.68374394],16,19,"[0.3585209611110644, 0.671407469606326]",1,12
16419,[0.34777234 0.61256439],16,25,"[0.38660465276603295, 0.5871767558758164]",1,-1
16420,[0.35237592 0.72852879],16,19,"[0.3585209611110644, 0.671407469606326]",1,-1
16421,[0.3114569  0.70522747],16,8,"[0.26852263019242567, 0.6890353589332484]",1,-1
16422,[0.27524037 0.71107037],16,8,"[0.26852263019242567, 0.6890353589332484]",1,18
16423,[0.24459927 0.75457265],16,24,"[0.2219823769694232, 0.7523883708842017]",1,-1
16424,[0.27753884 0.65016895],16,8,"[0.26852263019242567, 0.6890353589332484]",1,-1
16425,[0.27378138 0.67181448],16,8,"[0.26852263019242567, 0.6890353589332484]",1,-1
16426,[0.36106699 0.703418  ],16,19,"[0.3585209611110644, 0.671407469606326]",1,-1
16427,[0.31120207 0.68222081],16,8,"[0.26852263019242567, 0.6890353589332484]",1,12
16428,[0.28088594 0.62919146],16,44,"[0.30505443145580996, 0.5938366826632161]",1,-1
16429,[0.23028797 0.70077423],16,8,"[0.26852263019242567, 0.6890353589332484]",1,-1
16430,[0.29299965 0.62744857],16,44,"[0.30505443145580996, 0.5938366826632161]",1,-1
16431,[0.21024682 0.73037209],16,24,"[0.2219823769694232, 0.7523883708842017]",1,-1
16432,[0.28660523 0.72159902],16,8,"[0.26852263019242567, 0.6890353589332484]",1,-1
16433,[0.28303516 0.67025326],16,8,"[0.26852263019242567, 0.6890353589332484]",1,-1
16434,[0.22219984 0.77113348],16,24,"[0.2219823769694232, 0.7523883708842017]",1,-1
16435,[0.34321357 0.73740702],16,19,"[0.3585209611110644, 0.671407469606326]",1,-1
16436,[0.2530439 0.6516331],16,8,"[0.26852263019242567, 0.6890353589332484]",1,-1
16437,[0.27559246 0.72899354],16,8,"[0.26852263019242567, 0.6890353589332484]",1,-1
16438,[0.23395098 0.69375943],16,8,"[0.26852263019242567, 0.6890353589332484]",1,-1
16439,[0.20822394 0.70412604],16,24,"[0.2219823769694232, 0.7523883708842017]",1,-1
16440,[0.26180825 0.73449971],16,24,"[0.2219823769694232, 0.7523883708842017]",1,-1
16441,[0.21608089 0.65472619],16,20,"[0.18632471116193938, 0.6470504651095214]",1,-1
16442,[0.29380516 0.67494692],16,8,"[0.26852263019242567, 0.6890353589332484]",1,-1
16443,[0.21366789 0.69934088],16,24,"[0.2219823769694232, 0.7523883708842017]",1,-1
16444,[0.32116275 0.75659649],16,12,"[0.3169063637449832, 0.8033325636066986]",1,-1
16445,[0.18097522 0.65511106],16,20,"[0.18632471116193938, 0.6470504651095214]",1,-1
16446,[0.23244721 0.79235385],16,24,"[0.2219823769694232, 0.7523883708842017]",1,-1
16447,[0.31044842 0.69402599],16,8,"[0.26852263019242567, 0.6890353589332484]",1,-1
16448,[0.26393531 0.76867149],16,24,"[0.2219823769694232, 0.7523883708842017]",1,-1
16449,[0.32291611 0.67927943],16,19,"[0.3585209611110644, 0.671407469606326]",1,12
16450,[0.25670326 0.73052308],16,24,"[0.2219823769694232, 0.7523883708842017]",1,19
16451,[0.20861989 0.65760411],16,20,"[0.18632471116193938, 0.6470504651095214]",1,-1
16452,[0.31217654 0.76576014],16,12,"[0.3169063637449832, 0.8033325636066986]",1,-1
16453,[0.25535513 0.66964777],16,8,"[0.26852263019242567, 0.6890353589332484]",1,-1
16454,[0.28773151 0.60606173],16,44,"[0.30505443145580996, 0.5938366826632161]",1,-1
16455,[0.25035616 0.63680315],16,40,"[0.24325605379412626, 0.6063462149687255]",1,-1
16456,[0.19514341 0.69316094],16,20,"[0.18632471116193938, 0.6470504651095214]",1,-1
16457,[0.2522412 0.5914092],16,40,"[0.24325605379412626, 0.6063462149687255]",1,-1
16458,[0.26611941 0.71356234],16,8,"[0.26852263019242567, 0.6890353589332484]",1,-1
16459,[0.23268939 0.67673041],16,8,"[0.26852263019242567, 0.6890353589332484]",1,-1
16460,[0.17392494 0.69558501],16,20,"[0.18632471116193938, 0.6470504651095214]",1,-1
16461,[0.26224057 0.7136224 ],16,8,"[0.26852263019242567, 0.6890353589332484]",1,-1
16462,[0.27792289 0.5894138 ],16,44,"[0.30505443145580996, 0.5938366826632161]",1,-1
16463,[0.3276334 0.7541743],16,12,"[0.3169063637449832, 0.8033325636066986]",1,-1
16464,[0.18015355 0.70476117],16,33,"[0.14360528745911366, 0.7361289007486289]",1,-1
16465,[0.25099721 0.72395086],16,8,"[0.26852263019242567, 0.6890353589332484]",1,19
16466,[0.27333933 0.7356177 ],16,8,"[0.26852263019242567, 0.6890353589332484]",1,-1
16467,[0.22297886 0.67089467],16,20,"[0.18632471116193938, 0.6470504651095214]",1,15
16468,[0.26759713 0.69253957],16,8,"[0.26852263019242567, 0.6890353589332484]",1,-1
16469,[0.31982833 0.6456226 ],16,19,"[0.3585209611110644, 0.671407469606326]",1,-1
16470,[0.21625314 0.58592429],16,40,"[0.24325605379412626, 0.6063462149687255]",1,7
16471,[0.22842531 0.71164062],16,24,"[0.2219823769694232, 0.7523883708842017]",1,-1
16472,[0.24175289 0.68989404],16,8,"[0.26852263019242567, 0.6890353589332484]",1,-1
16473,[0.31785359 0.66829373],16,19,"[0.3585209611110644, 0.671407469606326]",1,12
16474,[0.27733653 0.79873376],16,12,"[0.3169063637449832, 0.8033325636066986]",1,-1
16475,[0.26540366 0.72176314],16,8,"[0.26852263019242567, 0.6890353589332484]",1,-1
16476,[0.30002736 0.70111779],16,8,"[0.26852263019242567, 0.6890353589332484]",1,-1
16477,[0.3077481  0.69665198],16,8,"[0.26852263019242567, 0.6890353589332484]",1,-1
16478,[0.23260585 0.63145385],16,40,"[0.24325605379412626, 0.6063462149687255]",1,11
16479,[0.3034399  0.66367119],16,8,"[0.26852263019242567, 0.6890353589332484]",1,-1
16480,[0.27697239 0.65715723],16,8,"[0.26852263019242567, 0.6890353589332484]",1,-1
16481,[0.31429759 0.75811396],16,12,"[0.3169063637449832, 0.8033325636066986]",1,-1
16482,[0.21688038 0.69555125],16,8,"[0.26852263019242567, 0.6890353589332484]",1,-1
16483,[0.17354838 0.72807032],16,33,"[0.14360528745911366, 0.7361289007486289]",1,-1
16484,[0.19422697 0.6744491 ],16,20,"[0.18632471116193938, 0.6470504651095214]",1,-1
16485,[0.23460607 0.70755741],16,8,"[0.26852263019242567, 0.6890353589332484]",1,-1
16486,[0.18967545 0.67423795],16,20,"[0.18632471116193938, 0.6470504651095214]",1,-1
16487,[0.26922679 0.70063067],16,8,"[0.26852263019242567, 0.6890353589332484]",1,18
16488,[0.26325272 0.72205682],16,8,"[0.26852263019242567, 0.6890353589332484]",1,18
16489,[0.28003505 0.65112001],16,8,"[0.26852263019242567, 0.6890353589332484]",1,-1
16490,[0.19825771 0.67515539],16,20,"[0.18632471116193938, 0.6470504651095214]",1,-1
16491,[0.29852318 0.73656566],16,8,"[0.26852263019242567, 0.6890353589332484]",1,-1
16492,[0.2529796  0.66261077],16,8,"[0.26852263019242567, 0.6890353589332484]",1,-1
16493,[0.28936224 0.67525375],16,8,"[0.26852263019242567, 0.6890353589332484]",1,17
16494,[0.28706662 0.70900501],16,8,"[0.26852263019242567, 0.6890353589332484]",1,-1
16495,[0.2732281  0.70361882],16,8,"[0.26852263019242567, 0.6890353589332484]",1,-1
16496,[0.24926239 0.697903  ],16,8,"[0.26852263019242567, 0.6890353589332484]",1,-1
16497,[0.26871087 0.77667897],16,24,"[0.2219823769694232, 0.7523883708842017]",1,-1
16498,[0.31770129 0.72310864],16,8,"[0.26852263019242567, 0.6890353589332484]",1,-1
16499,[0.29723837 0.74524613],16,12,"[0.3169063637449832, 0.8033325636066986]",1,-1
16500,[0.32973342 0.69655482],16,19,"[0.3585209611110644, 0.671407469606326]",1,-1
16501,[0.26237157 0.67013716],16,8,"[0.26852263019242567, 0.6890353589332484]",1,-1
16502,[0.27033221 0.76516781],16,24,"[0.2219823769694232, 0.7523883708842017]",1,-1
16503,[0.21965944 0.67320108],16,20,"[0.18632471116193938, 0.6470504651095214]",1,-1
16504,[0.26473017 0.78361633],16,24,"[0.2219823769694232, 0.7523883708842017]",1,-1
16505,[0.26619686 0.66616184],16,8,"[0.26852263019242567, 0.6890353589332484]",1,17
16506,[0.31239857 0.67334098],16,19,"[0.3585209611110644, 0.671407469606326]",1,12
16507,[0.26160514 0.70077689],16,8,"[0.26852263019242567, 0.6890353589332484]",1,-1
16508,[0.35751145 0.74687698],16,12,"[0.3169063637449832, 0.8033325636066986]",1,-1
16509,[0.28481919 0.65595159],16,8,"[0.26852263019242567, 0.6890353589332484]",1,-1
16510,[0.24304952 0.59339315],16,40,"[0.24325605379412626, 0.6063462149687255]",1,-1
16511,[0.14668056 0.70064659],16,33,"[0.14360528745911366, 0.7361289007486289]",1,-1
16512,[0.33542781 0.66799344],16,19,"[0.3585209611110644, 0.671407469606326]",1,12
16513,[0.2177261  0.70725319],16,24,"[0.2219823769694232, 0.7523883708842017]",1,14
16514,[0.23023892 0.71863326],16,24,"[0.2219823769694232, 0.7523883708842017]",1,-1
16515,[0.27691229 0.6869948 ],16,8,"[0.26852263019242567, 0.6890353589332484]",1,-1
16516,[0.32325706 0.70182894],16,19,"[0.3585209611110644, 0.671407469606326]",1,-1
16517,[0.40262174 0.73556814],16,47,"[0.4308417820697566, 0.7426361553548808]",1,-1
16518,[0.30375738 0.68265147],16,8,"[0.26852263019242567, 0.6890353589332484]",1,-1
16519,[0.33998003 0.71174518],16,19,"[0.3585209611110644, 0.671407469606326]",1,-1
16520,[0.20194837 0.77454942],16,24,"[0.2219823769694232, 0.7523883708842017]",1,-1
16521,[0.32059226 0.70840726],16,19,"[0.3585209611110644, 0.671407469606326]",1,-1
16522,[0.273582   0.71891152],16,8,"[0.26852263019242567, 0.6890353589332484]",1,18
16523,[0.22656071 0.72942684],16,24,"[0.2219823769694232, 0.7523883708842017]",1,14
16524,[0.29456871 0.70541754],16,8,"[0.26852263019242567, 0.6890353589332484]",1,18
16525,[0.33074072 0.65429084],16,19,"[0.3585209611110644, 0.671407469606326]",1,-1
16526,[0.17761835 0.68198218],16,20,"[0.18632471116193938, 0.6470504651095214]",1,-1
16527,[0.18421327 0.69618664],16,20,"[0.18632471116193938, 0.6470504651095214]",1,-1
16528,[0.30826242 0.72421948],16,8,"[0.26852263019242567, 0.6890353589332484]",1,-1
16529,[0.24362194 0.68035586],16,8,"[0.26852263019242567, 0.6890353589332484]",1,-1
16530,[0.2883869  0.71091574],16,8,"[0.26852263019242567, 0.6890353589332484]",1,18
16531,[0.27700948 0.68606186],16,8,"[0.26852263019242567, 0.6890353589332484]",1,-1
16532,[0.2344035  0.67071685],16,8,"[0.26852263019242567, 0.6890353589332484]",1,-1
16533,[0.32481644 0.64465595],16,19,"[0.3585209611110644, 0.671407469606326]",1,-1
16534,[0.35564024 0.71316033],16,19,"[0.3585209611110644, 0.671407469606326]",1,-1
16535,[0.28146454 0.73111213],16,8,"[0.26852263019242567, 0.6890353589332484]",1,-1
16536,[0.33883796 0.71091939],16,19,"[0.3585209611110644, 0.671407469606326]",1,-1
16537,[0.21359557 0.63474561],16,20,"[0.18632471116193938, 0.6470504651095214]",1,-1
16538,[0.35063587 0.76500785],16,12,"[0.3169063637449832, 0.8033325636066986]",1,-1
16539,[0.27311802 0.6923655 ],16,8,"[0.26852263019242567, 0.6890353589332484]",1,-1
16540,[0.35266424 0.72333529],16,19,"[0.3585209611110644, 0.671407469606326]",1,-1
16541,[0.29753404 0.76837896],16,12,"[0.3169063637449832, 0.8033325636066986]",1,-1
16542,[0.2826307  0.66596479],16,8,"[0.26852263019242567, 0.6890353589332484]",1,-1
16543,[0.16692228 0.60376212],16,49,"[0.14893778703439292, 0.5666898184239806]",1,-1
16544,[0.30307757 0.74813636],16,12,"[0.3169063637449832, 0.8033325636066986]",1,-1
16545,[0.22006159 0.71386626],16,24,"[0.2219823769694232, 0.7523883708842017]",1,14
16546,[0.24369309 0.63406895],16,40,"[0.24325605379412626, 0.6063462149687255]",1,11
16547,[0.21735624 0.76320248],16,24,"[0.2219823769694232, 0.7523883708842017]",1,-1
16548,[0.217478   0.76983975],16,24,"[0.2219823769694232, 0.7523883708842017]",1,-1
16549,[0.24094738 0.73187552],16,24,"[0.2219823769694232, 0.7523883708842017]",1,-1
16550,[0.28366349 0.74469683],16,8,"[0.26852263019242567, 0.6890353589332484]",1,-1
16551,[0.32470582 0.69401845],16,19,"[0.3585209611110644, 0.671407469606326]",1,-1
16552,[0.27600098 0.68240656],16,8,"[0.26852263019242567, 0.6890353589332484]",1,-1
16553,[0.17525394 0.66339034],16,20,"[0.18632471116193938, 0.6470504651095214]",1,-1
16554,[0.14451807 0.71023886],16,33,"[0.14360528745911366, 0.7361289007486289]",1,-1
16555,[0.24550384 0.74345471],16,24,"[0.2219823769694232, 0.7523883708842017]",1,-1
16556,[0.26191927 0.73802348],16,24,"[0.2219823769694232, 0.7523883708842017]",1,-1
16557,[0.27222002 0.74282626],16,24,"[0.2219823769694232, 0.7523883708842017]",1,-1
16558,[0.23887185 0.65328775],16,8,"[0.26852263019242567, 0.6890353589332484]",1,-1
16559,[0.29067939 0.64250855],16,44,"[0.30505443145580996, 0.5938366826632161]",1,-1
16560,[0.29069545 0.72281694],16,8,"[0.26852263019242567, 0.6890353589332484]",1,-1
16561,[0.3673918  0.61173808],16,25,"[0.38660465276603295, 0.5871767558758164]",1,-1
16562,[0.25922967 0.72428297],16,8,"[0.26852263019242567, 0.6890353589332484]",1,19
16563,[0.30126026 0.64093223],16,44,"[0.30505443145580996, 0.5938366826632161]",1,-1
16564,[0.26545703 0.65330872],16,8,"[0.26852263019242567, 0.6890353589332484]",1,-1
16565,[0.21392363 0.63318005],16,20,"[0.18632471116193938, 0.6470504651095214]",1,-1
16566,[0.31072762 0.74939308],16,12,"[0.3169063637449832, 0.8033325636066986]",1,-1
16567,[0.33252483 0.63737539],16,19,"[0.3585209611110644, 0.671407469606326]",1,9
16568,[0.20374535 0.76348255],16,24,"[0.2219823769694232, 0.7523883708842017]",1,-1
16569,[0.23335985 0.76076287],16,24,"[0.2219823769694232, 0.7523883708842017]",1,-1
16570,[0.32691117 0.76078917],16,12,"[0.3169063637449832, 0.8033325636066986]",1,-1
16571,[0.26205986 0.68858076],16,8,"[0.26852263019242567, 0.6890353589332484]",1,-1
16572,[0.29689737 0.79225622],16,12,"[0.3169063637449832, 0.8033325636066986]",1,-1
16573,[0.33908946 0.71951611],16,19,"[0.3585209611110644, 0.671407469606326]",1,-1
16574,[0.19901433 0.68940708],16,20,"[0.18632471116193938, 0.6470504651095214]",1,-1
16575,[0.25110349 0.74822598],16,24,"[0.2219823769694232, 0.7523883708842017]",1,-1
16576,[0.29082996 0.69712238],16,8,"[0.26852263019242567, 0.6890353589332484]",1,-1
16577,[0.36099172 0.77583369],16,12,"[0.3169063637449832, 0.8033325636066986]",1,-1
16578,[0.27419635 0.76566364],16,24,"[0.2219823769694232, 0.7523883708842017]",1,-1
16579,[0.32681289 0.70068769],16,19,"[0.3585209611110644, 0.671407469606326]",1,-1
16580,[0.20493622 0.63160179],16,20,"[0.18632471116193938, 0.6470504651095214]",1,-1
16581,[0.27737362 0.71822339],16,8,"[0.26852263019242567, 0.6890353589332484]",1,18
16582,[0.3305653  0.69937829],16,19,"[0.3585209611110644, 0.671407469606326]",1,-1
16583,[0.2505131  0.74583769],16,24,"[0.2219823769694232, 0.7523883708842017]",1,-1
16584,[0.31318442 0.65048153],16,19,"[0.3585209611110644, 0.671407469606326]",1,-1
16585,[0.3048965  0.70218335],16,8,"[0.26852263019242567, 0.6890353589332484]",1,-1
16586,[0.35449914 0.64926579],16,19,"[0.3585209611110644, 0.671407469606326]",1,9
16587,[0.32864401 0.67041081],16,19,"[0.3585209611110644, 0.671407469606326]",1,-1
16588,[0.24505562 0.68145073],16,8,"[0.26852263019242567, 0.6890353589332484]",1,-1
16589,[0.24923275 0.78403515],16,24,"[0.2219823769694232, 0.7523883708842017]",1,-1
16590,[0.20273031 0.72372504],16,24,"[0.2219823769694232, 0.7523883708842017]",1,14
16591,[0.27262093 0.68143144],16,8,"[0.26852263019242567, 0.6890353589332484]",1,-1
16592,[0.33068409 0.69805109],16,19,"[0.3585209611110644, 0.671407469606326]",1,-1
16593,[0.26181014 0.7613453 ],16,24,"[0.2219823769694232, 0.7523883708842017]",1,-1
16594,[0.28778669 0.59598357],16,44,"[0.30505443145580996, 0.5938366826632161]",1,-1
16595,[0.1700689  0.71149821],16,33,"[0.14360528745911366, 0.7361289007486289]",1,-1
16596,[0.21489065 0.6329011 ],16,20,"[0.18632471116193938, 0.6470504651095214]",1,-1
16597,[0.33054373 0.71592045],16,19,"[0.3585209611110644, 0.671407469606326]",1,-1
16598,[0.23784283 0.63456496],16,40,"[0.24325605379412626, 0.6063462149687255]",1,11
16599,[0.25502629 0.71680034],16,8,"[0.26852263019242567, 0.6890353589332484]",1,-1
16600,[0.3048022  0.75834451],16,12,"[0.3169063637449832, 0.8033325636066986]",1,-1
16601,[0.31960951 0.75801379],16,12,"[0.3169063637449832, 0.8033325636066986]",1,-1
16602,[0.2302402  0.70217522],16,8,"[0.26852263019242567, 0.6890353589332484]",1,-1
16603,[0.23160706 0.67171404],16,8,"[0.26852263019242567, 0.6890353589332484]",1,-1
16604,[0.28470593 0.79887154],16,12,"[0.3169063637449832, 0.8033325636066986]",1,-1
16605,[0.28783404 0.63806724],16,44,"[0.30505443145580996, 0.5938366826632161]",1,-1
16606,[0.21652124 0.53284091],16,17,"[0.19949257984775934, 0.47737458183782433]",1,-1
16607,[0.20559031 0.69532347],16,20,"[0.18632471116193938, 0.6470504651095214]",1,13
16608,[0.23735662 0.68998505],16,8,"[0.26852263019242567, 0.6890353589332484]",1,-1
16609,[0.27656353 0.7509474 ],16,24,"[0.2219823769694232, 0.7523883708842017]",1,-1
16610,[0.17768016 0.65590954],16,20,"[0.18632471116193938, 0.6470504651095214]",1,-1
16611,[0.18906045 0.70504336],16,33,"[0.14360528745911366, 0.7361289007486289]",1,-1
16612,[0.21979324 0.77170631],16,24,"[0.2219823769694232, 0.7523883708842017]",1,-1
16613,[0.24330108 0.6976096 ],16,8,"[0.26852263019242567, 0.6890353589332484]",1,-1
16614,[0.35287433 0.72426248],16,19,"[0.3585209611110644, 0.671407469606326]",1,-1
16615,[0.27837538 0.71648393],16,8,"[0.26852263019242567, 0.6890353589332484]",1,18
16616,[0.29530972 0.60535966],16,44,"[0.30505443145580996, 0.5938366826632161]",1,-1
16617,[0.24321563 0.78443108],16,24,"[0.2219823769694232, 0.7523883708842017]",1,-1
16618,[0.3406324  0.74663659],16,12,"[0.3169063637449832, 0.8033325636066986]",1,-1
16619,[0.15314158 0.75343741],16,33,"[0.14360528745911366, 0.7361289007486289]",1,-1
16620,[0.2410742  0.68952768],16,8,"[0.26852263019242567, 0.6890353589332484]",1,-1
16621,[0.27210312 0.72793223],16,8,"[0.26852263019242567, 0.6890353589332484]",1,-1
16622,[0.2047004  0.66109599],16,20,"[0.18632471116193938, 0.6470504651095214]",1,-1
16623,[0.21053308 0.65757086],16,20,"[0.18632471116193938, 0.6470504651095214]",1,-1
16624,[0.19552312 0.62842546],16,20,"[0.18632471116193938, 0.6470504651095214]",1,-1
16625,[0.30395981 0.72329908],16,8,"[0.26852263019242567, 0.6890353589332484]",1,-1
16626,[0.23558693 0.62610388],16,40,"[0.24325605379412626, 0.6063462149687255]",1,11
16627,[0.26760357 0.73211311],16,8,"[0.26852263019242567, 0.6890353589332484]",1,-1
16628,[0.38774151 0.61294033],16,25,"[0.38660465276603295, 0.5871767558758164]",1,-1
16629,[0.31127745 0.8392318 ],16,12,"[0.3169063637449832, 0.8033325636066986]",1,-1
16630,[0.22158712 0.60678458],16,40,"[0.24325605379412626, 0.6063462149687255]",1,-1
16631,[0.21834998 0.70575073],16,24,"[0.2219823769694232, 0.7523883708842017]",1,-1
16632,[0.2313933  0.70782989],16,8,"[0.26852263019242567, 0.6890353589332484]",1,-1
16633,[0.18994758 0.67491787],16,20,"[0.18632471116193938, 0.6470504651095214]",1,-1
16634,[0.2467263  0.72203079],16,24,"[0.2219823769694232, 0.7523883708842017]",1,-1
16635,[0.31468469 0.71070202],16,8,"[0.26852263019242567, 0.6890353589332484]",1,-1
16636,[0.30248884 0.75768137],16,12,"[0.3169063637449832, 0.8033325636066986]",1,-1
16637,[0.32739146 0.72666819],16,19,"[0.3585209611110644, 0.671407469606326]",1,-1
16638,[0.22247315 0.72947351],16,24,"[0.2219823769694232, 0.7523883708842017]",1,14
16639,[0.3257245  0.66680736],16,19,"[0.3585209611110644, 0.671407469606326]",1,-1
16640,[0.21792238 0.62963631],16,40,"[0.24325605379412626, 0.6063462149687255]",1,-1
16641,[0.33562415 0.82215719],16,12,"[0.3169063637449832, 0.8033325636066986]",1,-1
16642,[0.23168555 0.69966507],16,8,"[0.26852263019242567, 0.6890353589332484]",1,-1
16643,[0.32365465 0.72589766],16,19,"[0.3585209611110644, 0.671407469606326]",1,-1
16644,[0.22200129 0.69678349],16,8,"[0.26852263019242567, 0.6890353589332484]",1,-1
16645,[0.33287387 0.62623721],16,44,"[0.30505443145580996, 0.5938366826632161]",1,-1
16646,[0.34863975 0.75328426],16,12,"[0.3169063637449832, 0.8033325636066986]",1,-1
16647,[0.31659293 0.72527577],16,8,"[0.26852263019242567, 0.6890353589332484]",1,-1
16648,[0.26462055 0.75336715],16,24,"[0.2219823769694232, 0.7523883708842017]",1,-1
16649,[0.27740707 0.69155836],16,8,"[0.26852263019242567, 0.6890353589332484]",1,-1
16650,[0.26493696 0.74724965],16,24,"[0.2219823769694232, 0.7523883708842017]",1,-1
16651,[0.27813427 0.76969781],16,12,"[0.3169063637449832, 0.8033325636066986]",1,-1
16652,[0.33174233 0.6982608 ],16,19,"[0.3585209611110644, 0.671407469606326]",1,-1
16653,[0.23240693 0.65377649],16,20,"[0.18632471116193938, 0.6470504651095214]",1,-1
16654,[0.17706582 0.74666279],16,33,"[0.14360528745911366, 0.7361289007486289]",1,-1
16655,[0.1380961  0.73683464],16,33,"[0.14360528745911366, 0.7361289007486289]",1,-1
16656,[0.26030281 0.66108064],16,8,"[0.26852263019242567, 0.6890353589332484]",1,-1
16657,[0.16871468 0.7115534 ],16,33,"[0.14360528745911366, 0.7361289007486289]",1,-1
16658,[0.26567826 0.73256003],16,8,"[0.26852263019242567, 0.6890353589332484]",1,-1
16659,[0.22360153 0.63698614],16,40,"[0.24325605379412626, 0.6063462149687255]",1,-1
16660,[0.28373494 0.66188626],16,8,"[0.26852263019242567, 0.6890353589332484]",1,-1
16661,[0.23501268 0.66281749],16,8,"[0.26852263019242567, 0.6890353589332484]",1,-1
16662,[0.23591036 0.70255683],16,8,"[0.26852263019242567, 0.6890353589332484]",1,-1
16663,[0.2573254  0.62055233],16,40,"[0.24325605379412626, 0.6063462149687255]",1,-1
16664,[0.27475966 0.6960253 ],16,8,"[0.26852263019242567, 0.6890353589332484]",1,18
16665,[0.36349592 0.58514765],16,25,"[0.38660465276603295, 0.5871767558758164]",1,-1
16666,[0.23756608 0.63055127],16,40,"[0.24325605379412626, 0.6063462149687255]",1,11
16667,[0.32442777 0.75916595],16,12,"[0.3169063637449832, 0.8033325636066986]",1,-1
16668,[0.37136558 0.8437164 ],16,12,"[0.3169063637449832, 0.8033325636066986]",1,4
16669,[0.34955962 0.70442052],16,19,"[0.3585209611110644, 0.671407469606326]",1,-1
16670,[0.24759124 0.69581972],16,8,"[0.26852263019242567, 0.6890353589332484]",1,-1
16671,[0.183971   0.68719641],16,20,"[0.18632471116193938, 0.6470504651095214]",1,-1
16672,[0.25710462 0.70333194],16,8,"[0.26852263019242567, 0.6890353589332484]",1,-1
16673,[0.26779895 0.64577874],16,8,"[0.26852263019242567, 0.6890353589332484]",1,16
16674,[0.20431961 0.69894403],16,20,"[0.18632471116193938, 0.6470504651095214]",1,13
16675,[0.2716465  0.73817102],16,8,"[0.26852263019242567, 0.6890353589332484]",1,-1
16676,[0.32893452 0.66902614],16,19,"[0.3585209611110644, 0.671407469606326]",1,-1
16677,[0.22959402 0.7527151 ],16,24,"[0.2219823769694232, 0.7523883708842017]",1,-1
16678,[0.23978155 0.71365507],16,8,"[0.26852263019242567, 0.6890353589332484]",1,-1
16679,[0.28063008 0.72175038],16,8,"[0.26852263019242567, 0.6890353589332484]",1,-1
16680,[0.20395314 0.6856317 ],16,20,"[0.18632471116193938, 0.6470504651095214]",1,-1
16681,[0.26303161 0.70717902],16,8,"[0.26852263019242567, 0.6890353589332484]",1,-1
16682,[0.2923948  0.74573219],16,8,"[0.26852263019242567, 0.6890353589332484]",1,-1
16683,[0.23570439 0.78412125],16,24,"[0.2219823769694232, 0.7523883708842017]",1,-1
16684,[0.19525075 0.59952026],16,20,"[0.18632471116193938, 0.6470504651095214]",1,-1
16685,[0.34908628 0.71650681],16,19,"[0.3585209611110644, 0.671407469606326]",1,-1
16686,[0.2629858  0.66338829],16,8,"[0.26852263019242567, 0.6890353589332484]",1,-1
16687,[0.23450458 0.71717074],16,24,"[0.2219823769694232, 0.7523883708842017]",1,-1
16688,[0.27211866 0.70150708],16,8,"[0.26852263019242567, 0.6890353589332484]",1,18
16689,[0.24499609 0.66164957],16,8,"[0.26852263019242567, 0.6890353589332484]",1,-1
16690,[0.28472999 0.70070683],16,8,"[0.26852263019242567, 0.6890353589332484]",1,18
16691,[0.25456226 0.69693751],16,8,"[0.26852263019242567, 0.6890353589332484]",1,-1
16692,[0.28801024 0.81898742],16,12,"[0.3169063637449832, 0.8033325636066986]",1,-1
16693,[0.24590326 0.59571062],16,40,"[0.24325605379412626, 0.6063462149687255]",1,-1
16694,[0.25467978 0.74920987],16,24,"[0.2219823769694232, 0.7523883708842017]",1,-1
16695,[0.25259675 0.63433904],16,40,"[0.24325605379412626, 0.6063462149687255]",1,-1
16696,[0.28213017 0.73210056],16,8,"[0.26852263019242567, 0.6890353589332484]",1,-1
16697,[0.24387798 0.76690995],16,24,"[0.2219823769694232, 0.7523883708842017]",1,-1
16698,[0.28603292 0.68012406],16,8,"[0.26852263019242567, 0.6890353589332484]",1,-1
16699,[0.26636095 0.66450503],16,8,"[0.26852263019242567, 0.6890353589332484]",1,17
16700,[0.25916889 0.67674204],16,8,"[0.26852263019242567, 0.6890353589332484]",1,-1
16701,[0.26635623 0.71319316],16,8,"[0.26852263019242567, 0.6890353589332484]",1,-1
16702,[0.31752326 0.63566523],16,44,"[0.30505443145580996, 0.5938366826632161]",1,-1
16703,[0.32474434 0.80340751],16,12,"[0.3169063637449832, 0.8033325636066986]",1,-1
16704,[0.1928368  0.70195729],16,20,"[0.18632471116193938, 0.6470504651095214]",1,13
16705,[0.28498711 0.71546571],16,8,"[0.26852263019242567, 0.6890353589332484]",1,-1
16706,[0.33020952 0.72665216],16,19,"[0.3585209611110644, 0.671407469606326]",1,-1
16707,[0.37684737 0.63846018],16,19,"[0.3585209611110644, 0.671407469606326]",1,-1
16708,[0.26787883 0.64271151],16,40,"[0.24325605379412626, 0.6063462149687255]",1,16
16709,[0.32794406 0.69658614],16,19,"[0.3585209611110644, 0.671407469606326]",1,-1
16710,[0.31171   0.6653247],16,19,"[0.3585209611110644, 0.671407469606326]",1,12
16711,[0.27153146 0.64324436],16,8,"[0.26852263019242567, 0.6890353589332484]",1,-1
16712,[0.26031031 0.61253843],16,40,"[0.24325605379412626, 0.6063462149687255]",1,-1
16713,[0.30078303 0.75918303],16,12,"[0.3169063637449832, 0.8033325636066986]",1,-1
16714,[0.31359139 0.58685664],16,44,"[0.30505443145580996, 0.5938366826632161]",1,-1
16715,[0.26007283 0.75912784],16,24,"[0.2219823769694232, 0.7523883708842017]",1,-1
16716,[0.28942742 0.70121928],16,8,"[0.26852263019242567, 0.6890353589332484]",1,18
16717,[0.25781694 0.73057161],16,24,"[0.2219823769694232, 0.7523883708842017]",1,19
16718,[0.14967395 0.81081416],16,38,"[0.1833808871148498, 0.824806751753795]",1,-1
16719,[0.18657232 0.63404844],16,20,"[0.18632471116193938, 0.6470504651095214]",1,-1
16720,[0.24449292 0.63786686],16,40,"[0.24325605379412626, 0.6063462149687255]",1,11
16721,[0.23390951 0.79245108],16,24,"[0.2219823769694232, 0.7523883708842017]",1,-1
16722,[0.25341631 0.58172036],16,40,"[0.24325605379412626, 0.6063462149687255]",1,-1
16723,[0.18999898 0.65567503],16,20,"[0.18632471116193938, 0.6470504651095214]",1,-1
16724,[0.28756333 0.64944377],16,8,"[0.26852263019242567, 0.6890353589332484]",1,-1
16725,[0.31810977 0.65736363],16,19,"[0.3585209611110644, 0.671407469606326]",1,-1
16726,[0.29013968 0.63717996],16,44,"[0.30505443145580996, 0.5938366826632161]",1,-1
16727,[0.20296881 0.68749684],16,20,"[0.18632471116193938, 0.6470504651095214]",1,-1
16728,[0.34977247 0.70727108],16,19,"[0.3585209611110644, 0.671407469606326]",1,-1
16729,[0.2895196  0.65744019],16,8,"[0.26852263019242567, 0.6890353589332484]",1,-1
16730,[0.21754237 0.74259069],16,24,"[0.2219823769694232, 0.7523883708842017]",1,-1
16731,[0.27958825 0.71859224],16,8,"[0.26852263019242567, 0.6890353589332484]",1,-1
16732,[0.25390293 0.6221118 ],16,40,"[0.24325605379412626, 0.6063462149687255]",1,-1
16733,[0.41155908 0.66116957],16,45,"[0.4377614438459196, 0.655911915550708]",1,-1
16734,[0.30024739 0.66822063],16,8,"[0.26852263019242567, 0.6890353589332484]",1,-1
16735,[0.31741724 0.70927693],16,8,"[0.26852263019242567, 0.6890353589332484]",1,-1
16736,[0.22577366 0.72461753],16,24,"[0.2219823769694232, 0.7523883708842017]",1,14
16737,[0.32290274 0.70154499],16,19,"[0.3585209611110644, 0.671407469606326]",1,-1
16738,[0.1971286  0.68810457],16,20,"[0.18632471116193938, 0.6470504651095214]",1,-1
16739,[0.24639368 0.64891231],16,40,"[0.24325605379412626, 0.6063462149687255]",1,-1
16740,[0.18831588 0.77883007],16,24,"[0.2219823769694232, 0.7523883708842017]",1,-1
16741,[0.26130615 0.72035448],16,8,"[0.26852263019242567, 0.6890353589332484]",1,-1
16742,[0.36352962 0.6367355 ],16,19,"[0.3585209611110644, 0.671407469606326]",1,-1
16743,[0.24288719 0.70947819],16,8,"[0.26852263019242567, 0.6890353589332484]",1,-1
16744,[0.27373406 0.67753867],16,8,"[0.26852263019242567, 0.6890353589332484]",1,-1
16745,[0.22632294 0.69305249],16,8,"[0.26852263019242567, 0.6890353589332484]",1,-1
16746,[0.19213656 0.7111648 ],16,24,"[0.2219823769694232, 0.7523883708842017]",1,-1
16747,[0.27425172 0.6962038 ],16,8,"[0.26852263019242567, 0.6890353589332484]",1,18
16748,[0.27174875 0.64453338],16,8,"[0.26852263019242567, 0.6890353589332484]",1,16
16749,[0.26537551 0.67264399],16,8,"[0.26852263019242567, 0.6890353589332484]",1,-1
16750,[0.20563624 0.66726761],16,20,"[0.18632471116193938, 0.6470504651095214]",1,-1
16751,[0.20579609 0.68515112],16,20,"[0.18632471116193938, 0.6470504651095214]",1,-1
16752,[0.2594422  0.72477697],16,8,"[0.26852263019242567, 0.6890353589332484]",1,19
16753,[0.27349341 0.76635697],16,24,"[0.2219823769694232, 0.7523883708842017]",1,-1
16754,[0.29703932 0.72594754],16,8,"[0.26852263019242567, 0.6890353589332484]",1,-1
16755,[0.3758486  0.69729916],16,19,"[0.3585209611110644, 0.671407469606326]",1,-1
16756,[0.28843182 0.69609756],16,8,"[0.26852263019242567, 0.6890353589332484]",1,18
16757,[0.27715481 0.72459672],16,8,"[0.26852263019242567, 0.6890353589332484]",1,-1
16758,[0.21553421 0.71623612],16,24,"[0.2219823769694232, 0.7523883708842017]",1,14
16759,[0.23878158 0.671876  ],16,8,"[0.26852263019242567, 0.6890353589332484]",1,-1
16760,[0.29416092 0.67377044],16,8,"[0.26852263019242567, 0.6890353589332484]",1,-1
16761,[0.21211143 0.59532963],16,40,"[0.24325605379412626, 0.6063462149687255]",1,-1
16762,[0.25721484 0.61607294],16,40,"[0.24325605379412626, 0.6063462149687255]",1,-1
16763,[0.26658434 0.64400616],16,40,"[0.24325605379412626, 0.6063462149687255]",1,16
16764,[0.24851875 0.76380467],16,24,"[0.2219823769694232, 0.7523883708842017]",1,-1
16765,[0.25319761 0.69571448],16,8,"[0.26852263019242567, 0.6890353589332484]",1,-1
16766,[0.3080804  0.69662352],16,8,"[0.26852263019242567, 0.6890353589332484]",1,-1
16767,[0.26906277 0.66336145],16,8,"[0.26852263019242567, 0.6890353589332484]",1,17
16768,[0.30292307 0.72226641],16,8,"[0.26852263019242567, 0.6890353589332484]",1,-1
16769,[0.17083197 0.69118462],16,20,"[0.18632471116193938, 0.6470504651095214]",1,-1
16770,[0.20032651 0.7574761 ],16,24,"[0.2219823769694232, 0.7523883708842017]",1,-1
16771,[0.37938997 0.70177166],16,19,"[0.3585209611110644, 0.671407469606326]",1,-1
16772,[0.3310617  0.66104566],16,19,"[0.3585209611110644, 0.671407469606326]",1,12
16773,[0.2979421  0.71635356],16,8,"[0.26852263019242567, 0.6890353589332484]",1,-1
16774,[0.26799649 0.77765038],16,24,"[0.2219823769694232, 0.7523883708842017]",1,-1
16775,[0.22550849 0.62502102],16,40,"[0.24325605379412626, 0.6063462149687255]",1,-1
16776,[0.236696   0.66530719],16,8,"[0.26852263019242567, 0.6890353589332484]",1,-1
16777,[0.26127887 0.74079173],16,24,"[0.2219823769694232, 0.7523883708842017]",1,-1
16778,[0.26316568 0.60987528],16,40,"[0.24325605379412626, 0.6063462149687255]",1,-1
16779,[0.32450658 0.71094693],16,19,"[0.3585209611110644, 0.671407469606326]",1,-1
16780,[0.25346152 0.68148674],16,8,"[0.26852263019242567, 0.6890353589332484]",1,-1
16781,[0.32598701 0.75197164],16,12,"[0.3169063637449832, 0.8033325636066986]",1,-1
16782,[0.29219572 0.78108411],16,12,"[0.3169063637449832, 0.8033325636066986]",1,-1
16783,[0.2533549  0.65027791],16,8,"[0.26852263019242567, 0.6890353589332484]",1,16
16784,[0.25935508 0.72942244],16,8,"[0.26852263019242567, 0.6890353589332484]",1,19
16785,[0.18808858 0.70378151],16,33,"[0.14360528745911366, 0.7361289007486289]",1,-1
16786,[0.25849292 0.75423321],16,24,"[0.2219823769694232, 0.7523883708842017]",1,-1
16787,[0.27958155 0.76589147],16,12,"[0.3169063637449832, 0.8033325636066986]",1,-1
16788,[0.28688488 0.59557539],16,44,"[0.30505443145580996, 0.5938366826632161]",1,-1
16789,[0.35681802 0.74620887],16,12,"[0.3169063637449832, 0.8033325636066986]",1,-1
16790,[0.15453199 0.73577288],16,33,"[0.14360528745911366, 0.7361289007486289]",1,-1
16791,[0.21211618 0.64577573],16,20,"[0.18632471116193938, 0.6470504651095214]",1,10
16792,[0.32979772 0.65785994],16,19,"[0.3585209611110644, 0.671407469606326]",1,-1
16793,[0.4333878  0.70924282],16,47,"[0.4308417820697566, 0.7426361553548808]",1,-1
16794,[0.31882974 0.58136921],16,44,"[0.30505443145580996, 0.5938366826632161]",1,-1
16795,[0.19698478 0.6674205 ],16,20,"[0.18632471116193938, 0.6470504651095214]",1,-1
16796,[0.26028529 0.70991861],16,8,"[0.26852263019242567, 0.6890353589332484]",1,-1
16797,[0.24699909 0.73919685],16,24,"[0.2219823769694232, 0.7523883708842017]",1,-1
16798,[0.20953447 0.70317721],16,24,"[0.2219823769694232, 0.7523883708842017]",1,-1
16799,[0.24162357 0.75501125],16,24,"[0.2219823769694232, 0.7523883708842017]",1,-1
16800,[0.30170485 0.7110887 ],16,8,"[0.26852263019242567, 0.6890353589332484]",1,-1
16801,[0.3039996  0.68433533],16,8,"[0.26852263019242567, 0.6890353589332484]",1,-1
16802,[0.3253441  0.64896023],16,19,"[0.3585209611110644, 0.671407469606326]",1,-1
16803,[0.39540261 0.65389725],16,19,"[0.3585209611110644, 0.671407469606326]",1,-1
16804,[0.17595934 0.61935951],16,20,"[0.18632471116193938, 0.6470504651095214]",1,-1
16805,[0.17529729 0.70266057],16,33,"[0.14360528745911366, 0.7361289007486289]",1,-1
16806,[0.31712805 0.69615571],16,19,"[0.3585209611110644, 0.671407469606326]",1,-1
16807,[0.34516704 0.68826414],16,19,"[0.3585209611110644, 0.671407469606326]",1,-1
16808,[0.2962967  0.72021956],16,8,"[0.26852263019242567, 0.6890353589332484]",1,-1
16809,[0.22676472 0.65622382],16,20,"[0.18632471116193938, 0.6470504651095214]",1,-1
16810,[0.24522465 0.70363163],16,8,"[0.26852263019242567, 0.6890353589332484]",1,-1
16811,[0.34879555 0.74585641],16,12,"[0.3169063637449832, 0.8033325636066986]",1,-1
16812,[0.22419597 0.67966326],16,8,"[0.26852263019242567, 0.6890353589332484]",1,15
16813,[0.25587925 0.7019973 ],16,8,"[0.26852263019242567, 0.6890353589332484]",1,-1
16814,[0.30860925 0.78375862],16,12,"[0.3169063637449832, 0.8033325636066986]",1,-1
16815,[0.2665783  0.67117129],16,8,"[0.26852263019242567, 0.6890353589332484]",1,-1
16816,[0.36801663 0.66843186],16,19,"[0.3585209611110644, 0.671407469606326]",1,-1
16817,[0.26829996 0.7178462 ],16,8,"[0.26852263019242567, 0.6890353589332484]",1,18
16818,[0.19951888 0.77991321],16,24,"[0.2219823769694232, 0.7523883708842017]",1,-1
16819,[0.26852518 0.64854146],16,8,"[0.26852263019242567, 0.6890353589332484]",1,16
16820,[0.2950207  0.71153546],16,8,"[0.26852263019242567, 0.6890353589332484]",1,-1
16821,[0.2674623  0.74245813],16,24,"[0.2219823769694232, 0.7523883708842017]",1,-1
16822,[0.24127937 0.6903188 ],16,8,"[0.26852263019242567, 0.6890353589332484]",1,-1
16823,[0.35708949 0.7106217 ],16,19,"[0.3585209611110644, 0.671407469606326]",1,-1
16824,[0.31501379 0.68602736],16,19,"[0.3585209611110644, 0.671407469606326]",1,12
16825,[0.27369438 0.69240606],16,8,"[0.26852263019242567, 0.6890353589332484]",1,-1
16826,[0.2621374  0.72517764],16,8,"[0.26852263019242567, 0.6890353589332484]",1,-1
16827,[0.26422092 0.75629329],16,24,"[0.2219823769694232, 0.7523883708842017]",1,-1
16828,[0.2408762  0.69684234],16,8,"[0.26852263019242567, 0.6890353589332484]",1,-1
16829,[0.20273661 0.77218189],16,24,"[0.2219823769694232, 0.7523883708842017]",1,-1
16830,[0.27960611 0.7951657 ],16,12,"[0.3169063637449832, 0.8033325636066986]",1,-1
16831,[0.21538712 0.70846426],16,24,"[0.2219823769694232, 0.7523883708842017]",1,14
16832,[0.27541948 0.74365201],16,24,"[0.2219823769694232, 0.7523883708842017]",1,-1
16833,[0.34780365 0.76862789],16,12,"[0.3169063637449832, 0.8033325636066986]",1,-1
16834,[0.28428291 0.69921147],16,8,"[0.26852263019242567, 0.6890353589332484]",1,18
16835,[0.25078221 0.7118017 ],16,8,"[0.26852263019242567, 0.6890353589332484]",1,-1
16836,[0.27221967 0.66770701],16,8,"[0.26852263019242567, 0.6890353589332484]",1,17
16837,[0.24382708 0.66216801],16,8,"[0.26852263019242567, 0.6890353589332484]",1,-1
16838,[0.25687987 0.69780609],16,8,"[0.26852263019242567, 0.6890353589332484]",1,-1
16839,[0.25974744 0.70818096],16,8,"[0.26852263019242567, 0.6890353589332484]",1,-1
16840,[0.28049496 0.70411038],16,8,"[0.26852263019242567, 0.6890353589332484]",1,18
16841,[0.20653063 0.81035698],16,38,"[0.1833808871148498, 0.824806751753795]",1,-1
16842,[0.25131687 0.79239791],16,24,"[0.2219823769694232, 0.7523883708842017]",1,-1
16843,[0.23725532 0.59054973],16,40,"[0.24325605379412626, 0.6063462149687255]",1,-1
16844,[0.30903724 0.80191815],16,12,"[0.3169063637449832, 0.8033325636066986]",1,-1
16845,[0.31958542 0.66765214],16,19,"[0.3585209611110644, 0.671407469606326]",1,12
16846,[0.22247129 0.65105894],16,20,"[0.18632471116193938, 0.6470504651095214]",1,-1
16847,[0.28972736 0.69832984],16,8,"[0.26852263019242567, 0.6890353589332484]",1,18
16848,[0.25453528 0.64176986],16,40,"[0.24325605379412626, 0.6063462149687255]",1,-1
16849,[0.30670708 0.67577994],16,8,"[0.26852263019242567, 0.6890353589332484]",1,-1
16850,[0.31276641 0.63432118],16,44,"[0.30505443145580996, 0.5938366826632161]",1,-1
16851,[0.3292804  0.68496594],16,19,"[0.3585209611110644, 0.671407469606326]",1,-1
16852,[0.29952316 0.74823268],16,12,"[0.3169063637449832, 0.8033325636066986]",1,-1
16853,[0.34504233 0.68173797],16,19,"[0.3585209611110644, 0.671407469606326]",1,-1
16854,[0.33364218 0.71312532],16,19,"[0.3585209611110644, 0.671407469606326]",1,-1
16855,[0.32202209 0.74255928],16,12,"[0.3169063637449832, 0.8033325636066986]",1,-1
16856,[0.30074454 0.73145842],16,8,"[0.26852263019242567, 0.6890353589332484]",1,-1
16857,[0.23016968 0.68813827],16,8,"[0.26852263019242567, 0.6890353589332484]",1,15
16858,[0.26908557 0.75137226],16,24,"[0.2219823769694232, 0.7523883708842017]",1,-1
16859,[0.27341844 0.59413072],16,44,"[0.30505443145580996, 0.5938366826632161]",1,-1
16860,[0.30172121 0.6476451 ],16,8,"[0.26852263019242567, 0.6890353589332484]",1,-1
16861,[0.27946794 0.71937911],16,8,"[0.26852263019242567, 0.6890353589332484]",1,-1
16862,[0.30026964 0.65590881],16,8,"[0.26852263019242567, 0.6890353589332484]",1,-1
16863,[0.19365697 0.65989568],16,20,"[0.18632471116193938, 0.6470504651095214]",1,-1
16864,[0.31597467 0.69648017],16,8,"[0.26852263019242567, 0.6890353589332484]",1,-1
16865,[0.2315402  0.66991415],16,8,"[0.26852263019242567, 0.6890353589332484]",1,15
16866,[0.32513346 0.66908906],16,19,"[0.3585209611110644, 0.671407469606326]",1,12
16867,[0.27369984 0.62948413],16,40,"[0.24325605379412626, 0.6063462149687255]",1,-1
16868,[0.27942355 0.66450224],16,8,"[0.26852263019242567, 0.6890353589332484]",1,-1
16869,[0.26827987 0.7386012 ],16,24,"[0.2219823769694232, 0.7523883708842017]",1,-1
16870,[0.22526595 0.68248592],16,8,"[0.26852263019242567, 0.6890353589332484]",1,15
16871,[0.25038724 0.73725012],16,24,"[0.2219823769694232, 0.7523883708842017]",1,-1
16872,[0.26959704 0.69981037],16,8,"[0.26852263019242567, 0.6890353589332484]",1,18
16873,[0.27752992 0.67799761],16,8,"[0.26852263019242567, 0.6890353589332484]",1,-1
16874,[0.24645483 0.72787995],16,24,"[0.2219823769694232, 0.7523883708842017]",1,19
16875,[0.25426146 0.75912616],16,24,"[0.2219823769694232, 0.7523883708842017]",1,-1
16876,[0.29241964 0.67161084],16,8,"[0.26852263019242567, 0.6890353589332484]",1,-1
16877,[0.20932107 0.64835467],16,20,"[0.18632471116193938, 0.6470504651095214]",1,-1
16878,[0.28085817 0.54627652],16,44,"[0.30505443145580996, 0.5938366826632161]",1,-1
16879,[0.36518803 0.66462887],16,19,"[0.3585209611110644, 0.671407469606326]",1,-1
16880,[0.24407764 0.61931274],16,40,"[0.24325605379412626, 0.6063462149687255]",1,-1
16881,[0.24450675 0.74998931],16,24,"[0.2219823769694232, 0.7523883708842017]",1,-1
16882,[0.33354691 0.71615838],16,19,"[0.3585209611110644, 0.671407469606326]",1,-1
16883,[0.2747444  0.66879434],16,8,"[0.26852263019242567, 0.6890353589332484]",1,-1
16884,[0.27476455 0.60244087],16,44,"[0.30505443145580996, 0.5938366826632161]",1,-1
16885,[0.24102989 0.64211376],16,40,"[0.24325605379412626, 0.6063462149687255]",1,-1
16886,[0.27717375 0.72916252],16,8,"[0.26852263019242567, 0.6890353589332484]",1,-1
16887,[0.19258508 0.70479578],16,24,"[0.2219823769694232, 0.7523883708842017]",1,13
16888,[0.34659556 0.63258057],16,19,"[0.3585209611110644, 0.671407469606326]",1,-1
16889,[0.29231755 0.70647534],16,8,"[0.26852263019242567, 0.6890353589332484]",1,18
16890,[0.21299917 0.68174666],16,20,"[0.18632471116193938, 0.6470504651095214]",1,-1
16891,[0.18303657 0.74251677],16,33,"[0.14360528745911366, 0.7361289007486289]",1,-1
16892,[0.170547   0.79987132],16,38,"[0.1833808871148498, 0.824806751753795]",1,-1
16893,[0.38480078 0.73424931],16,47,"[0.4308417820697566, 0.7426361553548808]",1,-1
16894,[0.24694927 0.68757073],16,8,"[0.26852263019242567, 0.6890353589332484]",1,-1
16895,[0.2225392  0.72515087],16,24,"[0.2219823769694232, 0.7523883708842017]",1,14
16896,[0.12455658 0.70933639],16,33,"[0.14360528745911366, 0.7361289007486289]",1,-1
16897,[0.24921512 0.66722518],16,8,"[0.26852263019242567, 0.6890353589332484]",1,-1
16898,[0.21388215 0.70014342],16,24,"[0.2219823769694232, 0.7523883708842017]",1,13
16899,[0.23005547 0.65306494],16,20,"[0.18632471116193938, 0.6470504651095214]",1,-1
16900,[0.25123409 0.60696139],16,40,"[0.24325605379412626, 0.6063462149687255]",1,-1
16901,[0.22985481 0.69175463],16,8,"[0.26852263019242567, 0.6890353589332484]",1,-1
16902,[0.25936574 0.72615733],16,8,"[0.26852263019242567, 0.6890353589332484]",1,19
16903,[0.26435408 0.64323528],16,40,"[0.24325605379412626, 0.6063462149687255]",1,16
16904,[0.23617002 0.81756614],16,38,"[0.1833808871148498, 0.824806751753795]",1,-1
16905,[0.27336978 0.71585853],16,8,"[0.26852263019242567, 0.6890353589332484]",1,18
16906,[0.30433316 0.64889417],16,8,"[0.26852263019242567, 0.6890353589332484]",1,-1
16907,[0.2283756  0.73653315],16,24,"[0.2219823769694232, 0.7523883708842017]",1,14
16908,[0.30726645 0.66370318],16,8,"[0.26852263019242567, 0.6890353589332484]",1,-1
16909,[0.24560558 0.69720404],16,8,"[0.26852263019242567, 0.6890353589332484]",1,-1
16910,[0.34038928 0.80043588],16,12,"[0.3169063637449832, 0.8033325636066986]",1,-1
16911,[0.24535021 0.79389936],16,24,"[0.2219823769694232, 0.7523883708842017]",1,-1
16912,[0.32437194 0.66686913],16,19,"[0.3585209611110644, 0.671407469606326]",1,-1
16913,[0.30932451 0.77059992],16,12,"[0.3169063637449832, 0.8033325636066986]",1,-1
16914,[0.35927443 0.74661844],16,-1,-1,1,-1
16915,[0.29409705 0.67957229],16,8,"[0.26852263019242567, 0.6890353589332484]",1,-1
16916,[0.28840573 0.59834401],16,44,"[0.30505443145580996, 0.5938366826632161]",1,-1
16917,[0.26988593 0.64794987],16,8,"[0.26852263019242567, 0.6890353589332484]",1,16
16918,[0.25809915 0.63371463],16,40,"[0.24325605379412626, 0.6063462149687255]",1,-1
16919,[0.23678683 0.70323353],16,8,"[0.26852263019242567, 0.6890353589332484]",1,-1
16920,[0.29537562 0.66533802],16,8,"[0.26852263019242567, 0.6890353589332484]",1,-1
16921,[0.30204068 0.63976569],16,44,"[0.30505443145580996, 0.5938366826632161]",1,-1
16922,[0.22321305 0.71073755],16,24,"[0.2219823769694232, 0.7523883708842017]",1,-1
16923,[0.26847209 0.79339343],16,12,"[0.3169063637449832, 0.8033325636066986]",1,-1
16924,[0.29700471 0.64860671],16,8,"[0.26852263019242567, 0.6890353589332484]",1,-1
16925,[0.28087254 0.66458956],16,8,"[0.26852263019242567, 0.6890353589332484]",1,-1
16926,[0.23756665 0.69791168],16,8,"[0.26852263019242567, 0.6890353589332484]",1,-1
16927,[0.36848943 0.71114482],16,19,"[0.3585209611110644, 0.671407469606326]",1,-1
16928,[0.24157687 0.67518378],16,8,"[0.26852263019242567, 0.6890353589332484]",1,-1
16929,[0.25597525 0.68994403],16,8,"[0.26852263019242567, 0.6890353589332484]",1,-1
16930,[0.15229441 0.7152197 ],16,33,"[0.14360528745911366, 0.7361289007486289]",1,-1
16931,[0.18250139 0.75149112],16,24,"[0.2219823769694232, 0.7523883708842017]",1,-1
16932,[0.29683516 0.70493429],16,8,"[0.26852263019242567, 0.6890353589332484]",1,-1
16933,[0.16894508 0.72843461],16,33,"[0.14360528745911366, 0.7361289007486289]",1,-1
16934,[0.3265009  0.63674057],16,19,"[0.3585209611110644, 0.671407469606326]",1,9
16935,[0.34615615 0.74876443],16,12,"[0.3169063637449832, 0.8033325636066986]",1,-1
16936,[0.32761955 0.63542823],16,44,"[0.30505443145580996, 0.5938366826632161]",1,9
16937,[0.25255574 0.69054738],16,8,"[0.26852263019242567, 0.6890353589332484]",1,-1
16938,[0.2471685  0.75852846],16,24,"[0.2219823769694232, 0.7523883708842017]",1,-1
16939,[0.23254018 0.66551307],16,8,"[0.26852263019242567, 0.6890353589332484]",1,-1
16940,[0.29582456 0.65654153],16,8,"[0.26852263019242567, 0.6890353589332484]",1,-1
16941,[0.25495185 0.74464031],16,24,"[0.2219823769694232, 0.7523883708842017]",1,-1
16942,[0.32023649 0.70189276],16,19,"[0.3585209611110644, 0.671407469606326]",1,-1
16943,[0.27075905 0.64388795],16,8,"[0.26852263019242567, 0.6890353589332484]",1,16
16944,[0.22518502 0.76811307],16,24,"[0.2219823769694232, 0.7523883708842017]",1,-1
16945,[0.24236915 0.6352292 ],16,40,"[0.24325605379412626, 0.6063462149687255]",1,11
16946,[0.25408455 0.73366481],16,24,"[0.2219823769694232, 0.7523883708842017]",1,-1
16947,[0.19405092 0.71003114],16,24,"[0.2219823769694232, 0.7523883708842017]",1,-1
16948,[0.27885597 0.67448312],16,8,"[0.26852263019242567, 0.6890353589332484]",1,17
16949,[0.22493518 0.68124647],16,8,"[0.26852263019242567, 0.6890353589332484]",1,15
16950,[0.27925397 0.70623543],16,8,"[0.26852263019242567, 0.6890353589332484]",1,18
16951,[0.27192216 0.72122527],16,8,"[0.26852263019242567, 0.6890353589332484]",1,-1
16952,[0.25251303 0.73686889],16,24,"[0.2219823769694232, 0.7523883708842017]",1,-1
16953,[0.22523206 0.71885001],16,24,"[0.2219823769694232, 0.7523883708842017]",1,14
16954,[0.2791909  0.82456595],16,12,"[0.3169063637449832, 0.8033325636066986]",1,-1
16955,[0.25051181 0.70092823],16,8,"[0.26852263019242567, 0.6890353589332484]",1,-1
16956,[0.33345712 0.70786914],16,19,"[0.3585209611110644, 0.671407469606326]",1,-1
16957,[0.24314465 0.73960594],16,24,"[0.2219823769694232, 0.7523883708842017]",1,-1
16958,[0.27797362 0.75798956],16,24,"[0.2219823769694232, 0.7523883708842017]",1,-1
16959,[0.25372508 0.74775032],16,24,"[0.2219823769694232, 0.7523883708842017]",1,-1
16960,[0.28455363 0.70882759],16,8,"[0.26852263019242567, 0.6890353589332484]",1,-1
16961,[0.30914186 0.75205255],16,12,"[0.3169063637449832, 0.8033325636066986]",1,-1
16962,[0.263047   0.65214643],16,8,"[0.26852263019242567, 0.6890353589332484]",1,16
16963,[0.18754004 0.67234899],16,20,"[0.18632471116193938, 0.6470504651095214]",1,-1
16964,[0.34182812 0.6714274 ],16,19,"[0.3585209611110644, 0.671407469606326]",1,-1
16965,[0.23157222 0.73863894],16,24,"[0.2219823769694232, 0.7523883708842017]",1,14
16966,[0.25722926 0.6886576 ],16,8,"[0.26852263019242567, 0.6890353589332484]",1,-1
16967,[0.30630621 0.63833273],16,44,"[0.30505443145580996, 0.5938366826632161]",1,-1
16968,[0.38803144 0.6422315 ],16,19,"[0.3585209611110644, 0.671407469606326]",1,-1
16969,[0.39720994 0.69846508],16,19,"[0.3585209611110644, 0.671407469606326]",1,-1
16970,[0.24562699 0.75259304],16,24,"[0.2219823769694232, 0.7523883708842017]",1,-1
16971,[0.31248851 0.65368807],16,19,"[0.3585209611110644, 0.671407469606326]",1,12
16972,[0.19059856 0.67705091],16,20,"[0.18632471116193938, 0.6470504651095214]",1,-1
16973,[0.27940836 0.71084748],16,8,"[0.26852263019242567, 0.6890353589332484]",1,18
16974,[0.27217288 0.68321409],16,8,"[0.26852263019242567, 0.6890353589332484]",1,-1
16975,[0.31653499 0.7189806 ],16,8,"[0.26852263019242567, 0.6890353589332484]",1,-1
16976,[0.18937845 0.64783624],16,20,"[0.18632471116193938, 0.6470504651095214]",1,-1
16977,[0.18849209 0.63832804],16,20,"[0.18632471116193938, 0.6470504651095214]",1,-1
16978,[0.29431245 0.70458803],16,8,"[0.26852263019242567, 0.6890353589332484]",1,18
16979,[0.24999745 0.71839667],16,8,"[0.26852263019242567, 0.6890353589332484]",1,-1
16980,[0.29274973 0.69342893],16,8,"[0.26852263019242567, 0.6890353589332484]",1,-1
16981,[0.25356834 0.71088173],16,8,"[0.26852263019242567, 0.6890353589332484]",1,-1
16982,[0.12974672 0.69190983],16,33,"[0.14360528745911366, 0.7361289007486289]",1,-1
16983,[0.27057881 0.66126345],16,8,"[0.26852263019242567, 0.6890353589332484]",1,-1
16984,[0.2596431  0.70872965],16,8,"[0.26852263019242567, 0.6890353589332484]",1,-1
16985,[0.23252913 0.70893733],16,8,"[0.26852263019242567, 0.6890353589332484]",1,-1
16986,[0.24701162 0.75890623],16,24,"[0.2219823769694232, 0.7523883708842017]",1,-1
16987,[0.22430813 0.68100156],16,8,"[0.26852263019242567, 0.6890353589332484]",1,15
16988,[0.17208082 0.71635082],16,33,"[0.14360528745911366, 0.7361289007486289]",1,-1
16989,[0.23158669 0.63373681],16,40,"[0.24325605379412626, 0.6063462149687255]",1,11
16990,[0.30800309 0.67607656],16,8,"[0.26852263019242567, 0.6890353589332484]",1,-1
16991,[0.21751277 0.64014594],16,20,"[0.18632471116193938, 0.6470504651095214]",1,10
16992,[0.19279424 0.65629209],16,20,"[0.18632471116193938, 0.6470504651095214]",1,-1
16993,[0.2263922  0.78940177],16,24,"[0.2219823769694232, 0.7523883708842017]",1,-1
16994,[0.26427191 0.74759127],16,24,"[0.2219823769694232, 0.7523883708842017]",1,-1
16995,[0.29536045 0.71003667],16,8,"[0.26852263019242567, 0.6890353589332484]",1,18
16996,[0.23473406 0.66734696],16,8,"[0.26852263019242567, 0.6890353589332484]",1,-1
16997,[0.26694922 0.7777651 ],16,24,"[0.2219823769694232, 0.7523883708842017]",1,-1
16998,[0.28490743 0.72372134],16,8,"[0.26852263019242567, 0.6890353589332484]",1,-1
16999,[0.25176458 0.80574949],16,24,"[0.2219823769694232, 0.7523883708842017]",1,-1
17000,[0.17871273 0.65044141],17,20,"[0.18632471116193938, 0.6470504651095214]",1,-1
17001,[0.16224699 0.57499597],17,49,"[0.14893778703439292, 0.5666898184239806]",1,-1
17002,[0.14265513 0.58668927],17,49,"[0.14893778703439292, 0.5666898184239806]",1,-1
17003,[0.22029275 0.63747673],17,20,"[0.18632471116193938, 0.6470504651095214]",1,10
17004,[0.14705466 0.55762116],17,49,"[0.14893778703439292, 0.5666898184239806]",1,-1
17005,[0.18368127 0.62484274],17,20,"[0.18632471116193938, 0.6470504651095214]",1,-1
17006,[0.11689479 0.5897768 ],17,49,"[0.14893778703439292, 0.5666898184239806]",1,-1
17007,[0.15308936 0.59417752],17,49,"[0.14893778703439292, 0.5666898184239806]",1,-1
17008,[0.23378373 0.67231718],17,8,"[0.26852263019242567, 0.6890353589332484]",1,-1
17009,[0.2054504  0.63309938],17,20,"[0.18632471116193938, 0.6470504651095214]",1,-1
17010,[0.10281716 0.54055292],17,49,"[0.14893778703439292, 0.5666898184239806]",1,-1
17011,[0.18698377 0.5986859 ],17,20,"[0.18632471116193938, 0.6470504651095214]",1,-1
17012,[0.20817029 0.67672378],17,20,"[0.18632471116193938, 0.6470504651095214]",1,-1
17013,[0.17492495 0.67922825],17,20,"[0.18632471116193938, 0.6470504651095214]",1,-1
17014,[0.25557655 0.61385314],17,40,"[0.24325605379412626, 0.6063462149687255]",1,-1
17015,[0.14191271 0.60989135],17,49,"[0.14893778703439292, 0.5666898184239806]",1,-1
17016,[0.1264739  0.62067214],17,49,"[0.14893778703439292, 0.5666898184239806]",1,-1
17017,[0.1769883  0.50509472],17,17,"[0.19949257984775934, 0.47737458183782433]",1,-1
17018,[0.19306938 0.57194859],17,49,"[0.14893778703439292, 0.5666898184239806]",1,-1
17019,[0.21574636 0.63263796],17,20,"[0.18632471116193938, 0.6470504651095214]",1,-1
17020,[0.18254875 0.6156634 ],17,20,"[0.18632471116193938, 0.6470504651095214]",1,-1
17021,[0.24244666 0.58580861],17,40,"[0.24325605379412626, 0.6063462149687255]",1,-1
17022,[0.24509506 0.51903642],17,17,"[0.19949257984775934, 0.47737458183782433]",1,-1
17023,[0.19521465 0.48829694],17,17,"[0.19949257984775934, 0.47737458183782433]",1,-1
17024,[0.19421212 0.55191148],17,49,"[0.14893778703439292, 0.5666898184239806]",1,-1
17025,[0.17882488 0.50843031],17,17,"[0.19949257984775934, 0.47737458183782433]",1,-1
17026,[0.19358528 0.56299526],17,49,"[0.14893778703439292, 0.5666898184239806]",1,-1
17027,[0.25739185 0.63783776],17,40,"[0.24325605379412626, 0.6063462149687255]",1,-1
17028,[0.14390697 0.60915918],17,49,"[0.14893778703439292, 0.5666898184239806]",1,-1
17029,[0.24770178 0.60970447],17,40,"[0.24325605379412626, 0.6063462149687255]",1,-1
17030,[0.1713296  0.54657476],17,49,"[0.14893778703439292, 0.5666898184239806]",1,-1
17031,[0.16274078 0.59554628],17,49,"[0.14893778703439292, 0.5666898184239806]",1,-1
17032,[0.18601765 0.55270059],17,49,"[0.14893778703439292, 0.5666898184239806]",1,-1
17033,[0.16422845 0.55265422],17,49,"[0.14893778703439292, 0.5666898184239806]",1,-1
17034,[0.26321762 0.5342757 ],17,-1,-1,1,-1
17035,[0.22265135 0.59026366],17,40,"[0.24325605379412626, 0.6063462149687255]",1,-1
17036,[0.19094204 0.61252021],17,20,"[0.18632471116193938, 0.6470504651095214]",1,-1
17037,[0.26034909 0.55885825],17,40,"[0.24325605379412626, 0.6063462149687255]",1,-1
17038,[0.25907795 0.51675361],17,-1,-1,1,-1
17039,[0.14699116 0.56153964],17,49,"[0.14893778703439292, 0.5666898184239806]",1,-1
17040,[0.24338943 0.62373488],17,40,"[0.24325605379412626, 0.6063462149687255]",1,-1
17041,[0.20774866 0.53086813],17,17,"[0.19949257984775934, 0.47737458183782433]",1,-1
17042,[0.18154686 0.57616648],17,49,"[0.14893778703439292, 0.5666898184239806]",1,-1
17043,[0.06287465 0.62749576],17,-1,-1,0,-1
17044,[0.15839346 0.56754929],17,49,"[0.14893778703439292, 0.5666898184239806]",1,-1
17045,[0.19783332 0.6059876 ],17,20,"[0.18632471116193938, 0.6470504651095214]",1,-1
17046,[0.21655008 0.57524885],17,40,"[0.24325605379412626, 0.6063462149687255]",1,7
17047,[0.0878669  0.52944607],17,-1,-1,-1,-1
17048,[0.07832618 0.57666644],17,-1,-1,1,-1
17049,[0.19822782 0.54270093],17,49,"[0.14893778703439292, 0.5666898184239806]",1,-1
17050,[0.18012832 0.6164789 ],17,20,"[0.18632471116193938, 0.6470504651095214]",1,-1
17051,[0.20118166 0.53390764],17,17,"[0.19949257984775934, 0.47737458183782433]",1,-1
17052,[0.255908   0.57721166],17,40,"[0.24325605379412626, 0.6063462149687255]",1,-1
17053,[0.26129911 0.56061987],17,40,"[0.24325605379412626, 0.6063462149687255]",1,-1
17054,[0.21183798 0.58201092],17,40,"[0.24325605379412626, 0.6063462149687255]",1,7
17055,[0.09308163 0.54845158],17,49,"[0.14893778703439292, 0.5666898184239806]",1,-1
17056,[0.14622989 0.57471218],17,49,"[0.14893778703439292, 0.5666898184239806]",1,-1
17057,[0.14833651 0.67089874],17,20,"[0.18632471116193938, 0.6470504651095214]",1,-1
17058,[0.21771948 0.559787  ],17,40,"[0.24325605379412626, 0.6063462149687255]",1,-1
17059,[0.13014597 0.50409586],17,49,"[0.14893778703439292, 0.5666898184239806]",1,-1
17060,[0.23930213 0.54251796],17,40,"[0.24325605379412626, 0.6063462149687255]",1,-1
17061,[0.15495332 0.57534048],17,49,"[0.14893778703439292, 0.5666898184239806]",1,-1
17062,[0.2639636  0.53027523],17,-1,-1,1,-1
17063,[0.1790599  0.53492192],17,49,"[0.14893778703439292, 0.5666898184239806]",1,-1
17064,[0.1309744  0.52622784],17,49,"[0.14893778703439292, 0.5666898184239806]",1,-1
17065,[0.16862518 0.5815666 ],17,49,"[0.14893778703439292, 0.5666898184239806]",1,-1
17066,[0.21380591 0.58376056],17,40,"[0.24325605379412626, 0.6063462149687255]",1,7
17067,[0.23083687 0.57046483],17,40,"[0.24325605379412626, 0.6063462149687255]",1,7
17068,[0.12130562 0.59477867],17,49,"[0.14893778703439292, 0.5666898184239806]",1,-1
17069,[0.17623007 0.59853535],17,49,"[0.14893778703439292, 0.5666898184239806]",1,-1
17070,[0.29966916 0.58928018],17,44,"[0.30505443145580996, 0.5938366826632161]",1,-1
17071,[0.20009754 0.51017686],17,17,"[0.19949257984775934, 0.47737458183782433]",1,-1
17072,[0.11340808 0.59958181],17,49,"[0.14893778703439292, 0.5666898184239806]",1,-1
17073,[0.18384819 0.65361127],17,20,"[0.18632471116193938, 0.6470504651095214]",1,-1
17074,[0.171773   0.62306789],17,20,"[0.18632471116193938, 0.6470504651095214]",1,-1
17075,[0.20669322 0.63696529],17,20,"[0.18632471116193938, 0.6470504651095214]",1,10
17076,[0.20787857 0.49957181],17,17,"[0.19949257984775934, 0.47737458183782433]",1,-1
17077,[0.22119903 0.51306206],17,17,"[0.19949257984775934, 0.47737458183782433]",1,-1
17078,[0.2237518  0.56348514],17,40,"[0.24325605379412626, 0.6063462149687255]",1,-1
17079,[0.17931376 0.64643089],17,20,"[0.18632471116193938, 0.6470504651095214]",1,-1
17080,[0.26195602 0.69483547],17,8,"[0.26852263019242567, 0.6890353589332484]",1,-1
17081,[0.15166278 0.51697064],17,49,"[0.14893778703439292, 0.5666898184239806]",1,-1
17082,[0.18682246 0.56233543],17,49,"[0.14893778703439292, 0.5666898184239806]",1,-1
17083,[0.27446999 0.58483423],17,44,"[0.30505443145580996, 0.5938366826632161]",1,-1
17084,[0.19677778 0.67314724],17,20,"[0.18632471116193938, 0.6470504651095214]",1,-1
17085,[0.18096847 0.57071423],17,49,"[0.14893778703439292, 0.5666898184239806]",1,-1
17086,[0.21015292 0.66909216],17,20,"[0.18632471116193938, 0.6470504651095214]",1,-1
17087,[0.24649402 0.60736286],17,40,"[0.24325605379412626, 0.6063462149687255]",1,-1
17088,[0.10935302 0.54052881],17,49,"[0.14893778703439292, 0.5666898184239806]",1,-1
17089,[0.20656233 0.5687301 ],17,40,"[0.24325605379412626, 0.6063462149687255]",1,-1
17090,[0.21016373 0.54267685],17,49,"[0.14893778703439292, 0.5666898184239806]",1,-1
17091,[0.17856279 0.54351909],17,49,"[0.14893778703439292, 0.5666898184239806]",1,-1
17092,[0.23512903 0.54568325],17,40,"[0.24325605379412626, 0.6063462149687255]",1,-1
17093,[0.10512995 0.61138694],17,49,"[0.14893778703439292, 0.5666898184239806]",1,-1
17094,[0.1712591  0.59632796],17,49,"[0.14893778703439292, 0.5666898184239806]",1,-1
17095,[0.1277607  0.56354924],17,49,"[0.14893778703439292, 0.5666898184239806]",1,-1
17096,[0.18503223 0.59232325],17,49,"[0.14893778703439292, 0.5666898184239806]",1,-1
17097,[0.22009401 0.61738087],17,40,"[0.24325605379412626, 0.6063462149687255]",1,-1
17098,[0.24126606 0.51812925],17,17,"[0.19949257984775934, 0.47737458183782433]",1,-1
17099,[0.12315986 0.61446486],17,49,"[0.14893778703439292, 0.5666898184239806]",1,-1
17100,[0.17035516 0.58038323],17,49,"[0.14893778703439292, 0.5666898184239806]",1,-1
17101,[0.09571055 0.62667347],17,-1,-1,1,-1
17102,[0.20576038 0.6018993 ],17,40,"[0.24325605379412626, 0.6063462149687255]",1,-1
17103,[0.19340725 0.59148515],17,49,"[0.14893778703439292, 0.5666898184239806]",1,-1
17104,[0.16548499 0.57177901],17,49,"[0.14893778703439292, 0.5666898184239806]",1,-1
17105,[0.22215059 0.58322458],17,40,"[0.24325605379412626, 0.6063462149687255]",1,-1
17106,[0.16513425 0.66868093],17,20,"[0.18632471116193938, 0.6470504651095214]",1,-1
17107,[0.24179715 0.571752  ],17,40,"[0.24325605379412626, 0.6063462149687255]",1,-1
17108,[0.24354151 0.59438079],17,40,"[0.24325605379412626, 0.6063462149687255]",1,-1
17109,[0.1547273 0.589041 ],17,49,"[0.14893778703439292, 0.5666898184239806]",1,-1
17110,[0.30611144 0.5942906 ],17,44,"[0.30505443145580996, 0.5938366826632161]",1,-1
17111,[0.21683994 0.70644402],17,24,"[0.2219823769694232, 0.7523883708842017]",1,-1
17112,[0.1067368  0.46711966],17,-1,-1,1,-1
17113,[0.27389107 0.50046901],17,13,"[0.32294489274299887, 0.4620611538839558]",1,-1
17114,[0.18060661 0.57998653],17,49,"[0.14893778703439292, 0.5666898184239806]",1,-1
17115,[0.20329632 0.52284465],17,17,"[0.19949257984775934, 0.47737458183782433]",1,-1
17116,[0.09404388 0.55653872],17,49,"[0.14893778703439292, 0.5666898184239806]",1,-1
17117,[0.08520962 0.65449739],17,-1,-1,1,-1
17118,[0.27628885 0.54951857],17,44,"[0.30505443145580996, 0.5938366826632161]",1,-1
17119,[0.1772238 0.5669931],17,49,"[0.14893778703439292, 0.5666898184239806]",1,-1
17120,[0.14903173 0.68412587],17,33,"[0.14360528745911366, 0.7361289007486289]",1,-1
17121,[0.17874298 0.64727816],17,20,"[0.18632471116193938, 0.6470504651095214]",1,-1
17122,[0.20847794 0.51227116],17,17,"[0.19949257984775934, 0.47737458183782433]",1,-1
17123,[0.17729341 0.48605373],17,17,"[0.19949257984775934, 0.47737458183782433]",1,-1
17124,[0.24932364 0.55114572],17,40,"[0.24325605379412626, 0.6063462149687255]",1,-1
17125,[0.1962321  0.52394608],17,17,"[0.19949257984775934, 0.47737458183782433]",1,-1
17126,[0.1693574  0.59425954],17,49,"[0.14893778703439292, 0.5666898184239806]",1,-1
17127,[0.21595479 0.58441624],17,40,"[0.24325605379412626, 0.6063462149687255]",1,7
17128,[0.12881081 0.58075599],17,49,"[0.14893778703439292, 0.5666898184239806]",1,-1
17129,[0.2260272  0.54351784],17,40,"[0.24325605379412626, 0.6063462149687255]",1,-1
17130,[0.13908767 0.64515808],17,20,"[0.18632471116193938, 0.6470504651095214]",1,-1
17131,[0.22007012 0.64220281],17,20,"[0.18632471116193938, 0.6470504651095214]",1,10
17132,[0.24348704 0.7104718 ],17,8,"[0.26852263019242567, 0.6890353589332484]",1,-1
17133,[0.25843504 0.64890239],17,8,"[0.26852263019242567, 0.6890353589332484]",1,16
17134,[0.13179377 0.6336629 ],17,20,"[0.18632471116193938, 0.6470504651095214]",1,-1
17135,[0.28635576 0.48813238],17,13,"[0.32294489274299887, 0.4620611538839558]",1,-1
17136,[0.14525166 0.59590992],17,49,"[0.14893778703439292, 0.5666898184239806]",1,-1
17137,[0.22711652 0.57143104],17,40,"[0.24325605379412626, 0.6063462149687255]",1,7
17138,[0.18937391 0.59298589],17,49,"[0.14893778703439292, 0.5666898184239806]",1,-1
17139,[0.14720425 0.60366264],17,49,"[0.14893778703439292, 0.5666898184239806]",1,-1
17140,[0.21284046 0.60278955],17,40,"[0.24325605379412626, 0.6063462149687255]",1,-1
17141,[0.15509623 0.596529  ],17,49,"[0.14893778703439292, 0.5666898184239806]",1,-1
17142,[0.1664115  0.58076357],17,49,"[0.14893778703439292, 0.5666898184239806]",1,-1
17143,[0.23636165 0.55050904],17,40,"[0.24325605379412626, 0.6063462149687255]",1,-1
17144,[0.13786265 0.53927964],17,49,"[0.14893778703439292, 0.5666898184239806]",1,-1
17145,[0.23968307 0.60692763],17,40,"[0.24325605379412626, 0.6063462149687255]",1,-1
17146,[0.20004971 0.61025286],17,20,"[0.18632471116193938, 0.6470504651095214]",1,-1
17147,[0.27725412 0.59397914],17,44,"[0.30505443145580996, 0.5938366826632161]",1,-1
17148,[0.10634653 0.56493479],17,49,"[0.14893778703439292, 0.5666898184239806]",1,-1
17149,[0.25740272 0.59827513],17,40,"[0.24325605379412626, 0.6063462149687255]",1,-1
17150,[0.20749676 0.6258196 ],17,20,"[0.18632471116193938, 0.6470504651095214]",1,-1
17151,[0.23100659 0.64419441],17,40,"[0.24325605379412626, 0.6063462149687255]",1,-1
17152,[0.22758384 0.51416041],17,17,"[0.19949257984775934, 0.47737458183782433]",1,-1
17153,[0.19341016 0.61062798],17,20,"[0.18632471116193938, 0.6470504651095214]",1,-1
17154,[0.15909296 0.5996146 ],17,49,"[0.14893778703439292, 0.5666898184239806]",1,-1
17155,[0.14397423 0.53245592],17,49,"[0.14893778703439292, 0.5666898184239806]",1,-1
17156,[0.19100192 0.63509774],17,20,"[0.18632471116193938, 0.6470504651095214]",1,-1
17157,[0.1774853 0.6935716],17,20,"[0.18632471116193938, 0.6470504651095214]",1,-1
17158,[0.31052875 0.50227311],17,13,"[0.32294489274299887, 0.4620611538839558]",1,-1
17159,[0.2030737  0.60447949],17,40,"[0.24325605379412626, 0.6063462149687255]",1,-1
17160,[0.30640977 0.6222205 ],17,44,"[0.30505443145580996, 0.5938366826632161]",1,-1
17161,[0.21713211 0.63185591],17,20,"[0.18632471116193938, 0.6470504651095214]",1,-1
17162,[0.1758741  0.54038119],17,49,"[0.14893778703439292, 0.5666898184239806]",1,-1
17163,[0.19924462 0.62557761],17,20,"[0.18632471116193938, 0.6470504651095214]",1,-1
17164,[0.2209452 0.6061973],17,40,"[0.24325605379412626, 0.6063462149687255]",1,-1
17165,[0.17207119 0.60648042],17,20,"[0.18632471116193938, 0.6470504651095214]",1,-1
17166,[0.19034019 0.53290621],17,49,"[0.14893778703439292, 0.5666898184239806]",1,-1
17167,[0.19628903 0.54246744],17,49,"[0.14893778703439292, 0.5666898184239806]",1,-1
17168,[0.25012982 0.54541278],17,40,"[0.24325605379412626, 0.6063462149687255]",1,-1
17169,[0.12513844 0.4603564 ],17,-1,-1,1,-1
17170,[0.2215428  0.65436402],17,20,"[0.18632471116193938, 0.6470504651095214]",1,-1
17171,[0.1505265  0.56952664],17,49,"[0.14893778703439292, 0.5666898184239806]",1,-1
17172,[0.15953238 0.57738299],17,49,"[0.14893778703439292, 0.5666898184239806]",1,-1
17173,[0.1805113  0.59495621],17,49,"[0.14893778703439292, 0.5666898184239806]",1,-1
17174,[0.22150518 0.55421416],17,40,"[0.24325605379412626, 0.6063462149687255]",1,-1
17175,[0.17703632 0.62813317],17,20,"[0.18632471116193938, 0.6470504651095214]",1,-1
17176,[0.16680004 0.59734933],17,49,"[0.14893778703439292, 0.5666898184239806]",1,-1
17177,[0.20521451 0.57041774],17,40,"[0.24325605379412626, 0.6063462149687255]",1,-1
17178,[0.16760868 0.54379496],17,49,"[0.14893778703439292, 0.5666898184239806]",1,-1
17179,[0.27156525 0.51106587],17,-1,-1,1,-1
17180,[0.20846089 0.62851959],17,20,"[0.18632471116193938, 0.6470504651095214]",1,-1
17181,[0.15715423 0.47021407],17,17,"[0.19949257984775934, 0.47737458183782433]",1,-1
17182,[0.21998761 0.56473368],17,40,"[0.24325605379412626, 0.6063462149687255]",1,-1
17183,[0.20072487 0.52656426],17,17,"[0.19949257984775934, 0.47737458183782433]",1,-1
17184,[0.24387576 0.54174393],17,40,"[0.24325605379412626, 0.6063462149687255]",1,-1
17185,[0.11524234 0.52689906],17,49,"[0.14893778703439292, 0.5666898184239806]",1,-1
17186,[0.29125628 0.61267634],17,44,"[0.30505443145580996, 0.5938366826632161]",1,-1
17187,[0.20972916 0.53638411],17,17,"[0.19949257984775934, 0.47737458183782433]",1,-1
17188,[0.13322362 0.5968031 ],17,49,"[0.14893778703439292, 0.5666898184239806]",1,-1
17189,[0.17149949 0.68281861],17,20,"[0.18632471116193938, 0.6470504651095214]",1,-1
17190,[0.13413118 0.5860316 ],17,49,"[0.14893778703439292, 0.5666898184239806]",1,-1
17191,[0.24319987 0.56242738],17,40,"[0.24325605379412626, 0.6063462149687255]",1,-1
17192,[0.12588317 0.52931891],17,49,"[0.14893778703439292, 0.5666898184239806]",1,-1
17193,[0.21070927 0.54926338],17,49,"[0.14893778703439292, 0.5666898184239806]",1,-1
17194,[0.24504233 0.60138286],17,40,"[0.24325605379412626, 0.6063462149687255]",1,-1
17195,[0.25714646 0.65038528],17,8,"[0.26852263019242567, 0.6890353589332484]",1,16
17196,[0.30502348 0.56855203],17,44,"[0.30505443145580996, 0.5938366826632161]",1,-1
17197,[0.18011241 0.61611717],17,20,"[0.18632471116193938, 0.6470504651095214]",1,-1
17198,[0.23968167 0.56008981],17,40,"[0.24325605379412626, 0.6063462149687255]",1,-1
17199,[0.13251583 0.59522818],17,49,"[0.14893778703439292, 0.5666898184239806]",1,-1
17200,[0.24748279 0.58082137],17,40,"[0.24325605379412626, 0.6063462149687255]",1,-1
17201,[0.18461955 0.57705661],17,49,"[0.14893778703439292, 0.5666898184239806]",1,-1
17202,[0.10291772 0.58870273],17,49,"[0.14893778703439292, 0.5666898184239806]",1,-1
17203,[0.11420309 0.54368417],17,49,"[0.14893778703439292, 0.5666898184239806]",1,-1
17204,[0.24457411 0.51955903],17,17,"[0.19949257984775934, 0.47737458183782433]",1,-1
17205,[0.17461366 0.59630803],17,49,"[0.14893778703439292, 0.5666898184239806]",1,-1
17206,[0.16215497 0.61507337],17,20,"[0.18632471116193938, 0.6470504651095214]",1,-1
17207,[0.16314063 0.61654192],17,20,"[0.18632471116193938, 0.6470504651095214]",1,-1
17208,[0.21145755 0.54405673],17,49,"[0.14893778703439292, 0.5666898184239806]",1,-1
17209,[0.12578746 0.64068406],17,20,"[0.18632471116193938, 0.6470504651095214]",1,-1
17210,[0.24190379 0.55397902],17,40,"[0.24325605379412626, 0.6063462149687255]",1,-1
17211,[0.22890656 0.73838527],17,24,"[0.2219823769694232, 0.7523883708842017]",1,14
17212,[0.227529   0.46848465],17,17,"[0.19949257984775934, 0.47737458183782433]",1,-1
17213,[0.18347442 0.62147885],17,20,"[0.18632471116193938, 0.6470504651095214]",1,-1
17214,[0.22048966 0.60816889],17,40,"[0.24325605379412626, 0.6063462149687255]",1,-1
17215,[0.16899351 0.60830483],17,20,"[0.18632471116193938, 0.6470504651095214]",1,-1
17216,[0.22253518 0.6451792 ],17,20,"[0.18632471116193938, 0.6470504651095214]",1,-1
17217,[0.21840715 0.513763  ],17,17,"[0.19949257984775934, 0.47737458183782433]",1,-1
17218,[0.24527067 0.58626925],17,40,"[0.24325605379412626, 0.6063462149687255]",1,-1
17219,[0.27531568 0.62575732],17,40,"[0.24325605379412626, 0.6063462149687255]",1,-1
17220,[0.23906382 0.62630327],17,40,"[0.24325605379412626, 0.6063462149687255]",1,-1
17221,[0.16728262 0.65059633],17,20,"[0.18632471116193938, 0.6470504651095214]",1,-1
17222,[0.29004475 0.68555226],17,8,"[0.26852263019242567, 0.6890353589332484]",1,-1
17223,[0.11616594 0.61698457],17,49,"[0.14893778703439292, 0.5666898184239806]",1,-1
17224,[0.19713046 0.59770311],17,40,"[0.24325605379412626, 0.6063462149687255]",1,-1
17225,[0.3061462  0.51707751],17,13,"[0.32294489274299887, 0.4620611538839558]",1,-1
17226,[0.13294273 0.69747119],17,33,"[0.14360528745911366, 0.7361289007486289]",1,-1
17227,[0.22124651 0.57734906],17,40,"[0.24325605379412626, 0.6063462149687255]",1,-1
17228,[0.26527738 0.57279495],17,40,"[0.24325605379412626, 0.6063462149687255]",1,-1
17229,[0.20982832 0.62123701],17,20,"[0.18632471116193938, 0.6470504651095214]",1,-1
17230,[0.23102878 0.61403011],17,40,"[0.24325605379412626, 0.6063462149687255]",1,-1
17231,[0.2176555  0.55975838],17,40,"[0.24325605379412626, 0.6063462149687255]",1,-1
17232,[0.2204955  0.55085826],17,40,"[0.24325605379412626, 0.6063462149687255]",1,-1
17233,[0.24832709 0.51630302],17,17,"[0.19949257984775934, 0.47737458183782433]",1,-1
17234,[0.15855733 0.59943198],17,49,"[0.14893778703439292, 0.5666898184239806]",1,-1
17235,[0.07608695 0.60743946],17,-1,-1,0,-1
17236,[0.31064447 0.62803051],17,44,"[0.30505443145580996, 0.5938366826632161]",1,-1
17237,[0.26875494 0.50308573],17,13,"[0.32294489274299887, 0.4620611538839558]",1,-1
17238,[0.23001083 0.59217293],17,40,"[0.24325605379412626, 0.6063462149687255]",1,-1
17239,[0.16015933 0.50740296],17,17,"[0.19949257984775934, 0.47737458183782433]",1,-1
17240,[0.25160566 0.68667593],17,8,"[0.26852263019242567, 0.6890353589332484]",1,-1
17241,[0.20767369 0.62083173],17,20,"[0.18632471116193938, 0.6470504651095214]",1,-1
17242,[0.21326155 0.64547049],17,20,"[0.18632471116193938, 0.6470504651095214]",1,-1
17243,[0.17044558 0.59204708],17,49,"[0.14893778703439292, 0.5666898184239806]",1,-1
17244,[0.17112465 0.56362636],17,49,"[0.14893778703439292, 0.5666898184239806]",1,-1
17245,[0.24367923 0.49855843],17,17,"[0.19949257984775934, 0.47737458183782433]",1,-1
17246,[0.21623134 0.50798518],17,17,"[0.19949257984775934, 0.47737458183782433]",1,-1
17247,[0.13992865 0.60004775],17,49,"[0.14893778703439292, 0.5666898184239806]",1,-1
17248,[0.30799162 0.55398849],17,44,"[0.30505443145580996, 0.5938366826632161]",1,-1
17249,[0.18080176 0.61317136],17,20,"[0.18632471116193938, 0.6470504651095214]",1,-1
17250,[0.24098838 0.64262786],17,40,"[0.24325605379412626, 0.6063462149687255]",1,-1
17251,[0.22279782 0.53143702],17,17,"[0.19949257984775934, 0.47737458183782433]",1,-1
17252,[0.25413952 0.51563292],17,17,"[0.19949257984775934, 0.47737458183782433]",1,-1
17253,[0.27128717 0.64223285],17,40,"[0.24325605379412626, 0.6063462149687255]",1,-1
17254,[0.23177463 0.55994101],17,40,"[0.24325605379412626, 0.6063462149687255]",1,7
17255,[0.33406118 0.58361277],17,44,"[0.30505443145580996, 0.5938366826632161]",1,-1
17256,[0.28046774 0.57579964],17,44,"[0.30505443145580996, 0.5938366826632161]",1,-1
17257,[0.16559331 0.66706582],17,20,"[0.18632471116193938, 0.6470504651095214]",1,-1
17258,[0.25556023 0.61582994],17,40,"[0.24325605379412626, 0.6063462149687255]",1,-1
17259,[0.19580172 0.49811921],17,17,"[0.19949257984775934, 0.47737458183782433]",1,-1
17260,[0.33464931 0.64035304],17,19,"[0.3585209611110644, 0.671407469606326]",1,9
17261,[0.14672469 0.61440888],17,49,"[0.14893778703439292, 0.5666898184239806]",1,-1
17262,[0.24258996 0.59517899],17,40,"[0.24325605379412626, 0.6063462149687255]",1,-1
17263,[0.17451998 0.60920326],17,20,"[0.18632471116193938, 0.6470504651095214]",1,-1
17264,[0.15926229 0.53707189],17,49,"[0.14893778703439292, 0.5666898184239806]",1,-1
17265,[0.25359869 0.57406895],17,40,"[0.24325605379412626, 0.6063462149687255]",1,-1
17266,[0.12629643 0.63549434],17,20,"[0.18632471116193938, 0.6470504651095214]",1,-1
17267,[0.22294638 0.66688248],17,20,"[0.18632471116193938, 0.6470504651095214]",1,15
17268,[0.15078093 0.55173796],17,49,"[0.14893778703439292, 0.5666898184239806]",1,-1
17269,[0.25725324 0.49591584],17,17,"[0.19949257984775934, 0.47737458183782433]",1,-1
17270,[0.2185705  0.64736412],17,20,"[0.18632471116193938, 0.6470504651095214]",1,10
17271,[0.17580851 0.50892753],17,17,"[0.19949257984775934, 0.47737458183782433]",1,-1
17272,[0.15239235 0.56495505],17,49,"[0.14893778703439292, 0.5666898184239806]",1,-1
17273,[0.12420938 0.6618613 ],17,20,"[0.18632471116193938, 0.6470504651095214]",1,-1
17274,[0.23468862 0.53731771],17,17,"[0.19949257984775934, 0.47737458183782433]",1,-1
17275,[0.17103646 0.62084965],17,20,"[0.18632471116193938, 0.6470504651095214]",1,-1
17276,[0.28096601 0.51231305],17,13,"[0.32294489274299887, 0.4620611538839558]",1,-1
17277,[0.23545068 0.55352032],17,40,"[0.24325605379412626, 0.6063462149687255]",1,-1
17278,[0.13391396 0.58680455],17,49,"[0.14893778703439292, 0.5666898184239806]",1,-1
17279,[0.29113285 0.61692166],17,44,"[0.30505443145580996, 0.5938366826632161]",1,-1
17280,[0.20159454 0.42617592],17,17,"[0.19949257984775934, 0.47737458183782433]",1,21
17281,[0.2236758  0.52147937],17,17,"[0.19949257984775934, 0.47737458183782433]",1,-1
17282,[0.17717954 0.54726774],17,49,"[0.14893778703439292, 0.5666898184239806]",1,-1
17283,[0.20491631 0.52635499],17,17,"[0.19949257984775934, 0.47737458183782433]",1,-1
17284,[0.11928769 0.59709593],17,49,"[0.14893778703439292, 0.5666898184239806]",1,-1
17285,[0.32529099 0.59289167],17,44,"[0.30505443145580996, 0.5938366826632161]",1,-1
17286,[0.19961259 0.60305133],17,40,"[0.24325605379412626, 0.6063462149687255]",1,-1
17287,[0.13794264 0.58622099],17,49,"[0.14893778703439292, 0.5666898184239806]",1,-1
17288,[0.19642222 0.58607428],17,40,"[0.24325605379412626, 0.6063462149687255]",1,-1
17289,[0.23010801 0.56872027],17,40,"[0.24325605379412626, 0.6063462149687255]",1,7
17290,[0.17594133 0.63428362],17,20,"[0.18632471116193938, 0.6470504651095214]",1,-1
17291,[0.18593102 0.56483862],17,49,"[0.14893778703439292, 0.5666898184239806]",1,-1
17292,[0.17896143 0.65263829],17,20,"[0.18632471116193938, 0.6470504651095214]",1,-1
17293,[0.20741133 0.55556221],17,49,"[0.14893778703439292, 0.5666898184239806]",1,-1
17294,[0.23001501 0.55334534],17,40,"[0.24325605379412626, 0.6063462149687255]",1,-1
17295,[0.23516707 0.62743315],17,40,"[0.24325605379412626, 0.6063462149687255]",1,11
17296,[0.12231733 0.57679752],17,49,"[0.14893778703439292, 0.5666898184239806]",1,-1
17297,[0.20366144 0.66187151],17,20,"[0.18632471116193938, 0.6470504651095214]",1,-1
17298,[0.23622358 0.52430617],17,17,"[0.19949257984775934, 0.47737458183782433]",1,-1
17299,[0.19853812 0.56489361],17,49,"[0.14893778703439292, 0.5666898184239806]",1,-1
17300,[0.33994067 0.50804547],17,13,"[0.32294489274299887, 0.4620611538839558]",1,-1
17301,[0.30473753 0.57147214],17,44,"[0.30505443145580996, 0.5938366826632161]",1,-1
17302,[0.16966319 0.60605731],17,20,"[0.18632471116193938, 0.6470504651095214]",1,-1
17303,[0.16440954 0.6236921 ],17,20,"[0.18632471116193938, 0.6470504651095214]",1,-1
17304,[0.26361086 0.56359046],17,40,"[0.24325605379412626, 0.6063462149687255]",1,-1
17305,[0.18542316 0.58290372],17,49,"[0.14893778703439292, 0.5666898184239806]",1,-1
17306,[0.14777037 0.52653345],17,49,"[0.14893778703439292, 0.5666898184239806]",1,-1
17307,[0.21317724 0.51925571],17,17,"[0.19949257984775934, 0.47737458183782433]",1,-1
17308,[0.19245567 0.54708474],17,49,"[0.14893778703439292, 0.5666898184239806]",1,-1
17309,[0.23441942 0.56601973],17,40,"[0.24325605379412626, 0.6063462149687255]",1,7
17310,[0.20400756 0.5543994 ],17,49,"[0.14893778703439292, 0.5666898184239806]",1,-1
17311,[0.17232376 0.62867023],17,20,"[0.18632471116193938, 0.6470504651095214]",1,-1
17312,[0.26848653 0.62676747],17,40,"[0.24325605379412626, 0.6063462149687255]",1,-1
17313,[0.24245288 0.60943015],17,40,"[0.24325605379412626, 0.6063462149687255]",1,-1
17314,[0.13193026 0.57486753],17,49,"[0.14893778703439292, 0.5666898184239806]",1,-1
17315,[0.2265745  0.48424443],17,17,"[0.19949257984775934, 0.47737458183782433]",1,-1
17316,[0.2147217  0.61036685],17,40,"[0.24325605379412626, 0.6063462149687255]",1,-1
17317,[0.1803152 0.5420802],17,49,"[0.14893778703439292, 0.5666898184239806]",1,-1
17318,[0.13614767 0.57503232],17,49,"[0.14893778703439292, 0.5666898184239806]",1,-1
17319,[0.23080235 0.63735505],17,40,"[0.24325605379412626, 0.6063462149687255]",1,-1
17320,[0.18848431 0.49840244],17,17,"[0.19949257984775934, 0.47737458183782433]",1,-1
17321,[0.17951184 0.59022944],17,49,"[0.14893778703439292, 0.5666898184239806]",1,-1
17322,[0.11283224 0.54824409],17,49,"[0.14893778703439292, 0.5666898184239806]",1,-1
17323,[0.20395827 0.56920108],17,40,"[0.24325605379412626, 0.6063462149687255]",1,-1
17324,[0.19153511 0.73932575],17,24,"[0.2219823769694232, 0.7523883708842017]",1,-1
17325,[0.29841692 0.6414366 ],17,44,"[0.30505443145580996, 0.5938366826632161]",1,-1
17326,[0.149976   0.66601151],17,20,"[0.18632471116193938, 0.6470504651095214]",1,-1
17327,[0.21237058 0.67192567],17,20,"[0.18632471116193938, 0.6470504651095214]",1,-1
17328,[0.16677465 0.48984954],17,17,"[0.19949257984775934, 0.47737458183782433]",1,-1
17329,[0.21165932 0.53742749],17,17,"[0.19949257984775934, 0.47737458183782433]",1,-1
17330,[0.15469413 0.60360614],17,49,"[0.14893778703439292, 0.5666898184239806]",1,-1
17331,[0.16148625 0.61823889],17,20,"[0.18632471116193938, 0.6470504651095214]",1,-1
17332,[0.10170105 0.62472825],17,-1,-1,1,-1
17333,[0.22376991 0.49416411],17,17,"[0.19949257984775934, 0.47737458183782433]",1,-1
17334,[0.1974897  0.57444793],17,49,"[0.14893778703439292, 0.5666898184239806]",1,-1
17335,[0.278467   0.49843243],17,13,"[0.32294489274299887, 0.4620611538839558]",1,-1
17336,[0.21225786 0.64255259],17,20,"[0.18632471116193938, 0.6470504651095214]",1,10
17337,[0.19326581 0.65683487],17,20,"[0.18632471116193938, 0.6470504651095214]",1,-1
17338,[0.24016933 0.5724343 ],17,40,"[0.24325605379412626, 0.6063462149687255]",1,-1
17339,[0.24015497 0.61648646],17,40,"[0.24325605379412626, 0.6063462149687255]",1,-1
17340,[0.12152526 0.57542204],17,49,"[0.14893778703439292, 0.5666898184239806]",1,-1
17341,[0.17800713 0.57390442],17,49,"[0.14893778703439292, 0.5666898184239806]",1,-1
17342,[0.16229771 0.6042485 ],17,49,"[0.14893778703439292, 0.5666898184239806]",1,-1
17343,[0.18681765 0.59728096],17,49,"[0.14893778703439292, 0.5666898184239806]",1,-1
17344,[0.25556538 0.58758779],17,40,"[0.24325605379412626, 0.6063462149687255]",1,-1
17345,[0.20079064 0.5505006 ],17,49,"[0.14893778703439292, 0.5666898184239806]",1,-1
17346,[0.23410217 0.70684689],17,8,"[0.26852263019242567, 0.6890353589332484]",1,-1
17347,[0.20271927 0.58048561],17,40,"[0.24325605379412626, 0.6063462149687255]",1,-1
17348,[0.25994304 0.61728466],17,40,"[0.24325605379412626, 0.6063462149687255]",1,-1
17349,[0.27065333 0.51577069],17,-1,-1,1,-1
17350,[0.32433588 0.5071171 ],17,13,"[0.32294489274299887, 0.4620611538839558]",1,-1
17351,[0.2049666  0.66571019],17,20,"[0.18632471116193938, 0.6470504651095214]",1,-1
17352,[0.14488033 0.52483778],17,49,"[0.14893778703439292, 0.5666898184239806]",1,-1
17353,[0.24087814 0.59616331],17,40,"[0.24325605379412626, 0.6063462149687255]",1,-1
17354,[0.15667658 0.6243476 ],17,20,"[0.18632471116193938, 0.6470504651095214]",1,-1
17355,[0.19884144 0.6262499 ],17,20,"[0.18632471116193938, 0.6470504651095214]",1,-1
17356,[0.17415537 0.45464172],17,17,"[0.19949257984775934, 0.47737458183782433]",1,-1
17357,[0.12256536 0.63281742],17,20,"[0.18632471116193938, 0.6470504651095214]",1,-1
17358,[0.19373648 0.66637201],17,20,"[0.18632471116193938, 0.6470504651095214]",1,-1
17359,[0.20821922 0.62981016],17,20,"[0.18632471116193938, 0.6470504651095214]",1,-1
17360,[0.19994127 0.50530356],17,17,"[0.19949257984775934, 0.47737458183782433]",1,-1
17361,[0.18166732 0.59525066],17,49,"[0.14893778703439292, 0.5666898184239806]",1,-1
17362,[0.28084884 0.5505831 ],17,44,"[0.30505443145580996, 0.5938366826632161]",1,-1
17363,[0.15704286 0.62570472],17,20,"[0.18632471116193938, 0.6470504651095214]",1,-1
17364,[0.2315667  0.53809767],17,17,"[0.19949257984775934, 0.47737458183782433]",1,-1
17365,[0.14996263 0.53777188],17,49,"[0.14893778703439292, 0.5666898184239806]",1,-1
17366,[0.20677407 0.52263533],17,17,"[0.19949257984775934, 0.47737458183782433]",1,-1
17367,[0.10210573 0.5930761 ],17,49,"[0.14893778703439292, 0.5666898184239806]",1,-1
17368,[0.23410287 0.65918107],17,8,"[0.26852263019242567, 0.6890353589332484]",1,-1
17369,[0.09680904 0.62753161],17,-1,-1,1,-1
17370,[0.1052639 0.5573991],17,49,"[0.14893778703439292, 0.5666898184239806]",1,-1
17371,[0.21182055 0.60896725],17,40,"[0.24325605379412626, 0.6063462149687255]",1,-1
17372,[0.11188143 0.59455936],17,49,"[0.14893778703439292, 0.5666898184239806]",1,-1
17373,[0.19533383 0.54509956],17,49,"[0.14893778703439292, 0.5666898184239806]",1,-1
17374,[0.22899066 0.54177548],17,40,"[0.24325605379412626, 0.6063462149687255]",1,-1
17375,[0.19934393 0.6236392 ],17,20,"[0.18632471116193938, 0.6470504651095214]",1,-1
17376,[0.17633776 0.5802545 ],17,49,"[0.14893778703439292, 0.5666898184239806]",1,-1
17377,[0.23965577 0.60515266],17,40,"[0.24325605379412626, 0.6063462149687255]",1,-1
17378,[0.16013641 0.62592582],17,20,"[0.18632471116193938, 0.6470504651095214]",1,-1
17379,[0.26692474 0.61962703],17,40,"[0.24325605379412626, 0.6063462149687255]",1,-1
17380,[0.15864863 0.59831648],17,49,"[0.14893778703439292, 0.5666898184239806]",1,-1
17381,[0.2744656  0.65173825],17,8,"[0.26852263019242567, 0.6890353589332484]",1,-1
17382,[0.16353195 0.64635951],17,20,"[0.18632471116193938, 0.6470504651095214]",1,-1
17383,[0.1204965  0.62274022],17,49,"[0.14893778703439292, 0.5666898184239806]",1,-1
17384,[0.18608065 0.59387153],17,49,"[0.14893778703439292, 0.5666898184239806]",1,-1
17385,[0.22647629 0.63113431],17,40,"[0.24325605379412626, 0.6063462149687255]",1,-1
17386,[0.16630904 0.50988791],17,17,"[0.19949257984775934, 0.47737458183782433]",1,-1
17387,[0.14871358 0.51434268],17,49,"[0.14893778703439292, 0.5666898184239806]",1,-1
17388,[0.24357041 0.53218398],17,-1,-1,1,-1
17389,[0.09386622 0.55665001],17,49,"[0.14893778703439292, 0.5666898184239806]",1,-1
17390,[0.24987418 0.63085933],17,40,"[0.24325605379412626, 0.6063462149687255]",1,-1
17391,[0.2021908  0.51795651],17,17,"[0.19949257984775934, 0.47737458183782433]",1,-1
17392,[0.15219503 0.61844402],17,20,"[0.18632471116193938, 0.6470504651095214]",1,-1
17393,[0.17220729 0.60526946],17,20,"[0.18632471116193938, 0.6470504651095214]",1,-1
17394,[0.16231214 0.54275834],17,49,"[0.14893778703439292, 0.5666898184239806]",1,-1
17395,[0.16684709 0.47169124],17,17,"[0.19949257984775934, 0.47737458183782433]",1,-1
17396,[0.18337427 0.55413185],17,49,"[0.14893778703439292, 0.5666898184239806]",1,-1
17397,[0.10078149 0.50557637],17,-1,-1,1,-1
17398,[0.08690794 0.57772949],17,49,"[0.14893778703439292, 0.5666898184239806]",1,-1
17399,[0.10030438 0.47237033],17,-1,-1,1,-1
17400,[0.29634781 0.60407171],17,44,"[0.30505443145580996, 0.5938366826632161]",1,-1
17401,[0.26904186 0.56718447],17,44,"[0.30505443145580996, 0.5938366826632161]",1,-1
17402,[0.25503391 0.60217071],17,40,"[0.24325605379412626, 0.6063462149687255]",1,-1
17403,[0.09627018 0.57507576],17,49,"[0.14893778703439292, 0.5666898184239806]",1,-1
17404,[0.27342162 0.64611593],17,8,"[0.26852263019242567, 0.6890353589332484]",1,16
17405,[0.21625049 0.62108484],17,40,"[0.24325605379412626, 0.6063462149687255]",1,-1
17406,[0.24607526 0.59372516],17,40,"[0.24325605379412626, 0.6063462149687255]",1,-1
17407,[0.22428099 0.63640253],17,40,"[0.24325605379412626, 0.6063462149687255]",1,-1
17408,[0.17235876 0.70666217],17,33,"[0.14360528745911366, 0.7361289007486289]",1,-1
17409,[0.26363762 0.64454125],17,40,"[0.24325605379412626, 0.6063462149687255]",1,16
17410,[0.23927836 0.46370482],17,17,"[0.19949257984775934, 0.47737458183782433]",1,-1
17411,[0.3112512  0.66272227],17,19,"[0.3585209611110644, 0.671407469606326]",1,-1
17412,[0.25366357 0.5837837 ],17,40,"[0.24325605379412626, 0.6063462149687255]",1,-1
17413,[0.1571558  0.50923777],17,17,"[0.19949257984775934, 0.47737458183782433]",1,-1
17414,[0.22344326 0.59839676],17,40,"[0.24325605379412626, 0.6063462149687255]",1,-1
17415,[0.13275329 0.60625037],17,49,"[0.14893778703439292, 0.5666898184239806]",1,-1
17416,[0.2264758  0.51704607],17,17,"[0.19949257984775934, 0.47737458183782433]",1,-1
17417,[0.14845587 0.5892441 ],17,49,"[0.14893778703439292, 0.5666898184239806]",1,-1
17418,[0.18674285 0.59941789],17,20,"[0.18632471116193938, 0.6470504651095214]",1,-1
17419,[0.25811728 0.6811091 ],17,8,"[0.26852263019242567, 0.6890353589332484]",1,-1
17420,[0.21837381 0.5558453 ],17,40,"[0.24325605379412626, 0.6063462149687255]",1,-1
17421,[0.29393148 0.59872682],17,44,"[0.30505443145580996, 0.5938366826632161]",1,-1
17422,[0.25165014 0.55375959],17,40,"[0.24325605379412626, 0.6063462149687255]",1,-1
17423,[0.16165139 0.62491603],17,20,"[0.18632471116193938, 0.6470504651095214]",1,-1
17424,[0.16024774 0.65582924],17,20,"[0.18632471116193938, 0.6470504651095214]",1,-1
17425,[0.15757412 0.55084812],17,49,"[0.14893778703439292, 0.5666898184239806]",1,-1
17426,[0.26594383 0.58206586],17,40,"[0.24325605379412626, 0.6063462149687255]",1,-1
17427,[0.29926964 0.59778867],17,44,"[0.30505443145580996, 0.5938366826632161]",1,-1
17428,[0.10766377 0.60803138],17,49,"[0.14893778703439292, 0.5666898184239806]",1,-1
17429,[0.16677842 0.46719462],17,17,"[0.19949257984775934, 0.47737458183782433]",1,-1
17430,[0.14179045 0.62297855],17,20,"[0.18632471116193938, 0.6470504651095214]",1,-1
17431,[0.1853035  0.57649343],17,49,"[0.14893778703439292, 0.5666898184239806]",1,-1
17432,[0.19280005 0.50795776],17,17,"[0.19949257984775934, 0.47737458183782433]",1,-1
17433,[0.17499274 0.52871614],17,49,"[0.14893778703439292, 0.5666898184239806]",1,-1
17434,[0.20342512 0.58565067],17,40,"[0.24325605379412626, 0.6063462149687255]",1,-1
17435,[0.13673639 0.58423454],17,49,"[0.14893778703439292, 0.5666898184239806]",1,-1
17436,[0.24399389 0.63689087],17,40,"[0.24325605379412626, 0.6063462149687255]",1,11
17437,[0.1370554 0.5506107],17,49,"[0.14893778703439292, 0.5666898184239806]",1,-1
17438,[0.18758947 0.53633897],17,49,"[0.14893778703439292, 0.5666898184239806]",1,-1
17439,[0.11060219 0.581661  ],17,49,"[0.14893778703439292, 0.5666898184239806]",1,-1
17440,[0.24530805 0.62579587],17,40,"[0.24325605379412626, 0.6063462149687255]",1,11
17441,[0.25692434 0.54664544],17,40,"[0.24325605379412626, 0.6063462149687255]",1,-1
17442,[0.15716447 0.59494351],17,49,"[0.14893778703439292, 0.5666898184239806]",1,-1
17443,[0.13031473 0.63407072],17,20,"[0.18632471116193938, 0.6470504651095214]",1,-1
17444,[0.26816493 0.5932564 ],17,40,"[0.24325605379412626, 0.6063462149687255]",1,-1
17445,[0.18028813 0.54830686],17,49,"[0.14893778703439292, 0.5666898184239806]",1,-1
17446,[0.22223056 0.46510216],17,17,"[0.19949257984775934, 0.47737458183782433]",1,-1
17447,[0.22372197 0.52396412],17,17,"[0.19949257984775934, 0.47737458183782433]",1,-1
17448,[0.3189048  0.65037021],17,19,"[0.3585209611110644, 0.671407469606326]",1,-1
17449,[0.16404404 0.5368763 ],17,49,"[0.14893778703439292, 0.5666898184239806]",1,-1
17450,[0.15053076 0.59256613],17,49,"[0.14893778703439292, 0.5666898184239806]",1,-1
17451,[0.28351022 0.69886193],17,8,"[0.26852263019242567, 0.6890353589332484]",1,18
17452,[0.25022847 0.54526665],17,40,"[0.24325605379412626, 0.6063462149687255]",1,-1
17453,[0.26336135 0.55099115],17,40,"[0.24325605379412626, 0.6063462149687255]",1,-1
17454,[0.21512846 0.63115901],17,20,"[0.18632471116193938, 0.6470504651095214]",1,-1
17455,[0.17003705 0.54880947],17,49,"[0.14893778703439292, 0.5666898184239806]",1,-1
17456,[0.1974907  0.57195992],17,49,"[0.14893778703439292, 0.5666898184239806]",1,-1
17457,[0.15889433 0.58077283],17,49,"[0.14893778703439292, 0.5666898184239806]",1,-1
17458,[0.29018314 0.58433636],17,44,"[0.30505443145580996, 0.5938366826632161]",1,-1
17459,[0.18301094 0.57251452],17,49,"[0.14893778703439292, 0.5666898184239806]",1,-1
17460,[0.18381404 0.59094044],17,49,"[0.14893778703439292, 0.5666898184239806]",1,-1
17461,[0.24024593 0.56503437],17,40,"[0.24325605379412626, 0.6063462149687255]",1,-1
17462,[0.1593002  0.56703975],17,49,"[0.14893778703439292, 0.5666898184239806]",1,-1
17463,[0.25519822 0.48411817],17,17,"[0.19949257984775934, 0.47737458183782433]",1,-1
17464,[0.1694091  0.56328978],17,49,"[0.14893778703439292, 0.5666898184239806]",1,-1
17465,[0.15123963 0.59585992],17,49,"[0.14893778703439292, 0.5666898184239806]",1,-1
17466,[0.18413756 0.57024001],17,49,"[0.14893778703439292, 0.5666898184239806]",1,-1
17467,[0.21822171 0.59271401],17,40,"[0.24325605379412626, 0.6063462149687255]",1,-1
17468,[0.17687396 0.51164709],17,17,"[0.19949257984775934, 0.47737458183782433]",1,-1
17469,[0.22126571 0.57146852],17,40,"[0.24325605379412626, 0.6063462149687255]",1,7
17470,[0.23503552 0.54579959],17,40,"[0.24325605379412626, 0.6063462149687255]",1,-1
17471,[0.31567564 0.59056285],17,44,"[0.30505443145580996, 0.5938366826632161]",1,-1
17472,[0.21823223 0.63808385],17,20,"[0.18632471116193938, 0.6470504651095214]",1,10
17473,[0.22909006 0.56676517],17,40,"[0.24325605379412626, 0.6063462149687255]",1,7
17474,[0.19740596 0.52740489],17,17,"[0.19949257984775934, 0.47737458183782433]",1,-1
17475,[0.19248318 0.65311397],17,20,"[0.18632471116193938, 0.6470504651095214]",1,-1
17476,[0.17376116 0.58512194],17,49,"[0.14893778703439292, 0.5666898184239806]",1,-1
17477,[0.28854808 0.56060421],17,44,"[0.30505443145580996, 0.5938366826632161]",1,-1
17478,[0.05165446 0.5956983 ],17,-1,-1,-1,-1
17479,[0.17936827 0.49566321],17,17,"[0.19949257984775934, 0.47737458183782433]",1,-1
17480,[0.19280552 0.55592535],17,49,"[0.14893778703439292, 0.5666898184239806]",1,-1
17481,[0.21956487 0.61571277],17,40,"[0.24325605379412626, 0.6063462149687255]",1,-1
17482,[0.13797586 0.5641675 ],17,49,"[0.14893778703439292, 0.5666898184239806]",1,-1
17483,[0.22870126 0.55888018],17,40,"[0.24325605379412626, 0.6063462149687255]",1,-1
17484,[0.19801588 0.54219184],17,49,"[0.14893778703439292, 0.5666898184239806]",1,-1
17485,[0.19293664 0.62596765],17,20,"[0.18632471116193938, 0.6470504651095214]",1,-1
17486,[0.16790298 0.61268105],17,20,"[0.18632471116193938, 0.6470504651095214]",1,-1
17487,[0.2592375  0.50052482],17,17,"[0.19949257984775934, 0.47737458183782433]",1,-1
17488,[0.23174937 0.46294183],17,17,"[0.19949257984775934, 0.47737458183782433]",1,-1
17489,[0.16723552 0.64895182],17,20,"[0.18632471116193938, 0.6470504651095214]",1,-1
17490,[0.24837229 0.59721881],17,40,"[0.24325605379412626, 0.6063462149687255]",1,-1
17491,[0.3003454  0.53961766],17,44,"[0.30505443145580996, 0.5938366826632161]",1,-1
17492,[0.17237426 0.56916504],17,49,"[0.14893778703439292, 0.5666898184239806]",1,-1
17493,[0.20211797 0.59177677],17,40,"[0.24325605379412626, 0.6063462149687255]",1,-1
17494,[0.17188968 0.64861902],17,20,"[0.18632471116193938, 0.6470504651095214]",1,-1
17495,[0.28156126 0.59646488],17,44,"[0.30505443145580996, 0.5938366826632161]",1,-1
17496,[0.1672079  0.57493437],17,49,"[0.14893778703439292, 0.5666898184239806]",1,-1
17497,[0.23449931 0.61933025],17,40,"[0.24325605379412626, 0.6063462149687255]",1,-1
17498,[0.2325779  0.62481222],17,40,"[0.24325605379412626, 0.6063462149687255]",1,-1
17499,[0.20182968 0.65719828],17,20,"[0.18632471116193938, 0.6470504651095214]",1,-1
17500,[0.23655058 0.56692324],17,40,"[0.24325605379412626, 0.6063462149687255]",1,7
17501,[0.10580728 0.59604097],17,49,"[0.14893778703439292, 0.5666898184239806]",1,-1
17502,[0.16857391 0.53000017],17,49,"[0.14893778703439292, 0.5666898184239806]",1,-1
17503,[0.25055261 0.494504  ],17,17,"[0.19949257984775934, 0.47737458183782433]",1,-1
17504,[0.19911113 0.54796428],17,49,"[0.14893778703439292, 0.5666898184239806]",1,-1
17505,[0.14387578 0.69881642],17,33,"[0.14360528745911366, 0.7361289007486289]",1,-1
17506,[0.17759868 0.5539308 ],17,49,"[0.14893778703439292, 0.5666898184239806]",1,-1
17507,[0.21079839 0.50359033],17,17,"[0.19949257984775934, 0.47737458183782433]",1,-1
17508,[0.24049485 0.54828671],17,40,"[0.24325605379412626, 0.6063462149687255]",1,-1
17509,[0.22286852 0.66499454],17,20,"[0.18632471116193938, 0.6470504651095214]",1,15
17510,[0.21322998 0.65704859],17,20,"[0.18632471116193938, 0.6470504651095214]",1,-1
17511,[0.19579609 0.49395647],17,17,"[0.19949257984775934, 0.47737458183782433]",1,-1
17512,[0.17699671 0.58103454],17,49,"[0.14893778703439292, 0.5666898184239806]",1,-1
17513,[0.20540443 0.63288136],17,20,"[0.18632471116193938, 0.6470504651095214]",1,-1
17514,[0.22369952 0.57290388],17,40,"[0.24325605379412626, 0.6063462149687255]",1,7
17515,[0.23650243 0.63809286],17,40,"[0.24325605379412626, 0.6063462149687255]",1,11
17516,[0.19281556 0.59128231],17,49,"[0.14893778703439292, 0.5666898184239806]",1,-1
17517,[0.21001816 0.5610473 ],17,40,"[0.24325605379412626, 0.6063462149687255]",1,-1
17518,[0.19045216 0.59517198],17,49,"[0.14893778703439292, 0.5666898184239806]",1,-1
17519,[0.19028686 0.62081657],17,20,"[0.18632471116193938, 0.6470504651095214]",1,-1
17520,[0.21596856 0.58761335],17,40,"[0.24325605379412626, 0.6063462149687255]",1,7
17521,[0.2936919  0.54450284],17,44,"[0.30505443145580996, 0.5938366826632161]",1,-1
17522,[0.1529018  0.55055648],17,49,"[0.14893778703439292, 0.5666898184239806]",1,-1
17523,[0.22760503 0.5969866 ],17,40,"[0.24325605379412626, 0.6063462149687255]",1,-1
17524,[0.13884712 0.58646206],17,49,"[0.14893778703439292, 0.5666898184239806]",1,-1
17525,[0.26481056 0.60478229],17,40,"[0.24325605379412626, 0.6063462149687255]",1,-1
17526,[0.23022064 0.59986316],17,40,"[0.24325605379412626, 0.6063462149687255]",1,-1
17527,[0.25583533 0.51083439],17,17,"[0.19949257984775934, 0.47737458183782433]",1,-1
17528,[0.19460667 0.55573726],17,49,"[0.14893778703439292, 0.5666898184239806]",1,-1
17529,[0.20258639 0.52445066],17,17,"[0.19949257984775934, 0.47737458183782433]",1,-1
17530,[0.15362968 0.49979879],17,17,"[0.19949257984775934, 0.47737458183782433]",1,-1
17531,[0.1241298  0.61236021],17,49,"[0.14893778703439292, 0.5666898184239806]",1,-1
17532,[0.19051426 0.69417921],17,20,"[0.18632471116193938, 0.6470504651095214]",1,-1
17533,[0.17073006 0.54185364],17,49,"[0.14893778703439292, 0.5666898184239806]",1,-1
17534,[0.15717374 0.64810096],17,20,"[0.18632471116193938, 0.6470504651095214]",1,-1
17535,[0.26129231 0.58108144],17,40,"[0.24325605379412626, 0.6063462149687255]",1,-1
17536,[0.25168508 0.65269328],17,8,"[0.26852263019242567, 0.6890353589332484]",1,-1
17537,[0.1516412  0.60698607],17,49,"[0.14893778703439292, 0.5666898184239806]",1,-1
17538,[0.17936623 0.63646978],17,20,"[0.18632471116193938, 0.6470504651095214]",1,-1
17539,[0.22210805 0.59805389],17,40,"[0.24325605379412626, 0.6063462149687255]",1,-1
17540,[0.25070052 0.55789354],17,40,"[0.24325605379412626, 0.6063462149687255]",1,-1
17541,[0.11935047 0.57794638],17,49,"[0.14893778703439292, 0.5666898184239806]",1,-1
17542,[0.20603483 0.57053856],17,40,"[0.24325605379412626, 0.6063462149687255]",1,-1
17543,[0.15217498 0.62925502],17,20,"[0.18632471116193938, 0.6470504651095214]",1,-1
17544,[0.1378634 0.5937895],17,49,"[0.14893778703439292, 0.5666898184239806]",1,-1
17545,[0.13686333 0.47058479],17,17,"[0.19949257984775934, 0.47737458183782433]",1,-1
17546,[0.19502401 0.51568226],17,17,"[0.19949257984775934, 0.47737458183782433]",1,-1
17547,[0.24915919 0.62439249],17,40,"[0.24325605379412626, 0.6063462149687255]",1,11
17548,[0.21846744 0.63970623],17,20,"[0.18632471116193938, 0.6470504651095214]",1,10
17549,[0.21162516 0.59370747],17,40,"[0.24325605379412626, 0.6063462149687255]",1,-1
17550,[0.26509861 0.49455437],17,13,"[0.32294489274299887, 0.4620611538839558]",1,-1
17551,[0.17275065 0.60929503],17,20,"[0.18632471116193938, 0.6470504651095214]",1,-1
17552,[0.22115766 0.54235538],17,40,"[0.24325605379412626, 0.6063462149687255]",1,-1
17553,[0.21083993 0.58751853],17,40,"[0.24325605379412626, 0.6063462149687255]",1,-1
17554,[0.1550843  0.59001756],17,49,"[0.14893778703439292, 0.5666898184239806]",1,-1
17555,[0.20489951 0.610107  ],17,40,"[0.24325605379412626, 0.6063462149687255]",1,-1
17556,[0.2483828  0.55402079],17,40,"[0.24325605379412626, 0.6063462149687255]",1,-1
17557,[0.15106442 0.53296788],17,49,"[0.14893778703439292, 0.5666898184239806]",1,-1
17558,[0.24414778 0.45223511],17,17,"[0.19949257984775934, 0.47737458183782433]",1,24
17559,[0.11347081 0.69588086],17,33,"[0.14360528745911366, 0.7361289007486289]",1,-1
17560,[0.18495965 0.60326252],17,20,"[0.18632471116193938, 0.6470504651095214]",1,-1
17561,[0.18801385 0.55924668],17,49,"[0.14893778703439292, 0.5666898184239806]",1,-1
17562,[0.23791008 0.52588728],17,17,"[0.19949257984775934, 0.47737458183782433]",1,-1
17563,[0.20581164 0.60348157],17,40,"[0.24325605379412626, 0.6063462149687255]",1,-1
17564,[0.22423431 0.52232516],17,17,"[0.19949257984775934, 0.47737458183782433]",1,-1
17565,[0.20017183 0.5510497 ],17,49,"[0.14893778703439292, 0.5666898184239806]",1,-1
17566,[0.1743848 0.5254679],17,49,"[0.14893778703439292, 0.5666898184239806]",1,-1
17567,[0.12085635 0.63208692],17,20,"[0.18632471116193938, 0.6470504651095214]",1,-1
17568,[0.19172704 0.52790485],17,17,"[0.19949257984775934, 0.47737458183782433]",1,-1
17569,[0.21849389 0.66745971],17,20,"[0.18632471116193938, 0.6470504651095214]",1,15
17570,[0.22678856 0.72393613],17,24,"[0.2219823769694232, 0.7523883708842017]",1,14
17571,[0.14868134 0.6241366 ],17,20,"[0.18632471116193938, 0.6470504651095214]",1,-1
17572,[0.23140988 0.56496233],17,40,"[0.24325605379412626, 0.6063462149687255]",1,7
17573,[0.06198591 0.61309041],17,-1,-1,0,-1
17574,[0.232995   0.55830886],17,40,"[0.24325605379412626, 0.6063462149687255]",1,-1
17575,[0.30896344 0.65927   ],17,8,"[0.26852263019242567, 0.6890353589332484]",1,-1
17576,[0.14321475 0.58507666],17,49,"[0.14893778703439292, 0.5666898184239806]",1,-1
17577,[0.27555151 0.55816014],17,44,"[0.30505443145580996, 0.5938366826632161]",1,-1
17578,[0.25166699 0.64501221],17,40,"[0.24325605379412626, 0.6063462149687255]",1,-1
17579,[0.16515963 0.60672291],17,49,"[0.14893778703439292, 0.5666898184239806]",1,-1
17580,[0.20782551 0.6256448 ],17,20,"[0.18632471116193938, 0.6470504651095214]",1,-1
17581,[0.18450656 0.53561031],17,49,"[0.14893778703439292, 0.5666898184239806]",1,-1
17582,[0.1539646  0.62050399],17,20,"[0.18632471116193938, 0.6470504651095214]",1,-1
17583,[0.14482311 0.60035428],17,49,"[0.14893778703439292, 0.5666898184239806]",1,-1
17584,[0.14695255 0.55706521],17,49,"[0.14893778703439292, 0.5666898184239806]",1,-1
17585,[0.23253582 0.45349735],17,17,"[0.19949257984775934, 0.47737458183782433]",1,-1
17586,[0.31749529 0.5395269 ],17,44,"[0.30505443145580996, 0.5938366826632161]",1,-1
17587,[0.17286113 0.68428676],17,20,"[0.18632471116193938, 0.6470504651095214]",1,-1
17588,[0.18564371 0.56915055],17,49,"[0.14893778703439292, 0.5666898184239806]",1,-1
17589,[0.13151956 0.57173697],17,49,"[0.14893778703439292, 0.5666898184239806]",1,-1
17590,[0.15864357 0.53003588],17,49,"[0.14893778703439292, 0.5666898184239806]",1,-1
17591,[0.19058556 0.59609143],17,49,"[0.14893778703439292, 0.5666898184239806]",1,-1
17592,[0.28902034 0.61024938],17,44,"[0.30505443145580996, 0.5938366826632161]",1,-1
17593,[0.12466871 0.64184062],17,20,"[0.18632471116193938, 0.6470504651095214]",1,-1
17594,[0.1487721 0.6189507],17,20,"[0.18632471116193938, 0.6470504651095214]",1,-1
17595,[0.18037366 0.52223079],17,17,"[0.19949257984775934, 0.47737458183782433]",1,-1
17596,[0.23248367 0.48873252],17,17,"[0.19949257984775934, 0.47737458183782433]",1,-1
17597,[0.19377741 0.57161085],17,49,"[0.14893778703439292, 0.5666898184239806]",1,-1
17598,[0.18458521 0.58364579],17,49,"[0.14893778703439292, 0.5666898184239806]",1,-1
17599,[0.17617262 0.57383823],17,49,"[0.14893778703439292, 0.5666898184239806]",1,-1
17600,[0.19654716 0.5507919 ],17,49,"[0.14893778703439292, 0.5666898184239806]",1,-1
17601,[0.1971037  0.55668811],17,49,"[0.14893778703439292, 0.5666898184239806]",1,-1
17602,[0.17992971 0.563028  ],17,49,"[0.14893778703439292, 0.5666898184239806]",1,-1
17603,[0.20770627 0.60956042],17,40,"[0.24325605379412626, 0.6063462149687255]",1,-1
17604,[0.08944474 0.56217778],17,49,"[0.14893778703439292, 0.5666898184239806]",1,-1
17605,[0.26076873 0.55010098],17,40,"[0.24325605379412626, 0.6063462149687255]",1,-1
17606,[0.23007972 0.55587291],17,40,"[0.24325605379412626, 0.6063462149687255]",1,-1
17607,[0.194564   0.50823163],17,17,"[0.19949257984775934, 0.47737458183782433]",1,-1
17608,[0.14349559 0.61486116],17,49,"[0.14893778703439292, 0.5666898184239806]",1,-1
17609,[0.17450565 0.64128576],17,20,"[0.18632471116193938, 0.6470504651095214]",1,-1
17610,[0.21560778 0.62432241],17,40,"[0.24325605379412626, 0.6063462149687255]",1,-1
17611,[0.25441727 0.48933242],17,17,"[0.19949257984775934, 0.47737458183782433]",1,-1
17612,[0.21926111 0.51106565],17,17,"[0.19949257984775934, 0.47737458183782433]",1,-1
17613,[0.20024471 0.53739035],17,49,"[0.14893778703439292, 0.5666898184239806]",1,-1
17614,[0.17089357 0.51540041],17,17,"[0.19949257984775934, 0.47737458183782433]",1,-1
17615,[0.28534775 0.62872947],17,44,"[0.30505443145580996, 0.5938366826632161]",1,-1
17616,[0.2375535  0.68157938],17,8,"[0.26852263019242567, 0.6890353589332484]",1,-1
17617,[0.24808528 0.66108838],17,8,"[0.26852263019242567, 0.6890353589332484]",1,-1
17618,[0.21190267 0.53311818],17,17,"[0.19949257984775934, 0.47737458183782433]",1,-1
17619,[0.22353316 0.59160209],17,40,"[0.24325605379412626, 0.6063462149687255]",1,-1
17620,[0.18278171 0.56801481],17,49,"[0.14893778703439292, 0.5666898184239806]",1,-1
17621,[0.15327385 0.56106749],17,49,"[0.14893778703439292, 0.5666898184239806]",1,-1
17622,[0.19470684 0.55238983],17,49,"[0.14893778703439292, 0.5666898184239806]",1,-1
17623,[0.3035745  0.63927881],17,44,"[0.30505443145580996, 0.5938366826632161]",1,-1
17624,[0.21401437 0.63653012],17,20,"[0.18632471116193938, 0.6470504651095214]",1,10
17625,[0.17470566 0.63027409],17,20,"[0.18632471116193938, 0.6470504651095214]",1,-1
17626,[0.19491502 0.56205584],17,49,"[0.14893778703439292, 0.5666898184239806]",1,-1
17627,[0.17399713 0.48347569],17,17,"[0.19949257984775934, 0.47737458183782433]",1,-1
17628,[0.21335482 0.57677723],17,40,"[0.24325605379412626, 0.6063462149687255]",1,7
17629,[0.22202373 0.61958781],17,40,"[0.24325605379412626, 0.6063462149687255]",1,-1
17630,[0.18502577 0.52717968],17,17,"[0.19949257984775934, 0.47737458183782433]",1,-1
17631,[0.14817126 0.53686954],17,49,"[0.14893778703439292, 0.5666898184239806]",1,-1
17632,[0.17350031 0.59916551],17,49,"[0.14893778703439292, 0.5666898184239806]",1,-1
17633,[0.22746827 0.54803465],17,40,"[0.24325605379412626, 0.6063462149687255]",1,-1
17634,[0.18507239 0.54839706],17,49,"[0.14893778703439292, 0.5666898184239806]",1,-1
17635,[0.22983128 0.56916113],17,40,"[0.24325605379412626, 0.6063462149687255]",1,7
17636,[0.20758601 0.64370728],17,20,"[0.18632471116193938, 0.6470504651095214]",1,-1
17637,[0.1925762  0.50984099],17,17,"[0.19949257984775934, 0.47737458183782433]",1,-1
17638,[0.22171301 0.53265134],17,17,"[0.19949257984775934, 0.47737458183782433]",1,-1
17639,[0.19673824 0.53579449],17,49,"[0.14893778703439292, 0.5666898184239806]",1,-1
17640,[0.1685831  0.64133895],17,20,"[0.18632471116193938, 0.6470504651095214]",1,-1
17641,[0.21014923 0.56761178],17,40,"[0.24325605379412626, 0.6063462149687255]",1,-1
17642,[0.25431243 0.6154754 ],17,40,"[0.24325605379412626, 0.6063462149687255]",1,-1
17643,[0.23015808 0.6066764 ],17,40,"[0.24325605379412626, 0.6063462149687255]",1,-1
17644,[0.13744757 0.53233249],17,49,"[0.14893778703439292, 0.5666898184239806]",1,-1
17645,[0.17262758 0.5864271 ],17,49,"[0.14893778703439292, 0.5666898184239806]",1,-1
17646,[0.20235851 0.58350692],17,40,"[0.24325605379412626, 0.6063462149687255]",1,-1
17647,[0.2388285  0.59818681],17,40,"[0.24325605379412626, 0.6063462149687255]",1,-1
17648,[0.29673975 0.56254963],17,44,"[0.30505443145580996, 0.5938366826632161]",1,-1
17649,[0.1479572  0.62568222],17,20,"[0.18632471116193938, 0.6470504651095214]",1,-1
17650,[0.22774085 0.62642536],17,40,"[0.24325605379412626, 0.6063462149687255]",1,-1
17651,[0.1105267  0.51934217],17,49,"[0.14893778703439292, 0.5666898184239806]",1,-1
17652,[0.16975672 0.54334434],17,49,"[0.14893778703439292, 0.5666898184239806]",1,-1
17653,[0.20245533 0.64302809],17,20,"[0.18632471116193938, 0.6470504651095214]",1,-1
17654,[0.17478818 0.59804274],17,49,"[0.14893778703439292, 0.5666898184239806]",1,-1
17655,[0.22370516 0.61593928],17,40,"[0.24325605379412626, 0.6063462149687255]",1,-1
17656,[0.21760334 0.57859387],17,40,"[0.24325605379412626, 0.6063462149687255]",1,7
17657,[0.1430722  0.54474709],17,49,"[0.14893778703439292, 0.5666898184239806]",1,-1
17658,[0.23764836 0.64090621],17,40,"[0.24325605379412626, 0.6063462149687255]",1,11
17659,[0.13387305 0.49725364],17,17,"[0.19949257984775934, 0.47737458183782433]",1,-1
17660,[0.2750114  0.60755235],17,40,"[0.24325605379412626, 0.6063462149687255]",1,-1
17661,[0.24024544 0.67063964],17,8,"[0.26852263019242567, 0.6890353589332484]",1,-1
17662,[0.23480947 0.56846028],17,40,"[0.24325605379412626, 0.6063462149687255]",1,7
17663,[0.2089335  0.60838883],17,40,"[0.24325605379412626, 0.6063462149687255]",1,-1
17664,[0.18891249 0.50478027],17,17,"[0.19949257984775934, 0.47737458183782433]",1,-1
17665,[0.19470719 0.48246026],17,17,"[0.19949257984775934, 0.47737458183782433]",1,-1
17666,[0.17119252 0.644921  ],17,20,"[0.18632471116193938, 0.6470504651095214]",1,-1
17667,[0.19405188 0.48930702],17,17,"[0.19949257984775934, 0.47737458183782433]",1,-1
17668,[0.18177729 0.56296651],17,49,"[0.14893778703439292, 0.5666898184239806]",1,-1
17669,[0.11357818 0.63012897],17,-1,-1,1,-1
17670,[0.18201158 0.57682944],17,49,"[0.14893778703439292, 0.5666898184239806]",1,-1
17671,[0.23250611 0.61680927],17,40,"[0.24325605379412626, 0.6063462149687255]",1,-1
17672,[0.18917964 0.55330126],17,49,"[0.14893778703439292, 0.5666898184239806]",1,-1
17673,[0.24930324 0.56607064],17,40,"[0.24325605379412626, 0.6063462149687255]",1,-1
17674,[0.24525244 0.59745168],17,40,"[0.24325605379412626, 0.6063462149687255]",1,-1
17675,[0.16759634 0.52792387],17,49,"[0.14893778703439292, 0.5666898184239806]",1,-1
17676,[0.28034595 0.591368  ],17,44,"[0.30505443145580996, 0.5938366826632161]",1,-1
17677,[0.23032103 0.55450596],17,40,"[0.24325605379412626, 0.6063462149687255]",1,-1
17678,[0.18103971 0.48961722],17,17,"[0.19949257984775934, 0.47737458183782433]",1,-1
17679,[0.1736558  0.62131839],17,20,"[0.18632471116193938, 0.6470504651095214]",1,-1
17680,[0.28506552 0.55500888],17,44,"[0.30505443145580996, 0.5938366826632161]",1,-1
17681,[0.22509049 0.57517332],17,40,"[0.24325605379412626, 0.6063462149687255]",1,7
17682,[0.2962852  0.56204803],17,44,"[0.30505443145580996, 0.5938366826632161]",1,-1
17683,[0.1574973  0.58117512],17,49,"[0.14893778703439292, 0.5666898184239806]",1,-1
17684,[0.16960705 0.54265209],17,49,"[0.14893778703439292, 0.5666898184239806]",1,-1
17685,[0.26199891 0.57644746],17,40,"[0.24325605379412626, 0.6063462149687255]",1,-1
17686,[0.23303194 0.56347873],17,40,"[0.24325605379412626, 0.6063462149687255]",1,7
17687,[0.24013675 0.57435311],17,40,"[0.24325605379412626, 0.6063462149687255]",1,-1
17688,[0.11146583 0.67319794],17,-1,-1,1,-1
17689,[0.15876684 0.58446951],17,49,"[0.14893778703439292, 0.5666898184239806]",1,-1
17690,[0.234972   0.66550222],17,8,"[0.26852263019242567, 0.6890353589332484]",1,-1
17691,[0.226857   0.51403301],17,17,"[0.19949257984775934, 0.47737458183782433]",1,-1
17692,[0.11410005 0.5930364 ],17,49,"[0.14893778703439292, 0.5666898184239806]",1,-1
17693,[0.22317387 0.50586929],17,17,"[0.19949257984775934, 0.47737458183782433]",1,-1
17694,[0.20919387 0.60847322],17,40,"[0.24325605379412626, 0.6063462149687255]",1,-1
17695,[0.13824471 0.61352968],17,49,"[0.14893778703439292, 0.5666898184239806]",1,-1
17696,[0.20542883 0.5735778 ],17,40,"[0.24325605379412626, 0.6063462149687255]",1,-1
17697,[0.19681917 0.59438285],17,40,"[0.24325605379412626, 0.6063462149687255]",1,-1
17698,[0.17922075 0.469794  ],17,17,"[0.19949257984775934, 0.47737458183782433]",1,-1
17699,[0.23010272 0.59881759],17,40,"[0.24325605379412626, 0.6063462149687255]",1,-1
17700,[0.15292222 0.63478714],17,20,"[0.18632471116193938, 0.6470504651095214]",1,-1
17701,[0.23259124 0.55079702],17,40,"[0.24325605379412626, 0.6063462149687255]",1,-1
17702,[0.16266563 0.5849131 ],17,49,"[0.14893778703439292, 0.5666898184239806]",1,-1
17703,[0.28961408 0.61553338],17,44,"[0.30505443145580996, 0.5938366826632161]",1,-1
17704,[0.20992949 0.65832737],17,20,"[0.18632471116193938, 0.6470504651095214]",1,-1
17705,[0.17292925 0.64987227],17,20,"[0.18632471116193938, 0.6470504651095214]",1,-1
17706,[0.2011555  0.56975713],17,49,"[0.14893778703439292, 0.5666898184239806]",1,-1
17707,[0.09234893 0.62817186],17,-1,-1,1,-1
17708,[0.20839596 0.57603555],17,40,"[0.24325605379412626, 0.6063462149687255]",1,7
17709,[0.22843825 0.57195083],17,40,"[0.24325605379412626, 0.6063462149687255]",1,7
17710,[0.24776817 0.63006721],17,40,"[0.24325605379412626, 0.6063462149687255]",1,11
17711,[0.17290546 0.5180371 ],17,17,"[0.19949257984775934, 0.47737458183782433]",1,-1
17712,[0.20110462 0.55653633],17,49,"[0.14893778703439292, 0.5666898184239806]",1,-1
17713,[0.12979576 0.55996108],17,49,"[0.14893778703439292, 0.5666898184239806]",1,-1
17714,[0.15458242 0.62789257],17,20,"[0.18632471116193938, 0.6470504651095214]",1,-1
17715,[0.17721288 0.58217612],17,49,"[0.14893778703439292, 0.5666898184239806]",1,-1
17716,[0.20388775 0.63322429],17,20,"[0.18632471116193938, 0.6470504651095214]",1,-1
17717,[0.22391313 0.6124913 ],17,40,"[0.24325605379412626, 0.6063462149687255]",1,-1
17718,[0.20851839 0.57657942],17,40,"[0.24325605379412626, 0.6063462149687255]",1,7
17719,[0.23235754 0.68051063],17,8,"[0.26852263019242567, 0.6890353589332484]",1,15
17720,[0.14598954 0.5085049 ],17,49,"[0.14893778703439292, 0.5666898184239806]",1,-1
17721,[0.15536771 0.58132473],17,49,"[0.14893778703439292, 0.5666898184239806]",1,-1
17722,[0.27403768 0.58302744],17,44,"[0.30505443145580996, 0.5938366826632161]",1,-1
17723,[0.23180774 0.61240323],17,40,"[0.24325605379412626, 0.6063462149687255]",1,-1
17724,[0.25248556 0.6233026 ],17,40,"[0.24325605379412626, 0.6063462149687255]",1,-1
17725,[0.16632105 0.52952412],17,49,"[0.14893778703439292, 0.5666898184239806]",1,-1
17726,[0.10500004 0.59750654],17,49,"[0.14893778703439292, 0.5666898184239806]",1,-1
17727,[0.24673905 0.53396958],17,-1,-1,1,-1
17728,[0.16543693 0.6102515 ],17,20,"[0.18632471116193938, 0.6470504651095214]",1,-1
17729,[0.25763471 0.55312003],17,40,"[0.24325605379412626, 0.6063462149687255]",1,-1
17730,[0.24834836 0.52144921],17,17,"[0.19949257984775934, 0.47737458183782433]",1,-1
17731,[0.10498953 0.51027699],17,-1,-1,1,-1
17732,[0.15464275 0.60699897],17,49,"[0.14893778703439292, 0.5666898184239806]",1,-1
17733,[0.15185445 0.56802834],17,49,"[0.14893778703439292, 0.5666898184239806]",1,-1
17734,[0.1364384  0.58709138],17,49,"[0.14893778703439292, 0.5666898184239806]",1,-1
17735,[0.24611105 0.56698473],17,40,"[0.24325605379412626, 0.6063462149687255]",1,-1
17736,[0.23312729 0.62337037],17,40,"[0.24325605379412626, 0.6063462149687255]",1,-1
17737,[0.09147391 0.60456587],17,49,"[0.14893778703439292, 0.5666898184239806]",1,-1
17738,[0.21581225 0.66247732],17,20,"[0.18632471116193938, 0.6470504651095214]",1,-1
17739,[0.18219794 0.56588174],17,49,"[0.14893778703439292, 0.5666898184239806]",1,-1
17740,[0.15396498 0.58117637],17,49,"[0.14893778703439292, 0.5666898184239806]",1,-1
17741,[0.15590649 0.50196087],17,17,"[0.19949257984775934, 0.47737458183782433]",1,-1
17742,[0.23478927 0.49143359],17,17,"[0.19949257984775934, 0.47737458183782433]",1,-1
17743,[0.18966204 0.48748651],17,17,"[0.19949257984775934, 0.47737458183782433]",1,-1
17744,[0.22315853 0.64509739],17,20,"[0.18632471116193938, 0.6470504651095214]",1,-1
17745,[0.26972072 0.57278346],17,44,"[0.30505443145580996, 0.5938366826632161]",1,-1
17746,[0.24258077 0.59392162],17,40,"[0.24325605379412626, 0.6063462149687255]",1,-1
17747,[0.11784135 0.5671509 ],17,49,"[0.14893778703439292, 0.5666898184239806]",1,-1
17748,[0.18749627 0.57853681],17,49,"[0.14893778703439292, 0.5666898184239806]",1,-1
17749,[0.23330397 0.50060452],17,17,"[0.19949257984775934, 0.47737458183782433]",1,-1
17750,[0.16699782 0.60520226],17,49,"[0.14893778703439292, 0.5666898184239806]",1,-1
17751,[0.14853966 0.5897295 ],17,49,"[0.14893778703439292, 0.5666898184239806]",1,-1
17752,[0.22818096 0.57107002],17,40,"[0.24325605379412626, 0.6063462149687255]",1,7
17753,[0.17906739 0.58593023],17,49,"[0.14893778703439292, 0.5666898184239806]",1,-1
17754,[0.24228493 0.66877349],17,8,"[0.26852263019242567, 0.6890353589332484]",1,-1
17755,[0.28831531 0.61559623],17,44,"[0.30505443145580996, 0.5938366826632161]",1,-1
17756,[0.24277633 0.52725822],17,17,"[0.19949257984775934, 0.47737458183782433]",1,-1
17757,[0.24118212 0.53555819],17,-1,-1,1,-1
17758,[0.21682158 0.62501307],17,40,"[0.24325605379412626, 0.6063462149687255]",1,-1
17759,[0.18661194 0.63885745],17,20,"[0.18632471116193938, 0.6470504651095214]",1,-1
17760,[0.17217134 0.61313021],17,20,"[0.18632471116193938, 0.6470504651095214]",1,-1
17761,[0.25364679 0.65039008],17,8,"[0.26852263019242567, 0.6890353589332484]",1,16
17762,[0.29010027 0.61299638],17,44,"[0.30505443145580996, 0.5938366826632161]",1,-1
17763,[0.20515342 0.69898037],17,20,"[0.18632471116193938, 0.6470504651095214]",1,13
17764,[0.11322061 0.52501693],17,49,"[0.14893778703439292, 0.5666898184239806]",1,-1
17765,[0.17105538 0.65593001],17,20,"[0.18632471116193938, 0.6470504651095214]",1,-1
17766,[0.22575486 0.67883346],17,8,"[0.26852263019242567, 0.6890353589332484]",1,15
17767,[0.26185301 0.48800431],17,17,"[0.19949257984775934, 0.47737458183782433]",1,-1
17768,[0.1235235  0.53021585],17,49,"[0.14893778703439292, 0.5666898184239806]",1,-1
17769,[0.29293735 0.59341718],17,44,"[0.30505443145580996, 0.5938366826632161]",1,-1
17770,[0.27432257 0.59249983],17,44,"[0.30505443145580996, 0.5938366826632161]",1,-1
17771,[0.23206178 0.5572096 ],17,40,"[0.24325605379412626, 0.6063462149687255]",1,-1
17772,[0.18973795 0.53938017],17,49,"[0.14893778703439292, 0.5666898184239806]",1,-1
17773,[0.16093094 0.60790895],17,49,"[0.14893778703439292, 0.5666898184239806]",1,-1
17774,[0.10998291 0.6295892 ],17,-1,-1,1,-1
17775,[0.29128656 0.56423318],17,44,"[0.30505443145580996, 0.5938366826632161]",1,-1
17776,[0.18083626 0.5662994 ],17,49,"[0.14893778703439292, 0.5666898184239806]",1,-1
17777,[0.20931907 0.52807132],17,17,"[0.19949257984775934, 0.47737458183782433]",1,-1
17778,[0.18384513 0.57391064],17,49,"[0.14893778703439292, 0.5666898184239806]",1,-1
17779,[0.25529781 0.5216685 ],17,-1,-1,1,-1
17780,[0.14693689 0.50650171],17,17,"[0.19949257984775934, 0.47737458183782433]",1,-1
17781,[0.15137188 0.5847685 ],17,49,"[0.14893778703439292, 0.5666898184239806]",1,-1
17782,[0.14982265 0.57958095],17,49,"[0.14893778703439292, 0.5666898184239806]",1,-1
17783,[0.30268032 0.54106498],17,44,"[0.30505443145580996, 0.5938366826632161]",1,-1
17784,[0.25964615 0.55145797],17,40,"[0.24325605379412626, 0.6063462149687255]",1,-1
17785,[0.09096832 0.5426813 ],17,49,"[0.14893778703439292, 0.5666898184239806]",1,-1
17786,[0.20401169 0.58205264],17,40,"[0.24325605379412626, 0.6063462149687255]",1,-1
17787,[0.18151295 0.65389928],17,20,"[0.18632471116193938, 0.6470504651095214]",1,-1
17788,[0.20471327 0.5949998 ],17,40,"[0.24325605379412626, 0.6063462149687255]",1,-1
17789,[0.20604459 0.49196321],17,17,"[0.19949257984775934, 0.47737458183782433]",1,-1
17790,[0.1789979  0.59109271],17,49,"[0.14893778703439292, 0.5666898184239806]",1,-1
17791,[0.2165485  0.66873871],17,20,"[0.18632471116193938, 0.6470504651095214]",1,15
17792,[0.26199007 0.60109417],17,40,"[0.24325605379412626, 0.6063462149687255]",1,-1
17793,[0.25932233 0.54867849],17,40,"[0.24325605379412626, 0.6063462149687255]",1,-1
17794,[0.24421882 0.62332824],17,40,"[0.24325605379412626, 0.6063462149687255]",1,-1
17795,[0.21714579 0.63411004],17,20,"[0.18632471116193938, 0.6470504651095214]",1,10
17796,[0.15169134 0.61988941],17,20,"[0.18632471116193938, 0.6470504651095214]",1,-1
17797,[0.20620173 0.55584626],17,49,"[0.14893778703439292, 0.5666898184239806]",1,-1
17798,[0.23327314 0.56799519],17,40,"[0.24325605379412626, 0.6063462149687255]",1,7
17799,[0.20640251 0.64779511],17,20,"[0.18632471116193938, 0.6470504651095214]",1,-1
17800,[0.14441505 0.50388424],17,17,"[0.19949257984775934, 0.47737458183782433]",1,-1
17801,[0.15983491 0.5595168 ],17,49,"[0.14893778703439292, 0.5666898184239806]",1,-1
17802,[0.19000824 0.47626797],17,17,"[0.19949257984775934, 0.47737458183782433]",1,-1
17803,[0.23047269 0.59826897],17,40,"[0.24325605379412626, 0.6063462149687255]",1,-1
17804,[0.16879696 0.57080954],17,49,"[0.14893778703439292, 0.5666898184239806]",1,-1
17805,[0.21531506 0.60250466],17,40,"[0.24325605379412626, 0.6063462149687255]",1,-1
17806,[0.19700771 0.58484647],17,40,"[0.24325605379412626, 0.6063462149687255]",1,-1
17807,[0.18252509 0.53791203],17,49,"[0.14893778703439292, 0.5666898184239806]",1,-1
17808,[0.14671032 0.55445012],17,49,"[0.14893778703439292, 0.5666898184239806]",1,-1
17809,[0.1710103  0.58298812],17,49,"[0.14893778703439292, 0.5666898184239806]",1,-1
17810,[0.26186348 0.60421845],17,40,"[0.24325605379412626, 0.6063462149687255]",1,-1
17811,[0.25824321 0.60078749],17,40,"[0.24325605379412626, 0.6063462149687255]",1,-1
17812,[0.22344347 0.55163105],17,40,"[0.24325605379412626, 0.6063462149687255]",1,-1
17813,[0.27882338 0.56609469],17,44,"[0.30505443145580996, 0.5938366826632161]",1,-1
17814,[0.16132857 0.62102187],17,20,"[0.18632471116193938, 0.6470504651095214]",1,-1
17815,[0.23406918 0.56414963],17,40,"[0.24325605379412626, 0.6063462149687255]",1,7
17816,[0.30510001 0.56072448],17,44,"[0.30505443145580996, 0.5938366826632161]",1,-1
17817,[0.29010933 0.57021977],17,44,"[0.30505443145580996, 0.5938366826632161]",1,-1
17818,[0.13931316 0.49965737],17,17,"[0.19949257984775934, 0.47737458183782433]",1,-1
17819,[0.19460183 0.5155548 ],17,17,"[0.19949257984775934, 0.47737458183782433]",1,-1
17820,[0.19216211 0.57483178],17,49,"[0.14893778703439292, 0.5666898184239806]",1,-1
17821,[0.19862418 0.52036887],17,17,"[0.19949257984775934, 0.47737458183782433]",1,-1
17822,[0.15871534 0.61037237],17,49,"[0.14893778703439292, 0.5666898184239806]",1,-1
17823,[0.22112203 0.59863217],17,40,"[0.24325605379412626, 0.6063462149687255]",1,-1
17824,[0.19187478 0.57689679],17,49,"[0.14893778703439292, 0.5666898184239806]",1,-1
17825,[0.12197432 0.60406425],17,49,"[0.14893778703439292, 0.5666898184239806]",1,-1
17826,[0.15748668 0.61909126],17,20,"[0.18632471116193938, 0.6470504651095214]",1,-1
17827,[0.19870418 0.60278046],17,40,"[0.24325605379412626, 0.6063462149687255]",1,-1
17828,[0.16869868 0.57368564],17,49,"[0.14893778703439292, 0.5666898184239806]",1,-1
17829,[0.20608705 0.60909793],17,40,"[0.24325605379412626, 0.6063462149687255]",1,-1
17830,[0.20147393 0.56846601],17,49,"[0.14893778703439292, 0.5666898184239806]",1,-1
17831,[0.24067203 0.63825207],17,40,"[0.24325605379412626, 0.6063462149687255]",1,11
17832,[0.21868389 0.53701569],17,17,"[0.19949257984775934, 0.47737458183782433]",1,-1
17833,[0.25348514 0.58499597],17,40,"[0.24325605379412626, 0.6063462149687255]",1,-1
17834,[0.10882922 0.59473867],17,49,"[0.14893778703439292, 0.5666898184239806]",1,-1
17835,[0.1781812  0.48028297],17,17,"[0.19949257984775934, 0.47737458183782433]",1,-1
17836,[0.21714114 0.61188902],17,40,"[0.24325605379412626, 0.6063462149687255]",1,-1
17837,[0.19452771 0.58125186],17,49,"[0.14893778703439292, 0.5666898184239806]",1,-1
17838,[0.09777406 0.61958265],17,-1,-1,1,-1
17839,[0.29645427 0.56327627],17,44,"[0.30505443145580996, 0.5938366826632161]",1,-1
17840,[0.29728896 0.60195577],17,44,"[0.30505443145580996, 0.5938366826632161]",1,-1
17841,[0.21077582 0.5407979 ],17,17,"[0.19949257984775934, 0.47737458183782433]",1,-1
17842,[0.1444716  0.56067708],17,49,"[0.14893778703439292, 0.5666898184239806]",1,-1
17843,[0.24705811 0.57325661],17,40,"[0.24325605379412626, 0.6063462149687255]",1,-1
17844,[0.20400634 0.52926295],17,17,"[0.19949257984775934, 0.47737458183782433]",1,-1
17845,[0.12541136 0.53053137],17,49,"[0.14893778703439292, 0.5666898184239806]",1,-1
17846,[0.25967317 0.56833662],17,40,"[0.24325605379412626, 0.6063462149687255]",1,-1
17847,[0.24673749 0.53892122],17,40,"[0.24325605379412626, 0.6063462149687255]",1,-1
17848,[0.20357931 0.63532087],17,20,"[0.18632471116193938, 0.6470504651095214]",1,-1
17849,[0.24826054 0.6390997 ],17,40,"[0.24325605379412626, 0.6063462149687255]",1,-1
17850,[0.10844928 0.55600523],17,49,"[0.14893778703439292, 0.5666898184239806]",1,-1
17851,[0.17027253 0.55050231],17,49,"[0.14893778703439292, 0.5666898184239806]",1,-1
17852,[0.19601734 0.55263223],17,49,"[0.14893778703439292, 0.5666898184239806]",1,-1
17853,[0.21341808 0.58687644],17,40,"[0.24325605379412626, 0.6063462149687255]",1,-1
17854,[0.25419591 0.68062741],17,8,"[0.26852263019242567, 0.6890353589332484]",1,-1
17855,[0.22760186 0.57286715],17,40,"[0.24325605379412626, 0.6063462149687255]",1,7
17856,[0.19967322 0.59493772],17,40,"[0.24325605379412626, 0.6063462149687255]",1,-1
17857,[0.20402122 0.5636641 ],17,49,"[0.14893778703439292, 0.5666898184239806]",1,-1
17858,[0.28585662 0.55555841],17,44,"[0.30505443145580996, 0.5938366826632161]",1,-1
17859,[0.15976511 0.50045568],17,17,"[0.19949257984775934, 0.47737458183782433]",1,-1
17860,[0.24797047 0.63833108],17,40,"[0.24325605379412626, 0.6063462149687255]",1,-1
17861,[0.17698869 0.59172767],17,49,"[0.14893778703439292, 0.5666898184239806]",1,-1
17862,[0.21093766 0.55981955],17,40,"[0.24325605379412626, 0.6063462149687255]",1,-1
17863,[0.18961032 0.64052149],17,20,"[0.18632471116193938, 0.6470504651095214]",1,-1
17864,[0.2510469  0.57385178],17,40,"[0.24325605379412626, 0.6063462149687255]",1,-1
17865,[0.1535135  0.61161317],17,49,"[0.14893778703439292, 0.5666898184239806]",1,-1
17866,[0.19879722 0.55196021],17,49,"[0.14893778703439292, 0.5666898184239806]",1,-1
17867,[0.12319021 0.62949981],17,20,"[0.18632471116193938, 0.6470504651095214]",1,-1
17868,[0.21645072 0.58179777],17,40,"[0.24325605379412626, 0.6063462149687255]",1,7
17869,[0.19869297 0.49184448],17,17,"[0.19949257984775934, 0.47737458183782433]",1,-1
17870,[0.23352476 0.58257877],17,40,"[0.24325605379412626, 0.6063462149687255]",1,-1
17871,[0.23697257 0.56433977],17,40,"[0.24325605379412626, 0.6063462149687255]",1,7
17872,[0.25846324 0.59224002],17,40,"[0.24325605379412626, 0.6063462149687255]",1,-1
17873,[0.21994367 0.59071755],17,40,"[0.24325605379412626, 0.6063462149687255]",1,-1
17874,[0.24740084 0.62315532],17,40,"[0.24325605379412626, 0.6063462149687255]",1,11
17875,[0.21418836 0.61406301],17,40,"[0.24325605379412626, 0.6063462149687255]",1,-1
17876,[0.22995765 0.53330929],17,17,"[0.19949257984775934, 0.47737458183782433]",1,-1
17877,[0.16656059 0.62708721],17,20,"[0.18632471116193938, 0.6470504651095214]",1,-1
17878,[0.22033477 0.57778663],17,40,"[0.24325605379412626, 0.6063462149687255]",1,7
17879,[0.21398961 0.6407475 ],17,20,"[0.18632471116193938, 0.6470504651095214]",1,10
17880,[0.15700657 0.56602628],17,49,"[0.14893778703439292, 0.5666898184239806]",1,-1
17881,[0.19754282 0.64079293],17,20,"[0.18632471116193938, 0.6470504651095214]",1,-1
17882,[0.17929846 0.61713724],17,20,"[0.18632471116193938, 0.6470504651095214]",1,-1
17883,[0.15732864 0.59065212],17,49,"[0.14893778703439292, 0.5666898184239806]",1,-1
17884,[0.1399303  0.61973997],17,49,"[0.14893778703439292, 0.5666898184239806]",1,-1
17885,[0.24486536 0.58327703],17,40,"[0.24325605379412626, 0.6063462149687255]",1,-1
17886,[0.21466187 0.49121092],17,17,"[0.19949257984775934, 0.47737458183782433]",1,-1
17887,[0.15978746 0.55801983],17,49,"[0.14893778703439292, 0.5666898184239806]",1,-1
17888,[0.16424996 0.58641048],17,49,"[0.14893778703439292, 0.5666898184239806]",1,-1
17889,[0.21316724 0.5755888 ],17,40,"[0.24325605379412626, 0.6063462149687255]",1,7
17890,[0.16554726 0.70900983],17,33,"[0.14360528745911366, 0.7361289007486289]",1,-1
17891,[0.23395039 0.63749352],17,40,"[0.24325605379412626, 0.6063462149687255]",1,-1
17892,[0.20322397 0.6259478 ],17,20,"[0.18632471116193938, 0.6470504651095214]",1,-1
17893,[0.22046015 0.6098319 ],17,40,"[0.24325605379412626, 0.6063462149687255]",1,-1
17894,[0.31497814 0.54874699],17,44,"[0.30505443145580996, 0.5938366826632161]",1,-1
17895,[0.21719053 0.51333435],17,17,"[0.19949257984775934, 0.47737458183782433]",1,-1
17896,[0.08474794 0.56501084],17,49,"[0.14893778703439292, 0.5666898184239806]",1,-1
17897,[0.20847958 0.5219607 ],17,17,"[0.19949257984775934, 0.47737458183782433]",1,-1
17898,[0.21447835 0.53740066],17,17,"[0.19949257984775934, 0.47737458183782433]",1,-1
17899,[0.17483245 0.67727559],17,20,"[0.18632471116193938, 0.6470504651095214]",1,-1
17900,[0.20216935 0.50124564],17,17,"[0.19949257984775934, 0.47737458183782433]",1,-1
17901,[0.20681206 0.59116076],17,40,"[0.24325605379412626, 0.6063462149687255]",1,-1
17902,[0.1949545 0.5582988],17,49,"[0.14893778703439292, 0.5666898184239806]",1,-1
17903,[0.1474646  0.50998359],17,49,"[0.14893778703439292, 0.5666898184239806]",1,-1
17904,[0.26075592 0.5560634 ],17,40,"[0.24325605379412626, 0.6063462149687255]",1,-1
17905,[0.18518567 0.62428867],17,20,"[0.18632471116193938, 0.6470504651095214]",1,-1
17906,[0.13541644 0.57181063],17,49,"[0.14893778703439292, 0.5666898184239806]",1,-1
17907,[0.22811202 0.64756212],17,20,"[0.18632471116193938, 0.6470504651095214]",1,-1
17908,[0.20000342 0.65696731],17,20,"[0.18632471116193938, 0.6470504651095214]",1,-1
17909,[0.07116278 0.58766258],17,-1,-1,-1,-1
17910,[0.2277616  0.55973349],17,40,"[0.24325605379412626, 0.6063462149687255]",1,-1
17911,[0.19800728 0.60152973],17,40,"[0.24325605379412626, 0.6063462149687255]",1,-1
17912,[0.16307736 0.59385451],17,49,"[0.14893778703439292, 0.5666898184239806]",1,-1
17913,[0.16799477 0.6219239 ],17,20,"[0.18632471116193938, 0.6470504651095214]",1,-1
17914,[0.26545975 0.58738086],17,40,"[0.24325605379412626, 0.6063462149687255]",1,-1
17915,[0.20239784 0.53637709],17,17,"[0.19949257984775934, 0.47737458183782433]",1,-1
17916,[0.23425718 0.58377058],17,40,"[0.24325605379412626, 0.6063462149687255]",1,-1
17917,[0.12645475 0.65338062],17,20,"[0.18632471116193938, 0.6470504651095214]",1,-1
17918,[0.1134301  0.58837363],17,49,"[0.14893778703439292, 0.5666898184239806]",1,-1
17919,[0.25986898 0.53702785],17,-1,-1,1,-1
17920,[0.20358883 0.61467395],17,20,"[0.18632471116193938, 0.6470504651095214]",1,-1
17921,[0.19653294 0.55875694],17,49,"[0.14893778703439292, 0.5666898184239806]",1,-1
17922,[0.28610179 0.54010108],17,44,"[0.30505443145580996, 0.5938366826632161]",1,-1
17923,[0.20908661 0.58102085],17,40,"[0.24325605379412626, 0.6063462149687255]",1,7
17924,[0.19167977 0.60763564],17,20,"[0.18632471116193938, 0.6470504651095214]",1,-1
17925,[0.28755965 0.56696725],17,44,"[0.30505443145580996, 0.5938366826632161]",1,-1
17926,[0.18910258 0.61345926],17,20,"[0.18632471116193938, 0.6470504651095214]",1,-1
17927,[0.3207049  0.58637915],17,44,"[0.30505443145580996, 0.5938366826632161]",1,-1
17928,[0.23501738 0.65400441],17,40,"[0.24325605379412626, 0.6063462149687255]",1,-1
17929,[0.20394182 0.62384327],17,20,"[0.18632471116193938, 0.6470504651095214]",1,-1
17930,[0.1978736  0.61628772],17,20,"[0.18632471116193938, 0.6470504651095214]",1,-1
17931,[0.19407535 0.59083243],17,49,"[0.14893778703439292, 0.5666898184239806]",1,-1
17932,[0.23469953 0.52651817],17,17,"[0.19949257984775934, 0.47737458183782433]",1,-1
17933,[0.16944132 0.57171515],17,49,"[0.14893778703439292, 0.5666898184239806]",1,-1
17934,[0.17886845 0.43447253],17,17,"[0.19949257984775934, 0.47737458183782433]",1,-1
17935,[0.25329175 0.6023309 ],17,40,"[0.24325605379412626, 0.6063462149687255]",1,-1
17936,[0.19649406 0.57684112],17,49,"[0.14893778703439292, 0.5666898184239806]",1,-1
17937,[0.20797706 0.48655032],17,17,"[0.19949257984775934, 0.47737458183782433]",1,-1
17938,[0.19867924 0.66633696],17,20,"[0.18632471116193938, 0.6470504651095214]",1,-1
17939,[0.16770912 0.51802602],17,17,"[0.19949257984775934, 0.47737458183782433]",1,-1
17940,[0.14308358 0.55644475],17,49,"[0.14893778703439292, 0.5666898184239806]",1,-1
17941,[0.26464342 0.61547583],17,40,"[0.24325605379412626, 0.6063462149687255]",1,-1
17942,[0.23910198 0.65410271],17,8,"[0.26852263019242567, 0.6890353589332484]",1,-1
17943,[0.15285397 0.55720128],17,49,"[0.14893778703439292, 0.5666898184239806]",1,-1
17944,[0.17644925 0.58858434],17,49,"[0.14893778703439292, 0.5666898184239806]",1,-1
17945,[0.13922353 0.57675757],17,49,"[0.14893778703439292, 0.5666898184239806]",1,-1
17946,[0.14067899 0.62708055],17,20,"[0.18632471116193938, 0.6470504651095214]",1,-1
17947,[0.25608738 0.56794749],17,40,"[0.24325605379412626, 0.6063462149687255]",1,-1
17948,[0.19363666 0.66411054],17,20,"[0.18632471116193938, 0.6470504651095214]",1,-1
17949,[0.18981852 0.55740748],17,49,"[0.14893778703439292, 0.5666898184239806]",1,-1
17950,[0.23445264 0.59268476],17,40,"[0.24325605379412626, 0.6063462149687255]",1,-1
17951,[0.16505553 0.54961085],17,49,"[0.14893778703439292, 0.5666898184239806]",1,-1
17952,[0.18746675 0.60767194],17,20,"[0.18632471116193938, 0.6470504651095214]",1,-1
17953,[0.15268995 0.59526533],17,49,"[0.14893778703439292, 0.5666898184239806]",1,-1
17954,[0.18045391 0.55947795],17,49,"[0.14893778703439292, 0.5666898184239806]",1,-1
17955,[0.29243459 0.57087475],17,44,"[0.30505443145580996, 0.5938366826632161]",1,-1
17956,[0.19329775 0.63085664],17,20,"[0.18632471116193938, 0.6470504651095214]",1,-1
17957,[0.16243789 0.49627088],17,17,"[0.19949257984775934, 0.47737458183782433]",1,-1
17958,[0.22317682 0.5775909 ],17,40,"[0.24325605379412626, 0.6063462149687255]",1,-1
17959,[0.16963731 0.55329189],17,49,"[0.14893778703439292, 0.5666898184239806]",1,-1
17960,[0.22790139 0.49526902],17,17,"[0.19949257984775934, 0.47737458183782433]",1,-1
17961,[0.18593481 0.64149142],17,20,"[0.18632471116193938, 0.6470504651095214]",1,-1
17962,[0.1678899  0.48411852],17,17,"[0.19949257984775934, 0.47737458183782433]",1,-1
17963,[0.15717071 0.58110396],17,49,"[0.14893778703439292, 0.5666898184239806]",1,-1
17964,[0.18372836 0.59588961],17,49,"[0.14893778703439292, 0.5666898184239806]",1,-1
17965,[0.18001306 0.57366293],17,49,"[0.14893778703439292, 0.5666898184239806]",1,-1
17966,[0.1346825  0.52170503],17,49,"[0.14893778703439292, 0.5666898184239806]",1,-1
17967,[0.14331455 0.55434888],17,49,"[0.14893778703439292, 0.5666898184239806]",1,-1
17968,[0.26568654 0.4833728 ],17,13,"[0.32294489274299887, 0.4620611538839558]",1,-1
17969,[0.23204405 0.66292594],17,8,"[0.26852263019242567, 0.6890353589332484]",1,-1
17970,[0.11438318 0.52820709],17,49,"[0.14893778703439292, 0.5666898184239806]",1,-1
17971,[0.08222039 0.59216406],17,-1,-1,1,-1
17972,[0.29987814 0.59843843],17,44,"[0.30505443145580996, 0.5938366826632161]",1,-1
17973,[0.2115128  0.55658948],17,40,"[0.24325605379412626, 0.6063462149687255]",1,-1
17974,[0.21219632 0.62014806],17,40,"[0.24325605379412626, 0.6063462149687255]",1,-1
17975,[0.16502089 0.56502265],17,49,"[0.14893778703439292, 0.5666898184239806]",1,-1
17976,[0.17379908 0.62313252],17,20,"[0.18632471116193938, 0.6470504651095214]",1,-1
17977,[0.13682689 0.59559547],17,49,"[0.14893778703439292, 0.5666898184239806]",1,-1
17978,[0.25658592 0.54356019],17,40,"[0.24325605379412626, 0.6063462149687255]",1,-1
17979,[0.21810689 0.54277401],17,17,"[0.19949257984775934, 0.47737458183782433]",1,-1
17980,[0.16212763 0.55379149],17,49,"[0.14893778703439292, 0.5666898184239806]",1,-1
17981,[0.17480355 0.58695074],17,49,"[0.14893778703439292, 0.5666898184239806]",1,-1
17982,[0.13425008 0.57311192],17,49,"[0.14893778703439292, 0.5666898184239806]",1,-1
17983,[0.26315706 0.58634527],17,40,"[0.24325605379412626, 0.6063462149687255]",1,-1
17984,[0.20022625 0.62027204],17,20,"[0.18632471116193938, 0.6470504651095214]",1,-1
17985,[0.26700254 0.61914165],17,40,"[0.24325605379412626, 0.6063462149687255]",1,-1
17986,[0.19783937 0.58270237],17,40,"[0.24325605379412626, 0.6063462149687255]",1,-1
17987,[0.25954812 0.50308055],17,17,"[0.19949257984775934, 0.47737458183782433]",1,-1
17988,[0.27198247 0.65278985],17,8,"[0.26852263019242567, 0.6890353589332484]",1,-1
17989,[0.12525364 0.52485532],17,49,"[0.14893778703439292, 0.5666898184239806]",1,-1
17990,[0.18975063 0.52638488],17,17,"[0.19949257984775934, 0.47737458183782433]",1,-1
17991,[0.31444916 0.53298078],17,44,"[0.30505443145580996, 0.5938366826632161]",1,-1
17992,[0.18784735 0.6339486 ],17,20,"[0.18632471116193938, 0.6470504651095214]",1,-1
17993,[0.18668674 0.52331546],17,17,"[0.19949257984775934, 0.47737458183782433]",1,-1
17994,[0.28005621 0.57196962],17,44,"[0.30505443145580996, 0.5938366826632161]",1,-1
17995,[0.15318198 0.48038875],17,17,"[0.19949257984775934, 0.47737458183782433]",1,-1
17996,[0.17969686 0.55649606],17,49,"[0.14893778703439292, 0.5666898184239806]",1,-1
17997,[0.15739273 0.57967743],17,49,"[0.14893778703439292, 0.5666898184239806]",1,-1
17998,[0.21344775 0.61672587],17,40,"[0.24325605379412626, 0.6063462149687255]",1,-1
17999,[0.19930176 0.54064753],17,49,"[0.14893778703439292, 0.5666898184239806]",1,-1
18000,[0.29955835 0.71508685],18,8,"[0.26852263019242567, 0.6890353589332484]",1,-1
18001,[0.28211729 0.70459007],18,8,"[0.26852263019242567, 0.6890353589332484]",1,18
18002,[0.42919579 0.67762098],18,45,"[0.4377614438459196, 0.655911915550708]",1,-1
18003,[0.27941688 0.65379106],18,8,"[0.26852263019242567, 0.6890353589332484]",1,-1
18004,[0.25204054 0.65347466],18,8,"[0.26852263019242567, 0.6890353589332484]",1,-1
18005,[0.2714656  0.57967928],18,44,"[0.30505443145580996, 0.5938366826632161]",1,-1
18006,[0.34685426 0.74952155],18,12,"[0.3169063637449832, 0.8033325636066986]",1,-1
18007,[0.34082249 0.68069983],18,19,"[0.3585209611110644, 0.671407469606326]",1,-1
18008,[0.28464236 0.74285722],18,8,"[0.26852263019242567, 0.6890353589332484]",1,-1
18009,[0.22520808 0.6861575 ],18,8,"[0.26852263019242567, 0.6890353589332484]",1,15
18010,[0.23289495 0.65711802],18,20,"[0.18632471116193938, 0.6470504651095214]",1,-1
18011,[0.26875942 0.70655092],18,8,"[0.26852263019242567, 0.6890353589332484]",1,-1
18012,[0.28012025 0.62684367],18,44,"[0.30505443145580996, 0.5938366826632161]",1,-1
18013,[0.27153044 0.75761788],18,24,"[0.2219823769694232, 0.7523883708842017]",1,-1
18014,[0.2576798  0.67794902],18,8,"[0.26852263019242567, 0.6890353589332484]",1,-1
18015,[0.26548156 0.66763561],18,8,"[0.26852263019242567, 0.6890353589332484]",1,-1
18016,[0.26292991 0.6872411 ],18,8,"[0.26852263019242567, 0.6890353589332484]",1,-1
18017,[0.33459515 0.62798221],18,44,"[0.30505443145580996, 0.5938366826632161]",1,-1
18018,[0.31125208 0.69854374],18,8,"[0.26852263019242567, 0.6890353589332484]",1,-1
18019,[0.28876132 0.72464226],18,8,"[0.26852263019242567, 0.6890353589332484]",1,-1
18020,[0.20263357 0.69211604],18,20,"[0.18632471116193938, 0.6470504651095214]",1,13
18021,[0.2036055  0.71667002],18,24,"[0.2219823769694232, 0.7523883708842017]",1,14
18022,[0.32579457 0.60433975],18,44,"[0.30505443145580996, 0.5938366826632161]",1,-1
18023,[0.21835954 0.67334526],18,20,"[0.18632471116193938, 0.6470504651095214]",1,-1
18024,[0.20131273 0.69680681],18,20,"[0.18632471116193938, 0.6470504651095214]",1,13
18025,[0.28644116 0.64517186],18,8,"[0.26852263019242567, 0.6890353589332484]",1,-1
18026,[0.25481378 0.73225398],18,24,"[0.2219823769694232, 0.7523883708842017]",1,-1
18027,[0.26782474 0.63694603],18,40,"[0.24325605379412626, 0.6063462149687255]",1,-1
18028,[0.24135898 0.74961482],18,24,"[0.2219823769694232, 0.7523883708842017]",1,-1
18029,[0.33168314 0.8215424 ],18,12,"[0.3169063637449832, 0.8033325636066986]",1,-1
18030,[0.18634153 0.66625122],18,20,"[0.18632471116193938, 0.6470504651095214]",1,-1
18031,[0.23974347 0.72847604],18,24,"[0.2219823769694232, 0.7523883708842017]",1,-1
18032,[0.39551981 0.79764588],18,47,"[0.4308417820697566, 0.7426361553548808]",1,-1
18033,[0.2542061  0.70072139],18,8,"[0.26852263019242567, 0.6890353589332484]",1,-1
18034,[0.28797485 0.67868479],18,8,"[0.26852263019242567, 0.6890353589332484]",1,-1
18035,[0.39549017 0.73091746],18,47,"[0.4308417820697566, 0.7426361553548808]",1,-1
18036,[0.29237951 0.55854089],18,44,"[0.30505443145580996, 0.5938366826632161]",1,-1
18037,[0.23313214 0.60921916],18,40,"[0.24325605379412626, 0.6063462149687255]",1,-1
18038,[0.27848646 0.69842392],18,8,"[0.26852263019242567, 0.6890353589332484]",1,18
18039,[0.23453219 0.62709568],18,40,"[0.24325605379412626, 0.6063462149687255]",1,11
18040,[0.20539617 0.65930995],18,20,"[0.18632471116193938, 0.6470504651095214]",1,-1
18041,[0.29832231 0.69833864],18,8,"[0.26852263019242567, 0.6890353589332484]",1,-1
18042,[0.34113442 0.72146666],18,19,"[0.3585209611110644, 0.671407469606326]",1,-1
18043,[0.33646685 0.68996224],18,19,"[0.3585209611110644, 0.671407469606326]",1,-1
18044,[0.30118782 0.779447  ],18,12,"[0.3169063637449832, 0.8033325636066986]",1,-1
18045,[0.31386577 0.65030805],18,19,"[0.3585209611110644, 0.671407469606326]",1,-1
18046,[0.25760599 0.59719155],18,40,"[0.24325605379412626, 0.6063462149687255]",1,-1
18047,[0.27706042 0.6422523 ],18,8,"[0.26852263019242567, 0.6890353589332484]",1,16
18048,[0.33559519 0.73369507],18,19,"[0.3585209611110644, 0.671407469606326]",1,-1
18049,[0.24144277 0.71526321],18,8,"[0.26852263019242567, 0.6890353589332484]",1,-1
18050,[0.20836854 0.69647553],18,20,"[0.18632471116193938, 0.6470504651095214]",1,13
18051,[0.25031932 0.728387  ],18,24,"[0.2219823769694232, 0.7523883708842017]",1,-1
18052,[0.20403802 0.57183872],18,40,"[0.24325605379412626, 0.6063462149687255]",1,-1
18053,[0.34478433 0.6630191 ],18,19,"[0.3585209611110644, 0.671407469606326]",1,-1
18054,[0.22866723 0.70321982],18,8,"[0.26852263019242567, 0.6890353589332484]",1,-1
18055,[0.303553   0.68051766],18,8,"[0.26852263019242567, 0.6890353589332484]",1,-1
18056,[0.22638857 0.73041756],18,24,"[0.2219823769694232, 0.7523883708842017]",1,14
18057,[0.25419836 0.6541107 ],18,8,"[0.26852263019242567, 0.6890353589332484]",1,-1
18058,[0.22215716 0.75875593],18,24,"[0.2219823769694232, 0.7523883708842017]",1,-1
18059,[0.14767818 0.70203623],18,33,"[0.14360528745911366, 0.7361289007486289]",1,-1
18060,[0.27920939 0.62856478],18,40,"[0.24325605379412626, 0.6063462149687255]",1,-1
18061,[0.28001218 0.6586532 ],18,8,"[0.26852263019242567, 0.6890353589332484]",1,-1
18062,[0.336785   0.65698503],18,19,"[0.3585209611110644, 0.671407469606326]",1,-1
18063,[0.32106087 0.65126227],18,19,"[0.3585209611110644, 0.671407469606326]",1,-1
18064,[0.23714065 0.67326873],18,8,"[0.26852263019242567, 0.6890353589332484]",1,-1
18065,[0.20653798 0.63653333],18,20,"[0.18632471116193938, 0.6470504651095214]",1,10
18066,[0.25408911 0.66142406],18,8,"[0.26852263019242567, 0.6890353589332484]",1,-1
18067,[0.37632053 0.67681909],18,19,"[0.3585209611110644, 0.671407469606326]",1,-1
18068,[0.29306631 0.61251118],18,44,"[0.30505443145580996, 0.5938366826632161]",1,-1
18069,[0.17200162 0.71408506],18,33,"[0.14360528745911366, 0.7361289007486289]",1,-1
18070,[0.32829361 0.72445268],18,19,"[0.3585209611110644, 0.671407469606326]",1,-1
18071,[0.32541092 0.63848649],18,19,"[0.3585209611110644, 0.671407469606326]",1,9
18072,[0.27185316 0.73785081],18,8,"[0.26852263019242567, 0.6890353589332484]",1,-1
18073,[0.28361872 0.70332636],18,8,"[0.26852263019242567, 0.6890353589332484]",1,18
18074,[0.34506328 0.66456175],18,19,"[0.3585209611110644, 0.671407469606326]",1,-1
18075,[0.33710743 0.7068462 ],18,19,"[0.3585209611110644, 0.671407469606326]",1,-1
18076,[0.26265342 0.64577248],18,8,"[0.26852263019242567, 0.6890353589332484]",1,16
18077,[0.34207941 0.63888162],18,19,"[0.3585209611110644, 0.671407469606326]",1,-1
18078,[0.26746485 0.6532257 ],18,8,"[0.26852263019242567, 0.6890353589332484]",1,-1
18079,[0.22314149 0.71916623],18,24,"[0.2219823769694232, 0.7523883708842017]",1,14
18080,[0.19832312 0.74686466],18,24,"[0.2219823769694232, 0.7523883708842017]",1,-1
18081,[0.28862478 0.63819443],18,44,"[0.30505443145580996, 0.5938366826632161]",1,-1
18082,[0.31324716 0.67122251],18,19,"[0.3585209611110644, 0.671407469606326]",1,12
18083,[0.22736728 0.64752846],18,20,"[0.18632471116193938, 0.6470504651095214]",1,-1
18084,[0.35535531 0.6876907 ],18,19,"[0.3585209611110644, 0.671407469606326]",1,-1
18085,[0.18331504 0.76403301],18,24,"[0.2219823769694232, 0.7523883708842017]",1,-1
18086,[0.22774945 0.78983135],18,24,"[0.2219823769694232, 0.7523883708842017]",1,-1
18087,[0.27549972 0.72809781],18,8,"[0.26852263019242567, 0.6890353589332484]",1,-1
18088,[0.25914893 0.66489948],18,8,"[0.26852263019242567, 0.6890353589332484]",1,-1
18089,[0.31269084 0.64541734],18,44,"[0.30505443145580996, 0.5938366826632161]",1,-1
18090,[0.36602134 0.70996911],18,19,"[0.3585209611110644, 0.671407469606326]",1,-1
18091,[0.2956961  0.75204836],18,12,"[0.3169063637449832, 0.8033325636066986]",1,-1
18092,[0.28395171 0.74471509],18,8,"[0.26852263019242567, 0.6890353589332484]",1,-1
18093,[0.22031116 0.74124913],18,24,"[0.2219823769694232, 0.7523883708842017]",1,14
18094,[0.22974891 0.74088217],18,24,"[0.2219823769694232, 0.7523883708842017]",1,14
18095,[0.30096734 0.71821611],18,8,"[0.26852263019242567, 0.6890353589332484]",1,-1
18096,[0.15298316 0.65641152],18,20,"[0.18632471116193938, 0.6470504651095214]",1,-1
18097,[0.1849501  0.72141839],18,33,"[0.14360528745911366, 0.7361289007486289]",1,-1
18098,[0.23593035 0.6316928 ],18,40,"[0.24325605379412626, 0.6063462149687255]",1,-1
18099,[0.24307831 0.70030841],18,8,"[0.26852263019242567, 0.6890353589332484]",1,-1
18100,[0.24573458 0.66729483],18,8,"[0.26852263019242567, 0.6890353589332484]",1,-1
18101,[0.20633171 0.61829402],18,20,"[0.18632471116193938, 0.6470504651095214]",1,-1
18102,[0.12022169 0.80415738],18,38,"[0.1833808871148498, 0.824806751753795]",1,-1
18103,[0.26104986 0.59948702],18,40,"[0.24325605379412626, 0.6063462149687255]",1,-1
18104,[0.27296844 0.70156881],18,8,"[0.26852263019242567, 0.6890353589332484]",1,18
18105,[0.30360284 0.68658671],18,8,"[0.26852263019242567, 0.6890353589332484]",1,-1
18106,[0.37526312 0.61570138],18,25,"[0.38660465276603295, 0.5871767558758164]",1,-1
18107,[0.42952941 0.72633981],18,47,"[0.4308417820697566, 0.7426361553548808]",1,-1
18108,[0.26833237 0.72410037],18,8,"[0.26852263019242567, 0.6890353589332484]",1,-1
18109,[0.21985827 0.68960855],18,8,"[0.26852263019242567, 0.6890353589332484]",1,-1
18110,[0.27609449 0.56988563],18,44,"[0.30505443145580996, 0.5938366826632161]",1,-1
18111,[0.33191809 0.72670148],18,19,"[0.3585209611110644, 0.671407469606326]",1,-1
18112,[0.19999177 0.68249507],18,20,"[0.18632471116193938, 0.6470504651095214]",1,-1
18113,[0.2565031  0.59759067],18,40,"[0.24325605379412626, 0.6063462149687255]",1,-1
18114,[0.29702747 0.6793021 ],18,8,"[0.26852263019242567, 0.6890353589332484]",1,-1
18115,[0.34917359 0.72724556],18,19,"[0.3585209611110644, 0.671407469606326]",1,-1
18116,[0.18303737 0.70103055],18,33,"[0.14360528745911366, 0.7361289007486289]",1,-1
18117,[0.1808847  0.77819442],18,38,"[0.1833808871148498, 0.824806751753795]",1,-1
18118,[0.31012917 0.72038425],18,8,"[0.26852263019242567, 0.6890353589332484]",1,-1
18119,[0.27840071 0.76150541],18,12,"[0.3169063637449832, 0.8033325636066986]",1,-1
18120,[0.27277444 0.64033674],18,40,"[0.24325605379412626, 0.6063462149687255]",1,-1
18121,[0.28663651 0.68767875],18,8,"[0.26852263019242567, 0.6890353589332484]",1,-1
18122,[0.24174667 0.7029969 ],18,8,"[0.26852263019242567, 0.6890353589332484]",1,-1
18123,[0.29686818 0.70371722],18,8,"[0.26852263019242567, 0.6890353589332484]",1,-1
18124,[0.24005423 0.59529928],18,40,"[0.24325605379412626, 0.6063462149687255]",1,-1
18125,[0.22503141 0.6993448 ],18,8,"[0.26852263019242567, 0.6890353589332484]",1,-1
18126,[0.34061275 0.6338943 ],18,19,"[0.3585209611110644, 0.671407469606326]",1,-1
18127,[0.31606526 0.66344929],18,19,"[0.3585209611110644, 0.671407469606326]",1,12
18128,[0.27220749 0.73141473],18,8,"[0.26852263019242567, 0.6890353589332484]",1,-1
18129,[0.27164319 0.76282202],18,24,"[0.2219823769694232, 0.7523883708842017]",1,-1
18130,[0.22547257 0.70183965],18,8,"[0.26852263019242567, 0.6890353589332484]",1,-1
18131,[0.27162949 0.6867598 ],18,8,"[0.26852263019242567, 0.6890353589332484]",1,-1
18132,[0.28663551 0.64064336],18,44,"[0.30505443145580996, 0.5938366826632161]",1,-1
18133,[0.20071143 0.64033498],18,20,"[0.18632471116193938, 0.6470504651095214]",1,-1
18134,[0.24767858 0.65604878],18,8,"[0.26852263019242567, 0.6890353589332484]",1,-1
18135,[0.21448325 0.76338041],18,24,"[0.2219823769694232, 0.7523883708842017]",1,-1
18136,[0.28352011 0.67928016],18,8,"[0.26852263019242567, 0.6890353589332484]",1,17
18137,[0.22621852 0.72424561],18,24,"[0.2219823769694232, 0.7523883708842017]",1,14
18138,[0.20313455 0.70053758],18,24,"[0.2219823769694232, 0.7523883708842017]",1,-1
18139,[0.33111036 0.63424292],18,19,"[0.3585209611110644, 0.671407469606326]",1,9
18140,[0.3157388  0.66377244],18,19,"[0.3585209611110644, 0.671407469606326]",1,12
18141,[0.26450504 0.57842228],18,40,"[0.24325605379412626, 0.6063462149687255]",1,-1
18142,[0.23954681 0.76816702],18,24,"[0.2219823769694232, 0.7523883708842017]",1,-1
18143,[0.30805174 0.69195331],18,8,"[0.26852263019242567, 0.6890353589332484]",1,-1
18144,[0.24332043 0.69701621],18,8,"[0.26852263019242567, 0.6890353589332484]",1,-1
18145,[0.16773152 0.73355016],18,33,"[0.14360528745911366, 0.7361289007486289]",1,-1
18146,[0.23101571 0.74518989],18,24,"[0.2219823769694232, 0.7523883708842017]",1,-1
18147,[0.2232953  0.66494306],18,20,"[0.18632471116193938, 0.6470504651095214]",1,15
18148,[0.29190606 0.71408443],18,8,"[0.26852263019242567, 0.6890353589332484]",1,-1
18149,[0.14048691 0.65901528],18,20,"[0.18632471116193938, 0.6470504651095214]",1,-1
18150,[0.18396164 0.70558585],18,33,"[0.14360528745911366, 0.7361289007486289]",1,-1
18151,[0.25154335 0.76882158],18,24,"[0.2219823769694232, 0.7523883708842017]",1,-1
18152,[0.36744647 0.69128615],18,19,"[0.3585209611110644, 0.671407469606326]",1,-1
18153,[0.29906017 0.78381407],18,12,"[0.3169063637449832, 0.8033325636066986]",1,-1
18154,[0.23771842 0.73706547],18,24,"[0.2219823769694232, 0.7523883708842017]",1,-1
18155,[0.31638327 0.65676954],18,19,"[0.3585209611110644, 0.671407469606326]",1,12
18156,[0.2931681  0.58580907],18,44,"[0.30505443145580996, 0.5938366826632161]",1,-1
18157,[0.36955205 0.67312191],18,19,"[0.3585209611110644, 0.671407469606326]",1,-1
18158,[0.2921805  0.67167828],18,8,"[0.26852263019242567, 0.6890353589332484]",1,-1
18159,[0.31484797 0.60271145],18,44,"[0.30505443145580996, 0.5938366826632161]",1,-1
18160,[0.31456294 0.66637846],18,19,"[0.3585209611110644, 0.671407469606326]",1,12
18161,[0.28427373 0.67350862],18,8,"[0.26852263019242567, 0.6890353589332484]",1,17
18162,[0.25016032 0.68301272],18,8,"[0.26852263019242567, 0.6890353589332484]",1,-1
18163,[0.27626739 0.71204516],18,8,"[0.26852263019242567, 0.6890353589332484]",1,-1
18164,[0.28371134 0.75243712],18,12,"[0.3169063637449832, 0.8033325636066986]",1,-1
18165,[0.28204177 0.67649715],18,8,"[0.26852263019242567, 0.6890353589332484]",1,17
18166,[0.22386077 0.74192413],18,24,"[0.2219823769694232, 0.7523883708842017]",1,14
18167,[0.28818778 0.62602218],18,44,"[0.30505443145580996, 0.5938366826632161]",1,-1
18168,[0.26194589 0.6521868 ],18,8,"[0.26852263019242567, 0.6890353589332484]",1,16
18169,[0.32475751 0.79956282],18,12,"[0.3169063637449832, 0.8033325636066986]",1,-1
18170,[0.27651524 0.77733535],18,12,"[0.3169063637449832, 0.8033325636066986]",1,-1
18171,[0.27006738 0.7376385 ],18,8,"[0.26852263019242567, 0.6890353589332484]",1,-1
18172,[0.27379156 0.74427482],18,24,"[0.2219823769694232, 0.7523883708842017]",1,-1
18173,[0.25618299 0.60405599],18,40,"[0.24325605379412626, 0.6063462149687255]",1,-1
18174,[0.16414679 0.66428777],18,20,"[0.18632471116193938, 0.6470504651095214]",1,-1
18175,[0.29978311 0.63241841],18,44,"[0.30505443145580996, 0.5938366826632161]",1,-1
18176,[0.32371631 0.76006622],18,12,"[0.3169063637449832, 0.8033325636066986]",1,-1
18177,[0.18910083 0.73328138],18,24,"[0.2219823769694232, 0.7523883708842017]",1,-1
18178,[0.28455428 0.65666486],18,8,"[0.26852263019242567, 0.6890353589332484]",1,-1
18179,[0.3239616  0.55163581],18,44,"[0.30505443145580996, 0.5938366826632161]",1,-1
18180,[0.20257238 0.63264106],18,20,"[0.18632471116193938, 0.6470504651095214]",1,-1
18181,[0.31476763 0.68541258],18,19,"[0.3585209611110644, 0.671407469606326]",1,12
18182,[0.26192305 0.58856509],18,40,"[0.24325605379412626, 0.6063462149687255]",1,-1
18183,[0.27867988 0.72616019],18,8,"[0.26852263019242567, 0.6890353589332484]",1,-1
18184,[0.29342465 0.7120063 ],18,8,"[0.26852263019242567, 0.6890353589332484]",1,-1
18185,[0.21727003 0.7137927 ],18,24,"[0.2219823769694232, 0.7523883708842017]",1,14
18186,[0.30947128 0.7200476 ],18,8,"[0.26852263019242567, 0.6890353589332484]",1,-1
18187,[0.24631688 0.62161161],18,40,"[0.24325605379412626, 0.6063462149687255]",1,-1
18188,[0.30218309 0.78595667],18,12,"[0.3169063637449832, 0.8033325636066986]",1,-1
18189,[0.30220356 0.67324946],18,8,"[0.26852263019242567, 0.6890353589332484]",1,-1
18190,[0.3971911  0.69707261],18,19,"[0.3585209611110644, 0.671407469606326]",1,-1
18191,[0.33711118 0.70819884],18,19,"[0.3585209611110644, 0.671407469606326]",1,-1
18192,[0.32615886 0.64035002],18,19,"[0.3585209611110644, 0.671407469606326]",1,9
18193,[0.34053441 0.69416204],18,19,"[0.3585209611110644, 0.671407469606326]",1,-1
18194,[0.25534367 0.7638929 ],18,24,"[0.2219823769694232, 0.7523883708842017]",1,-1
18195,[0.26906026 0.62296893],18,40,"[0.24325605379412626, 0.6063462149687255]",1,-1
18196,[0.20575473 0.60850781],18,40,"[0.24325605379412626, 0.6063462149687255]",1,-1
18197,[0.21445458 0.74786785],18,24,"[0.2219823769694232, 0.7523883708842017]",1,14
18198,[0.34452164 0.70355773],18,19,"[0.3585209611110644, 0.671407469606326]",1,-1
18199,[0.30221463 0.65324506],18,8,"[0.26852263019242567, 0.6890353589332484]",1,-1
18200,[0.26382022 0.58958644],18,40,"[0.24325605379412626, 0.6063462149687255]",1,-1
18201,[0.2362733 0.6827007],18,8,"[0.26852263019242567, 0.6890353589332484]",1,-1
18202,[0.28691856 0.70092959],18,8,"[0.26852263019242567, 0.6890353589332484]",1,18
18203,[0.31277824 0.72088061],18,8,"[0.26852263019242567, 0.6890353589332484]",1,-1
18204,[0.19870692 0.68428145],18,20,"[0.18632471116193938, 0.6470504651095214]",1,-1
18205,[0.22316639 0.67004621],18,20,"[0.18632471116193938, 0.6470504651095214]",1,15
18206,[0.3216858  0.66682856],18,19,"[0.3585209611110644, 0.671407469606326]",1,12
18207,[0.34002073 0.63644371],18,19,"[0.3585209611110644, 0.671407469606326]",1,-1
18208,[0.22397324 0.7067506 ],18,24,"[0.2219823769694232, 0.7523883708842017]",1,-1
18209,[0.21731488 0.67259908],18,20,"[0.18632471116193938, 0.6470504651095214]",1,-1
18210,[0.28501176 0.66912301],18,8,"[0.26852263019242567, 0.6890353589332484]",1,-1
18211,[0.20981023 0.68798856],18,20,"[0.18632471116193938, 0.6470504651095214]",1,-1
18212,[0.28747153 0.68772976],18,8,"[0.26852263019242567, 0.6890353589332484]",1,-1
18213,[0.21167072 0.71171399],18,24,"[0.2219823769694232, 0.7523883708842017]",1,-1
18214,[0.24586577 0.71213871],18,8,"[0.26852263019242567, 0.6890353589332484]",1,-1
18215,[0.27401809 0.60309753],18,40,"[0.24325605379412626, 0.6063462149687255]",1,-1
18216,[0.22188017 0.6822507 ],18,8,"[0.26852263019242567, 0.6890353589332484]",1,-1
18217,[0.28675594 0.64177054],18,8,"[0.26852263019242567, 0.6890353589332484]",1,-1
18218,[0.27166221 0.73267607],18,8,"[0.26852263019242567, 0.6890353589332484]",1,-1
18219,[0.2693626  0.74368407],18,24,"[0.2219823769694232, 0.7523883708842017]",1,-1
18220,[0.3158655  0.69594611],18,8,"[0.26852263019242567, 0.6890353589332484]",1,-1
18221,[0.30748424 0.63922083],18,44,"[0.30505443145580996, 0.5938366826632161]",1,-1
18222,[0.27164226 0.65133995],18,8,"[0.26852263019242567, 0.6890353589332484]",1,16
18223,[0.26657865 0.7342627 ],18,8,"[0.26852263019242567, 0.6890353589332484]",1,-1
18224,[0.1862141  0.60583115],18,20,"[0.18632471116193938, 0.6470504651095214]",1,-1
18225,[0.29854273 0.64111305],18,44,"[0.30505443145580996, 0.5938366826632161]",1,-1
18226,[0.30148788 0.63677619],18,44,"[0.30505443145580996, 0.5938366826632161]",1,-1
18227,[0.30912109 0.63599892],18,44,"[0.30505443145580996, 0.5938366826632161]",1,-1
18228,[0.22198991 0.80445208],18,38,"[0.1833808871148498, 0.824806751753795]",1,-1
18229,[0.23288806 0.57859948],18,40,"[0.24325605379412626, 0.6063462149687255]",1,-1
18230,[0.29327142 0.6649559 ],18,8,"[0.26852263019242567, 0.6890353589332484]",1,-1
18231,[0.24953229 0.78055994],18,24,"[0.2219823769694232, 0.7523883708842017]",1,-1
18232,[0.36449362 0.70175111],18,19,"[0.3585209611110644, 0.671407469606326]",1,-1
18233,[0.24399522 0.70292666],18,8,"[0.26852263019242567, 0.6890353589332484]",1,-1
18234,[0.29882869 0.75114904],18,12,"[0.3169063637449832, 0.8033325636066986]",1,-1
18235,[0.31832719 0.66765443],18,19,"[0.3585209611110644, 0.671407469606326]",1,12
18236,[0.2509454  0.71916379],18,8,"[0.26852263019242567, 0.6890353589332484]",1,-1
18237,[0.18609049 0.71395636],18,33,"[0.14360528745911366, 0.7361289007486289]",1,-1
18238,[0.31537283 0.66038446],18,19,"[0.3585209611110644, 0.671407469606326]",1,12
18239,[0.27843295 0.76985652],18,12,"[0.3169063637449832, 0.8033325636066986]",1,-1
18240,[0.25688643 0.82943478],18,12,"[0.3169063637449832, 0.8033325636066986]",1,-1
18241,[0.23430903 0.70272507],18,8,"[0.26852263019242567, 0.6890353589332484]",1,-1
18242,[0.31833271 0.78022836],18,12,"[0.3169063637449832, 0.8033325636066986]",1,-1
18243,[0.27413957 0.76647831],18,24,"[0.2219823769694232, 0.7523883708842017]",1,-1
18244,[0.22088272 0.7339818 ],18,24,"[0.2219823769694232, 0.7523883708842017]",1,14
18245,[0.2828915 0.5968804],18,44,"[0.30505443145580996, 0.5938366826632161]",1,-1
18246,[0.20110891 0.61516561],18,20,"[0.18632471116193938, 0.6470504651095214]",1,-1
18247,[0.34634517 0.69862058],18,19,"[0.3585209611110644, 0.671407469606326]",1,-1
18248,[0.30045667 0.67026144],18,8,"[0.26852263019242567, 0.6890353589332484]",1,-1
18249,[0.2765223  0.65356824],18,8,"[0.26852263019242567, 0.6890353589332484]",1,-1
18250,[0.30399547 0.72223937],18,8,"[0.26852263019242567, 0.6890353589332484]",1,-1
18251,[0.26072964 0.738739  ],18,24,"[0.2219823769694232, 0.7523883708842017]",1,-1
18252,[0.24604924 0.70820435],18,8,"[0.26852263019242567, 0.6890353589332484]",1,-1
18253,[0.37383788 0.76801784],18,47,"[0.4308417820697566, 0.7426361553548808]",1,-1
18254,[0.30323424 0.72860721],18,8,"[0.26852263019242567, 0.6890353589332484]",1,-1
18255,[0.32821217 0.78330253],18,12,"[0.3169063637449832, 0.8033325636066986]",1,-1
18256,[0.24339106 0.61739377],18,40,"[0.24325605379412626, 0.6063462149687255]",1,-1
18257,[0.25384602 0.68888329],18,8,"[0.26852263019242567, 0.6890353589332484]",1,-1
18258,[0.26875296 0.73138813],18,8,"[0.26852263019242567, 0.6890353589332484]",1,-1
18259,[0.24114377 0.73274118],18,24,"[0.2219823769694232, 0.7523883708842017]",1,-1
18260,[0.40544514 0.69024722],18,45,"[0.4377614438459196, 0.655911915550708]",1,-1
18261,[0.19064571 0.61223586],18,20,"[0.18632471116193938, 0.6470504651095214]",1,-1
18262,[0.25703865 0.68029135],18,8,"[0.26852263019242567, 0.6890353589332484]",1,-1
18263,[0.28947299 0.6645632 ],18,8,"[0.26852263019242567, 0.6890353589332484]",1,-1
18264,[0.2194156  0.59479244],18,40,"[0.24325605379412626, 0.6063462149687255]",1,-1
18265,[0.23369242 0.70123466],18,8,"[0.26852263019242567, 0.6890353589332484]",1,-1
18266,[0.35437039 0.6211897 ],18,25,"[0.38660465276603295, 0.5871767558758164]",1,-1
18267,[0.3265516  0.63464929],18,44,"[0.30505443145580996, 0.5938366826632161]",1,9
18268,[0.27601468 0.70089521],18,8,"[0.26852263019242567, 0.6890353589332484]",1,18
18269,[0.22038122 0.6285723 ],18,40,"[0.24325605379412626, 0.6063462149687255]",1,-1
18270,[0.22151522 0.66442647],18,20,"[0.18632471116193938, 0.6470504651095214]",1,15
18271,[0.26934451 0.75073146],18,24,"[0.2219823769694232, 0.7523883708842017]",1,-1
18272,[0.26549564 0.76799617],18,24,"[0.2219823769694232, 0.7523883708842017]",1,-1
18273,[0.28954364 0.75250409],18,12,"[0.3169063637449832, 0.8033325636066986]",1,-1
18274,[0.26178852 0.71007507],18,8,"[0.26852263019242567, 0.6890353589332484]",1,-1
18275,[0.19015619 0.69235406],18,20,"[0.18632471116193938, 0.6470504651095214]",1,-1
18276,[0.2124262  0.64281648],18,20,"[0.18632471116193938, 0.6470504651095214]",1,10
18277,[0.31202051 0.68719108],18,8,"[0.26852263019242567, 0.6890353589332484]",1,-1
18278,[0.2677947  0.69853809],18,8,"[0.26852263019242567, 0.6890353589332484]",1,-1
18279,[0.35564443 0.66776942],18,19,"[0.3585209611110644, 0.671407469606326]",1,-1
18280,[0.28380645 0.68899566],18,8,"[0.26852263019242567, 0.6890353589332484]",1,-1
18281,[0.33600103 0.69686293],18,19,"[0.3585209611110644, 0.671407469606326]",1,-1
18282,[0.26140084 0.75247107],18,24,"[0.2219823769694232, 0.7523883708842017]",1,-1
18283,[0.35219283 0.71389811],18,19,"[0.3585209611110644, 0.671407469606326]",1,-1
18284,[0.2194823  0.73514167],18,24,"[0.2219823769694232, 0.7523883708842017]",1,-1
18285,[0.24881969 0.74193227],18,24,"[0.2219823769694232, 0.7523883708842017]",1,-1
18286,[0.24910576 0.63670475],18,40,"[0.24325605379412626, 0.6063462149687255]",1,-1
18287,[0.28301243 0.67873982],18,8,"[0.26852263019242567, 0.6890353589332484]",1,-1
18288,[0.24130456 0.69059489],18,8,"[0.26852263019242567, 0.6890353589332484]",1,-1
18289,[0.17979955 0.62479251],18,20,"[0.18632471116193938, 0.6470504651095214]",1,-1
18290,[0.31880175 0.70765099],18,8,"[0.26852263019242567, 0.6890353589332484]",1,-1
18291,[0.28413867 0.69834111],18,8,"[0.26852263019242567, 0.6890353589332484]",1,18
18292,[0.2837313  0.71028183],18,8,"[0.26852263019242567, 0.6890353589332484]",1,-1
18293,[0.26898371 0.76011401],18,24,"[0.2219823769694232, 0.7523883708842017]",1,-1
18294,[0.26175729 0.66466728],18,8,"[0.26852263019242567, 0.6890353589332484]",1,-1
18295,[0.3430338  0.77593197],18,12,"[0.3169063637449832, 0.8033325636066986]",1,-1
18296,[0.34896408 0.72678847],18,19,"[0.3585209611110644, 0.671407469606326]",1,-1
18297,[0.35318569 0.76440588],18,12,"[0.3169063637449832, 0.8033325636066986]",1,-1
18298,[0.25543868 0.6361084 ],18,40,"[0.24325605379412626, 0.6063462149687255]",1,-1
18299,[0.33484935 0.74414271],18,12,"[0.3169063637449832, 0.8033325636066986]",1,-1
18300,[0.34102383 0.75314314],18,12,"[0.3169063637449832, 0.8033325636066986]",1,-1
18301,[0.27763094 0.71447931],18,8,"[0.26852263019242567, 0.6890353589332484]",1,18
18302,[0.30371727 0.68945679],18,8,"[0.26852263019242567, 0.6890353589332484]",1,-1
18303,[0.22779704 0.7349587 ],18,24,"[0.2219823769694232, 0.7523883708842017]",1,14
18304,[0.22340007 0.72650796],18,24,"[0.2219823769694232, 0.7523883708842017]",1,14
18305,[0.27294788 0.77502135],18,12,"[0.3169063637449832, 0.8033325636066986]",1,-1
18306,[0.39328165 0.72212476],18,47,"[0.4308417820697566, 0.7426361553548808]",1,-1
18307,[0.15597716 0.67467697],18,20,"[0.18632471116193938, 0.6470504651095214]",1,-1
18308,[0.29390994 0.58024557],18,44,"[0.30505443145580996, 0.5938366826632161]",1,-1
18309,[0.22709681 0.68578544],18,8,"[0.26852263019242567, 0.6890353589332484]",1,15
18310,[0.25186749 0.62358477],18,40,"[0.24325605379412626, 0.6063462149687255]",1,-1
18311,[0.1812646  0.65617945],18,20,"[0.18632471116193938, 0.6470504651095214]",1,-1
18312,[0.24307254 0.60779426],18,40,"[0.24325605379412626, 0.6063462149687255]",1,-1
18313,[0.29453448 0.55764261],18,44,"[0.30505443145580996, 0.5938366826632161]",1,-1
18314,[0.28489319 0.63776242],18,44,"[0.30505443145580996, 0.5938366826632161]",1,-1
18315,[0.23816565 0.73180586],18,24,"[0.2219823769694232, 0.7523883708842017]",1,-1
18316,[0.23932745 0.69574275],18,8,"[0.26852263019242567, 0.6890353589332484]",1,-1
18317,[0.28419107 0.71634433],18,8,"[0.26852263019242567, 0.6890353589332484]",1,-1
18318,[0.1931171  0.70293102],18,20,"[0.18632471116193938, 0.6470504651095214]",1,13
18319,[0.24558717 0.7706143 ],18,24,"[0.2219823769694232, 0.7523883708842017]",1,-1
18320,[0.27831423 0.57319822],18,44,"[0.30505443145580996, 0.5938366826632161]",1,-1
18321,[0.19813431 0.66382163],18,20,"[0.18632471116193938, 0.6470504651095214]",1,-1
18322,[0.21173639 0.71338257],18,24,"[0.2219823769694232, 0.7523883708842017]",1,14
18323,[0.23109505 0.58677445],18,40,"[0.24325605379412626, 0.6063462149687255]",1,-1
18324,[0.30486857 0.70611532],18,8,"[0.26852263019242567, 0.6890353589332484]",1,-1
18325,[0.22219571 0.79461127],18,24,"[0.2219823769694232, 0.7523883708842017]",1,-1
18326,[0.20149102 0.63426697],18,20,"[0.18632471116193938, 0.6470504651095214]",1,-1
18327,[0.22827203 0.67497329],18,8,"[0.26852263019242567, 0.6890353589332484]",1,15
18328,[0.32937098 0.63705736],18,19,"[0.3585209611110644, 0.671407469606326]",1,9
18329,[0.22897017 0.72001464],18,24,"[0.2219823769694232, 0.7523883708842017]",1,14
18330,[0.21895255 0.64511894],18,20,"[0.18632471116193938, 0.6470504651095214]",1,10
18331,[0.37513923 0.71193603],18,19,"[0.3585209611110644, 0.671407469606326]",1,-1
18332,[0.21794954 0.66076102],18,20,"[0.18632471116193938, 0.6470504651095214]",1,-1
18333,[0.36128621 0.75642292],18,12,"[0.3169063637449832, 0.8033325636066986]",1,-1
18334,[0.21455942 0.77650079],18,24,"[0.2219823769694232, 0.7523883708842017]",1,-1
18335,[0.26701044 0.63222226],18,40,"[0.24325605379412626, 0.6063462149687255]",1,-1
18336,[0.35855201 0.72307795],18,19,"[0.3585209611110644, 0.671407469606326]",1,-1
18337,[0.23000739 0.65596794],18,20,"[0.18632471116193938, 0.6470504651095214]",1,-1
18338,[0.18741004 0.73227662],18,24,"[0.2219823769694232, 0.7523883708842017]",1,-1
18339,[0.26412738 0.72161395],18,8,"[0.26852263019242567, 0.6890353589332484]",1,-1
18340,[0.27652068 0.67424135],18,8,"[0.26852263019242567, 0.6890353589332484]",1,17
18341,[0.22218229 0.63577808],18,40,"[0.24325605379412626, 0.6063462149687255]",1,10
18342,[0.2084223  0.64010916],18,20,"[0.18632471116193938, 0.6470504651095214]",1,10
18343,[0.26963736 0.60803887],18,40,"[0.24325605379412626, 0.6063462149687255]",1,-1
18344,[0.27514287 0.61459012],18,40,"[0.24325605379412626, 0.6063462149687255]",1,-1
18345,[0.29982487 0.59731545],18,44,"[0.30505443145580996, 0.5938366826632161]",1,-1
18346,[0.2965334  0.67207249],18,8,"[0.26852263019242567, 0.6890353589332484]",1,-1
18347,[0.30805684 0.7152263 ],18,8,"[0.26852263019242567, 0.6890353589332484]",1,-1
18348,[0.28272487 0.70150297],18,8,"[0.26852263019242567, 0.6890353589332484]",1,18
18349,[0.32965483 0.73157807],18,19,"[0.3585209611110644, 0.671407469606326]",1,-1
18350,[0.23475389 0.75185369],18,24,"[0.2219823769694232, 0.7523883708842017]",1,-1
18351,[0.36927961 0.61881527],18,25,"[0.38660465276603295, 0.5871767558758164]",1,-1
18352,[0.30354855 0.70274708],18,8,"[0.26852263019242567, 0.6890353589332484]",1,-1
18353,[0.34355895 0.60930924],18,44,"[0.30505443145580996, 0.5938366826632161]",1,-1
18354,[0.18763041 0.71187495],18,33,"[0.14360528745911366, 0.7361289007486289]",1,-1
18355,[0.30099971 0.69432862],18,8,"[0.26852263019242567, 0.6890353589332484]",1,-1
18356,[0.24478953 0.56649595],18,40,"[0.24325605379412626, 0.6063462149687255]",1,-1
18357,[0.29065452 0.6664301 ],18,8,"[0.26852263019242567, 0.6890353589332484]",1,-1
18358,[0.22379479 0.71887138],18,24,"[0.2219823769694232, 0.7523883708842017]",1,14
18359,[0.22200666 0.71648184],18,24,"[0.2219823769694232, 0.7523883708842017]",1,14
18360,[0.22815245 0.65415482],18,20,"[0.18632471116193938, 0.6470504651095214]",1,-1
18361,[0.30173409 0.70226631],18,8,"[0.26852263019242567, 0.6890353589332484]",1,-1
18362,[0.32383814 0.75629656],18,12,"[0.3169063637449832, 0.8033325636066986]",1,-1
18363,[0.20125062 0.73878518],18,24,"[0.2219823769694232, 0.7523883708842017]",1,-1
18364,[0.27899295 0.61931577],18,44,"[0.30505443145580996, 0.5938366826632161]",1,-1
18365,[0.26897901 0.71594335],18,8,"[0.26852263019242567, 0.6890353589332484]",1,-1
18366,[0.25206028 0.77122488],18,24,"[0.2219823769694232, 0.7523883708842017]",1,-1
18367,[0.2691662  0.57826559],18,40,"[0.24325605379412626, 0.6063462149687255]",1,-1
18368,[0.24213376 0.63290438],18,40,"[0.24325605379412626, 0.6063462149687255]",1,11
18369,[0.31012916 0.67981171],18,8,"[0.26852263019242567, 0.6890353589332484]",1,12
18370,[0.36699783 0.62422785],18,25,"[0.38660465276603295, 0.5871767558758164]",1,-1
18371,[0.29913027 0.67462281],18,8,"[0.26852263019242567, 0.6890353589332484]",1,17
18372,[0.21217604 0.58764525],18,40,"[0.24325605379412626, 0.6063462149687255]",1,-1
18373,[0.24301287 0.71176739],18,8,"[0.26852263019242567, 0.6890353589332484]",1,-1
18374,[0.23223349 0.69845089],18,8,"[0.26852263019242567, 0.6890353589332484]",1,-1
18375,[0.25081594 0.64897086],18,40,"[0.24325605379412626, 0.6063462149687255]",1,-1
18376,[0.28919651 0.6822623 ],18,8,"[0.26852263019242567, 0.6890353589332484]",1,-1
18377,[0.28674394 0.67387288],18,8,"[0.26852263019242567, 0.6890353589332484]",1,17
18378,[0.21548418 0.68828913],18,20,"[0.18632471116193938, 0.6470504651095214]",1,-1
18379,[0.26865052 0.6488932 ],18,8,"[0.26852263019242567, 0.6890353589332484]",1,16
18380,[0.33205225 0.62825815],18,44,"[0.30505443145580996, 0.5938366826632161]",1,-1
18381,[0.27865447 0.63285342],18,40,"[0.24325605379412626, 0.6063462149687255]",1,-1
18382,[0.26812966 0.60948596],18,40,"[0.24325605379412626, 0.6063462149687255]",1,-1
18383,[0.31238244 0.70378876],18,8,"[0.26852263019242567, 0.6890353589332484]",1,-1
18384,[0.30847271 0.64778434],18,44,"[0.30505443145580996, 0.5938366826632161]",1,-1
18385,[0.30273507 0.7364874 ],18,8,"[0.26852263019242567, 0.6890353589332484]",1,-1
18386,[0.28992302 0.61048458],18,44,"[0.30505443145580996, 0.5938366826632161]",1,-1
18387,[0.31237201 0.69853559],18,8,"[0.26852263019242567, 0.6890353589332484]",1,-1
18388,[0.30137348 0.71209251],18,8,"[0.26852263019242567, 0.6890353589332484]",1,-1
18389,[0.26274099 0.64268478],18,40,"[0.24325605379412626, 0.6063462149687255]",1,16
18390,[0.34040654 0.76215034],18,12,"[0.3169063637449832, 0.8033325636066986]",1,-1
18391,[0.23110467 0.73384463],18,24,"[0.2219823769694232, 0.7523883708842017]",1,14
18392,[0.25640723 0.72523364],18,8,"[0.26852263019242567, 0.6890353589332484]",1,19
18393,[0.32596914 0.72890241],18,19,"[0.3585209611110644, 0.671407469606326]",1,-1
18394,[0.2588826  0.70015956],18,8,"[0.26852263019242567, 0.6890353589332484]",1,-1
18395,[0.24786043 0.68250074],18,8,"[0.26852263019242567, 0.6890353589332484]",1,-1
18396,[0.23105756 0.71928131],18,24,"[0.2219823769694232, 0.7523883708842017]",1,-1
18397,[0.22669248 0.63390712],18,40,"[0.24325605379412626, 0.6063462149687255]",1,-1
18398,[0.29672309 0.67534062],18,8,"[0.26852263019242567, 0.6890353589332484]",1,-1
18399,[0.33926496 0.77300923],18,12,"[0.3169063637449832, 0.8033325636066986]",1,-1
18400,[0.26549646 0.67398209],18,8,"[0.26852263019242567, 0.6890353589332484]",1,-1
18401,[0.27206241 0.64288864],18,8,"[0.26852263019242567, 0.6890353589332484]",1,-1
18402,[0.28800569 0.64351285],18,8,"[0.26852263019242567, 0.6890353589332484]",1,-1
18403,[0.28573702 0.71418588],18,8,"[0.26852263019242567, 0.6890353589332484]",1,-1
18404,[0.24672872 0.74421399],18,24,"[0.2219823769694232, 0.7523883708842017]",1,-1
18405,[0.41303471 0.7416357 ],18,47,"[0.4308417820697566, 0.7426361553548808]",1,-1
18406,[0.28991161 0.61904228],18,44,"[0.30505443145580996, 0.5938366826632161]",1,-1
18407,[0.190055   0.75344104],18,24,"[0.2219823769694232, 0.7523883708842017]",1,-1
18408,[0.29075347 0.70470835],18,8,"[0.26852263019242567, 0.6890353589332484]",1,18
18409,[0.30719335 0.77477157],18,12,"[0.3169063637449832, 0.8033325636066986]",1,-1
18410,[0.39857398 0.64280845],18,45,"[0.4377614438459196, 0.655911915550708]",1,46
18411,[0.23813306 0.74449239],18,24,"[0.2219823769694232, 0.7523883708842017]",1,-1
18412,[0.12015735 0.62525514],18,49,"[0.14893778703439292, 0.5666898184239806]",1,-1
18413,[0.25805554 0.68789046],18,8,"[0.26852263019242567, 0.6890353589332484]",1,-1
18414,[0.25750118 0.74619937],18,24,"[0.2219823769694232, 0.7523883708842017]",1,-1
18415,[0.32622529 0.67210839],18,19,"[0.3585209611110644, 0.671407469606326]",1,12
18416,[0.28649489 0.65460769],18,8,"[0.26852263019242567, 0.6890353589332484]",1,-1
18417,[0.29691114 0.60710979],18,44,"[0.30505443145580996, 0.5938366826632161]",1,-1
18418,[0.286686   0.73851381],18,8,"[0.26852263019242567, 0.6890353589332484]",1,-1
18419,[0.25966998 0.67786927],18,8,"[0.26852263019242567, 0.6890353589332484]",1,-1
18420,[0.24403489 0.56811091],18,40,"[0.24325605379412626, 0.6063462149687255]",1,-1
18421,[0.31541498 0.68993696],18,8,"[0.26852263019242567, 0.6890353589332484]",1,-1
18422,[0.24545156 0.66510664],18,8,"[0.26852263019242567, 0.6890353589332484]",1,-1
18423,[0.30981335 0.70164853],18,8,"[0.26852263019242567, 0.6890353589332484]",1,-1
18424,[0.2394554  0.73135896],18,24,"[0.2219823769694232, 0.7523883708842017]",1,-1
18425,[0.30462461 0.71152062],18,8,"[0.26852263019242567, 0.6890353589332484]",1,-1
18426,[0.30339311 0.60563149],18,44,"[0.30505443145580996, 0.5938366826632161]",1,-1
18427,[0.25040349 0.61359238],18,40,"[0.24325605379412626, 0.6063462149687255]",1,-1
18428,[0.30955419 0.63131989],18,44,"[0.30505443145580996, 0.5938366826632161]",1,-1
18429,[0.32470631 0.66663188],18,19,"[0.3585209611110644, 0.671407469606326]",1,-1
18430,[0.22208126 0.60717422],18,40,"[0.24325605379412626, 0.6063462149687255]",1,-1
18431,[0.21394054 0.67934889],18,20,"[0.18632471116193938, 0.6470504651095214]",1,-1
18432,[0.30799732 0.60843681],18,44,"[0.30505443145580996, 0.5938366826632161]",1,-1
18433,[0.24544005 0.72329244],18,24,"[0.2219823769694232, 0.7523883708842017]",1,-1
18434,[0.33186145 0.64799292],18,19,"[0.3585209611110644, 0.671407469606326]",1,-1
18435,[0.32383866 0.68933456],18,19,"[0.3585209611110644, 0.671407469606326]",1,-1
18436,[0.34605773 0.62828664],18,19,"[0.3585209611110644, 0.671407469606326]",1,-1
18437,[0.22896725 0.68918725],18,8,"[0.26852263019242567, 0.6890353589332484]",1,-1
18438,[0.26250213 0.61807118],18,40,"[0.24325605379412626, 0.6063462149687255]",1,-1
18439,[0.29503776 0.70386958],18,8,"[0.26852263019242567, 0.6890353589332484]",1,-1
18440,[0.25378399 0.7274    ],18,24,"[0.2219823769694232, 0.7523883708842017]",1,19
18441,[0.22510738 0.6840751 ],18,8,"[0.26852263019242567, 0.6890353589332484]",1,15
18442,[0.25097001 0.71862821],18,8,"[0.26852263019242567, 0.6890353589332484]",1,-1
18443,[0.24893567 0.72803172],18,24,"[0.2219823769694232, 0.7523883708842017]",1,-1
18444,[0.35425543 0.64968293],18,19,"[0.3585209611110644, 0.671407469606326]",1,9
18445,[0.32124179 0.72292851],18,8,"[0.26852263019242567, 0.6890353589332484]",1,-1
18446,[0.28576895 0.58818792],18,44,"[0.30505443145580996, 0.5938366826632161]",1,-1
18447,[0.33347956 0.64167883],18,19,"[0.3585209611110644, 0.671407469606326]",1,9
18448,[0.25474436 0.6767953 ],18,8,"[0.26852263019242567, 0.6890353589332484]",1,-1
18449,[0.26420396 0.71343598],18,8,"[0.26852263019242567, 0.6890353589332484]",1,-1
18450,[0.26501424 0.68402387],18,8,"[0.26852263019242567, 0.6890353589332484]",1,-1
18451,[0.27322763 0.73823469],18,8,"[0.26852263019242567, 0.6890353589332484]",1,-1
18452,[0.30079776 0.66347851],18,8,"[0.26852263019242567, 0.6890353589332484]",1,-1
18453,[0.2626199 0.699859 ],18,8,"[0.26852263019242567, 0.6890353589332484]",1,-1
18454,[0.2786148  0.65327271],18,8,"[0.26852263019242567, 0.6890353589332484]",1,-1
18455,[0.37100537 0.68267352],18,19,"[0.3585209611110644, 0.671407469606326]",1,-1
18456,[0.25674549 0.65180843],18,8,"[0.26852263019242567, 0.6890353589332484]",1,16
18457,[0.26112237 0.70264046],18,8,"[0.26852263019242567, 0.6890353589332484]",1,-1
18458,[0.22727091 0.73959538],18,24,"[0.2219823769694232, 0.7523883708842017]",1,14
18459,[0.25081071 0.62820416],18,40,"[0.24325605379412626, 0.6063462149687255]",1,-1
18460,[0.31219953 0.69270314],18,8,"[0.26852263019242567, 0.6890353589332484]",1,-1
18461,[0.30490072 0.59590346],18,44,"[0.30505443145580996, 0.5938366826632161]",1,-1
18462,[0.3462515  0.69272184],18,19,"[0.3585209611110644, 0.671407469606326]",1,-1
18463,[0.25993744 0.72716372],18,8,"[0.26852263019242567, 0.6890353589332484]",1,19
18464,[0.31790096 0.64998429],18,19,"[0.3585209611110644, 0.671407469606326]",1,-1
18465,[0.19634314 0.6877097 ],18,20,"[0.18632471116193938, 0.6470504651095214]",1,-1
18466,[0.30474934 0.67665964],18,8,"[0.26852263019242567, 0.6890353589332484]",1,-1
18467,[0.18264333 0.75864095],18,24,"[0.2219823769694232, 0.7523883708842017]",1,-1
18468,[0.20804355 0.73724332],18,24,"[0.2219823769694232, 0.7523883708842017]",1,-1
18469,[0.27685908 0.69535509],18,8,"[0.26852263019242567, 0.6890353589332484]",1,18
18470,[0.31168719 0.66641472],18,19,"[0.3585209611110644, 0.671407469606326]",1,12
18471,[0.21548277 0.73907513],18,24,"[0.2219823769694232, 0.7523883708842017]",1,-1
18472,[0.31452728 0.74636949],18,12,"[0.3169063637449832, 0.8033325636066986]",1,-1
18473,[0.30414658 0.8227803 ],18,12,"[0.3169063637449832, 0.8033325636066986]",1,-1
18474,[0.290058   0.63223165],18,44,"[0.30505443145580996, 0.5938366826632161]",1,-1
18475,[0.24428059 0.60741694],18,40,"[0.24325605379412626, 0.6063462149687255]",1,-1
18476,[0.29631851 0.64300179],18,44,"[0.30505443145580996, 0.5938366826632161]",1,-1
18477,[0.24296209 0.64181149],18,40,"[0.24325605379412626, 0.6063462149687255]",1,11
18478,[0.25800359 0.56998182],18,40,"[0.24325605379412626, 0.6063462149687255]",1,-1
18479,[0.17663458 0.70813987],18,33,"[0.14360528745911366, 0.7361289007486289]",1,-1
18480,[0.27412665 0.80231245],18,12,"[0.3169063637449832, 0.8033325636066986]",1,-1
18481,[0.28575888 0.67612168],18,8,"[0.26852263019242567, 0.6890353589332484]",1,-1
18482,[0.2157965  0.61514275],18,40,"[0.24325605379412626, 0.6063462149687255]",1,-1
18483,[0.26367554 0.57825602],18,40,"[0.24325605379412626, 0.6063462149687255]",1,-1
18484,[0.27815861 0.75627849],18,24,"[0.2219823769694232, 0.7523883708842017]",1,-1
18485,[0.2800848  0.60449621],18,44,"[0.30505443145580996, 0.5938366826632161]",1,-1
18486,[0.3174236  0.71052442],18,8,"[0.26852263019242567, 0.6890353589332484]",1,-1
18487,[0.37319635 0.72231176],18,19,"[0.3585209611110644, 0.671407469606326]",1,-1
18488,[0.28359258 0.60593332],18,44,"[0.30505443145580996, 0.5938366826632161]",1,-1
18489,[0.22974179 0.70876688],18,8,"[0.26852263019242567, 0.6890353589332484]",1,-1
18490,[0.22350143 0.71898515],18,24,"[0.2219823769694232, 0.7523883708842017]",1,14
18491,[0.26741212 0.65874939],18,8,"[0.26852263019242567, 0.6890353589332484]",1,-1
18492,[0.17722326 0.65008248],18,20,"[0.18632471116193938, 0.6470504651095214]",1,-1
18493,[0.2607295  0.72591904],18,8,"[0.26852263019242567, 0.6890353589332484]",1,19
18494,[0.22010845 0.70297441],18,24,"[0.2219823769694232, 0.7523883708842017]",1,14
18495,[0.22462531 0.70560415],18,24,"[0.2219823769694232, 0.7523883708842017]",1,-1
18496,[0.27132458 0.71835786],18,8,"[0.26852263019242567, 0.6890353589332484]",1,-1
18497,[0.36510717 0.6711072 ],18,19,"[0.3585209611110644, 0.671407469606326]",1,-1
18498,[0.34780442 0.69655275],18,19,"[0.3585209611110644, 0.671407469606326]",1,-1
18499,[0.24739209 0.72709889],18,24,"[0.2219823769694232, 0.7523883708842017]",1,-1
18500,[0.27861141 0.64629378],18,8,"[0.26852263019242567, 0.6890353589332484]",1,-1
18501,[0.37187868 0.73106257],18,47,"[0.4308417820697566, 0.7426361553548808]",1,-1
18502,[0.25702399 0.73199731],18,24,"[0.2219823769694232, 0.7523883708842017]",1,-1
18503,[0.22340706 0.66428868],18,20,"[0.18632471116193938, 0.6470504651095214]",1,15
18504,[0.26366433 0.56944188],18,40,"[0.24325605379412626, 0.6063462149687255]",1,-1
18505,[0.27479848 0.63624138],18,40,"[0.24325605379412626, 0.6063462149687255]",1,-1
18506,[0.20545985 0.63878559],18,20,"[0.18632471116193938, 0.6470504651095214]",1,-1
18507,[0.25799527 0.646927  ],18,40,"[0.24325605379412626, 0.6063462149687255]",1,16
18508,[0.30859708 0.62826488],18,44,"[0.30505443145580996, 0.5938366826632161]",1,-1
18509,[0.27839984 0.7330978 ],18,8,"[0.26852263019242567, 0.6890353589332484]",1,-1
18510,[0.28057835 0.63938646],18,40,"[0.24325605379412626, 0.6063462149687255]",1,-1
18511,[0.31568859 0.67708996],18,19,"[0.3585209611110644, 0.671407469606326]",1,12
18512,[0.28466942 0.73117659],18,8,"[0.26852263019242567, 0.6890353589332484]",1,-1
18513,[0.37610987 0.64977837],18,19,"[0.3585209611110644, 0.671407469606326]",1,-1
18514,[0.31754362 0.66208259],18,19,"[0.3585209611110644, 0.671407469606326]",1,-1
18515,[0.16914152 0.74364711],18,33,"[0.14360528745911366, 0.7361289007486289]",1,-1
18516,[0.34980774 0.72760266],18,19,"[0.3585209611110644, 0.671407469606326]",1,-1
18517,[0.29845461 0.64836521],18,8,"[0.26852263019242567, 0.6890353589332484]",1,-1
18518,[0.27923926 0.63787026],18,40,"[0.24325605379412626, 0.6063462149687255]",1,-1
18519,[0.32647877 0.73679883],18,12,"[0.3169063637449832, 0.8033325636066986]",1,-1
18520,[0.34239305 0.63976988],18,19,"[0.3585209611110644, 0.671407469606326]",1,-1
18521,[0.29895377 0.54420251],18,44,"[0.30505443145580996, 0.5938366826632161]",1,-1
18522,[0.31906593 0.672653  ],18,19,"[0.3585209611110644, 0.671407469606326]",1,12
18523,[0.2832152  0.64864494],18,8,"[0.26852263019242567, 0.6890353589332484]",1,-1
18524,[0.31087008 0.61279187],18,44,"[0.30505443145580996, 0.5938366826632161]",1,-1
18525,[0.32115345 0.69965121],18,19,"[0.3585209611110644, 0.671407469606326]",1,-1
18526,[0.24844354 0.60587214],18,40,"[0.24325605379412626, 0.6063462149687255]",1,-1
18527,[0.36915189 0.77199302],18,12,"[0.3169063637449832, 0.8033325636066986]",1,-1
18528,[0.32354415 0.70623709],18,19,"[0.3585209611110644, 0.671407469606326]",1,-1
18529,[0.23513079 0.64882329],18,40,"[0.24325605379412626, 0.6063462149687255]",1,-1
18530,[0.25376991 0.65210917],18,8,"[0.26852263019242567, 0.6890353589332484]",1,-1
18531,[0.27601336 0.70539983],18,8,"[0.26852263019242567, 0.6890353589332484]",1,-1
18532,[0.23121869 0.69101195],18,8,"[0.26852263019242567, 0.6890353589332484]",1,-1
18533,[0.28069159 0.72541745],18,8,"[0.26852263019242567, 0.6890353589332484]",1,-1
18534,[0.21543451 0.62944816],18,20,"[0.18632471116193938, 0.6470504651095214]",1,-1
18535,[0.34793208 0.64242982],18,19,"[0.3585209611110644, 0.671407469606326]",1,-1
18536,[0.25882512 0.60174804],18,40,"[0.24325605379412626, 0.6063462149687255]",1,-1
18537,[0.29139026 0.61245303],18,44,"[0.30505443145580996, 0.5938366826632161]",1,-1
18538,[0.25774472 0.70828645],18,8,"[0.26852263019242567, 0.6890353589332484]",1,-1
18539,[0.25814043 0.65620553],18,8,"[0.26852263019242567, 0.6890353589332484]",1,-1
18540,[0.32216213 0.79785087],18,12,"[0.3169063637449832, 0.8033325636066986]",1,-1
18541,[0.32261514 0.69083578],18,19,"[0.3585209611110644, 0.671407469606326]",1,-1
18542,[0.24126666 0.65504646],18,8,"[0.26852263019242567, 0.6890353589332484]",1,-1
18543,[0.24709177 0.71545463],18,8,"[0.26852263019242567, 0.6890353589332484]",1,-1
18544,[0.27972029 0.64976768],18,8,"[0.26852263019242567, 0.6890353589332484]",1,-1
18545,[0.29114327 0.58580825],18,44,"[0.30505443145580996, 0.5938366826632161]",1,-1
18546,[0.36635634 0.69041248],18,19,"[0.3585209611110644, 0.671407469606326]",1,-1
18547,[0.23960549 0.64499456],18,40,"[0.24325605379412626, 0.6063462149687255]",1,-1
18548,[0.30724667 0.72332005],18,8,"[0.26852263019242567, 0.6890353589332484]",1,-1
18549,[0.21958988 0.75284394],18,24,"[0.2219823769694232, 0.7523883708842017]",1,14
18550,[0.27608163 0.71420181],18,8,"[0.26852263019242567, 0.6890353589332484]",1,18
18551,[0.32816507 0.7155047 ],18,19,"[0.3585209611110644, 0.671407469606326]",1,-1
18552,[0.29189038 0.73451711],18,8,"[0.26852263019242567, 0.6890353589332484]",1,-1
18553,[0.32756382 0.64213244],18,19,"[0.3585209611110644, 0.671407469606326]",1,9
18554,[0.21728977 0.67426839],18,20,"[0.18632471116193938, 0.6470504651095214]",1,-1
18555,[0.250836   0.63531155],18,40,"[0.24325605379412626, 0.6063462149687255]",1,-1
18556,[0.22191163 0.59285807],18,40,"[0.24325605379412626, 0.6063462149687255]",1,-1
18557,[0.3149754  0.62721126],18,44,"[0.30505443145580996, 0.5938366826632161]",1,-1
18558,[0.20852111 0.74382055],18,24,"[0.2219823769694232, 0.7523883708842017]",1,-1
18559,[0.3203048  0.61667902],18,44,"[0.30505443145580996, 0.5938366826632161]",1,-1
18560,[0.24825432 0.67804751],18,8,"[0.26852263019242567, 0.6890353589332484]",1,-1
18561,[0.26919168 0.63506769],18,40,"[0.24325605379412626, 0.6063462149687255]",1,-1
18562,[0.32125917 0.62763034],18,44,"[0.30505443145580996, 0.5938366826632161]",1,-1
18563,[0.20544346 0.59270351],18,40,"[0.24325605379412626, 0.6063462149687255]",1,-1
18564,[0.26896174 0.64610894],18,8,"[0.26852263019242567, 0.6890353589332484]",1,16
18565,[0.25255716 0.73791045],18,24,"[0.2219823769694232, 0.7523883708842017]",1,-1
18566,[0.3209039  0.62450853],18,44,"[0.30505443145580996, 0.5938366826632161]",1,-1
18567,[0.21390124 0.68371066],18,20,"[0.18632471116193938, 0.6470504651095214]",1,-1
18568,[0.20674465 0.67785   ],18,20,"[0.18632471116193938, 0.6470504651095214]",1,-1
18569,[0.25858133 0.71844082],18,8,"[0.26852263019242567, 0.6890353589332484]",1,-1
18570,[0.28923864 0.66993141],18,8,"[0.26852263019242567, 0.6890353589332484]",1,-1
18571,[0.26103148 0.73938695],18,24,"[0.2219823769694232, 0.7523883708842017]",1,-1
18572,[0.24175353 0.7275969 ],18,24,"[0.2219823769694232, 0.7523883708842017]",1,-1
18573,[0.17402896 0.69819912],18,33,"[0.14360528745911366, 0.7361289007486289]",1,-1
18574,[0.26029442 0.67345318],18,8,"[0.26852263019242567, 0.6890353589332484]",1,-1
18575,[0.36293642 0.66364386],18,19,"[0.3585209611110644, 0.671407469606326]",1,-1
18576,[0.25644865 0.84454422],18,-1,-1,1,-1
18577,[0.29238073 0.74880549],18,12,"[0.3169063637449832, 0.8033325636066986]",1,-1
18578,[0.30855403 0.65203324],18,19,"[0.3585209611110644, 0.671407469606326]",1,-1
18579,[0.29867483 0.70372957],18,8,"[0.26852263019242567, 0.6890353589332484]",1,-1
18580,[0.24651093 0.70973897],18,8,"[0.26852263019242567, 0.6890353589332484]",1,-1
18581,[0.26436032 0.68474437],18,8,"[0.26852263019242567, 0.6890353589332484]",1,-1
18582,[0.28283428 0.69476488],18,8,"[0.26852263019242567, 0.6890353589332484]",1,18
18583,[0.2970917 0.7485573],18,12,"[0.3169063637449832, 0.8033325636066986]",1,-1
18584,[0.31095014 0.68944418],18,8,"[0.26852263019242567, 0.6890353589332484]",1,-1
18585,[0.21779039 0.70695567],18,24,"[0.2219823769694232, 0.7523883708842017]",1,14
18586,[0.27043565 0.64261612],18,40,"[0.24325605379412626, 0.6063462149687255]",1,16
18587,[0.35766491 0.67355605],18,19,"[0.3585209611110644, 0.671407469606326]",1,-1
18588,[0.29422796 0.69308882],18,8,"[0.26852263019242567, 0.6890353589332484]",1,-1
18589,[0.24661974 0.61503472],18,40,"[0.24325605379412626, 0.6063462149687255]",1,-1
18590,[0.16234865 0.65413447],18,20,"[0.18632471116193938, 0.6470504651095214]",1,-1
18591,[0.27861981 0.69850844],18,8,"[0.26852263019242567, 0.6890353589332484]",1,18
18592,[0.24638954 0.67800734],18,8,"[0.26852263019242567, 0.6890353589332484]",1,-1
18593,[0.20623209 0.68611788],18,20,"[0.18632471116193938, 0.6470504651095214]",1,-1
18594,[0.32306875 0.69283033],18,19,"[0.3585209611110644, 0.671407469606326]",1,-1
18595,[0.2856927  0.69810243],18,8,"[0.26852263019242567, 0.6890353589332484]",1,18
18596,[0.31769205 0.76728933],18,12,"[0.3169063637449832, 0.8033325636066986]",1,-1
18597,[0.32864833 0.7335459 ],18,19,"[0.3585209611110644, 0.671407469606326]",1,-1
18598,[0.303018  0.7116164],18,8,"[0.26852263019242567, 0.6890353589332484]",1,-1
18599,[0.26828138 0.71631974],18,8,"[0.26852263019242567, 0.6890353589332484]",1,-1
18600,[0.32900465 0.71907854],18,19,"[0.3585209611110644, 0.671407469606326]",1,-1
18601,[0.22862599 0.64869072],18,20,"[0.18632471116193938, 0.6470504651095214]",1,-1
18602,[0.29581535 0.74451562],18,8,"[0.26852263019242567, 0.6890353589332484]",1,-1
18603,[0.29522938 0.70323617],18,8,"[0.26852263019242567, 0.6890353589332484]",1,-1
18604,[0.25576375 0.69508191],18,8,"[0.26852263019242567, 0.6890353589332484]",1,-1
18605,[0.3163663  0.70665894],18,8,"[0.26852263019242567, 0.6890353589332484]",1,-1
18606,[0.24249718 0.64935186],18,40,"[0.24325605379412626, 0.6063462149687255]",1,-1
18607,[0.29436089 0.71254156],18,8,"[0.26852263019242567, 0.6890353589332484]",1,-1
18608,[0.3295035  0.66672998],18,19,"[0.3585209611110644, 0.671407469606326]",1,12
18609,[0.34955885 0.64591489],18,19,"[0.3585209611110644, 0.671407469606326]",1,-1
18610,[0.35959169 0.59392338],18,25,"[0.38660465276603295, 0.5871767558758164]",1,-1
18611,[0.335242   0.64478256],18,19,"[0.3585209611110644, 0.671407469606326]",1,-1
18612,[0.3011602  0.72592415],18,8,"[0.26852263019242567, 0.6890353589332484]",1,-1
18613,[0.25883819 0.59021679],18,40,"[0.24325605379412626, 0.6063462149687255]",1,-1
18614,[0.31025722 0.64061554],18,44,"[0.30505443145580996, 0.5938366826632161]",1,-1
18615,[0.36749183 0.72968288],18,19,"[0.3585209611110644, 0.671407469606326]",1,-1
18616,[0.24791719 0.68286811],18,8,"[0.26852263019242567, 0.6890353589332484]",1,-1
18617,[0.25718587 0.72448722],18,8,"[0.26852263019242567, 0.6890353589332484]",1,19
18618,[0.23088004 0.64037551],18,40,"[0.24325605379412626, 0.6063462149687255]",1,-1
18619,[0.29042726 0.62767582],18,44,"[0.30505443145580996, 0.5938366826632161]",1,-1
18620,[0.37877578 0.65615687],18,19,"[0.3585209611110644, 0.671407469606326]",1,-1
18621,[0.26126402 0.63698523],18,40,"[0.24325605379412626, 0.6063462149687255]",1,-1
18622,[0.32700579 0.70763602],18,19,"[0.3585209611110644, 0.671407469606326]",1,-1
18623,[0.34769507 0.68173511],18,19,"[0.3585209611110644, 0.671407469606326]",1,-1
18624,[0.33021683 0.66781066],18,19,"[0.3585209611110644, 0.671407469606326]",1,12
18625,[0.19066828 0.67991035],18,20,"[0.18632471116193938, 0.6470504651095214]",1,-1
18626,[0.22308688 0.7556686 ],18,24,"[0.2219823769694232, 0.7523883708842017]",1,-1
18627,[0.20657777 0.72345901],18,24,"[0.2219823769694232, 0.7523883708842017]",1,-1
18628,[0.32146236 0.6895115 ],18,19,"[0.3585209611110644, 0.671407469606326]",1,12
18629,[0.14951025 0.64063572],18,20,"[0.18632471116193938, 0.6470504651095214]",1,-1
18630,[0.23243059 0.71967648],18,24,"[0.2219823769694232, 0.7523883708842017]",1,-1
18631,[0.29390916 0.67058554],18,8,"[0.26852263019242567, 0.6890353589332484]",1,17
18632,[0.30566593 0.63743527],18,44,"[0.30505443145580996, 0.5938366826632161]",1,-1
18633,[0.2085922  0.69043167],18,20,"[0.18632471116193938, 0.6470504651095214]",1,-1
18634,[0.25749238 0.67857396],18,8,"[0.26852263019242567, 0.6890353589332484]",1,-1
18635,[0.22072799 0.75165055],18,24,"[0.2219823769694232, 0.7523883708842017]",1,-1
18636,[0.27358333 0.62810236],18,40,"[0.24325605379412626, 0.6063462149687255]",1,-1
18637,[0.1987969  0.68044239],18,20,"[0.18632471116193938, 0.6470504651095214]",1,-1
18638,[0.32918964 0.67882153],18,19,"[0.3585209611110644, 0.671407469606326]",1,12
18639,[0.21904512 0.65115248],18,20,"[0.18632471116193938, 0.6470504651095214]",1,-1
18640,[0.16804216 0.7130697 ],18,33,"[0.14360528745911366, 0.7361289007486289]",1,-1
18641,[0.20968475 0.67219126],18,20,"[0.18632471116193938, 0.6470504651095214]",1,-1
18642,[0.29382092 0.68325748],18,8,"[0.26852263019242567, 0.6890353589332484]",1,-1
18643,[0.4148128  0.62187441],18,45,"[0.4377614438459196, 0.655911915550708]",1,-1
18644,[0.2885955  0.73026163],18,8,"[0.26852263019242567, 0.6890353589332484]",1,-1
18645,[0.23726791 0.60483261],18,40,"[0.24325605379412626, 0.6063462149687255]",1,-1
18646,[0.17125054 0.74324892],18,33,"[0.14360528745911366, 0.7361289007486289]",1,-1
18647,[0.22455687 0.61160629],18,40,"[0.24325605379412626, 0.6063462149687255]",1,-1
18648,[0.27035475 0.72335377],18,8,"[0.26852263019242567, 0.6890353589332484]",1,-1
18649,[0.27409052 0.69047602],18,8,"[0.26852263019242567, 0.6890353589332484]",1,-1
18650,[0.34923758 0.68811736],18,19,"[0.3585209611110644, 0.671407469606326]",1,-1
18651,[0.24236414 0.73014199],18,24,"[0.2219823769694232, 0.7523883708842017]",1,-1
18652,[0.26349034 0.73147929],18,8,"[0.26852263019242567, 0.6890353589332484]",1,-1
18653,[0.20714546 0.7627674 ],18,24,"[0.2219823769694232, 0.7523883708842017]",1,-1
18654,[0.33545289 0.73837022],18,12,"[0.3169063637449832, 0.8033325636066986]",1,-1
18655,[0.32239254 0.67596126],18,19,"[0.3585209611110644, 0.671407469606326]",1,12
18656,[0.26220851 0.75493137],18,24,"[0.2219823769694232, 0.7523883708842017]",1,-1
18657,[0.32360444 0.689584  ],18,19,"[0.3585209611110644, 0.671407469606326]",1,-1
18658,[0.27603304 0.68698479],18,8,"[0.26852263019242567, 0.6890353589332484]",1,-1
18659,[0.25632434 0.65413416],18,8,"[0.26852263019242567, 0.6890353589332484]",1,-1
18660,[0.25245929 0.62426402],18,40,"[0.24325605379412626, 0.6063462149687255]",1,-1
18661,[0.28453332 0.56470644],18,44,"[0.30505443145580996, 0.5938366826632161]",1,-1
18662,[0.28533476 0.7532473 ],18,12,"[0.3169063637449832, 0.8033325636066986]",1,-1
18663,[0.22691376 0.7163314 ],18,24,"[0.2219823769694232, 0.7523883708842017]",1,-1
18664,[0.25417965 0.74223735],18,24,"[0.2219823769694232, 0.7523883708842017]",1,-1
18665,[0.26456869 0.64815867],18,8,"[0.26852263019242567, 0.6890353589332484]",1,16
18666,[0.34688508 0.78300846],18,12,"[0.3169063637449832, 0.8033325636066986]",1,-1
18667,[0.25512476 0.66737317],18,8,"[0.26852263019242567, 0.6890353589332484]",1,-1
18668,[0.23061362 0.70769316],18,8,"[0.26852263019242567, 0.6890353589332484]",1,-1
18669,[0.24882427 0.67554523],18,8,"[0.26852263019242567, 0.6890353589332484]",1,-1
18670,[0.25157899 0.68835305],18,8,"[0.26852263019242567, 0.6890353589332484]",1,-1
18671,[0.22855293 0.66989484],18,8,"[0.26852263019242567, 0.6890353589332484]",1,-1
18672,[0.17348852 0.671724  ],18,20,"[0.18632471116193938, 0.6470504651095214]",1,-1
18673,[0.26650818 0.75139535],18,24,"[0.2219823769694232, 0.7523883708842017]",1,-1
18674,[0.28284323 0.68989755],18,8,"[0.26852263019242567, 0.6890353589332484]",1,-1
18675,[0.24490665 0.76513984],18,24,"[0.2219823769694232, 0.7523883708842017]",1,-1
18676,[0.30713097 0.75111566],18,12,"[0.3169063637449832, 0.8033325636066986]",1,-1
18677,[0.32118841 0.66676817],18,19,"[0.3585209611110644, 0.671407469606326]",1,12
18678,[0.21552781 0.6561315 ],18,20,"[0.18632471116193938, 0.6470504651095214]",1,-1
18679,[0.28627911 0.51279142],18,13,"[0.32294489274299887, 0.4620611538839558]",1,-1
18680,[0.27683541 0.71667796],18,8,"[0.26852263019242567, 0.6890353589332484]",1,18
18681,[0.24750675 0.64582484],18,40,"[0.24325605379412626, 0.6063462149687255]",1,-1
18682,[0.30389576 0.6535508 ],18,8,"[0.26852263019242567, 0.6890353589332484]",1,-1
18683,[0.30137148 0.64393287],18,44,"[0.30505443145580996, 0.5938366826632161]",1,-1
18684,[0.22567738 0.68353113],18,8,"[0.26852263019242567, 0.6890353589332484]",1,15
18685,[0.29694618 0.65865881],18,8,"[0.26852263019242567, 0.6890353589332484]",1,-1
18686,[0.27769393 0.5958912 ],18,44,"[0.30505443145580996, 0.5938366826632161]",1,-1
18687,[0.28274422 0.70830356],18,8,"[0.26852263019242567, 0.6890353589332484]",1,-1
18688,[0.22299818 0.72538455],18,24,"[0.2219823769694232, 0.7523883708842017]",1,14
18689,[0.37199346 0.7578084 ],18,47,"[0.4308417820697566, 0.7426361553548808]",1,-1
18690,[0.3553864 0.6236276],18,19,"[0.3585209611110644, 0.671407469606326]",1,-1
18691,[0.20857714 0.64244798],18,20,"[0.18632471116193938, 0.6470504651095214]",1,-1
18692,[0.24629302 0.72735638],18,24,"[0.2219823769694232, 0.7523883708842017]",1,19
18693,[0.21146537 0.70806485],18,24,"[0.2219823769694232, 0.7523883708842017]",1,14
18694,[0.22538213 0.70220965],18,8,"[0.26852263019242567, 0.6890353589332484]",1,-1
18695,[0.26647018 0.58313622],18,40,"[0.24325605379412626, 0.6063462149687255]",1,-1
18696,[0.25461972 0.69010626],18,8,"[0.26852263019242567, 0.6890353589332484]",1,-1
18697,[0.2892484  0.72519791],18,8,"[0.26852263019242567, 0.6890353589332484]",1,-1
18698,[0.31258388 0.71213516],18,8,"[0.26852263019242567, 0.6890353589332484]",1,-1
18699,[0.25579944 0.73438247],18,24,"[0.2219823769694232, 0.7523883708842017]",1,-1
18700,[0.25377313 0.65497937],18,8,"[0.26852263019242567, 0.6890353589332484]",1,-1
18701,[0.23249924 0.72901154],18,24,"[0.2219823769694232, 0.7523883708842017]",1,-1
18702,[0.24020963 0.64818284],18,40,"[0.24325605379412626, 0.6063462149687255]",1,-1
18703,[0.10410762 0.60365455],18,49,"[0.14893778703439292, 0.5666898184239806]",1,-1
18704,[0.24954863 0.64331061],18,40,"[0.24325605379412626, 0.6063462149687255]",1,-1
18705,[0.24295745 0.67074452],18,8,"[0.26852263019242567, 0.6890353589332484]",1,-1
18706,[0.30831373 0.65098739],18,19,"[0.3585209611110644, 0.671407469606326]",1,-1
18707,[0.3181096  0.69379197],18,19,"[0.3585209611110644, 0.671407469606326]",1,-1
18708,[0.32204325 0.73636461],18,12,"[0.3169063637449832, 0.8033325636066986]",1,-1
18709,[0.32633348 0.66556685],18,19,"[0.3585209611110644, 0.671407469606326]",1,12
18710,[0.25892582 0.64879799],18,8,"[0.26852263019242567, 0.6890353589332484]",1,16
18711,[0.31693055 0.77442346],18,12,"[0.3169063637449832, 0.8033325636066986]",1,-1
18712,[0.28340428 0.69376434],18,8,"[0.26852263019242567, 0.6890353589332484]",1,18
18713,[0.24058931 0.62507894],18,40,"[0.24325605379412626, 0.6063462149687255]",1,-1
18714,[0.25246015 0.72590379],18,8,"[0.26852263019242567, 0.6890353589332484]",1,-1
18715,[0.23521112 0.61939973],18,40,"[0.24325605379412626, 0.6063462149687255]",1,-1
18716,[0.34508897 0.64716406],18,19,"[0.3585209611110644, 0.671407469606326]",1,9
18717,[0.29139497 0.6134139 ],18,44,"[0.30505443145580996, 0.5938366826632161]",1,-1
18718,[0.24063452 0.58037739],18,40,"[0.24325605379412626, 0.6063462149687255]",1,-1
18719,[0.2390428  0.67959532],18,8,"[0.26852263019242567, 0.6890353589332484]",1,-1
18720,[0.26804878 0.79731252],18,12,"[0.3169063637449832, 0.8033325636066986]",1,-1
18721,[0.29270349 0.80141628],18,12,"[0.3169063637449832, 0.8033325636066986]",1,-1
18722,[0.27098169 0.76261472],18,24,"[0.2219823769694232, 0.7523883708842017]",1,-1
18723,[0.29566305 0.76813829],18,12,"[0.3169063637449832, 0.8033325636066986]",1,-1
18724,[0.24610316 0.56879848],18,40,"[0.24325605379412626, 0.6063462149687255]",1,-1
18725,[0.32829725 0.85926168],18,12,"[0.3169063637449832, 0.8033325636066986]",1,-1
18726,[0.23814909 0.69538164],18,8,"[0.26852263019242567, 0.6890353589332484]",1,15
18727,[0.29833306 0.61713157],18,44,"[0.30505443145580996, 0.5938366826632161]",1,-1
18728,[0.26630182 0.60869323],18,40,"[0.24325605379412626, 0.6063462149687255]",1,-1
18729,[0.31250046 0.66027229],18,19,"[0.3585209611110644, 0.671407469606326]",1,12
18730,[0.34779124 0.61100847],18,25,"[0.38660465276603295, 0.5871767558758164]",1,-1
18731,[0.27839657 0.65259315],18,8,"[0.26852263019242567, 0.6890353589332484]",1,-1
18732,[0.30937266 0.68448481],18,8,"[0.26852263019242567, 0.6890353589332484]",1,-1
18733,[0.24905995 0.76425404],18,24,"[0.2219823769694232, 0.7523883708842017]",1,-1
18734,[0.25977147 0.69562778],18,8,"[0.26852263019242567, 0.6890353589332484]",1,-1
18735,[0.32070337 0.66077475],18,19,"[0.3585209611110644, 0.671407469606326]",1,-1
18736,[0.29264046 0.73732362],18,8,"[0.26852263019242567, 0.6890353589332484]",1,-1
18737,[0.30152084 0.74992916],18,12,"[0.3169063637449832, 0.8033325636066986]",1,-1
18738,[0.24673047 0.64270888],18,40,"[0.24325605379412626, 0.6063462149687255]",1,-1
18739,[0.29826028 0.70629426],18,8,"[0.26852263019242567, 0.6890353589332484]",1,-1
18740,[0.29090232 0.71454694],18,8,"[0.26852263019242567, 0.6890353589332484]",1,-1
18741,[0.27898903 0.62734673],18,40,"[0.24325605379412626, 0.6063462149687255]",1,-1
18742,[0.32932748 0.63771757],18,19,"[0.3585209611110644, 0.671407469606326]",1,9
18743,[0.29334591 0.73553381],18,8,"[0.26852263019242567, 0.6890353589332484]",1,-1
18744,[0.24854593 0.61967091],18,40,"[0.24325605379412626, 0.6063462149687255]",1,-1
18745,[0.1993436  0.75516238],18,24,"[0.2219823769694232, 0.7523883708842017]",1,-1
18746,[0.1753151  0.62828291],18,20,"[0.18632471116193938, 0.6470504651095214]",1,-1
18747,[0.2731424  0.66973263],18,8,"[0.26852263019242567, 0.6890353589332484]",1,-1
18748,[0.23464277 0.75019195],18,24,"[0.2219823769694232, 0.7523883708842017]",1,-1
18749,[0.21747847 0.6589726 ],18,20,"[0.18632471116193938, 0.6470504651095214]",1,-1
18750,[0.27675335 0.64781169],18,8,"[0.26852263019242567, 0.6890353589332484]",1,-1
18751,[0.26996275 0.47047655],18,13,"[0.32294489274299887, 0.4620611538839558]",1,-1
18752,[0.21215516 0.72519512],18,24,"[0.2219823769694232, 0.7523883708842017]",1,14
18753,[0.26835915 0.66096132],18,8,"[0.26852263019242567, 0.6890353589332484]",1,17
18754,[0.30572123 0.66236474],18,8,"[0.26852263019242567, 0.6890353589332484]",1,-1
18755,[0.22178374 0.76803889],18,24,"[0.2219823769694232, 0.7523883708842017]",1,-1
18756,[0.27726866 0.70576855],18,8,"[0.26852263019242567, 0.6890353589332484]",1,-1
18757,[0.25936002 0.64709471],18,8,"[0.26852263019242567, 0.6890353589332484]",1,16
18758,[0.22950222 0.82160348],18,38,"[0.1833808871148498, 0.824806751753795]",1,-1
18759,[0.29419912 0.71933582],18,8,"[0.26852263019242567, 0.6890353589332484]",1,-1
18760,[0.27241096 0.70520262],18,8,"[0.26852263019242567, 0.6890353589332484]",1,-1
18761,[0.31898694 0.62834996],18,44,"[0.30505443145580996, 0.5938366826632161]",1,-1
18762,[0.30531177 0.63234677],18,44,"[0.30505443145580996, 0.5938366826632161]",1,-1
18763,[0.26850089 0.65427954],18,8,"[0.26852263019242567, 0.6890353589332484]",1,16
18764,[0.31484652 0.68675576],18,19,"[0.3585209611110644, 0.671407469606326]",1,-1
18765,[0.30223306 0.67064828],18,8,"[0.26852263019242567, 0.6890353589332484]",1,-1
18766,[0.2382147  0.73468655],18,24,"[0.2219823769694232, 0.7523883708842017]",1,-1
18767,[0.3682617  0.66394996],18,19,"[0.3585209611110644, 0.671407469606326]",1,-1
18768,[0.29343675 0.5955205 ],18,44,"[0.30505443145580996, 0.5938366826632161]",1,-1
18769,[0.28396359 0.68776299],18,8,"[0.26852263019242567, 0.6890353589332484]",1,-1
18770,[0.28088258 0.62652138],18,44,"[0.30505443145580996, 0.5938366826632161]",1,-1
18771,[0.36120567 0.66448523],18,19,"[0.3585209611110644, 0.671407469606326]",1,-1
18772,[0.25661933 0.67547053],18,8,"[0.26852263019242567, 0.6890353589332484]",1,-1
18773,[0.26853631 0.67800967],18,8,"[0.26852263019242567, 0.6890353589332484]",1,-1
18774,[0.31461168 0.7581818 ],18,12,"[0.3169063637449832, 0.8033325636066986]",1,-1
18775,[0.28674559 0.72831837],18,8,"[0.26852263019242567, 0.6890353589332484]",1,-1
18776,[0.32104216 0.78138402],18,12,"[0.3169063637449832, 0.8033325636066986]",1,-1
18777,[0.38328191 0.73691116],18,47,"[0.4308417820697566, 0.7426361553548808]",1,-1
18778,[0.16418735 0.72494437],18,33,"[0.14360528745911366, 0.7361289007486289]",1,-1
18779,[0.25668215 0.59855209],18,40,"[0.24325605379412626, 0.6063462149687255]",1,-1
18780,[0.26563477 0.74278764],18,24,"[0.2219823769694232, 0.7523883708842017]",1,-1
18781,[0.28222001 0.74035681],18,8,"[0.26852263019242567, 0.6890353589332484]",1,-1
18782,[0.18567317 0.69172161],18,20,"[0.18632471116193938, 0.6470504651095214]",1,-1
18783,[0.39831829 0.69627127],18,19,"[0.3585209611110644, 0.671407469606326]",1,-1
18784,[0.29386259 0.6996565 ],18,8,"[0.26852263019242567, 0.6890353589332484]",1,18
18785,[0.27884826 0.59936643],18,44,"[0.30505443145580996, 0.5938366826632161]",1,-1
18786,[0.32456989 0.66723044],18,19,"[0.3585209611110644, 0.671407469606326]",1,-1
18787,[0.25356595 0.76079357],18,24,"[0.2219823769694232, 0.7523883708842017]",1,-1
18788,[0.23393871 0.74456605],18,24,"[0.2219823769694232, 0.7523883708842017]",1,-1
18789,[0.32592561 0.67623302],18,19,"[0.3585209611110644, 0.671407469606326]",1,-1
18790,[0.21779917 0.68621173],18,20,"[0.18632471116193938, 0.6470504651095214]",1,-1
18791,[0.25107884 0.6969536 ],18,8,"[0.26852263019242567, 0.6890353589332484]",1,-1
18792,[0.30610142 0.72212902],18,8,"[0.26852263019242567, 0.6890353589332484]",1,-1
18793,[0.24395888 0.73381638],18,24,"[0.2219823769694232, 0.7523883708842017]",1,-1
18794,[0.34859243 0.64391339],18,19,"[0.3585209611110644, 0.671407469606326]",1,9
18795,[0.24098155 0.73712086],18,24,"[0.2219823769694232, 0.7523883708842017]",1,-1
18796,[0.32291447 0.69621415],18,19,"[0.3585209611110644, 0.671407469606326]",1,12
18797,[0.23381215 0.75138049],18,24,"[0.2219823769694232, 0.7523883708842017]",1,-1
18798,[0.26385017 0.72217964],18,8,"[0.26852263019242567, 0.6890353589332484]",1,-1
18799,[0.3246886  0.70086284],18,19,"[0.3585209611110644, 0.671407469606326]",1,-1
18800,[0.24799045 0.6672056 ],18,8,"[0.26852263019242567, 0.6890353589332484]",1,-1
18801,[0.34258214 0.75068269],18,12,"[0.3169063637449832, 0.8033325636066986]",1,-1
18802,[0.3497335  0.65024285],18,19,"[0.3585209611110644, 0.671407469606326]",1,9
18803,[0.25649816 0.72334384],18,8,"[0.26852263019242567, 0.6890353589332484]",1,19
18804,[0.26221581 0.66319295],18,8,"[0.26852263019242567, 0.6890353589332484]",1,-1
18805,[0.26374933 0.64203222],18,40,"[0.24325605379412626, 0.6063462149687255]",1,-1
18806,[0.23001422 0.72179015],18,24,"[0.2219823769694232, 0.7523883708842017]",1,14
18807,[0.28235211 0.71729464],18,8,"[0.26852263019242567, 0.6890353589332484]",1,-1
18808,[0.21921466 0.75139706],18,24,"[0.2219823769694232, 0.7523883708842017]",1,-1
18809,[0.26481244 0.70099608],18,8,"[0.26852263019242567, 0.6890353589332484]",1,-1
18810,[0.26438561 0.6898853 ],18,8,"[0.26852263019242567, 0.6890353589332484]",1,-1
18811,[0.3226197  0.71480427],18,19,"[0.3585209611110644, 0.671407469606326]",1,-1
18812,[0.28845977 0.78227493],18,12,"[0.3169063637449832, 0.8033325636066986]",1,-1
18813,[0.30384801 0.674576  ],18,8,"[0.26852263019242567, 0.6890353589332484]",1,-1
18814,[0.28252748 0.6773353 ],18,8,"[0.26852263019242567, 0.6890353589332484]",1,-1
18815,[0.28558296 0.73142036],18,8,"[0.26852263019242567, 0.6890353589332484]",1,-1
18816,[0.29872737 0.68676195],18,8,"[0.26852263019242567, 0.6890353589332484]",1,-1
18817,[0.3375588  0.65101341],18,19,"[0.3585209611110644, 0.671407469606326]",1,-1
18818,[0.34227323 0.63359391],18,19,"[0.3585209611110644, 0.671407469606326]",1,-1
18819,[0.28479621 0.68490932],18,8,"[0.26852263019242567, 0.6890353589332484]",1,-1
18820,[0.30019103 0.68509958],18,8,"[0.26852263019242567, 0.6890353589332484]",1,-1
18821,[0.32167513 0.65360636],18,19,"[0.3585209611110644, 0.671407469606326]",1,-1
18822,[0.25987619 0.72370615],18,8,"[0.26852263019242567, 0.6890353589332484]",1,19
18823,[0.27540516 0.71294768],18,8,"[0.26852263019242567, 0.6890353589332484]",1,-1
18824,[0.23375063 0.66411606],18,8,"[0.26852263019242567, 0.6890353589332484]",1,-1
18825,[0.1043118  0.64488913],18,-1,-1,1,-1
18826,[0.31470912 0.71326689],18,8,"[0.26852263019242567, 0.6890353589332484]",1,-1
18827,[0.35158937 0.62048279],18,25,"[0.38660465276603295, 0.5871767558758164]",1,-1
18828,[0.16755339 0.78817749],18,38,"[0.1833808871148498, 0.824806751753795]",1,-1
18829,[0.22291585 0.78383142],18,24,"[0.2219823769694232, 0.7523883708842017]",1,-1
18830,[0.31616479 0.66944338],18,19,"[0.3585209611110644, 0.671407469606326]",1,12
18831,[0.1930617 0.587563 ],18,49,"[0.14893778703439292, 0.5666898184239806]",1,-1
18832,[0.23293896 0.70301547],18,8,"[0.26852263019242567, 0.6890353589332484]",1,-1
18833,[0.24685074 0.81082466],18,24,"[0.2219823769694232, 0.7523883708842017]",1,-1
18834,[0.35897861 0.66394739],18,19,"[0.3585209611110644, 0.671407469606326]",1,9
18835,[0.27926253 0.68960621],18,8,"[0.26852263019242567, 0.6890353589332484]",1,-1
18836,[0.36345412 0.6941172 ],18,19,"[0.3585209611110644, 0.671407469606326]",1,-1
18837,[0.39233899 0.63618757],18,19,"[0.3585209611110644, 0.671407469606326]",1,46
18838,[0.28755038 0.74917092],18,12,"[0.3169063637449832, 0.8033325636066986]",1,-1
18839,[0.22682485 0.66582056],18,20,"[0.18632471116193938, 0.6470504651095214]",1,15
18840,[0.27887544 0.62255191],18,44,"[0.30505443145580996, 0.5938366826632161]",1,-1
18841,[0.30131785 0.69428144],18,8,"[0.26852263019242567, 0.6890353589332484]",1,-1
18842,[0.29727112 0.80360247],18,12,"[0.3169063637449832, 0.8033325636066986]",1,-1
18843,[0.32076889 0.5976915 ],18,44,"[0.30505443145580996, 0.5938366826632161]",1,-1
18844,[0.3118002  0.60119523],18,44,"[0.30505443145580996, 0.5938366826632161]",1,-1
18845,[0.29745257 0.68274154],18,8,"[0.26852263019242567, 0.6890353589332484]",1,-1
18846,[0.29108515 0.65192947],18,8,"[0.26852263019242567, 0.6890353589332484]",1,-1
18847,[0.27758689 0.67258185],18,8,"[0.26852263019242567, 0.6890353589332484]",1,-1
18848,[0.29277185 0.66239063],18,8,"[0.26852263019242567, 0.6890353589332484]",1,-1
18849,[0.28233717 0.6531309 ],18,8,"[0.26852263019242567, 0.6890353589332484]",1,-1
18850,[0.31143084 0.64277391],18,44,"[0.30505443145580996, 0.5938366826632161]",1,-1
18851,[0.28979013 0.55690796],18,44,"[0.30505443145580996, 0.5938366826632161]",1,-1
18852,[0.30120389 0.59404306],18,44,"[0.30505443145580996, 0.5938366826632161]",1,-1
18853,[0.20386433 0.73998378],18,24,"[0.2219823769694232, 0.7523883708842017]",1,-1
18854,[0.25106659 0.62354899],18,40,"[0.24325605379412626, 0.6063462149687255]",1,-1
18855,[0.31504566 0.71145631],18,8,"[0.26852263019242567, 0.6890353589332484]",1,-1
18856,[0.30037649 0.696025  ],18,8,"[0.26852263019242567, 0.6890353589332484]",1,-1
18857,[0.32896489 0.6331932 ],18,44,"[0.30505443145580996, 0.5938366826632161]",1,9
18858,[0.1395787  0.63875673],18,20,"[0.18632471116193938, 0.6470504651095214]",1,-1
18859,[0.30116164 0.63699552],18,44,"[0.30505443145580996, 0.5938366826632161]",1,-1
18860,[0.23371065 0.63481272],18,40,"[0.24325605379412626, 0.6063462149687255]",1,11
18861,[0.20836883 0.75839594],18,24,"[0.2219823769694232, 0.7523883708842017]",1,-1
18862,[0.28526878 0.67127662],18,8,"[0.26852263019242567, 0.6890353589332484]",1,-1
18863,[0.33637049 0.64136139],18,19,"[0.3585209611110644, 0.671407469606326]",1,9
18864,[0.18622938 0.81148366],18,38,"[0.1833808871148498, 0.824806751753795]",1,-1
18865,[0.20967353 0.7038199 ],18,24,"[0.2219823769694232, 0.7523883708842017]",1,-1
18866,[0.29973482 0.64719303],18,8,"[0.26852263019242567, 0.6890353589332484]",1,-1
18867,[0.24546032 0.67166897],18,8,"[0.26852263019242567, 0.6890353589332484]",1,-1
18868,[0.23823163 0.71765971],18,24,"[0.2219823769694232, 0.7523883708842017]",1,-1
18869,[0.37796701 0.78253221],18,12,"[0.3169063637449832, 0.8033325636066986]",1,-1
18870,[0.22142147 0.65198355],18,20,"[0.18632471116193938, 0.6470504651095214]",1,-1
18871,[0.29758791 0.69966102],18,8,"[0.26852263019242567, 0.6890353589332484]",1,-1
18872,[0.29611901 0.67234814],18,8,"[0.26852263019242567, 0.6890353589332484]",1,-1
18873,[0.21327327 0.72132636],18,24,"[0.2219823769694232, 0.7523883708842017]",1,-1
18874,[0.376783   0.77077082],18,47,"[0.4308417820697566, 0.7426361553548808]",1,-1
18875,[0.30992134 0.65734746],18,19,"[0.3585209611110644, 0.671407469606326]",1,-1
18876,[0.25998215 0.68315253],18,8,"[0.26852263019242567, 0.6890353589332484]",1,-1
18877,[0.25224008 0.57421766],18,40,"[0.24325605379412626, 0.6063462149687255]",1,-1
18878,[0.20511315 0.64618784],18,20,"[0.18632471116193938, 0.6470504651095214]",1,-1
18879,[0.33049262 0.64106129],18,19,"[0.3585209611110644, 0.671407469606326]",1,9
18880,[0.26756258 0.63672703],18,40,"[0.24325605379412626, 0.6063462149687255]",1,-1
18881,[0.28454651 0.69339517],18,8,"[0.26852263019242567, 0.6890353589332484]",1,18
18882,[0.24997628 0.693094  ],18,8,"[0.26852263019242567, 0.6890353589332484]",1,-1
18883,[0.18884047 0.61339166],18,20,"[0.18632471116193938, 0.6470504651095214]",1,-1
18884,[0.24566734 0.73089181],18,24,"[0.2219823769694232, 0.7523883708842017]",1,-1
18885,[0.35873167 0.67479433],18,19,"[0.3585209611110644, 0.671407469606326]",1,-1
18886,[0.27575361 0.63243407],18,40,"[0.24325605379412626, 0.6063462149687255]",1,-1
18887,[0.28165321 0.70334708],18,8,"[0.26852263019242567, 0.6890353589332484]",1,18
18888,[0.27510093 0.737667  ],18,8,"[0.26852263019242567, 0.6890353589332484]",1,-1
18889,[0.29781289 0.65881202],18,8,"[0.26852263019242567, 0.6890353589332484]",1,-1
18890,[0.29591293 0.7087737 ],18,8,"[0.26852263019242567, 0.6890353589332484]",1,18
18891,[0.18407483 0.75915185],18,24,"[0.2219823769694232, 0.7523883708842017]",1,-1
18892,[0.24525425 0.7243758 ],18,24,"[0.2219823769694232, 0.7523883708842017]",1,-1
18893,[0.26983266 0.76162848],18,24,"[0.2219823769694232, 0.7523883708842017]",1,-1
18894,[0.28007958 0.65619812],18,8,"[0.26852263019242567, 0.6890353589332484]",1,-1
18895,[0.2538617  0.71355691],18,8,"[0.26852263019242567, 0.6890353589332484]",1,-1
18896,[0.31713175 0.76400615],18,12,"[0.3169063637449832, 0.8033325636066986]",1,-1
18897,[0.30589524 0.75968215],18,12,"[0.3169063637449832, 0.8033325636066986]",1,-1
18898,[0.35011032 0.71871074],18,19,"[0.3585209611110644, 0.671407469606326]",1,-1
18899,[0.29096805 0.68876354],18,8,"[0.26852263019242567, 0.6890353589332484]",1,-1
18900,[0.30143359 0.68171265],18,8,"[0.26852263019242567, 0.6890353589332484]",1,-1
18901,[0.26152279 0.74541787],18,24,"[0.2219823769694232, 0.7523883708842017]",1,-1
18902,[0.28333244 0.70720276],18,8,"[0.26852263019242567, 0.6890353589332484]",1,18
18903,[0.27825698 0.7130092 ],18,8,"[0.26852263019242567, 0.6890353589332484]",1,18
18904,[0.26163195 0.70727946],18,8,"[0.26852263019242567, 0.6890353589332484]",1,-1
18905,[0.30349114 0.62334093],18,44,"[0.30505443145580996, 0.5938366826632161]",1,-1
18906,[0.27273175 0.68683571],18,8,"[0.26852263019242567, 0.6890353589332484]",1,-1
18907,[0.26206889 0.77016231],18,24,"[0.2219823769694232, 0.7523883708842017]",1,-1
18908,[0.26322977 0.66469964],18,8,"[0.26852263019242567, 0.6890353589332484]",1,-1
18909,[0.3733533  0.71434065],18,19,"[0.3585209611110644, 0.671407469606326]",1,-1
18910,[0.2229883  0.60170632],18,40,"[0.24325605379412626, 0.6063462149687255]",1,-1
18911,[0.21399195 0.72213521],18,24,"[0.2219823769694232, 0.7523883708842017]",1,-1
18912,[0.26628518 0.65926239],18,8,"[0.26852263019242567, 0.6890353589332484]",1,17
18913,[0.33962028 0.66517814],18,19,"[0.3585209611110644, 0.671407469606326]",1,-1
18914,[0.26967126 0.74298198],18,24,"[0.2219823769694232, 0.7523883708842017]",1,-1
18915,[0.27545612 0.65123139],18,8,"[0.26852263019242567, 0.6890353589332484]",1,-1
18916,[0.31662812 0.69491051],18,19,"[0.3585209611110644, 0.671407469606326]",1,-1
18917,[0.28092074 0.68526566],18,8,"[0.26852263019242567, 0.6890353589332484]",1,-1
18918,[0.24038945 0.55637025],18,40,"[0.24325605379412626, 0.6063462149687255]",1,-1
18919,[0.31129343 0.68823379],18,8,"[0.26852263019242567, 0.6890353589332484]",1,-1
18920,[0.22088953 0.69036697],18,8,"[0.26852263019242567, 0.6890353589332484]",1,-1
18921,[0.29689745 0.76607125],18,12,"[0.3169063637449832, 0.8033325636066986]",1,-1
18922,[0.25356043 0.68047597],18,8,"[0.26852263019242567, 0.6890353589332484]",1,-1
18923,[0.2478196  0.65221883],18,8,"[0.26852263019242567, 0.6890353589332484]",1,-1
18924,[0.30902934 0.71715468],18,8,"[0.26852263019242567, 0.6890353589332484]",1,-1
18925,[0.18724659 0.74927687],18,24,"[0.2219823769694232, 0.7523883708842017]",1,-1
18926,[0.23873898 0.71902549],18,24,"[0.2219823769694232, 0.7523883708842017]",1,-1
18927,[0.22979371 0.7809891 ],18,24,"[0.2219823769694232, 0.7523883708842017]",1,-1
18928,[0.31045683 0.68000677],18,8,"[0.26852263019242567, 0.6890353589332484]",1,12
18929,[0.24712526 0.59108163],18,40,"[0.24325605379412626, 0.6063462149687255]",1,-1
18930,[0.16718164 0.5830113 ],18,49,"[0.14893778703439292, 0.5666898184239806]",1,-1
18931,[0.21766737 0.64593995],18,20,"[0.18632471116193938, 0.6470504651095214]",1,10
18932,[0.30023058 0.73261441],18,8,"[0.26852263019242567, 0.6890353589332484]",1,-1
18933,[0.23859781 0.75178769],18,24,"[0.2219823769694232, 0.7523883708842017]",1,-1
18934,[0.18498207 0.73218373],18,33,"[0.14360528745911366, 0.7361289007486289]",1,-1
18935,[0.26600593 0.6372816 ],18,40,"[0.24325605379412626, 0.6063462149687255]",1,-1
18936,[0.36362339 0.61086597],18,25,"[0.38660465276603295, 0.5871767558758164]",1,-1
18937,[0.32111358 0.70001444],18,19,"[0.3585209611110644, 0.671407469606326]",1,-1
18938,[0.29166447 0.71055014],18,8,"[0.26852263019242567, 0.6890353589332484]",1,18
18939,[0.31320352 0.70512993],18,8,"[0.26852263019242567, 0.6890353589332484]",1,-1
18940,[0.31634303 0.67583668],18,19,"[0.3585209611110644, 0.671407469606326]",1,12
18941,[0.33143736 0.64737955],18,19,"[0.3585209611110644, 0.671407469606326]",1,-1
18942,[0.35984797 0.66719177],18,19,"[0.3585209611110644, 0.671407469606326]",1,-1
18943,[0.25362055 0.67405416],18,8,"[0.26852263019242567, 0.6890353589332484]",1,-1
18944,[0.22266686 0.68634238],18,8,"[0.26852263019242567, 0.6890353589332484]",1,15
18945,[0.21063334 0.66839825],18,20,"[0.18632471116193938, 0.6470504651095214]",1,-1
18946,[0.28377338 0.67205139],18,8,"[0.26852263019242567, 0.6890353589332484]",1,17
18947,[0.27192385 0.63064599],18,40,"[0.24325605379412626, 0.6063462149687255]",1,-1
18948,[0.32780406 0.71321219],18,19,"[0.3585209611110644, 0.671407469606326]",1,-1
18949,[0.206102   0.69209367],18,20,"[0.18632471116193938, 0.6470504651095214]",1,13
18950,[0.2506403  0.76634334],18,24,"[0.2219823769694232, 0.7523883708842017]",1,-1
18951,[0.36016745 0.64210989],18,19,"[0.3585209611110644, 0.671407469606326]",1,9
18952,[0.25931992 0.72075448],18,8,"[0.26852263019242567, 0.6890353589332484]",1,19
18953,[0.32048292 0.69068817],18,19,"[0.3585209611110644, 0.671407469606326]",1,12
18954,[0.33856355 0.62541372],18,44,"[0.30505443145580996, 0.5938366826632161]",1,-1
18955,[0.28769108 0.64371731],18,8,"[0.26852263019242567, 0.6890353589332484]",1,-1
18956,[0.25878403 0.69203627],18,8,"[0.26852263019242567, 0.6890353589332484]",1,-1
18957,[0.33337273 0.68174431],18,19,"[0.3585209611110644, 0.671407469606326]",1,-1
18958,[0.30163826 0.66757885],18,8,"[0.26852263019242567, 0.6890353589332484]",1,-1
18959,[0.23454308 0.72553126],18,24,"[0.2219823769694232, 0.7523883708842017]",1,-1
18960,[0.24186609 0.73043679],18,24,"[0.2219823769694232, 0.7523883708842017]",1,-1
18961,[0.24554846 0.68376936],18,8,"[0.26852263019242567, 0.6890353589332484]",1,-1
18962,[0.37757895 0.67822235],18,19,"[0.3585209611110644, 0.671407469606326]",1,-1
18963,[0.23094395 0.66851754],18,8,"[0.26852263019242567, 0.6890353589332484]",1,15
18964,[0.27603496 0.66446934],18,8,"[0.26852263019242567, 0.6890353589332484]",1,-1
18965,[0.30101532 0.72359343],18,8,"[0.26852263019242567, 0.6890353589332484]",1,-1
18966,[0.30301922 0.75379639],18,12,"[0.3169063637449832, 0.8033325636066986]",1,-1
18967,[0.24257965 0.46712535],18,17,"[0.19949257984775934, 0.47737458183782433]",1,-1
18968,[0.23038644 0.6242971 ],18,40,"[0.24325605379412626, 0.6063462149687255]",1,-1
18969,[0.29069535 0.68721092],18,8,"[0.26852263019242567, 0.6890353589332484]",1,-1
18970,[0.31499942 0.72564863],18,8,"[0.26852263019242567, 0.6890353589332484]",1,-1
18971,[0.21286992 0.63612146],18,20,"[0.18632471116193938, 0.6470504651095214]",1,10
18972,[0.32118691 0.7668488 ],18,12,"[0.3169063637449832, 0.8033325636066986]",1,-1
18973,[0.2934551  0.70582453],18,8,"[0.26852263019242567, 0.6890353589332484]",1,18
18974,[0.24427193 0.69873018],18,8,"[0.26852263019242567, 0.6890353589332484]",1,-1
18975,[0.26995905 0.68542111],18,8,"[0.26852263019242567, 0.6890353589332484]",1,-1
18976,[0.31573882 0.6816128 ],18,19,"[0.3585209611110644, 0.671407469606326]",1,12
18977,[0.24174195 0.771535  ],18,24,"[0.2219823769694232, 0.7523883708842017]",1,-1
18978,[0.30698457 0.74398544],18,12,"[0.3169063637449832, 0.8033325636066986]",1,-1
18979,[0.2170197  0.81415318],18,38,"[0.1833808871148498, 0.824806751753795]",1,-1
18980,[0.26219384 0.67419335],18,8,"[0.26852263019242567, 0.6890353589332484]",1,-1
18981,[0.26294463 0.61035812],18,40,"[0.24325605379412626, 0.6063462149687255]",1,-1
18982,[0.19672475 0.63355082],18,20,"[0.18632471116193938, 0.6470504651095214]",1,-1
18983,[0.25011205 0.76155204],18,24,"[0.2219823769694232, 0.7523883708842017]",1,-1
18984,[0.28062654 0.68924799],18,8,"[0.26852263019242567, 0.6890353589332484]",1,-1
18985,[0.30434302 0.59490941],18,44,"[0.30505443145580996, 0.5938366826632161]",1,-1
18986,[0.30877977 0.593025  ],18,44,"[0.30505443145580996, 0.5938366826632161]",1,-1
18987,[0.28689864 0.70016053],18,8,"[0.26852263019242567, 0.6890353589332484]",1,18
18988,[0.15531366 0.70187223],18,33,"[0.14360528745911366, 0.7361289007486289]",1,-1
18989,[0.24305788 0.64116403],18,40,"[0.24325605379412626, 0.6063462149687255]",1,11
18990,[0.31690844 0.66511134],18,19,"[0.3585209611110644, 0.671407469606326]",1,12
18991,[0.26928955 0.74943092],18,24,"[0.2219823769694232, 0.7523883708842017]",1,-1
18992,[0.25181666 0.7049582 ],18,8,"[0.26852263019242567, 0.6890353589332484]",1,-1
18993,[0.2654692  0.70787353],18,8,"[0.26852263019242567, 0.6890353589332484]",1,-1
18994,[0.17381565 0.59140105],18,49,"[0.14893778703439292, 0.5666898184239806]",1,-1
18995,[0.26752099 0.6497788 ],18,8,"[0.26852263019242567, 0.6890353589332484]",1,16
18996,[0.23890327 0.65269322],18,40,"[0.24325605379412626, 0.6063462149687255]",1,-1
18997,[0.23123978 0.68275774],18,8,"[0.26852263019242567, 0.6890353589332484]",1,15
18998,[0.33685327 0.67196983],18,19,"[0.3585209611110644, 0.671407469606326]",1,-1
18999,[0.27068087 0.635438  ],18,40,"[0.24325605379412626, 0.6063462149687255]",1,-1
19000,[0.35621691 0.67217696],19,19,"[0.3585209611110644, 0.671407469606326]",1,-1
19001,[0.29923975 0.62874269],19,44,"[0.30505443145580996, 0.5938366826632161]",1,-1
19002,[0.39008204 0.70820801],19,19,"[0.3585209611110644, 0.671407469606326]",1,-1
19003,[0.39542673 0.61417464],19,25,"[0.38660465276603295, 0.5871767558758164]",1,-1
19004,[0.35403415 0.60410046],19,25,"[0.38660465276603295, 0.5871767558758164]",1,-1
19005,[0.28834643 0.76561839],19,12,"[0.3169063637449832, 0.8033325636066986]",1,-1
19006,[0.32777595 0.71303258],19,19,"[0.3585209611110644, 0.671407469606326]",1,-1
19007,[0.38585462 0.71291673],19,19,"[0.3585209611110644, 0.671407469606326]",1,-1
19008,[0.33908471 0.67645942],19,19,"[0.3585209611110644, 0.671407469606326]",1,-1
19009,[0.36922607 0.67333493],19,19,"[0.3585209611110644, 0.671407469606326]",1,-1
19010,[0.34467425 0.77167162],19,12,"[0.3169063637449832, 0.8033325636066986]",1,-1
19011,[0.39095243 0.7478054 ],19,47,"[0.4308417820697566, 0.7426361553548808]",1,-1
19012,[0.29536247 0.65036286],19,8,"[0.26852263019242567, 0.6890353589332484]",1,-1
19013,[0.33260239 0.71155966],19,19,"[0.3585209611110644, 0.671407469606326]",1,-1
19014,[0.36979221 0.75071179],19,47,"[0.4308417820697566, 0.7426361553548808]",1,-1
19015,[0.3038881  0.66132786],19,8,"[0.26852263019242567, 0.6890353589332484]",1,-1
19016,[0.34754689 0.65338208],19,19,"[0.3585209611110644, 0.671407469606326]",1,9
19017,[0.31466531 0.68109094],19,19,"[0.3585209611110644, 0.671407469606326]",1,12
19018,[0.35261743 0.65731014],19,19,"[0.3585209611110644, 0.671407469606326]",1,9
19019,[0.35598095 0.64647622],19,19,"[0.3585209611110644, 0.671407469606326]",1,9
19020,[0.40606658 0.64464323],19,45,"[0.4377614438459196, 0.655911915550708]",1,46
19021,[0.31267983 0.6609698 ],19,19,"[0.3585209611110644, 0.671407469606326]",1,12
19022,[0.27887969 0.67320576],19,8,"[0.26852263019242567, 0.6890353589332484]",1,17
19023,[0.44321546 0.73326888],19,47,"[0.4308417820697566, 0.7426361553548808]",1,-1
19024,[0.30992805 0.7068899 ],19,8,"[0.26852263019242567, 0.6890353589332484]",1,-1
19025,[0.34458977 0.77142992],19,12,"[0.3169063637449832, 0.8033325636066986]",1,-1
19026,[0.38960361 0.64609404],19,19,"[0.3585209611110644, 0.671407469606326]",1,-1
19027,[0.2818257  0.75734049],19,12,"[0.3169063637449832, 0.8033325636066986]",1,-1
19028,[0.36792829 0.66813934],19,19,"[0.3585209611110644, 0.671407469606326]",1,-1
19029,[0.40664892 0.74858212],19,47,"[0.4308417820697566, 0.7426361553548808]",1,-1
19030,[0.31706706 0.67821818],19,19,"[0.3585209611110644, 0.671407469606326]",1,12
19031,[0.31298703 0.67991794],19,8,"[0.26852263019242567, 0.6890353589332484]",1,12
19032,[0.38149834 0.73883805],19,47,"[0.4308417820697566, 0.7426361553548808]",1,-1
19033,[0.33482303 0.6988094 ],19,19,"[0.3585209611110644, 0.671407469606326]",1,-1
19034,[0.31691783 0.67335426],19,19,"[0.3585209611110644, 0.671407469606326]",1,12
19035,[0.32574331 0.75532665],19,12,"[0.3169063637449832, 0.8033325636066986]",1,-1
19036,[0.40950978 0.69136962],19,45,"[0.4377614438459196, 0.655911915550708]",1,-1
19037,[0.31724204 0.62601434],19,44,"[0.30505443145580996, 0.5938366826632161]",1,-1
19038,[0.28523132 0.71202814],19,8,"[0.26852263019242567, 0.6890353589332484]",1,-1
19039,[0.34402354 0.66927119],19,19,"[0.3585209611110644, 0.671407469606326]",1,-1
19040,[0.44388833 0.71568255],19,47,"[0.4308417820697566, 0.7426361553548808]",1,-1
19041,[0.33977299 0.64269251],19,19,"[0.3585209611110644, 0.671407469606326]",1,-1
19042,[0.34700189 0.74544881],19,12,"[0.3169063637449832, 0.8033325636066986]",1,-1
19043,[0.33368959 0.71136593],19,19,"[0.3585209611110644, 0.671407469606326]",1,-1
19044,[0.30035009 0.68839769],19,8,"[0.26852263019242567, 0.6890353589332484]",1,-1
19045,[0.43781861 0.67504199],19,45,"[0.4377614438459196, 0.655911915550708]",1,37
19046,[0.37643627 0.67493205],19,19,"[0.3585209611110644, 0.671407469606326]",1,-1
19047,[0.28375887 0.7370034 ],19,8,"[0.26852263019242567, 0.6890353589332484]",1,-1
19048,[0.33391434 0.56553861],19,44,"[0.30505443145580996, 0.5938366826632161]",1,-1
19049,[0.35083961 0.69518412],19,19,"[0.3585209611110644, 0.671407469606326]",1,-1
19050,[0.44403627 0.59637084],19,5,"[0.47989515498241786, 0.6212764114798471]",1,-1
19051,[0.32326821 0.6914079 ],19,19,"[0.3585209611110644, 0.671407469606326]",1,-1
19052,[0.4275225 0.8226598],19,-1,-1,1,-1
19053,[0.31486315 0.66687103],19,19,"[0.3585209611110644, 0.671407469606326]",1,12
19054,[0.32134855 0.63126777],19,44,"[0.30505443145580996, 0.5938366826632161]",1,-1
19055,[0.24563403 0.66413158],19,8,"[0.26852263019242567, 0.6890353589332484]",1,-1
19056,[0.28033776 0.82445037],19,12,"[0.3169063637449832, 0.8033325636066986]",1,-1
19057,[0.38297177 0.67332119],19,19,"[0.3585209611110644, 0.671407469606326]",1,-1
19058,[0.36360085 0.69045358],19,19,"[0.3585209611110644, 0.671407469606326]",1,-1
19059,[0.44118441 0.66075976],19,45,"[0.4377614438459196, 0.655911915550708]",1,-1
19060,[0.35895663 0.64489142],19,19,"[0.3585209611110644, 0.671407469606326]",1,-1
19061,[0.33078056 0.71254302],19,19,"[0.3585209611110644, 0.671407469606326]",1,-1
19062,[0.37779706 0.63935804],19,19,"[0.3585209611110644, 0.671407469606326]",1,-1
19063,[0.3488397  0.69330183],19,19,"[0.3585209611110644, 0.671407469606326]",1,-1
19064,[0.36550888 0.66309164],19,19,"[0.3585209611110644, 0.671407469606326]",1,-1
19065,[0.35478505 0.59159354],19,25,"[0.38660465276603295, 0.5871767558758164]",1,-1
19066,[0.37413644 0.59884334],19,25,"[0.38660465276603295, 0.5871767558758164]",1,-1
19067,[0.35602729 0.63981978],19,19,"[0.3585209611110644, 0.671407469606326]",1,-1
19068,[0.38177787 0.67263183],19,19,"[0.3585209611110644, 0.671407469606326]",1,-1
19069,[0.30273037 0.65036426],19,8,"[0.26852263019242567, 0.6890353589332484]",1,-1
19070,[0.41160545 0.62621356],19,45,"[0.4377614438459196, 0.655911915550708]",1,-1
19071,[0.2544551  0.74332784],19,24,"[0.2219823769694232, 0.7523883708842017]",1,-1
19072,[0.30993507 0.60987764],19,44,"[0.30505443145580996, 0.5938366826632161]",1,-1
19073,[0.33037217 0.68588409],19,19,"[0.3585209611110644, 0.671407469606326]",1,-1
19074,[0.37667911 0.7253348 ],19,47,"[0.4308417820697566, 0.7426361553548808]",1,-1
19075,[0.26361433 0.60557117],19,40,"[0.24325605379412626, 0.6063462149687255]",1,-1
19076,[0.37326077 0.6074646 ],19,25,"[0.38660465276603295, 0.5871767558758164]",1,-1
19077,[0.36307014 0.63585474],19,19,"[0.3585209611110644, 0.671407469606326]",1,-1
19078,[0.32076689 0.70611708],19,19,"[0.3585209611110644, 0.671407469606326]",1,-1
19079,[0.35967372 0.77171015],19,12,"[0.3169063637449832, 0.8033325636066986]",1,-1
19080,[0.39926136 0.71122169],19,47,"[0.4308417820697566, 0.7426361553548808]",1,-1
19081,[0.49632428 0.60489383],19,5,"[0.47989515498241786, 0.6212764114798471]",1,67
19082,[0.41022419 0.73462088],19,47,"[0.4308417820697566, 0.7426361553548808]",1,-1
19083,[0.35204871 0.74039482],19,19,"[0.3585209611110644, 0.671407469606326]",1,-1
19084,[0.31390205 0.76194881],19,12,"[0.3169063637449832, 0.8033325636066986]",1,-1
19085,[0.28702976 0.64749894],19,8,"[0.26852263019242567, 0.6890353589332484]",1,-1
19086,[0.25011473 0.67638598],19,8,"[0.26852263019242567, 0.6890353589332484]",1,-1
19087,[0.4447351  0.68795777],19,45,"[0.4377614438459196, 0.655911915550708]",1,-1
19088,[0.20562438 0.82442141],19,38,"[0.1833808871148498, 0.824806751753795]",1,-1
19089,[0.35778507 0.69711761],19,19,"[0.3585209611110644, 0.671407469606326]",1,-1
19090,[0.35958033 0.67634162],19,19,"[0.3585209611110644, 0.671407469606326]",1,-1
19091,[0.35599348 0.64124132],19,19,"[0.3585209611110644, 0.671407469606326]",1,9
19092,[0.38035118 0.66200606],19,19,"[0.3585209611110644, 0.671407469606326]",1,-1
19093,[0.37035624 0.66264389],19,19,"[0.3585209611110644, 0.671407469606326]",1,-1
19094,[0.37841775 0.72530644],19,47,"[0.4308417820697566, 0.7426361553548808]",1,-1
19095,[0.34021461 0.65468519],19,19,"[0.3585209611110644, 0.671407469606326]",1,-1
19096,[0.39921763 0.62183224],19,25,"[0.38660465276603295, 0.5871767558758164]",1,-1
19097,[0.23822234 0.62911831],19,40,"[0.24325605379412626, 0.6063462149687255]",1,11
19098,[0.28049126 0.70493291],19,8,"[0.26852263019242567, 0.6890353589332484]",1,-1
19099,[0.37205427 0.86073891],19,-1,-1,1,-1
19100,[0.36906495 0.65276711],19,19,"[0.3585209611110644, 0.671407469606326]",1,-1
19101,[0.33568462 0.70430899],19,19,"[0.3585209611110644, 0.671407469606326]",1,-1
19102,[0.28946487 0.62419433],19,44,"[0.30505443145580996, 0.5938366826632161]",1,-1
19103,[0.33281569 0.68056002],19,19,"[0.3585209611110644, 0.671407469606326]",1,-1
19104,[0.39734323 0.69980507],19,19,"[0.3585209611110644, 0.671407469606326]",1,-1
19105,[0.32018868 0.6815211 ],19,19,"[0.3585209611110644, 0.671407469606326]",1,12
19106,[0.28072454 0.6549016 ],19,8,"[0.26852263019242567, 0.6890353589332484]",1,-1
19107,[0.29883449 0.66056829],19,8,"[0.26852263019242567, 0.6890353589332484]",1,-1
19108,[0.30038341 0.69660719],19,8,"[0.26852263019242567, 0.6890353589332484]",1,-1
19109,[0.35074178 0.66517044],19,19,"[0.3585209611110644, 0.671407469606326]",1,-1
19110,[0.31710741 0.715565  ],19,8,"[0.26852263019242567, 0.6890353589332484]",1,-1
19111,[0.29729478 0.64673617],19,8,"[0.26852263019242567, 0.6890353589332484]",1,-1
19112,[0.33446894 0.82254375],19,12,"[0.3169063637449832, 0.8033325636066986]",1,-1
19113,[0.32751934 0.67919864],19,19,"[0.3585209611110644, 0.671407469606326]",1,-1
19114,[0.41442772 0.66211272],19,45,"[0.4377614438459196, 0.655911915550708]",1,-1
19115,[0.31755103 0.61448803],19,44,"[0.30505443145580996, 0.5938366826632161]",1,-1
19116,[0.23620926 0.71097966],19,8,"[0.26852263019242567, 0.6890353589332484]",1,-1
19117,[0.29207906 0.74837151],19,12,"[0.3169063637449832, 0.8033325636066986]",1,-1
19118,[0.28946819 0.66514289],19,8,"[0.26852263019242567, 0.6890353589332484]",1,-1
19119,[0.42481523 0.66892617],19,45,"[0.4377614438459196, 0.655911915550708]",1,-1
19120,[0.42172757 0.71081376],19,47,"[0.4308417820697566, 0.7426361553548808]",1,-1
19121,[0.46972786 0.71358312],19,47,"[0.4308417820697566, 0.7426361553548808]",1,-1
19122,[0.36716764 0.75808626],19,47,"[0.4308417820697566, 0.7426361553548808]",1,-1
19123,[0.38621932 0.63909151],19,19,"[0.3585209611110644, 0.671407469606326]",1,46
19124,[0.38225374 0.64166998],19,19,"[0.3585209611110644, 0.671407469606326]",1,-1
19125,[0.39101875 0.70534994],19,19,"[0.3585209611110644, 0.671407469606326]",1,-1
19126,[0.29933619 0.65196617],19,8,"[0.26852263019242567, 0.6890353589332484]",1,-1
19127,[0.30285883 0.63405386],19,44,"[0.30505443145580996, 0.5938366826632161]",1,-1
19128,[0.4040037  0.75625017],19,47,"[0.4308417820697566, 0.7426361553548808]",1,-1
19129,[0.37830752 0.74001322],19,47,"[0.4308417820697566, 0.7426361553548808]",1,-1
19130,[0.41262911 0.65727479],19,45,"[0.4377614438459196, 0.655911915550708]",1,46
19131,[0.32508127 0.70618456],19,19,"[0.3585209611110644, 0.671407469606326]",1,-1
19132,[0.38336118 0.67164024],19,19,"[0.3585209611110644, 0.671407469606326]",1,-1
19133,[0.282772   0.76128646],19,12,"[0.3169063637449832, 0.8033325636066986]",1,-1
19134,[0.39283958 0.67872772],19,19,"[0.3585209611110644, 0.671407469606326]",1,-1
19135,[0.35396837 0.7226719 ],19,19,"[0.3585209611110644, 0.671407469606326]",1,-1
19136,[0.33485212 0.64581033],19,19,"[0.3585209611110644, 0.671407469606326]",1,-1
19137,[0.3069775  0.73616187],19,8,"[0.26852263019242567, 0.6890353589332484]",1,-1
19138,[0.33856641 0.70474902],19,19,"[0.3585209611110644, 0.671407469606326]",1,-1
19139,[0.33939509 0.68817327],19,19,"[0.3585209611110644, 0.671407469606326]",1,-1
19140,[0.18191459 0.66163272],19,20,"[0.18632471116193938, 0.6470504651095214]",1,-1
19141,[0.34588473 0.68604434],19,19,"[0.3585209611110644, 0.671407469606326]",1,-1
19142,[0.33940882 0.68579758],19,19,"[0.3585209611110644, 0.671407469606326]",1,-1
19143,[0.3270685  0.72202851],19,19,"[0.3585209611110644, 0.671407469606326]",1,-1
19144,[0.35035376 0.67140578],19,19,"[0.3585209611110644, 0.671407469606326]",1,-1
19145,[0.32139116 0.67241118],19,19,"[0.3585209611110644, 0.671407469606326]",1,12
19146,[0.31202958 0.64315695],19,44,"[0.30505443145580996, 0.5938366826632161]",1,-1
19147,[0.33315157 0.68469238],19,19,"[0.3585209611110644, 0.671407469606326]",1,-1
19148,[0.33578498 0.69906615],19,19,"[0.3585209611110644, 0.671407469606326]",1,-1
19149,[0.41345861 0.70654177],19,47,"[0.4308417820697566, 0.7426361553548808]",1,-1
19150,[0.39196043 0.7232754 ],19,47,"[0.4308417820697566, 0.7426361553548808]",1,-1
19151,[0.40061632 0.68924214],19,19,"[0.3585209611110644, 0.671407469606326]",1,-1
19152,[0.37454939 0.67935946],19,19,"[0.3585209611110644, 0.671407469606326]",1,-1
19153,[0.3913599  0.69227141],19,19,"[0.3585209611110644, 0.671407469606326]",1,-1
19154,[0.37434349 0.62790291],19,25,"[0.38660465276603295, 0.5871767558758164]",1,-1
19155,[0.36435683 0.67242281],19,19,"[0.3585209611110644, 0.671407469606326]",1,-1
19156,[0.39773912 0.63115827],19,25,"[0.38660465276603295, 0.5871767558758164]",1,-1
19157,[0.28978117 0.67304432],19,8,"[0.26852263019242567, 0.6890353589332484]",1,17
19158,[0.35859137 0.68117996],19,19,"[0.3585209611110644, 0.671407469606326]",1,-1
19159,[0.40416991 0.63965458],19,45,"[0.4377614438459196, 0.655911915550708]",1,46
19160,[0.35099012 0.73926431],19,19,"[0.3585209611110644, 0.671407469606326]",1,-1
19161,[0.41591716 0.66361019],19,45,"[0.4377614438459196, 0.655911915550708]",1,-1
19162,[0.3179765  0.59332675],19,44,"[0.30505443145580996, 0.5938366826632161]",1,-1
19163,[0.33226707 0.74274156],19,12,"[0.3169063637449832, 0.8033325636066986]",1,-1
19164,[0.34026987 0.77001806],19,12,"[0.3169063637449832, 0.8033325636066986]",1,-1
19165,[0.26982667 0.70183111],19,8,"[0.26852263019242567, 0.6890353589332484]",1,-1
19166,[0.36381255 0.76734147],19,12,"[0.3169063637449832, 0.8033325636066986]",1,-1
19167,[0.35784569 0.65379236],19,19,"[0.3585209611110644, 0.671407469606326]",1,-1
19168,[0.29355627 0.78406332],19,12,"[0.3169063637449832, 0.8033325636066986]",1,-1
19169,[0.34658886 0.68207198],19,19,"[0.3585209611110644, 0.671407469606326]",1,-1
19170,[0.41663851 0.650829  ],19,45,"[0.4377614438459196, 0.655911915550708]",1,-1
19171,[0.38585445 0.64525871],19,19,"[0.3585209611110644, 0.671407469606326]",1,-1
19172,[0.29276071 0.77085862],19,12,"[0.3169063637449832, 0.8033325636066986]",1,-1
19173,[0.45623995 0.68804419],19,45,"[0.4377614438459196, 0.655911915550708]",1,-1
19174,[0.39010794 0.64252823],19,19,"[0.3585209611110644, 0.671407469606326]",1,-1
19175,[0.41892914 0.69938207],19,47,"[0.4308417820697566, 0.7426361553548808]",1,-1
19176,[0.31945997 0.72336729],19,8,"[0.26852263019242567, 0.6890353589332484]",1,-1
19177,[0.3361959 0.7092937],19,19,"[0.3585209611110644, 0.671407469606326]",1,-1
19178,[0.31552703 0.68574006],19,19,"[0.3585209611110644, 0.671407469606326]",1,12
19179,[0.36227565 0.70263653],19,19,"[0.3585209611110644, 0.671407469606326]",1,-1
19180,[0.28432596 0.71136063],19,8,"[0.26852263019242567, 0.6890353589332484]",1,-1
19181,[0.33216565 0.68048281],19,19,"[0.3585209611110644, 0.671407469606326]",1,-1
19182,[0.31503654 0.64141808],19,44,"[0.30505443145580996, 0.5938366826632161]",1,-1
19183,[0.41495294 0.64157855],19,45,"[0.4377614438459196, 0.655911915550708]",1,-1
19184,[0.40622895 0.63905658],19,45,"[0.4377614438459196, 0.655911915550708]",1,46
19185,[0.344337   0.65480801],19,19,"[0.3585209611110644, 0.671407469606326]",1,-1
19186,[0.26793836 0.61549139],19,40,"[0.24325605379412626, 0.6063462149687255]",1,-1
19187,[0.39161053 0.7338773 ],19,47,"[0.4308417820697566, 0.7426361553548808]",1,-1
19188,[0.40377286 0.67524349],19,45,"[0.4377614438459196, 0.655911915550708]",1,-1
19189,[0.36599042 0.60458646],19,25,"[0.38660465276603295, 0.5871767558758164]",1,-1
19190,[0.24074438 0.77162363],19,24,"[0.2219823769694232, 0.7523883708842017]",1,-1
19191,[0.35245849 0.67924318],19,19,"[0.3585209611110644, 0.671407469606326]",1,-1
19192,[0.42690133 0.73766201],19,47,"[0.4308417820697566, 0.7426361553548808]",1,-1
19193,[0.38804972 0.66379822],19,19,"[0.3585209611110644, 0.671407469606326]",1,-1
19194,[0.32002804 0.6999994 ],19,19,"[0.3585209611110644, 0.671407469606326]",1,-1
19195,[0.32967173 0.69392224],19,19,"[0.3585209611110644, 0.671407469606326]",1,-1
19196,[0.31871512 0.66426659],19,19,"[0.3585209611110644, 0.671407469606326]",1,12
19197,[0.36466488 0.77607041],19,12,"[0.3169063637449832, 0.8033325636066986]",1,-1
19198,[0.30631259 0.64766065],19,44,"[0.30505443145580996, 0.5938366826632161]",1,-1
19199,[0.32551863 0.61630396],19,44,"[0.30505443145580996, 0.5938366826632161]",1,-1
19200,[0.38692246 0.63757843],19,19,"[0.3585209611110644, 0.671407469606326]",1,46
19201,[0.36062238 0.7364807 ],19,19,"[0.3585209611110644, 0.671407469606326]",1,-1
19202,[0.31026013 0.73453652],19,8,"[0.26852263019242567, 0.6890353589332484]",1,-1
19203,[0.37858138 0.61793618],19,25,"[0.38660465276603295, 0.5871767558758164]",1,-1
19204,[0.26698679 0.73432202],19,8,"[0.26852263019242567, 0.6890353589332484]",1,-1
19205,[0.31829124 0.69984382],19,19,"[0.3585209611110644, 0.671407469606326]",1,-1
19206,[0.2914976  0.75473103],19,12,"[0.3169063637449832, 0.8033325636066986]",1,-1
19207,[0.37710105 0.75996549],19,47,"[0.4308417820697566, 0.7426361553548808]",1,-1
19208,[0.27553125 0.71877463],19,8,"[0.26852263019242567, 0.6890353589332484]",1,-1
19209,[0.28953802 0.6526117 ],19,8,"[0.26852263019242567, 0.6890353589332484]",1,-1
19210,[0.38022829 0.70318598],19,19,"[0.3585209611110644, 0.671407469606326]",1,-1
19211,[0.32204926 0.75991492],19,12,"[0.3169063637449832, 0.8033325636066986]",1,-1
19212,[0.28599109 0.69661105],19,8,"[0.26852263019242567, 0.6890353589332484]",1,18
19213,[0.42029387 0.62608445],19,45,"[0.4377614438459196, 0.655911915550708]",1,-1
19214,[0.40142878 0.61230219],19,25,"[0.38660465276603295, 0.5871767558758164]",1,-1
19215,[0.29567176 0.68963138],19,8,"[0.26852263019242567, 0.6890353589332484]",1,-1
19216,[0.295061   0.70015676],19,8,"[0.26852263019242567, 0.6890353589332484]",1,18
19217,[0.31061939 0.71301891],19,8,"[0.26852263019242567, 0.6890353589332484]",1,-1
19218,[0.31216818 0.68335828],19,8,"[0.26852263019242567, 0.6890353589332484]",1,-1
19219,[0.32611975 0.64718365],19,19,"[0.3585209611110644, 0.671407469606326]",1,-1
19220,[0.32983567 0.71633531],19,19,"[0.3585209611110644, 0.671407469606326]",1,-1
19221,[0.4559902  0.74711357],19,47,"[0.4308417820697566, 0.7426361553548808]",1,-1
19222,[0.42853561 0.68255385],19,45,"[0.4377614438459196, 0.655911915550708]",1,-1
19223,[0.4056681  0.71617969],19,47,"[0.4308417820697566, 0.7426361553548808]",1,-1
19224,[0.28045053 0.76017109],19,12,"[0.3169063637449832, 0.8033325636066986]",1,-1
19225,[0.28606183 0.68762534],19,8,"[0.26852263019242567, 0.6890353589332484]",1,-1
19226,[0.31194655 0.74678418],19,12,"[0.3169063637449832, 0.8033325636066986]",1,-1
19227,[0.27529265 0.65324035],19,8,"[0.26852263019242567, 0.6890353589332484]",1,-1
19228,[0.27673889 0.72513612],19,8,"[0.26852263019242567, 0.6890353589332484]",1,-1
19229,[0.35138756 0.68197139],19,19,"[0.3585209611110644, 0.671407469606326]",1,-1
19230,[0.38297796 0.63009922],19,25,"[0.38660465276603295, 0.5871767558758164]",1,-1
19231,[0.27618866 0.7285957 ],19,8,"[0.26852263019242567, 0.6890353589332484]",1,-1
19232,[0.36423254 0.69923501],19,19,"[0.3585209611110644, 0.671407469606326]",1,-1
19233,[0.34452553 0.65842885],19,19,"[0.3585209611110644, 0.671407469606326]",1,-1
19234,[0.39876549 0.76530002],19,47,"[0.4308417820697566, 0.7426361553548808]",1,-1
19235,[0.3663406  0.61987487],19,25,"[0.38660465276603295, 0.5871767558758164]",1,-1
19236,[0.35422582 0.74941932],19,12,"[0.3169063637449832, 0.8033325636066986]",1,-1
19237,[0.4260119  0.72608484],19,47,"[0.4308417820697566, 0.7426361553548808]",1,-1
19238,[0.35844353 0.63561709],19,19,"[0.3585209611110644, 0.671407469606326]",1,-1
19239,[0.30471534 0.7013655 ],19,8,"[0.26852263019242567, 0.6890353589332484]",1,-1
19240,[0.42814726 0.75696507],19,47,"[0.4308417820697566, 0.7426361553548808]",1,-1
19241,[0.36505742 0.68648509],19,19,"[0.3585209611110644, 0.671407469606326]",1,-1
19242,[0.46594265 0.73409001],19,47,"[0.4308417820697566, 0.7426361553548808]",1,-1
19243,[0.39512863 0.6669926 ],19,19,"[0.3585209611110644, 0.671407469606326]",1,-1
19244,[0.39888163 0.5916101 ],19,25,"[0.38660465276603295, 0.5871767558758164]",1,-1
19245,[0.39826861 0.67542674],19,19,"[0.3585209611110644, 0.671407469606326]",1,-1
19246,[0.35705879 0.61897983],19,25,"[0.38660465276603295, 0.5871767558758164]",1,-1
19247,[0.40264033 0.71938741],19,47,"[0.4308417820697566, 0.7426361553548808]",1,-1
19248,[0.26067857 0.69410704],19,8,"[0.26852263019242567, 0.6890353589332484]",1,-1
19249,[0.38004513 0.73733283],19,47,"[0.4308417820697566, 0.7426361553548808]",1,-1
19250,[0.36264695 0.64329752],19,19,"[0.3585209611110644, 0.671407469606326]",1,9
19251,[0.37638864 0.72524953],19,19,"[0.3585209611110644, 0.671407469606326]",1,-1
19252,[0.33713673 0.66237698],19,19,"[0.3585209611110644, 0.671407469606326]",1,-1
19253,[0.36961476 0.62997592],19,19,"[0.3585209611110644, 0.671407469606326]",1,-1
19254,[0.22184486 0.70228001],19,8,"[0.26852263019242567, 0.6890353589332484]",1,-1
19255,[0.37179503 0.68544744],19,19,"[0.3585209611110644, 0.671407469606326]",1,-1
19256,[0.38143769 0.71257713],19,19,"[0.3585209611110644, 0.671407469606326]",1,-1
19257,[0.3135121  0.63322032],19,44,"[0.30505443145580996, 0.5938366826632161]",1,-1
19258,[0.31543531 0.556455  ],19,44,"[0.30505443145580996, 0.5938366826632161]",1,-1
19259,[0.43104463 0.63135635],19,45,"[0.4377614438459196, 0.655911915550708]",1,-1
19260,[0.38857411 0.6703132 ],19,19,"[0.3585209611110644, 0.671407469606326]",1,-1
19261,[0.30760458 0.73504924],19,8,"[0.26852263019242567, 0.6890353589332484]",1,-1
19262,[0.38371337 0.68383615],19,19,"[0.3585209611110644, 0.671407469606326]",1,-1
19263,[0.377578   0.66791272],19,19,"[0.3585209611110644, 0.671407469606326]",1,-1
19264,[0.38139057 0.65757427],19,19,"[0.3585209611110644, 0.671407469606326]",1,-1
19265,[0.32909577 0.61569771],19,44,"[0.30505443145580996, 0.5938366826632161]",1,-1
19266,[0.33338209 0.71026212],19,19,"[0.3585209611110644, 0.671407469606326]",1,-1
19267,[0.25526554 0.72548737],19,8,"[0.26852263019242567, 0.6890353589332484]",1,19
19268,[0.36053546 0.69458878],19,19,"[0.3585209611110644, 0.671407469606326]",1,-1
19269,[0.37169341 0.69420778],19,19,"[0.3585209611110644, 0.671407469606326]",1,-1
19270,[0.38393493 0.70861861],19,19,"[0.3585209611110644, 0.671407469606326]",1,-1
19271,[0.39009429 0.71873162],19,47,"[0.4308417820697566, 0.7426361553548808]",1,-1
19272,[0.389148   0.63068067],19,25,"[0.38660465276603295, 0.5871767558758164]",1,46
19273,[0.3284995  0.63610373],19,19,"[0.3585209611110644, 0.671407469606326]",1,9
19274,[0.38207881 0.69291468],19,19,"[0.3585209611110644, 0.671407469606326]",1,-1
19275,[0.36353212 0.70350281],19,19,"[0.3585209611110644, 0.671407469606326]",1,-1
19276,[0.29139212 0.70788526],19,8,"[0.26852263019242567, 0.6890353589332484]",1,-1
19277,[0.24347882 0.64207531],19,40,"[0.24325605379412626, 0.6063462149687255]",1,-1
19278,[0.30585763 0.58472501],19,44,"[0.30505443145580996, 0.5938366826632161]",1,-1
19279,[0.48516034 0.63194847],19,5,"[0.47989515498241786, 0.6212764114798471]",1,-1
19280,[0.42050825 0.64818492],19,45,"[0.4377614438459196, 0.655911915550708]",1,-1
19281,[0.34997038 0.65701998],19,19,"[0.3585209611110644, 0.671407469606326]",1,9
19282,[0.4205876  0.69965437],19,47,"[0.4308417820697566, 0.7426361553548808]",1,-1
19283,[0.28601663 0.69918625],19,8,"[0.26852263019242567, 0.6890353589332484]",1,18
19284,[0.35828157 0.67325946],19,19,"[0.3585209611110644, 0.671407469606326]",1,-1
19285,[0.29075476 0.69896804],19,8,"[0.26852263019242567, 0.6890353589332484]",1,18
19286,[0.2892511  0.73163969],19,8,"[0.26852263019242567, 0.6890353589332484]",1,-1
19287,[0.33163766 0.65653038],19,19,"[0.3585209611110644, 0.671407469606326]",1,-1
19288,[0.3330786  0.71263165],19,19,"[0.3585209611110644, 0.671407469606326]",1,-1
19289,[0.45791989 0.70546151],19,47,"[0.4308417820697566, 0.7426361553548808]",1,-1
19290,[0.45552088 0.77143365],19,47,"[0.4308417820697566, 0.7426361553548808]",1,-1
19291,[0.39328358 0.61309098],19,25,"[0.38660465276603295, 0.5871767558758164]",1,-1
19292,[0.35937949 0.68458641],19,19,"[0.3585209611110644, 0.671407469606326]",1,-1
19293,[0.35233318 0.74926812],19,12,"[0.3169063637449832, 0.8033325636066986]",1,-1
19294,[0.39281897 0.74963409],19,47,"[0.4308417820697566, 0.7426361553548808]",1,-1
19295,[0.3910739 0.6789557],19,19,"[0.3585209611110644, 0.671407469606326]",1,-1
19296,[0.37827356 0.69817862],19,19,"[0.3585209611110644, 0.671407469606326]",1,-1
19297,[0.37456782 0.70537965],19,19,"[0.3585209611110644, 0.671407469606326]",1,-1
19298,[0.45912301 0.69166665],19,45,"[0.4377614438459196, 0.655911915550708]",1,-1
19299,[0.3855436  0.65117134],19,19,"[0.3585209611110644, 0.671407469606326]",1,-1
19300,[0.37010249 0.82032787],19,12,"[0.3169063637449832, 0.8033325636066986]",1,-1
19301,[0.31138912 0.66836504],19,19,"[0.3585209611110644, 0.671407469606326]",1,12
19302,[0.27187426 0.66155004],19,8,"[0.26852263019242567, 0.6890353589332484]",1,-1
19303,[0.3644014  0.62482923],19,25,"[0.38660465276603295, 0.5871767558758164]",1,-1
19304,[0.32011569 0.71984975],19,8,"[0.26852263019242567, 0.6890353589332484]",1,-1
19305,[0.32288637 0.72988953],19,8,"[0.26852263019242567, 0.6890353589332484]",1,-1
19306,[0.30249873 0.69308831],19,8,"[0.26852263019242567, 0.6890353589332484]",1,-1
19307,[0.30136601 0.67434152],19,8,"[0.26852263019242567, 0.6890353589332484]",1,17
19308,[0.43944717 0.63889362],19,45,"[0.4377614438459196, 0.655911915550708]",1,-1
19309,[0.31312968 0.75182182],19,12,"[0.3169063637449832, 0.8033325636066986]",1,-1
19310,[0.40667401 0.71913658],19,47,"[0.4308417820697566, 0.7426361553548808]",1,-1
19311,[0.2966888  0.63598062],19,44,"[0.30505443145580996, 0.5938366826632161]",1,-1
19312,[0.32053023 0.65262171],19,19,"[0.3585209611110644, 0.671407469606326]",1,-1
19313,[0.3258377  0.76953387],19,12,"[0.3169063637449832, 0.8033325636066986]",1,-1
19314,[0.39430398 0.63688748],19,45,"[0.4377614438459196, 0.655911915550708]",1,46
19315,[0.26246706 0.67784103],19,8,"[0.26852263019242567, 0.6890353589332484]",1,-1
19316,[0.40536051 0.62620271],19,25,"[0.38660465276603295, 0.5871767558758164]",1,-1
19317,[0.21673095 0.57142972],19,40,"[0.24325605379412626, 0.6063462149687255]",1,-1
19318,[0.29431314 0.71963405],19,8,"[0.26852263019242567, 0.6890353589332484]",1,-1
19319,[0.42983005 0.7444235 ],19,47,"[0.4308417820697566, 0.7426361553548808]",1,-1
19320,[0.42164588 0.72891028],19,47,"[0.4308417820697566, 0.7426361553548808]",1,-1
19321,[0.40285444 0.5762997 ],19,25,"[0.38660465276603295, 0.5871767558758164]",1,-1
19322,[0.34900752 0.70066261],19,19,"[0.3585209611110644, 0.671407469606326]",1,-1
19323,[0.31240557 0.56000853],19,44,"[0.30505443145580996, 0.5938366826632161]",1,-1
19324,[0.31102348 0.76382576],19,12,"[0.3169063637449832, 0.8033325636066986]",1,-1
19325,[0.4584691  0.62054148],19,5,"[0.47989515498241786, 0.6212764114798471]",1,60
19326,[0.2811807  0.67365299],19,8,"[0.26852263019242567, 0.6890353589332484]",1,17
19327,[0.4063924 0.6804396],19,45,"[0.4377614438459196, 0.655911915550708]",1,-1
19328,[0.24973256 0.71920629],19,8,"[0.26852263019242567, 0.6890353589332484]",1,-1
19329,[0.37425441 0.63609681],19,19,"[0.3585209611110644, 0.671407469606326]",1,-1
19330,[0.3483915  0.74618092],19,12,"[0.3169063637449832, 0.8033325636066986]",1,-1
19331,[0.28729278 0.67062442],19,8,"[0.26852263019242567, 0.6890353589332484]",1,17
19332,[0.40885453 0.67478352],19,45,"[0.4377614438459196, 0.655911915550708]",1,-1
19333,[0.39568887 0.68732686],19,19,"[0.3585209611110644, 0.671407469606326]",1,-1
19334,[0.24320972 0.70767171],19,8,"[0.26852263019242567, 0.6890353589332484]",1,-1
19335,[0.4023833  0.68317651],19,45,"[0.4377614438459196, 0.655911915550708]",1,-1
19336,[0.22719821 0.67419579],19,8,"[0.26852263019242567, 0.6890353589332484]",1,-1
19337,[0.30837182 0.66628243],19,8,"[0.26852263019242567, 0.6890353589332484]",1,-1
19338,[0.3307668  0.69070298],19,19,"[0.3585209611110644, 0.671407469606326]",1,-1
19339,[0.27007001 0.75518861],19,24,"[0.2219823769694232, 0.7523883708842017]",1,-1
19340,[0.37618703 0.78904244],19,12,"[0.3169063637449832, 0.8033325636066986]",1,-1
19341,[0.28628606 0.72234302],19,8,"[0.26852263019242567, 0.6890353589332484]",1,-1
19342,[0.31699488 0.70688037],19,8,"[0.26852263019242567, 0.6890353589332484]",1,-1
19343,[0.33332027 0.66564649],19,19,"[0.3585209611110644, 0.671407469606326]",1,12
19344,[0.337219   0.65375582],19,19,"[0.3585209611110644, 0.671407469606326]",1,-1
19345,[0.28793526 0.66480121],19,8,"[0.26852263019242567, 0.6890353589332484]",1,-1
19346,[0.46114559 0.6655179 ],19,45,"[0.4377614438459196, 0.655911915550708]",1,-1
19347,[0.28424444 0.72606311],19,8,"[0.26852263019242567, 0.6890353589332484]",1,-1
19348,[0.29802623 0.71517639],19,8,"[0.26852263019242567, 0.6890353589332484]",1,-1
19349,[0.40361216 0.59521568],19,25,"[0.38660465276603295, 0.5871767558758164]",1,51
19350,[0.25698575 0.63636073],19,40,"[0.24325605379412626, 0.6063462149687255]",1,-1
19351,[0.29806232 0.67764858],19,8,"[0.26852263019242567, 0.6890353589332484]",1,-1
19352,[0.31951424 0.67837365],19,19,"[0.3585209611110644, 0.671407469606326]",1,12
19353,[0.33343506 0.66316764],19,19,"[0.3585209611110644, 0.671407469606326]",1,-1
19354,[0.37762215 0.70716879],19,19,"[0.3585209611110644, 0.671407469606326]",1,-1
19355,[0.41527786 0.67359048],19,45,"[0.4377614438459196, 0.655911915550708]",1,-1
19356,[0.43313583 0.6537558 ],19,45,"[0.4377614438459196, 0.655911915550708]",1,-1
19357,[0.33605207 0.67911931],19,19,"[0.3585209611110644, 0.671407469606326]",1,-1
19358,[0.36075734 0.7410484 ],19,19,"[0.3585209611110644, 0.671407469606326]",1,-1
19359,[0.34590155 0.77477756],19,12,"[0.3169063637449832, 0.8033325636066986]",1,-1
19360,[0.30653594 0.81353511],19,12,"[0.3169063637449832, 0.8033325636066986]",1,-1
19361,[0.24373655 0.70734254],19,8,"[0.26852263019242567, 0.6890353589332484]",1,-1
19362,[0.33650311 0.72663091],19,19,"[0.3585209611110644, 0.671407469606326]",1,-1
19363,[0.33639822 0.66303102],19,19,"[0.3585209611110644, 0.671407469606326]",1,-1
19364,[0.37901835 0.67968605],19,19,"[0.3585209611110644, 0.671407469606326]",1,-1
19365,[0.37069699 0.64078125],19,19,"[0.3585209611110644, 0.671407469606326]",1,-1
19366,[0.4147344  0.65016266],19,45,"[0.4377614438459196, 0.655911915550708]",1,46
19367,[0.32654552 0.73363258],19,19,"[0.3585209611110644, 0.671407469606326]",1,-1
19368,[0.37064304 0.68958319],19,19,"[0.3585209611110644, 0.671407469606326]",1,-1
19369,[0.28976105 0.72550104],19,8,"[0.26852263019242567, 0.6890353589332484]",1,-1
19370,[0.37247464 0.64113323],19,19,"[0.3585209611110644, 0.671407469606326]",1,-1
19371,[0.35810725 0.64916291],19,19,"[0.3585209611110644, 0.671407469606326]",1,-1
19372,[0.40401911 0.6236861 ],19,25,"[0.38660465276603295, 0.5871767558758164]",1,-1
19373,[0.29058217 0.73513511],19,8,"[0.26852263019242567, 0.6890353589332484]",1,-1
19374,[0.45280697 0.72026236],19,47,"[0.4308417820697566, 0.7426361553548808]",1,-1
19375,[0.33575078 0.6792818 ],19,19,"[0.3585209611110644, 0.671407469606326]",1,-1
19376,[0.2737569  0.70386927],19,8,"[0.26852263019242567, 0.6890353589332484]",1,-1
19377,[0.25988886 0.77034929],19,24,"[0.2219823769694232, 0.7523883708842017]",1,-1
19378,[0.33709211 0.75369787],19,12,"[0.3169063637449832, 0.8033325636066986]",1,-1
19379,[0.40289431 0.73553624],19,47,"[0.4308417820697566, 0.7426361553548808]",1,-1
19380,[0.41886581 0.68527513],19,45,"[0.4377614438459196, 0.655911915550708]",1,-1
19381,[0.384226   0.69278317],19,19,"[0.3585209611110644, 0.671407469606326]",1,-1
19382,[0.38941355 0.663065  ],19,19,"[0.3585209611110644, 0.671407469606326]",1,-1
19383,[0.36774183 0.64514385],19,19,"[0.3585209611110644, 0.671407469606326]",1,-1
19384,[0.30074206 0.64850519],19,8,"[0.26852263019242567, 0.6890353589332484]",1,-1
19385,[0.3166779  0.71917945],19,8,"[0.26852263019242567, 0.6890353589332484]",1,-1
19386,[0.40717743 0.71358512],19,47,"[0.4308417820697566, 0.7426361553548808]",1,-1
19387,[0.3228039  0.68145369],19,19,"[0.3585209611110644, 0.671407469606326]",1,12
19388,[0.31246694 0.53571863],19,44,"[0.30505443145580996, 0.5938366826632161]",1,-1
19389,[0.3214475  0.72377004],19,8,"[0.26852263019242567, 0.6890353589332484]",1,-1
19390,[0.41493861 0.64642504],19,45,"[0.4377614438459196, 0.655911915550708]",1,46
19391,[0.3407524  0.79289435],19,12,"[0.3169063637449832, 0.8033325636066986]",1,-1
19392,[0.33898265 0.67751268],19,19,"[0.3585209611110644, 0.671407469606326]",1,-1
19393,[0.43992237 0.72360512],19,47,"[0.4308417820697566, 0.7426361553548808]",1,-1
19394,[0.33863916 0.73722232],19,19,"[0.3585209611110644, 0.671407469606326]",1,-1
19395,[0.31396735 0.73688409],19,8,"[0.26852263019242567, 0.6890353589332484]",1,-1
19396,[0.40358054 0.72147326],19,47,"[0.4308417820697566, 0.7426361553548808]",1,-1
19397,[0.32499704 0.62905696],19,44,"[0.30505443145580996, 0.5938366826632161]",1,9
19398,[0.36406942 0.7112577 ],19,19,"[0.3585209611110644, 0.671407469606326]",1,-1
19399,[0.36728401 0.76022899],19,47,"[0.4308417820697566, 0.7426361553548808]",1,-1
19400,[0.38223599 0.72969962],19,47,"[0.4308417820697566, 0.7426361553548808]",1,-1
19401,[0.32083713 0.75150218],19,12,"[0.3169063637449832, 0.8033325636066986]",1,-1
19402,[0.39506421 0.60687179],19,25,"[0.38660465276603295, 0.5871767558758164]",1,51
19403,[0.32644784 0.70474975],19,19,"[0.3585209611110644, 0.671407469606326]",1,-1
19404,[0.37458632 0.69673536],19,19,"[0.3585209611110644, 0.671407469606326]",1,-1
19405,[0.35750241 0.68509615],19,19,"[0.3585209611110644, 0.671407469606326]",1,-1
19406,[0.39937207 0.68312694],19,19,"[0.3585209611110644, 0.671407469606326]",1,-1
19407,[0.3281333 0.7526307],19,12,"[0.3169063637449832, 0.8033325636066986]",1,-1
19408,[0.2834688  0.76093889],19,12,"[0.3169063637449832, 0.8033325636066986]",1,-1
19409,[0.32765604 0.6941787 ],19,19,"[0.3585209611110644, 0.671407469606326]",1,-1
19410,[0.34896892 0.79283259],19,12,"[0.3169063637449832, 0.8033325636066986]",1,-1
19411,[0.35606863 0.75299546],19,12,"[0.3169063637449832, 0.8033325636066986]",1,-1
19412,[0.38285736 0.70507281],19,19,"[0.3585209611110644, 0.671407469606326]",1,-1
19413,[0.38386289 0.75174404],19,47,"[0.4308417820697566, 0.7426361553548808]",1,-1
19414,[0.35077261 0.72425349],19,19,"[0.3585209611110644, 0.671407469606326]",1,-1
19415,[0.34819244 0.54434376],19,25,"[0.38660465276603295, 0.5871767558758164]",1,-1
19416,[0.36757463 0.58749329],19,25,"[0.38660465276603295, 0.5871767558758164]",1,-1
19417,[0.32048194 0.68577241],19,19,"[0.3585209611110644, 0.671407469606326]",1,12
19418,[0.25056798 0.64711706],19,40,"[0.24325605379412626, 0.6063462149687255]",1,-1
19419,[0.38369148 0.69682735],19,19,"[0.3585209611110644, 0.671407469606326]",1,-1
19420,[0.31004944 0.65725852],19,19,"[0.3585209611110644, 0.671407469606326]",1,-1
19421,[0.40502792 0.64652566],19,45,"[0.4377614438459196, 0.655911915550708]",1,46
19422,[0.24294393 0.71352776],19,8,"[0.26852263019242567, 0.6890353589332484]",1,-1
19423,[0.36155188 0.76747279],19,12,"[0.3169063637449832, 0.8033325636066986]",1,-1
19424,[0.33828284 0.6857074 ],19,19,"[0.3585209611110644, 0.671407469606326]",1,-1
19425,[0.3366914  0.66394614],19,19,"[0.3585209611110644, 0.671407469606326]",1,-1
19426,[0.35823851 0.67728475],19,19,"[0.3585209611110644, 0.671407469606326]",1,-1
19427,[0.39895666 0.81401086],19,-1,-1,1,-1
19428,[0.36327584 0.69345955],19,19,"[0.3585209611110644, 0.671407469606326]",1,-1
19429,[0.35541412 0.64695691],19,19,"[0.3585209611110644, 0.671407469606326]",1,9
19430,[0.38398126 0.67863393],19,19,"[0.3585209611110644, 0.671407469606326]",1,-1
19431,[0.32211981 0.66090482],19,19,"[0.3585209611110644, 0.671407469606326]",1,-1
19432,[0.37920932 0.72815483],19,47,"[0.4308417820697566, 0.7426361553548808]",1,-1
19433,[0.29927906 0.80218753],19,12,"[0.3169063637449832, 0.8033325636066986]",1,-1
19434,[0.4121571  0.73089773],19,47,"[0.4308417820697566, 0.7426361553548808]",1,-1
19435,[0.27916925 0.67970641],19,8,"[0.26852263019242567, 0.6890353589332484]",1,-1
19436,[0.3835754  0.62224176],19,25,"[0.38660465276603295, 0.5871767558758164]",1,-1
19437,[0.37200142 0.68516808],19,19,"[0.3585209611110644, 0.671407469606326]",1,-1
19438,[0.35072603 0.71645019],19,19,"[0.3585209611110644, 0.671407469606326]",1,-1
19439,[0.22349053 0.74213796],19,24,"[0.2219823769694232, 0.7523883708842017]",1,14
19440,[0.34788708 0.73258218],19,19,"[0.3585209611110644, 0.671407469606326]",1,-1
19441,[0.34344058 0.78872475],19,12,"[0.3169063637449832, 0.8033325636066986]",1,-1
19442,[0.4034757  0.78104803],19,47,"[0.4308417820697566, 0.7426361553548808]",1,-1
19443,[0.35699235 0.69409181],19,19,"[0.3585209611110644, 0.671407469606326]",1,-1
19444,[0.3447274  0.62575027],19,19,"[0.3585209611110644, 0.671407469606326]",1,-1
19445,[0.34164754 0.64041057],19,19,"[0.3585209611110644, 0.671407469606326]",1,-1
19446,[0.38742602 0.67945004],19,19,"[0.3585209611110644, 0.671407469606326]",1,-1
19447,[0.44605817 0.71578706],19,47,"[0.4308417820697566, 0.7426361553548808]",1,-1
19448,[0.38933536 0.6458269 ],19,19,"[0.3585209611110644, 0.671407469606326]",1,-1
19449,[0.37782352 0.62947659],19,25,"[0.38660465276603295, 0.5871767558758164]",1,-1
19450,[0.30837588 0.775767  ],19,12,"[0.3169063637449832, 0.8033325636066986]",1,-1
19451,[0.36043837 0.71778214],19,19,"[0.3585209611110644, 0.671407469606326]",1,-1
19452,[0.35418464 0.66176204],19,19,"[0.3585209611110644, 0.671407469606326]",1,9
19453,[0.34114868 0.63712262],19,19,"[0.3585209611110644, 0.671407469606326]",1,-1
19454,[0.32801029 0.7377528 ],19,12,"[0.3169063637449832, 0.8033325636066986]",1,-1
19455,[0.37235312 0.69190064],19,19,"[0.3585209611110644, 0.671407469606326]",1,-1
19456,[0.33055224 0.59453324],19,44,"[0.30505443145580996, 0.5938366826632161]",1,-1
19457,[0.39164522 0.77600999],19,47,"[0.4308417820697566, 0.7426361553548808]",1,-1
19458,[0.31481958 0.68639816],19,19,"[0.3585209611110644, 0.671407469606326]",1,-1
19459,[0.39304716 0.70407558],19,19,"[0.3585209611110644, 0.671407469606326]",1,-1
19460,[0.37484194 0.67337366],19,19,"[0.3585209611110644, 0.671407469606326]",1,-1
19461,[0.39263048 0.62345531],19,25,"[0.38660465276603295, 0.5871767558758164]",1,-1
19462,[0.42817865 0.6406312 ],19,45,"[0.4377614438459196, 0.655911915550708]",1,-1
19463,[0.31677891 0.66754944],19,19,"[0.3585209611110644, 0.671407469606326]",1,12
19464,[0.37021792 0.69494947],19,19,"[0.3585209611110644, 0.671407469606326]",1,-1
19465,[0.27406591 0.60231095],19,40,"[0.24325605379412626, 0.6063462149687255]",1,-1
19466,[0.41268671 0.68012348],19,45,"[0.4377614438459196, 0.655911915550708]",1,-1
19467,[0.42842653 0.69876743],19,45,"[0.4377614438459196, 0.655911915550708]",1,-1
19468,[0.36291288 0.74452131],19,47,"[0.4308417820697566, 0.7426361553548808]",1,-1
19469,[0.34319592 0.69119664],19,19,"[0.3585209611110644, 0.671407469606326]",1,-1
19470,[0.33673339 0.70266527],19,19,"[0.3585209611110644, 0.671407469606326]",1,-1
19471,[0.3271557  0.67251387],19,19,"[0.3585209611110644, 0.671407469606326]",1,-1
19472,[0.31371492 0.6322102 ],19,44,"[0.30505443145580996, 0.5938366826632161]",1,-1
19473,[0.26481768 0.64748085],19,8,"[0.26852263019242567, 0.6890353589332484]",1,16
19474,[0.28672322 0.75603326],19,12,"[0.3169063637449832, 0.8033325636066986]",1,-1
19475,[0.32789005 0.69081833],19,19,"[0.3585209611110644, 0.671407469606326]",1,-1
19476,[0.29410973 0.66279221],19,8,"[0.26852263019242567, 0.6890353589332484]",1,-1
19477,[0.3642955  0.64589252],19,19,"[0.3585209611110644, 0.671407469606326]",1,-1
19478,[0.33554158 0.7392438 ],19,12,"[0.3169063637449832, 0.8033325636066986]",1,-1
19479,[0.34612414 0.73416774],19,19,"[0.3585209611110644, 0.671407469606326]",1,-1
19480,[0.34366491 0.63995341],19,19,"[0.3585209611110644, 0.671407469606326]",1,9
19481,[0.4697851  0.68795183],19,45,"[0.4377614438459196, 0.655911915550708]",1,-1
19482,[0.28445496 0.57311086],19,44,"[0.30505443145580996, 0.5938366826632161]",1,-1
19483,[0.28315706 0.73784825],19,8,"[0.26852263019242567, 0.6890353589332484]",1,-1
19484,[0.37357062 0.64863415],19,19,"[0.3585209611110644, 0.671407469606326]",1,-1
19485,[0.35325746 0.599849  ],19,25,"[0.38660465276603295, 0.5871767558758164]",1,-1
19486,[0.43437674 0.75073811],19,47,"[0.4308417820697566, 0.7426361553548808]",1,-1
19487,[0.31611713 0.65002469],19,19,"[0.3585209611110644, 0.671407469606326]",1,-1
19488,[0.33789531 0.75588023],19,12,"[0.3169063637449832, 0.8033325636066986]",1,-1
19489,[0.35704745 0.63263933],19,19,"[0.3585209611110644, 0.671407469606326]",1,-1
19490,[0.3011347  0.59469501],19,44,"[0.30505443145580996, 0.5938366826632161]",1,-1
19491,[0.34404891 0.63790639],19,19,"[0.3585209611110644, 0.671407469606326]",1,-1
19492,[0.2252905  0.63187815],19,40,"[0.24325605379412626, 0.6063462149687255]",1,-1
19493,[0.33462038 0.63860968],19,19,"[0.3585209611110644, 0.671407469606326]",1,9
19494,[0.4375571  0.64631544],19,45,"[0.4377614438459196, 0.655911915550708]",1,-1
19495,[0.29208725 0.71581567],19,8,"[0.26852263019242567, 0.6890353589332484]",1,-1
19496,[0.3713152  0.63059826],19,19,"[0.3585209611110644, 0.671407469606326]",1,-1
19497,[0.36160649 0.70911406],19,19,"[0.3585209611110644, 0.671407469606326]",1,-1
19498,[0.31239911 0.8728637 ],19,12,"[0.3169063637449832, 0.8033325636066986]",1,-1
19499,[0.34708151 0.66383397],19,19,"[0.3585209611110644, 0.671407469606326]",1,-1
19500,[0.35520359 0.69571059],19,19,"[0.3585209611110644, 0.671407469606326]",1,-1
19501,[0.28604809 0.58055625],19,44,"[0.30505443145580996, 0.5938366826632161]",1,-1
19502,[0.3278617  0.63096162],19,44,"[0.30505443145580996, 0.5938366826632161]",1,9
19503,[0.30610637 0.68586976],19,8,"[0.26852263019242567, 0.6890353589332484]",1,-1
19504,[0.3149977  0.68131237],19,19,"[0.3585209611110644, 0.671407469606326]",1,12
19505,[0.33281003 0.65518351],19,19,"[0.3585209611110644, 0.671407469606326]",1,-1
19506,[0.4184481 0.6874998],19,45,"[0.4377614438459196, 0.655911915550708]",1,-1
19507,[0.27048038 0.69326542],19,8,"[0.26852263019242567, 0.6890353589332484]",1,-1
19508,[0.3559168  0.66727852],19,19,"[0.3585209611110644, 0.671407469606326]",1,-1
19509,[0.39183702 0.75795864],19,47,"[0.4308417820697566, 0.7426361553548808]",1,-1
19510,[0.39567775 0.598986  ],19,25,"[0.38660465276603295, 0.5871767558758164]",1,-1
19511,[0.41655273 0.72942453],19,47,"[0.4308417820697566, 0.7426361553548808]",1,-1
19512,[0.34159328 0.71014166],19,19,"[0.3585209611110644, 0.671407469606326]",1,-1
19513,[0.2955881  0.74383183],19,8,"[0.26852263019242567, 0.6890353589332484]",1,-1
19514,[0.39430688 0.68358576],19,19,"[0.3585209611110644, 0.671407469606326]",1,-1
19515,[0.30897798 0.72065452],19,8,"[0.26852263019242567, 0.6890353589332484]",1,-1
19516,[0.34950178 0.61437535],19,25,"[0.38660465276603295, 0.5871767558758164]",1,-1
19517,[0.25279946 0.65199831],19,8,"[0.26852263019242567, 0.6890353589332484]",1,-1
19518,[0.36660198 0.64741086],19,19,"[0.3585209611110644, 0.671407469606326]",1,-1
19519,[0.32332881 0.63202331],19,44,"[0.30505443145580996, 0.5938366826632161]",1,9
19520,[0.34824692 0.71784677],19,19,"[0.3585209611110644, 0.671407469606326]",1,-1
19521,[0.3169075  0.71809579],19,8,"[0.26852263019242567, 0.6890353589332484]",1,-1
19522,[0.39809661 0.69595777],19,19,"[0.3585209611110644, 0.671407469606326]",1,-1
19523,[0.29208581 0.73270773],19,8,"[0.26852263019242567, 0.6890353589332484]",1,-1
19524,[0.33009463 0.65650142],19,19,"[0.3585209611110644, 0.671407469606326]",1,-1
19525,[0.33598063 0.74339476],19,12,"[0.3169063637449832, 0.8033325636066986]",1,-1
19526,[0.34025563 0.67055168],19,19,"[0.3585209611110644, 0.671407469606326]",1,-1
19527,[0.30590127 0.64493924],19,44,"[0.30505443145580996, 0.5938366826632161]",1,-1
19528,[0.33139845 0.63653744],19,19,"[0.3585209611110644, 0.671407469606326]",1,9
19529,[0.40621564 0.67953437],19,45,"[0.4377614438459196, 0.655911915550708]",1,-1
19530,[0.29686776 0.68736498],19,8,"[0.26852263019242567, 0.6890353589332484]",1,-1
19531,[0.30164151 0.64877555],19,8,"[0.26852263019242567, 0.6890353589332484]",1,-1
19532,[0.39773011 0.68330192],19,19,"[0.3585209611110644, 0.671407469606326]",1,-1
19533,[0.33109715 0.65744849],19,19,"[0.3585209611110644, 0.671407469606326]",1,-1
19534,[0.4560812  0.72715295],19,47,"[0.4308417820697566, 0.7426361553548808]",1,-1
19535,[0.36056792 0.7410374 ],19,19,"[0.3585209611110644, 0.671407469606326]",1,-1
19536,[0.29638078 0.74138549],19,8,"[0.26852263019242567, 0.6890353589332484]",1,-1
19537,[0.26474675 0.68311951],19,8,"[0.26852263019242567, 0.6890353589332484]",1,-1
19538,[0.32753882 0.7454239 ],19,12,"[0.3169063637449832, 0.8033325636066986]",1,-1
19539,[0.35910551 0.66101286],19,19,"[0.3585209611110644, 0.671407469606326]",1,9
19540,[0.41518605 0.60447982],19,25,"[0.38660465276603295, 0.5871767558758164]",1,-1
19541,[0.38771264 0.6942329 ],19,19,"[0.3585209611110644, 0.671407469606326]",1,-1
19542,[0.3888289  0.63263429],19,25,"[0.38660465276603295, 0.5871767558758164]",1,46
19543,[0.32164859 0.68524584],19,19,"[0.3585209611110644, 0.671407469606326]",1,12
19544,[0.31541611 0.65291531],19,19,"[0.3585209611110644, 0.671407469606326]",1,-1
19545,[0.3668994 0.7789798],19,12,"[0.3169063637449832, 0.8033325636066986]",1,-1
19546,[0.35993578 0.740251  ],19,19,"[0.3585209611110644, 0.671407469606326]",1,-1
19547,[0.19541564 0.7484577 ],19,24,"[0.2219823769694232, 0.7523883708842017]",1,-1
19548,[0.27795257 0.71642204],19,8,"[0.26852263019242567, 0.6890353589332484]",1,18
19549,[0.19275047 0.72962278],19,24,"[0.2219823769694232, 0.7523883708842017]",1,-1
19550,[0.41075625 0.69971973],19,47,"[0.4308417820697566, 0.7426361553548808]",1,-1
19551,[0.37465913 0.73553867],19,47,"[0.4308417820697566, 0.7426361553548808]",1,-1
19552,[0.33504131 0.64399834],19,19,"[0.3585209611110644, 0.671407469606326]",1,-1
19553,[0.35157412 0.69320511],19,19,"[0.3585209611110644, 0.671407469606326]",1,-1
19554,[0.30284272 0.63232951],19,44,"[0.30505443145580996, 0.5938366826632161]",1,-1
19555,[0.40974981 0.68230178],19,45,"[0.4377614438459196, 0.655911915550708]",1,-1
19556,[0.23889587 0.72895359],19,24,"[0.2219823769694232, 0.7523883708842017]",1,-1
19557,[0.31319151 0.71447162],19,8,"[0.26852263019242567, 0.6890353589332484]",1,-1
19558,[0.30381499 0.6403072 ],19,44,"[0.30505443145580996, 0.5938366826632161]",1,-1
19559,[0.30279602 0.62245095],19,44,"[0.30505443145580996, 0.5938366826632161]",1,-1
19560,[0.35251771 0.64264023],19,19,"[0.3585209611110644, 0.671407469606326]",1,9
19561,[0.39431128 0.74310078],19,47,"[0.4308417820697566, 0.7426361553548808]",1,-1
19562,[0.34802425 0.7331849 ],19,19,"[0.3585209611110644, 0.671407469606326]",1,-1
19563,[0.32682314 0.7381218 ],19,12,"[0.3169063637449832, 0.8033325636066986]",1,-1
19564,[0.38632036 0.75488282],19,47,"[0.4308417820697566, 0.7426361553548808]",1,-1
19565,[0.38280421 0.6266851 ],19,25,"[0.38660465276603295, 0.5871767558758164]",1,-1
19566,[0.44219049 0.69858455],19,45,"[0.4377614438459196, 0.655911915550708]",1,-1
19567,[0.35066063 0.62801873],19,19,"[0.3585209611110644, 0.671407469606326]",1,-1
19568,[0.40737084 0.69535738],19,45,"[0.4377614438459196, 0.655911915550708]",1,-1
19569,[0.35227479 0.71114658],19,19,"[0.3585209611110644, 0.671407469606326]",1,-1
19570,[0.26867949 0.6714831 ],19,8,"[0.26852263019242567, 0.6890353589332484]",1,17
19571,[0.31654738 0.74821549],19,12,"[0.3169063637449832, 0.8033325636066986]",1,-1
19572,[0.27723697 0.7031454 ],19,8,"[0.26852263019242567, 0.6890353589332484]",1,18
19573,[0.28508007 0.65447575],19,8,"[0.26852263019242567, 0.6890353589332484]",1,-1
19574,[0.35050593 0.70109631],19,19,"[0.3585209611110644, 0.671407469606326]",1,-1
19575,[0.40528087 0.7436859 ],19,47,"[0.4308417820697566, 0.7426361553548808]",1,-1
19576,[0.32090678 0.64052954],19,19,"[0.3585209611110644, 0.671407469606326]",1,-1
19577,[0.43174365 0.5908299 ],19,25,"[0.38660465276603295, 0.5871767558758164]",1,-1
19578,[0.29427332 0.65778699],19,8,"[0.26852263019242567, 0.6890353589332484]",1,-1
19579,[0.42847776 0.62694023],19,45,"[0.4377614438459196, 0.655911915550708]",1,-1
19580,[0.41549526 0.64880771],19,45,"[0.4377614438459196, 0.655911915550708]",1,46
19581,[0.39334538 0.60275833],19,25,"[0.38660465276603295, 0.5871767558758164]",1,-1
19582,[0.3883737  0.77432269],19,47,"[0.4308417820697566, 0.7426361553548808]",1,-1
19583,[0.34008814 0.6777355 ],19,19,"[0.3585209611110644, 0.671407469606326]",1,-1
19584,[0.39361803 0.66476144],19,19,"[0.3585209611110644, 0.671407469606326]",1,-1
19585,[0.34895301 0.58079385],19,25,"[0.38660465276603295, 0.5871767558758164]",1,-1
19586,[0.34204532 0.62633804],19,19,"[0.3585209611110644, 0.671407469606326]",1,-1
19587,[0.43965248 0.73641499],19,47,"[0.4308417820697566, 0.7426361553548808]",1,-1
19588,[0.37270819 0.6470625 ],19,19,"[0.3585209611110644, 0.671407469606326]",1,-1
19589,[0.385879   0.63316251],19,25,"[0.38660465276603295, 0.5871767558758164]",1,-1
19590,[0.30922334 0.70281784],19,8,"[0.26852263019242567, 0.6890353589332484]",1,-1
19591,[0.42015884 0.70176051],19,47,"[0.4308417820697566, 0.7426361553548808]",1,-1
19592,[0.33748478 0.68895619],19,19,"[0.3585209611110644, 0.671407469606326]",1,-1
19593,[0.37052326 0.62801083],19,25,"[0.38660465276603295, 0.5871767558758164]",1,-1
19594,[0.38267769 0.64264244],19,19,"[0.3585209611110644, 0.671407469606326]",1,-1
19595,[0.34032424 0.71625541],19,19,"[0.3585209611110644, 0.671407469606326]",1,-1
19596,[0.42375164 0.63441199],19,45,"[0.4377614438459196, 0.655911915550708]",1,-1
19597,[0.35160386 0.66066632],19,19,"[0.3585209611110644, 0.671407469606326]",1,9
19598,[0.34879465 0.70112647],19,19,"[0.3585209611110644, 0.671407469606326]",1,-1
19599,[0.33283393 0.67550283],19,19,"[0.3585209611110644, 0.671407469606326]",1,-1
19600,[0.33672679 0.68950413],19,19,"[0.3585209611110644, 0.671407469606326]",1,-1
19601,[0.46441586 0.72079635],19,47,"[0.4308417820697566, 0.7426361553548808]",1,-1
19602,[0.35530054 0.60643249],19,25,"[0.38660465276603295, 0.5871767558758164]",1,-1
19603,[0.33295577 0.70912486],19,19,"[0.3585209611110644, 0.671407469606326]",1,-1
19604,[0.32430452 0.66615679],19,19,"[0.3585209611110644, 0.671407469606326]",1,12
19605,[0.35941123 0.6420198 ],19,19,"[0.3585209611110644, 0.671407469606326]",1,-1
19606,[0.32973848 0.62216932],19,44,"[0.30505443145580996, 0.5938366826632161]",1,-1
19607,[0.35371668 0.72244745],19,19,"[0.3585209611110644, 0.671407469606326]",1,-1
19608,[0.30114933 0.81367719],19,12,"[0.3169063637449832, 0.8033325636066986]",1,-1
19609,[0.350642   0.64257568],19,19,"[0.3585209611110644, 0.671407469606326]",1,9
19610,[0.44468234 0.64377999],19,45,"[0.4377614438459196, 0.655911915550708]",1,-1
19611,[0.24355105 0.76625388],19,24,"[0.2219823769694232, 0.7523883708842017]",1,-1
19612,[0.33594558 0.65253442],19,19,"[0.3585209611110644, 0.671407469606326]",1,-1
19613,[0.29924909 0.71943332],19,8,"[0.26852263019242567, 0.6890353589332484]",1,-1
19614,[0.31863059 0.73573982],19,12,"[0.3169063637449832, 0.8033325636066986]",1,-1
19615,[0.43117515 0.64820749],19,45,"[0.4377614438459196, 0.655911915550708]",1,-1
19616,[0.283051   0.65790229],19,8,"[0.26852263019242567, 0.6890353589332484]",1,-1
19617,[0.36451814 0.65187392],19,19,"[0.3585209611110644, 0.671407469606326]",1,-1
19618,[0.44212404 0.76221573],19,47,"[0.4308417820697566, 0.7426361553548808]",1,-1
19619,[0.29487416 0.61889635],19,44,"[0.30505443145580996, 0.5938366826632161]",1,-1
19620,[0.32081304 0.71024375],19,19,"[0.3585209611110644, 0.671407469606326]",1,-1
19621,[0.32284987 0.75314957],19,12,"[0.3169063637449832, 0.8033325636066986]",1,-1
19622,[0.34904407 0.63203161],19,19,"[0.3585209611110644, 0.671407469606326]",1,-1
19623,[0.28958918 0.70831496],19,8,"[0.26852263019242567, 0.6890353589332484]",1,18
19624,[0.25776573 0.7245494 ],19,8,"[0.26852263019242567, 0.6890353589332484]",1,19
19625,[0.4011605  0.64128852],19,45,"[0.4377614438459196, 0.655911915550708]",1,46
19626,[0.33213763 0.703718  ],19,19,"[0.3585209611110644, 0.671407469606326]",1,-1
19627,[0.39371526 0.69144677],19,19,"[0.3585209611110644, 0.671407469606326]",1,-1
19628,[0.35168697 0.70869356],19,19,"[0.3585209611110644, 0.671407469606326]",1,-1
19629,[0.24266893 0.67850382],19,8,"[0.26852263019242567, 0.6890353589332484]",1,-1
19630,[0.33880021 0.71626095],19,19,"[0.3585209611110644, 0.671407469606326]",1,-1
19631,[0.33995682 0.5840971 ],19,44,"[0.30505443145580996, 0.5938366826632161]",1,-1
19632,[0.31401036 0.65452536],19,19,"[0.3585209611110644, 0.671407469606326]",1,12
19633,[0.28668488 0.64262471],19,8,"[0.26852263019242567, 0.6890353589332484]",1,-1
19634,[0.35847939 0.68703809],19,19,"[0.3585209611110644, 0.671407469606326]",1,-1
19635,[0.43250971 0.67388048],19,45,"[0.4377614438459196, 0.655911915550708]",1,37
19636,[0.48564153 0.72985867],19,47,"[0.4308417820697566, 0.7426361553548808]",1,-1
19637,[0.34929823 0.69341134],19,19,"[0.3585209611110644, 0.671407469606326]",1,-1
19638,[0.32459726 0.68446807],19,19,"[0.3585209611110644, 0.671407469606326]",1,12
19639,[0.36345578 0.6993412 ],19,19,"[0.3585209611110644, 0.671407469606326]",1,-1
19640,[0.41089293 0.65710118],19,45,"[0.4377614438459196, 0.655911915550708]",1,-1
19641,[0.36047057 0.54171012],19,25,"[0.38660465276603295, 0.5871767558758164]",1,-1
19642,[0.27986997 0.64662612],19,8,"[0.26852263019242567, 0.6890353589332484]",1,-1
19643,[0.46450403 0.74518491],19,47,"[0.4308417820697566, 0.7426361553548808]",1,-1
19644,[0.36471349 0.67942483],19,19,"[0.3585209611110644, 0.671407469606326]",1,-1
19645,[0.3815413  0.69680609],19,19,"[0.3585209611110644, 0.671407469606326]",1,-1
19646,[0.35478201 0.66295002],19,19,"[0.3585209611110644, 0.671407469606326]",1,9
19647,[0.33741951 0.75678413],19,12,"[0.3169063637449832, 0.8033325636066986]",1,-1
19648,[0.35752221 0.74348522],19,-1,-1,1,-1
19649,[0.36202489 0.66996248],19,19,"[0.3585209611110644, 0.671407469606326]",1,9
19650,[0.370177   0.65619008],19,19,"[0.3585209611110644, 0.671407469606326]",1,-1
19651,[0.34820907 0.7178285 ],19,19,"[0.3585209611110644, 0.671407469606326]",1,-1
19652,[0.32214367 0.6880396 ],19,19,"[0.3585209611110644, 0.671407469606326]",1,12
19653,[0.34931241 0.64484603],19,19,"[0.3585209611110644, 0.671407469606326]",1,-1
19654,[0.38840631 0.67447444],19,19,"[0.3585209611110644, 0.671407469606326]",1,-1
19655,[0.30040932 0.6841828 ],19,8,"[0.26852263019242567, 0.6890353589332484]",1,-1
19656,[0.41058367 0.69077766],19,45,"[0.4377614438459196, 0.655911915550708]",1,-1
19657,[0.35772268 0.64241728],19,19,"[0.3585209611110644, 0.671407469606326]",1,9
19658,[0.33449351 0.69855224],19,19,"[0.3585209611110644, 0.671407469606326]",1,-1
19659,[0.32730968 0.6491166 ],19,19,"[0.3585209611110644, 0.671407469606326]",1,-1
19660,[0.35650459 0.78739779],19,12,"[0.3169063637449832, 0.8033325636066986]",1,-1
19661,[0.32235225 0.57877597],19,44,"[0.30505443145580996, 0.5938366826632161]",1,-1
19662,[0.39514322 0.62882811],19,25,"[0.38660465276603295, 0.5871767558758164]",1,46
19663,[0.36290999 0.73287754],19,19,"[0.3585209611110644, 0.671407469606326]",1,-1
19664,[0.35851769 0.70364331],19,19,"[0.3585209611110644, 0.671407469606326]",1,-1
19665,[0.32779006 0.80371284],19,12,"[0.3169063637449832, 0.8033325636066986]",1,-1
19666,[0.31206147 0.68953546],19,8,"[0.26852263019242567, 0.6890353589332484]",1,-1
19667,[0.39520307 0.61904516],19,25,"[0.38660465276603295, 0.5871767558758164]",1,-1
19668,[0.34360042 0.62787433],19,19,"[0.3585209611110644, 0.671407469606326]",1,-1
19669,[0.45016075 0.76328573],19,47,"[0.4308417820697566, 0.7426361553548808]",1,-1
19670,[0.35943847 0.63199342],19,19,"[0.3585209611110644, 0.671407469606326]",1,-1
19671,[0.34966152 0.60067652],19,25,"[0.38660465276603295, 0.5871767558758164]",1,-1
19672,[0.40347332 0.67633228],19,45,"[0.4377614438459196, 0.655911915550708]",1,-1
19673,[0.29942806 0.66786258],19,8,"[0.26852263019242567, 0.6890353589332484]",1,-1
19674,[0.35682623 0.61834307],19,25,"[0.38660465276603295, 0.5871767558758164]",1,-1
19675,[0.37785113 0.73070965],19,47,"[0.4308417820697566, 0.7426361553548808]",1,-1
19676,[0.29437511 0.77618899],19,12,"[0.3169063637449832, 0.8033325636066986]",1,-1
19677,[0.37647282 0.67262682],19,19,"[0.3585209611110644, 0.671407469606326]",1,-1
19678,[0.36902445 0.75252905],19,47,"[0.4308417820697566, 0.7426361553548808]",1,-1
19679,[0.37937033 0.62878573],19,25,"[0.38660465276603295, 0.5871767558758164]",1,-1
19680,[0.32057197 0.68349192],19,19,"[0.3585209611110644, 0.671407469606326]",1,12
19681,[0.22845878 0.62721002],19,40,"[0.24325605379412626, 0.6063462149687255]",1,-1
19682,[0.40544005 0.68948542],19,45,"[0.4377614438459196, 0.655911915550708]",1,-1
19683,[0.43184247 0.72639265],19,47,"[0.4308417820697566, 0.7426361553548808]",1,-1
19684,[0.33690013 0.63274662],19,19,"[0.3585209611110644, 0.671407469606326]",1,-1
19685,[0.3606474  0.73441875],19,19,"[0.3585209611110644, 0.671407469606326]",1,-1
19686,[0.30210598 0.65940167],19,8,"[0.26852263019242567, 0.6890353589332484]",1,-1
19687,[0.35432601 0.65949158],19,19,"[0.3585209611110644, 0.671407469606326]",1,-1
19688,[0.27976055 0.78231418],19,12,"[0.3169063637449832, 0.8033325636066986]",1,-1
19689,[0.36137979 0.62385976],19,25,"[0.38660465276603295, 0.5871767558758164]",1,-1
19690,[0.2763131  0.75684899],19,24,"[0.2219823769694232, 0.7523883708842017]",1,-1
19691,[0.37091016 0.66655917],19,19,"[0.3585209611110644, 0.671407469606326]",1,-1
19692,[0.32299705 0.67176367],19,19,"[0.3585209611110644, 0.671407469606326]",1,12
19693,[0.41210256 0.62828469],19,45,"[0.4377614438459196, 0.655911915550708]",1,-1
19694,[0.36593065 0.7011405 ],19,19,"[0.3585209611110644, 0.671407469606326]",1,-1
19695,[0.41505063 0.63849044],19,45,"[0.4377614438459196, 0.655911915550708]",1,-1
19696,[0.4241838  0.71906717],19,47,"[0.4308417820697566, 0.7426361553548808]",1,-1
19697,[0.37508843 0.71481569],19,19,"[0.3585209611110644, 0.671407469606326]",1,-1
19698,[0.35041042 0.64088172],19,19,"[0.3585209611110644, 0.671407469606326]",1,-1
19699,[0.2734995  0.67393023],19,8,"[0.26852263019242567, 0.6890353589332484]",1,-1
19700,[0.31172594 0.71517385],19,8,"[0.26852263019242567, 0.6890353589332484]",1,-1
19701,[0.30878383 0.6672847 ],19,8,"[0.26852263019242567, 0.6890353589332484]",1,-1
19702,[0.38969636 0.65810446],19,19,"[0.3585209611110644, 0.671407469606326]",1,-1
19703,[0.41546923 0.68198145],19,45,"[0.4377614438459196, 0.655911915550708]",1,-1
19704,[0.50615174 0.6466689 ],19,5,"[0.47989515498241786, 0.6212764114798471]",1,-1
19705,[0.37599923 0.61977924],19,25,"[0.38660465276603295, 0.5871767558758164]",1,-1
19706,[0.30361905 0.7195248 ],19,8,"[0.26852263019242567, 0.6890353589332484]",1,-1
19707,[0.32298204 0.64962781],19,19,"[0.3585209611110644, 0.671407469606326]",1,-1
19708,[0.3402862  0.70009421],19,19,"[0.3585209611110644, 0.671407469606326]",1,-1
19709,[0.33085797 0.76814526],19,12,"[0.3169063637449832, 0.8033325636066986]",1,-1
19710,[0.39381934 0.5853139 ],19,25,"[0.38660465276603295, 0.5871767558758164]",1,-1
19711,[0.43256114 0.6406439 ],19,45,"[0.4377614438459196, 0.655911915550708]",1,-1
19712,[0.3196545  0.72816519],19,8,"[0.26852263019242567, 0.6890353589332484]",1,-1
19713,[0.38973106 0.69860589],19,19,"[0.3585209611110644, 0.671407469606326]",1,-1
19714,[0.33554962 0.66648002],19,19,"[0.3585209611110644, 0.671407469606326]",1,-1
19715,[0.46575772 0.7000139 ],19,45,"[0.4377614438459196, 0.655911915550708]",1,-1
19716,[0.35284456 0.62325888],19,19,"[0.3585209611110644, 0.671407469606326]",1,-1
19717,[0.35073701 0.69963034],19,19,"[0.3585209611110644, 0.671407469606326]",1,-1
19718,[0.31040551 0.70339565],19,8,"[0.26852263019242567, 0.6890353589332484]",1,-1
19719,[0.30713872 0.71899473],19,8,"[0.26852263019242567, 0.6890353589332484]",1,-1
19720,[0.44137537 0.65554664],19,45,"[0.4377614438459196, 0.655911915550708]",1,-1
19721,[0.43783286 0.67050245],19,45,"[0.4377614438459196, 0.655911915550708]",1,-1
19722,[0.24388917 0.80360974],19,24,"[0.2219823769694232, 0.7523883708842017]",1,-1
19723,[0.339882   0.64324999],19,19,"[0.3585209611110644, 0.671407469606326]",1,9
19724,[0.36466883 0.59961822],19,25,"[0.38660465276603295, 0.5871767558758164]",1,-1
19725,[0.45147785 0.66952925],19,45,"[0.4377614438459196, 0.655911915550708]",1,37
19726,[0.39553427 0.62179039],19,25,"[0.38660465276603295, 0.5871767558758164]",1,46
19727,[0.26469494 0.67795029],19,8,"[0.26852263019242567, 0.6890353589332484]",1,-1
19728,[0.28211573 0.69711535],19,8,"[0.26852263019242567, 0.6890353589332484]",1,18
19729,[0.35931488 0.69759569],19,19,"[0.3585209611110644, 0.671407469606326]",1,-1
19730,[0.36574686 0.71159024],19,19,"[0.3585209611110644, 0.671407469606326]",1,-1
19731,[0.38937728 0.69565176],19,19,"[0.3585209611110644, 0.671407469606326]",1,-1
19732,[0.37331809 0.71757567],19,19,"[0.3585209611110644, 0.671407469606326]",1,-1
19733,[0.36255573 0.74671976],19,47,"[0.4308417820697566, 0.7426361553548808]",1,-1
19734,[0.31443521 0.74415807],19,12,"[0.3169063637449832, 0.8033325636066986]",1,-1
19735,[0.41218593 0.66997829],19,45,"[0.4377614438459196, 0.655911915550708]",1,-1
19736,[0.35126417 0.76196432],19,12,"[0.3169063637449832, 0.8033325636066986]",1,-1
19737,[0.40131034 0.65935311],19,45,"[0.4377614438459196, 0.655911915550708]",1,-1
19738,[0.38173393 0.6826173 ],19,19,"[0.3585209611110644, 0.671407469606326]",1,-1
19739,[0.36341615 0.7216472 ],19,19,"[0.3585209611110644, 0.671407469606326]",1,-1
19740,[0.41222683 0.66824344],19,45,"[0.4377614438459196, 0.655911915550708]",1,-1
19741,[0.48171056 0.71257759],19,47,"[0.4308417820697566, 0.7426361553548808]",1,-1
19742,[0.21227707 0.67982517],19,20,"[0.18632471116193938, 0.6470504651095214]",1,-1
19743,[0.31413462 0.75126923],19,12,"[0.3169063637449832, 0.8033325636066986]",1,-1
19744,[0.3375556  0.69575269],19,19,"[0.3585209611110644, 0.671407469606326]",1,-1
19745,[0.36303687 0.73943647],19,47,"[0.4308417820697566, 0.7426361553548808]",1,-1
19746,[0.26865735 0.69426795],19,8,"[0.26852263019242567, 0.6890353589332484]",1,-1
19747,[0.34579602 0.61781827],19,44,"[0.30505443145580996, 0.5938366826632161]",1,-1
19748,[0.35967484 0.74492265],19,-1,-1,1,-1
19749,[0.35364555 0.683557  ],19,19,"[0.3585209611110644, 0.671407469606326]",1,-1
19750,[0.34905787 0.68700084],19,19,"[0.3585209611110644, 0.671407469606326]",1,-1
19751,[0.45086282 0.66913421],19,45,"[0.4377614438459196, 0.655911915550708]",1,37
19752,[0.33436832 0.72465185],19,19,"[0.3585209611110644, 0.671407469606326]",1,-1
19753,[0.39280499 0.63716514],19,19,"[0.3585209611110644, 0.671407469606326]",1,46
19754,[0.35308856 0.67524257],19,19,"[0.3585209611110644, 0.671407469606326]",1,-1
19755,[0.33226864 0.66776901],19,19,"[0.3585209611110644, 0.671407469606326]",1,12
19756,[0.26237917 0.6213811 ],19,40,"[0.24325605379412626, 0.6063462149687255]",1,-1
19757,[0.3937796  0.70433594],19,19,"[0.3585209611110644, 0.671407469606326]",1,-1
19758,[0.42467238 0.69376478],19,45,"[0.4377614438459196, 0.655911915550708]",1,-1
19759,[0.3734299  0.66675274],19,19,"[0.3585209611110644, 0.671407469606326]",1,-1
19760,[0.30584738 0.64838746],19,44,"[0.30505443145580996, 0.5938366826632161]",1,-1
19761,[0.37115671 0.62349835],19,25,"[0.38660465276603295, 0.5871767558758164]",1,-1
19762,[0.28380669 0.7018342 ],19,8,"[0.26852263019242567, 0.6890353589332484]",1,18
19763,[0.3897265  0.63608913],19,19,"[0.3585209611110644, 0.671407469606326]",1,46
19764,[0.31345582 0.75936164],19,12,"[0.3169063637449832, 0.8033325636066986]",1,-1
19765,[0.31817957 0.59689769],19,44,"[0.30505443145580996, 0.5938366826632161]",1,-1
19766,[0.33861748 0.75088754],19,12,"[0.3169063637449832, 0.8033325636066986]",1,-1
19767,[0.31292913 0.63315588],19,44,"[0.30505443145580996, 0.5938366826632161]",1,-1
19768,[0.36003382 0.73095846],19,19,"[0.3585209611110644, 0.671407469606326]",1,-1
19769,[0.28732675 0.61600198],19,44,"[0.30505443145580996, 0.5938366826632161]",1,-1
19770,[0.29882197 0.73736344],19,8,"[0.26852263019242567, 0.6890353589332484]",1,-1
19771,[0.33389931 0.64238794],19,19,"[0.3585209611110644, 0.671407469606326]",1,9
19772,[0.34096738 0.70809925],19,19,"[0.3585209611110644, 0.671407469606326]",1,-1
19773,[0.34024941 0.72367985],19,19,"[0.3585209611110644, 0.671407469606326]",1,-1
19774,[0.29099916 0.76209776],19,12,"[0.3169063637449832, 0.8033325636066986]",1,-1
19775,[0.36284745 0.66170166],19,19,"[0.3585209611110644, 0.671407469606326]",1,-1
19776,[0.37098346 0.71746735],19,19,"[0.3585209611110644, 0.671407469606326]",1,-1
19777,[0.30099584 0.66949347],19,8,"[0.26852263019242567, 0.6890353589332484]",1,-1
19778,[0.23630684 0.70470893],19,8,"[0.26852263019242567, 0.6890353589332484]",1,-1
19779,[0.33075025 0.66319743],19,19,"[0.3585209611110644, 0.671407469606326]",1,12
19780,[0.38315026 0.68212782],19,19,"[0.3585209611110644, 0.671407469606326]",1,-1
19781,[0.29644541 0.69447946],19,8,"[0.26852263019242567, 0.6890353589332484]",1,-1
19782,[0.29085368 0.68727861],19,8,"[0.26852263019242567, 0.6890353589332484]",1,-1
19783,[0.30081839 0.73098803],19,8,"[0.26852263019242567, 0.6890353589332484]",1,-1
19784,[0.33751705 0.72749842],19,19,"[0.3585209611110644, 0.671407469606326]",1,-1
19785,[0.28492442 0.6559913 ],19,8,"[0.26852263019242567, 0.6890353589332484]",1,-1
19786,[0.29033867 0.63605521],19,44,"[0.30505443145580996, 0.5938366826632161]",1,-1
19787,[0.31396387 0.66150908],19,19,"[0.3585209611110644, 0.671407469606326]",1,12
19788,[0.48268243 0.67816618],19,45,"[0.4377614438459196, 0.655911915550708]",1,-1
19789,[0.40554284 0.70716655],19,47,"[0.4308417820697566, 0.7426361553548808]",1,-1
19790,[0.37796046 0.69123821],19,19,"[0.3585209611110644, 0.671407469606326]",1,-1
19791,[0.39653038 0.70097044],19,19,"[0.3585209611110644, 0.671407469606326]",1,-1
19792,[0.24861733 0.73019208],19,24,"[0.2219823769694232, 0.7523883708842017]",1,-1
19793,[0.29877954 0.75475812],19,12,"[0.3169063637449832, 0.8033325636066986]",1,-1
19794,[0.36554656 0.68877528],19,19,"[0.3585209611110644, 0.671407469606326]",1,-1
19795,[0.34271038 0.684075  ],19,19,"[0.3585209611110644, 0.671407469606326]",1,-1
19796,[0.32969668 0.66483703],19,19,"[0.3585209611110644, 0.671407469606326]",1,12
19797,[0.27424748 0.64685922],19,8,"[0.26852263019242567, 0.6890353589332484]",1,16
19798,[0.35741623 0.66033777],19,19,"[0.3585209611110644, 0.671407469606326]",1,9
19799,[0.30894206 0.65030706],19,19,"[0.3585209611110644, 0.671407469606326]",1,-1
19800,[0.37115006 0.78982712],19,12,"[0.3169063637449832, 0.8033325636066986]",1,-1
19801,[0.30388829 0.7309615 ],19,8,"[0.26852263019242567, 0.6890353589332484]",1,-1
19802,[0.38687779 0.6701033 ],19,19,"[0.3585209611110644, 0.671407469606326]",1,-1
19803,[0.46108037 0.63778448],19,5,"[0.47989515498241786, 0.6212764114798471]",1,60
19804,[0.21285634 0.68275079],19,20,"[0.18632471116193938, 0.6470504651095214]",1,-1
19805,[0.26995184 0.66432619],19,8,"[0.26852263019242567, 0.6890353589332484]",1,17
19806,[0.35376826 0.68469825],19,19,"[0.3585209611110644, 0.671407469606326]",1,-1
19807,[0.31637721 0.68343748],19,19,"[0.3585209611110644, 0.671407469606326]",1,12
19808,[0.35701436 0.65814498],19,19,"[0.3585209611110644, 0.671407469606326]",1,-1
19809,[0.41032397 0.72929296],19,47,"[0.4308417820697566, 0.7426361553548808]",1,-1
19810,[0.33273529 0.65294248],19,19,"[0.3585209611110644, 0.671407469606326]",1,-1
19811,[0.37852483 0.60718445],19,25,"[0.38660465276603295, 0.5871767558758164]",1,-1
19812,[0.32614268 0.68557015],19,19,"[0.3585209611110644, 0.671407469606326]",1,12
19813,[0.41975084 0.76042458],19,47,"[0.4308417820697566, 0.7426361553548808]",1,-1
19814,[0.33082175 0.73311137],19,19,"[0.3585209611110644, 0.671407469606326]",1,-1
19815,[0.29072274 0.72647255],19,8,"[0.26852263019242567, 0.6890353589332484]",1,-1
19816,[0.34156251 0.57923104],19,44,"[0.30505443145580996, 0.5938366826632161]",1,-1
19817,[0.42587414 0.70333445],19,47,"[0.4308417820697566, 0.7426361553548808]",1,-1
19818,[0.31776623 0.72993078],19,8,"[0.26852263019242567, 0.6890353589332484]",1,-1
19819,[0.29737354 0.61584216],19,44,"[0.30505443145580996, 0.5938366826632161]",1,-1
19820,[0.3687847  0.66806087],19,19,"[0.3585209611110644, 0.671407469606326]",1,-1
19821,[0.34439991 0.72063739],19,19,"[0.3585209611110644, 0.671407469606326]",1,-1
19822,[0.40628441 0.67047724],19,45,"[0.4377614438459196, 0.655911915550708]",1,-1
19823,[0.36528928 0.69885431],19,19,"[0.3585209611110644, 0.671407469606326]",1,-1
19824,[0.24391558 0.7159716 ],19,8,"[0.26852263019242567, 0.6890353589332484]",1,-1
19825,[0.32937955 0.61568045],19,44,"[0.30505443145580996, 0.5938366826632161]",1,-1
19826,[0.23468448 0.69748717],19,8,"[0.26852263019242567, 0.6890353589332484]",1,-1
19827,[0.38411311 0.73497578],19,47,"[0.4308417820697566, 0.7426361553548808]",1,-1
19828,[0.28976835 0.70702025],19,8,"[0.26852263019242567, 0.6890353589332484]",1,-1
19829,[0.37212394 0.72916388],19,19,"[0.3585209611110644, 0.671407469606326]",1,-1
19830,[0.23514793 0.67559561],19,8,"[0.26852263019242567, 0.6890353589332484]",1,-1
19831,[0.32063724 0.71669589],19,8,"[0.26852263019242567, 0.6890353589332484]",1,-1
19832,[0.34765102 0.65398324],19,19,"[0.3585209611110644, 0.671407469606326]",1,-1
19833,[0.34204662 0.7355804 ],19,19,"[0.3585209611110644, 0.671407469606326]",1,-1
19834,[0.35329446 0.63128232],19,19,"[0.3585209611110644, 0.671407469606326]",1,-1
19835,[0.34512754 0.68650197],19,19,"[0.3585209611110644, 0.671407469606326]",1,-1
19836,[0.36756128 0.73134883],19,19,"[0.3585209611110644, 0.671407469606326]",1,-1
19837,[0.38563301 0.72679385],19,47,"[0.4308417820697566, 0.7426361553548808]",1,-1
19838,[0.37794244 0.67752855],19,19,"[0.3585209611110644, 0.671407469606326]",1,-1
19839,[0.35221466 0.65984346],19,19,"[0.3585209611110644, 0.671407469606326]",1,9
19840,[0.29444981 0.66406471],19,8,"[0.26852263019242567, 0.6890353589332484]",1,-1
19841,[0.2726265  0.65755008],19,8,"[0.26852263019242567, 0.6890353589332484]",1,-1
19842,[0.41342901 0.62163784],19,45,"[0.4377614438459196, 0.655911915550708]",1,-1
19843,[0.43860036 0.67321837],19,45,"[0.4377614438459196, 0.655911915550708]",1,-1
19844,[0.39366996 0.69303487],19,19,"[0.3585209611110644, 0.671407469606326]",1,-1
19845,[0.38050355 0.70934971],19,19,"[0.3585209611110644, 0.671407469606326]",1,-1
19846,[0.35235486 0.56864442],19,25,"[0.38660465276603295, 0.5871767558758164]",1,-1
19847,[0.3805451  0.67751282],19,19,"[0.3585209611110644, 0.671407469606326]",1,-1
19848,[0.31335732 0.65153604],19,19,"[0.3585209611110644, 0.671407469606326]",1,-1
19849,[0.35922548 0.64630107],19,19,"[0.3585209611110644, 0.671407469606326]",1,9
19850,[0.28686854 0.70865865],19,8,"[0.26852263019242567, 0.6890353589332484]",1,18
19851,[0.39915608 0.66428242],19,45,"[0.4377614438459196, 0.655911915550708]",1,-1
19852,[0.30557735 0.62615149],19,44,"[0.30505443145580996, 0.5938366826632161]",1,-1
19853,[0.36225838 0.74603357],19,47,"[0.4308417820697566, 0.7426361553548808]",1,-1
19854,[0.26748885 0.69029894],19,8,"[0.26852263019242567, 0.6890353589332484]",1,-1
19855,[0.37390938 0.60433592],19,25,"[0.38660465276603295, 0.5871767558758164]",1,-1
19856,[0.32357184 0.6554127 ],19,19,"[0.3585209611110644, 0.671407469606326]",1,-1
19857,[0.35872588 0.5796135 ],19,25,"[0.38660465276603295, 0.5871767558758164]",1,-1
19858,[0.4104466  0.68047455],19,45,"[0.4377614438459196, 0.655911915550708]",1,-1
19859,[0.42817926 0.70825483],19,47,"[0.4308417820697566, 0.7426361553548808]",1,-1
19860,[0.28256217 0.74996322],19,24,"[0.2219823769694232, 0.7523883708842017]",1,-1
19861,[0.35442805 0.66925772],19,19,"[0.3585209611110644, 0.671407469606326]",1,-1
19862,[0.36787913 0.63258444],19,19,"[0.3585209611110644, 0.671407469606326]",1,-1
19863,[0.26169909 0.67867251],19,8,"[0.26852263019242567, 0.6890353589332484]",1,-1
19864,[0.41911457 0.65186323],19,45,"[0.4377614438459196, 0.655911915550708]",1,-1
19865,[0.38125899 0.63530868],19,19,"[0.3585209611110644, 0.671407469606326]",1,-1
19866,[0.33651804 0.71684146],19,19,"[0.3585209611110644, 0.671407469606326]",1,-1
19867,[0.27326975 0.74487588],19,24,"[0.2219823769694232, 0.7523883708842017]",1,-1
19868,[0.39742858 0.7181313 ],19,47,"[0.4308417820697566, 0.7426361553548808]",1,-1
19869,[0.39219363 0.71579656],19,47,"[0.4308417820697566, 0.7426361553548808]",1,-1
19870,[0.33844746 0.69327961],19,19,"[0.3585209611110644, 0.671407469606326]",1,-1
19871,[0.30743296 0.64076525],19,44,"[0.30505443145580996, 0.5938366826632161]",1,-1
19872,[0.33716244 0.72548947],19,19,"[0.3585209611110644, 0.671407469606326]",1,-1
19873,[0.41892521 0.69215346],19,45,"[0.4377614438459196, 0.655911915550708]",1,-1
19874,[0.28261649 0.72750356],19,8,"[0.26852263019242567, 0.6890353589332484]",1,-1
19875,[0.40709576 0.64227562],19,45,"[0.4377614438459196, 0.655911915550708]",1,46
19876,[0.39950846 0.67039097],19,45,"[0.4377614438459196, 0.655911915550708]",1,-1
19877,[0.41353471 0.59236971],19,25,"[0.38660465276603295, 0.5871767558758164]",1,-1
19878,[0.37734501 0.65016205],19,19,"[0.3585209611110644, 0.671407469606326]",1,-1
19879,[0.28568171 0.69635962],19,8,"[0.26852263019242567, 0.6890353589332484]",1,18
19880,[0.29255992 0.72492069],19,8,"[0.26852263019242567, 0.6890353589332484]",1,-1
19881,[0.34299455 0.62342806],19,44,"[0.30505443145580996, 0.5938366826632161]",1,-1
19882,[0.38479228 0.70289897],19,19,"[0.3585209611110644, 0.671407469606326]",1,-1
19883,[0.31770563 0.70405776],19,8,"[0.26852263019242567, 0.6890353589332484]",1,-1
19884,[0.36580519 0.68519105],19,19,"[0.3585209611110644, 0.671407469606326]",1,-1
19885,[0.41877222 0.63518648],19,45,"[0.4377614438459196, 0.655911915550708]",1,-1
19886,[0.34834652 0.64688292],19,19,"[0.3585209611110644, 0.671407469606326]",1,9
19887,[0.33068881 0.59921028],19,44,"[0.30505443145580996, 0.5938366826632161]",1,-1
19888,[0.36452184 0.67387408],19,19,"[0.3585209611110644, 0.671407469606326]",1,-1
19889,[0.39515801 0.67057711],19,19,"[0.3585209611110644, 0.671407469606326]",1,-1
19890,[0.36684929 0.66282184],19,19,"[0.3585209611110644, 0.671407469606326]",1,-1
19891,[0.43467856 0.65750915],19,45,"[0.4377614438459196, 0.655911915550708]",1,-1
19892,[0.42978809 0.77624804],19,47,"[0.4308417820697566, 0.7426361553548808]",1,-1
19893,[0.37710283 0.68101025],19,19,"[0.3585209611110644, 0.671407469606326]",1,-1
19894,[0.35978009 0.69396203],19,19,"[0.3585209611110644, 0.671407469606326]",1,-1
19895,[0.41046002 0.73093434],19,47,"[0.4308417820697566, 0.7426361553548808]",1,-1
19896,[0.2912666  0.71053198],19,8,"[0.26852263019242567, 0.6890353589332484]",1,18
19897,[0.31986415 0.680151  ],19,19,"[0.3585209611110644, 0.671407469606326]",1,12
19898,[0.37053648 0.69424145],19,19,"[0.3585209611110644, 0.671407469606326]",1,-1
19899,[0.31402128 0.63810115],19,44,"[0.30505443145580996, 0.5938366826632161]",1,-1
19900,[0.50175301 0.65252608],19,5,"[0.47989515498241786, 0.6212764114798471]",1,-1
19901,[0.34625786 0.68930405],19,19,"[0.3585209611110644, 0.671407469606326]",1,-1
19902,[0.3165682  0.67203875],19,19,"[0.3585209611110644, 0.671407469606326]",1,12
19903,[0.36186976 0.68887849],19,19,"[0.3585209611110644, 0.671407469606326]",1,-1
19904,[0.2728747  0.64668613],19,8,"[0.26852263019242567, 0.6890353589332484]",1,16
19905,[0.32829042 0.65698815],19,19,"[0.3585209611110644, 0.671407469606326]",1,-1
19906,[0.3963001  0.64143711],19,45,"[0.4377614438459196, 0.655911915550708]",1,46
19907,[0.38209129 0.71213909],19,19,"[0.3585209611110644, 0.671407469606326]",1,-1
19908,[0.33442667 0.69258674],19,19,"[0.3585209611110644, 0.671407469606326]",1,-1
19909,[0.27680217 0.68455861],19,8,"[0.26852263019242567, 0.6890353589332484]",1,-1
19910,[0.37282096 0.59484901],19,25,"[0.38660465276603295, 0.5871767558758164]",1,-1
19911,[0.39829594 0.75030394],19,47,"[0.4308417820697566, 0.7426361553548808]",1,-1
19912,[0.34438083 0.67517133],19,19,"[0.3585209611110644, 0.671407469606326]",1,-1
19913,[0.24745089 0.72119661],19,8,"[0.26852263019242567, 0.6890353589332484]",1,-1
19914,[0.31864522 0.73216498],19,8,"[0.26852263019242567, 0.6890353589332484]",1,-1
19915,[0.3035603  0.83062194],19,12,"[0.3169063637449832, 0.8033325636066986]",1,-1
19916,[0.37129654 0.7332537 ],19,47,"[0.4308417820697566, 0.7426361553548808]",1,-1
19917,[0.28933354 0.69731489],19,8,"[0.26852263019242567, 0.6890353589332484]",1,18
19918,[0.41043501 0.66059174],19,45,"[0.4377614438459196, 0.655911915550708]",1,-1
19919,[0.31894613 0.70943022],19,8,"[0.26852263019242567, 0.6890353589332484]",1,-1
19920,[0.35872524 0.69011321],19,19,"[0.3585209611110644, 0.671407469606326]",1,-1
19921,[0.2952811  0.67661105],19,8,"[0.26852263019242567, 0.6890353589332484]",1,-1
19922,[0.32535229 0.63456189],19,44,"[0.30505443145580996, 0.5938366826632161]",1,9
19923,[0.39810871 0.58059161],19,25,"[0.38660465276603295, 0.5871767558758164]",1,-1
19924,[0.37817886 0.64453584],19,19,"[0.3585209611110644, 0.671407469606326]",1,-1
19925,[0.34429226 0.76258606],19,12,"[0.3169063637449832, 0.8033325636066986]",1,-1
19926,[0.35523399 0.67702329],19,19,"[0.3585209611110644, 0.671407469606326]",1,-1
19927,[0.35374032 0.65638692],19,19,"[0.3585209611110644, 0.671407469606326]",1,9
19928,[0.36232578 0.62843349],19,19,"[0.3585209611110644, 0.671407469606326]",1,-1
19929,[0.31237708 0.71870264],19,8,"[0.26852263019242567, 0.6890353589332484]",1,-1
19930,[0.25560499 0.74010855],19,24,"[0.2219823769694232, 0.7523883708842017]",1,-1
19931,[0.30348505 0.56888219],19,44,"[0.30505443145580996, 0.5938366826632161]",1,-1
19932,[0.30751821 0.70603772],19,8,"[0.26852263019242567, 0.6890353589332484]",1,-1
19933,[0.43440809 0.75565001],19,47,"[0.4308417820697566, 0.7426361553548808]",1,-1
19934,[0.30453727 0.67353556],19,8,"[0.26852263019242567, 0.6890353589332484]",1,-1
19935,[0.34972898 0.69042643],19,19,"[0.3585209611110644, 0.671407469606326]",1,-1
19936,[0.28200004 0.75361746],19,24,"[0.2219823769694232, 0.7523883708842017]",1,-1
19937,[0.29079529 0.69935947],19,8,"[0.26852263019242567, 0.6890353589332484]",1,18
19938,[0.39610025 0.72384598],19,47,"[0.4308417820697566, 0.7426361553548808]",1,-1
19939,[0.24384429 0.6822973 ],19,8,"[0.26852263019242567, 0.6890353589332484]",1,-1
19940,[0.46827452 0.58130806],19,5,"[0.47989515498241786, 0.6212764114798471]",1,-1
19941,[0.34618111 0.67886375],19,19,"[0.3585209611110644, 0.671407469606326]",1,-1
19942,[0.28067621 0.68717675],19,8,"[0.26852263019242567, 0.6890353589332484]",1,-1
19943,[0.36268886 0.5858492 ],19,25,"[0.38660465276603295, 0.5871767558758164]",1,-1
19944,[0.4360134  0.59546011],19,25,"[0.38660465276603295, 0.5871767558758164]",1,60
19945,[0.37222437 0.75665803],19,47,"[0.4308417820697566, 0.7426361553548808]",1,-1
19946,[0.36664329 0.6385127 ],19,19,"[0.3585209611110644, 0.671407469606326]",1,-1
19947,[0.29505831 0.65973871],19,8,"[0.26852263019242567, 0.6890353589332484]",1,-1
19948,[0.39311755 0.68438657],19,19,"[0.3585209611110644, 0.671407469606326]",1,-1
19949,[0.27656951 0.73554267],19,8,"[0.26852263019242567, 0.6890353589332484]",1,-1
19950,[0.41984954 0.68257455],19,45,"[0.4377614438459196, 0.655911915550708]",1,-1
19951,[0.30293167 0.61359986],19,44,"[0.30505443145580996, 0.5938366826632161]",1,-1
19952,[0.37828517 0.68012507],19,19,"[0.3585209611110644, 0.671407469606326]",1,-1
19953,[0.33991276 0.614096  ],19,44,"[0.30505443145580996, 0.5938366826632161]",1,-1
19954,[0.37673294 0.73549401],19,47,"[0.4308417820697566, 0.7426361553548808]",1,-1
19955,[0.30858168 0.67487414],19,8,"[0.26852263019242567, 0.6890353589332484]",1,-1
19956,[0.31810172 0.67659836],19,19,"[0.3585209611110644, 0.671407469606326]",1,12
19957,[0.32541881 0.62945791],19,44,"[0.30505443145580996, 0.5938366826632161]",1,9
19958,[0.35085434 0.71264501],19,19,"[0.3585209611110644, 0.671407469606326]",1,-1
19959,[0.35827172 0.70780199],19,19,"[0.3585209611110644, 0.671407469606326]",1,-1
19960,[0.39274182 0.77525188],19,47,"[0.4308417820697566, 0.7426361553548808]",1,-1
19961,[0.41515427 0.82499271],19,-1,-1,1,-1
19962,[0.41925729 0.71793183],19,47,"[0.4308417820697566, 0.7426361553548808]",1,-1
19963,[0.4215904 0.6644435],19,45,"[0.4377614438459196, 0.655911915550708]",1,-1
19964,[0.32328401 0.65247213],19,19,"[0.3585209611110644, 0.671407469606326]",1,-1
19965,[0.38738188 0.72358366],19,47,"[0.4308417820697566, 0.7426361553548808]",1,-1
19966,[0.39678775 0.66639634],19,19,"[0.3585209611110644, 0.671407469606326]",1,-1
19967,[0.3673968 0.7427224],19,47,"[0.4308417820697566, 0.7426361553548808]",1,-1
19968,[0.30716338 0.77107954],19,12,"[0.3169063637449832, 0.8033325636066986]",1,-1
19969,[0.29813224 0.68033238],19,8,"[0.26852263019242567, 0.6890353589332484]",1,-1
19970,[0.29363997 0.70648096],19,8,"[0.26852263019242567, 0.6890353589332484]",1,18
19971,[0.30937433 0.69967103],19,8,"[0.26852263019242567, 0.6890353589332484]",1,-1
19972,[0.2705097  0.70164109],19,8,"[0.26852263019242567, 0.6890353589332484]",1,-1
19973,[0.32675538 0.62281593],19,44,"[0.30505443145580996, 0.5938366826632161]",1,-1
19974,[0.30981859 0.62246625],19,44,"[0.30505443145580996, 0.5938366826632161]",1,-1
19975,[0.29578632 0.73264212],19,8,"[0.26852263019242567, 0.6890353589332484]",1,-1
19976,[0.36704299 0.71331744],19,19,"[0.3585209611110644, 0.671407469606326]",1,-1
19977,[0.33413021 0.76309573],19,12,"[0.3169063637449832, 0.8033325636066986]",1,-1
19978,[0.37485917 0.71365566],19,19,"[0.3585209611110644, 0.671407469606326]",1,-1
19979,[0.36402206 0.62688791],19,19,"[0.3585209611110644, 0.671407469606326]",1,-1
19980,[0.38999049 0.70478944],19,19,"[0.3585209611110644, 0.671407469606326]",1,-1
19981,[0.34305994 0.70243399],19,19,"[0.3585209611110644, 0.671407469606326]",1,-1
19982,[0.38944982 0.69284011],19,19,"[0.3585209611110644, 0.671407469606326]",1,-1
19983,[0.40322843 0.85279021],19,-1,-1,1,-1
19984,[0.36717298 0.60656624],19,25,"[0.38660465276603295, 0.5871767558758164]",1,-1
19985,[0.39013568 0.61712577],19,25,"[0.38660465276603295, 0.5871767558758164]",1,-1
19986,[0.38898109 0.67954367],19,19,"[0.3585209611110644, 0.671407469606326]",1,-1
19987,[0.24335054 0.68928264],19,8,"[0.26852263019242567, 0.6890353589332484]",1,-1
19988,[0.30199304 0.68630234],19,8,"[0.26852263019242567, 0.6890353589332484]",1,-1
19989,[0.39799462 0.63045205],19,25,"[0.38660465276603295, 0.5871767558758164]",1,-1
19990,[0.39251388 0.77277794],19,47,"[0.4308417820697566, 0.7426361553548808]",1,-1
19991,[0.37757324 0.72260497],19,19,"[0.3585209611110644, 0.671407469606326]",1,-1
19992,[0.25882929 0.73481653],19,24,"[0.2219823769694232, 0.7523883708842017]",1,-1
19993,[0.30458729 0.65210508],19,8,"[0.26852263019242567, 0.6890353589332484]",1,-1
19994,[0.363469  0.6208828],19,25,"[0.38660465276603295, 0.5871767558758164]",1,-1
19995,[0.34120456 0.69357255],19,19,"[0.3585209611110644, 0.671407469606326]",1,-1
19996,[0.34670816 0.59315195],19,25,"[0.38660465276603295, 0.5871767558758164]",1,-1
19997,[0.28030458 0.72847471],19,8,"[0.26852263019242567, 0.6890353589332484]",1,-1
19998,[0.3520517  0.69791147],19,19,"[0.3585209611110644, 0.671407469606326]",1,-1
19999,[0.34376324 0.69428226],19,19,"[0.3585209611110644, 0.671407469606326]",1,-1
20000,[0.3786485  0.59613835],20,25,"[0.38660465276603295, 0.5871767558758164]",1,-1
20001,[0.40630568 0.58027678],20,25,"[0.38660465276603295, 0.5871767558758164]",1,-1
20002,[0.40638541 0.68602964],20,45,"[0.4377614438459196, 0.655911915550708]",1,-1
20003,[0.36832699 0.60905928],20,25,"[0.38660465276603295, 0.5871767558758164]",1,-1
20004,[0.39496698 0.60587655],20,25,"[0.38660465276603295, 0.5871767558758164]",1,51
20005,[0.37151991 0.66605151],20,19,"[0.3585209611110644, 0.671407469606326]",1,-1
20006,[0.35700076 0.63738625],20,19,"[0.3585209611110644, 0.671407469606326]",1,-1
20007,[0.37832323 0.68076031],20,19,"[0.3585209611110644, 0.671407469606326]",1,-1
20008,[0.41690722 0.55214841],20,18,"[0.4203234088660354, 0.508036417947434]",1,-1
20009,[0.37299936 0.53949011],20,25,"[0.38660465276603295, 0.5871767558758164]",1,-1
20010,[0.27050705 0.66897849],20,8,"[0.26852263019242567, 0.6890353589332484]",1,-1
20011,[0.41179953 0.58148869],20,25,"[0.38660465276603295, 0.5871767558758164]",1,-1
20012,[0.30697317 0.53393084],20,44,"[0.30505443145580996, 0.5938366826632161]",1,-1
20013,[0.33876666 0.67439469],20,19,"[0.3585209611110644, 0.671407469606326]",1,-1
20014,[0.28970137 0.57338429],20,44,"[0.30505443145580996, 0.5938366826632161]",1,-1
20015,[0.34848746 0.56714699],20,25,"[0.38660465276603295, 0.5871767558758164]",1,-1
20016,[0.31773745 0.55929097],20,44,"[0.30505443145580996, 0.5938366826632161]",1,-1
20017,[0.34049687 0.58057258],20,44,"[0.30505443145580996, 0.5938366826632161]",1,-1
20018,[0.33285407 0.63033279],20,44,"[0.30505443145580996, 0.5938366826632161]",1,9
20019,[0.31926955 0.57609129],20,44,"[0.30505443145580996, 0.5938366826632161]",1,-1
20020,[0.37563075 0.57169559],20,25,"[0.38660465276603295, 0.5871767558758164]",1,-1
20021,[0.31065412 0.5951852 ],20,44,"[0.30505443145580996, 0.5938366826632161]",1,-1
20022,[0.38234662 0.67416537],20,19,"[0.3585209611110644, 0.671407469606326]",1,-1
20023,[0.35708644 0.5109896 ],20,13,"[0.32294489274299887, 0.4620611538839558]",1,-1
20024,[0.35222958 0.59415377],20,25,"[0.38660465276603295, 0.5871767558758164]",1,-1
20025,[0.30389175 0.63893841],20,44,"[0.30505443145580996, 0.5938366826632161]",1,-1
20026,[0.36809634 0.58616937],20,25,"[0.38660465276603295, 0.5871767558758164]",1,-1
20027,[0.29893123 0.59158836],20,44,"[0.30505443145580996, 0.5938366826632161]",1,-1
20028,[0.30996234 0.59892313],20,44,"[0.30505443145580996, 0.5938366826632161]",1,-1
20029,[0.31791329 0.62904598],20,44,"[0.30505443145580996, 0.5938366826632161]",1,-1
20030,[0.39928014 0.60702519],20,25,"[0.38660465276603295, 0.5871767558758164]",1,51
20031,[0.23459992 0.60369352],20,40,"[0.24325605379412626, 0.6063462149687255]",1,-1
20032,[0.3275199  0.66668192],20,19,"[0.3585209611110644, 0.671407469606326]",1,-1
20033,[0.40730474 0.58107921],20,25,"[0.38660465276603295, 0.5871767558758164]",1,-1
20034,[0.30474304 0.61684528],20,44,"[0.30505443145580996, 0.5938366826632161]",1,-1
20035,[0.36097324 0.66233659],20,19,"[0.3585209611110644, 0.671407469606326]",1,-1
20036,[0.2970623  0.63550048],20,44,"[0.30505443145580996, 0.5938366826632161]",1,-1
20037,[0.33843735 0.61247279],20,44,"[0.30505443145580996, 0.5938366826632161]",1,-1
20038,[0.34057802 0.69518293],20,19,"[0.3585209611110644, 0.671407469606326]",1,-1
20039,[0.39795139 0.57525375],20,25,"[0.38660465276603295, 0.5871767558758164]",1,-1
20040,[0.3554487  0.63646345],20,19,"[0.3585209611110644, 0.671407469606326]",1,-1
20041,[0.39665752 0.61025634],20,25,"[0.38660465276603295, 0.5871767558758164]",1,-1
20042,[0.40857691 0.60497517],20,25,"[0.38660465276603295, 0.5871767558758164]",1,-1
20043,[0.31903849 0.6232904 ],20,44,"[0.30505443145580996, 0.5938366826632161]",1,-1
20044,[0.4175349  0.66276182],20,45,"[0.4377614438459196, 0.655911915550708]",1,-1
20045,[0.25879849 0.60453645],20,40,"[0.24325605379412626, 0.6063462149687255]",1,-1
20046,[0.3317923  0.51504393],20,13,"[0.32294489274299887, 0.4620611538839558]",1,-1
20047,[0.38210915 0.6476021 ],20,19,"[0.3585209611110644, 0.671407469606326]",1,-1
20048,[0.32914766 0.57927039],20,44,"[0.30505443145580996, 0.5938366826632161]",1,-1
20049,[0.36460873 0.47427183],20,13,"[0.32294489274299887, 0.4620611538839558]",1,-1
20050,[0.40807065 0.55241422],20,25,"[0.38660465276603295, 0.5871767558758164]",1,-1
20051,[0.41372144 0.5449017 ],20,18,"[0.4203234088660354, 0.508036417947434]",1,-1
20052,[0.32772272 0.58728617],20,44,"[0.30505443145580996, 0.5938366826632161]",1,-1
20053,[0.41303382 0.5821321 ],20,25,"[0.38660465276603295, 0.5871767558758164]",1,-1
20054,[0.22327801 0.56114492],20,40,"[0.24325605379412626, 0.6063462149687255]",1,-1
20055,[0.31582868 0.56584694],20,44,"[0.30505443145580996, 0.5938366826632161]",1,-1
20056,[0.43911658 0.60194355],20,5,"[0.47989515498241786, 0.6212764114798471]",1,-1
20057,[0.34979094 0.636015  ],20,19,"[0.3585209611110644, 0.671407469606326]",1,-1
20058,[0.34228637 0.59284929],20,44,"[0.30505443145580996, 0.5938366826632161]",1,-1
20059,[0.29931196 0.67162144],20,8,"[0.26852263019242567, 0.6890353589332484]",1,-1
20060,[0.35917983 0.6754947 ],20,19,"[0.3585209611110644, 0.671407469606326]",1,-1
20061,[0.40837397 0.6196532 ],20,25,"[0.38660465276603295, 0.5871767558758164]",1,-1
20062,[0.3756634  0.68699009],20,19,"[0.3585209611110644, 0.671407469606326]",1,-1
20063,[0.3427074  0.55424425],20,44,"[0.30505443145580996, 0.5938366826632161]",1,-1
20064,[0.35727106 0.59327955],20,25,"[0.38660465276603295, 0.5871767558758164]",1,-1
20065,[0.29447393 0.57182304],20,44,"[0.30505443145580996, 0.5938366826632161]",1,-1
20066,[0.38963827 0.5875346 ],20,25,"[0.38660465276603295, 0.5871767558758164]",1,-1
20067,[0.29610439 0.59258509],20,44,"[0.30505443145580996, 0.5938366826632161]",1,-1
20068,[0.34438792 0.61707189],20,44,"[0.30505443145580996, 0.5938366826632161]",1,-1
20069,[0.29387812 0.69636653],20,8,"[0.26852263019242567, 0.6890353589332484]",1,-1
20070,[0.38711382 0.52725424],20,18,"[0.4203234088660354, 0.508036417947434]",1,-1
20071,[0.34097073 0.64961825],20,19,"[0.3585209611110644, 0.671407469606326]",1,-1
20072,[0.33004401 0.66179281],20,19,"[0.3585209611110644, 0.671407469606326]",1,12
20073,[0.3668074  0.56559526],20,25,"[0.38660465276603295, 0.5871767558758164]",1,-1
20074,[0.39982983 0.68911311],20,19,"[0.3585209611110644, 0.671407469606326]",1,-1
20075,[0.39042374 0.66557601],20,19,"[0.3585209611110644, 0.671407469606326]",1,-1
20076,[0.41383829 0.55758306],20,25,"[0.38660465276603295, 0.5871767558758164]",1,-1
20077,[0.33207796 0.62809246],20,44,"[0.30505443145580996, 0.5938366826632161]",1,9
20078,[0.41046908 0.61597235],20,25,"[0.38660465276603295, 0.5871767558758164]",1,-1
20079,[0.41345943 0.60957221],20,25,"[0.38660465276603295, 0.5871767558758164]",1,-1
20080,[0.26448036 0.65843546],20,8,"[0.26852263019242567, 0.6890353589332484]",1,-1
20081,[0.33187348 0.53873772],20,44,"[0.30505443145580996, 0.5938366826632161]",1,-1
20082,[0.26645965 0.64460732],20,8,"[0.26852263019242567, 0.6890353589332484]",1,16
20083,[0.34665063 0.55382625],20,25,"[0.38660465276603295, 0.5871767558758164]",1,-1
20084,[0.30594733 0.50578593],20,13,"[0.32294489274299887, 0.4620611538839558]",1,-1
20085,[0.42582994 0.54600243],20,18,"[0.4203234088660354, 0.508036417947434]",1,-1
20086,[0.40550061 0.63852418],20,45,"[0.4377614438459196, 0.655911915550708]",1,46
20087,[0.39675055 0.64869109],20,45,"[0.4377614438459196, 0.655911915550708]",1,-1
20088,[0.35035888 0.59148934],20,25,"[0.38660465276603295, 0.5871767558758164]",1,-1
20089,[0.39490736 0.60259354],20,25,"[0.38660465276603295, 0.5871767558758164]",1,-1
20090,[0.25211389 0.56278492],20,40,"[0.24325605379412626, 0.6063462149687255]",1,-1
20091,[0.40557957 0.59762131],20,25,"[0.38660465276603295, 0.5871767558758164]",1,-1
20092,[0.32830165 0.70921264],20,19,"[0.3585209611110644, 0.671407469606326]",1,-1
20093,[0.36416663 0.60404024],20,25,"[0.38660465276603295, 0.5871767558758164]",1,-1
20094,[0.37867129 0.71034729],20,19,"[0.3585209611110644, 0.671407469606326]",1,-1
20095,[0.38478514 0.63443287],20,19,"[0.3585209611110644, 0.671407469606326]",1,-1
20096,[0.3791981  0.59457672],20,25,"[0.38660465276603295, 0.5871767558758164]",1,-1
20097,[0.35359235 0.62584018],20,19,"[0.3585209611110644, 0.671407469606326]",1,-1
20098,[0.30602642 0.58348101],20,44,"[0.30505443145580996, 0.5938366826632161]",1,-1
20099,[0.37023844 0.60545813],20,25,"[0.38660465276603295, 0.5871767558758164]",1,-1
20100,[0.35184672 0.59504894],20,25,"[0.38660465276603295, 0.5871767558758164]",1,-1
20101,[0.36526154 0.57859006],20,25,"[0.38660465276603295, 0.5871767558758164]",1,-1
20102,[0.38361549 0.55413649],20,25,"[0.38660465276603295, 0.5871767558758164]",1,-1
20103,[0.33916674 0.6104862 ],20,44,"[0.30505443145580996, 0.5938366826632161]",1,-1
20104,[0.38472934 0.50269262],20,18,"[0.4203234088660354, 0.508036417947434]",1,-1
20105,[0.27480286 0.60956314],20,40,"[0.24325605379412626, 0.6063462149687255]",1,-1
20106,[0.46233474 0.57984071],20,5,"[0.47989515498241786, 0.6212764114798471]",1,-1
20107,[0.3236911  0.66638259],20,19,"[0.3585209611110644, 0.671407469606326]",1,-1
20108,[0.41498907 0.61939716],20,25,"[0.38660465276603295, 0.5871767558758164]",1,-1
20109,[0.42816494 0.58787782],20,25,"[0.38660465276603295, 0.5871767558758164]",1,-1
20110,[0.33840592 0.64295086],20,19,"[0.3585209611110644, 0.671407469606326]",1,9
20111,[0.41711479 0.66729722],20,45,"[0.4377614438459196, 0.655911915550708]",1,-1
20112,[0.39481415 0.64152692],20,45,"[0.4377614438459196, 0.655911915550708]",1,46
20113,[0.29946073 0.5417683 ],20,44,"[0.30505443145580996, 0.5938366826632161]",1,-1
20114,[0.35990345 0.70065191],20,19,"[0.3585209611110644, 0.671407469606326]",1,-1
20115,[0.39893705 0.68017743],20,19,"[0.3585209611110644, 0.671407469606326]",1,-1
20116,[0.44786835 0.64774301],20,45,"[0.4377614438459196, 0.655911915550708]",1,-1
20117,[0.33673431 0.62226439],20,44,"[0.30505443145580996, 0.5938366826632161]",1,-1
20118,[0.33866176 0.61042603],20,44,"[0.30505443145580996, 0.5938366826632161]",1,-1
20119,[0.36724038 0.58262108],20,25,"[0.38660465276603295, 0.5871767558758164]",1,-1
20120,[0.39338894 0.56660184],20,25,"[0.38660465276603295, 0.5871767558758164]",1,-1
20121,[0.34832569 0.60500959],20,25,"[0.38660465276603295, 0.5871767558758164]",1,-1
20122,[0.41172985 0.71017524],20,47,"[0.4308417820697566, 0.7426361553548808]",1,-1
20123,[0.43225451 0.69986237],20,47,"[0.4308417820697566, 0.7426361553548808]",1,-1
20124,[0.34131694 0.62969769],20,19,"[0.3585209611110644, 0.671407469606326]",1,-1
20125,[0.33338227 0.5981057 ],20,44,"[0.30505443145580996, 0.5938366826632161]",1,-1
20126,[0.326186  0.5710114],20,44,"[0.30505443145580996, 0.5938366826632161]",1,-1
20127,[0.35716881 0.61992332],20,25,"[0.38660465276603295, 0.5871767558758164]",1,-1
20128,[0.42848112 0.61103787],20,45,"[0.4377614438459196, 0.655911915550708]",1,-1
20129,[0.38976906 0.55538509],20,25,"[0.38660465276603295, 0.5871767558758164]",1,-1
20130,[0.26892879 0.45972789],20,13,"[0.32294489274299887, 0.4620611538839558]",1,29
20131,[0.30720182 0.59577663],20,44,"[0.30505443145580996, 0.5938366826632161]",1,-1
20132,[0.28659754 0.5786557 ],20,44,"[0.30505443145580996, 0.5938366826632161]",1,-1
20133,[0.39357042 0.5699344 ],20,25,"[0.38660465276603295, 0.5871767558758164]",1,-1
20134,[0.42546641 0.68382387],20,45,"[0.4377614438459196, 0.655911915550708]",1,-1
20135,[0.43381873 0.64007696],20,45,"[0.4377614438459196, 0.655911915550708]",1,-1
20136,[0.22884818 0.54871445],20,40,"[0.24325605379412626, 0.6063462149687255]",1,-1
20137,[0.42829357 0.69245408],20,45,"[0.4377614438459196, 0.655911915550708]",1,-1
20138,[0.33936509 0.59379338],20,44,"[0.30505443145580996, 0.5938366826632161]",1,-1
20139,[0.42235204 0.51235621],20,18,"[0.4203234088660354, 0.508036417947434]",1,-1
20140,[0.33450006 0.56488341],20,44,"[0.30505443145580996, 0.5938366826632161]",1,-1
20141,[0.29469811 0.59918579],20,44,"[0.30505443145580996, 0.5938366826632161]",1,-1
20142,[0.46906257 0.56956752],20,5,"[0.47989515498241786, 0.6212764114798471]",1,70
20143,[0.31224917 0.62649241],20,44,"[0.30505443145580996, 0.5938366826632161]",1,-1
20144,[0.39511145 0.55356333],20,25,"[0.38660465276603295, 0.5871767558758164]",1,-1
20145,[0.36768525 0.55797153],20,25,"[0.38660465276603295, 0.5871767558758164]",1,-1
20146,[0.40674552 0.58319645],20,25,"[0.38660465276603295, 0.5871767558758164]",1,-1
20147,[0.32698318 0.56546933],20,44,"[0.30505443145580996, 0.5938366826632161]",1,-1
20148,[0.36648642 0.62411157],20,25,"[0.38660465276603295, 0.5871767558758164]",1,-1
20149,[0.32274159 0.72379035],20,19,"[0.3585209611110644, 0.671407469606326]",1,-1
20150,[0.37683626 0.65643646],20,19,"[0.3585209611110644, 0.671407469606326]",1,-1
20151,[0.404469   0.72860948],20,47,"[0.4308417820697566, 0.7426361553548808]",1,-1
20152,[0.25781205 0.59564545],20,40,"[0.24325605379412626, 0.6063462149687255]",1,-1
20153,[0.3234158  0.61129868],20,44,"[0.30505443145580996, 0.5938366826632161]",1,-1
20154,[0.30256869 0.57997702],20,44,"[0.30505443145580996, 0.5938366826632161]",1,-1
20155,[0.39714166 0.57539574],20,25,"[0.38660465276603295, 0.5871767558758164]",1,-1
20156,[0.41195542 0.64525691],20,45,"[0.4377614438459196, 0.655911915550708]",1,46
20157,[0.32945167 0.68002493],20,19,"[0.3585209611110644, 0.671407469606326]",1,-1
20158,[0.36206786 0.59076353],20,25,"[0.38660465276603295, 0.5871767558758164]",1,-1
20159,[0.42025335 0.64719247],20,45,"[0.4377614438459196, 0.655911915550708]",1,46
20160,[0.31620594 0.58130327],20,44,"[0.30505443145580996, 0.5938366826632161]",1,-1
20161,[0.32578711 0.5634086 ],20,44,"[0.30505443145580996, 0.5938366826632161]",1,-1
20162,[0.3728488  0.56478188],20,25,"[0.38660465276603295, 0.5871767558758164]",1,-1
20163,[0.40129835 0.5916219 ],20,25,"[0.38660465276603295, 0.5871767558758164]",1,-1
20164,[0.40647917 0.6855682 ],20,45,"[0.4377614438459196, 0.655911915550708]",1,-1
20165,[0.33774819 0.63612231],20,19,"[0.3585209611110644, 0.671407469606326]",1,9
20166,[0.26081976 0.73368471],20,24,"[0.2219823769694232, 0.7523883708842017]",1,-1
20167,[0.41721779 0.65240774],20,45,"[0.4377614438459196, 0.655911915550708]",1,-1
20168,[0.41875288 0.68028572],20,45,"[0.4377614438459196, 0.655911915550708]",1,-1
20169,[0.38432305 0.55012602],20,25,"[0.38660465276603295, 0.5871767558758164]",1,-1
20170,[0.46472343 0.60991364],20,5,"[0.47989515498241786, 0.6212764114798471]",1,-1
20171,[0.4714966  0.72740017],20,47,"[0.4308417820697566, 0.7426361553548808]",1,-1
20172,[0.32347741 0.63840473],20,19,"[0.3585209611110644, 0.671407469606326]",1,9
20173,[0.32944794 0.6549745 ],20,19,"[0.3585209611110644, 0.671407469606326]",1,-1
20174,[0.45592743 0.64928693],20,45,"[0.4377614438459196, 0.655911915550708]",1,-1
20175,[0.37889261 0.55347868],20,25,"[0.38660465276603295, 0.5871767558758164]",1,-1
20176,[0.33654769 0.54471582],20,44,"[0.30505443145580996, 0.5938366826632161]",1,-1
20177,[0.3579669  0.65165122],20,19,"[0.3585209611110644, 0.671407469606326]",1,-1
20178,[0.4121274  0.58505477],20,25,"[0.38660465276603295, 0.5871767558758164]",1,-1
20179,[0.37051512 0.63016644],20,19,"[0.3585209611110644, 0.671407469606326]",1,-1
20180,[0.34176004 0.52775691],20,13,"[0.32294489274299887, 0.4620611538839558]",1,-1
20181,[0.31815408 0.58763176],20,44,"[0.30505443145580996, 0.5938366826632161]",1,-1
20182,[0.39170136 0.586787  ],20,25,"[0.38660465276603295, 0.5871767558758164]",1,-1
20183,[0.42416015 0.63235661],20,45,"[0.4377614438459196, 0.655911915550708]",1,-1
20184,[0.30070096 0.53921068],20,44,"[0.30505443145580996, 0.5938366826632161]",1,-1
20185,[0.33987664 0.60722422],20,44,"[0.30505443145580996, 0.5938366826632161]",1,-1
20186,[0.37780918 0.6506132 ],20,19,"[0.3585209611110644, 0.671407469606326]",1,-1
20187,[0.33467041 0.56442309],20,44,"[0.30505443145580996, 0.5938366826632161]",1,-1
20188,[0.36354865 0.57599719],20,25,"[0.38660465276603295, 0.5871767558758164]",1,-1
20189,[0.34750964 0.62994505],20,19,"[0.3585209611110644, 0.671407469606326]",1,-1
20190,[0.31460014 0.51902988],20,13,"[0.32294489274299887, 0.4620611538839558]",1,-1
20191,[0.40423328 0.64474648],20,45,"[0.4377614438459196, 0.655911915550708]",1,46
20192,[0.34112799 0.59864623],20,44,"[0.30505443145580996, 0.5938366826632161]",1,-1
20193,[0.37094133 0.64888066],20,19,"[0.3585209611110644, 0.671407469606326]",1,-1
20194,[0.41747845 0.64667682],20,45,"[0.4377614438459196, 0.655911915550708]",1,46
20195,[0.34725814 0.64618484],20,19,"[0.3585209611110644, 0.671407469606326]",1,9
20196,[0.33768124 0.74853174],20,12,"[0.3169063637449832, 0.8033325636066986]",1,-1
20197,[0.43043858 0.6326674 ],20,45,"[0.4377614438459196, 0.655911915550708]",1,60
20198,[0.24987053 0.56821209],20,40,"[0.24325605379412626, 0.6063462149687255]",1,-1
20199,[0.45719383 0.56864101],20,5,"[0.47989515498241786, 0.6212764114798471]",1,-1
20200,[0.35896749 0.52841371],20,18,"[0.4203234088660354, 0.508036417947434]",1,-1
20201,[0.4048619  0.56022333],20,25,"[0.38660465276603295, 0.5871767558758164]",1,-1
20202,[0.41180487 0.58558521],20,25,"[0.38660465276603295, 0.5871767558758164]",1,-1
20203,[0.28906127 0.68310925],20,8,"[0.26852263019242567, 0.6890353589332484]",1,-1
20204,[0.3731425  0.56473269],20,25,"[0.38660465276603295, 0.5871767558758164]",1,-1
20205,[0.46121589 0.62750255],20,5,"[0.47989515498241786, 0.6212764114798471]",1,60
20206,[0.44531048 0.64308928],20,45,"[0.4377614438459196, 0.655911915550708]",1,-1
20207,[0.28652321 0.54427985],20,44,"[0.30505443145580996, 0.5938366826632161]",1,-1
20208,[0.38001384 0.56687907],20,25,"[0.38660465276603295, 0.5871767558758164]",1,-1
20209,[0.38800634 0.65005059],20,19,"[0.3585209611110644, 0.671407469606326]",1,-1
20210,[0.46568097 0.56955066],20,5,"[0.47989515498241786, 0.6212764114798471]",1,-1
20211,[0.30738838 0.5606549 ],20,44,"[0.30505443145580996, 0.5938366826632161]",1,-1
20212,[0.28077928 0.61877887],20,44,"[0.30505443145580996, 0.5938366826632161]",1,-1
20213,[0.33829227 0.67220847],20,19,"[0.3585209611110644, 0.671407469606326]",1,-1
20214,[0.33386228 0.51793442],20,13,"[0.32294489274299887, 0.4620611538839558]",1,-1
20215,[0.32453851 0.63519633],20,44,"[0.30505443145580996, 0.5938366826632161]",1,9
20216,[0.45780615 0.59644067],20,5,"[0.47989515498241786, 0.6212764114798471]",1,-1
20217,[0.3853445  0.61215868],20,25,"[0.38660465276603295, 0.5871767558758164]",1,-1
20218,[0.32715727 0.59663173],20,44,"[0.30505443145580996, 0.5938366826632161]",1,-1
20219,[0.30163839 0.63970438],20,44,"[0.30505443145580996, 0.5938366826632161]",1,-1
20220,[0.4391349  0.59569297],20,5,"[0.47989515498241786, 0.6212764114798471]",1,-1
20221,[0.32148253 0.63240508],20,44,"[0.30505443145580996, 0.5938366826632161]",1,9
20222,[0.42331378 0.59987999],20,25,"[0.38660465276603295, 0.5871767558758164]",1,-1
20223,[0.38038149 0.57239779],20,25,"[0.38660465276603295, 0.5871767558758164]",1,-1
20224,[0.39242491 0.61009925],20,25,"[0.38660465276603295, 0.5871767558758164]",1,-1
20225,[0.38610182 0.56632047],20,25,"[0.38660465276603295, 0.5871767558758164]",1,-1
20226,[0.44215716 0.49026263],20,18,"[0.4203234088660354, 0.508036417947434]",1,-1
20227,[0.36351757 0.63141807],20,19,"[0.3585209611110644, 0.671407469606326]",1,-1
20228,[0.39824222 0.60692642],20,25,"[0.38660465276603295, 0.5871767558758164]",1,51
20229,[0.2736736 0.5296415],20,-1,-1,1,-1
20230,[0.43410374 0.58183816],20,25,"[0.38660465276603295, 0.5871767558758164]",1,60
20231,[0.37956622 0.62175247],20,25,"[0.38660465276603295, 0.5871767558758164]",1,-1
20232,[0.30061455 0.64563876],20,44,"[0.30505443145580996, 0.5938366826632161]",1,-1
20233,[0.27323272 0.64053151],20,40,"[0.24325605379412626, 0.6063462149687255]",1,16
20234,[0.39548489 0.51438647],20,18,"[0.4203234088660354, 0.508036417947434]",1,-1
20235,[0.34720419 0.50711062],20,13,"[0.32294489274299887, 0.4620611538839558]",1,-1
20236,[0.37639641 0.56710984],20,25,"[0.38660465276603295, 0.5871767558758164]",1,-1
20237,[0.28303983 0.60183608],20,44,"[0.30505443145580996, 0.5938366826632161]",1,-1
20238,[0.37002179 0.6015652 ],20,25,"[0.38660465276603295, 0.5871767558758164]",1,-1
20239,[0.37493076 0.61070701],20,25,"[0.38660465276603295, 0.5871767558758164]",1,-1
20240,[0.32341362 0.64430341],20,19,"[0.3585209611110644, 0.671407469606326]",1,-1
20241,[0.26233502 0.5676194 ],20,40,"[0.24325605379412626, 0.6063462149687255]",1,-1
20242,[0.38854224 0.57978402],20,25,"[0.38660465276603295, 0.5871767558758164]",1,-1
20243,[0.35791793 0.49930819],20,13,"[0.32294489274299887, 0.4620611538839558]",1,-1
20244,[0.35557022 0.65537   ],20,19,"[0.3585209611110644, 0.671407469606326]",1,-1
20245,[0.27920297 0.59758933],20,44,"[0.30505443145580996, 0.5938366826632161]",1,-1
20246,[0.34108303 0.61086551],20,44,"[0.30505443145580996, 0.5938366826632161]",1,-1
20247,[0.34781567 0.58517361],20,25,"[0.38660465276603295, 0.5871767558758164]",1,-1
20248,[0.25322309 0.64458031],20,40,"[0.24325605379412626, 0.6063462149687255]",1,-1
20249,[0.39642576 0.62079878],20,25,"[0.38660465276603295, 0.5871767558758164]",1,46
20250,[0.30049895 0.6016458 ],20,44,"[0.30505443145580996, 0.5938366826632161]",1,-1
20251,[0.35067694 0.53620863],20,25,"[0.38660465276603295, 0.5871767558758164]",1,-1
20252,[0.39646212 0.63912725],20,45,"[0.4377614438459196, 0.655911915550708]",1,46
20253,[0.35571432 0.52023398],20,18,"[0.4203234088660354, 0.508036417947434]",1,-1
20254,[0.385643   0.52725483],20,18,"[0.4203234088660354, 0.508036417947434]",1,-1
20255,[0.36939769 0.54124368],20,25,"[0.38660465276603295, 0.5871767558758164]",1,-1
20256,[0.37078517 0.62403817],20,25,"[0.38660465276603295, 0.5871767558758164]",1,-1
20257,[0.35559693 0.65308739],20,19,"[0.3585209611110644, 0.671407469606326]",1,9
20258,[0.34115756 0.57589884],20,44,"[0.30505443145580996, 0.5938366826632161]",1,-1
20259,[0.37947133 0.52711182],20,18,"[0.4203234088660354, 0.508036417947434]",1,-1
20260,[0.30291344 0.69867266],20,8,"[0.26852263019242567, 0.6890353589332484]",1,-1
20261,[0.30984522 0.59055409],20,44,"[0.30505443145580996, 0.5938366826632161]",1,-1
20262,[0.36663344 0.52482626],20,18,"[0.4203234088660354, 0.508036417947434]",1,-1
20263,[0.46784954 0.69593244],20,45,"[0.4377614438459196, 0.655911915550708]",1,-1
20264,[0.39229196 0.58063655],20,25,"[0.38660465276603295, 0.5871767558758164]",1,-1
20265,[0.27626683 0.54285153],20,44,"[0.30505443145580996, 0.5938366826632161]",1,-1
20266,[0.30960934 0.55160372],20,44,"[0.30505443145580996, 0.5938366826632161]",1,-1
20267,[0.34739509 0.57911241],20,25,"[0.38660465276603295, 0.5871767558758164]",1,-1
20268,[0.33094996 0.55417525],20,44,"[0.30505443145580996, 0.5938366826632161]",1,-1
20269,[0.27275906 0.54048197],20,44,"[0.30505443145580996, 0.5938366826632161]",1,-1
20270,[0.40151869 0.66395141],20,45,"[0.4377614438459196, 0.655911915550708]",1,-1
20271,[0.31358971 0.64176631],20,44,"[0.30505443145580996, 0.5938366826632161]",1,-1
20272,[0.32362347 0.62212328],20,44,"[0.30505443145580996, 0.5938366826632161]",1,-1
20273,[0.31812382 0.54399982],20,44,"[0.30505443145580996, 0.5938366826632161]",1,-1
20274,[0.44931297 0.58302735],20,5,"[0.47989515498241786, 0.6212764114798471]",1,-1
20275,[0.3287542  0.67413872],20,19,"[0.3585209611110644, 0.671407469606326]",1,-1
20276,[0.32106057 0.59906893],20,44,"[0.30505443145580996, 0.5938366826632161]",1,-1
20277,[0.34506279 0.63297062],20,19,"[0.3585209611110644, 0.671407469606326]",1,-1
20278,[0.36775508 0.58627126],20,25,"[0.38660465276603295, 0.5871767558758164]",1,-1
20279,[0.44432914 0.63830256],20,45,"[0.4377614438459196, 0.655911915550708]",1,60
20280,[0.40817087 0.6241644 ],20,25,"[0.38660465276603295, 0.5871767558758164]",1,-1
20281,[0.34630829 0.55907606],20,25,"[0.38660465276603295, 0.5871767558758164]",1,-1
20282,[0.32203263 0.52518449],20,13,"[0.32294489274299887, 0.4620611538839558]",1,-1
20283,[0.36041129 0.60564202],20,25,"[0.38660465276603295, 0.5871767558758164]",1,-1
20284,[0.33271858 0.60441707],20,44,"[0.30505443145580996, 0.5938366826632161]",1,-1
20285,[0.31681162 0.54205588],20,44,"[0.30505443145580996, 0.5938366826632161]",1,-1
20286,[0.39941372 0.64640994],20,45,"[0.4377614438459196, 0.655911915550708]",1,-1
20287,[0.38796584 0.63088106],20,25,"[0.38660465276603295, 0.5871767558758164]",1,46
20288,[0.29081012 0.6394214 ],20,44,"[0.30505443145580996, 0.5938366826632161]",1,-1
20289,[0.38962815 0.57659649],20,25,"[0.38660465276603295, 0.5871767558758164]",1,-1
20290,[0.40750249 0.58762025],20,25,"[0.38660465276603295, 0.5871767558758164]",1,-1
20291,[0.34159674 0.51250928],20,13,"[0.32294489274299887, 0.4620611538839558]",1,-1
20292,[0.3838943  0.56599022],20,25,"[0.38660465276603295, 0.5871767558758164]",1,-1
20293,[0.32291773 0.5951979 ],20,44,"[0.30505443145580996, 0.5938366826632161]",1,-1
20294,[0.29399449 0.6707178 ],20,8,"[0.26852263019242567, 0.6890353589332484]",1,17
20295,[0.25261981 0.58720376],20,40,"[0.24325605379412626, 0.6063462149687255]",1,-1
20296,[0.44278742 0.60503313],20,5,"[0.47989515498241786, 0.6212764114798471]",1,-1
20297,[0.39013492 0.55927904],20,25,"[0.38660465276603295, 0.5871767558758164]",1,-1
20298,[0.3852173  0.65510756],20,19,"[0.3585209611110644, 0.671407469606326]",1,-1
20299,[0.39954398 0.59426238],20,25,"[0.38660465276603295, 0.5871767558758164]",1,51
20300,[0.31685991 0.61309211],20,44,"[0.30505443145580996, 0.5938366826632161]",1,-1
20301,[0.38910003 0.6303632 ],20,25,"[0.38660465276603295, 0.5871767558758164]",1,46
20302,[0.33179116 0.61484849],20,44,"[0.30505443145580996, 0.5938366826632161]",1,-1
20303,[0.27846239 0.49763021],20,13,"[0.32294489274299887, 0.4620611538839558]",1,-1
20304,[0.33805137 0.6466842 ],20,19,"[0.3585209611110644, 0.671407469606326]",1,-1
20305,[0.33481838 0.52731587],20,13,"[0.32294489274299887, 0.4620611538839558]",1,-1
20306,[0.33810803 0.64107843],20,19,"[0.3585209611110644, 0.671407469606326]",1,9
20307,[0.27026523 0.62673362],20,40,"[0.24325605379412626, 0.6063462149687255]",1,-1
20308,[0.34110463 0.52716045],20,13,"[0.32294489274299887, 0.4620611538839558]",1,-1
20309,[0.41960737 0.54494979],20,18,"[0.4203234088660354, 0.508036417947434]",1,-1
20310,[0.34026963 0.61084357],20,44,"[0.30505443145580996, 0.5938366826632161]",1,-1
20311,[0.41401797 0.62593938],20,45,"[0.4377614438459196, 0.655911915550708]",1,-1
20312,[0.40147215 0.59404493],20,25,"[0.38660465276603295, 0.5871767558758164]",1,51
20313,[0.41629661 0.6927915 ],20,45,"[0.4377614438459196, 0.655911915550708]",1,-1
20314,[0.37776281 0.6403609 ],20,19,"[0.3585209611110644, 0.671407469606326]",1,-1
20315,[0.33319787 0.61824094],20,44,"[0.30505443145580996, 0.5938366826632161]",1,-1
20316,[0.30382019 0.64205957],20,44,"[0.30505443145580996, 0.5938366826632161]",1,-1
20317,[0.26048318 0.60070984],20,40,"[0.24325605379412626, 0.6063462149687255]",1,-1
20318,[0.36920101 0.58082257],20,25,"[0.38660465276603295, 0.5871767558758164]",1,-1
20319,[0.40100355 0.50695157],20,18,"[0.4203234088660354, 0.508036417947434]",1,-1
20320,[0.40032048 0.55627043],20,25,"[0.38660465276603295, 0.5871767558758164]",1,-1
20321,[0.39961188 0.62043728],20,25,"[0.38660465276603295, 0.5871767558758164]",1,-1
20322,[0.29659567 0.6853785 ],20,8,"[0.26852263019242567, 0.6890353589332484]",1,-1
20323,[0.40655433 0.57724724],20,25,"[0.38660465276603295, 0.5871767558758164]",1,-1
20324,[0.33406116 0.61298425],20,44,"[0.30505443145580996, 0.5938366826632161]",1,-1
20325,[0.38214141 0.59997702],20,25,"[0.38660465276603295, 0.5871767558758164]",1,-1
20326,[0.33605764 0.5837578 ],20,44,"[0.30505443145580996, 0.5938366826632161]",1,-1
20327,[0.36417447 0.63990736],20,19,"[0.3585209611110644, 0.671407469606326]",1,-1
20328,[0.31819483 0.53632463],20,44,"[0.30505443145580996, 0.5938366826632161]",1,-1
20329,[0.42370384 0.56700938],20,25,"[0.38660465276603295, 0.5871767558758164]",1,-1
20330,[0.44649919 0.65394535],20,45,"[0.4377614438459196, 0.655911915550708]",1,60
20331,[0.30810735 0.5971253 ],20,44,"[0.30505443145580996, 0.5938366826632161]",1,-1
20332,[0.3714992  0.59718061],20,25,"[0.38660465276603295, 0.5871767558758164]",1,-1
20333,[0.39438454 0.63395405],20,25,"[0.38660465276603295, 0.5871767558758164]",1,46
20334,[0.38070039 0.64405644],20,19,"[0.3585209611110644, 0.671407469606326]",1,-1
20335,[0.28526074 0.68371398],20,8,"[0.26852263019242567, 0.6890353589332484]",1,-1
20336,[0.30651183 0.6737446 ],20,8,"[0.26852263019242567, 0.6890353589332484]",1,-1
20337,[0.35371308 0.59580991],20,25,"[0.38660465276603295, 0.5871767558758164]",1,-1
20338,[0.35343026 0.53527058],20,25,"[0.38660465276603295, 0.5871767558758164]",1,-1
20339,[0.30818169 0.46996869],20,13,"[0.32294489274299887, 0.4620611538839558]",1,-1
20340,[0.36329771 0.60435983],20,25,"[0.38660465276603295, 0.5871767558758164]",1,-1
20341,[0.40046196 0.66692557],20,45,"[0.4377614438459196, 0.655911915550708]",1,-1
20342,[0.33621372 0.68523493],20,19,"[0.3585209611110644, 0.671407469606326]",1,-1
20343,[0.44166119 0.56372325],20,18,"[0.4203234088660354, 0.508036417947434]",1,-1
20344,[0.39054344 0.57252534],20,25,"[0.38660465276603295, 0.5871767558758164]",1,-1
20345,[0.28591559 0.54347396],20,44,"[0.30505443145580996, 0.5938366826632161]",1,-1
20346,[0.39562427 0.68566468],20,19,"[0.3585209611110644, 0.671407469606326]",1,-1
20347,[0.49272031 0.57696393],20,2,"[0.5181425386759565, 0.548951681512668]",1,-1
20348,[0.40357942 0.63258647],20,45,"[0.4377614438459196, 0.655911915550708]",1,-1
20349,[0.33946495 0.60718931],20,44,"[0.30505443145580996, 0.5938366826632161]",1,-1
20350,[0.32245132 0.62253922],20,44,"[0.30505443145580996, 0.5938366826632161]",1,-1
20351,[0.3412572  0.59846005],20,44,"[0.30505443145580996, 0.5938366826632161]",1,-1
20352,[0.3450648  0.62005061],20,44,"[0.30505443145580996, 0.5938366826632161]",1,-1
20353,[0.29189977 0.70583733],20,8,"[0.26852263019242567, 0.6890353589332484]",1,18
20354,[0.32827479 0.55649181],20,44,"[0.30505443145580996, 0.5938366826632161]",1,-1
20355,[0.40460332 0.58030308],20,25,"[0.38660465276603295, 0.5871767558758164]",1,-1
20356,[0.355808   0.53377371],20,25,"[0.38660465276603295, 0.5871767558758164]",1,-1
20357,[0.34118364 0.64963805],20,19,"[0.3585209611110644, 0.671407469606326]",1,-1
20358,[0.43355094 0.49176816],20,18,"[0.4203234088660354, 0.508036417947434]",1,-1
20359,[0.3535584  0.54794834],20,25,"[0.38660465276603295, 0.5871767558758164]",1,-1
20360,[0.33247104 0.64662543],20,19,"[0.3585209611110644, 0.671407469606326]",1,-1
20361,[0.35206951 0.48843154],20,13,"[0.32294489274299887, 0.4620611538839558]",1,-1
20362,[0.4464952  0.58055638],20,5,"[0.47989515498241786, 0.6212764114798471]",1,-1
20363,[0.28177173 0.71668469],20,8,"[0.26852263019242567, 0.6890353589332484]",1,-1
20364,[0.38094162 0.67880207],20,19,"[0.3585209611110644, 0.671407469606326]",1,-1
20365,[0.30311177 0.62895481],20,44,"[0.30505443145580996, 0.5938366826632161]",1,-1
20366,[0.43784694 0.55956937],20,18,"[0.4203234088660354, 0.508036417947434]",1,-1
20367,[0.32687468 0.53601251],20,44,"[0.30505443145580996, 0.5938366826632161]",1,-1
20368,[0.37560627 0.6730853 ],20,19,"[0.3585209611110644, 0.671407469606326]",1,-1
20369,[0.34152399 0.61671814],20,44,"[0.30505443145580996, 0.5938366826632161]",1,-1
20370,[0.37801766 0.60612783],20,25,"[0.38660465276603295, 0.5871767558758164]",1,-1
20371,[0.38964377 0.5670504 ],20,25,"[0.38660465276603295, 0.5871767558758164]",1,-1
20372,[0.40475123 0.580529  ],20,25,"[0.38660465276603295, 0.5871767558758164]",1,-1
20373,[0.37032687 0.67397834],20,19,"[0.3585209611110644, 0.671407469606326]",1,-1
20374,[0.40318678 0.62366169],20,25,"[0.38660465276603295, 0.5871767558758164]",1,-1
20375,[0.31449673 0.51179367],20,13,"[0.32294489274299887, 0.4620611538839558]",1,-1
20376,[0.39866743 0.59463018],20,25,"[0.38660465276603295, 0.5871767558758164]",1,51
20377,[0.46582824 0.54095768],20,2,"[0.5181425386759565, 0.548951681512668]",1,-1
20378,[0.26352715 0.66438321],20,8,"[0.26852263019242567, 0.6890353589332484]",1,-1
20379,[0.35309769 0.56642518],20,25,"[0.38660465276603295, 0.5871767558758164]",1,-1
20380,[0.3741329 0.6024477],20,25,"[0.38660465276603295, 0.5871767558758164]",1,-1
20381,[0.39898874 0.59991874],20,25,"[0.38660465276603295, 0.5871767558758164]",1,51
20382,[0.30964569 0.6588847 ],20,19,"[0.3585209611110644, 0.671407469606326]",1,-1
20383,[0.44840204 0.54524607],20,18,"[0.4203234088660354, 0.508036417947434]",1,-1
20384,[0.40068337 0.66780704],20,45,"[0.4377614438459196, 0.655911915550708]",1,-1
20385,[0.46279527 0.59560298],20,5,"[0.47989515498241786, 0.6212764114798471]",1,-1
20386,[0.36629592 0.5531027 ],20,25,"[0.38660465276603295, 0.5871767558758164]",1,-1
20387,[0.41974481 0.59404117],20,25,"[0.38660465276603295, 0.5871767558758164]",1,-1
20388,[0.3058642  0.60412141],20,44,"[0.30505443145580996, 0.5938366826632161]",1,-1
20389,[0.48746231 0.68975243],20,45,"[0.4377614438459196, 0.655911915550708]",1,-1
20390,[0.36252409 0.53079687],20,25,"[0.38660465276603295, 0.5871767558758164]",1,-1
20391,[0.40716874 0.60130058],20,25,"[0.38660465276603295, 0.5871767558758164]",1,-1
20392,[0.34977276 0.55199011],20,25,"[0.38660465276603295, 0.5871767558758164]",1,-1
20393,[0.41368322 0.7152756 ],20,47,"[0.4308417820697566, 0.7426361553548808]",1,-1
20394,[0.34204878 0.67204255],20,19,"[0.3585209611110644, 0.671407469606326]",1,-1
20395,[0.35416552 0.6795689 ],20,19,"[0.3585209611110644, 0.671407469606326]",1,-1
20396,[0.318676   0.52379624],20,13,"[0.32294489274299887, 0.4620611538839558]",1,-1
20397,[0.39872642 0.57650109],20,25,"[0.38660465276603295, 0.5871767558758164]",1,-1
20398,[0.35127506 0.63854584],20,19,"[0.3585209611110644, 0.671407469606326]",1,-1
20399,[0.41055373 0.57208352],20,25,"[0.38660465276603295, 0.5871767558758164]",1,-1
20400,[0.35260795 0.66519534],20,19,"[0.3585209611110644, 0.671407469606326]",1,-1
20401,[0.36536598 0.58165916],20,25,"[0.38660465276603295, 0.5871767558758164]",1,-1
20402,[0.30736206 0.60639705],20,44,"[0.30505443145580996, 0.5938366826632161]",1,-1
20403,[0.37919872 0.63230288],20,19,"[0.3585209611110644, 0.671407469606326]",1,-1
20404,[0.35576226 0.63318844],20,19,"[0.3585209611110644, 0.671407469606326]",1,-1
20405,[0.35254236 0.64223567],20,19,"[0.3585209611110644, 0.671407469606326]",1,9
20406,[0.33093592 0.53689404],20,44,"[0.30505443145580996, 0.5938366826632161]",1,-1
20407,[0.40000937 0.67389744],20,19,"[0.3585209611110644, 0.671407469606326]",1,-1
20408,[0.28209215 0.56987172],20,44,"[0.30505443145580996, 0.5938366826632161]",1,-1
20409,[0.38529661 0.61968129],20,25,"[0.38660465276603295, 0.5871767558758164]",1,-1
20410,[0.31947744 0.55546406],20,44,"[0.30505443145580996, 0.5938366826632161]",1,-1
20411,[0.46410133 0.60228455],20,5,"[0.47989515498241786, 0.6212764114798471]",1,-1
20412,[0.41023146 0.52693423],20,18,"[0.4203234088660354, 0.508036417947434]",1,-1
20413,[0.41760564 0.64449818],20,45,"[0.4377614438459196, 0.655911915550708]",1,46
20414,[0.45604605 0.65630664],20,45,"[0.4377614438459196, 0.655911915550708]",1,-1
20415,[0.3586508  0.55795999],20,25,"[0.38660465276603295, 0.5871767558758164]",1,-1
20416,[0.35481517 0.52838535],20,25,"[0.38660465276603295, 0.5871767558758164]",1,-1
20417,[0.34017939 0.6241695 ],20,44,"[0.30505443145580996, 0.5938366826632161]",1,-1
20418,[0.47494367 0.75769811],20,47,"[0.4308417820697566, 0.7426361553548808]",1,-1
20419,[0.47568179 0.58803362],20,5,"[0.47989515498241786, 0.6212764114798471]",1,-1
20420,[0.39384305 0.59584726],20,25,"[0.38660465276603295, 0.5871767558758164]",1,-1
20421,[0.35168257 0.58854956],20,25,"[0.38660465276603295, 0.5871767558758164]",1,-1
20422,[0.39144098 0.63663886],20,19,"[0.3585209611110644, 0.671407469606326]",1,46
20423,[0.34062879 0.62069176],20,44,"[0.30505443145580996, 0.5938366826632161]",1,-1
20424,[0.33762264 0.65555764],20,19,"[0.3585209611110644, 0.671407469606326]",1,-1
20425,[0.3250715  0.63142228],20,44,"[0.30505443145580996, 0.5938366826632161]",1,9
20426,[0.37997395 0.51511438],20,18,"[0.4203234088660354, 0.508036417947434]",1,-1
20427,[0.45815846 0.61439366],20,5,"[0.47989515498241786, 0.6212764114798471]",1,60
20428,[0.33540666 0.56244201],20,44,"[0.30505443145580996, 0.5938366826632161]",1,-1
20429,[0.38209786 0.60672315],20,25,"[0.38660465276603295, 0.5871767558758164]",1,-1
20430,[0.36697013 0.61666173],20,25,"[0.38660465276603295, 0.5871767558758164]",1,-1
20431,[0.38575505 0.64369279],20,19,"[0.3585209611110644, 0.671407469606326]",1,-1
20432,[0.35611217 0.5236143 ],20,18,"[0.4203234088660354, 0.508036417947434]",1,-1
20433,[0.39171491 0.61755251],20,25,"[0.38660465276603295, 0.5871767558758164]",1,-1
20434,[0.30403979 0.67110496],20,8,"[0.26852263019242567, 0.6890353589332484]",1,-1
20435,[0.32219666 0.56091359],20,44,"[0.30505443145580996, 0.5938366826632161]",1,-1
20436,[0.30565009 0.56476954],20,44,"[0.30505443145580996, 0.5938366826632161]",1,-1
20437,[0.30396801 0.59923453],20,44,"[0.30505443145580996, 0.5938366826632161]",1,-1
20438,[0.34010281 0.60148311],20,44,"[0.30505443145580996, 0.5938366826632161]",1,-1
20439,[0.30288927 0.53162735],20,44,"[0.30505443145580996, 0.5938366826632161]",1,-1
20440,[0.31135261 0.57583971],20,44,"[0.30505443145580996, 0.5938366826632161]",1,-1
20441,[0.37231911 0.58304771],20,25,"[0.38660465276603295, 0.5871767558758164]",1,-1
20442,[0.29209132 0.71016999],20,8,"[0.26852263019242567, 0.6890353589332484]",1,18
20443,[0.32968325 0.69813612],20,19,"[0.3585209611110644, 0.671407469606326]",1,-1
20444,[0.25835649 0.62890047],20,40,"[0.24325605379412626, 0.6063462149687255]",1,-1
20445,[0.31165744 0.56338901],20,44,"[0.30505443145580996, 0.5938366826632161]",1,-1
20446,[0.47838199 0.57907398],20,5,"[0.47989515498241786, 0.6212764114798471]",1,-1
20447,[0.33261907 0.66251603],20,19,"[0.3585209611110644, 0.671407469606326]",1,12
20448,[0.47255857 0.54064577],20,2,"[0.5181425386759565, 0.548951681512668]",1,-1
20449,[0.41753891 0.64990273],20,45,"[0.4377614438459196, 0.655911915550708]",1,-1
20450,[0.31669051 0.59112831],20,44,"[0.30505443145580996, 0.5938366826632161]",1,-1
20451,[0.38544729 0.66635604],20,19,"[0.3585209611110644, 0.671407469606326]",1,-1
20452,[0.41189474 0.63477115],20,45,"[0.4377614438459196, 0.655911915550708]",1,-1
20453,[0.37466983 0.51623651],20,18,"[0.4203234088660354, 0.508036417947434]",1,-1
20454,[0.36556705 0.50550304],20,18,"[0.4203234088660354, 0.508036417947434]",1,-1
20455,[0.38992781 0.56203352],20,25,"[0.38660465276603295, 0.5871767558758164]",1,-1
20456,[0.37338756 0.4965384 ],20,18,"[0.4203234088660354, 0.508036417947434]",1,-1
20457,[0.38806956 0.66160563],20,19,"[0.3585209611110644, 0.671407469606326]",1,-1
20458,[0.31694925 0.67681899],20,19,"[0.3585209611110644, 0.671407469606326]",1,12
20459,[0.38805592 0.6761462 ],20,19,"[0.3585209611110644, 0.671407469606326]",1,-1
20460,[0.276187   0.70811547],20,8,"[0.26852263019242567, 0.6890353589332484]",1,18
20461,[0.32172305 0.66489682],20,19,"[0.3585209611110644, 0.671407469606326]",1,-1
20462,[0.31654052 0.59411285],20,44,"[0.30505443145580996, 0.5938366826632161]",1,-1
20463,[0.24457024 0.61838802],20,40,"[0.24325605379412626, 0.6063462149687255]",1,-1
20464,[0.32528411 0.62686173],20,44,"[0.30505443145580996, 0.5938366826632161]",1,9
20465,[0.32218431 0.61167007],20,44,"[0.30505443145580996, 0.5938366826632161]",1,-1
20466,[0.48464909 0.61289081],20,5,"[0.47989515498241786, 0.6212764114798471]",1,-1
20467,[0.40521636 0.58798574],20,25,"[0.38660465276603295, 0.5871767558758164]",1,-1
20468,[0.31374386 0.67735637],20,19,"[0.3585209611110644, 0.671407469606326]",1,12
20469,[0.29137697 0.63063521],20,44,"[0.30505443145580996, 0.5938366826632161]",1,-1
20470,[0.24243993 0.58648983],20,40,"[0.24325605379412626, 0.6063462149687255]",1,-1
20471,[0.34417735 0.55826731],20,25,"[0.38660465276603295, 0.5871767558758164]",1,-1
20472,[0.33846349 0.58792533],20,44,"[0.30505443145580996, 0.5938366826632161]",1,-1
20473,[0.30538724 0.59563042],20,44,"[0.30505443145580996, 0.5938366826632161]",1,-1
20474,[0.30876957 0.5629897 ],20,44,"[0.30505443145580996, 0.5938366826632161]",1,-1
20475,[0.31958967 0.60899644],20,44,"[0.30505443145580996, 0.5938366826632161]",1,-1
20476,[0.3563004 0.5431691],20,25,"[0.38660465276603295, 0.5871767558758164]",1,-1
20477,[0.32979863 0.6416329 ],20,19,"[0.3585209611110644, 0.671407469606326]",1,9
20478,[0.26627177 0.54849854],20,44,"[0.30505443145580996, 0.5938366826632161]",1,-1
20479,[0.37754033 0.67335281],20,19,"[0.3585209611110644, 0.671407469606326]",1,-1
20480,[0.42809142 0.56210359],20,25,"[0.38660465276603295, 0.5871767558758164]",1,-1
20481,[0.44358045 0.58615774],20,5,"[0.47989515498241786, 0.6212764114798471]",1,-1
20482,[0.31574764 0.58825991],20,44,"[0.30505443145580996, 0.5938366826632161]",1,-1
20483,[0.31857408 0.56866863],20,44,"[0.30505443145580996, 0.5938366826632161]",1,-1
20484,[0.33098954 0.57865565],20,44,"[0.30505443145580996, 0.5938366826632161]",1,-1
20485,[0.2744591  0.58077207],20,44,"[0.30505443145580996, 0.5938366826632161]",1,-1
20486,[0.42338125 0.6038773 ],20,25,"[0.38660465276603295, 0.5871767558758164]",1,-1
20487,[0.38035063 0.59153377],20,25,"[0.38660465276603295, 0.5871767558758164]",1,-1
20488,[0.39934147 0.63277122],20,45,"[0.4377614438459196, 0.655911915550708]",1,-1
20489,[0.39084109 0.6432305 ],20,19,"[0.3585209611110644, 0.671407469606326]",1,-1
20490,[0.40643681 0.64459725],20,45,"[0.4377614438459196, 0.655911915550708]",1,46
20491,[0.45635623 0.54341095],20,18,"[0.4203234088660354, 0.508036417947434]",1,-1
20492,[0.34271232 0.67154437],20,19,"[0.3585209611110644, 0.671407469606326]",1,-1
20493,[0.38931454 0.67892219],20,19,"[0.3585209611110644, 0.671407469606326]",1,-1
20494,[0.42646396 0.57019732],20,25,"[0.38660465276603295, 0.5871767558758164]",1,-1
20495,[0.36740557 0.62623757],20,25,"[0.38660465276603295, 0.5871767558758164]",1,-1
20496,[0.32279061 0.68195538],20,19,"[0.3585209611110644, 0.671407469606326]",1,12
20497,[0.3011821  0.57778258],20,44,"[0.30505443145580996, 0.5938366826632161]",1,-1
20498,[0.37073048 0.54913336],20,25,"[0.38660465276603295, 0.5871767558758164]",1,-1
20499,[0.37100726 0.55656362],20,25,"[0.38660465276603295, 0.5871767558758164]",1,-1
20500,[0.43569498 0.64580498],20,45,"[0.4377614438459196, 0.655911915550708]",1,-1
20501,[0.3913223  0.62708861],20,25,"[0.38660465276603295, 0.5871767558758164]",1,46
20502,[0.24067713 0.59486376],20,40,"[0.24325605379412626, 0.6063462149687255]",1,-1
20503,[0.46237503 0.62492803],20,5,"[0.47989515498241786, 0.6212764114798471]",1,-1
20504,[0.34929023 0.61817355],20,25,"[0.38660465276603295, 0.5871767558758164]",1,-1
20505,[0.43905777 0.52767604],20,18,"[0.4203234088660354, 0.508036417947434]",1,-1
20506,[0.49449494 0.60764419],20,5,"[0.47989515498241786, 0.6212764114798471]",1,67
20507,[0.3142096  0.61895094],20,44,"[0.30505443145580996, 0.5938366826632161]",1,-1
20508,[0.34090806 0.59072117],20,44,"[0.30505443145580996, 0.5938366826632161]",1,-1
20509,[0.28363872 0.68190675],20,8,"[0.26852263019242567, 0.6890353589332484]",1,-1
20510,[0.44056618 0.63351169],20,45,"[0.4377614438459196, 0.655911915550708]",1,60
20511,[0.35855131 0.66541033],20,19,"[0.3585209611110644, 0.671407469606326]",1,9
20512,[0.37740075 0.4896562 ],20,18,"[0.4203234088660354, 0.508036417947434]",1,-1
20513,[0.37949131 0.54834033],20,25,"[0.38660465276603295, 0.5871767558758164]",1,-1
20514,[0.31378061 0.6049772 ],20,44,"[0.30505443145580996, 0.5938366826632161]",1,-1
20515,[0.41799589 0.64079897],20,45,"[0.4377614438459196, 0.655911915550708]",1,-1
20516,[0.36392538 0.58640562],20,25,"[0.38660465276603295, 0.5871767558758164]",1,-1
20517,[0.35486284 0.65871314],20,19,"[0.3585209611110644, 0.671407469606326]",1,-1
20518,[0.39341995 0.61217159],20,25,"[0.38660465276603295, 0.5871767558758164]",1,-1
20519,[0.44624309 0.59994847],20,5,"[0.47989515498241786, 0.6212764114798471]",1,-1
20520,[0.40825389 0.48498898],20,18,"[0.4203234088660354, 0.508036417947434]",1,-1
20521,[0.26185296 0.51009257],20,-1,-1,1,-1
20522,[0.3684561  0.67169787],20,19,"[0.3585209611110644, 0.671407469606326]",1,-1
20523,[0.39405385 0.58383485],20,25,"[0.38660465276603295, 0.5871767558758164]",1,-1
20524,[0.47118798 0.68902598],20,45,"[0.4377614438459196, 0.655911915550708]",1,-1
20525,[0.37911454 0.49878334],20,18,"[0.4203234088660354, 0.508036417947434]",1,-1
20526,[0.39895095 0.60423744],20,25,"[0.38660465276603295, 0.5871767558758164]",1,51
20527,[0.39835979 0.57968184],20,25,"[0.38660465276603295, 0.5871767558758164]",1,-1
20528,[0.43028316 0.53359258],20,18,"[0.4203234088660354, 0.508036417947434]",1,-1
20529,[0.33021319 0.58249617],20,44,"[0.30505443145580996, 0.5938366826632161]",1,-1
20530,[0.35107939 0.61078009],20,25,"[0.38660465276603295, 0.5871767558758164]",1,-1
20531,[0.3378916  0.59597804],20,44,"[0.30505443145580996, 0.5938366826632161]",1,-1
20532,[0.34796705 0.57285584],20,25,"[0.38660465276603295, 0.5871767558758164]",1,-1
20533,[0.38277946 0.63912782],20,19,"[0.3585209611110644, 0.671407469606326]",1,46
20534,[0.30817774 0.53576757],20,44,"[0.30505443145580996, 0.5938366826632161]",1,-1
20535,[0.38085162 0.48129915],20,18,"[0.4203234088660354, 0.508036417947434]",1,-1
20536,[0.30904754 0.65122766],20,19,"[0.3585209611110644, 0.671407469606326]",1,-1
20537,[0.34698394 0.49821102],20,13,"[0.32294489274299887, 0.4620611538839558]",1,-1
20538,[0.43677578 0.63619525],20,45,"[0.4377614438459196, 0.655911915550708]",1,60
20539,[0.36903688 0.6238294 ],20,25,"[0.38660465276603295, 0.5871767558758164]",1,-1
20540,[0.39334292 0.63443422],20,25,"[0.38660465276603295, 0.5871767558758164]",1,46
20541,[0.43678831 0.60991989],20,5,"[0.47989515498241786, 0.6212764114798471]",1,-1
20542,[0.30992506 0.66277359],20,8,"[0.26852263019242567, 0.6890353589332484]",1,12
20543,[0.3490794  0.56097022],20,25,"[0.38660465276603295, 0.5871767558758164]",1,-1
20544,[0.3329859  0.59992258],20,44,"[0.30505443145580996, 0.5938366826632161]",1,-1
20545,[0.3695807  0.64568468],20,19,"[0.3585209611110644, 0.671407469606326]",1,-1
20546,[0.30851426 0.64466387],20,44,"[0.30505443145580996, 0.5938366826632161]",1,-1
20547,[0.3715831 0.5492898],20,25,"[0.38660465276603295, 0.5871767558758164]",1,-1
20548,[0.39234346 0.6386652 ],20,19,"[0.3585209611110644, 0.671407469606326]",1,46
20549,[0.40991351 0.56332319],20,25,"[0.38660465276603295, 0.5871767558758164]",1,-1
20550,[0.38922996 0.56726883],20,25,"[0.38660465276603295, 0.5871767558758164]",1,-1
20551,[0.29234012 0.66090579],20,8,"[0.26852263019242567, 0.6890353589332484]",1,-1
20552,[0.42466103 0.59229375],20,25,"[0.38660465276603295, 0.5871767558758164]",1,-1
20553,[0.43631028 0.67125823],20,45,"[0.4377614438459196, 0.655911915550708]",1,-1
20554,[0.391555   0.60075292],20,25,"[0.38660465276603295, 0.5871767558758164]",1,-1
20555,[0.38457894 0.61569385],20,25,"[0.38660465276603295, 0.5871767558758164]",1,-1
20556,[0.33007011 0.63374426],20,44,"[0.30505443145580996, 0.5938366826632161]",1,9
20557,[0.36527083 0.51924748],20,18,"[0.4203234088660354, 0.508036417947434]",1,-1
20558,[0.29654004 0.56694021],20,44,"[0.30505443145580996, 0.5938366826632161]",1,-1
20559,[0.33199494 0.63250749],20,19,"[0.3585209611110644, 0.671407469606326]",1,9
20560,[0.3603164  0.56184799],20,25,"[0.38660465276603295, 0.5871767558758164]",1,-1
20561,[0.33082951 0.52746284],20,13,"[0.32294489274299887, 0.4620611538839558]",1,-1
20562,[0.38442636 0.63146159],20,25,"[0.38660465276603295, 0.5871767558758164]",1,-1
20563,[0.37697786 0.66188051],20,19,"[0.3585209611110644, 0.671407469606326]",1,-1
20564,[0.39457192 0.57125887],20,25,"[0.38660465276603295, 0.5871767558758164]",1,-1
20565,[0.37710864 0.6932542 ],20,19,"[0.3585209611110644, 0.671407469606326]",1,-1
20566,[0.41663064 0.59718836],20,25,"[0.38660465276603295, 0.5871767558758164]",1,-1
20567,[0.33466195 0.58346527],20,44,"[0.30505443145580996, 0.5938366826632161]",1,-1
20568,[0.33245593 0.62461863],20,44,"[0.30505443145580996, 0.5938366826632161]",1,-1
20569,[0.37465143 0.51649401],20,18,"[0.4203234088660354, 0.508036417947434]",1,-1
20570,[0.2906763  0.58957571],20,44,"[0.30505443145580996, 0.5938366826632161]",1,-1
20571,[0.37762301 0.54498022],20,25,"[0.38660465276603295, 0.5871767558758164]",1,-1
20572,[0.36113226 0.57570491],20,25,"[0.38660465276603295, 0.5871767558758164]",1,-1
20573,[0.45857494 0.60142407],20,5,"[0.47989515498241786, 0.6212764114798471]",1,-1
20574,[0.36484486 0.69702061],20,19,"[0.3585209611110644, 0.671407469606326]",1,-1
20575,[0.38490424 0.53875072],20,18,"[0.4203234088660354, 0.508036417947434]",1,-1
20576,[0.39513169 0.61443022],20,25,"[0.38660465276603295, 0.5871767558758164]",1,-1
20577,[0.36634023 0.67848745],20,19,"[0.3585209611110644, 0.671407469606326]",1,-1
20578,[0.42107261 0.54523484],20,18,"[0.4203234088660354, 0.508036417947434]",1,-1
20579,[0.35242553 0.59979537],20,25,"[0.38660465276603295, 0.5871767558758164]",1,-1
20580,[0.31254714 0.60755145],20,44,"[0.30505443145580996, 0.5938366826632161]",1,-1
20581,[0.28879565 0.61550042],20,44,"[0.30505443145580996, 0.5938366826632161]",1,-1
20582,[0.34590999 0.58650459],20,25,"[0.38660465276603295, 0.5871767558758164]",1,-1
20583,[0.33425647 0.72283905],20,19,"[0.3585209611110644, 0.671407469606326]",1,-1
20584,[0.39985839 0.68738805],20,19,"[0.3585209611110644, 0.671407469606326]",1,-1
20585,[0.35827898 0.6125051 ],20,25,"[0.38660465276603295, 0.5871767558758164]",1,-1
20586,[0.42575556 0.59673107],20,25,"[0.38660465276603295, 0.5871767558758164]",1,-1
20587,[0.45222326 0.62043689],20,5,"[0.47989515498241786, 0.6212764114798471]",1,60
20588,[0.36321712 0.50326087],20,18,"[0.4203234088660354, 0.508036417947434]",1,-1
20589,[0.35604047 0.64603375],20,19,"[0.3585209611110644, 0.671407469606326]",1,9
20590,[0.4416402  0.70319214],20,47,"[0.4308417820697566, 0.7426361553548808]",1,-1
20591,[0.29098598 0.57792601],20,44,"[0.30505443145580996, 0.5938366826632161]",1,-1
20592,[0.36378999 0.57493585],20,25,"[0.38660465276603295, 0.5871767558758164]",1,-1
20593,[0.38571679 0.6514194 ],20,19,"[0.3585209611110644, 0.671407469606326]",1,-1
20594,[0.38721343 0.61924414],20,25,"[0.38660465276603295, 0.5871767558758164]",1,-1
20595,[0.3182074  0.61455444],20,44,"[0.30505443145580996, 0.5938366826632161]",1,-1
20596,[0.39221472 0.54324183],20,25,"[0.38660465276603295, 0.5871767558758164]",1,-1
20597,[0.37808433 0.70363078],20,19,"[0.3585209611110644, 0.671407469606326]",1,-1
20598,[0.29654262 0.65629495],20,8,"[0.26852263019242567, 0.6890353589332484]",1,-1
20599,[0.34632484 0.58317479],20,25,"[0.38660465276603295, 0.5871767558758164]",1,-1
20600,[0.2693862  0.65060039],20,8,"[0.26852263019242567, 0.6890353589332484]",1,16
20601,[0.35778312 0.59796884],20,25,"[0.38660465276603295, 0.5871767558758164]",1,-1
20602,[0.27959863 0.55321692],20,44,"[0.30505443145580996, 0.5938366826632161]",1,-1
20603,[0.41777022 0.64579043],20,45,"[0.4377614438459196, 0.655911915550708]",1,46
20604,[0.40642233 0.63113374],20,45,"[0.4377614438459196, 0.655911915550708]",1,-1
20605,[0.29296063 0.62268688],20,44,"[0.30505443145580996, 0.5938366826632161]",1,-1
20606,[0.37456417 0.59364603],20,25,"[0.38660465276603295, 0.5871767558758164]",1,-1
20607,[0.33852211 0.60908344],20,44,"[0.30505443145580996, 0.5938366826632161]",1,-1
20608,[0.35930046 0.56155291],20,25,"[0.38660465276603295, 0.5871767558758164]",1,-1
20609,[0.32132787 0.62653516],20,44,"[0.30505443145580996, 0.5938366826632161]",1,-1
20610,[0.33940721 0.66629684],20,19,"[0.3585209611110644, 0.671407469606326]",1,-1
20611,[0.32747599 0.63901336],20,19,"[0.3585209611110644, 0.671407469606326]",1,9
20612,[0.31241481 0.63809699],20,44,"[0.30505443145580996, 0.5938366826632161]",1,-1
20613,[0.41575872 0.57095235],20,25,"[0.38660465276603295, 0.5871767558758164]",1,-1
20614,[0.48164745 0.52725415],20,2,"[0.5181425386759565, 0.548951681512668]",1,-1
20615,[0.39757985 0.62256   ],20,25,"[0.38660465276603295, 0.5871767558758164]",1,-1
20616,[0.34053978 0.6312457 ],20,19,"[0.3585209611110644, 0.671407469606326]",1,-1
20617,[0.3807583  0.52020057],20,18,"[0.4203234088660354, 0.508036417947434]",1,-1
20618,[0.3347818  0.62413358],20,44,"[0.30505443145580996, 0.5938366826632161]",1,-1
20619,[0.4067901  0.53808975],20,18,"[0.4203234088660354, 0.508036417947434]",1,-1
20620,[0.41607419 0.6542028 ],20,45,"[0.4377614438459196, 0.655911915550708]",1,-1
20621,[0.33543593 0.59384194],20,44,"[0.30505443145580996, 0.5938366826632161]",1,-1
20622,[0.31079683 0.53941058],20,44,"[0.30505443145580996, 0.5938366826632161]",1,-1
20623,[0.21135122 0.63492738],20,20,"[0.18632471116193938, 0.6470504651095214]",1,10
20624,[0.43103312 0.66226056],20,45,"[0.4377614438459196, 0.655911915550708]",1,-1
20625,[0.27309742 0.64084113],20,40,"[0.24325605379412626, 0.6063462149687255]",1,-1
20626,[0.35795289 0.67681253],20,19,"[0.3585209611110644, 0.671407469606326]",1,-1
20627,[0.2786739 0.5859771],20,44,"[0.30505443145580996, 0.5938366826632161]",1,-1
20628,[0.35241153 0.56237835],20,25,"[0.38660465276603295, 0.5871767558758164]",1,-1
20629,[0.4019272  0.65143209],20,45,"[0.4377614438459196, 0.655911915550708]",1,-1
20630,[0.40514008 0.66785073],20,45,"[0.4377614438459196, 0.655911915550708]",1,-1
20631,[0.37612542 0.65393784],20,19,"[0.3585209611110644, 0.671407469606326]",1,-1
20632,[0.42438453 0.64918772],20,45,"[0.4377614438459196, 0.655911915550708]",1,46
20633,[0.33916191 0.67253933],20,19,"[0.3585209611110644, 0.671407469606326]",1,-1
20634,[0.43982284 0.59931229],20,5,"[0.47989515498241786, 0.6212764114798471]",1,60
20635,[0.41272032 0.65568514],20,45,"[0.4377614438459196, 0.655911915550708]",1,46
20636,[0.40423778 0.59743228],20,25,"[0.38660465276603295, 0.5871767558758164]",1,-1
20637,[0.37138135 0.57789509],20,25,"[0.38660465276603295, 0.5871767558758164]",1,-1
20638,[0.32435659 0.60973155],20,44,"[0.30505443145580996, 0.5938366826632161]",1,-1
20639,[0.28038613 0.58463732],20,44,"[0.30505443145580996, 0.5938366826632161]",1,-1
20640,[0.37054182 0.63503737],20,19,"[0.3585209611110644, 0.671407469606326]",1,-1
20641,[0.27306885 0.62293958],20,40,"[0.24325605379412626, 0.6063462149687255]",1,-1
20642,[0.48614355 0.51911843],20,2,"[0.5181425386759565, 0.548951681512668]",1,-1
20643,[0.31814298 0.58062319],20,44,"[0.30505443145580996, 0.5938366826632161]",1,-1
20644,[0.30697111 0.54736983],20,44,"[0.30505443145580996, 0.5938366826632161]",1,-1
20645,[0.34516861 0.59825051],20,44,"[0.30505443145580996, 0.5938366826632161]",1,-1
20646,[0.35646763 0.60609236],20,25,"[0.38660465276603295, 0.5871767558758164]",1,-1
20647,[0.37781223 0.60631492],20,25,"[0.38660465276603295, 0.5871767558758164]",1,-1
20648,[0.31605633 0.67843537],20,19,"[0.3585209611110644, 0.671407469606326]",1,12
20649,[0.39416407 0.6040673 ],20,25,"[0.38660465276603295, 0.5871767558758164]",1,-1
20650,[0.41026137 0.61449626],20,25,"[0.38660465276603295, 0.5871767558758164]",1,-1
20651,[0.30777334 0.56905559],20,44,"[0.30505443145580996, 0.5938366826632161]",1,-1
20652,[0.36978371 0.57159115],20,25,"[0.38660465276603295, 0.5871767558758164]",1,-1
20653,[0.26213654 0.5904767 ],20,40,"[0.24325605379412626, 0.6063462149687255]",1,-1
20654,[0.37584446 0.7130798 ],20,19,"[0.3585209611110644, 0.671407469606326]",1,-1
20655,[0.30993336 0.62095398],20,44,"[0.30505443145580996, 0.5938366826632161]",1,-1
20656,[0.40500911 0.72938015],20,47,"[0.4308417820697566, 0.7426361553548808]",1,-1
20657,[0.31409348 0.71517337],20,8,"[0.26852263019242567, 0.6890353589332484]",1,-1
20658,[0.39540106 0.59816384],20,25,"[0.38660465276603295, 0.5871767558758164]",1,51
20659,[0.39926346 0.64207577],20,45,"[0.4377614438459196, 0.655911915550708]",1,46
20660,[0.34297981 0.58256578],20,44,"[0.30505443145580996, 0.5938366826632161]",1,-1
20661,[0.30639879 0.68744377],20,8,"[0.26852263019242567, 0.6890353589332484]",1,-1
20662,[0.3658427  0.70870092],20,19,"[0.3585209611110644, 0.671407469606326]",1,-1
20663,[0.40367303 0.51976236],20,18,"[0.4203234088660354, 0.508036417947434]",1,-1
20664,[0.29772398 0.58113136],20,44,"[0.30505443145580996, 0.5938366826632161]",1,-1
20665,[0.43975178 0.62726187],20,45,"[0.4377614438459196, 0.655911915550708]",1,-1
20666,[0.35915903 0.60069031],20,25,"[0.38660465276603295, 0.5871767558758164]",1,-1
20667,[0.43249098 0.63295008],20,45,"[0.4377614438459196, 0.655911915550708]",1,-1
20668,[0.42962165 0.58044673],20,25,"[0.38660465276603295, 0.5871767558758164]",1,60
20669,[0.35659588 0.66901866],20,19,"[0.3585209611110644, 0.671407469606326]",1,-1
20670,[0.39237177 0.52370655],20,18,"[0.4203234088660354, 0.508036417947434]",1,-1
20671,[0.27874254 0.64182574],20,8,"[0.26852263019242567, 0.6890353589332484]",1,-1
20672,[0.38986875 0.55796738],20,25,"[0.38660465276603295, 0.5871767558758164]",1,-1
20673,[0.3690689  0.64073643],20,19,"[0.3585209611110644, 0.671407469606326]",1,-1
20674,[0.36871591 0.61752362],20,25,"[0.38660465276603295, 0.5871767558758164]",1,-1
20675,[0.31421524 0.66972335],20,19,"[0.3585209611110644, 0.671407469606326]",1,-1
20676,[0.44460322 0.63832517],20,45,"[0.4377614438459196, 0.655911915550708]",1,60
20677,[0.28402698 0.58433387],20,44,"[0.30505443145580996, 0.5938366826632161]",1,-1
20678,[0.35752722 0.5969963 ],20,25,"[0.38660465276603295, 0.5871767558758164]",1,-1
20679,[0.25169278 0.51041348],20,17,"[0.19949257984775934, 0.47737458183782433]",1,-1
20680,[0.28505772 0.64254237],20,8,"[0.26852263019242567, 0.6890353589332484]",1,-1
20681,[0.34174866 0.71172581],20,19,"[0.3585209611110644, 0.671407469606326]",1,-1
20682,[0.42549224 0.641757  ],20,45,"[0.4377614438459196, 0.655911915550708]",1,-1
20683,[0.38685659 0.59251048],20,25,"[0.38660465276603295, 0.5871767558758164]",1,-1
20684,[0.39751418 0.65444183],20,45,"[0.4377614438459196, 0.655911915550708]",1,-1
20685,[0.31308967 0.67623937],20,19,"[0.3585209611110644, 0.671407469606326]",1,12
20686,[0.2829079  0.62165966],20,44,"[0.30505443145580996, 0.5938366826632161]",1,-1
20687,[0.35380568 0.56432726],20,25,"[0.38660465276603295, 0.5871767558758164]",1,-1
20688,[0.41566802 0.5855943 ],20,25,"[0.38660465276603295, 0.5871767558758164]",1,-1
20689,[0.3361018  0.59130062],20,44,"[0.30505443145580996, 0.5938366826632161]",1,-1
20690,[0.37465167 0.65940851],20,19,"[0.3585209611110644, 0.671407469606326]",1,-1
20691,[0.40126335 0.57293094],20,25,"[0.38660465276603295, 0.5871767558758164]",1,-1
20692,[0.47565474 0.56177535],20,2,"[0.5181425386759565, 0.548951681512668]",1,-1
20693,[0.39257805 0.67135212],20,19,"[0.3585209611110644, 0.671407469606326]",1,-1
20694,[0.44687902 0.57201657],20,5,"[0.47989515498241786, 0.6212764114798471]",1,-1
20695,[0.3703376  0.58935763],20,25,"[0.38660465276603295, 0.5871767558758164]",1,-1
20696,[0.44138565 0.54213842],20,18,"[0.4203234088660354, 0.508036417947434]",1,-1
20697,[0.37732221 0.68217574],20,19,"[0.3585209611110644, 0.671407469606326]",1,-1
20698,[0.39684773 0.60179737],20,25,"[0.38660465276603295, 0.5871767558758164]",1,-1
20699,[0.32778666 0.61163498],20,44,"[0.30505443145580996, 0.5938366826632161]",1,-1
20700,[0.437758   0.53337823],20,18,"[0.4203234088660354, 0.508036417947434]",1,-1
20701,[0.34508285 0.5170848 ],20,13,"[0.32294489274299887, 0.4620611538839558]",1,-1
20702,[0.34304628 0.62357202],20,44,"[0.30505443145580996, 0.5938366826632161]",1,-1
20703,[0.30962032 0.6373644 ],20,44,"[0.30505443145580996, 0.5938366826632161]",1,-1
20704,[0.36013046 0.63593988],20,19,"[0.3585209611110644, 0.671407469606326]",1,-1
20705,[0.36128496 0.6396433 ],20,19,"[0.3585209611110644, 0.671407469606326]",1,-1
20706,[0.40714067 0.58321926],20,25,"[0.38660465276603295, 0.5871767558758164]",1,-1
20707,[0.43897786 0.53070361],20,18,"[0.4203234088660354, 0.508036417947434]",1,-1
20708,[0.29883597 0.60260548],20,44,"[0.30505443145580996, 0.5938366826632161]",1,-1
20709,[0.44433165 0.65189528],20,45,"[0.4377614438459196, 0.655911915550708]",1,-1
20710,[0.37580833 0.61125034],20,25,"[0.38660465276603295, 0.5871767558758164]",1,-1
20711,[0.39371427 0.53688353],20,18,"[0.4203234088660354, 0.508036417947434]",1,-1
20712,[0.36175874 0.56068019],20,25,"[0.38660465276603295, 0.5871767558758164]",1,-1
20713,[0.34725059 0.58449868],20,25,"[0.38660465276603295, 0.5871767558758164]",1,-1
20714,[0.32839672 0.56662542],20,44,"[0.30505443145580996, 0.5938366826632161]",1,-1
20715,[0.39534481 0.73431031],20,47,"[0.4308417820697566, 0.7426361553548808]",1,-1
20716,[0.4067342  0.58009365],20,25,"[0.38660465276603295, 0.5871767558758164]",1,-1
20717,[0.34895564 0.61491403],20,25,"[0.38660465276603295, 0.5871767558758164]",1,-1
20718,[0.37460081 0.61707066],20,25,"[0.38660465276603295, 0.5871767558758164]",1,-1
20719,[0.36973294 0.46707907],20,13,"[0.32294489274299887, 0.4620611538839558]",1,-1
20720,[0.36934429 0.5691435 ],20,25,"[0.38660465276603295, 0.5871767558758164]",1,-1
20721,[0.40998161 0.52785971],20,18,"[0.4203234088660354, 0.508036417947434]",1,-1
20722,[0.41456704 0.49325716],20,18,"[0.4203234088660354, 0.508036417947434]",1,-1
20723,[0.43653402 0.69226336],20,45,"[0.4377614438459196, 0.655911915550708]",1,-1
20724,[0.23521149 0.63165111],20,40,"[0.24325605379412626, 0.6063462149687255]",1,11
20725,[0.28972865 0.61254553],20,44,"[0.30505443145580996, 0.5938366826632161]",1,-1
20726,[0.31933935 0.57230317],20,44,"[0.30505443145580996, 0.5938366826632161]",1,-1
20727,[0.34701927 0.53738693],20,25,"[0.38660465276603295, 0.5871767558758164]",1,-1
20728,[0.36338236 0.66011617],20,19,"[0.3585209611110644, 0.671407469606326]",1,-1
20729,[0.36484079 0.61968351],20,25,"[0.38660465276603295, 0.5871767558758164]",1,-1
20730,[0.40109762 0.72657739],20,47,"[0.4308417820697566, 0.7426361553548808]",1,-1
20731,[0.35840696 0.61313476],20,25,"[0.38660465276603295, 0.5871767558758164]",1,-1
20732,[0.43635202 0.60460564],20,5,"[0.47989515498241786, 0.6212764114798471]",1,-1
20733,[0.41407907 0.60623761],20,25,"[0.38660465276603295, 0.5871767558758164]",1,-1
20734,[0.38921746 0.5562346 ],20,25,"[0.38660465276603295, 0.5871767558758164]",1,-1
20735,[0.39858292 0.61755711],20,25,"[0.38660465276603295, 0.5871767558758164]",1,-1
20736,[0.42723714 0.67595831],20,45,"[0.4377614438459196, 0.655911915550708]",1,-1
20737,[0.29544883 0.5072459 ],20,13,"[0.32294489274299887, 0.4620611538839558]",1,-1
20738,[0.40156943 0.60020162],20,25,"[0.38660465276603295, 0.5871767558758164]",1,51
20739,[0.37133803 0.54421882],20,25,"[0.38660465276603295, 0.5871767558758164]",1,-1
20740,[0.41930428 0.60371599],20,25,"[0.38660465276603295, 0.5871767558758164]",1,-1
20741,[0.33389121 0.6240642 ],20,44,"[0.30505443145580996, 0.5938366826632161]",1,-1
20742,[0.43859838 0.63210006],20,45,"[0.4377614438459196, 0.655911915550708]",1,60
20743,[0.32463791 0.63867897],20,19,"[0.3585209611110644, 0.671407469606326]",1,9
20744,[0.41111765 0.62775167],20,45,"[0.4377614438459196, 0.655911915550708]",1,-1
20745,[0.30605622 0.60737243],20,44,"[0.30505443145580996, 0.5938366826632161]",1,-1
20746,[0.38966201 0.5944671 ],20,25,"[0.38660465276603295, 0.5871767558758164]",1,-1
20747,[0.27483004 0.64005506],20,40,"[0.24325605379412626, 0.6063462149687255]",1,-1
20748,[0.24761174 0.58538981],20,40,"[0.24325605379412626, 0.6063462149687255]",1,-1
20749,[0.38586351 0.58813489],20,25,"[0.38660465276603295, 0.5871767558758164]",1,-1
20750,[0.37093081 0.51124562],20,18,"[0.4203234088660354, 0.508036417947434]",1,-1
20751,[0.35402341 0.65937937],20,19,"[0.3585209611110644, 0.671407469606326]",1,-1
20752,[0.35256535 0.59999107],20,25,"[0.38660465276603295, 0.5871767558758164]",1,-1
20753,[0.3942776 0.5858759],20,25,"[0.38660465276603295, 0.5871767558758164]",1,-1
20754,[0.35642718 0.63797067],20,19,"[0.3585209611110644, 0.671407469606326]",1,-1
20755,[0.29979572 0.58352966],20,44,"[0.30505443145580996, 0.5938366826632161]",1,-1
20756,[0.35416364 0.65649855],20,19,"[0.3585209611110644, 0.671407469606326]",1,9
20757,[0.42662382 0.62809455],20,45,"[0.4377614438459196, 0.655911915550708]",1,-1
20758,[0.29194712 0.59361819],20,44,"[0.30505443145580996, 0.5938366826632161]",1,-1
20759,[0.47830572 0.59191971],20,5,"[0.47989515498241786, 0.6212764114798471]",1,70
20760,[0.40882078 0.59289415],20,25,"[0.38660465276603295, 0.5871767558758164]",1,-1
20761,[0.29761325 0.61587616],20,44,"[0.30505443145580996, 0.5938366826632161]",1,-1
20762,[0.33132596 0.61296757],20,44,"[0.30505443145580996, 0.5938366826632161]",1,-1
20763,[0.40132865 0.62162662],20,25,"[0.38660465276603295, 0.5871767558758164]",1,-1
20764,[0.25085982 0.67902386],20,8,"[0.26852263019242567, 0.6890353589332484]",1,-1
20765,[0.37562681 0.64055155],20,19,"[0.3585209611110644, 0.671407469606326]",1,-1
20766,[0.32247873 0.67869348],20,19,"[0.3585209611110644, 0.671407469606326]",1,12
20767,[0.39897817 0.54591183],20,25,"[0.38660465276603295, 0.5871767558758164]",1,-1
20768,[0.2707413  0.63198245],20,40,"[0.24325605379412626, 0.6063462149687255]",1,-1
20769,[0.42319068 0.59338097],20,25,"[0.38660465276603295, 0.5871767558758164]",1,-1
20770,[0.41766307 0.62047632],20,45,"[0.4377614438459196, 0.655911915550708]",1,-1
20771,[0.37446613 0.60764464],20,25,"[0.38660465276603295, 0.5871767558758164]",1,-1
20772,[0.46613074 0.59719166],20,5,"[0.47989515498241786, 0.6212764114798471]",1,-1
20773,[0.36517968 0.65073669],20,19,"[0.3585209611110644, 0.671407469606326]",1,-1
20774,[0.42917079 0.65432618],20,45,"[0.4377614438459196, 0.655911915550708]",1,-1
20775,[0.41136932 0.68252344],20,45,"[0.4377614438459196, 0.655911915550708]",1,-1
20776,[0.39685838 0.59530227],20,25,"[0.38660465276603295, 0.5871767558758164]",1,51
20777,[0.48095808 0.52430134],20,2,"[0.5181425386759565, 0.548951681512668]",1,-1
20778,[0.35343065 0.65883822],20,19,"[0.3585209611110644, 0.671407469606326]",1,9
20779,[0.427108   0.59326555],20,25,"[0.38660465276603295, 0.5871767558758164]",1,-1
20780,[0.36811092 0.52523832],20,18,"[0.4203234088660354, 0.508036417947434]",1,-1
20781,[0.26803386 0.63044063],20,40,"[0.24325605379412626, 0.6063462149687255]",1,-1
20782,[0.46095199 0.56213663],20,2,"[0.5181425386759565, 0.548951681512668]",1,-1
20783,[0.39636832 0.61317339],20,25,"[0.38660465276603295, 0.5871767558758164]",1,51
20784,[0.31787177 0.59742771],20,44,"[0.30505443145580996, 0.5938366826632161]",1,-1
20785,[0.38101877 0.57898327],20,25,"[0.38660465276603295, 0.5871767558758164]",1,-1
20786,[0.3630695  0.61546769],20,25,"[0.38660465276603295, 0.5871767558758164]",1,-1
20787,[0.24031881 0.68909067],20,8,"[0.26852263019242567, 0.6890353589332484]",1,-1
20788,[0.38273503 0.53860922],20,18,"[0.4203234088660354, 0.508036417947434]",1,-1
20789,[0.34225888 0.65641168],20,19,"[0.3585209611110644, 0.671407469606326]",1,-1
20790,[0.38902848 0.65247344],20,19,"[0.3585209611110644, 0.671407469606326]",1,-1
20791,[0.28999585 0.58778319],20,44,"[0.30505443145580996, 0.5938366826632161]",1,-1
20792,[0.31433019 0.55152644],20,44,"[0.30505443145580996, 0.5938366826632161]",1,-1
20793,[0.33400224 0.60267859],20,44,"[0.30505443145580996, 0.5938366826632161]",1,-1
20794,[0.46287267 0.55688778],20,2,"[0.5181425386759565, 0.548951681512668]",1,-1
20795,[0.31944236 0.56039938],20,44,"[0.30505443145580996, 0.5938366826632161]",1,-1
20796,[0.38692744 0.53298369],20,18,"[0.4203234088660354, 0.508036417947434]",1,-1
20797,[0.33648166 0.63240906],20,19,"[0.3585209611110644, 0.671407469606326]",1,-1
20798,[0.346921   0.72254235],20,19,"[0.3585209611110644, 0.671407469606326]",1,-1
20799,[0.37662587 0.65903222],20,19,"[0.3585209611110644, 0.671407469606326]",1,-1
20800,[0.32555845 0.57508945],20,44,"[0.30505443145580996, 0.5938366826632161]",1,-1
20801,[0.33397518 0.68597292],20,19,"[0.3585209611110644, 0.671407469606326]",1,-1
20802,[0.32710697 0.63543184],20,44,"[0.30505443145580996, 0.5938366826632161]",1,9
20803,[0.46998563 0.67088633],20,45,"[0.4377614438459196, 0.655911915550708]",1,37
20804,[0.34970976 0.55141961],20,25,"[0.38660465276603295, 0.5871767558758164]",1,-1
20805,[0.35585033 0.61000421],20,25,"[0.38660465276603295, 0.5871767558758164]",1,-1
20806,[0.34480741 0.65856191],20,19,"[0.3585209611110644, 0.671407469606326]",1,-1
20807,[0.30291973 0.66689391],20,8,"[0.26852263019242567, 0.6890353589332484]",1,-1
20808,[0.37044731 0.64089909],20,19,"[0.3585209611110644, 0.671407469606326]",1,-1
20809,[0.26175801 0.57524053],20,40,"[0.24325605379412626, 0.6063462149687255]",1,-1
20810,[0.36965197 0.62317664],20,25,"[0.38660465276603295, 0.5871767558758164]",1,-1
20811,[0.36375266 0.62786507],20,19,"[0.3585209611110644, 0.671407469606326]",1,-1
20812,[0.37798009 0.54496584],20,25,"[0.38660465276603295, 0.5871767558758164]",1,-1
20813,[0.33498891 0.62392864],20,44,"[0.30505443145580996, 0.5938366826632161]",1,-1
20814,[0.3133258  0.69849309],20,8,"[0.26852263019242567, 0.6890353589332484]",1,-1
20815,[0.28928893 0.53315717],20,44,"[0.30505443145580996, 0.5938366826632161]",1,-1
20816,[0.29846088 0.63881142],20,44,"[0.30505443145580996, 0.5938366826632161]",1,-1
20817,[0.33171157 0.58787663],20,44,"[0.30505443145580996, 0.5938366826632161]",1,-1
20818,[0.45969053 0.66676817],20,45,"[0.4377614438459196, 0.655911915550708]",1,-1
20819,[0.33292371 0.59020833],20,44,"[0.30505443145580996, 0.5938366826632161]",1,-1
20820,[0.40367791 0.63546502],20,45,"[0.4377614438459196, 0.655911915550708]",1,-1
20821,[0.35684232 0.67944217],20,19,"[0.3585209611110644, 0.671407469606326]",1,-1
20822,[0.37068641 0.65859136],20,19,"[0.3585209611110644, 0.671407469606326]",1,-1
20823,[0.34306883 0.61759692],20,44,"[0.30505443145580996, 0.5938366826632161]",1,-1
20824,[0.35775441 0.53134357],20,25,"[0.38660465276603295, 0.5871767558758164]",1,-1
20825,[0.322511   0.60991471],20,44,"[0.30505443145580996, 0.5938366826632161]",1,-1
20826,[0.41110901 0.6369479 ],20,45,"[0.4377614438459196, 0.655911915550708]",1,-1
20827,[0.31923962 0.57280145],20,44,"[0.30505443145580996, 0.5938366826632161]",1,-1
20828,[0.28711923 0.5898999 ],20,44,"[0.30505443145580996, 0.5938366826632161]",1,-1
20829,[0.37007009 0.62207735],20,25,"[0.38660465276603295, 0.5871767558758164]",1,-1
20830,[0.35748347 0.53182712],20,25,"[0.38660465276603295, 0.5871767558758164]",1,-1
20831,[0.2970888  0.51108916],20,13,"[0.32294489274299887, 0.4620611538839558]",1,-1
20832,[0.4560202 0.6398925],20,45,"[0.4377614438459196, 0.655911915550708]",1,60
20833,[0.33894184 0.55533716],20,44,"[0.30505443145580996, 0.5938366826632161]",1,-1
20834,[0.36149326 0.6041776 ],20,25,"[0.38660465276603295, 0.5871767558758164]",1,-1
20835,[0.35649079 0.6777437 ],20,19,"[0.3585209611110644, 0.671407469606326]",1,-1
20836,[0.40856542 0.61925884],20,25,"[0.38660465276603295, 0.5871767558758164]",1,-1
20837,[0.40040376 0.54090313],20,18,"[0.4203234088660354, 0.508036417947434]",1,-1
20838,[0.42673228 0.63215771],20,45,"[0.4377614438459196, 0.655911915550708]",1,-1
20839,[0.30933385 0.68091678],20,8,"[0.26852263019242567, 0.6890353589332484]",1,-1
20840,[0.33854294 0.68986753],20,19,"[0.3585209611110644, 0.671407469606326]",1,-1
20841,[0.40905457 0.64357584],20,45,"[0.4377614438459196, 0.655911915550708]",1,46
20842,[0.2958205  0.55694645],20,44,"[0.30505443145580996, 0.5938366826632161]",1,-1
20843,[0.34395093 0.55479931],20,25,"[0.38660465276603295, 0.5871767558758164]",1,-1
20844,[0.34260898 0.45107272],20,13,"[0.32294489274299887, 0.4620611538839558]",1,-1
20845,[0.33235814 0.65985592],20,19,"[0.3585209611110644, 0.671407469606326]",1,12
20846,[0.38219987 0.60696967],20,25,"[0.38660465276603295, 0.5871767558758164]",1,-1
20847,[0.28152134 0.51235019],20,13,"[0.32294489274299887, 0.4620611538839558]",1,-1
20848,[0.37004578 0.56352577],20,25,"[0.38660465276603295, 0.5871767558758164]",1,-1
20849,[0.42069733 0.63694258],20,45,"[0.4377614438459196, 0.655911915550708]",1,-1
20850,[0.3113151  0.59246906],20,44,"[0.30505443145580996, 0.5938366826632161]",1,-1
20851,[0.38350415 0.56610157],20,25,"[0.38660465276603295, 0.5871767558758164]",1,-1
20852,[0.42933968 0.52141258],20,18,"[0.4203234088660354, 0.508036417947434]",1,-1
20853,[0.29736607 0.57798295],20,44,"[0.30505443145580996, 0.5938366826632161]",1,-1
20854,[0.2620998  0.62969637],20,40,"[0.24325605379412626, 0.6063462149687255]",1,-1
20855,[0.46726309 0.63428556],20,5,"[0.47989515498241786, 0.6212764114798471]",1,-1
20856,[0.37855006 0.60055297],20,25,"[0.38660465276603295, 0.5871767558758164]",1,-1
20857,[0.39620456 0.66182383],20,19,"[0.3585209611110644, 0.671407469606326]",1,-1
20858,[0.33391196 0.65431782],20,19,"[0.3585209611110644, 0.671407469606326]",1,-1
20859,[0.34868828 0.64451013],20,19,"[0.3585209611110644, 0.671407469606326]",1,9
20860,[0.30953971 0.56852016],20,44,"[0.30505443145580996, 0.5938366826632161]",1,-1
20861,[0.38686895 0.65372971],20,19,"[0.3585209611110644, 0.671407469606326]",1,-1
20862,[0.32313728 0.60715842],20,44,"[0.30505443145580996, 0.5938366826632161]",1,-1
20863,[0.3672787  0.57835972],20,25,"[0.38660465276603295, 0.5871767558758164]",1,-1
20864,[0.33427056 0.67061628],20,19,"[0.3585209611110644, 0.671407469606326]",1,-1
20865,[0.37148701 0.5281246 ],20,18,"[0.4203234088660354, 0.508036417947434]",1,-1
20866,[0.39901271 0.63058074],20,25,"[0.38660465276603295, 0.5871767558758164]",1,-1
20867,[0.3163422  0.52607223],20,13,"[0.32294489274299887, 0.4620611538839558]",1,-1
20868,[0.43124079 0.60655941],20,25,"[0.38660465276603295, 0.5871767558758164]",1,-1
20869,[0.43908355 0.66315344],20,45,"[0.4377614438459196, 0.655911915550708]",1,-1
20870,[0.47223701 0.56480912],20,2,"[0.5181425386759565, 0.548951681512668]",1,-1
20871,[0.34489534 0.62351092],20,44,"[0.30505443145580996, 0.5938366826632161]",1,-1
20872,[0.39501897 0.63215411],20,25,"[0.38660465276603295, 0.5871767558758164]",1,46
20873,[0.28756553 0.60169716],20,44,"[0.30505443145580996, 0.5938366826632161]",1,-1
20874,[0.36347337 0.75422445],20,12,"[0.3169063637449832, 0.8033325636066986]",1,-1
20875,[0.27019283 0.61906315],20,40,"[0.24325605379412626, 0.6063462149687255]",1,-1
20876,[0.35311737 0.61657069],20,25,"[0.38660465276603295, 0.5871767558758164]",1,-1
20877,[0.28666865 0.54456185],20,44,"[0.30505443145580996, 0.5938366826632161]",1,-1
20878,[0.37071448 0.57479259],20,25,"[0.38660465276603295, 0.5871767558758164]",1,-1
20879,[0.29800821 0.59830801],20,44,"[0.30505443145580996, 0.5938366826632161]",1,-1
20880,[0.38436013 0.68284314],20,19,"[0.3585209611110644, 0.671407469606326]",1,-1
20881,[0.3972146 0.534523 ],20,18,"[0.4203234088660354, 0.508036417947434]",1,-1
20882,[0.34638186 0.59095735],20,25,"[0.38660465276603295, 0.5871767558758164]",1,-1
20883,[0.31023879 0.57885215],20,44,"[0.30505443145580996, 0.5938366826632161]",1,-1
20884,[0.40956018 0.53525823],20,18,"[0.4203234088660354, 0.508036417947434]",1,-1
20885,[0.32904954 0.6181902 ],20,44,"[0.30505443145580996, 0.5938366826632161]",1,-1
20886,[0.30500618 0.6761081 ],20,8,"[0.26852263019242567, 0.6890353589332484]",1,-1
20887,[0.36958196 0.6171514 ],20,25,"[0.38660465276603295, 0.5871767558758164]",1,-1
20888,[0.35357011 0.61648472],20,25,"[0.38660465276603295, 0.5871767558758164]",1,-1
20889,[0.42883814 0.66207208],20,45,"[0.4377614438459196, 0.655911915550708]",1,-1
20890,[0.25940052 0.53417551],20,-1,-1,1,-1
20891,[0.30901724 0.52216172],20,13,"[0.32294489274299887, 0.4620611538839558]",1,-1
20892,[0.39257706 0.58768933],20,25,"[0.38660465276603295, 0.5871767558758164]",1,-1
20893,[0.37953155 0.65311046],20,19,"[0.3585209611110644, 0.671407469606326]",1,-1
20894,[0.39299024 0.57349269],20,25,"[0.38660465276603295, 0.5871767558758164]",1,-1
20895,[0.4436046  0.56697662],20,25,"[0.38660465276603295, 0.5871767558758164]",1,-1
20896,[0.44927668 0.51725759],20,18,"[0.4203234088660354, 0.508036417947434]",1,-1
20897,[0.36061698 0.68749404],20,19,"[0.3585209611110644, 0.671407469606326]",1,-1
20898,[0.36948867 0.61164396],20,25,"[0.38660465276603295, 0.5871767558758164]",1,-1
20899,[0.44277632 0.54246291],20,18,"[0.4203234088660354, 0.508036417947434]",1,-1
20900,[0.3986354  0.59366214],20,25,"[0.38660465276603295, 0.5871767558758164]",1,51
20901,[0.31280931 0.57203714],20,44,"[0.30505443145580996, 0.5938366826632161]",1,-1
20902,[0.31338981 0.61854958],20,44,"[0.30505443145580996, 0.5938366826632161]",1,-1
20903,[0.34370747 0.54746632],20,25,"[0.38660465276603295, 0.5871767558758164]",1,-1
20904,[0.26565688 0.65049439],20,8,"[0.26852263019242567, 0.6890353589332484]",1,16
20905,[0.45634708 0.61572517],20,5,"[0.47989515498241786, 0.6212764114798471]",1,60
20906,[0.41047152 0.56046839],20,25,"[0.38660465276603295, 0.5871767558758164]",1,-1
20907,[0.33107514 0.63785049],20,19,"[0.3585209611110644, 0.671407469606326]",1,9
20908,[0.35765394 0.63632672],20,19,"[0.3585209611110644, 0.671407469606326]",1,-1
20909,[0.51924688 0.57982398],20,2,"[0.5181425386759565, 0.548951681512668]",1,74
20910,[0.27781841 0.62510557],20,40,"[0.24325605379412626, 0.6063462149687255]",1,-1
20911,[0.37564141 0.61137617],20,25,"[0.38660465276603295, 0.5871767558758164]",1,-1
20912,[0.37004015 0.5730311 ],20,25,"[0.38660465276603295, 0.5871767558758164]",1,-1
20913,[0.24172793 0.66456935],20,8,"[0.26852263019242567, 0.6890353589332484]",1,-1
20914,[0.35593908 0.65251015],20,19,"[0.3585209611110644, 0.671407469606326]",1,-1
20915,[0.30923595 0.58048283],20,44,"[0.30505443145580996, 0.5938366826632161]",1,-1
20916,[0.31534492 0.50663871],20,13,"[0.32294489274299887, 0.4620611538839558]",1,-1
20917,[0.34219957 0.6470303 ],20,19,"[0.3585209611110644, 0.671407469606326]",1,9
20918,[0.34713372 0.60922198],20,44,"[0.30505443145580996, 0.5938366826632161]",1,-1
20919,[0.390174   0.60953497],20,25,"[0.38660465276603295, 0.5871767558758164]",1,-1
20920,[0.33346914 0.55666037],20,44,"[0.30505443145580996, 0.5938366826632161]",1,-1
20921,[0.33583033 0.65556284],20,19,"[0.3585209611110644, 0.671407469606326]",1,-1
20922,[0.3605696  0.61368267],20,25,"[0.38660465276603295, 0.5871767558758164]",1,-1
20923,[0.4700297 0.580684 ],20,5,"[0.47989515498241786, 0.6212764114798471]",1,-1
20924,[0.2692619  0.67614524],20,8,"[0.26852263019242567, 0.6890353589332484]",1,-1
20925,[0.41687069 0.73714173],20,47,"[0.4308417820697566, 0.7426361553548808]",1,-1
20926,[0.36476532 0.59996921],20,25,"[0.38660465276603295, 0.5871767558758164]",1,-1
20927,[0.35792936 0.60344469],20,25,"[0.38660465276603295, 0.5871767558758164]",1,-1
20928,[0.30545427 0.57923759],20,44,"[0.30505443145580996, 0.5938366826632161]",1,-1
20929,[0.38321347 0.50877534],20,18,"[0.4203234088660354, 0.508036417947434]",1,-1
20930,[0.36390864 0.59472658],20,25,"[0.38660465276603295, 0.5871767558758164]",1,-1
20931,[0.40148138 0.55071133],20,25,"[0.38660465276603295, 0.5871767558758164]",1,-1
20932,[0.3639752  0.58880758],20,25,"[0.38660465276603295, 0.5871767558758164]",1,-1
20933,[0.3499248  0.66579754],20,19,"[0.3585209611110644, 0.671407469606326]",1,-1
20934,[0.42101577 0.60761312],20,25,"[0.38660465276603295, 0.5871767558758164]",1,-1
20935,[0.3708638  0.62424184],20,25,"[0.38660465276603295, 0.5871767558758164]",1,-1
20936,[0.28054144 0.55689974],20,44,"[0.30505443145580996, 0.5938366826632161]",1,-1
20937,[0.37931046 0.63407437],20,19,"[0.3585209611110644, 0.671407469606326]",1,-1
20938,[0.29320316 0.60916683],20,44,"[0.30505443145580996, 0.5938366826632161]",1,-1
20939,[0.33767113 0.66095   ],20,19,"[0.3585209611110644, 0.671407469606326]",1,-1
20940,[0.37620675 0.56673655],20,25,"[0.38660465276603295, 0.5871767558758164]",1,-1
20941,[0.38549865 0.55580045],20,25,"[0.38660465276603295, 0.5871767558758164]",1,-1
20942,[0.32411097 0.66548   ],20,19,"[0.3585209611110644, 0.671407469606326]",1,12
20943,[0.38904764 0.62507683],20,25,"[0.38660465276603295, 0.5871767558758164]",1,-1
20944,[0.34892565 0.59564771],20,25,"[0.38660465276603295, 0.5871767558758164]",1,-1
20945,[0.33515556 0.54733338],20,44,"[0.30505443145580996, 0.5938366826632161]",1,-1
20946,[0.34676834 0.65164737],20,19,"[0.3585209611110644, 0.671407469606326]",1,9
20947,[0.36018617 0.5923867 ],20,25,"[0.38660465276603295, 0.5871767558758164]",1,-1
20948,[0.40122683 0.57275094],20,25,"[0.38660465276603295, 0.5871767558758164]",1,-1
20949,[0.27508887 0.56561443],20,44,"[0.30505443145580996, 0.5938366826632161]",1,-1
20950,[0.29946824 0.57894835],20,44,"[0.30505443145580996, 0.5938366826632161]",1,-1
20951,[0.33899883 0.69474124],20,19,"[0.3585209611110644, 0.671407469606326]",1,-1
20952,[0.36734642 0.59345341],20,25,"[0.38660465276603295, 0.5871767558758164]",1,-1
20953,[0.3872026  0.59347769],20,25,"[0.38660465276603295, 0.5871767558758164]",1,-1
20954,[0.29162215 0.56610664],20,44,"[0.30505443145580996, 0.5938366826632161]",1,-1
20955,[0.39972716 0.57003301],20,25,"[0.38660465276603295, 0.5871767558758164]",1,-1
20956,[0.39504113 0.62749974],20,25,"[0.38660465276603295, 0.5871767558758164]",1,46
20957,[0.36773226 0.63608331],20,19,"[0.3585209611110644, 0.671407469606326]",1,-1
20958,[0.38905125 0.62992781],20,25,"[0.38660465276603295, 0.5871767558758164]",1,46
20959,[0.26994513 0.68040547],20,8,"[0.26852263019242567, 0.6890353589332484]",1,-1
20960,[0.35048917 0.70375532],20,19,"[0.3585209611110644, 0.671407469606326]",1,-1
20961,[0.2845881  0.59157881],20,44,"[0.30505443145580996, 0.5938366826632161]",1,-1
20962,[0.39847182 0.62664803],20,25,"[0.38660465276603295, 0.5871767558758164]",1,-1
20963,[0.42934341 0.65223247],20,45,"[0.4377614438459196, 0.655911915550708]",1,-1
20964,[0.32851219 0.60412841],20,44,"[0.30505443145580996, 0.5938366826632161]",1,-1
20965,[0.35439549 0.58762155],20,25,"[0.38660465276603295, 0.5871767558758164]",1,-1
20966,[0.35253129 0.62412009],20,19,"[0.3585209611110644, 0.671407469606326]",1,-1
20967,[0.37155562 0.64216082],20,19,"[0.3585209611110644, 0.671407469606326]",1,-1
20968,[0.41271861 0.5925976 ],20,25,"[0.38660465276603295, 0.5871767558758164]",1,-1
20969,[0.36102635 0.70111692],20,19,"[0.3585209611110644, 0.671407469606326]",1,-1
20970,[0.42492853 0.56491509],20,25,"[0.38660465276603295, 0.5871767558758164]",1,-1
20971,[0.42292784 0.60337991],20,25,"[0.38660465276603295, 0.5871767558758164]",1,-1
20972,[0.30980846 0.60469752],20,44,"[0.30505443145580996, 0.5938366826632161]",1,-1
20973,[0.30932928 0.58567941],20,44,"[0.30505443145580996, 0.5938366826632161]",1,-1
20974,[0.2587097  0.64103026],20,40,"[0.24325605379412626, 0.6063462149687255]",1,-1
20975,[0.31654472 0.63241056],20,44,"[0.30505443145580996, 0.5938366826632161]",1,-1
20976,[0.35749375 0.59083439],20,25,"[0.38660465276603295, 0.5871767558758164]",1,-1
20977,[0.23784169 0.60318629],20,40,"[0.24325605379412626, 0.6063462149687255]",1,-1
20978,[0.38154183 0.61950509],20,25,"[0.38660465276603295, 0.5871767558758164]",1,-1
20979,[0.34230813 0.72855403],20,19,"[0.3585209611110644, 0.671407469606326]",1,-1
20980,[0.30660685 0.5618166 ],20,44,"[0.30505443145580996, 0.5938366826632161]",1,-1
20981,[0.3855323  0.59559174],20,25,"[0.38660465276603295, 0.5871767558758164]",1,-1
20982,[0.35119731 0.63746149],20,19,"[0.3585209611110644, 0.671407469606326]",1,-1
20983,[0.36626321 0.62042926],20,25,"[0.38660465276603295, 0.5871767558758164]",1,-1
20984,[0.39961373 0.55638427],20,25,"[0.38660465276603295, 0.5871767558758164]",1,-1
20985,[0.36375503 0.61456995],20,25,"[0.38660465276603295, 0.5871767558758164]",1,-1
20986,[0.31804115 0.49654696],20,13,"[0.32294489274299887, 0.4620611538839558]",1,-1
20987,[0.36032239 0.50861972],20,13,"[0.32294489274299887, 0.4620611538839558]",1,-1
20988,[0.31946666 0.68508214],20,19,"[0.3585209611110644, 0.671407469606326]",1,12
20989,[0.39639867 0.56373178],20,25,"[0.38660465276603295, 0.5871767558758164]",1,-1
20990,[0.33730133 0.66720073],20,19,"[0.3585209611110644, 0.671407469606326]",1,-1
20991,[0.46087837 0.53727254],20,18,"[0.4203234088660354, 0.508036417947434]",1,-1
20992,[0.36288994 0.7639387 ],20,12,"[0.3169063637449832, 0.8033325636066986]",1,-1
20993,[0.37621842 0.61819533],20,25,"[0.38660465276603295, 0.5871767558758164]",1,-1
20994,[0.36258213 0.56706545],20,25,"[0.38660465276603295, 0.5871767558758164]",1,-1
20995,[0.38014873 0.57289621],20,25,"[0.38660465276603295, 0.5871767558758164]",1,-1
20996,[0.3179394  0.59595841],20,44,"[0.30505443145580996, 0.5938366826632161]",1,-1
20997,[0.41256914 0.63218374],20,45,"[0.4377614438459196, 0.655911915550708]",1,-1
20998,[0.35387662 0.54515755],20,25,"[0.38660465276603295, 0.5871767558758164]",1,-1
20999,[0.40095196 0.57162248],20,25,"[0.38660465276603295, 0.5871767558758164]",1,-1
21000,[0.71483444 0.76551726],21,23,"[0.7534740255485087, 0.7686705599537007]",1,6
21001,[0.78629712 0.84796206],21,-1,-1,1,-1
21002,[0.86304256 0.84328205],21,-1,-1,1,-1
21003,[0.85573804 0.78929301],21,39,"[0.8421997346510058, 0.7675128120531985]",1,-1
21004,[0.84258363 0.80888317],21,39,"[0.8421997346510058, 0.7675128120531985]",1,-1
21005,[0.76884283 0.8170475 ],21,23,"[0.7534740255485087, 0.7686705599537007]",1,-1
21006,[0.78793466 0.83848156],21,-1,-1,1,-1
21007,[0.73023862 0.78273849],21,23,"[0.7534740255485087, 0.7686705599537007]",1,-1
21008,[0.84504303 0.77713989],21,39,"[0.8421997346510058, 0.7675128120531985]",1,-1
21009,[0.81099875 0.76450011],21,39,"[0.8421997346510058, 0.7675128120531985]",1,-1
21010,[0.7128714  0.77132956],21,23,"[0.7534740255485087, 0.7686705599537007]",1,-1
21011,[0.84875476 0.81899227],21,39,"[0.8421997346510058, 0.7675128120531985]",1,-1
21012,[0.79658145 0.79292116],21,23,"[0.7534740255485087, 0.7686705599537007]",1,-1
21013,[0.8052033  0.78174505],21,39,"[0.8421997346510058, 0.7675128120531985]",1,3
21014,[0.75040213 0.77288582],21,23,"[0.7534740255485087, 0.7686705599537007]",1,-1
21015,[0.82580922 0.80123996],21,39,"[0.8421997346510058, 0.7675128120531985]",1,3
21016,[0.79446632 0.83092449],21,-1,-1,1,-1
21017,[0.8633739  0.77113189],21,39,"[0.8421997346510058, 0.7675128120531985]",1,-1
21018,[0.82442786 0.82745854],21,39,"[0.8421997346510058, 0.7675128120531985]",1,-1
21019,[0.80190025 0.83003541],21,-1,-1,1,-1
21020,[0.85833315 0.69891314],21,-1,-1,1,-1
21021,[0.82426743 0.83898194],21,-1,-1,1,-1
21022,[0.7417261 0.8228136],21,23,"[0.7534740255485087, 0.7686705599537007]",1,-1
21023,[0.92841592 0.79233608],21,-1,-1,1,-1
21024,[0.8925916  0.79812824],21,39,"[0.8421997346510058, 0.7675128120531985]",1,-1
21025,[0.77945988 0.80734995],21,23,"[0.7534740255485087, 0.7686705599537007]",1,3
21026,[0.80630205 0.75225695],21,39,"[0.8421997346510058, 0.7675128120531985]",1,-1
21027,[0.83709483 0.75903376],21,39,"[0.8421997346510058, 0.7675128120531985]",1,-1
21028,[0.78397272 0.7854783 ],21,23,"[0.7534740255485087, 0.7686705599537007]",1,-1
21029,[0.84074517 0.71108204],21,39,"[0.8421997346510058, 0.7675128120531985]",1,-1
21030,[0.83196917 0.78160472],21,39,"[0.8421997346510058, 0.7675128120531985]",1,-1
21031,[0.81979865 0.76239044],21,39,"[0.8421997346510058, 0.7675128120531985]",1,-1
21032,[0.74131937 0.69973239],21,-1,-1,1,-1
21033,[0.79785505 0.78318094],21,23,"[0.7534740255485087, 0.7686705599537007]",1,3
21034,[0.77388308 0.76273668],21,23,"[0.7534740255485087, 0.7686705599537007]",1,-1
21035,[0.74309717 0.77947242],21,23,"[0.7534740255485087, 0.7686705599537007]",1,-1
21036,[0.88190016 0.73844471],21,39,"[0.8421997346510058, 0.7675128120531985]",1,-1
21037,[0.83176806 0.86156012],21,-1,-1,1,-1
21038,[0.80300765 0.78516938],21,39,"[0.8421997346510058, 0.7675128120531985]",1,3
21039,[0.74610851 0.856881  ],21,-1,-1,1,-1
21040,[0.83461255 0.78070265],21,39,"[0.8421997346510058, 0.7675128120531985]",1,3
21041,[0.75298704 0.82566343],21,23,"[0.7534740255485087, 0.7686705599537007]",1,-1
21042,[0.81542829 0.85076531],21,-1,-1,1,-1
21043,[0.79676773 0.78313424],21,23,"[0.7534740255485087, 0.7686705599537007]",1,3
21044,[0.87551293 0.74468086],21,39,"[0.8421997346510058, 0.7675128120531985]",1,-1
21045,[0.83867796 0.74659692],21,39,"[0.8421997346510058, 0.7675128120531985]",1,-1
21046,[0.90301161 0.73665458],21,39,"[0.8421997346510058, 0.7675128120531985]",1,-1
21047,[0.81613956 0.69233072],21,-1,-1,1,-1
21048,[0.80309896 0.81507699],21,39,"[0.8421997346510058, 0.7675128120531985]",1,-1
21049,[0.81896605 0.7851542 ],21,39,"[0.8421997346510058, 0.7675128120531985]",1,3
21050,[0.83215016 0.82740996],21,39,"[0.8421997346510058, 0.7675128120531985]",1,-1
21051,[0.83135284 0.73269541],21,39,"[0.8421997346510058, 0.7675128120531985]",1,-1
21052,[0.87927931 0.73576852],21,39,"[0.8421997346510058, 0.7675128120531985]",1,-1
21053,[0.78069111 0.7836497 ],21,23,"[0.7534740255485087, 0.7686705599537007]",1,-1
21054,[0.7762589 0.7970543],21,23,"[0.7534740255485087, 0.7686705599537007]",1,3
21055,[0.84986148 0.89882292],21,-1,-1,-1,-1
21056,[0.83690992 0.78977589],21,39,"[0.8421997346510058, 0.7675128120531985]",1,3
21057,[0.88283984 0.86366444],21,-1,-1,1,-1
21058,[0.80848575 0.79197114],21,39,"[0.8421997346510058, 0.7675128120531985]",1,3
21059,[0.84754175 0.79262223],21,39,"[0.8421997346510058, 0.7675128120531985]",1,-1
21060,[0.91273717 0.74560361],21,-1,-1,1,-1
21061,[0.7637586  0.82153878],21,23,"[0.7534740255485087, 0.7686705599537007]",1,-1
21062,[0.82745246 0.86888965],21,-1,-1,1,-1
21063,[0.77196895 0.78552541],21,23,"[0.7534740255485087, 0.7686705599537007]",1,3
21064,[0.74460422 0.78942937],21,23,"[0.7534740255485087, 0.7686705599537007]",1,-1
21065,[0.82317988 0.84667517],21,-1,-1,1,-1
21066,[0.89364879 0.7464945 ],21,39,"[0.8421997346510058, 0.7675128120531985]",1,-1
21067,[0.73175601 0.73964404],21,23,"[0.7534740255485087, 0.7686705599537007]",1,-1
21068,[0.80364383 0.78342798],21,39,"[0.8421997346510058, 0.7675128120531985]",1,3
21069,[0.83628344 0.79204562],21,39,"[0.8421997346510058, 0.7675128120531985]",1,3
21070,[0.71337437 0.74787166],21,23,"[0.7534740255485087, 0.7686705599537007]",1,-1
21071,[0.86345454 0.80741432],21,39,"[0.8421997346510058, 0.7675128120531985]",1,-1
21072,[0.77916992 0.81011545],21,23,"[0.7534740255485087, 0.7686705599537007]",1,3
21073,[0.80520987 0.82113881],21,39,"[0.8421997346510058, 0.7675128120531985]",1,-1
21074,[0.77319778 0.80933856],21,23,"[0.7534740255485087, 0.7686705599537007]",1,3
21075,[0.83904655 0.78822101],21,39,"[0.8421997346510058, 0.7675128120531985]",1,3
21076,[0.82893196 0.77813583],21,39,"[0.8421997346510058, 0.7675128120531985]",1,-1
21077,[0.81106388 0.81696999],21,39,"[0.8421997346510058, 0.7675128120531985]",1,3
21078,[0.82968572 0.78818754],21,39,"[0.8421997346510058, 0.7675128120531985]",1,3
21079,[0.87884049 0.80920188],21,39,"[0.8421997346510058, 0.7675128120531985]",1,-1
21080,[0.76800346 0.74724061],21,23,"[0.7534740255485087, 0.7686705599537007]",1,-1
21081,[0.77399997 0.77409957],21,23,"[0.7534740255485087, 0.7686705599537007]",1,-1
21082,[0.80587396 0.75351115],21,39,"[0.8421997346510058, 0.7675128120531985]",1,-1
21083,[0.80269945 0.74207981],21,39,"[0.8421997346510058, 0.7675128120531985]",1,-1
21084,[0.83038404 0.82731234],21,39,"[0.8421997346510058, 0.7675128120531985]",1,-1
21085,[0.74991336 0.8643642 ],21,-1,-1,1,-1
21086,[0.77791144 0.77632863],21,23,"[0.7534740255485087, 0.7686705599537007]",1,-1
21087,[0.80001768 0.81238802],21,39,"[0.8421997346510058, 0.7675128120531985]",1,-1
21088,[0.75033418 0.75001988],21,23,"[0.7534740255485087, 0.7686705599537007]",1,-1
21089,[0.79763943 0.8499562 ],21,-1,-1,1,-1
21090,[0.87885978 0.79209846],21,39,"[0.8421997346510058, 0.7675128120531985]",1,-1
21091,[0.83651973 0.73546738],21,39,"[0.8421997346510058, 0.7675128120531985]",1,-1
21092,[0.78556069 0.79695392],21,23,"[0.7534740255485087, 0.7686705599537007]",1,3
21093,[0.77975799 0.72908383],21,23,"[0.7534740255485087, 0.7686705599537007]",1,-1
21094,[0.88401855 0.69973048],21,-1,-1,1,-1
21095,[0.89388514 0.87215336],21,-1,-1,-1,-1
21096,[0.77659659 0.76765299],21,23,"[0.7534740255485087, 0.7686705599537007]",1,-1
21097,[0.88828323 0.74680661],21,39,"[0.8421997346510058, 0.7675128120531985]",1,-1
21098,[0.87422704 0.84561405],21,-1,-1,1,-1
21099,[0.83246546 0.81816503],21,39,"[0.8421997346510058, 0.7675128120531985]",1,3
21100,[0.7508107  0.74617965],21,23,"[0.7534740255485087, 0.7686705599537007]",1,-1
21101,[0.7624452  0.81793348],21,23,"[0.7534740255485087, 0.7686705599537007]",1,-1
21102,[0.83861335 0.80284829],21,39,"[0.8421997346510058, 0.7675128120531985]",1,-1
21103,[0.77147682 0.80709722],21,23,"[0.7534740255485087, 0.7686705599537007]",1,3
21104,[0.74963849 0.90201755],21,-1,-1,-1,-1
21105,[0.9227217  0.88588876],21,-1,-1,-1,-1
21106,[0.86253586 0.88475497],21,-1,-1,-1,-1
21107,[0.87302319 0.82097482],21,39,"[0.8421997346510058, 0.7675128120531985]",1,-1
21108,[0.81077862 0.77870689],21,39,"[0.8421997346510058, 0.7675128120531985]",1,3
21109,[0.80921074 0.72635323],21,39,"[0.8421997346510058, 0.7675128120531985]",1,-1
21110,[0.84307493 0.81177902],21,39,"[0.8421997346510058, 0.7675128120531985]",1,-1
21111,[0.79879706 0.79915383],21,39,"[0.8421997346510058, 0.7675128120531985]",1,-1
21112,[0.84605876 0.73816779],21,39,"[0.8421997346510058, 0.7675128120531985]",1,-1
21113,[0.87181182 0.82572488],21,39,"[0.8421997346510058, 0.7675128120531985]",1,-1
21114,[0.85870491 0.74858467],21,39,"[0.8421997346510058, 0.7675128120531985]",1,-1
21115,[0.71663306 0.83200655],21,-1,-1,1,-1
21116,[0.74475701 0.82076859],21,23,"[0.7534740255485087, 0.7686705599537007]",1,-1
21117,[0.84614272 0.74658872],21,39,"[0.8421997346510058, 0.7675128120531985]",1,-1
21118,[0.85677574 0.80681792],21,39,"[0.8421997346510058, 0.7675128120531985]",1,-1
21119,[0.80413516 0.7360854 ],21,39,"[0.8421997346510058, 0.7675128120531985]",1,-1
21120,[0.8743664  0.75275442],21,39,"[0.8421997346510058, 0.7675128120531985]",1,-1
21121,[0.8556972  0.86407014],21,-1,-1,1,-1
21122,[0.72408764 0.83795424],21,-1,-1,1,-1
21123,[0.80938193 0.74620433],21,39,"[0.8421997346510058, 0.7675128120531985]",1,-1
21124,[0.79944764 0.88897272],21,-1,-1,1,-1
21125,[0.71972441 0.78472546],21,23,"[0.7534740255485087, 0.7686705599537007]",1,-1
21126,[0.76093429 0.85744271],21,-1,-1,1,-1
21127,[0.78844528 0.82543247],21,23,"[0.7534740255485087, 0.7686705599537007]",1,-1
21128,[0.88604164 0.74176092],21,39,"[0.8421997346510058, 0.7675128120531985]",1,-1
21129,[0.76952181 0.7369276 ],21,23,"[0.7534740255485087, 0.7686705599537007]",1,-1
21130,[0.88990948 0.806243  ],21,39,"[0.8421997346510058, 0.7675128120531985]",1,-1
21131,[0.85565152 0.83275264],21,39,"[0.8421997346510058, 0.7675128120531985]",1,-1
21132,[0.87012557 0.86108635],21,-1,-1,1,-1
21133,[0.76714236 0.81421276],21,23,"[0.7534740255485087, 0.7686705599537007]",1,-1
21134,[0.80537248 0.75530104],21,39,"[0.8421997346510058, 0.7675128120531985]",1,-1
21135,[0.76469767 0.78950619],21,23,"[0.7534740255485087, 0.7686705599537007]",1,-1
21136,[0.79285351 0.77920906],21,23,"[0.7534740255485087, 0.7686705599537007]",1,-1
21137,[0.81933528 0.7308349 ],21,39,"[0.8421997346510058, 0.7675128120531985]",1,-1
21138,[0.79303709 0.7429549 ],21,23,"[0.7534740255485087, 0.7686705599537007]",1,-1
21139,[0.80647557 0.7568471 ],21,39,"[0.8421997346510058, 0.7675128120531985]",1,-1
21140,[0.91229431 0.82918694],21,-1,-1,1,-1
21141,[0.75267384 0.76010934],21,23,"[0.7534740255485087, 0.7686705599537007]",1,-1
21142,[0.92261627 0.87132633],21,-1,-1,-1,-1
21143,[0.76063193 0.76162214],21,23,"[0.7534740255485087, 0.7686705599537007]",1,-1
21144,[0.8237566  0.80423613],21,39,"[0.8421997346510058, 0.7675128120531985]",1,3
21145,[0.81245245 0.87192287],21,-1,-1,1,-1
21146,[0.87579724 0.84151704],21,-1,-1,1,-1
21147,[0.778369   0.81552884],21,23,"[0.7534740255485087, 0.7686705599537007]",1,-1
21148,[0.80188493 0.80207185],21,39,"[0.8421997346510058, 0.7675128120531985]",1,-1
21149,[0.81595323 0.73536832],21,39,"[0.8421997346510058, 0.7675128120531985]",1,-1
21150,[0.8759676  0.75701883],21,39,"[0.8421997346510058, 0.7675128120531985]",1,-1
21151,[0.81310628 0.81967582],21,39,"[0.8421997346510058, 0.7675128120531985]",1,3
21152,[0.77169811 0.79437627],21,23,"[0.7534740255485087, 0.7686705599537007]",1,3
21153,[0.87599179 0.74394193],21,39,"[0.8421997346510058, 0.7675128120531985]",1,-1
21154,[0.85917611 0.78251432],21,39,"[0.8421997346510058, 0.7675128120531985]",1,-1
21155,[0.80291209 0.80195226],21,39,"[0.8421997346510058, 0.7675128120531985]",1,-1
21156,[0.83812743 0.7392943 ],21,39,"[0.8421997346510058, 0.7675128120531985]",1,-1
21157,[0.748264   0.80816444],21,23,"[0.7534740255485087, 0.7686705599537007]",1,-1
21158,[0.77255049 0.77141102],21,23,"[0.7534740255485087, 0.7686705599537007]",1,-1
21159,[0.86493374 0.73603914],21,39,"[0.8421997346510058, 0.7675128120531985]",1,-1
21160,[0.75557815 0.73788128],21,23,"[0.7534740255485087, 0.7686705599537007]",1,-1
21161,[0.85394692 0.80735158],21,39,"[0.8421997346510058, 0.7675128120531985]",1,-1
21162,[0.83135632 0.73394214],21,39,"[0.8421997346510058, 0.7675128120531985]",1,-1
21163,[0.81393893 0.71534628],21,39,"[0.8421997346510058, 0.7675128120531985]",1,-1
21164,[0.84956735 0.76283281],21,39,"[0.8421997346510058, 0.7675128120531985]",1,-1
21165,[0.69740813 0.7632702 ],21,34,"[0.6634532409245524, 0.760224782080757]",1,-1
21166,[0.86429978 0.76940253],21,39,"[0.8421997346510058, 0.7675128120531985]",1,-1
21167,[0.7464879  0.75699102],21,23,"[0.7534740255485087, 0.7686705599537007]",1,-1
21168,[0.69702294 0.79758056],21,34,"[0.6634532409245524, 0.760224782080757]",1,-1
21169,[0.78935409 0.79324224],21,23,"[0.7534740255485087, 0.7686705599537007]",1,3
21170,[0.79773263 0.71449582],21,39,"[0.8421997346510058, 0.7675128120531985]",1,-1
21171,[0.82810918 0.82569676],21,39,"[0.8421997346510058, 0.7675128120531985]",1,-1
21172,[0.73040114 0.76294204],21,23,"[0.7534740255485087, 0.7686705599537007]",1,-1
21173,[0.80486717 0.8005462 ],21,39,"[0.8421997346510058, 0.7675128120531985]",1,-1
21174,[0.83614024 0.75744366],21,39,"[0.8421997346510058, 0.7675128120531985]",1,-1
21175,[0.77563235 0.87419907],21,-1,-1,1,-1
21176,[0.75734583 0.79513096],21,23,"[0.7534740255485087, 0.7686705599537007]",1,-1
21177,[0.84606218 0.8371708 ],21,39,"[0.8421997346510058, 0.7675128120531985]",1,-1
21178,[0.86184002 0.75958207],21,39,"[0.8421997346510058, 0.7675128120531985]",1,-1
21179,[0.86129027 0.77539446],21,39,"[0.8421997346510058, 0.7675128120531985]",1,-1
21180,[0.81314465 0.82363713],21,39,"[0.8421997346510058, 0.7675128120531985]",1,-1
21181,[0.68373539 0.87760346],21,-1,-1,1,-1
21182,[0.83211193 0.69554152],21,-1,-1,1,-1
21183,[0.89220717 0.83437652],21,-1,-1,1,-1
21184,[0.7129532  0.73486758],21,23,"[0.7534740255485087, 0.7686705599537007]",1,-1
21185,[0.82015544 0.67748108],21,-1,-1,1,-1
21186,[0.77485982 0.77203568],21,23,"[0.7534740255485087, 0.7686705599537007]",1,-1
21187,[0.83267583 0.74141392],21,39,"[0.8421997346510058, 0.7675128120531985]",1,-1
21188,[0.85662066 0.76978515],21,39,"[0.8421997346510058, 0.7675128120531985]",1,-1
21189,[0.82223658 0.72602881],21,39,"[0.8421997346510058, 0.7675128120531985]",1,-1
21190,[0.86893148 0.77077088],21,39,"[0.8421997346510058, 0.7675128120531985]",1,-1
21191,[0.77161823 0.86248336],21,-1,-1,1,-1
21192,[0.6684817  0.72868293],21,34,"[0.6634532409245524, 0.760224782080757]",1,6
21193,[0.74542777 0.75026241],21,23,"[0.7534740255485087, 0.7686705599537007]",1,-1
21194,[0.81416893 0.82347162],21,39,"[0.8421997346510058, 0.7675128120531985]",1,-1
21195,[0.82792534 0.79096796],21,39,"[0.8421997346510058, 0.7675128120531985]",1,3
21196,[0.77292875 0.7328249 ],21,23,"[0.7534740255485087, 0.7686705599537007]",1,-1
21197,[0.81198743 0.85052801],21,-1,-1,1,-1
21198,[0.81902839 0.83998843],21,-1,-1,1,-1
21199,[0.76284677 0.78890921],21,23,"[0.7534740255485087, 0.7686705599537007]",1,-1
21200,[0.77699663 0.71762171],21,23,"[0.7534740255485087, 0.7686705599537007]",1,-1
21201,[0.76387377 0.81663027],21,23,"[0.7534740255485087, 0.7686705599537007]",1,-1
21202,[0.90735439 0.81575104],21,-1,-1,1,-1
21203,[0.73402673 0.8108648 ],21,23,"[0.7534740255485087, 0.7686705599537007]",1,-1
21204,[0.77007219 0.82216192],21,23,"[0.7534740255485087, 0.7686705599537007]",1,-1
21205,[0.77369819 0.73142516],21,23,"[0.7534740255485087, 0.7686705599537007]",1,-1
21206,[0.88863199 0.80799697],21,39,"[0.8421997346510058, 0.7675128120531985]",1,-1
21207,[0.85427266 0.77677756],21,39,"[0.8421997346510058, 0.7675128120531985]",1,-1
21208,[0.8682194  0.84325423],21,-1,-1,1,-1
21209,[0.81034381 0.71042597],21,39,"[0.8421997346510058, 0.7675128120531985]",1,-1
21210,[0.82191923 0.823459  ],21,39,"[0.8421997346510058, 0.7675128120531985]",1,3
21211,[0.85416724 0.88463163],21,-1,-1,-1,-1
21212,[0.8322953  0.75066206],21,39,"[0.8421997346510058, 0.7675128120531985]",1,-1
21213,[0.83816412 0.8294899 ],21,39,"[0.8421997346510058, 0.7675128120531985]",1,-1
21214,[0.69949986 0.81013702],21,34,"[0.6634532409245524, 0.760224782080757]",1,-1
21215,[0.74750801 0.80659828],21,23,"[0.7534740255485087, 0.7686705599537007]",1,-1
21216,[0.70083423 0.71681593],21,34,"[0.6634532409245524, 0.760224782080757]",1,6
21217,[0.82013761 0.75620675],21,39,"[0.8421997346510058, 0.7675128120531985]",1,-1
21218,[0.75352368 0.70189821],21,23,"[0.7534740255485087, 0.7686705599537007]",1,-1
21219,[0.83361847 0.84043101],21,-1,-1,1,-1
21220,[0.81222253 0.77405045],21,39,"[0.8421997346510058, 0.7675128120531985]",1,-1
21221,[0.76277741 0.88786348],21,-1,-1,1,-1
21222,[0.66310043 0.78772147],21,34,"[0.6634532409245524, 0.760224782080757]",1,-1
21223,[0.77471676 0.84634475],21,-1,-1,1,-1
21224,[0.73457114 0.8070458 ],21,23,"[0.7534740255485087, 0.7686705599537007]",1,-1
21225,[0.80294622 0.81091542],21,39,"[0.8421997346510058, 0.7675128120531985]",1,-1
21226,[0.83628473 0.81322184],21,39,"[0.8421997346510058, 0.7675128120531985]",1,-1
21227,[0.77505143 0.77626935],21,23,"[0.7534740255485087, 0.7686705599537007]",1,-1
21228,[0.80358787 0.8154385 ],21,39,"[0.8421997346510058, 0.7675128120531985]",1,-1
21229,[0.82081125 0.84737958],21,-1,-1,1,-1
21230,[0.7691488  0.79214256],21,23,"[0.7534740255485087, 0.7686705599537007]",1,-1
21231,[0.76479533 0.74340952],21,23,"[0.7534740255485087, 0.7686705599537007]",1,-1
21232,[0.83041259 0.9225822 ],21,-1,-1,-1,-1
21233,[0.76145433 0.70410062],21,23,"[0.7534740255485087, 0.7686705599537007]",1,-1
21234,[0.802145   0.78020925],21,39,"[0.8421997346510058, 0.7675128120531985]",1,3
21235,[0.8172079  0.79937961],21,39,"[0.8421997346510058, 0.7675128120531985]",1,3
21236,[0.81549799 0.75478068],21,39,"[0.8421997346510058, 0.7675128120531985]",1,-1
21237,[0.85866768 0.75060701],21,39,"[0.8421997346510058, 0.7675128120531985]",1,-1
21238,[0.82629908 0.80793439],21,39,"[0.8421997346510058, 0.7675128120531985]",1,3
21239,[0.74477654 0.74776007],21,23,"[0.7534740255485087, 0.7686705599537007]",1,-1
21240,[0.82226018 0.67317544],21,-1,-1,1,-1
21241,[0.9523614  0.83153751],21,-1,-1,-1,-1
21242,[0.80766986 0.78634473],21,39,"[0.8421997346510058, 0.7675128120531985]",1,3
21243,[0.75373197 0.84179282],21,-1,-1,1,-1
21244,[0.75302382 0.81899123],21,23,"[0.7534740255485087, 0.7686705599537007]",1,-1
21245,[0.78051158 0.80267332],21,23,"[0.7534740255485087, 0.7686705599537007]",1,3
21246,[0.76476547 0.73706291],21,23,"[0.7534740255485087, 0.7686705599537007]",1,-1
21247,[0.7685711  0.74862329],21,23,"[0.7534740255485087, 0.7686705599537007]",1,-1
21248,[0.7572736  0.69237137],21,-1,-1,1,-1
21249,[0.73698633 0.83898608],21,-1,-1,1,-1
21250,[0.82768416 0.82657504],21,39,"[0.8421997346510058, 0.7675128120531985]",1,-1
21251,[0.77993551 0.79936239],21,23,"[0.7534740255485087, 0.7686705599537007]",1,3
21252,[0.85441695 0.73818592],21,39,"[0.8421997346510058, 0.7675128120531985]",1,-1
21253,[0.76542661 0.7761975 ],21,23,"[0.7534740255485087, 0.7686705599537007]",1,-1
21254,[0.82744046 0.75032961],21,39,"[0.8421997346510058, 0.7675128120531985]",1,-1
21255,[0.82228787 0.69565763],21,-1,-1,1,-1
21256,[0.80391895 0.87145655],21,-1,-1,1,-1
21257,[0.75037821 0.68761098],21,-1,-1,1,-1
21258,[0.80204413 0.73350574],21,39,"[0.8421997346510058, 0.7675128120531985]",1,-1
21259,[0.81234782 0.78335746],21,39,"[0.8421997346510058, 0.7675128120531985]",1,3
21260,[0.87698719 0.76026893],21,39,"[0.8421997346510058, 0.7675128120531985]",1,-1
21261,[0.80132974 0.7969199 ],21,39,"[0.8421997346510058, 0.7675128120531985]",1,3
21262,[0.79198367 0.75007675],21,23,"[0.7534740255485087, 0.7686705599537007]",1,-1
21263,[0.85028855 0.72617951],21,39,"[0.8421997346510058, 0.7675128120531985]",1,-1
21264,[0.78809785 0.74187698],21,23,"[0.7534740255485087, 0.7686705599537007]",1,-1
21265,[0.89609144 0.72615642],21,39,"[0.8421997346510058, 0.7675128120531985]",1,-1
21266,[0.86457037 0.80424088],21,39,"[0.8421997346510058, 0.7675128120531985]",1,-1
21267,[0.90824176 0.8142355 ],21,-1,-1,1,-1
21268,[0.74725071 0.8692971 ],21,-1,-1,1,-1
21269,[0.7596381  0.76295088],21,23,"[0.7534740255485087, 0.7686705599537007]",1,-1
21270,[0.78452598 0.74174548],21,23,"[0.7534740255485087, 0.7686705599537007]",1,-1
21271,[0.83528338 0.79026617],21,39,"[0.8421997346510058, 0.7675128120531985]",1,3
21272,[0.83739707 0.76538387],21,39,"[0.8421997346510058, 0.7675128120531985]",1,-1
21273,[0.80380037 0.75102579],21,39,"[0.8421997346510058, 0.7675128120531985]",1,-1
21274,[0.85699286 0.74948826],21,39,"[0.8421997346510058, 0.7675128120531985]",1,-1
21275,[0.7165607  0.74430303],21,23,"[0.7534740255485087, 0.7686705599537007]",1,6
21276,[0.83430836 0.72048989],21,39,"[0.8421997346510058, 0.7675128120531985]",1,-1
21277,[0.88253435 0.78121579],21,39,"[0.8421997346510058, 0.7675128120531985]",1,-1
21278,[0.73086689 0.84489692],21,-1,-1,1,-1
21279,[0.78478734 0.80701898],21,23,"[0.7534740255485087, 0.7686705599537007]",1,3
21280,[0.88358113 0.8346951 ],21,-1,-1,1,-1
21281,[0.86716995 0.77526579],21,39,"[0.8421997346510058, 0.7675128120531985]",1,-1
21282,[0.82915462 0.70861257],21,39,"[0.8421997346510058, 0.7675128120531985]",1,-1
21283,[0.84896347 0.76970434],21,39,"[0.8421997346510058, 0.7675128120531985]",1,-1
21284,[0.71365668 0.81407722],21,23,"[0.7534740255485087, 0.7686705599537007]",1,-1
21285,[0.80830479 0.68342848],21,-1,-1,1,-1
21286,[0.7837006  0.80545595],21,23,"[0.7534740255485087, 0.7686705599537007]",1,3
21287,[0.74769776 0.70349237],21,23,"[0.7534740255485087, 0.7686705599537007]",1,-1
21288,[0.82647726 0.79825241],21,39,"[0.8421997346510058, 0.7675128120531985]",1,3
21289,[0.82466466 0.78744104],21,39,"[0.8421997346510058, 0.7675128120531985]",1,3
21290,[0.77979156 0.70922261],21,23,"[0.7534740255485087, 0.7686705599537007]",1,-1
21291,[0.80504083 0.80739686],21,39,"[0.8421997346510058, 0.7675128120531985]",1,-1
21292,[0.7651661  0.78685752],21,23,"[0.7534740255485087, 0.7686705599537007]",1,-1
21293,[0.70531425 0.73532956],21,34,"[0.6634532409245524, 0.760224782080757]",1,-1
21294,[0.80816971 0.72090947],21,39,"[0.8421997346510058, 0.7675128120531985]",1,-1
21295,[0.79830478 0.75112971],21,39,"[0.8421997346510058, 0.7675128120531985]",1,-1
21296,[0.8004384 0.7957293],21,39,"[0.8421997346510058, 0.7675128120531985]",1,3
21297,[0.86765482 0.83633423],21,-1,-1,1,-1
21298,[0.74674227 0.82380879],21,23,"[0.7534740255485087, 0.7686705599537007]",1,-1
21299,[0.90717279 0.86775543],21,-1,-1,-1,-1
21300,[0.77348905 0.69724747],21,-1,-1,1,-1
21301,[0.84852847 0.68362076],21,-1,-1,1,-1
21302,[0.86712791 0.69286687],21,-1,-1,1,-1
21303,[0.7945437  0.73644374],21,23,"[0.7534740255485087, 0.7686705599537007]",1,-1
21304,[0.84616124 0.81916143],21,39,"[0.8421997346510058, 0.7675128120531985]",1,-1
21305,[0.80138627 0.9155128 ],21,-1,-1,-1,-1
21306,[0.79277481 0.86886268],21,-1,-1,1,-1
21307,[0.87604543 0.7631563 ],21,39,"[0.8421997346510058, 0.7675128120531985]",1,-1
21308,[0.83414518 0.86247311],21,-1,-1,1,-1
21309,[0.78725025 0.80176429],21,23,"[0.7534740255485087, 0.7686705599537007]",1,3
21310,[0.79171839 0.79429261],21,23,"[0.7534740255485087, 0.7686705599537007]",1,3
21311,[0.78389556 0.82251257],21,23,"[0.7534740255485087, 0.7686705599537007]",1,-1
21312,[0.7089523  0.76017078],21,23,"[0.7534740255485087, 0.7686705599537007]",1,-1
21313,[0.77688631 0.71676117],21,23,"[0.7534740255485087, 0.7686705599537007]",1,-1
21314,[0.81105767 0.7775793 ],21,39,"[0.8421997346510058, 0.7675128120531985]",1,3
21315,[0.81472694 0.72584632],21,39,"[0.8421997346510058, 0.7675128120531985]",1,-1
21316,[0.73345388 0.8162638 ],21,23,"[0.7534740255485087, 0.7686705599537007]",1,-1
21317,[0.84666967 0.78779015],21,39,"[0.8421997346510058, 0.7675128120531985]",1,-1
21318,[0.82400721 0.79013767],21,39,"[0.8421997346510058, 0.7675128120531985]",1,3
21319,[0.85314273 0.62471825],21,43,"[0.8274941202305067, 0.5998913364221842]",1,-1
21320,[0.87718896 0.71678136],21,39,"[0.8421997346510058, 0.7675128120531985]",1,-1
21321,[0.79022598 0.77317471],21,23,"[0.7534740255485087, 0.7686705599537007]",1,-1
21322,[0.76369215 0.7791643 ],21,23,"[0.7534740255485087, 0.7686705599537007]",1,-1
21323,[0.82705908 0.79746874],21,39,"[0.8421997346510058, 0.7675128120531985]",1,3
21324,[0.82509833 0.8027711 ],21,39,"[0.8421997346510058, 0.7675128120531985]",1,3
21325,[0.90091126 0.74269702],21,39,"[0.8421997346510058, 0.7675128120531985]",1,-1
21326,[0.80349004 0.77725864],21,39,"[0.8421997346510058, 0.7675128120531985]",1,3
21327,[0.84011438 0.69688565],21,-1,-1,1,-1
21328,[0.74410514 0.8319861 ],21,23,"[0.7534740255485087, 0.7686705599537007]",1,-1
21329,[0.78670808 0.85338621],21,-1,-1,1,-1
21330,[0.70570332 0.75991707],21,34,"[0.6634532409245524, 0.760224782080757]",1,-1
21331,[0.71893395 0.77293068],21,23,"[0.7534740255485087, 0.7686705599537007]",1,-1
21332,[0.77645627 0.74573513],21,23,"[0.7534740255485087, 0.7686705599537007]",1,-1
21333,[0.83927466 0.82080071],21,39,"[0.8421997346510058, 0.7675128120531985]",1,-1
21334,[0.80383073 0.713471  ],21,39,"[0.8421997346510058, 0.7675128120531985]",1,-1
21335,[0.82215203 0.80506469],21,39,"[0.8421997346510058, 0.7675128120531985]",1,3
21336,[0.77971402 0.79852197],21,23,"[0.7534740255485087, 0.7686705599537007]",1,3
21337,[0.81286714 0.86569782],21,-1,-1,1,-1
21338,[0.78087675 0.79987554],21,23,"[0.7534740255485087, 0.7686705599537007]",1,3
21339,[0.71173661 0.7709326 ],21,23,"[0.7534740255485087, 0.7686705599537007]",1,-1
21340,[0.78433821 0.83694716],21,-1,-1,1,-1
21341,[0.83971011 0.71346015],21,39,"[0.8421997346510058, 0.7675128120531985]",1,-1
21342,[0.81305815 0.81742997],21,39,"[0.8421997346510058, 0.7675128120531985]",1,3
21343,[0.85024098 0.79771997],21,39,"[0.8421997346510058, 0.7675128120531985]",1,-1
21344,[0.75594774 0.86283506],21,-1,-1,1,-1
21345,[0.8291184  0.72242778],21,39,"[0.8421997346510058, 0.7675128120531985]",1,-1
21346,[0.8217951  0.71898417],21,39,"[0.8421997346510058, 0.7675128120531985]",1,-1
21347,[0.84719793 0.80182451],21,39,"[0.8421997346510058, 0.7675128120531985]",1,-1
21348,[0.84052165 0.74868919],21,39,"[0.8421997346510058, 0.7675128120531985]",1,-1
21349,[0.7753499  0.85415821],21,-1,-1,1,-1
21350,[0.74807482 0.83174738],21,23,"[0.7534740255485087, 0.7686705599537007]",1,-1
21351,[0.79999512 0.710127  ],21,-1,-1,1,-1
21352,[0.78167124 0.72447912],21,23,"[0.7534740255485087, 0.7686705599537007]",1,-1
21353,[0.80256034 0.80370331],21,39,"[0.8421997346510058, 0.7675128120531985]",1,-1
21354,[0.86812511 0.79176787],21,39,"[0.8421997346510058, 0.7675128120531985]",1,-1
21355,[0.7585478  0.79337141],21,23,"[0.7534740255485087, 0.7686705599537007]",1,-1
21356,[0.74517192 0.80282295],21,23,"[0.7534740255485087, 0.7686705599537007]",1,-1
21357,[0.80078743 0.76940776],21,39,"[0.8421997346510058, 0.7675128120531985]",1,-1
21358,[0.87132689 0.85956492],21,-1,-1,1,-1
21359,[0.9271073  0.83410809],21,-1,-1,-1,-1
21360,[0.86065205 0.72085091],21,39,"[0.8421997346510058, 0.7675128120531985]",1,-1
21361,[0.7695567  0.91919338],21,-1,-1,-1,-1
21362,[0.73875408 0.77053518],21,23,"[0.7534740255485087, 0.7686705599537007]",1,-1
21363,[0.81027799 0.8178207 ],21,39,"[0.8421997346510058, 0.7675128120531985]",1,3
21364,[0.76004972 0.78437581],21,23,"[0.7534740255485087, 0.7686705599537007]",1,-1
21365,[0.85026272 0.74197473],21,39,"[0.8421997346510058, 0.7675128120531985]",1,-1
21366,[0.82403435 0.67084195],21,-1,-1,1,-1
21367,[0.88337064 0.79622789],21,39,"[0.8421997346510058, 0.7675128120531985]",1,-1
21368,[0.8596106  0.77339136],21,39,"[0.8421997346510058, 0.7675128120531985]",1,-1
21369,[0.82433185 0.85008669],21,-1,-1,1,-1
21370,[0.79973337 0.715453  ],21,39,"[0.8421997346510058, 0.7675128120531985]",1,-1
21371,[0.70493534 0.85213238],21,-1,-1,1,-1
21372,[0.74208903 0.72989141],21,23,"[0.7534740255485087, 0.7686705599537007]",1,-1
21373,[0.73964708 0.8161316 ],21,23,"[0.7534740255485087, 0.7686705599537007]",1,-1
21374,[0.8772747  0.81268057],21,39,"[0.8421997346510058, 0.7675128120531985]",1,-1
21375,[0.79132145 0.79979403],21,23,"[0.7534740255485087, 0.7686705599537007]",1,-1
21376,[0.75189384 0.81288496],21,23,"[0.7534740255485087, 0.7686705599537007]",1,-1
21377,[0.85099417 0.74098197],21,39,"[0.8421997346510058, 0.7675128120531985]",1,-1
21378,[0.83175909 0.80111905],21,39,"[0.8421997346510058, 0.7675128120531985]",1,3
21379,[0.83447455 0.7944    ],21,39,"[0.8421997346510058, 0.7675128120531985]",1,3
21380,[0.85440573 0.94203512],21,-1,-1,-1,-1
21381,[0.76935214 0.81176069],21,23,"[0.7534740255485087, 0.7686705599537007]",1,-1
21382,[0.8590925  0.78024463],21,39,"[0.8421997346510058, 0.7675128120531985]",1,-1
21383,[0.86155642 0.82953965],21,39,"[0.8421997346510058, 0.7675128120531985]",1,-1
21384,[0.91103582 0.78817695],21,-1,-1,1,-1
21385,[0.8239419  0.80937519],21,39,"[0.8421997346510058, 0.7675128120531985]",1,3
21386,[0.76671239 0.81322423],21,23,"[0.7534740255485087, 0.7686705599537007]",1,-1
21387,[0.87402341 0.77831068],21,39,"[0.8421997346510058, 0.7675128120531985]",1,-1
21388,[0.73617386 0.80333367],21,23,"[0.7534740255485087, 0.7686705599537007]",1,-1
21389,[0.76083264 0.79134328],21,23,"[0.7534740255485087, 0.7686705599537007]",1,-1
21390,[0.81223456 0.76679335],21,39,"[0.8421997346510058, 0.7675128120531985]",1,-1
21391,[0.84287136 0.79801287],21,39,"[0.8421997346510058, 0.7675128120531985]",1,-1
21392,[0.82425777 0.82590001],21,39,"[0.8421997346510058, 0.7675128120531985]",1,-1
21393,[0.84964178 0.71776787],21,39,"[0.8421997346510058, 0.7675128120531985]",1,-1
21394,[0.81208793 0.73942782],21,39,"[0.8421997346510058, 0.7675128120531985]",1,-1
21395,[0.76704562 0.80950408],21,23,"[0.7534740255485087, 0.7686705599537007]",1,-1
21396,[0.76340233 0.81168691],21,23,"[0.7534740255485087, 0.7686705599537007]",1,-1
21397,[0.8939788  0.71039969],21,-1,-1,1,-1
21398,[0.79343492 0.73485326],21,23,"[0.7534740255485087, 0.7686705599537007]",1,-1
21399,[0.76837887 0.80155365],21,23,"[0.7534740255485087, 0.7686705599537007]",1,3
21400,[0.91731454 0.69578601],21,-1,-1,-1,-1
21401,[0.75160791 0.87428434],21,-1,-1,1,-1
21402,[0.80102705 0.78595993],21,39,"[0.8421997346510058, 0.7675128120531985]",1,3
21403,[0.81891435 0.88977399],21,-1,-1,1,-1
21404,[0.83252422 0.81742626],21,39,"[0.8421997346510058, 0.7675128120531985]",1,-1
21405,[0.79884408 0.7950209 ],21,39,"[0.8421997346510058, 0.7675128120531985]",1,3
21406,[0.84264502 0.72433651],21,39,"[0.8421997346510058, 0.7675128120531985]",1,-1
21407,[0.8039259  0.85720827],21,-1,-1,1,-1
21408,[0.83553887 0.70833402],21,39,"[0.8421997346510058, 0.7675128120531985]",1,-1
21409,[0.86040575 0.7792925 ],21,39,"[0.8421997346510058, 0.7675128120531985]",1,-1
21410,[0.83539439 0.77660241],21,39,"[0.8421997346510058, 0.7675128120531985]",1,3
21411,[0.83491977 0.76854513],21,39,"[0.8421997346510058, 0.7675128120531985]",1,-1
21412,[0.69721531 0.77766676],21,34,"[0.6634532409245524, 0.760224782080757]",1,-1
21413,[0.84412196 0.78756429],21,39,"[0.8421997346510058, 0.7675128120531985]",1,-1
21414,[0.82803584 0.85071372],21,-1,-1,1,-1
21415,[0.77439717 0.80001662],21,23,"[0.7534740255485087, 0.7686705599537007]",1,3
21416,[0.8751028  0.75685661],21,39,"[0.8421997346510058, 0.7675128120531985]",1,-1
21417,[0.83987314 0.79917866],21,39,"[0.8421997346510058, 0.7675128120531985]",1,-1
21418,[0.83895805 0.84934924],21,-1,-1,1,-1
21419,[0.81018622 0.73753665],21,39,"[0.8421997346510058, 0.7675128120531985]",1,-1
21420,[0.74122853 0.75493951],21,23,"[0.7534740255485087, 0.7686705599537007]",1,-1
21421,[0.78430958 0.89881196],21,-1,-1,1,-1
21422,[0.71015252 0.76094316],21,23,"[0.7534740255485087, 0.7686705599537007]",1,-1
21423,[0.8073292  0.85770009],21,-1,-1,1,-1
21424,[0.87020603 0.83807552],21,-1,-1,1,-1
21425,[0.91007971 0.80239195],21,-1,-1,1,-1
21426,[0.77679314 0.85882979],21,-1,-1,1,-1
21427,[0.80464146 0.86399882],21,-1,-1,1,-1
21428,[0.81331963 0.70326134],21,-1,-1,1,-1
21429,[0.77551175 0.7325386 ],21,23,"[0.7534740255485087, 0.7686705599537007]",1,-1
21430,[0.81876354 0.88423929],21,-1,-1,1,-1
21431,[0.82938803 0.74960277],21,39,"[0.8421997346510058, 0.7675128120531985]",1,-1
21432,[0.75083843 0.70816131],21,23,"[0.7534740255485087, 0.7686705599537007]",1,-1
21433,[0.78900178 0.7352115 ],21,23,"[0.7534740255485087, 0.7686705599537007]",1,-1
21434,[0.76378726 0.761561  ],21,23,"[0.7534740255485087, 0.7686705599537007]",1,-1
21435,[0.73737542 0.82020558],21,23,"[0.7534740255485087, 0.7686705599537007]",1,-1
21436,[0.77119239 0.75207124],21,23,"[0.7534740255485087, 0.7686705599537007]",1,-1
21437,[0.73392015 0.78656981],21,23,"[0.7534740255485087, 0.7686705599537007]",1,-1
21438,[0.8273531  0.71661588],21,39,"[0.8421997346510058, 0.7675128120531985]",1,-1
21439,[0.82410482 0.86291587],21,-1,-1,1,-1
21440,[0.82645333 0.71587936],21,39,"[0.8421997346510058, 0.7675128120531985]",1,-1
21441,[0.81677767 0.87827321],21,-1,-1,1,-1
21442,[0.81627257 0.71200644],21,39,"[0.8421997346510058, 0.7675128120531985]",1,-1
21443,[0.81821555 0.85008993],21,-1,-1,1,-1
21444,[0.83451825 0.79845882],21,39,"[0.8421997346510058, 0.7675128120531985]",1,-1
21445,[0.78826584 0.74720351],21,23,"[0.7534740255485087, 0.7686705599537007]",1,-1
21446,[0.73911628 0.77089164],21,23,"[0.7534740255485087, 0.7686705599537007]",1,-1
21447,[0.81344024 0.70322044],21,-1,-1,1,-1
21448,[0.84910337 0.68779763],21,-1,-1,1,-1
21449,[0.80462788 0.75097711],21,39,"[0.8421997346510058, 0.7675128120531985]",1,-1
21450,[0.84839937 0.7618109 ],21,39,"[0.8421997346510058, 0.7675128120531985]",1,-1
21451,[0.82815324 0.79459859],21,39,"[0.8421997346510058, 0.7675128120531985]",1,3
21452,[0.69135744 0.82087866],21,34,"[0.6634532409245524, 0.760224782080757]",1,-1
21453,[0.74259345 0.76077626],21,23,"[0.7534740255485087, 0.7686705599537007]",1,-1
21454,[0.78772072 0.78205657],21,23,"[0.7534740255485087, 0.7686705599537007]",1,-1
21455,[0.91910912 0.80254008],21,-1,-1,1,-1
21456,[0.87838358 0.83588598],21,-1,-1,1,-1
21457,[0.77397087 0.76741169],21,23,"[0.7534740255485087, 0.7686705599537007]",1,-1
21458,[0.83110321 0.78444159],21,39,"[0.8421997346510058, 0.7675128120531985]",1,3
21459,[0.79747996 0.69541728],21,-1,-1,1,-1
21460,[0.84180462 0.75050761],21,39,"[0.8421997346510058, 0.7675128120531985]",1,-1
21461,[0.9602901  0.77785036],21,-1,-1,-1,-1
21462,[0.80410079 0.83567246],21,-1,-1,1,-1
21463,[0.81769952 0.83225267],21,39,"[0.8421997346510058, 0.7675128120531985]",1,-1
21464,[0.78652589 0.80174062],21,23,"[0.7534740255485087, 0.7686705599537007]",1,3
21465,[0.82168698 0.77468848],21,39,"[0.8421997346510058, 0.7675128120531985]",1,-1
21466,[0.78092694 0.78537894],21,23,"[0.7534740255485087, 0.7686705599537007]",1,-1
21467,[0.84468825 0.77136844],21,39,"[0.8421997346510058, 0.7675128120531985]",1,-1
21468,[0.88675908 0.75040649],21,39,"[0.8421997346510058, 0.7675128120531985]",1,-1
21469,[0.74110837 0.78416621],21,23,"[0.7534740255485087, 0.7686705599537007]",1,-1
21470,[0.81282626 0.798124  ],21,39,"[0.8421997346510058, 0.7675128120531985]",1,3
21471,[0.82276156 0.79456729],21,39,"[0.8421997346510058, 0.7675128120531985]",1,3
21472,[0.79449534 0.7454383 ],21,23,"[0.7534740255485087, 0.7686705599537007]",1,-1
21473,[0.82232888 0.72838721],21,39,"[0.8421997346510058, 0.7675128120531985]",1,-1
21474,[0.84765666 0.83685193],21,39,"[0.8421997346510058, 0.7675128120531985]",1,-1
21475,[0.77399107 0.68324104],21,-1,-1,1,-1
21476,[0.79921751 0.75811501],21,39,"[0.8421997346510058, 0.7675128120531985]",1,-1
21477,[0.82098542 0.80357067],21,39,"[0.8421997346510058, 0.7675128120531985]",1,3
21478,[0.82589446 0.72725981],21,39,"[0.8421997346510058, 0.7675128120531985]",1,-1
21479,[0.82504716 0.82328768],21,39,"[0.8421997346510058, 0.7675128120531985]",1,3
21480,[0.739076   0.76513821],21,23,"[0.7534740255485087, 0.7686705599537007]",1,-1
21481,[0.77916177 0.72692915],21,23,"[0.7534740255485087, 0.7686705599537007]",1,-1
21482,[0.92882958 0.8588265 ],21,-1,-1,-1,-1
21483,[0.83693802 0.67259751],21,-1,-1,1,-1
21484,[0.80772964 0.78595071],21,39,"[0.8421997346510058, 0.7675128120531985]",1,3
21485,[0.78719301 0.71465335],21,23,"[0.7534740255485087, 0.7686705599537007]",1,-1
21486,[0.8151113  0.76037312],21,39,"[0.8421997346510058, 0.7675128120531985]",1,-1
21487,[0.76015774 0.7615461 ],21,23,"[0.7534740255485087, 0.7686705599537007]",1,-1
21488,[0.7871091  0.74560651],21,23,"[0.7534740255485087, 0.7686705599537007]",1,-1
21489,[0.8095458  0.86629373],21,-1,-1,1,-1
21490,[0.76478406 0.72366349],21,23,"[0.7534740255485087, 0.7686705599537007]",1,-1
21491,[0.75362724 0.75378958],21,23,"[0.7534740255485087, 0.7686705599537007]",1,-1
21492,[0.76548747 0.83145999],21,23,"[0.7534740255485087, 0.7686705599537007]",1,-1
21493,[0.84424863 0.77633156],21,39,"[0.8421997346510058, 0.7675128120531985]",1,-1
21494,[0.76049982 0.76891571],21,23,"[0.7534740255485087, 0.7686705599537007]",1,-1
21495,[0.79256672 0.82097259],21,23,"[0.7534740255485087, 0.7686705599537007]",1,-1
21496,[0.85935381 0.76136109],21,39,"[0.8421997346510058, 0.7675128120531985]",1,-1
21497,[0.77383662 0.74793516],21,23,"[0.7534740255485087, 0.7686705599537007]",1,-1
21498,[0.76667463 0.7888901 ],21,23,"[0.7534740255485087, 0.7686705599537007]",1,-1
21499,[0.8420806  0.84059078],21,-1,-1,1,-1
21500,[0.86461283 0.85331134],21,-1,-1,1,-1
21501,[0.75759929 0.74998028],21,23,"[0.7534740255485087, 0.7686705599537007]",1,-1
21502,[0.79457804 0.77374534],21,23,"[0.7534740255485087, 0.7686705599537007]",1,-1
21503,[0.82825749 0.76388949],21,39,"[0.8421997346510058, 0.7675128120531985]",1,-1
21504,[0.71465598 0.72348029],21,23,"[0.7534740255485087, 0.7686705599537007]",1,-1
21505,[0.7492051  0.77670856],21,23,"[0.7534740255485087, 0.7686705599537007]",1,-1
21506,[0.82460051 0.74061634],21,39,"[0.8421997346510058, 0.7675128120531985]",1,-1
21507,[0.80722084 0.86421869],21,-1,-1,1,-1
21508,[0.82103475 0.76999051],21,39,"[0.8421997346510058, 0.7675128120531985]",1,-1
21509,[0.81918829 0.77531949],21,39,"[0.8421997346510058, 0.7675128120531985]",1,-1
21510,[0.84402923 0.75049049],21,39,"[0.8421997346510058, 0.7675128120531985]",1,-1
21511,[0.8222228  0.81342035],21,39,"[0.8421997346510058, 0.7675128120531985]",1,3
21512,[0.82051475 0.78865795],21,39,"[0.8421997346510058, 0.7675128120531985]",1,-1
21513,[0.81383189 0.7505452 ],21,39,"[0.8421997346510058, 0.7675128120531985]",1,-1
21514,[0.820142   0.67974015],21,-1,-1,1,-1
21515,[0.83646145 0.75006558],21,39,"[0.8421997346510058, 0.7675128120531985]",1,-1
21516,[0.79596834 0.85652551],21,-1,-1,1,-1
21517,[0.83680012 0.72456967],21,39,"[0.8421997346510058, 0.7675128120531985]",1,-1
21518,[0.80598834 0.802902  ],21,39,"[0.8421997346510058, 0.7675128120531985]",1,-1
21519,[0.83012221 0.81392475],21,39,"[0.8421997346510058, 0.7675128120531985]",1,-1
21520,[0.79493816 0.83104977],21,-1,-1,1,-1
21521,[0.79865914 0.86592502],21,-1,-1,1,-1
21522,[0.74057419 0.80749345],21,23,"[0.7534740255485087, 0.7686705599537007]",1,-1
21523,[0.79235021 0.8289303 ],21,-1,-1,1,-1
21524,[0.72238637 0.94970554],21,-1,-1,-1,-1
21525,[0.78916612 0.77841505],21,23,"[0.7534740255485087, 0.7686705599537007]",1,-1
21526,[0.75034035 0.81168108],21,23,"[0.7534740255485087, 0.7686705599537007]",1,-1
21527,[0.74069469 0.71015965],21,23,"[0.7534740255485087, 0.7686705599537007]",1,-1
21528,[0.79499693 0.78103301],21,23,"[0.7534740255485087, 0.7686705599537007]",1,-1
21529,[0.82214333 0.8256792 ],21,39,"[0.8421997346510058, 0.7675128120531985]",1,-1
21530,[0.80495775 0.73043778],21,39,"[0.8421997346510058, 0.7675128120531985]",1,-1
21531,[0.80771347 0.80194336],21,39,"[0.8421997346510058, 0.7675128120531985]",1,-1
21532,[0.83296813 0.75996963],21,39,"[0.8421997346510058, 0.7675128120531985]",1,-1
21533,[0.78912975 0.79910803],21,23,"[0.7534740255485087, 0.7686705599537007]",1,-1
21534,[0.79689442 0.75561688],21,23,"[0.7534740255485087, 0.7686705599537007]",1,-1
21535,[0.79252218 0.74141541],21,23,"[0.7534740255485087, 0.7686705599537007]",1,-1
21536,[0.81493758 0.78928411],21,39,"[0.8421997346510058, 0.7675128120531985]",1,-1
21537,[0.82564327 0.84261646],21,-1,-1,1,-1
21538,[0.83887678 0.77422393],21,39,"[0.8421997346510058, 0.7675128120531985]",1,-1
21539,[0.76377526 0.77011963],21,23,"[0.7534740255485087, 0.7686705599537007]",1,-1
21540,[0.86763779 0.71337945],21,39,"[0.8421997346510058, 0.7675128120531985]",1,-1
21541,[0.70033066 0.76444157],21,34,"[0.6634532409245524, 0.760224782080757]",1,-1
21542,[0.8291259  0.73491624],21,39,"[0.8421997346510058, 0.7675128120531985]",1,-1
21543,[0.8310469  0.75309049],21,39,"[0.8421997346510058, 0.7675128120531985]",1,-1
21544,[0.86660224 0.7884149 ],21,39,"[0.8421997346510058, 0.7675128120531985]",1,-1
21545,[0.7939884  0.80656541],21,23,"[0.7534740255485087, 0.7686705599537007]",1,-1
21546,[0.84567104 0.75612179],21,39,"[0.8421997346510058, 0.7675128120531985]",1,-1
21547,[0.78302558 0.78189214],21,23,"[0.7534740255485087, 0.7686705599537007]",1,-1
21548,[0.80213165 0.82186962],21,39,"[0.8421997346510058, 0.7675128120531985]",1,3
21549,[0.80510125 0.81490996],21,39,"[0.8421997346510058, 0.7675128120531985]",1,-1
21550,[0.89478699 0.80819457],21,39,"[0.8421997346510058, 0.7675128120531985]",1,-1
21551,[0.75638198 0.74842913],21,23,"[0.7534740255485087, 0.7686705599537007]",1,-1
21552,[0.79254533 0.79047629],21,23,"[0.7534740255485087, 0.7686705599537007]",1,3
21553,[0.83983091 0.82560911],21,39,"[0.8421997346510058, 0.7675128120531985]",1,-1
21554,[0.83520801 0.77162106],21,39,"[0.8421997346510058, 0.7675128120531985]",1,-1
21555,[0.77394813 0.77212747],21,23,"[0.7534740255485087, 0.7686705599537007]",1,-1
21556,[0.86933983 0.84535223],21,-1,-1,1,-1
21557,[0.88527452 0.82250115],21,39,"[0.8421997346510058, 0.7675128120531985]",1,-1
21558,[0.8282331  0.77872457],21,39,"[0.8421997346510058, 0.7675128120531985]",1,-1
21559,[0.823719   0.79317682],21,39,"[0.8421997346510058, 0.7675128120531985]",1,3
21560,[0.89863744 0.69468255],21,-1,-1,1,-1
21561,[0.78942629 0.8439651 ],21,-1,-1,1,-1
21562,[0.76579794 0.75326311],21,23,"[0.7534740255485087, 0.7686705599537007]",1,-1
21563,[0.82452342 0.86422799],21,-1,-1,1,-1
21564,[0.66235732 0.8081868 ],21,34,"[0.6634532409245524, 0.760224782080757]",1,-1
21565,[0.85591847 0.76442219],21,39,"[0.8421997346510058, 0.7675128120531985]",1,-1
21566,[0.78258157 0.81689584],21,23,"[0.7534740255485087, 0.7686705599537007]",1,-1
21567,[0.81500175 0.75489638],21,39,"[0.8421997346510058, 0.7675128120531985]",1,-1
21568,[0.75278066 0.859704  ],21,-1,-1,1,-1
21569,[0.78616434 0.80800468],21,23,"[0.7534740255485087, 0.7686705599537007]",1,-1
21570,[0.76309004 0.83872563],21,-1,-1,1,-1
21571,[0.83576936 0.70718468],21,39,"[0.8421997346510058, 0.7675128120531985]",1,-1
21572,[0.81145153 0.75674291],21,39,"[0.8421997346510058, 0.7675128120531985]",1,-1
21573,[0.80457003 0.7746515 ],21,39,"[0.8421997346510058, 0.7675128120531985]",1,3
21574,[0.80510048 0.77143632],21,39,"[0.8421997346510058, 0.7675128120531985]",1,-1
21575,[0.80898493 0.8328411 ],21,-1,-1,1,-1
21576,[0.86431981 0.80620336],21,39,"[0.8421997346510058, 0.7675128120531985]",1,-1
21577,[0.83255169 0.73866092],21,39,"[0.8421997346510058, 0.7675128120531985]",1,-1
21578,[0.76079342 0.78871126],21,23,"[0.7534740255485087, 0.7686705599537007]",1,-1
21579,[0.86876087 0.84513519],21,-1,-1,1,-1
21580,[0.78446494 0.72343439],21,23,"[0.7534740255485087, 0.7686705599537007]",1,-1
21581,[0.79515155 0.84436149],21,-1,-1,1,-1
21582,[0.81897698 0.80999023],21,39,"[0.8421997346510058, 0.7675128120531985]",1,3
21583,[0.85271806 0.71385881],21,39,"[0.8421997346510058, 0.7675128120531985]",1,-1
21584,[0.82362508 0.77466427],21,39,"[0.8421997346510058, 0.7675128120531985]",1,3
21585,[0.78273982 0.88492095],21,-1,-1,1,-1
21586,[0.93465893 0.77686112],21,-1,-1,-1,-1
21587,[0.79994931 0.71045228],21,-1,-1,1,-1
21588,[0.78169834 0.82691025],21,23,"[0.7534740255485087, 0.7686705599537007]",1,-1
21589,[0.73753055 0.86987285],21,-1,-1,1,-1
21590,[0.79621742 0.73813648],21,23,"[0.7534740255485087, 0.7686705599537007]",1,-1
21591,[0.77292979 0.90391069],21,-1,-1,-1,-1
21592,[0.84407824 0.78174786],21,39,"[0.8421997346510058, 0.7675128120531985]",1,-1
21593,[0.78494003 0.66566746],21,-1,-1,1,-1
21594,[0.8030352  0.85127209],21,-1,-1,1,-1
21595,[0.68838119 0.79627471],21,34,"[0.6634532409245524, 0.760224782080757]",1,-1
21596,[0.72957491 0.80835443],21,23,"[0.7534740255485087, 0.7686705599537007]",1,-1
21597,[0.78020535 0.73733339],21,23,"[0.7534740255485087, 0.7686705599537007]",1,-1
21598,[0.83599145 0.72154254],21,39,"[0.8421997346510058, 0.7675128120531985]",1,-1
21599,[0.82890947 0.82977088],21,39,"[0.8421997346510058, 0.7675128120531985]",1,-1
21600,[0.89536817 0.79016479],21,39,"[0.8421997346510058, 0.7675128120531985]",1,-1
21601,[0.87254004 0.73961007],21,39,"[0.8421997346510058, 0.7675128120531985]",1,-1
21602,[0.79216681 0.81581127],21,23,"[0.7534740255485087, 0.7686705599537007]",1,-1
21603,[0.757674   0.68001828],21,-1,-1,1,-1
21604,[0.85577611 0.70848962],21,39,"[0.8421997346510058, 0.7675128120531985]",1,-1
21605,[0.77354682 0.76787422],21,23,"[0.7534740255485087, 0.7686705599537007]",1,-1
21606,[0.82515266 0.81876291],21,39,"[0.8421997346510058, 0.7675128120531985]",1,3
21607,[0.77375867 0.86100227],21,-1,-1,1,-1
21608,[0.73093256 0.75475125],21,23,"[0.7534740255485087, 0.7686705599537007]",1,-1
21609,[0.75116458 0.78521731],21,23,"[0.7534740255485087, 0.7686705599537007]",1,-1
21610,[0.77322182 0.76334646],21,23,"[0.7534740255485087, 0.7686705599537007]",1,-1
21611,[0.84830024 0.8130523 ],21,39,"[0.8421997346510058, 0.7675128120531985]",1,-1
21612,[0.81100325 0.77408379],21,39,"[0.8421997346510058, 0.7675128120531985]",1,3
21613,[0.75896    0.77833812],21,23,"[0.7534740255485087, 0.7686705599537007]",1,-1
21614,[0.82015801 0.71409522],21,39,"[0.8421997346510058, 0.7675128120531985]",1,-1
21615,[0.86012987 0.72546742],21,39,"[0.8421997346510058, 0.7675128120531985]",1,-1
21616,[0.72892537 0.78453077],21,23,"[0.7534740255485087, 0.7686705599537007]",1,-1
21617,[0.85902906 0.72839021],21,39,"[0.8421997346510058, 0.7675128120531985]",1,-1
21618,[0.77147939 0.6401706 ],21,43,"[0.8274941202305067, 0.5998913364221842]",1,-1
21619,[0.73355027 0.81150992],21,23,"[0.7534740255485087, 0.7686705599537007]",1,-1
21620,[0.86137717 0.75067296],21,39,"[0.8421997346510058, 0.7675128120531985]",1,-1
21621,[0.84905483 0.71919961],21,39,"[0.8421997346510058, 0.7675128120531985]",1,-1
21622,[0.71942451 0.82325349],21,23,"[0.7534740255485087, 0.7686705599537007]",1,-1
21623,[0.83179572 0.76077423],21,39,"[0.8421997346510058, 0.7675128120531985]",1,-1
21624,[0.84126821 0.76949576],21,39,"[0.8421997346510058, 0.7675128120531985]",1,-1
21625,[0.80362106 0.75923499],21,39,"[0.8421997346510058, 0.7675128120531985]",1,-1
21626,[0.80966006 0.73333663],21,39,"[0.8421997346510058, 0.7675128120531985]",1,-1
21627,[0.82417604 0.83026422],21,39,"[0.8421997346510058, 0.7675128120531985]",1,-1
21628,[0.82493447 0.87189758],21,-1,-1,1,-1
21629,[0.87067414 0.80632846],21,39,"[0.8421997346510058, 0.7675128120531985]",1,-1
21630,[0.84449937 0.7880421 ],21,39,"[0.8421997346510058, 0.7675128120531985]",1,-1
21631,[0.77198497 0.7194029 ],21,23,"[0.7534740255485087, 0.7686705599537007]",1,-1
21632,[0.66366823 0.81100348],21,34,"[0.6634532409245524, 0.760224782080757]",1,-1
21633,[0.76674826 0.68806089],21,-1,-1,1,-1
21634,[0.76376016 0.8249706 ],21,23,"[0.7534740255485087, 0.7686705599537007]",1,-1
21635,[0.83848616 0.79608998],21,39,"[0.8421997346510058, 0.7675128120531985]",1,-1
21636,[0.85582311 0.85747434],21,-1,-1,1,-1
21637,[0.83275572 0.82092684],21,39,"[0.8421997346510058, 0.7675128120531985]",1,-1
21638,[0.79498955 0.75586749],21,23,"[0.7534740255485087, 0.7686705599537007]",1,-1
21639,[0.78290151 0.81528911],21,23,"[0.7534740255485087, 0.7686705599537007]",1,-1
21640,[0.7501626  0.80466708],21,23,"[0.7534740255485087, 0.7686705599537007]",1,-1
21641,[0.86054301 0.80845968],21,39,"[0.8421997346510058, 0.7675128120531985]",1,-1
21642,[0.79191892 0.68571384],21,-1,-1,1,-1
21643,[0.78230402 0.83237659],21,23,"[0.7534740255485087, 0.7686705599537007]",1,-1
21644,[0.88834843 0.7025233 ],21,-1,-1,1,-1
21645,[0.81842557 0.83375401],21,-1,-1,1,-1
21646,[0.74936885 0.7529606 ],21,23,"[0.7534740255485087, 0.7686705599537007]",1,-1
21647,[0.82850588 0.72073928],21,39,"[0.8421997346510058, 0.7675128120531985]",1,-1
21648,[0.73365747 0.73207765],21,23,"[0.7534740255485087, 0.7686705599537007]",1,-1
21649,[0.76381759 0.80405635],21,23,"[0.7534740255485087, 0.7686705599537007]",1,-1
21650,[0.8125856 0.8275551],21,39,"[0.8421997346510058, 0.7675128120531985]",1,-1
21651,[0.69925148 0.84388969],21,-1,-1,1,-1
21652,[0.82118735 0.73649032],21,39,"[0.8421997346510058, 0.7675128120531985]",1,-1
21653,[0.79666985 0.82594491],21,-1,-1,1,-1
21654,[0.76768112 0.73026942],21,23,"[0.7534740255485087, 0.7686705599537007]",1,-1
21655,[0.80768203 0.74118219],21,39,"[0.8421997346510058, 0.7675128120531985]",1,-1
21656,[0.88773703 0.75097202],21,39,"[0.8421997346510058, 0.7675128120531985]",1,-1
21657,[0.84479787 0.7863635 ],21,39,"[0.8421997346510058, 0.7675128120531985]",1,-1
21658,[0.84199808 0.78667032],21,39,"[0.8421997346510058, 0.7675128120531985]",1,-1
21659,[0.72126611 0.71172449],21,23,"[0.7534740255485087, 0.7686705599537007]",1,6
21660,[0.8482982  0.77524745],21,39,"[0.8421997346510058, 0.7675128120531985]",1,-1
21661,[0.72315758 0.7786715 ],21,23,"[0.7534740255485087, 0.7686705599537007]",1,-1
21662,[0.79730393 0.7542569 ],21,23,"[0.7534740255485087, 0.7686705599537007]",1,-1
21663,[0.81594584 0.87775317],21,-1,-1,1,-1
21664,[0.71190006 0.7839132 ],21,23,"[0.7534740255485087, 0.7686705599537007]",1,-1
21665,[0.87313759 0.82782519],21,39,"[0.8421997346510058, 0.7675128120531985]",1,-1
21666,[0.86171797 0.75585493],21,39,"[0.8421997346510058, 0.7675128120531985]",1,-1
21667,[0.84256202 0.75620647],21,39,"[0.8421997346510058, 0.7675128120531985]",1,-1
21668,[0.77946808 0.78526629],21,23,"[0.7534740255485087, 0.7686705599537007]",1,-1
21669,[0.76806046 0.79059494],21,23,"[0.7534740255485087, 0.7686705599537007]",1,-1
21670,[0.83588062 0.85426204],21,-1,-1,1,-1
21671,[0.76544104 0.86005931],21,-1,-1,1,-1
21672,[0.80694691 0.78783318],21,39,"[0.8421997346510058, 0.7675128120531985]",1,3
21673,[0.83506195 0.76560534],21,39,"[0.8421997346510058, 0.7675128120531985]",1,-1
21674,[0.73556418 0.7795472 ],21,23,"[0.7534740255485087, 0.7686705599537007]",1,-1
21675,[0.80936122 0.80137468],21,39,"[0.8421997346510058, 0.7675128120531985]",1,3
21676,[0.80578233 0.84446374],21,-1,-1,1,-1
21677,[0.79699632 0.75408046],21,23,"[0.7534740255485087, 0.7686705599537007]",1,-1
21678,[0.90961214 0.81409279],21,-1,-1,1,-1
21679,[0.8184821  0.80809834],21,39,"[0.8421997346510058, 0.7675128120531985]",1,3
21680,[0.79881214 0.76541504],21,39,"[0.8421997346510058, 0.7675128120531985]",1,-1
21681,[0.87268196 0.78757722],21,39,"[0.8421997346510058, 0.7675128120531985]",1,-1
21682,[0.7926397  0.83302079],21,-1,-1,1,-1
21683,[0.74637185 0.76308055],21,23,"[0.7534740255485087, 0.7686705599537007]",1,-1
21684,[0.81768895 0.81906064],21,39,"[0.8421997346510058, 0.7675128120531985]",1,3
21685,[0.76670598 0.80924944],21,23,"[0.7534740255485087, 0.7686705599537007]",1,-1
21686,[0.80470726 0.83474679],21,-1,-1,1,-1
21687,[0.87982088 0.80656687],21,39,"[0.8421997346510058, 0.7675128120531985]",1,-1
21688,[0.78626091 0.69914671],21,-1,-1,1,-1
21689,[0.75223247 0.7672857 ],21,23,"[0.7534740255485087, 0.7686705599537007]",1,-1
21690,[0.82297493 0.74619321],21,39,"[0.8421997346510058, 0.7675128120531985]",1,-1
21691,[0.80180325 0.70912326],21,-1,-1,1,-1
21692,[0.73961744 0.80853413],21,23,"[0.7534740255485087, 0.7686705599537007]",1,-1
21693,[0.78954505 0.78080567],21,23,"[0.7534740255485087, 0.7686705599537007]",1,-1
21694,[0.78460273 0.76624939],21,23,"[0.7534740255485087, 0.7686705599537007]",1,-1
21695,[0.75089802 0.74504247],21,23,"[0.7534740255485087, 0.7686705599537007]",1,-1
21696,[0.81629898 0.80715089],21,39,"[0.8421997346510058, 0.7675128120531985]",1,3
21697,[0.80515338 0.87256009],21,-1,-1,1,-1
21698,[0.84812659 0.74767404],21,39,"[0.8421997346510058, 0.7675128120531985]",1,-1
21699,[0.83689459 0.86712179],21,-1,-1,1,-1
21700,[0.73435402 0.81086094],21,23,"[0.7534740255485087, 0.7686705599537007]",1,-1
21701,[0.87327092 0.83242218],21,-1,-1,1,-1
21702,[0.70248917 0.84781555],21,-1,-1,1,-1
21703,[0.87673715 0.75278052],21,39,"[0.8421997346510058, 0.7675128120531985]",1,-1
21704,[0.78896211 0.83923814],21,-1,-1,1,-1
21705,[0.81762407 0.7765253 ],21,39,"[0.8421997346510058, 0.7675128120531985]",1,-1
21706,[0.78784593 0.74482284],21,23,"[0.7534740255485087, 0.7686705599537007]",1,-1
21707,[0.77899743 0.82662131],21,23,"[0.7534740255485087, 0.7686705599537007]",1,-1
21708,[0.8612822  0.75612829],21,39,"[0.8421997346510058, 0.7675128120531985]",1,-1
21709,[0.87692236 0.79134098],21,39,"[0.8421997346510058, 0.7675128120531985]",1,-1
21710,[0.78882883 0.74824165],21,23,"[0.7534740255485087, 0.7686705599537007]",1,-1
21711,[0.8292092  0.77871519],21,39,"[0.8421997346510058, 0.7675128120531985]",1,-1
21712,[0.79151097 0.77600862],21,23,"[0.7534740255485087, 0.7686705599537007]",1,-1
21713,[0.81445056 0.79246703],21,39,"[0.8421997346510058, 0.7675128120531985]",1,-1
21714,[0.83177373 0.80246717],21,39,"[0.8421997346510058, 0.7675128120531985]",1,3
21715,[0.88713458 0.73314859],21,39,"[0.8421997346510058, 0.7675128120531985]",1,-1
21716,[0.83541341 0.78071736],21,39,"[0.8421997346510058, 0.7675128120531985]",1,3
21717,[0.75577479 0.71089257],21,23,"[0.7534740255485087, 0.7686705599537007]",1,-1
21718,[0.87996384 0.69076194],21,-1,-1,1,-1
21719,[0.84125081 0.78549883],21,39,"[0.8421997346510058, 0.7675128120531985]",1,-1
21720,[0.8706268  0.75031202],21,39,"[0.8421997346510058, 0.7675128120531985]",1,-1
21721,[0.79973246 0.82135942],21,39,"[0.8421997346510058, 0.7675128120531985]",1,-1
21722,[0.83341436 0.79465909],21,39,"[0.8421997346510058, 0.7675128120531985]",1,3
21723,[0.71181053 0.83719311],21,-1,-1,1,-1
21724,[0.81090119 0.79124728],21,39,"[0.8421997346510058, 0.7675128120531985]",1,3
21725,[0.86397612 0.77155722],21,39,"[0.8421997346510058, 0.7675128120531985]",1,-1
21726,[0.73825254 0.77865405],21,23,"[0.7534740255485087, 0.7686705599537007]",1,-1
21727,[0.7562907  0.74964486],21,23,"[0.7534740255485087, 0.7686705599537007]",1,-1
21728,[0.75728102 0.77275387],21,23,"[0.7534740255485087, 0.7686705599537007]",1,-1
21729,[0.86229755 0.72104198],21,39,"[0.8421997346510058, 0.7675128120531985]",1,-1
21730,[0.79784098 0.76651564],21,39,"[0.8421997346510058, 0.7675128120531985]",1,-1
21731,[0.81188278 0.82256645],21,39,"[0.8421997346510058, 0.7675128120531985]",1,-1
21732,[0.83067476 0.82189276],21,39,"[0.8421997346510058, 0.7675128120531985]",1,-1
21733,[0.7919945  0.81612717],21,23,"[0.7534740255485087, 0.7686705599537007]",1,-1
21734,[0.76889164 0.79772929],21,23,"[0.7534740255485087, 0.7686705599537007]",1,3
21735,[0.8565282 0.8455914],21,-1,-1,1,-1
21736,[0.92336864 0.84396117],21,-1,-1,-1,-1
21737,[0.7773877  0.81251387],21,23,"[0.7534740255485087, 0.7686705599537007]",1,-1
21738,[0.7696144  0.82368471],21,23,"[0.7534740255485087, 0.7686705599537007]",1,-1
21739,[0.81004543 0.86759438],21,-1,-1,1,-1
21740,[0.81428667 0.81317694],21,39,"[0.8421997346510058, 0.7675128120531985]",1,3
21741,[0.8280933  0.76684488],21,39,"[0.8421997346510058, 0.7675128120531985]",1,-1
21742,[0.79577293 0.84311822],21,-1,-1,1,-1
21743,[0.81545394 0.9221256 ],21,-1,-1,-1,-1
21744,[0.83216281 0.77788275],21,39,"[0.8421997346510058, 0.7675128120531985]",1,3
21745,[0.80046772 0.79005612],21,39,"[0.8421997346510058, 0.7675128120531985]",1,3
21746,[0.77011684 0.76330958],21,23,"[0.7534740255485087, 0.7686705599537007]",1,-1
21747,[0.81761183 0.76892136],21,39,"[0.8421997346510058, 0.7675128120531985]",1,-1
21748,[0.82611093 0.6925956 ],21,-1,-1,1,-1
21749,[0.79837475 0.77325709],21,39,"[0.8421997346510058, 0.7675128120531985]",1,-1
21750,[0.81177718 0.81538529],21,39,"[0.8421997346510058, 0.7675128120531985]",1,3
21751,[0.78484583 0.79406483],21,23,"[0.7534740255485087, 0.7686705599537007]",1,3
21752,[0.72029097 0.71409399],21,23,"[0.7534740255485087, 0.7686705599537007]",1,6
21753,[0.83573828 0.82995607],21,39,"[0.8421997346510058, 0.7675128120531985]",1,-1
21754,[0.76617715 0.82657498],21,23,"[0.7534740255485087, 0.7686705599537007]",1,-1
21755,[0.80665913 0.67133577],21,-1,-1,1,-1
21756,[0.79989878 0.84852876],21,-1,-1,1,-1
21757,[0.81147841 0.80730478],21,39,"[0.8421997346510058, 0.7675128120531985]",1,3
21758,[0.82446281 0.80360821],21,39,"[0.8421997346510058, 0.7675128120531985]",1,3
21759,[0.79821621 0.69453263],21,-1,-1,1,-1
21760,[0.86869671 0.80629486],21,39,"[0.8421997346510058, 0.7675128120531985]",1,-1
21761,[0.80110342 0.88020706],21,-1,-1,1,-1
21762,[0.81875199 0.80447961],21,39,"[0.8421997346510058, 0.7675128120531985]",1,3
21763,[0.75695049 0.77753602],21,23,"[0.7534740255485087, 0.7686705599537007]",1,-1
21764,[0.75100725 0.74799861],21,23,"[0.7534740255485087, 0.7686705599537007]",1,-1
21765,[0.72569072 0.73939792],21,23,"[0.7534740255485087, 0.7686705599537007]",1,6
21766,[0.85364576 0.82043217],21,39,"[0.8421997346510058, 0.7675128120531985]",1,-1
21767,[0.79912367 0.75301818],21,39,"[0.8421997346510058, 0.7675128120531985]",1,-1
21768,[0.78599147 0.8134527 ],21,23,"[0.7534740255485087, 0.7686705599537007]",1,-1
21769,[0.85960824 0.84088561],21,-1,-1,1,-1
21770,[0.83394384 0.81667525],21,39,"[0.8421997346510058, 0.7675128120531985]",1,-1
21771,[0.85681633 0.76095832],21,39,"[0.8421997346510058, 0.7675128120531985]",1,-1
21772,[0.91519065 0.91384542],21,-1,-1,-1,-1
21773,[0.76683046 0.78659371],21,23,"[0.7534740255485087, 0.7686705599537007]",1,-1
21774,[0.79126907 0.70979395],21,23,"[0.7534740255485087, 0.7686705599537007]",1,-1
21775,[0.95129424 0.87013296],21,-1,-1,-1,-1
21776,[0.84150453 0.63145442],21,43,"[0.8274941202305067, 0.5998913364221842]",1,-1
21777,[0.69769459 0.7693244 ],21,34,"[0.6634532409245524, 0.760224782080757]",1,-1
21778,[0.83543996 0.8325749 ],21,39,"[0.8421997346510058, 0.7675128120531985]",1,-1
21779,[0.82438293 0.81114462],21,39,"[0.8421997346510058, 0.7675128120531985]",1,3
21780,[0.82914163 0.8087768 ],21,39,"[0.8421997346510058, 0.7675128120531985]",1,3
21781,[0.81784235 0.7401809 ],21,39,"[0.8421997346510058, 0.7675128120531985]",1,-1
21782,[0.79638326 0.82036317],21,23,"[0.7534740255485087, 0.7686705599537007]",1,-1
21783,[0.90035281 0.75201427],21,39,"[0.8421997346510058, 0.7675128120531985]",1,-1
21784,[0.75297133 0.7730598 ],21,23,"[0.7534740255485087, 0.7686705599537007]",1,-1
21785,[0.7815393  0.81769213],21,23,"[0.7534740255485087, 0.7686705599537007]",1,-1
21786,[0.82198532 0.77681039],21,39,"[0.8421997346510058, 0.7675128120531985]",1,-1
21787,[0.83400414 0.81406075],21,39,"[0.8421997346510058, 0.7675128120531985]",1,-1
21788,[0.80282954 0.83959635],21,-1,-1,1,-1
21789,[0.7990071  0.91092711],21,-1,-1,1,-1
21790,[0.73427278 0.78922234],21,23,"[0.7534740255485087, 0.7686705599537007]",1,-1
21791,[0.81676149 0.86577576],21,-1,-1,1,-1
21792,[0.84743683 0.79883666],21,39,"[0.8421997346510058, 0.7675128120531985]",1,-1
21793,[0.77848696 0.83573044],21,-1,-1,1,-1
21794,[0.7655685  0.75045328],21,23,"[0.7534740255485087, 0.7686705599537007]",1,-1
21795,[0.7958358  0.74892101],21,23,"[0.7534740255485087, 0.7686705599537007]",1,-1
21796,[0.93417333 0.81121923],21,-1,-1,-1,-1
21797,[0.87890806 0.85428166],21,-1,-1,1,-1
21798,[0.77356751 0.83597641],21,-1,-1,1,-1
21799,[0.78504801 0.82376182],21,23,"[0.7534740255485087, 0.7686705599537007]",1,-1
21800,[0.78217997 0.86768358],21,-1,-1,1,-1
21801,[0.70679686 0.74515098],21,34,"[0.6634532409245524, 0.760224782080757]",1,6
21802,[0.89890026 0.76355403],21,39,"[0.8421997346510058, 0.7675128120531985]",1,-1
21803,[0.79146727 0.82897721],21,-1,-1,1,-1
21804,[0.79185742 0.78348481],21,23,"[0.7534740255485087, 0.7686705599537007]",1,3
21805,[0.86221711 0.82295101],21,39,"[0.8421997346510058, 0.7675128120531985]",1,-1
21806,[0.92178981 0.83066475],21,-1,-1,-1,-1
21807,[0.84897682 0.7646154 ],21,39,"[0.8421997346510058, 0.7675128120531985]",1,-1
21808,[0.80582064 0.6990646 ],21,-1,-1,1,-1
21809,[0.85340298 0.84353787],21,-1,-1,1,-1
21810,[0.85797729 0.81209076],21,39,"[0.8421997346510058, 0.7675128120531985]",1,-1
21811,[0.8381562  0.89749147],21,-1,-1,-1,-1
21812,[0.7747507  0.86600015],21,-1,-1,1,-1
21813,[0.76659775 0.79271468],21,23,"[0.7534740255485087, 0.7686705599537007]",1,-1
21814,[0.80667289 0.70259104],21,-1,-1,1,-1
21815,[0.76974792 0.79727949],21,23,"[0.7534740255485087, 0.7686705599537007]",1,3
21816,[0.81750864 0.707066  ],21,39,"[0.8421997346510058, 0.7675128120531985]",1,-1
21817,[0.82053899 0.85168017],21,-1,-1,1,-1
21818,[0.84699674 0.78118334],21,39,"[0.8421997346510058, 0.7675128120531985]",1,-1
21819,[0.82569851 0.81197387],21,39,"[0.8421997346510058, 0.7675128120531985]",1,3
21820,[0.80979984 0.79419862],21,39,"[0.8421997346510058, 0.7675128120531985]",1,3
21821,[0.8356975  0.79724366],21,39,"[0.8421997346510058, 0.7675128120531985]",1,-1
21822,[0.858066   0.81643536],21,39,"[0.8421997346510058, 0.7675128120531985]",1,-1
21823,[0.74601579 0.70345963],21,23,"[0.7534740255485087, 0.7686705599537007]",1,-1
21824,[0.88447448 0.74644079],21,39,"[0.8421997346510058, 0.7675128120531985]",1,-1
21825,[0.89630728 0.80064767],21,39,"[0.8421997346510058, 0.7675128120531985]",1,-1
21826,[0.86060221 0.72796975],21,39,"[0.8421997346510058, 0.7675128120531985]",1,-1
21827,[0.81824369 0.84134836],21,-1,-1,1,-1
21828,[0.78714901 0.74279266],21,23,"[0.7534740255485087, 0.7686705599537007]",1,-1
21829,[0.75435515 0.62383549],21,11,"[0.7051682617613192, 0.574171671796882]",1,-1
21830,[0.85164949 0.77208082],21,39,"[0.8421997346510058, 0.7675128120531985]",1,-1
21831,[0.87150767 0.69340922],21,-1,-1,1,-1
21832,[0.75279203 0.77008418],21,23,"[0.7534740255485087, 0.7686705599537007]",1,-1
21833,[0.72592715 0.82182203],21,23,"[0.7534740255485087, 0.7686705599537007]",1,-1
21834,[0.81396703 0.68560453],21,-1,-1,1,-1
21835,[0.79085457 0.70422235],21,-1,-1,1,-1
21836,[0.83083851 0.7661449 ],21,39,"[0.8421997346510058, 0.7675128120531985]",1,-1
21837,[0.85481331 0.77658551],21,39,"[0.8421997346510058, 0.7675128120531985]",1,-1
21838,[0.7698786 0.7616591],21,23,"[0.7534740255485087, 0.7686705599537007]",1,-1
21839,[0.7906062  0.75642523],21,23,"[0.7534740255485087, 0.7686705599537007]",1,-1
21840,[0.81354506 0.77642243],21,39,"[0.8421997346510058, 0.7675128120531985]",1,3
21841,[0.87568851 0.76488095],21,39,"[0.8421997346510058, 0.7675128120531985]",1,-1
21842,[0.89442407 0.79316378],21,39,"[0.8421997346510058, 0.7675128120531985]",1,-1
21843,[0.73729836 0.87368514],21,-1,-1,1,-1
21844,[0.79590819 0.89472361],21,-1,-1,1,-1
21845,[0.81600503 0.79960269],21,39,"[0.8421997346510058, 0.7675128120531985]",1,3
21846,[0.83834564 0.73475775],21,39,"[0.8421997346510058, 0.7675128120531985]",1,-1
21847,[0.81463892 0.77279511],21,39,"[0.8421997346510058, 0.7675128120531985]",1,-1
21848,[0.75916758 0.8108258 ],21,23,"[0.7534740255485087, 0.7686705599537007]",1,-1
21849,[0.78650042 0.84728228],21,-1,-1,1,-1
21850,[0.72347696 0.77156319],21,23,"[0.7534740255485087, 0.7686705599537007]",1,-1
21851,[0.83841086 0.800445  ],21,39,"[0.8421997346510058, 0.7675128120531985]",1,-1
21852,[0.88001698 0.8665398 ],21,-1,-1,1,-1
21853,[0.84211737 0.78198155],21,39,"[0.8421997346510058, 0.7675128120531985]",1,-1
21854,[0.81293782 0.875019  ],21,-1,-1,1,-1
21855,[0.72800966 0.82380885],21,23,"[0.7534740255485087, 0.7686705599537007]",1,-1
21856,[0.89320417 0.81881207],21,-1,-1,1,-1
21857,[0.84806246 0.75152794],21,39,"[0.8421997346510058, 0.7675128120531985]",1,-1
21858,[0.81895975 0.79394855],21,39,"[0.8421997346510058, 0.7675128120531985]",1,3
21859,[0.89965403 0.76952362],21,39,"[0.8421997346510058, 0.7675128120531985]",1,-1
21860,[0.73866101 0.77684023],21,23,"[0.7534740255485087, 0.7686705599537007]",1,-1
21861,[0.80255351 0.77905935],21,39,"[0.8421997346510058, 0.7675128120531985]",1,3
21862,[0.8310212  0.70963082],21,39,"[0.8421997346510058, 0.7675128120531985]",1,-1
21863,[0.80568758 0.82613058],21,39,"[0.8421997346510058, 0.7675128120531985]",1,-1
21864,[0.85461826 0.80350021],21,39,"[0.8421997346510058, 0.7675128120531985]",1,-1
21865,[0.76603112 0.68614363],21,-1,-1,1,-1
21866,[0.7520067  0.79995467],21,23,"[0.7534740255485087, 0.7686705599537007]",1,-1
21867,[0.77429612 0.68008042],21,-1,-1,1,-1
21868,[0.76877696 0.66347603],21,-1,-1,1,-1
21869,[0.80037977 0.84390675],21,-1,-1,1,-1
21870,[0.79887057 0.81819365],21,39,"[0.8421997346510058, 0.7675128120531985]",1,-1
21871,[0.81968946 0.77161731],21,39,"[0.8421997346510058, 0.7675128120531985]",1,-1
21872,[0.80793416 0.72447758],21,39,"[0.8421997346510058, 0.7675128120531985]",1,-1
21873,[0.79646227 0.85865312],21,-1,-1,1,-1
21874,[0.78066847 0.80156183],21,23,"[0.7534740255485087, 0.7686705599537007]",1,3
21875,[0.77593968 0.79758173],21,23,"[0.7534740255485087, 0.7686705599537007]",1,3
21876,[0.78559072 0.85292736],21,-1,-1,1,-1
21877,[0.75700467 0.82951344],21,23,"[0.7534740255485087, 0.7686705599537007]",1,-1
21878,[0.77153644 0.84989834],21,-1,-1,1,-1
21879,[0.88516074 0.81003966],21,39,"[0.8421997346510058, 0.7675128120531985]",1,-1
21880,[0.8187312  0.76077956],21,39,"[0.8421997346510058, 0.7675128120531985]",1,-1
21881,[0.72425304 0.80045645],21,23,"[0.7534740255485087, 0.7686705599537007]",1,-1
21882,[0.83833569 0.7468266 ],21,39,"[0.8421997346510058, 0.7675128120531985]",1,-1
21883,[0.80154653 0.89179406],21,-1,-1,1,-1
21884,[0.75380432 0.71221734],21,23,"[0.7534740255485087, 0.7686705599537007]",1,-1
21885,[0.87909638 0.76695574],21,39,"[0.8421997346510058, 0.7675128120531985]",1,-1
21886,[0.72512172 0.79432649],21,23,"[0.7534740255485087, 0.7686705599537007]",1,-1
21887,[0.83639502 0.86013532],21,-1,-1,1,-1
21888,[0.85663466 0.8064117 ],21,39,"[0.8421997346510058, 0.7675128120531985]",1,-1
21889,[0.82549327 0.73138617],21,39,"[0.8421997346510058, 0.7675128120531985]",1,-1
21890,[0.81874132 0.80918692],21,39,"[0.8421997346510058, 0.7675128120531985]",1,3
21891,[0.78027607 0.79345579],21,23,"[0.7534740255485087, 0.7686705599537007]",1,3
21892,[0.78073317 0.71060796],21,23,"[0.7534740255485087, 0.7686705599537007]",1,-1
21893,[0.83406747 0.73358469],21,39,"[0.8421997346510058, 0.7675128120531985]",1,-1
21894,[0.84853435 0.72730771],21,39,"[0.8421997346510058, 0.7675128120531985]",1,-1
21895,[0.84832153 0.81231187],21,39,"[0.8421997346510058, 0.7675128120531985]",1,-1
21896,[0.73903793 0.7250849 ],21,23,"[0.7534740255485087, 0.7686705599537007]",1,-1
21897,[0.85602571 0.78164777],21,39,"[0.8421997346510058, 0.7675128120531985]",1,-1
21898,[0.89627022 0.81983319],21,-1,-1,1,-1
21899,[0.8488971  0.71982734],21,39,"[0.8421997346510058, 0.7675128120531985]",1,-1
21900,[0.75716316 0.76484853],21,23,"[0.7534740255485087, 0.7686705599537007]",1,-1
21901,[0.80446862 0.7959808 ],21,39,"[0.8421997346510058, 0.7675128120531985]",1,3
21902,[0.82728673 0.75781718],21,39,"[0.8421997346510058, 0.7675128120531985]",1,-1
21903,[0.82205262 0.78574498],21,39,"[0.8421997346510058, 0.7675128120531985]",1,3
21904,[0.77396694 0.84552701],21,-1,-1,1,-1
21905,[0.7497119  0.76871292],21,23,"[0.7534740255485087, 0.7686705599537007]",1,-1
21906,[0.91640931 0.77342379],21,-1,-1,1,-1
21907,[0.87075737 0.75659336],21,39,"[0.8421997346510058, 0.7675128120531985]",1,-1
21908,[0.76921347 0.72595004],21,23,"[0.7534740255485087, 0.7686705599537007]",1,-1
21909,[0.77900847 0.74032148],21,23,"[0.7534740255485087, 0.7686705599537007]",1,-1
21910,[0.92446238 0.67708749],21,-1,-1,-1,-1
21911,[0.80651825 0.72351783],21,39,"[0.8421997346510058, 0.7675128120531985]",1,-1
21912,[0.76758597 0.83294425],21,23,"[0.7534740255485087, 0.7686705599537007]",1,-1
21913,[0.79670182 0.73059016],21,23,"[0.7534740255485087, 0.7686705599537007]",1,-1
21914,[0.78368529 0.80225401],21,23,"[0.7534740255485087, 0.7686705599537007]",1,3
21915,[0.72979618 0.82288864],21,23,"[0.7534740255485087, 0.7686705599537007]",1,-1
21916,[0.86200569 0.74845489],21,39,"[0.8421997346510058, 0.7675128120531985]",1,-1
21917,[0.8039873  0.76258028],21,39,"[0.8421997346510058, 0.7675128120531985]",1,-1
21918,[0.79116783 0.88922397],21,-1,-1,1,-1
21919,[0.9244638  0.76075219],21,-1,-1,-1,-1
21920,[0.82681339 0.85584016],21,-1,-1,1,-1
21921,[0.7185426  0.79952544],21,23,"[0.7534740255485087, 0.7686705599537007]",1,-1
21922,[0.82419899 0.73200538],21,39,"[0.8421997346510058, 0.7675128120531985]",1,-1
21923,[0.82035326 0.75903422],21,39,"[0.8421997346510058, 0.7675128120531985]",1,-1
21924,[0.79820317 0.77980288],21,39,"[0.8421997346510058, 0.7675128120531985]",1,-1
21925,[0.78140991 0.7775923 ],21,23,"[0.7534740255485087, 0.7686705599537007]",1,-1
21926,[0.82369757 0.81819923],21,39,"[0.8421997346510058, 0.7675128120531985]",1,3
21927,[0.82726432 0.75691235],21,39,"[0.8421997346510058, 0.7675128120531985]",1,-1
21928,[0.76529476 0.74956486],21,23,"[0.7534740255485087, 0.7686705599537007]",1,-1
21929,[0.77002626 0.80019505],21,23,"[0.7534740255485087, 0.7686705599537007]",1,3
21930,[0.92154507 0.77968977],21,-1,-1,1,-1
21931,[0.75832848 0.84212877],21,-1,-1,1,-1
21932,[0.71304678 0.73416222],21,23,"[0.7534740255485087, 0.7686705599537007]",1,-1
21933,[0.69782427 0.85921565],21,-1,-1,1,-1
21934,[0.78139706 0.68145898],21,-1,-1,1,-1
21935,[0.80790258 0.84402321],21,-1,-1,1,-1
21936,[0.81635885 0.78656932],21,39,"[0.8421997346510058, 0.7675128120531985]",1,-1
21937,[0.82651836 0.77833603],21,39,"[0.8421997346510058, 0.7675128120531985]",1,-1
21938,[0.86747461 0.82730367],21,39,"[0.8421997346510058, 0.7675128120531985]",1,-1
21939,[0.88408863 0.77770416],21,39,"[0.8421997346510058, 0.7675128120531985]",1,-1
21940,[0.79519839 0.7341414 ],21,23,"[0.7534740255485087, 0.7686705599537007]",1,-1
21941,[0.76696034 0.7672556 ],21,23,"[0.7534740255485087, 0.7686705599537007]",1,-1
21942,[0.75819153 0.86386721],21,-1,-1,1,-1
21943,[0.77920666 0.80583902],21,23,"[0.7534740255485087, 0.7686705599537007]",1,3
21944,[0.78029114 0.7216513 ],21,23,"[0.7534740255485087, 0.7686705599537007]",1,-1
21945,[0.81224153 0.77675788],21,39,"[0.8421997346510058, 0.7675128120531985]",1,3
21946,[0.80303789 0.78349098],21,39,"[0.8421997346510058, 0.7675128120531985]",1,3
21947,[0.82803884 0.85390366],21,-1,-1,1,-1
21948,[0.76608531 0.69774704],21,-1,-1,1,-1
21949,[0.78485515 0.79979949],21,23,"[0.7534740255485087, 0.7686705599537007]",1,-1
21950,[0.83094051 0.70173897],21,39,"[0.8421997346510058, 0.7675128120531985]",1,-1
21951,[0.83329185 0.88581452],21,-1,-1,1,-1
21952,[0.75481072 0.73974005],21,23,"[0.7534740255485087, 0.7686705599537007]",1,-1
21953,[0.78523088 0.75276226],21,23,"[0.7534740255485087, 0.7686705599537007]",1,-1
21954,[0.76992254 0.75383181],21,23,"[0.7534740255485087, 0.7686705599537007]",1,-1
21955,[0.77510151 0.81229381],21,23,"[0.7534740255485087, 0.7686705599537007]",1,3
21956,[0.91224952 0.88985493],21,-1,-1,-1,-1
21957,[0.81398034 0.8094697 ],21,39,"[0.8421997346510058, 0.7675128120531985]",1,3
21958,[0.81018524 0.77175632],21,39,"[0.8421997346510058, 0.7675128120531985]",1,-1
21959,[0.81684679 0.81415743],21,39,"[0.8421997346510058, 0.7675128120531985]",1,3
21960,[0.86112808 0.81486057],21,39,"[0.8421997346510058, 0.7675128120531985]",1,-1
21961,[0.73510544 0.81437943],21,23,"[0.7534740255485087, 0.7686705599537007]",1,-1
21962,[0.85663918 0.73082879],21,39,"[0.8421997346510058, 0.7675128120531985]",1,-1
21963,[0.78760446 0.76363133],21,23,"[0.7534740255485087, 0.7686705599537007]",1,-1
21964,[0.80699149 0.83072397],21,-1,-1,1,-1
21965,[0.81921282 0.80651754],21,39,"[0.8421997346510058, 0.7675128120531985]",1,3
21966,[0.8443247  0.76841193],21,39,"[0.8421997346510058, 0.7675128120531985]",1,-1
21967,[0.71352282 0.81431166],21,23,"[0.7534740255485087, 0.7686705599537007]",1,-1
21968,[0.74572775 0.79108588],21,23,"[0.7534740255485087, 0.7686705599537007]",1,-1
21969,[0.79265073 0.85049957],21,-1,-1,1,-1
21970,[0.83307285 0.79225888],21,39,"[0.8421997346510058, 0.7675128120531985]",1,3
21971,[0.78025929 0.80255678],21,23,"[0.7534740255485087, 0.7686705599537007]",1,3
21972,[0.81479956 0.71649807],21,39,"[0.8421997346510058, 0.7675128120531985]",1,-1
21973,[0.80938961 0.71173191],21,39,"[0.8421997346510058, 0.7675128120531985]",1,-1
21974,[0.72271704 0.78222401],21,23,"[0.7534740255485087, 0.7686705599537007]",1,-1
21975,[0.79787836 0.7147772 ],21,39,"[0.8421997346510058, 0.7675128120531985]",1,-1
21976,[0.78945278 0.87702246],21,-1,-1,1,-1
21977,[0.82179212 0.81369168],21,39,"[0.8421997346510058, 0.7675128120531985]",1,3
21978,[0.76777212 0.77944928],21,23,"[0.7534740255485087, 0.7686705599537007]",1,3
21979,[0.82772557 0.77909293],21,39,"[0.8421997346510058, 0.7675128120531985]",1,-1
21980,[0.68472824 0.78659239],21,34,"[0.6634532409245524, 0.760224782080757]",1,-1
21981,[0.77699136 0.73174751],21,23,"[0.7534740255485087, 0.7686705599537007]",1,-1
21982,[0.8860173  0.76260623],21,39,"[0.8421997346510058, 0.7675128120531985]",1,-1
21983,[0.71039251 0.79880586],21,23,"[0.7534740255485087, 0.7686705599537007]",1,-1
21984,[0.75118566 0.88339264],21,-1,-1,1,-1
21985,[0.75300495 0.83781091],21,23,"[0.7534740255485087, 0.7686705599537007]",1,-1
21986,[0.72306784 0.74600322],21,23,"[0.7534740255485087, 0.7686705599537007]",1,6
21987,[0.77709147 0.82366294],21,23,"[0.7534740255485087, 0.7686705599537007]",1,-1
21988,[0.7725651  0.64379729],21,-1,-1,1,-1
21989,[0.71766629 0.71256886],21,23,"[0.7534740255485087, 0.7686705599537007]",1,6
21990,[0.80211363 0.80949605],21,39,"[0.8421997346510058, 0.7675128120531985]",1,-1
21991,[0.88322638 0.75024219],21,39,"[0.8421997346510058, 0.7675128120531985]",1,-1
21992,[0.75376795 0.82524991],21,23,"[0.7534740255485087, 0.7686705599537007]",1,-1
21993,[0.81923662 0.74879654],21,39,"[0.8421997346510058, 0.7675128120531985]",1,-1
21994,[0.73460972 0.77506019],21,23,"[0.7534740255485087, 0.7686705599537007]",1,-1
21995,[0.77745493 0.80553529],21,23,"[0.7534740255485087, 0.7686705599537007]",1,3
21996,[0.88436067 0.77883549],21,39,"[0.8421997346510058, 0.7675128120531985]",1,-1
21997,[0.82154784 0.88488063],21,-1,-1,1,-1
21998,[0.8044269 0.6751226],21,-1,-1,1,-1
21999,[0.72862315 0.88527094],21,-1,-1,-1,-1
22000,[0.37638195 0.38517085],22,6,"[0.40123478470159024, 0.40656176249784554]",1,-1
22001,[0.27423263 0.43205791],22,0,"[0.2473875480073203, 0.39401489827781994]",1,53
22002,[0.2601679  0.40777208],22,0,"[0.2473875480073203, 0.39401489827781994]",1,-1
22003,[0.31564714 0.45539994],22,13,"[0.32294489274299887, 0.4620611538839558]",1,-1
22004,[0.2590771 0.4709809],22,17,"[0.19949257984775934, 0.47737458183782433]",1,-1
22005,[0.3196409  0.31860222],22,7,"[0.2880919156697789, 0.2889500356712737]",1,-1
22006,[0.3093622  0.38650554],22,1,"[0.33650952271243567, 0.3695039184549852]",1,-1
22007,[0.26964027 0.37373735],22,0,"[0.2473875480073203, 0.39401489827781994]",1,-1
22008,[0.26627561 0.36343356],22,0,"[0.2473875480073203, 0.39401489827781994]",1,-1
22009,[0.20778302 0.33301354],22,15,"[0.188292755006214, 0.3253570325311902]",1,-1
22010,[0.27236746 0.41869702],22,0,"[0.2473875480073203, 0.39401489827781994]",1,53
22011,[0.3171837  0.36866033],22,1,"[0.33650952271243567, 0.3695039184549852]",1,-1
22012,[0.2319093 0.3734696],22,0,"[0.2473875480073203, 0.39401489827781994]",1,-1
22013,[0.25619886 0.45631352],22,17,"[0.19949257984775934, 0.47737458183782433]",1,-1
22014,[0.36767979 0.45974946],22,13,"[0.32294489274299887, 0.4620611538839558]",1,-1
22015,[0.34037043 0.31789794],22,1,"[0.33650952271243567, 0.3695039184549852]",1,-1
22016,[0.3134964  0.25853107],22,7,"[0.2880919156697789, 0.2889500356712737]",1,-1
22017,[0.28065546 0.37718654],22,0,"[0.2473875480073203, 0.39401489827781994]",1,-1
22018,[0.20579722 0.39843288],22,0,"[0.2473875480073203, 0.39401489827781994]",1,-1
22019,[0.26832062 0.41967131],22,0,"[0.2473875480073203, 0.39401489827781994]",1,-1
22020,[0.32014729 0.33908816],22,1,"[0.33650952271243567, 0.3695039184549852]",1,-1
22021,[0.24185988 0.30876126],22,7,"[0.2880919156697789, 0.2889500356712737]",1,-1
22022,[0.25530516 0.44002639],22,0,"[0.2473875480073203, 0.39401489827781994]",1,-1
22023,[0.30482958 0.44169553],22,13,"[0.32294489274299887, 0.4620611538839558]",1,-1
22024,[0.32347028 0.3434275 ],22,1,"[0.33650952271243567, 0.3695039184549852]",1,-1
22025,[0.2494117  0.36362065],22,0,"[0.2473875480073203, 0.39401489827781994]",1,-1
22026,[0.28505214 0.36455853],22,0,"[0.2473875480073203, 0.39401489827781994]",1,-1
22027,[0.31350213 0.33846186],22,1,"[0.33650952271243567, 0.3695039184549852]",1,-1
22028,[0.24370602 0.38221725],22,0,"[0.2473875480073203, 0.39401489827781994]",1,47
22029,[0.21375754 0.44631462],22,17,"[0.19949257984775934, 0.47737458183782433]",1,-1
22030,[0.33092825 0.45957406],22,13,"[0.32294489274299887, 0.4620611538839558]",1,-1
22031,[0.22961247 0.42382276],22,0,"[0.2473875480073203, 0.39401489827781994]",1,-1
22032,[0.3064764  0.36176103],22,1,"[0.33650952271243567, 0.3695039184549852]",1,-1
22033,[0.30842906 0.47185601],22,13,"[0.32294489274299887, 0.4620611538839558]",1,-1
22034,[0.28783824 0.52231103],22,13,"[0.32294489274299887, 0.4620611538839558]",1,-1
22035,[0.30374231 0.3746385 ],22,1,"[0.33650952271243567, 0.3695039184549852]",1,-1
22036,[0.33064584 0.37645052],22,1,"[0.33650952271243567, 0.3695039184549852]",1,72
22037,[0.25154601 0.34406146],22,0,"[0.2473875480073203, 0.39401489827781994]",1,-1
22038,[0.28131615 0.43295849],22,13,"[0.32294489274299887, 0.4620611538839558]",1,-1
22039,[0.26322378 0.34396438],22,0,"[0.2473875480073203, 0.39401489827781994]",1,-1
22040,[0.21329745 0.4272763 ],22,0,"[0.2473875480073203, 0.39401489827781994]",1,-1
22041,[0.26792625 0.4010749 ],22,0,"[0.2473875480073203, 0.39401489827781994]",1,59
22042,[0.26176737 0.35037277],22,0,"[0.2473875480073203, 0.39401489827781994]",1,-1
22043,[0.21038318 0.41776046],22,0,"[0.2473875480073203, 0.39401489827781994]",1,-1
22044,[0.27776875 0.48342238],22,13,"[0.32294489274299887, 0.4620611538839558]",1,-1
22045,[0.25238257 0.47490924],22,17,"[0.19949257984775934, 0.47737458183782433]",1,-1
22046,[0.33555421 0.42129656],22,13,"[0.32294489274299887, 0.4620611538839558]",1,-1
22047,[0.20146837 0.38869042],22,0,"[0.2473875480073203, 0.39401489827781994]",1,35
22048,[0.23845018 0.37891135],22,0,"[0.2473875480073203, 0.39401489827781994]",1,-1
22049,[0.28348614 0.38699798],22,0,"[0.2473875480073203, 0.39401489827781994]",1,-1
22050,[0.2677011  0.31826897],22,7,"[0.2880919156697789, 0.2889500356712737]",1,-1
22051,[0.29239925 0.44871983],22,13,"[0.32294489274299887, 0.4620611538839558]",1,-1
22052,[0.23092128 0.49940684],22,17,"[0.19949257984775934, 0.47737458183782433]",1,-1
22053,[0.36757702 0.4213545 ],22,6,"[0.40123478470159024, 0.40656176249784554]",1,-1
22054,[0.20628952 0.37650952],22,0,"[0.2473875480073203, 0.39401489827781994]",1,-1
22055,[0.29447368 0.46363152],22,13,"[0.32294489274299887, 0.4620611538839558]",1,-1
22056,[0.2489327  0.42479148],22,0,"[0.2473875480073203, 0.39401489827781994]",1,-1
22057,[0.32109999 0.36194465],22,1,"[0.33650952271243567, 0.3695039184549852]",1,-1
22058,[0.29372877 0.33472948],22,7,"[0.2880919156697789, 0.2889500356712737]",1,-1
22059,[0.29661386 0.47023378],22,13,"[0.32294489274299887, 0.4620611538839558]",1,-1
22060,[0.27467148 0.48666591],22,13,"[0.32294489274299887, 0.4620611538839558]",1,-1
22061,[0.24756957 0.43916688],22,0,"[0.2473875480073203, 0.39401489827781994]",1,-1
22062,[0.27959857 0.41932123],22,0,"[0.2473875480073203, 0.39401489827781994]",1,-1
22063,[0.36997559 0.42527419],22,6,"[0.40123478470159024, 0.40656176249784554]",1,-1
22064,[0.24754658 0.46108012],22,17,"[0.19949257984775934, 0.47737458183782433]",1,24
22065,[0.24757321 0.43189379],22,0,"[0.2473875480073203, 0.39401489827781994]",1,-1
22066,[0.30690138 0.40402106],22,1,"[0.33650952271243567, 0.3695039184549852]",1,-1
22067,[0.29666581 0.47974533],22,13,"[0.32294489274299887, 0.4620611538839558]",1,-1
22068,[0.21866975 0.39422793],22,0,"[0.2473875480073203, 0.39401489827781994]",1,-1
22069,[0.27333502 0.37368489],22,0,"[0.2473875480073203, 0.39401489827781994]",1,-1
22070,[0.29685632 0.42981437],22,13,"[0.32294489274299887, 0.4620611538839558]",1,-1
22071,[0.24306126 0.455161  ],22,17,"[0.19949257984775934, 0.47737458183782433]",1,24
22072,[0.20491947 0.43873835],22,17,"[0.19949257984775934, 0.47737458183782433]",1,-1
22073,[0.25712712 0.47308182],22,17,"[0.19949257984775934, 0.47737458183782433]",1,-1
22074,[0.33442467 0.39690235],22,1,"[0.33650952271243567, 0.3695039184549852]",1,-1
22075,[0.28966127 0.45617786],22,13,"[0.32294489274299887, 0.4620611538839558]",1,-1
22076,[0.25304476 0.47956894],22,17,"[0.19949257984775934, 0.47737458183782433]",1,-1
22077,[0.36319726 0.34136495],22,1,"[0.33650952271243567, 0.3695039184549852]",1,-1
22078,[0.23798959 0.34575459],22,0,"[0.2473875480073203, 0.39401489827781994]",1,40
22079,[0.23231654 0.40235481],22,0,"[0.2473875480073203, 0.39401489827781994]",1,-1
22080,[0.32597227 0.49077624],22,13,"[0.32294489274299887, 0.4620611538839558]",1,-1
22081,[0.27469849 0.39266561],22,0,"[0.2473875480073203, 0.39401489827781994]",1,-1
22082,[0.31149188 0.35411809],22,1,"[0.33650952271243567, 0.3695039184549852]",1,-1
22083,[0.32210058 0.30379982],22,7,"[0.2880919156697789, 0.2889500356712737]",1,-1
22084,[0.35525042 0.44007343],22,13,"[0.32294489274299887, 0.4620611538839558]",1,-1
22085,[0.38148339 0.33382306],22,4,"[0.3937233168939997, 0.29890402186269427]",1,-1
22086,[0.30436015 0.40249355],22,1,"[0.33650952271243567, 0.3695039184549852]",1,61
22087,[0.19195299 0.3676206 ],22,15,"[0.188292755006214, 0.3253570325311902]",1,-1
22088,[0.28007482 0.34073569],22,7,"[0.2880919156697789, 0.2889500356712737]",1,-1
22089,[0.26083695 0.46417728],22,13,"[0.32294489274299887, 0.4620611538839558]",1,-1
22090,[0.18474092 0.40604006],22,0,"[0.2473875480073203, 0.39401489827781994]",1,-1
22091,[0.28367554 0.38969075],22,0,"[0.2473875480073203, 0.39401489827781994]",1,59
22092,[0.22694367 0.40634001],22,0,"[0.2473875480073203, 0.39401489827781994]",1,-1
22093,[0.22732172 0.3817742 ],22,0,"[0.2473875480073203, 0.39401489827781994]",1,-1
22094,[0.3007299  0.46579089],22,13,"[0.32294489274299887, 0.4620611538839558]",1,-1
22095,[0.21868595 0.43552164],22,17,"[0.19949257984775934, 0.47737458183782433]",1,-1
22096,[0.28900991 0.35649373],22,1,"[0.33650952271243567, 0.3695039184549852]",1,-1
22097,[0.17708563 0.39756438],22,-1,-1,1,-1
22098,[0.29387915 0.34906289],22,1,"[0.33650952271243567, 0.3695039184549852]",1,-1
22099,[0.23835532 0.35054738],22,0,"[0.2473875480073203, 0.39401489827781994]",1,-1
22100,[0.26534352 0.35918835],22,0,"[0.2473875480073203, 0.39401489827781994]",1,-1
22101,[0.19521098 0.35319722],22,15,"[0.188292755006214, 0.3253570325311902]",1,-1
22102,[0.37089985 0.45669807],22,13,"[0.32294489274299887, 0.4620611538839558]",1,-1
22103,[0.2939179  0.39755436],22,0,"[0.2473875480073203, 0.39401489827781994]",1,-1
22104,[0.29982573 0.29764996],22,7,"[0.2880919156697789, 0.2889500356712737]",1,-1
22105,[0.33055391 0.42496429],22,13,"[0.32294489274299887, 0.4620611538839558]",1,-1
22106,[0.13107107 0.37010741],22,-1,-1,1,-1
22107,[0.27373413 0.40562772],22,0,"[0.2473875480073203, 0.39401489827781994]",1,59
22108,[0.30118637 0.33820125],22,1,"[0.33650952271243567, 0.3695039184549852]",1,-1
22109,[0.29597183 0.35530619],22,1,"[0.33650952271243567, 0.3695039184549852]",1,-1
22110,[0.33667148 0.48839237],22,13,"[0.32294489274299887, 0.4620611538839558]",1,-1
22111,[0.27941152 0.45241849],22,13,"[0.32294489274299887, 0.4620611538839558]",1,-1
22112,[0.30063867 0.36936467],22,1,"[0.33650952271243567, 0.3695039184549852]",1,-1
22113,[0.31808918 0.46382247],22,13,"[0.32294489274299887, 0.4620611538839558]",1,-1
22114,[0.23956382 0.33475219],22,15,"[0.188292755006214, 0.3253570325311902]",1,-1
22115,[0.37792483 0.3875361 ],22,6,"[0.40123478470159024, 0.40656176249784554]",1,-1
22116,[0.22156616 0.42090153],22,0,"[0.2473875480073203, 0.39401489827781994]",1,-1
22117,[0.31824904 0.40700705],22,1,"[0.33650952271243567, 0.3695039184549852]",1,-1
22118,[0.36280785 0.40966015],22,6,"[0.40123478470159024, 0.40656176249784554]",1,-1
22119,[0.27673373 0.4429702 ],22,13,"[0.32294489274299887, 0.4620611538839558]",1,-1
22120,[0.26312357 0.44443026],22,0,"[0.2473875480073203, 0.39401489827781994]",1,-1
22121,[0.27516712 0.34885332],22,0,"[0.2473875480073203, 0.39401489827781994]",1,-1
22122,[0.17693762 0.32669024],22,15,"[0.188292755006214, 0.3253570325311902]",1,-1
22123,[0.32742107 0.34027039],22,1,"[0.33650952271243567, 0.3695039184549852]",1,-1
22124,[0.32307825 0.39635768],22,1,"[0.33650952271243567, 0.3695039184549852]",1,-1
22125,[0.33343925 0.4527842 ],22,13,"[0.32294489274299887, 0.4620611538839558]",1,-1
22126,[0.33583773 0.37976291],22,1,"[0.33650952271243567, 0.3695039184549852]",1,72
22127,[0.25824209 0.39664357],22,0,"[0.2473875480073203, 0.39401489827781994]",1,-1
22128,[0.30880703 0.38212474],22,1,"[0.33650952271243567, 0.3695039184549852]",1,-1
22129,[0.27366829 0.41035235],22,0,"[0.2473875480073203, 0.39401489827781994]",1,-1
22130,[0.37028111 0.37959456],22,1,"[0.33650952271243567, 0.3695039184549852]",1,-1
22131,[0.26143157 0.32932046],22,7,"[0.2880919156697789, 0.2889500356712737]",1,-1
22132,[0.33229473 0.42870696],22,13,"[0.32294489274299887, 0.4620611538839558]",1,-1
22133,[0.24200749 0.43470149],22,0,"[0.2473875480073203, 0.39401489827781994]",1,-1
22134,[0.32386063 0.36693861],22,1,"[0.33650952271243567, 0.3695039184549852]",1,-1
22135,[0.25746227 0.37599561],22,0,"[0.2473875480073203, 0.39401489827781994]",1,-1
22136,[0.35664275 0.41011541],22,6,"[0.40123478470159024, 0.40656176249784554]",1,-1
22137,[0.2548179  0.27285447],22,7,"[0.2880919156697789, 0.2889500356712737]",1,-1
22138,[0.28936427 0.35520741],22,1,"[0.33650952271243567, 0.3695039184549852]",1,-1
22139,[0.29357059 0.42567678],22,13,"[0.32294489274299887, 0.4620611538839558]",1,-1
22140,[0.28650064 0.30398408],22,7,"[0.2880919156697789, 0.2889500356712737]",1,-1
22141,[0.30805784 0.39304534],22,1,"[0.33650952271243567, 0.3695039184549852]",1,-1
22142,[0.21436324 0.44562648],22,17,"[0.19949257984775934, 0.47737458183782433]",1,-1
22143,[0.31682463 0.34694996],22,1,"[0.33650952271243567, 0.3695039184549852]",1,-1
22144,[0.27348106 0.42067026],22,0,"[0.2473875480073203, 0.39401489827781994]",1,53
22145,[0.28377974 0.45961695],22,13,"[0.32294489274299887, 0.4620611538839558]",1,-1
22146,[0.15984693 0.40180729],22,-1,-1,1,-1
22147,[0.27591441 0.38104729],22,0,"[0.2473875480073203, 0.39401489827781994]",1,-1
22148,[0.30158064 0.47927859],22,13,"[0.32294489274299887, 0.4620611538839558]",1,-1
22149,[0.14865866 0.35668748],22,15,"[0.188292755006214, 0.3253570325311902]",1,-1
22150,[0.29098299 0.36626886],22,1,"[0.33650952271243567, 0.3695039184549852]",1,-1
22151,[0.25487658 0.38712327],22,0,"[0.2473875480073203, 0.39401489827781994]",1,-1
22152,[0.33045792 0.47759731],22,13,"[0.32294489274299887, 0.4620611538839558]",1,-1
22153,[0.27766639 0.51178102],22,13,"[0.32294489274299887, 0.4620611538839558]",1,-1
22154,[0.32954589 0.37871999],22,1,"[0.33650952271243567, 0.3695039184549852]",1,72
22155,[0.31661365 0.40357114],22,1,"[0.33650952271243567, 0.3695039184549852]",1,61
22156,[0.28475671 0.31173713],22,7,"[0.2880919156697789, 0.2889500356712737]",1,-1
22157,[0.35762685 0.40995427],22,6,"[0.40123478470159024, 0.40656176249784554]",1,-1
22158,[0.24539362 0.43526516],22,0,"[0.2473875480073203, 0.39401489827781994]",1,-1
22159,[0.31276549 0.42919298],22,13,"[0.32294489274299887, 0.4620611538839558]",1,-1
22160,[0.29026206 0.50541393],22,13,"[0.32294489274299887, 0.4620611538839558]",1,-1
22161,[0.32189898 0.33733544],22,1,"[0.33650952271243567, 0.3695039184549852]",1,-1
22162,[0.31294344 0.45467572],22,13,"[0.32294489274299887, 0.4620611538839558]",1,-1
22163,[0.31321276 0.3081503 ],22,7,"[0.2880919156697789, 0.2889500356712737]",1,-1
22164,[0.2808483  0.33107009],22,7,"[0.2880919156697789, 0.2889500356712737]",1,27
22165,[0.27401707 0.32084133],22,7,"[0.2880919156697789, 0.2889500356712737]",1,-1
22166,[0.22874132 0.394605  ],22,0,"[0.2473875480073203, 0.39401489827781994]",1,-1
22167,[0.32884472 0.33279947],22,1,"[0.33650952271243567, 0.3695039184549852]",1,62
22168,[0.38536609 0.46996666],22,18,"[0.4203234088660354, 0.508036417947434]",1,-1
22169,[0.42199826 0.40633755],22,6,"[0.40123478470159024, 0.40656176249784554]",1,-1
22170,[0.22255411 0.39549824],22,0,"[0.2473875480073203, 0.39401489827781994]",1,-1
22171,[0.3752323  0.41732191],22,6,"[0.40123478470159024, 0.40656176249784554]",1,-1
22172,[0.3013362  0.41201845],22,13,"[0.32294489274299887, 0.4620611538839558]",1,-1
22173,[0.28323177 0.43500262],22,13,"[0.32294489274299887, 0.4620611538839558]",1,-1
22174,[0.31525727 0.41745025],22,13,"[0.32294489274299887, 0.4620611538839558]",1,-1
22175,[0.25063745 0.34069953],22,0,"[0.2473875480073203, 0.39401489827781994]",1,-1
22176,[0.29039418 0.33664204],22,7,"[0.2880919156697789, 0.2889500356712737]",1,-1
22177,[0.30023369 0.33844658],22,1,"[0.33650952271243567, 0.3695039184549852]",1,-1
22178,[0.28012637 0.35875792],22,0,"[0.2473875480073203, 0.39401489827781994]",1,-1
22179,[0.23134281 0.43275682],22,0,"[0.2473875480073203, 0.39401489827781994]",1,-1
22180,[0.27831684 0.48535099],22,13,"[0.32294489274299887, 0.4620611538839558]",1,-1
22181,[0.34517462 0.43158843],22,13,"[0.32294489274299887, 0.4620611538839558]",1,-1
22182,[0.23758551 0.35640135],22,0,"[0.2473875480073203, 0.39401489827781994]",1,-1
22183,[0.26248562 0.51267718],22,-1,-1,1,-1
22184,[0.30365813 0.39842138],22,1,"[0.33650952271243567, 0.3695039184549852]",1,-1
22185,[0.22237432 0.37644492],22,0,"[0.2473875480073203, 0.39401489827781994]",1,35
22186,[0.29198302 0.45390701],22,13,"[0.32294489274299887, 0.4620611538839558]",1,-1
22187,[0.2779276  0.40089018],22,0,"[0.2473875480073203, 0.39401489827781994]",1,59
22188,[0.28651516 0.46945364],22,13,"[0.32294489274299887, 0.4620611538839558]",1,-1
22189,[0.2825858  0.43222719],22,13,"[0.32294489274299887, 0.4620611538839558]",1,-1
22190,[0.26195632 0.39748077],22,0,"[0.2473875480073203, 0.39401489827781994]",1,-1
22191,[0.32133603 0.44957547],22,13,"[0.32294489274299887, 0.4620611538839558]",1,-1
22192,[0.3746881  0.34114206],22,4,"[0.3937233168939997, 0.29890402186269427]",1,-1
22193,[0.33335602 0.38727101],22,1,"[0.33650952271243567, 0.3695039184549852]",1,-1
22194,[0.23599504 0.37362483],22,0,"[0.2473875480073203, 0.39401489827781994]",1,-1
22195,[0.32995737 0.35506215],22,1,"[0.33650952271243567, 0.3695039184549852]",1,-1
22196,[0.23394759 0.35192164],22,0,"[0.2473875480073203, 0.39401489827781994]",1,-1
22197,[0.29514984 0.41883768],22,13,"[0.32294489274299887, 0.4620611538839558]",1,-1
22198,[0.25951099 0.3426237 ],22,0,"[0.2473875480073203, 0.39401489827781994]",1,-1
22199,[0.2400626  0.42455622],22,0,"[0.2473875480073203, 0.39401489827781994]",1,-1
22200,[0.32747776 0.39747243],22,1,"[0.33650952271243567, 0.3695039184549852]",1,-1
22201,[0.37242055 0.43153392],22,6,"[0.40123478470159024, 0.40656176249784554]",1,-1
22202,[0.31941635 0.45164489],22,13,"[0.32294489274299887, 0.4620611538839558]",1,-1
22203,[0.33999791 0.4118709 ],22,1,"[0.33650952271243567, 0.3695039184549852]",1,-1
22204,[0.38104426 0.43002923],22,6,"[0.40123478470159024, 0.40656176249784554]",1,-1
22205,[0.31033256 0.43233233],22,13,"[0.32294489274299887, 0.4620611538839558]",1,-1
22206,[0.24996483 0.37960671],22,0,"[0.2473875480073203, 0.39401489827781994]",1,47
22207,[0.34896721 0.42631699],22,13,"[0.32294489274299887, 0.4620611538839558]",1,-1
22208,[0.2618906  0.37968596],22,0,"[0.2473875480073203, 0.39401489827781994]",1,-1
22209,[0.1836087  0.34984343],22,15,"[0.188292755006214, 0.3253570325311902]",1,-1
22210,[0.29047239 0.4404951 ],22,13,"[0.32294489274299887, 0.4620611538839558]",1,-1
22211,[0.212204   0.40658818],22,0,"[0.2473875480073203, 0.39401489827781994]",1,-1
22212,[0.19532273 0.35988597],22,15,"[0.188292755006214, 0.3253570325311902]",1,-1
22213,[0.21649773 0.35950381],22,15,"[0.188292755006214, 0.3253570325311902]",1,-1
22214,[0.17022986 0.36734434],22,15,"[0.188292755006214, 0.3253570325311902]",1,-1
22215,[0.31564268 0.52623251],22,13,"[0.32294489274299887, 0.4620611538839558]",1,-1
22216,[0.26708637 0.44297546],22,0,"[0.2473875480073203, 0.39401489827781994]",1,-1
22217,[0.38839213 0.36641966],22,6,"[0.40123478470159024, 0.40656176249784554]",1,73
22218,[0.24198917 0.34131932],22,0,"[0.2473875480073203, 0.39401489827781994]",1,40
22219,[0.24168455 0.44525099],22,0,"[0.2473875480073203, 0.39401489827781994]",1,-1
22220,[0.38269885 0.49924949],22,18,"[0.4203234088660354, 0.508036417947434]",1,-1
22221,[0.38095803 0.36285481],22,1,"[0.33650952271243567, 0.3695039184549852]",1,73
22222,[0.19602639 0.37321938],22,15,"[0.188292755006214, 0.3253570325311902]",1,-1
22223,[0.3048155  0.35420824],22,1,"[0.33650952271243567, 0.3695039184549852]",1,-1
22224,[0.2246024 0.3639833],22,0,"[0.2473875480073203, 0.39401489827781994]",1,-1
22225,[0.27941942 0.41838955],22,0,"[0.2473875480073203, 0.39401489827781994]",1,-1
22226,[0.32817036 0.43906446],22,13,"[0.32294489274299887, 0.4620611538839558]",1,-1
22227,[0.24338821 0.37447954],22,0,"[0.2473875480073203, 0.39401489827781994]",1,-1
22228,[0.23448326 0.37376676],22,0,"[0.2473875480073203, 0.39401489827781994]",1,-1
22229,[0.2455997  0.44932858],22,17,"[0.19949257984775934, 0.47737458183782433]",1,24
22230,[0.31041073 0.38812497],22,1,"[0.33650952271243567, 0.3695039184549852]",1,-1
22231,[0.28885404 0.39150642],22,0,"[0.2473875480073203, 0.39401489827781994]",1,59
22232,[0.24345445 0.40747003],22,0,"[0.2473875480073203, 0.39401489827781994]",1,48
22233,[0.31475475 0.44924568],22,13,"[0.32294489274299887, 0.4620611538839558]",1,-1
22234,[0.24359469 0.41237004],22,0,"[0.2473875480073203, 0.39401489827781994]",1,48
22235,[0.19593869 0.29367348],22,15,"[0.188292755006214, 0.3253570325311902]",1,-1
22236,[0.29852592 0.32455627],22,7,"[0.2880919156697789, 0.2889500356712737]",1,-1
22237,[0.21941334 0.36639749],22,0,"[0.2473875480073203, 0.39401489827781994]",1,-1
22238,[0.29856925 0.42552104],22,13,"[0.32294489274299887, 0.4620611538839558]",1,-1
22239,[0.27489712 0.42797415],22,0,"[0.2473875480073203, 0.39401489827781994]",1,53
22240,[0.14778846 0.29868693],22,15,"[0.188292755006214, 0.3253570325311902]",1,-1
22241,[0.18591846 0.37691062],22,15,"[0.188292755006214, 0.3253570325311902]",1,-1
22242,[0.25239682 0.44728717],22,0,"[0.2473875480073203, 0.39401489827781994]",1,-1
22243,[0.28331489 0.27174954],22,7,"[0.2880919156697789, 0.2889500356712737]",1,-1
22244,[0.26563862 0.33081288],22,7,"[0.2880919156697789, 0.2889500356712737]",1,-1
22245,[0.36728248 0.47060089],22,13,"[0.32294489274299887, 0.4620611538839558]",1,-1
22246,[0.29462273 0.40933636],22,0,"[0.2473875480073203, 0.39401489827781994]",1,-1
22247,[0.28520084 0.33255159],22,7,"[0.2880919156697789, 0.2889500356712737]",1,-1
22248,[0.31876511 0.4518016 ],22,13,"[0.32294489274299887, 0.4620611538839558]",1,-1
22249,[0.2735239  0.43627505],22,0,"[0.2473875480073203, 0.39401489827781994]",1,-1
22250,[0.21273828 0.43053034],22,17,"[0.19949257984775934, 0.47737458183782433]",1,-1
22251,[0.24381981 0.41197275],22,0,"[0.2473875480073203, 0.39401489827781994]",1,48
22252,[0.27518395 0.4084076 ],22,0,"[0.2473875480073203, 0.39401489827781994]",1,-1
22253,[0.31147397 0.3956799 ],22,1,"[0.33650952271243567, 0.3695039184549852]",1,61
22254,[0.27936019 0.30621716],22,7,"[0.2880919156697789, 0.2889500356712737]",1,-1
22255,[0.36361106 0.35096111],22,1,"[0.33650952271243567, 0.3695039184549852]",1,-1
22256,[0.30732786 0.36526723],22,1,"[0.33650952271243567, 0.3695039184549852]",1,-1
22257,[0.28847592 0.35966976],22,1,"[0.33650952271243567, 0.3695039184549852]",1,-1
22258,[0.28397304 0.41710011],22,0,"[0.2473875480073203, 0.39401489827781994]",1,-1
22259,[0.26917134 0.33523452],22,7,"[0.2880919156697789, 0.2889500356712737]",1,-1
22260,[0.32709724 0.40897833],22,1,"[0.33650952271243567, 0.3695039184549852]",1,-1
22261,[0.33255171 0.38815971],22,1,"[0.33650952271243567, 0.3695039184549852]",1,-1
22262,[0.37211619 0.40821651],22,6,"[0.40123478470159024, 0.40656176249784554]",1,-1
22263,[0.30751464 0.41590569],22,13,"[0.32294489274299887, 0.4620611538839558]",1,-1
22264,[0.28138528 0.35936834],22,0,"[0.2473875480073203, 0.39401489827781994]",1,-1
22265,[0.31068029 0.34958235],22,1,"[0.33650952271243567, 0.3695039184549852]",1,-1
22266,[0.20025304 0.39899913],22,0,"[0.2473875480073203, 0.39401489827781994]",1,-1
22267,[0.29604147 0.44250581],22,13,"[0.32294489274299887, 0.4620611538839558]",1,-1
22268,[0.27728653 0.47797584],22,13,"[0.32294489274299887, 0.4620611538839558]",1,-1
22269,[0.21117045 0.37413407],22,0,"[0.2473875480073203, 0.39401489827781994]",1,35
22270,[0.31122654 0.32633837],22,7,"[0.2880919156697789, 0.2889500356712737]",1,-1
22271,[0.2855841  0.36572064],22,0,"[0.2473875480073203, 0.39401489827781994]",1,-1
22272,[0.31079012 0.34349192],22,1,"[0.33650952271243567, 0.3695039184549852]",1,-1
22273,[0.22827961 0.46820162],22,17,"[0.19949257984775934, 0.47737458183782433]",1,-1
22274,[0.26681896 0.39232296],22,0,"[0.2473875480073203, 0.39401489827781994]",1,-1
22275,[0.22779488 0.40261159],22,0,"[0.2473875480073203, 0.39401489827781994]",1,-1
22276,[0.37327671 0.37532881],22,1,"[0.33650952271243567, 0.3695039184549852]",1,-1
22277,[0.22471105 0.36741284],22,0,"[0.2473875480073203, 0.39401489827781994]",1,-1
22278,[0.29264141 0.42976036],22,13,"[0.32294489274299887, 0.4620611538839558]",1,-1
22279,[0.27005565 0.36225083],22,0,"[0.2473875480073203, 0.39401489827781994]",1,-1
22280,[0.31823077 0.37692005],22,1,"[0.33650952271243567, 0.3695039184549852]",1,-1
22281,[0.28003499 0.39356093],22,0,"[0.2473875480073203, 0.39401489827781994]",1,-1
22282,[0.29110804 0.37512941],22,1,"[0.33650952271243567, 0.3695039184549852]",1,-1
22283,[0.30665271 0.32121339],22,7,"[0.2880919156697789, 0.2889500356712737]",1,-1
22284,[0.27717825 0.36362641],22,0,"[0.2473875480073203, 0.39401489827781994]",1,-1
22285,[0.2653544 0.4509702],22,13,"[0.32294489274299887, 0.4620611538839558]",1,29
22286,[0.2468171  0.33305697],22,15,"[0.188292755006214, 0.3253570325311902]",1,-1
22287,[0.30328424 0.45315638],22,13,"[0.32294489274299887, 0.4620611538839558]",1,-1
22288,[0.29904553 0.44458966],22,13,"[0.32294489274299887, 0.4620611538839558]",1,-1
22289,[0.23903433 0.51092968],22,17,"[0.19949257984775934, 0.47737458183782433]",1,-1
22290,[0.25686037 0.43393529],22,0,"[0.2473875480073203, 0.39401489827781994]",1,-1
22291,[0.36235175 0.45874224],22,13,"[0.32294489274299887, 0.4620611538839558]",1,-1
22292,[0.32760519 0.3974988 ],22,1,"[0.33650952271243567, 0.3695039184549852]",1,-1
22293,[0.37835166 0.31609454],22,4,"[0.3937233168939997, 0.29890402186269427]",1,-1
22294,[0.27731597 0.45344989],22,13,"[0.32294489274299887, 0.4620611538839558]",1,-1
22295,[0.28637342 0.39172417],22,0,"[0.2473875480073203, 0.39401489827781994]",1,59
22296,[0.2584343  0.49166611],22,17,"[0.19949257984775934, 0.47737458183782433]",1,-1
22297,[0.23424028 0.41264987],22,0,"[0.2473875480073203, 0.39401489827781994]",1,48
22298,[0.28348621 0.31548782],22,7,"[0.2880919156697789, 0.2889500356712737]",1,-1
22299,[0.31892306 0.43647875],22,13,"[0.32294489274299887, 0.4620611538839558]",1,-1
22300,[0.28942362 0.40465641],22,0,"[0.2473875480073203, 0.39401489827781994]",1,-1
22301,[0.38845462 0.39446053],22,6,"[0.40123478470159024, 0.40656176249784554]",1,-1
22302,[0.20774219 0.41137821],22,0,"[0.2473875480073203, 0.39401489827781994]",1,-1
22303,[0.18751977 0.45554855],22,17,"[0.19949257984775934, 0.47737458183782433]",1,-1
22304,[0.3300581  0.32297635],22,1,"[0.33650952271243567, 0.3695039184549852]",1,-1
22305,[0.27721203 0.45994267],22,13,"[0.32294489274299887, 0.4620611538839558]",1,-1
22306,[0.34378328 0.46001881],22,13,"[0.32294489274299887, 0.4620611538839558]",1,-1
22307,[0.34187693 0.43277472],22,13,"[0.32294489274299887, 0.4620611538839558]",1,-1
22308,[0.20938385 0.36327489],22,15,"[0.188292755006214, 0.3253570325311902]",1,-1
22309,[0.32083771 0.48191461],22,13,"[0.32294489274299887, 0.4620611538839558]",1,-1
22310,[0.32465793 0.30795258],22,7,"[0.2880919156697789, 0.2889500356712737]",1,-1
22311,[0.35290595 0.42404602],22,13,"[0.32294489274299887, 0.4620611538839558]",1,-1
22312,[0.29518734 0.42287819],22,13,"[0.32294489274299887, 0.4620611538839558]",1,61
22313,[0.19958477 0.35536709],22,15,"[0.188292755006214, 0.3253570325311902]",1,-1
22314,[0.26839943 0.37976672],22,0,"[0.2473875480073203, 0.39401489827781994]",1,-1
22315,[0.28412321 0.38806025],22,0,"[0.2473875480073203, 0.39401489827781994]",1,-1
22316,[0.23302445 0.29627254],22,15,"[0.188292755006214, 0.3253570325311902]",1,-1
22317,[0.29456613 0.38017576],22,1,"[0.33650952271243567, 0.3695039184549852]",1,-1
22318,[0.36014823 0.44888344],22,13,"[0.32294489274299887, 0.4620611538839558]",1,-1
22319,[0.30639705 0.43004155],22,13,"[0.32294489274299887, 0.4620611538839558]",1,-1
22320,[0.28767938 0.46969463],22,13,"[0.32294489274299887, 0.4620611538839558]",1,-1
22321,[0.28723842 0.34951599],22,1,"[0.33650952271243567, 0.3695039184549852]",1,-1
22322,[0.32314636 0.38357397],22,1,"[0.33650952271243567, 0.3695039184549852]",1,72
22323,[0.33416713 0.3088408 ],22,7,"[0.2880919156697789, 0.2889500356712737]",1,-1
22324,[0.31270008 0.42427309],22,13,"[0.32294489274299887, 0.4620611538839558]",1,-1
22325,[0.31549402 0.28229288],22,7,"[0.2880919156697789, 0.2889500356712737]",1,-1
22326,[0.26946624 0.40479315],22,0,"[0.2473875480073203, 0.39401489827781994]",1,59
22327,[0.26403367 0.451549  ],22,13,"[0.32294489274299887, 0.4620611538839558]",1,29
22328,[0.21552429 0.40868543],22,0,"[0.2473875480073203, 0.39401489827781994]",1,-1
22329,[0.23364528 0.43311382],22,0,"[0.2473875480073203, 0.39401489827781994]",1,-1
22330,[0.29706978 0.41883303],22,13,"[0.32294489274299887, 0.4620611538839558]",1,-1
22331,[0.3417126  0.43794261],22,13,"[0.32294489274299887, 0.4620611538839558]",1,-1
22332,[0.30061454 0.4179849 ],22,13,"[0.32294489274299887, 0.4620611538839558]",1,-1
22333,[0.35493715 0.44859408],22,13,"[0.32294489274299887, 0.4620611538839558]",1,-1
22334,[0.30896532 0.36093722],22,1,"[0.33650952271243567, 0.3695039184549852]",1,-1
22335,[0.24173343 0.40808992],22,0,"[0.2473875480073203, 0.39401489827781994]",1,-1
22336,[0.30102037 0.39197685],22,1,"[0.33650952271243567, 0.3695039184549852]",1,-1
22337,[0.22449837 0.37338089],22,0,"[0.2473875480073203, 0.39401489827781994]",1,-1
22338,[0.29309221 0.31481814],22,7,"[0.2880919156697789, 0.2889500356712737]",1,-1
22339,[0.25445403 0.45211729],22,0,"[0.2473875480073203, 0.39401489827781994]",1,-1
22340,[0.23093987 0.4544187 ],22,17,"[0.19949257984775934, 0.47737458183782433]",1,-1
22341,[0.34334235 0.46702264],22,13,"[0.32294489274299887, 0.4620611538839558]",1,-1
22342,[0.36724026 0.35640691],22,1,"[0.33650952271243567, 0.3695039184549852]",1,-1
22343,[0.3271899  0.29980733],22,7,"[0.2880919156697789, 0.2889500356712737]",1,-1
22344,[0.26119044 0.40701438],22,0,"[0.2473875480073203, 0.39401489827781994]",1,-1
22345,[0.28946532 0.33939724],22,7,"[0.2880919156697789, 0.2889500356712737]",1,-1
22346,[0.23901972 0.39345816],22,0,"[0.2473875480073203, 0.39401489827781994]",1,-1
22347,[0.2995537  0.40707641],22,1,"[0.33650952271243567, 0.3695039184549852]",1,-1
22348,[0.28673039 0.41788048],22,0,"[0.2473875480073203, 0.39401489827781994]",1,-1
22349,[0.19464792 0.36639088],22,15,"[0.188292755006214, 0.3253570325311902]",1,-1
22350,[0.29362989 0.44317569],22,13,"[0.32294489274299887, 0.4620611538839558]",1,-1
22351,[0.23763664 0.42911008],22,0,"[0.2473875480073203, 0.39401489827781994]",1,-1
22352,[0.27183266 0.36893814],22,0,"[0.2473875480073203, 0.39401489827781994]",1,-1
22353,[0.2657129  0.37393647],22,0,"[0.2473875480073203, 0.39401489827781994]",1,-1
22354,[0.26288138 0.41447462],22,0,"[0.2473875480073203, 0.39401489827781994]",1,-1
22355,[0.27144237 0.39499686],22,0,"[0.2473875480073203, 0.39401489827781994]",1,-1
22356,[0.31634614 0.37235241],22,1,"[0.33650952271243567, 0.3695039184549852]",1,-1
22357,[0.32249525 0.38451541],22,1,"[0.33650952271243567, 0.3695039184549852]",1,-1
22358,[0.27054586 0.42571708],22,0,"[0.2473875480073203, 0.39401489827781994]",1,53
22359,[0.30255053 0.40708564],22,1,"[0.33650952271243567, 0.3695039184549852]",1,61
22360,[0.34569917 0.3668336 ],22,1,"[0.33650952271243567, 0.3695039184549852]",1,-1
22361,[0.22734583 0.32884235],22,15,"[0.188292755006214, 0.3253570325311902]",1,-1
22362,[0.26601066 0.45554476],22,13,"[0.32294489274299887, 0.4620611538839558]",1,29
22363,[0.32988479 0.46943423],22,13,"[0.32294489274299887, 0.4620611538839558]",1,-1
22364,[0.29578031 0.39208338],22,1,"[0.33650952271243567, 0.3695039184549852]",1,59
22365,[0.2341645  0.37905748],22,0,"[0.2473875480073203, 0.39401489827781994]",1,-1
22366,[0.21274628 0.48639711],22,17,"[0.19949257984775934, 0.47737458183782433]",1,-1
22367,[0.224226   0.44578473],22,17,"[0.19949257984775934, 0.47737458183782433]",1,-1
22368,[0.2170843  0.38706956],22,0,"[0.2473875480073203, 0.39401489827781994]",1,-1
22369,[0.32783111 0.42721029],22,13,"[0.32294489274299887, 0.4620611538839558]",1,-1
22370,[0.21606407 0.38595447],22,0,"[0.2473875480073203, 0.39401489827781994]",1,-1
22371,[0.23821672 0.28111154],22,7,"[0.2880919156697789, 0.2889500356712737]",1,-1
22372,[0.29105706 0.37575495],22,1,"[0.33650952271243567, 0.3695039184549852]",1,-1
22373,[0.28977604 0.41977168],22,0,"[0.2473875480073203, 0.39401489827781994]",1,-1
22374,[0.35118636 0.35958802],22,1,"[0.33650952271243567, 0.3695039184549852]",1,-1
22375,[0.29614767 0.29851381],22,7,"[0.2880919156697789, 0.2889500356712737]",1,-1
22376,[0.36488862 0.42138137],22,6,"[0.40123478470159024, 0.40656176249784554]",1,-1
22377,[0.34506621 0.35424958],22,1,"[0.33650952271243567, 0.3695039184549852]",1,-1
22378,[0.42415975 0.32190075],22,4,"[0.3937233168939997, 0.29890402186269427]",1,-1
22379,[0.33983203 0.35623358],22,1,"[0.33650952271243567, 0.3695039184549852]",1,77
22380,[0.34390594 0.36905714],22,1,"[0.33650952271243567, 0.3695039184549852]",1,-1
22381,[0.27810693 0.39042752],22,0,"[0.2473875480073203, 0.39401489827781994]",1,-1
22382,[0.27440545 0.39664894],22,0,"[0.2473875480073203, 0.39401489827781994]",1,59
22383,[0.30759446 0.39596117],22,1,"[0.33650952271243567, 0.3695039184549852]",1,-1
22384,[0.37436136 0.30690372],22,4,"[0.3937233168939997, 0.29890402186269427]",1,-1
22385,[0.2542799  0.41931806],22,0,"[0.2473875480073203, 0.39401489827781994]",1,-1
22386,[0.37211833 0.32890821],22,4,"[0.3937233168939997, 0.29890402186269427]",1,-1
22387,[0.26648445 0.3444816 ],22,0,"[0.2473875480073203, 0.39401489827781994]",1,-1
22388,[0.30036753 0.35988306],22,1,"[0.33650952271243567, 0.3695039184549852]",1,-1
22389,[0.29962952 0.39909281],22,1,"[0.33650952271243567, 0.3695039184549852]",1,-1
22390,[0.34483504 0.39518494],22,1,"[0.33650952271243567, 0.3695039184549852]",1,-1
22391,[0.18934271 0.3689916 ],22,15,"[0.188292755006214, 0.3253570325311902]",1,-1
22392,[0.30305821 0.41119055],22,1,"[0.33650952271243567, 0.3695039184549852]",1,61
22393,[0.3177672  0.36328676],22,1,"[0.33650952271243567, 0.3695039184549852]",1,-1
22394,[0.29024361 0.37069976],22,1,"[0.33650952271243567, 0.3695039184549852]",1,-1
22395,[0.23654194 0.38853998],22,0,"[0.2473875480073203, 0.39401489827781994]",1,-1
22396,[0.28817743 0.38562159],22,0,"[0.2473875480073203, 0.39401489827781994]",1,-1
22397,[0.18590081 0.31933957],22,15,"[0.188292755006214, 0.3253570325311902]",1,-1
22398,[0.30710019 0.33018395],22,7,"[0.2880919156697789, 0.2889500356712737]",1,-1
22399,[0.24577486 0.3983153 ],22,0,"[0.2473875480073203, 0.39401489827781994]",1,-1
22400,[0.21804156 0.39276371],22,0,"[0.2473875480073203, 0.39401489827781994]",1,-1
22401,[0.31013317 0.33665279],22,1,"[0.33650952271243567, 0.3695039184549852]",1,-1
22402,[0.2832021  0.38902007],22,0,"[0.2473875480073203, 0.39401489827781994]",1,59
22403,[0.30609223 0.33227962],22,7,"[0.2880919156697789, 0.2889500356712737]",1,-1
22404,[0.32432082 0.35611093],22,1,"[0.33650952271243567, 0.3695039184549852]",1,-1
22405,[0.34143595 0.42537209],22,13,"[0.32294489274299887, 0.4620611538839558]",1,-1
22406,[0.37426924 0.41476642],22,6,"[0.40123478470159024, 0.40656176249784554]",1,-1
22407,[0.40963347 0.45084831],22,6,"[0.40123478470159024, 0.40656176249784554]",1,-1
22408,[0.29222206 0.35317771],22,1,"[0.33650952271243567, 0.3695039184549852]",1,-1
22409,[0.21252362 0.41642446],22,0,"[0.2473875480073203, 0.39401489827781994]",1,-1
22410,[0.29159106 0.44354962],22,13,"[0.32294489274299887, 0.4620611538839558]",1,-1
22411,[0.2435927  0.44103406],22,0,"[0.2473875480073203, 0.39401489827781994]",1,-1
22412,[0.24437387 0.47865672],22,17,"[0.19949257984775934, 0.47737458183782433]",1,-1
22413,[0.29471696 0.38424859],22,1,"[0.33650952271243567, 0.3695039184549852]",1,-1
22414,[0.31357586 0.41860882],22,13,"[0.32294489274299887, 0.4620611538839558]",1,-1
22415,[0.28925601 0.42126139],22,0,"[0.2473875480073203, 0.39401489827781994]",1,-1
22416,[0.33814124 0.36661296],22,1,"[0.33650952271243567, 0.3695039184549852]",1,-1
22417,[0.30056155 0.4243252 ],22,13,"[0.32294489274299887, 0.4620611538839558]",1,-1
22418,[0.1744408  0.40084753],22,-1,-1,1,-1
22419,[0.1968382  0.42806326],22,17,"[0.19949257984775934, 0.47737458183782433]",1,21
22420,[0.27688306 0.33968977],22,7,"[0.2880919156697789, 0.2889500356712737]",1,27
22421,[0.22667782 0.38959494],22,0,"[0.2473875480073203, 0.39401489827781994]",1,-1
22422,[0.23781083 0.41302455],22,0,"[0.2473875480073203, 0.39401489827781994]",1,48
22423,[0.26877167 0.30693771],22,7,"[0.2880919156697789, 0.2889500356712737]",1,25
22424,[0.3081455  0.39948667],22,1,"[0.33650952271243567, 0.3695039184549852]",1,-1
22425,[0.32285311 0.37446883],22,1,"[0.33650952271243567, 0.3695039184549852]",1,-1
22426,[0.33050362 0.38772283],22,1,"[0.33650952271243567, 0.3695039184549852]",1,-1
22427,[0.20880513 0.40182385],22,0,"[0.2473875480073203, 0.39401489827781994]",1,-1
22428,[0.17091855 0.39211784],22,15,"[0.188292755006214, 0.3253570325311902]",1,-1
22429,[0.32022592 0.42102705],22,13,"[0.32294489274299887, 0.4620611538839558]",1,-1
22430,[0.23106324 0.36284004],22,0,"[0.2473875480073203, 0.39401489827781994]",1,-1
22431,[0.26860375 0.49045441],22,13,"[0.32294489274299887, 0.4620611538839558]",1,-1
22432,[0.23588635 0.34642392],22,0,"[0.2473875480073203, 0.39401489827781994]",1,40
22433,[0.27376137 0.35405229],22,0,"[0.2473875480073203, 0.39401489827781994]",1,-1
22434,[0.26415981 0.39191573],22,0,"[0.2473875480073203, 0.39401489827781994]",1,-1
22435,[0.17255915 0.35840081],22,15,"[0.188292755006214, 0.3253570325311902]",1,-1
22436,[0.32015039 0.38671063],22,1,"[0.33650952271243567, 0.3695039184549852]",1,-1
22437,[0.32974756 0.36085802],22,1,"[0.33650952271243567, 0.3695039184549852]",1,-1
22438,[0.33290275 0.32995908],22,1,"[0.33650952271243567, 0.3695039184549852]",1,-1
22439,[0.3234837  0.37290854],22,1,"[0.33650952271243567, 0.3695039184549852]",1,-1
22440,[0.21321024 0.34439447],22,15,"[0.188292755006214, 0.3253570325311902]",1,-1
22441,[0.32102708 0.37289487],22,1,"[0.33650952271243567, 0.3695039184549852]",1,-1
22442,[0.38817133 0.34513838],22,4,"[0.3937233168939997, 0.29890402186269427]",1,-1
22443,[0.27274718 0.33523077],22,7,"[0.2880919156697789, 0.2889500356712737]",1,-1
22444,[0.21185649 0.37649082],22,0,"[0.2473875480073203, 0.39401489827781994]",1,35
22445,[0.27119658 0.46342313],22,13,"[0.32294489274299887, 0.4620611538839558]",1,-1
22446,[0.27194248 0.45664818],22,13,"[0.32294489274299887, 0.4620611538839558]",1,29
22447,[0.28027111 0.3438455 ],22,7,"[0.2880919156697789, 0.2889500356712737]",1,-1
22448,[0.29942684 0.3864763 ],22,1,"[0.33650952271243567, 0.3695039184549852]",1,-1
22449,[0.23379359 0.34350898],22,15,"[0.188292755006214, 0.3253570325311902]",1,40
22450,[0.29527204 0.38633201],22,1,"[0.33650952271243567, 0.3695039184549852]",1,59
22451,[0.23959368 0.37431765],22,0,"[0.2473875480073203, 0.39401489827781994]",1,-1
22452,[0.28627619 0.412045  ],22,0,"[0.2473875480073203, 0.39401489827781994]",1,-1
22453,[0.26838419 0.4076459 ],22,0,"[0.2473875480073203, 0.39401489827781994]",1,59
22454,[0.19278539 0.39932081],22,0,"[0.2473875480073203, 0.39401489827781994]",1,-1
22455,[0.21069331 0.34028814],22,15,"[0.188292755006214, 0.3253570325311902]",1,-1
22456,[0.28468608 0.47429999],22,13,"[0.32294489274299887, 0.4620611538839558]",1,-1
22457,[0.25604507 0.43294592],22,0,"[0.2473875480073203, 0.39401489827781994]",1,-1
22458,[0.34209842 0.3304041 ],22,1,"[0.33650952271243567, 0.3695039184549852]",1,-1
22459,[0.33280375 0.39027795],22,1,"[0.33650952271243567, 0.3695039184549852]",1,-1
22460,[0.29318289 0.36976767],22,1,"[0.33650952271243567, 0.3695039184549852]",1,-1
22461,[0.22775277 0.42575424],22,0,"[0.2473875480073203, 0.39401489827781994]",1,-1
22462,[0.27023906 0.39605433],22,0,"[0.2473875480073203, 0.39401489827781994]",1,59
22463,[0.30034372 0.41656781],22,13,"[0.32294489274299887, 0.4620611538839558]",1,61
22464,[0.3368289  0.37720985],22,1,"[0.33650952271243567, 0.3695039184549852]",1,72
22465,[0.3940835  0.25808112],22,4,"[0.3937233168939997, 0.29890402186269427]",1,-1
22466,[0.2867833  0.42378708],22,0,"[0.2473875480073203, 0.39401489827781994]",1,-1
22467,[0.25006293 0.35540476],22,0,"[0.2473875480073203, 0.39401489827781994]",1,-1
22468,[0.27973978 0.44272783],22,13,"[0.32294489274299887, 0.4620611538839558]",1,-1
22469,[0.2076624  0.40486239],22,0,"[0.2473875480073203, 0.39401489827781994]",1,-1
22470,[0.24564968 0.44486572],22,0,"[0.2473875480073203, 0.39401489827781994]",1,-1
22471,[0.3240636 0.3784137],22,1,"[0.33650952271243567, 0.3695039184549852]",1,-1
22472,[0.36606435 0.40179317],22,6,"[0.40123478470159024, 0.40656176249784554]",1,-1
22473,[0.35874578 0.47583822],22,13,"[0.32294489274299887, 0.4620611538839558]",1,-1
22474,[0.30165575 0.39570245],22,1,"[0.33650952271243567, 0.3695039184549852]",1,-1
22475,[0.30263509 0.44656487],22,13,"[0.32294489274299887, 0.4620611538839558]",1,-1
22476,[0.23447366 0.48363923],22,17,"[0.19949257984775934, 0.47737458183782433]",1,-1
22477,[0.37633044 0.37679503],22,6,"[0.40123478470159024, 0.40656176249784554]",1,-1
22478,[0.22662624 0.38131841],22,0,"[0.2473875480073203, 0.39401489827781994]",1,35
22479,[0.33263146 0.3688766 ],22,1,"[0.33650952271243567, 0.3695039184549852]",1,-1
22480,[0.34319951 0.36770577],22,1,"[0.33650952271243567, 0.3695039184549852]",1,-1
22481,[0.32113057 0.41689996],22,13,"[0.32294489274299887, 0.4620611538839558]",1,-1
22482,[0.33936115 0.3203031 ],22,1,"[0.33650952271243567, 0.3695039184549852]",1,-1
22483,[0.28677039 0.33127501],22,7,"[0.2880919156697789, 0.2889500356712737]",1,-1
22484,[0.3394205  0.37386517],22,1,"[0.33650952271243567, 0.3695039184549852]",1,-1
22485,[0.31685598 0.4438298 ],22,13,"[0.32294489274299887, 0.4620611538839558]",1,-1
22486,[0.24383419 0.38578808],22,0,"[0.2473875480073203, 0.39401489827781994]",1,47
22487,[0.32364031 0.37997793],22,1,"[0.33650952271243567, 0.3695039184549852]",1,-1
22488,[0.32760567 0.37070461],22,1,"[0.33650952271243567, 0.3695039184549852]",1,-1
22489,[0.26524214 0.44660055],22,0,"[0.2473875480073203, 0.39401489827781994]",1,29
22490,[0.31410752 0.31482157],22,7,"[0.2880919156697789, 0.2889500356712737]",1,-1
22491,[0.27742186 0.35158783],22,0,"[0.2473875480073203, 0.39401489827781994]",1,-1
22492,[0.29690149 0.31163388],22,7,"[0.2880919156697789, 0.2889500356712737]",1,-1
22493,[0.30427574 0.37144824],22,1,"[0.33650952271243567, 0.3695039184549852]",1,-1
22494,[0.21536493 0.41662017],22,0,"[0.2473875480073203, 0.39401489827781994]",1,-1
22495,[0.32963218 0.46905128],22,13,"[0.32294489274299887, 0.4620611538839558]",1,-1
22496,[0.28368197 0.45962152],22,13,"[0.32294489274299887, 0.4620611538839558]",1,-1
22497,[0.36575147 0.41070142],22,6,"[0.40123478470159024, 0.40656176249784554]",1,-1
22498,[0.21988652 0.39431459],22,0,"[0.2473875480073203, 0.39401489827781994]",1,-1
22499,[0.28549902 0.39116124],22,0,"[0.2473875480073203, 0.39401489827781994]",1,59
22500,[0.2189252  0.43611393],22,17,"[0.19949257984775934, 0.47737458183782433]",1,-1
22501,[0.31544459 0.37660078],22,1,"[0.33650952271243567, 0.3695039184549852]",1,-1
22502,[0.29103586 0.37340767],22,1,"[0.33650952271243567, 0.3695039184549852]",1,-1
22503,[0.27147857 0.47654992],22,13,"[0.32294489274299887, 0.4620611538839558]",1,-1
22504,[0.26252384 0.44575048],22,0,"[0.2473875480073203, 0.39401489827781994]",1,-1
22505,[0.28450411 0.43964145],22,13,"[0.32294489274299887, 0.4620611538839558]",1,53
22506,[0.30618079 0.36270828],22,1,"[0.33650952271243567, 0.3695039184549852]",1,-1
22507,[0.27538159 0.34472248],22,0,"[0.2473875480073203, 0.39401489827781994]",1,-1
22508,[0.28000813 0.46033204],22,13,"[0.32294489274299887, 0.4620611538839558]",1,-1
22509,[0.26685364 0.47163803],22,13,"[0.32294489274299887, 0.4620611538839558]",1,-1
22510,[0.29808787 0.43030378],22,13,"[0.32294489274299887, 0.4620611538839558]",1,-1
22511,[0.29065129 0.39215988],22,0,"[0.2473875480073203, 0.39401489827781994]",1,59
22512,[0.27714878 0.35613384],22,0,"[0.2473875480073203, 0.39401489827781994]",1,-1
22513,[0.2227645  0.42202918],22,0,"[0.2473875480073203, 0.39401489827781994]",1,-1
22514,[0.28406925 0.45891746],22,13,"[0.32294489274299887, 0.4620611538839558]",1,-1
22515,[0.24005675 0.35836051],22,0,"[0.2473875480073203, 0.39401489827781994]",1,-1
22516,[0.31168743 0.43497378],22,13,"[0.32294489274299887, 0.4620611538839558]",1,-1
22517,[0.21486931 0.38579353],22,0,"[0.2473875480073203, 0.39401489827781994]",1,-1
22518,[0.33776895 0.40861771],22,1,"[0.33650952271243567, 0.3695039184549852]",1,-1
22519,[0.26548758 0.31713387],22,7,"[0.2880919156697789, 0.2889500356712737]",1,-1
22520,[0.2971036  0.40001641],22,1,"[0.33650952271243567, 0.3695039184549852]",1,-1
22521,[0.32860591 0.39617751],22,1,"[0.33650952271243567, 0.3695039184549852]",1,-1
22522,[0.23751899 0.35864216],22,0,"[0.2473875480073203, 0.39401489827781994]",1,-1
22523,[0.31537464 0.42856671],22,13,"[0.32294489274299887, 0.4620611538839558]",1,-1
22524,[0.23569097 0.27945875],22,7,"[0.2880919156697789, 0.2889500356712737]",1,-1
22525,[0.29822398 0.36094466],22,1,"[0.33650952271243567, 0.3695039184549852]",1,-1
22526,[0.23920017 0.33995001],22,15,"[0.188292755006214, 0.3253570325311902]",1,40
22527,[0.27109771 0.38753116],22,0,"[0.2473875480073203, 0.39401489827781994]",1,-1
22528,[0.29463199 0.45781653],22,13,"[0.32294489274299887, 0.4620611538839558]",1,-1
22529,[0.29018622 0.36999788],22,1,"[0.33650952271243567, 0.3695039184549852]",1,-1
22530,[0.38296251 0.31772058],22,4,"[0.3937233168939997, 0.29890402186269427]",1,-1
22531,[0.29052695 0.43900376],22,13,"[0.32294489274299887, 0.4620611538839558]",1,-1
22532,[0.23711176 0.46074737],22,17,"[0.19949257984775934, 0.47737458183782433]",1,-1
22533,[0.2923767  0.47915362],22,13,"[0.32294489274299887, 0.4620611538839558]",1,-1
22534,[0.24435466 0.31702867],22,7,"[0.2880919156697789, 0.2889500356712737]",1,-1
22535,[0.34527421 0.41627785],22,1,"[0.33650952271243567, 0.3695039184549852]",1,-1
22536,[0.29478199 0.39257705],22,0,"[0.2473875480073203, 0.39401489827781994]",1,59
22537,[0.31266072 0.40108859],22,1,"[0.33650952271243567, 0.3695039184549852]",1,-1
22538,[0.32931288 0.3513426 ],22,1,"[0.33650952271243567, 0.3695039184549852]",1,-1
22539,[0.20451883 0.38615852],22,0,"[0.2473875480073203, 0.39401489827781994]",1,-1
22540,[0.23299034 0.49462562],22,17,"[0.19949257984775934, 0.47737458183782433]",1,-1
22541,[0.20108778 0.38043806],22,0,"[0.2473875480073203, 0.39401489827781994]",1,-1
22542,[0.40166717 0.28932315],22,4,"[0.3937233168939997, 0.29890402186269427]",1,-1
22543,[0.27091719 0.31077899],22,7,"[0.2880919156697789, 0.2889500356712737]",1,-1
22544,[0.28508623 0.340513  ],22,7,"[0.2880919156697789, 0.2889500356712737]",1,-1
22545,[0.33685833 0.4227755 ],22,13,"[0.32294489274299887, 0.4620611538839558]",1,-1
22546,[0.2225831  0.33828358],22,15,"[0.188292755006214, 0.3253570325311902]",1,-1
22547,[0.32611943 0.32107851],22,1,"[0.33650952271243567, 0.3695039184549852]",1,-1
22548,[0.31264057 0.42335054],22,13,"[0.32294489274299887, 0.4620611538839558]",1,-1
22549,[0.31139834 0.46674454],22,13,"[0.32294489274299887, 0.4620611538839558]",1,-1
22550,[0.33016906 0.31199919],22,7,"[0.2880919156697789, 0.2889500356712737]",1,-1
22551,[0.30024452 0.44636901],22,13,"[0.32294489274299887, 0.4620611538839558]",1,-1
22552,[0.30638037 0.40864197],22,1,"[0.33650952271243567, 0.3695039184549852]",1,-1
22553,[0.31454351 0.42259025],22,13,"[0.32294489274299887, 0.4620611538839558]",1,-1
22554,[0.31400089 0.30918035],22,7,"[0.2880919156697789, 0.2889500356712737]",1,-1
22555,[0.23859283 0.32286088],22,15,"[0.188292755006214, 0.3253570325311902]",1,-1
22556,[0.22649869 0.33078924],22,15,"[0.188292755006214, 0.3253570325311902]",1,-1
22557,[0.24403495 0.38810936],22,0,"[0.2473875480073203, 0.39401489827781994]",1,47
22558,[0.28691739 0.4532219 ],22,13,"[0.32294489274299887, 0.4620611538839558]",1,-1
22559,[0.36253532 0.35774934],22,1,"[0.33650952271243567, 0.3695039184549852]",1,-1
22560,[0.23453255 0.47434428],22,17,"[0.19949257984775934, 0.47737458183782433]",1,-1
22561,[0.31804272 0.41089316],22,1,"[0.33650952271243567, 0.3695039184549852]",1,-1
22562,[0.21706183 0.3640368 ],22,0,"[0.2473875480073203, 0.39401489827781994]",1,-1
22563,[0.280333   0.30887006],22,7,"[0.2880919156697789, 0.2889500356712737]",1,-1
22564,[0.38443086 0.32510407],22,4,"[0.3937233168939997, 0.29890402186269427]",1,-1
22565,[0.32418582 0.4533563 ],22,13,"[0.32294489274299887, 0.4620611538839558]",1,-1
22566,[0.31694326 0.35838481],22,1,"[0.33650952271243567, 0.3695039184549852]",1,-1
22567,[0.33527571 0.37866111],22,1,"[0.33650952271243567, 0.3695039184549852]",1,72
22568,[0.32846555 0.40326803],22,1,"[0.33650952271243567, 0.3695039184549852]",1,-1
22569,[0.34814622 0.35555468],22,1,"[0.33650952271243567, 0.3695039184549852]",1,-1
22570,[0.19317104 0.41489036],22,0,"[0.2473875480073203, 0.39401489827781994]",1,-1
22571,[0.30758579 0.38041091],22,1,"[0.33650952271243567, 0.3695039184549852]",1,-1
22572,[0.33180932 0.43659795],22,13,"[0.32294489274299887, 0.4620611538839558]",1,-1
22573,[0.32477863 0.47828871],22,13,"[0.32294489274299887, 0.4620611538839558]",1,-1
22574,[0.28109159 0.42954119],22,0,"[0.2473875480073203, 0.39401489827781994]",1,-1
22575,[0.29247658 0.33538015],22,7,"[0.2880919156697789, 0.2889500356712737]",1,-1
22576,[0.30894204 0.42172167],22,13,"[0.32294489274299887, 0.4620611538839558]",1,-1
22577,[0.22616565 0.42465143],22,0,"[0.2473875480073203, 0.39401489827781994]",1,-1
22578,[0.25402035 0.43314373],22,0,"[0.2473875480073203, 0.39401489827781994]",1,-1
22579,[0.29700541 0.39789616],22,1,"[0.33650952271243567, 0.3695039184549852]",1,-1
22580,[0.33305128 0.35008226],22,1,"[0.33650952271243567, 0.3695039184549852]",1,77
22581,[0.16041014 0.39656623],22,-1,-1,1,-1
22582,[0.22299788 0.4680404 ],22,17,"[0.19949257984775934, 0.47737458183782433]",1,-1
22583,[0.28049085 0.39697923],22,0,"[0.2473875480073203, 0.39401489827781994]",1,-1
22584,[0.25128409 0.37186963],22,0,"[0.2473875480073203, 0.39401489827781994]",1,-1
22585,[0.23444876 0.36968971],22,0,"[0.2473875480073203, 0.39401489827781994]",1,-1
22586,[0.32802749 0.39597417],22,1,"[0.33650952271243567, 0.3695039184549852]",1,-1
22587,[0.35367365 0.36101212],22,1,"[0.33650952271243567, 0.3695039184549852]",1,-1
22588,[0.18868062 0.42719228],22,17,"[0.19949257984775934, 0.47737458183782433]",1,-1
22589,[0.24118805 0.41648903],22,0,"[0.2473875480073203, 0.39401489827781994]",1,48
22590,[0.26628338 0.36263796],22,0,"[0.2473875480073203, 0.39401489827781994]",1,-1
22591,[0.29560687 0.42536355],22,13,"[0.32294489274299887, 0.4620611538839558]",1,-1
22592,[0.2152625  0.38937473],22,0,"[0.2473875480073203, 0.39401489827781994]",1,-1
22593,[0.36354863 0.385244  ],22,1,"[0.33650952271243567, 0.3695039184549852]",1,-1
22594,[0.20267422 0.36343654],22,15,"[0.188292755006214, 0.3253570325311902]",1,-1
22595,[0.23871779 0.32600772],22,15,"[0.188292755006214, 0.3253570325311902]",1,-1
22596,[0.27979466 0.37311586],22,0,"[0.2473875480073203, 0.39401489827781994]",1,-1
22597,[0.3111528  0.43589537],22,13,"[0.32294489274299887, 0.4620611538839558]",1,-1
22598,[0.31724837 0.38014538],22,1,"[0.33650952271243567, 0.3695039184549852]",1,-1
22599,[0.31728001 0.4217446 ],22,13,"[0.32294489274299887, 0.4620611538839558]",1,-1
22600,[0.21972308 0.38056489],22,0,"[0.2473875480073203, 0.39401489827781994]",1,35
22601,[0.33071668 0.40178343],22,1,"[0.33650952271243567, 0.3695039184549852]",1,-1
22602,[0.15023757 0.3607227 ],22,15,"[0.188292755006214, 0.3253570325311902]",1,-1
22603,[0.37334257 0.40608071],22,6,"[0.40123478470159024, 0.40656176249784554]",1,-1
22604,[0.28077578 0.37173411],22,0,"[0.2473875480073203, 0.39401489827781994]",1,-1
22605,[0.25595124 0.41412084],22,0,"[0.2473875480073203, 0.39401489827781994]",1,-1
22606,[0.25557468 0.40099668],22,0,"[0.2473875480073203, 0.39401489827781994]",1,-1
22607,[0.24425802 0.39230718],22,0,"[0.2473875480073203, 0.39401489827781994]",1,47
22608,[0.2349718  0.41668106],22,0,"[0.2473875480073203, 0.39401489827781994]",1,48
22609,[0.22658053 0.4119684 ],22,0,"[0.2473875480073203, 0.39401489827781994]",1,-1
22610,[0.27250437 0.37371406],22,0,"[0.2473875480073203, 0.39401489827781994]",1,-1
22611,[0.27456389 0.35013454],22,0,"[0.2473875480073203, 0.39401489827781994]",1,-1
22612,[0.25233754 0.39339678],22,0,"[0.2473875480073203, 0.39401489827781994]",1,-1
22613,[0.26392024 0.46264776],22,13,"[0.32294489274299887, 0.4620611538839558]",1,-1
22614,[0.32722521 0.35479778],22,1,"[0.33650952271243567, 0.3695039184549852]",1,-1
22615,[0.24622753 0.39635252],22,0,"[0.2473875480073203, 0.39401489827781994]",1,-1
22616,[0.2458169  0.38540438],22,0,"[0.2473875480073203, 0.39401489827781994]",1,47
22617,[0.25483525 0.34748187],22,0,"[0.2473875480073203, 0.39401489827781994]",1,-1
22618,[0.23022845 0.41438932],22,0,"[0.2473875480073203, 0.39401489827781994]",1,48
22619,[0.30362127 0.32675073],22,7,"[0.2880919156697789, 0.2889500356712737]",1,-1
22620,[0.30561386 0.43775551],22,13,"[0.32294489274299887, 0.4620611538839558]",1,-1
22621,[0.24302767 0.29578865],22,7,"[0.2880919156697789, 0.2889500356712737]",1,-1
22622,[0.19948972 0.37812343],22,0,"[0.2473875480073203, 0.39401489827781994]",1,-1
22623,[0.26152735 0.33147509],22,7,"[0.2880919156697789, 0.2889500356712737]",1,-1
22624,[0.24993373 0.34380296],22,0,"[0.2473875480073203, 0.39401489827781994]",1,-1
22625,[0.2793871  0.36202375],22,0,"[0.2473875480073203, 0.39401489827781994]",1,-1
22626,[0.2416778 0.4632523],22,17,"[0.19949257984775934, 0.47737458183782433]",1,-1
22627,[0.19027353 0.41692012],22,17,"[0.19949257984775934, 0.47737458183782433]",1,-1
22628,[0.27783308 0.43916115],22,13,"[0.32294489274299887, 0.4620611538839558]",1,53
22629,[0.20914166 0.38470904],22,0,"[0.2473875480073203, 0.39401489827781994]",1,-1
22630,[0.34156753 0.37923377],22,1,"[0.33650952271243567, 0.3695039184549852]",1,72
22631,[0.31612305 0.32991158],22,1,"[0.33650952271243567, 0.3695039184549852]",1,-1
22632,[0.28781517 0.33002376],22,7,"[0.2880919156697789, 0.2889500356712737]",1,-1
22633,[0.23463302 0.38835607],22,0,"[0.2473875480073203, 0.39401489827781994]",1,-1
22634,[0.15236312 0.31844358],22,15,"[0.188292755006214, 0.3253570325311902]",1,-1
22635,[0.21782523 0.35591298],22,15,"[0.188292755006214, 0.3253570325311902]",1,-1
22636,[0.29766609 0.36044149],22,1,"[0.33650952271243567, 0.3695039184549852]",1,-1
22637,[0.30428436 0.41206766],22,13,"[0.32294489274299887, 0.4620611538839558]",1,-1
22638,[0.26768834 0.38836746],22,0,"[0.2473875480073203, 0.39401489827781994]",1,-1
22639,[0.2838989  0.36714599],22,0,"[0.2473875480073203, 0.39401489827781994]",1,-1
22640,[0.24531706 0.38169794],22,0,"[0.2473875480073203, 0.39401489827781994]",1,47
22641,[0.25107127 0.38570864],22,0,"[0.2473875480073203, 0.39401489827781994]",1,47
22642,[0.33924379 0.3234543 ],22,1,"[0.33650952271243567, 0.3695039184549852]",1,-1
22643,[0.27177287 0.39915656],22,0,"[0.2473875480073203, 0.39401489827781994]",1,59
22644,[0.28535645 0.32228834],22,7,"[0.2880919156697789, 0.2889500356712737]",1,-1
22645,[0.36778917 0.38567796],22,1,"[0.33650952271243567, 0.3695039184549852]",1,79
22646,[0.24717595 0.33115243],22,7,"[0.2880919156697789, 0.2889500356712737]",1,-1
22647,[0.28740502 0.49599109],22,13,"[0.32294489274299887, 0.4620611538839558]",1,-1
22648,[0.30591596 0.31541726],22,7,"[0.2880919156697789, 0.2889500356712737]",1,-1
22649,[0.22037172 0.31019406],22,15,"[0.188292755006214, 0.3253570325311902]",1,-1
22650,[0.32955745 0.41768635],22,13,"[0.32294489274299887, 0.4620611538839558]",1,-1
22651,[0.27957015 0.45380475],22,13,"[0.32294489274299887, 0.4620611538839558]",1,-1
22652,[0.23885463 0.43132915],22,0,"[0.2473875480073203, 0.39401489827781994]",1,-1
22653,[0.36275135 0.45833042],22,13,"[0.32294489274299887, 0.4620611538839558]",1,-1
22654,[0.26784322 0.42581337],22,0,"[0.2473875480073203, 0.39401489827781994]",1,-1
22655,[0.22535652 0.42056474],22,0,"[0.2473875480073203, 0.39401489827781994]",1,48
22656,[0.25956478 0.32755182],22,7,"[0.2880919156697789, 0.2889500356712737]",1,-1
22657,[0.31053527 0.34069978],22,1,"[0.33650952271243567, 0.3695039184549852]",1,-1
22658,[0.33975064 0.3628955 ],22,1,"[0.33650952271243567, 0.3695039184549852]",1,-1
22659,[0.27408988 0.36764888],22,0,"[0.2473875480073203, 0.39401489827781994]",1,-1
22660,[0.23065055 0.4452598 ],22,17,"[0.19949257984775934, 0.47737458183782433]",1,-1
22661,[0.29437854 0.37086288],22,1,"[0.33650952271243567, 0.3695039184549852]",1,-1
22662,[0.32553333 0.45195434],22,13,"[0.32294489274299887, 0.4620611538839558]",1,-1
22663,[0.25007853 0.39406674],22,0,"[0.2473875480073203, 0.39401489827781994]",1,-1
22664,[0.27542785 0.31744099],22,7,"[0.2880919156697789, 0.2889500356712737]",1,-1
22665,[0.22392243 0.37980788],22,0,"[0.2473875480073203, 0.39401489827781994]",1,35
22666,[0.3039999  0.44086169],22,13,"[0.32294489274299887, 0.4620611538839558]",1,-1
22667,[0.39572037 0.36668646],22,6,"[0.40123478470159024, 0.40656176249784554]",1,73
22668,[0.20741169 0.32992232],22,15,"[0.188292755006214, 0.3253570325311902]",1,-1
22669,[0.35477963 0.41057309],22,1,"[0.33650952271243567, 0.3695039184549852]",1,-1
22670,[0.19448135 0.38935968],22,0,"[0.2473875480073203, 0.39401489827781994]",1,-1
22671,[0.29205278 0.40519983],22,0,"[0.2473875480073203, 0.39401489827781994]",1,-1
22672,[0.31202503 0.33993711],22,1,"[0.33650952271243567, 0.3695039184549852]",1,-1
22673,[0.26297549 0.4320621 ],22,0,"[0.2473875480073203, 0.39401489827781994]",1,-1
22674,[0.22108221 0.41831436],22,0,"[0.2473875480073203, 0.39401489827781994]",1,-1
22675,[0.26810104 0.43453181],22,0,"[0.2473875480073203, 0.39401489827781994]",1,-1
22676,[0.23369002 0.44128571],22,0,"[0.2473875480073203, 0.39401489827781994]",1,-1
22677,[0.28687385 0.40016614],22,0,"[0.2473875480073203, 0.39401489827781994]",1,-1
22678,[0.27499707 0.36878822],22,0,"[0.2473875480073203, 0.39401489827781994]",1,-1
22679,[0.36396727 0.4142444 ],22,6,"[0.40123478470159024, 0.40656176249784554]",1,-1
22680,[0.21219696 0.37716951],22,0,"[0.2473875480073203, 0.39401489827781994]",1,35
22681,[0.27618197 0.32667416],22,7,"[0.2880919156697789, 0.2889500356712737]",1,27
22682,[0.26028112 0.40277052],22,0,"[0.2473875480073203, 0.39401489827781994]",1,-1
22683,[0.23668303 0.44536527],22,17,"[0.19949257984775934, 0.47737458183782433]",1,-1
22684,[0.24418602 0.41708996],22,0,"[0.2473875480073203, 0.39401489827781994]",1,48
22685,[0.25471724 0.42369022],22,0,"[0.2473875480073203, 0.39401489827781994]",1,-1
22686,[0.22561228 0.47334848],22,17,"[0.19949257984775934, 0.47737458183782433]",1,-1
22687,[0.29982986 0.37446168],22,1,"[0.33650952271243567, 0.3695039184549852]",1,-1
22688,[0.33421106 0.40542769],22,1,"[0.33650952271243567, 0.3695039184549852]",1,-1
22689,[0.20270193 0.40630026],22,0,"[0.2473875480073203, 0.39401489827781994]",1,-1
22690,[0.25484802 0.38055759],22,0,"[0.2473875480073203, 0.39401489827781994]",1,47
22691,[0.23543    0.38283795],22,0,"[0.2473875480073203, 0.39401489827781994]",1,-1
22692,[0.18214508 0.43308343],22,17,"[0.19949257984775934, 0.47737458183782433]",1,-1
22693,[0.29504296 0.34864214],22,1,"[0.33650952271243567, 0.3695039184549852]",1,-1
22694,[0.25219034 0.46350822],22,17,"[0.19949257984775934, 0.47737458183782433]",1,-1
22695,[0.27110166 0.37720497],22,0,"[0.2473875480073203, 0.39401489827781994]",1,-1
22696,[0.28649491 0.44273809],22,13,"[0.32294489274299887, 0.4620611538839558]",1,-1
22697,[0.23999643 0.41369387],22,0,"[0.2473875480073203, 0.39401489827781994]",1,48
22698,[0.31099922 0.37723122],22,1,"[0.33650952271243567, 0.3695039184549852]",1,-1
22699,[0.21892177 0.37547266],22,0,"[0.2473875480073203, 0.39401489827781994]",1,-1
22700,[0.30642843 0.46773688],22,13,"[0.32294489274299887, 0.4620611538839558]",1,-1
22701,[0.30194476 0.40629456],22,1,"[0.33650952271243567, 0.3695039184549852]",1,61
22702,[0.28950206 0.45500555],22,13,"[0.32294489274299887, 0.4620611538839558]",1,-1
22703,[0.25150522 0.42300998],22,0,"[0.2473875480073203, 0.39401489827781994]",1,-1
22704,[0.26140741 0.44422875],22,0,"[0.2473875480073203, 0.39401489827781994]",1,-1
22705,[0.28302562 0.37055457],22,0,"[0.2473875480073203, 0.39401489827781994]",1,-1
22706,[0.28723912 0.36592483],22,0,"[0.2473875480073203, 0.39401489827781994]",1,-1
22707,[0.28294888 0.4641645 ],22,13,"[0.32294489274299887, 0.4620611538839558]",1,-1
22708,[0.31634434 0.37579538],22,1,"[0.33650952271243567, 0.3695039184549852]",1,-1
22709,[0.30671534 0.42832732],22,13,"[0.32294489274299887, 0.4620611538839558]",1,-1
22710,[0.23421262 0.3674139 ],22,0,"[0.2473875480073203, 0.39401489827781994]",1,-1
22711,[0.33775126 0.32556658],22,1,"[0.33650952271243567, 0.3695039184549852]",1,-1
22712,[0.28562164 0.34380376],22,7,"[0.2880919156697789, 0.2889500356712737]",1,-1
22713,[0.24465953 0.37065034],22,0,"[0.2473875480073203, 0.39401489827781994]",1,-1
22714,[0.34097853 0.32498805],22,1,"[0.33650952271243567, 0.3695039184549852]",1,-1
22715,[0.2812222  0.39725485],22,0,"[0.2473875480073203, 0.39401489827781994]",1,-1
22716,[0.31814765 0.3795862 ],22,1,"[0.33650952271243567, 0.3695039184549852]",1,-1
22717,[0.3340506  0.42470911],22,13,"[0.32294489274299887, 0.4620611538839558]",1,-1
22718,[0.26539704 0.44896856],22,0,"[0.2473875480073203, 0.39401489827781994]",1,29
22719,[0.31060304 0.45668552],22,13,"[0.32294489274299887, 0.4620611538839558]",1,-1
22720,[0.26020891 0.4154164 ],22,0,"[0.2473875480073203, 0.39401489827781994]",1,-1
22721,[0.24755766 0.37413635],22,0,"[0.2473875480073203, 0.39401489827781994]",1,-1
22722,[0.26773142 0.40456667],22,0,"[0.2473875480073203, 0.39401489827781994]",1,59
22723,[0.34131557 0.36168754],22,1,"[0.33650952271243567, 0.3695039184549852]",1,-1
22724,[0.26003934 0.4112025 ],22,0,"[0.2473875480073203, 0.39401489827781994]",1,-1
22725,[0.32498394 0.38527537],22,1,"[0.33650952271243567, 0.3695039184549852]",1,-1
22726,[0.2293811  0.34177117],22,15,"[0.188292755006214, 0.3253570325311902]",1,-1
22727,[0.17016636 0.38755541],22,15,"[0.188292755006214, 0.3253570325311902]",1,-1
22728,[0.35116033 0.42101876],22,13,"[0.32294489274299887, 0.4620611538839558]",1,-1
22729,[0.30774872 0.39756268],22,1,"[0.33650952271243567, 0.3695039184549852]",1,-1
22730,[0.2981463  0.44471973],22,13,"[0.32294489274299887, 0.4620611538839558]",1,-1
22731,[0.21832185 0.33355529],22,15,"[0.188292755006214, 0.3253570325311902]",1,-1
22732,[0.19502398 0.35942234],22,15,"[0.188292755006214, 0.3253570325311902]",1,-1
22733,[0.23814816 0.34224383],22,0,"[0.2473875480073203, 0.39401489827781994]",1,40
22734,[0.29562251 0.34729033],22,1,"[0.33650952271243567, 0.3695039184549852]",1,-1
22735,[0.20733093 0.37708775],22,0,"[0.2473875480073203, 0.39401489827781994]",1,-1
22736,[0.25678943 0.33518623],22,7,"[0.2880919156697789, 0.2889500356712737]",1,-1
22737,[0.22019935 0.36005036],22,0,"[0.2473875480073203, 0.39401489827781994]",1,-1
22738,[0.37631881 0.47145137],22,13,"[0.32294489274299887, 0.4620611538839558]",1,-1
22739,[0.35549239 0.40602553],22,1,"[0.33650952271243567, 0.3695039184549852]",1,-1
22740,[0.2307534  0.36994398],22,0,"[0.2473875480073203, 0.39401489827781994]",1,-1
22741,[0.28640583 0.38168024],22,0,"[0.2473875480073203, 0.39401489827781994]",1,-1
22742,[0.19518431 0.40291866],22,0,"[0.2473875480073203, 0.39401489827781994]",1,-1
22743,[0.22041679 0.41628724],22,0,"[0.2473875480073203, 0.39401489827781994]",1,-1
22744,[0.14329424 0.36454737],22,15,"[0.188292755006214, 0.3253570325311902]",1,-1
22745,[0.29379081 0.3723052 ],22,1,"[0.33650952271243567, 0.3695039184549852]",1,-1
22746,[0.27143002 0.33288114],22,7,"[0.2880919156697789, 0.2889500356712737]",1,-1
22747,[0.29304433 0.32026512],22,7,"[0.2880919156697789, 0.2889500356712737]",1,-1
22748,[0.35535132 0.38078236],22,1,"[0.33650952271243567, 0.3695039184549852]",1,-1
22749,[0.3662419  0.42020136],22,6,"[0.40123478470159024, 0.40656176249784554]",1,-1
22750,[0.34588252 0.40596498],22,1,"[0.33650952271243567, 0.3695039184549852]",1,-1
22751,[0.25143837 0.40935379],22,0,"[0.2473875480073203, 0.39401489827781994]",1,-1
22752,[0.34809809 0.47679145],22,13,"[0.32294489274299887, 0.4620611538839558]",1,-1
22753,[0.34430834 0.41020847],22,1,"[0.33650952271243567, 0.3695039184549852]",1,-1
22754,[0.25647986 0.41199426],22,0,"[0.2473875480073203, 0.39401489827781994]",1,-1
22755,[0.22612201 0.37611545],22,0,"[0.2473875480073203, 0.39401489827781994]",1,-1
22756,[0.26365268 0.32263559],22,7,"[0.2880919156697789, 0.2889500356712737]",1,-1
22757,[0.37626937 0.44383829],22,6,"[0.40123478470159024, 0.40656176249784554]",1,-1
22758,[0.25900431 0.39501234],22,0,"[0.2473875480073203, 0.39401489827781994]",1,-1
22759,[0.3033152  0.39978472],22,1,"[0.33650952271243567, 0.3695039184549852]",1,-1
22760,[0.22772268 0.34372577],22,15,"[0.188292755006214, 0.3253570325311902]",1,-1
22761,[0.2027318  0.45124871],22,17,"[0.19949257984775934, 0.47737458183782433]",1,-1
22762,[0.25334768 0.37627287],22,0,"[0.2473875480073203, 0.39401489827781994]",1,-1
22763,[0.31999255 0.40004753],22,1,"[0.33650952271243567, 0.3695039184549852]",1,61
22764,[0.28117265 0.37543992],22,0,"[0.2473875480073203, 0.39401489827781994]",1,-1
22765,[0.31701203 0.41056984],22,1,"[0.33650952271243567, 0.3695039184549852]",1,-1
22766,[0.25852457 0.3687306 ],22,0,"[0.2473875480073203, 0.39401489827781994]",1,-1
22767,[0.27634742 0.36470062],22,0,"[0.2473875480073203, 0.39401489827781994]",1,-1
22768,[0.3139159  0.34115098],22,1,"[0.33650952271243567, 0.3695039184549852]",1,-1
22769,[0.26144222 0.3575735 ],22,0,"[0.2473875480073203, 0.39401489827781994]",1,-1
22770,[0.28153495 0.37537319],22,0,"[0.2473875480073203, 0.39401489827781994]",1,-1
22771,[0.33784674 0.45691003],22,13,"[0.32294489274299887, 0.4620611538839558]",1,-1
22772,[0.38515331 0.37440709],22,6,"[0.40123478470159024, 0.40656176249784554]",1,-1
22773,[0.3073045  0.36942584],22,1,"[0.33650952271243567, 0.3695039184549852]",1,-1
22774,[0.28388065 0.47470421],22,13,"[0.32294489274299887, 0.4620611538839558]",1,-1
22775,[0.19378755 0.38822981],22,0,"[0.2473875480073203, 0.39401489827781994]",1,-1
22776,[0.33170015 0.4654315 ],22,13,"[0.32294489274299887, 0.4620611538839558]",1,-1
22777,[0.24790795 0.32428817],22,7,"[0.2880919156697789, 0.2889500356712737]",1,-1
22778,[0.30655871 0.36000011],22,1,"[0.33650952271243567, 0.3695039184549852]",1,-1
22779,[0.27150555 0.44795012],22,13,"[0.32294489274299887, 0.4620611538839558]",1,29
22780,[0.33169387 0.35301858],22,1,"[0.33650952271243567, 0.3695039184549852]",1,-1
22781,[0.32946837 0.40204715],22,1,"[0.33650952271243567, 0.3695039184549852]",1,61
22782,[0.2503033  0.52771337],22,-1,-1,1,-1
22783,[0.23280859 0.32061055],22,15,"[0.188292755006214, 0.3253570325311902]",1,-1
22784,[0.28840238 0.40569054],22,0,"[0.2473875480073203, 0.39401489827781994]",1,-1
22785,[0.29070172 0.4610499 ],22,13,"[0.32294489274299887, 0.4620611538839558]",1,-1
22786,[0.25214478 0.44579724],22,0,"[0.2473875480073203, 0.39401489827781994]",1,-1
22787,[0.23108092 0.41622767],22,0,"[0.2473875480073203, 0.39401489827781994]",1,48
22788,[0.34873045 0.39255877],22,1,"[0.33650952271243567, 0.3695039184549852]",1,-1
22789,[0.31924064 0.40620246],22,1,"[0.33650952271243567, 0.3695039184549852]",1,-1
22790,[0.285275   0.32004511],22,7,"[0.2880919156697789, 0.2889500356712737]",1,-1
22791,[0.26549622 0.3947309 ],22,0,"[0.2473875480073203, 0.39401489827781994]",1,-1
22792,[0.28777296 0.37693603],22,0,"[0.2473875480073203, 0.39401489827781994]",1,-1
22793,[0.19878196 0.42559897],22,17,"[0.19949257984775934, 0.47737458183782433]",1,21
22794,[0.23603182 0.44011836],22,0,"[0.2473875480073203, 0.39401489827781994]",1,-1
22795,[0.33128306 0.38066615],22,1,"[0.33650952271243567, 0.3695039184549852]",1,-1
22796,[0.2928094  0.37580346],22,1,"[0.33650952271243567, 0.3695039184549852]",1,-1
22797,[0.19907888 0.45221523],22,17,"[0.19949257984775934, 0.47737458183782433]",1,-1
22798,[0.30546042 0.42146846],22,13,"[0.32294489274299887, 0.4620611538839558]",1,-1
22799,[0.2115249  0.48703211],22,17,"[0.19949257984775934, 0.47737458183782433]",1,-1
22800,[0.32369121 0.44945498],22,13,"[0.32294489274299887, 0.4620611538839558]",1,-1
22801,[0.27687098 0.36259865],22,0,"[0.2473875480073203, 0.39401489827781994]",1,-1
22802,[0.2343849  0.34672734],22,0,"[0.2473875480073203, 0.39401489827781994]",1,40
22803,[0.19743664 0.45507605],22,17,"[0.19949257984775934, 0.47737458183782433]",1,-1
22804,[0.31628045 0.40648568],22,1,"[0.33650952271243567, 0.3695039184549852]",1,-1
22805,[0.28607174 0.29972818],22,7,"[0.2880919156697789, 0.2889500356712737]",1,-1
22806,[0.24776971 0.45844676],22,17,"[0.19949257984775934, 0.47737458183782433]",1,24
22807,[0.23906595 0.41776388],22,0,"[0.2473875480073203, 0.39401489827781994]",1,48
22808,[0.31867354 0.38645976],22,1,"[0.33650952271243567, 0.3695039184549852]",1,-1
22809,[0.21192876 0.36283717],22,15,"[0.188292755006214, 0.3253570325311902]",1,-1
22810,[0.29598836 0.43232353],22,13,"[0.32294489274299887, 0.4620611538839558]",1,-1
22811,[0.30832064 0.37785599],22,1,"[0.33650952271243567, 0.3695039184549852]",1,-1
22812,[0.37192699 0.23173709],22,-1,-1,1,-1
22813,[0.23581801 0.36326547],22,0,"[0.2473875480073203, 0.39401489827781994]",1,-1
22814,[0.23955729 0.39090966],22,0,"[0.2473875480073203, 0.39401489827781994]",1,47
22815,[0.30784098 0.34961962],22,1,"[0.33650952271243567, 0.3695039184549852]",1,-1
22816,[0.32301954 0.3486944 ],22,1,"[0.33650952271243567, 0.3695039184549852]",1,-1
22817,[0.26184082 0.42361198],22,0,"[0.2473875480073203, 0.39401489827781994]",1,-1
22818,[0.24765979 0.40189108],22,0,"[0.2473875480073203, 0.39401489827781994]",1,-1
22819,[0.25997538 0.46216723],22,17,"[0.19949257984775934, 0.47737458183782433]",1,-1
22820,[0.27513941 0.30628599],22,7,"[0.2880919156697789, 0.2889500356712737]",1,25
22821,[0.32838675 0.34705951],22,1,"[0.33650952271243567, 0.3695039184549852]",1,-1
22822,[0.28126829 0.42128003],22,0,"[0.2473875480073203, 0.39401489827781994]",1,-1
22823,[0.2664704  0.37521769],22,0,"[0.2473875480073203, 0.39401489827781994]",1,-1
22824,[0.2377977  0.34250624],22,15,"[0.188292755006214, 0.3253570325311902]",1,40
22825,[0.2831796  0.40191006],22,0,"[0.2473875480073203, 0.39401489827781994]",1,-1
22826,[0.26751238 0.43437793],22,0,"[0.2473875480073203, 0.39401489827781994]",1,-1
22827,[0.28932317 0.44598241],22,13,"[0.32294489274299887, 0.4620611538839558]",1,-1
22828,[0.24840986 0.37289937],22,0,"[0.2473875480073203, 0.39401489827781994]",1,-1
22829,[0.27559687 0.31100222],22,7,"[0.2880919156697789, 0.2889500356712737]",1,-1
22830,[0.29610107 0.35181381],22,1,"[0.33650952271243567, 0.3695039184549852]",1,-1
22831,[0.38872615 0.39109904],22,6,"[0.40123478470159024, 0.40656176249784554]",1,-1
22832,[0.30360202 0.4459077 ],22,13,"[0.32294489274299887, 0.4620611538839558]",1,-1
22833,[0.19469609 0.4438146 ],22,17,"[0.19949257984775934, 0.47737458183782433]",1,-1
22834,[0.27475515 0.45504237],22,13,"[0.32294489274299887, 0.4620611538839558]",1,29
22835,[0.28956801 0.37567303],22,0,"[0.2473875480073203, 0.39401489827781994]",1,-1
22836,[0.19364938 0.37661436],22,15,"[0.188292755006214, 0.3253570325311902]",1,-1
22837,[0.26347076 0.3883737 ],22,0,"[0.2473875480073203, 0.39401489827781994]",1,-1
22838,[0.42380569 0.43593374],22,6,"[0.40123478470159024, 0.40656176249784554]",1,-1
22839,[0.36147597 0.45731442],22,13,"[0.32294489274299887, 0.4620611538839558]",1,-1
22840,[0.30313363 0.37462732],22,1,"[0.33650952271243567, 0.3695039184549852]",1,-1
22841,[0.32217314 0.39571673],22,1,"[0.33650952271243567, 0.3695039184549852]",1,-1
22842,[0.33809841 0.41968636],22,13,"[0.32294489274299887, 0.4620611538839558]",1,-1
22843,[0.37028858 0.42838007],22,6,"[0.40123478470159024, 0.40656176249784554]",1,-1
22844,[0.24724546 0.36310912],22,0,"[0.2473875480073203, 0.39401489827781994]",1,-1
22845,[0.2386552  0.42582175],22,0,"[0.2473875480073203, 0.39401489827781994]",1,-1
22846,[0.26906284 0.44201759],22,0,"[0.2473875480073203, 0.39401489827781994]",1,-1
22847,[0.25297175 0.41451284],22,0,"[0.2473875480073203, 0.39401489827781994]",1,-1
22848,[0.30534899 0.37753946],22,1,"[0.33650952271243567, 0.3695039184549852]",1,-1
22849,[0.27164036 0.40618057],22,0,"[0.2473875480073203, 0.39401489827781994]",1,59
22850,[0.33407645 0.35015325],22,1,"[0.33650952271243567, 0.3695039184549852]",1,77
22851,[0.19717846 0.4077521 ],22,0,"[0.2473875480073203, 0.39401489827781994]",1,-1
22852,[0.28257657 0.39148191],22,0,"[0.2473875480073203, 0.39401489827781994]",1,59
22853,[0.33651608 0.37950758],22,1,"[0.33650952271243567, 0.3695039184549852]",1,72
22854,[0.32722781 0.41842292],22,13,"[0.32294489274299887, 0.4620611538839558]",1,-1
22855,[0.15119788 0.35885366],22,15,"[0.188292755006214, 0.3253570325311902]",1,-1
22856,[0.21464947 0.40217804],22,0,"[0.2473875480073203, 0.39401489827781994]",1,-1
22857,[0.30511222 0.34032624],22,1,"[0.33650952271243567, 0.3695039184549852]",1,-1
22858,[0.36309013 0.30586248],22,4,"[0.3937233168939997, 0.29890402186269427]",1,-1
22859,[0.23165964 0.45176214],22,17,"[0.19949257984775934, 0.47737458183782433]",1,-1
22860,[0.24340957 0.36903276],22,0,"[0.2473875480073203, 0.39401489827781994]",1,-1
22861,[0.28061259 0.42095686],22,0,"[0.2473875480073203, 0.39401489827781994]",1,-1
22862,[0.35013822 0.45064347],22,13,"[0.32294489274299887, 0.4620611538839558]",1,-1
22863,[0.22054933 0.48117731],22,17,"[0.19949257984775934, 0.47737458183782433]",1,-1
22864,[0.29944287 0.36254371],22,1,"[0.33650952271243567, 0.3695039184549852]",1,-1
22865,[0.33326363 0.37873452],22,1,"[0.33650952271243567, 0.3695039184549852]",1,72
22866,[0.25020399 0.38468127],22,0,"[0.2473875480073203, 0.39401489827781994]",1,47
22867,[0.25144633 0.38058191],22,0,"[0.2473875480073203, 0.39401489827781994]",1,47
22868,[0.40767779 0.43603233],22,6,"[0.40123478470159024, 0.40656176249784554]",1,50
22869,[0.36579676 0.42984349],22,6,"[0.40123478470159024, 0.40656176249784554]",1,-1
22870,[0.29813449 0.38991104],22,1,"[0.33650952271243567, 0.3695039184549852]",1,-1
22871,[0.22718749 0.41787551],22,0,"[0.2473875480073203, 0.39401489827781994]",1,-1
22872,[0.30622922 0.51748686],22,13,"[0.32294489274299887, 0.4620611538839558]",1,-1
22873,[0.28801322 0.44682732],22,13,"[0.32294489274299887, 0.4620611538839558]",1,-1
22874,[0.17642746 0.41821594],22,17,"[0.19949257984775934, 0.47737458183782433]",1,-1
22875,[0.25185036 0.40011701],22,0,"[0.2473875480073203, 0.39401489827781994]",1,-1
22876,[0.28097851 0.43702724],22,13,"[0.32294489274299887, 0.4620611538839558]",1,-1
22877,[0.28796171 0.40264271],22,0,"[0.2473875480073203, 0.39401489827781994]",1,-1
22878,[0.24097791 0.28604199],22,7,"[0.2880919156697789, 0.2889500356712737]",1,25
22879,[0.2345733  0.41590107],22,0,"[0.2473875480073203, 0.39401489827781994]",1,48
22880,[0.38491306 0.37661181],22,6,"[0.40123478470159024, 0.40656176249784554]",1,-1
22881,[0.29343485 0.43626825],22,13,"[0.32294489274299887, 0.4620611538839558]",1,-1
22882,[0.29838761 0.3424908 ],22,1,"[0.33650952271243567, 0.3695039184549852]",1,-1
22883,[0.26299449 0.37644915],22,0,"[0.2473875480073203, 0.39401489827781994]",1,-1
22884,[0.28064661 0.40827013],22,0,"[0.2473875480073203, 0.39401489827781994]",1,-1
22885,[0.30743895 0.43370043],22,13,"[0.32294489274299887, 0.4620611538839558]",1,-1
22886,[0.29815995 0.3912785 ],22,1,"[0.33650952271243567, 0.3695039184549852]",1,59
22887,[0.25390596 0.34311873],22,0,"[0.2473875480073203, 0.39401489827781994]",1,-1
22888,[0.28019831 0.33148367],22,7,"[0.2880919156697789, 0.2889500356712737]",1,27
22889,[0.29049998 0.46044726],22,13,"[0.32294489274299887, 0.4620611538839558]",1,-1
22890,[0.27271201 0.42149842],22,0,"[0.2473875480073203, 0.39401489827781994]",1,53
22891,[0.26639414 0.4182709 ],22,0,"[0.2473875480073203, 0.39401489827781994]",1,-1
22892,[0.29180955 0.49066591],22,13,"[0.32294489274299887, 0.4620611538839558]",1,-1
22893,[0.27733192 0.41929474],22,0,"[0.2473875480073203, 0.39401489827781994]",1,53
22894,[0.29681131 0.41727987],22,13,"[0.32294489274299887, 0.4620611538839558]",1,-1
22895,[0.29417886 0.3469428 ],22,1,"[0.33650952271243567, 0.3695039184549852]",1,-1
22896,[0.30744817 0.39671971],22,1,"[0.33650952271243567, 0.3695039184549852]",1,-1
22897,[0.39586299 0.39807191],22,6,"[0.40123478470159024, 0.40656176249784554]",1,-1
22898,[0.26144432 0.37524497],22,0,"[0.2473875480073203, 0.39401489827781994]",1,47
22899,[0.34703758 0.38446565],22,1,"[0.33650952271243567, 0.3695039184549852]",1,-1
22900,[0.29037506 0.38208649],22,0,"[0.2473875480073203, 0.39401489827781994]",1,-1
22901,[0.2664454  0.41921541],22,0,"[0.2473875480073203, 0.39401489827781994]",1,-1
22902,[0.30038999 0.4596589 ],22,13,"[0.32294489274299887, 0.4620611538839558]",1,-1
22903,[0.3420177  0.38267984],22,1,"[0.33650952271243567, 0.3695039184549852]",1,72
22904,[0.28148587 0.49929831],22,13,"[0.32294489274299887, 0.4620611538839558]",1,-1
22905,[0.29399293 0.37605154],22,1,"[0.33650952271243567, 0.3695039184549852]",1,-1
22906,[0.21460835 0.4072217 ],22,0,"[0.2473875480073203, 0.39401489827781994]",1,-1
22907,[0.30395343 0.41531968],22,13,"[0.32294489274299887, 0.4620611538839558]",1,-1
22908,[0.21928519 0.28704469],22,15,"[0.188292755006214, 0.3253570325311902]",1,-1
22909,[0.24219327 0.34835151],22,0,"[0.2473875480073203, 0.39401489827781994]",1,-1
22910,[0.22266037 0.35245429],22,15,"[0.188292755006214, 0.3253570325311902]",1,-1
22911,[0.40361514 0.35403733],22,6,"[0.40123478470159024, 0.40656176249784554]",1,71
22912,[0.31588843 0.45667833],22,13,"[0.32294489274299887, 0.4620611538839558]",1,-1
22913,[0.23418733 0.4025093 ],22,0,"[0.2473875480073203, 0.39401489827781994]",1,-1
22914,[0.18536325 0.31273232],22,15,"[0.188292755006214, 0.3253570325311902]",1,-1
22915,[0.21298184 0.45178246],22,17,"[0.19949257984775934, 0.47737458183782433]",1,-1
22916,[0.26608332 0.39233462],22,0,"[0.2473875480073203, 0.39401489827781994]",1,-1
22917,[0.25853166 0.31672335],22,7,"[0.2880919156697789, 0.2889500356712737]",1,-1
22918,[0.34336625 0.31929046],22,1,"[0.33650952271243567, 0.3695039184549852]",1,-1
22919,[0.28999098 0.34939672],22,1,"[0.33650952271243567, 0.3695039184549852]",1,-1
22920,[0.28528543 0.41043315],22,0,"[0.2473875480073203, 0.39401489827781994]",1,-1
22921,[0.26632153 0.43057091],22,0,"[0.2473875480073203, 0.39401489827781994]",1,-1
22922,[0.30176946 0.35486258],22,1,"[0.33650952271243567, 0.3695039184549852]",1,-1
22923,[0.34597746 0.38017546],22,1,"[0.33650952271243567, 0.3695039184549852]",1,-1
22924,[0.33456154 0.46879958],22,13,"[0.32294489274299887, 0.4620611538839558]",1,-1
22925,[0.29685248 0.36864817],22,1,"[0.33650952271243567, 0.3695039184549852]",1,-1
22926,[0.32481674 0.4472567 ],22,13,"[0.32294489274299887, 0.4620611538839558]",1,-1
22927,[0.19479774 0.41934983],22,17,"[0.19949257984775934, 0.47737458183782433]",1,-1
22928,[0.24689587 0.35193523],22,0,"[0.2473875480073203, 0.39401489827781994]",1,-1
22929,[0.24657718 0.3960047 ],22,0,"[0.2473875480073203, 0.39401489827781994]",1,-1
22930,[0.37869519 0.37893862],22,6,"[0.40123478470159024, 0.40656176249784554]",1,78
22931,[0.2416063  0.46190602],22,17,"[0.19949257984775934, 0.47737458183782433]",1,-1
22932,[0.33153499 0.4337322 ],22,13,"[0.32294489274299887, 0.4620611538839558]",1,-1
22933,[0.24514584 0.4055358 ],22,0,"[0.2473875480073203, 0.39401489827781994]",1,48
22934,[0.31424972 0.38159183],22,1,"[0.33650952271243567, 0.3695039184549852]",1,-1
22935,[0.17739373 0.33855274],22,15,"[0.188292755006214, 0.3253570325311902]",1,-1
22936,[0.38457743 0.36233613],22,6,"[0.40123478470159024, 0.40656176249784554]",1,73
22937,[0.23483655 0.4334684 ],22,0,"[0.2473875480073203, 0.39401489827781994]",1,-1
22938,[0.26517936 0.40233377],22,0,"[0.2473875480073203, 0.39401489827781994]",1,59
22939,[0.27742338 0.37943864],22,0,"[0.2473875480073203, 0.39401489827781994]",1,-1
22940,[0.1654203 0.2491679],22,21,"[0.16948094512787878, 0.2245031809320862]",1,-1
22941,[0.33791985 0.44010344],22,13,"[0.32294489274299887, 0.4620611538839558]",1,-1
22942,[0.25373008 0.35066661],22,0,"[0.2473875480073203, 0.39401489827781994]",1,-1
22943,[0.20409801 0.44454495],22,17,"[0.19949257984775934, 0.47737458183782433]",1,-1
22944,[0.23779942 0.30419768],22,7,"[0.2880919156697789, 0.2889500356712737]",1,-1
22945,[0.28854922 0.42591827],22,13,"[0.32294489274299887, 0.4620611538839558]",1,-1
22946,[0.34379149 0.3870318 ],22,1,"[0.33650952271243567, 0.3695039184549852]",1,-1
22947,[0.27280456 0.42545097],22,0,"[0.2473875480073203, 0.39401489827781994]",1,53
22948,[0.25189099 0.43849314],22,0,"[0.2473875480073203, 0.39401489827781994]",1,-1
22949,[0.27771579 0.32699654],22,7,"[0.2880919156697789, 0.2889500356712737]",1,27
22950,[0.23995074 0.41327338],22,0,"[0.2473875480073203, 0.39401489827781994]",1,48
22951,[0.26213499 0.50070437],22,17,"[0.19949257984775934, 0.47737458183782433]",1,-1
22952,[0.28719564 0.47062389],22,13,"[0.32294489274299887, 0.4620611538839558]",1,-1
22953,[0.26870098 0.34897656],22,0,"[0.2473875480073203, 0.39401489827781994]",1,-1
22954,[0.25997812 0.43049082],22,0,"[0.2473875480073203, 0.39401489827781994]",1,-1
22955,[0.3172875  0.30204924],22,7,"[0.2880919156697789, 0.2889500356712737]",1,-1
22956,[0.26719604 0.33910529],22,7,"[0.2880919156697789, 0.2889500356712737]",1,-1
22957,[0.28372609 0.43630334],22,13,"[0.32294489274299887, 0.4620611538839558]",1,-1
22958,[0.21924989 0.38079888],22,0,"[0.2473875480073203, 0.39401489827781994]",1,35
22959,[0.25211556 0.45312549],22,17,"[0.19949257984775934, 0.47737458183782433]",1,24
22960,[0.24851542 0.41438027],22,0,"[0.2473875480073203, 0.39401489827781994]",1,-1
22961,[0.25090193 0.45663124],22,17,"[0.19949257984775934, 0.47737458183782433]",1,24
22962,[0.31042051 0.33881252],22,1,"[0.33650952271243567, 0.3695039184549852]",1,-1
22963,[0.32804066 0.37134249],22,1,"[0.33650952271243567, 0.3695039184549852]",1,-1
22964,[0.29861774 0.34548622],22,1,"[0.33650952271243567, 0.3695039184549852]",1,-1
22965,[0.31163308 0.36211915],22,1,"[0.33650952271243567, 0.3695039184549852]",1,-1
22966,[0.23602447 0.45764224],22,17,"[0.19949257984775934, 0.47737458183782433]",1,-1
22967,[0.30399573 0.39558788],22,1,"[0.33650952271243567, 0.3695039184549852]",1,-1
22968,[0.30408692 0.41435923],22,13,"[0.32294489274299887, 0.4620611538839558]",1,-1
22969,[0.30367633 0.38885802],22,1,"[0.33650952271243567, 0.3695039184549852]",1,-1
22970,[0.34579627 0.33446015],22,1,"[0.33650952271243567, 0.3695039184549852]",1,-1
22971,[0.32873647 0.31920472],22,7,"[0.2880919156697789, 0.2889500356712737]",1,-1
22972,[0.24750177 0.42676799],22,0,"[0.2473875480073203, 0.39401489827781994]",1,-1
22973,[0.21381864 0.41779356],22,0,"[0.2473875480073203, 0.39401489827781994]",1,-1
22974,[0.2652794  0.38074015],22,0,"[0.2473875480073203, 0.39401489827781994]",1,-1
22975,[0.23940918 0.3769868 ],22,0,"[0.2473875480073203, 0.39401489827781994]",1,-1
22976,[0.3749891  0.44844638],22,6,"[0.40123478470159024, 0.40656176249784554]",1,-1
22977,[0.3314848  0.51867562],22,13,"[0.32294489274299887, 0.4620611538839558]",1,-1
22978,[0.31707006 0.35421378],22,1,"[0.33650952271243567, 0.3695039184549852]",1,-1
22979,[0.31652388 0.42559954],22,13,"[0.32294489274299887, 0.4620611538839558]",1,-1
22980,[0.33070414 0.26177279],22,7,"[0.2880919156697789, 0.2889500356712737]",1,-1
22981,[0.25966414 0.35437529],22,0,"[0.2473875480073203, 0.39401489827781994]",1,-1
22982,[0.23109948 0.31878353],22,15,"[0.188292755006214, 0.3253570325311902]",1,-1
22983,[0.34355972 0.31917396],22,1,"[0.33650952271243567, 0.3695039184549852]",1,-1
22984,[0.29410283 0.3675044 ],22,1,"[0.33650952271243567, 0.3695039184549852]",1,-1
22985,[0.29876333 0.42148354],22,13,"[0.32294489274299887, 0.4620611538839558]",1,-1
22986,[0.25397061 0.38350175],22,0,"[0.2473875480073203, 0.39401489827781994]",1,-1
22987,[0.20227172 0.37120873],22,15,"[0.188292755006214, 0.3253570325311902]",1,-1
22988,[0.31356303 0.38268213],22,1,"[0.33650952271243567, 0.3695039184549852]",1,-1
22989,[0.30449195 0.42422393],22,13,"[0.32294489274299887, 0.4620611538839558]",1,-1
22990,[0.28087719 0.43364796],22,13,"[0.32294489274299887, 0.4620611538839558]",1,-1
22991,[0.24213156 0.44729493],22,17,"[0.19949257984775934, 0.47737458183782433]",1,-1
22992,[0.22467618 0.44153018],22,17,"[0.19949257984775934, 0.47737458183782433]",1,-1
22993,[0.29549961 0.55086162],22,44,"[0.30505443145580996, 0.5938366826632161]",1,-1
22994,[0.31712185 0.38792966],22,1,"[0.33650952271243567, 0.3695039184549852]",1,-1
22995,[0.3032259  0.32905664],22,7,"[0.2880919156697789, 0.2889500356712737]",1,-1
22996,[0.32103227 0.44477004],22,13,"[0.32294489274299887, 0.4620611538839558]",1,-1
22997,[0.35064409 0.52517847],22,13,"[0.32294489274299887, 0.4620611538839558]",1,-1
22998,[0.27091054 0.39456969],22,0,"[0.2473875480073203, 0.39401489827781994]",1,-1
22999,[0.27811788 0.40129577],22,0,"[0.2473875480073203, 0.39401489827781994]",1,59
23000,[0.24505864 0.66806279],23,8,"[0.26852263019242567, 0.6890353589332484]",1,-1
23001,[0.20156107 0.59759597],23,40,"[0.24325605379412626, 0.6063462149687255]",1,-1
23002,[0.23661891 0.58344533],23,40,"[0.24325605379412626, 0.6063462149687255]",1,-1
23003,[0.26026271 0.6151767 ],23,40,"[0.24325605379412626, 0.6063462149687255]",1,-1
23004,[0.23411989 0.57986718],23,40,"[0.24325605379412626, 0.6063462149687255]",1,-1
23005,[0.19939792 0.63033485],23,20,"[0.18632471116193938, 0.6470504651095214]",1,-1
23006,[0.20880488 0.61398873],23,40,"[0.24325605379412626, 0.6063462149687255]",1,-1
23007,[0.16697691 0.59049659],23,49,"[0.14893778703439292, 0.5666898184239806]",1,-1
23008,[0.22929663 0.67732756],23,8,"[0.26852263019242567, 0.6890353589332484]",1,15
23009,[0.15444416 0.62983983],23,20,"[0.18632471116193938, 0.6470504651095214]",1,-1
23010,[0.2573955  0.61304828],23,40,"[0.24325605379412626, 0.6063462149687255]",1,-1
23011,[0.15994935 0.55402962],23,49,"[0.14893778703439292, 0.5666898184239806]",1,-1
23012,[0.14494708 0.5971478 ],23,49,"[0.14893778703439292, 0.5666898184239806]",1,-1
23013,[0.25582511 0.66738465],23,8,"[0.26852263019242567, 0.6890353589332484]",1,-1
23014,[0.23208639 0.6841493 ],23,8,"[0.26852263019242567, 0.6890353589332484]",1,15
23015,[0.25123868 0.72932891],23,24,"[0.2219823769694232, 0.7523883708842017]",1,19
23016,[0.15720438 0.73145116],23,33,"[0.14360528745911366, 0.7361289007486289]",1,-1
23017,[0.27779549 0.64839145],23,8,"[0.26852263019242567, 0.6890353589332484]",1,-1
23018,[0.18308584 0.63950102],23,20,"[0.18632471116193938, 0.6470504651095214]",1,-1
23019,[0.23278646 0.72571052],23,24,"[0.2219823769694232, 0.7523883708842017]",1,14
23020,[0.20431343 0.65328709],23,20,"[0.18632471116193938, 0.6470504651095214]",1,-1
23021,[0.21767162 0.57697644],23,40,"[0.24325605379412626, 0.6063462149687255]",1,7
23022,[0.2188035  0.60401772],23,40,"[0.24325605379412626, 0.6063462149687255]",1,-1
23023,[0.28787103 0.60963427],23,44,"[0.30505443145580996, 0.5938366826632161]",1,-1
23024,[0.2924647  0.62762563],23,44,"[0.30505443145580996, 0.5938366826632161]",1,-1
23025,[0.26292294 0.66056291],23,8,"[0.26852263019242567, 0.6890353589332484]",1,-1
23026,[0.22169075 0.60675701],23,40,"[0.24325605379412626, 0.6063462149687255]",1,-1
23027,[0.28687074 0.61032217],23,44,"[0.30505443145580996, 0.5938366826632161]",1,-1
23028,[0.23558904 0.63099619],23,40,"[0.24325605379412626, 0.6063462149687255]",1,-1
23029,[0.16162813 0.58606322],23,49,"[0.14893778703439292, 0.5666898184239806]",1,-1
23030,[0.29009876 0.63763434],23,44,"[0.30505443145580996, 0.5938366826632161]",1,-1
23031,[0.31375605 0.57503137],23,44,"[0.30505443145580996, 0.5938366826632161]",1,-1
23032,[0.18755742 0.59949333],23,20,"[0.18632471116193938, 0.6470504651095214]",1,-1
23033,[0.28579354 0.5688439 ],23,44,"[0.30505443145580996, 0.5938366826632161]",1,-1
23034,[0.16679196 0.55850047],23,49,"[0.14893778703439292, 0.5666898184239806]",1,-1
23035,[0.23572763 0.6154798 ],23,40,"[0.24325605379412626, 0.6063462149687255]",1,-1
23036,[0.25675574 0.62567412],23,40,"[0.24325605379412626, 0.6063462149687255]",1,-1
23037,[0.17807907 0.60986436],23,20,"[0.18632471116193938, 0.6470504651095214]",1,-1
23038,[0.21508279 0.70019171],23,24,"[0.2219823769694232, 0.7523883708842017]",1,-1
23039,[0.24159503 0.60283623],23,40,"[0.24325605379412626, 0.6063462149687255]",1,-1
23040,[0.23153531 0.68545494],23,8,"[0.26852263019242567, 0.6890353589332484]",1,15
23041,[0.27938004 0.53639123],23,44,"[0.30505443145580996, 0.5938366826632161]",1,-1
23042,[0.31610221 0.61370572],23,44,"[0.30505443145580996, 0.5938366826632161]",1,-1
23043,[0.22726011 0.678804  ],23,8,"[0.26852263019242567, 0.6890353589332484]",1,15
23044,[0.20997719 0.67715633],23,20,"[0.18632471116193938, 0.6470504651095214]",1,-1
23045,[0.22693052 0.69478812],23,8,"[0.26852263019242567, 0.6890353589332484]",1,-1
23046,[0.2257949 0.6138559],23,40,"[0.24325605379412626, 0.6063462149687255]",1,-1
23047,[0.17480041 0.6568428 ],23,20,"[0.18632471116193938, 0.6470504651095214]",1,-1
23048,[0.20037718 0.63281597],23,20,"[0.18632471116193938, 0.6470504651095214]",1,-1
23049,[0.28725136 0.65583931],23,8,"[0.26852263019242567, 0.6890353589332484]",1,-1
23050,[0.24691096 0.67807433],23,8,"[0.26852263019242567, 0.6890353589332484]",1,-1
23051,[0.25540504 0.71399236],23,8,"[0.26852263019242567, 0.6890353589332484]",1,-1
23052,[0.08422618 0.69419947],23,-1,-1,1,-1
23053,[0.14727114 0.59058817],23,49,"[0.14893778703439292, 0.5666898184239806]",1,-1
23054,[0.25569628 0.69952417],23,8,"[0.26852263019242567, 0.6890353589332484]",1,-1
23055,[0.22736739 0.66642996],23,20,"[0.18632471116193938, 0.6470504651095214]",1,15
23056,[0.24626307 0.73410725],23,24,"[0.2219823769694232, 0.7523883708842017]",1,-1
23057,[0.19522153 0.69887296],23,20,"[0.18632471116193938, 0.6470504651095214]",1,13
23058,[0.19612159 0.64534738],23,20,"[0.18632471116193938, 0.6470504651095214]",1,-1
23059,[0.22518859 0.65004288],23,20,"[0.18632471116193938, 0.6470504651095214]",1,-1
23060,[0.26924791 0.68894108],23,8,"[0.26852263019242567, 0.6890353589332484]",1,-1
23061,[0.26823932 0.623975  ],23,40,"[0.24325605379412626, 0.6063462149687255]",1,-1
23062,[0.23101487 0.65140186],23,20,"[0.18632471116193938, 0.6470504651095214]",1,-1
23063,[0.2924267  0.58323859],23,44,"[0.30505443145580996, 0.5938366826632161]",1,-1
23064,[0.23341209 0.54980293],23,40,"[0.24325605379412626, 0.6063462149687255]",1,-1
23065,[0.19415539 0.68849061],23,20,"[0.18632471116193938, 0.6470504651095214]",1,-1
23066,[0.24083268 0.63383245],23,40,"[0.24325605379412626, 0.6063462149687255]",1,11
23067,[0.23712338 0.55870996],23,40,"[0.24325605379412626, 0.6063462149687255]",1,7
23068,[0.22877181 0.60021895],23,40,"[0.24325605379412626, 0.6063462149687255]",1,-1
23069,[0.22123053 0.6815721 ],23,8,"[0.26852263019242567, 0.6890353589332484]",1,-1
23070,[0.28183543 0.69915243],23,8,"[0.26852263019242567, 0.6890353589332484]",1,18
23071,[0.25806512 0.64632537],23,40,"[0.24325605379412626, 0.6063462149687255]",1,16
23072,[0.20342346 0.61163152],23,20,"[0.18632471116193938, 0.6470504651095214]",1,-1
23073,[0.16972993 0.74981788],23,33,"[0.14360528745911366, 0.7361289007486289]",1,-1
23074,[0.22470222 0.6448819 ],23,20,"[0.18632471116193938, 0.6470504651095214]",1,-1
23075,[0.22343353 0.67050174],23,20,"[0.18632471116193938, 0.6470504651095214]",1,15
23076,[0.24110964 0.66811984],23,8,"[0.26852263019242567, 0.6890353589332484]",1,-1
23077,[0.22888588 0.59948582],23,40,"[0.24325605379412626, 0.6063462149687255]",1,-1
23078,[0.21944942 0.71896227],23,24,"[0.2219823769694232, 0.7523883708842017]",1,14
23079,[0.29566902 0.70845923],23,8,"[0.26852263019242567, 0.6890353589332484]",1,18
23080,[0.19114402 0.53430289],23,49,"[0.14893778703439292, 0.5666898184239806]",1,-1
23081,[0.27296899 0.68384294],23,8,"[0.26852263019242567, 0.6890353589332484]",1,-1
23082,[0.23804972 0.66635821],23,8,"[0.26852263019242567, 0.6890353589332484]",1,-1
23083,[0.2790056  0.66807892],23,8,"[0.26852263019242567, 0.6890353589332484]",1,-1
23084,[0.29596331 0.62359959],23,44,"[0.30505443145580996, 0.5938366826632161]",1,-1
23085,[0.24808796 0.59363763],23,40,"[0.24325605379412626, 0.6063462149687255]",1,-1
23086,[0.23286755 0.60923001],23,40,"[0.24325605379412626, 0.6063462149687255]",1,-1
23087,[0.15773171 0.75088789],23,33,"[0.14360528745911366, 0.7361289007486289]",1,-1
23088,[0.13893946 0.67202391],23,20,"[0.18632471116193938, 0.6470504651095214]",1,-1
23089,[0.12969648 0.63714982],23,20,"[0.18632471116193938, 0.6470504651095214]",1,-1
23090,[0.17464079 0.64044643],23,20,"[0.18632471116193938, 0.6470504651095214]",1,-1
23091,[0.23282535 0.69678223],23,8,"[0.26852263019242567, 0.6890353589332484]",1,-1
23092,[0.25363213 0.66699111],23,8,"[0.26852263019242567, 0.6890353589332484]",1,-1
23093,[0.21406962 0.57600003],23,40,"[0.24325605379412626, 0.6063462149687255]",1,7
23094,[0.25608187 0.70505294],23,8,"[0.26852263019242567, 0.6890353589332484]",1,-1
23095,[0.17495247 0.64168667],23,20,"[0.18632471116193938, 0.6470504651095214]",1,-1
23096,[0.28648808 0.72453107],23,8,"[0.26852263019242567, 0.6890353589332484]",1,-1
23097,[0.23939264 0.59280914],23,40,"[0.24325605379412626, 0.6063462149687255]",1,-1
23098,[0.20472588 0.61996519],23,20,"[0.18632471116193938, 0.6470504651095214]",1,-1
23099,[0.33795157 0.59431248],23,44,"[0.30505443145580996, 0.5938366826632161]",1,-1
23100,[0.33347772 0.61191422],23,44,"[0.30505443145580996, 0.5938366826632161]",1,-1
23101,[0.28893565 0.6241217 ],23,44,"[0.30505443145580996, 0.5938366826632161]",1,-1
23102,[0.21399276 0.55332834],23,40,"[0.24325605379412626, 0.6063462149687255]",1,-1
23103,[0.22506715 0.63117623],23,40,"[0.24325605379412626, 0.6063462149687255]",1,-1
23104,[0.21706019 0.57739028],23,40,"[0.24325605379412626, 0.6063462149687255]",1,7
23105,[0.1728351 0.5736392],23,49,"[0.14893778703439292, 0.5666898184239806]",1,-1
23106,[0.19084248 0.68606007],23,20,"[0.18632471116193938, 0.6470504651095214]",1,-1
23107,[0.28499771 0.66515624],23,8,"[0.26852263019242567, 0.6890353589332484]",1,-1
23108,[0.12009725 0.66813018],23,20,"[0.18632471116193938, 0.6470504651095214]",1,-1
23109,[0.23931249 0.65117222],23,40,"[0.24325605379412626, 0.6063462149687255]",1,-1
23110,[0.20647023 0.71292494],23,24,"[0.2219823769694232, 0.7523883708842017]",1,-1
23111,[0.29887441 0.70964825],23,8,"[0.26852263019242567, 0.6890353589332484]",1,-1
23112,[0.27147057 0.56807682],23,44,"[0.30505443145580996, 0.5938366826632161]",1,-1
23113,[0.1928086 0.6141132],23,20,"[0.18632471116193938, 0.6470504651095214]",1,-1
23114,[0.26511333 0.58918324],23,40,"[0.24325605379412626, 0.6063462149687255]",1,-1
23115,[0.25829595 0.64611123],23,40,"[0.24325605379412626, 0.6063462149687255]",1,16
23116,[0.19409316 0.63216236],23,20,"[0.18632471116193938, 0.6470504651095214]",1,-1
23117,[0.20189332 0.62683031],23,20,"[0.18632471116193938, 0.6470504651095214]",1,-1
23118,[0.12810451 0.65558331],23,20,"[0.18632471116193938, 0.6470504651095214]",1,-1
23119,[0.20745768 0.63967025],23,20,"[0.18632471116193938, 0.6470504651095214]",1,-1
23120,[0.22247474 0.64288278],23,20,"[0.18632471116193938, 0.6470504651095214]",1,10
23121,[0.18875455 0.58249948],23,49,"[0.14893778703439292, 0.5666898184239806]",1,-1
23122,[0.1038164  0.64358678],23,-1,-1,1,-1
23123,[0.16211781 0.61813379],23,20,"[0.18632471116193938, 0.6470504651095214]",1,-1
23124,[0.32352948 0.67743606],23,19,"[0.3585209611110644, 0.671407469606326]",1,12
23125,[0.27978947 0.69663152],23,8,"[0.26852263019242567, 0.6890353589332484]",1,18
23126,[0.17626134 0.67422228],23,20,"[0.18632471116193938, 0.6470504651095214]",1,-1
23127,[0.2769576  0.66522895],23,8,"[0.26852263019242567, 0.6890353589332484]",1,-1
23128,[0.28928093 0.61851413],23,44,"[0.30505443145580996, 0.5938366826632161]",1,-1
23129,[0.2631837  0.64678999],23,8,"[0.26852263019242567, 0.6890353589332484]",1,16
23130,[0.23081756 0.62492793],23,40,"[0.24325605379412626, 0.6063462149687255]",1,-1
23131,[0.28422024 0.70275998],23,8,"[0.26852263019242567, 0.6890353589332484]",1,18
23132,[0.24035968 0.64131502],23,40,"[0.24325605379412626, 0.6063462149687255]",1,-1
23133,[0.21659247 0.6505998 ],23,20,"[0.18632471116193938, 0.6470504651095214]",1,-1
23134,[0.25688542 0.55641748],23,40,"[0.24325605379412626, 0.6063462149687255]",1,-1
23135,[0.21001416 0.6549817 ],23,20,"[0.18632471116193938, 0.6470504651095214]",1,-1
23136,[0.23136628 0.5762105 ],23,40,"[0.24325605379412626, 0.6063462149687255]",1,-1
23137,[0.20525745 0.64033856],23,20,"[0.18632471116193938, 0.6470504651095214]",1,-1
23138,[0.18103741 0.7371818 ],23,33,"[0.14360528745911366, 0.7361289007486289]",1,-1
23139,[0.13801272 0.62549585],23,20,"[0.18632471116193938, 0.6470504651095214]",1,-1
23140,[0.19839964 0.65636094],23,20,"[0.18632471116193938, 0.6470504651095214]",1,-1
23141,[0.17079739 0.55148139],23,49,"[0.14893778703439292, 0.5666898184239806]",1,-1
23142,[0.26248498 0.654701  ],23,8,"[0.26852263019242567, 0.6890353589332484]",1,-1
23143,[0.20471699 0.60761352],23,40,"[0.24325605379412626, 0.6063462149687255]",1,-1
23144,[0.10829202 0.64454296],23,-1,-1,1,-1
23145,[0.27346493 0.74937916],23,24,"[0.2219823769694232, 0.7523883708842017]",1,-1
23146,[0.17651219 0.62490038],23,20,"[0.18632471116193938, 0.6470504651095214]",1,-1
23147,[0.28124783 0.61940555],23,44,"[0.30505443145580996, 0.5938366826632161]",1,-1
23148,[0.2927847  0.71124005],23,8,"[0.26852263019242567, 0.6890353589332484]",1,18
23149,[0.19910826 0.62032313],23,20,"[0.18632471116193938, 0.6470504651095214]",1,-1
23150,[0.27262411 0.66325371],23,8,"[0.26852263019242567, 0.6890353589332484]",1,-1
23151,[0.12603899 0.65276398],23,20,"[0.18632471116193938, 0.6470504651095214]",1,-1
23152,[0.24109077 0.5514141 ],23,40,"[0.24325605379412626, 0.6063462149687255]",1,-1
23153,[0.22642637 0.51540817],23,17,"[0.19949257984775934, 0.47737458183782433]",1,-1
23154,[0.2650562  0.65553713],23,8,"[0.26852263019242567, 0.6890353589332484]",1,-1
23155,[0.23150865 0.58122714],23,40,"[0.24325605379412626, 0.6063462149687255]",1,-1
23156,[0.21713709 0.58978102],23,40,"[0.24325605379412626, 0.6063462149687255]",1,-1
23157,[0.21515389 0.67814242],23,20,"[0.18632471116193938, 0.6470504651095214]",1,-1
23158,[0.18745501 0.67524069],23,20,"[0.18632471116193938, 0.6470504651095214]",1,-1
23159,[0.29192107 0.64669683],23,8,"[0.26852263019242567, 0.6890353589332484]",1,-1
23160,[0.21479247 0.64875885],23,20,"[0.18632471116193938, 0.6470504651095214]",1,-1
23161,[0.27641675 0.67329185],23,8,"[0.26852263019242567, 0.6890353589332484]",1,-1
23162,[0.22896747 0.54245333],23,40,"[0.24325605379412626, 0.6063462149687255]",1,-1
23163,[0.15775867 0.64502002],23,20,"[0.18632471116193938, 0.6470504651095214]",1,-1
23164,[0.17792448 0.67485967],23,20,"[0.18632471116193938, 0.6470504651095214]",1,-1
23165,[0.25115204 0.68400503],23,8,"[0.26852263019242567, 0.6890353589332484]",1,-1
23166,[0.15578007 0.58795269],23,49,"[0.14893778703439292, 0.5666898184239806]",1,-1
23167,[0.23302445 0.68186729],23,8,"[0.26852263019242567, 0.6890353589332484]",1,15
23168,[0.30879092 0.64971748],23,19,"[0.3585209611110644, 0.671407469606326]",1,-1
23169,[0.28031366 0.62115603],23,44,"[0.30505443145580996, 0.5938366826632161]",1,-1
23170,[0.14133733 0.70625271],23,33,"[0.14360528745911366, 0.7361289007486289]",1,-1
23171,[0.25290133 0.58127028],23,40,"[0.24325605379412626, 0.6063462149687255]",1,-1
23172,[0.18646661 0.63121632],23,20,"[0.18632471116193938, 0.6470504651095214]",1,-1
23173,[0.33159106 0.53504318],23,44,"[0.30505443145580996, 0.5938366826632161]",1,-1
23174,[0.26530166 0.67704605],23,8,"[0.26852263019242567, 0.6890353589332484]",1,-1
23175,[0.2410196  0.59350225],23,40,"[0.24325605379412626, 0.6063462149687255]",1,-1
23176,[0.1703977  0.67640398],23,20,"[0.18632471116193938, 0.6470504651095214]",1,-1
23177,[0.24292856 0.61679963],23,40,"[0.24325605379412626, 0.6063462149687255]",1,-1
23178,[0.20073312 0.60108677],23,40,"[0.24325605379412626, 0.6063462149687255]",1,-1
23179,[0.2634901  0.67045121],23,8,"[0.26852263019242567, 0.6890353589332484]",1,-1
23180,[0.27238672 0.62325836],23,40,"[0.24325605379412626, 0.6063462149687255]",1,-1
23181,[0.25622525 0.60568133],23,40,"[0.24325605379412626, 0.6063462149687255]",1,-1
23182,[0.19109064 0.72944325],23,24,"[0.2219823769694232, 0.7523883708842017]",1,-1
23183,[0.19378167 0.59590026],23,40,"[0.24325605379412626, 0.6063462149687255]",1,-1
23184,[0.2023422 0.4788695],23,17,"[0.19949257984775934, 0.47737458183782433]",1,-1
23185,[0.2406313  0.62417776],23,40,"[0.24325605379412626, 0.6063462149687255]",1,-1
23186,[0.12836546 0.66708574],23,20,"[0.18632471116193938, 0.6470504651095214]",1,-1
23187,[0.22175307 0.60273103],23,40,"[0.24325605379412626, 0.6063462149687255]",1,-1
23188,[0.28920623 0.55903441],23,44,"[0.30505443145580996, 0.5938366826632161]",1,-1
23189,[0.14867245 0.6009987 ],23,49,"[0.14893778703439292, 0.5666898184239806]",1,-1
23190,[0.22510809 0.67967286],23,8,"[0.26852263019242567, 0.6890353589332484]",1,15
23191,[0.05621434 0.63136726],23,-1,-1,0,-1
23192,[0.11517647 0.66416818],23,-1,-1,1,-1
23193,[0.24580894 0.66588972],23,8,"[0.26852263019242567, 0.6890353589332484]",1,-1
23194,[0.27930329 0.6769813 ],23,8,"[0.26852263019242567, 0.6890353589332484]",1,17
23195,[0.29561624 0.68920045],23,8,"[0.26852263019242567, 0.6890353589332484]",1,-1
23196,[0.21128537 0.62197082],23,20,"[0.18632471116193938, 0.6470504651095214]",1,-1
23197,[0.21875973 0.6206984 ],23,40,"[0.24325605379412626, 0.6063462149687255]",1,-1
23198,[0.27257641 0.5738094 ],23,44,"[0.30505443145580996, 0.5938366826632161]",1,-1
23199,[0.24591391 0.74250255],23,24,"[0.2219823769694232, 0.7523883708842017]",1,-1
23200,[0.2165849  0.61517397],23,40,"[0.24325605379412626, 0.6063462149687255]",1,-1
23201,[0.21744711 0.5951254 ],23,40,"[0.24325605379412626, 0.6063462149687255]",1,7
23202,[0.2828711  0.60277272],23,44,"[0.30505443145580996, 0.5938366826632161]",1,-1
23203,[0.14710902 0.64657313],23,20,"[0.18632471116193938, 0.6470504651095214]",1,-1
23204,[0.26446232 0.56291383],23,40,"[0.24325605379412626, 0.6063462149687255]",1,-1
23205,[0.29521297 0.74503876],23,8,"[0.26852263019242567, 0.6890353589332484]",1,-1
23206,[0.2520982  0.67265523],23,8,"[0.26852263019242567, 0.6890353589332484]",1,-1
23207,[0.16169888 0.63264615],23,20,"[0.18632471116193938, 0.6470504651095214]",1,-1
23208,[0.18642391 0.59173972],23,49,"[0.14893778703439292, 0.5666898184239806]",1,-1
23209,[0.32648745 0.54556052],23,44,"[0.30505443145580996, 0.5938366826632161]",1,-1
23210,[0.28806167 0.60253057],23,44,"[0.30505443145580996, 0.5938366826632161]",1,-1
23211,[0.17305292 0.61452979],23,20,"[0.18632471116193938, 0.6470504651095214]",1,-1
23212,[0.17405272 0.62801036],23,20,"[0.18632471116193938, 0.6470504651095214]",1,-1
23213,[0.19954538 0.67774086],23,20,"[0.18632471116193938, 0.6470504651095214]",1,-1
23214,[0.17017639 0.75429754],23,33,"[0.14360528745911366, 0.7361289007486289]",1,-1
23215,[0.26840126 0.46414858],23,13,"[0.32294489274299887, 0.4620611538839558]",1,-1
23216,[0.18064046 0.70270679],23,33,"[0.14360528745911366, 0.7361289007486289]",1,-1
23217,[0.20147683 0.59621621],23,40,"[0.24325605379412626, 0.6063462149687255]",1,-1
23218,[0.2308406  0.61824934],23,40,"[0.24325605379412626, 0.6063462149687255]",1,-1
23219,[0.22813621 0.664392  ],23,20,"[0.18632471116193938, 0.6470504651095214]",1,15
23220,[0.27912384 0.60570493],23,44,"[0.30505443145580996, 0.5938366826632161]",1,-1
23221,[0.2169747  0.66201292],23,20,"[0.18632471116193938, 0.6470504651095214]",1,-1
23222,[0.27561174 0.60464743],23,44,"[0.30505443145580996, 0.5938366826632161]",1,-1
23223,[0.17905093 0.66056109],23,20,"[0.18632471116193938, 0.6470504651095214]",1,-1
23224,[0.32542638 0.63510338],23,44,"[0.30505443145580996, 0.5938366826632161]",1,9
23225,[0.29939371 0.73681206],23,8,"[0.26852263019242567, 0.6890353589332484]",1,-1
23226,[0.3276821  0.69166652],23,19,"[0.3585209611110644, 0.671407469606326]",1,-1
23227,[0.41029874 0.63605732],23,45,"[0.4377614438459196, 0.655911915550708]",1,-1
23228,[0.27747099 0.73417193],23,8,"[0.26852263019242567, 0.6890353589332484]",1,-1
23229,[0.15256811 0.66367157],23,20,"[0.18632471116193938, 0.6470504651095214]",1,-1
23230,[0.17112197 0.58734284],23,49,"[0.14893778703439292, 0.5666898184239806]",1,-1
23231,[0.22405462 0.5675713 ],23,40,"[0.24325605379412626, 0.6063462149687255]",1,-1
23232,[0.29268745 0.64139198],23,44,"[0.30505443145580996, 0.5938366826632161]",1,-1
23233,[0.23993541 0.6114152 ],23,40,"[0.24325605379412626, 0.6063462149687255]",1,-1
23234,[0.2397488  0.63379729],23,40,"[0.24325605379412626, 0.6063462149687255]",1,11
23235,[0.23524617 0.59686311],23,40,"[0.24325605379412626, 0.6063462149687255]",1,-1
23236,[0.23570833 0.62782446],23,40,"[0.24325605379412626, 0.6063462149687255]",1,11
23237,[0.30470034 0.6409368 ],23,44,"[0.30505443145580996, 0.5938366826632161]",1,-1
23238,[0.23340548 0.6562403 ],23,20,"[0.18632471116193938, 0.6470504651095214]",1,-1
23239,[0.28935602 0.56778123],23,44,"[0.30505443145580996, 0.5938366826632161]",1,-1
23240,[0.14600187 0.62996733],23,20,"[0.18632471116193938, 0.6470504651095214]",1,-1
23241,[0.27686139 0.6322953 ],23,40,"[0.24325605379412626, 0.6063462149687255]",1,-1
23242,[0.17790476 0.66784088],23,20,"[0.18632471116193938, 0.6470504651095214]",1,-1
23243,[0.22159764 0.6631872 ],23,20,"[0.18632471116193938, 0.6470504651095214]",1,15
23244,[0.2584254  0.68484639],23,8,"[0.26852263019242567, 0.6890353589332484]",1,-1
23245,[0.21489668 0.64382329],23,20,"[0.18632471116193938, 0.6470504651095214]",1,10
23246,[0.23443085 0.57252754],23,40,"[0.24325605379412626, 0.6063462149687255]",1,7
23247,[0.22635212 0.52161883],23,17,"[0.19949257984775934, 0.47737458183782433]",1,-1
23248,[0.26050466 0.60832795],23,40,"[0.24325605379412626, 0.6063462149687255]",1,-1
23249,[0.25055269 0.64254512],23,40,"[0.24325605379412626, 0.6063462149687255]",1,-1
23250,[0.21820314 0.6584871 ],23,20,"[0.18632471116193938, 0.6470504651095214]",1,-1
23251,[0.18348164 0.57099234],23,49,"[0.14893778703439292, 0.5666898184239806]",1,-1
23252,[0.141845   0.69274451],23,33,"[0.14360528745911366, 0.7361289007486289]",1,-1
23253,[0.23232162 0.67981277],23,8,"[0.26852263019242567, 0.6890353589332484]",1,15
23254,[0.18474065 0.65192458],23,20,"[0.18632471116193938, 0.6470504651095214]",1,-1
23255,[0.1895612  0.60531033],23,20,"[0.18632471116193938, 0.6470504651095214]",1,-1
23256,[0.15572228 0.64034557],23,20,"[0.18632471116193938, 0.6470504651095214]",1,-1
23257,[0.21868812 0.63093715],23,40,"[0.24325605379412626, 0.6063462149687255]",1,10
23258,[0.18104705 0.56868564],23,49,"[0.14893778703439292, 0.5666898184239806]",1,-1
23259,[0.19806806 0.73415643],23,24,"[0.2219823769694232, 0.7523883708842017]",1,-1
23260,[0.28323744 0.66992757],23,8,"[0.26852263019242567, 0.6890353589332484]",1,-1
23261,[0.27019769 0.61319636],23,40,"[0.24325605379412626, 0.6063462149687255]",1,-1
23262,[0.19492811 0.56047509],23,49,"[0.14893778703439292, 0.5666898184239806]",1,-1
23263,[0.23103429 0.70931631],23,8,"[0.26852263019242567, 0.6890353589332484]",1,-1
23264,[0.28848466 0.67065364],23,8,"[0.26852263019242567, 0.6890353589332484]",1,17
23265,[0.16252133 0.63061453],23,20,"[0.18632471116193938, 0.6470504651095214]",1,-1
23266,[0.11884344 0.60734809],23,49,"[0.14893778703439292, 0.5666898184239806]",1,-1
23267,[0.23770959 0.63704275],23,40,"[0.24325605379412626, 0.6063462149687255]",1,11
23268,[0.21600754 0.56827984],23,40,"[0.24325605379412626, 0.6063462149687255]",1,-1
23269,[0.33329419 0.61704608],23,44,"[0.30505443145580996, 0.5938366826632161]",1,-1
23270,[0.28143596 0.63533042],23,44,"[0.30505443145580996, 0.5938366826632161]",1,-1
23271,[0.13033898 0.77899852],23,33,"[0.14360528745911366, 0.7361289007486289]",1,-1
23272,[0.28073265 0.72949872],23,8,"[0.26852263019242567, 0.6890353589332484]",1,-1
23273,[0.22657583 0.66606833],23,20,"[0.18632471116193938, 0.6470504651095214]",1,15
23274,[0.26737233 0.60715315],23,40,"[0.24325605379412626, 0.6063462149687255]",1,-1
23275,[0.2172377  0.62137326],23,40,"[0.24325605379412626, 0.6063462149687255]",1,-1
23276,[0.23735903 0.5682441 ],23,40,"[0.24325605379412626, 0.6063462149687255]",1,-1
23277,[0.27455112 0.67273195],23,8,"[0.26852263019242567, 0.6890353589332484]",1,-1
23278,[0.20961241 0.69458417],23,20,"[0.18632471116193938, 0.6470504651095214]",1,-1
23279,[0.23856975 0.56707393],23,40,"[0.24325605379412626, 0.6063462149687255]",1,-1
23280,[0.33325053 0.60003491],23,44,"[0.30505443145580996, 0.5938366826632161]",1,-1
23281,[0.22245811 0.62107306],23,40,"[0.24325605379412626, 0.6063462149687255]",1,-1
23282,[0.19660436 0.70308924],23,24,"[0.2219823769694232, 0.7523883708842017]",1,13
23283,[0.14839934 0.56875057],23,49,"[0.14893778703439292, 0.5666898184239806]",1,-1
23284,[0.22404064 0.60108134],23,40,"[0.24325605379412626, 0.6063462149687255]",1,-1
23285,[0.19250069 0.62096515],23,20,"[0.18632471116193938, 0.6470504651095214]",1,-1
23286,[0.21571769 0.7134401 ],23,24,"[0.2219823769694232, 0.7523883708842017]",1,14
23287,[0.17126431 0.61433104],23,20,"[0.18632471116193938, 0.6470504651095214]",1,-1
23288,[0.22601262 0.68256385],23,8,"[0.26852263019242567, 0.6890353589332484]",1,15
23289,[0.28597778 0.68938642],23,8,"[0.26852263019242567, 0.6890353589332484]",1,-1
23290,[0.27076358 0.69871292],23,8,"[0.26852263019242567, 0.6890353589332484]",1,18
23291,[0.20557539 0.58360719],23,40,"[0.24325605379412626, 0.6063462149687255]",1,-1
23292,[0.25677326 0.64474399],23,40,"[0.24325605379412626, 0.6063462149687255]",1,16
23293,[0.25481187 0.62756793],23,40,"[0.24325605379412626, 0.6063462149687255]",1,-1
23294,[0.22714414 0.58584645],23,40,"[0.24325605379412626, 0.6063462149687255]",1,-1
23295,[0.23204878 0.6062608 ],23,40,"[0.24325605379412626, 0.6063462149687255]",1,-1
23296,[0.12652248 0.73743223],23,33,"[0.14360528745911366, 0.7361289007486289]",1,-1
23297,[0.28178967 0.75089317],23,24,"[0.2219823769694232, 0.7523883708842017]",1,-1
23298,[0.28074885 0.71185807],23,8,"[0.26852263019242567, 0.6890353589332484]",1,18
23299,[0.22449432 0.66538826],23,20,"[0.18632471116193938, 0.6470504651095214]",1,15
23300,[0.24153745 0.58010319],23,40,"[0.24325605379412626, 0.6063462149687255]",1,-1
23301,[0.25859592 0.66430639],23,8,"[0.26852263019242567, 0.6890353589332484]",1,-1
23302,[0.19271668 0.61956892],23,20,"[0.18632471116193938, 0.6470504651095214]",1,-1
23303,[0.21123638 0.6624837 ],23,20,"[0.18632471116193938, 0.6470504651095214]",1,-1
23304,[0.23896274 0.63178914],23,40,"[0.24325605379412626, 0.6063462149687255]",1,11
23305,[0.35000001 0.61524085],23,25,"[0.38660465276603295, 0.5871767558758164]",1,-1
23306,[0.25909248 0.55206367],23,40,"[0.24325605379412626, 0.6063462149687255]",1,-1
23307,[0.30153303 0.65501576],23,8,"[0.26852263019242567, 0.6890353589332484]",1,-1
23308,[0.21463102 0.69922516],23,24,"[0.2219823769694232, 0.7523883708842017]",1,-1
23309,[0.1760461  0.66795637],23,20,"[0.18632471116193938, 0.6470504651095214]",1,-1
23310,[0.22236607 0.62439053],23,40,"[0.24325605379412626, 0.6063462149687255]",1,10
23311,[0.2205325  0.67301461],23,20,"[0.18632471116193938, 0.6470504651095214]",1,-1
23312,[0.15388329 0.62836723],23,20,"[0.18632471116193938, 0.6470504651095214]",1,-1
23313,[0.23881486 0.62276105],23,40,"[0.24325605379412626, 0.6063462149687255]",1,-1
23314,[0.20799649 0.64300872],23,20,"[0.18632471116193938, 0.6470504651095214]",1,-1
23315,[0.19623477 0.64351072],23,20,"[0.18632471116193938, 0.6470504651095214]",1,-1
23316,[0.25312236 0.62210913],23,40,"[0.24325605379412626, 0.6063462149687255]",1,-1
23317,[0.24439854 0.67304097],23,8,"[0.26852263019242567, 0.6890353589332484]",1,-1
23318,[0.16433981 0.60847777],23,20,"[0.18632471116193938, 0.6470504651095214]",1,-1
23319,[0.30627932 0.6245754 ],23,44,"[0.30505443145580996, 0.5938366826632161]",1,-1
23320,[0.15171043 0.61039958],23,49,"[0.14893778703439292, 0.5666898184239806]",1,-1
23321,[0.33647449 0.58081439],23,44,"[0.30505443145580996, 0.5938366826632161]",1,-1
23322,[0.24613829 0.59523104],23,40,"[0.24325605379412626, 0.6063462149687255]",1,-1
23323,[0.27836877 0.59944668],23,44,"[0.30505443145580996, 0.5938366826632161]",1,-1
23324,[0.27836686 0.63210039],23,40,"[0.24325605379412626, 0.6063462149687255]",1,-1
23325,[0.23823894 0.6288138 ],23,40,"[0.24325605379412626, 0.6063462149687255]",1,11
23326,[0.19139794 0.59825395],23,20,"[0.18632471116193938, 0.6470504651095214]",1,-1
23327,[0.22386525 0.68619637],23,8,"[0.26852263019242567, 0.6890353589332484]",1,15
23328,[0.2618424  0.65958931],23,8,"[0.26852263019242567, 0.6890353589332484]",1,-1
23329,[0.20395279 0.66173924],23,20,"[0.18632471116193938, 0.6470504651095214]",1,-1
23330,[0.26949306 0.61815065],23,40,"[0.24325605379412626, 0.6063462149687255]",1,-1
23331,[0.21190834 0.57338098],23,40,"[0.24325605379412626, 0.6063462149687255]",1,7
23332,[0.2915917  0.58522539],23,44,"[0.30505443145580996, 0.5938366826632161]",1,-1
23333,[0.23732147 0.66542001],23,8,"[0.26852263019242567, 0.6890353589332484]",1,-1
23334,[0.23473559 0.65406867],23,40,"[0.24325605379412626, 0.6063462149687255]",1,-1
23335,[0.24415738 0.60713009],23,40,"[0.24325605379412626, 0.6063462149687255]",1,-1
23336,[0.1859624  0.61966285],23,20,"[0.18632471116193938, 0.6470504651095214]",1,-1
23337,[0.25254627 0.63674155],23,40,"[0.24325605379412626, 0.6063462149687255]",1,-1
23338,[0.26129763 0.64549727],23,40,"[0.24325605379412626, 0.6063462149687255]",1,16
23339,[0.14132036 0.68576936],23,33,"[0.14360528745911366, 0.7361289007486289]",1,-1
23340,[0.24683107 0.69934974],23,8,"[0.26852263019242567, 0.6890353589332484]",1,-1
23341,[0.21766273 0.67707607],23,20,"[0.18632471116193938, 0.6470504651095214]",1,-1
23342,[0.21167584 0.59400059],23,40,"[0.24325605379412626, 0.6063462149687255]",1,-1
23343,[0.22479366 0.56851552],23,40,"[0.24325605379412626, 0.6063462149687255]",1,-1
23344,[0.33642233 0.69307159],23,19,"[0.3585209611110644, 0.671407469606326]",1,-1
23345,[0.24262398 0.64552189],23,40,"[0.24325605379412626, 0.6063462149687255]",1,-1
23346,[0.24805988 0.63059053],23,40,"[0.24325605379412626, 0.6063462149687255]",1,-1
23347,[0.20731747 0.56526986],23,40,"[0.24325605379412626, 0.6063462149687255]",1,-1
23348,[0.185475   0.68521644],23,20,"[0.18632471116193938, 0.6470504651095214]",1,-1
23349,[0.25246558 0.59071547],23,40,"[0.24325605379412626, 0.6063462149687255]",1,-1
23350,[0.19969876 0.6114875 ],23,20,"[0.18632471116193938, 0.6470504651095214]",1,-1
23351,[0.27745463 0.58855207],23,44,"[0.30505443145580996, 0.5938366826632161]",1,-1
23352,[0.21696574 0.57473395],23,40,"[0.24325605379412626, 0.6063462149687255]",1,-1
23353,[0.27128713 0.55237034],23,44,"[0.30505443145580996, 0.5938366826632161]",1,-1
23354,[0.22169303 0.61706233],23,40,"[0.24325605379412626, 0.6063462149687255]",1,-1
23355,[0.31200169 0.65796391],23,19,"[0.3585209611110644, 0.671407469606326]",1,-1
23356,[0.19005943 0.52308813],23,17,"[0.19949257984775934, 0.47737458183782433]",1,-1
23357,[0.25689884 0.56350262],23,40,"[0.24325605379412626, 0.6063462149687255]",1,-1
23358,[0.19720992 0.65501453],23,20,"[0.18632471116193938, 0.6470504651095214]",1,-1
23359,[0.21203642 0.53518733],23,17,"[0.19949257984775934, 0.47737458183782433]",1,-1
23360,[0.19602957 0.62985419],23,20,"[0.18632471116193938, 0.6470504651095214]",1,-1
23361,[0.19188714 0.60908619],23,20,"[0.18632471116193938, 0.6470504651095214]",1,-1
23362,[0.21037956 0.69091777],23,20,"[0.18632471116193938, 0.6470504651095214]",1,-1
23363,[0.21148095 0.64121872],23,20,"[0.18632471116193938, 0.6470504651095214]",1,10
23364,[0.2089462 0.6299385],23,20,"[0.18632471116193938, 0.6470504651095214]",1,-1
23365,[0.08618504 0.67856475],23,-1,-1,1,-1
23366,[0.23810788 0.63091418],23,40,"[0.24325605379412626, 0.6063462149687255]",1,11
23367,[0.18913996 0.70767706],23,33,"[0.14360528745911366, 0.7361289007486289]",1,13
23368,[0.15715229 0.57308014],23,49,"[0.14893778703439292, 0.5666898184239806]",1,-1
23369,[0.20282605 0.68757764],23,20,"[0.18632471116193938, 0.6470504651095214]",1,-1
23370,[0.13934408 0.56571691],23,49,"[0.14893778703439292, 0.5666898184239806]",1,-1
23371,[0.21661132 0.58548345],23,40,"[0.24325605379412626, 0.6063462149687255]",1,-1
23372,[0.10530303 0.64591543],23,-1,-1,1,-1
23373,[0.27964276 0.63844537],23,40,"[0.24325605379412626, 0.6063462149687255]",1,-1
23374,[0.13569009 0.64514755],23,20,"[0.18632471116193938, 0.6470504651095214]",1,-1
23375,[0.27172087 0.69377546],23,8,"[0.26852263019242567, 0.6890353589332484]",1,-1
23376,[0.22498654 0.66791434],23,20,"[0.18632471116193938, 0.6470504651095214]",1,15
23377,[0.2554747  0.64804302],23,8,"[0.26852263019242567, 0.6890353589332484]",1,16
23378,[0.1418106  0.63101063],23,20,"[0.18632471116193938, 0.6470504651095214]",1,-1
23379,[0.21494143 0.70213134],23,24,"[0.2219823769694232, 0.7523883708842017]",1,14
23380,[0.23025145 0.68611875],23,8,"[0.26852263019242567, 0.6890353589332484]",1,15
23381,[0.19610346 0.70414334],23,24,"[0.2219823769694232, 0.7523883708842017]",1,13
23382,[0.14611632 0.65162788],23,20,"[0.18632471116193938, 0.6470504651095214]",1,-1
23383,[0.16072656 0.57646948],23,49,"[0.14893778703439292, 0.5666898184239806]",1,-1
23384,[0.20693481 0.58154761],23,40,"[0.24325605379412626, 0.6063462149687255]",1,-1
23385,[0.23257436 0.68888723],23,8,"[0.26852263019242567, 0.6890353589332484]",1,15
23386,[0.22279301 0.57698183],23,40,"[0.24325605379412626, 0.6063462149687255]",1,-1
23387,[0.19094704 0.62095664],23,20,"[0.18632471116193938, 0.6470504651095214]",1,-1
23388,[0.25342833 0.5302345 ],23,-1,-1,1,-1
23389,[0.18034061 0.66872332],23,20,"[0.18632471116193938, 0.6470504651095214]",1,-1
23390,[0.23590512 0.63171042],23,40,"[0.24325605379412626, 0.6063462149687255]",1,11
23391,[0.23358603 0.55460013],23,40,"[0.24325605379412626, 0.6063462149687255]",1,-1
23392,[0.29217257 0.66961262],23,8,"[0.26852263019242567, 0.6890353589332484]",1,-1
23393,[0.31564068 0.58095907],23,44,"[0.30505443145580996, 0.5938366826632161]",1,-1
23394,[0.17760194 0.60241026],23,20,"[0.18632471116193938, 0.6470504651095214]",1,-1
23395,[0.25842489 0.65766831],23,8,"[0.26852263019242567, 0.6890353589332484]",1,-1
23396,[0.21036995 0.59499192],23,40,"[0.24325605379412626, 0.6063462149687255]",1,-1
23397,[0.26844287 0.58262936],23,40,"[0.24325605379412626, 0.6063462149687255]",1,-1
23398,[0.2372639  0.55826964],23,40,"[0.24325605379412626, 0.6063462149687255]",1,-1
23399,[0.18650469 0.6560045 ],23,20,"[0.18632471116193938, 0.6470504651095214]",1,-1
23400,[0.28476608 0.60729747],23,44,"[0.30505443145580996, 0.5938366826632161]",1,-1
23401,[0.27791445 0.628818  ],23,40,"[0.24325605379412626, 0.6063462149687255]",1,-1
23402,[0.2110021  0.56367377],23,40,"[0.24325605379412626, 0.6063462149687255]",1,-1
23403,[0.22868627 0.63986035],23,40,"[0.24325605379412626, 0.6063462149687255]",1,-1
23404,[0.22576476 0.6358367 ],23,40,"[0.24325605379412626, 0.6063462149687255]",1,-1
23405,[0.21606252 0.63872539],23,20,"[0.18632471116193938, 0.6470504651095214]",1,10
23406,[0.13677571 0.64241794],23,20,"[0.18632471116193938, 0.6470504651095214]",1,-1
23407,[0.15501239 0.58875747],23,49,"[0.14893778703439292, 0.5666898184239806]",1,-1
23408,[0.26706188 0.73761574],23,24,"[0.2219823769694232, 0.7523883708842017]",1,-1
23409,[0.22979605 0.62330997],23,40,"[0.24325605379412626, 0.6063462149687255]",1,-1
23410,[0.2335734  0.59893285],23,40,"[0.24325605379412626, 0.6063462149687255]",1,-1
23411,[0.20241247 0.61763421],23,20,"[0.18632471116193938, 0.6470504651095214]",1,-1
23412,[0.2222014  0.57916751],23,40,"[0.24325605379412626, 0.6063462149687255]",1,7
23413,[0.16894189 0.58060448],23,49,"[0.14893778703439292, 0.5666898184239806]",1,-1
23414,[0.13454211 0.54705429],23,49,"[0.14893778703439292, 0.5666898184239806]",1,-1
23415,[0.34851112 0.6488798 ],23,19,"[0.3585209611110644, 0.671407469606326]",1,9
23416,[0.32792292 0.64555348],23,19,"[0.3585209611110644, 0.671407469606326]",1,-1
23417,[0.28534835 0.62071901],23,44,"[0.30505443145580996, 0.5938366826632161]",1,-1
23418,[0.28220986 0.58119955],23,44,"[0.30505443145580996, 0.5938366826632161]",1,-1
23419,[0.20845805 0.65235791],23,20,"[0.18632471116193938, 0.6470504651095214]",1,-1
23420,[0.1896037  0.64326358],23,20,"[0.18632471116193938, 0.6470504651095214]",1,-1
23421,[0.2245516  0.73912003],23,24,"[0.2219823769694232, 0.7523883708842017]",1,14
23422,[0.1682895 0.700068 ],23,33,"[0.14360528745911366, 0.7361289007486289]",1,-1
23423,[0.13571882 0.7255652 ],23,33,"[0.14360528745911366, 0.7361289007486289]",1,-1
23424,[0.24703168 0.7026072 ],23,8,"[0.26852263019242567, 0.6890353589332484]",1,-1
23425,[0.23845345 0.53552383],23,17,"[0.19949257984775934, 0.47737458183782433]",1,-1
23426,[0.23155775 0.59194391],23,40,"[0.24325605379412626, 0.6063462149687255]",1,-1
23427,[0.21151941 0.65326832],23,20,"[0.18632471116193938, 0.6470504651095214]",1,-1
23428,[0.21927613 0.68450484],23,8,"[0.26852263019242567, 0.6890353589332484]",1,15
23429,[0.08736115 0.5591414 ],23,49,"[0.14893778703439292, 0.5666898184239806]",1,-1
23430,[0.1890445  0.58555714],23,49,"[0.14893778703439292, 0.5666898184239806]",1,-1
23431,[0.26935265 0.69490804],23,8,"[0.26852263019242567, 0.6890353589332484]",1,-1
23432,[0.26138619 0.64559523],23,40,"[0.24325605379412626, 0.6063462149687255]",1,16
23433,[0.20541558 0.64242984],23,20,"[0.18632471116193938, 0.6470504651095214]",1,-1
23434,[0.23813148 0.54857449],23,40,"[0.24325605379412626, 0.6063462149687255]",1,-1
23435,[0.19728193 0.58825517],23,40,"[0.24325605379412626, 0.6063462149687255]",1,-1
23436,[0.17196374 0.68111756],23,20,"[0.18632471116193938, 0.6470504651095214]",1,-1
23437,[0.27336457 0.6019036 ],23,40,"[0.24325605379412626, 0.6063462149687255]",1,-1
23438,[0.15144726 0.74171576],23,33,"[0.14360528745911366, 0.7361289007486289]",1,-1
23439,[0.21111731 0.66530581],23,20,"[0.18632471116193938, 0.6470504651095214]",1,-1
23440,[0.15641982 0.65722956],23,20,"[0.18632471116193938, 0.6470504651095214]",1,-1
23441,[0.20237404 0.66437369],23,20,"[0.18632471116193938, 0.6470504651095214]",1,-1
23442,[0.17756934 0.61913661],23,20,"[0.18632471116193938, 0.6470504651095214]",1,-1
23443,[0.25063391 0.64484107],23,40,"[0.24325605379412626, 0.6063462149687255]",1,-1
23444,[0.20655328 0.56672161],23,40,"[0.24325605379412626, 0.6063462149687255]",1,-1
23445,[0.20446331 0.60360474],23,40,"[0.24325605379412626, 0.6063462149687255]",1,-1
23446,[0.23498722 0.60688045],23,40,"[0.24325605379412626, 0.6063462149687255]",1,-1
23447,[0.2320378  0.70270938],23,8,"[0.26852263019242567, 0.6890353589332484]",1,-1
23448,[0.28901683 0.71564132],23,8,"[0.26852263019242567, 0.6890353589332484]",1,-1
23449,[0.22018469 0.72020097],23,24,"[0.2219823769694232, 0.7523883708842017]",1,14
23450,[0.16831105 0.57411501],23,49,"[0.14893778703439292, 0.5666898184239806]",1,-1
23451,[0.20398459 0.62086433],23,20,"[0.18632471116193938, 0.6470504651095214]",1,-1
23452,[0.20645403 0.53039671],23,17,"[0.19949257984775934, 0.47737458183782433]",1,-1
23453,[0.31115842 0.6282031 ],23,44,"[0.30505443145580996, 0.5938366826632161]",1,-1
23454,[0.25420492 0.59458086],23,40,"[0.24325605379412626, 0.6063462149687255]",1,-1
23455,[0.31729547 0.67778381],23,19,"[0.3585209611110644, 0.671407469606326]",1,12
23456,[0.22937215 0.58960352],23,40,"[0.24325605379412626, 0.6063462149687255]",1,-1
23457,[0.22098276 0.65645212],23,20,"[0.18632471116193938, 0.6470504651095214]",1,-1
23458,[0.28451346 0.65725688],23,8,"[0.26852263019242567, 0.6890353589332484]",1,-1
23459,[0.30848372 0.58826475],23,44,"[0.30505443145580996, 0.5938366826632161]",1,-1
23460,[0.25092676 0.69468919],23,8,"[0.26852263019242567, 0.6890353589332484]",1,-1
23461,[0.26019903 0.60634548],23,40,"[0.24325605379412626, 0.6063462149687255]",1,-1
23462,[0.25758235 0.55809668],23,40,"[0.24325605379412626, 0.6063462149687255]",1,-1
23463,[0.26451808 0.64679578],23,8,"[0.26852263019242567, 0.6890353589332484]",1,16
23464,[0.28919366 0.67454094],23,8,"[0.26852263019242567, 0.6890353589332484]",1,-1
23465,[0.20526146 0.66735857],23,20,"[0.18632471116193938, 0.6470504651095214]",1,-1
23466,[0.20092306 0.69981591],23,20,"[0.18632471116193938, 0.6470504651095214]",1,-1
23467,[0.26047319 0.63701242],23,40,"[0.24325605379412626, 0.6063462149687255]",1,-1
23468,[0.23853166 0.69053319],23,8,"[0.26852263019242567, 0.6890353589332484]",1,-1
23469,[0.31630851 0.54442789],23,44,"[0.30505443145580996, 0.5938366826632161]",1,-1
23470,[0.20706459 0.66745462],23,20,"[0.18632471116193938, 0.6470504651095214]",1,-1
23471,[0.25899188 0.62548088],23,40,"[0.24325605379412626, 0.6063462149687255]",1,-1
23472,[0.22246192 0.60254268],23,40,"[0.24325605379412626, 0.6063462149687255]",1,-1
23473,[0.26067051 0.71231593],23,8,"[0.26852263019242567, 0.6890353589332484]",1,-1
23474,[0.17732175 0.66229159],23,20,"[0.18632471116193938, 0.6470504651095214]",1,-1
23475,[0.19456138 0.61788494],23,20,"[0.18632471116193938, 0.6470504651095214]",1,-1
23476,[0.28604929 0.67295007],23,8,"[0.26852263019242567, 0.6890353589332484]",1,-1
23477,[0.25198433 0.64726148],23,40,"[0.24325605379412626, 0.6063462149687255]",1,16
23478,[0.29829933 0.59763853],23,44,"[0.30505443145580996, 0.5938366826632161]",1,-1
23479,[0.2043909 0.6926204],23,20,"[0.18632471116193938, 0.6470504651095214]",1,13
23480,[0.25350138 0.71302529],23,8,"[0.26852263019242567, 0.6890353589332484]",1,-1
23481,[0.19920529 0.71182337],23,24,"[0.2219823769694232, 0.7523883708842017]",1,-1
23482,[0.24089694 0.66070635],23,8,"[0.26852263019242567, 0.6890353589332484]",1,-1
23483,[0.14626543 0.65714247],23,20,"[0.18632471116193938, 0.6470504651095214]",1,-1
23484,[0.2515531  0.62921547],23,40,"[0.24325605379412626, 0.6063462149687255]",1,-1
23485,[0.17882666 0.62254538],23,20,"[0.18632471116193938, 0.6470504651095214]",1,-1
23486,[0.23891367 0.57198792],23,40,"[0.24325605379412626, 0.6063462149687255]",1,-1
23487,[0.23165063 0.64513275],23,40,"[0.24325605379412626, 0.6063462149687255]",1,-1
23488,[0.2330251  0.58697879],23,40,"[0.24325605379412626, 0.6063462149687255]",1,-1
23489,[0.26081305 0.52759372],23,-1,-1,1,-1
23490,[0.26291064 0.6107179 ],23,40,"[0.24325605379412626, 0.6063462149687255]",1,-1
23491,[0.1789251  0.60440961],23,20,"[0.18632471116193938, 0.6470504651095214]",1,-1
23492,[0.20663643 0.6725278 ],23,20,"[0.18632471116193938, 0.6470504651095214]",1,-1
23493,[0.21145733 0.58798619],23,40,"[0.24325605379412626, 0.6063462149687255]",1,-1
23494,[0.20090004 0.61935791],23,20,"[0.18632471116193938, 0.6470504651095214]",1,-1
23495,[0.25305244 0.56241083],23,40,"[0.24325605379412626, 0.6063462149687255]",1,-1
23496,[0.32929461 0.62141107],23,44,"[0.30505443145580996, 0.5938366826632161]",1,-1
23497,[0.27146365 0.65980244],23,8,"[0.26852263019242567, 0.6890353589332484]",1,-1
23498,[0.25617676 0.68272581],23,8,"[0.26852263019242567, 0.6890353589332484]",1,-1
23499,[0.20701398 0.72113087],23,24,"[0.2219823769694232, 0.7523883708842017]",1,-1
23500,[0.26911889 0.54464158],23,44,"[0.30505443145580996, 0.5938366826632161]",1,-1
23501,[0.229755   0.64879754],23,20,"[0.18632471116193938, 0.6470504651095214]",1,-1
23502,[0.22918029 0.75024718],23,24,"[0.2219823769694232, 0.7523883708842017]",1,-1
23503,[0.20954596 0.57807802],23,40,"[0.24325605379412626, 0.6063462149687255]",1,7
23504,[0.319656   0.61993359],23,44,"[0.30505443145580996, 0.5938366826632161]",1,-1
23505,[0.19463192 0.55441345],23,49,"[0.14893778703439292, 0.5666898184239806]",1,-1
23506,[0.30049282 0.60384351],23,44,"[0.30505443145580996, 0.5938366826632161]",1,-1
23507,[0.16678799 0.58549765],23,49,"[0.14893778703439292, 0.5666898184239806]",1,-1
23508,[0.28565066 0.60448274],23,44,"[0.30505443145580996, 0.5938366826632161]",1,-1
23509,[0.22100391 0.59684155],23,40,"[0.24325605379412626, 0.6063462149687255]",1,-1
23510,[0.25900304 0.6471994 ],23,8,"[0.26852263019242567, 0.6890353589332484]",1,16
23511,[0.22683847 0.62394718],23,40,"[0.24325605379412626, 0.6063462149687255]",1,-1
23512,[0.15417804 0.6706702 ],23,20,"[0.18632471116193938, 0.6470504651095214]",1,-1
23513,[0.2091071  0.64790819],23,20,"[0.18632471116193938, 0.6470504651095214]",1,-1
23514,[0.27450535 0.60797264],23,40,"[0.24325605379412626, 0.6063462149687255]",1,-1
23515,[0.16390441 0.68926483],23,20,"[0.18632471116193938, 0.6470504651095214]",1,-1
23516,[0.16521046 0.61268023],23,20,"[0.18632471116193938, 0.6470504651095214]",1,-1
23517,[0.22338591 0.63749772],23,40,"[0.24325605379412626, 0.6063462149687255]",1,10
23518,[0.24599036 0.62581242],23,40,"[0.24325605379412626, 0.6063462149687255]",1,11
23519,[0.26270048 0.58948076],23,40,"[0.24325605379412626, 0.6063462149687255]",1,-1
23520,[0.19926904 0.71935894],23,24,"[0.2219823769694232, 0.7523883708842017]",1,-1
23521,[0.20689919 0.53596796],23,17,"[0.19949257984775934, 0.47737458183782433]",1,-1
23522,[0.18253234 0.68256787],23,20,"[0.18632471116193938, 0.6470504651095214]",1,-1
23523,[0.29846253 0.58471122],23,44,"[0.30505443145580996, 0.5938366826632161]",1,-1
23524,[0.22575692 0.7321148 ],23,24,"[0.2219823769694232, 0.7523883708842017]",1,14
23525,[0.2489948  0.64731664],23,40,"[0.24325605379412626, 0.6063462149687255]",1,-1
23526,[0.14340243 0.56594855],23,49,"[0.14893778703439292, 0.5666898184239806]",1,-1
23527,[0.333498   0.55861832],23,44,"[0.30505443145580996, 0.5938366826632161]",1,-1
23528,[0.29807593 0.60387656],23,44,"[0.30505443145580996, 0.5938366826632161]",1,-1
23529,[0.21507246 0.5852207 ],23,40,"[0.24325605379412626, 0.6063462149687255]",1,7
23530,[0.24466576 0.58147482],23,40,"[0.24325605379412626, 0.6063462149687255]",1,-1
23531,[0.24373976 0.63313884],23,40,"[0.24325605379412626, 0.6063462149687255]",1,11
23532,[0.25144439 0.70366423],23,8,"[0.26852263019242567, 0.6890353589332484]",1,-1
23533,[0.31214133 0.60715457],23,44,"[0.30505443145580996, 0.5938366826632161]",1,-1
23534,[0.27806767 0.65130963],23,8,"[0.26852263019242567, 0.6890353589332484]",1,-1
23535,[0.20869201 0.66708309],23,20,"[0.18632471116193938, 0.6470504651095214]",1,-1
23536,[0.26533547 0.5591908 ],23,40,"[0.24325605379412626, 0.6063462149687255]",1,-1
23537,[0.23715017 0.6320557 ],23,40,"[0.24325605379412626, 0.6063462149687255]",1,11
23538,[0.28869639 0.62305129],23,44,"[0.30505443145580996, 0.5938366826632161]",1,-1
23539,[0.1422843  0.66198416],23,20,"[0.18632471116193938, 0.6470504651095214]",1,-1
23540,[0.24130861 0.58706028],23,40,"[0.24325605379412626, 0.6063462149687255]",1,-1
23541,[0.28467796 0.60518302],23,44,"[0.30505443145580996, 0.5938366826632161]",1,-1
23542,[0.25160463 0.62739698],23,40,"[0.24325605379412626, 0.6063462149687255]",1,-1
23543,[0.19606126 0.60933809],23,20,"[0.18632471116193938, 0.6470504651095214]",1,-1
23544,[0.27947142 0.65769627],23,8,"[0.26852263019242567, 0.6890353589332484]",1,-1
23545,[0.28148673 0.62424743],23,44,"[0.30505443145580996, 0.5938366826632161]",1,-1
23546,[0.26333224 0.62909102],23,40,"[0.24325605379412626, 0.6063462149687255]",1,-1
23547,[0.1801439  0.65348964],23,20,"[0.18632471116193938, 0.6470504651095214]",1,-1
23548,[0.22105345 0.6782257 ],23,20,"[0.18632471116193938, 0.6470504651095214]",1,-1
23549,[0.19636601 0.59169855],23,40,"[0.24325605379412626, 0.6063462149687255]",1,-1
23550,[0.19460155 0.58632387],23,49,"[0.14893778703439292, 0.5666898184239806]",1,-1
23551,[0.23820215 0.61527714],23,40,"[0.24325605379412626, 0.6063462149687255]",1,-1
23552,[0.30374191 0.67664261],23,8,"[0.26852263019242567, 0.6890353589332484]",1,-1
23553,[0.21505795 0.70529097],23,24,"[0.2219823769694232, 0.7523883708842017]",1,14
23554,[0.16114123 0.64666826],23,20,"[0.18632471116193938, 0.6470504651095214]",1,-1
23555,[0.2165591  0.72310132],23,24,"[0.2219823769694232, 0.7523883708842017]",1,-1
23556,[0.21461634 0.63302852],23,20,"[0.18632471116193938, 0.6470504651095214]",1,-1
23557,[0.22607557 0.66560737],23,20,"[0.18632471116193938, 0.6470504651095214]",1,15
23558,[0.22249957 0.62939312],23,40,"[0.24325605379412626, 0.6063462149687255]",1,10
23559,[0.19957824 0.69769809],23,20,"[0.18632471116193938, 0.6470504651095214]",1,13
23560,[0.22444915 0.6330623 ],23,40,"[0.24325605379412626, 0.6063462149687255]",1,10
23561,[0.30632547 0.64503495],23,44,"[0.30505443145580996, 0.5938366826632161]",1,-1
23562,[0.20857662 0.57544668],23,40,"[0.24325605379412626, 0.6063462149687255]",1,7
23563,[0.21979759 0.78608349],23,24,"[0.2219823769694232, 0.7523883708842017]",1,-1
23564,[0.14912157 0.63716113],23,20,"[0.18632471116193938, 0.6470504651095214]",1,-1
23565,[0.24055082 0.58662823],23,40,"[0.24325605379412626, 0.6063462149687255]",1,-1
23566,[0.27606249 0.61579963],23,40,"[0.24325605379412626, 0.6063462149687255]",1,-1
23567,[0.25796771 0.58545979],23,40,"[0.24325605379412626, 0.6063462149687255]",1,-1
23568,[0.23208303 0.6425091 ],23,40,"[0.24325605379412626, 0.6063462149687255]",1,-1
23569,[0.26728991 0.58219253],23,40,"[0.24325605379412626, 0.6063462149687255]",1,-1
23570,[0.18714251 0.57376526],23,49,"[0.14893778703439292, 0.5666898184239806]",1,-1
23571,[0.12743952 0.63109263],23,20,"[0.18632471116193938, 0.6470504651095214]",1,-1
23572,[0.20214168 0.56398727],23,49,"[0.14893778703439292, 0.5666898184239806]",1,-1
23573,[0.29466178 0.68466314],23,8,"[0.26852263019242567, 0.6890353589332484]",1,-1
23574,[0.26844745 0.66609186],23,8,"[0.26852263019242567, 0.6890353589332484]",1,17
23575,[0.19697045 0.60978695],23,20,"[0.18632471116193938, 0.6470504651095214]",1,-1
23576,[0.19407634 0.63890485],23,20,"[0.18632471116193938, 0.6470504651095214]",1,-1
23577,[0.27516608 0.67809774],23,8,"[0.26852263019242567, 0.6890353589332484]",1,-1
23578,[0.16915673 0.5839718 ],23,49,"[0.14893778703439292, 0.5666898184239806]",1,-1
23579,[0.18947723 0.58783806],23,49,"[0.14893778703439292, 0.5666898184239806]",1,-1
23580,[0.15946965 0.68361602],23,20,"[0.18632471116193938, 0.6470504651095214]",1,-1
23581,[0.23832551 0.55871494],23,40,"[0.24325605379412626, 0.6063462149687255]",1,-1
23582,[0.28876397 0.62092059],23,44,"[0.30505443145580996, 0.5938366826632161]",1,-1
23583,[0.19518824 0.58997906],23,40,"[0.24325605379412626, 0.6063462149687255]",1,-1
23584,[0.23326179 0.57520609],23,40,"[0.24325605379412626, 0.6063462149687255]",1,-1
23585,[0.20763558 0.62182238],23,20,"[0.18632471116193938, 0.6470504651095214]",1,-1
23586,[0.34436591 0.65632641],23,19,"[0.3585209611110644, 0.671407469606326]",1,-1
23587,[0.19846292 0.63591684],23,20,"[0.18632471116193938, 0.6470504651095214]",1,-1
23588,[0.28995942 0.66153189],23,8,"[0.26852263019242567, 0.6890353589332484]",1,-1
23589,[0.24091771 0.59047738],23,40,"[0.24325605379412626, 0.6063462149687255]",1,-1
23590,[0.19083013 0.57704872],23,49,"[0.14893778703439292, 0.5666898184239806]",1,-1
23591,[0.20286767 0.59295772],23,40,"[0.24325605379412626, 0.6063462149687255]",1,-1
23592,[0.25988061 0.5502714 ],23,40,"[0.24325605379412626, 0.6063462149687255]",1,-1
23593,[0.2356042  0.70181159],23,8,"[0.26852263019242567, 0.6890353589332484]",1,-1
23594,[0.19268743 0.52364854],23,17,"[0.19949257984775934, 0.47737458183782433]",1,-1
23595,[0.16011804 0.61362256],23,20,"[0.18632471116193938, 0.6470504651095214]",1,-1
23596,[0.23320794 0.65202827],23,40,"[0.24325605379412626, 0.6063462149687255]",1,-1
23597,[0.25616271 0.64234342],23,40,"[0.24325605379412626, 0.6063462149687255]",1,-1
23598,[0.23277464 0.60405231],23,40,"[0.24325605379412626, 0.6063462149687255]",1,-1
23599,[0.29097049 0.64896872],23,8,"[0.26852263019242567, 0.6890353589332484]",1,-1
23600,[0.21552954 0.65371978],23,20,"[0.18632471116193938, 0.6470504651095214]",1,-1
23601,[0.21170858 0.63187307],23,20,"[0.18632471116193938, 0.6470504651095214]",1,-1
23602,[0.29824103 0.58042889],23,44,"[0.30505443145580996, 0.5938366826632161]",1,-1
23603,[0.29450585 0.68455975],23,8,"[0.26852263019242567, 0.6890353589332484]",1,-1
23604,[0.20238871 0.73277992],23,24,"[0.2219823769694232, 0.7523883708842017]",1,-1
23605,[0.23449406 0.68414414],23,8,"[0.26852263019242567, 0.6890353589332484]",1,15
23606,[0.24883186 0.61098184],23,40,"[0.24325605379412626, 0.6063462149687255]",1,-1
23607,[0.24395609 0.6632359 ],23,8,"[0.26852263019242567, 0.6890353589332484]",1,-1
23608,[0.24639958 0.66941841],23,8,"[0.26852263019242567, 0.6890353589332484]",1,-1
23609,[0.14797514 0.70381185],23,33,"[0.14360528745911366, 0.7361289007486289]",1,-1
23610,[0.26752763 0.60647988],23,40,"[0.24325605379412626, 0.6063462149687255]",1,-1
23611,[0.22302927 0.57683865],23,40,"[0.24325605379412626, 0.6063462149687255]",1,-1
23612,[0.2539437  0.68515926],23,8,"[0.26852263019242567, 0.6890353589332484]",1,-1
23613,[0.29734681 0.64150662],23,44,"[0.30505443145580996, 0.5938366826632161]",1,-1
23614,[0.16059362 0.56651092],23,49,"[0.14893778703439292, 0.5666898184239806]",1,-1
23615,[0.15472591 0.57915828],23,49,"[0.14893778703439292, 0.5666898184239806]",1,-1
23616,[0.20592697 0.6165655 ],23,20,"[0.18632471116193938, 0.6470504651095214]",1,-1
23617,[0.23245479 0.67348963],23,8,"[0.26852263019242567, 0.6890353589332484]",1,-1
23618,[0.30491581 0.59097146],23,44,"[0.30505443145580996, 0.5938366826632161]",1,-1
23619,[0.31437375 0.6165836 ],23,44,"[0.30505443145580996, 0.5938366826632161]",1,-1
23620,[0.17535108 0.63563882],23,20,"[0.18632471116193938, 0.6470504651095214]",1,-1
23621,[0.31608168 0.59411531],23,44,"[0.30505443145580996, 0.5938366826632161]",1,-1
23622,[0.28287471 0.69679983],23,8,"[0.26852263019242567, 0.6890353589332484]",1,18
23623,[0.26261963 0.55377626],23,40,"[0.24325605379412626, 0.6063462149687255]",1,-1
23624,[0.15706057 0.60202468],23,49,"[0.14893778703439292, 0.5666898184239806]",1,-1
23625,[0.35168215 0.54161249],23,25,"[0.38660465276603295, 0.5871767558758164]",1,-1
23626,[0.27257157 0.57456871],23,44,"[0.30505443145580996, 0.5938366826632161]",1,-1
23627,[0.22804679 0.62916036],23,40,"[0.24325605379412626, 0.6063462149687255]",1,-1
23628,[0.20718566 0.67730453],23,20,"[0.18632471116193938, 0.6470504651095214]",1,-1
23629,[0.23837639 0.62842283],23,40,"[0.24325605379412626, 0.6063462149687255]",1,11
23630,[0.23751091 0.54806601],23,40,"[0.24325605379412626, 0.6063462149687255]",1,-1
23631,[0.34346089 0.55583861],23,25,"[0.38660465276603295, 0.5871767558758164]",1,-1
23632,[0.24826382 0.62773086],23,40,"[0.24325605379412626, 0.6063462149687255]",1,-1
23633,[0.21936153 0.54251959],23,17,"[0.19949257984775934, 0.47737458183782433]",1,-1
23634,[0.24678573 0.62941528],23,40,"[0.24325605379412626, 0.6063462149687255]",1,-1
23635,[0.19855688 0.58708651],23,40,"[0.24325605379412626, 0.6063462149687255]",1,-1
23636,[0.1662965 0.5567676],23,49,"[0.14893778703439292, 0.5666898184239806]",1,-1
23637,[0.25442015 0.53208452],23,-1,-1,1,-1
23638,[0.23470714 0.62229697],23,40,"[0.24325605379412626, 0.6063462149687255]",1,-1
23639,[0.24313139 0.52881578],23,17,"[0.19949257984775934, 0.47737458183782433]",1,-1
23640,[0.20573174 0.65338333],23,20,"[0.18632471116193938, 0.6470504651095214]",1,-1
23641,[0.32528602 0.68940938],23,19,"[0.3585209611110644, 0.671407469606326]",1,-1
23642,[0.23174066 0.63847885],23,40,"[0.24325605379412626, 0.6063462149687255]",1,-1
23643,[0.22585928 0.5552814 ],23,40,"[0.24325605379412626, 0.6063462149687255]",1,-1
23644,[0.2811058  0.65492188],23,8,"[0.26852263019242567, 0.6890353589332484]",1,-1
23645,[0.26898856 0.65028402],23,8,"[0.26852263019242567, 0.6890353589332484]",1,16
23646,[0.20692585 0.61403356],23,40,"[0.24325605379412626, 0.6063462149687255]",1,-1
23647,[0.26783823 0.6494781 ],23,8,"[0.26852263019242567, 0.6890353589332484]",1,16
23648,[0.26750323 0.66477774],23,8,"[0.26852263019242567, 0.6890353589332484]",1,17
23649,[0.27154151 0.65929534],23,8,"[0.26852263019242567, 0.6890353589332484]",1,-1
23650,[0.2290488  0.65945727],23,20,"[0.18632471116193938, 0.6470504651095214]",1,-1
23651,[0.23402087 0.51344399],23,17,"[0.19949257984775934, 0.47737458183782433]",1,-1
23652,[0.20150006 0.63736732],23,20,"[0.18632471116193938, 0.6470504651095214]",1,-1
23653,[0.19150284 0.72979136],23,24,"[0.2219823769694232, 0.7523883708842017]",1,-1
23654,[0.24857159 0.58727411],23,40,"[0.24325605379412626, 0.6063462149687255]",1,-1
23655,[0.19865162 0.5633188 ],23,49,"[0.14893778703439292, 0.5666898184239806]",1,-1
23656,[0.28177647 0.62868475],23,44,"[0.30505443145580996, 0.5938366826632161]",1,-1
23657,[0.26220174 0.66104663],23,8,"[0.26852263019242567, 0.6890353589332484]",1,-1
23658,[0.31252626 0.59601796],23,44,"[0.30505443145580996, 0.5938366826632161]",1,-1
23659,[0.19367627 0.70176639],23,20,"[0.18632471116193938, 0.6470504651095214]",1,-1
23660,[0.17871253 0.61466684],23,20,"[0.18632471116193938, 0.6470504651095214]",1,-1
23661,[0.23451078 0.56427274],23,40,"[0.24325605379412626, 0.6063462149687255]",1,7
23662,[0.25925479 0.61594646],23,40,"[0.24325605379412626, 0.6063462149687255]",1,-1
23663,[0.16408908 0.62043073],23,20,"[0.18632471116193938, 0.6470504651095214]",1,-1
23664,[0.20077306 0.63410488],23,20,"[0.18632471116193938, 0.6470504651095214]",1,-1
23665,[0.19667622 0.76927367],23,24,"[0.2219823769694232, 0.7523883708842017]",1,-1
23666,[0.17596934 0.6463045 ],23,20,"[0.18632471116193938, 0.6470504651095214]",1,-1
23667,[0.26877418 0.64391966],23,8,"[0.26852263019242567, 0.6890353589332484]",1,16
23668,[0.20768477 0.65723702],23,20,"[0.18632471116193938, 0.6470504651095214]",1,-1
23669,[0.23540366 0.64654888],23,40,"[0.24325605379412626, 0.6063462149687255]",1,-1
23670,[0.19760136 0.60626549],23,20,"[0.18632471116193938, 0.6470504651095214]",1,-1
23671,[0.24428649 0.7141312 ],23,8,"[0.26852263019242567, 0.6890353589332484]",1,-1
23672,[0.24957121 0.60709136],23,40,"[0.24325605379412626, 0.6063462149687255]",1,-1
23673,[0.15436153 0.5917305 ],23,49,"[0.14893778703439292, 0.5666898184239806]",1,-1
23674,[0.22035071 0.7123528 ],23,24,"[0.2219823769694232, 0.7523883708842017]",1,14
23675,[0.27222896 0.59453152],23,40,"[0.24325605379412626, 0.6063462149687255]",1,-1
23676,[0.22380645 0.635861  ],23,40,"[0.24325605379412626, 0.6063462149687255]",1,-1
23677,[0.28747433 0.70652591],23,8,"[0.26852263019242567, 0.6890353589332484]",1,18
23678,[0.29120716 0.5378617 ],23,44,"[0.30505443145580996, 0.5938366826632161]",1,-1
23679,[0.18375778 0.74732553],23,24,"[0.2219823769694232, 0.7523883708842017]",1,-1
23680,[0.24148073 0.67473705],23,8,"[0.26852263019242567, 0.6890353589332484]",1,-1
23681,[0.27316423 0.69992502],23,8,"[0.26852263019242567, 0.6890353589332484]",1,18
23682,[0.2609061  0.58580176],23,40,"[0.24325605379412626, 0.6063462149687255]",1,-1
23683,[0.24622694 0.67953241],23,8,"[0.26852263019242567, 0.6890353589332484]",1,-1
23684,[0.17814664 0.6909779 ],23,20,"[0.18632471116193938, 0.6470504651095214]",1,-1
23685,[0.25945426 0.68714   ],23,8,"[0.26852263019242567, 0.6890353589332484]",1,-1
23686,[0.25131202 0.6771184 ],23,8,"[0.26852263019242567, 0.6890353589332484]",1,-1
23687,[0.18512372 0.68468529],23,20,"[0.18632471116193938, 0.6470504651095214]",1,-1
23688,[0.24776255 0.67967087],23,8,"[0.26852263019242567, 0.6890353589332484]",1,-1
23689,[0.24035708 0.68278643],23,8,"[0.26852263019242567, 0.6890353589332484]",1,-1
23690,[0.24592028 0.61694813],23,40,"[0.24325605379412626, 0.6063462149687255]",1,-1
23691,[0.21757572 0.50947108],23,17,"[0.19949257984775934, 0.47737458183782433]",1,-1
23692,[0.15244989 0.66349504],23,20,"[0.18632471116193938, 0.6470504651095214]",1,-1
23693,[0.22857874 0.62315436],23,40,"[0.24325605379412626, 0.6063462149687255]",1,-1
23694,[0.26695714 0.67627146],23,8,"[0.26852263019242567, 0.6890353589332484]",1,-1
23695,[0.29809752 0.67261316],23,8,"[0.26852263019242567, 0.6890353589332484]",1,17
23696,[0.3133803  0.64996186],23,19,"[0.3585209611110644, 0.671407469606326]",1,-1
23697,[0.21422306 0.54833434],23,40,"[0.24325605379412626, 0.6063462149687255]",1,-1
23698,[0.26042813 0.61440789],23,40,"[0.24325605379412626, 0.6063462149687255]",1,-1
23699,[0.2511872  0.58729214],23,40,"[0.24325605379412626, 0.6063462149687255]",1,-1
23700,[0.24403605 0.64267514],23,40,"[0.24325605379412626, 0.6063462149687255]",1,-1
23701,[0.20886123 0.6053326 ],23,40,"[0.24325605379412626, 0.6063462149687255]",1,-1
23702,[0.29994853 0.6689122 ],23,8,"[0.26852263019242567, 0.6890353589332484]",1,-1
23703,[0.2646022  0.63426977],23,40,"[0.24325605379412626, 0.6063462149687255]",1,-1
23704,[0.31323778 0.70129968],23,8,"[0.26852263019242567, 0.6890353589332484]",1,-1
23705,[0.26281252 0.70199125],23,8,"[0.26852263019242567, 0.6890353589332484]",1,-1
23706,[0.20114077 0.63704396],23,20,"[0.18632471116193938, 0.6470504651095214]",1,-1
23707,[0.2601915  0.69856287],23,8,"[0.26852263019242567, 0.6890353589332484]",1,-1
23708,[0.2576369  0.68416736],23,8,"[0.26852263019242567, 0.6890353589332484]",1,-1
23709,[0.2084004  0.63106333],23,20,"[0.18632471116193938, 0.6470504651095214]",1,-1
23710,[0.26975978 0.63741072],23,40,"[0.24325605379412626, 0.6063462149687255]",1,-1
23711,[0.23770059 0.61426341],23,40,"[0.24325605379412626, 0.6063462149687255]",1,-1
23712,[0.23596955 0.62433183],23,40,"[0.24325605379412626, 0.6063462149687255]",1,-1
23713,[0.30999422 0.62724458],23,44,"[0.30505443145580996, 0.5938366826632161]",1,-1
23714,[0.29738972 0.58733079],23,44,"[0.30505443145580996, 0.5938366826632161]",1,-1
23715,[0.2537111  0.57412612],23,40,"[0.24325605379412626, 0.6063462149687255]",1,-1
23716,[0.26091332 0.60376156],23,40,"[0.24325605379412626, 0.6063462149687255]",1,-1
23717,[0.20856244 0.74595461],23,24,"[0.2219823769694232, 0.7523883708842017]",1,-1
23718,[0.17840803 0.58721937],23,49,"[0.14893778703439292, 0.5666898184239806]",1,-1
23719,[0.23963055 0.63650837],23,40,"[0.24325605379412626, 0.6063462149687255]",1,11
23720,[0.16392909 0.66726938],23,20,"[0.18632471116193938, 0.6470504651095214]",1,-1
23721,[0.31392508 0.57061353],23,44,"[0.30505443145580996, 0.5938366826632161]",1,-1
23722,[0.21632248 0.62395944],23,40,"[0.24325605379412626, 0.6063462149687255]",1,-1
23723,[0.16157175 0.6873488 ],23,20,"[0.18632471116193938, 0.6470504651095214]",1,-1
23724,[0.15255946 0.62952336],23,20,"[0.18632471116193938, 0.6470504651095214]",1,-1
23725,[0.2035036  0.62345785],23,20,"[0.18632471116193938, 0.6470504651095214]",1,-1
23726,[0.20652015 0.61816573],23,20,"[0.18632471116193938, 0.6470504651095214]",1,-1
23727,[0.17845073 0.5101649 ],23,17,"[0.19949257984775934, 0.47737458183782433]",1,-1
23728,[0.20696883 0.71230233],23,24,"[0.2219823769694232, 0.7523883708842017]",1,-1
23729,[0.27503638 0.63720771],23,40,"[0.24325605379412626, 0.6063462149687255]",1,-1
23730,[0.16775019 0.65004311],23,20,"[0.18632471116193938, 0.6470504651095214]",1,-1
23731,[0.18388543 0.64082282],23,20,"[0.18632471116193938, 0.6470504651095214]",1,-1
23732,[0.22530729 0.67980386],23,8,"[0.26852263019242567, 0.6890353589332484]",1,15
23733,[0.23141818 0.57833506],23,40,"[0.24325605379412626, 0.6063462149687255]",1,-1
23734,[0.13263632 0.6362728 ],23,20,"[0.18632471116193938, 0.6470504651095214]",1,-1
23735,[0.22853525 0.5642137 ],23,40,"[0.24325605379412626, 0.6063462149687255]",1,7
23736,[0.17969772 0.56691829],23,49,"[0.14893778703439292, 0.5666898184239806]",1,-1
23737,[0.21922583 0.71345029],23,24,"[0.2219823769694232, 0.7523883708842017]",1,14
23738,[0.26815235 0.62054778],23,40,"[0.24325605379412626, 0.6063462149687255]",1,-1
23739,[0.22597619 0.56528825],23,40,"[0.24325605379412626, 0.6063462149687255]",1,-1
23740,[0.27155788 0.62280519],23,40,"[0.24325605379412626, 0.6063462149687255]",1,-1
23741,[0.21230416 0.62143711],23,40,"[0.24325605379412626, 0.6063462149687255]",1,-1
23742,[0.23339907 0.66189429],23,8,"[0.26852263019242567, 0.6890353589332484]",1,-1
23743,[0.27475914 0.77413163],23,12,"[0.3169063637449832, 0.8033325636066986]",1,-1
23744,[0.28465277 0.59641293],23,44,"[0.30505443145580996, 0.5938366826632161]",1,-1
23745,[0.26943375 0.7042656 ],23,8,"[0.26852263019242567, 0.6890353589332484]",1,-1
23746,[0.24171421 0.61543429],23,40,"[0.24325605379412626, 0.6063462149687255]",1,-1
23747,[0.23209328 0.55692704],23,40,"[0.24325605379412626, 0.6063462149687255]",1,-1
23748,[0.16221743 0.70258497],23,33,"[0.14360528745911366, 0.7361289007486289]",1,-1
23749,[0.19695138 0.61902999],23,20,"[0.18632471116193938, 0.6470504651095214]",1,-1
23750,[0.28994752 0.58270441],23,44,"[0.30505443145580996, 0.5938366826632161]",1,-1
23751,[0.21322581 0.49186093],23,17,"[0.19949257984775934, 0.47737458183782433]",1,-1
23752,[0.21774413 0.65061998],23,20,"[0.18632471116193938, 0.6470504651095214]",1,-1
23753,[0.18806328 0.70315133],23,33,"[0.14360528745911366, 0.7361289007486289]",1,-1
23754,[0.33070119 0.61755735],23,44,"[0.30505443145580996, 0.5938366826632161]",1,-1
23755,[0.21423013 0.6438518 ],23,20,"[0.18632471116193938, 0.6470504651095214]",1,10
23756,[0.22760299 0.65448637],23,20,"[0.18632471116193938, 0.6470504651095214]",1,-1
23757,[0.16828432 0.67334844],23,20,"[0.18632471116193938, 0.6470504651095214]",1,-1
23758,[0.27455422 0.67959517],23,8,"[0.26852263019242567, 0.6890353589332484]",1,-1
23759,[0.14264862 0.57133725],23,49,"[0.14893778703439292, 0.5666898184239806]",1,-1
23760,[0.23138107 0.59493952],23,40,"[0.24325605379412626, 0.6063462149687255]",1,-1
23761,[0.13866798 0.69642734],23,33,"[0.14360528745911366, 0.7361289007486289]",1,-1
23762,[0.22857085 0.66911011],23,8,"[0.26852263019242567, 0.6890353589332484]",1,15
23763,[0.25330687 0.50929278],23,17,"[0.19949257984775934, 0.47737458183782433]",1,-1
23764,[0.20616409 0.64616097],23,20,"[0.18632471116193938, 0.6470504651095214]",1,-1
23765,[0.24103547 0.63692985],23,40,"[0.24325605379412626, 0.6063462149687255]",1,11
23766,[0.24223152 0.56655156],23,40,"[0.24325605379412626, 0.6063462149687255]",1,-1
23767,[0.23989423 0.63885275],23,40,"[0.24325605379412626, 0.6063462149687255]",1,11
23768,[0.23953511 0.68843589],23,8,"[0.26852263019242567, 0.6890353589332484]",1,-1
23769,[0.25260497 0.70184482],23,8,"[0.26852263019242567, 0.6890353589332484]",1,-1
23770,[0.19654525 0.57539188],23,49,"[0.14893778703439292, 0.5666898184239806]",1,-1
23771,[0.27534368 0.6065378 ],23,40,"[0.24325605379412626, 0.6063462149687255]",1,-1
23772,[0.09607202 0.60311953],23,49,"[0.14893778703439292, 0.5666898184239806]",1,-1
23773,[0.23369102 0.59859953],23,40,"[0.24325605379412626, 0.6063462149687255]",1,-1
23774,[0.22487755 0.66091083],23,20,"[0.18632471116193938, 0.6470504651095214]",1,-1
23775,[0.19153113 0.5873066 ],23,49,"[0.14893778703439292, 0.5666898184239806]",1,-1
23776,[0.30187582 0.56370903],23,44,"[0.30505443145580996, 0.5938366826632161]",1,-1
23777,[0.28019269 0.60615765],23,44,"[0.30505443145580996, 0.5938366826632161]",1,-1
23778,[0.22198395 0.66634797],23,20,"[0.18632471116193938, 0.6470504651095214]",1,15
23779,[0.22166722 0.61405644],23,40,"[0.24325605379412626, 0.6063462149687255]",1,-1
23780,[0.26612394 0.6545319 ],23,8,"[0.26852263019242567, 0.6890353589332484]",1,-1
23781,[0.24795083 0.59562966],23,40,"[0.24325605379412626, 0.6063462149687255]",1,-1
23782,[0.20902918 0.59332061],23,40,"[0.24325605379412626, 0.6063462149687255]",1,-1
23783,[0.19259682 0.59782194],23,20,"[0.18632471116193938, 0.6470504651095214]",1,-1
23784,[0.19186298 0.57735649],23,49,"[0.14893778703439292, 0.5666898184239806]",1,-1
23785,[0.21999583 0.66034884],23,20,"[0.18632471116193938, 0.6470504651095214]",1,-1
23786,[0.22051788 0.62536989],23,40,"[0.24325605379412626, 0.6063462149687255]",1,-1
23787,[0.24032165 0.60857364],23,40,"[0.24325605379412626, 0.6063462149687255]",1,-1
23788,[0.25537103 0.61303683],23,40,"[0.24325605379412626, 0.6063462149687255]",1,-1
23789,[0.29243714 0.69715011],23,8,"[0.26852263019242567, 0.6890353589332484]",1,-1
23790,[0.29532617 0.62609861],23,44,"[0.30505443145580996, 0.5938366826632161]",1,-1
23791,[0.22861607 0.63952221],23,40,"[0.24325605379412626, 0.6063462149687255]",1,-1
23792,[0.15757022 0.62111218],23,20,"[0.18632471116193938, 0.6470504651095214]",1,-1
23793,[0.22401671 0.56663695],23,40,"[0.24325605379412626, 0.6063462149687255]",1,-1
23794,[0.20711476 0.61913313],23,20,"[0.18632471116193938, 0.6470504651095214]",1,-1
23795,[0.20622376 0.67403901],23,20,"[0.18632471116193938, 0.6470504651095214]",1,-1
23796,[0.18603371 0.56979177],23,49,"[0.14893778703439292, 0.5666898184239806]",1,-1
23797,[0.15789943 0.71175988],23,33,"[0.14360528745911366, 0.7361289007486289]",1,-1
23798,[0.18063271 0.61064097],23,20,"[0.18632471116193938, 0.6470504651095214]",1,-1
23799,[0.22682771 0.64263064],23,40,"[0.24325605379412626, 0.6063462149687255]",1,-1
23800,[0.27175803 0.64354196],23,8,"[0.26852263019242567, 0.6890353589332484]",1,-1
23801,[0.28227726 0.66589676],23,8,"[0.26852263019242567, 0.6890353589332484]",1,-1
23802,[0.20569512 0.72755141],23,24,"[0.2219823769694232, 0.7523883708842017]",1,-1
23803,[0.23796078 0.52664265],23,17,"[0.19949257984775934, 0.47737458183782433]",1,-1
23804,[0.21874612 0.67234083],23,20,"[0.18632471116193938, 0.6470504651095214]",1,-1
23805,[0.19258452 0.6656837 ],23,20,"[0.18632471116193938, 0.6470504651095214]",1,-1
23806,[0.1852075  0.64345888],23,20,"[0.18632471116193938, 0.6470504651095214]",1,-1
23807,[0.22082378 0.66823611],23,20,"[0.18632471116193938, 0.6470504651095214]",1,15
23808,[0.10403529 0.64822242],23,-1,-1,1,-1
23809,[0.16809832 0.71250222],23,33,"[0.14360528745911366, 0.7361289007486289]",1,-1
23810,[0.17111466 0.61890925],23,20,"[0.18632471116193938, 0.6470504651095214]",1,-1
23811,[0.26128379 0.72178692],23,8,"[0.26852263019242567, 0.6890353589332484]",1,-1
23812,[0.17421142 0.55115979],23,49,"[0.14893778703439292, 0.5666898184239806]",1,-1
23813,[0.2183184  0.57827846],23,40,"[0.24325605379412626, 0.6063462149687255]",1,7
23814,[0.21469671 0.55430762],23,40,"[0.24325605379412626, 0.6063462149687255]",1,-1
23815,[0.30228266 0.63118287],23,44,"[0.30505443145580996, 0.5938366826632161]",1,-1
23816,[0.29568628 0.70275935],23,8,"[0.26852263019242567, 0.6890353589332484]",1,18
23817,[0.26358193 0.64975556],23,8,"[0.26852263019242567, 0.6890353589332484]",1,16
23818,[0.29348275 0.62091621],23,44,"[0.30505443145580996, 0.5938366826632161]",1,-1
23819,[0.16175852 0.69701532],23,33,"[0.14360528745911366, 0.7361289007486289]",1,-1
23820,[0.25888015 0.6513485 ],23,8,"[0.26852263019242567, 0.6890353589332484]",1,16
23821,[0.20864577 0.59287015],23,40,"[0.24325605379412626, 0.6063462149687255]",1,-1
23822,[0.21925817 0.61870988],23,40,"[0.24325605379412626, 0.6063462149687255]",1,-1
23823,[0.19155432 0.67860724],23,20,"[0.18632471116193938, 0.6470504651095214]",1,-1
23824,[0.17602106 0.66952156],23,20,"[0.18632471116193938, 0.6470504651095214]",1,-1
23825,[0.19669166 0.61545364],23,20,"[0.18632471116193938, 0.6470504651095214]",1,-1
23826,[0.19986631 0.63786415],23,20,"[0.18632471116193938, 0.6470504651095214]",1,-1
23827,[0.2381218  0.67941458],23,8,"[0.26852263019242567, 0.6890353589332484]",1,-1
23828,[0.29145033 0.71808211],23,8,"[0.26852263019242567, 0.6890353589332484]",1,-1
23829,[0.2284767  0.61678794],23,40,"[0.24325605379412626, 0.6063462149687255]",1,-1
23830,[0.31476731 0.53612821],23,44,"[0.30505443145580996, 0.5938366826632161]",1,-1
23831,[0.14415135 0.68790095],23,33,"[0.14360528745911366, 0.7361289007486289]",1,-1
23832,[0.26830363 0.5532362 ],23,44,"[0.30505443145580996, 0.5938366826632161]",1,-1
23833,[0.30738207 0.64093292],23,44,"[0.30505443145580996, 0.5938366826632161]",1,-1
23834,[0.15847025 0.68030107],23,20,"[0.18632471116193938, 0.6470504651095214]",1,-1
23835,[0.25075056 0.59026005],23,40,"[0.24325605379412626, 0.6063462149687255]",1,-1
23836,[0.22408188 0.73911947],23,24,"[0.2219823769694232, 0.7523883708842017]",1,14
23837,[0.26453474 0.65431207],23,8,"[0.26852263019242567, 0.6890353589332484]",1,-1
23838,[0.30394715 0.58315109],23,44,"[0.30505443145580996, 0.5938366826632161]",1,-1
23839,[0.25311755 0.5965618 ],23,40,"[0.24325605379412626, 0.6063462149687255]",1,-1
23840,[0.21523842 0.68855246],23,20,"[0.18632471116193938, 0.6470504651095214]",1,-1
23841,[0.33169672 0.59837264],23,44,"[0.30505443145580996, 0.5938366826632161]",1,-1
23842,[0.21477061 0.57598989],23,40,"[0.24325605379412626, 0.6063462149687255]",1,7
23843,[0.25146868 0.61840854],23,40,"[0.24325605379412626, 0.6063462149687255]",1,-1
23844,[0.21716117 0.54886741],23,40,"[0.24325605379412626, 0.6063462149687255]",1,-1
23845,[0.21565288 0.61624794],23,40,"[0.24325605379412626, 0.6063462149687255]",1,-1
23846,[0.26787692 0.63249639],23,40,"[0.24325605379412626, 0.6063462149687255]",1,-1
23847,[0.25206694 0.68938234],23,8,"[0.26852263019242567, 0.6890353589332484]",1,-1
23848,[0.30186945 0.58147648],23,44,"[0.30505443145580996, 0.5938366826632161]",1,-1
23849,[0.23084141 0.61432041],23,40,"[0.24325605379412626, 0.6063462149687255]",1,-1
23850,[0.30939948 0.49223573],23,13,"[0.32294489274299887, 0.4620611538839558]",1,-1
23851,[0.24589502 0.61086143],23,40,"[0.24325605379412626, 0.6063462149687255]",1,-1
23852,[0.19441689 0.62520485],23,20,"[0.18632471116193938, 0.6470504651095214]",1,-1
23853,[0.16051844 0.64243234],23,20,"[0.18632471116193938, 0.6470504651095214]",1,-1
23854,[0.25135345 0.6490536 ],23,40,"[0.24325605379412626, 0.6063462149687255]",1,-1
23855,[0.28021809 0.58968167],23,44,"[0.30505443145580996, 0.5938366826632161]",1,-1
23856,[0.30031998 0.61229033],23,44,"[0.30505443145580996, 0.5938366826632161]",1,-1
23857,[0.23622569 0.64501476],23,40,"[0.24325605379412626, 0.6063462149687255]",1,-1
23858,[0.22634695 0.5775242 ],23,40,"[0.24325605379412626, 0.6063462149687255]",1,7
23859,[0.2669217 0.629086 ],23,40,"[0.24325605379412626, 0.6063462149687255]",1,-1
23860,[0.21959813 0.61958579],23,40,"[0.24325605379412626, 0.6063462149687255]",1,-1
23861,[0.20287678 0.66954374],23,20,"[0.18632471116193938, 0.6470504651095214]",1,-1
23862,[0.14662772 0.591618  ],23,49,"[0.14893778703439292, 0.5666898184239806]",1,-1
23863,[0.20133896 0.58898228],23,40,"[0.24325605379412626, 0.6063462149687255]",1,-1
23864,[0.35454429 0.65851287],23,19,"[0.3585209611110644, 0.671407469606326]",1,-1
23865,[0.12850754 0.69825972],23,33,"[0.14360528745911366, 0.7361289007486289]",1,-1
23866,[0.19633539 0.6091928 ],23,20,"[0.18632471116193938, 0.6470504651095214]",1,-1
23867,[0.30332475 0.64204123],23,44,"[0.30505443145580996, 0.5938366826632161]",1,-1
23868,[0.23944918 0.64044734],23,40,"[0.24325605379412626, 0.6063462149687255]",1,-1
23869,[0.15748954 0.54858304],23,49,"[0.14893778703439292, 0.5666898184239806]",1,-1
23870,[0.24016815 0.59207225],23,40,"[0.24325605379412626, 0.6063462149687255]",1,-1
23871,[0.28257421 0.6656131 ],23,8,"[0.26852263019242567, 0.6890353589332484]",1,-1
23872,[0.30428089 0.65814147],23,8,"[0.26852263019242567, 0.6890353589332484]",1,-1
23873,[0.25005831 0.6158722 ],23,40,"[0.24325605379412626, 0.6063462149687255]",1,-1
23874,[0.19225503 0.6025919 ],23,20,"[0.18632471116193938, 0.6470504651095214]",1,-1
23875,[0.20793845 0.6977783 ],23,20,"[0.18632471116193938, 0.6470504651095214]",1,13
23876,[0.28765979 0.59081169],23,44,"[0.30505443145580996, 0.5938366826632161]",1,-1
23877,[0.28230343 0.64000837],23,8,"[0.26852263019242567, 0.6890353589332484]",1,-1
23878,[0.27193913 0.63486386],23,40,"[0.24325605379412626, 0.6063462149687255]",1,-1
23879,[0.24858556 0.66586851],23,8,"[0.26852263019242567, 0.6890353589332484]",1,-1
23880,[0.17183418 0.66995898],23,20,"[0.18632471116193938, 0.6470504651095214]",1,-1
23881,[0.22074741 0.53215938],23,17,"[0.19949257984775934, 0.47737458183782433]",1,-1
23882,[0.17795203 0.65264999],23,20,"[0.18632471116193938, 0.6470504651095214]",1,-1
23883,[0.30026666 0.61545764],23,44,"[0.30505443145580996, 0.5938366826632161]",1,-1
23884,[0.33511483 0.6714427 ],23,19,"[0.3585209611110644, 0.671407469606326]",1,-1
23885,[0.17171489 0.68424974],23,20,"[0.18632471116193938, 0.6470504651095214]",1,-1
23886,[0.20898756 0.58185213],23,40,"[0.24325605379412626, 0.6063462149687255]",1,7
23887,[0.21820499 0.64454265],23,20,"[0.18632471116193938, 0.6470504651095214]",1,10
23888,[0.20182333 0.56822138],23,49,"[0.14893778703439292, 0.5666898184239806]",1,-1
23889,[0.23196645 0.68307782],23,8,"[0.26852263019242567, 0.6890353589332484]",1,15
23890,[0.17558563 0.58241502],23,49,"[0.14893778703439292, 0.5666898184239806]",1,-1
23891,[0.14591051 0.64058157],23,20,"[0.18632471116193938, 0.6470504651095214]",1,-1
23892,[0.22087433 0.61685846],23,40,"[0.24325605379412626, 0.6063462149687255]",1,-1
23893,[0.18957972 0.6502043 ],23,20,"[0.18632471116193938, 0.6470504651095214]",1,-1
23894,[0.25951309 0.64960722],23,8,"[0.26852263019242567, 0.6890353589332484]",1,16
23895,[0.17232177 0.6847056 ],23,20,"[0.18632471116193938, 0.6470504651095214]",1,-1
23896,[0.31620946 0.68521027],23,19,"[0.3585209611110644, 0.671407469606326]",1,12
23897,[0.35531191 0.65126381],23,19,"[0.3585209611110644, 0.671407469606326]",1,9
23898,[0.26675808 0.45114311],23,13,"[0.32294489274299887, 0.4620611538839558]",1,29
23899,[0.20258879 0.65209898],23,20,"[0.18632471116193938, 0.6470504651095214]",1,-1
23900,[0.26514732 0.56893238],23,40,"[0.24325605379412626, 0.6063462149687255]",1,-1
23901,[0.18187622 0.61593704],23,20,"[0.18632471116193938, 0.6470504651095214]",1,-1
23902,[0.24620659 0.69353154],23,8,"[0.26852263019242567, 0.6890353589332484]",1,-1
23903,[0.17356056 0.62573411],23,20,"[0.18632471116193938, 0.6470504651095214]",1,-1
23904,[0.25454213 0.61434377],23,40,"[0.24325605379412626, 0.6063462149687255]",1,-1
23905,[0.2923915  0.59974724],23,44,"[0.30505443145580996, 0.5938366826632161]",1,-1
23906,[0.27462912 0.62691019],23,40,"[0.24325605379412626, 0.6063462149687255]",1,-1
23907,[0.26331806 0.62773618],23,40,"[0.24325605379412626, 0.6063462149687255]",1,-1
23908,[0.20090673 0.67520102],23,20,"[0.18632471116193938, 0.6470504651095214]",1,-1
23909,[0.3109259  0.59349237],23,44,"[0.30505443145580996, 0.5938366826632161]",1,-1
23910,[0.289977   0.61045129],23,44,"[0.30505443145580996, 0.5938366826632161]",1,-1
23911,[0.22763261 0.56496694],23,40,"[0.24325605379412626, 0.6063462149687255]",1,7
23912,[0.17258731 0.65976002],23,20,"[0.18632471116193938, 0.6470504651095214]",1,-1
23913,[0.22481023 0.66902151],23,20,"[0.18632471116193938, 0.6470504651095214]",1,15
23914,[0.28336315 0.64897565],23,8,"[0.26852263019242567, 0.6890353589332484]",1,-1
23915,[0.28748843 0.60765399],23,44,"[0.30505443145580996, 0.5938366826632161]",1,-1
23916,[0.18457186 0.65240059],23,20,"[0.18632471116193938, 0.6470504651095214]",1,-1
23917,[0.18011727 0.7570939 ],23,33,"[0.14360528745911366, 0.7361289007486289]",1,-1
23918,[0.27704062 0.58490455],23,44,"[0.30505443145580996, 0.5938366826632161]",1,-1
23919,[0.17133618 0.61080149],23,20,"[0.18632471116193938, 0.6470504651095214]",1,-1
23920,[0.25771548 0.591027  ],23,40,"[0.24325605379412626, 0.6063462149687255]",1,-1
23921,[0.24486673 0.65317939],23,8,"[0.26852263019242567, 0.6890353589332484]",1,-1
23922,[0.18035607 0.61994723],23,20,"[0.18632471116193938, 0.6470504651095214]",1,-1
23923,[0.20919189 0.5932471 ],23,40,"[0.24325605379412626, 0.6063462149687255]",1,-1
23924,[0.35450174 0.69097576],23,19,"[0.3585209611110644, 0.671407469606326]",1,-1
23925,[0.25609399 0.66206299],23,8,"[0.26852263019242567, 0.6890353589332484]",1,-1
23926,[0.22357205 0.6499653 ],23,20,"[0.18632471116193938, 0.6470504651095214]",1,-1
23927,[0.13486342 0.5774049 ],23,49,"[0.14893778703439292, 0.5666898184239806]",1,-1
23928,[0.22247326 0.68114886],23,8,"[0.26852263019242567, 0.6890353589332484]",1,-1
23929,[0.22461476 0.62995141],23,40,"[0.24325605379412626, 0.6063462149687255]",1,-1
23930,[0.27999147 0.66190386],23,8,"[0.26852263019242567, 0.6890353589332484]",1,-1
23931,[0.22603578 0.63276909],23,40,"[0.24325605379412626, 0.6063462149687255]",1,-1
23932,[0.27751815 0.65417478],23,8,"[0.26852263019242567, 0.6890353589332484]",1,-1
23933,[0.25161712 0.56664607],23,40,"[0.24325605379412626, 0.6063462149687255]",1,-1
23934,[0.33076468 0.65549697],23,19,"[0.3585209611110644, 0.671407469606326]",1,-1
23935,[0.19589189 0.71218713],23,24,"[0.2219823769694232, 0.7523883708842017]",1,-1
23936,[0.19193887 0.70967056],23,24,"[0.2219823769694232, 0.7523883708842017]",1,-1
23937,[0.17276049 0.7032862 ],23,33,"[0.14360528745911366, 0.7361289007486289]",1,-1
23938,[0.17825618 0.59605632],23,49,"[0.14893778703439292, 0.5666898184239806]",1,-1
23939,[0.19477988 0.61055861],23,20,"[0.18632471116193938, 0.6470504651095214]",1,-1
23940,[0.29307728 0.72088993],23,8,"[0.26852263019242567, 0.6890353589332484]",1,-1
23941,[0.28461683 0.70916589],23,8,"[0.26852263019242567, 0.6890353589332484]",1,-1
23942,[0.24760554 0.65321082],23,8,"[0.26852263019242567, 0.6890353589332484]",1,-1
23943,[0.19219225 0.61304112],23,20,"[0.18632471116193938, 0.6470504651095214]",1,-1
23944,[0.24096987 0.65866259],23,8,"[0.26852263019242567, 0.6890353589332484]",1,-1
23945,[0.21500097 0.60139137],23,40,"[0.24325605379412626, 0.6063462149687255]",1,-1
23946,[0.26485394 0.60535666],23,40,"[0.24325605379412626, 0.6063462149687255]",1,-1
23947,[0.285609   0.73707639],23,8,"[0.26852263019242567, 0.6890353589332484]",1,-1
23948,[0.25421931 0.70494222],23,8,"[0.26852263019242567, 0.6890353589332484]",1,-1
23949,[0.18467752 0.60813807],23,20,"[0.18632471116193938, 0.6470504651095214]",1,-1
23950,[0.2095307  0.56297771],23,40,"[0.24325605379412626, 0.6063462149687255]",1,-1
23951,[0.23812295 0.66007103],23,8,"[0.26852263019242567, 0.6890353589332484]",1,-1
23952,[0.27130675 0.61762476],23,40,"[0.24325605379412626, 0.6063462149687255]",1,-1
23953,[0.27569688 0.64083878],23,40,"[0.24325605379412626, 0.6063462149687255]",1,-1
23954,[0.16830864 0.71657736],23,33,"[0.14360528745911366, 0.7361289007486289]",1,-1
23955,[0.27192395 0.66232684],23,8,"[0.26852263019242567, 0.6890353589332484]",1,-1
23956,[0.31811265 0.59988257],23,44,"[0.30505443145580996, 0.5938366826632161]",1,-1
23957,[0.32436269 0.54540782],23,44,"[0.30505443145580996, 0.5938366826632161]",1,-1
23958,[0.18291884 0.54521325],23,49,"[0.14893778703439292, 0.5666898184239806]",1,-1
23959,[0.29531645 0.63995093],23,44,"[0.30505443145580996, 0.5938366826632161]",1,-1
23960,[0.34209289 0.63441977],23,19,"[0.3585209611110644, 0.671407469606326]",1,-1
23961,[0.20488204 0.65569465],23,20,"[0.18632471116193938, 0.6470504651095214]",1,-1
23962,[0.2064975  0.67737771],23,20,"[0.18632471116193938, 0.6470504651095214]",1,-1
23963,[0.21440255 0.56612075],23,40,"[0.24325605379412626, 0.6063462149687255]",1,-1
23964,[0.22535203 0.62887864],23,40,"[0.24325605379412626, 0.6063462149687255]",1,-1
23965,[0.20287226 0.62286372],23,20,"[0.18632471116193938, 0.6470504651095214]",1,-1
23966,[0.18775792 0.57740081],23,49,"[0.14893778703439292, 0.5666898184239806]",1,-1
23967,[0.36767633 0.64867343],23,19,"[0.3585209611110644, 0.671407469606326]",1,-1
23968,[0.19833668 0.71477209],23,24,"[0.2219823769694232, 0.7523883708842017]",1,-1
23969,[0.24590335 0.59479053],23,40,"[0.24325605379412626, 0.6063462149687255]",1,-1
23970,[0.21293434 0.69952565],23,24,"[0.2219823769694232, 0.7523883708842017]",1,-1
23971,[0.29007927 0.53720034],23,44,"[0.30505443145580996, 0.5938366826632161]",1,-1
23972,[0.30254152 0.59794365],23,44,"[0.30505443145580996, 0.5938366826632161]",1,-1
23973,[0.28152856 0.6515552 ],23,8,"[0.26852263019242567, 0.6890353589332484]",1,-1
23974,[0.27414364 0.66035745],23,8,"[0.26852263019242567, 0.6890353589332484]",1,-1
23975,[0.1805619 0.6035417],23,20,"[0.18632471116193938, 0.6470504651095214]",1,-1
23976,[0.28264441 0.67757081],23,8,"[0.26852263019242567, 0.6890353589332484]",1,-1
23977,[0.25442328 0.64305456],23,40,"[0.24325605379412626, 0.6063462149687255]",1,-1
23978,[0.15708549 0.71361984],23,33,"[0.14360528745911366, 0.7361289007486289]",1,-1
23979,[0.29846821 0.62017528],23,44,"[0.30505443145580996, 0.5938366826632161]",1,-1
23980,[0.19305616 0.53018592],23,17,"[0.19949257984775934, 0.47737458183782433]",1,-1
23981,[0.25459774 0.66347191],23,8,"[0.26852263019242567, 0.6890353589332484]",1,-1
23982,[0.23561342 0.59404819],23,40,"[0.24325605379412626, 0.6063462149687255]",1,-1
23983,[0.21686164 0.64804429],23,20,"[0.18632471116193938, 0.6470504651095214]",1,10
23984,[0.29026179 0.70947278],23,8,"[0.26852263019242567, 0.6890353589332484]",1,18
23985,[0.2121339  0.63821581],23,20,"[0.18632471116193938, 0.6470504651095214]",1,10
23986,[0.2269235  0.63974154],23,40,"[0.24325605379412626, 0.6063462149687255]",1,-1
23987,[0.23904659 0.64449503],23,40,"[0.24325605379412626, 0.6063462149687255]",1,-1
23988,[0.17371036 0.65059036],23,20,"[0.18632471116193938, 0.6470504651095214]",1,-1
23989,[0.2224908  0.61363572],23,40,"[0.24325605379412626, 0.6063462149687255]",1,-1
23990,[0.17958487 0.64249718],23,20,"[0.18632471116193938, 0.6470504651095214]",1,-1
23991,[0.16007507 0.661618  ],23,20,"[0.18632471116193938, 0.6470504651095214]",1,-1
23992,[0.38311027 0.65373864],23,19,"[0.3585209611110644, 0.671407469606326]",1,-1
23993,[0.25515991 0.69489584],23,8,"[0.26852263019242567, 0.6890353589332484]",1,-1
23994,[0.12838944 0.63893208],23,20,"[0.18632471116193938, 0.6470504651095214]",1,-1
23995,[0.19632743 0.61119083],23,20,"[0.18632471116193938, 0.6470504651095214]",1,-1
23996,[0.23276929 0.66350879],23,8,"[0.26852263019242567, 0.6890353589332484]",1,-1
23997,[0.24271486 0.62725467],23,40,"[0.24325605379412626, 0.6063462149687255]",1,11
23998,[0.22603661 0.58858193],23,40,"[0.24325605379412626, 0.6063462149687255]",1,-1
23999,[0.27167983 0.57440686],23,44,"[0.30505443145580996, 0.5938366826632161]",1,-1
24000,[0.55593157 0.77064223],24,48,"[0.5865861840445293, 0.7997995045728765]",1,-1
24001,[0.62962442 0.77972136],24,34,"[0.6634532409245524, 0.760224782080757]",1,5
24002,[0.66491937 0.73354469],24,34,"[0.6634532409245524, 0.760224782080757]",1,6
24003,[0.59207498 0.73767624],24,41,"[0.5613949929729852, 0.701115936473092]",1,-1
24004,[0.59100891 0.8518726 ],24,48,"[0.5865861840445293, 0.7997995045728765]",1,-1
24005,[0.61532969 0.8649533 ],24,-1,-1,1,-1
24006,[0.60105366 0.81357547],24,48,"[0.5865861840445293, 0.7997995045728765]",1,-1
24007,[0.61447082 0.82638663],24,48,"[0.5865861840445293, 0.7997995045728765]",1,-1
24008,[0.5577566  0.83300165],24,48,"[0.5865861840445293, 0.7997995045728765]",1,-1
24009,[0.58993373 0.85463938],24,48,"[0.5865861840445293, 0.7997995045728765]",1,-1
24010,[0.6925866  0.77755433],24,34,"[0.6634532409245524, 0.760224782080757]",1,-1
24011,[0.5410463  0.82139918],24,48,"[0.5865861840445293, 0.7997995045728765]",1,-1
24012,[0.67663865 0.78907426],24,34,"[0.6634532409245524, 0.760224782080757]",1,-1
24013,[0.57843303 0.72393628],24,41,"[0.5613949929729852, 0.701115936473092]",1,-1
24014,[0.70707594 0.78851697],24,23,"[0.7534740255485087, 0.7686705599537007]",1,-1
24015,[0.69676335 0.71022417],24,34,"[0.6634532409245524, 0.760224782080757]",1,6
24016,[0.74043771 0.84074352],24,-1,-1,1,-1
24017,[0.69033132 0.85958632],24,-1,-1,1,-1
24018,[0.64751036 0.82608683],24,48,"[0.5865861840445293, 0.7997995045728765]",1,-1
24019,[0.58794738 0.69746368],24,41,"[0.5613949929729852, 0.701115936473092]",1,-1
24020,[0.65386041 0.75754545],24,34,"[0.6634532409245524, 0.760224782080757]",1,5
24021,[0.62949326 0.78718457],24,34,"[0.6634532409245524, 0.760224782080757]",1,5
24022,[0.65684289 0.79199804],24,34,"[0.6634532409245524, 0.760224782080757]",1,-1
24023,[0.5798808  0.77378599],24,48,"[0.5865861840445293, 0.7997995045728765]",1,-1
24024,[0.59300296 0.79119289],24,48,"[0.5865861840445293, 0.7997995045728765]",1,-1
24025,[0.57093857 0.83205769],24,48,"[0.5865861840445293, 0.7997995045728765]",1,-1
24026,[0.63248065 0.79622794],24,48,"[0.5865861840445293, 0.7997995045728765]",1,-1
24027,[0.57173176 0.7894581 ],24,48,"[0.5865861840445293, 0.7997995045728765]",1,-1
24028,[0.62529535 0.74219035],24,34,"[0.6634532409245524, 0.760224782080757]",1,5
24029,[0.57256842 0.78770206],24,48,"[0.5865861840445293, 0.7997995045728765]",1,-1
24030,[0.69569213 0.8303423 ],24,-1,-1,1,-1
24031,[0.65818116 0.73972777],24,34,"[0.6634532409245524, 0.760224782080757]",1,-1
24032,[0.61511804 0.81641711],24,48,"[0.5865861840445293, 0.7997995045728765]",1,-1
24033,[0.74108512 0.82756145],24,23,"[0.7534740255485087, 0.7686705599537007]",1,-1
24034,[0.5940074  0.75255554],24,48,"[0.5865861840445293, 0.7997995045728765]",1,-1
24035,[0.59893214 0.78005452],24,48,"[0.5865861840445293, 0.7997995045728765]",1,-1
24036,[0.61771003 0.7367493 ],24,34,"[0.6634532409245524, 0.760224782080757]",1,-1
24037,[0.64801297 0.85412532],24,-1,-1,1,-1
24038,[0.53677906 0.73296186],24,41,"[0.5613949929729852, 0.701115936473092]",1,-1
24039,[0.7643269  0.76240049],24,23,"[0.7534740255485087, 0.7686705599537007]",1,-1
24040,[0.60907592 0.7391168 ],24,34,"[0.6634532409245524, 0.760224782080757]",1,-1
24041,[0.68360295 0.74850477],24,34,"[0.6634532409245524, 0.760224782080757]",1,6
24042,[0.61647278 0.68483385],24,41,"[0.5613949929729852, 0.701115936473092]",1,-1
24043,[0.59430614 0.78126945],24,48,"[0.5865861840445293, 0.7997995045728765]",1,-1
24044,[0.64079524 0.74229444],24,34,"[0.6634532409245524, 0.760224782080757]",1,-1
24045,[0.72293822 0.78569775],24,23,"[0.7534740255485087, 0.7686705599537007]",1,-1
24046,[0.51086798 0.74256216],24,41,"[0.5613949929729852, 0.701115936473092]",1,-1
24047,[0.5961544  0.77740688],24,48,"[0.5865861840445293, 0.7997995045728765]",1,-1
24048,[0.57053041 0.80600455],24,48,"[0.5865861840445293, 0.7997995045728765]",1,-1
24049,[0.55137133 0.78571618],24,48,"[0.5865861840445293, 0.7997995045728765]",1,-1
24050,[0.56527444 0.73693625],24,41,"[0.5613949929729852, 0.701115936473092]",1,-1
24051,[0.71298557 0.72045858],24,23,"[0.7534740255485087, 0.7686705599537007]",1,6
24052,[0.4997139  0.72616806],24,41,"[0.5613949929729852, 0.701115936473092]",1,-1
24053,[0.62639431 0.79716562],24,48,"[0.5865861840445293, 0.7997995045728765]",1,-1
24054,[0.59936231 0.78522969],24,48,"[0.5865861840445293, 0.7997995045728765]",1,-1
24055,[0.59692323 0.75886089],24,48,"[0.5865861840445293, 0.7997995045728765]",1,-1
24056,[0.57709797 0.76291603],24,48,"[0.5865861840445293, 0.7997995045728765]",1,-1
24057,[0.62402156 0.79693805],24,48,"[0.5865861840445293, 0.7997995045728765]",1,-1
24058,[0.6454977  0.85595291],24,-1,-1,1,-1
24059,[0.62715352 0.67195586],24,9,"[0.5945682323783136, 0.6193254997600653]",1,-1
24060,[0.57336386 0.71383995],24,41,"[0.5613949929729852, 0.701115936473092]",1,-1
24061,[0.67609752 0.79143385],24,34,"[0.6634532409245524, 0.760224782080757]",1,-1
24062,[0.73379449 0.72669619],24,23,"[0.7534740255485087, 0.7686705599537007]",1,-1
24063,[0.62733787 0.77194236],24,34,"[0.6634532409245524, 0.760224782080757]",1,5
24064,[0.58332555 0.77589777],24,48,"[0.5865861840445293, 0.7997995045728765]",1,-1
24065,[0.55865031 0.85129127],24,48,"[0.5865861840445293, 0.7997995045728765]",1,-1
24066,[0.60600017 0.71710464],24,41,"[0.5613949929729852, 0.701115936473092]",1,-1
24067,[0.60964095 0.74838811],24,34,"[0.6634532409245524, 0.760224782080757]",1,5
24068,[0.56633748 0.71588516],24,41,"[0.5613949929729852, 0.701115936473092]",1,-1
24069,[0.55557753 0.73175237],24,41,"[0.5613949929729852, 0.701115936473092]",1,-1
24070,[0.52999772 0.70677157],24,41,"[0.5613949929729852, 0.701115936473092]",1,-1
24071,[0.51965305 0.88140931],24,-1,-1,-1,-1
24072,[0.56411182 0.83176534],24,48,"[0.5865861840445293, 0.7997995045728765]",1,-1
24073,[0.73046137 0.81649166],24,23,"[0.7534740255485087, 0.7686705599537007]",1,-1
24074,[0.52781818 0.75073414],24,41,"[0.5613949929729852, 0.701115936473092]",1,-1
24075,[0.64206102 0.7831883 ],24,34,"[0.6634532409245524, 0.760224782080757]",1,5
24076,[0.66165202 0.83002942],24,34,"[0.6634532409245524, 0.760224782080757]",1,-1
24077,[0.59696352 0.68690194],24,41,"[0.5613949929729852, 0.701115936473092]",1,-1
24078,[0.55228903 0.71510736],24,41,"[0.5613949929729852, 0.701115936473092]",1,-1
24079,[0.7054147  0.78118809],24,34,"[0.6634532409245524, 0.760224782080757]",1,-1
24080,[0.58102108 0.70126722],24,41,"[0.5613949929729852, 0.701115936473092]",1,-1
24081,[0.60875931 0.6595885 ],24,9,"[0.5945682323783136, 0.6193254997600653]",1,-1
24082,[0.58829424 0.75929184],24,48,"[0.5865861840445293, 0.7997995045728765]",1,-1
24083,[0.63532813 0.73985351],24,34,"[0.6634532409245524, 0.760224782080757]",1,-1
24084,[0.54838125 0.73570969],24,41,"[0.5613949929729852, 0.701115936473092]",1,-1
24085,[0.66748704 0.81403022],24,34,"[0.6634532409245524, 0.760224782080757]",1,-1
24086,[0.62404079 0.76888846],24,34,"[0.6634532409245524, 0.760224782080757]",1,-1
24087,[0.65597496 0.67034425],24,-1,-1,1,-1
24088,[0.62757943 0.83129428],24,48,"[0.5865861840445293, 0.7997995045728765]",1,-1
24089,[0.56925578 0.80503311],24,48,"[0.5865861840445293, 0.7997995045728765]",1,-1
24090,[0.64571605 0.76150783],24,34,"[0.6634532409245524, 0.760224782080757]",1,-1
24091,[0.59102652 0.74709102],24,48,"[0.5865861840445293, 0.7997995045728765]",1,-1
24092,[0.49966415 0.71636206],24,41,"[0.5613949929729852, 0.701115936473092]",1,-1
24093,[0.59582001 0.79083424],24,48,"[0.5865861840445293, 0.7997995045728765]",1,-1
24094,[0.59618466 0.74729663],24,48,"[0.5865861840445293, 0.7997995045728765]",1,-1
24095,[0.61309646 0.75689993],24,48,"[0.5865861840445293, 0.7997995045728765]",1,5
24096,[0.61479243 0.74383428],24,34,"[0.6634532409245524, 0.760224782080757]",1,-1
24097,[0.58041668 0.73262638],24,41,"[0.5613949929729852, 0.701115936473092]",1,-1
24098,[0.61358428 0.83287192],24,48,"[0.5865861840445293, 0.7997995045728765]",1,-1
24099,[0.6511983  0.77686556],24,34,"[0.6634532409245524, 0.760224782080757]",1,5
24100,[0.63205724 0.73344887],24,34,"[0.6634532409245524, 0.760224782080757]",1,-1
24101,[0.62927482 0.70736995],24,34,"[0.6634532409245524, 0.760224782080757]",1,5
24102,[0.58273884 0.77528293],24,48,"[0.5865861840445293, 0.7997995045728765]",1,-1
24103,[0.54130867 0.75984091],24,48,"[0.5865861840445293, 0.7997995045728765]",1,-1
24104,[0.67441152 0.72630013],24,34,"[0.6634532409245524, 0.760224782080757]",1,6
24105,[0.7273306  0.74731571],24,23,"[0.7534740255485087, 0.7686705599537007]",1,-1
24106,[0.57472011 0.73994099],24,41,"[0.5613949929729852, 0.701115936473092]",1,-1
24107,[0.54269123 0.80516897],24,48,"[0.5865861840445293, 0.7997995045728765]",1,-1
24108,[0.5828643  0.77106553],24,48,"[0.5865861840445293, 0.7997995045728765]",1,-1
24109,[0.67771078 0.88342354],24,-1,-1,1,-1
24110,[0.62251009 0.8198554 ],24,48,"[0.5865861840445293, 0.7997995045728765]",1,-1
24111,[0.64454307 0.72506221],24,34,"[0.6634532409245524, 0.760224782080757]",1,-1
24112,[0.62186067 0.82252506],24,48,"[0.5865861840445293, 0.7997995045728765]",1,-1
24113,[0.6727745  0.79082072],24,34,"[0.6634532409245524, 0.760224782080757]",1,6
24114,[0.62616375 0.68235505],24,41,"[0.5613949929729852, 0.701115936473092]",1,-1
24115,[0.70341309 0.86567849],24,-1,-1,1,-1
24116,[0.65627256 0.88045066],24,-1,-1,1,-1
24117,[0.59926548 0.78956405],24,48,"[0.5865861840445293, 0.7997995045728765]",1,-1
24118,[0.5718279  0.85159977],24,48,"[0.5865861840445293, 0.7997995045728765]",1,-1
24119,[0.57902074 0.69394234],24,41,"[0.5613949929729852, 0.701115936473092]",1,-1
24120,[0.50331384 0.83970937],24,-1,-1,1,-1
24121,[0.5280317  0.79815728],24,48,"[0.5865861840445293, 0.7997995045728765]",1,-1
24122,[0.68882557 0.73231547],24,34,"[0.6634532409245524, 0.760224782080757]",1,6
24123,[0.54654296 0.8085899 ],24,48,"[0.5865861840445293, 0.7997995045728765]",1,-1
24124,[0.65795623 0.82891855],24,34,"[0.6634532409245524, 0.760224782080757]",1,-1
24125,[0.67253111 0.81620555],24,34,"[0.6634532409245524, 0.760224782080757]",1,-1
24126,[0.69845817 0.86687319],24,-1,-1,1,-1
24127,[0.61203215 0.86472449],24,48,"[0.5865861840445293, 0.7997995045728765]",1,-1
24128,[0.5557551  0.84193038],24,48,"[0.5865861840445293, 0.7997995045728765]",1,-1
24129,[0.65463251 0.74087755],24,34,"[0.6634532409245524, 0.760224782080757]",1,-1
24130,[0.62962244 0.82609975],24,48,"[0.5865861840445293, 0.7997995045728765]",1,-1
24131,[0.67487543 0.74783275],24,34,"[0.6634532409245524, 0.760224782080757]",1,6
24132,[0.62136979 0.77915771],24,48,"[0.5865861840445293, 0.7997995045728765]",1,5
24133,[0.57363592 0.72499201],24,41,"[0.5613949929729852, 0.701115936473092]",1,-1
24134,[0.7163718  0.80224973],24,23,"[0.7534740255485087, 0.7686705599537007]",1,-1
24135,[0.59825774 0.89562599],24,-1,-1,-1,-1
24136,[0.64608963 0.78429834],24,34,"[0.6634532409245524, 0.760224782080757]",1,5
24137,[0.59007506 0.71079981],24,41,"[0.5613949929729852, 0.701115936473092]",1,-1
24138,[0.62835563 0.8158253 ],24,48,"[0.5865861840445293, 0.7997995045728765]",1,-1
24139,[0.60941862 0.78005274],24,48,"[0.5865861840445293, 0.7997995045728765]",1,5
24140,[0.49318204 0.70246239],24,41,"[0.5613949929729852, 0.701115936473092]",1,-1
24141,[0.65688387 0.73544123],24,34,"[0.6634532409245524, 0.760224782080757]",1,-1
24142,[0.64338718 0.80966914],24,34,"[0.6634532409245524, 0.760224782080757]",1,-1
24143,[0.70447174 0.70389122],24,34,"[0.6634532409245524, 0.760224782080757]",1,6
24144,[0.5731996 0.7694021],24,48,"[0.5865861840445293, 0.7997995045728765]",1,-1
24145,[0.58124389 0.72140712],24,41,"[0.5613949929729852, 0.701115936473092]",1,-1
24146,[0.54546152 0.77697895],24,48,"[0.5865861840445293, 0.7997995045728765]",1,-1
24147,[0.59829162 0.72871216],24,41,"[0.5613949929729852, 0.701115936473092]",1,-1
24148,[0.67303031 0.83507149],24,-1,-1,1,-1
24149,[0.58598422 0.88991143],24,-1,-1,-1,-1
24150,[0.57286413 0.83124074],24,48,"[0.5865861840445293, 0.7997995045728765]",1,-1
24151,[0.66080372 0.81508678],24,34,"[0.6634532409245524, 0.760224782080757]",1,-1
24152,[0.54673317 0.73835732],24,41,"[0.5613949929729852, 0.701115936473092]",1,-1
24153,[0.58489516 0.76728134],24,48,"[0.5865861840445293, 0.7997995045728765]",1,-1
24154,[0.58560772 0.70603083],24,41,"[0.5613949929729852, 0.701115936473092]",1,-1
24155,[0.61615981 0.75321634],24,34,"[0.6634532409245524, 0.760224782080757]",1,5
24156,[0.66637114 0.86932517],24,-1,-1,1,-1
24157,[0.56746508 0.72320426],24,41,"[0.5613949929729852, 0.701115936473092]",1,-1
24158,[0.60481541 0.6976736 ],24,41,"[0.5613949929729852, 0.701115936473092]",1,-1
24159,[0.63428448 0.75463922],24,34,"[0.6634532409245524, 0.760224782080757]",1,-1
24160,[0.63324425 0.74245387],24,34,"[0.6634532409245524, 0.760224782080757]",1,-1
24161,[0.64438498 0.727994  ],24,34,"[0.6634532409245524, 0.760224782080757]",1,-1
24162,[0.62900436 0.67852459],24,9,"[0.5945682323783136, 0.6193254997600653]",1,-1
24163,[0.61643415 0.77056762],24,48,"[0.5865861840445293, 0.7997995045728765]",1,-1
24164,[0.62855996 0.84268159],24,48,"[0.5865861840445293, 0.7997995045728765]",1,-1
24165,[0.65268809 0.9425579 ],24,-1,-1,-1,-1
24166,[0.52061862 0.78195708],24,48,"[0.5865861840445293, 0.7997995045728765]",1,-1
24167,[0.66601597 0.78075803],24,34,"[0.6634532409245524, 0.760224782080757]",1,-1
24168,[0.56044246 0.77840037],24,48,"[0.5865861840445293, 0.7997995045728765]",1,-1
24169,[0.74158704 0.85114884],24,-1,-1,1,-1
24170,[0.77655815 0.73111347],24,23,"[0.7534740255485087, 0.7686705599537007]",1,-1
24171,[0.62966564 0.70710193],24,34,"[0.6634532409245524, 0.760224782080757]",1,5
24172,[0.79648658 0.71647331],24,23,"[0.7534740255485087, 0.7686705599537007]",1,-1
24173,[0.59033935 0.77990464],24,48,"[0.5865861840445293, 0.7997995045728765]",1,-1
24174,[0.53924261 0.90727443],24,-1,-1,-1,-1
24175,[0.74267745 0.88768215],24,-1,-1,1,-1
24176,[0.64793958 0.83957345],24,-1,-1,1,-1
24177,[0.68732549 0.80981037],24,34,"[0.6634532409245524, 0.760224782080757]",1,-1
24178,[0.51541139 0.83077277],24,-1,-1,1,-1
24179,[0.59802229 0.67970183],24,41,"[0.5613949929729852, 0.701115936473092]",1,-1
24180,[0.60806851 0.75608581],24,48,"[0.5865861840445293, 0.7997995045728765]",1,5
24181,[0.57303172 0.86903897],24,-1,-1,1,-1
24182,[0.68006945 0.73161163],24,34,"[0.6634532409245524, 0.760224782080757]",1,6
24183,[0.68487093 0.81058282],24,34,"[0.6634532409245524, 0.760224782080757]",1,-1
24184,[0.658461   0.88847058],24,-1,-1,1,-1
24185,[0.66139197 0.79704041],24,34,"[0.6634532409245524, 0.760224782080757]",1,6
24186,[0.5865584 0.8606708],24,48,"[0.5865861840445293, 0.7997995045728765]",1,-1
24187,[0.64631593 0.8369249 ],24,-1,-1,1,-1
24188,[0.69730225 0.82027027],24,34,"[0.6634532409245524, 0.760224782080757]",1,-1
24189,[0.62797788 0.77658845],24,34,"[0.6634532409245524, 0.760224782080757]",1,5
24190,[0.62568477 0.72649205],24,34,"[0.6634532409245524, 0.760224782080757]",1,-1
24191,[0.64922542 0.71261578],24,34,"[0.6634532409245524, 0.760224782080757]",1,-1
24192,[0.5723607  0.70214504],24,41,"[0.5613949929729852, 0.701115936473092]",1,-1
24193,[0.71215655 0.87480443],24,-1,-1,1,-1
24194,[0.65628022 0.78730357],24,34,"[0.6634532409245524, 0.760224782080757]",1,-1
24195,[0.71681639 0.74343731],24,23,"[0.7534740255485087, 0.7686705599537007]",1,6
24196,[0.69308087 0.72644977],24,34,"[0.6634532409245524, 0.760224782080757]",1,6
24197,[0.57293045 0.83130527],24,48,"[0.5865861840445293, 0.7997995045728765]",1,-1
24198,[0.50573252 0.80613193],24,-1,-1,1,-1
24199,[0.66612253 0.77894964],24,34,"[0.6634532409245524, 0.760224782080757]",1,-1
24200,[0.5021091  0.84896346],24,-1,-1,-1,-1
24201,[0.63936706 0.82917142],24,48,"[0.5865861840445293, 0.7997995045728765]",1,-1
24202,[0.63363325 0.79139879],24,34,"[0.6634532409245524, 0.760224782080757]",1,-1
24203,[0.62984546 0.69630559],24,41,"[0.5613949929729852, 0.701115936473092]",1,-1
24204,[0.63511254 0.69248992],24,-1,-1,1,-1
24205,[0.61313751 0.80621382],24,48,"[0.5865861840445293, 0.7997995045728765]",1,-1
24206,[0.63248084 0.81254207],24,48,"[0.5865861840445293, 0.7997995045728765]",1,-1
24207,[0.55740199 0.83000878],24,48,"[0.5865861840445293, 0.7997995045728765]",1,-1
24208,[0.65359324 0.74990479],24,34,"[0.6634532409245524, 0.760224782080757]",1,-1
24209,[0.63424741 0.75939839],24,34,"[0.6634532409245524, 0.760224782080757]",1,5
24210,[0.66925562 0.74144834],24,34,"[0.6634532409245524, 0.760224782080757]",1,6
24211,[0.70980003 0.7915307 ],24,23,"[0.7534740255485087, 0.7686705599537007]",1,-1
24212,[0.69559858 0.74220641],24,34,"[0.6634532409245524, 0.760224782080757]",1,6
24213,[0.56144541 0.82174681],24,48,"[0.5865861840445293, 0.7997995045728765]",1,-1
24214,[0.51170498 0.81696865],24,-1,-1,-1,-1
24215,[0.60375533 0.74589018],24,48,"[0.5865861840445293, 0.7997995045728765]",1,-1
24216,[0.61769004 0.84493773],24,48,"[0.5865861840445293, 0.7997995045728765]",1,-1
24217,[0.61633338 0.74147068],24,34,"[0.6634532409245524, 0.760224782080757]",1,5
24218,[0.53139364 0.79781183],24,48,"[0.5865861840445293, 0.7997995045728765]",1,-1
24219,[0.61920904 0.74899949],24,34,"[0.6634532409245524, 0.760224782080757]",1,5
24220,[0.68279521 0.82884432],24,-1,-1,1,-1
24221,[0.63963253 0.72487992],24,34,"[0.6634532409245524, 0.760224782080757]",1,-1
24222,[0.64091139 0.81950744],24,48,"[0.5865861840445293, 0.7997995045728765]",1,-1
24223,[0.60212768 0.68734664],24,41,"[0.5613949929729852, 0.701115936473092]",1,-1
24224,[0.6400135  0.76453619],24,34,"[0.6634532409245524, 0.760224782080757]",1,5
24225,[0.61883103 0.73963123],24,34,"[0.6634532409245524, 0.760224782080757]",1,5
24226,[0.64473895 0.71699023],24,34,"[0.6634532409245524, 0.760224782080757]",1,5
24227,[0.67950996 0.752344  ],24,34,"[0.6634532409245524, 0.760224782080757]",1,6
24228,[0.61841557 0.74710788],24,34,"[0.6634532409245524, 0.760224782080757]",1,5
24229,[0.59910811 0.75808147],24,48,"[0.5865861840445293, 0.7997995045728765]",1,-1
24230,[0.64055787 0.76497092],24,34,"[0.6634532409245524, 0.760224782080757]",1,5
24231,[0.55844142 0.79527844],24,48,"[0.5865861840445293, 0.7997995045728765]",1,-1
24232,[0.58678192 0.76459917],24,48,"[0.5865861840445293, 0.7997995045728765]",1,-1
24233,[0.58037667 0.78372104],24,48,"[0.5865861840445293, 0.7997995045728765]",1,-1
24234,[0.6189019  0.67471094],24,9,"[0.5945682323783136, 0.6193254997600653]",1,-1
24235,[0.66514536 0.75866215],24,34,"[0.6634532409245524, 0.760224782080757]",1,6
24236,[0.61740391 0.69192955],24,41,"[0.5613949929729852, 0.701115936473092]",1,-1
24237,[0.5447061  0.76622577],24,48,"[0.5865861840445293, 0.7997995045728765]",1,-1
24238,[0.56909623 0.74431052],24,41,"[0.5613949929729852, 0.701115936473092]",1,-1
24239,[0.648339  0.8119406],24,34,"[0.6634532409245524, 0.760224782080757]",1,-1
24240,[0.67229107 0.76328135],24,34,"[0.6634532409245524, 0.760224782080757]",1,6
24241,[0.56384969 0.82152589],24,48,"[0.5865861840445293, 0.7997995045728765]",1,-1
24242,[0.59531449 0.81847639],24,48,"[0.5865861840445293, 0.7997995045728765]",1,-1
24243,[0.63246443 0.77871062],24,34,"[0.6634532409245524, 0.760224782080757]",1,5
24244,[0.56452094 0.73587956],24,41,"[0.5613949929729852, 0.701115936473092]",1,-1
24245,[0.60575613 0.78490824],24,48,"[0.5865861840445293, 0.7997995045728765]",1,5
24246,[0.57731289 0.8158332 ],24,48,"[0.5865861840445293, 0.7997995045728765]",1,-1
24247,[0.64409921 0.7879149 ],24,34,"[0.6634532409245524, 0.760224782080757]",1,-1
24248,[0.61038483 0.8239659 ],24,48,"[0.5865861840445293, 0.7997995045728765]",1,-1
24249,[0.63647229 0.71727812],24,34,"[0.6634532409245524, 0.760224782080757]",1,-1
24250,[0.57728037 0.80907859],24,48,"[0.5865861840445293, 0.7997995045728765]",1,-1
24251,[0.63144638 0.74762505],24,34,"[0.6634532409245524, 0.760224782080757]",1,5
24252,[0.64988016 0.77765877],24,34,"[0.6634532409245524, 0.760224782080757]",1,5
24253,[0.57706951 0.82969129],24,48,"[0.5865861840445293, 0.7997995045728765]",1,-1
24254,[0.55454663 0.72508441],24,41,"[0.5613949929729852, 0.701115936473092]",1,-1
24255,[0.7045338  0.84267729],24,-1,-1,1,-1
24256,[0.63325062 0.77045716],24,34,"[0.6634532409245524, 0.760224782080757]",1,5
24257,[0.5837646  0.77577708],24,48,"[0.5865861840445293, 0.7997995045728765]",1,-1
24258,[0.63240072 0.7484427 ],24,34,"[0.6634532409245524, 0.760224782080757]",1,5
24259,[0.70465447 0.73520801],24,34,"[0.6634532409245524, 0.760224782080757]",1,-1
24260,[0.55825422 0.71883447],24,41,"[0.5613949929729852, 0.701115936473092]",1,-1
24261,[0.50838136 0.83823971],24,-1,-1,-1,-1
24262,[0.63508366 0.78196972],24,34,"[0.6634532409245524, 0.760224782080757]",1,5
24263,[0.60771419 0.82414558],24,48,"[0.5865861840445293, 0.7997995045728765]",1,-1
24264,[0.62058306 0.79793387],24,48,"[0.5865861840445293, 0.7997995045728765]",1,-1
24265,[0.58444595 0.76371853],24,48,"[0.5865861840445293, 0.7997995045728765]",1,-1
24266,[0.61467705 0.75898288],24,34,"[0.6634532409245524, 0.760224782080757]",1,5
24267,[0.57482376 0.78343782],24,48,"[0.5865861840445293, 0.7997995045728765]",1,-1
24268,[0.57314209 0.70533942],24,41,"[0.5613949929729852, 0.701115936473092]",1,-1
24269,[0.61565174 0.7066584 ],24,41,"[0.5613949929729852, 0.701115936473092]",1,-1
24270,[0.53068739 0.7621665 ],24,48,"[0.5865861840445293, 0.7997995045728765]",1,-1
24271,[0.64930566 0.87939477],24,-1,-1,1,-1
24272,[0.62254124 0.80474077],24,48,"[0.5865861840445293, 0.7997995045728765]",1,-1
24273,[0.67354259 0.77811123],24,34,"[0.6634532409245524, 0.760224782080757]",1,6
24274,[0.62748047 0.79791994],24,48,"[0.5865861840445293, 0.7997995045728765]",1,-1
24275,[0.58088843 0.75452267],24,48,"[0.5865861840445293, 0.7997995045728765]",1,-1
24276,[0.64222797 0.81148351],24,34,"[0.6634532409245524, 0.760224782080757]",1,-1
24277,[0.56857076 0.82706597],24,48,"[0.5865861840445293, 0.7997995045728765]",1,-1
24278,[0.63690158 0.74536092],24,34,"[0.6634532409245524, 0.760224782080757]",1,-1
24279,[0.68228332 0.7273026 ],24,34,"[0.6634532409245524, 0.760224782080757]",1,6
24280,[0.57406583 0.74368746],24,41,"[0.5613949929729852, 0.701115936473092]",1,-1
24281,[0.75498849 0.79196717],24,23,"[0.7534740255485087, 0.7686705599537007]",1,-1
24282,[0.65510187 0.80452366],24,34,"[0.6634532409245524, 0.760224782080757]",1,-1
24283,[0.64820449 0.77805608],24,34,"[0.6634532409245524, 0.760224782080757]",1,5
24284,[0.55836303 0.84061612],24,48,"[0.5865861840445293, 0.7997995045728765]",1,-1
24285,[0.58209048 0.80643666],24,48,"[0.5865861840445293, 0.7997995045728765]",1,-1
24286,[0.61910901 0.72790101],24,34,"[0.6634532409245524, 0.760224782080757]",1,-1
24287,[0.65803048 0.75835714],24,34,"[0.6634532409245524, 0.760224782080757]",1,-1
24288,[0.69451038 0.76822196],24,34,"[0.6634532409245524, 0.760224782080757]",1,-1
24289,[0.67108439 0.79156508],24,34,"[0.6634532409245524, 0.760224782080757]",1,6
24290,[0.64784048 0.73821431],24,34,"[0.6634532409245524, 0.760224782080757]",1,-1
24291,[0.60372194 0.7704752 ],24,48,"[0.5865861840445293, 0.7997995045728765]",1,-1
24292,[0.67780789 0.80150981],24,34,"[0.6634532409245524, 0.760224782080757]",1,-1
24293,[0.64503234 0.85931582],24,-1,-1,1,-1
24294,[0.6070492  0.85052524],24,48,"[0.5865861840445293, 0.7997995045728765]",1,-1
24295,[0.60322921 0.73280091],24,41,"[0.5613949929729852, 0.701115936473092]",1,-1
24296,[0.62799321 0.70095669],24,41,"[0.5613949929729852, 0.701115936473092]",1,-1
24297,[0.58852363 0.76567805],24,48,"[0.5865861840445293, 0.7997995045728765]",1,-1
24298,[0.63107561 0.72347804],24,34,"[0.6634532409245524, 0.760224782080757]",1,-1
24299,[0.69890043 0.73381534],24,34,"[0.6634532409245524, 0.760224782080757]",1,6
24300,[0.71806115 0.83409118],24,-1,-1,1,-1
24301,[0.69587938 0.81068978],24,34,"[0.6634532409245524, 0.760224782080757]",1,-1
24302,[0.59723566 0.68144202],24,41,"[0.5613949929729852, 0.701115936473092]",1,-1
24303,[0.65473097 0.76989922],24,34,"[0.6634532409245524, 0.760224782080757]",1,-1
24304,[0.59615521 0.84436343],24,48,"[0.5865861840445293, 0.7997995045728765]",1,-1
24305,[0.62633157 0.73131938],24,34,"[0.6634532409245524, 0.760224782080757]",1,-1
24306,[0.59871666 0.85863586],24,48,"[0.5865861840445293, 0.7997995045728765]",1,-1
24307,[0.62204694 0.78620846],24,48,"[0.5865861840445293, 0.7997995045728765]",1,5
24308,[0.60730074 0.68500319],24,41,"[0.5613949929729852, 0.701115936473092]",1,-1
24309,[0.67851527 0.7774578 ],24,34,"[0.6634532409245524, 0.760224782080757]",1,6
24310,[0.66436503 0.6945607 ],24,34,"[0.6634532409245524, 0.760224782080757]",1,-1
24311,[0.63617076 0.8566166 ],24,-1,-1,1,-1
24312,[0.59962324 0.75260925],24,48,"[0.5865861840445293, 0.7997995045728765]",1,-1
24313,[0.5878315  0.75680614],24,48,"[0.5865861840445293, 0.7997995045728765]",1,-1
24314,[0.62101863 0.80625107],24,48,"[0.5865861840445293, 0.7997995045728765]",1,-1
24315,[0.58723541 0.85195087],24,48,"[0.5865861840445293, 0.7997995045728765]",1,-1
24316,[0.66181429 0.83701942],24,-1,-1,1,-1
24317,[0.60861185 0.86615355],24,48,"[0.5865861840445293, 0.7997995045728765]",1,-1
24318,[0.67837446 0.78331769],24,34,"[0.6634532409245524, 0.760224782080757]",1,6
24319,[0.68014422 0.83536978],24,-1,-1,1,-1
24320,[0.61183732 0.81880017],24,48,"[0.5865861840445293, 0.7997995045728765]",1,-1
24321,[0.65053405 0.76062515],24,34,"[0.6634532409245524, 0.760224782080757]",1,-1
24322,[0.63602433 0.83310805],24,48,"[0.5865861840445293, 0.7997995045728765]",1,-1
24323,[0.58380985 0.78576948],24,48,"[0.5865861840445293, 0.7997995045728765]",1,-1
24324,[0.53072593 0.8151295 ],24,48,"[0.5865861840445293, 0.7997995045728765]",1,-1
24325,[0.63912998 0.87065457],24,-1,-1,1,-1
24326,[0.68134113 0.7701425 ],24,34,"[0.6634532409245524, 0.760224782080757]",1,6
24327,[0.65365813 0.80191199],24,34,"[0.6634532409245524, 0.760224782080757]",1,-1
24328,[0.62311611 0.82427254],24,48,"[0.5865861840445293, 0.7997995045728765]",1,-1
24329,[0.63903983 0.72573223],24,34,"[0.6634532409245524, 0.760224782080757]",1,-1
24330,[0.57523159 0.72322503],24,41,"[0.5613949929729852, 0.701115936473092]",1,-1
24331,[0.59952424 0.77999402],24,48,"[0.5865861840445293, 0.7997995045728765]",1,-1
24332,[0.55063316 0.78348492],24,48,"[0.5865861840445293, 0.7997995045728765]",1,-1
24333,[0.72385003 0.76381078],24,23,"[0.7534740255485087, 0.7686705599537007]",1,-1
24334,[0.63609007 0.76257571],24,34,"[0.6634532409245524, 0.760224782080757]",1,5
24335,[0.62171177 0.8264406 ],24,48,"[0.5865861840445293, 0.7997995045728765]",1,-1
24336,[0.6608642  0.82535678],24,34,"[0.6634532409245524, 0.760224782080757]",1,-1
24337,[0.53853623 0.82392483],24,48,"[0.5865861840445293, 0.7997995045728765]",1,-1
24338,[0.61340923 0.76283038],24,48,"[0.5865861840445293, 0.7997995045728765]",1,5
24339,[0.62317948 0.71235823],24,34,"[0.6634532409245524, 0.760224782080757]",1,-1
24340,[0.53314374 0.73186922],24,41,"[0.5613949929729852, 0.701115936473092]",1,-1
24341,[0.48941691 0.80205577],24,-1,-1,1,-1
24342,[0.63309382 0.79845278],24,48,"[0.5865861840445293, 0.7997995045728765]",1,-1
24343,[0.60429331 0.75787004],24,48,"[0.5865861840445293, 0.7997995045728765]",1,5
24344,[0.61651628 0.81649964],24,48,"[0.5865861840445293, 0.7997995045728765]",1,-1
24345,[0.67784707 0.76096375],24,34,"[0.6634532409245524, 0.760224782080757]",1,6
24346,[0.61238591 0.73178496],24,34,"[0.6634532409245524, 0.760224782080757]",1,-1
24347,[0.56159086 0.85229824],24,48,"[0.5865861840445293, 0.7997995045728765]",1,-1
24348,[0.56511014 0.82154968],24,48,"[0.5865861840445293, 0.7997995045728765]",1,-1
24349,[0.62063353 0.8659329 ],24,-1,-1,1,-1
24350,[0.61885302 0.75657352],24,34,"[0.6634532409245524, 0.760224782080757]",1,-1
24351,[0.64827065 0.77139018],24,34,"[0.6634532409245524, 0.760224782080757]",1,5
24352,[0.67310453 0.79757073],24,34,"[0.6634532409245524, 0.760224782080757]",1,-1
24353,[0.60766149 0.7376316 ],24,41,"[0.5613949929729852, 0.701115936473092]",1,-1
24354,[0.64566098 0.82818266],24,48,"[0.5865861840445293, 0.7997995045728765]",1,-1
24355,[0.59902935 0.75984342],24,48,"[0.5865861840445293, 0.7997995045728765]",1,-1
24356,[0.62403051 0.76152267],24,34,"[0.6634532409245524, 0.760224782080757]",1,-1
24357,[0.59985846 0.7483582 ],24,48,"[0.5865861840445293, 0.7997995045728765]",1,-1
24358,[0.64000469 0.75440236],24,34,"[0.6634532409245524, 0.760224782080757]",1,-1
24359,[0.61741453 0.79872857],24,48,"[0.5865861840445293, 0.7997995045728765]",1,-1
24360,[0.63451145 0.66408137],24,9,"[0.5945682323783136, 0.6193254997600653]",1,-1
24361,[0.63415178 0.84300434],24,48,"[0.5865861840445293, 0.7997995045728765]",1,-1
24362,[0.60644506 0.76866935],24,48,"[0.5865861840445293, 0.7997995045728765]",1,-1
24363,[0.59330497 0.74576096],24,48,"[0.5865861840445293, 0.7997995045728765]",1,-1
24364,[0.60123044 0.7090761 ],24,41,"[0.5613949929729852, 0.701115936473092]",1,-1
24365,[0.55008482 0.73210648],24,41,"[0.5613949929729852, 0.701115936473092]",1,-1
24366,[0.60115366 0.78302445],24,48,"[0.5865861840445293, 0.7997995045728765]",1,-1
24367,[0.56384587 0.80244804],24,48,"[0.5865861840445293, 0.7997995045728765]",1,-1
24368,[0.67193261 0.81345473],24,34,"[0.6634532409245524, 0.760224782080757]",1,-1
24369,[0.63329977 0.78133541],24,34,"[0.6634532409245524, 0.760224782080757]",1,5
24370,[0.54614988 0.76094275],24,48,"[0.5865861840445293, 0.7997995045728765]",1,-1
24371,[0.58190547 0.78500561],24,48,"[0.5865861840445293, 0.7997995045728765]",1,-1
24372,[0.65187106 0.77327535],24,34,"[0.6634532409245524, 0.760224782080757]",1,-1
24373,[0.64031198 0.76836943],24,34,"[0.6634532409245524, 0.760224782080757]",1,5
24374,[0.64425841 0.77606842],24,34,"[0.6634532409245524, 0.760224782080757]",1,5
24375,[0.67936234 0.78858533],24,34,"[0.6634532409245524, 0.760224782080757]",1,-1
24376,[0.67255696 0.83792789],24,-1,-1,1,-1
24377,[0.62108284 0.81774373],24,48,"[0.5865861840445293, 0.7997995045728765]",1,-1
24378,[0.71659429 0.66065702],24,-1,-1,1,-1
24379,[0.5573048  0.71099281],24,41,"[0.5613949929729852, 0.701115936473092]",1,-1
24380,[0.61092939 0.74530479],24,34,"[0.6634532409245524, 0.760224782080757]",1,-1
24381,[0.64544755 0.73078845],24,34,"[0.6634532409245524, 0.760224782080757]",1,-1
24382,[0.56746385 0.79584937],24,48,"[0.5865861840445293, 0.7997995045728765]",1,-1
24383,[0.57454368 0.84099152],24,48,"[0.5865861840445293, 0.7997995045728765]",1,-1
24384,[0.62724051 0.78983877],24,48,"[0.5865861840445293, 0.7997995045728765]",1,5
24385,[0.6503705  0.79664628],24,34,"[0.6634532409245524, 0.760224782080757]",1,-1
24386,[0.57031785 0.70170508],24,41,"[0.5613949929729852, 0.701115936473092]",1,-1
24387,[0.67261784 0.79618708],24,34,"[0.6634532409245524, 0.760224782080757]",1,-1
24388,[0.61701017 0.73823255],24,34,"[0.6634532409245524, 0.760224782080757]",1,-1
24389,[0.65357346 0.73801698],24,34,"[0.6634532409245524, 0.760224782080757]",1,-1
24390,[0.58282777 0.77190259],24,48,"[0.5865861840445293, 0.7997995045728765]",1,-1
24391,[0.62117779 0.79206218],24,48,"[0.5865861840445293, 0.7997995045728765]",1,-1
24392,[0.63934445 0.80518163],24,34,"[0.6634532409245524, 0.760224782080757]",1,-1
24393,[0.67524924 0.80631954],24,34,"[0.6634532409245524, 0.760224782080757]",1,-1
24394,[0.6055293  0.76774387],24,48,"[0.5865861840445293, 0.7997995045728765]",1,-1
24395,[0.58188891 0.78917282],24,48,"[0.5865861840445293, 0.7997995045728765]",1,-1
24396,[0.60885834 0.7948978 ],24,48,"[0.5865861840445293, 0.7997995045728765]",1,-1
24397,[0.54562323 0.84552679],24,48,"[0.5865861840445293, 0.7997995045728765]",1,-1
24398,[0.56969255 0.79091022],24,48,"[0.5865861840445293, 0.7997995045728765]",1,-1
24399,[0.63540655 0.81557308],24,48,"[0.5865861840445293, 0.7997995045728765]",1,-1
24400,[0.71319308 0.81763675],24,23,"[0.7534740255485087, 0.7686705599537007]",1,-1
24401,[0.62261235 0.70921976],24,41,"[0.5613949929729852, 0.701115936473092]",1,-1
24402,[0.54625772 0.66530801],24,41,"[0.5613949929729852, 0.701115936473092]",1,-1
24403,[0.66567438 0.73142861],24,34,"[0.6634532409245524, 0.760224782080757]",1,6
24404,[0.57826549 0.72639209],24,41,"[0.5613949929729852, 0.701115936473092]",1,-1
24405,[0.61050538 0.83301123],24,48,"[0.5865861840445293, 0.7997995045728765]",1,-1
24406,[0.65863239 0.75678733],24,34,"[0.6634532409245524, 0.760224782080757]",1,-1
24407,[0.60567395 0.69992551],24,41,"[0.5613949929729852, 0.701115936473092]",1,-1
24408,[0.72595903 0.82661133],24,23,"[0.7534740255485087, 0.7686705599537007]",1,-1
24409,[0.69061465 0.81615917],24,34,"[0.6634532409245524, 0.760224782080757]",1,-1
24410,[0.61748967 0.8465403 ],24,48,"[0.5865861840445293, 0.7997995045728765]",1,-1
24411,[0.64583225 0.73041461],24,34,"[0.6634532409245524, 0.760224782080757]",1,-1
24412,[0.59817061 0.79830341],24,48,"[0.5865861840445293, 0.7997995045728765]",1,-1
24413,[0.52498218 0.63938054],24,5,"[0.47989515498241786, 0.6212764114798471]",1,-1
24414,[0.65622447 0.85066144],24,-1,-1,1,-1
24415,[0.59698728 0.8285656 ],24,48,"[0.5865861840445293, 0.7997995045728765]",1,-1
24416,[0.63877496 0.82538161],24,48,"[0.5865861840445293, 0.7997995045728765]",1,-1
24417,[0.70292004 0.82570492],24,-1,-1,1,-1
24418,[0.66793721 0.79905189],24,34,"[0.6634532409245524, 0.760224782080757]",1,-1
24419,[0.62890056 0.77377059],24,34,"[0.6634532409245524, 0.760224782080757]",1,5
24420,[0.68445905 0.77087023],24,34,"[0.6634532409245524, 0.760224782080757]",1,-1
24421,[0.64871782 0.80419373],24,34,"[0.6634532409245524, 0.760224782080757]",1,-1
24422,[0.65133035 0.89515755],24,-1,-1,-1,-1
24423,[0.58466847 0.75813546],24,48,"[0.5865861840445293, 0.7997995045728765]",1,-1
24424,[0.63696176 0.77456678],24,34,"[0.6634532409245524, 0.760224782080757]",1,5
24425,[0.61469297 0.77230239],24,48,"[0.5865861840445293, 0.7997995045728765]",1,-1
24426,[0.57249758 0.75858853],24,48,"[0.5865861840445293, 0.7997995045728765]",1,-1
24427,[0.56087996 0.62930922],24,9,"[0.5945682323783136, 0.6193254997600653]",1,-1
24428,[0.67899661 0.8115801 ],24,34,"[0.6634532409245524, 0.760224782080757]",1,-1
24429,[0.67274478 0.81519624],24,34,"[0.6634532409245524, 0.760224782080757]",1,-1
24430,[0.6263038  0.80908316],24,48,"[0.5865861840445293, 0.7997995045728765]",1,-1
24431,[0.65235955 0.85033815],24,-1,-1,1,-1
24432,[0.71008967 0.76323806],24,23,"[0.7534740255485087, 0.7686705599537007]",1,-1
24433,[0.66315362 0.79168817],24,34,"[0.6634532409245524, 0.760224782080757]",1,6
24434,[0.65735053 0.82854778],24,34,"[0.6634532409245524, 0.760224782080757]",1,-1
24435,[0.56429076 0.7968368 ],24,48,"[0.5865861840445293, 0.7997995045728765]",1,-1
24436,[0.58140085 0.8018991 ],24,48,"[0.5865861840445293, 0.7997995045728765]",1,-1
24437,[0.6406823  0.77996578],24,34,"[0.6634532409245524, 0.760224782080757]",1,5
24438,[0.60021238 0.93299502],24,-1,-1,-1,-1
24439,[0.74223633 0.77486847],24,23,"[0.7534740255485087, 0.7686705599537007]",1,-1
24440,[0.54705341 0.80294995],24,48,"[0.5865861840445293, 0.7997995045728765]",1,-1
24441,[0.57123904 0.75094035],24,41,"[0.5613949929729852, 0.701115936473092]",1,-1
24442,[0.63887327 0.84580926],24,48,"[0.5865861840445293, 0.7997995045728765]",1,-1
24443,[0.67773605 0.78213358],24,34,"[0.6634532409245524, 0.760224782080757]",1,6
24444,[0.66166114 0.84321721],24,-1,-1,1,-1
24445,[0.63696046 0.82310373],24,48,"[0.5865861840445293, 0.7997995045728765]",1,-1
24446,[0.53338172 0.78665921],24,48,"[0.5865861840445293, 0.7997995045728765]",1,-1
24447,[0.58431341 0.83746669],24,48,"[0.5865861840445293, 0.7997995045728765]",1,-1
24448,[0.58944503 0.71350883],24,41,"[0.5613949929729852, 0.701115936473092]",1,-1
24449,[0.6653485  0.82122095],24,34,"[0.6634532409245524, 0.760224782080757]",1,-1
24450,[0.63606797 0.83445659],24,48,"[0.5865861840445293, 0.7997995045728765]",1,-1
24451,[0.62554352 0.80349929],24,48,"[0.5865861840445293, 0.7997995045728765]",1,-1
24452,[0.54705208 0.68787082],24,41,"[0.5613949929729852, 0.701115936473092]",1,-1
24453,[0.57394136 0.8222621 ],24,48,"[0.5865861840445293, 0.7997995045728765]",1,-1
24454,[0.57536157 0.82198072],24,48,"[0.5865861840445293, 0.7997995045728765]",1,-1
24455,[0.6351705  0.82950662],24,48,"[0.5865861840445293, 0.7997995045728765]",1,-1
24456,[0.53196844 0.76380333],24,48,"[0.5865861840445293, 0.7997995045728765]",1,-1
24457,[0.62427292 0.78262379],24,48,"[0.5865861840445293, 0.7997995045728765]",1,-1
24458,[0.6508398  0.79350921],24,34,"[0.6634532409245524, 0.760224782080757]",1,-1
24459,[0.63673246 0.79239722],24,34,"[0.6634532409245524, 0.760224782080757]",1,5
24460,[0.67865085 0.81910739],24,34,"[0.6634532409245524, 0.760224782080757]",1,-1
24461,[0.68034983 0.80317493],24,34,"[0.6634532409245524, 0.760224782080757]",1,-1
24462,[0.60679874 0.76236927],24,48,"[0.5865861840445293, 0.7997995045728765]",1,-1
24463,[0.61158379 0.7547679 ],24,48,"[0.5865861840445293, 0.7997995045728765]",1,5
24464,[0.65692413 0.66638381],24,-1,-1,1,-1
24465,[0.53348393 0.7777895 ],24,48,"[0.5865861840445293, 0.7997995045728765]",1,-1
24466,[0.65033741 0.74791753],24,34,"[0.6634532409245524, 0.760224782080757]",1,-1
24467,[0.58173814 0.7570276 ],24,48,"[0.5865861840445293, 0.7997995045728765]",1,-1
24468,[0.61468417 0.77531186],24,48,"[0.5865861840445293, 0.7997995045728765]",1,-1
24469,[0.57256879 0.7232764 ],24,41,"[0.5613949929729852, 0.701115936473092]",1,-1
24470,[0.62861737 0.79274401],24,48,"[0.5865861840445293, 0.7997995045728765]",1,-1
24471,[0.70260016 0.75740379],24,34,"[0.6634532409245524, 0.760224782080757]",1,-1
24472,[0.72356594 0.83671049],24,-1,-1,1,-1
24473,[0.6754615 0.6558082],24,-1,-1,1,-1
24474,[0.57713758 0.71488935],24,41,"[0.5613949929729852, 0.701115936473092]",1,-1
24475,[0.65798392 0.7636652 ],24,34,"[0.6634532409245524, 0.760224782080757]",1,-1
24476,[0.67824092 0.86712301],24,-1,-1,1,-1
24477,[0.66916483 0.69629145],24,34,"[0.6634532409245524, 0.760224782080757]",1,-1
24478,[0.6537763  0.68873908],24,-1,-1,1,-1
24479,[0.64262611 0.78425952],24,34,"[0.6634532409245524, 0.760224782080757]",1,5
24480,[0.69662126 0.84759938],24,-1,-1,1,-1
24481,[0.51657775 0.69498729],24,41,"[0.5613949929729852, 0.701115936473092]",1,-1
24482,[0.59997825 0.75847456],24,48,"[0.5865861840445293, 0.7997995045728765]",1,-1
24483,[0.73113185 0.71336986],24,23,"[0.7534740255485087, 0.7686705599537007]",1,6
24484,[0.62206432 0.84021936],24,48,"[0.5865861840445293, 0.7997995045728765]",1,-1
24485,[0.56708104 0.71676951],24,41,"[0.5613949929729852, 0.701115936473092]",1,-1
24486,[0.63146856 0.8065379 ],24,48,"[0.5865861840445293, 0.7997995045728765]",1,-1
24487,[0.62363673 0.78056684],24,48,"[0.5865861840445293, 0.7997995045728765]",1,5
24488,[0.67680982 0.86107004],24,-1,-1,1,-1
24489,[0.57908164 0.77346623],24,48,"[0.5865861840445293, 0.7997995045728765]",1,-1
24490,[0.6073898  0.72040204],24,41,"[0.5613949929729852, 0.701115936473092]",1,-1
24491,[0.62775387 0.81903345],24,48,"[0.5865861840445293, 0.7997995045728765]",1,-1
24492,[0.69631596 0.87783585],24,-1,-1,1,-1
24493,[0.70562495 0.86866835],24,-1,-1,1,-1
24494,[0.57973949 0.72268983],24,41,"[0.5613949929729852, 0.701115936473092]",1,-1
24495,[0.67871318 0.73737377],24,34,"[0.6634532409245524, 0.760224782080757]",1,6
24496,[0.63266627 0.82977297],24,48,"[0.5865861840445293, 0.7997995045728765]",1,-1
24497,[0.65665737 0.84062571],24,-1,-1,1,-1
24498,[0.61740206 0.79650317],24,48,"[0.5865861840445293, 0.7997995045728765]",1,-1
24499,[0.67410686 0.85182503],24,-1,-1,1,-1
24500,[0.55843725 0.79353249],24,48,"[0.5865861840445293, 0.7997995045728765]",1,-1
24501,[0.6255437  0.68643575],24,41,"[0.5613949929729852, 0.701115936473092]",1,-1
24502,[0.53967017 0.77610801],24,48,"[0.5865861840445293, 0.7997995045728765]",1,-1
24503,[0.60579026 0.78332557],24,48,"[0.5865861840445293, 0.7997995045728765]",1,5
24504,[0.59827057 0.8596094 ],24,48,"[0.5865861840445293, 0.7997995045728765]",1,-1
24505,[0.65957349 0.75056693],24,34,"[0.6634532409245524, 0.760224782080757]",1,6
24506,[0.60189876 0.7932142 ],24,48,"[0.5865861840445293, 0.7997995045728765]",1,-1
24507,[0.57048814 0.85338042],24,48,"[0.5865861840445293, 0.7997995045728765]",1,-1
24508,[0.6626417  0.80765158],24,34,"[0.6634532409245524, 0.760224782080757]",1,-1
24509,[0.54366711 0.81051968],24,48,"[0.5865861840445293, 0.7997995045728765]",1,-1
24510,[0.65948477 0.80502542],24,34,"[0.6634532409245524, 0.760224782080757]",1,-1
24511,[0.58664066 0.76654232],24,48,"[0.5865861840445293, 0.7997995045728765]",1,-1
24512,[0.60518345 0.74369923],24,48,"[0.5865861840445293, 0.7997995045728765]",1,-1
24513,[0.68827168 0.73091356],24,34,"[0.6634532409245524, 0.760224782080757]",1,6
24514,[0.66753158 0.74370768],24,34,"[0.6634532409245524, 0.760224782080757]",1,6
24515,[0.62541363 0.79730847],24,48,"[0.5865861840445293, 0.7997995045728765]",1,-1
24516,[0.64294437 0.86708129],24,-1,-1,1,-1
24517,[0.66441264 0.75523316],24,34,"[0.6634532409245524, 0.760224782080757]",1,6
24518,[0.58655908 0.78142193],24,48,"[0.5865861840445293, 0.7997995045728765]",1,-1
24519,[0.4946035  0.71756563],24,47,"[0.4308417820697566, 0.7426361553548808]",1,-1
24520,[0.55379689 0.72694152],24,41,"[0.5613949929729852, 0.701115936473092]",1,-1
24521,[0.59260056 0.72638833],24,41,"[0.5613949929729852, 0.701115936473092]",1,-1
24522,[0.5293181  0.76122428],24,41,"[0.5613949929729852, 0.701115936473092]",1,-1
24523,[0.70232306 0.75039649],24,34,"[0.6634532409245524, 0.760224782080757]",1,-1
24524,[0.6744172  0.82626403],24,34,"[0.6634532409245524, 0.760224782080757]",1,-1
24525,[0.64911992 0.76682919],24,34,"[0.6634532409245524, 0.760224782080757]",1,5
24526,[0.57999134 0.78562653],24,48,"[0.5865861840445293, 0.7997995045728765]",1,-1
24527,[0.53502506 0.73341391],24,41,"[0.5613949929729852, 0.701115936473092]",1,-1
24528,[0.56102526 0.80065778],24,48,"[0.5865861840445293, 0.7997995045728765]",1,-1
24529,[0.63472468 0.78232394],24,34,"[0.6634532409245524, 0.760224782080757]",1,5
24530,[0.61951371 0.76321064],24,34,"[0.6634532409245524, 0.760224782080757]",1,-1
24531,[0.64686842 0.76530692],24,34,"[0.6634532409245524, 0.760224782080757]",1,5
24532,[0.5472109  0.83435111],24,48,"[0.5865861840445293, 0.7997995045728765]",1,-1
24533,[0.60475351 0.68303449],24,41,"[0.5613949929729852, 0.701115936473092]",1,-1
24534,[0.64164329 0.78222895],24,34,"[0.6634532409245524, 0.760224782080757]",1,5
24535,[0.64190951 0.75601502],24,34,"[0.6634532409245524, 0.760224782080757]",1,-1
24536,[0.56809935 0.83292559],24,48,"[0.5865861840445293, 0.7997995045728765]",1,-1
24537,[0.66670008 0.72487659],24,34,"[0.6634532409245524, 0.760224782080757]",1,6
24538,[0.67704775 0.84381322],24,-1,-1,1,-1
24539,[0.56906082 0.79023782],24,48,"[0.5865861840445293, 0.7997995045728765]",1,-1
24540,[0.57614777 0.73386954],24,41,"[0.5613949929729852, 0.701115936473092]",1,-1
24541,[0.65181925 0.83712379],24,-1,-1,1,-1
24542,[0.65733084 0.79471977],24,34,"[0.6634532409245524, 0.760224782080757]",1,-1
24543,[0.55886284 0.82431358],24,48,"[0.5865861840445293, 0.7997995045728765]",1,-1
24544,[0.68409149 0.79079641],24,34,"[0.6634532409245524, 0.760224782080757]",1,-1
24545,[0.61375032 0.80289865],24,48,"[0.5865861840445293, 0.7997995045728765]",1,-1
24546,[0.60648271 0.78932728],24,48,"[0.5865861840445293, 0.7997995045728765]",1,-1
24547,[0.54856938 0.78278471],24,48,"[0.5865861840445293, 0.7997995045728765]",1,-1
24548,[0.65495795 0.78139668],24,34,"[0.6634532409245524, 0.760224782080757]",1,-1
24549,[0.58054472 0.735621  ],24,41,"[0.5613949929729852, 0.701115936473092]",1,-1
24550,[0.58520542 0.7589195 ],24,48,"[0.5865861840445293, 0.7997995045728765]",1,-1
24551,[0.65156505 0.7642397 ],24,34,"[0.6634532409245524, 0.760224782080757]",1,-1
24552,[0.63497128 0.81196169],24,48,"[0.5865861840445293, 0.7997995045728765]",1,-1
24553,[0.59477644 0.82227522],24,48,"[0.5865861840445293, 0.7997995045728765]",1,-1
24554,[0.53807281 0.80943782],24,48,"[0.5865861840445293, 0.7997995045728765]",1,-1
24555,[0.75974048 0.81106525],24,23,"[0.7534740255485087, 0.7686705599537007]",1,-1
24556,[0.51011667 0.69708853],24,41,"[0.5613949929729852, 0.701115936473092]",1,-1
24557,[0.53985964 0.74882014],24,41,"[0.5613949929729852, 0.701115936473092]",1,-1
24558,[0.60191567 0.74025254],24,41,"[0.5613949929729852, 0.701115936473092]",1,-1
24559,[0.67004142 0.84565436],24,-1,-1,1,-1
24560,[0.6243376  0.84419276],24,48,"[0.5865861840445293, 0.7997995045728765]",1,-1
24561,[0.55520314 0.75160328],24,41,"[0.5613949929729852, 0.701115936473092]",1,-1
24562,[0.63867241 0.80954111],24,48,"[0.5865861840445293, 0.7997995045728765]",1,-1
24563,[0.62320636 0.76851465],24,34,"[0.6634532409245524, 0.760224782080757]",1,-1
24564,[0.60367837 0.73987661],24,41,"[0.5613949929729852, 0.701115936473092]",1,-1
24565,[0.76723807 0.83999253],24,-1,-1,1,-1
24566,[0.61090988 0.77446843],24,48,"[0.5865861840445293, 0.7997995045728765]",1,-1
24567,[0.5308014  0.69672443],24,41,"[0.5613949929729852, 0.701115936473092]",1,-1
24568,[0.5626904  0.76846291],24,48,"[0.5865861840445293, 0.7997995045728765]",1,-1
24569,[0.60115328 0.81705184],24,48,"[0.5865861840445293, 0.7997995045728765]",1,-1
24570,[0.65646188 0.79813792],24,34,"[0.6634532409245524, 0.760224782080757]",1,-1
24571,[0.63123666 0.78395015],24,34,"[0.6634532409245524, 0.760224782080757]",1,5
24572,[0.76244866 0.8236944 ],24,23,"[0.7534740255485087, 0.7686705599537007]",1,-1
24573,[0.48550274 0.78415367],24,47,"[0.4308417820697566, 0.7426361553548808]",1,-1
24574,[0.69781056 0.82645037],24,-1,-1,1,-1
24575,[0.60312585 0.73406064],24,41,"[0.5613949929729852, 0.701115936473092]",1,-1
24576,[0.59978556 0.74943508],24,48,"[0.5865861840445293, 0.7997995045728765]",1,-1
24577,[0.60749511 0.8219982 ],24,48,"[0.5865861840445293, 0.7997995045728765]",1,-1
24578,[0.6031176  0.75647009],24,48,"[0.5865861840445293, 0.7997995045728765]",1,-1
24579,[0.62922472 0.86568142],24,-1,-1,1,-1
24580,[0.6456754  0.84855893],24,-1,-1,1,-1
24581,[0.57486573 0.77694437],24,48,"[0.5865861840445293, 0.7997995045728765]",1,-1
24582,[0.57556679 0.84494026],24,48,"[0.5865861840445293, 0.7997995045728765]",1,-1
24583,[0.6387813  0.77192256],24,34,"[0.6634532409245524, 0.760224782080757]",1,5
24584,[0.5822089  0.76871768],24,48,"[0.5865861840445293, 0.7997995045728765]",1,-1
24585,[0.61145982 0.78085817],24,48,"[0.5865861840445293, 0.7997995045728765]",1,-1
24586,[0.65934056 0.75119468],24,34,"[0.6634532409245524, 0.760224782080757]",1,6
24587,[0.67105581 0.72846993],24,34,"[0.6634532409245524, 0.760224782080757]",1,6
24588,[0.63774186 0.75550433],24,34,"[0.6634532409245524, 0.760224782080757]",1,-1
24589,[0.53274475 0.75130589],24,41,"[0.5613949929729852, 0.701115936473092]",1,-1
24590,[0.68593287 0.82950083],24,-1,-1,1,-1
24591,[0.52325065 0.76994091],24,-1,-1,1,-1
24592,[0.67425237 0.73322685],24,34,"[0.6634532409245524, 0.760224782080757]",1,6
24593,[0.58714266 0.92743051],24,-1,-1,-1,-1
24594,[0.56378013 0.80622637],24,48,"[0.5865861840445293, 0.7997995045728765]",1,-1
24595,[0.5823831 0.8019384],24,48,"[0.5865861840445293, 0.7997995045728765]",1,-1
24596,[0.64646562 0.76165074],24,34,"[0.6634532409245524, 0.760224782080757]",1,-1
24597,[0.63651285 0.87508675],24,-1,-1,1,-1
24598,[0.51691096 0.79375028],24,48,"[0.5865861840445293, 0.7997995045728765]",1,-1
24599,[0.56391242 0.79551105],24,48,"[0.5865861840445293, 0.7997995045728765]",1,-1
24600,[0.62096636 0.76020114],24,34,"[0.6634532409245524, 0.760224782080757]",1,5
24601,[0.67868183 0.82456127],24,34,"[0.6634532409245524, 0.760224782080757]",1,-1
24602,[0.51732201 0.75350216],24,41,"[0.5613949929729852, 0.701115936473092]",1,-1
24603,[0.73491914 0.85857279],24,-1,-1,1,-1
24604,[0.57578644 0.79960928],24,48,"[0.5865861840445293, 0.7997995045728765]",1,-1
24605,[0.67696968 0.738728  ],24,34,"[0.6634532409245524, 0.760224782080757]",1,6
24606,[0.63564391 0.78812871],24,34,"[0.6634532409245524, 0.760224782080757]",1,5
24607,[0.54555848 0.68232241],24,41,"[0.5613949929729852, 0.701115936473092]",1,-1
24608,[0.67880858 0.8287528 ],24,-1,-1,1,-1
24609,[0.56403402 0.77010217],24,48,"[0.5865861840445293, 0.7997995045728765]",1,-1
24610,[0.63942543 0.75595698],24,34,"[0.6634532409245524, 0.760224782080757]",1,-1
24611,[0.56422329 0.8118205 ],24,48,"[0.5865861840445293, 0.7997995045728765]",1,-1
24612,[0.61321715 0.75162723],24,34,"[0.6634532409245524, 0.760224782080757]",1,-1
24613,[0.74512877 0.64795842],24,-1,-1,1,-1
24614,[0.71202146 0.80592233],24,23,"[0.7534740255485087, 0.7686705599537007]",1,-1
24615,[0.62864656 0.74691686],24,34,"[0.6634532409245524, 0.760224782080757]",1,5
24616,[0.57475944 0.721402  ],24,41,"[0.5613949929729852, 0.701115936473092]",1,-1
24617,[0.50553347 0.83553042],24,-1,-1,1,-1
24618,[0.58470856 0.83567573],24,48,"[0.5865861840445293, 0.7997995045728765]",1,-1
24619,[0.56878816 0.71060906],24,41,"[0.5613949929729852, 0.701115936473092]",1,-1
24620,[0.66031448 0.7986574 ],24,34,"[0.6634532409245524, 0.760224782080757]",1,-1
24621,[0.68773412 0.76139739],24,34,"[0.6634532409245524, 0.760224782080757]",1,-1
24622,[0.68500066 0.82093371],24,34,"[0.6634532409245524, 0.760224782080757]",1,-1
24623,[0.72195528 0.81088285],24,23,"[0.7534740255485087, 0.7686705599537007]",1,-1
24624,[0.53633321 0.81521481],24,48,"[0.5865861840445293, 0.7997995045728765]",1,-1
24625,[0.59959001 0.80114288],24,48,"[0.5865861840445293, 0.7997995045728765]",1,-1
24626,[0.57686133 0.72933432],24,41,"[0.5613949929729852, 0.701115936473092]",1,-1
24627,[0.62298432 0.74193676],24,34,"[0.6634532409245524, 0.760224782080757]",1,-1
24628,[0.67130949 0.72009358],24,34,"[0.6634532409245524, 0.760224782080757]",1,6
24629,[0.74685451 0.71477387],24,23,"[0.7534740255485087, 0.7686705599537007]",1,-1
24630,[0.60043586 0.80142073],24,48,"[0.5865861840445293, 0.7997995045728765]",1,-1
24631,[0.5443876  0.71801513],24,41,"[0.5613949929729852, 0.701115936473092]",1,-1
24632,[0.53424855 0.75442011],24,41,"[0.5613949929729852, 0.701115936473092]",1,-1
24633,[0.61130175 0.8506805 ],24,48,"[0.5865861840445293, 0.7997995045728765]",1,-1
24634,[0.60045001 0.78726953],24,48,"[0.5865861840445293, 0.7997995045728765]",1,5
24635,[0.67223104 0.77700618],24,34,"[0.6634532409245524, 0.760224782080757]",1,6
24636,[0.55008643 0.75251056],24,41,"[0.5613949929729852, 0.701115936473092]",1,-1
24637,[0.65342697 0.75473746],24,34,"[0.6634532409245524, 0.760224782080757]",1,-1
24638,[0.64334709 0.73686108],24,34,"[0.6634532409245524, 0.760224782080757]",1,-1
24639,[0.56951351 0.76181676],24,48,"[0.5865861840445293, 0.7997995045728765]",1,-1
24640,[0.6624666  0.79566145],24,34,"[0.6634532409245524, 0.760224782080757]",1,6
24641,[0.50326345 0.73508029],24,41,"[0.5613949929729852, 0.701115936473092]",1,-1
24642,[0.66298479 0.75725631],24,34,"[0.6634532409245524, 0.760224782080757]",1,-1
24643,[0.61741891 0.88129447],24,-1,-1,1,-1
24644,[0.64457702 0.78034052],24,34,"[0.6634532409245524, 0.760224782080757]",1,5
24645,[0.7114929  0.83190533],24,-1,-1,1,-1
24646,[0.57319948 0.76871864],24,48,"[0.5865861840445293, 0.7997995045728765]",1,-1
24647,[0.59812568 0.85203293],24,48,"[0.5865861840445293, 0.7997995045728765]",1,-1
24648,[0.60442406 0.81065251],24,48,"[0.5865861840445293, 0.7997995045728765]",1,-1
24649,[0.52135913 0.79058287],24,48,"[0.5865861840445293, 0.7997995045728765]",1,-1
24650,[0.61222034 0.67608955],24,41,"[0.5613949929729852, 0.701115936473092]",1,-1
24651,[0.68018367 0.74200123],24,34,"[0.6634532409245524, 0.760224782080757]",1,6
24652,[0.61183502 0.78208189],24,48,"[0.5865861840445293, 0.7997995045728765]",1,-1
24653,[0.60826251 0.86284016],24,48,"[0.5865861840445293, 0.7997995045728765]",1,-1
24654,[0.63216395 0.70468819],24,34,"[0.6634532409245524, 0.760224782080757]",1,-1
24655,[0.64378465 0.79258802],24,34,"[0.6634532409245524, 0.760224782080757]",1,-1
24656,[0.59200124 0.64271527],24,9,"[0.5945682323783136, 0.6193254997600653]",1,-1
24657,[0.67549591 0.8149494 ],24,34,"[0.6634532409245524, 0.760224782080757]",1,-1
24658,[0.64176623 0.87061156],24,-1,-1,1,-1
24659,[0.74421522 0.79165803],24,23,"[0.7534740255485087, 0.7686705599537007]",1,-1
24660,[0.60657976 0.75969784],24,48,"[0.5865861840445293, 0.7997995045728765]",1,-1
24661,[0.58265287 0.76164677],24,48,"[0.5865861840445293, 0.7997995045728765]",1,-1
24662,[0.65966577 0.74013568],24,34,"[0.6634532409245524, 0.760224782080757]",1,-1
24663,[0.70721774 0.79986528],24,23,"[0.7534740255485087, 0.7686705599537007]",1,-1
24664,[0.57029284 0.74948038],24,41,"[0.5613949929729852, 0.701115936473092]",1,-1
24665,[0.64050587 0.84988621],24,-1,-1,1,-1
24666,[0.69370412 0.77868705],24,34,"[0.6634532409245524, 0.760224782080757]",1,-1
24667,[0.66133377 0.78440168],24,34,"[0.6634532409245524, 0.760224782080757]",1,-1
24668,[0.67583291 0.75940814],24,34,"[0.6634532409245524, 0.760224782080757]",1,6
24669,[0.5100039  0.77764896],24,-1,-1,1,-1
24670,[0.64031597 0.78731292],24,34,"[0.6634532409245524, 0.760224782080757]",1,5
24671,[0.64029822 0.72019835],24,34,"[0.6634532409245524, 0.760224782080757]",1,5
24672,[0.6359475  0.67142063],24,9,"[0.5945682323783136, 0.6193254997600653]",1,-1
24673,[0.68885142 0.73377991],24,34,"[0.6634532409245524, 0.760224782080757]",1,6
24674,[0.62249824 0.73666996],24,34,"[0.6634532409245524, 0.760224782080757]",1,5
24675,[0.6168623  0.77368792],24,48,"[0.5865861840445293, 0.7997995045728765]",1,5
24676,[0.66150944 0.78424105],24,34,"[0.6634532409245524, 0.760224782080757]",1,-1
24677,[0.55121722 0.8069248 ],24,48,"[0.5865861840445293, 0.7997995045728765]",1,-1
24678,[0.60852901 0.78098988],24,48,"[0.5865861840445293, 0.7997995045728765]",1,-1
24679,[0.62881545 0.74569307],24,34,"[0.6634532409245524, 0.760224782080757]",1,5
24680,[0.63296574 0.78656634],24,34,"[0.6634532409245524, 0.760224782080757]",1,5
24681,[0.6514533  0.78782695],24,34,"[0.6634532409245524, 0.760224782080757]",1,5
24682,[0.68100289 0.77206165],24,34,"[0.6634532409245524, 0.760224782080757]",1,-1
24683,[0.54558315 0.78789412],24,48,"[0.5865861840445293, 0.7997995045728765]",1,-1
24684,[0.65061716 0.76744134],24,34,"[0.6634532409245524, 0.760224782080757]",1,-1
24685,[0.56868579 0.74427841],24,41,"[0.5613949929729852, 0.701115936473092]",1,-1
24686,[0.64615855 0.78755608],24,34,"[0.6634532409245524, 0.760224782080757]",1,5
24687,[0.66809455 0.76995236],24,34,"[0.6634532409245524, 0.760224782080757]",1,-1
24688,[0.58124493 0.79479676],24,48,"[0.5865861840445293, 0.7997995045728765]",1,-1
24689,[0.59154987 0.84101493],24,48,"[0.5865861840445293, 0.7997995045728765]",1,-1
24690,[0.62875824 0.76546851],24,34,"[0.6634532409245524, 0.760224782080757]",1,5
24691,[0.58614497 0.7414792 ],24,41,"[0.5613949929729852, 0.701115936473092]",1,-1
24692,[0.71373652 0.78588999],24,23,"[0.7534740255485087, 0.7686705599537007]",1,-1
24693,[0.68652177 0.74435861],24,34,"[0.6634532409245524, 0.760224782080757]",1,6
24694,[0.58324863 0.79530578],24,48,"[0.5865861840445293, 0.7997995045728765]",1,-1
24695,[0.56102344 0.68382776],24,41,"[0.5613949929729852, 0.701115936473092]",1,-1
24696,[0.66547663 0.74803559],24,34,"[0.6634532409245524, 0.760224782080757]",1,6
24697,[0.65686517 0.78481253],24,34,"[0.6634532409245524, 0.760224782080757]",1,-1
24698,[0.73911908 0.77088216],24,23,"[0.7534740255485087, 0.7686705599537007]",1,-1
24699,[0.62761319 0.71588175],24,34,"[0.6634532409245524, 0.760224782080757]",1,-1
24700,[0.63099877 0.793086  ],24,48,"[0.5865861840445293, 0.7997995045728765]",1,-1
24701,[0.67295642 0.79807586],24,34,"[0.6634532409245524, 0.760224782080757]",1,-1
24702,[0.62843907 0.69768208],24,41,"[0.5613949929729852, 0.701115936473092]",1,-1
24703,[0.64362162 0.79641113],24,34,"[0.6634532409245524, 0.760224782080757]",1,-1
24704,[0.57910193 0.89415463],24,-1,-1,-1,-1
24705,[0.5599262  0.68077122],24,41,"[0.5613949929729852, 0.701115936473092]",1,-1
24706,[0.65919016 0.72654369],24,34,"[0.6634532409245524, 0.760224782080757]",1,6
24707,[0.6705068  0.76695839],24,34,"[0.6634532409245524, 0.760224782080757]",1,6
24708,[0.5370891  0.79884579],24,48,"[0.5865861840445293, 0.7997995045728765]",1,-1
24709,[0.66956482 0.80114445],24,34,"[0.6634532409245524, 0.760224782080757]",1,-1
24710,[0.61263768 0.71745813],24,41,"[0.5613949929729852, 0.701115936473092]",1,-1
24711,[0.60884945 0.68792432],24,41,"[0.5613949929729852, 0.701115936473092]",1,-1
24712,[0.56698756 0.68928491],24,41,"[0.5613949929729852, 0.701115936473092]",1,-1
24713,[0.65288071 0.82316068],24,34,"[0.6634532409245524, 0.760224782080757]",1,-1
24714,[0.66224034 0.87904032],24,-1,-1,1,-1
24715,[0.58272138 0.72178455],24,41,"[0.5613949929729852, 0.701115936473092]",1,-1
24716,[0.63364489 0.771701  ],24,34,"[0.6634532409245524, 0.760224782080757]",1,5
24717,[0.63151508 0.79146541],24,34,"[0.6634532409245524, 0.760224782080757]",1,-1
24718,[0.60390243 0.68923974],24,41,"[0.5613949929729852, 0.701115936473092]",1,-1
24719,[0.60840566 0.70103813],24,41,"[0.5613949929729852, 0.701115936473092]",1,-1
24720,[0.62047285 0.74855803],24,34,"[0.6634532409245524, 0.760224782080757]",1,5
24721,[0.70953765 0.67564174],24,-1,-1,1,-1
24722,[0.63038259 0.6986921 ],24,41,"[0.5613949929729852, 0.701115936473092]",1,-1
24723,[0.64976417 0.72031359],24,34,"[0.6634532409245524, 0.760224782080757]",1,-1
24724,[0.67524171 0.75099752],24,34,"[0.6634532409245524, 0.760224782080757]",1,6
24725,[0.59031468 0.81026895],24,48,"[0.5865861840445293, 0.7997995045728765]",1,-1
24726,[0.67367472 0.84642315],24,-1,-1,1,-1
24727,[0.54615183 0.74970802],24,41,"[0.5613949929729852, 0.701115936473092]",1,-1
24728,[0.60479995 0.72652547],24,41,"[0.5613949929729852, 0.701115936473092]",1,-1
24729,[0.61145877 0.68945106],24,41,"[0.5613949929729852, 0.701115936473092]",1,-1
24730,[0.69223449 0.76404684],24,34,"[0.6634532409245524, 0.760224782080757]",1,-1
24731,[0.56389629 0.7581166 ],24,48,"[0.5865861840445293, 0.7997995045728765]",1,-1
24732,[0.6233252  0.86861598],24,-1,-1,1,-1
24733,[0.62261017 0.75549529],24,34,"[0.6634532409245524, 0.760224782080757]",1,5
24734,[0.5717455  0.68726226],24,41,"[0.5613949929729852, 0.701115936473092]",1,-1
24735,[0.62462228 0.82593735],24,48,"[0.5865861840445293, 0.7997995045728765]",1,-1
24736,[0.59897176 0.76705504],24,48,"[0.5865861840445293, 0.7997995045728765]",1,-1
24737,[0.60034474 0.84383017],24,48,"[0.5865861840445293, 0.7997995045728765]",1,-1
24738,[0.4999545  0.74347209],24,47,"[0.4308417820697566, 0.7426361553548808]",1,-1
24739,[0.66839844 0.76072519],24,34,"[0.6634532409245524, 0.760224782080757]",1,6
24740,[0.59769159 0.8118958 ],24,48,"[0.5865861840445293, 0.7997995045728765]",1,-1
24741,[0.60693296 0.70087833],24,41,"[0.5613949929729852, 0.701115936473092]",1,-1
24742,[0.74680761 0.80565113],24,23,"[0.7534740255485087, 0.7686705599537007]",1,-1
24743,[0.61256395 0.80526433],24,48,"[0.5865861840445293, 0.7997995045728765]",1,-1
24744,[0.6329838  0.68669886],24,-1,-1,1,-1
24745,[0.59493196 0.7545655 ],24,48,"[0.5865861840445293, 0.7997995045728765]",1,-1
24746,[0.67423328 0.7684941 ],24,34,"[0.6634532409245524, 0.760224782080757]",1,6
24747,[0.64585764 0.77479462],24,34,"[0.6634532409245524, 0.760224782080757]",1,5
24748,[0.7250749  0.77438368],24,23,"[0.7534740255485087, 0.7686705599537007]",1,-1
24749,[0.6637939  0.74129077],24,34,"[0.6634532409245524, 0.760224782080757]",1,6
24750,[0.667806   0.75970483],24,34,"[0.6634532409245524, 0.760224782080757]",1,6
24751,[0.57531191 0.74552138],24,41,"[0.5613949929729852, 0.701115936473092]",1,-1
24752,[0.59993752 0.6467561 ],24,9,"[0.5945682323783136, 0.6193254997600653]",1,-1
24753,[0.64329071 0.76111786],24,34,"[0.6634532409245524, 0.760224782080757]",1,-1
24754,[0.63732447 0.71817339],24,34,"[0.6634532409245524, 0.760224782080757]",1,-1
24755,[0.63745327 0.77228464],24,34,"[0.6634532409245524, 0.760224782080757]",1,5
24756,[0.66151646 0.78676162],24,34,"[0.6634532409245524, 0.760224782080757]",1,-1
24757,[0.67183656 0.73282749],24,34,"[0.6634532409245524, 0.760224782080757]",1,6
24758,[0.62188292 0.82753854],24,48,"[0.5865861840445293, 0.7997995045728765]",1,-1
24759,[0.64247153 0.72767206],24,34,"[0.6634532409245524, 0.760224782080757]",1,-1
24760,[0.53547621 0.73782046],24,41,"[0.5613949929729852, 0.701115936473092]",1,-1
24761,[0.67923826 0.76265591],24,34,"[0.6634532409245524, 0.760224782080757]",1,6
24762,[0.68577913 0.84896929],24,-1,-1,1,-1
24763,[0.63246555 0.84535598],24,48,"[0.5865861840445293, 0.7997995045728765]",1,-1
24764,[0.58216574 0.81861896],24,48,"[0.5865861840445293, 0.7997995045728765]",1,-1
24765,[0.61560548 0.78517624],24,48,"[0.5865861840445293, 0.7997995045728765]",1,-1
24766,[0.60508211 0.70196306],24,41,"[0.5613949929729852, 0.701115936473092]",1,-1
24767,[0.62259325 0.75828989],24,34,"[0.6634532409245524, 0.760224782080757]",1,5
24768,[0.69347023 0.7610302 ],24,34,"[0.6634532409245524, 0.760224782080757]",1,-1
24769,[0.62018039 0.774948  ],24,48,"[0.5865861840445293, 0.7997995045728765]",1,-1
24770,[0.63789263 0.77609322],24,34,"[0.6634532409245524, 0.760224782080757]",1,5
24771,[0.60657057 0.7068543 ],24,41,"[0.5613949929729852, 0.701115936473092]",1,-1
24772,[0.61987206 0.75585138],24,34,"[0.6634532409245524, 0.760224782080757]",1,-1
24773,[0.63974766 0.77467645],24,34,"[0.6634532409245524, 0.760224782080757]",1,5
24774,[0.60307073 0.81877698],24,48,"[0.5865861840445293, 0.7997995045728765]",1,-1
24775,[0.57233364 0.77610389],24,48,"[0.5865861840445293, 0.7997995045728765]",1,-1
24776,[0.67289759 0.8076262 ],24,34,"[0.6634532409245524, 0.760224782080757]",1,-1
24777,[0.5393441  0.79967399],24,48,"[0.5865861840445293, 0.7997995045728765]",1,-1
24778,[0.56861378 0.76981357],24,48,"[0.5865861840445293, 0.7997995045728765]",1,-1
24779,[0.63327827 0.83750634],24,48,"[0.5865861840445293, 0.7997995045728765]",1,-1
24780,[0.67409858 0.72689073],24,34,"[0.6634532409245524, 0.760224782080757]",1,6
24781,[0.57579494 0.80089321],24,48,"[0.5865861840445293, 0.7997995045728765]",1,-1
24782,[0.60400963 0.77824767],24,48,"[0.5865861840445293, 0.7997995045728765]",1,-1
24783,[0.59688685 0.71664187],24,41,"[0.5613949929729852, 0.701115936473092]",1,-1
24784,[0.64378959 0.78264015],24,34,"[0.6634532409245524, 0.760224782080757]",1,5
24785,[0.64264492 0.84483212],24,-1,-1,1,-1
24786,[0.72342659 0.71677628],24,23,"[0.7534740255485087, 0.7686705599537007]",1,6
24787,[0.54700703 0.80734109],24,48,"[0.5865861840445293, 0.7997995045728765]",1,-1
24788,[0.60722639 0.81985432],24,48,"[0.5865861840445293, 0.7997995045728765]",1,-1
24789,[0.6453507 0.6817291],24,-1,-1,1,-1
24790,[0.6034409  0.78294112],24,48,"[0.5865861840445293, 0.7997995045728765]",1,-1
24791,[0.65659838 0.78625153],24,34,"[0.6634532409245524, 0.760224782080757]",1,-1
24792,[0.63123463 0.76666406],24,34,"[0.6634532409245524, 0.760224782080757]",1,5
24793,[0.60866763 0.79565605],24,48,"[0.5865861840445293, 0.7997995045728765]",1,-1
24794,[0.63994366 0.8221754 ],24,48,"[0.5865861840445293, 0.7997995045728765]",1,-1
24795,[0.62147865 0.80713729],24,48,"[0.5865861840445293, 0.7997995045728765]",1,-1
24796,[0.64619118 0.69870441],24,34,"[0.6634532409245524, 0.760224782080757]",1,-1
24797,[0.68739398 0.77620984],24,34,"[0.6634532409245524, 0.760224782080757]",1,-1
24798,[0.59231232 0.79452451],24,48,"[0.5865861840445293, 0.7997995045728765]",1,-1
24799,[0.59922417 0.78063009],24,48,"[0.5865861840445293, 0.7997995045728765]",1,-1
24800,[0.64425016 0.73100441],24,34,"[0.6634532409245524, 0.760224782080757]",1,-1
24801,[0.62288402 0.75951514],24,34,"[0.6634532409245524, 0.760224782080757]",1,-1
24802,[0.58417462 0.7733714 ],24,48,"[0.5865861840445293, 0.7997995045728765]",1,-1
24803,[0.5700068  0.80776659],24,48,"[0.5865861840445293, 0.7997995045728765]",1,-1
24804,[0.55890005 0.77745026],24,48,"[0.5865861840445293, 0.7997995045728765]",1,-1
24805,[0.68671111 0.74069003],24,34,"[0.6634532409245524, 0.760224782080757]",1,6
24806,[0.57288039 0.74411057],24,41,"[0.5613949929729852, 0.701115936473092]",1,-1
24807,[0.62161053 0.82566158],24,48,"[0.5865861840445293, 0.7997995045728765]",1,-1
24808,[0.68811114 0.78618051],24,34,"[0.6634532409245524, 0.760224782080757]",1,-1
24809,[0.64749208 0.84467069],24,-1,-1,1,-1
24810,[0.66878571 0.76783065],24,34,"[0.6634532409245524, 0.760224782080757]",1,6
24811,[0.59429188 0.79071328],24,48,"[0.5865861840445293, 0.7997995045728765]",1,-1
24812,[0.5998895  0.83658979],24,48,"[0.5865861840445293, 0.7997995045728765]",1,-1
24813,[0.689541   0.75743308],24,34,"[0.6634532409245524, 0.760224782080757]",1,6
24814,[0.52303002 0.7774039 ],24,48,"[0.5865861840445293, 0.7997995045728765]",1,-1
24815,[0.58151581 0.76528567],24,48,"[0.5865861840445293, 0.7997995045728765]",1,-1
24816,[0.60588673 0.76190191],24,48,"[0.5865861840445293, 0.7997995045728765]",1,-1
24817,[0.63361584 0.94891142],24,-1,-1,-1,-1
24818,[0.607184   0.80912135],24,48,"[0.5865861840445293, 0.7997995045728765]",1,-1
24819,[0.52920916 0.83796355],24,48,"[0.5865861840445293, 0.7997995045728765]",1,-1
24820,[0.68204736 0.78055784],24,34,"[0.6634532409245524, 0.760224782080757]",1,6
24821,[0.61349154 0.82598324],24,48,"[0.5865861840445293, 0.7997995045728765]",1,-1
24822,[0.68225081 0.72107716],24,34,"[0.6634532409245524, 0.760224782080757]",1,-1
24823,[0.56510445 0.75622961],24,48,"[0.5865861840445293, 0.7997995045728765]",1,-1
24824,[0.59023118 0.78250383],24,48,"[0.5865861840445293, 0.7997995045728765]",1,-1
24825,[0.53067646 0.72922495],24,41,"[0.5613949929729852, 0.701115936473092]",1,-1
24826,[0.5721211  0.81874697],24,48,"[0.5865861840445293, 0.7997995045728765]",1,-1
24827,[0.60389375 0.84682351],24,48,"[0.5865861840445293, 0.7997995045728765]",1,-1
24828,[0.73275039 0.79364985],24,23,"[0.7534740255485087, 0.7686705599537007]",1,-1
24829,[0.66792601 0.76872159],24,34,"[0.6634532409245524, 0.760224782080757]",1,-1
24830,[0.56747095 0.84421406],24,48,"[0.5865861840445293, 0.7997995045728765]",1,-1
24831,[0.63228055 0.72714489],24,34,"[0.6634532409245524, 0.760224782080757]",1,-1
24832,[0.69837074 0.75071475],24,34,"[0.6634532409245524, 0.760224782080757]",1,-1
24833,[0.59592493 0.75456597],24,48,"[0.5865861840445293, 0.7997995045728765]",1,-1
24834,[0.74303976 0.70147996],24,23,"[0.7534740255485087, 0.7686705599537007]",1,-1
24835,[0.70635582 0.79909571],24,23,"[0.7534740255485087, 0.7686705599537007]",1,-1
24836,[0.60548175 0.71397972],24,41,"[0.5613949929729852, 0.701115936473092]",1,-1
24837,[0.66176912 0.72189805],24,34,"[0.6634532409245524, 0.760224782080757]",1,6
24838,[0.64830842 0.75573559],24,34,"[0.6634532409245524, 0.760224782080757]",1,-1
24839,[0.70173149 0.81190954],24,34,"[0.6634532409245524, 0.760224782080757]",1,-1
24840,[0.60401133 0.70754487],24,41,"[0.5613949929729852, 0.701115936473092]",1,-1
24841,[0.7539714  0.71467117],24,23,"[0.7534740255485087, 0.7686705599537007]",1,-1
24842,[0.69808274 0.73403463],24,34,"[0.6634532409245524, 0.760224782080757]",1,6
24843,[0.7230878  0.86538319],24,-1,-1,1,-1
24844,[0.69667379 0.72624673],24,34,"[0.6634532409245524, 0.760224782080757]",1,6
24845,[0.58200761 0.85338405],24,48,"[0.5865861840445293, 0.7997995045728765]",1,-1
24846,[0.56240962 0.77607414],24,48,"[0.5865861840445293, 0.7997995045728765]",1,-1
24847,[0.62602069 0.87193339],24,-1,-1,1,-1
24848,[0.58510125 0.80829186],24,48,"[0.5865861840445293, 0.7997995045728765]",1,-1
24849,[0.61443704 0.82267793],24,48,"[0.5865861840445293, 0.7997995045728765]",1,-1
24850,[0.66539058 0.7957406 ],24,34,"[0.6634532409245524, 0.760224782080757]",1,-1
24851,[0.60235067 0.76845965],24,48,"[0.5865861840445293, 0.7997995045728765]",1,-1
24852,[0.62466028 0.73535595],24,34,"[0.6634532409245524, 0.760224782080757]",1,5
24853,[0.6411519  0.80618289],24,34,"[0.6634532409245524, 0.760224782080757]",1,-1
24854,[0.48837034 0.74508666],24,47,"[0.4308417820697566, 0.7426361553548808]",1,-1
24855,[0.61753006 0.76069259],24,34,"[0.6634532409245524, 0.760224782080757]",1,5
24856,[0.61525203 0.78638392],24,48,"[0.5865861840445293, 0.7997995045728765]",1,-1
24857,[0.62713404 0.76155637],24,34,"[0.6634532409245524, 0.760224782080757]",1,-1
24858,[0.62914421 0.74085167],24,34,"[0.6634532409245524, 0.760224782080757]",1,5
24859,[0.64631913 0.83517794],24,48,"[0.5865861840445293, 0.7997995045728765]",1,-1
24860,[0.58584846 0.74725423],24,41,"[0.5613949929729852, 0.701115936473092]",1,-1
24861,[0.57798861 0.83567636],24,48,"[0.5865861840445293, 0.7997995045728765]",1,-1
24862,[0.62834484 0.75438284],24,34,"[0.6634532409245524, 0.760224782080757]",1,5
24863,[0.60716054 0.77098644],24,48,"[0.5865861840445293, 0.7997995045728765]",1,-1
24864,[0.64005561 0.74012268],24,34,"[0.6634532409245524, 0.760224782080757]",1,-1
24865,[0.66131628 0.80443712],24,34,"[0.6634532409245524, 0.760224782080757]",1,-1
24866,[0.67453778 0.77239427],24,34,"[0.6634532409245524, 0.760224782080757]",1,6
24867,[0.54951608 0.75426936],24,41,"[0.5613949929729852, 0.701115936473092]",1,-1
24868,[0.62232258 0.82652831],24,48,"[0.5865861840445293, 0.7997995045728765]",1,-1
24869,[0.69749348 0.73909895],24,34,"[0.6634532409245524, 0.760224782080757]",1,6
24870,[0.57359783 0.75566984],24,48,"[0.5865861840445293, 0.7997995045728765]",1,-1
24871,[0.52797711 0.87367199],24,-1,-1,-1,-1
24872,[0.65017036 0.77389724],24,34,"[0.6634532409245524, 0.760224782080757]",1,5
24873,[0.60365243 0.81257432],24,48,"[0.5865861840445293, 0.7997995045728765]",1,-1
24874,[0.58675025 0.77324347],24,48,"[0.5865861840445293, 0.7997995045728765]",1,-1
24875,[0.61733527 0.68068169],24,41,"[0.5613949929729852, 0.701115936473092]",1,-1
24876,[0.66191892 0.815074  ],24,34,"[0.6634532409245524, 0.760224782080757]",1,-1
24877,[0.61664887 0.81989785],24,48,"[0.5865861840445293, 0.7997995045728765]",1,-1
24878,[0.60658419 0.7479321 ],24,48,"[0.5865861840445293, 0.7997995045728765]",1,-1
24879,[0.54292595 0.77592532],24,48,"[0.5865861840445293, 0.7997995045728765]",1,-1
24880,[0.64798881 0.82207327],24,34,"[0.6634532409245524, 0.760224782080757]",1,-1
24881,[0.7096474  0.73647721],24,34,"[0.6634532409245524, 0.760224782080757]",1,-1
24882,[0.62801608 0.85370198],24,48,"[0.5865861840445293, 0.7997995045728765]",1,-1
24883,[0.71323305 0.80147446],24,23,"[0.7534740255485087, 0.7686705599537007]",1,-1
24884,[0.5770271  0.89972967],24,-1,-1,-1,-1
24885,[0.62935303 0.81684061],24,48,"[0.5865861840445293, 0.7997995045728765]",1,-1
24886,[0.61424468 0.76905153],24,48,"[0.5865861840445293, 0.7997995045728765]",1,-1
24887,[0.59835199 0.74890386],24,48,"[0.5865861840445293, 0.7997995045728765]",1,-1
24888,[0.53225622 0.74315961],24,41,"[0.5613949929729852, 0.701115936473092]",1,-1
24889,[0.58164014 0.68620316],24,41,"[0.5613949929729852, 0.701115936473092]",1,-1
24890,[0.60932287 0.73231079],24,41,"[0.5613949929729852, 0.701115936473092]",1,-1
24891,[0.54602305 0.87632478],24,-1,-1,-1,-1
24892,[0.61744865 0.72961419],24,34,"[0.6634532409245524, 0.760224782080757]",1,-1
24893,[0.62775063 0.73862845],24,34,"[0.6634532409245524, 0.760224782080757]",1,-1
24894,[0.61849467 0.65530883],24,9,"[0.5945682323783136, 0.6193254997600653]",1,-1
24895,[0.60490487 0.72461495],24,41,"[0.5613949929729852, 0.701115936473092]",1,-1
24896,[0.66287968 0.73376179],24,34,"[0.6634532409245524, 0.760224782080757]",1,6
24897,[0.548796   0.67267597],24,41,"[0.5613949929729852, 0.701115936473092]",1,-1
24898,[0.60754511 0.76454631],24,48,"[0.5865861840445293, 0.7997995045728765]",1,-1
24899,[0.65859422 0.71522732],24,34,"[0.6634532409245524, 0.760224782080757]",1,-1
24900,[0.6352585  0.85546644],24,-1,-1,1,-1
24901,[0.62703477 0.80539215],24,48,"[0.5865861840445293, 0.7997995045728765]",1,-1
24902,[0.59062939 0.73671378],24,41,"[0.5613949929729852, 0.701115936473092]",1,-1
24903,[0.65115498 0.77647871],24,34,"[0.6634532409245524, 0.760224782080757]",1,5
24904,[0.65030708 0.87351266],24,-1,-1,1,-1
24905,[0.57585633 0.77944604],24,48,"[0.5865861840445293, 0.7997995045728765]",1,-1
24906,[0.63180032 0.865083  ],24,-1,-1,1,-1
24907,[0.6135759  0.79931378],24,48,"[0.5865861840445293, 0.7997995045728765]",1,-1
24908,[0.60579139 0.83677133],24,48,"[0.5865861840445293, 0.7997995045728765]",1,-1
24909,[0.64846637 0.63926654],24,9,"[0.5945682323783136, 0.6193254997600653]",1,-1
24910,[0.67702441 0.82628217],24,34,"[0.6634532409245524, 0.760224782080757]",1,-1
24911,[0.6144645  0.67115422],24,9,"[0.5945682323783136, 0.6193254997600653]",1,-1
24912,[0.66566001 0.78896804],24,34,"[0.6634532409245524, 0.760224782080757]",1,6
24913,[0.63884632 0.79215196],24,34,"[0.6634532409245524, 0.760224782080757]",1,-1
24914,[0.74406248 0.73509784],24,23,"[0.7534740255485087, 0.7686705599537007]",1,-1
24915,[0.66904617 0.8616993 ],24,-1,-1,1,-1
24916,[0.71254782 0.82065935],24,23,"[0.7534740255485087, 0.7686705599537007]",1,-1
24917,[0.63733224 0.80099535],24,34,"[0.6634532409245524, 0.760224782080757]",1,-1
24918,[0.51402111 0.78186709],24,-1,-1,1,-1
24919,[0.66910202 0.7505847 ],24,34,"[0.6634532409245524, 0.760224782080757]",1,6
24920,[0.68278449 0.85101066],24,-1,-1,1,-1
24921,[0.60537696 0.79329098],24,48,"[0.5865861840445293, 0.7997995045728765]",1,-1
24922,[0.65505614 0.78242672],24,34,"[0.6634532409245524, 0.760224782080757]",1,-1
24923,[0.65214668 0.7771749 ],24,34,"[0.6634532409245524, 0.760224782080757]",1,5
24924,[0.4733568  0.73277997],24,47,"[0.4308417820697566, 0.7426361553548808]",1,-1
24925,[0.7186172  0.76130447],24,23,"[0.7534740255485087, 0.7686705599537007]",1,6
24926,[0.61347231 0.63712202],24,9,"[0.5945682323783136, 0.6193254997600653]",1,-1
24927,[0.67482522 0.74812899],24,34,"[0.6634532409245524, 0.760224782080757]",1,6
24928,[0.5548702  0.78297965],24,48,"[0.5865861840445293, 0.7997995045728765]",1,-1
24929,[0.60001788 0.79774641],24,48,"[0.5865861840445293, 0.7997995045728765]",1,-1
24930,[0.61240095 0.69253591],24,41,"[0.5613949929729852, 0.701115936473092]",1,-1
24931,[0.60737303 0.79289362],24,48,"[0.5865861840445293, 0.7997995045728765]",1,-1
24932,[0.60042741 0.75254137],24,48,"[0.5865861840445293, 0.7997995045728765]",1,-1
24933,[0.68734622 0.78573506],24,34,"[0.6634532409245524, 0.760224782080757]",1,-1
24934,[0.6672263  0.84474273],24,-1,-1,1,-1
24935,[0.65022344 0.82434708],24,34,"[0.6634532409245524, 0.760224782080757]",1,-1
24936,[0.598807   0.78921321],24,48,"[0.5865861840445293, 0.7997995045728765]",1,-1
24937,[0.59538146 0.81393216],24,48,"[0.5865861840445293, 0.7997995045728765]",1,-1
24938,[0.61045896 0.77922594],24,48,"[0.5865861840445293, 0.7997995045728765]",1,5
24939,[0.64346623 0.70732254],24,34,"[0.6634532409245524, 0.760224782080757]",1,-1
24940,[0.76486034 0.80197471],24,23,"[0.7534740255485087, 0.7686705599537007]",1,-1
24941,[0.55769843 0.80462908],24,48,"[0.5865861840445293, 0.7997995045728765]",1,-1
24942,[0.55990124 0.78781786],24,48,"[0.5865861840445293, 0.7997995045728765]",1,-1
24943,[0.62305087 0.78222596],24,48,"[0.5865861840445293, 0.7997995045728765]",1,5
24944,[0.64260699 0.77050952],24,34,"[0.6634532409245524, 0.760224782080757]",1,5
24945,[0.67100837 0.73034974],24,34,"[0.6634532409245524, 0.760224782080757]",1,6
24946,[0.59284943 0.74333613],24,41,"[0.5613949929729852, 0.701115936473092]",1,-1
24947,[0.62775941 0.77692289],24,34,"[0.6634532409245524, 0.760224782080757]",1,5
24948,[0.56371499 0.73537758],24,41,"[0.5613949929729852, 0.701115936473092]",1,-1
24949,[0.62822619 0.78852489],24,48,"[0.5865861840445293, 0.7997995045728765]",1,5
24950,[0.5241473  0.72795111],24,41,"[0.5613949929729852, 0.701115936473092]",1,-1
24951,[0.67482811 0.77616423],24,34,"[0.6634532409245524, 0.760224782080757]",1,6
24952,[0.63058584 0.7559247 ],24,34,"[0.6634532409245524, 0.760224782080757]",1,5
24953,[0.71221694 0.68322844],24,-1,-1,1,-1
24954,[0.53706147 0.63165578],24,5,"[0.47989515498241786, 0.6212764114798471]",1,-1
24955,[0.62930511 0.71687988],24,34,"[0.6634532409245524, 0.760224782080757]",1,5
24956,[0.66235805 0.82414942],24,34,"[0.6634532409245524, 0.760224782080757]",1,-1
24957,[0.54772139 0.79328375],24,48,"[0.5865861840445293, 0.7997995045728765]",1,-1
24958,[0.68305274 0.78718473],24,34,"[0.6634532409245524, 0.760224782080757]",1,-1
24959,[0.69034461 0.79910123],24,34,"[0.6634532409245524, 0.760224782080757]",1,-1
24960,[0.7132688  0.72164554],24,23,"[0.7534740255485087, 0.7686705599537007]",1,6
24961,[0.63791799 0.74874876],24,34,"[0.6634532409245524, 0.760224782080757]",1,-1
24962,[0.55908916 0.76254561],24,48,"[0.5865861840445293, 0.7997995045728765]",1,-1
24963,[0.5824251  0.86575435],24,48,"[0.5865861840445293, 0.7997995045728765]",1,-1
24964,[0.71412021 0.79635692],24,23,"[0.7534740255485087, 0.7686705599537007]",1,-1
24965,[0.57594022 0.82563347],24,48,"[0.5865861840445293, 0.7997995045728765]",1,-1
24966,[0.68802203 0.82295158],24,34,"[0.6634532409245524, 0.760224782080757]",1,-1
24967,[0.66540035 0.72042807],24,34,"[0.6634532409245524, 0.760224782080757]",1,6
24968,[0.63879789 0.77297594],24,34,"[0.6634532409245524, 0.760224782080757]",1,5
24969,[0.58104231 0.7712175 ],24,48,"[0.5865861840445293, 0.7997995045728765]",1,-1
24970,[0.55097661 0.85408104],24,48,"[0.5865861840445293, 0.7997995045728765]",1,-1
24971,[0.64030669 0.84561895],24,-1,-1,1,-1
24972,[0.5415208  0.73267427],24,41,"[0.5613949929729852, 0.701115936473092]",1,-1
24973,[0.72101974 0.78557677],24,23,"[0.7534740255485087, 0.7686705599537007]",1,-1
24974,[0.67414337 0.7542905 ],24,34,"[0.6634532409245524, 0.760224782080757]",1,6
24975,[0.57308952 0.76758496],24,48,"[0.5865861840445293, 0.7997995045728765]",1,-1
24976,[0.54362723 0.74805718],24,41,"[0.5613949929729852, 0.701115936473092]",1,-1
24977,[0.6301322  0.73874221],24,34,"[0.6634532409245524, 0.760224782080757]",1,5
24978,[0.61139221 0.78331184],24,48,"[0.5865861840445293, 0.7997995045728765]",1,-1
24979,[0.67532389 0.7948346 ],24,34,"[0.6634532409245524, 0.760224782080757]",1,-1
24980,[0.66065517 0.79049999],24,34,"[0.6634532409245524, 0.760224782080757]",1,-1
24981,[0.56384652 0.765162  ],24,48,"[0.5865861840445293, 0.7997995045728765]",1,-1
24982,[0.72385735 0.80228374],24,23,"[0.7534740255485087, 0.7686705599537007]",1,-1
24983,[0.50111332 0.75855544],24,-1,-1,1,-1
24984,[0.63885296 0.72498673],24,34,"[0.6634532409245524, 0.760224782080757]",1,-1
24985,[0.60426351 0.79536766],24,48,"[0.5865861840445293, 0.7997995045728765]",1,-1
24986,[0.655019   0.75184502],24,34,"[0.6634532409245524, 0.760224782080757]",1,-1
24987,[0.5579353  0.80251463],24,48,"[0.5865861840445293, 0.7997995045728765]",1,-1
24988,[0.59202044 0.70441657],24,41,"[0.5613949929729852, 0.701115936473092]",1,-1
24989,[0.64032924 0.79679532],24,34,"[0.6634532409245524, 0.760224782080757]",1,-1
24990,[0.66591819 0.78521763],24,34,"[0.6634532409245524, 0.760224782080757]",1,-1
24991,[0.62421445 0.81469098],24,48,"[0.5865861840445293, 0.7997995045728765]",1,-1
24992,[0.61142034 0.72559627],24,41,"[0.5613949929729852, 0.701115936473092]",1,-1
24993,[0.62319454 0.76434415],24,34,"[0.6634532409245524, 0.760224782080757]",1,-1
24994,[0.62963851 0.75892898],24,34,"[0.6634532409245524, 0.760224782080757]",1,-1
24995,[0.68163351 0.77979366],24,34,"[0.6634532409245524, 0.760224782080757]",1,6
24996,[0.6254223  0.87764872],24,-1,-1,1,-1
24997,[0.62185329 0.71039415],24,41,"[0.5613949929729852, 0.701115936473092]",1,-1
24998,[0.72299616 0.79182245],24,23,"[0.7534740255485087, 0.7686705599537007]",1,-1
24999,[0.67138766 0.67910438],24,-1,-1,1,-1
25000,[0.38559286 0.23709971],25,4,"[0.3937233168939997, 0.29890402186269427]",1,-1
25001,[0.33424646 0.23762522],25,31,"[0.29817086118518243, 0.1888907481789387]",1,-1
25002,[0.37825283 0.3273957 ],25,4,"[0.3937233168939997, 0.29890402186269427]",1,-1
25003,[0.40791253 0.2946041 ],25,4,"[0.3937233168939997, 0.29890402186269427]",1,-1
25004,[0.29409832 0.23101968],25,31,"[0.29817086118518243, 0.1888907481789387]",1,-1
25005,[0.35746891 0.25745488],25,4,"[0.3937233168939997, 0.29890402186269427]",1,-1
25006,[0.41949969 0.30335646],25,4,"[0.3937233168939997, 0.29890402186269427]",1,-1
25007,[0.32952804 0.28890378],25,7,"[0.2880919156697789, 0.2889500356712737]",1,-1
25008,[0.36855063 0.34275526],25,1,"[0.33650952271243567, 0.3695039184549852]",1,-1
25009,[0.37148756 0.31209226],25,4,"[0.3937233168939997, 0.29890402186269427]",1,-1
25010,[0.31727666 0.33489552],25,1,"[0.33650952271243567, 0.3695039184549852]",1,-1
25011,[0.42426994 0.2757377 ],25,4,"[0.3937233168939997, 0.29890402186269427]",1,-1
25012,[0.41191852 0.20785973],25,-1,-1,1,-1
25013,[0.43679682 0.34529091],25,37,"[0.4780366509520634, 0.3686118735311782]",1,-1
25014,[0.44127296 0.36712516],25,37,"[0.4780366509520634, 0.3686118735311782]",1,-1
25015,[0.32322402 0.32277791],25,1,"[0.33650952271243567, 0.3695039184549852]",1,62
25016,[0.37188029 0.26930305],25,4,"[0.3937233168939997, 0.29890402186269427]",1,-1
25017,[0.39279196 0.27127325],25,4,"[0.3937233168939997, 0.29890402186269427]",1,-1
25018,[0.32914338 0.20916097],25,31,"[0.29817086118518243, 0.1888907481789387]",1,-1
25019,[0.4248024  0.30479193],25,4,"[0.3937233168939997, 0.29890402186269427]",1,-1
25020,[0.42203149 0.23272701],25,-1,-1,1,-1
25021,[0.3454487 0.1932898],25,31,"[0.29817086118518243, 0.1888907481789387]",1,-1
25022,[0.34779558 0.27175621],25,4,"[0.3937233168939997, 0.29890402186269427]",1,-1
25023,[0.3762465  0.30504153],25,4,"[0.3937233168939997, 0.29890402186269427]",1,-1
25024,[0.31669815 0.24629356],25,7,"[0.2880919156697789, 0.2889500356712737]",1,-1
25025,[0.40842327 0.21742468],25,-1,-1,1,-1
25026,[0.41636772 0.20052659],25,-1,-1,1,-1
25027,[0.35943925 0.34334119],25,1,"[0.33650952271243567, 0.3695039184549852]",1,-1
25028,[0.42676533 0.3374516 ],25,4,"[0.3937233168939997, 0.29890402186269427]",1,-1
25029,[0.37839534 0.29806297],25,4,"[0.3937233168939997, 0.29890402186269427]",1,-1
25030,[0.391059   0.20489031],25,-1,-1,1,-1
25031,[0.28103957 0.33583539],25,7,"[0.2880919156697789, 0.2889500356712737]",1,27
25032,[0.40806833 0.20870327],25,-1,-1,1,-1
25033,[0.24571951 0.31958282],25,7,"[0.2880919156697789, 0.2889500356712737]",1,-1
25034,[0.40616527 0.25444214],25,4,"[0.3937233168939997, 0.29890402186269427]",1,-1
25035,[0.39068409 0.22045577],25,-1,-1,1,-1
25036,[0.29889218 0.28406224],25,7,"[0.2880919156697789, 0.2889500356712737]",1,-1
25037,[0.35349198 0.3184193 ],25,4,"[0.3937233168939997, 0.29890402186269427]",1,-1
25038,[0.36675474 0.29986778],25,4,"[0.3937233168939997, 0.29890402186269427]",1,-1
25039,[0.35316135 0.32895228],25,1,"[0.33650952271243567, 0.3695039184549852]",1,-1
25040,[0.34071577 0.3241585 ],25,1,"[0.33650952271243567, 0.3695039184549852]",1,-1
25041,[0.39026386 0.23970565],25,4,"[0.3937233168939997, 0.29890402186269427]",1,-1
25042,[0.29813578 0.3438624 ],25,1,"[0.33650952271243567, 0.3695039184549852]",1,-1
25043,[0.37841567 0.31291636],25,4,"[0.3937233168939997, 0.29890402186269427]",1,-1
25044,[0.3277138  0.31458581],25,7,"[0.2880919156697789, 0.2889500356712737]",1,-1
25045,[0.40722469 0.39799108],25,6,"[0.40123478470159024, 0.40656176249784554]",1,-1
25046,[0.3813753  0.29296693],25,4,"[0.3937233168939997, 0.29890402186269427]",1,-1
25047,[0.38091545 0.42542979],25,6,"[0.40123478470159024, 0.40656176249784554]",1,-1
25048,[0.39049905 0.29960598],25,4,"[0.3937233168939997, 0.29890402186269427]",1,-1
25049,[0.30177542 0.34998028],25,1,"[0.33650952271243567, 0.3695039184549852]",1,-1
25050,[0.32016327 0.41168195],25,1,"[0.33650952271243567, 0.3695039184549852]",1,-1
25051,[0.36906774 0.31206126],25,4,"[0.3937233168939997, 0.29890402186269427]",1,-1
25052,[0.40040606 0.37465593],25,6,"[0.40123478470159024, 0.40656176249784554]",1,-1
25053,[0.41784215 0.29115333],25,4,"[0.3937233168939997, 0.29890402186269427]",1,-1
25054,[0.38392218 0.30180915],25,4,"[0.3937233168939997, 0.29890402186269427]",1,-1
25055,[0.37225581 0.25961818],25,4,"[0.3937233168939997, 0.29890402186269427]",1,-1
25056,[0.39993733 0.18658123],25,-1,-1,1,-1
25057,[0.38622433 0.24906453],25,4,"[0.3937233168939997, 0.29890402186269427]",1,-1
25058,[0.35494035 0.2774972 ],25,4,"[0.3937233168939997, 0.29890402186269427]",1,-1
25059,[0.41863178 0.27295521],25,4,"[0.3937233168939997, 0.29890402186269427]",1,-1
25060,[0.29046166 0.39626564],25,0,"[0.2473875480073203, 0.39401489827781994]",1,-1
25061,[0.36719979 0.27075912],25,4,"[0.3937233168939997, 0.29890402186269427]",1,-1
25062,[0.3771468  0.30708373],25,4,"[0.3937233168939997, 0.29890402186269427]",1,-1
25063,[0.42281293 0.24729654],25,4,"[0.3937233168939997, 0.29890402186269427]",1,-1
25064,[0.31558464 0.28600395],25,7,"[0.2880919156697789, 0.2889500356712737]",1,-1
25065,[0.34689148 0.29719147],25,4,"[0.3937233168939997, 0.29890402186269427]",1,-1
25066,[0.41793947 0.27725971],25,4,"[0.3937233168939997, 0.29890402186269427]",1,-1
25067,[0.31024372 0.38774198],25,1,"[0.33650952271243567, 0.3695039184549852]",1,-1
25068,[0.30572963 0.16974246],25,31,"[0.29817086118518243, 0.1888907481789387]",1,-1
25069,[0.35195766 0.34679766],25,1,"[0.33650952271243567, 0.3695039184549852]",1,-1
25070,[0.40752086 0.21654153],25,-1,-1,1,-1
25071,[0.38222667 0.31251008],25,4,"[0.3937233168939997, 0.29890402186269427]",1,-1
25072,[0.34147257 0.26820834],25,7,"[0.2880919156697789, 0.2889500356712737]",1,-1
25073,[0.31293002 0.26973028],25,7,"[0.2880919156697789, 0.2889500356712737]",1,-1
25074,[0.38038556 0.30568621],25,4,"[0.3937233168939997, 0.29890402186269427]",1,-1
25075,[0.40365839 0.35089785],25,4,"[0.3937233168939997, 0.29890402186269427]",1,71
25076,[0.33985315 0.27154357],25,7,"[0.2880919156697789, 0.2889500356712737]",1,-1
25077,[0.44354242 0.23047359],25,-1,-1,1,-1
25078,[0.41009256 0.27886723],25,4,"[0.3937233168939997, 0.29890402186269427]",1,-1
25079,[0.34731943 0.3268199 ],25,1,"[0.33650952271243567, 0.3695039184549852]",1,-1
25080,[0.30750612 0.27246311],25,7,"[0.2880919156697789, 0.2889500356712737]",1,-1
25081,[0.3998961  0.28531507],25,4,"[0.3937233168939997, 0.29890402186269427]",1,-1
25082,[0.3435064  0.33747316],25,1,"[0.33650952271243567, 0.3695039184549852]",1,-1
25083,[0.29885476 0.32375676],25,7,"[0.2880919156697789, 0.2889500356712737]",1,-1
25084,[0.35878736 0.25253535],25,4,"[0.3937233168939997, 0.29890402186269427]",1,-1
25085,[0.36204391 0.39631138],25,1,"[0.33650952271243567, 0.3695039184549852]",1,-1
25086,[0.40734923 0.34671781],25,4,"[0.3937233168939997, 0.29890402186269427]",1,-1
25087,[0.45467366 0.2813232 ],25,4,"[0.3937233168939997, 0.29890402186269427]",1,-1
25088,[0.37241761 0.2910406 ],25,4,"[0.3937233168939997, 0.29890402186269427]",1,-1
25089,[0.40170234 0.27514329],25,4,"[0.3937233168939997, 0.29890402186269427]",1,-1
25090,[0.28098612 0.26363174],25,7,"[0.2880919156697789, 0.2889500356712737]",1,-1
25091,[0.41576504 0.34068138],25,4,"[0.3937233168939997, 0.29890402186269427]",1,-1
25092,[0.42568751 0.2771046 ],25,4,"[0.3937233168939997, 0.29890402186269427]",1,-1
25093,[0.36324594 0.24150299],25,4,"[0.3937233168939997, 0.29890402186269427]",1,-1
25094,[0.38527545 0.26420196],25,4,"[0.3937233168939997, 0.29890402186269427]",1,-1
25095,[0.3190552  0.24802357],25,7,"[0.2880919156697789, 0.2889500356712737]",1,-1
25096,[0.32523727 0.25469605],25,7,"[0.2880919156697789, 0.2889500356712737]",1,-1
25097,[0.43563479 0.37547635],25,37,"[0.4780366509520634, 0.3686118735311782]",1,-1
25098,[0.43764252 0.25770518],25,4,"[0.3937233168939997, 0.29890402186269427]",1,-1
25099,[0.41699483 0.30045277],25,4,"[0.3937233168939997, 0.29890402186269427]",1,-1
25100,[0.35675658 0.39211519],25,1,"[0.33650952271243567, 0.3695039184549852]",1,-1
25101,[0.45373611 0.29734285],25,4,"[0.3937233168939997, 0.29890402186269427]",1,-1
25102,[0.34941455 0.25201956],25,4,"[0.3937233168939997, 0.29890402186269427]",1,-1
25103,[0.42101501 0.31874747],25,4,"[0.3937233168939997, 0.29890402186269427]",1,-1
25104,[0.33223889 0.35715398],25,1,"[0.33650952271243567, 0.3695039184549852]",1,-1
25105,[0.33446216 0.29686027],25,7,"[0.2880919156697789, 0.2889500356712737]",1,-1
25106,[0.34979499 0.22109381],25,31,"[0.29817086118518243, 0.1888907481789387]",1,-1
25107,[0.35040456 0.27548731],25,4,"[0.3937233168939997, 0.29890402186269427]",1,-1
25108,[0.28994836 0.2938146 ],25,7,"[0.2880919156697789, 0.2889500356712737]",1,-1
25109,[0.31793425 0.30163148],25,7,"[0.2880919156697789, 0.2889500356712737]",1,-1
25110,[0.35153737 0.26239748],25,4,"[0.3937233168939997, 0.29890402186269427]",1,-1
25111,[0.28271437 0.22900336],25,31,"[0.29817086118518243, 0.1888907481789387]",1,-1
25112,[0.46535585 0.37888072],25,37,"[0.4780366509520634, 0.3686118735311782]",1,-1
25113,[0.39768425 0.29867975],25,4,"[0.3937233168939997, 0.29890402186269427]",1,-1
25114,[0.40071935 0.35528443],25,6,"[0.40123478470159024, 0.40656176249784554]",1,71
25115,[0.42955545 0.2545004 ],25,4,"[0.3937233168939997, 0.29890402186269427]",1,-1
25116,[0.34592229 0.31127707],25,4,"[0.3937233168939997, 0.29890402186269427]",1,-1
25117,[0.37794678 0.31304633],25,4,"[0.3937233168939997, 0.29890402186269427]",1,-1
25118,[0.29664428 0.31586908],25,7,"[0.2880919156697789, 0.2889500356712737]",1,-1
25119,[0.46415522 0.24032786],25,-1,-1,1,-1
25120,[0.46981378 0.28191429],25,-1,-1,1,-1
25121,[0.39247778 0.26962012],25,4,"[0.3937233168939997, 0.29890402186269427]",1,-1
25122,[0.30307412 0.27978998],25,7,"[0.2880919156697789, 0.2889500356712737]",1,-1
25123,[0.39600978 0.26936755],25,4,"[0.3937233168939997, 0.29890402186269427]",1,-1
25124,[0.37237405 0.19422402],25,-1,-1,1,-1
25125,[0.41354523 0.28076772],25,4,"[0.3937233168939997, 0.29890402186269427]",1,-1
25126,[0.3255132  0.28893771],25,7,"[0.2880919156697789, 0.2889500356712737]",1,-1
25127,[0.45451841 0.25965033],25,-1,-1,1,-1
25128,[0.41149095 0.30274924],25,4,"[0.3937233168939997, 0.29890402186269427]",1,-1
25129,[0.41953137 0.24194434],25,4,"[0.3937233168939997, 0.29890402186269427]",1,-1
25130,[0.43027134 0.37226244],25,6,"[0.40123478470159024, 0.40656176249784554]",1,-1
25131,[0.43060275 0.33588869],25,4,"[0.3937233168939997, 0.29890402186269427]",1,-1
25132,[0.39992514 0.26327636],25,4,"[0.3937233168939997, 0.29890402186269427]",1,-1
25133,[0.40295543 0.30947976],25,4,"[0.3937233168939997, 0.29890402186269427]",1,-1
25134,[0.48238951 0.27734085],25,-1,-1,1,-1
25135,[0.30382672 0.32306387],25,7,"[0.2880919156697789, 0.2889500356712737]",1,-1
25136,[0.36868523 0.26580106],25,4,"[0.3937233168939997, 0.29890402186269427]",1,-1
25137,[0.345768   0.33345744],25,1,"[0.33650952271243567, 0.3695039184549852]",1,-1
25138,[0.31639757 0.204485  ],25,31,"[0.29817086118518243, 0.1888907481789387]",1,-1
25139,[0.33952872 0.27160239],25,7,"[0.2880919156697789, 0.2889500356712737]",1,-1
25140,[0.39645281 0.23644306],25,4,"[0.3937233168939997, 0.29890402186269427]",1,-1
25141,[0.32357862 0.34135435],25,1,"[0.33650952271243567, 0.3695039184549852]",1,-1
25142,[0.36960146 0.33149693],25,4,"[0.3937233168939997, 0.29890402186269427]",1,-1
25143,[0.39118868 0.30202558],25,4,"[0.3937233168939997, 0.29890402186269427]",1,-1
25144,[0.40712989 0.26942613],25,4,"[0.3937233168939997, 0.29890402186269427]",1,-1
25145,[0.38716905 0.31736564],25,4,"[0.3937233168939997, 0.29890402186269427]",1,-1
25146,[0.40010085 0.2459147 ],25,4,"[0.3937233168939997, 0.29890402186269427]",1,-1
25147,[0.30334666 0.2816364 ],25,7,"[0.2880919156697789, 0.2889500356712737]",1,-1
25148,[0.35875844 0.32686189],25,4,"[0.3937233168939997, 0.29890402186269427]",1,-1
25149,[0.38922    0.21855257],25,-1,-1,1,-1
25150,[0.46054858 0.25547983],25,-1,-1,1,-1
25151,[0.39396454 0.45543454],25,6,"[0.40123478470159024, 0.40656176249784554]",1,50
25152,[0.41264742 0.27553066],25,4,"[0.3937233168939997, 0.29890402186269427]",1,-1
25153,[0.4138604  0.25025522],25,4,"[0.3937233168939997, 0.29890402186269427]",1,-1
25154,[0.41490985 0.21036056],25,-1,-1,1,-1
25155,[0.36027786 0.25192176],25,4,"[0.3937233168939997, 0.29890402186269427]",1,-1
25156,[0.42627188 0.34372804],25,4,"[0.3937233168939997, 0.29890402186269427]",1,-1
25157,[0.23266455 0.34654509],25,15,"[0.188292755006214, 0.3253570325311902]",1,40
25158,[0.41613441 0.25550677],25,4,"[0.3937233168939997, 0.29890402186269427]",1,-1
25159,[0.38380355 0.29391647],25,4,"[0.3937233168939997, 0.29890402186269427]",1,-1
25160,[0.3589879  0.19955448],25,31,"[0.29817086118518243, 0.1888907481789387]",1,-1
25161,[0.36421892 0.24848757],25,4,"[0.3937233168939997, 0.29890402186269427]",1,-1
25162,[0.32006532 0.240748  ],25,31,"[0.29817086118518243, 0.1888907481789387]",1,-1
25163,[0.40966862 0.28871933],25,4,"[0.3937233168939997, 0.29890402186269427]",1,-1
25164,[0.38518985 0.42521029],25,6,"[0.40123478470159024, 0.40656176249784554]",1,-1
25165,[0.41037297 0.2779977 ],25,4,"[0.3937233168939997, 0.29890402186269427]",1,-1
25166,[0.40622938 0.28834868],25,4,"[0.3937233168939997, 0.29890402186269427]",1,-1
25167,[0.43541996 0.21700497],25,22,"[0.48652568093748694, 0.17046194652960403]",1,-1
25168,[0.2758773  0.33364585],25,7,"[0.2880919156697789, 0.2889500356712737]",1,27
25169,[0.44094106 0.31081891],25,4,"[0.3937233168939997, 0.29890402186269427]",1,-1
25170,[0.4217478  0.24814243],25,4,"[0.3937233168939997, 0.29890402186269427]",1,-1
25171,[0.3629177 0.404277 ],25,6,"[0.40123478470159024, 0.40656176249784554]",1,-1
25172,[0.30411072 0.16813842],25,31,"[0.29817086118518243, 0.1888907481789387]",1,-1
25173,[0.38126621 0.24416467],25,4,"[0.3937233168939997, 0.29890402186269427]",1,-1
25174,[0.42701677 0.29302913],25,4,"[0.3937233168939997, 0.29890402186269427]",1,-1
25175,[0.46647929 0.34383904],25,37,"[0.4780366509520634, 0.3686118735311782]",1,-1
25176,[0.36454352 0.26759602],25,4,"[0.3937233168939997, 0.29890402186269427]",1,-1
25177,[0.38424846 0.44454309],25,6,"[0.40123478470159024, 0.40656176249784554]",1,-1
25178,[0.36771614 0.23557851],25,4,"[0.3937233168939997, 0.29890402186269427]",1,-1
25179,[0.44949809 0.31974183],25,37,"[0.4780366509520634, 0.3686118735311782]",1,-1
25180,[0.36236997 0.23971021],25,4,"[0.3937233168939997, 0.29890402186269427]",1,-1
25181,[0.31401137 0.24493316],25,7,"[0.2880919156697789, 0.2889500356712737]",1,-1
25182,[0.36410297 0.25212413],25,4,"[0.3937233168939997, 0.29890402186269427]",1,-1
25183,[0.35805981 0.2287546 ],25,-1,-1,1,-1
25184,[0.44188426 0.26484854],25,4,"[0.3937233168939997, 0.29890402186269427]",1,-1
25185,[0.32022911 0.22023752],25,31,"[0.29817086118518243, 0.1888907481789387]",1,-1
25186,[0.31346764 0.39238682],25,1,"[0.33650952271243567, 0.3695039184549852]",1,-1
25187,[0.39040896 0.38745308],25,6,"[0.40123478470159024, 0.40656176249784554]",1,78
25188,[0.36845606 0.28280341],25,4,"[0.3937233168939997, 0.29890402186269427]",1,-1
25189,[0.34799418 0.33409636],25,1,"[0.33650952271243567, 0.3695039184549852]",1,-1
25190,[0.38818301 0.16747558],25,-1,-1,1,-1
25191,[0.32016982 0.36003524],25,1,"[0.33650952271243567, 0.3695039184549852]",1,-1
25192,[0.36466023 0.25329206],25,4,"[0.3937233168939997, 0.29890402186269427]",1,-1
25193,[0.38275497 0.25490918],25,4,"[0.3937233168939997, 0.29890402186269427]",1,-1
25194,[0.24094637 0.28798915],25,7,"[0.2880919156697789, 0.2889500356712737]",1,-1
25195,[0.39188101 0.27125817],25,4,"[0.3937233168939997, 0.29890402186269427]",1,-1
25196,[0.34091585 0.31052024],25,4,"[0.3937233168939997, 0.29890402186269427]",1,-1
25197,[0.38717911 0.17981256],25,-1,-1,1,-1
25198,[0.32122944 0.30935488],25,7,"[0.2880919156697789, 0.2889500356712737]",1,-1
25199,[0.40535011 0.29105641],25,4,"[0.3937233168939997, 0.29890402186269427]",1,-1
25200,[0.31886996 0.24712228],25,7,"[0.2880919156697789, 0.2889500356712737]",1,-1
25201,[0.4233898 0.2286704],25,-1,-1,1,-1
25202,[0.34187649 0.25051289],25,7,"[0.2880919156697789, 0.2889500356712737]",1,-1
25203,[0.36576393 0.26403932],25,4,"[0.3937233168939997, 0.29890402186269427]",1,-1
25204,[0.3437031 0.3110318],25,4,"[0.3937233168939997, 0.29890402186269427]",1,-1
25205,[0.4066422  0.37005647],25,6,"[0.40123478470159024, 0.40656176249784554]",1,-1
25206,[0.44601071 0.25256679],25,4,"[0.3937233168939997, 0.29890402186269427]",1,-1
25207,[0.3970564  0.32969998],25,4,"[0.3937233168939997, 0.29890402186269427]",1,-1
25208,[0.31893434 0.29558046],25,7,"[0.2880919156697789, 0.2889500356712737]",1,-1
25209,[0.44372201 0.23799426],25,-1,-1,1,-1
25210,[0.43906622 0.27658817],25,4,"[0.3937233168939997, 0.29890402186269427]",1,-1
25211,[0.35997085 0.24618612],25,4,"[0.3937233168939997, 0.29890402186269427]",1,-1
25212,[0.42913387 0.32124113],25,4,"[0.3937233168939997, 0.29890402186269427]",1,-1
25213,[0.2936988 0.3572838],25,1,"[0.33650952271243567, 0.3695039184549852]",1,-1
25214,[0.37193894 0.31756556],25,4,"[0.3937233168939997, 0.29890402186269427]",1,-1
25215,[0.42048694 0.20944591],25,-1,-1,1,-1
25216,[0.37838936 0.31315101],25,4,"[0.3937233168939997, 0.29890402186269427]",1,-1
25217,[0.32244877 0.30439659],25,7,"[0.2880919156697789, 0.2889500356712737]",1,-1
25218,[0.40236987 0.28018267],25,4,"[0.3937233168939997, 0.29890402186269427]",1,-1
25219,[0.43933205 0.31358622],25,4,"[0.3937233168939997, 0.29890402186269427]",1,-1
25220,[0.34429227 0.27413424],25,4,"[0.3937233168939997, 0.29890402186269427]",1,-1
25221,[0.3462955  0.27699973],25,4,"[0.3937233168939997, 0.29890402186269427]",1,-1
25222,[0.32747669 0.24370893],25,7,"[0.2880919156697789, 0.2889500356712737]",1,-1
25223,[0.45642387 0.18617029],25,22,"[0.48652568093748694, 0.17046194652960403]",1,2
25224,[0.28494284 0.31500623],25,7,"[0.2880919156697789, 0.2889500356712737]",1,-1
25225,[0.35645743 0.29027877],25,4,"[0.3937233168939997, 0.29890402186269427]",1,-1
25226,[0.31282107 0.20721381],25,31,"[0.29817086118518243, 0.1888907481789387]",1,-1
25227,[0.23815837 0.22843922],25,16,"[0.22214342499776796, 0.1812277944104208]",1,-1
25228,[0.37725031 0.37303619],25,1,"[0.33650952271243567, 0.3695039184549852]",1,-1
25229,[0.35187002 0.24808205],25,4,"[0.3937233168939997, 0.29890402186269427]",1,-1
25230,[0.38293512 0.24842151],25,4,"[0.3937233168939997, 0.29890402186269427]",1,-1
25231,[0.37676885 0.34544261],25,1,"[0.33650952271243567, 0.3695039184549852]",1,-1
25232,[0.36825971 0.27723401],25,4,"[0.3937233168939997, 0.29890402186269427]",1,-1
25233,[0.32954547 0.33306716],25,1,"[0.33650952271243567, 0.3695039184549852]",1,-1
25234,[0.30533015 0.294953  ],25,7,"[0.2880919156697789, 0.2889500356712737]",1,-1
25235,[0.37386859 0.29675572],25,4,"[0.3937233168939997, 0.29890402186269427]",1,-1
25236,[0.37303776 0.28260555],25,4,"[0.3937233168939997, 0.29890402186269427]",1,-1
25237,[0.40353837 0.2828262 ],25,4,"[0.3937233168939997, 0.29890402186269427]",1,-1
25238,[0.39108533 0.32591082],25,4,"[0.3937233168939997, 0.29890402186269427]",1,-1
25239,[0.42429762 0.23927837],25,4,"[0.3937233168939997, 0.29890402186269427]",1,-1
25240,[0.31260401 0.32649292],25,7,"[0.2880919156697789, 0.2889500356712737]",1,-1
25241,[0.41677841 0.31857382],25,4,"[0.3937233168939997, 0.29890402186269427]",1,-1
25242,[0.31478984 0.31820578],25,7,"[0.2880919156697789, 0.2889500356712737]",1,-1
25243,[0.3834109  0.31716672],25,4,"[0.3937233168939997, 0.29890402186269427]",1,-1
25244,[0.4036025  0.31914716],25,4,"[0.3937233168939997, 0.29890402186269427]",1,-1
25245,[0.43011363 0.33614139],25,4,"[0.3937233168939997, 0.29890402186269427]",1,-1
25246,[0.41765625 0.24965732],25,4,"[0.3937233168939997, 0.29890402186269427]",1,-1
25247,[0.3518524 0.2283666],25,31,"[0.29817086118518243, 0.1888907481789387]",1,-1
25248,[0.39897163 0.29540601],25,4,"[0.3937233168939997, 0.29890402186269427]",1,-1
25249,[0.3302128 0.2156582],25,31,"[0.29817086118518243, 0.1888907481789387]",1,-1
25250,[0.32758437 0.25353705],25,7,"[0.2880919156697789, 0.2889500356712737]",1,-1
25251,[0.39328068 0.26586368],25,4,"[0.3937233168939997, 0.29890402186269427]",1,-1
25252,[0.36930088 0.19105178],25,-1,-1,1,-1
25253,[0.37989239 0.2998032 ],25,4,"[0.3937233168939997, 0.29890402186269427]",1,-1
25254,[0.42366084 0.26698249],25,4,"[0.3937233168939997, 0.29890402186269427]",1,-1
25255,[0.38488792 0.24452941],25,4,"[0.3937233168939997, 0.29890402186269427]",1,-1
25256,[0.32822696 0.30002958],25,7,"[0.2880919156697789, 0.2889500356712737]",1,-1
25257,[0.36309376 0.37026433],25,1,"[0.33650952271243567, 0.3695039184549852]",1,-1
25258,[0.38397024 0.32410854],25,4,"[0.3937233168939997, 0.29890402186269427]",1,-1
25259,[0.39860779 0.27516328],25,4,"[0.3937233168939997, 0.29890402186269427]",1,-1
25260,[0.38925821 0.34859965],25,4,"[0.3937233168939997, 0.29890402186269427]",1,71
25261,[0.32887801 0.2732831 ],25,7,"[0.2880919156697789, 0.2889500356712737]",1,-1
25262,[0.38972571 0.22459604],25,-1,-1,1,-1
25263,[0.3117019  0.30201285],25,7,"[0.2880919156697789, 0.2889500356712737]",1,-1
25264,[0.47631871 0.26787552],25,-1,-1,1,-1
25265,[0.3873565  0.31716972],25,4,"[0.3937233168939997, 0.29890402186269427]",1,-1
25266,[0.43327419 0.15001666],25,22,"[0.48652568093748694, 0.17046194652960403]",1,-1
25267,[0.35393824 0.2307188 ],25,31,"[0.29817086118518243, 0.1888907481789387]",1,-1
25268,[0.41170447 0.24677532],25,4,"[0.3937233168939997, 0.29890402186269427]",1,-1
25269,[0.4329455  0.36702608],25,37,"[0.4780366509520634, 0.3686118735311782]",1,-1
25270,[0.31266328 0.19511732],25,31,"[0.29817086118518243, 0.1888907481789387]",1,-1
25271,[0.37445665 0.34690368],25,1,"[0.33650952271243567, 0.3695039184549852]",1,-1
25272,[0.39998198 0.29406913],25,4,"[0.3937233168939997, 0.29890402186269427]",1,-1
25273,[0.39381023 0.36675501],25,6,"[0.40123478470159024, 0.40656176249784554]",1,73
25274,[0.39012105 0.36429477],25,6,"[0.40123478470159024, 0.40656176249784554]",1,73
25275,[0.4452209  0.27287625],25,4,"[0.3937233168939997, 0.29890402186269427]",1,-1
25276,[0.26705603 0.34437987],25,0,"[0.2473875480073203, 0.39401489827781994]",1,-1
25277,[0.27196195 0.25647316],25,7,"[0.2880919156697789, 0.2889500356712737]",1,28
25278,[0.31065575 0.2086817 ],25,31,"[0.29817086118518243, 0.1888907481789387]",1,-1
25279,[0.41304327 0.21876493],25,-1,-1,1,-1
25280,[0.41809356 0.25997298],25,4,"[0.3937233168939997, 0.29890402186269427]",1,-1
25281,[0.35207743 0.2732919 ],25,4,"[0.3937233168939997, 0.29890402186269427]",1,-1
25282,[0.42179658 0.36474763],25,6,"[0.40123478470159024, 0.40656176249784554]",1,-1
25283,[0.34319463 0.37607085],25,1,"[0.33650952271243567, 0.3695039184549852]",1,-1
25284,[0.3530678  0.26710008],25,4,"[0.3937233168939997, 0.29890402186269427]",1,-1
25285,[0.37213597 0.26872451],25,4,"[0.3937233168939997, 0.29890402186269427]",1,-1
25286,[0.39105839 0.24878067],25,4,"[0.3937233168939997, 0.29890402186269427]",1,-1
25287,[0.3299513  0.30416648],25,7,"[0.2880919156697789, 0.2889500356712737]",1,-1
25288,[0.37776113 0.2203886 ],25,-1,-1,1,-1
25289,[0.45149216 0.36367551],25,37,"[0.4780366509520634, 0.3686118735311782]",1,-1
25290,[0.34104604 0.31454378],25,4,"[0.3937233168939997, 0.29890402186269427]",1,-1
25291,[0.28463372 0.2829158 ],25,7,"[0.2880919156697789, 0.2889500356712737]",1,-1
25292,[0.31971853 0.25690121],25,7,"[0.2880919156697789, 0.2889500356712737]",1,-1
25293,[0.40025138 0.22325403],25,-1,-1,1,-1
25294,[0.45454761 0.25675339],25,-1,-1,1,-1
25295,[0.3425934 0.3055287],25,4,"[0.3937233168939997, 0.29890402186269427]",1,-1
25296,[0.34980942 0.32342378],25,1,"[0.33650952271243567, 0.3695039184549852]",1,-1
25297,[0.37786459 0.27982662],25,4,"[0.3937233168939997, 0.29890402186269427]",1,-1
25298,[0.40257203 0.24501028],25,4,"[0.3937233168939997, 0.29890402186269427]",1,-1
25299,[0.32533519 0.3842237 ],25,1,"[0.33650952271243567, 0.3695039184549852]",1,-1
25300,[0.32441526 0.35546592],25,1,"[0.33650952271243567, 0.3695039184549852]",1,-1
25301,[0.433727   0.31282821],25,4,"[0.3937233168939997, 0.29890402186269427]",1,-1
25302,[0.34379823 0.3560788 ],25,1,"[0.33650952271243567, 0.3695039184549852]",1,-1
25303,[0.38670857 0.3372441 ],25,4,"[0.3937233168939997, 0.29890402186269427]",1,-1
25304,[0.34603555 0.24549313],25,-1,-1,1,-1
25305,[0.46555754 0.28601642],25,-1,-1,1,-1
25306,[0.35975065 0.32685119],25,4,"[0.3937233168939997, 0.29890402186269427]",1,-1
25307,[0.46876682 0.37985609],25,37,"[0.4780366509520634, 0.3686118735311782]",1,-1
25308,[0.33526266 0.37440978],25,1,"[0.33650952271243567, 0.3695039184549852]",1,-1
25309,[0.34089472 0.30966644],25,4,"[0.3937233168939997, 0.29890402186269427]",1,-1
25310,[0.43224726 0.32602995],25,4,"[0.3937233168939997, 0.29890402186269427]",1,-1
25311,[0.41071277 0.35843605],25,6,"[0.40123478470159024, 0.40656176249784554]",1,-1
25312,[0.44941183 0.21492488],25,22,"[0.48652568093748694, 0.17046194652960403]",1,2
25313,[0.35844253 0.29533402],25,4,"[0.3937233168939997, 0.29890402186269427]",1,-1
25314,[0.32938168 0.39414683],25,1,"[0.33650952271243567, 0.3695039184549852]",1,-1
25315,[0.36166721 0.28639173],25,4,"[0.3937233168939997, 0.29890402186269427]",1,-1
25316,[0.46100191 0.28066485],25,4,"[0.3937233168939997, 0.29890402186269427]",1,-1
25317,[0.35623804 0.34906542],25,1,"[0.33650952271243567, 0.3695039184549852]",1,76
25318,[0.38981899 0.25873138],25,4,"[0.3937233168939997, 0.29890402186269427]",1,-1
25319,[0.34111389 0.17869084],25,31,"[0.29817086118518243, 0.1888907481789387]",1,-1
25320,[0.47744272 0.31392705],25,37,"[0.4780366509520634, 0.3686118735311782]",1,-1
25321,[0.41588817 0.30019414],25,4,"[0.3937233168939997, 0.29890402186269427]",1,-1
25322,[0.42425843 0.3151485 ],25,4,"[0.3937233168939997, 0.29890402186269427]",1,-1
25323,[0.41485419 0.30804746],25,4,"[0.3937233168939997, 0.29890402186269427]",1,-1
25324,[0.33604478 0.25415765],25,7,"[0.2880919156697789, 0.2889500356712737]",1,-1
25325,[0.3454716  0.30454051],25,4,"[0.3937233168939997, 0.29890402186269427]",1,-1
25326,[0.40106674 0.27838192],25,4,"[0.3937233168939997, 0.29890402186269427]",1,-1
25327,[0.35808351 0.23419229],25,-1,-1,1,-1
25328,[0.32083004 0.37315816],25,1,"[0.33650952271243567, 0.3695039184549852]",1,-1
25329,[0.30252606 0.27911049],25,7,"[0.2880919156697789, 0.2889500356712737]",1,-1
25330,[0.4964229  0.27443333],25,-1,-1,1,-1
25331,[0.3927798 0.4138602],25,6,"[0.40123478470159024, 0.40656176249784554]",1,-1
25332,[0.34855416 0.258083  ],25,4,"[0.3937233168939997, 0.29890402186269427]",1,-1
25333,[0.38833007 0.27517266],25,4,"[0.3937233168939997, 0.29890402186269427]",1,-1
25334,[0.32384818 0.31685524],25,7,"[0.2880919156697789, 0.2889500356712737]",1,-1
25335,[0.38142937 0.26670871],25,4,"[0.3937233168939997, 0.29890402186269427]",1,-1
25336,[0.29896669 0.30997708],25,7,"[0.2880919156697789, 0.2889500356712737]",1,-1
25337,[0.27916209 0.30464414],25,7,"[0.2880919156697789, 0.2889500356712737]",1,-1
25338,[0.40414435 0.31237728],25,4,"[0.3937233168939997, 0.29890402186269427]",1,-1
25339,[0.24286137 0.22505823],25,16,"[0.22214342499776796, 0.1812277944104208]",1,31
25340,[0.41487736 0.30102829],25,4,"[0.3937233168939997, 0.29890402186269427]",1,-1
25341,[0.38095714 0.34374128],25,4,"[0.3937233168939997, 0.29890402186269427]",1,-1
25342,[0.4139957 0.2304785],25,-1,-1,1,-1
25343,[0.38991783 0.28665408],25,4,"[0.3937233168939997, 0.29890402186269427]",1,-1
25344,[0.29615959 0.26569006],25,7,"[0.2880919156697789, 0.2889500356712737]",1,-1
25345,[0.27128838 0.24537039],25,7,"[0.2880919156697789, 0.2889500356712737]",1,-1
25346,[0.3508851  0.35839061],25,1,"[0.33650952271243567, 0.3695039184549852]",1,-1
25347,[0.43722965 0.24778849],25,4,"[0.3937233168939997, 0.29890402186269427]",1,-1
25348,[0.34594615 0.29582086],25,4,"[0.3937233168939997, 0.29890402186269427]",1,-1
25349,[0.37320281 0.32304604],25,4,"[0.3937233168939997, 0.29890402186269427]",1,-1
25350,[0.43497574 0.31484126],25,4,"[0.3937233168939997, 0.29890402186269427]",1,-1
25351,[0.4205936  0.32484251],25,4,"[0.3937233168939997, 0.29890402186269427]",1,-1
25352,[0.3150495  0.28382966],25,7,"[0.2880919156697789, 0.2889500356712737]",1,-1
25353,[0.35932125 0.35823667],25,1,"[0.33650952271243567, 0.3695039184549852]",1,-1
25354,[0.33023838 0.29143501],25,7,"[0.2880919156697789, 0.2889500356712737]",1,-1
25355,[0.34688572 0.25345947],25,4,"[0.3937233168939997, 0.29890402186269427]",1,-1
25356,[0.34201131 0.36025636],25,1,"[0.33650952271243567, 0.3695039184549852]",1,-1
25357,[0.38916925 0.25179825],25,4,"[0.3937233168939997, 0.29890402186269427]",1,-1
25358,[0.3550457  0.32189877],25,4,"[0.3937233168939997, 0.29890402186269427]",1,-1
25359,[0.37701887 0.35612823],25,1,"[0.33650952271243567, 0.3695039184549852]",1,-1
25360,[0.35118993 0.28425839],25,4,"[0.3937233168939997, 0.29890402186269427]",1,-1
25361,[0.49717523 0.25859983],25,-1,-1,1,-1
25362,[0.40526075 0.26337265],25,4,"[0.3937233168939997, 0.29890402186269427]",1,-1
25363,[0.40584855 0.32507532],25,4,"[0.3937233168939997, 0.29890402186269427]",1,-1
25364,[0.35571459 0.22132625],25,31,"[0.29817086118518243, 0.1888907481789387]",1,-1
25365,[0.32803008 0.3305081 ],25,1,"[0.33650952271243567, 0.3695039184549852]",1,62
25366,[0.31893116 0.23888548],25,31,"[0.29817086118518243, 0.1888907481789387]",1,-1
25367,[0.37490896 0.23360447],25,4,"[0.3937233168939997, 0.29890402186269427]",1,-1
25368,[0.37403024 0.35952852],25,1,"[0.33650952271243567, 0.3695039184549852]",1,-1
25369,[0.3338504  0.23528258],25,31,"[0.29817086118518243, 0.1888907481789387]",1,-1
25370,[0.38887371 0.24163257],25,4,"[0.3937233168939997, 0.29890402186269427]",1,-1
25371,[0.42677268 0.24454824],25,4,"[0.3937233168939997, 0.29890402186269427]",1,-1
25372,[0.45777039 0.29903372],25,4,"[0.3937233168939997, 0.29890402186269427]",1,-1
25373,[0.43634949 0.36471614],25,37,"[0.4780366509520634, 0.3686118735311782]",1,-1
25374,[0.30387334 0.19669751],25,31,"[0.29817086118518243, 0.1888907481789387]",1,-1
25375,[0.39462128 0.34749045],25,4,"[0.3937233168939997, 0.29890402186269427]",1,71
25376,[0.33960126 0.34995455],25,1,"[0.33650952271243567, 0.3695039184549852]",1,-1
25377,[0.34320074 0.27355123],25,4,"[0.3937233168939997, 0.29890402186269427]",1,-1
25378,[0.42207211 0.24933372],25,4,"[0.3937233168939997, 0.29890402186269427]",1,-1
25379,[0.39771039 0.28335949],25,4,"[0.3937233168939997, 0.29890402186269427]",1,-1
25380,[0.43367086 0.30485859],25,4,"[0.3937233168939997, 0.29890402186269427]",1,-1
25381,[0.35043417 0.31279336],25,4,"[0.3937233168939997, 0.29890402186269427]",1,-1
25382,[0.3952419  0.28874442],25,4,"[0.3937233168939997, 0.29890402186269427]",1,-1
25383,[0.37987923 0.32414558],25,4,"[0.3937233168939997, 0.29890402186269427]",1,-1
25384,[0.44064685 0.38834384],25,37,"[0.4780366509520634, 0.3686118735311782]",1,-1
25385,[0.34537785 0.31448354],25,4,"[0.3937233168939997, 0.29890402186269427]",1,-1
25386,[0.41203816 0.32409749],25,4,"[0.3937233168939997, 0.29890402186269427]",1,-1
25387,[0.42016224 0.31674193],25,4,"[0.3937233168939997, 0.29890402186269427]",1,-1
25388,[0.48209878 0.27185207],25,-1,-1,1,-1
25389,[0.32481868 0.2450306 ],25,7,"[0.2880919156697789, 0.2889500356712737]",1,-1
25390,[0.4018449  0.16076825],25,-1,-1,1,-1
25391,[0.37487921 0.2893047 ],25,4,"[0.3937233168939997, 0.29890402186269427]",1,-1
25392,[0.29723678 0.30862073],25,7,"[0.2880919156697789, 0.2889500356712737]",1,-1
25393,[0.33915211 0.34357411],25,1,"[0.33650952271243567, 0.3695039184549852]",1,-1
25394,[0.33459157 0.30535793],25,7,"[0.2880919156697789, 0.2889500356712737]",1,-1
25395,[0.37632333 0.25854023],25,4,"[0.3937233168939997, 0.29890402186269427]",1,-1
25396,[0.26634635 0.30309575],25,7,"[0.2880919156697789, 0.2889500356712737]",1,25
25397,[0.32876176 0.26550194],25,7,"[0.2880919156697789, 0.2889500356712737]",1,-1
25398,[0.36821128 0.25219926],25,4,"[0.3937233168939997, 0.29890402186269427]",1,-1
25399,[0.42931435 0.25761249],25,4,"[0.3937233168939997, 0.29890402186269427]",1,-1
25400,[0.3204235  0.27488951],25,7,"[0.2880919156697789, 0.2889500356712737]",1,-1
25401,[0.32195918 0.36059105],25,1,"[0.33650952271243567, 0.3695039184549852]",1,-1
25402,[0.36074987 0.25840571],25,4,"[0.3937233168939997, 0.29890402186269427]",1,-1
25403,[0.40758776 0.26156989],25,4,"[0.3937233168939997, 0.29890402186269427]",1,-1
25404,[0.37212007 0.26247911],25,4,"[0.3937233168939997, 0.29890402186269427]",1,-1
25405,[0.37924565 0.28238111],25,4,"[0.3937233168939997, 0.29890402186269427]",1,-1
25406,[0.38017616 0.33983115],25,4,"[0.3937233168939997, 0.29890402186269427]",1,-1
25407,[0.33007579 0.33172774],25,1,"[0.33650952271243567, 0.3695039184549852]",1,62
25408,[0.39280907 0.2463468 ],25,4,"[0.3937233168939997, 0.29890402186269427]",1,-1
25409,[0.37951206 0.27036598],25,4,"[0.3937233168939997, 0.29890402186269427]",1,-1
25410,[0.3860438  0.33813802],25,4,"[0.3937233168939997, 0.29890402186269427]",1,-1
25411,[0.3680246  0.38390284],25,1,"[0.33650952271243567, 0.3695039184549852]",1,-1
25412,[0.39062766 0.29700545],25,4,"[0.3937233168939997, 0.29890402186269427]",1,-1
25413,[0.36137809 0.30676092],25,4,"[0.3937233168939997, 0.29890402186269427]",1,-1
25414,[0.33380724 0.31740051],25,1,"[0.33650952271243567, 0.3695039184549852]",1,-1
25415,[0.30020889 0.33248667],25,7,"[0.2880919156697789, 0.2889500356712737]",1,-1
25416,[0.37600927 0.2511235 ],25,4,"[0.3937233168939997, 0.29890402186269427]",1,-1
25417,[0.36770349 0.25148034],25,4,"[0.3937233168939997, 0.29890402186269427]",1,-1
25418,[0.36631038 0.31194296],25,4,"[0.3937233168939997, 0.29890402186269427]",1,-1
25419,[0.40450734 0.26283284],25,4,"[0.3937233168939997, 0.29890402186269427]",1,-1
25420,[0.42794838 0.39562998],25,6,"[0.40123478470159024, 0.40656176249784554]",1,-1
25421,[0.44439434 0.29828226],25,4,"[0.3937233168939997, 0.29890402186269427]",1,-1
25422,[0.45889904 0.35094844],25,37,"[0.4780366509520634, 0.3686118735311782]",1,-1
25423,[0.31788257 0.37619597],25,1,"[0.33650952271243567, 0.3695039184549852]",1,-1
25424,[0.44708545 0.31488305],25,4,"[0.3937233168939997, 0.29890402186269427]",1,-1
25425,[0.31390694 0.182164  ],25,31,"[0.29817086118518243, 0.1888907481789387]",1,-1
25426,[0.36971452 0.29616495],25,4,"[0.3937233168939997, 0.29890402186269427]",1,-1
25427,[0.3797458  0.30356874],25,4,"[0.3937233168939997, 0.29890402186269427]",1,-1
25428,[0.29111679 0.2923494 ],25,7,"[0.2880919156697789, 0.2889500356712737]",1,-1
25429,[0.40016715 0.29620805],25,4,"[0.3937233168939997, 0.29890402186269427]",1,-1
25430,[0.41517664 0.27520216],25,4,"[0.3937233168939997, 0.29890402186269427]",1,-1
25431,[0.37998897 0.19253058],25,-1,-1,1,-1
25432,[0.36893859 0.34875747],25,1,"[0.33650952271243567, 0.3695039184549852]",1,-1
25433,[0.44978208 0.31372506],25,4,"[0.3937233168939997, 0.29890402186269427]",1,-1
25434,[0.365989   0.29729034],25,4,"[0.3937233168939997, 0.29890402186269427]",1,-1
25435,[0.32749672 0.20821039],25,31,"[0.29817086118518243, 0.1888907481789387]",1,-1
25436,[0.44699595 0.36392333],25,37,"[0.4780366509520634, 0.3686118735311782]",1,-1
25437,[0.31966969 0.30745426],25,7,"[0.2880919156697789, 0.2889500356712737]",1,-1
25438,[0.42215915 0.21888358],25,-1,-1,1,-1
25439,[0.39456039 0.25111962],25,4,"[0.3937233168939997, 0.29890402186269427]",1,-1
25440,[0.33393795 0.31958459],25,1,"[0.33650952271243567, 0.3695039184549852]",1,-1
25441,[0.3877764  0.26404435],25,4,"[0.3937233168939997, 0.29890402186269427]",1,-1
25442,[0.35662052 0.34887013],25,1,"[0.33650952271243567, 0.3695039184549852]",1,76
25443,[0.41539483 0.28978355],25,4,"[0.3937233168939997, 0.29890402186269427]",1,-1
25444,[0.4346155  0.34392903],25,37,"[0.4780366509520634, 0.3686118735311782]",1,-1
25445,[0.37083404 0.26418403],25,4,"[0.3937233168939997, 0.29890402186269427]",1,-1
25446,[0.26630012 0.27674773],25,7,"[0.2880919156697789, 0.2889500356712737]",1,-1
25447,[0.32346582 0.25317577],25,7,"[0.2880919156697789, 0.2889500356712737]",1,-1
25448,[0.44708709 0.33032736],25,37,"[0.4780366509520634, 0.3686118735311782]",1,-1
25449,[0.45022032 0.29439593],25,4,"[0.3937233168939997, 0.29890402186269427]",1,-1
25450,[0.39016669 0.32462524],25,4,"[0.3937233168939997, 0.29890402186269427]",1,-1
25451,[0.35116315 0.26087785],25,4,"[0.3937233168939997, 0.29890402186269427]",1,-1
25452,[0.42674323 0.30555248],25,4,"[0.3937233168939997, 0.29890402186269427]",1,-1
25453,[0.36508839 0.25128028],25,4,"[0.3937233168939997, 0.29890402186269427]",1,-1
25454,[0.34304538 0.35418196],25,1,"[0.33650952271243567, 0.3695039184549852]",1,-1
25455,[0.36746789 0.32423034],25,4,"[0.3937233168939997, 0.29890402186269427]",1,-1
25456,[0.39730054 0.32520716],25,4,"[0.3937233168939997, 0.29890402186269427]",1,-1
25457,[0.35115647 0.38369743],25,1,"[0.33650952271243567, 0.3695039184549852]",1,-1
25458,[0.32298156 0.24947297],25,7,"[0.2880919156697789, 0.2889500356712737]",1,-1
25459,[0.47352407 0.2801595 ],25,-1,-1,1,-1
25460,[0.38295738 0.38863426],25,6,"[0.40123478470159024, 0.40656176249784554]",1,-1
25461,[0.45211267 0.30597219],25,4,"[0.3937233168939997, 0.29890402186269427]",1,-1
25462,[0.32455359 0.39780335],25,1,"[0.33650952271243567, 0.3695039184549852]",1,-1
25463,[0.35558618 0.31608504],25,4,"[0.3937233168939997, 0.29890402186269427]",1,-1
25464,[0.37958504 0.31799488],25,4,"[0.3937233168939997, 0.29890402186269427]",1,-1
25465,[0.36349573 0.28637253],25,4,"[0.3937233168939997, 0.29890402186269427]",1,-1
25466,[0.42035238 0.28538026],25,4,"[0.3937233168939997, 0.29890402186269427]",1,-1
25467,[0.35223619 0.32224456],25,4,"[0.3937233168939997, 0.29890402186269427]",1,-1
25468,[0.37814022 0.29657516],25,4,"[0.3937233168939997, 0.29890402186269427]",1,-1
25469,[0.30938537 0.24596044],25,7,"[0.2880919156697789, 0.2889500356712737]",1,-1
25470,[0.31438226 0.22991948],25,31,"[0.29817086118518243, 0.1888907481789387]",1,-1
25471,[0.34510782 0.22858786],25,31,"[0.29817086118518243, 0.1888907481789387]",1,-1
25472,[0.3846068  0.32211229],25,4,"[0.3937233168939997, 0.29890402186269427]",1,-1
25473,[0.36073598 0.15833675],25,31,"[0.29817086118518243, 0.1888907481789387]",1,-1
25474,[0.44004048 0.28092804],25,4,"[0.3937233168939997, 0.29890402186269427]",1,-1
25475,[0.29274109 0.27081621],25,7,"[0.2880919156697789, 0.2889500356712737]",1,-1
25476,[0.37353891 0.33731758],25,4,"[0.3937233168939997, 0.29890402186269427]",1,-1
25477,[0.36195487 0.21233875],25,31,"[0.29817086118518243, 0.1888907481789387]",1,-1
25478,[0.33165476 0.2723668 ],25,7,"[0.2880919156697789, 0.2889500356712737]",1,-1
25479,[0.41251104 0.23131125],25,-1,-1,1,-1
25480,[0.41352285 0.30065972],25,4,"[0.3937233168939997, 0.29890402186269427]",1,-1
25481,[0.35489228 0.16925737],25,31,"[0.29817086118518243, 0.1888907481789387]",1,-1
25482,[0.30440307 0.41822105],25,13,"[0.32294489274299887, 0.4620611538839558]",1,-1
25483,[0.44155137 0.27915857],25,4,"[0.3937233168939997, 0.29890402186269427]",1,-1
25484,[0.37017846 0.35657862],25,1,"[0.33650952271243567, 0.3695039184549852]",1,-1
25485,[0.42821717 0.21638425],25,-1,-1,1,-1
25486,[0.30824262 0.32303616],25,7,"[0.2880919156697789, 0.2889500356712737]",1,-1
25487,[0.36821091 0.36151033],25,1,"[0.33650952271243567, 0.3695039184549852]",1,-1
25488,[0.38809884 0.27286268],25,4,"[0.3937233168939997, 0.29890402186269427]",1,-1
25489,[0.32782858 0.21259492],25,31,"[0.29817086118518243, 0.1888907481789387]",1,-1
25490,[0.3778549  0.27950588],25,4,"[0.3937233168939997, 0.29890402186269427]",1,-1
25491,[0.41663876 0.32460901],25,4,"[0.3937233168939997, 0.29890402186269427]",1,-1
25492,[0.39483869 0.20970165],25,-1,-1,1,-1
25493,[0.35966451 0.34892223],25,1,"[0.33650952271243567, 0.3695039184549852]",1,76
25494,[0.32720635 0.28967242],25,7,"[0.2880919156697789, 0.2889500356712737]",1,-1
25495,[0.38477351 0.31796582],25,4,"[0.3937233168939997, 0.29890402186269427]",1,-1
25496,[0.36729421 0.12697836],25,-1,-1,1,-1
25497,[0.41647654 0.2829019 ],25,4,"[0.3937233168939997, 0.29890402186269427]",1,-1
25498,[0.39467469 0.3600357 ],25,6,"[0.40123478470159024, 0.40656176249784554]",1,-1
25499,[0.34339906 0.33850471],25,1,"[0.33650952271243567, 0.3695039184549852]",1,-1
25500,[0.36358104 0.36121417],25,1,"[0.33650952271243567, 0.3695039184549852]",1,-1
25501,[0.44856787 0.29095663],25,4,"[0.3937233168939997, 0.29890402186269427]",1,-1
25502,[0.37419887 0.26339995],25,4,"[0.3937233168939997, 0.29890402186269427]",1,-1
25503,[0.43316766 0.32614826],25,4,"[0.3937233168939997, 0.29890402186269427]",1,-1
25504,[0.33173268 0.28110214],25,7,"[0.2880919156697789, 0.2889500356712737]",1,-1
25505,[0.37931708 0.25293088],25,4,"[0.3937233168939997, 0.29890402186269427]",1,-1
25506,[0.40367371 0.25449091],25,4,"[0.3937233168939997, 0.29890402186269427]",1,-1
25507,[0.37687465 0.35486035],25,1,"[0.33650952271243567, 0.3695039184549852]",1,-1
25508,[0.53487842 0.2774896 ],25,-1,-1,1,-1
25509,[0.35851917 0.24877747],25,4,"[0.3937233168939997, 0.29890402186269427]",1,-1
25510,[0.39289909 0.25374642],25,4,"[0.3937233168939997, 0.29890402186269427]",1,-1
25511,[0.38938444 0.21399536],25,-1,-1,1,-1
25512,[0.40285659 0.27990161],25,4,"[0.3937233168939997, 0.29890402186269427]",1,-1
25513,[0.38260359 0.20334142],25,-1,-1,1,-1
25514,[0.37898804 0.34792893],25,1,"[0.33650952271243567, 0.3695039184549852]",1,-1
25515,[0.37529879 0.24453653],25,4,"[0.3937233168939997, 0.29890402186269427]",1,-1
25516,[0.40029639 0.25020762],25,4,"[0.3937233168939997, 0.29890402186269427]",1,-1
25517,[0.45014325 0.31078561],25,4,"[0.3937233168939997, 0.29890402186269427]",1,-1
25518,[0.3581924  0.31375911],25,4,"[0.3937233168939997, 0.29890402186269427]",1,-1
25519,[0.34762416 0.25654312],25,4,"[0.3937233168939997, 0.29890402186269427]",1,-1
25520,[0.37335102 0.23595652],25,4,"[0.3937233168939997, 0.29890402186269427]",1,-1
25521,[0.3773544  0.22564417],25,-1,-1,1,-1
25522,[0.39572941 0.28806439],25,4,"[0.3937233168939997, 0.29890402186269427]",1,-1
25523,[0.49773971 0.32030251],25,37,"[0.4780366509520634, 0.3686118735311782]",1,-1
25524,[0.4038735  0.26894058],25,4,"[0.3937233168939997, 0.29890402186269427]",1,-1
25525,[0.36309693 0.28218957],25,4,"[0.3937233168939997, 0.29890402186269427]",1,-1
25526,[0.2755522  0.23636165],25,31,"[0.29817086118518243, 0.1888907481789387]",1,-1
25527,[0.37197107 0.3835778 ],25,6,"[0.40123478470159024, 0.40656176249784554]",1,-1
25528,[0.39335658 0.27770905],25,4,"[0.3937233168939997, 0.29890402186269427]",1,-1
25529,[0.35336011 0.23306012],25,-1,-1,1,-1
25530,[0.39064349 0.20584438],25,-1,-1,1,-1
25531,[0.34268137 0.33213727],25,1,"[0.33650952271243567, 0.3695039184549852]",1,-1
25532,[0.37629569 0.17000554],25,-1,-1,1,-1
25533,[0.37640294 0.34749347],25,1,"[0.33650952271243567, 0.3695039184549852]",1,-1
25534,[0.40936472 0.31659499],25,4,"[0.3937233168939997, 0.29890402186269427]",1,-1
25535,[0.4166983  0.21454126],25,-1,-1,1,-1
25536,[0.38936957 0.31711973],25,4,"[0.3937233168939997, 0.29890402186269427]",1,-1
25537,[0.27976275 0.32397515],25,7,"[0.2880919156697789, 0.2889500356712737]",1,-1
25538,[0.40029907 0.29427429],25,4,"[0.3937233168939997, 0.29890402186269427]",1,-1
25539,[0.34067443 0.19833871],25,31,"[0.29817086118518243, 0.1888907481789387]",1,-1
25540,[0.36941836 0.31858971],25,4,"[0.3937233168939997, 0.29890402186269427]",1,-1
25541,[0.40751127 0.32862161],25,4,"[0.3937233168939997, 0.29890402186269427]",1,-1
25542,[0.40857743 0.27292095],25,4,"[0.3937233168939997, 0.29890402186269427]",1,-1
25543,[0.41048282 0.29868968],25,4,"[0.3937233168939997, 0.29890402186269427]",1,-1
25544,[0.35601955 0.20709079],25,31,"[0.29817086118518243, 0.1888907481789387]",1,-1
25545,[0.33375703 0.41692864],25,13,"[0.32294489274299887, 0.4620611538839558]",1,-1
25546,[0.39498956 0.31681361],25,4,"[0.3937233168939997, 0.29890402186269427]",1,-1
25547,[0.3254613  0.31052182],25,7,"[0.2880919156697789, 0.2889500356712737]",1,-1
25548,[0.41336253 0.29802929],25,4,"[0.3937233168939997, 0.29890402186269427]",1,-1
25549,[0.35440937 0.25244696],25,4,"[0.3937233168939997, 0.29890402186269427]",1,-1
25550,[0.32489367 0.29641971],25,7,"[0.2880919156697789, 0.2889500356712737]",1,-1
25551,[0.35280639 0.30452855],25,4,"[0.3937233168939997, 0.29890402186269427]",1,-1
25552,[0.44073832 0.28808036],25,4,"[0.3937233168939997, 0.29890402186269427]",1,-1
25553,[0.38560266 0.33892548],25,4,"[0.3937233168939997, 0.29890402186269427]",1,-1
25554,[0.40337589 0.37175776],25,6,"[0.40123478470159024, 0.40656176249784554]",1,-1
25555,[0.42393664 0.26937724],25,4,"[0.3937233168939997, 0.29890402186269427]",1,-1
25556,[0.37657952 0.32700689],25,4,"[0.3937233168939997, 0.29890402186269427]",1,-1
25557,[0.38558658 0.25160875],25,4,"[0.3937233168939997, 0.29890402186269427]",1,-1
25558,[0.32601392 0.36138057],25,1,"[0.33650952271243567, 0.3695039184549852]",1,-1
25559,[0.38102727 0.29683793],25,4,"[0.3937233168939997, 0.29890402186269427]",1,-1
25560,[0.31817875 0.27978473],25,7,"[0.2880919156697789, 0.2889500356712737]",1,-1
25561,[0.47971965 0.26081417],25,-1,-1,1,-1
25562,[0.39206141 0.25639179],25,4,"[0.3937233168939997, 0.29890402186269427]",1,-1
25563,[0.35102602 0.35867675],25,1,"[0.33650952271243567, 0.3695039184549852]",1,-1
25564,[0.34605745 0.27352092],25,4,"[0.3937233168939997, 0.29890402186269427]",1,-1
25565,[0.38621002 0.28000713],25,4,"[0.3937233168939997, 0.29890402186269427]",1,-1
25566,[0.34925555 0.31976535],25,4,"[0.3937233168939997, 0.29890402186269427]",1,-1
25567,[0.33885573 0.24421411],25,7,"[0.2880919156697789, 0.2889500356712737]",1,-1
25568,[0.39237531 0.28054181],25,4,"[0.3937233168939997, 0.29890402186269427]",1,-1
25569,[0.34216271 0.33696496],25,1,"[0.33650952271243567, 0.3695039184549852]",1,-1
25570,[0.396913   0.27118278],25,4,"[0.3937233168939997, 0.29890402186269427]",1,-1
25571,[0.37513709 0.32996865],25,4,"[0.3937233168939997, 0.29890402186269427]",1,-1
25572,[0.32335211 0.1997543 ],25,31,"[0.29817086118518243, 0.1888907481789387]",1,-1
25573,[0.38939105 0.25228517],25,4,"[0.3937233168939997, 0.29890402186269427]",1,-1
25574,[0.29757641 0.26553549],25,7,"[0.2880919156697789, 0.2889500356712737]",1,-1
25575,[0.38759458 0.26309547],25,4,"[0.3937233168939997, 0.29890402186269427]",1,-1
25576,[0.259112  0.2965281],25,7,"[0.2880919156697789, 0.2889500356712737]",1,25
25577,[0.33884005 0.25072512],25,7,"[0.2880919156697789, 0.2889500356712737]",1,-1
25578,[0.40541856 0.30494455],25,4,"[0.3937233168939997, 0.29890402186269427]",1,-1
25579,[0.47043048 0.25490763],25,-1,-1,1,-1
25580,[0.36200234 0.35173155],25,1,"[0.33650952271243567, 0.3695039184549852]",1,-1
25581,[0.31187202 0.32362063],25,7,"[0.2880919156697789, 0.2889500356712737]",1,-1
25582,[0.36031858 0.3767073 ],25,1,"[0.33650952271243567, 0.3695039184549852]",1,-1
25583,[0.33881331 0.30423886],25,7,"[0.2880919156697789, 0.2889500356712737]",1,-1
25584,[0.36407495 0.29418631],25,4,"[0.3937233168939997, 0.29890402186269427]",1,-1
25585,[0.3745284  0.31704918],25,4,"[0.3937233168939997, 0.29890402186269427]",1,-1
25586,[0.43016352 0.23852383],25,-1,-1,1,-1
25587,[0.29179703 0.38222647],25,0,"[0.2473875480073203, 0.39401489827781994]",1,-1
25588,[0.38250057 0.18732397],25,-1,-1,1,-1
25589,[0.30878349 0.30970882],25,7,"[0.2880919156697789, 0.2889500356712737]",1,-1
25590,[0.33661193 0.31397583],25,7,"[0.2880919156697789, 0.2889500356712737]",1,-1
25591,[0.40634402 0.38698962],25,6,"[0.40123478470159024, 0.40656176249784554]",1,-1
25592,[0.33506195 0.24695632],25,7,"[0.2880919156697789, 0.2889500356712737]",1,-1
25593,[0.40408179 0.30372713],25,4,"[0.3937233168939997, 0.29890402186269427]",1,-1
25594,[0.41741635 0.26880036],25,4,"[0.3937233168939997, 0.29890402186269427]",1,-1
25595,[0.36825506 0.28611148],25,4,"[0.3937233168939997, 0.29890402186269427]",1,-1
25596,[0.38428729 0.33253901],25,4,"[0.3937233168939997, 0.29890402186269427]",1,-1
25597,[0.4730471  0.32585462],25,37,"[0.4780366509520634, 0.3686118735311782]",1,-1
25598,[0.41651942 0.27417382],25,4,"[0.3937233168939997, 0.29890402186269427]",1,-1
25599,[0.37432368 0.27172355],25,4,"[0.3937233168939997, 0.29890402186269427]",1,-1
25600,[0.3198451  0.36480818],25,1,"[0.33650952271243567, 0.3695039184549852]",1,-1
25601,[0.39459144 0.34014701],25,4,"[0.3937233168939997, 0.29890402186269427]",1,-1
25602,[0.34830604 0.3483977 ],25,1,"[0.33650952271243567, 0.3695039184549852]",1,-1
25603,[0.34663636 0.24069618],25,-1,-1,1,-1
25604,[0.34127178 0.37147421],25,1,"[0.33650952271243567, 0.3695039184549852]",1,-1
25605,[0.3967184 0.3191055],25,4,"[0.3937233168939997, 0.29890402186269427]",1,-1
25606,[0.31361122 0.22817159],25,31,"[0.29817086118518243, 0.1888907481789387]",1,-1
25607,[0.26014473 0.31142335],25,7,"[0.2880919156697789, 0.2889500356712737]",1,-1
25608,[0.34271515 0.27260786],25,7,"[0.2880919156697789, 0.2889500356712737]",1,-1
25609,[0.42391819 0.21142897],25,-1,-1,1,-1
25610,[0.37776139 0.2904241 ],25,4,"[0.3937233168939997, 0.29890402186269427]",1,-1
25611,[0.3087059  0.21673575],25,31,"[0.29817086118518243, 0.1888907481789387]",1,-1
25612,[0.39192365 0.29734593],25,4,"[0.3937233168939997, 0.29890402186269427]",1,-1
25613,[0.46269501 0.21122553],25,22,"[0.48652568093748694, 0.17046194652960403]",1,2
25614,[0.39874621 0.21788706],25,-1,-1,1,-1
25615,[0.50278599 0.29513691],25,-1,-1,1,-1
25616,[0.28782321 0.27113   ],25,7,"[0.2880919156697789, 0.2889500356712737]",1,-1
25617,[0.40455133 0.33070186],25,4,"[0.3937233168939997, 0.29890402186269427]",1,-1
25618,[0.39733451 0.39329205],25,6,"[0.40123478470159024, 0.40656176249784554]",1,-1
25619,[0.36201832 0.33301909],25,1,"[0.33650952271243567, 0.3695039184549852]",1,-1
25620,[0.32314511 0.38201316],25,1,"[0.33650952271243567, 0.3695039184549852]",1,-1
25621,[0.33608598 0.26516096],25,7,"[0.2880919156697789, 0.2889500356712737]",1,-1
25622,[0.30846061 0.23452639],25,31,"[0.29817086118518243, 0.1888907481789387]",1,-1
25623,[0.34389016 0.31550582],25,4,"[0.3937233168939997, 0.29890402186269427]",1,-1
25624,[0.40041704 0.35297043],25,6,"[0.40123478470159024, 0.40656176249784554]",1,71
25625,[0.37289409 0.34300749],25,1,"[0.33650952271243567, 0.3695039184549852]",1,-1
25626,[0.38222848 0.29422746],25,4,"[0.3937233168939997, 0.29890402186269427]",1,-1
25627,[0.3675765  0.28637206],25,4,"[0.3937233168939997, 0.29890402186269427]",1,-1
25628,[0.42013989 0.26940287],25,4,"[0.3937233168939997, 0.29890402186269427]",1,-1
25629,[0.35955296 0.25704364],25,4,"[0.3937233168939997, 0.29890402186269427]",1,-1
25630,[0.37593925 0.13603954],25,-1,-1,1,-1
25631,[0.40497445 0.27646523],25,4,"[0.3937233168939997, 0.29890402186269427]",1,-1
25632,[0.38254964 0.21516721],25,-1,-1,1,-1
25633,[0.39567435 0.37223974],25,6,"[0.40123478470159024, 0.40656176249784554]",1,-1
25634,[0.34324033 0.31112553],25,4,"[0.3937233168939997, 0.29890402186269427]",1,-1
25635,[0.39284145 0.34580562],25,4,"[0.3937233168939997, 0.29890402186269427]",1,71
25636,[0.42109361 0.28620789],25,4,"[0.3937233168939997, 0.29890402186269427]",1,-1
25637,[0.32147553 0.3356797 ],25,1,"[0.33650952271243567, 0.3695039184549852]",1,-1
25638,[0.41370538 0.34935421],25,4,"[0.3937233168939997, 0.29890402186269427]",1,-1
25639,[0.35179676 0.38226722],25,1,"[0.33650952271243567, 0.3695039184549852]",1,-1
25640,[0.32640514 0.31395159],25,7,"[0.2880919156697789, 0.2889500356712737]",1,-1
25641,[0.2747859  0.39081476],25,0,"[0.2473875480073203, 0.39401489827781994]",1,-1
25642,[0.34002183 0.30175914],25,7,"[0.2880919156697789, 0.2889500356712737]",1,-1
25643,[0.37488221 0.29565737],25,4,"[0.3937233168939997, 0.29890402186269427]",1,-1
25644,[0.37105163 0.29770076],25,4,"[0.3937233168939997, 0.29890402186269427]",1,-1
25645,[0.34385958 0.22479523],25,31,"[0.29817086118518243, 0.1888907481789387]",1,-1
25646,[0.41199342 0.26283225],25,4,"[0.3937233168939997, 0.29890402186269427]",1,-1
25647,[0.42659432 0.22989546],25,-1,-1,1,-1
25648,[0.34520434 0.28315421],25,4,"[0.3937233168939997, 0.29890402186269427]",1,-1
25649,[0.43131672 0.26330362],25,4,"[0.3937233168939997, 0.29890402186269427]",1,-1
25650,[0.34478201 0.30204477],25,4,"[0.3937233168939997, 0.29890402186269427]",1,-1
25651,[0.25895453 0.32077157],25,7,"[0.2880919156697789, 0.2889500356712737]",1,-1
25652,[0.36060458 0.24802751],25,4,"[0.3937233168939997, 0.29890402186269427]",1,-1
25653,[0.31229691 0.34539125],25,1,"[0.33650952271243567, 0.3695039184549852]",1,-1
25654,[0.40204478 0.30484861],25,4,"[0.3937233168939997, 0.29890402186269427]",1,-1
25655,[0.3766245 0.3368125],25,4,"[0.3937233168939997, 0.29890402186269427]",1,-1
25656,[0.42894182 0.27455269],25,4,"[0.3937233168939997, 0.29890402186269427]",1,-1
25657,[0.3599074  0.34874806],25,1,"[0.33650952271243567, 0.3695039184549852]",1,76
25658,[0.34002257 0.3407722 ],25,1,"[0.33650952271243567, 0.3695039184549852]",1,-1
25659,[0.40479333 0.29122068],25,4,"[0.3937233168939997, 0.29890402186269427]",1,-1
25660,[0.31110499 0.25936232],25,7,"[0.2880919156697789, 0.2889500356712737]",1,-1
25661,[0.30896489 0.32421747],25,7,"[0.2880919156697789, 0.2889500356712737]",1,-1
25662,[0.34100115 0.27533607],25,7,"[0.2880919156697789, 0.2889500356712737]",1,-1
25663,[0.36220457 0.18722379],25,31,"[0.29817086118518243, 0.1888907481789387]",1,-1
25664,[0.34787453 0.20745393],25,31,"[0.29817086118518243, 0.1888907481789387]",1,-1
25665,[0.38630831 0.37978766],25,6,"[0.40123478470159024, 0.40656176249784554]",1,-1
25666,[0.39678118 0.22756598],25,-1,-1,1,-1
25667,[0.37681489 0.25324496],25,4,"[0.3937233168939997, 0.29890402186269427]",1,-1
25668,[0.34377987 0.28940054],25,4,"[0.3937233168939997, 0.29890402186269427]",1,-1
25669,[0.41599295 0.29856364],25,4,"[0.3937233168939997, 0.29890402186269427]",1,-1
25670,[0.41732251 0.36983199],25,6,"[0.40123478470159024, 0.40656176249784554]",1,-1
25671,[0.35777593 0.30892386],25,4,"[0.3937233168939997, 0.29890402186269427]",1,-1
25672,[0.37003773 0.36651474],25,1,"[0.33650952271243567, 0.3695039184549852]",1,-1
25673,[0.46596293 0.22268833],25,22,"[0.48652568093748694, 0.17046194652960403]",1,-1
25674,[0.44005512 0.24419779],25,-1,-1,1,-1
25675,[0.34411256 0.31509576],25,4,"[0.3937233168939997, 0.29890402186269427]",1,-1
25676,[0.33165698 0.36310818],25,1,"[0.33650952271243567, 0.3695039184549852]",1,-1
25677,[0.35180748 0.34967826],25,1,"[0.33650952271243567, 0.3695039184549852]",1,-1
25678,[0.40837546 0.27121135],25,4,"[0.3937233168939997, 0.29890402186269427]",1,-1
25679,[0.37894948 0.22043944],25,-1,-1,1,-1
25680,[0.31259732 0.32462094],25,7,"[0.2880919156697789, 0.2889500356712737]",1,62
25681,[0.41064942 0.25378119],25,4,"[0.3937233168939997, 0.29890402186269427]",1,-1
25682,[0.39110863 0.29931488],25,4,"[0.3937233168939997, 0.29890402186269427]",1,-1
25683,[0.40174279 0.28643045],25,4,"[0.3937233168939997, 0.29890402186269427]",1,-1
25684,[0.414531   0.31503643],25,4,"[0.3937233168939997, 0.29890402186269427]",1,-1
25685,[0.36888126 0.25061621],25,4,"[0.3937233168939997, 0.29890402186269427]",1,-1
25686,[0.3566551  0.31020215],25,4,"[0.3937233168939997, 0.29890402186269427]",1,-1
25687,[0.48625694 0.2634996 ],25,-1,-1,1,-1
25688,[0.34879539 0.26797278],25,4,"[0.3937233168939997, 0.29890402186269427]",1,-1
25689,[0.36085784 0.27552647],25,4,"[0.3937233168939997, 0.29890402186269427]",1,-1
25690,[0.32106864 0.25292971],25,7,"[0.2880919156697789, 0.2889500356712737]",1,-1
25691,[0.33523082 0.35213071],25,1,"[0.33650952271243567, 0.3695039184549852]",1,77
25692,[0.35233242 0.27802414],25,4,"[0.3937233168939997, 0.29890402186269427]",1,-1
25693,[0.41724744 0.27718222],25,4,"[0.3937233168939997, 0.29890402186269427]",1,-1
25694,[0.374328   0.25514213],25,4,"[0.3937233168939997, 0.29890402186269427]",1,-1
25695,[0.35104294 0.3065583 ],25,4,"[0.3937233168939997, 0.29890402186269427]",1,-1
25696,[0.4238848  0.32741227],25,4,"[0.3937233168939997, 0.29890402186269427]",1,-1
25697,[0.39105886 0.23187583],25,4,"[0.3937233168939997, 0.29890402186269427]",1,-1
25698,[0.36642728 0.33745407],25,1,"[0.33650952271243567, 0.3695039184549852]",1,-1
25699,[0.43002073 0.28475302],25,4,"[0.3937233168939997, 0.29890402186269427]",1,-1
25700,[0.42477021 0.25239424],25,4,"[0.3937233168939997, 0.29890402186269427]",1,-1
25701,[0.4012419  0.35382869],25,6,"[0.40123478470159024, 0.40656176249784554]",1,71
25702,[0.44818603 0.3327398 ],25,37,"[0.4780366509520634, 0.3686118735311782]",1,-1
25703,[0.40359823 0.21957735],25,-1,-1,1,-1
25704,[0.42805528 0.24365001],25,4,"[0.3937233168939997, 0.29890402186269427]",1,-1
25705,[0.35689377 0.31847683],25,4,"[0.3937233168939997, 0.29890402186269427]",1,-1
25706,[0.3726104  0.20929137],25,-1,-1,1,-1
25707,[0.37062083 0.32566473],25,4,"[0.3937233168939997, 0.29890402186269427]",1,-1
25708,[0.48067527 0.28477012],25,-1,-1,1,-1
25709,[0.41651406 0.37289831],25,6,"[0.40123478470159024, 0.40656176249784554]",1,-1
25710,[0.35678366 0.33019289],25,1,"[0.33650952271243567, 0.3695039184549852]",1,-1
25711,[0.36428521 0.21776161],25,-1,-1,1,-1
25712,[0.36543832 0.21695053],25,-1,-1,1,-1
25713,[0.36361685 0.31225194],25,4,"[0.3937233168939997, 0.29890402186269427]",1,-1
25714,[0.40274957 0.28108738],25,4,"[0.3937233168939997, 0.29890402186269427]",1,-1
25715,[0.27039687 0.2216607 ],25,31,"[0.29817086118518243, 0.1888907481789387]",1,-1
25716,[0.38738053 0.3258671 ],25,4,"[0.3937233168939997, 0.29890402186269427]",1,-1
25717,[0.43957583 0.27704164],25,4,"[0.3937233168939997, 0.29890402186269427]",1,-1
25718,[0.38361332 0.32419056],25,4,"[0.3937233168939997, 0.29890402186269427]",1,-1
25719,[0.38192043 0.25068985],25,4,"[0.3937233168939997, 0.29890402186269427]",1,-1
25720,[0.39696229 0.24966149],25,4,"[0.3937233168939997, 0.29890402186269427]",1,-1
25721,[0.39371294 0.33917526],25,4,"[0.3937233168939997, 0.29890402186269427]",1,-1
25722,[0.31542269 0.27816649],25,7,"[0.2880919156697789, 0.2889500356712737]",1,-1
25723,[0.38344581 0.30300453],25,4,"[0.3937233168939997, 0.29890402186269427]",1,-1
25724,[0.34586171 0.36867381],25,1,"[0.33650952271243567, 0.3695039184549852]",1,-1
25725,[0.38506079 0.27205291],25,4,"[0.3937233168939997, 0.29890402186269427]",1,-1
25726,[0.41285404 0.33701309],25,4,"[0.3937233168939997, 0.29890402186269427]",1,-1
25727,[0.4152333  0.26641942],25,4,"[0.3937233168939997, 0.29890402186269427]",1,-1
25728,[0.43245927 0.24364867],25,4,"[0.3937233168939997, 0.29890402186269427]",1,-1
25729,[0.38378441 0.30854767],25,4,"[0.3937233168939997, 0.29890402186269427]",1,-1
25730,[0.49431962 0.33770084],25,37,"[0.4780366509520634, 0.3686118735311782]",1,-1
25731,[0.4282468  0.24945466],25,4,"[0.3937233168939997, 0.29890402186269427]",1,-1
25732,[0.30264006 0.35792518],25,1,"[0.33650952271243567, 0.3695039184549852]",1,-1
25733,[0.38419306 0.32462689],25,4,"[0.3937233168939997, 0.29890402186269427]",1,-1
25734,[0.34200889 0.2312264 ],25,31,"[0.29817086118518243, 0.1888907481789387]",1,-1
25735,[0.38548116 0.21786873],25,-1,-1,1,-1
25736,[0.39002418 0.2152138 ],25,-1,-1,1,-1
25737,[0.35957954 0.21815402],25,31,"[0.29817086118518243, 0.1888907481789387]",1,-1
25738,[0.36807819 0.29070132],25,4,"[0.3937233168939997, 0.29890402186269427]",1,-1
25739,[0.43185707 0.30006993],25,4,"[0.3937233168939997, 0.29890402186269427]",1,-1
25740,[0.52430637 0.40245012],25,37,"[0.4780366509520634, 0.3686118735311782]",1,-1
25741,[0.46374115 0.2591002 ],25,-1,-1,1,-1
25742,[0.37582217 0.13084665],25,-1,-1,1,-1
25743,[0.40439558 0.30777047],25,4,"[0.3937233168939997, 0.29890402186269427]",1,-1
25744,[0.33271118 0.30625212],25,7,"[0.2880919156697789, 0.2889500356712737]",1,-1
25745,[0.32575638 0.3267014 ],25,1,"[0.33650952271243567, 0.3695039184549852]",1,62
25746,[0.3307327  0.33553672],25,1,"[0.33650952271243567, 0.3695039184549852]",1,62
25747,[0.42414317 0.19551149],25,22,"[0.48652568093748694, 0.17046194652960403]",1,-1
25748,[0.40647092 0.32655198],25,4,"[0.3937233168939997, 0.29890402186269427]",1,-1
25749,[0.40584559 0.29345011],25,4,"[0.3937233168939997, 0.29890402186269427]",1,-1
25750,[0.38425239 0.29667524],25,4,"[0.3937233168939997, 0.29890402186269427]",1,-1
25751,[0.41511114 0.29861123],25,4,"[0.3937233168939997, 0.29890402186269427]",1,-1
25752,[0.3873225  0.26516823],25,4,"[0.3937233168939997, 0.29890402186269427]",1,-1
25753,[0.37933701 0.31044712],25,4,"[0.3937233168939997, 0.29890402186269427]",1,-1
25754,[0.49071477 0.30425811],25,37,"[0.4780366509520634, 0.3686118735311782]",1,-1
25755,[0.39594971 0.22745872],25,-1,-1,1,-1
25756,[0.3062271  0.26263083],25,7,"[0.2880919156697789, 0.2889500356712737]",1,-1
25757,[0.31430497 0.27403346],25,7,"[0.2880919156697789, 0.2889500356712737]",1,-1
25758,[0.31527778 0.29975206],25,7,"[0.2880919156697789, 0.2889500356712737]",1,-1
25759,[0.37423915 0.27564287],25,4,"[0.3937233168939997, 0.29890402186269427]",1,-1
25760,[0.37446506 0.26558001],25,4,"[0.3937233168939997, 0.29890402186269427]",1,-1
25761,[0.37026291 0.25770812],25,4,"[0.3937233168939997, 0.29890402186269427]",1,-1
25762,[0.41857211 0.24808903],25,4,"[0.3937233168939997, 0.29890402186269427]",1,-1
25763,[0.31390811 0.2674569 ],25,7,"[0.2880919156697789, 0.2889500356712737]",1,-1
25764,[0.31204548 0.23937082],25,31,"[0.29817086118518243, 0.1888907481789387]",1,-1
25765,[0.36416846 0.2638935 ],25,4,"[0.3937233168939997, 0.29890402186269427]",1,-1
25766,[0.37015334 0.34793641],25,1,"[0.33650952271243567, 0.3695039184549852]",1,-1
25767,[0.41739304 0.30408996],25,4,"[0.3937233168939997, 0.29890402186269427]",1,-1
25768,[0.3423247  0.21693154],25,31,"[0.29817086118518243, 0.1888907481789387]",1,-1
25769,[0.32034837 0.3967798 ],25,1,"[0.33650952271243567, 0.3695039184549852]",1,61
25770,[0.38000633 0.29173127],25,4,"[0.3937233168939997, 0.29890402186269427]",1,-1
25771,[0.35659796 0.39748348],25,1,"[0.33650952271243567, 0.3695039184549852]",1,-1
25772,[0.34294657 0.33142508],25,1,"[0.33650952271243567, 0.3695039184549852]",1,-1
25773,[0.34874261 0.28316135],25,4,"[0.3937233168939997, 0.29890402186269427]",1,-1
25774,[0.36529145 0.38756356],25,1,"[0.33650952271243567, 0.3695039184549852]",1,79
25775,[0.34293235 0.24766679],25,7,"[0.2880919156697789, 0.2889500356712737]",1,-1
25776,[0.40200377 0.33206884],25,4,"[0.3937233168939997, 0.29890402186269427]",1,-1
25777,[0.45289889 0.25616042],25,-1,-1,1,-1
25778,[0.38900248 0.36698628],25,6,"[0.40123478470159024, 0.40656176249784554]",1,73
25779,[0.29479462 0.26970025],25,7,"[0.2880919156697789, 0.2889500356712737]",1,-1
25780,[0.3528937  0.22812652],25,31,"[0.29817086118518243, 0.1888907481789387]",1,-1
25781,[0.31521472 0.27124444],25,7,"[0.2880919156697789, 0.2889500356712737]",1,-1
25782,[0.3782124  0.26845615],25,4,"[0.3937233168939997, 0.29890402186269427]",1,-1
25783,[0.45253939 0.3314736 ],25,37,"[0.4780366509520634, 0.3686118735311782]",1,-1
25784,[0.45880635 0.2594553 ],25,-1,-1,1,-1
25785,[0.3858936  0.37007172],25,6,"[0.40123478470159024, 0.40656176249784554]",1,-1
25786,[0.41312895 0.26360787],25,4,"[0.3937233168939997, 0.29890402186269427]",1,-1
25787,[0.44918714 0.30256068],25,4,"[0.3937233168939997, 0.29890402186269427]",1,-1
25788,[0.32847188 0.33211389],25,1,"[0.33650952271243567, 0.3695039184549852]",1,62
25789,[0.40034375 0.22752858],25,-1,-1,1,-1
25790,[0.38058045 0.4159877 ],25,6,"[0.40123478470159024, 0.40656176249784554]",1,-1
25791,[0.41815396 0.3183641 ],25,4,"[0.3937233168939997, 0.29890402186269427]",1,-1
25792,[0.35716571 0.3628736 ],25,1,"[0.33650952271243567, 0.3695039184549852]",1,-1
25793,[0.29326799 0.271859  ],25,7,"[0.2880919156697789, 0.2889500356712737]",1,-1
25794,[0.37978553 0.30111957],25,4,"[0.3937233168939997, 0.29890402186269427]",1,-1
25795,[0.37174202 0.3464197 ],25,1,"[0.33650952271243567, 0.3695039184549852]",1,-1
25796,[0.30367064 0.28094207],25,7,"[0.2880919156697789, 0.2889500356712737]",1,-1
25797,[0.36204355 0.24070455],25,4,"[0.3937233168939997, 0.29890402186269427]",1,-1
25798,[0.40057224 0.23108849],25,4,"[0.3937233168939997, 0.29890402186269427]",1,-1
25799,[0.3663661  0.38585741],25,1,"[0.33650952271243567, 0.3695039184549852]",1,-1
25800,[0.33720207 0.32030901],25,1,"[0.33650952271243567, 0.3695039184549852]",1,-1
25801,[0.41524074 0.27862779],25,4,"[0.3937233168939997, 0.29890402186269427]",1,-1
25802,[0.29584481 0.35630959],25,1,"[0.33650952271243567, 0.3695039184549852]",1,-1
25803,[0.41220371 0.1749586 ],25,-1,-1,1,-1
25804,[0.45164895 0.30742482],25,4,"[0.3937233168939997, 0.29890402186269427]",1,-1
25805,[0.40385107 0.34737909],25,4,"[0.3937233168939997, 0.29890402186269427]",1,-1
25806,[0.37767791 0.37754149],25,6,"[0.40123478470159024, 0.40656176249784554]",1,78
25807,[0.36094994 0.26833513],25,4,"[0.3937233168939997, 0.29890402186269427]",1,-1
25808,[0.30991996 0.25928515],25,7,"[0.2880919156697789, 0.2889500356712737]",1,-1
25809,[0.36933298 0.29771636],25,4,"[0.3937233168939997, 0.29890402186269427]",1,-1
25810,[0.36735487 0.29609959],25,4,"[0.3937233168939997, 0.29890402186269427]",1,-1
25811,[0.36531092 0.38511603],25,1,"[0.33650952271243567, 0.3695039184549852]",1,-1
25812,[0.42792966 0.30578133],25,4,"[0.3937233168939997, 0.29890402186269427]",1,-1
25813,[0.35686866 0.29705127],25,4,"[0.3937233168939997, 0.29890402186269427]",1,-1
25814,[0.38361815 0.32455193],25,4,"[0.3937233168939997, 0.29890402186269427]",1,-1
25815,[0.45853232 0.26394489],25,-1,-1,1,-1
25816,[0.43395952 0.31079033],25,4,"[0.3937233168939997, 0.29890402186269427]",1,-1
25817,[0.3104284  0.32487236],25,7,"[0.2880919156697789, 0.2889500356712737]",1,-1
25818,[0.41057356 0.30614368],25,4,"[0.3937233168939997, 0.29890402186269427]",1,-1
25819,[0.38605142 0.21959242],25,-1,-1,1,-1
25820,[0.4862828  0.28363363],25,-1,-1,1,-1
25821,[0.39910769 0.31917954],25,4,"[0.3937233168939997, 0.29890402186269427]",1,-1
25822,[0.39603259 0.25082627],25,4,"[0.3937233168939997, 0.29890402186269427]",1,-1
25823,[0.41151962 0.28212821],25,4,"[0.3937233168939997, 0.29890402186269427]",1,-1
25824,[0.37898825 0.3658711 ],25,1,"[0.33650952271243567, 0.3695039184549852]",1,-1
25825,[0.35650644 0.33821213],25,1,"[0.33650952271243567, 0.3695039184549852]",1,-1
25826,[0.37542138 0.32682467],25,4,"[0.3937233168939997, 0.29890402186269427]",1,-1
25827,[0.33286215 0.28403494],25,7,"[0.2880919156697789, 0.2889500356712737]",1,-1
25828,[0.34174957 0.31407735],25,4,"[0.3937233168939997, 0.29890402186269427]",1,-1
25829,[0.45942576 0.27830223],25,4,"[0.3937233168939997, 0.29890402186269427]",1,-1
25830,[0.34909959 0.28115046],25,4,"[0.3937233168939997, 0.29890402186269427]",1,-1
25831,[0.3858064  0.21927276],25,-1,-1,1,-1
25832,[0.35208723 0.30635118],25,4,"[0.3937233168939997, 0.29890402186269427]",1,-1
25833,[0.35845605 0.30383016],25,4,"[0.3937233168939997, 0.29890402186269427]",1,-1
25834,[0.38069509 0.29378918],25,4,"[0.3937233168939997, 0.29890402186269427]",1,-1
25835,[0.46477924 0.39569796],25,37,"[0.4780366509520634, 0.3686118735311782]",1,-1
25836,[0.37605262 0.29944654],25,4,"[0.3937233168939997, 0.29890402186269427]",1,-1
25837,[0.32204455 0.26353235],25,7,"[0.2880919156697789, 0.2889500356712737]",1,-1
25838,[0.40327788 0.26680474],25,4,"[0.3937233168939997, 0.29890402186269427]",1,-1
25839,[0.35385309 0.29468459],25,4,"[0.3937233168939997, 0.29890402186269427]",1,-1
25840,[0.37281829 0.29454082],25,4,"[0.3937233168939997, 0.29890402186269427]",1,-1
25841,[0.4226459  0.25222724],25,4,"[0.3937233168939997, 0.29890402186269427]",1,-1
25842,[0.30925735 0.26345359],25,7,"[0.2880919156697789, 0.2889500356712737]",1,-1
25843,[0.3847409  0.23421991],25,4,"[0.3937233168939997, 0.29890402186269427]",1,-1
25844,[0.36901873 0.24743536],25,4,"[0.3937233168939997, 0.29890402186269427]",1,-1
25845,[0.35274037 0.27557938],25,4,"[0.3937233168939997, 0.29890402186269427]",1,-1
25846,[0.39281097 0.27658054],25,4,"[0.3937233168939997, 0.29890402186269427]",1,-1
25847,[0.34972722 0.32563065],25,1,"[0.33650952271243567, 0.3695039184549852]",1,-1
25848,[0.37320334 0.33738823],25,4,"[0.3937233168939997, 0.29890402186269427]",1,-1
25849,[0.39735669 0.33259584],25,4,"[0.3937233168939997, 0.29890402186269427]",1,-1
25850,[0.38615048 0.33430958],25,4,"[0.3937233168939997, 0.29890402186269427]",1,-1
25851,[0.38336319 0.35024425],25,1,"[0.33650952271243567, 0.3695039184549852]",1,71
25852,[0.34122037 0.19966438],25,31,"[0.29817086118518243, 0.1888907481789387]",1,-1
25853,[0.3174581  0.26337686],25,7,"[0.2880919156697789, 0.2889500356712737]",1,-1
25854,[0.44756246 0.3524487 ],25,37,"[0.4780366509520634, 0.3686118735311782]",1,-1
25855,[0.40648026 0.26261658],25,4,"[0.3937233168939997, 0.29890402186269427]",1,-1
25856,[0.46026162 0.32649429],25,37,"[0.4780366509520634, 0.3686118735311782]",1,-1
25857,[0.32936001 0.27513995],25,7,"[0.2880919156697789, 0.2889500356712737]",1,-1
25858,[0.31916712 0.29675483],25,7,"[0.2880919156697789, 0.2889500356712737]",1,-1
25859,[0.30107148 0.35086304],25,1,"[0.33650952271243567, 0.3695039184549852]",1,-1
25860,[0.3126828  0.26490095],25,7,"[0.2880919156697789, 0.2889500356712737]",1,-1
25861,[0.36407067 0.25478901],25,4,"[0.3937233168939997, 0.29890402186269427]",1,-1
25862,[0.4434999  0.25819273],25,4,"[0.3937233168939997, 0.29890402186269427]",1,-1
25863,[0.38320832 0.31743351],25,4,"[0.3937233168939997, 0.29890402186269427]",1,-1
25864,[0.35753945 0.31326357],25,4,"[0.3937233168939997, 0.29890402186269427]",1,-1
25865,[0.34747403 0.2825961 ],25,4,"[0.3937233168939997, 0.29890402186269427]",1,-1
25866,[0.34715379 0.19337646],25,31,"[0.29817086118518243, 0.1888907481789387]",1,-1
25867,[0.32264374 0.26783711],25,7,"[0.2880919156697789, 0.2889500356712737]",1,-1
25868,[0.4275441  0.33739021],25,4,"[0.3937233168939997, 0.29890402186269427]",1,-1
25869,[0.35947555 0.2777176 ],25,4,"[0.3937233168939997, 0.29890402186269427]",1,-1
25870,[0.41235324 0.34581025],25,4,"[0.3937233168939997, 0.29890402186269427]",1,-1
25871,[0.42564957 0.34311183],25,4,"[0.3937233168939997, 0.29890402186269427]",1,-1
25872,[0.32042598 0.36722781],25,1,"[0.33650952271243567, 0.3695039184549852]",1,-1
25873,[0.3444745  0.27846108],25,4,"[0.3937233168939997, 0.29890402186269427]",1,-1
25874,[0.43990083 0.23310599],25,-1,-1,1,-1
25875,[0.37815863 0.35131137],25,1,"[0.33650952271243567, 0.3695039184549852]",1,-1
25876,[0.38191381 0.31869431],25,4,"[0.3937233168939997, 0.29890402186269427]",1,-1
25877,[0.33809668 0.28818   ],25,7,"[0.2880919156697789, 0.2889500356712737]",1,-1
25878,[0.37472378 0.32768392],25,4,"[0.3937233168939997, 0.29890402186269427]",1,-1
25879,[0.26315457 0.32207651],25,7,"[0.2880919156697789, 0.2889500356712737]",1,-1
25880,[0.48438075 0.29835568],25,-1,-1,1,-1
25881,[0.41436543 0.28605609],25,4,"[0.3937233168939997, 0.29890402186269427]",1,-1
25882,[0.44973587 0.32225506],25,37,"[0.4780366509520634, 0.3686118735311782]",1,-1
25883,[0.39506706 0.416092  ],25,6,"[0.40123478470159024, 0.40656176249784554]",1,-1
25884,[0.41243809 0.28659303],25,4,"[0.3937233168939997, 0.29890402186269427]",1,-1
25885,[0.40720502 0.28051207],25,4,"[0.3937233168939997, 0.29890402186269427]",1,-1
25886,[0.35630937 0.26717125],25,4,"[0.3937233168939997, 0.29890402186269427]",1,-1
25887,[0.35276362 0.26508663],25,4,"[0.3937233168939997, 0.29890402186269427]",1,-1
25888,[0.32338158 0.31481516],25,7,"[0.2880919156697789, 0.2889500356712737]",1,-1
25889,[0.31917961 0.24303061],25,7,"[0.2880919156697789, 0.2889500356712737]",1,-1
25890,[0.33909195 0.28373213],25,7,"[0.2880919156697789, 0.2889500356712737]",1,-1
25891,[0.35973232 0.23286981],25,-1,-1,1,-1
25892,[0.42844467 0.30414146],25,4,"[0.3937233168939997, 0.29890402186269427]",1,-1
25893,[0.27544803 0.26694383],25,7,"[0.2880919156697789, 0.2889500356712737]",1,-1
25894,[0.41521146 0.25472548],25,4,"[0.3937233168939997, 0.29890402186269427]",1,-1
25895,[0.39452891 0.24885203],25,4,"[0.3937233168939997, 0.29890402186269427]",1,-1
25896,[0.34451357 0.29772956],25,4,"[0.3937233168939997, 0.29890402186269427]",1,-1
25897,[0.41194601 0.3242669 ],25,4,"[0.3937233168939997, 0.29890402186269427]",1,-1
25898,[0.39482243 0.3846978 ],25,6,"[0.40123478470159024, 0.40656176249784554]",1,-1
25899,[0.31188061 0.28310558],25,7,"[0.2880919156697789, 0.2889500356712737]",1,-1
25900,[0.22889317 0.23981181],25,16,"[0.22214342499776796, 0.1812277944104208]",1,31
25901,[0.40996419 0.25537787],25,4,"[0.3937233168939997, 0.29890402186269427]",1,-1
25902,[0.31501712 0.33942128],25,1,"[0.33650952271243567, 0.3695039184549852]",1,-1
25903,[0.33923096 0.35860287],25,1,"[0.33650952271243567, 0.3695039184549852]",1,77
25904,[0.35387048 0.33457516],25,1,"[0.33650952271243567, 0.3695039184549852]",1,-1
25905,[0.40196238 0.27921223],25,4,"[0.3937233168939997, 0.29890402186269427]",1,-1
25906,[0.31293109 0.31835991],25,7,"[0.2880919156697789, 0.2889500356712737]",1,-1
25907,[0.3504155 0.2979188],25,4,"[0.3937233168939997, 0.29890402186269427]",1,-1
25908,[0.39876621 0.35216173],25,4,"[0.3937233168939997, 0.29890402186269427]",1,71
25909,[0.33118329 0.28685145],25,7,"[0.2880919156697789, 0.2889500356712737]",1,-1
25910,[0.4473511  0.29881004],25,4,"[0.3937233168939997, 0.29890402186269427]",1,-1
25911,[0.41024457 0.27052304],25,4,"[0.3937233168939997, 0.29890402186269427]",1,-1
25912,[0.4270026  0.16932693],25,22,"[0.48652568093748694, 0.17046194652960403]",1,-1
25913,[0.48826485 0.35329323],25,37,"[0.4780366509520634, 0.3686118735311782]",1,-1
25914,[0.4162539  0.28068706],25,4,"[0.3937233168939997, 0.29890402186269427]",1,-1
25915,[0.31743997 0.32252323],25,7,"[0.2880919156697789, 0.2889500356712737]",1,62
25916,[0.41230268 0.36138455],25,6,"[0.40123478470159024, 0.40656176249784554]",1,-1
25917,[0.34797303 0.31093617],25,4,"[0.3937233168939997, 0.29890402186269427]",1,-1
25918,[0.35597157 0.28651111],25,4,"[0.3937233168939997, 0.29890402186269427]",1,-1
25919,[0.37814832 0.29244669],25,4,"[0.3937233168939997, 0.29890402186269427]",1,-1
25920,[0.36922306 0.4049475 ],25,6,"[0.40123478470159024, 0.40656176249784554]",1,-1
25921,[0.39565657 0.30007953],25,4,"[0.3937233168939997, 0.29890402186269427]",1,-1
25922,[0.36930746 0.30335876],25,4,"[0.3937233168939997, 0.29890402186269427]",1,-1
25923,[0.35515701 0.33104187],25,1,"[0.33650952271243567, 0.3695039184549852]",1,-1
25924,[0.40379965 0.21824918],25,-1,-1,1,-1
25925,[0.4192134  0.35441398],25,6,"[0.40123478470159024, 0.40656176249784554]",1,-1
25926,[0.41726968 0.25962409],25,4,"[0.3937233168939997, 0.29890402186269427]",1,-1
25927,[0.32009446 0.31082989],25,7,"[0.2880919156697789, 0.2889500356712737]",1,-1
25928,[0.36243633 0.35997126],25,1,"[0.33650952271243567, 0.3695039184549852]",1,-1
25929,[0.40277328 0.28433089],25,4,"[0.3937233168939997, 0.29890402186269427]",1,-1
25930,[0.39191487 0.34612341],25,4,"[0.3937233168939997, 0.29890402186269427]",1,71
25931,[0.30254015 0.19538017],25,31,"[0.29817086118518243, 0.1888907481789387]",1,-1
25932,[0.31291431 0.32902695],25,1,"[0.33650952271243567, 0.3695039184549852]",1,-1
25933,[0.35529137 0.37077388],25,1,"[0.33650952271243567, 0.3695039184549852]",1,-1
25934,[0.37389086 0.30008475],25,4,"[0.3937233168939997, 0.29890402186269427]",1,-1
25935,[0.32466487 0.254452  ],25,7,"[0.2880919156697789, 0.2889500356712737]",1,-1
25936,[0.40857861 0.32939494],25,4,"[0.3937233168939997, 0.29890402186269427]",1,-1
25937,[0.42296426 0.32593548],25,4,"[0.3937233168939997, 0.29890402186269427]",1,-1
25938,[0.41924473 0.22727764],25,-1,-1,1,-1
25939,[0.37639777 0.3093895 ],25,4,"[0.3937233168939997, 0.29890402186269427]",1,-1
25940,[0.36462418 0.26765385],25,4,"[0.3937233168939997, 0.29890402186269427]",1,-1
25941,[0.36264313 0.2469252 ],25,4,"[0.3937233168939997, 0.29890402186269427]",1,-1
25942,[0.36726513 0.21431256],25,-1,-1,1,-1
25943,[0.32361073 0.20347793],25,31,"[0.29817086118518243, 0.1888907481789387]",1,-1
25944,[0.43378636 0.29985886],25,4,"[0.3937233168939997, 0.29890402186269427]",1,-1
25945,[0.3909213  0.28373989],25,4,"[0.3937233168939997, 0.29890402186269427]",1,-1
25946,[0.43819976 0.35482396],25,37,"[0.4780366509520634, 0.3686118735311782]",1,-1
25947,[0.43682077 0.31717213],25,4,"[0.3937233168939997, 0.29890402186269427]",1,-1
25948,[0.22085157 0.34683136],25,15,"[0.188292755006214, 0.3253570325311902]",1,-1
25949,[0.30106932 0.33385824],25,7,"[0.2880919156697789, 0.2889500356712737]",1,-1
25950,[0.32052165 0.34919911],25,1,"[0.33650952271243567, 0.3695039184549852]",1,-1
25951,[0.37373274 0.30697773],25,4,"[0.3937233168939997, 0.29890402186269427]",1,-1
25952,[0.36474756 0.20136306],25,31,"[0.29817086118518243, 0.1888907481789387]",1,-1
25953,[0.49288747 0.30249533],25,37,"[0.4780366509520634, 0.3686118735311782]",1,-1
25954,[0.31847884 0.28548429],25,7,"[0.2880919156697789, 0.2889500356712737]",1,-1
25955,[0.38693871 0.41262463],25,6,"[0.40123478470159024, 0.40656176249784554]",1,-1
25956,[0.41171315 0.40431901],25,6,"[0.40123478470159024, 0.40656176249784554]",1,-1
25957,[0.38448352 0.28763592],25,4,"[0.3937233168939997, 0.29890402186269427]",1,-1
25958,[0.34466437 0.24466614],25,-1,-1,1,-1
25959,[0.3099081  0.38313289],25,1,"[0.33650952271243567, 0.3695039184549852]",1,-1
25960,[0.34719104 0.19389373],25,31,"[0.29817086118518243, 0.1888907481789387]",1,-1
25961,[0.369422   0.29700926],25,4,"[0.3937233168939997, 0.29890402186269427]",1,-1
25962,[0.2969133  0.29860245],25,7,"[0.2880919156697789, 0.2889500356712737]",1,-1
25963,[0.37287823 0.30683214],25,4,"[0.3937233168939997, 0.29890402186269427]",1,-1
25964,[0.39330813 0.2842108 ],25,4,"[0.3937233168939997, 0.29890402186269427]",1,-1
25965,[0.4608775  0.33283837],25,37,"[0.4780366509520634, 0.3686118735311782]",1,-1
25966,[0.31283418 0.31351436],25,7,"[0.2880919156697789, 0.2889500356712737]",1,-1
25967,[0.3784421  0.31848201],25,4,"[0.3937233168939997, 0.29890402186269427]",1,-1
25968,[0.26633756 0.37381872],25,0,"[0.2473875480073203, 0.39401489827781994]",1,-1
25969,[0.41098803 0.36100764],25,6,"[0.40123478470159024, 0.40656176249784554]",1,-1
25970,[0.43329979 0.34426212],25,37,"[0.4780366509520634, 0.3686118735311782]",1,-1
25971,[0.38396781 0.24849751],25,4,"[0.3937233168939997, 0.29890402186269427]",1,-1
25972,[0.38673352 0.30427994],25,4,"[0.3937233168939997, 0.29890402186269427]",1,-1
25973,[0.42455204 0.31526756],25,4,"[0.3937233168939997, 0.29890402186269427]",1,-1
25974,[0.32338009 0.37651843],25,1,"[0.33650952271243567, 0.3695039184549852]",1,72
25975,[0.34805333 0.25599284],25,4,"[0.3937233168939997, 0.29890402186269427]",1,-1
25976,[0.41920331 0.22637467],25,-1,-1,1,-1
25977,[0.32397008 0.22632976],25,31,"[0.29817086118518243, 0.1888907481789387]",1,-1
25978,[0.38863464 0.30882578],25,4,"[0.3937233168939997, 0.29890402186269427]",1,-1
25979,[0.33782674 0.33625625],25,1,"[0.33650952271243567, 0.3695039184549852]",1,62
25980,[0.41264329 0.31226176],25,4,"[0.3937233168939997, 0.29890402186269427]",1,-1
25981,[0.36423001 0.28223902],25,4,"[0.3937233168939997, 0.29890402186269427]",1,-1
25982,[0.46556248 0.33790983],25,37,"[0.4780366509520634, 0.3686118735311782]",1,-1
25983,[0.42205391 0.28407523],25,4,"[0.3937233168939997, 0.29890402186269427]",1,-1
25984,[0.44496434 0.29200938],25,4,"[0.3937233168939997, 0.29890402186269427]",1,-1
25985,[0.32736453 0.22989799],25,31,"[0.29817086118518243, 0.1888907481789387]",1,-1
25986,[0.3825666  0.21600774],25,-1,-1,1,-1
25987,[0.47130656 0.23822109],25,22,"[0.48652568093748694, 0.17046194652960403]",1,-1
25988,[0.35696807 0.28111007],25,4,"[0.3937233168939997, 0.29890402186269427]",1,-1
25989,[0.38141817 0.30739243],25,4,"[0.3937233168939997, 0.29890402186269427]",1,-1
25990,[0.28762427 0.3635229 ],25,1,"[0.33650952271243567, 0.3695039184549852]",1,-1
25991,[0.36508699 0.27670237],25,4,"[0.3937233168939997, 0.29890402186269427]",1,-1
25992,[0.40797173 0.34259829],25,4,"[0.3937233168939997, 0.29890402186269427]",1,-1
25993,[0.30771282 0.32931869],25,7,"[0.2880919156697789, 0.2889500356712737]",1,-1
25994,[0.34574986 0.33930175],25,1,"[0.33650952271243567, 0.3695039184549852]",1,-1
25995,[0.42534369 0.32545158],25,4,"[0.3937233168939997, 0.29890402186269427]",1,-1
25996,[0.35566667 0.2655416 ],25,4,"[0.3937233168939997, 0.29890402186269427]",1,-1
25997,[0.42009371 0.33398392],25,4,"[0.3937233168939997, 0.29890402186269427]",1,-1
25998,[0.39708412 0.30561306],25,4,"[0.3937233168939997, 0.29890402186269427]",1,-1
25999,[0.33582973 0.29023535],25,7,"[0.2880919156697789, 0.2889500356712737]",1,-1
26000,[0.20904963 0.38411206],26,0,"[0.2473875480073203, 0.39401489827781994]",1,-1
26001,[0.19383058 0.4967018 ],26,17,"[0.19949257984775934, 0.47737458183782433]",1,-1
26002,[0.28373855 0.34412046],26,7,"[0.2880919156697789, 0.2889500356712737]",1,-1
26003,[0.26737972 0.42184415],26,0,"[0.2473875480073203, 0.39401489827781994]",1,-1
26004,[0.19251316 0.41161381],26,0,"[0.2473875480073203, 0.39401489827781994]",1,-1
26005,[0.16073231 0.40475238],26,-1,-1,1,-1
26006,[0.25971218 0.29099569],26,7,"[0.2880919156697789, 0.2889500356712737]",1,25
26007,[0.12768699 0.49150169],26,-1,-1,1,-1
26008,[0.29677589 0.40593364],26,0,"[0.2473875480073203, 0.39401489827781994]",1,-1
26009,[0.09005658 0.42053415],26,-1,-1,1,-1
26010,[0.16616567 0.40374377],26,-1,-1,1,-1
26011,[0.1843065  0.41219355],26,0,"[0.2473875480073203, 0.39401489827781994]",1,-1
26012,[0.22059213 0.43416848],26,17,"[0.19949257984775934, 0.47737458183782433]",1,-1
26013,[0.24511177 0.38340384],26,0,"[0.2473875480073203, 0.39401489827781994]",1,47
26014,[0.21862706 0.37939095],26,0,"[0.2473875480073203, 0.39401489827781994]",1,35
26015,[0.25667377 0.41423058],26,0,"[0.2473875480073203, 0.39401489827781994]",1,-1
26016,[0.2202802  0.44689236],26,17,"[0.19949257984775934, 0.47737458183782433]",1,-1
26017,[0.22552304 0.31341087],26,15,"[0.188292755006214, 0.3253570325311902]",1,-1
26018,[0.18254503 0.42610824],26,17,"[0.19949257984775934, 0.47737458183782433]",1,-1
26019,[0.21154796 0.48730014],26,17,"[0.19949257984775934, 0.47737458183782433]",1,-1
26020,[0.28059933 0.36084812],26,0,"[0.2473875480073203, 0.39401489827781994]",1,-1
26021,[0.05577797 0.35581272],26,-1,-1,-1,-1
26022,[0.13888176 0.5109271 ],26,49,"[0.14893778703439292, 0.5666898184239806]",1,-1
26023,[0.19047914 0.35918223],26,15,"[0.188292755006214, 0.3253570325311902]",1,-1
26024,[0.26211636 0.45139795],26,0,"[0.2473875480073203, 0.39401489827781994]",1,29
26025,[0.13707046 0.39515894],26,-1,-1,1,-1
26026,[0.15299693 0.31405556],26,15,"[0.188292755006214, 0.3253570325311902]",1,-1
26027,[0.19850695 0.47178988],26,17,"[0.19949257984775934, 0.47737458183782433]",1,-1
26028,[0.21869978 0.39119323],26,0,"[0.2473875480073203, 0.39401489827781994]",1,-1
26029,[0.24070378 0.38692394],26,0,"[0.2473875480073203, 0.39401489827781994]",1,47
26030,[0.17290607 0.34656655],26,15,"[0.188292755006214, 0.3253570325311902]",1,-1
26031,[0.20134875 0.44478663],26,17,"[0.19949257984775934, 0.47737458183782433]",1,-1
26032,[0.28252916 0.34060948],26,7,"[0.2880919156697789, 0.2889500356712737]",1,-1
26033,[0.07037903 0.45285589],26,-1,-1,-1,-1
26034,[0.2363877  0.34293198],26,15,"[0.188292755006214, 0.3253570325311902]",1,40
26035,[0.22929234 0.41652669],26,0,"[0.2473875480073203, 0.39401489827781994]",1,48
26036,[0.22576632 0.35603662],26,0,"[0.2473875480073203, 0.39401489827781994]",1,-1
26037,[0.18680632 0.40311889],26,0,"[0.2473875480073203, 0.39401489827781994]",1,-1
26038,[0.16333939 0.44905863],26,17,"[0.19949257984775934, 0.47737458183782433]",1,-1
26039,[0.17660206 0.41468431],26,17,"[0.19949257984775934, 0.47737458183782433]",1,-1
26040,[0.24117873 0.45910598],26,17,"[0.19949257984775934, 0.47737458183782433]",1,24
26041,[0.21123174 0.41245054],26,0,"[0.2473875480073203, 0.39401489827781994]",1,-1
26042,[0.25980516 0.3781146 ],26,0,"[0.2473875480073203, 0.39401489827781994]",1,-1
26043,[0.18733307 0.45695302],26,17,"[0.19949257984775934, 0.47737458183782433]",1,-1
26044,[0.19674994 0.45849675],26,17,"[0.19949257984775934, 0.47737458183782433]",1,-1
26045,[0.16833557 0.44045752],26,17,"[0.19949257984775934, 0.47737458183782433]",1,-1
26046,[0.17178748 0.44117808],26,17,"[0.19949257984775934, 0.47737458183782433]",1,-1
26047,[0.13107436 0.41446092],26,-1,-1,1,-1
26048,[0.18670256 0.40010013],26,0,"[0.2473875480073203, 0.39401489827781994]",1,-1
26049,[0.20653535 0.38221112],26,0,"[0.2473875480073203, 0.39401489827781994]",1,-1
26050,[0.16772999 0.41511394],26,17,"[0.19949257984775934, 0.47737458183782433]",1,-1
26051,[0.19250753 0.30594131],26,15,"[0.188292755006214, 0.3253570325311902]",1,-1
26052,[0.25241635 0.43577413],26,0,"[0.2473875480073203, 0.39401489827781994]",1,-1
26053,[0.20733684 0.39354059],26,0,"[0.2473875480073203, 0.39401489827781994]",1,-1
26054,[0.20613933 0.42376033],26,0,"[0.2473875480073203, 0.39401489827781994]",1,21
26055,[0.22667887 0.34263452],26,15,"[0.188292755006214, 0.3253570325311902]",1,-1
26056,[0.20802542 0.50536797],26,17,"[0.19949257984775934, 0.47737458183782433]",1,-1
26057,[0.14142101 0.53845531],26,49,"[0.14893778703439292, 0.5666898184239806]",1,-1
26058,[0.28463499 0.4417698 ],26,13,"[0.32294489274299887, 0.4620611538839558]",1,-1
26059,[0.13617489 0.54803729],26,49,"[0.14893778703439292, 0.5666898184239806]",1,-1
26060,[0.20381649 0.46818012],26,17,"[0.19949257984775934, 0.47737458183782433]",1,-1
26061,[0.14017682 0.45046085],26,17,"[0.19949257984775934, 0.47737458183782433]",1,-1
26062,[0.20472722 0.38765822],26,0,"[0.2473875480073203, 0.39401489827781994]",1,35
26063,[0.13539347 0.45676605],26,17,"[0.19949257984775934, 0.47737458183782433]",1,-1
26064,[0.24141694 0.40340545],26,0,"[0.2473875480073203, 0.39401489827781994]",1,-1
26065,[0.1525082  0.38511966],26,15,"[0.188292755006214, 0.3253570325311902]",1,-1
26066,[0.18854178 0.37770764],26,15,"[0.188292755006214, 0.3253570325311902]",1,-1
26067,[0.25811157 0.41797695],26,0,"[0.2473875480073203, 0.39401489827781994]",1,-1
26068,[0.25513561 0.43920398],26,0,"[0.2473875480073203, 0.39401489827781994]",1,-1
26069,[0.18738727 0.44147569],26,17,"[0.19949257984775934, 0.47737458183782433]",1,-1
26070,[0.27370876 0.41958097],26,0,"[0.2473875480073203, 0.39401489827781994]",1,53
26071,[0.26703921 0.34847746],26,0,"[0.2473875480073203, 0.39401489827781994]",1,-1
26072,[0.24665913 0.45264573],26,17,"[0.19949257984775934, 0.47737458183782433]",1,24
26073,[0.21219255 0.43333283],26,17,"[0.19949257984775934, 0.47737458183782433]",1,-1
26074,[0.17036171 0.49971073],26,17,"[0.19949257984775934, 0.47737458183782433]",1,-1
26075,[0.16919649 0.43845972],26,17,"[0.19949257984775934, 0.47737458183782433]",1,-1
26076,[0.30066386 0.40932363],26,1,"[0.33650952271243567, 0.3695039184549852]",1,61
26077,[0.16627163 0.41615585],26,17,"[0.19949257984775934, 0.47737458183782433]",1,-1
26078,[0.20351165 0.42690058],26,17,"[0.19949257984775934, 0.47737458183782433]",1,21
26079,[0.14867857 0.36370934],26,15,"[0.188292755006214, 0.3253570325311902]",1,-1
26080,[0.21879897 0.34675773],26,15,"[0.188292755006214, 0.3253570325311902]",1,-1
26081,[0.15121302 0.49779717],26,17,"[0.19949257984775934, 0.47737458183782433]",1,-1
26082,[0.1766849  0.45535344],26,17,"[0.19949257984775934, 0.47737458183782433]",1,-1
26083,[0.24720599 0.31884654],26,7,"[0.2880919156697789, 0.2889500356712737]",1,-1
26084,[0.19014987 0.43628459],26,17,"[0.19949257984775934, 0.47737458183782433]",1,-1
26085,[0.18154316 0.36907895],26,15,"[0.188292755006214, 0.3253570325311902]",1,-1
26086,[0.24569932 0.4000606 ],26,0,"[0.2473875480073203, 0.39401489827781994]",1,-1
26087,[0.17504596 0.47470982],26,17,"[0.19949257984775934, 0.47737458183782433]",1,-1
26088,[0.22951543 0.43131898],26,0,"[0.2473875480073203, 0.39401489827781994]",1,-1
26089,[0.22446043 0.4303818 ],26,0,"[0.2473875480073203, 0.39401489827781994]",1,-1
26090,[0.1823033  0.39158697],26,0,"[0.2473875480073203, 0.39401489827781994]",1,-1
26091,[0.16433852 0.45206948],26,17,"[0.19949257984775934, 0.47737458183782433]",1,-1
26092,[0.16128288 0.43678481],26,17,"[0.19949257984775934, 0.47737458183782433]",1,-1
26093,[0.16894085 0.39033385],26,15,"[0.188292755006214, 0.3253570325311902]",1,-1
26094,[0.14634602 0.44719297],26,17,"[0.19949257984775934, 0.47737458183782433]",1,-1
26095,[0.20966222 0.39876315],26,0,"[0.2473875480073203, 0.39401489827781994]",1,-1
26096,[0.14548477 0.48297837],26,17,"[0.19949257984775934, 0.47737458183782433]",1,-1
26097,[0.16033977 0.51604833],26,49,"[0.14893778703439292, 0.5666898184239806]",1,-1
26098,[0.18213896 0.41436498],26,17,"[0.19949257984775934, 0.47737458183782433]",1,-1
26099,[0.21065053 0.32730219],26,15,"[0.188292755006214, 0.3253570325311902]",1,-1
26100,[0.27720252 0.37288199],26,0,"[0.2473875480073203, 0.39401489827781994]",1,-1
26101,[0.20833338 0.50883315],26,17,"[0.19949257984775934, 0.47737458183782433]",1,-1
26102,[0.16931371 0.34650204],26,15,"[0.188292755006214, 0.3253570325311902]",1,-1
26103,[0.14142548 0.46736383],26,17,"[0.19949257984775934, 0.47737458183782433]",1,-1
26104,[0.23175503 0.35206668],26,0,"[0.2473875480073203, 0.39401489827781994]",1,-1
26105,[0.1916046  0.47185627],26,17,"[0.19949257984775934, 0.47737458183782433]",1,-1
26106,[0.18145367 0.40883837],26,0,"[0.2473875480073203, 0.39401489827781994]",1,-1
26107,[0.18170194 0.45170799],26,17,"[0.19949257984775934, 0.47737458183782433]",1,-1
26108,[0.18271179 0.41870751],26,17,"[0.19949257984775934, 0.47737458183782433]",1,-1
26109,[0.19233354 0.41219193],26,0,"[0.2473875480073203, 0.39401489827781994]",1,-1
26110,[0.158705   0.47110352],26,17,"[0.19949257984775934, 0.47737458183782433]",1,-1
26111,[0.20134611 0.39271575],26,0,"[0.2473875480073203, 0.39401489827781994]",1,35
26112,[0.23572286 0.36713816],26,0,"[0.2473875480073203, 0.39401489827781994]",1,-1
26113,[0.17202556 0.40710867],26,-1,-1,1,-1
26114,[0.28991619 0.38673129],26,0,"[0.2473875480073203, 0.39401489827781994]",1,-1
26115,[0.25186415 0.36334239],26,0,"[0.2473875480073203, 0.39401489827781994]",1,-1
26116,[0.30236137 0.38048134],26,1,"[0.33650952271243567, 0.3695039184549852]",1,-1
26117,[0.13606484 0.36643939],26,15,"[0.188292755006214, 0.3253570325311902]",1,-1
26118,[0.18463104 0.26418484],26,21,"[0.16948094512787878, 0.2245031809320862]",1,-1
26119,[0.04457022 0.39172982],26,-1,-1,-1,-1
26120,[0.2513162 0.4041322],26,0,"[0.2473875480073203, 0.39401489827781994]",1,-1
26121,[0.14862035 0.36477343],26,15,"[0.188292755006214, 0.3253570325311902]",1,-1
26122,[0.1766973  0.52503607],26,49,"[0.14893778703439292, 0.5666898184239806]",1,-1
26123,[0.19030549 0.37239213],26,15,"[0.188292755006214, 0.3253570325311902]",1,-1
26124,[0.16280768 0.3966596 ],26,-1,-1,1,-1
26125,[0.16997338 0.45999787],26,17,"[0.19949257984775934, 0.47737458183782433]",1,-1
26126,[0.19592036 0.38965501],26,0,"[0.2473875480073203, 0.39401489827781994]",1,-1
26127,[0.11998852 0.46848677],26,-1,-1,1,-1
26128,[0.23662998 0.39286711],26,0,"[0.2473875480073203, 0.39401489827781994]",1,-1
26129,[0.12348197 0.45981757],26,-1,-1,1,-1
26130,[0.16942876 0.45044912],26,17,"[0.19949257984775934, 0.47737458183782433]",1,-1
26131,[0.15523754 0.45482487],26,17,"[0.19949257984775934, 0.47737458183782433]",1,-1
26132,[0.26582292 0.35070946],26,0,"[0.2473875480073203, 0.39401489827781994]",1,-1
26133,[0.19236562 0.45941844],26,17,"[0.19949257984775934, 0.47737458183782433]",1,-1
26134,[0.28362695 0.41326399],26,0,"[0.2473875480073203, 0.39401489827781994]",1,-1
26135,[0.18687657 0.4160616 ],26,17,"[0.19949257984775934, 0.47737458183782433]",1,-1
26136,[0.20328563 0.46695666],26,17,"[0.19949257984775934, 0.47737458183782433]",1,-1
26137,[0.23191743 0.52416173],26,17,"[0.19949257984775934, 0.47737458183782433]",1,-1
26138,[0.16280737 0.40932607],26,-1,-1,1,-1
26139,[0.19587362 0.23593444],26,21,"[0.16948094512787878, 0.2245031809320862]",1,-1
26140,[0.16203563 0.46731256],26,17,"[0.19949257984775934, 0.47737458183782433]",1,-1
26141,[0.2179024  0.47046602],26,17,"[0.19949257984775934, 0.47737458183782433]",1,-1
26142,[0.31061091 0.41122729],26,1,"[0.33650952271243567, 0.3695039184549852]",1,-1
26143,[0.21356512 0.42480539],26,0,"[0.2473875480073203, 0.39401489827781994]",1,-1
26144,[0.24593304 0.46841153],26,17,"[0.19949257984775934, 0.47737458183782433]",1,-1
26145,[0.14699548 0.42302948],26,-1,-1,1,-1
26146,[0.2542061  0.42843211],26,0,"[0.2473875480073203, 0.39401489827781994]",1,-1
26147,[0.22344222 0.49802285],26,17,"[0.19949257984775934, 0.47737458183782433]",1,-1
26148,[0.17511116 0.37473417],26,15,"[0.188292755006214, 0.3253570325311902]",1,-1
26149,[0.18655407 0.54395086],26,49,"[0.14893778703439292, 0.5666898184239806]",1,-1
26150,[0.21498886 0.39423294],26,0,"[0.2473875480073203, 0.39401489827781994]",1,-1
26151,[0.08703737 0.48512448],26,-1,-1,-1,-1
26152,[0.24963483 0.37815699],26,0,"[0.2473875480073203, 0.39401489827781994]",1,47
26153,[0.2392326  0.33371321],26,15,"[0.188292755006214, 0.3253570325311902]",1,-1
26154,[0.177493   0.48967286],26,17,"[0.19949257984775934, 0.47737458183782433]",1,-1
26155,[0.27317585 0.4484928 ],26,13,"[0.32294489274299887, 0.4620611538839558]",1,29
26156,[0.15407438 0.36523367],26,15,"[0.188292755006214, 0.3253570325311902]",1,-1
26157,[0.32912377 0.3526301 ],26,1,"[0.33650952271243567, 0.3695039184549852]",1,-1
26158,[0.11764427 0.41217337],26,-1,-1,1,-1
26159,[0.20729073 0.44335841],26,17,"[0.19949257984775934, 0.47737458183782433]",1,-1
26160,[0.15352529 0.41669341],26,-1,-1,1,-1
26161,[0.32226412 0.44888602],26,13,"[0.32294489274299887, 0.4620611538839558]",1,-1
26162,[0.21332605 0.34554016],26,15,"[0.188292755006214, 0.3253570325311902]",1,-1
26163,[0.21957023 0.43860295],26,17,"[0.19949257984775934, 0.47737458183782433]",1,-1
26164,[0.27451392 0.45361129],26,13,"[0.32294489274299887, 0.4620611538839558]",1,29
26165,[0.21639375 0.35832634],26,15,"[0.188292755006214, 0.3253570325311902]",1,-1
26166,[0.20560795 0.44336009],26,17,"[0.19949257984775934, 0.47737458183782433]",1,-1
26167,[0.20209784 0.32366184],26,15,"[0.188292755006214, 0.3253570325311902]",1,-1
26168,[0.12116145 0.41863231],26,-1,-1,1,-1
26169,[0.18004114 0.40590527],26,0,"[0.2473875480073203, 0.39401489827781994]",1,-1
26170,[0.13891602 0.45283154],26,17,"[0.19949257984775934, 0.47737458183782433]",1,-1
26171,[0.1753488  0.39405427],26,15,"[0.188292755006214, 0.3253570325311902]",1,-1
26172,[0.19340125 0.34494628],26,15,"[0.188292755006214, 0.3253570325311902]",1,-1
26173,[0.14350586 0.32498016],26,15,"[0.188292755006214, 0.3253570325311902]",1,-1
26174,[0.20601152 0.37738604],26,0,"[0.2473875480073203, 0.39401489827781994]",1,35
26175,[0.23979799 0.35940004],26,0,"[0.2473875480073203, 0.39401489827781994]",1,-1
26176,[0.22040144 0.41866391],26,0,"[0.2473875480073203, 0.39401489827781994]",1,-1
26177,[0.2402164  0.49077708],26,17,"[0.19949257984775934, 0.47737458183782433]",1,-1
26178,[0.14995309 0.44783224],26,17,"[0.19949257984775934, 0.47737458183782433]",1,-1
26179,[0.17359274 0.46309227],26,17,"[0.19949257984775934, 0.47737458183782433]",1,-1
26180,[0.10957487 0.43480352],26,-1,-1,1,-1
26181,[0.21662455 0.46584319],26,17,"[0.19949257984775934, 0.47737458183782433]",1,-1
26182,[0.21574731 0.37082467],26,0,"[0.2473875480073203, 0.39401489827781994]",1,-1
26183,[0.18056622 0.39880994],26,0,"[0.2473875480073203, 0.39401489827781994]",1,-1
26184,[0.19521929 0.30671284],26,15,"[0.188292755006214, 0.3253570325311902]",1,-1
26185,[0.24256342 0.48105526],26,17,"[0.19949257984775934, 0.47737458183782433]",1,-1
26186,[0.17098343 0.43739255],26,17,"[0.19949257984775934, 0.47737458183782433]",1,-1
26187,[0.17316829 0.40264477],26,-1,-1,1,-1
26188,[0.11285133 0.40556097],26,-1,-1,1,-1
26189,[0.23408341 0.34231618],26,15,"[0.188292755006214, 0.3253570325311902]",1,40
26190,[0.08995081 0.42845998],26,-1,-1,1,-1
26191,[0.2736439  0.43532045],26,0,"[0.2473875480073203, 0.39401489827781994]",1,-1
26192,[0.20533895 0.3775735 ],26,0,"[0.2473875480073203, 0.39401489827781994]",1,35
26193,[0.20550395 0.42492112],26,0,"[0.2473875480073203, 0.39401489827781994]",1,21
26194,[0.17020419 0.3716452 ],26,15,"[0.188292755006214, 0.3253570325311902]",1,-1
26195,[0.10488514 0.37781908],26,-1,-1,1,-1
26196,[0.20714132 0.36764284],26,15,"[0.188292755006214, 0.3253570325311902]",1,-1
26197,[0.13382537 0.40628577],26,-1,-1,1,-1
26198,[0.23602746 0.37103355],26,0,"[0.2473875480073203, 0.39401489827781994]",1,-1
26199,[0.16723753 0.35452357],26,15,"[0.188292755006214, 0.3253570325311902]",1,-1
26200,[0.17553674 0.37737927],26,15,"[0.188292755006214, 0.3253570325311902]",1,-1
26201,[0.2107983  0.40324419],26,0,"[0.2473875480073203, 0.39401489827781994]",1,-1
26202,[0.21428549 0.39528995],26,0,"[0.2473875480073203, 0.39401489827781994]",1,-1
26203,[0.18751419 0.33068239],26,15,"[0.188292755006214, 0.3253570325311902]",1,-1
26204,[0.40447094 0.38691607],26,6,"[0.40123478470159024, 0.40656176249784554]",1,-1
26205,[0.23155659 0.47559746],26,17,"[0.19949257984775934, 0.47737458183782433]",1,-1
26206,[0.14991217 0.38826447],26,-1,-1,1,-1
26207,[0.14972436 0.35032485],26,15,"[0.188292755006214, 0.3253570325311902]",1,-1
26208,[0.18301737 0.41457756],26,17,"[0.19949257984775934, 0.47737458183782433]",1,-1
26209,[0.13178135 0.31712876],26,15,"[0.188292755006214, 0.3253570325311902]",1,-1
26210,[0.28366817 0.34552889],26,7,"[0.2880919156697789, 0.2889500356712737]",1,-1
26211,[0.10414877 0.42248314],26,-1,-1,1,-1
26212,[0.17403476 0.41669681],26,17,"[0.19949257984775934, 0.47737458183782433]",1,-1
26213,[0.267907   0.33384805],26,7,"[0.2880919156697789, 0.2889500356712737]",1,-1
26214,[0.15450985 0.3789419 ],26,15,"[0.188292755006214, 0.3253570325311902]",1,-1
26215,[0.08895682 0.36581706],26,-1,-1,1,-1
26216,[0.15595536 0.34428683],26,15,"[0.188292755006214, 0.3253570325311902]",1,-1
26217,[0.20033481 0.47824449],26,17,"[0.19949257984775934, 0.47737458183782433]",1,-1
26218,[0.24509963 0.38114708],26,0,"[0.2473875480073203, 0.39401489827781994]",1,47
26219,[0.12802376 0.47946816],26,-1,-1,1,-1
26220,[0.26150629 0.44619536],26,0,"[0.2473875480073203, 0.39401489827781994]",1,-1
26221,[0.2065821  0.44297092],26,17,"[0.19949257984775934, 0.47737458183782433]",1,-1
26222,[0.31252877 0.50164909],26,13,"[0.32294489274299887, 0.4620611538839558]",1,-1
26223,[0.18779689 0.39346361],26,0,"[0.2473875480073203, 0.39401489827781994]",1,-1
26224,[0.21267921 0.3315883 ],26,15,"[0.188292755006214, 0.3253570325311902]",1,-1
26225,[0.24625694 0.38212431],26,0,"[0.2473875480073203, 0.39401489827781994]",1,47
26226,[0.19376527 0.37218988],26,15,"[0.188292755006214, 0.3253570325311902]",1,-1
26227,[0.24582882 0.51321682],26,17,"[0.19949257984775934, 0.47737458183782433]",1,-1
26228,[0.19851151 0.38125796],26,0,"[0.2473875480073203, 0.39401489827781994]",1,-1
26229,[0.22741148 0.40621092],26,0,"[0.2473875480073203, 0.39401489827781994]",1,-1
26230,[0.17734004 0.45576362],26,17,"[0.19949257984775934, 0.47737458183782433]",1,-1
26231,[0.22232025 0.40804909],26,0,"[0.2473875480073203, 0.39401489827781994]",1,-1
26232,[0.19066674 0.35607904],26,15,"[0.188292755006214, 0.3253570325311902]",1,-1
26233,[0.123358   0.41770072],26,-1,-1,1,-1
26234,[0.19433979 0.4683541 ],26,17,"[0.19949257984775934, 0.47737458183782433]",1,-1
26235,[0.20399515 0.40549283],26,0,"[0.2473875480073203, 0.39401489827781994]",1,-1
26236,[0.24704462 0.40928579],26,0,"[0.2473875480073203, 0.39401489827781994]",1,-1
26237,[0.17570573 0.41682839],26,17,"[0.19949257984775934, 0.47737458183782433]",1,-1
26238,[0.20206234 0.4799274 ],26,17,"[0.19949257984775934, 0.47737458183782433]",1,-1
26239,[0.19435249 0.37452111],26,15,"[0.188292755006214, 0.3253570325311902]",1,-1
26240,[0.34261746 0.3863797 ],26,1,"[0.33650952271243567, 0.3695039184549852]",1,-1
26241,[0.23936944 0.47869893],26,17,"[0.19949257984775934, 0.47737458183782433]",1,-1
26242,[0.2030949  0.42872058],26,17,"[0.19949257984775934, 0.47737458183782433]",1,21
26243,[0.23208127 0.36647526],26,0,"[0.2473875480073203, 0.39401489827781994]",1,-1
26244,[0.17762797 0.43592033],26,17,"[0.19949257984775934, 0.47737458183782433]",1,-1
26245,[0.17440099 0.45483854],26,17,"[0.19949257984775934, 0.47737458183782433]",1,-1
26246,[0.31934349 0.38750497],26,1,"[0.33650952271243567, 0.3695039184549852]",1,-1
26247,[0.19031166 0.44164791],26,17,"[0.19949257984775934, 0.47737458183782433]",1,-1
26248,[0.10892892 0.43944065],26,-1,-1,1,-1
26249,[0.18066531 0.48356974],26,17,"[0.19949257984775934, 0.47737458183782433]",1,-1
26250,[0.22013325 0.39803186],26,0,"[0.2473875480073203, 0.39401489827781994]",1,-1
26251,[0.22463935 0.37655932],26,0,"[0.2473875480073203, 0.39401489827781994]",1,35
26252,[0.20716774 0.39028026],26,0,"[0.2473875480073203, 0.39401489827781994]",1,35
26253,[0.0911898  0.46157868],26,-1,-1,1,-1
26254,[0.18256992 0.39740327],26,0,"[0.2473875480073203, 0.39401489827781994]",1,-1
26255,[0.20289458 0.34331712],26,15,"[0.188292755006214, 0.3253570325311902]",1,-1
26256,[0.21629376 0.4838646 ],26,17,"[0.19949257984775934, 0.47737458183782433]",1,-1
26257,[0.14350694 0.38278857],26,-1,-1,1,-1
26258,[0.1309323  0.35785472],26,15,"[0.188292755006214, 0.3253570325311902]",1,-1
26259,[0.21121255 0.32776267],26,15,"[0.188292755006214, 0.3253570325311902]",1,-1
26260,[0.17506088 0.39390569],26,15,"[0.188292755006214, 0.3253570325311902]",1,-1
26261,[0.24354869 0.39848199],26,0,"[0.2473875480073203, 0.39401489827781994]",1,47
26262,[0.1378853  0.34716988],26,15,"[0.188292755006214, 0.3253570325311902]",1,-1
26263,[0.20522413 0.38482639],26,0,"[0.2473875480073203, 0.39401489827781994]",1,-1
26264,[0.14288331 0.4119658 ],26,-1,-1,1,-1
26265,[0.10716631 0.40126322],26,-1,-1,1,-1
26266,[0.19785809 0.40568036],26,0,"[0.2473875480073203, 0.39401489827781994]",1,-1
26267,[0.19866282 0.48745735],26,17,"[0.19949257984775934, 0.47737458183782433]",1,-1
26268,[0.17632737 0.48507925],26,17,"[0.19949257984775934, 0.47737458183782433]",1,-1
26269,[0.16292964 0.4499418 ],26,17,"[0.19949257984775934, 0.47737458183782433]",1,-1
26270,[0.19116061 0.38492221],26,0,"[0.2473875480073203, 0.39401489827781994]",1,-1
26271,[0.15328898 0.45661254],26,17,"[0.19949257984775934, 0.47737458183782433]",1,-1
26272,[0.2060637 0.4600683],26,17,"[0.19949257984775934, 0.47737458183782433]",1,-1
26273,[0.28657034 0.40591203],26,0,"[0.2473875480073203, 0.39401489827781994]",1,-1
26274,[0.22683291 0.49463684],26,17,"[0.19949257984775934, 0.47737458183782433]",1,-1
26275,[0.08774897 0.4335168 ],26,-1,-1,1,-1
26276,[0.17970147 0.42304556],26,17,"[0.19949257984775934, 0.47737458183782433]",1,-1
26277,[0.19927158 0.42712934],26,17,"[0.19949257984775934, 0.47737458183782433]",1,21
26278,[0.1637283  0.37132749],26,15,"[0.188292755006214, 0.3253570325311902]",1,-1
26279,[0.13850602 0.50623412],26,49,"[0.14893778703439292, 0.5666898184239806]",1,-1
26280,[0.21320328 0.45774562],26,17,"[0.19949257984775934, 0.47737458183782433]",1,-1
26281,[0.16373472 0.43930662],26,17,"[0.19949257984775934, 0.47737458183782433]",1,-1
26282,[0.27391215 0.38791586],26,0,"[0.2473875480073203, 0.39401489827781994]",1,-1
26283,[0.12772786 0.38894896],26,-1,-1,1,-1
26284,[0.33014184 0.37149252],26,1,"[0.33650952271243567, 0.3695039184549852]",1,-1
26285,[0.26975537 0.36906156],26,0,"[0.2473875480073203, 0.39401489827781994]",1,-1
26286,[0.21907582 0.44270016],26,17,"[0.19949257984775934, 0.47737458183782433]",1,-1
26287,[0.2475807  0.38955896],26,0,"[0.2473875480073203, 0.39401489827781994]",1,47
26288,[0.20878713 0.49117664],26,17,"[0.19949257984775934, 0.47737458183782433]",1,-1
26289,[0.18831562 0.40236967],26,0,"[0.2473875480073203, 0.39401489827781994]",1,-1
26290,[0.14748599 0.34915573],26,15,"[0.188292755006214, 0.3253570325311902]",1,-1
26291,[0.25665096 0.45855699],26,17,"[0.19949257984775934, 0.47737458183782433]",1,-1
26292,[0.2218641  0.36490034],26,0,"[0.2473875480073203, 0.39401489827781994]",1,-1
26293,[0.18895323 0.29263122],26,15,"[0.188292755006214, 0.3253570325311902]",1,-1
26294,[0.14314887 0.44264452],26,17,"[0.19949257984775934, 0.47737458183782433]",1,-1
26295,[0.17389987 0.41894162],26,17,"[0.19949257984775934, 0.47737458183782433]",1,-1
26296,[0.14716174 0.44827606],26,17,"[0.19949257984775934, 0.47737458183782433]",1,-1
26297,[0.22419516 0.34736808],26,15,"[0.188292755006214, 0.3253570325311902]",1,-1
26298,[0.22891284 0.39722525],26,0,"[0.2473875480073203, 0.39401489827781994]",1,-1
26299,[0.1395825  0.34372415],26,15,"[0.188292755006214, 0.3253570325311902]",1,-1
26300,[0.12431306 0.42847254],26,-1,-1,1,-1
26301,[0.12766286 0.36215168],26,-1,-1,1,-1
26302,[0.27106928 0.48893494],26,13,"[0.32294489274299887, 0.4620611538839558]",1,-1
26303,[0.15951176 0.29761747],26,15,"[0.188292755006214, 0.3253570325311902]",1,-1
26304,[0.17248982 0.43471686],26,17,"[0.19949257984775934, 0.47737458183782433]",1,-1
26305,[0.04908853 0.37763114],26,-1,-1,-1,-1
26306,[0.25695068 0.36012183],26,0,"[0.2473875480073203, 0.39401489827781994]",1,-1
26307,[0.15768482 0.36072397],26,15,"[0.188292755006214, 0.3253570325311902]",1,-1
26308,[0.12587962 0.40056634],26,-1,-1,1,-1
26309,[0.12353766 0.35409747],26,-1,-1,1,-1
26310,[0.17263354 0.44956063],26,17,"[0.19949257984775934, 0.47737458183782433]",1,-1
26311,[0.17058064 0.42403013],26,17,"[0.19949257984775934, 0.47737458183782433]",1,-1
26312,[0.20871369 0.37575244],26,0,"[0.2473875480073203, 0.39401489827781994]",1,-1
26313,[0.25859121 0.40967664],26,0,"[0.2473875480073203, 0.39401489827781994]",1,-1
26314,[0.27169931 0.43723586],26,0,"[0.2473875480073203, 0.39401489827781994]",1,-1
26315,[0.22816926 0.41022972],26,0,"[0.2473875480073203, 0.39401489827781994]",1,48
26316,[0.17489703 0.38489581],26,15,"[0.188292755006214, 0.3253570325311902]",1,-1
26317,[0.17756764 0.44251925],26,17,"[0.19949257984775934, 0.47737458183782433]",1,-1
26318,[0.19940278 0.30413017],26,15,"[0.188292755006214, 0.3253570325311902]",1,-1
26319,[0.09758291 0.49539095],26,-1,-1,1,-1
26320,[0.18746212 0.46221892],26,17,"[0.19949257984775934, 0.47737458183782433]",1,-1
26321,[0.18925922 0.42791219],26,17,"[0.19949257984775934, 0.47737458183782433]",1,-1
26322,[0.22411276 0.41357273],26,0,"[0.2473875480073203, 0.39401489827781994]",1,-1
26323,[0.13260405 0.43082401],26,-1,-1,1,-1
26324,[0.15680343 0.45843245],26,17,"[0.19949257984775934, 0.47737458183782433]",1,-1
26325,[0.13411938 0.45653307],26,17,"[0.19949257984775934, 0.47737458183782433]",1,-1
26326,[0.16149927 0.49048185],26,17,"[0.19949257984775934, 0.47737458183782433]",1,-1
26327,[0.22705538 0.38368764],26,0,"[0.2473875480073203, 0.39401489827781994]",1,-1
26328,[0.12330648 0.44461512],26,-1,-1,1,-1
26329,[0.24496104 0.47021641],26,17,"[0.19949257984775934, 0.47737458183782433]",1,-1
26330,[0.17347849 0.35681904],26,15,"[0.188292755006214, 0.3253570325311902]",1,-1
26331,[0.17951926 0.37597511],26,15,"[0.188292755006214, 0.3253570325311902]",1,-1
26332,[0.22462977 0.41799232],26,0,"[0.2473875480073203, 0.39401489827781994]",1,-1
26333,[0.27139054 0.41071118],26,0,"[0.2473875480073203, 0.39401489827781994]",1,-1
26334,[0.22681328 0.3374509 ],26,15,"[0.188292755006214, 0.3253570325311902]",1,-1
26335,[0.18981845 0.39711938],26,0,"[0.2473875480073203, 0.39401489827781994]",1,-1
26336,[0.20167836 0.38864457],26,0,"[0.2473875480073203, 0.39401489827781994]",1,35
26337,[0.1644258  0.32234368],26,15,"[0.188292755006214, 0.3253570325311902]",1,-1
26338,[0.19944888 0.38658855],26,0,"[0.2473875480073203, 0.39401489827781994]",1,35
26339,[0.23109939 0.39207174],26,0,"[0.2473875480073203, 0.39401489827781994]",1,-1
26340,[0.18208637 0.44239603],26,17,"[0.19949257984775934, 0.47737458183782433]",1,-1
26341,[0.20599894 0.50260437],26,17,"[0.19949257984775934, 0.47737458183782433]",1,-1
26342,[0.24290271 0.43949449],26,0,"[0.2473875480073203, 0.39401489827781994]",1,-1
26343,[0.21977264 0.4509759 ],26,17,"[0.19949257984775934, 0.47737458183782433]",1,-1
26344,[0.19691679 0.43476706],26,17,"[0.19949257984775934, 0.47737458183782433]",1,-1
26345,[0.26061632 0.39259668],26,0,"[0.2473875480073203, 0.39401489827781994]",1,-1
26346,[0.21622957 0.45749514],26,17,"[0.19949257984775934, 0.47737458183782433]",1,-1
26347,[0.15230275 0.4979386 ],26,17,"[0.19949257984775934, 0.47737458183782433]",1,-1
26348,[0.25445442 0.47977157],26,17,"[0.19949257984775934, 0.47737458183782433]",1,-1
26349,[0.15412637 0.41359499],26,-1,-1,1,-1
26350,[0.32110695 0.40428041],26,1,"[0.33650952271243567, 0.3695039184549852]",1,-1
26351,[0.19599143 0.43635467],26,17,"[0.19949257984775934, 0.47737458183782433]",1,-1
26352,[0.14043352 0.37425742],26,15,"[0.188292755006214, 0.3253570325311902]",1,-1
26353,[0.11429434 0.42372054],26,-1,-1,1,-1
26354,[0.21464985 0.47019362],26,17,"[0.19949257984775934, 0.47737458183782433]",1,-1
26355,[0.23025587 0.42389518],26,0,"[0.2473875480073203, 0.39401489827781994]",1,-1
26356,[0.17948606 0.4905801 ],26,17,"[0.19949257984775934, 0.47737458183782433]",1,-1
26357,[0.13099311 0.42873639],26,-1,-1,1,-1
26358,[0.27231093 0.42254703],26,0,"[0.2473875480073203, 0.39401489827781994]",1,53
26359,[0.09587289 0.39068703],26,-1,-1,1,-1
26360,[0.12896825 0.36262624],26,-1,-1,1,-1
26361,[0.20393323 0.46448917],26,17,"[0.19949257984775934, 0.47737458183782433]",1,-1
26362,[0.1574416  0.36196602],26,15,"[0.188292755006214, 0.3253570325311902]",1,-1
26363,[0.24542307 0.34613562],26,0,"[0.2473875480073203, 0.39401489827781994]",1,-1
26364,[0.24427146 0.4021667 ],26,0,"[0.2473875480073203, 0.39401489827781994]",1,-1
26365,[0.28052833 0.43777673],26,13,"[0.32294489274299887, 0.4620611538839558]",1,53
26366,[0.18205725 0.37889932],26,15,"[0.188292755006214, 0.3253570325311902]",1,-1
26367,[0.16164017 0.43061084],26,17,"[0.19949257984775934, 0.47737458183782433]",1,-1
26368,[0.27766151 0.49483722],26,13,"[0.32294489274299887, 0.4620611538839558]",1,-1
26369,[0.21612525 0.37673651],26,0,"[0.2473875480073203, 0.39401489827781994]",1,-1
26370,[0.12390696 0.33178776],26,15,"[0.188292755006214, 0.3253570325311902]",1,-1
26371,[0.16042156 0.36094701],26,15,"[0.188292755006214, 0.3253570325311902]",1,-1
26372,[0.17077728 0.38603049],26,15,"[0.188292755006214, 0.3253570325311902]",1,-1
26373,[0.20526885 0.42419424],26,0,"[0.2473875480073203, 0.39401489827781994]",1,21
26374,[0.14407539 0.40326366],26,-1,-1,1,-1
26375,[0.11712298 0.51391187],26,49,"[0.14893778703439292, 0.5666898184239806]",1,-1
26376,[0.16205051 0.38693023],26,15,"[0.188292755006214, 0.3253570325311902]",1,-1
26377,[0.20404518 0.42672817],26,17,"[0.19949257984775934, 0.47737458183782433]",1,21
26378,[0.24297868 0.40048505],26,0,"[0.2473875480073203, 0.39401489827781994]",1,-1
26379,[0.22450508 0.47413886],26,17,"[0.19949257984775934, 0.47737458183782433]",1,-1
26380,[0.18847211 0.44393244],26,17,"[0.19949257984775934, 0.47737458183782433]",1,-1
26381,[0.08824344 0.39994742],26,-1,-1,1,-1
26382,[0.19865824 0.38995666],26,0,"[0.2473875480073203, 0.39401489827781994]",1,35
26383,[0.27065849 0.48403107],26,13,"[0.32294489274299887, 0.4620611538839558]",1,-1
26384,[0.20713535 0.32341842],26,15,"[0.188292755006214, 0.3253570325311902]",1,-1
26385,[0.18446754 0.49472298],26,17,"[0.19949257984775934, 0.47737458183782433]",1,-1
26386,[0.11472793 0.38373922],26,-1,-1,1,-1
26387,[0.18688306 0.44894032],26,17,"[0.19949257984775934, 0.47737458183782433]",1,-1
26388,[0.10068164 0.41970669],26,-1,-1,1,-1
26389,[0.18859766 0.49975191],26,17,"[0.19949257984775934, 0.47737458183782433]",1,-1
26390,[0.16569345 0.41436056],26,-1,-1,1,-1
26391,[0.25161076 0.4145683 ],26,0,"[0.2473875480073203, 0.39401489827781994]",1,-1
26392,[0.31508292 0.4086706 ],26,1,"[0.33650952271243567, 0.3695039184549852]",1,-1
26393,[0.11303545 0.48434089],26,-1,-1,1,-1
26394,[0.24057764 0.37160021],26,0,"[0.2473875480073203, 0.39401489827781994]",1,-1
26395,[0.1952773  0.43950254],26,17,"[0.19949257984775934, 0.47737458183782433]",1,-1
26396,[0.26766502 0.43775558],26,0,"[0.2473875480073203, 0.39401489827781994]",1,-1
26397,[0.18303833 0.39355882],26,0,"[0.2473875480073203, 0.39401489827781994]",1,-1
26398,[0.14987542 0.36818125],26,15,"[0.188292755006214, 0.3253570325311902]",1,-1
26399,[0.19320545 0.4237751 ],26,17,"[0.19949257984775934, 0.47737458183782433]",1,-1
26400,[0.27351742 0.41622935],26,0,"[0.2473875480073203, 0.39401489827781994]",1,-1
26401,[0.20190334 0.42627197],26,17,"[0.19949257984775934, 0.47737458183782433]",1,21
26402,[0.13447164 0.42633795],26,-1,-1,1,-1
26403,[0.19846641 0.41917082],26,0,"[0.2473875480073203, 0.39401489827781994]",1,-1
26404,[0.16482274 0.3933231 ],26,-1,-1,1,-1
26405,[0.18684956 0.3959122 ],26,0,"[0.2473875480073203, 0.39401489827781994]",1,-1
26406,[0.16506875 0.35654238],26,15,"[0.188292755006214, 0.3253570325311902]",1,-1
26407,[0.1259811  0.40474612],26,-1,-1,1,-1
26408,[0.16891029 0.42549137],26,17,"[0.19949257984775934, 0.47737458183782433]",1,-1
26409,[0.18048    0.30816695],26,15,"[0.188292755006214, 0.3253570325311902]",1,-1
26410,[0.2018171  0.48194305],26,17,"[0.19949257984775934, 0.47737458183782433]",1,-1
26411,[0.24170448 0.41694422],26,0,"[0.2473875480073203, 0.39401489827781994]",1,48
26412,[0.26695528 0.35885547],26,0,"[0.2473875480073203, 0.39401489827781994]",1,-1
26413,[0.27055748 0.39592964],26,0,"[0.2473875480073203, 0.39401489827781994]",1,-1
26414,[0.13406293 0.37004983],26,-1,-1,1,-1
26415,[0.23073651 0.41241358],26,0,"[0.2473875480073203, 0.39401489827781994]",1,48
26416,[0.23849801 0.36621162],26,0,"[0.2473875480073203, 0.39401489827781994]",1,-1
26417,[0.24596511 0.38112904],26,0,"[0.2473875480073203, 0.39401489827781994]",1,47
26418,[0.20955955 0.47746955],26,17,"[0.19949257984775934, 0.47737458183782433]",1,-1
26419,[0.18294664 0.45959432],26,17,"[0.19949257984775934, 0.47737458183782433]",1,-1
26420,[0.18251807 0.38151014],26,15,"[0.188292755006214, 0.3253570325311902]",1,-1
26421,[0.20923466 0.40437978],26,0,"[0.2473875480073203, 0.39401489827781994]",1,-1
26422,[0.29688925 0.39687372],26,1,"[0.33650952271243567, 0.3695039184549852]",1,59
26423,[0.22293564 0.41076336],26,0,"[0.2473875480073203, 0.39401489827781994]",1,-1
26424,[0.19848308 0.36808954],26,15,"[0.188292755006214, 0.3253570325311902]",1,-1
26425,[0.22420287 0.48019026],26,17,"[0.19949257984775934, 0.47737458183782433]",1,-1
26426,[0.2056924  0.46012436],26,17,"[0.19949257984775934, 0.47737458183782433]",1,-1
26427,[0.15391056 0.41876643],26,-1,-1,1,-1
26428,[0.26039367 0.38612665],26,0,"[0.2473875480073203, 0.39401489827781994]",1,-1
26429,[0.24595088 0.42537512],26,0,"[0.2473875480073203, 0.39401489827781994]",1,-1
26430,[0.15443884 0.4521635 ],26,17,"[0.19949257984775934, 0.47737458183782433]",1,-1
26431,[0.17687208 0.4438619 ],26,17,"[0.19949257984775934, 0.47737458183782433]",1,-1
26432,[0.17178531 0.41704117],26,17,"[0.19949257984775934, 0.47737458183782433]",1,-1
26433,[0.25082975 0.47238981],26,17,"[0.19949257984775934, 0.47737458183782433]",1,-1
26434,[0.24866962 0.45638151],26,17,"[0.19949257984775934, 0.47737458183782433]",1,24
26435,[0.2304345  0.31000677],26,15,"[0.188292755006214, 0.3253570325311902]",1,-1
26436,[0.16619534 0.40533937],26,-1,-1,1,-1
26437,[0.21681227 0.42995249],26,0,"[0.2473875480073203, 0.39401489827781994]",1,-1
26438,[0.22243326 0.42478923],26,0,"[0.2473875480073203, 0.39401489827781994]",1,-1
26439,[0.1870135  0.34313449],26,15,"[0.188292755006214, 0.3253570325311902]",1,-1
26440,[0.14993209 0.52534293],26,49,"[0.14893778703439292, 0.5666898184239806]",1,-1
26441,[0.20619581 0.42257591],26,0,"[0.2473875480073203, 0.39401489827781994]",1,21
26442,[0.16699844 0.48859404],26,17,"[0.19949257984775934, 0.47737458183782433]",1,-1
26443,[0.15951022 0.41982062],26,-1,-1,1,-1
26444,[0.21724225 0.37130354],26,0,"[0.2473875480073203, 0.39401489827781994]",1,-1
26445,[0.28066856 0.35448737],26,0,"[0.2473875480073203, 0.39401489827781994]",1,-1
26446,[0.15305027 0.50988739],26,17,"[0.19949257984775934, 0.47737458183782433]",1,-1
26447,[0.20740308 0.39663981],26,0,"[0.2473875480073203, 0.39401489827781994]",1,-1
26448,[0.23549638 0.37649252],26,0,"[0.2473875480073203, 0.39401489827781994]",1,-1
26449,[0.15379706 0.40358833],26,-1,-1,1,-1
26450,[0.22898088 0.38155862],26,0,"[0.2473875480073203, 0.39401489827781994]",1,-1
26451,[0.17312349 0.39826836],26,-1,-1,1,-1
26452,[0.21589404 0.47039231],26,17,"[0.19949257984775934, 0.47737458183782433]",1,-1
26453,[0.22513605 0.44873222],26,17,"[0.19949257984775934, 0.47737458183782433]",1,-1
26454,[0.22625224 0.34783472],26,15,"[0.188292755006214, 0.3253570325311902]",1,-1
26455,[0.24433698 0.48947156],26,17,"[0.19949257984775934, 0.47737458183782433]",1,-1
26456,[0.23364455 0.41168223],26,0,"[0.2473875480073203, 0.39401489827781994]",1,48
26457,[0.24023836 0.36200348],26,0,"[0.2473875480073203, 0.39401489827781994]",1,-1
26458,[0.29354511 0.39645506],26,0,"[0.2473875480073203, 0.39401489827781994]",1,-1
26459,[0.16531096 0.42258568],26,17,"[0.19949257984775934, 0.47737458183782433]",1,-1
26460,[0.20071974 0.39367397],26,0,"[0.2473875480073203, 0.39401489827781994]",1,35
26461,[0.18898946 0.41104317],26,0,"[0.2473875480073203, 0.39401489827781994]",1,-1
26462,[0.1486234  0.42858058],26,-1,-1,1,-1
26463,[0.19536442 0.40730226],26,0,"[0.2473875480073203, 0.39401489827781994]",1,-1
26464,[0.20983733 0.44025985],26,17,"[0.19949257984775934, 0.47737458183782433]",1,-1
26465,[0.16028925 0.36902525],26,15,"[0.188292755006214, 0.3253570325311902]",1,-1
26466,[0.28622609 0.38366566],26,0,"[0.2473875480073203, 0.39401489827781994]",1,-1
26467,[0.16864588 0.46338616],26,17,"[0.19949257984775934, 0.47737458183782433]",1,-1
26468,[0.18428202 0.43811336],26,17,"[0.19949257984775934, 0.47737458183782433]",1,-1
26469,[0.16014798 0.49234707],26,17,"[0.19949257984775934, 0.47737458183782433]",1,-1
26470,[0.20688533 0.46600462],26,17,"[0.19949257984775934, 0.47737458183782433]",1,-1
26471,[0.24230465 0.35720316],26,0,"[0.2473875480073203, 0.39401489827781994]",1,-1
26472,[0.18032113 0.49133762],26,17,"[0.19949257984775934, 0.47737458183782433]",1,-1
26473,[0.19462144 0.4505938 ],26,17,"[0.19949257984775934, 0.47737458183782433]",1,-1
26474,[0.22668906 0.34276912],26,15,"[0.188292755006214, 0.3253570325311902]",1,-1
26475,[0.23854414 0.44068907],26,0,"[0.2473875480073203, 0.39401489827781994]",1,-1
26476,[0.15843017 0.41805226],26,-1,-1,1,-1
26477,[0.143114   0.41683912],26,-1,-1,1,-1
26478,[0.18502983 0.35917604],26,15,"[0.188292755006214, 0.3253570325311902]",1,-1
26479,[0.24750688 0.48016933],26,17,"[0.19949257984775934, 0.47737458183782433]",1,-1
26480,[0.22036211 0.49939282],26,17,"[0.19949257984775934, 0.47737458183782433]",1,-1
26481,[0.24485438 0.3819191 ],26,0,"[0.2473875480073203, 0.39401489827781994]",1,47
26482,[0.22594988 0.39538627],26,0,"[0.2473875480073203, 0.39401489827781994]",1,-1
26483,[0.1482236  0.38119327],26,15,"[0.188292755006214, 0.3253570325311902]",1,-1
26484,[0.18572009 0.41856107],26,17,"[0.19949257984775934, 0.47737458183782433]",1,-1
26485,[0.23647053 0.48127732],26,17,"[0.19949257984775934, 0.47737458183782433]",1,-1
26486,[0.18558693 0.49419759],26,17,"[0.19949257984775934, 0.47737458183782433]",1,-1
26487,[0.17666751 0.41388324],26,17,"[0.19949257984775934, 0.47737458183782433]",1,-1
26488,[0.24925498 0.35296001],26,0,"[0.2473875480073203, 0.39401489827781994]",1,-1
26489,[0.2119735  0.44343371],26,17,"[0.19949257984775934, 0.47737458183782433]",1,-1
26490,[0.19463338 0.39928437],26,0,"[0.2473875480073203, 0.39401489827781994]",1,-1
26491,[0.15088547 0.35876093],26,15,"[0.188292755006214, 0.3253570325311902]",1,-1
26492,[0.21752177 0.34376422],26,15,"[0.188292755006214, 0.3253570325311902]",1,-1
26493,[0.17190842 0.37881853],26,15,"[0.188292755006214, 0.3253570325311902]",1,-1
26494,[0.21555696 0.40397246],26,0,"[0.2473875480073203, 0.39401489827781994]",1,-1
26495,[0.20274159 0.45301148],26,17,"[0.19949257984775934, 0.47737458183782433]",1,-1
26496,[0.20906543 0.34232801],26,15,"[0.188292755006214, 0.3253570325311902]",1,-1
26497,[0.09201316 0.36256501],26,-1,-1,1,-1
26498,[0.20616651 0.43064575],26,17,"[0.19949257984775934, 0.47737458183782433]",1,21
26499,[0.15387183 0.40365125],26,-1,-1,1,-1
26500,[0.16463988 0.37222309],26,15,"[0.188292755006214, 0.3253570325311902]",1,-1
26501,[0.14913212 0.48626903],26,17,"[0.19949257984775934, 0.47737458183782433]",1,-1
26502,[0.18014194 0.40996282],26,0,"[0.2473875480073203, 0.39401489827781994]",1,-1
26503,[0.19709955 0.39322417],26,0,"[0.2473875480073203, 0.39401489827781994]",1,35
26504,[0.18381331 0.41188573],26,0,"[0.2473875480073203, 0.39401489827781994]",1,-1
26505,[0.16044348 0.43590477],26,17,"[0.19949257984775934, 0.47737458183782433]",1,-1
26506,[0.157389  0.5179862],26,49,"[0.14893778703439292, 0.5666898184239806]",1,-1
26507,[0.25001238 0.49156201],26,17,"[0.19949257984775934, 0.47737458183782433]",1,-1
26508,[0.20770525 0.48548239],26,17,"[0.19949257984775934, 0.47737458183782433]",1,-1
26509,[0.24343946 0.4174967 ],26,0,"[0.2473875480073203, 0.39401489827781994]",1,48
26510,[0.13943008 0.39198734],26,-1,-1,1,-1
26511,[0.11446902 0.47067291],26,-1,-1,1,-1
26512,[0.24984947 0.45635918],26,17,"[0.19949257984775934, 0.47737458183782433]",1,24
26513,[0.24490199 0.37364679],26,0,"[0.2473875480073203, 0.39401489827781994]",1,-1
26514,[0.24809605 0.42617607],26,0,"[0.2473875480073203, 0.39401489827781994]",1,-1
26515,[0.14678495 0.44154647],26,17,"[0.19949257984775934, 0.47737458183782433]",1,-1
26516,[0.12304128 0.36260149],26,-1,-1,1,-1
26517,[0.20990221 0.40539951],26,0,"[0.2473875480073203, 0.39401489827781994]",1,-1
26518,[0.21160728 0.45476877],26,17,"[0.19949257984775934, 0.47737458183782433]",1,-1
26519,[0.28785591 0.39418411],26,0,"[0.2473875480073203, 0.39401489827781994]",1,-1
26520,[0.18627038 0.36957723],26,15,"[0.188292755006214, 0.3253570325311902]",1,-1
26521,[0.10993288 0.32633596],26,-1,-1,1,-1
26522,[0.24942809 0.47626915],26,17,"[0.19949257984775934, 0.47737458183782433]",1,-1
26523,[0.12842495 0.44535758],26,-1,-1,1,-1
26524,[0.18424062 0.52021571],26,17,"[0.19949257984775934, 0.47737458183782433]",1,-1
26525,[0.18454327 0.45174627],26,17,"[0.19949257984775934, 0.47737458183782433]",1,-1
26526,[0.19675337 0.35277885],26,15,"[0.188292755006214, 0.3253570325311902]",1,-1
26527,[0.23788755 0.44067829],26,0,"[0.2473875480073203, 0.39401489827781994]",1,-1
26528,[0.19843075 0.46459074],26,17,"[0.19949257984775934, 0.47737458183782433]",1,-1
26529,[0.20917133 0.33633817],26,15,"[0.188292755006214, 0.3253570325311902]",1,-1
26530,[0.21087586 0.42501694],26,0,"[0.2473875480073203, 0.39401489827781994]",1,-1
26531,[0.18619048 0.42932847],26,17,"[0.19949257984775934, 0.47737458183782433]",1,-1
26532,[0.21104171 0.4019938 ],26,0,"[0.2473875480073203, 0.39401489827781994]",1,-1
26533,[0.26827199 0.45199546],26,13,"[0.32294489274299887, 0.4620611538839558]",1,29
26534,[0.19333692 0.29397134],26,15,"[0.188292755006214, 0.3253570325311902]",1,-1
26535,[0.19893242 0.35457125],26,15,"[0.188292755006214, 0.3253570325311902]",1,-1
26536,[0.20707579 0.38589014],26,0,"[0.2473875480073203, 0.39401489827781994]",1,-1
26537,[0.07494349 0.44097419],26,-1,-1,1,-1
26538,[0.14985662 0.45571936],26,17,"[0.19949257984775934, 0.47737458183782433]",1,-1
26539,[0.2287377  0.43061143],26,0,"[0.2473875480073203, 0.39401489827781994]",1,-1
26540,[0.18254604 0.43918303],26,17,"[0.19949257984775934, 0.47737458183782433]",1,-1
26541,[0.20794429 0.30365882],26,15,"[0.188292755006214, 0.3253570325311902]",1,-1
26542,[0.13949243 0.46542917],26,17,"[0.19949257984775934, 0.47737458183782433]",1,-1
26543,[0.23934481 0.45466859],26,17,"[0.19949257984775934, 0.47737458183782433]",1,-1
26544,[0.24776208 0.4457028 ],26,0,"[0.2473875480073203, 0.39401489827781994]",1,-1
26545,[0.15067089 0.31368765],26,15,"[0.188292755006214, 0.3253570325311902]",1,-1
26546,[0.11666977 0.46373943],26,-1,-1,1,-1
26547,[0.19123963 0.41702921],26,0,"[0.2473875480073203, 0.39401489827781994]",1,-1
26548,[0.26743129 0.45369162],26,13,"[0.32294489274299887, 0.4620611538839558]",1,29
26549,[0.2578979  0.35537275],26,0,"[0.2473875480073203, 0.39401489827781994]",1,-1
26550,[0.21469284 0.4319491 ],26,17,"[0.19949257984775934, 0.47737458183782433]",1,-1
26551,[0.16866196 0.47741512],26,17,"[0.19949257984775934, 0.47737458183782433]",1,-1
26552,[0.20819597 0.45913994],26,17,"[0.19949257984775934, 0.47737458183782433]",1,-1
26553,[0.27984464 0.36236969],26,0,"[0.2473875480073203, 0.39401489827781994]",1,-1
26554,[0.18966207 0.36956476],26,15,"[0.188292755006214, 0.3253570325311902]",1,-1
26555,[0.24185076 0.35068134],26,0,"[0.2473875480073203, 0.39401489827781994]",1,-1
26556,[0.05684159 0.51610015],26,-1,-1,-1,-1
26557,[0.16046462 0.45263434],26,17,"[0.19949257984775934, 0.47737458183782433]",1,-1
26558,[0.22389908 0.43044186],26,0,"[0.2473875480073203, 0.39401489827781994]",1,-1
26559,[0.24396638 0.37764558],26,0,"[0.2473875480073203, 0.39401489827781994]",1,47
26560,[0.15924207 0.44166631],26,17,"[0.19949257984775934, 0.47737458183782433]",1,-1
26561,[0.17975769 0.3496939 ],26,15,"[0.188292755006214, 0.3253570325311902]",1,-1
26562,[0.21696612 0.31004585],26,15,"[0.188292755006214, 0.3253570325311902]",1,-1
26563,[0.29290446 0.44174474],26,13,"[0.32294489274299887, 0.4620611538839558]",1,-1
26564,[0.19018968 0.42380579],26,17,"[0.19949257984775934, 0.47737458183782433]",1,-1
26565,[0.14052159 0.45155533],26,17,"[0.19949257984775934, 0.47737458183782433]",1,-1
26566,[0.21934518 0.42866101],26,0,"[0.2473875480073203, 0.39401489827781994]",1,-1
26567,[0.18615626 0.37940575],26,15,"[0.188292755006214, 0.3253570325311902]",1,-1
26568,[0.15693286 0.41730149],26,-1,-1,1,-1
26569,[0.21009974 0.38028065],26,0,"[0.2473875480073203, 0.39401489827781994]",1,35
26570,[0.30587493 0.40911563],26,1,"[0.33650952271243567, 0.3695039184549852]",1,-1
26571,[0.2125931  0.40656276],26,0,"[0.2473875480073203, 0.39401489827781994]",1,-1
26572,[0.17370825 0.43438257],26,17,"[0.19949257984775934, 0.47737458183782433]",1,-1
26573,[0.25557711 0.40659403],26,0,"[0.2473875480073203, 0.39401489827781994]",1,-1
26574,[0.18957635 0.4831236 ],26,17,"[0.19949257984775934, 0.47737458183782433]",1,-1
26575,[0.21640776 0.36872572],26,0,"[0.2473875480073203, 0.39401489827781994]",1,-1
26576,[0.11264928 0.49806919],26,-1,-1,1,-1
26577,[0.31336971 0.39452129],26,1,"[0.33650952271243567, 0.3695039184549852]",1,-1
26578,[0.20077039 0.36632691],26,15,"[0.188292755006214, 0.3253570325311902]",1,-1
26579,[0.19707549 0.39678047],26,0,"[0.2473875480073203, 0.39401489827781994]",1,-1
26580,[0.1960365 0.4298666],26,17,"[0.19949257984775934, 0.47737458183782433]",1,-1
26581,[0.1648856  0.36501946],26,15,"[0.188292755006214, 0.3253570325311902]",1,-1
26582,[0.13820915 0.4714256 ],26,17,"[0.19949257984775934, 0.47737458183782433]",1,-1
26583,[0.18709735 0.49884906],26,17,"[0.19949257984775934, 0.47737458183782433]",1,-1
26584,[0.11245254 0.42571734],26,-1,-1,1,-1
26585,[0.24422843 0.47021684],26,17,"[0.19949257984775934, 0.47737458183782433]",1,-1
26586,[0.13459652 0.46122311],26,17,"[0.19949257984775934, 0.47737458183782433]",1,-1
26587,[0.18617802 0.43301689],26,17,"[0.19949257984775934, 0.47737458183782433]",1,-1
26588,[0.2041368 0.4790707],26,17,"[0.19949257984775934, 0.47737458183782433]",1,-1
26589,[0.1097272  0.43043969],26,-1,-1,1,-1
26590,[0.18377301 0.43303116],26,17,"[0.19949257984775934, 0.47737458183782433]",1,-1
26591,[0.22837682 0.42926881],26,0,"[0.2473875480073203, 0.39401489827781994]",1,-1
26592,[0.24665411 0.34069663],26,0,"[0.2473875480073203, 0.39401489827781994]",1,-1
26593,[0.16021938 0.50245165],26,17,"[0.19949257984775934, 0.47737458183782433]",1,-1
26594,[0.26898484 0.38332365],26,0,"[0.2473875480073203, 0.39401489827781994]",1,-1
26595,[0.14487382 0.36074608],26,15,"[0.188292755006214, 0.3253570325311902]",1,-1
26596,[0.26504558 0.43901264],26,0,"[0.2473875480073203, 0.39401489827781994]",1,-1
26597,[0.3059353  0.41943295],26,13,"[0.32294489274299887, 0.4620611538839558]",1,-1
26598,[0.19348848 0.36308732],26,15,"[0.188292755006214, 0.3253570325311902]",1,-1
26599,[0.08849123 0.35502331],26,-1,-1,1,-1
26600,[0.19479739 0.4183792 ],26,0,"[0.2473875480073203, 0.39401489827781994]",1,-1
26601,[0.21006488 0.41598357],26,0,"[0.2473875480073203, 0.39401489827781994]",1,-1
26602,[0.23390677 0.40013168],26,0,"[0.2473875480073203, 0.39401489827781994]",1,-1
26603,[0.24350421 0.35778075],26,0,"[0.2473875480073203, 0.39401489827781994]",1,-1
26604,[0.11833224 0.40034429],26,-1,-1,1,-1
26605,[0.27047853 0.42829155],26,0,"[0.2473875480073203, 0.39401489827781994]",1,-1
26606,[0.21346216 0.36151328],26,15,"[0.188292755006214, 0.3253570325311902]",1,-1
26607,[0.13374631 0.41057154],26,-1,-1,1,-1
26608,[0.21863783 0.45841623],26,17,"[0.19949257984775934, 0.47737458183782433]",1,-1
26609,[0.24533599 0.39971877],26,0,"[0.2473875480073203, 0.39401489827781994]",1,-1
26610,[0.12482128 0.40016451],26,-1,-1,1,-1
26611,[0.20025833 0.38137724],26,0,"[0.2473875480073203, 0.39401489827781994]",1,-1
26612,[0.35406821 0.4154218 ],26,6,"[0.40123478470159024, 0.40656176249784554]",1,-1
26613,[0.21854018 0.4244726 ],26,0,"[0.2473875480073203, 0.39401489827781994]",1,-1
26614,[0.21889092 0.51924811],26,17,"[0.19949257984775934, 0.47737458183782433]",1,-1
26615,[0.1783589  0.39818018],26,0,"[0.2473875480073203, 0.39401489827781994]",1,-1
26616,[0.172456   0.43802501],26,17,"[0.19949257984775934, 0.47737458183782433]",1,-1
26617,[0.22314898 0.45463611],26,17,"[0.19949257984775934, 0.47737458183782433]",1,-1
26618,[0.17800913 0.41431674],26,17,"[0.19949257984775934, 0.47737458183782433]",1,-1
26619,[0.27948876 0.43748459],26,13,"[0.32294489274299887, 0.4620611538839558]",1,53
26620,[0.24273856 0.46261541],26,17,"[0.19949257984775934, 0.47737458183782433]",1,-1
26621,[0.19013161 0.48486353],26,17,"[0.19949257984775934, 0.47737458183782433]",1,-1
26622,[0.22481744 0.41458762],26,0,"[0.2473875480073203, 0.39401489827781994]",1,-1
26623,[0.09928057 0.43654897],26,-1,-1,1,-1
26624,[0.16807753 0.37982265],26,15,"[0.188292755006214, 0.3253570325311902]",1,-1
26625,[0.27741176 0.44941728],26,13,"[0.32294489274299887, 0.4620611538839558]",1,-1
26626,[0.20524096 0.33516553],26,15,"[0.188292755006214, 0.3253570325311902]",1,-1
26627,[0.19056128 0.40735512],26,0,"[0.2473875480073203, 0.39401489827781994]",1,-1
26628,[0.12862976 0.43389371],26,-1,-1,1,-1
26629,[0.18671479 0.39989833],26,0,"[0.2473875480073203, 0.39401489827781994]",1,-1
26630,[0.13680173 0.4000678 ],26,-1,-1,1,-1
26631,[0.1155135  0.47890696],26,-1,-1,1,-1
26632,[0.16583123 0.48506838],26,17,"[0.19949257984775934, 0.47737458183782433]",1,-1
26633,[0.22522984 0.47644719],26,17,"[0.19949257984775934, 0.47737458183782433]",1,-1
26634,[0.19045843 0.43002111],26,17,"[0.19949257984775934, 0.47737458183782433]",1,-1
26635,[0.10016213 0.44303781],26,-1,-1,1,-1
26636,[0.15133912 0.35697112],26,15,"[0.188292755006214, 0.3253570325311902]",1,-1
26637,[0.1621838  0.31200336],26,15,"[0.188292755006214, 0.3253570325311902]",1,-1
26638,[0.14918542 0.46275756],26,17,"[0.19949257984775934, 0.47737458183782433]",1,-1
26639,[0.13339881 0.42774276],26,-1,-1,1,-1
26640,[0.25081621 0.39010174],26,0,"[0.2473875480073203, 0.39401489827781994]",1,-1
26641,[0.18802527 0.49235072],26,17,"[0.19949257984775934, 0.47737458183782433]",1,-1
26642,[0.23552726 0.4582591 ],26,17,"[0.19949257984775934, 0.47737458183782433]",1,-1
26643,[0.23449809 0.50161245],26,17,"[0.19949257984775934, 0.47737458183782433]",1,-1
26644,[0.28025633 0.31304663],26,7,"[0.2880919156697789, 0.2889500356712737]",1,-1
26645,[0.24835708 0.5080157 ],26,17,"[0.19949257984775934, 0.47737458183782433]",1,-1
26646,[0.23449182 0.30223421],26,15,"[0.188292755006214, 0.3253570325311902]",1,-1
26647,[0.18894175 0.49194748],26,17,"[0.19949257984775934, 0.47737458183782433]",1,-1
26648,[0.23426719 0.38678314],26,0,"[0.2473875480073203, 0.39401489827781994]",1,-1
26649,[0.12831939 0.39716719],26,-1,-1,1,-1
26650,[0.177551   0.44038862],26,17,"[0.19949257984775934, 0.47737458183782433]",1,-1
26651,[0.17465475 0.46608136],26,17,"[0.19949257984775934, 0.47737458183782433]",1,-1
26652,[0.12509221 0.52416937],26,49,"[0.14893778703439292, 0.5666898184239806]",1,-1
26653,[0.18583175 0.49048962],26,17,"[0.19949257984775934, 0.47737458183782433]",1,-1
26654,[0.20286329 0.49889159],26,17,"[0.19949257984775934, 0.47737458183782433]",1,-1
26655,[0.1364702  0.44415646],26,-1,-1,1,-1
26656,[0.18228463 0.36406455],26,15,"[0.188292755006214, 0.3253570325311902]",1,-1
26657,[0.11579304 0.41868388],26,-1,-1,1,-1
26658,[0.20368408 0.4319594 ],26,17,"[0.19949257984775934, 0.47737458183782433]",1,21
26659,[0.14702878 0.42802305],26,-1,-1,1,-1
26660,[0.26689579 0.4964265 ],26,13,"[0.32294489274299887, 0.4620611538839558]",1,-1
26661,[0.22856855 0.51869864],26,17,"[0.19949257984775934, 0.47737458183782433]",1,-1
26662,[0.22088537 0.40592548],26,0,"[0.2473875480073203, 0.39401489827781994]",1,-1
26663,[0.16667664 0.37033469],26,15,"[0.188292755006214, 0.3253570325311902]",1,-1
26664,[0.16866806 0.37406248],26,15,"[0.188292755006214, 0.3253570325311902]",1,-1
26665,[0.24076488 0.45351354],26,17,"[0.19949257984775934, 0.47737458183782433]",1,24
26666,[0.19050323 0.32368513],26,15,"[0.188292755006214, 0.3253570325311902]",1,-1
26667,[0.19359019 0.43958708],26,17,"[0.19949257984775934, 0.47737458183782433]",1,-1
26668,[0.23379629 0.43861374],26,0,"[0.2473875480073203, 0.39401489827781994]",1,-1
26669,[0.20883028 0.37275424],26,0,"[0.2473875480073203, 0.39401489827781994]",1,-1
26670,[0.13731968 0.45568368],26,17,"[0.19949257984775934, 0.47737458183782433]",1,-1
26671,[0.12590498 0.45227147],26,-1,-1,1,-1
26672,[0.31259147 0.41120881],26,1,"[0.33650952271243567, 0.3695039184549852]",1,-1
26673,[0.16823511 0.44521346],26,17,"[0.19949257984775934, 0.47737458183782433]",1,-1
26674,[0.15971425 0.44077924],26,17,"[0.19949257984775934, 0.47737458183782433]",1,-1
26675,[0.19102255 0.4925859 ],26,17,"[0.19949257984775934, 0.47737458183782433]",1,-1
26676,[0.20989481 0.45961883],26,17,"[0.19949257984775934, 0.47737458183782433]",1,-1
26677,[0.24770993 0.45539465],26,17,"[0.19949257984775934, 0.47737458183782433]",1,24
26678,[0.20108167 0.36679175],26,15,"[0.188292755006214, 0.3253570325311902]",1,-1
26679,[0.15111805 0.41076128],26,-1,-1,1,-1
26680,[0.13898911 0.50334181],26,49,"[0.14893778703439292, 0.5666898184239806]",1,-1
26681,[0.16490891 0.45629321],26,17,"[0.19949257984775934, 0.47737458183782433]",1,-1
26682,[0.268632   0.45933785],26,13,"[0.32294489274299887, 0.4620611538839558]",1,29
26683,[0.0771464  0.42473115],26,-1,-1,1,-1
26684,[0.13856886 0.38644284],26,-1,-1,1,-1
26685,[0.19740312 0.38743032],26,0,"[0.2473875480073203, 0.39401489827781994]",1,35
26686,[0.2268727  0.44249048],26,17,"[0.19949257984775934, 0.47737458183782433]",1,-1
26687,[0.10397116 0.48093039],26,-1,-1,1,-1
26688,[0.28265101 0.33308011],26,7,"[0.2880919156697789, 0.2889500356712737]",1,27
26689,[0.13842734 0.41932148],26,-1,-1,1,-1
26690,[0.24133541 0.34312953],26,0,"[0.2473875480073203, 0.39401489827781994]",1,40
26691,[0.23478423 0.41320623],26,0,"[0.2473875480073203, 0.39401489827781994]",1,48
26692,[0.19760842 0.35556227],26,15,"[0.188292755006214, 0.3253570325311902]",1,-1
26693,[0.15448691 0.36193678],26,15,"[0.188292755006214, 0.3253570325311902]",1,-1
26694,[0.2076738  0.47700145],26,17,"[0.19949257984775934, 0.47737458183782433]",1,-1
26695,[0.22734414 0.35205285],26,0,"[0.2473875480073203, 0.39401489827781994]",1,-1
26696,[0.12804945 0.39888418],26,-1,-1,1,-1
26697,[0.3163235  0.43398452],26,13,"[0.32294489274299887, 0.4620611538839558]",1,-1
26698,[0.2325589 0.4151793],26,0,"[0.2473875480073203, 0.39401489827781994]",1,48
26699,[0.22088203 0.39483957],26,0,"[0.2473875480073203, 0.39401489827781994]",1,-1
26700,[0.13209096 0.40212417],26,-1,-1,1,-1
26701,[0.21779476 0.4173188 ],26,0,"[0.2473875480073203, 0.39401489827781994]",1,-1
26702,[0.16040965 0.36698323],26,15,"[0.188292755006214, 0.3253570325311902]",1,-1
26703,[0.23251655 0.46779845],26,17,"[0.19949257984775934, 0.47737458183782433]",1,-1
26704,[0.16299822 0.46951097],26,17,"[0.19949257984775934, 0.47737458183782433]",1,-1
26705,[0.1741554  0.50751956],26,17,"[0.19949257984775934, 0.47737458183782433]",1,-1
26706,[0.24437741 0.3502976 ],26,0,"[0.2473875480073203, 0.39401489827781994]",1,-1
26707,[0.17929935 0.43222282],26,17,"[0.19949257984775934, 0.47737458183782433]",1,-1
26708,[0.29475997 0.43442033],26,13,"[0.32294489274299887, 0.4620611538839558]",1,-1
26709,[0.16232543 0.43858127],26,17,"[0.19949257984775934, 0.47737458183782433]",1,-1
26710,[0.18631335 0.38541959],26,15,"[0.188292755006214, 0.3253570325311902]",1,-1
26711,[0.21679255 0.42097317],26,0,"[0.2473875480073203, 0.39401489827781994]",1,-1
26712,[0.17736581 0.2811728 ],26,15,"[0.188292755006214, 0.3253570325311902]",1,-1
26713,[0.14279112 0.41573472],26,-1,-1,1,-1
26714,[0.19166015 0.40803511],26,0,"[0.2473875480073203, 0.39401489827781994]",1,-1
26715,[0.22690364 0.375795  ],26,0,"[0.2473875480073203, 0.39401489827781994]",1,-1
26716,[0.21768284 0.43172881],26,0,"[0.2473875480073203, 0.39401489827781994]",1,-1
26717,[0.14584261 0.39473099],26,-1,-1,1,-1
26718,[0.25102156 0.39374156],26,0,"[0.2473875480073203, 0.39401489827781994]",1,-1
26719,[0.11800676 0.45701085],26,-1,-1,1,-1
26720,[0.26797171 0.41626787],26,0,"[0.2473875480073203, 0.39401489827781994]",1,-1
26721,[0.27581145 0.41457031],26,0,"[0.2473875480073203, 0.39401489827781994]",1,-1
26722,[0.15165338 0.41790981],26,-1,-1,1,-1
26723,[0.15842549 0.41190413],26,-1,-1,1,-1
26724,[0.19102631 0.41354657],26,0,"[0.2473875480073203, 0.39401489827781994]",1,-1
26725,[0.1990842  0.43402748],26,17,"[0.19949257984775934, 0.47737458183782433]",1,21
26726,[0.28539911 0.43626523],26,13,"[0.32294489274299887, 0.4620611538839558]",1,-1
26727,[0.19277182 0.3822039 ],26,0,"[0.2473875480073203, 0.39401489827781994]",1,-1
26728,[0.22744827 0.46102878],26,17,"[0.19949257984775934, 0.47737458183782433]",1,-1
26729,[0.17343305 0.3327789 ],26,15,"[0.188292755006214, 0.3253570325311902]",1,-1
26730,[0.1522411  0.40375257],26,-1,-1,1,-1
26731,[0.24781574 0.48854978],26,17,"[0.19949257984775934, 0.47737458183782433]",1,-1
26732,[0.19145062 0.45945068],26,17,"[0.19949257984775934, 0.47737458183782433]",1,-1
26733,[0.12491358 0.46046603],26,-1,-1,1,-1
26734,[0.3250033  0.41361829],26,1,"[0.33650952271243567, 0.3695039184549852]",1,-1
26735,[0.24919471 0.45042573],26,0,"[0.2473875480073203, 0.39401489827781994]",1,24
26736,[0.181398  0.4565128],26,17,"[0.19949257984775934, 0.47737458183782433]",1,-1
26737,[0.26221972 0.41108724],26,0,"[0.2473875480073203, 0.39401489827781994]",1,-1
26738,[0.24191162 0.41658691],26,0,"[0.2473875480073203, 0.39401489827781994]",1,48
26739,[0.19941525 0.43186999],26,17,"[0.19949257984775934, 0.47737458183782433]",1,21
26740,[0.13998718 0.39111254],26,-1,-1,1,-1
26741,[0.21264604 0.42096843],26,0,"[0.2473875480073203, 0.39401489827781994]",1,-1
26742,[0.21922568 0.52459782],26,17,"[0.19949257984775934, 0.47737458183782433]",1,-1
26743,[0.16528371 0.3701552 ],26,15,"[0.188292755006214, 0.3253570325311902]",1,-1
26744,[0.18870921 0.48604829],26,17,"[0.19949257984775934, 0.47737458183782433]",1,-1
26745,[0.29513362 0.43662769],26,13,"[0.32294489274299887, 0.4620611538839558]",1,-1
26746,[0.16348914 0.33726117],26,15,"[0.188292755006214, 0.3253570325311902]",1,-1
26747,[0.16491221 0.37405938],26,15,"[0.188292755006214, 0.3253570325311902]",1,-1
26748,[0.13703783 0.37026064],26,15,"[0.188292755006214, 0.3253570325311902]",1,-1
26749,[0.2012567  0.44740478],26,17,"[0.19949257984775934, 0.47737458183782433]",1,-1
26750,[0.09502811 0.47040425],26,-1,-1,1,-1
26751,[0.10508636 0.43229275],26,-1,-1,1,-1
26752,[0.15073157 0.44622238],26,17,"[0.19949257984775934, 0.47737458183782433]",1,-1
26753,[0.23425914 0.36023814],26,0,"[0.2473875480073203, 0.39401489827781994]",1,-1
26754,[0.18242602 0.34859958],26,15,"[0.188292755006214, 0.3253570325311902]",1,-1
26755,[0.18269725 0.46925383],26,17,"[0.19949257984775934, 0.47737458183782433]",1,-1
26756,[0.15796333 0.4347416 ],26,17,"[0.19949257984775934, 0.47737458183782433]",1,-1
26757,[0.22995412 0.3873728 ],26,0,"[0.2473875480073203, 0.39401489827781994]",1,-1
26758,[0.18112238 0.42004627],26,17,"[0.19949257984775934, 0.47737458183782433]",1,-1
26759,[0.20495513 0.46906276],26,17,"[0.19949257984775934, 0.47737458183782433]",1,-1
26760,[0.29012241 0.44144564],26,13,"[0.32294489274299887, 0.4620611538839558]",1,-1
26761,[0.2710567  0.41237865],26,0,"[0.2473875480073203, 0.39401489827781994]",1,-1
26762,[0.14022577 0.41400785],26,-1,-1,1,-1
26763,[0.21106591 0.44041221],26,17,"[0.19949257984775934, 0.47737458183782433]",1,-1
26764,[0.27231276 0.43848701],26,0,"[0.2473875480073203, 0.39401489827781994]",1,-1
26765,[0.17671759 0.382244  ],26,15,"[0.188292755006214, 0.3253570325311902]",1,-1
26766,[0.1801317  0.44671118],26,17,"[0.19949257984775934, 0.47737458183782433]",1,-1
26767,[0.30810577 0.51362321],26,13,"[0.32294489274299887, 0.4620611538839558]",1,-1
26768,[0.26615927 0.40444414],26,0,"[0.2473875480073203, 0.39401489827781994]",1,-1
26769,[0.22853177 0.33635306],26,15,"[0.188292755006214, 0.3253570325311902]",1,-1
26770,[0.20456774 0.40206078],26,0,"[0.2473875480073203, 0.39401489827781994]",1,-1
26771,[0.12792883 0.39677155],26,-1,-1,1,-1
26772,[0.24548172 0.36367353],26,0,"[0.2473875480073203, 0.39401489827781994]",1,-1
26773,[0.18202117 0.44442173],26,17,"[0.19949257984775934, 0.47737458183782433]",1,-1
26774,[0.2291081  0.47185352],26,17,"[0.19949257984775934, 0.47737458183782433]",1,-1
26775,[0.24036816 0.40914252],26,0,"[0.2473875480073203, 0.39401489827781994]",1,-1
26776,[0.15905158 0.46276664],26,17,"[0.19949257984775934, 0.47737458183782433]",1,-1
26777,[0.2201344  0.49701766],26,17,"[0.19949257984775934, 0.47737458183782433]",1,-1
26778,[0.18675589 0.46401996],26,17,"[0.19949257984775934, 0.47737458183782433]",1,-1
26779,[0.15174715 0.36273961],26,15,"[0.188292755006214, 0.3253570325311902]",1,-1
26780,[0.193974   0.41988075],26,17,"[0.19949257984775934, 0.47737458183782433]",1,-1
26781,[0.28350119 0.3787117 ],26,0,"[0.2473875480073203, 0.39401489827781994]",1,-1
26782,[0.27905967 0.43681966],26,13,"[0.32294489274299887, 0.4620611538839558]",1,53
26783,[0.1540756 0.4875741],26,17,"[0.19949257984775934, 0.47737458183782433]",1,-1
26784,[0.20112313 0.42763346],26,17,"[0.19949257984775934, 0.47737458183782433]",1,21
26785,[0.17596044 0.46358942],26,17,"[0.19949257984775934, 0.47737458183782433]",1,-1
26786,[0.24790283 0.46213176],26,17,"[0.19949257984775934, 0.47737458183782433]",1,24
26787,[0.17525234 0.45259974],26,17,"[0.19949257984775934, 0.47737458183782433]",1,-1
26788,[0.1057606  0.44555389],26,-1,-1,1,-1
26789,[0.23240193 0.40934589],26,0,"[0.2473875480073203, 0.39401489827781994]",1,-1
26790,[0.17950885 0.35554154],26,15,"[0.188292755006214, 0.3253570325311902]",1,-1
26791,[0.22777487 0.47361625],26,17,"[0.19949257984775934, 0.47737458183782433]",1,-1
26792,[0.26630851 0.36152587],26,0,"[0.2473875480073203, 0.39401489827781994]",1,-1
26793,[0.19391172 0.42865377],26,17,"[0.19949257984775934, 0.47737458183782433]",1,-1
26794,[0.27241674 0.32641496],26,7,"[0.2880919156697789, 0.2889500356712737]",1,27
26795,[0.28354427 0.45781804],26,13,"[0.32294489274299887, 0.4620611538839558]",1,-1
26796,[0.14317678 0.35112703],26,15,"[0.188292755006214, 0.3253570325311902]",1,-1
26797,[0.13318801 0.34109325],26,15,"[0.188292755006214, 0.3253570325311902]",1,-1
26798,[0.12460277 0.45891054],26,-1,-1,1,-1
26799,[0.09831584 0.42490558],26,-1,-1,1,-1
26800,[0.09827761 0.44598429],26,-1,-1,1,-1
26801,[0.22493188 0.37734078],26,0,"[0.2473875480073203, 0.39401489827781994]",1,35
26802,[0.07355836 0.45256913],26,-1,-1,-1,-1
26803,[0.18220548 0.40380384],26,0,"[0.2473875480073203, 0.39401489827781994]",1,-1
26804,[0.21901383 0.40748822],26,0,"[0.2473875480073203, 0.39401489827781994]",1,-1
26805,[0.2356498  0.38779709],26,0,"[0.2473875480073203, 0.39401489827781994]",1,-1
26806,[0.31255461 0.46883086],26,13,"[0.32294489274299887, 0.4620611538839558]",1,-1
26807,[0.17920199 0.42616966],26,17,"[0.19949257984775934, 0.47737458183782433]",1,-1
26808,[0.11660136 0.40634306],26,-1,-1,1,-1
26809,[0.19944797 0.41858674],26,0,"[0.2473875480073203, 0.39401489827781994]",1,-1
26810,[0.20924548 0.36915094],26,0,"[0.2473875480073203, 0.39401489827781994]",1,-1
26811,[0.12737668 0.39046998],26,-1,-1,1,-1
26812,[0.15237487 0.47497095],26,17,"[0.19949257984775934, 0.47737458183782433]",1,-1
26813,[0.17069963 0.35928558],26,15,"[0.188292755006214, 0.3253570325311902]",1,-1
26814,[0.15658935 0.45531462],26,17,"[0.19949257984775934, 0.47737458183782433]",1,-1
26815,[0.23171669 0.4438618 ],26,17,"[0.19949257984775934, 0.47737458183782433]",1,-1
26816,[0.29737952 0.480128  ],26,13,"[0.32294489274299887, 0.4620611538839558]",1,-1
26817,[0.13391125 0.45655711],26,17,"[0.19949257984775934, 0.47737458183782433]",1,-1
26818,[0.23605859 0.35859626],26,0,"[0.2473875480073203, 0.39401489827781994]",1,-1
26819,[0.1917933  0.38736964],26,0,"[0.2473875480073203, 0.39401489827781994]",1,-1
26820,[0.22405431 0.445406  ],26,17,"[0.19949257984775934, 0.47737458183782433]",1,-1
26821,[0.20675198 0.42517669],26,0,"[0.2473875480073203, 0.39401489827781994]",1,21
26822,[0.21858008 0.31417519],26,15,"[0.188292755006214, 0.3253570325311902]",1,-1
26823,[0.09426486 0.4157073 ],26,-1,-1,1,-1
26824,[0.18262202 0.38403111],26,15,"[0.188292755006214, 0.3253570325311902]",1,-1
26825,[0.14328273 0.44592982],26,17,"[0.19949257984775934, 0.47737458183782433]",1,-1
26826,[0.24282219 0.38697135],26,0,"[0.2473875480073203, 0.39401489827781994]",1,47
26827,[0.13630758 0.58259663],26,49,"[0.14893778703439292, 0.5666898184239806]",1,-1
26828,[0.12540989 0.41639809],26,-1,-1,1,-1
26829,[0.17805275 0.39678228],26,0,"[0.2473875480073203, 0.39401489827781994]",1,-1
26830,[0.10122914 0.42367915],26,-1,-1,1,-1
26831,[0.2570027  0.39091628],26,0,"[0.2473875480073203, 0.39401489827781994]",1,-1
26832,[0.16905394 0.43472991],26,17,"[0.19949257984775934, 0.47737458183782433]",1,-1
26833,[0.21379534 0.50940704],26,17,"[0.19949257984775934, 0.47737458183782433]",1,-1
26834,[0.14722843 0.43221656],26,17,"[0.19949257984775934, 0.47737458183782433]",1,-1
26835,[0.1658783  0.43761799],26,17,"[0.19949257984775934, 0.47737458183782433]",1,-1
26836,[0.11743938 0.41990895],26,-1,-1,1,-1
26837,[0.10832037 0.46748239],26,-1,-1,1,-1
26838,[0.15665929 0.38367183],26,15,"[0.188292755006214, 0.3253570325311902]",1,-1
26839,[0.15094592 0.48668427],26,17,"[0.19949257984775934, 0.47737458183782433]",1,-1
26840,[0.16699584 0.47885622],26,17,"[0.19949257984775934, 0.47737458183782433]",1,-1
26841,[0.21397058 0.39718289],26,0,"[0.2473875480073203, 0.39401489827781994]",1,-1
26842,[0.22972873 0.42870821],26,0,"[0.2473875480073203, 0.39401489827781994]",1,-1
26843,[0.23645095 0.47182496],26,17,"[0.19949257984775934, 0.47737458183782433]",1,-1
26844,[0.23576244 0.48776545],26,17,"[0.19949257984775934, 0.47737458183782433]",1,-1
26845,[0.2182698  0.33717886],26,15,"[0.188292755006214, 0.3253570325311902]",1,-1
26846,[0.19760695 0.36654819],26,15,"[0.188292755006214, 0.3253570325311902]",1,-1
26847,[0.2364034  0.45897552],26,17,"[0.19949257984775934, 0.47737458183782433]",1,-1
26848,[0.24092682 0.42240935],26,0,"[0.2473875480073203, 0.39401489827781994]",1,48
26849,[0.15818519 0.4462894 ],26,17,"[0.19949257984775934, 0.47737458183782433]",1,-1
26850,[0.16444535 0.45805458],26,17,"[0.19949257984775934, 0.47737458183782433]",1,-1
26851,[0.14432692 0.40123162],26,-1,-1,1,-1
26852,[0.1550684  0.39597884],26,-1,-1,1,-1
26853,[0.1800087  0.42749956],26,17,"[0.19949257984775934, 0.47737458183782433]",1,-1
26854,[0.1564706  0.52768753],26,49,"[0.14893778703439292, 0.5666898184239806]",1,-1
26855,[0.19172814 0.47540622],26,17,"[0.19949257984775934, 0.47737458183782433]",1,-1
26856,[0.2411594  0.39489633],26,0,"[0.2473875480073203, 0.39401489827781994]",1,-1
26857,[0.22079018 0.42335148],26,0,"[0.2473875480073203, 0.39401489827781994]",1,-1
26858,[0.272537   0.50875189],26,13,"[0.32294489274299887, 0.4620611538839558]",1,-1
26859,[0.2877341  0.43367099],26,13,"[0.32294489274299887, 0.4620611538839558]",1,-1
26860,[0.19479198 0.35581853],26,15,"[0.188292755006214, 0.3253570325311902]",1,-1
26861,[0.14253461 0.36921341],26,15,"[0.188292755006214, 0.3253570325311902]",1,-1
26862,[0.19610744 0.4192883 ],26,0,"[0.2473875480073203, 0.39401489827781994]",1,-1
26863,[0.15180076 0.42826477],26,17,"[0.19949257984775934, 0.47737458183782433]",1,-1
26864,[0.26941376 0.45281531],26,13,"[0.32294489274299887, 0.4620611538839558]",1,29
26865,[0.17432086 0.3966425 ],26,-1,-1,1,-1
26866,[0.31616193 0.50705604],26,13,"[0.32294489274299887, 0.4620611538839558]",1,-1
26867,[0.22888709 0.40978561],26,0,"[0.2473875480073203, 0.39401489827781994]",1,48
26868,[0.16751846 0.4207807 ],26,17,"[0.19949257984775934, 0.47737458183782433]",1,-1
26869,[0.17699356 0.37321783],26,15,"[0.188292755006214, 0.3253570325311902]",1,-1
26870,[0.25186463 0.40612734],26,0,"[0.2473875480073203, 0.39401489827781994]",1,48
26871,[0.15301235 0.42026964],26,-1,-1,1,-1
26872,[0.28112001 0.3930252 ],26,0,"[0.2473875480073203, 0.39401489827781994]",1,59
26873,[0.1710264  0.34409332],26,15,"[0.188292755006214, 0.3253570325311902]",1,-1
26874,[0.21619613 0.53907732],26,17,"[0.19949257984775934, 0.47737458183782433]",1,-1
26875,[0.20123955 0.40892519],26,0,"[0.2473875480073203, 0.39401489827781994]",1,-1
26876,[0.25603162 0.46987011],26,17,"[0.19949257984775934, 0.47737458183782433]",1,-1
26877,[0.20526646 0.47708161],26,17,"[0.19949257984775934, 0.47737458183782433]",1,-1
26878,[0.20516063 0.38688209],26,0,"[0.2473875480073203, 0.39401489827781994]",1,35
26879,[0.17447816 0.40111428],26,-1,-1,1,-1
26880,[0.14531436 0.5423011 ],26,49,"[0.14893778703439292, 0.5666898184239806]",1,-1
26881,[0.14760264 0.39622291],26,-1,-1,1,-1
26882,[0.15319012 0.39019367],26,-1,-1,1,-1
26883,[0.2387445  0.43943112],26,0,"[0.2473875480073203, 0.39401489827781994]",1,-1
26884,[0.12659951 0.34967827],26,15,"[0.188292755006214, 0.3253570325311902]",1,-1
26885,[0.04156999 0.40040712],26,-1,-1,-1,-1
26886,[0.17320151 0.41100328],26,-1,-1,1,-1
26887,[0.16413978 0.45408892],26,17,"[0.19949257984775934, 0.47737458183782433]",1,-1
26888,[0.13556083 0.38833849],26,-1,-1,1,-1
26889,[0.18558681 0.49486702],26,17,"[0.19949257984775934, 0.47737458183782433]",1,-1
26890,[0.27762915 0.44131368],26,13,"[0.32294489274299887, 0.4620611538839558]",1,-1
26891,[0.22216334 0.51103598],26,17,"[0.19949257984775934, 0.47737458183782433]",1,-1
26892,[0.21153481 0.36812668],26,0,"[0.2473875480073203, 0.39401489827781994]",1,-1
26893,[0.22094059 0.3851093 ],26,0,"[0.2473875480073203, 0.39401489827781994]",1,35
26894,[0.23581823 0.44848652],26,17,"[0.19949257984775934, 0.47737458183782433]",1,-1
26895,[0.15960399 0.3951018 ],26,-1,-1,1,-1
26896,[0.2250118  0.42591277],26,0,"[0.2473875480073203, 0.39401489827781994]",1,-1
26897,[0.14899336 0.40202677],26,-1,-1,1,-1
26898,[0.15466429 0.43622583],26,17,"[0.19949257984775934, 0.47737458183782433]",1,-1
26899,[0.26543729 0.4673841 ],26,13,"[0.32294489274299887, 0.4620611538839558]",1,-1
26900,[0.18129451 0.44980803],26,17,"[0.19949257984775934, 0.47737458183782433]",1,-1
26901,[0.2193331  0.35481753],26,15,"[0.188292755006214, 0.3253570325311902]",1,-1
26902,[0.14863955 0.30313243],26,15,"[0.188292755006214, 0.3253570325311902]",1,-1
26903,[0.17696206 0.43637731],26,17,"[0.19949257984775934, 0.47737458183782433]",1,-1
26904,[0.13524295 0.33533667],26,15,"[0.188292755006214, 0.3253570325311902]",1,-1
26905,[0.24971076 0.40713912],26,0,"[0.2473875480073203, 0.39401489827781994]",1,-1
26906,[0.21028228 0.51672772],26,17,"[0.19949257984775934, 0.47737458183782433]",1,-1
26907,[0.26356225 0.47912119],26,13,"[0.32294489274299887, 0.4620611538839558]",1,-1
26908,[0.19203702 0.41311491],26,0,"[0.2473875480073203, 0.39401489827781994]",1,-1
26909,[0.17389505 0.44049316],26,17,"[0.19949257984775934, 0.47737458183782433]",1,-1
26910,[0.25253406 0.43574264],26,0,"[0.2473875480073203, 0.39401489827781994]",1,-1
26911,[0.13493644 0.43473902],26,-1,-1,1,-1
26912,[0.19560899 0.47708307],26,17,"[0.19949257984775934, 0.47737458183782433]",1,-1
26913,[0.19813312 0.43449426],26,17,"[0.19949257984775934, 0.47737458183782433]",1,-1
26914,[0.28401199 0.39439175],26,0,"[0.2473875480073203, 0.39401489827781994]",1,-1
26915,[0.05473297 0.45077756],26,-1,-1,-1,-1
26916,[0.1558734  0.30855693],26,15,"[0.188292755006214, 0.3253570325311902]",1,-1
26917,[0.0836269  0.39441264],26,-1,-1,1,-1
26918,[0.22889693 0.42907116],26,0,"[0.2473875480073203, 0.39401489827781994]",1,-1
26919,[0.17973874 0.43596685],26,17,"[0.19949257984775934, 0.47737458183782433]",1,-1
26920,[0.19710193 0.39607583],26,0,"[0.2473875480073203, 0.39401489827781994]",1,-1
26921,[0.22042503 0.38801888],26,0,"[0.2473875480073203, 0.39401489827781994]",1,-1
26922,[0.13625204 0.2747975 ],26,21,"[0.16948094512787878, 0.2245031809320862]",1,-1
26923,[0.12311573 0.40761759],26,-1,-1,1,-1
26924,[0.10159296 0.42900217],26,-1,-1,1,-1
26925,[0.22861271 0.40360958],26,0,"[0.2473875480073203, 0.39401489827781994]",1,-1
26926,[0.21805199 0.36777544],26,0,"[0.2473875480073203, 0.39401489827781994]",1,-1
26927,[0.16199458 0.54371101],26,49,"[0.14893778703439292, 0.5666898184239806]",1,-1
26928,[0.20965824 0.48401606],26,17,"[0.19949257984775934, 0.47737458183782433]",1,-1
26929,[0.22692609 0.47142902],26,17,"[0.19949257984775934, 0.47737458183782433]",1,-1
26930,[0.18741378 0.40390813],26,0,"[0.2473875480073203, 0.39401489827781994]",1,-1
26931,[0.21275838 0.35158129],26,15,"[0.188292755006214, 0.3253570325311902]",1,-1
26932,[0.11835441 0.44339235],26,-1,-1,1,-1
26933,[0.18754601 0.40995389],26,0,"[0.2473875480073203, 0.39401489827781994]",1,-1
26934,[0.20518718 0.44990258],26,17,"[0.19949257984775934, 0.47737458183782433]",1,-1
26935,[0.19697727 0.48538222],26,17,"[0.19949257984775934, 0.47737458183782433]",1,-1
26936,[0.18313739 0.44984648],26,17,"[0.19949257984775934, 0.47737458183782433]",1,-1
26937,[0.29666674 0.37148112],26,1,"[0.33650952271243567, 0.3695039184549852]",1,-1
26938,[0.21710674 0.45802646],26,17,"[0.19949257984775934, 0.47737458183782433]",1,-1
26939,[0.19946754 0.38683393],26,0,"[0.2473875480073203, 0.39401489827781994]",1,35
26940,[0.20055894 0.35903167],26,15,"[0.188292755006214, 0.3253570325311902]",1,-1
26941,[0.20398906 0.4120633 ],26,0,"[0.2473875480073203, 0.39401489827781994]",1,-1
26942,[0.16234791 0.40566353],26,-1,-1,1,-1
26943,[0.2448509  0.49780461],26,17,"[0.19949257984775934, 0.47737458183782433]",1,-1
26944,[0.2635705 0.3638946],26,0,"[0.2473875480073203, 0.39401489827781994]",1,-1
26945,[0.24153447 0.38887607],26,0,"[0.2473875480073203, 0.39401489827781994]",1,47
26946,[0.18884159 0.47697899],26,17,"[0.19949257984775934, 0.47737458183782433]",1,-1
26947,[0.22441211 0.42093853],26,0,"[0.2473875480073203, 0.39401489827781994]",1,-1
26948,[0.06369293 0.39379956],26,-1,-1,-1,-1
26949,[0.24445404 0.39499325],26,0,"[0.2473875480073203, 0.39401489827781994]",1,-1
26950,[0.16495617 0.52508148],26,49,"[0.14893778703439292, 0.5666898184239806]",1,-1
26951,[0.2991505  0.39087101],26,1,"[0.33650952271243567, 0.3695039184549852]",1,-1
26952,[0.12012182 0.4237156 ],26,-1,-1,1,-1
26953,[0.23686796 0.33813899],26,15,"[0.188292755006214, 0.3253570325311902]",1,40
26954,[0.10151473 0.51040319],26,-1,-1,1,-1
26955,[0.24586541 0.46084248],26,17,"[0.19949257984775934, 0.47737458183782433]",1,24
26956,[0.22388352 0.46750605],26,17,"[0.19949257984775934, 0.47737458183782433]",1,-1
26957,[0.20234689 0.388482  ],26,0,"[0.2473875480073203, 0.39401489827781994]",1,35
26958,[0.23432982 0.47319908],26,17,"[0.19949257984775934, 0.47737458183782433]",1,-1
26959,[0.18780714 0.36148759],26,15,"[0.188292755006214, 0.3253570325311902]",1,-1
26960,[0.17581076 0.36805988],26,15,"[0.188292755006214, 0.3253570325311902]",1,-1
26961,[0.30809612 0.46204531],26,13,"[0.32294489274299887, 0.4620611538839558]",1,-1
26962,[0.16919513 0.39723326],26,-1,-1,1,-1
26963,[0.19575238 0.39446683],26,0,"[0.2473875480073203, 0.39401489827781994]",1,-1
26964,[0.22547796 0.40278146],26,0,"[0.2473875480073203, 0.39401489827781994]",1,-1
26965,[0.11520691 0.4457508 ],26,-1,-1,1,-1
26966,[0.25571727 0.42318849],26,0,"[0.2473875480073203, 0.39401489827781994]",1,-1
26967,[0.33051037 0.34550179],26,1,"[0.33650952271243567, 0.3695039184549852]",1,-1
26968,[0.20772277 0.44123   ],26,17,"[0.19949257984775934, 0.47737458183782433]",1,-1
26969,[0.2093733  0.42663497],26,0,"[0.2473875480073203, 0.39401489827781994]",1,21
26970,[0.19754988 0.44529092],26,17,"[0.19949257984775934, 0.47737458183782433]",1,-1
26971,[0.1552946  0.48249072],26,17,"[0.19949257984775934, 0.47737458183782433]",1,-1
26972,[0.11002366 0.38953194],26,-1,-1,1,-1
26973,[0.19665262 0.43550695],26,17,"[0.19949257984775934, 0.47737458183782433]",1,-1
26974,[0.26892976 0.32551412],26,7,"[0.2880919156697789, 0.2889500356712737]",1,27
26975,[0.22557895 0.39825578],26,0,"[0.2473875480073203, 0.39401489827781994]",1,-1
26976,[0.15362753 0.4230535 ],26,-1,-1,1,-1
26977,[0.09163108 0.42594301],26,-1,-1,1,-1
26978,[0.21173058 0.45722879],26,17,"[0.19949257984775934, 0.47737458183782433]",1,-1
26979,[0.165872   0.48738182],26,17,"[0.19949257984775934, 0.47737458183782433]",1,-1
26980,[0.14535745 0.47643854],26,17,"[0.19949257984775934, 0.47737458183782433]",1,-1
26981,[0.14530063 0.4283011 ],26,-1,-1,1,-1
26982,[0.15511059 0.44789496],26,17,"[0.19949257984775934, 0.47737458183782433]",1,-1
26983,[0.18364394 0.37648902],26,15,"[0.188292755006214, 0.3253570325311902]",1,-1
26984,[0.14568806 0.41045593],26,-1,-1,1,-1
26985,[0.20241942 0.40318095],26,0,"[0.2473875480073203, 0.39401489827781994]",1,-1
26986,[0.21468006 0.43260377],26,17,"[0.19949257984775934, 0.47737458183782433]",1,-1
26987,[0.23071651 0.30238557],26,15,"[0.188292755006214, 0.3253570325311902]",1,-1
26988,[0.23533098 0.47384192],26,17,"[0.19949257984775934, 0.47737458183782433]",1,-1
26989,[0.1974275  0.39169985],26,0,"[0.2473875480073203, 0.39401489827781994]",1,35
26990,[0.18451632 0.39758049],26,0,"[0.2473875480073203, 0.39401489827781994]",1,-1
26991,[0.18192636 0.48551172],26,17,"[0.19949257984775934, 0.47737458183782433]",1,-1
26992,[0.24800716 0.38914073],26,0,"[0.2473875480073203, 0.39401489827781994]",1,47
26993,[0.19954437 0.41298609],26,0,"[0.2473875480073203, 0.39401489827781994]",1,-1
26994,[0.18304958 0.44015302],26,17,"[0.19949257984775934, 0.47737458183782433]",1,-1
26995,[0.19926439 0.45288458],26,17,"[0.19949257984775934, 0.47737458183782433]",1,-1
26996,[0.20578285 0.46155753],26,17,"[0.19949257984775934, 0.47737458183782433]",1,-1
26997,[0.15933885 0.37871503],26,15,"[0.188292755006214, 0.3253570325311902]",1,-1
26998,[0.24631057 0.35510644],26,0,"[0.2473875480073203, 0.39401489827781994]",1,-1
26999,[0.15458497 0.50892211],26,17,"[0.19949257984775934, 0.47737458183782433]",1,-1
27000,[0.78402623 0.57608101],27,43,"[0.8274941202305067, 0.5998913364221842]",1,-1
27001,[0.87625593 0.59729701],27,43,"[0.8274941202305067, 0.5998913364221842]",1,-1
27002,[0.84338184 0.57628794],27,43,"[0.8274941202305067, 0.5998913364221842]",1,-1
27003,[0.78927488 0.52907352],27,3,"[0.8068810957052946, 0.5180547120844742]",1,-1
27004,[0.83785726 0.57245222],27,43,"[0.8274941202305067, 0.5998913364221842]",1,-1
27005,[0.81715956 0.54829392],27,3,"[0.8068810957052946, 0.5180547120844742]",1,-1
27006,[0.90541997 0.50821503],27,-1,-1,1,-1
27007,[0.75347429 0.57191558],27,11,"[0.7051682617613192, 0.574171671796882]",1,20
27008,[0.77902479 0.55238737],27,3,"[0.8068810957052946, 0.5180547120844742]",1,-1
27009,[0.75867761 0.56373599],27,11,"[0.7051682617613192, 0.574171671796882]",1,20
27010,[0.87981299 0.51246541],27,-1,-1,1,-1
27011,[0.79427093 0.5371771 ],27,3,"[0.8068810957052946, 0.5180547120844742]",1,-1
27012,[0.78941105 0.62286893],27,43,"[0.8274941202305067, 0.5998913364221842]",1,-1
27013,[0.73920107 0.55719629],27,11,"[0.7051682617613192, 0.574171671796882]",1,-1
27014,[0.8651283  0.56537319],27,43,"[0.8274941202305067, 0.5998913364221842]",1,-1
27015,[0.85011421 0.56711696],27,43,"[0.8274941202305067, 0.5998913364221842]",1,-1
27016,[0.85187676 0.479823  ],27,14,"[0.8486155699332081, 0.42850029565542425]",1,-1
27017,[0.78702817 0.54642959],27,3,"[0.8068810957052946, 0.5180547120844742]",1,-1
27018,[0.83472108 0.60058354],27,43,"[0.8274941202305067, 0.5998913364221842]",1,-1
27019,[0.71582293 0.60618701],27,11,"[0.7051682617613192, 0.574171671796882]",1,-1
27020,[0.76207504 0.57778546],27,11,"[0.7051682617613192, 0.574171671796882]",1,-1
27021,[0.75855425 0.56597317],27,11,"[0.7051682617613192, 0.574171671796882]",1,20
27022,[0.74967047 0.6043454 ],27,11,"[0.7051682617613192, 0.574171671796882]",1,-1
27023,[0.81949484 0.59071315],27,43,"[0.8274941202305067, 0.5998913364221842]",1,-1
27024,[0.84861763 0.63275892],27,43,"[0.8274941202305067, 0.5998913364221842]",1,-1
27025,[0.79163153 0.52002855],27,3,"[0.8068810957052946, 0.5180547120844742]",1,-1
27026,[0.90098509 0.56182925],27,-1,-1,1,-1
27027,[0.85877134 0.63641242],27,43,"[0.8274941202305067, 0.5998913364221842]",1,-1
27028,[0.73908052 0.56974385],27,11,"[0.7051682617613192, 0.574171671796882]",1,-1
27029,[0.85372694 0.55066333],27,43,"[0.8274941202305067, 0.5998913364221842]",1,-1
27030,[0.8201723  0.45389064],27,14,"[0.8486155699332081, 0.42850029565542425]",1,-1
27031,[0.84640432 0.49445659],27,3,"[0.8068810957052946, 0.5180547120844742]",1,-1
27032,[0.81372707 0.5845872 ],27,43,"[0.8274941202305067, 0.5998913364221842]",1,-1
27033,[0.78376399 0.52037051],27,3,"[0.8068810957052946, 0.5180547120844742]",1,41
27034,[0.80160317 0.58241534],27,43,"[0.8274941202305067, 0.5998913364221842]",1,-1
27035,[0.79104422 0.59437702],27,43,"[0.8274941202305067, 0.5998913364221842]",1,-1
27036,[0.79866968 0.53816943],27,3,"[0.8068810957052946, 0.5180547120844742]",1,-1
27037,[0.77829351 0.56164651],27,3,"[0.8068810957052946, 0.5180547120844742]",1,-1
27038,[0.86267286 0.60798878],27,43,"[0.8274941202305067, 0.5998913364221842]",1,-1
27039,[0.82595888 0.53349645],27,3,"[0.8068810957052946, 0.5180547120844742]",1,-1
27040,[0.77464718 0.59226676],27,43,"[0.8274941202305067, 0.5998913364221842]",1,-1
27041,[0.81464223 0.65761743],27,43,"[0.8274941202305067, 0.5998913364221842]",1,-1
27042,[0.78418939 0.58242871],27,43,"[0.8274941202305067, 0.5998913364221842]",1,-1
27043,[0.80795479 0.55983756],27,3,"[0.8068810957052946, 0.5180547120844742]",1,-1
27044,[0.82302171 0.54626228],27,3,"[0.8068810957052946, 0.5180547120844742]",1,-1
27045,[0.70979386 0.59229333],27,11,"[0.7051682617613192, 0.574171671796882]",1,-1
27046,[0.88040026 0.57942543],27,43,"[0.8274941202305067, 0.5998913364221842]",1,-1
27047,[0.78500019 0.58790067],27,43,"[0.8274941202305067, 0.5998913364221842]",1,-1
27048,[0.81279493 0.62725519],27,43,"[0.8274941202305067, 0.5998913364221842]",1,-1
27049,[0.87787837 0.5647864 ],27,43,"[0.8274941202305067, 0.5998913364221842]",1,-1
27050,[0.75875041 0.57478207],27,11,"[0.7051682617613192, 0.574171671796882]",1,-1
27051,[0.83990764 0.60957837],27,43,"[0.8274941202305067, 0.5998913364221842]",1,-1
27052,[0.80389508 0.56706951],27,43,"[0.8274941202305067, 0.5998913364221842]",1,-1
27053,[0.75685292 0.55651254],27,11,"[0.7051682617613192, 0.574171671796882]",1,-1
27054,[0.75917772 0.59999862],27,11,"[0.7051682617613192, 0.574171671796882]",1,-1
27055,[0.77533949 0.51533241],27,3,"[0.8068810957052946, 0.5180547120844742]",1,41
27056,[0.92722568 0.52653334],27,-1,-1,1,-1
27057,[0.73360464 0.5562118 ],27,11,"[0.7051682617613192, 0.574171671796882]",1,-1
27058,[0.81397105 0.54653025],27,3,"[0.8068810957052946, 0.5180547120844742]",1,-1
27059,[0.85017503 0.5421175 ],27,3,"[0.8068810957052946, 0.5180547120844742]",1,-1
27060,[0.85163283 0.60295647],27,43,"[0.8274941202305067, 0.5998913364221842]",1,-1
27061,[0.75719499 0.60679207],27,11,"[0.7051682617613192, 0.574171671796882]",1,-1
27062,[0.82564146 0.61166858],27,43,"[0.8274941202305067, 0.5998913364221842]",1,-1
27063,[0.88901853 0.55761964],27,-1,-1,1,-1
27064,[0.8109196  0.51242528],27,3,"[0.8068810957052946, 0.5180547120844742]",1,44
27065,[0.77358218 0.56871249],27,3,"[0.8068810957052946, 0.5180547120844742]",1,-1
27066,[0.83908123 0.57455355],27,43,"[0.8274941202305067, 0.5998913364221842]",1,-1
27067,[0.80984769 0.5289946 ],27,3,"[0.8068810957052946, 0.5180547120844742]",1,-1
27068,[0.81242045 0.66030877],27,43,"[0.8274941202305067, 0.5998913364221842]",1,-1
27069,[0.89297365 0.59940563],27,43,"[0.8274941202305067, 0.5998913364221842]",1,-1
27070,[0.81107149 0.58331353],27,43,"[0.8274941202305067, 0.5998913364221842]",1,-1
27071,[0.83725237 0.49062443],27,3,"[0.8068810957052946, 0.5180547120844742]",1,-1
27072,[0.89970638 0.56672031],27,-1,-1,1,-1
27073,[0.86328268 0.57550359],27,43,"[0.8274941202305067, 0.5998913364221842]",1,-1
27074,[0.88302773 0.52441213],27,-1,-1,1,-1
27075,[0.80255102 0.60888277],27,43,"[0.8274941202305067, 0.5998913364221842]",1,-1
27076,[0.86746008 0.51268672],27,3,"[0.8068810957052946, 0.5180547120844742]",1,-1
27077,[0.8378246  0.53385593],27,3,"[0.8068810957052946, 0.5180547120844742]",1,-1
27078,[0.81838127 0.45614605],27,14,"[0.8486155699332081, 0.42850029565542425]",1,-1
27079,[0.7811063  0.56668469],27,3,"[0.8068810957052946, 0.5180547120844742]",1,-1
27080,[0.82456479 0.52880295],27,3,"[0.8068810957052946, 0.5180547120844742]",1,-1
27081,[0.824818   0.51260719],27,3,"[0.8068810957052946, 0.5180547120844742]",1,-1
27082,[0.80756935 0.50907116],27,3,"[0.8068810957052946, 0.5180547120844742]",1,44
27083,[0.80743976 0.54340179],27,3,"[0.8068810957052946, 0.5180547120844742]",1,-1
27084,[0.87315165 0.52956775],27,3,"[0.8068810957052946, 0.5180547120844742]",1,-1
27085,[0.88717919 0.54330484],27,-1,-1,1,-1
27086,[0.7959833  0.56272141],27,3,"[0.8068810957052946, 0.5180547120844742]",1,-1
27087,[0.8130319  0.50626526],27,3,"[0.8068810957052946, 0.5180547120844742]",1,44
27088,[0.86660908 0.56166838],27,43,"[0.8274941202305067, 0.5998913364221842]",1,-1
27089,[0.774071   0.54417807],27,3,"[0.8068810957052946, 0.5180547120844742]",1,-1
27090,[0.77477793 0.5342178 ],27,3,"[0.8068810957052946, 0.5180547120844742]",1,41
27091,[0.85129149 0.51105862],27,3,"[0.8068810957052946, 0.5180547120844742]",1,-1
27092,[0.9643707  0.46050152],27,-1,-1,-1,-1
27093,[0.79570239 0.5398877 ],27,3,"[0.8068810957052946, 0.5180547120844742]",1,-1
27094,[0.77220504 0.65199028],27,-1,-1,1,-1
27095,[0.76333082 0.57826188],27,11,"[0.7051682617613192, 0.574171671796882]",1,-1
27096,[0.85576136 0.61834403],27,43,"[0.8274941202305067, 0.5998913364221842]",1,-1
27097,[0.79501668 0.58291768],27,43,"[0.8274941202305067, 0.5998913364221842]",1,-1
27098,[0.83099731 0.55145195],27,3,"[0.8068810957052946, 0.5180547120844742]",1,-1
27099,[0.93038112 0.58917419],27,-1,-1,1,-1
27100,[0.90352424 0.55971587],27,-1,-1,1,-1
27101,[0.79166227 0.58945677],27,43,"[0.8274941202305067, 0.5998913364221842]",1,-1
27102,[0.85855147 0.56313894],27,43,"[0.8274941202305067, 0.5998913364221842]",1,-1
27103,[0.77549959 0.57931275],27,43,"[0.8274941202305067, 0.5998913364221842]",1,-1
27104,[0.77772881 0.53125644],27,3,"[0.8068810957052946, 0.5180547120844742]",1,41
27105,[0.77769106 0.52283709],27,3,"[0.8068810957052946, 0.5180547120844742]",1,41
27106,[0.7813192  0.59315549],27,43,"[0.8274941202305067, 0.5998913364221842]",1,-1
27107,[0.90652343 0.55314312],27,-1,-1,1,-1
27108,[0.74840932 0.57549544],27,11,"[0.7051682617613192, 0.574171671796882]",1,-1
27109,[0.78686373 0.57872135],27,43,"[0.8274941202305067, 0.5998913364221842]",1,-1
27110,[0.84912281 0.51961795],27,3,"[0.8068810957052946, 0.5180547120844742]",1,-1
27111,[0.83270062 0.65658987],27,43,"[0.8274941202305067, 0.5998913364221842]",1,-1
27112,[0.83464869 0.54504944],27,3,"[0.8068810957052946, 0.5180547120844742]",1,-1
27113,[0.84475623 0.43735522],27,14,"[0.8486155699332081, 0.42850029565542425]",1,-1
27114,[0.81423644 0.57145436],27,43,"[0.8274941202305067, 0.5998913364221842]",1,-1
27115,[0.75019788 0.50930895],27,32,"[0.7535856051996079, 0.45307884495298306]",1,41
27116,[0.84278682 0.5380707 ],27,3,"[0.8068810957052946, 0.5180547120844742]",1,-1
27117,[0.7369831  0.56449049],27,11,"[0.7051682617613192, 0.574171671796882]",1,-1
27118,[0.71146095 0.55124065],27,11,"[0.7051682617613192, 0.574171671796882]",1,-1
27119,[0.76937321 0.6020525 ],27,43,"[0.8274941202305067, 0.5998913364221842]",1,-1
27120,[0.70464276 0.55616424],27,11,"[0.7051682617613192, 0.574171671796882]",1,-1
27121,[0.7651277  0.55206695],27,3,"[0.8068810957052946, 0.5180547120844742]",1,-1
27122,[0.8001563  0.51386914],27,3,"[0.8068810957052946, 0.5180547120844742]",1,-1
27123,[0.83826872 0.6273281 ],27,43,"[0.8274941202305067, 0.5998913364221842]",1,-1
27124,[0.75752899 0.56759993],27,11,"[0.7051682617613192, 0.574171671796882]",1,20
27125,[0.8753671  0.53236717],27,3,"[0.8068810957052946, 0.5180547120844742]",1,-1
27126,[0.83577902 0.51409095],27,3,"[0.8068810957052946, 0.5180547120844742]",1,-1
27127,[0.81420728 0.48789762],27,3,"[0.8068810957052946, 0.5180547120844742]",1,-1
27128,[0.76262273 0.47481589],27,32,"[0.7535856051996079, 0.45307884495298306]",1,-1
27129,[0.7821359  0.55390526],27,3,"[0.8068810957052946, 0.5180547120844742]",1,-1
27130,[0.8233878  0.54268145],27,3,"[0.8068810957052946, 0.5180547120844742]",1,-1
27131,[0.81522221 0.55733401],27,3,"[0.8068810957052946, 0.5180547120844742]",1,-1
27132,[0.87080305 0.5467323 ],27,43,"[0.8274941202305067, 0.5998913364221842]",1,-1
27133,[0.88424278 0.51599955],27,-1,-1,1,-1
27134,[0.88387252 0.5852031 ],27,43,"[0.8274941202305067, 0.5998913364221842]",1,-1
27135,[0.77889355 0.62653026],27,43,"[0.8274941202305067, 0.5998913364221842]",1,-1
27136,[0.83920874 0.46909251],27,14,"[0.8486155699332081, 0.42850029565542425]",1,-1
27137,[0.77775793 0.53612716],27,3,"[0.8068810957052946, 0.5180547120844742]",1,41
27138,[0.84891856 0.61857959],27,43,"[0.8274941202305067, 0.5998913364221842]",1,-1
27139,[0.88647651 0.61691275],27,43,"[0.8274941202305067, 0.5998913364221842]",1,-1
27140,[0.80311473 0.52507121],27,3,"[0.8068810957052946, 0.5180547120844742]",1,-1
27141,[0.8646109  0.52371382],27,3,"[0.8068810957052946, 0.5180547120844742]",1,-1
27142,[0.77936487 0.64812921],27,43,"[0.8274941202305067, 0.5998913364221842]",1,-1
27143,[0.78339091 0.55988758],27,3,"[0.8068810957052946, 0.5180547120844742]",1,-1
27144,[0.82577944 0.62729194],27,43,"[0.8274941202305067, 0.5998913364221842]",1,-1
27145,[0.79000984 0.48824116],27,3,"[0.8068810957052946, 0.5180547120844742]",1,-1
27146,[0.74605129 0.55268776],27,11,"[0.7051682617613192, 0.574171671796882]",1,-1
27147,[0.72786664 0.5487689 ],27,11,"[0.7051682617613192, 0.574171671796882]",1,-1
27148,[0.75647626 0.5435196 ],27,3,"[0.8068810957052946, 0.5180547120844742]",1,-1
27149,[0.77268407 0.48760568],27,32,"[0.7535856051996079, 0.45307884495298306]",1,-1
27150,[0.78577185 0.51376223],27,3,"[0.8068810957052946, 0.5180547120844742]",1,-1
27151,[0.7703287  0.56201097],27,3,"[0.8068810957052946, 0.5180547120844742]",1,-1
27152,[0.82360832 0.61295248],27,43,"[0.8274941202305067, 0.5998913364221842]",1,-1
27153,[0.79229506 0.4833536 ],27,3,"[0.8068810957052946, 0.5180547120844742]",1,-1
27154,[0.91982013 0.50208016],27,-1,-1,1,-1
27155,[0.80363972 0.60473752],27,43,"[0.8274941202305067, 0.5998913364221842]",1,-1
27156,[0.69797124 0.5352348 ],27,11,"[0.7051682617613192, 0.574171671796882]",1,26
27157,[0.74113273 0.63337022],27,11,"[0.7051682617613192, 0.574171671796882]",1,-1
27158,[0.84772086 0.51637557],27,3,"[0.8068810957052946, 0.5180547120844742]",1,-1
27159,[0.80932258 0.58946707],27,43,"[0.8274941202305067, 0.5998913364221842]",1,-1
27160,[0.87221993 0.57450455],27,43,"[0.8274941202305067, 0.5998913364221842]",1,-1
27161,[0.76169504 0.51181436],27,3,"[0.8068810957052946, 0.5180547120844742]",1,-1
27162,[0.84140681 0.67659225],27,-1,-1,1,-1
27163,[0.78414126 0.53361032],27,3,"[0.8068810957052946, 0.5180547120844742]",1,41
27164,[0.86604778 0.64337712],27,43,"[0.8274941202305067, 0.5998913364221842]",1,-1
27165,[0.77063219 0.53885953],27,3,"[0.8068810957052946, 0.5180547120844742]",1,41
27166,[0.83991814 0.58956597],27,43,"[0.8274941202305067, 0.5998913364221842]",1,-1
27167,[0.77425446 0.54303823],27,3,"[0.8068810957052946, 0.5180547120844742]",1,-1
27168,[0.8590241  0.57686704],27,43,"[0.8274941202305067, 0.5998913364221842]",1,-1
27169,[0.72177572 0.52664467],27,11,"[0.7051682617613192, 0.574171671796882]",1,33
27170,[0.90427925 0.5050289 ],27,-1,-1,1,-1
27171,[0.89330936 0.52963562],27,-1,-1,1,-1
27172,[0.78911113 0.60692265],27,43,"[0.8274941202305067, 0.5998913364221842]",1,-1
27173,[0.81252749 0.47362254],27,3,"[0.8068810957052946, 0.5180547120844742]",1,42
27174,[0.91984149 0.55350445],27,-1,-1,1,-1
27175,[0.83759274 0.55983046],27,43,"[0.8274941202305067, 0.5998913364221842]",1,-1
27176,[0.69390842 0.59092101],27,11,"[0.7051682617613192, 0.574171671796882]",1,-1
27177,[0.83226258 0.59143046],27,43,"[0.8274941202305067, 0.5998913364221842]",1,-1
27178,[0.77969593 0.57025617],27,43,"[0.8274941202305067, 0.5998913364221842]",1,-1
27179,[0.77693733 0.56994953],27,43,"[0.8274941202305067, 0.5998913364221842]",1,-1
27180,[0.82924422 0.56706507],27,43,"[0.8274941202305067, 0.5998913364221842]",1,-1
27181,[0.83156386 0.62715801],27,43,"[0.8274941202305067, 0.5998913364221842]",1,-1
27182,[0.77634155 0.50644996],27,3,"[0.8068810957052946, 0.5180547120844742]",1,-1
27183,[0.73312338 0.55377106],27,11,"[0.7051682617613192, 0.574171671796882]",1,-1
27184,[0.81730374 0.57577618],27,43,"[0.8274941202305067, 0.5998913364221842]",1,-1
27185,[0.7875526 0.6551781],27,43,"[0.8274941202305067, 0.5998913364221842]",1,-1
27186,[0.71942597 0.48914436],27,26,"[0.6734889003123068, 0.4756404454441684]",1,-1
27187,[0.79227998 0.6053083 ],27,43,"[0.8274941202305067, 0.5998913364221842]",1,-1
27188,[0.7970568 0.5714023],27,43,"[0.8274941202305067, 0.5998913364221842]",1,-1
27189,[0.76981931 0.53276054],27,3,"[0.8068810957052946, 0.5180547120844742]",1,41
27190,[0.79262573 0.62095596],27,43,"[0.8274941202305067, 0.5998913364221842]",1,-1
27191,[0.8785028  0.64106065],27,43,"[0.8274941202305067, 0.5998913364221842]",1,-1
27192,[0.7685384  0.54349798],27,3,"[0.8068810957052946, 0.5180547120844742]",1,-1
27193,[0.90740625 0.46155543],27,14,"[0.8486155699332081, 0.42850029565542425]",1,-1
27194,[0.80830365 0.50097029],27,3,"[0.8068810957052946, 0.5180547120844742]",1,44
27195,[0.79817226 0.58334493],27,43,"[0.8274941202305067, 0.5998913364221842]",1,-1
27196,[0.83660306 0.57067049],27,43,"[0.8274941202305067, 0.5998913364221842]",1,-1
27197,[0.84197235 0.57402653],27,43,"[0.8274941202305067, 0.5998913364221842]",1,-1
27198,[0.83969974 0.56686467],27,43,"[0.8274941202305067, 0.5998913364221842]",1,-1
27199,[0.78621018 0.49121643],27,3,"[0.8068810957052946, 0.5180547120844742]",1,-1
27200,[0.82344186 0.52112901],27,3,"[0.8068810957052946, 0.5180547120844742]",1,-1
27201,[0.83765937 0.55924659],27,43,"[0.8274941202305067, 0.5998913364221842]",1,-1
27202,[0.70812364 0.52010515],27,11,"[0.7051682617613192, 0.574171671796882]",1,33
27203,[0.86639485 0.5830851 ],27,43,"[0.8274941202305067, 0.5998913364221842]",1,-1
27204,[0.95044106 0.5334403 ],27,-1,-1,1,-1
27205,[0.88477196 0.50905481],27,-1,-1,1,-1
27206,[0.75357482 0.48677043],27,32,"[0.7535856051996079, 0.45307884495298306]",1,-1
27207,[0.82804789 0.52887442],27,3,"[0.8068810957052946, 0.5180547120844742]",1,-1
27208,[0.72158788 0.59529385],27,11,"[0.7051682617613192, 0.574171671796882]",1,-1
27209,[0.80790695 0.58588092],27,43,"[0.8274941202305067, 0.5998913364221842]",1,-1
27210,[0.77658173 0.56805404],27,3,"[0.8068810957052946, 0.5180547120844742]",1,-1
27211,[0.66382811 0.57821047],27,11,"[0.7051682617613192, 0.574171671796882]",1,55
27212,[0.78346541 0.47223539],27,32,"[0.7535856051996079, 0.45307884495298306]",1,45
27213,[0.7604564  0.51481608],27,3,"[0.8068810957052946, 0.5180547120844742]",1,-1
27214,[0.80327738 0.5295005 ],27,3,"[0.8068810957052946, 0.5180547120844742]",1,-1
27215,[0.77205237 0.63482868],27,43,"[0.8274941202305067, 0.5998913364221842]",1,-1
27216,[0.93109195 0.53013857],27,-1,-1,1,-1
27217,[0.86589775 0.52729936],27,3,"[0.8068810957052946, 0.5180547120844742]",1,-1
27218,[0.80318301 0.53048033],27,3,"[0.8068810957052946, 0.5180547120844742]",1,-1
27219,[0.81425162 0.68777796],27,-1,-1,1,-1
27220,[0.79470438 0.57046115],27,43,"[0.8274941202305067, 0.5998913364221842]",1,-1
27221,[0.88741615 0.56983828],27,43,"[0.8274941202305067, 0.5998913364221842]",1,-1
27222,[0.76119533 0.54216281],27,3,"[0.8068810957052946, 0.5180547120844742]",1,-1
27223,[0.78071829 0.48588212],27,3,"[0.8068810957052946, 0.5180547120844742]",1,45
27224,[0.79747856 0.62608884],27,43,"[0.8274941202305067, 0.5998913364221842]",1,-1
27225,[0.84228563 0.53111103],27,3,"[0.8068810957052946, 0.5180547120844742]",1,-1
27226,[0.75182271 0.59990284],27,11,"[0.7051682617613192, 0.574171671796882]",1,-1
27227,[0.84626197 0.47161676],27,14,"[0.8486155699332081, 0.42850029565542425]",1,42
27228,[0.77276966 0.53290945],27,3,"[0.8068810957052946, 0.5180547120844742]",1,41
27229,[0.80974343 0.61181863],27,43,"[0.8274941202305067, 0.5998913364221842]",1,-1
27230,[0.92491272 0.52874388],27,-1,-1,1,-1
27231,[0.83687401 0.6254433 ],27,43,"[0.8274941202305067, 0.5998913364221842]",1,-1
27232,[0.76809485 0.63121218],27,43,"[0.8274941202305067, 0.5998913364221842]",1,-1
27233,[0.79770809 0.5037553 ],27,3,"[0.8068810957052946, 0.5180547120844742]",1,44
27234,[0.81638954 0.56477326],27,43,"[0.8274941202305067, 0.5998913364221842]",1,-1
27235,[0.7370965  0.61236089],27,11,"[0.7051682617613192, 0.574171671796882]",1,-1
27236,[0.80012622 0.53077485],27,3,"[0.8068810957052946, 0.5180547120844742]",1,-1
27237,[0.83385989 0.49142222],27,3,"[0.8068810957052946, 0.5180547120844742]",1,-1
27238,[0.79306752 0.54704607],27,3,"[0.8068810957052946, 0.5180547120844742]",1,-1
27239,[0.86557039 0.52713983],27,3,"[0.8068810957052946, 0.5180547120844742]",1,-1
27240,[0.88690532 0.54245325],27,-1,-1,1,-1
27241,[0.74122564 0.47932204],27,32,"[0.7535856051996079, 0.45307884495298306]",1,43
27242,[0.74779578 0.5936482 ],27,11,"[0.7051682617613192, 0.574171671796882]",1,-1
27243,[0.8059929  0.56184904],27,43,"[0.8274941202305067, 0.5998913364221842]",1,-1
27244,[0.86366989 0.56780956],27,43,"[0.8274941202305067, 0.5998913364221842]",1,-1
27245,[0.80803185 0.48808859],27,3,"[0.8068810957052946, 0.5180547120844742]",1,-1
27246,[0.8271438  0.57525654],27,43,"[0.8274941202305067, 0.5998913364221842]",1,-1
27247,[0.8134483  0.56454569],27,43,"[0.8274941202305067, 0.5998913364221842]",1,-1
27248,[0.74660115 0.61409132],27,11,"[0.7051682617613192, 0.574171671796882]",1,-1
27249,[0.84303436 0.55063818],27,3,"[0.8068810957052946, 0.5180547120844742]",1,-1
27250,[0.78517819 0.53836986],27,3,"[0.8068810957052946, 0.5180547120844742]",1,41
27251,[0.90749337 0.60569537],27,-1,-1,1,-1
27252,[0.82057204 0.582193  ],27,43,"[0.8274941202305067, 0.5998913364221842]",1,-1
27253,[0.78454675 0.59750884],27,43,"[0.8274941202305067, 0.5998913364221842]",1,-1
27254,[0.75730883 0.57945837],27,11,"[0.7051682617613192, 0.574171671796882]",1,-1
27255,[0.78268836 0.53768966],27,3,"[0.8068810957052946, 0.5180547120844742]",1,41
27256,[0.79194063 0.48743665],27,3,"[0.8068810957052946, 0.5180547120844742]",1,45
27257,[0.84110656 0.54829764],27,3,"[0.8068810957052946, 0.5180547120844742]",1,-1
27258,[0.74550723 0.58449753],27,11,"[0.7051682617613192, 0.574171671796882]",1,-1
27259,[0.79751171 0.57356697],27,43,"[0.8274941202305067, 0.5998913364221842]",1,-1
27260,[0.86349133 0.50923393],27,3,"[0.8068810957052946, 0.5180547120844742]",1,-1
27261,[0.80924158 0.64899193],27,43,"[0.8274941202305067, 0.5998913364221842]",1,-1
27262,[0.80481934 0.6060136 ],27,43,"[0.8274941202305067, 0.5998913364221842]",1,-1
27263,[0.84168124 0.50631847],27,3,"[0.8068810957052946, 0.5180547120844742]",1,-1
27264,[0.7406744  0.50632851],27,32,"[0.7535856051996079, 0.45307884495298306]",1,-1
27265,[0.82352383 0.59900492],27,43,"[0.8274941202305067, 0.5998913364221842]",1,-1
27266,[0.76594508 0.57072645],27,11,"[0.7051682617613192, 0.574171671796882]",1,-1
27267,[0.7935101  0.42384078],27,32,"[0.7535856051996079, 0.45307884495298306]",1,-1
27268,[0.79654942 0.57190429],27,43,"[0.8274941202305067, 0.5998913364221842]",1,-1
27269,[0.7845089  0.53294991],27,3,"[0.8068810957052946, 0.5180547120844742]",1,41
27270,[0.76344833 0.57373146],27,11,"[0.7051682617613192, 0.574171671796882]",1,-1
27271,[0.83060233 0.57004751],27,43,"[0.8274941202305067, 0.5998913364221842]",1,-1
27272,[0.81178307 0.55122976],27,3,"[0.8068810957052946, 0.5180547120844742]",1,-1
27273,[0.85756236 0.54414157],27,3,"[0.8068810957052946, 0.5180547120844742]",1,-1
27274,[0.82238446 0.5773674 ],27,43,"[0.8274941202305067, 0.5998913364221842]",1,-1
27275,[0.85479137 0.46527878],27,14,"[0.8486155699332081, 0.42850029565542425]",1,-1
27276,[0.85387502 0.54071029],27,3,"[0.8068810957052946, 0.5180547120844742]",1,-1
27277,[0.81511784 0.55713928],27,3,"[0.8068810957052946, 0.5180547120844742]",1,-1
27278,[0.78583008 0.65682295],27,-1,-1,1,-1
27279,[0.88424786 0.47361622],27,14,"[0.8486155699332081, 0.42850029565542425]",1,-1
27280,[0.87496187 0.48994681],27,14,"[0.8486155699332081, 0.42850029565542425]",1,-1
27281,[0.85113851 0.65621735],27,43,"[0.8274941202305067, 0.5998913364221842]",1,-1
27282,[0.91249147 0.48107734],27,-1,-1,1,-1
27283,[0.9035646  0.53894557],27,-1,-1,1,-1
27284,[0.83873001 0.59493726],27,43,"[0.8274941202305067, 0.5998913364221842]",1,-1
27285,[0.77012716 0.58630611],27,43,"[0.8274941202305067, 0.5998913364221842]",1,-1
27286,[0.87615948 0.55910757],27,43,"[0.8274941202305067, 0.5998913364221842]",1,-1
27287,[0.82897161 0.66128336],27,43,"[0.8274941202305067, 0.5998913364221842]",1,-1
27288,[0.83176326 0.45878852],27,14,"[0.8486155699332081, 0.42850029565542425]",1,42
27289,[0.79276741 0.61450951],27,43,"[0.8274941202305067, 0.5998913364221842]",1,-1
27290,[0.83318023 0.56029014],27,43,"[0.8274941202305067, 0.5998913364221842]",1,-1
27291,[0.83020187 0.60885195],27,43,"[0.8274941202305067, 0.5998913364221842]",1,-1
27292,[0.84198373 0.63265446],27,43,"[0.8274941202305067, 0.5998913364221842]",1,-1
27293,[0.81298132 0.56550374],27,43,"[0.8274941202305067, 0.5998913364221842]",1,-1
27294,[0.76385854 0.54134088],27,3,"[0.8068810957052946, 0.5180547120844742]",1,-1
27295,[0.79895078 0.55600523],27,3,"[0.8068810957052946, 0.5180547120844742]",1,-1
27296,[0.85270924 0.60727015],27,43,"[0.8274941202305067, 0.5998913364221842]",1,-1
27297,[0.81202781 0.61772837],27,43,"[0.8274941202305067, 0.5998913364221842]",1,-1
27298,[0.78188677 0.61196854],27,43,"[0.8274941202305067, 0.5998913364221842]",1,-1
27299,[0.77134973 0.5400247 ],27,3,"[0.8068810957052946, 0.5180547120844742]",1,-1
27300,[0.86218979 0.57417494],27,43,"[0.8274941202305067, 0.5998913364221842]",1,-1
27301,[0.83794245 0.50446801],27,3,"[0.8068810957052946, 0.5180547120844742]",1,-1
27302,[0.79864712 0.5204961 ],27,3,"[0.8068810957052946, 0.5180547120844742]",1,-1
27303,[0.84010163 0.54588175],27,3,"[0.8068810957052946, 0.5180547120844742]",1,-1
27304,[0.83467024 0.6063761 ],27,43,"[0.8274941202305067, 0.5998913364221842]",1,-1
27305,[0.8695458  0.48375245],27,14,"[0.8486155699332081, 0.42850029565542425]",1,-1
27306,[0.81024142 0.47275839],27,3,"[0.8068810957052946, 0.5180547120844742]",1,42
27307,[0.90356348 0.53303911],27,-1,-1,1,-1
27308,[0.76731999 0.64306109],27,-1,-1,1,-1
27309,[0.8336187  0.57222156],27,43,"[0.8274941202305067, 0.5998913364221842]",1,-1
27310,[0.8802639  0.47462013],27,14,"[0.8486155699332081, 0.42850029565542425]",1,-1
27311,[0.76955159 0.5260089 ],27,3,"[0.8068810957052946, 0.5180547120844742]",1,41
27312,[0.75270906 0.56417811],27,11,"[0.7051682617613192, 0.574171671796882]",1,20
27313,[0.82640709 0.58515717],27,43,"[0.8274941202305067, 0.5998913364221842]",1,-1
27314,[0.79824909 0.48952356],27,3,"[0.8068810957052946, 0.5180547120844742]",1,-1
27315,[0.81491163 0.49826543],27,3,"[0.8068810957052946, 0.5180547120844742]",1,-1
27316,[0.88810548 0.67627215],27,-1,-1,-1,-1
27317,[0.73867984 0.54853752],27,11,"[0.7051682617613192, 0.574171671796882]",1,-1
27318,[0.82234592 0.57196364],27,43,"[0.8274941202305067, 0.5998913364221842]",1,-1
27319,[0.77598262 0.60461213],27,43,"[0.8274941202305067, 0.5998913364221842]",1,-1
27320,[0.69564294 0.56377734],27,11,"[0.7051682617613192, 0.574171671796882]",1,-1
27321,[0.76972234 0.57414493],27,43,"[0.8274941202305067, 0.5998913364221842]",1,-1
27322,[0.85424632 0.60548904],27,43,"[0.8274941202305067, 0.5998913364221842]",1,-1
27323,[0.80534496 0.55917931],27,3,"[0.8068810957052946, 0.5180547120844742]",1,-1
27324,[0.84849967 0.64763743],27,43,"[0.8274941202305067, 0.5998913364221842]",1,-1
27325,[0.78978382 0.51072912],27,3,"[0.8068810957052946, 0.5180547120844742]",1,-1
27326,[0.78933751 0.41111569],27,42,"[0.765559566045806, 0.37716611859716387]",1,-1
27327,[0.87999218 0.56890922],27,43,"[0.8274941202305067, 0.5998913364221842]",1,-1
27328,[0.80238446 0.53394813],27,3,"[0.8068810957052946, 0.5180547120844742]",1,-1
27329,[0.83937835 0.52909016],27,3,"[0.8068810957052946, 0.5180547120844742]",1,-1
27330,[0.80372387 0.57719076],27,43,"[0.8274941202305067, 0.5998913364221842]",1,-1
27331,[0.84587361 0.52752903],27,3,"[0.8068810957052946, 0.5180547120844742]",1,-1
27332,[0.91489837 0.59957263],27,-1,-1,1,-1
27333,[0.69017647 0.48541681],27,26,"[0.6734889003123068, 0.4756404454441684]",1,-1
27334,[0.72747987 0.6188948 ],27,11,"[0.7051682617613192, 0.574171671796882]",1,-1
27335,[0.86842561 0.54736179],27,43,"[0.8274941202305067, 0.5998913364221842]",1,-1
27336,[0.81544998 0.56063681],27,43,"[0.8274941202305067, 0.5998913364221842]",1,-1
27337,[0.78749977 0.5168151 ],27,3,"[0.8068810957052946, 0.5180547120844742]",1,-1
27338,[0.74119514 0.58230789],27,11,"[0.7051682617613192, 0.574171671796882]",1,-1
27339,[0.85088113 0.50346691],27,3,"[0.8068810957052946, 0.5180547120844742]",1,-1
27340,[0.7532106  0.50401838],27,32,"[0.7535856051996079, 0.45307884495298306]",1,41
27341,[0.82629326 0.45992841],27,14,"[0.8486155699332081, 0.42850029565542425]",1,-1
27342,[0.79884315 0.54423992],27,3,"[0.8068810957052946, 0.5180547120844742]",1,-1
27343,[0.75716265 0.5432727 ],27,3,"[0.8068810957052946, 0.5180547120844742]",1,-1
27344,[0.75026633 0.56789354],27,11,"[0.7051682617613192, 0.574171671796882]",1,20
27345,[0.78342706 0.6684099 ],27,-1,-1,1,-1
27346,[0.81117462 0.58800133],27,43,"[0.8274941202305067, 0.5998913364221842]",1,-1
27347,[0.81018061 0.49449878],27,3,"[0.8068810957052946, 0.5180547120844742]",1,-1
27348,[0.84147868 0.53413828],27,3,"[0.8068810957052946, 0.5180547120844742]",1,-1
27349,[0.86533864 0.46772485],27,14,"[0.8486155699332081, 0.42850029565542425]",1,-1
27350,[0.8170002  0.50536478],27,3,"[0.8068810957052946, 0.5180547120844742]",1,-1
27351,[0.80655944 0.55365748],27,3,"[0.8068810957052946, 0.5180547120844742]",1,-1
27352,[0.85201331 0.53566803],27,3,"[0.8068810957052946, 0.5180547120844742]",1,-1
27353,[0.84968047 0.56909329],27,43,"[0.8274941202305067, 0.5998913364221842]",1,-1
27354,[0.81181235 0.60085071],27,43,"[0.8274941202305067, 0.5998913364221842]",1,-1
27355,[0.84175102 0.62360985],27,43,"[0.8274941202305067, 0.5998913364221842]",1,-1
27356,[0.86597787 0.54362919],27,3,"[0.8068810957052946, 0.5180547120844742]",1,-1
27357,[0.69573317 0.57334871],27,11,"[0.7051682617613192, 0.574171671796882]",1,-1
27358,[0.77067649 0.56725148],27,3,"[0.8068810957052946, 0.5180547120844742]",1,-1
27359,[0.81527947 0.62630711],27,43,"[0.8274941202305067, 0.5998913364221842]",1,-1
27360,[0.77703674 0.55046139],27,3,"[0.8068810957052946, 0.5180547120844742]",1,-1
27361,[0.7907604  0.62303694],27,43,"[0.8274941202305067, 0.5998913364221842]",1,-1
27362,[0.73920205 0.55153875],27,11,"[0.7051682617613192, 0.574171671796882]",1,-1
27363,[0.88391697 0.56692879],27,43,"[0.8274941202305067, 0.5998913364221842]",1,-1
27364,[0.88047586 0.49500989],27,-1,-1,1,-1
27365,[0.79223556 0.53908103],27,3,"[0.8068810957052946, 0.5180547120844742]",1,-1
27366,[0.85717422 0.49301835],27,3,"[0.8068810957052946, 0.5180547120844742]",1,-1
27367,[0.77540174 0.55106146],27,3,"[0.8068810957052946, 0.5180547120844742]",1,-1
27368,[0.82071431 0.57769449],27,43,"[0.8274941202305067, 0.5998913364221842]",1,-1
27369,[0.7800964  0.48859779],27,3,"[0.8068810957052946, 0.5180547120844742]",1,-1
27370,[0.74413758 0.5230205 ],27,3,"[0.8068810957052946, 0.5180547120844742]",1,-1
27371,[0.82174069 0.59742765],27,43,"[0.8274941202305067, 0.5998913364221842]",1,-1
27372,[0.81335957 0.5727747 ],27,43,"[0.8274941202305067, 0.5998913364221842]",1,-1
27373,[0.75836795 0.57782472],27,11,"[0.7051682617613192, 0.574171671796882]",1,-1
27374,[0.77005866 0.6272482 ],27,43,"[0.8274941202305067, 0.5998913364221842]",1,-1
27375,[0.75008043 0.56742711],27,11,"[0.7051682617613192, 0.574171671796882]",1,20
27376,[0.83522847 0.58892738],27,43,"[0.8274941202305067, 0.5998913364221842]",1,-1
27377,[0.8433469  0.52767788],27,3,"[0.8068810957052946, 0.5180547120844742]",1,-1
27378,[0.80083869 0.59856675],27,43,"[0.8274941202305067, 0.5998913364221842]",1,-1
27379,[0.81851024 0.49981584],27,3,"[0.8068810957052946, 0.5180547120844742]",1,-1
27380,[0.86111278 0.6255118 ],27,43,"[0.8274941202305067, 0.5998913364221842]",1,-1
27381,[0.78962747 0.48478116],27,3,"[0.8068810957052946, 0.5180547120844742]",1,-1
27382,[0.74105085 0.64016616],27,-1,-1,1,-1
27383,[0.88236336 0.50725292],27,-1,-1,1,-1
27384,[0.87052188 0.58531293],27,43,"[0.8274941202305067, 0.5998913364221842]",1,-1
27385,[0.88439283 0.62157484],27,43,"[0.8274941202305067, 0.5998913364221842]",1,-1
27386,[0.88564087 0.57490203],27,43,"[0.8274941202305067, 0.5998913364221842]",1,-1
27387,[0.90639521 0.60603609],27,-1,-1,1,-1
27388,[0.84570898 0.59141791],27,43,"[0.8274941202305067, 0.5998913364221842]",1,-1
27389,[0.75981433 0.60708045],27,11,"[0.7051682617613192, 0.574171671796882]",1,-1
27390,[0.86491342 0.50058466],27,3,"[0.8068810957052946, 0.5180547120844742]",1,-1
27391,[0.80176536 0.53381107],27,3,"[0.8068810957052946, 0.5180547120844742]",1,-1
27392,[0.92321487 0.52371144],27,-1,-1,1,-1
27393,[0.74225613 0.64216306],27,-1,-1,1,-1
27394,[0.74302993 0.61567705],27,11,"[0.7051682617613192, 0.574171671796882]",1,-1
27395,[0.86828936 0.56486898],27,43,"[0.8274941202305067, 0.5998913364221842]",1,-1
27396,[0.80254886 0.55522301],27,3,"[0.8068810957052946, 0.5180547120844742]",1,-1
27397,[0.82487457 0.53010805],27,3,"[0.8068810957052946, 0.5180547120844742]",1,-1
27398,[0.82749959 0.53192872],27,3,"[0.8068810957052946, 0.5180547120844742]",1,-1
27399,[0.82568835 0.54510099],27,3,"[0.8068810957052946, 0.5180547120844742]",1,-1
27400,[0.87142949 0.5851292 ],27,43,"[0.8274941202305067, 0.5998913364221842]",1,-1
27401,[0.7752039  0.52992408],27,3,"[0.8068810957052946, 0.5180547120844742]",1,41
27402,[0.77984082 0.54501109],27,3,"[0.8068810957052946, 0.5180547120844742]",1,-1
27403,[0.78463496 0.5844489 ],27,43,"[0.8274941202305067, 0.5998913364221842]",1,-1
27404,[0.905827   0.60446012],27,-1,-1,1,-1
27405,[0.84926514 0.56304735],27,43,"[0.8274941202305067, 0.5998913364221842]",1,-1
27406,[0.76917106 0.60993884],27,43,"[0.8274941202305067, 0.5998913364221842]",1,-1
27407,[0.80298863 0.50683196],27,3,"[0.8068810957052946, 0.5180547120844742]",1,44
27408,[0.82086423 0.52668413],27,3,"[0.8068810957052946, 0.5180547120844742]",1,-1
27409,[0.87647151 0.54740595],27,-1,-1,1,-1
27410,[0.82250768 0.48452727],27,3,"[0.8068810957052946, 0.5180547120844742]",1,-1
27411,[0.81809151 0.54264852],27,3,"[0.8068810957052946, 0.5180547120844742]",1,-1
27412,[0.84044667 0.53827113],27,3,"[0.8068810957052946, 0.5180547120844742]",1,-1
27413,[0.76077942 0.51653821],27,3,"[0.8068810957052946, 0.5180547120844742]",1,-1
27414,[0.86547519 0.59567907],27,43,"[0.8274941202305067, 0.5998913364221842]",1,-1
27415,[0.7669607  0.59676562],27,43,"[0.8274941202305067, 0.5998913364221842]",1,-1
27416,[0.8607479  0.59246821],27,43,"[0.8274941202305067, 0.5998913364221842]",1,-1
27417,[0.8566433 0.4963671],27,3,"[0.8068810957052946, 0.5180547120844742]",1,-1
27418,[0.78146293 0.48313334],27,32,"[0.7535856051996079, 0.45307884495298306]",1,45
27419,[0.85834641 0.46709256],27,14,"[0.8486155699332081, 0.42850029565542425]",1,-1
27420,[0.77801641 0.57221187],27,43,"[0.8274941202305067, 0.5998913364221842]",1,-1
27421,[0.70309452 0.51128908],27,26,"[0.6734889003123068, 0.4756404454441684]",1,-1
27422,[0.79162977 0.60009803],27,43,"[0.8274941202305067, 0.5998913364221842]",1,-1
27423,[0.77919356 0.54500901],27,3,"[0.8068810957052946, 0.5180547120844742]",1,-1
27424,[0.84258685 0.62576057],27,43,"[0.8274941202305067, 0.5998913364221842]",1,-1
27425,[0.86665539 0.50735636],27,3,"[0.8068810957052946, 0.5180547120844742]",1,-1
27426,[0.82608047 0.61213018],27,43,"[0.8274941202305067, 0.5998913364221842]",1,-1
27427,[0.79561131 0.5627486 ],27,3,"[0.8068810957052946, 0.5180547120844742]",1,-1
27428,[0.83492231 0.5990125 ],27,43,"[0.8274941202305067, 0.5998913364221842]",1,-1
27429,[0.90189521 0.56471683],27,-1,-1,1,-1
27430,[0.7959751  0.57938257],27,43,"[0.8274941202305067, 0.5998913364221842]",1,-1
27431,[0.77608368 0.53422637],27,3,"[0.8068810957052946, 0.5180547120844742]",1,41
27432,[0.81068939 0.52613182],27,3,"[0.8068810957052946, 0.5180547120844742]",1,-1
27433,[0.76217234 0.50246525],27,3,"[0.8068810957052946, 0.5180547120844742]",1,-1
27434,[0.88191458 0.50404453],27,-1,-1,1,-1
27435,[0.77924053 0.53119569],27,3,"[0.8068810957052946, 0.5180547120844742]",1,41
27436,[0.75200011 0.56515419],27,11,"[0.7051682617613192, 0.574171671796882]",1,20
27437,[0.77144522 0.52720563],27,3,"[0.8068810957052946, 0.5180547120844742]",1,-1
27438,[0.8299055  0.46725275],27,14,"[0.8486155699332081, 0.42850029565542425]",1,-1
27439,[0.80584464 0.55286754],27,3,"[0.8068810957052946, 0.5180547120844742]",1,-1
27440,[0.87764701 0.48615401],27,14,"[0.8486155699332081, 0.42850029565542425]",1,-1
27441,[0.78770624 0.63495685],27,43,"[0.8274941202305067, 0.5998913364221842]",1,-1
27442,[0.81334226 0.51310997],27,3,"[0.8068810957052946, 0.5180547120844742]",1,-1
27443,[0.82435737 0.57771026],27,43,"[0.8274941202305067, 0.5998913364221842]",1,-1
27444,[0.77632442 0.47074288],27,32,"[0.7535856051996079, 0.45307884495298306]",1,45
27445,[0.80358851 0.55483198],27,3,"[0.8068810957052946, 0.5180547120844742]",1,-1
27446,[0.7702685 0.5629999],27,3,"[0.8068810957052946, 0.5180547120844742]",1,-1
27447,[0.87231679 0.55164421],27,43,"[0.8274941202305067, 0.5998913364221842]",1,-1
27448,[0.72305566 0.58146039],27,11,"[0.7051682617613192, 0.574171671796882]",1,-1
27449,[0.8379041  0.55130111],27,3,"[0.8068810957052946, 0.5180547120844742]",1,-1
27450,[0.81010941 0.50953016],27,3,"[0.8068810957052946, 0.5180547120844742]",1,44
27451,[0.90210492 0.53232149],27,-1,-1,1,-1
27452,[0.82386242 0.50386579],27,3,"[0.8068810957052946, 0.5180547120844742]",1,-1
27453,[0.79977706 0.58540926],27,43,"[0.8274941202305067, 0.5998913364221842]",1,-1
27454,[0.81235349 0.52955985],27,3,"[0.8068810957052946, 0.5180547120844742]",1,-1
27455,[0.83518939 0.50870105],27,3,"[0.8068810957052946, 0.5180547120844742]",1,-1
27456,[0.85522652 0.63681163],27,43,"[0.8274941202305067, 0.5998913364221842]",1,-1
27457,[0.79106833 0.55556485],27,3,"[0.8068810957052946, 0.5180547120844742]",1,-1
27458,[0.83850821 0.50083025],27,3,"[0.8068810957052946, 0.5180547120844742]",1,-1
27459,[0.73773017 0.54079719],27,11,"[0.7051682617613192, 0.574171671796882]",1,-1
27460,[0.7942443  0.55489949],27,3,"[0.8068810957052946, 0.5180547120844742]",1,-1
27461,[0.78349877 0.47758965],27,32,"[0.7535856051996079, 0.45307884495298306]",1,45
27462,[0.80660316 0.56596698],27,43,"[0.8274941202305067, 0.5998913364221842]",1,-1
27463,[0.79581068 0.60522566],27,43,"[0.8274941202305067, 0.5998913364221842]",1,-1
27464,[0.88161441 0.5416928 ],27,-1,-1,1,-1
27465,[0.78714176 0.63358735],27,43,"[0.8274941202305067, 0.5998913364221842]",1,-1
27466,[0.83209229 0.55777993],27,43,"[0.8274941202305067, 0.5998913364221842]",1,-1
27467,[0.8862429  0.57053755],27,43,"[0.8274941202305067, 0.5998913364221842]",1,-1
27468,[0.81468116 0.5554449 ],27,3,"[0.8068810957052946, 0.5180547120844742]",1,-1
27469,[0.84344847 0.5566604 ],27,43,"[0.8274941202305067, 0.5998913364221842]",1,-1
27470,[0.78176757 0.53825941],27,3,"[0.8068810957052946, 0.5180547120844742]",1,41
27471,[0.75486073 0.64910237],27,-1,-1,1,-1
27472,[0.81706613 0.58520598],27,43,"[0.8274941202305067, 0.5998913364221842]",1,-1
27473,[0.7106175  0.61741043],27,11,"[0.7051682617613192, 0.574171671796882]",1,-1
27474,[0.79272772 0.54946043],27,3,"[0.8068810957052946, 0.5180547120844742]",1,-1
27475,[0.847773   0.62845299],27,43,"[0.8274941202305067, 0.5998913364221842]",1,-1
27476,[0.81957328 0.53842841],27,3,"[0.8068810957052946, 0.5180547120844742]",1,-1
27477,[0.80252656 0.55970086],27,3,"[0.8068810957052946, 0.5180547120844742]",1,-1
27478,[0.81530019 0.64691949],27,43,"[0.8274941202305067, 0.5998913364221842]",1,-1
27479,[0.78721954 0.54498244],27,3,"[0.8068810957052946, 0.5180547120844742]",1,-1
27480,[0.7445064  0.57439246],27,11,"[0.7051682617613192, 0.574171671796882]",1,-1
27481,[0.82848122 0.54753039],27,3,"[0.8068810957052946, 0.5180547120844742]",1,-1
27482,[0.85442702 0.52854337],27,3,"[0.8068810957052946, 0.5180547120844742]",1,-1
27483,[0.79738337 0.66852051],27,-1,-1,1,-1
27484,[0.8173889  0.63787201],27,43,"[0.8274941202305067, 0.5998913364221842]",1,-1
27485,[0.70439036 0.60143679],27,11,"[0.7051682617613192, 0.574171671796882]",1,-1
27486,[0.80790447 0.54007366],27,3,"[0.8068810957052946, 0.5180547120844742]",1,-1
27487,[0.78513176 0.50069616],27,3,"[0.8068810957052946, 0.5180547120844742]",1,-1
27488,[0.88127815 0.57362583],27,43,"[0.8274941202305067, 0.5998913364221842]",1,-1
27489,[0.83075959 0.53001658],27,3,"[0.8068810957052946, 0.5180547120844742]",1,-1
27490,[0.81649359 0.54627557],27,3,"[0.8068810957052946, 0.5180547120844742]",1,-1
27491,[0.81162916 0.61733601],27,43,"[0.8274941202305067, 0.5998913364221842]",1,-1
27492,[0.85655248 0.59438403],27,43,"[0.8274941202305067, 0.5998913364221842]",1,-1
27493,[0.7871173  0.53804759],27,3,"[0.8068810957052946, 0.5180547120844742]",1,41
27494,[0.83459228 0.5520839 ],27,3,"[0.8068810957052946, 0.5180547120844742]",1,-1
27495,[0.85283698 0.6544304 ],27,43,"[0.8274941202305067, 0.5998913364221842]",1,-1
27496,[0.86706274 0.57423706],27,43,"[0.8274941202305067, 0.5998913364221842]",1,-1
27497,[0.85155567 0.48604853],27,3,"[0.8068810957052946, 0.5180547120844742]",1,-1
27498,[0.81498418 0.53204022],27,3,"[0.8068810957052946, 0.5180547120844742]",1,-1
27499,[0.85872565 0.58560058],27,43,"[0.8274941202305067, 0.5998913364221842]",1,-1
27500,[0.80380972 0.65321043],27,43,"[0.8274941202305067, 0.5998913364221842]",1,-1
27501,[0.86003486 0.59598178],27,43,"[0.8274941202305067, 0.5998913364221842]",1,-1
27502,[0.88644885 0.53629501],27,-1,-1,1,-1
27503,[0.79172955 0.53850611],27,3,"[0.8068810957052946, 0.5180547120844742]",1,-1
27504,[0.81560624 0.60014019],27,43,"[0.8274941202305067, 0.5998913364221842]",1,-1
27505,[0.89495786 0.56005592],27,-1,-1,1,-1
27506,[0.87301385 0.56559139],27,43,"[0.8274941202305067, 0.5998913364221842]",1,-1
27507,[0.75110016 0.53371003],27,3,"[0.8068810957052946, 0.5180547120844742]",1,-1
27508,[0.77356675 0.56743183],27,3,"[0.8068810957052946, 0.5180547120844742]",1,20
27509,[0.74743778 0.45295759],27,32,"[0.7535856051996079, 0.45307884495298306]",1,-1
27510,[0.77083929 0.53543017],27,3,"[0.8068810957052946, 0.5180547120844742]",1,-1
27511,[0.79716634 0.50254555],27,3,"[0.8068810957052946, 0.5180547120844742]",1,44
27512,[0.71722824 0.52214884],27,11,"[0.7051682617613192, 0.574171671796882]",1,33
27513,[0.73374241 0.62090006],27,11,"[0.7051682617613192, 0.574171671796882]",1,-1
27514,[0.77651521 0.59687767],27,43,"[0.8274941202305067, 0.5998913364221842]",1,-1
27515,[0.81999097 0.48721531],27,3,"[0.8068810957052946, 0.5180547120844742]",1,-1
27516,[0.73918338 0.6148312 ],27,11,"[0.7051682617613192, 0.574171671796882]",1,-1
27517,[0.76247669 0.54249648],27,3,"[0.8068810957052946, 0.5180547120844742]",1,-1
27518,[0.75447097 0.5577512 ],27,11,"[0.7051682617613192, 0.574171671796882]",1,-1
27519,[0.90359725 0.50327337],27,-1,-1,1,-1
27520,[0.84962627 0.53678697],27,3,"[0.8068810957052946, 0.5180547120844742]",1,-1
27521,[0.87013124 0.62055227],27,43,"[0.8274941202305067, 0.5998913364221842]",1,-1
27522,[0.79478474 0.51892096],27,3,"[0.8068810957052946, 0.5180547120844742]",1,-1
27523,[0.79911443 0.56528175],27,43,"[0.8274941202305067, 0.5998913364221842]",1,-1
27524,[0.84251188 0.54080641],27,3,"[0.8068810957052946, 0.5180547120844742]",1,-1
27525,[0.92012877 0.58466849],27,-1,-1,1,-1
27526,[0.87011445 0.55273637],27,43,"[0.8274941202305067, 0.5998913364221842]",1,-1
27527,[0.89909399 0.52148548],27,-1,-1,1,-1
27528,[0.7919027  0.52969058],27,3,"[0.8068810957052946, 0.5180547120844742]",1,-1
27529,[0.76570352 0.57215411],27,11,"[0.7051682617613192, 0.574171671796882]",1,-1
27530,[0.84783722 0.55569869],27,43,"[0.8274941202305067, 0.5998913364221842]",1,-1
27531,[0.69662559 0.56226397],27,11,"[0.7051682617613192, 0.574171671796882]",1,-1
27532,[0.85344984 0.54317962],27,3,"[0.8068810957052946, 0.5180547120844742]",1,-1
27533,[0.7928676  0.55704598],27,3,"[0.8068810957052946, 0.5180547120844742]",1,-1
27534,[0.77646132 0.49841943],27,3,"[0.8068810957052946, 0.5180547120844742]",1,-1
27535,[0.85601218 0.5779928 ],27,43,"[0.8274941202305067, 0.5998913364221842]",1,-1
27536,[0.844125   0.57761643],27,43,"[0.8274941202305067, 0.5998913364221842]",1,-1
27537,[0.82930423 0.57476835],27,43,"[0.8274941202305067, 0.5998913364221842]",1,-1
27538,[0.86782789 0.52783114],27,3,"[0.8068810957052946, 0.5180547120844742]",1,-1
27539,[0.72661689 0.55816671],27,11,"[0.7051682617613192, 0.574171671796882]",1,-1
27540,[0.79966641 0.54877117],27,3,"[0.8068810957052946, 0.5180547120844742]",1,-1
27541,[0.74270953 0.52575031],27,11,"[0.7051682617613192, 0.574171671796882]",1,-1
27542,[0.88229501 0.60307874],27,43,"[0.8274941202305067, 0.5998913364221842]",1,-1
27543,[0.84563041 0.55505544],27,43,"[0.8274941202305067, 0.5998913364221842]",1,-1
27544,[0.84267332 0.57599862],27,43,"[0.8274941202305067, 0.5998913364221842]",1,-1
27545,[0.84920041 0.61558924],27,43,"[0.8274941202305067, 0.5998913364221842]",1,-1
27546,[0.83306547 0.53338459],27,3,"[0.8068810957052946, 0.5180547120844742]",1,-1
27547,[0.84495291 0.5608063 ],27,43,"[0.8274941202305067, 0.5998913364221842]",1,-1
27548,[0.84031223 0.55868787],27,43,"[0.8274941202305067, 0.5998913364221842]",1,-1
27549,[0.82851056 0.66452325],27,43,"[0.8274941202305067, 0.5998913364221842]",1,-1
27550,[0.89534059 0.54984557],27,-1,-1,1,-1
27551,[0.81860524 0.52475255],27,3,"[0.8068810957052946, 0.5180547120844742]",1,-1
27552,[0.77027661 0.56987951],27,3,"[0.8068810957052946, 0.5180547120844742]",1,-1
27553,[0.80017894 0.53014007],27,3,"[0.8068810957052946, 0.5180547120844742]",1,-1
27554,[0.85980896 0.49152902],27,3,"[0.8068810957052946, 0.5180547120844742]",1,-1
27555,[0.74313151 0.54898925],27,11,"[0.7051682617613192, 0.574171671796882]",1,-1
27556,[0.80391501 0.56113843],27,3,"[0.8068810957052946, 0.5180547120844742]",1,-1
27557,[0.78867947 0.51448517],27,3,"[0.8068810957052946, 0.5180547120844742]",1,41
27558,[0.90483724 0.53907406],27,-1,-1,1,-1
27559,[0.79448393 0.57569684],27,43,"[0.8274941202305067, 0.5998913364221842]",1,-1
27560,[0.85240196 0.55528828],27,43,"[0.8274941202305067, 0.5998913364221842]",1,-1
27561,[0.83351131 0.47030677],27,14,"[0.8486155699332081, 0.42850029565542425]",1,-1
27562,[0.78866583 0.6306844 ],27,43,"[0.8274941202305067, 0.5998913364221842]",1,-1
27563,[0.77439921 0.62239671],27,43,"[0.8274941202305067, 0.5998913364221842]",1,-1
27564,[0.82716573 0.60773196],27,43,"[0.8274941202305067, 0.5998913364221842]",1,-1
27565,[0.79965596 0.56185269],27,3,"[0.8068810957052946, 0.5180547120844742]",1,-1
27566,[0.92233741 0.59656869],27,-1,-1,1,-1
27567,[0.89102164 0.68364961],27,-1,-1,1,-1
27568,[0.81486973 0.55606008],27,3,"[0.8068810957052946, 0.5180547120844742]",1,-1
27569,[0.75990688 0.60564   ],27,11,"[0.7051682617613192, 0.574171671796882]",1,-1
27570,[0.83223408 0.61090655],27,43,"[0.8274941202305067, 0.5998913364221842]",1,-1
27571,[0.80664886 0.58447821],27,43,"[0.8274941202305067, 0.5998913364221842]",1,-1
27572,[0.83609532 0.54100745],27,3,"[0.8068810957052946, 0.5180547120844742]",1,-1
27573,[0.81712402 0.56932209],27,43,"[0.8274941202305067, 0.5998913364221842]",1,-1
27574,[0.66138316 0.60755235],27,11,"[0.7051682617613192, 0.574171671796882]",1,-1
27575,[0.90697217 0.58918673],27,-1,-1,1,-1
27576,[0.81591405 0.49908832],27,3,"[0.8068810957052946, 0.5180547120844742]",1,-1
27577,[0.71352495 0.6424145 ],27,11,"[0.7051682617613192, 0.574171671796882]",1,-1
27578,[0.74360729 0.6123906 ],27,11,"[0.7051682617613192, 0.574171671796882]",1,-1
27579,[0.84338465 0.53450077],27,3,"[0.8068810957052946, 0.5180547120844742]",1,-1
27580,[0.8335276  0.52743859],27,3,"[0.8068810957052946, 0.5180547120844742]",1,-1
27581,[0.84130569 0.5805694 ],27,43,"[0.8274941202305067, 0.5998913364221842]",1,-1
27582,[0.7806119 0.5292073],27,3,"[0.8068810957052946, 0.5180547120844742]",1,41
27583,[0.82905677 0.55334675],27,3,"[0.8068810957052946, 0.5180547120844742]",1,-1
27584,[0.773561   0.62224397],27,43,"[0.8274941202305067, 0.5998913364221842]",1,-1
27585,[0.86034279 0.63443242],27,43,"[0.8274941202305067, 0.5998913364221842]",1,-1
27586,[0.9046621  0.47638751],27,-1,-1,1,-1
27587,[0.8129588  0.62259871],27,43,"[0.8274941202305067, 0.5998913364221842]",1,-1
27588,[0.84083178 0.56144553],27,43,"[0.8274941202305067, 0.5998913364221842]",1,-1
27589,[0.80542214 0.54396431],27,3,"[0.8068810957052946, 0.5180547120844742]",1,-1
27590,[0.82735041 0.54184564],27,3,"[0.8068810957052946, 0.5180547120844742]",1,-1
27591,[0.80133764 0.53270498],27,3,"[0.8068810957052946, 0.5180547120844742]",1,-1
27592,[0.72959882 0.65730016],27,-1,-1,1,-1
27593,[0.77746348 0.54764948],27,3,"[0.8068810957052946, 0.5180547120844742]",1,-1
27594,[0.84477934 0.55125322],27,3,"[0.8068810957052946, 0.5180547120844742]",1,-1
27595,[0.77268579 0.6231501 ],27,43,"[0.8274941202305067, 0.5998913364221842]",1,-1
27596,[0.68800202 0.6240743 ],27,11,"[0.7051682617613192, 0.574171671796882]",1,-1
27597,[0.79838398 0.56032545],27,3,"[0.8068810957052946, 0.5180547120844742]",1,-1
27598,[0.7569744  0.56558842],27,11,"[0.7051682617613192, 0.574171671796882]",1,20
27599,[0.83363135 0.60506055],27,43,"[0.8274941202305067, 0.5998913364221842]",1,-1
27600,[0.75283448 0.53298625],27,3,"[0.8068810957052946, 0.5180547120844742]",1,-1
27601,[0.85868965 0.53988101],27,3,"[0.8068810957052946, 0.5180547120844742]",1,-1
27602,[0.70411933 0.54170679],27,11,"[0.7051682617613192, 0.574171671796882]",1,-1
27603,[0.85530131 0.52892046],27,3,"[0.8068810957052946, 0.5180547120844742]",1,-1
27604,[0.79422944 0.55997655],27,3,"[0.8068810957052946, 0.5180547120844742]",1,-1
27605,[0.81165357 0.52443095],27,3,"[0.8068810957052946, 0.5180547120844742]",1,-1
27606,[0.73035591 0.5610809 ],27,11,"[0.7051682617613192, 0.574171671796882]",1,-1
27607,[0.9205568 0.5384812],27,-1,-1,1,-1
27608,[0.78594996 0.5878448 ],27,43,"[0.8274941202305067, 0.5998913364221842]",1,-1
27609,[0.79755526 0.55894325],27,3,"[0.8068810957052946, 0.5180547120844742]",1,-1
27610,[0.83123931 0.57257696],27,43,"[0.8274941202305067, 0.5998913364221842]",1,-1
27611,[0.79564529 0.63264128],27,43,"[0.8274941202305067, 0.5998913364221842]",1,-1
27612,[0.8256293  0.49366104],27,3,"[0.8068810957052946, 0.5180547120844742]",1,-1
27613,[0.85797047 0.64389201],27,43,"[0.8274941202305067, 0.5998913364221842]",1,-1
27614,[0.80767092 0.53992509],27,3,"[0.8068810957052946, 0.5180547120844742]",1,-1
27615,[0.74386161 0.56418168],27,11,"[0.7051682617613192, 0.574171671796882]",1,20
27616,[0.78938628 0.596318  ],27,43,"[0.8274941202305067, 0.5998913364221842]",1,-1
27617,[0.82365228 0.63361943],27,43,"[0.8274941202305067, 0.5998913364221842]",1,-1
27618,[0.84130638 0.61929122],27,43,"[0.8274941202305067, 0.5998913364221842]",1,-1
27619,[0.78031331 0.51620888],27,3,"[0.8068810957052946, 0.5180547120844742]",1,41
27620,[0.86963355 0.55347347],27,43,"[0.8274941202305067, 0.5998913364221842]",1,-1
27621,[0.79015091 0.58004259],27,43,"[0.8274941202305067, 0.5998913364221842]",1,-1
27622,[0.68900528 0.52909634],27,11,"[0.7051682617613192, 0.574171671796882]",1,-1
27623,[0.74799365 0.58573431],27,11,"[0.7051682617613192, 0.574171671796882]",1,-1
27624,[0.79307451 0.60795447],27,43,"[0.8274941202305067, 0.5998913364221842]",1,-1
27625,[0.88999694 0.50000455],27,-1,-1,1,-1
27626,[0.75717983 0.55730991],27,11,"[0.7051682617613192, 0.574171671796882]",1,-1
27627,[0.83324265 0.55972378],27,43,"[0.8274941202305067, 0.5998913364221842]",1,-1
27628,[0.82200319 0.63332626],27,43,"[0.8274941202305067, 0.5998913364221842]",1,-1
27629,[0.7578137  0.53161205],27,3,"[0.8068810957052946, 0.5180547120844742]",1,-1
27630,[0.86204578 0.55101229],27,43,"[0.8274941202305067, 0.5998913364221842]",1,-1
27631,[0.84012621 0.54014243],27,3,"[0.8068810957052946, 0.5180547120844742]",1,-1
27632,[0.7795228  0.56351866],27,3,"[0.8068810957052946, 0.5180547120844742]",1,-1
27633,[0.83794583 0.55879109],27,43,"[0.8274941202305067, 0.5998913364221842]",1,-1
27634,[0.83368674 0.51443182],27,3,"[0.8068810957052946, 0.5180547120844742]",1,-1
27635,[0.79694292 0.71538508],27,23,"[0.7534740255485087, 0.7686705599537007]",1,-1
27636,[0.87997042 0.55813572],27,43,"[0.8274941202305067, 0.5998913364221842]",1,-1
27637,[0.77562603 0.56799303],27,3,"[0.8068810957052946, 0.5180547120844742]",1,-1
27638,[0.80587748 0.58518877],27,43,"[0.8274941202305067, 0.5998913364221842]",1,-1
27639,[0.86044149 0.54160314],27,3,"[0.8068810957052946, 0.5180547120844742]",1,-1
27640,[0.85063253 0.61266965],27,43,"[0.8274941202305067, 0.5998913364221842]",1,-1
27641,[0.71999975 0.59381911],27,11,"[0.7051682617613192, 0.574171671796882]",1,-1
27642,[0.8213515  0.59850135],27,43,"[0.8274941202305067, 0.5998913364221842]",1,-1
27643,[0.88590499 0.4971738 ],27,-1,-1,1,-1
27644,[0.84543256 0.5885477 ],27,43,"[0.8274941202305067, 0.5998913364221842]",1,-1
27645,[0.75126941 0.58865744],27,11,"[0.7051682617613192, 0.574171671796882]",1,-1
27646,[0.82148282 0.58599332],27,43,"[0.8274941202305067, 0.5998913364221842]",1,-1
27647,[0.82274729 0.57286636],27,43,"[0.8274941202305067, 0.5998913364221842]",1,-1
27648,[0.94843585 0.56864381],27,-1,-1,-1,-1
27649,[0.86047656 0.58400566],27,43,"[0.8274941202305067, 0.5998913364221842]",1,-1
27650,[0.83549101 0.53677536],27,3,"[0.8068810957052946, 0.5180547120844742]",1,-1
27651,[0.80750941 0.58556761],27,43,"[0.8274941202305067, 0.5998913364221842]",1,-1
27652,[0.83070143 0.53477466],27,3,"[0.8068810957052946, 0.5180547120844742]",1,-1
27653,[0.84285475 0.59079714],27,43,"[0.8274941202305067, 0.5998913364221842]",1,-1
27654,[0.84541948 0.46773213],27,14,"[0.8486155699332081, 0.42850029565542425]",1,-1
27655,[0.74009187 0.53608681],27,11,"[0.7051682617613192, 0.574171671796882]",1,-1
27656,[0.82684801 0.61909257],27,43,"[0.8274941202305067, 0.5998913364221842]",1,-1
27657,[0.70168971 0.56022069],27,11,"[0.7051682617613192, 0.574171671796882]",1,-1
27658,[0.84221879 0.58052702],27,43,"[0.8274941202305067, 0.5998913364221842]",1,-1
27659,[0.89252482 0.55613131],27,-1,-1,1,-1
27660,[0.84282644 0.4749068 ],27,14,"[0.8486155699332081, 0.42850029565542425]",1,42
27661,[0.8318325  0.52471057],27,3,"[0.8068810957052946, 0.5180547120844742]",1,-1
27662,[0.75544359 0.57594556],27,11,"[0.7051682617613192, 0.574171671796882]",1,-1
27663,[0.74002517 0.65383025],27,-1,-1,1,-1
27664,[0.87124025 0.57819227],27,43,"[0.8274941202305067, 0.5998913364221842]",1,-1
27665,[0.8464506  0.54153426],27,3,"[0.8068810957052946, 0.5180547120844742]",1,-1
27666,[0.7018674  0.52388439],27,11,"[0.7051682617613192, 0.574171671796882]",1,-1
27667,[0.78856539 0.48075342],27,3,"[0.8068810957052946, 0.5180547120844742]",1,-1
27668,[0.80860403 0.49882467],27,3,"[0.8068810957052946, 0.5180547120844742]",1,-1
27669,[0.80891204 0.6043109 ],27,43,"[0.8274941202305067, 0.5998913364221842]",1,-1
27670,[0.87494413 0.47480065],27,14,"[0.8486155699332081, 0.42850029565542425]",1,-1
27671,[0.78416795 0.57495909],27,43,"[0.8274941202305067, 0.5998913364221842]",1,-1
27672,[0.73996914 0.50453825],27,32,"[0.7535856051996079, 0.45307884495298306]",1,-1
27673,[0.82219141 0.42893217],27,14,"[0.8486155699332081, 0.42850029565542425]",1,-1
27674,[0.75542646 0.47528216],27,32,"[0.7535856051996079, 0.45307884495298306]",1,-1
27675,[0.79676414 0.54462814],27,3,"[0.8068810957052946, 0.5180547120844742]",1,-1
27676,[0.89980065 0.48781045],27,-1,-1,1,-1
27677,[0.86592394 0.57695672],27,43,"[0.8274941202305067, 0.5998913364221842]",1,-1
27678,[0.8565737  0.44791777],27,14,"[0.8486155699332081, 0.42850029565542425]",1,-1
27679,[0.92785655 0.63099882],27,-1,-1,-1,-1
27680,[0.84180988 0.50709619],27,3,"[0.8068810957052946, 0.5180547120844742]",1,-1
27681,[0.84600101 0.58609567],27,43,"[0.8274941202305067, 0.5998913364221842]",1,-1
27682,[0.71288873 0.62717057],27,11,"[0.7051682617613192, 0.574171671796882]",1,-1
27683,[0.82273101 0.5525532 ],27,3,"[0.8068810957052946, 0.5180547120844742]",1,-1
27684,[0.82044077 0.55144271],27,3,"[0.8068810957052946, 0.5180547120844742]",1,-1
27685,[0.83547    0.48601303],27,3,"[0.8068810957052946, 0.5180547120844742]",1,-1
27686,[0.79736852 0.62959588],27,43,"[0.8274941202305067, 0.5998913364221842]",1,-1
27687,[0.79060141 0.62419794],27,43,"[0.8274941202305067, 0.5998913364221842]",1,-1
27688,[0.90025678 0.63979919],27,-1,-1,-1,-1
27689,[0.77493785 0.62011646],27,43,"[0.8274941202305067, 0.5998913364221842]",1,-1
27690,[0.78995981 0.50697005],27,3,"[0.8068810957052946, 0.5180547120844742]",1,-1
27691,[0.68539778 0.5171772 ],27,26,"[0.6734889003123068, 0.4756404454441684]",1,-1
27692,[0.71761949 0.52629444],27,11,"[0.7051682617613192, 0.574171671796882]",1,33
27693,[0.70405383 0.60131122],27,11,"[0.7051682617613192, 0.574171671796882]",1,-1
27694,[0.81565589 0.55532424],27,3,"[0.8068810957052946, 0.5180547120844742]",1,-1
27695,[0.84209201 0.57659062],27,43,"[0.8274941202305067, 0.5998913364221842]",1,-1
27696,[0.79084363 0.50174149],27,3,"[0.8068810957052946, 0.5180547120844742]",1,-1
27697,[0.83642155 0.59226231],27,43,"[0.8274941202305067, 0.5998913364221842]",1,-1
27698,[0.76926175 0.53351898],27,3,"[0.8068810957052946, 0.5180547120844742]",1,41
27699,[0.84858421 0.53770753],27,3,"[0.8068810957052946, 0.5180547120844742]",1,-1
27700,[0.79836215 0.52038696],27,3,"[0.8068810957052946, 0.5180547120844742]",1,-1
27701,[0.81706315 0.53340506],27,3,"[0.8068810957052946, 0.5180547120844742]",1,-1
27702,[0.87018844 0.56612102],27,43,"[0.8274941202305067, 0.5998913364221842]",1,-1
27703,[0.87961227 0.61338948],27,43,"[0.8274941202305067, 0.5998913364221842]",1,-1
27704,[0.84798608 0.50384073],27,3,"[0.8068810957052946, 0.5180547120844742]",1,-1
27705,[0.84122472 0.549463  ],27,3,"[0.8068810957052946, 0.5180547120844742]",1,-1
27706,[0.87581388 0.54759375],27,-1,-1,1,-1
27707,[0.86139982 0.60060588],27,43,"[0.8274941202305067, 0.5998913364221842]",1,-1
27708,[0.82900353 0.50742019],27,3,"[0.8068810957052946, 0.5180547120844742]",1,-1
27709,[0.94841472 0.51005205],27,-1,-1,1,-1
27710,[0.75692426 0.55742391],27,11,"[0.7051682617613192, 0.574171671796882]",1,-1
27711,[0.81774682 0.60297947],27,43,"[0.8274941202305067, 0.5998913364221842]",1,-1
27712,[0.81987513 0.50342474],27,3,"[0.8068810957052946, 0.5180547120844742]",1,-1
27713,[0.7701385  0.54417255],27,3,"[0.8068810957052946, 0.5180547120844742]",1,-1
27714,[0.82022793 0.58618025],27,43,"[0.8274941202305067, 0.5998913364221842]",1,-1
27715,[0.78553501 0.59726983],27,43,"[0.8274941202305067, 0.5998913364221842]",1,-1
27716,[0.86677163 0.54112741],27,3,"[0.8068810957052946, 0.5180547120844742]",1,-1
27717,[0.8874453  0.49909536],27,-1,-1,1,-1
27718,[0.83012061 0.5365365 ],27,3,"[0.8068810957052946, 0.5180547120844742]",1,-1
27719,[0.79635272 0.58302847],27,43,"[0.8274941202305067, 0.5998913364221842]",1,-1
27720,[0.78781443 0.53304888],27,3,"[0.8068810957052946, 0.5180547120844742]",1,41
27721,[0.82353158 0.64264542],27,43,"[0.8274941202305067, 0.5998913364221842]",1,-1
27722,[0.84090548 0.61321938],27,43,"[0.8274941202305067, 0.5998913364221842]",1,-1
27723,[0.79787908 0.48625514],27,3,"[0.8068810957052946, 0.5180547120844742]",1,-1
27724,[0.85862242 0.57474691],27,43,"[0.8274941202305067, 0.5998913364221842]",1,-1
27725,[0.74486211 0.60608338],27,11,"[0.7051682617613192, 0.574171671796882]",1,-1
27726,[0.79745399 0.62634553],27,43,"[0.8274941202305067, 0.5998913364221842]",1,-1
27727,[0.76701577 0.58771509],27,43,"[0.8274941202305067, 0.5998913364221842]",1,-1
27728,[0.76941139 0.58517841],27,43,"[0.8274941202305067, 0.5998913364221842]",1,-1
27729,[0.91220978 0.56195032],27,-1,-1,1,-1
27730,[0.82560372 0.59955938],27,43,"[0.8274941202305067, 0.5998913364221842]",1,-1
27731,[0.89914876 0.55702128],27,-1,-1,1,-1
27732,[0.80345637 0.58947596],27,43,"[0.8274941202305067, 0.5998913364221842]",1,-1
27733,[0.85467474 0.56572199],27,43,"[0.8274941202305067, 0.5998913364221842]",1,-1
27734,[0.82473485 0.56536998],27,43,"[0.8274941202305067, 0.5998913364221842]",1,-1
27735,[0.77639374 0.55341444],27,3,"[0.8068810957052946, 0.5180547120844742]",1,-1
27736,[0.76226224 0.61147814],27,43,"[0.8274941202305067, 0.5998913364221842]",1,-1
27737,[0.72520541 0.47095454],27,32,"[0.7535856051996079, 0.45307884495298306]",1,-1
27738,[0.89903891 0.62591024],27,-1,-1,1,-1
27739,[0.81301326 0.48513067],27,3,"[0.8068810957052946, 0.5180547120844742]",1,-1
27740,[0.83407486 0.57581914],27,43,"[0.8274941202305067, 0.5998913364221842]",1,-1
27741,[0.7830597  0.54887064],27,3,"[0.8068810957052946, 0.5180547120844742]",1,-1
27742,[0.80695974 0.54850495],27,3,"[0.8068810957052946, 0.5180547120844742]",1,-1
27743,[0.82101396 0.54165481],27,3,"[0.8068810957052946, 0.5180547120844742]",1,-1
27744,[0.82375424 0.6729797 ],27,-1,-1,1,-1
27745,[0.76945022 0.5075279 ],27,3,"[0.8068810957052946, 0.5180547120844742]",1,-1
27746,[0.77188339 0.60391859],27,43,"[0.8274941202305067, 0.5998913364221842]",1,-1
27747,[0.89058426 0.59735879],27,43,"[0.8274941202305067, 0.5998913364221842]",1,-1
27748,[0.80925961 0.54086883],27,3,"[0.8068810957052946, 0.5180547120844742]",1,-1
27749,[0.76439353 0.4792697 ],27,32,"[0.7535856051996079, 0.45307884495298306]",1,-1
27750,[0.85467158 0.6406745 ],27,43,"[0.8274941202305067, 0.5998913364221842]",1,-1
27751,[0.81821709 0.52213558],27,3,"[0.8068810957052946, 0.5180547120844742]",1,-1
27752,[0.77888559 0.52070968],27,3,"[0.8068810957052946, 0.5180547120844742]",1,41
27753,[0.75402287 0.53479276],27,3,"[0.8068810957052946, 0.5180547120844742]",1,-1
27754,[0.68947487 0.61842773],27,11,"[0.7051682617613192, 0.574171671796882]",1,-1
27755,[0.89955191 0.5847334 ],27,-1,-1,1,-1
27756,[0.69617164 0.56891456],27,11,"[0.7051682617613192, 0.574171671796882]",1,-1
27757,[0.78373332 0.53691935],27,3,"[0.8068810957052946, 0.5180547120844742]",1,41
27758,[0.82363503 0.64315046],27,43,"[0.8274941202305067, 0.5998913364221842]",1,-1
27759,[0.8374389 0.5853487],27,43,"[0.8274941202305067, 0.5998913364221842]",1,-1
27760,[0.83366889 0.53903122],27,3,"[0.8068810957052946, 0.5180547120844742]",1,-1
27761,[0.76935195 0.5633472 ],27,3,"[0.8068810957052946, 0.5180547120844742]",1,-1
27762,[0.74285768 0.57771786],27,11,"[0.7051682617613192, 0.574171671796882]",1,-1
27763,[0.81345698 0.54914998],27,3,"[0.8068810957052946, 0.5180547120844742]",1,-1
27764,[0.83494392 0.63444998],27,43,"[0.8274941202305067, 0.5998913364221842]",1,-1
27765,[0.81324548 0.58653819],27,43,"[0.8274941202305067, 0.5998913364221842]",1,-1
27766,[0.75766373 0.57416165],27,11,"[0.7051682617613192, 0.574171671796882]",1,-1
27767,[0.75500171 0.62618327],27,-1,-1,1,-1
27768,[0.83625934 0.5902603 ],27,43,"[0.8274941202305067, 0.5998913364221842]",1,-1
27769,[0.92350008 0.56375754],27,-1,-1,1,-1
27770,[0.83991055 0.5454232 ],27,3,"[0.8068810957052946, 0.5180547120844742]",1,-1
27771,[0.80745935 0.51357836],27,3,"[0.8068810957052946, 0.5180547120844742]",1,-1
27772,[0.80219043 0.5516371 ],27,3,"[0.8068810957052946, 0.5180547120844742]",1,-1
27773,[0.72571414 0.57451046],27,11,"[0.7051682617613192, 0.574171671796882]",1,-1
27774,[0.85854105 0.52697404],27,3,"[0.8068810957052946, 0.5180547120844742]",1,-1
27775,[0.84801193 0.55315515],27,43,"[0.8274941202305067, 0.5998913364221842]",1,-1
27776,[0.7496692 0.4994532],27,32,"[0.7535856051996079, 0.45307884495298306]",1,-1
27777,[0.85992152 0.54233982],27,3,"[0.8068810957052946, 0.5180547120844742]",1,-1
27778,[0.78718149 0.5474541 ],27,3,"[0.8068810957052946, 0.5180547120844742]",1,-1
27779,[0.85913143 0.55162655],27,43,"[0.8274941202305067, 0.5998913364221842]",1,-1
27780,[0.77823954 0.57292982],27,43,"[0.8274941202305067, 0.5998913364221842]",1,-1
27781,[0.79287195 0.59240056],27,43,"[0.8274941202305067, 0.5998913364221842]",1,-1
27782,[0.81328681 0.46757678],27,3,"[0.8068810957052946, 0.5180547120844742]",1,-1
27783,[0.80870138 0.42831686],27,14,"[0.8486155699332081, 0.42850029565542425]",1,38
27784,[0.84216788 0.62183811],27,43,"[0.8274941202305067, 0.5998913364221842]",1,-1
27785,[0.90527191 0.53964484],27,-1,-1,1,-1
27786,[0.84347703 0.56266234],27,43,"[0.8274941202305067, 0.5998913364221842]",1,-1
27787,[0.800728   0.58745048],27,43,"[0.8274941202305067, 0.5998913364221842]",1,-1
27788,[0.73005647 0.50958004],27,32,"[0.7535856051996079, 0.45307884495298306]",1,-1
27789,[0.84702168 0.54665429],27,3,"[0.8068810957052946, 0.5180547120844742]",1,-1
27790,[0.81317624 0.50982303],27,3,"[0.8068810957052946, 0.5180547120844742]",1,44
27791,[0.76877141 0.5605289 ],27,3,"[0.8068810957052946, 0.5180547120844742]",1,-1
27792,[0.93098441 0.61763385],27,-1,-1,-1,-1
27793,[0.83780878 0.49658187],27,3,"[0.8068810957052946, 0.5180547120844742]",1,-1
27794,[0.85727834 0.65048775],27,43,"[0.8274941202305067, 0.5998913364221842]",1,-1
27795,[0.81806108 0.53356654],27,3,"[0.8068810957052946, 0.5180547120844742]",1,-1
27796,[0.77894872 0.50253019],27,3,"[0.8068810957052946, 0.5180547120844742]",1,-1
27797,[0.86994206 0.53627285],27,3,"[0.8068810957052946, 0.5180547120844742]",1,-1
27798,[0.79274839 0.60964235],27,43,"[0.8274941202305067, 0.5998913364221842]",1,-1
27799,[0.8443448  0.56290397],27,43,"[0.8274941202305067, 0.5998913364221842]",1,-1
27800,[0.72271207 0.57459271],27,11,"[0.7051682617613192, 0.574171671796882]",1,-1
27801,[0.76238373 0.52878777],27,3,"[0.8068810957052946, 0.5180547120844742]",1,-1
27802,[0.85813448 0.55590032],27,43,"[0.8274941202305067, 0.5998913364221842]",1,-1
27803,[0.84718671 0.59917007],27,43,"[0.8274941202305067, 0.5998913364221842]",1,-1
27804,[0.85566471 0.52043462],27,3,"[0.8068810957052946, 0.5180547120844742]",1,-1
27805,[0.75517118 0.56533051],27,11,"[0.7051682617613192, 0.574171671796882]",1,20
27806,[0.71507513 0.57528965],27,11,"[0.7051682617613192, 0.574171671796882]",1,-1
27807,[0.78225842 0.5468006 ],27,3,"[0.8068810957052946, 0.5180547120844742]",1,-1
27808,[0.9044235  0.56085266],27,-1,-1,1,-1
27809,[0.85110091 0.53746785],27,3,"[0.8068810957052946, 0.5180547120844742]",1,-1
27810,[0.80807359 0.49026117],27,3,"[0.8068810957052946, 0.5180547120844742]",1,-1
27811,[0.76728809 0.55110052],27,3,"[0.8068810957052946, 0.5180547120844742]",1,-1
27812,[0.78124013 0.57247007],27,43,"[0.8274941202305067, 0.5998913364221842]",1,-1
27813,[0.79394275 0.4865188 ],27,3,"[0.8068810957052946, 0.5180547120844742]",1,45
27814,[0.73691213 0.5631187 ],27,11,"[0.7051682617613192, 0.574171671796882]",1,-1
27815,[0.85085641 0.55216393],27,43,"[0.8274941202305067, 0.5998913364221842]",1,-1
27816,[0.83124716 0.53107444],27,3,"[0.8068810957052946, 0.5180547120844742]",1,-1
27817,[0.8565491  0.53596047],27,3,"[0.8068810957052946, 0.5180547120844742]",1,-1
27818,[0.89638794 0.57829199],27,-1,-1,1,-1
27819,[0.80502549 0.55262767],27,3,"[0.8068810957052946, 0.5180547120844742]",1,-1
27820,[0.7516227 0.5620913],27,11,"[0.7051682617613192, 0.574171671796882]",1,20
27821,[0.76715035 0.5658887 ],27,3,"[0.8068810957052946, 0.5180547120844742]",1,20
27822,[0.76271903 0.63089002],27,-1,-1,1,-1
27823,[0.80907465 0.50033877],27,3,"[0.8068810957052946, 0.5180547120844742]",1,-1
27824,[0.85885813 0.50680195],27,3,"[0.8068810957052946, 0.5180547120844742]",1,-1
27825,[0.76565136 0.53368065],27,3,"[0.8068810957052946, 0.5180547120844742]",1,-1
27826,[0.76899505 0.49558706],27,3,"[0.8068810957052946, 0.5180547120844742]",1,-1
27827,[0.79115015 0.52693142],27,3,"[0.8068810957052946, 0.5180547120844742]",1,-1
27828,[0.87530553 0.57147661],27,43,"[0.8274941202305067, 0.5998913364221842]",1,-1
27829,[0.83956766 0.53617119],27,3,"[0.8068810957052946, 0.5180547120844742]",1,-1
27830,[0.85248287 0.55178906],27,43,"[0.8274941202305067, 0.5998913364221842]",1,-1
27831,[0.78383483 0.57499092],27,43,"[0.8274941202305067, 0.5998913364221842]",1,-1
27832,[0.78037256 0.51484904],27,3,"[0.8068810957052946, 0.5180547120844742]",1,41
27833,[0.89611997 0.58598288],27,-1,-1,1,-1
27834,[0.77250347 0.62993378],27,43,"[0.8274941202305067, 0.5998913364221842]",1,-1
27835,[0.85459827 0.48795705],27,3,"[0.8068810957052946, 0.5180547120844742]",1,-1
27836,[0.75280259 0.62468295],27,11,"[0.7051682617613192, 0.574171671796882]",1,-1
27837,[0.77491483 0.60960183],27,43,"[0.8274941202305067, 0.5998913364221842]",1,-1
27838,[0.77783045 0.54070663],27,3,"[0.8068810957052946, 0.5180547120844742]",1,41
27839,[0.82968613 0.60182124],27,43,"[0.8274941202305067, 0.5998913364221842]",1,-1
27840,[0.79033891 0.5214907 ],27,3,"[0.8068810957052946, 0.5180547120844742]",1,-1
27841,[0.85844081 0.5120081 ],27,3,"[0.8068810957052946, 0.5180547120844742]",1,-1
27842,[0.73983612 0.49300163],27,32,"[0.7535856051996079, 0.45307884495298306]",1,-1
27843,[0.81259964 0.56563282],27,43,"[0.8274941202305067, 0.5998913364221842]",1,-1
27844,[0.77609855 0.53360811],27,3,"[0.8068810957052946, 0.5180547120844742]",1,41
27845,[0.83012591 0.53822078],27,3,"[0.8068810957052946, 0.5180547120844742]",1,-1
27846,[0.79738346 0.58771972],27,43,"[0.8274941202305067, 0.5998913364221842]",1,-1
27847,[0.93693724 0.6144132 ],27,-1,-1,-1,-1
27848,[0.75954164 0.55010495],27,3,"[0.8068810957052946, 0.5180547120844742]",1,20
27849,[0.85001621 0.56216559],27,43,"[0.8274941202305067, 0.5998913364221842]",1,-1
27850,[0.78447419 0.57865926],27,43,"[0.8274941202305067, 0.5998913364221842]",1,-1
27851,[0.85684321 0.57562485],27,43,"[0.8274941202305067, 0.5998913364221842]",1,-1
27852,[0.87395334 0.51161212],27,3,"[0.8068810957052946, 0.5180547120844742]",1,-1
27853,[0.84986545 0.62530116],27,43,"[0.8274941202305067, 0.5998913364221842]",1,-1
27854,[0.80960975 0.53918238],27,3,"[0.8068810957052946, 0.5180547120844742]",1,-1
27855,[0.77279693 0.58636568],27,43,"[0.8274941202305067, 0.5998913364221842]",1,-1
27856,[0.79084796 0.51885853],27,3,"[0.8068810957052946, 0.5180547120844742]",1,-1
27857,[0.78781219 0.58131613],27,43,"[0.8274941202305067, 0.5998913364221842]",1,-1
27858,[0.74089067 0.51845244],27,3,"[0.8068810957052946, 0.5180547120844742]",1,-1
27859,[0.90720108 0.5358862 ],27,-1,-1,1,-1
27860,[0.89513158 0.6502719 ],27,-1,-1,-1,-1
27861,[0.81982057 0.55995074],27,43,"[0.8274941202305067, 0.5998913364221842]",1,-1
27862,[0.82230278 0.60281814],27,43,"[0.8274941202305067, 0.5998913364221842]",1,-1
27863,[0.78742135 0.54147304],27,3,"[0.8068810957052946, 0.5180547120844742]",1,-1
27864,[0.85737128 0.62273102],27,43,"[0.8274941202305067, 0.5998913364221842]",1,-1
27865,[0.81904567 0.55806806],27,3,"[0.8068810957052946, 0.5180547120844742]",1,-1
27866,[0.8213269  0.58484719],27,43,"[0.8274941202305067, 0.5998913364221842]",1,-1
27867,[0.73124472 0.54573541],27,11,"[0.7051682617613192, 0.574171671796882]",1,-1
27868,[0.75049488 0.50562385],27,32,"[0.7535856051996079, 0.45307884495298306]",1,41
27869,[0.81415671 0.56904473],27,43,"[0.8274941202305067, 0.5998913364221842]",1,-1
27870,[0.83328856 0.64566865],27,43,"[0.8274941202305067, 0.5998913364221842]",1,-1
27871,[0.74588525 0.55887618],27,11,"[0.7051682617613192, 0.574171671796882]",1,-1
27872,[0.81069555 0.61273922],27,43,"[0.8274941202305067, 0.5998913364221842]",1,-1
27873,[0.88357416 0.49797418],27,-1,-1,1,-1
27874,[0.71460846 0.59131928],27,11,"[0.7051682617613192, 0.574171671796882]",1,-1
27875,[0.88653024 0.48060415],27,14,"[0.8486155699332081, 0.42850029565542425]",1,-1
27876,[0.81165875 0.58954574],27,43,"[0.8274941202305067, 0.5998913364221842]",1,-1
27877,[0.76279815 0.58360084],27,11,"[0.7051682617613192, 0.574171671796882]",1,-1
27878,[0.77550063 0.60162966],27,43,"[0.8274941202305067, 0.5998913364221842]",1,-1
27879,[0.79899718 0.5024492 ],27,3,"[0.8068810957052946, 0.5180547120844742]",1,44
27880,[0.86156426 0.49966897],27,3,"[0.8068810957052946, 0.5180547120844742]",1,-1
27881,[0.88257208 0.57486839],27,43,"[0.8274941202305067, 0.5998913364221842]",1,-1
27882,[0.85552894 0.51658267],27,3,"[0.8068810957052946, 0.5180547120844742]",1,-1
27883,[0.90267295 0.51307365],27,-1,-1,1,-1
27884,[0.82330416 0.65947254],27,43,"[0.8274941202305067, 0.5998913364221842]",1,-1
27885,[0.72875567 0.49366751],27,32,"[0.7535856051996079, 0.45307884495298306]",1,-1
27886,[0.82413383 0.56721859],27,43,"[0.8274941202305067, 0.5998913364221842]",1,-1
27887,[0.8281658 0.5122776],27,3,"[0.8068810957052946, 0.5180547120844742]",1,-1
27888,[0.77362008 0.60067459],27,43,"[0.8274941202305067, 0.5998913364221842]",1,-1
27889,[0.79828939 0.55250322],27,3,"[0.8068810957052946, 0.5180547120844742]",1,-1
27890,[0.85008851 0.46480935],27,14,"[0.8486155699332081, 0.42850029565542425]",1,-1
27891,[0.84583591 0.60361511],27,43,"[0.8274941202305067, 0.5998913364221842]",1,-1
27892,[0.80791547 0.50480317],27,3,"[0.8068810957052946, 0.5180547120844742]",1,44
27893,[0.84396194 0.6236702 ],27,43,"[0.8274941202305067, 0.5998913364221842]",1,-1
27894,[0.83587783 0.53490738],27,3,"[0.8068810957052946, 0.5180547120844742]",1,-1
27895,[0.90710771 0.61409568],27,-1,-1,1,-1
27896,[0.8631243 0.4960888],27,3,"[0.8068810957052946, 0.5180547120844742]",1,-1
27897,[0.86579943 0.52148925],27,3,"[0.8068810957052946, 0.5180547120844742]",1,-1
27898,[0.80369065 0.60109865],27,43,"[0.8274941202305067, 0.5998913364221842]",1,-1
27899,[0.85774522 0.67671835],27,-1,-1,1,-1
27900,[0.87366533 0.5635129 ],27,43,"[0.8274941202305067, 0.5998913364221842]",1,-1
27901,[0.8040102  0.54080773],27,3,"[0.8068810957052946, 0.5180547120844742]",1,-1
27902,[0.88879528 0.61514319],27,43,"[0.8274941202305067, 0.5998913364221842]",1,-1
27903,[0.848182  0.5705957],27,43,"[0.8274941202305067, 0.5998913364221842]",1,-1
27904,[0.86717105 0.61925956],27,43,"[0.8274941202305067, 0.5998913364221842]",1,-1
27905,[0.80595962 0.61071094],27,43,"[0.8274941202305067, 0.5998913364221842]",1,-1
27906,[0.82016902 0.5463195 ],27,3,"[0.8068810957052946, 0.5180547120844742]",1,-1
27907,[0.83524406 0.57473478],27,43,"[0.8274941202305067, 0.5998913364221842]",1,-1
27908,[0.84757498 0.5859856 ],27,43,"[0.8274941202305067, 0.5998913364221842]",1,-1
27909,[0.7988412  0.51757823],27,3,"[0.8068810957052946, 0.5180547120844742]",1,-1
27910,[0.78612462 0.47477991],27,32,"[0.7535856051996079, 0.45307884495298306]",1,-1
27911,[0.80648578 0.60038617],27,43,"[0.8274941202305067, 0.5998913364221842]",1,-1
27912,[0.82971662 0.54397283],27,3,"[0.8068810957052946, 0.5180547120844742]",1,-1
27913,[0.77321512 0.5830567 ],27,43,"[0.8274941202305067, 0.5998913364221842]",1,-1
27914,[0.79208844 0.65545363],27,43,"[0.8274941202305067, 0.5998913364221842]",1,-1
27915,[0.81839368 0.48696191],27,3,"[0.8068810957052946, 0.5180547120844742]",1,-1
27916,[0.82611662 0.59545743],27,43,"[0.8274941202305067, 0.5998913364221842]",1,-1
27917,[0.79043718 0.59912217],27,43,"[0.8274941202305067, 0.5998913364221842]",1,-1
27918,[0.85580899 0.5270389 ],27,3,"[0.8068810957052946, 0.5180547120844742]",1,-1
27919,[0.79670656 0.65653385],27,43,"[0.8274941202305067, 0.5998913364221842]",1,-1
27920,[0.82571489 0.68390693],27,-1,-1,1,-1
27921,[0.92887424 0.3529791 ],27,-1,-1,-1,-1
27922,[0.84541253 0.58962852],27,43,"[0.8274941202305067, 0.5998913364221842]",1,-1
27923,[0.83628703 0.52769978],27,3,"[0.8068810957052946, 0.5180547120844742]",1,-1
27924,[0.71561428 0.56088858],27,11,"[0.7051682617613192, 0.574171671796882]",1,-1
27925,[0.77278741 0.52555014],27,3,"[0.8068810957052946, 0.5180547120844742]",1,-1
27926,[0.72619377 0.51818505],27,11,"[0.7051682617613192, 0.574171671796882]",1,-1
27927,[0.75988344 0.54111276],27,3,"[0.8068810957052946, 0.5180547120844742]",1,-1
27928,[0.83034605 0.60187479],27,43,"[0.8274941202305067, 0.5998913364221842]",1,-1
27929,[0.82115297 0.63414413],27,43,"[0.8274941202305067, 0.5998913364221842]",1,-1
27930,[0.76765303 0.554289  ],27,3,"[0.8068810957052946, 0.5180547120844742]",1,-1
27931,[0.8105413  0.59965305],27,43,"[0.8274941202305067, 0.5998913364221842]",1,-1
27932,[0.82012273 0.52902201],27,3,"[0.8068810957052946, 0.5180547120844742]",1,-1
27933,[0.82694943 0.55783242],27,43,"[0.8274941202305067, 0.5998913364221842]",1,-1
27934,[0.77412637 0.62063514],27,43,"[0.8274941202305067, 0.5998913364221842]",1,-1
27935,[0.76163487 0.54754641],27,3,"[0.8068810957052946, 0.5180547120844742]",1,-1
27936,[0.8471065  0.49857676],27,3,"[0.8068810957052946, 0.5180547120844742]",1,-1
27937,[0.84443572 0.57907202],27,43,"[0.8274941202305067, 0.5998913364221842]",1,-1
27938,[0.90914219 0.58924837],27,-1,-1,1,-1
27939,[0.83565997 0.60205922],27,43,"[0.8274941202305067, 0.5998913364221842]",1,-1
27940,[0.69697435 0.57730509],27,11,"[0.7051682617613192, 0.574171671796882]",1,-1
27941,[0.78057424 0.51289939],27,3,"[0.8068810957052946, 0.5180547120844742]",1,41
27942,[0.82001979 0.51010833],27,3,"[0.8068810957052946, 0.5180547120844742]",1,-1
27943,[0.76504404 0.50101627],27,3,"[0.8068810957052946, 0.5180547120844742]",1,-1
27944,[0.74010659 0.50123659],27,32,"[0.7535856051996079, 0.45307884495298306]",1,-1
27945,[0.72812975 0.63050494],27,11,"[0.7051682617613192, 0.574171671796882]",1,-1
27946,[0.82785584 0.51315158],27,3,"[0.8068810957052946, 0.5180547120844742]",1,-1
27947,[0.83917989 0.55493613],27,43,"[0.8274941202305067, 0.5998913364221842]",1,-1
27948,[0.79311314 0.49735494],27,3,"[0.8068810957052946, 0.5180547120844742]",1,-1
27949,[0.80958697 0.41360402],27,14,"[0.8486155699332081, 0.42850029565542425]",1,-1
27950,[0.85352341 0.49885672],27,3,"[0.8068810957052946, 0.5180547120844742]",1,-1
27951,[0.87047387 0.56659367],27,43,"[0.8274941202305067, 0.5998913364221842]",1,-1
27952,[0.78061704 0.48576655],27,3,"[0.8068810957052946, 0.5180547120844742]",1,45
27953,[0.85582304 0.62526216],27,43,"[0.8274941202305067, 0.5998913364221842]",1,-1
27954,[0.85741581 0.66204164],27,43,"[0.8274941202305067, 0.5998913364221842]",1,-1
27955,[0.81134883 0.50879851],27,3,"[0.8068810957052946, 0.5180547120844742]",1,44
27956,[0.82303472 0.55537136],27,3,"[0.8068810957052946, 0.5180547120844742]",1,-1
27957,[0.71458765 0.52770425],27,11,"[0.7051682617613192, 0.574171671796882]",1,33
27958,[0.74278663 0.59606526],27,11,"[0.7051682617613192, 0.574171671796882]",1,-1
27959,[0.83146403 0.57077235],27,43,"[0.8274941202305067, 0.5998913364221842]",1,-1
27960,[0.82420158 0.47998769],27,3,"[0.8068810957052946, 0.5180547120844742]",1,42
27961,[0.87896809 0.58556754],27,43,"[0.8274941202305067, 0.5998913364221842]",1,-1
27962,[0.83956071 0.55092708],27,3,"[0.8068810957052946, 0.5180547120844742]",1,-1
27963,[0.81608395 0.59277276],27,43,"[0.8274941202305067, 0.5998913364221842]",1,-1
27964,[0.7879843  0.53227635],27,3,"[0.8068810957052946, 0.5180547120844742]",1,41
27965,[0.79364276 0.58091234],27,43,"[0.8274941202305067, 0.5998913364221842]",1,-1
27966,[0.80841292 0.51797537],27,3,"[0.8068810957052946, 0.5180547120844742]",1,-1
27967,[0.79365474 0.54853314],27,3,"[0.8068810957052946, 0.5180547120844742]",1,-1
27968,[0.80671143 0.60672763],27,43,"[0.8274941202305067, 0.5998913364221842]",1,-1
27969,[0.7314065  0.53887036],27,11,"[0.7051682617613192, 0.574171671796882]",1,-1
27970,[0.79742879 0.50073293],27,3,"[0.8068810957052946, 0.5180547120844742]",1,44
27971,[0.78433087 0.53924018],27,3,"[0.8068810957052946, 0.5180547120844742]",1,41
27972,[0.84748056 0.56336571],27,43,"[0.8274941202305067, 0.5998913364221842]",1,-1
27973,[0.84576223 0.59673548],27,43,"[0.8274941202305067, 0.5998913364221842]",1,-1
27974,[0.63856445 0.51255587],27,10,"[0.6101257152780476, 0.5394800330734051]",1,-1
27975,[0.84637932 0.58610099],27,43,"[0.8274941202305067, 0.5998913364221842]",1,-1
27976,[0.81116831 0.60776671],27,43,"[0.8274941202305067, 0.5998913364221842]",1,-1
27977,[0.76729731 0.56524678],27,3,"[0.8068810957052946, 0.5180547120844742]",1,-1
27978,[0.8334804  0.50093405],27,3,"[0.8068810957052946, 0.5180547120844742]",1,-1
27979,[0.75993263 0.54296554],27,3,"[0.8068810957052946, 0.5180547120844742]",1,-1
27980,[0.76783102 0.66063868],27,-1,-1,1,-1
27981,[0.8435397  0.59083771],27,43,"[0.8274941202305067, 0.5998913364221842]",1,-1
27982,[0.80326658 0.56010466],27,3,"[0.8068810957052946, 0.5180547120844742]",1,-1
27983,[0.90436136 0.49204282],27,-1,-1,1,-1
27984,[0.68149606 0.48289355],27,26,"[0.6734889003123068, 0.4756404454441684]",1,-1
27985,[0.71362109 0.53613869],27,11,"[0.7051682617613192, 0.574171671796882]",1,-1
27986,[0.80277522 0.55495909],27,3,"[0.8068810957052946, 0.5180547120844742]",1,-1
27987,[0.85747954 0.5507433 ],27,43,"[0.8274941202305067, 0.5998913364221842]",1,-1
27988,[0.83445729 0.59028937],27,43,"[0.8274941202305067, 0.5998913364221842]",1,-1
27989,[0.75646583 0.52232916],27,3,"[0.8068810957052946, 0.5180547120844742]",1,-1
27990,[0.75921267 0.5673187 ],27,11,"[0.7051682617613192, 0.574171671796882]",1,20
27991,[0.87174328 0.58519572],27,43,"[0.8274941202305067, 0.5998913364221842]",1,-1
27992,[0.86088708 0.62459954],27,43,"[0.8274941202305067, 0.5998913364221842]",1,-1
27993,[0.78956228 0.53875051],27,3,"[0.8068810957052946, 0.5180547120844742]",1,41
27994,[0.79239496 0.63055608],27,43,"[0.8274941202305067, 0.5998913364221842]",1,-1
27995,[0.79560522 0.60664272],27,43,"[0.8274941202305067, 0.5998913364221842]",1,-1
27996,[0.8443039  0.51428412],27,3,"[0.8068810957052946, 0.5180547120844742]",1,-1
27997,[0.8408936  0.49466174],27,3,"[0.8068810957052946, 0.5180547120844742]",1,-1
27998,[0.7649155  0.53650214],27,3,"[0.8068810957052946, 0.5180547120844742]",1,-1
27999,[0.77313421 0.57870484],27,43,"[0.8274941202305067, 0.5998913364221842]",1,-1
28000,[0.71995233 0.45506394],28,32,"[0.7535856051996079, 0.45307884495298306]",1,-1
28001,[0.70282006 0.56835818],28,11,"[0.7051682617613192, 0.574171671796882]",1,-1
28002,[0.84086634 0.52169305],28,3,"[0.8068810957052946, 0.5180547120844742]",1,-1
28003,[0.77758791 0.57404553],28,43,"[0.8274941202305067, 0.5998913364221842]",1,-1
28004,[0.73855239 0.53349293],28,11,"[0.7051682617613192, 0.574171671796882]",1,-1
28005,[0.85978906 0.55797853],28,43,"[0.8274941202305067, 0.5998913364221842]",1,-1
28006,[0.69683213 0.52606458],28,11,"[0.7051682617613192, 0.574171671796882]",1,-1
28007,[0.74221108 0.44666445],28,32,"[0.7535856051996079, 0.45307884495298306]",1,-1
28008,[0.80173616 0.51550092],28,3,"[0.8068810957052946, 0.5180547120844742]",1,-1
28009,[0.78350838 0.61158167],28,43,"[0.8274941202305067, 0.5998913364221842]",1,-1
28010,[0.79734866 0.51231662],28,3,"[0.8068810957052946, 0.5180547120844742]",1,-1
28011,[0.71397584 0.58838153],28,11,"[0.7051682617613192, 0.574171671796882]",1,-1
28012,[0.79548366 0.53147871],28,3,"[0.8068810957052946, 0.5180547120844742]",1,-1
28013,[0.74972811 0.56346071],28,11,"[0.7051682617613192, 0.574171671796882]",1,20
28014,[0.73601018 0.58458034],28,11,"[0.7051682617613192, 0.574171671796882]",1,-1
28015,[0.70375359 0.65073303],28,-1,-1,1,-1
28016,[0.77771608 0.47478605],28,32,"[0.7535856051996079, 0.45307884495298306]",1,-1
28017,[0.7453888 0.5268892],28,11,"[0.7051682617613192, 0.574171671796882]",1,-1
28018,[0.7676109 0.4968096],28,3,"[0.8068810957052946, 0.5180547120844742]",1,-1
28019,[0.83188941 0.51489395],28,3,"[0.8068810957052946, 0.5180547120844742]",1,-1
28020,[0.79605986 0.46697415],28,32,"[0.7535856051996079, 0.45307884495298306]",1,-1
28021,[0.73836316 0.50786107],28,32,"[0.7535856051996079, 0.45307884495298306]",1,-1
28022,[0.65655425 0.5172697 ],28,26,"[0.6734889003123068, 0.4756404454441684]",1,-1
28023,[0.75223615 0.4771183 ],28,32,"[0.7535856051996079, 0.45307884495298306]",1,-1
28024,[0.77680492 0.60503477],28,43,"[0.8274941202305067, 0.5998913364221842]",1,-1
28025,[0.79854012 0.53016008],28,3,"[0.8068810957052946, 0.5180547120844742]",1,-1
28026,[0.74320932 0.48129113],28,32,"[0.7535856051996079, 0.45307884495298306]",1,43
28027,[0.77264603 0.52601238],28,3,"[0.8068810957052946, 0.5180547120844742]",1,-1
28028,[0.76248929 0.46813197],28,32,"[0.7535856051996079, 0.45307884495298306]",1,-1
28029,[0.75450136 0.45202068],28,32,"[0.7535856051996079, 0.45307884495298306]",1,-1
28030,[0.7644216  0.47191381],28,32,"[0.7535856051996079, 0.45307884495298306]",1,-1
28031,[0.68629668 0.50708196],28,26,"[0.6734889003123068, 0.4756404454441684]",1,-1
28032,[0.70714662 0.56051452],28,11,"[0.7051682617613192, 0.574171671796882]",1,-1
28033,[0.69253095 0.50599456],28,26,"[0.6734889003123068, 0.4756404454441684]",1,-1
28034,[0.83218807 0.55963162],28,43,"[0.8274941202305067, 0.5998913364221842]",1,-1
28035,[0.68615514 0.52813709],28,11,"[0.7051682617613192, 0.574171671796882]",1,-1
28036,[0.77721947 0.45206069],28,32,"[0.7535856051996079, 0.45307884495298306]",1,-1
28037,[0.79687891 0.5085039 ],28,3,"[0.8068810957052946, 0.5180547120844742]",1,-1
28038,[0.74377535 0.50036412],28,32,"[0.7535856051996079, 0.45307884495298306]",1,-1
28039,[0.8561098  0.56531857],28,43,"[0.8274941202305067, 0.5998913364221842]",1,-1
28040,[0.80866913 0.52013834],28,3,"[0.8068810957052946, 0.5180547120844742]",1,-1
28041,[0.74882214 0.44622892],28,32,"[0.7535856051996079, 0.45307884495298306]",1,-1
28042,[0.63335724 0.60922592],28,9,"[0.5945682323783136, 0.6193254997600653]",1,-1
28043,[0.72450681 0.43322544],28,32,"[0.7535856051996079, 0.45307884495298306]",1,-1
28044,[0.79368835 0.49808006],28,3,"[0.8068810957052946, 0.5180547120844742]",1,44
28045,[0.80729503 0.52541847],28,3,"[0.8068810957052946, 0.5180547120844742]",1,-1
28046,[0.75524328 0.50887241],28,3,"[0.8068810957052946, 0.5180547120844742]",1,41
28047,[0.81408003 0.57211076],28,43,"[0.8274941202305067, 0.5998913364221842]",1,-1
28048,[0.80934506 0.51452727],28,3,"[0.8068810957052946, 0.5180547120844742]",1,-1
28049,[0.85019145 0.51020163],28,3,"[0.8068810957052946, 0.5180547120844742]",1,-1
28050,[0.77556017 0.48188453],28,32,"[0.7535856051996079, 0.45307884495298306]",1,-1
28051,[0.70620231 0.58062481],28,11,"[0.7051682617613192, 0.574171671796882]",1,-1
28052,[0.79428795 0.44196074],28,32,"[0.7535856051996079, 0.45307884495298306]",1,-1
28053,[0.73001308 0.52447508],28,11,"[0.7051682617613192, 0.574171671796882]",1,-1
28054,[0.72847019 0.44303488],28,32,"[0.7535856051996079, 0.45307884495298306]",1,54
28055,[0.66831193 0.49560486],28,26,"[0.6734889003123068, 0.4756404454441684]",1,-1
28056,[0.91176795 0.50199004],28,-1,-1,1,-1
28057,[0.74683619 0.50309393],28,32,"[0.7535856051996079, 0.45307884495298306]",1,41
28058,[0.78869109 0.53875568],28,3,"[0.8068810957052946, 0.5180547120844742]",1,-1
28059,[0.69631376 0.50571932],28,26,"[0.6734889003123068, 0.4756404454441684]",1,-1
28060,[0.75429706 0.50575747],28,32,"[0.7535856051996079, 0.45307884495298306]",1,41
28061,[0.74187956 0.48806294],28,32,"[0.7535856051996079, 0.45307884495298306]",1,43
28062,[0.83364566 0.4710263 ],28,14,"[0.8486155699332081, 0.42850029565542425]",1,-1
28063,[0.79373562 0.48598271],28,3,"[0.8068810957052946, 0.5180547120844742]",1,-1
28064,[0.74260219 0.51447456],28,32,"[0.7535856051996079, 0.45307884495298306]",1,-1
28065,[0.80910095 0.54000132],28,3,"[0.8068810957052946, 0.5180547120844742]",1,-1
28066,[0.71031472 0.54510163],28,11,"[0.7051682617613192, 0.574171671796882]",1,-1
28067,[0.72892321 0.54380988],28,11,"[0.7051682617613192, 0.574171671796882]",1,-1
28068,[0.87392127 0.54036447],28,-1,-1,1,-1
28069,[0.75912624 0.48524912],28,32,"[0.7535856051996079, 0.45307884495298306]",1,-1
28070,[0.76232556 0.45045672],28,32,"[0.7535856051996079, 0.45307884495298306]",1,-1
28071,[0.73206957 0.47730696],28,32,"[0.7535856051996079, 0.45307884495298306]",1,-1
28072,[0.70302755 0.5569416 ],28,11,"[0.7051682617613192, 0.574171671796882]",1,-1
28073,[0.87672885 0.44795513],28,14,"[0.8486155699332081, 0.42850029565542425]",1,-1
28074,[0.66353053 0.53223147],28,10,"[0.6101257152780476, 0.5394800330734051]",1,-1
28075,[0.79396109 0.63743452],28,43,"[0.8274941202305067, 0.5998913364221842]",1,-1
28076,[0.72492358 0.41265068],28,30,"[0.6934973256581222, 0.4131681772802667]",1,-1
28077,[0.81773924 0.47404061],28,3,"[0.8068810957052946, 0.5180547120844742]",1,42
28078,[0.7451685  0.56588546],28,11,"[0.7051682617613192, 0.574171671796882]",1,20
28079,[0.79053288 0.57561268],28,43,"[0.8274941202305067, 0.5998913364221842]",1,-1
28080,[0.6874677  0.59965352],28,11,"[0.7051682617613192, 0.574171671796882]",1,-1
28081,[0.72358416 0.57734883],28,11,"[0.7051682617613192, 0.574171671796882]",1,-1
28082,[0.75225674 0.44696755],28,32,"[0.7535856051996079, 0.45307884495298306]",1,-1
28083,[0.78819544 0.50739072],28,3,"[0.8068810957052946, 0.5180547120844742]",1,-1
28084,[0.7986026  0.52263261],28,3,"[0.8068810957052946, 0.5180547120844742]",1,-1
28085,[0.76599329 0.50810325],28,3,"[0.8068810957052946, 0.5180547120844742]",1,41
28086,[0.77847769 0.53627445],28,3,"[0.8068810957052946, 0.5180547120844742]",1,41
28087,[0.78483589 0.52798059],28,3,"[0.8068810957052946, 0.5180547120844742]",1,41
28088,[0.76733732 0.52217862],28,3,"[0.8068810957052946, 0.5180547120844742]",1,-1
28089,[0.73029995 0.55633585],28,11,"[0.7051682617613192, 0.574171671796882]",1,-1
28090,[0.72846524 0.53339195],28,11,"[0.7051682617613192, 0.574171671796882]",1,-1
28091,[0.84056809 0.51489599],28,3,"[0.8068810957052946, 0.5180547120844742]",1,-1
28092,[0.69415921 0.4896653 ],28,26,"[0.6734889003123068, 0.4756404454441684]",1,-1
28093,[0.77427935 0.53271293],28,3,"[0.8068810957052946, 0.5180547120844742]",1,41
28094,[0.70077538 0.57974437],28,11,"[0.7051682617613192, 0.574171671796882]",1,-1
28095,[0.77619745 0.53324687],28,3,"[0.8068810957052946, 0.5180547120844742]",1,41
28096,[0.73299411 0.58299477],28,11,"[0.7051682617613192, 0.574171671796882]",1,-1
28097,[0.75871112 0.64872709],28,-1,-1,1,-1
28098,[0.84082616 0.57110415],28,43,"[0.8274941202305067, 0.5998913364221842]",1,-1
28099,[0.75810613 0.5397109 ],28,3,"[0.8068810957052946, 0.5180547120844742]",1,-1
28100,[0.82798899 0.5223345 ],28,3,"[0.8068810957052946, 0.5180547120844742]",1,-1
28101,[0.84710159 0.4613989 ],28,14,"[0.8486155699332081, 0.42850029565542425]",1,-1
28102,[0.80355229 0.54301312],28,3,"[0.8068810957052946, 0.5180547120844742]",1,-1
28103,[0.80795437 0.48409941],28,3,"[0.8068810957052946, 0.5180547120844742]",1,-1
28104,[0.77994988 0.53854444],28,3,"[0.8068810957052946, 0.5180547120844742]",1,41
28105,[0.82871125 0.50592797],28,3,"[0.8068810957052946, 0.5180547120844742]",1,-1
28106,[0.74739774 0.52372241],28,3,"[0.8068810957052946, 0.5180547120844742]",1,-1
28107,[0.79880051 0.55703683],28,3,"[0.8068810957052946, 0.5180547120844742]",1,-1
28108,[0.718588   0.51785338],28,11,"[0.7051682617613192, 0.574171671796882]",1,33
28109,[0.76029379 0.57023954],28,11,"[0.7051682617613192, 0.574171671796882]",1,-1
28110,[0.73841693 0.49759733],28,32,"[0.7535856051996079, 0.45307884495298306]",1,-1
28111,[0.82580456 0.513296  ],28,3,"[0.8068810957052946, 0.5180547120844742]",1,-1
28112,[0.7798584  0.50780689],28,3,"[0.8068810957052946, 0.5180547120844742]",1,-1
28113,[0.74106217 0.41636246],28,32,"[0.7535856051996079, 0.45307884495298306]",1,54
28114,[0.84641588 0.38264782],28,14,"[0.8486155699332081, 0.42850029565542425]",1,-1
28115,[0.71711816 0.50129327],28,26,"[0.6734889003123068, 0.4756404454441684]",1,-1
28116,[0.76130368 0.49415006],28,32,"[0.7535856051996079, 0.45307884495298306]",1,-1
28117,[0.79128996 0.56003892],28,3,"[0.8068810957052946, 0.5180547120844742]",1,-1
28118,[0.76041469 0.58917658],28,11,"[0.7051682617613192, 0.574171671796882]",1,-1
28119,[0.74710162 0.510212  ],28,32,"[0.7535856051996079, 0.45307884495298306]",1,41
28120,[0.69925505 0.45814385],28,26,"[0.6734889003123068, 0.4756404454441684]",1,-1
28121,[0.78242469 0.55493758],28,3,"[0.8068810957052946, 0.5180547120844742]",1,-1
28122,[0.76228001 0.46306999],28,32,"[0.7535856051996079, 0.45307884495298306]",1,-1
28123,[0.74549698 0.51538207],28,3,"[0.8068810957052946, 0.5180547120844742]",1,41
28124,[0.74077352 0.50250574],28,32,"[0.7535856051996079, 0.45307884495298306]",1,-1
28125,[0.77014814 0.47680369],28,32,"[0.7535856051996079, 0.45307884495298306]",1,-1
28126,[0.74828094 0.50613128],28,32,"[0.7535856051996079, 0.45307884495298306]",1,41
28127,[0.7678925  0.47774667],28,32,"[0.7535856051996079, 0.45307884495298306]",1,-1
28128,[0.65455189 0.47766022],28,26,"[0.6734889003123068, 0.4756404454441684]",1,-1
28129,[0.78894275 0.47239133],28,32,"[0.7535856051996079, 0.45307884495298306]",1,-1
28130,[0.8069556  0.55357392],28,3,"[0.8068810957052946, 0.5180547120844742]",1,-1
28131,[0.8173067  0.62821107],28,43,"[0.8274941202305067, 0.5998913364221842]",1,-1
28132,[0.76380647 0.53059625],28,3,"[0.8068810957052946, 0.5180547120844742]",1,-1
28133,[0.82700357 0.56037613],28,43,"[0.8274941202305067, 0.5998913364221842]",1,-1
28134,[0.71895469 0.42572924],28,30,"[0.6934973256581222, 0.4131681772802667]",1,-1
28135,[0.75737611 0.58556686],28,11,"[0.7051682617613192, 0.574171671796882]",1,-1
28136,[0.78954968 0.49906226],28,3,"[0.8068810957052946, 0.5180547120844742]",1,-1
28137,[0.74481644 0.57293052],28,11,"[0.7051682617613192, 0.574171671796882]",1,-1
28138,[0.71686697 0.52210178],28,11,"[0.7051682617613192, 0.574171671796882]",1,33
28139,[0.7509795  0.48629685],28,32,"[0.7535856051996079, 0.45307884495298306]",1,-1
28140,[0.75503918 0.46015349],28,32,"[0.7535856051996079, 0.45307884495298306]",1,-1
28141,[0.79478625 0.51748107],28,3,"[0.8068810957052946, 0.5180547120844742]",1,-1
28142,[0.86673762 0.56268756],28,43,"[0.8274941202305067, 0.5998913364221842]",1,-1
28143,[0.75328556 0.50388306],28,32,"[0.7535856051996079, 0.45307884495298306]",1,41
28144,[0.81216955 0.5554389 ],28,3,"[0.8068810957052946, 0.5180547120844742]",1,-1
28145,[0.74822034 0.4879213 ],28,32,"[0.7535856051996079, 0.45307884495298306]",1,43
28146,[0.70522964 0.51717681],28,26,"[0.6734889003123068, 0.4756404454441684]",1,-1
28147,[0.84126155 0.5068864 ],28,3,"[0.8068810957052946, 0.5180547120844742]",1,-1
28148,[0.85385183 0.58305162],28,43,"[0.8274941202305067, 0.5998913364221842]",1,-1
28149,[0.84418132 0.47615807],28,14,"[0.8486155699332081, 0.42850029565542425]",1,42
28150,[0.76261695 0.52685239],28,3,"[0.8068810957052946, 0.5180547120844742]",1,-1
28151,[0.72908367 0.53674783],28,11,"[0.7051682617613192, 0.574171671796882]",1,-1
28152,[0.77756445 0.58055097],28,43,"[0.8274941202305067, 0.5998913364221842]",1,-1
28153,[0.76201984 0.5123251 ],28,3,"[0.8068810957052946, 0.5180547120844742]",1,-1
28154,[0.80957558 0.63290206],28,43,"[0.8274941202305067, 0.5998913364221842]",1,-1
28155,[0.78347109 0.54556781],28,3,"[0.8068810957052946, 0.5180547120844742]",1,-1
28156,[0.6757958  0.57304633],28,11,"[0.7051682617613192, 0.574171671796882]",1,-1
28157,[0.80723296 0.62992371],28,43,"[0.8274941202305067, 0.5998913364221842]",1,-1
28158,[0.7792314  0.54052343],28,3,"[0.8068810957052946, 0.5180547120844742]",1,41
28159,[0.79463534 0.53908039],28,3,"[0.8068810957052946, 0.5180547120844742]",1,-1
28160,[0.73424417 0.52409533],28,11,"[0.7051682617613192, 0.574171671796882]",1,-1
28161,[0.84598313 0.40264109],28,14,"[0.8486155699332081, 0.42850029565542425]",1,-1
28162,[0.71142034 0.44600465],28,30,"[0.6934973256581222, 0.4131681772802667]",1,-1
28163,[0.73200546 0.47160378],28,32,"[0.7535856051996079, 0.45307884495298306]",1,-1
28164,[0.78160117 0.46183273],28,32,"[0.7535856051996079, 0.45307884495298306]",1,-1
28165,[0.83598773 0.4289014 ],28,14,"[0.8486155699332081, 0.42850029565542425]",1,-1
28166,[0.66231815 0.57346503],28,11,"[0.7051682617613192, 0.574171671796882]",1,-1
28167,[0.8039275  0.53441283],28,3,"[0.8068810957052946, 0.5180547120844742]",1,-1
28168,[0.72493091 0.53954677],28,11,"[0.7051682617613192, 0.574171671796882]",1,-1
28169,[0.67870659 0.52717573],28,26,"[0.6734889003123068, 0.4756404454441684]",1,-1
28170,[0.8290951  0.55049461],28,3,"[0.8068810957052946, 0.5180547120844742]",1,-1
28171,[0.7774838  0.46543658],28,32,"[0.7535856051996079, 0.45307884495298306]",1,45
28172,[0.79889937 0.55306256],28,3,"[0.8068810957052946, 0.5180547120844742]",1,-1
28173,[0.82497538 0.47510316],28,3,"[0.8068810957052946, 0.5180547120844742]",1,42
28174,[0.82781163 0.55910743],28,43,"[0.8274941202305067, 0.5998913364221842]",1,-1
28175,[0.67007859 0.46363365],28,26,"[0.6734889003123068, 0.4756404454441684]",1,-1
28176,[0.80314281 0.4779998 ],28,3,"[0.8068810957052946, 0.5180547120844742]",1,-1
28177,[0.84088279 0.57094973],28,43,"[0.8274941202305067, 0.5998913364221842]",1,-1
28178,[0.73591096 0.55742083],28,11,"[0.7051682617613192, 0.574171671796882]",1,-1
28179,[0.76653377 0.52418165],28,3,"[0.8068810957052946, 0.5180547120844742]",1,-1
28180,[0.75110834 0.50402386],28,32,"[0.7535856051996079, 0.45307884495298306]",1,41
28181,[0.78890554 0.48686766],28,3,"[0.8068810957052946, 0.5180547120844742]",1,-1
28182,[0.84619466 0.47014988],28,14,"[0.8486155699332081, 0.42850029565542425]",1,42
28183,[0.84058066 0.54870387],28,3,"[0.8068810957052946, 0.5180547120844742]",1,-1
28184,[0.74011085 0.51711594],28,32,"[0.7535856051996079, 0.45307884495298306]",1,-1
28185,[0.84543608 0.56168938],28,43,"[0.8274941202305067, 0.5998913364221842]",1,-1
28186,[0.75776152 0.48258532],28,32,"[0.7535856051996079, 0.45307884495298306]",1,-1
28187,[0.76186003 0.44937145],28,32,"[0.7535856051996079, 0.45307884495298306]",1,-1
28188,[0.73526994 0.51615526],28,11,"[0.7051682617613192, 0.574171671796882]",1,-1
28189,[0.68653333 0.48113412],28,26,"[0.6734889003123068, 0.4756404454441684]",1,39
28190,[0.74909845 0.52768214],28,3,"[0.8068810957052946, 0.5180547120844742]",1,-1
28191,[0.8288976  0.46518525],28,14,"[0.8486155699332081, 0.42850029565542425]",1,-1
28192,[0.81300761 0.54102501],28,3,"[0.8068810957052946, 0.5180547120844742]",1,-1
28193,[0.78913838 0.51805471],28,3,"[0.8068810957052946, 0.5180547120844742]",1,41
28194,[0.71551997 0.51779517],28,11,"[0.7051682617613192, 0.574171671796882]",1,33
28195,[0.76038333 0.55842627],28,11,"[0.7051682617613192, 0.574171671796882]",1,-1
28196,[0.71686607 0.53606143],28,11,"[0.7051682617613192, 0.574171671796882]",1,-1
28197,[0.75281956 0.63168159],28,-1,-1,1,-1
28198,[0.72968235 0.50843508],28,32,"[0.7535856051996079, 0.45307884495298306]",1,-1
28199,[0.86077675 0.55080489],28,43,"[0.8274941202305067, 0.5998913364221842]",1,-1
28200,[0.73067066 0.52144627],28,11,"[0.7051682617613192, 0.574171671796882]",1,-1
28201,[0.79163921 0.49595918],28,3,"[0.8068810957052946, 0.5180547120844742]",1,-1
28202,[0.82510431 0.48237279],28,3,"[0.8068810957052946, 0.5180547120844742]",1,-1
28203,[0.79743519 0.50520145],28,3,"[0.8068810957052946, 0.5180547120844742]",1,44
28204,[0.69988492 0.49889377],28,26,"[0.6734889003123068, 0.4756404454441684]",1,-1
28205,[0.77995144 0.45422082],28,32,"[0.7535856051996079, 0.45307884495298306]",1,-1
28206,[0.71342115 0.52640756],28,11,"[0.7051682617613192, 0.574171671796882]",1,33
28207,[0.82661631 0.41851251],28,14,"[0.8486155699332081, 0.42850029565542425]",1,-1
28208,[0.75792712 0.50631858],28,3,"[0.8068810957052946, 0.5180547120844742]",1,-1
28209,[0.73428586 0.52306732],28,11,"[0.7051682617613192, 0.574171671796882]",1,-1
28210,[0.77837456 0.43344185],28,32,"[0.7535856051996079, 0.45307884495298306]",1,-1
28211,[0.7651873  0.53368288],28,3,"[0.8068810957052946, 0.5180547120844742]",1,-1
28212,[0.74072683 0.48621658],28,32,"[0.7535856051996079, 0.45307884495298306]",1,43
28213,[0.73969121 0.5201659 ],28,11,"[0.7051682617613192, 0.574171671796882]",1,41
28214,[0.77163174 0.52244323],28,3,"[0.8068810957052946, 0.5180547120844742]",1,-1
28215,[0.62974739 0.58429614],28,10,"[0.6101257152780476, 0.5394800330734051]",1,-1
28216,[0.80728798 0.4870738 ],28,3,"[0.8068810957052946, 0.5180547120844742]",1,-1
28217,[0.79732134 0.51346966],28,3,"[0.8068810957052946, 0.5180547120844742]",1,-1
28218,[0.69414485 0.55308313],28,11,"[0.7051682617613192, 0.574171671796882]",1,-1
28219,[0.79159068 0.54552596],28,3,"[0.8068810957052946, 0.5180547120844742]",1,41
28220,[0.75433296 0.41605545],28,32,"[0.7535856051996079, 0.45307884495298306]",1,-1
28221,[0.79707239 0.44434285],28,32,"[0.7535856051996079, 0.45307884495298306]",1,-1
28222,[0.81898677 0.47284057],28,3,"[0.8068810957052946, 0.5180547120844742]",1,42
28223,[0.6726976  0.52080593],28,26,"[0.6734889003123068, 0.4756404454441684]",1,-1
28224,[0.72307588 0.51646236],28,11,"[0.7051682617613192, 0.574171671796882]",1,-1
28225,[0.7845778  0.54876234],28,3,"[0.8068810957052946, 0.5180547120844742]",1,-1
28226,[0.76434244 0.51123405],28,3,"[0.8068810957052946, 0.5180547120844742]",1,-1
28227,[0.7334911  0.52439698],28,11,"[0.7051682617613192, 0.574171671796882]",1,-1
28228,[0.73762395 0.42216637],28,32,"[0.7535856051996079, 0.45307884495298306]",1,54
28229,[0.72763393 0.55478164],28,11,"[0.7051682617613192, 0.574171671796882]",1,-1
28230,[0.73663915 0.48168281],28,32,"[0.7535856051996079, 0.45307884495298306]",1,43
28231,[0.79040587 0.55199001],28,3,"[0.8068810957052946, 0.5180547120844742]",1,-1
28232,[0.74587859 0.52271676],28,3,"[0.8068810957052946, 0.5180547120844742]",1,-1
28233,[0.85219033 0.56186145],28,43,"[0.8274941202305067, 0.5998913364221842]",1,-1
28234,[0.75905255 0.50068177],28,32,"[0.7535856051996079, 0.45307884495298306]",1,-1
28235,[0.71572111 0.5205072 ],28,11,"[0.7051682617613192, 0.574171671796882]",1,33
28236,[0.87717326 0.55326036],28,43,"[0.8274941202305067, 0.5998913364221842]",1,-1
28237,[0.84216046 0.47703431],28,14,"[0.8486155699332081, 0.42850029565542425]",1,42
28238,[0.74598847 0.54459724],28,11,"[0.7051682617613192, 0.574171671796882]",1,-1
28239,[0.7084966  0.41606256],28,30,"[0.6934973256581222, 0.4131681772802667]",1,-1
28240,[0.67979428 0.53190572],28,11,"[0.7051682617613192, 0.574171671796882]",1,-1
28241,[0.84633212 0.57649802],28,43,"[0.8274941202305067, 0.5998913364221842]",1,-1
28242,[0.7548136  0.52527181],28,3,"[0.8068810957052946, 0.5180547120844742]",1,-1
28243,[0.71884328 0.57311493],28,11,"[0.7051682617613192, 0.574171671796882]",1,-1
28244,[0.73776739 0.51425672],28,32,"[0.7535856051996079, 0.45307884495298306]",1,-1
28245,[0.72529211 0.58579954],28,11,"[0.7051682617613192, 0.574171671796882]",1,-1
28246,[0.71499229 0.52434533],28,11,"[0.7051682617613192, 0.574171671796882]",1,33
28247,[0.75027943 0.5887143 ],28,11,"[0.7051682617613192, 0.574171671796882]",1,-1
28248,[0.75019037 0.51198263],28,3,"[0.8068810957052946, 0.5180547120844742]",1,-1
28249,[0.79115838 0.56856243],28,43,"[0.8274941202305067, 0.5998913364221842]",1,-1
28250,[0.82837175 0.60197313],28,43,"[0.8274941202305067, 0.5998913364221842]",1,-1
28251,[0.75595998 0.49439317],28,32,"[0.7535856051996079, 0.45307884495298306]",1,-1
28252,[0.74309742 0.39207034],28,42,"[0.765559566045806, 0.37716611859716387]",1,-1
28253,[0.83961537 0.55517835],28,43,"[0.8274941202305067, 0.5998913364221842]",1,-1
28254,[0.70467904 0.44280275],28,30,"[0.6934973256581222, 0.4131681772802667]",1,-1
28255,[0.81212439 0.52545639],28,3,"[0.8068810957052946, 0.5180547120844742]",1,-1
28256,[0.8392836 0.5927622],28,43,"[0.8274941202305067, 0.5998913364221842]",1,-1
28257,[0.86237312 0.61960824],28,43,"[0.8274941202305067, 0.5998913364221842]",1,-1
28258,[0.75118535 0.6440899 ],28,-1,-1,1,-1
28259,[0.74895914 0.48225157],28,32,"[0.7535856051996079, 0.45307884495298306]",1,-1
28260,[0.75546144 0.43289336],28,32,"[0.7535856051996079, 0.45307884495298306]",1,-1
28261,[0.87589056 0.59466393],28,43,"[0.8274941202305067, 0.5998913364221842]",1,-1
28262,[0.79907933 0.51169436],28,3,"[0.8068810957052946, 0.5180547120844742]",1,-1
28263,[0.70173097 0.53386104],28,11,"[0.7051682617613192, 0.574171671796882]",1,-1
28264,[0.76330496 0.52442961],28,3,"[0.8068810957052946, 0.5180547120844742]",1,-1
28265,[0.70022805 0.55297937],28,11,"[0.7051682617613192, 0.574171671796882]",1,-1
28266,[0.70114246 0.5882235 ],28,11,"[0.7051682617613192, 0.574171671796882]",1,-1
28267,[0.78882372 0.53003584],28,3,"[0.8068810957052946, 0.5180547120844742]",1,-1
28268,[0.8284103  0.50353063],28,3,"[0.8068810957052946, 0.5180547120844742]",1,-1
28269,[0.72106229 0.58968117],28,11,"[0.7051682617613192, 0.574171671796882]",1,-1
28270,[0.77213367 0.51947449],28,3,"[0.8068810957052946, 0.5180547120844742]",1,41
28271,[0.82536852 0.50846366],28,3,"[0.8068810957052946, 0.5180547120844742]",1,-1
28272,[0.70912522 0.53864452],28,11,"[0.7051682617613192, 0.574171671796882]",1,-1
28273,[0.66812333 0.57101788],28,11,"[0.7051682617613192, 0.574171671796882]",1,-1
28274,[0.78667278 0.64203119],28,43,"[0.8274941202305067, 0.5998913364221842]",1,-1
28275,[0.76843987 0.5150121 ],28,3,"[0.8068810957052946, 0.5180547120844742]",1,41
28276,[0.75568911 0.56168189],28,11,"[0.7051682617613192, 0.574171671796882]",1,20
28277,[0.77285293 0.53114427],28,3,"[0.8068810957052946, 0.5180547120844742]",1,41
28278,[0.75858433 0.54212742],28,3,"[0.8068810957052946, 0.5180547120844742]",1,-1
28279,[0.83648942 0.56532189],28,43,"[0.8274941202305067, 0.5998913364221842]",1,-1
28280,[0.77075626 0.47355253],28,32,"[0.7535856051996079, 0.45307884495298306]",1,-1
28281,[0.83479766 0.48561822],28,3,"[0.8068810957052946, 0.5180547120844742]",1,-1
28282,[0.82506756 0.47902161],28,3,"[0.8068810957052946, 0.5180547120844742]",1,42
28283,[0.68593047 0.46523071],28,26,"[0.6734889003123068, 0.4756404454441684]",1,-1
28284,[0.67473771 0.55857782],28,11,"[0.7051682617613192, 0.574171671796882]",1,-1
28285,[0.81897876 0.52553305],28,3,"[0.8068810957052946, 0.5180547120844742]",1,-1
28286,[0.74265565 0.50722672],28,32,"[0.7535856051996079, 0.45307884495298306]",1,41
28287,[0.80031929 0.58682231],28,43,"[0.8274941202305067, 0.5998913364221842]",1,-1
28288,[0.77040912 0.49131351],28,32,"[0.7535856051996079, 0.45307884495298306]",1,-1
28289,[0.74333886 0.54655315],28,11,"[0.7051682617613192, 0.574171671796882]",1,-1
28290,[0.72928535 0.43917445],28,32,"[0.7535856051996079, 0.45307884495298306]",1,54
28291,[0.78814462 0.42549743],28,32,"[0.7535856051996079, 0.45307884495298306]",1,-1
28292,[0.81205743 0.48606953],28,3,"[0.8068810957052946, 0.5180547120844742]",1,-1
28293,[0.74335039 0.4043041 ],28,42,"[0.765559566045806, 0.37716611859716387]",1,-1
28294,[0.72399763 0.4968352 ],28,32,"[0.7535856051996079, 0.45307884495298306]",1,-1
28295,[0.66749381 0.53197287],28,11,"[0.7051682617613192, 0.574171671796882]",1,-1
28296,[0.73878283 0.50434738],28,32,"[0.7535856051996079, 0.45307884495298306]",1,-1
28297,[0.78700169 0.52013684],28,3,"[0.8068810957052946, 0.5180547120844742]",1,-1
28298,[0.70459343 0.59267445],28,11,"[0.7051682617613192, 0.574171671796882]",1,-1
28299,[0.82883679 0.53436784],28,3,"[0.8068810957052946, 0.5180547120844742]",1,-1
28300,[0.82155497 0.57971083],28,43,"[0.8274941202305067, 0.5998913364221842]",1,-1
28301,[0.72567734 0.53511647],28,11,"[0.7051682617613192, 0.574171671796882]",1,-1
28302,[0.7000276  0.50410804],28,26,"[0.6734889003123068, 0.4756404454441684]",1,-1
28303,[0.75315902 0.54743758],28,11,"[0.7051682617613192, 0.574171671796882]",1,-1
28304,[0.8709381  0.51394131],28,3,"[0.8068810957052946, 0.5180547120844742]",1,-1
28305,[0.79261303 0.51024804],28,3,"[0.8068810957052946, 0.5180547120844742]",1,-1
28306,[0.72582001 0.42468952],28,30,"[0.6934973256581222, 0.4131681772802667]",1,-1
28307,[0.81286405 0.48625493],28,3,"[0.8068810957052946, 0.5180547120844742]",1,-1
28308,[0.77194567 0.48975813],28,32,"[0.7535856051996079, 0.45307884495298306]",1,-1
28309,[0.75319524 0.53841856],28,3,"[0.8068810957052946, 0.5180547120844742]",1,-1
28310,[0.82725955 0.58409091],28,43,"[0.8274941202305067, 0.5998913364221842]",1,-1
28311,[0.80764622 0.50153229],28,3,"[0.8068810957052946, 0.5180547120844742]",1,-1
28312,[0.77086169 0.56151971],28,3,"[0.8068810957052946, 0.5180547120844742]",1,-1
28313,[0.72883955 0.51293519],28,32,"[0.7535856051996079, 0.45307884495298306]",1,-1
28314,[0.61469519 0.53363208],28,10,"[0.6101257152780476, 0.5394800330734051]",1,-1
28315,[0.8537576  0.55858746],28,43,"[0.8274941202305067, 0.5998913364221842]",1,-1
28316,[0.80285167 0.47038237],28,3,"[0.8068810957052946, 0.5180547120844742]",1,-1
28317,[0.72367443 0.54059616],28,11,"[0.7051682617613192, 0.574171671796882]",1,-1
28318,[0.79600183 0.5226613 ],28,3,"[0.8068810957052946, 0.5180547120844742]",1,-1
28319,[0.83693277 0.54219377],28,3,"[0.8068810957052946, 0.5180547120844742]",1,-1
28320,[0.71025195 0.49857674],28,26,"[0.6734889003123068, 0.4756404454441684]",1,-1
28321,[0.73887072 0.44935147],28,32,"[0.7535856051996079, 0.45307884495298306]",1,-1
28322,[0.7432557  0.53607411],28,11,"[0.7051682617613192, 0.574171671796882]",1,-1
28323,[0.7860581  0.49115982],28,3,"[0.8068810957052946, 0.5180547120844742]",1,-1
28324,[0.77484116 0.45126663],28,32,"[0.7535856051996079, 0.45307884495298306]",1,-1
28325,[0.85430853 0.49279172],28,3,"[0.8068810957052946, 0.5180547120844742]",1,-1
28326,[0.74234206 0.4965446 ],28,32,"[0.7535856051996079, 0.45307884495298306]",1,-1
28327,[0.71650566 0.55590893],28,11,"[0.7051682617613192, 0.574171671796882]",1,-1
28328,[0.72240971 0.54906823],28,11,"[0.7051682617613192, 0.574171671796882]",1,-1
28329,[0.75971172 0.52778295],28,3,"[0.8068810957052946, 0.5180547120844742]",1,-1
28330,[0.74623901 0.53421808],28,11,"[0.7051682617613192, 0.574171671796882]",1,-1
28331,[0.7823872  0.52398588],28,3,"[0.8068810957052946, 0.5180547120844742]",1,-1
28332,[0.66658549 0.45751866],28,26,"[0.6734889003123068, 0.4756404454441684]",1,-1
28333,[0.72619055 0.58423089],28,11,"[0.7051682617613192, 0.574171671796882]",1,-1
28334,[0.75198545 0.49820353],28,32,"[0.7535856051996079, 0.45307884495298306]",1,-1
28335,[0.7101791  0.46804932],28,26,"[0.6734889003123068, 0.4756404454441684]",1,52
28336,[0.81867174 0.54100637],28,3,"[0.8068810957052946, 0.5180547120844742]",1,-1
28337,[0.71847681 0.56632541],28,11,"[0.7051682617613192, 0.574171671796882]",1,-1
28338,[0.86500146 0.56192767],28,43,"[0.8274941202305067, 0.5998913364221842]",1,-1
28339,[0.78455486 0.52721726],28,3,"[0.8068810957052946, 0.5180547120844742]",1,41
28340,[0.75811523 0.43998302],28,32,"[0.7535856051996079, 0.45307884495298306]",1,-1
28341,[0.72003848 0.49483951],28,26,"[0.6734889003123068, 0.4756404454441684]",1,-1
28342,[0.72140479 0.46900377],28,32,"[0.7535856051996079, 0.45307884495298306]",1,-1
28343,[0.73098807 0.52025298],28,11,"[0.7051682617613192, 0.574171671796882]",1,-1
28344,[0.71754174 0.52290264],28,11,"[0.7051682617613192, 0.574171671796882]",1,33
28345,[0.78577504 0.5120279 ],28,3,"[0.8068810957052946, 0.5180547120844742]",1,-1
28346,[0.70065898 0.5749407 ],28,11,"[0.7051682617613192, 0.574171671796882]",1,-1
28347,[0.64424417 0.51800368],28,10,"[0.6101257152780476, 0.5394800330734051]",1,-1
28348,[0.72241171 0.49745093],28,26,"[0.6734889003123068, 0.4756404454441684]",1,-1
28349,[0.76338141 0.56360695],28,11,"[0.7051682617613192, 0.574171671796882]",1,20
28350,[0.81493195 0.5934404 ],28,43,"[0.8274941202305067, 0.5998913364221842]",1,-1
28351,[0.74461996 0.54705188],28,11,"[0.7051682617613192, 0.574171671796882]",1,-1
28352,[0.71313605 0.54848832],28,11,"[0.7051682617613192, 0.574171671796882]",1,-1
28353,[0.7330369  0.41226243],28,30,"[0.6934973256581222, 0.4131681772802667]",1,-1
28354,[0.67755381 0.52257374],28,26,"[0.6734889003123068, 0.4756404454441684]",1,-1
28355,[0.8077721  0.40113157],28,42,"[0.765559566045806, 0.37716611859716387]",1,-1
28356,[0.77444758 0.53259419],28,3,"[0.8068810957052946, 0.5180547120844742]",1,41
28357,[0.75171208 0.55561438],28,11,"[0.7051682617613192, 0.574171671796882]",1,-1
28358,[0.71428097 0.4830362 ],28,26,"[0.6734889003123068, 0.4756404454441684]",1,-1
28359,[0.80208413 0.52991272],28,3,"[0.8068810957052946, 0.5180547120844742]",1,-1
28360,[0.75819901 0.48078139],28,32,"[0.7535856051996079, 0.45307884495298306]",1,-1
28361,[0.77193417 0.513395  ],28,3,"[0.8068810957052946, 0.5180547120844742]",1,41
28362,[0.74536554 0.46713264],28,32,"[0.7535856051996079, 0.45307884495298306]",1,-1
28363,[0.77790033 0.55606713],28,3,"[0.8068810957052946, 0.5180547120844742]",1,-1
28364,[0.80162979 0.52936609],28,3,"[0.8068810957052946, 0.5180547120844742]",1,-1
28365,[0.72741232 0.57500247],28,11,"[0.7051682617613192, 0.574171671796882]",1,-1
28366,[0.77858117 0.49089856],28,3,"[0.8068810957052946, 0.5180547120844742]",1,-1
28367,[0.80883072 0.40131393],28,14,"[0.8486155699332081, 0.42850029565542425]",1,-1
28368,[0.73513876 0.57742106],28,11,"[0.7051682617613192, 0.574171671796882]",1,-1
28369,[0.76048811 0.52320251],28,3,"[0.8068810957052946, 0.5180547120844742]",1,-1
28370,[0.82497974 0.50455629],28,3,"[0.8068810957052946, 0.5180547120844742]",1,-1
28371,[0.72270923 0.4990796 ],28,26,"[0.6734889003123068, 0.4756404454441684]",1,-1
28372,[0.73051189 0.52036981],28,11,"[0.7051682617613192, 0.574171671796882]",1,-1
28373,[0.83870254 0.5279099 ],28,3,"[0.8068810957052946, 0.5180547120844742]",1,-1
28374,[0.74513534 0.55688503],28,11,"[0.7051682617613192, 0.574171671796882]",1,-1
28375,[0.79383308 0.47776671],28,3,"[0.8068810957052946, 0.5180547120844742]",1,-1
28376,[0.70358729 0.54027447],28,11,"[0.7051682617613192, 0.574171671796882]",1,-1
28377,[0.7586158  0.42448465],28,32,"[0.7535856051996079, 0.45307884495298306]",1,-1
28378,[0.69550059 0.53738691],28,11,"[0.7051682617613192, 0.574171671796882]",1,26
28379,[0.81421376 0.49809773],28,3,"[0.8068810957052946, 0.5180547120844742]",1,-1
28380,[0.70851951 0.51570645],28,26,"[0.6734889003123068, 0.4756404454441684]",1,-1
28381,[0.77854383 0.59060547],28,43,"[0.8274941202305067, 0.5998913364221842]",1,-1
28382,[0.79053213 0.52065315],28,3,"[0.8068810957052946, 0.5180547120844742]",1,-1
28383,[0.68472113 0.56021822],28,11,"[0.7051682617613192, 0.574171671796882]",1,26
28384,[0.7245975  0.57653491],28,11,"[0.7051682617613192, 0.574171671796882]",1,-1
28385,[0.72010809 0.56677589],28,11,"[0.7051682617613192, 0.574171671796882]",1,-1
28386,[0.84858714 0.47618772],28,14,"[0.8486155699332081, 0.42850029565542425]",1,-1
28387,[0.81103789 0.56558592],28,43,"[0.8274941202305067, 0.5998913364221842]",1,-1
28388,[0.72673341 0.55700025],28,11,"[0.7051682617613192, 0.574171671796882]",1,-1
28389,[0.7773853  0.46594895],28,32,"[0.7535856051996079, 0.45307884495298306]",1,45
28390,[0.70054926 0.45697473],28,26,"[0.6734889003123068, 0.4756404454441684]",1,-1
28391,[0.7189108 0.4618143],28,32,"[0.7535856051996079, 0.45307884495298306]",1,-1
28392,[0.7572058  0.53775197],28,3,"[0.8068810957052946, 0.5180547120844742]",1,-1
28393,[0.85114453 0.62418189],28,43,"[0.8274941202305067, 0.5998913364221842]",1,-1
28394,[0.700382   0.57661127],28,11,"[0.7051682617613192, 0.574171671796882]",1,-1
28395,[0.77942074 0.45062297],28,32,"[0.7535856051996079, 0.45307884495298306]",1,-1
28396,[0.72076484 0.45033904],28,32,"[0.7535856051996079, 0.45307884495298306]",1,-1
28397,[0.74627686 0.56403911],28,11,"[0.7051682617613192, 0.574171671796882]",1,20
28398,[0.75104033 0.58940891],28,11,"[0.7051682617613192, 0.574171671796882]",1,-1
28399,[0.79592474 0.5021986 ],28,3,"[0.8068810957052946, 0.5180547120844742]",1,-1
28400,[0.77661286 0.48590343],28,32,"[0.7535856051996079, 0.45307884495298306]",1,-1
28401,[0.84927783 0.59318843],28,43,"[0.8274941202305067, 0.5998913364221842]",1,-1
28402,[0.75018371 0.55627556],28,11,"[0.7051682617613192, 0.574171671796882]",1,-1
28403,[0.75425632 0.45577929],28,32,"[0.7535856051996079, 0.45307884495298306]",1,-1
28404,[0.70452468 0.61342484],28,11,"[0.7051682617613192, 0.574171671796882]",1,-1
28405,[0.80103747 0.48170747],28,3,"[0.8068810957052946, 0.5180547120844742]",1,-1
28406,[0.76466141 0.51939469],28,3,"[0.8068810957052946, 0.5180547120844742]",1,-1
28407,[0.76250871 0.51814345],28,3,"[0.8068810957052946, 0.5180547120844742]",1,41
28408,[0.85542275 0.4486525 ],28,14,"[0.8486155699332081, 0.42850029565542425]",1,-1
28409,[0.65544979 0.55453071],28,10,"[0.6101257152780476, 0.5394800330734051]",1,-1
28410,[0.7099775  0.53156812],28,11,"[0.7051682617613192, 0.574171671796882]",1,-1
28411,[0.79344081 0.48727988],28,3,"[0.8068810957052946, 0.5180547120844742]",1,45
28412,[0.73329265 0.5621893 ],28,11,"[0.7051682617613192, 0.574171671796882]",1,-1
28413,[0.85326232 0.57461614],28,43,"[0.8274941202305067, 0.5998913364221842]",1,-1
28414,[0.82541013 0.43940153],28,14,"[0.8486155699332081, 0.42850029565542425]",1,-1
28415,[0.78899998 0.4697529 ],28,32,"[0.7535856051996079, 0.45307884495298306]",1,-1
28416,[0.8058258 0.4248908],28,14,"[0.8486155699332081, 0.42850029565542425]",1,-1
28417,[0.79173179 0.52781881],28,3,"[0.8068810957052946, 0.5180547120844742]",1,-1
28418,[0.76639286 0.49795306],28,3,"[0.8068810957052946, 0.5180547120844742]",1,-1
28419,[0.8291896  0.58162429],28,43,"[0.8274941202305067, 0.5998913364221842]",1,-1
28420,[0.77717509 0.43029152],28,32,"[0.7535856051996079, 0.45307884495298306]",1,38
28421,[0.75021147 0.58028112],28,11,"[0.7051682617613192, 0.574171671796882]",1,-1
28422,[0.7694079  0.55335864],28,3,"[0.8068810957052946, 0.5180547120844742]",1,-1
28423,[0.69439106 0.38198313],28,30,"[0.6934973256581222, 0.4131681772802667]",1,-1
28424,[0.66252851 0.55909038],28,11,"[0.7051682617613192, 0.574171671796882]",1,-1
28425,[0.77489664 0.44863649],28,32,"[0.7535856051996079, 0.45307884495298306]",1,-1
28426,[0.83592949 0.52154019],28,3,"[0.8068810957052946, 0.5180547120844742]",1,-1
28427,[0.7709714  0.43410884],28,32,"[0.7535856051996079, 0.45307884495298306]",1,-1
28428,[0.8646822  0.55342684],28,43,"[0.8274941202305067, 0.5998913364221842]",1,-1
28429,[0.8241944  0.56460839],28,43,"[0.8274941202305067, 0.5998913364221842]",1,-1
28430,[0.74767278 0.50122221],28,32,"[0.7535856051996079, 0.45307884495298306]",1,41
28431,[0.76918601 0.4895071 ],28,32,"[0.7535856051996079, 0.45307884495298306]",1,-1
28432,[0.78333169 0.56152865],28,3,"[0.8068810957052946, 0.5180547120844742]",1,-1
28433,[0.7517527  0.53182027],28,3,"[0.8068810957052946, 0.5180547120844742]",1,-1
28434,[0.78984037 0.54760782],28,3,"[0.8068810957052946, 0.5180547120844742]",1,-1
28435,[0.78961961 0.42536178],28,32,"[0.7535856051996079, 0.45307884495298306]",1,-1
28436,[0.84517839 0.66874631],28,-1,-1,1,-1
28437,[0.71222901 0.5157195 ],28,26,"[0.6734889003123068, 0.4756404454441684]",1,33
28438,[0.77846057 0.48674534],28,32,"[0.7535856051996079, 0.45307884495298306]",1,45
28439,[0.82694623 0.45366741],28,14,"[0.8486155699332081, 0.42850029565542425]",1,42
28440,[0.81426245 0.48461129],28,3,"[0.8068810957052946, 0.5180547120844742]",1,-1
28441,[0.72733313 0.54197385],28,11,"[0.7051682617613192, 0.574171671796882]",1,-1
28442,[0.70630889 0.56051535],28,11,"[0.7051682617613192, 0.574171671796882]",1,-1
28443,[0.75923028 0.5661725 ],28,11,"[0.7051682617613192, 0.574171671796882]",1,20
28444,[0.77568812 0.49907729],28,3,"[0.8068810957052946, 0.5180547120844742]",1,-1
28445,[0.76119978 0.55148841],28,3,"[0.8068810957052946, 0.5180547120844742]",1,-1
28446,[0.7489055  0.51781115],28,3,"[0.8068810957052946, 0.5180547120844742]",1,-1
28447,[0.7290384  0.51763594],28,11,"[0.7051682617613192, 0.574171671796882]",1,-1
28448,[0.82570444 0.49159757],28,3,"[0.8068810957052946, 0.5180547120844742]",1,-1
28449,[0.77358572 0.53106837],28,3,"[0.8068810957052946, 0.5180547120844742]",1,41
28450,[0.74238389 0.5908759 ],28,11,"[0.7051682617613192, 0.574171671796882]",1,-1
28451,[0.77221339 0.58716071],28,43,"[0.8274941202305067, 0.5998913364221842]",1,-1
28452,[0.80462966 0.49741311],28,3,"[0.8068810957052946, 0.5180547120844742]",1,-1
28453,[0.7664939  0.60555553],28,43,"[0.8274941202305067, 0.5998913364221842]",1,-1
28454,[0.72286465 0.48162415],28,32,"[0.7535856051996079, 0.45307884495298306]",1,-1
28455,[0.80079368 0.60143097],28,43,"[0.8274941202305067, 0.5998913364221842]",1,-1
28456,[0.84017025 0.54941032],28,3,"[0.8068810957052946, 0.5180547120844742]",1,-1
28457,[0.80631327 0.53325031],28,3,"[0.8068810957052946, 0.5180547120844742]",1,-1
28458,[0.79888011 0.54713382],28,3,"[0.8068810957052946, 0.5180547120844742]",1,-1
28459,[0.78830419 0.57928195],28,43,"[0.8274941202305067, 0.5998913364221842]",1,-1
28460,[0.74069964 0.56760397],28,11,"[0.7051682617613192, 0.574171671796882]",1,-1
28461,[0.72804394 0.50242816],28,32,"[0.7535856051996079, 0.45307884495298306]",1,-1
28462,[0.75965325 0.4478087 ],28,32,"[0.7535856051996079, 0.45307884495298306]",1,-1
28463,[0.77731794 0.49311908],28,3,"[0.8068810957052946, 0.5180547120844742]",1,-1
28464,[0.68752795 0.55412621],28,11,"[0.7051682617613192, 0.574171671796882]",1,26
28465,[0.87631884 0.45954905],28,14,"[0.8486155699332081, 0.42850029565542425]",1,-1
28466,[0.75392513 0.45117296],28,32,"[0.7535856051996079, 0.45307884495298306]",1,-1
28467,[0.69697224 0.5260796 ],28,11,"[0.7051682617613192, 0.574171671796882]",1,-1
28468,[0.84594403 0.55566773],28,43,"[0.8274941202305067, 0.5998913364221842]",1,-1
28469,[0.82606738 0.54362884],28,3,"[0.8068810957052946, 0.5180547120844742]",1,-1
28470,[0.83132584 0.55701084],28,43,"[0.8274941202305067, 0.5998913364221842]",1,-1
28471,[0.82006275 0.5261564 ],28,3,"[0.8068810957052946, 0.5180547120844742]",1,-1
28472,[0.88583863 0.51715922],28,-1,-1,1,-1
28473,[0.88435313 0.50230267],28,-1,-1,1,-1
28474,[0.74807397 0.4485713 ],28,32,"[0.7535856051996079, 0.45307884495298306]",1,54
28475,[0.76931338 0.5496282 ],28,3,"[0.8068810957052946, 0.5180547120844742]",1,-1
28476,[0.78070574 0.50805837],28,3,"[0.8068810957052946, 0.5180547120844742]",1,-1
28477,[0.82120589 0.57429664],28,43,"[0.8274941202305067, 0.5998913364221842]",1,-1
28478,[0.69457718 0.5857981 ],28,11,"[0.7051682617613192, 0.574171671796882]",1,-1
28479,[0.78236939 0.48638859],28,3,"[0.8068810957052946, 0.5180547120844742]",1,-1
28480,[0.74840793 0.50160899],28,32,"[0.7535856051996079, 0.45307884495298306]",1,41
28481,[0.74775127 0.4992523 ],28,32,"[0.7535856051996079, 0.45307884495298306]",1,41
28482,[0.8115932  0.52874369],28,3,"[0.8068810957052946, 0.5180547120844742]",1,-1
28483,[0.7188213  0.51518647],28,26,"[0.6734889003123068, 0.4756404454441684]",1,33
28484,[0.75518562 0.54986775],28,11,"[0.7051682617613192, 0.574171671796882]",1,-1
28485,[0.76197078 0.36894887],28,42,"[0.765559566045806, 0.37716611859716387]",1,-1
28486,[0.75129591 0.54708049],28,11,"[0.7051682617613192, 0.574171671796882]",1,-1
28487,[0.78122274 0.50515766],28,3,"[0.8068810957052946, 0.5180547120844742]",1,-1
28488,[0.77424915 0.57149587],28,43,"[0.8274941202305067, 0.5998913364221842]",1,-1
28489,[0.81026543 0.54829023],28,3,"[0.8068810957052946, 0.5180547120844742]",1,-1
28490,[0.71427519 0.45769252],28,32,"[0.7535856051996079, 0.45307884495298306]",1,-1
28491,[0.72736162 0.46341859],28,32,"[0.7535856051996079, 0.45307884495298306]",1,-1
28492,[0.77520777 0.58258601],28,43,"[0.8274941202305067, 0.5998913364221842]",1,-1
28493,[0.70387924 0.53314012],28,11,"[0.7051682617613192, 0.574171671796882]",1,-1
28494,[0.77673651 0.55834239],28,3,"[0.8068810957052946, 0.5180547120844742]",1,-1
28495,[0.7647007  0.54970156],28,3,"[0.8068810957052946, 0.5180547120844742]",1,-1
28496,[0.7260027  0.53112715],28,11,"[0.7051682617613192, 0.574171671796882]",1,-1
28497,[0.77553763 0.53954816],28,3,"[0.8068810957052946, 0.5180547120844742]",1,41
28498,[0.7710897  0.48832705],28,32,"[0.7535856051996079, 0.45307884495298306]",1,-1
28499,[0.75351849 0.48745149],28,32,"[0.7535856051996079, 0.45307884495298306]",1,-1
28500,[0.88664338 0.60492438],28,43,"[0.8274941202305067, 0.5998913364221842]",1,-1
28501,[0.74501067 0.5420927 ],28,11,"[0.7051682617613192, 0.574171671796882]",1,-1
28502,[0.77746666 0.54592852],28,3,"[0.8068810957052946, 0.5180547120844742]",1,-1
28503,[0.7865521  0.57447518],28,43,"[0.8274941202305067, 0.5998913364221842]",1,-1
28504,[0.80369741 0.47898632],28,3,"[0.8068810957052946, 0.5180547120844742]",1,-1
28505,[0.71626628 0.43806016],28,30,"[0.6934973256581222, 0.4131681772802667]",1,-1
28506,[0.91655808 0.5653405 ],28,-1,-1,1,-1
28507,[0.76915095 0.51209785],28,3,"[0.8068810957052946, 0.5180547120844742]",1,41
28508,[0.80971711 0.52224597],28,3,"[0.8068810957052946, 0.5180547120844742]",1,-1
28509,[0.76573748 0.44414866],28,32,"[0.7535856051996079, 0.45307884495298306]",1,-1
28510,[0.8300041  0.49612224],28,3,"[0.8068810957052946, 0.5180547120844742]",1,-1
28511,[0.69932086 0.55258256],28,11,"[0.7051682617613192, 0.574171671796882]",1,-1
28512,[0.73316103 0.52287327],28,11,"[0.7051682617613192, 0.574171671796882]",1,-1
28513,[0.69883742 0.51535352],28,26,"[0.6734889003123068, 0.4756404454441684]",1,-1
28514,[0.79552608 0.55307085],28,3,"[0.8068810957052946, 0.5180547120844742]",1,-1
28515,[0.73942404 0.48856342],28,32,"[0.7535856051996079, 0.45307884495298306]",1,43
28516,[0.7129723  0.49607595],28,26,"[0.6734889003123068, 0.4756404454441684]",1,-1
28517,[0.73346882 0.44258904],28,32,"[0.7535856051996079, 0.45307884495298306]",1,-1
28518,[0.74123062 0.5737585 ],28,11,"[0.7051682617613192, 0.574171671796882]",1,-1
28519,[0.76441694 0.55705086],28,3,"[0.8068810957052946, 0.5180547120844742]",1,20
28520,[0.73275989 0.45628017],28,32,"[0.7535856051996079, 0.45307884495298306]",1,-1
28521,[0.81551195 0.55906434],28,3,"[0.8068810957052946, 0.5180547120844742]",1,-1
28522,[0.80798601 0.5561153 ],28,3,"[0.8068810957052946, 0.5180547120844742]",1,-1
28523,[0.7577128  0.48240646],28,32,"[0.7535856051996079, 0.45307884495298306]",1,-1
28524,[0.78380491 0.45089938],28,32,"[0.7535856051996079, 0.45307884495298306]",1,-1
28525,[0.7978043  0.49478721],28,3,"[0.8068810957052946, 0.5180547120844742]",1,-1
28526,[0.76066816 0.55662446],28,11,"[0.7051682617613192, 0.574171671796882]",1,-1
28527,[0.63379797 0.5052874 ],28,10,"[0.6101257152780476, 0.5394800330734051]",1,-1
28528,[0.66478113 0.57170824],28,11,"[0.7051682617613192, 0.574171671796882]",1,-1
28529,[0.82968808 0.49260471],28,3,"[0.8068810957052946, 0.5180547120844742]",1,-1
28530,[0.7266924  0.44156506],28,32,"[0.7535856051996079, 0.45307884495298306]",1,54
28531,[0.73958582 0.46789126],28,32,"[0.7535856051996079, 0.45307884495298306]",1,-1
28532,[0.73854604 0.54952095],28,11,"[0.7051682617613192, 0.574171671796882]",1,-1
28533,[0.85895255 0.52897509],28,3,"[0.8068810957052946, 0.5180547120844742]",1,-1
28534,[0.85197156 0.57869272],28,43,"[0.8274941202305067, 0.5998913364221842]",1,-1
28535,[0.72264906 0.47830234],28,32,"[0.7535856051996079, 0.45307884495298306]",1,-1
28536,[0.78064386 0.47014812],28,32,"[0.7535856051996079, 0.45307884495298306]",1,-1
28537,[0.67695188 0.51921936],28,26,"[0.6734889003123068, 0.4756404454441684]",1,-1
28538,[0.7804883  0.48214926],28,32,"[0.7535856051996079, 0.45307884495298306]",1,45
28539,[0.70763266 0.5552516 ],28,11,"[0.7051682617613192, 0.574171671796882]",1,-1
28540,[0.8189834  0.47464542],28,3,"[0.8068810957052946, 0.5180547120844742]",1,42
28541,[0.73756734 0.46762724],28,32,"[0.7535856051996079, 0.45307884495298306]",1,-1
28542,[0.74733981 0.58387404],28,11,"[0.7051682617613192, 0.574171671796882]",1,-1
28543,[0.81005421 0.47983357],28,3,"[0.8068810957052946, 0.5180547120844742]",1,-1
28544,[0.7041056  0.41956269],28,30,"[0.6934973256581222, 0.4131681772802667]",1,57
28545,[0.75515009 0.52660547],28,3,"[0.8068810957052946, 0.5180547120844742]",1,-1
28546,[0.81205824 0.54929338],28,3,"[0.8068810957052946, 0.5180547120844742]",1,-1
28547,[0.66218972 0.48547573],28,26,"[0.6734889003123068, 0.4756404454441684]",1,-1
28548,[0.77125178 0.4244038 ],28,32,"[0.7535856051996079, 0.45307884495298306]",1,38
28549,[0.86610785 0.59107239],28,43,"[0.8274941202305067, 0.5998913364221842]",1,-1
28550,[0.73558292 0.49165962],28,32,"[0.7535856051996079, 0.45307884495298306]",1,-1
28551,[0.82389593 0.47160482],28,3,"[0.8068810957052946, 0.5180547120844742]",1,42
28552,[0.6675451  0.56585829],28,11,"[0.7051682617613192, 0.574171671796882]",1,-1
28553,[0.7025854  0.52494626],28,11,"[0.7051682617613192, 0.574171671796882]",1,-1
28554,[0.8291245  0.52717384],28,3,"[0.8068810957052946, 0.5180547120844742]",1,-1
28555,[0.74738538 0.58313346],28,11,"[0.7051682617613192, 0.574171671796882]",1,-1
28556,[0.87154741 0.54061336],28,3,"[0.8068810957052946, 0.5180547120844742]",1,-1
28557,[0.63735364 0.53215475],28,10,"[0.6101257152780476, 0.5394800330734051]",1,-1
28558,[0.79648514 0.53923282],28,3,"[0.8068810957052946, 0.5180547120844742]",1,-1
28559,[0.72262515 0.50387573],28,26,"[0.6734889003123068, 0.4756404454441684]",1,-1
28560,[0.83788435 0.5445892 ],28,3,"[0.8068810957052946, 0.5180547120844742]",1,-1
28561,[0.82130778 0.53630426],28,3,"[0.8068810957052946, 0.5180547120844742]",1,-1
28562,[0.80606526 0.46610116],28,3,"[0.8068810957052946, 0.5180547120844742]",1,42
28563,[0.75344958 0.53988866],28,3,"[0.8068810957052946, 0.5180547120844742]",1,-1
28564,[0.69715176 0.45143341],28,26,"[0.6734889003123068, 0.4756404454441684]",1,-1
28565,[0.74883189 0.50519649],28,32,"[0.7535856051996079, 0.45307884495298306]",1,41
28566,[0.78108252 0.50534501],28,3,"[0.8068810957052946, 0.5180547120844742]",1,-1
28567,[0.71814882 0.57595131],28,11,"[0.7051682617613192, 0.574171671796882]",1,-1
28568,[0.76208783 0.49331225],28,32,"[0.7535856051996079, 0.45307884495298306]",1,-1
28569,[0.88057608 0.52709358],28,-1,-1,1,-1
28570,[0.81286585 0.4628728 ],28,14,"[0.8486155699332081, 0.42850029565542425]",1,42
28571,[0.7696406  0.60503337],28,43,"[0.8274941202305067, 0.5998913364221842]",1,-1
28572,[0.68586694 0.45375759],28,26,"[0.6734889003123068, 0.4756404454441684]",1,-1
28573,[0.68730636 0.43029788],28,30,"[0.6934973256581222, 0.4131681772802667]",1,-1
28574,[0.74707548 0.52428297],28,3,"[0.8068810957052946, 0.5180547120844742]",1,-1
28575,[0.7408035  0.50238327],28,32,"[0.7535856051996079, 0.45307884495298306]",1,-1
28576,[0.80464078 0.48800474],28,3,"[0.8068810957052946, 0.5180547120844742]",1,-1
28577,[0.70496375 0.52811713],28,11,"[0.7051682617613192, 0.574171671796882]",1,-1
28578,[0.7271693  0.50674041],28,32,"[0.7535856051996079, 0.45307884495298306]",1,-1
28579,[0.69491573 0.42729616],28,30,"[0.6934973256581222, 0.4131681772802667]",1,-1
28580,[0.74212121 0.54884236],28,11,"[0.7051682617613192, 0.574171671796882]",1,-1
28581,[0.79836826 0.62160692],28,43,"[0.8274941202305067, 0.5998913364221842]",1,-1
28582,[0.72452662 0.48249473],28,32,"[0.7535856051996079, 0.45307884495298306]",1,-1
28583,[0.77461195 0.45946434],28,32,"[0.7535856051996079, 0.45307884495298306]",1,45
28584,[0.76840583 0.46791152],28,32,"[0.7535856051996079, 0.45307884495298306]",1,-1
28585,[0.80213852 0.5016369 ],28,3,"[0.8068810957052946, 0.5180547120844742]",1,44
28586,[0.81154317 0.43081433],28,14,"[0.8486155699332081, 0.42850029565542425]",1,38
28587,[0.75380559 0.45030309],28,32,"[0.7535856051996079, 0.45307884495298306]",1,-1
28588,[0.73722566 0.51707694],28,11,"[0.7051682617613192, 0.574171671796882]",1,-1
28589,[0.7308253  0.47667579],28,32,"[0.7535856051996079, 0.45307884495298306]",1,-1
28590,[0.74493617 0.50943979],28,32,"[0.7535856051996079, 0.45307884495298306]",1,41
28591,[0.76023661 0.50751451],28,3,"[0.8068810957052946, 0.5180547120844742]",1,-1
28592,[0.75669101 0.52245713],28,3,"[0.8068810957052946, 0.5180547120844742]",1,-1
28593,[0.77960007 0.54292797],28,3,"[0.8068810957052946, 0.5180547120844742]",1,41
28594,[0.73972565 0.44558222],28,32,"[0.7535856051996079, 0.45307884495298306]",1,54
28595,[0.75257306 0.59041819],28,11,"[0.7051682617613192, 0.574171671796882]",1,-1
28596,[0.70232042 0.49006807],28,26,"[0.6734889003123068, 0.4756404454441684]",1,-1
28597,[0.75326606 0.50374704],28,32,"[0.7535856051996079, 0.45307884495298306]",1,41
28598,[0.68887451 0.56468031],28,11,"[0.7051682617613192, 0.574171671796882]",1,-1
28599,[0.7860707  0.57800645],28,43,"[0.8274941202305067, 0.5998913364221842]",1,-1
28600,[0.902234   0.59162953],28,-1,-1,1,-1
28601,[0.83062295 0.48534724],28,3,"[0.8068810957052946, 0.5180547120844742]",1,-1
28602,[0.71354989 0.44345301],28,30,"[0.6934973256581222, 0.4131681772802667]",1,-1
28603,[0.71018467 0.61219266],28,11,"[0.7051682617613192, 0.574171671796882]",1,-1
28604,[0.72041787 0.5685245 ],28,11,"[0.7051682617613192, 0.574171671796882]",1,-1
28605,[0.72872122 0.44824803],28,32,"[0.7535856051996079, 0.45307884495298306]",1,-1
28606,[0.79611555 0.45813148],28,32,"[0.7535856051996079, 0.45307884495298306]",1,-1
28607,[0.75575074 0.45688913],28,32,"[0.7535856051996079, 0.45307884495298306]",1,-1
28608,[0.80702364 0.50678774],28,3,"[0.8068810957052946, 0.5180547120844742]",1,44
28609,[0.85548476 0.49404065],28,3,"[0.8068810957052946, 0.5180547120844742]",1,-1
28610,[0.73321318 0.55672277],28,11,"[0.7051682617613192, 0.574171671796882]",1,-1
28611,[0.74137311 0.46301846],28,32,"[0.7535856051996079, 0.45307884495298306]",1,43
28612,[0.7403821  0.49068322],28,32,"[0.7535856051996079, 0.45307884495298306]",1,-1
28613,[0.73430148 0.54363469],28,11,"[0.7051682617613192, 0.574171671796882]",1,-1
28614,[0.72073301 0.59048145],28,11,"[0.7051682617613192, 0.574171671796882]",1,-1
28615,[0.64307091 0.48150645],28,26,"[0.6734889003123068, 0.4756404454441684]",1,-1
28616,[0.7795786  0.59516062],28,43,"[0.8274941202305067, 0.5998913364221842]",1,-1
28617,[0.78677132 0.53110881],28,3,"[0.8068810957052946, 0.5180547120844742]",1,41
28618,[0.75496821 0.45933019],28,32,"[0.7535856051996079, 0.45307884495298306]",1,-1
28619,[0.74290908 0.45921279],28,32,"[0.7535856051996079, 0.45307884495298306]",1,-1
28620,[0.73770057 0.49448645],28,32,"[0.7535856051996079, 0.45307884495298306]",1,-1
28621,[0.76297546 0.51105852],28,3,"[0.8068810957052946, 0.5180547120844742]",1,41
28622,[0.76489972 0.47453421],28,32,"[0.7535856051996079, 0.45307884495298306]",1,-1
28623,[0.80873525 0.52492493],28,3,"[0.8068810957052946, 0.5180547120844742]",1,-1
28624,[0.75462113 0.58501813],28,11,"[0.7051682617613192, 0.574171671796882]",1,-1
28625,[0.81528664 0.56886222],28,43,"[0.8274941202305067, 0.5998913364221842]",1,-1
28626,[0.82162843 0.53065746],28,3,"[0.8068810957052946, 0.5180547120844742]",1,-1
28627,[0.69016484 0.5612089 ],28,11,"[0.7051682617613192, 0.574171671796882]",1,-1
28628,[0.80316638 0.58352358],28,43,"[0.8274941202305067, 0.5998913364221842]",1,-1
28629,[0.82820085 0.46230096],28,14,"[0.8486155699332081, 0.42850029565542425]",1,-1
28630,[0.72675109 0.4974071 ],28,32,"[0.7535856051996079, 0.45307884495298306]",1,-1
28631,[0.74222282 0.53130979],28,11,"[0.7051682617613192, 0.574171671796882]",1,-1
28632,[0.70388231 0.58636502],28,11,"[0.7051682617613192, 0.574171671796882]",1,-1
28633,[0.74691806 0.53654096],28,11,"[0.7051682617613192, 0.574171671796882]",1,-1
28634,[0.80947932 0.50900231],28,3,"[0.8068810957052946, 0.5180547120844742]",1,44
28635,[0.83475558 0.45281613],28,14,"[0.8486155699332081, 0.42850029565542425]",1,42
28636,[0.82082271 0.54742322],28,3,"[0.8068810957052946, 0.5180547120844742]",1,-1
28637,[0.74065796 0.48264933],28,32,"[0.7535856051996079, 0.45307884495298306]",1,43
28638,[0.72788217 0.50397175],28,32,"[0.7535856051996079, 0.45307884495298306]",1,-1
28639,[0.80303861 0.3731771 ],28,42,"[0.765559566045806, 0.37716611859716387]",1,-1
28640,[0.74621396 0.57003309],28,11,"[0.7051682617613192, 0.574171671796882]",1,-1
28641,[0.78596051 0.55103252],28,3,"[0.8068810957052946, 0.5180547120844742]",1,-1
28642,[0.77211385 0.49864606],28,3,"[0.8068810957052946, 0.5180547120844742]",1,-1
28643,[0.72890434 0.54906677],28,11,"[0.7051682617613192, 0.574171671796882]",1,-1
28644,[0.83267359 0.53104905],28,3,"[0.8068810957052946, 0.5180547120844742]",1,-1
28645,[0.83210687 0.40364886],28,14,"[0.8486155699332081, 0.42850029565542425]",1,-1
28646,[0.7686504  0.54023097],28,3,"[0.8068810957052946, 0.5180547120844742]",1,-1
28647,[0.82220751 0.50142122],28,3,"[0.8068810957052946, 0.5180547120844742]",1,-1
28648,[0.69657229 0.51398517],28,26,"[0.6734889003123068, 0.4756404454441684]",1,-1
28649,[0.82850563 0.58857904],28,43,"[0.8274941202305067, 0.5998913364221842]",1,-1
28650,[0.78591986 0.50420088],28,3,"[0.8068810957052946, 0.5180547120844742]",1,-1
28651,[0.79825771 0.53637631],28,3,"[0.8068810957052946, 0.5180547120844742]",1,-1
28652,[0.79659824 0.47002704],28,32,"[0.7535856051996079, 0.45307884495298306]",1,-1
28653,[0.8020671  0.51608095],28,3,"[0.8068810957052946, 0.5180547120844742]",1,-1
28654,[0.80600643 0.50694465],28,3,"[0.8068810957052946, 0.5180547120844742]",1,44
28655,[0.7813059  0.50829782],28,3,"[0.8068810957052946, 0.5180547120844742]",1,-1
28656,[0.73906937 0.56586794],28,11,"[0.7051682617613192, 0.574171671796882]",1,-1
28657,[0.65035424 0.49367933],28,26,"[0.6734889003123068, 0.4756404454441684]",1,-1
28658,[0.80745092 0.54907883],28,3,"[0.8068810957052946, 0.5180547120844742]",1,-1
28659,[0.7439422  0.48445753],28,32,"[0.7535856051996079, 0.45307884495298306]",1,43
28660,[0.74622099 0.46886805],28,32,"[0.7535856051996079, 0.45307884495298306]",1,-1
28661,[0.73156829 0.61661017],28,11,"[0.7051682617613192, 0.574171671796882]",1,-1
28662,[0.65498732 0.5929931 ],28,11,"[0.7051682617613192, 0.574171671796882]",1,-1
28663,[0.79387346 0.53620806],28,3,"[0.8068810957052946, 0.5180547120844742]",1,-1
28664,[0.74339739 0.498782  ],28,32,"[0.7535856051996079, 0.45307884495298306]",1,-1
28665,[0.72379251 0.51209189],28,26,"[0.6734889003123068, 0.4756404454441684]",1,-1
28666,[0.76680144 0.49001364],28,32,"[0.7535856051996079, 0.45307884495298306]",1,-1
28667,[0.73906171 0.46877626],28,32,"[0.7535856051996079, 0.45307884495298306]",1,43
28668,[0.88672468 0.4887822 ],28,-1,-1,1,-1
28669,[0.73326212 0.56996879],28,11,"[0.7051682617613192, 0.574171671796882]",1,-1
28670,[0.67738278 0.55681064],28,11,"[0.7051682617613192, 0.574171671796882]",1,-1
28671,[0.76354817 0.51191645],28,3,"[0.8068810957052946, 0.5180547120844742]",1,-1
28672,[0.75173104 0.38816214],28,42,"[0.765559566045806, 0.37716611859716387]",1,-1
28673,[0.68868277 0.52904435],28,11,"[0.7051682617613192, 0.574171671796882]",1,-1
28674,[0.67208372 0.54931093],28,11,"[0.7051682617613192, 0.574171671796882]",1,-1
28675,[0.82204646 0.46864469],28,14,"[0.8486155699332081, 0.42850029565542425]",1,-1
28676,[0.7600506  0.46999408],28,32,"[0.7535856051996079, 0.45307884495298306]",1,-1
28677,[0.7263511  0.41044136],28,30,"[0.6934973256581222, 0.4131681772802667]",1,-1
28678,[0.81023807 0.42996437],28,14,"[0.8486155699332081, 0.42850029565542425]",1,38
28679,[0.72462475 0.54639146],28,11,"[0.7051682617613192, 0.574171671796882]",1,-1
28680,[0.8008604  0.54791284],28,3,"[0.8068810957052946, 0.5180547120844742]",1,-1
28681,[0.74259675 0.52097266],28,3,"[0.8068810957052946, 0.5180547120844742]",1,-1
28682,[0.77385674 0.45496629],28,32,"[0.7535856051996079, 0.45307884495298306]",1,45
28683,[0.74107269 0.62134994],28,11,"[0.7051682617613192, 0.574171671796882]",1,-1
28684,[0.78221998 0.52088954],28,3,"[0.8068810957052946, 0.5180547120844742]",1,41
28685,[0.74374218 0.52464842],28,11,"[0.7051682617613192, 0.574171671796882]",1,-1
28686,[0.7646848  0.52877487],28,3,"[0.8068810957052946, 0.5180547120844742]",1,-1
28687,[0.78923826 0.58358678],28,43,"[0.8274941202305067, 0.5998913364221842]",1,-1
28688,[0.67398869 0.52869023],28,26,"[0.6734889003123068, 0.4756404454441684]",1,-1
28689,[0.70033039 0.52582532],28,11,"[0.7051682617613192, 0.574171671796882]",1,-1
28690,[0.80498885 0.50658254],28,3,"[0.8068810957052946, 0.5180547120844742]",1,44
28691,[0.84271194 0.51479816],28,3,"[0.8068810957052946, 0.5180547120844742]",1,-1
28692,[0.80776241 0.53556892],28,3,"[0.8068810957052946, 0.5180547120844742]",1,-1
28693,[0.74107537 0.48711887],28,32,"[0.7535856051996079, 0.45307884495298306]",1,43
28694,[0.7153522  0.49301257],28,26,"[0.6734889003123068, 0.4756404454441684]",1,-1
28695,[0.71861787 0.45602574],28,32,"[0.7535856051996079, 0.45307884495298306]",1,-1
28696,[0.72815793 0.49435468],28,32,"[0.7535856051996079, 0.45307884495298306]",1,-1
28697,[0.72358632 0.52307183],28,11,"[0.7051682617613192, 0.574171671796882]",1,33
28698,[0.7813956  0.51124289],28,3,"[0.8068810957052946, 0.5180547120844742]",1,-1
28699,[0.81199709 0.42665518],28,14,"[0.8486155699332081, 0.42850029565542425]",1,-1
28700,[0.77180372 0.49246477],28,32,"[0.7535856051996079, 0.45307884495298306]",1,-1
28701,[0.72775434 0.43554512],28,32,"[0.7535856051996079, 0.45307884495298306]",1,54
28702,[0.80194113 0.45362344],28,32,"[0.7535856051996079, 0.45307884495298306]",1,-1
28703,[0.74111139 0.51465684],28,32,"[0.7535856051996079, 0.45307884495298306]",1,-1
28704,[0.77518799 0.48291061],28,32,"[0.7535856051996079, 0.45307884495298306]",1,-1
28705,[0.71587633 0.52956249],28,11,"[0.7051682617613192, 0.574171671796882]",1,33
28706,[0.77245805 0.51160921],28,3,"[0.8068810957052946, 0.5180547120844742]",1,41
28707,[0.74570172 0.44595556],28,32,"[0.7535856051996079, 0.45307884495298306]",1,54
28708,[0.79267769 0.61022936],28,43,"[0.8274941202305067, 0.5998913364221842]",1,-1
28709,[0.75708698 0.42476856],28,32,"[0.7535856051996079, 0.45307884495298306]",1,-1
28710,[0.76581228 0.54460564],28,3,"[0.8068810957052946, 0.5180547120844742]",1,-1
28711,[0.73920076 0.47661475],28,32,"[0.7535856051996079, 0.45307884495298306]",1,43
28712,[0.77613979 0.49723117],28,3,"[0.8068810957052946, 0.5180547120844742]",1,-1
28713,[0.8377434  0.60259709],28,43,"[0.8274941202305067, 0.5998913364221842]",1,-1
28714,[0.76859477 0.5593408 ],28,3,"[0.8068810957052946, 0.5180547120844742]",1,-1
28715,[0.70535693 0.51556278],28,26,"[0.6734889003123068, 0.4756404454441684]",1,-1
28716,[0.70832216 0.53868347],28,11,"[0.7051682617613192, 0.574171671796882]",1,-1
28717,[0.79209631 0.49812775],28,3,"[0.8068810957052946, 0.5180547120844742]",1,-1
28718,[0.7972312  0.44994074],28,32,"[0.7535856051996079, 0.45307884495298306]",1,-1
28719,[0.8111469  0.58109246],28,43,"[0.8274941202305067, 0.5998913364221842]",1,-1
28720,[0.86229969 0.44593465],28,14,"[0.8486155699332081, 0.42850029565542425]",1,-1
28721,[0.74298293 0.42536003],28,32,"[0.7535856051996079, 0.45307884495298306]",1,-1
28722,[0.73283304 0.57947807],28,11,"[0.7051682617613192, 0.574171671796882]",1,-1
28723,[0.72706265 0.49856937],28,32,"[0.7535856051996079, 0.45307884495298306]",1,-1
28724,[0.67108966 0.54877035],28,11,"[0.7051682617613192, 0.574171671796882]",1,-1
28725,[0.73365895 0.53812915],28,11,"[0.7051682617613192, 0.574171671796882]",1,-1
28726,[0.75848775 0.60494714],28,11,"[0.7051682617613192, 0.574171671796882]",1,-1
28727,[0.7506242  0.56585313],28,11,"[0.7051682617613192, 0.574171671796882]",1,20
28728,[0.74077203 0.38835231],28,42,"[0.765559566045806, 0.37716611859716387]",1,-1
28729,[0.73285683 0.54207886],28,11,"[0.7051682617613192, 0.574171671796882]",1,-1
28730,[0.85700488 0.52720188],28,3,"[0.8068810957052946, 0.5180547120844742]",1,-1
28731,[0.76116187 0.38624485],28,42,"[0.765559566045806, 0.37716611859716387]",1,-1
28732,[0.75271961 0.48297918],28,32,"[0.7535856051996079, 0.45307884495298306]",1,-1
28733,[0.7076762  0.55968364],28,11,"[0.7051682617613192, 0.574171671796882]",1,-1
28734,[0.88189116 0.51491706],28,-1,-1,1,-1
28735,[0.73585801 0.51175772],28,32,"[0.7535856051996079, 0.45307884495298306]",1,-1
28736,[0.74682617 0.51596716],28,3,"[0.8068810957052946, 0.5180547120844742]",1,-1
28737,[0.74196686 0.46901507],28,32,"[0.7535856051996079, 0.45307884495298306]",1,43
28738,[0.71548896 0.46037784],28,32,"[0.7535856051996079, 0.45307884495298306]",1,-1
28739,[0.84825297 0.5859793 ],28,43,"[0.8274941202305067, 0.5998913364221842]",1,-1
28740,[0.73322155 0.55765094],28,11,"[0.7051682617613192, 0.574171671796882]",1,-1
28741,[0.82801999 0.52404913],28,3,"[0.8068810957052946, 0.5180547120844742]",1,-1
28742,[0.76218609 0.45155973],28,32,"[0.7535856051996079, 0.45307884495298306]",1,-1
28743,[0.70220624 0.53082302],28,11,"[0.7051682617613192, 0.574171671796882]",1,-1
28744,[0.76367827 0.4976624 ],28,32,"[0.7535856051996079, 0.45307884495298306]",1,-1
28745,[0.69621802 0.46125579],28,26,"[0.6734889003123068, 0.4756404454441684]",1,-1
28746,[0.7442965 0.4845136],28,32,"[0.7535856051996079, 0.45307884495298306]",1,43
28747,[0.74540562 0.56236155],28,11,"[0.7051682617613192, 0.574171671796882]",1,20
28748,[0.75971719 0.48918063],28,32,"[0.7535856051996079, 0.45307884495298306]",1,-1
28749,[0.64326773 0.52007455],28,10,"[0.6101257152780476, 0.5394800330734051]",1,-1
28750,[0.80599967 0.59503384],28,43,"[0.8274941202305067, 0.5998913364221842]",1,-1
28751,[0.74391092 0.45791121],28,32,"[0.7535856051996079, 0.45307884495298306]",1,-1
28752,[0.67534999 0.49441323],28,26,"[0.6734889003123068, 0.4756404454441684]",1,-1
28753,[0.73636733 0.42704717],28,32,"[0.7535856051996079, 0.45307884495298306]",1,-1
28754,[0.79339468 0.45539033],28,32,"[0.7535856051996079, 0.45307884495298306]",1,-1
28755,[0.79603431 0.62600997],28,43,"[0.8274941202305067, 0.5998913364221842]",1,-1
28756,[0.71248257 0.50883458],28,26,"[0.6734889003123068, 0.4756404454441684]",1,-1
28757,[0.81288205 0.52761767],28,3,"[0.8068810957052946, 0.5180547120844742]",1,-1
28758,[0.70486671 0.50270473],28,26,"[0.6734889003123068, 0.4756404454441684]",1,-1
28759,[0.78588208 0.55439209],28,3,"[0.8068810957052946, 0.5180547120844742]",1,-1
28760,[0.7334291  0.51720425],28,11,"[0.7051682617613192, 0.574171671796882]",1,-1
28761,[0.75309547 0.48356983],28,32,"[0.7535856051996079, 0.45307884495298306]",1,-1
28762,[0.79895796 0.50458842],28,3,"[0.8068810957052946, 0.5180547120844742]",1,44
28763,[0.74720152 0.46618183],28,32,"[0.7535856051996079, 0.45307884495298306]",1,-1
28764,[0.7989615  0.58151619],28,43,"[0.8274941202305067, 0.5998913364221842]",1,-1
28765,[0.77132102 0.53211557],28,3,"[0.8068810957052946, 0.5180547120844742]",1,41
28766,[0.69444673 0.4670085 ],28,26,"[0.6734889003123068, 0.4756404454441684]",1,-1
28767,[0.78468578 0.51462479],28,3,"[0.8068810957052946, 0.5180547120844742]",1,-1
28768,[0.72356091 0.53723026],28,11,"[0.7051682617613192, 0.574171671796882]",1,-1
28769,[0.69105162 0.48308661],28,26,"[0.6734889003123068, 0.4756404454441684]",1,-1
28770,[0.70536767 0.598238  ],28,11,"[0.7051682617613192, 0.574171671796882]",1,-1
28771,[0.80761569 0.53591085],28,3,"[0.8068810957052946, 0.5180547120844742]",1,-1
28772,[0.76113724 0.53506456],28,3,"[0.8068810957052946, 0.5180547120844742]",1,-1
28773,[0.73596465 0.55575469],28,11,"[0.7051682617613192, 0.574171671796882]",1,-1
28774,[0.80000245 0.55209905],28,3,"[0.8068810957052946, 0.5180547120844742]",1,-1
28775,[0.73504672 0.56968296],28,11,"[0.7051682617613192, 0.574171671796882]",1,-1
28776,[0.70843688 0.47519637],28,26,"[0.6734889003123068, 0.4756404454441684]",1,52
28777,[0.76922013 0.52596275],28,3,"[0.8068810957052946, 0.5180547120844742]",1,41
28778,[0.82071587 0.51019543],28,3,"[0.8068810957052946, 0.5180547120844742]",1,-1
28779,[0.87178818 0.49522207],28,3,"[0.8068810957052946, 0.5180547120844742]",1,-1
28780,[0.74738086 0.56391503],28,11,"[0.7051682617613192, 0.574171671796882]",1,20
28781,[0.70192612 0.49742983],28,26,"[0.6734889003123068, 0.4756404454441684]",1,-1
28782,[0.80543929 0.5252415 ],28,3,"[0.8068810957052946, 0.5180547120844742]",1,-1
28783,[0.74044365 0.54052501],28,11,"[0.7051682617613192, 0.574171671796882]",1,-1
28784,[0.72615904 0.55892576],28,11,"[0.7051682617613192, 0.574171671796882]",1,-1
28785,[0.75813709 0.44446622],28,32,"[0.7535856051996079, 0.45307884495298306]",1,-1
28786,[0.71519614 0.53474973],28,11,"[0.7051682617613192, 0.574171671796882]",1,-1
28787,[0.82663755 0.49968395],28,3,"[0.8068810957052946, 0.5180547120844742]",1,-1
28788,[0.84709903 0.54270241],28,3,"[0.8068810957052946, 0.5180547120844742]",1,-1
28789,[0.80231841 0.40687208],28,42,"[0.765559566045806, 0.37716611859716387]",1,-1
28790,[0.78054963 0.47135981],28,32,"[0.7535856051996079, 0.45307884495298306]",1,-1
28791,[0.71592651 0.50455604],28,26,"[0.6734889003123068, 0.4756404454441684]",1,-1
28792,[0.77016858 0.51400108],28,3,"[0.8068810957052946, 0.5180547120844742]",1,41
28793,[0.7785477  0.51651665],28,3,"[0.8068810957052946, 0.5180547120844742]",1,41
28794,[0.81051079 0.44818992],28,14,"[0.8486155699332081, 0.42850029565542425]",1,-1
28795,[0.78275297 0.62892547],28,43,"[0.8274941202305067, 0.5998913364221842]",1,-1
28796,[0.76541682 0.56478299],28,11,"[0.7051682617613192, 0.574171671796882]",1,20
28797,[0.78395758 0.48557159],28,3,"[0.8068810957052946, 0.5180547120844742]",1,45
28798,[0.71262701 0.58865724],28,11,"[0.7051682617613192, 0.574171671796882]",1,-1
28799,[0.7675681  0.53928416],28,3,"[0.8068810957052946, 0.5180547120844742]",1,-1
28800,[0.87698815 0.49330138],28,-1,-1,1,-1
28801,[0.77956143 0.60616078],28,43,"[0.8274941202305067, 0.5998913364221842]",1,-1
28802,[0.74140931 0.45030545],28,32,"[0.7535856051996079, 0.45307884495298306]",1,-1
28803,[0.77783096 0.63672868],28,43,"[0.8274941202305067, 0.5998913364221842]",1,-1
28804,[0.77673778 0.51886961],28,3,"[0.8068810957052946, 0.5180547120844742]",1,-1
28805,[0.75113522 0.42394432],28,32,"[0.7535856051996079, 0.45307884495298306]",1,-1
28806,[0.78717171 0.5725208 ],28,43,"[0.8274941202305067, 0.5998913364221842]",1,-1
28807,[0.76862057 0.47215444],28,32,"[0.7535856051996079, 0.45307884495298306]",1,-1
28808,[0.80681009 0.48937862],28,3,"[0.8068810957052946, 0.5180547120844742]",1,-1
28809,[0.73219058 0.49839539],28,32,"[0.7535856051996079, 0.45307884495298306]",1,-1
28810,[0.74072983 0.53099662],28,11,"[0.7051682617613192, 0.574171671796882]",1,-1
28811,[0.80054127 0.63429151],28,43,"[0.8274941202305067, 0.5998913364221842]",1,-1
28812,[0.7815289  0.55268774],28,3,"[0.8068810957052946, 0.5180547120844742]",1,-1
28813,[0.7854486  0.55401565],28,3,"[0.8068810957052946, 0.5180547120844742]",1,-1
28814,[0.761308   0.46539066],28,32,"[0.7535856051996079, 0.45307884495298306]",1,-1
28815,[0.78727132 0.47914935],28,32,"[0.7535856051996079, 0.45307884495298306]",1,-1
28816,[0.75897285 0.53639609],28,3,"[0.8068810957052946, 0.5180547120844742]",1,41
28817,[0.86620771 0.54511695],28,3,"[0.8068810957052946, 0.5180547120844742]",1,-1
28818,[0.77727411 0.55229642],28,3,"[0.8068810957052946, 0.5180547120844742]",1,-1
28819,[0.82715892 0.4940272 ],28,3,"[0.8068810957052946, 0.5180547120844742]",1,-1
28820,[0.81715388 0.62029405],28,43,"[0.8274941202305067, 0.5998913364221842]",1,-1
28821,[0.77279979 0.51099842],28,3,"[0.8068810957052946, 0.5180547120844742]",1,41
28822,[0.71400725 0.51352329],28,26,"[0.6734889003123068, 0.4756404454441684]",1,-1
28823,[0.75010916 0.43376146],28,32,"[0.7535856051996079, 0.45307884495298306]",1,-1
28824,[0.77710888 0.54262027],28,3,"[0.8068810957052946, 0.5180547120844742]",1,-1
28825,[0.74228769 0.52297103],28,11,"[0.7051682617613192, 0.574171671796882]",1,-1
28826,[0.78733013 0.4517857 ],28,32,"[0.7535856051996079, 0.45307884495298306]",1,-1
28827,[0.69783838 0.49149219],28,26,"[0.6734889003123068, 0.4756404454441684]",1,-1
28828,[0.66062462 0.52844728],28,10,"[0.6101257152780476, 0.5394800330734051]",1,-1
28829,[0.78747995 0.54937852],28,3,"[0.8068810957052946, 0.5180547120844742]",1,-1
28830,[0.78224163 0.58249371],28,43,"[0.8274941202305067, 0.5998913364221842]",1,-1
28831,[0.70898536 0.48729163],28,26,"[0.6734889003123068, 0.4756404454441684]",1,-1
28832,[0.7901157  0.52471294],28,3,"[0.8068810957052946, 0.5180547120844742]",1,-1
28833,[0.81425037 0.39152627],28,14,"[0.8486155699332081, 0.42850029565542425]",1,-1
28834,[0.77555429 0.51745116],28,3,"[0.8068810957052946, 0.5180547120844742]",1,41
28835,[0.80057373 0.5648047 ],28,43,"[0.8274941202305067, 0.5998913364221842]",1,-1
28836,[0.83471157 0.5955847 ],28,43,"[0.8274941202305067, 0.5998913364221842]",1,-1
28837,[0.69291724 0.53825574],28,11,"[0.7051682617613192, 0.574171671796882]",1,-1
28838,[0.80523771 0.50861457],28,3,"[0.8068810957052946, 0.5180547120844742]",1,-1
28839,[0.78968364 0.49844559],28,3,"[0.8068810957052946, 0.5180547120844742]",1,-1
28840,[0.80105591 0.58030315],28,43,"[0.8274941202305067, 0.5998913364221842]",1,-1
28841,[0.82111642 0.49804245],28,3,"[0.8068810957052946, 0.5180547120844742]",1,-1
28842,[0.72730004 0.54792544],28,11,"[0.7051682617613192, 0.574171671796882]",1,-1
28843,[0.75491275 0.58021088],28,11,"[0.7051682617613192, 0.574171671796882]",1,-1
28844,[0.89973553 0.55031995],28,-1,-1,1,-1
28845,[0.71748363 0.47902065],28,26,"[0.6734889003123068, 0.4756404454441684]",1,-1
28846,[0.75741989 0.51397714],28,3,"[0.8068810957052946, 0.5180547120844742]",1,41
28847,[0.7626725  0.48304745],28,32,"[0.7535856051996079, 0.45307884495298306]",1,-1
28848,[0.78355818 0.47955055],28,32,"[0.7535856051996079, 0.45307884495298306]",1,45
28849,[0.78031589 0.46159078],28,32,"[0.7535856051996079, 0.45307884495298306]",1,-1
28850,[0.71430201 0.59813458],28,11,"[0.7051682617613192, 0.574171671796882]",1,-1
28851,[0.69933695 0.40880794],28,30,"[0.6934973256581222, 0.4131681772802667]",1,-1
28852,[0.76643784 0.5254257 ],28,3,"[0.8068810957052946, 0.5180547120844742]",1,-1
28853,[0.68261124 0.47371521],28,26,"[0.6734889003123068, 0.4756404454441684]",1,39
28854,[0.82415158 0.50753987],28,3,"[0.8068810957052946, 0.5180547120844742]",1,-1
28855,[0.73371684 0.55095253],28,11,"[0.7051682617613192, 0.574171671796882]",1,-1
28856,[0.72592497 0.48858599],28,32,"[0.7535856051996079, 0.45307884495298306]",1,-1
28857,[0.80104298 0.49305235],28,3,"[0.8068810957052946, 0.5180547120844742]",1,-1
28858,[0.73737744 0.44621443],28,32,"[0.7535856051996079, 0.45307884495298306]",1,54
28859,[0.7057212  0.42739903],28,30,"[0.6934973256581222, 0.4131681772802667]",1,-1
28860,[0.71752568 0.52460003],28,11,"[0.7051682617613192, 0.574171671796882]",1,33
28861,[0.81083746 0.46594206],28,3,"[0.8068810957052946, 0.5180547120844742]",1,42
28862,[0.72366822 0.5350774 ],28,11,"[0.7051682617613192, 0.574171671796882]",1,-1
28863,[0.8252714  0.49861005],28,3,"[0.8068810957052946, 0.5180547120844742]",1,-1
28864,[0.78827266 0.47290682],28,32,"[0.7535856051996079, 0.45307884495298306]",1,-1
28865,[0.73322122 0.44511933],28,32,"[0.7535856051996079, 0.45307884495298306]",1,-1
28866,[0.76353551 0.56796172],28,11,"[0.7051682617613192, 0.574171671796882]",1,-1
28867,[0.85236071 0.44453602],28,14,"[0.8486155699332081, 0.42850029565542425]",1,-1
28868,[0.75626418 0.51925526],28,3,"[0.8068810957052946, 0.5180547120844742]",1,-1
28869,[0.87067846 0.47336369],28,14,"[0.8486155699332081, 0.42850029565542425]",1,-1
28870,[0.75741275 0.55477557],28,11,"[0.7051682617613192, 0.574171671796882]",1,-1
28871,[0.86180885 0.54172528],28,3,"[0.8068810957052946, 0.5180547120844742]",1,-1
28872,[0.77434502 0.51573238],28,3,"[0.8068810957052946, 0.5180547120844742]",1,41
28873,[0.75923021 0.51970458],28,3,"[0.8068810957052946, 0.5180547120844742]",1,-1
28874,[0.74217444 0.47535371],28,32,"[0.7535856051996079, 0.45307884495298306]",1,43
28875,[0.74089186 0.44961501],28,32,"[0.7535856051996079, 0.45307884495298306]",1,-1
28876,[0.87980689 0.57389259],28,43,"[0.8274941202305067, 0.5998913364221842]",1,-1
28877,[0.8760163  0.43711245],28,14,"[0.8486155699332081, 0.42850029565542425]",1,-1
28878,[0.73194446 0.56799757],28,11,"[0.7051682617613192, 0.574171671796882]",1,-1
28879,[0.71064592 0.53128428],28,11,"[0.7051682617613192, 0.574171671796882]",1,-1
28880,[0.80332255 0.54320504],28,3,"[0.8068810957052946, 0.5180547120844742]",1,-1
28881,[0.79651619 0.55394675],28,3,"[0.8068810957052946, 0.5180547120844742]",1,-1
28882,[0.78408075 0.49035953],28,3,"[0.8068810957052946, 0.5180547120844742]",1,-1
28883,[0.82608773 0.5809477 ],28,43,"[0.8274941202305067, 0.5998913364221842]",1,-1
28884,[0.78869791 0.57220403],28,43,"[0.8274941202305067, 0.5998913364221842]",1,-1
28885,[0.77518955 0.51918331],28,3,"[0.8068810957052946, 0.5180547120844742]",1,41
28886,[0.7836807  0.45723256],28,32,"[0.7535856051996079, 0.45307884495298306]",1,-1
28887,[0.70060247 0.62527475],28,11,"[0.7051682617613192, 0.574171671796882]",1,-1
28888,[0.78092173 0.54092598],28,3,"[0.8068810957052946, 0.5180547120844742]",1,41
28889,[0.78562197 0.54142646],28,3,"[0.8068810957052946, 0.5180547120844742]",1,41
28890,[0.70834729 0.56491214],28,11,"[0.7051682617613192, 0.574171671796882]",1,-1
28891,[0.80189041 0.56810801],28,43,"[0.8274941202305067, 0.5998913364221842]",1,-1
28892,[0.73898466 0.48409798],28,32,"[0.7535856051996079, 0.45307884495298306]",1,43
28893,[0.82999326 0.53846549],28,3,"[0.8068810957052946, 0.5180547120844742]",1,-1
28894,[0.77561126 0.53501765],28,3,"[0.8068810957052946, 0.5180547120844742]",1,41
28895,[0.65203335 0.49506069],28,26,"[0.6734889003123068, 0.4756404454441684]",1,-1
28896,[0.74321769 0.54163384],28,11,"[0.7051682617613192, 0.574171671796882]",1,-1
28897,[0.72198997 0.55226504],28,11,"[0.7051682617613192, 0.574171671796882]",1,-1
28898,[0.7479471  0.45685782],28,32,"[0.7535856051996079, 0.45307884495298306]",1,-1
28899,[0.7255642  0.51799234],28,11,"[0.7051682617613192, 0.574171671796882]",1,-1
28900,[0.79769425 0.59829984],28,43,"[0.8274941202305067, 0.5998913364221842]",1,-1
28901,[0.74189854 0.48386503],28,32,"[0.7535856051996079, 0.45307884495298306]",1,43
28902,[0.72814335 0.50175474],28,32,"[0.7535856051996079, 0.45307884495298306]",1,-1
28903,[0.79675347 0.53665783],28,3,"[0.8068810957052946, 0.5180547120844742]",1,-1
28904,[0.72017415 0.53299522],28,11,"[0.7051682617613192, 0.574171671796882]",1,-1
28905,[0.74474226 0.5799478 ],28,11,"[0.7051682617613192, 0.574171671796882]",1,-1
28906,[0.84115853 0.47216614],28,14,"[0.8486155699332081, 0.42850029565542425]",1,42
28907,[0.79350231 0.56660126],28,43,"[0.8274941202305067, 0.5998913364221842]",1,-1
28908,[0.68835759 0.54776144],28,11,"[0.7051682617613192, 0.574171671796882]",1,26
28909,[0.786707   0.56179798],28,3,"[0.8068810957052946, 0.5180547120844742]",1,-1
28910,[0.77703181 0.52982864],28,3,"[0.8068810957052946, 0.5180547120844742]",1,41
28911,[0.70622569 0.50040793],28,26,"[0.6734889003123068, 0.4756404454441684]",1,-1
28912,[0.84390114 0.49105507],28,3,"[0.8068810957052946, 0.5180547120844742]",1,-1
28913,[0.85228057 0.54800024],28,3,"[0.8068810957052946, 0.5180547120844742]",1,-1
28914,[0.71572298 0.55663373],28,11,"[0.7051682617613192, 0.574171671796882]",1,-1
28915,[0.80436217 0.57130175],28,43,"[0.8274941202305067, 0.5998913364221842]",1,-1
28916,[0.67962763 0.60203934],28,11,"[0.7051682617613192, 0.574171671796882]",1,-1
28917,[0.68904013 0.46331605],28,26,"[0.6734889003123068, 0.4756404454441684]",1,-1
28918,[0.7956162  0.61871584],28,43,"[0.8274941202305067, 0.5998913364221842]",1,-1
28919,[0.78171466 0.53320775],28,3,"[0.8068810957052946, 0.5180547120844742]",1,41
28920,[0.77158958 0.47200808],28,32,"[0.7535856051996079, 0.45307884495298306]",1,-1
28921,[0.8206573  0.51081566],28,3,"[0.8068810957052946, 0.5180547120844742]",1,-1
28922,[0.78395158 0.49521859],28,3,"[0.8068810957052946, 0.5180547120844742]",1,-1
28923,[0.68386336 0.51917266],28,26,"[0.6734889003123068, 0.4756404454441684]",1,-1
28924,[0.74114397 0.50945259],28,32,"[0.7535856051996079, 0.45307884495298306]",1,41
28925,[0.75124687 0.51251452],28,3,"[0.8068810957052946, 0.5180547120844742]",1,-1
28926,[0.74748497 0.4723879 ],28,32,"[0.7535856051996079, 0.45307884495298306]",1,-1
28927,[0.76758404 0.59609234],28,43,"[0.8274941202305067, 0.5998913364221842]",1,-1
28928,[0.74521692 0.54224007],28,11,"[0.7051682617613192, 0.574171671796882]",1,-1
28929,[0.77270421 0.4126886 ],28,42,"[0.765559566045806, 0.37716611859716387]",1,-1
28930,[0.79823112 0.47653888],28,3,"[0.8068810957052946, 0.5180547120844742]",1,-1
28931,[0.72254584 0.58096138],28,11,"[0.7051682617613192, 0.574171671796882]",1,-1
28932,[0.77202325 0.65307424],28,-1,-1,1,-1
28933,[0.70809781 0.48116469],28,26,"[0.6734889003123068, 0.4756404454441684]",1,-1
28934,[0.78465202 0.51842784],28,3,"[0.8068810957052946, 0.5180547120844742]",1,41
28935,[0.8429988  0.58177413],28,43,"[0.8274941202305067, 0.5998913364221842]",1,-1
28936,[0.73641282 0.46797764],28,32,"[0.7535856051996079, 0.45307884495298306]",1,-1
28937,[0.73958131 0.43832661],28,32,"[0.7535856051996079, 0.45307884495298306]",1,-1
28938,[0.75692409 0.46724297],28,32,"[0.7535856051996079, 0.45307884495298306]",1,-1
28939,[0.75832733 0.51551603],28,3,"[0.8068810957052946, 0.5180547120844742]",1,41
28940,[0.76567079 0.44810831],28,32,"[0.7535856051996079, 0.45307884495298306]",1,-1
28941,[0.81688867 0.5488459 ],28,3,"[0.8068810957052946, 0.5180547120844742]",1,-1
28942,[0.8073765  0.63519837],28,43,"[0.8274941202305067, 0.5998913364221842]",1,-1
28943,[0.71126621 0.51245745],28,26,"[0.6734889003123068, 0.4756404454441684]",1,-1
28944,[0.71416973 0.46521971],28,32,"[0.7535856051996079, 0.45307884495298306]",1,52
28945,[0.83100085 0.56449054],28,43,"[0.8274941202305067, 0.5998913364221842]",1,-1
28946,[0.61052977 0.47630401],28,27,"[0.5866068271601823, 0.4386408725933068]",1,-1
28947,[0.73152009 0.50121973],28,32,"[0.7535856051996079, 0.45307884495298306]",1,-1
28948,[0.79667829 0.42661337],28,32,"[0.7535856051996079, 0.45307884495298306]",1,38
28949,[0.78687988 0.47638365],28,32,"[0.7535856051996079, 0.45307884495298306]",1,-1
28950,[0.81051048 0.48230092],28,3,"[0.8068810957052946, 0.5180547120844742]",1,-1
28951,[0.83995866 0.55485455],28,43,"[0.8274941202305067, 0.5998913364221842]",1,-1
28952,[0.77924509 0.47846073],28,32,"[0.7535856051996079, 0.45307884495298306]",1,-1
28953,[0.70694676 0.57250399],28,11,"[0.7051682617613192, 0.574171671796882]",1,-1
28954,[0.6704197  0.51082113],28,26,"[0.6734889003123068, 0.4756404454441684]",1,-1
28955,[0.74217935 0.48351832],28,32,"[0.7535856051996079, 0.45307884495298306]",1,43
28956,[0.677207   0.52388647],28,26,"[0.6734889003123068, 0.4756404454441684]",1,-1
28957,[0.6958568  0.53395243],28,11,"[0.7051682617613192, 0.574171671796882]",1,-1
28958,[0.70331024 0.45922024],28,26,"[0.6734889003123068, 0.4756404454441684]",1,-1
28959,[0.68564093 0.41767164],28,30,"[0.6934973256581222, 0.4131681772802667]",1,57
28960,[0.76123847 0.59573958],28,11,"[0.7051682617613192, 0.574171671796882]",1,-1
28961,[0.70123592 0.48601656],28,26,"[0.6734889003123068, 0.4756404454441684]",1,-1
28962,[0.854272   0.47354641],28,14,"[0.8486155699332081, 0.42850029565542425]",1,-1
28963,[0.84606368 0.54211373],28,3,"[0.8068810957052946, 0.5180547120844742]",1,-1
28964,[0.719306   0.53242977],28,11,"[0.7051682617613192, 0.574171671796882]",1,33
28965,[0.7043084  0.53481533],28,11,"[0.7051682617613192, 0.574171671796882]",1,-1
28966,[0.78403401 0.47372721],28,32,"[0.7535856051996079, 0.45307884495298306]",1,45
28967,[0.80313752 0.44868875],28,32,"[0.7535856051996079, 0.45307884495298306]",1,-1
28968,[0.75254534 0.49821173],28,32,"[0.7535856051996079, 0.45307884495298306]",1,-1
28969,[0.80116396 0.42583847],28,14,"[0.8486155699332081, 0.42850029565542425]",1,-1
28970,[0.6972034 0.5623056],28,11,"[0.7051682617613192, 0.574171671796882]",1,-1
28971,[0.78841065 0.55055436],28,3,"[0.8068810957052946, 0.5180547120844742]",1,-1
28972,[0.69585292 0.53984381],28,11,"[0.7051682617613192, 0.574171671796882]",1,26
28973,[0.77673702 0.53593304],28,3,"[0.8068810957052946, 0.5180547120844742]",1,41
28974,[0.73452094 0.42396333],28,32,"[0.7535856051996079, 0.45307884495298306]",1,54
28975,[0.73940912 0.45147659],28,32,"[0.7535856051996079, 0.45307884495298306]",1,-1
28976,[0.72867383 0.52515092],28,11,"[0.7051682617613192, 0.574171671796882]",1,-1
28977,[0.78582031 0.53257184],28,3,"[0.8068810957052946, 0.5180547120844742]",1,41
28978,[0.82916617 0.52102458],28,3,"[0.8068810957052946, 0.5180547120844742]",1,-1
28979,[0.77091042 0.45791509],28,32,"[0.7535856051996079, 0.45307884495298306]",1,-1
28980,[0.78021331 0.58050664],28,43,"[0.8274941202305067, 0.5998913364221842]",1,-1
28981,[0.74093549 0.52322264],28,11,"[0.7051682617613192, 0.574171671796882]",1,-1
28982,[0.78498617 0.5157891 ],28,3,"[0.8068810957052946, 0.5180547120844742]",1,41
28983,[0.71894856 0.54432776],28,11,"[0.7051682617613192, 0.574171671796882]",1,-1
28984,[0.77698974 0.51499197],28,3,"[0.8068810957052946, 0.5180547120844742]",1,41
28985,[0.75354314 0.58392216],28,11,"[0.7051682617613192, 0.574171671796882]",1,-1
28986,[0.71593529 0.53038167],28,11,"[0.7051682617613192, 0.574171671796882]",1,33
28987,[0.76394916 0.44471259],28,32,"[0.7535856051996079, 0.45307884495298306]",1,-1
28988,[0.80455398 0.5049293 ],28,3,"[0.8068810957052946, 0.5180547120844742]",1,44
28989,[0.80134549 0.52385294],28,3,"[0.8068810957052946, 0.5180547120844742]",1,-1
28990,[0.74424028 0.45777754],28,32,"[0.7535856051996079, 0.45307884495298306]",1,-1
28991,[0.72982642 0.44246106],28,32,"[0.7535856051996079, 0.45307884495298306]",1,54
28992,[0.81687654 0.52160626],28,3,"[0.8068810957052946, 0.5180547120844742]",1,-1
28993,[0.78848297 0.51968351],28,3,"[0.8068810957052946, 0.5180547120844742]",1,41
28994,[0.81278058 0.5197912 ],28,3,"[0.8068810957052946, 0.5180547120844742]",1,-1
28995,[0.67058059 0.4050836 ],28,30,"[0.6934973256581222, 0.4131681772802667]",1,57
28996,[0.82554438 0.47349588],28,3,"[0.8068810957052946, 0.5180547120844742]",1,42
28997,[0.79633998 0.50490822],28,3,"[0.8068810957052946, 0.5180547120844742]",1,44
28998,[0.77784765 0.61584559],28,43,"[0.8274941202305067, 0.5998913364221842]",1,-1
28999,[0.80148135 0.50291576],28,3,"[0.8068810957052946, 0.5180547120844742]",1,44
29000,[0.59819574 0.39605207],29,28,"[0.6409610568572724, 0.3943628717562158]",1,-1
29001,[0.70769228 0.43221926],29,30,"[0.6934973256581222, 0.4131681772802667]",1,-1
29002,[0.60716275 0.44190877],29,27,"[0.5866068271601823, 0.4386408725933068]",1,-1
29003,[0.71570052 0.43045481],29,30,"[0.6934973256581222, 0.4131681772802667]",1,-1
29004,[0.72409034 0.45126037],29,32,"[0.7535856051996079, 0.45307884495298306]",1,-1
29005,[0.61476307 0.42400862],29,27,"[0.5866068271601823, 0.4386408725933068]",1,-1
29006,[0.64001782 0.44829156],29,26,"[0.6734889003123068, 0.4756404454441684]",1,-1
29007,[0.65478    0.40952996],29,28,"[0.6409610568572724, 0.3943628717562158]",1,-1
29008,[0.69570916 0.37030647],29,30,"[0.6934973256581222, 0.4131681772802667]",1,-1
29009,[0.66866174 0.37093775],29,28,"[0.6409610568572724, 0.3943628717562158]",1,-1
29010,[0.58343036 0.39174799],29,46,"[0.5877940429991866, 0.34550221910317963]",1,-1
29011,[0.65883137 0.46789715],29,26,"[0.6734889003123068, 0.4756404454441684]",1,-1
29012,[0.59182476 0.43103368],29,27,"[0.5866068271601823, 0.4386408725933068]",1,-1
29013,[0.6903874  0.55109101],29,11,"[0.7051682617613192, 0.574171671796882]",1,-1
29014,[0.61622775 0.40564553],29,28,"[0.6409610568572724, 0.3943628717562158]",1,58
29015,[0.70384315 0.43084652],29,30,"[0.6934973256581222, 0.4131681772802667]",1,-1
29016,[0.59570645 0.43908296],29,27,"[0.5866068271601823, 0.4386408725933068]",1,-1
29017,[0.63384701 0.42620987],29,28,"[0.6409610568572724, 0.3943628717562158]",1,-1
29018,[0.64213662 0.45495556],29,26,"[0.6734889003123068, 0.4756404454441684]",1,-1
29019,[0.6743429  0.52898475],29,26,"[0.6734889003123068, 0.4756404454441684]",1,-1
29020,[0.73161387 0.4054687 ],29,30,"[0.6934973256581222, 0.4131681772802667]",1,-1
29021,[0.69376661 0.4661686 ],29,26,"[0.6734889003123068, 0.4756404454441684]",1,-1
29022,[0.6651198  0.49233493],29,26,"[0.6734889003123068, 0.4756404454441684]",1,-1
29023,[0.6587361  0.44875252],29,26,"[0.6734889003123068, 0.4756404454441684]",1,-1
29024,[0.6165778  0.36039117],29,46,"[0.5877940429991866, 0.34550221910317963]",1,-1
29025,[0.62236904 0.36248322],29,28,"[0.6409610568572724, 0.3943628717562158]",1,-1
29026,[0.69566933 0.49575334],29,26,"[0.6734889003123068, 0.4756404454441684]",1,-1
29027,[0.6398763  0.51242354],29,10,"[0.6101257152780476, 0.5394800330734051]",1,-1
29028,[0.70784068 0.46278188],29,26,"[0.6734889003123068, 0.4756404454441684]",1,-1
29029,[0.64935037 0.34666045],29,28,"[0.6409610568572724, 0.3943628717562158]",1,-1
29030,[0.62446555 0.45861591],29,27,"[0.5866068271601823, 0.4386408725933068]",1,-1
29031,[0.64976858 0.40980962],29,28,"[0.6409610568572724, 0.3943628717562158]",1,-1
29032,[0.68287698 0.47178125],29,26,"[0.6734889003123068, 0.4756404454441684]",1,39
29033,[0.64801227 0.45482802],29,26,"[0.6734889003123068, 0.4756404454441684]",1,-1
29034,[0.75505773 0.41801015],29,32,"[0.7535856051996079, 0.45307884495298306]",1,-1
29035,[0.57798309 0.33774871],29,46,"[0.5877940429991866, 0.34550221910317963]",1,-1
29036,[0.66629132 0.41084145],29,30,"[0.6934973256581222, 0.4131681772802667]",1,-1
29037,[0.55645482 0.33514175],29,46,"[0.5877940429991866, 0.34550221910317963]",1,-1
29038,[0.60840417 0.3525236 ],29,46,"[0.5877940429991866, 0.34550221910317963]",1,-1
29039,[0.62514452 0.44722207],29,27,"[0.5866068271601823, 0.4386408725933068]",1,-1
29040,[0.67371203 0.38665762],29,30,"[0.6934973256581222, 0.4131681772802667]",1,-1
29041,[0.62093619 0.38213841],29,28,"[0.6409610568572724, 0.3943628717562158]",1,-1
29042,[0.63861709 0.35405355],29,28,"[0.6409610568572724, 0.3943628717562158]",1,-1
29043,[0.60212851 0.42255117],29,27,"[0.5866068271601823, 0.4386408725933068]",1,-1
29044,[0.62087757 0.4459652 ],29,27,"[0.5866068271601823, 0.4386408725933068]",1,-1
29045,[0.69368794 0.44894543],29,26,"[0.6734889003123068, 0.4756404454441684]",1,-1
29046,[0.71491148 0.42911339],29,30,"[0.6934973256581222, 0.4131681772802667]",1,-1
29047,[0.64129099 0.46747751],29,26,"[0.6734889003123068, 0.4756404454441684]",1,-1
29048,[0.67479489 0.37167468],29,28,"[0.6409610568572724, 0.3943628717562158]",1,-1
29049,[0.69085025 0.45169861],29,26,"[0.6734889003123068, 0.4756404454441684]",1,-1
29050,[0.70965518 0.41585432],29,30,"[0.6934973256581222, 0.4131681772802667]",1,-1
29051,[0.54502944 0.40656115],29,27,"[0.5866068271601823, 0.4386408725933068]",1,-1
29052,[0.55544173 0.42253604],29,27,"[0.5866068271601823, 0.4386408725933068]",1,-1
29053,[0.71707098 0.5204525 ],29,11,"[0.7051682617613192, 0.574171671796882]",1,33
29054,[0.73189867 0.38295003],29,42,"[0.765559566045806, 0.37716611859716387]",1,-1
29055,[0.64855464 0.40325993],29,28,"[0.6409610568572724, 0.3943628717562158]",1,-1
29056,[0.66829316 0.4308712 ],29,30,"[0.6934973256581222, 0.4131681772802667]",1,56
29057,[0.67218102 0.44642079],29,26,"[0.6734889003123068, 0.4756404454441684]",1,-1
29058,[0.61728406 0.34091643],29,46,"[0.5877940429991866, 0.34550221910317963]",1,-1
29059,[0.66384739 0.38240741],29,28,"[0.6409610568572724, 0.3943628717562158]",1,-1
29060,[0.66323905 0.3439672 ],29,28,"[0.6409610568572724, 0.3943628717562158]",1,-1
29061,[0.66476022 0.28399453],29,29,"[0.7250576817720672, 0.30126581813471415]",1,-1
29062,[0.67997472 0.42698145],29,30,"[0.6934973256581222, 0.4131681772802667]",1,-1
29063,[0.58047841 0.41680318],29,27,"[0.5866068271601823, 0.4386408725933068]",1,-1
29064,[0.62708882 0.48105992],29,26,"[0.6734889003123068, 0.4756404454441684]",1,-1
29065,[0.67613014 0.36944567],29,28,"[0.6409610568572724, 0.3943628717562158]",1,-1
29066,[0.66436144 0.42579935],29,30,"[0.6934973256581222, 0.4131681772802667]",1,56
29067,[0.65329034 0.43350807],29,28,"[0.6409610568572724, 0.3943628717562158]",1,56
29068,[0.7286526  0.45913468],29,32,"[0.7535856051996079, 0.45307884495298306]",1,-1
29069,[0.65519643 0.4086999 ],29,28,"[0.6409610568572724, 0.3943628717562158]",1,-1
29070,[0.65722056 0.40092027],29,28,"[0.6409610568572724, 0.3943628717562158]",1,57
29071,[0.63249805 0.47635154],29,26,"[0.6734889003123068, 0.4756404454441684]",1,34
29072,[0.62966571 0.40158422],29,28,"[0.6409610568572724, 0.3943628717562158]",1,-1
29073,[0.63921033 0.45627587],29,26,"[0.6734889003123068, 0.4756404454441684]",1,-1
29074,[0.6860577  0.34520573],29,29,"[0.7250576817720672, 0.30126581813471415]",1,-1
29075,[0.69750133 0.40019454],29,30,"[0.6934973256581222, 0.4131681772802667]",1,57
29076,[0.61770897 0.3734521 ],29,28,"[0.6409610568572724, 0.3943628717562158]",1,-1
29077,[0.62153609 0.46269682],29,27,"[0.5866068271601823, 0.4386408725933068]",1,-1
29078,[0.71993064 0.42888489],29,30,"[0.6934973256581222, 0.4131681772802667]",1,54
29079,[0.61394961 0.47000729],29,27,"[0.5866068271601823, 0.4386408725933068]",1,-1
29080,[0.70749307 0.38955968],29,30,"[0.6934973256581222, 0.4131681772802667]",1,-1
29081,[0.61392194 0.44605362],29,27,"[0.5866068271601823, 0.4386408725933068]",1,-1
29082,[0.6422777  0.45985223],29,26,"[0.6734889003123068, 0.4756404454441684]",1,-1
29083,[0.67261343 0.44813424],29,26,"[0.6734889003123068, 0.4756404454441684]",1,-1
29084,[0.69422213 0.40865741],29,30,"[0.6934973256581222, 0.4131681772802667]",1,57
29085,[0.70573874 0.44188943],29,30,"[0.6934973256581222, 0.4131681772802667]",1,-1
29086,[0.64466446 0.35737922],29,28,"[0.6409610568572724, 0.3943628717562158]",1,-1
29087,[0.73888391 0.44552646],29,32,"[0.7535856051996079, 0.45307884495298306]",1,54
29088,[0.67907209 0.39767594],29,30,"[0.6934973256581222, 0.4131681772802667]",1,57
29089,[0.68566315 0.41550157],29,30,"[0.6934973256581222, 0.4131681772802667]",1,57
29090,[0.65254116 0.49901845],29,26,"[0.6734889003123068, 0.4756404454441684]",1,-1
29091,[0.65573286 0.46855292],29,26,"[0.6734889003123068, 0.4756404454441684]",1,-1
29092,[0.68480381 0.47049696],29,26,"[0.6734889003123068, 0.4756404454441684]",1,39
29093,[0.55448582 0.45269476],29,27,"[0.5866068271601823, 0.4386408725933068]",1,-1
29094,[0.70947091 0.49397135],29,26,"[0.6734889003123068, 0.4756404454441684]",1,-1
29095,[0.66301807 0.35368042],29,28,"[0.6409610568572724, 0.3943628717562158]",1,-1
29096,[0.60733975 0.55230595],29,10,"[0.6101257152780476, 0.5394800330734051]",1,-1
29097,[0.62209906 0.36736128],29,28,"[0.6409610568572724, 0.3943628717562158]",1,-1
29098,[0.56754307 0.42949871],29,27,"[0.5866068271601823, 0.4386408725933068]",1,-1
29099,[0.68125425 0.50674384],29,26,"[0.6734889003123068, 0.4756404454441684]",1,-1
29100,[0.73381473 0.43209946],29,32,"[0.7535856051996079, 0.45307884495298306]",1,-1
29101,[0.63504545 0.47547647],29,26,"[0.6734889003123068, 0.4756404454441684]",1,34
29102,[0.7047871  0.46849588],29,26,"[0.6734889003123068, 0.4756404454441684]",1,-1
29103,[0.68636138 0.46958596],29,26,"[0.6734889003123068, 0.4756404454441684]",1,39
29104,[0.62158458 0.42687227],29,27,"[0.5866068271601823, 0.4386408725933068]",1,-1
29105,[0.6604991  0.38955637],29,28,"[0.6409610568572724, 0.3943628717562158]",1,-1
29106,[0.6635578  0.39970994],29,28,"[0.6409610568572724, 0.3943628717562158]",1,57
29107,[0.62771677 0.34539216],29,46,"[0.5877940429991866, 0.34550221910317963]",1,-1
29108,[0.62306438 0.4848494 ],29,26,"[0.6734889003123068, 0.4756404454441684]",1,-1
29109,[0.64969811 0.38711683],29,28,"[0.6409610568572724, 0.3943628717562158]",1,-1
29110,[0.75532064 0.3942458 ],29,42,"[0.765559566045806, 0.37716611859716387]",1,-1
29111,[0.56332397 0.30809557],29,46,"[0.5877940429991866, 0.34550221910317963]",1,-1
29112,[0.64359099 0.37054605],29,28,"[0.6409610568572724, 0.3943628717562158]",1,-1
29113,[0.63798926 0.38665385],29,28,"[0.6409610568572724, 0.3943628717562158]",1,-1
29114,[0.67016787 0.42570785],29,30,"[0.6934973256581222, 0.4131681772802667]",1,56
29115,[0.60824607 0.41150841],29,27,"[0.5866068271601823, 0.4386408725933068]",1,-1
29116,[0.60208348 0.50356658],29,10,"[0.6101257152780476, 0.5394800330734051]",1,-1
29117,[0.59770083 0.3476345 ],29,46,"[0.5877940429991866, 0.34550221910317963]",1,-1
29118,[0.57140423 0.38011314],29,46,"[0.5877940429991866, 0.34550221910317963]",1,-1
29119,[0.65711491 0.39864366],29,28,"[0.6409610568572724, 0.3943628717562158]",1,-1
29120,[0.69972983 0.4018375 ],29,30,"[0.6934973256581222, 0.4131681772802667]",1,-1
29121,[0.62620737 0.48119828],29,26,"[0.6734889003123068, 0.4756404454441684]",1,34
29122,[0.53299951 0.42330645],29,35,"[0.491626887866141, 0.45015531396212327]",1,-1
29123,[0.65581471 0.51841329],29,26,"[0.6734889003123068, 0.4756404454441684]",1,-1
29124,[0.64798758 0.39738433],29,28,"[0.6409610568572724, 0.3943628717562158]",1,57
29125,[0.61835066 0.52913088],29,10,"[0.6101257152780476, 0.5394800330734051]",1,-1
29126,[0.66067405 0.39113528],29,28,"[0.6409610568572724, 0.3943628717562158]",1,-1
29127,[0.76679862 0.36345656],29,42,"[0.765559566045806, 0.37716611859716387]",1,-1
29128,[0.67631981 0.45108431],29,26,"[0.6734889003123068, 0.4756404454441684]",1,-1
29129,[0.62589452 0.37806323],29,28,"[0.6409610568572724, 0.3943628717562158]",1,-1
29130,[0.61418379 0.42909465],29,27,"[0.5866068271601823, 0.4386408725933068]",1,-1
29131,[0.64790338 0.46018935],29,26,"[0.6734889003123068, 0.4756404454441684]",1,-1
29132,[0.69407519 0.4336218 ],29,30,"[0.6934973256581222, 0.4131681772802667]",1,-1
29133,[0.69082613 0.40032761],29,30,"[0.6934973256581222, 0.4131681772802667]",1,-1
29134,[0.67805447 0.47936692],29,26,"[0.6734889003123068, 0.4756404454441684]",1,39
29135,[0.70262213 0.41832796],29,30,"[0.6934973256581222, 0.4131681772802667]",1,-1
29136,[0.64638725 0.4434306 ],29,26,"[0.6734889003123068, 0.4756404454441684]",1,-1
29137,[0.65211956 0.46023794],29,26,"[0.6734889003123068, 0.4756404454441684]",1,-1
29138,[0.65598828 0.42577611],29,28,"[0.6409610568572724, 0.3943628717562158]",1,-1
29139,[0.64056875 0.50987308],29,10,"[0.6101257152780476, 0.5394800330734051]",1,-1
29140,[0.67728428 0.47320784],29,26,"[0.6734889003123068, 0.4756404454441684]",1,-1
29141,[0.72332507 0.34432015],29,29,"[0.7250576817720672, 0.30126581813471415]",1,-1
29142,[0.6385462  0.47064385],29,26,"[0.6734889003123068, 0.4756404454441684]",1,-1
29143,[0.64689178 0.43147241],29,28,"[0.6409610568572724, 0.3943628717562158]",1,-1
29144,[0.62460819 0.34344076],29,46,"[0.5877940429991866, 0.34550221910317963]",1,-1
29145,[0.6327388  0.52796344],29,10,"[0.6101257152780476, 0.5394800330734051]",1,-1
29146,[0.58328033 0.42382592],29,27,"[0.5866068271601823, 0.4386408725933068]",1,-1
29147,[0.60229591 0.45805168],29,27,"[0.5866068271601823, 0.4386408725933068]",1,-1
29148,[0.59702036 0.35562458],29,46,"[0.5877940429991866, 0.34550221910317963]",1,-1
29149,[0.66479987 0.4209355 ],29,30,"[0.6934973256581222, 0.4131681772802667]",1,56
29150,[0.63136509 0.4274578 ],29,28,"[0.6409610568572724, 0.3943628717562158]",1,-1
29151,[0.70440614 0.43578296],29,30,"[0.6934973256581222, 0.4131681772802667]",1,-1
29152,[0.62647886 0.52821123],29,10,"[0.6101257152780476, 0.5394800330734051]",1,-1
29153,[0.62791865 0.38075442],29,28,"[0.6409610568572724, 0.3943628717562158]",1,-1
29154,[0.70162269 0.36507049],29,30,"[0.6934973256581222, 0.4131681772802667]",1,-1
29155,[0.7086359  0.44636388],29,30,"[0.6934973256581222, 0.4131681772802667]",1,-1
29156,[0.7168022  0.46972566],29,32,"[0.7535856051996079, 0.45307884495298306]",1,52
29157,[0.59540905 0.34284757],29,46,"[0.5877940429991866, 0.34550221910317963]",1,-1
29158,[0.71010715 0.37667057],29,30,"[0.6934973256581222, 0.4131681772802667]",1,-1
29159,[0.59926646 0.41602129],29,27,"[0.5866068271601823, 0.4386408725933068]",1,-1
29160,[0.63889732 0.39283561],29,28,"[0.6409610568572724, 0.3943628717562158]",1,-1
29161,[0.68543364 0.4173074 ],29,30,"[0.6934973256581222, 0.4131681772802667]",1,57
29162,[0.61276308 0.40591822],29,28,"[0.6409610568572724, 0.3943628717562158]",1,-1
29163,[0.60631295 0.51189097],29,10,"[0.6101257152780476, 0.5394800330734051]",1,-1
29164,[0.69208868 0.40786398],29,30,"[0.6934973256581222, 0.4131681772802667]",1,57
29165,[0.5961002 0.4477638],29,27,"[0.5866068271601823, 0.4386408725933068]",1,-1
29166,[0.64152974 0.3625051 ],29,28,"[0.6409610568572724, 0.3943628717562158]",1,-1
29167,[0.78045695 0.51998562],29,3,"[0.8068810957052946, 0.5180547120844742]",1,41
29168,[0.6495974  0.37070699],29,28,"[0.6409610568572724, 0.3943628717562158]",1,-1
29169,[0.63963382 0.365845  ],29,28,"[0.6409610568572724, 0.3943628717562158]",1,-1
29170,[0.6621858  0.46502002],29,26,"[0.6734889003123068, 0.4756404454441684]",1,-1
29171,[0.68351701 0.36743159],29,30,"[0.6934973256581222, 0.4131681772802667]",1,-1
29172,[0.80526603 0.48680094],29,3,"[0.8068810957052946, 0.5180547120844742]",1,-1
29173,[0.6073455  0.34594492],29,46,"[0.5877940429991866, 0.34550221910317963]",1,-1
29174,[0.68723312 0.31387164],29,29,"[0.7250576817720672, 0.30126581813471415]",1,-1
29175,[0.71098722 0.4529795 ],29,32,"[0.7535856051996079, 0.45307884495298306]",1,-1
29176,[0.58622949 0.42908152],29,27,"[0.5866068271601823, 0.4386408725933068]",1,-1
29177,[0.66193036 0.42961811],29,30,"[0.6934973256581222, 0.4131681772802667]",1,56
29178,[0.65620402 0.42060715],29,28,"[0.6409610568572724, 0.3943628717562158]",1,-1
29179,[0.71832815 0.40245443],29,30,"[0.6934973256581222, 0.4131681772802667]",1,-1
29180,[0.72272054 0.49474118],29,32,"[0.7535856051996079, 0.45307884495298306]",1,-1
29181,[0.68582972 0.47558947],29,26,"[0.6734889003123068, 0.4756404454441684]",1,39
29182,[0.69414226 0.43535678],29,30,"[0.6934973256581222, 0.4131681772802667]",1,57
29183,[0.63000057 0.42720712],29,28,"[0.6409610568572724, 0.3943628717562158]",1,-1
29184,[0.64728729 0.35370633],29,28,"[0.6409610568572724, 0.3943628717562158]",1,-1
29185,[0.63105023 0.42671688],29,28,"[0.6409610568572724, 0.3943628717562158]",1,-1
29186,[0.64389545 0.44025854],29,28,"[0.6409610568572724, 0.3943628717562158]",1,56
29187,[0.63561744 0.47992052],29,26,"[0.6734889003123068, 0.4756404454441684]",1,-1
29188,[0.57639949 0.50055999],29,10,"[0.6101257152780476, 0.5394800330734051]",1,-1
29189,[0.64051502 0.42975052],29,28,"[0.6409610568572724, 0.3943628717562158]",1,-1
29190,[0.67667821 0.38002507],29,30,"[0.6934973256581222, 0.4131681772802667]",1,-1
29191,[0.63378188 0.44585988],29,27,"[0.5866068271601823, 0.4386408725933068]",1,-1
29192,[0.62991364 0.44948763],29,27,"[0.5866068271601823, 0.4386408725933068]",1,-1
29193,[0.61993636 0.44420749],29,27,"[0.5866068271601823, 0.4386408725933068]",1,58
29194,[0.6245092  0.42914733],29,28,"[0.6409610568572724, 0.3943628717562158]",1,58
29195,[0.76127355 0.4681459 ],29,32,"[0.7535856051996079, 0.45307884495298306]",1,-1
29196,[0.61393603 0.4589899 ],29,27,"[0.5866068271601823, 0.4386408725933068]",1,-1
29197,[0.66934367 0.37987079],29,28,"[0.6409610568572724, 0.3943628717562158]",1,-1
29198,[0.56308154 0.42080274],29,27,"[0.5866068271601823, 0.4386408725933068]",1,-1
29199,[0.62033894 0.43794311],29,27,"[0.5866068271601823, 0.4386408725933068]",1,-1
29200,[0.6168733  0.38978527],29,28,"[0.6409610568572724, 0.3943628717562158]",1,-1
29201,[0.72668171 0.45518245],29,32,"[0.7535856051996079, 0.45307884495298306]",1,-1
29202,[0.60386381 0.43540099],29,27,"[0.5866068271601823, 0.4386408725933068]",1,-1
29203,[0.62664472 0.42429221],29,28,"[0.6409610568572724, 0.3943628717562158]",1,58
29204,[0.62764437 0.3696814 ],29,28,"[0.6409610568572724, 0.3943628717562158]",1,-1
29205,[0.68075595 0.52208154],29,26,"[0.6734889003123068, 0.4756404454441684]",1,-1
29206,[0.57938141 0.44238284],29,27,"[0.5866068271601823, 0.4386408725933068]",1,-1
29207,[0.69476644 0.41818154],29,30,"[0.6934973256581222, 0.4131681772802667]",1,57
29208,[0.70629377 0.43917023],29,30,"[0.6934973256581222, 0.4131681772802667]",1,-1
29209,[0.70311333 0.39240378],29,30,"[0.6934973256581222, 0.4131681772802667]",1,-1
29210,[0.6238853  0.46664452],29,27,"[0.5866068271601823, 0.4386408725933068]",1,-1
29211,[0.68763965 0.38668121],29,30,"[0.6934973256581222, 0.4131681772802667]",1,-1
29212,[0.6771415  0.43049512],29,30,"[0.6934973256581222, 0.4131681772802667]",1,-1
29213,[0.73196919 0.4072106 ],29,30,"[0.6934973256581222, 0.4131681772802667]",1,-1
29214,[0.66112048 0.42812618],29,30,"[0.6934973256581222, 0.4131681772802667]",1,56
29215,[0.65910782 0.5188469 ],29,26,"[0.6734889003123068, 0.4756404454441684]",1,-1
29216,[0.62005485 0.44804538],29,27,"[0.5866068271601823, 0.4386408725933068]",1,-1
29217,[0.64187    0.40045113],29,28,"[0.6409610568572724, 0.3943628717562158]",1,-1
29218,[0.69694691 0.52686353],29,11,"[0.7051682617613192, 0.574171671796882]",1,-1
29219,[0.69693657 0.48800015],29,26,"[0.6734889003123068, 0.4756404454441684]",1,-1
29220,[0.53996093 0.41113199],29,27,"[0.5866068271601823, 0.4386408725933068]",1,-1
29221,[0.63783011 0.48503416],29,26,"[0.6734889003123068, 0.4756404454441684]",1,-1
29222,[0.69118537 0.36869697],29,30,"[0.6934973256581222, 0.4131681772802667]",1,-1
29223,[0.62941029 0.40550067],29,28,"[0.6409610568572724, 0.3943628717562158]",1,-1
29224,[0.62868091 0.35473955],29,28,"[0.6409610568572724, 0.3943628717562158]",1,-1
29225,[0.70478055 0.39604287],29,30,"[0.6934973256581222, 0.4131681772802667]",1,57
29226,[0.77178377 0.51623601],29,3,"[0.8068810957052946, 0.5180547120844742]",1,41
29227,[0.57776157 0.46549587],29,27,"[0.5866068271601823, 0.4386408725933068]",1,-1
29228,[0.68845154 0.42391156],29,30,"[0.6934973256581222, 0.4131681772802667]",1,57
29229,[0.73294794 0.46164138],29,32,"[0.7535856051996079, 0.45307884495298306]",1,-1
29230,[0.67894114 0.45240056],29,26,"[0.6734889003123068, 0.4756404454441684]",1,-1
29231,[0.73020781 0.42853947],29,32,"[0.7535856051996079, 0.45307884495298306]",1,54
29232,[0.61304236 0.36621417],29,46,"[0.5877940429991866, 0.34550221910317963]",1,-1
29233,[0.76701865 0.39555002],29,42,"[0.765559566045806, 0.37716611859716387]",1,-1
29234,[0.6647683  0.44075792],29,26,"[0.6734889003123068, 0.4756404454441684]",1,-1
29235,[0.61283208 0.43118085],29,27,"[0.5866068271601823, 0.4386408725933068]",1,-1
29236,[0.66198115 0.43648024],29,30,"[0.6934973256581222, 0.4131681772802667]",1,-1
29237,[0.70079423 0.51916519],29,26,"[0.6734889003123068, 0.4756404454441684]",1,-1
29238,[0.73351747 0.40807575],29,30,"[0.6934973256581222, 0.4131681772802667]",1,-1
29239,[0.74827371 0.40164775],29,42,"[0.765559566045806, 0.37716611859716387]",1,-1
29240,[0.65997552 0.49332264],29,26,"[0.6734889003123068, 0.4756404454441684]",1,-1
29241,[0.6875441  0.51990961],29,26,"[0.6734889003123068, 0.4756404454441684]",1,-1
29242,[0.58960107 0.33342052],29,46,"[0.5877940429991866, 0.34550221910317963]",1,-1
29243,[0.66926589 0.36134263],29,28,"[0.6409610568572724, 0.3943628717562158]",1,-1
29244,[0.61504753 0.4153833 ],29,28,"[0.6409610568572724, 0.3943628717562158]",1,-1
29245,[0.71431642 0.38420009],29,30,"[0.6934973256581222, 0.4131681772802667]",1,-1
29246,[0.65515468 0.47267239],29,26,"[0.6734889003123068, 0.4756404454441684]",1,-1
29247,[0.68577526 0.46274264],29,26,"[0.6734889003123068, 0.4756404454441684]",1,-1
29248,[0.62494215 0.44141048],29,27,"[0.5866068271601823, 0.4386408725933068]",1,-1
29249,[0.65457536 0.42778082],29,28,"[0.6409610568572724, 0.3943628717562158]",1,-1
29250,[0.63094041 0.46744254],29,26,"[0.6734889003123068, 0.4756404454441684]",1,-1
29251,[0.63585967 0.47272432],29,26,"[0.6734889003123068, 0.4756404454441684]",1,-1
29252,[0.63024362 0.39108194],29,28,"[0.6409610568572724, 0.3943628717562158]",1,-1
29253,[0.63528342 0.4125801 ],29,28,"[0.6409610568572724, 0.3943628717562158]",1,57
29254,[0.60994292 0.38870041],29,28,"[0.6409610568572724, 0.3943628717562158]",1,-1
29255,[0.61929157 0.45230891],29,27,"[0.5866068271601823, 0.4386408725933068]",1,-1
29256,[0.67554607 0.52504347],29,26,"[0.6734889003123068, 0.4756404454441684]",1,-1
29257,[0.6645605  0.47308035],29,26,"[0.6734889003123068, 0.4756404454441684]",1,-1
29258,[0.56895026 0.39563821],29,27,"[0.5866068271601823, 0.4386408725933068]",1,-1
29259,[0.70576325 0.35549615],29,29,"[0.7250576817720672, 0.30126581813471415]",1,-1
29260,[0.72742041 0.3557339 ],29,42,"[0.765559566045806, 0.37716611859716387]",1,-1
29261,[0.64385469 0.4408695 ],29,26,"[0.6734889003123068, 0.4756404454441684]",1,56
29262,[0.66358384 0.44370731],29,26,"[0.6734889003123068, 0.4756404454441684]",1,-1
29263,[0.73614915 0.41208169],29,30,"[0.6934973256581222, 0.4131681772802667]",1,-1
29264,[0.60169306 0.4564604 ],29,27,"[0.5866068271601823, 0.4386408725933068]",1,-1
29265,[0.63651749 0.37143597],29,28,"[0.6409610568572724, 0.3943628717562158]",1,-1
29266,[0.61566588 0.44561604],29,27,"[0.5866068271601823, 0.4386408725933068]",1,-1
29267,[0.58279498 0.50071435],29,10,"[0.6101257152780476, 0.5394800330734051]",1,-1
29268,[0.67084257 0.47645506],29,26,"[0.6734889003123068, 0.4756404454441684]",1,-1
29269,[0.61423451 0.49784843],29,10,"[0.6101257152780476, 0.5394800330734051]",1,-1
29270,[0.67517949 0.44970064],29,26,"[0.6734889003123068, 0.4756404454441684]",1,-1
29271,[0.77766773 0.36486291],29,42,"[0.765559566045806, 0.37716611859716387]",1,-1
29272,[0.54232481 0.35176048],29,46,"[0.5877940429991866, 0.34550221910317963]",1,-1
29273,[0.66695077 0.4379445 ],29,30,"[0.6934973256581222, 0.4131681772802667]",1,56
29274,[0.66674985 0.44215969],29,26,"[0.6734889003123068, 0.4756404454441684]",1,-1
29275,[0.63762036 0.45245149],29,26,"[0.6734889003123068, 0.4756404454441684]",1,-1
29276,[0.5743253  0.39325727],29,27,"[0.5866068271601823, 0.4386408725933068]",1,-1
29277,[0.64602895 0.39645526],29,28,"[0.6409610568572724, 0.3943628717562158]",1,-1
29278,[0.59272812 0.25821697],29,-1,-1,1,-1
29279,[0.67842477 0.46354392],29,26,"[0.6734889003123068, 0.4756404454441684]",1,-1
29280,[0.65478189 0.43161347],29,28,"[0.6409610568572724, 0.3943628717562158]",1,56
29281,[0.54757571 0.40975759],29,27,"[0.5866068271601823, 0.4386408725933068]",1,-1
29282,[0.66217022 0.55691122],29,11,"[0.7051682617613192, 0.574171671796882]",1,-1
29283,[0.65640603 0.38460009],29,28,"[0.6409610568572724, 0.3943628717562158]",1,-1
29284,[0.65234266 0.40012052],29,28,"[0.6409610568572724, 0.3943628717562158]",1,57
29285,[0.63764125 0.42095672],29,28,"[0.6409610568572724, 0.3943628717562158]",1,-1
29286,[0.66881296 0.47815208],29,26,"[0.6734889003123068, 0.4756404454441684]",1,-1
29287,[0.72862631 0.48974787],29,32,"[0.7535856051996079, 0.45307884495298306]",1,-1
29288,[0.64482985 0.43729426],29,28,"[0.6409610568572724, 0.3943628717562158]",1,56
29289,[0.64851132 0.44014496],29,26,"[0.6734889003123068, 0.4756404454441684]",1,56
29290,[0.56953022 0.45681178],29,27,"[0.5866068271601823, 0.4386408725933068]",1,-1
29291,[0.6521609  0.40985148],29,28,"[0.6409610568572724, 0.3943628717562158]",1,-1
29292,[0.65538927 0.51326474],29,26,"[0.6734889003123068, 0.4756404454441684]",1,-1
29293,[0.66360765 0.38149234],29,28,"[0.6409610568572724, 0.3943628717562158]",1,-1
29294,[0.59759695 0.33316003],29,46,"[0.5877940429991866, 0.34550221910317963]",1,-1
29295,[0.66526891 0.35971298],29,28,"[0.6409610568572724, 0.3943628717562158]",1,-1
29296,[0.6776572  0.43440098],29,30,"[0.6934973256581222, 0.4131681772802667]",1,-1
29297,[0.64496658 0.46298165],29,26,"[0.6734889003123068, 0.4756404454441684]",1,-1
29298,[0.64966553 0.40016108],29,28,"[0.6409610568572724, 0.3943628717562158]",1,-1
29299,[0.60387802 0.43971265],29,27,"[0.5866068271601823, 0.4386408725933068]",1,-1
29300,[0.65946415 0.4487357 ],29,26,"[0.6734889003123068, 0.4756404454441684]",1,-1
29301,[0.65743763 0.42860542],29,28,"[0.6409610568572724, 0.3943628717562158]",1,56
29302,[0.67218876 0.45962607],29,26,"[0.6734889003123068, 0.4756404454441684]",1,-1
29303,[0.6348222  0.42438561],29,28,"[0.6409610568572724, 0.3943628717562158]",1,-1
29304,[0.70005592 0.41855147],29,30,"[0.6934973256581222, 0.4131681772802667]",1,57
29305,[0.60756381 0.45464965],29,27,"[0.5866068271601823, 0.4386408725933068]",1,-1
29306,[0.61500274 0.43122383],29,27,"[0.5866068271601823, 0.4386408725933068]",1,-1
29307,[0.71547938 0.4088245 ],29,30,"[0.6934973256581222, 0.4131681772802667]",1,-1
29308,[0.72687018 0.37226596],29,42,"[0.765559566045806, 0.37716611859716387]",1,-1
29309,[0.62649034 0.43219357],29,27,"[0.5866068271601823, 0.4386408725933068]",1,58
29310,[0.67913197 0.41073483],29,30,"[0.6934973256581222, 0.4131681772802667]",1,57
29311,[0.72273601 0.33531539],29,29,"[0.7250576817720672, 0.30126581813471415]",1,-1
29312,[0.62533446 0.38772565],29,28,"[0.6409610568572724, 0.3943628717562158]",1,-1
29313,[0.62434884 0.44032206],29,27,"[0.5866068271601823, 0.4386408725933068]",1,-1
29314,[0.68840631 0.50742317],29,26,"[0.6734889003123068, 0.4756404454441684]",1,-1
29315,[0.59978863 0.45472192],29,27,"[0.5866068271601823, 0.4386408725933068]",1,-1
29316,[0.68537295 0.452923  ],29,26,"[0.6734889003123068, 0.4756404454441684]",1,-1
29317,[0.63447445 0.46855854],29,26,"[0.6734889003123068, 0.4756404454441684]",1,-1
29318,[0.6194862  0.38197789],29,28,"[0.6409610568572724, 0.3943628717562158]",1,-1
29319,[0.59726471 0.39545129],29,28,"[0.6409610568572724, 0.3943628717562158]",1,-1
29320,[0.64899137 0.48884793],29,26,"[0.6734889003123068, 0.4756404454441684]",1,-1
29321,[0.57234915 0.49185705],29,27,"[0.5866068271601823, 0.4386408725933068]",1,-1
29322,[0.61657864 0.4402468 ],29,27,"[0.5866068271601823, 0.4386408725933068]",1,-1
29323,[0.66498874 0.47862478],29,26,"[0.6734889003123068, 0.4756404454441684]",1,-1
29324,[0.64206215 0.53404072],29,10,"[0.6101257152780476, 0.5394800330734051]",1,-1
29325,[0.6426426  0.40142108],29,28,"[0.6409610568572724, 0.3943628717562158]",1,-1
29326,[0.68576497 0.42757989],29,30,"[0.6934973256581222, 0.4131681772802667]",1,-1
29327,[0.69265681 0.41892223],29,30,"[0.6934973256581222, 0.4131681772802667]",1,57
29328,[0.75739469 0.45495168],29,32,"[0.7535856051996079, 0.45307884495298306]",1,-1
29329,[0.56267179 0.37200876],29,46,"[0.5877940429991866, 0.34550221910317963]",1,-1
29330,[0.7462589  0.39410377],29,42,"[0.765559566045806, 0.37716611859716387]",1,-1
29331,[0.70742852 0.43072026],29,30,"[0.6934973256581222, 0.4131681772802667]",1,-1
29332,[0.62408737 0.39940644],29,28,"[0.6409610568572724, 0.3943628717562158]",1,-1
29333,[0.60389665 0.4406208 ],29,27,"[0.5866068271601823, 0.4386408725933068]",1,-1
29334,[0.68803091 0.38076831],29,30,"[0.6934973256581222, 0.4131681772802667]",1,-1
29335,[0.6590266  0.42727435],29,30,"[0.6934973256581222, 0.4131681772802667]",1,56
29336,[0.66031295 0.42770578],29,30,"[0.6934973256581222, 0.4131681772802667]",1,56
29337,[0.67458126 0.4372692 ],29,30,"[0.6934973256581222, 0.4131681772802667]",1,56
29338,[0.64335195 0.39773938],29,28,"[0.6409610568572724, 0.3943628717562158]",1,-1
29339,[0.6634427  0.41994735],29,30,"[0.6934973256581222, 0.4131681772802667]",1,-1
29340,[0.67346369 0.40353161],29,30,"[0.6934973256581222, 0.4131681772802667]",1,57
29341,[0.68776656 0.41516613],29,30,"[0.6934973256581222, 0.4131681772802667]",1,57
29342,[0.6182863  0.40931715],29,28,"[0.6409610568572724, 0.3943628717562158]",1,58
29343,[0.63265305 0.44488865],29,27,"[0.5866068271601823, 0.4386408725933068]",1,-1
29344,[0.68303697 0.41036793],29,30,"[0.6934973256581222, 0.4131681772802667]",1,-1
29345,[0.55214191 0.35321565],29,46,"[0.5877940429991866, 0.34550221910317963]",1,-1
29346,[0.62631161 0.29234201],29,46,"[0.5877940429991866, 0.34550221910317963]",1,-1
29347,[0.56587983 0.40632901],29,27,"[0.5866068271601823, 0.4386408725933068]",1,-1
29348,[0.62566866 0.4442762 ],29,27,"[0.5866068271601823, 0.4386408725933068]",1,-1
29349,[0.69604567 0.39474526],29,30,"[0.6934973256581222, 0.4131681772802667]",1,-1
29350,[0.67836692 0.33523382],29,29,"[0.7250576817720672, 0.30126581813471415]",1,-1
29351,[0.66226313 0.50141752],29,26,"[0.6734889003123068, 0.4756404454441684]",1,-1
29352,[0.72930244 0.37426525],29,42,"[0.765559566045806, 0.37716611859716387]",1,-1
29353,[0.69753989 0.36622175],29,30,"[0.6934973256581222, 0.4131681772802667]",1,-1
29354,[0.57398336 0.3340447 ],29,46,"[0.5877940429991866, 0.34550221910317963]",1,-1
29355,[0.68796587 0.37985135],29,30,"[0.6934973256581222, 0.4131681772802667]",1,-1
29356,[0.60117549 0.46889442],29,27,"[0.5866068271601823, 0.4386408725933068]",1,-1
29357,[0.74066788 0.48536754],29,32,"[0.7535856051996079, 0.45307884495298306]",1,43
29358,[0.63132461 0.44400661],29,27,"[0.5866068271601823, 0.4386408725933068]",1,-1
29359,[0.70033375 0.45649417],29,26,"[0.6734889003123068, 0.4756404454441684]",1,-1
29360,[0.62590378 0.38156472],29,28,"[0.6409610568572724, 0.3943628717562158]",1,-1
29361,[0.67946832 0.41575576],29,30,"[0.6934973256581222, 0.4131681772802667]",1,-1
29362,[0.67892286 0.50824372],29,26,"[0.6734889003123068, 0.4756404454441684]",1,-1
29363,[0.67381131 0.4348417 ],29,30,"[0.6934973256581222, 0.4131681772802667]",1,-1
29364,[0.677041   0.52120766],29,26,"[0.6734889003123068, 0.4756404454441684]",1,-1
29365,[0.69229571 0.44905534],29,26,"[0.6734889003123068, 0.4756404454441684]",1,-1
29366,[0.53044658 0.42426982],29,35,"[0.491626887866141, 0.45015531396212327]",1,-1
29367,[0.67459704 0.41152599],29,30,"[0.6934973256581222, 0.4131681772802667]",1,57
29368,[0.5816966  0.36997812],29,46,"[0.5877940429991866, 0.34550221910317963]",1,-1
29369,[0.62783729 0.43942961],29,27,"[0.5866068271601823, 0.4386408725933068]",1,-1
29370,[0.66169135 0.47350323],29,26,"[0.6734889003123068, 0.4756404454441684]",1,-1
29371,[0.64924098 0.35599652],29,28,"[0.6409610568572724, 0.3943628717562158]",1,-1
29372,[0.67509661 0.42348306],29,30,"[0.6934973256581222, 0.4131681772802667]",1,-1
29373,[0.64722073 0.41286509],29,28,"[0.6409610568572724, 0.3943628717562158]",1,-1
29374,[0.68977643 0.4437902 ],29,30,"[0.6934973256581222, 0.4131681772802667]",1,-1
29375,[0.60755241 0.5058058 ],29,10,"[0.6101257152780476, 0.5394800330734051]",1,-1
29376,[0.61819393 0.3768929 ],29,28,"[0.6409610568572724, 0.3943628717562158]",1,-1
29377,[0.6547745  0.44396359],29,26,"[0.6734889003123068, 0.4756404454441684]",1,-1
29378,[0.67970298 0.42493637],29,30,"[0.6934973256581222, 0.4131681772802667]",1,-1
29379,[0.62885583 0.43292528],29,28,"[0.6409610568572724, 0.3943628717562158]",1,-1
29380,[0.61838345 0.36866204],29,28,"[0.6409610568572724, 0.3943628717562158]",1,-1
29381,[0.63127096 0.45611049],29,26,"[0.6734889003123068, 0.4756404454441684]",1,-1
29382,[0.66620899 0.4293322 ],29,30,"[0.6934973256581222, 0.4131681772802667]",1,56
29383,[0.68843233 0.48021847],29,26,"[0.6734889003123068, 0.4756404454441684]",1,39
29384,[0.61929512 0.40573187],29,28,"[0.6409610568572724, 0.3943628717562158]",1,-1
29385,[0.62530315 0.33944125],29,46,"[0.5877940429991866, 0.34550221910317963]",1,-1
29386,[0.68252123 0.34358904],29,29,"[0.7250576817720672, 0.30126581813471415]",1,-1
29387,[0.6569761  0.44540663],29,26,"[0.6734889003123068, 0.4756404454441684]",1,56
29388,[0.73160378 0.37469386],29,42,"[0.765559566045806, 0.37716611859716387]",1,-1
29389,[0.65608258 0.38807264],29,28,"[0.6409610568572724, 0.3943628717562158]",1,-1
29390,[0.6539525  0.51086971],29,26,"[0.6734889003123068, 0.4756404454441684]",1,-1
29391,[0.6490512  0.36063486],29,28,"[0.6409610568572724, 0.3943628717562158]",1,-1
29392,[0.70704139 0.45522055],29,26,"[0.6734889003123068, 0.4756404454441684]",1,-1
29393,[0.61766284 0.38176788],29,28,"[0.6409610568572724, 0.3943628717562158]",1,-1
29394,[0.66582584 0.40054158],29,28,"[0.6409610568572724, 0.3943628717562158]",1,57
29395,[0.74241723 0.40286592],29,42,"[0.765559566045806, 0.37716611859716387]",1,-1
29396,[0.67846893 0.37116106],29,28,"[0.6409610568572724, 0.3943628717562158]",1,-1
29397,[0.61334877 0.36492815],29,46,"[0.5877940429991866, 0.34550221910317963]",1,-1
29398,[0.66321534 0.41795707],29,30,"[0.6934973256581222, 0.4131681772802667]",1,-1
29399,[0.55312301 0.48091108],29,27,"[0.5866068271601823, 0.4386408725933068]",1,-1
29400,[0.65755839 0.49966528],29,26,"[0.6734889003123068, 0.4756404454441684]",1,-1
29401,[0.740204   0.54564045],29,11,"[0.7051682617613192, 0.574171671796882]",1,-1
29402,[0.64830672 0.48735993],29,26,"[0.6734889003123068, 0.4756404454441684]",1,-1
29403,[0.71288607 0.47443589],29,26,"[0.6734889003123068, 0.4756404454441684]",1,52
29404,[0.65230137 0.3849985 ],29,28,"[0.6409610568572724, 0.3943628717562158]",1,-1
29405,[0.70264137 0.46304628],29,26,"[0.6734889003123068, 0.4756404454441684]",1,-1
29406,[0.61048022 0.52295341],29,10,"[0.6101257152780476, 0.5394800330734051]",1,-1
29407,[0.60345623 0.48202707],29,27,"[0.5866068271601823, 0.4386408725933068]",1,-1
29408,[0.66921494 0.33954387],29,28,"[0.6409610568572724, 0.3943628717562158]",1,-1
29409,[0.62920429 0.46934295],29,26,"[0.6734889003123068, 0.4756404454441684]",1,-1
29410,[0.62428607 0.40226972],29,28,"[0.6409610568572724, 0.3943628717562158]",1,-1
29411,[0.74074754 0.47809476],29,32,"[0.7535856051996079, 0.45307884495298306]",1,43
29412,[0.58683156 0.45009276],29,27,"[0.5866068271601823, 0.4386408725933068]",1,-1
29413,[0.67018507 0.45909458],29,26,"[0.6734889003123068, 0.4756404454441684]",1,-1
29414,[0.67569375 0.44322165],29,26,"[0.6734889003123068, 0.4756404454441684]",1,-1
29415,[0.7315653  0.44533503],29,32,"[0.7535856051996079, 0.45307884495298306]",1,-1
29416,[0.69799053 0.42231476],29,30,"[0.6934973256581222, 0.4131681772802667]",1,-1
29417,[0.68436616 0.39609295],29,30,"[0.6934973256581222, 0.4131681772802667]",1,-1
29418,[0.71298437 0.40611523],29,30,"[0.6934973256581222, 0.4131681772802667]",1,-1
29419,[0.67693041 0.50389464],29,26,"[0.6734889003123068, 0.4756404454441684]",1,-1
29420,[0.6532957  0.41827035],29,28,"[0.6409610568572724, 0.3943628717562158]",1,-1
29421,[0.70713082 0.30128261],29,29,"[0.7250576817720672, 0.30126581813471415]",1,-1
29422,[0.61797121 0.49615875],29,10,"[0.6101257152780476, 0.5394800330734051]",1,-1
29423,[0.60190052 0.52230132],29,10,"[0.6101257152780476, 0.5394800330734051]",1,-1
29424,[0.62532278 0.46289205],29,27,"[0.5866068271601823, 0.4386408725933068]",1,-1
29425,[0.69820007 0.40857837],29,30,"[0.6934973256581222, 0.4131681772802667]",1,-1
29426,[0.66194882 0.39132401],29,28,"[0.6409610568572724, 0.3943628717562158]",1,57
29427,[0.62715178 0.30281904],29,46,"[0.5877940429991866, 0.34550221910317963]",1,-1
29428,[0.63801303 0.39268754],29,28,"[0.6409610568572724, 0.3943628717562158]",1,-1
29429,[0.7222445 0.4883254],29,32,"[0.7535856051996079, 0.45307884495298306]",1,-1
29430,[0.6959506  0.38005322],29,30,"[0.6934973256581222, 0.4131681772802667]",1,-1
29431,[0.71279876 0.48052859],29,26,"[0.6734889003123068, 0.4756404454441684]",1,-1
29432,[0.66197657 0.49803691],29,26,"[0.6734889003123068, 0.4756404454441684]",1,-1
29433,[0.5937752  0.44867727],29,27,"[0.5866068271601823, 0.4386408725933068]",1,-1
29434,[0.6561087  0.49418709],29,26,"[0.6734889003123068, 0.4756404454441684]",1,-1
29435,[0.60654648 0.44543082],29,27,"[0.5866068271601823, 0.4386408725933068]",1,-1
29436,[0.56589505 0.48531854],29,27,"[0.5866068271601823, 0.4386408725933068]",1,-1
29437,[0.65520855 0.36847109],29,28,"[0.6409610568572724, 0.3943628717562158]",1,-1
29438,[0.6675671  0.42756228],29,30,"[0.6934973256581222, 0.4131681772802667]",1,56
29439,[0.69299528 0.30747436],29,29,"[0.7250576817720672, 0.30126581813471415]",1,-1
29440,[0.57223472 0.36573744],29,46,"[0.5877940429991866, 0.34550221910317963]",1,-1
29441,[0.72267784 0.35562304],29,42,"[0.765559566045806, 0.37716611859716387]",1,-1
29442,[0.59894958 0.52347876],29,10,"[0.6101257152780476, 0.5394800330734051]",1,-1
29443,[0.55664352 0.54330799],29,2,"[0.5181425386759565, 0.548951681512668]",1,-1
29444,[0.69808533 0.4503274 ],29,26,"[0.6734889003123068, 0.4756404454441684]",1,-1
29445,[0.68533226 0.34829662],29,29,"[0.7250576817720672, 0.30126581813471415]",1,-1
29446,[0.6744654  0.36894325],29,28,"[0.6409610568572724, 0.3943628717562158]",1,-1
29447,[0.6345127  0.39701261],29,28,"[0.6409610568572724, 0.3943628717562158]",1,-1
29448,[0.66612925 0.44022498],29,26,"[0.6734889003123068, 0.4756404454441684]",1,-1
29449,[0.62566749 0.44913259],29,27,"[0.5866068271601823, 0.4386408725933068]",1,-1
29450,[0.59598257 0.40281178],29,27,"[0.5866068271601823, 0.4386408725933068]",1,-1
29451,[0.6488232 0.4424747],29,26,"[0.6734889003123068, 0.4756404454441684]",1,-1
29452,[0.65443831 0.46681335],29,26,"[0.6734889003123068, 0.4756404454441684]",1,-1
29453,[0.68427437 0.46368098],29,26,"[0.6734889003123068, 0.4756404454441684]",1,-1
29454,[0.68945529 0.33304975],29,29,"[0.7250576817720672, 0.30126581813471415]",1,-1
29455,[0.62762254 0.33184577],29,46,"[0.5877940429991866, 0.34550221910317963]",1,-1
29456,[0.63654759 0.45275383],29,26,"[0.6734889003123068, 0.4756404454441684]",1,-1
29457,[0.62901231 0.46317852],29,26,"[0.6734889003123068, 0.4756404454441684]",1,-1
29458,[0.70411901 0.40056347],29,30,"[0.6934973256581222, 0.4131681772802667]",1,-1
29459,[0.64176511 0.43137124],29,28,"[0.6409610568572724, 0.3943628717562158]",1,-1
29460,[0.5984425  0.45564474],29,27,"[0.5866068271601823, 0.4386408725933068]",1,-1
29461,[0.64580947 0.43956053],29,28,"[0.6409610568572724, 0.3943628717562158]",1,56
29462,[0.65431236 0.47171234],29,26,"[0.6734889003123068, 0.4756404454441684]",1,-1
29463,[0.68942651 0.47098776],29,26,"[0.6734889003123068, 0.4756404454441684]",1,39
29464,[0.60836715 0.45923006],29,27,"[0.5866068271601823, 0.4386408725933068]",1,-1
29465,[0.63242038 0.43247385],29,28,"[0.6409610568572724, 0.3943628717562158]",1,-1
29466,[0.690834   0.39579385],29,30,"[0.6934973256581222, 0.4131681772802667]",1,-1
29467,[0.66565134 0.32197353],29,29,"[0.7250576817720672, 0.30126581813471415]",1,-1
29468,[0.72492394 0.45368158],29,32,"[0.7535856051996079, 0.45307884495298306]",1,-1
29469,[0.6274214  0.43438995],29,27,"[0.5866068271601823, 0.4386408725933068]",1,-1
29470,[0.66997268 0.4771682 ],29,26,"[0.6734889003123068, 0.4756404454441684]",1,-1
29471,[0.63020616 0.46969652],29,26,"[0.6734889003123068, 0.4756404454441684]",1,-1
29472,[0.65286689 0.40637179],29,28,"[0.6409610568572724, 0.3943628717562158]",1,57
29473,[0.62112241 0.37757862],29,28,"[0.6409610568572724, 0.3943628717562158]",1,-1
29474,[0.7415474  0.32310345],29,29,"[0.7250576817720672, 0.30126581813471415]",1,-1
29475,[0.62471232 0.44923812],29,27,"[0.5866068271601823, 0.4386408725933068]",1,-1
29476,[0.62189663 0.39998009],29,28,"[0.6409610568572724, 0.3943628717562158]",1,-1
29477,[0.67545854 0.40077865],29,30,"[0.6934973256581222, 0.4131681772802667]",1,57
29478,[0.64241962 0.40729264],29,28,"[0.6409610568572724, 0.3943628717562158]",1,57
29479,[0.63453865 0.43102241],29,28,"[0.6409610568572724, 0.3943628717562158]",1,-1
29480,[0.74485395 0.4626735 ],29,32,"[0.7535856051996079, 0.45307884495298306]",1,-1
29481,[0.72195361 0.40977568],29,30,"[0.6934973256581222, 0.4131681772802667]",1,-1
29482,[0.73625973 0.32528471],29,29,"[0.7250576817720672, 0.30126581813471415]",1,-1
29483,[0.62686043 0.34352755],29,46,"[0.5877940429991866, 0.34550221910317963]",1,-1
29484,[0.68794025 0.45241818],29,26,"[0.6734889003123068, 0.4756404454441684]",1,-1
29485,[0.62325148 0.54409859],29,10,"[0.6101257152780476, 0.5394800330734051]",1,-1
29486,[0.73334161 0.3942435 ],29,42,"[0.765559566045806, 0.37716611859716387]",1,-1
29487,[0.69178045 0.41320883],29,30,"[0.6934973256581222, 0.4131681772802667]",1,57
29488,[0.60276183 0.36520488],29,46,"[0.5877940429991866, 0.34550221910317963]",1,-1
29489,[0.71854314 0.44777822],29,32,"[0.7535856051996079, 0.45307884495298306]",1,-1
29490,[0.7529556  0.48252767],29,32,"[0.7535856051996079, 0.45307884495298306]",1,-1
29491,[0.65913535 0.3254787 ],29,-1,-1,1,-1
29492,[0.66215763 0.42862973],29,30,"[0.6934973256581222, 0.4131681772802667]",1,56
29493,[0.63974589 0.42390485],29,28,"[0.6409610568572724, 0.3943628717562158]",1,58
29494,[0.62047519 0.42162194],29,28,"[0.6409610568572724, 0.3943628717562158]",1,58
29495,[0.62211686 0.41212794],29,28,"[0.6409610568572724, 0.3943628717562158]",1,-1
29496,[0.6271182  0.42347767],29,28,"[0.6409610568572724, 0.3943628717562158]",1,58
29497,[0.65892813 0.46624971],29,26,"[0.6734889003123068, 0.4756404454441684]",1,-1
29498,[0.61507513 0.38666535],29,28,"[0.6409610568572724, 0.3943628717562158]",1,-1
29499,[0.7501709  0.40592422],29,42,"[0.765559566045806, 0.37716611859716387]",1,-1
29500,[0.60479108 0.3846993 ],29,28,"[0.6409610568572724, 0.3943628717562158]",1,-1
29501,[0.67643792 0.45561025],29,26,"[0.6734889003123068, 0.4756404454441684]",1,-1
29502,[0.71794988 0.38486631],29,30,"[0.6934973256581222, 0.4131681772802667]",1,-1
29503,[0.71496321 0.41782391],29,30,"[0.6934973256581222, 0.4131681772802667]",1,-1
29504,[0.64218169 0.38824695],29,28,"[0.6409610568572724, 0.3943628717562158]",1,-1
29505,[0.63339655 0.28643874],29,-1,-1,1,-1
29506,[0.5886408  0.34762028],29,46,"[0.5877940429991866, 0.34550221910317963]",1,-1
29507,[0.55892861 0.39728232],29,27,"[0.5866068271601823, 0.4386408725933068]",1,-1
29508,[0.62635935 0.45571621],29,27,"[0.5866068271601823, 0.4386408725933068]",1,-1
29509,[0.65661474 0.54477073],29,10,"[0.6101257152780476, 0.5394800330734051]",1,-1
29510,[0.67974433 0.42965108],29,30,"[0.6934973256581222, 0.4131681772802667]",1,-1
29511,[0.55048651 0.3667442 ],29,46,"[0.5877940429991866, 0.34550221910317963]",1,-1
29512,[0.55765594 0.44584867],29,27,"[0.5866068271601823, 0.4386408725933068]",1,-1
29513,[0.66490594 0.37681431],29,28,"[0.6409610568572724, 0.3943628717562158]",1,-1
29514,[0.53438526 0.43024442],29,35,"[0.491626887866141, 0.45015531396212327]",1,-1
29515,[0.63924765 0.44743147],29,26,"[0.6734889003123068, 0.4756404454441684]",1,-1
29516,[0.64998153 0.30230875],29,-1,-1,1,-1
29517,[0.60359706 0.43725322],29,27,"[0.5866068271601823, 0.4386408725933068]",1,-1
29518,[0.68466734 0.44057465],29,30,"[0.6934973256581222, 0.4131681772802667]",1,-1
29519,[0.67040002 0.43517048],29,30,"[0.6934973256581222, 0.4131681772802667]",1,-1
29520,[0.63975828 0.45714988],29,26,"[0.6734889003123068, 0.4756404454441684]",1,-1
29521,[0.63086108 0.43851403],29,27,"[0.5866068271601823, 0.4386408725933068]",1,-1
29522,[0.65355769 0.39721466],29,28,"[0.6409610568572724, 0.3943628717562158]",1,57
29523,[0.70995366 0.49013335],29,26,"[0.6734889003123068, 0.4756404454441684]",1,-1
29524,[0.66006666 0.49256411],29,26,"[0.6734889003123068, 0.4756404454441684]",1,-1
29525,[0.62313666 0.44654627],29,27,"[0.5866068271601823, 0.4386408725933068]",1,-1
29526,[0.65499766 0.54236995],29,10,"[0.6101257152780476, 0.5394800330734051]",1,-1
29527,[0.68883086 0.35491341],29,30,"[0.6934973256581222, 0.4131681772802667]",1,-1
29528,[0.64116773 0.50915152],29,10,"[0.6101257152780476, 0.5394800330734051]",1,-1
29529,[0.73775087 0.40089422],29,42,"[0.765559566045806, 0.37716611859716387]",1,-1
29530,[0.69378012 0.38989567],29,30,"[0.6934973256581222, 0.4131681772802667]",1,-1
29531,[0.58800847 0.44380119],29,27,"[0.5866068271601823, 0.4386408725933068]",1,-1
29532,[0.67293964 0.3330872 ],29,29,"[0.7250576817720672, 0.30126581813471415]",1,-1
29533,[0.68208811 0.36416252],29,30,"[0.6934973256581222, 0.4131681772802667]",1,-1
29534,[0.58990984 0.4423601 ],29,27,"[0.5866068271601823, 0.4386408725933068]",1,-1
29535,[0.6706047  0.40685164],29,30,"[0.6934973256581222, 0.4131681772802667]",1,57
29536,[0.62322606 0.319066  ],29,46,"[0.5877940429991866, 0.34550221910317963]",1,-1
29537,[0.56119975 0.40614321],29,27,"[0.5866068271601823, 0.4386408725933068]",1,-1
29538,[0.6104375 0.4145235],29,27,"[0.5866068271601823, 0.4386408725933068]",1,-1
29539,[0.65850305 0.37487418],29,28,"[0.6409610568572724, 0.3943628717562158]",1,-1
29540,[0.62057118 0.48678893],29,10,"[0.6101257152780476, 0.5394800330734051]",1,34
29541,[0.54256354 0.42931534],29,27,"[0.5866068271601823, 0.4386408725933068]",1,-1
29542,[0.70945304 0.44224681],29,30,"[0.6934973256581222, 0.4131681772802667]",1,-1
29543,[0.6826746  0.44999818],29,26,"[0.6734889003123068, 0.4756404454441684]",1,-1
29544,[0.62548766 0.41279586],29,28,"[0.6409610568572724, 0.3943628717562158]",1,-1
29545,[0.58682432 0.36611848],29,46,"[0.5877940429991866, 0.34550221910317963]",1,-1
29546,[0.68209823 0.44722065],29,26,"[0.6734889003123068, 0.4756404454441684]",1,-1
29547,[0.69366868 0.51459153],29,26,"[0.6734889003123068, 0.4756404454441684]",1,-1
29548,[0.66246352 0.4424993 ],29,26,"[0.6734889003123068, 0.4756404454441684]",1,-1
29549,[0.67872547 0.45795347],29,26,"[0.6734889003123068, 0.4756404454441684]",1,-1
29550,[0.64262296 0.44239065],29,26,"[0.6734889003123068, 0.4756404454441684]",1,56
29551,[0.61042801 0.45074154],29,27,"[0.5866068271601823, 0.4386408725933068]",1,-1
29552,[0.63402992 0.4572416 ],29,26,"[0.6734889003123068, 0.4756404454441684]",1,-1
29553,[0.74098237 0.37817439],29,42,"[0.765559566045806, 0.37716611859716387]",1,-1
29554,[0.63758896 0.48278911],29,26,"[0.6734889003123068, 0.4756404454441684]",1,-1
29555,[0.62711312 0.44436356],29,27,"[0.5866068271601823, 0.4386408725933068]",1,-1
29556,[0.6202933 0.4627923],29,27,"[0.5866068271601823, 0.4386408725933068]",1,-1
29557,[0.67073179 0.43784999],29,30,"[0.6934973256581222, 0.4131681772802667]",1,-1
29558,[0.6469503 0.423802 ],29,28,"[0.6409610568572724, 0.3943628717562158]",1,-1
29559,[0.68540876 0.36749692],29,30,"[0.6934973256581222, 0.4131681772802667]",1,-1
29560,[0.64258346 0.32732717],29,46,"[0.5877940429991866, 0.34550221910317963]",1,-1
29561,[0.65365875 0.52275256],29,10,"[0.6101257152780476, 0.5394800330734051]",1,-1
29562,[0.67673143 0.41583741],29,30,"[0.6934973256581222, 0.4131681772802667]",1,-1
29563,[0.68113433 0.44501215],29,26,"[0.6734889003123068, 0.4756404454441684]",1,-1
29564,[0.70470853 0.43346099],29,30,"[0.6934973256581222, 0.4131681772802667]",1,-1
29565,[0.6413744  0.36294267],29,28,"[0.6409610568572724, 0.3943628717562158]",1,-1
29566,[0.69125631 0.40200023],29,30,"[0.6934973256581222, 0.4131681772802667]",1,-1
29567,[0.7199007  0.32104274],29,29,"[0.7250576817720672, 0.30126581813471415]",1,-1
29568,[0.5625187  0.54980588],29,2,"[0.5181425386759565, 0.548951681512668]",1,-1
29569,[0.58907818 0.31027516],29,46,"[0.5877940429991866, 0.34550221910317963]",1,-1
29570,[0.61805935 0.38643288],29,28,"[0.6409610568572724, 0.3943628717562158]",1,-1
29571,[0.54782071 0.4287814 ],29,27,"[0.5866068271601823, 0.4386408725933068]",1,-1
29572,[0.68745356 0.52820157],29,11,"[0.7051682617613192, 0.574171671796882]",1,-1
29573,[0.65145939 0.44741654],29,26,"[0.6734889003123068, 0.4756404454441684]",1,-1
29574,[0.68574166 0.37326668],29,30,"[0.6934973256581222, 0.4131681772802667]",1,-1
29575,[0.64384026 0.50657151],29,26,"[0.6734889003123068, 0.4756404454441684]",1,-1
29576,[0.60452527 0.44671206],29,27,"[0.5866068271601823, 0.4386408725933068]",1,-1
29577,[0.69825683 0.43387908],29,30,"[0.6934973256581222, 0.4131681772802667]",1,-1
29578,[0.65738336 0.48744879],29,26,"[0.6734889003123068, 0.4756404454441684]",1,-1
29579,[0.61357504 0.41645196],29,27,"[0.5866068271601823, 0.4386408725933068]",1,-1
29580,[0.66572604 0.4196194 ],29,30,"[0.6934973256581222, 0.4131681772802667]",1,56
29581,[0.68423663 0.48680584],29,26,"[0.6734889003123068, 0.4756404454441684]",1,-1
29582,[0.66163547 0.4078994 ],29,28,"[0.6409610568572724, 0.3943628717562158]",1,-1
29583,[0.68286363 0.330398  ],29,29,"[0.7250576817720672, 0.30126581813471415]",1,-1
29584,[0.67183434 0.4362099 ],29,30,"[0.6934973256581222, 0.4131681772802667]",1,-1
29585,[0.7145148  0.46937788],29,26,"[0.6734889003123068, 0.4756404454441684]",1,52
29586,[0.599659   0.40388548],29,27,"[0.5866068271601823, 0.4386408725933068]",1,-1
29587,[0.57064353 0.37788322],29,46,"[0.5877940429991866, 0.34550221910317963]",1,-1
29588,[0.71384542 0.50827422],29,26,"[0.6734889003123068, 0.4756404454441684]",1,-1
29589,[0.60952583 0.44564249],29,27,"[0.5866068271601823, 0.4386408725933068]",1,-1
29590,[0.65370602 0.42341407],29,28,"[0.6409610568572724, 0.3943628717562158]",1,-1
29591,[0.61701814 0.47631481],29,27,"[0.5866068271601823, 0.4386408725933068]",1,-1
29592,[0.71295979 0.40701274],29,30,"[0.6934973256581222, 0.4131681772802667]",1,-1
29593,[0.69250951 0.4545606 ],29,26,"[0.6734889003123068, 0.4756404454441684]",1,-1
29594,[0.69888778 0.45645455],29,26,"[0.6734889003123068, 0.4756404454441684]",1,-1
29595,[0.64179086 0.42327945],29,28,"[0.6409610568572724, 0.3943628717562158]",1,58
29596,[0.64239262 0.39837595],29,28,"[0.6409610568572724, 0.3943628717562158]",1,-1
29597,[0.69741589 0.45871583],29,26,"[0.6734889003123068, 0.4756404454441684]",1,-1
29598,[0.56695537 0.41877066],29,27,"[0.5866068271601823, 0.4386408725933068]",1,-1
29599,[0.64692481 0.39633411],29,28,"[0.6409610568572724, 0.3943628717562158]",1,-1
29600,[0.66852027 0.37625035],29,28,"[0.6409610568572724, 0.3943628717562158]",1,-1
29601,[0.66113765 0.35423846],29,28,"[0.6409610568572724, 0.3943628717562158]",1,-1
29602,[0.62509679 0.40165249],29,28,"[0.6409610568572724, 0.3943628717562158]",1,-1
29603,[0.6506192  0.42841488],29,28,"[0.6409610568572724, 0.3943628717562158]",1,-1
29604,[0.68543241 0.4762725 ],29,26,"[0.6734889003123068, 0.4756404454441684]",1,39
29605,[0.72692143 0.47136096],29,32,"[0.7535856051996079, 0.45307884495298306]",1,-1
29606,[0.68422033 0.31901792],29,29,"[0.7250576817720672, 0.30126581813471415]",1,-1
29607,[0.6680053  0.46124275],29,26,"[0.6734889003123068, 0.4756404454441684]",1,-1
29608,[0.6370855  0.42785958],29,28,"[0.6409610568572724, 0.3943628717562158]",1,58
29609,[0.62641205 0.43823322],29,27,"[0.5866068271601823, 0.4386408725933068]",1,-1
29610,[0.60413746 0.43206632],29,27,"[0.5866068271601823, 0.4386408725933068]",1,-1
29611,[0.6218992 0.4253728],29,28,"[0.6409610568572724, 0.3943628717562158]",1,58
29612,[0.69848505 0.47796056],29,26,"[0.6734889003123068, 0.4756404454441684]",1,-1
29613,[0.6769507  0.50284005],29,26,"[0.6734889003123068, 0.4756404454441684]",1,-1
29614,[0.5879759  0.33729544],29,46,"[0.5877940429991866, 0.34550221910317963]",1,-1
29615,[0.5896855  0.40806502],29,27,"[0.5866068271601823, 0.4386408725933068]",1,-1
29616,[0.66513984 0.46347816],29,26,"[0.6734889003123068, 0.4756404454441684]",1,-1
29617,[0.6932138 0.4274785],29,30,"[0.6934973256581222, 0.4131681772802667]",1,57
29618,[0.71175962 0.41927035],29,30,"[0.6934973256581222, 0.4131681772802667]",1,-1
29619,[0.6519604  0.44887515],29,26,"[0.6734889003123068, 0.4756404454441684]",1,-1
29620,[0.69100484 0.34589016],29,29,"[0.7250576817720672, 0.30126581813471415]",1,-1
29621,[0.7056424  0.33778422],29,29,"[0.7250576817720672, 0.30126581813471415]",1,-1
29622,[0.55263553 0.36066974],29,46,"[0.5877940429991866, 0.34550221910317963]",1,-1
29623,[0.64271367 0.46579796],29,26,"[0.6734889003123068, 0.4756404454441684]",1,-1
29624,[0.6641232  0.32140147],29,29,"[0.7250576817720672, 0.30126581813471415]",1,-1
29625,[0.64834999 0.4397356 ],29,26,"[0.6734889003123068, 0.4756404454441684]",1,56
29626,[0.61900032 0.38144032],29,28,"[0.6409610568572724, 0.3943628717562158]",1,-1
29627,[0.66458286 0.4767996 ],29,26,"[0.6734889003123068, 0.4756404454441684]",1,-1
29628,[0.76226804 0.33778546],29,42,"[0.765559566045806, 0.37716611859716387]",1,-1
29629,[0.62633097 0.42187078],29,28,"[0.6409610568572724, 0.3943628717562158]",1,58
29630,[0.63124825 0.46507148],29,26,"[0.6734889003123068, 0.4756404454441684]",1,-1
29631,[0.65826758 0.38364045],29,28,"[0.6409610568572724, 0.3943628717562158]",1,-1
29632,[0.65892859 0.38689125],29,28,"[0.6409610568572724, 0.3943628717562158]",1,-1
29633,[0.64680853 0.48012005],29,26,"[0.6734889003123068, 0.4756404454441684]",1,-1
29634,[0.67433215 0.40911631],29,30,"[0.6934973256581222, 0.4131681772802667]",1,57
29635,[0.68881458 0.471185  ],29,26,"[0.6734889003123068, 0.4756404454441684]",1,-1
29636,[0.66069996 0.45885065],29,26,"[0.6734889003123068, 0.4756404454441684]",1,-1
29637,[0.69392335 0.53989866],29,11,"[0.7051682617613192, 0.574171671796882]",1,26
29638,[0.66033457 0.43315939],29,30,"[0.6934973256581222, 0.4131681772802667]",1,56
29639,[0.71028567 0.37375573],29,30,"[0.6934973256581222, 0.4131681772802667]",1,-1
29640,[0.60970143 0.37056995],29,46,"[0.5877940429991866, 0.34550221910317963]",1,-1
29641,[0.71648487 0.43433436],29,30,"[0.6934973256581222, 0.4131681772802667]",1,-1
29642,[0.71845999 0.47607594],29,32,"[0.7535856051996079, 0.45307884495298306]",1,-1
29643,[0.66536826 0.42375475],29,30,"[0.6934973256581222, 0.4131681772802667]",1,56
29644,[0.6843006  0.29262118],29,29,"[0.7250576817720672, 0.30126581813471415]",1,-1
29645,[0.66954944 0.3736338 ],29,28,"[0.6409610568572724, 0.3943628717562158]",1,-1
29646,[0.66915916 0.41718682],29,30,"[0.6934973256581222, 0.4131681772802667]",1,-1
29647,[0.62025282 0.44040335],29,27,"[0.5866068271601823, 0.4386408725933068]",1,-1
29648,[0.61716112 0.48568462],29,10,"[0.6101257152780476, 0.5394800330734051]",1,34
29649,[0.68833206 0.4086158 ],29,30,"[0.6934973256581222, 0.4131681772802667]",1,-1
29650,[0.67824262 0.49484731],29,26,"[0.6734889003123068, 0.4756404454441684]",1,-1
29651,[0.71376047 0.42314529],29,30,"[0.6934973256581222, 0.4131681772802667]",1,-1
29652,[0.57328263 0.37100733],29,46,"[0.5877940429991866, 0.34550221910317963]",1,-1
29653,[0.62331037 0.40826956],29,28,"[0.6409610568572724, 0.3943628717562158]",1,58
29654,[0.6614247  0.35872331],29,28,"[0.6409610568572724, 0.3943628717562158]",1,-1
29655,[0.68152532 0.41049191],29,30,"[0.6934973256581222, 0.4131681772802667]",1,-1
29656,[0.621681   0.48122556],29,26,"[0.6734889003123068, 0.4756404454441684]",1,34
29657,[0.69109105 0.40768841],29,30,"[0.6934973256581222, 0.4131681772802667]",1,-1
29658,[0.59249183 0.36704034],29,46,"[0.5877940429991866, 0.34550221910317963]",1,-1
29659,[0.60304876 0.394575  ],29,28,"[0.6409610568572724, 0.3943628717562158]",1,-1
29660,[0.67251294 0.35302287],29,28,"[0.6409610568572724, 0.3943628717562158]",1,-1
29661,[0.64507837 0.42722604],29,28,"[0.6409610568572724, 0.3943628717562158]",1,-1
29662,[0.6347777  0.41106754],29,28,"[0.6409610568572724, 0.3943628717562158]",1,57
29663,[0.6845749  0.38322103],29,30,"[0.6934973256581222, 0.4131681772802667]",1,-1
29664,[0.70366111 0.49845793],29,26,"[0.6734889003123068, 0.4756404454441684]",1,-1
29665,[0.70311343 0.42417601],29,30,"[0.6934973256581222, 0.4131681772802667]",1,-1
29666,[0.66570293 0.46010335],29,26,"[0.6734889003123068, 0.4756404454441684]",1,-1
29667,[0.58487207 0.37836319],29,46,"[0.5877940429991866, 0.34550221910317963]",1,-1
29668,[0.64618962 0.41616132],29,28,"[0.6409610568572724, 0.3943628717562158]",1,-1
29669,[0.62348923 0.49153525],29,10,"[0.6101257152780476, 0.5394800330734051]",1,34
29670,[0.66627924 0.46434689],29,26,"[0.6734889003123068, 0.4756404454441684]",1,-1
29671,[0.60967001 0.46989955],29,27,"[0.5866068271601823, 0.4386408725933068]",1,-1
29672,[0.63813594 0.37842031],29,28,"[0.6409610568572724, 0.3943628717562158]",1,-1
29673,[0.52614609 0.39132272],29,37,"[0.4780366509520634, 0.3686118735311782]",1,-1
29674,[0.66996223 0.42392625],29,30,"[0.6934973256581222, 0.4131681772802667]",1,56
29675,[0.61804707 0.45844534],29,27,"[0.5866068271601823, 0.4386408725933068]",1,-1
29676,[0.72431077 0.41121252],29,30,"[0.6934973256581222, 0.4131681772802667]",1,-1
29677,[0.59843373 0.41484781],29,27,"[0.5866068271601823, 0.4386408725933068]",1,-1
29678,[0.6865153  0.43645368],29,30,"[0.6934973256581222, 0.4131681772802667]",1,-1
29679,[0.62529782 0.40429664],29,28,"[0.6409610568572724, 0.3943628717562158]",1,-1
29680,[0.62180316 0.40704434],29,28,"[0.6409610568572724, 0.3943628717562158]",1,58
29681,[0.6171484  0.42415747],29,27,"[0.5866068271601823, 0.4386408725933068]",1,-1
29682,[0.61962822 0.42976784],29,27,"[0.5866068271601823, 0.4386408725933068]",1,-1
29683,[0.68252309 0.4949061 ],29,26,"[0.6734889003123068, 0.4756404454441684]",1,-1
29684,[0.58808985 0.48352413],29,27,"[0.5866068271601823, 0.4386408725933068]",1,-1
29685,[0.635921   0.40918296],29,28,"[0.6409610568572724, 0.3943628717562158]",1,57
29686,[0.66862705 0.49066061],29,26,"[0.6734889003123068, 0.4756404454441684]",1,-1
29687,[0.71869626 0.4053876 ],29,30,"[0.6934973256581222, 0.4131681772802667]",1,-1
29688,[0.58561954 0.37807696],29,46,"[0.5877940429991866, 0.34550221910317963]",1,-1
29689,[0.67278946 0.36487185],29,28,"[0.6409610568572724, 0.3943628717562158]",1,-1
29690,[0.55253829 0.44899236],29,27,"[0.5866068271601823, 0.4386408725933068]",1,-1
29691,[0.68886129 0.44207903],29,30,"[0.6934973256581222, 0.4131681772802667]",1,-1
29692,[0.67078815 0.41906467],29,30,"[0.6934973256581222, 0.4131681772802667]",1,-1
29693,[0.66741351 0.38187163],29,28,"[0.6409610568572724, 0.3943628717562158]",1,-1
29694,[0.60787771 0.47071719],29,27,"[0.5866068271601823, 0.4386408725933068]",1,-1
29695,[0.64765687 0.41167012],29,28,"[0.6409610568572724, 0.3943628717562158]",1,-1
29696,[0.64251694 0.36367322],29,28,"[0.6409610568572724, 0.3943628717562158]",1,-1
29697,[0.7664226  0.39414737],29,42,"[0.765559566045806, 0.37716611859716387]",1,-1
29698,[0.62719103 0.40880601],29,28,"[0.6409610568572724, 0.3943628717562158]",1,-1
29699,[0.58547956 0.43194573],29,27,"[0.5866068271601823, 0.4386408725933068]",1,-1
29700,[0.63889276 0.31643817],29,46,"[0.5877940429991866, 0.34550221910317963]",1,-1
29701,[0.70119989 0.47406257],29,26,"[0.6734889003123068, 0.4756404454441684]",1,-1
29702,[0.65534268 0.36606717],29,28,"[0.6409610568572724, 0.3943628717562158]",1,-1
29703,[0.70246028 0.39568638],29,30,"[0.6934973256581222, 0.4131681772802667]",1,57
29704,[0.64198843 0.45040151],29,26,"[0.6734889003123068, 0.4756404454441684]",1,-1
29705,[0.67619874 0.3611203 ],29,28,"[0.6409610568572724, 0.3943628717562158]",1,-1
29706,[0.71753808 0.46138335],29,32,"[0.7535856051996079, 0.45307884495298306]",1,-1
29707,[0.7048016  0.41963309],29,30,"[0.6934973256581222, 0.4131681772802667]",1,57
29708,[0.671368   0.44223591],29,26,"[0.6734889003123068, 0.4756404454441684]",1,56
29709,[0.70382001 0.3052127 ],29,29,"[0.7250576817720672, 0.30126581813471415]",1,-1
29710,[0.6858557  0.49067347],29,26,"[0.6734889003123068, 0.4756404454441684]",1,-1
29711,[0.66151606 0.46445268],29,26,"[0.6734889003123068, 0.4756404454441684]",1,-1
29712,[0.63940254 0.48242697],29,26,"[0.6734889003123068, 0.4756404454441684]",1,-1
29713,[0.8080908  0.36096844],29,42,"[0.765559566045806, 0.37716611859716387]",1,-1
29714,[0.59802535 0.45704121],29,27,"[0.5866068271601823, 0.4386408725933068]",1,-1
29715,[0.6106588  0.39334273],29,28,"[0.6409610568572724, 0.3943628717562158]",1,-1
29716,[0.77289356 0.369778  ],29,42,"[0.765559566045806, 0.37716611859716387]",1,-1
29717,[0.71554704 0.33557018],29,29,"[0.7250576817720672, 0.30126581813471415]",1,-1
29718,[0.71064435 0.39912528],29,30,"[0.6934973256581222, 0.4131681772802667]",1,-1
29719,[0.58957176 0.38956402],29,46,"[0.5877940429991866, 0.34550221910317963]",1,-1
29720,[0.67802533 0.44066807],29,30,"[0.6934973256581222, 0.4131681772802667]",1,-1
29721,[0.59489028 0.41767567],29,27,"[0.5866068271601823, 0.4386408725933068]",1,-1
29722,[0.6677604 0.4194126],29,30,"[0.6934973256581222, 0.4131681772802667]",1,56
29723,[0.56633194 0.39442468],29,27,"[0.5866068271601823, 0.4386408725933068]",1,-1
29724,[0.81970787 0.44519297],29,14,"[0.8486155699332081, 0.42850029565542425]",1,-1
29725,[0.63498442 0.48353931],29,26,"[0.6734889003123068, 0.4756404454441684]",1,-1
29726,[0.61292324 0.38582294],29,28,"[0.6409610568572724, 0.3943628717562158]",1,-1
29727,[0.68535856 0.39115149],29,30,"[0.6934973256581222, 0.4131681772802667]",1,-1
29728,[0.58368005 0.4073936 ],29,27,"[0.5866068271601823, 0.4386408725933068]",1,-1
29729,[0.69848255 0.3830915 ],29,30,"[0.6934973256581222, 0.4131681772802667]",1,-1
29730,[0.55943401 0.37672994],29,46,"[0.5877940429991866, 0.34550221910317963]",1,-1
29731,[0.67839658 0.37601669],29,30,"[0.6934973256581222, 0.4131681772802667]",1,-1
29732,[0.57395141 0.53760152],29,10,"[0.6101257152780476, 0.5394800330734051]",1,-1
29733,[0.73099852 0.44836481],29,32,"[0.7535856051996079, 0.45307884495298306]",1,-1
29734,[0.69715043 0.41004601],29,30,"[0.6934973256581222, 0.4131681772802667]",1,-1
29735,[0.62044628 0.44763213],29,27,"[0.5866068271601823, 0.4386408725933068]",1,-1
29736,[0.66600453 0.44159661],29,26,"[0.6734889003123068, 0.4756404454441684]",1,-1
29737,[0.71852835 0.37106075],29,42,"[0.765559566045806, 0.37716611859716387]",1,-1
29738,[0.66103826 0.44665487],29,26,"[0.6734889003123068, 0.4756404454441684]",1,-1
29739,[0.59672428 0.39141788],29,28,"[0.6409610568572724, 0.3943628717562158]",1,-1
29740,[0.7009812  0.39021229],29,30,"[0.6934973256581222, 0.4131681772802667]",1,-1
29741,[0.66089501 0.40762153],29,28,"[0.6409610568572724, 0.3943628717562158]",1,-1
29742,[0.69345016 0.52870102],29,11,"[0.7051682617613192, 0.574171671796882]",1,-1
29743,[0.71117469 0.36521092],29,30,"[0.6934973256581222, 0.4131681772802667]",1,-1
29744,[0.5919594  0.43106364],29,27,"[0.5866068271601823, 0.4386408725933068]",1,-1
29745,[0.54216984 0.44446558],29,27,"[0.5866068271601823, 0.4386408725933068]",1,-1
29746,[0.68567573 0.32450216],29,29,"[0.7250576817720672, 0.30126581813471415]",1,-1
29747,[0.6254768  0.44245684],29,27,"[0.5866068271601823, 0.4386408725933068]",1,-1
29748,[0.63970716 0.48599852],29,26,"[0.6734889003123068, 0.4756404454441684]",1,-1
29749,[0.70194524 0.36160611],29,30,"[0.6934973256581222, 0.4131681772802667]",1,-1
29750,[0.61431497 0.42639303],29,27,"[0.5866068271601823, 0.4386408725933068]",1,-1
29751,[0.58893812 0.3488369 ],29,46,"[0.5877940429991866, 0.34550221910317963]",1,-1
29752,[0.61613496 0.37553145],29,28,"[0.6409610568572724, 0.3943628717562158]",1,-1
29753,[0.675645   0.39236235],29,30,"[0.6934973256581222, 0.4131681772802667]",1,-1
29754,[0.63611568 0.40910309],29,28,"[0.6409610568572724, 0.3943628717562158]",1,57
29755,[0.71221673 0.42334356],29,30,"[0.6934973256581222, 0.4131681772802667]",1,-1
29756,[0.63174271 0.36410072],29,28,"[0.6409610568572724, 0.3943628717562158]",1,-1
29757,[0.68111207 0.45148925],29,26,"[0.6734889003123068, 0.4756404454441684]",1,-1
29758,[0.64321389 0.35758904],29,28,"[0.6409610568572724, 0.3943628717562158]",1,-1
29759,[0.63900547 0.41797037],29,28,"[0.6409610568572724, 0.3943628717562158]",1,-1
29760,[0.62947394 0.40130737],29,28,"[0.6409610568572724, 0.3943628717562158]",1,-1
29761,[0.64608862 0.38981396],29,28,"[0.6409610568572724, 0.3943628717562158]",1,-1
29762,[0.64544319 0.3572185 ],29,28,"[0.6409610568572724, 0.3943628717562158]",1,-1
29763,[0.65049102 0.42062833],29,28,"[0.6409610568572724, 0.3943628717562158]",1,-1
29764,[0.63374146 0.42337394],29,28,"[0.6409610568572724, 0.3943628717562158]",1,-1
29765,[0.63286681 0.36260906],29,28,"[0.6409610568572724, 0.3943628717562158]",1,-1
29766,[0.66874725 0.41076598],29,30,"[0.6934973256581222, 0.4131681772802667]",1,57
29767,[0.6741091  0.40708792],29,30,"[0.6934973256581222, 0.4131681772802667]",1,57
29768,[0.78558331 0.46733485],29,32,"[0.7535856051996079, 0.45307884495298306]",1,-1
29769,[0.67209925 0.37167096],29,28,"[0.6409610568572724, 0.3943628717562158]",1,-1
29770,[0.68168152 0.43672816],29,30,"[0.6934973256581222, 0.4131681772802667]",1,-1
29771,[0.75793861 0.47065092],29,32,"[0.7535856051996079, 0.45307884495298306]",1,-1
29772,[0.71344637 0.44528514],29,30,"[0.6934973256581222, 0.4131681772802667]",1,-1
29773,[0.60079172 0.4484062 ],29,27,"[0.5866068271601823, 0.4386408725933068]",1,-1
29774,[0.63310172 0.37664999],29,28,"[0.6409610568572724, 0.3943628717562158]",1,-1
29775,[0.63405352 0.34028156],29,46,"[0.5877940429991866, 0.34550221910317963]",1,-1
29776,[0.63727114 0.48672689],29,26,"[0.6734889003123068, 0.4756404454441684]",1,-1
29777,[0.68242997 0.36994442],29,30,"[0.6934973256581222, 0.4131681772802667]",1,-1
29778,[0.65956064 0.37258685],29,28,"[0.6409610568572724, 0.3943628717562158]",1,-1
29779,[0.72799332 0.4445328 ],29,32,"[0.7535856051996079, 0.45307884495298306]",1,54
29780,[0.62739143 0.5001065 ],29,10,"[0.6101257152780476, 0.5394800330734051]",1,-1
29781,[0.68657604 0.44890861],29,26,"[0.6734889003123068, 0.4756404454441684]",1,-1
29782,[0.63399805 0.38539084],29,28,"[0.6409610568572724, 0.3943628717562158]",1,-1
29783,[0.65413892 0.3806712 ],29,28,"[0.6409610568572724, 0.3943628717562158]",1,-1
29784,[0.71865385 0.42538443],29,30,"[0.6934973256581222, 0.4131681772802667]",1,-1
29785,[0.69606825 0.31738503],29,29,"[0.7250576817720672, 0.30126581813471415]",1,-1
29786,[0.70604957 0.39246011],29,30,"[0.6934973256581222, 0.4131681772802667]",1,-1
29787,[0.57675176 0.43133432],29,27,"[0.5866068271601823, 0.4386408725933068]",1,-1
29788,[0.64939696 0.39871491],29,28,"[0.6409610568572724, 0.3943628717562158]",1,57
29789,[0.60611769 0.47535795],29,27,"[0.5866068271601823, 0.4386408725933068]",1,-1
29790,[0.66380608 0.46688544],29,26,"[0.6734889003123068, 0.4756404454441684]",1,-1
29791,[0.7025911  0.40187948],29,30,"[0.6934973256581222, 0.4131681772802667]",1,57
29792,[0.67925858 0.4727996 ],29,26,"[0.6734889003123068, 0.4756404454441684]",1,-1
29793,[0.67175751 0.43927966],29,30,"[0.6934973256581222, 0.4131681772802667]",1,-1
29794,[0.70209576 0.30759304],29,29,"[0.7250576817720672, 0.30126581813471415]",1,-1
29795,[0.6412161  0.42314163],29,28,"[0.6409610568572724, 0.3943628717562158]",1,58
29796,[0.73033272 0.47754615],29,32,"[0.7535856051996079, 0.45307884495298306]",1,-1
29797,[0.65984948 0.39062541],29,28,"[0.6409610568572724, 0.3943628717562158]",1,-1
29798,[0.68014669 0.38640048],29,30,"[0.6934973256581222, 0.4131681772802667]",1,-1
29799,[0.6754325  0.40310057],29,30,"[0.6934973256581222, 0.4131681772802667]",1,57
29800,[0.59259825 0.4817212 ],29,27,"[0.5866068271601823, 0.4386408725933068]",1,-1
29801,[0.65423298 0.45560497],29,26,"[0.6734889003123068, 0.4756404454441684]",1,-1
29802,[0.66410356 0.52142246],29,26,"[0.6734889003123068, 0.4756404454441684]",1,-1
29803,[0.69411333 0.42945621],29,30,"[0.6934973256581222, 0.4131681772802667]",1,-1
29804,[0.71427089 0.46752609],29,26,"[0.6734889003123068, 0.4756404454441684]",1,52
29805,[0.66353003 0.31847173],29,29,"[0.7250576817720672, 0.30126581813471415]",1,-1
29806,[0.65455924 0.38257612],29,28,"[0.6409610568572724, 0.3943628717562158]",1,-1
29807,[0.70851759 0.44555264],29,30,"[0.6934973256581222, 0.4131681772802667]",1,-1
29808,[0.60151483 0.45071735],29,27,"[0.5866068271601823, 0.4386408725933068]",1,-1
29809,[0.68631978 0.47775509],29,26,"[0.6734889003123068, 0.4756404454441684]",1,39
29810,[0.66913883 0.40798456],29,30,"[0.6934973256581222, 0.4131681772802667]",1,57
29811,[0.66230753 0.40434509],29,28,"[0.6409610568572724, 0.3943628717562158]",1,57
29812,[0.64582381 0.47566754],29,26,"[0.6734889003123068, 0.4756404454441684]",1,-1
29813,[0.62405052 0.50550469],29,10,"[0.6101257152780476, 0.5394800330734051]",1,-1
29814,[0.65813493 0.4691715 ],29,26,"[0.6734889003123068, 0.4756404454441684]",1,-1
29815,[0.65133474 0.47266343],29,26,"[0.6734889003123068, 0.4756404454441684]",1,-1
29816,[0.67485603 0.50372746],29,26,"[0.6734889003123068, 0.4756404454441684]",1,-1
29817,[0.6950237  0.43955095],29,30,"[0.6934973256581222, 0.4131681772802667]",1,-1
29818,[0.7702876  0.40748658],29,42,"[0.765559566045806, 0.37716611859716387]",1,-1
29819,[0.68271759 0.42793764],29,30,"[0.6934973256581222, 0.4131681772802667]",1,-1
29820,[0.65199277 0.46675309],29,26,"[0.6734889003123068, 0.4756404454441684]",1,-1
29821,[0.60897607 0.34478829],29,46,"[0.5877940429991866, 0.34550221910317963]",1,-1
29822,[0.67843568 0.37545885],29,30,"[0.6934973256581222, 0.4131681772802667]",1,-1
29823,[0.61628603 0.39189016],29,28,"[0.6409610568572724, 0.3943628717562158]",1,-1
29824,[0.66150344 0.3479308 ],29,28,"[0.6409610568572724, 0.3943628717562158]",1,-1
29825,[0.73549732 0.46280307],29,32,"[0.7535856051996079, 0.45307884495298306]",1,-1
29826,[0.66140327 0.40407821],29,28,"[0.6409610568572724, 0.3943628717562158]",1,57
29827,[0.64946601 0.44855298],29,26,"[0.6734889003123068, 0.4756404454441684]",1,-1
29828,[0.6646974  0.35531149],29,28,"[0.6409610568572724, 0.3943628717562158]",1,-1
29829,[0.70018935 0.39958271],29,30,"[0.6934973256581222, 0.4131681772802667]",1,57
29830,[0.71793689 0.46763238],29,32,"[0.7535856051996079, 0.45307884495298306]",1,-1
29831,[0.69596041 0.51611636],29,26,"[0.6734889003123068, 0.4756404454441684]",1,-1
29832,[0.65767005 0.44008456],29,26,"[0.6734889003123068, 0.4756404454441684]",1,-1
29833,[0.62099824 0.43446344],29,27,"[0.5866068271601823, 0.4386408725933068]",1,-1
29834,[0.54699354 0.49690392],29,2,"[0.5181425386759565, 0.548951681512668]",1,-1
29835,[0.66772618 0.48910516],29,26,"[0.6734889003123068, 0.4756404454441684]",1,-1
29836,[0.60665353 0.38384272],29,28,"[0.6409610568572724, 0.3943628717562158]",1,-1
29837,[0.74669221 0.44001606],29,32,"[0.7535856051996079, 0.45307884495298306]",1,-1
29838,[0.75327069 0.45476897],29,32,"[0.7535856051996079, 0.45307884495298306]",1,-1
29839,[0.65748726 0.34994142],29,28,"[0.6409610568572724, 0.3943628717562158]",1,-1
29840,[0.76037483 0.50536094],29,3,"[0.8068810957052946, 0.5180547120844742]",1,-1
29841,[0.66830321 0.41781394],29,30,"[0.6934973256581222, 0.4131681772802667]",1,56
29842,[0.6666106  0.39480375],29,28,"[0.6409610568572724, 0.3943628717562158]",1,-1
29843,[0.65743146 0.47641104],29,26,"[0.6734889003123068, 0.4756404454441684]",1,-1
29844,[0.67828564 0.44481689],29,26,"[0.6734889003123068, 0.4756404454441684]",1,-1
29845,[0.71054961 0.32733024],29,29,"[0.7250576817720672, 0.30126581813471415]",1,-1
29846,[0.71037871 0.45425194],29,26,"[0.6734889003123068, 0.4756404454441684]",1,-1
29847,[0.59544553 0.45222436],29,27,"[0.5866068271601823, 0.4386408725933068]",1,-1
29848,[0.60350844 0.3529153 ],29,46,"[0.5877940429991866, 0.34550221910317963]",1,-1
29849,[0.62659812 0.49691093],29,10,"[0.6101257152780476, 0.5394800330734051]",1,-1
29850,[0.64351153 0.42634893],29,28,"[0.6409610568572724, 0.3943628717562158]",1,-1
29851,[0.6079416  0.45011997],29,27,"[0.5866068271601823, 0.4386408725933068]",1,-1
29852,[0.6599798  0.43096483],29,30,"[0.6934973256581222, 0.4131681772802667]",1,56
29853,[0.64689555 0.50747781],29,26,"[0.6734889003123068, 0.4756404454441684]",1,-1
29854,[0.61631867 0.45868865],29,27,"[0.5866068271601823, 0.4386408725933068]",1,-1
29855,[0.6803956  0.37718208],29,30,"[0.6934973256581222, 0.4131681772802667]",1,-1
29856,[0.71844277 0.38729411],29,30,"[0.6934973256581222, 0.4131681772802667]",1,-1
29857,[0.72314849 0.38326463],29,30,"[0.6934973256581222, 0.4131681772802667]",1,-1
29858,[0.6488222  0.41633159],29,28,"[0.6409610568572724, 0.3943628717562158]",1,-1
29859,[0.54510692 0.39791379],29,27,"[0.5866068271601823, 0.4386408725933068]",1,-1
29860,[0.61377855 0.48290543],29,27,"[0.5866068271601823, 0.4386408725933068]",1,34
29861,[0.63744007 0.46619483],29,26,"[0.6734889003123068, 0.4756404454441684]",1,-1
29862,[0.63923725 0.40533757],29,28,"[0.6409610568572724, 0.3943628717562158]",1,-1
29863,[0.71709734 0.47155233],29,32,"[0.7535856051996079, 0.45307884495298306]",1,52
29864,[0.67845112 0.49552782],29,26,"[0.6734889003123068, 0.4756404454441684]",1,-1
29865,[0.59303202 0.42456861],29,27,"[0.5866068271601823, 0.4386408725933068]",1,-1
29866,[0.63321917 0.4016342 ],29,28,"[0.6409610568572724, 0.3943628717562158]",1,-1
29867,[0.52893477 0.43321252],29,35,"[0.491626887866141, 0.45015531396212327]",1,-1
29868,[0.66127124 0.39318144],29,28,"[0.6409610568572724, 0.3943628717562158]",1,57
29869,[0.66839778 0.42440239],29,30,"[0.6934973256581222, 0.4131681772802667]",1,56
29870,[0.66142487 0.43152127],29,30,"[0.6934973256581222, 0.4131681772802667]",1,56
29871,[0.63808298 0.42751969],29,28,"[0.6409610568572724, 0.3943628717562158]",1,-1
29872,[0.61950577 0.46813027],29,27,"[0.5866068271601823, 0.4386408725933068]",1,-1
29873,[0.71514232 0.46992823],29,32,"[0.7535856051996079, 0.45307884495298306]",1,52
29874,[0.62596122 0.43708593],29,27,"[0.5866068271601823, 0.4386408725933068]",1,-1
29875,[0.69341499 0.43697797],29,30,"[0.6934973256581222, 0.4131681772802667]",1,-1
29876,[0.66421385 0.42203961],29,30,"[0.6934973256581222, 0.4131681772802667]",1,56
29877,[0.69169915 0.48875795],29,26,"[0.6734889003123068, 0.4756404454441684]",1,-1
29878,[0.5597738  0.44524598],29,27,"[0.5866068271601823, 0.4386408725933068]",1,-1
29879,[0.57201422 0.45933296],29,27,"[0.5866068271601823, 0.4386408725933068]",1,-1
29880,[0.65087554 0.38511584],29,28,"[0.6409610568572724, 0.3943628717562158]",1,-1
29881,[0.6515605  0.39462563],29,28,"[0.6409610568572724, 0.3943628717562158]",1,-1
29882,[0.57906465 0.44098869],29,27,"[0.5866068271601823, 0.4386408725933068]",1,-1
29883,[0.55164315 0.42035032],29,27,"[0.5866068271601823, 0.4386408725933068]",1,-1
29884,[0.64425572 0.38389129],29,28,"[0.6409610568572724, 0.3943628717562158]",1,-1
29885,[0.66165675 0.48516098],29,26,"[0.6734889003123068, 0.4756404454441684]",1,-1
29886,[0.63718361 0.45635151],29,26,"[0.6734889003123068, 0.4756404454441684]",1,-1
29887,[0.6374476  0.42195781],29,28,"[0.6409610568572724, 0.3943628717562158]",1,58
29888,[0.5797636  0.40410555],29,27,"[0.5866068271601823, 0.4386408725933068]",1,-1
29889,[0.74158088 0.4184517 ],29,32,"[0.7535856051996079, 0.45307884495298306]",1,-1
29890,[0.76078735 0.39890552],29,42,"[0.765559566045806, 0.37716611859716387]",1,23
29891,[0.64004601 0.37695409],29,28,"[0.6409610568572724, 0.3943628717562158]",1,-1
29892,[0.59751856 0.38736809],29,46,"[0.5877940429991866, 0.34550221910317963]",1,-1
29893,[0.70715865 0.50739798],29,26,"[0.6734889003123068, 0.4756404454441684]",1,-1
29894,[0.65019569 0.46290015],29,26,"[0.6734889003123068, 0.4756404454441684]",1,-1
29895,[0.63799682 0.38319792],29,28,"[0.6409610568572724, 0.3943628717562158]",1,-1
29896,[0.62981784 0.4094408 ],29,28,"[0.6409610568572724, 0.3943628717562158]",1,57
29897,[0.70841848 0.44453071],29,30,"[0.6934973256581222, 0.4131681772802667]",1,-1
29898,[0.64984381 0.45118959],29,26,"[0.6734889003123068, 0.4756404454441684]",1,-1
29899,[0.71705955 0.43849936],29,30,"[0.6934973256581222, 0.4131681772802667]",1,-1
29900,[0.65762038 0.36554655],29,28,"[0.6409610568572724, 0.3943628717562158]",1,-1
29901,[0.62826285 0.38770106],29,28,"[0.6409610568572724, 0.3943628717562158]",1,-1
29902,[0.6651942  0.39335247],29,28,"[0.6409610568572724, 0.3943628717562158]",1,57
29903,[0.72094144 0.34936927],29,29,"[0.7250576817720672, 0.30126581813471415]",1,-1
29904,[0.70306743 0.4585274 ],29,26,"[0.6734889003123068, 0.4756404454441684]",1,-1
29905,[0.68449058 0.48383229],29,26,"[0.6734889003123068, 0.4756404454441684]",1,39
29906,[0.64116307 0.29232536],29,-1,-1,1,-1
29907,[0.62393731 0.46396181],29,27,"[0.5866068271601823, 0.4386408725933068]",1,-1
29908,[0.61340845 0.46746978],29,27,"[0.5866068271601823, 0.4386408725933068]",1,-1
29909,[0.63647561 0.40620716],29,28,"[0.6409610568572724, 0.3943628717562158]",1,-1
29910,[0.6268945 0.4210899],29,28,"[0.6409610568572724, 0.3943628717562158]",1,-1
29911,[0.70178226 0.44452857],29,30,"[0.6934973256581222, 0.4131681772802667]",1,-1
29912,[0.66519751 0.40634668],29,28,"[0.6409610568572724, 0.3943628717562158]",1,57
29913,[0.56529883 0.44833264],29,27,"[0.5866068271601823, 0.4386408725933068]",1,-1
29914,[0.64326907 0.37423292],29,28,"[0.6409610568572724, 0.3943628717562158]",1,-1
29915,[0.61296462 0.48035028],29,27,"[0.5866068271601823, 0.4386408725933068]",1,-1
29916,[0.7110412  0.48521387],29,26,"[0.6734889003123068, 0.4756404454441684]",1,-1
29917,[0.69926208 0.41835228],29,30,"[0.6934973256581222, 0.4131681772802667]",1,-1
29918,[0.59014392 0.45693179],29,27,"[0.5866068271601823, 0.4386408725933068]",1,-1
29919,[0.60241479 0.39049438],29,28,"[0.6409610568572724, 0.3943628717562158]",1,-1
29920,[0.66243281 0.49360721],29,26,"[0.6734889003123068, 0.4756404454441684]",1,-1
29921,[0.63134795 0.4766814 ],29,26,"[0.6734889003123068, 0.4756404454441684]",1,34
29922,[0.62711403 0.44293691],29,27,"[0.5866068271601823, 0.4386408725933068]",1,-1
29923,[0.66358098 0.36160794],29,28,"[0.6409610568572724, 0.3943628717562158]",1,-1
29924,[0.68228087 0.29266264],29,29,"[0.7250576817720672, 0.30126581813471415]",1,-1
29925,[0.66498685 0.39274897],29,28,"[0.6409610568572724, 0.3943628717562158]",1,57
29926,[0.64149184 0.4389059 ],29,28,"[0.6409610568572724, 0.3943628717562158]",1,-1
29927,[0.6306524  0.36070395],29,28,"[0.6409610568572724, 0.3943628717562158]",1,-1
29928,[0.68599273 0.34638316],29,29,"[0.7250576817720672, 0.30126581813471415]",1,-1
29929,[0.66006363 0.32990173],29,28,"[0.6409610568572724, 0.3943628717562158]",1,-1
29930,[0.71784702 0.46997198],29,32,"[0.7535856051996079, 0.45307884495298306]",1,52
29931,[0.62438646 0.43738714],29,27,"[0.5866068271601823, 0.4386408725933068]",1,58
29932,[0.70846239 0.4082367 ],29,30,"[0.6934973256581222, 0.4131681772802667]",1,-1
29933,[0.66412089 0.41756303],29,30,"[0.6934973256581222, 0.4131681772802667]",1,-1
29934,[0.65391776 0.42377648],29,28,"[0.6409610568572724, 0.3943628717562158]",1,-1
29935,[0.63341638 0.40870802],29,28,"[0.6409610568572724, 0.3943628717562158]",1,57
29936,[0.67330083 0.39417211],29,30,"[0.6934973256581222, 0.4131681772802667]",1,-1
29937,[0.59586684 0.45071683],29,27,"[0.5866068271601823, 0.4386408725933068]",1,-1
29938,[0.67344853 0.43876671],29,30,"[0.6934973256581222, 0.4131681772802667]",1,56
29939,[0.70299724 0.4166286 ],29,30,"[0.6934973256581222, 0.4131681772802667]",1,-1
29940,[0.62898426 0.43399683],29,28,"[0.6409610568572724, 0.3943628717562158]",1,-1
29941,[0.74165891 0.4693204 ],29,32,"[0.7535856051996079, 0.45307884495298306]",1,43
29942,[0.70910932 0.46496726],29,26,"[0.6734889003123068, 0.4756404454441684]",1,-1
29943,[0.66312465 0.38224039],29,28,"[0.6409610568572724, 0.3943628717562158]",1,-1
29944,[0.6621138  0.52786733],29,10,"[0.6101257152780476, 0.5394800330734051]",1,-1
29945,[0.67192587 0.37866263],29,28,"[0.6409610568572724, 0.3943628717562158]",1,-1
29946,[0.58273718 0.4438168 ],29,27,"[0.5866068271601823, 0.4386408725933068]",1,-1
29947,[0.6458571  0.39452044],29,28,"[0.6409610568572724, 0.3943628717562158]",1,-1
29948,[0.69014049 0.40257458],29,30,"[0.6934973256581222, 0.4131681772802667]",1,-1
29949,[0.56856347 0.26632655],29,-1,-1,1,-1
29950,[0.66430284 0.3607652 ],29,28,"[0.6409610568572724, 0.3943628717562158]",1,-1
29951,[0.59400764 0.40369241],29,27,"[0.5866068271601823, 0.4386408725933068]",1,-1
29952,[0.57158652 0.42678861],29,27,"[0.5866068271601823, 0.4386408725933068]",1,-1
29953,[0.69946045 0.38412726],29,30,"[0.6934973256581222, 0.4131681772802667]",1,-1
29954,[0.62612045 0.40653388],29,28,"[0.6409610568572724, 0.3943628717562158]",1,-1
29955,[0.64522548 0.5068538 ],29,26,"[0.6734889003123068, 0.4756404454441684]",1,-1
29956,[0.65842797 0.37874743],29,28,"[0.6409610568572724, 0.3943628717562158]",1,-1
29957,[0.67094853 0.48854884],29,26,"[0.6734889003123068, 0.4756404454441684]",1,-1
29958,[0.56625329 0.47854635],29,27,"[0.5866068271601823, 0.4386408725933068]",1,-1
29959,[0.61722743 0.41232975],29,28,"[0.6409610568572724, 0.3943628717562158]",1,58
29960,[0.70994712 0.41987238],29,30,"[0.6934973256581222, 0.4131681772802667]",1,-1
29961,[0.68239605 0.44369128],29,30,"[0.6934973256581222, 0.4131681772802667]",1,-1
29962,[0.6259509  0.41865617],29,28,"[0.6409610568572724, 0.3943628717562158]",1,58
29963,[0.6865253  0.42250418],29,30,"[0.6934973256581222, 0.4131681772802667]",1,-1
29964,[0.68304622 0.42470301],29,30,"[0.6934973256581222, 0.4131681772802667]",1,-1
29965,[0.66614097 0.4847891 ],29,26,"[0.6734889003123068, 0.4756404454441684]",1,-1
29966,[0.57322621 0.44993796],29,27,"[0.5866068271601823, 0.4386408725933068]",1,-1
29967,[0.63827125 0.49728003],29,26,"[0.6734889003123068, 0.4756404454441684]",1,-1
29968,[0.60785099 0.43485871],29,27,"[0.5866068271601823, 0.4386408725933068]",1,-1
29969,[0.69955254 0.45893315],29,26,"[0.6734889003123068, 0.4756404454441684]",1,-1
29970,[0.63360138 0.40598852],29,28,"[0.6409610568572724, 0.3943628717562158]",1,57
29971,[0.65481694 0.44828029],29,26,"[0.6734889003123068, 0.4756404454441684]",1,-1
29972,[0.62837023 0.47424619],29,26,"[0.6734889003123068, 0.4756404454441684]",1,-1
29973,[0.69181581 0.50644517],29,26,"[0.6734889003123068, 0.4756404454441684]",1,-1
29974,[0.61384675 0.36785946],29,46,"[0.5877940429991866, 0.34550221910317963]",1,-1
29975,[0.74497278 0.44527046],29,32,"[0.7535856051996079, 0.45307884495298306]",1,-1
29976,[0.69341119 0.41103177],29,30,"[0.6934973256581222, 0.4131681772802667]",1,57
29977,[0.72597986 0.43530222],29,32,"[0.7535856051996079, 0.45307884495298306]",1,54
29978,[0.5168741  0.37908179],29,37,"[0.4780366509520634, 0.3686118735311782]",1,-1
29979,[0.63933545 0.35341244],29,28,"[0.6409610568572724, 0.3943628717562158]",1,-1
29980,[0.7307748 0.4493984],29,32,"[0.7535856051996079, 0.45307884495298306]",1,-1
29981,[0.62754641 0.46399821],29,26,"[0.6734889003123068, 0.4756404454441684]",1,-1
29982,[0.65033283 0.48054377],29,26,"[0.6734889003123068, 0.4756404454441684]",1,-1
29983,[0.65177367 0.36139259],29,28,"[0.6409610568572724, 0.3943628717562158]",1,-1
29984,[0.64524019 0.42296254],29,28,"[0.6409610568572724, 0.3943628717562158]",1,-1
29985,[0.55792202 0.42379807],29,27,"[0.5866068271601823, 0.4386408725933068]",1,-1
29986,[0.62337949 0.42674546],29,28,"[0.6409610568572724, 0.3943628717562158]",1,-1
29987,[0.61887118 0.43833669],29,27,"[0.5866068271601823, 0.4386408725933068]",1,-1
29988,[0.67379982 0.40691607],29,30,"[0.6934973256581222, 0.4131681772802667]",1,57
29989,[0.65922313 0.44157419],29,26,"[0.6734889003123068, 0.4756404454441684]",1,-1
29990,[0.71427873 0.49553739],29,26,"[0.6734889003123068, 0.4756404454441684]",1,-1
29991,[0.69505272 0.33216868],29,29,"[0.7250576817720672, 0.30126581813471415]",1,-1
29992,[0.6497582  0.46698203],29,26,"[0.6734889003123068, 0.4756404454441684]",1,-1
29993,[0.62036484 0.40043818],29,28,"[0.6409610568572724, 0.3943628717562158]",1,-1
29994,[0.59375105 0.42615923],29,27,"[0.5866068271601823, 0.4386408725933068]",1,-1
29995,[0.7302234  0.50765768],29,32,"[0.7535856051996079, 0.45307884495298306]",1,-1
29996,[0.56209242 0.47051536],29,27,"[0.5866068271601823, 0.4386408725933068]",1,-1
29997,[0.72855366 0.41763217],29,30,"[0.6934973256581222, 0.4131681772802667]",1,-1
29998,[0.74115372 0.50905607],29,32,"[0.7535856051996079, 0.45307884495298306]",1,-1
29999,[0.56235756 0.44327023],29,27,"[0.5866068271601823, 0.4386408725933068]",1,-1
30000,[0.83125338 0.43176218],30,14,"[0.8486155699332081, 0.42850029565542425]",1,-1
30001,[0.77972098 0.42454406],30,32,"[0.7535856051996079, 0.45307884495298306]",1,-1
30002,[0.71683649 0.34062506],30,29,"[0.7250576817720672, 0.30126581813471415]",1,-1
30003,[0.88797167 0.56165625],30,-1,-1,1,-1
30004,[0.81278443 0.53639829],30,3,"[0.8068810957052946, 0.5180547120844742]",1,-1
30005,[0.75196226 0.33998528],30,42,"[0.765559566045806, 0.37716611859716387]",1,-1
30006,[0.86833229 0.40713155],30,14,"[0.8486155699332081, 0.42850029565542425]",1,-1
30007,[0.88888365 0.47588285],30,14,"[0.8486155699332081, 0.42850029565542425]",1,-1
30008,[0.924455   0.40717716],30,-1,-1,1,-1
30009,[0.90691175 0.44636519],30,14,"[0.8486155699332081, 0.42850029565542425]",1,-1
30010,[0.88290448 0.40464445],30,14,"[0.8486155699332081, 0.42850029565542425]",1,-1
30011,[0.84781365 0.35853743],30,14,"[0.8486155699332081, 0.42850029565542425]",1,-1
30012,[0.89550673 0.39951059],30,14,"[0.8486155699332081, 0.42850029565542425]",1,-1
30013,[0.85429226 0.35721177],30,-1,-1,1,-1
30014,[0.84580512 0.37287014],30,14,"[0.8486155699332081, 0.42850029565542425]",1,-1
30015,[0.79730007 0.418006  ],30,42,"[0.765559566045806, 0.37716611859716387]",1,-1
30016,[0.80075103 0.5216118 ],30,3,"[0.8068810957052946, 0.5180547120844742]",1,-1
30017,[0.87161041 0.34783945],30,-1,-1,1,-1
30018,[0.8279537  0.39407899],30,14,"[0.8486155699332081, 0.42850029565542425]",1,-1
30019,[0.75858216 0.3993659 ],30,42,"[0.765559566045806, 0.37716611859716387]",1,23
30020,[0.79779614 0.47142734],30,3,"[0.8068810957052946, 0.5180547120844742]",1,-1
30021,[0.81633645 0.53097347],30,3,"[0.8068810957052946, 0.5180547120844742]",1,-1
30022,[0.89903326 0.56839337],30,-1,-1,1,-1
30023,[0.83733938 0.43650198],30,14,"[0.8486155699332081, 0.42850029565542425]",1,-1
30024,[0.88064174 0.40997276],30,14,"[0.8486155699332081, 0.42850029565542425]",1,-1
30025,[0.79183627 0.37936905],30,42,"[0.765559566045806, 0.37716611859716387]",1,-1
30026,[0.83154767 0.41792429],30,14,"[0.8486155699332081, 0.42850029565542425]",1,-1
30027,[0.84640239 0.4203374 ],30,14,"[0.8486155699332081, 0.42850029565542425]",1,-1
30028,[0.86771275 0.37213228],30,14,"[0.8486155699332081, 0.42850029565542425]",1,-1
30029,[0.86889948 0.44396553],30,14,"[0.8486155699332081, 0.42850029565542425]",1,-1
30030,[0.80935509 0.45946463],30,14,"[0.8486155699332081, 0.42850029565542425]",1,42
30031,[0.89097726 0.39876897],30,14,"[0.8486155699332081, 0.42850029565542425]",1,-1
30032,[0.86670662 0.48845912],30,14,"[0.8486155699332081, 0.42850029565542425]",1,-1
30033,[0.90432657 0.39952178],30,14,"[0.8486155699332081, 0.42850029565542425]",1,-1
30034,[0.89628839 0.41847823],30,14,"[0.8486155699332081, 0.42850029565542425]",1,-1
30035,[0.92410831 0.38744176],30,-1,-1,1,-1
30036,[0.80116033 0.44386264],30,32,"[0.7535856051996079, 0.45307884495298306]",1,-1
30037,[0.83398417 0.47237389],30,14,"[0.8486155699332081, 0.42850029565542425]",1,-1
30038,[0.80508554 0.45137997],30,14,"[0.8486155699332081, 0.42850029565542425]",1,-1
30039,[0.86482067 0.32829135],30,-1,-1,1,-1
30040,[0.85145964 0.41519992],30,14,"[0.8486155699332081, 0.42850029565542425]",1,-1
30041,[0.81059856 0.49866442],30,3,"[0.8068810957052946, 0.5180547120844742]",1,-1
30042,[0.88297459 0.45720394],30,14,"[0.8486155699332081, 0.42850029565542425]",1,-1
30043,[0.83351139 0.49518522],30,3,"[0.8068810957052946, 0.5180547120844742]",1,-1
30044,[0.78253569 0.45677841],30,32,"[0.7535856051996079, 0.45307884495298306]",1,-1
30045,[0.73799155 0.42287417],30,32,"[0.7535856051996079, 0.45307884495298306]",1,54
30046,[0.85338129 0.29865481],30,-1,-1,1,-1
30047,[0.77914174 0.35444035],30,42,"[0.765559566045806, 0.37716611859716387]",1,-1
30048,[0.88148371 0.3818659 ],30,14,"[0.8486155699332081, 0.42850029565542425]",1,-1
30049,[0.78284257 0.43143991],30,32,"[0.7535856051996079, 0.45307884495298306]",1,-1
30050,[0.77500305 0.45615872],30,32,"[0.7535856051996079, 0.45307884495298306]",1,-1
30051,[0.7779007  0.45264128],30,32,"[0.7535856051996079, 0.45307884495298306]",1,-1
30052,[0.74923388 0.47727348],30,32,"[0.7535856051996079, 0.45307884495298306]",1,-1
30053,[0.80977778 0.42827533],30,14,"[0.8486155699332081, 0.42850029565542425]",1,38
30054,[0.82413213 0.45554115],30,14,"[0.8486155699332081, 0.42850029565542425]",1,-1
30055,[0.77708278 0.48902599],30,3,"[0.8068810957052946, 0.5180547120844742]",1,-1
30056,[0.9182935  0.45476012],30,-1,-1,1,-1
30057,[0.83446156 0.43905451],30,14,"[0.8486155699332081, 0.42850029565542425]",1,-1
30058,[0.8505667  0.40674115],30,14,"[0.8486155699332081, 0.42850029565542425]",1,-1
30059,[0.7772441  0.43552148],30,32,"[0.7535856051996079, 0.45307884495298306]",1,-1
30060,[0.85401485 0.37402084],30,14,"[0.8486155699332081, 0.42850029565542425]",1,-1
30061,[0.777601  0.4787563],30,32,"[0.7535856051996079, 0.45307884495298306]",1,-1
30062,[0.80409573 0.41378867],30,14,"[0.8486155699332081, 0.42850029565542425]",1,-1
30063,[0.77689416 0.35663581],30,42,"[0.765559566045806, 0.37716611859716387]",1,-1
30064,[0.78219197 0.48884605],30,3,"[0.8068810957052946, 0.5180547120844742]",1,45
30065,[0.87787238 0.41030833],30,14,"[0.8486155699332081, 0.42850029565542425]",1,-1
30066,[0.88192338 0.35203981],30,-1,-1,1,-1
30067,[0.81441078 0.4313145 ],30,14,"[0.8486155699332081, 0.42850029565542425]",1,38
30068,[0.90533115 0.32350712],30,-1,-1,1,-1
30069,[0.87971543 0.45894861],30,14,"[0.8486155699332081, 0.42850029565542425]",1,-1
30070,[0.78805225 0.38988355],30,42,"[0.765559566045806, 0.37716611859716387]",1,-1
30071,[0.76521588 0.44663308],30,32,"[0.7535856051996079, 0.45307884495298306]",1,-1
30072,[0.82475869 0.43016118],30,14,"[0.8486155699332081, 0.42850029565542425]",1,-1
30073,[0.80940401 0.54416939],30,3,"[0.8068810957052946, 0.5180547120844742]",1,-1
30074,[0.86870013 0.43581142],30,14,"[0.8486155699332081, 0.42850029565542425]",1,-1
30075,[0.90681831 0.49230394],30,-1,-1,1,-1
30076,[0.86714009 0.42527516],30,14,"[0.8486155699332081, 0.42850029565542425]",1,-1
30077,[0.78390472 0.5158608 ],30,3,"[0.8068810957052946, 0.5180547120844742]",1,-1
30078,[0.86333897 0.44767439],30,14,"[0.8486155699332081, 0.42850029565542425]",1,-1
30079,[0.74951148 0.4134004 ],30,42,"[0.765559566045806, 0.37716611859716387]",1,-1
30080,[0.90359016 0.35582337],30,-1,-1,1,-1
30081,[0.81456392 0.43767997],30,14,"[0.8486155699332081, 0.42850029565542425]",1,38
30082,[0.8780783  0.34265001],30,-1,-1,1,-1
30083,[0.91782652 0.57005213],30,-1,-1,1,-1
30084,[0.87557136 0.43444384],30,14,"[0.8486155699332081, 0.42850029565542425]",1,-1
30085,[0.84399704 0.43113085],30,14,"[0.8486155699332081, 0.42850029565542425]",1,-1
30086,[0.81112557 0.41494932],30,14,"[0.8486155699332081, 0.42850029565542425]",1,-1
30087,[0.80529675 0.43613472],30,14,"[0.8486155699332081, 0.42850029565542425]",1,-1
30088,[0.90849623 0.47450134],30,-1,-1,1,-1
30089,[0.85883657 0.37139622],30,14,"[0.8486155699332081, 0.42850029565542425]",1,-1
30090,[0.87610753 0.43945698],30,14,"[0.8486155699332081, 0.42850029565542425]",1,-1
30091,[0.79535899 0.43392397],30,32,"[0.7535856051996079, 0.45307884495298306]",1,38
30092,[0.86733023 0.47234617],30,14,"[0.8486155699332081, 0.42850029565542425]",1,-1
30093,[0.8643414 0.4900054],30,14,"[0.8486155699332081, 0.42850029565542425]",1,-1
30094,[0.86179368 0.41752012],30,14,"[0.8486155699332081, 0.42850029565542425]",1,-1
30095,[0.80954388 0.496135  ],30,3,"[0.8068810957052946, 0.5180547120844742]",1,-1
30096,[0.79503217 0.41128196],30,42,"[0.765559566045806, 0.37716611859716387]",1,-1
30097,[0.75283055 0.40295678],30,42,"[0.765559566045806, 0.37716611859716387]",1,23
30098,[0.73428378 0.46005635],30,32,"[0.7535856051996079, 0.45307884495298306]",1,-1
30099,[0.96815623 0.41301478],30,-1,-1,-1,-1
30100,[0.82669355 0.30931314],30,-1,-1,1,-1
30101,[0.81796541 0.47645957],30,3,"[0.8068810957052946, 0.5180547120844742]",1,-1
30102,[0.81258446 0.43029123],30,14,"[0.8486155699332081, 0.42850029565542425]",1,-1
30103,[0.8920089  0.47823269],30,14,"[0.8486155699332081, 0.42850029565542425]",1,-1
30104,[0.8082964  0.40486085],30,14,"[0.8486155699332081, 0.42850029565542425]",1,-1
30105,[0.82595909 0.45761369],30,14,"[0.8486155699332081, 0.42850029565542425]",1,42
30106,[0.81943634 0.33899948],30,42,"[0.765559566045806, 0.37716611859716387]",1,-1
30107,[0.94059763 0.4419312 ],30,-1,-1,1,-1
30108,[0.86636927 0.50178703],30,3,"[0.8068810957052946, 0.5180547120844742]",1,-1
30109,[0.74316995 0.44582406],30,32,"[0.7535856051996079, 0.45307884495298306]",1,54
30110,[0.84487033 0.45296193],30,14,"[0.8486155699332081, 0.42850029565542425]",1,-1
30111,[0.85382208 0.39897849],30,14,"[0.8486155699332081, 0.42850029565542425]",1,-1
30112,[0.88192928 0.47812152],30,14,"[0.8486155699332081, 0.42850029565542425]",1,-1
30113,[0.83705497 0.39291916],30,14,"[0.8486155699332081, 0.42850029565542425]",1,-1
30114,[0.78242513 0.45611462],30,32,"[0.7535856051996079, 0.45307884495298306]",1,-1
30115,[0.87601011 0.47539495],30,14,"[0.8486155699332081, 0.42850029565542425]",1,-1
30116,[0.84173641 0.47740475],30,14,"[0.8486155699332081, 0.42850029565542425]",1,42
30117,[0.83417806 0.50738832],30,3,"[0.8068810957052946, 0.5180547120844742]",1,-1
30118,[0.80023707 0.36441158],30,42,"[0.765559566045806, 0.37716611859716387]",1,-1
30119,[0.81134052 0.34317816],30,42,"[0.765559566045806, 0.37716611859716387]",1,-1
30120,[0.92915885 0.31564727],30,-1,-1,-1,-1
30121,[0.86666992 0.42207256],30,14,"[0.8486155699332081, 0.42850029565542425]",1,-1
30122,[0.84937551 0.44045404],30,14,"[0.8486155699332081, 0.42850029565542425]",1,-1
30123,[0.86474423 0.41975395],30,14,"[0.8486155699332081, 0.42850029565542425]",1,-1
30124,[0.74702396 0.54409148],30,11,"[0.7051682617613192, 0.574171671796882]",1,-1
30125,[0.82085062 0.35251609],30,42,"[0.765559566045806, 0.37716611859716387]",1,-1
30126,[0.82232091 0.44699722],30,14,"[0.8486155699332081, 0.42850029565542425]",1,-1
30127,[0.83360934 0.47877603],30,3,"[0.8068810957052946, 0.5180547120844742]",1,-1
30128,[0.85965581 0.42403925],30,14,"[0.8486155699332081, 0.42850029565542425]",1,-1
30129,[0.95820985 0.38434993],30,-1,-1,-1,-1
30130,[0.7758269  0.45706648],30,32,"[0.7535856051996079, 0.45307884495298306]",1,45
30131,[0.97135981 0.48483871],30,-1,-1,-1,-1
30132,[0.8126981  0.38590274],30,42,"[0.765559566045806, 0.37716611859716387]",1,-1
30133,[0.7756493  0.43300335],30,32,"[0.7535856051996079, 0.45307884495298306]",1,-1
30134,[0.87312172 0.34488932],30,-1,-1,1,-1
30135,[0.87656857 0.41846368],30,14,"[0.8486155699332081, 0.42850029565542425]",1,-1
30136,[0.78823357 0.36184446],30,42,"[0.765559566045806, 0.37716611859716387]",1,-1
30137,[0.81316948 0.44901977],30,14,"[0.8486155699332081, 0.42850029565542425]",1,-1
30138,[0.81975998 0.46904915],30,14,"[0.8486155699332081, 0.42850029565542425]",1,42
30139,[0.82854578 0.47656654],30,3,"[0.8068810957052946, 0.5180547120844742]",1,-1
30140,[0.75062094 0.37447502],30,42,"[0.765559566045806, 0.37716611859716387]",1,-1
30141,[0.81954285 0.53461362],30,3,"[0.8068810957052946, 0.5180547120844742]",1,-1
30142,[0.84470799 0.49347735],30,3,"[0.8068810957052946, 0.5180547120844742]",1,-1
30143,[0.85186174 0.46961842],30,14,"[0.8486155699332081, 0.42850029565542425]",1,-1
30144,[0.81078564 0.45216625],30,14,"[0.8486155699332081, 0.42850029565542425]",1,-1
30145,[0.8348454 0.3152657],30,-1,-1,1,-1
30146,[0.88020636 0.39020999],30,14,"[0.8486155699332081, 0.42850029565542425]",1,-1
30147,[0.79462223 0.46469987],30,32,"[0.7535856051996079, 0.45307884495298306]",1,-1
30148,[0.82045974 0.36542145],30,42,"[0.765559566045806, 0.37716611859716387]",1,-1
30149,[0.83891481 0.38947331],30,14,"[0.8486155699332081, 0.42850029565542425]",1,-1
30150,[0.78193833 0.58306664],30,43,"[0.8274941202305067, 0.5998913364221842]",1,-1
30151,[0.79215157 0.55032812],30,3,"[0.8068810957052946, 0.5180547120844742]",1,-1
30152,[0.8731395  0.34417381],30,-1,-1,1,-1
30153,[0.82414366 0.38077817],30,14,"[0.8486155699332081, 0.42850029565542425]",1,-1
30154,[0.82778314 0.60242107],30,43,"[0.8274941202305067, 0.5998913364221842]",1,-1
30155,[0.72385302 0.44268417],30,32,"[0.7535856051996079, 0.45307884495298306]",1,-1
30156,[0.86828918 0.40327254],30,14,"[0.8486155699332081, 0.42850029565542425]",1,-1
30157,[0.80368594 0.43358219],30,14,"[0.8486155699332081, 0.42850029565542425]",1,38
30158,[0.73717552 0.44390946],30,32,"[0.7535856051996079, 0.45307884495298306]",1,-1
30159,[0.85101865 0.42739836],30,14,"[0.8486155699332081, 0.42850029565542425]",1,-1
30160,[0.84747635 0.42393366],30,14,"[0.8486155699332081, 0.42850029565542425]",1,-1
30161,[0.93251796 0.38385009],30,-1,-1,1,-1
30162,[0.84089863 0.49281504],30,3,"[0.8068810957052946, 0.5180547120844742]",1,-1
30163,[0.88079767 0.48442884],30,14,"[0.8486155699332081, 0.42850029565542425]",1,-1
30164,[0.85537281 0.48369673],30,14,"[0.8486155699332081, 0.42850029565542425]",1,-1
30165,[0.81778089 0.36617642],30,42,"[0.765559566045806, 0.37716611859716387]",1,-1
30166,[0.84226652 0.40033672],30,14,"[0.8486155699332081, 0.42850029565542425]",1,-1
30167,[0.81576006 0.46052655],30,14,"[0.8486155699332081, 0.42850029565542425]",1,-1
30168,[0.86811666 0.47592507],30,14,"[0.8486155699332081, 0.42850029565542425]",1,-1
30169,[0.79969027 0.47836518],30,3,"[0.8068810957052946, 0.5180547120844742]",1,-1
30170,[0.89867946 0.47301802],30,14,"[0.8486155699332081, 0.42850029565542425]",1,-1
30171,[0.80875973 0.34736079],30,42,"[0.765559566045806, 0.37716611859716387]",1,-1
30172,[0.75745503 0.43560614],30,32,"[0.7535856051996079, 0.45307884495298306]",1,-1
30173,[0.86920388 0.39743282],30,14,"[0.8486155699332081, 0.42850029565542425]",1,-1
30174,[0.73950475 0.397069  ],30,42,"[0.765559566045806, 0.37716611859716387]",1,-1
30175,[0.83991486 0.39158344],30,14,"[0.8486155699332081, 0.42850029565542425]",1,-1
30176,[0.80215693 0.37962786],30,42,"[0.765559566045806, 0.37716611859716387]",1,-1
30177,[0.79701581 0.40143891],30,42,"[0.765559566045806, 0.37716611859716387]",1,-1
30178,[0.85810355 0.42736398],30,14,"[0.8486155699332081, 0.42850029565542425]",1,-1
30179,[0.93540913 0.52095781],30,-1,-1,1,-1
30180,[0.84429777 0.46842042],30,14,"[0.8486155699332081, 0.42850029565542425]",1,-1
30181,[0.82525468 0.36072135],30,42,"[0.765559566045806, 0.37716611859716387]",1,-1
30182,[0.83289667 0.35981607],30,42,"[0.765559566045806, 0.37716611859716387]",1,-1
30183,[0.80569476 0.45614476],30,14,"[0.8486155699332081, 0.42850029565542425]",1,-1
30184,[0.93189443 0.37745512],30,-1,-1,1,-1
30185,[0.79945064 0.49570151],30,3,"[0.8068810957052946, 0.5180547120844742]",1,-1
30186,[0.8261607  0.40623835],30,14,"[0.8486155699332081, 0.42850029565542425]",1,-1
30187,[0.80951112 0.44611346],30,14,"[0.8486155699332081, 0.42850029565542425]",1,-1
30188,[0.88549879 0.38961769],30,14,"[0.8486155699332081, 0.42850029565542425]",1,-1
30189,[0.86773548 0.4676628 ],30,14,"[0.8486155699332081, 0.42850029565542425]",1,-1
30190,[0.85930903 0.40655051],30,14,"[0.8486155699332081, 0.42850029565542425]",1,-1
30191,[0.88556106 0.44376671],30,14,"[0.8486155699332081, 0.42850029565542425]",1,-1
30192,[0.7448856  0.36609353],30,42,"[0.765559566045806, 0.37716611859716387]",1,-1
30193,[0.8262342  0.38390247],30,14,"[0.8486155699332081, 0.42850029565542425]",1,-1
30194,[0.81699876 0.41102118],30,14,"[0.8486155699332081, 0.42850029565542425]",1,-1
30195,[0.8884934  0.39716697],30,14,"[0.8486155699332081, 0.42850029565542425]",1,-1
30196,[0.91020332 0.36489886],30,-1,-1,1,-1
30197,[0.83705241 0.38060938],30,14,"[0.8486155699332081, 0.42850029565542425]",1,-1
30198,[0.80935507 0.52687966],30,3,"[0.8068810957052946, 0.5180547120844742]",1,-1
30199,[0.75238201 0.44945777],30,32,"[0.7535856051996079, 0.45307884495298306]",1,-1
30200,[0.92815553 0.43696991],30,-1,-1,1,-1
30201,[0.90157543 0.36826583],30,-1,-1,1,-1
30202,[0.83103598 0.36033004],30,42,"[0.765559566045806, 0.37716611859716387]",1,-1
30203,[0.7896287  0.47854546],30,3,"[0.8068810957052946, 0.5180547120844742]",1,-1
30204,[0.78381664 0.3955057 ],30,42,"[0.765559566045806, 0.37716611859716387]",1,-1
30205,[0.90197078 0.36760922],30,-1,-1,1,-1
30206,[0.77802817 0.34872064],30,42,"[0.765559566045806, 0.37716611859716387]",1,-1
30207,[0.86290979 0.42628944],30,14,"[0.8486155699332081, 0.42850029565542425]",1,-1
30208,[0.81527398 0.40283766],30,14,"[0.8486155699332081, 0.42850029565542425]",1,-1
30209,[0.86549395 0.45375249],30,14,"[0.8486155699332081, 0.42850029565542425]",1,-1
30210,[0.84637055 0.44118816],30,14,"[0.8486155699332081, 0.42850029565542425]",1,-1
30211,[0.76817523 0.40849431],30,42,"[0.765559566045806, 0.37716611859716387]",1,23
30212,[0.81582783 0.38447777],30,42,"[0.765559566045806, 0.37716611859716387]",1,-1
30213,[0.89703219 0.40640686],30,14,"[0.8486155699332081, 0.42850029565542425]",1,-1
30214,[0.81142794 0.40547603],30,14,"[0.8486155699332081, 0.42850029565542425]",1,-1
30215,[0.83414583 0.32712666],30,-1,-1,1,-1
30216,[0.85686319 0.40869323],30,14,"[0.8486155699332081, 0.42850029565542425]",1,-1
30217,[0.80817622 0.41356029],30,14,"[0.8486155699332081, 0.42850029565542425]",1,-1
30218,[0.78776754 0.45113911],30,32,"[0.7535856051996079, 0.45307884495298306]",1,-1
30219,[0.81968692 0.46000982],30,14,"[0.8486155699332081, 0.42850029565542425]",1,-1
30220,[0.87382804 0.40835961],30,14,"[0.8486155699332081, 0.42850029565542425]",1,-1
30221,[0.80608818 0.40159918],30,42,"[0.765559566045806, 0.37716611859716387]",1,-1
30222,[0.89856114 0.33642885],30,-1,-1,1,-1
30223,[0.79235624 0.45153015],30,32,"[0.7535856051996079, 0.45307884495298306]",1,-1
30224,[0.86565265 0.44052779],30,14,"[0.8486155699332081, 0.42850029565542425]",1,-1
30225,[0.81288718 0.33243268],30,42,"[0.765559566045806, 0.37716611859716387]",1,-1
30226,[0.93174781 0.40640208],30,-1,-1,1,-1
30227,[0.85621279 0.48313575],30,14,"[0.8486155699332081, 0.42850029565542425]",1,-1
30228,[0.78162086 0.37878716],30,42,"[0.765559566045806, 0.37716611859716387]",1,-1
30229,[0.83657159 0.47590713],30,14,"[0.8486155699332081, 0.42850029565542425]",1,42
30230,[0.88718147 0.32846254],30,-1,-1,1,-1
30231,[0.79300931 0.35214499],30,42,"[0.765559566045806, 0.37716611859716387]",1,-1
30232,[0.85090204 0.39329704],30,14,"[0.8486155699332081, 0.42850029565542425]",1,-1
30233,[0.76423927 0.46384117],30,32,"[0.7535856051996079, 0.45307884495298306]",1,-1
30234,[0.80066446 0.477254  ],30,3,"[0.8068810957052946, 0.5180547120844742]",1,-1
30235,[0.83766043 0.37363648],30,14,"[0.8486155699332081, 0.42850029565542425]",1,-1
30236,[0.84329916 0.40385021],30,14,"[0.8486155699332081, 0.42850029565542425]",1,-1
30237,[0.83427792 0.45022177],30,14,"[0.8486155699332081, 0.42850029565542425]",1,-1
30238,[0.82048699 0.55741111],30,3,"[0.8068810957052946, 0.5180547120844742]",1,-1
30239,[0.93648971 0.44669855],30,-1,-1,1,-1
30240,[0.86939657 0.42516721],30,14,"[0.8486155699332081, 0.42850029565542425]",1,-1
30241,[0.77859679 0.42319632],30,32,"[0.7535856051996079, 0.45307884495298306]",1,38
30242,[0.84746207 0.42663055],30,14,"[0.8486155699332081, 0.42850029565542425]",1,-1
30243,[0.72763095 0.40143914],30,30,"[0.6934973256581222, 0.4131681772802667]",1,-1
30244,[0.887352  0.5017136],30,-1,-1,1,-1
30245,[0.80481273 0.41137627],30,14,"[0.8486155699332081, 0.42850029565542425]",1,-1
30246,[0.89847073 0.46354544],30,14,"[0.8486155699332081, 0.42850029565542425]",1,-1
30247,[0.87399995 0.46327881],30,14,"[0.8486155699332081, 0.42850029565542425]",1,-1
30248,[0.80340743 0.4633046 ],30,32,"[0.7535856051996079, 0.45307884495298306]",1,-1
30249,[0.89309334 0.4174811 ],30,14,"[0.8486155699332081, 0.42850029565542425]",1,-1
30250,[0.86481082 0.37835085],30,14,"[0.8486155699332081, 0.42850029565542425]",1,-1
30251,[0.82531798 0.42195852],30,14,"[0.8486155699332081, 0.42850029565542425]",1,-1
30252,[0.80650191 0.50876265],30,3,"[0.8068810957052946, 0.5180547120844742]",1,-1
30253,[0.76070366 0.46460249],30,32,"[0.7535856051996079, 0.45307884495298306]",1,-1
30254,[0.7760044  0.51564657],30,3,"[0.8068810957052946, 0.5180547120844742]",1,41
30255,[0.7945206  0.54658573],30,3,"[0.8068810957052946, 0.5180547120844742]",1,-1
30256,[0.87018429 0.47171045],30,14,"[0.8486155699332081, 0.42850029565542425]",1,-1
30257,[0.79428802 0.41721713],30,42,"[0.765559566045806, 0.37716611859716387]",1,-1
30258,[0.76236808 0.3735302 ],30,42,"[0.765559566045806, 0.37716611859716387]",1,-1
30259,[0.90126361 0.43130366],30,14,"[0.8486155699332081, 0.42850029565542425]",1,-1
30260,[0.87592058 0.31805821],30,-1,-1,1,-1
30261,[0.91287487 0.43759185],30,14,"[0.8486155699332081, 0.42850029565542425]",1,-1
30262,[0.8120862  0.34947456],30,42,"[0.765559566045806, 0.37716611859716387]",1,-1
30263,[0.91212694 0.50520705],30,-1,-1,1,-1
30264,[0.76991042 0.37529013],30,42,"[0.765559566045806, 0.37716611859716387]",1,-1
30265,[0.79003449 0.37531574],30,42,"[0.765559566045806, 0.37716611859716387]",1,-1
30266,[0.79645021 0.41420059],30,42,"[0.765559566045806, 0.37716611859716387]",1,-1
30267,[0.90644456 0.49995152],30,-1,-1,1,-1
30268,[0.93567118 0.4770782 ],30,-1,-1,1,-1
30269,[0.87023645 0.37705488],30,14,"[0.8486155699332081, 0.42850029565542425]",1,-1
30270,[0.89430698 0.40858815],30,14,"[0.8486155699332081, 0.42850029565542425]",1,-1
30271,[0.77586194 0.32562059],30,42,"[0.765559566045806, 0.37716611859716387]",1,-1
30272,[0.83009736 0.31879761],30,-1,-1,1,-1
30273,[0.9309     0.50748113],30,-1,-1,1,-1
30274,[0.84065066 0.42866915],30,14,"[0.8486155699332081, 0.42850029565542425]",1,-1
30275,[0.80182962 0.45796314],30,32,"[0.7535856051996079, 0.45307884495298306]",1,-1
30276,[0.87701329 0.51748568],30,-1,-1,1,-1
30277,[0.90201408 0.39681151],30,14,"[0.8486155699332081, 0.42850029565542425]",1,-1
30278,[0.78514903 0.46446258],30,32,"[0.7535856051996079, 0.45307884495298306]",1,-1
30279,[0.84201659 0.44416055],30,14,"[0.8486155699332081, 0.42850029565542425]",1,-1
30280,[0.7970472  0.42899044],30,32,"[0.7535856051996079, 0.45307884495298306]",1,38
30281,[0.7646212  0.39217287],30,42,"[0.765559566045806, 0.37716611859716387]",1,-1
30282,[0.90673545 0.4188036 ],30,14,"[0.8486155699332081, 0.42850029565542425]",1,-1
30283,[0.83584518 0.40420945],30,14,"[0.8486155699332081, 0.42850029565542425]",1,-1
30284,[0.83580421 0.42571103],30,14,"[0.8486155699332081, 0.42850029565542425]",1,-1
30285,[0.86479272 0.39915832],30,14,"[0.8486155699332081, 0.42850029565542425]",1,-1
30286,[0.92638133 0.47515507],30,-1,-1,1,-1
30287,[0.77677806 0.45325329],30,32,"[0.7535856051996079, 0.45307884495298306]",1,45
30288,[0.8732591 0.4686142],30,14,"[0.8486155699332081, 0.42850029565542425]",1,-1
30289,[0.87815334 0.32868112],30,-1,-1,1,-1
30290,[0.83468955 0.46084834],30,14,"[0.8486155699332081, 0.42850029565542425]",1,42
30291,[0.86770951 0.50571699],30,3,"[0.8068810957052946, 0.5180547120844742]",1,-1
30292,[0.83161705 0.40194352],30,14,"[0.8486155699332081, 0.42850029565542425]",1,-1
30293,[0.80464513 0.53004569],30,3,"[0.8068810957052946, 0.5180547120844742]",1,-1
30294,[0.78519439 0.43946786],30,32,"[0.7535856051996079, 0.45307884495298306]",1,-1
30295,[0.81975032 0.55524333],30,3,"[0.8068810957052946, 0.5180547120844742]",1,-1
30296,[0.9052745  0.41142453],30,14,"[0.8486155699332081, 0.42850029565542425]",1,-1
30297,[0.81533462 0.47470033],30,3,"[0.8068810957052946, 0.5180547120844742]",1,42
30298,[0.778695   0.34643358],30,42,"[0.765559566045806, 0.37716611859716387]",1,-1
30299,[0.77857181 0.4248653 ],30,32,"[0.7535856051996079, 0.45307884495298306]",1,-1
30300,[0.88053903 0.34266921],30,-1,-1,1,-1
30301,[0.85010959 0.40599407],30,14,"[0.8486155699332081, 0.42850029565542425]",1,-1
30302,[0.79706699 0.4349575 ],30,32,"[0.7535856051996079, 0.45307884495298306]",1,38
30303,[0.94494886 0.39182154],30,-1,-1,1,-1
30304,[0.79284062 0.3871729 ],30,42,"[0.765559566045806, 0.37716611859716387]",1,-1
30305,[0.8082389  0.43229651],30,14,"[0.8486155699332081, 0.42850029565542425]",1,38
30306,[0.80466221 0.40037351],30,42,"[0.765559566045806, 0.37716611859716387]",1,-1
30307,[0.77402783 0.38721328],30,42,"[0.765559566045806, 0.37716611859716387]",1,-1
30308,[0.83255058 0.45252091],30,14,"[0.8486155699332081, 0.42850029565542425]",1,42
30309,[0.7667368  0.45495514],30,32,"[0.7535856051996079, 0.45307884495298306]",1,-1
30310,[0.83924766 0.44926774],30,14,"[0.8486155699332081, 0.42850029565542425]",1,-1
30311,[0.84642713 0.47154346],30,14,"[0.8486155699332081, 0.42850029565542425]",1,42
30312,[0.80690884 0.41224145],30,14,"[0.8486155699332081, 0.42850029565542425]",1,-1
30313,[0.85573093 0.41158295],30,14,"[0.8486155699332081, 0.42850029565542425]",1,-1
30314,[0.80455402 0.3732958 ],30,42,"[0.765559566045806, 0.37716611859716387]",1,-1
30315,[0.77831525 0.41533279],30,42,"[0.765559566045806, 0.37716611859716387]",1,-1
30316,[0.83587042 0.40539449],30,14,"[0.8486155699332081, 0.42850029565542425]",1,-1
30317,[0.83663254 0.37013516],30,14,"[0.8486155699332081, 0.42850029565542425]",1,-1
30318,[0.86221451 0.312366  ],30,-1,-1,1,-1
30319,[0.8235851  0.41569651],30,14,"[0.8486155699332081, 0.42850029565542425]",1,-1
30320,[0.79814594 0.49177875],30,3,"[0.8068810957052946, 0.5180547120844742]",1,-1
30321,[0.84578846 0.35647755],30,-1,-1,1,-1
30322,[0.83375604 0.42186009],30,14,"[0.8486155699332081, 0.42850029565542425]",1,-1
30323,[0.75913646 0.37289176],30,42,"[0.765559566045806, 0.37716611859716387]",1,-1
30324,[0.88395274 0.48476768],30,14,"[0.8486155699332081, 0.42850029565542425]",1,-1
30325,[0.85684469 0.37467717],30,14,"[0.8486155699332081, 0.42850029565542425]",1,-1
30326,[0.81476034 0.41874254],30,14,"[0.8486155699332081, 0.42850029565542425]",1,-1
30327,[0.8167242  0.55353833],30,3,"[0.8068810957052946, 0.5180547120844742]",1,-1
30328,[0.84540487 0.39143577],30,14,"[0.8486155699332081, 0.42850029565542425]",1,-1
30329,[0.91976457 0.38453562],30,-1,-1,1,-1
30330,[0.84525062 0.43698869],30,14,"[0.8486155699332081, 0.42850029565542425]",1,-1
30331,[0.91838718 0.49100969],30,-1,-1,1,-1
30332,[0.85822191 0.45452601],30,14,"[0.8486155699332081, 0.42850029565542425]",1,-1
30333,[0.83731007 0.49426411],30,3,"[0.8068810957052946, 0.5180547120844742]",1,-1
30334,[0.89530659 0.36430804],30,-1,-1,1,-1
30335,[0.78345958 0.42609595],30,32,"[0.7535856051996079, 0.45307884495298306]",1,38
30336,[0.78949727 0.31677374],30,42,"[0.765559566045806, 0.37716611859716387]",1,-1
30337,[0.72947637 0.48505067],30,32,"[0.7535856051996079, 0.45307884495298306]",1,-1
30338,[0.70896858 0.48145529],30,26,"[0.6734889003123068, 0.4756404454441684]",1,-1
30339,[0.91479363 0.43135443],30,14,"[0.8486155699332081, 0.42850029565542425]",1,-1
30340,[0.80292343 0.39186596],30,42,"[0.765559566045806, 0.37716611859716387]",1,-1
30341,[0.81338721 0.45650222],30,14,"[0.8486155699332081, 0.42850029565542425]",1,-1
30342,[0.87254748 0.31915548],30,-1,-1,1,-1
30343,[0.8987778  0.40558059],30,14,"[0.8486155699332081, 0.42850029565542425]",1,-1
30344,[0.91294833 0.41940449],30,14,"[0.8486155699332081, 0.42850029565542425]",1,-1
30345,[0.78221247 0.45585987],30,32,"[0.7535856051996079, 0.45307884495298306]",1,-1
30346,[0.7595565  0.43396248],30,32,"[0.7535856051996079, 0.45307884495298306]",1,-1
30347,[0.85891037 0.43229289],30,14,"[0.8486155699332081, 0.42850029565542425]",1,-1
30348,[0.72628919 0.45154361],30,32,"[0.7535856051996079, 0.45307884495298306]",1,-1
30349,[0.84956541 0.4219801 ],30,14,"[0.8486155699332081, 0.42850029565542425]",1,-1
30350,[0.84750656 0.45642206],30,14,"[0.8486155699332081, 0.42850029565542425]",1,-1
30351,[0.91635767 0.50706099],30,-1,-1,1,-1
30352,[0.80213503 0.43051349],30,14,"[0.8486155699332081, 0.42850029565542425]",1,38
30353,[0.8538244  0.53705079],30,3,"[0.8068810957052946, 0.5180547120844742]",1,-1
30354,[0.77621503 0.49079317],30,3,"[0.8068810957052946, 0.5180547120844742]",1,-1
30355,[0.79310531 0.42747186],30,32,"[0.7535856051996079, 0.45307884495298306]",1,-1
30356,[0.84697162 0.47947544],30,14,"[0.8486155699332081, 0.42850029565542425]",1,-1
30357,[0.93839113 0.52309217],30,-1,-1,1,-1
30358,[0.9266436 0.3823598],30,-1,-1,1,-1
30359,[0.80255528 0.52481283],30,3,"[0.8068810957052946, 0.5180547120844742]",1,-1
30360,[0.80331008 0.46709597],30,3,"[0.8068810957052946, 0.5180547120844742]",1,-1
30361,[0.87094374 0.3648816 ],30,14,"[0.8486155699332081, 0.42850029565542425]",1,-1
30362,[0.86548257 0.37184183],30,14,"[0.8486155699332081, 0.42850029565542425]",1,-1
30363,[0.82446703 0.39068106],30,14,"[0.8486155699332081, 0.42850029565542425]",1,-1
30364,[0.86038995 0.41070813],30,14,"[0.8486155699332081, 0.42850029565542425]",1,-1
30365,[0.96133889 0.43451408],30,-1,-1,1,-1
30366,[0.79577881 0.39761619],30,42,"[0.765559566045806, 0.37716611859716387]",1,-1
30367,[0.90039317 0.4231606 ],30,14,"[0.8486155699332081, 0.42850029565542425]",1,-1
30368,[0.83754676 0.38282611],30,14,"[0.8486155699332081, 0.42850029565542425]",1,-1
30369,[0.794896   0.54957346],30,3,"[0.8068810957052946, 0.5180547120844742]",1,-1
30370,[0.89998133 0.40228746],30,14,"[0.8486155699332081, 0.42850029565542425]",1,-1
30371,[0.78787759 0.50041842],30,3,"[0.8068810957052946, 0.5180547120844742]",1,-1
30372,[0.83645094 0.34933007],30,-1,-1,1,-1
30373,[0.78881387 0.4314243 ],30,32,"[0.7535856051996079, 0.45307884495298306]",1,-1
30374,[0.92127987 0.39824247],30,-1,-1,1,-1
30375,[0.76779925 0.39758303],30,42,"[0.765559566045806, 0.37716611859716387]",1,-1
30376,[0.82933619 0.43915628],30,14,"[0.8486155699332081, 0.42850029565542425]",1,-1
30377,[0.83210667 0.51457046],30,3,"[0.8068810957052946, 0.5180547120844742]",1,-1
30378,[0.88158532 0.52771021],30,-1,-1,1,-1
30379,[0.90161925 0.46982807],30,14,"[0.8486155699332081, 0.42850029565542425]",1,-1
30380,[0.81397542 0.38843561],30,42,"[0.765559566045806, 0.37716611859716387]",1,-1
30381,[0.90551599 0.40619526],30,14,"[0.8486155699332081, 0.42850029565542425]",1,-1
30382,[0.84035548 0.49239642],30,3,"[0.8068810957052946, 0.5180547120844742]",1,-1
30383,[0.80437281 0.36104762],30,42,"[0.765559566045806, 0.37716611859716387]",1,-1
30384,[0.90679233 0.40857134],30,14,"[0.8486155699332081, 0.42850029565542425]",1,-1
30385,[0.8424803 0.3550863],30,-1,-1,1,-1
30386,[0.78282022 0.44278386],30,32,"[0.7535856051996079, 0.45307884495298306]",1,-1
30387,[0.8293216  0.46311264],30,14,"[0.8486155699332081, 0.42850029565542425]",1,-1
30388,[0.85381378 0.46711026],30,14,"[0.8486155699332081, 0.42850029565542425]",1,-1
30389,[0.89123286 0.40097629],30,14,"[0.8486155699332081, 0.42850029565542425]",1,-1
30390,[0.82298999 0.39329287],30,14,"[0.8486155699332081, 0.42850029565542425]",1,-1
30391,[0.90830568 0.39340285],30,14,"[0.8486155699332081, 0.42850029565542425]",1,-1
30392,[0.77911576 0.43772531],30,32,"[0.7535856051996079, 0.45307884495298306]",1,-1
30393,[0.76165275 0.51550043],30,3,"[0.8068810957052946, 0.5180547120844742]",1,-1
30394,[0.83508779 0.42957521],30,14,"[0.8486155699332081, 0.42850029565542425]",1,-1
30395,[0.83855029 0.44324754],30,14,"[0.8486155699332081, 0.42850029565542425]",1,-1
30396,[0.7085232  0.39127347],30,30,"[0.6934973256581222, 0.4131681772802667]",1,-1
30397,[0.84478035 0.42077811],30,14,"[0.8486155699332081, 0.42850029565542425]",1,-1
30398,[0.89239557 0.36620838],30,-1,-1,1,-1
30399,[0.82258427 0.41859677],30,14,"[0.8486155699332081, 0.42850029565542425]",1,-1
30400,[0.8437656  0.45751367],30,14,"[0.8486155699332081, 0.42850029565542425]",1,-1
30401,[0.7767914  0.28200655],30,29,"[0.7250576817720672, 0.30126581813471415]",1,-1
30402,[0.8183559  0.38818504],30,14,"[0.8486155699332081, 0.42850029565542425]",1,-1
30403,[0.79043288 0.41594623],30,42,"[0.765559566045806, 0.37716611859716387]",1,-1
30404,[0.88804732 0.41610256],30,14,"[0.8486155699332081, 0.42850029565542425]",1,-1
30405,[0.82699027 0.48645613],30,3,"[0.8068810957052946, 0.5180547120844742]",1,-1
30406,[0.76643418 0.40981585],30,42,"[0.765559566045806, 0.37716611859716387]",1,-1
30407,[0.81578609 0.36019925],30,42,"[0.765559566045806, 0.37716611859716387]",1,-1
30408,[0.76329728 0.45621397],30,32,"[0.7535856051996079, 0.45307884495298306]",1,-1
30409,[0.81393493 0.43322442],30,14,"[0.8486155699332081, 0.42850029565542425]",1,38
30410,[0.84129735 0.55248995],30,3,"[0.8068810957052946, 0.5180547120844742]",1,-1
30411,[0.75732721 0.39920818],30,42,"[0.765559566045806, 0.37716611859716387]",1,23
30412,[0.79989222 0.40343726],30,42,"[0.765559566045806, 0.37716611859716387]",1,-1
30413,[0.79640653 0.43889909],30,32,"[0.7535856051996079, 0.45307884495298306]",1,38
30414,[0.77030929 0.52309838],30,3,"[0.8068810957052946, 0.5180547120844742]",1,-1
30415,[0.78006969 0.35541576],30,42,"[0.765559566045806, 0.37716611859716387]",1,-1
30416,[0.84504335 0.41788123],30,14,"[0.8486155699332081, 0.42850029565542425]",1,-1
30417,[0.86193424 0.37988669],30,14,"[0.8486155699332081, 0.42850029565542425]",1,-1
30418,[0.78853611 0.38762028],30,42,"[0.765559566045806, 0.37716611859716387]",1,-1
30419,[0.86529992 0.48596869],30,14,"[0.8486155699332081, 0.42850029565542425]",1,-1
30420,[0.8258504  0.43941973],30,14,"[0.8486155699332081, 0.42850029565542425]",1,-1
30421,[0.88569004 0.41475281],30,14,"[0.8486155699332081, 0.42850029565542425]",1,-1
30422,[0.77738298 0.39077984],30,42,"[0.765559566045806, 0.37716611859716387]",1,-1
30423,[0.84742965 0.48224041],30,14,"[0.8486155699332081, 0.42850029565542425]",1,-1
30424,[0.94671742 0.45835404],30,-1,-1,1,-1
30425,[0.87800003 0.4603374 ],30,14,"[0.8486155699332081, 0.42850029565542425]",1,-1
30426,[0.70810345 0.48738633],30,26,"[0.6734889003123068, 0.4756404454441684]",1,-1
30427,[0.8258694  0.45900301],30,14,"[0.8486155699332081, 0.42850029565542425]",1,-1
30428,[0.87286128 0.4113638 ],30,14,"[0.8486155699332081, 0.42850029565542425]",1,-1
30429,[0.87244705 0.4496001 ],30,14,"[0.8486155699332081, 0.42850029565542425]",1,-1
30430,[0.84919349 0.38276428],30,14,"[0.8486155699332081, 0.42850029565542425]",1,-1
30431,[0.88381815 0.51094859],30,-1,-1,1,-1
30432,[0.84434245 0.52418203],30,3,"[0.8068810957052946, 0.5180547120844742]",1,-1
30433,[0.70979247 0.51483921],30,26,"[0.6734889003123068, 0.4756404454441684]",1,-1
30434,[0.80317087 0.40047422],30,42,"[0.765559566045806, 0.37716611859716387]",1,-1
30435,[0.79835438 0.39163028],30,42,"[0.765559566045806, 0.37716611859716387]",1,-1
30436,[0.83169751 0.39802058],30,14,"[0.8486155699332081, 0.42850029565542425]",1,-1
30437,[0.8358568  0.38954828],30,14,"[0.8486155699332081, 0.42850029565542425]",1,-1
30438,[0.87579607 0.50079365],30,-1,-1,1,-1
30439,[0.79535073 0.42570767],30,32,"[0.7535856051996079, 0.45307884495298306]",1,-1
30440,[0.83990161 0.47547165],30,14,"[0.8486155699332081, 0.42850029565542425]",1,42
30441,[0.72458936 0.51622957],30,11,"[0.7051682617613192, 0.574171671796882]",1,-1
30442,[0.87277166 0.41805874],30,14,"[0.8486155699332081, 0.42850029565542425]",1,-1
30443,[0.85216589 0.42165524],30,14,"[0.8486155699332081, 0.42850029565542425]",1,-1
30444,[0.92268209 0.4634934 ],30,-1,-1,1,-1
30445,[0.89596477 0.43355553],30,14,"[0.8486155699332081, 0.42850029565542425]",1,-1
30446,[0.86565026 0.51651641],30,3,"[0.8068810957052946, 0.5180547120844742]",1,-1
30447,[0.73762956 0.39905781],30,42,"[0.765559566045806, 0.37716611859716387]",1,-1
30448,[0.82557135 0.39658742],30,14,"[0.8486155699332081, 0.42850029565542425]",1,-1
30449,[0.80372502 0.43625508],30,14,"[0.8486155699332081, 0.42850029565542425]",1,-1
30450,[0.86263891 0.43324252],30,14,"[0.8486155699332081, 0.42850029565542425]",1,-1
30451,[0.83147669 0.4545272 ],30,14,"[0.8486155699332081, 0.42850029565542425]",1,42
30452,[0.96435749 0.3901988 ],30,-1,-1,-1,-1
30453,[0.8288046  0.38812308],30,14,"[0.8486155699332081, 0.42850029565542425]",1,-1
30454,[0.84806751 0.38239905],30,14,"[0.8486155699332081, 0.42850029565542425]",1,-1
30455,[0.85762037 0.41886807],30,14,"[0.8486155699332081, 0.42850029565542425]",1,-1
30456,[0.83324216 0.4242197 ],30,14,"[0.8486155699332081, 0.42850029565542425]",1,-1
30457,[0.80379055 0.40968605],30,14,"[0.8486155699332081, 0.42850029565542425]",1,-1
30458,[0.73980354 0.48805338],30,32,"[0.7535856051996079, 0.45307884495298306]",1,43
30459,[0.80789833 0.34698251],30,42,"[0.765559566045806, 0.37716611859716387]",1,-1
30460,[0.760935   0.41903335],30,32,"[0.7535856051996079, 0.45307884495298306]",1,-1
30461,[0.85334913 0.45091516],30,14,"[0.8486155699332081, 0.42850029565542425]",1,-1
30462,[0.74974102 0.41835021],30,32,"[0.7535856051996079, 0.45307884495298306]",1,-1
30463,[0.80901759 0.42091102],30,14,"[0.8486155699332081, 0.42850029565542425]",1,-1
30464,[0.83172696 0.54053918],30,3,"[0.8068810957052946, 0.5180547120844742]",1,-1
30465,[0.76289868 0.4877338 ],30,32,"[0.7535856051996079, 0.45307884495298306]",1,-1
30466,[0.77140835 0.4247618 ],30,32,"[0.7535856051996079, 0.45307884495298306]",1,38
30467,[0.77805171 0.42705617],30,32,"[0.7535856051996079, 0.45307884495298306]",1,38
30468,[0.78361272 0.41981476],30,32,"[0.7535856051996079, 0.45307884495298306]",1,-1
30469,[0.78962411 0.37822828],30,42,"[0.765559566045806, 0.37716611859716387]",1,-1
30470,[0.83891193 0.47046116],30,14,"[0.8486155699332081, 0.42850029565542425]",1,42
30471,[0.89030803 0.43764578],30,14,"[0.8486155699332081, 0.42850029565542425]",1,-1
30472,[0.86667934 0.37885082],30,14,"[0.8486155699332081, 0.42850029565542425]",1,-1
30473,[0.75313706 0.43275218],30,32,"[0.7535856051996079, 0.45307884495298306]",1,-1
30474,[0.90496679 0.47369298],30,-1,-1,1,-1
30475,[0.87695934 0.43459272],30,14,"[0.8486155699332081, 0.42850029565542425]",1,-1
30476,[0.87641954 0.40432416],30,14,"[0.8486155699332081, 0.42850029565542425]",1,-1
30477,[0.80337104 0.39268557],30,42,"[0.765559566045806, 0.37716611859716387]",1,-1
30478,[0.83650148 0.48682632],30,3,"[0.8068810957052946, 0.5180547120844742]",1,-1
30479,[0.81949772 0.39300391],30,14,"[0.8486155699332081, 0.42850029565542425]",1,-1
30480,[0.8626003  0.47069757],30,14,"[0.8486155699332081, 0.42850029565542425]",1,-1
30481,[0.83118308 0.46920824],30,14,"[0.8486155699332081, 0.42850029565542425]",1,-1
30482,[0.80898284 0.43347272],30,14,"[0.8486155699332081, 0.42850029565542425]",1,38
30483,[0.76223373 0.44738767],30,32,"[0.7535856051996079, 0.45307884495298306]",1,-1
30484,[0.85605892 0.44311654],30,14,"[0.8486155699332081, 0.42850029565542425]",1,-1
30485,[0.83640841 0.41284399],30,14,"[0.8486155699332081, 0.42850029565542425]",1,-1
30486,[0.83162277 0.46147534],30,14,"[0.8486155699332081, 0.42850029565542425]",1,-1
30487,[0.85273518 0.42003259],30,14,"[0.8486155699332081, 0.42850029565542425]",1,-1
30488,[0.8040595  0.45234957],30,32,"[0.7535856051996079, 0.45307884495298306]",1,-1
30489,[0.83370486 0.49789055],30,3,"[0.8068810957052946, 0.5180547120844742]",1,-1
30490,[0.73221233 0.48731003],30,32,"[0.7535856051996079, 0.45307884495298306]",1,-1
30491,[0.7541031  0.46870285],30,32,"[0.7535856051996079, 0.45307884495298306]",1,-1
30492,[0.89133619 0.33728285],30,-1,-1,1,-1
30493,[0.87578379 0.44077401],30,14,"[0.8486155699332081, 0.42850029565542425]",1,-1
30494,[0.73634493 0.39113368],30,42,"[0.765559566045806, 0.37716611859716387]",1,-1
30495,[0.82439707 0.40968824],30,14,"[0.8486155699332081, 0.42850029565542425]",1,-1
30496,[0.85040597 0.47572868],30,14,"[0.8486155699332081, 0.42850029565542425]",1,-1
30497,[0.86472729 0.43285739],30,14,"[0.8486155699332081, 0.42850029565542425]",1,-1
30498,[0.88519319 0.44664722],30,14,"[0.8486155699332081, 0.42850029565542425]",1,-1
30499,[0.82599772 0.45296846],30,14,"[0.8486155699332081, 0.42850029565542425]",1,42
30500,[0.82078012 0.47798539],30,3,"[0.8068810957052946, 0.5180547120844742]",1,42
30501,[0.8308711  0.35757299],30,42,"[0.765559566045806, 0.37716611859716387]",1,-1
30502,[0.85232954 0.40021571],30,14,"[0.8486155699332081, 0.42850029565542425]",1,-1
30503,[0.81690232 0.38051291],30,42,"[0.765559566045806, 0.37716611859716387]",1,-1
30504,[0.822572   0.44383392],30,14,"[0.8486155699332081, 0.42850029565542425]",1,-1
30505,[0.78554722 0.46518475],30,32,"[0.7535856051996079, 0.45307884495298306]",1,-1
30506,[0.84525316 0.43548991],30,14,"[0.8486155699332081, 0.42850029565542425]",1,-1
30507,[0.77765592 0.3360087 ],30,42,"[0.765559566045806, 0.37716611859716387]",1,-1
30508,[0.76701514 0.36542243],30,42,"[0.765559566045806, 0.37716611859716387]",1,-1
30509,[0.883072   0.39909029],30,14,"[0.8486155699332081, 0.42850029565542425]",1,-1
30510,[0.82954603 0.48341667],30,3,"[0.8068810957052946, 0.5180547120844742]",1,-1
30511,[0.86117629 0.39983221],30,14,"[0.8486155699332081, 0.42850029565542425]",1,-1
30512,[0.73294041 0.38022527],30,42,"[0.765559566045806, 0.37716611859716387]",1,-1
30513,[0.81138613 0.44432396],30,14,"[0.8486155699332081, 0.42850029565542425]",1,38
30514,[0.78761647 0.50206056],30,3,"[0.8068810957052946, 0.5180547120844742]",1,-1
30515,[0.80293143 0.41376998],30,14,"[0.8486155699332081, 0.42850029565542425]",1,-1
30516,[0.89057586 0.40164578],30,14,"[0.8486155699332081, 0.42850029565542425]",1,-1
30517,[0.77079772 0.5046574 ],30,3,"[0.8068810957052946, 0.5180547120844742]",1,-1
30518,[0.84141322 0.46854633],30,14,"[0.8486155699332081, 0.42850029565542425]",1,-1
30519,[0.81078083 0.42252209],30,14,"[0.8486155699332081, 0.42850029565542425]",1,-1
30520,[0.86081333 0.4607433 ],30,14,"[0.8486155699332081, 0.42850029565542425]",1,-1
30521,[0.74905394 0.36570109],30,42,"[0.765559566045806, 0.37716611859716387]",1,-1
30522,[0.76059484 0.40084907],30,42,"[0.765559566045806, 0.37716611859716387]",1,23
30523,[0.90717464 0.44529626],30,14,"[0.8486155699332081, 0.42850029565542425]",1,-1
30524,[0.8339003  0.33879891],30,-1,-1,1,-1
30525,[0.87126666 0.45829542],30,14,"[0.8486155699332081, 0.42850029565542425]",1,-1
30526,[0.86267188 0.44801296],30,14,"[0.8486155699332081, 0.42850029565542425]",1,-1
30527,[0.8330813  0.43615228],30,14,"[0.8486155699332081, 0.42850029565542425]",1,-1
30528,[0.73595131 0.35770156],30,42,"[0.765559566045806, 0.37716611859716387]",1,-1
30529,[0.915553   0.46293913],30,-1,-1,1,-1
30530,[0.82961604 0.42917033],30,14,"[0.8486155699332081, 0.42850029565542425]",1,-1
30531,[0.86691948 0.3888729 ],30,14,"[0.8486155699332081, 0.42850029565542425]",1,-1
30532,[0.83580095 0.46510939],30,14,"[0.8486155699332081, 0.42850029565542425]",1,-1
30533,[0.73603132 0.42952108],30,32,"[0.7535856051996079, 0.45307884495298306]",1,-1
30534,[0.83103544 0.46133984],30,14,"[0.8486155699332081, 0.42850029565542425]",1,-1
30535,[0.83308287 0.42247205],30,14,"[0.8486155699332081, 0.42850029565542425]",1,-1
30536,[0.84440197 0.34237545],30,-1,-1,1,-1
30537,[0.78567076 0.3806611 ],30,42,"[0.765559566045806, 0.37716611859716387]",1,-1
30538,[0.76456972 0.49880896],30,3,"[0.8068810957052946, 0.5180547120844742]",1,-1
30539,[0.7905808 0.3696822],30,42,"[0.765559566045806, 0.37716611859716387]",1,-1
30540,[0.88016451 0.43488042],30,14,"[0.8486155699332081, 0.42850029565542425]",1,-1
30541,[0.83916551 0.3797843 ],30,14,"[0.8486155699332081, 0.42850029565542425]",1,-1
30542,[0.95017102 0.51915679],30,-1,-1,1,-1
30543,[0.86592539 0.46810462],30,14,"[0.8486155699332081, 0.42850029565542425]",1,-1
30544,[0.84051063 0.43723524],30,14,"[0.8486155699332081, 0.42850029565542425]",1,-1
30545,[0.83210046 0.46278902],30,14,"[0.8486155699332081, 0.42850029565542425]",1,-1
30546,[0.7920109  0.45161887],30,32,"[0.7535856051996079, 0.45307884495298306]",1,-1
30547,[0.8490474  0.44557611],30,14,"[0.8486155699332081, 0.42850029565542425]",1,-1
30548,[0.85339254 0.4245258 ],30,14,"[0.8486155699332081, 0.42850029565542425]",1,-1
30549,[0.82284443 0.45509462],30,14,"[0.8486155699332081, 0.42850029565542425]",1,-1
30550,[0.87480462 0.47709666],30,14,"[0.8486155699332081, 0.42850029565542425]",1,-1
30551,[0.83768833 0.45749419],30,14,"[0.8486155699332081, 0.42850029565542425]",1,-1
30552,[0.76224104 0.45556716],30,32,"[0.7535856051996079, 0.45307884495298306]",1,-1
30553,[0.85010168 0.43484377],30,14,"[0.8486155699332081, 0.42850029565542425]",1,-1
30554,[0.79647547 0.33529788],30,42,"[0.765559566045806, 0.37716611859716387]",1,-1
30555,[0.8628084 0.4168904],30,14,"[0.8486155699332081, 0.42850029565542425]",1,-1
30556,[0.84153698 0.4808997 ],30,3,"[0.8068810957052946, 0.5180547120844742]",1,-1
30557,[0.76101345 0.39440888],30,42,"[0.765559566045806, 0.37716611859716387]",1,23
30558,[0.80407777 0.45886195],30,32,"[0.7535856051996079, 0.45307884495298306]",1,-1
30559,[0.87911766 0.38719873],30,14,"[0.8486155699332081, 0.42850029565542425]",1,-1
30560,[0.86672895 0.4459805 ],30,14,"[0.8486155699332081, 0.42850029565542425]",1,-1
30561,[0.86906641 0.43329623],30,14,"[0.8486155699332081, 0.42850029565542425]",1,-1
30562,[0.84419488 0.43853086],30,14,"[0.8486155699332081, 0.42850029565542425]",1,-1
30563,[0.80227048 0.46831454],30,3,"[0.8068810957052946, 0.5180547120844742]",1,-1
30564,[0.84902724 0.32723134],30,-1,-1,1,-1
30565,[0.85271242 0.4037467 ],30,14,"[0.8486155699332081, 0.42850029565542425]",1,-1
30566,[0.75117599 0.41019053],30,42,"[0.765559566045806, 0.37716611859716387]",1,-1
30567,[0.80031257 0.55602454],30,3,"[0.8068810957052946, 0.5180547120844742]",1,-1
30568,[0.83301691 0.46458056],30,14,"[0.8486155699332081, 0.42850029565542425]",1,-1
30569,[0.79586005 0.40211158],30,42,"[0.765559566045806, 0.37716611859716387]",1,-1
30570,[0.7464522  0.49785739],30,32,"[0.7535856051996079, 0.45307884495298306]",1,-1
30571,[0.80019927 0.42615701],30,14,"[0.8486155699332081, 0.42850029565542425]",1,-1
30572,[0.93274681 0.45334013],30,-1,-1,1,-1
30573,[0.83983391 0.35348835],30,-1,-1,1,-1
30574,[0.87531935 0.4462294 ],30,14,"[0.8486155699332081, 0.42850029565542425]",1,-1
30575,[0.75538519 0.45654144],30,32,"[0.7535856051996079, 0.45307884495298306]",1,-1
30576,[0.82977785 0.39351886],30,14,"[0.8486155699332081, 0.42850029565542425]",1,-1
30577,[0.87668231 0.47661357],30,14,"[0.8486155699332081, 0.42850029565542425]",1,-1
30578,[0.73229299 0.39643377],30,42,"[0.765559566045806, 0.37716611859716387]",1,-1
30579,[0.73586605 0.43270942],30,32,"[0.7535856051996079, 0.45307884495298306]",1,-1
30580,[0.71259992 0.56244064],30,11,"[0.7051682617613192, 0.574171671796882]",1,-1
30581,[0.86825413 0.53728472],30,3,"[0.8068810957052946, 0.5180547120844742]",1,-1
30582,[0.80777804 0.43259375],30,14,"[0.8486155699332081, 0.42850029565542425]",1,38
30583,[0.83205874 0.45950787],30,14,"[0.8486155699332081, 0.42850029565542425]",1,42
30584,[0.80492615 0.41406591],30,14,"[0.8486155699332081, 0.42850029565542425]",1,-1
30585,[0.66539785 0.45290575],30,26,"[0.6734889003123068, 0.4756404454441684]",1,-1
30586,[0.84875555 0.44515076],30,14,"[0.8486155699332081, 0.42850029565542425]",1,-1
30587,[0.87820949 0.44929392],30,14,"[0.8486155699332081, 0.42850029565542425]",1,-1
30588,[0.8119127  0.38618727],30,42,"[0.765559566045806, 0.37716611859716387]",1,-1
30589,[0.79405968 0.44257219],30,32,"[0.7535856051996079, 0.45307884495298306]",1,-1
30590,[0.91505525 0.51311556],30,-1,-1,1,-1
30591,[0.90385895 0.41222144],30,14,"[0.8486155699332081, 0.42850029565542425]",1,-1
30592,[0.80420654 0.48334267],30,3,"[0.8068810957052946, 0.5180547120844742]",1,-1
30593,[0.79951228 0.40302872],30,42,"[0.765559566045806, 0.37716611859716387]",1,-1
30594,[0.67984276 0.4077812 ],30,30,"[0.6934973256581222, 0.4131681772802667]",1,57
30595,[0.86281338 0.41870942],30,14,"[0.8486155699332081, 0.42850029565542425]",1,-1
30596,[0.89730437 0.47603595],30,14,"[0.8486155699332081, 0.42850029565542425]",1,-1
30597,[0.82240653 0.38782281],30,14,"[0.8486155699332081, 0.42850029565542425]",1,-1
30598,[0.84949631 0.41974928],30,14,"[0.8486155699332081, 0.42850029565542425]",1,-1
30599,[0.82876446 0.41096368],30,14,"[0.8486155699332081, 0.42850029565542425]",1,-1
30600,[0.78977674 0.42924878],30,32,"[0.7535856051996079, 0.45307884495298306]",1,-1
30601,[0.88392867 0.45559794],30,14,"[0.8486155699332081, 0.42850029565542425]",1,-1
30602,[0.81361819 0.51908215],30,3,"[0.8068810957052946, 0.5180547120844742]",1,-1
30603,[0.91287891 0.43071377],30,14,"[0.8486155699332081, 0.42850029565542425]",1,-1
30604,[0.80828616 0.48200626],30,3,"[0.8068810957052946, 0.5180547120844742]",1,42
30605,[0.91120141 0.41044885],30,14,"[0.8486155699332081, 0.42850029565542425]",1,-1
30606,[0.71917153 0.43318861],30,30,"[0.6934973256581222, 0.4131681772802667]",1,-1
30607,[0.86315079 0.31226608],30,-1,-1,1,-1
30608,[0.87485234 0.4509826 ],30,14,"[0.8486155699332081, 0.42850029565542425]",1,-1
30609,[0.74471629 0.44265585],30,32,"[0.7535856051996079, 0.45307884495298306]",1,54
30610,[0.84046059 0.47206564],30,14,"[0.8486155699332081, 0.42850029565542425]",1,42
30611,[0.81269445 0.39204521],30,42,"[0.765559566045806, 0.37716611859716387]",1,-1
30612,[0.89771657 0.41555838],30,14,"[0.8486155699332081, 0.42850029565542425]",1,-1
30613,[0.78451779 0.38989719],30,42,"[0.765559566045806, 0.37716611859716387]",1,-1
30614,[0.87355898 0.39678093],30,14,"[0.8486155699332081, 0.42850029565542425]",1,-1
30615,[0.85672927 0.51581371],30,3,"[0.8068810957052946, 0.5180547120844742]",1,-1
30616,[0.88457588 0.34664774],30,-1,-1,1,-1
30617,[0.83037006 0.43274406],30,14,"[0.8486155699332081, 0.42850029565542425]",1,-1
30618,[0.84546743 0.40932956],30,14,"[0.8486155699332081, 0.42850029565542425]",1,-1
30619,[0.8214776  0.32338559],30,-1,-1,1,-1
30620,[0.72559075 0.43386615],30,32,"[0.7535856051996079, 0.45307884495298306]",1,54
30621,[0.77857994 0.35299364],30,42,"[0.765559566045806, 0.37716611859716387]",1,-1
30622,[0.79444931 0.39798015],30,42,"[0.765559566045806, 0.37716611859716387]",1,-1
30623,[0.82230351 0.49642562],30,3,"[0.8068810957052946, 0.5180547120844742]",1,-1
30624,[0.84499439 0.45453189],30,14,"[0.8486155699332081, 0.42850029565542425]",1,-1
30625,[0.7961781  0.38999213],30,42,"[0.765559566045806, 0.37716611859716387]",1,-1
30626,[0.89550543 0.49880719],30,-1,-1,1,-1
30627,[0.88451653 0.46303861],30,14,"[0.8486155699332081, 0.42850029565542425]",1,-1
30628,[0.85161336 0.49339233],30,3,"[0.8068810957052946, 0.5180547120844742]",1,-1
30629,[0.81008619 0.46823466],30,3,"[0.8068810957052946, 0.5180547120844742]",1,42
30630,[0.8675332  0.47132465],30,14,"[0.8486155699332081, 0.42850029565542425]",1,-1
30631,[0.82914175 0.43254929],30,14,"[0.8486155699332081, 0.42850029565542425]",1,-1
30632,[0.82033425 0.40631725],30,14,"[0.8486155699332081, 0.42850029565542425]",1,-1
30633,[0.82400916 0.52960732],30,3,"[0.8068810957052946, 0.5180547120844742]",1,-1
30634,[0.83428405 0.45402024],30,14,"[0.8486155699332081, 0.42850029565542425]",1,42
30635,[0.86951982 0.3458162 ],30,-1,-1,1,-1
30636,[0.9183999  0.42483786],30,14,"[0.8486155699332081, 0.42850029565542425]",1,-1
30637,[0.83575983 0.47854148],30,3,"[0.8068810957052946, 0.5180547120844742]",1,-1
30638,[0.90802358 0.39760849],30,14,"[0.8486155699332081, 0.42850029565542425]",1,-1
30639,[0.84393161 0.45358432],30,14,"[0.8486155699332081, 0.42850029565542425]",1,-1
30640,[0.86222288 0.35487412],30,-1,-1,1,-1
30641,[0.83640777 0.44262247],30,14,"[0.8486155699332081, 0.42850029565542425]",1,-1
30642,[0.73387933 0.4548991 ],30,32,"[0.7535856051996079, 0.45307884495298306]",1,-1
30643,[0.80144126 0.40150211],30,42,"[0.765559566045806, 0.37716611859716387]",1,-1
30644,[0.70881702 0.40092714],30,30,"[0.6934973256581222, 0.4131681772802667]",1,-1
30645,[0.84862981 0.37550317],30,14,"[0.8486155699332081, 0.42850029565542425]",1,-1
30646,[0.80406087 0.38572958],30,42,"[0.765559566045806, 0.37716611859716387]",1,-1
30647,[0.77317786 0.46078084],30,32,"[0.7535856051996079, 0.45307884495298306]",1,45
30648,[0.81178489 0.42230558],30,14,"[0.8486155699332081, 0.42850029565542425]",1,-1
30649,[0.76676547 0.36539863],30,42,"[0.765559566045806, 0.37716611859716387]",1,-1
30650,[0.85937579 0.51020248],30,3,"[0.8068810957052946, 0.5180547120844742]",1,-1
30651,[0.83412448 0.4451858 ],30,14,"[0.8486155699332081, 0.42850029565542425]",1,-1
30652,[0.75904554 0.41751006],30,32,"[0.7535856051996079, 0.45307884495298306]",1,-1
30653,[0.83342289 0.45685044],30,14,"[0.8486155699332081, 0.42850029565542425]",1,42
30654,[0.70573258 0.4078206 ],30,30,"[0.6934973256581222, 0.4131681772802667]",1,-1
30655,[0.77638085 0.35967725],30,42,"[0.765559566045806, 0.37716611859716387]",1,-1
30656,[0.7985295  0.50267569],30,3,"[0.8068810957052946, 0.5180547120844742]",1,44
30657,[0.88693844 0.42794249],30,14,"[0.8486155699332081, 0.42850029565542425]",1,-1
30658,[0.8000139  0.43152296],30,14,"[0.8486155699332081, 0.42850029565542425]",1,-1
30659,[0.84336018 0.4579037 ],30,14,"[0.8486155699332081, 0.42850029565542425]",1,-1
30660,[0.83139562 0.3621793 ],30,42,"[0.765559566045806, 0.37716611859716387]",1,-1
30661,[0.90313806 0.49437728],30,-1,-1,1,-1
30662,[0.83071596 0.40596019],30,14,"[0.8486155699332081, 0.42850029565542425]",1,-1
30663,[0.83363806 0.47113909],30,14,"[0.8486155699332081, 0.42850029565542425]",1,-1
30664,[0.85807045 0.39978056],30,14,"[0.8486155699332081, 0.42850029565542425]",1,-1
30665,[0.77339447 0.44572903],30,32,"[0.7535856051996079, 0.45307884495298306]",1,-1
30666,[0.82534285 0.41316767],30,14,"[0.8486155699332081, 0.42850029565542425]",1,-1
30667,[0.84985166 0.52471676],30,3,"[0.8068810957052946, 0.5180547120844742]",1,-1
30668,[0.83171389 0.47803401],30,3,"[0.8068810957052946, 0.5180547120844742]",1,-1
30669,[0.85925127 0.51857526],30,3,"[0.8068810957052946, 0.5180547120844742]",1,-1
30670,[0.77406868 0.41817145],30,32,"[0.7535856051996079, 0.45307884495298306]",1,-1
30671,[0.88523787 0.47408657],30,14,"[0.8486155699332081, 0.42850029565542425]",1,-1
30672,[0.83186287 0.54588044],30,3,"[0.8068810957052946, 0.5180547120844742]",1,-1
30673,[0.72125472 0.47509808],30,32,"[0.7535856051996079, 0.45307884495298306]",1,-1
30674,[0.75326616 0.45366573],30,32,"[0.7535856051996079, 0.45307884495298306]",1,-1
30675,[0.93095832 0.4502184 ],30,-1,-1,1,-1
30676,[0.85199777 0.50133983],30,3,"[0.8068810957052946, 0.5180547120844742]",1,-1
30677,[0.8362622  0.44649446],30,14,"[0.8486155699332081, 0.42850029565542425]",1,-1
30678,[0.80559224 0.46687   ],30,3,"[0.8068810957052946, 0.5180547120844742]",1,-1
30679,[0.74339775 0.43400151],30,32,"[0.7535856051996079, 0.45307884495298306]",1,-1
30680,[0.88932553 0.37824209],30,14,"[0.8486155699332081, 0.42850029565542425]",1,-1
30681,[0.82404965 0.44297246],30,14,"[0.8486155699332081, 0.42850029565542425]",1,-1
30682,[0.77112561 0.43143034],30,32,"[0.7535856051996079, 0.45307884495298306]",1,-1
30683,[0.86557379 0.41702463],30,14,"[0.8486155699332081, 0.42850029565542425]",1,-1
30684,[0.80920824 0.44160232],30,14,"[0.8486155699332081, 0.42850029565542425]",1,-1
30685,[0.76576252 0.44206093],30,32,"[0.7535856051996079, 0.45307884495298306]",1,-1
30686,[0.8149646  0.45639048],30,14,"[0.8486155699332081, 0.42850029565542425]",1,-1
30687,[0.88620334 0.37721828],30,14,"[0.8486155699332081, 0.42850029565542425]",1,-1
30688,[0.8429382  0.50864309],30,3,"[0.8068810957052946, 0.5180547120844742]",1,-1
30689,[0.88836859 0.38685242],30,14,"[0.8486155699332081, 0.42850029565542425]",1,-1
30690,[0.86731845 0.39918603],30,14,"[0.8486155699332081, 0.42850029565542425]",1,-1
30691,[0.80597492 0.45647328],30,14,"[0.8486155699332081, 0.42850029565542425]",1,-1
30692,[0.80872102 0.4789089 ],30,3,"[0.8068810957052946, 0.5180547120844742]",1,-1
30693,[0.85297498 0.46252114],30,14,"[0.8486155699332081, 0.42850029565542425]",1,-1
30694,[0.83426621 0.4618623 ],30,14,"[0.8486155699332081, 0.42850029565542425]",1,-1
30695,[0.82804555 0.48121848],30,3,"[0.8068810957052946, 0.5180547120844742]",1,-1
30696,[0.83219409 0.50943642],30,3,"[0.8068810957052946, 0.5180547120844742]",1,-1
30697,[0.83242271 0.35767484],30,42,"[0.765559566045806, 0.37716611859716387]",1,-1
30698,[0.79799569 0.42931172],30,32,"[0.7535856051996079, 0.45307884495298306]",1,38
30699,[0.75825458 0.41558946],30,32,"[0.7535856051996079, 0.45307884495298306]",1,-1
30700,[0.79616137 0.4286453 ],30,32,"[0.7535856051996079, 0.45307884495298306]",1,38
30701,[0.83447461 0.51143227],30,3,"[0.8068810957052946, 0.5180547120844742]",1,-1
30702,[0.85814088 0.42490591],30,14,"[0.8486155699332081, 0.42850029565542425]",1,-1
30703,[0.85087287 0.38948147],30,14,"[0.8486155699332081, 0.42850029565542425]",1,-1
30704,[0.76269424 0.39913467],30,42,"[0.765559566045806, 0.37716611859716387]",1,23
30705,[0.86344995 0.36442904],30,14,"[0.8486155699332081, 0.42850029565542425]",1,-1
30706,[0.82715815 0.43833279],30,14,"[0.8486155699332081, 0.42850029565542425]",1,-1
30707,[0.88453916 0.39279829],30,14,"[0.8486155699332081, 0.42850029565542425]",1,-1
30708,[0.81839183 0.39057406],30,14,"[0.8486155699332081, 0.42850029565542425]",1,-1
30709,[0.8520899  0.37975997],30,14,"[0.8486155699332081, 0.42850029565542425]",1,-1
30710,[0.8506532 0.4027761],30,14,"[0.8486155699332081, 0.42850029565542425]",1,-1
30711,[0.82656396 0.44617362],30,14,"[0.8486155699332081, 0.42850029565542425]",1,-1
30712,[0.90147029 0.51364847],30,-1,-1,1,-1
30713,[0.92928298 0.55159519],30,-1,-1,1,-1
30714,[0.83427469 0.4892552 ],30,3,"[0.8068810957052946, 0.5180547120844742]",1,-1
30715,[0.85803111 0.42571851],30,14,"[0.8486155699332081, 0.42850029565542425]",1,-1
30716,[0.91486262 0.37792183],30,-1,-1,1,-1
30717,[0.82885243 0.40719062],30,14,"[0.8486155699332081, 0.42850029565542425]",1,-1
30718,[0.90821107 0.43618281],30,14,"[0.8486155699332081, 0.42850029565542425]",1,-1
30719,[0.80208089 0.41227093],30,14,"[0.8486155699332081, 0.42850029565542425]",1,-1
30720,[0.85456186 0.50547639],30,3,"[0.8068810957052946, 0.5180547120844742]",1,-1
30721,[0.86757507 0.45611777],30,14,"[0.8486155699332081, 0.42850029565542425]",1,-1
30722,[0.81780882 0.52643052],30,3,"[0.8068810957052946, 0.5180547120844742]",1,-1
30723,[0.85081274 0.42686239],30,14,"[0.8486155699332081, 0.42850029565542425]",1,-1
30724,[0.85584231 0.53964362],30,3,"[0.8068810957052946, 0.5180547120844742]",1,-1
30725,[0.83626161 0.43901373],30,14,"[0.8486155699332081, 0.42850029565542425]",1,-1
30726,[0.88842123 0.48036737],30,14,"[0.8486155699332081, 0.42850029565542425]",1,-1
30727,[0.76634619 0.42229938],30,32,"[0.7535856051996079, 0.45307884495298306]",1,-1
30728,[0.86914273 0.44370583],30,14,"[0.8486155699332081, 0.42850029565542425]",1,-1
30729,[0.87845371 0.41948469],30,14,"[0.8486155699332081, 0.42850029565542425]",1,-1
30730,[0.81012439 0.43265479],30,14,"[0.8486155699332081, 0.42850029565542425]",1,38
30731,[0.85342129 0.42078473],30,14,"[0.8486155699332081, 0.42850029565542425]",1,-1
30732,[0.77891504 0.39805693],30,42,"[0.765559566045806, 0.37716611859716387]",1,-1
30733,[0.82687185 0.40113071],30,14,"[0.8486155699332081, 0.42850029565542425]",1,-1
30734,[0.80060747 0.50222209],30,3,"[0.8068810957052946, 0.5180547120844742]",1,44
30735,[0.83036596 0.40695191],30,14,"[0.8486155699332081, 0.42850029565542425]",1,-1
30736,[0.78718622 0.4217677 ],30,32,"[0.7535856051996079, 0.45307884495298306]",1,-1
30737,[0.7461576  0.43630872],30,32,"[0.7535856051996079, 0.45307884495298306]",1,-1
30738,[0.82945857 0.31700484],30,-1,-1,1,-1
30739,[0.82525344 0.38736329],30,14,"[0.8486155699332081, 0.42850029565542425]",1,-1
30740,[0.86096967 0.41883681],30,14,"[0.8486155699332081, 0.42850029565542425]",1,-1
30741,[0.8317347  0.33334591],30,-1,-1,1,-1
30742,[0.86411698 0.37748445],30,14,"[0.8486155699332081, 0.42850029565542425]",1,-1
30743,[0.7479602  0.34443148],30,42,"[0.765559566045806, 0.37716611859716387]",1,-1
30744,[0.80590345 0.45639199],30,14,"[0.8486155699332081, 0.42850029565542425]",1,-1
30745,[0.82603025 0.39772474],30,14,"[0.8486155699332081, 0.42850029565542425]",1,-1
30746,[0.81391941 0.38892954],30,42,"[0.765559566045806, 0.37716611859716387]",1,-1
30747,[0.9223766  0.43929224],30,-1,-1,1,-1
30748,[0.86499565 0.36603931],30,14,"[0.8486155699332081, 0.42850029565542425]",1,-1
30749,[0.8190125 0.5454957],30,3,"[0.8068810957052946, 0.5180547120844742]",1,-1
30750,[0.84858589 0.41533754],30,14,"[0.8486155699332081, 0.42850029565542425]",1,-1
30751,[0.82970887 0.45157321],30,14,"[0.8486155699332081, 0.42850029565542425]",1,42
30752,[0.79133453 0.47403734],30,32,"[0.7535856051996079, 0.45307884495298306]",1,-1
30753,[0.80870156 0.41243768],30,14,"[0.8486155699332081, 0.42850029565542425]",1,-1
30754,[0.80546432 0.46991036],30,3,"[0.8068810957052946, 0.5180547120844742]",1,-1
30755,[0.8190199  0.47432348],30,3,"[0.8068810957052946, 0.5180547120844742]",1,42
30756,[0.77795077 0.46419749],30,32,"[0.7535856051996079, 0.45307884495298306]",1,-1
30757,[0.86285333 0.41209025],30,14,"[0.8486155699332081, 0.42850029565542425]",1,-1
30758,[0.80424906 0.42818183],30,14,"[0.8486155699332081, 0.42850029565542425]",1,38
30759,[0.88922213 0.39183432],30,14,"[0.8486155699332081, 0.42850029565542425]",1,-1
30760,[0.88756166 0.41654408],30,14,"[0.8486155699332081, 0.42850029565542425]",1,-1
30761,[0.86890107 0.39131047],30,14,"[0.8486155699332081, 0.42850029565542425]",1,-1
30762,[0.85705965 0.38641534],30,14,"[0.8486155699332081, 0.42850029565542425]",1,-1
30763,[0.83848705 0.37504029],30,14,"[0.8486155699332081, 0.42850029565542425]",1,-1
30764,[0.95679373 0.49903075],30,-1,-1,-1,-1
30765,[0.78104356 0.38552826],30,42,"[0.765559566045806, 0.37716611859716387]",1,-1
30766,[0.80868092 0.428577  ],30,14,"[0.8486155699332081, 0.42850029565542425]",1,38
30767,[0.76087483 0.40757667],30,42,"[0.765559566045806, 0.37716611859716387]",1,23
30768,[0.78479607 0.41770405],30,42,"[0.765559566045806, 0.37716611859716387]",1,-1
30769,[0.82108519 0.42038513],30,14,"[0.8486155699332081, 0.42850029565542425]",1,-1
30770,[0.85572001 0.45883166],30,14,"[0.8486155699332081, 0.42850029565542425]",1,-1
30771,[0.85225741 0.40401953],30,14,"[0.8486155699332081, 0.42850029565542425]",1,-1
30772,[0.76464938 0.46423711],30,32,"[0.7535856051996079, 0.45307884495298306]",1,-1
30773,[0.87358105 0.42883396],30,14,"[0.8486155699332081, 0.42850029565542425]",1,-1
30774,[0.90933293 0.34437606],30,-1,-1,1,-1
30775,[0.76603543 0.40503067],30,42,"[0.765559566045806, 0.37716611859716387]",1,-1
30776,[0.78739543 0.30485393],30,29,"[0.7250576817720672, 0.30126581813471415]",1,-1
30777,[0.90970142 0.45871027],30,14,"[0.8486155699332081, 0.42850029565542425]",1,-1
30778,[0.77016916 0.40368544],30,42,"[0.765559566045806, 0.37716611859716387]",1,-1
30779,[0.84662513 0.46533037],30,14,"[0.8486155699332081, 0.42850029565542425]",1,-1
30780,[0.94906724 0.44287044],30,-1,-1,1,-1
30781,[0.79830679 0.33271324],30,42,"[0.765559566045806, 0.37716611859716387]",1,-1
30782,[0.86945453 0.38581835],30,14,"[0.8486155699332081, 0.42850029565542425]",1,-1
30783,[0.82065066 0.45052041],30,14,"[0.8486155699332081, 0.42850029565542425]",1,-1
30784,[0.84966483 0.45499147],30,14,"[0.8486155699332081, 0.42850029565542425]",1,-1
30785,[0.8407512  0.46765013],30,14,"[0.8486155699332081, 0.42850029565542425]",1,-1
30786,[0.84745293 0.46353337],30,14,"[0.8486155699332081, 0.42850029565542425]",1,-1
30787,[0.84183759 0.40755755],30,14,"[0.8486155699332081, 0.42850029565542425]",1,-1
30788,[0.81424746 0.38620001],30,42,"[0.765559566045806, 0.37716611859716387]",1,-1
30789,[0.85781669 0.45523822],30,14,"[0.8486155699332081, 0.42850029565542425]",1,-1
30790,[0.85819147 0.41124042],30,14,"[0.8486155699332081, 0.42850029565542425]",1,-1
30791,[0.78520081 0.43960059],30,32,"[0.7535856051996079, 0.45307884495298306]",1,-1
30792,[0.82078605 0.50563839],30,3,"[0.8068810957052946, 0.5180547120844742]",1,-1
30793,[0.81137965 0.47645145],30,3,"[0.8068810957052946, 0.5180547120844742]",1,-1
30794,[0.94570303 0.46397831],30,-1,-1,1,-1
30795,[0.87630033 0.41146822],30,14,"[0.8486155699332081, 0.42850029565542425]",1,-1
30796,[0.85603066 0.41342303],30,14,"[0.8486155699332081, 0.42850029565542425]",1,-1
30797,[0.84932881 0.36138734],30,14,"[0.8486155699332081, 0.42850029565542425]",1,-1
30798,[0.77485272 0.35256543],30,42,"[0.765559566045806, 0.37716611859716387]",1,-1
30799,[0.78860342 0.44311962],30,32,"[0.7535856051996079, 0.45307884495298306]",1,-1
30800,[0.83162767 0.57028772],30,43,"[0.8274941202305067, 0.5998913364221842]",1,-1
30801,[0.84984241 0.388237  ],30,14,"[0.8486155699332081, 0.42850029565542425]",1,-1
30802,[0.74422721 0.39913808],30,42,"[0.765559566045806, 0.37716611859716387]",1,-1
30803,[0.79868638 0.48425133],30,3,"[0.8068810957052946, 0.5180547120844742]",1,-1
30804,[0.8426106  0.47373353],30,14,"[0.8486155699332081, 0.42850029565542425]",1,42
30805,[0.88088583 0.37581139],30,14,"[0.8486155699332081, 0.42850029565542425]",1,-1
30806,[0.82009645 0.39165509],30,14,"[0.8486155699332081, 0.42850029565542425]",1,-1
30807,[0.82575057 0.40575615],30,14,"[0.8486155699332081, 0.42850029565542425]",1,-1
30808,[0.74129895 0.31157999],30,29,"[0.7250576817720672, 0.30126581813471415]",1,-1
30809,[0.87927501 0.42640993],30,14,"[0.8486155699332081, 0.42850029565542425]",1,-1
30810,[0.82548885 0.45032836],30,14,"[0.8486155699332081, 0.42850029565542425]",1,42
30811,[0.86782876 0.43032055],30,14,"[0.8486155699332081, 0.42850029565542425]",1,-1
30812,[0.89678052 0.4234685 ],30,14,"[0.8486155699332081, 0.42850029565542425]",1,-1
30813,[0.9341001  0.37873538],30,-1,-1,1,-1
30814,[0.84096904 0.45035146],30,14,"[0.8486155699332081, 0.42850029565542425]",1,-1
30815,[0.93259192 0.4898998 ],30,-1,-1,1,-1
30816,[0.86526913 0.55537009],30,43,"[0.8274941202305067, 0.5998913364221842]",1,-1
30817,[0.87868931 0.51977653],30,-1,-1,1,-1
30818,[0.79800248 0.46584334],30,32,"[0.7535856051996079, 0.45307884495298306]",1,-1
30819,[0.86969691 0.43569757],30,14,"[0.8486155699332081, 0.42850029565542425]",1,-1
30820,[0.78353852 0.37569718],30,42,"[0.765559566045806, 0.37716611859716387]",1,-1
30821,[0.84454828 0.38440663],30,14,"[0.8486155699332081, 0.42850029565542425]",1,-1
30822,[0.82878212 0.43784433],30,14,"[0.8486155699332081, 0.42850029565542425]",1,-1
30823,[0.83730761 0.41113832],30,14,"[0.8486155699332081, 0.42850029565542425]",1,-1
30824,[0.84382044 0.4451778 ],30,14,"[0.8486155699332081, 0.42850029565542425]",1,-1
30825,[0.81718122 0.43448793],30,14,"[0.8486155699332081, 0.42850029565542425]",1,38
30826,[0.85955782 0.39449857],30,14,"[0.8486155699332081, 0.42850029565542425]",1,-1
30827,[0.88051291 0.37865146],30,14,"[0.8486155699332081, 0.42850029565542425]",1,-1
30828,[0.84895684 0.43169628],30,14,"[0.8486155699332081, 0.42850029565542425]",1,-1
30829,[0.88221596 0.43018657],30,14,"[0.8486155699332081, 0.42850029565542425]",1,-1
30830,[0.89925132 0.49088448],30,-1,-1,1,-1
30831,[0.86903691 0.47137561],30,14,"[0.8486155699332081, 0.42850029565542425]",1,-1
30832,[0.7861086  0.41885281],30,42,"[0.765559566045806, 0.37716611859716387]",1,-1
30833,[0.86814428 0.4264988 ],30,14,"[0.8486155699332081, 0.42850029565542425]",1,-1
30834,[0.75484296 0.48921808],30,32,"[0.7535856051996079, 0.45307884495298306]",1,-1
30835,[0.81752599 0.41116755],30,14,"[0.8486155699332081, 0.42850029565542425]",1,-1
30836,[0.82987125 0.3943663 ],30,14,"[0.8486155699332081, 0.42850029565542425]",1,-1
30837,[0.72515853 0.50746556],30,26,"[0.6734889003123068, 0.4756404454441684]",1,-1
30838,[0.83478958 0.53092129],30,3,"[0.8068810957052946, 0.5180547120844742]",1,-1
30839,[0.89254909 0.47285285],30,14,"[0.8486155699332081, 0.42850029565542425]",1,-1
30840,[0.85911415 0.47203866],30,14,"[0.8486155699332081, 0.42850029565542425]",1,-1
30841,[0.84603254 0.45846058],30,14,"[0.8486155699332081, 0.42850029565542425]",1,-1
30842,[0.81786666 0.45302042],30,14,"[0.8486155699332081, 0.42850029565542425]",1,-1
30843,[0.80853172 0.42109301],30,14,"[0.8486155699332081, 0.42850029565542425]",1,-1
30844,[0.85225673 0.285252  ],30,-1,-1,1,-1
30845,[0.8015653  0.39338388],30,42,"[0.765559566045806, 0.37716611859716387]",1,-1
30846,[0.83156023 0.38874475],30,14,"[0.8486155699332081, 0.42850029565542425]",1,-1
30847,[0.85077939 0.40499653],30,14,"[0.8486155699332081, 0.42850029565542425]",1,-1
30848,[0.90696155 0.41545324],30,14,"[0.8486155699332081, 0.42850029565542425]",1,-1
30849,[0.8822903  0.39274497],30,14,"[0.8486155699332081, 0.42850029565542425]",1,-1
30850,[0.83514368 0.49271858],30,3,"[0.8068810957052946, 0.5180547120844742]",1,-1
30851,[0.73063785 0.50422308],30,32,"[0.7535856051996079, 0.45307884495298306]",1,-1
30852,[0.7927912  0.42436912],30,32,"[0.7535856051996079, 0.45307884495298306]",1,38
30853,[0.84532319 0.41144759],30,14,"[0.8486155699332081, 0.42850029565542425]",1,-1
30854,[0.87284086 0.47340283],30,14,"[0.8486155699332081, 0.42850029565542425]",1,-1
30855,[0.88132757 0.33284475],30,-1,-1,1,-1
30856,[0.81518321 0.50715884],30,3,"[0.8068810957052946, 0.5180547120844742]",1,-1
30857,[0.81746631 0.44513086],30,14,"[0.8486155699332081, 0.42850029565542425]",1,-1
30858,[0.80589342 0.47172184],30,3,"[0.8068810957052946, 0.5180547120844742]",1,-1
30859,[0.89213548 0.47495806],30,14,"[0.8486155699332081, 0.42850029565542425]",1,-1
30860,[0.88824949 0.41368647],30,14,"[0.8486155699332081, 0.42850029565542425]",1,-1
30861,[0.82202178 0.44433269],30,14,"[0.8486155699332081, 0.42850029565542425]",1,-1
30862,[0.86163037 0.38370542],30,14,"[0.8486155699332081, 0.42850029565542425]",1,-1
30863,[0.94941723 0.42532982],30,-1,-1,1,-1
30864,[0.72985017 0.43036691],30,32,"[0.7535856051996079, 0.45307884495298306]",1,54
30865,[0.87240258 0.41285403],30,14,"[0.8486155699332081, 0.42850029565542425]",1,-1
30866,[0.84359313 0.41489962],30,14,"[0.8486155699332081, 0.42850029565542425]",1,-1
30867,[0.82987984 0.48383174],30,3,"[0.8068810957052946, 0.5180547120844742]",1,-1
30868,[0.85320642 0.35783202],30,-1,-1,1,-1
30869,[0.88925836 0.48803716],30,-1,-1,1,-1
30870,[0.83398338 0.40376486],30,14,"[0.8486155699332081, 0.42850029565542425]",1,-1
30871,[0.94102896 0.41577333],30,-1,-1,1,-1
30872,[0.76976967 0.42684723],30,32,"[0.7535856051996079, 0.45307884495298306]",1,-1
30873,[0.77362764 0.50906646],30,3,"[0.8068810957052946, 0.5180547120844742]",1,-1
30874,[0.82928469 0.47659597],30,3,"[0.8068810957052946, 0.5180547120844742]",1,42
30875,[0.83546863 0.45358701],30,14,"[0.8486155699332081, 0.42850029565542425]",1,42
30876,[0.75351976 0.3951403 ],30,42,"[0.765559566045806, 0.37716611859716387]",1,23
30877,[0.95049521 0.53725634],30,-1,-1,-1,-1
30878,[0.80843315 0.41353121],30,14,"[0.8486155699332081, 0.42850029565542425]",1,-1
30879,[0.88758008 0.48166353],30,14,"[0.8486155699332081, 0.42850029565542425]",1,-1
30880,[0.91037389 0.46934151],30,-1,-1,1,-1
30881,[0.91714337 0.53533683],30,-1,-1,1,-1
30882,[0.7953193  0.39133553],30,42,"[0.765559566045806, 0.37716611859716387]",1,-1
30883,[0.83139143 0.41101791],30,14,"[0.8486155699332081, 0.42850029565542425]",1,-1
30884,[0.76027388 0.45732766],30,32,"[0.7535856051996079, 0.45307884495298306]",1,-1
30885,[0.83155935 0.41841396],30,14,"[0.8486155699332081, 0.42850029565542425]",1,-1
30886,[0.82132918 0.39696105],30,14,"[0.8486155699332081, 0.42850029565542425]",1,-1
30887,[0.83850654 0.42615236],30,14,"[0.8486155699332081, 0.42850029565542425]",1,-1
30888,[0.86971042 0.38046919],30,14,"[0.8486155699332081, 0.42850029565542425]",1,-1
30889,[0.83273755 0.3991797 ],30,14,"[0.8486155699332081, 0.42850029565542425]",1,-1
30890,[0.84969938 0.46546497],30,14,"[0.8486155699332081, 0.42850029565542425]",1,-1
30891,[0.80121572 0.35454028],30,42,"[0.765559566045806, 0.37716611859716387]",1,-1
30892,[0.76809021 0.51942019],30,3,"[0.8068810957052946, 0.5180547120844742]",1,41
30893,[0.88856163 0.37099363],30,-1,-1,1,-1
30894,[0.84902827 0.33845235],30,-1,-1,1,-1
30895,[0.77243355 0.45502657],30,32,"[0.7535856051996079, 0.45307884495298306]",1,-1
30896,[0.79979548 0.35564485],30,42,"[0.765559566045806, 0.37716611859716387]",1,-1
30897,[0.78393429 0.46977968],30,32,"[0.7535856051996079, 0.45307884495298306]",1,-1
30898,[0.75866518 0.32538388],30,29,"[0.7250576817720672, 0.30126581813471415]",1,-1
30899,[0.75762785 0.48907415],30,32,"[0.7535856051996079, 0.45307884495298306]",1,-1
30900,[0.8630407  0.36246045],30,14,"[0.8486155699332081, 0.42850029565542425]",1,-1
30901,[0.85308032 0.45040255],30,14,"[0.8486155699332081, 0.42850029565542425]",1,-1
30902,[0.85170871 0.43019579],30,14,"[0.8486155699332081, 0.42850029565542425]",1,-1
30903,[0.91320158 0.46216961],30,-1,-1,1,-1
30904,[0.87706381 0.40476785],30,14,"[0.8486155699332081, 0.42850029565542425]",1,-1
30905,[0.82994644 0.54315393],30,3,"[0.8068810957052946, 0.5180547120844742]",1,-1
30906,[0.76126254 0.35079843],30,42,"[0.765559566045806, 0.37716611859716387]",1,-1
30907,[0.88270793 0.42658165],30,14,"[0.8486155699332081, 0.42850029565542425]",1,-1
30908,[0.88285527 0.43857905],30,14,"[0.8486155699332081, 0.42850029565542425]",1,-1
30909,[0.81578096 0.43782193],30,14,"[0.8486155699332081, 0.42850029565542425]",1,-1
30910,[0.80015616 0.50295898],30,3,"[0.8068810957052946, 0.5180547120844742]",1,44
30911,[0.88909742 0.44363691],30,14,"[0.8486155699332081, 0.42850029565542425]",1,-1
30912,[0.85903183 0.41324493],30,14,"[0.8486155699332081, 0.42850029565542425]",1,-1
30913,[0.90955009 0.46148345],30,14,"[0.8486155699332081, 0.42850029565542425]",1,-1
30914,[0.75905795 0.47670672],30,32,"[0.7535856051996079, 0.45307884495298306]",1,-1
30915,[0.81242978 0.40838408],30,14,"[0.8486155699332081, 0.42850029565542425]",1,-1
30916,[0.86493248 0.41274328],30,14,"[0.8486155699332081, 0.42850029565542425]",1,-1
30917,[0.85341227 0.45918458],30,14,"[0.8486155699332081, 0.42850029565542425]",1,-1
30918,[0.87809306 0.42275067],30,14,"[0.8486155699332081, 0.42850029565542425]",1,-1
30919,[0.84762685 0.3778097 ],30,14,"[0.8486155699332081, 0.42850029565542425]",1,-1
30920,[0.8929096  0.48536433],30,-1,-1,1,-1
30921,[0.81115181 0.3731644 ],30,42,"[0.765559566045806, 0.37716611859716387]",1,-1
30922,[0.76191176 0.39384925],30,42,"[0.765559566045806, 0.37716611859716387]",1,-1
30923,[0.80410112 0.44127968],30,14,"[0.8486155699332081, 0.42850029565542425]",1,-1
30924,[0.86388793 0.44950861],30,14,"[0.8486155699332081, 0.42850029565542425]",1,-1
30925,[0.72463404 0.34597913],30,29,"[0.7250576817720672, 0.30126581813471415]",1,-1
30926,[0.8019952  0.43316573],30,14,"[0.8486155699332081, 0.42850029565542425]",1,-1
30927,[0.82614772 0.3949547 ],30,14,"[0.8486155699332081, 0.42850029565542425]",1,-1
30928,[0.82282581 0.45449747],30,14,"[0.8486155699332081, 0.42850029565542425]",1,-1
30929,[0.85350204 0.42318738],30,14,"[0.8486155699332081, 0.42850029565542425]",1,-1
30930,[0.79899569 0.38085069],30,42,"[0.765559566045806, 0.37716611859716387]",1,-1
30931,[0.87479226 0.47820718],30,14,"[0.8486155699332081, 0.42850029565542425]",1,-1
30932,[0.81088463 0.46913009],30,3,"[0.8068810957052946, 0.5180547120844742]",1,42
30933,[0.83455987 0.40862554],30,14,"[0.8486155699332081, 0.42850029565542425]",1,-1
30934,[0.83978068 0.46305411],30,14,"[0.8486155699332081, 0.42850029565542425]",1,-1
30935,[0.96598345 0.43269045],30,-1,-1,1,-1
30936,[0.78421651 0.41590948],30,42,"[0.765559566045806, 0.37716611859716387]",1,-1
30937,[0.80119798 0.39859292],30,42,"[0.765559566045806, 0.37716611859716387]",1,-1
30938,[0.85402283 0.46953233],30,14,"[0.8486155699332081, 0.42850029565542425]",1,-1
30939,[0.83171138 0.38456798],30,14,"[0.8486155699332081, 0.42850029565542425]",1,-1
30940,[0.80581627 0.45981675],30,32,"[0.7535856051996079, 0.45307884495298306]",1,-1
30941,[0.86269151 0.39993395],30,14,"[0.8486155699332081, 0.42850029565542425]",1,-1
30942,[0.77702974 0.41587591],30,42,"[0.765559566045806, 0.37716611859716387]",1,-1
30943,[0.79060894 0.38612631],30,42,"[0.765559566045806, 0.37716611859716387]",1,-1
30944,[0.8263847  0.35551924],30,42,"[0.765559566045806, 0.37716611859716387]",1,-1
30945,[0.82005496 0.50271932],30,3,"[0.8068810957052946, 0.5180547120844742]",1,-1
30946,[0.88558367 0.42917037],30,14,"[0.8486155699332081, 0.42850029565542425]",1,-1
30947,[0.91911077 0.47873184],30,-1,-1,1,-1
30948,[0.80830695 0.52722096],30,3,"[0.8068810957052946, 0.5180547120844742]",1,-1
30949,[0.85012113 0.4708568 ],30,14,"[0.8486155699332081, 0.42850029565542425]",1,-1
30950,[0.79797376 0.54667912],30,3,"[0.8068810957052946, 0.5180547120844742]",1,-1
30951,[0.89545736 0.46766629],30,14,"[0.8486155699332081, 0.42850029565542425]",1,-1
30952,[0.80006693 0.46214443],30,32,"[0.7535856051996079, 0.45307884495298306]",1,-1
30953,[0.97380527 0.34150067],30,-1,-1,-1,-1
30954,[0.73669859 0.45274734],30,32,"[0.7535856051996079, 0.45307884495298306]",1,-1
30955,[0.80032944 0.42339183],30,14,"[0.8486155699332081, 0.42850029565542425]",1,-1
30956,[0.79585806 0.40526035],30,42,"[0.765559566045806, 0.37716611859716387]",1,-1
30957,[0.8556149 0.3879334],30,14,"[0.8486155699332081, 0.42850029565542425]",1,-1
30958,[0.90975906 0.33413522],30,-1,-1,1,-1
30959,[0.87649751 0.46158101],30,14,"[0.8486155699332081, 0.42850029565542425]",1,-1
30960,[0.83118197 0.36736185],30,14,"[0.8486155699332081, 0.42850029565542425]",1,-1
30961,[0.93082907 0.45612034],30,-1,-1,1,-1
30962,[0.76419185 0.46109253],30,32,"[0.7535856051996079, 0.45307884495298306]",1,-1
30963,[0.86361084 0.52409191],30,3,"[0.8068810957052946, 0.5180547120844742]",1,-1
30964,[0.90399647 0.41374067],30,14,"[0.8486155699332081, 0.42850029565542425]",1,-1
30965,[0.93125113 0.46280645],30,-1,-1,1,-1
30966,[0.82510986 0.39164805],30,14,"[0.8486155699332081, 0.42850029565542425]",1,-1
30967,[0.81842816 0.44138225],30,14,"[0.8486155699332081, 0.42850029565542425]",1,-1
30968,[0.84342567 0.43330298],30,14,"[0.8486155699332081, 0.42850029565542425]",1,-1
30969,[0.73618166 0.54143178],30,11,"[0.7051682617613192, 0.574171671796882]",1,-1
30970,[0.87552979 0.48631266],30,14,"[0.8486155699332081, 0.42850029565542425]",1,-1
30971,[0.82611011 0.38399995],30,14,"[0.8486155699332081, 0.42850029565542425]",1,-1
30972,[0.8653294  0.40891201],30,14,"[0.8486155699332081, 0.42850029565542425]",1,-1
30973,[0.91613408 0.35142281],30,-1,-1,1,-1
30974,[0.84487813 0.4430189 ],30,14,"[0.8486155699332081, 0.42850029565542425]",1,-1
30975,[0.9184975  0.39580455],30,-1,-1,1,-1
30976,[0.83554738 0.34724083],30,-1,-1,1,-1
30977,[0.89788843 0.41042267],30,14,"[0.8486155699332081, 0.42850029565542425]",1,-1
30978,[0.85688792 0.4171067 ],30,14,"[0.8486155699332081, 0.42850029565542425]",1,-1
30979,[0.85734374 0.43619911],30,14,"[0.8486155699332081, 0.42850029565542425]",1,-1
30980,[0.85556464 0.51976226],30,3,"[0.8068810957052946, 0.5180547120844742]",1,-1
30981,[0.85370382 0.42560904],30,14,"[0.8486155699332081, 0.42850029565542425]",1,-1
30982,[0.79409868 0.49186582],30,3,"[0.8068810957052946, 0.5180547120844742]",1,-1
30983,[0.69997938 0.40087344],30,30,"[0.6934973256581222, 0.4131681772802667]",1,57
30984,[0.84730455 0.41638674],30,14,"[0.8486155699332081, 0.42850029565542425]",1,-1
30985,[0.85479677 0.39566742],30,14,"[0.8486155699332081, 0.42850029565542425]",1,-1
30986,[0.84936921 0.39286702],30,14,"[0.8486155699332081, 0.42850029565542425]",1,-1
30987,[0.77528956 0.40046571],30,42,"[0.765559566045806, 0.37716611859716387]",1,-1
30988,[0.86932963 0.41474471],30,14,"[0.8486155699332081, 0.42850029565542425]",1,-1
30989,[0.76725217 0.40369199],30,42,"[0.765559566045806, 0.37716611859716387]",1,-1
30990,[0.83282929 0.38519109],30,14,"[0.8486155699332081, 0.42850029565542425]",1,-1
30991,[0.90303752 0.37713929],30,-1,-1,1,-1
30992,[0.85318219 0.40517311],30,14,"[0.8486155699332081, 0.42850029565542425]",1,-1
30993,[0.84127801 0.47387571],30,14,"[0.8486155699332081, 0.42850029565542425]",1,42
30994,[0.90623484 0.38040951],30,-1,-1,1,-1
30995,[0.72930607 0.42629612],30,32,"[0.7535856051996079, 0.45307884495298306]",1,-1
30996,[0.91549138 0.44072412],30,14,"[0.8486155699332081, 0.42850029565542425]",1,-1
30997,[0.80046106 0.39676312],30,42,"[0.765559566045806, 0.37716611859716387]",1,-1
30998,[0.79595778 0.38022325],30,42,"[0.765559566045806, 0.37716611859716387]",1,-1
30999,[0.87132037 0.45609803],30,14,"[0.8486155699332081, 0.42850029565542425]",1,-1
31000,[0.22378766 0.75438043],31,24,"[0.2219823769694232, 0.7523883708842017]",1,-1
31001,[0.31798118 0.80129933],31,12,"[0.3169063637449832, 0.8033325636066986]",1,-1
31002,[0.27154085 0.82747389],31,12,"[0.3169063637449832, 0.8033325636066986]",1,-1
31003,[0.19964745 0.86523363],31,38,"[0.1833808871148498, 0.824806751753795]",1,-1
31004,[0.28554729 0.76678096],31,12,"[0.3169063637449832, 0.8033325636066986]",1,-1
31005,[0.31318941 0.71635037],31,8,"[0.26852263019242567, 0.6890353589332484]",1,-1
31006,[0.24505072 0.65978041],31,8,"[0.26852263019242567, 0.6890353589332484]",1,-1
31007,[0.24782342 0.73331428],31,24,"[0.2219823769694232, 0.7523883708842017]",1,-1
31008,[0.33390622 0.83528829],31,12,"[0.3169063637449832, 0.8033325636066986]",1,-1
31009,[0.24532124 0.62808014],31,40,"[0.24325605379412626, 0.6063462149687255]",1,11
31010,[0.29350609 0.80893969],31,12,"[0.3169063637449832, 0.8033325636066986]",1,-1
31011,[0.23728619 0.75582151],31,24,"[0.2219823769694232, 0.7523883708842017]",1,-1
31012,[0.26817034 0.76836335],31,24,"[0.2219823769694232, 0.7523883708842017]",1,-1
31013,[0.30177196 0.78686329],31,12,"[0.3169063637449832, 0.8033325636066986]",1,-1
31014,[0.21309763 0.77294365],31,24,"[0.2219823769694232, 0.7523883708842017]",1,-1
31015,[0.19367243 0.74905995],31,24,"[0.2219823769694232, 0.7523883708842017]",1,-1
31016,[0.28811359 0.73860628],31,8,"[0.26852263019242567, 0.6890353589332484]",1,-1
31017,[0.28614134 0.78602275],31,12,"[0.3169063637449832, 0.8033325636066986]",1,-1
31018,[0.20758379 0.80602632],31,38,"[0.1833808871148498, 0.824806751753795]",1,-1
31019,[0.19806379 0.71216439],31,24,"[0.2219823769694232, 0.7523883708842017]",1,-1
31020,[0.2555918  0.80205651],31,24,"[0.2219823769694232, 0.7523883708842017]",1,-1
31021,[0.28299538 0.74741358],31,8,"[0.26852263019242567, 0.6890353589332484]",1,-1
31022,[0.33896347 0.76789136],31,12,"[0.3169063637449832, 0.8033325636066986]",1,-1
31023,[0.24003062 0.75274359],31,24,"[0.2219823769694232, 0.7523883708842017]",1,-1
31024,[0.21534076 0.72151954],31,24,"[0.2219823769694232, 0.7523883708842017]",1,-1
31025,[0.22785489 0.78386182],31,24,"[0.2219823769694232, 0.7523883708842017]",1,-1
31026,[0.23547582 0.75695692],31,24,"[0.2219823769694232, 0.7523883708842017]",1,-1
31027,[0.27821579 0.80672298],31,12,"[0.3169063637449832, 0.8033325636066986]",1,-1
31028,[0.27219136 0.71291795],31,8,"[0.26852263019242567, 0.6890353589332484]",1,18
31029,[0.3018494  0.74431469],31,12,"[0.3169063637449832, 0.8033325636066986]",1,-1
31030,[0.31197867 0.8007524 ],31,12,"[0.3169063637449832, 0.8033325636066986]",1,-1
31031,[0.25309333 0.76245453],31,24,"[0.2219823769694232, 0.7523883708842017]",1,-1
31032,[0.32765215 0.72659722],31,19,"[0.3585209611110644, 0.671407469606326]",1,-1
31033,[0.23521139 0.76123589],31,24,"[0.2219823769694232, 0.7523883708842017]",1,-1
31034,[0.32260226 0.75150699],31,12,"[0.3169063637449832, 0.8033325636066986]",1,-1
31035,[0.41299187 0.65002328],31,45,"[0.4377614438459196, 0.655911915550708]",1,46
31036,[0.3771227  0.75233452],31,47,"[0.4308417820697566, 0.7426361553548808]",1,-1
31037,[0.21977688 0.76085212],31,24,"[0.2219823769694232, 0.7523883708842017]",1,-1
31038,[0.24749544 0.75300211],31,24,"[0.2219823769694232, 0.7523883708842017]",1,-1
31039,[0.24838469 0.72932662],31,24,"[0.2219823769694232, 0.7523883708842017]",1,-1
31040,[0.23244542 0.73763517],31,24,"[0.2219823769694232, 0.7523883708842017]",1,-1
31041,[0.22901837 0.79658001],31,24,"[0.2219823769694232, 0.7523883708842017]",1,-1
31042,[0.15648574 0.85548075],31,38,"[0.1833808871148498, 0.824806751753795]",1,-1
31043,[0.25850589 0.75867431],31,24,"[0.2219823769694232, 0.7523883708842017]",1,-1
31044,[0.30369307 0.79994641],31,12,"[0.3169063637449832, 0.8033325636066986]",1,-1
31045,[0.26412869 0.7208815 ],31,8,"[0.26852263019242567, 0.6890353589332484]",1,-1
31046,[0.40724012 0.75160746],31,47,"[0.4308417820697566, 0.7426361553548808]",1,-1
31047,[0.28296055 0.70830884],31,8,"[0.26852263019242567, 0.6890353589332484]",1,-1
31048,[0.37714582 0.70877389],31,19,"[0.3585209611110644, 0.671407469606326]",1,-1
31049,[0.37077499 0.83709634],31,12,"[0.3169063637449832, 0.8033325636066986]",1,4
31050,[0.27714108 0.78998122],31,12,"[0.3169063637449832, 0.8033325636066986]",1,-1
31051,[0.30863112 0.7751261 ],31,12,"[0.3169063637449832, 0.8033325636066986]",1,-1
31052,[0.30704818 0.85536971],31,12,"[0.3169063637449832, 0.8033325636066986]",1,-1
31053,[0.28872823 0.6865866 ],31,8,"[0.26852263019242567, 0.6890353589332484]",1,-1
31054,[0.29837203 0.78964032],31,12,"[0.3169063637449832, 0.8033325636066986]",1,-1
31055,[0.25633606 0.78002584],31,24,"[0.2219823769694232, 0.7523883708842017]",1,-1
31056,[0.24040267 0.73804101],31,24,"[0.2219823769694232, 0.7523883708842017]",1,-1
31057,[0.25486295 0.75764271],31,24,"[0.2219823769694232, 0.7523883708842017]",1,-1
31058,[0.37123758 0.77218345],31,12,"[0.3169063637449832, 0.8033325636066986]",1,-1
31059,[0.26764366 0.7152536 ],31,8,"[0.26852263019242567, 0.6890353589332484]",1,-1
31060,[0.20976928 0.75652421],31,24,"[0.2219823769694232, 0.7523883708842017]",1,-1
31061,[0.20336133 0.84930391],31,38,"[0.1833808871148498, 0.824806751753795]",1,-1
31062,[0.32429195 0.65250103],31,19,"[0.3585209611110644, 0.671407469606326]",1,-1
31063,[0.19439035 0.83952783],31,38,"[0.1833808871148498, 0.824806751753795]",1,-1
31064,[0.3209286  0.79632244],31,12,"[0.3169063637449832, 0.8033325636066986]",1,-1
31065,[0.27592571 0.74956109],31,24,"[0.2219823769694232, 0.7523883708842017]",1,-1
31066,[0.30669966 0.8645195 ],31,12,"[0.3169063637449832, 0.8033325636066986]",1,-1
31067,[0.22745673 0.79830518],31,24,"[0.2219823769694232, 0.7523883708842017]",1,-1
31068,[0.22886862 0.73843414],31,24,"[0.2219823769694232, 0.7523883708842017]",1,14
31069,[0.2572011  0.74512514],31,24,"[0.2219823769694232, 0.7523883708842017]",1,-1
31070,[0.20780436 0.81441995],31,38,"[0.1833808871148498, 0.824806751753795]",1,-1
31071,[0.25651019 0.7510101 ],31,24,"[0.2219823769694232, 0.7523883708842017]",1,-1
31072,[0.29571115 0.73063454],31,8,"[0.26852263019242567, 0.6890353589332484]",1,-1
31073,[0.23634414 0.76555353],31,24,"[0.2219823769694232, 0.7523883708842017]",1,-1
31074,[0.17293234 0.75945498],31,33,"[0.14360528745911366, 0.7361289007486289]",1,-1
31075,[0.22103736 0.733962  ],31,24,"[0.2219823769694232, 0.7523883708842017]",1,14
31076,[0.29440467 0.83660503],31,12,"[0.3169063637449832, 0.8033325636066986]",1,-1
31077,[0.35131302 0.7102768 ],31,19,"[0.3585209611110644, 0.671407469606326]",1,-1
31078,[0.30571719 0.7396774 ],31,8,"[0.26852263019242567, 0.6890353589332484]",1,-1
31079,[0.28492922 0.73413666],31,8,"[0.26852263019242567, 0.6890353589332484]",1,-1
31080,[0.14442448 0.86470576],31,38,"[0.1833808871148498, 0.824806751753795]",1,-1
31081,[0.28722696 0.86176316],31,12,"[0.3169063637449832, 0.8033325636066986]",1,-1
31082,[0.26957363 0.83081669],31,12,"[0.3169063637449832, 0.8033325636066986]",1,-1
31083,[0.31492848 0.7683779 ],31,12,"[0.3169063637449832, 0.8033325636066986]",1,-1
31084,[0.30031925 0.73331184],31,8,"[0.26852263019242567, 0.6890353589332484]",1,-1
31085,[0.32797209 0.74792641],31,12,"[0.3169063637449832, 0.8033325636066986]",1,-1
31086,[0.34856933 0.82118765],31,12,"[0.3169063637449832, 0.8033325636066986]",1,-1
31087,[0.32703119 0.78484791],31,12,"[0.3169063637449832, 0.8033325636066986]",1,-1
31088,[0.31117836 0.84030906],31,12,"[0.3169063637449832, 0.8033325636066986]",1,-1
31089,[0.27364132 0.81903123],31,12,"[0.3169063637449832, 0.8033325636066986]",1,-1
31090,[0.20520482 0.72064857],31,24,"[0.2219823769694232, 0.7523883708842017]",1,-1
31091,[0.24387479 0.70400716],31,8,"[0.26852263019242567, 0.6890353589332484]",1,-1
31092,[0.30701051 0.80710697],31,12,"[0.3169063637449832, 0.8033325636066986]",1,-1
31093,[0.20727509 0.79898426],31,38,"[0.1833808871148498, 0.824806751753795]",1,-1
31094,[0.29557872 0.78271161],31,12,"[0.3169063637449832, 0.8033325636066986]",1,-1
31095,[0.20035415 0.87084591],31,38,"[0.1833808871148498, 0.824806751753795]",1,-1
31096,[0.32102949 0.7555081 ],31,12,"[0.3169063637449832, 0.8033325636066986]",1,-1
31097,[0.28513714 0.79230614],31,12,"[0.3169063637449832, 0.8033325636066986]",1,-1
31098,[0.25376804 0.80498289],31,24,"[0.2219823769694232, 0.7523883708842017]",1,-1
31099,[0.29801524 0.8231931 ],31,12,"[0.3169063637449832, 0.8033325636066986]",1,-1
31100,[0.23391267 0.7927265 ],31,24,"[0.2219823769694232, 0.7523883708842017]",1,-1
31101,[0.23507087 0.82731272],31,38,"[0.1833808871148498, 0.824806751753795]",1,-1
31102,[0.2497586  0.76963151],31,24,"[0.2219823769694232, 0.7523883708842017]",1,-1
31103,[0.31182528 0.79120634],31,12,"[0.3169063637449832, 0.8033325636066986]",1,-1
31104,[0.30015059 0.75851489],31,12,"[0.3169063637449832, 0.8033325636066986]",1,-1
31105,[0.23330209 0.76117255],31,24,"[0.2219823769694232, 0.7523883708842017]",1,-1
31106,[0.20124849 0.84998636],31,38,"[0.1833808871148498, 0.824806751753795]",1,-1
31107,[0.20075169 0.74810027],31,24,"[0.2219823769694232, 0.7523883708842017]",1,-1
31108,[0.33236281 0.77053393],31,12,"[0.3169063637449832, 0.8033325636066986]",1,-1
31109,[0.27553511 0.78614198],31,12,"[0.3169063637449832, 0.8033325636066986]",1,-1
31110,[0.16946373 0.71505495],31,33,"[0.14360528745911366, 0.7361289007486289]",1,-1
31111,[0.26654018 0.74404055],31,24,"[0.2219823769694232, 0.7523883708842017]",1,-1
31112,[0.25560351 0.71197831],31,8,"[0.26852263019242567, 0.6890353589332484]",1,-1
31113,[0.19303941 0.79930846],31,38,"[0.1833808871148498, 0.824806751753795]",1,-1
31114,[0.18345098 0.82899532],31,38,"[0.1833808871148498, 0.824806751753795]",1,-1
31115,[0.24074132 0.82520906],31,38,"[0.1833808871148498, 0.824806751753795]",1,-1
31116,[0.29048124 0.76610653],31,12,"[0.3169063637449832, 0.8033325636066986]",1,-1
31117,[0.29597597 0.73773435],31,8,"[0.26852263019242567, 0.6890353589332484]",1,-1
31118,[0.28439714 0.75083308],31,12,"[0.3169063637449832, 0.8033325636066986]",1,-1
31119,[0.1945635  0.78236237],31,24,"[0.2219823769694232, 0.7523883708842017]",1,-1
31120,[0.29727086 0.7639582 ],31,12,"[0.3169063637449832, 0.8033325636066986]",1,-1
31121,[0.27051049 0.78290681],31,12,"[0.3169063637449832, 0.8033325636066986]",1,-1
31122,[0.26084941 0.79685435],31,12,"[0.3169063637449832, 0.8033325636066986]",1,-1
31123,[0.19974409 0.7892937 ],31,38,"[0.1833808871148498, 0.824806751753795]",1,-1
31124,[0.21803785 0.76490142],31,24,"[0.2219823769694232, 0.7523883708842017]",1,-1
31125,[0.1722203  0.77985959],31,38,"[0.1833808871148498, 0.824806751753795]",1,-1
31126,[0.3213213  0.80760874],31,12,"[0.3169063637449832, 0.8033325636066986]",1,-1
31127,[0.23139948 0.87363334],31,38,"[0.1833808871148498, 0.824806751753795]",1,-1
31128,[0.2707997  0.80530464],31,12,"[0.3169063637449832, 0.8033325636066986]",1,-1
31129,[0.25889582 0.80717411],31,12,"[0.3169063637449832, 0.8033325636066986]",1,-1
31130,[0.27481178 0.6193297 ],31,40,"[0.24325605379412626, 0.6063462149687255]",1,-1
31131,[0.32498988 0.72198777],31,19,"[0.3585209611110644, 0.671407469606326]",1,-1
31132,[0.26828409 0.87621764],31,-1,-1,1,-1
31133,[0.31808758 0.79116059],31,12,"[0.3169063637449832, 0.8033325636066986]",1,-1
31134,[0.29864836 0.80136257],31,12,"[0.3169063637449832, 0.8033325636066986]",1,-1
31135,[0.21380221 0.72332288],31,24,"[0.2219823769694232, 0.7523883708842017]",1,-1
31136,[0.25378259 0.78970649],31,24,"[0.2219823769694232, 0.7523883708842017]",1,-1
31137,[0.37440925 0.75043415],31,47,"[0.4308417820697566, 0.7426361553548808]",1,-1
31138,[0.25471636 0.72749813],31,8,"[0.26852263019242567, 0.6890353589332484]",1,19
31139,[0.29741077 0.72562752],31,8,"[0.26852263019242567, 0.6890353589332484]",1,-1
31140,[0.2876423  0.84416263],31,12,"[0.3169063637449832, 0.8033325636066986]",1,-1
31141,[0.24530782 0.7214733 ],31,24,"[0.2219823769694232, 0.7523883708842017]",1,-1
31142,[0.27969419 0.8212052 ],31,12,"[0.3169063637449832, 0.8033325636066986]",1,-1
31143,[0.27283749 0.74885761],31,24,"[0.2219823769694232, 0.7523883708842017]",1,-1
31144,[0.27976053 0.80755504],31,12,"[0.3169063637449832, 0.8033325636066986]",1,-1
31145,[0.32611602 0.71899654],31,19,"[0.3585209611110644, 0.671407469606326]",1,-1
31146,[0.35116608 0.74231703],31,12,"[0.3169063637449832, 0.8033325636066986]",1,-1
31147,[0.29403657 0.69360463],31,8,"[0.26852263019242567, 0.6890353589332484]",1,-1
31148,[0.1961944  0.74836307],31,24,"[0.2219823769694232, 0.7523883708842017]",1,-1
31149,[0.27771863 0.76293054],31,12,"[0.3169063637449832, 0.8033325636066986]",1,-1
31150,[0.26938274 0.82288911],31,12,"[0.3169063637449832, 0.8033325636066986]",1,-1
31151,[0.21420402 0.7553745 ],31,24,"[0.2219823769694232, 0.7523883708842017]",1,-1
31152,[0.31124783 0.78013141],31,12,"[0.3169063637449832, 0.8033325636066986]",1,-1
31153,[0.30562538 0.86440893],31,12,"[0.3169063637449832, 0.8033325636066986]",1,-1
31154,[0.18375141 0.8028504 ],31,38,"[0.1833808871148498, 0.824806751753795]",1,-1
31155,[0.26012009 0.72509206],31,8,"[0.26852263019242567, 0.6890353589332484]",1,19
31156,[0.19089922 0.87800784],31,38,"[0.1833808871148498, 0.824806751753795]",1,-1
31157,[0.29060382 0.85206073],31,12,"[0.3169063637449832, 0.8033325636066986]",1,-1
31158,[0.18758792 0.82902875],31,38,"[0.1833808871148498, 0.824806751753795]",1,-1
31159,[0.32912374 0.8817748 ],31,-1,-1,1,-1
31160,[0.39190703 0.82086103],31,-1,-1,1,-1
31161,[0.32436716 0.85161129],31,12,"[0.3169063637449832, 0.8033325636066986]",1,-1
31162,[0.30243617 0.82022746],31,12,"[0.3169063637449832, 0.8033325636066986]",1,-1
31163,[0.28341148 0.75766055],31,12,"[0.3169063637449832, 0.8033325636066986]",1,-1
31164,[0.34865762 0.68018557],31,19,"[0.3585209611110644, 0.671407469606326]",1,-1
31165,[0.31210024 0.74325749],31,12,"[0.3169063637449832, 0.8033325636066986]",1,-1
31166,[0.32627176 0.77726739],31,12,"[0.3169063637449832, 0.8033325636066986]",1,-1
31167,[0.1903424  0.78593713],31,38,"[0.1833808871148498, 0.824806751753795]",1,-1
31168,[0.25025203 0.79576722],31,24,"[0.2219823769694232, 0.7523883708842017]",1,-1
31169,[0.13955709 0.82952224],31,38,"[0.1833808871148498, 0.824806751753795]",1,-1
31170,[0.3041049  0.80953766],31,12,"[0.3169063637449832, 0.8033325636066986]",1,-1
31171,[0.30173072 0.77984588],31,12,"[0.3169063637449832, 0.8033325636066986]",1,-1
31172,[0.36551756 0.84334525],31,12,"[0.3169063637449832, 0.8033325636066986]",1,4
31173,[0.22628329 0.79984067],31,24,"[0.2219823769694232, 0.7523883708842017]",1,-1
31174,[0.23198927 0.68985376],31,8,"[0.26852263019242567, 0.6890353589332484]",1,15
31175,[0.19812596 0.78860592],31,38,"[0.1833808871148498, 0.824806751753795]",1,-1
31176,[0.3000959  0.69802785],31,8,"[0.26852263019242567, 0.6890353589332484]",1,-1
31177,[0.32675799 0.82051985],31,12,"[0.3169063637449832, 0.8033325636066986]",1,-1
31178,[0.29477063 0.86732942],31,12,"[0.3169063637449832, 0.8033325636066986]",1,-1
31179,[0.27421092 0.70259255],31,8,"[0.26852263019242567, 0.6890353589332484]",1,18
31180,[0.24434131 0.80689308],31,24,"[0.2219823769694232, 0.7523883708842017]",1,-1
31181,[0.28153217 0.75417014],31,24,"[0.2219823769694232, 0.7523883708842017]",1,-1
31182,[0.23627337 0.84177064],31,38,"[0.1833808871148498, 0.824806751753795]",1,-1
31183,[0.29486385 0.77053089],31,12,"[0.3169063637449832, 0.8033325636066986]",1,-1
31184,[0.33123138 0.8179234 ],31,12,"[0.3169063637449832, 0.8033325636066986]",1,-1
31185,[0.25939192 0.78691471],31,24,"[0.2219823769694232, 0.7523883708842017]",1,-1
31186,[0.26815575 0.77390678],31,24,"[0.2219823769694232, 0.7523883708842017]",1,-1
31187,[0.25070065 0.838944  ],31,38,"[0.1833808871148498, 0.824806751753795]",1,-1
31188,[0.21854608 0.78222254],31,24,"[0.2219823769694232, 0.7523883708842017]",1,-1
31189,[0.23667464 0.7542768 ],31,24,"[0.2219823769694232, 0.7523883708842017]",1,-1
31190,[0.21024968 0.74836397],31,24,"[0.2219823769694232, 0.7523883708842017]",1,-1
31191,[0.16997215 0.79529094],31,38,"[0.1833808871148498, 0.824806751753795]",1,-1
31192,[0.1929173  0.80836235],31,38,"[0.1833808871148498, 0.824806751753795]",1,-1
31193,[0.28684132 0.75998181],31,12,"[0.3169063637449832, 0.8033325636066986]",1,-1
31194,[0.25735444 0.70022224],31,8,"[0.26852263019242567, 0.6890353589332484]",1,-1
31195,[0.319185   0.71044172],31,8,"[0.26852263019242567, 0.6890353589332484]",1,-1
31196,[0.35485408 0.80995297],31,12,"[0.3169063637449832, 0.8033325636066986]",1,-1
31197,[0.26961481 0.77894057],31,12,"[0.3169063637449832, 0.8033325636066986]",1,-1
31198,[0.37553986 0.78526892],31,12,"[0.3169063637449832, 0.8033325636066986]",1,-1
31199,[0.33094716 0.69844533],31,19,"[0.3585209611110644, 0.671407469606326]",1,-1
31200,[0.22462132 0.82636179],31,38,"[0.1833808871148498, 0.824806751753795]",1,-1
31201,[0.21530804 0.7413293 ],31,24,"[0.2219823769694232, 0.7523883708842017]",1,-1
31202,[0.33174866 0.83941475],31,12,"[0.3169063637449832, 0.8033325636066986]",1,-1
31203,[0.2891762  0.77072845],31,12,"[0.3169063637449832, 0.8033325636066986]",1,-1
31204,[0.18412355 0.85270946],31,38,"[0.1833808871148498, 0.824806751753795]",1,-1
31205,[0.22919275 0.8408548 ],31,38,"[0.1833808871148498, 0.824806751753795]",1,-1
31206,[0.28263098 0.82575144],31,12,"[0.3169063637449832, 0.8033325636066986]",1,-1
31207,[0.2025869  0.81213425],31,38,"[0.1833808871148498, 0.824806751753795]",1,-1
31208,[0.26313664 0.74311211],31,24,"[0.2219823769694232, 0.7523883708842017]",1,-1
31209,[0.18972329 0.80876854],31,38,"[0.1833808871148498, 0.824806751753795]",1,-1
31210,[0.31623797 0.73651196],31,12,"[0.3169063637449832, 0.8033325636066986]",1,-1
31211,[0.31340522 0.73808234],31,12,"[0.3169063637449832, 0.8033325636066986]",1,-1
31212,[0.21741325 0.82064899],31,38,"[0.1833808871148498, 0.824806751753795]",1,-1
31213,[0.24264737 0.77113049],31,24,"[0.2219823769694232, 0.7523883708842017]",1,-1
31214,[0.35019539 0.78566325],31,12,"[0.3169063637449832, 0.8033325636066986]",1,-1
31215,[0.27324369 0.7642939 ],31,24,"[0.2219823769694232, 0.7523883708842017]",1,-1
31216,[0.22879055 0.80353567],31,38,"[0.1833808871148498, 0.824806751753795]",1,-1
31217,[0.33181064 0.78528372],31,12,"[0.3169063637449832, 0.8033325636066986]",1,-1
31218,[0.23903986 0.8110871 ],31,38,"[0.1833808871148498, 0.824806751753795]",1,-1
31219,[0.29918558 0.75666965],31,12,"[0.3169063637449832, 0.8033325636066986]",1,-1
31220,[0.25574694 0.84649499],31,-1,-1,1,-1
31221,[0.27784343 0.82097658],31,12,"[0.3169063637449832, 0.8033325636066986]",1,-1
31222,[0.22493108 0.67686063],31,8,"[0.26852263019242567, 0.6890353589332484]",1,-1
31223,[0.22801081 0.82459304],31,38,"[0.1833808871148498, 0.824806751753795]",1,-1
31224,[0.27549171 0.69476473],31,8,"[0.26852263019242567, 0.6890353589332484]",1,-1
31225,[0.30324014 0.72622242],31,8,"[0.26852263019242567, 0.6890353589332484]",1,-1
31226,[0.17071852 0.75943946],31,33,"[0.14360528745911366, 0.7361289007486289]",1,-1
31227,[0.25138742 0.73632638],31,24,"[0.2219823769694232, 0.7523883708842017]",1,-1
31228,[0.27839029 0.83697674],31,12,"[0.3169063637449832, 0.8033325636066986]",1,-1
31229,[0.22398536 0.86064389],31,38,"[0.1833808871148498, 0.824806751753795]",1,-1
31230,[0.20800885 0.76632889],31,24,"[0.2219823769694232, 0.7523883708842017]",1,-1
31231,[0.31604307 0.75358654],31,12,"[0.3169063637449832, 0.8033325636066986]",1,-1
31232,[0.33255885 0.81535871],31,12,"[0.3169063637449832, 0.8033325636066986]",1,-1
31233,[0.2145445  0.77256782],31,24,"[0.2219823769694232, 0.7523883708842017]",1,-1
31234,[0.3122861  0.73970155],31,12,"[0.3169063637449832, 0.8033325636066986]",1,-1
31235,[0.26443263 0.73393316],31,8,"[0.26852263019242567, 0.6890353589332484]",1,-1
31236,[0.32278218 0.76728511],31,12,"[0.3169063637449832, 0.8033325636066986]",1,-1
31237,[0.31933876 0.77361139],31,12,"[0.3169063637449832, 0.8033325636066986]",1,-1
31238,[0.29770562 0.70476509],31,8,"[0.26852263019242567, 0.6890353589332484]",1,-1
31239,[0.30746515 0.80618016],31,12,"[0.3169063637449832, 0.8033325636066986]",1,-1
31240,[0.26017135 0.68275315],31,8,"[0.26852263019242567, 0.6890353589332484]",1,-1
31241,[0.20950131 0.80320276],31,38,"[0.1833808871148498, 0.824806751753795]",1,-1
31242,[0.24308663 0.66119306],31,8,"[0.26852263019242567, 0.6890353589332484]",1,-1
31243,[0.29765315 0.76745232],31,12,"[0.3169063637449832, 0.8033325636066986]",1,-1
31244,[0.33620389 0.7006062 ],31,19,"[0.3585209611110644, 0.671407469606326]",1,-1
31245,[0.23867765 0.76042688],31,24,"[0.2219823769694232, 0.7523883708842017]",1,-1
31246,[0.29770542 0.85524042],31,12,"[0.3169063637449832, 0.8033325636066986]",1,-1
31247,[0.31992977 0.69556577],31,19,"[0.3585209611110644, 0.671407469606326]",1,-1
31248,[0.26588026 0.81665587],31,12,"[0.3169063637449832, 0.8033325636066986]",1,-1
31249,[0.33433887 0.75160529],31,12,"[0.3169063637449832, 0.8033325636066986]",1,-1
31250,[0.33766995 0.90952386],31,-1,-1,1,-1
31251,[0.21331423 0.75978767],31,24,"[0.2219823769694232, 0.7523883708842017]",1,14
31252,[0.31076159 0.80761611],31,12,"[0.3169063637449832, 0.8033325636066986]",1,-1
31253,[0.25717836 0.68730762],31,8,"[0.26852263019242567, 0.6890353589332484]",1,-1
31254,[0.28081301 0.79835239],31,12,"[0.3169063637449832, 0.8033325636066986]",1,-1
31255,[0.29267099 0.69177324],31,8,"[0.26852263019242567, 0.6890353589332484]",1,-1
31256,[0.26220203 0.88631106],31,-1,-1,1,-1
31257,[0.32504719 0.81077912],31,12,"[0.3169063637449832, 0.8033325636066986]",1,-1
31258,[0.20554272 0.78095572],31,24,"[0.2219823769694232, 0.7523883708842017]",1,-1
31259,[0.17518403 0.80944212],31,38,"[0.1833808871148498, 0.824806751753795]",1,-1
31260,[0.24263771 0.74500355],31,24,"[0.2219823769694232, 0.7523883708842017]",1,-1
31261,[0.2461959  0.83714761],31,38,"[0.1833808871148498, 0.824806751753795]",1,-1
31262,[0.15991971 0.7083023 ],31,33,"[0.14360528745911366, 0.7361289007486289]",1,-1
31263,[0.26289922 0.76708615],31,24,"[0.2219823769694232, 0.7523883708842017]",1,-1
31264,[0.3114045  0.84164449],31,12,"[0.3169063637449832, 0.8033325636066986]",1,-1
31265,[0.28333206 0.67479633],31,8,"[0.26852263019242567, 0.6890353589332484]",1,17
31266,[0.2793344  0.81976006],31,12,"[0.3169063637449832, 0.8033325636066986]",1,-1
31267,[0.26782513 0.73949354],31,24,"[0.2219823769694232, 0.7523883708842017]",1,-1
31268,[0.26037498 0.72869293],31,8,"[0.26852263019242567, 0.6890353589332484]",1,-1
31269,[0.21043123 0.77571478],31,24,"[0.2219823769694232, 0.7523883708842017]",1,-1
31270,[0.14613142 0.77704856],31,33,"[0.14360528745911366, 0.7361289007486289]",1,-1
31271,[0.3384217  0.78818622],31,12,"[0.3169063637449832, 0.8033325636066986]",1,-1
31272,[0.2713558  0.66515775],31,8,"[0.26852263019242567, 0.6890353589332484]",1,17
31273,[0.31848083 0.74920014],31,12,"[0.3169063637449832, 0.8033325636066986]",1,-1
31274,[0.25949702 0.74712476],31,24,"[0.2219823769694232, 0.7523883708842017]",1,-1
31275,[0.25895369 0.71500389],31,8,"[0.26852263019242567, 0.6890353589332484]",1,-1
31276,[0.21897763 0.80110873],31,38,"[0.1833808871148498, 0.824806751753795]",1,-1
31277,[0.2762061  0.75951626],31,24,"[0.2219823769694232, 0.7523883708842017]",1,-1
31278,[0.31885597 0.77094454],31,12,"[0.3169063637449832, 0.8033325636066986]",1,-1
31279,[0.31516252 0.73769074],31,12,"[0.3169063637449832, 0.8033325636066986]",1,-1
31280,[0.16737868 0.79413757],31,38,"[0.1833808871148498, 0.824806751753795]",1,-1
31281,[0.32378392 0.76434972],31,12,"[0.3169063637449832, 0.8033325636066986]",1,-1
31282,[0.23518182 0.77354705],31,24,"[0.2219823769694232, 0.7523883708842017]",1,-1
31283,[0.25989594 0.77377418],31,24,"[0.2219823769694232, 0.7523883708842017]",1,-1
31284,[0.30442645 0.72180275],31,8,"[0.26852263019242567, 0.6890353589332484]",1,-1
31285,[0.35116724 0.74820259],31,12,"[0.3169063637449832, 0.8033325636066986]",1,-1
31286,[0.28873926 0.75067981],31,12,"[0.3169063637449832, 0.8033325636066986]",1,-1
31287,[0.21254002 0.7677199 ],31,24,"[0.2219823769694232, 0.7523883708842017]",1,-1
31288,[0.24653465 0.80487025],31,24,"[0.2219823769694232, 0.7523883708842017]",1,-1
31289,[0.13141107 0.68451506],31,33,"[0.14360528745911366, 0.7361289007486289]",1,-1
31290,[0.32663992 0.71231868],31,19,"[0.3585209611110644, 0.671407469606326]",1,-1
31291,[0.25886724 0.80898672],31,12,"[0.3169063637449832, 0.8033325636066986]",1,-1
31292,[0.2874183  0.75763234],31,12,"[0.3169063637449832, 0.8033325636066986]",1,-1
31293,[0.31973148 0.74259595],31,12,"[0.3169063637449832, 0.8033325636066986]",1,-1
31294,[0.28731806 0.80921609],31,12,"[0.3169063637449832, 0.8033325636066986]",1,-1
31295,[0.24246558 0.75345888],31,24,"[0.2219823769694232, 0.7523883708842017]",1,-1
31296,[0.3082037 0.7654494],31,12,"[0.3169063637449832, 0.8033325636066986]",1,-1
31297,[0.20151786 0.83880303],31,38,"[0.1833808871148498, 0.824806751753795]",1,-1
31298,[0.22606296 0.7845996 ],31,24,"[0.2219823769694232, 0.7523883708842017]",1,-1
31299,[0.27354103 0.6969079 ],31,8,"[0.26852263019242567, 0.6890353589332484]",1,18
31300,[0.24758612 0.6235832 ],31,40,"[0.24325605379412626, 0.6063462149687255]",1,11
31301,[0.20790015 0.82131662],31,38,"[0.1833808871148498, 0.824806751753795]",1,-1
31302,[0.32896431 0.81389087],31,12,"[0.3169063637449832, 0.8033325636066986]",1,-1
31303,[0.32190994 0.6852396 ],31,19,"[0.3585209611110644, 0.671407469606326]",1,12
31304,[0.25727317 0.61737556],31,40,"[0.24325605379412626, 0.6063462149687255]",1,-1
31305,[0.27160899 0.80789501],31,12,"[0.3169063637449832, 0.8033325636066986]",1,-1
31306,[0.24220879 0.73121497],31,24,"[0.2219823769694232, 0.7523883708842017]",1,-1
31307,[0.2508729  0.77516471],31,24,"[0.2219823769694232, 0.7523883708842017]",1,-1
31308,[0.30622131 0.81724319],31,12,"[0.3169063637449832, 0.8033325636066986]",1,-1
31309,[0.25435919 0.85285526],31,-1,-1,1,-1
31310,[0.36302535 0.7584932 ],31,12,"[0.3169063637449832, 0.8033325636066986]",1,-1
31311,[0.23965794 0.82596117],31,38,"[0.1833808871148498, 0.824806751753795]",1,-1
31312,[0.3187852  0.91983527],31,-1,-1,1,-1
31313,[0.33736539 0.78969665],31,12,"[0.3169063637449832, 0.8033325636066986]",1,-1
31314,[0.17892071 0.8245402 ],31,38,"[0.1833808871148498, 0.824806751753795]",1,-1
31315,[0.31515816 0.73710313],31,12,"[0.3169063637449832, 0.8033325636066986]",1,-1
31316,[0.28973654 0.71634822],31,8,"[0.26852263019242567, 0.6890353589332484]",1,-1
31317,[0.12891386 0.80297926],31,38,"[0.1833808871148498, 0.824806751753795]",1,-1
31318,[0.30909886 0.77663095],31,12,"[0.3169063637449832, 0.8033325636066986]",1,-1
31319,[0.36796999 0.77743256],31,12,"[0.3169063637449832, 0.8033325636066986]",1,-1
31320,[0.338491   0.74618522],31,12,"[0.3169063637449832, 0.8033325636066986]",1,-1
31321,[0.27854564 0.82262131],31,12,"[0.3169063637449832, 0.8033325636066986]",1,-1
31322,[0.24780162 0.66829903],31,8,"[0.26852263019242567, 0.6890353589332484]",1,-1
31323,[0.25384537 0.85277193],31,-1,-1,1,-1
31324,[0.29955525 0.84323944],31,12,"[0.3169063637449832, 0.8033325636066986]",1,-1
31325,[0.29063607 0.78632537],31,12,"[0.3169063637449832, 0.8033325636066986]",1,-1
31326,[0.22519222 0.74378496],31,24,"[0.2219823769694232, 0.7523883708842017]",1,14
31327,[0.29083257 0.76897427],31,12,"[0.3169063637449832, 0.8033325636066986]",1,-1
31328,[0.23951386 0.75216399],31,24,"[0.2219823769694232, 0.7523883708842017]",1,-1
31329,[0.33358502 0.76841425],31,12,"[0.3169063637449832, 0.8033325636066986]",1,-1
31330,[0.31036168 0.84477105],31,12,"[0.3169063637449832, 0.8033325636066986]",1,-1
31331,[0.27675363 0.76676626],31,12,"[0.3169063637449832, 0.8033325636066986]",1,-1
31332,[0.23990508 0.76258585],31,24,"[0.2219823769694232, 0.7523883708842017]",1,-1
31333,[0.24965258 0.76607872],31,24,"[0.2219823769694232, 0.7523883708842017]",1,-1
31334,[0.23880935 0.82941358],31,38,"[0.1833808871148498, 0.824806751753795]",1,-1
31335,[0.25616786 0.7591861 ],31,24,"[0.2219823769694232, 0.7523883708842017]",1,-1
31336,[0.21911231 0.78653829],31,24,"[0.2219823769694232, 0.7523883708842017]",1,-1
31337,[0.27292251 0.85127111],31,12,"[0.3169063637449832, 0.8033325636066986]",1,-1
31338,[0.24336369 0.78990297],31,24,"[0.2219823769694232, 0.7523883708842017]",1,-1
31339,[0.22688385 0.84169186],31,38,"[0.1833808871148498, 0.824806751753795]",1,-1
31340,[0.29754343 0.79070533],31,12,"[0.3169063637449832, 0.8033325636066986]",1,-1
31341,[0.26160996 0.79814753],31,12,"[0.3169063637449832, 0.8033325636066986]",1,-1
31342,[0.30427764 0.72611914],31,8,"[0.26852263019242567, 0.6890353589332484]",1,-1
31343,[0.29233075 0.76094266],31,12,"[0.3169063637449832, 0.8033325636066986]",1,-1
31344,[0.22994072 0.76513752],31,24,"[0.2219823769694232, 0.7523883708842017]",1,-1
31345,[0.30226991 0.60888311],31,44,"[0.30505443145580996, 0.5938366826632161]",1,-1
31346,[0.24521285 0.68514374],31,8,"[0.26852263019242567, 0.6890353589332484]",1,-1
31347,[0.25003067 0.86100564],31,-1,-1,1,-1
31348,[0.18309597 0.79781597],31,38,"[0.1833808871148498, 0.824806751753795]",1,-1
31349,[0.32321386 0.82602385],31,12,"[0.3169063637449832, 0.8033325636066986]",1,-1
31350,[0.25986902 0.79030044],31,24,"[0.2219823769694232, 0.7523883708842017]",1,-1
31351,[0.3223299  0.85958369],31,12,"[0.3169063637449832, 0.8033325636066986]",1,-1
31352,[0.23569084 0.72658515],31,24,"[0.2219823769694232, 0.7523883708842017]",1,-1
31353,[0.23844569 0.83309354],31,38,"[0.1833808871148498, 0.824806751753795]",1,-1
31354,[0.17139908 0.76300102],31,33,"[0.14360528745911366, 0.7361289007486289]",1,-1
31355,[0.32083107 0.80171183],31,12,"[0.3169063637449832, 0.8033325636066986]",1,-1
31356,[0.23602676 0.85726583],31,38,"[0.1833808871148498, 0.824806751753795]",1,-1
31357,[0.18016352 0.80800487],31,38,"[0.1833808871148498, 0.824806751753795]",1,-1
31358,[0.29819023 0.78624516],31,12,"[0.3169063637449832, 0.8033325636066986]",1,-1
31359,[0.268434   0.80112017],31,12,"[0.3169063637449832, 0.8033325636066986]",1,-1
31360,[0.22881765 0.72991159],31,24,"[0.2219823769694232, 0.7523883708842017]",1,14
31361,[0.35241378 0.72957177],31,19,"[0.3585209611110644, 0.671407469606326]",1,-1
31362,[0.21330462 0.75205049],31,24,"[0.2219823769694232, 0.7523883708842017]",1,14
31363,[0.24631561 0.85506464],31,38,"[0.1833808871148498, 0.824806751753795]",1,-1
31364,[0.26674421 0.68035842],31,8,"[0.26852263019242567, 0.6890353589332484]",1,-1
31365,[0.29204288 0.7163644 ],31,8,"[0.26852263019242567, 0.6890353589332484]",1,-1
31366,[0.34610527 0.80303923],31,12,"[0.3169063637449832, 0.8033325636066986]",1,-1
31367,[0.26085113 0.79835188],31,12,"[0.3169063637449832, 0.8033325636066986]",1,-1
31368,[0.29560201 0.81408766],31,12,"[0.3169063637449832, 0.8033325636066986]",1,-1
31369,[0.38000356 0.76207303],31,47,"[0.4308417820697566, 0.7426361553548808]",1,-1
31370,[0.2626869  0.62098749],31,40,"[0.24325605379412626, 0.6063462149687255]",1,-1
31371,[0.26650626 0.84172786],31,12,"[0.3169063637449832, 0.8033325636066986]",1,-1
31372,[0.24681769 0.73063157],31,24,"[0.2219823769694232, 0.7523883708842017]",1,-1
31373,[0.31380532 0.80790862],31,12,"[0.3169063637449832, 0.8033325636066986]",1,-1
31374,[0.35880046 0.8233012 ],31,12,"[0.3169063637449832, 0.8033325636066986]",1,-1
31375,[0.3310872 0.7170617],31,19,"[0.3585209611110644, 0.671407469606326]",1,-1
31376,[0.2533265  0.71987175],31,8,"[0.26852263019242567, 0.6890353589332484]",1,-1
31377,[0.35878027 0.73231487],31,19,"[0.3585209611110644, 0.671407469606326]",1,-1
31378,[0.3038948  0.75911483],31,12,"[0.3169063637449832, 0.8033325636066986]",1,-1
31379,[0.29340507 0.73896665],31,8,"[0.26852263019242567, 0.6890353589332484]",1,-1
31380,[0.29048691 0.69429918],31,8,"[0.26852263019242567, 0.6890353589332484]",1,-1
31381,[0.20471352 0.89567914],31,-1,-1,1,-1
31382,[0.26622852 0.82357705],31,12,"[0.3169063637449832, 0.8033325636066986]",1,-1
31383,[0.2672207  0.76464192],31,24,"[0.2219823769694232, 0.7523883708842017]",1,-1
31384,[0.26323766 0.7410953 ],31,24,"[0.2219823769694232, 0.7523883708842017]",1,-1
31385,[0.2132664  0.68937878],31,20,"[0.18632471116193938, 0.6470504651095214]",1,-1
31386,[0.2242867  0.74480129],31,24,"[0.2219823769694232, 0.7523883708842017]",1,14
31387,[0.18605877 0.72970467],31,24,"[0.2219823769694232, 0.7523883708842017]",1,-1
31388,[0.27642093 0.7072154 ],31,8,"[0.26852263019242567, 0.6890353589332484]",1,-1
31389,[0.19616146 0.73954376],31,24,"[0.2219823769694232, 0.7523883708842017]",1,-1
31390,[0.39464603 0.79560245],31,47,"[0.4308417820697566, 0.7426361553548808]",1,-1
31391,[0.21265579 0.81675373],31,38,"[0.1833808871148498, 0.824806751753795]",1,-1
31392,[0.30613353 0.79853061],31,12,"[0.3169063637449832, 0.8033325636066986]",1,-1
31393,[0.20378204 0.67456928],31,20,"[0.18632471116193938, 0.6470504651095214]",1,-1
31394,[0.23924911 0.77209749],31,24,"[0.2219823769694232, 0.7523883708842017]",1,-1
31395,[0.13471784 0.76138148],31,33,"[0.14360528745911366, 0.7361289007486289]",1,-1
31396,[0.33682277 0.72934652],31,19,"[0.3585209611110644, 0.671407469606326]",1,-1
31397,[0.38368537 0.82056671],31,12,"[0.3169063637449832, 0.8033325636066986]",1,-1
31398,[0.28090899 0.79179096],31,12,"[0.3169063637449832, 0.8033325636066986]",1,-1
31399,[0.22663524 0.8026566 ],31,38,"[0.1833808871148498, 0.824806751753795]",1,-1
31400,[0.23666549 0.69048514],31,8,"[0.26852263019242567, 0.6890353589332484]",1,-1
31401,[0.29911452 0.77248952],31,12,"[0.3169063637449832, 0.8033325636066986]",1,-1
31402,[0.33671923 0.82377008],31,12,"[0.3169063637449832, 0.8033325636066986]",1,-1
31403,[0.25117325 0.71311445],31,8,"[0.26852263019242567, 0.6890353589332484]",1,-1
31404,[0.25867971 0.76555299],31,24,"[0.2219823769694232, 0.7523883708842017]",1,-1
31405,[0.2339705  0.83499699],31,38,"[0.1833808871148498, 0.824806751753795]",1,-1
31406,[0.18820954 0.81114147],31,38,"[0.1833808871148498, 0.824806751753795]",1,-1
31407,[0.29522944 0.76876208],31,12,"[0.3169063637449832, 0.8033325636066986]",1,-1
31408,[0.23032427 0.72285898],31,24,"[0.2219823769694232, 0.7523883708842017]",1,14
31409,[0.16314939 0.77278658],31,33,"[0.14360528745911366, 0.7361289007486289]",1,-1
31410,[0.25745503 0.73097458],31,24,"[0.2219823769694232, 0.7523883708842017]",1,19
31411,[0.23134218 0.75642832],31,24,"[0.2219823769694232, 0.7523883708842017]",1,-1
31412,[0.22159283 0.78264481],31,24,"[0.2219823769694232, 0.7523883708842017]",1,-1
31413,[0.20079629 0.71445454],31,24,"[0.2219823769694232, 0.7523883708842017]",1,-1
31414,[0.21426541 0.76886714],31,24,"[0.2219823769694232, 0.7523883708842017]",1,-1
31415,[0.2734376 0.7192949],31,8,"[0.26852263019242567, 0.6890353589332484]",1,18
31416,[0.33800097 0.79149441],31,12,"[0.3169063637449832, 0.8033325636066986]",1,-1
31417,[0.3797279  0.71536702],31,19,"[0.3585209611110644, 0.671407469606326]",1,-1
31418,[0.24338528 0.74265165],31,24,"[0.2219823769694232, 0.7523883708842017]",1,-1
31419,[0.233445   0.73720722],31,24,"[0.2219823769694232, 0.7523883708842017]",1,-1
31420,[0.2690822 0.806063 ],31,12,"[0.3169063637449832, 0.8033325636066986]",1,-1
31421,[0.27629996 0.79277334],31,12,"[0.3169063637449832, 0.8033325636066986]",1,-1
31422,[0.25426977 0.73686275],31,24,"[0.2219823769694232, 0.7523883708842017]",1,-1
31423,[0.25079581 0.77826901],31,24,"[0.2219823769694232, 0.7523883708842017]",1,-1
31424,[0.17489609 0.70653787],31,33,"[0.14360528745911366, 0.7361289007486289]",1,-1
31425,[0.22987876 0.81106225],31,38,"[0.1833808871148498, 0.824806751753795]",1,-1
31426,[0.28090911 0.75473015],31,24,"[0.2219823769694232, 0.7523883708842017]",1,-1
31427,[0.35290668 0.76131541],31,12,"[0.3169063637449832, 0.8033325636066986]",1,-1
31428,[0.30628548 0.82331476],31,12,"[0.3169063637449832, 0.8033325636066986]",1,-1
31429,[0.30465794 0.70529788],31,8,"[0.26852263019242567, 0.6890353589332484]",1,-1
31430,[0.30738243 0.76429635],31,12,"[0.3169063637449832, 0.8033325636066986]",1,-1
31431,[0.17265332 0.79671776],31,38,"[0.1833808871148498, 0.824806751753795]",1,-1
31432,[0.26274639 0.74770252],31,24,"[0.2219823769694232, 0.7523883708842017]",1,-1
31433,[0.27848139 0.80224653],31,12,"[0.3169063637449832, 0.8033325636066986]",1,-1
31434,[0.28002246 0.75225256],31,24,"[0.2219823769694232, 0.7523883708842017]",1,-1
31435,[0.19291549 0.88337744],31,38,"[0.1833808871148498, 0.824806751753795]",1,-1
31436,[0.23303293 0.74643078],31,24,"[0.2219823769694232, 0.7523883708842017]",1,-1
31437,[0.27307649 0.72726057],31,8,"[0.26852263019242567, 0.6890353589332484]",1,-1
31438,[0.27206589 0.77799138],31,12,"[0.3169063637449832, 0.8033325636066986]",1,-1
31439,[0.24843366 0.79756338],31,24,"[0.2219823769694232, 0.7523883708842017]",1,-1
31440,[0.25188005 0.7591232 ],31,24,"[0.2219823769694232, 0.7523883708842017]",1,-1
31441,[0.27630549 0.82359038],31,12,"[0.3169063637449832, 0.8033325636066986]",1,-1
31442,[0.27840381 0.80067529],31,12,"[0.3169063637449832, 0.8033325636066986]",1,-1
31443,[0.24143497 0.79306455],31,24,"[0.2219823769694232, 0.7523883708842017]",1,-1
31444,[0.39260489 0.78683719],31,47,"[0.4308417820697566, 0.7426361553548808]",1,-1
31445,[0.29113368 0.78208985],31,12,"[0.3169063637449832, 0.8033325636066986]",1,-1
31446,[0.31883383 0.73434594],31,8,"[0.26852263019242567, 0.6890353589332484]",1,-1
31447,[0.28296693 0.77035465],31,12,"[0.3169063637449832, 0.8033325636066986]",1,-1
31448,[0.24708558 0.76866894],31,24,"[0.2219823769694232, 0.7523883708842017]",1,-1
31449,[0.2630158  0.85415693],31,-1,-1,1,-1
31450,[0.35598689 0.81912095],31,12,"[0.3169063637449832, 0.8033325636066986]",1,-1
31451,[0.26568069 0.73336605],31,8,"[0.26852263019242567, 0.6890353589332484]",1,-1
31452,[0.29247093 0.82026646],31,12,"[0.3169063637449832, 0.8033325636066986]",1,-1
31453,[0.24734133 0.7189651 ],31,8,"[0.26852263019242567, 0.6890353589332484]",1,-1
31454,[0.20477781 0.82779013],31,38,"[0.1833808871148498, 0.824806751753795]",1,-1
31455,[0.3132254 0.8292175],31,12,"[0.3169063637449832, 0.8033325636066986]",1,-1
31456,[0.30101267 0.89243806],31,-1,-1,1,-1
31457,[0.28015638 0.88273787],31,-1,-1,1,-1
31458,[0.38114346 0.8000772 ],31,12,"[0.3169063637449832, 0.8033325636066986]",1,-1
31459,[0.21308034 0.72700942],31,24,"[0.2219823769694232, 0.7523883708842017]",1,-1
31460,[0.28862939 0.79762937],31,12,"[0.3169063637449832, 0.8033325636066986]",1,-1
31461,[0.21206973 0.78448583],31,24,"[0.2219823769694232, 0.7523883708842017]",1,-1
31462,[0.25435319 0.79716279],31,24,"[0.2219823769694232, 0.7523883708842017]",1,-1
31463,[0.38934463 0.76558156],31,47,"[0.4308417820697566, 0.7426361553548808]",1,-1
31464,[0.2858723  0.76712579],31,12,"[0.3169063637449832, 0.8033325636066986]",1,-1
31465,[0.27900124 0.7671207 ],31,12,"[0.3169063637449832, 0.8033325636066986]",1,-1
31466,[0.31243855 0.69746892],31,8,"[0.26852263019242567, 0.6890353589332484]",1,-1
31467,[0.30868473 0.82907369],31,12,"[0.3169063637449832, 0.8033325636066986]",1,-1
31468,[0.26602052 0.7345148 ],31,8,"[0.26852263019242567, 0.6890353589332484]",1,-1
31469,[0.23989117 0.71912626],31,24,"[0.2219823769694232, 0.7523883708842017]",1,-1
31470,[0.37258894 0.88804673],31,-1,-1,1,-1
31471,[0.3100725  0.76077081],31,12,"[0.3169063637449832, 0.8033325636066986]",1,-1
31472,[0.25065869 0.84274473],31,38,"[0.1833808871148498, 0.824806751753795]",1,-1
31473,[0.30205124 0.79038781],31,12,"[0.3169063637449832, 0.8033325636066986]",1,-1
31474,[0.23061611 0.74756419],31,24,"[0.2219823769694232, 0.7523883708842017]",1,-1
31475,[0.23555021 0.7326804 ],31,24,"[0.2219823769694232, 0.7523883708842017]",1,-1
31476,[0.26049423 0.797031  ],31,12,"[0.3169063637449832, 0.8033325636066986]",1,-1
31477,[0.2560993  0.79985065],31,24,"[0.2219823769694232, 0.7523883708842017]",1,-1
31478,[0.30952494 0.84673813],31,12,"[0.3169063637449832, 0.8033325636066986]",1,-1
31479,[0.29361106 0.7793676 ],31,12,"[0.3169063637449832, 0.8033325636066986]",1,-1
31480,[0.14826413 0.6698986 ],31,20,"[0.18632471116193938, 0.6470504651095214]",1,-1
31481,[0.21131276 0.72015463],31,24,"[0.2219823769694232, 0.7523883708842017]",1,14
31482,[0.18218036 0.73294042],31,33,"[0.14360528745911366, 0.7361289007486289]",1,-1
31483,[0.24948955 0.82189291],31,38,"[0.1833808871148498, 0.824806751753795]",1,-1
31484,[0.18614076 0.83489759],31,38,"[0.1833808871148498, 0.824806751753795]",1,-1
31485,[0.27886189 0.73149583],31,8,"[0.26852263019242567, 0.6890353589332484]",1,-1
31486,[0.29731277 0.75992193],31,12,"[0.3169063637449832, 0.8033325636066986]",1,-1
31487,[0.35996634 0.74192216],31,-1,-1,1,-1
31488,[0.23682106 0.81271399],31,38,"[0.1833808871148498, 0.824806751753795]",1,-1
31489,[0.31755149 0.85843493],31,12,"[0.3169063637449832, 0.8033325636066986]",1,-1
31490,[0.30056331 0.83525568],31,12,"[0.3169063637449832, 0.8033325636066986]",1,-1
31491,[0.31827787 0.78911527],31,12,"[0.3169063637449832, 0.8033325636066986]",1,-1
31492,[0.26266788 0.81240416],31,12,"[0.3169063637449832, 0.8033325636066986]",1,-1
31493,[0.22503996 0.71023672],31,24,"[0.2219823769694232, 0.7523883708842017]",1,-1
31494,[0.28792896 0.75096804],31,12,"[0.3169063637449832, 0.8033325636066986]",1,-1
31495,[0.27879471 0.79807957],31,12,"[0.3169063637449832, 0.8033325636066986]",1,-1
31496,[0.24286215 0.85746035],31,38,"[0.1833808871148498, 0.824806751753795]",1,-1
31497,[0.31205103 0.78533707],31,12,"[0.3169063637449832, 0.8033325636066986]",1,-1
31498,[0.24165199 0.73060398],31,24,"[0.2219823769694232, 0.7523883708842017]",1,-1
31499,[0.30651357 0.79103939],31,12,"[0.3169063637449832, 0.8033325636066986]",1,-1
31500,[0.3386149 0.6862121],31,19,"[0.3585209611110644, 0.671407469606326]",1,-1
31501,[0.34764476 0.85172111],31,12,"[0.3169063637449832, 0.8033325636066986]",1,-1
31502,[0.2223707  0.80016209],31,38,"[0.1833808871148498, 0.824806751753795]",1,-1
31503,[0.23309079 0.67679683],31,8,"[0.26852263019242567, 0.6890353589332484]",1,-1
31504,[0.29993724 0.82232662],31,12,"[0.3169063637449832, 0.8033325636066986]",1,-1
31505,[0.27334895 0.75494717],31,24,"[0.2219823769694232, 0.7523883708842017]",1,-1
31506,[0.27681653 0.74961284],31,24,"[0.2219823769694232, 0.7523883708842017]",1,-1
31507,[0.26215824 0.82724206],31,12,"[0.3169063637449832, 0.8033325636066986]",1,-1
31508,[0.22742172 0.80218577],31,38,"[0.1833808871148498, 0.824806751753795]",1,-1
31509,[0.23989245 0.84235115],31,38,"[0.1833808871148498, 0.824806751753795]",1,-1
31510,[0.27335609 0.72135771],31,8,"[0.26852263019242567, 0.6890353589332484]",1,-1
31511,[0.2789026  0.69712686],31,8,"[0.26852263019242567, 0.6890353589332484]",1,18
31512,[0.28124316 0.77544401],31,12,"[0.3169063637449832, 0.8033325636066986]",1,-1
31513,[0.2499234  0.81977669],31,38,"[0.1833808871148498, 0.824806751753795]",1,-1
31514,[0.25191968 0.8239878 ],31,12,"[0.3169063637449832, 0.8033325636066986]",1,-1
31515,[0.24332931 0.80238859],31,24,"[0.2219823769694232, 0.7523883708842017]",1,-1
31516,[0.19413498 0.86039785],31,38,"[0.1833808871148498, 0.824806751753795]",1,-1
31517,[0.36058701 0.89128449],31,-1,-1,1,-1
31518,[0.300094   0.77578066],31,12,"[0.3169063637449832, 0.8033325636066986]",1,-1
31519,[0.23078712 0.82775328],31,38,"[0.1833808871148498, 0.824806751753795]",1,-1
31520,[0.21174519 0.76379743],31,24,"[0.2219823769694232, 0.7523883708842017]",1,-1
31521,[0.33440808 0.81234739],31,12,"[0.3169063637449832, 0.8033325636066986]",1,-1
31522,[0.16448846 0.77123681],31,33,"[0.14360528745911366, 0.7361289007486289]",1,-1
31523,[0.31365099 0.69427629],31,8,"[0.26852263019242567, 0.6890353589332484]",1,-1
31524,[0.23615773 0.82548252],31,38,"[0.1833808871148498, 0.824806751753795]",1,-1
31525,[0.23560512 0.75542116],31,24,"[0.2219823769694232, 0.7523883708842017]",1,-1
31526,[0.23120231 0.77737127],31,24,"[0.2219823769694232, 0.7523883708842017]",1,-1
31527,[0.30371403 0.73512486],31,8,"[0.26852263019242567, 0.6890353589332484]",1,-1
31528,[0.24687717 0.7736094 ],31,24,"[0.2219823769694232, 0.7523883708842017]",1,-1
31529,[0.25615569 0.77833893],31,24,"[0.2219823769694232, 0.7523883708842017]",1,-1
31530,[0.26967928 0.73783807],31,8,"[0.26852263019242567, 0.6890353589332484]",1,-1
31531,[0.30500984 0.73708581],31,8,"[0.26852263019242567, 0.6890353589332484]",1,-1
31532,[0.2494107 0.7206586],31,8,"[0.26852263019242567, 0.6890353589332484]",1,-1
31533,[0.25621219 0.76735726],31,24,"[0.2219823769694232, 0.7523883708842017]",1,-1
31534,[0.28011743 0.7247185 ],31,8,"[0.26852263019242567, 0.6890353589332484]",1,-1
31535,[0.30702738 0.7461391 ],31,12,"[0.3169063637449832, 0.8033325636066986]",1,-1
31536,[0.22124672 0.78372438],31,24,"[0.2219823769694232, 0.7523883708842017]",1,-1
31537,[0.32233996 0.80360959],31,12,"[0.3169063637449832, 0.8033325636066986]",1,-1
31538,[0.33978991 0.65122003],31,19,"[0.3585209611110644, 0.671407469606326]",1,-1
31539,[0.29268725 0.72915418],31,8,"[0.26852263019242567, 0.6890353589332484]",1,-1
31540,[0.29870746 0.88413076],31,-1,-1,1,-1
31541,[0.35655601 0.86279333],31,-1,-1,1,-1
31542,[0.21144343 0.81058133],31,38,"[0.1833808871148498, 0.824806751753795]",1,-1
31543,[0.28585799 0.71770259],31,8,"[0.26852263019242567, 0.6890353589332484]",1,-1
31544,[0.18329656 0.7296877 ],31,33,"[0.14360528745911366, 0.7361289007486289]",1,-1
31545,[0.30645917 0.76267714],31,12,"[0.3169063637449832, 0.8033325636066986]",1,-1
31546,[0.2751537  0.71545575],31,8,"[0.26852263019242567, 0.6890353589332484]",1,18
31547,[0.23450783 0.83175828],31,38,"[0.1833808871148498, 0.824806751753795]",1,-1
31548,[0.2308322  0.77906956],31,24,"[0.2219823769694232, 0.7523883708842017]",1,-1
31549,[0.31888803 0.76545006],31,12,"[0.3169063637449832, 0.8033325636066986]",1,-1
31550,[0.33504484 0.66270066],31,19,"[0.3585209611110644, 0.671407469606326]",1,-1
31551,[0.29056732 0.73397756],31,8,"[0.26852263019242567, 0.6890353589332484]",1,-1
31552,[0.3413932  0.69958527],31,19,"[0.3585209611110644, 0.671407469606326]",1,-1
31553,[0.26382052 0.814158  ],31,12,"[0.3169063637449832, 0.8033325636066986]",1,-1
31554,[0.28614856 0.74484189],31,8,"[0.26852263019242567, 0.6890353589332484]",1,-1
31555,[0.26045179 0.72916478],31,8,"[0.26852263019242567, 0.6890353589332484]",1,19
31556,[0.22558591 0.73564776],31,24,"[0.2219823769694232, 0.7523883708842017]",1,14
31557,[0.32997289 0.76652745],31,12,"[0.3169063637449832, 0.8033325636066986]",1,-1
31558,[0.36887093 0.81404656],31,12,"[0.3169063637449832, 0.8033325636066986]",1,-1
31559,[0.30672518 0.72729302],31,8,"[0.26852263019242567, 0.6890353589332484]",1,-1
31560,[0.29278544 0.80371076],31,12,"[0.3169063637449832, 0.8033325636066986]",1,-1
31561,[0.31659038 0.79034479],31,12,"[0.3169063637449832, 0.8033325636066986]",1,-1
31562,[0.23553514 0.80948612],31,38,"[0.1833808871148498, 0.824806751753795]",1,-1
31563,[0.28651568 0.83921879],31,12,"[0.3169063637449832, 0.8033325636066986]",1,-1
31564,[0.2212318  0.87340119],31,38,"[0.1833808871148498, 0.824806751753795]",1,-1
31565,[0.22682282 0.86696808],31,38,"[0.1833808871148498, 0.824806751753795]",1,-1
31566,[0.29154682 0.69606597],31,8,"[0.26852263019242567, 0.6890353589332484]",1,-1
31567,[0.29842489 0.74141403],31,8,"[0.26852263019242567, 0.6890353589332484]",1,-1
31568,[0.18517084 0.7213506 ],31,33,"[0.14360528745911366, 0.7361289007486289]",1,-1
31569,[0.27621358 0.82684834],31,12,"[0.3169063637449832, 0.8033325636066986]",1,-1
31570,[0.30650197 0.74011353],31,8,"[0.26852263019242567, 0.6890353589332484]",1,-1
31571,[0.25968423 0.75165866],31,24,"[0.2219823769694232, 0.7523883708842017]",1,-1
31572,[0.31551125 0.75108503],31,12,"[0.3169063637449832, 0.8033325636066986]",1,-1
31573,[0.31164365 0.7612399 ],31,12,"[0.3169063637449832, 0.8033325636066986]",1,-1
31574,[0.26094059 0.88305036],31,-1,-1,1,-1
31575,[0.21178009 0.7385317 ],31,24,"[0.2219823769694232, 0.7523883708842017]",1,-1
31576,[0.24248169 0.76549537],31,24,"[0.2219823769694232, 0.7523883708842017]",1,-1
31577,[0.34646114 0.83225357],31,12,"[0.3169063637449832, 0.8033325636066986]",1,-1
31578,[0.31848227 0.73189144],31,8,"[0.26852263019242567, 0.6890353589332484]",1,-1
31579,[0.28602468 0.7394268 ],31,8,"[0.26852263019242567, 0.6890353589332484]",1,-1
31580,[0.21738958 0.73110807],31,24,"[0.2219823769694232, 0.7523883708842017]",1,-1
31581,[0.15889904 0.73851672],31,33,"[0.14360528745911366, 0.7361289007486289]",1,-1
31582,[0.27588575 0.83503431],31,12,"[0.3169063637449832, 0.8033325636066986]",1,-1
31583,[0.27491398 0.82627753],31,12,"[0.3169063637449832, 0.8033325636066986]",1,-1
31584,[0.31754434 0.79265024],31,12,"[0.3169063637449832, 0.8033325636066986]",1,-1
31585,[0.41194923 0.79714952],31,47,"[0.4308417820697566, 0.7426361553548808]",1,-1
31586,[0.27641662 0.74454111],31,24,"[0.2219823769694232, 0.7523883708842017]",1,-1
31587,[0.26212971 0.79940862],31,12,"[0.3169063637449832, 0.8033325636066986]",1,-1
31588,[0.30247005 0.75242123],31,12,"[0.3169063637449832, 0.8033325636066986]",1,-1
31589,[0.27188591 0.92495843],31,-1,-1,-1,-1
31590,[0.2248198  0.74350633],31,24,"[0.2219823769694232, 0.7523883708842017]",1,14
31591,[0.37390763 0.72106027],31,19,"[0.3585209611110644, 0.671407469606326]",1,-1
31592,[0.1746589  0.77606162],31,38,"[0.1833808871148498, 0.824806751753795]",1,-1
31593,[0.30281881 0.83005341],31,12,"[0.3169063637449832, 0.8033325636066986]",1,-1
31594,[0.29547619 0.7865274 ],31,12,"[0.3169063637449832, 0.8033325636066986]",1,-1
31595,[0.23722994 0.78145136],31,24,"[0.2219823769694232, 0.7523883708842017]",1,-1
31596,[0.42665078 0.84153861],31,-1,-1,1,-1
31597,[0.29055783 0.71969548],31,8,"[0.26852263019242567, 0.6890353589332484]",1,-1
31598,[0.25841318 0.85126648],31,-1,-1,1,-1
31599,[0.16639831 0.78389576],31,38,"[0.1833808871148498, 0.824806751753795]",1,-1
31600,[0.25783221 0.7530803 ],31,24,"[0.2219823769694232, 0.7523883708842017]",1,-1
31601,[0.23083879 0.85908501],31,38,"[0.1833808871148498, 0.824806751753795]",1,-1
31602,[0.24037753 0.78448977],31,24,"[0.2219823769694232, 0.7523883708842017]",1,-1
31603,[0.24622855 0.82541675],31,38,"[0.1833808871148498, 0.824806751753795]",1,-1
31604,[0.2291808 0.7256008],31,24,"[0.2219823769694232, 0.7523883708842017]",1,14
31605,[0.25509083 0.86834069],31,-1,-1,1,-1
31606,[0.23314223 0.80010524],31,24,"[0.2219823769694232, 0.7523883708842017]",1,-1
31607,[0.14082268 0.85519697],31,38,"[0.1833808871148498, 0.824806751753795]",1,-1
31608,[0.23082809 0.77950527],31,24,"[0.2219823769694232, 0.7523883708842017]",1,-1
31609,[0.31221637 0.78399687],31,12,"[0.3169063637449832, 0.8033325636066986]",1,-1
31610,[0.31506181 0.73851832],31,12,"[0.3169063637449832, 0.8033325636066986]",1,-1
31611,[0.29625819 0.71514138],31,8,"[0.26852263019242567, 0.6890353589332484]",1,-1
31612,[0.23610655 0.94629237],31,-1,-1,-1,-1
31613,[0.2955138  0.82934871],31,12,"[0.3169063637449832, 0.8033325636066986]",1,-1
31614,[0.25723289 0.70339024],31,8,"[0.26852263019242567, 0.6890353589332484]",1,-1
31615,[0.25608395 0.8161082 ],31,12,"[0.3169063637449832, 0.8033325636066986]",1,-1
31616,[0.30731846 0.8083752 ],31,12,"[0.3169063637449832, 0.8033325636066986]",1,-1
31617,[0.27947475 0.80305196],31,12,"[0.3169063637449832, 0.8033325636066986]",1,-1
31618,[0.12295148 0.71004084],31,33,"[0.14360528745911366, 0.7361289007486289]",1,-1
31619,[0.30709217 0.88946249],31,-1,-1,1,-1
31620,[0.25162225 0.83161611],31,38,"[0.1833808871148498, 0.824806751753795]",1,-1
31621,[0.27897179 0.79170488],31,12,"[0.3169063637449832, 0.8033325636066986]",1,-1
31622,[0.28861542 0.72031362],31,8,"[0.26852263019242567, 0.6890353589332484]",1,-1
31623,[0.26781536 0.73743978],31,24,"[0.2219823769694232, 0.7523883708842017]",1,-1
31624,[0.254907   0.74553089],31,24,"[0.2219823769694232, 0.7523883708842017]",1,-1
31625,[0.31373899 0.79160412],31,12,"[0.3169063637449832, 0.8033325636066986]",1,-1
31626,[0.2749667  0.79856323],31,12,"[0.3169063637449832, 0.8033325636066986]",1,-1
31627,[0.20294415 0.8016465 ],31,38,"[0.1833808871148498, 0.824806751753795]",1,-1
31628,[0.24918052 0.90178981],31,-1,-1,1,-1
31629,[0.20845122 0.79494299],31,38,"[0.1833808871148498, 0.824806751753795]",1,-1
31630,[0.25431264 0.78921916],31,24,"[0.2219823769694232, 0.7523883708842017]",1,-1
31631,[0.30990492 0.81042989],31,12,"[0.3169063637449832, 0.8033325636066986]",1,-1
31632,[0.3182177  0.65107658],31,19,"[0.3585209611110644, 0.671407469606326]",1,-1
31633,[0.24956222 0.74228299],31,24,"[0.2219823769694232, 0.7523883708842017]",1,-1
31634,[0.26756452 0.8008928 ],31,12,"[0.3169063637449832, 0.8033325636066986]",1,-1
31635,[0.19650154 0.73573706],31,24,"[0.2219823769694232, 0.7523883708842017]",1,-1
31636,[0.29112775 0.78353632],31,12,"[0.3169063637449832, 0.8033325636066986]",1,-1
31637,[0.17305635 0.64757904],31,20,"[0.18632471116193938, 0.6470504651095214]",1,-1
31638,[0.21854776 0.66006703],31,20,"[0.18632471116193938, 0.6470504651095214]",1,-1
31639,[0.22112469 0.81623045],31,38,"[0.1833808871148498, 0.824806751753795]",1,-1
31640,[0.22012392 0.81666337],31,38,"[0.1833808871148498, 0.824806751753795]",1,-1
31641,[0.24385253 0.74202901],31,24,"[0.2219823769694232, 0.7523883708842017]",1,-1
31642,[0.24862516 0.81130727],31,24,"[0.2219823769694232, 0.7523883708842017]",1,-1
31643,[0.23698873 0.76359764],31,24,"[0.2219823769694232, 0.7523883708842017]",1,-1
31644,[0.31750759 0.70969851],31,8,"[0.26852263019242567, 0.6890353589332484]",1,-1
31645,[0.14061355 0.76643654],31,33,"[0.14360528745911366, 0.7361289007486289]",1,-1
31646,[0.29742701 0.88720931],31,-1,-1,1,-1
31647,[0.3251664 0.7719482],31,12,"[0.3169063637449832, 0.8033325636066986]",1,-1
31648,[0.27757588 0.76581808],31,12,"[0.3169063637449832, 0.8033325636066986]",1,-1
31649,[0.2662708  0.70164128],31,8,"[0.26852263019242567, 0.6890353589332484]",1,-1
31650,[0.29057104 0.73771857],31,8,"[0.26852263019242567, 0.6890353589332484]",1,-1
31651,[0.2730494  0.74211234],31,24,"[0.2219823769694232, 0.7523883708842017]",1,-1
31652,[0.30954527 0.75140427],31,12,"[0.3169063637449832, 0.8033325636066986]",1,-1
31653,[0.24002184 0.7260857 ],31,24,"[0.2219823769694232, 0.7523883708842017]",1,-1
31654,[0.27004239 0.76299271],31,24,"[0.2219823769694232, 0.7523883708842017]",1,-1
31655,[0.26538875 0.79481944],31,12,"[0.3169063637449832, 0.8033325636066986]",1,-1
31656,[0.24708377 0.81120693],31,24,"[0.2219823769694232, 0.7523883708842017]",1,-1
31657,[0.26672035 0.73815268],31,24,"[0.2219823769694232, 0.7523883708842017]",1,-1
31658,[0.28359645 0.78544562],31,12,"[0.3169063637449832, 0.8033325636066986]",1,-1
31659,[0.28434185 0.89462032],31,-1,-1,1,-1
31660,[0.34912085 0.79531366],31,12,"[0.3169063637449832, 0.8033325636066986]",1,-1
31661,[0.30566346 0.71560742],31,8,"[0.26852263019242567, 0.6890353589332484]",1,-1
31662,[0.24941618 0.74810633],31,24,"[0.2219823769694232, 0.7523883708842017]",1,-1
31663,[0.36092143 0.68679303],31,19,"[0.3585209611110644, 0.671407469606326]",1,-1
31664,[0.24352942 0.79888018],31,24,"[0.2219823769694232, 0.7523883708842017]",1,-1
31665,[0.30005612 0.72175378],31,8,"[0.26852263019242567, 0.6890353589332484]",1,-1
31666,[0.27585766 0.75811845],31,24,"[0.2219823769694232, 0.7523883708842017]",1,-1
31667,[0.25285685 0.77089039],31,24,"[0.2219823769694232, 0.7523883708842017]",1,-1
31668,[0.36865622 0.82962021],31,12,"[0.3169063637449832, 0.8033325636066986]",1,4
31669,[0.32172585 0.80014153],31,12,"[0.3169063637449832, 0.8033325636066986]",1,-1
31670,[0.28705208 0.78283736],31,12,"[0.3169063637449832, 0.8033325636066986]",1,-1
31671,[0.22747876 0.71260735],31,24,"[0.2219823769694232, 0.7523883708842017]",1,-1
31672,[0.19471066 0.76803173],31,24,"[0.2219823769694232, 0.7523883708842017]",1,-1
31673,[0.22510088 0.80490557],31,38,"[0.1833808871148498, 0.824806751753795]",1,-1
31674,[0.24998606 0.74434812],31,24,"[0.2219823769694232, 0.7523883708842017]",1,-1
31675,[0.32424196 0.7616275 ],31,12,"[0.3169063637449832, 0.8033325636066986]",1,-1
31676,[0.30722948 0.7646778 ],31,12,"[0.3169063637449832, 0.8033325636066986]",1,-1
31677,[0.33603512 0.75780829],31,12,"[0.3169063637449832, 0.8033325636066986]",1,-1
31678,[0.27305109 0.71646496],31,8,"[0.26852263019242567, 0.6890353589332484]",1,18
31679,[0.27030792 0.72401119],31,8,"[0.26852263019242567, 0.6890353589332484]",1,-1
31680,[0.31684162 0.87733651],31,-1,-1,1,-1
31681,[0.26096662 0.78490236],31,24,"[0.2219823769694232, 0.7523883708842017]",1,-1
31682,[0.35486226 0.92731091],31,-1,-1,1,-1
31683,[0.21710479 0.7913904 ],31,24,"[0.2219823769694232, 0.7523883708842017]",1,-1
31684,[0.27788347 0.80093429],31,12,"[0.3169063637449832, 0.8033325636066986]",1,-1
31685,[0.31133332 0.79994621],31,12,"[0.3169063637449832, 0.8033325636066986]",1,-1
31686,[0.21923226 0.79338887],31,24,"[0.2219823769694232, 0.7523883708842017]",1,-1
31687,[0.25388237 0.81238817],31,12,"[0.3169063637449832, 0.8033325636066986]",1,-1
31688,[0.3019452  0.71833731],31,8,"[0.26852263019242567, 0.6890353589332484]",1,-1
31689,[0.19433105 0.77164484],31,24,"[0.2219823769694232, 0.7523883708842017]",1,-1
31690,[0.32994642 0.71748281],31,19,"[0.3585209611110644, 0.671407469606326]",1,-1
31691,[0.27100032 0.77230627],31,24,"[0.2219823769694232, 0.7523883708842017]",1,-1
31692,[0.29534097 0.81672165],31,12,"[0.3169063637449832, 0.8033325636066986]",1,-1
31693,[0.27503841 0.7836676 ],31,12,"[0.3169063637449832, 0.8033325636066986]",1,-1
31694,[0.32948403 0.72958408],31,19,"[0.3585209611110644, 0.671407469606326]",1,-1
31695,[0.34256283 0.76332664],31,12,"[0.3169063637449832, 0.8033325636066986]",1,-1
31696,[0.33015617 0.75931992],31,12,"[0.3169063637449832, 0.8033325636066986]",1,-1
31697,[0.27726567 0.7451518 ],31,24,"[0.2219823769694232, 0.7523883708842017]",1,-1
31698,[0.30347488 0.77411353],31,12,"[0.3169063637449832, 0.8033325636066986]",1,-1
31699,[0.19949777 0.72668415],31,24,"[0.2219823769694232, 0.7523883708842017]",1,-1
31700,[0.30741454 0.76097961],31,12,"[0.3169063637449832, 0.8033325636066986]",1,-1
31701,[0.20848342 0.76030739],31,24,"[0.2219823769694232, 0.7523883708842017]",1,-1
31702,[0.23958108 0.7042996 ],31,8,"[0.26852263019242567, 0.6890353589332484]",1,-1
31703,[0.23135284 0.80983075],31,38,"[0.1833808871148498, 0.824806751753795]",1,-1
31704,[0.2791092  0.76537935],31,12,"[0.3169063637449832, 0.8033325636066986]",1,-1
31705,[0.24256754 0.7121057 ],31,8,"[0.26852263019242567, 0.6890353589332484]",1,-1
31706,[0.1755755  0.66467793],31,20,"[0.18632471116193938, 0.6470504651095214]",1,-1
31707,[0.24906064 0.71338421],31,8,"[0.26852263019242567, 0.6890353589332484]",1,-1
31708,[0.25413538 0.84538567],31,-1,-1,1,-1
31709,[0.2513262  0.75423537],31,24,"[0.2219823769694232, 0.7523883708842017]",1,-1
31710,[0.33289465 0.67249483],31,19,"[0.3585209611110644, 0.671407469606326]",1,-1
31711,[0.21971284 0.82886086],31,38,"[0.1833808871148498, 0.824806751753795]",1,-1
31712,[0.22953539 0.79971016],31,24,"[0.2219823769694232, 0.7523883708842017]",1,-1
31713,[0.28076151 0.78795419],31,12,"[0.3169063637449832, 0.8033325636066986]",1,-1
31714,[0.36071215 0.74785626],31,-1,-1,1,-1
31715,[0.31926785 0.79905884],31,12,"[0.3169063637449832, 0.8033325636066986]",1,-1
31716,[0.38016182 0.84063939],31,-1,-1,1,-1
31717,[0.1900176  0.79132105],31,38,"[0.1833808871148498, 0.824806751753795]",1,-1
31718,[0.28430962 0.79100668],31,12,"[0.3169063637449832, 0.8033325636066986]",1,-1
31719,[0.28159107 0.77428651],31,12,"[0.3169063637449832, 0.8033325636066986]",1,-1
31720,[0.20476694 0.72219461],31,24,"[0.2219823769694232, 0.7523883708842017]",1,-1
31721,[0.16651784 0.87982752],31,38,"[0.1833808871148498, 0.824806751753795]",1,-1
31722,[0.28805509 0.73424627],31,8,"[0.26852263019242567, 0.6890353589332484]",1,-1
31723,[0.24460306 0.78920589],31,24,"[0.2219823769694232, 0.7523883708842017]",1,-1
31724,[0.22615749 0.73224051],31,24,"[0.2219823769694232, 0.7523883708842017]",1,14
31725,[0.21275611 0.80722963],31,38,"[0.1833808871148498, 0.824806751753795]",1,-1
31726,[0.17623044 0.77430962],31,33,"[0.14360528745911366, 0.7361289007486289]",1,-1
31727,[0.32946724 0.76674347],31,12,"[0.3169063637449832, 0.8033325636066986]",1,-1
31728,[0.27209049 0.67025114],31,8,"[0.26852263019242567, 0.6890353589332484]",1,-1
31729,[0.30554895 0.78451498],31,12,"[0.3169063637449832, 0.8033325636066986]",1,-1
31730,[0.23257824 0.78444314],31,24,"[0.2219823769694232, 0.7523883708842017]",1,-1
31731,[0.33951257 0.78608648],31,12,"[0.3169063637449832, 0.8033325636066986]",1,-1
31732,[0.35455984 0.80871555],31,12,"[0.3169063637449832, 0.8033325636066986]",1,-1
31733,[0.23306048 0.79813819],31,24,"[0.2219823769694232, 0.7523883708842017]",1,-1
31734,[0.28109675 0.80500505],31,12,"[0.3169063637449832, 0.8033325636066986]",1,-1
31735,[0.32197429 0.73166021],31,8,"[0.26852263019242567, 0.6890353589332484]",1,-1
31736,[0.40065007 0.81670684],31,-1,-1,1,-1
31737,[0.36996682 0.78580287],31,12,"[0.3169063637449832, 0.8033325636066986]",1,-1
31738,[0.24887734 0.78551699],31,24,"[0.2219823769694232, 0.7523883708842017]",1,-1
31739,[0.27535623 0.76668903],31,24,"[0.2219823769694232, 0.7523883708842017]",1,-1
31740,[0.25804913 0.77281708],31,24,"[0.2219823769694232, 0.7523883708842017]",1,-1
31741,[0.19271242 0.7596285 ],31,24,"[0.2219823769694232, 0.7523883708842017]",1,-1
31742,[0.26537767 0.71746527],31,8,"[0.26852263019242567, 0.6890353589332484]",1,-1
31743,[0.26604874 0.80768425],31,12,"[0.3169063637449832, 0.8033325636066986]",1,-1
31744,[0.32642837 0.83077389],31,12,"[0.3169063637449832, 0.8033325636066986]",1,-1
31745,[0.19763921 0.85920345],31,38,"[0.1833808871148498, 0.824806751753795]",1,-1
31746,[0.28045986 0.74251861],31,8,"[0.26852263019242567, 0.6890353589332484]",1,-1
31747,[0.33750228 0.78711722],31,12,"[0.3169063637449832, 0.8033325636066986]",1,-1
31748,[0.30151821 0.84769468],31,12,"[0.3169063637449832, 0.8033325636066986]",1,-1
31749,[0.39148624 0.78901186],31,47,"[0.4308417820697566, 0.7426361553548808]",1,-1
31750,[0.19889649 0.74889593],31,24,"[0.2219823769694232, 0.7523883708842017]",1,-1
31751,[0.25442533 0.71091907],31,8,"[0.26852263019242567, 0.6890353589332484]",1,-1
31752,[0.27996298 0.74975043],31,24,"[0.2219823769694232, 0.7523883708842017]",1,-1
31753,[0.17791308 0.72742769],31,33,"[0.14360528745911366, 0.7361289007486289]",1,-1
31754,[0.23145697 0.86417033],31,38,"[0.1833808871148498, 0.824806751753795]",1,-1
31755,[0.28284222 0.79760143],31,12,"[0.3169063637449832, 0.8033325636066986]",1,-1
31756,[0.31825047 0.76151697],31,12,"[0.3169063637449832, 0.8033325636066986]",1,-1
31757,[0.21697313 0.70445982],31,24,"[0.2219823769694232, 0.7523883708842017]",1,-1
31758,[0.36120866 0.80243687],31,12,"[0.3169063637449832, 0.8033325636066986]",1,-1
31759,[0.2276586 0.8165007],31,38,"[0.1833808871148498, 0.824806751753795]",1,-1
31760,[0.32612986 0.77962369],31,12,"[0.3169063637449832, 0.8033325636066986]",1,-1
31761,[0.30615761 0.67402243],31,8,"[0.26852263019242567, 0.6890353589332484]",1,-1
31762,[0.26027513 0.75765439],31,24,"[0.2219823769694232, 0.7523883708842017]",1,-1
31763,[0.34664936 0.72741444],31,19,"[0.3585209611110644, 0.671407469606326]",1,-1
31764,[0.29824682 0.8560825 ],31,12,"[0.3169063637449832, 0.8033325636066986]",1,-1
31765,[0.26608871 0.82728912],31,12,"[0.3169063637449832, 0.8033325636066986]",1,-1
31766,[0.24326641 0.79442185],31,24,"[0.2219823769694232, 0.7523883708842017]",1,-1
31767,[0.32178407 0.77117749],31,12,"[0.3169063637449832, 0.8033325636066986]",1,-1
31768,[0.30743315 0.80067237],31,12,"[0.3169063637449832, 0.8033325636066986]",1,-1
31769,[0.20494741 0.81841282],31,38,"[0.1833808871148498, 0.824806751753795]",1,-1
31770,[0.2504829  0.76568696],31,24,"[0.2219823769694232, 0.7523883708842017]",1,-1
31771,[0.27629727 0.78302477],31,12,"[0.3169063637449832, 0.8033325636066986]",1,-1
31772,[0.25581506 0.74846007],31,24,"[0.2219823769694232, 0.7523883708842017]",1,-1
31773,[0.26258544 0.80675674],31,12,"[0.3169063637449832, 0.8033325636066986]",1,-1
31774,[0.18180569 0.80654864],31,38,"[0.1833808871148498, 0.824806751753795]",1,-1
31775,[0.21487815 0.82729213],31,38,"[0.1833808871148498, 0.824806751753795]",1,-1
31776,[0.26188843 0.88010624],31,-1,-1,1,-1
31777,[0.2369473  0.84651637],31,38,"[0.1833808871148498, 0.824806751753795]",1,-1
31778,[0.20092746 0.80238799],31,38,"[0.1833808871148498, 0.824806751753795]",1,-1
31779,[0.31401681 0.75967182],31,12,"[0.3169063637449832, 0.8033325636066986]",1,-1
31780,[0.24170662 0.80633529],31,24,"[0.2219823769694232, 0.7523883708842017]",1,-1
31781,[0.24554259 0.83580019],31,38,"[0.1833808871148498, 0.824806751753795]",1,-1
31782,[0.31598148 0.73086514],31,8,"[0.26852263019242567, 0.6890353589332484]",1,-1
31783,[0.27733859 0.71261695],31,8,"[0.26852263019242567, 0.6890353589332484]",1,-1
31784,[0.35073216 0.80243044],31,12,"[0.3169063637449832, 0.8033325636066986]",1,-1
31785,[0.20378055 0.8248343 ],31,38,"[0.1833808871148498, 0.824806751753795]",1,-1
31786,[0.25769296 0.67029786],31,8,"[0.26852263019242567, 0.6890353589332484]",1,-1
31787,[0.23684214 0.67199332],31,8,"[0.26852263019242567, 0.6890353589332484]",1,-1
31788,[0.24238085 0.81058763],31,38,"[0.1833808871148498, 0.824806751753795]",1,-1
31789,[0.28737444 0.79131848],31,12,"[0.3169063637449832, 0.8033325636066986]",1,-1
31790,[0.27212069 0.7858749 ],31,12,"[0.3169063637449832, 0.8033325636066986]",1,-1
31791,[0.32548273 0.80267165],31,12,"[0.3169063637449832, 0.8033325636066986]",1,-1
31792,[0.21256756 0.83560238],31,38,"[0.1833808871148498, 0.824806751753795]",1,-1
31793,[0.28137335 0.70054496],31,8,"[0.26852263019242567, 0.6890353589332484]",1,18
31794,[0.23506655 0.77239944],31,24,"[0.2219823769694232, 0.7523883708842017]",1,-1
31795,[0.2387973  0.76048885],31,24,"[0.2219823769694232, 0.7523883708842017]",1,-1
31796,[0.26759086 0.81980784],31,12,"[0.3169063637449832, 0.8033325636066986]",1,-1
31797,[0.34184052 0.76148476],31,12,"[0.3169063637449832, 0.8033325636066986]",1,-1
31798,[0.32771659 0.76872903],31,12,"[0.3169063637449832, 0.8033325636066986]",1,-1
31799,[0.23977936 0.76688139],31,24,"[0.2219823769694232, 0.7523883708842017]",1,-1
31800,[0.2069824  0.68581427],31,20,"[0.18632471116193938, 0.6470504651095214]",1,-1
31801,[0.25933343 0.76870348],31,24,"[0.2219823769694232, 0.7523883708842017]",1,-1
31802,[0.1838032  0.83803449],31,38,"[0.1833808871148498, 0.824806751753795]",1,-1
31803,[0.26341023 0.76046506],31,24,"[0.2219823769694232, 0.7523883708842017]",1,-1
31804,[0.22298859 0.71432932],31,24,"[0.2219823769694232, 0.7523883708842017]",1,-1
31805,[0.2982572  0.83740263],31,12,"[0.3169063637449832, 0.8033325636066986]",1,-1
31806,[0.30436524 0.77717136],31,12,"[0.3169063637449832, 0.8033325636066986]",1,-1
31807,[0.26089876 0.7191531 ],31,8,"[0.26852263019242567, 0.6890353589332484]",1,-1
31808,[0.30507744 0.82705208],31,12,"[0.3169063637449832, 0.8033325636066986]",1,-1
31809,[0.26292529 0.84585244],31,12,"[0.3169063637449832, 0.8033325636066986]",1,-1
31810,[0.20108292 0.82995905],31,38,"[0.1833808871148498, 0.824806751753795]",1,-1
31811,[0.21297386 0.750056  ],31,24,"[0.2219823769694232, 0.7523883708842017]",1,14
31812,[0.32532115 0.77966299],31,12,"[0.3169063637449832, 0.8033325636066986]",1,-1
31813,[0.20921055 0.73696072],31,24,"[0.2219823769694232, 0.7523883708842017]",1,-1
31814,[0.29936853 0.72856024],31,8,"[0.26852263019242567, 0.6890353589332484]",1,-1
31815,[0.20786992 0.75003581],31,24,"[0.2219823769694232, 0.7523883708842017]",1,-1
31816,[0.26646138 0.81714844],31,12,"[0.3169063637449832, 0.8033325636066986]",1,-1
31817,[0.31624673 0.76155165],31,12,"[0.3169063637449832, 0.8033325636066986]",1,-1
31818,[0.30683039 0.73492749],31,8,"[0.26852263019242567, 0.6890353589332484]",1,-1
31819,[0.28757621 0.800874  ],31,12,"[0.3169063637449832, 0.8033325636066986]",1,-1
31820,[0.23609396 0.7417562 ],31,24,"[0.2219823769694232, 0.7523883708842017]",1,-1
31821,[0.32106384 0.71506391],31,19,"[0.3585209611110644, 0.671407469606326]",1,-1
31822,[0.36103652 0.69104541],31,19,"[0.3585209611110644, 0.671407469606326]",1,-1
31823,[0.31405111 0.79327919],31,12,"[0.3169063637449832, 0.8033325636066986]",1,-1
31824,[0.26490015 0.81476898],31,12,"[0.3169063637449832, 0.8033325636066986]",1,-1
31825,[0.29279943 0.74501412],31,8,"[0.26852263019242567, 0.6890353589332484]",1,-1
31826,[0.25079162 0.78842039],31,24,"[0.2219823769694232, 0.7523883708842017]",1,-1
31827,[0.19637879 0.80280416],31,38,"[0.1833808871148498, 0.824806751753795]",1,-1
31828,[0.13376074 0.79125627],31,33,"[0.14360528745911366, 0.7361289007486289]",1,-1
31829,[0.30889548 0.82102771],31,12,"[0.3169063637449832, 0.8033325636066986]",1,-1
31830,[0.27513404 0.76628133],31,24,"[0.2219823769694232, 0.7523883708842017]",1,-1
31831,[0.23793229 0.75343445],31,24,"[0.2219823769694232, 0.7523883708842017]",1,-1
31832,[0.35107905 0.74234421],31,12,"[0.3169063637449832, 0.8033325636066986]",1,-1
31833,[0.26684855 0.73289518],31,8,"[0.26852263019242567, 0.6890353589332484]",1,-1
31834,[0.29410638 0.70178238],31,8,"[0.26852263019242567, 0.6890353589332484]",1,18
31835,[0.29052821 0.80536983],31,12,"[0.3169063637449832, 0.8033325636066986]",1,-1
31836,[0.24739899 0.70918516],31,8,"[0.26852263019242567, 0.6890353589332484]",1,-1
31837,[0.24676313 0.75498177],31,24,"[0.2219823769694232, 0.7523883708842017]",1,-1
31838,[0.26797935 0.69074266],31,8,"[0.26852263019242567, 0.6890353589332484]",1,-1
31839,[0.20470101 0.76815409],31,24,"[0.2219823769694232, 0.7523883708842017]",1,-1
31840,[0.2220832  0.62694903],31,40,"[0.24325605379412626, 0.6063462149687255]",1,10
31841,[0.29652831 0.75141394],31,12,"[0.3169063637449832, 0.8033325636066986]",1,-1
31842,[0.24164179 0.78829819],31,24,"[0.2219823769694232, 0.7523883708842017]",1,-1
31843,[0.32248775 0.81052902],31,12,"[0.3169063637449832, 0.8033325636066986]",1,-1
31844,[0.19554938 0.81895749],31,38,"[0.1833808871148498, 0.824806751753795]",1,-1
31845,[0.22001865 0.84882659],31,38,"[0.1833808871148498, 0.824806751753795]",1,-1
31846,[0.26777292 0.82517906],31,12,"[0.3169063637449832, 0.8033325636066986]",1,-1
31847,[0.2831045  0.69759787],31,8,"[0.26852263019242567, 0.6890353589332484]",1,18
31848,[0.24479481 0.71521659],31,8,"[0.26852263019242567, 0.6890353589332484]",1,-1
31849,[0.28676617 0.80358473],31,12,"[0.3169063637449832, 0.8033325636066986]",1,-1
31850,[0.22867108 0.7404582 ],31,24,"[0.2219823769694232, 0.7523883708842017]",1,14
31851,[0.34825297 0.75211006],31,12,"[0.3169063637449832, 0.8033325636066986]",1,-1
31852,[0.25994586 0.83165824],31,12,"[0.3169063637449832, 0.8033325636066986]",1,-1
31853,[0.18786288 0.84703401],31,38,"[0.1833808871148498, 0.824806751753795]",1,-1
31854,[0.29108807 0.77237932],31,12,"[0.3169063637449832, 0.8033325636066986]",1,-1
31855,[0.2545348  0.70825285],31,8,"[0.26852263019242567, 0.6890353589332484]",1,-1
31856,[0.25533716 0.78036371],31,24,"[0.2219823769694232, 0.7523883708842017]",1,-1
31857,[0.21778273 0.71320743],31,24,"[0.2219823769694232, 0.7523883708842017]",1,14
31858,[0.20895294 0.81009222],31,38,"[0.1833808871148498, 0.824806751753795]",1,-1
31859,[0.27159712 0.709609  ],31,8,"[0.26852263019242567, 0.6890353589332484]",1,-1
31860,[0.2390771  0.69459166],31,8,"[0.26852263019242567, 0.6890353589332484]",1,15
31861,[0.2000485  0.70872952],31,24,"[0.2219823769694232, 0.7523883708842017]",1,-1
31862,[0.22029674 0.70382762],31,24,"[0.2219823769694232, 0.7523883708842017]",1,-1
31863,[0.28602932 0.79491888],31,12,"[0.3169063637449832, 0.8033325636066986]",1,-1
31864,[0.26245923 0.77689439],31,24,"[0.2219823769694232, 0.7523883708842017]",1,-1
31865,[0.29432635 0.76131853],31,12,"[0.3169063637449832, 0.8033325636066986]",1,-1
31866,[0.38804885 0.76943058],31,47,"[0.4308417820697566, 0.7426361553548808]",1,-1
31867,[0.23902239 0.83758931],31,38,"[0.1833808871148498, 0.824806751753795]",1,-1
31868,[0.21775796 0.84235788],31,38,"[0.1833808871148498, 0.824806751753795]",1,-1
31869,[0.28738702 0.8366827 ],31,12,"[0.3169063637449832, 0.8033325636066986]",1,-1
31870,[0.37853095 0.71706282],31,19,"[0.3585209611110644, 0.671407469606326]",1,-1
31871,[0.29825902 0.82448281],31,12,"[0.3169063637449832, 0.8033325636066986]",1,-1
31872,[0.31149793 0.8731425 ],31,-1,-1,1,-1
31873,[0.25208635 0.8112969 ],31,12,"[0.3169063637449832, 0.8033325636066986]",1,-1
31874,[0.26696927 0.75321249],31,24,"[0.2219823769694232, 0.7523883708842017]",1,-1
31875,[0.21563243 0.79265368],31,24,"[0.2219823769694232, 0.7523883708842017]",1,-1
31876,[0.28348994 0.74739348],31,8,"[0.26852263019242567, 0.6890353589332484]",1,-1
31877,[0.28282461 0.72824053],31,8,"[0.26852263019242567, 0.6890353589332484]",1,-1
31878,[0.21948172 0.66367495],31,20,"[0.18632471116193938, 0.6470504651095214]",1,15
31879,[0.26718088 0.77901336],31,24,"[0.2219823769694232, 0.7523883708842017]",1,-1
31880,[0.21836178 0.74186549],31,24,"[0.2219823769694232, 0.7523883708842017]",1,14
31881,[0.31946885 0.77695732],31,12,"[0.3169063637449832, 0.8033325636066986]",1,-1
31882,[0.28775688 0.73153242],31,8,"[0.26852263019242567, 0.6890353589332484]",1,-1
31883,[0.23018831 0.89573697],31,-1,-1,1,-1
31884,[0.34117566 0.86394517],31,12,"[0.3169063637449832, 0.8033325636066986]",1,-1
31885,[0.29793145 0.72568688],31,8,"[0.26852263019242567, 0.6890353589332484]",1,-1
31886,[0.28139345 0.73356104],31,8,"[0.26852263019242567, 0.6890353589332484]",1,-1
31887,[0.27610499 0.78120795],31,12,"[0.3169063637449832, 0.8033325636066986]",1,-1
31888,[0.22775876 0.77240538],31,24,"[0.2219823769694232, 0.7523883708842017]",1,-1
31889,[0.22379555 0.77384801],31,24,"[0.2219823769694232, 0.7523883708842017]",1,-1
31890,[0.35796206 0.77890261],31,12,"[0.3169063637449832, 0.8033325636066986]",1,-1
31891,[0.27369441 0.71913704],31,8,"[0.26852263019242567, 0.6890353589332484]",1,18
31892,[0.29884286 0.77570773],31,12,"[0.3169063637449832, 0.8033325636066986]",1,-1
31893,[0.26499088 0.73590863],31,24,"[0.2219823769694232, 0.7523883708842017]",1,-1
31894,[0.17784891 0.77521193],31,24,"[0.2219823769694232, 0.7523883708842017]",1,-1
31895,[0.31413513 0.82555307],31,12,"[0.3169063637449832, 0.8033325636066986]",1,-1
31896,[0.34134756 0.79521613],31,12,"[0.3169063637449832, 0.8033325636066986]",1,-1
31897,[0.15386912 0.80847755],31,38,"[0.1833808871148498, 0.824806751753795]",1,-1
31898,[0.28124901 0.7984893 ],31,12,"[0.3169063637449832, 0.8033325636066986]",1,-1
31899,[0.33456397 0.80696759],31,12,"[0.3169063637449832, 0.8033325636066986]",1,-1
31900,[0.3027843  0.83212148],31,12,"[0.3169063637449832, 0.8033325636066986]",1,-1
31901,[0.26544899 0.75408134],31,24,"[0.2219823769694232, 0.7523883708842017]",1,-1
31902,[0.2868486  0.82686218],31,12,"[0.3169063637449832, 0.8033325636066986]",1,-1
31903,[0.34402666 0.73614652],31,19,"[0.3585209611110644, 0.671407469606326]",1,-1
31904,[0.20820302 0.78219993],31,24,"[0.2219823769694232, 0.7523883708842017]",1,-1
31905,[0.21425756 0.8180496 ],31,38,"[0.1833808871148498, 0.824806751753795]",1,-1
31906,[0.34363199 0.75215366],31,12,"[0.3169063637449832, 0.8033325636066986]",1,-1
31907,[0.22105747 0.71908906],31,24,"[0.2219823769694232, 0.7523883708842017]",1,14
31908,[0.31483413 0.68767688],31,8,"[0.26852263019242567, 0.6890353589332484]",1,12
31909,[0.29014997 0.76120112],31,12,"[0.3169063637449832, 0.8033325636066986]",1,-1
31910,[0.27177458 0.70650374],31,8,"[0.26852263019242567, 0.6890353589332484]",1,-1
31911,[0.30385865 0.78091599],31,12,"[0.3169063637449832, 0.8033325636066986]",1,-1
31912,[0.24204874 0.7542615 ],31,24,"[0.2219823769694232, 0.7523883708842017]",1,-1
31913,[0.27721913 0.78779639],31,12,"[0.3169063637449832, 0.8033325636066986]",1,-1
31914,[0.20517558 0.75731864],31,24,"[0.2219823769694232, 0.7523883708842017]",1,-1
31915,[0.27263034 0.85644218],31,12,"[0.3169063637449832, 0.8033325636066986]",1,-1
31916,[0.24384813 0.71026843],31,8,"[0.26852263019242567, 0.6890353589332484]",1,-1
31917,[0.23496631 0.76769037],31,24,"[0.2219823769694232, 0.7523883708842017]",1,-1
31918,[0.20053358 0.86778334],31,38,"[0.1833808871148498, 0.824806751753795]",1,-1
31919,[0.24914532 0.66603532],31,8,"[0.26852263019242567, 0.6890353589332484]",1,-1
31920,[0.24144044 0.65277848],31,8,"[0.26852263019242567, 0.6890353589332484]",1,-1
31921,[0.24981952 0.84884178],31,-1,-1,1,-1
31922,[0.22464334 0.77512429],31,24,"[0.2219823769694232, 0.7523883708842017]",1,-1
31923,[0.30556069 0.82162449],31,12,"[0.3169063637449832, 0.8033325636066986]",1,-1
31924,[0.29140703 0.87237402],31,-1,-1,1,-1
31925,[0.29414582 0.89674338],31,-1,-1,1,-1
31926,[0.27757505 0.72864525],31,8,"[0.26852263019242567, 0.6890353589332484]",1,-1
31927,[0.28544658 0.76183165],31,12,"[0.3169063637449832, 0.8033325636066986]",1,-1
31928,[0.26927137 0.74093651],31,24,"[0.2219823769694232, 0.7523883708842017]",1,-1
31929,[0.2705356  0.86848103],31,-1,-1,1,-1
31930,[0.20964872 0.79911108],31,38,"[0.1833808871148498, 0.824806751753795]",1,-1
31931,[0.285631   0.85005916],31,12,"[0.3169063637449832, 0.8033325636066986]",1,-1
31932,[0.28818518 0.8011272 ],31,12,"[0.3169063637449832, 0.8033325636066986]",1,-1
31933,[0.17276086 0.85293013],31,38,"[0.1833808871148498, 0.824806751753795]",1,-1
31934,[0.18857897 0.77384099],31,24,"[0.2219823769694232, 0.7523883708842017]",1,-1
31935,[0.2228368  0.77311444],31,24,"[0.2219823769694232, 0.7523883708842017]",1,-1
31936,[0.34251594 0.75182729],31,12,"[0.3169063637449832, 0.8033325636066986]",1,-1
31937,[0.29760282 0.73019397],31,8,"[0.26852263019242567, 0.6890353589332484]",1,-1
31938,[0.2371699  0.83459594],31,38,"[0.1833808871148498, 0.824806751753795]",1,-1
31939,[0.32070939 0.79534624],31,12,"[0.3169063637449832, 0.8033325636066986]",1,-1
31940,[0.27034742 0.69515918],31,8,"[0.26852263019242567, 0.6890353589332484]",1,18
31941,[0.22768695 0.80906537],31,38,"[0.1833808871148498, 0.824806751753795]",1,-1
31942,[0.25318032 0.81562515],31,12,"[0.3169063637449832, 0.8033325636066986]",1,-1
31943,[0.29642783 0.78695547],31,12,"[0.3169063637449832, 0.8033325636066986]",1,-1
31944,[0.30692678 0.84073736],31,12,"[0.3169063637449832, 0.8033325636066986]",1,-1
31945,[0.35725552 0.81761934],31,12,"[0.3169063637449832, 0.8033325636066986]",1,-1
31946,[0.30819775 0.81132675],31,12,"[0.3169063637449832, 0.8033325636066986]",1,-1
31947,[0.37679352 0.83479727],31,12,"[0.3169063637449832, 0.8033325636066986]",1,-1
31948,[0.18203549 0.73598097],31,33,"[0.14360528745911366, 0.7361289007486289]",1,-1
31949,[0.39418769 0.79586576],31,47,"[0.4308417820697566, 0.7426361553548808]",1,-1
31950,[0.31216885 0.76515503],31,12,"[0.3169063637449832, 0.8033325636066986]",1,-1
31951,[0.33765812 0.7634078 ],31,12,"[0.3169063637449832, 0.8033325636066986]",1,-1
31952,[0.24579896 0.87737956],31,-1,-1,1,-1
31953,[0.22067977 0.745691  ],31,24,"[0.2219823769694232, 0.7523883708842017]",1,-1
31954,[0.32882493 0.74955961],31,12,"[0.3169063637449832, 0.8033325636066986]",1,-1
31955,[0.28441161 0.73072382],31,8,"[0.26852263019242567, 0.6890353589332484]",1,-1
31956,[0.37041953 0.71328076],31,19,"[0.3585209611110644, 0.671407469606326]",1,-1
31957,[0.29963749 0.81206227],31,12,"[0.3169063637449832, 0.8033325636066986]",1,-1
31958,[0.29028907 0.85626046],31,12,"[0.3169063637449832, 0.8033325636066986]",1,-1
31959,[0.23489395 0.72567383],31,24,"[0.2219823769694232, 0.7523883708842017]",1,-1
31960,[0.28604189 0.77964461],31,12,"[0.3169063637449832, 0.8033325636066986]",1,-1
31961,[0.27501006 0.7208464 ],31,8,"[0.26852263019242567, 0.6890353589332484]",1,-1
31962,[0.30003901 0.73381862],31,8,"[0.26852263019242567, 0.6890353589332484]",1,-1
31963,[0.23618609 0.71712283],31,24,"[0.2219823769694232, 0.7523883708842017]",1,-1
31964,[0.29341686 0.77661845],31,12,"[0.3169063637449832, 0.8033325636066986]",1,-1
31965,[0.28002922 0.69676851],31,8,"[0.26852263019242567, 0.6890353589332484]",1,18
31966,[0.26455853 0.74230076],31,24,"[0.2219823769694232, 0.7523883708842017]",1,-1
31967,[0.24274993 0.85517549],31,38,"[0.1833808871148498, 0.824806751753795]",1,-1
31968,[0.3738159  0.75140737],31,47,"[0.4308417820697566, 0.7426361553548808]",1,-1
31969,[0.25413958 0.72401701],31,8,"[0.26852263019242567, 0.6890353589332484]",1,19
31970,[0.23791439 0.82392037],31,38,"[0.1833808871148498, 0.824806751753795]",1,-1
31971,[0.33925506 0.7749533 ],31,12,"[0.3169063637449832, 0.8033325636066986]",1,-1
31972,[0.30123501 0.84898924],31,12,"[0.3169063637449832, 0.8033325636066986]",1,-1
31973,[0.31732835 0.71585031],31,8,"[0.26852263019242567, 0.6890353589332484]",1,-1
31974,[0.30504193 0.78237021],31,12,"[0.3169063637449832, 0.8033325636066986]",1,-1
31975,[0.28940246 0.69739184],31,8,"[0.26852263019242567, 0.6890353589332484]",1,18
31976,[0.24129575 0.80908464],31,24,"[0.2219823769694232, 0.7523883708842017]",1,-1
31977,[0.23538792 0.80819433],31,38,"[0.1833808871148498, 0.824806751753795]",1,-1
31978,[0.27424229 0.85698671],31,12,"[0.3169063637449832, 0.8033325636066986]",1,-1
31979,[0.30388159 0.83164105],31,12,"[0.3169063637449832, 0.8033325636066986]",1,-1
31980,[0.24031292 0.8404785 ],31,38,"[0.1833808871148498, 0.824806751753795]",1,-1
31981,[0.24067683 0.79348818],31,24,"[0.2219823769694232, 0.7523883708842017]",1,-1
31982,[0.31337693 0.79995089],31,12,"[0.3169063637449832, 0.8033325636066986]",1,-1
31983,[0.26504935 0.69411395],31,8,"[0.26852263019242567, 0.6890353589332484]",1,-1
31984,[0.30728902 0.70061986],31,8,"[0.26852263019242567, 0.6890353589332484]",1,-1
31985,[0.22136421 0.78468242],31,24,"[0.2219823769694232, 0.7523883708842017]",1,-1
31986,[0.24355009 0.79515274],31,24,"[0.2219823769694232, 0.7523883708842017]",1,-1
31987,[0.21914656 0.69654085],31,8,"[0.26852263019242567, 0.6890353589332484]",1,-1
31988,[0.20031847 0.80001141],31,38,"[0.1833808871148498, 0.824806751753795]",1,-1
31989,[0.29437664 0.79492474],31,12,"[0.3169063637449832, 0.8033325636066986]",1,-1
31990,[0.24734701 0.76789544],31,24,"[0.2219823769694232, 0.7523883708842017]",1,-1
31991,[0.29774818 0.83576865],31,12,"[0.3169063637449832, 0.8033325636066986]",1,-1
31992,[0.33626471 0.76146064],31,12,"[0.3169063637449832, 0.8033325636066986]",1,-1
31993,[0.31020572 0.76462055],31,12,"[0.3169063637449832, 0.8033325636066986]",1,-1
31994,[0.30846097 0.80904617],31,12,"[0.3169063637449832, 0.8033325636066986]",1,-1
31995,[0.33303737 0.83520075],31,12,"[0.3169063637449832, 0.8033325636066986]",1,-1
31996,[0.21881895 0.78180476],31,24,"[0.2219823769694232, 0.7523883708842017]",1,-1
31997,[0.26006802 0.73292852],31,24,"[0.2219823769694232, 0.7523883708842017]",1,-1
31998,[0.31546096 0.70307592],31,8,"[0.26852263019242567, 0.6890353589332484]",1,-1
31999,[0.28956014 0.68198556],31,8,"[0.26852263019242567, 0.6890353589332484]",1,-1
32000,[0.19604702 0.2011001 ],32,16,"[0.22214342499776796, 0.1812277944104208]",1,-1
32001,[0.26900061 0.16888549],32,31,"[0.29817086118518243, 0.1888907481789387]",1,-1
32002,[0.23830615 0.18141787],32,16,"[0.22214342499776796, 0.1812277944104208]",1,-1
32003,[0.2211048  0.22459704],32,16,"[0.22214342499776796, 0.1812277944104208]",1,31
32004,[0.24417025 0.24568281],32,7,"[0.2880919156697789, 0.2889500356712737]",1,-1
32005,[0.1483995  0.26749622],32,21,"[0.16948094512787878, 0.2245031809320862]",1,-1
32006,[0.2326782 0.2440139],32,16,"[0.22214342499776796, 0.1812277944104208]",1,-1
32007,[0.20703305 0.19527767],32,16,"[0.22214342499776796, 0.1812277944104208]",1,-1
32008,[0.2256856 0.225585 ],32,16,"[0.22214342499776796, 0.1812277944104208]",1,31
32009,[0.26150668 0.29814864],32,7,"[0.2880919156697789, 0.2889500356712737]",1,-1
32010,[0.15404213 0.23098577],32,21,"[0.16948094512787878, 0.2245031809320862]",1,-1
32011,[0.28555864 0.29233451],32,7,"[0.2880919156697789, 0.2889500356712737]",1,-1
32012,[0.20757402 0.26409061],32,21,"[0.16948094512787878, 0.2245031809320862]",1,32
32013,[0.21990012 0.19018353],32,16,"[0.22214342499776796, 0.1812277944104208]",1,-1
32014,[0.2105648  0.22556067],32,21,"[0.16948094512787878, 0.2245031809320862]",1,-1
32015,[0.19622662 0.14235306],32,16,"[0.22214342499776796, 0.1812277944104208]",1,-1
32016,[0.19456963 0.24605627],32,21,"[0.16948094512787878, 0.2245031809320862]",1,-1
32017,[0.16340387 0.23097497],32,21,"[0.16948094512787878, 0.2245031809320862]",1,-1
32018,[0.17476042 0.22452331],32,21,"[0.16948094512787878, 0.2245031809320862]",1,-1
32019,[0.1600869  0.16585726],32,21,"[0.16948094512787878, 0.2245031809320862]",1,-1
32020,[0.30125053 0.19751694],32,31,"[0.29817086118518243, 0.1888907481789387]",1,-1
32021,[0.22953007 0.25363716],32,21,"[0.16948094512787878, 0.2245031809320862]",1,-1
32022,[0.22632321 0.24197676],32,21,"[0.16948094512787878, 0.2245031809320862]",1,31
32023,[0.19353106 0.34662726],32,15,"[0.188292755006214, 0.3253570325311902]",1,-1
32024,[0.20240584 0.08788422],32,-1,-1,1,-1
32025,[0.19078572 0.27426463],32,15,"[0.188292755006214, 0.3253570325311902]",1,-1
32026,[0.14008847 0.2375027 ],32,21,"[0.16948094512787878, 0.2245031809320862]",1,-1
32027,[0.1894183 0.2507728],32,21,"[0.16948094512787878, 0.2245031809320862]",1,-1
32028,[0.14467414 0.26415154],32,21,"[0.16948094512787878, 0.2245031809320862]",1,-1
32029,[0.2222373 0.1660266],32,16,"[0.22214342499776796, 0.1812277944104208]",1,-1
32030,[0.13049483 0.22300455],32,21,"[0.16948094512787878, 0.2245031809320862]",1,-1
32031,[0.16577498 0.24315177],32,21,"[0.16948094512787878, 0.2245031809320862]",1,-1
32032,[0.29960858 0.22790162],32,31,"[0.29817086118518243, 0.1888907481789387]",1,-1
32033,[0.18633618 0.2795672 ],32,15,"[0.188292755006214, 0.3253570325311902]",1,-1
32034,[0.18648483 0.23528405],32,21,"[0.16948094512787878, 0.2245031809320862]",1,-1
32035,[0.16510536 0.23240981],32,21,"[0.16948094512787878, 0.2245031809320862]",1,-1
32036,[0.12860754 0.24225706],32,21,"[0.16948094512787878, 0.2245031809320862]",1,-1
32037,[0.26402239 0.15118212],32,31,"[0.29817086118518243, 0.1888907481789387]",1,-1
32038,[0.16936078 0.21153242],32,21,"[0.16948094512787878, 0.2245031809320862]",1,-1
32039,[0.14690161 0.22291092],32,21,"[0.16948094512787878, 0.2245031809320862]",1,-1
32040,[0.29169915 0.29145263],32,7,"[0.2880919156697789, 0.2889500356712737]",1,-1
32041,[0.17727719 0.28569517],32,15,"[0.188292755006214, 0.3253570325311902]",1,-1
32042,[0.22939838 0.21126635],32,16,"[0.22214342499776796, 0.1812277944104208]",1,-1
32043,[0.19005451 0.25714691],32,21,"[0.16948094512787878, 0.2245031809320862]",1,-1
32044,[0.21645244 0.28741922],32,15,"[0.188292755006214, 0.3253570325311902]",1,-1
32045,[0.29614867 0.15294676],32,31,"[0.29817086118518243, 0.1888907481789387]",1,-1
32046,[0.25648033 0.20264265],32,16,"[0.22214342499776796, 0.1812277944104208]",1,-1
32047,[0.20825912 0.26507833],32,21,"[0.16948094512787878, 0.2245031809320862]",1,32
32048,[0.2003037  0.18676856],32,16,"[0.22214342499776796, 0.1812277944104208]",1,-1
32049,[0.21258577 0.27817804],32,15,"[0.188292755006214, 0.3253570325311902]",1,-1
32050,[0.21640113 0.14083198],32,16,"[0.22214342499776796, 0.1812277944104208]",1,-1
32051,[0.1154057 0.251852 ],32,21,"[0.16948094512787878, 0.2245031809320862]",1,-1
32052,[0.19307093 0.26879029],32,21,"[0.16948094512787878, 0.2245031809320862]",1,-1
32053,[0.20882086 0.31368145],32,15,"[0.188292755006214, 0.3253570325311902]",1,-1
32054,[0.2541457  0.29596375],32,7,"[0.2880919156697789, 0.2889500356712737]",1,-1
32055,[0.20394074 0.16359769],32,16,"[0.22214342499776796, 0.1812277944104208]",1,-1
32056,[0.11471398 0.20598322],32,21,"[0.16948094512787878, 0.2245031809320862]",1,-1
32057,[0.21345734 0.22034815],32,16,"[0.22214342499776796, 0.1812277944104208]",1,31
32058,[0.22276288 0.22638375],32,16,"[0.22214342499776796, 0.1812277944104208]",1,31
32059,[0.14884837 0.24664701],32,21,"[0.16948094512787878, 0.2245031809320862]",1,-1
32060,[0.13809007 0.29102491],32,15,"[0.188292755006214, 0.3253570325311902]",1,-1
32061,[0.26353909 0.12615274],32,16,"[0.22214342499776796, 0.1812277944104208]",1,-1
32062,[0.13094172 0.25127022],32,21,"[0.16948094512787878, 0.2245031809320862]",1,-1
32063,[0.17874222 0.14984936],32,16,"[0.22214342499776796, 0.1812277944104208]",1,-1
32064,[0.26339395 0.2394083 ],32,7,"[0.2880919156697789, 0.2889500356712737]",1,-1
32065,[0.25347282 0.32594022],32,7,"[0.2880919156697789, 0.2889500356712737]",1,-1
32066,[0.22246013 0.24305077],32,21,"[0.16948094512787878, 0.2245031809320862]",1,31
32067,[0.20696433 0.25827483],32,21,"[0.16948094512787878, 0.2245031809320862]",1,-1
32068,[0.15690986 0.25837237],32,21,"[0.16948094512787878, 0.2245031809320862]",1,-1
32069,[0.16782159 0.21469336],32,21,"[0.16948094512787878, 0.2245031809320862]",1,-1
32070,[0.2033781  0.26542774],32,21,"[0.16948094512787878, 0.2245031809320862]",1,32
32071,[0.20325577 0.15201258],32,16,"[0.22214342499776796, 0.1812277944104208]",1,-1
32072,[0.28428682 0.20777534],32,31,"[0.29817086118518243, 0.1888907481789387]",1,-1
32073,[0.25384561 0.18429785],32,16,"[0.22214342499776796, 0.1812277944104208]",1,22
32074,[0.26932118 0.23046627],32,31,"[0.29817086118518243, 0.1888907481789387]",1,-1
32075,[0.19640897 0.29422506],32,15,"[0.188292755006214, 0.3253570325311902]",1,-1
32076,[0.21705726 0.24148968],32,21,"[0.16948094512787878, 0.2245031809320862]",1,-1
32077,[0.24812546 0.23474033],32,16,"[0.22214342499776796, 0.1812277944104208]",1,-1
32078,[0.19611277 0.25880855],32,21,"[0.16948094512787878, 0.2245031809320862]",1,-1
32079,[0.20204666 0.14032763],32,16,"[0.22214342499776796, 0.1812277944104208]",1,-1
32080,[0.25661887 0.15438149],32,16,"[0.22214342499776796, 0.1812277944104208]",1,-1
32081,[0.23648898 0.32058355],32,15,"[0.188292755006214, 0.3253570325311902]",1,-1
32082,[0.16370745 0.25573536],32,21,"[0.16948094512787878, 0.2245031809320862]",1,-1
32083,[0.19606344 0.36107797],32,15,"[0.188292755006214, 0.3253570325311902]",1,-1
32084,[0.30730568 0.23913962],32,31,"[0.29817086118518243, 0.1888907481789387]",1,-1
32085,[0.19065537 0.20352304],32,21,"[0.16948094512787878, 0.2245031809320862]",1,-1
32086,[0.19930718 0.26431271],32,21,"[0.16948094512787878, 0.2245031809320862]",1,32
32087,[0.30776068 0.21243896],32,31,"[0.29817086118518243, 0.1888907481789387]",1,-1
32088,[0.13385128 0.30197152],32,15,"[0.188292755006214, 0.3253570325311902]",1,-1
32089,[0.31234391 0.31176032],32,7,"[0.2880919156697789, 0.2889500356712737]",1,-1
32090,[0.24124353 0.18603756],32,16,"[0.22214342499776796, 0.1812277944104208]",1,-1
32091,[0.25260914 0.27702601],32,7,"[0.2880919156697789, 0.2889500356712737]",1,-1
32092,[0.22463244 0.17252964],32,16,"[0.22214342499776796, 0.1812277944104208]",1,-1
32093,[0.2422604  0.20405451],32,16,"[0.22214342499776796, 0.1812277944104208]",1,-1
32094,[0.21598505 0.32091335],32,15,"[0.188292755006214, 0.3253570325311902]",1,-1
32095,[0.18575255 0.32646434],32,15,"[0.188292755006214, 0.3253570325311902]",1,-1
32096,[0.12988492 0.16191636],32,-1,-1,1,-1
32097,[0.17901593 0.29172547],32,15,"[0.188292755006214, 0.3253570325311902]",1,-1
32098,[0.28538933 0.15733892],32,31,"[0.29817086118518243, 0.1888907481789387]",1,-1
32099,[0.22757384 0.24553752],32,21,"[0.16948094512787878, 0.2245031809320862]",1,31
32100,[0.27782167 0.24709806],32,7,"[0.2880919156697789, 0.2889500356712737]",1,-1
32101,[0.18294215 0.20754201],32,21,"[0.16948094512787878, 0.2245031809320862]",1,-1
32102,[0.15267424 0.29695826],32,15,"[0.188292755006214, 0.3253570325311902]",1,-1
32103,[0.22751371 0.28533588],32,15,"[0.188292755006214, 0.3253570325311902]",1,-1
32104,[0.14643213 0.26939011],32,21,"[0.16948094512787878, 0.2245031809320862]",1,-1
32105,[0.17535873 0.18544123],32,21,"[0.16948094512787878, 0.2245031809320862]",1,-1
32106,[0.29645991 0.27777231],32,7,"[0.2880919156697789, 0.2889500356712737]",1,-1
32107,[0.08397075 0.22438809],32,-1,-1,1,-1
32108,[0.23868999 0.18134125],32,16,"[0.22214342499776796, 0.1812277944104208]",1,22
32109,[0.26837909 0.25284566],32,7,"[0.2880919156697789, 0.2889500356712737]",1,28
32110,[0.25910786 0.26365486],32,7,"[0.2880919156697789, 0.2889500356712737]",1,-1
32111,[0.25649941 0.27138367],32,7,"[0.2880919156697789, 0.2889500356712737]",1,-1
32112,[0.29664729 0.24853931],32,7,"[0.2880919156697789, 0.2889500356712737]",1,-1
32113,[0.14665649 0.27219076],32,21,"[0.16948094512787878, 0.2245031809320862]",1,-1
32114,[0.21191841 0.1936415 ],32,16,"[0.22214342499776796, 0.1812277944104208]",1,-1
32115,[0.1834823  0.29214193],32,15,"[0.188292755006214, 0.3253570325311902]",1,-1
32116,[0.3085189  0.23845707],32,31,"[0.29817086118518243, 0.1888907481789387]",1,-1
32117,[0.22072354 0.2798224 ],32,15,"[0.188292755006214, 0.3253570325311902]",1,-1
32118,[0.10332788 0.24275659],32,21,"[0.16948094512787878, 0.2245031809320862]",1,-1
32119,[0.21482876 0.21778502],32,16,"[0.22214342499776796, 0.1812277944104208]",1,31
32120,[0.17805343 0.25631911],32,21,"[0.16948094512787878, 0.2245031809320862]",1,-1
32121,[0.27131339 0.24202342],32,7,"[0.2880919156697789, 0.2889500356712737]",1,-1
32122,[0.2850678 0.2160678],32,31,"[0.29817086118518243, 0.1888907481789387]",1,-1
32123,[0.20735046 0.18827496],32,16,"[0.22214342499776796, 0.1812277944104208]",1,-1
32124,[0.24699063 0.19998976],32,16,"[0.22214342499776796, 0.1812277944104208]",1,-1
32125,[0.27637387 0.14927772],32,31,"[0.29817086118518243, 0.1888907481789387]",1,-1
32126,[0.26030256 0.24282365],32,7,"[0.2880919156697789, 0.2889500356712737]",1,28
32127,[0.23793587 0.28005307],32,7,"[0.2880919156697789, 0.2889500356712737]",1,-1
32128,[0.25012743 0.22172199],32,16,"[0.22214342499776796, 0.1812277944104208]",1,-1
32129,[0.11872133 0.29252494],32,-1,-1,1,-1
32130,[0.30806368 0.13847099],32,31,"[0.29817086118518243, 0.1888907481789387]",1,-1
32131,[0.27106201 0.23948338],32,7,"[0.2880919156697789, 0.2889500356712737]",1,-1
32132,[0.26687887 0.29247439],32,7,"[0.2880919156697789, 0.2889500356712737]",1,-1
32133,[0.2253039  0.21711267],32,16,"[0.22214342499776796, 0.1812277944104208]",1,-1
32134,[0.22198056 0.26984933],32,15,"[0.188292755006214, 0.3253570325311902]",1,-1
32135,[0.20632744 0.17942441],32,16,"[0.22214342499776796, 0.1812277944104208]",1,-1
32136,[0.14413944 0.2035937 ],32,21,"[0.16948094512787878, 0.2245031809320862]",1,-1
32137,[0.17750471 0.17394709],32,16,"[0.22214342499776796, 0.1812277944104208]",1,-1
32138,[0.23755261 0.21474212],32,16,"[0.22214342499776796, 0.1812277944104208]",1,-1
32139,[0.16859444 0.21953304],32,21,"[0.16948094512787878, 0.2245031809320862]",1,-1
32140,[0.21832156 0.27631037],32,15,"[0.188292755006214, 0.3253570325311902]",1,-1
32141,[0.14542322 0.28480264],32,15,"[0.188292755006214, 0.3253570325311902]",1,-1
32142,[0.10236012 0.31439532],32,-1,-1,1,-1
32143,[0.19844606 0.26304345],32,21,"[0.16948094512787878, 0.2245031809320862]",1,32
32144,[0.10825505 0.18984218],32,-1,-1,1,-1
32145,[0.19082921 0.21719845],32,21,"[0.16948094512787878, 0.2245031809320862]",1,-1
32146,[0.10500241 0.24960493],32,21,"[0.16948094512787878, 0.2245031809320862]",1,-1
32147,[0.27683476 0.22532286],32,31,"[0.29817086118518243, 0.1888907481789387]",1,30
32148,[0.26801825 0.36336668],32,0,"[0.2473875480073203, 0.39401489827781994]",1,-1
32149,[0.26871572 0.27389485],32,7,"[0.2880919156697789, 0.2889500356712737]",1,-1
32150,[0.20411494 0.24609979],32,21,"[0.16948094512787878, 0.2245031809320862]",1,31
32151,[0.28544429 0.25205771],32,7,"[0.2880919156697789, 0.2889500356712737]",1,-1
32152,[0.15708394 0.21008679],32,21,"[0.16948094512787878, 0.2245031809320862]",1,-1
32153,[0.19796023 0.27931695],32,15,"[0.188292755006214, 0.3253570325311902]",1,-1
32154,[0.20149384 0.23191288],32,21,"[0.16948094512787878, 0.2245031809320862]",1,-1
32155,[0.31682625 0.2426573 ],32,7,"[0.2880919156697789, 0.2889500356712737]",1,-1
32156,[0.17338553 0.25229938],32,21,"[0.16948094512787878, 0.2245031809320862]",1,-1
32157,[0.28649594 0.24738777],32,7,"[0.2880919156697789, 0.2889500356712737]",1,-1
32158,[0.25426606 0.27744986],32,7,"[0.2880919156697789, 0.2889500356712737]",1,-1
32159,[0.22684517 0.18311881],32,16,"[0.22214342499776796, 0.1812277944104208]",1,-1
32160,[0.24683139 0.26280899],32,7,"[0.2880919156697789, 0.2889500356712737]",1,-1
32161,[0.208237  0.1261757],32,16,"[0.22214342499776796, 0.1812277944104208]",1,-1
32162,[0.22850862 0.26966703],32,7,"[0.2880919156697789, 0.2889500356712737]",1,-1
32163,[0.21279124 0.26541941],32,21,"[0.16948094512787878, 0.2245031809320862]",1,32
32164,[0.20838882 0.20935606],32,16,"[0.22214342499776796, 0.1812277944104208]",1,31
32165,[0.22843896 0.30377905],32,15,"[0.188292755006214, 0.3253570325311902]",1,-1
32166,[0.20809001 0.16786235],32,16,"[0.22214342499776796, 0.1812277944104208]",1,-1
32167,[0.18399894 0.26247221],32,21,"[0.16948094512787878, 0.2245031809320862]",1,-1
32168,[0.25084673 0.26640055],32,7,"[0.2880919156697789, 0.2889500356712737]",1,-1
32169,[0.23255306 0.14226907],32,16,"[0.22214342499776796, 0.1812277944104208]",1,-1
32170,[0.160989   0.11087675],32,-1,-1,1,-1
32171,[0.25713014 0.19454094],32,16,"[0.22214342499776796, 0.1812277944104208]",1,-1
32172,[0.18125942 0.30210046],32,15,"[0.188292755006214, 0.3253570325311902]",1,-1
32173,[0.18869155 0.29037637],32,15,"[0.188292755006214, 0.3253570325311902]",1,-1
32174,[0.15289846 0.17803306],32,21,"[0.16948094512787878, 0.2245031809320862]",1,-1
32175,[0.04052531 0.24907909],32,-1,-1,-1,-1
32176,[0.20350513 0.22343585],32,21,"[0.16948094512787878, 0.2245031809320862]",1,-1
32177,[0.20535654 0.3365166 ],32,15,"[0.188292755006214, 0.3253570325311902]",1,-1
32178,[0.180986  0.2392058],32,21,"[0.16948094512787878, 0.2245031809320862]",1,-1
32179,[0.23133918 0.2240892 ],32,16,"[0.22214342499776796, 0.1812277944104208]",1,31
32180,[0.24862045 0.19176121],32,16,"[0.22214342499776796, 0.1812277944104208]",1,-1
32181,[0.22035723 0.22527144],32,16,"[0.22214342499776796, 0.1812277944104208]",1,31
32182,[0.19366938 0.21318108],32,21,"[0.16948094512787878, 0.2245031809320862]",1,-1
32183,[0.2590492  0.20947365],32,31,"[0.29817086118518243, 0.1888907481789387]",1,-1
32184,[0.21410543 0.19698706],32,16,"[0.22214342499776796, 0.1812277944104208]",1,31
32185,[0.11338135 0.2461075 ],32,21,"[0.16948094512787878, 0.2245031809320862]",1,-1
32186,[0.18933468 0.20765652],32,21,"[0.16948094512787878, 0.2245031809320862]",1,-1
32187,[0.21699576 0.2665381 ],32,21,"[0.16948094512787878, 0.2245031809320862]",1,-1
32188,[0.11462663 0.17445168],32,-1,-1,1,-1
32189,[0.1313558  0.23222077],32,21,"[0.16948094512787878, 0.2245031809320862]",1,-1
32190,[0.18453876 0.27085313],32,21,"[0.16948094512787878, 0.2245031809320862]",1,-1
32191,[0.28045237 0.23422722],32,31,"[0.29817086118518243, 0.1888907481789387]",1,-1
32192,[0.14794926 0.1352982 ],32,-1,-1,1,-1
32193,[0.2043667  0.23250413],32,21,"[0.16948094512787878, 0.2245031809320862]",1,-1
32194,[0.24117896 0.28257586],32,7,"[0.2880919156697789, 0.2889500356712737]",1,-1
32195,[0.20333578 0.18163402],32,16,"[0.22214342499776796, 0.1812277944104208]",1,-1
32196,[0.20223609 0.24057796],32,21,"[0.16948094512787878, 0.2245031809320862]",1,31
32197,[0.2255225  0.22022688],32,16,"[0.22214342499776796, 0.1812277944104208]",1,31
32198,[0.35439916 0.1753216 ],32,31,"[0.29817086118518243, 0.1888907481789387]",1,-1
32199,[0.24240611 0.16610651],32,16,"[0.22214342499776796, 0.1812277944104208]",1,-1
32200,[0.19825717 0.21471789],32,21,"[0.16948094512787878, 0.2245031809320862]",1,31
32201,[0.17383694 0.28993093],32,15,"[0.188292755006214, 0.3253570325311902]",1,-1
32202,[0.2133528  0.32107879],32,15,"[0.188292755006214, 0.3253570325311902]",1,-1
32203,[0.22284895 0.22339733],32,16,"[0.22214342499776796, 0.1812277944104208]",1,31
32204,[0.19438131 0.20052131],32,16,"[0.22214342499776796, 0.1812277944104208]",1,-1
32205,[0.24497481 0.25480017],32,7,"[0.2880919156697789, 0.2889500356712737]",1,-1
32206,[0.14493225 0.31803065],32,15,"[0.188292755006214, 0.3253570325311902]",1,-1
32207,[0.23637195 0.22643489],32,16,"[0.22214342499776796, 0.1812277944104208]",1,-1
32208,[0.15022373 0.24922317],32,21,"[0.16948094512787878, 0.2245031809320862]",1,-1
32209,[0.24278111 0.23820016],32,16,"[0.22214342499776796, 0.1812277944104208]",1,31
32210,[0.22261695 0.34163106],32,15,"[0.188292755006214, 0.3253570325311902]",1,-1
32211,[0.1850609  0.10760148],32,-1,-1,1,-1
32212,[0.20883586 0.2641616 ],32,21,"[0.16948094512787878, 0.2245031809320862]",1,32
32213,[0.20213174 0.21462048],32,21,"[0.16948094512787878, 0.2245031809320862]",1,31
32214,[0.17194666 0.25718532],32,21,"[0.16948094512787878, 0.2245031809320862]",1,-1
32215,[0.17806474 0.17631457],32,16,"[0.22214342499776796, 0.1812277944104208]",1,-1
32216,[0.29835893 0.25248308],32,7,"[0.2880919156697789, 0.2889500356712737]",1,-1
32217,[0.20324028 0.21506831],32,21,"[0.16948094512787878, 0.2245031809320862]",1,31
32218,[0.21222906 0.20698691],32,16,"[0.22214342499776796, 0.1812277944104208]",1,31
32219,[0.16583934 0.28585482],32,15,"[0.188292755006214, 0.3253570325311902]",1,-1
32220,[0.24614849 0.22623013],32,16,"[0.22214342499776796, 0.1812277944104208]",1,-1
32221,[0.18548837 0.25820119],32,21,"[0.16948094512787878, 0.2245031809320862]",1,-1
32222,[0.2962928 0.194884 ],32,31,"[0.29817086118518243, 0.1888907481789387]",1,-1
32223,[0.32073955 0.21533458],32,31,"[0.29817086118518243, 0.1888907481789387]",1,-1
32224,[0.22603326 0.24252787],32,21,"[0.16948094512787878, 0.2245031809320862]",1,31
32225,[0.25644941 0.23753595],32,7,"[0.2880919156697789, 0.2889500356712737]",1,28
32226,[0.19654477 0.21325806],32,21,"[0.16948094512787878, 0.2245031809320862]",1,31
32227,[0.20415698 0.2402336 ],32,21,"[0.16948094512787878, 0.2245031809320862]",1,31
32228,[0.16031141 0.27607141],32,21,"[0.16948094512787878, 0.2245031809320862]",1,-1
32229,[0.28882774 0.22759848],32,31,"[0.29817086118518243, 0.1888907481789387]",1,30
32230,[0.19321448 0.20995025],32,21,"[0.16948094512787878, 0.2245031809320862]",1,-1
32231,[0.18322356 0.25552374],32,21,"[0.16948094512787878, 0.2245031809320862]",1,-1
32232,[0.25678408 0.14464575],32,16,"[0.22214342499776796, 0.1812277944104208]",1,-1
32233,[0.22060669 0.30864742],32,15,"[0.188292755006214, 0.3253570325311902]",1,-1
32234,[0.28670314 0.16726979],32,31,"[0.29817086118518243, 0.1888907481789387]",1,-1
32235,[0.22813592 0.22401018],32,16,"[0.22214342499776796, 0.1812277944104208]",1,31
32236,[0.17063509 0.23649653],32,21,"[0.16948094512787878, 0.2245031809320862]",1,-1
32237,[0.12669037 0.26379004],32,21,"[0.16948094512787878, 0.2245031809320862]",1,-1
32238,[0.1980313  0.23905785],32,21,"[0.16948094512787878, 0.2245031809320862]",1,-1
32239,[0.09694193 0.14842859],32,-1,-1,1,-1
32240,[0.18321576 0.28144515],32,15,"[0.188292755006214, 0.3253570325311902]",1,-1
32241,[0.31048069 0.19321941],32,31,"[0.29817086118518243, 0.1888907481789387]",1,-1
32242,[0.25196333 0.18760153],32,16,"[0.22214342499776796, 0.1812277944104208]",1,22
32243,[0.20362466 0.23889003],32,21,"[0.16948094512787878, 0.2245031809320862]",1,31
32244,[0.21596351 0.22209332],32,16,"[0.22214342499776796, 0.1812277944104208]",1,31
32245,[0.17055325 0.23655586],32,21,"[0.16948094512787878, 0.2245031809320862]",1,-1
32246,[0.26340281 0.21748864],32,31,"[0.29817086118518243, 0.1888907481789387]",1,30
32247,[0.26528487 0.22319608],32,31,"[0.29817086118518243, 0.1888907481789387]",1,-1
32248,[0.26365179 0.25251949],32,7,"[0.2880919156697789, 0.2889500356712737]",1,-1
32249,[0.1705629  0.21522048],32,21,"[0.16948094512787878, 0.2245031809320862]",1,-1
32250,[0.24770581 0.21232307],32,16,"[0.22214342499776796, 0.1812277944104208]",1,-1
32251,[0.28002118 0.20677965],32,31,"[0.29817086118518243, 0.1888907481789387]",1,-1
32252,[0.28323059 0.16728841],32,31,"[0.29817086118518243, 0.1888907481789387]",1,-1
32253,[0.26731075 0.25581194],32,7,"[0.2880919156697789, 0.2889500356712737]",1,28
32254,[0.26006073 0.20254901],32,31,"[0.29817086118518243, 0.1888907481789387]",1,30
32255,[0.30273496 0.18491375],32,31,"[0.29817086118518243, 0.1888907481789387]",1,-1
32256,[0.23048106 0.23176315],32,16,"[0.22214342499776796, 0.1812277944104208]",1,31
32257,[0.24574773 0.11890744],32,16,"[0.22214342499776796, 0.1812277944104208]",1,-1
32258,[0.13520695 0.25787147],32,21,"[0.16948094512787878, 0.2245031809320862]",1,-1
32259,[0.21866132 0.26407111],32,21,"[0.16948094512787878, 0.2245031809320862]",1,-1
32260,[0.15523473 0.28332342],32,15,"[0.188292755006214, 0.3253570325311902]",1,-1
32261,[0.18311808 0.24322205],32,21,"[0.16948094512787878, 0.2245031809320862]",1,-1
32262,[0.13596035 0.31673557],32,15,"[0.188292755006214, 0.3253570325311902]",1,-1
32263,[0.24994206 0.28813223],32,7,"[0.2880919156697789, 0.2889500356712737]",1,25
32264,[0.20355315 0.33334559],32,15,"[0.188292755006214, 0.3253570325311902]",1,-1
32265,[0.29774922 0.27126624],32,7,"[0.2880919156697789, 0.2889500356712737]",1,-1
32266,[0.15284262 0.2302315 ],32,21,"[0.16948094512787878, 0.2245031809320862]",1,-1
32267,[0.17816183 0.22020174],32,21,"[0.16948094512787878, 0.2245031809320862]",1,-1
32268,[0.22220013 0.2025302 ],32,16,"[0.22214342499776796, 0.1812277944104208]",1,31
32269,[0.21325209 0.19964634],32,16,"[0.22214342499776796, 0.1812277944104208]",1,-1
32270,[0.28689039 0.23184589],32,31,"[0.29817086118518243, 0.1888907481789387]",1,-1
32271,[0.18418056 0.13841359],32,16,"[0.22214342499776796, 0.1812277944104208]",1,-1
32272,[0.18581801 0.17419737],32,16,"[0.22214342499776796, 0.1812277944104208]",1,-1
32273,[0.22576783 0.18504138],32,16,"[0.22214342499776796, 0.1812277944104208]",1,-1
32274,[0.16861692 0.2511349 ],32,21,"[0.16948094512787878, 0.2245031809320862]",1,-1
32275,[0.27592641 0.19852499],32,31,"[0.29817086118518243, 0.1888907481789387]",1,-1
32276,[0.20578326 0.28947406],32,15,"[0.188292755006214, 0.3253570325311902]",1,-1
32277,[0.23266735 0.36847595],32,0,"[0.2473875480073203, 0.39401489827781994]",1,-1
32278,[0.23734097 0.26416024],32,7,"[0.2880919156697789, 0.2889500356712737]",1,-1
32279,[0.18028226 0.25997379],32,21,"[0.16948094512787878, 0.2245031809320862]",1,-1
32280,[0.15477806 0.18329157],32,21,"[0.16948094512787878, 0.2245031809320862]",1,-1
32281,[0.32964947 0.23391104],32,31,"[0.29817086118518243, 0.1888907481789387]",1,-1
32282,[0.21805055 0.19905133],32,16,"[0.22214342499776796, 0.1812277944104208]",1,-1
32283,[0.22330554 0.33872796],32,15,"[0.188292755006214, 0.3253570325311902]",1,-1
32284,[0.19818275 0.2749623 ],32,15,"[0.188292755006214, 0.3253570325311902]",1,-1
32285,[0.21097438 0.17775838],32,16,"[0.22214342499776796, 0.1812277944104208]",1,-1
32286,[0.25698385 0.14009742],32,16,"[0.22214342499776796, 0.1812277944104208]",1,-1
32287,[0.23217551 0.14643864],32,16,"[0.22214342499776796, 0.1812277944104208]",1,-1
32288,[0.15555266 0.28544207],32,15,"[0.188292755006214, 0.3253570325311902]",1,-1
32289,[0.20705281 0.16719348],32,16,"[0.22214342499776796, 0.1812277944104208]",1,-1
32290,[0.17380177 0.25494029],32,21,"[0.16948094512787878, 0.2245031809320862]",1,-1
32291,[0.25060433 0.22440548],32,16,"[0.22214342499776796, 0.1812277944104208]",1,-1
32292,[0.20552827 0.23635888],32,21,"[0.16948094512787878, 0.2245031809320862]",1,-1
32293,[0.20004791 0.19498019],32,16,"[0.22214342499776796, 0.1812277944104208]",1,-1
32294,[0.16171494 0.21267111],32,21,"[0.16948094512787878, 0.2245031809320862]",1,-1
32295,[0.28794633 0.22750744],32,31,"[0.29817086118518243, 0.1888907481789387]",1,-1
32296,[0.07582089 0.16582141],32,-1,-1,-1,-1
32297,[0.22152775 0.20574462],32,16,"[0.22214342499776796, 0.1812277944104208]",1,-1
32298,[0.18789314 0.14609121],32,16,"[0.22214342499776796, 0.1812277944104208]",1,-1
32299,[0.1467496  0.19847131],32,21,"[0.16948094512787878, 0.2245031809320862]",1,-1
32300,[0.28379083 0.19747433],32,31,"[0.29817086118518243, 0.1888907481789387]",1,-1
32301,[0.24810304 0.27256305],32,7,"[0.2880919156697789, 0.2889500356712737]",1,-1
32302,[0.20289781 0.29709939],32,15,"[0.188292755006214, 0.3253570325311902]",1,-1
32303,[0.18819582 0.29822282],32,15,"[0.188292755006214, 0.3253570325311902]",1,-1
32304,[0.26489748 0.17381354],32,31,"[0.29817086118518243, 0.1888907481789387]",1,-1
32305,[0.17659007 0.22554126],32,21,"[0.16948094512787878, 0.2245031809320862]",1,-1
32306,[0.16929862 0.33763958],32,15,"[0.188292755006214, 0.3253570325311902]",1,-1
32307,[0.13298365 0.2393243 ],32,21,"[0.16948094512787878, 0.2245031809320862]",1,-1
32308,[0.22868356 0.16331875],32,16,"[0.22214342499776796, 0.1812277944104208]",1,-1
32309,[0.25566878 0.21008077],32,16,"[0.22214342499776796, 0.1812277944104208]",1,-1
32310,[0.23813181 0.23745398],32,16,"[0.22214342499776796, 0.1812277944104208]",1,-1
32311,[0.21084729 0.2460072 ],32,21,"[0.16948094512787878, 0.2245031809320862]",1,-1
32312,[0.32681988 0.32407882],32,1,"[0.33650952271243567, 0.3695039184549852]",1,-1
32313,[0.19562578 0.27767258],32,15,"[0.188292755006214, 0.3253570325311902]",1,-1
32314,[0.29222079 0.21990909],32,31,"[0.29817086118518243, 0.1888907481789387]",1,-1
32315,[0.18227501 0.24092208],32,21,"[0.16948094512787878, 0.2245031809320862]",1,-1
32316,[0.11754014 0.1901197 ],32,21,"[0.16948094512787878, 0.2245031809320862]",1,-1
32317,[0.19459708 0.24863953],32,21,"[0.16948094512787878, 0.2245031809320862]",1,-1
32318,[0.151145   0.29478046],32,15,"[0.188292755006214, 0.3253570325311902]",1,-1
32319,[0.19347695 0.30402717],32,15,"[0.188292755006214, 0.3253570325311902]",1,-1
32320,[0.18497158 0.36188847],32,15,"[0.188292755006214, 0.3253570325311902]",1,-1
32321,[0.14673032 0.327435  ],32,15,"[0.188292755006214, 0.3253570325311902]",1,-1
32322,[0.22929217 0.19761016],32,16,"[0.22214342499776796, 0.1812277944104208]",1,31
32323,[0.2220651  0.21184086],32,16,"[0.22214342499776796, 0.1812277944104208]",1,31
32324,[0.19029705 0.32952514],32,15,"[0.188292755006214, 0.3253570325311902]",1,-1
32325,[0.27310965 0.2130091 ],32,31,"[0.29817086118518243, 0.1888907481789387]",1,-1
32326,[0.17718074 0.20645899],32,21,"[0.16948094512787878, 0.2245031809320862]",1,-1
32327,[0.2585497  0.28800125],32,7,"[0.2880919156697789, 0.2889500356712737]",1,25
32328,[0.19047238 0.21240981],32,21,"[0.16948094512787878, 0.2245031809320862]",1,-1
32329,[0.24266911 0.21619623],32,16,"[0.22214342499776796, 0.1812277944104208]",1,-1
32330,[0.25367199 0.25467612],32,7,"[0.2880919156697789, 0.2889500356712737]",1,-1
32331,[0.20771099 0.31836321],32,15,"[0.188292755006214, 0.3253570325311902]",1,-1
32332,[0.27539727 0.22397753],32,31,"[0.29817086118518243, 0.1888907481789387]",1,30
32333,[0.16990126 0.17298825],32,21,"[0.16948094512787878, 0.2245031809320862]",1,-1
32334,[0.21229628 0.30235218],32,15,"[0.188292755006214, 0.3253570325311902]",1,-1
32335,[0.19994547 0.14588489],32,16,"[0.22214342499776796, 0.1812277944104208]",1,-1
32336,[0.1371004  0.19465974],32,21,"[0.16948094512787878, 0.2245031809320862]",1,-1
32337,[0.18296075 0.21154774],32,21,"[0.16948094512787878, 0.2245031809320862]",1,-1
32338,[0.26093958 0.24347588],32,7,"[0.2880919156697789, 0.2889500356712737]",1,28
32339,[0.22188331 0.15974736],32,16,"[0.22214342499776796, 0.1812277944104208]",1,-1
32340,[0.2240407  0.22483722],32,16,"[0.22214342499776796, 0.1812277944104208]",1,31
32341,[0.26639499 0.25049394],32,7,"[0.2880919156697789, 0.2889500356712737]",1,28
32342,[0.21340604 0.16425698],32,16,"[0.22214342499776796, 0.1812277944104208]",1,-1
32343,[0.17598087 0.2237826 ],32,21,"[0.16948094512787878, 0.2245031809320862]",1,-1
32344,[0.21617916 0.24616059],32,21,"[0.16948094512787878, 0.2245031809320862]",1,-1
32345,[0.14719565 0.22726851],32,21,"[0.16948094512787878, 0.2245031809320862]",1,-1
32346,[0.30045944 0.27825146],32,7,"[0.2880919156697789, 0.2889500356712737]",1,-1
32347,[0.13496089 0.3070724 ],32,15,"[0.188292755006214, 0.3253570325311902]",1,-1
32348,[0.16938111 0.2249748 ],32,21,"[0.16948094512787878, 0.2245031809320862]",1,-1
32349,[0.20120808 0.32842195],32,15,"[0.188292755006214, 0.3253570325311902]",1,-1
32350,[0.16534049 0.34855776],32,15,"[0.188292755006214, 0.3253570325311902]",1,-1
32351,[0.26959553 0.27204646],32,7,"[0.2880919156697789, 0.2889500356712737]",1,-1
32352,[0.23122762 0.20191484],32,16,"[0.22214342499776796, 0.1812277944104208]",1,31
32353,[0.20575997 0.32211483],32,15,"[0.188292755006214, 0.3253570325311902]",1,-1
32354,[0.22647732 0.19250787],32,16,"[0.22214342499776796, 0.1812277944104208]",1,-1
32355,[0.15154104 0.18475423],32,21,"[0.16948094512787878, 0.2245031809320862]",1,-1
32356,[0.17078172 0.13199473],32,-1,-1,1,-1
32357,[0.24907911 0.16723128],32,16,"[0.22214342499776796, 0.1812277944104208]",1,-1
32358,[0.1435062  0.32980028],32,15,"[0.188292755006214, 0.3253570325311902]",1,-1
32359,[0.17664952 0.16899515],32,16,"[0.22214342499776796, 0.1812277944104208]",1,-1
32360,[0.11510704 0.19048057],32,21,"[0.16948094512787878, 0.2245031809320862]",1,-1
32361,[0.16944743 0.23488296],32,21,"[0.16948094512787878, 0.2245031809320862]",1,-1
32362,[0.26246842 0.20279809],32,31,"[0.29817086118518243, 0.1888907481789387]",1,30
32363,[0.21021894 0.3041785 ],32,15,"[0.188292755006214, 0.3253570325311902]",1,-1
32364,[0.2671049  0.20945284],32,31,"[0.29817086118518243, 0.1888907481789387]",1,30
32365,[0.2062923  0.24371404],32,21,"[0.16948094512787878, 0.2245031809320862]",1,31
32366,[0.25496046 0.18069015],32,16,"[0.22214342499776796, 0.1812277944104208]",1,22
32367,[0.19481419 0.26468841],32,21,"[0.16948094512787878, 0.2245031809320862]",1,-1
32368,[0.24372008 0.24815618],32,7,"[0.2880919156697789, 0.2889500356712737]",1,-1
32369,[0.10947476 0.25743168],32,21,"[0.16948094512787878, 0.2245031809320862]",1,-1
32370,[0.13358355 0.24124121],32,21,"[0.16948094512787878, 0.2245031809320862]",1,-1
32371,[0.24675535 0.22777473],32,16,"[0.22214342499776796, 0.1812277944104208]",1,-1
32372,[0.19867551 0.27222793],32,15,"[0.188292755006214, 0.3253570325311902]",1,-1
32373,[0.20678937 0.23818648],32,21,"[0.16948094512787878, 0.2245031809320862]",1,31
32374,[0.2875978  0.31706416],32,7,"[0.2880919156697789, 0.2889500356712737]",1,27
32375,[0.23283072 0.30389015],32,15,"[0.188292755006214, 0.3253570325311902]",1,-1
32376,[0.22973933 0.17935653],32,16,"[0.22214342499776796, 0.1812277944104208]",1,-1
32377,[0.23555215 0.19962668],32,16,"[0.22214342499776796, 0.1812277944104208]",1,-1
32378,[0.23400198 0.23076743],32,16,"[0.22214342499776796, 0.1812277944104208]",1,31
32379,[0.17465042 0.27504317],32,21,"[0.16948094512787878, 0.2245031809320862]",1,-1
32380,[0.15095164 0.34535139],32,15,"[0.188292755006214, 0.3253570325311902]",1,-1
32381,[0.28771222 0.20027747],32,31,"[0.29817086118518243, 0.1888907481789387]",1,-1
32382,[0.24479864 0.25047118],32,7,"[0.2880919156697789, 0.2889500356712737]",1,-1
32383,[0.2514667  0.28526404],32,7,"[0.2880919156697789, 0.2889500356712737]",1,25
32384,[0.25917654 0.18750953],32,16,"[0.22214342499776796, 0.1812277944104208]",1,-1
32385,[0.15363164 0.30143767],32,15,"[0.188292755006214, 0.3253570325311902]",1,-1
32386,[0.30090106 0.22703334],32,31,"[0.29817086118518243, 0.1888907481789387]",1,-1
32387,[0.24066726 0.15441627],32,16,"[0.22214342499776796, 0.1812277944104208]",1,-1
32388,[0.20428676 0.33859123],32,15,"[0.188292755006214, 0.3253570325311902]",1,-1
32389,[0.2591969  0.22139907],32,31,"[0.29817086118518243, 0.1888907481789387]",1,-1
32390,[0.21628022 0.26510185],32,21,"[0.16948094512787878, 0.2245031809320862]",1,32
32391,[0.19494197 0.28471287],32,15,"[0.188292755006214, 0.3253570325311902]",1,-1
32392,[0.2282313  0.16532708],32,16,"[0.22214342499776796, 0.1812277944104208]",1,-1
32393,[0.293949   0.38188011],32,1,"[0.33650952271243567, 0.3695039184549852]",1,-1
32394,[0.20525552 0.24308727],32,21,"[0.16948094512787878, 0.2245031809320862]",1,31
32395,[0.18627161 0.16466314],32,16,"[0.22214342499776796, 0.1812277944104208]",1,-1
32396,[0.280144   0.15153886],32,31,"[0.29817086118518243, 0.1888907481789387]",1,-1
32397,[0.26620338 0.25701362],32,7,"[0.2880919156697789, 0.2889500356712737]",1,-1
32398,[0.21004769 0.20398837],32,16,"[0.22214342499776796, 0.1812277944104208]",1,31
32399,[0.26828415 0.179955  ],32,31,"[0.29817086118518243, 0.1888907481789387]",1,-1
32400,[0.19759192 0.30356516],32,15,"[0.188292755006214, 0.3253570325311902]",1,-1
32401,[0.26512736 0.19959754],32,31,"[0.29817086118518243, 0.1888907481789387]",1,30
32402,[0.25404706 0.13058319],32,16,"[0.22214342499776796, 0.1812277944104208]",1,-1
32403,[0.21022692 0.2207416 ],32,21,"[0.16948094512787878, 0.2245031809320862]",1,31
32404,[0.24983128 0.24158518],32,7,"[0.2880919156697789, 0.2889500356712737]",1,-1
32405,[0.11735418 0.19055831],32,21,"[0.16948094512787878, 0.2245031809320862]",1,-1
32406,[0.20340865 0.20439091],32,16,"[0.22214342499776796, 0.1812277944104208]",1,-1
32407,[0.24970307 0.24045468],32,7,"[0.2880919156697789, 0.2889500356712737]",1,-1
32408,[0.25577915 0.29366226],32,7,"[0.2880919156697789, 0.2889500356712737]",1,25
32409,[0.15068621 0.22435067],32,21,"[0.16948094512787878, 0.2245031809320862]",1,-1
32410,[0.1877952  0.29315004],32,15,"[0.188292755006214, 0.3253570325311902]",1,-1
32411,[0.17305898 0.20554691],32,21,"[0.16948094512787878, 0.2245031809320862]",1,-1
32412,[0.20930352 0.26469057],32,21,"[0.16948094512787878, 0.2245031809320862]",1,32
32413,[0.17791349 0.20513488],32,21,"[0.16948094512787878, 0.2245031809320862]",1,-1
32414,[0.29121915 0.22704639],32,31,"[0.29817086118518243, 0.1888907481789387]",1,-1
32415,[0.23081949 0.25119568],32,21,"[0.16948094512787878, 0.2245031809320862]",1,31
32416,[0.28765377 0.15590941],32,31,"[0.29817086118518243, 0.1888907481789387]",1,-1
32417,[0.26346199 0.28484945],32,7,"[0.2880919156697789, 0.2889500356712737]",1,25
32418,[0.1985199  0.21930928],32,21,"[0.16948094512787878, 0.2245031809320862]",1,31
32419,[0.23087917 0.2315757 ],32,16,"[0.22214342499776796, 0.1812277944104208]",1,31
32420,[0.24140403 0.22869412],32,16,"[0.22214342499776796, 0.1812277944104208]",1,31
32421,[0.25353411 0.18927794],32,16,"[0.22214342499776796, 0.1812277944104208]",1,-1
32422,[0.17876975 0.29553764],32,15,"[0.188292755006214, 0.3253570325311902]",1,-1
32423,[0.20480915 0.15617813],32,16,"[0.22214342499776796, 0.1812277944104208]",1,-1
32424,[0.24776845 0.22461957],32,16,"[0.22214342499776796, 0.1812277944104208]",1,31
32425,[0.18121153 0.30140954],32,15,"[0.188292755006214, 0.3253570325311902]",1,-1
32426,[0.24797061 0.21005821],32,16,"[0.22214342499776796, 0.1812277944104208]",1,-1
32427,[0.23040577 0.19762492],32,16,"[0.22214342499776796, 0.1812277944104208]",1,31
32428,[0.22601387 0.27237278],32,7,"[0.2880919156697789, 0.2889500356712737]",1,-1
32429,[0.21895052 0.26977968],32,15,"[0.188292755006214, 0.3253570325311902]",1,32
32430,[0.23610765 0.22284743],32,16,"[0.22214342499776796, 0.1812277944104208]",1,31
32431,[0.25118192 0.2423769 ],32,7,"[0.2880919156697789, 0.2889500356712737]",1,-1
32432,[0.19186799 0.18369656],32,16,"[0.22214342499776796, 0.1812277944104208]",1,-1
32433,[0.22332738 0.2886978 ],32,15,"[0.188292755006214, 0.3253570325311902]",1,-1
32434,[0.19907421 0.25538025],32,21,"[0.16948094512787878, 0.2245031809320862]",1,-1
32435,[0.24476494 0.21016177],32,16,"[0.22214342499776796, 0.1812277944104208]",1,31
32436,[0.28075217 0.30773733],32,7,"[0.2880919156697789, 0.2889500356712737]",1,-1
32437,[0.13038015 0.27717592],32,21,"[0.16948094512787878, 0.2245031809320862]",1,-1
32438,[0.3042831  0.23837001],32,31,"[0.29817086118518243, 0.1888907481789387]",1,-1
32439,[0.15643215 0.30793828],32,15,"[0.188292755006214, 0.3253570325311902]",1,-1
32440,[0.32124474 0.19136799],32,31,"[0.29817086118518243, 0.1888907481789387]",1,-1
32441,[0.19298243 0.24513673],32,21,"[0.16948094512787878, 0.2245031809320862]",1,-1
32442,[0.21090535 0.27334861],32,15,"[0.188292755006214, 0.3253570325311902]",1,-1
32443,[0.18411513 0.31271267],32,15,"[0.188292755006214, 0.3253570325311902]",1,-1
32444,[0.15580157 0.19660909],32,21,"[0.16948094512787878, 0.2245031809320862]",1,-1
32445,[0.22464132 0.26754897],32,7,"[0.2880919156697789, 0.2889500356712737]",1,-1
32446,[0.22984213 0.24179322],32,16,"[0.22214342499776796, 0.1812277944104208]",1,31
32447,[0.21610011 0.32974427],32,15,"[0.188292755006214, 0.3253570325311902]",1,-1
32448,[0.11984674 0.14407843],32,-1,-1,1,-1
32449,[0.16877463 0.2565166 ],32,21,"[0.16948094512787878, 0.2245031809320862]",1,-1
32450,[0.25244683 0.2003182 ],32,16,"[0.22214342499776796, 0.1812277944104208]",1,-1
32451,[0.09069205 0.24765044],32,-1,-1,1,-1
32452,[0.12594533 0.2296537 ],32,21,"[0.16948094512787878, 0.2245031809320862]",1,-1
32453,[0.18465481 0.24076872],32,21,"[0.16948094512787878, 0.2245031809320862]",1,-1
32454,[0.3132749 0.2387394],32,31,"[0.29817086118518243, 0.1888907481789387]",1,-1
32455,[0.23628929 0.28139173],32,7,"[0.2880919156697789, 0.2889500356712737]",1,-1
32456,[0.24111422 0.21525772],32,16,"[0.22214342499776796, 0.1812277944104208]",1,-1
32457,[0.21606336 0.21276265],32,16,"[0.22214342499776796, 0.1812277944104208]",1,31
32458,[0.18492201 0.17221169],32,16,"[0.22214342499776796, 0.1812277944104208]",1,-1
32459,[0.2482743  0.19850085],32,16,"[0.22214342499776796, 0.1812277944104208]",1,-1
32460,[0.19444478 0.16163782],32,16,"[0.22214342499776796, 0.1812277944104208]",1,-1
32461,[0.2257271  0.26426714],32,7,"[0.2880919156697789, 0.2889500356712737]",1,-1
32462,[0.19807727 0.20070381],32,16,"[0.22214342499776796, 0.1812277944104208]",1,-1
32463,[0.25685713 0.22861134],32,31,"[0.29817086118518243, 0.1888907481789387]",1,-1
32464,[0.15765687 0.28212966],32,15,"[0.188292755006214, 0.3253570325311902]",1,-1
32465,[0.24916511 0.25737326],32,7,"[0.2880919156697789, 0.2889500356712737]",1,-1
32466,[0.17783872 0.20022047],32,21,"[0.16948094512787878, 0.2245031809320862]",1,-1
32467,[0.22653816 0.2125773 ],32,16,"[0.22214342499776796, 0.1812277944104208]",1,-1
32468,[0.26948364 0.24940517],32,7,"[0.2880919156697789, 0.2889500356712737]",1,-1
32469,[0.16495964 0.26067915],32,21,"[0.16948094512787878, 0.2245031809320862]",1,-1
32470,[0.21519179 0.19186892],32,16,"[0.22214342499776796, 0.1812277944104208]",1,-1
32471,[0.34868139 0.17632073],32,31,"[0.29817086118518243, 0.1888907481789387]",1,-1
32472,[0.18454581 0.22007191],32,21,"[0.16948094512787878, 0.2245031809320862]",1,-1
32473,[0.25680601 0.24324704],32,7,"[0.2880919156697789, 0.2889500356712737]",1,28
32474,[0.17501955 0.22987624],32,21,"[0.16948094512787878, 0.2245031809320862]",1,-1
32475,[0.21200778 0.1666679 ],32,16,"[0.22214342499776796, 0.1812277944104208]",1,-1
32476,[0.2672185  0.26482918],32,7,"[0.2880919156697789, 0.2889500356712737]",1,-1
32477,[0.2296841  0.33303728],32,15,"[0.188292755006214, 0.3253570325311902]",1,-1
32478,[0.1873687  0.18921647],32,16,"[0.22214342499776796, 0.1812277944104208]",1,-1
32479,[0.22984272 0.21807879],32,16,"[0.22214342499776796, 0.1812277944104208]",1,-1
32480,[0.23473056 0.20087619],32,16,"[0.22214342499776796, 0.1812277944104208]",1,-1
32481,[0.2310102  0.26182514],32,7,"[0.2880919156697789, 0.2889500356712737]",1,-1
32482,[0.12273741 0.22744206],32,21,"[0.16948094512787878, 0.2245031809320862]",1,-1
32483,[0.17628967 0.32114324],32,15,"[0.188292755006214, 0.3253570325311902]",1,-1
32484,[0.19148161 0.27279345],32,15,"[0.188292755006214, 0.3253570325311902]",1,-1
32485,[0.26258005 0.2165589 ],32,31,"[0.29817086118518243, 0.1888907481789387]",1,30
32486,[0.21248599 0.21233255],32,16,"[0.22214342499776796, 0.1812277944104208]",1,31
32487,[0.16320115 0.2233204 ],32,21,"[0.16948094512787878, 0.2245031809320862]",1,-1
32488,[0.31681715 0.27238894],32,7,"[0.2880919156697789, 0.2889500356712737]",1,-1
32489,[0.19830541 0.26200127],32,21,"[0.16948094512787878, 0.2245031809320862]",1,32
32490,[0.18994815 0.23355025],32,21,"[0.16948094512787878, 0.2245031809320862]",1,-1
32491,[0.16130102 0.23099684],32,21,"[0.16948094512787878, 0.2245031809320862]",1,-1
32492,[0.2646468  0.24154256],32,7,"[0.2880919156697789, 0.2889500356712737]",1,28
32493,[0.19868742 0.19126998],32,16,"[0.22214342499776796, 0.1812277944104208]",1,-1
32494,[0.24519242 0.14888052],32,16,"[0.22214342499776796, 0.1812277944104208]",1,-1
32495,[0.17387259 0.22366921],32,21,"[0.16948094512787878, 0.2245031809320862]",1,-1
32496,[0.15142138 0.35164865],32,15,"[0.188292755006214, 0.3253570325311902]",1,-1
32497,[0.15838967 0.1944661 ],32,21,"[0.16948094512787878, 0.2245031809320862]",1,-1
32498,[0.18502444 0.28242382],32,15,"[0.188292755006214, 0.3253570325311902]",1,-1
32499,[0.19983909 0.26057229],32,21,"[0.16948094512787878, 0.2245031809320862]",1,32
32500,[0.21349096 0.22492201],32,21,"[0.16948094512787878, 0.2245031809320862]",1,-1
32501,[0.18020774 0.25401398],32,21,"[0.16948094512787878, 0.2245031809320862]",1,-1
32502,[0.14312949 0.18375524],32,21,"[0.16948094512787878, 0.2245031809320862]",1,-1
32503,[0.16618174 0.18554417],32,21,"[0.16948094512787878, 0.2245031809320862]",1,-1
32504,[0.21749063 0.27595993],32,15,"[0.188292755006214, 0.3253570325311902]",1,-1
32505,[0.26157986 0.22221909],32,31,"[0.29817086118518243, 0.1888907481789387]",1,-1
32506,[0.21579045 0.26584319],32,21,"[0.16948094512787878, 0.2245031809320862]",1,32
32507,[0.20343827 0.26463056],32,21,"[0.16948094512787878, 0.2245031809320862]",1,32
32508,[0.15760873 0.28604703],32,15,"[0.188292755006214, 0.3253570325311902]",1,-1
32509,[0.2120028  0.26544898],32,21,"[0.16948094512787878, 0.2245031809320862]",1,32
32510,[0.25572766 0.21205235],32,16,"[0.22214342499776796, 0.1812277944104208]",1,-1
32511,[0.18365402 0.15763415],32,16,"[0.22214342499776796, 0.1812277944104208]",1,-1
32512,[0.19704813 0.2420365 ],32,21,"[0.16948094512787878, 0.2245031809320862]",1,-1
32513,[0.19023523 0.23916891],32,21,"[0.16948094512787878, 0.2245031809320862]",1,-1
32514,[0.17139626 0.19490175],32,21,"[0.16948094512787878, 0.2245031809320862]",1,-1
32515,[0.19246322 0.28888525],32,15,"[0.188292755006214, 0.3253570325311902]",1,-1
32516,[0.22401409 0.12701993],32,16,"[0.22214342499776796, 0.1812277944104208]",1,-1
32517,[0.15859682 0.25306296],32,21,"[0.16948094512787878, 0.2245031809320862]",1,-1
32518,[0.22433928 0.24531655],32,21,"[0.16948094512787878, 0.2245031809320862]",1,31
32519,[0.09610781 0.31509884],32,-1,-1,-1,-1
32520,[0.26342224 0.14345477],32,16,"[0.22214342499776796, 0.1812277944104208]",1,-1
32521,[0.16344052 0.27986963],32,15,"[0.188292755006214, 0.3253570325311902]",1,-1
32522,[0.21014326 0.27274433],32,15,"[0.188292755006214, 0.3253570325311902]",1,-1
32523,[0.24661892 0.20714497],32,16,"[0.22214342499776796, 0.1812277944104208]",1,-1
32524,[0.28065508 0.16980437],32,31,"[0.29817086118518243, 0.1888907481789387]",1,-1
32525,[0.13747525 0.21839222],32,21,"[0.16948094512787878, 0.2245031809320862]",1,-1
32526,[0.17362497 0.2592814 ],32,21,"[0.16948094512787878, 0.2245031809320862]",1,-1
32527,[0.22550733 0.27053313],32,7,"[0.2880919156697789, 0.2889500356712737]",1,-1
32528,[0.26031122 0.20464386],32,31,"[0.29817086118518243, 0.1888907481789387]",1,30
32529,[0.14483734 0.14338447],32,-1,-1,1,-1
32530,[0.25024817 0.20694306],32,16,"[0.22214342499776796, 0.1812277944104208]",1,31
32531,[0.22016469 0.210951  ],32,16,"[0.22214342499776796, 0.1812277944104208]",1,31
32532,[0.18454031 0.22971971],32,21,"[0.16948094512787878, 0.2245031809320862]",1,-1
32533,[0.15326964 0.20747343],32,21,"[0.16948094512787878, 0.2245031809320862]",1,-1
32534,[0.22351026 0.22900757],32,16,"[0.22214342499776796, 0.1812277944104208]",1,31
32535,[0.28337    0.19076975],32,31,"[0.29817086118518243, 0.1888907481789387]",1,-1
32536,[0.13829034 0.16826991],32,21,"[0.16948094512787878, 0.2245031809320862]",1,-1
32537,[0.23440222 0.24698228],32,16,"[0.22214342499776796, 0.1812277944104208]",1,-1
32538,[0.20331915 0.21229524],32,21,"[0.16948094512787878, 0.2245031809320862]",1,31
32539,[0.21946137 0.20817079],32,16,"[0.22214342499776796, 0.1812277944104208]",1,31
32540,[0.20361644 0.25489534],32,21,"[0.16948094512787878, 0.2245031809320862]",1,-1
32541,[0.24284199 0.25222495],32,7,"[0.2880919156697789, 0.2889500356712737]",1,-1
32542,[0.1782658  0.24044648],32,21,"[0.16948094512787878, 0.2245031809320862]",1,-1
32543,[0.26617837 0.15937205],32,31,"[0.29817086118518243, 0.1888907481789387]",1,-1
32544,[0.16623519 0.17779379],32,21,"[0.16948094512787878, 0.2245031809320862]",1,-1
32545,[0.27428661 0.29876744],32,7,"[0.2880919156697789, 0.2889500356712737]",1,-1
32546,[0.28526404 0.29617667],32,7,"[0.2880919156697789, 0.2889500356712737]",1,-1
32547,[0.25201139 0.23004322],32,16,"[0.22214342499776796, 0.1812277944104208]",1,-1
32548,[0.27315036 0.13722312],32,31,"[0.29817086118518243, 0.1888907481789387]",1,-1
32549,[0.2124707  0.21024839],32,16,"[0.22214342499776796, 0.1812277944104208]",1,31
32550,[0.27018866 0.30728107],32,7,"[0.2880919156697789, 0.2889500356712737]",1,25
32551,[0.10293956 0.21722012],32,21,"[0.16948094512787878, 0.2245031809320862]",1,-1
32552,[0.21756889 0.18704148],32,16,"[0.22214342499776796, 0.1812277944104208]",1,-1
32553,[0.24615533 0.22927212],32,16,"[0.22214342499776796, 0.1812277944104208]",1,-1
32554,[0.17228084 0.16474197],32,16,"[0.22214342499776796, 0.1812277944104208]",1,-1
32555,[0.22633398 0.24557196],32,21,"[0.16948094512787878, 0.2245031809320862]",1,31
32556,[0.31786801 0.28197246],32,7,"[0.2880919156697789, 0.2889500356712737]",1,-1
32557,[0.13465864 0.24611983],32,21,"[0.16948094512787878, 0.2245031809320862]",1,-1
32558,[0.20768589 0.24646515],32,21,"[0.16948094512787878, 0.2245031809320862]",1,31
32559,[0.24046566 0.22826442],32,16,"[0.22214342499776796, 0.1812277944104208]",1,31
32560,[0.25341457 0.17702572],32,16,"[0.22214342499776796, 0.1812277944104208]",1,-1
32561,[0.23726985 0.21799532],32,16,"[0.22214342499776796, 0.1812277944104208]",1,-1
32562,[0.26003491 0.21253342],32,31,"[0.29817086118518243, 0.1888907481789387]",1,-1
32563,[0.18818729 0.25658357],32,21,"[0.16948094512787878, 0.2245031809320862]",1,-1
32564,[0.24729791 0.18544983],32,16,"[0.22214342499776796, 0.1812277944104208]",1,22
32565,[0.22430257 0.25351055],32,21,"[0.16948094512787878, 0.2245031809320862]",1,31
32566,[0.14391829 0.13199615],32,-1,-1,1,-1
32567,[0.2019652  0.26667742],32,21,"[0.16948094512787878, 0.2245031809320862]",1,32
32568,[0.15347775 0.14492987],32,-1,-1,1,-1
32569,[0.24214254 0.28505086],32,7,"[0.2880919156697789, 0.2889500356712737]",1,-1
32570,[0.19585782 0.11907162],32,16,"[0.22214342499776796, 0.1812277944104208]",1,-1
32571,[0.16673749 0.30320994],32,15,"[0.188292755006214, 0.3253570325311902]",1,-1
32572,[0.18652325 0.23139136],32,21,"[0.16948094512787878, 0.2245031809320862]",1,-1
32573,[0.16349133 0.29291328],32,15,"[0.188292755006214, 0.3253570325311902]",1,-1
32574,[0.23361939 0.25210383],32,7,"[0.2880919156697789, 0.2889500356712737]",1,-1
32575,[0.16596939 0.25212867],32,21,"[0.16948094512787878, 0.2245031809320862]",1,-1
32576,[0.25144547 0.13083417],32,16,"[0.22214342499776796, 0.1812277944104208]",1,-1
32577,[0.1604278  0.16328936],32,21,"[0.16948094512787878, 0.2245031809320862]",1,-1
32578,[0.23797505 0.19393917],32,16,"[0.22214342499776796, 0.1812277944104208]",1,-1
32579,[0.21383468 0.16592622],32,16,"[0.22214342499776796, 0.1812277944104208]",1,-1
32580,[0.17986026 0.21739213],32,21,"[0.16948094512787878, 0.2245031809320862]",1,-1
32581,[0.19481597 0.28073551],32,15,"[0.188292755006214, 0.3253570325311902]",1,-1
32582,[0.28060595 0.16699442],32,31,"[0.29817086118518243, 0.1888907481789387]",1,-1
32583,[0.28256507 0.22706028],32,31,"[0.29817086118518243, 0.1888907481789387]",1,30
32584,[0.21523838 0.15860964],32,16,"[0.22214342499776796, 0.1812277944104208]",1,-1
32585,[0.17405281 0.24774545],32,21,"[0.16948094512787878, 0.2245031809320862]",1,-1
32586,[0.26305199 0.20462523],32,31,"[0.29817086118518243, 0.1888907481789387]",1,30
32587,[0.16066657 0.17735344],32,21,"[0.16948094512787878, 0.2245031809320862]",1,-1
32588,[0.30181377 0.19903475],32,31,"[0.29817086118518243, 0.1888907481789387]",1,-1
32589,[0.32180482 0.23104074],32,31,"[0.29817086118518243, 0.1888907481789387]",1,-1
32590,[0.12429349 0.27599685],32,21,"[0.16948094512787878, 0.2245031809320862]",1,-1
32591,[0.11560436 0.21666791],32,21,"[0.16948094512787878, 0.2245031809320862]",1,-1
32592,[0.22097507 0.29019109],32,15,"[0.188292755006214, 0.3253570325311902]",1,-1
32593,[0.2517623  0.23856519],32,7,"[0.2880919156697789, 0.2889500356712737]",1,-1
32594,[0.17043396 0.19338008],32,21,"[0.16948094512787878, 0.2245031809320862]",1,-1
32595,[0.1834605  0.14425006],32,16,"[0.22214342499776796, 0.1812277944104208]",1,-1
32596,[0.18892296 0.2312365 ],32,21,"[0.16948094512787878, 0.2245031809320862]",1,-1
32597,[0.16313596 0.24452817],32,21,"[0.16948094512787878, 0.2245031809320862]",1,-1
32598,[0.2192987  0.22719983],32,16,"[0.22214342499776796, 0.1812277944104208]",1,31
32599,[0.24344765 0.12720452],32,16,"[0.22214342499776796, 0.1812277944104208]",1,-1
32600,[0.17940657 0.30602471],32,15,"[0.188292755006214, 0.3253570325311902]",1,-1
32601,[0.24573285 0.27346043],32,7,"[0.2880919156697789, 0.2889500356712737]",1,-1
32602,[0.26175155 0.18363718],32,31,"[0.29817086118518243, 0.1888907481789387]",1,-1
32603,[0.32936894 0.25430117],32,7,"[0.2880919156697789, 0.2889500356712737]",1,-1
32604,[0.20845217 0.25610616],32,21,"[0.16948094512787878, 0.2245031809320862]",1,-1
32605,[0.31386165 0.30870664],32,7,"[0.2880919156697789, 0.2889500356712737]",1,-1
32606,[0.20206783 0.1281218 ],32,16,"[0.22214342499776796, 0.1812277944104208]",1,-1
32607,[0.20668817 0.2046934 ],32,16,"[0.22214342499776796, 0.1812277944104208]",1,-1
32608,[0.31023763 0.23966237],32,31,"[0.29817086118518243, 0.1888907481789387]",1,-1
32609,[0.15937456 0.22135071],32,21,"[0.16948094512787878, 0.2245031809320862]",1,-1
32610,[0.13942675 0.33091246],32,15,"[0.188292755006214, 0.3253570325311902]",1,-1
32611,[0.22100451 0.22993859],32,16,"[0.22214342499776796, 0.1812277944104208]",1,31
32612,[0.34418572 0.2013415 ],32,31,"[0.29817086118518243, 0.1888907481789387]",1,-1
32613,[0.17562549 0.24103309],32,21,"[0.16948094512787878, 0.2245031809320862]",1,-1
32614,[0.15465967 0.32951325],32,15,"[0.188292755006214, 0.3253570325311902]",1,-1
32615,[0.26002626 0.25128777],32,7,"[0.2880919156697789, 0.2889500356712737]",1,-1
32616,[0.14212379 0.29452681],32,15,"[0.188292755006214, 0.3253570325311902]",1,-1
32617,[0.16884754 0.26244363],32,21,"[0.16948094512787878, 0.2245031809320862]",1,-1
32618,[0.13201415 0.29867379],32,15,"[0.188292755006214, 0.3253570325311902]",1,-1
32619,[0.19552418 0.29050847],32,15,"[0.188292755006214, 0.3253570325311902]",1,-1
32620,[0.22508794 0.242392  ],32,21,"[0.16948094512787878, 0.2245031809320862]",1,31
32621,[0.07285744 0.3888145 ],32,-1,-1,-1,-1
32622,[0.24939067 0.24436841],32,7,"[0.2880919156697789, 0.2889500356712737]",1,-1
32623,[0.15835253 0.19389783],32,21,"[0.16948094512787878, 0.2245031809320862]",1,-1
32624,[0.22598086 0.07780037],32,-1,-1,1,-1
32625,[0.24200376 0.24705043],32,7,"[0.2880919156697789, 0.2889500356712737]",1,-1
32626,[0.19705292 0.21492397],32,21,"[0.16948094512787878, 0.2245031809320862]",1,31
32627,[0.2251453  0.23119804],32,16,"[0.22214342499776796, 0.1812277944104208]",1,31
32628,[0.22203744 0.17087073],32,16,"[0.22214342499776796, 0.1812277944104208]",1,-1
32629,[0.20906486 0.24169275],32,21,"[0.16948094512787878, 0.2245031809320862]",1,31
32630,[0.20782684 0.35881403],32,15,"[0.188292755006214, 0.3253570325311902]",1,-1
32631,[0.12803846 0.25921635],32,21,"[0.16948094512787878, 0.2245031809320862]",1,-1
32632,[0.14843446 0.23722205],32,21,"[0.16948094512787878, 0.2245031809320862]",1,-1
32633,[0.24401367 0.2409295 ],32,16,"[0.22214342499776796, 0.1812277944104208]",1,-1
32634,[0.28158523 0.36755257],32,0,"[0.2473875480073203, 0.39401489827781994]",1,-1
32635,[0.23590859 0.32737197],32,15,"[0.188292755006214, 0.3253570325311902]",1,-1
32636,[0.21364793 0.27437608],32,15,"[0.188292755006214, 0.3253570325311902]",1,-1
32637,[0.30729612 0.12865488],32,31,"[0.29817086118518243, 0.1888907481789387]",1,-1
32638,[0.15220626 0.20474136],32,21,"[0.16948094512787878, 0.2245031809320862]",1,-1
32639,[0.11207649 0.22807032],32,21,"[0.16948094512787878, 0.2245031809320862]",1,-1
32640,[0.19908572 0.19999327],32,16,"[0.22214342499776796, 0.1812277944104208]",1,-1
32641,[0.23069774 0.22420669],32,16,"[0.22214342499776796, 0.1812277944104208]",1,31
32642,[0.15126994 0.18450416],32,21,"[0.16948094512787878, 0.2245031809320862]",1,-1
32643,[0.24750792 0.26328232],32,7,"[0.2880919156697789, 0.2889500356712737]",1,-1
32644,[0.0958014  0.26912065],32,-1,-1,1,-1
32645,[0.24126565 0.25043422],32,7,"[0.2880919156697789, 0.2889500356712737]",1,-1
32646,[0.20103496 0.28611082],32,15,"[0.188292755006214, 0.3253570325311902]",1,-1
32647,[0.24611503 0.21651533],32,16,"[0.22214342499776796, 0.1812277944104208]",1,31
32648,[0.21638109 0.23603844],32,21,"[0.16948094512787878, 0.2245031809320862]",1,-1
32649,[0.2682646  0.19201392],32,31,"[0.29817086118518243, 0.1888907481789387]",1,-1
32650,[0.23630416 0.27473438],32,7,"[0.2880919156697789, 0.2889500356712737]",1,-1
32651,[0.1944294  0.19763368],32,16,"[0.22214342499776796, 0.1812277944104208]",1,-1
32652,[0.22164195 0.21230274],32,16,"[0.22214342499776796, 0.1812277944104208]",1,-1
32653,[0.2446545  0.17726838],32,16,"[0.22214342499776796, 0.1812277944104208]",1,-1
32654,[0.16992121 0.20820675],32,21,"[0.16948094512787878, 0.2245031809320862]",1,-1
32655,[0.17092849 0.25998197],32,21,"[0.16948094512787878, 0.2245031809320862]",1,-1
32656,[0.21525088 0.22539247],32,16,"[0.22214342499776796, 0.1812277944104208]",1,-1
32657,[0.22499592 0.23081597],32,16,"[0.22214342499776796, 0.1812277944104208]",1,31
32658,[0.19209844 0.226572  ],32,21,"[0.16948094512787878, 0.2245031809320862]",1,-1
32659,[0.19634928 0.22920998],32,21,"[0.16948094512787878, 0.2245031809320862]",1,-1
32660,[0.18599486 0.24446963],32,21,"[0.16948094512787878, 0.2245031809320862]",1,-1
32661,[0.17803228 0.23015265],32,21,"[0.16948094512787878, 0.2245031809320862]",1,-1
32662,[0.29081575 0.20638078],32,31,"[0.29817086118518243, 0.1888907481789387]",1,-1
32663,[0.2899527  0.18022955],32,31,"[0.29817086118518243, 0.1888907481789387]",1,-1
32664,[0.24609273 0.20202684],32,16,"[0.22214342499776796, 0.1812277944104208]",1,-1
32665,[0.23314712 0.28906582],32,7,"[0.2880919156697789, 0.2889500356712737]",1,-1
32666,[0.15685588 0.15667868],32,21,"[0.16948094512787878, 0.2245031809320862]",1,-1
32667,[0.18575053 0.23197979],32,21,"[0.16948094512787878, 0.2245031809320862]",1,-1
32668,[0.22508757 0.24844893],32,21,"[0.16948094512787878, 0.2245031809320862]",1,31
32669,[0.25285885 0.17322845],32,16,"[0.22214342499776796, 0.1812277944104208]",1,-1
32670,[0.22243266 0.20572329],32,16,"[0.22214342499776796, 0.1812277944104208]",1,-1
32671,[0.19713424 0.29196362],32,15,"[0.188292755006214, 0.3253570325311902]",1,-1
32672,[0.19094156 0.25345332],32,21,"[0.16948094512787878, 0.2245031809320862]",1,-1
32673,[0.20447853 0.28629317],32,15,"[0.188292755006214, 0.3253570325311902]",1,-1
32674,[0.23109749 0.18248842],32,16,"[0.22214342499776796, 0.1812277944104208]",1,-1
32675,[0.11259801 0.23426635],32,21,"[0.16948094512787878, 0.2245031809320862]",1,-1
32676,[0.21452451 0.160768  ],32,16,"[0.22214342499776796, 0.1812277944104208]",1,-1
32677,[0.28579096 0.28257466],32,7,"[0.2880919156697789, 0.2889500356712737]",1,-1
32678,[0.21846375 0.31138945],32,15,"[0.188292755006214, 0.3253570325311902]",1,-1
32679,[0.12580922 0.30574081],32,15,"[0.188292755006214, 0.3253570325311902]",1,-1
32680,[0.28129847 0.26501646],32,7,"[0.2880919156697789, 0.2889500356712737]",1,-1
32681,[0.15873954 0.18995838],32,21,"[0.16948094512787878, 0.2245031809320862]",1,-1
32682,[0.23374474 0.27947462],32,7,"[0.2880919156697789, 0.2889500356712737]",1,-1
32683,[0.25647875 0.20646754],32,16,"[0.22214342499776796, 0.1812277944104208]",1,30
32684,[0.22792633 0.2273201 ],32,16,"[0.22214342499776796, 0.1812277944104208]",1,31
32685,[0.13721459 0.30102318],32,15,"[0.188292755006214, 0.3253570325311902]",1,-1
32686,[0.27124323 0.21352924],32,31,"[0.29817086118518243, 0.1888907481789387]",1,-1
32687,[0.20041071 0.24333372],32,21,"[0.16948094512787878, 0.2245031809320862]",1,-1
32688,[0.21399382 0.27615196],32,15,"[0.188292755006214, 0.3253570325311902]",1,-1
32689,[0.28132355 0.24266536],32,7,"[0.2880919156697789, 0.2889500356712737]",1,-1
32690,[0.13387178 0.18711609],32,21,"[0.16948094512787878, 0.2245031809320862]",1,-1
32691,[0.23879529 0.16294441],32,16,"[0.22214342499776796, 0.1812277944104208]",1,-1
32692,[0.21399296 0.26561195],32,21,"[0.16948094512787878, 0.2245031809320862]",1,32
32693,[0.22698504 0.18622481],32,16,"[0.22214342499776796, 0.1812277944104208]",1,-1
32694,[0.16696586 0.22312627],32,21,"[0.16948094512787878, 0.2245031809320862]",1,-1
32695,[0.29565046 0.15594918],32,31,"[0.29817086118518243, 0.1888907481789387]",1,-1
32696,[0.1818696 0.2099627],32,21,"[0.16948094512787878, 0.2245031809320862]",1,-1
32697,[0.28497904 0.2256384 ],32,31,"[0.29817086118518243, 0.1888907481789387]",1,-1
32698,[0.19245917 0.31336822],32,15,"[0.188292755006214, 0.3253570325311902]",1,-1
32699,[0.27628838 0.21883747],32,31,"[0.29817086118518243, 0.1888907481789387]",1,-1
32700,[0.14733596 0.25665957],32,21,"[0.16948094512787878, 0.2245031809320862]",1,-1
32701,[0.1955222  0.16994045],32,16,"[0.22214342499776796, 0.1812277944104208]",1,-1
32702,[0.24664442 0.18039565],32,16,"[0.22214342499776796, 0.1812277944104208]",1,22
32703,[0.17683358 0.27560355],32,15,"[0.188292755006214, 0.3253570325311902]",1,-1
32704,[0.21750569 0.21875689],32,16,"[0.22214342499776796, 0.1812277944104208]",1,31
32705,[0.24630294 0.17995169],32,16,"[0.22214342499776796, 0.1812277944104208]",1,22
32706,[0.28400615 0.19459029],32,31,"[0.29817086118518243, 0.1888907481789387]",1,-1
32707,[0.29850475 0.13401194],32,31,"[0.29817086118518243, 0.1888907481789387]",1,-1
32708,[0.31831534 0.17138404],32,31,"[0.29817086118518243, 0.1888907481789387]",1,-1
32709,[0.23850776 0.15931307],32,16,"[0.22214342499776796, 0.1812277944104208]",1,-1
32710,[0.22826248 0.16199941],32,16,"[0.22214342499776796, 0.1812277944104208]",1,-1
32711,[0.19421263 0.23487369],32,21,"[0.16948094512787878, 0.2245031809320862]",1,-1
32712,[0.18324732 0.20122805],32,21,"[0.16948094512787878, 0.2245031809320862]",1,-1
32713,[0.19388651 0.20983619],32,21,"[0.16948094512787878, 0.2245031809320862]",1,-1
32714,[0.18513096 0.14567153],32,16,"[0.22214342499776796, 0.1812277944104208]",1,-1
32715,[0.23203669 0.24437786],32,16,"[0.22214342499776796, 0.1812277944104208]",1,-1
32716,[0.21628491 0.17330768],32,16,"[0.22214342499776796, 0.1812277944104208]",1,-1
32717,[0.32815621 0.23918358],32,31,"[0.29817086118518243, 0.1888907481789387]",1,-1
32718,[0.17719856 0.22044487],32,21,"[0.16948094512787878, 0.2245031809320862]",1,-1
32719,[0.19965107 0.14958476],32,16,"[0.22214342499776796, 0.1812277944104208]",1,-1
32720,[0.16246208 0.23952556],32,21,"[0.16948094512787878, 0.2245031809320862]",1,-1
32721,[0.22323573 0.1690857 ],32,16,"[0.22214342499776796, 0.1812277944104208]",1,-1
32722,[0.18711825 0.22890806],32,21,"[0.16948094512787878, 0.2245031809320862]",1,-1
32723,[0.20035255 0.287087  ],32,15,"[0.188292755006214, 0.3253570325311902]",1,-1
32724,[0.17690872 0.18339324],32,21,"[0.16948094512787878, 0.2245031809320862]",1,-1
32725,[0.20593063 0.20333654],32,16,"[0.22214342499776796, 0.1812277944104208]",1,-1
32726,[0.2258712  0.27762253],32,15,"[0.188292755006214, 0.3253570325311902]",1,-1
32727,[0.1784615  0.10082174],32,-1,-1,1,-1
32728,[0.18302329 0.15920302],32,16,"[0.22214342499776796, 0.1812277944104208]",1,-1
32729,[0.25730006 0.13660278],32,16,"[0.22214342499776796, 0.1812277944104208]",1,-1
32730,[0.23483687 0.1469312 ],32,16,"[0.22214342499776796, 0.1812277944104208]",1,-1
32731,[0.25409539 0.28725135],32,7,"[0.2880919156697789, 0.2889500356712737]",1,25
32732,[0.25354412 0.18018725],32,16,"[0.22214342499776796, 0.1812277944104208]",1,22
32733,[0.29864852 0.2376417 ],32,31,"[0.29817086118518243, 0.1888907481789387]",1,-1
32734,[0.27849627 0.20394056],32,31,"[0.29817086118518243, 0.1888907481789387]",1,-1
32735,[0.21734345 0.21858326],32,16,"[0.22214342499776796, 0.1812277944104208]",1,31
32736,[0.20281278 0.29048843],32,15,"[0.188292755006214, 0.3253570325311902]",1,-1
32737,[0.19420221 0.19572058],32,16,"[0.22214342499776796, 0.1812277944104208]",1,-1
32738,[0.29707101 0.2046001 ],32,31,"[0.29817086118518243, 0.1888907481789387]",1,-1
32739,[0.25391833 0.1897321 ],32,16,"[0.22214342499776796, 0.1812277944104208]",1,-1
32740,[0.20380594 0.21764767],32,21,"[0.16948094512787878, 0.2245031809320862]",1,31
32741,[0.23021688 0.16617237],32,16,"[0.22214342499776796, 0.1812277944104208]",1,-1
32742,[0.19717299 0.19910171],32,16,"[0.22214342499776796, 0.1812277944104208]",1,-1
32743,[0.25409303 0.25080606],32,7,"[0.2880919156697789, 0.2889500356712737]",1,-1
32744,[0.14818499 0.14023311],32,-1,-1,1,-1
32745,[0.21926111 0.19880951],32,16,"[0.22214342499776796, 0.1812277944104208]",1,-1
32746,[0.29368358 0.24634746],32,7,"[0.2880919156697789, 0.2889500356712737]",1,-1
32747,[0.20117647 0.2174623 ],32,21,"[0.16948094512787878, 0.2245031809320862]",1,31
32748,[0.20500968 0.17011145],32,16,"[0.22214342499776796, 0.1812277944104208]",1,-1
32749,[0.22111913 0.28496122],32,15,"[0.188292755006214, 0.3253570325311902]",1,-1
32750,[0.24165122 0.32937326],32,15,"[0.188292755006214, 0.3253570325311902]",1,-1
32751,[0.25238329 0.22696619],32,16,"[0.22214342499776796, 0.1812277944104208]",1,-1
32752,[0.30277839 0.21686573],32,31,"[0.29817086118518243, 0.1888907481789387]",1,-1
32753,[0.13657669 0.22879601],32,21,"[0.16948094512787878, 0.2245031809320862]",1,-1
32754,[0.19019712 0.22280033],32,21,"[0.16948094512787878, 0.2245031809320862]",1,-1
32755,[0.15639756 0.1347646 ],32,-1,-1,1,-1
32756,[0.31259847 0.2783436 ],32,7,"[0.2880919156697789, 0.2889500356712737]",1,-1
32757,[0.19561899 0.2614942 ],32,21,"[0.16948094512787878, 0.2245031809320862]",1,-1
32758,[0.20920487 0.19752799],32,16,"[0.22214342499776796, 0.1812277944104208]",1,-1
32759,[0.29049709 0.2538569 ],32,7,"[0.2880919156697789, 0.2889500356712737]",1,-1
32760,[0.22371509 0.22423492],32,16,"[0.22214342499776796, 0.1812277944104208]",1,31
32761,[0.22188107 0.32431871],32,15,"[0.188292755006214, 0.3253570325311902]",1,-1
32762,[0.21948653 0.16320509],32,16,"[0.22214342499776796, 0.1812277944104208]",1,-1
32763,[0.20192949 0.2716879 ],32,15,"[0.188292755006214, 0.3253570325311902]",1,-1
32764,[0.23738785 0.29681533],32,7,"[0.2880919156697789, 0.2889500356712737]",1,-1
32765,[0.18755076 0.25993487],32,21,"[0.16948094512787878, 0.2245031809320862]",1,-1
32766,[0.17379112 0.25899675],32,21,"[0.16948094512787878, 0.2245031809320862]",1,-1
32767,[0.14555002 0.17984363],32,21,"[0.16948094512787878, 0.2245031809320862]",1,-1
32768,[0.18967784 0.20045898],32,21,"[0.16948094512787878, 0.2245031809320862]",1,-1
32769,[0.14311873 0.28053474],32,21,"[0.16948094512787878, 0.2245031809320862]",1,-1
32770,[0.14901251 0.22079209],32,21,"[0.16948094512787878, 0.2245031809320862]",1,-1
32771,[0.20669746 0.18965169],32,16,"[0.22214342499776796, 0.1812277944104208]",1,-1
32772,[0.25577923 0.25463831],32,7,"[0.2880919156697789, 0.2889500356712737]",1,-1
32773,[0.18217306 0.265616  ],32,21,"[0.16948094512787878, 0.2245031809320862]",1,-1
32774,[0.28803212 0.27889935],32,7,"[0.2880919156697789, 0.2889500356712737]",1,-1
32775,[0.14433857 0.21237879],32,21,"[0.16948094512787878, 0.2245031809320862]",1,-1
32776,[0.20707531 0.22191078],32,21,"[0.16948094512787878, 0.2245031809320862]",1,-1
32777,[0.18075816 0.12066983],32,-1,-1,1,-1
32778,[0.21401134 0.21683144],32,16,"[0.22214342499776796, 0.1812277944104208]",1,31
32779,[0.25010263 0.15612341],32,16,"[0.22214342499776796, 0.1812277944104208]",1,-1
32780,[0.23486487 0.26391388],32,7,"[0.2880919156697789, 0.2889500356712737]",1,-1
32781,[0.25769311 0.27900429],32,7,"[0.2880919156697789, 0.2889500356712737]",1,-1
32782,[0.2439383  0.25041695],32,7,"[0.2880919156697789, 0.2889500356712737]",1,-1
32783,[0.31190478 0.31092377],32,7,"[0.2880919156697789, 0.2889500356712737]",1,-1
32784,[0.22357754 0.2424114 ],32,21,"[0.16948094512787878, 0.2245031809320862]",1,31
32785,[0.21042094 0.24389546],32,21,"[0.16948094512787878, 0.2245031809320862]",1,31
32786,[0.18690142 0.30080935],32,15,"[0.188292755006214, 0.3253570325311902]",1,-1
32787,[0.21488559 0.2197307 ],32,16,"[0.22214342499776796, 0.1812277944104208]",1,-1
32788,[0.26036461 0.29205251],32,7,"[0.2880919156697789, 0.2889500356712737]",1,25
32789,[0.17183042 0.29271461],32,15,"[0.188292755006214, 0.3253570325311902]",1,-1
32790,[0.20020641 0.20067176],32,16,"[0.22214342499776796, 0.1812277944104208]",1,-1
32791,[0.23877418 0.2246809 ],32,16,"[0.22214342499776796, 0.1812277944104208]",1,-1
32792,[0.23948706 0.2676737 ],32,7,"[0.2880919156697789, 0.2889500356712737]",1,-1
32793,[0.13124609 0.12781494],32,-1,-1,1,-1
32794,[0.24654751 0.20635731],32,16,"[0.22214342499776796, 0.1812277944104208]",1,31
32795,[0.21193565 0.20211351],32,16,"[0.22214342499776796, 0.1812277944104208]",1,31
32796,[0.1693529  0.16428724],32,16,"[0.22214342499776796, 0.1812277944104208]",1,-1
32797,[0.29244386 0.24792441],32,7,"[0.2880919156697789, 0.2889500356712737]",1,-1
32798,[0.27533819 0.26235174],32,7,"[0.2880919156697789, 0.2889500356712737]",1,-1
32799,[0.18607851 0.22202237],32,21,"[0.16948094512787878, 0.2245031809320862]",1,-1
32800,[0.2176766  0.29400784],32,15,"[0.188292755006214, 0.3253570325311902]",1,-1
32801,[0.25087823 0.18231197],32,16,"[0.22214342499776796, 0.1812277944104208]",1,22
32802,[0.14826835 0.35707696],32,15,"[0.188292755006214, 0.3253570325311902]",1,-1
32803,[0.22226918 0.21367011],32,16,"[0.22214342499776796, 0.1812277944104208]",1,-1
32804,[0.40545914 0.13523944],32,-1,-1,1,-1
32805,[0.2338525  0.30576851],32,15,"[0.188292755006214, 0.3253570325311902]",1,-1
32806,[0.20809814 0.23977834],32,21,"[0.16948094512787878, 0.2245031809320862]",1,31
32807,[0.15024239 0.23846257],32,21,"[0.16948094512787878, 0.2245031809320862]",1,-1
32808,[0.14961776 0.22053973],32,21,"[0.16948094512787878, 0.2245031809320862]",1,-1
32809,[0.21290076 0.20855318],32,16,"[0.22214342499776796, 0.1812277944104208]",1,31
32810,[0.22354781 0.20922544],32,16,"[0.22214342499776796, 0.1812277944104208]",1,-1
32811,[0.21396491 0.25892108],32,21,"[0.16948094512787878, 0.2245031809320862]",1,-1
32812,[0.24155602 0.25237677],32,7,"[0.2880919156697789, 0.2889500356712737]",1,-1
32813,[0.22408535 0.20536959],32,16,"[0.22214342499776796, 0.1812277944104208]",1,-1
32814,[0.26335795 0.32731561],32,7,"[0.2880919156697789, 0.2889500356712737]",1,-1
32815,[0.18651346 0.22749332],32,21,"[0.16948094512787878, 0.2245031809320862]",1,-1
32816,[0.18453213 0.16397673],32,16,"[0.22214342499776796, 0.1812277944104208]",1,-1
32817,[0.25040475 0.1819577 ],32,16,"[0.22214342499776796, 0.1812277944104208]",1,22
32818,[0.18792868 0.21887724],32,21,"[0.16948094512787878, 0.2245031809320862]",1,-1
32819,[0.18484488 0.29532856],32,15,"[0.188292755006214, 0.3253570325311902]",1,-1
32820,[0.2055032  0.14028677],32,16,"[0.22214342499776796, 0.1812277944104208]",1,-1
32821,[0.25729937 0.14937732],32,16,"[0.22214342499776796, 0.1812277944104208]",1,-1
32822,[0.220872   0.22474149],32,16,"[0.22214342499776796, 0.1812277944104208]",1,31
32823,[0.1990897  0.20645671],32,16,"[0.22214342499776796, 0.1812277944104208]",1,-1
32824,[0.32098222 0.2576898 ],32,7,"[0.2880919156697789, 0.2889500356712737]",1,-1
32825,[0.14830013 0.31895861],32,15,"[0.188292755006214, 0.3253570325311902]",1,-1
32826,[0.22268466 0.2844667 ],32,15,"[0.188292755006214, 0.3253570325311902]",1,-1
32827,[0.24086617 0.15485117],32,16,"[0.22214342499776796, 0.1812277944104208]",1,-1
32828,[0.18091853 0.26134983],32,21,"[0.16948094512787878, 0.2245031809320862]",1,-1
32829,[0.16545083 0.2029732 ],32,21,"[0.16948094512787878, 0.2245031809320862]",1,-1
32830,[0.17211231 0.26899546],32,21,"[0.16948094512787878, 0.2245031809320862]",1,-1
32831,[0.26467179 0.2102874 ],32,31,"[0.29817086118518243, 0.1888907481789387]",1,30
32832,[0.23084644 0.20277095],32,16,"[0.22214342499776796, 0.1812277944104208]",1,31
32833,[0.27333287 0.22157741],32,31,"[0.29817086118518243, 0.1888907481789387]",1,-1
32834,[0.26358903 0.19107504],32,31,"[0.29817086118518243, 0.1888907481789387]",1,-1
32835,[0.31759609 0.26293056],32,7,"[0.2880919156697789, 0.2889500356712737]",1,-1
32836,[0.23555828 0.29624026],32,7,"[0.2880919156697789, 0.2889500356712737]",1,-1
32837,[0.26837824 0.15698234],32,31,"[0.29817086118518243, 0.1888907481789387]",1,-1
32838,[0.17244658 0.25038466],32,21,"[0.16948094512787878, 0.2245031809320862]",1,-1
32839,[0.20415329 0.25031139],32,21,"[0.16948094512787878, 0.2245031809320862]",1,-1
32840,[0.25225986 0.20483963],32,16,"[0.22214342499776796, 0.1812277944104208]",1,31
32841,[0.20527624 0.22196339],32,21,"[0.16948094512787878, 0.2245031809320862]",1,-1
32842,[0.09443257 0.24728664],32,-1,-1,1,-1
32843,[0.2099346  0.24749092],32,21,"[0.16948094512787878, 0.2245031809320862]",1,-1
32844,[0.23668938 0.22488327],32,16,"[0.22214342499776796, 0.1812277944104208]",1,31
32845,[0.2118428  0.21155813],32,16,"[0.22214342499776796, 0.1812277944104208]",1,31
32846,[0.16428218 0.23577808],32,21,"[0.16948094512787878, 0.2245031809320862]",1,-1
32847,[0.19997191 0.3636054 ],32,15,"[0.188292755006214, 0.3253570325311902]",1,-1
32848,[0.27960576 0.18352168],32,31,"[0.29817086118518243, 0.1888907481789387]",1,-1
32849,[0.19653502 0.21000123],32,21,"[0.16948094512787878, 0.2245031809320862]",1,-1
32850,[0.15723246 0.21710779],32,21,"[0.16948094512787878, 0.2245031809320862]",1,-1
32851,[0.30664209 0.32934397],32,7,"[0.2880919156697789, 0.2889500356712737]",1,-1
32852,[0.30101076 0.19287721],32,31,"[0.29817086118518243, 0.1888907481789387]",1,-1
32853,[0.18383606 0.25607464],32,21,"[0.16948094512787878, 0.2245031809320862]",1,-1
32854,[0.18752226 0.27122537],32,21,"[0.16948094512787878, 0.2245031809320862]",1,-1
32855,[0.30369668 0.24057944],32,7,"[0.2880919156697789, 0.2889500356712737]",1,-1
32856,[0.21280692 0.13916968],32,16,"[0.22214342499776796, 0.1812277944104208]",1,-1
32857,[0.31653928 0.18792823],32,31,"[0.29817086118518243, 0.1888907481789387]",1,-1
32858,[0.21329973 0.23787135],32,21,"[0.16948094512787878, 0.2245031809320862]",1,31
32859,[0.28322516 0.20478074],32,31,"[0.29817086118518243, 0.1888907481789387]",1,-1
32860,[0.16407231 0.26591969],32,21,"[0.16948094512787878, 0.2245031809320862]",1,-1
32861,[0.26981888 0.22850482],32,31,"[0.29817086118518243, 0.1888907481789387]",1,30
32862,[0.1991477  0.20048109],32,16,"[0.22214342499776796, 0.1812277944104208]",1,-1
32863,[0.25900156 0.21529126],32,31,"[0.29817086118518243, 0.1888907481789387]",1,-1
32864,[0.19763215 0.25154792],32,21,"[0.16948094512787878, 0.2245031809320862]",1,-1
32865,[0.19105512 0.27830246],32,15,"[0.188292755006214, 0.3253570325311902]",1,-1
32866,[0.20204224 0.21032912],32,16,"[0.22214342499776796, 0.1812277944104208]",1,-1
32867,[0.25132323 0.2189901 ],32,16,"[0.22214342499776796, 0.1812277944104208]",1,-1
32868,[0.14178375 0.16327872],32,21,"[0.16948094512787878, 0.2245031809320862]",1,-1
32869,[0.19369073 0.12293463],32,16,"[0.22214342499776796, 0.1812277944104208]",1,-1
32870,[0.18291623 0.25765618],32,21,"[0.16948094512787878, 0.2245031809320862]",1,-1
32871,[0.19961391 0.2677938 ],32,21,"[0.16948094512787878, 0.2245031809320862]",1,32
32872,[0.2453895  0.20167521],32,16,"[0.22214342499776796, 0.1812277944104208]",1,-1
32873,[0.2070848  0.23328433],32,21,"[0.16948094512787878, 0.2245031809320862]",1,-1
32874,[0.24163208 0.26061597],32,7,"[0.2880919156697789, 0.2889500356712737]",1,-1
32875,[0.22620313 0.23425665],32,16,"[0.22214342499776796, 0.1812277944104208]",1,-1
32876,[0.21560829 0.17030272],32,16,"[0.22214342499776796, 0.1812277944104208]",1,-1
32877,[0.18238386 0.17976907],32,16,"[0.22214342499776796, 0.1812277944104208]",1,-1
32878,[0.29077203 0.1620034 ],32,31,"[0.29817086118518243, 0.1888907481789387]",1,-1
32879,[0.22414088 0.19971744],32,16,"[0.22214342499776796, 0.1812277944104208]",1,-1
32880,[0.18104744 0.22962515],32,21,"[0.16948094512787878, 0.2245031809320862]",1,-1
32881,[0.15892956 0.25915214],32,21,"[0.16948094512787878, 0.2245031809320862]",1,-1
32882,[0.21986557 0.22988893],32,16,"[0.22214342499776796, 0.1812277944104208]",1,31
32883,[0.21835503 0.1884043 ],32,16,"[0.22214342499776796, 0.1812277944104208]",1,-1
32884,[0.17672097 0.21210583],32,21,"[0.16948094512787878, 0.2245031809320862]",1,-1
32885,[0.24297589 0.30051112],32,7,"[0.2880919156697789, 0.2889500356712737]",1,-1
32886,[0.30749072 0.21719294],32,31,"[0.29817086118518243, 0.1888907481789387]",1,-1
32887,[0.20968516 0.2320101 ],32,21,"[0.16948094512787878, 0.2245031809320862]",1,-1
32888,[0.22364773 0.20571439],32,16,"[0.22214342499776796, 0.1812277944104208]",1,31
32889,[0.21757925 0.22305933],32,16,"[0.22214342499776796, 0.1812277944104208]",1,31
32890,[0.24142896 0.26274391],32,7,"[0.2880919156697789, 0.2889500356712737]",1,-1
32891,[0.20513525 0.26291471],32,21,"[0.16948094512787878, 0.2245031809320862]",1,32
32892,[0.31952031 0.24158016],32,7,"[0.2880919156697789, 0.2889500356712737]",1,-1
32893,[0.2278176  0.12512794],32,16,"[0.22214342499776796, 0.1812277944104208]",1,-1
32894,[0.17774703 0.24417849],32,21,"[0.16948094512787878, 0.2245031809320862]",1,-1
32895,[0.26766826 0.20142623],32,31,"[0.29817086118518243, 0.1888907481789387]",1,-1
32896,[0.19333246 0.21657713],32,21,"[0.16948094512787878, 0.2245031809320862]",1,31
32897,[0.21266937 0.29385582],32,15,"[0.188292755006214, 0.3253570325311902]",1,-1
32898,[0.31266041 0.25049866],32,7,"[0.2880919156697789, 0.2889500356712737]",1,-1
32899,[0.158991   0.22553653],32,21,"[0.16948094512787878, 0.2245031809320862]",1,-1
32900,[0.20365951 0.25120101],32,21,"[0.16948094512787878, 0.2245031809320862]",1,-1
32901,[0.26844012 0.29662016],32,7,"[0.2880919156697789, 0.2889500356712737]",1,-1
32902,[0.19061543 0.22576286],32,21,"[0.16948094512787878, 0.2245031809320862]",1,-1
32903,[0.1478642  0.24755277],32,21,"[0.16948094512787878, 0.2245031809320862]",1,-1
32904,[0.25752861 0.21615531],32,31,"[0.29817086118518243, 0.1888907481789387]",1,-1
32905,[0.24814776 0.28644589],32,7,"[0.2880919156697789, 0.2889500356712737]",1,25
32906,[0.19798185 0.26116403],32,21,"[0.16948094512787878, 0.2245031809320862]",1,32
32907,[0.20425454 0.15508275],32,16,"[0.22214342499776796, 0.1812277944104208]",1,-1
32908,[0.19750019 0.24191466],32,21,"[0.16948094512787878, 0.2245031809320862]",1,-1
32909,[0.22153108 0.18605798],32,16,"[0.22214342499776796, 0.1812277944104208]",1,-1
32910,[0.21965179 0.237815  ],32,21,"[0.16948094512787878, 0.2245031809320862]",1,31
32911,[0.25426976 0.28988529],32,7,"[0.2880919156697789, 0.2889500356712737]",1,25
32912,[0.26408644 0.19360233],32,31,"[0.29817086118518243, 0.1888907481789387]",1,-1
32913,[0.21452509 0.25546614],32,21,"[0.16948094512787878, 0.2245031809320862]",1,-1
32914,[0.18328622 0.17517948],32,16,"[0.22214342499776796, 0.1812277944104208]",1,-1
32915,[0.12776989 0.15621025],32,-1,-1,1,-1
32916,[0.23762873 0.14866975],32,16,"[0.22214342499776796, 0.1812277944104208]",1,-1
32917,[0.32556319 0.20496374],32,31,"[0.29817086118518243, 0.1888907481789387]",1,-1
32918,[0.19542445 0.2697204 ],32,21,"[0.16948094512787878, 0.2245031809320862]",1,-1
32919,[0.32057507 0.17706735],32,31,"[0.29817086118518243, 0.1888907481789387]",1,-1
32920,[0.35021473 0.17981101],32,31,"[0.29817086118518243, 0.1888907481789387]",1,-1
32921,[0.21798028 0.25846624],32,21,"[0.16948094512787878, 0.2245031809320862]",1,-1
32922,[0.19175212 0.3132771 ],32,15,"[0.188292755006214, 0.3253570325311902]",1,-1
32923,[0.32902554 0.23379087],32,31,"[0.29817086118518243, 0.1888907481789387]",1,-1
32924,[0.16314452 0.14615123],32,16,"[0.22214342499776796, 0.1812277944104208]",1,-1
32925,[0.29757724 0.21548879],32,31,"[0.29817086118518243, 0.1888907481789387]",1,-1
32926,[0.11099598 0.14776184],32,-1,-1,1,-1
32927,[0.23834093 0.34095917],32,15,"[0.188292755006214, 0.3253570325311902]",1,40
32928,[0.17744817 0.15154462],32,16,"[0.22214342499776796, 0.1812277944104208]",1,-1
32929,[0.28316366 0.25747889],32,7,"[0.2880919156697789, 0.2889500356712737]",1,-1
32930,[0.28351462 0.28471013],32,7,"[0.2880919156697789, 0.2889500356712737]",1,-1
32931,[0.22825395 0.21753339],32,16,"[0.22214342499776796, 0.1812277944104208]",1,-1
32932,[0.1987256  0.25580498],32,21,"[0.16948094512787878, 0.2245031809320862]",1,-1
32933,[0.21251011 0.24843373],32,21,"[0.16948094512787878, 0.2245031809320862]",1,-1
32934,[0.15838293 0.28019728],32,15,"[0.188292755006214, 0.3253570325311902]",1,-1
32935,[0.27110356 0.11741721],32,-1,-1,1,-1
32936,[0.25711126 0.21310477],32,16,"[0.22214342499776796, 0.1812277944104208]",1,-1
32937,[0.16349473 0.17658342],32,21,"[0.16948094512787878, 0.2245031809320862]",1,-1
32938,[0.24426243 0.21513906],32,16,"[0.22214342499776796, 0.1812277944104208]",1,-1
32939,[0.26168191 0.27937506],32,7,"[0.2880919156697789, 0.2889500356712737]",1,-1
32940,[0.23663384 0.26721239],32,7,"[0.2880919156697789, 0.2889500356712737]",1,-1
32941,[0.16074013 0.19817212],32,21,"[0.16948094512787878, 0.2245031809320862]",1,-1
32942,[0.15547719 0.31046031],32,15,"[0.188292755006214, 0.3253570325311902]",1,-1
32943,[0.16289555 0.2424091 ],32,21,"[0.16948094512787878, 0.2245031809320862]",1,-1
32944,[0.27945357 0.24266259],32,7,"[0.2880919156697789, 0.2889500356712737]",1,-1
32945,[0.15987132 0.2448946 ],32,21,"[0.16948094512787878, 0.2245031809320862]",1,-1
32946,[0.25827078 0.25008631],32,7,"[0.2880919156697789, 0.2889500356712737]",1,28
32947,[0.22643994 0.25257806],32,21,"[0.16948094512787878, 0.2245031809320862]",1,-1
32948,[0.21215569 0.22814839],32,21,"[0.16948094512787878, 0.2245031809320862]",1,-1
32949,[0.26229682 0.21314105],32,31,"[0.29817086118518243, 0.1888907481789387]",1,30
32950,[0.25712663 0.12840338],32,16,"[0.22214342499776796, 0.1812277944104208]",1,-1
32951,[0.20958098 0.17383002],32,16,"[0.22214342499776796, 0.1812277944104208]",1,-1
32952,[0.2155747  0.20990688],32,16,"[0.22214342499776796, 0.1812277944104208]",1,31
32953,[0.19818968 0.19990034],32,16,"[0.22214342499776796, 0.1812277944104208]",1,-1
32954,[0.22605605 0.21851582],32,16,"[0.22214342499776796, 0.1812277944104208]",1,-1
32955,[0.18438735 0.22882748],32,21,"[0.16948094512787878, 0.2245031809320862]",1,-1
32956,[0.11579701 0.25980366],32,21,"[0.16948094512787878, 0.2245031809320862]",1,-1
32957,[0.16414539 0.15711155],32,16,"[0.22214342499776796, 0.1812277944104208]",1,-1
32958,[0.17726208 0.24497552],32,21,"[0.16948094512787878, 0.2245031809320862]",1,-1
32959,[0.2477244 0.2840966],32,7,"[0.2880919156697789, 0.2889500356712737]",1,25
32960,[0.17990899 0.29386604],32,15,"[0.188292755006214, 0.3253570325311902]",1,-1
32961,[0.21148937 0.21687062],32,16,"[0.22214342499776796, 0.1812277944104208]",1,31
32962,[0.22230385 0.25518628],32,21,"[0.16948094512787878, 0.2245031809320862]",1,31
32963,[0.15440887 0.25382319],32,21,"[0.16948094512787878, 0.2245031809320862]",1,-1
32964,[0.21530441 0.24280574],32,21,"[0.16948094512787878, 0.2245031809320862]",1,-1
32965,[0.27163118 0.1856877 ],32,31,"[0.29817086118518243, 0.1888907481789387]",1,-1
32966,[0.10530818 0.18307796],32,-1,-1,1,-1
32967,[0.22974131 0.26930014],32,7,"[0.2880919156697789, 0.2889500356712737]",1,-1
32968,[0.30673273 0.25081114],32,7,"[0.2880919156697789, 0.2889500356712737]",1,-1
32969,[0.16881826 0.24077748],32,21,"[0.16948094512787878, 0.2245031809320862]",1,-1
32970,[0.19473644 0.21532803],32,21,"[0.16948094512787878, 0.2245031809320862]",1,31
32971,[0.24481766 0.224165  ],32,16,"[0.22214342499776796, 0.1812277944104208]",1,31
32972,[0.19683168 0.21997628],32,21,"[0.16948094512787878, 0.2245031809320862]",1,-1
32973,[0.27568703 0.29424601],32,7,"[0.2880919156697789, 0.2889500356712737]",1,-1
32974,[0.22488743 0.19968313],32,16,"[0.22214342499776796, 0.1812277944104208]",1,31
32975,[0.17302046 0.22728251],32,21,"[0.16948094512787878, 0.2245031809320862]",1,-1
32976,[0.15734557 0.26106054],32,21,"[0.16948094512787878, 0.2245031809320862]",1,-1
32977,[0.22578173 0.18994245],32,16,"[0.22214342499776796, 0.1812277944104208]",1,-1
32978,[0.18736647 0.22497361],32,21,"[0.16948094512787878, 0.2245031809320862]",1,-1
32979,[0.29022196 0.26474551],32,7,"[0.2880919156697789, 0.2889500356712737]",1,-1
32980,[0.20411248 0.2405118 ],32,21,"[0.16948094512787878, 0.2245031809320862]",1,31
32981,[0.18825462 0.27700728],32,15,"[0.188292755006214, 0.3253570325311902]",1,-1
32982,[0.18198192 0.3356518 ],32,15,"[0.188292755006214, 0.3253570325311902]",1,-1
32983,[0.22913597 0.22618373],32,16,"[0.22214342499776796, 0.1812277944104208]",1,31
32984,[0.1274994  0.29316377],32,15,"[0.188292755006214, 0.3253570325311902]",1,-1
32985,[0.24726522 0.29313396],32,7,"[0.2880919156697789, 0.2889500356712737]",1,25
32986,[0.28425614 0.27576631],32,7,"[0.2880919156697789, 0.2889500356712737]",1,-1
32987,[0.16351746 0.18635553],32,21,"[0.16948094512787878, 0.2245031809320862]",1,-1
32988,[0.17582185 0.29280645],32,15,"[0.188292755006214, 0.3253570325311902]",1,-1
32989,[0.26292426 0.26710884],32,7,"[0.2880919156697789, 0.2889500356712737]",1,-1
32990,[0.18365338 0.31635715],32,15,"[0.188292755006214, 0.3253570325311902]",1,-1
32991,[0.21608801 0.2228047 ],32,16,"[0.22214342499776796, 0.1812277944104208]",1,31
32992,[0.25283768 0.26511786],32,7,"[0.2880919156697789, 0.2889500356712737]",1,-1
32993,[0.21450452 0.14355024],32,16,"[0.22214342499776796, 0.1812277944104208]",1,-1
32994,[0.20993131 0.25247593],32,21,"[0.16948094512787878, 0.2245031809320862]",1,31
32995,[0.15830546 0.20391164],32,21,"[0.16948094512787878, 0.2245031809320862]",1,-1
32996,[0.19641528 0.28961546],32,15,"[0.188292755006214, 0.3253570325311902]",1,-1
32997,[0.16593235 0.26987883],32,21,"[0.16948094512787878, 0.2245031809320862]",1,-1
32998,[0.26068662 0.27057301],32,7,"[0.2880919156697789, 0.2889500356712737]",1,-1
32999,[0.2421025  0.28358321],32,7,"[0.2880919156697789, 0.2889500356712737]",1,-1
33000,[0.50462231 0.15510698],33,22,"[0.48652568093748694, 0.17046194652960403]",1,2
33001,[0.51104056 0.11669113],33,22,"[0.48652568093748694, 0.17046194652960403]",1,-1
33002,[0.44925128 0.08780226],33,-1,-1,1,-1
33003,[0.43854958 0.20444596],33,22,"[0.48652568093748694, 0.17046194652960403]",1,2
33004,[0.43018579 0.20984542],33,22,"[0.48652568093748694, 0.17046194652960403]",1,-1
33005,[0.52332682 0.20259162],33,22,"[0.48652568093748694, 0.17046194652960403]",1,-1
33006,[0.4618913  0.13739543],33,22,"[0.48652568093748694, 0.17046194652960403]",1,2
33007,[0.44024368 0.10882952],33,-1,-1,1,-1
33008,[0.45071555 0.06851629],33,-1,-1,1,-1
33009,[0.44400946 0.21807141],33,22,"[0.48652568093748694, 0.17046194652960403]",1,-1
33010,[0.5469209  0.20191523],33,22,"[0.48652568093748694, 0.17046194652960403]",1,-1
33011,[0.48798635 0.20778195],33,22,"[0.48652568093748694, 0.17046194652960403]",1,2
33012,[0.41233596 0.11477553],33,-1,-1,1,-1
33013,[0.49968603 0.15811484],33,22,"[0.48652568093748694, 0.17046194652960403]",1,2
33014,[0.48577495 0.19990946],33,22,"[0.48652568093748694, 0.17046194652960403]",1,2
33015,[0.51742408 0.17783313],33,22,"[0.48652568093748694, 0.17046194652960403]",1,2
33016,[0.48810651 0.18314446],33,22,"[0.48652568093748694, 0.17046194652960403]",1,2
33017,[0.51797552 0.25719723],33,-1,-1,1,-1
33018,[0.46067841 0.20345731],33,22,"[0.48652568093748694, 0.17046194652960403]",1,2
33019,[0.45888895 0.21135076],33,22,"[0.48652568093748694, 0.17046194652960403]",1,2
33020,[0.43817905 0.15182281],33,22,"[0.48652568093748694, 0.17046194652960403]",1,-1
33021,[0.47139993 0.17092819],33,22,"[0.48652568093748694, 0.17046194652960403]",1,2
33022,[0.50041702 0.16023653],33,22,"[0.48652568093748694, 0.17046194652960403]",1,2
33023,[0.56444928 0.17961124],33,-1,-1,1,-1
33024,[0.47076006 0.16254772],33,22,"[0.48652568093748694, 0.17046194652960403]",1,2
33025,[0.45550633 0.19444473],33,22,"[0.48652568093748694, 0.17046194652960403]",1,2
33026,[0.52407005 0.20877627],33,22,"[0.48652568093748694, 0.17046194652960403]",1,-1
33027,[0.45278714 0.15062271],33,22,"[0.48652568093748694, 0.17046194652960403]",1,2
33028,[0.45370519 0.19982552],33,22,"[0.48652568093748694, 0.17046194652960403]",1,2
33029,[0.42248091 0.11778887],33,-1,-1,1,-1
33030,[0.63532691 0.24763102],33,-1,-1,-1,-1
33031,[0.38383741 0.162515  ],33,-1,-1,1,-1
33032,[0.41233699 0.07873176],33,-1,-1,1,-1
33033,[0.43699076 0.19187563],33,22,"[0.48652568093748694, 0.17046194652960403]",1,2
33034,[0.54158288 0.10155293],33,-1,-1,1,-1
33035,[0.51179852 0.15991973],33,22,"[0.48652568093748694, 0.17046194652960403]",1,2
33036,[0.41692683 0.1558226 ],33,-1,-1,1,-1
33037,[0.40051871 0.17882872],33,-1,-1,1,-1
33038,[0.51974063 0.108196  ],33,-1,-1,1,-1
33039,[0.45170947 0.20603186],33,22,"[0.48652568093748694, 0.17046194652960403]",1,2
33040,[0.42743438 0.19304021],33,22,"[0.48652568093748694, 0.17046194652960403]",1,-1
33041,[0.40505616 0.22948819],33,-1,-1,1,-1
33042,[0.50353155 0.19850496],33,22,"[0.48652568093748694, 0.17046194652960403]",1,2
33043,[0.45699747 0.0992632 ],33,-1,-1,1,-1
33044,[0.47689723 0.14335205],33,22,"[0.48652568093748694, 0.17046194652960403]",1,2
33045,[0.48500779 0.09089278],33,-1,-1,1,-1
33046,[0.53775507 0.20140844],33,22,"[0.48652568093748694, 0.17046194652960403]",1,-1
33047,[0.55999884 0.16161394],33,-1,-1,1,-1
33048,[0.47391951 0.15524225],33,22,"[0.48652568093748694, 0.17046194652960403]",1,2
33049,[0.46299024 0.16259706],33,22,"[0.48652568093748694, 0.17046194652960403]",1,2
33050,[0.52195823 0.14483193],33,22,"[0.48652568093748694, 0.17046194652960403]",1,2
33051,[0.47483444 0.14115183],33,22,"[0.48652568093748694, 0.17046194652960403]",1,2
33052,[0.37214094 0.22478003],33,-1,-1,1,-1
33053,[0.55978706 0.11279087],33,-1,-1,1,-1
33054,[0.45896595 0.20623907],33,22,"[0.48652568093748694, 0.17046194652960403]",1,2
33055,[0.45829193 0.22804746],33,22,"[0.48652568093748694, 0.17046194652960403]",1,-1
33056,[0.46906983 0.17910236],33,22,"[0.48652568093748694, 0.17046194652960403]",1,2
33057,[0.55292561 0.07513462],33,-1,-1,-1,-1
33058,[0.42218323 0.15679575],33,22,"[0.48652568093748694, 0.17046194652960403]",1,-1
33059,[0.46907808 0.12359521],33,22,"[0.48652568093748694, 0.17046194652960403]",1,2
33060,[0.41129915 0.18000056],33,-1,-1,1,-1
33061,[0.58865371 0.23340541],33,-1,-1,-1,-1
33062,[0.52120578 0.10793765],33,-1,-1,1,-1
33063,[0.54415887 0.08706692],33,-1,-1,1,-1
33064,[0.50345592 0.20903648],33,22,"[0.48652568093748694, 0.17046194652960403]",1,-1
33065,[0.5343271  0.12944701],33,22,"[0.48652568093748694, 0.17046194652960403]",1,-1
33066,[0.45002106 0.26847719],33,4,"[0.3937233168939997, 0.29890402186269427]",1,-1
33067,[0.46989555 0.19306697],33,22,"[0.48652568093748694, 0.17046194652960403]",1,2
33068,[0.45404605 0.13752474],33,22,"[0.48652568093748694, 0.17046194652960403]",1,2
33069,[0.48003009 0.08077234],33,-1,-1,1,-1
33070,[0.51159093 0.27485465],33,-1,-1,1,-1
33071,[0.46078647 0.14119206],33,22,"[0.48652568093748694, 0.17046194652960403]",1,2
33072,[0.53125675 0.19547372],33,22,"[0.48652568093748694, 0.17046194652960403]",1,-1
33073,[0.54381091 0.03857031],33,-1,-1,-1,-1
33074,[0.45815918 0.21750601],33,22,"[0.48652568093748694, 0.17046194652960403]",1,2
33075,[0.49365341 0.16326669],33,22,"[0.48652568093748694, 0.17046194652960403]",1,2
33076,[0.40468025 0.22135431],33,-1,-1,1,-1
33077,[0.5371669  0.21950619],33,-1,-1,1,-1
33078,[0.4536876  0.28154614],33,4,"[0.3937233168939997, 0.29890402186269427]",1,-1
33079,[0.48098819 0.16499235],33,22,"[0.48652568093748694, 0.17046194652960403]",1,2
33080,[0.48818881 0.16907489],33,22,"[0.48652568093748694, 0.17046194652960403]",1,2
33081,[0.58938525 0.1710674 ],33,-1,-1,1,-1
33082,[0.45984121 0.26377255],33,-1,-1,1,-1
33083,[0.52950744 0.27415585],33,-1,-1,1,-1
33084,[0.54501105 0.13983877],33,22,"[0.48652568093748694, 0.17046194652960403]",1,-1
33085,[0.4882802 0.1562507],33,22,"[0.48652568093748694, 0.17046194652960403]",1,2
33086,[0.47597556 0.20161531],33,22,"[0.48652568093748694, 0.17046194652960403]",1,2
33087,[0.4767684  0.18170533],33,22,"[0.48652568093748694, 0.17046194652960403]",1,2
33088,[0.46788646 0.14784092],33,22,"[0.48652568093748694, 0.17046194652960403]",1,2
33089,[0.51851174 0.17471154],33,22,"[0.48652568093748694, 0.17046194652960403]",1,2
33090,[0.5431913  0.19944514],33,22,"[0.48652568093748694, 0.17046194652960403]",1,-1
33091,[0.43138535 0.24593024],33,4,"[0.3937233168939997, 0.29890402186269427]",1,-1
33092,[0.49512658 0.21982634],33,22,"[0.48652568093748694, 0.17046194652960403]",1,2
33093,[0.50306997 0.29755346],33,-1,-1,1,-1
33094,[0.56071155 0.26376123],33,-1,-1,1,-1
33095,[0.48373677 0.22369834],33,22,"[0.48652568093748694, 0.17046194652960403]",1,2
33096,[0.57378736 0.10785518],33,-1,-1,1,-1
33097,[0.50419297 0.0831948 ],33,-1,-1,1,-1
33098,[0.50237077 0.19646358],33,22,"[0.48652568093748694, 0.17046194652960403]",1,2
33099,[0.43737974 0.07541518],33,-1,-1,1,-1
33100,[0.41405091 0.13584114],33,-1,-1,1,-1
33101,[0.46780153 0.1879697 ],33,22,"[0.48652568093748694, 0.17046194652960403]",1,2
33102,[0.564864   0.16475043],33,-1,-1,1,-1
33103,[0.40706885 0.09927659],33,-1,-1,1,-1
33104,[0.41976738 0.27818409],33,4,"[0.3937233168939997, 0.29890402186269427]",1,-1
33105,[0.46517274 0.18723501],33,22,"[0.48652568093748694, 0.17046194652960403]",1,2
33106,[0.56334844 0.16449437],33,-1,-1,1,-1
33107,[0.43685622 0.24696442],33,4,"[0.3937233168939997, 0.29890402186269427]",1,-1
33108,[0.57658228 0.26500962],33,-1,-1,1,-1
33109,[0.36477433 0.11201642],33,-1,-1,1,-1
33110,[0.42457439 0.21884682],33,-1,-1,1,-1
33111,[0.49295695 0.15503033],33,22,"[0.48652568093748694, 0.17046194652960403]",1,2
33112,[0.4719523  0.22048874],33,22,"[0.48652568093748694, 0.17046194652960403]",1,2
33113,[0.48374054 0.08511782],33,-1,-1,1,-1
33114,[0.50375177 0.21591963],33,22,"[0.48652568093748694, 0.17046194652960403]",1,-1
33115,[0.50753734 0.16918464],33,22,"[0.48652568093748694, 0.17046194652960403]",1,2
33116,[0.57875472 0.13786509],33,-1,-1,1,-1
33117,[0.48838964 0.25178808],33,-1,-1,1,-1
33118,[0.50983809 0.23779227],33,-1,-1,1,-1
33119,[0.49423411 0.26467519],33,-1,-1,1,-1
33120,[0.42254775 0.08005108],33,-1,-1,1,-1
33121,[0.5686259  0.18580781],33,-1,-1,1,-1
33122,[0.50620801 0.23194266],33,22,"[0.48652568093748694, 0.17046194652960403]",1,-1
33123,[0.49479662 0.20941306],33,22,"[0.48652568093748694, 0.17046194652960403]",1,2
33124,[0.38139434 0.21254736],33,-1,-1,1,-1
33125,[0.43269925 0.14324233],33,22,"[0.48652568093748694, 0.17046194652960403]",1,-1
33126,[0.54789378 0.14861317],33,22,"[0.48652568093748694, 0.17046194652960403]",1,-1
33127,[0.58310001 0.17434021],33,-1,-1,1,-1
33128,[0.47721124 0.19188814],33,22,"[0.48652568093748694, 0.17046194652960403]",1,2
33129,[0.48893074 0.19038994],33,22,"[0.48652568093748694, 0.17046194652960403]",1,2
33130,[0.5790174  0.17349619],33,-1,-1,1,-1
33131,[0.53298003 0.2081887 ],33,22,"[0.48652568093748694, 0.17046194652960403]",1,-1
33132,[0.48675596 0.19358662],33,22,"[0.48652568093748694, 0.17046194652960403]",1,2
33133,[0.51374446 0.25055101],33,-1,-1,1,-1
33134,[0.44748168 0.08439492],33,-1,-1,1,-1
33135,[0.34414589 0.11000605],33,-1,-1,1,-1
33136,[0.49073852 0.18473925],33,22,"[0.48652568093748694, 0.17046194652960403]",1,2
33137,[0.4622962  0.16739309],33,22,"[0.48652568093748694, 0.17046194652960403]",1,2
33138,[0.4257235  0.12594861],33,-1,-1,1,-1
33139,[0.53266161 0.28482186],33,-1,-1,1,-1
33140,[0.49255713 0.17836274],33,22,"[0.48652568093748694, 0.17046194652960403]",1,2
33141,[0.57550033 0.15271317],33,-1,-1,1,-1
33142,[0.56171271 0.19446786],33,-1,-1,1,-1
33143,[0.45401591 0.13355939],33,22,"[0.48652568093748694, 0.17046194652960403]",1,-1
33144,[0.47591968 0.10899485],33,22,"[0.48652568093748694, 0.17046194652960403]",1,-1
33145,[0.44082487 0.21869755],33,22,"[0.48652568093748694, 0.17046194652960403]",1,-1
33146,[0.45933302 0.13067007],33,22,"[0.48652568093748694, 0.17046194652960403]",1,2
33147,[0.50552719 0.19264722],33,22,"[0.48652568093748694, 0.17046194652960403]",1,2
33148,[0.42280044 0.15297285],33,22,"[0.48652568093748694, 0.17046194652960403]",1,-1
33149,[0.48458452 0.21108517],33,22,"[0.48652568093748694, 0.17046194652960403]",1,2
33150,[0.51593267 0.12437219],33,22,"[0.48652568093748694, 0.17046194652960403]",1,-1
33151,[0.52274121 0.11392341],33,22,"[0.48652568093748694, 0.17046194652960403]",1,-1
33152,[0.45581292 0.17382547],33,22,"[0.48652568093748694, 0.17046194652960403]",1,2
33153,[0.48440373 0.1752937 ],33,22,"[0.48652568093748694, 0.17046194652960403]",1,2
33154,[0.56414527 0.20531774],33,-1,-1,1,-1
33155,[0.54506507 0.156897  ],33,22,"[0.48652568093748694, 0.17046194652960403]",1,-1
33156,[0.52319989 0.18532956],33,22,"[0.48652568093748694, 0.17046194652960403]",1,-1
33157,[0.51099084 0.14435462],33,22,"[0.48652568093748694, 0.17046194652960403]",1,2
33158,[0.52564282 0.21478124],33,22,"[0.48652568093748694, 0.17046194652960403]",1,-1
33159,[0.46081127 0.25174828],33,-1,-1,1,-1
33160,[0.39795941 0.19488075],33,-1,-1,1,-1
33161,[0.51121378 0.18096245],33,22,"[0.48652568093748694, 0.17046194652960403]",1,2
33162,[0.46995635 0.15339731],33,22,"[0.48652568093748694, 0.17046194652960403]",1,2
33163,[0.40012477 0.08898747],33,-1,-1,1,-1
33164,[0.51830847 0.20247544],33,22,"[0.48652568093748694, 0.17046194652960403]",1,-1
33165,[0.45576327 0.1674249 ],33,22,"[0.48652568093748694, 0.17046194652960403]",1,2
33166,[0.47232109 0.18444629],33,22,"[0.48652568093748694, 0.17046194652960403]",1,2
33167,[0.4368168 0.0875703],33,-1,-1,1,-1
33168,[0.42529533 0.11621362],33,-1,-1,1,-1
33169,[0.45923195 0.12250341],33,22,"[0.48652568093748694, 0.17046194652960403]",1,-1
33170,[0.51472377 0.12304349],33,22,"[0.48652568093748694, 0.17046194652960403]",1,-1
33171,[0.49453988 0.17767434],33,22,"[0.48652568093748694, 0.17046194652960403]",1,2
33172,[0.45231328 0.16425535],33,22,"[0.48652568093748694, 0.17046194652960403]",1,2
33173,[0.4285697  0.21599277],33,-1,-1,1,-1
33174,[0.48681124 0.2478894 ],33,-1,-1,1,-1
33175,[0.46312041 0.24828307],33,-1,-1,1,-1
33176,[0.47620996 0.15149679],33,22,"[0.48652568093748694, 0.17046194652960403]",1,2
33177,[0.48087711 0.13284125],33,22,"[0.48652568093748694, 0.17046194652960403]",1,2
33178,[0.49441359 0.2435453 ],33,-1,-1,1,-1
33179,[0.50776048 0.10268451],33,-1,-1,1,-1
33180,[0.42862372 0.23905703],33,4,"[0.3937233168939997, 0.29890402186269427]",1,-1
33181,[0.56068484 0.11534373],33,-1,-1,1,-1
33182,[0.47812528 0.17400781],33,22,"[0.48652568093748694, 0.17046194652960403]",1,2
33183,[0.46649207 0.22400706],33,22,"[0.48652568093748694, 0.17046194652960403]",1,2
33184,[0.52643529 0.13177698],33,22,"[0.48652568093748694, 0.17046194652960403]",1,-1
33185,[0.49641949 0.15187444],33,22,"[0.48652568093748694, 0.17046194652960403]",1,2
33186,[0.40036863 0.12970919],33,-1,-1,1,-1
33187,[0.46111306 0.16556751],33,22,"[0.48652568093748694, 0.17046194652960403]",1,2
33188,[0.42338746 0.19858417],33,22,"[0.48652568093748694, 0.17046194652960403]",1,-1
33189,[0.46140998 0.11816904],33,22,"[0.48652568093748694, 0.17046194652960403]",1,-1
33190,[0.53676152 0.10887712],33,-1,-1,1,-1
33191,[0.45103725 0.24735956],33,-1,-1,1,-1
33192,[0.49669211 0.21261232],33,22,"[0.48652568093748694, 0.17046194652960403]",1,-1
33193,[0.50682338 0.13656298],33,22,"[0.48652568093748694, 0.17046194652960403]",1,2
33194,[0.47322669 0.17174866],33,22,"[0.48652568093748694, 0.17046194652960403]",1,2
33195,[0.55254259 0.10934239],33,-1,-1,1,-1
33196,[0.56227133 0.14276111],33,-1,-1,1,-1
33197,[0.53958531 0.15903036],33,22,"[0.48652568093748694, 0.17046194652960403]",1,-1
33198,[0.53056727 0.18018151],33,22,"[0.48652568093748694, 0.17046194652960403]",1,-1
33199,[0.51707323 0.22814978],33,22,"[0.48652568093748694, 0.17046194652960403]",1,-1
33200,[0.55634708 0.15216367],33,-1,-1,1,-1
33201,[0.48778056 0.14492956],33,22,"[0.48652568093748694, 0.17046194652960403]",1,2
33202,[0.55652966 0.23367266],33,-1,-1,1,-1
33203,[0.49023082 0.07831852],33,-1,-1,1,-1
33204,[0.53230701 0.18766776],33,22,"[0.48652568093748694, 0.17046194652960403]",1,-1
33205,[0.52644427 0.17126846],33,22,"[0.48652568093748694, 0.17046194652960403]",1,-1
33206,[0.51639985 0.09721804],33,-1,-1,1,-1
33207,[0.37851836 0.16430159],33,-1,-1,1,-1
33208,[0.56153733 0.144533  ],33,-1,-1,1,-1
33209,[0.45808414 0.18588463],33,22,"[0.48652568093748694, 0.17046194652960403]",1,2
33210,[0.56133811 0.17978013],33,-1,-1,1,-1
33211,[0.48223858 0.30767909],33,37,"[0.4780366509520634, 0.3686118735311782]",1,-1
33212,[0.50574453 0.21089283],33,22,"[0.48652568093748694, 0.17046194652960403]",1,-1
33213,[0.53430348 0.12397539],33,22,"[0.48652568093748694, 0.17046194652960403]",1,-1
33214,[0.46671465 0.12890063],33,22,"[0.48652568093748694, 0.17046194652960403]",1,2
33215,[0.48867111 0.09424984],33,-1,-1,1,-1
33216,[0.48403438 0.17913488],33,22,"[0.48652568093748694, 0.17046194652960403]",1,2
33217,[0.51290595 0.260167  ],33,-1,-1,1,-1
33218,[0.42984227 0.16268415],33,22,"[0.48652568093748694, 0.17046194652960403]",1,-1
33219,[0.48254633 0.14134521],33,22,"[0.48652568093748694, 0.17046194652960403]",1,2
33220,[0.43295089 0.17491131],33,22,"[0.48652568093748694, 0.17046194652960403]",1,-1
33221,[0.40011273 0.07383369],33,-1,-1,1,-1
33222,[0.46580406 0.11489585],33,22,"[0.48652568093748694, 0.17046194652960403]",1,-1
33223,[0.50079239 0.25577808],33,-1,-1,1,-1
33224,[0.48241235 0.11197875],33,22,"[0.48652568093748694, 0.17046194652960403]",1,-1
33225,[0.47564887 0.17596585],33,22,"[0.48652568093748694, 0.17046194652960403]",1,2
33226,[0.39452245 0.21734392],33,-1,-1,1,-1
33227,[0.4956378  0.25528915],33,-1,-1,1,-1
33228,[0.47381825 0.13719873],33,22,"[0.48652568093748694, 0.17046194652960403]",1,2
33229,[0.54571816 0.25444605],33,-1,-1,1,-1
33230,[0.49605898 0.25897119],33,-1,-1,1,-1
33231,[0.5091381  0.17770544],33,22,"[0.48652568093748694, 0.17046194652960403]",1,2
33232,[0.53805008 0.22152302],33,-1,-1,1,-1
33233,[0.47081852 0.27419367],33,-1,-1,1,-1
33234,[0.49955852 0.18026165],33,22,"[0.48652568093748694, 0.17046194652960403]",1,2
33235,[0.4650925  0.10638294],33,22,"[0.48652568093748694, 0.17046194652960403]",1,-1
33236,[0.487829   0.11934826],33,22,"[0.48652568093748694, 0.17046194652960403]",1,-1
33237,[0.53023931 0.21986006],33,22,"[0.48652568093748694, 0.17046194652960403]",1,-1
33238,[0.43547275 0.19077369],33,22,"[0.48652568093748694, 0.17046194652960403]",1,-1
33239,[0.50882846 0.26436056],33,-1,-1,1,-1
33240,[0.46562145 0.20773   ],33,22,"[0.48652568093748694, 0.17046194652960403]",1,2
33241,[0.46112275 0.10727881],33,22,"[0.48652568093748694, 0.17046194652960403]",1,-1
33242,[0.4521604  0.24427331],33,-1,-1,1,-1
33243,[0.41603127 0.14368695],33,-1,-1,1,-1
33244,[0.41357779 0.21458148],33,-1,-1,1,-1
33245,[0.44646736 0.19630434],33,22,"[0.48652568093748694, 0.17046194652960403]",1,-1
33246,[0.43517715 0.01911334],33,-1,-1,-1,-1
33247,[0.47750323 0.20860478],33,22,"[0.48652568093748694, 0.17046194652960403]",1,-1
33248,[0.4613652 0.1387244],33,22,"[0.48652568093748694, 0.17046194652960403]",1,2
33249,[0.36442057 0.08786969],33,-1,-1,-1,-1
33250,[0.4350139  0.15123889],33,22,"[0.48652568093748694, 0.17046194652960403]",1,-1
33251,[0.50167037 0.10899209],33,22,"[0.48652568093748694, 0.17046194652960403]",1,-1
33252,[0.53010866 0.08097174],33,-1,-1,1,-1
33253,[0.50394547 0.11156136],33,22,"[0.48652568093748694, 0.17046194652960403]",1,-1
33254,[0.44728912 0.19868696],33,22,"[0.48652568093748694, 0.17046194652960403]",1,2
33255,[0.49954224 0.08371977],33,-1,-1,1,-1
33256,[0.47881724 0.07818876],33,-1,-1,1,-1
33257,[0.50397108 0.17371672],33,22,"[0.48652568093748694, 0.17046194652960403]",1,2
33258,[0.43132489 0.25167725],33,4,"[0.3937233168939997, 0.29890402186269427]",1,-1
33259,[0.55035068 0.25967858],33,-1,-1,1,-1
33260,[0.50636373 0.14221486],33,22,"[0.48652568093748694, 0.17046194652960403]",1,2
33261,[0.51837047 0.19046562],33,22,"[0.48652568093748694, 0.17046194652960403]",1,2
33262,[0.46848154 0.17015811],33,22,"[0.48652568093748694, 0.17046194652960403]",1,2
33263,[0.48140912 0.21878283],33,22,"[0.48652568093748694, 0.17046194652960403]",1,2
33264,[0.5350222  0.15379703],33,22,"[0.48652568093748694, 0.17046194652960403]",1,-1
33265,[0.50199685 0.22991461],33,22,"[0.48652568093748694, 0.17046194652960403]",1,-1
33266,[0.42519299 0.19924385],33,22,"[0.48652568093748694, 0.17046194652960403]",1,-1
33267,[0.51717328 0.15517432],33,22,"[0.48652568093748694, 0.17046194652960403]",1,2
33268,[0.46435959 0.16607984],33,22,"[0.48652568093748694, 0.17046194652960403]",1,2
33269,[0.53426937 0.14206684],33,22,"[0.48652568093748694, 0.17046194652960403]",1,-1
33270,[0.51954505 0.20844456],33,22,"[0.48652568093748694, 0.17046194652960403]",1,-1
33271,[0.52812726 0.2009081 ],33,22,"[0.48652568093748694, 0.17046194652960403]",1,-1
33272,[0.50484856 0.17493755],33,22,"[0.48652568093748694, 0.17046194652960403]",1,2
33273,[0.45382587 0.0596714 ],33,-1,-1,1,-1
33274,[0.54664534 0.18818278],33,22,"[0.48652568093748694, 0.17046194652960403]",1,-1
33275,[0.53252908 0.2450214 ],33,-1,-1,1,-1
33276,[0.37995765 0.20321861],33,-1,-1,1,-1
33277,[0.38374401 0.20334541],33,-1,-1,1,-1
33278,[0.46817136 0.12347941],33,22,"[0.48652568093748694, 0.17046194652960403]",1,2
33279,[0.48237302 0.11787075],33,22,"[0.48652568093748694, 0.17046194652960403]",1,-1
33280,[0.4960144  0.12982804],33,22,"[0.48652568093748694, 0.17046194652960403]",1,-1
33281,[0.51389111 0.08719294],33,-1,-1,1,-1
33282,[0.43753861 0.19066819],33,22,"[0.48652568093748694, 0.17046194652960403]",1,-1
33283,[0.46197123 0.17477828],33,22,"[0.48652568093748694, 0.17046194652960403]",1,2
33284,[0.50483542 0.10490011],33,22,"[0.48652568093748694, 0.17046194652960403]",1,-1
33285,[0.47701079 0.14912109],33,22,"[0.48652568093748694, 0.17046194652960403]",1,2
33286,[0.42592132 0.27070605],33,4,"[0.3937233168939997, 0.29890402186269427]",1,-1
33287,[0.54568487 0.10925162],33,-1,-1,1,-1
33288,[0.45049267 0.26286212],33,4,"[0.3937233168939997, 0.29890402186269427]",1,-1
33289,[0.45855869 0.19439392],33,22,"[0.48652568093748694, 0.17046194652960403]",1,2
33290,[0.47104201 0.18361723],33,22,"[0.48652568093748694, 0.17046194652960403]",1,2
33291,[0.45696201 0.18431252],33,22,"[0.48652568093748694, 0.17046194652960403]",1,2
33292,[0.4452989  0.21577037],33,22,"[0.48652568093748694, 0.17046194652960403]",1,-1
33293,[0.48250555 0.23036412],33,22,"[0.48652568093748694, 0.17046194652960403]",1,-1
33294,[0.48250759 0.1628479 ],33,22,"[0.48652568093748694, 0.17046194652960403]",1,2
33295,[0.43272517 0.19423178],33,22,"[0.48652568093748694, 0.17046194652960403]",1,-1
33296,[0.39737065 0.21131502],33,-1,-1,1,-1
33297,[0.53760133 0.17911926],33,22,"[0.48652568093748694, 0.17046194652960403]",1,-1
33298,[0.52287711 0.14320782],33,22,"[0.48652568093748694, 0.17046194652960403]",1,2
33299,[0.5245734  0.23744187],33,-1,-1,1,-1
33300,[0.42430309 0.17491084],33,22,"[0.48652568093748694, 0.17046194652960403]",1,-1
33301,[0.43190598 0.1526707 ],33,22,"[0.48652568093748694, 0.17046194652960403]",1,-1
33302,[0.50081361 0.14859497],33,22,"[0.48652568093748694, 0.17046194652960403]",1,2
33303,[0.50848407 0.18459596],33,22,"[0.48652568093748694, 0.17046194652960403]",1,2
33304,[0.53893191 0.11090356],33,-1,-1,1,-1
33305,[0.56889666 0.11647659],33,-1,-1,1,-1
33306,[0.43450306 0.24192636],33,-1,-1,1,-1
33307,[0.45396255 0.22362779],33,22,"[0.48652568093748694, 0.17046194652960403]",1,2
33308,[0.56743088 0.14342611],33,-1,-1,1,-1
33309,[0.41413559 0.12983744],33,-1,-1,1,-1
33310,[0.51554579 0.21390556],33,22,"[0.48652568093748694, 0.17046194652960403]",1,-1
33311,[0.45609685 0.12381759],33,22,"[0.48652568093748694, 0.17046194652960403]",1,-1
33312,[0.54075424 0.15680238],33,22,"[0.48652568093748694, 0.17046194652960403]",1,-1
33313,[0.46638348 0.12401224],33,22,"[0.48652568093748694, 0.17046194652960403]",1,2
33314,[0.45738093 0.16279174],33,22,"[0.48652568093748694, 0.17046194652960403]",1,2
33315,[0.41641737 0.28970425],33,4,"[0.3937233168939997, 0.29890402186269427]",1,-1
33316,[0.54548438 0.16236106],33,22,"[0.48652568093748694, 0.17046194652960403]",1,-1
33317,[0.5295315  0.19161411],33,22,"[0.48652568093748694, 0.17046194652960403]",1,-1
33318,[0.48287428 0.09955265],33,-1,-1,1,-1
33319,[0.49562315 0.25950773],33,-1,-1,1,-1
33320,[0.57989591 0.11931828],33,-1,-1,1,-1
33321,[0.39441932 0.25562631],33,4,"[0.3937233168939997, 0.29890402186269427]",1,-1
33322,[0.54629959 0.14739528],33,22,"[0.48652568093748694, 0.17046194652960403]",1,-1
33323,[0.53571256 0.13130362],33,22,"[0.48652568093748694, 0.17046194652960403]",1,-1
33324,[0.51338357 0.14892959],33,22,"[0.48652568093748694, 0.17046194652960403]",1,2
33325,[0.40936803 0.21241399],33,-1,-1,1,-1
33326,[0.50446612 0.26281638],33,-1,-1,1,-1
33327,[0.42190976 0.1260729 ],33,-1,-1,1,-1
33328,[0.49297069 0.22247494],33,22,"[0.48652568093748694, 0.17046194652960403]",1,-1
33329,[0.48231876 0.23023769],33,22,"[0.48652568093748694, 0.17046194652960403]",1,-1
33330,[0.44768598 0.1818764 ],33,22,"[0.48652568093748694, 0.17046194652960403]",1,-1
33331,[0.42799658 0.17924109],33,22,"[0.48652568093748694, 0.17046194652960403]",1,-1
33332,[0.50362461 0.19098354],33,22,"[0.48652568093748694, 0.17046194652960403]",1,2
33333,[0.49530335 0.27328799],33,-1,-1,1,-1
33334,[0.51117145 0.13703988],33,22,"[0.48652568093748694, 0.17046194652960403]",1,2
33335,[0.43751518 0.11288427],33,-1,-1,1,-1
33336,[0.47129876 0.18647994],33,22,"[0.48652568093748694, 0.17046194652960403]",1,2
33337,[0.49101475 0.15704248],33,22,"[0.48652568093748694, 0.17046194652960403]",1,2
33338,[0.38220093 0.16036007],33,-1,-1,1,-1
33339,[0.61112161 0.19487509],33,-1,-1,-1,-1
33340,[0.45950485 0.20833228],33,22,"[0.48652568093748694, 0.17046194652960403]",1,2
33341,[0.42209799 0.15229353],33,22,"[0.48652568093748694, 0.17046194652960403]",1,-1
33342,[0.52956896 0.12678983],33,22,"[0.48652568093748694, 0.17046194652960403]",1,-1
33343,[0.50935406 0.26589291],33,-1,-1,1,-1
33344,[0.46486508 0.12592991],33,22,"[0.48652568093748694, 0.17046194652960403]",1,2
33345,[0.49158277 0.25948745],33,-1,-1,1,-1
33346,[0.48133392 0.11770977],33,22,"[0.48652568093748694, 0.17046194652960403]",1,-1
33347,[0.40288369 0.23968116],33,4,"[0.3937233168939997, 0.29890402186269427]",1,-1
33348,[0.43054379 0.14856588],33,22,"[0.48652568093748694, 0.17046194652960403]",1,2
33349,[0.4043627  0.18775821],33,-1,-1,1,-1
33350,[0.51554475 0.18285928],33,22,"[0.48652568093748694, 0.17046194652960403]",1,2
33351,[0.41265031 0.16917454],33,-1,-1,1,-1
33352,[0.40527865 0.11092417],33,-1,-1,1,-1
33353,[0.47378029 0.23031483],33,22,"[0.48652568093748694, 0.17046194652960403]",1,-1
33354,[0.52824329 0.24361481],33,-1,-1,1,-1
33355,[0.44452783 0.06222909],33,-1,-1,1,-1
33356,[0.51989446 0.12752067],33,22,"[0.48652568093748694, 0.17046194652960403]",1,-1
33357,[0.46107216 0.19975916],33,22,"[0.48652568093748694, 0.17046194652960403]",1,2
33358,[0.46498941 0.22208528],33,22,"[0.48652568093748694, 0.17046194652960403]",1,2
33359,[0.54845704 0.13670299],33,-1,-1,1,-1
33360,[0.49435202 0.18746043],33,22,"[0.48652568093748694, 0.17046194652960403]",1,2
33361,[0.48588844 0.21129155],33,22,"[0.48652568093748694, 0.17046194652960403]",1,2
33362,[0.51597296 0.19598633],33,22,"[0.48652568093748694, 0.17046194652960403]",1,2
33363,[0.56497979 0.28218213],33,46,"[0.5877940429991866, 0.34550221910317963]",1,-1
33364,[0.40083727 0.20504067],33,-1,-1,1,-1
33365,[0.44931572 0.16387126],33,22,"[0.48652568093748694, 0.17046194652960403]",1,2
33366,[0.42464942 0.11888358],33,-1,-1,1,-1
33367,[0.53520669 0.20291435],33,22,"[0.48652568093748694, 0.17046194652960403]",1,-1
33368,[0.54512568 0.1548257 ],33,22,"[0.48652568093748694, 0.17046194652960403]",1,-1
33369,[0.58012192 0.0816748 ],33,-1,-1,-1,-1
33370,[0.53898733 0.10722484],33,-1,-1,1,-1
33371,[0.51964792 0.131845  ],33,22,"[0.48652568093748694, 0.17046194652960403]",1,2
33372,[0.42619884 0.11381051],33,-1,-1,1,-1
33373,[0.4557322  0.17753495],33,22,"[0.48652568093748694, 0.17046194652960403]",1,2
33374,[0.58257751 0.20529904],33,-1,-1,1,-1
33375,[0.42564486 0.14853919],33,22,"[0.48652568093748694, 0.17046194652960403]",1,-1
33376,[0.54073087 0.09681278],33,-1,-1,1,-1
33377,[0.47314604 0.15033944],33,22,"[0.48652568093748694, 0.17046194652960403]",1,2
33378,[0.52282335 0.15773521],33,22,"[0.48652568093748694, 0.17046194652960403]",1,2
33379,[0.51553159 0.18934125],33,22,"[0.48652568093748694, 0.17046194652960403]",1,2
33380,[0.45281589 0.18112723],33,22,"[0.48652568093748694, 0.17046194652960403]",1,2
33381,[0.46522494 0.22839814],33,22,"[0.48652568093748694, 0.17046194652960403]",1,2
33382,[0.51003093 0.10157699],33,-1,-1,1,-1
33383,[0.53098145 0.19055177],33,22,"[0.48652568093748694, 0.17046194652960403]",1,-1
33384,[0.48119131 0.14984199],33,22,"[0.48652568093748694, 0.17046194652960403]",1,2
33385,[0.38671242 0.11655646],33,-1,-1,1,-1
33386,[0.54544061 0.25973987],33,-1,-1,1,-1
33387,[0.54069963 0.24464603],33,-1,-1,1,-1
33388,[0.46890807 0.13002969],33,22,"[0.48652568093748694, 0.17046194652960403]",1,2
33389,[0.44164411 0.11739142],33,22,"[0.48652568093748694, 0.17046194652960403]",1,-1
33390,[0.42537836 0.13913679],33,22,"[0.48652568093748694, 0.17046194652960403]",1,-1
33391,[0.46977068 0.16816588],33,22,"[0.48652568093748694, 0.17046194652960403]",1,2
33392,[0.49166201 0.18346183],33,22,"[0.48652568093748694, 0.17046194652960403]",1,2
33393,[0.44845494 0.19434026],33,22,"[0.48652568093748694, 0.17046194652960403]",1,2
33394,[0.45741056 0.20037763],33,22,"[0.48652568093748694, 0.17046194652960403]",1,2
33395,[0.50298559 0.17852084],33,22,"[0.48652568093748694, 0.17046194652960403]",1,2
33396,[0.47698098 0.14156011],33,22,"[0.48652568093748694, 0.17046194652960403]",1,2
33397,[0.56481948 0.2178606 ],33,-1,-1,1,-1
33398,[0.47204805 0.25479434],33,-1,-1,1,-1
33399,[0.44586178 0.18371591],33,22,"[0.48652568093748694, 0.17046194652960403]",1,2
33400,[0.45269835 0.07336099],33,-1,-1,1,-1
33401,[0.48279213 0.0963705 ],33,-1,-1,1,-1
33402,[0.46090335 0.17085829],33,22,"[0.48652568093748694, 0.17046194652960403]",1,2
33403,[0.47282878 0.1724081 ],33,22,"[0.48652568093748694, 0.17046194652960403]",1,2
33404,[0.55185771 0.22985291],33,-1,-1,1,-1
33405,[0.55491303 0.19282577],33,-1,-1,1,-1
33406,[0.43507229 0.18459498],33,22,"[0.48652568093748694, 0.17046194652960403]",1,-1
33407,[0.48632332 0.19497741],33,22,"[0.48652568093748694, 0.17046194652960403]",1,2
33408,[0.46626882 0.20552165],33,22,"[0.48652568093748694, 0.17046194652960403]",1,2
33409,[0.42090507 0.12856232],33,-1,-1,1,-1
33410,[0.47639293 0.14279109],33,22,"[0.48652568093748694, 0.17046194652960403]",1,2
33411,[0.44842416 0.20121426],33,22,"[0.48652568093748694, 0.17046194652960403]",1,2
33412,[0.45344106 0.13985858],33,22,"[0.48652568093748694, 0.17046194652960403]",1,-1
33413,[0.5089092  0.07155022],33,-1,-1,1,-1
33414,[0.62279369 0.23927691],33,-1,-1,-1,-1
33415,[0.44609597 0.19953428],33,22,"[0.48652568093748694, 0.17046194652960403]",1,-1
33416,[0.48539555 0.30548798],33,37,"[0.4780366509520634, 0.3686118735311782]",1,-1
33417,[0.56844295 0.19169898],33,-1,-1,1,-1
33418,[0.56335365 0.2597949 ],33,-1,-1,1,-1
33419,[0.51378044 0.09146739],33,-1,-1,1,-1
33420,[0.52379625 0.17497411],33,22,"[0.48652568093748694, 0.17046194652960403]",1,-1
33421,[0.47944486 0.20908998],33,22,"[0.48652568093748694, 0.17046194652960403]",1,2
33422,[0.5966286  0.20543364],33,-1,-1,-1,-1
33423,[0.49768943 0.14022551],33,22,"[0.48652568093748694, 0.17046194652960403]",1,2
33424,[0.44155871 0.13394886],33,22,"[0.48652568093748694, 0.17046194652960403]",1,-1
33425,[0.41309927 0.14515603],33,-1,-1,1,-1
33426,[0.50908169 0.23842961],33,-1,-1,1,-1
33427,[0.46730691 0.08121706],33,-1,-1,1,-1
33428,[0.54911098 0.23345401],33,-1,-1,1,-1
33429,[0.45608158 0.1464539 ],33,22,"[0.48652568093748694, 0.17046194652960403]",1,-1
33430,[0.4950063  0.07482771],33,-1,-1,1,-1
33431,[0.51159336 0.1697516 ],33,22,"[0.48652568093748694, 0.17046194652960403]",1,2
33432,[0.58961422 0.13283704],33,-1,-1,1,-1
33433,[0.46360359 0.12814192],33,22,"[0.48652568093748694, 0.17046194652960403]",1,2
33434,[0.53594762 0.22005031],33,-1,-1,1,-1
33435,[0.5250155 0.1754748],33,22,"[0.48652568093748694, 0.17046194652960403]",1,-1
33436,[0.54890059 0.22664168],33,-1,-1,1,-1
33437,[0.47891444 0.14466031],33,22,"[0.48652568093748694, 0.17046194652960403]",1,2
33438,[0.44929765 0.16508091],33,22,"[0.48652568093748694, 0.17046194652960403]",1,2
33439,[0.55584688 0.15868643],33,-1,-1,1,-1
33440,[0.3871168  0.19075336],33,-1,-1,1,-1
33441,[0.50263859 0.17798695],33,22,"[0.48652568093748694, 0.17046194652960403]",1,2
33442,[0.51903326 0.13672724],33,22,"[0.48652568093748694, 0.17046194652960403]",1,2
33443,[0.46881165 0.2195141 ],33,22,"[0.48652568093748694, 0.17046194652960403]",1,2
33444,[0.50831087 0.13845768],33,22,"[0.48652568093748694, 0.17046194652960403]",1,2
33445,[0.47540186 0.15677688],33,22,"[0.48652568093748694, 0.17046194652960403]",1,2
33446,[0.41733786 0.07579628],33,-1,-1,1,-1
33447,[0.53130725 0.22493026],33,-1,-1,1,-1
33448,[0.60080854 0.19474357],33,-1,-1,-1,-1
33449,[0.46968394 0.17415402],33,22,"[0.48652568093748694, 0.17046194652960403]",1,2
33450,[0.48912238 0.21329992],33,22,"[0.48652568093748694, 0.17046194652960403]",1,2
33451,[0.4393318  0.14176693],33,22,"[0.48652568093748694, 0.17046194652960403]",1,-1
33452,[0.52284607 0.19827914],33,22,"[0.48652568093748694, 0.17046194652960403]",1,-1
33453,[0.44994341 0.16240211],33,22,"[0.48652568093748694, 0.17046194652960403]",1,2
33454,[0.48596371 0.21484995],33,22,"[0.48652568093748694, 0.17046194652960403]",1,2
33455,[0.49332172 0.20227579],33,22,"[0.48652568093748694, 0.17046194652960403]",1,2
33456,[0.43337216 0.15367533],33,22,"[0.48652568093748694, 0.17046194652960403]",1,-1
33457,[0.49861705 0.11936308],33,22,"[0.48652568093748694, 0.17046194652960403]",1,-1
33458,[0.55612843 0.25301513],33,-1,-1,1,-1
33459,[0.50132625 0.26388982],33,-1,-1,1,-1
33460,[0.4411532  0.16912836],33,22,"[0.48652568093748694, 0.17046194652960403]",1,-1
33461,[0.50816784 0.19474384],33,22,"[0.48652568093748694, 0.17046194652960403]",1,2
33462,[0.50068417 0.19018348],33,22,"[0.48652568093748694, 0.17046194652960403]",1,2
33463,[0.50958944 0.11195164],33,22,"[0.48652568093748694, 0.17046194652960403]",1,-1
33464,[0.48898231 0.1503656 ],33,22,"[0.48652568093748694, 0.17046194652960403]",1,2
33465,[0.47538654 0.15511203],33,22,"[0.48652568093748694, 0.17046194652960403]",1,2
33466,[0.49381017 0.11728651],33,22,"[0.48652568093748694, 0.17046194652960403]",1,-1
33467,[0.52314728 0.19269865],33,22,"[0.48652568093748694, 0.17046194652960403]",1,-1
33468,[0.4169972  0.17626961],33,22,"[0.48652568093748694, 0.17046194652960403]",1,-1
33469,[0.46390907 0.21449023],33,22,"[0.48652568093748694, 0.17046194652960403]",1,2
33470,[0.47897516 0.18647213],33,22,"[0.48652568093748694, 0.17046194652960403]",1,2
33471,[0.44392673 0.14398581],33,22,"[0.48652568093748694, 0.17046194652960403]",1,-1
33472,[0.48817776 0.28618082],33,-1,-1,1,-1
33473,[0.49818334 0.20899608],33,22,"[0.48652568093748694, 0.17046194652960403]",1,2
33474,[0.44210118 0.14896936],33,22,"[0.48652568093748694, 0.17046194652960403]",1,2
33475,[0.52772371 0.19766832],33,22,"[0.48652568093748694, 0.17046194652960403]",1,-1
33476,[0.48894742 0.02571211],33,-1,-1,-1,-1
33477,[0.40120626 0.25249889],33,4,"[0.3937233168939997, 0.29890402186269427]",1,-1
33478,[0.37639059 0.13004083],33,-1,-1,1,-1
33479,[0.49260427 0.16179157],33,22,"[0.48652568093748694, 0.17046194652960403]",1,2
33480,[0.58067333 0.13294215],33,-1,-1,1,-1
33481,[0.58417659 0.18900934],33,-1,-1,1,-1
33482,[0.50063296 0.07463533],33,-1,-1,1,-1
33483,[0.60894252 0.23906526],33,-1,-1,-1,-1
33484,[0.53874891 0.114097  ],33,-1,-1,1,-1
33485,[0.61025556 0.17229169],33,-1,-1,-1,-1
33486,[0.47561619 0.13217233],33,22,"[0.48652568093748694, 0.17046194652960403]",1,2
33487,[0.35655279 0.25640629],33,4,"[0.3937233168939997, 0.29890402186269427]",1,-1
33488,[0.50091398 0.11749337],33,22,"[0.48652568093748694, 0.17046194652960403]",1,-1
33489,[0.44625729 0.09757766],33,-1,-1,1,-1
33490,[0.45298896 0.20780763],33,22,"[0.48652568093748694, 0.17046194652960403]",1,2
33491,[0.41683732 0.16915595],33,22,"[0.48652568093748694, 0.17046194652960403]",1,-1
33492,[0.4712812  0.22359956],33,22,"[0.48652568093748694, 0.17046194652960403]",1,2
33493,[0.48650127 0.21111806],33,22,"[0.48652568093748694, 0.17046194652960403]",1,2
33494,[0.49443521 0.22756252],33,22,"[0.48652568093748694, 0.17046194652960403]",1,-1
33495,[0.50017626 0.08237971],33,-1,-1,1,-1
33496,[0.5027183 0.2065042],33,22,"[0.48652568093748694, 0.17046194652960403]",1,2
33497,[0.55893601 0.12567582],33,-1,-1,1,-1
33498,[0.55959406 0.24559008],33,-1,-1,1,-1
33499,[0.44931101 0.22749986],33,22,"[0.48652568093748694, 0.17046194652960403]",1,-1
33500,[0.55135173 0.08321016],33,-1,-1,-1,-1
33501,[0.49216011 0.15827854],33,22,"[0.48652568093748694, 0.17046194652960403]",1,2
33502,[0.51991201 0.16153024],33,22,"[0.48652568093748694, 0.17046194652960403]",1,2
33503,[0.49901232 0.14663361],33,22,"[0.48652568093748694, 0.17046194652960403]",1,2
33504,[0.49544891 0.20560259],33,22,"[0.48652568093748694, 0.17046194652960403]",1,2
33505,[0.53495495 0.11518618],33,-1,-1,1,-1
33506,[0.55155441 0.20076982],33,-1,-1,1,-1
33507,[0.51996538 0.1469305 ],33,22,"[0.48652568093748694, 0.17046194652960403]",1,2
33508,[0.47558124 0.22549083],33,22,"[0.48652568093748694, 0.17046194652960403]",1,-1
33509,[0.45431748 0.15184924],33,22,"[0.48652568093748694, 0.17046194652960403]",1,2
33510,[0.47961477 0.09995159],33,-1,-1,1,-1
33511,[0.45609345 0.15560514],33,22,"[0.48652568093748694, 0.17046194652960403]",1,2
33512,[0.44962403 0.20800128],33,22,"[0.48652568093748694, 0.17046194652960403]",1,2
33513,[0.55283406 0.17260531],33,22,"[0.48652568093748694, 0.17046194652960403]",1,-1
33514,[0.45713711 0.22621186],33,22,"[0.48652568093748694, 0.17046194652960403]",1,2
33515,[0.43168957 0.25999785],33,4,"[0.3937233168939997, 0.29890402186269427]",1,-1
33516,[0.51264951 0.19180812],33,22,"[0.48652568093748694, 0.17046194652960403]",1,2
33517,[0.4548811  0.23371111],33,-1,-1,1,-1
33518,[0.53830143 0.19035754],33,22,"[0.48652568093748694, 0.17046194652960403]",1,-1
33519,[0.4729873  0.14185594],33,22,"[0.48652568093748694, 0.17046194652960403]",1,2
33520,[0.46904985 0.11498911],33,22,"[0.48652568093748694, 0.17046194652960403]",1,2
33521,[0.45841677 0.18777225],33,22,"[0.48652568093748694, 0.17046194652960403]",1,2
33522,[0.47111847 0.10636578],33,22,"[0.48652568093748694, 0.17046194652960403]",1,-1
33523,[0.48713224 0.12073378],33,22,"[0.48652568093748694, 0.17046194652960403]",1,-1
33524,[0.46639654 0.13232823],33,22,"[0.48652568093748694, 0.17046194652960403]",1,2
33525,[0.51025931 0.1222432 ],33,22,"[0.48652568093748694, 0.17046194652960403]",1,-1
33526,[0.4810308  0.18504845],33,22,"[0.48652568093748694, 0.17046194652960403]",1,2
33527,[0.49508229 0.29359331],33,-1,-1,1,-1
33528,[0.52948904 0.155697  ],33,22,"[0.48652568093748694, 0.17046194652960403]",1,-1
33529,[0.41451521 0.1882533 ],33,-1,-1,1,-1
33530,[0.47294575 0.2190248 ],33,22,"[0.48652568093748694, 0.17046194652960403]",1,2
33531,[0.50412336 0.17330332],33,22,"[0.48652568093748694, 0.17046194652960403]",1,2
33532,[0.4733763  0.17835074],33,22,"[0.48652568093748694, 0.17046194652960403]",1,2
33533,[0.41367898 0.23733215],33,4,"[0.3937233168939997, 0.29890402186269427]",1,-1
33534,[0.55825693 0.12854185],33,-1,-1,1,-1
33535,[0.46093752 0.12495781],33,22,"[0.48652568093748694, 0.17046194652960403]",1,2
33536,[0.4036924  0.11272982],33,-1,-1,1,-1
33537,[0.51563411 0.16849502],33,22,"[0.48652568093748694, 0.17046194652960403]",1,2
33538,[0.43058705 0.18580379],33,22,"[0.48652568093748694, 0.17046194652960403]",1,-1
33539,[0.48642223 0.17248784],33,22,"[0.48652568093748694, 0.17046194652960403]",1,2
33540,[0.49900125 0.1737657 ],33,22,"[0.48652568093748694, 0.17046194652960403]",1,2
33541,[0.48248538 0.20608696],33,22,"[0.48652568093748694, 0.17046194652960403]",1,2
33542,[0.41050668 0.22643223],33,-1,-1,1,-1
33543,[0.51879878 0.14507296],33,22,"[0.48652568093748694, 0.17046194652960403]",1,2
33544,[0.5425777  0.15234374],33,22,"[0.48652568093748694, 0.17046194652960403]",1,-1
33545,[0.48256047 0.19258864],33,22,"[0.48652568093748694, 0.17046194652960403]",1,2
33546,[0.53826545 0.24177755],33,-1,-1,1,-1
33547,[0.50439309 0.18385683],33,22,"[0.48652568093748694, 0.17046194652960403]",1,2
33548,[0.60665101 0.24845148],33,-1,-1,1,-1
33549,[0.52041123 0.27289806],33,-1,-1,1,-1
33550,[0.42016924 0.14821345],33,22,"[0.48652568093748694, 0.17046194652960403]",1,-1
33551,[0.54884642 0.25393866],33,-1,-1,1,-1
33552,[0.50957951 0.18617285],33,22,"[0.48652568093748694, 0.17046194652960403]",1,2
33553,[0.46852242 0.13430779],33,22,"[0.48652568093748694, 0.17046194652960403]",1,2
33554,[0.41937863 0.12990018],33,-1,-1,1,-1
33555,[0.41295329 0.1688823 ],33,-1,-1,1,-1
33556,[0.42228305 0.13937181],33,-1,-1,1,-1
33557,[0.55491297 0.12041928],33,-1,-1,1,-1
33558,[0.5413835  0.16128644],33,22,"[0.48652568093748694, 0.17046194652960403]",1,-1
33559,[0.5591838  0.17056636],33,-1,-1,1,-1
33560,[0.44347385 0.19704965],33,22,"[0.48652568093748694, 0.17046194652960403]",1,-1
33561,[0.4861108  0.18944319],33,22,"[0.48652568093748694, 0.17046194652960403]",1,2
33562,[0.52585562 0.26908832],33,-1,-1,1,-1
33563,[0.49945668 0.23666366],33,22,"[0.48652568093748694, 0.17046194652960403]",1,-1
33564,[0.36755688 0.17439323],33,-1,-1,1,-1
33565,[0.51099451 0.18801015],33,22,"[0.48652568093748694, 0.17046194652960403]",1,2
33566,[0.45969096 0.24963264],33,-1,-1,1,-1
33567,[0.48028584 0.08923663],33,-1,-1,1,-1
33568,[0.52048429 0.20760219],33,22,"[0.48652568093748694, 0.17046194652960403]",1,-1
33569,[0.5564447  0.18499527],33,-1,-1,1,-1
33570,[0.54868499 0.12726616],33,-1,-1,1,-1
33571,[0.51217978 0.20050567],33,22,"[0.48652568093748694, 0.17046194652960403]",1,-1
33572,[0.37086625 0.18359223],33,-1,-1,1,-1
33573,[0.43704059 0.23052748],33,-1,-1,1,-1
33574,[0.53545284 0.2483762 ],33,-1,-1,1,-1
33575,[0.4840324  0.22975346],33,22,"[0.48652568093748694, 0.17046194652960403]",1,-1
33576,[0.51704084 0.16622014],33,22,"[0.48652568093748694, 0.17046194652960403]",1,2
33577,[0.53641299 0.23197445],33,-1,-1,1,-1
33578,[0.4931323  0.11656588],33,22,"[0.48652568093748694, 0.17046194652960403]",1,-1
33579,[0.51395021 0.17211255],33,22,"[0.48652568093748694, 0.17046194652960403]",1,2
33580,[0.56890456 0.21347679],33,-1,-1,1,-1
33581,[0.45869724 0.22724645],33,22,"[0.48652568093748694, 0.17046194652960403]",1,2
33582,[0.52068083 0.15912014],33,22,"[0.48652568093748694, 0.17046194652960403]",1,2
33583,[0.52831841 0.13566806],33,22,"[0.48652568093748694, 0.17046194652960403]",1,-1
33584,[0.49040073 0.20974602],33,22,"[0.48652568093748694, 0.17046194652960403]",1,2
33585,[0.52874895 0.15432008],33,22,"[0.48652568093748694, 0.17046194652960403]",1,-1
33586,[0.51826874 0.09034271],33,-1,-1,1,-1
33587,[0.48156981 0.1856554 ],33,22,"[0.48652568093748694, 0.17046194652960403]",1,2
33588,[0.48023644 0.15475376],33,22,"[0.48652568093748694, 0.17046194652960403]",1,2
33589,[0.41253693 0.19974461],33,-1,-1,1,-1
33590,[0.44737264 0.24560741],33,-1,-1,1,-1
33591,[0.5551953  0.13840138],33,-1,-1,1,-1
33592,[0.43116835 0.15422793],33,22,"[0.48652568093748694, 0.17046194652960403]",1,-1
33593,[0.47909586 0.16089693],33,22,"[0.48652568093748694, 0.17046194652960403]",1,2
33594,[0.46884889 0.17161122],33,22,"[0.48652568093748694, 0.17046194652960403]",1,2
33595,[0.45306194 0.17395638],33,22,"[0.48652568093748694, 0.17046194652960403]",1,2
33596,[0.43773093 0.20955046],33,22,"[0.48652568093748694, 0.17046194652960403]",1,-1
33597,[0.49077479 0.16903793],33,22,"[0.48652568093748694, 0.17046194652960403]",1,2
33598,[0.46059591 0.09316897],33,-1,-1,1,-1
33599,[0.46501736 0.11370443],33,22,"[0.48652568093748694, 0.17046194652960403]",1,-1
33600,[0.46277267 0.24846972],33,-1,-1,1,-1
33601,[0.48222349 0.16447262],33,22,"[0.48652568093748694, 0.17046194652960403]",1,2
33602,[0.4759106  0.28021616],33,-1,-1,1,-1
33603,[0.54745253 0.1413082 ],33,22,"[0.48652568093748694, 0.17046194652960403]",1,-1
33604,[0.45737988 0.23108942],33,22,"[0.48652568093748694, 0.17046194652960403]",1,-1
33605,[0.43988286 0.1907115 ],33,22,"[0.48652568093748694, 0.17046194652960403]",1,-1
33606,[0.44743194 0.19623549],33,22,"[0.48652568093748694, 0.17046194652960403]",1,2
33607,[0.51158477 0.18505852],33,22,"[0.48652568093748694, 0.17046194652960403]",1,2
33608,[0.50005621 0.21668941],33,22,"[0.48652568093748694, 0.17046194652960403]",1,-1
33609,[0.5157347  0.12898879],33,22,"[0.48652568093748694, 0.17046194652960403]",1,-1
33610,[0.46750323 0.19470798],33,22,"[0.48652568093748694, 0.17046194652960403]",1,2
33611,[0.52430558 0.15740576],33,22,"[0.48652568093748694, 0.17046194652960403]",1,2
33612,[0.50147311 0.16232655],33,22,"[0.48652568093748694, 0.17046194652960403]",1,2
33613,[0.41363447 0.08526809],33,-1,-1,1,-1
33614,[0.56382197 0.22689001],33,-1,-1,1,-1
33615,[0.42926258 0.2135834 ],33,-1,-1,1,-1
33616,[0.49780341 0.18794522],33,22,"[0.48652568093748694, 0.17046194652960403]",1,2
33617,[0.53293851 0.15970074],33,22,"[0.48652568093748694, 0.17046194652960403]",1,-1
33618,[0.48374882 0.16958859],33,22,"[0.48652568093748694, 0.17046194652960403]",1,2
33619,[0.60903034 0.29481666],33,46,"[0.5877940429991866, 0.34550221910317963]",1,-1
33620,[0.48992939 0.22156476],33,22,"[0.48652568093748694, 0.17046194652960403]",1,2
33621,[0.46642244 0.14428331],33,22,"[0.48652568093748694, 0.17046194652960403]",1,2
33622,[0.4802224  0.22459917],33,22,"[0.48652568093748694, 0.17046194652960403]",1,2
33623,[0.55424344 0.14836081],33,-1,-1,1,-1
33624,[0.45436286 0.13630215],33,22,"[0.48652568093748694, 0.17046194652960403]",1,2
33625,[0.38739554 0.13357271],33,-1,-1,1,-1
33626,[0.44216511 0.10486485],33,-1,-1,1,-1
33627,[0.45871715 0.16513121],33,22,"[0.48652568093748694, 0.17046194652960403]",1,2
33628,[0.44507548 0.23391156],33,-1,-1,1,-1
33629,[0.45743179 0.22822412],33,22,"[0.48652568093748694, 0.17046194652960403]",1,-1
33630,[0.42436791 0.16488453],33,22,"[0.48652568093748694, 0.17046194652960403]",1,-1
33631,[0.4672626  0.08175869],33,-1,-1,1,-1
33632,[0.44959284 0.15940541],33,22,"[0.48652568093748694, 0.17046194652960403]",1,-1
33633,[0.49589317 0.19248825],33,22,"[0.48652568093748694, 0.17046194652960403]",1,2
33634,[0.5641026  0.24588017],33,-1,-1,1,-1
33635,[0.53377361 0.20938166],33,22,"[0.48652568093748694, 0.17046194652960403]",1,-1
33636,[0.52319097 0.24287785],33,-1,-1,1,-1
33637,[0.54671689 0.18477366],33,22,"[0.48652568093748694, 0.17046194652960403]",1,-1
33638,[0.49108154 0.19388589],33,22,"[0.48652568093748694, 0.17046194652960403]",1,2
33639,[0.49356005 0.24105567],33,-1,-1,1,-1
33640,[0.44492304 0.14414994],33,22,"[0.48652568093748694, 0.17046194652960403]",1,-1
33641,[0.59914535 0.14445832],33,-1,-1,-1,-1
33642,[0.45124933 0.22566746],33,22,"[0.48652568093748694, 0.17046194652960403]",1,2
33643,[0.48819605 0.20021051],33,22,"[0.48652568093748694, 0.17046194652960403]",1,2
33644,[0.54720445 0.24990604],33,-1,-1,1,-1
33645,[0.4025047  0.16528223],33,-1,-1,1,-1
33646,[0.46557146 0.21996916],33,22,"[0.48652568093748694, 0.17046194652960403]",1,2
33647,[0.57551203 0.13451218],33,-1,-1,1,-1
33648,[0.45095687 0.28005325],33,4,"[0.3937233168939997, 0.29890402186269427]",1,-1
33649,[0.44892615 0.24949713],33,-1,-1,1,-1
33650,[0.41760321 0.18966958],33,-1,-1,1,-1
33651,[0.56599971 0.16036504],33,-1,-1,1,-1
33652,[0.47762993 0.1476232 ],33,22,"[0.48652568093748694, 0.17046194652960403]",1,2
33653,[0.49648424 0.27217316],33,-1,-1,1,-1
33654,[0.37385506 0.15029894],33,-1,-1,1,-1
33655,[0.51788757 0.19366294],33,22,"[0.48652568093748694, 0.17046194652960403]",1,2
33656,[0.61384538 0.09732027],33,-1,-1,-1,-1
33657,[0.54912629 0.14065912],33,22,"[0.48652568093748694, 0.17046194652960403]",1,-1
33658,[0.38769855 0.15435805],33,-1,-1,1,-1
33659,[0.45506461 0.15422657],33,22,"[0.48652568093748694, 0.17046194652960403]",1,2
33660,[0.48504355 0.18823541],33,22,"[0.48652568093748694, 0.17046194652960403]",1,2
33661,[0.42560064 0.19530835],33,22,"[0.48652568093748694, 0.17046194652960403]",1,-1
33662,[0.41977331 0.13419039],33,-1,-1,1,-1
33663,[0.4069874  0.11737244],33,-1,-1,1,-1
33664,[0.51705255 0.15735345],33,22,"[0.48652568093748694, 0.17046194652960403]",1,2
33665,[0.46313048 0.23859424],33,-1,-1,1,-1
33666,[0.44350559 0.1655225 ],33,22,"[0.48652568093748694, 0.17046194652960403]",1,-1
33667,[0.54473912 0.14798978],33,22,"[0.48652568093748694, 0.17046194652960403]",1,-1
33668,[0.46915879 0.10966441],33,22,"[0.48652568093748694, 0.17046194652960403]",1,-1
33669,[0.61162641 0.26338213],33,-1,-1,-1,-1
33670,[0.51842369 0.25071454],33,-1,-1,1,-1
33671,[0.42324768 0.19963786],33,22,"[0.48652568093748694, 0.17046194652960403]",1,-1
33672,[0.57641833 0.18377413],33,-1,-1,1,-1
33673,[0.47359568 0.15780229],33,22,"[0.48652568093748694, 0.17046194652960403]",1,2
33674,[0.5121396  0.15480684],33,22,"[0.48652568093748694, 0.17046194652960403]",1,2
33675,[0.40653385 0.12902016],33,-1,-1,1,-1
33676,[0.43468331 0.12720325],33,22,"[0.48652568093748694, 0.17046194652960403]",1,-1
33677,[0.49444032 0.10137258],33,22,"[0.48652568093748694, 0.17046194652960403]",1,-1
33678,[0.53518723 0.19770309],33,22,"[0.48652568093748694, 0.17046194652960403]",1,-1
33679,[0.49792506 0.11020566],33,22,"[0.48652568093748694, 0.17046194652960403]",1,-1
33680,[0.57248684 0.16940887],33,-1,-1,1,-1
33681,[0.49931818 0.12513242],33,22,"[0.48652568093748694, 0.17046194652960403]",1,-1
33682,[0.45406438 0.23920844],33,-1,-1,1,-1
33683,[0.52923904 0.21336283],33,22,"[0.48652568093748694, 0.17046194652960403]",1,-1
33684,[0.46126198 0.2114244 ],33,22,"[0.48652568093748694, 0.17046194652960403]",1,2
33685,[0.52010969 0.16888109],33,22,"[0.48652568093748694, 0.17046194652960403]",1,2
33686,[0.43739057 0.24215976],33,-1,-1,1,-1
33687,[0.42709444 0.18444819],33,22,"[0.48652568093748694, 0.17046194652960403]",1,-1
33688,[0.48438106 0.15513897],33,22,"[0.48652568093748694, 0.17046194652960403]",1,2
33689,[0.4344342 0.2067087],33,22,"[0.48652568093748694, 0.17046194652960403]",1,-1
33690,[0.55555141 0.18716438],33,-1,-1,1,-1
33691,[0.48573006 0.19383053],33,22,"[0.48652568093748694, 0.17046194652960403]",1,2
33692,[0.4908652  0.14339918],33,22,"[0.48652568093748694, 0.17046194652960403]",1,2
33693,[0.53922369 0.22165417],33,-1,-1,1,-1
33694,[0.48210429 0.15920637],33,22,"[0.48652568093748694, 0.17046194652960403]",1,2
33695,[0.43096099 0.214365  ],33,-1,-1,1,-1
33696,[0.38305122 0.15223625],33,-1,-1,1,-1
33697,[0.55120815 0.20418394],33,-1,-1,1,-1
33698,[0.47950174 0.18892228],33,22,"[0.48652568093748694, 0.17046194652960403]",1,2
33699,[0.56817851 0.11434286],33,-1,-1,1,-1
33700,[0.49458123 0.19383026],33,22,"[0.48652568093748694, 0.17046194652960403]",1,2
33701,[0.46302459 0.17583009],33,22,"[0.48652568093748694, 0.17046194652960403]",1,2
33702,[0.36323221 0.26487572],33,4,"[0.3937233168939997, 0.29890402186269427]",1,-1
33703,[0.50995733 0.17037272],33,22,"[0.48652568093748694, 0.17046194652960403]",1,2
33704,[0.45482039 0.19016437],33,22,"[0.48652568093748694, 0.17046194652960403]",1,2
33705,[0.47851106 0.20997532],33,22,"[0.48652568093748694, 0.17046194652960403]",1,-1
33706,[0.45003195 0.19388717],33,22,"[0.48652568093748694, 0.17046194652960403]",1,2
33707,[0.56980185 0.20029147],33,-1,-1,1,-1
33708,[0.48653029 0.12327294],33,22,"[0.48652568093748694, 0.17046194652960403]",1,-1
33709,[0.46957036 0.18066631],33,22,"[0.48652568093748694, 0.17046194652960403]",1,2
33710,[0.49306758 0.2178331 ],33,22,"[0.48652568093748694, 0.17046194652960403]",1,2
33711,[0.48933088 0.09427118],33,-1,-1,1,-1
33712,[0.50805967 0.21688627],33,22,"[0.48652568093748694, 0.17046194652960403]",1,-1
33713,[0.53802115 0.10684281],33,-1,-1,1,-1
33714,[0.53542529 0.28930893],33,-1,-1,1,-1
33715,[0.50645749 0.13216283],33,22,"[0.48652568093748694, 0.17046194652960403]",1,2
33716,[0.43572444 0.15288795],33,22,"[0.48652568093748694, 0.17046194652960403]",1,-1
33717,[0.53490699 0.17061504],33,22,"[0.48652568093748694, 0.17046194652960403]",1,-1
33718,[0.48167085 0.24245292],33,-1,-1,1,-1
33719,[0.47654577 0.13205373],33,22,"[0.48652568093748694, 0.17046194652960403]",1,2
33720,[0.40272413 0.18032015],33,-1,-1,1,-1
33721,[0.47112521 0.13230384],33,22,"[0.48652568093748694, 0.17046194652960403]",1,2
33722,[0.47641322 0.1236177 ],33,22,"[0.48652568093748694, 0.17046194652960403]",1,2
33723,[0.45966846 0.124245  ],33,22,"[0.48652568093748694, 0.17046194652960403]",1,-1
33724,[0.44345582 0.1662181 ],33,22,"[0.48652568093748694, 0.17046194652960403]",1,-1
33725,[0.5394064  0.18077026],33,22,"[0.48652568093748694, 0.17046194652960403]",1,-1
33726,[0.49572859 0.16461156],33,22,"[0.48652568093748694, 0.17046194652960403]",1,2
33727,[0.43217988 0.12171127],33,-1,-1,1,-1
33728,[0.5121763  0.11370897],33,22,"[0.48652568093748694, 0.17046194652960403]",1,-1
33729,[0.50811523 0.22977538],33,22,"[0.48652568093748694, 0.17046194652960403]",1,-1
33730,[0.39909839 0.1357583 ],33,-1,-1,1,-1
33731,[0.52747143 0.14851661],33,22,"[0.48652568093748694, 0.17046194652960403]",1,-1
33732,[0.50537222 0.12943713],33,22,"[0.48652568093748694, 0.17046194652960403]",1,2
33733,[0.46684381 0.14615254],33,22,"[0.48652568093748694, 0.17046194652960403]",1,2
33734,[0.51214899 0.15451951],33,22,"[0.48652568093748694, 0.17046194652960403]",1,2
33735,[0.5068422  0.12375243],33,22,"[0.48652568093748694, 0.17046194652960403]",1,-1
33736,[0.45706788 0.13590328],33,22,"[0.48652568093748694, 0.17046194652960403]",1,2
33737,[0.48202357 0.23603724],33,22,"[0.48652568093748694, 0.17046194652960403]",1,-1
33738,[0.43049968 0.15267385],33,22,"[0.48652568093748694, 0.17046194652960403]",1,-1
33739,[0.55266258 0.24971961],33,-1,-1,1,-1
33740,[0.41803849 0.06495945],33,-1,-1,1,-1
33741,[0.48993614 0.15888781],33,22,"[0.48652568093748694, 0.17046194652960403]",1,2
33742,[0.51203977 0.09372051],33,-1,-1,1,-1
33743,[0.49482158 0.20784862],33,22,"[0.48652568093748694, 0.17046194652960403]",1,2
33744,[0.51966581 0.19773351],33,22,"[0.48652568093748694, 0.17046194652960403]",1,-1
33745,[0.48874239 0.14696614],33,22,"[0.48652568093748694, 0.17046194652960403]",1,2
33746,[0.42895407 0.21811731],33,-1,-1,1,-1
33747,[0.51772211 0.14014954],33,22,"[0.48652568093748694, 0.17046194652960403]",1,2
33748,[0.52913059 0.13460972],33,22,"[0.48652568093748694, 0.17046194652960403]",1,-1
33749,[0.51373502 0.15535379],33,22,"[0.48652568093748694, 0.17046194652960403]",1,2
33750,[0.49510952 0.25806333],33,-1,-1,1,-1
33751,[0.49581048 0.12405943],33,22,"[0.48652568093748694, 0.17046194652960403]",1,-1
33752,[0.46565426 0.15010435],33,22,"[0.48652568093748694, 0.17046194652960403]",1,2
33753,[0.45677283 0.16631514],33,22,"[0.48652568093748694, 0.17046194652960403]",1,2
33754,[0.39385705 0.15606238],33,-1,-1,1,-1
33755,[0.43449594 0.16790928],33,22,"[0.48652568093748694, 0.17046194652960403]",1,-1
33756,[0.46797336 0.19681957],33,22,"[0.48652568093748694, 0.17046194652960403]",1,2
33757,[0.52422094 0.17391075],33,22,"[0.48652568093748694, 0.17046194652960403]",1,-1
33758,[0.40778904 0.18457583],33,-1,-1,1,-1
33759,[0.49493569 0.1893625 ],33,22,"[0.48652568093748694, 0.17046194652960403]",1,2
33760,[0.50609785 0.20878676],33,22,"[0.48652568093748694, 0.17046194652960403]",1,-1
33761,[0.49061781 0.16636467],33,22,"[0.48652568093748694, 0.17046194652960403]",1,2
33762,[0.51403468 0.1743872 ],33,22,"[0.48652568093748694, 0.17046194652960403]",1,2
33763,[0.49397025 0.11350838],33,22,"[0.48652568093748694, 0.17046194652960403]",1,-1
33764,[0.45667303 0.09318334],33,-1,-1,1,-1
33765,[0.52061535 0.15736912],33,22,"[0.48652568093748694, 0.17046194652960403]",1,2
33766,[0.43209998 0.18882901],33,22,"[0.48652568093748694, 0.17046194652960403]",1,-1
33767,[0.44967823 0.2168926 ],33,22,"[0.48652568093748694, 0.17046194652960403]",1,2
33768,[0.5142315  0.22580734],33,22,"[0.48652568093748694, 0.17046194652960403]",1,-1
33769,[0.51192229 0.20178157],33,22,"[0.48652568093748694, 0.17046194652960403]",1,-1
33770,[0.47143653 0.1316294 ],33,22,"[0.48652568093748694, 0.17046194652960403]",1,2
33771,[0.47540361 0.16456522],33,22,"[0.48652568093748694, 0.17046194652960403]",1,2
33772,[0.52001411 0.10476389],33,-1,-1,1,-1
33773,[0.46089152 0.21041338],33,22,"[0.48652568093748694, 0.17046194652960403]",1,2
33774,[0.47612739 0.10702077],33,22,"[0.48652568093748694, 0.17046194652960403]",1,-1
33775,[0.43140823 0.15543375],33,22,"[0.48652568093748694, 0.17046194652960403]",1,-1
33776,[0.51166315 0.1573038 ],33,22,"[0.48652568093748694, 0.17046194652960403]",1,2
33777,[0.50093279 0.07581768],33,-1,-1,1,-1
33778,[0.41626533 0.23597358],33,4,"[0.3937233168939997, 0.29890402186269427]",1,-1
33779,[0.5004275  0.14997543],33,22,"[0.48652568093748694, 0.17046194652960403]",1,2
33780,[0.37804575 0.14413909],33,-1,-1,1,-1
33781,[0.48298864 0.08955399],33,-1,-1,1,-1
33782,[0.4898972  0.13052878],33,22,"[0.48652568093748694, 0.17046194652960403]",1,-1
33783,[0.48679017 0.23609131],33,22,"[0.48652568093748694, 0.17046194652960403]",1,-1
33784,[0.39139449 0.24626183],33,4,"[0.3937233168939997, 0.29890402186269427]",1,-1
33785,[0.47049775 0.16387198],33,22,"[0.48652568093748694, 0.17046194652960403]",1,2
33786,[0.53591069 0.24788557],33,-1,-1,1,-1
33787,[0.44967356 0.12435977],33,22,"[0.48652568093748694, 0.17046194652960403]",1,-1
33788,[0.51753046 0.16754778],33,22,"[0.48652568093748694, 0.17046194652960403]",1,2
33789,[0.62440479 0.17505941],33,-1,-1,-1,-1
33790,[0.51529692 0.1150246 ],33,22,"[0.48652568093748694, 0.17046194652960403]",1,-1
33791,[0.46207168 0.11270456],33,22,"[0.48652568093748694, 0.17046194652960403]",1,-1
33792,[0.49839911 0.15991661],33,22,"[0.48652568093748694, 0.17046194652960403]",1,2
33793,[0.40526495 0.10924456],33,-1,-1,1,-1
33794,[0.48298139 0.15830893],33,22,"[0.48652568093748694, 0.17046194652960403]",1,2
33795,[0.45040622 0.18701181],33,22,"[0.48652568093748694, 0.17046194652960403]",1,2
33796,[0.48660426 0.16213902],33,22,"[0.48652568093748694, 0.17046194652960403]",1,2
33797,[0.4671745  0.18499409],33,22,"[0.48652568093748694, 0.17046194652960403]",1,2
33798,[0.56610316 0.19289615],33,-1,-1,1,-1
33799,[0.46100664 0.21394892],33,22,"[0.48652568093748694, 0.17046194652960403]",1,2
33800,[0.54111355 0.16813783],33,22,"[0.48652568093748694, 0.17046194652960403]",1,-1
33801,[0.56604737 0.16113407],33,-1,-1,1,-1
33802,[0.51903338 0.23438812],33,-1,-1,1,-1
33803,[0.50514072 0.15738956],33,22,"[0.48652568093748694, 0.17046194652960403]",1,2
33804,[0.47289931 0.18642289],33,22,"[0.48652568093748694, 0.17046194652960403]",1,2
33805,[0.4937094  0.15109135],33,22,"[0.48652568093748694, 0.17046194652960403]",1,2
33806,[0.47545143 0.10212271],33,22,"[0.48652568093748694, 0.17046194652960403]",1,-1
33807,[0.48317849 0.16938014],33,22,"[0.48652568093748694, 0.17046194652960403]",1,2
33808,[0.50909267 0.24247681],33,-1,-1,1,-1
33809,[0.4669601  0.17967887],33,22,"[0.48652568093748694, 0.17046194652960403]",1,2
33810,[0.47213049 0.13471578],33,22,"[0.48652568093748694, 0.17046194652960403]",1,2
33811,[0.43171228 0.14031984],33,22,"[0.48652568093748694, 0.17046194652960403]",1,-1
33812,[0.49469661 0.22960426],33,22,"[0.48652568093748694, 0.17046194652960403]",1,-1
33813,[0.3604001  0.29020762],33,4,"[0.3937233168939997, 0.29890402186269427]",1,-1
33814,[0.39916301 0.14468789],33,-1,-1,1,-1
33815,[0.53788123 0.17298287],33,22,"[0.48652568093748694, 0.17046194652960403]",1,-1
33816,[0.40427604 0.14456119],33,-1,-1,1,-1
33817,[0.49054037 0.16478109],33,22,"[0.48652568093748694, 0.17046194652960403]",1,2
33818,[0.49921235 0.15536077],33,22,"[0.48652568093748694, 0.17046194652960403]",1,2
33819,[0.46237537 0.17961882],33,22,"[0.48652568093748694, 0.17046194652960403]",1,2
33820,[0.52172938 0.13619637],33,22,"[0.48652568093748694, 0.17046194652960403]",1,2
33821,[0.4373696 0.2443863],33,4,"[0.3937233168939997, 0.29890402186269427]",1,-1
33822,[0.36894478 0.16454193],33,-1,-1,1,-1
33823,[0.46965138 0.12300356],33,22,"[0.48652568093748694, 0.17046194652960403]",1,2
33824,[0.52821571 0.16514848],33,22,"[0.48652568093748694, 0.17046194652960403]",1,2
33825,[0.39702559 0.16205307],33,-1,-1,1,-1
33826,[0.50079497 0.14161815],33,22,"[0.48652568093748694, 0.17046194652960403]",1,2
33827,[0.44663479 0.09423249],33,-1,-1,1,-1
33828,[0.49578501 0.16530318],33,22,"[0.48652568093748694, 0.17046194652960403]",1,2
33829,[0.52453555 0.15637718],33,22,"[0.48652568093748694, 0.17046194652960403]",1,2
33830,[0.499129   0.14403762],33,22,"[0.48652568093748694, 0.17046194652960403]",1,2
33831,[0.48298683 0.24758683],33,-1,-1,1,-1
33832,[0.41713085 0.17909506],33,22,"[0.48652568093748694, 0.17046194652960403]",1,-1
33833,[0.42976969 0.18334172],33,22,"[0.48652568093748694, 0.17046194652960403]",1,-1
33834,[0.54796792 0.20081139],33,22,"[0.48652568093748694, 0.17046194652960403]",1,-1
33835,[0.45178494 0.27785505],33,4,"[0.3937233168939997, 0.29890402186269427]",1,-1
33836,[0.49745202 0.15155663],33,22,"[0.48652568093748694, 0.17046194652960403]",1,2
33837,[0.41264432 0.08236836],33,-1,-1,1,-1
33838,[0.4462696  0.18071949],33,22,"[0.48652568093748694, 0.17046194652960403]",1,-1
33839,[0.4814669  0.14376107],33,22,"[0.48652568093748694, 0.17046194652960403]",1,2
33840,[0.51002283 0.14080791],33,22,"[0.48652568093748694, 0.17046194652960403]",1,2
33841,[0.43407955 0.14637449],33,22,"[0.48652568093748694, 0.17046194652960403]",1,-1
33842,[0.46561168 0.14436987],33,22,"[0.48652568093748694, 0.17046194652960403]",1,2
33843,[0.42803142 0.15843149],33,22,"[0.48652568093748694, 0.17046194652960403]",1,-1
33844,[0.55140155 0.14995543],33,22,"[0.48652568093748694, 0.17046194652960403]",1,-1
33845,[0.45952076 0.09256437],33,-1,-1,1,-1
33846,[0.41644815 0.24203736],33,4,"[0.3937233168939997, 0.29890402186269427]",1,-1
33847,[0.60748748 0.22643154],33,-1,-1,-1,-1
33848,[0.50591212 0.19169375],33,22,"[0.48652568093748694, 0.17046194652960403]",1,2
33849,[0.54734873 0.2190175 ],33,-1,-1,1,-1
33850,[0.54132829 0.09623496],33,-1,-1,1,-1
33851,[0.47728375 0.11722344],33,22,"[0.48652568093748694, 0.17046194652960403]",1,-1
33852,[0.48567386 0.19016576],33,22,"[0.48652568093748694, 0.17046194652960403]",1,2
33853,[0.49726778 0.19658834],33,22,"[0.48652568093748694, 0.17046194652960403]",1,2
33854,[0.49099889 0.14364623],33,22,"[0.48652568093748694, 0.17046194652960403]",1,2
33855,[0.49824263 0.11286299],33,22,"[0.48652568093748694, 0.17046194652960403]",1,-1
33856,[0.46561073 0.18651714],33,22,"[0.48652568093748694, 0.17046194652960403]",1,2
33857,[0.47231078 0.22454619],33,22,"[0.48652568093748694, 0.17046194652960403]",1,-1
33858,[0.49269159 0.26548508],33,-1,-1,1,-1
33859,[0.48144149 0.2450941 ],33,-1,-1,1,-1
33860,[0.57642328 0.24828085],33,-1,-1,1,-1
33861,[0.49710097 0.13959521],33,22,"[0.48652568093748694, 0.17046194652960403]",1,2
33862,[0.50706622 0.06510828],33,-1,-1,1,-1
33863,[0.52230065 0.12620123],33,22,"[0.48652568093748694, 0.17046194652960403]",1,-1
33864,[0.41467625 0.12064715],33,-1,-1,1,-1
33865,[0.43494376 0.13585601],33,22,"[0.48652568093748694, 0.17046194652960403]",1,-1
33866,[0.5504846  0.16164587],33,22,"[0.48652568093748694, 0.17046194652960403]",1,-1
33867,[0.44916796 0.10974084],33,-1,-1,1,-1
33868,[0.55080179 0.1869966 ],33,22,"[0.48652568093748694, 0.17046194652960403]",1,-1
33869,[0.54843682 0.15284504],33,22,"[0.48652568093748694, 0.17046194652960403]",1,-1
33870,[0.43533903 0.21372007],33,22,"[0.48652568093748694, 0.17046194652960403]",1,-1
33871,[0.46980729 0.16473252],33,22,"[0.48652568093748694, 0.17046194652960403]",1,2
33872,[0.48639651 0.12535084],33,22,"[0.48652568093748694, 0.17046194652960403]",1,-1
33873,[0.42785273 0.2112233 ],33,-1,-1,1,-1
33874,[0.40238927 0.11775314],33,-1,-1,1,-1
33875,[0.50346895 0.22021787],33,22,"[0.48652568093748694, 0.17046194652960403]",1,-1
33876,[0.51399752 0.16072115],33,22,"[0.48652568093748694, 0.17046194652960403]",1,2
33877,[0.51874203 0.30580234],33,-1,-1,1,-1
33878,[0.56206015 0.16037439],33,-1,-1,1,-1
33879,[0.45928907 0.15047336],33,22,"[0.48652568093748694, 0.17046194652960403]",1,2
33880,[0.4360995  0.17335166],33,22,"[0.48652568093748694, 0.17046194652960403]",1,-1
33881,[0.51225477 0.26584939],33,-1,-1,1,-1
33882,[0.46739746 0.2053978 ],33,22,"[0.48652568093748694, 0.17046194652960403]",1,2
33883,[0.45951871 0.11890267],33,22,"[0.48652568093748694, 0.17046194652960403]",1,-1
33884,[0.52625122 0.1695543 ],33,22,"[0.48652568093748694, 0.17046194652960403]",1,2
33885,[0.49036704 0.19970106],33,22,"[0.48652568093748694, 0.17046194652960403]",1,2
33886,[0.50790839 0.14104502],33,22,"[0.48652568093748694, 0.17046194652960403]",1,2
33887,[0.46148924 0.14668261],33,22,"[0.48652568093748694, 0.17046194652960403]",1,2
33888,[0.52372497 0.14823675],33,22,"[0.48652568093748694, 0.17046194652960403]",1,2
33889,[0.45535436 0.16820405],33,22,"[0.48652568093748694, 0.17046194652960403]",1,2
33890,[0.4828684  0.17134632],33,22,"[0.48652568093748694, 0.17046194652960403]",1,2
33891,[0.46994409 0.16409422],33,22,"[0.48652568093748694, 0.17046194652960403]",1,2
33892,[0.54832943 0.17579291],33,22,"[0.48652568093748694, 0.17046194652960403]",1,-1
33893,[0.54381222 0.16850647],33,22,"[0.48652568093748694, 0.17046194652960403]",1,-1
33894,[0.41145244 0.13329103],33,-1,-1,1,-1
33895,[0.49954149 0.12052471],33,22,"[0.48652568093748694, 0.17046194652960403]",1,-1
33896,[0.52163153 0.18004248],33,22,"[0.48652568093748694, 0.17046194652960403]",1,2
33897,[0.48376139 0.20282763],33,22,"[0.48652568093748694, 0.17046194652960403]",1,2
33898,[0.48455323 0.21000653],33,22,"[0.48652568093748694, 0.17046194652960403]",1,2
33899,[0.56113898 0.23474716],33,-1,-1,1,-1
33900,[0.50718929 0.0915754 ],33,-1,-1,1,-1
33901,[0.45906929 0.09424834],33,-1,-1,1,-1
33902,[0.52062428 0.21862912],33,22,"[0.48652568093748694, 0.17046194652960403]",1,-1
33903,[0.51396068 0.26321884],33,-1,-1,1,-1
33904,[0.4893204  0.11160444],33,22,"[0.48652568093748694, 0.17046194652960403]",1,-1
33905,[0.47247508 0.20872268],33,22,"[0.48652568093748694, 0.17046194652960403]",1,2
33906,[0.63298099 0.14446407],33,-1,-1,-1,-1
33907,[0.4840137  0.23600589],33,22,"[0.48652568093748694, 0.17046194652960403]",1,-1
33908,[0.4089442 0.1350253],33,-1,-1,1,-1
33909,[0.53910464 0.12789232],33,22,"[0.48652568093748694, 0.17046194652960403]",1,-1
33910,[0.52804027 0.14904758],33,22,"[0.48652568093748694, 0.17046194652960403]",1,-1
33911,[0.54489134 0.13315394],33,22,"[0.48652568093748694, 0.17046194652960403]",1,-1
33912,[0.44419691 0.25957753],33,4,"[0.3937233168939997, 0.29890402186269427]",1,-1
33913,[0.47955177 0.15162058],33,22,"[0.48652568093748694, 0.17046194652960403]",1,2
33914,[0.48131285 0.23847541],33,22,"[0.48652568093748694, 0.17046194652960403]",1,-1
33915,[0.37971526 0.1429827 ],33,-1,-1,1,-1
33916,[0.49723301 0.0849455 ],33,-1,-1,1,-1
33917,[0.5271791  0.21510683],33,22,"[0.48652568093748694, 0.17046194652960403]",1,-1
33918,[0.48710896 0.21547573],33,22,"[0.48652568093748694, 0.17046194652960403]",1,2
33919,[0.48081975 0.11972365],33,22,"[0.48652568093748694, 0.17046194652960403]",1,-1
33920,[0.45173103 0.17888003],33,22,"[0.48652568093748694, 0.17046194652960403]",1,2
33921,[0.45262222 0.1569097 ],33,22,"[0.48652568093748694, 0.17046194652960403]",1,2
33922,[0.5819312  0.24950951],33,-1,-1,1,-1
33923,[0.54018267 0.16706811],33,22,"[0.48652568093748694, 0.17046194652960403]",1,-1
33924,[0.51483153 0.13974875],33,22,"[0.48652568093748694, 0.17046194652960403]",1,2
33925,[0.42682399 0.18305059],33,22,"[0.48652568093748694, 0.17046194652960403]",1,-1
33926,[0.51596871 0.11941675],33,22,"[0.48652568093748694, 0.17046194652960403]",1,-1
33927,[0.47007063 0.17784993],33,22,"[0.48652568093748694, 0.17046194652960403]",1,2
33928,[0.39227124 0.18514021],33,-1,-1,1,-1
33929,[0.509971   0.17633512],33,22,"[0.48652568093748694, 0.17046194652960403]",1,2
33930,[0.42891285 0.19672862],33,22,"[0.48652568093748694, 0.17046194652960403]",1,-1
33931,[0.47045258 0.06923388],33,-1,-1,1,-1
33932,[0.47643593 0.11238854],33,22,"[0.48652568093748694, 0.17046194652960403]",1,-1
33933,[0.48737463 0.16424878],33,22,"[0.48652568093748694, 0.17046194652960403]",1,2
33934,[0.53107547 0.24098945],33,-1,-1,1,-1
33935,[0.46806007 0.18577306],33,22,"[0.48652568093748694, 0.17046194652960403]",1,2
33936,[0.4693812  0.23353994],33,22,"[0.48652568093748694, 0.17046194652960403]",1,2
33937,[0.47137967 0.20713837],33,22,"[0.48652568093748694, 0.17046194652960403]",1,2
33938,[0.54098992 0.2134445 ],33,22,"[0.48652568093748694, 0.17046194652960403]",1,-1
33939,[0.50058328 0.16529645],33,22,"[0.48652568093748694, 0.17046194652960403]",1,2
33940,[0.44722657 0.14906259],33,22,"[0.48652568093748694, 0.17046194652960403]",1,-1
33941,[0.51111609 0.18356909],33,22,"[0.48652568093748694, 0.17046194652960403]",1,2
33942,[0.47007374 0.11972774],33,22,"[0.48652568093748694, 0.17046194652960403]",1,2
33943,[0.51909465 0.13157727],33,22,"[0.48652568093748694, 0.17046194652960403]",1,2
33944,[0.4499632  0.10276281],33,-1,-1,1,-1
33945,[0.45799849 0.20822329],33,22,"[0.48652568093748694, 0.17046194652960403]",1,2
33946,[0.54556818 0.21116574],33,-1,-1,1,-1
33947,[0.46624487 0.17375177],33,22,"[0.48652568093748694, 0.17046194652960403]",1,2
33948,[0.54813237 0.21023732],33,-1,-1,1,-1
33949,[0.49186589 0.13431308],33,22,"[0.48652568093748694, 0.17046194652960403]",1,-1
33950,[0.42561396 0.14823656],33,22,"[0.48652568093748694, 0.17046194652960403]",1,-1
33951,[0.34355118 0.12365262],33,-1,-1,1,-1
33952,[0.51548216 0.21694597],33,22,"[0.48652568093748694, 0.17046194652960403]",1,-1
33953,[0.33737938 0.1769558 ],33,31,"[0.29817086118518243, 0.1888907481789387]",1,-1
33954,[0.47791198 0.27247963],33,-1,-1,1,-1
33955,[0.42082665 0.11219014],33,-1,-1,1,-1
33956,[0.54638297 0.21124486],33,-1,-1,1,-1
33957,[0.49425394 0.13659003],33,22,"[0.48652568093748694, 0.17046194652960403]",1,2
33958,[0.57895932 0.20818818],33,-1,-1,1,-1
33959,[0.4551667  0.05878675],33,-1,-1,1,-1
33960,[0.5496463  0.17986708],33,22,"[0.48652568093748694, 0.17046194652960403]",1,-1
33961,[0.49141619 0.13282447],33,22,"[0.48652568093748694, 0.17046194652960403]",1,-1
33962,[0.53075389 0.22047928],33,22,"[0.48652568093748694, 0.17046194652960403]",1,-1
33963,[0.45943722 0.26812275],33,-1,-1,1,-1
33964,[0.49166241 0.13524307],33,22,"[0.48652568093748694, 0.17046194652960403]",1,-1
33965,[0.56393406 0.18761232],33,-1,-1,1,-1
33966,[0.44207844 0.23254081],33,-1,-1,1,-1
33967,[0.54786441 0.20223037],33,22,"[0.48652568093748694, 0.17046194652960403]",1,-1
33968,[0.52776487 0.08524475],33,-1,-1,1,-1
33969,[0.41591399 0.22007731],33,-1,-1,1,-1
33970,[0.54891127 0.21495445],33,-1,-1,1,-1
33971,[0.43228874 0.06129689],33,-1,-1,-1,-1
33972,[0.42821637 0.22087478],33,-1,-1,1,-1
33973,[0.39447406 0.14579166],33,-1,-1,1,-1
33974,[0.42926211 0.30275023],33,4,"[0.3937233168939997, 0.29890402186269427]",1,-1
33975,[0.51128288 0.11895859],33,22,"[0.48652568093748694, 0.17046194652960403]",1,-1
33976,[0.45887555 0.14651679],33,22,"[0.48652568093748694, 0.17046194652960403]",1,2
33977,[0.44900267 0.22841214],33,22,"[0.48652568093748694, 0.17046194652960403]",1,-1
33978,[0.56146888 0.21999864],33,-1,-1,1,-1
33979,[0.43852793 0.16022154],33,22,"[0.48652568093748694, 0.17046194652960403]",1,-1
33980,[0.51600458 0.15133513],33,22,"[0.48652568093748694, 0.17046194652960403]",1,2
33981,[0.38501377 0.07724403],33,-1,-1,-1,-1
33982,[0.46794465 0.14831529],33,22,"[0.48652568093748694, 0.17046194652960403]",1,2
33983,[0.44636185 0.1393323 ],33,22,"[0.48652568093748694, 0.17046194652960403]",1,-1
33984,[0.44595663 0.1771971 ],33,22,"[0.48652568093748694, 0.17046194652960403]",1,-1
33985,[0.51777333 0.16116564],33,22,"[0.48652568093748694, 0.17046194652960403]",1,2
33986,[0.51269619 0.15299818],33,22,"[0.48652568093748694, 0.17046194652960403]",1,2
33987,[0.46951768 0.17667921],33,22,"[0.48652568093748694, 0.17046194652960403]",1,2
33988,[0.43964834 0.15972603],33,22,"[0.48652568093748694, 0.17046194652960403]",1,-1
33989,[0.47184393 0.17465236],33,22,"[0.48652568093748694, 0.17046194652960403]",1,2
33990,[0.4681065 0.157869 ],33,22,"[0.48652568093748694, 0.17046194652960403]",1,2
33991,[0.47617426 0.16586946],33,22,"[0.48652568093748694, 0.17046194652960403]",1,2
33992,[0.45709451 0.17465912],33,22,"[0.48652568093748694, 0.17046194652960403]",1,2
33993,[0.45206296 0.23076074],33,22,"[0.48652568093748694, 0.17046194652960403]",1,-1
33994,[0.42949529 0.23055972],33,-1,-1,1,-1
33995,[0.48240973 0.16447636],33,22,"[0.48652568093748694, 0.17046194652960403]",1,2
33996,[0.4796901  0.23158765],33,22,"[0.48652568093748694, 0.17046194652960403]",1,-1
33997,[0.43914598 0.2239697 ],33,-1,-1,1,-1
33998,[0.38667524 0.18672004],33,-1,-1,1,-1
33999,[0.46117785 0.2211089 ],33,22,"[0.48652568093748694, 0.17046194652960403]",1,2
34000,[0.71224502 0.51079462],34,26,"[0.6734889003123068, 0.4756404454441684]",1,-1
34001,[0.63934984 0.46270729],34,26,"[0.6734889003123068, 0.4756404454441684]",1,-1
34002,[0.63224954 0.42244557],34,28,"[0.6409610568572724, 0.3943628717562158]",1,-1
34003,[0.5726694  0.45734562],34,27,"[0.5866068271601823, 0.4386408725933068]",1,-1
34004,[0.7086946 0.4467156],34,30,"[0.6934973256581222, 0.4131681772802667]",1,-1
34005,[0.75961757 0.40195995],34,42,"[0.765559566045806, 0.37716611859716387]",1,23
34006,[0.60061849 0.35025836],34,46,"[0.5877940429991866, 0.34550221910317963]",1,-1
34007,[0.62119602 0.3965422 ],34,28,"[0.6409610568572724, 0.3943628717562158]",1,-1
34008,[0.60982956 0.39870446],34,28,"[0.6409610568572724, 0.3943628717562158]",1,-1
34009,[0.53490187 0.37964278],34,37,"[0.4780366509520634, 0.3686118735311782]",1,-1
34010,[0.63589836 0.42221083],34,28,"[0.6409610568572724, 0.3943628717562158]",1,58
34011,[0.58871164 0.44921497],34,27,"[0.5866068271601823, 0.4386408725933068]",1,-1
34012,[0.63563299 0.40230573],34,28,"[0.6409610568572724, 0.3943628717562158]",1,-1
34013,[0.58457083 0.38548052],34,46,"[0.5877940429991866, 0.34550221910317963]",1,-1
34014,[0.65627962 0.47499505],34,26,"[0.6734889003123068, 0.4756404454441684]",1,-1
34015,[0.64225159 0.46260066],34,26,"[0.6734889003123068, 0.4756404454441684]",1,-1
34016,[0.57635709 0.47002705],34,27,"[0.5866068271601823, 0.4386408725933068]",1,-1
34017,[0.7675653  0.48278132],34,32,"[0.7535856051996079, 0.45307884495298306]",1,-1
34018,[0.68834239 0.4812968 ],34,26,"[0.6734889003123068, 0.4756404454441684]",1,39
34019,[0.61164496 0.46197702],34,27,"[0.5866068271601823, 0.4386408725933068]",1,-1
34020,[0.56957716 0.48851474],34,27,"[0.5866068271601823, 0.4386408725933068]",1,-1
34021,[0.65006016 0.43316026],34,28,"[0.6409610568572724, 0.3943628717562158]",1,56
34022,[0.72374687 0.46125883],34,32,"[0.7535856051996079, 0.45307884495298306]",1,-1
34023,[0.58427771 0.31674067],34,46,"[0.5877940429991866, 0.34550221910317963]",1,-1
34024,[0.60295121 0.38226528],34,46,"[0.5877940429991866, 0.34550221910317963]",1,-1
34025,[0.72758564 0.45139787],34,32,"[0.7535856051996079, 0.45307884495298306]",1,-1
34026,[0.62562282 0.48713389],34,26,"[0.6734889003123068, 0.4756404454441684]",1,-1
34027,[0.63193919 0.44297323],34,27,"[0.5866068271601823, 0.4386408725933068]",1,-1
34028,[0.61939175 0.35579948],34,46,"[0.5877940429991866, 0.34550221910317963]",1,-1
34029,[0.54682879 0.42078663],34,27,"[0.5866068271601823, 0.4386408725933068]",1,-1
34030,[0.69768579 0.34070046],34,29,"[0.7250576817720672, 0.30126581813471415]",1,-1
34031,[0.64911997 0.43715665],34,28,"[0.6409610568572724, 0.3943628717562158]",1,56
34032,[0.62695066 0.47497574],34,26,"[0.6734889003123068, 0.4756404454441684]",1,-1
34033,[0.6486917  0.42678371],34,28,"[0.6409610568572724, 0.3943628717562158]",1,-1
34034,[0.56314337 0.51116917],34,10,"[0.6101257152780476, 0.5394800330734051]",1,-1
34035,[0.68737424 0.50755182],34,26,"[0.6734889003123068, 0.4756404454441684]",1,-1
34036,[0.63327663 0.35062106],34,28,"[0.6409610568572724, 0.3943628717562158]",1,-1
34037,[0.58925928 0.36916327],34,46,"[0.5877940429991866, 0.34550221910317963]",1,-1
34038,[0.60426408 0.33289027],34,46,"[0.5877940429991866, 0.34550221910317963]",1,-1
34039,[0.64875579 0.503799  ],34,26,"[0.6734889003123068, 0.4756404454441684]",1,-1
34040,[0.61587814 0.3553282 ],34,46,"[0.5877940429991866, 0.34550221910317963]",1,-1
34041,[0.61318483 0.46882571],34,27,"[0.5866068271601823, 0.4386408725933068]",1,-1
34042,[0.68493132 0.36364496],34,30,"[0.6934973256581222, 0.4131681772802667]",1,-1
34043,[0.59477645 0.49740219],34,10,"[0.6101257152780476, 0.5394800330734051]",1,-1
34044,[0.74920464 0.43846638],34,32,"[0.7535856051996079, 0.45307884495298306]",1,-1
34045,[0.71874167 0.34471997],34,29,"[0.7250576817720672, 0.30126581813471415]",1,-1
34046,[0.57843634 0.29894134],34,46,"[0.5877940429991866, 0.34550221910317963]",1,-1
34047,[0.62926311 0.41182966],34,28,"[0.6409610568572724, 0.3943628717562158]",1,-1
34048,[0.58012211 0.40218017],34,27,"[0.5866068271601823, 0.4386408725933068]",1,-1
34049,[0.68984119 0.49923617],34,26,"[0.6734889003123068, 0.4756404454441684]",1,-1
34050,[0.59559559 0.38035724],34,46,"[0.5877940429991866, 0.34550221910317963]",1,-1
34051,[0.65221216 0.40727532],34,28,"[0.6409610568572724, 0.3943628717562158]",1,57
34052,[0.66720048 0.38687218],34,28,"[0.6409610568572724, 0.3943628717562158]",1,-1
34053,[0.63875621 0.3761739 ],34,28,"[0.6409610568572724, 0.3943628717562158]",1,-1
34054,[0.61170808 0.4275269 ],34,27,"[0.5866068271601823, 0.4386408725933068]",1,-1
34055,[0.6559087  0.44643344],34,26,"[0.6734889003123068, 0.4756404454441684]",1,-1
34056,[0.70622143 0.42517342],34,30,"[0.6934973256581222, 0.4131681772802667]",1,-1
34057,[0.61538543 0.45078776],34,27,"[0.5866068271601823, 0.4386408725933068]",1,-1
34058,[0.71252998 0.44691088],34,30,"[0.6934973256581222, 0.4131681772802667]",1,-1
34059,[0.58343809 0.45807733],34,27,"[0.5866068271601823, 0.4386408725933068]",1,-1
34060,[0.60188597 0.48496383],34,27,"[0.5866068271601823, 0.4386408725933068]",1,-1
34061,[0.58673999 0.43180613],34,27,"[0.5866068271601823, 0.4386408725933068]",1,-1
34062,[0.66263307 0.37776684],34,28,"[0.6409610568572724, 0.3943628717562158]",1,-1
34063,[0.66915697 0.41037419],34,30,"[0.6934973256581222, 0.4131681772802667]",1,57
34064,[0.57263911 0.4384444 ],34,27,"[0.5866068271601823, 0.4386408725933068]",1,-1
34065,[0.6613661  0.42962931],34,30,"[0.6934973256581222, 0.4131681772802667]",1,56
34066,[0.60495761 0.426814  ],34,27,"[0.5866068271601823, 0.4386408725933068]",1,-1
34067,[0.65050516 0.42200476],34,28,"[0.6409610568572724, 0.3943628717562158]",1,-1
34068,[0.67332151 0.48689433],34,26,"[0.6734889003123068, 0.4756404454441684]",1,-1
34069,[0.63060742 0.34762508],34,46,"[0.5877940429991866, 0.34550221910317963]",1,-1
34070,[0.56720109 0.39728516],34,27,"[0.5866068271601823, 0.4386408725933068]",1,-1
34071,[0.62158441 0.41446437],34,28,"[0.6409610568572724, 0.3943628717562158]",1,58
34072,[0.62319725 0.344882  ],34,46,"[0.5877940429991866, 0.34550221910317963]",1,-1
34073,[0.64838606 0.37657846],34,28,"[0.6409610568572724, 0.3943628717562158]",1,-1
34074,[0.75009889 0.47638171],34,32,"[0.7535856051996079, 0.45307884495298306]",1,-1
34075,[0.61385835 0.46209266],34,27,"[0.5866068271601823, 0.4386408725933068]",1,-1
34076,[0.58075715 0.51735694],34,10,"[0.6101257152780476, 0.5394800330734051]",1,-1
34077,[0.65091455 0.46239705],34,26,"[0.6734889003123068, 0.4756404454441684]",1,-1
34078,[0.65224897 0.44390947],34,26,"[0.6734889003123068, 0.4756404454441684]",1,56
34079,[0.71922291 0.4384735 ],34,30,"[0.6934973256581222, 0.4131681772802667]",1,-1
34080,[0.62632991 0.39552331],34,28,"[0.6409610568572724, 0.3943628717562158]",1,-1
34081,[0.55232104 0.39579065],34,27,"[0.5866068271601823, 0.4386408725933068]",1,-1
34082,[0.70070506 0.42591398],34,30,"[0.6934973256581222, 0.4131681772802667]",1,-1
34083,[0.57768094 0.46357443],34,27,"[0.5866068271601823, 0.4386408725933068]",1,-1
34084,[0.69716012 0.36058355],34,30,"[0.6934973256581222, 0.4131681772802667]",1,-1
34085,[0.65739122 0.47762885],34,26,"[0.6734889003123068, 0.4756404454441684]",1,-1
34086,[0.67399698 0.3531292 ],34,28,"[0.6409610568572724, 0.3943628717562158]",1,-1
34087,[0.6452388  0.45115622],34,26,"[0.6734889003123068, 0.4756404454441684]",1,-1
34088,[0.65047207 0.33406044],34,28,"[0.6409610568572724, 0.3943628717562158]",1,-1
34089,[0.5849155 0.4166706],34,27,"[0.5866068271601823, 0.4386408725933068]",1,-1
34090,[0.60002679 0.43116117],34,27,"[0.5866068271601823, 0.4386408725933068]",1,-1
34091,[0.63696595 0.51882834],34,10,"[0.6101257152780476, 0.5394800330734051]",1,-1
34092,[0.5848709  0.45281722],34,27,"[0.5866068271601823, 0.4386408725933068]",1,-1
34093,[0.60722364 0.50086948],34,10,"[0.6101257152780476, 0.5394800330734051]",1,-1
34094,[0.62778259 0.42718454],34,28,"[0.6409610568572724, 0.3943628717562158]",1,58
34095,[0.67669528 0.48169831],34,26,"[0.6734889003123068, 0.4756404454441684]",1,-1
34096,[0.58598817 0.40978706],34,27,"[0.5866068271601823, 0.4386408725933068]",1,-1
34097,[0.71684906 0.4646832 ],34,32,"[0.7535856051996079, 0.45307884495298306]",1,52
34098,[0.61024553 0.36099389],34,46,"[0.5877940429991866, 0.34550221910317963]",1,-1
34099,[0.62669835 0.43951423],34,27,"[0.5866068271601823, 0.4386408725933068]",1,-1
34100,[0.60783584 0.51518976],34,10,"[0.6101257152780476, 0.5394800330734051]",1,-1
34101,[0.60498612 0.40042323],34,28,"[0.6409610568572724, 0.3943628717562158]",1,-1
34102,[0.68291436 0.41201552],34,30,"[0.6934973256581222, 0.4131681772802667]",1,57
34103,[0.64078089 0.35328994],34,28,"[0.6409610568572724, 0.3943628717562158]",1,-1
34104,[0.5621693  0.38446208],34,46,"[0.5877940429991866, 0.34550221910317963]",1,-1
34105,[0.61271163 0.41291817],34,28,"[0.6409610568572724, 0.3943628717562158]",1,-1
34106,[0.61325836 0.36189178],34,46,"[0.5877940429991866, 0.34550221910317963]",1,-1
34107,[0.62856617 0.42302353],34,28,"[0.6409610568572724, 0.3943628717562158]",1,58
34108,[0.645087   0.45235793],34,26,"[0.6734889003123068, 0.4756404454441684]",1,-1
34109,[0.65068091 0.45764717],34,26,"[0.6734889003123068, 0.4756404454441684]",1,-1
34110,[0.63943827 0.44441085],34,26,"[0.6734889003123068, 0.4756404454441684]",1,-1
34111,[0.66972709 0.47451482],34,26,"[0.6734889003123068, 0.4756404454441684]",1,-1
34112,[0.6002029  0.44118796],34,27,"[0.5866068271601823, 0.4386408725933068]",1,-1
34113,[0.67175112 0.39257662],34,30,"[0.6934973256581222, 0.4131681772802667]",1,57
34114,[0.61524039 0.37574136],34,28,"[0.6409610568572724, 0.3943628717562158]",1,-1
34115,[0.68288877 0.41583244],34,30,"[0.6934973256581222, 0.4131681772802667]",1,57
34116,[0.63075079 0.48165165],34,26,"[0.6734889003123068, 0.4756404454441684]",1,-1
34117,[0.66024994 0.44458906],34,26,"[0.6734889003123068, 0.4756404454441684]",1,56
34118,[0.64436161 0.40456889],34,28,"[0.6409610568572724, 0.3943628717562158]",1,-1
34119,[0.53831044 0.39982978],34,27,"[0.5866068271601823, 0.4386408725933068]",1,-1
34120,[0.68973124 0.42115256],34,30,"[0.6934973256581222, 0.4131681772802667]",1,57
34121,[0.69200846 0.49663053],34,26,"[0.6734889003123068, 0.4756404454441684]",1,-1
34122,[0.50735729 0.48871448],34,35,"[0.491626887866141, 0.45015531396212327]",1,-1
34123,[0.68895415 0.33642581],34,29,"[0.7250576817720672, 0.30126581813471415]",1,-1
34124,[0.57431036 0.47499884],34,27,"[0.5866068271601823, 0.4386408725933068]",1,-1
34125,[0.67262439 0.3552015 ],34,28,"[0.6409610568572724, 0.3943628717562158]",1,-1
34126,[0.61194712 0.35787717],34,46,"[0.5877940429991866, 0.34550221910317963]",1,-1
34127,[0.63586702 0.47740125],34,26,"[0.6734889003123068, 0.4756404454441684]",1,-1
34128,[0.5610403  0.40428804],34,27,"[0.5866068271601823, 0.4386408725933068]",1,-1
34129,[0.61469786 0.411399  ],34,28,"[0.6409610568572724, 0.3943628717562158]",1,58
34130,[0.68583779 0.43969535],34,30,"[0.6934973256581222, 0.4131681772802667]",1,-1
34131,[0.68568037 0.46876702],34,26,"[0.6734889003123068, 0.4756404454441684]",1,-1
34132,[0.66702276 0.45661139],34,26,"[0.6734889003123068, 0.4756404454441684]",1,-1
34133,[0.6210947  0.45866441],34,27,"[0.5866068271601823, 0.4386408725933068]",1,-1
34134,[0.65603947 0.40433896],34,28,"[0.6409610568572724, 0.3943628717562158]",1,57
34135,[0.61519535 0.42205954],34,27,"[0.5866068271601823, 0.4386408725933068]",1,-1
34136,[0.61263645 0.4201045 ],34,27,"[0.5866068271601823, 0.4386408725933068]",1,-1
34137,[0.56866672 0.47720078],34,27,"[0.5866068271601823, 0.4386408725933068]",1,-1
34138,[0.64793408 0.42178396],34,28,"[0.6409610568572724, 0.3943628717562158]",1,-1
34139,[0.65052746 0.36645255],34,28,"[0.6409610568572724, 0.3943628717562158]",1,-1
34140,[0.57433566 0.45764048],34,27,"[0.5866068271601823, 0.4386408725933068]",1,-1
34141,[0.66625268 0.37726213],34,28,"[0.6409610568572724, 0.3943628717562158]",1,-1
34142,[0.5560109  0.39757655],34,27,"[0.5866068271601823, 0.4386408725933068]",1,-1
34143,[0.65800195 0.40009772],34,28,"[0.6409610568572724, 0.3943628717562158]",1,-1
34144,[0.81021883 0.46061912],34,14,"[0.8486155699332081, 0.42850029565542425]",1,-1
34145,[0.6834944  0.42769448],34,30,"[0.6934973256581222, 0.4131681772802667]",1,-1
34146,[0.61633914 0.47968265],34,27,"[0.5866068271601823, 0.4386408725933068]",1,-1
34147,[0.56048998 0.39092428],34,46,"[0.5877940429991866, 0.34550221910317963]",1,-1
34148,[0.64373991 0.32614853],34,46,"[0.5877940429991866, 0.34550221910317963]",1,-1
34149,[0.66751279 0.47231344],34,26,"[0.6734889003123068, 0.4756404454441684]",1,-1
34150,[0.5358447  0.48275665],34,35,"[0.491626887866141, 0.45015531396212327]",1,-1
34151,[0.60694033 0.42886779],34,27,"[0.5866068271601823, 0.4386408725933068]",1,-1
34152,[0.74633843 0.35112194],34,42,"[0.765559566045806, 0.37716611859716387]",1,-1
34153,[0.66689503 0.39299312],34,28,"[0.6409610568572724, 0.3943628717562158]",1,-1
34154,[0.6874188  0.39649622],34,30,"[0.6934973256581222, 0.4131681772802667]",1,57
34155,[0.5499126  0.36469732],34,46,"[0.5877940429991866, 0.34550221910317963]",1,-1
34156,[0.61726931 0.48760125],34,10,"[0.6101257152780476, 0.5394800330734051]",1,34
34157,[0.63952728 0.43843689],34,28,"[0.6409610568572724, 0.3943628717562158]",1,-1
34158,[0.60647152 0.45189177],34,27,"[0.5866068271601823, 0.4386408725933068]",1,-1
34159,[0.53149443 0.48167472],34,35,"[0.491626887866141, 0.45015531396212327]",1,-1
34160,[0.69619961 0.46758064],34,26,"[0.6734889003123068, 0.4756404454441684]",1,-1
34161,[0.69768308 0.40417222],34,30,"[0.6934973256581222, 0.4131681772802667]",1,57
34162,[0.57321649 0.39236623],34,27,"[0.5866068271601823, 0.4386408725933068]",1,-1
34163,[0.58651434 0.51137718],34,10,"[0.6101257152780476, 0.5394800330734051]",1,-1
34164,[0.54588543 0.39021011],34,46,"[0.5877940429991866, 0.34550221910317963]",1,-1
34165,[0.60904046 0.44830095],34,27,"[0.5866068271601823, 0.4386408725933068]",1,-1
34166,[0.58099363 0.39710336],34,27,"[0.5866068271601823, 0.4386408725933068]",1,-1
34167,[0.67642154 0.39529906],34,30,"[0.6934973256581222, 0.4131681772802667]",1,-1
34168,[0.55580612 0.35966538],34,46,"[0.5877940429991866, 0.34550221910317963]",1,-1
34169,[0.62693892 0.4598569 ],34,27,"[0.5866068271601823, 0.4386408725933068]",1,-1
34170,[0.65825963 0.41388646],34,28,"[0.6409610568572724, 0.3943628717562158]",1,-1
34171,[0.69409274 0.42332077],34,30,"[0.6934973256581222, 0.4131681772802667]",1,57
34172,[0.66705815 0.41828736],34,30,"[0.6934973256581222, 0.4131681772802667]",1,56
34173,[0.64438555 0.42403254],34,28,"[0.6409610568572724, 0.3943628717562158]",1,-1
34174,[0.59035786 0.38472138],34,46,"[0.5877940429991866, 0.34550221910317963]",1,-1
34175,[0.67566623 0.48005105],34,26,"[0.6734889003123068, 0.4756404454441684]",1,-1
34176,[0.61123135 0.33436662],34,46,"[0.5877940429991866, 0.34550221910317963]",1,-1
34177,[0.72073952 0.47881834],34,32,"[0.7535856051996079, 0.45307884495298306]",1,-1
34178,[0.58528197 0.44028057],34,27,"[0.5866068271601823, 0.4386408725933068]",1,-1
34179,[0.6061301  0.42508645],34,27,"[0.5866068271601823, 0.4386408725933068]",1,-1
34180,[0.68497848 0.29158341],34,29,"[0.7250576817720672, 0.30126581813471415]",1,-1
34181,[0.70985735 0.38632713],34,30,"[0.6934973256581222, 0.4131681772802667]",1,-1
34182,[0.59694722 0.50972773],34,10,"[0.6101257152780476, 0.5394800330734051]",1,-1
34183,[0.59262097 0.46290482],34,27,"[0.5866068271601823, 0.4386408725933068]",1,-1
34184,[0.62416379 0.43182548],34,27,"[0.5866068271601823, 0.4386408725933068]",1,-1
34185,[0.61569188 0.41971792],34,27,"[0.5866068271601823, 0.4386408725933068]",1,-1
34186,[0.59703969 0.46502093],34,27,"[0.5866068271601823, 0.4386408725933068]",1,-1
34187,[0.66684263 0.4271145 ],34,30,"[0.6934973256581222, 0.4131681772802667]",1,56
34188,[0.66513002 0.47958873],34,26,"[0.6734889003123068, 0.4756404454441684]",1,-1
34189,[0.56122014 0.4648904 ],34,27,"[0.5866068271601823, 0.4386408725933068]",1,-1
34190,[0.6672984  0.44394892],34,26,"[0.6734889003123068, 0.4756404454441684]",1,-1
34191,[0.61756277 0.49530339],34,10,"[0.6101257152780476, 0.5394800330734051]",1,-1
34192,[0.60318341 0.4047288 ],34,27,"[0.5866068271601823, 0.4386408725933068]",1,-1
34193,[0.67353644 0.39838911],34,30,"[0.6934973256581222, 0.4131681772802667]",1,-1
34194,[0.59716212 0.35478639],34,46,"[0.5877940429991866, 0.34550221910317963]",1,-1
34195,[0.53440321 0.43614039],34,35,"[0.491626887866141, 0.45015531396212327]",1,-1
34196,[0.58733391 0.36172206],34,46,"[0.5877940429991866, 0.34550221910317963]",1,-1
34197,[0.63079342 0.44176828],34,27,"[0.5866068271601823, 0.4386408725933068]",1,-1
34198,[0.63639388 0.32314988],34,46,"[0.5877940429991866, 0.34550221910317963]",1,-1
34199,[0.65358423 0.33219593],34,28,"[0.6409610568572724, 0.3943628717562158]",1,-1
34200,[0.681797   0.37286994],34,30,"[0.6934973256581222, 0.4131681772802667]",1,-1
34201,[0.65656333 0.40725048],34,28,"[0.6409610568572724, 0.3943628717562158]",1,-1
34202,[0.67977342 0.31315846],34,29,"[0.7250576817720672, 0.30126581813471415]",1,-1
34203,[0.63224076 0.41087809],34,28,"[0.6409610568572724, 0.3943628717562158]",1,57
34204,[0.60620346 0.49471249],34,10,"[0.6101257152780476, 0.5394800330734051]",1,-1
34205,[0.63280072 0.49426844],34,26,"[0.6734889003123068, 0.4756404454441684]",1,-1
34206,[0.6143879  0.38528942],34,28,"[0.6409610568572724, 0.3943628717562158]",1,-1
34207,[0.59921509 0.49609207],34,10,"[0.6101257152780476, 0.5394800330734051]",1,-1
34208,[0.6238426  0.37746681],34,28,"[0.6409610568572724, 0.3943628717562158]",1,-1
34209,[0.68722311 0.43993907],34,30,"[0.6934973256581222, 0.4131681772802667]",1,-1
34210,[0.60735443 0.4398566 ],34,27,"[0.5866068271601823, 0.4386408725933068]",1,-1
34211,[0.68504045 0.39277599],34,30,"[0.6934973256581222, 0.4131681772802667]",1,-1
34212,[0.59076839 0.45228067],34,27,"[0.5866068271601823, 0.4386408725933068]",1,-1
34213,[0.72214118 0.4719296 ],34,32,"[0.7535856051996079, 0.45307884495298306]",1,-1
34214,[0.54545818 0.48966971],34,2,"[0.5181425386759565, 0.548951681512668]",1,-1
34215,[0.61059754 0.40347258],34,28,"[0.6409610568572724, 0.3943628717562158]",1,-1
34216,[0.59733104 0.33592245],34,46,"[0.5877940429991866, 0.34550221910317963]",1,-1
34217,[0.57993325 0.44902953],34,27,"[0.5866068271601823, 0.4386408725933068]",1,-1
34218,[0.64821448 0.47318812],34,26,"[0.6734889003123068, 0.4756404454441684]",1,-1
34219,[0.58947282 0.45585519],34,27,"[0.5866068271601823, 0.4386408725933068]",1,-1
34220,[0.67296984 0.42939491],34,30,"[0.6934973256581222, 0.4131681772802667]",1,-1
34221,[0.7474197  0.41766707],34,32,"[0.7535856051996079, 0.45307884495298306]",1,-1
34222,[0.65966757 0.41126324],34,28,"[0.6409610568572724, 0.3943628717562158]",1,-1
34223,[0.55346542 0.40957881],34,27,"[0.5866068271601823, 0.4386408725933068]",1,-1
34224,[0.65664154 0.44102493],34,26,"[0.6734889003123068, 0.4756404454441684]",1,-1
34225,[0.64852972 0.4453999 ],34,26,"[0.6734889003123068, 0.4756404454441684]",1,-1
34226,[0.67399715 0.36303897],34,28,"[0.6409610568572724, 0.3943628717562158]",1,-1
34227,[0.64728056 0.40578196],34,28,"[0.6409610568572724, 0.3943628717562158]",1,57
34228,[0.68114156 0.48013944],34,26,"[0.6734889003123068, 0.4756404454441684]",1,39
34229,[0.54546567 0.48242234],34,27,"[0.5866068271601823, 0.4386408725933068]",1,-1
34230,[0.59392549 0.53042396],34,10,"[0.6101257152780476, 0.5394800330734051]",1,-1
34231,[0.64624259 0.47780836],34,26,"[0.6734889003123068, 0.4756404454441684]",1,-1
34232,[0.78316635 0.36773536],34,42,"[0.765559566045806, 0.37716611859716387]",1,-1
34233,[0.60225774 0.42609297],34,27,"[0.5866068271601823, 0.4386408725933068]",1,-1
34234,[0.66456342 0.38101172],34,28,"[0.6409610568572724, 0.3943628717562158]",1,-1
34235,[0.5837961  0.39759561],34,27,"[0.5866068271601823, 0.4386408725933068]",1,-1
34236,[0.59259542 0.53322712],34,10,"[0.6101257152780476, 0.5394800330734051]",1,-1
34237,[0.70820465 0.37839651],34,30,"[0.6934973256581222, 0.4131681772802667]",1,-1
34238,[0.65323822 0.36347543],34,28,"[0.6409610568572724, 0.3943628717562158]",1,-1
34239,[0.61727751 0.37723636],34,28,"[0.6409610568572724, 0.3943628717562158]",1,-1
34240,[0.58962227 0.47104791],34,27,"[0.5866068271601823, 0.4386408725933068]",1,-1
34241,[0.74885434 0.35071165],34,42,"[0.765559566045806, 0.37716611859716387]",1,-1
34242,[0.60631265 0.46219497],34,27,"[0.5866068271601823, 0.4386408725933068]",1,-1
34243,[0.66434517 0.42317406],34,30,"[0.6934973256581222, 0.4131681772802667]",1,56
34244,[0.55204174 0.4451625 ],34,27,"[0.5866068271601823, 0.4386408725933068]",1,-1
34245,[0.63498507 0.38913511],34,28,"[0.6409610568572724, 0.3943628717562158]",1,-1
34246,[0.58512779 0.44294016],34,27,"[0.5866068271601823, 0.4386408725933068]",1,-1
34247,[0.64537395 0.36496005],34,28,"[0.6409610568572724, 0.3943628717562158]",1,-1
34248,[0.67501561 0.48614993],34,26,"[0.6734889003123068, 0.4756404454441684]",1,-1
34249,[0.61485921 0.4347793 ],34,27,"[0.5866068271601823, 0.4386408725933068]",1,-1
34250,[0.69863015 0.41633061],34,30,"[0.6934973256581222, 0.4131681772802667]",1,-1
34251,[0.61494191 0.44760714],34,27,"[0.5866068271601823, 0.4386408725933068]",1,-1
34252,[0.58029031 0.3707639 ],34,46,"[0.5877940429991866, 0.34550221910317963]",1,-1
34253,[0.6834567  0.50313842],34,26,"[0.6734889003123068, 0.4756404454441684]",1,-1
34254,[0.63589226 0.4168167 ],34,28,"[0.6409610568572724, 0.3943628717562158]",1,-1
34255,[0.59283129 0.40237372],34,27,"[0.5866068271601823, 0.4386408725933068]",1,-1
34256,[0.599399   0.45638472],34,27,"[0.5866068271601823, 0.4386408725933068]",1,-1
34257,[0.60885669 0.33065982],34,46,"[0.5877940429991866, 0.34550221910317963]",1,-1
34258,[0.56338317 0.44944023],34,27,"[0.5866068271601823, 0.4386408725933068]",1,-1
34259,[0.6161158  0.48590946],34,10,"[0.6101257152780476, 0.5394800330734051]",1,34
34260,[0.64443885 0.41532054],34,28,"[0.6409610568572724, 0.3943628717562158]",1,-1
34261,[0.60527145 0.44071916],34,27,"[0.5866068271601823, 0.4386408725933068]",1,-1
34262,[0.60846452 0.38280017],34,28,"[0.6409610568572724, 0.3943628717562158]",1,-1
34263,[0.53389051 0.34898953],34,46,"[0.5877940429991866, 0.34550221910317963]",1,-1
34264,[0.62250331 0.3704167 ],34,28,"[0.6409610568572724, 0.3943628717562158]",1,-1
34265,[0.61585357 0.46051158],34,27,"[0.5866068271601823, 0.4386408725933068]",1,-1
34266,[0.66020409 0.46405466],34,26,"[0.6734889003123068, 0.4756404454441684]",1,-1
34267,[0.7153089  0.34304542],34,29,"[0.7250576817720672, 0.30126581813471415]",1,-1
34268,[0.60866556 0.52771895],34,10,"[0.6101257152780476, 0.5394800330734051]",1,-1
34269,[0.68296659 0.42539532],34,30,"[0.6934973256581222, 0.4131681772802667]",1,-1
34270,[0.66591627 0.48154643],34,26,"[0.6734889003123068, 0.4756404454441684]",1,-1
34271,[0.68477407 0.4796668 ],34,26,"[0.6734889003123068, 0.4756404454441684]",1,-1
34272,[0.61501354 0.5554211 ],34,10,"[0.6101257152780476, 0.5394800330734051]",1,64
34273,[0.70287332 0.40811662],34,30,"[0.6934973256581222, 0.4131681772802667]",1,-1
34274,[0.61483581 0.4242985 ],34,27,"[0.5866068271601823, 0.4386408725933068]",1,-1
34275,[0.57321481 0.46936376],34,27,"[0.5866068271601823, 0.4386408725933068]",1,-1
34276,[0.64866882 0.43319022],34,28,"[0.6409610568572724, 0.3943628717562158]",1,56
34277,[0.64284441 0.48351338],34,26,"[0.6734889003123068, 0.4756404454441684]",1,-1
34278,[0.66907796 0.4402231 ],34,26,"[0.6734889003123068, 0.4756404454441684]",1,-1
34279,[0.666854   0.42514136],34,30,"[0.6934973256581222, 0.4131681772802667]",1,56
34280,[0.61878881 0.39885268],34,28,"[0.6409610568572724, 0.3943628717562158]",1,-1
34281,[0.65863788 0.43023365],34,30,"[0.6934973256581222, 0.4131681772802667]",1,56
34282,[0.62420809 0.49054587],34,10,"[0.6101257152780476, 0.5394800330734051]",1,-1
34283,[0.65780334 0.44085051],34,26,"[0.6734889003123068, 0.4756404454441684]",1,56
34284,[0.60010874 0.46457146],34,27,"[0.5866068271601823, 0.4386408725933068]",1,-1
34285,[0.69126278 0.407261  ],34,30,"[0.6934973256581222, 0.4131681772802667]",1,-1
34286,[0.64083878 0.46688598],34,26,"[0.6734889003123068, 0.4756404454441684]",1,-1
34287,[0.58803768 0.37290653],34,46,"[0.5877940429991866, 0.34550221910317963]",1,-1
34288,[0.62802143 0.36889394],34,28,"[0.6409610568572724, 0.3943628717562158]",1,-1
34289,[0.57913441 0.40406161],34,27,"[0.5866068271601823, 0.4386408725933068]",1,-1
34290,[0.71094189 0.41548195],34,30,"[0.6934973256581222, 0.4131681772802667]",1,-1
34291,[0.71286383 0.39562928],34,30,"[0.6934973256581222, 0.4131681772802667]",1,-1
34292,[0.64181176 0.46045813],34,26,"[0.6734889003123068, 0.4756404454441684]",1,-1
34293,[0.57744259 0.43317694],34,27,"[0.5866068271601823, 0.4386408725933068]",1,-1
34294,[0.64533111 0.45554343],34,26,"[0.6734889003123068, 0.4756404454441684]",1,-1
34295,[0.70078573 0.45083842],34,26,"[0.6734889003123068, 0.4756404454441684]",1,-1
34296,[0.63655057 0.36769171],34,28,"[0.6409610568572724, 0.3943628717562158]",1,-1
34297,[0.66509346 0.38428996],34,28,"[0.6409610568572724, 0.3943628717562158]",1,-1
34298,[0.59255182 0.47676536],34,27,"[0.5866068271601823, 0.4386408725933068]",1,-1
34299,[0.64610921 0.5177163 ],34,10,"[0.6101257152780476, 0.5394800330734051]",1,-1
34300,[0.70491523 0.37523025],34,30,"[0.6934973256581222, 0.4131681772802667]",1,-1
34301,[0.50976252 0.44370636],34,35,"[0.491626887866141, 0.45015531396212327]",1,-1
34302,[0.6972444  0.49956555],34,26,"[0.6734889003123068, 0.4756404454441684]",1,-1
34303,[0.60612965 0.42092921],34,27,"[0.5866068271601823, 0.4386408725933068]",1,-1
34304,[0.69760541 0.36890264],34,30,"[0.6934973256581222, 0.4131681772802667]",1,-1
34305,[0.67211127 0.34581743],34,28,"[0.6409610568572724, 0.3943628717562158]",1,-1
34306,[0.57824624 0.3383616 ],34,46,"[0.5877940429991866, 0.34550221910317963]",1,-1
34307,[0.61309417 0.36552174],34,46,"[0.5877940429991866, 0.34550221910317963]",1,-1
34308,[0.64932318 0.3988672 ],34,28,"[0.6409610568572724, 0.3943628717562158]",1,57
34309,[0.62146691 0.41130233],34,28,"[0.6409610568572724, 0.3943628717562158]",1,-1
34310,[0.61136208 0.56139711],34,10,"[0.6101257152780476, 0.5394800330734051]",1,-1
34311,[0.62762761 0.40808987],34,28,"[0.6409610568572724, 0.3943628717562158]",1,-1
34312,[0.70897088 0.37769451],34,30,"[0.6934973256581222, 0.4131681772802667]",1,-1
34313,[0.61934113 0.43717769],34,27,"[0.5866068271601823, 0.4386408725933068]",1,-1
34314,[0.6922191  0.44251535],34,30,"[0.6934973256581222, 0.4131681772802667]",1,-1
34315,[0.62189209 0.48821002],34,10,"[0.6101257152780476, 0.5394800330734051]",1,34
34316,[0.71992962 0.43446583],34,30,"[0.6934973256581222, 0.4131681772802667]",1,-1
34317,[0.66044309 0.46160355],34,26,"[0.6734889003123068, 0.4756404454441684]",1,-1
34318,[0.59657394 0.4178637 ],34,27,"[0.5866068271601823, 0.4386408725933068]",1,-1
34319,[0.59567069 0.48902565],34,27,"[0.5866068271601823, 0.4386408725933068]",1,-1
34320,[0.63179338 0.33285358],34,46,"[0.5877940429991866, 0.34550221910317963]",1,-1
34321,[0.61658488 0.49068845],34,10,"[0.6101257152780476, 0.5394800330734051]",1,34
34322,[0.59019877 0.43242003],34,27,"[0.5866068271601823, 0.4386408725933068]",1,-1
34323,[0.60259369 0.47699931],34,27,"[0.5866068271601823, 0.4386408725933068]",1,-1
34324,[0.57368662 0.37838656],34,46,"[0.5877940429991866, 0.34550221910317963]",1,-1
34325,[0.69561984 0.36249788],34,30,"[0.6934973256581222, 0.4131681772802667]",1,-1
34326,[0.54650954 0.4469054 ],34,27,"[0.5866068271601823, 0.4386408725933068]",1,-1
34327,[0.71854146 0.37474458],34,30,"[0.6934973256581222, 0.4131681772802667]",1,-1
34328,[0.53522294 0.35606993],34,46,"[0.5877940429991866, 0.34550221910317963]",1,-1
34329,[0.58606032 0.37533921],34,46,"[0.5877940429991866, 0.34550221910317963]",1,-1
34330,[0.52495443 0.41257721],34,35,"[0.491626887866141, 0.45015531396212327]",1,8
34331,[0.6185453  0.36336608],34,46,"[0.5877940429991866, 0.34550221910317963]",1,-1
34332,[0.58175912 0.42349478],34,27,"[0.5866068271601823, 0.4386408725933068]",1,-1
34333,[0.60749468 0.523703  ],34,10,"[0.6101257152780476, 0.5394800330734051]",1,-1
34334,[0.62465332 0.3789637 ],34,28,"[0.6409610568572724, 0.3943628717562158]",1,-1
34335,[0.65651231 0.48581523],34,26,"[0.6734889003123068, 0.4756404454441684]",1,-1
34336,[0.61687286 0.43524359],34,27,"[0.5866068271601823, 0.4386408725933068]",1,-1
34337,[0.63837164 0.40381625],34,28,"[0.6409610568572724, 0.3943628717562158]",1,57
34338,[0.56791102 0.40705151],34,27,"[0.5866068271601823, 0.4386408725933068]",1,-1
34339,[0.59808741 0.46570179],34,27,"[0.5866068271601823, 0.4386408725933068]",1,-1
34340,[0.69702463 0.45625755],34,26,"[0.6734889003123068, 0.4756404454441684]",1,-1
34341,[0.67897268 0.46371248],34,26,"[0.6734889003123068, 0.4756404454441684]",1,-1
34342,[0.61036414 0.55642017],34,10,"[0.6101257152780476, 0.5394800330734051]",1,64
34343,[0.6066835  0.41663676],34,27,"[0.5866068271601823, 0.4386408725933068]",1,-1
34344,[0.60357837 0.40954253],34,27,"[0.5866068271601823, 0.4386408725933068]",1,-1
34345,[0.73276279 0.46548331],34,32,"[0.7535856051996079, 0.45307884495298306]",1,-1
34346,[0.63557603 0.39541653],34,28,"[0.6409610568572724, 0.3943628717562158]",1,-1
34347,[0.60612769 0.49326036],34,10,"[0.6101257152780476, 0.5394800330734051]",1,-1
34348,[0.59901226 0.44591075],34,27,"[0.5866068271601823, 0.4386408725933068]",1,-1
34349,[0.67495059 0.39334283],34,30,"[0.6934973256581222, 0.4131681772802667]",1,-1
34350,[0.59489261 0.42624565],34,27,"[0.5866068271601823, 0.4386408725933068]",1,-1
34351,[0.63673004 0.4405374 ],34,28,"[0.6409610568572724, 0.3943628717562158]",1,-1
34352,[0.60393133 0.49011409],34,10,"[0.6101257152780476, 0.5394800330734051]",1,34
34353,[0.64317329 0.43418286],34,28,"[0.6409610568572724, 0.3943628717562158]",1,-1
34354,[0.66569552 0.39751758],34,28,"[0.6409610568572724, 0.3943628717562158]",1,-1
34355,[0.594002   0.42375458],34,27,"[0.5866068271601823, 0.4386408725933068]",1,-1
34356,[0.67346608 0.43795254],34,30,"[0.6934973256581222, 0.4131681772802667]",1,56
34357,[0.61016456 0.39960421],34,28,"[0.6409610568572724, 0.3943628717562158]",1,-1
34358,[0.55205564 0.446261  ],34,27,"[0.5866068271601823, 0.4386408725933068]",1,-1
34359,[0.63827238 0.49037168],34,26,"[0.6734889003123068, 0.4756404454441684]",1,-1
34360,[0.60866899 0.40757155],34,28,"[0.6409610568572724, 0.3943628717562158]",1,-1
34361,[0.64020036 0.41197736],34,28,"[0.6409610568572724, 0.3943628717562158]",1,-1
34362,[0.63578147 0.43252959],34,28,"[0.6409610568572724, 0.3943628717562158]",1,-1
34363,[0.62291204 0.40670663],34,28,"[0.6409610568572724, 0.3943628717562158]",1,-1
34364,[0.6520228  0.39691369],34,28,"[0.6409610568572724, 0.3943628717562158]",1,57
34365,[0.63165816 0.41503118],34,28,"[0.6409610568572724, 0.3943628717562158]",1,-1
34366,[0.63559067 0.40850172],34,28,"[0.6409610568572724, 0.3943628717562158]",1,-1
34367,[0.55194516 0.37769579],34,46,"[0.5877940429991866, 0.34550221910317963]",1,-1
34368,[0.52915329 0.46845963],34,35,"[0.491626887866141, 0.45015531396212327]",1,-1
34369,[0.66212644 0.49427964],34,26,"[0.6734889003123068, 0.4756404454441684]",1,-1
34370,[0.74016947 0.4816112 ],34,32,"[0.7535856051996079, 0.45307884495298306]",1,43
34371,[0.61911488 0.39731236],34,28,"[0.6409610568572724, 0.3943628717562158]",1,-1
34372,[0.68201401 0.41718172],34,30,"[0.6934973256581222, 0.4131681772802667]",1,-1
34373,[0.61582077 0.41876651],34,28,"[0.6409610568572724, 0.3943628717562158]",1,-1
34374,[0.65875804 0.51149274],34,26,"[0.6734889003123068, 0.4756404454441684]",1,-1
34375,[0.64578325 0.39972442],34,28,"[0.6409610568572724, 0.3943628717562158]",1,57
34376,[0.60012837 0.47150118],34,27,"[0.5866068271601823, 0.4386408725933068]",1,-1
34377,[0.64246212 0.45323657],34,26,"[0.6734889003123068, 0.4756404454441684]",1,-1
34378,[0.6156074  0.41426717],34,28,"[0.6409610568572724, 0.3943628717562158]",1,58
34379,[0.67338969 0.31470634],34,29,"[0.7250576817720672, 0.30126581813471415]",1,-1
34380,[0.61724518 0.40006918],34,28,"[0.6409610568572724, 0.3943628717562158]",1,-1
34381,[0.62750236 0.43089255],34,28,"[0.6409610568572724, 0.3943628717562158]",1,58
34382,[0.66322044 0.35751414],34,28,"[0.6409610568572724, 0.3943628717562158]",1,-1
34383,[0.58941165 0.44316772],34,27,"[0.5866068271601823, 0.4386408725933068]",1,-1
34384,[0.61275319 0.45153228],34,27,"[0.5866068271601823, 0.4386408725933068]",1,-1
34385,[0.58032572 0.35231412],34,46,"[0.5877940429991866, 0.34550221910317963]",1,-1
34386,[0.62148417 0.47346629],34,27,"[0.5866068271601823, 0.4386408725933068]",1,-1
34387,[0.65271897 0.33797574],34,28,"[0.6409610568572724, 0.3943628717562158]",1,-1
34388,[0.60193826 0.40542679],34,27,"[0.5866068271601823, 0.4386408725933068]",1,-1
34389,[0.64228892 0.41662265],34,28,"[0.6409610568572724, 0.3943628717562158]",1,-1
34390,[0.61742539 0.41480292],34,28,"[0.6409610568572724, 0.3943628717562158]",1,58
34391,[0.58244308 0.50303066],34,10,"[0.6101257152780476, 0.5394800330734051]",1,-1
34392,[0.6890241  0.42265509],34,30,"[0.6934973256581222, 0.4131681772802667]",1,57
34393,[0.54488989 0.3541315 ],34,46,"[0.5877940429991866, 0.34550221910317963]",1,-1
34394,[0.61814068 0.38170071],34,28,"[0.6409610568572724, 0.3943628717562158]",1,-1
34395,[0.59810237 0.50453913],34,10,"[0.6101257152780476, 0.5394800330734051]",1,-1
34396,[0.67085868 0.34887381],34,28,"[0.6409610568572724, 0.3943628717562158]",1,-1
34397,[0.65032245 0.43683397],34,28,"[0.6409610568572724, 0.3943628717562158]",1,56
34398,[0.56327166 0.43017702],34,27,"[0.5866068271601823, 0.4386408725933068]",1,-1
34399,[0.58548145 0.37437701],34,46,"[0.5877940429991866, 0.34550221910317963]",1,-1
34400,[0.70240645 0.45146634],34,26,"[0.6734889003123068, 0.4756404454441684]",1,-1
34401,[0.57820966 0.37842256],34,46,"[0.5877940429991866, 0.34550221910317963]",1,-1
34402,[0.64400463 0.38256035],34,28,"[0.6409610568572724, 0.3943628717562158]",1,-1
34403,[0.6798146  0.49467334],34,26,"[0.6734889003123068, 0.4756404454441684]",1,-1
34404,[0.57680979 0.43636308],34,27,"[0.5866068271601823, 0.4386408725933068]",1,-1
34405,[0.66056553 0.43069713],34,30,"[0.6934973256581222, 0.4131681772802667]",1,56
34406,[0.65376121 0.37905021],34,28,"[0.6409610568572724, 0.3943628717562158]",1,-1
34407,[0.62101986 0.3824151 ],34,28,"[0.6409610568572724, 0.3943628717562158]",1,-1
34408,[0.62781421 0.43358779],34,28,"[0.6409610568572724, 0.3943628717562158]",1,-1
34409,[0.64682643 0.34668622],34,28,"[0.6409610568572724, 0.3943628717562158]",1,-1
34410,[0.72049055 0.47413239],34,32,"[0.7535856051996079, 0.45307884495298306]",1,-1
34411,[0.53367384 0.46513744],34,35,"[0.491626887866141, 0.45015531396212327]",1,-1
34412,[0.73121643 0.38630211],34,42,"[0.765559566045806, 0.37716611859716387]",1,-1
34413,[0.62739619 0.48583908],34,26,"[0.6734889003123068, 0.4756404454441684]",1,-1
34414,[0.60430706 0.36455513],34,46,"[0.5877940429991866, 0.34550221910317963]",1,-1
34415,[0.5987501  0.47069112],34,27,"[0.5866068271601823, 0.4386408725933068]",1,-1
34416,[0.62168585 0.43265099],34,27,"[0.5866068271601823, 0.4386408725933068]",1,-1
34417,[0.58910394 0.45336448],34,27,"[0.5866068271601823, 0.4386408725933068]",1,-1
34418,[0.60571779 0.44565015],34,27,"[0.5866068271601823, 0.4386408725933068]",1,-1
34419,[0.64628077 0.43002613],34,28,"[0.6409610568572724, 0.3943628717562158]",1,-1
34420,[0.67731149 0.33558186],34,29,"[0.7250576817720672, 0.30126581813471415]",1,-1
34421,[0.63189182 0.37343352],34,28,"[0.6409610568572724, 0.3943628717562158]",1,-1
34422,[0.59681755 0.38252339],34,46,"[0.5877940429991866, 0.34550221910317963]",1,-1
34423,[0.57168533 0.37540023],34,46,"[0.5877940429991866, 0.34550221910317963]",1,-1
34424,[0.68697337 0.52377424],34,26,"[0.6734889003123068, 0.4756404454441684]",1,-1
34425,[0.67107725 0.41075762],34,30,"[0.6934973256581222, 0.4131681772802667]",1,57
34426,[0.55150624 0.48033032],34,27,"[0.5866068271601823, 0.4386408725933068]",1,-1
34427,[0.68703472 0.40941326],34,30,"[0.6934973256581222, 0.4131681772802667]",1,-1
34428,[0.73094248 0.42038576],34,30,"[0.6934973256581222, 0.4131681772802667]",1,-1
34429,[0.64900867 0.39347895],34,28,"[0.6409610568572724, 0.3943628717562158]",1,-1
34430,[0.64466963 0.38827867],34,28,"[0.6409610568572724, 0.3943628717562158]",1,-1
34431,[0.5270267 0.41561  ],34,35,"[0.491626887866141, 0.45015531396212327]",1,8
34432,[0.53952818 0.39466488],34,27,"[0.5866068271601823, 0.4386408725933068]",1,-1
34433,[0.58056086 0.4167664 ],34,27,"[0.5866068271601823, 0.4386408725933068]",1,-1
34434,[0.52736641 0.32722923],34,46,"[0.5877940429991866, 0.34550221910317963]",1,-1
34435,[0.55146024 0.4057174 ],34,27,"[0.5866068271601823, 0.4386408725933068]",1,-1
34436,[0.5429307  0.38654514],34,46,"[0.5877940429991866, 0.34550221910317963]",1,-1
34437,[0.65057934 0.48921845],34,26,"[0.6734889003123068, 0.4756404454441684]",1,-1
34438,[0.61048986 0.46200358],34,27,"[0.5866068271601823, 0.4386408725933068]",1,-1
34439,[0.61738983 0.52095177],34,10,"[0.6101257152780476, 0.5394800330734051]",1,-1
34440,[0.63411397 0.44877503],34,26,"[0.6734889003123068, 0.4756404454441684]",1,-1
34441,[0.55040558 0.3453848 ],34,46,"[0.5877940429991866, 0.34550221910317963]",1,-1
34442,[0.66185039 0.40531507],34,28,"[0.6409610568572724, 0.3943628717562158]",1,57
34443,[0.66239737 0.50233252],34,26,"[0.6734889003123068, 0.4756404454441684]",1,-1
34444,[0.6688686  0.37008899],34,28,"[0.6409610568572724, 0.3943628717562158]",1,-1
34445,[0.57201928 0.49202334],34,27,"[0.5866068271601823, 0.4386408725933068]",1,-1
34446,[0.61294296 0.43770315],34,27,"[0.5866068271601823, 0.4386408725933068]",1,-1
34447,[0.61133828 0.43311371],34,27,"[0.5866068271601823, 0.4386408725933068]",1,-1
34448,[0.64415009 0.42466579],34,28,"[0.6409610568572724, 0.3943628717562158]",1,-1
34449,[0.61968087 0.40648764],34,28,"[0.6409610568572724, 0.3943628717562158]",1,-1
34450,[0.65090551 0.43243432],34,28,"[0.6409610568572724, 0.3943628717562158]",1,56
34451,[0.62613409 0.41779108],34,28,"[0.6409610568572724, 0.3943628717562158]",1,-1
34452,[0.63589203 0.45408069],34,26,"[0.6734889003123068, 0.4756404454441684]",1,-1
34453,[0.60743112 0.47474144],34,27,"[0.5866068271601823, 0.4386408725933068]",1,-1
34454,[0.6242115  0.42783892],34,28,"[0.6409610568572724, 0.3943628717562158]",1,-1
34455,[0.67502871 0.36987018],34,28,"[0.6409610568572724, 0.3943628717562158]",1,-1
34456,[0.57641789 0.47599175],34,27,"[0.5866068271601823, 0.4386408725933068]",1,-1
34457,[0.65750359 0.44872658],34,26,"[0.6734889003123068, 0.4756404454441684]",1,-1
34458,[0.62615776 0.42360078],34,28,"[0.6409610568572724, 0.3943628717562158]",1,58
34459,[0.60606595 0.4361389 ],34,27,"[0.5866068271601823, 0.4386408725933068]",1,-1
34460,[0.76756812 0.45984224],34,32,"[0.7535856051996079, 0.45307884495298306]",1,-1
34461,[0.56221471 0.36740338],34,46,"[0.5877940429991866, 0.34550221910317963]",1,-1
34462,[0.61153118 0.48830491],34,10,"[0.6101257152780476, 0.5394800330734051]",1,34
34463,[0.63562154 0.36652976],34,28,"[0.6409610568572724, 0.3943628717562158]",1,-1
34464,[0.72704436 0.47396023],34,32,"[0.7535856051996079, 0.45307884495298306]",1,-1
34465,[0.59384638 0.3985207 ],34,27,"[0.5866068271601823, 0.4386408725933068]",1,-1
34466,[0.54573215 0.41562279],34,27,"[0.5866068271601823, 0.4386408725933068]",1,-1
34467,[0.69228629 0.41167974],34,30,"[0.6934973256581222, 0.4131681772802667]",1,57
34468,[0.59406495 0.42518091],34,27,"[0.5866068271601823, 0.4386408725933068]",1,-1
34469,[0.65146889 0.48646272],34,26,"[0.6734889003123068, 0.4756404454441684]",1,-1
34470,[0.61270209 0.46725514],34,27,"[0.5866068271601823, 0.4386408725933068]",1,-1
34471,[0.65265144 0.38699086],34,28,"[0.6409610568572724, 0.3943628717562158]",1,-1
34472,[0.70969511 0.40810618],34,30,"[0.6934973256581222, 0.4131681772802667]",1,-1
34473,[0.68570831 0.39577825],34,30,"[0.6934973256581222, 0.4131681772802667]",1,-1
34474,[0.64742432 0.50979836],34,26,"[0.6734889003123068, 0.4756404454441684]",1,-1
34475,[0.66645415 0.45874426],34,26,"[0.6734889003123068, 0.4756404454441684]",1,-1
34476,[0.62254143 0.41562251],34,28,"[0.6409610568572724, 0.3943628717562158]",1,-1
34477,[0.65607201 0.46187041],34,26,"[0.6734889003123068, 0.4756404454441684]",1,-1
34478,[0.64054744 0.42318013],34,28,"[0.6409610568572724, 0.3943628717562158]",1,58
34479,[0.61008842 0.45781575],34,27,"[0.5866068271601823, 0.4386408725933068]",1,-1
34480,[0.69618507 0.46514851],34,26,"[0.6734889003123068, 0.4756404454441684]",1,-1
34481,[0.67212049 0.42238505],34,30,"[0.6934973256581222, 0.4131681772802667]",1,-1
34482,[0.73262998 0.34147922],34,29,"[0.7250576817720672, 0.30126581813471415]",1,-1
34483,[0.6690323  0.49162581],34,26,"[0.6734889003123068, 0.4756404454441684]",1,-1
34484,[0.62328991 0.39688996],34,28,"[0.6409610568572724, 0.3943628717562158]",1,-1
34485,[0.67879822 0.34712103],34,28,"[0.6409610568572724, 0.3943628717562158]",1,-1
34486,[0.65164199 0.4581201 ],34,26,"[0.6734889003123068, 0.4756404454441684]",1,-1
34487,[0.64331093 0.43801671],34,28,"[0.6409610568572724, 0.3943628717562158]",1,-1
34488,[0.62627011 0.33991345],34,46,"[0.5877940429991866, 0.34550221910317963]",1,-1
34489,[0.58536545 0.48757169],34,27,"[0.5866068271601823, 0.4386408725933068]",1,-1
34490,[0.66659717 0.34678335],34,28,"[0.6409610568572724, 0.3943628717562158]",1,-1
34491,[0.65658743 0.44983415],34,26,"[0.6734889003123068, 0.4756404454441684]",1,-1
34492,[0.60569005 0.42595393],34,27,"[0.5866068271601823, 0.4386408725933068]",1,-1
34493,[0.56210616 0.41485316],34,27,"[0.5866068271601823, 0.4386408725933068]",1,-1
34494,[0.60617292 0.45044787],34,27,"[0.5866068271601823, 0.4386408725933068]",1,-1
34495,[0.68784207 0.53302735],34,11,"[0.7051682617613192, 0.574171671796882]",1,-1
34496,[0.64906472 0.40231887],34,28,"[0.6409610568572724, 0.3943628717562158]",1,57
34497,[0.65638223 0.52843103],34,10,"[0.6101257152780476, 0.5394800330734051]",1,-1
34498,[0.60652346 0.38878804],34,28,"[0.6409610568572724, 0.3943628717562158]",1,-1
34499,[0.70264722 0.38028214],34,30,"[0.6934973256581222, 0.4131681772802667]",1,-1
34500,[0.60914271 0.4470249 ],34,27,"[0.5866068271601823, 0.4386408725933068]",1,-1
34501,[0.60740805 0.41851425],34,27,"[0.5866068271601823, 0.4386408725933068]",1,-1
34502,[0.63780299 0.33173461],34,46,"[0.5877940429991866, 0.34550221910317963]",1,-1
34503,[0.65897326 0.3909418 ],34,28,"[0.6409610568572724, 0.3943628717562158]",1,-1
34504,[0.65384621 0.46922111],34,26,"[0.6734889003123068, 0.4756404454441684]",1,-1
34505,[0.63138801 0.37091563],34,28,"[0.6409610568572724, 0.3943628717562158]",1,-1
34506,[0.70791715 0.46701731],34,26,"[0.6734889003123068, 0.4756404454441684]",1,-1
34507,[0.68322695 0.41114075],34,30,"[0.6934973256581222, 0.4131681772802667]",1,57
34508,[0.5518774  0.42205908],34,27,"[0.5866068271601823, 0.4386408725933068]",1,-1
34509,[0.64792021 0.34421607],34,28,"[0.6409610568572724, 0.3943628717562158]",1,-1
34510,[0.60632307 0.44378495],34,27,"[0.5866068271601823, 0.4386408725933068]",1,-1
34511,[0.60047827 0.35949742],34,46,"[0.5877940429991866, 0.34550221910317963]",1,-1
34512,[0.77403329 0.37345186],34,42,"[0.765559566045806, 0.37716611859716387]",1,-1
34513,[0.56744393 0.47742935],34,27,"[0.5866068271601823, 0.4386408725933068]",1,-1
34514,[0.57962374 0.40716919],34,27,"[0.5866068271601823, 0.4386408725933068]",1,-1
34515,[0.71436319 0.44850691],34,32,"[0.7535856051996079, 0.45307884495298306]",1,-1
34516,[0.64423553 0.35081986],34,28,"[0.6409610568572724, 0.3943628717562158]",1,-1
34517,[0.707012   0.43692844],34,30,"[0.6934973256581222, 0.4131681772802667]",1,-1
34518,[0.61720117 0.34053619],34,46,"[0.5877940429991866, 0.34550221910317963]",1,-1
34519,[0.65827515 0.48211507],34,26,"[0.6734889003123068, 0.4756404454441684]",1,-1
34520,[0.6341012  0.38113254],34,28,"[0.6409610568572724, 0.3943628717562158]",1,-1
34521,[0.56478985 0.44213399],34,27,"[0.5866068271601823, 0.4386408725933068]",1,-1
34522,[0.65521316 0.42015469],34,28,"[0.6409610568572724, 0.3943628717562158]",1,-1
34523,[0.55395688 0.35035394],34,46,"[0.5877940429991866, 0.34550221910317963]",1,-1
34524,[0.58327825 0.45956009],34,27,"[0.5866068271601823, 0.4386408725933068]",1,-1
34525,[0.60121883 0.30951083],34,46,"[0.5877940429991866, 0.34550221910317963]",1,-1
34526,[0.69073338 0.42650512],34,30,"[0.6934973256581222, 0.4131681772802667]",1,57
34527,[0.56534888 0.43464805],34,27,"[0.5866068271601823, 0.4386408725933068]",1,-1
34528,[0.62995722 0.33024515],34,46,"[0.5877940429991866, 0.34550221910317963]",1,-1
34529,[0.6730351  0.36478416],34,28,"[0.6409610568572724, 0.3943628717562158]",1,-1
34530,[0.65105605 0.40240824],34,28,"[0.6409610568572724, 0.3943628717562158]",1,-1
34531,[0.60860515 0.38808209],34,28,"[0.6409610568572724, 0.3943628717562158]",1,-1
34532,[0.5750031  0.53882311],34,10,"[0.6101257152780476, 0.5394800330734051]",1,-1
34533,[0.72147886 0.44518066],34,32,"[0.7535856051996079, 0.45307884495298306]",1,-1
34534,[0.70672758 0.40289012],34,30,"[0.6934973256581222, 0.4131681772802667]",1,-1
34535,[0.66077661 0.46134368],34,26,"[0.6734889003123068, 0.4756404454441684]",1,-1
34536,[0.56663574 0.45087592],34,27,"[0.5866068271601823, 0.4386408725933068]",1,-1
34537,[0.71538882 0.42680315],34,30,"[0.6934973256581222, 0.4131681772802667]",1,-1
34538,[0.64509837 0.47427611],34,26,"[0.6734889003123068, 0.4756404454441684]",1,-1
34539,[0.67836524 0.40877551],34,30,"[0.6934973256581222, 0.4131681772802667]",1,57
34540,[0.57718953 0.44853991],34,27,"[0.5866068271601823, 0.4386408725933068]",1,-1
34541,[0.70533794 0.42637538],34,30,"[0.6934973256581222, 0.4131681772802667]",1,-1
34542,[0.62027782 0.47705252],34,27,"[0.5866068271601823, 0.4386408725933068]",1,-1
34543,[0.69520865 0.41811562],34,30,"[0.6934973256581222, 0.4131681772802667]",1,-1
34544,[0.61332884 0.40567903],34,28,"[0.6409610568572724, 0.3943628717562158]",1,-1
34545,[0.70590157 0.47221272],34,26,"[0.6734889003123068, 0.4756404454441684]",1,-1
34546,[0.58965768 0.36191669],34,46,"[0.5877940429991866, 0.34550221910317963]",1,-1
34547,[0.63693821 0.4371691 ],34,28,"[0.6409610568572724, 0.3943628717562158]",1,-1
34548,[0.63630014 0.41409069],34,28,"[0.6409610568572724, 0.3943628717562158]",1,57
34549,[0.57030407 0.39420373],34,27,"[0.5866068271601823, 0.4386408725933068]",1,-1
34550,[0.68251447 0.33396046],34,29,"[0.7250576817720672, 0.30126581813471415]",1,-1
34551,[0.62224655 0.41948583],34,28,"[0.6409610568572724, 0.3943628717562158]",1,58
34552,[0.63099638 0.44924516],34,27,"[0.5866068271601823, 0.4386408725933068]",1,-1
34553,[0.70755529 0.32758694],34,29,"[0.7250576817720672, 0.30126581813471415]",1,-1
34554,[0.53200717 0.46998218],34,35,"[0.491626887866141, 0.45015531396212327]",1,-1
34555,[0.52640848 0.49314504],34,35,"[0.491626887866141, 0.45015531396212327]",1,-1
34556,[0.68901817 0.34554058],34,29,"[0.7250576817720672, 0.30126581813471415]",1,-1
34557,[0.6206343  0.42200856],34,28,"[0.6409610568572724, 0.3943628717562158]",1,58
34558,[0.56767084 0.51639912],34,10,"[0.6101257152780476, 0.5394800330734051]",1,-1
34559,[0.63253449 0.46581211],34,26,"[0.6734889003123068, 0.4756404454441684]",1,-1
34560,[0.62812243 0.51444098],34,10,"[0.6101257152780476, 0.5394800330734051]",1,-1
34561,[0.67492386 0.47212325],34,26,"[0.6734889003123068, 0.4756404454441684]",1,-1
34562,[0.70289543 0.41441026],34,30,"[0.6934973256581222, 0.4131681772802667]",1,-1
34563,[0.65897927 0.43843156],34,26,"[0.6734889003123068, 0.4756404454441684]",1,-1
34564,[0.67732639 0.46690806],34,26,"[0.6734889003123068, 0.4756404454441684]",1,-1
34565,[0.65586806 0.42740479],34,28,"[0.6409610568572724, 0.3943628717562158]",1,-1
34566,[0.64428353 0.36308919],34,28,"[0.6409610568572724, 0.3943628717562158]",1,-1
34567,[0.60259373 0.41464797],34,27,"[0.5866068271601823, 0.4386408725933068]",1,-1
34568,[0.65570282 0.43324764],34,28,"[0.6409610568572724, 0.3943628717562158]",1,56
34569,[0.70603721 0.40385658],34,30,"[0.6934973256581222, 0.4131681772802667]",1,-1
34570,[0.62222498 0.40400654],34,28,"[0.6409610568572724, 0.3943628717562158]",1,-1
34571,[0.63541698 0.32528424],34,46,"[0.5877940429991866, 0.34550221910317963]",1,-1
34572,[0.63375441 0.44447882],34,27,"[0.5866068271601823, 0.4386408725933068]",1,-1
34573,[0.59785115 0.45929406],34,27,"[0.5866068271601823, 0.4386408725933068]",1,-1
34574,[0.65503584 0.43567105],34,28,"[0.6409610568572724, 0.3943628717562158]",1,-1
34575,[0.62792633 0.4293494 ],34,28,"[0.6409610568572724, 0.3943628717562158]",1,58
34576,[0.61948695 0.40873071],34,28,"[0.6409610568572724, 0.3943628717562158]",1,58
34577,[0.62514942 0.55192461],34,10,"[0.6101257152780476, 0.5394800330734051]",1,-1
34578,[0.68757823 0.48946117],34,26,"[0.6734889003123068, 0.4756404454441684]",1,-1
34579,[0.75614453 0.3889591 ],34,42,"[0.765559566045806, 0.37716611859716387]",1,-1
34580,[0.62304187 0.44245998],34,27,"[0.5866068271601823, 0.4386408725933068]",1,58
34581,[0.62155885 0.34619098],34,46,"[0.5877940429991866, 0.34550221910317963]",1,-1
34582,[0.65269064 0.28796973],34,-1,-1,1,-1
34583,[0.68618032 0.41881764],34,30,"[0.6934973256581222, 0.4131681772802667]",1,57
34584,[0.63355213 0.45587504],34,26,"[0.6734889003123068, 0.4756404454441684]",1,-1
34585,[0.58952546 0.4656327 ],34,27,"[0.5866068271601823, 0.4386408725933068]",1,-1
34586,[0.76638179 0.4521965 ],34,32,"[0.7535856051996079, 0.45307884495298306]",1,-1
34587,[0.67169158 0.51354395],34,26,"[0.6734889003123068, 0.4756404454441684]",1,-1
34588,[0.77085349 0.36639195],34,42,"[0.765559566045806, 0.37716611859716387]",1,-1
34589,[0.57465841 0.466577  ],34,27,"[0.5866068271601823, 0.4386408725933068]",1,-1
34590,[0.62410753 0.38818596],34,28,"[0.6409610568572724, 0.3943628717562158]",1,-1
34591,[0.72933726 0.39196038],34,42,"[0.765559566045806, 0.37716611859716387]",1,-1
34592,[0.60219182 0.39021326],34,28,"[0.6409610568572724, 0.3943628717562158]",1,-1
34593,[0.70063312 0.42066565],34,30,"[0.6934973256581222, 0.4131681772802667]",1,57
34594,[0.62715207 0.44653155],34,27,"[0.5866068271601823, 0.4386408725933068]",1,-1
34595,[0.60175434 0.44151289],34,27,"[0.5866068271601823, 0.4386408725933068]",1,-1
34596,[0.64040436 0.46671843],34,26,"[0.6734889003123068, 0.4756404454441684]",1,-1
34597,[0.56052563 0.33798336],34,46,"[0.5877940429991866, 0.34550221910317963]",1,-1
34598,[0.58135926 0.38075605],34,46,"[0.5877940429991866, 0.34550221910317963]",1,-1
34599,[0.65377053 0.44276009],34,26,"[0.6734889003123068, 0.4756404454441684]",1,-1
34600,[0.55082683 0.46400041],34,27,"[0.5866068271601823, 0.4386408725933068]",1,-1
34601,[0.63391959 0.46616035],34,26,"[0.6734889003123068, 0.4756404454441684]",1,-1
34602,[0.67142643 0.36398324],34,28,"[0.6409610568572724, 0.3943628717562158]",1,-1
34603,[0.6633372  0.43393185],34,30,"[0.6934973256581222, 0.4131681772802667]",1,56
34604,[0.64365279 0.4625775 ],34,26,"[0.6734889003123068, 0.4756404454441684]",1,-1
34605,[0.70349496 0.42249797],34,30,"[0.6934973256581222, 0.4131681772802667]",1,57
34606,[0.70291625 0.469883  ],34,26,"[0.6734889003123068, 0.4756404454441684]",1,-1
34607,[0.66606884 0.3643659 ],34,28,"[0.6409610568572724, 0.3943628717562158]",1,-1
34608,[0.62232009 0.45380637],34,27,"[0.5866068271601823, 0.4386408725933068]",1,-1
34609,[0.73263238 0.41952126],34,32,"[0.7535856051996079, 0.45307884495298306]",1,54
34610,[0.55858684 0.43218034],34,27,"[0.5866068271601823, 0.4386408725933068]",1,-1
34611,[0.70264721 0.3794346 ],34,30,"[0.6934973256581222, 0.4131681772802667]",1,-1
34612,[0.64935238 0.49266638],34,26,"[0.6734889003123068, 0.4756404454441684]",1,-1
34613,[0.70693314 0.3678073 ],34,30,"[0.6934973256581222, 0.4131681772802667]",1,-1
34614,[0.67052302 0.46378864],34,26,"[0.6734889003123068, 0.4756404454441684]",1,-1
34615,[0.60978296 0.4446409 ],34,27,"[0.5866068271601823, 0.4386408725933068]",1,-1
34616,[0.54653279 0.48527285],34,27,"[0.5866068271601823, 0.4386408725933068]",1,-1
34617,[0.67719622 0.43458615],34,30,"[0.6934973256581222, 0.4131681772802667]",1,-1
34618,[0.74835449 0.36330506],34,42,"[0.765559566045806, 0.37716611859716387]",1,-1
34619,[0.67148391 0.42275986],34,30,"[0.6934973256581222, 0.4131681772802667]",1,56
34620,[0.64167194 0.39032171],34,28,"[0.6409610568572724, 0.3943628717562158]",1,-1
34621,[0.64567371 0.41033421],34,28,"[0.6409610568572724, 0.3943628717562158]",1,57
34622,[0.61343102 0.37594282],34,28,"[0.6409610568572724, 0.3943628717562158]",1,-1
34623,[0.61811221 0.49098304],34,10,"[0.6101257152780476, 0.5394800330734051]",1,34
34624,[0.59268962 0.45498274],34,27,"[0.5866068271601823, 0.4386408725933068]",1,-1
34625,[0.57096184 0.39811502],34,27,"[0.5866068271601823, 0.4386408725933068]",1,-1
34626,[0.63813355 0.34020739],34,46,"[0.5877940429991866, 0.34550221910317963]",1,-1
34627,[0.44615791 0.43675884],34,35,"[0.491626887866141, 0.45015531396212327]",1,-1
34628,[0.713949   0.38994166],34,30,"[0.6934973256581222, 0.4131681772802667]",1,-1
34629,[0.61316887 0.4349824 ],34,27,"[0.5866068271601823, 0.4386408725933068]",1,-1
34630,[0.67121911 0.43605661],34,30,"[0.6934973256581222, 0.4131681772802667]",1,-1
34631,[0.62591284 0.34908659],34,46,"[0.5877940429991866, 0.34550221910317963]",1,-1
34632,[0.68696811 0.50286613],34,26,"[0.6734889003123068, 0.4756404454441684]",1,-1
34633,[0.66444561 0.37215949],34,28,"[0.6409610568572724, 0.3943628717562158]",1,-1
34634,[0.55444737 0.37165158],34,46,"[0.5877940429991866, 0.34550221910317963]",1,-1
34635,[0.66012518 0.44742649],34,26,"[0.6734889003123068, 0.4756404454441684]",1,-1
34636,[0.67851069 0.39938334],34,30,"[0.6934973256581222, 0.4131681772802667]",1,-1
34637,[0.67293775 0.35042222],34,28,"[0.6409610568572724, 0.3943628717562158]",1,-1
34638,[0.70632618 0.39744552],34,30,"[0.6934973256581222, 0.4131681772802667]",1,-1
34639,[0.76126136 0.40204163],34,42,"[0.765559566045806, 0.37716611859716387]",1,23
34640,[0.65732391 0.31901552],34,-1,-1,1,-1
34641,[0.77926917 0.39695084],34,42,"[0.765559566045806, 0.37716611859716387]",1,-1
34642,[0.60095407 0.39346325],34,28,"[0.6409610568572724, 0.3943628717562158]",1,-1
34643,[0.59667233 0.44467668],34,27,"[0.5866068271601823, 0.4386408725933068]",1,-1
34644,[0.63611684 0.46309544],34,26,"[0.6734889003123068, 0.4756404454441684]",1,-1
34645,[0.57270583 0.45542476],34,27,"[0.5866068271601823, 0.4386408725933068]",1,-1
34646,[0.66956777 0.37521408],34,28,"[0.6409610568572724, 0.3943628717562158]",1,-1
34647,[0.75091013 0.33807889],34,42,"[0.765559566045806, 0.37716611859716387]",1,-1
34648,[0.72728516 0.41983299],34,30,"[0.6934973256581222, 0.4131681772802667]",1,-1
34649,[0.70408792 0.34843071],34,29,"[0.7250576817720672, 0.30126581813471415]",1,-1
34650,[0.52972116 0.38948399],34,37,"[0.4780366509520634, 0.3686118735311782]",1,-1
34651,[0.71914449 0.46031559],34,32,"[0.7535856051996079, 0.45307884495298306]",1,-1
34652,[0.49709369 0.41383659],34,35,"[0.491626887866141, 0.45015531396212327]",1,-1
34653,[0.6133777  0.39796897],34,28,"[0.6409610568572724, 0.3943628717562158]",1,-1
34654,[0.56603929 0.50015369],34,10,"[0.6101257152780476, 0.5394800330734051]",1,-1
34655,[0.77102232 0.42599439],34,32,"[0.7535856051996079, 0.45307884495298306]",1,38
34656,[0.69189687 0.37117494],34,30,"[0.6934973256581222, 0.4131681772802667]",1,-1
34657,[0.64004959 0.43154583],34,28,"[0.6409610568572724, 0.3943628717562158]",1,-1
34658,[0.64503331 0.49922472],34,26,"[0.6734889003123068, 0.4756404454441684]",1,-1
34659,[0.62908221 0.41044842],34,28,"[0.6409610568572724, 0.3943628717562158]",1,-1
34660,[0.58394409 0.41657539],34,27,"[0.5866068271601823, 0.4386408725933068]",1,-1
34661,[0.63673963 0.43214669],34,28,"[0.6409610568572724, 0.3943628717562158]",1,-1
34662,[0.57528981 0.45496684],34,27,"[0.5866068271601823, 0.4386408725933068]",1,-1
34663,[0.69087622 0.39273243],34,30,"[0.6934973256581222, 0.4131681772802667]",1,-1
34664,[0.59717981 0.32368142],34,46,"[0.5877940429991866, 0.34550221910317963]",1,-1
34665,[0.66739839 0.387231  ],34,28,"[0.6409610568572724, 0.3943628717562158]",1,-1
34666,[0.74064228 0.40948928],34,42,"[0.765559566045806, 0.37716611859716387]",1,-1
34667,[0.68068749 0.4515118 ],34,26,"[0.6734889003123068, 0.4756404454441684]",1,-1
34668,[0.63742162 0.36120379],34,28,"[0.6409610568572724, 0.3943628717562158]",1,-1
34669,[0.67662622 0.33744609],34,29,"[0.7250576817720672, 0.30126581813471415]",1,-1
34670,[0.64313103 0.46616487],34,26,"[0.6734889003123068, 0.4756404454441684]",1,-1
34671,[0.69453508 0.32156357],34,29,"[0.7250576817720672, 0.30126581813471415]",1,-1
34672,[0.683988   0.48673323],34,26,"[0.6734889003123068, 0.4756404454441684]",1,-1
34673,[0.68345266 0.51061839],34,26,"[0.6734889003123068, 0.4756404454441684]",1,-1
34674,[0.64808005 0.5336425 ],34,10,"[0.6101257152780476, 0.5394800330734051]",1,-1
34675,[0.59866084 0.4229152 ],34,27,"[0.5866068271601823, 0.4386408725933068]",1,-1
34676,[0.57718937 0.47844099],34,27,"[0.5866068271601823, 0.4386408725933068]",1,-1
34677,[0.60514457 0.32276356],34,46,"[0.5877940429991866, 0.34550221910317963]",1,-1
34678,[0.66783439 0.32639045],34,29,"[0.7250576817720672, 0.30126581813471415]",1,-1
34679,[0.66476293 0.41906291],34,30,"[0.6934973256581222, 0.4131681772802667]",1,-1
34680,[0.6323981  0.41415408],34,28,"[0.6409610568572724, 0.3943628717562158]",1,-1
34681,[0.61046459 0.43077304],34,27,"[0.5866068271601823, 0.4386408725933068]",1,-1
34682,[0.55878914 0.47707513],34,27,"[0.5866068271601823, 0.4386408725933068]",1,-1
34683,[0.58657223 0.3842882 ],34,46,"[0.5877940429991866, 0.34550221910317963]",1,-1
34684,[0.69379436 0.42977028],34,30,"[0.6934973256581222, 0.4131681772802667]",1,-1
34685,[0.49230653 0.47432845],34,35,"[0.491626887866141, 0.45015531396212327]",1,-1
34686,[0.5098318  0.41464325],34,35,"[0.491626887866141, 0.45015531396212327]",1,8
34687,[0.68849872 0.36715235],34,30,"[0.6934973256581222, 0.4131681772802667]",1,-1
34688,[0.57066081 0.41917871],34,27,"[0.5866068271601823, 0.4386408725933068]",1,-1
34689,[0.69561322 0.40872756],34,30,"[0.6934973256581222, 0.4131681772802667]",1,57
34690,[0.71357639 0.51759316],34,11,"[0.7051682617613192, 0.574171671796882]",1,33
34691,[0.559195   0.36739863],34,46,"[0.5877940429991866, 0.34550221910317963]",1,-1
34692,[0.66436193 0.45701854],34,26,"[0.6734889003123068, 0.4756404454441684]",1,-1
34693,[0.63107795 0.50512736],34,10,"[0.6101257152780476, 0.5394800330734051]",1,-1
34694,[0.67971791 0.43314218],34,30,"[0.6934973256581222, 0.4131681772802667]",1,-1
34695,[0.62763303 0.37875552],34,28,"[0.6409610568572724, 0.3943628717562158]",1,-1
34696,[0.61553085 0.53554745],34,10,"[0.6101257152780476, 0.5394800330734051]",1,-1
34697,[0.67965869 0.40312372],34,30,"[0.6934973256581222, 0.4131681772802667]",1,-1
34698,[0.58837803 0.48121693],34,27,"[0.5866068271601823, 0.4386408725933068]",1,-1
34699,[0.57722618 0.40254945],34,27,"[0.5866068271601823, 0.4386408725933068]",1,-1
34700,[0.60736416 0.35380847],34,46,"[0.5877940429991866, 0.34550221910317963]",1,-1
34701,[0.60693435 0.45391713],34,27,"[0.5866068271601823, 0.4386408725933068]",1,-1
34702,[0.60199068 0.41164605],34,27,"[0.5866068271601823, 0.4386408725933068]",1,-1
34703,[0.61089848 0.34479458],34,46,"[0.5877940429991866, 0.34550221910317963]",1,-1
34704,[0.66261021 0.42305094],34,30,"[0.6934973256581222, 0.4131681772802667]",1,56
34705,[0.70162222 0.39232544],34,30,"[0.6934973256581222, 0.4131681772802667]",1,-1
34706,[0.61412239 0.40580915],34,28,"[0.6409610568572724, 0.3943628717562158]",1,-1
34707,[0.57167759 0.45270274],34,27,"[0.5866068271601823, 0.4386408725933068]",1,-1
34708,[0.64491267 0.41207929],34,28,"[0.6409610568572724, 0.3943628717562158]",1,-1
34709,[0.6687626  0.42409374],34,30,"[0.6934973256581222, 0.4131681772802667]",1,56
34710,[0.64019657 0.39880362],34,28,"[0.6409610568572724, 0.3943628717562158]",1,-1
34711,[0.70291618 0.41771084],34,30,"[0.6934973256581222, 0.4131681772802667]",1,-1
34712,[0.74366494 0.46656621],34,32,"[0.7535856051996079, 0.45307884495298306]",1,43
34713,[0.61388754 0.44585885],34,27,"[0.5866068271601823, 0.4386408725933068]",1,-1
34714,[0.7079718  0.44110613],34,30,"[0.6934973256581222, 0.4131681772802667]",1,-1
34715,[0.58222085 0.37891181],34,46,"[0.5877940429991866, 0.34550221910317963]",1,-1
34716,[0.6153117  0.44296164],34,27,"[0.5866068271601823, 0.4386408725933068]",1,-1
34717,[0.61498793 0.50215331],34,10,"[0.6101257152780476, 0.5394800330734051]",1,-1
34718,[0.61864757 0.49405145],34,10,"[0.6101257152780476, 0.5394800330734051]",1,34
34719,[0.56444328 0.45538457],34,27,"[0.5866068271601823, 0.4386408725933068]",1,-1
34720,[0.69825268 0.47341067],34,26,"[0.6734889003123068, 0.4756404454441684]",1,-1
34721,[0.638382   0.45119158],34,26,"[0.6734889003123068, 0.4756404454441684]",1,-1
34722,[0.64658008 0.40797824],34,28,"[0.6409610568572724, 0.3943628717562158]",1,57
34723,[0.66019834 0.35397591],34,28,"[0.6409610568572724, 0.3943628717562158]",1,-1
34724,[0.62463588 0.35069367],34,46,"[0.5877940429991866, 0.34550221910317963]",1,-1
34725,[0.60366974 0.44177286],34,27,"[0.5866068271601823, 0.4386408725933068]",1,-1
34726,[0.64053288 0.45085316],34,26,"[0.6734889003123068, 0.4756404454441684]",1,-1
34727,[0.69411572 0.50812291],34,26,"[0.6734889003123068, 0.4756404454441684]",1,-1
34728,[0.55157624 0.40812387],34,27,"[0.5866068271601823, 0.4386408725933068]",1,-1
34729,[0.61178437 0.48204188],34,27,"[0.5866068271601823, 0.4386408725933068]",1,-1
34730,[0.65002907 0.43749927],34,28,"[0.6409610568572724, 0.3943628717562158]",1,56
34731,[0.68370446 0.40926365],34,30,"[0.6934973256581222, 0.4131681772802667]",1,-1
34732,[0.65249017 0.42858884],34,28,"[0.6409610568572724, 0.3943628717562158]",1,56
34733,[0.69583623 0.48874052],34,26,"[0.6734889003123068, 0.4756404454441684]",1,-1
34734,[0.61617817 0.49007271],34,10,"[0.6101257152780476, 0.5394800330734051]",1,34
34735,[0.6055286  0.36712213],34,46,"[0.5877940429991866, 0.34550221910317963]",1,-1
34736,[0.61628604 0.39807816],34,28,"[0.6409610568572724, 0.3943628717562158]",1,-1
34737,[0.61246719 0.46346767],34,27,"[0.5866068271601823, 0.4386408725933068]",1,-1
34738,[0.69277973 0.4401448 ],34,30,"[0.6934973256581222, 0.4131681772802667]",1,-1
34739,[0.67775953 0.36249227],34,28,"[0.6409610568572724, 0.3943628717562158]",1,-1
34740,[0.60408956 0.3713989 ],34,46,"[0.5877940429991866, 0.34550221910317963]",1,-1
34741,[0.69713545 0.46081971],34,26,"[0.6734889003123068, 0.4756404454441684]",1,-1
34742,[0.5813764  0.34476682],34,46,"[0.5877940429991866, 0.34550221910317963]",1,-1
34743,[0.6546397  0.43777488],34,26,"[0.6734889003123068, 0.4756404454441684]",1,56
34744,[0.7520501  0.39090016],34,42,"[0.765559566045806, 0.37716611859716387]",1,-1
34745,[0.66772268 0.41218954],34,30,"[0.6934973256581222, 0.4131681772802667]",1,-1
34746,[0.58008981 0.41563087],34,27,"[0.5866068271601823, 0.4386408725933068]",1,-1
34747,[0.65834325 0.48303214],34,26,"[0.6734889003123068, 0.4756404454441684]",1,-1
34748,[0.65795944 0.34943412],34,28,"[0.6409610568572724, 0.3943628717562158]",1,-1
34749,[0.59462885 0.44090637],34,27,"[0.5866068271601823, 0.4386408725933068]",1,-1
34750,[0.62796233 0.37496804],34,28,"[0.6409610568572724, 0.3943628717562158]",1,-1
34751,[0.70746887 0.43303209],34,30,"[0.6934973256581222, 0.4131681772802667]",1,-1
34752,[0.66446844 0.35331218],34,28,"[0.6409610568572724, 0.3943628717562158]",1,-1
34753,[0.45670395 0.40985411],34,37,"[0.4780366509520634, 0.3686118735311782]",1,-1
34754,[0.59518643 0.47246808],34,27,"[0.5866068271601823, 0.4386408725933068]",1,-1
34755,[0.68219282 0.39994034],34,30,"[0.6934973256581222, 0.4131681772802667]",1,-1
34756,[0.75304129 0.41878019],34,32,"[0.7535856051996079, 0.45307884495298306]",1,-1
34757,[0.56691558 0.46542887],34,27,"[0.5866068271601823, 0.4386408725933068]",1,-1
34758,[0.63182767 0.48039778],34,26,"[0.6734889003123068, 0.4756404454441684]",1,-1
34759,[0.57090139 0.40564559],34,27,"[0.5866068271601823, 0.4386408725933068]",1,-1
34760,[0.67312876 0.41153637],34,30,"[0.6934973256581222, 0.4131681772802667]",1,57
34761,[0.66283641 0.4118605 ],34,28,"[0.6409610568572724, 0.3943628717562158]",1,-1
34762,[0.61960569 0.47292572],34,27,"[0.5866068271601823, 0.4386408725933068]",1,-1
34763,[0.65267456 0.44853822],34,26,"[0.6734889003123068, 0.4756404454441684]",1,-1
34764,[0.65472908 0.31266366],34,-1,-1,1,-1
34765,[0.58700019 0.39285142],34,27,"[0.5866068271601823, 0.4386408725933068]",1,-1
34766,[0.58966685 0.4547409 ],34,27,"[0.5866068271601823, 0.4386408725933068]",1,-1
34767,[0.60416565 0.44654525],34,27,"[0.5866068271601823, 0.4386408725933068]",1,-1
34768,[0.67918299 0.36157368],34,28,"[0.6409610568572724, 0.3943628717562158]",1,-1
34769,[0.59539961 0.41651836],34,27,"[0.5866068271601823, 0.4386408725933068]",1,-1
34770,[0.61456385 0.41638726],34,28,"[0.6409610568572724, 0.3943628717562158]",1,-1
34771,[0.62112379 0.43128986],34,27,"[0.5866068271601823, 0.4386408725933068]",1,-1
34772,[0.59293156 0.43148092],34,27,"[0.5866068271601823, 0.4386408725933068]",1,-1
34773,[0.66960674 0.39189061],34,28,"[0.6409610568572724, 0.3943628717562158]",1,-1
34774,[0.61837804 0.40282266],34,28,"[0.6409610568572724, 0.3943628717562158]",1,-1
34775,[0.61118175 0.43797451],34,27,"[0.5866068271601823, 0.4386408725933068]",1,-1
34776,[0.58806602 0.38766331],34,46,"[0.5877940429991866, 0.34550221910317963]",1,-1
34777,[0.63331422 0.37844252],34,28,"[0.6409610568572724, 0.3943628717562158]",1,-1
34778,[0.646834   0.37583718],34,28,"[0.6409610568572724, 0.3943628717562158]",1,-1
34779,[0.62419441 0.39496052],34,28,"[0.6409610568572724, 0.3943628717562158]",1,-1
34780,[0.6377366  0.44307408],34,26,"[0.6734889003123068, 0.4756404454441684]",1,-1
34781,[0.72034479 0.4531115 ],34,32,"[0.7535856051996079, 0.45307884495298306]",1,-1
34782,[0.63851916 0.44551685],34,26,"[0.6734889003123068, 0.4756404454441684]",1,-1
34783,[0.60881106 0.43940332],34,27,"[0.5866068271601823, 0.4386408725933068]",1,-1
34784,[0.67313856 0.48097654],34,26,"[0.6734889003123068, 0.4756404454441684]",1,-1
34785,[0.60324541 0.42723781],34,27,"[0.5866068271601823, 0.4386408725933068]",1,-1
34786,[0.647937   0.35833192],34,28,"[0.6409610568572724, 0.3943628717562158]",1,-1
34787,[0.68230241 0.38748507],34,30,"[0.6934973256581222, 0.4131681772802667]",1,-1
34788,[0.6717568  0.39049267],34,28,"[0.6409610568572724, 0.3943628717562158]",1,-1
34789,[0.60487565 0.43806026],34,27,"[0.5866068271601823, 0.4386408725933068]",1,-1
34790,[0.59346037 0.44170667],34,27,"[0.5866068271601823, 0.4386408725933068]",1,-1
34791,[0.61374289 0.47135362],34,27,"[0.5866068271601823, 0.4386408725933068]",1,-1
34792,[0.73035188 0.42556174],34,32,"[0.7535856051996079, 0.45307884495298306]",1,54
34793,[0.58547083 0.46854309],34,27,"[0.5866068271601823, 0.4386408725933068]",1,-1
34794,[0.56612097 0.4182053 ],34,27,"[0.5866068271601823, 0.4386408725933068]",1,-1
34795,[0.58847794 0.49265927],34,10,"[0.6101257152780476, 0.5394800330734051]",1,-1
34796,[0.59565716 0.49133543],34,10,"[0.6101257152780476, 0.5394800330734051]",1,-1
34797,[0.72072872 0.4818197 ],34,32,"[0.7535856051996079, 0.45307884495298306]",1,-1
34798,[0.64963967 0.41002577],34,28,"[0.6409610568572724, 0.3943628717562158]",1,-1
34799,[0.66408152 0.49087269],34,26,"[0.6734889003123068, 0.4756404454441684]",1,-1
34800,[0.68238681 0.48017622],34,26,"[0.6734889003123068, 0.4756404454441684]",1,39
34801,[0.64155999 0.43279095],34,28,"[0.6409610568572724, 0.3943628717562158]",1,-1
34802,[0.74545867 0.40295355],34,42,"[0.765559566045806, 0.37716611859716387]",1,-1
34803,[0.69187391 0.47561319],34,26,"[0.6734889003123068, 0.4756404454441684]",1,39
34804,[0.63779914 0.42111721],34,28,"[0.6409610568572724, 0.3943628717562158]",1,58
34805,[0.50295628 0.36537914],34,37,"[0.4780366509520634, 0.3686118735311782]",1,-1
34806,[0.64342932 0.41991076],34,28,"[0.6409610568572724, 0.3943628717562158]",1,-1
34807,[0.7363215  0.31988791],34,29,"[0.7250576817720672, 0.30126581813471415]",1,-1
34808,[0.73118454 0.45393031],34,32,"[0.7535856051996079, 0.45307884495298306]",1,54
34809,[0.62287247 0.34734753],34,46,"[0.5877940429991866, 0.34550221910317963]",1,-1
34810,[0.59480101 0.48324572],34,27,"[0.5866068271601823, 0.4386408725933068]",1,-1
34811,[0.59525754 0.45689407],34,27,"[0.5866068271601823, 0.4386408725933068]",1,-1
34812,[0.61996119 0.34509996],34,46,"[0.5877940429991866, 0.34550221910317963]",1,-1
34813,[0.61716015 0.42925081],34,27,"[0.5866068271601823, 0.4386408725933068]",1,-1
34814,[0.71571793 0.39395217],34,30,"[0.6934973256581222, 0.4131681772802667]",1,-1
34815,[0.66055336 0.44864534],34,26,"[0.6734889003123068, 0.4756404454441684]",1,-1
34816,[0.74136846 0.43851189],34,32,"[0.7535856051996079, 0.45307884495298306]",1,-1
34817,[0.58768636 0.40290645],34,27,"[0.5866068271601823, 0.4386408725933068]",1,-1
34818,[0.61494743 0.44210158],34,27,"[0.5866068271601823, 0.4386408725933068]",1,-1
34819,[0.58979152 0.36981376],34,46,"[0.5877940429991866, 0.34550221910317963]",1,-1
34820,[0.6649467  0.39626894],34,28,"[0.6409610568572724, 0.3943628717562158]",1,57
34821,[0.64530188 0.37961502],34,28,"[0.6409610568572724, 0.3943628717562158]",1,-1
34822,[0.64358275 0.43699835],34,28,"[0.6409610568572724, 0.3943628717562158]",1,56
34823,[0.62486505 0.44758981],34,27,"[0.5866068271601823, 0.4386408725933068]",1,-1
34824,[0.67092718 0.30868878],34,29,"[0.7250576817720672, 0.30126581813471415]",1,-1
34825,[0.50897514 0.38986296],34,37,"[0.4780366509520634, 0.3686118735311782]",1,-1
34826,[0.71524997 0.4581075 ],34,32,"[0.7535856051996079, 0.45307884495298306]",1,-1
34827,[0.64910235 0.43207483],34,28,"[0.6409610568572724, 0.3943628717562158]",1,-1
34828,[0.63803567 0.37887711],34,28,"[0.6409610568572724, 0.3943628717562158]",1,-1
34829,[0.65005206 0.4763951 ],34,26,"[0.6734889003123068, 0.4756404454441684]",1,-1
34830,[0.62573698 0.35788179],34,28,"[0.6409610568572724, 0.3943628717562158]",1,-1
34831,[0.63868643 0.4003431 ],34,28,"[0.6409610568572724, 0.3943628717562158]",1,-1
34832,[0.70595614 0.47993296],34,26,"[0.6734889003123068, 0.4756404454441684]",1,-1
34833,[0.61530188 0.49162644],34,10,"[0.6101257152780476, 0.5394800330734051]",1,34
34834,[0.67617273 0.41742153],34,30,"[0.6934973256581222, 0.4131681772802667]",1,-1
34835,[0.56424383 0.32807877],34,46,"[0.5877940429991866, 0.34550221910317963]",1,-1
34836,[0.69759656 0.329883  ],34,29,"[0.7250576817720672, 0.30126581813471415]",1,-1
34837,[0.67909871 0.42913044],34,30,"[0.6934973256581222, 0.4131681772802667]",1,-1
34838,[0.61817532 0.51076715],34,10,"[0.6101257152780476, 0.5394800330734051]",1,-1
34839,[0.53670053 0.27397829],34,-1,-1,1,-1
34840,[0.65408952 0.49693301],34,26,"[0.6734889003123068, 0.4756404454441684]",1,-1
34841,[0.68858087 0.3979659 ],34,30,"[0.6934973256581222, 0.4131681772802667]",1,-1
34842,[0.72899511 0.49559005],34,32,"[0.7535856051996079, 0.45307884495298306]",1,-1
34843,[0.53758094 0.46134599],34,35,"[0.491626887866141, 0.45015531396212327]",1,-1
34844,[0.58165004 0.42445177],34,27,"[0.5866068271601823, 0.4386408725933068]",1,-1
34845,[0.72855768 0.53099851],34,11,"[0.7051682617613192, 0.574171671796882]",1,-1
34846,[0.64975881 0.40160175],34,28,"[0.6409610568572724, 0.3943628717562158]",1,57
34847,[0.74402731 0.51396459],34,32,"[0.7535856051996079, 0.45307884495298306]",1,41
34848,[0.63184237 0.42496355],34,28,"[0.6409610568572724, 0.3943628717562158]",1,-1
34849,[0.62477968 0.34293212],34,46,"[0.5877940429991866, 0.34550221910317963]",1,-1
34850,[0.63418831 0.42577951],34,28,"[0.6409610568572724, 0.3943628717562158]",1,-1
34851,[0.69966425 0.48484841],34,26,"[0.6734889003123068, 0.4756404454441684]",1,-1
34852,[0.69831141 0.49502093],34,26,"[0.6734889003123068, 0.4756404454441684]",1,-1
34853,[0.61249425 0.5698211 ],34,10,"[0.6101257152780476, 0.5394800330734051]",1,-1
34854,[0.55082158 0.37816134],34,46,"[0.5877940429991866, 0.34550221910317963]",1,-1
34855,[0.59863287 0.39320742],34,28,"[0.6409610568572724, 0.3943628717562158]",1,-1
34856,[0.65016449 0.39314282],34,28,"[0.6409610568572724, 0.3943628717562158]",1,-1
34857,[0.71730756 0.42067842],34,30,"[0.6934973256581222, 0.4131681772802667]",1,-1
34858,[0.68886469 0.42211949],34,30,"[0.6934973256581222, 0.4131681772802667]",1,57
34859,[0.61442486 0.38108746],34,28,"[0.6409610568572724, 0.3943628717562158]",1,-1
34860,[0.69977385 0.57128894],34,11,"[0.7051682617613192, 0.574171671796882]",1,-1
34861,[0.60832238 0.42914616],34,27,"[0.5866068271601823, 0.4386408725933068]",1,-1
34862,[0.67506452 0.44548189],34,26,"[0.6734889003123068, 0.4756404454441684]",1,-1
34863,[0.70061641 0.44499002],34,30,"[0.6934973256581222, 0.4131681772802667]",1,-1
34864,[0.63333439 0.39815056],34,28,"[0.6409610568572724, 0.3943628717562158]",1,-1
34865,[0.59844484 0.40029663],34,27,"[0.5866068271601823, 0.4386408725933068]",1,-1
34866,[0.62685358 0.3816659 ],34,28,"[0.6409610568572724, 0.3943628717562158]",1,-1
34867,[0.6290181  0.45776497],34,27,"[0.5866068271601823, 0.4386408725933068]",1,-1
34868,[0.66327739 0.40020677],34,28,"[0.6409610568572724, 0.3943628717562158]",1,57
34869,[0.67884065 0.50034561],34,26,"[0.6734889003123068, 0.4756404454441684]",1,-1
34870,[0.6216441  0.48102863],34,26,"[0.6734889003123068, 0.4756404454441684]",1,34
34871,[0.63148726 0.4665083 ],34,26,"[0.6734889003123068, 0.4756404454441684]",1,-1
34872,[0.59440039 0.43788909],34,27,"[0.5866068271601823, 0.4386408725933068]",1,-1
34873,[0.68048246 0.41383863],34,30,"[0.6934973256581222, 0.4131681772802667]",1,57
34874,[0.65333828 0.33543114],34,28,"[0.6409610568572724, 0.3943628717562158]",1,-1
34875,[0.54905149 0.30935807],34,46,"[0.5877940429991866, 0.34550221910317963]",1,-1
34876,[0.60499262 0.41731482],34,27,"[0.5866068271601823, 0.4386408725933068]",1,-1
34877,[0.5989948  0.43078424],34,27,"[0.5866068271601823, 0.4386408725933068]",1,-1
34878,[0.67552178 0.4710823 ],34,26,"[0.6734889003123068, 0.4756404454441684]",1,-1
34879,[0.63598941 0.35915698],34,28,"[0.6409610568572724, 0.3943628717562158]",1,-1
34880,[0.62344572 0.42466128],34,28,"[0.6409610568572724, 0.3943628717562158]",1,58
34881,[0.7202551  0.39858485],34,30,"[0.6934973256581222, 0.4131681772802667]",1,-1
34882,[0.57334281 0.48853279],34,27,"[0.5866068271601823, 0.4386408725933068]",1,-1
34883,[0.57859282 0.49751789],34,10,"[0.6101257152780476, 0.5394800330734051]",1,-1
34884,[0.59700051 0.43348261],34,27,"[0.5866068271601823, 0.4386408725933068]",1,-1
34885,[0.57514235 0.39932635],34,27,"[0.5866068271601823, 0.4386408725933068]",1,-1
34886,[0.63856347 0.40858345],34,28,"[0.6409610568572724, 0.3943628717562158]",1,57
34887,[0.77455679 0.44038286],34,32,"[0.7535856051996079, 0.45307884495298306]",1,-1
34888,[0.65565528 0.40530539],34,28,"[0.6409610568572724, 0.3943628717562158]",1,57
34889,[0.67522646 0.35981912],34,28,"[0.6409610568572724, 0.3943628717562158]",1,-1
34890,[0.62115659 0.45406177],34,27,"[0.5866068271601823, 0.4386408725933068]",1,-1
34891,[0.62511004 0.43625082],34,27,"[0.5866068271601823, 0.4386408725933068]",1,58
34892,[0.64149495 0.35504413],34,28,"[0.6409610568572724, 0.3943628717562158]",1,-1
34893,[0.66677711 0.39499246],34,28,"[0.6409610568572724, 0.3943628717562158]",1,-1
34894,[0.62407073 0.44011679],34,27,"[0.5866068271601823, 0.4386408725933068]",1,-1
34895,[0.65437757 0.47331281],34,26,"[0.6734889003123068, 0.4756404454441684]",1,-1
34896,[0.5734849  0.42794054],34,27,"[0.5866068271601823, 0.4386408725933068]",1,-1
34897,[0.62079344 0.45857218],34,27,"[0.5866068271601823, 0.4386408725933068]",1,-1
34898,[0.65427225 0.33032738],34,28,"[0.6409610568572724, 0.3943628717562158]",1,-1
34899,[0.65600972 0.39232325],34,28,"[0.6409610568572724, 0.3943628717562158]",1,57
34900,[0.62013875 0.44028963],34,27,"[0.5866068271601823, 0.4386408725933068]",1,-1
34901,[0.57215428 0.37926542],34,46,"[0.5877940429991866, 0.34550221910317963]",1,-1
34902,[0.54161486 0.38124044],34,46,"[0.5877940429991866, 0.34550221910317963]",1,-1
34903,[0.67716547 0.40059167],34,30,"[0.6934973256581222, 0.4131681772802667]",1,-1
34904,[0.5898598  0.38259598],34,46,"[0.5877940429991866, 0.34550221910317963]",1,-1
34905,[0.63039914 0.37223881],34,28,"[0.6409610568572724, 0.3943628717562158]",1,-1
34906,[0.58301018 0.33195498],34,46,"[0.5877940429991866, 0.34550221910317963]",1,-1
34907,[0.73345564 0.42197955],34,32,"[0.7535856051996079, 0.45307884495298306]",1,54
34908,[0.53699854 0.37162703],34,46,"[0.5877940429991866, 0.34550221910317963]",1,-1
34909,[0.67378356 0.46586783],34,26,"[0.6734889003123068, 0.4756404454441684]",1,-1
34910,[0.57155489 0.41895278],34,27,"[0.5866068271601823, 0.4386408725933068]",1,-1
34911,[0.61914762 0.47647753],34,27,"[0.5866068271601823, 0.4386408725933068]",1,-1
34912,[0.65743791 0.43069729],34,28,"[0.6409610568572724, 0.3943628717562158]",1,56
34913,[0.61324093 0.40289646],34,28,"[0.6409610568572724, 0.3943628717562158]",1,-1
34914,[0.67467266 0.43817919],34,30,"[0.6934973256581222, 0.4131681772802667]",1,-1
34915,[0.62041934 0.3870225 ],34,28,"[0.6409610568572724, 0.3943628717562158]",1,-1
34916,[0.64023899 0.45433985],34,26,"[0.6734889003123068, 0.4756404454441684]",1,-1
34917,[0.66236121 0.52219287],34,26,"[0.6734889003123068, 0.4756404454441684]",1,-1
34918,[0.60543069 0.46727219],34,27,"[0.5866068271601823, 0.4386408725933068]",1,-1
34919,[0.61282605 0.3910098 ],34,28,"[0.6409610568572724, 0.3943628717562158]",1,-1
34920,[0.6205116  0.45869797],34,27,"[0.5866068271601823, 0.4386408725933068]",1,-1
34921,[0.6546672  0.47616268],34,26,"[0.6734889003123068, 0.4756404454441684]",1,-1
34922,[0.60492235 0.46111018],34,27,"[0.5866068271601823, 0.4386408725933068]",1,-1
34923,[0.65273556 0.36013405],34,28,"[0.6409610568572724, 0.3943628717562158]",1,-1
34924,[0.65938728 0.34692346],34,28,"[0.6409610568572724, 0.3943628717562158]",1,-1
34925,[0.67712103 0.49672445],34,26,"[0.6734889003123068, 0.4756404454441684]",1,-1
34926,[0.57065852 0.42679087],34,27,"[0.5866068271601823, 0.4386408725933068]",1,-1
34927,[0.68648957 0.46050256],34,26,"[0.6734889003123068, 0.4756404454441684]",1,-1
34928,[0.6764926  0.42697911],34,30,"[0.6934973256581222, 0.4131681772802667]",1,-1
34929,[0.60837834 0.4479832 ],34,27,"[0.5866068271601823, 0.4386408725933068]",1,-1
34930,[0.59876981 0.44462997],34,27,"[0.5866068271601823, 0.4386408725933068]",1,-1
34931,[0.61321226 0.46273919],34,27,"[0.5866068271601823, 0.4386408725933068]",1,-1
34932,[0.69220244 0.38900161],34,30,"[0.6934973256581222, 0.4131681772802667]",1,-1
34933,[0.62070728 0.50586377],34,10,"[0.6101257152780476, 0.5394800330734051]",1,-1
34934,[0.59155441 0.48665772],34,27,"[0.5866068271601823, 0.4386408725933068]",1,-1
34935,[0.72932364 0.51740121],34,11,"[0.7051682617613192, 0.574171671796882]",1,-1
34936,[0.56131612 0.36940036],34,46,"[0.5877940429991866, 0.34550221910317963]",1,-1
34937,[0.73931198 0.48070595],34,32,"[0.7535856051996079, 0.45307884495298306]",1,43
34938,[0.61644015 0.40961586],34,28,"[0.6409610568572724, 0.3943628717562158]",1,58
34939,[0.61595149 0.46767809],34,27,"[0.5866068271601823, 0.4386408725933068]",1,-1
34940,[0.67914798 0.40845793],34,30,"[0.6934973256581222, 0.4131681772802667]",1,-1
34941,[0.62354031 0.41667193],34,28,"[0.6409610568572724, 0.3943628717562158]",1,-1
34942,[0.69011391 0.42029617],34,30,"[0.6934973256581222, 0.4131681772802667]",1,57
34943,[0.64014466 0.35816091],34,28,"[0.6409610568572724, 0.3943628717562158]",1,-1
34944,[0.63823305 0.45180287],34,26,"[0.6734889003123068, 0.4756404454441684]",1,-1
34945,[0.75177442 0.51214344],34,3,"[0.8068810957052946, 0.5180547120844742]",1,-1
34946,[0.57494744 0.42701076],34,27,"[0.5866068271601823, 0.4386408725933068]",1,-1
34947,[0.67078889 0.39295883],34,28,"[0.6409610568572724, 0.3943628717562158]",1,57
34948,[0.59804662 0.42486834],34,27,"[0.5866068271601823, 0.4386408725933068]",1,-1
34949,[0.65333724 0.42033848],34,28,"[0.6409610568572724, 0.3943628717562158]",1,-1
34950,[0.64829532 0.36364762],34,28,"[0.6409610568572724, 0.3943628717562158]",1,-1
34951,[0.58458779 0.46438678],34,27,"[0.5866068271601823, 0.4386408725933068]",1,-1
34952,[0.6434058  0.44164641],34,26,"[0.6734889003123068, 0.4756404454441684]",1,56
34953,[0.62681842 0.38561003],34,28,"[0.6409610568572724, 0.3943628717562158]",1,-1
34954,[0.60066802 0.49533061],34,10,"[0.6101257152780476, 0.5394800330734051]",1,-1
34955,[0.62574224 0.36451044],34,28,"[0.6409610568572724, 0.3943628717562158]",1,-1
34956,[0.6364519  0.39605515],34,28,"[0.6409610568572724, 0.3943628717562158]",1,-1
34957,[0.66584227 0.40246539],34,28,"[0.6409610568572724, 0.3943628717562158]",1,57
34958,[0.6768198  0.34447704],34,28,"[0.6409610568572724, 0.3943628717562158]",1,-1
34959,[0.62228327 0.42710888],34,27,"[0.5866068271601823, 0.4386408725933068]",1,-1
34960,[0.71130083 0.46166511],34,26,"[0.6734889003123068, 0.4756404454441684]",1,-1
34961,[0.61944257 0.418337  ],34,28,"[0.6409610568572724, 0.3943628717562158]",1,58
34962,[0.54873654 0.34905074],34,46,"[0.5877940429991866, 0.34550221910317963]",1,-1
34963,[0.66641849 0.42796064],34,30,"[0.6934973256581222, 0.4131681772802667]",1,56
34964,[0.6260348  0.33924029],34,46,"[0.5877940429991866, 0.34550221910317963]",1,-1
34965,[0.67072403 0.43467057],34,30,"[0.6934973256581222, 0.4131681772802667]",1,-1
34966,[0.64117578 0.43175562],34,28,"[0.6409610568572724, 0.3943628717562158]",1,-1
34967,[0.5914317  0.37037921],34,46,"[0.5877940429991866, 0.34550221910317963]",1,-1
34968,[0.59261851 0.44299921],34,27,"[0.5866068271601823, 0.4386408725933068]",1,-1
34969,[0.60815883 0.4288464 ],34,27,"[0.5866068271601823, 0.4386408725933068]",1,-1
34970,[0.69956367 0.37035057],34,30,"[0.6934973256581222, 0.4131681772802667]",1,-1
34971,[0.68048787 0.42305121],34,30,"[0.6934973256581222, 0.4131681772802667]",1,-1
34972,[0.56615925 0.44142949],34,27,"[0.5866068271601823, 0.4386408725933068]",1,-1
34973,[0.74061321 0.44493836],34,32,"[0.7535856051996079, 0.45307884495298306]",1,54
34974,[0.63988408 0.40918471],34,28,"[0.6409610568572724, 0.3943628717562158]",1,57
34975,[0.56946885 0.42507679],34,27,"[0.5866068271601823, 0.4386408725933068]",1,-1
34976,[0.61737317 0.42237768],34,27,"[0.5866068271601823, 0.4386408725933068]",1,-1
34977,[0.70201119 0.39239962],34,30,"[0.6934973256581222, 0.4131681772802667]",1,-1
34978,[0.62296637 0.48601258],34,26,"[0.6734889003123068, 0.4756404454441684]",1,-1
34979,[0.69146453 0.3353014 ],34,29,"[0.7250576817720672, 0.30126581813471415]",1,-1
34980,[0.67921562 0.40233136],34,30,"[0.6934973256581222, 0.4131681772802667]",1,-1
34981,[0.61759331 0.36921018],34,28,"[0.6409610568572724, 0.3943628717562158]",1,-1
34982,[0.60880787 0.42435344],34,27,"[0.5866068271601823, 0.4386408725933068]",1,-1
34983,[0.68180701 0.37368811],34,30,"[0.6934973256581222, 0.4131681772802667]",1,-1
34984,[0.49846635 0.56663859],34,2,"[0.5181425386759565, 0.548951681512668]",1,-1
34985,[0.67817599 0.34257665],34,29,"[0.7250576817720672, 0.30126581813471415]",1,-1
34986,[0.58496509 0.45180505],34,27,"[0.5866068271601823, 0.4386408725933068]",1,-1
34987,[0.6397979  0.46178145],34,26,"[0.6734889003123068, 0.4756404454441684]",1,-1
34988,[0.66995689 0.49346149],34,26,"[0.6734889003123068, 0.4756404454441684]",1,-1
34989,[0.6500982  0.43271107],34,28,"[0.6409610568572724, 0.3943628717562158]",1,56
34990,[0.70657663 0.39445287],34,30,"[0.6934973256581222, 0.4131681772802667]",1,-1
34991,[0.72002242 0.35286552],34,42,"[0.765559566045806, 0.37716611859716387]",1,-1
34992,[0.58761866 0.4145836 ],34,27,"[0.5866068271601823, 0.4386408725933068]",1,-1
34993,[0.66892451 0.44047601],34,26,"[0.6734889003123068, 0.4756404454441684]",1,-1
34994,[0.68574256 0.52535836],34,26,"[0.6734889003123068, 0.4756404454441684]",1,-1
34995,[0.61543941 0.37973087],34,28,"[0.6409610568572724, 0.3943628717562158]",1,-1
34996,[0.57302639 0.48581386],34,27,"[0.5866068271601823, 0.4386408725933068]",1,-1
34997,[0.63705577 0.39199363],34,28,"[0.6409610568572724, 0.3943628717562158]",1,-1
34998,[0.59609162 0.45268255],34,27,"[0.5866068271601823, 0.4386408725933068]",1,-1
34999,[0.54760296 0.43287646],34,27,"[0.5866068271601823, 0.4386408725933068]",1,-1
35000,[0.56929256 0.52901154],35,10,"[0.6101257152780476, 0.5394800330734051]",1,-1
35001,[0.65351712 0.58471729],35,11,"[0.7051682617613192, 0.574171671796882]",1,55
35002,[0.63887701 0.51674846],35,10,"[0.6101257152780476, 0.5394800330734051]",1,-1
35003,[0.69839672 0.58941473],35,11,"[0.7051682617613192, 0.574171671796882]",1,-1
35004,[0.62836745 0.59610611],35,9,"[0.5945682323783136, 0.6193254997600653]",1,-1
35005,[0.63270946 0.62953983],35,9,"[0.5945682323783136, 0.6193254997600653]",1,-1
35006,[0.63152333 0.56509721],35,10,"[0.6101257152780476, 0.5394800330734051]",1,-1
35007,[0.68034505 0.5545117 ],35,11,"[0.7051682617613192, 0.574171671796882]",1,-1
35008,[0.65640677 0.5450827 ],35,10,"[0.6101257152780476, 0.5394800330734051]",1,-1
35009,[0.65349761 0.4804385 ],35,26,"[0.6734889003123068, 0.4756404454441684]",1,-1
35010,[0.66426739 0.54603555],35,11,"[0.7051682617613192, 0.574171671796882]",1,-1
35011,[0.68164546 0.53020531],35,11,"[0.7051682617613192, 0.574171671796882]",1,-1
35012,[0.66295298 0.60831606],35,11,"[0.7051682617613192, 0.574171671796882]",1,-1
35013,[0.68714899 0.56949721],35,11,"[0.7051682617613192, 0.574171671796882]",1,-1
35014,[0.68765393 0.65357976],35,-1,-1,1,-1
35015,[0.70325623 0.62559843],35,11,"[0.7051682617613192, 0.574171671796882]",1,-1
35016,[0.62135832 0.48192418],35,26,"[0.6734889003123068, 0.4756404454441684]",1,34
35017,[0.60408701 0.63752683],35,9,"[0.5945682323783136, 0.6193254997600653]",1,-1
35018,[0.68919387 0.55714056],35,11,"[0.7051682617613192, 0.574171671796882]",1,-1
35019,[0.58700003 0.5721556 ],35,10,"[0.6101257152780476, 0.5394800330734051]",1,69
35020,[0.62268288 0.51992963],35,10,"[0.6101257152780476, 0.5394800330734051]",1,-1
35021,[0.60543672 0.52510648],35,10,"[0.6101257152780476, 0.5394800330734051]",1,-1
35022,[0.61119079 0.65773417],35,9,"[0.5945682323783136, 0.6193254997600653]",1,-1
35023,[0.58589106 0.55668391],35,10,"[0.6101257152780476, 0.5394800330734051]",1,-1
35024,[0.69796587 0.57337862],35,11,"[0.7051682617613192, 0.574171671796882]",1,-1
35025,[0.68928747 0.56519592],35,11,"[0.7051682617613192, 0.574171671796882]",1,-1
35026,[0.73393333 0.53450216],35,11,"[0.7051682617613192, 0.574171671796882]",1,-1
35027,[0.73168399 0.50010972],35,32,"[0.7535856051996079, 0.45307884495298306]",1,-1
35028,[0.62879509 0.65297997],35,9,"[0.5945682323783136, 0.6193254997600653]",1,-1
35029,[0.59525551 0.59458692],35,9,"[0.5945682323783136, 0.6193254997600653]",1,-1
35030,[0.6726825  0.51126719],35,26,"[0.6734889003123068, 0.4756404454441684]",1,-1
35031,[0.60759954 0.57572933],35,10,"[0.6101257152780476, 0.5394800330734051]",1,-1
35032,[0.66537805 0.58842207],35,11,"[0.7051682617613192, 0.574171671796882]",1,-1
35033,[0.67656062 0.61333445],35,11,"[0.7051682617613192, 0.574171671796882]",1,-1
35034,[0.62002615 0.50768989],35,10,"[0.6101257152780476, 0.5394800330734051]",1,-1
35035,[0.65029743 0.55750179],35,10,"[0.6101257152780476, 0.5394800330734051]",1,-1
35036,[0.58604965 0.60754245],35,9,"[0.5945682323783136, 0.6193254997600653]",1,-1
35037,[0.64958075 0.55671302],35,10,"[0.6101257152780476, 0.5394800330734051]",1,-1
35038,[0.6883797  0.60520853],35,11,"[0.7051682617613192, 0.574171671796882]",1,-1
35039,[0.68694428 0.7013971 ],35,34,"[0.6634532409245524, 0.760224782080757]",1,6
35040,[0.61569908 0.50337664],35,10,"[0.6101257152780476, 0.5394800330734051]",1,-1
35041,[0.62490273 0.58459351],35,9,"[0.5945682323783136, 0.6193254997600653]",1,-1
35042,[0.67648525 0.54250461],35,11,"[0.7051682617613192, 0.574171671796882]",1,26
35043,[0.65766465 0.67767334],35,-1,-1,1,-1
35044,[0.68214724 0.58829506],35,11,"[0.7051682617613192, 0.574171671796882]",1,-1
35045,[0.60627244 0.5972081 ],35,9,"[0.5945682323783136, 0.6193254997600653]",1,-1
35046,[0.64215212 0.58642212],35,10,"[0.6101257152780476, 0.5394800330734051]",1,-1
35047,[0.72924941 0.49121177],35,32,"[0.7535856051996079, 0.45307884495298306]",1,-1
35048,[0.58767605 0.61566042],35,9,"[0.5945682323783136, 0.6193254997600653]",1,-1
35049,[0.70123115 0.59434475],35,11,"[0.7051682617613192, 0.574171671796882]",1,-1
35050,[0.71412208 0.61771715],35,11,"[0.7051682617613192, 0.574171671796882]",1,-1
35051,[0.6286339  0.58279099],35,10,"[0.6101257152780476, 0.5394800330734051]",1,-1
35052,[0.59680847 0.47999307],35,27,"[0.5866068271601823, 0.4386408725933068]",1,-1
35053,[0.62655364 0.61203425],35,9,"[0.5945682323783136, 0.6193254997600653]",1,-1
35054,[0.60089602 0.60988621],35,9,"[0.5945682323783136, 0.6193254997600653]",1,-1
35055,[0.63333095 0.56550951],35,10,"[0.6101257152780476, 0.5394800330734051]",1,-1
35056,[0.7364787  0.58012999],35,11,"[0.7051682617613192, 0.574171671796882]",1,-1
35057,[0.62099348 0.49457569],35,10,"[0.6101257152780476, 0.5394800330734051]",1,-1
35058,[0.62414702 0.63787355],35,9,"[0.5945682323783136, 0.6193254997600653]",1,-1
35059,[0.80779242 0.64781187],35,43,"[0.8274941202305067, 0.5998913364221842]",1,-1
35060,[0.65028463 0.5436125 ],35,10,"[0.6101257152780476, 0.5394800330734051]",1,-1
35061,[0.63353889 0.65317471],35,9,"[0.5945682323783136, 0.6193254997600653]",1,-1
35062,[0.63415756 0.50939763],35,10,"[0.6101257152780476, 0.5394800330734051]",1,-1
35063,[0.62984403 0.47966033],35,26,"[0.6734889003123068, 0.4756404454441684]",1,-1
35064,[0.62866522 0.63828696],35,9,"[0.5945682323783136, 0.6193254997600653]",1,-1
35065,[0.65763482 0.58364495],35,11,"[0.7051682617613192, 0.574171671796882]",1,-1
35066,[0.70534088 0.65388127],35,-1,-1,1,-1
35067,[0.59387688 0.54180094],35,10,"[0.6101257152780476, 0.5394800330734051]",1,64
35068,[0.60729112 0.60624312],35,9,"[0.5945682323783136, 0.6193254997600653]",1,-1
35069,[0.67942373 0.62172665],35,11,"[0.7051682617613192, 0.574171671796882]",1,-1
35070,[0.68216142 0.52203707],35,26,"[0.6734889003123068, 0.4756404454441684]",1,-1
35071,[0.67827378 0.68318583],35,-1,-1,1,-1
35072,[0.68238574 0.56876076],35,11,"[0.7051682617613192, 0.574171671796882]",1,-1
35073,[0.69217888 0.56450473],35,11,"[0.7051682617613192, 0.574171671796882]",1,-1
35074,[0.73160324 0.55290823],35,11,"[0.7051682617613192, 0.574171671796882]",1,-1
35075,[0.63525121 0.61837333],35,9,"[0.5945682323783136, 0.6193254997600653]",1,-1
35076,[0.6489914 0.5460432],35,10,"[0.6101257152780476, 0.5394800330734051]",1,-1
35077,[0.66737724 0.51631529],35,26,"[0.6734889003123068, 0.4756404454441684]",1,-1
35078,[0.76939547 0.5442277 ],35,3,"[0.8068810957052946, 0.5180547120844742]",1,-1
35079,[0.63977641 0.66847455],35,9,"[0.5945682323783136, 0.6193254997600653]",1,-1
35080,[0.62847349 0.60094953],35,9,"[0.5945682323783136, 0.6193254997600653]",1,-1
35081,[0.66417538 0.65634862],35,-1,-1,1,-1
35082,[0.78138272 0.61084699],35,43,"[0.8274941202305067, 0.5998913364221842]",1,-1
35083,[0.58061347 0.52405906],35,10,"[0.6101257152780476, 0.5394800330734051]",1,-1
35084,[0.63562532 0.59711256],35,9,"[0.5945682323783136, 0.6193254997600653]",1,-1
35085,[0.62542949 0.53109931],35,10,"[0.6101257152780476, 0.5394800330734051]",1,-1
35086,[0.71881893 0.66035254],35,-1,-1,1,-1
35087,[0.59528828 0.55949244],35,10,"[0.6101257152780476, 0.5394800330734051]",1,-1
35088,[0.55956119 0.54749962],35,2,"[0.5181425386759565, 0.548951681512668]",1,-1
35089,[0.60292371 0.57948478],35,10,"[0.6101257152780476, 0.5394800330734051]",1,-1
35090,[0.6951534  0.53058772],35,11,"[0.7051682617613192, 0.574171671796882]",1,-1
35091,[0.71185152 0.62895056],35,11,"[0.7051682617613192, 0.574171671796882]",1,-1
35092,[0.66138465 0.55355129],35,11,"[0.7051682617613192, 0.574171671796882]",1,-1
35093,[0.61308904 0.56113169],35,10,"[0.6101257152780476, 0.5394800330734051]",1,-1
35094,[0.63240153 0.65543585],35,9,"[0.5945682323783136, 0.6193254997600653]",1,-1
35095,[0.71791109 0.58126903],35,11,"[0.7051682617613192, 0.574171671796882]",1,-1
35096,[0.7255103 0.5558019],35,11,"[0.7051682617613192, 0.574171671796882]",1,-1
35097,[0.65689421 0.55722698],35,10,"[0.6101257152780476, 0.5394800330734051]",1,-1
35098,[0.73590419 0.60760165],35,11,"[0.7051682617613192, 0.574171671796882]",1,-1
35099,[0.64997289 0.57517907],35,10,"[0.6101257152780476, 0.5394800330734051]",1,-1
35100,[0.68658575 0.55640678],35,11,"[0.7051682617613192, 0.574171671796882]",1,26
35101,[0.60344242 0.62935177],35,9,"[0.5945682323783136, 0.6193254997600653]",1,-1
35102,[0.59840232 0.63029023],35,9,"[0.5945682323783136, 0.6193254997600653]",1,-1
35103,[0.62018674 0.55407504],35,10,"[0.6101257152780476, 0.5394800330734051]",1,-1
35104,[0.69657079 0.64264104],35,11,"[0.7051682617613192, 0.574171671796882]",1,-1
35105,[0.59447561 0.61224842],35,9,"[0.5945682323783136, 0.6193254997600653]",1,-1
35106,[0.63912185 0.6239454 ],35,9,"[0.5945682323783136, 0.6193254997600653]",1,-1
35107,[0.69346654 0.54815018],35,11,"[0.7051682617613192, 0.574171671796882]",1,-1
35108,[0.57939972 0.54631023],35,10,"[0.6101257152780476, 0.5394800330734051]",1,-1
35109,[0.66860245 0.62547415],35,11,"[0.7051682617613192, 0.574171671796882]",1,-1
35110,[0.7025071 0.5708296],35,11,"[0.7051682617613192, 0.574171671796882]",1,-1
35111,[0.65659593 0.61716074],35,9,"[0.5945682323783136, 0.6193254997600653]",1,-1
35112,[0.59912741 0.55805291],35,10,"[0.6101257152780476, 0.5394800330734051]",1,64
35113,[0.62963957 0.58334679],35,10,"[0.6101257152780476, 0.5394800330734051]",1,-1
35114,[0.7175843  0.66565767],35,-1,-1,1,-1
35115,[0.67560531 0.51617645],35,26,"[0.6734889003123068, 0.4756404454441684]",1,-1
35116,[0.6394933  0.59813111],35,9,"[0.5945682323783136, 0.6193254997600653]",1,-1
35117,[0.61418644 0.5900557 ],35,9,"[0.5945682323783136, 0.6193254997600653]",1,-1
35118,[0.5957764  0.64308409],35,9,"[0.5945682323783136, 0.6193254997600653]",1,-1
35119,[0.68161236 0.60946441],35,11,"[0.7051682617613192, 0.574171671796882]",1,-1
35120,[0.63370811 0.54148661],35,10,"[0.6101257152780476, 0.5394800330734051]",1,-1
35121,[0.66001505 0.5563076 ],35,11,"[0.7051682617613192, 0.574171671796882]",1,-1
35122,[0.55581422 0.51597766],35,2,"[0.5181425386759565, 0.548951681512668]",1,-1
35123,[0.68676801 0.56943453],35,11,"[0.7051682617613192, 0.574171671796882]",1,-1
35124,[0.64448956 0.61430748],35,9,"[0.5945682323783136, 0.6193254997600653]",1,-1
35125,[0.62793822 0.55015118],35,10,"[0.6101257152780476, 0.5394800330734051]",1,-1
35126,[0.58015892 0.58659963],35,9,"[0.5945682323783136, 0.6193254997600653]",1,-1
35127,[0.60134362 0.6148939 ],35,9,"[0.5945682323783136, 0.6193254997600653]",1,-1
35128,[0.62037878 0.63264192],35,9,"[0.5945682323783136, 0.6193254997600653]",1,-1
35129,[0.67397413 0.61946398],35,11,"[0.7051682617613192, 0.574171671796882]",1,-1
35130,[0.54969013 0.5064743 ],35,2,"[0.5181425386759565, 0.548951681512668]",1,-1
35131,[0.59386663 0.67226903],35,41,"[0.5613949929729852, 0.701115936473092]",1,-1
35132,[0.63245325 0.55735485],35,10,"[0.6101257152780476, 0.5394800330734051]",1,-1
35133,[0.63566254 0.59092791],35,9,"[0.5945682323783136, 0.6193254997600653]",1,-1
35134,[0.65094268 0.57966919],35,11,"[0.7051682617613192, 0.574171671796882]",1,-1
35135,[0.65833193 0.53502527],35,10,"[0.6101257152780476, 0.5394800330734051]",1,-1
35136,[0.64735567 0.62925984],35,9,"[0.5945682323783136, 0.6193254997600653]",1,-1
35137,[0.70699924 0.58685728],35,11,"[0.7051682617613192, 0.574171671796882]",1,-1
35138,[0.68267126 0.56743519],35,11,"[0.7051682617613192, 0.574171671796882]",1,-1
35139,[0.74259218 0.57094752],35,11,"[0.7051682617613192, 0.574171671796882]",1,-1
35140,[0.70060062 0.59164619],35,11,"[0.7051682617613192, 0.574171671796882]",1,-1
35141,[0.65304509 0.60333859],35,11,"[0.7051682617613192, 0.574171671796882]",1,-1
35142,[0.68494788 0.60444171],35,11,"[0.7051682617613192, 0.574171671796882]",1,-1
35143,[0.7089428  0.55729909],35,11,"[0.7051682617613192, 0.574171671796882]",1,-1
35144,[0.68345055 0.52170231],35,26,"[0.6734889003123068, 0.4756404454441684]",1,-1
35145,[0.62091731 0.63359219],35,9,"[0.5945682323783136, 0.6193254997600653]",1,-1
35146,[0.54228515 0.51167017],35,2,"[0.5181425386759565, 0.548951681512668]",1,-1
35147,[0.65438732 0.58151793],35,11,"[0.7051682617613192, 0.574171671796882]",1,-1
35148,[0.63560368 0.54917073],35,10,"[0.6101257152780476, 0.5394800330734051]",1,-1
35149,[0.65290304 0.60228531],35,11,"[0.7051682617613192, 0.574171671796882]",1,-1
35150,[0.55137258 0.48856885],35,27,"[0.5866068271601823, 0.4386408725933068]",1,-1
35151,[0.69887785 0.57813399],35,11,"[0.7051682617613192, 0.574171671796882]",1,-1
35152,[0.68151996 0.54609295],35,11,"[0.7051682617613192, 0.574171671796882]",1,26
35153,[0.68796105 0.59490584],35,11,"[0.7051682617613192, 0.574171671796882]",1,-1
35154,[0.6496513  0.52865075],35,10,"[0.6101257152780476, 0.5394800330734051]",1,-1
35155,[0.65934251 0.65397518],35,-1,-1,1,-1
35156,[0.62190205 0.55121323],35,10,"[0.6101257152780476, 0.5394800330734051]",1,-1
35157,[0.6104828  0.65107837],35,9,"[0.5945682323783136, 0.6193254997600653]",1,-1
35158,[0.63297992 0.60794397],35,9,"[0.5945682323783136, 0.6193254997600653]",1,-1
35159,[0.63029438 0.58929644],35,9,"[0.5945682323783136, 0.6193254997600653]",1,-1
35160,[0.67367616 0.63606326],35,11,"[0.7051682617613192, 0.574171671796882]",1,-1
35161,[0.65144505 0.60180976],35,9,"[0.5945682323783136, 0.6193254997600653]",1,-1
35162,[0.58452724 0.7046897 ],35,41,"[0.5613949929729852, 0.701115936473092]",1,-1
35163,[0.7185612  0.61642496],35,11,"[0.7051682617613192, 0.574171671796882]",1,-1
35164,[0.58525021 0.64511199],35,9,"[0.5945682323783136, 0.6193254997600653]",1,-1
35165,[0.57806367 0.57968896],35,9,"[0.5945682323783136, 0.6193254997600653]",1,69
35166,[0.63594726 0.54226892],35,10,"[0.6101257152780476, 0.5394800330734051]",1,-1
35167,[0.61515987 0.62322985],35,9,"[0.5945682323783136, 0.6193254997600653]",1,-1
35168,[0.6145493  0.48141136],35,27,"[0.5866068271601823, 0.4386408725933068]",1,34
35169,[0.73661787 0.62341578],35,11,"[0.7051682617613192, 0.574171671796882]",1,-1
35170,[0.67388795 0.53993527],35,11,"[0.7051682617613192, 0.574171671796882]",1,-1
35171,[0.72141446 0.67339697],35,-1,-1,1,-1
35172,[0.54387632 0.4959778 ],35,2,"[0.5181425386759565, 0.548951681512668]",1,-1
35173,[0.60297156 0.60064906],35,9,"[0.5945682323783136, 0.6193254997600653]",1,-1
35174,[0.57999329 0.54965714],35,10,"[0.6101257152780476, 0.5394800330734051]",1,-1
35175,[0.59475536 0.54905705],35,10,"[0.6101257152780476, 0.5394800330734051]",1,-1
35176,[0.59905578 0.64707868],35,9,"[0.5945682323783136, 0.6193254997600653]",1,-1
35177,[0.65581818 0.56708517],35,11,"[0.7051682617613192, 0.574171671796882]",1,-1
35178,[0.6685635  0.57620016],35,11,"[0.7051682617613192, 0.574171671796882]",1,-1
35179,[0.63793708 0.51286602],35,10,"[0.6101257152780476, 0.5394800330734051]",1,-1
35180,[0.74386125 0.52019454],35,3,"[0.8068810957052946, 0.5180547120844742]",1,-1
35181,[0.5403986  0.59681729],35,2,"[0.5181425386759565, 0.548951681512668]",1,66
35182,[0.65969944 0.65216659],35,-1,-1,1,-1
35183,[0.6338498 0.5658104],35,10,"[0.6101257152780476, 0.5394800330734051]",1,-1
35184,[0.62667245 0.5524563 ],35,10,"[0.6101257152780476, 0.5394800330734051]",1,-1
35185,[0.59451088 0.56899228],35,10,"[0.6101257152780476, 0.5394800330734051]",1,-1
35186,[0.71386243 0.5887525 ],35,11,"[0.7051682617613192, 0.574171671796882]",1,-1
35187,[0.67363749 0.6165127 ],35,11,"[0.7051682617613192, 0.574171671796882]",1,-1
35188,[0.58684121 0.61205633],35,9,"[0.5945682323783136, 0.6193254997600653]",1,-1
35189,[0.62290535 0.57114839],35,10,"[0.6101257152780476, 0.5394800330734051]",1,-1
35190,[0.70434655 0.47695956],35,26,"[0.6734889003123068, 0.4756404454441684]",1,-1
35191,[0.60132179 0.52580858],35,10,"[0.6101257152780476, 0.5394800330734051]",1,-1
35192,[0.72238599 0.50522345],35,26,"[0.6734889003123068, 0.4756404454441684]",1,-1
35193,[0.61318947 0.49231123],35,10,"[0.6101257152780476, 0.5394800330734051]",1,34
35194,[0.70270065 0.6072984 ],35,11,"[0.7051682617613192, 0.574171671796882]",1,-1
35195,[0.68883531 0.57355169],35,11,"[0.7051682617613192, 0.574171671796882]",1,-1
35196,[0.6502608  0.57159044],35,10,"[0.6101257152780476, 0.5394800330734051]",1,-1
35197,[0.61345584 0.5079403 ],35,10,"[0.6101257152780476, 0.5394800330734051]",1,-1
35198,[0.71991766 0.49732983],35,26,"[0.6734889003123068, 0.4756404454441684]",1,-1
35199,[0.72067917 0.62004495],35,11,"[0.7051682617613192, 0.574171671796882]",1,-1
35200,[0.6154569  0.57802444],35,10,"[0.6101257152780476, 0.5394800330734051]",1,63
35201,[0.57396004 0.52779016],35,10,"[0.6101257152780476, 0.5394800330734051]",1,-1
35202,[0.67793401 0.50973984],35,26,"[0.6734889003123068, 0.4756404454441684]",1,-1
35203,[0.59916025 0.52706068],35,10,"[0.6101257152780476, 0.5394800330734051]",1,-1
35204,[0.63827248 0.61567415],35,9,"[0.5945682323783136, 0.6193254997600653]",1,-1
35205,[0.66448299 0.50564341],35,26,"[0.6734889003123068, 0.4756404454441684]",1,-1
35206,[0.59593128 0.53975916],35,10,"[0.6101257152780476, 0.5394800330734051]",1,-1
35207,[0.66943927 0.54822706],35,11,"[0.7051682617613192, 0.574171671796882]",1,-1
35208,[0.70305535 0.57749709],35,11,"[0.7051682617613192, 0.574171671796882]",1,-1
35209,[0.676458   0.63422624],35,11,"[0.7051682617613192, 0.574171671796882]",1,-1
35210,[0.63721459 0.58676947],35,9,"[0.5945682323783136, 0.6193254997600653]",1,-1
35211,[0.61332436 0.62504273],35,9,"[0.5945682323783136, 0.6193254997600653]",1,-1
35212,[0.68926884 0.63363012],35,11,"[0.7051682617613192, 0.574171671796882]",1,-1
35213,[0.75154605 0.55082376],35,11,"[0.7051682617613192, 0.574171671796882]",1,-1
35214,[0.66529555 0.67325432],35,-1,-1,1,-1
35215,[0.64722599 0.61148198],35,9,"[0.5945682323783136, 0.6193254997600653]",1,-1
35216,[0.64193992 0.50965739],35,10,"[0.6101257152780476, 0.5394800330734051]",1,-1
35217,[0.61746563 0.53358769],35,10,"[0.6101257152780476, 0.5394800330734051]",1,-1
35218,[0.61761589 0.58617495],35,9,"[0.5945682323783136, 0.6193254997600653]",1,63
35219,[0.5529198  0.55160886],35,2,"[0.5181425386759565, 0.548951681512668]",1,-1
35220,[0.59333723 0.66460535],35,9,"[0.5945682323783136, 0.6193254997600653]",1,-1
35221,[0.68178246 0.62819108],35,11,"[0.7051682617613192, 0.574171671796882]",1,-1
35222,[0.54315236 0.61582039],35,9,"[0.5945682323783136, 0.6193254997600653]",1,-1
35223,[0.68153872 0.53331769],35,11,"[0.7051682617613192, 0.574171671796882]",1,-1
35224,[0.68162006 0.53797115],35,11,"[0.7051682617613192, 0.574171671796882]",1,26
35225,[0.62674349 0.61270399],35,9,"[0.5945682323783136, 0.6193254997600653]",1,-1
35226,[0.60132348 0.55763134],35,10,"[0.6101257152780476, 0.5394800330734051]",1,64
35227,[0.65461841 0.52523546],35,10,"[0.6101257152780476, 0.5394800330734051]",1,-1
35228,[0.6698544 0.5752518],35,11,"[0.7051682617613192, 0.574171671796882]",1,-1
35229,[0.66279936 0.6582919 ],35,-1,-1,1,-1
35230,[0.64597656 0.56605441],35,10,"[0.6101257152780476, 0.5394800330734051]",1,-1
35231,[0.68028687 0.51779151],35,26,"[0.6734889003123068, 0.4756404454441684]",1,-1
35232,[0.65825174 0.66582843],35,-1,-1,1,-1
35233,[0.62480477 0.59972345],35,9,"[0.5945682323783136, 0.6193254997600653]",1,-1
35234,[0.64082224 0.62151888],35,9,"[0.5945682323783136, 0.6193254997600653]",1,-1
35235,[0.64614086 0.67381814],35,-1,-1,1,-1
35236,[0.5859884  0.62054522],35,9,"[0.5945682323783136, 0.6193254997600653]",1,-1
35237,[0.72026204 0.58847217],35,11,"[0.7051682617613192, 0.574171671796882]",1,-1
35238,[0.57852152 0.50136953],35,10,"[0.6101257152780476, 0.5394800330734051]",1,-1
35239,[0.66382513 0.47363754],35,26,"[0.6734889003123068, 0.4756404454441684]",1,-1
35240,[0.69485941 0.53623792],35,11,"[0.7051682617613192, 0.574171671796882]",1,-1
35241,[0.70037965 0.51999128],35,26,"[0.6734889003123068, 0.4756404454441684]",1,-1
35242,[0.57893401 0.58219275],35,9,"[0.5945682323783136, 0.6193254997600653]",1,-1
35243,[0.70010629 0.5425819 ],35,11,"[0.7051682617613192, 0.574171671796882]",1,-1
35244,[0.65496058 0.52995779],35,10,"[0.6101257152780476, 0.5394800330734051]",1,-1
35245,[0.64794678 0.58699281],35,11,"[0.7051682617613192, 0.574171671796882]",1,-1
35246,[0.66426441 0.57845862],35,11,"[0.7051682617613192, 0.574171671796882]",1,55
35247,[0.60632482 0.60758953],35,9,"[0.5945682323783136, 0.6193254997600653]",1,-1
35248,[0.58696919 0.58147818],35,9,"[0.5945682323783136, 0.6193254997600653]",1,63
35249,[0.72806121 0.524265  ],35,11,"[0.7051682617613192, 0.574171671796882]",1,-1
35250,[0.66833897 0.61285788],35,11,"[0.7051682617613192, 0.574171671796882]",1,-1
35251,[0.56811969 0.5534231 ],35,10,"[0.6101257152780476, 0.5394800330734051]",1,69
35252,[0.68602476 0.58104897],35,11,"[0.7051682617613192, 0.574171671796882]",1,-1
35253,[0.62057432 0.52773461],35,10,"[0.6101257152780476, 0.5394800330734051]",1,-1
35254,[0.66048286 0.50158722],35,26,"[0.6734889003123068, 0.4756404454441684]",1,-1
35255,[0.55999957 0.63858974],35,9,"[0.5945682323783136, 0.6193254997600653]",1,-1
35256,[0.72739326 0.57726008],35,11,"[0.7051682617613192, 0.574171671796882]",1,-1
35257,[0.67277609 0.58712794],35,11,"[0.7051682617613192, 0.574171671796882]",1,-1
35258,[0.55781785 0.56837031],35,2,"[0.5181425386759565, 0.548951681512668]",1,-1
35259,[0.65768609 0.5898831 ],35,11,"[0.7051682617613192, 0.574171671796882]",1,-1
35260,[0.64194185 0.57460548],35,10,"[0.6101257152780476, 0.5394800330734051]",1,-1
35261,[0.64179847 0.52179665],35,10,"[0.6101257152780476, 0.5394800330734051]",1,-1
35262,[0.64452528 0.61207822],35,9,"[0.5945682323783136, 0.6193254997600653]",1,-1
35263,[0.68132793 0.54955894],35,11,"[0.7051682617613192, 0.574171671796882]",1,26
35264,[0.60501577 0.59902767],35,9,"[0.5945682323783136, 0.6193254997600653]",1,-1
35265,[0.59142233 0.54024369],35,10,"[0.6101257152780476, 0.5394800330734051]",1,-1
35266,[0.65884071 0.55438933],35,11,"[0.7051682617613192, 0.574171671796882]",1,-1
35267,[0.52689589 0.57586704],35,2,"[0.5181425386759565, 0.548951681512668]",1,-1
35268,[0.63603819 0.53501362],35,10,"[0.6101257152780476, 0.5394800330734051]",1,-1
35269,[0.60744005 0.63630777],35,9,"[0.5945682323783136, 0.6193254997600653]",1,-1
35270,[0.57584967 0.66202276],35,41,"[0.5613949929729852, 0.701115936473092]",1,-1
35271,[0.68328725 0.58622902],35,11,"[0.7051682617613192, 0.574171671796882]",1,-1
35272,[0.59578356 0.57724128],35,10,"[0.6101257152780476, 0.5394800330734051]",1,-1
35273,[0.64972852 0.62531216],35,9,"[0.5945682323783136, 0.6193254997600653]",1,-1
35274,[0.58942873 0.60519493],35,9,"[0.5945682323783136, 0.6193254997600653]",1,-1
35275,[0.63312893 0.63685334],35,9,"[0.5945682323783136, 0.6193254997600653]",1,-1
35276,[0.69653109 0.6458045 ],35,-1,-1,1,-1
35277,[0.57082183 0.53944389],35,10,"[0.6101257152780476, 0.5394800330734051]",1,-1
35278,[0.63017716 0.55514104],35,10,"[0.6101257152780476, 0.5394800330734051]",1,-1
35279,[0.62579904 0.53218975],35,10,"[0.6101257152780476, 0.5394800330734051]",1,-1
35280,[0.6698887  0.57304887],35,11,"[0.7051682617613192, 0.574171671796882]",1,-1
35281,[0.59191247 0.59048596],35,9,"[0.5945682323783136, 0.6193254997600653]",1,63
35282,[0.65983131 0.46769123],35,26,"[0.6734889003123068, 0.4756404454441684]",1,-1
35283,[0.58198017 0.54723559],35,10,"[0.6101257152780476, 0.5394800330734051]",1,-1
35284,[0.64196932 0.56293765],35,10,"[0.6101257152780476, 0.5394800330734051]",1,-1
35285,[0.66306033 0.54992679],35,11,"[0.7051682617613192, 0.574171671796882]",1,-1
35286,[0.6490531  0.53274509],35,10,"[0.6101257152780476, 0.5394800330734051]",1,-1
35287,[0.6378878  0.56624796],35,10,"[0.6101257152780476, 0.5394800330734051]",1,-1
35288,[0.60078344 0.55200931],35,10,"[0.6101257152780476, 0.5394800330734051]",1,-1
35289,[0.64642708 0.56833106],35,10,"[0.6101257152780476, 0.5394800330734051]",1,-1
35290,[0.62292997 0.60206015],35,9,"[0.5945682323783136, 0.6193254997600653]",1,-1
35291,[0.61230957 0.59957806],35,9,"[0.5945682323783136, 0.6193254997600653]",1,-1
35292,[0.75670866 0.54534891],35,3,"[0.8068810957052946, 0.5180547120844742]",1,-1
35293,[0.53226813 0.5620366 ],35,2,"[0.5181425386759565, 0.548951681512668]",1,65
35294,[0.60700931 0.59758473],35,9,"[0.5945682323783136, 0.6193254997600653]",1,-1
35295,[0.56260983 0.57519446],35,2,"[0.5181425386759565, 0.548951681512668]",1,-1
35296,[0.68481882 0.4754069 ],35,26,"[0.6734889003123068, 0.4756404454441684]",1,39
35297,[0.70813936 0.52027571],35,11,"[0.7051682617613192, 0.574171671796882]",1,33
35298,[0.64842296 0.53458568],35,10,"[0.6101257152780476, 0.5394800330734051]",1,-1
35299,[0.69475219 0.60682588],35,11,"[0.7051682617613192, 0.574171671796882]",1,-1
35300,[0.6334153  0.53795095],35,10,"[0.6101257152780476, 0.5394800330734051]",1,-1
35301,[0.78063842 0.61052594],35,43,"[0.8274941202305067, 0.5998913364221842]",1,-1
35302,[0.64287831 0.50648395],35,26,"[0.6734889003123068, 0.4756404454441684]",1,-1
35303,[0.59479576 0.45575613],35,27,"[0.5866068271601823, 0.4386408725933068]",1,-1
35304,[0.6365809  0.61179965],35,9,"[0.5945682323783136, 0.6193254997600653]",1,-1
35305,[0.66845792 0.59336588],35,11,"[0.7051682617613192, 0.574171671796882]",1,-1
35306,[0.71957138 0.59108001],35,11,"[0.7051682617613192, 0.574171671796882]",1,-1
35307,[0.65562555 0.61719206],35,9,"[0.5945682323783136, 0.6193254997600653]",1,-1
35308,[0.61917747 0.5619288 ],35,10,"[0.6101257152780476, 0.5394800330734051]",1,-1
35309,[0.62971565 0.58043204],35,10,"[0.6101257152780476, 0.5394800330734051]",1,-1
35310,[0.65350149 0.55113171],35,10,"[0.6101257152780476, 0.5394800330734051]",1,-1
35311,[0.58566332 0.46766978],35,27,"[0.5866068271601823, 0.4386408725933068]",1,-1
35312,[0.68562407 0.53103007],35,11,"[0.7051682617613192, 0.574171671796882]",1,-1
35313,[0.74241107 0.6124915 ],35,11,"[0.7051682617613192, 0.574171671796882]",1,-1
35314,[0.75593337 0.59326724],35,11,"[0.7051682617613192, 0.574171671796882]",1,-1
35315,[0.69218496 0.5566405 ],35,11,"[0.7051682617613192, 0.574171671796882]",1,-1
35316,[0.66160089 0.52347437],35,26,"[0.6734889003123068, 0.4756404454441684]",1,-1
35317,[0.57316098 0.55076547],35,10,"[0.6101257152780476, 0.5394800330734051]",1,69
35318,[0.66242054 0.62947937],35,9,"[0.5945682323783136, 0.6193254997600653]",1,-1
35319,[0.66737274 0.48306991],35,26,"[0.6734889003123068, 0.4756404454441684]",1,-1
35320,[0.62340523 0.57730969],35,10,"[0.6101257152780476, 0.5394800330734051]",1,-1
35321,[0.52234821 0.65190692],35,5,"[0.47989515498241786, 0.6212764114798471]",1,-1
35322,[0.58680165 0.49773687],35,10,"[0.6101257152780476, 0.5394800330734051]",1,-1
35323,[0.622286 0.648568],35,9,"[0.5945682323783136, 0.6193254997600653]",1,-1
35324,[0.67676059 0.58449307],35,11,"[0.7051682617613192, 0.574171671796882]",1,-1
35325,[0.62042383 0.55313988],35,10,"[0.6101257152780476, 0.5394800330734051]",1,-1
35326,[0.57687166 0.57355065],35,10,"[0.6101257152780476, 0.5394800330734051]",1,69
35327,[0.69253696 0.53498204],35,11,"[0.7051682617613192, 0.574171671796882]",1,-1
35328,[0.62794331 0.51536645],35,10,"[0.6101257152780476, 0.5394800330734051]",1,-1
35329,[0.66449922 0.56540191],35,11,"[0.7051682617613192, 0.574171671796882]",1,-1
35330,[0.62751568 0.53678135],35,10,"[0.6101257152780476, 0.5394800330734051]",1,-1
35331,[0.64319454 0.54414964],35,10,"[0.6101257152780476, 0.5394800330734051]",1,-1
35332,[0.62121381 0.61253043],35,9,"[0.5945682323783136, 0.6193254997600653]",1,-1
35333,[0.67256995 0.42164437],35,30,"[0.6934973256581222, 0.4131681772802667]",1,-1
35334,[0.65283416 0.58812245],35,11,"[0.7051682617613192, 0.574171671796882]",1,-1
35335,[0.5952257 0.5874405],35,9,"[0.5945682323783136, 0.6193254997600653]",1,63
35336,[0.64840242 0.6326077 ],35,9,"[0.5945682323783136, 0.6193254997600653]",1,-1
35337,[0.62287004 0.60577245],35,9,"[0.5945682323783136, 0.6193254997600653]",1,-1
35338,[0.60948191 0.58160837],35,9,"[0.5945682323783136, 0.6193254997600653]",1,-1
35339,[0.67799997 0.51512056],35,26,"[0.6734889003123068, 0.4756404454441684]",1,-1
35340,[0.72254707 0.70536883],35,-1,-1,1,6
35341,[0.72247642 0.74332572],35,23,"[0.7534740255485087, 0.7686705599537007]",1,-1
35342,[0.59969081 0.65008366],35,9,"[0.5945682323783136, 0.6193254997600653]",1,-1
35343,[0.62309536 0.6156179 ],35,9,"[0.5945682323783136, 0.6193254997600653]",1,-1
35344,[0.66606337 0.51999278],35,26,"[0.6734889003123068, 0.4756404454441684]",1,-1
35345,[0.69490554 0.63325064],35,11,"[0.7051682617613192, 0.574171671796882]",1,-1
35346,[0.60236697 0.47400969],35,27,"[0.5866068271601823, 0.4386408725933068]",1,-1
35347,[0.65813997 0.63967223],35,9,"[0.5945682323783136, 0.6193254997600653]",1,-1
35348,[0.64712556 0.59670109],35,9,"[0.5945682323783136, 0.6193254997600653]",1,-1
35349,[0.61017187 0.5721009 ],35,10,"[0.6101257152780476, 0.5394800330734051]",1,-1
35350,[0.72676971 0.59497075],35,11,"[0.7051682617613192, 0.574171671796882]",1,-1
35351,[0.68495257 0.55744218],35,11,"[0.7051682617613192, 0.574171671796882]",1,-1
35352,[0.67770347 0.60550669],35,11,"[0.7051682617613192, 0.574171671796882]",1,-1
35353,[0.55019705 0.57322844],35,2,"[0.5181425386759565, 0.548951681512668]",1,-1
35354,[0.58318373 0.51017012],35,10,"[0.6101257152780476, 0.5394800330734051]",1,-1
35355,[0.66761313 0.6455397 ],35,-1,-1,1,-1
35356,[0.65262971 0.54546334],35,10,"[0.6101257152780476, 0.5394800330734051]",1,-1
35357,[0.65171223 0.52097102],35,10,"[0.6101257152780476, 0.5394800330734051]",1,-1
35358,[0.59655743 0.53339622],35,10,"[0.6101257152780476, 0.5394800330734051]",1,-1
35359,[0.6614435  0.39687521],35,28,"[0.6409610568572724, 0.3943628717562158]",1,57
35360,[0.66254331 0.63010726],35,9,"[0.5945682323783136, 0.6193254997600653]",1,-1
35361,[0.61918049 0.61601958],35,9,"[0.5945682323783136, 0.6193254997600653]",1,-1
35362,[0.70213184 0.55257182],35,11,"[0.7051682617613192, 0.574171671796882]",1,-1
35363,[0.61726957 0.57356894],35,10,"[0.6101257152780476, 0.5394800330734051]",1,63
35364,[0.63433826 0.52969449],35,10,"[0.6101257152780476, 0.5394800330734051]",1,-1
35365,[0.65795678 0.61338061],35,11,"[0.7051682617613192, 0.574171671796882]",1,-1
35366,[0.68068594 0.50696352],35,26,"[0.6734889003123068, 0.4756404454441684]",1,-1
35367,[0.59895435 0.60080543],35,9,"[0.5945682323783136, 0.6193254997600653]",1,-1
35368,[0.65866484 0.57278448],35,11,"[0.7051682617613192, 0.574171671796882]",1,-1
35369,[0.81037818 0.57752479],35,43,"[0.8274941202305067, 0.5998913364221842]",1,-1
35370,[0.65941216 0.58425008],35,11,"[0.7051682617613192, 0.574171671796882]",1,55
35371,[0.66628542 0.59847778],35,11,"[0.7051682617613192, 0.574171671796882]",1,-1
35372,[0.71426537 0.52757008],35,11,"[0.7051682617613192, 0.574171671796882]",1,33
35373,[0.75287171 0.54637879],35,11,"[0.7051682617613192, 0.574171671796882]",1,-1
35374,[0.64508425 0.5459363 ],35,10,"[0.6101257152780476, 0.5394800330734051]",1,-1
35375,[0.69210467 0.57705271],35,11,"[0.7051682617613192, 0.574171671796882]",1,-1
35376,[0.66754075 0.59863077],35,11,"[0.7051682617613192, 0.574171671796882]",1,-1
35377,[0.66645499 0.60795123],35,11,"[0.7051682617613192, 0.574171671796882]",1,-1
35378,[0.66381056 0.59941346],35,11,"[0.7051682617613192, 0.574171671796882]",1,-1
35379,[0.7511389  0.50608084],35,32,"[0.7535856051996079, 0.45307884495298306]",1,41
35380,[0.59087852 0.524678  ],35,10,"[0.6101257152780476, 0.5394800330734051]",1,-1
35381,[0.61587715 0.65660985],35,9,"[0.5945682323783136, 0.6193254997600653]",1,-1
35382,[0.58556039 0.54182546],35,10,"[0.6101257152780476, 0.5394800330734051]",1,-1
35383,[0.62557918 0.59859985],35,9,"[0.5945682323783136, 0.6193254997600653]",1,-1
35384,[0.70157687 0.56410948],35,11,"[0.7051682617613192, 0.574171671796882]",1,-1
35385,[0.60364487 0.53733545],35,10,"[0.6101257152780476, 0.5394800330734051]",1,-1
35386,[0.62997448 0.56309047],35,10,"[0.6101257152780476, 0.5394800330734051]",1,-1
35387,[0.62368405 0.55261711],35,10,"[0.6101257152780476, 0.5394800330734051]",1,-1
35388,[0.63180527 0.56656862],35,10,"[0.6101257152780476, 0.5394800330734051]",1,-1
35389,[0.73634069 0.59420602],35,11,"[0.7051682617613192, 0.574171671796882]",1,-1
35390,[0.67283793 0.53340608],35,11,"[0.7051682617613192, 0.574171671796882]",1,-1
35391,[0.61742632 0.62957377],35,9,"[0.5945682323783136, 0.6193254997600653]",1,-1
35392,[0.6525043  0.54809069],35,10,"[0.6101257152780476, 0.5394800330734051]",1,-1
35393,[0.57465796 0.55552233],35,10,"[0.6101257152780476, 0.5394800330734051]",1,-1
35394,[0.68685951 0.58304212],35,11,"[0.7051682617613192, 0.574171671796882]",1,-1
35395,[0.60977086 0.59575705],35,9,"[0.5945682323783136, 0.6193254997600653]",1,-1
35396,[0.71978401 0.51540672],35,11,"[0.7051682617613192, 0.574171671796882]",1,-1
35397,[0.69995797 0.58806992],35,11,"[0.7051682617613192, 0.574171671796882]",1,-1
35398,[0.60538661 0.57667313],35,10,"[0.6101257152780476, 0.5394800330734051]",1,-1
35399,[0.75595113 0.5691542 ],35,11,"[0.7051682617613192, 0.574171671796882]",1,20
35400,[0.6096872  0.68877264],35,41,"[0.5613949929729852, 0.701115936473092]",1,-1
35401,[0.72429067 0.55615753],35,11,"[0.7051682617613192, 0.574171671796882]",1,-1
35402,[0.58822709 0.56483002],35,10,"[0.6101257152780476, 0.5394800330734051]",1,-1
35403,[0.68638943 0.48834958],35,26,"[0.6734889003123068, 0.4756404454441684]",1,-1
35404,[0.57668617 0.62911064],35,9,"[0.5945682323783136, 0.6193254997600653]",1,-1
35405,[0.70919989 0.57240099],35,11,"[0.7051682617613192, 0.574171671796882]",1,-1
35406,[0.63027247 0.49839706],35,10,"[0.6101257152780476, 0.5394800330734051]",1,-1
35407,[0.7493631 0.5125775],35,3,"[0.8068810957052946, 0.5180547120844742]",1,-1
35408,[0.67556646 0.67265498],35,-1,-1,1,-1
35409,[0.61904402 0.59764968],35,9,"[0.5945682323783136, 0.6193254997600653]",1,-1
35410,[0.5905853  0.47384023],35,27,"[0.5866068271601823, 0.4386408725933068]",1,-1
35411,[0.62739309 0.53837428],35,10,"[0.6101257152780476, 0.5394800330734051]",1,-1
35412,[0.60530468 0.61750247],35,9,"[0.5945682323783136, 0.6193254997600653]",1,-1
35413,[0.63733027 0.62241677],35,9,"[0.5945682323783136, 0.6193254997600653]",1,-1
35414,[0.76810131 0.62734541],35,43,"[0.8274941202305067, 0.5998913364221842]",1,-1
35415,[0.63278438 0.53168854],35,10,"[0.6101257152780476, 0.5394800330734051]",1,-1
35416,[0.69369386 0.59002978],35,11,"[0.7051682617613192, 0.574171671796882]",1,-1
35417,[0.5052293  0.63634217],35,5,"[0.47989515498241786, 0.6212764114798471]",1,-1
35418,[0.58062685 0.67687288],35,41,"[0.5613949929729852, 0.701115936473092]",1,-1
35419,[0.6131909  0.55450637],35,10,"[0.6101257152780476, 0.5394800330734051]",1,-1
35420,[0.66487969 0.60064118],35,11,"[0.7051682617613192, 0.574171671796882]",1,-1
35421,[0.56734858 0.58013021],35,9,"[0.5945682323783136, 0.6193254997600653]",1,-1
35422,[0.63787497 0.54069918],35,10,"[0.6101257152780476, 0.5394800330734051]",1,-1
35423,[0.68303891 0.55652241],35,11,"[0.7051682617613192, 0.574171671796882]",1,-1
35424,[0.6104236  0.48737755],35,10,"[0.6101257152780476, 0.5394800330734051]",1,34
35425,[0.72217051 0.51036368],35,26,"[0.6734889003123068, 0.4756404454441684]",1,-1
35426,[0.63055708 0.60962446],35,9,"[0.5945682323783136, 0.6193254997600653]",1,-1
35427,[0.73710259 0.54401696],35,11,"[0.7051682617613192, 0.574171671796882]",1,-1
35428,[0.64581878 0.60440777],35,9,"[0.5945682323783136, 0.6193254997600653]",1,-1
35429,[0.68869199 0.57066049],35,11,"[0.7051682617613192, 0.574171671796882]",1,-1
35430,[0.55511053 0.49894882],35,2,"[0.5181425386759565, 0.548951681512668]",1,-1
35431,[0.65210319 0.56016458],35,10,"[0.6101257152780476, 0.5394800330734051]",1,-1
35432,[0.65833508 0.62990551],35,9,"[0.5945682323783136, 0.6193254997600653]",1,-1
35433,[0.68758526 0.59520712],35,11,"[0.7051682617613192, 0.574171671796882]",1,-1
35434,[0.71082858 0.628648  ],35,11,"[0.7051682617613192, 0.574171671796882]",1,-1
35435,[0.63183965 0.52100007],35,10,"[0.6101257152780476, 0.5394800330734051]",1,-1
35436,[0.59730113 0.60831818],35,9,"[0.5945682323783136, 0.6193254997600653]",1,-1
35437,[0.58120236 0.66934289],35,41,"[0.5613949929729852, 0.701115936473092]",1,-1
35438,[0.60312707 0.58418765],35,9,"[0.5945682323783136, 0.6193254997600653]",1,-1
35439,[0.64640016 0.58982506],35,9,"[0.5945682323783136, 0.6193254997600653]",1,55
35440,[0.62227559 0.55908936],35,10,"[0.6101257152780476, 0.5394800330734051]",1,-1
35441,[0.68650604 0.53750529],35,11,"[0.7051682617613192, 0.574171671796882]",1,-1
35442,[0.59795391 0.43258189],35,27,"[0.5866068271601823, 0.4386408725933068]",1,-1
35443,[0.6586     0.57191254],35,11,"[0.7051682617613192, 0.574171671796882]",1,-1
35444,[0.70369727 0.49005281],35,26,"[0.6734889003123068, 0.4756404454441684]",1,-1
35445,[0.63694801 0.59961965],35,9,"[0.5945682323783136, 0.6193254997600653]",1,-1
35446,[0.74861732 0.5855918 ],35,11,"[0.7051682617613192, 0.574171671796882]",1,-1
35447,[0.61043883 0.5594932 ],35,10,"[0.6101257152780476, 0.5394800330734051]",1,64
35448,[0.61659854 0.4869592 ],35,10,"[0.6101257152780476, 0.5394800330734051]",1,34
35449,[0.61530704 0.55440196],35,10,"[0.6101257152780476, 0.5394800330734051]",1,-1
35450,[0.6409243  0.58452329],35,10,"[0.6101257152780476, 0.5394800330734051]",1,-1
35451,[0.57085722 0.59465469],35,9,"[0.5945682323783136, 0.6193254997600653]",1,68
35452,[0.76007413 0.5687298 ],35,11,"[0.7051682617613192, 0.574171671796882]",1,-1
35453,[0.68646173 0.5275683 ],35,11,"[0.7051682617613192, 0.574171671796882]",1,-1
35454,[0.54273345 0.54581741],35,2,"[0.5181425386759565, 0.548951681512668]",1,-1
35455,[0.66176188 0.53637124],35,10,"[0.6101257152780476, 0.5394800330734051]",1,-1
35456,[0.61852348 0.57285795],35,10,"[0.6101257152780476, 0.5394800330734051]",1,-1
35457,[0.64569474 0.55461448],35,10,"[0.6101257152780476, 0.5394800330734051]",1,-1
35458,[0.64667813 0.55502848],35,10,"[0.6101257152780476, 0.5394800330734051]",1,-1
35459,[0.67935604 0.63989471],35,-1,-1,1,-1
35460,[0.70812037 0.52359336],35,11,"[0.7051682617613192, 0.574171671796882]",1,33
35461,[0.62723386 0.51072448],35,10,"[0.6101257152780476, 0.5394800330734051]",1,-1
35462,[0.72000838 0.50394337],35,26,"[0.6734889003123068, 0.4756404454441684]",1,-1
35463,[0.61423733 0.66744624],35,9,"[0.5945682323783136, 0.6193254997600653]",1,-1
35464,[0.64672173 0.54450543],35,10,"[0.6101257152780476, 0.5394800330734051]",1,-1
35465,[0.80547274 0.54161734],35,3,"[0.8068810957052946, 0.5180547120844742]",1,-1
35466,[0.63317591 0.62605792],35,9,"[0.5945682323783136, 0.6193254997600653]",1,-1
35467,[0.53855161 0.58009154],35,2,"[0.5181425386759565, 0.548951681512668]",1,65
35468,[0.61193221 0.65214137],35,9,"[0.5945682323783136, 0.6193254997600653]",1,-1
35469,[0.59457768 0.55173937],35,10,"[0.6101257152780476, 0.5394800330734051]",1,64
35470,[0.69768346 0.57318838],35,11,"[0.7051682617613192, 0.574171671796882]",1,-1
35471,[0.72616272 0.52933687],35,11,"[0.7051682617613192, 0.574171671796882]",1,-1
35472,[0.66690159 0.58954632],35,11,"[0.7051682617613192, 0.574171671796882]",1,-1
35473,[0.62467401 0.61511712],35,9,"[0.5945682323783136, 0.6193254997600653]",1,-1
35474,[0.66753471 0.66096224],35,-1,-1,1,-1
35475,[0.57798967 0.66065883],35,41,"[0.5613949929729852, 0.701115936473092]",1,-1
35476,[0.60412463 0.61520923],35,9,"[0.5945682323783136, 0.6193254997600653]",1,-1
35477,[0.60545486 0.60150756],35,9,"[0.5945682323783136, 0.6193254997600653]",1,-1
35478,[0.58395328 0.54926141],35,10,"[0.6101257152780476, 0.5394800330734051]",1,-1
35479,[0.60870229 0.5708639 ],35,10,"[0.6101257152780476, 0.5394800330734051]",1,-1
35480,[0.54347443 0.55044458],35,2,"[0.5181425386759565, 0.548951681512668]",1,-1
35481,[0.67090691 0.55106331],35,11,"[0.7051682617613192, 0.574171671796882]",1,-1
35482,[0.62350604 0.64950546],35,9,"[0.5945682323783136, 0.6193254997600653]",1,-1
35483,[0.62556579 0.55796975],35,10,"[0.6101257152780476, 0.5394800330734051]",1,-1
35484,[0.7558131  0.56723122],35,11,"[0.7051682617613192, 0.574171671796882]",1,20
35485,[0.62305381 0.59382313],35,9,"[0.5945682323783136, 0.6193254997600653]",1,-1
35486,[0.63380287 0.54892112],35,10,"[0.6101257152780476, 0.5394800330734051]",1,-1
35487,[0.66451446 0.5546661 ],35,11,"[0.7051682617613192, 0.574171671796882]",1,-1
35488,[0.58426605 0.52822684],35,10,"[0.6101257152780476, 0.5394800330734051]",1,-1
35489,[0.69582466 0.52572027],35,11,"[0.7051682617613192, 0.574171671796882]",1,-1
35490,[0.72382015 0.59595756],35,11,"[0.7051682617613192, 0.574171671796882]",1,-1
35491,[0.67190065 0.58468711],35,11,"[0.7051682617613192, 0.574171671796882]",1,-1
35492,[0.69486638 0.6745026 ],35,-1,-1,1,-1
35493,[0.7879015  0.56969604],35,43,"[0.8274941202305067, 0.5998913364221842]",1,-1
35494,[0.61165666 0.45241756],35,27,"[0.5866068271601823, 0.4386408725933068]",1,-1
35495,[0.68638876 0.59692612],35,11,"[0.7051682617613192, 0.574171671796882]",1,-1
35496,[0.65569404 0.56727367],35,11,"[0.7051682617613192, 0.574171671796882]",1,-1
35497,[0.59934536 0.61187324],35,9,"[0.5945682323783136, 0.6193254997600653]",1,-1
35498,[0.67628348 0.58843407],35,11,"[0.7051682617613192, 0.574171671796882]",1,-1
35499,[0.62981825 0.59407392],35,9,"[0.5945682323783136, 0.6193254997600653]",1,-1
35500,[0.70806496 0.48159051],35,26,"[0.6734889003123068, 0.4756404454441684]",1,-1
35501,[0.6088876  0.64947168],35,9,"[0.5945682323783136, 0.6193254997600653]",1,-1
35502,[0.60510541 0.55691812],35,10,"[0.6101257152780476, 0.5394800330734051]",1,64
35503,[0.60571567 0.5945657 ],35,9,"[0.5945682323783136, 0.6193254997600653]",1,-1
35504,[0.68795962 0.58770265],35,11,"[0.7051682617613192, 0.574171671796882]",1,-1
35505,[0.66036862 0.5448679 ],35,10,"[0.6101257152780476, 0.5394800330734051]",1,-1
35506,[0.61955761 0.61511025],35,9,"[0.5945682323783136, 0.6193254997600653]",1,-1
35507,[0.68572423 0.6068454 ],35,11,"[0.7051682617613192, 0.574171671796882]",1,-1
35508,[0.56090187 0.59239044],35,9,"[0.5945682323783136, 0.6193254997600653]",1,-1
35509,[0.63205758 0.68092691],35,-1,-1,1,-1
35510,[0.67696774 0.62555757],35,11,"[0.7051682617613192, 0.574171671796882]",1,-1
35511,[0.67336993 0.5433951 ],35,11,"[0.7051682617613192, 0.574171671796882]",1,26
35512,[0.63673506 0.54817035],35,10,"[0.6101257152780476, 0.5394800330734051]",1,-1
35513,[0.73414916 0.53112584],35,11,"[0.7051682617613192, 0.574171671796882]",1,-1
35514,[0.59821907 0.60430372],35,9,"[0.5945682323783136, 0.6193254997600653]",1,-1
35515,[0.6485224  0.52930104],35,10,"[0.6101257152780476, 0.5394800330734051]",1,-1
35516,[0.54766971 0.58542054],35,2,"[0.5181425386759565, 0.548951681512668]",1,-1
35517,[0.56858068 0.54093894],35,10,"[0.6101257152780476, 0.5394800330734051]",1,-1
35518,[0.68121454 0.54427668],35,11,"[0.7051682617613192, 0.574171671796882]",1,26
35519,[0.6110314  0.58130293],35,9,"[0.5945682323783136, 0.6193254997600653]",1,63
35520,[0.63290128 0.5607224 ],35,10,"[0.6101257152780476, 0.5394800330734051]",1,-1
35521,[0.76574847 0.63998511],35,-1,-1,1,-1
35522,[0.70495163 0.61167771],35,11,"[0.7051682617613192, 0.574171671796882]",1,-1
35523,[0.59386458 0.57592307],35,10,"[0.6101257152780476, 0.5394800330734051]",1,-1
35524,[0.52536114 0.56639146],35,2,"[0.5181425386759565, 0.548951681512668]",1,-1
35525,[0.68211951 0.53711575],35,11,"[0.7051682617613192, 0.574171671796882]",1,-1
35526,[0.63047678 0.55263345],35,10,"[0.6101257152780476, 0.5394800330734051]",1,-1
35527,[0.59566137 0.63375705],35,9,"[0.5945682323783136, 0.6193254997600653]",1,-1
35528,[0.72861049 0.50094485],35,32,"[0.7535856051996079, 0.45307884495298306]",1,-1
35529,[0.62115474 0.69884298],35,41,"[0.5613949929729852, 0.701115936473092]",1,-1
35530,[0.68554293 0.61765803],35,11,"[0.7051682617613192, 0.574171671796882]",1,-1
35531,[0.55516943 0.61856406],35,9,"[0.5945682323783136, 0.6193254997600653]",1,-1
35532,[0.56223994 0.58871603],35,9,"[0.5945682323783136, 0.6193254997600653]",1,-1
35533,[0.58749902 0.65373502],35,9,"[0.5945682323783136, 0.6193254997600653]",1,-1
35534,[0.51107408 0.61108039],35,5,"[0.47989515498241786, 0.6212764114798471]",1,-1
35535,[0.61644185 0.5898124 ],35,9,"[0.5945682323783136, 0.6193254997600653]",1,63
35536,[0.54174878 0.61809385],35,9,"[0.5945682323783136, 0.6193254997600653]",1,-1
35537,[0.57693845 0.59631644],35,9,"[0.5945682323783136, 0.6193254997600653]",1,68
35538,[0.57954344 0.4669274 ],35,27,"[0.5866068271601823, 0.4386408725933068]",1,-1
35539,[0.62711851 0.64188306],35,9,"[0.5945682323783136, 0.6193254997600653]",1,-1
35540,[0.65687063 0.57325611],35,11,"[0.7051682617613192, 0.574171671796882]",1,-1
35541,[0.74660146 0.580034  ],35,11,"[0.7051682617613192, 0.574171671796882]",1,-1
35542,[0.65737514 0.4900318 ],35,26,"[0.6734889003123068, 0.4756404454441684]",1,-1
35543,[0.64460896 0.52971608],35,10,"[0.6101257152780476, 0.5394800330734051]",1,-1
35544,[0.66871987 0.50780983],35,26,"[0.6734889003123068, 0.4756404454441684]",1,-1
35545,[0.72401115 0.49765335],35,32,"[0.7535856051996079, 0.45307884495298306]",1,-1
35546,[0.56119821 0.51562902],35,10,"[0.6101257152780476, 0.5394800330734051]",1,-1
35547,[0.66414449 0.59509379],35,11,"[0.7051682617613192, 0.574171671796882]",1,-1
35548,[0.58832869 0.56559385],35,10,"[0.6101257152780476, 0.5394800330734051]",1,-1
35549,[0.5977028  0.58224765],35,9,"[0.5945682323783136, 0.6193254997600653]",1,-1
35550,[0.56305864 0.50248636],35,10,"[0.6101257152780476, 0.5394800330734051]",1,-1
35551,[0.64162453 0.59394815],35,9,"[0.5945682323783136, 0.6193254997600653]",1,-1
35552,[0.62783747 0.49641594],35,10,"[0.6101257152780476, 0.5394800330734051]",1,-1
35553,[0.63014544 0.62146478],35,9,"[0.5945682323783136, 0.6193254997600653]",1,-1
35554,[0.57208742 0.5811401 ],35,9,"[0.5945682323783136, 0.6193254997600653]",1,69
35555,[0.72334209 0.60202506],35,11,"[0.7051682617613192, 0.574171671796882]",1,-1
35556,[0.65346458 0.52108193],35,10,"[0.6101257152780476, 0.5394800330734051]",1,-1
35557,[0.69090584 0.59436135],35,11,"[0.7051682617613192, 0.574171671796882]",1,-1
35558,[0.6692878  0.59111217],35,11,"[0.7051682617613192, 0.574171671796882]",1,-1
35559,[0.68219902 0.61165047],35,11,"[0.7051682617613192, 0.574171671796882]",1,-1
35560,[0.66510415 0.51256743],35,26,"[0.6734889003123068, 0.4756404454441684]",1,-1
35561,[0.69407209 0.54816044],35,11,"[0.7051682617613192, 0.574171671796882]",1,-1
35562,[0.6524176  0.60298355],35,11,"[0.7051682617613192, 0.574171671796882]",1,-1
35563,[0.53820556 0.56654291],35,2,"[0.5181425386759565, 0.548951681512668]",1,-1
35564,[0.6254804  0.57477362],35,10,"[0.6101257152780476, 0.5394800330734051]",1,-1
35565,[0.60369086 0.5761561 ],35,10,"[0.6101257152780476, 0.5394800330734051]",1,-1
35566,[0.62825169 0.64446018],35,9,"[0.5945682323783136, 0.6193254997600653]",1,-1
35567,[0.67263469 0.54625922],35,11,"[0.7051682617613192, 0.574171671796882]",1,-1
35568,[0.60624365 0.58679681],35,9,"[0.5945682323783136, 0.6193254997600653]",1,63
35569,[0.61092242 0.49437055],35,10,"[0.6101257152780476, 0.5394800330734051]",1,34
35570,[0.72063387 0.45176856],35,32,"[0.7535856051996079, 0.45307884495298306]",1,-1
35571,[0.6479598  0.59792535],35,9,"[0.5945682323783136, 0.6193254997600653]",1,-1
35572,[0.70491175 0.63128097],35,11,"[0.7051682617613192, 0.574171671796882]",1,-1
35573,[0.69776991 0.52213326],35,26,"[0.6734889003123068, 0.4756404454441684]",1,-1
35574,[0.58591061 0.57042658],35,10,"[0.6101257152780476, 0.5394800330734051]",1,-1
35575,[0.62360403 0.48935222],35,26,"[0.6734889003123068, 0.4756404454441684]",1,34
35576,[0.68922294 0.60204276],35,11,"[0.7051682617613192, 0.574171671796882]",1,-1
35577,[0.65285251 0.48772867],35,26,"[0.6734889003123068, 0.4756404454441684]",1,-1
35578,[0.60347967 0.55745424],35,10,"[0.6101257152780476, 0.5394800330734051]",1,64
35579,[0.582965   0.54039423],35,10,"[0.6101257152780476, 0.5394800330734051]",1,-1
35580,[0.67315101 0.63030355],35,11,"[0.7051682617613192, 0.574171671796882]",1,-1
35581,[0.58190197 0.51383676],35,10,"[0.6101257152780476, 0.5394800330734051]",1,-1
35582,[0.59811848 0.56361879],35,10,"[0.6101257152780476, 0.5394800330734051]",1,-1
35583,[0.66685779 0.56092697],35,11,"[0.7051682617613192, 0.574171671796882]",1,-1
35584,[0.47385489 0.55755167],35,2,"[0.5181425386759565, 0.548951681512668]",1,-1
35585,[0.62864065 0.65158338],35,9,"[0.5945682323783136, 0.6193254997600653]",1,-1
35586,[0.6037287  0.55969663],35,10,"[0.6101257152780476, 0.5394800330734051]",1,64
35587,[0.70640715 0.57577492],35,11,"[0.7051682617613192, 0.574171671796882]",1,-1
35588,[0.60200574 0.62160609],35,9,"[0.5945682323783136, 0.6193254997600653]",1,-1
35589,[0.70692596 0.63682994],35,11,"[0.7051682617613192, 0.574171671796882]",1,-1
35590,[0.66005937 0.49235734],35,26,"[0.6734889003123068, 0.4756404454441684]",1,-1
35591,[0.67091616 0.54777222],35,11,"[0.7051682617613192, 0.574171671796882]",1,-1
35592,[0.62925675 0.50250165],35,10,"[0.6101257152780476, 0.5394800330734051]",1,-1
35593,[0.68135371 0.54261587],35,11,"[0.7051682617613192, 0.574171671796882]",1,26
35594,[0.66266424 0.61848006],35,11,"[0.7051682617613192, 0.574171671796882]",1,-1
35595,[0.65651207 0.51770838],35,26,"[0.6734889003123068, 0.4756404454441684]",1,-1
35596,[0.56128016 0.5317638 ],35,2,"[0.5181425386759565, 0.548951681512668]",1,-1
35597,[0.66110996 0.61766339],35,11,"[0.7051682617613192, 0.574171671796882]",1,-1
35598,[0.67937236 0.59963045],35,11,"[0.7051682617613192, 0.574171671796882]",1,-1
35599,[0.71743611 0.57524888],35,11,"[0.7051682617613192, 0.574171671796882]",1,-1
35600,[0.64275156 0.53831879],35,10,"[0.6101257152780476, 0.5394800330734051]",1,-1
35601,[0.62849981 0.56392485],35,10,"[0.6101257152780476, 0.5394800330734051]",1,-1
35602,[0.6995321  0.56944729],35,11,"[0.7051682617613192, 0.574171671796882]",1,-1
35603,[0.54987169 0.54188129],35,2,"[0.5181425386759565, 0.548951681512668]",1,-1
35604,[0.58795415 0.62716926],35,9,"[0.5945682323783136, 0.6193254997600653]",1,-1
35605,[0.5031988  0.57113269],35,2,"[0.5181425386759565, 0.548951681512668]",1,75
35606,[0.60135788 0.60682031],35,9,"[0.5945682323783136, 0.6193254997600653]",1,-1
35607,[0.55724928 0.59033033],35,9,"[0.5945682323783136, 0.6193254997600653]",1,-1
35608,[0.62952117 0.56802632],35,10,"[0.6101257152780476, 0.5394800330734051]",1,-1
35609,[0.5914816 0.5502354],35,10,"[0.6101257152780476, 0.5394800330734051]",1,64
35610,[0.56921367 0.59493807],35,9,"[0.5945682323783136, 0.6193254997600653]",1,68
35611,[0.67794526 0.60614668],35,11,"[0.7051682617613192, 0.574171671796882]",1,-1
35612,[0.59444942 0.57833543],35,9,"[0.5945682323783136, 0.6193254997600653]",1,-1
35613,[0.69489748 0.57816883],35,11,"[0.7051682617613192, 0.574171671796882]",1,-1
35614,[0.60086666 0.60798035],35,9,"[0.5945682323783136, 0.6193254997600653]",1,-1
35615,[0.65278498 0.52471058],35,10,"[0.6101257152780476, 0.5394800330734051]",1,-1
35616,[0.67210271 0.58121546],35,11,"[0.7051682617613192, 0.574171671796882]",1,-1
35617,[0.75459273 0.53745628],35,3,"[0.8068810957052946, 0.5180547120844742]",1,-1
35618,[0.73219755 0.58269403],35,11,"[0.7051682617613192, 0.574171671796882]",1,-1
35619,[0.68437644 0.56755927],35,11,"[0.7051682617613192, 0.574171671796882]",1,-1
35620,[0.72435443 0.55822115],35,11,"[0.7051682617613192, 0.574171671796882]",1,-1
35621,[0.65937408 0.57912783],35,11,"[0.7051682617613192, 0.574171671796882]",1,-1
35622,[0.63193767 0.55999328],35,10,"[0.6101257152780476, 0.5394800330734051]",1,-1
35623,[0.72307482 0.56042204],35,11,"[0.7051682617613192, 0.574171671796882]",1,-1
35624,[0.58616113 0.53563638],35,10,"[0.6101257152780476, 0.5394800330734051]",1,-1
35625,[0.71151638 0.56338495],35,11,"[0.7051682617613192, 0.574171671796882]",1,-1
35626,[0.58670928 0.55579777],35,10,"[0.6101257152780476, 0.5394800330734051]",1,-1
35627,[0.61396901 0.5595699 ],35,10,"[0.6101257152780476, 0.5394800330734051]",1,64
35628,[0.69477673 0.6453739 ],35,-1,-1,1,-1
35629,[0.63720949 0.5520425 ],35,10,"[0.6101257152780476, 0.5394800330734051]",1,-1
35630,[0.6751652  0.50180865],35,26,"[0.6734889003123068, 0.4756404454441684]",1,-1
35631,[0.70109992 0.63239275],35,11,"[0.7051682617613192, 0.574171671796882]",1,-1
35632,[0.56342327 0.66376087],35,41,"[0.5613949929729852, 0.701115936473092]",1,-1
35633,[0.66782265 0.62038155],35,11,"[0.7051682617613192, 0.574171671796882]",1,-1
35634,[0.62434997 0.65770245],35,9,"[0.5945682323783136, 0.6193254997600653]",1,-1
35635,[0.65249985 0.69386648],35,34,"[0.6634532409245524, 0.760224782080757]",1,-1
35636,[0.71392805 0.64563652],35,-1,-1,1,-1
35637,[0.68640866 0.54152972],35,11,"[0.7051682617613192, 0.574171671796882]",1,26
35638,[0.5860585  0.55458211],35,10,"[0.6101257152780476, 0.5394800330734051]",1,-1
35639,[0.69319936 0.6293411 ],35,11,"[0.7051682617613192, 0.574171671796882]",1,-1
35640,[0.77637613 0.57782855],35,43,"[0.8274941202305067, 0.5998913364221842]",1,-1
35641,[0.61081851 0.48804291],35,10,"[0.6101257152780476, 0.5394800330734051]",1,34
35642,[0.53298171 0.4647921 ],35,35,"[0.491626887866141, 0.45015531396212327]",1,-1
35643,[0.6492742  0.58588997],35,11,"[0.7051682617613192, 0.574171671796882]",1,55
35644,[0.69497831 0.54249015],35,11,"[0.7051682617613192, 0.574171671796882]",1,26
35645,[0.67861867 0.54298351],35,11,"[0.7051682617613192, 0.574171671796882]",1,26
35646,[0.64697687 0.5789714 ],35,10,"[0.6101257152780476, 0.5394800330734051]",1,-1
35647,[0.59807791 0.56380389],35,10,"[0.6101257152780476, 0.5394800330734051]",1,-1
35648,[0.65405165 0.57311126],35,11,"[0.7051682617613192, 0.574171671796882]",1,-1
35649,[0.64974748 0.63316323],35,9,"[0.5945682323783136, 0.6193254997600653]",1,-1
35650,[0.69204767 0.6137252 ],35,11,"[0.7051682617613192, 0.574171671796882]",1,-1
35651,[0.61906949 0.60350353],35,9,"[0.5945682323783136, 0.6193254997600653]",1,-1
35652,[0.64084395 0.56417747],35,10,"[0.6101257152780476, 0.5394800330734051]",1,-1
35653,[0.70330229 0.53520234],35,11,"[0.7051682617613192, 0.574171671796882]",1,-1
35654,[0.62542181 0.52139792],35,10,"[0.6101257152780476, 0.5394800330734051]",1,-1
35655,[0.60748852 0.63587217],35,9,"[0.5945682323783136, 0.6193254997600653]",1,-1
35656,[0.64953637 0.56246856],35,10,"[0.6101257152780476, 0.5394800330734051]",1,-1
35657,[0.67522106 0.65166172],35,-1,-1,1,-1
35658,[0.74332324 0.60715962],35,11,"[0.7051682617613192, 0.574171671796882]",1,-1
35659,[0.72789876 0.50505823],35,32,"[0.7535856051996079, 0.45307884495298306]",1,-1
35660,[0.61631667 0.58215446],35,9,"[0.5945682323783136, 0.6193254997600653]",1,-1
35661,[0.57234779 0.56201971],35,10,"[0.6101257152780476, 0.5394800330734051]",1,-1
35662,[0.63388105 0.47023629],35,26,"[0.6734889003123068, 0.4756404454441684]",1,-1
35663,[0.66023599 0.5961257 ],35,11,"[0.7051682617613192, 0.574171671796882]",1,-1
35664,[0.71143838 0.54589   ],35,11,"[0.7051682617613192, 0.574171671796882]",1,-1
35665,[0.64684221 0.63844067],35,9,"[0.5945682323783136, 0.6193254997600653]",1,-1
35666,[0.60500361 0.65188716],35,9,"[0.5945682323783136, 0.6193254997600653]",1,-1
35667,[0.66666835 0.53557742],35,11,"[0.7051682617613192, 0.574171671796882]",1,-1
35668,[0.63773301 0.53995589],35,10,"[0.6101257152780476, 0.5394800330734051]",1,-1
35669,[0.60753181 0.61299552],35,9,"[0.5945682323783136, 0.6193254997600653]",1,-1
35670,[0.60191847 0.57381074],35,10,"[0.6101257152780476, 0.5394800330734051]",1,-1
35671,[0.62256492 0.55566379],35,10,"[0.6101257152780476, 0.5394800330734051]",1,-1
35672,[0.5644734 0.6442261],35,9,"[0.5945682323783136, 0.6193254997600653]",1,-1
35673,[0.72517677 0.59464963],35,11,"[0.7051682617613192, 0.574171671796882]",1,-1
35674,[0.66117246 0.61611515],35,11,"[0.7051682617613192, 0.574171671796882]",1,-1
35675,[0.59864882 0.67704697],35,41,"[0.5613949929729852, 0.701115936473092]",1,-1
35676,[0.58694586 0.53136646],35,10,"[0.6101257152780476, 0.5394800330734051]",1,-1
35677,[0.73069964 0.56012026],35,11,"[0.7051682617613192, 0.574171671796882]",1,-1
35678,[0.55730154 0.66887261],35,41,"[0.5613949929729852, 0.701115936473092]",1,-1
35679,[0.63587783 0.62520569],35,9,"[0.5945682323783136, 0.6193254997600653]",1,-1
35680,[0.61140222 0.5985364 ],35,9,"[0.5945682323783136, 0.6193254997600653]",1,-1
35681,[0.65220827 0.54992955],35,10,"[0.6101257152780476, 0.5394800330734051]",1,-1
35682,[0.65192531 0.48685556],35,26,"[0.6734889003123068, 0.4756404454441684]",1,-1
35683,[0.66333681 0.50057257],35,26,"[0.6734889003123068, 0.4756404454441684]",1,-1
35684,[0.64556928 0.43866103],35,28,"[0.6409610568572724, 0.3943628717562158]",1,56
35685,[0.71083316 0.49153394],35,26,"[0.6734889003123068, 0.4756404454441684]",1,-1
35686,[0.59958974 0.48519979],35,27,"[0.5866068271601823, 0.4386408725933068]",1,-1
35687,[0.67987592 0.62811028],35,11,"[0.7051682617613192, 0.574171671796882]",1,-1
35688,[0.66075561 0.58115398],35,11,"[0.7051682617613192, 0.574171671796882]",1,55
35689,[0.69343294 0.54265016],35,11,"[0.7051682617613192, 0.574171671796882]",1,26
35690,[0.62665663 0.543088  ],35,10,"[0.6101257152780476, 0.5394800330734051]",1,-1
35691,[0.62257313 0.59360348],35,9,"[0.5945682323783136, 0.6193254997600653]",1,-1
35692,[0.69497547 0.47264305],35,26,"[0.6734889003123068, 0.4756404454441684]",1,39
35693,[0.67292198 0.57966491],35,11,"[0.7051682617613192, 0.574171671796882]",1,-1
35694,[0.66506738 0.64160827],35,-1,-1,1,-1
35695,[0.66383343 0.59683188],35,11,"[0.7051682617613192, 0.574171671796882]",1,-1
35696,[0.62499056 0.50501173],35,10,"[0.6101257152780476, 0.5394800330734051]",1,-1
35697,[0.6214042  0.54448578],35,10,"[0.6101257152780476, 0.5394800330734051]",1,-1
35698,[0.60726156 0.60151315],35,9,"[0.5945682323783136, 0.6193254997600653]",1,63
35699,[0.59106379 0.58849139],35,9,"[0.5945682323783136, 0.6193254997600653]",1,63
35700,[0.62157888 0.5732047 ],35,10,"[0.6101257152780476, 0.5394800330734051]",1,-1
35701,[0.67959211 0.55805273],35,11,"[0.7051682617613192, 0.574171671796882]",1,-1
35702,[0.65682193 0.60030443],35,11,"[0.7051682617613192, 0.574171671796882]",1,-1
35703,[0.71144037 0.622171  ],35,11,"[0.7051682617613192, 0.574171671796882]",1,-1
35704,[0.62791883 0.58801895],35,9,"[0.5945682323783136, 0.6193254997600653]",1,-1
35705,[0.59144013 0.59003625],35,9,"[0.5945682323783136, 0.6193254997600653]",1,63
35706,[0.65877595 0.64034127],35,9,"[0.5945682323783136, 0.6193254997600653]",1,-1
35707,[0.58456971 0.55297032],35,10,"[0.6101257152780476, 0.5394800330734051]",1,-1
35708,[0.67357867 0.61850775],35,11,"[0.7051682617613192, 0.574171671796882]",1,-1
35709,[0.74379462 0.60542812],35,11,"[0.7051682617613192, 0.574171671796882]",1,-1
35710,[0.6322832  0.49799884],35,26,"[0.6734889003123068, 0.4756404454441684]",1,-1
35711,[0.72326917 0.51945761],35,11,"[0.7051682617613192, 0.574171671796882]",1,33
35712,[0.59733076 0.50889409],35,10,"[0.6101257152780476, 0.5394800330734051]",1,-1
35713,[0.64728062 0.64234469],35,9,"[0.5945682323783136, 0.6193254997600653]",1,-1
35714,[0.67010356 0.56511364],35,11,"[0.7051682617613192, 0.574171671796882]",1,-1
35715,[0.68879507 0.61237697],35,11,"[0.7051682617613192, 0.574171671796882]",1,-1
35716,[0.60207354 0.49403152],35,10,"[0.6101257152780476, 0.5394800330734051]",1,-1
35717,[0.66986772 0.53816124],35,11,"[0.7051682617613192, 0.574171671796882]",1,-1
35718,[0.687685   0.57269489],35,11,"[0.7051682617613192, 0.574171671796882]",1,-1
35719,[0.64463386 0.5547594 ],35,10,"[0.6101257152780476, 0.5394800330734051]",1,-1
35720,[0.5115225  0.49120913],35,35,"[0.491626887866141, 0.45015531396212327]",1,-1
35721,[0.64410258 0.63802948],35,9,"[0.5945682323783136, 0.6193254997600653]",1,-1
35722,[0.64359636 0.57288836],35,10,"[0.6101257152780476, 0.5394800330734051]",1,-1
35723,[0.67507992 0.52847141],35,26,"[0.6734889003123068, 0.4756404454441684]",1,-1
35724,[0.64967352 0.59494831],35,11,"[0.7051682617613192, 0.574171671796882]",1,-1
35725,[0.68004946 0.60672209],35,11,"[0.7051682617613192, 0.574171671796882]",1,-1
35726,[0.60949809 0.65372275],35,9,"[0.5945682323783136, 0.6193254997600653]",1,-1
35727,[0.62405578 0.64398859],35,9,"[0.5945682323783136, 0.6193254997600653]",1,-1
35728,[0.61237394 0.52462695],35,10,"[0.6101257152780476, 0.5394800330734051]",1,-1
35729,[0.68584551 0.55600709],35,11,"[0.7051682617613192, 0.574171671796882]",1,26
35730,[0.65082357 0.61628717],35,9,"[0.5945682323783136, 0.6193254997600653]",1,-1
35731,[0.59925055 0.55433342],35,10,"[0.6101257152780476, 0.5394800330734051]",1,64
35732,[0.60865079 0.62818035],35,9,"[0.5945682323783136, 0.6193254997600653]",1,-1
35733,[0.60665676 0.62414693],35,9,"[0.5945682323783136, 0.6193254997600653]",1,-1
35734,[0.62182528 0.67782782],35,9,"[0.5945682323783136, 0.6193254997600653]",1,-1
35735,[0.58690946 0.56300191],35,10,"[0.6101257152780476, 0.5394800330734051]",1,-1
35736,[0.71268019 0.6049413 ],35,11,"[0.7051682617613192, 0.574171671796882]",1,-1
35737,[0.516508  0.5955315],35,5,"[0.47989515498241786, 0.6212764114798471]",1,74
35738,[0.67105208 0.58336109],35,11,"[0.7051682617613192, 0.574171671796882]",1,-1
35739,[0.65459193 0.6321118 ],35,9,"[0.5945682323783136, 0.6193254997600653]",1,-1
35740,[0.58371787 0.44326263],35,27,"[0.5866068271601823, 0.4386408725933068]",1,-1
35741,[0.6246549  0.52147546],35,10,"[0.6101257152780476, 0.5394800330734051]",1,-1
35742,[0.63272194 0.68542043],35,-1,-1,1,-1
35743,[0.66505368 0.58042149],35,11,"[0.7051682617613192, 0.574171671796882]",1,55
35744,[0.66080547 0.56696509],35,11,"[0.7051682617613192, 0.574171671796882]",1,-1
35745,[0.55945361 0.6341175 ],35,9,"[0.5945682323783136, 0.6193254997600653]",1,-1
35746,[0.54344731 0.59971472],35,9,"[0.5945682323783136, 0.6193254997600653]",1,-1
35747,[0.68072638 0.62864005],35,11,"[0.7051682617613192, 0.574171671796882]",1,-1
35748,[0.64397522 0.6164424 ],35,9,"[0.5945682323783136, 0.6193254997600653]",1,-1
35749,[0.66591193 0.68733178],35,-1,-1,1,-1
35750,[0.63354421 0.60006345],35,9,"[0.5945682323783136, 0.6193254997600653]",1,-1
35751,[0.72615336 0.53625631],35,11,"[0.7051682617613192, 0.574171671796882]",1,-1
35752,[0.66886977 0.62083083],35,11,"[0.7051682617613192, 0.574171671796882]",1,-1
35753,[0.6341599  0.57311037],35,10,"[0.6101257152780476, 0.5394800330734051]",1,-1
35754,[0.68862516 0.68178288],35,-1,-1,1,-1
35755,[0.57822826 0.59727018],35,9,"[0.5945682323783136, 0.6193254997600653]",1,-1
35756,[0.71542731 0.59730842],35,11,"[0.7051682617613192, 0.574171671796882]",1,-1
35757,[0.59063564 0.54348324],35,10,"[0.6101257152780476, 0.5394800330734051]",1,-1
35758,[0.70425302 0.60282302],35,11,"[0.7051682617613192, 0.574171671796882]",1,-1
35759,[0.54174681 0.59805671],35,2,"[0.5181425386759565, 0.548951681512668]",1,66
35760,[0.69178228 0.59369402],35,11,"[0.7051682617613192, 0.574171671796882]",1,-1
35761,[0.51178854 0.57795948],35,2,"[0.5181425386759565, 0.548951681512668]",1,-1
35762,[0.63700711 0.57789979],35,10,"[0.6101257152780476, 0.5394800330734051]",1,-1
35763,[0.58809092 0.49858418],35,10,"[0.6101257152780476, 0.5394800330734051]",1,-1
35764,[0.60795128 0.61838096],35,9,"[0.5945682323783136, 0.6193254997600653]",1,-1
35765,[0.67437223 0.59367966],35,11,"[0.7051682617613192, 0.574171671796882]",1,-1
35766,[0.62718355 0.5986161 ],35,9,"[0.5945682323783136, 0.6193254997600653]",1,-1
35767,[0.64243299 0.62664569],35,9,"[0.5945682323783136, 0.6193254997600653]",1,-1
35768,[0.6432032  0.57775569],35,10,"[0.6101257152780476, 0.5394800330734051]",1,-1
35769,[0.65037897 0.53664716],35,10,"[0.6101257152780476, 0.5394800330734051]",1,-1
35770,[0.61150944 0.55608084],35,10,"[0.6101257152780476, 0.5394800330734051]",1,64
35771,[0.63852622 0.55517808],35,10,"[0.6101257152780476, 0.5394800330734051]",1,-1
35772,[0.61913856 0.66059121],35,9,"[0.5945682323783136, 0.6193254997600653]",1,-1
35773,[0.67705706 0.56041256],35,11,"[0.7051682617613192, 0.574171671796882]",1,-1
35774,[0.65755628 0.50344597],35,26,"[0.6734889003123068, 0.4756404454441684]",1,-1
35775,[0.62049971 0.55452977],35,10,"[0.6101257152780476, 0.5394800330734051]",1,-1
35776,[0.66574212 0.51218511],35,26,"[0.6734889003123068, 0.4756404454441684]",1,-1
35777,[0.70530234 0.60479718],35,11,"[0.7051682617613192, 0.574171671796882]",1,-1
35778,[0.6269846 0.6288478],35,9,"[0.5945682323783136, 0.6193254997600653]",1,-1
35779,[0.56500179 0.57054725],35,2,"[0.5181425386759565, 0.548951681512668]",1,-1
35780,[0.67499728 0.55421894],35,11,"[0.7051682617613192, 0.574171671796882]",1,26
35781,[0.72084348 0.52959808],35,11,"[0.7051682617613192, 0.574171671796882]",1,33
35782,[0.67757015 0.57808388],35,11,"[0.7051682617613192, 0.574171671796882]",1,-1
35783,[0.55322517 0.62573105],35,9,"[0.5945682323783136, 0.6193254997600653]",1,-1
35784,[0.64149181 0.55757542],35,10,"[0.6101257152780476, 0.5394800330734051]",1,-1
35785,[0.64543966 0.5583848 ],35,10,"[0.6101257152780476, 0.5394800330734051]",1,-1
35786,[0.61975944 0.52846908],35,10,"[0.6101257152780476, 0.5394800330734051]",1,-1
35787,[0.6985127  0.54108834],35,11,"[0.7051682617613192, 0.574171671796882]",1,26
35788,[0.62966614 0.61976423],35,9,"[0.5945682323783136, 0.6193254997600653]",1,-1
35789,[0.65377259 0.5048933 ],35,26,"[0.6734889003123068, 0.4756404454441684]",1,-1
35790,[0.76820558 0.41317242],35,42,"[0.765559566045806, 0.37716611859716387]",1,-1
35791,[0.67501338 0.61744378],35,11,"[0.7051682617613192, 0.574171671796882]",1,-1
35792,[0.66092449 0.56297519],35,11,"[0.7051682617613192, 0.574171671796882]",1,-1
35793,[0.63745756 0.55118389],35,10,"[0.6101257152780476, 0.5394800330734051]",1,-1
35794,[0.54197712 0.6238568 ],35,9,"[0.5945682323783136, 0.6193254997600653]",1,-1
35795,[0.60450205 0.54959761],35,10,"[0.6101257152780476, 0.5394800330734051]",1,-1
35796,[0.62959186 0.63790517],35,9,"[0.5945682323783136, 0.6193254997600653]",1,-1
35797,[0.55990782 0.52162562],35,2,"[0.5181425386759565, 0.548951681512668]",1,-1
35798,[0.74659828 0.60490222],35,11,"[0.7051682617613192, 0.574171671796882]",1,-1
35799,[0.63299921 0.60959357],35,9,"[0.5945682323783136, 0.6193254997600653]",1,-1
35800,[0.63363442 0.59329036],35,9,"[0.5945682323783136, 0.6193254997600653]",1,-1
35801,[0.59235195 0.56063636],35,10,"[0.6101257152780476, 0.5394800330734051]",1,-1
35802,[0.69899855 0.52334566],35,11,"[0.7051682617613192, 0.574171671796882]",1,-1
35803,[0.64856785 0.5347481 ],35,10,"[0.6101257152780476, 0.5394800330734051]",1,-1
35804,[0.60324248 0.60603822],35,9,"[0.5945682323783136, 0.6193254997600653]",1,-1
35805,[0.69674489 0.62731636],35,11,"[0.7051682617613192, 0.574171671796882]",1,-1
35806,[0.66240611 0.6457328 ],35,-1,-1,1,-1
35807,[0.5543489  0.55784007],35,2,"[0.5181425386759565, 0.548951681512668]",1,-1
35808,[0.58023374 0.57543939],35,9,"[0.5945682323783136, 0.6193254997600653]",1,69
35809,[0.67556075 0.56046871],35,11,"[0.7051682617613192, 0.574171671796882]",1,-1
35810,[0.68279821 0.48148563],35,26,"[0.6734889003123068, 0.4756404454441684]",1,39
35811,[0.61775912 0.62467739],35,9,"[0.5945682323783136, 0.6193254997600653]",1,-1
35812,[0.64154374 0.6581647 ],35,9,"[0.5945682323783136, 0.6193254997600653]",1,-1
35813,[0.62260998 0.61639352],35,9,"[0.5945682323783136, 0.6193254997600653]",1,-1
35814,[0.63670201 0.59608943],35,9,"[0.5945682323783136, 0.6193254997600653]",1,-1
35815,[0.64823311 0.54985855],35,10,"[0.6101257152780476, 0.5394800330734051]",1,-1
35816,[0.58790998 0.58560205],35,9,"[0.5945682323783136, 0.6193254997600653]",1,63
35817,[0.61921605 0.51947632],35,10,"[0.6101257152780476, 0.5394800330734051]",1,-1
35818,[0.75667795 0.67296307],35,-1,-1,1,-1
35819,[0.70419254 0.61391444],35,11,"[0.7051682617613192, 0.574171671796882]",1,-1
35820,[0.61480526 0.55277598],35,10,"[0.6101257152780476, 0.5394800330734051]",1,-1
35821,[0.59476672 0.54605702],35,10,"[0.6101257152780476, 0.5394800330734051]",1,64
35822,[0.7297269 0.6800395],35,-1,-1,1,-1
35823,[0.68804596 0.57260622],35,11,"[0.7051682617613192, 0.574171671796882]",1,-1
35824,[0.66612667 0.66076494],35,-1,-1,1,-1
35825,[0.59872292 0.48423533],35,27,"[0.5866068271601823, 0.4386408725933068]",1,-1
35826,[0.70384208 0.58001828],35,11,"[0.7051682617613192, 0.574171671796882]",1,-1
35827,[0.57263038 0.62309096],35,9,"[0.5945682323783136, 0.6193254997600653]",1,-1
35828,[0.62260008 0.64270982],35,9,"[0.5945682323783136, 0.6193254997600653]",1,-1
35829,[0.66816335 0.58888846],35,11,"[0.7051682617613192, 0.574171671796882]",1,-1
35830,[0.65078653 0.57266872],35,10,"[0.6101257152780476, 0.5394800330734051]",1,-1
35831,[0.58768261 0.57109   ],35,10,"[0.6101257152780476, 0.5394800330734051]",1,-1
35832,[0.57149181 0.56372498],35,10,"[0.6101257152780476, 0.5394800330734051]",1,-1
35833,[0.71700422 0.5295416 ],35,11,"[0.7051682617613192, 0.574171671796882]",1,33
35834,[0.72441304 0.52789003],35,11,"[0.7051682617613192, 0.574171671796882]",1,-1
35835,[0.65134573 0.60871349],35,9,"[0.5945682323783136, 0.6193254997600653]",1,-1
35836,[0.5621095  0.50064002],35,10,"[0.6101257152780476, 0.5394800330734051]",1,-1
35837,[0.62514192 0.57893747],35,10,"[0.6101257152780476, 0.5394800330734051]",1,-1
35838,[0.64841741 0.56827937],35,10,"[0.6101257152780476, 0.5394800330734051]",1,-1
35839,[0.54806491 0.57664448],35,2,"[0.5181425386759565, 0.548951681512668]",1,-1
35840,[0.65487969 0.61317331],35,9,"[0.5945682323783136, 0.6193254997600653]",1,-1
35841,[0.65628422 0.5529151 ],35,10,"[0.6101257152780476, 0.5394800330734051]",1,-1
35842,[0.74207762 0.62888559],35,11,"[0.7051682617613192, 0.574171671796882]",1,-1
35843,[0.68446028 0.56472353],35,11,"[0.7051682617613192, 0.574171671796882]",1,-1
35844,[0.73368625 0.56936467],35,11,"[0.7051682617613192, 0.574171671796882]",1,-1
35845,[0.6808228 0.6234917],35,11,"[0.7051682617613192, 0.574171671796882]",1,-1
35846,[0.69331639 0.57464475],35,11,"[0.7051682617613192, 0.574171671796882]",1,-1
35847,[0.51311489 0.51069829],35,2,"[0.5181425386759565, 0.548951681512668]",1,-1
35848,[0.55601593 0.6544654 ],35,41,"[0.5613949929729852, 0.701115936473092]",1,-1
35849,[0.48255432 0.57658054],35,5,"[0.47989515498241786, 0.6212764114798471]",1,70
35850,[0.57047899 0.48328433],35,27,"[0.5866068271601823, 0.4386408725933068]",1,-1
35851,[0.61880384 0.55139955],35,10,"[0.6101257152780476, 0.5394800330734051]",1,-1
35852,[0.57223448 0.56750449],35,10,"[0.6101257152780476, 0.5394800330734051]",1,69
35853,[0.57552989 0.53803239],35,10,"[0.6101257152780476, 0.5394800330734051]",1,-1
35854,[0.58820356 0.47800904],35,27,"[0.5866068271601823, 0.4386408725933068]",1,-1
35855,[0.61745708 0.45464636],35,27,"[0.5866068271601823, 0.4386408725933068]",1,-1
35856,[0.5924057  0.57360479],35,10,"[0.6101257152780476, 0.5394800330734051]",1,-1
35857,[0.68872548 0.53704671],35,11,"[0.7051682617613192, 0.574171671796882]",1,-1
35858,[0.69002906 0.60614469],35,11,"[0.7051682617613192, 0.574171671796882]",1,-1
35859,[0.70393784 0.50079547],35,26,"[0.6734889003123068, 0.4756404454441684]",1,-1
35860,[0.68619382 0.49799493],35,26,"[0.6734889003123068, 0.4756404454441684]",1,-1
35861,[0.5439575 0.5240924],35,2,"[0.5181425386759565, 0.548951681512668]",1,-1
35862,[0.75122779 0.62262683],35,11,"[0.7051682617613192, 0.574171671796882]",1,-1
35863,[0.64109089 0.63286451],35,9,"[0.5945682323783136, 0.6193254997600653]",1,-1
35864,[0.75937381 0.56415956],35,11,"[0.7051682617613192, 0.574171671796882]",1,20
35865,[0.68586949 0.57902089],35,11,"[0.7051682617613192, 0.574171671796882]",1,-1
35866,[0.62281054 0.63473317],35,9,"[0.5945682323783136, 0.6193254997600653]",1,-1
35867,[0.63347924 0.60079768],35,9,"[0.5945682323783136, 0.6193254997600653]",1,-1
35868,[0.68175114 0.51404434],35,26,"[0.6734889003123068, 0.4756404454441684]",1,-1
35869,[0.63608882 0.62731397],35,9,"[0.5945682323783136, 0.6193254997600653]",1,-1
35870,[0.6327287  0.54089294],35,10,"[0.6101257152780476, 0.5394800330734051]",1,-1
35871,[0.65105769 0.5326928 ],35,10,"[0.6101257152780476, 0.5394800330734051]",1,-1
35872,[0.69064697 0.51289069],35,26,"[0.6734889003123068, 0.4756404454441684]",1,-1
35873,[0.6495957  0.56582779],35,10,"[0.6101257152780476, 0.5394800330734051]",1,-1
35874,[0.70102318 0.54377338],35,11,"[0.7051682617613192, 0.574171671796882]",1,-1
35875,[0.67290081 0.5275166 ],35,26,"[0.6734889003123068, 0.4756404454441684]",1,-1
35876,[0.6403856  0.58695346],35,9,"[0.5945682323783136, 0.6193254997600653]",1,-1
35877,[0.5534358  0.57753165],35,2,"[0.5181425386759565, 0.548951681512668]",1,69
35878,[0.57512348 0.5409879 ],35,10,"[0.6101257152780476, 0.5394800330734051]",1,-1
35879,[0.61648664 0.54009157],35,10,"[0.6101257152780476, 0.5394800330734051]",1,-1
35880,[0.61349569 0.57597409],35,10,"[0.6101257152780476, 0.5394800330734051]",1,-1
35881,[0.62099243 0.56574771],35,10,"[0.6101257152780476, 0.5394800330734051]",1,-1
35882,[0.6520804  0.51684791],35,26,"[0.6734889003123068, 0.4756404454441684]",1,-1
35883,[0.68350234 0.54375901],35,11,"[0.7051682617613192, 0.574171671796882]",1,26
35884,[0.6546098  0.62370329],35,9,"[0.5945682323783136, 0.6193254997600653]",1,-1
35885,[0.75087643 0.61679845],35,11,"[0.7051682617613192, 0.574171671796882]",1,-1
35886,[0.65498626 0.64090718],35,9,"[0.5945682323783136, 0.6193254997600653]",1,-1
35887,[0.61235791 0.57469779],35,10,"[0.6101257152780476, 0.5394800330734051]",1,-1
35888,[0.68481985 0.57341   ],35,11,"[0.7051682617613192, 0.574171671796882]",1,-1
35889,[0.57478489 0.54984437],35,10,"[0.6101257152780476, 0.5394800330734051]",1,69
35890,[0.53747668 0.53474372],35,2,"[0.5181425386759565, 0.548951681512668]",1,-1
35891,[0.63990321 0.55247611],35,10,"[0.6101257152780476, 0.5394800330734051]",1,-1
35892,[0.57425662 0.53545505],35,10,"[0.6101257152780476, 0.5394800330734051]",1,-1
35893,[0.60883201 0.51798598],35,10,"[0.6101257152780476, 0.5394800330734051]",1,-1
35894,[0.54374974 0.6342301 ],35,9,"[0.5945682323783136, 0.6193254997600653]",1,-1
35895,[0.80744554 0.54875818],35,3,"[0.8068810957052946, 0.5180547120844742]",1,-1
35896,[0.61861447 0.59547777],35,9,"[0.5945682323783136, 0.6193254997600653]",1,-1
35897,[0.67144188 0.54472949],35,11,"[0.7051682617613192, 0.574171671796882]",1,-1
35898,[0.66322617 0.51438818],35,26,"[0.6734889003123068, 0.4756404454441684]",1,-1
35899,[0.70878725 0.55743581],35,11,"[0.7051682617613192, 0.574171671796882]",1,-1
35900,[0.54321824 0.59994682],35,9,"[0.5945682323783136, 0.6193254997600653]",1,66
35901,[0.60463674 0.58584365],35,9,"[0.5945682323783136, 0.6193254997600653]",1,63
35902,[0.5717709  0.51233133],35,10,"[0.6101257152780476, 0.5394800330734051]",1,-1
35903,[0.53763679 0.58201294],35,2,"[0.5181425386759565, 0.548951681512668]",1,-1
35904,[0.70933558 0.58955495],35,11,"[0.7051682617613192, 0.574171671796882]",1,-1
35905,[0.71451434 0.67175765],35,-1,-1,1,-1
35906,[0.64671915 0.52759218],35,10,"[0.6101257152780476, 0.5394800330734051]",1,-1
35907,[0.56466745 0.52596558],35,10,"[0.6101257152780476, 0.5394800330734051]",1,-1
35908,[0.65533677 0.59802085],35,11,"[0.7051682617613192, 0.574171671796882]",1,-1
35909,[0.76231426 0.52020795],35,3,"[0.8068810957052946, 0.5180547120844742]",1,-1
35910,[0.63810458 0.54355804],35,10,"[0.6101257152780476, 0.5394800330734051]",1,-1
35911,[0.65313706 0.56863608],35,10,"[0.6101257152780476, 0.5394800330734051]",1,-1
35912,[0.71597932 0.62282932],35,11,"[0.7051682617613192, 0.574171671796882]",1,-1
35913,[0.66438152 0.56448751],35,11,"[0.7051682617613192, 0.574171671796882]",1,-1
35914,[0.58312637 0.47917104],35,27,"[0.5866068271601823, 0.4386408725933068]",1,-1
35915,[0.68987312 0.54303538],35,11,"[0.7051682617613192, 0.574171671796882]",1,26
35916,[0.63614579 0.58477926],35,10,"[0.6101257152780476, 0.5394800330734051]",1,-1
35917,[0.67886292 0.57901827],35,11,"[0.7051682617613192, 0.574171671796882]",1,-1
35918,[0.65343905 0.55878594],35,10,"[0.6101257152780476, 0.5394800330734051]",1,-1
35919,[0.64813219 0.52627465],35,10,"[0.6101257152780476, 0.5394800330734051]",1,-1
35920,[0.61582725 0.61703332],35,9,"[0.5945682323783136, 0.6193254997600653]",1,-1
35921,[0.68536939 0.52276122],35,26,"[0.6734889003123068, 0.4756404454441684]",1,-1
35922,[0.6367443  0.61890494],35,9,"[0.5945682323783136, 0.6193254997600653]",1,-1
35923,[0.66642253 0.63919354],35,-1,-1,1,-1
35924,[0.62477266 0.45575099],35,27,"[0.5866068271601823, 0.4386408725933068]",1,-1
35925,[0.71838359 0.58569271],35,11,"[0.7051682617613192, 0.574171671796882]",1,-1
35926,[0.6644449  0.58339703],35,11,"[0.7051682617613192, 0.574171671796882]",1,55
35927,[0.57285673 0.59282284],35,9,"[0.5945682323783136, 0.6193254997600653]",1,68
35928,[0.61359789 0.54092799],35,10,"[0.6101257152780476, 0.5394800330734051]",1,-1
35929,[0.63665078 0.50253356],35,10,"[0.6101257152780476, 0.5394800330734051]",1,-1
35930,[0.66000104 0.59674473],35,11,"[0.7051682617613192, 0.574171671796882]",1,-1
35931,[0.68435477 0.62463671],35,11,"[0.7051682617613192, 0.574171671796882]",1,-1
35932,[0.69556812 0.58998344],35,11,"[0.7051682617613192, 0.574171671796882]",1,-1
35933,[0.71308822 0.47163161],35,26,"[0.6734889003123068, 0.4756404454441684]",1,52
35934,[0.64617505 0.49071668],35,26,"[0.6734889003123068, 0.4756404454441684]",1,-1
35935,[0.65993518 0.58293035],35,11,"[0.7051682617613192, 0.574171671796882]",1,55
35936,[0.57523114 0.59751103],35,9,"[0.5945682323783136, 0.6193254997600653]",1,68
35937,[0.65005365 0.60672869],35,9,"[0.5945682323783136, 0.6193254997600653]",1,-1
35938,[0.57228263 0.55405195],35,10,"[0.6101257152780476, 0.5394800330734051]",1,69
35939,[0.68977751 0.58090933],35,11,"[0.7051682617613192, 0.574171671796882]",1,-1
35940,[0.60841951 0.56246251],35,10,"[0.6101257152780476, 0.5394800330734051]",1,64
35941,[0.72322798 0.44929461],35,32,"[0.7535856051996079, 0.45307884495298306]",1,-1
35942,[0.67011581 0.62758471],35,11,"[0.7051682617613192, 0.574171671796882]",1,-1
35943,[0.72193081 0.54137972],35,11,"[0.7051682617613192, 0.574171671796882]",1,-1
35944,[0.70484982 0.63125569],35,11,"[0.7051682617613192, 0.574171671796882]",1,-1
35945,[0.65927852 0.52952981],35,10,"[0.6101257152780476, 0.5394800330734051]",1,-1
35946,[0.57256216 0.52138486],35,10,"[0.6101257152780476, 0.5394800330734051]",1,-1
35947,[0.59696779 0.5323253 ],35,10,"[0.6101257152780476, 0.5394800330734051]",1,-1
35948,[0.68118463 0.5303487 ],35,11,"[0.7051682617613192, 0.574171671796882]",1,-1
35949,[0.71031393 0.53548448],35,11,"[0.7051682617613192, 0.574171671796882]",1,-1
35950,[0.63067399 0.58255725],35,10,"[0.6101257152780476, 0.5394800330734051]",1,-1
35951,[0.61009958 0.56508145],35,10,"[0.6101257152780476, 0.5394800330734051]",1,-1
35952,[0.59664842 0.61844381],35,9,"[0.5945682323783136, 0.6193254997600653]",1,-1
35953,[0.68061561 0.59577769],35,11,"[0.7051682617613192, 0.574171671796882]",1,-1
35954,[0.59504511 0.50841736],35,10,"[0.6101257152780476, 0.5394800330734051]",1,-1
35955,[0.67697203 0.61255246],35,11,"[0.7051682617613192, 0.574171671796882]",1,-1
35956,[0.73226884 0.57821194],35,11,"[0.7051682617613192, 0.574171671796882]",1,-1
35957,[0.65364334 0.52130556],35,10,"[0.6101257152780476, 0.5394800330734051]",1,-1
35958,[0.58148474 0.57498631],35,10,"[0.6101257152780476, 0.5394800330734051]",1,69
35959,[0.71846907 0.61288942],35,11,"[0.7051682617613192, 0.574171671796882]",1,-1
35960,[0.64551381 0.56080759],35,10,"[0.6101257152780476, 0.5394800330734051]",1,-1
35961,[0.57968576 0.59481268],35,9,"[0.5945682323783136, 0.6193254997600653]",1,-1
35962,[0.7035923  0.60326798],35,11,"[0.7051682617613192, 0.574171671796882]",1,-1
35963,[0.66108042 0.50081249],35,26,"[0.6734889003123068, 0.4756404454441684]",1,-1
35964,[0.64306561 0.63392473],35,9,"[0.5945682323783136, 0.6193254997600653]",1,-1
35965,[0.60217607 0.52367158],35,10,"[0.6101257152780476, 0.5394800330734051]",1,-1
35966,[0.61937634 0.57305832],35,10,"[0.6101257152780476, 0.5394800330734051]",1,-1
35967,[0.68689367 0.58816601],35,11,"[0.7051682617613192, 0.574171671796882]",1,-1
35968,[0.59043491 0.509388  ],35,10,"[0.6101257152780476, 0.5394800330734051]",1,-1
35969,[0.63974756 0.59517868],35,9,"[0.5945682323783136, 0.6193254997600653]",1,-1
35970,[0.63776837 0.61121332],35,9,"[0.5945682323783136, 0.6193254997600653]",1,-1
35971,[0.69105742 0.54526166],35,11,"[0.7051682617613192, 0.574171671796882]",1,26
35972,[0.70822908 0.57065807],35,11,"[0.7051682617613192, 0.574171671796882]",1,-1
35973,[0.68079792 0.62683075],35,11,"[0.7051682617613192, 0.574171671796882]",1,-1
35974,[0.67467432 0.63147506],35,11,"[0.7051682617613192, 0.574171671796882]",1,-1
35975,[0.59486364 0.62367599],35,9,"[0.5945682323783136, 0.6193254997600653]",1,-1
35976,[0.693707   0.60914077],35,11,"[0.7051682617613192, 0.574171671796882]",1,-1
35977,[0.72493395 0.47888374],35,32,"[0.7535856051996079, 0.45307884495298306]",1,-1
35978,[0.57113738 0.54884901],35,10,"[0.6101257152780476, 0.5394800330734051]",1,69
35979,[0.66831223 0.57948889],35,11,"[0.7051682617613192, 0.574171671796882]",1,55
35980,[0.66158894 0.629484  ],35,9,"[0.5945682323783136, 0.6193254997600653]",1,-1
35981,[0.64546258 0.63923201],35,9,"[0.5945682323783136, 0.6193254997600653]",1,-1
35982,[0.56599626 0.52860498],35,10,"[0.6101257152780476, 0.5394800330734051]",1,-1
35983,[0.69669558 0.61325579],35,11,"[0.7051682617613192, 0.574171671796882]",1,-1
35984,[0.70179297 0.53441695],35,11,"[0.7051682617613192, 0.574171671796882]",1,-1
35985,[0.71939315 0.57590819],35,11,"[0.7051682617613192, 0.574171671796882]",1,-1
35986,[0.64323538 0.66721485],35,9,"[0.5945682323783136, 0.6193254997600653]",1,-1
35987,[0.7033141  0.59565056],35,11,"[0.7051682617613192, 0.574171671796882]",1,-1
35988,[0.60480073 0.64702497],35,9,"[0.5945682323783136, 0.6193254997600653]",1,-1
35989,[0.59343805 0.52019762],35,10,"[0.6101257152780476, 0.5394800330734051]",1,-1
35990,[0.54549914 0.54097027],35,2,"[0.5181425386759565, 0.548951681512668]",1,-1
35991,[0.64147922 0.54738662],35,10,"[0.6101257152780476, 0.5394800330734051]",1,-1
35992,[0.6315011  0.59663423],35,9,"[0.5945682323783136, 0.6193254997600653]",1,-1
35993,[0.63092185 0.52647558],35,10,"[0.6101257152780476, 0.5394800330734051]",1,-1
35994,[0.66627876 0.54632843],35,11,"[0.7051682617613192, 0.574171671796882]",1,-1
35995,[0.65965625 0.56676051],35,11,"[0.7051682617613192, 0.574171671796882]",1,-1
35996,[0.68338471 0.49925542],35,26,"[0.6734889003123068, 0.4756404454441684]",1,-1
35997,[0.67789476 0.64585727],35,-1,-1,1,-1
35998,[0.64807017 0.49282698],35,26,"[0.6734889003123068, 0.4756404454441684]",1,-1
35999,[0.67634648 0.59464317],35,11,"[0.7051682617613192, 0.574171671796882]",1,-1
36000,[0.79724337 0.2277994 ],36,36,"[0.8010613954248607, 0.1951077488579437]",1,-1
36001,[0.79875029 0.28923426],36,-1,-1,1,-1
36002,[0.70807023 0.23052268],36,-1,-1,1,-1
36003,[0.8331916  0.23364814],36,36,"[0.8010613954248607, 0.1951077488579437]",1,-1
36004,[0.78231285 0.28525212],36,29,"[0.7250576817720672, 0.30126581813471415]",1,-1
36005,[0.76023561 0.25997713],36,29,"[0.7250576817720672, 0.30126581813471415]",1,-1
36006,[0.7910906  0.28050171],36,29,"[0.7250576817720672, 0.30126581813471415]",1,-1
36007,[0.72564451 0.25373488],36,29,"[0.7250576817720672, 0.30126581813471415]",1,-1
36008,[0.74813015 0.16941106],36,36,"[0.8010613954248607, 0.1951077488579437]",1,-1
36009,[0.72741165 0.20059148],36,-1,-1,1,-1
36010,[0.75699701 0.17628152],36,36,"[0.8010613954248607, 0.1951077488579437]",1,-1
36011,[0.74853103 0.15318658],36,36,"[0.8010613954248607, 0.1951077488579437]",1,-1
36012,[0.82474297 0.22522884],36,36,"[0.8010613954248607, 0.1951077488579437]",1,-1
36013,[0.73260196 0.14434555],36,-1,-1,1,-1
36014,[0.77199107 0.24539736],36,36,"[0.8010613954248607, 0.1951077488579437]",1,0
36015,[0.8399229  0.30496673],36,-1,-1,1,-1
36016,[0.81066274 0.29730466],36,-1,-1,1,-1
36017,[0.74097345 0.18912228],36,36,"[0.8010613954248607, 0.1951077488579437]",1,-1
36018,[0.74637234 0.22972209],36,36,"[0.8010613954248607, 0.1951077488579437]",1,0
36019,[0.75829108 0.12793543],36,-1,-1,1,-1
36020,[0.88207562 0.27742072],36,-1,-1,1,-1
36021,[0.70892306 0.2306469 ],36,-1,-1,1,-1
36022,[0.76985312 0.26688626],36,29,"[0.7250576817720672, 0.30126581813471415]",1,-1
36023,[0.8689275  0.18582669],36,36,"[0.8010613954248607, 0.1951077488579437]",1,-1
36024,[0.84455269 0.24516661],36,36,"[0.8010613954248607, 0.1951077488579437]",1,-1
36025,[0.7850876  0.27907363],36,29,"[0.7250576817720672, 0.30126581813471415]",1,-1
36026,[0.74723632 0.19638061],36,36,"[0.8010613954248607, 0.1951077488579437]",1,-1
36027,[0.80370484 0.21625293],36,36,"[0.8010613954248607, 0.1951077488579437]",1,1
36028,[0.84247151 0.24906643],36,36,"[0.8010613954248607, 0.1951077488579437]",1,-1
36029,[0.74695763 0.2195584 ],36,36,"[0.8010613954248607, 0.1951077488579437]",1,-1
36030,[0.80911343 0.19688363],36,36,"[0.8010613954248607, 0.1951077488579437]",1,1
36031,[0.78893495 0.29151416],36,29,"[0.7250576817720672, 0.30126581813471415]",1,-1
36032,[0.79160593 0.20332968],36,36,"[0.8010613954248607, 0.1951077488579437]",1,1
36033,[0.81718996 0.20530279],36,36,"[0.8010613954248607, 0.1951077488579437]",1,1
36034,[0.79235831 0.21663905],36,36,"[0.8010613954248607, 0.1951077488579437]",1,1
36035,[0.88089961 0.24250931],36,-1,-1,1,-1
36036,[0.74980755 0.22936612],36,36,"[0.8010613954248607, 0.1951077488579437]",1,0
36037,[0.76098341 0.20191173],36,36,"[0.8010613954248607, 0.1951077488579437]",1,-1
36038,[0.85841287 0.17496201],36,36,"[0.8010613954248607, 0.1951077488579437]",1,-1
36039,[0.68453694 0.20136043],36,-1,-1,1,-1
36040,[0.85377034 0.21345426],36,36,"[0.8010613954248607, 0.1951077488579437]",1,-1
36041,[0.79808593 0.15381205],36,36,"[0.8010613954248607, 0.1951077488579437]",1,-1
36042,[0.87816275 0.19137512],36,-1,-1,1,-1
36043,[0.80753344 0.34157761],36,42,"[0.765559566045806, 0.37716611859716387]",1,-1
36044,[0.8159404  0.29013773],36,-1,-1,1,-1
36045,[0.82061656 0.21450856],36,36,"[0.8010613954248607, 0.1951077488579437]",1,1
36046,[0.74562867 0.20940636],36,36,"[0.8010613954248607, 0.1951077488579437]",1,-1
36047,[0.79059515 0.18274193],36,36,"[0.8010613954248607, 0.1951077488579437]",1,-1
36048,[0.76788949 0.19196505],36,36,"[0.8010613954248607, 0.1951077488579437]",1,-1
36049,[0.84562407 0.19515173],36,36,"[0.8010613954248607, 0.1951077488579437]",1,-1
36050,[0.85382204 0.21325689],36,36,"[0.8010613954248607, 0.1951077488579437]",1,-1
36051,[0.78403926 0.18547558],36,36,"[0.8010613954248607, 0.1951077488579437]",1,-1
36052,[0.80998269 0.23098345],36,36,"[0.8010613954248607, 0.1951077488579437]",1,-1
36053,[0.62296583 0.18252663],36,-1,-1,-1,-1
36054,[0.71372043 0.26214719],36,29,"[0.7250576817720672, 0.30126581813471415]",1,-1
36055,[0.73718076 0.29257116],36,29,"[0.7250576817720672, 0.30126581813471415]",1,-1
36056,[0.73601481 0.19412694],36,36,"[0.8010613954248607, 0.1951077488579437]",1,-1
36057,[0.66067468 0.20462043],36,-1,-1,-1,-1
36058,[0.89017254 0.24383647],36,-1,-1,1,-1
36059,[0.8866252 0.1314266],36,-1,-1,-1,-1
36060,[0.78685959 0.20467052],36,36,"[0.8010613954248607, 0.1951077488579437]",1,1
36061,[0.7927179  0.19230028],36,36,"[0.8010613954248607, 0.1951077488579437]",1,1
36062,[0.79620823 0.20297475],36,36,"[0.8010613954248607, 0.1951077488579437]",1,1
36063,[0.71635458 0.22696767],36,-1,-1,1,-1
36064,[0.7373226  0.30515577],36,29,"[0.7250576817720672, 0.30126581813471415]",1,-1
36065,[0.73601712 0.30344444],36,29,"[0.7250576817720672, 0.30126581813471415]",1,-1
36066,[0.69230365 0.26168791],36,29,"[0.7250576817720672, 0.30126581813471415]",1,-1
36067,[0.89212156 0.33787145],36,-1,-1,1,-1
36068,[0.81609188 0.27012381],36,-1,-1,1,-1
36069,[0.84141254 0.12164978],36,-1,-1,1,-1
36070,[0.76832425 0.15420854],36,36,"[0.8010613954248607, 0.1951077488579437]",1,-1
36071,[0.79392984 0.28995145],36,29,"[0.7250576817720672, 0.30126581813471415]",1,-1
36072,[0.78847921 0.22217607],36,36,"[0.8010613954248607, 0.1951077488579437]",1,1
36073,[0.78689089 0.23551578],36,36,"[0.8010613954248607, 0.1951077488579437]",1,-1
36074,[0.76100964 0.23936868],36,36,"[0.8010613954248607, 0.1951077488579437]",1,0
36075,[0.80628432 0.20270775],36,36,"[0.8010613954248607, 0.1951077488579437]",1,1
36076,[0.79767551 0.22465991],36,36,"[0.8010613954248607, 0.1951077488579437]",1,1
36077,[0.8223235  0.20616571],36,36,"[0.8010613954248607, 0.1951077488579437]",1,1
36078,[0.81770934 0.21631824],36,36,"[0.8010613954248607, 0.1951077488579437]",1,1
36079,[0.71796045 0.25952414],36,29,"[0.7250576817720672, 0.30126581813471415]",1,-1
36080,[0.80871953 0.23964078],36,36,"[0.8010613954248607, 0.1951077488579437]",1,-1
36081,[0.77555427 0.20605874],36,36,"[0.8010613954248607, 0.1951077488579437]",1,1
36082,[0.80933692 0.22273292],36,36,"[0.8010613954248607, 0.1951077488579437]",1,-1
36083,[0.77665968 0.25775416],36,36,"[0.8010613954248607, 0.1951077488579437]",1,0
36084,[0.85604358 0.24378556],36,-1,-1,1,-1
36085,[0.8103806  0.20720619],36,36,"[0.8010613954248607, 0.1951077488579437]",1,1
36086,[0.85405783 0.15006827],36,36,"[0.8010613954248607, 0.1951077488579437]",1,-1
36087,[0.80367945 0.16076026],36,36,"[0.8010613954248607, 0.1951077488579437]",1,-1
36088,[0.79353993 0.26606916],36,-1,-1,1,-1
36089,[0.8130972  0.21799497],36,36,"[0.8010613954248607, 0.1951077488579437]",1,1
36090,[0.83862688 0.18860861],36,36,"[0.8010613954248607, 0.1951077488579437]",1,-1
36091,[0.82006005 0.2190124 ],36,36,"[0.8010613954248607, 0.1951077488579437]",1,1
36092,[0.85515145 0.2614342 ],36,-1,-1,1,-1
36093,[0.77198795 0.22591285],36,36,"[0.8010613954248607, 0.1951077488579437]",1,-1
36094,[0.73783191 0.2665212 ],36,29,"[0.7250576817720672, 0.30126581813471415]",1,-1
36095,[0.84391334 0.14143311],36,36,"[0.8010613954248607, 0.1951077488579437]",1,-1
36096,[0.71983371 0.21404761],36,-1,-1,1,-1
36097,[0.7814112  0.14600965],36,36,"[0.8010613954248607, 0.1951077488579437]",1,-1
36098,[0.74513905 0.23053242],36,36,"[0.8010613954248607, 0.1951077488579437]",1,-1
36099,[0.76604173 0.27514426],36,29,"[0.7250576817720672, 0.30126581813471415]",1,-1
36100,[0.80383492 0.26401137],36,36,"[0.8010613954248607, 0.1951077488579437]",1,-1
36101,[0.78379166 0.26252504],36,36,"[0.8010613954248607, 0.1951077488579437]",1,-1
36102,[0.78660477 0.204314  ],36,36,"[0.8010613954248607, 0.1951077488579437]",1,-1
36103,[0.80978836 0.18645684],36,36,"[0.8010613954248607, 0.1951077488579437]",1,-1
36104,[0.80267483 0.15260274],36,36,"[0.8010613954248607, 0.1951077488579437]",1,-1
36105,[0.71201574 0.1793537 ],36,-1,-1,1,-1
36106,[0.78673364 0.2538867 ],36,36,"[0.8010613954248607, 0.1951077488579437]",1,0
36107,[0.69637046 0.23960295],36,29,"[0.7250576817720672, 0.30126581813471415]",1,-1
36108,[0.86270992 0.13816675],36,-1,-1,1,-1
36109,[0.79078778 0.29678614],36,29,"[0.7250576817720672, 0.30126581813471415]",1,-1
36110,[0.8434049 0.2701978],36,-1,-1,1,-1
36111,[0.79805516 0.22338634],36,36,"[0.8010613954248607, 0.1951077488579437]",1,1
36112,[0.7517921  0.27935425],36,29,"[0.7250576817720672, 0.30126581813471415]",1,-1
36113,[0.8378918  0.20723402],36,36,"[0.8010613954248607, 0.1951077488579437]",1,-1
36114,[0.82871289 0.32091623],36,-1,-1,1,-1
36115,[0.82616627 0.21881152],36,36,"[0.8010613954248607, 0.1951077488579437]",1,-1
36116,[0.75617179 0.16361648],36,36,"[0.8010613954248607, 0.1951077488579437]",1,-1
36117,[0.73391883 0.19650179],36,36,"[0.8010613954248607, 0.1951077488579437]",1,-1
36118,[0.80473974 0.24918116],36,36,"[0.8010613954248607, 0.1951077488579437]",1,-1
36119,[0.8551242  0.24608504],36,-1,-1,1,-1
36120,[0.71276404 0.25036463],36,29,"[0.7250576817720672, 0.30126581813471415]",1,-1
36121,[0.80802889 0.31022865],36,-1,-1,1,-1
36122,[0.75337713 0.22965754],36,36,"[0.8010613954248607, 0.1951077488579437]",1,-1
36123,[0.68416413 0.33380043],36,29,"[0.7250576817720672, 0.30126581813471415]",1,-1
36124,[0.81608055 0.19465462],36,36,"[0.8010613954248607, 0.1951077488579437]",1,-1
36125,[0.78583571 0.20021848],36,36,"[0.8010613954248607, 0.1951077488579437]",1,1
36126,[0.77910523 0.20835756],36,36,"[0.8010613954248607, 0.1951077488579437]",1,1
36127,[0.7037501  0.16456639],36,-1,-1,1,-1
36128,[0.75260856 0.19922699],36,36,"[0.8010613954248607, 0.1951077488579437]",1,-1
36129,[0.77764711 0.14683452],36,36,"[0.8010613954248607, 0.1951077488579437]",1,-1
36130,[0.95012287 0.14389873],36,-1,-1,-1,-1
36131,[0.78153344 0.24285864],36,36,"[0.8010613954248607, 0.1951077488579437]",1,-1
36132,[0.72332821 0.22161996],36,-1,-1,1,-1
36133,[0.76561776 0.21269854],36,36,"[0.8010613954248607, 0.1951077488579437]",1,-1
36134,[0.83522644 0.23697959],36,36,"[0.8010613954248607, 0.1951077488579437]",1,-1
36135,[0.73593318 0.23493954],36,29,"[0.7250576817720672, 0.30126581813471415]",1,-1
36136,[0.84155006 0.22366838],36,36,"[0.8010613954248607, 0.1951077488579437]",1,-1
36137,[0.79638253 0.17505059],36,36,"[0.8010613954248607, 0.1951077488579437]",1,-1
36138,[0.78073743 0.22097539],36,36,"[0.8010613954248607, 0.1951077488579437]",1,1
36139,[0.87774695 0.24904033],36,-1,-1,1,-1
36140,[0.86846198 0.27391707],36,-1,-1,1,-1
36141,[0.69642686 0.16649446],36,-1,-1,1,-1
36142,[0.75897481 0.18751491],36,36,"[0.8010613954248607, 0.1951077488579437]",1,-1
36143,[0.77495527 0.18151817],36,36,"[0.8010613954248607, 0.1951077488579437]",1,-1
36144,[0.86841408 0.16298389],36,-1,-1,1,-1
36145,[0.79692101 0.1219706 ],36,-1,-1,1,-1
36146,[0.81884929 0.25687359],36,36,"[0.8010613954248607, 0.1951077488579437]",1,-1
36147,[0.80806757 0.15096238],36,36,"[0.8010613954248607, 0.1951077488579437]",1,-1
36148,[0.76521384 0.23719095],36,36,"[0.8010613954248607, 0.1951077488579437]",1,-1
36149,[0.8924655  0.24777009],36,-1,-1,1,-1
36150,[0.74740433 0.1583354 ],36,36,"[0.8010613954248607, 0.1951077488579437]",1,-1
36151,[0.85341947 0.23746244],36,36,"[0.8010613954248607, 0.1951077488579437]",1,-1
36152,[0.75331612 0.24586639],36,29,"[0.7250576817720672, 0.30126581813471415]",1,-1
36153,[0.76418624 0.2755963 ],36,29,"[0.7250576817720672, 0.30126581813471415]",1,-1
36154,[0.79703625 0.24160699],36,36,"[0.8010613954248607, 0.1951077488579437]",1,-1
36155,[0.80497388 0.15458697],36,36,"[0.8010613954248607, 0.1951077488579437]",1,-1
36156,[0.7403629 0.187011 ],36,36,"[0.8010613954248607, 0.1951077488579437]",1,-1
36157,[0.74975495 0.23567003],36,36,"[0.8010613954248607, 0.1951077488579437]",1,0
36158,[0.69493883 0.28722245],36,29,"[0.7250576817720672, 0.30126581813471415]",1,-1
36159,[0.82367625 0.24778472],36,36,"[0.8010613954248607, 0.1951077488579437]",1,-1
36160,[0.71147315 0.14772739],36,-1,-1,1,-1
36161,[0.76220652 0.28014524],36,29,"[0.7250576817720672, 0.30126581813471415]",1,-1
36162,[0.825901   0.19666716],36,36,"[0.8010613954248607, 0.1951077488579437]",1,-1
36163,[0.7598076  0.23057972],36,36,"[0.8010613954248607, 0.1951077488579437]",1,-1
36164,[0.7250465  0.25718296],36,29,"[0.7250576817720672, 0.30126581813471415]",1,-1
36165,[0.76319324 0.17943311],36,36,"[0.8010613954248607, 0.1951077488579437]",1,-1
36166,[0.78221226 0.18458562],36,36,"[0.8010613954248607, 0.1951077488579437]",1,-1
36167,[0.75725014 0.25883529],36,29,"[0.7250576817720672, 0.30126581813471415]",1,-1
36168,[0.74164795 0.27159803],36,29,"[0.7250576817720672, 0.30126581813471415]",1,-1
36169,[0.78009857 0.1954939 ],36,36,"[0.8010613954248607, 0.1951077488579437]",1,-1
36170,[0.76142396 0.2657393 ],36,29,"[0.7250576817720672, 0.30126581813471415]",1,-1
36171,[0.74698653 0.20463031],36,36,"[0.8010613954248607, 0.1951077488579437]",1,-1
36172,[0.78658496 0.21467514],36,36,"[0.8010613954248607, 0.1951077488579437]",1,1
36173,[0.93931511 0.23612766],36,-1,-1,-1,-1
36174,[0.72330133 0.12421868],36,-1,-1,-1,-1
36175,[0.69931374 0.2713663 ],36,29,"[0.7250576817720672, 0.30126581813471415]",1,-1
36176,[0.78871659 0.35538206],36,42,"[0.765559566045806, 0.37716611859716387]",1,-1
36177,[0.78172882 0.14348335],36,36,"[0.8010613954248607, 0.1951077488579437]",1,-1
36178,[0.7634226  0.20744009],36,36,"[0.8010613954248607, 0.1951077488579437]",1,-1
36179,[0.82080134 0.20011247],36,36,"[0.8010613954248607, 0.1951077488579437]",1,-1
36180,[0.75466899 0.16452867],36,36,"[0.8010613954248607, 0.1951077488579437]",1,-1
36181,[0.76407547 0.13976076],36,36,"[0.8010613954248607, 0.1951077488579437]",1,-1
36182,[0.77890877 0.26855763],36,29,"[0.7250576817720672, 0.30126581813471415]",1,-1
36183,[0.70415964 0.27093   ],36,29,"[0.7250576817720672, 0.30126581813471415]",1,-1
36184,[0.75798745 0.27419908],36,29,"[0.7250576817720672, 0.30126581813471415]",1,-1
36185,[0.77340008 0.23762881],36,36,"[0.8010613954248607, 0.1951077488579437]",1,-1
36186,[0.85259429 0.26559691],36,-1,-1,1,-1
36187,[0.84174363 0.26754567],36,-1,-1,1,-1
36188,[0.80651895 0.25019037],36,36,"[0.8010613954248607, 0.1951077488579437]",1,-1
36189,[0.78255627 0.28285276],36,29,"[0.7250576817720672, 0.30126581813471415]",1,-1
36190,[0.81147254 0.23194309],36,36,"[0.8010613954248607, 0.1951077488579437]",1,-1
36191,[0.85811377 0.24048286],36,-1,-1,1,-1
36192,[0.90883813 0.16667864],36,-1,-1,-1,-1
36193,[0.77172707 0.21797206],36,36,"[0.8010613954248607, 0.1951077488579437]",1,1
36194,[0.85310579 0.23036804],36,36,"[0.8010613954248607, 0.1951077488579437]",1,-1
36195,[0.78348879 0.19338906],36,36,"[0.8010613954248607, 0.1951077488579437]",1,1
36196,[0.79389352 0.20948398],36,36,"[0.8010613954248607, 0.1951077488579437]",1,-1
36197,[0.67567205 0.24433625],36,-1,-1,-1,-1
36198,[0.79461174 0.15054775],36,36,"[0.8010613954248607, 0.1951077488579437]",1,-1
36199,[0.77597013 0.28075223],36,29,"[0.7250576817720672, 0.30126581813471415]",1,-1
36200,[0.78832578 0.22905603],36,36,"[0.8010613954248607, 0.1951077488579437]",1,1
36201,[0.82654123 0.16395861],36,36,"[0.8010613954248607, 0.1951077488579437]",1,-1
36202,[0.79093387 0.21505819],36,36,"[0.8010613954248607, 0.1951077488579437]",1,1
36203,[0.72606831 0.18624601],36,-1,-1,1,-1
36204,[0.78178165 0.24079579],36,36,"[0.8010613954248607, 0.1951077488579437]",1,-1
36205,[0.80031556 0.21143878],36,36,"[0.8010613954248607, 0.1951077488579437]",1,-1
36206,[0.79092353 0.24518657],36,36,"[0.8010613954248607, 0.1951077488579437]",1,-1
36207,[0.73708607 0.19508718],36,36,"[0.8010613954248607, 0.1951077488579437]",1,-1
36208,[0.74673645 0.18626166],36,36,"[0.8010613954248607, 0.1951077488579437]",1,-1
36209,[0.81320694 0.30164436],36,-1,-1,1,-1
36210,[0.86233218 0.22154696],36,36,"[0.8010613954248607, 0.1951077488579437]",1,-1
36211,[0.83975666 0.32476113],36,-1,-1,1,-1
36212,[0.86454245 0.2445265 ],36,-1,-1,1,-1
36213,[0.83062112 0.22394131],36,36,"[0.8010613954248607, 0.1951077488579437]",1,-1
36214,[0.89574809 0.24500155],36,-1,-1,1,-1
36215,[0.75274996 0.2881818 ],36,29,"[0.7250576817720672, 0.30126581813471415]",1,-1
36216,[0.76244728 0.17695612],36,36,"[0.8010613954248607, 0.1951077488579437]",1,-1
36217,[0.75042562 0.14489582],36,-1,-1,1,-1
36218,[0.91028696 0.2306689 ],36,-1,-1,-1,-1
36219,[0.82072668 0.20757671],36,36,"[0.8010613954248607, 0.1951077488579437]",1,1
36220,[0.84345133 0.22616671],36,36,"[0.8010613954248607, 0.1951077488579437]",1,-1
36221,[0.88464764 0.15423807],36,-1,-1,1,-1
36222,[0.81368295 0.25256148],36,36,"[0.8010613954248607, 0.1951077488579437]",1,-1
36223,[0.67578993 0.19051576],36,-1,-1,1,-1
36224,[0.74729473 0.28531447],36,29,"[0.7250576817720672, 0.30126581813471415]",1,-1
36225,[0.7847001  0.28299761],36,29,"[0.7250576817720672, 0.30126581813471415]",1,-1
36226,[0.73950951 0.27197449],36,29,"[0.7250576817720672, 0.30126581813471415]",1,-1
36227,[0.78335643 0.2190484 ],36,36,"[0.8010613954248607, 0.1951077488579437]",1,1
36228,[0.7853396  0.21996723],36,36,"[0.8010613954248607, 0.1951077488579437]",1,1
36229,[0.73659101 0.12110704],36,-1,-1,-1,-1
36230,[0.86214559 0.28273496],36,-1,-1,1,-1
36231,[0.78602157 0.2549394 ],36,36,"[0.8010613954248607, 0.1951077488579437]",1,0
36232,[0.75047415 0.2185711 ],36,36,"[0.8010613954248607, 0.1951077488579437]",1,-1
36233,[0.75175252 0.18125784],36,36,"[0.8010613954248607, 0.1951077488579437]",1,-1
36234,[0.81387548 0.26433093],36,-1,-1,1,-1
36235,[0.83635071 0.31085662],36,-1,-1,1,-1
36236,[0.77178084 0.33624619],36,42,"[0.765559566045806, 0.37716611859716387]",1,-1
36237,[0.79114684 0.1869413 ],36,36,"[0.8010613954248607, 0.1951077488579437]",1,-1
36238,[0.70774204 0.08078053],36,-1,-1,-1,-1
36239,[0.83028433 0.25224528],36,36,"[0.8010613954248607, 0.1951077488579437]",1,-1
36240,[0.86640148 0.18011269],36,36,"[0.8010613954248607, 0.1951077488579437]",1,-1
36241,[0.80907957 0.20835023],36,36,"[0.8010613954248607, 0.1951077488579437]",1,1
36242,[0.80150066 0.19556331],36,36,"[0.8010613954248607, 0.1951077488579437]",1,-1
36243,[0.70181193 0.2468233 ],36,29,"[0.7250576817720672, 0.30126581813471415]",1,-1
36244,[0.82963337 0.2579116 ],36,36,"[0.8010613954248607, 0.1951077488579437]",1,-1
36245,[0.84797392 0.3177868 ],36,-1,-1,1,-1
36246,[0.77021864 0.26950258],36,29,"[0.7250576817720672, 0.30126581813471415]",1,-1
36247,[0.715061   0.25321869],36,29,"[0.7250576817720672, 0.30126581813471415]",1,-1
36248,[0.81198754 0.19516685],36,36,"[0.8010613954248607, 0.1951077488579437]",1,1
36249,[0.79614112 0.25651656],36,36,"[0.8010613954248607, 0.1951077488579437]",1,-1
36250,[0.68325778 0.31806623],36,29,"[0.7250576817720672, 0.30126581813471415]",1,-1
36251,[0.75014387 0.21781556],36,36,"[0.8010613954248607, 0.1951077488579437]",1,-1
36252,[0.73553287 0.21268622],36,36,"[0.8010613954248607, 0.1951077488579437]",1,-1
36253,[0.80459902 0.17808372],36,36,"[0.8010613954248607, 0.1951077488579437]",1,-1
36254,[0.7383448  0.22945846],36,-1,-1,1,-1
36255,[0.71017642 0.20145344],36,-1,-1,1,-1
36256,[0.85968111 0.22518657],36,36,"[0.8010613954248607, 0.1951077488579437]",1,-1
36257,[0.81561055 0.18512129],36,36,"[0.8010613954248607, 0.1951077488579437]",1,-1
36258,[0.72804229 0.24266025],36,29,"[0.7250576817720672, 0.30126581813471415]",1,-1
36259,[0.84466366 0.20352453],36,36,"[0.8010613954248607, 0.1951077488579437]",1,-1
36260,[0.80541755 0.2181611 ],36,36,"[0.8010613954248607, 0.1951077488579437]",1,-1
36261,[0.91872823 0.14523737],36,-1,-1,-1,-1
36262,[0.84240946 0.22737517],36,36,"[0.8010613954248607, 0.1951077488579437]",1,-1
36263,[0.89139891 0.23825734],36,-1,-1,1,-1
36264,[0.79185949 0.26402057],36,36,"[0.8010613954248607, 0.1951077488579437]",1,-1
36265,[0.80449191 0.27011379],36,-1,-1,1,-1
36266,[0.82315748 0.24741513],36,36,"[0.8010613954248607, 0.1951077488579437]",1,-1
36267,[0.82259547 0.2674758 ],36,-1,-1,1,-1
36268,[0.81237879 0.10393613],36,-1,-1,-1,-1
36269,[0.84239475 0.23944167],36,36,"[0.8010613954248607, 0.1951077488579437]",1,-1
36270,[0.81952353 0.21194866],36,36,"[0.8010613954248607, 0.1951077488579437]",1,1
36271,[0.85696569 0.26925883],36,-1,-1,1,-1
36272,[0.82652937 0.08959203],36,-1,-1,-1,-1
36273,[0.76761644 0.1808674 ],36,36,"[0.8010613954248607, 0.1951077488579437]",1,-1
36274,[0.84065312 0.13471965],36,-1,-1,1,-1
36275,[0.76008209 0.18893432],36,36,"[0.8010613954248607, 0.1951077488579437]",1,-1
36276,[0.77526356 0.26021244],36,29,"[0.7250576817720672, 0.30126581813471415]",1,0
36277,[0.84621014 0.22746391],36,36,"[0.8010613954248607, 0.1951077488579437]",1,-1
36278,[0.79201985 0.23708893],36,36,"[0.8010613954248607, 0.1951077488579437]",1,-1
36279,[0.7927464  0.11791777],36,-1,-1,1,-1
36280,[0.80596281 0.17889673],36,36,"[0.8010613954248607, 0.1951077488579437]",1,-1
36281,[0.73098636 0.21049528],36,-1,-1,1,-1
36282,[0.78663421 0.20103888],36,36,"[0.8010613954248607, 0.1951077488579437]",1,1
36283,[0.77973583 0.24240406],36,36,"[0.8010613954248607, 0.1951077488579437]",1,-1
36284,[0.80043769 0.24708469],36,36,"[0.8010613954248607, 0.1951077488579437]",1,-1
36285,[0.73556639 0.26356031],36,29,"[0.7250576817720672, 0.30126581813471415]",1,-1
36286,[0.84157859 0.16365747],36,36,"[0.8010613954248607, 0.1951077488579437]",1,-1
36287,[0.80020498 0.17584202],36,36,"[0.8010613954248607, 0.1951077488579437]",1,-1
36288,[0.77891665 0.27906292],36,29,"[0.7250576817720672, 0.30126581813471415]",1,-1
36289,[0.75612035 0.20256181],36,36,"[0.8010613954248607, 0.1951077488579437]",1,-1
36290,[0.80749655 0.16313267],36,36,"[0.8010613954248607, 0.1951077488579437]",1,-1
36291,[0.74148529 0.25229743],36,29,"[0.7250576817720672, 0.30126581813471415]",1,-1
36292,[0.69328005 0.2479902 ],36,29,"[0.7250576817720672, 0.30126581813471415]",1,-1
36293,[0.73001924 0.30346564],36,29,"[0.7250576817720672, 0.30126581813471415]",1,-1
36294,[0.78738057 0.15589724],36,36,"[0.8010613954248607, 0.1951077488579437]",1,-1
36295,[0.86369906 0.23134733],36,-1,-1,1,-1
36296,[0.73094584 0.21974377],36,-1,-1,1,-1
36297,[0.7839522  0.17296926],36,36,"[0.8010613954248607, 0.1951077488579437]",1,-1
36298,[0.68030132 0.33620707],36,29,"[0.7250576817720672, 0.30126581813471415]",1,-1
36299,[0.8405551  0.17622345],36,36,"[0.8010613954248607, 0.1951077488579437]",1,-1
36300,[0.78143975 0.30104329],36,29,"[0.7250576817720672, 0.30126581813471415]",1,-1
36301,[0.72373424 0.29633611],36,29,"[0.7250576817720672, 0.30126581813471415]",1,-1
36302,[0.85295671 0.14572978],36,-1,-1,1,-1
36303,[0.76207303 0.23105709],36,36,"[0.8010613954248607, 0.1951077488579437]",1,-1
36304,[0.78487329 0.26573989],36,29,"[0.7250576817720672, 0.30126581813471415]",1,-1
36305,[0.81532038 0.20354431],36,36,"[0.8010613954248607, 0.1951077488579437]",1,1
36306,[0.76736925 0.20509969],36,36,"[0.8010613954248607, 0.1951077488579437]",1,-1
36307,[0.8178238  0.32735245],36,-1,-1,1,-1
36308,[0.84636743 0.28870818],36,-1,-1,1,-1
36309,[0.71950114 0.25344263],36,29,"[0.7250576817720672, 0.30126581813471415]",1,-1
36310,[0.86165402 0.24097377],36,-1,-1,1,-1
36311,[0.79734512 0.16216356],36,36,"[0.8010613954248607, 0.1951077488579437]",1,-1
36312,[0.8524157  0.31191758],36,-1,-1,1,-1
36313,[0.83443091 0.21672375],36,36,"[0.8010613954248607, 0.1951077488579437]",1,-1
36314,[0.71228668 0.17661772],36,-1,-1,1,-1
36315,[0.72367287 0.23464434],36,29,"[0.7250576817720672, 0.30126581813471415]",1,-1
36316,[0.76663088 0.15645366],36,36,"[0.8010613954248607, 0.1951077488579437]",1,-1
36317,[0.7449784  0.24787157],36,29,"[0.7250576817720672, 0.30126581813471415]",1,-1
36318,[0.76680927 0.31131787],36,29,"[0.7250576817720672, 0.30126581813471415]",1,-1
36319,[0.7656046  0.24000518],36,36,"[0.8010613954248607, 0.1951077488579437]",1,-1
36320,[0.88744779 0.19559198],36,-1,-1,1,-1
36321,[0.81921329 0.16202441],36,36,"[0.8010613954248607, 0.1951077488579437]",1,-1
36322,[0.74178296 0.31463574],36,29,"[0.7250576817720672, 0.30126581813471415]",1,-1
36323,[0.80101593 0.2960066 ],36,-1,-1,1,-1
36324,[0.76966239 0.19510376],36,36,"[0.8010613954248607, 0.1951077488579437]",1,-1
36325,[0.72527269 0.21440129],36,-1,-1,1,-1
36326,[0.88695768 0.24225633],36,-1,-1,1,-1
36327,[0.88847406 0.19718406],36,-1,-1,1,-1
36328,[0.7937554 0.2104199],36,36,"[0.8010613954248607, 0.1951077488579437]",1,-1
36329,[0.76315932 0.21053132],36,36,"[0.8010613954248607, 0.1951077488579437]",1,-1
36330,[0.75425201 0.18497152],36,36,"[0.8010613954248607, 0.1951077488579437]",1,-1
36331,[0.85812573 0.23721922],36,-1,-1,1,-1
36332,[0.80049759 0.2408406 ],36,36,"[0.8010613954248607, 0.1951077488579437]",1,-1
36333,[0.71991014 0.23154853],36,29,"[0.7250576817720672, 0.30126581813471415]",1,-1
36334,[0.7458756  0.22388306],36,36,"[0.8010613954248607, 0.1951077488579437]",1,-1
36335,[0.70551792 0.20760978],36,-1,-1,1,-1
36336,[0.75983021 0.23334097],36,36,"[0.8010613954248607, 0.1951077488579437]",1,-1
36337,[0.86392661 0.26044717],36,-1,-1,1,-1
36338,[0.85712795 0.24700368],36,-1,-1,1,-1
36339,[0.68226128 0.16557892],36,-1,-1,-1,-1
36340,[0.80838504 0.33707559],36,42,"[0.765559566045806, 0.37716611859716387]",1,-1
36341,[0.82775746 0.22371307],36,36,"[0.8010613954248607, 0.1951077488579437]",1,-1
36342,[0.74805913 0.30801334],36,29,"[0.7250576817720672, 0.30126581813471415]",1,-1
36343,[0.78127282 0.15076392],36,36,"[0.8010613954248607, 0.1951077488579437]",1,-1
36344,[0.85229728 0.28975328],36,-1,-1,1,-1
36345,[0.74724881 0.14623089],36,-1,-1,1,-1
36346,[0.75447216 0.23490306],36,36,"[0.8010613954248607, 0.1951077488579437]",1,-1
36347,[0.77218424 0.28398479],36,29,"[0.7250576817720672, 0.30126581813471415]",1,-1
36348,[0.72935578 0.15191923],36,-1,-1,1,-1
36349,[0.7673086 0.2238784],36,36,"[0.8010613954248607, 0.1951077488579437]",1,-1
36350,[0.84548698 0.14580122],36,36,"[0.8010613954248607, 0.1951077488579437]",1,-1
36351,[0.75295961 0.22158603],36,36,"[0.8010613954248607, 0.1951077488579437]",1,-1
36352,[0.83716088 0.23357494],36,36,"[0.8010613954248607, 0.1951077488579437]",1,-1
36353,[0.69039174 0.20468262],36,-1,-1,1,-1
36354,[0.77456332 0.25121322],36,36,"[0.8010613954248607, 0.1951077488579437]",1,0
36355,[0.82931734 0.24369388],36,36,"[0.8010613954248607, 0.1951077488579437]",1,-1
36356,[0.76701078 0.21996154],36,36,"[0.8010613954248607, 0.1951077488579437]",1,-1
36357,[0.75735999 0.22900017],36,36,"[0.8010613954248607, 0.1951077488579437]",1,-1
36358,[0.75766369 0.21508277],36,36,"[0.8010613954248607, 0.1951077488579437]",1,-1
36359,[0.87321147 0.22659605],36,-1,-1,1,-1
36360,[0.80714785 0.17356233],36,36,"[0.8010613954248607, 0.1951077488579437]",1,-1
36361,[0.8172643  0.20155507],36,36,"[0.8010613954248607, 0.1951077488579437]",1,1
36362,[0.77296134 0.15923678],36,36,"[0.8010613954248607, 0.1951077488579437]",1,-1
36363,[0.76603508 0.26037945],36,29,"[0.7250576817720672, 0.30126581813471415]",1,-1
36364,[0.80468534 0.30964416],36,-1,-1,1,-1
36365,[0.76251313 0.28015519],36,29,"[0.7250576817720672, 0.30126581813471415]",1,-1
36366,[0.82820545 0.2674923 ],36,-1,-1,1,-1
36367,[0.88686969 0.15023253],36,-1,-1,1,-1
36368,[0.87619576 0.13996567],36,-1,-1,1,-1
36369,[0.78973075 0.26151369],36,36,"[0.8010613954248607, 0.1951077488579437]",1,-1
36370,[0.81350209 0.24696744],36,36,"[0.8010613954248607, 0.1951077488579437]",1,-1
36371,[0.83321861 0.21981302],36,36,"[0.8010613954248607, 0.1951077488579437]",1,-1
36372,[0.69550999 0.12682731],36,-1,-1,-1,-1
36373,[0.80451913 0.23466231],36,36,"[0.8010613954248607, 0.1951077488579437]",1,-1
36374,[0.79245248 0.22057333],36,36,"[0.8010613954248607, 0.1951077488579437]",1,1
36375,[0.79632262 0.20016591],36,36,"[0.8010613954248607, 0.1951077488579437]",1,1
36376,[0.74790777 0.25753223],36,29,"[0.7250576817720672, 0.30126581813471415]",1,-1
36377,[0.79406554 0.18513393],36,36,"[0.8010613954248607, 0.1951077488579437]",1,-1
36378,[0.81792723 0.23221149],36,36,"[0.8010613954248607, 0.1951077488579437]",1,1
36379,[0.75397536 0.25142158],36,29,"[0.7250576817720672, 0.30126581813471415]",1,-1
36380,[0.82081387 0.17590972],36,36,"[0.8010613954248607, 0.1951077488579437]",1,-1
36381,[0.88243954 0.2467251 ],36,-1,-1,1,-1
36382,[0.63117136 0.11536631],36,-1,-1,-1,-1
36383,[0.82565542 0.21614311],36,36,"[0.8010613954248607, 0.1951077488579437]",1,1
36384,[0.83237829 0.21366905],36,36,"[0.8010613954248607, 0.1951077488579437]",1,-1
36385,[0.6584748  0.23140487],36,-1,-1,-1,-1
36386,[0.8137097  0.28822917],36,-1,-1,1,-1
36387,[0.77820271 0.25346295],36,36,"[0.8010613954248607, 0.1951077488579437]",1,0
36388,[0.80655084 0.22677814],36,36,"[0.8010613954248607, 0.1951077488579437]",1,1
36389,[0.82263014 0.27073253],36,-1,-1,1,-1
36390,[0.80887859 0.18194058],36,36,"[0.8010613954248607, 0.1951077488579437]",1,-1
36391,[0.75460139 0.30368523],36,29,"[0.7250576817720672, 0.30126581813471415]",1,-1
36392,[0.73769278 0.1623848 ],36,-1,-1,1,-1
36393,[0.73898896 0.19541442],36,36,"[0.8010613954248607, 0.1951077488579437]",1,-1
36394,[0.70338787 0.16377812],36,-1,-1,1,-1
36395,[0.72926587 0.30486408],36,29,"[0.7250576817720672, 0.30126581813471415]",1,-1
36396,[0.80725745 0.19993194],36,36,"[0.8010613954248607, 0.1951077488579437]",1,1
36397,[0.81282611 0.21222296],36,36,"[0.8010613954248607, 0.1951077488579437]",1,1
36398,[0.81582863 0.20031954],36,36,"[0.8010613954248607, 0.1951077488579437]",1,1
36399,[0.79314135 0.270727  ],36,-1,-1,1,-1
36400,[0.72048735 0.24262054],36,29,"[0.7250576817720672, 0.30126581813471415]",1,-1
36401,[0.76266165 0.24883102],36,29,"[0.7250576817720672, 0.30126581813471415]",1,-1
36402,[0.8307363  0.28011973],36,-1,-1,1,-1
36403,[0.78421603 0.18340062],36,36,"[0.8010613954248607, 0.1951077488579437]",1,1
36404,[0.69262449 0.17185351],36,-1,-1,1,-1
36405,[0.79480544 0.227772  ],36,36,"[0.8010613954248607, 0.1951077488579437]",1,-1
36406,[0.72176508 0.27492496],36,29,"[0.7250576817720672, 0.30126581813471415]",1,-1
36407,[0.81115119 0.26776898],36,-1,-1,1,-1
36408,[0.78768748 0.22098257],36,36,"[0.8010613954248607, 0.1951077488579437]",1,1
36409,[0.75112945 0.20579266],36,36,"[0.8010613954248607, 0.1951077488579437]",1,-1
36410,[0.77973429 0.22528151],36,36,"[0.8010613954248607, 0.1951077488579437]",1,-1
36411,[0.84411968 0.13683492],36,-1,-1,1,-1
36412,[0.78762717 0.3002868 ],36,29,"[0.7250576817720672, 0.30126581813471415]",1,-1
36413,[0.78656726 0.17664448],36,36,"[0.8010613954248607, 0.1951077488579437]",1,-1
36414,[0.81004802 0.12556977],36,-1,-1,1,-1
36415,[0.83382095 0.21496389],36,36,"[0.8010613954248607, 0.1951077488579437]",1,-1
36416,[0.77684839 0.1789876 ],36,36,"[0.8010613954248607, 0.1951077488579437]",1,-1
36417,[0.73142942 0.20117458],36,36,"[0.8010613954248607, 0.1951077488579437]",1,-1
36418,[0.84692089 0.19185908],36,36,"[0.8010613954248607, 0.1951077488579437]",1,-1
36419,[0.79671265 0.21194337],36,36,"[0.8010613954248607, 0.1951077488579437]",1,1
36420,[0.69560212 0.25992218],36,29,"[0.7250576817720672, 0.30126581813471415]",1,-1
36421,[0.81820004 0.2539154 ],36,36,"[0.8010613954248607, 0.1951077488579437]",1,-1
36422,[0.74124205 0.21631288],36,36,"[0.8010613954248607, 0.1951077488579437]",1,-1
36423,[0.75347527 0.16325129],36,36,"[0.8010613954248607, 0.1951077488579437]",1,-1
36424,[0.72880792 0.19545256],36,-1,-1,1,-1
36425,[0.7364356  0.22278915],36,-1,-1,1,-1
36426,[0.79880004 0.25460047],36,36,"[0.8010613954248607, 0.1951077488579437]",1,-1
36427,[0.81685966 0.14389914],36,36,"[0.8010613954248607, 0.1951077488579437]",1,-1
36428,[0.8315547  0.27762396],36,-1,-1,1,-1
36429,[0.72009974 0.22816163],36,-1,-1,1,-1
36430,[0.7807559  0.18977206],36,36,"[0.8010613954248607, 0.1951077488579437]",1,1
36431,[0.84143062 0.2579944 ],36,-1,-1,1,-1
36432,[0.86718428 0.25197774],36,-1,-1,1,-1
36433,[0.63090733 0.2704451 ],36,-1,-1,1,-1
36434,[0.73078222 0.2759198 ],36,29,"[0.7250576817720672, 0.30126581813471415]",1,-1
36435,[0.78411242 0.15573755],36,36,"[0.8010613954248607, 0.1951077488579437]",1,-1
36436,[0.73153034 0.28708512],36,29,"[0.7250576817720672, 0.30126581813471415]",1,-1
36437,[0.7967022  0.26224404],36,36,"[0.8010613954248607, 0.1951077488579437]",1,-1
36438,[0.82073325 0.21476915],36,36,"[0.8010613954248607, 0.1951077488579437]",1,1
36439,[0.76881108 0.24023527],36,36,"[0.8010613954248607, 0.1951077488579437]",1,-1
36440,[0.74687762 0.22327906],36,36,"[0.8010613954248607, 0.1951077488579437]",1,-1
36441,[0.69445376 0.19464676],36,-1,-1,1,-1
36442,[0.61989531 0.30359363],36,46,"[0.5877940429991866, 0.34550221910317963]",1,-1
36443,[0.79958938 0.2924805 ],36,-1,-1,1,-1
36444,[0.75987399 0.18365549],36,36,"[0.8010613954248607, 0.1951077488579437]",1,-1
36445,[0.79420823 0.23298672],36,36,"[0.8010613954248607, 0.1951077488579437]",1,-1
36446,[0.77784819 0.10205689],36,-1,-1,-1,-1
36447,[0.83274877 0.17328021],36,36,"[0.8010613954248607, 0.1951077488579437]",1,-1
36448,[0.77556247 0.276855  ],36,29,"[0.7250576817720672, 0.30126581813471415]",1,-1
36449,[0.70701228 0.26431567],36,29,"[0.7250576817720672, 0.30126581813471415]",1,-1
36450,[0.82528745 0.16733539],36,36,"[0.8010613954248607, 0.1951077488579437]",1,-1
36451,[0.74733354 0.24210853],36,29,"[0.7250576817720672, 0.30126581813471415]",1,-1
36452,[0.83357079 0.27242198],36,-1,-1,1,-1
36453,[0.74054032 0.21053411],36,36,"[0.8010613954248607, 0.1951077488579437]",1,-1
36454,[0.82967887 0.25942384],36,-1,-1,1,-1
36455,[0.80101182 0.16297163],36,36,"[0.8010613954248607, 0.1951077488579437]",1,-1
36456,[0.81246645 0.29505483],36,-1,-1,1,-1
36457,[0.76385737 0.32121531],36,29,"[0.7250576817720672, 0.30126581813471415]",1,-1
36458,[0.79169697 0.18862185],36,36,"[0.8010613954248607, 0.1951077488579437]",1,-1
36459,[0.75157567 0.21332711],36,36,"[0.8010613954248607, 0.1951077488579437]",1,-1
36460,[0.88354064 0.22486402],36,-1,-1,1,-1
36461,[0.75176152 0.19455864],36,36,"[0.8010613954248607, 0.1951077488579437]",1,-1
36462,[0.75394859 0.25280298],36,29,"[0.7250576817720672, 0.30126581813471415]",1,-1
36463,[0.7816176  0.26903228],36,29,"[0.7250576817720672, 0.30126581813471415]",1,-1
36464,[0.79349416 0.22664916],36,36,"[0.8010613954248607, 0.1951077488579437]",1,-1
36465,[0.74446821 0.29581782],36,29,"[0.7250576817720672, 0.30126581813471415]",1,-1
36466,[0.80627832 0.1777681 ],36,36,"[0.8010613954248607, 0.1951077488579437]",1,-1
36467,[0.72134071 0.20159701],36,-1,-1,1,-1
36468,[0.7746173  0.25768022],36,29,"[0.7250576817720672, 0.30126581813471415]",1,0
36469,[0.78529876 0.10596669],36,-1,-1,1,-1
36470,[0.81074686 0.22019682],36,36,"[0.8010613954248607, 0.1951077488579437]",1,1
36471,[0.85933326 0.24743548],36,-1,-1,1,-1
36472,[0.81913413 0.17337974],36,36,"[0.8010613954248607, 0.1951077488579437]",1,-1
36473,[0.76908307 0.25632041],36,29,"[0.7250576817720672, 0.30126581813471415]",1,0
36474,[0.8108707  0.35482013],36,42,"[0.765559566045806, 0.37716611859716387]",1,-1
36475,[0.81688172 0.24177824],36,36,"[0.8010613954248607, 0.1951077488579437]",1,1
36476,[0.7959356  0.22743548],36,36,"[0.8010613954248607, 0.1951077488579437]",1,-1
36477,[0.88347871 0.17409465],36,-1,-1,1,-1
36478,[0.73640577 0.34779225],36,42,"[0.765559566045806, 0.37716611859716387]",1,-1
36479,[0.85662955 0.16644567],36,36,"[0.8010613954248607, 0.1951077488579437]",1,-1
36480,[0.83276436 0.24258544],36,36,"[0.8010613954248607, 0.1951077488579437]",1,-1
36481,[0.72252013 0.25190025],36,29,"[0.7250576817720672, 0.30126581813471415]",1,-1
36482,[0.75939119 0.12853394],36,-1,-1,1,-1
36483,[0.7814807  0.20792308],36,36,"[0.8010613954248607, 0.1951077488579437]",1,1
36484,[0.74732367 0.29586143],36,29,"[0.7250576817720672, 0.30126581813471415]",1,-1
36485,[0.85620656 0.30629666],36,-1,-1,1,-1
36486,[0.74398947 0.21373011],36,36,"[0.8010613954248607, 0.1951077488579437]",1,-1
36487,[0.88684043 0.23667144],36,-1,-1,1,-1
36488,[0.77646336 0.24759043],36,36,"[0.8010613954248607, 0.1951077488579437]",1,0
36489,[0.84911194 0.21482653],36,36,"[0.8010613954248607, 0.1951077488579437]",1,-1
36490,[0.76333593 0.26752974],36,29,"[0.7250576817720672, 0.30126581813471415]",1,-1
36491,[0.80357663 0.32513535],36,42,"[0.765559566045806, 0.37716611859716387]",1,-1
36492,[0.81564628 0.23322529],36,36,"[0.8010613954248607, 0.1951077488579437]",1,-1
36493,[0.81843888 0.19370812],36,36,"[0.8010613954248607, 0.1951077488579437]",1,-1
36494,[0.78826012 0.19085099],36,36,"[0.8010613954248607, 0.1951077488579437]",1,1
36495,[0.74955501 0.18673104],36,36,"[0.8010613954248607, 0.1951077488579437]",1,-1
36496,[0.79164484 0.13916679],36,36,"[0.8010613954248607, 0.1951077488579437]",1,-1
36497,[0.83010154 0.25348284],36,36,"[0.8010613954248607, 0.1951077488579437]",1,-1
36498,[0.73042407 0.19280232],36,-1,-1,1,-1
36499,[0.66378361 0.22538401],36,-1,-1,-1,-1
36500,[0.77323452 0.26441866],36,29,"[0.7250576817720672, 0.30126581813471415]",1,0
36501,[0.81056131 0.18885067],36,36,"[0.8010613954248607, 0.1951077488579437]",1,-1
36502,[0.82322923 0.1903279 ],36,36,"[0.8010613954248607, 0.1951077488579437]",1,-1
36503,[0.75341094 0.30525372],36,29,"[0.7250576817720672, 0.30126581813471415]",1,-1
36504,[0.94276954 0.32373176],36,-1,-1,-1,-1
36505,[0.71399536 0.21750896],36,-1,-1,1,-1
36506,[0.77128208 0.33181575],36,42,"[0.765559566045806, 0.37716611859716387]",1,-1
36507,[0.78036245 0.31495198],36,29,"[0.7250576817720672, 0.30126581813471415]",1,-1
36508,[0.82931193 0.20982197],36,36,"[0.8010613954248607, 0.1951077488579437]",1,-1
36509,[0.77461924 0.27107591],36,29,"[0.7250576817720672, 0.30126581813471415]",1,-1
36510,[0.82533984 0.22108319],36,36,"[0.8010613954248607, 0.1951077488579437]",1,-1
36511,[0.77984928 0.18379993],36,36,"[0.8010613954248607, 0.1951077488579437]",1,-1
36512,[0.79910359 0.16206154],36,36,"[0.8010613954248607, 0.1951077488579437]",1,-1
36513,[0.77560277 0.19947397],36,36,"[0.8010613954248607, 0.1951077488579437]",1,1
36514,[0.7377091  0.17090455],36,36,"[0.8010613954248607, 0.1951077488579437]",1,-1
36515,[0.84119031 0.21886993],36,36,"[0.8010613954248607, 0.1951077488579437]",1,-1
36516,[0.73570248 0.1777463 ],36,36,"[0.8010613954248607, 0.1951077488579437]",1,-1
36517,[0.87852015 0.30734606],36,-1,-1,1,-1
36518,[0.80013956 0.21307573],36,36,"[0.8010613954248607, 0.1951077488579437]",1,1
36519,[0.79455975 0.18224722],36,36,"[0.8010613954248607, 0.1951077488579437]",1,-1
36520,[0.81782008 0.18535805],36,36,"[0.8010613954248607, 0.1951077488579437]",1,-1
36521,[0.77232206 0.14180028],36,36,"[0.8010613954248607, 0.1951077488579437]",1,-1
36522,[0.79021076 0.23555625],36,36,"[0.8010613954248607, 0.1951077488579437]",1,-1
36523,[0.72164089 0.24645887],36,29,"[0.7250576817720672, 0.30126581813471415]",1,-1
36524,[0.78446475 0.25973814],36,36,"[0.8010613954248607, 0.1951077488579437]",1,-1
36525,[0.74169234 0.26050499],36,29,"[0.7250576817720672, 0.30126581813471415]",1,-1
36526,[0.76635201 0.17487201],36,36,"[0.8010613954248607, 0.1951077488579437]",1,-1
36527,[0.81196315 0.22146256],36,36,"[0.8010613954248607, 0.1951077488579437]",1,1
36528,[0.76309244 0.15312855],36,36,"[0.8010613954248607, 0.1951077488579437]",1,-1
36529,[0.75996714 0.24853909],36,29,"[0.7250576817720672, 0.30126581813471415]",1,-1
36530,[0.75061704 0.25815987],36,29,"[0.7250576817720672, 0.30126581813471415]",1,-1
36531,[0.67783505 0.13875614],36,-1,-1,-1,-1
36532,[0.70167421 0.19134921],36,-1,-1,1,-1
36533,[0.77933452 0.20489419],36,36,"[0.8010613954248607, 0.1951077488579437]",1,-1
36534,[0.84987558 0.19073865],36,36,"[0.8010613954248607, 0.1951077488579437]",1,-1
36535,[0.82183373 0.27007263],36,-1,-1,1,-1
36536,[0.81195977 0.21957689],36,36,"[0.8010613954248607, 0.1951077488579437]",1,-1
36537,[0.78857343 0.22900595],36,36,"[0.8010613954248607, 0.1951077488579437]",1,1
36538,[0.8514482  0.24919081],36,-1,-1,1,-1
36539,[0.63486537 0.21193195],36,-1,-1,-1,-1
36540,[0.7765749  0.29579328],36,29,"[0.7250576817720672, 0.30126581813471415]",1,-1
36541,[0.82813976 0.32273496],36,-1,-1,1,-1
36542,[0.73617096 0.23217558],36,29,"[0.7250576817720672, 0.30126581813471415]",1,-1
36543,[0.8391063  0.27574974],36,-1,-1,1,-1
36544,[0.87737516 0.28560243],36,-1,-1,1,-1
36545,[0.78126902 0.2208543 ],36,36,"[0.8010613954248607, 0.1951077488579437]",1,1
36546,[0.84137347 0.26422545],36,-1,-1,1,-1
36547,[0.86036146 0.34083498],36,-1,-1,1,-1
36548,[0.73887542 0.22216145],36,36,"[0.8010613954248607, 0.1951077488579437]",1,-1
36549,[0.81025235 0.16019408],36,36,"[0.8010613954248607, 0.1951077488579437]",1,-1
36550,[0.73414059 0.31103452],36,29,"[0.7250576817720672, 0.30126581813471415]",1,-1
36551,[0.78890995 0.17109355],36,36,"[0.8010613954248607, 0.1951077488579437]",1,-1
36552,[0.81352798 0.28754174],36,-1,-1,1,-1
36553,[0.84818133 0.23528843],36,36,"[0.8010613954248607, 0.1951077488579437]",1,-1
36554,[0.72528774 0.23218216],36,29,"[0.7250576817720672, 0.30126581813471415]",1,-1
36555,[0.84561811 0.25542373],36,-1,-1,1,-1
36556,[0.73073702 0.25255244],36,29,"[0.7250576817720672, 0.30126581813471415]",1,-1
36557,[0.7643361  0.17655007],36,36,"[0.8010613954248607, 0.1951077488579437]",1,-1
36558,[0.79327408 0.19229414],36,36,"[0.8010613954248607, 0.1951077488579437]",1,1
36559,[0.71901623 0.26583195],36,29,"[0.7250576817720672, 0.30126581813471415]",1,-1
36560,[0.79017072 0.15364846],36,36,"[0.8010613954248607, 0.1951077488579437]",1,-1
36561,[0.82266166 0.21811449],36,36,"[0.8010613954248607, 0.1951077488579437]",1,1
36562,[0.8407138  0.19727927],36,36,"[0.8010613954248607, 0.1951077488579437]",1,-1
36563,[0.84073827 0.2452808 ],36,36,"[0.8010613954248607, 0.1951077488579437]",1,-1
36564,[0.76411829 0.13972315],36,36,"[0.8010613954248607, 0.1951077488579437]",1,-1
36565,[0.68692929 0.21097322],36,-1,-1,1,-1
36566,[0.77925896 0.29626286],36,29,"[0.7250576817720672, 0.30126581813471415]",1,-1
36567,[0.74994315 0.28753512],36,29,"[0.7250576817720672, 0.30126581813471415]",1,-1
36568,[0.80087565 0.17580036],36,36,"[0.8010613954248607, 0.1951077488579437]",1,-1
36569,[0.80240944 0.14142301],36,36,"[0.8010613954248607, 0.1951077488579437]",1,-1
36570,[0.86089484 0.2530247 ],36,-1,-1,1,-1
36571,[0.82322762 0.16871397],36,36,"[0.8010613954248607, 0.1951077488579437]",1,-1
36572,[0.83178219 0.20631848],36,36,"[0.8010613954248607, 0.1951077488579437]",1,-1
36573,[0.81765404 0.20602509],36,36,"[0.8010613954248607, 0.1951077488579437]",1,1
36574,[0.78613772 0.19316564],36,36,"[0.8010613954248607, 0.1951077488579437]",1,1
36575,[0.7996541  0.15485596],36,36,"[0.8010613954248607, 0.1951077488579437]",1,-1
36576,[0.78899053 0.27304455],36,29,"[0.7250576817720672, 0.30126581813471415]",1,-1
36577,[0.75103587 0.21623411],36,36,"[0.8010613954248607, 0.1951077488579437]",1,-1
36578,[0.79752052 0.26164321],36,36,"[0.8010613954248607, 0.1951077488579437]",1,-1
36579,[0.79118026 0.18639636],36,36,"[0.8010613954248607, 0.1951077488579437]",1,-1
36580,[0.78621963 0.20354468],36,36,"[0.8010613954248607, 0.1951077488579437]",1,1
36581,[0.77571759 0.19474042],36,36,"[0.8010613954248607, 0.1951077488579437]",1,-1
36582,[0.75166466 0.26621283],36,29,"[0.7250576817720672, 0.30126581813471415]",1,-1
36583,[0.78082045 0.32262599],36,42,"[0.765559566045806, 0.37716611859716387]",1,-1
36584,[0.77531637 0.20113058],36,36,"[0.8010613954248607, 0.1951077488579437]",1,1
36585,[0.76674318 0.26020851],36,29,"[0.7250576817720672, 0.30126581813471415]",1,-1
36586,[0.7371399  0.18984715],36,36,"[0.8010613954248607, 0.1951077488579437]",1,-1
36587,[0.75671607 0.24329944],36,36,"[0.8010613954248607, 0.1951077488579437]",1,-1
36588,[0.7184203  0.23916665],36,29,"[0.7250576817720672, 0.30126581813471415]",1,-1
36589,[0.80578727 0.29846397],36,-1,-1,1,-1
36590,[0.73924839 0.28062856],36,29,"[0.7250576817720672, 0.30126581813471415]",1,-1
36591,[0.77139281 0.25236884],36,36,"[0.8010613954248607, 0.1951077488579437]",1,0
36592,[0.78294503 0.24385285],36,36,"[0.8010613954248607, 0.1951077488579437]",1,-1
36593,[0.7608981  0.21602516],36,36,"[0.8010613954248607, 0.1951077488579437]",1,-1
36594,[0.81026627 0.28878941],36,-1,-1,1,-1
36595,[0.79835639 0.28378469],36,-1,-1,1,-1
36596,[0.74508943 0.14364603],36,-1,-1,1,-1
36597,[0.8037653  0.19585175],36,36,"[0.8010613954248607, 0.1951077488579437]",1,-1
36598,[0.76449048 0.19910879],36,36,"[0.8010613954248607, 0.1951077488579437]",1,-1
36599,[0.75212631 0.23257175],36,36,"[0.8010613954248607, 0.1951077488579437]",1,-1
36600,[0.77294521 0.13357345],36,36,"[0.8010613954248607, 0.1951077488579437]",1,-1
36601,[0.86380301 0.30717452],36,-1,-1,1,-1
36602,[0.79771959 0.17570613],36,36,"[0.8010613954248607, 0.1951077488579437]",1,-1
36603,[0.73969562 0.23407133],36,29,"[0.7250576817720672, 0.30126581813471415]",1,-1
36604,[0.85396421 0.20732948],36,36,"[0.8010613954248607, 0.1951077488579437]",1,-1
36605,[0.80686903 0.25654983],36,36,"[0.8010613954248607, 0.1951077488579437]",1,-1
36606,[0.76431809 0.08393694],36,-1,-1,-1,-1
36607,[0.73123827 0.27182298],36,29,"[0.7250576817720672, 0.30126581813471415]",1,-1
36608,[0.80529651 0.23432906],36,36,"[0.8010613954248607, 0.1951077488579437]",1,-1
36609,[0.76810708 0.18513808],36,36,"[0.8010613954248607, 0.1951077488579437]",1,-1
36610,[0.82542375 0.24036221],36,36,"[0.8010613954248607, 0.1951077488579437]",1,-1
36611,[0.83563133 0.18775542],36,36,"[0.8010613954248607, 0.1951077488579437]",1,-1
36612,[0.76768957 0.30710794],36,29,"[0.7250576817720672, 0.30126581813471415]",1,-1
36613,[0.74196398 0.31491407],36,29,"[0.7250576817720672, 0.30126581813471415]",1,-1
36614,[0.74052476 0.23254515],36,-1,-1,1,-1
36615,[0.73279019 0.26165962],36,29,"[0.7250576817720672, 0.30126581813471415]",1,-1
36616,[0.7789816  0.15885991],36,36,"[0.8010613954248607, 0.1951077488579437]",1,-1
36617,[0.76806631 0.2429574 ],36,36,"[0.8010613954248607, 0.1951077488579437]",1,-1
36618,[0.77968136 0.26387832],36,29,"[0.7250576817720672, 0.30126581813471415]",1,-1
36619,[0.84421397 0.19716087],36,36,"[0.8010613954248607, 0.1951077488579437]",1,-1
36620,[0.76468603 0.30560649],36,29,"[0.7250576817720672, 0.30126581813471415]",1,-1
36621,[0.82639796 0.14152147],36,36,"[0.8010613954248607, 0.1951077488579437]",1,-1
36622,[0.85250955 0.17781647],36,36,"[0.8010613954248607, 0.1951077488579437]",1,-1
36623,[0.72089063 0.24565487],36,29,"[0.7250576817720672, 0.30126581813471415]",1,-1
36624,[0.88785873 0.21915343],36,-1,-1,1,-1
36625,[0.76194666 0.25442937],36,29,"[0.7250576817720672, 0.30126581813471415]",1,-1
36626,[0.78775879 0.18378142],36,36,"[0.8010613954248607, 0.1951077488579437]",1,-1
36627,[0.74419032 0.31974313],36,29,"[0.7250576817720672, 0.30126581813471415]",1,-1
36628,[0.74340743 0.25193234],36,29,"[0.7250576817720672, 0.30126581813471415]",1,-1
36629,[0.77141024 0.21047876],36,36,"[0.8010613954248607, 0.1951077488579437]",1,-1
36630,[0.72863825 0.25998933],36,29,"[0.7250576817720672, 0.30126581813471415]",1,-1
36631,[0.81034323 0.24988885],36,36,"[0.8010613954248607, 0.1951077488579437]",1,-1
36632,[0.76501489 0.22750535],36,36,"[0.8010613954248607, 0.1951077488579437]",1,0
36633,[0.71312391 0.11689669],36,-1,-1,-1,-1
36634,[0.81153278 0.13191466],36,36,"[0.8010613954248607, 0.1951077488579437]",1,-1
36635,[0.90680628 0.1969154 ],36,-1,-1,-1,-1
36636,[0.74614159 0.21062024],36,36,"[0.8010613954248607, 0.1951077488579437]",1,-1
36637,[0.76124349 0.21165492],36,36,"[0.8010613954248607, 0.1951077488579437]",1,-1
36638,[0.75082096 0.3088813 ],36,29,"[0.7250576817720672, 0.30126581813471415]",1,-1
36639,[0.78497049 0.20855658],36,36,"[0.8010613954248607, 0.1951077488579437]",1,1
36640,[0.75406487 0.19385753],36,36,"[0.8010613954248607, 0.1951077488579437]",1,-1
36641,[0.79432396 0.17630679],36,36,"[0.8010613954248607, 0.1951077488579437]",1,-1
36642,[0.84385385 0.21558699],36,36,"[0.8010613954248607, 0.1951077488579437]",1,-1
36643,[0.72834083 0.23875269],36,29,"[0.7250576817720672, 0.30126581813471415]",1,-1
36644,[0.73745775 0.16696567],36,36,"[0.8010613954248607, 0.1951077488579437]",1,-1
36645,[0.93130165 0.30949963],36,-1,-1,-1,-1
36646,[0.81358422 0.21369613],36,36,"[0.8010613954248607, 0.1951077488579437]",1,1
36647,[0.79249866 0.22216865],36,36,"[0.8010613954248607, 0.1951077488579437]",1,1
36648,[0.79307361 0.30500861],36,29,"[0.7250576817720672, 0.30126581813471415]",1,-1
36649,[0.82360614 0.23559127],36,36,"[0.8010613954248607, 0.1951077488579437]",1,-1
36650,[0.77249932 0.17819159],36,36,"[0.8010613954248607, 0.1951077488579437]",1,-1
36651,[0.80554108 0.18825181],36,36,"[0.8010613954248607, 0.1951077488579437]",1,-1
36652,[0.81578145 0.24418047],36,36,"[0.8010613954248607, 0.1951077488579437]",1,-1
36653,[0.7778629  0.11802833],36,-1,-1,1,-1
36654,[0.74227265 0.1972853 ],36,36,"[0.8010613954248607, 0.1951077488579437]",1,-1
36655,[0.8126432  0.29040487],36,-1,-1,1,-1
36656,[0.73018423 0.17588578],36,-1,-1,1,-1
36657,[0.76562267 0.10541731],36,-1,-1,-1,-1
36658,[0.84650501 0.29144003],36,-1,-1,1,-1
36659,[0.80959406 0.21035599],36,36,"[0.8010613954248607, 0.1951077488579437]",1,1
36660,[0.83742961 0.24495281],36,36,"[0.8010613954248607, 0.1951077488579437]",1,-1
36661,[0.75882466 0.18492426],36,36,"[0.8010613954248607, 0.1951077488579437]",1,-1
36662,[0.74035063 0.28762307],36,29,"[0.7250576817720672, 0.30126581813471415]",1,-1
36663,[0.85071185 0.27882095],36,-1,-1,1,-1
36664,[0.75596529 0.19876566],36,36,"[0.8010613954248607, 0.1951077488579437]",1,-1
36665,[0.84902916 0.14601628],36,36,"[0.8010613954248607, 0.1951077488579437]",1,-1
36666,[0.81019712 0.22819243],36,36,"[0.8010613954248607, 0.1951077488579437]",1,-1
36667,[0.78597814 0.13197548],36,36,"[0.8010613954248607, 0.1951077488579437]",1,-1
36668,[0.85446585 0.21501713],36,36,"[0.8010613954248607, 0.1951077488579437]",1,-1
36669,[0.78722006 0.20234138],36,36,"[0.8010613954248607, 0.1951077488579437]",1,1
36670,[0.8435372  0.20199328],36,36,"[0.8010613954248607, 0.1951077488579437]",1,-1
36671,[0.758753   0.29362342],36,29,"[0.7250576817720672, 0.30126581813471415]",1,-1
36672,[0.80054777 0.24096521],36,36,"[0.8010613954248607, 0.1951077488579437]",1,-1
36673,[0.81660095 0.2423006 ],36,36,"[0.8010613954248607, 0.1951077488579437]",1,1
36674,[0.80026494 0.22446316],36,36,"[0.8010613954248607, 0.1951077488579437]",1,1
36675,[0.83319291 0.17258641],36,36,"[0.8010613954248607, 0.1951077488579437]",1,-1
36676,[0.80853223 0.23760518],36,36,"[0.8010613954248607, 0.1951077488579437]",1,-1
36677,[0.83659977 0.22473699],36,36,"[0.8010613954248607, 0.1951077488579437]",1,-1
36678,[0.81969319 0.19319068],36,36,"[0.8010613954248607, 0.1951077488579437]",1,-1
36679,[0.86708297 0.25440043],36,-1,-1,1,-1
36680,[0.73367646 0.24230897],36,29,"[0.7250576817720672, 0.30126581813471415]",1,-1
36681,[0.75710172 0.23011331],36,36,"[0.8010613954248607, 0.1951077488579437]",1,0
36682,[0.74695959 0.20222925],36,36,"[0.8010613954248607, 0.1951077488579437]",1,-1
36683,[0.84528379 0.17449868],36,36,"[0.8010613954248607, 0.1951077488579437]",1,-1
36684,[0.69740972 0.1918652 ],36,-1,-1,1,-1
36685,[0.71501787 0.17737909],36,-1,-1,1,-1
36686,[0.73092605 0.18986625],36,-1,-1,1,-1
36687,[0.73968845 0.15423586],36,-1,-1,1,-1
36688,[0.75669609 0.16556178],36,36,"[0.8010613954248607, 0.1951077488579437]",1,-1
36689,[0.89413585 0.14529969],36,-1,-1,1,-1
36690,[0.69423047 0.30633279],36,29,"[0.7250576817720672, 0.30126581813471415]",1,-1
36691,[0.90427517 0.20867966],36,-1,-1,-1,-1
36692,[0.72713418 0.1981533 ],36,-1,-1,1,-1
36693,[0.76519325 0.28103583],36,29,"[0.7250576817720672, 0.30126581813471415]",1,-1
36694,[0.76697921 0.13088534],36,-1,-1,1,-1
36695,[0.82851754 0.14733627],36,36,"[0.8010613954248607, 0.1951077488579437]",1,-1
36696,[0.74727242 0.22946722],36,36,"[0.8010613954248607, 0.1951077488579437]",1,0
36697,[0.82357874 0.25122088],36,36,"[0.8010613954248607, 0.1951077488579437]",1,-1
36698,[0.82306797 0.1348928 ],36,36,"[0.8010613954248607, 0.1951077488579437]",1,-1
36699,[0.7879866 0.1808795],36,36,"[0.8010613954248607, 0.1951077488579437]",1,1
36700,[0.77183881 0.23083878],36,36,"[0.8010613954248607, 0.1951077488579437]",1,-1
36701,[0.81366647 0.27958832],36,-1,-1,1,-1
36702,[0.75804855 0.22793095],36,36,"[0.8010613954248607, 0.1951077488579437]",1,0
36703,[0.72070786 0.25783341],36,29,"[0.7250576817720672, 0.30126581813471415]",1,-1
36704,[0.75690819 0.2504866 ],36,29,"[0.7250576817720672, 0.30126581813471415]",1,-1
36705,[0.72126954 0.26509514],36,29,"[0.7250576817720672, 0.30126581813471415]",1,-1
36706,[0.80008977 0.24261811],36,36,"[0.8010613954248607, 0.1951077488579437]",1,-1
36707,[0.8655927  0.14479004],36,-1,-1,1,-1
36708,[0.75675907 0.2414183 ],36,36,"[0.8010613954248607, 0.1951077488579437]",1,-1
36709,[0.80197602 0.21327591],36,36,"[0.8010613954248607, 0.1951077488579437]",1,1
36710,[0.73343817 0.26070389],36,29,"[0.7250576817720672, 0.30126581813471415]",1,-1
36711,[0.75789196 0.22865959],36,36,"[0.8010613954248607, 0.1951077488579437]",1,0
36712,[0.75579064 0.17584018],36,36,"[0.8010613954248607, 0.1951077488579437]",1,-1
36713,[0.90812308 0.27777314],36,-1,-1,-1,-1
36714,[0.94032503 0.29287832],36,-1,-1,-1,-1
36715,[0.86375674 0.17418155],36,36,"[0.8010613954248607, 0.1951077488579437]",1,-1
36716,[0.77630602 0.22950406],36,36,"[0.8010613954248607, 0.1951077488579437]",1,-1
36717,[0.77490787 0.26006756],36,29,"[0.7250576817720672, 0.30126581813471415]",1,0
36718,[0.79567325 0.27380661],36,-1,-1,1,-1
36719,[0.82950282 0.35504415],36,42,"[0.765559566045806, 0.37716611859716387]",1,-1
36720,[0.73617357 0.17811174],36,36,"[0.8010613954248607, 0.1951077488579437]",1,-1
36721,[0.7871564  0.22658619],36,36,"[0.8010613954248607, 0.1951077488579437]",1,1
36722,[0.79126191 0.17641   ],36,36,"[0.8010613954248607, 0.1951077488579437]",1,-1
36723,[0.77928239 0.21009382],36,36,"[0.8010613954248607, 0.1951077488579437]",1,1
36724,[0.73268385 0.2596806 ],36,29,"[0.7250576817720672, 0.30126581813471415]",1,-1
36725,[0.83854076 0.30324852],36,-1,-1,1,-1
36726,[0.82937894 0.21246633],36,36,"[0.8010613954248607, 0.1951077488579437]",1,-1
36727,[0.79409235 0.28643174],36,-1,-1,1,-1
36728,[0.7773586  0.22282255],36,36,"[0.8010613954248607, 0.1951077488579437]",1,-1
36729,[0.72160029 0.21291878],36,-1,-1,1,-1
36730,[0.84883374 0.19398471],36,36,"[0.8010613954248607, 0.1951077488579437]",1,-1
36731,[0.77369172 0.22238683],36,36,"[0.8010613954248607, 0.1951077488579437]",1,-1
36732,[0.81665323 0.23101278],36,36,"[0.8010613954248607, 0.1951077488579437]",1,1
36733,[0.77557115 0.20856225],36,36,"[0.8010613954248607, 0.1951077488579437]",1,1
36734,[0.70531498 0.18885595],36,-1,-1,1,-1
36735,[0.86661324 0.31518063],36,-1,-1,1,-1
36736,[0.88965956 0.24819475],36,-1,-1,1,-1
36737,[0.77436116 0.18050965],36,36,"[0.8010613954248607, 0.1951077488579437]",1,-1
36738,[0.84351656 0.18920794],36,36,"[0.8010613954248607, 0.1951077488579437]",1,-1
36739,[0.7356858  0.27175183],36,29,"[0.7250576817720672, 0.30126581813471415]",1,-1
36740,[0.71001365 0.19985961],36,-1,-1,1,-1
36741,[0.70315076 0.12983138],36,-1,-1,-1,-1
36742,[0.73084466 0.18125786],36,-1,-1,1,-1
36743,[0.74410991 0.23674444],36,29,"[0.7250576817720672, 0.30126581813471415]",1,-1
36744,[0.76169113 0.25289539],36,29,"[0.7250576817720672, 0.30126581813471415]",1,-1
36745,[0.74960729 0.23684786],36,36,"[0.8010613954248607, 0.1951077488579437]",1,-1
36746,[0.79779273 0.18801163],36,36,"[0.8010613954248607, 0.1951077488579437]",1,1
36747,[0.84545086 0.14042509],36,-1,-1,1,-1
36748,[0.72620467 0.21269088],36,-1,-1,1,-1
36749,[0.82342751 0.2734254 ],36,-1,-1,1,-1
36750,[0.87723727 0.30986217],36,-1,-1,1,-1
36751,[0.77508318 0.21048284],36,36,"[0.8010613954248607, 0.1951077488579437]",1,1
36752,[0.86681839 0.23017316],36,-1,-1,1,-1
36753,[0.83163786 0.32302387],36,-1,-1,1,-1
36754,[0.80759574 0.20736181],36,36,"[0.8010613954248607, 0.1951077488579437]",1,1
36755,[0.80832349 0.23947387],36,36,"[0.8010613954248607, 0.1951077488579437]",1,-1
36756,[0.67311059 0.20638595],36,-1,-1,1,-1
36757,[0.88411937 0.26151671],36,-1,-1,1,-1
36758,[0.81094311 0.14301154],36,36,"[0.8010613954248607, 0.1951077488579437]",1,-1
36759,[0.88335952 0.23752395],36,-1,-1,1,-1
36760,[0.75804295 0.23314141],36,36,"[0.8010613954248607, 0.1951077488579437]",1,-1
36761,[0.82176439 0.24714533],36,36,"[0.8010613954248607, 0.1951077488579437]",1,-1
36762,[0.66871298 0.22857328],36,-1,-1,-1,-1
36763,[0.69737317 0.15373654],36,-1,-1,1,-1
36764,[0.7649381  0.27889684],36,29,"[0.7250576817720672, 0.30126581813471415]",1,-1
36765,[0.81004351 0.22207258],36,36,"[0.8010613954248607, 0.1951077488579437]",1,1
36766,[0.70279093 0.34895496],36,29,"[0.7250576817720672, 0.30126581813471415]",1,-1
36767,[0.82645143 0.24106992],36,36,"[0.8010613954248607, 0.1951077488579437]",1,-1
36768,[0.74777408 0.18366857],36,36,"[0.8010613954248607, 0.1951077488579437]",1,-1
36769,[0.78240224 0.21074756],36,36,"[0.8010613954248607, 0.1951077488579437]",1,1
36770,[0.82710767 0.26178598],36,-1,-1,1,-1
36771,[0.78991226 0.14225246],36,36,"[0.8010613954248607, 0.1951077488579437]",1,-1
36772,[0.72943827 0.24538527],36,29,"[0.7250576817720672, 0.30126581813471415]",1,-1
36773,[0.86497142 0.26377093],36,-1,-1,1,-1
36774,[0.72429036 0.30597141],36,29,"[0.7250576817720672, 0.30126581813471415]",1,-1
36775,[0.79174869 0.24301637],36,36,"[0.8010613954248607, 0.1951077488579437]",1,-1
36776,[0.8148536  0.15272322],36,36,"[0.8010613954248607, 0.1951077488579437]",1,-1
36777,[0.71619996 0.29525235],36,29,"[0.7250576817720672, 0.30126581813471415]",1,-1
36778,[0.65390984 0.25016997],36,-1,-1,-1,-1
36779,[0.81628401 0.13143272],36,36,"[0.8010613954248607, 0.1951077488579437]",1,-1
36780,[0.78168729 0.31018113],36,29,"[0.7250576817720672, 0.30126581813471415]",1,-1
36781,[0.88261631 0.21576814],36,-1,-1,1,-1
36782,[0.84225917 0.10717683],36,-1,-1,-1,-1
36783,[0.73817155 0.22310914],36,36,"[0.8010613954248607, 0.1951077488579437]",1,-1
36784,[0.7145171  0.15492298],36,-1,-1,1,-1
36785,[0.71150399 0.19834021],36,-1,-1,1,-1
36786,[0.77197448 0.26907995],36,29,"[0.7250576817720672, 0.30126581813471415]",1,-1
36787,[0.78123457 0.25428015],36,36,"[0.8010613954248607, 0.1951077488579437]",1,0
36788,[0.77720625 0.23692341],36,36,"[0.8010613954248607, 0.1951077488579437]",1,-1
36789,[0.84483739 0.25694732],36,-1,-1,1,-1
36790,[0.82812589 0.19223603],36,36,"[0.8010613954248607, 0.1951077488579437]",1,-1
36791,[0.79257597 0.09085121],36,-1,-1,-1,-1
36792,[0.85289644 0.19588375],36,36,"[0.8010613954248607, 0.1951077488579437]",1,-1
36793,[0.70882825 0.18385047],36,-1,-1,1,-1
36794,[0.83782516 0.18153995],36,36,"[0.8010613954248607, 0.1951077488579437]",1,-1
36795,[0.77599977 0.1740781 ],36,36,"[0.8010613954248607, 0.1951077488579437]",1,-1
36796,[0.84679066 0.15528124],36,36,"[0.8010613954248607, 0.1951077488579437]",1,-1
36797,[0.79088096 0.17893579],36,36,"[0.8010613954248607, 0.1951077488579437]",1,-1
36798,[0.82304159 0.20017773],36,36,"[0.8010613954248607, 0.1951077488579437]",1,-1
36799,[0.76967936 0.25431547],36,29,"[0.7250576817720672, 0.30126581813471415]",1,0
36800,[0.80306459 0.20482692],36,36,"[0.8010613954248607, 0.1951077488579437]",1,-1
36801,[0.83657696 0.2762495 ],36,-1,-1,1,-1
36802,[0.81588595 0.24270334],36,36,"[0.8010613954248607, 0.1951077488579437]",1,1
36803,[0.80803527 0.29351337],36,-1,-1,1,-1
36804,[0.76769181 0.17987483],36,36,"[0.8010613954248607, 0.1951077488579437]",1,-1
36805,[0.77230918 0.22145187],36,36,"[0.8010613954248607, 0.1951077488579437]",1,-1
36806,[0.73596688 0.27399404],36,29,"[0.7250576817720672, 0.30126581813471415]",1,-1
36807,[0.73282172 0.34251022],36,29,"[0.7250576817720672, 0.30126581813471415]",1,-1
36808,[0.78710534 0.18901284],36,36,"[0.8010613954248607, 0.1951077488579437]",1,-1
36809,[0.77100047 0.23435891],36,36,"[0.8010613954248607, 0.1951077488579437]",1,-1
36810,[0.70988565 0.08297494],36,-1,-1,-1,-1
36811,[0.70869435 0.15001162],36,-1,-1,1,-1
36812,[0.71905609 0.26903186],36,29,"[0.7250576817720672, 0.30126581813471415]",1,-1
36813,[0.88181531 0.25428092],36,-1,-1,1,-1
36814,[0.91131058 0.26137003],36,-1,-1,-1,-1
36815,[0.81023754 0.1671785 ],36,36,"[0.8010613954248607, 0.1951077488579437]",1,-1
36816,[0.69786003 0.19639329],36,-1,-1,1,-1
36817,[0.73968603 0.24871685],36,29,"[0.7250576817720672, 0.30126581813471415]",1,-1
36818,[0.85388038 0.20532675],36,36,"[0.8010613954248607, 0.1951077488579437]",1,-1
36819,[0.7939903  0.24393677],36,36,"[0.8010613954248607, 0.1951077488579437]",1,-1
36820,[0.76354096 0.21640717],36,36,"[0.8010613954248607, 0.1951077488579437]",1,-1
36821,[0.88410971 0.21382132],36,-1,-1,1,-1
36822,[0.79642387 0.23269512],36,36,"[0.8010613954248607, 0.1951077488579437]",1,-1
36823,[0.86692691 0.22568581],36,-1,-1,1,-1
36824,[0.7769135  0.25105623],36,36,"[0.8010613954248607, 0.1951077488579437]",1,0
36825,[0.70819039 0.21384334],36,-1,-1,1,-1
36826,[0.71208077 0.29586546],36,29,"[0.7250576817720672, 0.30126581813471415]",1,-1
36827,[0.84064121 0.37129606],36,14,"[0.8486155699332081, 0.42850029565542425]",1,-1
36828,[0.812597   0.29482781],36,-1,-1,1,-1
36829,[0.78341595 0.20053842],36,36,"[0.8010613954248607, 0.1951077488579437]",1,1
36830,[0.78632108 0.32537216],36,42,"[0.765559566045806, 0.37716611859716387]",1,-1
36831,[0.85650114 0.28717898],36,-1,-1,1,-1
36832,[0.76028929 0.16109763],36,36,"[0.8010613954248607, 0.1951077488579437]",1,-1
36833,[0.78053951 0.15518465],36,36,"[0.8010613954248607, 0.1951077488579437]",1,-1
36834,[0.74206846 0.28037663],36,29,"[0.7250576817720672, 0.30126581813471415]",1,-1
36835,[0.69240973 0.22944303],36,-1,-1,1,-1
36836,[0.76365392 0.25811325],36,29,"[0.7250576817720672, 0.30126581813471415]",1,-1
36837,[0.8041242  0.31574725],36,-1,-1,1,-1
36838,[0.7328928  0.27915511],36,29,"[0.7250576817720672, 0.30126581813471415]",1,-1
36839,[0.7242982  0.22822842],36,-1,-1,1,-1
36840,[0.84897243 0.22822794],36,36,"[0.8010613954248607, 0.1951077488579437]",1,-1
36841,[0.799565   0.16456116],36,36,"[0.8010613954248607, 0.1951077488579437]",1,-1
36842,[0.81031664 0.19928855],36,36,"[0.8010613954248607, 0.1951077488579437]",1,1
36843,[0.76392125 0.1911473 ],36,36,"[0.8010613954248607, 0.1951077488579437]",1,-1
36844,[0.8355205  0.20580878],36,36,"[0.8010613954248607, 0.1951077488579437]",1,-1
36845,[0.83504662 0.19562954],36,36,"[0.8010613954248607, 0.1951077488579437]",1,-1
36846,[0.79921608 0.1621882 ],36,36,"[0.8010613954248607, 0.1951077488579437]",1,-1
36847,[0.80525506 0.27316363],36,-1,-1,1,-1
36848,[0.78160961 0.17060569],36,36,"[0.8010613954248607, 0.1951077488579437]",1,-1
36849,[0.83615131 0.23324068],36,36,"[0.8010613954248607, 0.1951077488579437]",1,-1
36850,[0.77612177 0.27568473],36,29,"[0.7250576817720672, 0.30126581813471415]",1,-1
36851,[0.80424991 0.2532417 ],36,36,"[0.8010613954248607, 0.1951077488579437]",1,-1
36852,[0.81774716 0.21114108],36,36,"[0.8010613954248607, 0.1951077488579437]",1,1
36853,[0.8121878  0.23687363],36,36,"[0.8010613954248607, 0.1951077488579437]",1,-1
36854,[0.80943121 0.18885313],36,36,"[0.8010613954248607, 0.1951077488579437]",1,-1
36855,[0.82801223 0.2598369 ],36,-1,-1,1,-1
36856,[0.76020419 0.27956663],36,29,"[0.7250576817720672, 0.30126581813471415]",1,-1
36857,[0.87152637 0.30041793],36,-1,-1,1,-1
36858,[0.80345771 0.20253869],36,36,"[0.8010613954248607, 0.1951077488579437]",1,-1
36859,[0.76583346 0.21042747],36,36,"[0.8010613954248607, 0.1951077488579437]",1,-1
36860,[0.81228811 0.08064166],36,-1,-1,-1,-1
36861,[0.84213393 0.28515189],36,-1,-1,1,-1
36862,[0.84985559 0.27670623],36,-1,-1,1,-1
36863,[0.75621774 0.3279543 ],36,29,"[0.7250576817720672, 0.30126581813471415]",1,-1
36864,[0.79600879 0.14111362],36,36,"[0.8010613954248607, 0.1951077488579437]",1,-1
36865,[0.76495977 0.19496525],36,36,"[0.8010613954248607, 0.1951077488579437]",1,-1
36866,[0.84332117 0.21562904],36,36,"[0.8010613954248607, 0.1951077488579437]",1,-1
36867,[0.873718   0.20499384],36,-1,-1,1,-1
36868,[0.75717606 0.1547739 ],36,36,"[0.8010613954248607, 0.1951077488579437]",1,-1
36869,[0.75807913 0.18919761],36,36,"[0.8010613954248607, 0.1951077488579437]",1,-1
36870,[0.83450113 0.13069799],36,-1,-1,1,-1
36871,[0.75106725 0.18274145],36,36,"[0.8010613954248607, 0.1951077488579437]",1,-1
36872,[0.79174685 0.14150393],36,36,"[0.8010613954248607, 0.1951077488579437]",1,-1
36873,[0.75752146 0.28068757],36,29,"[0.7250576817720672, 0.30126581813471415]",1,-1
36874,[0.84095035 0.01733895],36,-1,-1,-1,-1
36875,[0.8148305  0.19113707],36,36,"[0.8010613954248607, 0.1951077488579437]",1,-1
36876,[0.87122194 0.26194786],36,-1,-1,1,-1
36877,[0.78453365 0.22326249],36,36,"[0.8010613954248607, 0.1951077488579437]",1,-1
36878,[0.75760346 0.15417744],36,36,"[0.8010613954248607, 0.1951077488579437]",1,-1
36879,[0.74830465 0.23922708],36,29,"[0.7250576817720672, 0.30126581813471415]",1,-1
36880,[0.69752736 0.15022858],36,-1,-1,1,-1
36881,[0.73499172 0.18967811],36,36,"[0.8010613954248607, 0.1951077488579437]",1,-1
36882,[0.77444621 0.2702107 ],36,29,"[0.7250576817720672, 0.30126581813471415]",1,-1
36883,[0.73719879 0.19431652],36,36,"[0.8010613954248607, 0.1951077488579437]",1,-1
36884,[0.85608934 0.30461477],36,-1,-1,1,-1
36885,[0.77271113 0.19265743],36,36,"[0.8010613954248607, 0.1951077488579437]",1,-1
36886,[0.74683653 0.20850069],36,36,"[0.8010613954248607, 0.1951077488579437]",1,-1
36887,[0.77891183 0.19773002],36,36,"[0.8010613954248607, 0.1951077488579437]",1,-1
36888,[0.7976537  0.19404406],36,36,"[0.8010613954248607, 0.1951077488579437]",1,1
36889,[0.84468439 0.25626474],36,-1,-1,1,-1
36890,[0.8223475 0.2627578],36,-1,-1,1,-1
36891,[0.80925815 0.20778411],36,36,"[0.8010613954248607, 0.1951077488579437]",1,1
36892,[0.88624007 0.23344394],36,-1,-1,1,-1
36893,[0.82884264 0.26381065],36,-1,-1,1,-1
36894,[0.85220286 0.2841286 ],36,-1,-1,1,-1
36895,[0.86326813 0.24407705],36,-1,-1,1,-1
36896,[0.75256035 0.20449711],36,36,"[0.8010613954248607, 0.1951077488579437]",1,-1
36897,[0.7866051  0.27078574],36,29,"[0.7250576817720672, 0.30126581813471415]",1,-1
36898,[0.7517552  0.19231957],36,36,"[0.8010613954248607, 0.1951077488579437]",1,-1
36899,[0.71683689 0.1656979 ],36,-1,-1,1,-1
36900,[0.78359446 0.26059687],36,36,"[0.8010613954248607, 0.1951077488579437]",1,-1
36901,[0.74297353 0.14267017],36,-1,-1,1,-1
36902,[0.86847826 0.23572433],36,-1,-1,1,-1
36903,[0.84478706 0.21611242],36,36,"[0.8010613954248607, 0.1951077488579437]",1,-1
36904,[0.80942511 0.23747469],36,36,"[0.8010613954248607, 0.1951077488579437]",1,-1
36905,[0.77234577 0.24514423],36,36,"[0.8010613954248607, 0.1951077488579437]",1,0
36906,[0.87183549 0.21974119],36,-1,-1,1,-1
36907,[0.82818093 0.20721598],36,36,"[0.8010613954248607, 0.1951077488579437]",1,-1
36908,[0.74098014 0.27741691],36,29,"[0.7250576817720672, 0.30126581813471415]",1,-1
36909,[0.66151514 0.15449078],36,-1,-1,-1,-1
36910,[0.83354903 0.15807202],36,36,"[0.8010613954248607, 0.1951077488579437]",1,-1
36911,[0.85013137 0.32179516],36,-1,-1,1,-1
36912,[0.81919518 0.24835418],36,36,"[0.8010613954248607, 0.1951077488579437]",1,-1
36913,[0.83036387 0.22550248],36,36,"[0.8010613954248607, 0.1951077488579437]",1,-1
36914,[0.83289275 0.2248486 ],36,36,"[0.8010613954248607, 0.1951077488579437]",1,-1
36915,[0.77024515 0.18712543],36,36,"[0.8010613954248607, 0.1951077488579437]",1,-1
36916,[0.8335661  0.18725343],36,36,"[0.8010613954248607, 0.1951077488579437]",1,-1
36917,[0.80176679 0.19099869],36,36,"[0.8010613954248607, 0.1951077488579437]",1,1
36918,[0.78687898 0.2471944 ],36,36,"[0.8010613954248607, 0.1951077488579437]",1,-1
36919,[0.75075445 0.26188241],36,29,"[0.7250576817720672, 0.30126581813471415]",1,-1
36920,[0.72692172 0.22672439],36,-1,-1,1,-1
36921,[0.82870847 0.29109745],36,-1,-1,1,-1
36922,[0.84453466 0.17041336],36,36,"[0.8010613954248607, 0.1951077488579437]",1,-1
36923,[0.71270083 0.26129891],36,29,"[0.7250576817720672, 0.30126581813471415]",1,-1
36924,[0.81712983 0.33359266],36,42,"[0.765559566045806, 0.37716611859716387]",1,-1
36925,[0.74114191 0.27206266],36,29,"[0.7250576817720672, 0.30126581813471415]",1,-1
36926,[0.82803821 0.20974375],36,36,"[0.8010613954248607, 0.1951077488579437]",1,-1
36927,[0.7992568 0.1681904],36,36,"[0.8010613954248607, 0.1951077488579437]",1,-1
36928,[0.77603573 0.24906135],36,36,"[0.8010613954248607, 0.1951077488579437]",1,0
36929,[0.79024234 0.212779  ],36,36,"[0.8010613954248607, 0.1951077488579437]",1,1
36930,[0.72461273 0.15873419],36,-1,-1,1,-1
36931,[0.75368186 0.15468375],36,36,"[0.8010613954248607, 0.1951077488579437]",1,-1
36932,[0.86153453 0.2455911 ],36,-1,-1,1,-1
36933,[0.76619427 0.30910285],36,29,"[0.7250576817720672, 0.30126581813471415]",1,-1
36934,[0.78008102 0.26034913],36,36,"[0.8010613954248607, 0.1951077488579437]",1,0
36935,[0.6898849 0.1871742],36,-1,-1,1,-1
36936,[0.80950918 0.23845536],36,36,"[0.8010613954248607, 0.1951077488579437]",1,-1
36937,[0.76450424 0.21259808],36,36,"[0.8010613954248607, 0.1951077488579437]",1,-1
36938,[0.74147609 0.24878866],36,29,"[0.7250576817720672, 0.30126581813471415]",1,-1
36939,[0.87891029 0.27771445],36,-1,-1,1,-1
36940,[0.76696078 0.20705529],36,36,"[0.8010613954248607, 0.1951077488579437]",1,-1
36941,[0.8070723  0.21674054],36,36,"[0.8010613954248607, 0.1951077488579437]",1,-1
36942,[0.85656959 0.33013035],36,-1,-1,1,-1
36943,[0.80563316 0.15242358],36,36,"[0.8010613954248607, 0.1951077488579437]",1,-1
36944,[0.76147805 0.21025175],36,36,"[0.8010613954248607, 0.1951077488579437]",1,-1
36945,[0.88185061 0.15207972],36,-1,-1,1,-1
36946,[0.82248644 0.22635633],36,36,"[0.8010613954248607, 0.1951077488579437]",1,-1
36947,[0.80611976 0.23390704],36,36,"[0.8010613954248607, 0.1951077488579437]",1,1
36948,[0.80300876 0.35715967],36,42,"[0.765559566045806, 0.37716611859716387]",1,-1
36949,[0.77815429 0.21711092],36,36,"[0.8010613954248607, 0.1951077488579437]",1,1
36950,[0.76697364 0.22419421],36,36,"[0.8010613954248607, 0.1951077488579437]",1,-1
36951,[0.8182601  0.16285091],36,36,"[0.8010613954248607, 0.1951077488579437]",1,-1
36952,[0.77494    0.26395165],36,29,"[0.7250576817720672, 0.30126581813471415]",1,0
36953,[0.7899759  0.23576066],36,36,"[0.8010613954248607, 0.1951077488579437]",1,-1
36954,[0.78385898 0.25094443],36,36,"[0.8010613954248607, 0.1951077488579437]",1,0
36955,[0.81552392 0.15815674],36,36,"[0.8010613954248607, 0.1951077488579437]",1,-1
36956,[0.80417006 0.20189176],36,36,"[0.8010613954248607, 0.1951077488579437]",1,-1
36957,[0.84651474 0.23266248],36,36,"[0.8010613954248607, 0.1951077488579437]",1,-1
36958,[0.81848943 0.30637771],36,-1,-1,1,-1
36959,[0.71483592 0.20624594],36,-1,-1,1,-1
36960,[0.80885158 0.20090524],36,36,"[0.8010613954248607, 0.1951077488579437]",1,1
36961,[0.83218674 0.27406851],36,-1,-1,1,-1
36962,[0.80996346 0.17838336],36,36,"[0.8010613954248607, 0.1951077488579437]",1,-1
36963,[0.72035629 0.34630678],36,29,"[0.7250576817720672, 0.30126581813471415]",1,-1
36964,[0.80912382 0.18885097],36,36,"[0.8010613954248607, 0.1951077488579437]",1,-1
36965,[0.78431701 0.16895451],36,36,"[0.8010613954248607, 0.1951077488579437]",1,-1
36966,[0.86648291 0.23400946],36,-1,-1,1,-1
36967,[0.77362588 0.2835441 ],36,29,"[0.7250576817720672, 0.30126581813471415]",1,-1
36968,[0.76218907 0.30172449],36,29,"[0.7250576817720672, 0.30126581813471415]",1,-1
36969,[0.82465531 0.15337804],36,36,"[0.8010613954248607, 0.1951077488579437]",1,-1
36970,[0.72403571 0.24318665],36,29,"[0.7250576817720672, 0.30126581813471415]",1,-1
36971,[0.80347699 0.16425864],36,36,"[0.8010613954248607, 0.1951077488579437]",1,-1
36972,[0.75720358 0.20674994],36,36,"[0.8010613954248607, 0.1951077488579437]",1,-1
36973,[0.75133232 0.18854035],36,36,"[0.8010613954248607, 0.1951077488579437]",1,-1
36974,[0.73110066 0.22074847],36,-1,-1,1,-1
36975,[0.76318183 0.15445987],36,36,"[0.8010613954248607, 0.1951077488579437]",1,-1
36976,[0.8007498  0.19932747],36,36,"[0.8010613954248607, 0.1951077488579437]",1,-1
36977,[0.75857774 0.23921752],36,36,"[0.8010613954248607, 0.1951077488579437]",1,0
36978,[0.82929001 0.22560636],36,36,"[0.8010613954248607, 0.1951077488579437]",1,-1
36979,[0.76938178 0.25468191],36,29,"[0.7250576817720672, 0.30126581813471415]",1,0
36980,[0.85784602 0.17527253],36,36,"[0.8010613954248607, 0.1951077488579437]",1,-1
36981,[0.80827966 0.13901641],36,36,"[0.8010613954248607, 0.1951077488579437]",1,-1
36982,[0.70957216 0.18961632],36,-1,-1,1,-1
36983,[0.78590393 0.24532925],36,36,"[0.8010613954248607, 0.1951077488579437]",1,-1
36984,[0.8336934  0.13197518],36,-1,-1,1,-1
36985,[0.72715991 0.33313852],36,29,"[0.7250576817720672, 0.30126581813471415]",1,-1
36986,[0.81966161 0.26500872],36,-1,-1,1,-1
36987,[0.75499609 0.22890857],36,36,"[0.8010613954248607, 0.1951077488579437]",1,0
36988,[0.73035746 0.19118084],36,-1,-1,1,-1
36989,[0.79500448 0.27876235],36,-1,-1,1,-1
36990,[0.82019796 0.28087548],36,-1,-1,1,-1
36991,[0.73390917 0.2063685 ],36,36,"[0.8010613954248607, 0.1951077488579437]",1,-1
36992,[0.78254601 0.21952316],36,36,"[0.8010613954248607, 0.1951077488579437]",1,1
36993,[0.82367144 0.23830773],36,36,"[0.8010613954248607, 0.1951077488579437]",1,-1
36994,[0.8118655  0.14413069],36,36,"[0.8010613954248607, 0.1951077488579437]",1,-1
36995,[0.77245321 0.20416576],36,36,"[0.8010613954248607, 0.1951077488579437]",1,-1
36996,[0.85214884 0.24024919],36,36,"[0.8010613954248607, 0.1951077488579437]",1,-1
36997,[0.84002895 0.23661423],36,36,"[0.8010613954248607, 0.1951077488579437]",1,-1
36998,[0.80236464 0.13705321],36,36,"[0.8010613954248607, 0.1951077488579437]",1,-1
36999,[0.90954953 0.27004693],36,-1,-1,-1,-1
37000,[0.48532495 0.53089527],37,2,"[0.5181425386759565, 0.548951681512668]",1,-1
37001,[0.47990886 0.52243066],37,2,"[0.5181425386759565, 0.548951681512668]",1,-1
37002,[0.58559728 0.57315677],37,10,"[0.6101257152780476, 0.5394800330734051]",1,69
37003,[0.51245388 0.67361906],37,41,"[0.5613949929729852, 0.701115936473092]",1,-1
37004,[0.67860243 0.51735693],37,26,"[0.6734889003123068, 0.4756404454441684]",1,-1
37005,[0.51579709 0.63258192],37,5,"[0.47989515498241786, 0.6212764114798471]",1,-1
37006,[0.48392648 0.5294813 ],37,2,"[0.5181425386759565, 0.548951681512668]",1,-1
37007,[0.60826153 0.64416525],37,9,"[0.5945682323783136, 0.6193254997600653]",1,-1
37008,[0.52763354 0.62711749],37,5,"[0.47989515498241786, 0.6212764114798471]",1,-1
37009,[0.59299034 0.57355021],37,10,"[0.6101257152780476, 0.5394800330734051]",1,-1
37010,[0.51972602 0.51016422],37,2,"[0.5181425386759565, 0.548951681512668]",1,-1
37011,[0.60780229 0.67324545],37,41,"[0.5613949929729852, 0.701115936473092]",1,-1
37012,[0.59575425 0.52496947],37,10,"[0.6101257152780476, 0.5394800330734051]",1,-1
37013,[0.52411646 0.47337835],37,35,"[0.491626887866141, 0.45015531396212327]",1,-1
37014,[0.5796135  0.48046091],37,27,"[0.5866068271601823, 0.4386408725933068]",1,-1
37015,[0.48467624 0.56206072],37,2,"[0.5181425386759565, 0.548951681512668]",1,-1
37016,[0.55957116 0.6144462 ],37,9,"[0.5945682323783136, 0.6193254997600653]",1,-1
37017,[0.52388362 0.53192967],37,2,"[0.5181425386759565, 0.548951681512668]",1,65
37018,[0.49152747 0.60463931],37,5,"[0.47989515498241786, 0.6212764114798471]",1,67
37019,[0.52859856 0.52665115],37,2,"[0.5181425386759565, 0.548951681512668]",1,-1
37020,[0.47690915 0.6470691 ],37,5,"[0.47989515498241786, 0.6212764114798471]",1,36
37021,[0.53892675 0.46644348],37,35,"[0.491626887866141, 0.45015531396212327]",1,-1
37022,[0.58568932 0.53005542],37,10,"[0.6101257152780476, 0.5394800330734051]",1,-1
37023,[0.59351588 0.60891449],37,9,"[0.5945682323783136, 0.6193254997600653]",1,-1
37024,[0.65545698 0.57015788],37,11,"[0.7051682617613192, 0.574171671796882]",1,-1
37025,[0.61503595 0.55808915],37,10,"[0.6101257152780476, 0.5394800330734051]",1,64
37026,[0.52354735 0.52298689],37,2,"[0.5181425386759565, 0.548951681512668]",1,-1
37027,[0.54990393 0.51986456],37,2,"[0.5181425386759565, 0.548951681512668]",1,-1
37028,[0.55972217 0.60667267],37,9,"[0.5945682323783136, 0.6193254997600653]",1,-1
37029,[0.58783683 0.57566298],37,10,"[0.6101257152780476, 0.5394800330734051]",1,69
37030,[0.63311787 0.58768105],37,9,"[0.5945682323783136, 0.6193254997600653]",1,-1
37031,[0.586995   0.51579763],37,10,"[0.6101257152780476, 0.5394800330734051]",1,-1
37032,[0.52499645 0.53600042],37,2,"[0.5181425386759565, 0.548951681512668]",1,-1
37033,[0.64609412 0.47334201],37,26,"[0.6734889003123068, 0.4756404454441684]",1,-1
37034,[0.58166208 0.57753437],37,9,"[0.5945682323783136, 0.6193254997600653]",1,69
37035,[0.56385752 0.511391  ],37,10,"[0.6101257152780476, 0.5394800330734051]",1,-1
37036,[0.62250733 0.54235182],37,10,"[0.6101257152780476, 0.5394800330734051]",1,-1
37037,[0.59902123 0.4874714 ],37,27,"[0.5866068271601823, 0.4386408725933068]",1,-1
37038,[0.65137166 0.53662988],37,10,"[0.6101257152780476, 0.5394800330734051]",1,-1
37039,[0.58880029 0.54029451],37,10,"[0.6101257152780476, 0.5394800330734051]",1,-1
37040,[0.56070129 0.54429363],37,2,"[0.5181425386759565, 0.548951681512668]",1,-1
37041,[0.59905039 0.59460334],37,9,"[0.5945682323783136, 0.6193254997600653]",1,-1
37042,[0.58375911 0.57713993],37,9,"[0.5945682323783136, 0.6193254997600653]",1,69
37043,[0.61160695 0.63571899],37,9,"[0.5945682323783136, 0.6193254997600653]",1,-1
37044,[0.49139136 0.60261063],37,5,"[0.47989515498241786, 0.6212764114798471]",1,67
37045,[0.65043978 0.51435152],37,26,"[0.6734889003123068, 0.4756404454441684]",1,-1
37046,[0.61113896 0.52052134],37,10,"[0.6101257152780476, 0.5394800330734051]",1,-1
37047,[0.53953197 0.52802802],37,2,"[0.5181425386759565, 0.548951681512668]",1,-1
37048,[0.5941644  0.66048128],37,9,"[0.5945682323783136, 0.6193254997600653]",1,-1
37049,[0.59333    0.55216047],37,10,"[0.6101257152780476, 0.5394800330734051]",1,64
37050,[0.55485006 0.58014521],37,2,"[0.5181425386759565, 0.548951681512668]",1,-1
37051,[0.58038146 0.57260932],37,10,"[0.6101257152780476, 0.5394800330734051]",1,69
37052,[0.5975634  0.56777573],37,10,"[0.6101257152780476, 0.5394800330734051]",1,-1
37053,[0.55435703 0.55803831],37,2,"[0.5181425386759565, 0.548951681512668]",1,-1
37054,[0.60131449 0.5717741 ],37,10,"[0.6101257152780476, 0.5394800330734051]",1,-1
37055,[0.56750834 0.57849928],37,9,"[0.5945682323783136, 0.6193254997600653]",1,-1
37056,[0.59253009 0.67871046],37,41,"[0.5613949929729852, 0.701115936473092]",1,-1
37057,[0.61032413 0.56839588],37,10,"[0.6101257152780476, 0.5394800330734051]",1,-1
37058,[0.51560237 0.5723797 ],37,2,"[0.5181425386759565, 0.548951681512668]",1,-1
37059,[0.64463285 0.50777449],37,26,"[0.6734889003123068, 0.4756404454441684]",1,-1
37060,[0.65858541 0.64964167],37,-1,-1,1,-1
37061,[0.62383287 0.60300475],37,9,"[0.5945682323783136, 0.6193254997600653]",1,-1
37062,[0.54423629 0.55454203],37,2,"[0.5181425386759565, 0.548951681512668]",1,-1
37063,[0.61071922 0.5781617 ],37,10,"[0.6101257152780476, 0.5394800330734051]",1,-1
37064,[0.62913004 0.59359248],37,9,"[0.5945682323783136, 0.6193254997600653]",1,-1
37065,[0.62527481 0.54812329],37,10,"[0.6101257152780476, 0.5394800330734051]",1,-1
37066,[0.55372585 0.60153008],37,9,"[0.5945682323783136, 0.6193254997600653]",1,-1
37067,[0.60763158 0.59060987],37,9,"[0.5945682323783136, 0.6193254997600653]",1,63
37068,[0.59008057 0.51760059],37,10,"[0.6101257152780476, 0.5394800330734051]",1,-1
37069,[0.56223726 0.51622769],37,10,"[0.6101257152780476, 0.5394800330734051]",1,-1
37070,[0.54913234 0.58755968],37,2,"[0.5181425386759565, 0.548951681512668]",1,-1
37071,[0.56935668 0.51729782],37,10,"[0.6101257152780476, 0.5394800330734051]",1,-1
37072,[0.66195759 0.51184133],37,26,"[0.6734889003123068, 0.4756404454441684]",1,-1
37073,[0.54358433 0.61092261],37,9,"[0.5945682323783136, 0.6193254997600653]",1,-1
37074,[0.58251468 0.60817982],37,9,"[0.5945682323783136, 0.6193254997600653]",1,-1
37075,[0.58001692 0.57456256],37,10,"[0.6101257152780476, 0.5394800330734051]",1,69
37076,[0.54039907 0.50466642],37,2,"[0.5181425386759565, 0.548951681512668]",1,-1
37077,[0.63409129 0.58370026],37,10,"[0.6101257152780476, 0.5394800330734051]",1,-1
37078,[0.52207303 0.61765041],37,5,"[0.47989515498241786, 0.6212764114798471]",1,-1
37079,[0.57549334 0.69020013],37,41,"[0.5613949929729852, 0.701115936473092]",1,-1
37080,[0.59969482 0.53660635],37,10,"[0.6101257152780476, 0.5394800330734051]",1,-1
37081,[0.49026782 0.5644225 ],37,2,"[0.5181425386759565, 0.548951681512668]",1,70
37082,[0.54873127 0.6153302 ],37,9,"[0.5945682323783136, 0.6193254997600653]",1,-1
37083,[0.58292671 0.56224451],37,10,"[0.6101257152780476, 0.5394800330734051]",1,-1
37084,[0.55415007 0.51294437],37,2,"[0.5181425386759565, 0.548951681512668]",1,-1
37085,[0.54609079 0.46892865],37,27,"[0.5866068271601823, 0.4386408725933068]",1,-1
37086,[0.64836713 0.54633661],37,10,"[0.6101257152780476, 0.5394800330734051]",1,-1
37087,[0.65132212 0.60669341],37,9,"[0.5945682323783136, 0.6193254997600653]",1,-1
37088,[0.67149207 0.5271081 ],37,26,"[0.6734889003123068, 0.4756404454441684]",1,-1
37089,[0.64202818 0.51347252],37,10,"[0.6101257152780476, 0.5394800330734051]",1,-1
37090,[0.70162785 0.58550534],37,11,"[0.7051682617613192, 0.574171671796882]",1,-1
37091,[0.52793381 0.60535419],37,5,"[0.47989515498241786, 0.6212764114798471]",1,-1
37092,[0.58724987 0.57707173],37,9,"[0.5945682323783136, 0.6193254997600653]",1,69
37093,[0.53278363 0.54455172],37,2,"[0.5181425386759565, 0.548951681512668]",1,-1
37094,[0.5978607  0.59845277],37,9,"[0.5945682323783136, 0.6193254997600653]",1,-1
37095,[0.59038708 0.47231339],37,27,"[0.5866068271601823, 0.4386408725933068]",1,-1
37096,[0.67985732 0.4725315 ],37,26,"[0.6734889003123068, 0.4756404454441684]",1,39
37097,[0.64553451 0.63057047],37,9,"[0.5945682323783136, 0.6193254997600653]",1,-1
37098,[0.65482501 0.52034908],37,26,"[0.6734889003123068, 0.4756404454441684]",1,-1
37099,[0.58282244 0.46012937],37,27,"[0.5866068271601823, 0.4386408725933068]",1,-1
37100,[0.55258476 0.53511593],37,2,"[0.5181425386759565, 0.548951681512668]",1,-1
37101,[0.66912127 0.613838  ],37,11,"[0.7051682617613192, 0.574171671796882]",1,-1
37102,[0.60140441 0.59919799],37,9,"[0.5945682323783136, 0.6193254997600653]",1,-1
37103,[0.50349133 0.52051505],37,2,"[0.5181425386759565, 0.548951681512668]",1,-1
37104,[0.64360841 0.51655814],37,10,"[0.6101257152780476, 0.5394800330734051]",1,-1
37105,[0.53911986 0.63515936],37,9,"[0.5945682323783136, 0.6193254997600653]",1,-1
37106,[0.63509119 0.56645831],37,10,"[0.6101257152780476, 0.5394800330734051]",1,-1
37107,[0.60518653 0.62264442],37,9,"[0.5945682323783136, 0.6193254997600653]",1,-1
37108,[0.49569887 0.61268611],37,5,"[0.47989515498241786, 0.6212764114798471]",1,67
37109,[0.5109064  0.55667164],37,2,"[0.5181425386759565, 0.548951681512668]",1,-1
37110,[0.61456092 0.64687472],37,9,"[0.5945682323783136, 0.6193254997600653]",1,-1
37111,[0.60623105 0.50361003],37,10,"[0.6101257152780476, 0.5394800330734051]",1,-1
37112,[0.514254   0.63655024],37,5,"[0.47989515498241786, 0.6212764114798471]",1,-1
37113,[0.57194275 0.55189317],37,10,"[0.6101257152780476, 0.5394800330734051]",1,69
37114,[0.57405203 0.5955656 ],37,9,"[0.5945682323783136, 0.6193254997600653]",1,68
37115,[0.58464251 0.63399899],37,9,"[0.5945682323783136, 0.6193254997600653]",1,-1
37116,[0.57516598 0.56967862],37,10,"[0.6101257152780476, 0.5394800330734051]",1,69
37117,[0.59239664 0.54990051],37,10,"[0.6101257152780476, 0.5394800330734051]",1,64
37118,[0.58277149 0.58260714],37,9,"[0.5945682323783136, 0.6193254997600653]",1,-1
37119,[0.57534729 0.57762459],37,9,"[0.5945682323783136, 0.6193254997600653]",1,69
37120,[0.59302495 0.54350401],37,10,"[0.6101257152780476, 0.5394800330734051]",1,-1
37121,[0.52302443 0.55666912],37,2,"[0.5181425386759565, 0.548951681512668]",1,-1
37122,[0.53121295 0.61825179],37,5,"[0.47989515498241786, 0.6212764114798471]",1,-1
37123,[0.61164759 0.52525774],37,10,"[0.6101257152780476, 0.5394800330734051]",1,-1
37124,[0.63605358 0.52824438],37,10,"[0.6101257152780476, 0.5394800330734051]",1,-1
37125,[0.57978819 0.59485364],37,9,"[0.5945682323783136, 0.6193254997600653]",1,-1
37126,[0.57109828 0.54546718],37,10,"[0.6101257152780476, 0.5394800330734051]",1,69
37127,[0.62556144 0.55722812],37,10,"[0.6101257152780476, 0.5394800330734051]",1,-1
37128,[0.63005466 0.54617028],37,10,"[0.6101257152780476, 0.5394800330734051]",1,-1
37129,[0.62074403 0.58540062],37,9,"[0.5945682323783136, 0.6193254997600653]",1,63
37130,[0.71940343 0.57949547],37,11,"[0.7051682617613192, 0.574171671796882]",1,-1
37131,[0.55697326 0.58248361],37,2,"[0.5181425386759565, 0.548951681512668]",1,-1
37132,[0.54455556 0.54596535],37,2,"[0.5181425386759565, 0.548951681512668]",1,-1
37133,[0.5740535  0.57622268],37,9,"[0.5945682323783136, 0.6193254997600653]",1,69
37134,[0.54246763 0.59740826],37,2,"[0.5181425386759565, 0.548951681512668]",1,66
37135,[0.57363512 0.59279283],37,9,"[0.5945682323783136, 0.6193254997600653]",1,68
37136,[0.5190881  0.72263513],37,41,"[0.5613949929729852, 0.701115936473092]",1,-1
37137,[0.61903405 0.54291767],37,10,"[0.6101257152780476, 0.5394800330734051]",1,-1
37138,[0.63300792 0.59783045],37,9,"[0.5945682323783136, 0.6193254997600653]",1,-1
37139,[0.58141093 0.65614159],37,9,"[0.5945682323783136, 0.6193254997600653]",1,-1
37140,[0.55442175 0.60724634],37,9,"[0.5945682323783136, 0.6193254997600653]",1,-1
37141,[0.66754949 0.58791683],37,11,"[0.7051682617613192, 0.574171671796882]",1,-1
37142,[0.58650056 0.72632391],37,41,"[0.5613949929729852, 0.701115936473092]",1,-1
37143,[0.53857585 0.55138746],37,2,"[0.5181425386759565, 0.548951681512668]",1,65
37144,[0.45182232 0.57707492],37,5,"[0.47989515498241786, 0.6212764114798471]",1,-1
37145,[0.50363265 0.47942261],37,35,"[0.491626887866141, 0.45015531396212327]",1,-1
37146,[0.47717668 0.6450162 ],37,5,"[0.47989515498241786, 0.6212764114798471]",1,-1
37147,[0.51417428 0.59123539],37,2,"[0.5181425386759565, 0.548951681512668]",1,74
37148,[0.59805334 0.63884602],37,9,"[0.5945682323783136, 0.6193254997600653]",1,-1
37149,[0.61054217 0.66016445],37,9,"[0.5945682323783136, 0.6193254997600653]",1,-1
37150,[0.66048435 0.58265789],37,11,"[0.7051682617613192, 0.574171671796882]",1,55
37151,[0.61505634 0.54739817],37,10,"[0.6101257152780476, 0.5394800330734051]",1,-1
37152,[0.58976023 0.5511016 ],37,10,"[0.6101257152780476, 0.5394800330734051]",1,64
37153,[0.55685004 0.59076452],37,9,"[0.5945682323783136, 0.6193254997600653]",1,-1
37154,[0.61528661 0.67018176],37,9,"[0.5945682323783136, 0.6193254997600653]",1,-1
37155,[0.59802577 0.59691435],37,9,"[0.5945682323783136, 0.6193254997600653]",1,-1
37156,[0.50902003 0.52527092],37,2,"[0.5181425386759565, 0.548951681512668]",1,-1
37157,[0.51290521 0.60308189],37,5,"[0.47989515498241786, 0.6212764114798471]",1,-1
37158,[0.61910287 0.58743557],37,9,"[0.5945682323783136, 0.6193254997600653]",1,63
37159,[0.6435488  0.55037866],37,10,"[0.6101257152780476, 0.5394800330734051]",1,-1
37160,[0.56069203 0.60442165],37,9,"[0.5945682323783136, 0.6193254997600653]",1,-1
37161,[0.60400639 0.59139775],37,9,"[0.5945682323783136, 0.6193254997600653]",1,63
37162,[0.50579042 0.61934365],37,5,"[0.47989515498241786, 0.6212764114798471]",1,-1
37163,[0.51443237 0.49055452],37,35,"[0.491626887866141, 0.45015531396212327]",1,-1
37164,[0.61267513 0.60494822],37,9,"[0.5945682323783136, 0.6193254997600653]",1,-1
37165,[0.53840921 0.58240383],37,2,"[0.5181425386759565, 0.548951681512668]",1,-1
37166,[0.51315725 0.55734783],37,2,"[0.5181425386759565, 0.548951681512668]",1,-1
37167,[0.53363836 0.57893611],37,2,"[0.5181425386759565, 0.548951681512668]",1,-1
37168,[0.61293325 0.58614041],37,9,"[0.5945682323783136, 0.6193254997600653]",1,63
37169,[0.56616634 0.58066816],37,9,"[0.5945682323783136, 0.6193254997600653]",1,-1
37170,[0.55848636 0.58816849],37,9,"[0.5945682323783136, 0.6193254997600653]",1,-1
37171,[0.61783555 0.60426851],37,9,"[0.5945682323783136, 0.6193254997600653]",1,-1
37172,[0.54189844 0.55417737],37,2,"[0.5181425386759565, 0.548951681512668]",1,-1
37173,[0.59502109 0.57307729],37,10,"[0.6101257152780476, 0.5394800330734051]",1,-1
37174,[0.56034474 0.55553902],37,2,"[0.5181425386759565, 0.548951681512668]",1,-1
37175,[0.60659016 0.50352704],37,10,"[0.6101257152780476, 0.5394800330734051]",1,-1
37176,[0.61090479 0.59028204],37,9,"[0.5945682323783136, 0.6193254997600653]",1,-1
37177,[0.66754323 0.68232067],37,-1,-1,1,-1
37178,[0.63721074 0.64237787],37,9,"[0.5945682323783136, 0.6193254997600653]",1,-1
37179,[0.65172715 0.57929809],37,11,"[0.7051682617613192, 0.574171671796882]",1,-1
37180,[0.57369947 0.5042913 ],37,10,"[0.6101257152780476, 0.5394800330734051]",1,-1
37181,[0.50956776 0.49229625],37,35,"[0.491626887866141, 0.45015531396212327]",1,-1
37182,[0.56525821 0.64092566],37,9,"[0.5945682323783136, 0.6193254997600653]",1,-1
37183,[0.5840931  0.56969756],37,10,"[0.6101257152780476, 0.5394800330734051]",1,-1
37184,[0.64603425 0.57445028],37,10,"[0.6101257152780476, 0.5394800330734051]",1,-1
37185,[0.60084211 0.46030351],37,27,"[0.5866068271601823, 0.4386408725933068]",1,-1
37186,[0.56731741 0.57957248],37,9,"[0.5945682323783136, 0.6193254997600653]",1,-1
37187,[0.54772359 0.50870099],37,2,"[0.5181425386759565, 0.548951681512668]",1,-1
37188,[0.57524822 0.6087635 ],37,9,"[0.5945682323783136, 0.6193254997600653]",1,-1
37189,[0.56261879 0.56689737],37,2,"[0.5181425386759565, 0.548951681512668]",1,-1
37190,[0.57452241 0.56309943],37,10,"[0.6101257152780476, 0.5394800330734051]",1,-1
37191,[0.65503877 0.4757321 ],37,26,"[0.6734889003123068, 0.4756404454441684]",1,-1
37192,[0.62481018 0.61278333],37,9,"[0.5945682323783136, 0.6193254997600653]",1,-1
37193,[0.57934808 0.60489011],37,9,"[0.5945682323783136, 0.6193254997600653]",1,-1
37194,[0.59725192 0.55115145],37,10,"[0.6101257152780476, 0.5394800330734051]",1,-1
37195,[0.61099141 0.55584169],37,10,"[0.6101257152780476, 0.5394800330734051]",1,64
37196,[0.52663543 0.4639158 ],37,35,"[0.491626887866141, 0.45015531396212327]",1,-1
37197,[0.5660412  0.64264737],37,9,"[0.5945682323783136, 0.6193254997600653]",1,-1
37198,[0.5728572  0.56972638],37,10,"[0.6101257152780476, 0.5394800330734051]",1,69
37199,[0.51508646 0.59018917],37,2,"[0.5181425386759565, 0.548951681512668]",1,74
37200,[0.62349674 0.6382059 ],37,9,"[0.5945682323783136, 0.6193254997600653]",1,-1
37201,[0.63777196 0.54594639],37,10,"[0.6101257152780476, 0.5394800330734051]",1,-1
37202,[0.5450583  0.59882243],37,9,"[0.5945682323783136, 0.6193254997600653]",1,66
37203,[0.62862832 0.49847503],37,10,"[0.6101257152780476, 0.5394800330734051]",1,-1
37204,[0.59551058 0.65744838],37,9,"[0.5945682323783136, 0.6193254997600653]",1,-1
37205,[0.58637176 0.61930589],37,9,"[0.5945682323783136, 0.6193254997600653]",1,-1
37206,[0.62635709 0.5278197 ],37,10,"[0.6101257152780476, 0.5394800330734051]",1,-1
37207,[0.65907602 0.52536245],37,10,"[0.6101257152780476, 0.5394800330734051]",1,-1
37208,[0.59067388 0.48596078],37,27,"[0.5866068271601823, 0.4386408725933068]",1,-1
37209,[0.64451631 0.53590809],37,10,"[0.6101257152780476, 0.5394800330734051]",1,-1
37210,[0.64476448 0.51707624],37,10,"[0.6101257152780476, 0.5394800330734051]",1,-1
37211,[0.56579108 0.51439341],37,10,"[0.6101257152780476, 0.5394800330734051]",1,-1
37212,[0.63838555 0.46972417],37,26,"[0.6734889003123068, 0.4756404454441684]",1,-1
37213,[0.57315209 0.61063081],37,9,"[0.5945682323783136, 0.6193254997600653]",1,-1
37214,[0.61254083 0.60113196],37,9,"[0.5945682323783136, 0.6193254997600653]",1,-1
37215,[0.59955189 0.5596374 ],37,10,"[0.6101257152780476, 0.5394800330734051]",1,64
37216,[0.52381925 0.54931938],37,2,"[0.5181425386759565, 0.548951681512668]",1,65
37217,[0.62342391 0.61527914],37,9,"[0.5945682323783136, 0.6193254997600653]",1,-1
37218,[0.59993005 0.59701836],37,9,"[0.5945682323783136, 0.6193254997600653]",1,-1
37219,[0.53532667 0.53367915],37,2,"[0.5181425386759565, 0.548951681512668]",1,-1
37220,[0.55164743 0.51035756],37,2,"[0.5181425386759565, 0.548951681512668]",1,-1
37221,[0.60381116 0.58945675],37,9,"[0.5945682323783136, 0.6193254997600653]",1,63
37222,[0.60870208 0.61687744],37,9,"[0.5945682323783136, 0.6193254997600653]",1,-1
37223,[0.63864362 0.6252128 ],37,9,"[0.5945682323783136, 0.6193254997600653]",1,-1
37224,[0.61719519 0.56813595],37,10,"[0.6101257152780476, 0.5394800330734051]",1,-1
37225,[0.65100554 0.53458195],37,10,"[0.6101257152780476, 0.5394800330734051]",1,-1
37226,[0.53841149 0.5072091 ],37,2,"[0.5181425386759565, 0.548951681512668]",1,-1
37227,[0.50789191 0.60088436],37,5,"[0.47989515498241786, 0.6212764114798471]",1,-1
37228,[0.58976113 0.48392233],37,27,"[0.5866068271601823, 0.4386408725933068]",1,-1
37229,[0.63889053 0.58447762],37,10,"[0.6101257152780476, 0.5394800330734051]",1,-1
37230,[0.63494023 0.62657214],37,9,"[0.5945682323783136, 0.6193254997600653]",1,-1
37231,[0.57940998 0.60705142],37,9,"[0.5945682323783136, 0.6193254997600653]",1,-1
37232,[0.56808053 0.54482539],37,10,"[0.6101257152780476, 0.5394800330734051]",1,-1
37233,[0.61120455 0.6347525 ],37,9,"[0.5945682323783136, 0.6193254997600653]",1,-1
37234,[0.62275013 0.6276781 ],37,9,"[0.5945682323783136, 0.6193254997600653]",1,-1
37235,[0.63404686 0.51601745],37,10,"[0.6101257152780476, 0.5394800330734051]",1,-1
37236,[0.51892737 0.54483673],37,2,"[0.5181425386759565, 0.548951681512668]",1,65
37237,[0.54785281 0.63661033],37,9,"[0.5945682323783136, 0.6193254997600653]",1,-1
37238,[0.61857251 0.58212511],37,10,"[0.6101257152780476, 0.5394800330734051]",1,63
37239,[0.59356714 0.52678892],37,10,"[0.6101257152780476, 0.5394800330734051]",1,-1
37240,[0.61930265 0.48674248],37,10,"[0.6101257152780476, 0.5394800330734051]",1,34
37241,[0.63295353 0.61465235],37,9,"[0.5945682323783136, 0.6193254997600653]",1,-1
37242,[0.65000932 0.58730018],37,11,"[0.7051682617613192, 0.574171671796882]",1,-1
37243,[0.55554625 0.52723041],37,2,"[0.5181425386759565, 0.548951681512668]",1,-1
37244,[0.51536862 0.53948888],37,2,"[0.5181425386759565, 0.548951681512668]",1,-1
37245,[0.56881677 0.54961156],37,10,"[0.6101257152780476, 0.5394800330734051]",1,-1
37246,[0.57692311 0.44944752],37,27,"[0.5866068271601823, 0.4386408725933068]",1,-1
37247,[0.50982734 0.56324361],37,2,"[0.5181425386759565, 0.548951681512668]",1,-1
37248,[0.56077461 0.66157948],37,41,"[0.5613949929729852, 0.701115936473092]",1,-1
37249,[0.56922321 0.57995632],37,9,"[0.5945682323783136, 0.6193254997600653]",1,-1
37250,[0.52346212 0.5675083 ],37,2,"[0.5181425386759565, 0.548951681512668]",1,-1
37251,[0.61601675 0.58200997],37,10,"[0.6101257152780476, 0.5394800330734051]",1,63
37252,[0.57632023 0.59108329],37,9,"[0.5945682323783136, 0.6193254997600653]",1,-1
37253,[0.54917382 0.60125406],37,9,"[0.5945682323783136, 0.6193254997600653]",1,-1
37254,[0.58430664 0.63657027],37,9,"[0.5945682323783136, 0.6193254997600653]",1,-1
37255,[0.60863828 0.5102599 ],37,10,"[0.6101257152780476, 0.5394800330734051]",1,-1
37256,[0.53737902 0.56110748],37,2,"[0.5181425386759565, 0.548951681512668]",1,-1
37257,[0.64134465 0.52552597],37,10,"[0.6101257152780476, 0.5394800330734051]",1,-1
37258,[0.48469274 0.54541662],37,2,"[0.5181425386759565, 0.548951681512668]",1,-1
37259,[0.61364407 0.5810073 ],37,10,"[0.6101257152780476, 0.5394800330734051]",1,63
37260,[0.53915033 0.59439044],37,2,"[0.5181425386759565, 0.548951681512668]",1,-1
37261,[0.66831878 0.58740417],37,11,"[0.7051682617613192, 0.574171671796882]",1,55
37262,[0.60982699 0.58142913],37,9,"[0.5945682323783136, 0.6193254997600653]",1,-1
37263,[0.64342734 0.59343158],37,9,"[0.5945682323783136, 0.6193254997600653]",1,-1
37264,[0.57055803 0.57046451],37,10,"[0.6101257152780476, 0.5394800330734051]",1,69
37265,[0.57024699 0.60247768],37,9,"[0.5945682323783136, 0.6193254997600653]",1,-1
37266,[0.6136059  0.52488186],37,10,"[0.6101257152780476, 0.5394800330734051]",1,-1
37267,[0.49299459 0.54106303],37,2,"[0.5181425386759565, 0.548951681512668]",1,-1
37268,[0.66346022 0.66906308],37,-1,-1,1,-1
37269,[0.46940575 0.5581143 ],37,2,"[0.5181425386759565, 0.548951681512668]",1,-1
37270,[0.66353682 0.56728269],37,11,"[0.7051682617613192, 0.574171671796882]",1,-1
37271,[0.61070527 0.46943673],37,27,"[0.5866068271601823, 0.4386408725933068]",1,-1
37272,[0.55142596 0.70661376],37,41,"[0.5613949929729852, 0.701115936473092]",1,-1
37273,[0.49381317 0.57267542],37,2,"[0.5181425386759565, 0.548951681512668]",1,-1
37274,[0.61788034 0.55918328],37,10,"[0.6101257152780476, 0.5394800330734051]",1,-1
37275,[0.58962022 0.47706274],37,27,"[0.5866068271601823, 0.4386408725933068]",1,-1
37276,[0.62046357 0.58524334],37,9,"[0.5945682323783136, 0.6193254997600653]",1,63
37277,[0.55137362 0.59287993],37,9,"[0.5945682323783136, 0.6193254997600653]",1,66
37278,[0.54092682 0.55016027],37,2,"[0.5181425386759565, 0.548951681512668]",1,65
37279,[0.67336853 0.55743296],37,11,"[0.7051682617613192, 0.574171671796882]",1,-1
37280,[0.55380633 0.49906174],37,2,"[0.5181425386759565, 0.548951681512668]",1,-1
37281,[0.61634187 0.60443581],37,9,"[0.5945682323783136, 0.6193254997600653]",1,-1
37282,[0.5276384  0.50693893],37,2,"[0.5181425386759565, 0.548951681512668]",1,-1
37283,[0.62009442 0.49707423],37,10,"[0.6101257152780476, 0.5394800330734051]",1,-1
37284,[0.65384303 0.56690626],37,10,"[0.6101257152780476, 0.5394800330734051]",1,-1
37285,[0.52015936 0.57435553],37,2,"[0.5181425386759565, 0.548951681512668]",1,-1
37286,[0.5524274  0.50626325],37,2,"[0.5181425386759565, 0.548951681512668]",1,-1
37287,[0.62281793 0.56396555],37,10,"[0.6101257152780476, 0.5394800330734051]",1,-1
37288,[0.56615691 0.57936493],37,9,"[0.5945682323783136, 0.6193254997600653]",1,-1
37289,[0.56461951 0.60063405],37,9,"[0.5945682323783136, 0.6193254997600653]",1,-1
37290,[0.67963702 0.49948385],37,26,"[0.6734889003123068, 0.4756404454441684]",1,-1
37291,[0.56740287 0.48678897],37,27,"[0.5866068271601823, 0.4386408725933068]",1,-1
37292,[0.60600437 0.526611  ],37,10,"[0.6101257152780476, 0.5394800330734051]",1,-1
37293,[0.58120042 0.55358775],37,10,"[0.6101257152780476, 0.5394800330734051]",1,-1
37294,[0.6037294  0.54380817],37,10,"[0.6101257152780476, 0.5394800330734051]",1,-1
37295,[0.62010579 0.55523024],37,10,"[0.6101257152780476, 0.5394800330734051]",1,-1
37296,[0.60961586 0.6348368 ],37,9,"[0.5945682323783136, 0.6193254997600653]",1,-1
37297,[0.61685507 0.58050079],37,10,"[0.6101257152780476, 0.5394800330734051]",1,-1
37298,[0.5843863  0.53670227],37,10,"[0.6101257152780476, 0.5394800330734051]",1,-1
37299,[0.50900977 0.55159287],37,2,"[0.5181425386759565, 0.548951681512668]",1,-1
37300,[0.62247667 0.50041223],37,10,"[0.6101257152780476, 0.5394800330734051]",1,-1
37301,[0.64597559 0.55109736],37,10,"[0.6101257152780476, 0.5394800330734051]",1,-1
37302,[0.58355498 0.58194086],37,9,"[0.5945682323783136, 0.6193254997600653]",1,-1
37303,[0.54168157 0.57980459],37,2,"[0.5181425386759565, 0.548951681512668]",1,65
37304,[0.60463376 0.56951209],37,10,"[0.6101257152780476, 0.5394800330734051]",1,-1
37305,[0.61535036 0.53753599],37,10,"[0.6101257152780476, 0.5394800330734051]",1,-1
37306,[0.59655846 0.50414514],37,10,"[0.6101257152780476, 0.5394800330734051]",1,-1
37307,[0.54240781 0.60370495],37,9,"[0.5945682323783136, 0.6193254997600653]",1,-1
37308,[0.60759508 0.61507577],37,9,"[0.5945682323783136, 0.6193254997600653]",1,-1
37309,[0.64296868 0.50711151],37,26,"[0.6734889003123068, 0.4756404454441684]",1,-1
37310,[0.58956162 0.53509051],37,10,"[0.6101257152780476, 0.5394800330734051]",1,-1
37311,[0.52524659 0.5231812 ],37,2,"[0.5181425386759565, 0.548951681512668]",1,-1
37312,[0.59852238 0.62934279],37,9,"[0.5945682323783136, 0.6193254997600653]",1,-1
37313,[0.6206398  0.58522479],37,9,"[0.5945682323783136, 0.6193254997600653]",1,63
37314,[0.51647573 0.65654217],37,5,"[0.47989515498241786, 0.6212764114798471]",1,-1
37315,[0.65868867 0.63084165],37,9,"[0.5945682323783136, 0.6193254997600653]",1,-1
37316,[0.67301715 0.56946415],37,11,"[0.7051682617613192, 0.574171671796882]",1,-1
37317,[0.50705262 0.61085348],37,5,"[0.47989515498241786, 0.6212764114798471]",1,-1
37318,[0.55662468 0.64642364],37,9,"[0.5945682323783136, 0.6193254997600653]",1,-1
37319,[0.64416556 0.63329908],37,9,"[0.5945682323783136, 0.6193254997600653]",1,-1
37320,[0.62510522 0.55499853],37,10,"[0.6101257152780476, 0.5394800330734051]",1,-1
37321,[0.5908669  0.63091388],37,9,"[0.5945682323783136, 0.6193254997600653]",1,-1
37322,[0.55507628 0.61665218],37,9,"[0.5945682323783136, 0.6193254997600653]",1,-1
37323,[0.50946135 0.57658873],37,2,"[0.5181425386759565, 0.548951681512668]",1,-1
37324,[0.68746884 0.54958321],37,11,"[0.7051682617613192, 0.574171671796882]",1,26
37325,[0.50743997 0.48107056],37,35,"[0.491626887866141, 0.45015531396212327]",1,-1
37326,[0.56993714 0.54219112],37,10,"[0.6101257152780476, 0.5394800330734051]",1,-1
37327,[0.52918682 0.60536489],37,5,"[0.47989515498241786, 0.6212764114798471]",1,-1
37328,[0.67067787 0.57451014],37,11,"[0.7051682617613192, 0.574171671796882]",1,-1
37329,[0.5924533  0.65286716],37,9,"[0.5945682323783136, 0.6193254997600653]",1,-1
37330,[0.46765328 0.54751965],37,2,"[0.5181425386759565, 0.548951681512668]",1,-1
37331,[0.55155667 0.60508713],37,9,"[0.5945682323783136, 0.6193254997600653]",1,66
37332,[0.57230266 0.61844112],37,9,"[0.5945682323783136, 0.6193254997600653]",1,-1
37333,[0.5062516 0.5508507],37,2,"[0.5181425386759565, 0.548951681512668]",1,-1
37334,[0.61013341 0.54762303],37,10,"[0.6101257152780476, 0.5394800330734051]",1,-1
37335,[0.58176024 0.59913103],37,9,"[0.5945682323783136, 0.6193254997600653]",1,-1
37336,[0.60448741 0.60600558],37,9,"[0.5945682323783136, 0.6193254997600653]",1,-1
37337,[0.57768608 0.52843896],37,10,"[0.6101257152780476, 0.5394800330734051]",1,-1
37338,[0.56982684 0.62394125],37,9,"[0.5945682323783136, 0.6193254997600653]",1,-1
37339,[0.59775883 0.55426286],37,10,"[0.6101257152780476, 0.5394800330734051]",1,64
37340,[0.66424353 0.51038781],37,26,"[0.6734889003123068, 0.4756404454441684]",1,-1
37341,[0.6065427  0.63205173],37,9,"[0.5945682323783136, 0.6193254997600653]",1,-1
37342,[0.52724573 0.57451549],37,2,"[0.5181425386759565, 0.548951681512668]",1,-1
37343,[0.57362353 0.55073319],37,10,"[0.6101257152780476, 0.5394800330734051]",1,69
37344,[0.53957458 0.54735895],37,2,"[0.5181425386759565, 0.548951681512668]",1,65
37345,[0.49019268 0.56767407],37,2,"[0.5181425386759565, 0.548951681512668]",1,-1
37346,[0.5393916  0.67458576],37,41,"[0.5613949929729852, 0.701115936473092]",1,-1
37347,[0.5881635  0.57245315],37,10,"[0.6101257152780476, 0.5394800330734051]",1,-1
37348,[0.53853618 0.60975622],37,9,"[0.5945682323783136, 0.6193254997600653]",1,-1
37349,[0.62271352 0.55479335],37,10,"[0.6101257152780476, 0.5394800330734051]",1,-1
37350,[0.55017021 0.61393579],37,9,"[0.5945682323783136, 0.6193254997600653]",1,-1
37351,[0.47624161 0.52968583],37,2,"[0.5181425386759565, 0.548951681512668]",1,-1
37352,[0.58998247 0.60255976],37,9,"[0.5945682323783136, 0.6193254997600653]",1,-1
37353,[0.62046433 0.56197667],37,10,"[0.6101257152780476, 0.5394800330734051]",1,-1
37354,[0.5985464  0.68834357],37,41,"[0.5613949929729852, 0.701115936473092]",1,-1
37355,[0.60704671 0.67294295],37,41,"[0.5613949929729852, 0.701115936473092]",1,-1
37356,[0.49962932 0.58759926],37,5,"[0.47989515498241786, 0.6212764114798471]",1,-1
37357,[0.58786003 0.67280034],37,41,"[0.5613949929729852, 0.701115936473092]",1,-1
37358,[0.57443562 0.57417251],37,9,"[0.5945682323783136, 0.6193254997600653]",1,69
37359,[0.49111228 0.73760519],37,47,"[0.4308417820697566, 0.7426361553548808]",1,-1
37360,[0.54052891 0.55223225],37,2,"[0.5181425386759565, 0.548951681512668]",1,-1
37361,[0.5811001  0.63606078],37,9,"[0.5945682323783136, 0.6193254997600653]",1,-1
37362,[0.5734918  0.58449033],37,9,"[0.5945682323783136, 0.6193254997600653]",1,-1
37363,[0.56614081 0.4864374 ],37,27,"[0.5866068271601823, 0.4386408725933068]",1,-1
37364,[0.58879638 0.54404277],37,10,"[0.6101257152780476, 0.5394800330734051]",1,-1
37365,[0.55838261 0.54562348],37,2,"[0.5181425386759565, 0.548951681512668]",1,-1
37366,[0.56970871 0.54746828],37,10,"[0.6101257152780476, 0.5394800330734051]",1,-1
37367,[0.59170661 0.49582938],37,10,"[0.6101257152780476, 0.5394800330734051]",1,-1
37368,[0.51227209 0.5205399 ],37,2,"[0.5181425386759565, 0.548951681512668]",1,-1
37369,[0.6182399  0.63437595],37,9,"[0.5945682323783136, 0.6193254997600653]",1,-1
37370,[0.60100703 0.45170701],37,27,"[0.5866068271601823, 0.4386408725933068]",1,-1
37371,[0.51881042 0.5331743 ],37,2,"[0.5181425386759565, 0.548951681512668]",1,65
37372,[0.54751808 0.51372726],37,2,"[0.5181425386759565, 0.548951681512668]",1,-1
37373,[0.61095145 0.4860575 ],37,27,"[0.5866068271601823, 0.4386408725933068]",1,34
37374,[0.60450312 0.56676412],37,10,"[0.6101257152780476, 0.5394800330734051]",1,-1
37375,[0.63736658 0.5689937 ],37,10,"[0.6101257152780476, 0.5394800330734051]",1,-1
37376,[0.58263511 0.60415229],37,9,"[0.5945682323783136, 0.6193254997600653]",1,-1
37377,[0.58295976 0.5731661 ],37,10,"[0.6101257152780476, 0.5394800330734051]",1,69
37378,[0.57390903 0.59848465],37,9,"[0.5945682323783136, 0.6193254997600653]",1,68
37379,[0.52964377 0.56989906],37,2,"[0.5181425386759565, 0.548951681512668]",1,-1
37380,[0.57168836 0.5079507 ],37,10,"[0.6101257152780476, 0.5394800330734051]",1,-1
37381,[0.58562781 0.64025113],37,9,"[0.5945682323783136, 0.6193254997600653]",1,-1
37382,[0.55657411 0.64972893],37,9,"[0.5945682323783136, 0.6193254997600653]",1,-1
37383,[0.54423511 0.47876346],37,27,"[0.5866068271601823, 0.4386408725933068]",1,-1
37384,[0.66105985 0.60369166],37,11,"[0.7051682617613192, 0.574171671796882]",1,-1
37385,[0.58510671 0.59246533],37,9,"[0.5945682323783136, 0.6193254997600653]",1,-1
37386,[0.55887944 0.54272102],37,2,"[0.5181425386759565, 0.548951681512668]",1,-1
37387,[0.64971695 0.64691939],37,9,"[0.5945682323783136, 0.6193254997600653]",1,-1
37388,[0.58759773 0.59759242],37,9,"[0.5945682323783136, 0.6193254997600653]",1,-1
37389,[0.5454714  0.58662582],37,2,"[0.5181425386759565, 0.548951681512668]",1,-1
37390,[0.59508344 0.5473716 ],37,10,"[0.6101257152780476, 0.5394800330734051]",1,64
37391,[0.5105287  0.58079698],37,2,"[0.5181425386759565, 0.548951681512668]",1,-1
37392,[0.60418395 0.59368641],37,9,"[0.5945682323783136, 0.6193254997600653]",1,63
37393,[0.63047752 0.5936913 ],37,9,"[0.5945682323783136, 0.6193254997600653]",1,-1
37394,[0.59176826 0.53083909],37,10,"[0.6101257152780476, 0.5394800330734051]",1,-1
37395,[0.61748229 0.54678745],37,10,"[0.6101257152780476, 0.5394800330734051]",1,-1
37396,[0.58763261 0.5337131 ],37,10,"[0.6101257152780476, 0.5394800330734051]",1,-1
37397,[0.57178685 0.5623115 ],37,10,"[0.6101257152780476, 0.5394800330734051]",1,-1
37398,[0.64714014 0.55251261],37,10,"[0.6101257152780476, 0.5394800330734051]",1,-1
37399,[0.55601059 0.56284792],37,2,"[0.5181425386759565, 0.548951681512668]",1,65
37400,[0.43284609 0.56974315],37,25,"[0.38660465276603295, 0.5871767558758164]",1,-1
37401,[0.54714172 0.56779521],37,2,"[0.5181425386759565, 0.548951681512668]",1,65
37402,[0.44739181 0.57733842],37,5,"[0.47989515498241786, 0.6212764114798471]",1,-1
37403,[0.63766713 0.59415346],37,9,"[0.5945682323783136, 0.6193254997600653]",1,-1
37404,[0.63082611 0.38818515],37,28,"[0.6409610568572724, 0.3943628717562158]",1,-1
37405,[0.66331877 0.6247048 ],37,11,"[0.7051682617613192, 0.574171671796882]",1,-1
37406,[0.56968336 0.55770967],37,10,"[0.6101257152780476, 0.5394800330734051]",1,69
37407,[0.50548271 0.59658723],37,5,"[0.47989515498241786, 0.6212764114798471]",1,-1
37408,[0.58014532 0.56563828],37,10,"[0.6101257152780476, 0.5394800330734051]",1,-1
37409,[0.58053749 0.51167195],37,10,"[0.6101257152780476, 0.5394800330734051]",1,-1
37410,[0.62145345 0.62064275],37,9,"[0.5945682323783136, 0.6193254997600653]",1,-1
37411,[0.59913092 0.64055479],37,9,"[0.5945682323783136, 0.6193254997600653]",1,-1
37412,[0.54733236 0.59062029],37,2,"[0.5181425386759565, 0.548951681512668]",1,-1
37413,[0.70544027 0.5829557 ],37,11,"[0.7051682617613192, 0.574171671796882]",1,-1
37414,[0.50108214 0.57214949],37,2,"[0.5181425386759565, 0.548951681512668]",1,75
37415,[0.50873908 0.60825038],37,5,"[0.47989515498241786, 0.6212764114798471]",1,-1
37416,[0.58245443 0.53648873],37,10,"[0.6101257152780476, 0.5394800330734051]",1,-1
37417,[0.57484434 0.54479885],37,10,"[0.6101257152780476, 0.5394800330734051]",1,69
37418,[0.50524259 0.56065785],37,2,"[0.5181425386759565, 0.548951681512668]",1,-1
37419,[0.58200782 0.58302525],37,9,"[0.5945682323783136, 0.6193254997600653]",1,-1
37420,[0.57563409 0.64049382],37,9,"[0.5945682323783136, 0.6193254997600653]",1,-1
37421,[0.62209838 0.71491286],37,34,"[0.6634532409245524, 0.760224782080757]",1,-1
37422,[0.49456934 0.67521848],37,5,"[0.47989515498241786, 0.6212764114798471]",1,-1
37423,[0.62607441 0.60810197],37,9,"[0.5945682323783136, 0.6193254997600653]",1,-1
37424,[0.67511886 0.66848472],37,-1,-1,1,-1
37425,[0.63073022 0.48187143],37,26,"[0.6734889003123068, 0.4756404454441684]",1,-1
37426,[0.49224867 0.60390332],37,5,"[0.47989515498241786, 0.6212764114798471]",1,67
37427,[0.64653928 0.64105638],37,9,"[0.5945682323783136, 0.6193254997600653]",1,-1
37428,[0.53291972 0.57632935],37,2,"[0.5181425386759565, 0.548951681512668]",1,65
37429,[0.58610277 0.60424572],37,9,"[0.5945682323783136, 0.6193254997600653]",1,-1
37430,[0.54915385 0.6503917 ],37,41,"[0.5613949929729852, 0.701115936473092]",1,-1
37431,[0.56674711 0.49984393],37,10,"[0.6101257152780476, 0.5394800330734051]",1,-1
37432,[0.65673103 0.64741795],37,9,"[0.5945682323783136, 0.6193254997600653]",1,-1
37433,[0.6551682  0.56309418],37,10,"[0.6101257152780476, 0.5394800330734051]",1,-1
37434,[0.61843492 0.61119919],37,9,"[0.5945682323783136, 0.6193254997600653]",1,-1
37435,[0.5015251  0.60126162],37,5,"[0.47989515498241786, 0.6212764114798471]",1,-1
37436,[0.57665805 0.53555419],37,10,"[0.6101257152780476, 0.5394800330734051]",1,-1
37437,[0.65437338 0.59055111],37,11,"[0.7051682617613192, 0.574171671796882]",1,-1
37438,[0.67260829 0.5881867 ],37,11,"[0.7051682617613192, 0.574171671796882]",1,-1
37439,[0.65370922 0.5891381 ],37,11,"[0.7051682617613192, 0.574171671796882]",1,-1
37440,[0.66716205 0.49432637],37,26,"[0.6734889003123068, 0.4756404454441684]",1,-1
37441,[0.65292973 0.5605871 ],37,10,"[0.6101257152780476, 0.5394800330734051]",1,-1
37442,[0.57605485 0.59013148],37,9,"[0.5945682323783136, 0.6193254997600653]",1,68
37443,[0.66445979 0.58316587],37,11,"[0.7051682617613192, 0.574171671796882]",1,55
37444,[0.52671899 0.54345027],37,2,"[0.5181425386759565, 0.548951681512668]",1,65
37445,[0.59164682 0.49209601],37,10,"[0.6101257152780476, 0.5394800330734051]",1,-1
37446,[0.59249714 0.51870444],37,10,"[0.6101257152780476, 0.5394800330734051]",1,-1
37447,[0.60482292 0.48411089],37,27,"[0.5866068271601823, 0.4386408725933068]",1,-1
37448,[0.66419604 0.57147056],37,11,"[0.7051682617613192, 0.574171671796882]",1,-1
37449,[0.60043265 0.52370409],37,10,"[0.6101257152780476, 0.5394800330734051]",1,-1
37450,[0.67917629 0.51085813],37,26,"[0.6734889003123068, 0.4756404454441684]",1,-1
37451,[0.55999346 0.49461028],37,27,"[0.5866068271601823, 0.4386408725933068]",1,-1
37452,[0.57906883 0.51574251],37,10,"[0.6101257152780476, 0.5394800330734051]",1,-1
37453,[0.62054512 0.53689827],37,10,"[0.6101257152780476, 0.5394800330734051]",1,-1
37454,[0.50149178 0.62390637],37,5,"[0.47989515498241786, 0.6212764114798471]",1,-1
37455,[0.5576752  0.50972087],37,2,"[0.5181425386759565, 0.548951681512668]",1,-1
37456,[0.50249864 0.50204351],37,2,"[0.5181425386759565, 0.548951681512668]",1,-1
37457,[0.52225972 0.58197356],37,2,"[0.5181425386759565, 0.548951681512668]",1,-1
37458,[0.6158155  0.58929577],37,9,"[0.5945682323783136, 0.6193254997600653]",1,63
37459,[0.64768948 0.49182064],37,26,"[0.6734889003123068, 0.4756404454441684]",1,-1
37460,[0.60756247 0.60085805],37,9,"[0.5945682323783136, 0.6193254997600653]",1,-1
37461,[0.48281449 0.58445048],37,5,"[0.47989515498241786, 0.6212764114798471]",1,-1
37462,[0.49172765 0.62401158],37,5,"[0.47989515498241786, 0.6212764114798471]",1,-1
37463,[0.55263781 0.54331965],37,2,"[0.5181425386759565, 0.548951681512668]",1,-1
37464,[0.58542861 0.56136474],37,10,"[0.6101257152780476, 0.5394800330734051]",1,-1
37465,[0.58908407 0.56518891],37,10,"[0.6101257152780476, 0.5394800330734051]",1,-1
37466,[0.61796662 0.41744567],37,28,"[0.6409610568572724, 0.3943628717562158]",1,-1
37467,[0.48674411 0.54513825],37,2,"[0.5181425386759565, 0.548951681512668]",1,-1
37468,[0.6632462  0.69872311],37,34,"[0.6634532409245524, 0.760224782080757]",1,-1
37469,[0.54406653 0.5405054 ],37,2,"[0.5181425386759565, 0.548951681512668]",1,-1
37470,[0.59895701 0.59273444],37,9,"[0.5945682323783136, 0.6193254997600653]",1,63
37471,[0.56004071 0.5281896 ],37,2,"[0.5181425386759565, 0.548951681512668]",1,-1
37472,[0.69057606 0.51672689],37,26,"[0.6734889003123068, 0.4756404454441684]",1,-1
37473,[0.61677    0.59527263],37,9,"[0.5945682323783136, 0.6193254997600653]",1,-1
37474,[0.60638702 0.58430901],37,9,"[0.5945682323783136, 0.6193254997600653]",1,63
37475,[0.50641873 0.62934875],37,5,"[0.47989515498241786, 0.6212764114798471]",1,-1
37476,[0.58354629 0.58229163],37,9,"[0.5945682323783136, 0.6193254997600653]",1,-1
37477,[0.54366478 0.57428085],37,2,"[0.5181425386759565, 0.548951681512668]",1,65
37478,[0.52078833 0.57572041],37,2,"[0.5181425386759565, 0.548951681512668]",1,-1
37479,[0.52415252 0.69305171],37,41,"[0.5613949929729852, 0.701115936473092]",1,-1
37480,[0.59447016 0.45377699],37,27,"[0.5866068271601823, 0.4386408725933068]",1,-1
37481,[0.65807301 0.54092028],37,10,"[0.6101257152780476, 0.5394800330734051]",1,-1
37482,[0.50486939 0.54982137],37,2,"[0.5181425386759565, 0.548951681512668]",1,-1
37483,[0.50732779 0.57941294],37,2,"[0.5181425386759565, 0.548951681512668]",1,-1
37484,[0.54657981 0.57353137],37,2,"[0.5181425386759565, 0.548951681512668]",1,65
37485,[0.58338976 0.61822825],37,9,"[0.5945682323783136, 0.6193254997600653]",1,-1
37486,[0.57757692 0.54888118],37,10,"[0.6101257152780476, 0.5394800330734051]",1,-1
37487,[0.60880029 0.55981262],37,10,"[0.6101257152780476, 0.5394800330734051]",1,64
37488,[0.51789031 0.49282065],37,35,"[0.491626887866141, 0.45015531396212327]",1,-1
37489,[0.55672596 0.54097726],37,2,"[0.5181425386759565, 0.548951681512668]",1,-1
37490,[0.6689975  0.53797488],37,11,"[0.7051682617613192, 0.574171671796882]",1,-1
37491,[0.68737344 0.56338029],37,11,"[0.7051682617613192, 0.574171671796882]",1,-1
37492,[0.68720757 0.59511903],37,11,"[0.7051682617613192, 0.574171671796882]",1,-1
37493,[0.56897558 0.54703957],37,10,"[0.6101257152780476, 0.5394800330734051]",1,-1
37494,[0.55249756 0.60409288],37,9,"[0.5945682323783136, 0.6193254997600653]",1,66
37495,[0.54323014 0.5887903 ],37,2,"[0.5181425386759565, 0.548951681512668]",1,-1
37496,[0.53559444 0.51853503],37,2,"[0.5181425386759565, 0.548951681512668]",1,-1
37497,[0.59049672 0.51456559],37,10,"[0.6101257152780476, 0.5394800330734051]",1,-1
37498,[0.5670781 0.4494088],37,27,"[0.5866068271601823, 0.4386408725933068]",1,-1
37499,[0.55340179 0.50281435],37,2,"[0.5181425386759565, 0.548951681512668]",1,-1
37500,[0.55569125 0.52136944],37,2,"[0.5181425386759565, 0.548951681512668]",1,-1
37501,[0.58951324 0.57047507],37,10,"[0.6101257152780476, 0.5394800330734051]",1,-1
37502,[0.62473464 0.59747243],37,9,"[0.5945682323783136, 0.6193254997600653]",1,-1
37503,[0.65088953 0.58232069],37,11,"[0.7051682617613192, 0.574171671796882]",1,-1
37504,[0.62181345 0.515423  ],37,10,"[0.6101257152780476, 0.5394800330734051]",1,-1
37505,[0.52485269 0.5979003 ],37,2,"[0.5181425386759565, 0.548951681512668]",1,-1
37506,[0.51126403 0.62254394],37,5,"[0.47989515498241786, 0.6212764114798471]",1,-1
37507,[0.587588   0.57029105],37,10,"[0.6101257152780476, 0.5394800330734051]",1,-1
37508,[0.61186199 0.63178464],37,9,"[0.5945682323783136, 0.6193254997600653]",1,-1
37509,[0.47650208 0.59580936],37,5,"[0.47989515498241786, 0.6212764114798471]",1,-1
37510,[0.59971817 0.63290546],37,9,"[0.5945682323783136, 0.6193254997600653]",1,-1
37511,[0.60962778 0.65830709],37,9,"[0.5945682323783136, 0.6193254997600653]",1,-1
37512,[0.56172307 0.5563066 ],37,2,"[0.5181425386759565, 0.548951681512668]",1,-1
37513,[0.65782318 0.53838872],37,10,"[0.6101257152780476, 0.5394800330734051]",1,-1
37514,[0.57939641 0.51209793],37,10,"[0.6101257152780476, 0.5394800330734051]",1,-1
37515,[0.59455975 0.62375167],37,9,"[0.5945682323783136, 0.6193254997600653]",1,-1
37516,[0.51028795 0.56991271],37,2,"[0.5181425386759565, 0.548951681512668]",1,-1
37517,[0.59876176 0.58072409],37,9,"[0.5945682323783136, 0.6193254997600653]",1,-1
37518,[0.55228182 0.61048279],37,9,"[0.5945682323783136, 0.6193254997600653]",1,-1
37519,[0.65833038 0.57823277],37,11,"[0.7051682617613192, 0.574171671796882]",1,55
37520,[0.60815846 0.62071195],37,9,"[0.5945682323783136, 0.6193254997600653]",1,-1
37521,[0.60604479 0.50067323],37,10,"[0.6101257152780476, 0.5394800330734051]",1,-1
37522,[0.58460391 0.63762065],37,9,"[0.5945682323783136, 0.6193254997600653]",1,-1
37523,[0.59879517 0.46698732],37,27,"[0.5866068271601823, 0.4386408725933068]",1,-1
37524,[0.60589775 0.56663295],37,10,"[0.6101257152780476, 0.5394800330734051]",1,-1
37525,[0.64650959 0.53678096],37,10,"[0.6101257152780476, 0.5394800330734051]",1,-1
37526,[0.71442433 0.48459421],37,26,"[0.6734889003123068, 0.4756404454441684]",1,-1
37527,[0.65844787 0.53871943],37,10,"[0.6101257152780476, 0.5394800330734051]",1,-1
37528,[0.66369335 0.55714325],37,11,"[0.7051682617613192, 0.574171671796882]",1,-1
37529,[0.64469904 0.55045013],37,10,"[0.6101257152780476, 0.5394800330734051]",1,-1
37530,[0.55137743 0.53836339],37,2,"[0.5181425386759565, 0.548951681512668]",1,-1
37531,[0.52337264 0.52790367],37,2,"[0.5181425386759565, 0.548951681512668]",1,-1
37532,[0.55053927 0.5538907 ],37,2,"[0.5181425386759565, 0.548951681512668]",1,-1
37533,[0.58870295 0.59263463],37,9,"[0.5945682323783136, 0.6193254997600653]",1,-1
37534,[0.54529843 0.59705146],37,9,"[0.5945682323783136, 0.6193254997600653]",1,66
37535,[0.5126278  0.51167095],37,2,"[0.5181425386759565, 0.548951681512668]",1,-1
37536,[0.55984187 0.54706046],37,2,"[0.5181425386759565, 0.548951681512668]",1,-1
37537,[0.56579645 0.51871114],37,10,"[0.6101257152780476, 0.5394800330734051]",1,-1
37538,[0.62954218 0.47498538],37,26,"[0.6734889003123068, 0.4756404454441684]",1,-1
37539,[0.50136451 0.61005413],37,5,"[0.47989515498241786, 0.6212764114798471]",1,-1
37540,[0.64470553 0.59619169],37,9,"[0.5945682323783136, 0.6193254997600653]",1,-1
37541,[0.57200228 0.50622286],37,10,"[0.6101257152780476, 0.5394800330734051]",1,-1
37542,[0.59358111 0.48097659],37,27,"[0.5866068271601823, 0.4386408725933068]",1,-1
37543,[0.59600795 0.53671408],37,10,"[0.6101257152780476, 0.5394800330734051]",1,-1
37544,[0.60789681 0.53575178],37,10,"[0.6101257152780476, 0.5394800330734051]",1,-1
37545,[0.61478059 0.52175691],37,10,"[0.6101257152780476, 0.5394800330734051]",1,-1
37546,[0.63531806 0.57939312],37,10,"[0.6101257152780476, 0.5394800330734051]",1,-1
37547,[0.66831203 0.53457924],37,11,"[0.7051682617613192, 0.574171671796882]",1,-1
37548,[0.58444288 0.62852203],37,9,"[0.5945682323783136, 0.6193254997600653]",1,-1
37549,[0.57101727 0.54059092],37,10,"[0.6101257152780476, 0.5394800330734051]",1,69
37550,[0.53652267 0.58204183],37,2,"[0.5181425386759565, 0.548951681512668]",1,65
37551,[0.64655442 0.57916096],37,10,"[0.6101257152780476, 0.5394800330734051]",1,-1
37552,[0.58210846 0.49955437],37,10,"[0.6101257152780476, 0.5394800330734051]",1,-1
37553,[0.57354719 0.52525453],37,10,"[0.6101257152780476, 0.5394800330734051]",1,-1
37554,[0.65405417 0.63802424],37,9,"[0.5945682323783136, 0.6193254997600653]",1,-1
37555,[0.57320771 0.58519724],37,9,"[0.5945682323783136, 0.6193254997600653]",1,-1
37556,[0.57803558 0.52316018],37,10,"[0.6101257152780476, 0.5394800330734051]",1,-1
37557,[0.64955497 0.53304914],37,10,"[0.6101257152780476, 0.5394800330734051]",1,-1
37558,[0.63160406 0.52828321],37,10,"[0.6101257152780476, 0.5394800330734051]",1,-1
37559,[0.58751378 0.47232105],37,27,"[0.5866068271601823, 0.4386408725933068]",1,-1
37560,[0.59018352 0.58899009],37,9,"[0.5945682323783136, 0.6193254997600653]",1,63
37561,[0.55682747 0.60814873],37,9,"[0.5945682323783136, 0.6193254997600653]",1,-1
37562,[0.49968229 0.5599233 ],37,2,"[0.5181425386759565, 0.548951681512668]",1,75
37563,[0.60103346 0.53090665],37,10,"[0.6101257152780476, 0.5394800330734051]",1,-1
37564,[0.59931865 0.58675683],37,9,"[0.5945682323783136, 0.6193254997600653]",1,-1
37565,[0.56647729 0.56314072],37,10,"[0.6101257152780476, 0.5394800330734051]",1,-1
37566,[0.47525864 0.49087822],37,35,"[0.491626887866141, 0.45015531396212327]",1,-1
37567,[0.60127948 0.48337024],37,27,"[0.5866068271601823, 0.4386408725933068]",1,-1
37568,[0.61149988 0.61155373],37,9,"[0.5945682323783136, 0.6193254997600653]",1,-1
37569,[0.60866018 0.53555293],37,10,"[0.6101257152780476, 0.5394800330734051]",1,-1
37570,[0.51474525 0.62630715],37,5,"[0.47989515498241786, 0.6212764114798471]",1,-1
37571,[0.55011204 0.59039693],37,2,"[0.5181425386759565, 0.548951681512668]",1,-1
37572,[0.54169644 0.59404243],37,2,"[0.5181425386759565, 0.548951681512668]",1,66
37573,[0.57025065 0.62926487],37,9,"[0.5945682323783136, 0.6193254997600653]",1,-1
37574,[0.58540179 0.64024487],37,9,"[0.5945682323783136, 0.6193254997600653]",1,-1
37575,[0.57198358 0.5655995 ],37,10,"[0.6101257152780476, 0.5394800330734051]",1,69
37576,[0.63027485 0.6997711 ],37,41,"[0.5613949929729852, 0.701115936473092]",1,-1
37577,[0.59105571 0.54691775],37,10,"[0.6101257152780476, 0.5394800330734051]",1,64
37578,[0.58113509 0.57596925],37,9,"[0.5945682323783136, 0.6193254997600653]",1,69
37579,[0.54912454 0.57967584],37,2,"[0.5181425386759565, 0.548951681512668]",1,-1
37580,[0.58021761 0.56327577],37,10,"[0.6101257152780476, 0.5394800330734051]",1,-1
37581,[0.53583625 0.60847028],37,5,"[0.47989515498241786, 0.6212764114798471]",1,-1
37582,[0.64274008 0.62039515],37,9,"[0.5945682323783136, 0.6193254997600653]",1,-1
37583,[0.52428995 0.65551056],37,5,"[0.47989515498241786, 0.6212764114798471]",1,-1
37584,[0.63475915 0.54509283],37,10,"[0.6101257152780476, 0.5394800330734051]",1,-1
37585,[0.57961027 0.62310853],37,9,"[0.5945682323783136, 0.6193254997600653]",1,-1
37586,[0.47996413 0.49851455],37,35,"[0.491626887866141, 0.45015531396212327]",1,-1
37587,[0.50904848 0.59263404],37,5,"[0.47989515498241786, 0.6212764114798471]",1,-1
37588,[0.60011327 0.53596535],37,10,"[0.6101257152780476, 0.5394800330734051]",1,-1
37589,[0.60472106 0.62615634],37,9,"[0.5945682323783136, 0.6193254997600653]",1,-1
37590,[0.57298217 0.56600706],37,10,"[0.6101257152780476, 0.5394800330734051]",1,69
37591,[0.5308323  0.57124383],37,2,"[0.5181425386759565, 0.548951681512668]",1,-1
37592,[0.55494414 0.55552042],37,2,"[0.5181425386759565, 0.548951681512668]",1,-1
37593,[0.53063182 0.56000866],37,2,"[0.5181425386759565, 0.548951681512668]",1,65
37594,[0.60009341 0.5422367 ],37,10,"[0.6101257152780476, 0.5394800330734051]",1,-1
37595,[0.56549781 0.60169878],37,9,"[0.5945682323783136, 0.6193254997600653]",1,-1
37596,[0.55635595 0.63182211],37,9,"[0.5945682323783136, 0.6193254997600653]",1,-1
37597,[0.63411898 0.63396511],37,9,"[0.5945682323783136, 0.6193254997600653]",1,-1
37598,[0.54974564 0.56212614],37,2,"[0.5181425386759565, 0.548951681512668]",1,-1
37599,[0.50556854 0.51300395],37,2,"[0.5181425386759565, 0.548951681512668]",1,-1
37600,[0.60727719 0.55342723],37,10,"[0.6101257152780476, 0.5394800330734051]",1,64
37601,[0.61137056 0.53544754],37,10,"[0.6101257152780476, 0.5394800330734051]",1,-1
37602,[0.5733166  0.59795759],37,9,"[0.5945682323783136, 0.6193254997600653]",1,68
37603,[0.59446979 0.64634794],37,9,"[0.5945682323783136, 0.6193254997600653]",1,-1
37604,[0.54442321 0.53450606],37,2,"[0.5181425386759565, 0.548951681512668]",1,-1
37605,[0.54847446 0.59957016],37,9,"[0.5945682323783136, 0.6193254997600653]",1,66
37606,[0.60300129 0.60377174],37,9,"[0.5945682323783136, 0.6193254997600653]",1,-1
37607,[0.61136332 0.60228559],37,9,"[0.5945682323783136, 0.6193254997600653]",1,-1
37608,[0.54955772 0.58700431],37,2,"[0.5181425386759565, 0.548951681512668]",1,-1
37609,[0.601807   0.56554558],37,10,"[0.6101257152780476, 0.5394800330734051]",1,-1
37610,[0.56285908 0.64394164],37,9,"[0.5945682323783136, 0.6193254997600653]",1,-1
37611,[0.52429772 0.64964035],37,5,"[0.47989515498241786, 0.6212764114798471]",1,-1
37612,[0.59265968 0.60487403],37,9,"[0.5945682323783136, 0.6193254997600653]",1,-1
37613,[0.49343704 0.5301214 ],37,2,"[0.5181425386759565, 0.548951681512668]",1,-1
37614,[0.5128223  0.53614065],37,2,"[0.5181425386759565, 0.548951681512668]",1,-1
37615,[0.44193501 0.55723573],37,18,"[0.4203234088660354, 0.508036417947434]",1,-1
37616,[0.52504825 0.56394507],37,2,"[0.5181425386759565, 0.548951681512668]",1,-1
37617,[0.64728291 0.55764846],37,10,"[0.6101257152780476, 0.5394800330734051]",1,-1
37618,[0.6139603  0.54013248],37,10,"[0.6101257152780476, 0.5394800330734051]",1,-1
37619,[0.60482668 0.56941638],37,10,"[0.6101257152780476, 0.5394800330734051]",1,-1
37620,[0.67282913 0.59395731],37,11,"[0.7051682617613192, 0.574171671796882]",1,-1
37621,[0.63545384 0.54753836],37,10,"[0.6101257152780476, 0.5394800330734051]",1,-1
37622,[0.58187155 0.61075424],37,9,"[0.5945682323783136, 0.6193254997600653]",1,-1
37623,[0.56444262 0.56846923],37,2,"[0.5181425386759565, 0.548951681512668]",1,-1
37624,[0.60883667 0.56883438],37,10,"[0.6101257152780476, 0.5394800330734051]",1,-1
37625,[0.6078238  0.49097092],37,10,"[0.6101257152780476, 0.5394800330734051]",1,-1
37626,[0.61827168 0.58959731],37,9,"[0.5945682323783136, 0.6193254997600653]",1,-1
37627,[0.56435955 0.47531231],37,27,"[0.5866068271601823, 0.4386408725933068]",1,-1
37628,[0.61765222 0.57224998],37,10,"[0.6101257152780476, 0.5394800330734051]",1,-1
37629,[0.57717574 0.6143624 ],37,9,"[0.5945682323783136, 0.6193254997600653]",1,-1
37630,[0.52732485 0.46444369],37,35,"[0.491626887866141, 0.45015531396212327]",1,-1
37631,[0.57969215 0.67162264],37,41,"[0.5613949929729852, 0.701115936473092]",1,-1
37632,[0.47864482 0.62885126],37,5,"[0.47989515498241786, 0.6212764114798471]",1,-1
37633,[0.5975484  0.55949922],37,10,"[0.6101257152780476, 0.5394800330734051]",1,64
37634,[0.63206914 0.59857394],37,9,"[0.5945682323783136, 0.6193254997600653]",1,-1
37635,[0.57164166 0.51550378],37,10,"[0.6101257152780476, 0.5394800330734051]",1,-1
37636,[0.57844117 0.64187469],37,9,"[0.5945682323783136, 0.6193254997600653]",1,-1
37637,[0.57098256 0.57531724],37,9,"[0.5945682323783136, 0.6193254997600653]",1,69
37638,[0.55309668 0.64127147],37,9,"[0.5945682323783136, 0.6193254997600653]",1,-1
37639,[0.57637325 0.56325703],37,10,"[0.6101257152780476, 0.5394800330734051]",1,-1
37640,[0.59867993 0.46558807],37,27,"[0.5866068271601823, 0.4386408725933068]",1,-1
37641,[0.62597386 0.53714469],37,10,"[0.6101257152780476, 0.5394800330734051]",1,-1
37642,[0.51529321 0.5153444 ],37,2,"[0.5181425386759565, 0.548951681512668]",1,-1
37643,[0.61751398 0.57509811],37,10,"[0.6101257152780476, 0.5394800330734051]",1,-1
37644,[0.55063344 0.56557344],37,2,"[0.5181425386759565, 0.548951681512668]",1,-1
37645,[0.58178774 0.6195659 ],37,9,"[0.5945682323783136, 0.6193254997600653]",1,-1
37646,[0.59315335 0.57902407],37,9,"[0.5945682323783136, 0.6193254997600653]",1,-1
37647,[0.56578144 0.52784579],37,10,"[0.6101257152780476, 0.5394800330734051]",1,-1
37648,[0.56068932 0.64777564],37,9,"[0.5945682323783136, 0.6193254997600653]",1,-1
37649,[0.53296364 0.5888283 ],37,2,"[0.5181425386759565, 0.548951681512668]",1,-1
37650,[0.60360632 0.50967224],37,10,"[0.6101257152780476, 0.5394800330734051]",1,-1
37651,[0.64260316 0.50991708],37,10,"[0.6101257152780476, 0.5394800330734051]",1,-1
37652,[0.5054391  0.51378704],37,2,"[0.5181425386759565, 0.548951681512668]",1,-1
37653,[0.57452555 0.58240202],37,9,"[0.5945682323783136, 0.6193254997600653]",1,-1
37654,[0.59551733 0.6085519 ],37,9,"[0.5945682323783136, 0.6193254997600653]",1,-1
37655,[0.56635961 0.59190099],37,9,"[0.5945682323783136, 0.6193254997600653]",1,-1
37656,[0.54153784 0.54758774],37,2,"[0.5181425386759565, 0.548951681512668]",1,-1
37657,[0.55004541 0.50994506],37,2,"[0.5181425386759565, 0.548951681512668]",1,-1
37658,[0.61985795 0.52885406],37,10,"[0.6101257152780476, 0.5394800330734051]",1,-1
37659,[0.55365408 0.57356835],37,2,"[0.5181425386759565, 0.548951681512668]",1,-1
37660,[0.49334113 0.57982655],37,2,"[0.5181425386759565, 0.548951681512668]",1,-1
37661,[0.62630786 0.44378358],37,27,"[0.5866068271601823, 0.4386408725933068]",1,-1
37662,[0.63444043 0.52679622],37,10,"[0.6101257152780476, 0.5394800330734051]",1,-1
37663,[0.64209073 0.58000635],37,10,"[0.6101257152780476, 0.5394800330734051]",1,-1
37664,[0.55182638 0.5337291 ],37,2,"[0.5181425386759565, 0.548951681512668]",1,-1
37665,[0.64484776 0.57168238],37,10,"[0.6101257152780476, 0.5394800330734051]",1,-1
37666,[0.62649871 0.62360877],37,9,"[0.5945682323783136, 0.6193254997600653]",1,-1
37667,[0.65639175 0.56021752],37,10,"[0.6101257152780476, 0.5394800330734051]",1,-1
37668,[0.55413872 0.58058827],37,2,"[0.5181425386759565, 0.548951681512668]",1,-1
37669,[0.59259393 0.53194079],37,10,"[0.6101257152780476, 0.5394800330734051]",1,-1
37670,[0.5233992  0.61607713],37,5,"[0.47989515498241786, 0.6212764114798471]",1,-1
37671,[0.65201533 0.58882281],37,11,"[0.7051682617613192, 0.574171671796882]",1,-1
37672,[0.50931324 0.57631498],37,2,"[0.5181425386759565, 0.548951681512668]",1,-1
37673,[0.55635064 0.62107701],37,9,"[0.5945682323783136, 0.6193254997600653]",1,-1
37674,[0.58937137 0.56710102],37,10,"[0.6101257152780476, 0.5394800330734051]",1,-1
37675,[0.66971678 0.49514703],37,26,"[0.6734889003123068, 0.4756404454441684]",1,-1
37676,[0.54576116 0.71793139],37,41,"[0.5613949929729852, 0.701115936473092]",1,-1
37677,[0.6000267  0.58597809],37,9,"[0.5945682323783136, 0.6193254997600653]",1,-1
37678,[0.59377936 0.57176769],37,10,"[0.6101257152780476, 0.5394800330734051]",1,-1
37679,[0.61851506 0.52453823],37,10,"[0.6101257152780476, 0.5394800330734051]",1,-1
37680,[0.69180694 0.56130648],37,11,"[0.7051682617613192, 0.574171671796882]",1,-1
37681,[0.59955665 0.48198646],37,27,"[0.5866068271601823, 0.4386408725933068]",1,-1
37682,[0.53500225 0.52785787],37,2,"[0.5181425386759565, 0.548951681512668]",1,-1
37683,[0.61609858 0.54386918],37,10,"[0.6101257152780476, 0.5394800330734051]",1,-1
37684,[0.53441645 0.60159778],37,2,"[0.5181425386759565, 0.548951681512668]",1,-1
37685,[0.56384852 0.58737811],37,9,"[0.5945682323783136, 0.6193254997600653]",1,-1
37686,[0.53089178 0.52276625],37,2,"[0.5181425386759565, 0.548951681512668]",1,-1
37687,[0.65147447 0.66427326],37,-1,-1,1,-1
37688,[0.52847117 0.51452268],37,2,"[0.5181425386759565, 0.548951681512668]",1,-1
37689,[0.50521879 0.6511132 ],37,5,"[0.47989515498241786, 0.6212764114798471]",1,-1
37690,[0.62600053 0.61261658],37,9,"[0.5945682323783136, 0.6193254997600653]",1,-1
37691,[0.56608456 0.54101666],37,10,"[0.6101257152780476, 0.5394800330734051]",1,-1
37692,[0.57545158 0.59236386],37,9,"[0.5945682323783136, 0.6193254997600653]",1,68
37693,[0.48881174 0.61562592],37,5,"[0.47989515498241786, 0.6212764114798471]",1,-1
37694,[0.51934277 0.53187449],37,2,"[0.5181425386759565, 0.548951681512668]",1,65
37695,[0.58814558 0.55108216],37,10,"[0.6101257152780476, 0.5394800330734051]",1,-1
37696,[0.55834199 0.57152481],37,2,"[0.5181425386759565, 0.548951681512668]",1,-1
37697,[0.64147082 0.52833437],37,10,"[0.6101257152780476, 0.5394800330734051]",1,-1
37698,[0.62637523 0.60323365],37,9,"[0.5945682323783136, 0.6193254997600653]",1,-1
37699,[0.54754339 0.50219186],37,2,"[0.5181425386759565, 0.548951681512668]",1,-1
37700,[0.58385389 0.5590278 ],37,10,"[0.6101257152780476, 0.5394800330734051]",1,-1
37701,[0.55094269 0.48961878],37,27,"[0.5866068271601823, 0.4386408725933068]",1,-1
37702,[0.54365361 0.55252526],37,2,"[0.5181425386759565, 0.548951681512668]",1,-1
37703,[0.55841041 0.58500745],37,9,"[0.5945682323783136, 0.6193254997600653]",1,69
37704,[0.61184833 0.55056191],37,10,"[0.6101257152780476, 0.5394800330734051]",1,-1
37705,[0.60052651 0.56283532],37,10,"[0.6101257152780476, 0.5394800330734051]",1,64
37706,[0.60742025 0.60445827],37,9,"[0.5945682323783136, 0.6193254997600653]",1,-1
37707,[0.58804318 0.5944381 ],37,9,"[0.5945682323783136, 0.6193254997600653]",1,-1
37708,[0.74605832 0.53145667],37,11,"[0.7051682617613192, 0.574171671796882]",1,-1
37709,[0.69319291 0.57496315],37,11,"[0.7051682617613192, 0.574171671796882]",1,-1
37710,[0.57582566 0.60606388],37,9,"[0.5945682323783136, 0.6193254997600653]",1,-1
37711,[0.62650945 0.53320308],37,10,"[0.6101257152780476, 0.5394800330734051]",1,-1
37712,[0.62660532 0.62566239],37,9,"[0.5945682323783136, 0.6193254997600653]",1,-1
37713,[0.69920259 0.59436905],37,11,"[0.7051682617613192, 0.574171671796882]",1,-1
37714,[0.55072607 0.53871117],37,2,"[0.5181425386759565, 0.548951681512668]",1,-1
37715,[0.62137442 0.65443191],37,9,"[0.5945682323783136, 0.6193254997600653]",1,-1
37716,[0.60532596 0.54525447],37,10,"[0.6101257152780476, 0.5394800330734051]",1,-1
37717,[0.55465151 0.60630765],37,9,"[0.5945682323783136, 0.6193254997600653]",1,-1
37718,[0.55763522 0.64221539],37,9,"[0.5945682323783136, 0.6193254997600653]",1,-1
37719,[0.60115    0.54692524],37,10,"[0.6101257152780476, 0.5394800330734051]",1,-1
37720,[0.54689712 0.64894494],37,41,"[0.5613949929729852, 0.701115936473092]",1,-1
37721,[0.57067635 0.48615346],37,27,"[0.5866068271601823, 0.4386408725933068]",1,-1
37722,[0.53434514 0.49855499],37,2,"[0.5181425386759565, 0.548951681512668]",1,-1
37723,[0.5540263  0.63259914],37,9,"[0.5945682323783136, 0.6193254997600653]",1,-1
37724,[0.54749731 0.55383602],37,2,"[0.5181425386759565, 0.548951681512668]",1,-1
37725,[0.58200839 0.56911179],37,10,"[0.6101257152780476, 0.5394800330734051]",1,-1
37726,[0.58905493 0.60670157],37,9,"[0.5945682323783136, 0.6193254997600653]",1,-1
37727,[0.6337511  0.52490783],37,10,"[0.6101257152780476, 0.5394800330734051]",1,-1
37728,[0.62982424 0.58861954],37,9,"[0.5945682323783136, 0.6193254997600653]",1,-1
37729,[0.53307725 0.49203562],37,2,"[0.5181425386759565, 0.548951681512668]",1,-1
37730,[0.64957049 0.63481857],37,9,"[0.5945682323783136, 0.6193254997600653]",1,-1
37731,[0.54857913 0.51584004],37,2,"[0.5181425386759565, 0.548951681512668]",1,-1
37732,[0.68689271 0.47416727],37,26,"[0.6734889003123068, 0.4756404454441684]",1,39
37733,[0.55672167 0.64578599],37,9,"[0.5945682323783136, 0.6193254997600653]",1,-1
37734,[0.60755204 0.56440035],37,10,"[0.6101257152780476, 0.5394800330734051]",1,64
37735,[0.59532175 0.61205921],37,9,"[0.5945682323783136, 0.6193254997600653]",1,-1
37736,[0.58885963 0.53249814],37,10,"[0.6101257152780476, 0.5394800330734051]",1,-1
37737,[0.59289364 0.59682899],37,9,"[0.5945682323783136, 0.6193254997600653]",1,-1
37738,[0.59998276 0.61000924],37,9,"[0.5945682323783136, 0.6193254997600653]",1,-1
37739,[0.62375132 0.52095925],37,10,"[0.6101257152780476, 0.5394800330734051]",1,-1
37740,[0.53208551 0.56198653],37,2,"[0.5181425386759565, 0.548951681512668]",1,65
37741,[0.57814103 0.51095562],37,10,"[0.6101257152780476, 0.5394800330734051]",1,-1
37742,[0.61705688 0.57608621],37,10,"[0.6101257152780476, 0.5394800330734051]",1,63
37743,[0.60190789 0.56336464],37,10,"[0.6101257152780476, 0.5394800330734051]",1,64
37744,[0.61596865 0.50700219],37,10,"[0.6101257152780476, 0.5394800330734051]",1,-1
37745,[0.57590204 0.50297306],37,10,"[0.6101257152780476, 0.5394800330734051]",1,-1
37746,[0.58076679 0.56003521],37,10,"[0.6101257152780476, 0.5394800330734051]",1,-1
37747,[0.54652064 0.55540431],37,2,"[0.5181425386759565, 0.548951681512668]",1,-1
37748,[0.50563123 0.61841971],37,5,"[0.47989515498241786, 0.6212764114798471]",1,-1
37749,[0.58901865 0.6104454 ],37,9,"[0.5945682323783136, 0.6193254997600653]",1,-1
37750,[0.63604456 0.64215305],37,9,"[0.5945682323783136, 0.6193254997600653]",1,-1
37751,[0.58931766 0.58722091],37,9,"[0.5945682323783136, 0.6193254997600653]",1,63
37752,[0.51441288 0.63626579],37,5,"[0.47989515498241786, 0.6212764114798471]",1,-1
37753,[0.62699828 0.55181612],37,10,"[0.6101257152780476, 0.5394800330734051]",1,-1
37754,[0.6214738  0.59161024],37,9,"[0.5945682323783136, 0.6193254997600653]",1,-1
37755,[0.60171246 0.57554409],37,10,"[0.6101257152780476, 0.5394800330734051]",1,-1
37756,[0.60425843 0.56587291],37,10,"[0.6101257152780476, 0.5394800330734051]",1,-1
37757,[0.49607701 0.56364857],37,2,"[0.5181425386759565, 0.548951681512668]",1,-1
37758,[0.62094716 0.59821061],37,9,"[0.5945682323783136, 0.6193254997600653]",1,-1
37759,[0.62025191 0.58165786],37,10,"[0.6101257152780476, 0.5394800330734051]",1,63
37760,[0.55988071 0.50207207],37,10,"[0.6101257152780476, 0.5394800330734051]",1,-1
37761,[0.54748315 0.5238222 ],37,2,"[0.5181425386759565, 0.548951681512668]",1,-1
37762,[0.66660254 0.61540092],37,11,"[0.7051682617613192, 0.574171671796882]",1,-1
37763,[0.5337802  0.60781149],37,5,"[0.47989515498241786, 0.6212764114798471]",1,-1
37764,[0.61973713 0.60282858],37,9,"[0.5945682323783136, 0.6193254997600653]",1,-1
37765,[0.56356146 0.61133458],37,9,"[0.5945682323783136, 0.6193254997600653]",1,-1
37766,[0.59994142 0.63245496],37,9,"[0.5945682323783136, 0.6193254997600653]",1,-1
37767,[0.59631549 0.5043336 ],37,10,"[0.6101257152780476, 0.5394800330734051]",1,-1
37768,[0.51232952 0.64603054],37,5,"[0.47989515498241786, 0.6212764114798471]",1,-1
37769,[0.5515755  0.63130946],37,9,"[0.5945682323783136, 0.6193254997600653]",1,-1
37770,[0.61489709 0.52169968],37,10,"[0.6101257152780476, 0.5394800330734051]",1,-1
37771,[0.60440767 0.56174516],37,10,"[0.6101257152780476, 0.5394800330734051]",1,64
37772,[0.62812577 0.54270834],37,10,"[0.6101257152780476, 0.5394800330734051]",1,-1
37773,[0.54055388 0.5965201 ],37,2,"[0.5181425386759565, 0.548951681512668]",1,66
37774,[0.59511719 0.53656035],37,10,"[0.6101257152780476, 0.5394800330734051]",1,-1
37775,[0.57137313 0.62666329],37,9,"[0.5945682323783136, 0.6193254997600653]",1,-1
37776,[0.58466574 0.54877095],37,10,"[0.6101257152780476, 0.5394800330734051]",1,-1
37777,[0.67015164 0.53036831],37,26,"[0.6734889003123068, 0.4756404454441684]",1,-1
37778,[0.51891838 0.58810351],37,2,"[0.5181425386759565, 0.548951681512668]",1,74
37779,[0.50218377 0.57403403],37,2,"[0.5181425386759565, 0.548951681512668]",1,75
37780,[0.60569808 0.63673698],37,9,"[0.5945682323783136, 0.6193254997600653]",1,-1
37781,[0.53204384 0.59300711],37,2,"[0.5181425386759565, 0.548951681512668]",1,-1
37782,[0.5916386  0.45548717],37,27,"[0.5866068271601823, 0.4386408725933068]",1,-1
37783,[0.55381019 0.61676486],37,9,"[0.5945682323783136, 0.6193254997600653]",1,-1
37784,[0.59588578 0.53044618],37,10,"[0.6101257152780476, 0.5394800330734051]",1,-1
37785,[0.56006603 0.56525611],37,2,"[0.5181425386759565, 0.548951681512668]",1,-1
37786,[0.55477531 0.60587612],37,9,"[0.5945682323783136, 0.6193254997600653]",1,-1
37787,[0.55593895 0.59878361],37,9,"[0.5945682323783136, 0.6193254997600653]",1,-1
37788,[0.48454269 0.56659008],37,2,"[0.5181425386759565, 0.548951681512668]",1,-1
37789,[0.52452862 0.59852036],37,2,"[0.5181425386759565, 0.548951681512668]",1,-1
37790,[0.55663121 0.5251255 ],37,2,"[0.5181425386759565, 0.548951681512668]",1,-1
37791,[0.62136584 0.54710044],37,10,"[0.6101257152780476, 0.5394800330734051]",1,-1
37792,[0.5642474  0.59847526],37,9,"[0.5945682323783136, 0.6193254997600653]",1,-1
37793,[0.60046308 0.58660508],37,9,"[0.5945682323783136, 0.6193254997600653]",1,63
37794,[0.64373335 0.50835834],37,26,"[0.6734889003123068, 0.4756404454441684]",1,-1
37795,[0.55157113 0.60987013],37,9,"[0.5945682323783136, 0.6193254997600653]",1,66
37796,[0.57385462 0.55577537],37,10,"[0.6101257152780476, 0.5394800330734051]",1,-1
37797,[0.58613059 0.60676704],37,9,"[0.5945682323783136, 0.6193254997600653]",1,-1
37798,[0.64734413 0.59290326],37,9,"[0.5945682323783136, 0.6193254997600653]",1,-1
37799,[0.54301738 0.50583199],37,2,"[0.5181425386759565, 0.548951681512668]",1,-1
37800,[0.58504194 0.52529252],37,10,"[0.6101257152780476, 0.5394800330734051]",1,-1
37801,[0.58852008 0.52209604],37,10,"[0.6101257152780476, 0.5394800330734051]",1,-1
37802,[0.68867175 0.60240333],37,11,"[0.7051682617613192, 0.574171671796882]",1,-1
37803,[0.57524821 0.51287472],37,10,"[0.6101257152780476, 0.5394800330734051]",1,-1
37804,[0.64411731 0.61184606],37,9,"[0.5945682323783136, 0.6193254997600653]",1,-1
37805,[0.53213414 0.59630437],37,2,"[0.5181425386759565, 0.548951681512668]",1,-1
37806,[0.62158858 0.62425738],37,9,"[0.5945682323783136, 0.6193254997600653]",1,-1
37807,[0.52536104 0.62233779],37,5,"[0.47989515498241786, 0.6212764114798471]",1,-1
37808,[0.68991725 0.66237049],37,-1,-1,1,-1
37809,[0.70124187 0.58340027],37,11,"[0.7051682617613192, 0.574171671796882]",1,-1
37810,[0.55544892 0.58962063],37,9,"[0.5945682323783136, 0.6193254997600653]",1,-1
37811,[0.64781806 0.54356368],37,10,"[0.6101257152780476, 0.5394800330734051]",1,-1
37812,[0.59914808 0.57756935],37,10,"[0.6101257152780476, 0.5394800330734051]",1,-1
37813,[0.60782502 0.59912392],37,9,"[0.5945682323783136, 0.6193254997600653]",1,-1
37814,[0.5648444  0.58109095],37,9,"[0.5945682323783136, 0.6193254997600653]",1,-1
37815,[0.59268816 0.52048856],37,10,"[0.6101257152780476, 0.5394800330734051]",1,-1
37816,[0.52565361 0.59071625],37,2,"[0.5181425386759565, 0.548951681512668]",1,-1
37817,[0.62085    0.53518212],37,10,"[0.6101257152780476, 0.5394800330734051]",1,-1
37818,[0.58246149 0.60169705],37,9,"[0.5945682323783136, 0.6193254997600653]",1,-1
37819,[0.50342955 0.60101114],37,5,"[0.47989515498241786, 0.6212764114798471]",1,-1
37820,[0.5654371  0.53156144],37,10,"[0.6101257152780476, 0.5394800330734051]",1,-1
37821,[0.56726062 0.50805413],37,10,"[0.6101257152780476, 0.5394800330734051]",1,-1
37822,[0.54762749 0.4707863 ],37,27,"[0.5866068271601823, 0.4386408725933068]",1,-1
37823,[0.61067632 0.64997688],37,9,"[0.5945682323783136, 0.6193254997600653]",1,-1
37824,[0.58007436 0.55106536],37,10,"[0.6101257152780476, 0.5394800330734051]",1,-1
37825,[0.60795681 0.5802168 ],37,10,"[0.6101257152780476, 0.5394800330734051]",1,-1
37826,[0.54619528 0.56856069],37,2,"[0.5181425386759565, 0.548951681512668]",1,65
37827,[0.53981171 0.60014072],37,2,"[0.5181425386759565, 0.548951681512668]",1,66
37828,[0.57484608 0.60827605],37,9,"[0.5945682323783136, 0.6193254997600653]",1,-1
37829,[0.47047946 0.55097631],37,2,"[0.5181425386759565, 0.548951681512668]",1,-1
37830,[0.59600459 0.5598659 ],37,10,"[0.6101257152780476, 0.5394800330734051]",1,-1
37831,[0.53392615 0.49606327],37,2,"[0.5181425386759565, 0.548951681512668]",1,-1
37832,[0.4950282  0.57873023],37,2,"[0.5181425386759565, 0.548951681512668]",1,-1
37833,[0.69481241 0.57945211],37,11,"[0.7051682617613192, 0.574171671796882]",1,-1
37834,[0.55904925 0.57976956],37,2,"[0.5181425386759565, 0.548951681512668]",1,-1
37835,[0.63413944 0.63443452],37,9,"[0.5945682323783136, 0.6193254997600653]",1,-1
37836,[0.62799713 0.62356023],37,9,"[0.5945682323783136, 0.6193254997600653]",1,-1
37837,[0.57341552 0.55281379],37,10,"[0.6101257152780476, 0.5394800330734051]",1,69
37838,[0.53418031 0.54903949],37,2,"[0.5181425386759565, 0.548951681512668]",1,-1
37839,[0.6149218  0.64734487],37,9,"[0.5945682323783136, 0.6193254997600653]",1,-1
37840,[0.49179705 0.62959031],37,5,"[0.47989515498241786, 0.6212764114798471]",1,-1
37841,[0.68829725 0.57824775],37,11,"[0.7051682617613192, 0.574171671796882]",1,-1
37842,[0.60745885 0.48747765],37,10,"[0.6101257152780476, 0.5394800330734051]",1,34
37843,[0.63348495 0.54023005],37,10,"[0.6101257152780476, 0.5394800330734051]",1,-1
37844,[0.60279386 0.57294023],37,10,"[0.6101257152780476, 0.5394800330734051]",1,-1
37845,[0.5692046  0.64635908],37,9,"[0.5945682323783136, 0.6193254997600653]",1,-1
37846,[0.59896605 0.52289374],37,10,"[0.6101257152780476, 0.5394800330734051]",1,-1
37847,[0.6218519  0.48848326],37,10,"[0.6101257152780476, 0.5394800330734051]",1,34
37848,[0.6642855  0.57668461],37,11,"[0.7051682617613192, 0.574171671796882]",1,55
37849,[0.58174921 0.51241289],37,10,"[0.6101257152780476, 0.5394800330734051]",1,-1
37850,[0.53499988 0.56765552],37,2,"[0.5181425386759565, 0.548951681512668]",1,65
37851,[0.5324436  0.57353484],37,2,"[0.5181425386759565, 0.548951681512668]",1,-1
37852,[0.63977661 0.53249244],37,10,"[0.6101257152780476, 0.5394800330734051]",1,-1
37853,[0.58256621 0.54195187],37,10,"[0.6101257152780476, 0.5394800330734051]",1,-1
37854,[0.5596005  0.66523195],37,41,"[0.5613949929729852, 0.701115936473092]",1,-1
37855,[0.56097807 0.53836995],37,2,"[0.5181425386759565, 0.548951681512668]",1,-1
37856,[0.59178643 0.55938955],37,10,"[0.6101257152780476, 0.5394800330734051]",1,-1
37857,[0.6042924  0.50420766],37,10,"[0.6101257152780476, 0.5394800330734051]",1,-1
37858,[0.49343564 0.5423304 ],37,2,"[0.5181425386759565, 0.548951681512668]",1,-1
37859,[0.57858908 0.52343295],37,10,"[0.6101257152780476, 0.5394800330734051]",1,-1
37860,[0.53917377 0.61042888],37,9,"[0.5945682323783136, 0.6193254997600653]",1,-1
37861,[0.57746392 0.56738023],37,10,"[0.6101257152780476, 0.5394800330734051]",1,-1
37862,[0.5231874  0.59617869],37,2,"[0.5181425386759565, 0.548951681512668]",1,-1
37863,[0.64350038 0.66509591],37,9,"[0.5945682323783136, 0.6193254997600653]",1,-1
37864,[0.65652461 0.52194623],37,26,"[0.6734889003123068, 0.4756404454441684]",1,-1
37865,[0.54490237 0.53543477],37,2,"[0.5181425386759565, 0.548951681512668]",1,-1
37866,[0.57504206 0.59254775],37,9,"[0.5945682323783136, 0.6193254997600653]",1,68
37867,[0.5687753  0.60141527],37,9,"[0.5945682323783136, 0.6193254997600653]",1,-1
37868,[0.52190567 0.61033393],37,5,"[0.47989515498241786, 0.6212764114798471]",1,-1
37869,[0.5798209  0.60254422],37,9,"[0.5945682323783136, 0.6193254997600653]",1,-1
37870,[0.65648243 0.602834  ],37,11,"[0.7051682617613192, 0.574171671796882]",1,-1
37871,[0.6083261  0.60377169],37,9,"[0.5945682323783136, 0.6193254997600653]",1,-1
37872,[0.5656114  0.59904378],37,9,"[0.5945682323783136, 0.6193254997600653]",1,-1
37873,[0.58695819 0.63462668],37,9,"[0.5945682323783136, 0.6193254997600653]",1,-1
37874,[0.62824031 0.55438734],37,10,"[0.6101257152780476, 0.5394800330734051]",1,-1
37875,[0.6226666  0.57878584],37,10,"[0.6101257152780476, 0.5394800330734051]",1,-1
37876,[0.58538906 0.57098079],37,10,"[0.6101257152780476, 0.5394800330734051]",1,-1
37877,[0.57140919 0.5421236 ],37,10,"[0.6101257152780476, 0.5394800330734051]",1,-1
37878,[0.58201992 0.65659841],37,9,"[0.5945682323783136, 0.6193254997600653]",1,-1
37879,[0.51433292 0.56249039],37,2,"[0.5181425386759565, 0.548951681512668]",1,-1
37880,[0.48836646 0.58793564],37,5,"[0.47989515498241786, 0.6212764114798471]",1,70
37881,[0.59106681 0.60548883],37,9,"[0.5945682323783136, 0.6193254997600653]",1,-1
37882,[0.65874107 0.49798539],37,26,"[0.6734889003123068, 0.4756404454441684]",1,-1
37883,[0.67226304 0.53074128],37,11,"[0.7051682617613192, 0.574171671796882]",1,-1
37884,[0.63566304 0.5812268 ],37,10,"[0.6101257152780476, 0.5394800330734051]",1,-1
37885,[0.60932604 0.61237437],37,9,"[0.5945682323783136, 0.6193254997600653]",1,-1
37886,[0.60788828 0.56019979],37,10,"[0.6101257152780476, 0.5394800330734051]",1,64
37887,[0.51716617 0.58523898],37,2,"[0.5181425386759565, 0.548951681512668]",1,-1
37888,[0.61746355 0.53102357],37,10,"[0.6101257152780476, 0.5394800330734051]",1,-1
37889,[0.53343386 0.52525546],37,2,"[0.5181425386759565, 0.548951681512668]",1,-1
37890,[0.55505516 0.57413333],37,2,"[0.5181425386759565, 0.548951681512668]",1,-1
37891,[0.58236124 0.64964692],37,9,"[0.5945682323783136, 0.6193254997600653]",1,-1
37892,[0.57021034 0.53218401],37,10,"[0.6101257152780476, 0.5394800330734051]",1,-1
37893,[0.47158255 0.54577976],37,2,"[0.5181425386759565, 0.548951681512668]",1,-1
37894,[0.56531986 0.52215658],37,10,"[0.6101257152780476, 0.5394800330734051]",1,-1
37895,[0.56764781 0.55203137],37,10,"[0.6101257152780476, 0.5394800330734051]",1,-1
37896,[0.56783443 0.48400064],37,27,"[0.5866068271601823, 0.4386408725933068]",1,-1
37897,[0.59167773 0.64807388],37,9,"[0.5945682323783136, 0.6193254997600653]",1,-1
37898,[0.67172164 0.61732813],37,11,"[0.7051682617613192, 0.574171671796882]",1,-1
37899,[0.57449653 0.58975392],37,9,"[0.5945682323783136, 0.6193254997600653]",1,68
37900,[0.50640553 0.49421687],37,35,"[0.491626887866141, 0.45015531396212327]",1,-1
37901,[0.59539628 0.58964217],37,9,"[0.5945682323783136, 0.6193254997600653]",1,63
37902,[0.60096022 0.57903722],37,10,"[0.6101257152780476, 0.5394800330734051]",1,-1
37903,[0.61458482 0.52422445],37,10,"[0.6101257152780476, 0.5394800330734051]",1,-1
37904,[0.59216954 0.62407542],37,9,"[0.5945682323783136, 0.6193254997600653]",1,-1
37905,[0.59069114 0.65575681],37,9,"[0.5945682323783136, 0.6193254997600653]",1,-1
37906,[0.5572065  0.58390414],37,9,"[0.5945682323783136, 0.6193254997600653]",1,-1
37907,[0.54786942 0.56713909],37,2,"[0.5181425386759565, 0.548951681512668]",1,-1
37908,[0.60388842 0.54517313],37,10,"[0.6101257152780476, 0.5394800330734051]",1,-1
37909,[0.62027643 0.55675049],37,10,"[0.6101257152780476, 0.5394800330734051]",1,64
37910,[0.61360116 0.67629605],37,41,"[0.5613949929729852, 0.701115936473092]",1,-1
37911,[0.5809036  0.64723788],37,9,"[0.5945682323783136, 0.6193254997600653]",1,-1
37912,[0.52154657 0.57406915],37,2,"[0.5181425386759565, 0.548951681512668]",1,-1
37913,[0.5125036  0.53587383],37,2,"[0.5181425386759565, 0.548951681512668]",1,-1
37914,[0.54571295 0.53818094],37,2,"[0.5181425386759565, 0.548951681512668]",1,-1
37915,[0.54700567 0.50774243],37,2,"[0.5181425386759565, 0.548951681512668]",1,-1
37916,[0.58798967 0.57323332],37,10,"[0.6101257152780476, 0.5394800330734051]",1,-1
37917,[0.55922047 0.61379894],37,9,"[0.5945682323783136, 0.6193254997600653]",1,-1
37918,[0.5332697  0.62144006],37,5,"[0.47989515498241786, 0.6212764114798471]",1,-1
37919,[0.66113227 0.5784405 ],37,11,"[0.7051682617613192, 0.574171671796882]",1,55
37920,[0.56931845 0.55920627],37,10,"[0.6101257152780476, 0.5394800330734051]",1,-1
37921,[0.59416503 0.55550644],37,10,"[0.6101257152780476, 0.5394800330734051]",1,64
37922,[0.55289792 0.514235  ],37,2,"[0.5181425386759565, 0.548951681512668]",1,-1
37923,[0.63395071 0.52328413],37,10,"[0.6101257152780476, 0.5394800330734051]",1,-1
37924,[0.56794262 0.52278973],37,10,"[0.6101257152780476, 0.5394800330734051]",1,-1
37925,[0.60893072 0.64067115],37,9,"[0.5945682323783136, 0.6193254997600653]",1,-1
37926,[0.68588445 0.6060459 ],37,11,"[0.7051682617613192, 0.574171671796882]",1,-1
37927,[0.54044412 0.58202532],37,2,"[0.5181425386759565, 0.548951681512668]",1,-1
37928,[0.52411633 0.67664136],37,41,"[0.5613949929729852, 0.701115936473092]",1,-1
37929,[0.58240185 0.56575795],37,10,"[0.6101257152780476, 0.5394800330734051]",1,-1
37930,[0.62171594 0.66231382],37,9,"[0.5945682323783136, 0.6193254997600653]",1,-1
37931,[0.57757855 0.51639371],37,10,"[0.6101257152780476, 0.5394800330734051]",1,-1
37932,[0.57301773 0.59099097],37,9,"[0.5945682323783136, 0.6193254997600653]",1,68
37933,[0.62333897 0.57249783],37,10,"[0.6101257152780476, 0.5394800330734051]",1,-1
37934,[0.62753156 0.54570703],37,10,"[0.6101257152780476, 0.5394800330734051]",1,-1
37935,[0.59078127 0.58527319],37,9,"[0.5945682323783136, 0.6193254997600653]",1,63
37936,[0.50193248 0.63025218],37,5,"[0.47989515498241786, 0.6212764114798471]",1,-1
37937,[0.54512279 0.6065937 ],37,9,"[0.5945682323783136, 0.6193254997600653]",1,-1
37938,[0.61280032 0.61974216],37,9,"[0.5945682323783136, 0.6193254997600653]",1,-1
37939,[0.60392819 0.52387904],37,10,"[0.6101257152780476, 0.5394800330734051]",1,-1
37940,[0.59659879 0.60184395],37,9,"[0.5945682323783136, 0.6193254997600653]",1,-1
37941,[0.6095533  0.57034951],37,10,"[0.6101257152780476, 0.5394800330734051]",1,-1
37942,[0.51381132 0.51560007],37,2,"[0.5181425386759565, 0.548951681512668]",1,-1
37943,[0.62867896 0.52031695],37,10,"[0.6101257152780476, 0.5394800330734051]",1,-1
37944,[0.44991678 0.53097691],37,18,"[0.4203234088660354, 0.508036417947434]",1,-1
37945,[0.59167519 0.65216954],37,9,"[0.5945682323783136, 0.6193254997600653]",1,-1
37946,[0.54279601 0.57514844],37,2,"[0.5181425386759565, 0.548951681512668]",1,65
37947,[0.55139382 0.61136111],37,9,"[0.5945682323783136, 0.6193254997600653]",1,-1
37948,[0.57021749 0.58091169],37,9,"[0.5945682323783136, 0.6193254997600653]",1,69
37949,[0.55254017 0.51554405],37,2,"[0.5181425386759565, 0.548951681512668]",1,-1
37950,[0.61713069 0.55760685],37,10,"[0.6101257152780476, 0.5394800330734051]",1,64
37951,[0.61004131 0.58873194],37,9,"[0.5945682323783136, 0.6193254997600653]",1,-1
37952,[0.61257775 0.48626425],37,10,"[0.6101257152780476, 0.5394800330734051]",1,34
37953,[0.60622354 0.64251938],37,9,"[0.5945682323783136, 0.6193254997600653]",1,-1
37954,[0.54071302 0.46926039],37,35,"[0.491626887866141, 0.45015531396212327]",1,-1
37955,[0.57863357 0.61628743],37,9,"[0.5945682323783136, 0.6193254997600653]",1,-1
37956,[0.66857396 0.52267018],37,26,"[0.6734889003123068, 0.4756404454441684]",1,-1
37957,[0.58362264 0.4504666 ],37,27,"[0.5866068271601823, 0.4386408725933068]",1,-1
37958,[0.58168117 0.46429851],37,27,"[0.5866068271601823, 0.4386408725933068]",1,-1
37959,[0.57631905 0.6376585 ],37,9,"[0.5945682323783136, 0.6193254997600653]",1,-1
37960,[0.57579006 0.57640755],37,9,"[0.5945682323783136, 0.6193254997600653]",1,69
37961,[0.55517779 0.58945622],37,9,"[0.5945682323783136, 0.6193254997600653]",1,-1
37962,[0.66804236 0.6745016 ],37,-1,-1,1,-1
37963,[0.63953446 0.64354731],37,9,"[0.5945682323783136, 0.6193254997600653]",1,-1
37964,[0.61216848 0.57566328],37,10,"[0.6101257152780476, 0.5394800330734051]",1,-1
37965,[0.57821223 0.65276435],37,9,"[0.5945682323783136, 0.6193254997600653]",1,-1
37966,[0.62483841 0.51062143],37,10,"[0.6101257152780476, 0.5394800330734051]",1,-1
37967,[0.61770248 0.55636176],37,10,"[0.6101257152780476, 0.5394800330734051]",1,-1
37968,[0.51726705 0.57119239],37,2,"[0.5181425386759565, 0.548951681512668]",1,-1
37969,[0.57868698 0.66664354],37,41,"[0.5613949929729852, 0.701115936473092]",1,-1
37970,[0.6838122  0.54200998],37,11,"[0.7051682617613192, 0.574171671796882]",1,26
37971,[0.60668809 0.54840946],37,10,"[0.6101257152780476, 0.5394800330734051]",1,-1
37972,[0.52487936 0.59350474],37,2,"[0.5181425386759565, 0.548951681512668]",1,-1
37973,[0.62119382 0.5534455 ],37,10,"[0.6101257152780476, 0.5394800330734051]",1,-1
37974,[0.63189009 0.53227187],37,10,"[0.6101257152780476, 0.5394800330734051]",1,-1
37975,[0.61742288 0.61222936],37,9,"[0.5945682323783136, 0.6193254997600653]",1,-1
37976,[0.52257849 0.59414155],37,2,"[0.5181425386759565, 0.548951681512668]",1,74
37977,[0.5749031  0.57868993],37,9,"[0.5945682323783136, 0.6193254997600653]",1,-1
37978,[0.58060581 0.58821095],37,9,"[0.5945682323783136, 0.6193254997600653]",1,-1
37979,[0.57112797 0.52634592],37,10,"[0.6101257152780476, 0.5394800330734051]",1,-1
37980,[0.57338561 0.55359992],37,10,"[0.6101257152780476, 0.5394800330734051]",1,-1
37981,[0.57414946 0.57526535],37,9,"[0.5945682323783136, 0.6193254997600653]",1,69
37982,[0.5682012  0.59336058],37,9,"[0.5945682323783136, 0.6193254997600653]",1,-1
37983,[0.57421724 0.54888115],37,10,"[0.6101257152780476, 0.5394800330734051]",1,69
37984,[0.57244891 0.55869365],37,10,"[0.6101257152780476, 0.5394800330734051]",1,69
37985,[0.60405218 0.55234727],37,10,"[0.6101257152780476, 0.5394800330734051]",1,-1
37986,[0.59636868 0.70428568],37,41,"[0.5613949929729852, 0.701115936473092]",1,-1
37987,[0.59873267 0.58394965],37,9,"[0.5945682323783136, 0.6193254997600653]",1,-1
37988,[0.52652695 0.53077207],37,2,"[0.5181425386759565, 0.548951681512668]",1,-1
37989,[0.57698188 0.57233573],37,10,"[0.6101257152780476, 0.5394800330734051]",1,69
37990,[0.5936496  0.51646029],37,10,"[0.6101257152780476, 0.5394800330734051]",1,-1
37991,[0.65343321 0.69159442],37,34,"[0.6634532409245524, 0.760224782080757]",1,-1
37992,[0.60639578 0.58318975],37,9,"[0.5945682323783136, 0.6193254997600653]",1,-1
37993,[0.52342118 0.44714664],37,35,"[0.491626887866141, 0.45015531396212327]",1,-1
37994,[0.56237187 0.6032659 ],37,9,"[0.5945682323783136, 0.6193254997600653]",1,-1
37995,[0.63293473 0.61458076],37,9,"[0.5945682323783136, 0.6193254997600653]",1,-1
37996,[0.56132198 0.64700455],37,9,"[0.5945682323783136, 0.6193254997600653]",1,-1
37997,[0.64040326 0.50666751],37,10,"[0.6101257152780476, 0.5394800330734051]",1,-1
37998,[0.65013692 0.55273544],37,10,"[0.6101257152780476, 0.5394800330734051]",1,-1
37999,[0.5775052  0.64032189],37,9,"[0.5945682323783136, 0.6193254997600653]",1,-1
38000,[0.44263941 0.38904684],38,37,"[0.4780366509520634, 0.3686118735311782]",1,-1
38001,[0.45340561 0.32417169],38,37,"[0.4780366509520634, 0.3686118735311782]",1,-1
38002,[0.34235489 0.40759016],38,1,"[0.33650952271243567, 0.3695039184549852]",1,-1
38003,[0.48767216 0.38972766],38,37,"[0.4780366509520634, 0.3686118735311782]",1,-1
38004,[0.42555631 0.43891954],38,6,"[0.40123478470159024, 0.40656176249784554]",1,-1
38005,[0.41798457 0.36504223],38,6,"[0.40123478470159024, 0.40656176249784554]",1,-1
38006,[0.46892705 0.40611846],38,37,"[0.4780366509520634, 0.3686118735311782]",1,-1
38007,[0.36663213 0.42309   ],38,6,"[0.40123478470159024, 0.40656176249784554]",1,-1
38008,[0.34191626 0.38269784],38,1,"[0.33650952271243567, 0.3695039184549852]",1,72
38009,[0.33196921 0.49342704],38,13,"[0.32294489274299887, 0.4620611538839558]",1,-1
38010,[0.28168945 0.39658993],38,0,"[0.2473875480073203, 0.39401489827781994]",1,-1
38011,[0.45837106 0.44775351],38,35,"[0.491626887866141, 0.45015531396212327]",1,-1
38012,[0.55347025 0.40198386],38,27,"[0.5866068271601823, 0.4386408725933068]",1,-1
38013,[0.43920924 0.46492241],38,18,"[0.4203234088660354, 0.508036417947434]",1,-1
38014,[0.3130479 0.3712131],38,1,"[0.33650952271243567, 0.3695039184549852]",1,-1
38015,[0.40948828 0.4246075 ],38,6,"[0.40123478470159024, 0.40656176249784554]",1,-1
38016,[0.44676023 0.3918916 ],38,37,"[0.4780366509520634, 0.3686118735311782]",1,-1
38017,[0.46564893 0.43593715],38,35,"[0.491626887866141, 0.45015531396212327]",1,-1
38018,[0.42453572 0.38232738],38,6,"[0.40123478470159024, 0.40656176249784554]",1,-1
38019,[0.37786693 0.43001531],38,6,"[0.40123478470159024, 0.40656176249784554]",1,-1
38020,[0.30494708 0.40790999],38,1,"[0.33650952271243567, 0.3695039184549852]",1,-1
38021,[0.40394601 0.37651387],38,6,"[0.40123478470159024, 0.40656176249784554]",1,-1
38022,[0.49130429 0.38004646],38,37,"[0.4780366509520634, 0.3686118735311782]",1,-1
38023,[0.39471177 0.32803262],38,4,"[0.3937233168939997, 0.29890402186269427]",1,-1
38024,[0.42972771 0.38012024],38,6,"[0.40123478470159024, 0.40656176249784554]",1,-1
38025,[0.45799708 0.33576182],38,37,"[0.4780366509520634, 0.3686118735311782]",1,-1
38026,[0.41491826 0.41796519],38,6,"[0.40123478470159024, 0.40656176249784554]",1,-1
38027,[0.43783266 0.37899478],38,37,"[0.4780366509520634, 0.3686118735311782]",1,-1
38028,[0.4501793  0.40829764],38,37,"[0.4780366509520634, 0.3686118735311782]",1,-1
38029,[0.51526231 0.4515502 ],38,35,"[0.491626887866141, 0.45015531396212327]",1,-1
38030,[0.38897146 0.40168686],38,6,"[0.40123478470159024, 0.40656176249784554]",1,-1
38031,[0.38598801 0.4112381 ],38,6,"[0.40123478470159024, 0.40656176249784554]",1,-1
38032,[0.39864228 0.34710811],38,4,"[0.3937233168939997, 0.29890402186269427]",1,71
38033,[0.39993121 0.34814508],38,4,"[0.3937233168939997, 0.29890402186269427]",1,71
38034,[0.3731504  0.47452636],38,13,"[0.32294489274299887, 0.4620611538839558]",1,-1
38035,[0.4729451  0.35663696],38,37,"[0.4780366509520634, 0.3686118735311782]",1,-1
38036,[0.363357   0.29305554],38,4,"[0.3937233168939997, 0.29890402186269427]",1,-1
38037,[0.41389482 0.41081217],38,6,"[0.40123478470159024, 0.40656176249784554]",1,-1
38038,[0.43837654 0.45764858],38,18,"[0.4203234088660354, 0.508036417947434]",1,-1
38039,[0.43327096 0.37564067],38,6,"[0.40123478470159024, 0.40656176249784554]",1,-1
38040,[0.38459938 0.2689458 ],38,4,"[0.3937233168939997, 0.29890402186269427]",1,-1
38041,[0.34222249 0.45266455],38,13,"[0.32294489274299887, 0.4620611538839558]",1,-1
38042,[0.30850371 0.37026644],38,1,"[0.33650952271243567, 0.3695039184549852]",1,-1
38043,[0.41156062 0.41804214],38,6,"[0.40123478470159024, 0.40656176249784554]",1,-1
38044,[0.51821462 0.36542753],38,37,"[0.4780366509520634, 0.3686118735311782]",1,-1
38045,[0.38329528 0.29353014],38,4,"[0.3937233168939997, 0.29890402186269427]",1,-1
38046,[0.53568806 0.47985916],38,35,"[0.491626887866141, 0.45015531396212327]",1,-1
38047,[0.3692839  0.40152671],38,6,"[0.40123478470159024, 0.40656176249784554]",1,-1
38048,[0.54953956 0.35946256],38,46,"[0.5877940429991866, 0.34550221910317963]",1,-1
38049,[0.35103477 0.3666445 ],38,1,"[0.33650952271243567, 0.3695039184549852]",1,-1
38050,[0.40072844 0.45067207],38,6,"[0.40123478470159024, 0.40656176249784554]",1,-1
38051,[0.43119105 0.39871408],38,6,"[0.40123478470159024, 0.40656176249784554]",1,-1
38052,[0.37970764 0.47087685],38,18,"[0.4203234088660354, 0.508036417947434]",1,-1
38053,[0.4065384  0.36321918],38,6,"[0.40123478470159024, 0.40656176249784554]",1,-1
38054,[0.34666997 0.41111648],38,1,"[0.33650952271243567, 0.3695039184549852]",1,-1
38055,[0.39653859 0.42826783],38,6,"[0.40123478470159024, 0.40656176249784554]",1,-1
38056,[0.40741189 0.42619857],38,6,"[0.40123478470159024, 0.40656176249784554]",1,-1
38057,[0.41857458 0.42629908],38,6,"[0.40123478470159024, 0.40656176249784554]",1,-1
38058,[0.39290185 0.331667  ],38,4,"[0.3937233168939997, 0.29890402186269427]",1,-1
38059,[0.36218821 0.37469079],38,1,"[0.33650952271243567, 0.3695039184549852]",1,-1
38060,[0.3672542  0.41560295],38,6,"[0.40123478470159024, 0.40656176249784554]",1,-1
38061,[0.39590093 0.34252611],38,4,"[0.3937233168939997, 0.29890402186269427]",1,71
38062,[0.4170304  0.43160933],38,6,"[0.40123478470159024, 0.40656176249784554]",1,-1
38063,[0.42042344 0.40750496],38,6,"[0.40123478470159024, 0.40656176249784554]",1,-1
38064,[0.37356561 0.38322465],38,6,"[0.40123478470159024, 0.40656176249784554]",1,-1
38065,[0.37337995 0.41296088],38,6,"[0.40123478470159024, 0.40656176249784554]",1,-1
38066,[0.39772815 0.3757586 ],38,6,"[0.40123478470159024, 0.40656176249784554]",1,-1
38067,[0.42408136 0.35535776],38,37,"[0.4780366509520634, 0.3686118735311782]",1,-1
38068,[0.45483944 0.41433158],38,37,"[0.4780366509520634, 0.3686118735311782]",1,-1
38069,[0.40606688 0.43496024],38,6,"[0.40123478470159024, 0.40656176249784554]",1,50
38070,[0.36590118 0.45469604],38,13,"[0.32294489274299887, 0.4620611538839558]",1,-1
38071,[0.43514026 0.4650622 ],38,18,"[0.4203234088660354, 0.508036417947434]",1,-1
38072,[0.44606387 0.39420884],38,37,"[0.4780366509520634, 0.3686118735311782]",1,-1
38073,[0.42726914 0.41541772],38,6,"[0.40123478470159024, 0.40656176249784554]",1,-1
38074,[0.49920419 0.41735227],38,35,"[0.491626887866141, 0.45015531396212327]",1,-1
38075,[0.27054705 0.44844609],38,13,"[0.32294489274299887, 0.4620611538839558]",1,29
38076,[0.52157819 0.37362698],38,37,"[0.4780366509520634, 0.3686118735311782]",1,-1
38077,[0.44221782 0.49226166],38,18,"[0.4203234088660354, 0.508036417947434]",1,-1
38078,[0.42661089 0.37268383],38,6,"[0.40123478470159024, 0.40656176249784554]",1,-1
38079,[0.38028781 0.39341174],38,6,"[0.40123478470159024, 0.40656176249784554]",1,-1
38080,[0.41063144 0.38602515],38,6,"[0.40123478470159024, 0.40656176249784554]",1,-1
38081,[0.36029506 0.44967359],38,13,"[0.32294489274299887, 0.4620611538839558]",1,-1
38082,[0.39103053 0.38760157],38,6,"[0.40123478470159024, 0.40656176249784554]",1,78
38083,[0.43061389 0.31544248],38,4,"[0.3937233168939997, 0.29890402186269427]",1,-1
38084,[0.39469486 0.35994817],38,6,"[0.40123478470159024, 0.40656176249784554]",1,-1
38085,[0.43537548 0.41903815],38,6,"[0.40123478470159024, 0.40656176249784554]",1,-1
38086,[0.41578658 0.34156301],38,4,"[0.3937233168939997, 0.29890402186269427]",1,-1
38087,[0.40908596 0.41150575],38,6,"[0.40123478470159024, 0.40656176249784554]",1,-1
38088,[0.42839707 0.37729128],38,6,"[0.40123478470159024, 0.40656176249784554]",1,-1
38089,[0.41926125 0.47914651],38,18,"[0.4203234088660354, 0.508036417947434]",1,-1
38090,[0.42031641 0.3694764 ],38,6,"[0.40123478470159024, 0.40656176249784554]",1,-1
38091,[0.43027532 0.35447224],38,37,"[0.4780366509520634, 0.3686118735311782]",1,-1
38092,[0.48362197 0.52247739],38,2,"[0.5181425386759565, 0.548951681512668]",1,-1
38093,[0.40893389 0.3812504 ],38,6,"[0.40123478470159024, 0.40656176249784554]",1,-1
38094,[0.44524106 0.30902294],38,4,"[0.3937233168939997, 0.29890402186269427]",1,-1
38095,[0.36052737 0.39203765],38,1,"[0.33650952271243567, 0.3695039184549852]",1,79
38096,[0.4590313  0.40667742],38,37,"[0.4780366509520634, 0.3686118735311782]",1,-1
38097,[0.34374068 0.34868443],38,1,"[0.33650952271243567, 0.3695039184549852]",1,-1
38098,[0.39438847 0.38945354],38,6,"[0.40123478470159024, 0.40656176249784554]",1,-1
38099,[0.40308217 0.51000624],38,18,"[0.4203234088660354, 0.508036417947434]",1,-1
38100,[0.36143557 0.37264148],38,1,"[0.33650952271243567, 0.3695039184549852]",1,-1
38101,[0.43275247 0.36296284],38,37,"[0.4780366509520634, 0.3686118735311782]",1,-1
38102,[0.30202629 0.42732508],38,13,"[0.32294489274299887, 0.4620611538839558]",1,-1
38103,[0.49210876 0.4121656 ],38,35,"[0.491626887866141, 0.45015531396212327]",1,-1
38104,[0.4869078 0.4016906],38,37,"[0.4780366509520634, 0.3686118735311782]",1,-1
38105,[0.39861144 0.46798046],38,18,"[0.4203234088660354, 0.508036417947434]",1,-1
38106,[0.44407985 0.38892582],38,37,"[0.4780366509520634, 0.3686118735311782]",1,-1
38107,[0.37000303 0.35753736],38,1,"[0.33650952271243567, 0.3695039184549852]",1,-1
38108,[0.43351809 0.3345683 ],38,4,"[0.3937233168939997, 0.29890402186269427]",1,-1
38109,[0.45323241 0.4055058 ],38,37,"[0.4780366509520634, 0.3686118735311782]",1,-1
38110,[0.45988565 0.36928891],38,37,"[0.4780366509520634, 0.3686118735311782]",1,-1
38111,[0.33640749 0.45317481],38,13,"[0.32294489274299887, 0.4620611538839558]",1,-1
38112,[0.4591178  0.33203899],38,37,"[0.4780366509520634, 0.3686118735311782]",1,-1
38113,[0.46139866 0.40822895],38,37,"[0.4780366509520634, 0.3686118735311782]",1,-1
38114,[0.35586848 0.34368995],38,1,"[0.33650952271243567, 0.3695039184549852]",1,-1
38115,[0.54041568 0.39012189],38,46,"[0.5877940429991866, 0.34550221910317963]",1,-1
38116,[0.46118221 0.4461578 ],38,35,"[0.491626887866141, 0.45015531396212327]",1,-1
38117,[0.45512429 0.40939053],38,37,"[0.4780366509520634, 0.3686118735311782]",1,-1
38118,[0.36290664 0.29253054],38,4,"[0.3937233168939997, 0.29890402186269427]",1,-1
38119,[0.39309879 0.32981118],38,4,"[0.3937233168939997, 0.29890402186269427]",1,-1
38120,[0.44027271 0.49521731],38,18,"[0.4203234088660354, 0.508036417947434]",1,-1
38121,[0.3617163  0.37600722],38,1,"[0.33650952271243567, 0.3695039184549852]",1,-1
38122,[0.37972249 0.40769129],38,6,"[0.40123478470159024, 0.40656176249784554]",1,-1
38123,[0.33828678 0.33241483],38,1,"[0.33650952271243567, 0.3695039184549852]",1,-1
38124,[0.39110077 0.42324177],38,6,"[0.40123478470159024, 0.40656176249784554]",1,-1
38125,[0.40753588 0.44547815],38,6,"[0.40123478470159024, 0.40656176249784554]",1,-1
38126,[0.47016787 0.40026177],38,37,"[0.4780366509520634, 0.3686118735311782]",1,-1
38127,[0.33089935 0.49866801],38,13,"[0.32294489274299887, 0.4620611538839558]",1,-1
38128,[0.41900854 0.35596912],38,6,"[0.40123478470159024, 0.40656176249784554]",1,-1
38129,[0.47295544 0.36749048],38,37,"[0.4780366509520634, 0.3686118735311782]",1,-1
38130,[0.37336091 0.37015863],38,1,"[0.33650952271243567, 0.3695039184549852]",1,-1
38131,[0.30408292 0.42920412],38,13,"[0.32294489274299887, 0.4620611538839558]",1,-1
38132,[0.35632411 0.40046269],38,1,"[0.33650952271243567, 0.3695039184549852]",1,-1
38133,[0.38235491 0.29905148],38,4,"[0.3937233168939997, 0.29890402186269427]",1,-1
38134,[0.50093112 0.44057354],38,35,"[0.491626887866141, 0.45015531396212327]",1,8
38135,[0.42724952 0.36921439],38,6,"[0.40123478470159024, 0.40656176249784554]",1,-1
38136,[0.44917978 0.36983133],38,37,"[0.4780366509520634, 0.3686118735311782]",1,-1
38137,[0.3390348  0.41238916],38,1,"[0.33650952271243567, 0.3695039184549852]",1,-1
38138,[0.41588216 0.37163756],38,6,"[0.40123478470159024, 0.40656176249784554]",1,-1
38139,[0.44674238 0.40176744],38,37,"[0.4780366509520634, 0.3686118735311782]",1,-1
38140,[0.46169371 0.39539667],38,37,"[0.4780366509520634, 0.3686118735311782]",1,-1
38141,[0.43950476 0.37524054],38,37,"[0.4780366509520634, 0.3686118735311782]",1,-1
38142,[0.50691547 0.33506106],38,37,"[0.4780366509520634, 0.3686118735311782]",1,-1
38143,[0.37103408 0.31191318],38,4,"[0.3937233168939997, 0.29890402186269427]",1,-1
38144,[0.37181084 0.35619106],38,1,"[0.33650952271243567, 0.3695039184549852]",1,-1
38145,[0.43938584 0.36571961],38,37,"[0.4780366509520634, 0.3686118735311782]",1,-1
38146,[0.29781958 0.37407802],38,1,"[0.33650952271243567, 0.3695039184549852]",1,-1
38147,[0.41308593 0.42905822],38,6,"[0.40123478470159024, 0.40656176249784554]",1,-1
38148,[0.4622828  0.50113837],38,18,"[0.4203234088660354, 0.508036417947434]",1,-1
38149,[0.45622116 0.29420551],38,4,"[0.3937233168939997, 0.29890402186269427]",1,-1
38150,[0.40655843 0.3903283 ],38,6,"[0.40123478470159024, 0.40656176249784554]",1,-1
38151,[0.38395524 0.44101786],38,6,"[0.40123478470159024, 0.40656176249784554]",1,-1
38152,[0.41664096 0.47647796],38,18,"[0.4203234088660354, 0.508036417947434]",1,-1
38153,[0.4141666  0.34420853],38,4,"[0.3937233168939997, 0.29890402186269427]",1,-1
38154,[0.41486096 0.44245058],38,6,"[0.40123478470159024, 0.40656176249784554]",1,-1
38155,[0.3987843  0.45207203],38,6,"[0.40123478470159024, 0.40656176249784554]",1,50
38156,[0.40755858 0.48272789],38,18,"[0.4203234088660354, 0.508036417947434]",1,-1
38157,[0.38780484 0.43114909],38,6,"[0.40123478470159024, 0.40656176249784554]",1,-1
38158,[0.4177161  0.47836996],38,18,"[0.4203234088660354, 0.508036417947434]",1,-1
38159,[0.46285422 0.49372018],38,18,"[0.4203234088660354, 0.508036417947434]",1,-1
38160,[0.39983427 0.32412239],38,4,"[0.3937233168939997, 0.29890402186269427]",1,-1
38161,[0.41955624 0.38596508],38,6,"[0.40123478470159024, 0.40656176249784554]",1,-1
38162,[0.43210384 0.38614472],38,6,"[0.40123478470159024, 0.40656176249784554]",1,-1
38163,[0.37978198 0.59047214],38,25,"[0.38660465276603295, 0.5871767558758164]",1,-1
38164,[0.38648788 0.29544621],38,4,"[0.3937233168939997, 0.29890402186269427]",1,-1
38165,[0.29843077 0.38399062],38,1,"[0.33650952271243567, 0.3695039184549852]",1,-1
38166,[0.44993535 0.47579758],38,18,"[0.4203234088660354, 0.508036417947434]",1,-1
38167,[0.39385192 0.35572246],38,6,"[0.40123478470159024, 0.40656176249784554]",1,-1
38168,[0.38476698 0.42069241],38,6,"[0.40123478470159024, 0.40656176249784554]",1,-1
38169,[0.38042072 0.35621252],38,1,"[0.33650952271243567, 0.3695039184549852]",1,-1
38170,[0.42254846 0.44010107],38,6,"[0.40123478470159024, 0.40656176249784554]",1,-1
38171,[0.42959093 0.36793309],38,6,"[0.40123478470159024, 0.40656176249784554]",1,-1
38172,[0.3800567  0.37984384],38,6,"[0.40123478470159024, 0.40656176249784554]",1,-1
38173,[0.44832341 0.40704433],38,6,"[0.40123478470159024, 0.40656176249784554]",1,-1
38174,[0.42983795 0.39577362],38,6,"[0.40123478470159024, 0.40656176249784554]",1,-1
38175,[0.37996976 0.38170867],38,6,"[0.40123478470159024, 0.40656176249784554]",1,78
38176,[0.48487119 0.37520214],38,37,"[0.4780366509520634, 0.3686118735311782]",1,-1
38177,[0.34662229 0.44407614],38,13,"[0.32294489274299887, 0.4620611538839558]",1,-1
38178,[0.43353205 0.37789384],38,6,"[0.40123478470159024, 0.40656176249784554]",1,-1
38179,[0.34153786 0.38166725],38,1,"[0.33650952271243567, 0.3695039184549852]",1,72
38180,[0.33142923 0.39140877],38,1,"[0.33650952271243567, 0.3695039184549852]",1,-1
38181,[0.46558471 0.44037981],38,35,"[0.491626887866141, 0.45015531396212327]",1,-1
38182,[0.43952523 0.37959553],38,37,"[0.4780366509520634, 0.3686118735311782]",1,-1
38183,[0.44532435 0.33123127],38,37,"[0.4780366509520634, 0.3686118735311782]",1,-1
38184,[0.42490441 0.42560103],38,6,"[0.40123478470159024, 0.40656176249784554]",1,-1
38185,[0.38934769 0.37850763],38,6,"[0.40123478470159024, 0.40656176249784554]",1,-1
38186,[0.42607614 0.31921231],38,4,"[0.3937233168939997, 0.29890402186269427]",1,-1
38187,[0.35010981 0.3659041 ],38,1,"[0.33650952271243567, 0.3695039184549852]",1,-1
38188,[0.3963603  0.41297433],38,6,"[0.40123478470159024, 0.40656176249784554]",1,-1
38189,[0.41528429 0.42733794],38,6,"[0.40123478470159024, 0.40656176249784554]",1,-1
38190,[0.44006126 0.42018158],38,6,"[0.40123478470159024, 0.40656176249784554]",1,-1
38191,[0.41430464 0.40556867],38,6,"[0.40123478470159024, 0.40656176249784554]",1,-1
38192,[0.51944451 0.33534456],38,37,"[0.4780366509520634, 0.3686118735311782]",1,-1
38193,[0.48410568 0.44009657],38,35,"[0.491626887866141, 0.45015531396212327]",1,-1
38194,[0.40089018 0.35411236],38,6,"[0.40123478470159024, 0.40656176249784554]",1,-1
38195,[0.37857857 0.36013105],38,1,"[0.33650952271243567, 0.3695039184549852]",1,73
38196,[0.41867709 0.37255791],38,6,"[0.40123478470159024, 0.40656176249784554]",1,-1
38197,[0.46276833 0.40887686],38,37,"[0.4780366509520634, 0.3686118735311782]",1,-1
38198,[0.34620246 0.41555979],38,1,"[0.33650952271243567, 0.3695039184549852]",1,-1
38199,[0.39277232 0.36890255],38,6,"[0.40123478470159024, 0.40656176249784554]",1,73
38200,[0.40054598 0.41791748],38,6,"[0.40123478470159024, 0.40656176249784554]",1,-1
38201,[0.44255173 0.40879038],38,6,"[0.40123478470159024, 0.40656176249784554]",1,-1
38202,[0.40947762 0.4327874 ],38,6,"[0.40123478470159024, 0.40656176249784554]",1,-1
38203,[0.44748036 0.45344908],38,35,"[0.491626887866141, 0.45015531396212327]",1,-1
38204,[0.42989184 0.42663342],38,6,"[0.40123478470159024, 0.40656176249784554]",1,-1
38205,[0.44032201 0.42472971],38,6,"[0.40123478470159024, 0.40656176249784554]",1,-1
38206,[0.41228167 0.41694324],38,6,"[0.40123478470159024, 0.40656176249784554]",1,-1
38207,[0.42146704 0.35242691],38,6,"[0.40123478470159024, 0.40656176249784554]",1,-1
38208,[0.425133   0.40087913],38,6,"[0.40123478470159024, 0.40656176249784554]",1,-1
38209,[0.42537334 0.45936747],38,18,"[0.4203234088660354, 0.508036417947434]",1,-1
38210,[0.41690527 0.47169985],38,18,"[0.4203234088660354, 0.508036417947434]",1,-1
38211,[0.4136621  0.37501093],38,6,"[0.40123478470159024, 0.40656176249784554]",1,-1
38212,[0.36797736 0.48049873],38,13,"[0.32294489274299887, 0.4620611538839558]",1,-1
38213,[0.356865   0.40494268],38,1,"[0.33650952271243567, 0.3695039184549852]",1,-1
38214,[0.42684014 0.35346771],38,37,"[0.4780366509520634, 0.3686118735311782]",1,-1
38215,[0.40248286 0.47001407],38,18,"[0.4203234088660354, 0.508036417947434]",1,-1
38216,[0.35091926 0.41523431],38,1,"[0.33650952271243567, 0.3695039184549852]",1,-1
38217,[0.44154892 0.43514754],38,6,"[0.40123478470159024, 0.40656176249784554]",1,-1
38218,[0.43765874 0.3703603 ],38,37,"[0.4780366509520634, 0.3686118735311782]",1,-1
38219,[0.43953174 0.41056358],38,6,"[0.40123478470159024, 0.40656176249784554]",1,-1
38220,[0.47298076 0.35444643],38,37,"[0.4780366509520634, 0.3686118735311782]",1,-1
38221,[0.38824155 0.40012079],38,6,"[0.40123478470159024, 0.40656176249784554]",1,-1
38222,[0.40465497 0.34144319],38,4,"[0.3937233168939997, 0.29890402186269427]",1,-1
38223,[0.46499691 0.47047889],38,35,"[0.491626887866141, 0.45015531396212327]",1,-1
38224,[0.40596417 0.29656966],38,4,"[0.3937233168939997, 0.29890402186269427]",1,-1
38225,[0.32459729 0.43088892],38,13,"[0.32294489274299887, 0.4620611538839558]",1,-1
38226,[0.41887306 0.38941454],38,6,"[0.40123478470159024, 0.40656176249784554]",1,-1
38227,[0.41674634 0.34229749],38,4,"[0.3937233168939997, 0.29890402186269427]",1,-1
38228,[0.35985284 0.39028854],38,1,"[0.33650952271243567, 0.3695039184549852]",1,-1
38229,[0.46904238 0.48430084],38,35,"[0.491626887866141, 0.45015531396212327]",1,-1
38230,[0.44971843 0.44929387],38,35,"[0.491626887866141, 0.45015531396212327]",1,-1
38231,[0.3105972  0.42606373],38,13,"[0.32294489274299887, 0.4620611538839558]",1,-1
38232,[0.45331463 0.39976049],38,37,"[0.4780366509520634, 0.3686118735311782]",1,-1
38233,[0.38981533 0.31237165],38,4,"[0.3937233168939997, 0.29890402186269427]",1,-1
38234,[0.46440117 0.29371173],38,-1,-1,1,-1
38235,[0.38538345 0.37011435],38,6,"[0.40123478470159024, 0.40656176249784554]",1,-1
38236,[0.35782837 0.35351574],38,1,"[0.33650952271243567, 0.3695039184549852]",1,-1
38237,[0.42252825 0.35016259],38,37,"[0.4780366509520634, 0.3686118735311782]",1,-1
38238,[0.44862235 0.39339736],38,37,"[0.4780366509520634, 0.3686118735311782]",1,-1
38239,[0.37455199 0.28297645],38,4,"[0.3937233168939997, 0.29890402186269427]",1,-1
38240,[0.38785687 0.34833054],38,4,"[0.3937233168939997, 0.29890402186269427]",1,-1
38241,[0.37331755 0.41221609],38,6,"[0.40123478470159024, 0.40656176249784554]",1,-1
38242,[0.47206269 0.5242111 ],38,2,"[0.5181425386759565, 0.548951681512668]",1,49
38243,[0.44961923 0.36341279],38,37,"[0.4780366509520634, 0.3686118735311782]",1,-1
38244,[0.54181942 0.43285282],38,27,"[0.5866068271601823, 0.4386408725933068]",1,-1
38245,[0.39055256 0.45790969],38,6,"[0.40123478470159024, 0.40656176249784554]",1,50
38246,[0.47869163 0.45112889],38,35,"[0.491626887866141, 0.45015531396212327]",1,-1
38247,[0.43001586 0.32290674],38,4,"[0.3937233168939997, 0.29890402186269427]",1,-1
38248,[0.33935963 0.41638724],38,1,"[0.33650952271243567, 0.3695039184549852]",1,-1
38249,[0.38692708 0.39680078],38,6,"[0.40123478470159024, 0.40656176249784554]",1,-1
38250,[0.35244849 0.41021597],38,1,"[0.33650952271243567, 0.3695039184549852]",1,-1
38251,[0.32022637 0.27457215],38,7,"[0.2880919156697789, 0.2889500356712737]",1,-1
38252,[0.35617391 0.33790069],38,1,"[0.33650952271243567, 0.3695039184549852]",1,-1
38253,[0.34182932 0.41398935],38,1,"[0.33650952271243567, 0.3695039184549852]",1,-1
38254,[0.44634473 0.3422026 ],38,37,"[0.4780366509520634, 0.3686118735311782]",1,-1
38255,[0.48895821 0.40318521],38,37,"[0.4780366509520634, 0.3686118735311782]",1,8
38256,[0.42085899 0.36445879],38,6,"[0.40123478470159024, 0.40656176249784554]",1,-1
38257,[0.48535447 0.42894753],38,35,"[0.491626887866141, 0.45015531396212327]",1,-1
38258,[0.38434692 0.39742061],38,6,"[0.40123478470159024, 0.40656176249784554]",1,-1
38259,[0.3975042  0.35471436],38,6,"[0.40123478470159024, 0.40656176249784554]",1,-1
38260,[0.41267104 0.44651252],38,6,"[0.40123478470159024, 0.40656176249784554]",1,-1
38261,[0.42284589 0.49610328],38,18,"[0.4203234088660354, 0.508036417947434]",1,-1
38262,[0.39413482 0.47009477],38,18,"[0.4203234088660354, 0.508036417947434]",1,-1
38263,[0.41858907 0.45303125],38,6,"[0.40123478470159024, 0.40656176249784554]",1,-1
38264,[0.3929412  0.24323691],38,4,"[0.3937233168939997, 0.29890402186269427]",1,-1
38265,[0.42362481 0.35510449],38,37,"[0.4780366509520634, 0.3686118735311782]",1,-1
38266,[0.38856661 0.42938907],38,6,"[0.40123478470159024, 0.40656176249784554]",1,-1
38267,[0.30672195 0.41490811],38,13,"[0.32294489274299887, 0.4620611538839558]",1,-1
38268,[0.40494424 0.4192749 ],38,6,"[0.40123478470159024, 0.40656176249784554]",1,-1
38269,[0.37828532 0.34184465],38,4,"[0.3937233168939997, 0.29890402186269427]",1,-1
38270,[0.4874944  0.42804099],38,35,"[0.491626887866141, 0.45015531396212327]",1,-1
38271,[0.41787533 0.3864409 ],38,6,"[0.40123478470159024, 0.40656176249784554]",1,-1
38272,[0.38704838 0.36893634],38,6,"[0.40123478470159024, 0.40656176249784554]",1,73
38273,[0.39266881 0.40988971],38,6,"[0.40123478470159024, 0.40656176249784554]",1,-1
38274,[0.39696203 0.39661639],38,6,"[0.40123478470159024, 0.40656176249784554]",1,-1
38275,[0.39918015 0.4258662 ],38,6,"[0.40123478470159024, 0.40656176249784554]",1,-1
38276,[0.40256076 0.40769339],38,6,"[0.40123478470159024, 0.40656176249784554]",1,-1
38277,[0.41919658 0.41973165],38,6,"[0.40123478470159024, 0.40656176249784554]",1,-1
38278,[0.28370444 0.40159847],38,0,"[0.2473875480073203, 0.39401489827781994]",1,-1
38279,[0.35479666 0.35281018],38,1,"[0.33650952271243567, 0.3695039184549852]",1,76
38280,[0.43413997 0.40761797],38,6,"[0.40123478470159024, 0.40656176249784554]",1,-1
38281,[0.4023417  0.32702353],38,4,"[0.3937233168939997, 0.29890402186269427]",1,-1
38282,[0.43492537 0.52412896],38,18,"[0.4203234088660354, 0.508036417947434]",1,-1
38283,[0.4056665  0.41475087],38,6,"[0.40123478470159024, 0.40656176249784554]",1,-1
38284,[0.44118497 0.37788822],38,37,"[0.4780366509520634, 0.3686118735311782]",1,-1
38285,[0.38141289 0.40930676],38,6,"[0.40123478470159024, 0.40656176249784554]",1,-1
38286,[0.30901198 0.3619395 ],38,1,"[0.33650952271243567, 0.3695039184549852]",1,-1
38287,[0.36377145 0.42027341],38,6,"[0.40123478470159024, 0.40656176249784554]",1,-1
38288,[0.47486214 0.3733113 ],38,37,"[0.4780366509520634, 0.3686118735311782]",1,-1
38289,[0.30259179 0.32507367],38,7,"[0.2880919156697789, 0.2889500356712737]",1,-1
38290,[0.39171016 0.3354337 ],38,4,"[0.3937233168939997, 0.29890402186269427]",1,-1
38291,[0.421644   0.31467194],38,4,"[0.3937233168939997, 0.29890402186269427]",1,-1
38292,[0.43718427 0.41881528],38,6,"[0.40123478470159024, 0.40656176249784554]",1,-1
38293,[0.42535428 0.40629601],38,6,"[0.40123478470159024, 0.40656176249784554]",1,-1
38294,[0.38923218 0.42237554],38,6,"[0.40123478470159024, 0.40656176249784554]",1,-1
38295,[0.33937115 0.43368053],38,13,"[0.32294489274299887, 0.4620611538839558]",1,-1
38296,[0.31188272 0.46047127],38,13,"[0.32294489274299887, 0.4620611538839558]",1,-1
38297,[0.42557855 0.49305025],38,18,"[0.4203234088660354, 0.508036417947434]",1,-1
38298,[0.40840027 0.44127594],38,6,"[0.40123478470159024, 0.40656176249784554]",1,-1
38299,[0.42905382 0.43720855],38,6,"[0.40123478470159024, 0.40656176249784554]",1,-1
38300,[0.44891272 0.42031239],38,6,"[0.40123478470159024, 0.40656176249784554]",1,-1
38301,[0.41123861 0.40410169],38,6,"[0.40123478470159024, 0.40656176249784554]",1,-1
38302,[0.39321241 0.44841116],38,6,"[0.40123478470159024, 0.40656176249784554]",1,-1
38303,[0.44995952 0.34511688],38,37,"[0.4780366509520634, 0.3686118735311782]",1,-1
38304,[0.41029294 0.34730371],38,4,"[0.3937233168939997, 0.29890402186269427]",1,-1
38305,[0.38159592 0.4092261 ],38,6,"[0.40123478470159024, 0.40656176249784554]",1,-1
38306,[0.25878266 0.33288537],38,7,"[0.2880919156697789, 0.2889500356712737]",1,-1
38307,[0.42133133 0.35217559],38,6,"[0.40123478470159024, 0.40656176249784554]",1,-1
38308,[0.37686724 0.41169557],38,6,"[0.40123478470159024, 0.40656176249784554]",1,-1
38309,[0.30159627 0.37134039],38,1,"[0.33650952271243567, 0.3695039184549852]",1,-1
38310,[0.4286459  0.44072543],38,6,"[0.40123478470159024, 0.40656176249784554]",1,-1
38311,[0.44968864 0.33011033],38,37,"[0.4780366509520634, 0.3686118735311782]",1,-1
38312,[0.43090786 0.48329681],38,18,"[0.4203234088660354, 0.508036417947434]",1,-1
38313,[0.33133446 0.40257481],38,1,"[0.33650952271243567, 0.3695039184549852]",1,-1
38314,[0.43736359 0.35669341],38,37,"[0.4780366509520634, 0.3686118735311782]",1,-1
38315,[0.40301765 0.3462226 ],38,4,"[0.3937233168939997, 0.29890402186269427]",1,-1
38316,[0.37106836 0.41019061],38,6,"[0.40123478470159024, 0.40656176249784554]",1,-1
38317,[0.52071001 0.35331428],38,37,"[0.4780366509520634, 0.3686118735311782]",1,-1
38318,[0.3973648  0.38918339],38,6,"[0.40123478470159024, 0.40656176249784554]",1,-1
38319,[0.43695661 0.33451341],38,37,"[0.4780366509520634, 0.3686118735311782]",1,-1
38320,[0.43347296 0.43091253],38,6,"[0.40123478470159024, 0.40656176249784554]",1,-1
38321,[0.44807299 0.29875384],38,4,"[0.3937233168939997, 0.29890402186269427]",1,-1
38322,[0.3655938  0.38536613],38,1,"[0.33650952271243567, 0.3695039184549852]",1,79
38323,[0.41375231 0.38188902],38,6,"[0.40123478470159024, 0.40656176249784554]",1,-1
38324,[0.3339015  0.38042842],38,1,"[0.33650952271243567, 0.3695039184549852]",1,72
38325,[0.39476687 0.36345318],38,6,"[0.40123478470159024, 0.40656176249784554]",1,73
38326,[0.48347859 0.32704105],38,37,"[0.4780366509520634, 0.3686118735311782]",1,-1
38327,[0.39387128 0.4335311 ],38,6,"[0.40123478470159024, 0.40656176249784554]",1,50
38328,[0.41655204 0.39522624],38,6,"[0.40123478470159024, 0.40656176249784554]",1,-1
38329,[0.289898  0.3728233],38,1,"[0.33650952271243567, 0.3695039184549852]",1,-1
38330,[0.39143293 0.38407405],38,6,"[0.40123478470159024, 0.40656176249784554]",1,-1
38331,[0.44319036 0.42899889],38,6,"[0.40123478470159024, 0.40656176249784554]",1,-1
38332,[0.33742234 0.34121481],38,1,"[0.33650952271243567, 0.3695039184549852]",1,-1
38333,[0.36911738 0.4443279 ],38,13,"[0.32294489274299887, 0.4620611538839558]",1,-1
38334,[0.38146902 0.29766388],38,4,"[0.3937233168939997, 0.29890402186269427]",1,-1
38335,[0.33983041 0.410823  ],38,1,"[0.33650952271243567, 0.3695039184549852]",1,-1
38336,[0.30788017 0.48112207],38,13,"[0.32294489274299887, 0.4620611538839558]",1,-1
38337,[0.36398285 0.39462978],38,1,"[0.33650952271243567, 0.3695039184549852]",1,79
38338,[0.32791455 0.36790074],38,1,"[0.33650952271243567, 0.3695039184549852]",1,-1
38339,[0.37641784 0.3495923 ],38,1,"[0.33650952271243567, 0.3695039184549852]",1,-1
38340,[0.40264063 0.41123274],38,6,"[0.40123478470159024, 0.40656176249784554]",1,-1
38341,[0.38988172 0.43005091],38,6,"[0.40123478470159024, 0.40656176249784554]",1,-1
38342,[0.33410452 0.44436177],38,13,"[0.32294489274299887, 0.4620611538839558]",1,-1
38343,[0.34574755 0.46654866],38,13,"[0.32294489274299887, 0.4620611538839558]",1,-1
38344,[0.3695752  0.44810906],38,13,"[0.32294489274299887, 0.4620611538839558]",1,-1
38345,[0.34952681 0.39119849],38,1,"[0.33650952271243567, 0.3695039184549852]",1,-1
38346,[0.33997918 0.36042189],38,1,"[0.33650952271243567, 0.3695039184549852]",1,-1
38347,[0.43550918 0.40059358],38,6,"[0.40123478470159024, 0.40656176249784554]",1,-1
38348,[0.40774298 0.38222857],38,6,"[0.40123478470159024, 0.40656176249784554]",1,-1
38349,[0.33804231 0.44339281],38,13,"[0.32294489274299887, 0.4620611538839558]",1,-1
38350,[0.47834503 0.36138059],38,37,"[0.4780366509520634, 0.3686118735311782]",1,-1
38351,[0.3031002  0.53115882],38,44,"[0.30505443145580996, 0.5938366826632161]",1,-1
38352,[0.33155045 0.40310515],38,1,"[0.33650952271243567, 0.3695039184549852]",1,-1
38353,[0.39694186 0.49026698],38,18,"[0.4203234088660354, 0.508036417947434]",1,-1
38354,[0.47400421 0.2416113 ],38,-1,-1,1,-1
38355,[0.32840604 0.38776798],38,1,"[0.33650952271243567, 0.3695039184549852]",1,-1
38356,[0.3473761 0.3739882],38,1,"[0.33650952271243567, 0.3695039184549852]",1,-1
38357,[0.43924286 0.39957486],38,6,"[0.40123478470159024, 0.40656176249784554]",1,-1
38358,[0.52077803 0.31854057],38,37,"[0.4780366509520634, 0.3686118735311782]",1,-1
38359,[0.42808803 0.3675854 ],38,6,"[0.40123478470159024, 0.40656176249784554]",1,-1
38360,[0.33350468 0.38223782],38,1,"[0.33650952271243567, 0.3695039184549852]",1,-1
38361,[0.47964655 0.32804274],38,37,"[0.4780366509520634, 0.3686118735311782]",1,-1
38362,[0.48066114 0.44690036],38,35,"[0.491626887866141, 0.45015531396212327]",1,-1
38363,[0.42135344 0.49667731],38,18,"[0.4203234088660354, 0.508036417947434]",1,-1
38364,[0.40546731 0.35432033],38,6,"[0.40123478470159024, 0.40656176249784554]",1,71
38365,[0.42937979 0.41367166],38,6,"[0.40123478470159024, 0.40656176249784554]",1,-1
38366,[0.47115406 0.46061319],38,35,"[0.491626887866141, 0.45015531396212327]",1,-1
38367,[0.3981755  0.42440391],38,6,"[0.40123478470159024, 0.40656176249784554]",1,-1
38368,[0.3780671 0.4023868],38,6,"[0.40123478470159024, 0.40656176249784554]",1,79
38369,[0.42915746 0.42286034],38,6,"[0.40123478470159024, 0.40656176249784554]",1,-1
38370,[0.40131471 0.45122563],38,6,"[0.40123478470159024, 0.40656176249784554]",1,50
38371,[0.43209722 0.37487264],38,6,"[0.40123478470159024, 0.40656176249784554]",1,-1
38372,[0.38516127 0.39941178],38,6,"[0.40123478470159024, 0.40656176249784554]",1,-1
38373,[0.48851737 0.42787442],38,35,"[0.491626887866141, 0.45015531396212327]",1,-1
38374,[0.46881824 0.40065243],38,37,"[0.4780366509520634, 0.3686118735311782]",1,-1
38375,[0.37157837 0.4094582 ],38,6,"[0.40123478470159024, 0.40656176249784554]",1,-1
38376,[0.38068457 0.40136744],38,6,"[0.40123478470159024, 0.40656176249784554]",1,-1
38377,[0.3166516  0.32767034],38,1,"[0.33650952271243567, 0.3695039184549852]",1,-1
38378,[0.3123872  0.37096896],38,1,"[0.33650952271243567, 0.3695039184549852]",1,-1
38379,[0.45216711 0.47788073],38,18,"[0.4203234088660354, 0.508036417947434]",1,-1
38380,[0.4389179 0.3504296],38,37,"[0.4780366509520634, 0.3686118735311782]",1,-1
38381,[0.43140145 0.42625127],38,6,"[0.40123478470159024, 0.40656176249784554]",1,-1
38382,[0.40823683 0.35538889],38,6,"[0.40123478470159024, 0.40656176249784554]",1,-1
38383,[0.38503431 0.43531173],38,6,"[0.40123478470159024, 0.40656176249784554]",1,50
38384,[0.35603961 0.41737432],38,6,"[0.40123478470159024, 0.40656176249784554]",1,-1
38385,[0.46966483 0.29747574],38,-1,-1,1,-1
38386,[0.41172416 0.48235829],38,18,"[0.4203234088660354, 0.508036417947434]",1,-1
38387,[0.43086471 0.44136353],38,6,"[0.40123478470159024, 0.40656176249784554]",1,-1
38388,[0.3219533  0.40558201],38,1,"[0.33650952271243567, 0.3695039184549852]",1,-1
38389,[0.31143938 0.46085554],38,13,"[0.32294489274299887, 0.4620611538839558]",1,-1
38390,[0.3869409  0.36465424],38,6,"[0.40123478470159024, 0.40656176249784554]",1,73
38391,[0.32142884 0.41653363],38,13,"[0.32294489274299887, 0.4620611538839558]",1,-1
38392,[0.40106132 0.41803464],38,6,"[0.40123478470159024, 0.40656176249784554]",1,-1
38393,[0.36599265 0.39884133],38,6,"[0.40123478470159024, 0.40656176249784554]",1,79
38394,[0.47055405 0.31946828],38,37,"[0.4780366509520634, 0.3686118735311782]",1,-1
38395,[0.41433912 0.30876551],38,4,"[0.3937233168939997, 0.29890402186269427]",1,-1
38396,[0.44054662 0.39729151],38,6,"[0.40123478470159024, 0.40656176249784554]",1,-1
38397,[0.39194613 0.44264168],38,6,"[0.40123478470159024, 0.40656176249784554]",1,-1
38398,[0.36829508 0.38914435],38,6,"[0.40123478470159024, 0.40656176249784554]",1,79
38399,[0.28932589 0.39759571],38,0,"[0.2473875480073203, 0.39401489827781994]",1,-1
38400,[0.29767132 0.36555209],38,1,"[0.33650952271243567, 0.3695039184549852]",1,-1
38401,[0.40345901 0.45946463],38,18,"[0.4203234088660354, 0.508036417947434]",1,-1
38402,[0.39001938 0.33446556],38,4,"[0.3937233168939997, 0.29890402186269427]",1,-1
38403,[0.35755401 0.51934696],38,18,"[0.4203234088660354, 0.508036417947434]",1,-1
38404,[0.47375964 0.48083124],38,35,"[0.491626887866141, 0.45015531396212327]",1,-1
38405,[0.34347109 0.44261289],38,13,"[0.32294489274299887, 0.4620611538839558]",1,-1
38406,[0.4300961  0.36146932],38,37,"[0.4780366509520634, 0.3686118735311782]",1,-1
38407,[0.44127733 0.45088082],38,35,"[0.491626887866141, 0.45015531396212327]",1,-1
38408,[0.43034331 0.38214262],38,6,"[0.40123478470159024, 0.40656176249784554]",1,-1
38409,[0.34914843 0.46790292],38,13,"[0.32294489274299887, 0.4620611538839558]",1,-1
38410,[0.47432537 0.36188302],38,37,"[0.4780366509520634, 0.3686118735311782]",1,-1
38411,[0.35805286 0.42038675],38,6,"[0.40123478470159024, 0.40656176249784554]",1,-1
38412,[0.37161997 0.43591248],38,6,"[0.40123478470159024, 0.40656176249784554]",1,-1
38413,[0.38840239 0.33907642],38,4,"[0.3937233168939997, 0.29890402186269427]",1,-1
38414,[0.32158938 0.44093022],38,13,"[0.32294489274299887, 0.4620611538839558]",1,-1
38415,[0.34847972 0.41426451],38,1,"[0.33650952271243567, 0.3695039184549852]",1,-1
38416,[0.40574092 0.35990733],38,6,"[0.40123478470159024, 0.40656176249784554]",1,71
38417,[0.39863149 0.36777078],38,6,"[0.40123478470159024, 0.40656176249784554]",1,-1
38418,[0.25687213 0.30328623],38,7,"[0.2880919156697789, 0.2889500356712737]",1,-1
38419,[0.45745784 0.25949069],38,-1,-1,1,-1
38420,[0.37287017 0.41505781],38,6,"[0.40123478470159024, 0.40656176249784554]",1,-1
38421,[0.40064161 0.36176264],38,6,"[0.40123478470159024, 0.40656176249784554]",1,-1
38422,[0.51212367 0.32267328],38,37,"[0.4780366509520634, 0.3686118735311782]",1,-1
38423,[0.40242179 0.34547386],38,4,"[0.3937233168939997, 0.29890402186269427]",1,-1
38424,[0.35690934 0.39210809],38,1,"[0.33650952271243567, 0.3695039184549852]",1,-1
38425,[0.39190277 0.32938569],38,4,"[0.3937233168939997, 0.29890402186269427]",1,-1
38426,[0.33883962 0.38316447],38,1,"[0.33650952271243567, 0.3695039184549852]",1,72
38427,[0.45630796 0.42092167],38,35,"[0.491626887866141, 0.45015531396212327]",1,-1
38428,[0.42145898 0.41961797],38,6,"[0.40123478470159024, 0.40656176249784554]",1,-1
38429,[0.35208913 0.40180421],38,1,"[0.33650952271243567, 0.3695039184549852]",1,-1
38430,[0.38922228 0.44583006],38,6,"[0.40123478470159024, 0.40656176249784554]",1,-1
38431,[0.36157949 0.37338998],38,1,"[0.33650952271243567, 0.3695039184549852]",1,-1
38432,[0.41761844 0.50431969],38,18,"[0.4203234088660354, 0.508036417947434]",1,-1
38433,[0.47384357 0.38866582],38,37,"[0.4780366509520634, 0.3686118735311782]",1,-1
38434,[0.42131854 0.4419202 ],38,6,"[0.40123478470159024, 0.40656176249784554]",1,-1
38435,[0.44288398 0.32872895],38,37,"[0.4780366509520634, 0.3686118735311782]",1,-1
38436,[0.43134778 0.32572355],38,4,"[0.3937233168939997, 0.29890402186269427]",1,-1
38437,[0.47879653 0.38097589],38,37,"[0.4780366509520634, 0.3686118735311782]",1,-1
38438,[0.45887723 0.39383675],38,37,"[0.4780366509520634, 0.3686118735311782]",1,-1
38439,[0.38096411 0.43251087],38,6,"[0.40123478470159024, 0.40656176249784554]",1,-1
38440,[0.4733266  0.39082376],38,37,"[0.4780366509520634, 0.3686118735311782]",1,-1
38441,[0.48902446 0.35737855],38,37,"[0.4780366509520634, 0.3686118735311782]",1,-1
38442,[0.39982462 0.37349249],38,6,"[0.40123478470159024, 0.40656176249784554]",1,-1
38443,[0.4217756  0.37688527],38,6,"[0.40123478470159024, 0.40656176249784554]",1,-1
38444,[0.3882435  0.42163538],38,6,"[0.40123478470159024, 0.40656176249784554]",1,-1
38445,[0.46481905 0.42515913],38,35,"[0.491626887866141, 0.45015531396212327]",1,-1
38446,[0.45088704 0.41311513],38,6,"[0.40123478470159024, 0.40656176249784554]",1,-1
38447,[0.37366275 0.4153124 ],38,6,"[0.40123478470159024, 0.40656176249784554]",1,-1
38448,[0.39895821 0.41115224],38,6,"[0.40123478470159024, 0.40656176249784554]",1,-1
38449,[0.41623032 0.43000712],38,6,"[0.40123478470159024, 0.40656176249784554]",1,-1
38450,[0.39225889 0.45630087],38,6,"[0.40123478470159024, 0.40656176249784554]",1,50
38451,[0.38894585 0.39085689],38,6,"[0.40123478470159024, 0.40656176249784554]",1,-1
38452,[0.35963673 0.34509221],38,1,"[0.33650952271243567, 0.3695039184549852]",1,76
38453,[0.51256609 0.34359153],38,37,"[0.4780366509520634, 0.3686118735311782]",1,-1
38454,[0.49631183 0.40189105],38,37,"[0.4780366509520634, 0.3686118735311782]",1,-1
38455,[0.34527298 0.38626067],38,1,"[0.33650952271243567, 0.3695039184549852]",1,-1
38456,[0.38800349 0.40944975],38,6,"[0.40123478470159024, 0.40656176249784554]",1,-1
38457,[0.39920133 0.27593302],38,4,"[0.3937233168939997, 0.29890402186269427]",1,-1
38458,[0.40280955 0.45371283],38,6,"[0.40123478470159024, 0.40656176249784554]",1,50
38459,[0.4252938  0.31653534],38,4,"[0.3937233168939997, 0.29890402186269427]",1,-1
38460,[0.49586506 0.43449846],38,35,"[0.491626887866141, 0.45015531396212327]",1,-1
38461,[0.4649383  0.43458225],38,35,"[0.491626887866141, 0.45015531396212327]",1,-1
38462,[0.40025734 0.42221466],38,6,"[0.40123478470159024, 0.40656176249784554]",1,-1
38463,[0.41064233 0.39286905],38,6,"[0.40123478470159024, 0.40656176249784554]",1,-1
38464,[0.38861902 0.48021308],38,18,"[0.4203234088660354, 0.508036417947434]",1,-1
38465,[0.31645327 0.4421308 ],38,13,"[0.32294489274299887, 0.4620611538839558]",1,-1
38466,[0.37000181 0.36062136],38,1,"[0.33650952271243567, 0.3695039184549852]",1,-1
38467,[0.37997788 0.39859238],38,6,"[0.40123478470159024, 0.40656176249784554]",1,79
38468,[0.32348987 0.43288992],38,13,"[0.32294489274299887, 0.4620611538839558]",1,-1
38469,[0.38885384 0.45843289],38,6,"[0.40123478470159024, 0.40656176249784554]",1,50
38470,[0.39331236 0.36725081],38,6,"[0.40123478470159024, 0.40656176249784554]",1,73
38471,[0.44448184 0.31735787],38,4,"[0.3937233168939997, 0.29890402186269427]",1,-1
38472,[0.39538982 0.37763881],38,6,"[0.40123478470159024, 0.40656176249784554]",1,-1
38473,[0.39878699 0.39637498],38,6,"[0.40123478470159024, 0.40656176249784554]",1,-1
38474,[0.36581766 0.49522234],38,13,"[0.32294489274299887, 0.4620611538839558]",1,-1
38475,[0.4126794  0.34813991],38,4,"[0.3937233168939997, 0.29890402186269427]",1,-1
38476,[0.31912388 0.36078847],38,1,"[0.33650952271243567, 0.3695039184549852]",1,-1
38477,[0.43560546 0.35063886],38,37,"[0.4780366509520634, 0.3686118735311782]",1,-1
38478,[0.34704904 0.401271  ],38,1,"[0.33650952271243567, 0.3695039184549852]",1,-1
38479,[0.31534563 0.37651917],38,1,"[0.33650952271243567, 0.3695039184549852]",1,-1
38480,[0.44084319 0.30109305],38,4,"[0.3937233168939997, 0.29890402186269427]",1,-1
38481,[0.44602293 0.39365822],38,37,"[0.4780366509520634, 0.3686118735311782]",1,-1
38482,[0.45431333 0.27262363],38,4,"[0.3937233168939997, 0.29890402186269427]",1,-1
38483,[0.44165842 0.36982373],38,37,"[0.4780366509520634, 0.3686118735311782]",1,-1
38484,[0.45168216 0.44218645],38,35,"[0.491626887866141, 0.45015531396212327]",1,-1
38485,[0.37234781 0.26928656],38,4,"[0.3937233168939997, 0.29890402186269427]",1,-1
38486,[0.49527141 0.31838821],38,37,"[0.4780366509520634, 0.3686118735311782]",1,-1
38487,[0.39112233 0.37998737],38,6,"[0.40123478470159024, 0.40656176249784554]",1,-1
38488,[0.42001338 0.35155379],38,6,"[0.40123478470159024, 0.40656176249784554]",1,-1
38489,[0.41175189 0.40027553],38,6,"[0.40123478470159024, 0.40656176249784554]",1,-1
38490,[0.38684509 0.51271117],38,18,"[0.4203234088660354, 0.508036417947434]",1,-1
38491,[0.39869784 0.45088036],38,6,"[0.40123478470159024, 0.40656176249784554]",1,-1
38492,[0.39445322 0.38565711],38,6,"[0.40123478470159024, 0.40656176249784554]",1,-1
38493,[0.41491856 0.36818155],38,6,"[0.40123478470159024, 0.40656176249784554]",1,-1
38494,[0.40393024 0.38928973],38,6,"[0.40123478470159024, 0.40656176249784554]",1,-1
38495,[0.36972819 0.40363023],38,6,"[0.40123478470159024, 0.40656176249784554]",1,-1
38496,[0.38969181 0.53294962],38,18,"[0.4203234088660354, 0.508036417947434]",1,-1
38497,[0.39010049 0.38633008],38,6,"[0.40123478470159024, 0.40656176249784554]",1,-1
38498,[0.38107378 0.42870819],38,6,"[0.40123478470159024, 0.40656176249784554]",1,-1
38499,[0.4289984 0.2692905],38,4,"[0.3937233168939997, 0.29890402186269427]",1,-1
38500,[0.38085534 0.35969381],38,1,"[0.33650952271243567, 0.3695039184549852]",1,73
38501,[0.40430675 0.35498657],38,6,"[0.40123478470159024, 0.40656176249784554]",1,71
38502,[0.44422631 0.36769561],38,37,"[0.4780366509520634, 0.3686118735311782]",1,-1
38503,[0.37171709 0.35741432],38,1,"[0.33650952271243567, 0.3695039184549852]",1,-1
38504,[0.43616658 0.36521675],38,37,"[0.4780366509520634, 0.3686118735311782]",1,-1
38505,[0.46494807 0.36142933],38,37,"[0.4780366509520634, 0.3686118735311782]",1,-1
38506,[0.38648576 0.37761943],38,6,"[0.40123478470159024, 0.40656176249784554]",1,-1
38507,[0.43513324 0.38680469],38,6,"[0.40123478470159024, 0.40656176249784554]",1,-1
38508,[0.40506002 0.46827214],38,18,"[0.4203234088660354, 0.508036417947434]",1,-1
38509,[0.45309936 0.40257947],38,37,"[0.4780366509520634, 0.3686118735311782]",1,-1
38510,[0.39275074 0.3662073 ],38,6,"[0.40123478470159024, 0.40656176249784554]",1,73
38511,[0.39835055 0.38909855],38,6,"[0.40123478470159024, 0.40656176249784554]",1,-1
38512,[0.50560002 0.47603372],38,35,"[0.491626887866141, 0.45015531396212327]",1,-1
38513,[0.42866668 0.41988189],38,6,"[0.40123478470159024, 0.40656176249784554]",1,-1
38514,[0.38461866 0.41765847],38,6,"[0.40123478470159024, 0.40656176249784554]",1,-1
38515,[0.33263674 0.41881399],38,13,"[0.32294489274299887, 0.4620611538839558]",1,-1
38516,[0.39541214 0.37141683],38,6,"[0.40123478470159024, 0.40656176249784554]",1,-1
38517,[0.41371064 0.34626588],38,4,"[0.3937233168939997, 0.29890402186269427]",1,-1
38518,[0.32710998 0.33764141],38,1,"[0.33650952271243567, 0.3695039184549852]",1,-1
38519,[0.32660041 0.34705734],38,1,"[0.33650952271243567, 0.3695039184549852]",1,-1
38520,[0.34259094 0.33527022],38,1,"[0.33650952271243567, 0.3695039184549852]",1,-1
38521,[0.39610819 0.40198445],38,6,"[0.40123478470159024, 0.40656176249784554]",1,-1
38522,[0.40772957 0.4411513 ],38,6,"[0.40123478470159024, 0.40656176249784554]",1,-1
38523,[0.41303831 0.36685912],38,6,"[0.40123478470159024, 0.40656176249784554]",1,-1
38524,[0.38670717 0.46657823],38,18,"[0.4203234088660354, 0.508036417947434]",1,-1
38525,[0.37810569 0.39728378],38,6,"[0.40123478470159024, 0.40656176249784554]",1,79
38526,[0.36041078 0.36054092],38,1,"[0.33650952271243567, 0.3695039184549852]",1,-1
38527,[0.48582024 0.34897479],38,37,"[0.4780366509520634, 0.3686118735311782]",1,-1
38528,[0.39689692 0.35252339],38,4,"[0.3937233168939997, 0.29890402186269427]",1,-1
38529,[0.50621198 0.37483317],38,37,"[0.4780366509520634, 0.3686118735311782]",1,-1
38530,[0.40424481 0.40794083],38,6,"[0.40123478470159024, 0.40656176249784554]",1,-1
38531,[0.45808548 0.34173322],38,37,"[0.4780366509520634, 0.3686118735311782]",1,-1
38532,[0.42548032 0.41465809],38,6,"[0.40123478470159024, 0.40656176249784554]",1,-1
38533,[0.31791598 0.36354282],38,1,"[0.33650952271243567, 0.3695039184549852]",1,-1
38534,[0.41680788 0.39025005],38,6,"[0.40123478470159024, 0.40656176249784554]",1,-1
38535,[0.40065828 0.45291744],38,6,"[0.40123478470159024, 0.40656176249784554]",1,50
38536,[0.43715545 0.37459829],38,37,"[0.4780366509520634, 0.3686118735311782]",1,-1
38537,[0.44484594 0.40301917],38,6,"[0.40123478470159024, 0.40656176249784554]",1,-1
38538,[0.44716966 0.44624271],38,35,"[0.491626887866141, 0.45015531396212327]",1,-1
38539,[0.35671831 0.42627283],38,6,"[0.40123478470159024, 0.40656176249784554]",1,-1
38540,[0.3211325  0.32050073],38,7,"[0.2880919156697789, 0.2889500356712737]",1,-1
38541,[0.40467558 0.35134081],38,4,"[0.3937233168939997, 0.29890402186269427]",1,71
38542,[0.3365792  0.31063157],38,7,"[0.2880919156697789, 0.2889500356712737]",1,-1
38543,[0.39329277 0.46769269],38,18,"[0.4203234088660354, 0.508036417947434]",1,-1
38544,[0.40016132 0.3872391 ],38,6,"[0.40123478470159024, 0.40656176249784554]",1,-1
38545,[0.37403111 0.36430733],38,1,"[0.33650952271243567, 0.3695039184549852]",1,-1
38546,[0.39064171 0.39970129],38,6,"[0.40123478470159024, 0.40656176249784554]",1,-1
38547,[0.35234401 0.44579602],38,13,"[0.32294489274299887, 0.4620611538839558]",1,-1
38548,[0.41534642 0.37292139],38,6,"[0.40123478470159024, 0.40656176249784554]",1,-1
38549,[0.4041913  0.34863285],38,4,"[0.3937233168939997, 0.29890402186269427]",1,-1
38550,[0.40246959 0.3501239 ],38,4,"[0.3937233168939997, 0.29890402186269427]",1,71
38551,[0.27289678 0.39654368],38,0,"[0.2473875480073203, 0.39401489827781994]",1,59
38552,[0.40502785 0.50560681],38,18,"[0.4203234088660354, 0.508036417947434]",1,-1
38553,[0.40167931 0.43579981],38,6,"[0.40123478470159024, 0.40656176249784554]",1,50
38554,[0.42966918 0.4413973 ],38,6,"[0.40123478470159024, 0.40656176249784554]",1,-1
38555,[0.37248866 0.40368332],38,6,"[0.40123478470159024, 0.40656176249784554]",1,79
38556,[0.43956181 0.38967781],38,6,"[0.40123478470159024, 0.40656176249784554]",1,-1
38557,[0.39063374 0.33536496],38,4,"[0.3937233168939997, 0.29890402186269427]",1,-1
38558,[0.35704744 0.40284801],38,1,"[0.33650952271243567, 0.3695039184549852]",1,-1
38559,[0.28815347 0.42368644],38,0,"[0.2473875480073203, 0.39401489827781994]",1,-1
38560,[0.5614365  0.40845004],38,27,"[0.5866068271601823, 0.4386408725933068]",1,-1
38561,[0.43176946 0.46619232],38,18,"[0.4203234088660354, 0.508036417947434]",1,-1
38562,[0.43675108 0.34571835],38,37,"[0.4780366509520634, 0.3686118735311782]",1,-1
38563,[0.34699744 0.37859163],38,1,"[0.33650952271243567, 0.3695039184549852]",1,-1
38564,[0.39200026 0.38175316],38,6,"[0.40123478470159024, 0.40656176249784554]",1,-1
38565,[0.3937116 0.4383365],38,6,"[0.40123478470159024, 0.40656176249784554]",1,50
38566,[0.45049775 0.45725659],38,35,"[0.491626887866141, 0.45015531396212327]",1,-1
38567,[0.43584966 0.42797635],38,6,"[0.40123478470159024, 0.40656176249784554]",1,-1
38568,[0.3953285  0.46040692],38,18,"[0.4203234088660354, 0.508036417947434]",1,50
38569,[0.45172291 0.37787521],38,37,"[0.4780366509520634, 0.3686118735311782]",1,-1
38570,[0.39128312 0.51469713],38,18,"[0.4203234088660354, 0.508036417947434]",1,-1
38571,[0.44164846 0.44969687],38,35,"[0.491626887866141, 0.45015531396212327]",1,-1
38572,[0.36206786 0.43523436],38,13,"[0.32294489274299887, 0.4620611538839558]",1,-1
38573,[0.50710521 0.50356163],38,2,"[0.5181425386759565, 0.548951681512668]",1,-1
38574,[0.3884629  0.35984931],38,6,"[0.40123478470159024, 0.40656176249784554]",1,-1
38575,[0.45259815 0.39071226],38,37,"[0.4780366509520634, 0.3686118735311782]",1,-1
38576,[0.33145197 0.41147143],38,1,"[0.33650952271243567, 0.3695039184549852]",1,-1
38577,[0.4639214  0.45321423],38,35,"[0.491626887866141, 0.45015531396212327]",1,-1
38578,[0.41239024 0.34145401],38,4,"[0.3937233168939997, 0.29890402186269427]",1,-1
38579,[0.40923325 0.31738175],38,4,"[0.3937233168939997, 0.29890402186269427]",1,-1
38580,[0.42034048 0.44456853],38,6,"[0.40123478470159024, 0.40656176249784554]",1,-1
38581,[0.38922108 0.39699989],38,6,"[0.40123478470159024, 0.40656176249784554]",1,-1
38582,[0.45045842 0.32387863],38,37,"[0.4780366509520634, 0.3686118735311782]",1,-1
38583,[0.38206296 0.42900603],38,6,"[0.40123478470159024, 0.40656176249784554]",1,-1
38584,[0.33884143 0.39136598],38,1,"[0.33650952271243567, 0.3695039184549852]",1,-1
38585,[0.42089805 0.38634094],38,6,"[0.40123478470159024, 0.40656176249784554]",1,-1
38586,[0.42799428 0.45616782],38,18,"[0.4203234088660354, 0.508036417947434]",1,-1
38587,[0.41528679 0.3800671 ],38,6,"[0.40123478470159024, 0.40656176249784554]",1,-1
38588,[0.45197301 0.36490647],38,37,"[0.4780366509520634, 0.3686118735311782]",1,-1
38589,[0.45652065 0.33273098],38,37,"[0.4780366509520634, 0.3686118735311782]",1,-1
38590,[0.43087844 0.38056013],38,6,"[0.40123478470159024, 0.40656176249784554]",1,-1
38591,[0.36354311 0.40299702],38,6,"[0.40123478470159024, 0.40656176249784554]",1,-1
38592,[0.23069926 0.37832254],38,0,"[0.2473875480073203, 0.39401489827781994]",1,-1
38593,[0.32053656 0.37975535],38,1,"[0.33650952271243567, 0.3695039184549852]",1,-1
38594,[0.44770784 0.42784652],38,35,"[0.491626887866141, 0.45015531396212327]",1,-1
38595,[0.43365698 0.42853008],38,6,"[0.40123478470159024, 0.40656176249784554]",1,-1
38596,[0.42871858 0.46878575],38,18,"[0.4203234088660354, 0.508036417947434]",1,-1
38597,[0.4044362  0.42184481],38,6,"[0.40123478470159024, 0.40656176249784554]",1,-1
38598,[0.49769367 0.37485781],38,37,"[0.4780366509520634, 0.3686118735311782]",1,-1
38599,[0.45309435 0.44179141],38,35,"[0.491626887866141, 0.45015531396212327]",1,-1
38600,[0.35149707 0.40757422],38,1,"[0.33650952271243567, 0.3695039184549852]",1,-1
38601,[0.35146247 0.42086868],38,13,"[0.32294489274299887, 0.4620611538839558]",1,-1
38602,[0.37689791 0.42743278],38,6,"[0.40123478470159024, 0.40656176249784554]",1,-1
38603,[0.38348364 0.36451473],38,6,"[0.40123478470159024, 0.40656176249784554]",1,73
38604,[0.41797979 0.43881748],38,6,"[0.40123478470159024, 0.40656176249784554]",1,-1
38605,[0.48239903 0.42100162],38,35,"[0.491626887866141, 0.45015531396212327]",1,-1
38606,[0.46187864 0.38256987],38,37,"[0.4780366509520634, 0.3686118735311782]",1,-1
38607,[0.43565531 0.40780783],38,6,"[0.40123478470159024, 0.40656176249784554]",1,-1
38608,[0.42071261 0.41520335],38,6,"[0.40123478470159024, 0.40656176249784554]",1,-1
38609,[0.37481463 0.43302859],38,6,"[0.40123478470159024, 0.40656176249784554]",1,-1
38610,[0.43787851 0.35856056],38,37,"[0.4780366509520634, 0.3686118735311782]",1,-1
38611,[0.43206297 0.36492759],38,37,"[0.4780366509520634, 0.3686118735311782]",1,-1
38612,[0.38853192 0.38546725],38,6,"[0.40123478470159024, 0.40656176249784554]",1,-1
38613,[0.43983512 0.38144607],38,37,"[0.4780366509520634, 0.3686118735311782]",1,-1
38614,[0.4428463  0.49562186],38,18,"[0.4203234088660354, 0.508036417947434]",1,-1
38615,[0.48904093 0.37931458],38,37,"[0.4780366509520634, 0.3686118735311782]",1,-1
38616,[0.46490167 0.34236883],38,37,"[0.4780366509520634, 0.3686118735311782]",1,-1
38617,[0.37561956 0.38937154],38,6,"[0.40123478470159024, 0.40656176249784554]",1,-1
38618,[0.37908115 0.46907553],38,13,"[0.32294489274299887, 0.4620611538839558]",1,-1
38619,[0.37251804 0.41187504],38,6,"[0.40123478470159024, 0.40656176249784554]",1,-1
38620,[0.3823669  0.41744961],38,6,"[0.40123478470159024, 0.40656176249784554]",1,-1
38621,[0.4148898  0.34863333],38,4,"[0.3937233168939997, 0.29890402186269427]",1,-1
38622,[0.40909478 0.41662977],38,6,"[0.40123478470159024, 0.40656176249784554]",1,-1
38623,[0.31573281 0.31419307],38,7,"[0.2880919156697789, 0.2889500356712737]",1,-1
38624,[0.43092717 0.42131692],38,6,"[0.40123478470159024, 0.40656176249784554]",1,-1
38625,[0.2900823 0.3883145],38,0,"[0.2473875480073203, 0.39401489827781994]",1,59
38626,[0.43376045 0.41538323],38,6,"[0.40123478470159024, 0.40656176249784554]",1,-1
38627,[0.41356027 0.40826309],38,6,"[0.40123478470159024, 0.40656176249784554]",1,-1
38628,[0.43831894 0.42838356],38,6,"[0.40123478470159024, 0.40656176249784554]",1,-1
38629,[0.42273993 0.42125774],38,6,"[0.40123478470159024, 0.40656176249784554]",1,-1
38630,[0.39708406 0.36316444],38,6,"[0.40123478470159024, 0.40656176249784554]",1,-1
38631,[0.40884775 0.4001404 ],38,6,"[0.40123478470159024, 0.40656176249784554]",1,-1
38632,[0.34713667 0.33707607],38,1,"[0.33650952271243567, 0.3695039184549852]",1,-1
38633,[0.37255877 0.4184852 ],38,6,"[0.40123478470159024, 0.40656176249784554]",1,-1
38634,[0.40210734 0.31051359],38,4,"[0.3937233168939997, 0.29890402186269427]",1,-1
38635,[0.31193982 0.4568778 ],38,13,"[0.32294489274299887, 0.4620611538839558]",1,-1
38636,[0.39230252 0.44577222],38,6,"[0.40123478470159024, 0.40656176249784554]",1,-1
38637,[0.34498644 0.37274006],38,1,"[0.33650952271243567, 0.3695039184549852]",1,-1
38638,[0.45322899 0.45511024],38,35,"[0.491626887866141, 0.45015531396212327]",1,-1
38639,[0.40387844 0.35303062],38,6,"[0.40123478470159024, 0.40656176249784554]",1,71
38640,[0.47825063 0.32831182],38,37,"[0.4780366509520634, 0.3686118735311782]",1,-1
38641,[0.36411886 0.38021743],38,1,"[0.33650952271243567, 0.3695039184549852]",1,79
38642,[0.44891518 0.30206846],38,4,"[0.3937233168939997, 0.29890402186269427]",1,-1
38643,[0.38707955 0.48797844],38,18,"[0.4203234088660354, 0.508036417947434]",1,-1
38644,[0.4025158  0.43451153],38,6,"[0.40123478470159024, 0.40656176249784554]",1,50
38645,[0.38399472 0.38728581],38,6,"[0.40123478470159024, 0.40656176249784554]",1,-1
38646,[0.45178296 0.35835004],38,37,"[0.4780366509520634, 0.3686118735311782]",1,-1
38647,[0.45939204 0.39679403],38,37,"[0.4780366509520634, 0.3686118735311782]",1,-1
38648,[0.45180657 0.30541358],38,4,"[0.3937233168939997, 0.29890402186269427]",1,-1
38649,[0.40082866 0.40275547],38,6,"[0.40123478470159024, 0.40656176249784554]",1,-1
38650,[0.49788185 0.3706595 ],38,37,"[0.4780366509520634, 0.3686118735311782]",1,-1
38651,[0.35074414 0.44932099],38,13,"[0.32294489274299887, 0.4620611538839558]",1,-1
38652,[0.36383913 0.44477005],38,13,"[0.32294489274299887, 0.4620611538839558]",1,-1
38653,[0.43615731 0.4198072 ],38,6,"[0.40123478470159024, 0.40656176249784554]",1,-1
38654,[0.44923843 0.39480522],38,37,"[0.4780366509520634, 0.3686118735311782]",1,-1
38655,[0.38309696 0.43000404],38,6,"[0.40123478470159024, 0.40656176249784554]",1,-1
38656,[0.50666158 0.47412678],38,35,"[0.491626887866141, 0.45015531396212327]",1,-1
38657,[0.4128543  0.33980289],38,4,"[0.3937233168939997, 0.29890402186269427]",1,-1
38658,[0.36055228 0.44161602],38,13,"[0.32294489274299887, 0.4620611538839558]",1,-1
38659,[0.39203    0.43768782],38,6,"[0.40123478470159024, 0.40656176249784554]",1,-1
38660,[0.51753564 0.42270796],38,35,"[0.491626887866141, 0.45015531396212327]",1,8
38661,[0.43141374 0.41674046],38,6,"[0.40123478470159024, 0.40656176249784554]",1,-1
38662,[0.35888154 0.50012961],38,13,"[0.32294489274299887, 0.4620611538839558]",1,-1
38663,[0.3384744  0.42861322],38,13,"[0.32294489274299887, 0.4620611538839558]",1,-1
38664,[0.41448022 0.40533069],38,6,"[0.40123478470159024, 0.40656176249784554]",1,-1
38665,[0.32484775 0.35344337],38,1,"[0.33650952271243567, 0.3695039184549852]",1,-1
38666,[0.33729822 0.4116414 ],38,1,"[0.33650952271243567, 0.3695039184549852]",1,-1
38667,[0.39915808 0.39677899],38,6,"[0.40123478470159024, 0.40656176249784554]",1,-1
38668,[0.38789793 0.37871536],38,6,"[0.40123478470159024, 0.40656176249784554]",1,-1
38669,[0.43503042 0.39811355],38,6,"[0.40123478470159024, 0.40656176249784554]",1,-1
38670,[0.39478635 0.35969818],38,6,"[0.40123478470159024, 0.40656176249784554]",1,-1
38671,[0.35919396 0.4387538 ],38,13,"[0.32294489274299887, 0.4620611538839558]",1,-1
38672,[0.54377286 0.37087697],38,46,"[0.5877940429991866, 0.34550221910317963]",1,-1
38673,[0.40408997 0.384321  ],38,6,"[0.40123478470159024, 0.40656176249784554]",1,-1
38674,[0.41271059 0.33427972],38,4,"[0.3937233168939997, 0.29890402186269427]",1,-1
38675,[0.4880032  0.41856297],38,35,"[0.491626887866141, 0.45015531396212327]",1,-1
38676,[0.39980983 0.35736711],38,6,"[0.40123478470159024, 0.40656176249784554]",1,71
38677,[0.38977667 0.31822246],38,4,"[0.3937233168939997, 0.29890402186269427]",1,-1
38678,[0.31748157 0.34056225],38,1,"[0.33650952271243567, 0.3695039184549852]",1,-1
38679,[0.41279549 0.34452941],38,4,"[0.3937233168939997, 0.29890402186269427]",1,-1
38680,[0.36256546 0.3847461 ],38,1,"[0.33650952271243567, 0.3695039184549852]",1,-1
38681,[0.42976175 0.42695534],38,6,"[0.40123478470159024, 0.40656176249784554]",1,-1
38682,[0.3355157 0.4340057],38,13,"[0.32294489274299887, 0.4620611538839558]",1,-1
38683,[0.3423485  0.29736506],38,4,"[0.3937233168939997, 0.29890402186269427]",1,-1
38684,[0.41089881 0.34808461],38,4,"[0.3937233168939997, 0.29890402186269427]",1,-1
38685,[0.37908427 0.38931185],38,6,"[0.40123478470159024, 0.40656176249784554]",1,-1
38686,[0.45157942 0.40088956],38,37,"[0.4780366509520634, 0.3686118735311782]",1,-1
38687,[0.2840777  0.43718611],38,13,"[0.32294489274299887, 0.4620611538839558]",1,53
38688,[0.35034027 0.41200603],38,1,"[0.33650952271243567, 0.3695039184549852]",1,-1
38689,[0.46294802 0.42667301],38,35,"[0.491626887866141, 0.45015531396212327]",1,-1
38690,[0.40462522 0.32138722],38,4,"[0.3937233168939997, 0.29890402186269427]",1,-1
38691,[0.49935418 0.39998988],38,37,"[0.4780366509520634, 0.3686118735311782]",1,-1
38692,[0.44207043 0.4256473 ],38,6,"[0.40123478470159024, 0.40656176249784554]",1,-1
38693,[0.38610527 0.33859759],38,4,"[0.3937233168939997, 0.29890402186269427]",1,-1
38694,[0.45149001 0.36030637],38,37,"[0.4780366509520634, 0.3686118735311782]",1,-1
38695,[0.35642445 0.41028347],38,6,"[0.40123478470159024, 0.40656176249784554]",1,-1
38696,[0.31602522 0.39517582],38,1,"[0.33650952271243567, 0.3695039184549852]",1,-1
38697,[0.43781109 0.30735133],38,4,"[0.3937233168939997, 0.29890402186269427]",1,-1
38698,[0.42815728 0.34501053],38,37,"[0.4780366509520634, 0.3686118735311782]",1,-1
38699,[0.29145836 0.37776543],38,1,"[0.33650952271243567, 0.3695039184549852]",1,-1
38700,[0.38973925 0.40686301],38,6,"[0.40123478470159024, 0.40656176249784554]",1,-1
38701,[0.44210523 0.33989042],38,37,"[0.4780366509520634, 0.3686118735311782]",1,-1
38702,[0.43277717 0.31740675],38,4,"[0.3937233168939997, 0.29890402186269427]",1,-1
38703,[0.42265851 0.41524199],38,6,"[0.40123478470159024, 0.40656176249784554]",1,-1
38704,[0.50497006 0.47477779],38,35,"[0.491626887866141, 0.45015531396212327]",1,-1
38705,[0.45610515 0.32429048],38,37,"[0.4780366509520634, 0.3686118735311782]",1,-1
38706,[0.43716837 0.43224582],38,6,"[0.40123478470159024, 0.40656176249784554]",1,-1
38707,[0.370279   0.33871752],38,1,"[0.33650952271243567, 0.3695039184549852]",1,-1
38708,[0.36711059 0.46894258],38,13,"[0.32294489274299887, 0.4620611538839558]",1,-1
38709,[0.47946112 0.34830976],38,37,"[0.4780366509520634, 0.3686118735311782]",1,-1
38710,[0.32687865 0.3593185 ],38,1,"[0.33650952271243567, 0.3695039184549852]",1,-1
38711,[0.4059293 0.3839881],38,6,"[0.40123478470159024, 0.40656176249784554]",1,-1
38712,[0.42245868 0.47947154],38,18,"[0.4203234088660354, 0.508036417947434]",1,-1
38713,[0.40592194 0.38674144],38,6,"[0.40123478470159024, 0.40656176249784554]",1,-1
38714,[0.44512758 0.4133777 ],38,6,"[0.40123478470159024, 0.40656176249784554]",1,-1
38715,[0.46166739 0.41376721],38,35,"[0.491626887866141, 0.45015531396212327]",1,-1
38716,[0.41319759 0.45487072],38,6,"[0.40123478470159024, 0.40656176249784554]",1,-1
38717,[0.45687864 0.29186061],38,4,"[0.3937233168939997, 0.29890402186269427]",1,-1
38718,[0.37885593 0.38699551],38,6,"[0.40123478470159024, 0.40656176249784554]",1,-1
38719,[0.39525788 0.4586926 ],38,6,"[0.40123478470159024, 0.40656176249784554]",1,50
38720,[0.46011141 0.3433586 ],38,37,"[0.4780366509520634, 0.3686118735311782]",1,-1
38721,[0.36407467 0.35865581],38,1,"[0.33650952271243567, 0.3695039184549852]",1,-1
38722,[0.38224735 0.38128837],38,6,"[0.40123478470159024, 0.40656176249784554]",1,-1
38723,[0.38144824 0.44029924],38,6,"[0.40123478470159024, 0.40656176249784554]",1,-1
38724,[0.38531678 0.35067433],38,1,"[0.33650952271243567, 0.3695039184549852]",1,-1
38725,[0.47281386 0.33554266],38,37,"[0.4780366509520634, 0.3686118735311782]",1,-1
38726,[0.45212116 0.27877137],38,4,"[0.3937233168939997, 0.29890402186269427]",1,-1
38727,[0.38272848 0.38260463],38,6,"[0.40123478470159024, 0.40656176249784554]",1,-1
38728,[0.46036531 0.38310755],38,37,"[0.4780366509520634, 0.3686118735311782]",1,-1
38729,[0.55958617 0.4097841 ],38,27,"[0.5866068271601823, 0.4386408725933068]",1,-1
38730,[0.42465318 0.36571107],38,6,"[0.40123478470159024, 0.40656176249784554]",1,-1
38731,[0.41776579 0.35440736],38,6,"[0.40123478470159024, 0.40656176249784554]",1,-1
38732,[0.36218829 0.36801228],38,1,"[0.33650952271243567, 0.3695039184549852]",1,-1
38733,[0.28105402 0.51672657],38,13,"[0.32294489274299887, 0.4620611538839558]",1,-1
38734,[0.31660736 0.38579972],38,1,"[0.33650952271243567, 0.3695039184549852]",1,-1
38735,[0.44037216 0.37496586],38,37,"[0.4780366509520634, 0.3686118735311782]",1,-1
38736,[0.35190697 0.31832406],38,4,"[0.3937233168939997, 0.29890402186269427]",1,-1
38737,[0.41284511 0.35680297],38,6,"[0.40123478470159024, 0.40656176249784554]",1,-1
38738,[0.36725059 0.35772198],38,1,"[0.33650952271243567, 0.3695039184549852]",1,-1
38739,[0.38341651 0.46329154],38,18,"[0.4203234088660354, 0.508036417947434]",1,-1
38740,[0.48095618 0.38116782],38,37,"[0.4780366509520634, 0.3686118735311782]",1,-1
38741,[0.39053674 0.41070367],38,6,"[0.40123478470159024, 0.40656176249784554]",1,-1
38742,[0.4784743  0.34434252],38,37,"[0.4780366509520634, 0.3686118735311782]",1,-1
38743,[0.38781399 0.46399761],38,18,"[0.4203234088660354, 0.508036417947434]",1,-1
38744,[0.42678612 0.32994852],38,4,"[0.3937233168939997, 0.29890402186269427]",1,-1
38745,[0.4847379  0.38396987],38,37,"[0.4780366509520634, 0.3686118735311782]",1,-1
38746,[0.27757631 0.42142481],38,0,"[0.2473875480073203, 0.39401489827781994]",1,53
38747,[0.40346624 0.30361717],38,4,"[0.3937233168939997, 0.29890402186269427]",1,-1
38748,[0.53370233 0.42882589],38,35,"[0.491626887866141, 0.45015531396212327]",1,-1
38749,[0.31741687 0.3930034 ],38,1,"[0.33650952271243567, 0.3695039184549852]",1,-1
38750,[0.45673565 0.39979023],38,37,"[0.4780366509520634, 0.3686118735311782]",1,-1
38751,[0.41104867 0.40117235],38,6,"[0.40123478470159024, 0.40656176249784554]",1,-1
38752,[0.40070809 0.37063088],38,6,"[0.40123478470159024, 0.40656176249784554]",1,-1
38753,[0.36948055 0.34330224],38,1,"[0.33650952271243567, 0.3695039184549852]",1,-1
38754,[0.30763418 0.29344053],38,7,"[0.2880919156697789, 0.2889500356712737]",1,-1
38755,[0.3573557  0.34489453],38,1,"[0.33650952271243567, 0.3695039184549852]",1,76
38756,[0.4375859  0.46861454],38,18,"[0.4203234088660354, 0.508036417947434]",1,-1
38757,[0.36542772 0.33230553],38,4,"[0.3937233168939997, 0.29890402186269427]",1,-1
38758,[0.40891809 0.35812795],38,6,"[0.40123478470159024, 0.40656176249784554]",1,71
38759,[0.4487408  0.44486609],38,35,"[0.491626887866141, 0.45015531396212327]",1,-1
38760,[0.34253638 0.38517817],38,1,"[0.33650952271243567, 0.3695039184549852]",1,-1
38761,[0.53057801 0.40719562],38,35,"[0.491626887866141, 0.45015531396212327]",1,-1
38762,[0.38047563 0.46920011],38,18,"[0.4203234088660354, 0.508036417947434]",1,-1
38763,[0.54998114 0.33800484],38,46,"[0.5877940429991866, 0.34550221910317963]",1,-1
38764,[0.37033773 0.39050039],38,6,"[0.40123478470159024, 0.40656176249784554]",1,79
38765,[0.43255994 0.39250256],38,6,"[0.40123478470159024, 0.40656176249784554]",1,-1
38766,[0.39549236 0.39062144],38,6,"[0.40123478470159024, 0.40656176249784554]",1,-1
38767,[0.49953907 0.390373  ],38,37,"[0.4780366509520634, 0.3686118735311782]",1,-1
38768,[0.41691846 0.43890609],38,6,"[0.40123478470159024, 0.40656176249784554]",1,-1
38769,[0.46050222 0.35861102],38,37,"[0.4780366509520634, 0.3686118735311782]",1,-1
38770,[0.40665432 0.41811857],38,6,"[0.40123478470159024, 0.40656176249784554]",1,-1
38771,[0.4967707  0.36896869],38,37,"[0.4780366509520634, 0.3686118735311782]",1,-1
38772,[0.41618628 0.3474953 ],38,4,"[0.3937233168939997, 0.29890402186269427]",1,-1
38773,[0.41837391 0.44479131],38,6,"[0.40123478470159024, 0.40656176249784554]",1,-1
38774,[0.44672824 0.32729285],38,37,"[0.4780366509520634, 0.3686118735311782]",1,-1
38775,[0.4368703  0.30972986],38,4,"[0.3937233168939997, 0.29890402186269427]",1,-1
38776,[0.39715869 0.41102263],38,6,"[0.40123478470159024, 0.40656176249784554]",1,-1
38777,[0.37276159 0.42228743],38,6,"[0.40123478470159024, 0.40656176249784554]",1,-1
38778,[0.46254602 0.35389833],38,37,"[0.4780366509520634, 0.3686118735311782]",1,-1
38779,[0.39925945 0.32278066],38,4,"[0.3937233168939997, 0.29890402186269427]",1,-1
38780,[0.46973336 0.43546126],38,35,"[0.491626887866141, 0.45015531396212327]",1,-1
38781,[0.45529409 0.38731521],38,37,"[0.4780366509520634, 0.3686118735311782]",1,-1
38782,[0.45705914 0.44459962],38,35,"[0.491626887866141, 0.45015531396212327]",1,-1
38783,[0.32375128 0.41242643],38,1,"[0.33650952271243567, 0.3695039184549852]",1,-1
38784,[0.37943572 0.4461498 ],38,6,"[0.40123478470159024, 0.40656176249784554]",1,-1
38785,[0.38890562 0.376782  ],38,6,"[0.40123478470159024, 0.40656176249784554]",1,-1
38786,[0.46232077 0.38749636],38,37,"[0.4780366509520634, 0.3686118735311782]",1,-1
38787,[0.382995   0.38183141],38,6,"[0.40123478470159024, 0.40656176249784554]",1,-1
38788,[0.50866239 0.31594846],38,37,"[0.4780366509520634, 0.3686118735311782]",1,-1
38789,[0.45422227 0.38255105],38,37,"[0.4780366509520634, 0.3686118735311782]",1,-1
38790,[0.45277536 0.40411295],38,37,"[0.4780366509520634, 0.3686118735311782]",1,-1
38791,[0.44798838 0.40064491],38,37,"[0.4780366509520634, 0.3686118735311782]",1,-1
38792,[0.37987931 0.42096699],38,6,"[0.40123478470159024, 0.40656176249784554]",1,-1
38793,[0.43592698 0.33730996],38,37,"[0.4780366509520634, 0.3686118735311782]",1,-1
38794,[0.37790058 0.34135155],38,4,"[0.3937233168939997, 0.29890402186269427]",1,-1
38795,[0.45013186 0.42598129],38,35,"[0.491626887866141, 0.45015531396212327]",1,-1
38796,[0.37778054 0.41881406],38,6,"[0.40123478470159024, 0.40656176249784554]",1,-1
38797,[0.49863275 0.44175322],38,35,"[0.491626887866141, 0.45015531396212327]",1,-1
38798,[0.48924423 0.41997262],38,35,"[0.491626887866141, 0.45015531396212327]",1,-1
38799,[0.42694101 0.34682216],38,37,"[0.4780366509520634, 0.3686118735311782]",1,-1
38800,[0.36432835 0.43932221],38,13,"[0.32294489274299887, 0.4620611538839558]",1,-1
38801,[0.40990716 0.43511123],38,6,"[0.40123478470159024, 0.40656176249784554]",1,-1
38802,[0.42633004 0.3779775 ],38,6,"[0.40123478470159024, 0.40656176249784554]",1,-1
38803,[0.32974016 0.4135641 ],38,1,"[0.33650952271243567, 0.3695039184549852]",1,-1
38804,[0.38312263 0.31297137],38,4,"[0.3937233168939997, 0.29890402186269427]",1,-1
38805,[0.35330903 0.39470467],38,1,"[0.33650952271243567, 0.3695039184549852]",1,-1
38806,[0.42429141 0.44303772],38,6,"[0.40123478470159024, 0.40656176249784554]",1,-1
38807,[0.33243164 0.29757658],38,7,"[0.2880919156697789, 0.2889500356712737]",1,-1
38808,[0.36575777 0.36905397],38,1,"[0.33650952271243567, 0.3695039184549852]",1,-1
38809,[0.42158736 0.42690342],38,6,"[0.40123478470159024, 0.40656176249784554]",1,-1
38810,[0.31683313 0.43684686],38,13,"[0.32294489274299887, 0.4620611538839558]",1,-1
38811,[0.37355882 0.47402234],38,13,"[0.32294489274299887, 0.4620611538839558]",1,-1
38812,[0.43829453 0.39898415],38,6,"[0.40123478470159024, 0.40656176249784554]",1,-1
38813,[0.43450707 0.53144031],38,18,"[0.4203234088660354, 0.508036417947434]",1,-1
38814,[0.37532446 0.37674557],38,1,"[0.33650952271243567, 0.3695039184549852]",1,-1
38815,[0.38432217 0.31289183],38,4,"[0.3937233168939997, 0.29890402186269427]",1,-1
38816,[0.38144832 0.34561153],38,4,"[0.3937233168939997, 0.29890402186269427]",1,-1
38817,[0.46622836 0.30776072],38,37,"[0.4780366509520634, 0.3686118735311782]",1,-1
38818,[0.37378207 0.40919892],38,6,"[0.40123478470159024, 0.40656176249784554]",1,-1
38819,[0.34416101 0.46581561],38,13,"[0.32294489274299887, 0.4620611538839558]",1,-1
38820,[0.42439134 0.38314544],38,6,"[0.40123478470159024, 0.40656176249784554]",1,-1
38821,[0.43364494 0.41318264],38,6,"[0.40123478470159024, 0.40656176249784554]",1,-1
38822,[0.49520474 0.37022493],38,37,"[0.4780366509520634, 0.3686118735311782]",1,-1
38823,[0.42851383 0.51484351],38,18,"[0.4203234088660354, 0.508036417947434]",1,-1
38824,[0.39926187 0.35149447],38,4,"[0.3937233168939997, 0.29890402186269427]",1,-1
38825,[0.4133898  0.33357978],38,4,"[0.3937233168939997, 0.29890402186269427]",1,-1
38826,[0.35219964 0.35539057],38,1,"[0.33650952271243567, 0.3695039184549852]",1,-1
38827,[0.47053957 0.32456596],38,37,"[0.4780366509520634, 0.3686118735311782]",1,-1
38828,[0.41845801 0.34347352],38,4,"[0.3937233168939997, 0.29890402186269427]",1,-1
38829,[0.35130309 0.42433449],38,13,"[0.32294489274299887, 0.4620611538839558]",1,-1
38830,[0.32497409 0.37826338],38,1,"[0.33650952271243567, 0.3695039184549852]",1,-1
38831,[0.42499934 0.39670509],38,6,"[0.40123478470159024, 0.40656176249784554]",1,-1
38832,[0.38538883 0.28775879],38,4,"[0.3937233168939997, 0.29890402186269427]",1,-1
38833,[0.38290629 0.3620046 ],38,1,"[0.33650952271243567, 0.3695039184549852]",1,73
38834,[0.3345356  0.33145788],38,1,"[0.33650952271243567, 0.3695039184549852]",1,-1
38835,[0.48277336 0.48125258],38,35,"[0.491626887866141, 0.45015531396212327]",1,-1
38836,[0.34757011 0.43614909],38,13,"[0.32294489274299887, 0.4620611538839558]",1,-1
38837,[0.35945648 0.41437056],38,6,"[0.40123478470159024, 0.40656176249784554]",1,-1
38838,[0.43459997 0.38333858],38,6,"[0.40123478470159024, 0.40656176249784554]",1,-1
38839,[0.40555296 0.40478622],38,6,"[0.40123478470159024, 0.40656176249784554]",1,-1
38840,[0.49663311 0.3284025 ],38,37,"[0.4780366509520634, 0.3686118735311782]",1,-1
38841,[0.40911925 0.37593355],38,6,"[0.40123478470159024, 0.40656176249784554]",1,-1
38842,[0.43624226 0.39129982],38,6,"[0.40123478470159024, 0.40656176249784554]",1,-1
38843,[0.30889059 0.4064837 ],38,1,"[0.33650952271243567, 0.3695039184549852]",1,-1
38844,[0.38438447 0.40371236],38,6,"[0.40123478470159024, 0.40656176249784554]",1,-1
38845,[0.3404129  0.35677553],38,1,"[0.33650952271243567, 0.3695039184549852]",1,77
38846,[0.37956568 0.38747279],38,6,"[0.40123478470159024, 0.40656176249784554]",1,-1
38847,[0.47467643 0.35161818],38,37,"[0.4780366509520634, 0.3686118735311782]",1,-1
38848,[0.37073935 0.40109527],38,6,"[0.40123478470159024, 0.40656176249784554]",1,79
38849,[0.39837493 0.44262549],38,6,"[0.40123478470159024, 0.40656176249784554]",1,-1
38850,[0.38634277 0.39793863],38,6,"[0.40123478470159024, 0.40656176249784554]",1,-1
38851,[0.40174937 0.49120236],38,18,"[0.4203234088660354, 0.508036417947434]",1,-1
38852,[0.29452202 0.38857649],38,1,"[0.33650952271243567, 0.3695039184549852]",1,59
38853,[0.45880107 0.40709467],38,37,"[0.4780366509520634, 0.3686118735311782]",1,-1
38854,[0.43748283 0.42224674],38,6,"[0.40123478470159024, 0.40656176249784554]",1,-1
38855,[0.40154006 0.34811851],38,4,"[0.3937233168939997, 0.29890402186269427]",1,-1
38856,[0.42302606 0.44915653],38,6,"[0.40123478470159024, 0.40656176249784554]",1,-1
38857,[0.42024605 0.4252653 ],38,6,"[0.40123478470159024, 0.40656176249784554]",1,-1
38858,[0.39411802 0.49172937],38,18,"[0.4203234088660354, 0.508036417947434]",1,-1
38859,[0.44821387 0.50174088],38,18,"[0.4203234088660354, 0.508036417947434]",1,-1
38860,[0.32878293 0.37452478],38,1,"[0.33650952271243567, 0.3695039184549852]",1,-1
38861,[0.45191519 0.32671143],38,37,"[0.4780366509520634, 0.3686118735311782]",1,-1
38862,[0.36723987 0.39623944],38,6,"[0.40123478470159024, 0.40656176249784554]",1,-1
38863,[0.43797715 0.39040289],38,6,"[0.40123478470159024, 0.40656176249784554]",1,-1
38864,[0.41879373 0.4302519 ],38,6,"[0.40123478470159024, 0.40656176249784554]",1,-1
38865,[0.4085876  0.37354953],38,6,"[0.40123478470159024, 0.40656176249784554]",1,-1
38866,[0.39954778 0.26749767],38,4,"[0.3937233168939997, 0.29890402186269427]",1,-1
38867,[0.45121813 0.37614508],38,37,"[0.4780366509520634, 0.3686118735311782]",1,-1
38868,[0.42864454 0.42861553],38,6,"[0.40123478470159024, 0.40656176249784554]",1,-1
38869,[0.32161267 0.39700748],38,1,"[0.33650952271243567, 0.3695039184549852]",1,-1
38870,[0.44000904 0.39505918],38,6,"[0.40123478470159024, 0.40656176249784554]",1,-1
38871,[0.36099159 0.37771078],38,1,"[0.33650952271243567, 0.3695039184549852]",1,-1
38872,[0.45300233 0.3479621 ],38,37,"[0.4780366509520634, 0.3686118735311782]",1,-1
38873,[0.4362221  0.40634106],38,6,"[0.40123478470159024, 0.40656176249784554]",1,-1
38874,[0.44880119 0.45240046],38,35,"[0.491626887866141, 0.45015531396212327]",1,-1
38875,[0.4034073  0.38154864],38,6,"[0.40123478470159024, 0.40656176249784554]",1,-1
38876,[0.36124026 0.34901583],38,1,"[0.33650952271243567, 0.3695039184549852]",1,76
38877,[0.36327923 0.37832272],38,1,"[0.33650952271243567, 0.3695039184549852]",1,-1
38878,[0.42041112 0.40017839],38,6,"[0.40123478470159024, 0.40656176249784554]",1,-1
38879,[0.36953345 0.43468824],38,6,"[0.40123478470159024, 0.40656176249784554]",1,-1
38880,[0.54393635 0.39818058],38,27,"[0.5866068271601823, 0.4386408725933068]",1,-1
38881,[0.4378915  0.38036317],38,37,"[0.4780366509520634, 0.3686118735311782]",1,-1
38882,[0.3832502  0.44150465],38,6,"[0.40123478470159024, 0.40656176249784554]",1,-1
38883,[0.42367309 0.37339427],38,6,"[0.40123478470159024, 0.40656176249784554]",1,-1
38884,[0.41920143 0.38758544],38,6,"[0.40123478470159024, 0.40656176249784554]",1,-1
38885,[0.39104727 0.40686786],38,6,"[0.40123478470159024, 0.40656176249784554]",1,-1
38886,[0.40638848 0.44241556],38,6,"[0.40123478470159024, 0.40656176249784554]",1,-1
38887,[0.47570864 0.3645537 ],38,37,"[0.4780366509520634, 0.3686118735311782]",1,-1
38888,[0.3893043  0.33621299],38,4,"[0.3937233168939997, 0.29890402186269427]",1,-1
38889,[0.34505494 0.35287146],38,1,"[0.33650952271243567, 0.3695039184549852]",1,-1
38890,[0.33156764 0.43285135],38,13,"[0.32294489274299887, 0.4620611538839558]",1,-1
38891,[0.47291264 0.38440054],38,37,"[0.4780366509520634, 0.3686118735311782]",1,-1
38892,[0.34439207 0.45614243],38,13,"[0.32294489274299887, 0.4620611538839558]",1,-1
38893,[0.37729411 0.41505341],38,6,"[0.40123478470159024, 0.40656176249784554]",1,-1
38894,[0.30303065 0.42089001],38,13,"[0.32294489274299887, 0.4620611538839558]",1,-1
38895,[0.3241158 0.4107778],38,1,"[0.33650952271243567, 0.3695039184549852]",1,-1
38896,[0.37157374 0.34464526],38,1,"[0.33650952271243567, 0.3695039184549852]",1,-1
38897,[0.44166006 0.40830432],38,6,"[0.40123478470159024, 0.40656176249784554]",1,-1
38898,[0.38751008 0.3564581 ],38,6,"[0.40123478470159024, 0.40656176249784554]",1,-1
38899,[0.39320055 0.39252501],38,6,"[0.40123478470159024, 0.40656176249784554]",1,-1
38900,[0.40096597 0.41914853],38,6,"[0.40123478470159024, 0.40656176249784554]",1,-1
38901,[0.4408983  0.38404195],38,37,"[0.4780366509520634, 0.3686118735311782]",1,-1
38902,[0.43761167 0.43319591],38,6,"[0.40123478470159024, 0.40656176249784554]",1,-1
38903,[0.32670137 0.40284736],38,1,"[0.33650952271243567, 0.3695039184549852]",1,-1
38904,[0.39431318 0.55845589],38,25,"[0.38660465276603295, 0.5871767558758164]",1,-1
38905,[0.42550085 0.40625608],38,6,"[0.40123478470159024, 0.40656176249784554]",1,-1
38906,[0.46091174 0.36024006],38,37,"[0.4780366509520634, 0.3686118735311782]",1,-1
38907,[0.42937847 0.36180549],38,37,"[0.4780366509520634, 0.3686118735311782]",1,-1
38908,[0.29868598 0.29130841],38,7,"[0.2880919156697789, 0.2889500356712737]",1,-1
38909,[0.41732486 0.45659238],38,18,"[0.4203234088660354, 0.508036417947434]",1,-1
38910,[0.41524997 0.33392683],38,4,"[0.3937233168939997, 0.29890402186269427]",1,-1
38911,[0.38999053 0.388702  ],38,6,"[0.40123478470159024, 0.40656176249784554]",1,78
38912,[0.46347511 0.45401454],38,35,"[0.491626887866141, 0.45015531396212327]",1,-1
38913,[0.4855322 0.3593096],38,37,"[0.4780366509520634, 0.3686118735311782]",1,-1
38914,[0.44660552 0.37184423],38,37,"[0.4780366509520634, 0.3686118735311782]",1,-1
38915,[0.41907066 0.31383431],38,4,"[0.3937233168939997, 0.29890402186269427]",1,-1
38916,[0.36375579 0.4230932 ],38,6,"[0.40123478470159024, 0.40656176249784554]",1,-1
38917,[0.4710989  0.43371478],38,35,"[0.491626887866141, 0.45015531396212327]",1,-1
38918,[0.4556779  0.42956852],38,35,"[0.491626887866141, 0.45015531396212327]",1,-1
38919,[0.40291517 0.53217069],38,18,"[0.4203234088660354, 0.508036417947434]",1,-1
38920,[0.4424004  0.40244218],38,6,"[0.40123478470159024, 0.40656176249784554]",1,-1
38921,[0.36680341 0.38414683],38,1,"[0.33650952271243567, 0.3695039184549852]",1,79
38922,[0.39385802 0.28564912],38,4,"[0.3937233168939997, 0.29890402186269427]",1,-1
38923,[0.32548956 0.37575218],38,1,"[0.33650952271243567, 0.3695039184549852]",1,-1
38924,[0.43180418 0.45319768],38,6,"[0.40123478470159024, 0.40656176249784554]",1,-1
38925,[0.47548092 0.40667559],38,37,"[0.4780366509520634, 0.3686118735311782]",1,-1
38926,[0.53828247 0.44293385],38,35,"[0.491626887866141, 0.45015531396212327]",1,-1
38927,[0.40200967 0.43235155],38,6,"[0.40123478470159024, 0.40656176249784554]",1,-1
38928,[0.42763367 0.39879188],38,6,"[0.40123478470159024, 0.40656176249784554]",1,-1
38929,[0.40088011 0.47716074],38,18,"[0.4203234088660354, 0.508036417947434]",1,-1
38930,[0.43018128 0.49721952],38,18,"[0.4203234088660354, 0.508036417947434]",1,-1
38931,[0.42082904 0.43834205],38,6,"[0.40123478470159024, 0.40656176249784554]",1,-1
38932,[0.44886139 0.45606287],38,35,"[0.491626887866141, 0.45015531396212327]",1,-1
38933,[0.38693132 0.41194426],38,6,"[0.40123478470159024, 0.40656176249784554]",1,-1
38934,[0.39561375 0.38698814],38,6,"[0.40123478470159024, 0.40656176249784554]",1,-1
38935,[0.44172981 0.45832799],38,35,"[0.491626887866141, 0.45015531396212327]",1,-1
38936,[0.43745095 0.31306283],38,4,"[0.3937233168939997, 0.29890402186269427]",1,-1
38937,[0.4214716  0.41870144],38,6,"[0.40123478470159024, 0.40656176249784554]",1,-1
38938,[0.43026683 0.35728472],38,37,"[0.4780366509520634, 0.3686118735311782]",1,-1
38939,[0.43807641 0.44446324],38,6,"[0.40123478470159024, 0.40656176249784554]",1,-1
38940,[0.46917015 0.46954095],38,35,"[0.491626887866141, 0.45015531396212327]",1,-1
38941,[0.40745082 0.46123104],38,18,"[0.4203234088660354, 0.508036417947434]",1,-1
38942,[0.4099884  0.39440139],38,6,"[0.40123478470159024, 0.40656176249784554]",1,-1
38943,[0.41090228 0.38327859],38,6,"[0.40123478470159024, 0.40656176249784554]",1,-1
38944,[0.41967434 0.33827483],38,4,"[0.3937233168939997, 0.29890402186269427]",1,-1
38945,[0.40002827 0.36600301],38,6,"[0.40123478470159024, 0.40656176249784554]",1,-1
38946,[0.41028948 0.41840172],38,6,"[0.40123478470159024, 0.40656176249784554]",1,-1
38947,[0.43573662 0.42182775],38,6,"[0.40123478470159024, 0.40656176249784554]",1,-1
38948,[0.35006901 0.45797997],38,13,"[0.32294489274299887, 0.4620611538839558]",1,-1
38949,[0.43790482 0.3722376 ],38,37,"[0.4780366509520634, 0.3686118735311782]",1,-1
38950,[0.48479579 0.32490667],38,37,"[0.4780366509520634, 0.3686118735311782]",1,-1
38951,[0.34309523 0.49764834],38,13,"[0.32294489274299887, 0.4620611538839558]",1,-1
38952,[0.3888952  0.42851078],38,6,"[0.40123478470159024, 0.40656176249784554]",1,-1
38953,[0.45362415 0.4876284 ],38,18,"[0.4203234088660354, 0.508036417947434]",1,-1
38954,[0.40554581 0.42486298],38,6,"[0.40123478470159024, 0.40656176249784554]",1,-1
38955,[0.47466571 0.41721221],38,35,"[0.491626887866141, 0.45015531396212327]",1,-1
38956,[0.35166915 0.47077672],38,13,"[0.32294489274299887, 0.4620611538839558]",1,-1
38957,[0.38401427 0.45327168],38,6,"[0.40123478470159024, 0.40656176249784554]",1,-1
38958,[0.51814615 0.45167952],38,35,"[0.491626887866141, 0.45015531396212327]",1,-1
38959,[0.48410611 0.38747875],38,37,"[0.4780366509520634, 0.3686118735311782]",1,-1
38960,[0.42735823 0.47344194],38,18,"[0.4203234088660354, 0.508036417947434]",1,-1
38961,[0.37227019 0.35435113],38,1,"[0.33650952271243567, 0.3695039184549852]",1,-1
38962,[0.43896887 0.37816418],38,37,"[0.4780366509520634, 0.3686118735311782]",1,-1
38963,[0.33925544 0.4953652 ],38,13,"[0.32294489274299887, 0.4620611538839558]",1,-1
38964,[0.41798794 0.39295037],38,6,"[0.40123478470159024, 0.40656176249784554]",1,-1
38965,[0.43325817 0.35946673],38,37,"[0.4780366509520634, 0.3686118735311782]",1,-1
38966,[0.39466745 0.39577469],38,6,"[0.40123478470159024, 0.40656176249784554]",1,-1
38967,[0.34341282 0.27450664],38,4,"[0.3937233168939997, 0.29890402186269427]",1,-1
38968,[0.46597297 0.3308363 ],38,37,"[0.4780366509520634, 0.3686118735311782]",1,-1
38969,[0.47726841 0.2861649 ],38,-1,-1,1,-1
38970,[0.36090152 0.32129845],38,4,"[0.3937233168939997, 0.29890402186269427]",1,-1
38971,[0.45852419 0.38796155],38,37,"[0.4780366509520634, 0.3686118735311782]",1,-1
38972,[0.47294759 0.35858446],38,37,"[0.4780366509520634, 0.3686118735311782]",1,-1
38973,[0.34160728 0.30379823],38,4,"[0.3937233168939997, 0.29890402186269427]",1,-1
38974,[0.38668963 0.3849301 ],38,6,"[0.40123478470159024, 0.40656176249784554]",1,78
38975,[0.37820333 0.30531248],38,4,"[0.3937233168939997, 0.29890402186269427]",1,-1
38976,[0.32592503 0.42508788],38,13,"[0.32294489274299887, 0.4620611538839558]",1,-1
38977,[0.4711715  0.38932797],38,37,"[0.4780366509520634, 0.3686118735311782]",1,-1
38978,[0.42975326 0.37399828],38,6,"[0.40123478470159024, 0.40656176249784554]",1,-1
38979,[0.28710831 0.32107754],38,7,"[0.2880919156697789, 0.2889500356712737]",1,-1
38980,[0.45063852 0.37562332],38,37,"[0.4780366509520634, 0.3686118735311782]",1,-1
38981,[0.43075153 0.45326026],38,6,"[0.40123478470159024, 0.40656176249784554]",1,-1
38982,[0.36566157 0.35047697],38,1,"[0.33650952271243567, 0.3695039184549852]",1,-1
38983,[0.37444953 0.3779628 ],38,1,"[0.33650952271243567, 0.3695039184549852]",1,-1
38984,[0.34704449 0.34964798],38,1,"[0.33650952271243567, 0.3695039184549852]",1,-1
38985,[0.33717965 0.45493597],38,13,"[0.32294489274299887, 0.4620611538839558]",1,-1
38986,[0.39446995 0.41043385],38,6,"[0.40123478470159024, 0.40656176249784554]",1,-1
38987,[0.3901399  0.40372476],38,6,"[0.40123478470159024, 0.40656176249784554]",1,-1
38988,[0.55542869 0.38118055],38,46,"[0.5877940429991866, 0.34550221910317963]",1,-1
38989,[0.43312269 0.38756757],38,6,"[0.40123478470159024, 0.40656176249784554]",1,-1
38990,[0.47315922 0.40711973],38,37,"[0.4780366509520634, 0.3686118735311782]",1,-1
38991,[0.38693708 0.3794056 ],38,6,"[0.40123478470159024, 0.40656176249784554]",1,-1
38992,[0.48250837 0.40407394],38,37,"[0.4780366509520634, 0.3686118735311782]",1,-1
38993,[0.4408798  0.32886308],38,37,"[0.4780366509520634, 0.3686118735311782]",1,-1
38994,[0.40674235 0.41690008],38,6,"[0.40123478470159024, 0.40656176249784554]",1,-1
38995,[0.31269482 0.44555454],38,13,"[0.32294489274299887, 0.4620611538839558]",1,-1
38996,[0.38970656 0.45431607],38,6,"[0.40123478470159024, 0.40656176249784554]",1,50
38997,[0.39966778 0.46938459],38,18,"[0.4203234088660354, 0.508036417947434]",1,-1
38998,[0.38782171 0.35142745],38,4,"[0.3937233168939997, 0.29890402186269427]",1,-1
38999,[0.37496422 0.39968612],38,6,"[0.40123478470159024, 0.40656176249784554]",1,79
39000,[0.20541865 0.73682441],39,24,"[0.2219823769694232, 0.7523883708842017]",1,-1
39001,[0.29941981 0.75047177],39,12,"[0.3169063637449832, 0.8033325636066986]",1,-1
39002,[0.20294458 0.69486967],39,20,"[0.18632471116193938, 0.6470504651095214]",1,13
39003,[0.19350251 0.6862405 ],39,20,"[0.18632471116193938, 0.6470504651095214]",1,-1
39004,[0.18402691 0.72995802],39,33,"[0.14360528745911366, 0.7361289007486289]",1,-1
39005,[0.15626043 0.7169479 ],39,33,"[0.14360528745911366, 0.7361289007486289]",1,-1
39006,[0.20951439 0.7044919 ],39,24,"[0.2219823769694232, 0.7523883708842017]",1,-1
39007,[0.22387999 0.67229664],39,20,"[0.18632471116193938, 0.6470504651095214]",1,15
39008,[0.10005559 0.71506532],39,33,"[0.14360528745911366, 0.7361289007486289]",1,-1
39009,[0.19336056 0.67214846],39,20,"[0.18632471116193938, 0.6470504651095214]",1,-1
39010,[0.19953466 0.64788159],39,20,"[0.18632471116193938, 0.6470504651095214]",1,-1
39011,[0.24298157 0.69871175],39,8,"[0.26852263019242567, 0.6890353589332484]",1,-1
39012,[0.24167187 0.70539281],39,8,"[0.26852263019242567, 0.6890353589332484]",1,-1
39013,[0.12768366 0.78500037],39,33,"[0.14360528745911366, 0.7361289007486289]",1,-1
39014,[0.18950624 0.7013047 ],39,20,"[0.18632471116193938, 0.6470504651095214]",1,13
39015,[0.16177565 0.78465856],39,38,"[0.1833808871148498, 0.824806751753795]",1,-1
39016,[0.1432914  0.78082387],39,33,"[0.14360528745911366, 0.7361289007486289]",1,-1
39017,[0.1210033  0.64142763],39,20,"[0.18632471116193938, 0.6470504651095214]",1,-1
39018,[0.21463609 0.78344102],39,24,"[0.2219823769694232, 0.7523883708842017]",1,-1
39019,[0.10060008 0.68160156],39,33,"[0.14360528745911366, 0.7361289007486289]",1,-1
39020,[0.16276897 0.7696904 ],39,33,"[0.14360528745911366, 0.7361289007486289]",1,-1
39021,[0.11955357 0.68403014],39,33,"[0.14360528745911366, 0.7361289007486289]",1,-1
39022,[0.15600893 0.72637978],39,33,"[0.14360528745911366, 0.7361289007486289]",1,-1
39023,[0.18482684 0.71217431],39,33,"[0.14360528745911366, 0.7361289007486289]",1,-1
39024,[0.19378862 0.73400353],39,24,"[0.2219823769694232, 0.7523883708842017]",1,-1
39025,[0.22162049 0.73237255],39,24,"[0.2219823769694232, 0.7523883708842017]",1,14
39026,[0.30016043 0.77757494],39,12,"[0.3169063637449832, 0.8033325636066986]",1,-1
39027,[0.10258383 0.78486036],39,33,"[0.14360528745911366, 0.7361289007486289]",1,-1
39028,[0.12126542 0.57496397],39,49,"[0.14893778703439292, 0.5666898184239806]",1,-1
39029,[0.16341085 0.77183892],39,33,"[0.14360528745911366, 0.7361289007486289]",1,-1
39030,[0.29458559 0.75605458],39,12,"[0.3169063637449832, 0.8033325636066986]",1,-1
39031,[0.28167128 0.83249854],39,12,"[0.3169063637449832, 0.8033325636066986]",1,-1
39032,[0.19475831 0.71946564],39,24,"[0.2219823769694232, 0.7523883708842017]",1,-1
39033,[0.18549589 0.75350369],39,24,"[0.2219823769694232, 0.7523883708842017]",1,-1
39034,[0.22120823 0.6887695 ],39,8,"[0.26852263019242567, 0.6890353589332484]",1,-1
39035,[0.20882407 0.79650629],39,38,"[0.1833808871148498, 0.824806751753795]",1,-1
39036,[0.12448617 0.69179814],39,33,"[0.14360528745911366, 0.7361289007486289]",1,-1
39037,[0.26085662 0.74231669],39,24,"[0.2219823769694232, 0.7523883708842017]",1,-1
39038,[0.16083769 0.65052808],39,20,"[0.18632471116193938, 0.6470504651095214]",1,-1
39039,[0.2279397  0.76196744],39,24,"[0.2219823769694232, 0.7523883708842017]",1,-1
39040,[0.18561928 0.64655349],39,20,"[0.18632471116193938, 0.6470504651095214]",1,-1
39041,[0.2923362  0.80107785],39,12,"[0.3169063637449832, 0.8033325636066986]",1,-1
39042,[0.18188702 0.69730468],39,20,"[0.18632471116193938, 0.6470504651095214]",1,-1
39043,[0.2903411  0.68524131],39,8,"[0.26852263019242567, 0.6890353589332484]",1,-1
39044,[0.21663088 0.76076541],39,24,"[0.2219823769694232, 0.7523883708842017]",1,-1
39045,[0.17395782 0.75652201],39,33,"[0.14360528745911366, 0.7361289007486289]",1,-1
39046,[0.03367794 0.79569174],39,-1,-1,-1,-1
39047,[0.21723553 0.7647047 ],39,24,"[0.2219823769694232, 0.7523883708842017]",1,-1
39048,[0.11083179 0.72934004],39,33,"[0.14360528745911366, 0.7361289007486289]",1,-1
39049,[0.18129529 0.78748343],39,38,"[0.1833808871148498, 0.824806751753795]",1,-1
39050,[0.1401287  0.63775942],39,20,"[0.18632471116193938, 0.6470504651095214]",1,-1
39051,[0.30063135 0.73776243],39,8,"[0.26852263019242567, 0.6890353589332484]",1,-1
39052,[0.17858941 0.72104913],39,33,"[0.14360528745911366, 0.7361289007486289]",1,-1
39053,[0.30669645 0.78424786],39,12,"[0.3169063637449832, 0.8033325636066986]",1,-1
39054,[0.21186522 0.69412075],39,20,"[0.18632471116193938, 0.6470504651095214]",1,-1
39055,[0.09650034 0.63025755],39,-1,-1,1,-1
39056,[0.1846636  0.72998087],39,33,"[0.14360528745911366, 0.7361289007486289]",1,-1
39057,[0.25221789 0.78631081],39,24,"[0.2219823769694232, 0.7523883708842017]",1,-1
39058,[0.14886505 0.61952089],39,20,"[0.18632471116193938, 0.6470504651095214]",1,-1
39059,[0.1895847  0.74272617],39,24,"[0.2219823769694232, 0.7523883708842017]",1,-1
39060,[0.1694682  0.76263748],39,33,"[0.14360528745911366, 0.7361289007486289]",1,-1
39061,[0.26095396 0.77752755],39,24,"[0.2219823769694232, 0.7523883708842017]",1,-1
39062,[0.19612155 0.78663513],39,38,"[0.1833808871148498, 0.824806751753795]",1,-1
39063,[0.22139252 0.69357678],39,8,"[0.26852263019242567, 0.6890353589332484]",1,-1
39064,[0.14033107 0.74769605],39,33,"[0.14360528745911366, 0.7361289007486289]",1,-1
39065,[0.17767632 0.75203572],39,33,"[0.14360528745911366, 0.7361289007486289]",1,-1
39066,[0.1679402  0.74656188],39,33,"[0.14360528745911366, 0.7361289007486289]",1,-1
39067,[0.23112377 0.70749193],39,8,"[0.26852263019242567, 0.6890353589332484]",1,-1
39068,[0.24832707 0.61893051],39,40,"[0.24325605379412626, 0.6063462149687255]",1,-1
39069,[0.20919604 0.72515899],39,24,"[0.2219823769694232, 0.7523883708842017]",1,14
39070,[0.19297356 0.6911208 ],39,20,"[0.18632471116193938, 0.6470504651095214]",1,-1
39071,[0.20036846 0.80618269],39,38,"[0.1833808871148498, 0.824806751753795]",1,-1
39072,[0.22295282 0.6207451 ],39,40,"[0.24325605379412626, 0.6063462149687255]",1,-1
39073,[0.12883562 0.71781257],39,33,"[0.14360528745911366, 0.7361289007486289]",1,-1
39074,[0.18864733 0.68024624],39,20,"[0.18632471116193938, 0.6470504651095214]",1,-1
39075,[0.13458129 0.68516026],39,33,"[0.14360528745911366, 0.7361289007486289]",1,-1
39076,[0.33540466 0.77303088],39,12,"[0.3169063637449832, 0.8033325636066986]",1,-1
39077,[0.10511296 0.67607281],39,-1,-1,1,-1
39078,[0.22131751 0.79111901],39,24,"[0.2219823769694232, 0.7523883708842017]",1,-1
39079,[0.11520927 0.74392255],39,33,"[0.14360528745911366, 0.7361289007486289]",1,-1
39080,[0.13290837 0.74170875],39,33,"[0.14360528745911366, 0.7361289007486289]",1,-1
39081,[0.1911246  0.76322244],39,24,"[0.2219823769694232, 0.7523883708842017]",1,-1
39082,[0.22399594 0.77102914],39,24,"[0.2219823769694232, 0.7523883708842017]",1,-1
39083,[0.26555686 0.8047097 ],39,12,"[0.3169063637449832, 0.8033325636066986]",1,-1
39084,[0.20085436 0.73880714],39,24,"[0.2219823769694232, 0.7523883708842017]",1,-1
39085,[0.30841927 0.71917431],39,8,"[0.26852263019242567, 0.6890353589332484]",1,-1
39086,[0.21018624 0.68977424],39,20,"[0.18632471116193938, 0.6470504651095214]",1,-1
39087,[0.13501267 0.71052067],39,33,"[0.14360528745911366, 0.7361289007486289]",1,-1
39088,[0.2109748  0.70918644],39,24,"[0.2219823769694232, 0.7523883708842017]",1,14
39089,[0.2696142  0.82644343],39,12,"[0.3169063637449832, 0.8033325636066986]",1,-1
39090,[0.12061805 0.73379915],39,33,"[0.14360528745911366, 0.7361289007486289]",1,-1
39091,[0.16508022 0.65880147],39,20,"[0.18632471116193938, 0.6470504651095214]",1,-1
39092,[0.20451468 0.75255805],39,24,"[0.2219823769694232, 0.7523883708842017]",1,-1
39093,[0.21614272 0.74122012],39,24,"[0.2219823769694232, 0.7523883708842017]",1,-1
39094,[0.10976167 0.76352868],39,33,"[0.14360528745911366, 0.7361289007486289]",1,-1
39095,[0.20684785 0.69080814],39,20,"[0.18632471116193938, 0.6470504651095214]",1,-1
39096,[0.23106189 0.78057698],39,24,"[0.2219823769694232, 0.7523883708842017]",1,-1
39097,[0.27222892 0.67988375],39,8,"[0.26852263019242567, 0.6890353589332484]",1,-1
39098,[0.18774827 0.76422212],39,24,"[0.2219823769694232, 0.7523883708842017]",1,-1
39099,[0.14461235 0.76321048],39,33,"[0.14360528745911366, 0.7361289007486289]",1,-1
39100,[0.18636113 0.74130466],39,24,"[0.2219823769694232, 0.7523883708842017]",1,-1
39101,[0.12739201 0.77246613],39,33,"[0.14360528745911366, 0.7361289007486289]",1,-1
39102,[0.12049553 0.73793723],39,33,"[0.14360528745911366, 0.7361289007486289]",1,-1
39103,[0.12684838 0.71704748],39,33,"[0.14360528745911366, 0.7361289007486289]",1,-1
39104,[0.11897989 0.77339641],39,33,"[0.14360528745911366, 0.7361289007486289]",1,-1
39105,[0.28684109 0.77315312],39,12,"[0.3169063637449832, 0.8033325636066986]",1,-1
39106,[0.11534393 0.64087646],39,-1,-1,1,-1
39107,[0.19565935 0.72518219],39,24,"[0.2219823769694232, 0.7523883708842017]",1,-1
39108,[0.14716951 0.63200958],39,20,"[0.18632471116193938, 0.6470504651095214]",1,-1
39109,[0.18341248 0.68377893],39,20,"[0.18632471116193938, 0.6470504651095214]",1,-1
39110,[0.22090666 0.7354932 ],39,24,"[0.2219823769694232, 0.7523883708842017]",1,14
39111,[0.15837626 0.76938292],39,33,"[0.14360528745911366, 0.7361289007486289]",1,-1
39112,[0.24094423 0.72981645],39,24,"[0.2219823769694232, 0.7523883708842017]",1,-1
39113,[0.22794627 0.74589725],39,24,"[0.2219823769694232, 0.7523883708842017]",1,-1
39114,[0.11585288 0.76650347],39,33,"[0.14360528745911366, 0.7361289007486289]",1,-1
39115,[0.1575821  0.73107323],39,33,"[0.14360528745911366, 0.7361289007486289]",1,-1
39116,[0.22195606 0.63861795],39,20,"[0.18632471116193938, 0.6470504651095214]",1,-1
39117,[0.15546623 0.75694474],39,33,"[0.14360528745911366, 0.7361289007486289]",1,-1
39118,[0.26712275 0.73502531],39,8,"[0.26852263019242567, 0.6890353589332484]",1,-1
39119,[0.19598797 0.77206451],39,24,"[0.2219823769694232, 0.7523883708842017]",1,-1
39120,[0.13951227 0.73819561],39,33,"[0.14360528745911366, 0.7361289007486289]",1,-1
39121,[0.14443853 0.72869505],39,33,"[0.14360528745911366, 0.7361289007486289]",1,-1
39122,[0.08299509 0.77475367],39,-1,-1,1,-1
39123,[0.17677236 0.62085345],39,20,"[0.18632471116193938, 0.6470504651095214]",1,-1
39124,[0.22142179 0.7161563 ],39,24,"[0.2219823769694232, 0.7523883708842017]",1,14
39125,[0.15604841 0.76921418],39,33,"[0.14360528745911366, 0.7361289007486289]",1,-1
39126,[0.24307833 0.72608987],39,24,"[0.2219823769694232, 0.7523883708842017]",1,-1
39127,[0.23377286 0.69923083],39,8,"[0.26852263019242567, 0.6890353589332484]",1,-1
39128,[0.17131889 0.77482871],39,33,"[0.14360528745911366, 0.7361289007486289]",1,-1
39129,[0.27433527 0.66836027],39,8,"[0.26852263019242567, 0.6890353589332484]",1,-1
39130,[0.26989409 0.6672448 ],39,8,"[0.26852263019242567, 0.6890353589332484]",1,-1
39131,[0.14752098 0.71734442],39,33,"[0.14360528745911366, 0.7361289007486289]",1,-1
39132,[0.17247422 0.73369285],39,33,"[0.14360528745911366, 0.7361289007486289]",1,-1
39133,[0.13554994 0.71969816],39,33,"[0.14360528745911366, 0.7361289007486289]",1,-1
39134,[0.20781429 0.72127281],39,24,"[0.2219823769694232, 0.7523883708842017]",1,-1
39135,[0.19459052 0.6972727 ],39,20,"[0.18632471116193938, 0.6470504651095214]",1,13
39136,[0.21601502 0.82089808],39,38,"[0.1833808871148498, 0.824806751753795]",1,-1
39137,[0.20036678 0.73021574],39,24,"[0.2219823769694232, 0.7523883708842017]",1,-1
39138,[0.18061044 0.72898061],39,33,"[0.14360528745911366, 0.7361289007486289]",1,-1
39139,[0.17862495 0.64856142],39,20,"[0.18632471116193938, 0.6470504651095214]",1,-1
39140,[0.21276854 0.71912102],39,24,"[0.2219823769694232, 0.7523883708842017]",1,14
39141,[0.13176581 0.65480329],39,20,"[0.18632471116193938, 0.6470504651095214]",1,-1
39142,[0.23111382 0.82196805],39,38,"[0.1833808871148498, 0.824806751753795]",1,-1
39143,[0.18939838 0.75278299],39,24,"[0.2219823769694232, 0.7523883708842017]",1,-1
39144,[0.11265061 0.66590805],39,-1,-1,1,-1
39145,[0.23022745 0.69821082],39,8,"[0.26852263019242567, 0.6890353589332484]",1,-1
39146,[0.21194195 0.62186492],39,40,"[0.24325605379412626, 0.6063462149687255]",1,-1
39147,[0.21881116 0.62803797],39,40,"[0.24325605379412626, 0.6063462149687255]",1,-1
39148,[0.20984419 0.7890576 ],39,24,"[0.2219823769694232, 0.7523883708842017]",1,-1
39149,[0.27192298 0.7129395 ],39,8,"[0.26852263019242567, 0.6890353589332484]",1,18
39150,[0.17437933 0.71832526],39,33,"[0.14360528745911366, 0.7361289007486289]",1,-1
39151,[0.17726465 0.7411301 ],39,33,"[0.14360528745911366, 0.7361289007486289]",1,-1
39152,[0.13839063 0.70335456],39,33,"[0.14360528745911366, 0.7361289007486289]",1,-1
39153,[0.1463202  0.74095272],39,33,"[0.14360528745911366, 0.7361289007486289]",1,-1
39154,[0.22839381 0.72701283],39,24,"[0.2219823769694232, 0.7523883708842017]",1,14
39155,[0.17571347 0.77878491],39,38,"[0.1833808871148498, 0.824806751753795]",1,-1
39156,[0.20544318 0.76540167],39,24,"[0.2219823769694232, 0.7523883708842017]",1,-1
39157,[0.21381285 0.87383379],39,38,"[0.1833808871148498, 0.824806751753795]",1,-1
39158,[0.23727952 0.76196749],39,24,"[0.2219823769694232, 0.7523883708842017]",1,-1
39159,[0.06636895 0.71735605],39,-1,-1,1,-1
39160,[0.25100469 0.70675192],39,8,"[0.26852263019242567, 0.6890353589332484]",1,-1
39161,[0.13274477 0.75201218],39,33,"[0.14360528745911366, 0.7361289007486289]",1,-1
39162,[0.22392915 0.72329833],39,24,"[0.2219823769694232, 0.7523883708842017]",1,14
39163,[0.15324414 0.79710901],39,38,"[0.1833808871148498, 0.824806751753795]",1,-1
39164,[0.15204829 0.69633765],39,33,"[0.14360528745911366, 0.7361289007486289]",1,-1
39165,[0.16417389 0.69272268],39,33,"[0.14360528745911366, 0.7361289007486289]",1,-1
39166,[0.1625559  0.81670726],39,38,"[0.1833808871148498, 0.824806751753795]",1,-1
39167,[0.21697976 0.70782181],39,24,"[0.2219823769694232, 0.7523883708842017]",1,14
39168,[0.27839456 0.74093921],39,8,"[0.26852263019242567, 0.6890353589332484]",1,-1
39169,[0.12733177 0.71913173],39,33,"[0.14360528745911366, 0.7361289007486289]",1,-1
39170,[0.21995305 0.68541529],39,8,"[0.26852263019242567, 0.6890353589332484]",1,-1
39171,[0.19011186 0.77563549],39,24,"[0.2219823769694232, 0.7523883708842017]",1,-1
39172,[0.10470118 0.72190177],39,33,"[0.14360528745911366, 0.7361289007486289]",1,-1
39173,[0.14729336 0.7774648 ],39,33,"[0.14360528745911366, 0.7361289007486289]",1,-1
39174,[0.20216019 0.68576988],39,20,"[0.18632471116193938, 0.6470504651095214]",1,-1
39175,[0.2792091  0.67792638],39,8,"[0.26852263019242567, 0.6890353589332484]",1,-1
39176,[0.23894941 0.67807182],39,8,"[0.26852263019242567, 0.6890353589332484]",1,-1
39177,[0.14510604 0.73924621],39,33,"[0.14360528745911366, 0.7361289007486289]",1,-1
39178,[0.21506034 0.6543225 ],39,20,"[0.18632471116193938, 0.6470504651095214]",1,-1
39179,[0.12833835 0.77506126],39,33,"[0.14360528745911366, 0.7361289007486289]",1,-1
39180,[0.24113133 0.61270393],39,40,"[0.24325605379412626, 0.6063462149687255]",1,-1
39181,[0.25861409 0.67243306],39,8,"[0.26852263019242567, 0.6890353589332484]",1,-1
39182,[0.13594372 0.78252235],39,33,"[0.14360528745911366, 0.7361289007486289]",1,-1
39183,[0.26103257 0.78632291],39,24,"[0.2219823769694232, 0.7523883708842017]",1,-1
39184,[0.16628856 0.67915217],39,20,"[0.18632471116193938, 0.6470504651095214]",1,-1
39185,[0.26522072 0.75226491],39,24,"[0.2219823769694232, 0.7523883708842017]",1,-1
39186,[0.12683974 0.75672168],39,33,"[0.14360528745911366, 0.7361289007486289]",1,-1
39187,[0.13928705 0.77090371],39,33,"[0.14360528745911366, 0.7361289007486289]",1,-1
39188,[0.16259366 0.7159785 ],39,33,"[0.14360528745911366, 0.7361289007486289]",1,-1
39189,[0.22858355 0.75757075],39,24,"[0.2219823769694232, 0.7523883708842017]",1,-1
39190,[0.14132116 0.71339176],39,33,"[0.14360528745911366, 0.7361289007486289]",1,-1
39191,[0.20697024 0.78663819],39,24,"[0.2219823769694232, 0.7523883708842017]",1,-1
39192,[0.16461294 0.69877357],39,33,"[0.14360528745911366, 0.7361289007486289]",1,-1
39193,[0.31188443 0.77375498],39,12,"[0.3169063637449832, 0.8033325636066986]",1,-1
39194,[0.18188159 0.71839312],39,33,"[0.14360528745911366, 0.7361289007486289]",1,-1
39195,[0.20872351 0.7138018 ],39,24,"[0.2219823769694232, 0.7523883708842017]",1,-1
39196,[0.15816641 0.67467654],39,20,"[0.18632471116193938, 0.6470504651095214]",1,-1
39197,[0.12418022 0.70180802],39,33,"[0.14360528745911366, 0.7361289007486289]",1,-1
39198,[0.06002095 0.63073338],39,-1,-1,0,-1
39199,[0.17340285 0.79145797],39,38,"[0.1833808871148498, 0.824806751753795]",1,-1
39200,[0.23099012 0.67988551],39,8,"[0.26852263019242567, 0.6890353589332484]",1,15
39201,[0.22001155 0.71623816],39,24,"[0.2219823769694232, 0.7523883708842017]",1,-1
39202,[0.15997691 0.75005965],39,33,"[0.14360528745911366, 0.7361289007486289]",1,-1
39203,[0.28451977 0.72410157],39,8,"[0.26852263019242567, 0.6890353589332484]",1,-1
39204,[0.17606604 0.66685968],39,20,"[0.18632471116193938, 0.6470504651095214]",1,-1
39205,[0.13674283 0.82692578],39,38,"[0.1833808871148498, 0.824806751753795]",1,-1
39206,[0.20090948 0.7296415 ],39,24,"[0.2219823769694232, 0.7523883708842017]",1,-1
39207,[0.12278557 0.73745764],39,33,"[0.14360528745911366, 0.7361289007486289]",1,-1
39208,[0.22350072 0.68140998],39,8,"[0.26852263019242567, 0.6890353589332484]",1,-1
39209,[0.18294096 0.82952274],39,38,"[0.1833808871148498, 0.824806751753795]",1,-1
39210,[0.15111148 0.71239195],39,33,"[0.14360528745911366, 0.7361289007486289]",1,-1
39211,[0.18881871 0.74552094],39,24,"[0.2219823769694232, 0.7523883708842017]",1,-1
39212,[0.18194724 0.57294889],39,49,"[0.14893778703439292, 0.5666898184239806]",1,-1
39213,[0.16839253 0.73670652],39,33,"[0.14360528745911366, 0.7361289007486289]",1,-1
39214,[0.17357082 0.70197179],39,33,"[0.14360528745911366, 0.7361289007486289]",1,-1
39215,[0.17558202 0.77626928],39,38,"[0.1833808871148498, 0.824806751753795]",1,-1
39216,[0.17344326 0.7538363 ],39,33,"[0.14360528745911366, 0.7361289007486289]",1,-1
39217,[0.16956233 0.66978515],39,20,"[0.18632471116193938, 0.6470504651095214]",1,-1
39218,[0.21555504 0.69790799],39,8,"[0.26852263019242567, 0.6890353589332484]",1,-1
39219,[0.17024644 0.71731026],39,33,"[0.14360528745911366, 0.7361289007486289]",1,-1
39220,[0.01107364 0.73643011],39,-1,-1,-1,-1
39221,[0.20308228 0.7002806 ],39,24,"[0.2219823769694232, 0.7523883708842017]",1,-1
39222,[0.22188311 0.69229578],39,8,"[0.26852263019242567, 0.6890353589332484]",1,-1
39223,[0.20542113 0.79739394],39,38,"[0.1833808871148498, 0.824806751753795]",1,-1
39224,[0.13298111 0.78981879],39,33,"[0.14360528745911366, 0.7361289007486289]",1,-1
39225,[0.14053061 0.8283079 ],39,38,"[0.1833808871148498, 0.824806751753795]",1,-1
39226,[0.25980838 0.67097998],39,8,"[0.26852263019242567, 0.6890353589332484]",1,-1
39227,[0.15986734 0.72515215],39,33,"[0.14360528745911366, 0.7361289007486289]",1,-1
39228,[0.15205995 0.67230835],39,20,"[0.18632471116193938, 0.6470504651095214]",1,-1
39229,[0.15895962 0.71035484],39,33,"[0.14360528745911366, 0.7361289007486289]",1,-1
39230,[0.18983925 0.73034624],39,24,"[0.2219823769694232, 0.7523883708842017]",1,-1
39231,[0.13184145 0.73302851],39,33,"[0.14360528745911366, 0.7361289007486289]",1,-1
39232,[0.23920659 0.65778091],39,8,"[0.26852263019242567, 0.6890353589332484]",1,-1
39233,[0.10558964 0.68285611],39,33,"[0.14360528745911366, 0.7361289007486289]",1,-1
39234,[0.18867898 0.67460083],39,20,"[0.18632471116193938, 0.6470504651095214]",1,-1
39235,[0.23130276 0.68071126],39,8,"[0.26852263019242567, 0.6890353589332484]",1,15
39236,[0.15345472 0.77889738],39,33,"[0.14360528745911366, 0.7361289007486289]",1,-1
39237,[0.20040592 0.79054524],39,38,"[0.1833808871148498, 0.824806751753795]",1,-1
39238,[0.19686958 0.70623885],39,24,"[0.2219823769694232, 0.7523883708842017]",1,-1
39239,[0.21304312 0.80595284],39,38,"[0.1833808871148498, 0.824806751753795]",1,-1
39240,[0.01526364 0.77146536],39,-1,-1,-1,-1
39241,[0.23178718 0.76567698],39,24,"[0.2219823769694232, 0.7523883708842017]",1,-1
39242,[0.20338489 0.69849128],39,20,"[0.18632471116193938, 0.6470504651095214]",1,13
39243,[0.20223883 0.74081168],39,24,"[0.2219823769694232, 0.7523883708842017]",1,-1
39244,[0.19188649 0.66479312],39,20,"[0.18632471116193938, 0.6470504651095214]",1,-1
39245,[0.19654012 0.70432465],39,24,"[0.2219823769694232, 0.7523883708842017]",1,-1
39246,[0.13813063 0.77836506],39,33,"[0.14360528745911366, 0.7361289007486289]",1,-1
39247,[0.2260053  0.72999331],39,24,"[0.2219823769694232, 0.7523883708842017]",1,14
39248,[0.1626122  0.77714692],39,33,"[0.14360528745911366, 0.7361289007486289]",1,-1
39249,[0.14832258 0.74373416],39,33,"[0.14360528745911366, 0.7361289007486289]",1,-1
39250,[0.23507882 0.77793925],39,24,"[0.2219823769694232, 0.7523883708842017]",1,-1
39251,[0.23514791 0.75137935],39,24,"[0.2219823769694232, 0.7523883708842017]",1,-1
39252,[0.12568918 0.80597649],39,38,"[0.1833808871148498, 0.824806751753795]",1,-1
39253,[0.14446011 0.64422805],39,20,"[0.18632471116193938, 0.6470504651095214]",1,-1
39254,[0.14689878 0.7572988 ],39,33,"[0.14360528745911366, 0.7361289007486289]",1,-1
39255,[0.22009743 0.7062507 ],39,24,"[0.2219823769694232, 0.7523883708842017]",1,-1
39256,[0.22345533 0.73070753],39,24,"[0.2219823769694232, 0.7523883708842017]",1,14
39257,[0.17180828 0.72069133],39,33,"[0.14360528745911366, 0.7361289007486289]",1,-1
39258,[0.17187262 0.72200028],39,33,"[0.14360528745911366, 0.7361289007486289]",1,-1
39259,[0.1924177  0.76275838],39,24,"[0.2219823769694232, 0.7523883708842017]",1,-1
39260,[0.19015021 0.74514627],39,24,"[0.2219823769694232, 0.7523883708842017]",1,-1
39261,[0.07803073 0.69167527],39,-1,-1,1,-1
39262,[0.14781686 0.7160195 ],39,33,"[0.14360528745911366, 0.7361289007486289]",1,-1
39263,[0.19844717 0.70617889],39,24,"[0.2219823769694232, 0.7523883708842017]",1,-1
39264,[0.15285578 0.71168336],39,33,"[0.14360528745911366, 0.7361289007486289]",1,-1
39265,[0.1599099 0.8440063],39,38,"[0.1833808871148498, 0.824806751753795]",1,-1
39266,[0.02342554 0.75395833],39,-1,-1,-1,-1
39267,[0.1136162  0.72169517],39,33,"[0.14360528745911366, 0.7361289007486289]",1,-1
39268,[0.1851303 0.6959672],39,20,"[0.18632471116193938, 0.6470504651095214]",1,-1
39269,[0.24803243 0.82149052],39,38,"[0.1833808871148498, 0.824806751753795]",1,-1
39270,[0.17517066 0.64189923],39,20,"[0.18632471116193938, 0.6470504651095214]",1,-1
39271,[0.09744769 0.76433323],39,33,"[0.14360528745911366, 0.7361289007486289]",1,-1
39272,[0.20445266 0.65490687],39,20,"[0.18632471116193938, 0.6470504651095214]",1,-1
39273,[0.21626099 0.73092691],39,24,"[0.2219823769694232, 0.7523883708842017]",1,-1
39274,[0.16444786 0.68891586],39,20,"[0.18632471116193938, 0.6470504651095214]",1,-1
39275,[0.16262664 0.66352027],39,20,"[0.18632471116193938, 0.6470504651095214]",1,-1
39276,[0.18941668 0.81466798],39,38,"[0.1833808871148498, 0.824806751753795]",1,-1
39277,[0.21395899 0.75815106],39,24,"[0.2219823769694232, 0.7523883708842017]",1,14
39278,[0.14686732 0.77818842],39,33,"[0.14360528745911366, 0.7361289007486289]",1,-1
39279,[0.21587433 0.75797404],39,24,"[0.2219823769694232, 0.7523883708842017]",1,14
39280,[0.17709748 0.74956505],39,33,"[0.14360528745911366, 0.7361289007486289]",1,-1
39281,[0.15895785 0.76194251],39,33,"[0.14360528745911366, 0.7361289007486289]",1,-1
39282,[0.14178425 0.74037065],39,33,"[0.14360528745911366, 0.7361289007486289]",1,-1
39283,[0.24278725 0.8152896 ],39,38,"[0.1833808871148498, 0.824806751753795]",1,-1
39284,[0.11081815 0.77378611],39,33,"[0.14360528745911366, 0.7361289007486289]",1,-1
39285,[0.16272939 0.71907785],39,33,"[0.14360528745911366, 0.7361289007486289]",1,-1
39286,[0.19620506 0.81373217],39,38,"[0.1833808871148498, 0.824806751753795]",1,-1
39287,[0.14561524 0.7892508 ],39,38,"[0.1833808871148498, 0.824806751753795]",1,-1
39288,[0.18403353 0.66103895],39,20,"[0.18632471116193938, 0.6470504651095214]",1,-1
39289,[0.21775706 0.68596427],39,20,"[0.18632471116193938, 0.6470504651095214]",1,-1
39290,[0.20278658 0.69256486],39,20,"[0.18632471116193938, 0.6470504651095214]",1,13
39291,[0.06856972 0.73628483],39,-1,-1,1,-1
39292,[0.20128184 0.77864695],39,24,"[0.2219823769694232, 0.7523883708842017]",1,-1
39293,[0.19359226 0.68221573],39,20,"[0.18632471116193938, 0.6470504651095214]",1,-1
39294,[0.21700483 0.7138821 ],39,24,"[0.2219823769694232, 0.7523883708842017]",1,14
39295,[0.15931283 0.76575734],39,33,"[0.14360528745911366, 0.7361289007486289]",1,-1
39296,[0.26347414 0.80980972],39,12,"[0.3169063637449832, 0.8033325636066986]",1,-1
39297,[0.23235307 0.71024795],39,8,"[0.26852263019242567, 0.6890353589332484]",1,-1
39298,[0.2445975  0.83252354],39,38,"[0.1833808871148498, 0.824806751753795]",1,-1
39299,[0.18559346 0.64577732],39,20,"[0.18632471116193938, 0.6470504651095214]",1,-1
39300,[0.09336986 0.83219124],39,-1,-1,1,-1
39301,[0.18301252 0.75206606],39,24,"[0.2219823769694232, 0.7523883708842017]",1,-1
39302,[0.14780967 0.72417078],39,33,"[0.14360528745911366, 0.7361289007486289]",1,-1
39303,[0.17947049 0.72007453],39,33,"[0.14360528745911366, 0.7361289007486289]",1,-1
39304,[0.11762725 0.75480632],39,33,"[0.14360528745911366, 0.7361289007486289]",1,-1
39305,[0.19968909 0.72663656],39,24,"[0.2219823769694232, 0.7523883708842017]",1,-1
39306,[0.25725367 0.83118304],39,12,"[0.3169063637449832, 0.8033325636066986]",1,-1
39307,[0.187255   0.81820613],39,38,"[0.1833808871148498, 0.824806751753795]",1,-1
39308,[0.12087382 0.7150009 ],39,33,"[0.14360528745911366, 0.7361289007486289]",1,-1
39309,[0.18145098 0.7361148 ],39,33,"[0.14360528745911366, 0.7361289007486289]",1,-1
39310,[0.18173496 0.70303805],39,33,"[0.14360528745911366, 0.7361289007486289]",1,-1
39311,[0.23066652 0.76476565],39,24,"[0.2219823769694232, 0.7523883708842017]",1,-1
39312,[0.11041452 0.69443907],39,33,"[0.14360528745911366, 0.7361289007486289]",1,-1
39313,[0.22239612 0.67891751],39,8,"[0.26852263019242567, 0.6890353589332484]",1,15
39314,[0.23725754 0.66785542],39,8,"[0.26852263019242567, 0.6890353589332484]",1,-1
39315,[0.18692464 0.70230416],39,33,"[0.14360528745911366, 0.7361289007486289]",1,-1
39316,[0.20059171 0.76659995],39,24,"[0.2219823769694232, 0.7523883708842017]",1,-1
39317,[0.2360314  0.69137042],39,8,"[0.26852263019242567, 0.6890353589332484]",1,-1
39318,[0.1247711  0.71634729],39,33,"[0.14360528745911366, 0.7361289007486289]",1,-1
39319,[0.19205229 0.72429038],39,24,"[0.2219823769694232, 0.7523883708842017]",1,-1
39320,[0.21126018 0.75207806],39,24,"[0.2219823769694232, 0.7523883708842017]",1,14
39321,[0.12798028 0.77527056],39,33,"[0.14360528745911366, 0.7361289007486289]",1,-1
39322,[0.21589431 0.79206287],39,24,"[0.2219823769694232, 0.7523883708842017]",1,-1
39323,[0.15676553 0.68035029],39,20,"[0.18632471116193938, 0.6470504651095214]",1,-1
39324,[0.1596492  0.70993069],39,33,"[0.14360528745911366, 0.7361289007486289]",1,-1
39325,[0.14387564 0.72069   ],39,33,"[0.14360528745911366, 0.7361289007486289]",1,-1
39326,[0.277169   0.73600197],39,8,"[0.26852263019242567, 0.6890353589332484]",1,-1
39327,[0.216878  0.6361815],39,20,"[0.18632471116193938, 0.6470504651095214]",1,10
39328,[0.19067126 0.75087929],39,24,"[0.2219823769694232, 0.7523883708842017]",1,-1
39329,[0.1742874 0.8009035],39,38,"[0.1833808871148498, 0.824806751753795]",1,-1
39330,[0.22288741 0.77306277],39,24,"[0.2219823769694232, 0.7523883708842017]",1,-1
39331,[0.18506819 0.7557408 ],39,24,"[0.2219823769694232, 0.7523883708842017]",1,-1
39332,[0.17481074 0.70871979],39,33,"[0.14360528745911366, 0.7361289007486289]",1,-1
39333,[0.08808307 0.77805111],39,33,"[0.14360528745911366, 0.7361289007486289]",1,-1
39334,[0.17560279 0.70523114],39,33,"[0.14360528745911366, 0.7361289007486289]",1,-1
39335,[0.13369494 0.67538297],39,20,"[0.18632471116193938, 0.6470504651095214]",1,-1
39336,[0.19126969 0.63885077],39,20,"[0.18632471116193938, 0.6470504651095214]",1,-1
39337,[0.1152713  0.73585361],39,33,"[0.14360528745911366, 0.7361289007486289]",1,-1
39338,[0.15679166 0.74547863],39,33,"[0.14360528745911366, 0.7361289007486289]",1,-1
39339,[0.1987637  0.69305513],39,20,"[0.18632471116193938, 0.6470504651095214]",1,13
39340,[0.19758449 0.83457176],39,38,"[0.1833808871148498, 0.824806751753795]",1,-1
39341,[0.21108029 0.73540212],39,24,"[0.2219823769694232, 0.7523883708842017]",1,-1
39342,[0.0542324  0.72978683],39,-1,-1,1,-1
39343,[0.16406    0.78779496],39,38,"[0.1833808871148498, 0.824806751753795]",1,-1
39344,[0.13911879 0.74342168],39,33,"[0.14360528745911366, 0.7361289007486289]",1,-1
39345,[0.22866287 0.78861801],39,24,"[0.2219823769694232, 0.7523883708842017]",1,-1
39346,[0.16515205 0.68839392],39,20,"[0.18632471116193938, 0.6470504651095214]",1,-1
39347,[0.15365847 0.69918544],39,33,"[0.14360528745911366, 0.7361289007486289]",1,-1
39348,[0.20508438 0.57270677],39,40,"[0.24325605379412626, 0.6063462149687255]",1,-1
39349,[0.24658431 0.76636869],39,24,"[0.2219823769694232, 0.7523883708842017]",1,-1
39350,[0.26042783 0.67785018],39,8,"[0.26852263019242567, 0.6890353589332484]",1,-1
39351,[0.13300437 0.81165746],39,38,"[0.1833808871148498, 0.824806751753795]",1,-1
39352,[0.17424515 0.73293632],39,33,"[0.14360528745911366, 0.7361289007486289]",1,-1
39353,[0.21930169 0.90514341],39,-1,-1,1,-1
39354,[0.21928989 0.6565077 ],39,20,"[0.18632471116193938, 0.6470504651095214]",1,-1
39355,[0.15878316 0.82602039],39,38,"[0.1833808871148498, 0.824806751753795]",1,-1
39356,[0.18913443 0.68032107],39,20,"[0.18632471116193938, 0.6470504651095214]",1,-1
39357,[0.20783448 0.73028836],39,24,"[0.2219823769694232, 0.7523883708842017]",1,-1
39358,[0.21144765 0.71711828],39,24,"[0.2219823769694232, 0.7523883708842017]",1,14
39359,[0.21559147 0.70966687],39,24,"[0.2219823769694232, 0.7523883708842017]",1,14
39360,[0.25992545 0.66368754],39,8,"[0.26852263019242567, 0.6890353589332484]",1,-1
39361,[0.1917788  0.72986338],39,24,"[0.2219823769694232, 0.7523883708842017]",1,-1
39362,[0.17035204 0.69607749],39,33,"[0.14360528745911366, 0.7361289007486289]",1,-1
39363,[0.26219593 0.69409287],39,8,"[0.26852263019242567, 0.6890353589332484]",1,-1
39364,[0.19100943 0.75757899],39,24,"[0.2219823769694232, 0.7523883708842017]",1,-1
39365,[0.17653775 0.71912239],39,33,"[0.14360528745911366, 0.7361289007486289]",1,-1
39366,[0.21228288 0.75661801],39,24,"[0.2219823769694232, 0.7523883708842017]",1,-1
39367,[0.08306562 0.78196459],39,-1,-1,1,-1
39368,[0.14364108 0.7040579 ],39,33,"[0.14360528745911366, 0.7361289007486289]",1,-1
39369,[0.15834957 0.69325628],39,33,"[0.14360528745911366, 0.7361289007486289]",1,-1
39370,[0.24002661 0.67346429],39,8,"[0.26852263019242567, 0.6890353589332484]",1,-1
39371,[0.15317283 0.70216139],39,33,"[0.14360528745911366, 0.7361289007486289]",1,-1
39372,[0.23766967 0.83415437],39,38,"[0.1833808871148498, 0.824806751753795]",1,-1
39373,[0.20920728 0.73723819],39,24,"[0.2219823769694232, 0.7523883708842017]",1,-1
39374,[0.21369314 0.74777045],39,24,"[0.2219823769694232, 0.7523883708842017]",1,-1
39375,[0.20412103 0.7457601 ],39,24,"[0.2219823769694232, 0.7523883708842017]",1,-1
39376,[0.20976655 0.74891845],39,24,"[0.2219823769694232, 0.7523883708842017]",1,-1
39377,[0.32711248 0.63789888],39,19,"[0.3585209611110644, 0.671407469606326]",1,9
39378,[0.20671847 0.72692778],39,24,"[0.2219823769694232, 0.7523883708842017]",1,-1
39379,[0.25967338 0.74222177],39,24,"[0.2219823769694232, 0.7523883708842017]",1,-1
39380,[0.21729174 0.7277693 ],39,24,"[0.2219823769694232, 0.7523883708842017]",1,-1
39381,[0.15801492 0.70599323],39,33,"[0.14360528745911366, 0.7361289007486289]",1,-1
39382,[0.04284167 0.71960703],39,-1,-1,-1,-1
39383,[0.21963985 0.75096202],39,24,"[0.2219823769694232, 0.7523883708842017]",1,-1
39384,[0.20717608 0.72195711],39,24,"[0.2219823769694232, 0.7523883708842017]",1,-1
39385,[0.19967617 0.73348744],39,24,"[0.2219823769694232, 0.7523883708842017]",1,-1
39386,[0.18558725 0.76535646],39,24,"[0.2219823769694232, 0.7523883708842017]",1,-1
39387,[0.21858063 0.71230647],39,24,"[0.2219823769694232, 0.7523883708842017]",1,14
39388,[0.10743756 0.78922857],39,33,"[0.14360528745911366, 0.7361289007486289]",1,-1
39389,[0.21288873 0.68164676],39,20,"[0.18632471116193938, 0.6470504651095214]",1,-1
39390,[0.20118835 0.73203579],39,24,"[0.2219823769694232, 0.7523883708842017]",1,-1
39391,[0.23433119 0.73263655],39,24,"[0.2219823769694232, 0.7523883708842017]",1,-1
39392,[0.07548913 0.80329596],39,-1,-1,1,-1
39393,[0.2291294  0.72005844],39,24,"[0.2219823769694232, 0.7523883708842017]",1,14
39394,[0.13641223 0.68971244],39,33,"[0.14360528745911366, 0.7361289007486289]",1,-1
39395,[0.154607  0.7654811],39,33,"[0.14360528745911366, 0.7361289007486289]",1,-1
39396,[0.17388137 0.68550643],39,20,"[0.18632471116193938, 0.6470504651095214]",1,-1
39397,[0.18090671 0.72401962],39,33,"[0.14360528745911366, 0.7361289007486289]",1,-1
39398,[0.17616117 0.82720886],39,38,"[0.1833808871148498, 0.824806751753795]",1,-1
39399,[0.16580204 0.75905448],39,33,"[0.14360528745911366, 0.7361289007486289]",1,-1
39400,[0.16984716 0.73952603],39,33,"[0.14360528745911366, 0.7361289007486289]",1,-1
39401,[0.18933667 0.72453898],39,24,"[0.2219823769694232, 0.7523883708842017]",1,-1
39402,[0.19647554 0.60522081],39,20,"[0.18632471116193938, 0.6470504651095214]",1,-1
39403,[0.13847356 0.64887367],39,20,"[0.18632471116193938, 0.6470504651095214]",1,-1
39404,[0.17363559 0.67883346],39,20,"[0.18632471116193938, 0.6470504651095214]",1,-1
39405,[0.20668088 0.74507674],39,24,"[0.2219823769694232, 0.7523883708842017]",1,-1
39406,[0.18060354 0.74479647],39,33,"[0.14360528745911366, 0.7361289007486289]",1,-1
39407,[0.07931458 0.71058572],39,33,"[0.14360528745911366, 0.7361289007486289]",1,-1
39408,[0.11349637 0.77260568],39,33,"[0.14360528745911366, 0.7361289007486289]",1,-1
39409,[0.12418549 0.61129395],39,49,"[0.14893778703439292, 0.5666898184239806]",1,-1
39410,[0.12481648 0.62744292],39,20,"[0.18632471116193938, 0.6470504651095214]",1,-1
39411,[0.17097252 0.67544523],39,20,"[0.18632471116193938, 0.6470504651095214]",1,-1
39412,[0.26472409 0.7683112 ],39,24,"[0.2219823769694232, 0.7523883708842017]",1,-1
39413,[0.16850557 0.79940748],39,38,"[0.1833808871148498, 0.824806751753795]",1,-1
39414,[0.24731544 0.76879484],39,24,"[0.2219823769694232, 0.7523883708842017]",1,-1
39415,[0.10684404 0.76235551],39,33,"[0.14360528745911366, 0.7361289007486289]",1,-1
39416,[0.18234021 0.86708945],39,38,"[0.1833808871148498, 0.824806751753795]",1,-1
39417,[0.21128437 0.74009911],39,24,"[0.2219823769694232, 0.7523883708842017]",1,-1
39418,[0.16296669 0.75237815],39,33,"[0.14360528745911366, 0.7361289007486289]",1,-1
39419,[0.15143598 0.70421332],39,33,"[0.14360528745911366, 0.7361289007486289]",1,-1
39420,[0.18721569 0.77166371],39,24,"[0.2219823769694232, 0.7523883708842017]",1,-1
39421,[0.12136115 0.74189826],39,33,"[0.14360528745911366, 0.7361289007486289]",1,-1
39422,[0.19727291 0.7633192 ],39,24,"[0.2219823769694232, 0.7523883708842017]",1,-1
39423,[0.21110717 0.69632731],39,20,"[0.18632471116193938, 0.6470504651095214]",1,-1
39424,[0.23042345 0.81118899],39,38,"[0.1833808871148498, 0.824806751753795]",1,-1
39425,[0.20198146 0.69167959],39,20,"[0.18632471116193938, 0.6470504651095214]",1,13
39426,[0.17401242 0.68948259],39,20,"[0.18632471116193938, 0.6470504651095214]",1,-1
39427,[0.12496591 0.74307962],39,33,"[0.14360528745911366, 0.7361289007486289]",1,-1
39428,[0.1455641  0.69478756],39,33,"[0.14360528745911366, 0.7361289007486289]",1,-1
39429,[0.24434004 0.63917152],39,40,"[0.24325605379412626, 0.6063462149687255]",1,11
39430,[0.13907995 0.6556405 ],39,20,"[0.18632471116193938, 0.6470504651095214]",1,-1
39431,[0.09961194 0.66736089],39,-1,-1,1,-1
39432,[0.12734315 0.70354758],39,33,"[0.14360528745911366, 0.7361289007486289]",1,-1
39433,[0.12919413 0.67866689],39,33,"[0.14360528745911366, 0.7361289007486289]",1,-1
39434,[0.17297703 0.73000375],39,33,"[0.14360528745911366, 0.7361289007486289]",1,-1
39435,[0.24571154 0.74907651],39,24,"[0.2219823769694232, 0.7523883708842017]",1,-1
39436,[0.19240164 0.7353166 ],39,24,"[0.2219823769694232, 0.7523883708842017]",1,-1
39437,[0.13764772 0.69257829],39,33,"[0.14360528745911366, 0.7361289007486289]",1,-1
39438,[0.26323738 0.67588768],39,8,"[0.26852263019242567, 0.6890353589332484]",1,-1
39439,[0.19708393 0.72684564],39,24,"[0.2219823769694232, 0.7523883708842017]",1,-1
39440,[0.10714319 0.72251325],39,33,"[0.14360528745911366, 0.7361289007486289]",1,-1
39441,[0.17285935 0.71429002],39,33,"[0.14360528745911366, 0.7361289007486289]",1,-1
39442,[0.12204349 0.7298409 ],39,33,"[0.14360528745911366, 0.7361289007486289]",1,-1
39443,[0.18672189 0.6825735 ],39,20,"[0.18632471116193938, 0.6470504651095214]",1,-1
39444,[0.19837081 0.79728738],39,38,"[0.1833808871148498, 0.824806751753795]",1,-1
39445,[0.15264862 0.74270158],39,33,"[0.14360528745911366, 0.7361289007486289]",1,-1
39446,[0.20107416 0.64090777],39,20,"[0.18632471116193938, 0.6470504651095214]",1,-1
39447,[0.17589028 0.73831026],39,33,"[0.14360528745911366, 0.7361289007486289]",1,-1
39448,[0.18581234 0.63718119],39,20,"[0.18632471116193938, 0.6470504651095214]",1,-1
39449,[0.18067925 0.7878298 ],39,38,"[0.1833808871148498, 0.824806751753795]",1,-1
39450,[0.18398668 0.73986626],39,24,"[0.2219823769694232, 0.7523883708842017]",1,-1
39451,[0.17409377 0.7526918 ],39,33,"[0.14360528745911366, 0.7361289007486289]",1,-1
39452,[0.22380732 0.6802089 ],39,8,"[0.26852263019242567, 0.6890353589332484]",1,15
39453,[0.12235782 0.76028114],39,33,"[0.14360528745911366, 0.7361289007486289]",1,-1
39454,[0.1960663  0.70991879],39,24,"[0.2219823769694232, 0.7523883708842017]",1,13
39455,[0.14114423 0.71241548],39,33,"[0.14360528745911366, 0.7361289007486289]",1,-1
39456,[0.14197466 0.7445918 ],39,33,"[0.14360528745911366, 0.7361289007486289]",1,-1
39457,[0.21614041 0.78710105],39,24,"[0.2219823769694232, 0.7523883708842017]",1,-1
39458,[0.2030141  0.76914856],39,24,"[0.2219823769694232, 0.7523883708842017]",1,-1
39459,[0.20023772 0.76297652],39,24,"[0.2219823769694232, 0.7523883708842017]",1,-1
39460,[0.14931434 0.80586568],39,38,"[0.1833808871148498, 0.824806751753795]",1,-1
39461,[0.18459318 0.70929318],39,33,"[0.14360528745911366, 0.7361289007486289]",1,-1
39462,[0.1755376  0.73797612],39,33,"[0.14360528745911366, 0.7361289007486289]",1,-1
39463,[0.23695897 0.64938782],39,40,"[0.24325605379412626, 0.6063462149687255]",1,-1
39464,[0.29606745 0.78081782],39,12,"[0.3169063637449832, 0.8033325636066986]",1,-1
39465,[0.21267944 0.6680021 ],39,20,"[0.18632471116193938, 0.6470504651095214]",1,-1
39466,[0.1964595  0.69690346],39,20,"[0.18632471116193938, 0.6470504651095214]",1,-1
39467,[0.20099521 0.72219679],39,24,"[0.2219823769694232, 0.7523883708842017]",1,14
39468,[0.19477937 0.72181601],39,24,"[0.2219823769694232, 0.7523883708842017]",1,-1
39469,[0.1786161  0.72256659],39,33,"[0.14360528745911366, 0.7361289007486289]",1,-1
39470,[0.21431599 0.68528937],39,20,"[0.18632471116193938, 0.6470504651095214]",1,-1
39471,[0.15261612 0.73359446],39,33,"[0.14360528745911366, 0.7361289007486289]",1,-1
39472,[0.20390034 0.72155038],39,24,"[0.2219823769694232, 0.7523883708842017]",1,-1
39473,[0.16565977 0.63318513],39,20,"[0.18632471116193938, 0.6470504651095214]",1,-1
39474,[0.16951592 0.67716139],39,20,"[0.18632471116193938, 0.6470504651095214]",1,-1
39475,[0.20729243 0.7102052 ],39,24,"[0.2219823769694232, 0.7523883708842017]",1,-1
39476,[0.20929613 0.70202828],39,24,"[0.2219823769694232, 0.7523883708842017]",1,-1
39477,[0.23278905 0.71624607],39,24,"[0.2219823769694232, 0.7523883708842017]",1,-1
39478,[0.14105826 0.78249801],39,33,"[0.14360528745911366, 0.7361289007486289]",1,-1
39479,[0.25820809 0.68532912],39,8,"[0.26852263019242567, 0.6890353589332484]",1,-1
39480,[0.17604848 0.72284539],39,33,"[0.14360528745911366, 0.7361289007486289]",1,-1
39481,[0.17778339 0.75992846],39,33,"[0.14360528745911366, 0.7361289007486289]",1,-1
39482,[0.17493745 0.78170187],39,38,"[0.1833808871148498, 0.824806751753795]",1,-1
39483,[0.19690845 0.69029751],39,20,"[0.18632471116193938, 0.6470504651095214]",1,-1
39484,[0.18199616 0.74231408],39,33,"[0.14360528745911366, 0.7361289007486289]",1,-1
39485,[0.18209743 0.72451492],39,33,"[0.14360528745911366, 0.7361289007486289]",1,-1
39486,[0.13440294 0.79752232],39,38,"[0.1833808871148498, 0.824806751753795]",1,-1
39487,[0.14739785 0.75456312],39,33,"[0.14360528745911366, 0.7361289007486289]",1,-1
39488,[0.21809022 0.73113944],39,24,"[0.2219823769694232, 0.7523883708842017]",1,-1
39489,[0.22352634 0.6442506 ],39,20,"[0.18632471116193938, 0.6470504651095214]",1,-1
39490,[0.25084176 0.66161316],39,8,"[0.26852263019242567, 0.6890353589332484]",1,-1
39491,[0.1411979  0.74493374],39,33,"[0.14360528745911366, 0.7361289007486289]",1,-1
39492,[0.19785762 0.71739809],39,24,"[0.2219823769694232, 0.7523883708842017]",1,-1
39493,[0.1998647  0.70367248],39,24,"[0.2219823769694232, 0.7523883708842017]",1,13
39494,[0.15977164 0.74933211],39,33,"[0.14360528745911366, 0.7361289007486289]",1,-1
39495,[0.18720146 0.76315742],39,24,"[0.2219823769694232, 0.7523883708842017]",1,-1
39496,[0.1807929  0.77194312],39,24,"[0.2219823769694232, 0.7523883708842017]",1,-1
39497,[0.15859998 0.72522392],39,33,"[0.14360528745911366, 0.7361289007486289]",1,-1
39498,[0.18825923 0.75301438],39,24,"[0.2219823769694232, 0.7523883708842017]",1,-1
39499,[0.15466118 0.78425896],39,33,"[0.14360528745911366, 0.7361289007486289]",1,-1
39500,[0.14833906 0.67552717],39,20,"[0.18632471116193938, 0.6470504651095214]",1,-1
39501,[0.23940105 0.74367136],39,24,"[0.2219823769694232, 0.7523883708842017]",1,-1
39502,[0.12110248 0.65095321],39,20,"[0.18632471116193938, 0.6470504651095214]",1,-1
39503,[0.09762351 0.74978928],39,33,"[0.14360528745911366, 0.7361289007486289]",1,-1
39504,[0.25266566 0.72893413],39,24,"[0.2219823769694232, 0.7523883708842017]",1,19
39505,[0.19502259 0.77365267],39,24,"[0.2219823769694232, 0.7523883708842017]",1,-1
39506,[0.15192246 0.82512731],39,38,"[0.1833808871148498, 0.824806751753795]",1,-1
39507,[0.1296514  0.69295389],39,33,"[0.14360528745911366, 0.7361289007486289]",1,-1
39508,[0.07242535 0.73788404],39,-1,-1,1,-1
39509,[0.15878344 0.79170262],39,38,"[0.1833808871148498, 0.824806751753795]",1,-1
39510,[0.17219911 0.7671931 ],39,33,"[0.14360528745911366, 0.7361289007486289]",1,-1
39511,[0.20116888 0.69849179],39,20,"[0.18632471116193938, 0.6470504651095214]",1,-1
39512,[0.17494734 0.7948876 ],39,38,"[0.1833808871148498, 0.824806751753795]",1,-1
39513,[0.09432951 0.7803375 ],39,33,"[0.14360528745911366, 0.7361289007486289]",1,-1
39514,[0.09550425 0.78862174],39,-1,-1,1,-1
39515,[0.26878469 0.73252992],39,8,"[0.26852263019242567, 0.6890353589332484]",1,-1
39516,[0.20372281 0.68994574],39,20,"[0.18632471116193938, 0.6470504651095214]",1,-1
39517,[0.29387834 0.72184871],39,8,"[0.26852263019242567, 0.6890353589332484]",1,-1
39518,[0.2092214  0.77285303],39,24,"[0.2219823769694232, 0.7523883708842017]",1,-1
39519,[0.14081132 0.72083268],39,33,"[0.14360528745911366, 0.7361289007486289]",1,-1
39520,[0.11078334 0.77453588],39,33,"[0.14360528745911366, 0.7361289007486289]",1,-1
39521,[0.11841164 0.69134123],39,33,"[0.14360528745911366, 0.7361289007486289]",1,-1
39522,[0.16416682 0.70857157],39,33,"[0.14360528745911366, 0.7361289007486289]",1,-1
39523,[0.11823948 0.80874506],39,38,"[0.1833808871148498, 0.824806751753795]",1,-1
39524,[0.07992726 0.64115599],39,-1,-1,-1,-1
39525,[0.18271864 0.76114347],39,24,"[0.2219823769694232, 0.7523883708842017]",1,-1
39526,[0.1873261  0.67392891],39,20,"[0.18632471116193938, 0.6470504651095214]",1,-1
39527,[0.20027911 0.70326157],39,24,"[0.2219823769694232, 0.7523883708842017]",1,-1
39528,[0.10813108 0.76970645],39,33,"[0.14360528745911366, 0.7361289007486289]",1,-1
39529,[0.2679369  0.71940692],39,8,"[0.26852263019242567, 0.6890353589332484]",1,-1
39530,[0.23730234 0.70462356],39,8,"[0.26852263019242567, 0.6890353589332484]",1,-1
39531,[0.13339571 0.68275373],39,33,"[0.14360528745911366, 0.7361289007486289]",1,-1
39532,[0.21302935 0.755759  ],39,24,"[0.2219823769694232, 0.7523883708842017]",1,-1
39533,[0.26741425 0.75977205],39,24,"[0.2219823769694232, 0.7523883708842017]",1,-1
39534,[0.21303548 0.74679903],39,24,"[0.2219823769694232, 0.7523883708842017]",1,-1
39535,[0.19855272 0.79376397],39,38,"[0.1833808871148498, 0.824806751753795]",1,-1
39536,[0.18752464 0.64263691],39,20,"[0.18632471116193938, 0.6470504651095214]",1,-1
39537,[0.16793414 0.76057099],39,33,"[0.14360528745911366, 0.7361289007486289]",1,-1
39538,[0.24574706 0.86326197],39,-1,-1,1,-1
39539,[0.23282126 0.72419338],39,24,"[0.2219823769694232, 0.7523883708842017]",1,-1
39540,[0.15411171 0.8026038 ],39,38,"[0.1833808871148498, 0.824806751753795]",1,-1
39541,[0.18592991 0.71562578],39,33,"[0.14360528745911366, 0.7361289007486289]",1,-1
39542,[0.13487402 0.76638229],39,33,"[0.14360528745911366, 0.7361289007486289]",1,-1
39543,[0.15822436 0.75713602],39,33,"[0.14360528745911366, 0.7361289007486289]",1,-1
39544,[0.14674579 0.72365636],39,33,"[0.14360528745911366, 0.7361289007486289]",1,-1
39545,[0.23191225 0.79717262],39,24,"[0.2219823769694232, 0.7523883708842017]",1,-1
39546,[0.05894358 0.63133831],39,-1,-1,0,-1
39547,[0.202968   0.74954677],39,24,"[0.2219823769694232, 0.7523883708842017]",1,-1
39548,[0.16234169 0.7491154 ],39,33,"[0.14360528745911366, 0.7361289007486289]",1,-1
39549,[0.19479324 0.82377983],39,38,"[0.1833808871148498, 0.824806751753795]",1,-1
39550,[0.19228457 0.74176501],39,24,"[0.2219823769694232, 0.7523883708842017]",1,-1
39551,[0.20692374 0.74019703],39,24,"[0.2219823769694232, 0.7523883708842017]",1,-1
39552,[0.20394073 0.76215598],39,24,"[0.2219823769694232, 0.7523883708842017]",1,14
39553,[0.07547868 0.73816722],39,33,"[0.14360528745911366, 0.7361289007486289]",1,-1
39554,[0.17187399 0.8194629 ],39,38,"[0.1833808871148498, 0.824806751753795]",1,-1
39555,[0.2562431  0.70208335],39,8,"[0.26852263019242567, 0.6890353589332484]",1,-1
39556,[0.23828155 0.86275944],39,38,"[0.1833808871148498, 0.824806751753795]",1,-1
39557,[0.19919435 0.64777269],39,20,"[0.18632471116193938, 0.6470504651095214]",1,-1
39558,[0.16442121 0.65456902],39,20,"[0.18632471116193938, 0.6470504651095214]",1,-1
39559,[0.07617646 0.69414932],39,-1,-1,1,-1
39560,[0.12995015 0.75874975],39,33,"[0.14360528745911366, 0.7361289007486289]",1,-1
39561,[0.1189714  0.77430052],39,33,"[0.14360528745911366, 0.7361289007486289]",1,-1
39562,[0.14382335 0.68208819],39,33,"[0.14360528745911366, 0.7361289007486289]",1,-1
39563,[0.09489715 0.72875994],39,33,"[0.14360528745911366, 0.7361289007486289]",1,-1
39564,[0.17122084 0.6436819 ],39,20,"[0.18632471116193938, 0.6470504651095214]",1,-1
39565,[0.12596832 0.66613987],39,20,"[0.18632471116193938, 0.6470504651095214]",1,-1
39566,[0.22139448 0.74696944],39,24,"[0.2219823769694232, 0.7523883708842017]",1,-1
39567,[0.12585318 0.74766016],39,33,"[0.14360528745911366, 0.7361289007486289]",1,-1
39568,[0.14798649 0.64470223],39,20,"[0.18632471116193938, 0.6470504651095214]",1,-1
39569,[0.17150932 0.59490339],39,49,"[0.14893778703439292, 0.5666898184239806]",1,-1
39570,[0.12437789 0.70213878],39,33,"[0.14360528745911366, 0.7361289007486289]",1,-1
39571,[0.18153576 0.67751187],39,20,"[0.18632471116193938, 0.6470504651095214]",1,-1
39572,[0.18582367 0.7486367 ],39,24,"[0.2219823769694232, 0.7523883708842017]",1,-1
39573,[0.15889734 0.69883011],39,33,"[0.14360528745911366, 0.7361289007486289]",1,-1
39574,[0.13655583 0.65158778],39,20,"[0.18632471116193938, 0.6470504651095214]",1,-1
39575,[0.17655281 0.71463906],39,33,"[0.14360528745911366, 0.7361289007486289]",1,-1
39576,[0.29528279 0.78955807],39,12,"[0.3169063637449832, 0.8033325636066986]",1,-1
39577,[0.18627064 0.752778  ],39,24,"[0.2219823769694232, 0.7523883708842017]",1,-1
39578,[0.11587067 0.66196115],39,-1,-1,1,-1
39579,[0.15019087 0.81587419],39,38,"[0.1833808871148498, 0.824806751753795]",1,-1
39580,[0.10208255 0.73050118],39,33,"[0.14360528745911366, 0.7361289007486289]",1,-1
39581,[0.16736302 0.72642612],39,33,"[0.14360528745911366, 0.7361289007486289]",1,-1
39582,[0.13851255 0.76249291],39,33,"[0.14360528745911366, 0.7361289007486289]",1,-1
39583,[0.21212815 0.80911151],39,38,"[0.1833808871148498, 0.824806751753795]",1,-1
39584,[0.11750108 0.81308217],39,38,"[0.1833808871148498, 0.824806751753795]",1,-1
39585,[0.14352414 0.70522724],39,33,"[0.14360528745911366, 0.7361289007486289]",1,-1
39586,[0.1924663  0.76184185],39,24,"[0.2219823769694232, 0.7523883708842017]",1,-1
39587,[0.17387804 0.75358178],39,33,"[0.14360528745911366, 0.7361289007486289]",1,-1
39588,[0.14430514 0.74243662],39,33,"[0.14360528745911366, 0.7361289007486289]",1,-1
39589,[0.20941471 0.73336121],39,24,"[0.2219823769694232, 0.7523883708842017]",1,-1
39590,[0.19314128 0.81871627],39,38,"[0.1833808871148498, 0.824806751753795]",1,-1
39591,[0.21745143 0.75483653],39,24,"[0.2219823769694232, 0.7523883708842017]",1,14
39592,[0.15315154 0.67346709],39,20,"[0.18632471116193938, 0.6470504651095214]",1,-1
39593,[0.2181493 0.6666186],39,20,"[0.18632471116193938, 0.6470504651095214]",1,15
39594,[0.13530585 0.62653719],39,20,"[0.18632471116193938, 0.6470504651095214]",1,-1
39595,[0.20613078 0.67713311],39,20,"[0.18632471116193938, 0.6470504651095214]",1,-1
39596,[0.1404765  0.75105198],39,33,"[0.14360528745911366, 0.7361289007486289]",1,-1
39597,[0.23294231 0.68586635],39,8,"[0.26852263019242567, 0.6890353589332484]",1,15
39598,[0.25103754 0.7547109 ],39,24,"[0.2219823769694232, 0.7523883708842017]",1,-1
39599,[0.14485061 0.6872555 ],39,33,"[0.14360528745911366, 0.7361289007486289]",1,-1
39600,[0.20314699 0.73592349],39,24,"[0.2219823769694232, 0.7523883708842017]",1,-1
39601,[0.2521289  0.71061859],39,8,"[0.26852263019242567, 0.6890353589332484]",1,-1
39602,[0.22458591 0.66328144],39,20,"[0.18632471116193938, 0.6470504651095214]",1,15
39603,[0.13027025 0.6058543 ],39,49,"[0.14893778703439292, 0.5666898184239806]",1,-1
39604,[0.18910291 0.71080174],39,33,"[0.14360528745911366, 0.7361289007486289]",1,-1
39605,[0.09762315 0.69153745],39,33,"[0.14360528745911366, 0.7361289007486289]",1,-1
39606,[0.15044036 0.76420235],39,33,"[0.14360528745911366, 0.7361289007486289]",1,-1
39607,[0.13664237 0.74853796],39,33,"[0.14360528745911366, 0.7361289007486289]",1,-1
39608,[0.25730169 0.71237175],39,8,"[0.26852263019242567, 0.6890353589332484]",1,-1
39609,[0.10514673 0.7368286 ],39,33,"[0.14360528745911366, 0.7361289007486289]",1,-1
39610,[0.17676776 0.69269932],39,20,"[0.18632471116193938, 0.6470504651095214]",1,-1
39611,[0.17900867 0.75815879],39,33,"[0.14360528745911366, 0.7361289007486289]",1,-1
39612,[0.23414654 0.6974759 ],39,8,"[0.26852263019242567, 0.6890353589332484]",1,-1
39613,[0.16988256 0.72948095],39,33,"[0.14360528745911366, 0.7361289007486289]",1,-1
39614,[0.13687103 0.64431689],39,20,"[0.18632471116193938, 0.6470504651095214]",1,-1
39615,[0.16292911 0.75219076],39,33,"[0.14360528745911366, 0.7361289007486289]",1,-1
39616,[0.0981755  0.75302789],39,33,"[0.14360528745911366, 0.7361289007486289]",1,-1
39617,[0.16378051 0.68797584],39,20,"[0.18632471116193938, 0.6470504651095214]",1,-1
39618,[0.16809182 0.72927033],39,33,"[0.14360528745911366, 0.7361289007486289]",1,-1
39619,[0.13472059 0.73553186],39,33,"[0.14360528745911366, 0.7361289007486289]",1,-1
39620,[0.19865901 0.64838106],39,20,"[0.18632471116193938, 0.6470504651095214]",1,-1
39621,[0.1812811 0.7115727],39,33,"[0.14360528745911366, 0.7361289007486289]",1,-1
39622,[0.1489663  0.67290315],39,20,"[0.18632471116193938, 0.6470504651095214]",1,-1
39623,[0.20241435 0.76983476],39,24,"[0.2219823769694232, 0.7523883708842017]",1,-1
39624,[0.11197582 0.72712244],39,33,"[0.14360528745911366, 0.7361289007486289]",1,-1
39625,[0.09661974 0.7576679 ],39,33,"[0.14360528745911366, 0.7361289007486289]",1,-1
39626,[0.28153519 0.73515179],39,8,"[0.26852263019242567, 0.6890353589332484]",1,-1
39627,[0.17671638 0.64832201],39,20,"[0.18632471116193938, 0.6470504651095214]",1,-1
39628,[0.28620596 0.75026719],39,12,"[0.3169063637449832, 0.8033325636066986]",1,-1
39629,[0.13122108 0.71605401],39,33,"[0.14360528745911366, 0.7361289007486289]",1,-1
39630,[0.15274884 0.79784077],39,38,"[0.1833808871148498, 0.824806751753795]",1,-1
39631,[0.19706202 0.64999388],39,20,"[0.18632471116193938, 0.6470504651095214]",1,-1
39632,[0.23189979 0.70495707],39,8,"[0.26852263019242567, 0.6890353589332484]",1,-1
39633,[0.22542636 0.62424477],39,40,"[0.24325605379412626, 0.6063462149687255]",1,-1
39634,[0.14534225 0.67604029],39,20,"[0.18632471116193938, 0.6470504651095214]",1,-1
39635,[0.11925092 0.71770637],39,33,"[0.14360528745911366, 0.7361289007486289]",1,-1
39636,[0.17920522 0.63966088],39,20,"[0.18632471116193938, 0.6470504651095214]",1,-1
39637,[0.17174901 0.70597547],39,33,"[0.14360528745911366, 0.7361289007486289]",1,-1
39638,[0.19679736 0.71132937],39,24,"[0.2219823769694232, 0.7523883708842017]",1,-1
39639,[0.09848449 0.80236103],39,-1,-1,1,-1
39640,[0.2126934  0.67431777],39,20,"[0.18632471116193938, 0.6470504651095214]",1,15
39641,[0.14049272 0.60859441],39,49,"[0.14893778703439292, 0.5666898184239806]",1,-1
39642,[0.11616872 0.77833456],39,33,"[0.14360528745911366, 0.7361289007486289]",1,-1
39643,[0.17122187 0.66867741],39,20,"[0.18632471116193938, 0.6470504651095214]",1,-1
39644,[0.19286379 0.76474908],39,24,"[0.2219823769694232, 0.7523883708842017]",1,-1
39645,[0.23793684 0.65462866],39,8,"[0.26852263019242567, 0.6890353589332484]",1,-1
39646,[0.21912993 0.74015909],39,24,"[0.2219823769694232, 0.7523883708842017]",1,14
39647,[0.18484706 0.7563357 ],39,24,"[0.2219823769694232, 0.7523883708842017]",1,-1
39648,[0.17448028 0.80001446],39,38,"[0.1833808871148498, 0.824806751753795]",1,-1
39649,[0.15554579 0.79705598],39,38,"[0.1833808871148498, 0.824806751753795]",1,-1
39650,[0.11907539 0.81301511],39,38,"[0.1833808871148498, 0.824806751753795]",1,-1
39651,[0.12329326 0.76839075],39,33,"[0.14360528745911366, 0.7361289007486289]",1,-1
39652,[0.16998705 0.74581725],39,33,"[0.14360528745911366, 0.7361289007486289]",1,-1
39653,[0.15209434 0.67433331],39,20,"[0.18632471116193938, 0.6470504651095214]",1,-1
39654,[0.23322335 0.75580537],39,24,"[0.2219823769694232, 0.7523883708842017]",1,-1
39655,[0.22044233 0.73115457],39,24,"[0.2219823769694232, 0.7523883708842017]",1,14
39656,[0.14867656 0.73823783],39,33,"[0.14360528745911366, 0.7361289007486289]",1,-1
39657,[0.18072295 0.7757881 ],39,24,"[0.2219823769694232, 0.7523883708842017]",1,-1
39658,[0.16532714 0.66006611],39,20,"[0.18632471116193938, 0.6470504651095214]",1,-1
39659,[0.06443342 0.72008712],39,-1,-1,1,-1
39660,[0.24729691 0.71823032],39,8,"[0.26852263019242567, 0.6890353589332484]",1,-1
39661,[0.15773798 0.7172722 ],39,33,"[0.14360528745911366, 0.7361289007486289]",1,-1
39662,[0.15755792 0.68518963],39,20,"[0.18632471116193938, 0.6470504651095214]",1,-1
39663,[0.17157738 0.8357367 ],39,38,"[0.1833808871148498, 0.824806751753795]",1,-1
39664,[0.1063378  0.74511342],39,33,"[0.14360528745911366, 0.7361289007486289]",1,-1
39665,[0.1603411 0.8475669],39,38,"[0.1833808871148498, 0.824806751753795]",1,-1
39666,[0.15559942 0.69593574],39,33,"[0.14360528745911366, 0.7361289007486289]",1,-1
39667,[0.19160972 0.74772136],39,24,"[0.2219823769694232, 0.7523883708842017]",1,-1
39668,[0.11793121 0.74904012],39,33,"[0.14360528745911366, 0.7361289007486289]",1,-1
39669,[0.12301726 0.82154731],39,38,"[0.1833808871148498, 0.824806751753795]",1,-1
39670,[0.01769995 0.72747522],39,-1,-1,-1,-1
39671,[0.28440501 0.73172121],39,8,"[0.26852263019242567, 0.6890353589332484]",1,-1
39672,[0.18412197 0.66757991],39,20,"[0.18632471116193938, 0.6470504651095214]",1,-1
39673,[0.27046978 0.79007754],39,12,"[0.3169063637449832, 0.8033325636066986]",1,-1
39674,[0.1487924  0.64011409],39,20,"[0.18632471116193938, 0.6470504651095214]",1,-1
39675,[0.17018356 0.77070249],39,33,"[0.14360528745911366, 0.7361289007486289]",1,-1
39676,[0.19865439 0.80459834],39,38,"[0.1833808871148498, 0.824806751753795]",1,-1
39677,[0.23401957 0.69109681],39,8,"[0.26852263019242567, 0.6890353589332484]",1,-1
39678,[0.15563547 0.73410427],39,33,"[0.14360528745911366, 0.7361289007486289]",1,-1
39679,[0.15318345 0.75809214],39,33,"[0.14360528745911366, 0.7361289007486289]",1,-1
39680,[0.15743218 0.69768965],39,33,"[0.14360528745911366, 0.7361289007486289]",1,-1
39681,[0.15013381 0.75674809],39,33,"[0.14360528745911366, 0.7361289007486289]",1,-1
39682,[0.13919281 0.71907735],39,33,"[0.14360528745911366, 0.7361289007486289]",1,-1
39683,[0.13666407 0.75133496],39,33,"[0.14360528745911366, 0.7361289007486289]",1,-1
39684,[0.22682416 0.75935592],39,24,"[0.2219823769694232, 0.7523883708842017]",1,-1
39685,[0.1731765  0.69564231],39,33,"[0.14360528745911366, 0.7361289007486289]",1,-1
39686,[0.155177   0.83323826],39,38,"[0.1833808871148498, 0.824806751753795]",1,-1
39687,[0.15329865 0.7447462 ],39,33,"[0.14360528745911366, 0.7361289007486289]",1,-1
39688,[0.19073712 0.76262939],39,24,"[0.2219823769694232, 0.7523883708842017]",1,-1
39689,[0.13422544 0.66970265],39,20,"[0.18632471116193938, 0.6470504651095214]",1,-1
39690,[0.1627937  0.72048458],39,33,"[0.14360528745911366, 0.7361289007486289]",1,-1
39691,[0.18501318 0.71938978],39,33,"[0.14360528745911366, 0.7361289007486289]",1,-1
39692,[0.20121145 0.74568257],39,24,"[0.2219823769694232, 0.7523883708842017]",1,-1
39693,[0.20076561 0.70743803],39,24,"[0.2219823769694232, 0.7523883708842017]",1,-1
39694,[0.18284498 0.68045287],39,20,"[0.18632471116193938, 0.6470504651095214]",1,-1
39695,[0.17855703 0.72962107],39,33,"[0.14360528745911366, 0.7361289007486289]",1,-1
39696,[0.1310381  0.67142632],39,20,"[0.18632471116193938, 0.6470504651095214]",1,-1
39697,[0.18238684 0.7875193 ],39,38,"[0.1833808871148498, 0.824806751753795]",1,-1
39698,[0.25096007 0.72007874],39,8,"[0.26852263019242567, 0.6890353589332484]",1,-1
39699,[0.24376511 0.65867414],39,8,"[0.26852263019242567, 0.6890353589332484]",1,-1
39700,[0.21020052 0.73637371],39,24,"[0.2219823769694232, 0.7523883708842017]",1,-1
39701,[0.21000308 0.67554935],39,20,"[0.18632471116193938, 0.6470504651095214]",1,-1
39702,[0.24205348 0.82453432],39,38,"[0.1833808871148498, 0.824806751753795]",1,-1
39703,[0.18076943 0.66901911],39,20,"[0.18632471116193938, 0.6470504651095214]",1,-1
39704,[0.17702821 0.69645366],39,20,"[0.18632471116193938, 0.6470504651095214]",1,-1
39705,[0.20367091 0.66819185],39,20,"[0.18632471116193938, 0.6470504651095214]",1,-1
39706,[0.30362735 0.76476691],39,12,"[0.3169063637449832, 0.8033325636066986]",1,-1
39707,[0.09685018 0.71807273],39,33,"[0.14360528745911366, 0.7361289007486289]",1,-1
39708,[0.2468704  0.80935084],39,24,"[0.2219823769694232, 0.7523883708842017]",1,-1
39709,[0.07180206 0.731121  ],39,-1,-1,1,-1
39710,[0.19906495 0.68933381],39,20,"[0.18632471116193938, 0.6470504651095214]",1,-1
39711,[0.25087451 0.73395218],39,24,"[0.2219823769694232, 0.7523883708842017]",1,-1
39712,[0.1139349  0.74254372],39,33,"[0.14360528745911366, 0.7361289007486289]",1,-1
39713,[0.17569981 0.67336378],39,20,"[0.18632471116193938, 0.6470504651095214]",1,-1
39714,[0.18595825 0.80042037],39,38,"[0.1833808871148498, 0.824806751753795]",1,-1
39715,[0.14522654 0.71810511],39,33,"[0.14360528745911366, 0.7361289007486289]",1,-1
39716,[0.17351663 0.77010763],39,33,"[0.14360528745911366, 0.7361289007486289]",1,-1
39717,[0.07099684 0.70661999],39,-1,-1,1,-1
39718,[0.18281388 0.71580708],39,33,"[0.14360528745911366, 0.7361289007486289]",1,-1
39719,[0.22484935 0.76017217],39,24,"[0.2219823769694232, 0.7523883708842017]",1,-1
39720,[0.19568015 0.68857485],39,20,"[0.18632471116193938, 0.6470504651095214]",1,-1
39721,[0.01401953 0.79520327],39,-1,-1,-1,-1
39722,[0.14360242 0.7407432 ],39,33,"[0.14360528745911366, 0.7361289007486289]",1,-1
39723,[0.28254421 0.71603497],39,8,"[0.26852263019242567, 0.6890353589332484]",1,-1
39724,[0.13555825 0.75664447],39,33,"[0.14360528745911366, 0.7361289007486289]",1,-1
39725,[0.16435184 0.74669424],39,33,"[0.14360528745911366, 0.7361289007486289]",1,-1
39726,[0.18828826 0.72595529],39,24,"[0.2219823769694232, 0.7523883708842017]",1,-1
39727,[0.21461518 0.77415537],39,24,"[0.2219823769694232, 0.7523883708842017]",1,-1
39728,[0.15684338 0.71943725],39,33,"[0.14360528745911366, 0.7361289007486289]",1,-1
39729,[0.20566209 0.71712507],39,24,"[0.2219823769694232, 0.7523883708842017]",1,14
39730,[0.17831262 0.70774136],39,33,"[0.14360528745911366, 0.7361289007486289]",1,-1
39731,[0.20766662 0.77427529],39,24,"[0.2219823769694232, 0.7523883708842017]",1,-1
39732,[0.12663948 0.692586  ],39,33,"[0.14360528745911366, 0.7361289007486289]",1,-1
39733,[0.12407673 0.71161579],39,33,"[0.14360528745911366, 0.7361289007486289]",1,-1
39734,[0.18065979 0.7622769 ],39,24,"[0.2219823769694232, 0.7523883708842017]",1,-1
39735,[0.2935481  0.67585536],39,8,"[0.26852263019242567, 0.6890353589332484]",1,-1
39736,[0.18755824 0.6706422 ],39,20,"[0.18632471116193938, 0.6470504651095214]",1,-1
39737,[0.15274583 0.69811615],39,33,"[0.14360528745911366, 0.7361289007486289]",1,-1
39738,[0.18845252 0.83487347],39,38,"[0.1833808871148498, 0.824806751753795]",1,-1
39739,[0.15136837 0.71204181],39,33,"[0.14360528745911366, 0.7361289007486289]",1,-1
39740,[0.13717925 0.57681822],39,49,"[0.14893778703439292, 0.5666898184239806]",1,-1
39741,[0.27065725 0.72648314],39,8,"[0.26852263019242567, 0.6890353589332484]",1,-1
39742,[0.17809495 0.77205978],39,24,"[0.2219823769694232, 0.7523883708842017]",1,-1
39743,[0.16893686 0.77248854],39,33,"[0.14360528745911366, 0.7361289007486289]",1,-1
39744,[0.25138899 0.77445022],39,24,"[0.2219823769694232, 0.7523883708842017]",1,-1
39745,[0.18066865 0.71239954],39,33,"[0.14360528745911366, 0.7361289007486289]",1,-1
39746,[0.21944857 0.71666085],39,24,"[0.2219823769694232, 0.7523883708842017]",1,-1
39747,[0.18580495 0.73081865],39,24,"[0.2219823769694232, 0.7523883708842017]",1,-1
39748,[0.15827178 0.77039029],39,33,"[0.14360528745911366, 0.7361289007486289]",1,-1
39749,[0.04564687 0.79669251],39,-1,-1,-1,-1
39750,[0.15542839 0.70550408],39,33,"[0.14360528745911366, 0.7361289007486289]",1,-1
39751,[0.19172584 0.62914665],39,20,"[0.18632471116193938, 0.6470504651095214]",1,-1
39752,[0.15481982 0.7222613 ],39,33,"[0.14360528745911366, 0.7361289007486289]",1,-1
39753,[0.18792226 0.71836144],39,33,"[0.14360528745911366, 0.7361289007486289]",1,-1
39754,[0.16206719 0.77959354],39,33,"[0.14360528745911366, 0.7361289007486289]",1,-1
39755,[0.17896201 0.67758813],39,20,"[0.18632471116193938, 0.6470504651095214]",1,-1
39756,[0.17216866 0.70279814],39,33,"[0.14360528745911366, 0.7361289007486289]",1,-1
39757,[0.10923675 0.77836503],39,33,"[0.14360528745911366, 0.7361289007486289]",1,-1
39758,[0.18501852 0.70850827],39,33,"[0.14360528745911366, 0.7361289007486289]",1,-1
39759,[0.23583991 0.7616069 ],39,24,"[0.2219823769694232, 0.7523883708842017]",1,-1
39760,[0.21735796 0.82573814],39,38,"[0.1833808871148498, 0.824806751753795]",1,-1
39761,[0.14445557 0.7166945 ],39,33,"[0.14360528745911366, 0.7361289007486289]",1,-1
39762,[0.16247126 0.83748553],39,38,"[0.1833808871148498, 0.824806751753795]",1,-1
39763,[0.1104089  0.67276878],39,-1,-1,1,-1
39764,[0.23743854 0.57837653],39,40,"[0.24325605379412626, 0.6063462149687255]",1,-1
39765,[0.14514065 0.63929769],39,20,"[0.18632471116193938, 0.6470504651095214]",1,-1
39766,[0.14581319 0.76029681],39,33,"[0.14360528745911366, 0.7361289007486289]",1,-1
39767,[0.14548523 0.79323185],39,38,"[0.1833808871148498, 0.824806751753795]",1,-1
39768,[0.13106017 0.73601452],39,33,"[0.14360528745911366, 0.7361289007486289]",1,-1
39769,[0.22997682 0.71940835],39,24,"[0.2219823769694232, 0.7523883708842017]",1,-1
39770,[0.26741221 0.64850655],39,8,"[0.26852263019242567, 0.6890353589332484]",1,16
39771,[0.22605101 0.6885464 ],39,8,"[0.26852263019242567, 0.6890353589332484]",1,-1
39772,[0.14860233 0.70060683],39,33,"[0.14360528745911366, 0.7361289007486289]",1,-1
39773,[0.23447333 0.66829751],39,8,"[0.26852263019242567, 0.6890353589332484]",1,-1
39774,[0.26425279 0.7879051 ],39,12,"[0.3169063637449832, 0.8033325636066986]",1,-1
39775,[0.21449101 0.7494493 ],39,24,"[0.2219823769694232, 0.7523883708842017]",1,14
39776,[0.24032125 0.74978114],39,24,"[0.2219823769694232, 0.7523883708842017]",1,-1
39777,[0.15410468 0.73786795],39,33,"[0.14360528745911366, 0.7361289007486289]",1,-1
39778,[0.27667444 0.70552955],39,8,"[0.26852263019242567, 0.6890353589332484]",1,-1
39779,[0.29425255 0.65227753],39,8,"[0.26852263019242567, 0.6890353589332484]",1,-1
39780,[0.17925649 0.69255281],39,20,"[0.18632471116193938, 0.6470504651095214]",1,-1
39781,[0.14976358 0.65227137],39,20,"[0.18632471116193938, 0.6470504651095214]",1,-1
39782,[0.16077985 0.72375956],39,33,"[0.14360528745911366, 0.7361289007486289]",1,-1
39783,[0.13944418 0.74098926],39,33,"[0.14360528745911366, 0.7361289007486289]",1,-1
39784,[0.19431182 0.7800541 ],39,24,"[0.2219823769694232, 0.7523883708842017]",1,-1
39785,[0.14309543 0.68050329],39,20,"[0.18632471116193938, 0.6470504651095214]",1,-1
39786,[0.0702572  0.72338128],39,-1,-1,1,-1
39787,[0.26113887 0.69705909],39,8,"[0.26852263019242567, 0.6890353589332484]",1,-1
39788,[0.18509259 0.7627724 ],39,24,"[0.2219823769694232, 0.7523883708842017]",1,-1
39789,[0.1879102  0.72773086],39,24,"[0.2219823769694232, 0.7523883708842017]",1,-1
39790,[0.1413294 0.7274974],39,33,"[0.14360528745911366, 0.7361289007486289]",1,-1
39791,[0.09560635 0.69473066],39,33,"[0.14360528745911366, 0.7361289007486289]",1,-1
39792,[0.20627072 0.70659113],39,24,"[0.2219823769694232, 0.7523883708842017]",1,-1
39793,[0.16152481 0.78767943],39,38,"[0.1833808871148498, 0.824806751753795]",1,-1
39794,[0.14888169 0.71513895],39,33,"[0.14360528745911366, 0.7361289007486289]",1,-1
39795,[0.18071574 0.77460251],39,24,"[0.2219823769694232, 0.7523883708842017]",1,-1
39796,[0.19847119 0.72340277],39,24,"[0.2219823769694232, 0.7523883708842017]",1,-1
39797,[0.21132838 0.76323784],39,24,"[0.2219823769694232, 0.7523883708842017]",1,-1
39798,[0.23073931 0.69177626],39,8,"[0.26852263019242567, 0.6890353589332484]",1,15
39799,[0.229128   0.68491531],39,8,"[0.26852263019242567, 0.6890353589332484]",1,15
39800,[0.10042208 0.79179574],39,-1,-1,1,-1
39801,[0.23277904 0.73702236],39,24,"[0.2219823769694232, 0.7523883708842017]",1,-1
39802,[0.13485601 0.72835146],39,33,"[0.14360528745911366, 0.7361289007486289]",1,-1
39803,[0.28221713 0.78524836],39,12,"[0.3169063637449832, 0.8033325636066986]",1,-1
39804,[0.13200026 0.75704384],39,33,"[0.14360528745911366, 0.7361289007486289]",1,-1
39805,[0.04925773 0.68784786],39,-1,-1,-1,-1
39806,[0.14051252 0.67143785],39,20,"[0.18632471116193938, 0.6470504651095214]",1,-1
39807,[0.18682283 0.75946385],39,24,"[0.2219823769694232, 0.7523883708842017]",1,-1
39808,[0.06403701 0.67966781],39,-1,-1,1,-1
39809,[0.17921874 0.77136017],39,24,"[0.2219823769694232, 0.7523883708842017]",1,-1
39810,[0.20336341 0.65288335],39,20,"[0.18632471116193938, 0.6470504651095214]",1,-1
39811,[0.09925632 0.74913611],39,33,"[0.14360528745911366, 0.7361289007486289]",1,-1
39812,[0.14186455 0.68578584],39,33,"[0.14360528745911366, 0.7361289007486289]",1,-1
39813,[0.13275635 0.72226706],39,33,"[0.14360528745911366, 0.7361289007486289]",1,-1
39814,[0.2324541  0.65172253],39,20,"[0.18632471116193938, 0.6470504651095214]",1,-1
39815,[0.21893787 0.79937245],39,38,"[0.1833808871148498, 0.824806751753795]",1,-1
39816,[0.27749539 0.70875856],39,8,"[0.26852263019242567, 0.6890353589332484]",1,-1
39817,[0.25961786 0.67213317],39,8,"[0.26852263019242567, 0.6890353589332484]",1,-1
39818,[0.11902964 0.77493981],39,33,"[0.14360528745911366, 0.7361289007486289]",1,-1
39819,[0.18396565 0.78728909],39,38,"[0.1833808871148498, 0.824806751753795]",1,-1
39820,[0.25766787 0.72138619],39,8,"[0.26852263019242567, 0.6890353589332484]",1,19
39821,[0.20417462 0.7082089 ],39,24,"[0.2219823769694232, 0.7523883708842017]",1,-1
39822,[0.2776293  0.71441375],39,8,"[0.26852263019242567, 0.6890353589332484]",1,18
39823,[0.18249929 0.71836887],39,33,"[0.14360528745911366, 0.7361289007486289]",1,-1
39824,[0.24175865 0.78414197],39,24,"[0.2219823769694232, 0.7523883708842017]",1,-1
39825,[0.0445314  0.65737746],39,-1,-1,-1,-1
39826,[0.21201435 0.80501388],39,38,"[0.1833808871148498, 0.824806751753795]",1,-1
39827,[0.17308071 0.86268369],39,38,"[0.1833808871148498, 0.824806751753795]",1,-1
39828,[0.22704976 0.84850045],39,38,"[0.1833808871148498, 0.824806751753795]",1,-1
39829,[0.14421137 0.81392421],39,38,"[0.1833808871148498, 0.824806751753795]",1,-1
39830,[0.18369408 0.70422577],39,33,"[0.14360528745911366, 0.7361289007486289]",1,-1
39831,[0.17145395 0.69437931],39,20,"[0.18632471116193938, 0.6470504651095214]",1,-1
39832,[0.08585846 0.74711513],39,33,"[0.14360528745911366, 0.7361289007486289]",1,-1
39833,[0.24456657 0.71999452],39,8,"[0.26852263019242567, 0.6890353589332484]",1,-1
39834,[0.24420842 0.72207003],39,24,"[0.2219823769694232, 0.7523883708842017]",1,-1
39835,[0.16209795 0.82708529],39,38,"[0.1833808871148498, 0.824806751753795]",1,-1
39836,[0.12373372 0.73150889],39,33,"[0.14360528745911366, 0.7361289007486289]",1,-1
39837,[0.18254649 0.8330988 ],39,38,"[0.1833808871148498, 0.824806751753795]",1,-1
39838,[0.16579677 0.73541882],39,33,"[0.14360528745911366, 0.7361289007486289]",1,-1
39839,[0.24977918 0.7730358 ],39,24,"[0.2219823769694232, 0.7523883708842017]",1,-1
39840,[0.16936457 0.73267641],39,33,"[0.14360528745911366, 0.7361289007486289]",1,-1
39841,[0.2435554  0.77189796],39,24,"[0.2219823769694232, 0.7523883708842017]",1,-1
39842,[0.30870992 0.72214782],39,8,"[0.26852263019242567, 0.6890353589332484]",1,-1
39843,[0.16510208 0.72133101],39,33,"[0.14360528745911366, 0.7361289007486289]",1,-1
39844,[0.05850222 0.64044839],39,-1,-1,-1,-1
39845,[0.20292966 0.69569513],39,20,"[0.18632471116193938, 0.6470504651095214]",1,-1
39846,[0.17145086 0.73104814],39,33,"[0.14360528745911366, 0.7361289007486289]",1,-1
39847,[0.18120801 0.73841998],39,33,"[0.14360528745911366, 0.7361289007486289]",1,-1
39848,[0.17256981 0.70839062],39,33,"[0.14360528745911366, 0.7361289007486289]",1,-1
39849,[0.21506809 0.77449625],39,24,"[0.2219823769694232, 0.7523883708842017]",1,-1
39850,[0.16530594 0.63606335],39,20,"[0.18632471116193938, 0.6470504651095214]",1,-1
39851,[0.17051255 0.67667833],39,20,"[0.18632471116193938, 0.6470504651095214]",1,-1
39852,[0.18354276 0.86091752],39,38,"[0.1833808871148498, 0.824806751753795]",1,-1
39853,[0.14372778 0.64601543],39,20,"[0.18632471116193938, 0.6470504651095214]",1,-1
39854,[0.19236794 0.71232843],39,24,"[0.2219823769694232, 0.7523883708842017]",1,-1
39855,[0.19267293 0.85115712],39,38,"[0.1833808871148498, 0.824806751753795]",1,-1
39856,[0.13824571 0.84186296],39,38,"[0.1833808871148498, 0.824806751753795]",1,-1
39857,[0.10451926 0.71563257],39,33,"[0.14360528745911366, 0.7361289007486289]",1,-1
39858,[0.17431666 0.7187481 ],39,33,"[0.14360528745911366, 0.7361289007486289]",1,-1
39859,[0.17646138 0.74648426],39,33,"[0.14360528745911366, 0.7361289007486289]",1,-1
39860,[0.25901301 0.76294215],39,24,"[0.2219823769694232, 0.7523883708842017]",1,-1
39861,[0.26233139 0.78704307],39,24,"[0.2219823769694232, 0.7523883708842017]",1,-1
39862,[0.15083352 0.75513998],39,33,"[0.14360528745911366, 0.7361289007486289]",1,-1
39863,[0.21793723 0.83751273],39,38,"[0.1833808871148498, 0.824806751753795]",1,-1
39864,[0.16373256 0.73895817],39,33,"[0.14360528745911366, 0.7361289007486289]",1,-1
39865,[0.18973059 0.74807466],39,24,"[0.2219823769694232, 0.7523883708842017]",1,-1
39866,[0.2256785  0.72715622],39,24,"[0.2219823769694232, 0.7523883708842017]",1,14
39867,[0.17280513 0.69366993],39,20,"[0.18632471116193938, 0.6470504651095214]",1,-1
39868,[0.19477343 0.69970945],39,20,"[0.18632471116193938, 0.6470504651095214]",1,13
39869,[0.24561471 0.79325067],39,24,"[0.2219823769694232, 0.7523883708842017]",1,-1
39870,[0.22051318 0.73953425],39,24,"[0.2219823769694232, 0.7523883708842017]",1,14
39871,[0.08617836 0.67478387],39,-1,-1,1,-1
39872,[0.136073   0.70298208],39,33,"[0.14360528745911366, 0.7361289007486289]",1,-1
39873,[0.20282202 0.70877481],39,24,"[0.2219823769694232, 0.7523883708842017]",1,-1
39874,[0.12698047 0.8013406 ],39,38,"[0.1833808871148498, 0.824806751753795]",1,-1
39875,[0.24703609 0.67467063],39,8,"[0.26852263019242567, 0.6890353589332484]",1,-1
39876,[0.25205322 0.67260583],39,8,"[0.26852263019242567, 0.6890353589332484]",1,-1
39877,[0.1451214  0.73325026],39,33,"[0.14360528745911366, 0.7361289007486289]",1,-1
39878,[0.14079224 0.78754962],39,33,"[0.14360528745911366, 0.7361289007486289]",1,-1
39879,[0.19097869 0.78660875],39,38,"[0.1833808871148498, 0.824806751753795]",1,-1
39880,[0.25661315 0.76206105],39,24,"[0.2219823769694232, 0.7523883708842017]",1,-1
39881,[0.14474282 0.79987577],39,38,"[0.1833808871148498, 0.824806751753795]",1,-1
39882,[0.15744709 0.63077379],39,20,"[0.18632471116193938, 0.6470504651095214]",1,-1
39883,[0.31948371 0.65337377],39,19,"[0.3585209611110644, 0.671407469606326]",1,-1
39884,[0.20422305 0.63801166],39,20,"[0.18632471116193938, 0.6470504651095214]",1,-1
39885,[0.25772515 0.74563422],39,24,"[0.2219823769694232, 0.7523883708842017]",1,-1
39886,[0.1172582  0.75887176],39,33,"[0.14360528745911366, 0.7361289007486289]",1,-1
39887,[0.22325403 0.73512369],39,24,"[0.2219823769694232, 0.7523883708842017]",1,14
39888,[0.20980314 0.66816164],39,20,"[0.18632471116193938, 0.6470504651095214]",1,-1
39889,[0.11572416 0.68847692],39,33,"[0.14360528745911366, 0.7361289007486289]",1,-1
39890,[0.05046058 0.75895342],39,-1,-1,1,-1
39891,[0.15008796 0.72943135],39,33,"[0.14360528745911366, 0.7361289007486289]",1,-1
39892,[0.14816462 0.75707252],39,33,"[0.14360528745911366, 0.7361289007486289]",1,-1
39893,[0.01955473 0.73745874],39,-1,-1,-1,-1
39894,[0.24221402 0.7713058 ],39,24,"[0.2219823769694232, 0.7523883708842017]",1,-1
39895,[0.21696563 0.69724336],39,8,"[0.26852263019242567, 0.6890353589332484]",1,-1
39896,[0.18168199 0.75926779],39,24,"[0.2219823769694232, 0.7523883708842017]",1,-1
39897,[0.01448147 0.79665388],39,-1,-1,-1,-1
39898,[0.17764702 0.69112432],39,20,"[0.18632471116193938, 0.6470504651095214]",1,-1
39899,[0.17193334 0.63946995],39,20,"[0.18632471116193938, 0.6470504651095214]",1,-1
39900,[0.20660921 0.79624422],39,38,"[0.1833808871148498, 0.824806751753795]",1,-1
39901,[0.13597449 0.57888795],39,49,"[0.14893778703439292, 0.5666898184239806]",1,-1
39902,[0.32631226 0.73237735],39,19,"[0.3585209611110644, 0.671407469606326]",1,-1
39903,[0.06214863 0.76931238],39,-1,-1,-1,-1
39904,[0.26329518 0.65823284],39,8,"[0.26852263019242567, 0.6890353589332484]",1,-1
39905,[0.22023377 0.77739444],39,24,"[0.2219823769694232, 0.7523883708842017]",1,-1
39906,[0.17120763 0.6721876 ],39,20,"[0.18632471116193938, 0.6470504651095214]",1,-1
39907,[0.15316619 0.73503593],39,33,"[0.14360528745911366, 0.7361289007486289]",1,-1
39908,[0.15973489 0.81013496],39,38,"[0.1833808871148498, 0.824806751753795]",1,-1
39909,[0.21530351 0.77276292],39,24,"[0.2219823769694232, 0.7523883708842017]",1,-1
39910,[0.22687795 0.75894292],39,24,"[0.2219823769694232, 0.7523883708842017]",1,-1
39911,[0.13441331 0.77753925],39,33,"[0.14360528745911366, 0.7361289007486289]",1,-1
39912,[0.23826468 0.77375732],39,24,"[0.2219823769694232, 0.7523883708842017]",1,-1
39913,[0.15537647 0.72474132],39,33,"[0.14360528745911366, 0.7361289007486289]",1,-1
39914,[0.22072422 0.65058142],39,20,"[0.18632471116193938, 0.6470504651095214]",1,-1
39915,[0.16296426 0.63075757],39,20,"[0.18632471116193938, 0.6470504651095214]",1,-1
39916,[0.15811732 0.66591453],39,20,"[0.18632471116193938, 0.6470504651095214]",1,-1
39917,[0.16766855 0.64251554],39,20,"[0.18632471116193938, 0.6470504651095214]",1,-1
39918,[0.17445868 0.71936357],39,33,"[0.14360528745911366, 0.7361289007486289]",1,-1
39919,[0.19326129 0.70880911],39,24,"[0.2219823769694232, 0.7523883708842017]",1,-1
39920,[0.15733087 0.72865682],39,33,"[0.14360528745911366, 0.7361289007486289]",1,-1
39921,[0.17481398 0.70600001],39,33,"[0.14360528745911366, 0.7361289007486289]",1,-1
39922,[0.23780673 0.74142436],39,24,"[0.2219823769694232, 0.7523883708842017]",1,-1
39923,[0.11524902 0.68874763],39,33,"[0.14360528745911366, 0.7361289007486289]",1,-1
39924,[0.16057067 0.6955387 ],39,33,"[0.14360528745911366, 0.7361289007486289]",1,-1
39925,[0.19016771 0.79563644],39,38,"[0.1833808871148498, 0.824806751753795]",1,-1
39926,[0.15313107 0.61112129],39,49,"[0.14893778703439292, 0.5666898184239806]",1,-1
39927,[0.06780659 0.66774359],39,-1,-1,-1,-1
39928,[0.13587888 0.69163697],39,33,"[0.14360528745911366, 0.7361289007486289]",1,-1
39929,[0.15984384 0.73124834],39,33,"[0.14360528745911366, 0.7361289007486289]",1,-1
39930,[0.15655905 0.65881391],39,20,"[0.18632471116193938, 0.6470504651095214]",1,-1
39931,[0.18957556 0.71472833],39,24,"[0.2219823769694232, 0.7523883708842017]",1,-1
39932,[0.24578641 0.78958702],39,24,"[0.2219823769694232, 0.7523883708842017]",1,-1
39933,[0.23604682 0.75919598],39,24,"[0.2219823769694232, 0.7523883708842017]",1,-1
39934,[0.14362483 0.72004282],39,33,"[0.14360528745911366, 0.7361289007486289]",1,-1
39935,[0.09237745 0.66212086],39,-1,-1,1,-1
39936,[0.18761292 0.69463034],39,20,"[0.18632471116193938, 0.6470504651095214]",1,-1
39937,[0.22057498 0.73315092],39,24,"[0.2219823769694232, 0.7523883708842017]",1,14
39938,[0.23946831 0.79587145],39,24,"[0.2219823769694232, 0.7523883708842017]",1,-1
39939,[0.22107353 0.67045627],39,20,"[0.18632471116193938, 0.6470504651095214]",1,15
39940,[0.1525454  0.75581998],39,33,"[0.14360528745911366, 0.7361289007486289]",1,-1
39941,[0.23895155 0.64538938],39,40,"[0.24325605379412626, 0.6063462149687255]",1,-1
39942,[0.17784443 0.70123439],39,33,"[0.14360528745911366, 0.7361289007486289]",1,-1
39943,[0.17980414 0.66183168],39,20,"[0.18632471116193938, 0.6470504651095214]",1,-1
39944,[0.17219414 0.683809  ],39,20,"[0.18632471116193938, 0.6470504651095214]",1,-1
39945,[0.17269603 0.60975878],39,20,"[0.18632471116193938, 0.6470504651095214]",1,-1
39946,[0.22003459 0.70729928],39,24,"[0.2219823769694232, 0.7523883708842017]",1,14
39947,[0.18752244 0.69713116],39,20,"[0.18632471116193938, 0.6470504651095214]",1,-1
39948,[0.1762968  0.70575205],39,33,"[0.14360528745911366, 0.7361289007486289]",1,-1
39949,[0.18145849 0.6366878 ],39,20,"[0.18632471116193938, 0.6470504651095214]",1,-1
39950,[0.14876204 0.78401389],39,33,"[0.14360528745911366, 0.7361289007486289]",1,-1
39951,[0.15540839 0.71484598],39,33,"[0.14360528745911366, 0.7361289007486289]",1,-1
39952,[0.18820883 0.6978201 ],39,20,"[0.18632471116193938, 0.6470504651095214]",1,-1
39953,[0.19027371 0.67407462],39,20,"[0.18632471116193938, 0.6470504651095214]",1,-1
39954,[0.18817179 0.75126005],39,24,"[0.2219823769694232, 0.7523883708842017]",1,-1
39955,[0.14208985 0.62624758],39,20,"[0.18632471116193938, 0.6470504651095214]",1,-1
39956,[0.13174195 0.77457596],39,33,"[0.14360528745911366, 0.7361289007486289]",1,-1
39957,[0.340925   0.64868033],39,19,"[0.3585209611110644, 0.671407469606326]",1,-1
39958,[0.23625003 0.79424739],39,24,"[0.2219823769694232, 0.7523883708842017]",1,-1
39959,[0.29445057 0.68377483],39,8,"[0.26852263019242567, 0.6890353589332484]",1,-1
39960,[0.14439682 0.72868834],39,33,"[0.14360528745911366, 0.7361289007486289]",1,-1
39961,[0.19121983 0.66364348],39,20,"[0.18632471116193938, 0.6470504651095214]",1,-1
39962,[0.15728823 0.78979305],39,38,"[0.1833808871148498, 0.824806751753795]",1,-1
39963,[0.15061487 0.68623981],39,33,"[0.14360528745911366, 0.7361289007486289]",1,-1
39964,[0.16069014 0.70519103],39,33,"[0.14360528745911366, 0.7361289007486289]",1,-1
39965,[0.16245612 0.6795659 ],39,20,"[0.18632471116193938, 0.6470504651095214]",1,-1
39966,[0.15152966 0.69283685],39,33,"[0.14360528745911366, 0.7361289007486289]",1,-1
39967,[0.20084805 0.74381823],39,24,"[0.2219823769694232, 0.7523883708842017]",1,-1
39968,[0.10425395 0.79764199],39,-1,-1,1,-1
39969,[0.14753154 0.71189786],39,33,"[0.14360528745911366, 0.7361289007486289]",1,-1
39970,[0.0659601  0.68946049],39,-1,-1,1,-1
39971,[0.31858805 0.62158466],39,44,"[0.30505443145580996, 0.5938366826632161]",1,-1
39972,[0.1767982  0.70224149],39,33,"[0.14360528745911366, 0.7361289007486289]",1,-1
39973,[0.24317291 0.68358585],39,8,"[0.26852263019242567, 0.6890353589332484]",1,-1
39974,[0.16893845 0.70852664],39,33,"[0.14360528745911366, 0.7361289007486289]",1,-1
39975,[0.15390387 0.73167816],39,33,"[0.14360528745911366, 0.7361289007486289]",1,-1
39976,[0.15977297 0.80771595],39,38,"[0.1833808871148498, 0.824806751753795]",1,-1
39977,[0.29141914 0.70426713],39,8,"[0.26852263019242567, 0.6890353589332484]",1,18
39978,[0.15995595 0.67306214],39,20,"[0.18632471116193938, 0.6470504651095214]",1,-1
39979,[0.1997162  0.75625299],39,24,"[0.2219823769694232, 0.7523883708842017]",1,-1
39980,[0.25728302 0.70123049],39,8,"[0.26852263019242567, 0.6890353589332484]",1,-1
39981,[0.20789936 0.70189379],39,24,"[0.2219823769694232, 0.7523883708842017]",1,-1
39982,[0.23643913 0.68592748],39,8,"[0.26852263019242567, 0.6890353589332484]",1,15
39983,[0.1476216 0.7062375],39,33,"[0.14360528745911366, 0.7361289007486289]",1,-1
39984,[0.08808703 0.5998823 ],39,49,"[0.14893778703439292, 0.5666898184239806]",1,-1
39985,[0.10587941 0.73231506],39,33,"[0.14360528745911366, 0.7361289007486289]",1,-1
39986,[0.23301155 0.78396212],39,24,"[0.2219823769694232, 0.7523883708842017]",1,-1
39987,[0.33040777 0.83207701],39,12,"[0.3169063637449832, 0.8033325636066986]",1,-1
39988,[0.15055037 0.59460582],39,49,"[0.14893778703439292, 0.5666898184239806]",1,-1
39989,[0.17999708 0.65758286],39,20,"[0.18632471116193938, 0.6470504651095214]",1,-1
39990,[0.19554762 0.67671523],39,20,"[0.18632471116193938, 0.6470504651095214]",1,-1
39991,[0.15184046 0.6667255 ],39,20,"[0.18632471116193938, 0.6470504651095214]",1,-1
39992,[0.27892977 0.69606964],39,8,"[0.26852263019242567, 0.6890353589332484]",1,18
39993,[0.26648517 0.70016158],39,8,"[0.26852263019242567, 0.6890353589332484]",1,-1
39994,[0.18470729 0.7196062 ],39,33,"[0.14360528745911366, 0.7361289007486289]",1,-1
39995,[0.17100912 0.76036257],39,33,"[0.14360528745911366, 0.7361289007486289]",1,-1
39996,[0.10581757 0.68499415],39,33,"[0.14360528745911366, 0.7361289007486289]",1,-1
39997,[0.14066248 0.65415406],39,20,"[0.18632471116193938, 0.6470504651095214]",1,-1
39998,[0.19805304 0.67993431],39,20,"[0.18632471116193938, 0.6470504651095214]",1,-1
39999,[0.20681106 0.71050466],39,24,"[0.2219823769694232, 0.7523883708842017]",1,14
40000,[0.64525559 0.54399934],40,10,"[0.6101257152780476, 0.5394800330734051]",1,-1
40001,[0.60061062 0.4010155 ],40,27,"[0.5866068271601823, 0.4386408725933068]",1,-1
40002,[0.68678137 0.26847559],40,29,"[0.7250576817720672, 0.30126581813471415]",1,-1
40003,[0.70799671 0.30462576],40,29,"[0.7250576817720672, 0.30126581813471415]",1,-1
40004,[0.64102195 0.41279441],40,28,"[0.6409610568572724, 0.3943628717562158]",1,-1
40005,[0.68740659 0.39006187],40,30,"[0.6934973256581222, 0.4131681772802667]",1,-1
40006,[0.65686907 0.43527199],40,30,"[0.6934973256581222, 0.4131681772802667]",1,56
40007,[0.66536791 0.47228522],40,26,"[0.6734889003123068, 0.4756404454441684]",1,-1
40008,[0.68625855 0.3641532 ],40,30,"[0.6934973256581222, 0.4131681772802667]",1,-1
40009,[0.65459429 0.43157923],40,28,"[0.6409610568572724, 0.3943628717562158]",1,56
40010,[0.65819135 0.36708235],40,28,"[0.6409610568572724, 0.3943628717562158]",1,-1
40011,[0.71582948 0.38882219],40,30,"[0.6934973256581222, 0.4131681772802667]",1,-1
40012,[0.697387   0.46582756],40,26,"[0.6734889003123068, 0.4756404454441684]",1,-1
40013,[0.61673864 0.38404993],40,28,"[0.6409610568572724, 0.3943628717562158]",1,-1
40014,[0.68988494 0.41845012],40,30,"[0.6934973256581222, 0.4131681772802667]",1,57
40015,[0.64345222 0.46990325],40,26,"[0.6734889003123068, 0.4756404454441684]",1,-1
40016,[0.62413991 0.45240383],40,27,"[0.5866068271601823, 0.4386408725933068]",1,-1
40017,[0.72929249 0.407424  ],40,30,"[0.6934973256581222, 0.4131681772802667]",1,-1
40018,[0.65611114 0.41124275],40,28,"[0.6409610568572724, 0.3943628717562158]",1,-1
40019,[0.6029081  0.46075805],40,27,"[0.5866068271601823, 0.4386408725933068]",1,-1
40020,[0.64063604 0.42080408],40,28,"[0.6409610568572724, 0.3943628717562158]",1,-1
40021,[0.57560926 0.34631645],40,46,"[0.5877940429991866, 0.34550221910317963]",1,-1
40022,[0.65283738 0.42345468],40,28,"[0.6409610568572724, 0.3943628717562158]",1,-1
40023,[0.71252611 0.39568684],40,30,"[0.6934973256581222, 0.4131681772802667]",1,-1
40024,[0.60687361 0.44857561],40,27,"[0.5866068271601823, 0.4386408725933068]",1,-1
40025,[0.63086011 0.40001191],40,28,"[0.6409610568572724, 0.3943628717562158]",1,-1
40026,[0.62266212 0.35982662],40,46,"[0.5877940429991866, 0.34550221910317963]",1,-1
40027,[0.59163972 0.36615712],40,46,"[0.5877940429991866, 0.34550221910317963]",1,-1
40028,[0.58603996 0.37835287],40,46,"[0.5877940429991866, 0.34550221910317963]",1,-1
40029,[0.73839921 0.42210653],40,32,"[0.7535856051996079, 0.45307884495298306]",1,54
40030,[0.74601257 0.42272639],40,32,"[0.7535856051996079, 0.45307884495298306]",1,-1
40031,[0.71565849 0.4676826 ],40,32,"[0.7535856051996079, 0.45307884495298306]",1,52
40032,[0.66913408 0.39802963],40,28,"[0.6409610568572724, 0.3943628717562158]",1,57
40033,[0.75851896 0.41192843],40,42,"[0.765559566045806, 0.37716611859716387]",1,-1
40034,[0.79388238 0.41525678],40,42,"[0.765559566045806, 0.37716611859716387]",1,-1
40035,[0.57910491 0.49882265],40,10,"[0.6101257152780476, 0.5394800330734051]",1,-1
40036,[0.54678786 0.32794723],40,46,"[0.5877940429991866, 0.34550221910317963]",1,-1
40037,[0.69477574 0.43524461],40,30,"[0.6934973256581222, 0.4131681772802667]",1,-1
40038,[0.65864628 0.39809421],40,28,"[0.6409610568572724, 0.3943628717562158]",1,-1
40039,[0.56817751 0.41905351],40,27,"[0.5866068271601823, 0.4386408725933068]",1,-1
40040,[0.6853892  0.36576404],40,30,"[0.6934973256581222, 0.4131681772802667]",1,-1
40041,[0.64331943 0.37747928],40,28,"[0.6409610568572724, 0.3943628717562158]",1,-1
40042,[0.60434821 0.46101698],40,27,"[0.5866068271601823, 0.4386408725933068]",1,-1
40043,[0.66080837 0.40671867],40,28,"[0.6409610568572724, 0.3943628717562158]",1,-1
40044,[0.56937331 0.37064108],40,46,"[0.5877940429991866, 0.34550221910317963]",1,-1
40045,[0.64806633 0.47450872],40,26,"[0.6734889003123068, 0.4756404454441684]",1,-1
40046,[0.72646229 0.39120928],40,30,"[0.6934973256581222, 0.4131681772802667]",1,-1
40047,[0.61743959 0.31220713],40,46,"[0.5877940429991866, 0.34550221910317963]",1,-1
40048,[0.71843161 0.37198595],40,42,"[0.765559566045806, 0.37716611859716387]",1,-1
40049,[0.70619276 0.44071011],40,30,"[0.6934973256581222, 0.4131681772802667]",1,-1
40050,[0.73633745 0.48246406],40,32,"[0.7535856051996079, 0.45307884495298306]",1,43
40051,[0.71224596 0.42653625],40,30,"[0.6934973256581222, 0.4131681772802667]",1,-1
40052,[0.67443031 0.34438083],40,28,"[0.6409610568572724, 0.3943628717562158]",1,-1
40053,[0.69866272 0.41681924],40,30,"[0.6934973256581222, 0.4131681772802667]",1,-1
40054,[0.65152205 0.34432296],40,28,"[0.6409610568572724, 0.3943628717562158]",1,-1
40055,[0.60812957 0.3507286 ],40,46,"[0.5877940429991866, 0.34550221910317963]",1,-1
40056,[0.64103162 0.38264731],40,28,"[0.6409610568572724, 0.3943628717562158]",1,-1
40057,[0.55344103 0.37752469],40,46,"[0.5877940429991866, 0.34550221910317963]",1,-1
40058,[0.60043479 0.34610819],40,46,"[0.5877940429991866, 0.34550221910317963]",1,-1
40059,[0.75844704 0.36951855],40,42,"[0.765559566045806, 0.37716611859716387]",1,-1
40060,[0.73511192 0.36137155],40,42,"[0.765559566045806, 0.37716611859716387]",1,-1
40061,[0.65339098 0.43720441],40,26,"[0.6734889003123068, 0.4756404454441684]",1,56
40062,[0.72515735 0.39892381],40,30,"[0.6934973256581222, 0.4131681772802667]",1,-1
40063,[0.61169613 0.36356347],40,46,"[0.5877940429991866, 0.34550221910317963]",1,-1
40064,[0.7434755  0.32435165],40,29,"[0.7250576817720672, 0.30126581813471415]",1,-1
40065,[0.67430999 0.38634747],40,30,"[0.6934973256581222, 0.4131681772802667]",1,-1
40066,[0.72292042 0.46001337],40,32,"[0.7535856051996079, 0.45307884495298306]",1,-1
40067,[0.62508419 0.38925525],40,28,"[0.6409610568572724, 0.3943628717562158]",1,-1
40068,[0.66434597 0.4317624 ],40,30,"[0.6934973256581222, 0.4131681772802667]",1,56
40069,[0.6191236  0.40995127],40,28,"[0.6409610568572724, 0.3943628717562158]",1,-1
40070,[0.65250316 0.34911851],40,28,"[0.6409610568572724, 0.3943628717562158]",1,-1
40071,[0.58698012 0.43888876],40,27,"[0.5866068271601823, 0.4386408725933068]",1,-1
40072,[0.6851967  0.42127835],40,30,"[0.6934973256581222, 0.4131681772802667]",1,57
40073,[0.61454936 0.40988298],40,28,"[0.6409610568572724, 0.3943628717562158]",1,58
40074,[0.66837303 0.45748002],40,26,"[0.6734889003123068, 0.4756404454441684]",1,-1
40075,[0.75730209 0.46729429],40,32,"[0.7535856051996079, 0.45307884495298306]",1,-1
40076,[0.6388701  0.39083351],40,28,"[0.6409610568572724, 0.3943628717562158]",1,-1
40077,[0.58724128 0.45921972],40,27,"[0.5866068271601823, 0.4386408725933068]",1,-1
40078,[0.74748822 0.41789075],40,32,"[0.7535856051996079, 0.45307884495298306]",1,-1
40079,[0.78127431 0.44050246],40,32,"[0.7535856051996079, 0.45307884495298306]",1,-1
40080,[0.62744959 0.39048752],40,28,"[0.6409610568572724, 0.3943628717562158]",1,-1
40081,[0.60801211 0.31376592],40,46,"[0.5877940429991866, 0.34550221910317963]",1,-1
40082,[0.73078535 0.43762004],40,32,"[0.7535856051996079, 0.45307884495298306]",1,54
40083,[0.67016296 0.37144795],40,28,"[0.6409610568572724, 0.3943628717562158]",1,-1
40084,[0.63306098 0.47870021],40,26,"[0.6734889003123068, 0.4756404454441684]",1,-1
40085,[0.65451749 0.33605923],40,28,"[0.6409610568572724, 0.3943628717562158]",1,-1
40086,[0.66953664 0.39346955],40,28,"[0.6409610568572724, 0.3943628717562158]",1,57
40087,[0.76792576 0.43689447],40,32,"[0.7535856051996079, 0.45307884495298306]",1,-1
40088,[0.5927725  0.43100382],40,27,"[0.5866068271601823, 0.4386408725933068]",1,-1
40089,[0.66432424 0.42628545],40,30,"[0.6934973256581222, 0.4131681772802667]",1,56
40090,[0.71858856 0.37943516],40,30,"[0.6934973256581222, 0.4131681772802667]",1,-1
40091,[0.69803895 0.39563376],40,30,"[0.6934973256581222, 0.4131681772802667]",1,57
40092,[0.64347196 0.41216062],40,28,"[0.6409610568572724, 0.3943628717562158]",1,-1
40093,[0.66872773 0.42160964],40,30,"[0.6934973256581222, 0.4131681772802667]",1,56
40094,[0.74146645 0.43312893],40,32,"[0.7535856051996079, 0.45307884495298306]",1,-1
40095,[0.63208527 0.37691119],40,28,"[0.6409610568572724, 0.3943628717562158]",1,-1
40096,[0.65753347 0.41727843],40,28,"[0.6409610568572724, 0.3943628717562158]",1,-1
40097,[0.66698746 0.42028455],40,30,"[0.6934973256581222, 0.4131681772802667]",1,56
40098,[0.68217838 0.38934732],40,30,"[0.6934973256581222, 0.4131681772802667]",1,-1
40099,[0.64132514 0.43528401],40,28,"[0.6409610568572724, 0.3943628717562158]",1,-1
40100,[0.65848628 0.38653675],40,28,"[0.6409610568572724, 0.3943628717562158]",1,-1
40101,[0.70017109 0.39185206],40,30,"[0.6934973256581222, 0.4131681772802667]",1,-1
40102,[0.63256282 0.3395539 ],40,46,"[0.5877940429991866, 0.34550221910317963]",1,-1
40103,[0.60781895 0.38609825],40,28,"[0.6409610568572724, 0.3943628717562158]",1,-1
40104,[0.7314075  0.40215521],40,30,"[0.6934973256581222, 0.4131681772802667]",1,-1
40105,[0.60496522 0.40356762],40,28,"[0.6409610568572724, 0.3943628717562158]",1,-1
40106,[0.62660289 0.33732963],40,46,"[0.5877940429991866, 0.34550221910317963]",1,-1
40107,[0.68250289 0.38581153],40,30,"[0.6934973256581222, 0.4131681772802667]",1,-1
40108,[0.68735668 0.32496209],40,29,"[0.7250576817720672, 0.30126581813471415]",1,-1
40109,[0.74600302 0.39686181],40,42,"[0.765559566045806, 0.37716611859716387]",1,-1
40110,[0.625482   0.37034254],40,28,"[0.6409610568572724, 0.3943628717562158]",1,-1
40111,[0.77557999 0.37408797],40,42,"[0.765559566045806, 0.37716611859716387]",1,-1
40112,[0.57651115 0.42306793],40,27,"[0.5866068271601823, 0.4386408725933068]",1,-1
40113,[0.66382201 0.48330422],40,26,"[0.6734889003123068, 0.4756404454441684]",1,-1
40114,[0.69979316 0.33360671],40,29,"[0.7250576817720672, 0.30126581813471415]",1,-1
40115,[0.70354594 0.39368879],40,30,"[0.6934973256581222, 0.4131681772802667]",1,57
40116,[0.60739294 0.36227996],40,46,"[0.5877940429991866, 0.34550221910317963]",1,-1
40117,[0.62589676 0.38304255],40,28,"[0.6409610568572724, 0.3943628717562158]",1,-1
40118,[0.67420299 0.40353563],40,30,"[0.6934973256581222, 0.4131681772802667]",1,57
40119,[0.63226779 0.4049891 ],40,28,"[0.6409610568572724, 0.3943628717562158]",1,57
40120,[0.61371693 0.41619799],40,28,"[0.6409610568572724, 0.3943628717562158]",1,-1
40121,[0.67622128 0.38539644],40,30,"[0.6934973256581222, 0.4131681772802667]",1,-1
40122,[0.61981347 0.47765155],40,27,"[0.5866068271601823, 0.4386408725933068]",1,-1
40123,[0.69228912 0.44691615],40,30,"[0.6934973256581222, 0.4131681772802667]",1,-1
40124,[0.66944537 0.32153405],40,29,"[0.7250576817720672, 0.30126581813471415]",1,-1
40125,[0.80217717 0.42244731],40,14,"[0.8486155699332081, 0.42850029565542425]",1,-1
40126,[0.64874192 0.490016  ],40,26,"[0.6734889003123068, 0.4756404454441684]",1,-1
40127,[0.72727818 0.4298838 ],40,32,"[0.7535856051996079, 0.45307884495298306]",1,54
40128,[0.62638653 0.40302503],40,28,"[0.6409610568572724, 0.3943628717562158]",1,-1
40129,[0.66528244 0.46549445],40,26,"[0.6734889003123068, 0.4756404454441684]",1,-1
40130,[0.68211382 0.4024016 ],40,30,"[0.6934973256581222, 0.4131681772802667]",1,-1
40131,[0.62857215 0.37503417],40,28,"[0.6409610568572724, 0.3943628717562158]",1,-1
40132,[0.7347231  0.43304921],40,32,"[0.7535856051996079, 0.45307884495298306]",1,-1
40133,[0.73947672 0.40298455],40,42,"[0.765559566045806, 0.37716611859716387]",1,-1
40134,[0.68067817 0.38202636],40,30,"[0.6934973256581222, 0.4131681772802667]",1,-1
40135,[0.73503306 0.42404473],40,32,"[0.7535856051996079, 0.45307884495298306]",1,54
40136,[0.57961585 0.41116438],40,27,"[0.5866068271601823, 0.4386408725933068]",1,-1
40137,[0.65853323 0.40847602],40,28,"[0.6409610568572724, 0.3943628717562158]",1,-1
40138,[0.70598793 0.34871896],40,29,"[0.7250576817720672, 0.30126581813471415]",1,-1
40139,[0.6507666  0.46277708],40,26,"[0.6734889003123068, 0.4756404454441684]",1,-1
40140,[0.60251066 0.43476388],40,27,"[0.5866068271601823, 0.4386408725933068]",1,-1
40141,[0.65307204 0.41582602],40,28,"[0.6409610568572724, 0.3943628717562158]",1,-1
40142,[0.68162372 0.32602229],40,29,"[0.7250576817720672, 0.30126581813471415]",1,-1
40143,[0.67559628 0.47776483],40,26,"[0.6734889003123068, 0.4756404454441684]",1,-1
40144,[0.60198685 0.39051161],40,28,"[0.6409610568572724, 0.3943628717562158]",1,-1
40145,[0.62515986 0.33713029],40,46,"[0.5877940429991866, 0.34550221910317963]",1,-1
40146,[0.69189293 0.43021252],40,30,"[0.6934973256581222, 0.4131681772802667]",1,-1
40147,[0.67912719 0.45791944],40,26,"[0.6734889003123068, 0.4756404454441684]",1,-1
40148,[0.73674729 0.42313024],40,32,"[0.7535856051996079, 0.45307884495298306]",1,54
40149,[0.73438203 0.41181043],40,30,"[0.6934973256581222, 0.4131681772802667]",1,-1
40150,[0.71222113 0.32464913],40,29,"[0.7250576817720672, 0.30126581813471415]",1,-1
40151,[0.60464052 0.37683404],40,46,"[0.5877940429991866, 0.34550221910317963]",1,-1
40152,[0.75827773 0.44603975],40,32,"[0.7535856051996079, 0.45307884495298306]",1,-1
40153,[0.6994091  0.43604346],40,30,"[0.6934973256581222, 0.4131681772802667]",1,-1
40154,[0.69098561 0.43455103],40,30,"[0.6934973256581222, 0.4131681772802667]",1,-1
40155,[0.69846634 0.25079959],40,29,"[0.7250576817720672, 0.30126581813471415]",1,-1
40156,[0.6724439  0.34383163],40,28,"[0.6409610568572724, 0.3943628717562158]",1,-1
40157,[0.6574453  0.28637618],40,29,"[0.7250576817720672, 0.30126581813471415]",1,-1
40158,[0.57212535 0.38183802],40,46,"[0.5877940429991866, 0.34550221910317963]",1,-1
40159,[0.62000812 0.4100972 ],40,28,"[0.6409610568572724, 0.3943628717562158]",1,58
40160,[0.68173501 0.39116026],40,30,"[0.6934973256581222, 0.4131681772802667]",1,-1
40161,[0.65949189 0.42823192],40,30,"[0.6934973256581222, 0.4131681772802667]",1,56
40162,[0.63945485 0.43876499],40,28,"[0.6409610568572724, 0.3943628717562158]",1,-1
40163,[0.65373201 0.46200627],40,26,"[0.6734889003123068, 0.4756404454441684]",1,-1
40164,[0.65375184 0.37773538],40,28,"[0.6409610568572724, 0.3943628717562158]",1,-1
40165,[0.68406986 0.49751072],40,26,"[0.6734889003123068, 0.4756404454441684]",1,-1
40166,[0.65325484 0.3567577 ],40,28,"[0.6409610568572724, 0.3943628717562158]",1,-1
40167,[0.69702135 0.50334114],40,26,"[0.6734889003123068, 0.4756404454441684]",1,-1
40168,[0.59839004 0.46536046],40,27,"[0.5866068271601823, 0.4386408725933068]",1,-1
40169,[0.62239945 0.41947923],40,28,"[0.6409610568572724, 0.3943628717562158]",1,-1
40170,[0.6643442 0.3671636],40,28,"[0.6409610568572724, 0.3943628717562158]",1,-1
40171,[0.6905421  0.32947757],40,29,"[0.7250576817720672, 0.30126581813471415]",1,-1
40172,[0.63135059 0.49754777],40,10,"[0.6101257152780476, 0.5394800330734051]",1,-1
40173,[0.77274501 0.40305327],40,42,"[0.765559566045806, 0.37716611859716387]",1,-1
40174,[0.63454347 0.49579169],40,26,"[0.6734889003123068, 0.4756404454441684]",1,-1
40175,[0.65193969 0.34674159],40,28,"[0.6409610568572724, 0.3943628717562158]",1,-1
40176,[0.6414228  0.32017363],40,46,"[0.5877940429991866, 0.34550221910317963]",1,-1
40177,[0.69763828 0.36637835],40,30,"[0.6934973256581222, 0.4131681772802667]",1,-1
40178,[0.75816104 0.36582982],40,42,"[0.765559566045806, 0.37716611859716387]",1,-1
40179,[0.66066134 0.39166299],40,28,"[0.6409610568572724, 0.3943628717562158]",1,57
40180,[0.70657668 0.44200414],40,30,"[0.6934973256581222, 0.4131681772802667]",1,-1
40181,[0.69270704 0.42636133],40,30,"[0.6934973256581222, 0.4131681772802667]",1,57
40182,[0.66532577 0.41807581],40,30,"[0.6934973256581222, 0.4131681772802667]",1,-1
40183,[0.62169562 0.46620024],40,27,"[0.5866068271601823, 0.4386408725933068]",1,-1
40184,[0.68918035 0.39716077],40,30,"[0.6934973256581222, 0.4131681772802667]",1,-1
40185,[0.62493892 0.37485438],40,28,"[0.6409610568572724, 0.3943628717562158]",1,-1
40186,[0.68966854 0.41061592],40,30,"[0.6934973256581222, 0.4131681772802667]",1,57
40187,[0.67324931 0.4181294 ],40,30,"[0.6934973256581222, 0.4131681772802667]",1,-1
40188,[0.62414767 0.33742739],40,46,"[0.5877940429991866, 0.34550221910317963]",1,-1
40189,[0.61592044 0.39606703],40,28,"[0.6409610568572724, 0.3943628717562158]",1,-1
40190,[0.6180949 0.4861956],40,10,"[0.6101257152780476, 0.5394800330734051]",1,34
40191,[0.74156072 0.46487008],40,32,"[0.7535856051996079, 0.45307884495298306]",1,43
40192,[0.69436707 0.35339803],40,30,"[0.6934973256581222, 0.4131681772802667]",1,-1
40193,[0.73153899 0.34567155],40,29,"[0.7250576817720672, 0.30126581813471415]",1,-1
40194,[0.61952948 0.45105766],40,27,"[0.5866068271601823, 0.4386408725933068]",1,-1
40195,[0.58643613 0.52383287],40,10,"[0.6101257152780476, 0.5394800330734051]",1,-1
40196,[0.72093284 0.51591106],40,11,"[0.7051682617613192, 0.574171671796882]",1,-1
40197,[0.77076145 0.38091565],40,42,"[0.765559566045806, 0.37716611859716387]",1,-1
40198,[0.65179914 0.35957902],40,28,"[0.6409610568572724, 0.3943628717562158]",1,-1
40199,[0.63440725 0.40872143],40,28,"[0.6409610568572724, 0.3943628717562158]",1,57
40200,[0.56448615 0.37623464],40,46,"[0.5877940429991866, 0.34550221910317963]",1,-1
40201,[0.75825828 0.30996775],40,29,"[0.7250576817720672, 0.30126581813471415]",1,-1
40202,[0.68137326 0.35957305],40,28,"[0.6409610568572724, 0.3943628717562158]",1,-1
40203,[0.66599065 0.44611706],40,26,"[0.6734889003123068, 0.4756404454441684]",1,-1
40204,[0.59833785 0.40911794],40,27,"[0.5866068271601823, 0.4386408725933068]",1,-1
40205,[0.58513671 0.4929854 ],40,10,"[0.6101257152780476, 0.5394800330734051]",1,-1
40206,[0.69063971 0.4228664 ],40,30,"[0.6934973256581222, 0.4131681772802667]",1,-1
40207,[0.63632455 0.31095322],40,46,"[0.5877940429991866, 0.34550221910317963]",1,-1
40208,[0.66673056 0.39108167],40,28,"[0.6409610568572724, 0.3943628717562158]",1,57
40209,[0.63154251 0.41540928],40,28,"[0.6409610568572724, 0.3943628717562158]",1,-1
40210,[0.70804412 0.42390103],40,30,"[0.6934973256581222, 0.4131681772802667]",1,-1
40211,[0.61560023 0.42160007],40,27,"[0.5866068271601823, 0.4386408725933068]",1,-1
40212,[0.65279687 0.41658887],40,28,"[0.6409610568572724, 0.3943628717562158]",1,-1
40213,[0.75029411 0.38694881],40,42,"[0.765559566045806, 0.37716611859716387]",1,-1
40214,[0.64190901 0.40606383],40,28,"[0.6409610568572724, 0.3943628717562158]",1,57
40215,[0.63905972 0.39659243],40,28,"[0.6409610568572724, 0.3943628717562158]",1,-1
40216,[0.69585274 0.40454222],40,30,"[0.6934973256581222, 0.4131681772802667]",1,57
40217,[0.72786133 0.36239255],40,42,"[0.765559566045806, 0.37716611859716387]",1,-1
40218,[0.63433019 0.39914164],40,28,"[0.6409610568572724, 0.3943628717562158]",1,-1
40219,[0.57405051 0.40818101],40,27,"[0.5866068271601823, 0.4386408725933068]",1,-1
40220,[0.71108635 0.39352791],40,30,"[0.6934973256581222, 0.4131681772802667]",1,-1
40221,[0.7754168  0.46107651],40,32,"[0.7535856051996079, 0.45307884495298306]",1,-1
40222,[0.75448228 0.31345102],40,29,"[0.7250576817720672, 0.30126581813471415]",1,-1
40223,[0.73927672 0.47579744],40,32,"[0.7535856051996079, 0.45307884495298306]",1,43
40224,[0.69336631 0.3224301 ],40,29,"[0.7250576817720672, 0.30126581813471415]",1,-1
40225,[0.67527539 0.40623286],40,30,"[0.6934973256581222, 0.4131681772802667]",1,57
40226,[0.67647032 0.4235695 ],40,30,"[0.6934973256581222, 0.4131681772802667]",1,-1
40227,[0.65899628 0.45744323],40,26,"[0.6734889003123068, 0.4756404454441684]",1,-1
40228,[0.61885595 0.44907201],40,27,"[0.5866068271601823, 0.4386408725933068]",1,-1
40229,[0.69704396 0.38552174],40,30,"[0.6934973256581222, 0.4131681772802667]",1,-1
40230,[0.59357364 0.43515381],40,27,"[0.5866068271601823, 0.4386408725933068]",1,-1
40231,[0.73188452 0.35351048],40,42,"[0.765559566045806, 0.37716611859716387]",1,-1
40232,[0.6361049  0.40410868],40,28,"[0.6409610568572724, 0.3943628717562158]",1,-1
40233,[0.69551298 0.46599039],40,26,"[0.6734889003123068, 0.4756404454441684]",1,-1
40234,[0.70081688 0.41719751],40,30,"[0.6934973256581222, 0.4131681772802667]",1,-1
40235,[0.60837247 0.42504062],40,27,"[0.5866068271601823, 0.4386408725933068]",1,-1
40236,[0.72402136 0.43448128],40,32,"[0.7535856051996079, 0.45307884495298306]",1,-1
40237,[0.61964349 0.38053003],40,28,"[0.6409610568572724, 0.3943628717562158]",1,-1
40238,[0.6623715  0.38790063],40,28,"[0.6409610568572724, 0.3943628717562158]",1,-1
40239,[0.76388604 0.42854678],40,32,"[0.7535856051996079, 0.45307884495298306]",1,-1
40240,[0.65965065 0.39636455],40,28,"[0.6409610568572724, 0.3943628717562158]",1,57
40241,[0.70100456 0.44604349],40,30,"[0.6934973256581222, 0.4131681772802667]",1,-1
40242,[0.63208531 0.44352373],40,27,"[0.5866068271601823, 0.4386408725933068]",1,-1
40243,[0.65382508 0.46172459],40,26,"[0.6734889003123068, 0.4756404454441684]",1,-1
40244,[0.63940313 0.48636691],40,26,"[0.6734889003123068, 0.4756404454441684]",1,-1
40245,[0.68198023 0.39639054],40,30,"[0.6934973256581222, 0.4131681772802667]",1,57
40246,[0.73631725 0.44232984],40,32,"[0.7535856051996079, 0.45307884495298306]",1,-1
40247,[0.65928062 0.31602109],40,29,"[0.7250576817720672, 0.30126581813471415]",1,-1
40248,[0.58720391 0.41294945],40,27,"[0.5866068271601823, 0.4386408725933068]",1,-1
40249,[0.65098289 0.37083425],40,28,"[0.6409610568572724, 0.3943628717562158]",1,-1
40250,[0.66088176 0.5088177 ],40,26,"[0.6734889003123068, 0.4756404454441684]",1,-1
40251,[0.69886626 0.45837998],40,26,"[0.6734889003123068, 0.4756404454441684]",1,-1
40252,[0.69582987 0.30717387],40,29,"[0.7250576817720672, 0.30126581813471415]",1,-1
40253,[0.66260919 0.31017575],40,29,"[0.7250576817720672, 0.30126581813471415]",1,-1
40254,[0.67429049 0.40997217],40,30,"[0.6934973256581222, 0.4131681772802667]",1,57
40255,[0.68950221 0.43493583],40,30,"[0.6934973256581222, 0.4131681772802667]",1,-1
40256,[0.67488746 0.35662801],40,28,"[0.6409610568572724, 0.3943628717562158]",1,-1
40257,[0.70799449 0.34636197],40,29,"[0.7250576817720672, 0.30126581813471415]",1,-1
40258,[0.70111631 0.39057688],40,30,"[0.6934973256581222, 0.4131681772802667]",1,-1
40259,[0.67944665 0.42423851],40,30,"[0.6934973256581222, 0.4131681772802667]",1,-1
40260,[0.62140502 0.38849253],40,28,"[0.6409610568572724, 0.3943628717562158]",1,-1
40261,[0.67215973 0.41643001],40,30,"[0.6934973256581222, 0.4131681772802667]",1,-1
40262,[0.73781185 0.41651303],40,32,"[0.7535856051996079, 0.45307884495298306]",1,54
40263,[0.66239595 0.44244392],40,26,"[0.6734889003123068, 0.4756404454441684]",1,-1
40264,[0.67352311 0.48641868],40,26,"[0.6734889003123068, 0.4756404454441684]",1,-1
40265,[0.68382359 0.39510135],40,30,"[0.6934973256581222, 0.4131681772802667]",1,-1
40266,[0.70607404 0.43693801],40,30,"[0.6934973256581222, 0.4131681772802667]",1,-1
40267,[0.71121506 0.43184546],40,30,"[0.6934973256581222, 0.4131681772802667]",1,-1
40268,[0.6805135  0.46478965],40,26,"[0.6734889003123068, 0.4756404454441684]",1,-1
40269,[0.75080244 0.4509521 ],40,32,"[0.7535856051996079, 0.45307884495298306]",1,-1
40270,[0.64780235 0.4470839 ],40,26,"[0.6734889003123068, 0.4756404454441684]",1,-1
40271,[0.70976323 0.35253681],40,29,"[0.7250576817720672, 0.30126581813471415]",1,-1
40272,[0.60993033 0.3915668 ],40,28,"[0.6409610568572724, 0.3943628717562158]",1,-1
40273,[0.62110071 0.34959525],40,46,"[0.5877940429991866, 0.34550221910317963]",1,-1
40274,[0.6933481  0.35479956],40,30,"[0.6934973256581222, 0.4131681772802667]",1,-1
40275,[0.7787694  0.34619627],40,42,"[0.765559566045806, 0.37716611859716387]",1,-1
40276,[0.60849449 0.38458896],40,28,"[0.6409610568572724, 0.3943628717562158]",1,-1
40277,[0.76984622 0.49924091],40,3,"[0.8068810957052946, 0.5180547120844742]",1,-1
40278,[0.62601275 0.38554442],40,28,"[0.6409610568572724, 0.3943628717562158]",1,-1
40279,[0.60451629 0.41515159],40,27,"[0.5866068271601823, 0.4386408725933068]",1,-1
40280,[0.59288825 0.31968114],40,46,"[0.5877940429991866, 0.34550221910317963]",1,-1
40281,[0.61548156 0.44252828],40,27,"[0.5866068271601823, 0.4386408725933068]",1,-1
40282,[0.68825986 0.33578785],40,29,"[0.7250576817720672, 0.30126581813471415]",1,-1
40283,[0.74411646 0.43186677],40,32,"[0.7535856051996079, 0.45307884495298306]",1,-1
40284,[0.70086178 0.38046682],40,30,"[0.6934973256581222, 0.4131681772802667]",1,-1
40285,[0.65849796 0.38586439],40,28,"[0.6409610568572724, 0.3943628717562158]",1,-1
40286,[0.68037691 0.49824311],40,26,"[0.6734889003123068, 0.4756404454441684]",1,-1
40287,[0.7238925  0.34202869],40,29,"[0.7250576817720672, 0.30126581813471415]",1,-1
40288,[0.70320197 0.37000459],40,30,"[0.6934973256581222, 0.4131681772802667]",1,-1
40289,[0.68148287 0.37250709],40,30,"[0.6934973256581222, 0.4131681772802667]",1,-1
40290,[0.59036224 0.42562146],40,27,"[0.5866068271601823, 0.4386408725933068]",1,-1
40291,[0.7348454 0.4766378],40,32,"[0.7535856051996079, 0.45307884495298306]",1,43
40292,[0.6856972  0.34141458],40,29,"[0.7250576817720672, 0.30126581813471415]",1,-1
40293,[0.63719785 0.50702283],40,10,"[0.6101257152780476, 0.5394800330734051]",1,-1
40294,[0.72155811 0.46948898],40,32,"[0.7535856051996079, 0.45307884495298306]",1,-1
40295,[0.74904076 0.41258737],40,42,"[0.765559566045806, 0.37716611859716387]",1,-1
40296,[0.64668827 0.4143504 ],40,28,"[0.6409610568572724, 0.3943628717562158]",1,-1
40297,[0.69437152 0.38917702],40,30,"[0.6934973256581222, 0.4131681772802667]",1,-1
40298,[0.60393947 0.34819279],40,46,"[0.5877940429991866, 0.34550221910317963]",1,-1
40299,[0.63605424 0.32433939],40,46,"[0.5877940429991866, 0.34550221910317963]",1,-1
40300,[0.63249708 0.48023967],40,26,"[0.6734889003123068, 0.4756404454441684]",1,-1
40301,[0.6429318  0.38435004],40,28,"[0.6409610568572724, 0.3943628717562158]",1,-1
40302,[0.66999495 0.44711837],40,26,"[0.6734889003123068, 0.4756404454441684]",1,-1
40303,[0.65368185 0.45705927],40,26,"[0.6734889003123068, 0.4756404454441684]",1,-1
40304,[0.52912662 0.47563476],40,35,"[0.491626887866141, 0.45015531396212327]",1,-1
40305,[0.65242755 0.39357936],40,28,"[0.6409610568572724, 0.3943628717562158]",1,-1
40306,[0.63992018 0.49264721],40,26,"[0.6734889003123068, 0.4756404454441684]",1,-1
40307,[0.69201637 0.35749154],40,30,"[0.6934973256581222, 0.4131681772802667]",1,-1
40308,[0.73553613 0.42838724],40,32,"[0.7535856051996079, 0.45307884495298306]",1,-1
40309,[0.64136054 0.39787181],40,28,"[0.6409610568572724, 0.3943628717562158]",1,-1
40310,[0.72212144 0.39431214],40,30,"[0.6934973256581222, 0.4131681772802667]",1,-1
40311,[0.63504048 0.32817347],40,46,"[0.5877940429991866, 0.34550221910317963]",1,-1
40312,[0.63805845 0.414212  ],40,28,"[0.6409610568572724, 0.3943628717562158]",1,-1
40313,[0.69992447 0.40333374],40,30,"[0.6934973256581222, 0.4131681772802667]",1,57
40314,[0.65098022 0.44109125],40,26,"[0.6734889003123068, 0.4756404454441684]",1,-1
40315,[0.68312073 0.31156452],40,29,"[0.7250576817720672, 0.30126581813471415]",1,-1
40316,[0.62048287 0.37487801],40,28,"[0.6409610568572724, 0.3943628717562158]",1,-1
40317,[0.68340365 0.34214315],40,29,"[0.7250576817720672, 0.30126581813471415]",1,-1
40318,[0.73564613 0.38922333],40,42,"[0.765559566045806, 0.37716611859716387]",1,-1
40319,[0.63760727 0.39889534],40,28,"[0.6409610568572724, 0.3943628717562158]",1,-1
40320,[0.69321269 0.4390729 ],40,30,"[0.6934973256581222, 0.4131681772802667]",1,-1
40321,[0.69880243 0.39726195],40,30,"[0.6934973256581222, 0.4131681772802667]",1,57
40322,[0.68009597 0.37244133],40,30,"[0.6934973256581222, 0.4131681772802667]",1,-1
40323,[0.6477314  0.41339684],40,28,"[0.6409610568572724, 0.3943628717562158]",1,-1
40324,[0.65366194 0.37813988],40,28,"[0.6409610568572724, 0.3943628717562158]",1,-1
40325,[0.64737358 0.42697732],40,28,"[0.6409610568572724, 0.3943628717562158]",1,-1
40326,[0.70967062 0.37062135],40,30,"[0.6934973256581222, 0.4131681772802667]",1,-1
40327,[0.70817995 0.37030428],40,30,"[0.6934973256581222, 0.4131681772802667]",1,-1
40328,[0.67137187 0.42350725],40,30,"[0.6934973256581222, 0.4131681772802667]",1,-1
40329,[0.68194519 0.39269406],40,30,"[0.6934973256581222, 0.4131681772802667]",1,57
40330,[0.72946977 0.46817998],40,32,"[0.7535856051996079, 0.45307884495298306]",1,-1
40331,[0.62686809 0.36816365],40,28,"[0.6409610568572724, 0.3943628717562158]",1,-1
40332,[0.69433465 0.39207694],40,30,"[0.6934973256581222, 0.4131681772802667]",1,-1
40333,[0.71045195 0.4112752 ],40,30,"[0.6934973256581222, 0.4131681772802667]",1,-1
40334,[0.52299842 0.4998399 ],40,2,"[0.5181425386759565, 0.548951681512668]",1,-1
40335,[0.63508013 0.38285409],40,28,"[0.6409610568572724, 0.3943628717562158]",1,-1
40336,[0.66548183 0.41409221],40,30,"[0.6934973256581222, 0.4131681772802667]",1,-1
40337,[0.65525467 0.34132306],40,28,"[0.6409610568572724, 0.3943628717562158]",1,-1
40338,[0.74947189 0.3981179 ],40,42,"[0.765559566045806, 0.37716611859716387]",1,23
40339,[0.65069502 0.34167853],40,28,"[0.6409610568572724, 0.3943628717562158]",1,-1
40340,[0.68874763 0.42659822],40,30,"[0.6934973256581222, 0.4131681772802667]",1,57
40341,[0.64165045 0.3785847 ],40,28,"[0.6409610568572724, 0.3943628717562158]",1,-1
40342,[0.70664121 0.40774309],40,30,"[0.6934973256581222, 0.4131681772802667]",1,-1
40343,[0.74422624 0.33959013],40,29,"[0.7250576817720672, 0.30126581813471415]",1,-1
40344,[0.68775801 0.36343763],40,30,"[0.6934973256581222, 0.4131681772802667]",1,-1
40345,[0.70821139 0.41917963],40,30,"[0.6934973256581222, 0.4131681772802667]",1,-1
40346,[0.63888692 0.38310802],40,28,"[0.6409610568572724, 0.3943628717562158]",1,-1
40347,[0.63203367 0.48258182],40,26,"[0.6734889003123068, 0.4756404454441684]",1,-1
40348,[0.62117135 0.35849479],40,46,"[0.5877940429991866, 0.34550221910317963]",1,-1
40349,[0.74462768 0.38341414],40,42,"[0.765559566045806, 0.37716611859716387]",1,-1
40350,[0.68400101 0.38768148],40,30,"[0.6934973256581222, 0.4131681772802667]",1,-1
40351,[0.67965458 0.32895015],40,29,"[0.7250576817720672, 0.30126581813471415]",1,-1
40352,[0.60824744 0.42472522],40,27,"[0.5866068271601823, 0.4386408725933068]",1,-1
40353,[0.71140128 0.46571739],40,26,"[0.6734889003123068, 0.4756404454441684]",1,52
40354,[0.59907123 0.39603883],40,28,"[0.6409610568572724, 0.3943628717562158]",1,-1
40355,[0.62456677 0.29625592],40,46,"[0.5877940429991866, 0.34550221910317963]",1,-1
40356,[0.74701195 0.39623014],40,42,"[0.765559566045806, 0.37716611859716387]",1,-1
40357,[0.65307673 0.38236674],40,28,"[0.6409610568572724, 0.3943628717562158]",1,-1
40358,[0.72565982 0.43678561],40,32,"[0.7535856051996079, 0.45307884495298306]",1,54
40359,[0.68944932 0.4449822 ],40,30,"[0.6934973256581222, 0.4131681772802667]",1,-1
40360,[0.69603788 0.41015923],40,30,"[0.6934973256581222, 0.4131681772802667]",1,-1
40361,[0.66444716 0.40435045],40,28,"[0.6409610568572724, 0.3943628717562158]",1,-1
40362,[0.59404959 0.4411694 ],40,27,"[0.5866068271601823, 0.4386408725933068]",1,-1
40363,[0.67371979 0.39690386],40,30,"[0.6934973256581222, 0.4131681772802667]",1,-1
40364,[0.69248398 0.44795073],40,26,"[0.6734889003123068, 0.4756404454441684]",1,-1
40365,[0.68704912 0.37468238],40,30,"[0.6934973256581222, 0.4131681772802667]",1,-1
40366,[0.67186963 0.37344739],40,28,"[0.6409610568572724, 0.3943628717562158]",1,-1
40367,[0.66140595 0.34858163],40,28,"[0.6409610568572724, 0.3943628717562158]",1,-1
40368,[0.67554355 0.3432071 ],40,28,"[0.6409610568572724, 0.3943628717562158]",1,-1
40369,[0.65740512 0.47870788],40,26,"[0.6734889003123068, 0.4756404454441684]",1,-1
40370,[0.63425683 0.42532181],40,28,"[0.6409610568572724, 0.3943628717562158]",1,-1
40371,[0.63471274 0.38400896],40,28,"[0.6409610568572724, 0.3943628717562158]",1,-1
40372,[0.60769692 0.39791943],40,28,"[0.6409610568572724, 0.3943628717562158]",1,-1
40373,[0.58241086 0.42401003],40,27,"[0.5866068271601823, 0.4386408725933068]",1,-1
40374,[0.5876101  0.37670526],40,46,"[0.5877940429991866, 0.34550221910317963]",1,-1
40375,[0.64163097 0.41137466],40,28,"[0.6409610568572724, 0.3943628717562158]",1,-1
40376,[0.56494085 0.33979421],40,46,"[0.5877940429991866, 0.34550221910317963]",1,-1
40377,[0.60363525 0.39700875],40,28,"[0.6409610568572724, 0.3943628717562158]",1,-1
40378,[0.75612696 0.41017374],40,42,"[0.765559566045806, 0.37716611859716387]",1,-1
40379,[0.66394911 0.42882237],40,30,"[0.6934973256581222, 0.4131681772802667]",1,56
40380,[0.64266514 0.33993083],40,28,"[0.6409610568572724, 0.3943628717562158]",1,-1
40381,[0.73593748 0.42629999],40,32,"[0.7535856051996079, 0.45307884495298306]",1,54
40382,[0.69033469 0.47938198],40,26,"[0.6734889003123068, 0.4756404454441684]",1,39
40383,[0.62794402 0.38834186],40,28,"[0.6409610568572724, 0.3943628717562158]",1,-1
40384,[0.65397384 0.47364038],40,26,"[0.6734889003123068, 0.4756404454441684]",1,-1
40385,[0.6583815  0.40095048],40,28,"[0.6409610568572724, 0.3943628717562158]",1,57
40386,[0.68351139 0.50030105],40,26,"[0.6734889003123068, 0.4756404454441684]",1,-1
40387,[0.71053132 0.3379333 ],40,29,"[0.7250576817720672, 0.30126581813471415]",1,-1
40388,[0.61931018 0.35039189],40,46,"[0.5877940429991866, 0.34550221910317963]",1,-1
40389,[0.62206214 0.37463325],40,28,"[0.6409610568572724, 0.3943628717562158]",1,-1
40390,[0.7092747  0.36932988],40,30,"[0.6934973256581222, 0.4131681772802667]",1,-1
40391,[0.65629642 0.41491091],40,28,"[0.6409610568572724, 0.3943628717562158]",1,-1
40392,[0.71621809 0.40404248],40,30,"[0.6934973256581222, 0.4131681772802667]",1,-1
40393,[0.62451075 0.46107625],40,27,"[0.5866068271601823, 0.4386408725933068]",1,-1
40394,[0.68562277 0.45489981],40,26,"[0.6734889003123068, 0.4756404454441684]",1,-1
40395,[0.71439898 0.46045134],40,32,"[0.7535856051996079, 0.45307884495298306]",1,-1
40396,[0.64854442 0.40836539],40,28,"[0.6409610568572724, 0.3943628717562158]",1,57
40397,[0.6487414  0.38224173],40,28,"[0.6409610568572724, 0.3943628717562158]",1,-1
40398,[0.64228101 0.4221465 ],40,28,"[0.6409610568572724, 0.3943628717562158]",1,-1
40399,[0.66968181 0.37939939],40,28,"[0.6409610568572724, 0.3943628717562158]",1,-1
40400,[0.69558573 0.47897452],40,26,"[0.6734889003123068, 0.4756404454441684]",1,-1
40401,[0.64367428 0.29413708],40,-1,-1,1,-1
40402,[0.65610165 0.39136423],40,28,"[0.6409610568572724, 0.3943628717562158]",1,-1
40403,[0.70103402 0.45369251],40,26,"[0.6734889003123068, 0.4756404454441684]",1,-1
40404,[0.63634738 0.55424383],40,10,"[0.6101257152780476, 0.5394800330734051]",1,-1
40405,[0.60734453 0.39057118],40,28,"[0.6409610568572724, 0.3943628717562158]",1,-1
40406,[0.65631922 0.39742973],40,28,"[0.6409610568572724, 0.3943628717562158]",1,-1
40407,[0.69799185 0.43624958],40,30,"[0.6934973256581222, 0.4131681772802667]",1,-1
40408,[0.70218955 0.40064589],40,30,"[0.6934973256581222, 0.4131681772802667]",1,57
40409,[0.72709232 0.3609946 ],40,42,"[0.765559566045806, 0.37716611859716387]",1,-1
40410,[0.66681416 0.36188211],40,28,"[0.6409610568572724, 0.3943628717562158]",1,-1
40411,[0.73895064 0.4190069 ],40,32,"[0.7535856051996079, 0.45307884495298306]",1,54
40412,[0.61061625 0.34956854],40,46,"[0.5877940429991866, 0.34550221910317963]",1,-1
40413,[0.61675235 0.37637393],40,28,"[0.6409610568572724, 0.3943628717562158]",1,-1
40414,[0.68126149 0.380691  ],40,30,"[0.6934973256581222, 0.4131681772802667]",1,-1
40415,[0.6059782  0.37558585],40,46,"[0.5877940429991866, 0.34550221910317963]",1,-1
40416,[0.76369993 0.40589084],40,42,"[0.765559566045806, 0.37716611859716387]",1,23
40417,[0.62791423 0.37285885],40,28,"[0.6409610568572724, 0.3943628717562158]",1,-1
40418,[0.68791685 0.35403584],40,30,"[0.6934973256581222, 0.4131681772802667]",1,-1
40419,[0.62258289 0.4036576 ],40,28,"[0.6409610568572724, 0.3943628717562158]",1,-1
40420,[0.74362473 0.38273208],40,42,"[0.765559566045806, 0.37716611859716387]",1,-1
40421,[0.65505108 0.43608249],40,26,"[0.6734889003123068, 0.4756404454441684]",1,-1
40422,[0.64059213 0.38508916],40,28,"[0.6409610568572724, 0.3943628717562158]",1,-1
40423,[0.6295715  0.39623058],40,28,"[0.6409610568572724, 0.3943628717562158]",1,-1
40424,[0.66552194 0.44644488],40,26,"[0.6734889003123068, 0.4756404454441684]",1,-1
40425,[0.72160045 0.42717516],40,30,"[0.6934973256581222, 0.4131681772802667]",1,54
40426,[0.62859401 0.44349294],40,27,"[0.5866068271601823, 0.4386408725933068]",1,58
40427,[0.70457121 0.34269711],40,29,"[0.7250576817720672, 0.30126581813471415]",1,-1
40428,[0.65142392 0.39446475],40,28,"[0.6409610568572724, 0.3943628717562158]",1,-1
40429,[0.66447398 0.44318127],40,26,"[0.6734889003123068, 0.4756404454441684]",1,-1
40430,[0.68264448 0.3286356 ],40,29,"[0.7250576817720672, 0.30126581813471415]",1,-1
40431,[0.65034702 0.36990826],40,28,"[0.6409610568572724, 0.3943628717562158]",1,-1
40432,[0.66570549 0.39029199],40,28,"[0.6409610568572724, 0.3943628717562158]",1,57
40433,[0.69800553 0.3822228 ],40,30,"[0.6934973256581222, 0.4131681772802667]",1,-1
40434,[0.62570558 0.35858838],40,28,"[0.6409610568572724, 0.3943628717562158]",1,-1
40435,[0.67902464 0.43664313],40,30,"[0.6934973256581222, 0.4131681772802667]",1,-1
40436,[0.70880855 0.37958729],40,30,"[0.6934973256581222, 0.4131681772802667]",1,-1
40437,[0.58003487 0.46025787],40,27,"[0.5866068271601823, 0.4386408725933068]",1,-1
40438,[0.62246552 0.37225986],40,28,"[0.6409610568572724, 0.3943628717562158]",1,-1
40439,[0.59243628 0.32914976],40,46,"[0.5877940429991866, 0.34550221910317963]",1,-1
40440,[0.65144122 0.32131485],40,46,"[0.5877940429991866, 0.34550221910317963]",1,-1
40441,[0.69507827 0.29396762],40,29,"[0.7250576817720672, 0.30126581813471415]",1,-1
40442,[0.67638785 0.43239396],40,30,"[0.6934973256581222, 0.4131681772802667]",1,-1
40443,[0.60516127 0.50399246],40,10,"[0.6101257152780476, 0.5394800330734051]",1,-1
40444,[0.5753669  0.41669845],40,27,"[0.5866068271601823, 0.4386408725933068]",1,-1
40445,[0.68946881 0.45560523],40,26,"[0.6734889003123068, 0.4756404454441684]",1,-1
40446,[0.66470459 0.45712207],40,26,"[0.6734889003123068, 0.4756404454441684]",1,-1
40447,[0.65558934 0.48503379],40,26,"[0.6734889003123068, 0.4756404454441684]",1,-1
40448,[0.65345594 0.4060233 ],40,28,"[0.6409610568572724, 0.3943628717562158]",1,-1
40449,[0.65300392 0.37576858],40,28,"[0.6409610568572724, 0.3943628717562158]",1,-1
40450,[0.75490662 0.40356262],40,42,"[0.765559566045806, 0.37716611859716387]",1,23
40451,[0.60349379 0.34867735],40,46,"[0.5877940429991866, 0.34550221910317963]",1,-1
40452,[0.61173411 0.34375465],40,46,"[0.5877940429991866, 0.34550221910317963]",1,-1
40453,[0.75345912 0.33888832],40,42,"[0.765559566045806, 0.37716611859716387]",1,-1
40454,[0.70405986 0.39982261],40,30,"[0.6934973256581222, 0.4131681772802667]",1,57
40455,[0.60041073 0.39043938],40,28,"[0.6409610568572724, 0.3943628717562158]",1,-1
40456,[0.61839951 0.36917699],40,28,"[0.6409610568572724, 0.3943628717562158]",1,-1
40457,[0.6936245  0.35006479],40,29,"[0.7250576817720672, 0.30126581813471415]",1,-1
40458,[0.68431054 0.29742024],40,29,"[0.7250576817720672, 0.30126581813471415]",1,-1
40459,[0.62574865 0.46538763],40,27,"[0.5866068271601823, 0.4386408725933068]",1,-1
40460,[0.67750852 0.45626808],40,26,"[0.6734889003123068, 0.4756404454441684]",1,-1
40461,[0.77173474 0.38040612],40,42,"[0.765559566045806, 0.37716611859716387]",1,-1
40462,[0.56643382 0.33288597],40,46,"[0.5877940429991866, 0.34550221910317963]",1,-1
40463,[0.56890152 0.44186877],40,27,"[0.5866068271601823, 0.4386408725933068]",1,-1
40464,[0.61344143 0.38923646],40,28,"[0.6409610568572724, 0.3943628717562158]",1,-1
40465,[0.55706872 0.36440272],40,46,"[0.5877940429991866, 0.34550221910317963]",1,-1
40466,[0.52335646 0.4060307 ],40,35,"[0.491626887866141, 0.45015531396212327]",1,-1
40467,[0.64932956 0.4157809 ],40,28,"[0.6409610568572724, 0.3943628717562158]",1,-1
40468,[0.65495042 0.37996826],40,28,"[0.6409610568572724, 0.3943628717562158]",1,-1
40469,[0.69889377 0.36452533],40,30,"[0.6934973256581222, 0.4131681772802667]",1,-1
40470,[0.67633192 0.36939392],40,28,"[0.6409610568572724, 0.3943628717562158]",1,-1
40471,[0.75935179 0.29674112],40,29,"[0.7250576817720672, 0.30126581813471415]",1,-1
40472,[0.71632727 0.45711119],40,32,"[0.7535856051996079, 0.45307884495298306]",1,-1
40473,[0.68681525 0.33858961],40,29,"[0.7250576817720672, 0.30126581813471415]",1,-1
40474,[0.63676521 0.42937512],40,28,"[0.6409610568572724, 0.3943628717562158]",1,-1
40475,[0.67748186 0.39507669],40,30,"[0.6934973256581222, 0.4131681772802667]",1,-1
40476,[0.73804288 0.35599694],40,42,"[0.765559566045806, 0.37716611859716387]",1,-1
40477,[0.6655377 0.4489966],40,26,"[0.6734889003123068, 0.4756404454441684]",1,-1
40478,[0.56875764 0.36000507],40,46,"[0.5877940429991866, 0.34550221910317963]",1,-1
40479,[0.75979853 0.33969464],40,42,"[0.765559566045806, 0.37716611859716387]",1,-1
40480,[0.6447728  0.28470544],40,-1,-1,1,-1
40481,[0.64732313 0.4417626 ],40,26,"[0.6734889003123068, 0.4756404454441684]",1,56
40482,[0.69935749 0.50121187],40,26,"[0.6734889003123068, 0.4756404454441684]",1,-1
40483,[0.60779899 0.48859213],40,10,"[0.6101257152780476, 0.5394800330734051]",1,34
40484,[0.59335154 0.52501346],40,10,"[0.6101257152780476, 0.5394800330734051]",1,-1
40485,[0.65004762 0.36623633],40,28,"[0.6409610568572724, 0.3943628717562158]",1,-1
40486,[0.6439477 0.3940162],40,28,"[0.6409610568572724, 0.3943628717562158]",1,-1
40487,[0.61349801 0.3846324 ],40,28,"[0.6409610568572724, 0.3943628717562158]",1,-1
40488,[0.59607116 0.40394809],40,27,"[0.5866068271601823, 0.4386408725933068]",1,-1
40489,[0.64183329 0.45801434],40,26,"[0.6734889003123068, 0.4756404454441684]",1,-1
40490,[0.64788942 0.41086474],40,28,"[0.6409610568572724, 0.3943628717562158]",1,-1
40491,[0.7027544  0.39799914],40,30,"[0.6934973256581222, 0.4131681772802667]",1,57
40492,[0.57571113 0.4748538 ],40,27,"[0.5866068271601823, 0.4386408725933068]",1,-1
40493,[0.66456927 0.45472082],40,26,"[0.6734889003123068, 0.4756404454441684]",1,-1
40494,[0.63783775 0.43789719],40,28,"[0.6409610568572724, 0.3943628717562158]",1,-1
40495,[0.57423046 0.38304034],40,46,"[0.5877940429991866, 0.34550221910317963]",1,-1
40496,[0.69900471 0.44520776],40,30,"[0.6934973256581222, 0.4131681772802667]",1,-1
40497,[0.70517596 0.35310721],40,29,"[0.7250576817720672, 0.30126581813471415]",1,-1
40498,[0.74131889 0.42402484],40,32,"[0.7535856051996079, 0.45307884495298306]",1,-1
40499,[0.78683477 0.34610669],40,42,"[0.765559566045806, 0.37716611859716387]",1,-1
40500,[0.63808354 0.44338768],40,26,"[0.6734889003123068, 0.4756404454441684]",1,-1
40501,[0.69309593 0.44994149],40,26,"[0.6734889003123068, 0.4756404454441684]",1,-1
40502,[0.66143942 0.36410491],40,28,"[0.6409610568572724, 0.3943628717562158]",1,-1
40503,[0.68061608 0.3888086 ],40,30,"[0.6934973256581222, 0.4131681772802667]",1,-1
40504,[0.71726127 0.38007118],40,30,"[0.6934973256581222, 0.4131681772802667]",1,-1
40505,[0.6567927  0.29009032],40,29,"[0.7250576817720672, 0.30126581813471415]",1,-1
40506,[0.67800944 0.37989442],40,30,"[0.6934973256581222, 0.4131681772802667]",1,-1
40507,[0.56903719 0.41147154],40,27,"[0.5866068271601823, 0.4386408725933068]",1,-1
40508,[0.68613679 0.39654102],40,30,"[0.6934973256581222, 0.4131681772802667]",1,-1
40509,[0.59005221 0.44911096],40,27,"[0.5866068271601823, 0.4386408725933068]",1,-1
40510,[0.61814298 0.3241103 ],40,46,"[0.5877940429991866, 0.34550221910317963]",1,-1
40511,[0.64052712 0.42675218],40,28,"[0.6409610568572724, 0.3943628717562158]",1,58
40512,[0.71264009 0.37718868],40,30,"[0.6934973256581222, 0.4131681772802667]",1,-1
40513,[0.60253712 0.42556017],40,27,"[0.5866068271601823, 0.4386408725933068]",1,-1
40514,[0.60226169 0.42435601],40,27,"[0.5866068271601823, 0.4386408725933068]",1,-1
40515,[0.71829877 0.34823389],40,29,"[0.7250576817720672, 0.30126581813471415]",1,-1
40516,[0.64297296 0.44939011],40,26,"[0.6734889003123068, 0.4756404454441684]",1,-1
40517,[0.77890382 0.43037088],40,32,"[0.7535856051996079, 0.45307884495298306]",1,38
40518,[0.57637248 0.37757305],40,46,"[0.5877940429991866, 0.34550221910317963]",1,-1
40519,[0.60976417 0.397426  ],40,28,"[0.6409610568572724, 0.3943628717562158]",1,-1
40520,[0.65542074 0.50517675],40,26,"[0.6734889003123068, 0.4756404454441684]",1,-1
40521,[0.65645424 0.41175616],40,28,"[0.6409610568572724, 0.3943628717562158]",1,-1
40522,[0.74859835 0.38023321],40,42,"[0.765559566045806, 0.37716611859716387]",1,-1
40523,[0.71556235 0.42703811],40,30,"[0.6934973256581222, 0.4131681772802667]",1,-1
40524,[0.70989595 0.34725976],40,29,"[0.7250576817720672, 0.30126581813471415]",1,-1
40525,[0.64378766 0.32452673],40,46,"[0.5877940429991866, 0.34550221910317963]",1,-1
40526,[0.72167894 0.43171243],40,30,"[0.6934973256581222, 0.4131681772802667]",1,-1
40527,[0.75223229 0.39132599],40,42,"[0.765559566045806, 0.37716611859716387]",1,-1
40528,[0.5899402  0.40143852],40,27,"[0.5866068271601823, 0.4386408725933068]",1,-1
40529,[0.73261007 0.49899474],40,32,"[0.7535856051996079, 0.45307884495298306]",1,-1
40530,[0.72099625 0.44247266],40,32,"[0.7535856051996079, 0.45307884495298306]",1,-1
40531,[0.71390904 0.47810891],40,26,"[0.6734889003123068, 0.4756404454441684]",1,-1
40532,[0.70981531 0.34030785],40,29,"[0.7250576817720672, 0.30126581813471415]",1,-1
40533,[0.6497477  0.39411237],40,28,"[0.6409610568572724, 0.3943628717562158]",1,-1
40534,[0.54635943 0.33450427],40,46,"[0.5877940429991866, 0.34550221910317963]",1,-1
40535,[0.68696271 0.3726983 ],40,30,"[0.6934973256581222, 0.4131681772802667]",1,-1
40536,[0.6565638  0.39815456],40,28,"[0.6409610568572724, 0.3943628717562158]",1,-1
40537,[0.63326464 0.43210315],40,28,"[0.6409610568572724, 0.3943628717562158]",1,-1
40538,[0.68599476 0.38698783],40,30,"[0.6934973256581222, 0.4131681772802667]",1,-1
40539,[0.60875187 0.38534562],40,28,"[0.6409610568572724, 0.3943628717562158]",1,-1
40540,[0.56405522 0.42801306],40,27,"[0.5866068271601823, 0.4386408725933068]",1,-1
40541,[0.70371808 0.42786479],40,30,"[0.6934973256581222, 0.4131681772802667]",1,-1
40542,[0.59071879 0.41944871],40,27,"[0.5866068271601823, 0.4386408725933068]",1,-1
40543,[0.64514794 0.4778917 ],40,26,"[0.6734889003123068, 0.4756404454441684]",1,-1
40544,[0.62851535 0.33557583],40,46,"[0.5877940429991866, 0.34550221910317963]",1,-1
40545,[0.70795321 0.40764051],40,30,"[0.6934973256581222, 0.4131681772802667]",1,-1
40546,[0.58574517 0.36552178],40,46,"[0.5877940429991866, 0.34550221910317963]",1,-1
40547,[0.55021754 0.37634587],40,46,"[0.5877940429991866, 0.34550221910317963]",1,-1
40548,[0.65975795 0.43850135],40,26,"[0.6734889003123068, 0.4756404454441684]",1,56
40549,[0.57118545 0.40793293],40,27,"[0.5866068271601823, 0.4386408725933068]",1,-1
40550,[0.74293932 0.4343826 ],40,32,"[0.7535856051996079, 0.45307884495298306]",1,-1
40551,[0.70041585 0.45980675],40,26,"[0.6734889003123068, 0.4756404454441684]",1,-1
40552,[0.74353411 0.35339872],40,42,"[0.765559566045806, 0.37716611859716387]",1,-1
40553,[0.70477349 0.38362198],40,30,"[0.6934973256581222, 0.4131681772802667]",1,-1
40554,[0.69401659 0.42883421],40,30,"[0.6934973256581222, 0.4131681772802667]",1,-1
40555,[0.5938783  0.43789075],40,27,"[0.5866068271601823, 0.4386408725933068]",1,-1
40556,[0.59616026 0.35832995],40,46,"[0.5877940429991866, 0.34550221910317963]",1,-1
40557,[0.70555    0.38426307],40,30,"[0.6934973256581222, 0.4131681772802667]",1,-1
40558,[0.63761738 0.41023444],40,28,"[0.6409610568572724, 0.3943628717562158]",1,57
40559,[0.66701504 0.46773099],40,26,"[0.6734889003123068, 0.4756404454441684]",1,-1
40560,[0.66560449 0.32876036],40,29,"[0.7250576817720672, 0.30126581813471415]",1,-1
40561,[0.68111922 0.30102753],40,29,"[0.7250576817720672, 0.30126581813471415]",1,-1
40562,[0.72178215 0.39540276],40,30,"[0.6934973256581222, 0.4131681772802667]",1,-1
40563,[0.66601676 0.40690705],40,28,"[0.6409610568572724, 0.3943628717562158]",1,57
40564,[0.77050056 0.38989567],40,42,"[0.765559566045806, 0.37716611859716387]",1,-1
40565,[0.75794054 0.47517298],40,32,"[0.7535856051996079, 0.45307884495298306]",1,-1
40566,[0.64338103 0.39423185],40,28,"[0.6409610568572724, 0.3943628717562158]",1,-1
40567,[0.73155456 0.35395815],40,42,"[0.765559566045806, 0.37716611859716387]",1,-1
40568,[0.67586956 0.46062604],40,26,"[0.6734889003123068, 0.4756404454441684]",1,-1
40569,[0.71406832 0.35478371],40,29,"[0.7250576817720672, 0.30126581813471415]",1,-1
40570,[0.61457799 0.4001094 ],40,28,"[0.6409610568572724, 0.3943628717562158]",1,-1
40571,[0.63968766 0.44663801],40,26,"[0.6734889003123068, 0.4756404454441684]",1,-1
40572,[0.6887366  0.41184245],40,30,"[0.6934973256581222, 0.4131681772802667]",1,57
40573,[0.64107131 0.39207129],40,28,"[0.6409610568572724, 0.3943628717562158]",1,-1
40574,[0.69991486 0.45336439],40,26,"[0.6734889003123068, 0.4756404454441684]",1,-1
40575,[0.70456883 0.39299463],40,30,"[0.6934973256581222, 0.4131681772802667]",1,57
40576,[0.65343598 0.33067317],40,28,"[0.6409610568572724, 0.3943628717562158]",1,-1
40577,[0.603399   0.43446486],40,27,"[0.5866068271601823, 0.4386408725933068]",1,-1
40578,[0.62227353 0.39843835],40,28,"[0.6409610568572724, 0.3943628717562158]",1,-1
40579,[0.64616093 0.48819171],40,26,"[0.6734889003123068, 0.4756404454441684]",1,-1
40580,[0.67426024 0.30444209],40,29,"[0.7250576817720672, 0.30126581813471415]",1,-1
40581,[0.67848221 0.37923792],40,30,"[0.6934973256581222, 0.4131681772802667]",1,-1
40582,[0.70123171 0.40912205],40,30,"[0.6934973256581222, 0.4131681772802667]",1,-1
40583,[0.65794199 0.43715659],40,26,"[0.6734889003123068, 0.4756404454441684]",1,56
40584,[0.61641991 0.36688611],40,46,"[0.5877940429991866, 0.34550221910317963]",1,-1
40585,[0.70833018 0.40596637],40,30,"[0.6934973256581222, 0.4131681772802667]",1,-1
40586,[0.6107085  0.37445612],40,28,"[0.6409610568572724, 0.3943628717562158]",1,-1
40587,[0.68592798 0.38669107],40,30,"[0.6934973256581222, 0.4131681772802667]",1,-1
40588,[0.71010747 0.34001087],40,29,"[0.7250576817720672, 0.30126581813471415]",1,-1
40589,[0.67718528 0.49008179],40,26,"[0.6734889003123068, 0.4756404454441684]",1,-1
40590,[0.61480171 0.46296866],40,27,"[0.5866068271601823, 0.4386408725933068]",1,-1
40591,[0.6329002  0.40856996],40,28,"[0.6409610568572724, 0.3943628717562158]",1,-1
40592,[0.66555123 0.36676487],40,28,"[0.6409610568572724, 0.3943628717562158]",1,-1
40593,[0.72216067 0.42530982],40,30,"[0.6934973256581222, 0.4131681772802667]",1,-1
40594,[0.66123254 0.40389855],40,28,"[0.6409610568572724, 0.3943628717562158]",1,57
40595,[0.77201058 0.34519453],40,42,"[0.765559566045806, 0.37716611859716387]",1,-1
40596,[0.72252926 0.50837711],40,26,"[0.6734889003123068, 0.4756404454441684]",1,33
40597,[0.69194519 0.3193108 ],40,29,"[0.7250576817720672, 0.30126581813471415]",1,-1
40598,[0.65215011 0.37771209],40,28,"[0.6409610568572724, 0.3943628717562158]",1,-1
40599,[0.71789549 0.4272122 ],40,30,"[0.6934973256581222, 0.4131681772802667]",1,-1
40600,[0.69424283 0.40660064],40,30,"[0.6934973256581222, 0.4131681772802667]",1,57
40601,[0.7612362  0.53977454],40,3,"[0.8068810957052946, 0.5180547120844742]",1,-1
40602,[0.74101524 0.43946032],40,32,"[0.7535856051996079, 0.45307884495298306]",1,-1
40603,[0.73149347 0.39980439],40,30,"[0.6934973256581222, 0.4131681772802667]",1,-1
40604,[0.5918719  0.36029328],40,46,"[0.5877940429991866, 0.34550221910317963]",1,-1
40605,[0.72807338 0.39267831],40,30,"[0.6934973256581222, 0.4131681772802667]",1,-1
40606,[0.63055017 0.50368618],40,10,"[0.6101257152780476, 0.5394800330734051]",1,-1
40607,[0.65848301 0.38365366],40,28,"[0.6409610568572724, 0.3943628717562158]",1,-1
40608,[0.64599927 0.37499916],40,28,"[0.6409610568572724, 0.3943628717562158]",1,-1
40609,[0.67758309 0.34061514],40,29,"[0.7250576817720672, 0.30126581813471415]",1,-1
40610,[0.74002211 0.38450404],40,42,"[0.765559566045806, 0.37716611859716387]",1,-1
40611,[0.6866681  0.44695593],40,26,"[0.6734889003123068, 0.4756404454441684]",1,-1
40612,[0.63575405 0.45469985],40,26,"[0.6734889003123068, 0.4756404454441684]",1,-1
40613,[0.72918702 0.35793318],40,42,"[0.765559566045806, 0.37716611859716387]",1,-1
40614,[0.68652676 0.44247254],40,30,"[0.6934973256581222, 0.4131681772802667]",1,-1
40615,[0.64532344 0.31861112],40,46,"[0.5877940429991866, 0.34550221910317963]",1,-1
40616,[0.66491882 0.37172624],40,28,"[0.6409610568572724, 0.3943628717562158]",1,-1
40617,[0.69135423 0.34048644],40,29,"[0.7250576817720672, 0.30126581813471415]",1,-1
40618,[0.63749743 0.29725736],40,46,"[0.5877940429991866, 0.34550221910317963]",1,-1
40619,[0.6705757  0.37318336],40,28,"[0.6409610568572724, 0.3943628717562158]",1,-1
40620,[0.70723734 0.40104811],40,30,"[0.6934973256581222, 0.4131681772802667]",1,-1
40621,[0.7181934  0.31821844],40,29,"[0.7250576817720672, 0.30126581813471415]",1,-1
40622,[0.68418147 0.44154246],40,30,"[0.6934973256581222, 0.4131681772802667]",1,-1
40623,[0.64384612 0.4049497 ],40,28,"[0.6409610568572724, 0.3943628717562158]",1,-1
40624,[0.58514623 0.30206017],40,46,"[0.5877940429991866, 0.34550221910317963]",1,-1
40625,[0.64699966 0.35742363],40,28,"[0.6409610568572724, 0.3943628717562158]",1,-1
40626,[0.72819304 0.41674968],40,30,"[0.6934973256581222, 0.4131681772802667]",1,-1
40627,[0.6306223  0.36683614],40,28,"[0.6409610568572724, 0.3943628717562158]",1,-1
40628,[0.66950176 0.32243439],40,29,"[0.7250576817720672, 0.30126581813471415]",1,-1
40629,[0.71791929 0.30964812],40,29,"[0.7250576817720672, 0.30126581813471415]",1,-1
40630,[0.76197445 0.35603986],40,42,"[0.765559566045806, 0.37716611859716387]",1,-1
40631,[0.65939629 0.44229197],40,26,"[0.6734889003123068, 0.4756404454441684]",1,56
40632,[0.62131391 0.46871212],40,27,"[0.5866068271601823, 0.4386408725933068]",1,-1
40633,[0.76233272 0.47239717],40,32,"[0.7535856051996079, 0.45307884495298306]",1,-1
40634,[0.65459007 0.34847954],40,28,"[0.6409610568572724, 0.3943628717562158]",1,-1
40635,[0.7037799  0.35521508],40,29,"[0.7250576817720672, 0.30126581813471415]",1,-1
40636,[0.64521632 0.45070805],40,26,"[0.6734889003123068, 0.4756404454441684]",1,-1
40637,[0.60464275 0.53032413],40,10,"[0.6101257152780476, 0.5394800330734051]",1,-1
40638,[0.6851418  0.48081598],40,26,"[0.6734889003123068, 0.4756404454441684]",1,39
40639,[0.71747724 0.31324544],40,29,"[0.7250576817720672, 0.30126581813471415]",1,-1
40640,[0.646021  0.4375266],40,28,"[0.6409610568572724, 0.3943628717562158]",1,56
40641,[0.61657963 0.41308257],40,28,"[0.6409610568572724, 0.3943628717562158]",1,58
40642,[0.67178935 0.41421531],40,30,"[0.6934973256581222, 0.4131681772802667]",1,-1
40643,[0.72830197 0.31439011],40,29,"[0.7250576817720672, 0.30126581813471415]",1,-1
40644,[0.71839659 0.41442238],40,30,"[0.6934973256581222, 0.4131681772802667]",1,-1
40645,[0.63308846 0.37501527],40,28,"[0.6409610568572724, 0.3943628717562158]",1,-1
40646,[0.72874952 0.42921622],40,32,"[0.7535856051996079, 0.45307884495298306]",1,54
40647,[0.6442288 0.4955624],40,26,"[0.6734889003123068, 0.4756404454441684]",1,-1
40648,[0.54243311 0.40626871],40,27,"[0.5866068271601823, 0.4386408725933068]",1,-1
40649,[0.59095425 0.42122123],40,27,"[0.5866068271601823, 0.4386408725933068]",1,-1
40650,[0.63886998 0.40184503],40,28,"[0.6409610568572724, 0.3943628717562158]",1,-1
40651,[0.6402022  0.43622955],40,28,"[0.6409610568572724, 0.3943628717562158]",1,56
40652,[0.58413839 0.37045951],40,46,"[0.5877940429991866, 0.34550221910317963]",1,-1
40653,[0.64650438 0.38843981],40,28,"[0.6409610568572724, 0.3943628717562158]",1,-1
40654,[0.71179502 0.4799575 ],40,26,"[0.6734889003123068, 0.4756404454441684]",1,-1
40655,[0.64708647 0.38549   ],40,28,"[0.6409610568572724, 0.3943628717562158]",1,-1
40656,[0.65729458 0.29066723],40,29,"[0.7250576817720672, 0.30126581813471415]",1,-1
40657,[0.69162208 0.38841524],40,30,"[0.6934973256581222, 0.4131681772802667]",1,-1
40658,[0.69413196 0.47992872],40,26,"[0.6734889003123068, 0.4756404454441684]",1,-1
40659,[0.57036581 0.35523088],40,46,"[0.5877940429991866, 0.34550221910317963]",1,-1
40660,[0.72568498 0.42255702],40,30,"[0.6934973256581222, 0.4131681772802667]",1,-1
40661,[0.69929087 0.39003565],40,30,"[0.6934973256581222, 0.4131681772802667]",1,-1
40662,[0.78331287 0.44214784],40,32,"[0.7535856051996079, 0.45307884495298306]",1,-1
40663,[0.62186303 0.40760176],40,28,"[0.6409610568572724, 0.3943628717562158]",1,58
40664,[0.71499189 0.37385796],40,30,"[0.6934973256581222, 0.4131681772802667]",1,-1
40665,[0.67992394 0.41457967],40,30,"[0.6934973256581222, 0.4131681772802667]",1,57
40666,[0.67368489 0.4790695 ],40,26,"[0.6734889003123068, 0.4756404454441684]",1,-1
40667,[0.57287243 0.458542  ],40,27,"[0.5866068271601823, 0.4386408725933068]",1,-1
40668,[0.64000195 0.3969412 ],40,28,"[0.6409610568572724, 0.3943628717562158]",1,-1
40669,[0.63017039 0.48989226],40,26,"[0.6734889003123068, 0.4756404454441684]",1,-1
40670,[0.6814746  0.40255992],40,30,"[0.6934973256581222, 0.4131681772802667]",1,-1
40671,[0.63254007 0.47009521],40,26,"[0.6734889003123068, 0.4756404454441684]",1,-1
40672,[0.53715388 0.38506865],40,37,"[0.4780366509520634, 0.3686118735311782]",1,-1
40673,[0.67158942 0.40773427],40,30,"[0.6934973256581222, 0.4131681772802667]",1,57
40674,[0.6548881  0.36249442],40,28,"[0.6409610568572724, 0.3943628717562158]",1,-1
40675,[0.6089837  0.41366062],40,27,"[0.5866068271601823, 0.4386408725933068]",1,-1
40676,[0.66997515 0.43959095],40,30,"[0.6934973256581222, 0.4131681772802667]",1,-1
40677,[0.69222284 0.37394322],40,30,"[0.6934973256581222, 0.4131681772802667]",1,-1
40678,[0.62358189 0.43883104],40,27,"[0.5866068271601823, 0.4386408725933068]",1,-1
40679,[0.65659591 0.42692006],40,28,"[0.6409610568572724, 0.3943628717562158]",1,56
40680,[0.72283033 0.39358894],40,30,"[0.6934973256581222, 0.4131681772802667]",1,-1
40681,[0.59601578 0.32433833],40,46,"[0.5877940429991866, 0.34550221910317963]",1,-1
40682,[0.59200383 0.50718184],40,10,"[0.6101257152780476, 0.5394800330734051]",1,-1
40683,[0.59846096 0.50817545],40,10,"[0.6101257152780476, 0.5394800330734051]",1,-1
40684,[0.7010257  0.44027064],40,30,"[0.6934973256581222, 0.4131681772802667]",1,-1
40685,[0.69323738 0.43855739],40,30,"[0.6934973256581222, 0.4131681772802667]",1,-1
40686,[0.69168868 0.36979413],40,30,"[0.6934973256581222, 0.4131681772802667]",1,-1
40687,[0.63746677 0.45617848],40,26,"[0.6734889003123068, 0.4756404454441684]",1,-1
40688,[0.70108035 0.30404372],40,29,"[0.7250576817720672, 0.30126581813471415]",1,-1
40689,[0.67909797 0.46027628],40,26,"[0.6734889003123068, 0.4756404454441684]",1,-1
40690,[0.71596691 0.41027362],40,30,"[0.6934973256581222, 0.4131681772802667]",1,-1
40691,[0.60362671 0.34755392],40,46,"[0.5877940429991866, 0.34550221910317963]",1,-1
40692,[0.72697985 0.36027513],40,42,"[0.765559566045806, 0.37716611859716387]",1,-1
40693,[0.73743839 0.39247831],40,42,"[0.765559566045806, 0.37716611859716387]",1,-1
40694,[0.66941545 0.39988723],40,30,"[0.6934973256581222, 0.4131681772802667]",1,-1
40695,[0.73970873 0.44744586],40,32,"[0.7535856051996079, 0.45307884495298306]",1,-1
40696,[0.74161732 0.38089257],40,42,"[0.765559566045806, 0.37716611859716387]",1,-1
40697,[0.68839637 0.42573032],40,30,"[0.6934973256581222, 0.4131681772802667]",1,57
40698,[0.69628008 0.42374232],40,30,"[0.6934973256581222, 0.4131681772802667]",1,-1
40699,[0.54767727 0.39030192],40,46,"[0.5877940429991866, 0.34550221910317963]",1,-1
40700,[0.67883174 0.38990766],40,30,"[0.6934973256581222, 0.4131681772802667]",1,-1
40701,[0.65527875 0.38954393],40,28,"[0.6409610568572724, 0.3943628717562158]",1,-1
40702,[0.52277694 0.4469517 ],40,35,"[0.491626887866141, 0.45015531396212327]",1,-1
40703,[0.68912172 0.48574658],40,26,"[0.6734889003123068, 0.4756404454441684]",1,-1
40704,[0.70136781 0.43933982],40,30,"[0.6934973256581222, 0.4131681772802667]",1,-1
40705,[0.69459054 0.40895264],40,30,"[0.6934973256581222, 0.4131681772802667]",1,57
40706,[0.61077969 0.36789752],40,46,"[0.5877940429991866, 0.34550221910317963]",1,-1
40707,[0.67506718 0.42449601],40,30,"[0.6934973256581222, 0.4131681772802667]",1,-1
40708,[0.68990177 0.46907521],40,26,"[0.6734889003123068, 0.4756404454441684]",1,-1
40709,[0.58084668 0.34701937],40,46,"[0.5877940429991866, 0.34550221910317963]",1,-1
40710,[0.75461104 0.39438669],40,42,"[0.765559566045806, 0.37716611859716387]",1,23
40711,[0.68485316 0.31357358],40,29,"[0.7250576817720672, 0.30126581813471415]",1,-1
40712,[0.60407969 0.37329338],40,46,"[0.5877940429991866, 0.34550221910317963]",1,-1
40713,[0.64687587 0.52243305],40,10,"[0.6101257152780476, 0.5394800330734051]",1,-1
40714,[0.7157763  0.44085139],40,30,"[0.6934973256581222, 0.4131681772802667]",1,-1
40715,[0.66384383 0.32065762],40,29,"[0.7250576817720672, 0.30126581813471415]",1,-1
40716,[0.69716263 0.4646135 ],40,26,"[0.6734889003123068, 0.4756404454441684]",1,-1
40717,[0.81275269 0.44751786],40,14,"[0.8486155699332081, 0.42850029565542425]",1,-1
40718,[0.67851877 0.47720267],40,26,"[0.6734889003123068, 0.4756404454441684]",1,39
40719,[0.61851741 0.35881233],40,46,"[0.5877940429991866, 0.34550221910317963]",1,-1
40720,[0.79687486 0.36791757],40,42,"[0.765559566045806, 0.37716611859716387]",1,-1
40721,[0.66419932 0.38010686],40,28,"[0.6409610568572724, 0.3943628717562158]",1,-1
40722,[0.69163282 0.38868169],40,30,"[0.6934973256581222, 0.4131681772802667]",1,-1
40723,[0.58057012 0.34430569],40,46,"[0.5877940429991866, 0.34550221910317963]",1,-1
40724,[0.59254087 0.39436683],40,27,"[0.5866068271601823, 0.4386408725933068]",1,-1
40725,[0.63164857 0.35520308],40,28,"[0.6409610568572724, 0.3943628717562158]",1,-1
40726,[0.72004929 0.30156104],40,29,"[0.7250576817720672, 0.30126581813471415]",1,-1
40727,[0.66356573 0.32680102],40,29,"[0.7250576817720672, 0.30126581813471415]",1,-1
40728,[0.70574979 0.2836336 ],40,29,"[0.7250576817720672, 0.30126581813471415]",1,-1
40729,[0.62467689 0.42026164],40,28,"[0.6409610568572724, 0.3943628717562158]",1,-1
40730,[0.61730026 0.40561032],40,28,"[0.6409610568572724, 0.3943628717562158]",1,58
40731,[0.70902444 0.30909544],40,29,"[0.7250576817720672, 0.30126581813471415]",1,-1
40732,[0.70970668 0.38090607],40,30,"[0.6934973256581222, 0.4131681772802667]",1,-1
40733,[0.78797533 0.3722727 ],40,42,"[0.765559566045806, 0.37716611859716387]",1,-1
40734,[0.73181512 0.38701444],40,42,"[0.765559566045806, 0.37716611859716387]",1,-1
40735,[0.63616364 0.33004918],40,46,"[0.5877940429991866, 0.34550221910317963]",1,-1
40736,[0.62682209 0.38405002],40,28,"[0.6409610568572724, 0.3943628717562158]",1,-1
40737,[0.65168292 0.38220959],40,28,"[0.6409610568572724, 0.3943628717562158]",1,-1
40738,[0.63006123 0.4281778 ],40,28,"[0.6409610568572724, 0.3943628717562158]",1,58
40739,[0.71509897 0.56380011],40,11,"[0.7051682617613192, 0.574171671796882]",1,-1
40740,[0.72054197 0.36816699],40,42,"[0.765559566045806, 0.37716611859716387]",1,-1
40741,[0.60846148 0.34459943],40,46,"[0.5877940429991866, 0.34550221910317963]",1,-1
40742,[0.70730841 0.44100057],40,30,"[0.6934973256581222, 0.4131681772802667]",1,-1
40743,[0.7586222  0.44369293],40,32,"[0.7535856051996079, 0.45307884495298306]",1,-1
40744,[0.74301899 0.44933265],40,32,"[0.7535856051996079, 0.45307884495298306]",1,-1
40745,[0.70166638 0.42303216],40,30,"[0.6934973256581222, 0.4131681772802667]",1,57
40746,[0.6957581  0.42244989],40,30,"[0.6934973256581222, 0.4131681772802667]",1,-1
40747,[0.69310606 0.28549256],40,29,"[0.7250576817720672, 0.30126581813471415]",1,-1
40748,[0.63099275 0.3936102 ],40,28,"[0.6409610568572724, 0.3943628717562158]",1,-1
40749,[0.64993891 0.29439157],40,-1,-1,1,-1
40750,[0.70809518 0.37968799],40,30,"[0.6934973256581222, 0.4131681772802667]",1,-1
40751,[0.65743959 0.38749954],40,28,"[0.6409610568572724, 0.3943628717562158]",1,-1
40752,[0.60283064 0.42364642],40,27,"[0.5866068271601823, 0.4386408725933068]",1,-1
40753,[0.70196646 0.37251538],40,30,"[0.6934973256581222, 0.4131681772802667]",1,-1
40754,[0.66534202 0.39420995],40,28,"[0.6409610568572724, 0.3943628717562158]",1,57
40755,[0.6112803 0.3369321],40,46,"[0.5877940429991866, 0.34550221910317963]",1,-1
40756,[0.65747302 0.39475697],40,28,"[0.6409610568572724, 0.3943628717562158]",1,57
40757,[0.68640073 0.30113964],40,29,"[0.7250576817720672, 0.30126581813471415]",1,-1
40758,[0.71714098 0.45848236],40,32,"[0.7535856051996079, 0.45307884495298306]",1,-1
40759,[0.68869238 0.40032379],40,30,"[0.6934973256581222, 0.4131681772802667]",1,-1
40760,[0.66710152 0.39177036],40,28,"[0.6409610568572724, 0.3943628717562158]",1,-1
40761,[0.75306775 0.35344695],40,42,"[0.765559566045806, 0.37716611859716387]",1,-1
40762,[0.73773806 0.37818433],40,42,"[0.765559566045806, 0.37716611859716387]",1,-1
40763,[0.75121077 0.32343076],40,29,"[0.7250576817720672, 0.30126581813471415]",1,-1
40764,[0.64547466 0.45920496],40,26,"[0.6734889003123068, 0.4756404454441684]",1,-1
40765,[0.62903211 0.4769227 ],40,26,"[0.6734889003123068, 0.4756404454441684]",1,-1
40766,[0.74362419 0.42704718],40,32,"[0.7535856051996079, 0.45307884495298306]",1,-1
40767,[0.63151407 0.3472024 ],40,46,"[0.5877940429991866, 0.34550221910317963]",1,-1
40768,[0.63347176 0.53278045],40,10,"[0.6101257152780476, 0.5394800330734051]",1,-1
40769,[0.62951353 0.40803864],40,28,"[0.6409610568572724, 0.3943628717562158]",1,-1
40770,[0.70866138 0.27648732],40,29,"[0.7250576817720672, 0.30126581813471415]",1,-1
40771,[0.64453087 0.42605175],40,28,"[0.6409610568572724, 0.3943628717562158]",1,-1
40772,[0.68128202 0.37168945],40,30,"[0.6934973256581222, 0.4131681772802667]",1,-1
40773,[0.59942874 0.37929032],40,46,"[0.5877940429991866, 0.34550221910317963]",1,-1
40774,[0.68834172 0.40113958],40,30,"[0.6934973256581222, 0.4131681772802667]",1,-1
40775,[0.72805685 0.39795677],40,30,"[0.6934973256581222, 0.4131681772802667]",1,-1
40776,[0.62922405 0.35711532],40,28,"[0.6409610568572724, 0.3943628717562158]",1,-1
40777,[0.65521673 0.35883362],40,28,"[0.6409610568572724, 0.3943628717562158]",1,-1
40778,[0.66285557 0.43750162],40,30,"[0.6934973256581222, 0.4131681772802667]",1,-1
40779,[0.68933982 0.37245678],40,30,"[0.6934973256581222, 0.4131681772802667]",1,-1
40780,[0.68087567 0.41737661],40,30,"[0.6934973256581222, 0.4131681772802667]",1,-1
40781,[0.55759151 0.35641382],40,46,"[0.5877940429991866, 0.34550221910317963]",1,-1
40782,[0.64228121 0.42455051],40,28,"[0.6409610568572724, 0.3943628717562158]",1,-1
40783,[0.68409777 0.47755139],40,26,"[0.6734889003123068, 0.4756404454441684]",1,39
40784,[0.62473286 0.43258386],40,27,"[0.5866068271601823, 0.4386408725933068]",1,-1
40785,[0.68283702 0.46961816],40,26,"[0.6734889003123068, 0.4756404454441684]",1,39
40786,[0.59548254 0.3971116 ],40,27,"[0.5866068271601823, 0.4386408725933068]",1,-1
40787,[0.69611307 0.39297453],40,30,"[0.6934973256581222, 0.4131681772802667]",1,-1
40788,[0.74021583 0.36047701],40,42,"[0.765559566045806, 0.37716611859716387]",1,-1
40789,[0.64486035 0.37026655],40,28,"[0.6409610568572724, 0.3943628717562158]",1,-1
40790,[0.65338556 0.35943012],40,28,"[0.6409610568572724, 0.3943628717562158]",1,-1
40791,[0.5594521  0.49967491],40,2,"[0.5181425386759565, 0.548951681512668]",1,-1
40792,[0.66343345 0.39452695],40,28,"[0.6409610568572724, 0.3943628717562158]",1,57
40793,[0.61780929 0.40888431],40,28,"[0.6409610568572724, 0.3943628717562158]",1,58
40794,[0.59997437 0.48229531],40,27,"[0.5866068271601823, 0.4386408725933068]",1,-1
40795,[0.61218128 0.40238106],40,28,"[0.6409610568572724, 0.3943628717562158]",1,-1
40796,[0.70514919 0.42763758],40,30,"[0.6934973256581222, 0.4131681772802667]",1,-1
40797,[0.7109346  0.42253156],40,30,"[0.6934973256581222, 0.4131681772802667]",1,-1
40798,[0.65671342 0.37560386],40,28,"[0.6409610568572724, 0.3943628717562158]",1,-1
40799,[0.66332447 0.3941534 ],40,28,"[0.6409610568572724, 0.3943628717562158]",1,57
40800,[0.73214048 0.45528783],40,32,"[0.7535856051996079, 0.45307884495298306]",1,-1
40801,[0.74061733 0.45027858],40,32,"[0.7535856051996079, 0.45307884495298306]",1,-1
40802,[0.68765534 0.43626867],40,30,"[0.6934973256581222, 0.4131681772802667]",1,-1
40803,[0.74406841 0.35393771],40,42,"[0.765559566045806, 0.37716611859716387]",1,-1
40804,[0.60715055 0.34485275],40,46,"[0.5877940429991866, 0.34550221910317963]",1,-1
40805,[0.58357557 0.37299378],40,46,"[0.5877940429991866, 0.34550221910317963]",1,-1
40806,[0.79442837 0.42392273],40,32,"[0.7535856051996079, 0.45307884495298306]",1,38
40807,[0.64403613 0.36520497],40,28,"[0.6409610568572724, 0.3943628717562158]",1,-1
40808,[0.65416989 0.49457112],40,26,"[0.6734889003123068, 0.4756404454441684]",1,-1
40809,[0.71272487 0.47010489],40,26,"[0.6734889003123068, 0.4756404454441684]",1,52
40810,[0.71623406 0.46310082],40,32,"[0.7535856051996079, 0.45307884495298306]",1,52
40811,[0.69404472 0.30795195],40,29,"[0.7250576817720672, 0.30126581813471415]",1,-1
40812,[0.66335148 0.3632347 ],40,28,"[0.6409610568572724, 0.3943628717562158]",1,-1
40813,[0.6280243  0.34337503],40,46,"[0.5877940429991866, 0.34550221910317963]",1,-1
40814,[0.68663    0.34256544],40,29,"[0.7250576817720672, 0.30126581813471415]",1,-1
40815,[0.65496114 0.39464471],40,28,"[0.6409610568572724, 0.3943628717562158]",1,-1
40816,[0.59018163 0.3805332 ],40,46,"[0.5877940429991866, 0.34550221910317963]",1,-1
40817,[0.6360242  0.40741679],40,28,"[0.6409610568572724, 0.3943628717562158]",1,-1
40818,[0.73665545 0.31471365],40,29,"[0.7250576817720672, 0.30126581813471415]",1,-1
40819,[0.59917204 0.3138889 ],40,46,"[0.5877940429991866, 0.34550221910317963]",1,-1
40820,[0.58851647 0.37456724],40,46,"[0.5877940429991866, 0.34550221910317963]",1,-1
40821,[0.77012025 0.46218023],40,32,"[0.7535856051996079, 0.45307884495298306]",1,-1
40822,[0.61164118 0.415776  ],40,27,"[0.5866068271601823, 0.4386408725933068]",1,-1
40823,[0.72018279 0.4544377 ],40,32,"[0.7535856051996079, 0.45307884495298306]",1,-1
40824,[0.62031954 0.45887046],40,27,"[0.5866068271601823, 0.4386408725933068]",1,-1
40825,[0.68124827 0.32097503],40,29,"[0.7250576817720672, 0.30126581813471415]",1,-1
40826,[0.68606668 0.42837874],40,30,"[0.6934973256581222, 0.4131681772802667]",1,-1
40827,[0.72761352 0.41300123],40,30,"[0.6934973256581222, 0.4131681772802667]",1,-1
40828,[0.63408537 0.43859838],40,28,"[0.6409610568572724, 0.3943628717562158]",1,-1
40829,[0.62122067 0.44731604],40,27,"[0.5866068271601823, 0.4386408725933068]",1,-1
40830,[0.74171798 0.44740997],40,32,"[0.7535856051996079, 0.45307884495298306]",1,-1
40831,[0.72146682 0.37058286],40,42,"[0.765559566045806, 0.37716611859716387]",1,-1
40832,[0.58104589 0.44113299],40,27,"[0.5866068271601823, 0.4386408725933068]",1,-1
40833,[0.58306182 0.34414375],40,46,"[0.5877940429991866, 0.34550221910317963]",1,-1
40834,[0.67748949 0.48283918],40,26,"[0.6734889003123068, 0.4756404454441684]",1,-1
40835,[0.55787214 0.41793473],40,27,"[0.5866068271601823, 0.4386408725933068]",1,-1
40836,[0.60429811 0.37494437],40,46,"[0.5877940429991866, 0.34550221910317963]",1,-1
40837,[0.67031631 0.45051853],40,26,"[0.6734889003123068, 0.4756404454441684]",1,-1
40838,[0.5688208  0.43221044],40,27,"[0.5866068271601823, 0.4386408725933068]",1,-1
40839,[0.66166547 0.37158322],40,28,"[0.6409610568572724, 0.3943628717562158]",1,-1
40840,[0.59318662 0.33493895],40,46,"[0.5877940429991866, 0.34550221910317963]",1,-1
40841,[0.74049214 0.43055738],40,32,"[0.7535856051996079, 0.45307884495298306]",1,-1
40842,[0.72127167 0.33347337],40,29,"[0.7250576817720672, 0.30126581813471415]",1,-1
40843,[0.70016833 0.34051546],40,29,"[0.7250576817720672, 0.30126581813471415]",1,-1
40844,[0.63832505 0.47461671],40,26,"[0.6734889003123068, 0.4756404454441684]",1,-1
40845,[0.76027631 0.3425194 ],40,42,"[0.765559566045806, 0.37716611859716387]",1,-1
40846,[0.63366664 0.32308899],40,46,"[0.5877940429991866, 0.34550221910317963]",1,-1
40847,[0.65479968 0.42892935],40,28,"[0.6409610568572724, 0.3943628717562158]",1,56
40848,[0.60751687 0.3881396 ],40,28,"[0.6409610568572724, 0.3943628717562158]",1,-1
40849,[0.71597469 0.3963751 ],40,30,"[0.6934973256581222, 0.4131681772802667]",1,-1
40850,[0.66278677 0.47112805],40,26,"[0.6734889003123068, 0.4756404454441684]",1,-1
40851,[0.69776009 0.40545954],40,30,"[0.6934973256581222, 0.4131681772802667]",1,57
40852,[0.66636362 0.37493041],40,28,"[0.6409610568572724, 0.3943628717562158]",1,-1
40853,[0.62893237 0.36113392],40,28,"[0.6409610568572724, 0.3943628717562158]",1,-1
40854,[0.67885543 0.40105774],40,30,"[0.6934973256581222, 0.4131681772802667]",1,-1
40855,[0.63483276 0.45024995],40,26,"[0.6734889003123068, 0.4756404454441684]",1,-1
40856,[0.6358893  0.47092726],40,26,"[0.6734889003123068, 0.4756404454441684]",1,-1
40857,[0.74859674 0.3572644 ],40,42,"[0.765559566045806, 0.37716611859716387]",1,-1
40858,[0.64179947 0.44210003],40,26,"[0.6734889003123068, 0.4756404454441684]",1,-1
40859,[0.72563346 0.3675162 ],40,42,"[0.765559566045806, 0.37716611859716387]",1,-1
40860,[0.72230034 0.44339409],40,32,"[0.7535856051996079, 0.45307884495298306]",1,-1
40861,[0.69925279 0.39449852],40,30,"[0.6934973256581222, 0.4131681772802667]",1,-1
40862,[0.63776383 0.44361972],40,26,"[0.6734889003123068, 0.4756404454441684]",1,-1
40863,[0.72257086 0.43195165],40,30,"[0.6934973256581222, 0.4131681772802667]",1,54
40864,[0.56712127 0.41186674],40,27,"[0.5866068271601823, 0.4386408725933068]",1,-1
40865,[0.67138809 0.37052375],40,28,"[0.6409610568572724, 0.3943628717562158]",1,-1
40866,[0.76080613 0.43410878],40,32,"[0.7535856051996079, 0.45307884495298306]",1,-1
40867,[0.61050023 0.41270109],40,27,"[0.5866068271601823, 0.4386408725933068]",1,-1
40868,[0.64966485 0.3905363 ],40,28,"[0.6409610568572724, 0.3943628717562158]",1,-1
40869,[0.62083674 0.49607712],40,10,"[0.6101257152780476, 0.5394800330734051]",1,-1
40870,[0.68960215 0.4095142 ],40,30,"[0.6934973256581222, 0.4131681772802667]",1,57
40871,[0.69881275 0.41348659],40,30,"[0.6934973256581222, 0.4131681772802667]",1,-1
40872,[0.63784034 0.42765263],40,28,"[0.6409610568572724, 0.3943628717562158]",1,58
40873,[0.72693636 0.40266166],40,30,"[0.6934973256581222, 0.4131681772802667]",1,-1
40874,[0.63376988 0.47972621],40,26,"[0.6734889003123068, 0.4756404454441684]",1,-1
40875,[0.68762799 0.40303705],40,30,"[0.6934973256581222, 0.4131681772802667]",1,-1
40876,[0.7426957  0.26950261],40,29,"[0.7250576817720672, 0.30126581813471415]",1,-1
40877,[0.67714649 0.38418389],40,30,"[0.6934973256581222, 0.4131681772802667]",1,-1
40878,[0.69330436 0.47823829],40,26,"[0.6734889003123068, 0.4756404454441684]",1,-1
40879,[0.65232778 0.41312558],40,28,"[0.6409610568572724, 0.3943628717562158]",1,-1
40880,[0.70405454 0.42529945],40,30,"[0.6934973256581222, 0.4131681772802667]",1,-1
40881,[0.64984726 0.38355592],40,28,"[0.6409610568572724, 0.3943628717562158]",1,-1
40882,[0.67150816 0.35621378],40,28,"[0.6409610568572724, 0.3943628717562158]",1,-1
40883,[0.63571652 0.49222453],40,26,"[0.6734889003123068, 0.4756404454441684]",1,-1
40884,[0.69642358 0.45272358],40,26,"[0.6734889003123068, 0.4756404454441684]",1,-1
40885,[0.63584198 0.48351102],40,26,"[0.6734889003123068, 0.4756404454441684]",1,-1
40886,[0.65311397 0.42730652],40,28,"[0.6409610568572724, 0.3943628717562158]",1,56
40887,[0.67544207 0.38087161],40,30,"[0.6934973256581222, 0.4131681772802667]",1,-1
40888,[0.62370049 0.52399024],40,10,"[0.6101257152780476, 0.5394800330734051]",1,-1
40889,[0.56466751 0.38881311],40,46,"[0.5877940429991866, 0.34550221910317963]",1,-1
40890,[0.69948942 0.45824876],40,26,"[0.6734889003123068, 0.4756404454441684]",1,-1
40891,[0.69247718 0.3732576 ],40,30,"[0.6934973256581222, 0.4131681772802667]",1,-1
40892,[0.69082911 0.4107138 ],40,30,"[0.6934973256581222, 0.4131681772802667]",1,57
40893,[0.67007381 0.42386174],40,30,"[0.6934973256581222, 0.4131681772802667]",1,56
40894,[0.7119422  0.37120877],40,30,"[0.6934973256581222, 0.4131681772802667]",1,-1
40895,[0.65314228 0.37295072],40,28,"[0.6409610568572724, 0.3943628717562158]",1,-1
40896,[0.73933114 0.37886908],40,42,"[0.765559566045806, 0.37716611859716387]",1,-1
40897,[0.67219505 0.40303297],40,30,"[0.6934973256581222, 0.4131681772802667]",1,57
40898,[0.5948823  0.34997075],40,46,"[0.5877940429991866, 0.34550221910317963]",1,-1
40899,[0.68228256 0.36477865],40,30,"[0.6934973256581222, 0.4131681772802667]",1,-1
40900,[0.72107401 0.38103544],40,30,"[0.6934973256581222, 0.4131681772802667]",1,-1
40901,[0.71087702 0.51745613],40,26,"[0.6734889003123068, 0.4756404454441684]",1,33
40902,[0.68997073 0.44910182],40,26,"[0.6734889003123068, 0.4756404454441684]",1,-1
40903,[0.6475483  0.38865707],40,28,"[0.6409610568572724, 0.3943628717562158]",1,-1
40904,[0.62203454 0.32617599],40,46,"[0.5877940429991866, 0.34550221910317963]",1,-1
40905,[0.68151242 0.38270295],40,30,"[0.6934973256581222, 0.4131681772802667]",1,-1
40906,[0.60360443 0.39683704],40,28,"[0.6409610568572724, 0.3943628717562158]",1,-1
40907,[0.75572847 0.49571658],40,32,"[0.7535856051996079, 0.45307884495298306]",1,-1
40908,[0.66523351 0.45621758],40,26,"[0.6734889003123068, 0.4756404454441684]",1,-1
40909,[0.56511956 0.30730487],40,46,"[0.5877940429991866, 0.34550221910317963]",1,-1
40910,[0.65345047 0.41232968],40,28,"[0.6409610568572724, 0.3943628717562158]",1,-1
40911,[0.75945684 0.36750218],40,42,"[0.765559566045806, 0.37716611859716387]",1,-1
40912,[0.64337903 0.31194815],40,46,"[0.5877940429991866, 0.34550221910317963]",1,-1
40913,[0.68409383 0.4013402 ],40,30,"[0.6934973256581222, 0.4131681772802667]",1,-1
40914,[0.70262888 0.40509055],40,30,"[0.6934973256581222, 0.4131681772802667]",1,57
40915,[0.71563394 0.41123651],40,30,"[0.6934973256581222, 0.4131681772802667]",1,-1
40916,[0.68306754 0.4285082 ],40,30,"[0.6934973256581222, 0.4131681772802667]",1,-1
40917,[0.76296549 0.39251635],40,42,"[0.765559566045806, 0.37716611859716387]",1,-1
40918,[0.58422029 0.47492873],40,27,"[0.5866068271601823, 0.4386408725933068]",1,-1
40919,[0.67413046 0.35596971],40,28,"[0.6409610568572724, 0.3943628717562158]",1,-1
40920,[0.62164085 0.45282772],40,27,"[0.5866068271601823, 0.4386408725933068]",1,-1
40921,[0.67330216 0.35628639],40,28,"[0.6409610568572724, 0.3943628717562158]",1,-1
40922,[0.61055882 0.43513917],40,27,"[0.5866068271601823, 0.4386408725933068]",1,-1
40923,[0.6738877  0.38640568],40,30,"[0.6934973256581222, 0.4131681772802667]",1,-1
40924,[0.64536192 0.40189433],40,28,"[0.6409610568572724, 0.3943628717562158]",1,57
40925,[0.66619063 0.37334014],40,28,"[0.6409610568572724, 0.3943628717562158]",1,-1
40926,[0.68242121 0.46450758],40,26,"[0.6734889003123068, 0.4756404454441684]",1,-1
40927,[0.68254276 0.38735821],40,30,"[0.6934973256581222, 0.4131681772802667]",1,-1
40928,[0.63377982 0.40588388],40,28,"[0.6409610568572724, 0.3943628717562158]",1,57
40929,[0.62842131 0.45243544],40,27,"[0.5866068271601823, 0.4386408725933068]",1,-1
40930,[0.61111228 0.44205665],40,27,"[0.5866068271601823, 0.4386408725933068]",1,-1
40931,[0.61497697 0.42004491],40,27,"[0.5866068271601823, 0.4386408725933068]",1,-1
40932,[0.69484882 0.41498719],40,30,"[0.6934973256581222, 0.4131681772802667]",1,-1
40933,[0.65586772 0.52962619],40,10,"[0.6101257152780476, 0.5394800330734051]",1,-1
40934,[0.69581708 0.36832078],40,30,"[0.6934973256581222, 0.4131681772802667]",1,-1
40935,[0.59816215 0.38146024],40,46,"[0.5877940429991866, 0.34550221910317963]",1,-1
40936,[0.66194199 0.38730881],40,28,"[0.6409610568572724, 0.3943628717562158]",1,-1
40937,[0.71717174 0.41239423],40,30,"[0.6934973256581222, 0.4131681772802667]",1,-1
40938,[0.63100876 0.43559085],40,28,"[0.6409610568572724, 0.3943628717562158]",1,-1
40939,[0.60205226 0.42512814],40,27,"[0.5866068271601823, 0.4386408725933068]",1,-1
40940,[0.67178645 0.35660621],40,28,"[0.6409610568572724, 0.3943628717562158]",1,-1
40941,[0.72374752 0.43325616],40,32,"[0.7535856051996079, 0.45307884495298306]",1,54
40942,[0.70105722 0.41777751],40,30,"[0.6934973256581222, 0.4131681772802667]",1,-1
40943,[0.65023737 0.49659745],40,26,"[0.6734889003123068, 0.4756404454441684]",1,-1
40944,[0.66894105 0.45152822],40,26,"[0.6734889003123068, 0.4756404454441684]",1,-1
40945,[0.63530901 0.46037999],40,26,"[0.6734889003123068, 0.4756404454441684]",1,-1
40946,[0.63429365 0.39976987],40,28,"[0.6409610568572724, 0.3943628717562158]",1,-1
40947,[0.66644066 0.39173121],40,28,"[0.6409610568572724, 0.3943628717562158]",1,-1
40948,[0.6438329  0.41060175],40,28,"[0.6409610568572724, 0.3943628717562158]",1,57
40949,[0.62396668 0.41942389],40,28,"[0.6409610568572724, 0.3943628717562158]",1,-1
40950,[0.6505608  0.37207496],40,28,"[0.6409610568572724, 0.3943628717562158]",1,-1
40951,[0.6112282  0.40528648],40,28,"[0.6409610568572724, 0.3943628717562158]",1,-1
40952,[0.63268326 0.40546559],40,28,"[0.6409610568572724, 0.3943628717562158]",1,57
40953,[0.6071281  0.37155861],40,46,"[0.5877940429991866, 0.34550221910317963]",1,-1
40954,[0.70529673 0.46499266],40,26,"[0.6734889003123068, 0.4756404454441684]",1,-1
40955,[0.6707024  0.44053847],40,26,"[0.6734889003123068, 0.4756404454441684]",1,56
40956,[0.66744318 0.4550168 ],40,26,"[0.6734889003123068, 0.4756404454441684]",1,-1
40957,[0.65385318 0.42094819],40,28,"[0.6409610568572724, 0.3943628717562158]",1,-1
40958,[0.75487746 0.40711794],40,42,"[0.765559566045806, 0.37716611859716387]",1,-1
40959,[0.64074389 0.30840474],40,46,"[0.5877940429991866, 0.34550221910317963]",1,-1
40960,[0.64534028 0.39721183],40,28,"[0.6409610568572724, 0.3943628717562158]",1,-1
40961,[0.67102196 0.43766284],40,30,"[0.6934973256581222, 0.4131681772802667]",1,-1
40962,[0.62151426 0.31768045],40,46,"[0.5877940429991866, 0.34550221910317963]",1,-1
40963,[0.60871474 0.44079063],40,27,"[0.5866068271601823, 0.4386408725933068]",1,-1
40964,[0.68026716 0.44942827],40,26,"[0.6734889003123068, 0.4756404454441684]",1,-1
40965,[0.67849313 0.43481637],40,30,"[0.6934973256581222, 0.4131681772802667]",1,-1
40966,[0.73584181 0.40460365],40,42,"[0.765559566045806, 0.37716611859716387]",1,-1
40967,[0.73540152 0.3938644 ],40,42,"[0.765559566045806, 0.37716611859716387]",1,-1
40968,[0.62459344 0.31638676],40,46,"[0.5877940429991866, 0.34550221910317963]",1,-1
40969,[0.65673288 0.37644878],40,28,"[0.6409610568572724, 0.3943628717562158]",1,-1
40970,[0.62293125 0.42000755],40,28,"[0.6409610568572724, 0.3943628717562158]",1,-1
40971,[0.59526585 0.4011602 ],40,27,"[0.5866068271601823, 0.4386408725933068]",1,-1
40972,[0.70065391 0.37951864],40,30,"[0.6934973256581222, 0.4131681772802667]",1,-1
40973,[0.61153096 0.40322397],40,28,"[0.6409610568572724, 0.3943628717562158]",1,-1
40974,[0.62764188 0.43778155],40,27,"[0.5866068271601823, 0.4386408725933068]",1,-1
40975,[0.65329236 0.53058346],40,10,"[0.6101257152780476, 0.5394800330734051]",1,-1
40976,[0.62187636 0.44819619],40,27,"[0.5866068271601823, 0.4386408725933068]",1,-1
40977,[0.65495763 0.48061554],40,26,"[0.6734889003123068, 0.4756404454441684]",1,-1
40978,[0.62367019 0.4228687 ],40,28,"[0.6409610568572724, 0.3943628717562158]",1,58
40979,[0.72406234 0.32790027],40,29,"[0.7250576817720672, 0.30126581813471415]",1,-1
40980,[0.56947783 0.46625069],40,27,"[0.5866068271601823, 0.4386408725933068]",1,-1
40981,[0.61035457 0.34090271],40,46,"[0.5877940429991866, 0.34550221910317963]",1,-1
40982,[0.57530403 0.41374184],40,27,"[0.5866068271601823, 0.4386408725933068]",1,-1
40983,[0.73531002 0.41743344],40,32,"[0.7535856051996079, 0.45307884495298306]",1,54
40984,[0.73301885 0.38377635],40,42,"[0.765559566045806, 0.37716611859716387]",1,-1
40985,[0.62625946 0.34897252],40,46,"[0.5877940429991866, 0.34550221910317963]",1,-1
40986,[0.69691421 0.32947805],40,29,"[0.7250576817720672, 0.30126581813471415]",1,-1
40987,[0.61457641 0.36154792],40,46,"[0.5877940429991866, 0.34550221910317963]",1,-1
40988,[0.65953671 0.42750751],40,30,"[0.6934973256581222, 0.4131681772802667]",1,56
40989,[0.71524339 0.46429212],40,32,"[0.7535856051996079, 0.45307884495298306]",1,52
40990,[0.70679863 0.40596687],40,30,"[0.6934973256581222, 0.4131681772802667]",1,-1
40991,[0.67078188 0.42479163],40,30,"[0.6934973256581222, 0.4131681772802667]",1,56
40992,[0.58256716 0.3909458 ],40,46,"[0.5877940429991866, 0.34550221910317963]",1,-1
40993,[0.67683121 0.42832727],40,30,"[0.6934973256581222, 0.4131681772802667]",1,-1
40994,[0.77775056 0.38088692],40,42,"[0.765559566045806, 0.37716611859716387]",1,-1
40995,[0.64979567 0.40068476],40,28,"[0.6409610568572724, 0.3943628717562158]",1,57
40996,[0.67209265 0.33500437],40,29,"[0.7250576817720672, 0.30126581813471415]",1,-1
40997,[0.64957523 0.44514691],40,26,"[0.6734889003123068, 0.4756404454441684]",1,-1
40998,[0.77371742 0.41441338],40,42,"[0.765559566045806, 0.37716611859716387]",1,-1
40999,[0.63044758 0.42037523],40,28,"[0.6409610568572724, 0.3943628717562158]",1,58
41000,[0.54077356 0.56465581],41,2,"[0.5181425386759565, 0.548951681512668]",1,-1
41001,[0.39308063 0.51749293],41,18,"[0.4203234088660354, 0.508036417947434]",1,-1
41002,[0.46512699 0.50765924],41,18,"[0.4203234088660354, 0.508036417947434]",1,-1
41003,[0.43856848 0.53862849],41,18,"[0.4203234088660354, 0.508036417947434]",1,-1
41004,[0.41316603 0.57086859],41,25,"[0.38660465276603295, 0.5871767558758164]",1,-1
41005,[0.52597678 0.47084303],41,35,"[0.491626887866141, 0.45015531396212327]",1,-1
41006,[0.5273619  0.54778568],41,2,"[0.5181425386759565, 0.548951681512668]",1,65
41007,[0.49793423 0.50531833],41,2,"[0.5181425386759565, 0.548951681512668]",1,-1
41008,[0.49630454 0.66382288],41,5,"[0.47989515498241786, 0.6212764114798471]",1,-1
41009,[0.46855055 0.60911719],41,5,"[0.47989515498241786, 0.6212764114798471]",1,-1
41010,[0.53322785 0.55422912],41,2,"[0.5181425386759565, 0.548951681512668]",1,-1
41011,[0.43924324 0.55788641],41,18,"[0.4203234088660354, 0.508036417947434]",1,-1
41012,[0.52843332 0.54260562],41,2,"[0.5181425386759565, 0.548951681512668]",1,-1
41013,[0.44458423 0.5886656 ],41,5,"[0.47989515498241786, 0.6212764114798471]",1,-1
41014,[0.52224155 0.59657663],41,2,"[0.5181425386759565, 0.548951681512668]",1,-1
41015,[0.55686234 0.51866732],41,2,"[0.5181425386759565, 0.548951681512668]",1,-1
41016,[0.3964057  0.57217098],41,25,"[0.38660465276603295, 0.5871767558758164]",1,-1
41017,[0.54040927 0.62012436],41,9,"[0.5945682323783136, 0.6193254997600653]",1,-1
41018,[0.50898415 0.65817449],41,5,"[0.47989515498241786, 0.6212764114798471]",1,-1
41019,[0.47525588 0.53113128],41,2,"[0.5181425386759565, 0.548951681512668]",1,-1
41020,[0.41557313 0.57089658],41,25,"[0.38660465276603295, 0.5871767558758164]",1,-1
41021,[0.52798234 0.62654422],41,5,"[0.47989515498241786, 0.6212764114798471]",1,-1
41022,[0.53033834 0.56147124],41,2,"[0.5181425386759565, 0.548951681512668]",1,65
41023,[0.44972957 0.55604645],41,18,"[0.4203234088660354, 0.508036417947434]",1,-1
41024,[0.53707487 0.59557473],41,2,"[0.5181425386759565, 0.548951681512668]",1,-1
41025,[0.51733862 0.5741563 ],41,2,"[0.5181425386759565, 0.548951681512668]",1,-1
41026,[0.52386986 0.47667025],41,35,"[0.491626887866141, 0.45015531396212327]",1,-1
41027,[0.53559278 0.54245566],41,2,"[0.5181425386759565, 0.548951681512668]",1,-1
41028,[0.49722195 0.56116637],41,2,"[0.5181425386759565, 0.548951681512668]",1,-1
41029,[0.51194304 0.5554171 ],41,2,"[0.5181425386759565, 0.548951681512668]",1,-1
41030,[0.52012753 0.55079154],41,2,"[0.5181425386759565, 0.548951681512668]",1,-1
41031,[0.48727825 0.56487105],41,2,"[0.5181425386759565, 0.548951681512668]",1,70
41032,[0.49835153 0.53391952],41,2,"[0.5181425386759565, 0.548951681512668]",1,-1
41033,[0.45132786 0.60387114],41,5,"[0.47989515498241786, 0.6212764114798471]",1,-1
41034,[0.47461147 0.55420047],41,2,"[0.5181425386759565, 0.548951681512668]",1,-1
41035,[0.47065457 0.55902858],41,2,"[0.5181425386759565, 0.548951681512668]",1,-1
41036,[0.47967955 0.60981354],41,5,"[0.47989515498241786, 0.6212764114798471]",1,-1
41037,[0.50722902 0.57781325],41,2,"[0.5181425386759565, 0.548951681512668]",1,-1
41038,[0.51951403 0.45621606],41,35,"[0.491626887866141, 0.45015531396212327]",1,-1
41039,[0.49509096 0.49032809],41,35,"[0.491626887866141, 0.45015531396212327]",1,-1
41040,[0.44694306 0.51008469],41,18,"[0.4203234088660354, 0.508036417947434]",1,-1
41041,[0.43416815 0.60814312],41,5,"[0.47989515498241786, 0.6212764114798471]",1,-1
41042,[0.59014162 0.62676071],41,9,"[0.5945682323783136, 0.6193254997600653]",1,-1
41043,[0.49863427 0.53335685],41,2,"[0.5181425386759565, 0.548951681512668]",1,-1
41044,[0.46200293 0.49263376],41,18,"[0.4203234088660354, 0.508036417947434]",1,-1
41045,[0.52547053 0.50568342],41,2,"[0.5181425386759565, 0.548951681512668]",1,-1
41046,[0.44875507 0.53530304],41,18,"[0.4203234088660354, 0.508036417947434]",1,-1
41047,[0.49085814 0.54948343],41,2,"[0.5181425386759565, 0.548951681512668]",1,-1
41048,[0.47370544 0.54383761],41,2,"[0.5181425386759565, 0.548951681512668]",1,-1
41049,[0.53623129 0.59713858],41,2,"[0.5181425386759565, 0.548951681512668]",1,-1
41050,[0.47857656 0.61359332],41,5,"[0.47989515498241786, 0.6212764114798471]",1,-1
41051,[0.47869773 0.53665153],41,2,"[0.5181425386759565, 0.548951681512668]",1,-1
41052,[0.49576904 0.58860454],41,5,"[0.47989515498241786, 0.6212764114798471]",1,70
41053,[0.47932138 0.50974357],41,2,"[0.5181425386759565, 0.548951681512668]",1,-1
41054,[0.53542053 0.51273934],41,2,"[0.5181425386759565, 0.548951681512668]",1,-1
41055,[0.489928   0.54446428],41,2,"[0.5181425386759565, 0.548951681512668]",1,-1
41056,[0.52594981 0.61390759],41,5,"[0.47989515498241786, 0.6212764114798471]",1,-1
41057,[0.50988928 0.53005992],41,2,"[0.5181425386759565, 0.548951681512668]",1,-1
41058,[0.54068623 0.53807809],41,2,"[0.5181425386759565, 0.548951681512668]",1,-1
41059,[0.51497074 0.5936885 ],41,5,"[0.47989515498241786, 0.6212764114798471]",1,74
41060,[0.54193244 0.61357412],41,9,"[0.5945682323783136, 0.6193254997600653]",1,-1
41061,[0.49267452 0.60104178],41,5,"[0.47989515498241786, 0.6212764114798471]",1,67
41062,[0.52307906 0.54695005],41,2,"[0.5181425386759565, 0.548951681512668]",1,65
41063,[0.56716853 0.47430814],41,27,"[0.5866068271601823, 0.4386408725933068]",1,-1
41064,[0.52582008 0.53444329],41,2,"[0.5181425386759565, 0.548951681512668]",1,-1
41065,[0.52125862 0.49783498],41,2,"[0.5181425386759565, 0.548951681512668]",1,-1
41066,[0.53564689 0.48982445],41,35,"[0.491626887866141, 0.45015531396212327]",1,-1
41067,[0.47956272 0.51957233],41,2,"[0.5181425386759565, 0.548951681512668]",1,-1
41068,[0.53995818 0.50137295],41,2,"[0.5181425386759565, 0.548951681512668]",1,-1
41069,[0.45883236 0.53358204],41,18,"[0.4203234088660354, 0.508036417947434]",1,-1
41070,[0.42647388 0.55992954],41,25,"[0.38660465276603295, 0.5871767558758164]",1,-1
41071,[0.4819974  0.53696186],41,2,"[0.5181425386759565, 0.548951681512668]",1,-1
41072,[0.51819614 0.54644465],41,2,"[0.5181425386759565, 0.548951681512668]",1,-1
41073,[0.42555064 0.53776779],41,18,"[0.4203234088660354, 0.508036417947434]",1,-1
41074,[0.502582   0.52901057],41,2,"[0.5181425386759565, 0.548951681512668]",1,-1
41075,[0.46498989 0.56537079],41,2,"[0.5181425386759565, 0.548951681512668]",1,-1
41076,[0.46332187 0.59594863],41,5,"[0.47989515498241786, 0.6212764114798471]",1,-1
41077,[0.43186612 0.57703322],41,25,"[0.38660465276603295, 0.5871767558758164]",1,-1
41078,[0.45431705 0.5049892 ],41,18,"[0.4203234088660354, 0.508036417947434]",1,-1
41079,[0.50744614 0.51789861],41,2,"[0.5181425386759565, 0.548951681512668]",1,-1
41080,[0.41728372 0.4899763 ],41,18,"[0.4203234088660354, 0.508036417947434]",1,-1
41081,[0.54492487 0.56245041],41,2,"[0.5181425386759565, 0.548951681512668]",1,-1
41082,[0.55476913 0.61310779],41,9,"[0.5945682323783136, 0.6193254997600653]",1,-1
41083,[0.42547052 0.62453516],41,45,"[0.4377614438459196, 0.655911915550708]",1,-1
41084,[0.44512877 0.59243287],41,5,"[0.47989515498241786, 0.6212764114798471]",1,-1
41085,[0.3689578  0.53943928],41,25,"[0.38660465276603295, 0.5871767558758164]",1,-1
41086,[0.51868097 0.57816247],41,2,"[0.5181425386759565, 0.548951681512668]",1,-1
41087,[0.4298009  0.55098153],41,18,"[0.4203234088660354, 0.508036417947434]",1,-1
41088,[0.54536053 0.60376594],41,9,"[0.5945682323783136, 0.6193254997600653]",1,-1
41089,[0.46377485 0.61784452],41,5,"[0.47989515498241786, 0.6212764114798471]",1,-1
41090,[0.48241756 0.61068559],41,5,"[0.47989515498241786, 0.6212764114798471]",1,-1
41091,[0.53123032 0.57946727],41,2,"[0.5181425386759565, 0.548951681512668]",1,-1
41092,[0.45236086 0.52918236],41,18,"[0.4203234088660354, 0.508036417947434]",1,-1
41093,[0.46578574 0.56135275],41,2,"[0.5181425386759565, 0.548951681512668]",1,-1
41094,[0.44420345 0.57525685],41,5,"[0.47989515498241786, 0.6212764114798471]",1,-1
41095,[0.50366186 0.56621967],41,2,"[0.5181425386759565, 0.548951681512668]",1,-1
41096,[0.49098888 0.47665821],41,35,"[0.491626887866141, 0.45015531396212327]",1,-1
41097,[0.52840612 0.4827127 ],41,35,"[0.491626887866141, 0.45015531396212327]",1,-1
41098,[0.51276721 0.47048961],41,35,"[0.491626887866141, 0.45015531396212327]",1,-1
41099,[0.50707868 0.57013097],41,2,"[0.5181425386759565, 0.548951681512668]",1,-1
41100,[0.46551323 0.60126354],41,5,"[0.47989515498241786, 0.6212764114798471]",1,-1
41101,[0.52256126 0.65020865],41,5,"[0.47989515498241786, 0.6212764114798471]",1,-1
41102,[0.51295217 0.56548552],41,2,"[0.5181425386759565, 0.548951681512668]",1,-1
41103,[0.47608145 0.55067499],41,2,"[0.5181425386759565, 0.548951681512668]",1,-1
41104,[0.58762027 0.51504071],41,10,"[0.6101257152780476, 0.5394800330734051]",1,-1
41105,[0.46159651 0.5586496 ],41,2,"[0.5181425386759565, 0.548951681512668]",1,-1
41106,[0.47880694 0.63545589],41,5,"[0.47989515498241786, 0.6212764114798471]",1,-1
41107,[0.49636702 0.56610291],41,2,"[0.5181425386759565, 0.548951681512668]",1,-1
41108,[0.59149217 0.57477542],41,10,"[0.6101257152780476, 0.5394800330734051]",1,-1
41109,[0.46034303 0.54723361],41,18,"[0.4203234088660354, 0.508036417947434]",1,-1
41110,[0.41191001 0.57810648],41,25,"[0.38660465276603295, 0.5871767558758164]",1,-1
41111,[0.48833578 0.5448486 ],41,2,"[0.5181425386759565, 0.548951681512668]",1,-1
41112,[0.52734894 0.62242525],41,5,"[0.47989515498241786, 0.6212764114798471]",1,-1
41113,[0.55206368 0.57707327],41,2,"[0.5181425386759565, 0.548951681512668]",1,-1
41114,[0.4142924  0.58620157],41,25,"[0.38660465276603295, 0.5871767558758164]",1,-1
41115,[0.52665717 0.53502574],41,2,"[0.5181425386759565, 0.548951681512668]",1,-1
41116,[0.46766579 0.59767309],41,5,"[0.47989515498241786, 0.6212764114798471]",1,-1
41117,[0.47303221 0.58582895],41,5,"[0.47989515498241786, 0.6212764114798471]",1,70
41118,[0.56134536 0.56623035],41,2,"[0.5181425386759565, 0.548951681512668]",1,-1
41119,[0.44663936 0.61023201],41,5,"[0.47989515498241786, 0.6212764114798471]",1,60
41120,[0.5189669  0.49379749],41,35,"[0.491626887866141, 0.45015531396212327]",1,-1
41121,[0.43030572 0.47156839],41,18,"[0.4203234088660354, 0.508036417947434]",1,-1
41122,[0.50752162 0.4270769 ],41,35,"[0.491626887866141, 0.45015531396212327]",1,8
41123,[0.53207986 0.46260187],41,35,"[0.491626887866141, 0.45015531396212327]",1,-1
41124,[0.53832035 0.61507143],41,9,"[0.5945682323783136, 0.6193254997600653]",1,-1
41125,[0.5107677  0.55534334],41,2,"[0.5181425386759565, 0.548951681512668]",1,-1
41126,[0.47897462 0.54002374],41,2,"[0.5181425386759565, 0.548951681512668]",1,-1
41127,[0.5924224  0.54295978],41,10,"[0.6101257152780476, 0.5394800330734051]",1,-1
41128,[0.47208894 0.52199521],41,2,"[0.5181425386759565, 0.548951681512668]",1,49
41129,[0.46825756 0.52045744],41,18,"[0.4203234088660354, 0.508036417947434]",1,-1
41130,[0.53624828 0.56580535],41,2,"[0.5181425386759565, 0.548951681512668]",1,65
41131,[0.59626281 0.55273584],41,10,"[0.6101257152780476, 0.5394800330734051]",1,-1
41132,[0.43233183 0.57022047],41,25,"[0.38660465276603295, 0.5871767558758164]",1,-1
41133,[0.49071146 0.56865014],41,2,"[0.5181425386759565, 0.548951681512668]",1,-1
41134,[0.50050155 0.62185998],41,5,"[0.47989515498241786, 0.6212764114798471]",1,-1
41135,[0.54825918 0.61557196],41,9,"[0.5945682323783136, 0.6193254997600653]",1,-1
41136,[0.45970516 0.59492933],41,5,"[0.47989515498241786, 0.6212764114798471]",1,-1
41137,[0.45831641 0.59667611],41,5,"[0.47989515498241786, 0.6212764114798471]",1,-1
41138,[0.49854278 0.58974124],41,5,"[0.47989515498241786, 0.6212764114798471]",1,-1
41139,[0.44884981 0.49485096],41,18,"[0.4203234088660354, 0.508036417947434]",1,-1
41140,[0.54821951 0.52661177],41,2,"[0.5181425386759565, 0.548951681512668]",1,-1
41141,[0.48525606 0.57000471],41,2,"[0.5181425386759565, 0.548951681512668]",1,70
41142,[0.46704143 0.53217892],41,18,"[0.4203234088660354, 0.508036417947434]",1,-1
41143,[0.38620332 0.52049896],41,18,"[0.4203234088660354, 0.508036417947434]",1,-1
41144,[0.48973857 0.58215728],41,5,"[0.47989515498241786, 0.6212764114798471]",1,70
41145,[0.49172724 0.61847843],41,5,"[0.47989515498241786, 0.6212764114798471]",1,-1
41146,[0.48463736 0.5645816 ],41,2,"[0.5181425386759565, 0.548951681512668]",1,-1
41147,[0.49751988 0.54798972],41,2,"[0.5181425386759565, 0.548951681512668]",1,-1
41148,[0.47136834 0.64450138],41,5,"[0.47989515498241786, 0.6212764114798471]",1,-1
41149,[0.50948184 0.58953016],41,2,"[0.5181425386759565, 0.548951681512668]",1,74
41150,[0.45364502 0.5224417 ],41,18,"[0.4203234088660354, 0.508036417947434]",1,-1
41151,[0.51052373 0.53323927],41,2,"[0.5181425386759565, 0.548951681512668]",1,-1
41152,[0.48382421 0.59422302],41,5,"[0.47989515498241786, 0.6212764114798471]",1,-1
41153,[0.48786426 0.39619916],41,37,"[0.4780366509520634, 0.3686118735311782]",1,-1
41154,[0.48208509 0.59312869],41,5,"[0.47989515498241786, 0.6212764114798471]",1,-1
41155,[0.4856135  0.66447457],41,5,"[0.47989515498241786, 0.6212764114798471]",1,-1
41156,[0.47277521 0.57860689],41,5,"[0.47989515498241786, 0.6212764114798471]",1,-1
41157,[0.43563864 0.60012465],41,5,"[0.47989515498241786, 0.6212764114798471]",1,-1
41158,[0.5171745  0.53290031],41,2,"[0.5181425386759565, 0.548951681512668]",1,65
41159,[0.53540817 0.52128719],41,2,"[0.5181425386759565, 0.548951681512668]",1,-1
41160,[0.53257354 0.62440267],41,5,"[0.47989515498241786, 0.6212764114798471]",1,-1
41161,[0.42343407 0.55148355],41,18,"[0.4203234088660354, 0.508036417947434]",1,-1
41162,[0.50616446 0.50663356],41,2,"[0.5181425386759565, 0.548951681512668]",1,-1
41163,[0.51192849 0.66716002],41,5,"[0.47989515498241786, 0.6212764114798471]",1,-1
41164,[0.56684793 0.62012606],41,9,"[0.5945682323783136, 0.6193254997600653]",1,-1
41165,[0.41891404 0.5610177 ],41,25,"[0.38660465276603295, 0.5871767558758164]",1,-1
41166,[0.53830116 0.54814252],41,2,"[0.5181425386759565, 0.548951681512668]",1,65
41167,[0.53225054 0.63653385],41,5,"[0.47989515498241786, 0.6212764114798471]",1,-1
41168,[0.51490717 0.55791151],41,2,"[0.5181425386759565, 0.548951681512668]",1,-1
41169,[0.42042923 0.62830293],41,45,"[0.4377614438459196, 0.655911915550708]",1,-1
41170,[0.45513985 0.53399091],41,18,"[0.4203234088660354, 0.508036417947434]",1,-1
41171,[0.51137178 0.56675875],41,2,"[0.5181425386759565, 0.548951681512668]",1,-1
41172,[0.44373907 0.58485895],41,5,"[0.47989515498241786, 0.6212764114798471]",1,-1
41173,[0.50533093 0.509691  ],41,2,"[0.5181425386759565, 0.548951681512668]",1,-1
41174,[0.46210303 0.4828511 ],41,35,"[0.491626887866141, 0.45015531396212327]",1,-1
41175,[0.48424156 0.5815819 ],41,5,"[0.47989515498241786, 0.6212764114798471]",1,70
41176,[0.46197021 0.64922416],41,45,"[0.4377614438459196, 0.655911915550708]",1,-1
41177,[0.49910088 0.4734072 ],41,35,"[0.491626887866141, 0.45015531396212327]",1,-1
41178,[0.52576561 0.60433535],41,5,"[0.47989515498241786, 0.6212764114798471]",1,-1
41179,[0.474518   0.56637524],41,2,"[0.5181425386759565, 0.548951681512668]",1,-1
41180,[0.48397998 0.56487312],41,2,"[0.5181425386759565, 0.548951681512668]",1,-1
41181,[0.5352031 0.6047238],41,5,"[0.47989515498241786, 0.6212764114798471]",1,-1
41182,[0.47324925 0.55264868],41,2,"[0.5181425386759565, 0.548951681512668]",1,-1
41183,[0.45493797 0.56635485],41,5,"[0.47989515498241786, 0.6212764114798471]",1,-1
41184,[0.55059998 0.51592675],41,2,"[0.5181425386759565, 0.548951681512668]",1,-1
41185,[0.43344416 0.57616123],41,25,"[0.38660465276603295, 0.5871767558758164]",1,60
41186,[0.46646872 0.59238343],41,5,"[0.47989515498241786, 0.6212764114798471]",1,-1
41187,[0.49312746 0.51739486],41,2,"[0.5181425386759565, 0.548951681512668]",1,-1
41188,[0.51528135 0.53598215],41,2,"[0.5181425386759565, 0.548951681512668]",1,-1
41189,[0.46321833 0.55012388],41,2,"[0.5181425386759565, 0.548951681512668]",1,-1
41190,[0.52688585 0.56202174],41,2,"[0.5181425386759565, 0.548951681512668]",1,65
41191,[0.56188034 0.51653065],41,10,"[0.6101257152780476, 0.5394800330734051]",1,-1
41192,[0.41437991 0.60479126],41,25,"[0.38660465276603295, 0.5871767558758164]",1,-1
41193,[0.45500384 0.49532953],41,18,"[0.4203234088660354, 0.508036417947434]",1,-1
41194,[0.52168317 0.57713987],41,2,"[0.5181425386759565, 0.548951681512668]",1,-1
41195,[0.73515658 0.53547586],41,11,"[0.7051682617613192, 0.574171671796882]",1,-1
41196,[0.5243723  0.52935282],41,2,"[0.5181425386759565, 0.548951681512668]",1,-1
41197,[0.48936355 0.4933768 ],41,35,"[0.491626887866141, 0.45015531396212327]",1,-1
41198,[0.48832908 0.48509361],41,35,"[0.491626887866141, 0.45015531396212327]",1,-1
41199,[0.52393506 0.56543882],41,2,"[0.5181425386759565, 0.548951681512668]",1,-1
41200,[0.50469697 0.59355088],41,5,"[0.47989515498241786, 0.6212764114798471]",1,-1
41201,[0.41893498 0.47262889],41,18,"[0.4203234088660354, 0.508036417947434]",1,-1
41202,[0.49286954 0.5425113 ],41,2,"[0.5181425386759565, 0.548951681512668]",1,-1
41203,[0.4361877 0.586295 ],41,25,"[0.38660465276603295, 0.5871767558758164]",1,60
41204,[0.52237846 0.5395981 ],41,2,"[0.5181425386759565, 0.548951681512668]",1,-1
41205,[0.48057351 0.54703826],41,2,"[0.5181425386759565, 0.548951681512668]",1,-1
41206,[0.46841056 0.46198366],41,35,"[0.491626887866141, 0.45015531396212327]",1,-1
41207,[0.52706548 0.57546152],41,2,"[0.5181425386759565, 0.548951681512668]",1,-1
41208,[0.46874539 0.54851285],41,2,"[0.5181425386759565, 0.548951681512668]",1,-1
41209,[0.44815276 0.56169142],41,18,"[0.4203234088660354, 0.508036417947434]",1,-1
41210,[0.54935946 0.46099871],41,27,"[0.5866068271601823, 0.4386408725933068]",1,-1
41211,[0.53530429 0.52044527],41,2,"[0.5181425386759565, 0.548951681512668]",1,-1
41212,[0.4863374  0.48412281],41,35,"[0.491626887866141, 0.45015531396212327]",1,-1
41213,[0.47401749 0.63191976],41,5,"[0.47989515498241786, 0.6212764114798471]",1,-1
41214,[0.6017654 0.4979409],41,10,"[0.6101257152780476, 0.5394800330734051]",1,34
41215,[0.4655451  0.51505939],41,18,"[0.4203234088660354, 0.508036417947434]",1,-1
41216,[0.43997499 0.51612264],41,18,"[0.4203234088660354, 0.508036417947434]",1,-1
41217,[0.53531865 0.61384871],41,5,"[0.47989515498241786, 0.6212764114798471]",1,-1
41218,[0.44118865 0.54717368],41,18,"[0.4203234088660354, 0.508036417947434]",1,-1
41219,[0.55879676 0.54612305],41,2,"[0.5181425386759565, 0.548951681512668]",1,-1
41220,[0.57966445 0.47509953],41,27,"[0.5866068271601823, 0.4386408725933068]",1,-1
41221,[0.53883992 0.51294869],41,2,"[0.5181425386759565, 0.548951681512668]",1,-1
41222,[0.55854528 0.54514273],41,2,"[0.5181425386759565, 0.548951681512668]",1,-1
41223,[0.48364372 0.60253307],41,5,"[0.47989515498241786, 0.6212764114798471]",1,-1
41224,[0.45534838 0.57279259],41,5,"[0.47989515498241786, 0.6212764114798471]",1,-1
41225,[0.52159501 0.50036829],41,2,"[0.5181425386759565, 0.548951681512668]",1,-1
41226,[0.47589905 0.62458733],41,5,"[0.47989515498241786, 0.6212764114798471]",1,-1
41227,[0.43378799 0.62195699],41,45,"[0.4377614438459196, 0.655911915550708]",1,-1
41228,[0.47612036 0.58001894],41,5,"[0.47989515498241786, 0.6212764114798471]",1,-1
41229,[0.48743253 0.60361294],41,5,"[0.47989515498241786, 0.6212764114798471]",1,-1
41230,[0.50912087 0.53291641],41,2,"[0.5181425386759565, 0.548951681512668]",1,-1
41231,[0.55094061 0.59443116],41,9,"[0.5945682323783136, 0.6193254997600653]",1,-1
41232,[0.50784808 0.54417104],41,2,"[0.5181425386759565, 0.548951681512668]",1,-1
41233,[0.43674046 0.54049317],41,18,"[0.4203234088660354, 0.508036417947434]",1,-1
41234,[0.45845706 0.54795021],41,18,"[0.4203234088660354, 0.508036417947434]",1,-1
41235,[0.55164833 0.52157495],41,2,"[0.5181425386759565, 0.548951681512668]",1,-1
41236,[0.53686773 0.52812472],41,2,"[0.5181425386759565, 0.548951681512668]",1,-1
41237,[0.46771235 0.53572999],41,2,"[0.5181425386759565, 0.548951681512668]",1,-1
41238,[0.5136639  0.59331713],41,5,"[0.47989515498241786, 0.6212764114798471]",1,74
41239,[0.4326208  0.60968032],41,45,"[0.4377614438459196, 0.655911915550708]",1,-1
41240,[0.53765192 0.58035911],41,2,"[0.5181425386759565, 0.548951681512668]",1,65
41241,[0.41425191 0.51835837],41,18,"[0.4203234088660354, 0.508036417947434]",1,-1
41242,[0.42502225 0.57475364],41,25,"[0.38660465276603295, 0.5871767558758164]",1,-1
41243,[0.57506488 0.53887244],41,10,"[0.6101257152780476, 0.5394800330734051]",1,-1
41244,[0.39553009 0.58301296],41,25,"[0.38660465276603295, 0.5871767558758164]",1,-1
41245,[0.49420966 0.59030834],41,5,"[0.47989515498241786, 0.6212764114798471]",1,70
41246,[0.57387727 0.59696427],41,9,"[0.5945682323783136, 0.6193254997600653]",1,68
41247,[0.51338316 0.54863612],41,2,"[0.5181425386759565, 0.548951681512668]",1,-1
41248,[0.55085846 0.60525372],41,9,"[0.5945682323783136, 0.6193254997600653]",1,66
41249,[0.48288645 0.50744725],41,2,"[0.5181425386759565, 0.548951681512668]",1,-1
41250,[0.43972924 0.63071394],41,45,"[0.4377614438459196, 0.655911915550708]",1,60
41251,[0.54696322 0.54754539],41,2,"[0.5181425386759565, 0.548951681512668]",1,-1
41252,[0.45338743 0.63410611],41,45,"[0.4377614438459196, 0.655911915550708]",1,60
41253,[0.44294317 0.55676194],41,18,"[0.4203234088660354, 0.508036417947434]",1,-1
41254,[0.48095617 0.57128913],41,2,"[0.5181425386759565, 0.548951681512668]",1,-1
41255,[0.51848951 0.54034371],41,2,"[0.5181425386759565, 0.548951681512668]",1,-1
41256,[0.51925044 0.51579408],41,2,"[0.5181425386759565, 0.548951681512668]",1,-1
41257,[0.48158953 0.58540309],41,5,"[0.47989515498241786, 0.6212764114798471]",1,-1
41258,[0.45478168 0.57104768],41,5,"[0.47989515498241786, 0.6212764114798471]",1,-1
41259,[0.44071608 0.50996886],41,18,"[0.4203234088660354, 0.508036417947434]",1,-1
41260,[0.49017487 0.56161767],41,2,"[0.5181425386759565, 0.548951681512668]",1,-1
41261,[0.43200112 0.62733457],41,45,"[0.4377614438459196, 0.655911915550708]",1,-1
41262,[0.50291244 0.58218304],41,2,"[0.5181425386759565, 0.548951681512668]",1,-1
41263,[0.4463619  0.54092961],41,18,"[0.4203234088660354, 0.508036417947434]",1,-1
41264,[0.49216086 0.60431892],41,5,"[0.47989515498241786, 0.6212764114798471]",1,67
41265,[0.51284637 0.55823086],41,2,"[0.5181425386759565, 0.548951681512668]",1,-1
41266,[0.62154659 0.49081963],41,10,"[0.6101257152780476, 0.5394800330734051]",1,34
41267,[0.53324804 0.55724752],41,2,"[0.5181425386759565, 0.548951681512668]",1,-1
41268,[0.54498375 0.64892259],41,41,"[0.5613949929729852, 0.701115936473092]",1,-1
41269,[0.46300892 0.55451509],41,2,"[0.5181425386759565, 0.548951681512668]",1,-1
41270,[0.53318967 0.58733789],41,2,"[0.5181425386759565, 0.548951681512668]",1,-1
41271,[0.4952124 0.5583541],41,2,"[0.5181425386759565, 0.548951681512668]",1,-1
41272,[0.48721797 0.48693174],41,35,"[0.491626887866141, 0.45015531396212327]",1,-1
41273,[0.48351184 0.58822575],41,5,"[0.47989515498241786, 0.6212764114798471]",1,70
41274,[0.45045081 0.57716654],41,5,"[0.47989515498241786, 0.6212764114798471]",1,-1
41275,[0.5184256  0.47830368],41,35,"[0.491626887866141, 0.45015531396212327]",1,-1
41276,[0.52108557 0.57720048],41,2,"[0.5181425386759565, 0.548951681512668]",1,-1
41277,[0.40511439 0.54778371],41,18,"[0.4203234088660354, 0.508036417947434]",1,-1
41278,[0.4281353 0.6507327],41,45,"[0.4377614438459196, 0.655911915550708]",1,-1
41279,[0.413907   0.52954082],41,18,"[0.4203234088660354, 0.508036417947434]",1,-1
41280,[0.56560987 0.53506407],41,10,"[0.6101257152780476, 0.5394800330734051]",1,-1
41281,[0.54206633 0.53757464],41,2,"[0.5181425386759565, 0.548951681512668]",1,-1
41282,[0.38892977 0.45687526],41,6,"[0.40123478470159024, 0.40656176249784554]",1,50
41283,[0.50229424 0.46288569],41,35,"[0.491626887866141, 0.45015531396212327]",1,-1
41284,[0.46987221 0.52684594],41,18,"[0.4203234088660354, 0.508036417947434]",1,49
41285,[0.52219783 0.62916733],41,5,"[0.47989515498241786, 0.6212764114798471]",1,-1
41286,[0.52888694 0.50930694],41,2,"[0.5181425386759565, 0.548951681512668]",1,-1
41287,[0.49521431 0.59739225],41,5,"[0.47989515498241786, 0.6212764114798471]",1,-1
41288,[0.41816592 0.55632357],41,25,"[0.38660465276603295, 0.5871767558758164]",1,-1
41289,[0.50595929 0.60322097],41,5,"[0.47989515498241786, 0.6212764114798471]",1,-1
41290,[0.50712043 0.60155738],41,5,"[0.47989515498241786, 0.6212764114798471]",1,-1
41291,[0.57812262 0.48558073],41,27,"[0.5866068271601823, 0.4386408725933068]",1,-1
41292,[0.503416   0.56331784],41,2,"[0.5181425386759565, 0.548951681512668]",1,-1
41293,[0.51500618 0.53123796],41,2,"[0.5181425386759565, 0.548951681512668]",1,65
41294,[0.50300055 0.50028757],41,2,"[0.5181425386759565, 0.548951681512668]",1,-1
41295,[0.44529039 0.4950869 ],41,18,"[0.4203234088660354, 0.508036417947434]",1,-1
41296,[0.51714458 0.54983342],41,2,"[0.5181425386759565, 0.548951681512668]",1,-1
41297,[0.4813672  0.55040705],41,2,"[0.5181425386759565, 0.548951681512668]",1,-1
41298,[0.45195711 0.55264011],41,18,"[0.4203234088660354, 0.508036417947434]",1,-1
41299,[0.48945992 0.52973288],41,2,"[0.5181425386759565, 0.548951681512668]",1,-1
41300,[0.46634286 0.51930972],41,18,"[0.4203234088660354, 0.508036417947434]",1,49
41301,[0.43107924 0.57463125],41,25,"[0.38660465276603295, 0.5871767558758164]",1,60
41302,[0.52679151 0.53194566],41,2,"[0.5181425386759565, 0.548951681512668]",1,-1
41303,[0.39150265 0.5339229 ],41,18,"[0.4203234088660354, 0.508036417947434]",1,-1
41304,[0.42197623 0.60090278],41,25,"[0.38660465276603295, 0.5871767558758164]",1,-1
41305,[0.50308086 0.53423574],41,2,"[0.5181425386759565, 0.548951681512668]",1,-1
41306,[0.57228727 0.49633493],41,10,"[0.6101257152780476, 0.5394800330734051]",1,-1
41307,[0.48896526 0.48317343],41,35,"[0.491626887866141, 0.45015531396212327]",1,-1
41308,[0.49141906 0.54306254],41,2,"[0.5181425386759565, 0.548951681512668]",1,-1
41309,[0.47089397 0.5665552 ],41,2,"[0.5181425386759565, 0.548951681512668]",1,-1
41310,[0.4872821  0.59143583],41,5,"[0.47989515498241786, 0.6212764114798471]",1,-1
41311,[0.45469234 0.53343852],41,18,"[0.4203234088660354, 0.508036417947434]",1,-1
41312,[0.53291632 0.63824507],41,5,"[0.47989515498241786, 0.6212764114798471]",1,-1
41313,[0.54983412 0.54099551],41,2,"[0.5181425386759565, 0.548951681512668]",1,-1
41314,[0.46667311 0.56186568],41,2,"[0.5181425386759565, 0.548951681512668]",1,-1
41315,[0.44649612 0.53519823],41,18,"[0.4203234088660354, 0.508036417947434]",1,-1
41316,[0.44356932 0.55682118],41,18,"[0.4203234088660354, 0.508036417947434]",1,-1
41317,[0.52441203 0.51243171],41,2,"[0.5181425386759565, 0.548951681512668]",1,-1
41318,[0.44600457 0.53882306],41,18,"[0.4203234088660354, 0.508036417947434]",1,-1
41319,[0.42854253 0.55684607],41,18,"[0.4203234088660354, 0.508036417947434]",1,-1
41320,[0.42463923 0.63092507],41,45,"[0.4377614438459196, 0.655911915550708]",1,-1
41321,[0.47152822 0.55588116],41,2,"[0.5181425386759565, 0.548951681512668]",1,-1
41322,[0.51349423 0.51821724],41,2,"[0.5181425386759565, 0.548951681512668]",1,-1
41323,[0.49495939 0.55086518],41,2,"[0.5181425386759565, 0.548951681512668]",1,-1
41324,[0.46469093 0.56475438],41,2,"[0.5181425386759565, 0.548951681512668]",1,-1
41325,[0.47325466 0.46714087],41,35,"[0.491626887866141, 0.45015531396212327]",1,-1
41326,[0.55494458 0.66182274],41,41,"[0.5613949929729852, 0.701115936473092]",1,-1
41327,[0.52774529 0.54281077],41,2,"[0.5181425386759565, 0.548951681512668]",1,-1
41328,[0.54467321 0.56097828],41,2,"[0.5181425386759565, 0.548951681512668]",1,-1
41329,[0.50146832 0.56692473],41,2,"[0.5181425386759565, 0.548951681512668]",1,75
41330,[0.43450855 0.58957547],41,25,"[0.38660465276603295, 0.5871767558758164]",1,60
41331,[0.51998395 0.56239017],41,2,"[0.5181425386759565, 0.548951681512668]",1,-1
41332,[0.55643184 0.55670814],41,2,"[0.5181425386759565, 0.548951681512668]",1,-1
41333,[0.44072562 0.54890289],41,18,"[0.4203234088660354, 0.508036417947434]",1,-1
41334,[0.50035428 0.47836486],41,35,"[0.491626887866141, 0.45015531396212327]",1,-1
41335,[0.47455385 0.63317457],41,5,"[0.47989515498241786, 0.6212764114798471]",1,-1
41336,[0.54137153 0.53091922],41,2,"[0.5181425386759565, 0.548951681512668]",1,-1
41337,[0.48826096 0.53527725],41,2,"[0.5181425386759565, 0.548951681512668]",1,-1
41338,[0.55447905 0.57813079],41,2,"[0.5181425386759565, 0.548951681512668]",1,69
41339,[0.55936561 0.53397184],41,2,"[0.5181425386759565, 0.548951681512668]",1,-1
41340,[0.47674597 0.54083377],41,2,"[0.5181425386759565, 0.548951681512668]",1,-1
41341,[0.54256879 0.50152159],41,2,"[0.5181425386759565, 0.548951681512668]",1,-1
41342,[0.51806801 0.58836624],41,2,"[0.5181425386759565, 0.548951681512668]",1,-1
41343,[0.50412631 0.57413849],41,2,"[0.5181425386759565, 0.548951681512668]",1,75
41344,[0.48864324 0.52815066],41,2,"[0.5181425386759565, 0.548951681512668]",1,-1
41345,[0.50273814 0.67133418],41,5,"[0.47989515498241786, 0.6212764114798471]",1,-1
41346,[0.54572186 0.61734605],41,9,"[0.5945682323783136, 0.6193254997600653]",1,-1
41347,[0.53428926 0.62497008],41,5,"[0.47989515498241786, 0.6212764114798471]",1,-1
41348,[0.49671228 0.58653859],41,5,"[0.47989515498241786, 0.6212764114798471]",1,-1
41349,[0.55341245 0.56152596],41,2,"[0.5181425386759565, 0.548951681512668]",1,65
41350,[0.42948282 0.45355017],41,6,"[0.40123478470159024, 0.40656176249784554]",1,-1
41351,[0.55235568 0.63567183],41,9,"[0.5945682323783136, 0.6193254997600653]",1,-1
41352,[0.56810438 0.57930693],41,9,"[0.5945682323783136, 0.6193254997600653]",1,-1
41353,[0.45903341 0.45743323],41,35,"[0.491626887866141, 0.45015531396212327]",1,-1
41354,[0.4921654  0.61711241],41,5,"[0.47989515498241786, 0.6212764114798471]",1,-1
41355,[0.52539205 0.56586025],41,2,"[0.5181425386759565, 0.548951681512668]",1,-1
41356,[0.40475471 0.54822613],41,25,"[0.38660465276603295, 0.5871767558758164]",1,-1
41357,[0.47664494 0.52608822],41,2,"[0.5181425386759565, 0.548951681512668]",1,49
41358,[0.55238522 0.53814834],41,2,"[0.5181425386759565, 0.548951681512668]",1,-1
41359,[0.40866543 0.48920457],41,18,"[0.4203234088660354, 0.508036417947434]",1,-1
41360,[0.44102765 0.61774847],41,45,"[0.4377614438459196, 0.655911915550708]",1,-1
41361,[0.45409015 0.55965747],41,18,"[0.4203234088660354, 0.508036417947434]",1,-1
41362,[0.52380291 0.48662879],41,35,"[0.491626887866141, 0.45015531396212327]",1,-1
41363,[0.417571   0.54625105],41,18,"[0.4203234088660354, 0.508036417947434]",1,-1
41364,[0.49977921 0.53032645],41,2,"[0.5181425386759565, 0.548951681512668]",1,-1
41365,[0.4714242  0.54410849],41,2,"[0.5181425386759565, 0.548951681512668]",1,-1
41366,[0.51107293 0.61470592],41,5,"[0.47989515498241786, 0.6212764114798471]",1,-1
41367,[0.45705671 0.48484316],41,18,"[0.4203234088660354, 0.508036417947434]",1,-1
41368,[0.57771369 0.50197287],41,10,"[0.6101257152780476, 0.5394800330734051]",1,-1
41369,[0.49404983 0.52313728],41,2,"[0.5181425386759565, 0.548951681512668]",1,-1
41370,[0.58287716 0.60885094],41,9,"[0.5945682323783136, 0.6193254997600653]",1,-1
41371,[0.49543336 0.60226642],41,5,"[0.47989515498241786, 0.6212764114798471]",1,67
41372,[0.53887387 0.57757332],41,2,"[0.5181425386759565, 0.548951681512668]",1,65
41373,[0.49539033 0.46380239],41,35,"[0.491626887866141, 0.45015531396212327]",1,-1
41374,[0.56797467 0.58088892],41,9,"[0.5945682323783136, 0.6193254997600653]",1,-1
41375,[0.41891192 0.59185783],41,25,"[0.38660465276603295, 0.5871767558758164]",1,-1
41376,[0.4715121 0.6042985],41,5,"[0.47989515498241786, 0.6212764114798471]",1,-1
41377,[0.53935125 0.43742389],41,27,"[0.5866068271601823, 0.4386408725933068]",1,-1
41378,[0.51406641 0.53177927],41,2,"[0.5181425386759565, 0.548951681512668]",1,-1
41379,[0.53941354 0.54061959],41,2,"[0.5181425386759565, 0.548951681512668]",1,-1
41380,[0.50690182 0.5327069 ],41,2,"[0.5181425386759565, 0.548951681512668]",1,-1
41381,[0.45995131 0.63176035],41,5,"[0.47989515498241786, 0.6212764114798471]",1,-1
41382,[0.47510598 0.58876863],41,5,"[0.47989515498241786, 0.6212764114798471]",1,-1
41383,[0.53409213 0.44567225],41,35,"[0.491626887866141, 0.45015531396212327]",1,-1
41384,[0.56565617 0.45951896],41,27,"[0.5866068271601823, 0.4386408725933068]",1,-1
41385,[0.50259007 0.54715471],41,2,"[0.5181425386759565, 0.548951681512668]",1,-1
41386,[0.43176125 0.53542727],41,18,"[0.4203234088660354, 0.508036417947434]",1,-1
41387,[0.46056292 0.64016186],41,5,"[0.47989515498241786, 0.6212764114798471]",1,-1
41388,[0.40878268 0.54258847],41,18,"[0.4203234088660354, 0.508036417947434]",1,-1
41389,[0.46042936 0.63105843],41,5,"[0.47989515498241786, 0.6212764114798471]",1,-1
41390,[0.48903362 0.63470881],41,5,"[0.47989515498241786, 0.6212764114798471]",1,-1
41391,[0.52769346 0.53629521],41,2,"[0.5181425386759565, 0.548951681512668]",1,65
41392,[0.44338503 0.55352435],41,18,"[0.4203234088660354, 0.508036417947434]",1,-1
41393,[0.49907595 0.56848798],41,2,"[0.5181425386759565, 0.548951681512668]",1,-1
41394,[0.56825224 0.5661606 ],41,10,"[0.6101257152780476, 0.5394800330734051]",1,-1
41395,[0.4554337  0.59970892],41,5,"[0.47989515498241786, 0.6212764114798471]",1,-1
41396,[0.43908668 0.59429132],41,5,"[0.47989515498241786, 0.6212764114798471]",1,60
41397,[0.57114165 0.56788555],41,10,"[0.6101257152780476, 0.5394800330734051]",1,69
41398,[0.4458472  0.55103293],41,18,"[0.4203234088660354, 0.508036417947434]",1,-1
41399,[0.48988795 0.48676332],41,35,"[0.491626887866141, 0.45015531396212327]",1,-1
41400,[0.59020494 0.5871647 ],41,9,"[0.5945682323783136, 0.6193254997600653]",1,63
41401,[0.62517201 0.5406479 ],41,10,"[0.6101257152780476, 0.5394800330734051]",1,-1
41402,[0.40315229 0.53598286],41,18,"[0.4203234088660354, 0.508036417947434]",1,-1
41403,[0.51267709 0.5226543 ],41,2,"[0.5181425386759565, 0.548951681512668]",1,-1
41404,[0.53196146 0.63087206],41,5,"[0.47989515498241786, 0.6212764114798471]",1,-1
41405,[0.54509775 0.4886801 ],41,27,"[0.5866068271601823, 0.4386408725933068]",1,-1
41406,[0.51396541 0.50512869],41,2,"[0.5181425386759565, 0.548951681512668]",1,-1
41407,[0.46433111 0.60094634],41,5,"[0.47989515498241786, 0.6212764114798471]",1,-1
41408,[0.55014393 0.55644809],41,2,"[0.5181425386759565, 0.548951681512668]",1,-1
41409,[0.50561425 0.54308401],41,2,"[0.5181425386759565, 0.548951681512668]",1,-1
41410,[0.54452271 0.5217915 ],41,2,"[0.5181425386759565, 0.548951681512668]",1,-1
41411,[0.51066368 0.54221929],41,2,"[0.5181425386759565, 0.548951681512668]",1,-1
41412,[0.52407318 0.53157877],41,2,"[0.5181425386759565, 0.548951681512668]",1,-1
41413,[0.48357283 0.51221346],41,2,"[0.5181425386759565, 0.548951681512668]",1,-1
41414,[0.42384056 0.55598726],41,18,"[0.4203234088660354, 0.508036417947434]",1,-1
41415,[0.46278223 0.55666621],41,2,"[0.5181425386759565, 0.548951681512668]",1,-1
41416,[0.38874302 0.45626542],41,6,"[0.40123478470159024, 0.40656176249784554]",1,50
41417,[0.52719611 0.61286922],41,5,"[0.47989515498241786, 0.6212764114798471]",1,-1
41418,[0.42378982 0.52092388],41,18,"[0.4203234088660354, 0.508036417947434]",1,-1
41419,[0.51464328 0.59479336],41,5,"[0.47989515498241786, 0.6212764114798471]",1,74
41420,[0.43552061 0.57947589],41,25,"[0.38660465276603295, 0.5871767558758164]",1,-1
41421,[0.47388019 0.52721098],41,2,"[0.5181425386759565, 0.548951681512668]",1,49
41422,[0.53187335 0.53249518],41,2,"[0.5181425386759565, 0.548951681512668]",1,-1
41423,[0.4923663  0.60779355],41,5,"[0.47989515498241786, 0.6212764114798471]",1,-1
41424,[0.54279518 0.56569978],41,2,"[0.5181425386759565, 0.548951681512668]",1,-1
41425,[0.52087571 0.58111603],41,2,"[0.5181425386759565, 0.548951681512668]",1,74
41426,[0.44179547 0.54522248],41,18,"[0.4203234088660354, 0.508036417947434]",1,-1
41427,[0.49529677 0.48254797],41,35,"[0.491626887866141, 0.45015531396212327]",1,-1
41428,[0.50899466 0.53109735],41,2,"[0.5181425386759565, 0.548951681512668]",1,-1
41429,[0.48194088 0.58940658],41,5,"[0.47989515498241786, 0.6212764114798471]",1,70
41430,[0.49658871 0.54979632],41,2,"[0.5181425386759565, 0.548951681512668]",1,-1
41431,[0.4618302  0.58925438],41,5,"[0.47989515498241786, 0.6212764114798471]",1,-1
41432,[0.52195625 0.53951076],41,2,"[0.5181425386759565, 0.548951681512668]",1,-1
41433,[0.50048432 0.57088974],41,2,"[0.5181425386759565, 0.548951681512668]",1,-1
41434,[0.45938451 0.57987448],41,5,"[0.47989515498241786, 0.6212764114798471]",1,-1
41435,[0.40791826 0.62924336],41,45,"[0.4377614438459196, 0.655911915550708]",1,-1
41436,[0.47494865 0.55158665],41,2,"[0.5181425386759565, 0.548951681512668]",1,-1
41437,[0.53501844 0.54209349],41,2,"[0.5181425386759565, 0.548951681512668]",1,-1
41438,[0.43508228 0.59050789],41,25,"[0.38660465276603295, 0.5871767558758164]",1,60
41439,[0.49378158 0.54642263],41,2,"[0.5181425386759565, 0.548951681512668]",1,-1
41440,[0.57261199 0.59636706],41,9,"[0.5945682323783136, 0.6193254997600653]",1,68
41441,[0.50128655 0.54172687],41,2,"[0.5181425386759565, 0.548951681512668]",1,-1
41442,[0.55075442 0.53979459],41,2,"[0.5181425386759565, 0.548951681512668]",1,-1
41443,[0.47497499 0.54017115],41,2,"[0.5181425386759565, 0.548951681512668]",1,-1
41444,[0.56151226 0.52660426],41,2,"[0.5181425386759565, 0.548951681512668]",1,-1
41445,[0.46118787 0.49267383],41,18,"[0.4203234088660354, 0.508036417947434]",1,-1
41446,[0.50384165 0.55637088],41,2,"[0.5181425386759565, 0.548951681512668]",1,-1
41447,[0.49617136 0.52069115],41,2,"[0.5181425386759565, 0.548951681512668]",1,-1
41448,[0.44556018 0.48291297],41,18,"[0.4203234088660354, 0.508036417947434]",1,-1
41449,[0.54847667 0.60372296],41,9,"[0.5945682323783136, 0.6193254997600653]",1,-1
41450,[0.52881484 0.53258285],41,2,"[0.5181425386759565, 0.548951681512668]",1,-1
41451,[0.44227452 0.46210269],41,35,"[0.491626887866141, 0.45015531396212327]",1,-1
41452,[0.4655963  0.36947103],41,37,"[0.4780366509520634, 0.3686118735311782]",1,-1
41453,[0.52536622 0.53852213],41,2,"[0.5181425386759565, 0.548951681512668]",1,65
41454,[0.58269784 0.51363443],41,10,"[0.6101257152780476, 0.5394800330734051]",1,-1
41455,[0.52663855 0.52226399],41,2,"[0.5181425386759565, 0.548951681512668]",1,-1
41456,[0.54478285 0.5203995 ],41,2,"[0.5181425386759565, 0.548951681512668]",1,-1
41457,[0.50598616 0.5226415 ],41,2,"[0.5181425386759565, 0.548951681512668]",1,-1
41458,[0.38646908 0.57020454],41,25,"[0.38660465276603295, 0.5871767558758164]",1,-1
41459,[0.54629032 0.62562042],41,9,"[0.5945682323783136, 0.6193254997600653]",1,-1
41460,[0.33748988 0.49498655],41,13,"[0.32294489274299887, 0.4620611538839558]",1,-1
41461,[0.47416771 0.58921458],41,5,"[0.47989515498241786, 0.6212764114798471]",1,70
41462,[0.5284336  0.55892898],41,2,"[0.5181425386759565, 0.548951681512668]",1,65
41463,[0.44132593 0.63091043],41,45,"[0.4377614438459196, 0.655911915550708]",1,-1
41464,[0.57082181 0.58378889],41,9,"[0.5945682323783136, 0.6193254997600653]",1,-1
41465,[0.49696648 0.53238081],41,2,"[0.5181425386759565, 0.548951681512668]",1,-1
41466,[0.50040289 0.61466278],41,5,"[0.47989515498241786, 0.6212764114798471]",1,-1
41467,[0.46382085 0.54989562],41,2,"[0.5181425386759565, 0.548951681512668]",1,-1
41468,[0.58890888 0.54195048],41,10,"[0.6101257152780476, 0.5394800330734051]",1,-1
41469,[0.57159077 0.611984  ],41,9,"[0.5945682323783136, 0.6193254997600653]",1,-1
41470,[0.47186104 0.49586087],41,35,"[0.491626887866141, 0.45015531396212327]",1,-1
41471,[0.42338572 0.61858078],41,45,"[0.4377614438459196, 0.655911915550708]",1,-1
41472,[0.52882197 0.60783643],41,5,"[0.47989515498241786, 0.6212764114798471]",1,-1
41473,[0.54128157 0.56638543],41,2,"[0.5181425386759565, 0.548951681512668]",1,65
41474,[0.57210061 0.55430208],41,10,"[0.6101257152780476, 0.5394800330734051]",1,69
41475,[0.45779561 0.60921918],41,5,"[0.47989515498241786, 0.6212764114798471]",1,-1
41476,[0.59299647 0.60892715],41,9,"[0.5945682323783136, 0.6193254997600653]",1,-1
41477,[0.50701192 0.59827302],41,5,"[0.47989515498241786, 0.6212764114798471]",1,-1
41478,[0.48963    0.59027891],41,5,"[0.47989515498241786, 0.6212764114798471]",1,-1
41479,[0.45632539 0.55962128],41,2,"[0.5181425386759565, 0.548951681512668]",1,-1
41480,[0.47297149 0.54890584],41,2,"[0.5181425386759565, 0.548951681512668]",1,-1
41481,[0.49651888 0.54829604],41,2,"[0.5181425386759565, 0.548951681512668]",1,-1
41482,[0.55371353 0.5718889 ],41,2,"[0.5181425386759565, 0.548951681512668]",1,-1
41483,[0.42966139 0.52594242],41,18,"[0.4203234088660354, 0.508036417947434]",1,-1
41484,[0.51154182 0.58771385],41,2,"[0.5181425386759565, 0.548951681512668]",1,74
41485,[0.5294627  0.54150567],41,2,"[0.5181425386759565, 0.548951681512668]",1,-1
41486,[0.42455955 0.57490124],41,25,"[0.38660465276603295, 0.5871767558758164]",1,-1
41487,[0.50380528 0.49327461],41,35,"[0.491626887866141, 0.45015531396212327]",1,-1
41488,[0.47862095 0.57844454],41,5,"[0.47989515498241786, 0.6212764114798471]",1,-1
41489,[0.4493686  0.59287239],41,5,"[0.47989515498241786, 0.6212764114798471]",1,-1
41490,[0.43253509 0.58102224],41,25,"[0.38660465276603295, 0.5871767558758164]",1,60
41491,[0.57717331 0.60357868],41,9,"[0.5945682323783136, 0.6193254997600653]",1,-1
41492,[0.53430831 0.52217216],41,2,"[0.5181425386759565, 0.548951681512668]",1,-1
41493,[0.5362249 0.625126 ],41,5,"[0.47989515498241786, 0.6212764114798471]",1,-1
41494,[0.43908122 0.49546681],41,18,"[0.4203234088660354, 0.508036417947434]",1,-1
41495,[0.51301365 0.56966915],41,2,"[0.5181425386759565, 0.548951681512668]",1,-1
41496,[0.50055196 0.58242095],41,2,"[0.5181425386759565, 0.548951681512668]",1,-1
41497,[0.42672976 0.57040383],41,25,"[0.38660465276603295, 0.5871767558758164]",1,-1
41498,[0.4875851  0.59544139],41,5,"[0.47989515498241786, 0.6212764114798471]",1,-1
41499,[0.55895013 0.54432137],41,2,"[0.5181425386759565, 0.548951681512668]",1,-1
41500,[0.42843104 0.53983487],41,18,"[0.4203234088660354, 0.508036417947434]",1,-1
41501,[0.58055978 0.57486825],41,10,"[0.6101257152780476, 0.5394800330734051]",1,69
41502,[0.40686567 0.52920729],41,18,"[0.4203234088660354, 0.508036417947434]",1,-1
41503,[0.52152057 0.60985865],41,5,"[0.47989515498241786, 0.6212764114798471]",1,-1
41504,[0.44337298 0.57163763],41,25,"[0.38660465276603295, 0.5871767558758164]",1,-1
41505,[0.5804376  0.42384902],41,27,"[0.5866068271601823, 0.4386408725933068]",1,-1
41506,[0.36076254 0.59648447],41,25,"[0.38660465276603295, 0.5871767558758164]",1,-1
41507,[0.40752335 0.57180904],41,25,"[0.38660465276603295, 0.5871767558758164]",1,-1
41508,[0.54942734 0.56956455],41,2,"[0.5181425386759565, 0.548951681512668]",1,-1
41509,[0.53808435 0.59042662],41,2,"[0.5181425386759565, 0.548951681512668]",1,-1
41510,[0.46864949 0.57452971],41,5,"[0.47989515498241786, 0.6212764114798471]",1,-1
41511,[0.52695623 0.56045203],41,2,"[0.5181425386759565, 0.548951681512668]",1,65
41512,[0.48425873 0.5196673 ],41,2,"[0.5181425386759565, 0.548951681512668]",1,-1
41513,[0.4871707  0.56442223],41,2,"[0.5181425386759565, 0.548951681512668]",1,70
41514,[0.53923331 0.58301138],41,2,"[0.5181425386759565, 0.548951681512668]",1,-1
41515,[0.48540003 0.57948132],41,5,"[0.47989515498241786, 0.6212764114798471]",1,-1
41516,[0.45256753 0.57845113],41,5,"[0.47989515498241786, 0.6212764114798471]",1,-1
41517,[0.55259976 0.59829747],41,9,"[0.5945682323783136, 0.6193254997600653]",1,-1
41518,[0.42051251 0.64827298],41,45,"[0.4377614438459196, 0.655911915550708]",1,-1
41519,[0.51565429 0.52611156],41,2,"[0.5181425386759565, 0.548951681512668]",1,-1
41520,[0.49984709 0.54594405],41,2,"[0.5181425386759565, 0.548951681512668]",1,-1
41521,[0.49434292 0.61502753],41,5,"[0.47989515498241786, 0.6212764114798471]",1,-1
41522,[0.59361337 0.55391921],41,10,"[0.6101257152780476, 0.5394800330734051]",1,64
41523,[0.45341257 0.56374462],41,5,"[0.47989515498241786, 0.6212764114798471]",1,-1
41524,[0.50571262 0.52388946],41,2,"[0.5181425386759565, 0.548951681512668]",1,-1
41525,[0.50913152 0.51258748],41,2,"[0.5181425386759565, 0.548951681512668]",1,-1
41526,[0.50178373 0.58889009],41,5,"[0.47989515498241786, 0.6212764114798471]",1,-1
41527,[0.46783039 0.63836674],41,5,"[0.47989515498241786, 0.6212764114798471]",1,-1
41528,[0.50159582 0.62515359],41,5,"[0.47989515498241786, 0.6212764114798471]",1,-1
41529,[0.53925218 0.51922766],41,2,"[0.5181425386759565, 0.548951681512668]",1,-1
41530,[0.4890339  0.53844247],41,2,"[0.5181425386759565, 0.548951681512668]",1,-1
41531,[0.5223351  0.53677655],41,2,"[0.5181425386759565, 0.548951681512668]",1,-1
41532,[0.53144037 0.58727257],41,2,"[0.5181425386759565, 0.548951681512668]",1,-1
41533,[0.52288609 0.58916179],41,2,"[0.5181425386759565, 0.548951681512668]",1,-1
41534,[0.35306849 0.50796775],41,13,"[0.32294489274299887, 0.4620611538839558]",1,-1
41535,[0.52130476 0.51238177],41,2,"[0.5181425386759565, 0.548951681512668]",1,-1
41536,[0.48038521 0.47147821],41,35,"[0.491626887866141, 0.45015531396212327]",1,-1
41537,[0.51061734 0.48321695],41,35,"[0.491626887866141, 0.45015531396212327]",1,-1
41538,[0.43311768 0.61782891],41,45,"[0.4377614438459196, 0.655911915550708]",1,-1
41539,[0.52310293 0.48925812],41,35,"[0.491626887866141, 0.45015531396212327]",1,-1
41540,[0.42612112 0.58223312],41,25,"[0.38660465276603295, 0.5871767558758164]",1,-1
41541,[0.52111325 0.570665  ],41,2,"[0.5181425386759565, 0.548951681512668]",1,-1
41542,[0.53755227 0.62110297],41,9,"[0.5945682323783136, 0.6193254997600653]",1,-1
41543,[0.43661587 0.5480244 ],41,18,"[0.4203234088660354, 0.508036417947434]",1,-1
41544,[0.45183936 0.65171701],41,45,"[0.4377614438459196, 0.655911915550708]",1,-1
41545,[0.48803333 0.50644239],41,2,"[0.5181425386759565, 0.548951681512668]",1,-1
41546,[0.50381554 0.53481695],41,2,"[0.5181425386759565, 0.548951681512668]",1,-1
41547,[0.53766516 0.49658301],41,2,"[0.5181425386759565, 0.548951681512668]",1,-1
41548,[0.50010869 0.55680686],41,2,"[0.5181425386759565, 0.548951681512668]",1,-1
41549,[0.56546036 0.58299033],41,9,"[0.5945682323783136, 0.6193254997600653]",1,-1
41550,[0.58453811 0.5400184 ],41,10,"[0.6101257152780476, 0.5394800330734051]",1,-1
41551,[0.52205613 0.63342992],41,5,"[0.47989515498241786, 0.6212764114798471]",1,-1
41552,[0.58247501 0.53222471],41,10,"[0.6101257152780476, 0.5394800330734051]",1,-1
41553,[0.52468838 0.57927562],41,2,"[0.5181425386759565, 0.548951681512668]",1,-1
41554,[0.37872586 0.60519344],41,25,"[0.38660465276603295, 0.5871767558758164]",1,-1
41555,[0.54207433 0.51008578],41,2,"[0.5181425386759565, 0.548951681512668]",1,-1
41556,[0.45033555 0.50121825],41,18,"[0.4203234088660354, 0.508036417947434]",1,-1
41557,[0.5174593  0.52783947],41,2,"[0.5181425386759565, 0.548951681512668]",1,-1
41558,[0.4654023  0.54222562],41,2,"[0.5181425386759565, 0.548951681512668]",1,-1
41559,[0.43356572 0.54636277],41,18,"[0.4203234088660354, 0.508036417947434]",1,-1
41560,[0.47074742 0.55783482],41,2,"[0.5181425386759565, 0.548951681512668]",1,-1
41561,[0.51505053 0.56911512],41,2,"[0.5181425386759565, 0.548951681512668]",1,-1
41562,[0.53298847 0.57203562],41,2,"[0.5181425386759565, 0.548951681512668]",1,-1
41563,[0.51510249 0.59610468],41,5,"[0.47989515498241786, 0.6212764114798471]",1,-1
41564,[0.46758786 0.49765811],41,18,"[0.4203234088660354, 0.508036417947434]",1,-1
41565,[0.51179236 0.45939187],41,35,"[0.491626887866141, 0.45015531396212327]",1,-1
41566,[0.61739655 0.59638748],41,9,"[0.5945682323783136, 0.6193254997600653]",1,-1
41567,[0.55523858 0.64549349],41,9,"[0.5945682323783136, 0.6193254997600653]",1,-1
41568,[0.52610713 0.57949276],41,2,"[0.5181425386759565, 0.548951681512668]",1,-1
41569,[0.44042922 0.52091497],41,18,"[0.4203234088660354, 0.508036417947434]",1,-1
41570,[0.53026744 0.6011444 ],41,2,"[0.5181425386759565, 0.548951681512668]",1,-1
41571,[0.48466287 0.58243661],41,5,"[0.47989515498241786, 0.6212764114798471]",1,70
41572,[0.48030336 0.51157626],41,2,"[0.5181425386759565, 0.548951681512668]",1,-1
41573,[0.46929049 0.53546635],41,2,"[0.5181425386759565, 0.548951681512668]",1,-1
41574,[0.6066678  0.48256927],41,27,"[0.5866068271601823, 0.4386408725933068]",1,34
41575,[0.48099646 0.61266126],41,5,"[0.47989515498241786, 0.6212764114798471]",1,-1
41576,[0.48387057 0.52168253],41,2,"[0.5181425386759565, 0.548951681512668]",1,-1
41577,[0.45973701 0.59701898],41,5,"[0.47989515498241786, 0.6212764114798471]",1,-1
41578,[0.498051   0.47165798],41,35,"[0.491626887866141, 0.45015531396212327]",1,-1
41579,[0.4594231  0.53324086],41,18,"[0.4203234088660354, 0.508036417947434]",1,-1
41580,[0.50358596 0.55758852],41,2,"[0.5181425386759565, 0.548951681512668]",1,-1
41581,[0.54161036 0.57463604],41,2,"[0.5181425386759565, 0.548951681512668]",1,65
41582,[0.46482317 0.56027762],41,2,"[0.5181425386759565, 0.548951681512668]",1,-1
41583,[0.57412339 0.51193534],41,10,"[0.6101257152780476, 0.5394800330734051]",1,-1
41584,[0.48072206 0.53909971],41,2,"[0.5181425386759565, 0.548951681512668]",1,-1
41585,[0.47665916 0.54068395],41,2,"[0.5181425386759565, 0.548951681512668]",1,-1
41586,[0.49957259 0.63383444],41,5,"[0.47989515498241786, 0.6212764114798471]",1,-1
41587,[0.51168    0.59033022],41,2,"[0.5181425386759565, 0.548951681512668]",1,74
41588,[0.45034272 0.65187776],41,45,"[0.4377614438459196, 0.655911915550708]",1,-1
41589,[0.46343951 0.59595004],41,5,"[0.47989515498241786, 0.6212764114798471]",1,-1
41590,[0.43422452 0.496421  ],41,18,"[0.4203234088660354, 0.508036417947434]",1,-1
41591,[0.4811384 0.6657216],41,5,"[0.47989515498241786, 0.6212764114798471]",1,-1
41592,[0.48000985 0.54588793],41,2,"[0.5181425386759565, 0.548951681512668]",1,-1
41593,[0.39545563 0.46503899],41,18,"[0.4203234088660354, 0.508036417947434]",1,-1
41594,[0.50913515 0.55657055],41,2,"[0.5181425386759565, 0.548951681512668]",1,-1
41595,[0.52279032 0.53666701],41,2,"[0.5181425386759565, 0.548951681512668]",1,-1
41596,[0.48656551 0.59919682],41,5,"[0.47989515498241786, 0.6212764114798471]",1,-1
41597,[0.51513164 0.52751928],41,2,"[0.5181425386759565, 0.548951681512668]",1,-1
41598,[0.46635792 0.67350633],41,45,"[0.4377614438459196, 0.655911915550708]",1,-1
41599,[0.54900129 0.72595344],41,41,"[0.5613949929729852, 0.701115936473092]",1,-1
41600,[0.55681909 0.58551663],41,9,"[0.5945682323783136, 0.6193254997600653]",1,69
41601,[0.44319536 0.46755201],41,18,"[0.4203234088660354, 0.508036417947434]",1,-1
41602,[0.56004048 0.49419167],41,27,"[0.5866068271601823, 0.4386408725933068]",1,-1
41603,[0.45085025 0.47021254],41,35,"[0.491626887866141, 0.45015531396212327]",1,-1
41604,[0.55395651 0.55795224],41,2,"[0.5181425386759565, 0.548951681512668]",1,-1
41605,[0.52606076 0.5606728 ],41,2,"[0.5181425386759565, 0.548951681512668]",1,65
41606,[0.49438609 0.56532328],41,2,"[0.5181425386759565, 0.548951681512668]",1,-1
41607,[0.47832373 0.49927906],41,35,"[0.491626887866141, 0.45015531396212327]",1,-1
41608,[0.56120153 0.59399584],41,9,"[0.5945682323783136, 0.6193254997600653]",1,-1
41609,[0.57080086 0.62311994],41,9,"[0.5945682323783136, 0.6193254997600653]",1,-1
41610,[0.4259884  0.56380826],41,25,"[0.38660465276603295, 0.5871767558758164]",1,-1
41611,[0.45138835 0.50637419],41,18,"[0.4203234088660354, 0.508036417947434]",1,-1
41612,[0.59731283 0.56173229],41,10,"[0.6101257152780476, 0.5394800330734051]",1,-1
41613,[0.42623603 0.65386729],41,45,"[0.4377614438459196, 0.655911915550708]",1,-1
41614,[0.59257132 0.54426861],41,10,"[0.6101257152780476, 0.5394800330734051]",1,-1
41615,[0.42232981 0.50554669],41,18,"[0.4203234088660354, 0.508036417947434]",1,-1
41616,[0.45156439 0.47877864],41,18,"[0.4203234088660354, 0.508036417947434]",1,-1
41617,[0.45400102 0.6236076 ],41,5,"[0.47989515498241786, 0.6212764114798471]",1,60
41618,[0.50620192 0.49170844],41,35,"[0.491626887866141, 0.45015531396212327]",1,-1
41619,[0.49613924 0.57527087],41,2,"[0.5181425386759565, 0.548951681512668]",1,-1
41620,[0.51624173 0.60427839],41,5,"[0.47989515498241786, 0.6212764114798471]",1,-1
41621,[0.44190387 0.49020714],41,18,"[0.4203234088660354, 0.508036417947434]",1,-1
41622,[0.46959757 0.583077  ],41,5,"[0.47989515498241786, 0.6212764114798471]",1,-1
41623,[0.51301254 0.56141931],41,2,"[0.5181425386759565, 0.548951681512668]",1,-1
41624,[0.52536788 0.55365656],41,2,"[0.5181425386759565, 0.548951681512668]",1,-1
41625,[0.49975667 0.56446542],41,2,"[0.5181425386759565, 0.548951681512668]",1,-1
41626,[0.4640524  0.68928231],41,45,"[0.4377614438459196, 0.655911915550708]",1,-1
41627,[0.54905696 0.51957055],41,2,"[0.5181425386759565, 0.548951681512668]",1,-1
41628,[0.4550717  0.54773887],41,18,"[0.4203234088660354, 0.508036417947434]",1,-1
41629,[0.49145197 0.62055123],41,5,"[0.47989515498241786, 0.6212764114798471]",1,-1
41630,[0.51029253 0.57008446],41,2,"[0.5181425386759565, 0.548951681512668]",1,-1
41631,[0.46059384 0.63114398],41,5,"[0.47989515498241786, 0.6212764114798471]",1,-1
41632,[0.63227391 0.53920728],41,10,"[0.6101257152780476, 0.5394800330734051]",1,-1
41633,[0.49915813 0.55047549],41,2,"[0.5181425386759565, 0.548951681512668]",1,-1
41634,[0.49431294 0.50375263],41,2,"[0.5181425386759565, 0.548951681512668]",1,-1
41635,[0.5096214 0.5853475],41,2,"[0.5181425386759565, 0.548951681512668]",1,-1
41636,[0.51559069 0.60679099],41,5,"[0.47989515498241786, 0.6212764114798471]",1,-1
41637,[0.54121774 0.5739434 ],41,2,"[0.5181425386759565, 0.548951681512668]",1,65
41638,[0.54294071 0.5729395 ],41,2,"[0.5181425386759565, 0.548951681512668]",1,65
41639,[0.46772416 0.58592511],41,5,"[0.47989515498241786, 0.6212764114798471]",1,-1
41640,[0.43703369 0.52867832],41,18,"[0.4203234088660354, 0.508036417947434]",1,-1
41641,[0.5346009  0.55920083],41,2,"[0.5181425386759565, 0.548951681512668]",1,-1
41642,[0.49243502 0.59789859],41,5,"[0.47989515498241786, 0.6212764114798471]",1,-1
41643,[0.51812332 0.61965597],41,5,"[0.47989515498241786, 0.6212764114798471]",1,-1
41644,[0.45972118 0.49400247],41,18,"[0.4203234088660354, 0.508036417947434]",1,-1
41645,[0.50802343 0.45165999],41,35,"[0.491626887866141, 0.45015531396212327]",1,-1
41646,[0.46056366 0.50411365],41,18,"[0.4203234088660354, 0.508036417947434]",1,-1
41647,[0.48568779 0.55001475],41,2,"[0.5181425386759565, 0.548951681512668]",1,-1
41648,[0.52591251 0.58345122],41,2,"[0.5181425386759565, 0.548951681512668]",1,-1
41649,[0.40993105 0.56705292],41,25,"[0.38660465276603295, 0.5871767558758164]",1,-1
41650,[0.47100697 0.49526241],41,35,"[0.491626887866141, 0.45015531396212327]",1,-1
41651,[0.39559829 0.48708101],41,18,"[0.4203234088660354, 0.508036417947434]",1,-1
41652,[0.45181627 0.57124642],41,5,"[0.47989515498241786, 0.6212764114798471]",1,-1
41653,[0.39483302 0.60790746],41,25,"[0.38660465276603295, 0.5871767558758164]",1,51
41654,[0.52298925 0.62594064],41,5,"[0.47989515498241786, 0.6212764114798471]",1,-1
41655,[0.57025701 0.48564663],41,27,"[0.5866068271601823, 0.4386408725933068]",1,-1
41656,[0.47979288 0.63516224],41,5,"[0.47989515498241786, 0.6212764114798471]",1,-1
41657,[0.38860241 0.53680619],41,18,"[0.4203234088660354, 0.508036417947434]",1,-1
41658,[0.52908023 0.5491227 ],41,2,"[0.5181425386759565, 0.548951681512668]",1,65
41659,[0.49863017 0.56028957],41,2,"[0.5181425386759565, 0.548951681512668]",1,-1
41660,[0.47409706 0.61779494],41,5,"[0.47989515498241786, 0.6212764114798471]",1,60
41661,[0.35296626 0.59269215],41,25,"[0.38660465276603295, 0.5871767558758164]",1,-1
41662,[0.50838541 0.57675232],41,2,"[0.5181425386759565, 0.548951681512668]",1,-1
41663,[0.49196351 0.55049184],41,2,"[0.5181425386759565, 0.548951681512668]",1,-1
41664,[0.45009657 0.62424955],41,5,"[0.47989515498241786, 0.6212764114798471]",1,-1
41665,[0.50943639 0.53154126],41,2,"[0.5181425386759565, 0.548951681512668]",1,-1
41666,[0.52450531 0.61656818],41,5,"[0.47989515498241786, 0.6212764114798471]",1,-1
41667,[0.42204804 0.57457269],41,25,"[0.38660465276603295, 0.5871767558758164]",1,-1
41668,[0.45807394 0.52402569],41,18,"[0.4203234088660354, 0.508036417947434]",1,-1
41669,[0.51782367 0.57695761],41,2,"[0.5181425386759565, 0.548951681512668]",1,-1
41670,[0.43360739 0.58501837],41,25,"[0.38660465276603295, 0.5871767558758164]",1,60
41671,[0.48815924 0.50750806],41,2,"[0.5181425386759565, 0.548951681512668]",1,-1
41672,[0.43256843 0.52947846],41,18,"[0.4203234088660354, 0.508036417947434]",1,-1
41673,[0.57743876 0.52257349],41,10,"[0.6101257152780476, 0.5394800330734051]",1,-1
41674,[0.53498453 0.56091127],41,2,"[0.5181425386759565, 0.548951681512668]",1,-1
41675,[0.48770161 0.5664691 ],41,2,"[0.5181425386759565, 0.548951681512668]",1,70
41676,[0.53176699 0.49566491],41,2,"[0.5181425386759565, 0.548951681512668]",1,-1
41677,[0.4860801  0.59339842],41,5,"[0.47989515498241786, 0.6212764114798471]",1,-1
41678,[0.49161397 0.58133668],41,5,"[0.47989515498241786, 0.6212764114798471]",1,70
41679,[0.58258944 0.516157  ],41,10,"[0.6101257152780476, 0.5394800330734051]",1,-1
41680,[0.56798918 0.48404412],41,27,"[0.5866068271601823, 0.4386408725933068]",1,-1
41681,[0.41891314 0.53923918],41,18,"[0.4203234088660354, 0.508036417947434]",1,-1
41682,[0.45776454 0.51801073],41,18,"[0.4203234088660354, 0.508036417947434]",1,-1
41683,[0.47804145 0.64217958],41,5,"[0.47989515498241786, 0.6212764114798471]",1,36
41684,[0.49694891 0.6153589 ],41,5,"[0.47989515498241786, 0.6212764114798471]",1,-1
41685,[0.46787321 0.47346775],41,35,"[0.491626887866141, 0.45015531396212327]",1,-1
41686,[0.45690179 0.57685266],41,5,"[0.47989515498241786, 0.6212764114798471]",1,-1
41687,[0.49760127 0.61954006],41,5,"[0.47989515498241786, 0.6212764114798471]",1,67
41688,[0.49226295 0.52211259],41,2,"[0.5181425386759565, 0.548951681512668]",1,-1
41689,[0.51881217 0.56035532],41,2,"[0.5181425386759565, 0.548951681512668]",1,-1
41690,[0.38594211 0.52832237],41,18,"[0.4203234088660354, 0.508036417947434]",1,-1
41691,[0.48229686 0.48179115],41,35,"[0.491626887866141, 0.45015531396212327]",1,-1
41692,[0.47228637 0.52595383],41,2,"[0.5181425386759565, 0.548951681512668]",1,49
41693,[0.51895551 0.62455476],41,5,"[0.47989515498241786, 0.6212764114798471]",1,-1
41694,[0.53290651 0.56393207],41,2,"[0.5181425386759565, 0.548951681512668]",1,65
41695,[0.50444387 0.57679794],41,2,"[0.5181425386759565, 0.548951681512668]",1,75
41696,[0.51673132 0.5388589 ],41,2,"[0.5181425386759565, 0.548951681512668]",1,65
41697,[0.45122026 0.55729942],41,18,"[0.4203234088660354, 0.508036417947434]",1,-1
41698,[0.41016549 0.47793574],41,18,"[0.4203234088660354, 0.508036417947434]",1,-1
41699,[0.55738445 0.54063683],41,2,"[0.5181425386759565, 0.548951681512668]",1,-1
41700,[0.50829327 0.53962531],41,2,"[0.5181425386759565, 0.548951681512668]",1,-1
41701,[0.48210203 0.57531822],41,2,"[0.5181425386759565, 0.548951681512668]",1,-1
41702,[0.54735538 0.61223572],41,9,"[0.5945682323783136, 0.6193254997600653]",1,66
41703,[0.47093545 0.52266612],41,18,"[0.4203234088660354, 0.508036417947434]",1,49
41704,[0.46926557 0.59909157],41,5,"[0.47989515498241786, 0.6212764114798471]",1,-1
41705,[0.43562106 0.5809183 ],41,25,"[0.38660465276603295, 0.5871767558758164]",1,60
41706,[0.54900942 0.51064354],41,2,"[0.5181425386759565, 0.548951681512668]",1,-1
41707,[0.44629256 0.47243099],41,18,"[0.4203234088660354, 0.508036417947434]",1,-1
41708,[0.38805323 0.55053447],41,25,"[0.38660465276603295, 0.5871767558758164]",1,-1
41709,[0.5182279  0.54239175],41,2,"[0.5181425386759565, 0.548951681512668]",1,-1
41710,[0.48846229 0.55738565],41,2,"[0.5181425386759565, 0.548951681512668]",1,-1
41711,[0.50307496 0.50230815],41,2,"[0.5181425386759565, 0.548951681512668]",1,-1
41712,[0.43302629 0.50403677],41,18,"[0.4203234088660354, 0.508036417947434]",1,-1
41713,[0.57101527 0.51225021],41,10,"[0.6101257152780476, 0.5394800330734051]",1,-1
41714,[0.44762361 0.57524454],41,5,"[0.47989515498241786, 0.6212764114798471]",1,-1
41715,[0.55142083 0.54055277],41,2,"[0.5181425386759565, 0.548951681512668]",1,-1
41716,[0.54457574 0.5999506 ],41,9,"[0.5945682323783136, 0.6193254997600653]",1,-1
41717,[0.52202984 0.50600334],41,2,"[0.5181425386759565, 0.548951681512668]",1,-1
41718,[0.52802466 0.5439555 ],41,2,"[0.5181425386759565, 0.548951681512668]",1,-1
41719,[0.49235856 0.57585834],41,2,"[0.5181425386759565, 0.548951681512668]",1,-1
41720,[0.46910646 0.50616628],41,18,"[0.4203234088660354, 0.508036417947434]",1,-1
41721,[0.53459112 0.5076587 ],41,2,"[0.5181425386759565, 0.548951681512668]",1,-1
41722,[0.61443818 0.61615029],41,9,"[0.5945682323783136, 0.6193254997600653]",1,-1
41723,[0.48330404 0.54396941],41,2,"[0.5181425386759565, 0.548951681512668]",1,-1
41724,[0.46925159 0.52421127],41,18,"[0.4203234088660354, 0.508036417947434]",1,49
41725,[0.58012899 0.4940614 ],41,10,"[0.6101257152780476, 0.5394800330734051]",1,-1
41726,[0.47754324 0.63573811],41,5,"[0.47989515498241786, 0.6212764114798471]",1,-1
41727,[0.46777654 0.50951641],41,18,"[0.4203234088660354, 0.508036417947434]",1,-1
41728,[0.46063068 0.57770788],41,5,"[0.47989515498241786, 0.6212764114798471]",1,-1
41729,[0.57228724 0.53291089],41,10,"[0.6101257152780476, 0.5394800330734051]",1,-1
41730,[0.51769886 0.56544582],41,2,"[0.5181425386759565, 0.548951681512668]",1,-1
41731,[0.52137188 0.64554148],41,5,"[0.47989515498241786, 0.6212764114798471]",1,-1
41732,[0.40843286 0.56896307],41,25,"[0.38660465276603295, 0.5871767558758164]",1,-1
41733,[0.45043469 0.56814054],41,5,"[0.47989515498241786, 0.6212764114798471]",1,-1
41734,[0.39680963 0.46139022],41,18,"[0.4203234088660354, 0.508036417947434]",1,50
41735,[0.49692924 0.53573961],41,2,"[0.5181425386759565, 0.548951681512668]",1,-1
41736,[0.4917649  0.51959005],41,2,"[0.5181425386759565, 0.548951681512668]",1,-1
41737,[0.47128935 0.50453215],41,18,"[0.4203234088660354, 0.508036417947434]",1,-1
41738,[0.48139466 0.56985082],41,2,"[0.5181425386759565, 0.548951681512668]",1,-1
41739,[0.50907652 0.52110356],41,2,"[0.5181425386759565, 0.548951681512668]",1,-1
41740,[0.54683076 0.61523619],41,9,"[0.5945682323783136, 0.6193254997600653]",1,-1
41741,[0.51122882 0.57575221],41,2,"[0.5181425386759565, 0.548951681512668]",1,-1
41742,[0.56205669 0.50738836],41,10,"[0.6101257152780476, 0.5394800330734051]",1,-1
41743,[0.41281097 0.54273056],41,18,"[0.4203234088660354, 0.508036417947434]",1,-1
41744,[0.50267377 0.53097036],41,2,"[0.5181425386759565, 0.548951681512668]",1,-1
41745,[0.41775232 0.58174261],41,25,"[0.38660465276603295, 0.5871767558758164]",1,-1
41746,[0.50060763 0.58425878],41,2,"[0.5181425386759565, 0.548951681512668]",1,70
41747,[0.43480873 0.56982651],41,25,"[0.38660465276603295, 0.5871767558758164]",1,-1
41748,[0.46153914 0.61644702],41,5,"[0.47989515498241786, 0.6212764114798471]",1,60
41749,[0.51270758 0.50367859],41,2,"[0.5181425386759565, 0.548951681512668]",1,-1
41750,[0.43602518 0.63500671],41,45,"[0.4377614438459196, 0.655911915550708]",1,60
41751,[0.47568995 0.56072676],41,2,"[0.5181425386759565, 0.548951681512668]",1,-1
41752,[0.60512748 0.50069265],41,10,"[0.6101257152780476, 0.5394800330734051]",1,-1
41753,[0.50555332 0.60952399],41,5,"[0.47989515498241786, 0.6212764114798471]",1,-1
41754,[0.48405234 0.59176056],41,5,"[0.47989515498241786, 0.6212764114798471]",1,-1
41755,[0.58813406 0.63106791],41,9,"[0.5945682323783136, 0.6193254997600653]",1,-1
41756,[0.46804602 0.54706495],41,2,"[0.5181425386759565, 0.548951681512668]",1,-1
41757,[0.54986735 0.52492091],41,2,"[0.5181425386759565, 0.548951681512668]",1,-1
41758,[0.47462687 0.52577919],41,2,"[0.5181425386759565, 0.548951681512668]",1,49
41759,[0.6273039  0.57361601],41,10,"[0.6101257152780476, 0.5394800330734051]",1,-1
41760,[0.48259093 0.48851709],41,35,"[0.491626887866141, 0.45015531396212327]",1,-1
41761,[0.5270325  0.51961219],41,2,"[0.5181425386759565, 0.548951681512668]",1,-1
41762,[0.48852298 0.5201491 ],41,2,"[0.5181425386759565, 0.548951681512668]",1,-1
41763,[0.47992692 0.54434087],41,2,"[0.5181425386759565, 0.548951681512668]",1,-1
41764,[0.37464873 0.48109428],41,18,"[0.4203234088660354, 0.508036417947434]",1,-1
41765,[0.52192803 0.57243152],41,2,"[0.5181425386759565, 0.548951681512668]",1,-1
41766,[0.47796536 0.52580068],41,2,"[0.5181425386759565, 0.548951681512668]",1,49
41767,[0.57265635 0.55597951],41,10,"[0.6101257152780476, 0.5394800330734051]",1,69
41768,[0.36920652 0.57664226],41,25,"[0.38660465276603295, 0.5871767558758164]",1,-1
41769,[0.51594348 0.58859509],41,2,"[0.5181425386759565, 0.548951681512668]",1,74
41770,[0.50865123 0.49442804],41,35,"[0.491626887866141, 0.45015531396212327]",1,-1
41771,[0.52413716 0.54452911],41,2,"[0.5181425386759565, 0.548951681512668]",1,65
41772,[0.60655478 0.57148477],41,10,"[0.6101257152780476, 0.5394800330734051]",1,-1
41773,[0.51795549 0.63259573],41,5,"[0.47989515498241786, 0.6212764114798471]",1,-1
41774,[0.50489088 0.56948895],41,2,"[0.5181425386759565, 0.548951681512668]",1,75
41775,[0.48952501 0.64527052],41,5,"[0.47989515498241786, 0.6212764114798471]",1,-1
41776,[0.53283303 0.51737097],41,2,"[0.5181425386759565, 0.548951681512668]",1,-1
41777,[0.48884511 0.5575397 ],41,2,"[0.5181425386759565, 0.548951681512668]",1,-1
41778,[0.45552817 0.52498308],41,18,"[0.4203234088660354, 0.508036417947434]",1,-1
41779,[0.45599805 0.55296286],41,18,"[0.4203234088660354, 0.508036417947434]",1,-1
41780,[0.50936635 0.48195928],41,35,"[0.491626887866141, 0.45015531396212327]",1,-1
41781,[0.46479865 0.5974517 ],41,5,"[0.47989515498241786, 0.6212764114798471]",1,-1
41782,[0.48745378 0.48464232],41,35,"[0.491626887866141, 0.45015531396212327]",1,-1
41783,[0.40128697 0.54769115],41,25,"[0.38660465276603295, 0.5871767558758164]",1,-1
41784,[0.41274327 0.52404882],41,18,"[0.4203234088660354, 0.508036417947434]",1,-1
41785,[0.51153448 0.58847809],41,2,"[0.5181425386759565, 0.548951681512668]",1,74
41786,[0.45582682 0.61867127],41,5,"[0.47989515498241786, 0.6212764114798471]",1,60
41787,[0.47107412 0.50772624],41,18,"[0.4203234088660354, 0.508036417947434]",1,-1
41788,[0.47542576 0.53974563],41,2,"[0.5181425386759565, 0.548951681512668]",1,-1
41789,[0.48854481 0.47178555],41,35,"[0.491626887866141, 0.45015531396212327]",1,-1
41790,[0.54325882 0.61032532],41,9,"[0.5945682323783136, 0.6193254997600653]",1,-1
41791,[0.46782429 0.4657901 ],41,35,"[0.491626887866141, 0.45015531396212327]",1,-1
41792,[0.45039938 0.50785847],41,18,"[0.4203234088660354, 0.508036417947434]",1,-1
41793,[0.56872915 0.49972715],41,10,"[0.6101257152780476, 0.5394800330734051]",1,-1
41794,[0.46579397 0.50777206],41,18,"[0.4203234088660354, 0.508036417947434]",1,-1
41795,[0.42814512 0.51787391],41,18,"[0.4203234088660354, 0.508036417947434]",1,-1
41796,[0.55651498 0.62737285],41,9,"[0.5945682323783136, 0.6193254997600653]",1,-1
41797,[0.50395192 0.57953242],41,2,"[0.5181425386759565, 0.548951681512668]",1,-1
41798,[0.49778708 0.56324092],41,2,"[0.5181425386759565, 0.548951681512668]",1,-1
41799,[0.49560051 0.60454872],41,5,"[0.47989515498241786, 0.6212764114798471]",1,67
41800,[0.5061266  0.56330456],41,2,"[0.5181425386759565, 0.548951681512668]",1,-1
41801,[0.49363429 0.58601655],41,5,"[0.47989515498241786, 0.6212764114798471]",1,70
41802,[0.40202628 0.59412785],41,25,"[0.38660465276603295, 0.5871767558758164]",1,51
41803,[0.48708613 0.53071079],41,2,"[0.5181425386759565, 0.548951681512668]",1,-1
41804,[0.55224302 0.58357286],41,2,"[0.5181425386759565, 0.548951681512668]",1,-1
41805,[0.45526819 0.56708862],41,5,"[0.47989515498241786, 0.6212764114798471]",1,-1
41806,[0.59114683 0.52943454],41,10,"[0.6101257152780476, 0.5394800330734051]",1,-1
41807,[0.50361663 0.4937839 ],41,35,"[0.491626887866141, 0.45015531396212327]",1,-1
41808,[0.45793782 0.63981632],41,45,"[0.4377614438459196, 0.655911915550708]",1,60
41809,[0.5347809  0.56007311],41,2,"[0.5181425386759565, 0.548951681512668]",1,65
41810,[0.52752783 0.59059436],41,2,"[0.5181425386759565, 0.548951681512668]",1,-1
41811,[0.48864586 0.58464174],41,5,"[0.47989515498241786, 0.6212764114798471]",1,70
41812,[0.54070168 0.59694877],41,2,"[0.5181425386759565, 0.548951681512668]",1,66
41813,[0.49282736 0.51890019],41,2,"[0.5181425386759565, 0.548951681512668]",1,-1
41814,[0.48377529 0.6301599 ],41,5,"[0.47989515498241786, 0.6212764114798471]",1,-1
41815,[0.59054066 0.57289174],41,10,"[0.6101257152780476, 0.5394800330734051]",1,-1
41816,[0.44188812 0.56677311],41,25,"[0.38660465276603295, 0.5871767558758164]",1,-1
41817,[0.49969541 0.55488889],41,2,"[0.5181425386759565, 0.548951681512668]",1,-1
41818,[0.5362407  0.55711693],41,2,"[0.5181425386759565, 0.548951681512668]",1,-1
41819,[0.45701554 0.54766588],41,18,"[0.4203234088660354, 0.508036417947434]",1,-1
41820,[0.51832869 0.56307354],41,2,"[0.5181425386759565, 0.548951681512668]",1,-1
41821,[0.49274579 0.52225761],41,2,"[0.5181425386759565, 0.548951681512668]",1,-1
41822,[0.49745678 0.59900827],41,5,"[0.47989515498241786, 0.6212764114798471]",1,67
41823,[0.53038738 0.61305291],41,5,"[0.47989515498241786, 0.6212764114798471]",1,-1
41824,[0.49763268 0.52370824],41,2,"[0.5181425386759565, 0.548951681512668]",1,-1
41825,[0.3873977  0.54502511],41,25,"[0.38660465276603295, 0.5871767558758164]",1,-1
41826,[0.41923425 0.55696255],41,25,"[0.38660465276603295, 0.5871767558758164]",1,-1
41827,[0.52910237 0.59785744],41,2,"[0.5181425386759565, 0.548951681512668]",1,-1
41828,[0.47407383 0.57345064],41,5,"[0.47989515498241786, 0.6212764114798471]",1,-1
41829,[0.53758872 0.67387041],41,41,"[0.5613949929729852, 0.701115936473092]",1,-1
41830,[0.38913324 0.4780323 ],41,18,"[0.4203234088660354, 0.508036417947434]",1,-1
41831,[0.58037679 0.54127498],41,10,"[0.6101257152780476, 0.5394800330734051]",1,69
41832,[0.45347497 0.54877402],41,18,"[0.4203234088660354, 0.508036417947434]",1,-1
41833,[0.45616941 0.50840752],41,18,"[0.4203234088660354, 0.508036417947434]",1,-1
41834,[0.57038932 0.50401908],41,10,"[0.6101257152780476, 0.5394800330734051]",1,-1
41835,[0.48714385 0.59096716],41,5,"[0.47989515498241786, 0.6212764114798471]",1,-1
41836,[0.52744507 0.55306842],41,2,"[0.5181425386759565, 0.548951681512668]",1,-1
41837,[0.49138551 0.60913819],41,5,"[0.47989515498241786, 0.6212764114798471]",1,-1
41838,[0.45707341 0.55484202],41,18,"[0.4203234088660354, 0.508036417947434]",1,-1
41839,[0.37252284 0.50922807],41,18,"[0.4203234088660354, 0.508036417947434]",1,-1
41840,[0.51914892 0.42533533],41,35,"[0.491626887866141, 0.45015531396212327]",1,8
41841,[0.45409219 0.46267664],41,35,"[0.491626887866141, 0.45015531396212327]",1,-1
41842,[0.47129288 0.62028475],41,5,"[0.47989515498241786, 0.6212764114798471]",1,60
41843,[0.5363582  0.65728086],41,41,"[0.5613949929729852, 0.701115936473092]",1,-1
41844,[0.42434833 0.49911803],41,18,"[0.4203234088660354, 0.508036417947434]",1,-1
41845,[0.50505919 0.5459839 ],41,2,"[0.5181425386759565, 0.548951681512668]",1,-1
41846,[0.50709009 0.57500547],41,2,"[0.5181425386759565, 0.548951681512668]",1,75
41847,[0.5304427  0.59075447],41,2,"[0.5181425386759565, 0.548951681512668]",1,-1
41848,[0.5059607  0.60587894],41,5,"[0.47989515498241786, 0.6212764114798471]",1,-1
41849,[0.42487609 0.64838691],41,45,"[0.4377614438459196, 0.655911915550708]",1,46
41850,[0.42307426 0.54999855],41,18,"[0.4203234088660354, 0.508036417947434]",1,-1
41851,[0.48732871 0.6431134 ],41,5,"[0.47989515498241786, 0.6212764114798471]",1,-1
41852,[0.59129813 0.49280225],41,10,"[0.6101257152780476, 0.5394800330734051]",1,-1
41853,[0.48008851 0.54455231],41,2,"[0.5181425386759565, 0.548951681512668]",1,-1
41854,[0.50489151 0.64668778],41,5,"[0.47989515498241786, 0.6212764114798471]",1,-1
41855,[0.57936127 0.51868596],41,10,"[0.6101257152780476, 0.5394800330734051]",1,-1
41856,[0.49547183 0.61818174],41,5,"[0.47989515498241786, 0.6212764114798471]",1,-1
41857,[0.53289197 0.57956221],41,2,"[0.5181425386759565, 0.548951681512668]",1,-1
41858,[0.55942121 0.58500817],41,9,"[0.5945682323783136, 0.6193254997600653]",1,69
41859,[0.48066105 0.52584975],41,2,"[0.5181425386759565, 0.548951681512668]",1,-1
41860,[0.51745552 0.63549934],41,5,"[0.47989515498241786, 0.6212764114798471]",1,-1
41861,[0.4272208  0.63034335],41,45,"[0.4377614438459196, 0.655911915550708]",1,-1
41862,[0.54685505 0.58919022],41,2,"[0.5181425386759565, 0.548951681512668]",1,-1
41863,[0.51944581 0.60544496],41,5,"[0.47989515498241786, 0.6212764114798471]",1,-1
41864,[0.46774208 0.50327021],41,18,"[0.4203234088660354, 0.508036417947434]",1,-1
41865,[0.46694214 0.53381018],41,18,"[0.4203234088660354, 0.508036417947434]",1,-1
41866,[0.47717236 0.5519734 ],41,2,"[0.5181425386759565, 0.548951681512668]",1,-1
41867,[0.51123562 0.68188418],41,41,"[0.5613949929729852, 0.701115936473092]",1,-1
41868,[0.50405771 0.54958857],41,2,"[0.5181425386759565, 0.548951681512668]",1,-1
41869,[0.45836664 0.57192513],41,5,"[0.47989515498241786, 0.6212764114798471]",1,-1
41870,[0.50092473 0.61429452],41,5,"[0.47989515498241786, 0.6212764114798471]",1,-1
41871,[0.43679374 0.60753499],41,5,"[0.47989515498241786, 0.6212764114798471]",1,-1
41872,[0.4738073 0.6536369],41,5,"[0.47989515498241786, 0.6212764114798471]",1,-1
41873,[0.46042889 0.501987  ],41,18,"[0.4203234088660354, 0.508036417947434]",1,-1
41874,[0.4305977  0.60395524],41,25,"[0.38660465276603295, 0.5871767558758164]",1,-1
41875,[0.44761012 0.55831411],41,18,"[0.4203234088660354, 0.508036417947434]",1,-1
41876,[0.55464845 0.59697507],41,9,"[0.5945682323783136, 0.6193254997600653]",1,-1
41877,[0.41763831 0.56115858],41,25,"[0.38660465276603295, 0.5871767558758164]",1,-1
41878,[0.53622477 0.57575544],41,2,"[0.5181425386759565, 0.548951681512668]",1,65
41879,[0.60144212 0.6170965 ],41,9,"[0.5945682323783136, 0.6193254997600653]",1,-1
41880,[0.45792616 0.49832731],41,18,"[0.4203234088660354, 0.508036417947434]",1,-1
41881,[0.4621578  0.55106719],41,2,"[0.5181425386759565, 0.548951681512668]",1,-1
41882,[0.54742746 0.58038722],41,2,"[0.5181425386759565, 0.548951681512668]",1,-1
41883,[0.37778381 0.50738739],41,18,"[0.4203234088660354, 0.508036417947434]",1,-1
41884,[0.49953699 0.56556158],41,2,"[0.5181425386759565, 0.548951681512668]",1,-1
41885,[0.48962964 0.46857058],41,35,"[0.491626887866141, 0.45015531396212327]",1,-1
41886,[0.50450169 0.57651113],41,2,"[0.5181425386759565, 0.548951681512668]",1,75
41887,[0.39870185 0.52290195],41,18,"[0.4203234088660354, 0.508036417947434]",1,-1
41888,[0.49038039 0.54882138],41,2,"[0.5181425386759565, 0.548951681512668]",1,-1
41889,[0.55705126 0.58106174],41,2,"[0.5181425386759565, 0.548951681512668]",1,-1
41890,[0.46379592 0.56627479],41,2,"[0.5181425386759565, 0.548951681512668]",1,-1
41891,[0.51643373 0.5323278 ],41,2,"[0.5181425386759565, 0.548951681512668]",1,65
41892,[0.49679319 0.5981528 ],41,5,"[0.47989515498241786, 0.6212764114798471]",1,-1
41893,[0.37705581 0.5144173 ],41,18,"[0.4203234088660354, 0.508036417947434]",1,-1
41894,[0.42286934 0.53346841],41,18,"[0.4203234088660354, 0.508036417947434]",1,-1
41895,[0.62275454 0.64847334],41,9,"[0.5945682323783136, 0.6193254997600653]",1,-1
41896,[0.48079103 0.47833237],41,35,"[0.491626887866141, 0.45015531396212327]",1,-1
41897,[0.51900575 0.53673602],41,2,"[0.5181425386759565, 0.548951681512668]",1,-1
41898,[0.57841405 0.55770724],41,10,"[0.6101257152780476, 0.5394800330734051]",1,-1
41899,[0.46007287 0.4930657 ],41,18,"[0.4203234088660354, 0.508036417947434]",1,-1
41900,[0.56354052 0.64120607],41,9,"[0.5945682323783136, 0.6193254997600653]",1,-1
41901,[0.4837364  0.59310966],41,5,"[0.47989515498241786, 0.6212764114798471]",1,-1
41902,[0.49503152 0.60823303],41,5,"[0.47989515498241786, 0.6212764114798471]",1,67
41903,[0.48703417 0.57899622],41,5,"[0.47989515498241786, 0.6212764114798471]",1,-1
41904,[0.53135652 0.52818523],41,2,"[0.5181425386759565, 0.548951681512668]",1,-1
41905,[0.51853025 0.62051922],41,5,"[0.47989515498241786, 0.6212764114798471]",1,-1
41906,[0.45326787 0.59050138],41,5,"[0.47989515498241786, 0.6212764114798471]",1,-1
41907,[0.57453382 0.49476006],41,10,"[0.6101257152780476, 0.5394800330734051]",1,-1
41908,[0.47797126 0.49615577],41,35,"[0.491626887866141, 0.45015531396212327]",1,-1
41909,[0.49611444 0.57784728],41,2,"[0.5181425386759565, 0.548951681512668]",1,-1
41910,[0.448539   0.59694931],41,5,"[0.47989515498241786, 0.6212764114798471]",1,-1
41911,[0.49896881 0.56206033],41,2,"[0.5181425386759565, 0.548951681512668]",1,-1
41912,[0.52058453 0.58317755],41,2,"[0.5181425386759565, 0.548951681512668]",1,74
41913,[0.56177353 0.51477987],41,10,"[0.6101257152780476, 0.5394800330734051]",1,-1
41914,[0.44803159 0.48297669],41,18,"[0.4203234088660354, 0.508036417947434]",1,-1
41915,[0.50346347 0.5257085 ],41,2,"[0.5181425386759565, 0.548951681512668]",1,-1
41916,[0.4913978  0.58673665],41,5,"[0.47989515498241786, 0.6212764114798471]",1,70
41917,[0.48068762 0.50316334],41,35,"[0.491626887866141, 0.45015531396212327]",1,-1
41918,[0.42615986 0.53135549],41,18,"[0.4203234088660354, 0.508036417947434]",1,-1
41919,[0.41207451 0.51866859],41,18,"[0.4203234088660354, 0.508036417947434]",1,-1
41920,[0.43873564 0.51945328],41,18,"[0.4203234088660354, 0.508036417947434]",1,-1
41921,[0.5269864  0.61050134],41,5,"[0.47989515498241786, 0.6212764114798471]",1,-1
41922,[0.42511304 0.70042697],41,47,"[0.4308417820697566, 0.7426361553548808]",1,-1
41923,[0.54637769 0.65374337],41,41,"[0.5613949929729852, 0.701115936473092]",1,-1
41924,[0.45034705 0.51122847],41,18,"[0.4203234088660354, 0.508036417947434]",1,-1
41925,[0.50734405 0.45390357],41,35,"[0.491626887866141, 0.45015531396212327]",1,-1
41926,[0.5363914  0.50709863],41,2,"[0.5181425386759565, 0.548951681512668]",1,-1
41927,[0.53615482 0.58640978],41,2,"[0.5181425386759565, 0.548951681512668]",1,-1
41928,[0.48730982 0.47119631],41,35,"[0.491626887866141, 0.45015531396212327]",1,-1
41929,[0.47305328 0.61763963],41,5,"[0.47989515498241786, 0.6212764114798471]",1,-1
41930,[0.59234993 0.53250706],41,10,"[0.6101257152780476, 0.5394800330734051]",1,-1
41931,[0.52009464 0.53666083],41,2,"[0.5181425386759565, 0.548951681512668]",1,65
41932,[0.44012816 0.59191297],41,5,"[0.47989515498241786, 0.6212764114798471]",1,60
41933,[0.55713753 0.59046843],41,9,"[0.5945682323783136, 0.6193254997600653]",1,-1
41934,[0.43718897 0.62384964],41,45,"[0.4377614438459196, 0.655911915550708]",1,-1
41935,[0.41956713 0.55940309],41,25,"[0.38660465276603295, 0.5871767558758164]",1,-1
41936,[0.5796866  0.50722162],41,10,"[0.6101257152780476, 0.5394800330734051]",1,-1
41937,[0.439811   0.55963898],41,18,"[0.4203234088660354, 0.508036417947434]",1,-1
41938,[0.50845566 0.50900986],41,2,"[0.5181425386759565, 0.548951681512668]",1,-1
41939,[0.47457136 0.56992967],41,2,"[0.5181425386759565, 0.548951681512668]",1,-1
41940,[0.43782873 0.45827358],41,18,"[0.4203234088660354, 0.508036417947434]",1,-1
41941,[0.48398437 0.49931946],41,35,"[0.491626887866141, 0.45015531396212327]",1,-1
41942,[0.46040745 0.49641384],41,18,"[0.4203234088660354, 0.508036417947434]",1,-1
41943,[0.47036595 0.60905886],41,5,"[0.47989515498241786, 0.6212764114798471]",1,-1
41944,[0.54501823 0.54147495],41,2,"[0.5181425386759565, 0.548951681512668]",1,-1
41945,[0.38421374 0.59205317],41,25,"[0.38660465276603295, 0.5871767558758164]",1,-1
41946,[0.51006626 0.57538719],41,2,"[0.5181425386759565, 0.548951681512668]",1,-1
41947,[0.47689768 0.54357888],41,2,"[0.5181425386759565, 0.548951681512668]",1,-1
41948,[0.5393062  0.57888285],41,2,"[0.5181425386759565, 0.548951681512668]",1,65
41949,[0.5011729  0.55565094],41,2,"[0.5181425386759565, 0.548951681512668]",1,-1
41950,[0.48389758 0.53109542],41,2,"[0.5181425386759565, 0.548951681512668]",1,-1
41951,[0.43569495 0.58768323],41,25,"[0.38660465276603295, 0.5871767558758164]",1,60
41952,[0.50487229 0.55038033],41,2,"[0.5181425386759565, 0.548951681512668]",1,-1
41953,[0.56939399 0.46992435],41,27,"[0.5866068271601823, 0.4386408725933068]",1,-1
41954,[0.53885141 0.56319375],41,2,"[0.5181425386759565, 0.548951681512668]",1,-1
41955,[0.5237485  0.56212815],41,2,"[0.5181425386759565, 0.548951681512668]",1,-1
41956,[0.44532898 0.53017555],41,18,"[0.4203234088660354, 0.508036417947434]",1,-1
41957,[0.48383542 0.53621809],41,2,"[0.5181425386759565, 0.548951681512668]",1,-1
41958,[0.51813613 0.51673795],41,2,"[0.5181425386759565, 0.548951681512668]",1,-1
41959,[0.5300664  0.57871282],41,2,"[0.5181425386759565, 0.548951681512668]",1,-1
41960,[0.45879582 0.61234691],41,5,"[0.47989515498241786, 0.6212764114798471]",1,60
41961,[0.42373744 0.54964064],41,18,"[0.4203234088660354, 0.508036417947434]",1,-1
41962,[0.47315036 0.52704251],41,2,"[0.5181425386759565, 0.548951681512668]",1,49
41963,[0.4239413  0.51114598],41,18,"[0.4203234088660354, 0.508036417947434]",1,-1
41964,[0.44573194 0.57224238],41,5,"[0.47989515498241786, 0.6212764114798471]",1,-1
41965,[0.52826384 0.58958407],41,2,"[0.5181425386759565, 0.548951681512668]",1,-1
41966,[0.52755646 0.50966909],41,2,"[0.5181425386759565, 0.548951681512668]",1,-1
41967,[0.40165769 0.5431883 ],41,18,"[0.4203234088660354, 0.508036417947434]",1,-1
41968,[0.48140451 0.57447616],41,2,"[0.5181425386759565, 0.548951681512668]",1,-1
41969,[0.49100856 0.51553219],41,2,"[0.5181425386759565, 0.548951681512668]",1,-1
41970,[0.57411352 0.55334644],41,10,"[0.6101257152780476, 0.5394800330734051]",1,-1
41971,[0.45437584 0.58490642],41,5,"[0.47989515498241786, 0.6212764114798471]",1,-1
41972,[0.50039861 0.54376082],41,2,"[0.5181425386759565, 0.548951681512668]",1,-1
41973,[0.47056204 0.58214871],41,5,"[0.47989515498241786, 0.6212764114798471]",1,-1
41974,[0.46850633 0.48225194],41,35,"[0.491626887866141, 0.45015531396212327]",1,-1
41975,[0.49684137 0.48981898],41,35,"[0.491626887866141, 0.45015531396212327]",1,-1
41976,[0.46372125 0.58934522],41,5,"[0.47989515498241786, 0.6212764114798471]",1,-1
41977,[0.55449623 0.56291131],41,2,"[0.5181425386759565, 0.548951681512668]",1,65
41978,[0.47821647 0.49243218],41,35,"[0.491626887866141, 0.45015531396212327]",1,-1
41979,[0.47107774 0.47625048],41,35,"[0.491626887866141, 0.45015531396212327]",1,-1
41980,[0.49004788 0.53268885],41,2,"[0.5181425386759565, 0.548951681512668]",1,-1
41981,[0.54117745 0.57973676],41,2,"[0.5181425386759565, 0.548951681512668]",1,65
41982,[0.38434917 0.5408774 ],41,25,"[0.38660465276603295, 0.5871767558758164]",1,-1
41983,[0.52282641 0.51363756],41,2,"[0.5181425386759565, 0.548951681512668]",1,-1
41984,[0.44012017 0.60048926],41,5,"[0.47989515498241786, 0.6212764114798471]",1,60
41985,[0.59081844 0.59157458],41,9,"[0.5945682323783136, 0.6193254997600653]",1,63
41986,[0.51865143 0.48093468],41,35,"[0.491626887866141, 0.45015531396212327]",1,-1
41987,[0.43786056 0.59514641],41,5,"[0.47989515498241786, 0.6212764114798471]",1,60
41988,[0.5390068  0.53042967],41,2,"[0.5181425386759565, 0.548951681512668]",1,-1
41989,[0.43483452 0.57015327],41,25,"[0.38660465276603295, 0.5871767558758164]",1,-1
41990,[0.53455907 0.54649193],41,2,"[0.5181425386759565, 0.548951681512668]",1,-1
41991,[0.51482318 0.5741088 ],41,2,"[0.5181425386759565, 0.548951681512668]",1,-1
41992,[0.5750703  0.54453304],41,10,"[0.6101257152780476, 0.5394800330734051]",1,69
41993,[0.58150591 0.52161978],41,10,"[0.6101257152780476, 0.5394800330734051]",1,-1
41994,[0.441372   0.58255864],41,5,"[0.47989515498241786, 0.6212764114798471]",1,-1
41995,[0.46446605 0.60101912],41,5,"[0.47989515498241786, 0.6212764114798471]",1,-1
41996,[0.55659094 0.56821825],41,2,"[0.5181425386759565, 0.548951681512668]",1,-1
41997,[0.46210142 0.43476456],41,35,"[0.491626887866141, 0.45015531396212327]",1,-1
41998,[0.37610763 0.58091606],41,25,"[0.38660465276603295, 0.5871767558758164]",1,-1
41999,[0.41121894 0.56106114],41,25,"[0.38660465276603295, 0.5871767558758164]",1,-1
42000,[0.38345043 0.36281313],42,6,"[0.40123478470159024, 0.40656176249784554]",1,73
42001,[0.27763559 0.44518363],42,13,"[0.32294489274299887, 0.4620611538839558]",1,-1
42002,[0.32989475 0.33948813],42,1,"[0.33650952271243567, 0.3695039184549852]",1,-1
42003,[0.35124589 0.36633141],42,1,"[0.33650952271243567, 0.3695039184549852]",1,-1
42004,[0.32676673 0.33411888],42,1,"[0.33650952271243567, 0.3695039184549852]",1,-1
42005,[0.40005664 0.30472282],42,4,"[0.3937233168939997, 0.29890402186269427]",1,-1
42006,[0.35253934 0.40590927],42,1,"[0.33650952271243567, 0.3695039184549852]",1,-1
42007,[0.34445086 0.4340383 ],42,13,"[0.32294489274299887, 0.4620611538839558]",1,-1
42008,[0.24833974 0.30634875],42,7,"[0.2880919156697789, 0.2889500356712737]",1,-1
42009,[0.35659461 0.42996753],42,13,"[0.32294489274299887, 0.4620611538839558]",1,-1
42010,[0.32506937 0.36215696],42,1,"[0.33650952271243567, 0.3695039184549852]",1,-1
42011,[0.3133706  0.38645134],42,1,"[0.33650952271243567, 0.3695039184549852]",1,-1
42012,[0.34446883 0.45383935],42,13,"[0.32294489274299887, 0.4620611538839558]",1,-1
42013,[0.35289943 0.35570906],42,1,"[0.33650952271243567, 0.3695039184549852]",1,-1
42014,[0.4567451  0.35997909],42,37,"[0.4780366509520634, 0.3686118735311782]",1,-1
42015,[0.33348244 0.42163333],42,13,"[0.32294489274299887, 0.4620611538839558]",1,-1
42016,[0.29284852 0.28268405],42,7,"[0.2880919156697789, 0.2889500356712737]",1,-1
42017,[0.3039655  0.34764835],42,1,"[0.33650952271243567, 0.3695039184549852]",1,-1
42018,[0.31766647 0.28131708],42,7,"[0.2880919156697789, 0.2889500356712737]",1,-1
42019,[0.413627  0.3600283],42,6,"[0.40123478470159024, 0.40656176249784554]",1,-1
42020,[0.35488479 0.35404019],42,1,"[0.33650952271243567, 0.3695039184549852]",1,-1
42021,[0.3502928 0.2787969],42,4,"[0.3937233168939997, 0.29890402186269427]",1,-1
42022,[0.36206593 0.3608659 ],42,1,"[0.33650952271243567, 0.3695039184549852]",1,-1
42023,[0.33710392 0.37435561],42,1,"[0.33650952271243567, 0.3695039184549852]",1,-1
42024,[0.27621364 0.37219726],42,0,"[0.2473875480073203, 0.39401489827781994]",1,-1
42025,[0.28740411 0.39188551],42,0,"[0.2473875480073203, 0.39401489827781994]",1,59
42026,[0.36324186 0.34290103],42,1,"[0.33650952271243567, 0.3695039184549852]",1,-1
42027,[0.33688948 0.28231359],42,7,"[0.2880919156697789, 0.2889500356712737]",1,-1
42028,[0.3423674  0.36420072],42,1,"[0.33650952271243567, 0.3695039184549852]",1,-1
42029,[0.35078739 0.34732766],42,1,"[0.33650952271243567, 0.3695039184549852]",1,-1
42030,[0.31059945 0.35608345],42,1,"[0.33650952271243567, 0.3695039184549852]",1,-1
42031,[0.40079302 0.34730502],42,4,"[0.3937233168939997, 0.29890402186269427]",1,-1
42032,[0.24927246 0.4358444 ],42,0,"[0.2473875480073203, 0.39401489827781994]",1,-1
42033,[0.35858731 0.39443939],42,1,"[0.33650952271243567, 0.3695039184549852]",1,-1
42034,[0.39245726 0.36274054],42,6,"[0.40123478470159024, 0.40656176249784554]",1,73
42035,[0.43196347 0.44963348],42,6,"[0.40123478470159024, 0.40656176249784554]",1,-1
42036,[0.29334801 0.4419345 ],42,13,"[0.32294489274299887, 0.4620611538839558]",1,-1
42037,[0.3941305  0.29222975],42,4,"[0.3937233168939997, 0.29890402186269427]",1,-1
42038,[0.39817106 0.33881914],42,4,"[0.3937233168939997, 0.29890402186269427]",1,-1
42039,[0.40174739 0.31626234],42,4,"[0.3937233168939997, 0.29890402186269427]",1,-1
42040,[0.29388491 0.2383581 ],42,31,"[0.29817086118518243, 0.1888907481789387]",1,-1
42041,[0.36141727 0.3007783 ],42,4,"[0.3937233168939997, 0.29890402186269427]",1,-1
42042,[0.41315962 0.34817222],42,4,"[0.3937233168939997, 0.29890402186269427]",1,-1
42043,[0.36982441 0.41897589],42,6,"[0.40123478470159024, 0.40656176249784554]",1,-1
42044,[0.28538482 0.26412531],42,7,"[0.2880919156697789, 0.2889500356712737]",1,-1
42045,[0.31774145 0.34338009],42,1,"[0.33650952271243567, 0.3695039184549852]",1,-1
42046,[0.38886818 0.36758286],42,6,"[0.40123478470159024, 0.40656176249784554]",1,73
42047,[0.35685684 0.33105907],42,1,"[0.33650952271243567, 0.3695039184549852]",1,-1
42048,[0.34800884 0.39963874],42,1,"[0.33650952271243567, 0.3695039184549852]",1,-1
42049,[0.33828059 0.27516897],42,7,"[0.2880919156697789, 0.2889500356712737]",1,-1
42050,[0.30072105 0.32476291],42,7,"[0.2880919156697789, 0.2889500356712737]",1,-1
42051,[0.31402824 0.29992731],42,7,"[0.2880919156697789, 0.2889500356712737]",1,-1
42052,[0.44803108 0.36439695],42,37,"[0.4780366509520634, 0.3686118735311782]",1,-1
42053,[0.4000626  0.38407582],42,6,"[0.40123478470159024, 0.40656176249784554]",1,-1
42054,[0.36059345 0.33001821],42,4,"[0.3937233168939997, 0.29890402186269427]",1,-1
42055,[0.36590624 0.39236062],42,1,"[0.33650952271243567, 0.3695039184549852]",1,79
42056,[0.36925721 0.32363483],42,4,"[0.3937233168939997, 0.29890402186269427]",1,-1
42057,[0.40657156 0.36255265],42,6,"[0.40123478470159024, 0.40656176249784554]",1,-1
42058,[0.46568458 0.38766957],42,37,"[0.4780366509520634, 0.3686118735311782]",1,-1
42059,[0.37441327 0.39087761],42,6,"[0.40123478470159024, 0.40656176249784554]",1,-1
42060,[0.31939011 0.32298119],42,7,"[0.2880919156697789, 0.2889500356712737]",1,62
42061,[0.32996674 0.32823312],42,1,"[0.33650952271243567, 0.3695039184549852]",1,62
42062,[0.33828296 0.31725168],42,1,"[0.33650952271243567, 0.3695039184549852]",1,-1
42063,[0.27953275 0.4286673 ],42,0,"[0.2473875480073203, 0.39401489827781994]",1,-1
42064,[0.36059903 0.34666026],42,1,"[0.33650952271243567, 0.3695039184549852]",1,76
42065,[0.36696047 0.41939141],42,6,"[0.40123478470159024, 0.40656176249784554]",1,-1
42066,[0.36836383 0.3428122 ],42,1,"[0.33650952271243567, 0.3695039184549852]",1,-1
42067,[0.35839474 0.39522091],42,1,"[0.33650952271243567, 0.3695039184549852]",1,-1
42068,[0.34892334 0.28239263],42,4,"[0.3937233168939997, 0.29890402186269427]",1,-1
42069,[0.33804038 0.35705707],42,1,"[0.33650952271243567, 0.3695039184549852]",1,77
42070,[0.24586107 0.21616709],42,16,"[0.22214342499776796, 0.1812277944104208]",1,-1
42071,[0.37335074 0.30500529],42,4,"[0.3937233168939997, 0.29890402186269427]",1,-1
42072,[0.28435356 0.37189586],42,0,"[0.2473875480073203, 0.39401489827781994]",1,-1
42073,[0.38851884 0.3295242 ],42,4,"[0.3937233168939997, 0.29890402186269427]",1,71
42074,[0.37457711 0.48191015],42,18,"[0.4203234088660354, 0.508036417947434]",1,-1
42075,[0.29998569 0.45483618],42,13,"[0.32294489274299887, 0.4620611538839558]",1,-1
42076,[0.34573963 0.30117431],42,4,"[0.3937233168939997, 0.29890402186269427]",1,-1
42077,[0.42333209 0.38712533],42,6,"[0.40123478470159024, 0.40656176249784554]",1,-1
42078,[0.37018222 0.27777773],42,4,"[0.3937233168939997, 0.29890402186269427]",1,-1
42079,[0.41243425 0.40645785],42,6,"[0.40123478470159024, 0.40656176249784554]",1,-1
42080,[0.28708488 0.37692305],42,0,"[0.2473875480073203, 0.39401489827781994]",1,-1
42081,[0.38471566 0.32346102],42,4,"[0.3937233168939997, 0.29890402186269427]",1,-1
42082,[0.27591804 0.29461151],42,7,"[0.2880919156697789, 0.2889500356712737]",1,-1
42083,[0.30567606 0.28291628],42,7,"[0.2880919156697789, 0.2889500356712737]",1,-1
42084,[0.35908757 0.32558414],42,4,"[0.3937233168939997, 0.29890402186269427]",1,-1
42085,[0.37109588 0.39281194],42,6,"[0.40123478470159024, 0.40656176249784554]",1,-1
42086,[0.41919702 0.47352119],42,18,"[0.4203234088660354, 0.508036417947434]",1,-1
42087,[0.36894278 0.35549505],42,1,"[0.33650952271243567, 0.3695039184549852]",1,-1
42088,[0.30225429 0.40628976],42,1,"[0.33650952271243567, 0.3695039184549852]",1,61
42089,[0.39459055 0.35929762],42,6,"[0.40123478470159024, 0.40656176249784554]",1,-1
42090,[0.36734685 0.30209447],42,4,"[0.3937233168939997, 0.29890402186269427]",1,-1
42091,[0.32732621 0.44007924],42,13,"[0.32294489274299887, 0.4620611538839558]",1,-1
42092,[0.40183557 0.31657876],42,4,"[0.3937233168939997, 0.29890402186269427]",1,-1
42093,[0.33605858 0.3309203 ],42,1,"[0.33650952271243567, 0.3695039184549852]",1,-1
42094,[0.33086432 0.28439216],42,7,"[0.2880919156697789, 0.2889500356712737]",1,-1
42095,[0.36580295 0.35985988],42,1,"[0.33650952271243567, 0.3695039184549852]",1,-1
42096,[0.39196952 0.36647706],42,6,"[0.40123478470159024, 0.40656176249784554]",1,73
42097,[0.27872494 0.31226179],42,7,"[0.2880919156697789, 0.2889500356712737]",1,-1
42098,[0.35964492 0.39662946],42,1,"[0.33650952271243567, 0.3695039184549852]",1,-1
42099,[0.21751519 0.37724832],42,0,"[0.2473875480073203, 0.39401489827781994]",1,35
42100,[0.38707993 0.42550536],42,6,"[0.40123478470159024, 0.40656176249784554]",1,-1
42101,[0.35605613 0.3107765 ],42,4,"[0.3937233168939997, 0.29890402186269427]",1,-1
42102,[0.45792359 0.41868813],42,35,"[0.491626887866141, 0.45015531396212327]",1,-1
42103,[0.37088935 0.35821186],42,1,"[0.33650952271243567, 0.3695039184549852]",1,-1
42104,[0.3493831  0.40524838],42,1,"[0.33650952271243567, 0.3695039184549852]",1,-1
42105,[0.38521141 0.32812967],42,4,"[0.3937233168939997, 0.29890402186269427]",1,-1
42106,[0.39258491 0.36481288],42,6,"[0.40123478470159024, 0.40656176249784554]",1,73
42107,[0.41668462 0.38616242],42,6,"[0.40123478470159024, 0.40656176249784554]",1,-1
42108,[0.28974058 0.27010331],42,7,"[0.2880919156697789, 0.2889500356712737]",1,-1
42109,[0.33366201 0.30293132],42,7,"[0.2880919156697789, 0.2889500356712737]",1,-1
42110,[0.38849396 0.44331924],42,6,"[0.40123478470159024, 0.40656176249784554]",1,-1
42111,[0.37907971 0.40272271],42,6,"[0.40123478470159024, 0.40656176249784554]",1,-1
42112,[0.37803315 0.40940193],42,6,"[0.40123478470159024, 0.40656176249784554]",1,-1
42113,[0.37706896 0.34624607],42,1,"[0.33650952271243567, 0.3695039184549852]",1,-1
42114,[0.34030013 0.31427124],42,1,"[0.33650952271243567, 0.3695039184549852]",1,-1
42115,[0.26854352 0.34725651],42,0,"[0.2473875480073203, 0.39401489827781994]",1,-1
42116,[0.43600026 0.38009223],42,37,"[0.4780366509520634, 0.3686118735311782]",1,-1
42117,[0.31630535 0.41464352],42,13,"[0.32294489274299887, 0.4620611538839558]",1,-1
42118,[0.30171278 0.38030981],42,1,"[0.33650952271243567, 0.3695039184549852]",1,-1
42119,[0.2424234  0.38738937],42,0,"[0.2473875480073203, 0.39401489827781994]",1,47
42120,[0.39676886 0.31216319],42,4,"[0.3937233168939997, 0.29890402186269427]",1,-1
42121,[0.3321117  0.31396963],42,7,"[0.2880919156697789, 0.2889500356712737]",1,-1
42122,[0.40105388 0.31892293],42,4,"[0.3937233168939997, 0.29890402186269427]",1,-1
42123,[0.32920676 0.43629503],42,13,"[0.32294489274299887, 0.4620611538839558]",1,-1
42124,[0.34110076 0.39071169],42,1,"[0.33650952271243567, 0.3695039184549852]",1,-1
42125,[0.39560585 0.35937634],42,6,"[0.40123478470159024, 0.40656176249784554]",1,-1
42126,[0.28730944 0.37857289],42,0,"[0.2473875480073203, 0.39401489827781994]",1,-1
42127,[0.41680856 0.42043361],42,6,"[0.40123478470159024, 0.40656176249784554]",1,-1
42128,[0.38018142 0.36720688],42,1,"[0.33650952271243567, 0.3695039184549852]",1,-1
42129,[0.30968769 0.29295634],42,7,"[0.2880919156697789, 0.2889500356712737]",1,-1
42130,[0.36665323 0.33815347],42,1,"[0.33650952271243567, 0.3695039184549852]",1,-1
42131,[0.37715755 0.33595002],42,4,"[0.3937233168939997, 0.29890402186269427]",1,-1
42132,[0.27404377 0.30412841],42,7,"[0.2880919156697789, 0.2889500356712737]",1,25
42133,[0.3596118  0.29986804],42,4,"[0.3937233168939997, 0.29890402186269427]",1,-1
42134,[0.40600508 0.27953249],42,4,"[0.3937233168939997, 0.29890402186269427]",1,-1
42135,[0.31532011 0.36580123],42,1,"[0.33650952271243567, 0.3695039184549852]",1,-1
42136,[0.37599185 0.29752119],42,4,"[0.3937233168939997, 0.29890402186269427]",1,-1
42137,[0.33061634 0.36055246],42,1,"[0.33650952271243567, 0.3695039184549852]",1,-1
42138,[0.43774894 0.31393568],42,4,"[0.3937233168939997, 0.29890402186269427]",1,-1
42139,[0.33810077 0.4192522 ],42,13,"[0.32294489274299887, 0.4620611538839558]",1,-1
42140,[0.3488162  0.37390604],42,1,"[0.33650952271243567, 0.3695039184549852]",1,-1
42141,[0.3065958  0.38434033],42,1,"[0.33650952271243567, 0.3695039184549852]",1,-1
42142,[0.24308742 0.32900244],42,15,"[0.188292755006214, 0.3253570325311902]",1,-1
42143,[0.36726981 0.39884519],42,6,"[0.40123478470159024, 0.40656176249784554]",1,-1
42144,[0.34829311 0.45595604],42,13,"[0.32294489274299887, 0.4620611538839558]",1,-1
42145,[0.36024663 0.26857645],42,4,"[0.3937233168939997, 0.29890402186269427]",1,-1
42146,[0.24275408 0.38782578],42,0,"[0.2473875480073203, 0.39401489827781994]",1,47
42147,[0.38210511 0.39236569],42,6,"[0.40123478470159024, 0.40656176249784554]",1,-1
42148,[0.34031304 0.41077971],42,1,"[0.33650952271243567, 0.3695039184549852]",1,-1
42149,[0.34143926 0.30945537],42,4,"[0.3937233168939997, 0.29890402186269427]",1,-1
42150,[0.35428577 0.23626512],42,-1,-1,1,-1
42151,[0.4191347  0.35494185],42,6,"[0.40123478470159024, 0.40656176249784554]",1,-1
42152,[0.3316978 0.3976556],42,1,"[0.33650952271243567, 0.3695039184549852]",1,-1
42153,[0.44061506 0.31025519],42,4,"[0.3937233168939997, 0.29890402186269427]",1,-1
42154,[0.33451782 0.34626818],42,1,"[0.33650952271243567, 0.3695039184549852]",1,-1
42155,[0.33841484 0.44525168],42,13,"[0.32294489274299887, 0.4620611538839558]",1,-1
42156,[0.33554528 0.35600855],42,1,"[0.33650952271243567, 0.3695039184549852]",1,77
42157,[0.32410455 0.36690599],42,1,"[0.33650952271243567, 0.3695039184549852]",1,-1
42158,[0.30577745 0.34467547],42,1,"[0.33650952271243567, 0.3695039184549852]",1,-1
42159,[0.26078217 0.38225455],42,0,"[0.2473875480073203, 0.39401489827781994]",1,-1
42160,[0.3490411  0.31801004],42,4,"[0.3937233168939997, 0.29890402186269427]",1,-1
42161,[0.3902168  0.31291604],42,4,"[0.3937233168939997, 0.29890402186269427]",1,-1
42162,[0.35322085 0.35578013],42,1,"[0.33650952271243567, 0.3695039184549852]",1,-1
42163,[0.35972381 0.39446417],42,1,"[0.33650952271243567, 0.3695039184549852]",1,-1
42164,[0.37648145 0.38386135],42,6,"[0.40123478470159024, 0.40656176249784554]",1,78
42165,[0.39977451 0.28024945],42,4,"[0.3937233168939997, 0.29890402186269427]",1,-1
42166,[0.44202681 0.24694322],42,-1,-1,1,-1
42167,[0.31603126 0.27627536],42,7,"[0.2880919156697789, 0.2889500356712737]",1,-1
42168,[0.41824707 0.35058165],42,4,"[0.3937233168939997, 0.29890402186269427]",1,-1
42169,[0.28568088 0.3296807 ],42,7,"[0.2880919156697789, 0.2889500356712737]",1,-1
42170,[0.36542165 0.31301901],42,4,"[0.3937233168939997, 0.29890402186269427]",1,-1
42171,[0.37193554 0.332996  ],42,4,"[0.3937233168939997, 0.29890402186269427]",1,-1
42172,[0.35616088 0.36355365],42,1,"[0.33650952271243567, 0.3695039184549852]",1,-1
42173,[0.36228653 0.41199917],42,6,"[0.40123478470159024, 0.40656176249784554]",1,-1
42174,[0.35831507 0.31799529],42,4,"[0.3937233168939997, 0.29890402186269427]",1,-1
42175,[0.33352889 0.27533457],42,7,"[0.2880919156697789, 0.2889500356712737]",1,-1
42176,[0.35512762 0.38909794],42,1,"[0.33650952271243567, 0.3695039184549852]",1,-1
42177,[0.42499704 0.35859729],42,6,"[0.40123478470159024, 0.40656176249784554]",1,-1
42178,[0.35589233 0.40328679],42,1,"[0.33650952271243567, 0.3695039184549852]",1,-1
42179,[0.29584172 0.24099525],42,7,"[0.2880919156697789, 0.2889500356712737]",1,-1
42180,[0.29501425 0.34917145],42,1,"[0.33650952271243567, 0.3695039184549852]",1,-1
42181,[0.34276816 0.31034918],42,4,"[0.3937233168939997, 0.29890402186269427]",1,-1
42182,[0.3349002  0.35453595],42,1,"[0.33650952271243567, 0.3695039184549852]",1,77
42183,[0.42560243 0.35532168],42,37,"[0.4780366509520634, 0.3686118735311782]",1,-1
42184,[0.4444592  0.41223357],42,6,"[0.40123478470159024, 0.40656176249784554]",1,-1
42185,[0.31239532 0.40072621],42,1,"[0.33650952271243567, 0.3695039184549852]",1,-1
42186,[0.44300494 0.34484436],42,37,"[0.4780366509520634, 0.3686118735311782]",1,-1
42187,[0.35482207 0.33679822],42,1,"[0.33650952271243567, 0.3695039184549852]",1,-1
42188,[0.29528824 0.34934169],42,1,"[0.33650952271243567, 0.3695039184549852]",1,-1
42189,[0.32747941 0.32162888],42,1,"[0.33650952271243567, 0.3695039184549852]",1,-1
42190,[0.42391422 0.38569486],42,6,"[0.40123478470159024, 0.40656176249784554]",1,-1
42191,[0.34554607 0.28946927],42,4,"[0.3937233168939997, 0.29890402186269427]",1,-1
42192,[0.35442538 0.403597  ],42,1,"[0.33650952271243567, 0.3695039184549852]",1,-1
42193,[0.42713055 0.35092378],42,37,"[0.4780366509520634, 0.3686118735311782]",1,-1
42194,[0.36500763 0.44188478],42,13,"[0.32294489274299887, 0.4620611538839558]",1,-1
42195,[0.2760409  0.25518205],42,7,"[0.2880919156697789, 0.2889500356712737]",1,-1
42196,[0.33604837 0.26831209],42,7,"[0.2880919156697789, 0.2889500356712737]",1,-1
42197,[0.30753298 0.41232981],42,1,"[0.33650952271243567, 0.3695039184549852]",1,-1
42198,[0.20425921 0.26141621],42,21,"[0.16948094512787878, 0.2245031809320862]",1,32
42199,[0.27476803 0.37250818],42,0,"[0.2473875480073203, 0.39401489827781994]",1,-1
42200,[0.38079455 0.39355485],42,6,"[0.40123478470159024, 0.40656176249784554]",1,-1
42201,[0.28065558 0.39811325],42,0,"[0.2473875480073203, 0.39401489827781994]",1,-1
42202,[0.38367064 0.41862185],42,6,"[0.40123478470159024, 0.40656176249784554]",1,-1
42203,[0.32445621 0.32745884],42,1,"[0.33650952271243567, 0.3695039184549852]",1,-1
42204,[0.36924222 0.43134658],42,6,"[0.40123478470159024, 0.40656176249784554]",1,-1
42205,[0.35887807 0.36070631],42,1,"[0.33650952271243567, 0.3695039184549852]",1,-1
42206,[0.29302915 0.40628663],42,0,"[0.2473875480073203, 0.39401489827781994]",1,-1
42207,[0.38593425 0.27843407],42,4,"[0.3937233168939997, 0.29890402186269427]",1,-1
42208,[0.2752414 0.3622638],42,0,"[0.2473875480073203, 0.39401489827781994]",1,-1
42209,[0.35452688 0.34772423],42,1,"[0.33650952271243567, 0.3695039184549852]",1,76
42210,[0.3697527  0.34689203],42,1,"[0.33650952271243567, 0.3695039184549852]",1,-1
42211,[0.37849744 0.31955602],42,4,"[0.3937233168939997, 0.29890402186269427]",1,-1
42212,[0.38741532 0.42137497],42,6,"[0.40123478470159024, 0.40656176249784554]",1,-1
42213,[0.31035429 0.41691742],42,13,"[0.32294489274299887, 0.4620611538839558]",1,-1
42214,[0.40400173 0.44459621],42,6,"[0.40123478470159024, 0.40656176249784554]",1,50
42215,[0.24265915 0.37186527],42,0,"[0.2473875480073203, 0.39401489827781994]",1,-1
42216,[0.39305998 0.27403319],42,4,"[0.3937233168939997, 0.29890402186269427]",1,-1
42217,[0.38432884 0.36603373],42,6,"[0.40123478470159024, 0.40656176249784554]",1,73
42218,[0.31290029 0.260729  ],42,7,"[0.2880919156697789, 0.2889500356712737]",1,-1
42219,[0.37430149 0.33730974],42,4,"[0.3937233168939997, 0.29890402186269427]",1,-1
42220,[0.48636644 0.2924598 ],42,-1,-1,1,-1
42221,[0.44257941 0.43473401],42,6,"[0.40123478470159024, 0.40656176249784554]",1,-1
42222,[0.38743218 0.38040782],42,6,"[0.40123478470159024, 0.40656176249784554]",1,-1
42223,[0.31507313 0.39316127],42,1,"[0.33650952271243567, 0.3695039184549852]",1,-1
42224,[0.34960999 0.45385954],42,13,"[0.32294489274299887, 0.4620611538839558]",1,-1
42225,[0.38485546 0.32794698],42,4,"[0.3937233168939997, 0.29890402186269427]",1,-1
42226,[0.35139432 0.33732143],42,1,"[0.33650952271243567, 0.3695039184549852]",1,-1
42227,[0.39042021 0.31469126],42,4,"[0.3937233168939997, 0.29890402186269427]",1,-1
42228,[0.4370236  0.25478952],42,4,"[0.3937233168939997, 0.29890402186269427]",1,-1
42229,[0.28479035 0.39517269],42,0,"[0.2473875480073203, 0.39401489827781994]",1,-1
42230,[0.34466759 0.35124445],42,1,"[0.33650952271243567, 0.3695039184549852]",1,-1
42231,[0.30231952 0.37141247],42,1,"[0.33650952271243567, 0.3695039184549852]",1,-1
42232,[0.39447066 0.34605159],42,4,"[0.3937233168939997, 0.29890402186269427]",1,-1
42233,[0.34825251 0.37556343],42,1,"[0.33650952271243567, 0.3695039184549852]",1,-1
42234,[0.33422583 0.28595343],42,7,"[0.2880919156697789, 0.2889500356712737]",1,-1
42235,[0.38015452 0.40067221],42,6,"[0.40123478470159024, 0.40656176249784554]",1,79
42236,[0.37362843 0.33205338],42,4,"[0.3937233168939997, 0.29890402186269427]",1,-1
42237,[0.31951354 0.3106557 ],42,7,"[0.2880919156697789, 0.2889500356712737]",1,-1
42238,[0.45332387 0.38640146],42,37,"[0.4780366509520634, 0.3686118735311782]",1,-1
42239,[0.2843336  0.39375229],42,0,"[0.2473875480073203, 0.39401489827781994]",1,-1
42240,[0.31815131 0.4093633 ],42,1,"[0.33650952271243567, 0.3695039184549852]",1,-1
42241,[0.33234707 0.4871657 ],42,13,"[0.32294489274299887, 0.4620611538839558]",1,-1
42242,[0.47346644 0.36523605],42,37,"[0.4780366509520634, 0.3686118735311782]",1,-1
42243,[0.36210649 0.32512565],42,4,"[0.3937233168939997, 0.29890402186269427]",1,-1
42244,[0.33122127 0.32821227],42,1,"[0.33650952271243567, 0.3695039184549852]",1,62
42245,[0.37598256 0.40794507],42,6,"[0.40123478470159024, 0.40656176249784554]",1,-1
42246,[0.3198481  0.33736858],42,1,"[0.33650952271243567, 0.3695039184549852]",1,-1
42247,[0.39471444 0.41164557],42,6,"[0.40123478470159024, 0.40656176249784554]",1,-1
42248,[0.34085414 0.35710223],42,1,"[0.33650952271243567, 0.3695039184549852]",1,-1
42249,[0.36917451 0.22568185],42,-1,-1,1,-1
42250,[0.27502128 0.40582309],42,0,"[0.2473875480073203, 0.39401489827781994]",1,59
42251,[0.38570232 0.35388041],42,1,"[0.33650952271243567, 0.3695039184549852]",1,-1
42252,[0.36420448 0.30140125],42,4,"[0.3937233168939997, 0.29890402186269427]",1,-1
42253,[0.41855021 0.31956202],42,4,"[0.3937233168939997, 0.29890402186269427]",1,-1
42254,[0.39174155 0.43397875],42,6,"[0.40123478470159024, 0.40656176249784554]",1,50
42255,[0.37315562 0.38164124],42,6,"[0.40123478470159024, 0.40656176249784554]",1,-1
42256,[0.41003487 0.36074168],42,6,"[0.40123478470159024, 0.40656176249784554]",1,-1
42257,[0.41499485 0.34376227],42,4,"[0.3937233168939997, 0.29890402186269427]",1,-1
42258,[0.33634291 0.36867102],42,1,"[0.33650952271243567, 0.3695039184549852]",1,-1
42259,[0.34778044 0.39383644],42,1,"[0.33650952271243567, 0.3695039184549852]",1,-1
42260,[0.30510888 0.36532652],42,1,"[0.33650952271243567, 0.3695039184549852]",1,-1
42261,[0.33725303 0.34532348],42,1,"[0.33650952271243567, 0.3695039184549852]",1,77
42262,[0.46285667 0.39261207],42,37,"[0.4780366509520634, 0.3686118735311782]",1,-1
42263,[0.43478062 0.34253548],42,37,"[0.4780366509520634, 0.3686118735311782]",1,-1
42264,[0.32703286 0.40960387],42,1,"[0.33650952271243567, 0.3695039184549852]",1,-1
42265,[0.38105571 0.40243456],42,6,"[0.40123478470159024, 0.40656176249784554]",1,79
42266,[0.28041767 0.37331454],42,0,"[0.2473875480073203, 0.39401489827781994]",1,-1
42267,[0.38594867 0.35068494],42,4,"[0.3937233168939997, 0.29890402186269427]",1,-1
42268,[0.44642983 0.38543802],42,37,"[0.4780366509520634, 0.3686118735311782]",1,-1
42269,[0.35528771 0.40773832],42,1,"[0.33650952271243567, 0.3695039184549852]",1,-1
42270,[0.35935326 0.42344102],42,6,"[0.40123478470159024, 0.40656176249784554]",1,-1
42271,[0.31818447 0.39122902],42,1,"[0.33650952271243567, 0.3695039184549852]",1,-1
42272,[0.3857795  0.40822709],42,6,"[0.40123478470159024, 0.40656176249784554]",1,-1
42273,[0.34002306 0.33641092],42,1,"[0.33650952271243567, 0.3695039184549852]",1,-1
42274,[0.36668804 0.41258624],42,6,"[0.40123478470159024, 0.40656176249784554]",1,-1
42275,[0.39343464 0.34991299],42,4,"[0.3937233168939997, 0.29890402186269427]",1,-1
42276,[0.35929693 0.40851155],42,6,"[0.40123478470159024, 0.40656176249784554]",1,-1
42277,[0.41179965 0.3725902 ],42,6,"[0.40123478470159024, 0.40656176249784554]",1,-1
42278,[0.42387895 0.39981851],42,6,"[0.40123478470159024, 0.40656176249784554]",1,-1
42279,[0.39808295 0.42889486],42,6,"[0.40123478470159024, 0.40656176249784554]",1,-1
42280,[0.29534586 0.34257449],42,1,"[0.33650952271243567, 0.3695039184549852]",1,-1
42281,[0.29344415 0.34270727],42,1,"[0.33650952271243567, 0.3695039184549852]",1,-1
42282,[0.44935288 0.41750425],42,6,"[0.40123478470159024, 0.40656176249784554]",1,-1
42283,[0.45296141 0.36874362],42,37,"[0.4780366509520634, 0.3686118735311782]",1,-1
42284,[0.43021146 0.31203131],42,4,"[0.3937233168939997, 0.29890402186269427]",1,-1
42285,[0.40878388 0.48602938],42,18,"[0.4203234088660354, 0.508036417947434]",1,-1
42286,[0.43677711 0.29380673],42,4,"[0.3937233168939997, 0.29890402186269427]",1,-1
42287,[0.36985044 0.29065485],42,4,"[0.3937233168939997, 0.29890402186269427]",1,-1
42288,[0.33179935 0.42201041],42,13,"[0.32294489274299887, 0.4620611538839558]",1,-1
42289,[0.34574009 0.33284436],42,1,"[0.33650952271243567, 0.3695039184549852]",1,-1
42290,[0.3149184  0.35595958],42,1,"[0.33650952271243567, 0.3695039184549852]",1,-1
42291,[0.331192   0.36422911],42,1,"[0.33650952271243567, 0.3695039184549852]",1,-1
42292,[0.33502995 0.35574032],42,1,"[0.33650952271243567, 0.3695039184549852]",1,77
42293,[0.33993049 0.41484063],42,1,"[0.33650952271243567, 0.3695039184549852]",1,-1
42294,[0.27057686 0.34336632],42,0,"[0.2473875480073203, 0.39401489827781994]",1,-1
42295,[0.40256709 0.40202484],42,6,"[0.40123478470159024, 0.40656176249784554]",1,-1
42296,[0.32300689 0.32274998],42,7,"[0.2880919156697789, 0.2889500356712737]",1,62
42297,[0.28866905 0.37278435],42,0,"[0.2473875480073203, 0.39401489827781994]",1,-1
42298,[0.34218779 0.42926884],42,13,"[0.32294489274299887, 0.4620611538839558]",1,-1
42299,[0.44683321 0.42017843],42,6,"[0.40123478470159024, 0.40656176249784554]",1,-1
42300,[0.36897928 0.2886336 ],42,4,"[0.3937233168939997, 0.29890402186269427]",1,-1
42301,[0.27507722 0.36787735],42,0,"[0.2473875480073203, 0.39401489827781994]",1,-1
42302,[0.3997638  0.32655859],42,4,"[0.3937233168939997, 0.29890402186269427]",1,-1
42303,[0.42362342 0.31044388],42,4,"[0.3937233168939997, 0.29890402186269427]",1,-1
42304,[0.27033773 0.33451756],42,7,"[0.2880919156697789, 0.2889500356712737]",1,-1
42305,[0.35910033 0.266435  ],42,4,"[0.3937233168939997, 0.29890402186269427]",1,-1
42306,[0.332537   0.37370108],42,1,"[0.33650952271243567, 0.3695039184549852]",1,-1
42307,[0.37331189 0.32546043],42,4,"[0.3937233168939997, 0.29890402186269427]",1,-1
42308,[0.41469342 0.33852648],42,4,"[0.3937233168939997, 0.29890402186269427]",1,-1
42309,[0.3463001  0.41780936],42,1,"[0.33650952271243567, 0.3695039184549852]",1,-1
42310,[0.31865402 0.39307751],42,1,"[0.33650952271243567, 0.3695039184549852]",1,-1
42311,[0.28999728 0.2913416 ],42,7,"[0.2880919156697789, 0.2889500356712737]",1,-1
42312,[0.34260227 0.3713626 ],42,1,"[0.33650952271243567, 0.3695039184549852]",1,-1
42313,[0.41485253 0.39220232],42,6,"[0.40123478470159024, 0.40656176249784554]",1,-1
42314,[0.41841536 0.32211195],42,4,"[0.3937233168939997, 0.29890402186269427]",1,-1
42315,[0.24817515 0.43944618],42,0,"[0.2473875480073203, 0.39401489827781994]",1,-1
42316,[0.38639198 0.29629179],42,4,"[0.3937233168939997, 0.29890402186269427]",1,-1
42317,[0.36555933 0.38105386],42,1,"[0.33650952271243567, 0.3695039184549852]",1,-1
42318,[0.30509612 0.3963243 ],42,1,"[0.33650952271243567, 0.3695039184549852]",1,-1
42319,[0.28705905 0.31922003],42,7,"[0.2880919156697789, 0.2889500356712737]",1,-1
42320,[0.31468133 0.40038851],42,1,"[0.33650952271243567, 0.3695039184549852]",1,-1
42321,[0.32766476 0.36155668],42,1,"[0.33650952271243567, 0.3695039184549852]",1,-1
42322,[0.37185518 0.40202216],42,6,"[0.40123478470159024, 0.40656176249784554]",1,-1
42323,[0.38619317 0.30567769],42,4,"[0.3937233168939997, 0.29890402186269427]",1,-1
42324,[0.41816449 0.35499476],42,6,"[0.40123478470159024, 0.40656176249784554]",1,-1
42325,[0.41687922 0.2515555 ],42,4,"[0.3937233168939997, 0.29890402186269427]",1,-1
42326,[0.31592439 0.32136895],42,7,"[0.2880919156697789, 0.2889500356712737]",1,-1
42327,[0.34712215 0.36385092],42,1,"[0.33650952271243567, 0.3695039184549852]",1,-1
42328,[0.3139849  0.34969954],42,1,"[0.33650952271243567, 0.3695039184549852]",1,-1
42329,[0.31778733 0.32132479],42,7,"[0.2880919156697789, 0.2889500356712737]",1,-1
42330,[0.40733397 0.33261186],42,4,"[0.3937233168939997, 0.29890402186269427]",1,-1
42331,[0.38581161 0.31775833],42,4,"[0.3937233168939997, 0.29890402186269427]",1,-1
42332,[0.37528688 0.38901528],42,6,"[0.40123478470159024, 0.40656176249784554]",1,-1
42333,[0.28612794 0.30177154],42,7,"[0.2880919156697789, 0.2889500356712737]",1,-1
42334,[0.35032801 0.43245047],42,13,"[0.32294489274299887, 0.4620611538839558]",1,-1
42335,[0.33631412 0.33881116],42,1,"[0.33650952271243567, 0.3695039184549852]",1,-1
42336,[0.36149131 0.29977193],42,4,"[0.3937233168939997, 0.29890402186269427]",1,-1
42337,[0.34793066 0.30892552],42,4,"[0.3937233168939997, 0.29890402186269427]",1,-1
42338,[0.34094381 0.30919284],42,4,"[0.3937233168939997, 0.29890402186269427]",1,-1
42339,[0.36781371 0.29979922],42,4,"[0.3937233168939997, 0.29890402186269427]",1,-1
42340,[0.35032352 0.40593975],42,1,"[0.33650952271243567, 0.3695039184549852]",1,-1
42341,[0.33106536 0.37938908],42,1,"[0.33650952271243567, 0.3695039184549852]",1,-1
42342,[0.34163072 0.32892659],42,1,"[0.33650952271243567, 0.3695039184549852]",1,-1
42343,[0.33319709 0.40684472],42,1,"[0.33650952271243567, 0.3695039184549852]",1,-1
42344,[0.39591939 0.37121352],42,6,"[0.40123478470159024, 0.40656176249784554]",1,-1
42345,[0.45097849 0.29050784],42,4,"[0.3937233168939997, 0.29890402186269427]",1,-1
42346,[0.36099565 0.38044531],42,1,"[0.33650952271243567, 0.3695039184549852]",1,-1
42347,[0.39233542 0.30062664],42,4,"[0.3937233168939997, 0.29890402186269427]",1,-1
42348,[0.3981254  0.40091934],42,6,"[0.40123478470159024, 0.40656176249784554]",1,-1
42349,[0.38330923 0.42662091],42,6,"[0.40123478470159024, 0.40656176249784554]",1,-1
42350,[0.39088756 0.39444054],42,6,"[0.40123478470159024, 0.40656176249784554]",1,-1
42351,[0.38244765 0.25955621],42,4,"[0.3937233168939997, 0.29890402186269427]",1,-1
42352,[0.39424107 0.28808175],42,4,"[0.3937233168939997, 0.29890402186269427]",1,-1
42353,[0.35896244 0.31618774],42,4,"[0.3937233168939997, 0.29890402186269427]",1,-1
42354,[0.31301675 0.3118409 ],42,7,"[0.2880919156697789, 0.2889500356712737]",1,-1
42355,[0.36586225 0.38860255],42,1,"[0.33650952271243567, 0.3695039184549852]",1,79
42356,[0.32692951 0.45233125],42,13,"[0.32294489274299887, 0.4620611538839558]",1,-1
42357,[0.30092228 0.30691717],42,7,"[0.2880919156697789, 0.2889500356712737]",1,-1
42358,[0.30441955 0.31666106],42,7,"[0.2880919156697789, 0.2889500356712737]",1,-1
42359,[0.45969622 0.31638152],42,37,"[0.4780366509520634, 0.3686118735311782]",1,-1
42360,[0.39996723 0.37503672],42,6,"[0.40123478470159024, 0.40656176249784554]",1,-1
42361,[0.3585613  0.26461576],42,4,"[0.3937233168939997, 0.29890402186269427]",1,-1
42362,[0.37336937 0.44229845],42,6,"[0.40123478470159024, 0.40656176249784554]",1,-1
42363,[0.20057138 0.39388118],42,0,"[0.2473875480073203, 0.39401489827781994]",1,-1
42364,[0.47133405 0.44934628],42,35,"[0.491626887866141, 0.45015531396212327]",1,-1
42365,[0.41384281 0.41189515],42,6,"[0.40123478470159024, 0.40656176249784554]",1,-1
42366,[0.37509308 0.40036252],42,6,"[0.40123478470159024, 0.40656176249784554]",1,79
42367,[0.36786222 0.38427194],42,1,"[0.33650952271243567, 0.3695039184549852]",1,79
42368,[0.35548555 0.41841498],42,6,"[0.40123478470159024, 0.40656176249784554]",1,-1
42369,[0.41175493 0.35364135],42,6,"[0.40123478470159024, 0.40656176249784554]",1,-1
42370,[0.42510031 0.37902904],42,6,"[0.40123478470159024, 0.40656176249784554]",1,-1
42371,[0.39217277 0.34509444],42,4,"[0.3937233168939997, 0.29890402186269427]",1,71
42372,[0.37872192 0.43654376],42,6,"[0.40123478470159024, 0.40656176249784554]",1,-1
42373,[0.35090423 0.43506257],42,13,"[0.32294489274299887, 0.4620611538839558]",1,-1
42374,[0.40732356 0.4103084 ],42,6,"[0.40123478470159024, 0.40656176249784554]",1,-1
42375,[0.30162971 0.40333763],42,1,"[0.33650952271243567, 0.3695039184549852]",1,61
42376,[0.35857435 0.39445012],42,1,"[0.33650952271243567, 0.3695039184549852]",1,-1
42377,[0.39017464 0.35002335],42,4,"[0.3937233168939997, 0.29890402186269427]",1,-1
42378,[0.31834052 0.34537801],42,1,"[0.33650952271243567, 0.3695039184549852]",1,-1
42379,[0.37932944 0.40415863],42,6,"[0.40123478470159024, 0.40656176249784554]",1,-1
42380,[0.2842358  0.36856236],42,0,"[0.2473875480073203, 0.39401489827781994]",1,-1
42381,[0.28561765 0.37506748],42,0,"[0.2473875480073203, 0.39401489827781994]",1,-1
42382,[0.39976048 0.35393048],42,6,"[0.40123478470159024, 0.40656176249784554]",1,71
42383,[0.44449733 0.38757006],42,37,"[0.4780366509520634, 0.3686118735311782]",1,-1
42384,[0.2863007  0.34448913],42,7,"[0.2880919156697789, 0.2889500356712737]",1,-1
42385,[0.3375741  0.38753062],42,1,"[0.33650952271243567, 0.3695039184549852]",1,-1
42386,[0.35895601 0.3528272 ],42,1,"[0.33650952271243567, 0.3695039184549852]",1,-1
42387,[0.41420034 0.38962206],42,6,"[0.40123478470159024, 0.40656176249784554]",1,-1
42388,[0.36295628 0.39047364],42,1,"[0.33650952271243567, 0.3695039184549852]",1,-1
42389,[0.32410743 0.33018328],42,1,"[0.33650952271243567, 0.3695039184549852]",1,-1
42390,[0.36849106 0.31265184],42,4,"[0.3937233168939997, 0.29890402186269427]",1,-1
42391,[0.32964505 0.32938397],42,1,"[0.33650952271243567, 0.3695039184549852]",1,62
42392,[0.38953545 0.37492173],42,6,"[0.40123478470159024, 0.40656176249784554]",1,-1
42393,[0.33032415 0.33912204],42,1,"[0.33650952271243567, 0.3695039184549852]",1,-1
42394,[0.3980776  0.47319635],42,18,"[0.4203234088660354, 0.508036417947434]",1,-1
42395,[0.28117106 0.39713357],42,0,"[0.2473875480073203, 0.39401489827781994]",1,-1
42396,[0.38578693 0.34080268],42,4,"[0.3937233168939997, 0.29890402186269427]",1,-1
42397,[0.32224506 0.31691072],42,7,"[0.2880919156697789, 0.2889500356712737]",1,-1
42398,[0.38627988 0.37209692],42,6,"[0.40123478470159024, 0.40656176249784554]",1,-1
42399,[0.27691511 0.33417034],42,7,"[0.2880919156697789, 0.2889500356712737]",1,27
42400,[0.39195117 0.33232456],42,4,"[0.3937233168939997, 0.29890402186269427]",1,-1
42401,[0.35683149 0.36980288],42,1,"[0.33650952271243567, 0.3695039184549852]",1,-1
42402,[0.36209862 0.29319156],42,4,"[0.3937233168939997, 0.29890402186269427]",1,-1
42403,[0.29769966 0.36701885],42,1,"[0.33650952271243567, 0.3695039184549852]",1,-1
42404,[0.27680412 0.43469073],42,0,"[0.2473875480073203, 0.39401489827781994]",1,53
42405,[0.3385124  0.41034194],42,1,"[0.33650952271243567, 0.3695039184549852]",1,-1
42406,[0.41119234 0.35409572],42,6,"[0.40123478470159024, 0.40656176249784554]",1,-1
42407,[0.42594937 0.34528284],42,4,"[0.3937233168939997, 0.29890402186269427]",1,-1
42408,[0.45989894 0.39469888],42,37,"[0.4780366509520634, 0.3686118735311782]",1,-1
42409,[0.37567025 0.3848382 ],42,6,"[0.40123478470159024, 0.40656176249784554]",1,-1
42410,[0.3974583  0.38754258],42,6,"[0.40123478470159024, 0.40656176249784554]",1,-1
42411,[0.34167623 0.37710474],42,1,"[0.33650952271243567, 0.3695039184549852]",1,72
42412,[0.35850449 0.4256946 ],42,6,"[0.40123478470159024, 0.40656176249784554]",1,-1
42413,[0.41483788 0.43239852],42,6,"[0.40123478470159024, 0.40656176249784554]",1,-1
42414,[0.3065394  0.37899922],42,1,"[0.33650952271243567, 0.3695039184549852]",1,-1
42415,[0.40203671 0.45161109],42,6,"[0.40123478470159024, 0.40656176249784554]",1,50
42416,[0.3957052  0.46422283],42,18,"[0.4203234088660354, 0.508036417947434]",1,-1
42417,[0.36499593 0.33236739],42,4,"[0.3937233168939997, 0.29890402186269427]",1,-1
42418,[0.34023623 0.3741707 ],42,1,"[0.33650952271243567, 0.3695039184549852]",1,-1
42419,[0.52124657 0.26871793],42,-1,-1,1,-1
42420,[0.29366243 0.36156335],42,1,"[0.33650952271243567, 0.3695039184549852]",1,-1
42421,[0.41001454 0.31187524],42,4,"[0.3937233168939997, 0.29890402186269427]",1,-1
42422,[0.37418345 0.38910374],42,6,"[0.40123478470159024, 0.40656176249784554]",1,-1
42423,[0.36759651 0.25918974],42,4,"[0.3937233168939997, 0.29890402186269427]",1,-1
42424,[0.34152276 0.43088223],42,13,"[0.32294489274299887, 0.4620611538839558]",1,-1
42425,[0.30798822 0.37849368],42,1,"[0.33650952271243567, 0.3695039184549852]",1,-1
42426,[0.32847091 0.37157434],42,1,"[0.33650952271243567, 0.3695039184549852]",1,-1
42427,[0.33791423 0.4182778 ],42,13,"[0.32294489274299887, 0.4620611538839558]",1,-1
42428,[0.37059082 0.36782194],42,1,"[0.33650952271243567, 0.3695039184549852]",1,-1
42429,[0.3296469  0.30124002],42,7,"[0.2880919156697789, 0.2889500356712737]",1,-1
42430,[0.42595693 0.3647616 ],42,6,"[0.40123478470159024, 0.40656176249784554]",1,-1
42431,[0.29523944 0.38550262],42,1,"[0.33650952271243567, 0.3695039184549852]",1,-1
42432,[0.31749788 0.39596106],42,1,"[0.33650952271243567, 0.3695039184549852]",1,61
42433,[0.33970023 0.38862387],42,1,"[0.33650952271243567, 0.3695039184549852]",1,-1
42434,[0.34482553 0.39068817],42,1,"[0.33650952271243567, 0.3695039184549852]",1,-1
42435,[0.31306919 0.39212627],42,1,"[0.33650952271243567, 0.3695039184549852]",1,-1
42436,[0.34877017 0.34091765],42,1,"[0.33650952271243567, 0.3695039184549852]",1,-1
42437,[0.27429787 0.37229844],42,0,"[0.2473875480073203, 0.39401489827781994]",1,-1
42438,[0.41903836 0.3899054 ],42,6,"[0.40123478470159024, 0.40656176249784554]",1,-1
42439,[0.31026088 0.32421006],42,7,"[0.2880919156697789, 0.2889500356712737]",1,-1
42440,[0.38451388 0.38429821],42,6,"[0.40123478470159024, 0.40656176249784554]",1,-1
42441,[0.2761149  0.36642834],42,0,"[0.2473875480073203, 0.39401489827781994]",1,-1
42442,[0.36431327 0.29697575],42,4,"[0.3937233168939997, 0.29890402186269427]",1,-1
42443,[0.42584051 0.34245168],42,4,"[0.3937233168939997, 0.29890402186269427]",1,-1
42444,[0.3591204  0.40009752],42,1,"[0.33650952271243567, 0.3695039184549852]",1,-1
42445,[0.37426167 0.42068235],42,6,"[0.40123478470159024, 0.40656176249784554]",1,-1
42446,[0.46065941 0.37748852],42,37,"[0.4780366509520634, 0.3686118735311782]",1,-1
42447,[0.44151294 0.30029124],42,4,"[0.3937233168939997, 0.29890402186269427]",1,-1
42448,[0.32274435 0.35318704],42,1,"[0.33650952271243567, 0.3695039184549852]",1,-1
42449,[0.25890428 0.33454779],42,7,"[0.2880919156697789, 0.2889500356712737]",1,-1
42450,[0.34511829 0.39386702],42,1,"[0.33650952271243567, 0.3695039184549852]",1,-1
42451,[0.30341288 0.35419939],42,1,"[0.33650952271243567, 0.3695039184549852]",1,-1
42452,[0.3847284  0.31910283],42,4,"[0.3937233168939997, 0.29890402186269427]",1,-1
42453,[0.3756987  0.41591628],42,6,"[0.40123478470159024, 0.40656176249784554]",1,-1
42454,[0.32429428 0.38638959],42,1,"[0.33650952271243567, 0.3695039184549852]",1,-1
42455,[0.3760645  0.34945518],42,1,"[0.33650952271243567, 0.3695039184549852]",1,-1
42456,[0.34408199 0.39447497],42,1,"[0.33650952271243567, 0.3695039184549852]",1,-1
42457,[0.43945834 0.40506911],42,6,"[0.40123478470159024, 0.40656176249784554]",1,-1
42458,[0.34433729 0.28776711],42,4,"[0.3937233168939997, 0.29890402186269427]",1,-1
42459,[0.35557722 0.34505545],42,1,"[0.33650952271243567, 0.3695039184549852]",1,76
42460,[0.308981   0.43355012],42,13,"[0.32294489274299887, 0.4620611538839558]",1,-1
42461,[0.34277351 0.41449012],42,1,"[0.33650952271243567, 0.3695039184549852]",1,-1
42462,[0.40554903 0.37862643],42,6,"[0.40123478470159024, 0.40656176249784554]",1,-1
42463,[0.39144142 0.36085429],42,6,"[0.40123478470159024, 0.40656176249784554]",1,-1
42464,[0.34694808 0.27933992],42,4,"[0.3937233168939997, 0.29890402186269427]",1,-1
42465,[0.33795749 0.38713815],42,1,"[0.33650952271243567, 0.3695039184549852]",1,-1
42466,[0.35008607 0.29745684],42,4,"[0.3937233168939997, 0.29890402186269427]",1,-1
42467,[0.31201869 0.3794116 ],42,1,"[0.33650952271243567, 0.3695039184549852]",1,-1
42468,[0.31831015 0.32882481],42,1,"[0.33650952271243567, 0.3695039184549852]",1,-1
42469,[0.34616761 0.47592181],42,13,"[0.32294489274299887, 0.4620611538839558]",1,-1
42470,[0.4203102  0.30190401],42,4,"[0.3937233168939997, 0.29890402186269427]",1,-1
42471,[0.30359871 0.4004903 ],42,1,"[0.33650952271243567, 0.3695039184549852]",1,61
42472,[0.24803667 0.36318943],42,0,"[0.2473875480073203, 0.39401489827781994]",1,-1
42473,[0.33436232 0.31675372],42,1,"[0.33650952271243567, 0.3695039184549852]",1,-1
42474,[0.32122562 0.31874755],42,7,"[0.2880919156697789, 0.2889500356712737]",1,-1
42475,[0.28021799 0.33648988],42,7,"[0.2880919156697789, 0.2889500356712737]",1,27
42476,[0.33667398 0.33062706],42,1,"[0.33650952271243567, 0.3695039184549852]",1,-1
42477,[0.37433418 0.28786608],42,4,"[0.3937233168939997, 0.29890402186269427]",1,-1
42478,[0.3099597 0.3905978],42,1,"[0.33650952271243567, 0.3695039184549852]",1,-1
42479,[0.33043671 0.47260395],42,13,"[0.32294489274299887, 0.4620611538839558]",1,-1
42480,[0.36793927 0.3142246 ],42,4,"[0.3937233168939997, 0.29890402186269427]",1,-1
42481,[0.35771028 0.34113789],42,1,"[0.33650952271243567, 0.3695039184549852]",1,-1
42482,[0.41351552 0.37297073],42,6,"[0.40123478470159024, 0.40656176249784554]",1,-1
42483,[0.37440503 0.39640528],42,6,"[0.40123478470159024, 0.40656176249784554]",1,-1
42484,[0.31587981 0.33918112],42,1,"[0.33650952271243567, 0.3695039184549852]",1,-1
42485,[0.3666961  0.24530673],42,4,"[0.3937233168939997, 0.29890402186269427]",1,-1
42486,[0.32054587 0.39065912],42,1,"[0.33650952271243567, 0.3695039184549852]",1,-1
42487,[0.38382526 0.41074532],42,6,"[0.40123478470159024, 0.40656176249784554]",1,-1
42488,[0.38462132 0.31276286],42,4,"[0.3937233168939997, 0.29890402186269427]",1,-1
42489,[0.27385748 0.37209069],42,0,"[0.2473875480073203, 0.39401489827781994]",1,-1
42490,[0.3589672  0.44394212],42,13,"[0.32294489274299887, 0.4620611538839558]",1,-1
42491,[0.44763572 0.32809686],42,37,"[0.4780366509520634, 0.3686118735311782]",1,-1
42492,[0.2852939  0.27395587],42,7,"[0.2880919156697789, 0.2889500356712737]",1,-1
42493,[0.38068215 0.44033388],42,6,"[0.40123478470159024, 0.40656176249784554]",1,-1
42494,[0.43403048 0.3625374 ],42,37,"[0.4780366509520634, 0.3686118735311782]",1,-1
42495,[0.29927543 0.36283047],42,1,"[0.33650952271243567, 0.3695039184549852]",1,-1
42496,[0.40054692 0.27732212],42,4,"[0.3937233168939997, 0.29890402186269427]",1,-1
42497,[0.31702333 0.32699062],42,1,"[0.33650952271243567, 0.3695039184549852]",1,-1
42498,[0.33438701 0.37969501],42,1,"[0.33650952271243567, 0.3695039184549852]",1,72
42499,[0.26356605 0.40288858],42,0,"[0.2473875480073203, 0.39401489827781994]",1,-1
42500,[0.29776548 0.36651282],42,1,"[0.33650952271243567, 0.3695039184549852]",1,-1
42501,[0.41220581 0.39091186],42,6,"[0.40123478470159024, 0.40656176249784554]",1,-1
42502,[0.35781823 0.41221576],42,6,"[0.40123478470159024, 0.40656176249784554]",1,-1
42503,[0.36631167 0.42437605],42,6,"[0.40123478470159024, 0.40656176249784554]",1,-1
42504,[0.33985137 0.3544119 ],42,1,"[0.33650952271243567, 0.3695039184549852]",1,77
42505,[0.42225956 0.37025738],42,6,"[0.40123478470159024, 0.40656176249784554]",1,-1
42506,[0.33105727 0.33433052],42,1,"[0.33650952271243567, 0.3695039184549852]",1,62
42507,[0.38008534 0.35509302],42,1,"[0.33650952271243567, 0.3695039184549852]",1,-1
42508,[0.37457607 0.4431289 ],42,6,"[0.40123478470159024, 0.40656176249784554]",1,-1
42509,[0.28688358 0.29577278],42,7,"[0.2880919156697789, 0.2889500356712737]",1,-1
42510,[0.39856536 0.32449525],42,4,"[0.3937233168939997, 0.29890402186269427]",1,-1
42511,[0.38679771 0.26967503],42,4,"[0.3937233168939997, 0.29890402186269427]",1,-1
42512,[0.32331625 0.23025948],42,31,"[0.29817086118518243, 0.1888907481789387]",1,-1
42513,[0.33896395 0.36507119],42,1,"[0.33650952271243567, 0.3695039184549852]",1,-1
42514,[0.35038196 0.33280968],42,1,"[0.33650952271243567, 0.3695039184549852]",1,-1
42515,[0.24990949 0.28721734],42,7,"[0.2880919156697789, 0.2889500356712737]",1,25
42516,[0.3388973  0.32580672],42,1,"[0.33650952271243567, 0.3695039184549852]",1,-1
42517,[0.37720686 0.37214586],42,1,"[0.33650952271243567, 0.3695039184549852]",1,-1
42518,[0.34862988 0.44171481],42,13,"[0.32294489274299887, 0.4620611538839558]",1,-1
42519,[0.30536527 0.46009261],42,13,"[0.32294489274299887, 0.4620611538839558]",1,-1
42520,[0.37173842 0.34562731],42,1,"[0.33650952271243567, 0.3695039184549852]",1,-1
42521,[0.4404438  0.40194232],42,6,"[0.40123478470159024, 0.40656176249784554]",1,-1
42522,[0.3324904  0.32764931],42,1,"[0.33650952271243567, 0.3695039184549852]",1,-1
42523,[0.35062729 0.35256048],42,1,"[0.33650952271243567, 0.3695039184549852]",1,76
42524,[0.31699767 0.3339646 ],42,1,"[0.33650952271243567, 0.3695039184549852]",1,-1
42525,[0.36294517 0.29664486],42,4,"[0.3937233168939997, 0.29890402186269427]",1,-1
42526,[0.30607909 0.26412606],42,7,"[0.2880919156697789, 0.2889500356712737]",1,-1
42527,[0.2850136  0.37801221],42,0,"[0.2473875480073203, 0.39401489827781994]",1,-1
42528,[0.36435208 0.31697813],42,4,"[0.3937233168939997, 0.29890402186269427]",1,-1
42529,[0.31192538 0.34598969],42,1,"[0.33650952271243567, 0.3695039184549852]",1,-1
42530,[0.32865914 0.33378779],42,1,"[0.33650952271243567, 0.3695039184549852]",1,-1
42531,[0.32352443 0.37935692],42,1,"[0.33650952271243567, 0.3695039184549852]",1,-1
42532,[0.35827579 0.44039748],42,13,"[0.32294489274299887, 0.4620611538839558]",1,-1
42533,[0.38677441 0.37074411],42,6,"[0.40123478470159024, 0.40656176249784554]",1,-1
42534,[0.34075529 0.32251694],42,1,"[0.33650952271243567, 0.3695039184549852]",1,-1
42535,[0.26309727 0.39634473],42,0,"[0.2473875480073203, 0.39401489827781994]",1,-1
42536,[0.42095205 0.32196973],42,4,"[0.3937233168939997, 0.29890402186269427]",1,-1
42537,[0.35515633 0.39847096],42,1,"[0.33650952271243567, 0.3695039184549852]",1,-1
42538,[0.39364331 0.32971111],42,4,"[0.3937233168939997, 0.29890402186269427]",1,-1
42539,[0.40823756 0.32521233],42,4,"[0.3937233168939997, 0.29890402186269427]",1,-1
42540,[0.33149152 0.44997908],42,13,"[0.32294489274299887, 0.4620611538839558]",1,-1
42541,[0.35017223 0.29368112],42,4,"[0.3937233168939997, 0.29890402186269427]",1,-1
42542,[0.34923101 0.32078586],42,4,"[0.3937233168939997, 0.29890402186269427]",1,-1
42543,[0.38885223 0.39177974],42,6,"[0.40123478470159024, 0.40656176249784554]",1,-1
42544,[0.36209806 0.42150708],42,6,"[0.40123478470159024, 0.40656176249784554]",1,-1
42545,[0.34967815 0.34740561],42,1,"[0.33650952271243567, 0.3695039184549852]",1,-1
42546,[0.36619766 0.37126982],42,1,"[0.33650952271243567, 0.3695039184549852]",1,-1
42547,[0.36740144 0.34158905],42,1,"[0.33650952271243567, 0.3695039184549852]",1,-1
42548,[0.34037009 0.34300497],42,1,"[0.33650952271243567, 0.3695039184549852]",1,-1
42549,[0.30799158 0.4327358 ],42,13,"[0.32294489274299887, 0.4620611538839558]",1,-1
42550,[0.50501197 0.26720636],42,-1,-1,1,-1
42551,[0.3525557  0.27400677],42,4,"[0.3937233168939997, 0.29890402186269427]",1,-1
42552,[0.37522534 0.39160896],42,6,"[0.40123478470159024, 0.40656176249784554]",1,-1
42553,[0.31786697 0.3784932 ],42,1,"[0.33650952271243567, 0.3695039184549852]",1,-1
42554,[0.39212846 0.32729223],42,4,"[0.3937233168939997, 0.29890402186269427]",1,-1
42555,[0.26798724 0.47880944],42,13,"[0.32294489274299887, 0.4620611538839558]",1,-1
42556,[0.41074074 0.28953313],42,4,"[0.3937233168939997, 0.29890402186269427]",1,-1
42557,[0.37494286 0.31174846],42,4,"[0.3937233168939997, 0.29890402186269427]",1,-1
42558,[0.28719734 0.31904052],42,7,"[0.2880919156697789, 0.2889500356712737]",1,27
42559,[0.41712231 0.3907636 ],42,6,"[0.40123478470159024, 0.40656176249784554]",1,-1
42560,[0.29741802 0.28042505],42,7,"[0.2880919156697789, 0.2889500356712737]",1,-1
42561,[0.39202615 0.39519409],42,6,"[0.40123478470159024, 0.40656176249784554]",1,-1
42562,[0.44622244 0.42495932],42,6,"[0.40123478470159024, 0.40656176249784554]",1,-1
42563,[0.3958373  0.41215947],42,6,"[0.40123478470159024, 0.40656176249784554]",1,-1
42564,[0.31653222 0.33421861],42,1,"[0.33650952271243567, 0.3695039184549852]",1,-1
42565,[0.38913059 0.29272045],42,4,"[0.3937233168939997, 0.29890402186269427]",1,-1
42566,[0.34658732 0.30945312],42,4,"[0.3937233168939997, 0.29890402186269427]",1,-1
42567,[0.36118401 0.41683648],42,6,"[0.40123478470159024, 0.40656176249784554]",1,-1
42568,[0.33293935 0.28174963],42,7,"[0.2880919156697789, 0.2889500356712737]",1,-1
42569,[0.37170738 0.38918904],42,6,"[0.40123478470159024, 0.40656176249784554]",1,-1
42570,[0.34037968 0.33204097],42,1,"[0.33650952271243567, 0.3695039184549852]",1,-1
42571,[0.31029111 0.36700942],42,1,"[0.33650952271243567, 0.3695039184549852]",1,-1
42572,[0.31505557 0.38604321],42,1,"[0.33650952271243567, 0.3695039184549852]",1,-1
42573,[0.3993176  0.34209986],42,4,"[0.3937233168939997, 0.29890402186269427]",1,-1
42574,[0.31597317 0.28512845],42,7,"[0.2880919156697789, 0.2889500356712737]",1,-1
42575,[0.34561524 0.32295404],42,1,"[0.33650952271243567, 0.3695039184549852]",1,-1
42576,[0.36477688 0.35507826],42,1,"[0.33650952271243567, 0.3695039184549852]",1,-1
42577,[0.36738151 0.34223213],42,1,"[0.33650952271243567, 0.3695039184549852]",1,-1
42578,[0.3640413  0.35362139],42,1,"[0.33650952271243567, 0.3695039184549852]",1,-1
42579,[0.27559798 0.3835544 ],42,0,"[0.2473875480073203, 0.39401489827781994]",1,-1
42580,[0.33784562 0.42992558],42,13,"[0.32294489274299887, 0.4620611538839558]",1,-1
42581,[0.2698112  0.34326305],42,0,"[0.2473875480073203, 0.39401489827781994]",1,-1
42582,[0.3858059  0.40521122],42,6,"[0.40123478470159024, 0.40656176249784554]",1,-1
42583,[0.28091632 0.33183986],42,7,"[0.2880919156697789, 0.2889500356712737]",1,27
42584,[0.32884329 0.38257955],42,1,"[0.33650952271243567, 0.3695039184549852]",1,-1
42585,[0.4706915  0.33850243],42,37,"[0.4780366509520634, 0.3686118735311782]",1,-1
42586,[0.32010539 0.35060795],42,1,"[0.33650952271243567, 0.3695039184549852]",1,-1
42587,[0.34670916 0.34723153],42,1,"[0.33650952271243567, 0.3695039184549852]",1,-1
42588,[0.38836761 0.26347128],42,4,"[0.3937233168939997, 0.29890402186269427]",1,-1
42589,[0.33186359 0.28747645],42,7,"[0.2880919156697789, 0.2889500356712737]",1,-1
42590,[0.37356247 0.31721829],42,4,"[0.3937233168939997, 0.29890402186269427]",1,-1
42591,[0.33517988 0.41166317],42,1,"[0.33650952271243567, 0.3695039184549852]",1,-1
42592,[0.42800482 0.32267629],42,4,"[0.3937233168939997, 0.29890402186269427]",1,-1
42593,[0.34714304 0.33681822],42,1,"[0.33650952271243567, 0.3695039184549852]",1,-1
42594,[0.43603653 0.39539572],42,6,"[0.40123478470159024, 0.40656176249784554]",1,-1
42595,[0.3617322  0.50471747],42,13,"[0.32294489274299887, 0.4620611538839558]",1,-1
42596,[0.39080515 0.40093149],42,6,"[0.40123478470159024, 0.40656176249784554]",1,-1
42597,[0.35874671 0.33951422],42,1,"[0.33650952271243567, 0.3695039184549852]",1,-1
42598,[0.31286203 0.35987046],42,1,"[0.33650952271243567, 0.3695039184549852]",1,-1
42599,[0.39130293 0.4781904 ],42,18,"[0.4203234088660354, 0.508036417947434]",1,-1
42600,[0.38376845 0.35266145],42,1,"[0.33650952271243567, 0.3695039184549852]",1,-1
42601,[0.42622681 0.32507065],42,4,"[0.3937233168939997, 0.29890402186269427]",1,-1
42602,[0.37816997 0.36875718],42,1,"[0.33650952271243567, 0.3695039184549852]",1,-1
42603,[0.37113101 0.38272301],42,1,"[0.33650952271243567, 0.3695039184549852]",1,-1
42604,[0.32446518 0.34652188],42,1,"[0.33650952271243567, 0.3695039184549852]",1,-1
42605,[0.42036731 0.43029597],42,6,"[0.40123478470159024, 0.40656176249784554]",1,-1
42606,[0.31801393 0.34097273],42,1,"[0.33650952271243567, 0.3695039184549852]",1,-1
42607,[0.40872737 0.30294313],42,4,"[0.3937233168939997, 0.29890402186269427]",1,-1
42608,[0.38668662 0.35026491],42,4,"[0.3937233168939997, 0.29890402186269427]",1,-1
42609,[0.25617447 0.30571405],42,7,"[0.2880919156697789, 0.2889500356712737]",1,-1
42610,[0.40501853 0.38942375],42,6,"[0.40123478470159024, 0.40656176249784554]",1,-1
42611,[0.29785563 0.32735229],42,7,"[0.2880919156697789, 0.2889500356712737]",1,-1
42612,[0.40665398 0.38223939],42,6,"[0.40123478470159024, 0.40656176249784554]",1,-1
42613,[0.30710958 0.2740299 ],42,7,"[0.2880919156697789, 0.2889500356712737]",1,-1
42614,[0.40820123 0.3246432 ],42,4,"[0.3937233168939997, 0.29890402186269427]",1,-1
42615,[0.27907147 0.44141283],42,13,"[0.32294489274299887, 0.4620611538839558]",1,-1
42616,[0.34778675 0.29740285],42,4,"[0.3937233168939997, 0.29890402186269427]",1,-1
42617,[0.34915082 0.31244409],42,4,"[0.3937233168939997, 0.29890402186269427]",1,-1
42618,[0.25508813 0.3360199 ],42,7,"[0.2880919156697789, 0.2889500356712737]",1,-1
42619,[0.44218939 0.3000944 ],42,4,"[0.3937233168939997, 0.29890402186269427]",1,-1
42620,[0.28232243 0.3543297 ],42,0,"[0.2473875480073203, 0.39401489827781994]",1,-1
42621,[0.3006624  0.42361061],42,13,"[0.32294489274299887, 0.4620611538839558]",1,-1
42622,[0.39091859 0.28831976],42,4,"[0.3937233168939997, 0.29890402186269427]",1,-1
42623,[0.31471997 0.34250467],42,1,"[0.33650952271243567, 0.3695039184549852]",1,-1
42624,[0.35366328 0.34176566],42,1,"[0.33650952271243567, 0.3695039184549852]",1,-1
42625,[0.32891945 0.32787817],42,1,"[0.33650952271243567, 0.3695039184549852]",1,62
42626,[0.29840121 0.33609784],42,7,"[0.2880919156697789, 0.2889500356712737]",1,-1
42627,[0.39825397 0.42181493],42,6,"[0.40123478470159024, 0.40656176249784554]",1,-1
42628,[0.39687563 0.36568567],42,6,"[0.40123478470159024, 0.40656176249784554]",1,-1
42629,[0.31925101 0.34354149],42,1,"[0.33650952271243567, 0.3695039184549852]",1,-1
42630,[0.33994224 0.32413188],42,1,"[0.33650952271243567, 0.3695039184549852]",1,-1
42631,[0.30697439 0.31775291],42,7,"[0.2880919156697789, 0.2889500356712737]",1,-1
42632,[0.37238527 0.39511668],42,6,"[0.40123478470159024, 0.40656176249784554]",1,-1
42633,[0.38419854 0.39879188],42,6,"[0.40123478470159024, 0.40656176249784554]",1,-1
42634,[0.30547349 0.36809333],42,1,"[0.33650952271243567, 0.3695039184549852]",1,-1
42635,[0.4070284  0.35605772],42,6,"[0.40123478470159024, 0.40656176249784554]",1,71
42636,[0.37790914 0.35740188],42,1,"[0.33650952271243567, 0.3695039184549852]",1,-1
42637,[0.37658938 0.33059012],42,4,"[0.3937233168939997, 0.29890402186269427]",1,-1
42638,[0.42851997 0.42757466],42,6,"[0.40123478470159024, 0.40656176249784554]",1,-1
42639,[0.4554144  0.36531557],42,37,"[0.4780366509520634, 0.3686118735311782]",1,-1
42640,[0.37473252 0.31218731],42,4,"[0.3937233168939997, 0.29890402186269427]",1,-1
42641,[0.40819227 0.38207041],42,6,"[0.40123478470159024, 0.40656176249784554]",1,-1
42642,[0.42815436 0.34122508],42,4,"[0.3937233168939997, 0.29890402186269427]",1,-1
42643,[0.43443871 0.37788863],42,6,"[0.40123478470159024, 0.40656176249784554]",1,-1
42644,[0.29977512 0.32649521],42,7,"[0.2880919156697789, 0.2889500356712737]",1,-1
42645,[0.37098374 0.47075754],42,13,"[0.32294489274299887, 0.4620611538839558]",1,-1
42646,[0.34602538 0.33721134],42,1,"[0.33650952271243567, 0.3695039184549852]",1,-1
42647,[0.36809048 0.37446844],42,1,"[0.33650952271243567, 0.3695039184549852]",1,-1
42648,[0.35544628 0.33199534],42,1,"[0.33650952271243567, 0.3695039184549852]",1,-1
42649,[0.28396534 0.30082714],42,7,"[0.2880919156697789, 0.2889500356712737]",1,-1
42650,[0.36196919 0.37840713],42,1,"[0.33650952271243567, 0.3695039184549852]",1,-1
42651,[0.45572463 0.37882134],42,37,"[0.4780366509520634, 0.3686118735311782]",1,-1
42652,[0.36414699 0.38509848],42,1,"[0.33650952271243567, 0.3695039184549852]",1,-1
42653,[0.45654395 0.3956104 ],42,37,"[0.4780366509520634, 0.3686118735311782]",1,-1
42654,[0.32464879 0.33939992],42,1,"[0.33650952271243567, 0.3695039184549852]",1,-1
42655,[0.382327   0.34516269],42,4,"[0.3937233168939997, 0.29890402186269427]",1,-1
42656,[0.39875895 0.42610833],42,6,"[0.40123478470159024, 0.40656176249784554]",1,-1
42657,[0.33379804 0.35537544],42,1,"[0.33650952271243567, 0.3695039184549852]",1,77
42658,[0.34383807 0.25434783],42,7,"[0.2880919156697789, 0.2889500356712737]",1,-1
42659,[0.21439153 0.29648461],42,15,"[0.188292755006214, 0.3253570325311902]",1,-1
42660,[0.3960914  0.25332613],42,4,"[0.3937233168939997, 0.29890402186269427]",1,-1
42661,[0.34095858 0.38368143],42,1,"[0.33650952271243567, 0.3695039184549852]",1,-1
42662,[0.42471875 0.3190522 ],42,4,"[0.3937233168939997, 0.29890402186269427]",1,-1
42663,[0.33689952 0.38302341],42,1,"[0.33650952271243567, 0.3695039184549852]",1,72
42664,[0.33767247 0.32426165],42,1,"[0.33650952271243567, 0.3695039184549852]",1,-1
42665,[0.24120891 0.29732712],42,7,"[0.2880919156697789, 0.2889500356712737]",1,-1
42666,[0.38895697 0.34955793],42,4,"[0.3937233168939997, 0.29890402186269427]",1,-1
42667,[0.36177889 0.36808486],42,1,"[0.33650952271243567, 0.3695039184549852]",1,-1
42668,[0.3823547  0.36328224],42,1,"[0.33650952271243567, 0.3695039184549852]",1,73
42669,[0.40401813 0.3353789 ],42,4,"[0.3937233168939997, 0.29890402186269427]",1,-1
42670,[0.3658169  0.28633894],42,4,"[0.3937233168939997, 0.29890402186269427]",1,-1
42671,[0.40792022 0.34606838],42,4,"[0.3937233168939997, 0.29890402186269427]",1,-1
42672,[0.41131658 0.3111135 ],42,4,"[0.3937233168939997, 0.29890402186269427]",1,-1
42673,[0.32136132 0.36056455],42,1,"[0.33650952271243567, 0.3695039184549852]",1,-1
42674,[0.43146132 0.32675496],42,4,"[0.3937233168939997, 0.29890402186269427]",1,-1
42675,[0.27049813 0.40247153],42,0,"[0.2473875480073203, 0.39401489827781994]",1,59
42676,[0.29606845 0.41704674],42,13,"[0.32294489274299887, 0.4620611538839558]",1,-1
42677,[0.30465662 0.35218349],42,1,"[0.33650952271243567, 0.3695039184549852]",1,-1
42678,[0.33609741 0.30729255],42,7,"[0.2880919156697789, 0.2889500356712737]",1,-1
42679,[0.33174323 0.34780996],42,1,"[0.33650952271243567, 0.3695039184549852]",1,-1
42680,[0.31803955 0.32586774],42,1,"[0.33650952271243567, 0.3695039184549852]",1,-1
42681,[0.44387055 0.34398267],42,37,"[0.4780366509520634, 0.3686118735311782]",1,-1
42682,[0.3282     0.37629878],42,1,"[0.33650952271243567, 0.3695039184549852]",1,72
42683,[0.35266088 0.37540136],42,1,"[0.33650952271243567, 0.3695039184549852]",1,-1
42684,[0.30663031 0.38751924],42,1,"[0.33650952271243567, 0.3695039184549852]",1,-1
42685,[0.36766222 0.3549134 ],42,1,"[0.33650952271243567, 0.3695039184549852]",1,-1
42686,[0.33037791 0.35209608],42,1,"[0.33650952271243567, 0.3695039184549852]",1,-1
42687,[0.34905792 0.30283596],42,4,"[0.3937233168939997, 0.29890402186269427]",1,-1
42688,[0.3712526 0.3647542],42,1,"[0.33650952271243567, 0.3695039184549852]",1,-1
42689,[0.34304488 0.29691235],42,4,"[0.3937233168939997, 0.29890402186269427]",1,-1
42690,[0.36436578 0.35049095],42,1,"[0.33650952271243567, 0.3695039184549852]",1,-1
42691,[0.39031448 0.36924355],42,6,"[0.40123478470159024, 0.40656176249784554]",1,73
42692,[0.30364805 0.35589397],42,1,"[0.33650952271243567, 0.3695039184549852]",1,-1
42693,[0.30536539 0.33131472],42,7,"[0.2880919156697789, 0.2889500356712737]",1,-1
42694,[0.40774696 0.36191853],42,6,"[0.40123478470159024, 0.40656176249784554]",1,-1
42695,[0.33641149 0.39142645],42,1,"[0.33650952271243567, 0.3695039184549852]",1,-1
42696,[0.41653817 0.41874233],42,6,"[0.40123478470159024, 0.40656176249784554]",1,-1
42697,[0.30428236 0.31376097],42,7,"[0.2880919156697789, 0.2889500356712737]",1,-1
42698,[0.30814738 0.37903757],42,1,"[0.33650952271243567, 0.3695039184549852]",1,-1
42699,[0.41231017 0.35698898],42,6,"[0.40123478470159024, 0.40656176249784554]",1,-1
42700,[0.40591848 0.35715966],42,6,"[0.40123478470159024, 0.40656176249784554]",1,71
42701,[0.37311382 0.40338209],42,6,"[0.40123478470159024, 0.40656176249784554]",1,79
42702,[0.3536551  0.35233975],42,1,"[0.33650952271243567, 0.3695039184549852]",1,76
42703,[0.26907954 0.33070774],42,7,"[0.2880919156697789, 0.2889500356712737]",1,27
42704,[0.34857958 0.32149064],42,1,"[0.33650952271243567, 0.3695039184549852]",1,-1
42705,[0.31179415 0.35351768],42,1,"[0.33650952271243567, 0.3695039184549852]",1,-1
42706,[0.41293028 0.32637026],42,4,"[0.3937233168939997, 0.29890402186269427]",1,-1
42707,[0.33400852 0.38899298],42,1,"[0.33650952271243567, 0.3695039184549852]",1,-1
42708,[0.43203145 0.25545255],42,4,"[0.3937233168939997, 0.29890402186269427]",1,-1
42709,[0.36639297 0.35092508],42,1,"[0.33650952271243567, 0.3695039184549852]",1,-1
42710,[0.31748565 0.34319378],42,1,"[0.33650952271243567, 0.3695039184549852]",1,-1
42711,[0.40709981 0.43268165],42,6,"[0.40123478470159024, 0.40656176249784554]",1,-1
42712,[0.38702309 0.34992063],42,4,"[0.3937233168939997, 0.29890402186269427]",1,-1
42713,[0.33383707 0.44865611],42,13,"[0.32294489274299887, 0.4620611538839558]",1,-1
42714,[0.41938852 0.41511617],42,6,"[0.40123478470159024, 0.40656176249784554]",1,-1
42715,[0.3965467  0.25191034],42,4,"[0.3937233168939997, 0.29890402186269427]",1,-1
42716,[0.34706372 0.32831323],42,1,"[0.33650952271243567, 0.3695039184549852]",1,-1
42717,[0.32443579 0.3123428 ],42,7,"[0.2880919156697789, 0.2889500356712737]",1,-1
42718,[0.43603561 0.33044161],42,4,"[0.3937233168939997, 0.29890402186269427]",1,-1
42719,[0.35724092 0.29536171],42,4,"[0.3937233168939997, 0.29890402186269427]",1,-1
42720,[0.34386237 0.33891359],42,1,"[0.33650952271243567, 0.3695039184549852]",1,-1
42721,[0.29652461 0.36921735],42,1,"[0.33650952271243567, 0.3695039184549852]",1,-1
42722,[0.33203491 0.31722995],42,7,"[0.2880919156697789, 0.2889500356712737]",1,-1
42723,[0.30630749 0.37306597],42,1,"[0.33650952271243567, 0.3695039184549852]",1,-1
42724,[0.28058168 0.35512838],42,0,"[0.2473875480073203, 0.39401489827781994]",1,-1
42725,[0.35361739 0.44863556],42,13,"[0.32294489274299887, 0.4620611538839558]",1,-1
42726,[0.38061561 0.32359897],42,4,"[0.3937233168939997, 0.29890402186269427]",1,-1
42727,[0.35653786 0.44111134],42,13,"[0.32294489274299887, 0.4620611538839558]",1,-1
42728,[0.33415718 0.3371052 ],42,1,"[0.33650952271243567, 0.3695039184549852]",1,-1
42729,[0.27244834 0.27816163],42,7,"[0.2880919156697789, 0.2889500356712737]",1,-1
42730,[0.38460735 0.40381156],42,6,"[0.40123478470159024, 0.40656176249784554]",1,-1
42731,[0.43373877 0.36455896],42,37,"[0.4780366509520634, 0.3686118735311782]",1,-1
42732,[0.2903985  0.33267442],42,7,"[0.2880919156697789, 0.2889500356712737]",1,-1
42733,[0.40243175 0.35774644],42,6,"[0.40123478470159024, 0.40656176249784554]",1,71
42734,[0.29432991 0.49323091],42,13,"[0.32294489274299887, 0.4620611538839558]",1,-1
42735,[0.36319722 0.30751505],42,4,"[0.3937233168939997, 0.29890402186269427]",1,-1
42736,[0.39607123 0.33266348],42,4,"[0.3937233168939997, 0.29890402186269427]",1,-1
42737,[0.39259144 0.41102996],42,6,"[0.40123478470159024, 0.40656176249784554]",1,-1
42738,[0.36811699 0.39797416],42,6,"[0.40123478470159024, 0.40656176249784554]",1,-1
42739,[0.35161867 0.30905009],42,4,"[0.3937233168939997, 0.29890402186269427]",1,-1
42740,[0.31138828 0.29046826],42,7,"[0.2880919156697789, 0.2889500356712737]",1,-1
42741,[0.32323947 0.38363851],42,1,"[0.33650952271243567, 0.3695039184549852]",1,72
42742,[0.42781402 0.30603592],42,4,"[0.3937233168939997, 0.29890402186269427]",1,-1
42743,[0.43018277 0.36539659],42,37,"[0.4780366509520634, 0.3686118735311782]",1,-1
42744,[0.42598113 0.28567163],42,4,"[0.3937233168939997, 0.29890402186269427]",1,-1
42745,[0.32611686 0.36363461],42,1,"[0.33650952271243567, 0.3695039184549852]",1,-1
42746,[0.37598895 0.35427252],42,1,"[0.33650952271243567, 0.3695039184549852]",1,-1
42747,[0.29758498 0.33140147],42,7,"[0.2880919156697789, 0.2889500356712737]",1,-1
42748,[0.37327578 0.40264656],42,6,"[0.40123478470159024, 0.40656176249784554]",1,79
42749,[0.32165803 0.39741012],42,1,"[0.33650952271243567, 0.3695039184549852]",1,-1
42750,[0.42061011 0.29266219],42,4,"[0.3937233168939997, 0.29890402186269427]",1,-1
42751,[0.37636055 0.35926033],42,1,"[0.33650952271243567, 0.3695039184549852]",1,-1
42752,[0.39393364 0.34535433],42,4,"[0.3937233168939997, 0.29890402186269427]",1,71
42753,[0.25037215 0.44661068],42,0,"[0.2473875480073203, 0.39401489827781994]",1,-1
42754,[0.32245257 0.34684296],42,1,"[0.33650952271243567, 0.3695039184549852]",1,-1
42755,[0.4373447  0.39542365],42,6,"[0.40123478470159024, 0.40656176249784554]",1,-1
42756,[0.30380203 0.36829951],42,1,"[0.33650952271243567, 0.3695039184549852]",1,-1
42757,[0.40810322 0.40492238],42,6,"[0.40123478470159024, 0.40656176249784554]",1,-1
42758,[0.36806437 0.36411322],42,1,"[0.33650952271243567, 0.3695039184549852]",1,-1
42759,[0.33934435 0.35937858],42,1,"[0.33650952271243567, 0.3695039184549852]",1,77
42760,[0.20853165 0.43491594],42,17,"[0.19949257984775934, 0.47737458183782433]",1,-1
42761,[0.34807722 0.36023284],42,1,"[0.33650952271243567, 0.3695039184549852]",1,-1
42762,[0.34999324 0.3360729 ],42,1,"[0.33650952271243567, 0.3695039184549852]",1,-1
42763,[0.31007329 0.43923257],42,13,"[0.32294489274299887, 0.4620611538839558]",1,-1
42764,[0.30638704 0.42268406],42,13,"[0.32294489274299887, 0.4620611538839558]",1,-1
42765,[0.42683079 0.36090433],42,37,"[0.4780366509520634, 0.3686118735311782]",1,-1
42766,[0.40804178 0.33269672],42,4,"[0.3937233168939997, 0.29890402186269427]",1,-1
42767,[0.44966316 0.38510533],42,37,"[0.4780366509520634, 0.3686118735311782]",1,-1
42768,[0.24700388 0.32248109],42,7,"[0.2880919156697789, 0.2889500356712737]",1,-1
42769,[0.40611458 0.38250568],42,6,"[0.40123478470159024, 0.40656176249784554]",1,-1
42770,[0.29858885 0.41188753],42,0,"[0.2473875480073203, 0.39401489827781994]",1,-1
42771,[0.39430196 0.43937665],42,6,"[0.40123478470159024, 0.40656176249784554]",1,50
42772,[0.34326925 0.30138623],42,4,"[0.3937233168939997, 0.29890402186269427]",1,-1
42773,[0.43536896 0.43524071],42,6,"[0.40123478470159024, 0.40656176249784554]",1,-1
42774,[0.38197995 0.38578826],42,6,"[0.40123478470159024, 0.40656176249784554]",1,78
42775,[0.31580911 0.31914959],42,7,"[0.2880919156697789, 0.2889500356712737]",1,-1
42776,[0.34978847 0.42726218],42,13,"[0.32294489274299887, 0.4620611538839558]",1,-1
42777,[0.38176539 0.39577167],42,6,"[0.40123478470159024, 0.40656176249784554]",1,-1
42778,[0.31953145 0.31710481],42,7,"[0.2880919156697789, 0.2889500356712737]",1,-1
42779,[0.34202349 0.38416823],42,1,"[0.33650952271243567, 0.3695039184549852]",1,72
42780,[0.32289261 0.38374667],42,1,"[0.33650952271243567, 0.3695039184549852]",1,-1
42781,[0.31564977 0.42286295],42,13,"[0.32294489274299887, 0.4620611538839558]",1,-1
42782,[0.33280904 0.28010276],42,7,"[0.2880919156697789, 0.2889500356712737]",1,-1
42783,[0.46329605 0.37812364],42,37,"[0.4780366509520634, 0.3686118735311782]",1,-1
42784,[0.36920261 0.38936668],42,6,"[0.40123478470159024, 0.40656176249784554]",1,-1
42785,[0.35112578 0.40045626],42,1,"[0.33650952271243567, 0.3695039184549852]",1,-1
42786,[0.32879993 0.4218546 ],42,13,"[0.32294489274299887, 0.4620611538839558]",1,-1
42787,[0.43792598 0.35937054],42,37,"[0.4780366509520634, 0.3686118735311782]",1,-1
42788,[0.34631501 0.34939629],42,1,"[0.33650952271243567, 0.3695039184549852]",1,-1
42789,[0.36805144 0.34427124],42,1,"[0.33650952271243567, 0.3695039184549852]",1,-1
42790,[0.33508905 0.38263725],42,1,"[0.33650952271243567, 0.3695039184549852]",1,-1
42791,[0.40947508 0.34838192],42,4,"[0.3937233168939997, 0.29890402186269427]",1,-1
42792,[0.3647499  0.39183061],42,1,"[0.33650952271243567, 0.3695039184549852]",1,79
42793,[0.39305782 0.29092129],42,4,"[0.3937233168939997, 0.29890402186269427]",1,-1
42794,[0.35781339 0.34985392],42,1,"[0.33650952271243567, 0.3695039184549852]",1,76
42795,[0.408971   0.34616792],42,4,"[0.3937233168939997, 0.29890402186269427]",1,-1
42796,[0.29756163 0.42294656],42,13,"[0.32294489274299887, 0.4620611538839558]",1,-1
42797,[0.34224823 0.31398716],42,4,"[0.3937233168939997, 0.29890402186269427]",1,-1
42798,[0.4454112  0.45174609],42,35,"[0.491626887866141, 0.45015531396212327]",1,-1
42799,[0.33461162 0.28424763],42,7,"[0.2880919156697789, 0.2889500356712737]",1,-1
42800,[0.38529751 0.36104448],42,6,"[0.40123478470159024, 0.40656176249784554]",1,73
42801,[0.3458121  0.43102736],42,13,"[0.32294489274299887, 0.4620611538839558]",1,-1
42802,[0.48952578 0.37522902],42,37,"[0.4780366509520634, 0.3686118735311782]",1,-1
42803,[0.31380393 0.30437287],42,7,"[0.2880919156697789, 0.2889500356712737]",1,-1
42804,[0.25266893 0.35234293],42,0,"[0.2473875480073203, 0.39401489827781994]",1,-1
42805,[0.3777977  0.32730543],42,4,"[0.3937233168939997, 0.29890402186269427]",1,-1
42806,[0.32090626 0.31869281],42,7,"[0.2880919156697789, 0.2889500356712737]",1,-1
42807,[0.42280582 0.35681405],42,6,"[0.40123478470159024, 0.40656176249784554]",1,-1
42808,[0.46238463 0.30355664],42,37,"[0.4780366509520634, 0.3686118735311782]",1,-1
42809,[0.29281382 0.35441716],42,1,"[0.33650952271243567, 0.3695039184549852]",1,-1
42810,[0.3807081  0.29801861],42,4,"[0.3937233168939997, 0.29890402186269427]",1,-1
42811,[0.38780569 0.23187533],42,4,"[0.3937233168939997, 0.29890402186269427]",1,-1
42812,[0.33289861 0.39161304],42,1,"[0.33650952271243567, 0.3695039184549852]",1,-1
42813,[0.40778009 0.33111664],42,4,"[0.3937233168939997, 0.29890402186269427]",1,-1
42814,[0.25100046 0.32026309],42,7,"[0.2880919156697789, 0.2889500356712737]",1,-1
42815,[0.30150558 0.37732354],42,1,"[0.33650952271243567, 0.3695039184549852]",1,-1
42816,[0.35251092 0.43470184],42,13,"[0.32294489274299887, 0.4620611538839558]",1,-1
42817,[0.32177698 0.40671729],42,1,"[0.33650952271243567, 0.3695039184549852]",1,-1
42818,[0.41423525 0.38672835],42,6,"[0.40123478470159024, 0.40656176249784554]",1,-1
42819,[0.2838541  0.38170579],42,0,"[0.2473875480073203, 0.39401489827781994]",1,-1
42820,[0.30336807 0.34121508],42,1,"[0.33650952271243567, 0.3695039184549852]",1,-1
42821,[0.38775676 0.32771707],42,4,"[0.3937233168939997, 0.29890402186269427]",1,-1
42822,[0.28275084 0.30291723],42,7,"[0.2880919156697789, 0.2889500356712737]",1,-1
42823,[0.44549808 0.35436043],42,37,"[0.4780366509520634, 0.3686118735311782]",1,-1
42824,[0.37960293 0.33935665],42,4,"[0.3937233168939997, 0.29890402186269427]",1,-1
42825,[0.41630839 0.36074084],42,6,"[0.40123478470159024, 0.40656176249784554]",1,-1
42826,[0.32118712 0.3806595 ],42,1,"[0.33650952271243567, 0.3695039184549852]",1,-1
42827,[0.33950168 0.35524576],42,1,"[0.33650952271243567, 0.3695039184549852]",1,77
42828,[0.36323981 0.34731528],42,1,"[0.33650952271243567, 0.3695039184549852]",1,-1
42829,[0.31336175 0.39884868],42,1,"[0.33650952271243567, 0.3695039184549852]",1,-1
42830,[0.40435466 0.40222724],42,6,"[0.40123478470159024, 0.40656176249784554]",1,-1
42831,[0.34568293 0.41888545],42,13,"[0.32294489274299887, 0.4620611538839558]",1,-1
42832,[0.33667685 0.35730577],42,1,"[0.33650952271243567, 0.3695039184549852]",1,77
42833,[0.37365758 0.37693617],42,1,"[0.33650952271243567, 0.3695039184549852]",1,-1
42834,[0.32501749 0.38557483],42,1,"[0.33650952271243567, 0.3695039184549852]",1,-1
42835,[0.42916804 0.33717752],42,4,"[0.3937233168939997, 0.29890402186269427]",1,-1
42836,[0.42543029 0.45180769],42,6,"[0.40123478470159024, 0.40656176249784554]",1,-1
42837,[0.40101226 0.33092943],42,4,"[0.3937233168939997, 0.29890402186269427]",1,-1
42838,[0.38633236 0.29228754],42,4,"[0.3937233168939997, 0.29890402186269427]",1,-1
42839,[0.3322335 0.3626371],42,1,"[0.33650952271243567, 0.3695039184549852]",1,-1
42840,[0.30068371 0.37575907],42,1,"[0.33650952271243567, 0.3695039184549852]",1,-1
42841,[0.3943923  0.37102268],42,6,"[0.40123478470159024, 0.40656176249784554]",1,-1
42842,[0.36192153 0.43058153],42,6,"[0.40123478470159024, 0.40656176249784554]",1,-1
42843,[0.29000212 0.19538041],42,31,"[0.29817086118518243, 0.1888907481789387]",1,-1
42844,[0.35514576 0.39853105],42,1,"[0.33650952271243567, 0.3695039184549852]",1,-1
42845,[0.37681965 0.43079925],42,6,"[0.40123478470159024, 0.40656176249784554]",1,-1
42846,[0.39460183 0.38097163],42,6,"[0.40123478470159024, 0.40656176249784554]",1,-1
42847,[0.36864781 0.41841105],42,6,"[0.40123478470159024, 0.40656176249784554]",1,-1
42848,[0.34224357 0.3446587 ],42,1,"[0.33650952271243567, 0.3695039184549852]",1,-1
42849,[0.38594439 0.3692769 ],42,6,"[0.40123478470159024, 0.40656176249784554]",1,73
42850,[0.29776389 0.29108416],42,7,"[0.2880919156697789, 0.2889500356712737]",1,-1
42851,[0.35994292 0.36862836],42,1,"[0.33650952271243567, 0.3695039184549852]",1,-1
42852,[0.33487792 0.33883784],42,1,"[0.33650952271243567, 0.3695039184549852]",1,-1
42853,[0.37723661 0.37913495],42,6,"[0.40123478470159024, 0.40656176249784554]",1,-1
42854,[0.43286254 0.43739022],42,6,"[0.40123478470159024, 0.40656176249784554]",1,-1
42855,[0.31186253 0.35359467],42,1,"[0.33650952271243567, 0.3695039184549852]",1,-1
42856,[0.37987777 0.38767759],42,6,"[0.40123478470159024, 0.40656176249784554]",1,-1
42857,[0.35493239 0.33058309],42,1,"[0.33650952271243567, 0.3695039184549852]",1,-1
42858,[0.3902619  0.42972414],42,6,"[0.40123478470159024, 0.40656176249784554]",1,-1
42859,[0.36403091 0.38327096],42,1,"[0.33650952271243567, 0.3695039184549852]",1,-1
42860,[0.40500645 0.360656  ],42,6,"[0.40123478470159024, 0.40656176249784554]",1,-1
42861,[0.36717735 0.35487267],42,1,"[0.33650952271243567, 0.3695039184549852]",1,-1
42862,[0.36117715 0.34868317],42,1,"[0.33650952271243567, 0.3695039184549852]",1,76
42863,[0.37107764 0.42749858],42,6,"[0.40123478470159024, 0.40656176249784554]",1,-1
42864,[0.37188104 0.45359736],42,13,"[0.32294489274299887, 0.4620611538839558]",1,-1
42865,[0.43746041 0.36150316],42,37,"[0.4780366509520634, 0.3686118735311782]",1,-1
42866,[0.33580702 0.36650637],42,1,"[0.33650952271243567, 0.3695039184549852]",1,-1
42867,[0.2879783  0.31014225],42,7,"[0.2880919156697789, 0.2889500356712737]",1,-1
42868,[0.38454269 0.3477534 ],42,4,"[0.3937233168939997, 0.29890402186269427]",1,-1
42869,[0.42322921 0.45037961],42,6,"[0.40123478470159024, 0.40656176249784554]",1,-1
42870,[0.39055463 0.30859522],42,4,"[0.3937233168939997, 0.29890402186269427]",1,-1
42871,[0.34627818 0.3683655 ],42,1,"[0.33650952271243567, 0.3695039184549852]",1,-1
42872,[0.30467761 0.27054842],42,7,"[0.2880919156697789, 0.2889500356712737]",1,-1
42873,[0.40378492 0.28476226],42,4,"[0.3937233168939997, 0.29890402186269427]",1,-1
42874,[0.36228371 0.31489046],42,4,"[0.3937233168939997, 0.29890402186269427]",1,-1
42875,[0.26586142 0.26642524],42,7,"[0.2880919156697789, 0.2889500356712737]",1,-1
42876,[0.41618143 0.32006168],42,4,"[0.3937233168939997, 0.29890402186269427]",1,-1
42877,[0.37575286 0.30180444],42,4,"[0.3937233168939997, 0.29890402186269427]",1,-1
42878,[0.37838961 0.37340771],42,6,"[0.40123478470159024, 0.40656176249784554]",1,-1
42879,[0.37201023 0.32593095],42,4,"[0.3937233168939997, 0.29890402186269427]",1,-1
42880,[0.30180379 0.43014407],42,13,"[0.32294489274299887, 0.4620611538839558]",1,-1
42881,[0.32065834 0.27859787],42,7,"[0.2880919156697789, 0.2889500356712737]",1,-1
42882,[0.37350739 0.37440136],42,1,"[0.33650952271243567, 0.3695039184549852]",1,-1
42883,[0.33871791 0.37911825],42,1,"[0.33650952271243567, 0.3695039184549852]",1,72
42884,[0.36878733 0.39445731],42,6,"[0.40123478470159024, 0.40656176249784554]",1,79
42885,[0.36744822 0.39188434],42,6,"[0.40123478470159024, 0.40656176249784554]",1,79
42886,[0.360511   0.37128383],42,1,"[0.33650952271243567, 0.3695039184549852]",1,-1
42887,[0.30388754 0.3105854 ],42,7,"[0.2880919156697789, 0.2889500356712737]",1,-1
42888,[0.32501909 0.43772577],42,13,"[0.32294489274299887, 0.4620611538839558]",1,-1
42889,[0.42559171 0.31527516],42,4,"[0.3937233168939997, 0.29890402186269427]",1,-1
42890,[0.34221111 0.37656804],42,1,"[0.33650952271243567, 0.3695039184549852]",1,-1
42891,[0.37596585 0.41888595],42,6,"[0.40123478470159024, 0.40656176249784554]",1,-1
42892,[0.29339328 0.43137721],42,13,"[0.32294489274299887, 0.4620611538839558]",1,-1
42893,[0.31418314 0.34765599],42,1,"[0.33650952271243567, 0.3695039184549852]",1,-1
42894,[0.38263816 0.35638559],42,1,"[0.33650952271243567, 0.3695039184549852]",1,-1
42895,[0.27426768 0.38644474],42,0,"[0.2473875480073203, 0.39401489827781994]",1,-1
42896,[0.31218044 0.37212989],42,1,"[0.33650952271243567, 0.3695039184549852]",1,-1
42897,[0.30996611 0.27697741],42,7,"[0.2880919156697789, 0.2889500356712737]",1,-1
42898,[0.35880126 0.35262323],42,1,"[0.33650952271243567, 0.3695039184549852]",1,-1
42899,[0.34674245 0.46079346],42,13,"[0.32294489274299887, 0.4620611538839558]",1,-1
42900,[0.3704428  0.36503229],42,1,"[0.33650952271243567, 0.3695039184549852]",1,-1
42901,[0.30549213 0.4071745 ],42,1,"[0.33650952271243567, 0.3695039184549852]",1,-1
42902,[0.42909563 0.40882845],42,6,"[0.40123478470159024, 0.40656176249784554]",1,-1
42903,[0.31578078 0.35548435],42,1,"[0.33650952271243567, 0.3695039184549852]",1,-1
42904,[0.36676685 0.3993003 ],42,6,"[0.40123478470159024, 0.40656176249784554]",1,-1
42905,[0.38940698 0.37621359],42,6,"[0.40123478470159024, 0.40656176249784554]",1,-1
42906,[0.33196282 0.32285909],42,1,"[0.33650952271243567, 0.3695039184549852]",1,-1
42907,[0.38348592 0.35463931],42,1,"[0.33650952271243567, 0.3695039184549852]",1,-1
42908,[0.37129111 0.30225019],42,4,"[0.3937233168939997, 0.29890402186269427]",1,-1
42909,[0.3814849  0.34364045],42,4,"[0.3937233168939997, 0.29890402186269427]",1,-1
42910,[0.28165814 0.44945261],42,13,"[0.32294489274299887, 0.4620611538839558]",1,-1
42911,[0.42312598 0.38616491],42,6,"[0.40123478470159024, 0.40656176249784554]",1,-1
42912,[0.36122199 0.31414264],42,4,"[0.3937233168939997, 0.29890402186269427]",1,-1
42913,[0.40075946 0.3617317 ],42,6,"[0.40123478470159024, 0.40656176249784554]",1,-1
42914,[0.24167547 0.38466297],42,0,"[0.2473875480073203, 0.39401489827781994]",1,47
42915,[0.42703485 0.42358085],42,6,"[0.40123478470159024, 0.40656176249784554]",1,-1
42916,[0.33818849 0.27136486],42,7,"[0.2880919156697789, 0.2889500356712737]",1,-1
42917,[0.40784103 0.35278201],42,6,"[0.40123478470159024, 0.40656176249784554]",1,-1
42918,[0.37773628 0.49828793],42,18,"[0.4203234088660354, 0.508036417947434]",1,-1
42919,[0.41234751 0.35883867],42,6,"[0.40123478470159024, 0.40656176249784554]",1,-1
42920,[0.40201962 0.33004647],42,4,"[0.3937233168939997, 0.29890402186269427]",1,-1
42921,[0.32655003 0.37319957],42,1,"[0.33650952271243567, 0.3695039184549852]",1,-1
42922,[0.38603927 0.45713295],42,6,"[0.40123478470159024, 0.40656176249784554]",1,50
42923,[0.36326548 0.25478993],42,4,"[0.3937233168939997, 0.29890402186269427]",1,-1
42924,[0.38783821 0.43510732],42,6,"[0.40123478470159024, 0.40656176249784554]",1,-1
42925,[0.38521284 0.38334904],42,6,"[0.40123478470159024, 0.40656176249784554]",1,-1
42926,[0.31321463 0.34765499],42,1,"[0.33650952271243567, 0.3695039184549852]",1,-1
42927,[0.35098365 0.41126522],42,1,"[0.33650952271243567, 0.3695039184549852]",1,-1
42928,[0.3172828 0.3209342],42,7,"[0.2880919156697789, 0.2889500356712737]",1,-1
42929,[0.44907695 0.37126277],42,37,"[0.4780366509520634, 0.3686118735311782]",1,-1
42930,[0.37730312 0.37816546],42,6,"[0.40123478470159024, 0.40656176249784554]",1,78
42931,[0.29716741 0.3290353 ],42,7,"[0.2880919156697789, 0.2889500356712737]",1,-1
42932,[0.32185179 0.35165994],42,1,"[0.33650952271243567, 0.3695039184549852]",1,-1
42933,[0.39326532 0.34827845],42,4,"[0.3937233168939997, 0.29890402186269427]",1,71
42934,[0.4067421  0.37766468],42,6,"[0.40123478470159024, 0.40656176249784554]",1,-1
42935,[0.31848478 0.38660617],42,1,"[0.33650952271243567, 0.3695039184549852]",1,-1
42936,[0.38137274 0.37649845],42,6,"[0.40123478470159024, 0.40656176249784554]",1,-1
42937,[0.30058965 0.30753455],42,7,"[0.2880919156697789, 0.2889500356712737]",1,-1
42938,[0.31901736 0.39446896],42,1,"[0.33650952271243567, 0.3695039184549852]",1,-1
42939,[0.40639586 0.2984455 ],42,4,"[0.3937233168939997, 0.29890402186269427]",1,-1
42940,[0.29415158 0.27711463],42,7,"[0.2880919156697789, 0.2889500356712737]",1,-1
42941,[0.41426312 0.40317504],42,6,"[0.40123478470159024, 0.40656176249784554]",1,-1
42942,[0.32614006 0.31455964],42,7,"[0.2880919156697789, 0.2889500356712737]",1,-1
42943,[0.34154212 0.34366013],42,1,"[0.33650952271243567, 0.3695039184549852]",1,-1
42944,[0.40763996 0.36698936],42,6,"[0.40123478470159024, 0.40656176249784554]",1,-1
42945,[0.40755162 0.3372377 ],42,4,"[0.3937233168939997, 0.29890402186269427]",1,-1
42946,[0.39908258 0.32442013],42,4,"[0.3937233168939997, 0.29890402186269427]",1,-1
42947,[0.39813952 0.32119248],42,4,"[0.3937233168939997, 0.29890402186269427]",1,-1
42948,[0.29703405 0.39336098],42,1,"[0.33650952271243567, 0.3695039184549852]",1,59
42949,[0.38583117 0.32638075],42,4,"[0.3937233168939997, 0.29890402186269427]",1,-1
42950,[0.36932957 0.39478765],42,6,"[0.40123478470159024, 0.40656176249784554]",1,-1
42951,[0.33393047 0.35993386],42,1,"[0.33650952271243567, 0.3695039184549852]",1,77
42952,[0.37774005 0.40378902],42,6,"[0.40123478470159024, 0.40656176249784554]",1,79
42953,[0.41219593 0.44619696],42,6,"[0.40123478470159024, 0.40656176249784554]",1,-1
42954,[0.35452833 0.27640268],42,4,"[0.3937233168939997, 0.29890402186269427]",1,-1
42955,[0.29194903 0.3146639 ],42,7,"[0.2880919156697789, 0.2889500356712737]",1,-1
42956,[0.36656964 0.32130517],42,4,"[0.3937233168939997, 0.29890402186269427]",1,-1
42957,[0.40401345 0.39596187],42,6,"[0.40123478470159024, 0.40656176249784554]",1,-1
42958,[0.34006087 0.35614391],42,1,"[0.33650952271243567, 0.3695039184549852]",1,77
42959,[0.30504375 0.30658904],42,7,"[0.2880919156697789, 0.2889500356712737]",1,-1
42960,[0.33615722 0.31180232],42,7,"[0.2880919156697789, 0.2889500356712737]",1,-1
42961,[0.36189498 0.28480882],42,4,"[0.3937233168939997, 0.29890402186269427]",1,-1
42962,[0.33767793 0.29081165],42,7,"[0.2880919156697789, 0.2889500356712737]",1,-1
42963,[0.48062757 0.34790946],42,37,"[0.4780366509520634, 0.3686118735311782]",1,-1
42964,[0.35574839 0.38863003],42,1,"[0.33650952271243567, 0.3695039184549852]",1,-1
42965,[0.34753482 0.42384437],42,13,"[0.32294489274299887, 0.4620611538839558]",1,-1
42966,[0.4193429  0.29057393],42,4,"[0.3937233168939997, 0.29890402186269427]",1,-1
42967,[0.33354344 0.25729664],42,7,"[0.2880919156697789, 0.2889500356712737]",1,-1
42968,[0.38239562 0.37292297],42,6,"[0.40123478470159024, 0.40656176249784554]",1,-1
42969,[0.42515501 0.46093874],42,18,"[0.4203234088660354, 0.508036417947434]",1,-1
42970,[0.36628597 0.33377778],42,4,"[0.3937233168939997, 0.29890402186269427]",1,-1
42971,[0.32214022 0.36269824],42,1,"[0.33650952271243567, 0.3695039184549852]",1,-1
42972,[0.3250694  0.34915709],42,1,"[0.33650952271243567, 0.3695039184549852]",1,-1
42973,[0.36483813 0.39360055],42,1,"[0.33650952271243567, 0.3695039184549852]",1,79
42974,[0.40220393 0.3566183 ],42,6,"[0.40123478470159024, 0.40656176249784554]",1,-1
42975,[0.37736243 0.42060045],42,6,"[0.40123478470159024, 0.40656176249784554]",1,-1
42976,[0.40871532 0.38438528],42,6,"[0.40123478470159024, 0.40656176249784554]",1,-1
42977,[0.37342179 0.31886111],42,4,"[0.3937233168939997, 0.29890402186269427]",1,-1
42978,[0.36187171 0.29419703],42,4,"[0.3937233168939997, 0.29890402186269427]",1,-1
42979,[0.27367143 0.32959348],42,7,"[0.2880919156697789, 0.2889500356712737]",1,27
42980,[0.3514387  0.32431651],42,1,"[0.33650952271243567, 0.3695039184549852]",1,-1
42981,[0.43476038 0.35766703],42,37,"[0.4780366509520634, 0.3686118735311782]",1,-1
42982,[0.3060965  0.43633168],42,13,"[0.32294489274299887, 0.4620611538839558]",1,-1
42983,[0.27864328 0.51475973],42,13,"[0.32294489274299887, 0.4620611538839558]",1,-1
42984,[0.40391189 0.39827992],42,6,"[0.40123478470159024, 0.40656176249784554]",1,-1
42985,[0.22713369 0.42644852],42,0,"[0.2473875480073203, 0.39401489827781994]",1,-1
42986,[0.41770052 0.35305437],42,6,"[0.40123478470159024, 0.40656176249784554]",1,-1
42987,[0.42233426 0.4245866 ],42,6,"[0.40123478470159024, 0.40656176249784554]",1,-1
42988,[0.36386969 0.32146869],42,4,"[0.3937233168939997, 0.29890402186269427]",1,-1
42989,[0.35870533 0.3491643 ],42,1,"[0.33650952271243567, 0.3695039184549852]",1,76
42990,[0.34343105 0.34915576],42,1,"[0.33650952271243567, 0.3695039184549852]",1,-1
42991,[0.37945803 0.3889686 ],42,6,"[0.40123478470159024, 0.40656176249784554]",1,79
42992,[0.3179545  0.41600944],42,13,"[0.32294489274299887, 0.4620611538839558]",1,-1
42993,[0.40473784 0.24980804],42,4,"[0.3937233168939997, 0.29890402186269427]",1,-1
42994,[0.37152686 0.41000104],42,6,"[0.40123478470159024, 0.40656176249784554]",1,-1
42995,[0.3935335  0.38156968],42,6,"[0.40123478470159024, 0.40656176249784554]",1,-1
42996,[0.32808074 0.33099824],42,1,"[0.33650952271243567, 0.3695039184549852]",1,62
42997,[0.43821206 0.28918369],42,4,"[0.3937233168939997, 0.29890402186269427]",1,-1
42998,[0.37876851 0.36786854],42,1,"[0.33650952271243567, 0.3695039184549852]",1,-1
42999,[0.33442565 0.36863266],42,1,"[0.33650952271243567, 0.3695039184549852]",1,-1
43000,[0.83549347 0.55129307],43,3,"[0.8068810957052946, 0.5180547120844742]",1,-1
43001,[0.78974557 0.58164147],43,43,"[0.8274941202305067, 0.5998913364221842]",1,-1
43002,[0.87040424 0.42285454],43,14,"[0.8486155699332081, 0.42850029565542425]",1,-1
43003,[0.79279786 0.46757698],43,32,"[0.7535856051996079, 0.45307884495298306]",1,-1
43004,[0.84005151 0.45564016],43,14,"[0.8486155699332081, 0.42850029565542425]",1,42
43005,[0.77383251 0.32132472],43,29,"[0.7250576817720672, 0.30126581813471415]",1,-1
43006,[0.79643009 0.55502528],43,3,"[0.8068810957052946, 0.5180547120844742]",1,-1
43007,[0.82381232 0.47366643],43,3,"[0.8068810957052946, 0.5180547120844742]",1,42
43008,[0.82687775 0.52062603],43,3,"[0.8068810957052946, 0.5180547120844742]",1,-1
43009,[0.81866279 0.46307012],43,14,"[0.8486155699332081, 0.42850029565542425]",1,-1
43010,[0.82256232 0.34564984],43,42,"[0.765559566045806, 0.37716611859716387]",1,-1
43011,[0.77273514 0.52617913],43,3,"[0.8068810957052946, 0.5180547120844742]",1,-1
43012,[0.75817927 0.40211427],43,42,"[0.765559566045806, 0.37716611859716387]",1,23
43013,[0.79156157 0.46932619],43,32,"[0.7535856051996079, 0.45307884495298306]",1,-1
43014,[0.78073144 0.40222376],43,42,"[0.765559566045806, 0.37716611859716387]",1,-1
43015,[0.9212827  0.52750569],43,-1,-1,1,-1
43016,[0.83470398 0.45040215],43,14,"[0.8486155699332081, 0.42850029565542425]",1,-1
43017,[0.81007294 0.46364552],43,14,"[0.8486155699332081, 0.42850029565542425]",1,-1
43018,[0.79269306 0.5021888 ],43,3,"[0.8068810957052946, 0.5180547120844742]",1,44
43019,[0.92802514 0.50678467],43,-1,-1,1,-1
43020,[0.87459152 0.43255145],43,14,"[0.8486155699332081, 0.42850029565542425]",1,-1
43021,[0.87822273 0.43784853],43,14,"[0.8486155699332081, 0.42850029565542425]",1,-1
43022,[0.80237966 0.46101712],43,32,"[0.7535856051996079, 0.45307884495298306]",1,-1
43023,[0.85364469 0.46075224],43,14,"[0.8486155699332081, 0.42850029565542425]",1,-1
43024,[0.85609631 0.47437805],43,14,"[0.8486155699332081, 0.42850029565542425]",1,-1
43025,[0.78815731 0.4665413 ],43,32,"[0.7535856051996079, 0.45307884495298306]",1,-1
43026,[0.83269972 0.42470079],43,14,"[0.8486155699332081, 0.42850029565542425]",1,-1
43027,[0.7694038  0.55936238],43,3,"[0.8068810957052946, 0.5180547120844742]",1,-1
43028,[0.8871714 0.5302732],43,-1,-1,1,-1
43029,[0.82541251 0.53627746],43,3,"[0.8068810957052946, 0.5180547120844742]",1,-1
43030,[0.8496735  0.47471621],43,14,"[0.8486155699332081, 0.42850029565542425]",1,-1
43031,[0.94573546 0.39291448],43,-1,-1,1,-1
43032,[0.87974422 0.44506736],43,14,"[0.8486155699332081, 0.42850029565542425]",1,-1
43033,[0.82475679 0.44139226],43,14,"[0.8486155699332081, 0.42850029565542425]",1,-1
43034,[0.81780291 0.45081252],43,14,"[0.8486155699332081, 0.42850029565542425]",1,-1
43035,[0.79209936 0.37630134],43,42,"[0.765559566045806, 0.37716611859716387]",1,-1
43036,[0.84128417 0.41248399],43,14,"[0.8486155699332081, 0.42850029565542425]",1,-1
43037,[0.77464287 0.45536012],43,32,"[0.7535856051996079, 0.45307884495298306]",1,45
43038,[0.78855161 0.48617697],43,3,"[0.8068810957052946, 0.5180547120844742]",1,45
43039,[0.86868106 0.50197479],43,3,"[0.8068810957052946, 0.5180547120844742]",1,-1
43040,[0.90440797 0.47626479],43,-1,-1,1,-1
43041,[0.78348753 0.44884751],43,32,"[0.7535856051996079, 0.45307884495298306]",1,-1
43042,[0.84795972 0.44380178],43,14,"[0.8486155699332081, 0.42850029565542425]",1,-1
43043,[0.90706491 0.54769933],43,-1,-1,1,-1
43044,[0.85471348 0.49761651],43,3,"[0.8068810957052946, 0.5180547120844742]",1,-1
43045,[0.83117587 0.46490736],43,14,"[0.8486155699332081, 0.42850029565542425]",1,-1
43046,[0.70598385 0.51436566],43,26,"[0.6734889003123068, 0.4756404454441684]",1,-1
43047,[0.87070733 0.44108421],43,14,"[0.8486155699332081, 0.42850029565542425]",1,-1
43048,[0.69176853 0.45790125],43,26,"[0.6734889003123068, 0.4756404454441684]",1,-1
43049,[0.77111655 0.52618616],43,3,"[0.8068810957052946, 0.5180547120844742]",1,-1
43050,[0.90214767 0.53249706],43,-1,-1,1,-1
43051,[0.8833554  0.47514321],43,14,"[0.8486155699332081, 0.42850029565542425]",1,-1
43052,[0.79161883 0.48782436],43,3,"[0.8068810957052946, 0.5180547120844742]",1,-1
43053,[0.80941392 0.42824629],43,14,"[0.8486155699332081, 0.42850029565542425]",1,38
43054,[0.8852486  0.43623456],43,14,"[0.8486155699332081, 0.42850029565542425]",1,-1
43055,[0.79373271 0.57269457],43,43,"[0.8274941202305067, 0.5998913364221842]",1,-1
43056,[0.86204578 0.49582368],43,3,"[0.8068810957052946, 0.5180547120844742]",1,-1
43057,[0.81392251 0.45022148],43,14,"[0.8486155699332081, 0.42850029565542425]",1,-1
43058,[0.82550556 0.49129932],43,3,"[0.8068810957052946, 0.5180547120844742]",1,-1
43059,[0.87736967 0.56445675],43,43,"[0.8274941202305067, 0.5998913364221842]",1,-1
43060,[0.82669843 0.48338055],43,3,"[0.8068810957052946, 0.5180547120844742]",1,-1
43061,[0.8205185  0.43900546],43,14,"[0.8486155699332081, 0.42850029565542425]",1,-1
43062,[0.73463733 0.53943392],43,11,"[0.7051682617613192, 0.574171671796882]",1,-1
43063,[0.74784248 0.52675119],43,3,"[0.8068810957052946, 0.5180547120844742]",1,-1
43064,[0.8925548  0.56483035],43,-1,-1,1,-1
43065,[0.75999827 0.48475243],43,32,"[0.7535856051996079, 0.45307884495298306]",1,-1
43066,[0.79647656 0.49262077],43,3,"[0.8068810957052946, 0.5180547120844742]",1,-1
43067,[0.85932747 0.51621444],43,3,"[0.8068810957052946, 0.5180547120844742]",1,-1
43068,[0.82684375 0.4411854 ],43,14,"[0.8486155699332081, 0.42850029565542425]",1,-1
43069,[0.90051453 0.57504575],43,-1,-1,1,-1
43070,[0.78572156 0.49650822],43,3,"[0.8068810957052946, 0.5180547120844742]",1,-1
43071,[0.83387369 0.49290758],43,3,"[0.8068810957052946, 0.5180547120844742]",1,-1
43072,[0.82251082 0.54001743],43,3,"[0.8068810957052946, 0.5180547120844742]",1,-1
43073,[0.87572996 0.4867295 ],43,14,"[0.8486155699332081, 0.42850029565542425]",1,-1
43074,[0.812812   0.46206602],43,14,"[0.8486155699332081, 0.42850029565542425]",1,42
43075,[0.8269738  0.52618259],43,3,"[0.8068810957052946, 0.5180547120844742]",1,-1
43076,[0.76553137 0.56411607],43,11,"[0.7051682617613192, 0.574171671796882]",1,20
43077,[0.79792785 0.43308271],43,32,"[0.7535856051996079, 0.45307884495298306]",1,38
43078,[0.82050651 0.44047805],43,14,"[0.8486155699332081, 0.42850029565542425]",1,-1
43079,[0.87630586 0.46637649],43,14,"[0.8486155699332081, 0.42850029565542425]",1,-1
43080,[0.84057369 0.41162743],43,14,"[0.8486155699332081, 0.42850029565542425]",1,-1
43081,[0.86911585 0.51347613],43,3,"[0.8068810957052946, 0.5180547120844742]",1,-1
43082,[0.85519306 0.48205128],43,14,"[0.8486155699332081, 0.42850029565542425]",1,-1
43083,[0.77855249 0.51495477],43,3,"[0.8068810957052946, 0.5180547120844742]",1,41
43084,[0.79241769 0.48049224],43,3,"[0.8068810957052946, 0.5180547120844742]",1,-1
43085,[0.77507293 0.52008085],43,3,"[0.8068810957052946, 0.5180547120844742]",1,41
43086,[0.86002125 0.4094588 ],43,14,"[0.8486155699332081, 0.42850029565542425]",1,-1
43087,[0.82913525 0.54639295],43,3,"[0.8068810957052946, 0.5180547120844742]",1,-1
43088,[0.70966499 0.44022101],43,30,"[0.6934973256581222, 0.4131681772802667]",1,-1
43089,[0.81205415 0.43933579],43,14,"[0.8486155699332081, 0.42850029565542425]",1,38
43090,[0.79411798 0.44229274],43,32,"[0.7535856051996079, 0.45307884495298306]",1,-1
43091,[0.82767625 0.42147899],43,14,"[0.8486155699332081, 0.42850029565542425]",1,-1
43092,[0.84857095 0.48053294],43,14,"[0.8486155699332081, 0.42850029565542425]",1,-1
43093,[0.89616437 0.4594035 ],43,14,"[0.8486155699332081, 0.42850029565542425]",1,-1
43094,[0.84403115 0.45074071],43,14,"[0.8486155699332081, 0.42850029565542425]",1,-1
43095,[0.79230813 0.44012869],43,32,"[0.7535856051996079, 0.45307884495298306]",1,38
43096,[0.89015824 0.5083162 ],43,-1,-1,1,-1
43097,[0.81618536 0.47853999],43,3,"[0.8068810957052946, 0.5180547120844742]",1,42
43098,[0.79841102 0.45588332],43,32,"[0.7535856051996079, 0.45307884495298306]",1,-1
43099,[0.80150496 0.49527498],43,3,"[0.8068810957052946, 0.5180547120844742]",1,-1
43100,[0.81369313 0.43417362],43,14,"[0.8486155699332081, 0.42850029565542425]",1,38
43101,[0.81751424 0.51213832],43,3,"[0.8068810957052946, 0.5180547120844742]",1,-1
43102,[0.80100534 0.47077772],43,3,"[0.8068810957052946, 0.5180547120844742]",1,-1
43103,[0.83375165 0.50853697],43,3,"[0.8068810957052946, 0.5180547120844742]",1,-1
43104,[0.82836847 0.4543256 ],43,14,"[0.8486155699332081, 0.42850029565542425]",1,42
43105,[0.87750235 0.45034809],43,14,"[0.8486155699332081, 0.42850029565542425]",1,-1
43106,[0.89853098 0.49544941],43,-1,-1,1,-1
43107,[0.9521803  0.42086672],43,-1,-1,1,-1
43108,[0.82030564 0.47423277],43,3,"[0.8068810957052946, 0.5180547120844742]",1,42
43109,[0.90644263 0.44510547],43,14,"[0.8486155699332081, 0.42850029565542425]",1,-1
43110,[0.83945993 0.39505436],43,14,"[0.8486155699332081, 0.42850029565542425]",1,-1
43111,[0.72352581 0.4403356 ],43,32,"[0.7535856051996079, 0.45307884495298306]",1,-1
43112,[0.77048715 0.40527438],43,42,"[0.765559566045806, 0.37716611859716387]",1,-1
43113,[0.85759016 0.41550588],43,14,"[0.8486155699332081, 0.42850029565542425]",1,-1
43114,[0.84151431 0.61559381],43,43,"[0.8274941202305067, 0.5998913364221842]",1,-1
43115,[0.86395229 0.36953299],43,14,"[0.8486155699332081, 0.42850029565542425]",1,-1
43116,[0.79523416 0.4577121 ],43,32,"[0.7535856051996079, 0.45307884495298306]",1,-1
43117,[0.76730934 0.4724915 ],43,32,"[0.7535856051996079, 0.45307884495298306]",1,-1
43118,[0.81117246 0.56399037],43,43,"[0.8274941202305067, 0.5998913364221842]",1,-1
43119,[0.74627236 0.35206505],43,42,"[0.765559566045806, 0.37716611859716387]",1,-1
43120,[0.87802544 0.47758796],43,14,"[0.8486155699332081, 0.42850029565542425]",1,-1
43121,[0.81847918 0.41962061],43,14,"[0.8486155699332081, 0.42850029565542425]",1,-1
43122,[0.81280753 0.46248793],43,14,"[0.8486155699332081, 0.42850029565542425]",1,42
43123,[0.77519798 0.540471  ],43,3,"[0.8068810957052946, 0.5180547120844742]",1,41
43124,[0.79076594 0.41951494],43,42,"[0.765559566045806, 0.37716611859716387]",1,-1
43125,[0.71801094 0.51373793],43,26,"[0.6734889003123068, 0.4756404454441684]",1,-1
43126,[0.838599   0.50251829],43,3,"[0.8068810957052946, 0.5180547120844742]",1,-1
43127,[0.77158692 0.4550833 ],43,32,"[0.7535856051996079, 0.45307884495298306]",1,-1
43128,[0.8237258  0.49309174],43,3,"[0.8068810957052946, 0.5180547120844742]",1,-1
43129,[0.8436394  0.53253635],43,3,"[0.8068810957052946, 0.5180547120844742]",1,-1
43130,[0.83153514 0.40355832],43,14,"[0.8486155699332081, 0.42850029565542425]",1,-1
43131,[0.83379674 0.43035252],43,14,"[0.8486155699332081, 0.42850029565542425]",1,-1
43132,[0.80205005 0.48653974],43,3,"[0.8068810957052946, 0.5180547120844742]",1,45
43133,[0.76697514 0.49702923],43,3,"[0.8068810957052946, 0.5180547120844742]",1,-1
43134,[0.8014885  0.46462715],43,32,"[0.7535856051996079, 0.45307884495298306]",1,-1
43135,[0.75828779 0.50574866],43,3,"[0.8068810957052946, 0.5180547120844742]",1,-1
43136,[0.80841986 0.48741754],43,3,"[0.8068810957052946, 0.5180547120844742]",1,-1
43137,[0.78037368 0.56281398],43,3,"[0.8068810957052946, 0.5180547120844742]",1,-1
43138,[0.91096571 0.42936736],43,14,"[0.8486155699332081, 0.42850029565542425]",1,-1
43139,[0.84580613 0.43739536],43,14,"[0.8486155699332081, 0.42850029565542425]",1,-1
43140,[0.83798538 0.40403233],43,14,"[0.8486155699332081, 0.42850029565542425]",1,-1
43141,[0.73029068 0.48572161],43,32,"[0.7535856051996079, 0.45307884495298306]",1,-1
43142,[0.77306908 0.5632456 ],43,3,"[0.8068810957052946, 0.5180547120844742]",1,-1
43143,[0.74024097 0.52747329],43,11,"[0.7051682617613192, 0.574171671796882]",1,-1
43144,[0.89967019 0.5165894 ],43,-1,-1,1,-1
43145,[0.93542733 0.43765982],43,-1,-1,1,-1
43146,[0.76652383 0.49057529],43,32,"[0.7535856051996079, 0.45307884495298306]",1,-1
43147,[0.9626334  0.51466566],43,-1,-1,-1,-1
43148,[0.76984134 0.58206212],43,43,"[0.8274941202305067, 0.5998913364221842]",1,-1
43149,[0.81843016 0.4154168 ],43,14,"[0.8486155699332081, 0.42850029565542425]",1,-1
43150,[0.81892147 0.48555782],43,3,"[0.8068810957052946, 0.5180547120844742]",1,-1
43151,[0.9100098  0.50770842],43,-1,-1,1,-1
43152,[0.81471765 0.44639214],43,14,"[0.8486155699332081, 0.42850029565542425]",1,-1
43153,[0.76778203 0.48499114],43,32,"[0.7535856051996079, 0.45307884495298306]",1,-1
43154,[0.83635615 0.47658957],43,14,"[0.8486155699332081, 0.42850029565542425]",1,42
43155,[0.80876637 0.47082677],43,3,"[0.8068810957052946, 0.5180547120844742]",1,42
43156,[0.93085508 0.50305981],43,-1,-1,1,-1
43157,[0.8248863  0.52294735],43,3,"[0.8068810957052946, 0.5180547120844742]",1,-1
43158,[0.80757304 0.44111433],43,14,"[0.8486155699332081, 0.42850029565542425]",1,-1
43159,[0.83849258 0.49298503],43,3,"[0.8068810957052946, 0.5180547120844742]",1,-1
43160,[0.78338893 0.46896154],43,32,"[0.7535856051996079, 0.45307884495298306]",1,45
43161,[0.87695857 0.53106159],43,-1,-1,1,-1
43162,[0.78138219 0.51205252],43,3,"[0.8068810957052946, 0.5180547120844742]",1,-1
43163,[0.90867922 0.42570897],43,14,"[0.8486155699332081, 0.42850029565542425]",1,-1
43164,[0.78278537 0.40453992],43,42,"[0.765559566045806, 0.37716611859716387]",1,-1
43165,[0.86075846 0.46096048],43,14,"[0.8486155699332081, 0.42850029565542425]",1,-1
43166,[0.91200226 0.46765985],43,-1,-1,1,-1
43167,[0.77354417 0.5130304 ],43,3,"[0.8068810957052946, 0.5180547120844742]",1,41
43168,[0.79596509 0.50566191],43,3,"[0.8068810957052946, 0.5180547120844742]",1,44
43169,[0.87493826 0.36968822],43,14,"[0.8486155699332081, 0.42850029565542425]",1,-1
43170,[0.84183564 0.45127868],43,14,"[0.8486155699332081, 0.42850029565542425]",1,-1
43171,[0.87052704 0.47747704],43,14,"[0.8486155699332081, 0.42850029565542425]",1,-1
43172,[0.86559185 0.52830549],43,3,"[0.8068810957052946, 0.5180547120844742]",1,-1
43173,[0.77958196 0.48525933],43,32,"[0.7535856051996079, 0.45307884495298306]",1,45
43174,[0.82996364 0.55272493],43,3,"[0.8068810957052946, 0.5180547120844742]",1,-1
43175,[0.82500998 0.42256935],43,14,"[0.8486155699332081, 0.42850029565542425]",1,-1
43176,[0.83719259 0.46782   ],43,14,"[0.8486155699332081, 0.42850029565542425]",1,42
43177,[0.85738342 0.45509568],43,14,"[0.8486155699332081, 0.42850029565542425]",1,-1
43178,[0.85965872 0.4839732 ],43,14,"[0.8486155699332081, 0.42850029565542425]",1,-1
43179,[0.83802117 0.51875138],43,3,"[0.8068810957052946, 0.5180547120844742]",1,-1
43180,[0.85367071 0.42983219],43,14,"[0.8486155699332081, 0.42850029565542425]",1,-1
43181,[0.82452018 0.52909971],43,3,"[0.8068810957052946, 0.5180547120844742]",1,-1
43182,[0.84220155 0.46897482],43,14,"[0.8486155699332081, 0.42850029565542425]",1,-1
43183,[0.82534432 0.51100828],43,3,"[0.8068810957052946, 0.5180547120844742]",1,-1
43184,[0.86283422 0.44621881],43,14,"[0.8486155699332081, 0.42850029565542425]",1,-1
43185,[0.80672068 0.43588982],43,14,"[0.8486155699332081, 0.42850029565542425]",1,-1
43186,[0.82064227 0.45676122],43,14,"[0.8486155699332081, 0.42850029565542425]",1,-1
43187,[0.78411833 0.48487793],43,3,"[0.8068810957052946, 0.5180547120844742]",1,45
43188,[0.93194195 0.45654925],43,-1,-1,1,-1
43189,[0.8473754  0.50572557],43,3,"[0.8068810957052946, 0.5180547120844742]",1,-1
43190,[0.79615306 0.45372371],43,32,"[0.7535856051996079, 0.45307884495298306]",1,-1
43191,[0.80695798 0.42066852],43,14,"[0.8486155699332081, 0.42850029565542425]",1,-1
43192,[0.88044636 0.47910305],43,14,"[0.8486155699332081, 0.42850029565542425]",1,-1
43193,[0.83744645 0.51970259],43,3,"[0.8068810957052946, 0.5180547120844742]",1,-1
43194,[0.87316611 0.4408189 ],43,14,"[0.8486155699332081, 0.42850029565542425]",1,-1
43195,[0.88830839 0.46833104],43,14,"[0.8486155699332081, 0.42850029565542425]",1,-1
43196,[0.92215317 0.38732371],43,-1,-1,1,-1
43197,[0.81105242 0.48554526],43,3,"[0.8068810957052946, 0.5180547120844742]",1,-1
43198,[0.82122519 0.43130404],43,14,"[0.8486155699332081, 0.42850029565542425]",1,-1
43199,[0.8642374 0.5062694],43,3,"[0.8068810957052946, 0.5180547120844742]",1,-1
43200,[0.78262825 0.44719015],43,32,"[0.7535856051996079, 0.45307884495298306]",1,-1
43201,[0.83607807 0.45825232],43,14,"[0.8486155699332081, 0.42850029565542425]",1,42
43202,[0.74425187 0.41310648],43,32,"[0.7535856051996079, 0.45307884495298306]",1,-1
43203,[0.85623041 0.47261741],43,14,"[0.8486155699332081, 0.42850029565542425]",1,-1
43204,[0.88448831 0.57026629],43,43,"[0.8274941202305067, 0.5998913364221842]",1,-1
43205,[0.81484033 0.50174069],43,3,"[0.8068810957052946, 0.5180547120844742]",1,-1
43206,[0.81560449 0.5679452 ],43,43,"[0.8274941202305067, 0.5998913364221842]",1,-1
43207,[0.84714758 0.52059975],43,3,"[0.8068810957052946, 0.5180547120844742]",1,-1
43208,[0.76897747 0.48578982],43,32,"[0.7535856051996079, 0.45307884495298306]",1,-1
43209,[0.88705856 0.47382902],43,14,"[0.8486155699332081, 0.42850029565542425]",1,-1
43210,[0.91202008 0.45038904],43,14,"[0.8486155699332081, 0.42850029565542425]",1,-1
43211,[0.82463867 0.49853898],43,3,"[0.8068810957052946, 0.5180547120844742]",1,-1
43212,[0.85567439 0.52219674],43,3,"[0.8068810957052946, 0.5180547120844742]",1,-1
43213,[0.70398132 0.45681949],43,26,"[0.6734889003123068, 0.4756404454441684]",1,-1
43214,[0.83259289 0.49914461],43,3,"[0.8068810957052946, 0.5180547120844742]",1,-1
43215,[0.84801985 0.4798488 ],43,14,"[0.8486155699332081, 0.42850029565542425]",1,-1
43216,[0.78215833 0.50594812],43,3,"[0.8068810957052946, 0.5180547120844742]",1,-1
43217,[0.77340585 0.52263071],43,3,"[0.8068810957052946, 0.5180547120844742]",1,41
43218,[0.89502865 0.44475043],43,14,"[0.8486155699332081, 0.42850029565542425]",1,-1
43219,[0.72724801 0.56205703],43,11,"[0.7051682617613192, 0.574171671796882]",1,-1
43220,[0.87458975 0.4095402 ],43,14,"[0.8486155699332081, 0.42850029565542425]",1,-1
43221,[0.76516651 0.44583049],43,32,"[0.7535856051996079, 0.45307884495298306]",1,-1
43222,[0.73218546 0.3891287 ],43,42,"[0.765559566045806, 0.37716611859716387]",1,-1
43223,[0.9017228  0.41358775],43,14,"[0.8486155699332081, 0.42850029565542425]",1,-1
43224,[0.85145398 0.43920288],43,14,"[0.8486155699332081, 0.42850029565542425]",1,-1
43225,[0.79444855 0.43463765],43,32,"[0.7535856051996079, 0.45307884495298306]",1,38
43226,[0.82308231 0.4535591 ],43,14,"[0.8486155699332081, 0.42850029565542425]",1,-1
43227,[0.82029191 0.53013181],43,3,"[0.8068810957052946, 0.5180547120844742]",1,-1
43228,[0.85013732 0.43606746],43,14,"[0.8486155699332081, 0.42850029565542425]",1,-1
43229,[0.79077844 0.53733263],43,3,"[0.8068810957052946, 0.5180547120844742]",1,41
43230,[0.76898506 0.50704977],43,3,"[0.8068810957052946, 0.5180547120844742]",1,-1
43231,[0.88616623 0.39599321],43,14,"[0.8486155699332081, 0.42850029565542425]",1,-1
43232,[0.84984753 0.50092287],43,3,"[0.8068810957052946, 0.5180547120844742]",1,-1
43233,[0.72284418 0.5424545 ],43,11,"[0.7051682617613192, 0.574171671796882]",1,-1
43234,[0.93021753 0.55192626],43,-1,-1,1,-1
43235,[0.78934584 0.37957068],43,42,"[0.765559566045806, 0.37716611859716387]",1,-1
43236,[0.76806721 0.49805583],43,3,"[0.8068810957052946, 0.5180547120844742]",1,-1
43237,[0.84796272 0.52213893],43,3,"[0.8068810957052946, 0.5180547120844742]",1,-1
43238,[0.82310033 0.43845822],43,14,"[0.8486155699332081, 0.42850029565542425]",1,-1
43239,[0.74003125 0.49127396],43,32,"[0.7535856051996079, 0.45307884495298306]",1,-1
43240,[0.79753585 0.45192695],43,32,"[0.7535856051996079, 0.45307884495298306]",1,-1
43241,[0.80890857 0.53546778],43,3,"[0.8068810957052946, 0.5180547120844742]",1,-1
43242,[0.84174089 0.47613569],43,14,"[0.8486155699332081, 0.42850029565542425]",1,42
43243,[0.84238883 0.5242841 ],43,3,"[0.8068810957052946, 0.5180547120844742]",1,-1
43244,[0.83862851 0.50329049],43,3,"[0.8068810957052946, 0.5180547120844742]",1,-1
43245,[0.78777035 0.57136891],43,43,"[0.8274941202305067, 0.5998913364221842]",1,-1
43246,[0.80862737 0.47767139],43,3,"[0.8068810957052946, 0.5180547120844742]",1,-1
43247,[0.86830086 0.39581409],43,14,"[0.8486155699332081, 0.42850029565542425]",1,-1
43248,[0.83493307 0.43523191],43,14,"[0.8486155699332081, 0.42850029565542425]",1,-1
43249,[0.87712377 0.44358733],43,14,"[0.8486155699332081, 0.42850029565542425]",1,-1
43250,[0.82611992 0.47633758],43,3,"[0.8068810957052946, 0.5180547120844742]",1,42
43251,[0.89373308 0.50483999],43,-1,-1,1,-1
43252,[0.81755863 0.35879459],43,42,"[0.765559566045806, 0.37716611859716387]",1,-1
43253,[0.84513056 0.42300558],43,14,"[0.8486155699332081, 0.42850029565542425]",1,-1
43254,[0.83855809 0.46461119],43,14,"[0.8486155699332081, 0.42850029565542425]",1,-1
43255,[0.83468187 0.38621049],43,14,"[0.8486155699332081, 0.42850029565542425]",1,-1
43256,[0.71164858 0.37500902],43,30,"[0.6934973256581222, 0.4131681772802667]",1,-1
43257,[0.84130116 0.44090553],43,14,"[0.8486155699332081, 0.42850029565542425]",1,-1
43258,[0.93841721 0.46975066],43,-1,-1,1,-1
43259,[0.84363305 0.4812675 ],43,3,"[0.8068810957052946, 0.5180547120844742]",1,-1
43260,[0.77434284 0.47413583],43,32,"[0.7535856051996079, 0.45307884495298306]",1,-1
43261,[0.80380239 0.51823267],43,3,"[0.8068810957052946, 0.5180547120844742]",1,-1
43262,[0.81392248 0.42856916],43,14,"[0.8486155699332081, 0.42850029565542425]",1,-1
43263,[0.74648633 0.49267233],43,32,"[0.7535856051996079, 0.45307884495298306]",1,-1
43264,[0.77956141 0.53020784],43,3,"[0.8068810957052946, 0.5180547120844742]",1,41
43265,[0.89040279 0.47677385],43,14,"[0.8486155699332081, 0.42850029565542425]",1,-1
43266,[0.86662898 0.40881062],43,14,"[0.8486155699332081, 0.42850029565542425]",1,-1
43267,[0.82070803 0.52101783],43,3,"[0.8068810957052946, 0.5180547120844742]",1,-1
43268,[0.81117279 0.46947304],43,3,"[0.8068810957052946, 0.5180547120844742]",1,42
43269,[0.78488268 0.42372486],43,32,"[0.7535856051996079, 0.45307884495298306]",1,-1
43270,[0.83428677 0.45107056],43,14,"[0.8486155699332081, 0.42850029565542425]",1,42
43271,[0.77518385 0.442686  ],43,32,"[0.7535856051996079, 0.45307884495298306]",1,-1
43272,[0.7968231  0.48879149],43,3,"[0.8068810957052946, 0.5180547120844742]",1,45
43273,[0.77969757 0.45001458],43,32,"[0.7535856051996079, 0.45307884495298306]",1,-1
43274,[0.83793208 0.51162343],43,3,"[0.8068810957052946, 0.5180547120844742]",1,-1
43275,[0.85525905 0.50617016],43,3,"[0.8068810957052946, 0.5180547120844742]",1,-1
43276,[0.80796669 0.46040136],43,14,"[0.8486155699332081, 0.42850029565542425]",1,42
43277,[0.79682621 0.50452649],43,3,"[0.8068810957052946, 0.5180547120844742]",1,44
43278,[0.80461216 0.52126896],43,3,"[0.8068810957052946, 0.5180547120844742]",1,-1
43279,[0.7919205  0.37294691],43,42,"[0.765559566045806, 0.37716611859716387]",1,-1
43280,[0.88938714 0.39005696],43,14,"[0.8486155699332081, 0.42850029565542425]",1,-1
43281,[0.82943846 0.46012159],43,14,"[0.8486155699332081, 0.42850029565542425]",1,42
43282,[0.83089426 0.5347687 ],43,3,"[0.8068810957052946, 0.5180547120844742]",1,-1
43283,[0.84993797 0.49655908],43,3,"[0.8068810957052946, 0.5180547120844742]",1,-1
43284,[0.82101716 0.45219772],43,14,"[0.8486155699332081, 0.42850029565542425]",1,-1
43285,[0.87206587 0.44477943],43,14,"[0.8486155699332081, 0.42850029565542425]",1,-1
43286,[0.87850526 0.51067798],43,-1,-1,1,-1
43287,[0.84211095 0.48112235],43,3,"[0.8068810957052946, 0.5180547120844742]",1,-1
43288,[0.82876171 0.49861849],43,3,"[0.8068810957052946, 0.5180547120844742]",1,-1
43289,[0.83005672 0.39895219],43,14,"[0.8486155699332081, 0.42850029565542425]",1,-1
43290,[0.82996806 0.39665359],43,14,"[0.8486155699332081, 0.42850029565542425]",1,-1
43291,[0.81278763 0.41651359],43,14,"[0.8486155699332081, 0.42850029565542425]",1,-1
43292,[0.73777403 0.534199  ],43,11,"[0.7051682617613192, 0.574171671796882]",1,-1
43293,[0.86418559 0.46861419],43,14,"[0.8486155699332081, 0.42850029565542425]",1,-1
43294,[0.89290876 0.46865859],43,14,"[0.8486155699332081, 0.42850029565542425]",1,-1
43295,[0.8308661  0.44581844],43,14,"[0.8486155699332081, 0.42850029565542425]",1,-1
43296,[0.89760381 0.48206535],43,-1,-1,1,-1
43297,[0.79788058 0.47126955],43,3,"[0.8068810957052946, 0.5180547120844742]",1,-1
43298,[0.84067682 0.52353026],43,3,"[0.8068810957052946, 0.5180547120844742]",1,-1
43299,[0.90932628 0.52713417],43,-1,-1,1,-1
43300,[0.82627882 0.4978793 ],43,3,"[0.8068810957052946, 0.5180547120844742]",1,-1
43301,[0.79082391 0.57811271],43,43,"[0.8274941202305067, 0.5998913364221842]",1,-1
43302,[0.85055244 0.44912557],43,14,"[0.8486155699332081, 0.42850029565542425]",1,-1
43303,[0.7737883  0.45457126],43,32,"[0.7535856051996079, 0.45307884495298306]",1,45
43304,[0.78070029 0.48341495],43,32,"[0.7535856051996079, 0.45307884495298306]",1,45
43305,[0.90041439 0.44622166],43,14,"[0.8486155699332081, 0.42850029565542425]",1,-1
43306,[0.82648072 0.48218293],43,3,"[0.8068810957052946, 0.5180547120844742]",1,-1
43307,[0.89831272 0.46544276],43,14,"[0.8486155699332081, 0.42850029565542425]",1,-1
43308,[0.86060936 0.51159278],43,3,"[0.8068810957052946, 0.5180547120844742]",1,-1
43309,[0.84196985 0.36887576],43,14,"[0.8486155699332081, 0.42850029565542425]",1,-1
43310,[0.7849357  0.48334628],43,3,"[0.8068810957052946, 0.5180547120844742]",1,45
43311,[0.8209485  0.46821151],43,14,"[0.8486155699332081, 0.42850029565542425]",1,-1
43312,[0.85679263 0.44394194],43,14,"[0.8486155699332081, 0.42850029565542425]",1,-1
43313,[0.88355985 0.45718523],43,14,"[0.8486155699332081, 0.42850029565542425]",1,-1
43314,[0.75093892 0.5039102 ],43,32,"[0.7535856051996079, 0.45307884495298306]",1,41
43315,[0.79030788 0.41817446],43,42,"[0.765559566045806, 0.37716611859716387]",1,-1
43316,[0.78780653 0.46753914],43,32,"[0.7535856051996079, 0.45307884495298306]",1,-1
43317,[0.83306265 0.4145764 ],43,14,"[0.8486155699332081, 0.42850029565542425]",1,-1
43318,[0.86463665 0.51269192],43,3,"[0.8068810957052946, 0.5180547120844742]",1,-1
43319,[0.84033397 0.59706737],43,43,"[0.8274941202305067, 0.5998913364221842]",1,-1
43320,[0.7939429  0.44462201],43,32,"[0.7535856051996079, 0.45307884495298306]",1,-1
43321,[0.84239496 0.45260968],43,14,"[0.8486155699332081, 0.42850029565542425]",1,-1
43322,[0.84382967 0.53360441],43,3,"[0.8068810957052946, 0.5180547120844742]",1,-1
43323,[0.83379614 0.53677441],43,3,"[0.8068810957052946, 0.5180547120844742]",1,-1
43324,[0.74128576 0.43824587],43,32,"[0.7535856051996079, 0.45307884495298306]",1,-1
43325,[0.78703513 0.47483992],43,32,"[0.7535856051996079, 0.45307884495298306]",1,-1
43326,[0.8160026  0.44511531],43,14,"[0.8486155699332081, 0.42850029565542425]",1,-1
43327,[0.88692429 0.51721753],43,-1,-1,1,-1
43328,[0.84066502 0.47455206],43,14,"[0.8486155699332081, 0.42850029565542425]",1,42
43329,[0.85578377 0.44067505],43,14,"[0.8486155699332081, 0.42850029565542425]",1,-1
43330,[0.7553722  0.41823037],43,32,"[0.7535856051996079, 0.45307884495298306]",1,-1
43331,[0.79798096 0.45151708],43,32,"[0.7535856051996079, 0.45307884495298306]",1,-1
43332,[0.82669682 0.48605697],43,3,"[0.8068810957052946, 0.5180547120844742]",1,-1
43333,[0.88113305 0.36238795],43,-1,-1,1,-1
43334,[0.79955979 0.40494877],43,42,"[0.765559566045806, 0.37716611859716387]",1,-1
43335,[0.82100705 0.43339186],43,14,"[0.8486155699332081, 0.42850029565542425]",1,-1
43336,[0.83734583 0.43708105],43,14,"[0.8486155699332081, 0.42850029565542425]",1,-1
43337,[0.81412992 0.4885975 ],43,3,"[0.8068810957052946, 0.5180547120844742]",1,-1
43338,[0.8092235  0.46232071],43,14,"[0.8486155699332081, 0.42850029565542425]",1,42
43339,[0.80083205 0.48774934],43,3,"[0.8068810957052946, 0.5180547120844742]",1,-1
43340,[0.78184119 0.56796568],43,43,"[0.8274941202305067, 0.5998913364221842]",1,-1
43341,[0.88814062 0.46060852],43,14,"[0.8486155699332081, 0.42850029565542425]",1,-1
43342,[0.82025533 0.39852683],43,14,"[0.8486155699332081, 0.42850029565542425]",1,-1
43343,[0.77009406 0.46814494],43,32,"[0.7535856051996079, 0.45307884495298306]",1,-1
43344,[0.78783116 0.52177791],43,3,"[0.8068810957052946, 0.5180547120844742]",1,41
43345,[0.80718462 0.50945519],43,3,"[0.8068810957052946, 0.5180547120844742]",1,44
43346,[0.90189656 0.53439449],43,-1,-1,1,-1
43347,[0.84963568 0.48975476],43,3,"[0.8068810957052946, 0.5180547120844742]",1,-1
43348,[0.76462758 0.4674431 ],43,32,"[0.7535856051996079, 0.45307884495298306]",1,-1
43349,[0.82516254 0.41797203],43,14,"[0.8486155699332081, 0.42850029565542425]",1,-1
43350,[0.79701225 0.47153399],43,32,"[0.7535856051996079, 0.45307884495298306]",1,-1
43351,[0.85541963 0.50004541],43,3,"[0.8068810957052946, 0.5180547120844742]",1,-1
43352,[0.86500997 0.51736621],43,3,"[0.8068810957052946, 0.5180547120844742]",1,-1
43353,[0.8845511  0.52286622],43,-1,-1,1,-1
43354,[0.73558451 0.39926349],43,42,"[0.765559566045806, 0.37716611859716387]",1,-1
43355,[0.81803018 0.47523186],43,3,"[0.8068810957052946, 0.5180547120844742]",1,42
43356,[0.7769034  0.43827291],43,32,"[0.7535856051996079, 0.45307884495298306]",1,-1
43357,[0.77490087 0.3259147 ],43,42,"[0.765559566045806, 0.37716611859716387]",1,-1
43358,[0.82123009 0.52573545],43,3,"[0.8068810957052946, 0.5180547120844742]",1,-1
43359,[0.91918905 0.56311692],43,-1,-1,1,-1
43360,[0.87103421 0.54409785],43,3,"[0.8068810957052946, 0.5180547120844742]",1,-1
43361,[0.82452615 0.47170487],43,14,"[0.8486155699332081, 0.42850029565542425]",1,42
43362,[0.91197666 0.44470725],43,14,"[0.8486155699332081, 0.42850029565542425]",1,-1
43363,[0.84696748 0.4706597 ],43,14,"[0.8486155699332081, 0.42850029565542425]",1,42
43364,[0.84404221 0.52394703],43,3,"[0.8068810957052946, 0.5180547120844742]",1,-1
43365,[0.79900478 0.50416671],43,3,"[0.8068810957052946, 0.5180547120844742]",1,-1
43366,[0.83321801 0.45427834],43,14,"[0.8486155699332081, 0.42850029565542425]",1,42
43367,[0.75120542 0.37109976],43,42,"[0.765559566045806, 0.37716611859716387]",1,-1
43368,[0.82245382 0.43124638],43,14,"[0.8486155699332081, 0.42850029565542425]",1,-1
43369,[0.82303113 0.47015036],43,14,"[0.8486155699332081, 0.42850029565542425]",1,42
43370,[0.8664114  0.44086046],43,14,"[0.8486155699332081, 0.42850029565542425]",1,-1
43371,[0.76504438 0.47792785],43,32,"[0.7535856051996079, 0.45307884495298306]",1,-1
43372,[0.74705456 0.42397217],43,32,"[0.7535856051996079, 0.45307884495298306]",1,-1
43373,[0.83033599 0.50491521],43,3,"[0.8068810957052946, 0.5180547120844742]",1,-1
43374,[0.88794971 0.34398501],43,-1,-1,1,-1
43375,[0.78483374 0.51844406],43,3,"[0.8068810957052946, 0.5180547120844742]",1,41
43376,[0.83031041 0.47974609],43,3,"[0.8068810957052946, 0.5180547120844742]",1,-1
43377,[0.81811049 0.51029758],43,3,"[0.8068810957052946, 0.5180547120844742]",1,-1
43378,[0.8401492  0.43992627],43,14,"[0.8486155699332081, 0.42850029565542425]",1,-1
43379,[0.87051962 0.52460919],43,3,"[0.8068810957052946, 0.5180547120844742]",1,-1
43380,[0.81153123 0.45985461],43,14,"[0.8486155699332081, 0.42850029565542425]",1,-1
43381,[0.70009681 0.45220953],43,26,"[0.6734889003123068, 0.4756404454441684]",1,-1
43382,[0.79012054 0.49792186],43,3,"[0.8068810957052946, 0.5180547120844742]",1,-1
43383,[0.76610783 0.45932286],43,32,"[0.7535856051996079, 0.45307884495298306]",1,-1
43384,[0.81444017 0.47430771],43,3,"[0.8068810957052946, 0.5180547120844742]",1,42
43385,[0.77976062 0.48500035],43,32,"[0.7535856051996079, 0.45307884495298306]",1,45
43386,[0.81132968 0.53310788],43,3,"[0.8068810957052946, 0.5180547120844742]",1,-1
43387,[0.83886955 0.44983011],43,14,"[0.8486155699332081, 0.42850029565542425]",1,-1
43388,[0.81112933 0.57629167],43,43,"[0.8274941202305067, 0.5998913364221842]",1,-1
43389,[0.81637152 0.51451785],43,3,"[0.8068810957052946, 0.5180547120844742]",1,-1
43390,[0.78262572 0.52581142],43,3,"[0.8068810957052946, 0.5180547120844742]",1,41
43391,[0.8868729  0.40414373],43,14,"[0.8486155699332081, 0.42850029565542425]",1,-1
43392,[0.87214214 0.49237776],43,14,"[0.8486155699332081, 0.42850029565542425]",1,-1
43393,[0.74396969 0.51033019],43,32,"[0.7535856051996079, 0.45307884495298306]",1,41
43394,[0.84932276 0.43416569],43,14,"[0.8486155699332081, 0.42850029565542425]",1,-1
43395,[0.97950541 0.49685288],43,-1,-1,-1,-1
43396,[0.85366675 0.46849323],43,14,"[0.8486155699332081, 0.42850029565542425]",1,-1
43397,[0.83757518 0.4824018 ],43,3,"[0.8068810957052946, 0.5180547120844742]",1,-1
43398,[0.86288023 0.46721917],43,14,"[0.8486155699332081, 0.42850029565542425]",1,-1
43399,[0.91526664 0.55267744],43,-1,-1,1,-1
43400,[0.85029633 0.52399849],43,3,"[0.8068810957052946, 0.5180547120844742]",1,-1
43401,[0.7931336 0.4931927],43,3,"[0.8068810957052946, 0.5180547120844742]",1,-1
43402,[0.75959169 0.55598542],43,11,"[0.7051682617613192, 0.574171671796882]",1,-1
43403,[0.79976624 0.45288085],43,32,"[0.7535856051996079, 0.45307884495298306]",1,-1
43404,[0.84665472 0.49952831],43,3,"[0.8068810957052946, 0.5180547120844742]",1,-1
43405,[0.8695382  0.38488234],43,14,"[0.8486155699332081, 0.42850029565542425]",1,-1
43406,[0.84137512 0.47929183],43,14,"[0.8486155699332081, 0.42850029565542425]",1,42
43407,[0.82321579 0.50025768],43,3,"[0.8068810957052946, 0.5180547120844742]",1,-1
43408,[0.85273297 0.44091931],43,14,"[0.8486155699332081, 0.42850029565542425]",1,-1
43409,[0.90454853 0.58319681],43,-1,-1,1,-1
43410,[0.81553609 0.46860717],43,3,"[0.8068810957052946, 0.5180547120844742]",1,42
43411,[0.8067293  0.44825748],43,14,"[0.8486155699332081, 0.42850029565542425]",1,-1
43412,[0.78811191 0.39825428],43,42,"[0.765559566045806, 0.37716611859716387]",1,-1
43413,[0.79575367 0.46566855],43,32,"[0.7535856051996079, 0.45307884495298306]",1,-1
43414,[0.90236937 0.46274249],43,14,"[0.8486155699332081, 0.42850029565542425]",1,-1
43415,[0.74464342 0.35759859],43,42,"[0.765559566045806, 0.37716611859716387]",1,-1
43416,[0.8161774  0.41335043],43,14,"[0.8486155699332081, 0.42850029565542425]",1,-1
43417,[0.90008942 0.46667655],43,14,"[0.8486155699332081, 0.42850029565542425]",1,-1
43418,[0.82884011 0.44575874],43,14,"[0.8486155699332081, 0.42850029565542425]",1,-1
43419,[0.83684576 0.41719335],43,14,"[0.8486155699332081, 0.42850029565542425]",1,-1
43420,[0.86259591 0.41243594],43,14,"[0.8486155699332081, 0.42850029565542425]",1,-1
43421,[0.81638523 0.41838595],43,14,"[0.8486155699332081, 0.42850029565542425]",1,-1
43422,[0.81213854 0.37657402],43,42,"[0.765559566045806, 0.37716611859716387]",1,-1
43423,[0.83773573 0.56618489],43,43,"[0.8274941202305067, 0.5998913364221842]",1,-1
43424,[0.78745298 0.42054872],43,32,"[0.7535856051996079, 0.45307884495298306]",1,-1
43425,[0.85326758 0.40644702],43,14,"[0.8486155699332081, 0.42850029565542425]",1,-1
43426,[0.85653599 0.41155324],43,14,"[0.8486155699332081, 0.42850029565542425]",1,-1
43427,[0.74987026 0.44410721],43,32,"[0.7535856051996079, 0.45307884495298306]",1,-1
43428,[0.81927302 0.47285145],43,3,"[0.8068810957052946, 0.5180547120844742]",1,42
43429,[0.73853213 0.46124592],43,32,"[0.7535856051996079, 0.45307884495298306]",1,-1
43430,[0.81316687 0.5659817 ],43,43,"[0.8274941202305067, 0.5998913364221842]",1,-1
43431,[0.88755432 0.48616237],43,14,"[0.8486155699332081, 0.42850029565542425]",1,-1
43432,[0.86431645 0.55784279],43,43,"[0.8274941202305067, 0.5998913364221842]",1,-1
43433,[0.86962374 0.38006169],43,14,"[0.8486155699332081, 0.42850029565542425]",1,-1
43434,[0.80794785 0.47412651],43,3,"[0.8068810957052946, 0.5180547120844742]",1,-1
43435,[0.84165133 0.45557047],43,14,"[0.8486155699332081, 0.42850029565542425]",1,-1
43436,[0.89605984 0.48868061],43,-1,-1,1,-1
43437,[0.7986565  0.41631184],43,42,"[0.765559566045806, 0.37716611859716387]",1,-1
43438,[0.78586044 0.53117992],43,3,"[0.8068810957052946, 0.5180547120844742]",1,41
43439,[0.88811539 0.51209472],43,-1,-1,1,-1
43440,[0.8084682  0.50738172],43,3,"[0.8068810957052946, 0.5180547120844742]",1,44
43441,[0.77247395 0.42034686],43,32,"[0.7535856051996079, 0.45307884495298306]",1,38
43442,[0.84087044 0.49042496],43,3,"[0.8068810957052946, 0.5180547120844742]",1,-1
43443,[0.84760288 0.42065304],43,14,"[0.8486155699332081, 0.42850029565542425]",1,-1
43444,[0.74516972 0.46553647],43,32,"[0.7535856051996079, 0.45307884495298306]",1,-1
43445,[0.7665562  0.41204587],43,42,"[0.765559566045806, 0.37716611859716387]",1,-1
43446,[0.82857733 0.50587337],43,3,"[0.8068810957052946, 0.5180547120844742]",1,-1
43447,[0.80694406 0.48567104],43,3,"[0.8068810957052946, 0.5180547120844742]",1,-1
43448,[0.87188093 0.48526148],43,14,"[0.8486155699332081, 0.42850029565542425]",1,-1
43449,[0.82555066 0.4374153 ],43,14,"[0.8486155699332081, 0.42850029565542425]",1,-1
43450,[0.86771328 0.44312039],43,14,"[0.8486155699332081, 0.42850029565542425]",1,-1
43451,[0.78570843 0.45620499],43,32,"[0.7535856051996079, 0.45307884495298306]",1,-1
43452,[0.80916042 0.4626236 ],43,14,"[0.8486155699332081, 0.42850029565542425]",1,42
43453,[0.79048831 0.46730676],43,32,"[0.7535856051996079, 0.45307884495298306]",1,-1
43454,[0.78829569 0.47181046],43,32,"[0.7535856051996079, 0.45307884495298306]",1,-1
43455,[0.80618009 0.48723839],43,3,"[0.8068810957052946, 0.5180547120844742]",1,-1
43456,[0.77585704 0.41002748],43,42,"[0.765559566045806, 0.37716611859716387]",1,-1
43457,[0.81706451 0.47090616],43,3,"[0.8068810957052946, 0.5180547120844742]",1,42
43458,[0.86593352 0.48652444],43,14,"[0.8486155699332081, 0.42850029565542425]",1,-1
43459,[0.8327887 0.4606433],43,14,"[0.8486155699332081, 0.42850029565542425]",1,42
43460,[0.81927422 0.43558888],43,14,"[0.8486155699332081, 0.42850029565542425]",1,-1
43461,[0.8028168  0.53311081],43,3,"[0.8068810957052946, 0.5180547120844742]",1,-1
43462,[0.81759832 0.50529768],43,3,"[0.8068810957052946, 0.5180547120844742]",1,-1
43463,[0.8102726  0.47189676],43,3,"[0.8068810957052946, 0.5180547120844742]",1,-1
43464,[0.81244291 0.49868614],43,3,"[0.8068810957052946, 0.5180547120844742]",1,-1
43465,[0.80670593 0.50949288],43,3,"[0.8068810957052946, 0.5180547120844742]",1,-1
43466,[0.89450018 0.36953096],43,-1,-1,1,-1
43467,[0.83031381 0.48026823],43,3,"[0.8068810957052946, 0.5180547120844742]",1,-1
43468,[0.91819276 0.43759011],43,-1,-1,1,-1
43469,[0.81014665 0.49742054],43,3,"[0.8068810957052946, 0.5180547120844742]",1,-1
43470,[0.81215545 0.37715661],43,42,"[0.765559566045806, 0.37716611859716387]",1,-1
43471,[0.85247227 0.50416836],43,3,"[0.8068810957052946, 0.5180547120844742]",1,-1
43472,[0.81936923 0.42019249],43,14,"[0.8486155699332081, 0.42850029565542425]",1,-1
43473,[0.82911356 0.35221203],43,42,"[0.765559566045806, 0.37716611859716387]",1,-1
43474,[0.81515003 0.4685825 ],43,3,"[0.8068810957052946, 0.5180547120844742]",1,42
43475,[0.77846638 0.41056879],43,42,"[0.765559566045806, 0.37716611859716387]",1,-1
43476,[0.85329783 0.37990881],43,14,"[0.8486155699332081, 0.42850029565542425]",1,-1
43477,[0.74182356 0.51037521],43,32,"[0.7535856051996079, 0.45307884495298306]",1,41
43478,[0.8597191 0.4664558],43,14,"[0.8486155699332081, 0.42850029565542425]",1,-1
43479,[0.86035462 0.4711264 ],43,14,"[0.8486155699332081, 0.42850029565542425]",1,-1
43480,[0.806802  0.4177691],43,14,"[0.8486155699332081, 0.42850029565542425]",1,-1
43481,[0.85596323 0.44629781],43,14,"[0.8486155699332081, 0.42850029565542425]",1,-1
43482,[0.82490682 0.38116543],43,14,"[0.8486155699332081, 0.42850029565542425]",1,-1
43483,[0.77650286 0.49067368],43,3,"[0.8068810957052946, 0.5180547120844742]",1,-1
43484,[0.85436629 0.40006235],43,14,"[0.8486155699332081, 0.42850029565542425]",1,-1
43485,[0.79543839 0.52002663],43,3,"[0.8068810957052946, 0.5180547120844742]",1,-1
43486,[0.79135904 0.40190828],43,42,"[0.765559566045806, 0.37716611859716387]",1,-1
43487,[0.86066541 0.40218664],43,14,"[0.8486155699332081, 0.42850029565542425]",1,-1
43488,[0.78789308 0.45673993],43,32,"[0.7535856051996079, 0.45307884495298306]",1,-1
43489,[0.8203101  0.36080934],43,42,"[0.765559566045806, 0.37716611859716387]",1,-1
43490,[0.81380852 0.47133547],43,3,"[0.8068810957052946, 0.5180547120844742]",1,42
43491,[0.93362895 0.52626816],43,-1,-1,1,-1
43492,[0.77320314 0.41382649],43,42,"[0.765559566045806, 0.37716611859716387]",1,-1
43493,[0.83748833 0.48317916],43,3,"[0.8068810957052946, 0.5180547120844742]",1,-1
43494,[0.83083925 0.41975779],43,14,"[0.8486155699332081, 0.42850029565542425]",1,-1
43495,[0.79427659 0.46143674],43,32,"[0.7535856051996079, 0.45307884495298306]",1,-1
43496,[0.81916922 0.52416095],43,3,"[0.8068810957052946, 0.5180547120844742]",1,-1
43497,[0.81583508 0.40396254],43,14,"[0.8486155699332081, 0.42850029565542425]",1,-1
43498,[0.88126369 0.41048299],43,14,"[0.8486155699332081, 0.42850029565542425]",1,-1
43499,[0.83502982 0.4733501 ],43,14,"[0.8486155699332081, 0.42850029565542425]",1,-1
43500,[0.8261475  0.50577582],43,3,"[0.8068810957052946, 0.5180547120844742]",1,-1
43501,[0.84223103 0.49802771],43,3,"[0.8068810957052946, 0.5180547120844742]",1,-1
43502,[0.87291741 0.49412797],43,14,"[0.8486155699332081, 0.42850029565542425]",1,-1
43503,[0.77977127 0.45882612],43,32,"[0.7535856051996079, 0.45307884495298306]",1,45
43504,[0.83064054 0.47325583],43,14,"[0.8486155699332081, 0.42850029565542425]",1,-1
43505,[0.81660216 0.54525679],43,3,"[0.8068810957052946, 0.5180547120844742]",1,-1
43506,[0.79219115 0.53887354],43,3,"[0.8068810957052946, 0.5180547120844742]",1,-1
43507,[0.82535503 0.47267423],43,3,"[0.8068810957052946, 0.5180547120844742]",1,42
43508,[0.85872611 0.49018949],43,3,"[0.8068810957052946, 0.5180547120844742]",1,-1
43509,[0.82143139 0.45088575],43,14,"[0.8486155699332081, 0.42850029565542425]",1,-1
43510,[0.84364162 0.45772489],43,14,"[0.8486155699332081, 0.42850029565542425]",1,-1
43511,[0.76859045 0.50641331],43,3,"[0.8068810957052946, 0.5180547120844742]",1,-1
43512,[0.89153639 0.44345746],43,14,"[0.8486155699332081, 0.42850029565542425]",1,-1
43513,[0.80628977 0.50840935],43,3,"[0.8068810957052946, 0.5180547120844742]",1,44
43514,[0.79936198 0.44105168],43,32,"[0.7535856051996079, 0.45307884495298306]",1,-1
43515,[0.86187021 0.52949003],43,3,"[0.8068810957052946, 0.5180547120844742]",1,-1
43516,[0.8243781  0.38684719],43,14,"[0.8486155699332081, 0.42850029565542425]",1,-1
43517,[0.88253721 0.47526674],43,14,"[0.8486155699332081, 0.42850029565542425]",1,-1
43518,[0.84263912 0.50754394],43,3,"[0.8068810957052946, 0.5180547120844742]",1,-1
43519,[0.85054805 0.45626168],43,14,"[0.8486155699332081, 0.42850029565542425]",1,-1
43520,[0.83529142 0.45832444],43,14,"[0.8486155699332081, 0.42850029565542425]",1,-1
43521,[0.80257253 0.41974144],43,14,"[0.8486155699332081, 0.42850029565542425]",1,-1
43522,[0.84946898 0.47090849],43,14,"[0.8486155699332081, 0.42850029565542425]",1,-1
43523,[0.87781106 0.46374172],43,14,"[0.8486155699332081, 0.42850029565542425]",1,-1
43524,[0.83909397 0.4827795 ],43,3,"[0.8068810957052946, 0.5180547120844742]",1,-1
43525,[0.80410218 0.49204552],43,3,"[0.8068810957052946, 0.5180547120844742]",1,-1
43526,[0.87366929 0.50226563],43,3,"[0.8068810957052946, 0.5180547120844742]",1,-1
43527,[0.8173853  0.50729218],43,3,"[0.8068810957052946, 0.5180547120844742]",1,-1
43528,[0.86800831 0.54174598],43,3,"[0.8068810957052946, 0.5180547120844742]",1,-1
43529,[0.764085   0.47283059],43,32,"[0.7535856051996079, 0.45307884495298306]",1,-1
43530,[0.88980783 0.48538055],43,-1,-1,1,-1
43531,[0.81736127 0.48429736],43,3,"[0.8068810957052946, 0.5180547120844742]",1,-1
43532,[0.80331373 0.49888741],43,3,"[0.8068810957052946, 0.5180547120844742]",1,44
43533,[0.77336548 0.38466097],43,42,"[0.765559566045806, 0.37716611859716387]",1,-1
43534,[0.75365147 0.50072304],43,32,"[0.7535856051996079, 0.45307884495298306]",1,-1
43535,[0.79257465 0.56959114],43,43,"[0.8274941202305067, 0.5998913364221842]",1,-1
43536,[0.79660648 0.47945736],43,3,"[0.8068810957052946, 0.5180547120844742]",1,-1
43537,[0.76727361 0.42051436],43,32,"[0.7535856051996079, 0.45307884495298306]",1,-1
43538,[0.8474892  0.48794851],43,3,"[0.8068810957052946, 0.5180547120844742]",1,-1
43539,[0.86681352 0.44624462],43,14,"[0.8486155699332081, 0.42850029565542425]",1,-1
43540,[0.9115306  0.47813977],43,-1,-1,1,-1
43541,[0.82319781 0.44838831],43,14,"[0.8486155699332081, 0.42850029565542425]",1,-1
43542,[0.87262961 0.41979445],43,14,"[0.8486155699332081, 0.42850029565542425]",1,-1
43543,[0.74613649 0.47042208],43,32,"[0.7535856051996079, 0.45307884495298306]",1,-1
43544,[0.81713713 0.42694593],43,14,"[0.8486155699332081, 0.42850029565542425]",1,-1
43545,[0.8574848  0.35252944],43,-1,-1,1,-1
43546,[0.79519354 0.40903472],43,42,"[0.765559566045806, 0.37716611859716387]",1,-1
43547,[0.78859159 0.41041167],43,42,"[0.765559566045806, 0.37716611859716387]",1,-1
43548,[0.89249736 0.54965882],43,-1,-1,1,-1
43549,[0.88944095 0.3589245 ],43,-1,-1,1,-1
43550,[0.85095947 0.54042038],43,3,"[0.8068810957052946, 0.5180547120844742]",1,-1
43551,[0.90820624 0.46830967],43,-1,-1,1,-1
43552,[0.7599336  0.39418131],43,42,"[0.765559566045806, 0.37716611859716387]",1,23
43553,[0.83314817 0.48294431],43,3,"[0.8068810957052946, 0.5180547120844742]",1,-1
43554,[0.72304101 0.4415782 ],43,32,"[0.7535856051996079, 0.45307884495298306]",1,-1
43555,[0.77505977 0.42423265],43,32,"[0.7535856051996079, 0.45307884495298306]",1,38
43556,[0.90975376 0.52936266],43,-1,-1,1,-1
43557,[0.87037961 0.39257534],43,14,"[0.8486155699332081, 0.42850029565542425]",1,-1
43558,[0.79886996 0.44384385],43,32,"[0.7535856051996079, 0.45307884495298306]",1,-1
43559,[0.82215447 0.38729392],43,14,"[0.8486155699332081, 0.42850029565542425]",1,-1
43560,[0.90590429 0.46472959],43,14,"[0.8486155699332081, 0.42850029565542425]",1,-1
43561,[0.8764366  0.53355696],43,-1,-1,1,-1
43562,[0.81485285 0.39302   ],43,14,"[0.8486155699332081, 0.42850029565542425]",1,-1
43563,[0.76535789 0.53934217],43,3,"[0.8068810957052946, 0.5180547120844742]",1,41
43564,[0.82381275 0.4207342 ],43,14,"[0.8486155699332081, 0.42850029565542425]",1,-1
43565,[0.8716136  0.45446481],43,14,"[0.8486155699332081, 0.42850029565542425]",1,-1
43566,[0.80615761 0.49395788],43,3,"[0.8068810957052946, 0.5180547120844742]",1,-1
43567,[0.91979274 0.47335251],43,-1,-1,1,-1
43568,[0.84361058 0.4593379 ],43,14,"[0.8486155699332081, 0.42850029565542425]",1,-1
43569,[0.88455697 0.40838054],43,14,"[0.8486155699332081, 0.42850029565542425]",1,-1
43570,[0.93568701 0.55302627],43,-1,-1,1,-1
43571,[0.83970844 0.38289702],43,14,"[0.8486155699332081, 0.42850029565542425]",1,-1
43572,[0.85221964 0.45526547],43,14,"[0.8486155699332081, 0.42850029565542425]",1,-1
43573,[0.79134284 0.44172426],43,32,"[0.7535856051996079, 0.45307884495298306]",1,-1
43574,[0.78714027 0.52807078],43,3,"[0.8068810957052946, 0.5180547120844742]",1,41
43575,[0.88352206 0.41454268],43,14,"[0.8486155699332081, 0.42850029565542425]",1,-1
43576,[0.69130105 0.39467412],43,30,"[0.6934973256581222, 0.4131681772802667]",1,-1
43577,[0.87370696 0.60381737],43,43,"[0.8274941202305067, 0.5998913364221842]",1,-1
43578,[0.74839596 0.48073751],43,32,"[0.7535856051996079, 0.45307884495298306]",1,-1
43579,[0.82442489 0.45455571],43,14,"[0.8486155699332081, 0.42850029565542425]",1,-1
43580,[0.82567699 0.48764127],43,3,"[0.8068810957052946, 0.5180547120844742]",1,-1
43581,[0.88868561 0.56416337],43,-1,-1,1,-1
43582,[0.80019849 0.40523864],43,42,"[0.765559566045806, 0.37716611859716387]",1,-1
43583,[0.81538412 0.48871402],43,3,"[0.8068810957052946, 0.5180547120844742]",1,-1
43584,[0.89422641 0.52166292],43,-1,-1,1,-1
43585,[0.85915324 0.44379088],43,14,"[0.8486155699332081, 0.42850029565542425]",1,-1
43586,[0.86353038 0.48693031],43,14,"[0.8486155699332081, 0.42850029565542425]",1,-1
43587,[0.85968368 0.50615009],43,3,"[0.8068810957052946, 0.5180547120844742]",1,-1
43588,[0.78461609 0.44827417],43,32,"[0.7535856051996079, 0.45307884495298306]",1,-1
43589,[0.89818187 0.51473593],43,-1,-1,1,-1
43590,[0.805256   0.51417158],43,3,"[0.8068810957052946, 0.5180547120844742]",1,-1
43591,[0.92283245 0.53421755],43,-1,-1,1,-1
43592,[0.84710061 0.44688257],43,14,"[0.8486155699332081, 0.42850029565542425]",1,-1
43593,[0.81063569 0.39727188],43,14,"[0.8486155699332081, 0.42850029565542425]",1,-1
43594,[0.90317255 0.51875021],43,-1,-1,1,-1
43595,[0.89013205 0.4395725 ],43,14,"[0.8486155699332081, 0.42850029565542425]",1,-1
43596,[0.8044803 0.4081063],43,14,"[0.8486155699332081, 0.42850029565542425]",1,-1
43597,[0.81969381 0.49100064],43,3,"[0.8068810957052946, 0.5180547120844742]",1,-1
43598,[0.90562121 0.54571538],43,-1,-1,1,-1
43599,[0.82503986 0.5059834 ],43,3,"[0.8068810957052946, 0.5180547120844742]",1,-1
43600,[0.82199963 0.47416135],43,3,"[0.8068810957052946, 0.5180547120844742]",1,42
43601,[0.83000109 0.45859079],43,14,"[0.8486155699332081, 0.42850029565542425]",1,42
43602,[0.88353669 0.40360167],43,14,"[0.8486155699332081, 0.42850029565542425]",1,-1
43603,[0.95340044 0.4404263 ],43,-1,-1,1,-1
43604,[0.84285817 0.47657099],43,14,"[0.8486155699332081, 0.42850029565542425]",1,42
43605,[0.82454083 0.50506337],43,3,"[0.8068810957052946, 0.5180547120844742]",1,-1
43606,[0.90074696 0.40276346],43,14,"[0.8486155699332081, 0.42850029565542425]",1,-1
43607,[0.89307948 0.42376385],43,14,"[0.8486155699332081, 0.42850029565542425]",1,-1
43608,[0.79565847 0.50206604],43,3,"[0.8068810957052946, 0.5180547120844742]",1,44
43609,[0.84448001 0.47466801],43,14,"[0.8486155699332081, 0.42850029565542425]",1,42
43610,[0.81558637 0.47781232],43,3,"[0.8068810957052946, 0.5180547120844742]",1,42
43611,[0.91510813 0.57712848],43,-1,-1,1,-1
43612,[0.84797688 0.47549032],43,14,"[0.8486155699332081, 0.42850029565542425]",1,-1
43613,[0.81816199 0.46505165],43,14,"[0.8486155699332081, 0.42850029565542425]",1,-1
43614,[0.84651037 0.47572536],43,14,"[0.8486155699332081, 0.42850029565542425]",1,42
43615,[0.77909767 0.44268525],43,32,"[0.7535856051996079, 0.45307884495298306]",1,-1
43616,[0.76205824 0.48625687],43,32,"[0.7535856051996079, 0.45307884495298306]",1,-1
43617,[0.82578154 0.48734439],43,3,"[0.8068810957052946, 0.5180547120844742]",1,-1
43618,[0.78120661 0.46455021],43,32,"[0.7535856051996079, 0.45307884495298306]",1,-1
43619,[0.78766543 0.4993053 ],43,3,"[0.8068810957052946, 0.5180547120844742]",1,-1
43620,[0.83662799 0.48964308],43,3,"[0.8068810957052946, 0.5180547120844742]",1,-1
43621,[0.80393563 0.46653131],43,3,"[0.8068810957052946, 0.5180547120844742]",1,-1
43622,[0.80508019 0.47306413],43,3,"[0.8068810957052946, 0.5180547120844742]",1,-1
43623,[0.86678404 0.38419957],43,14,"[0.8486155699332081, 0.42850029565542425]",1,-1
43624,[0.84513055 0.39683528],43,14,"[0.8486155699332081, 0.42850029565542425]",1,-1
43625,[0.91912514 0.44332816],43,-1,-1,1,-1
43626,[0.81413994 0.51063105],43,3,"[0.8068810957052946, 0.5180547120844742]",1,-1
43627,[0.79767689 0.39503729],43,42,"[0.765559566045806, 0.37716611859716387]",1,-1
43628,[0.8648666  0.47321621],43,14,"[0.8486155699332081, 0.42850029565542425]",1,-1
43629,[0.7574439  0.40897734],43,42,"[0.765559566045806, 0.37716611859716387]",1,-1
43630,[0.86109962 0.46961465],43,14,"[0.8486155699332081, 0.42850029565542425]",1,-1
43631,[0.82361305 0.48216649],43,3,"[0.8068810957052946, 0.5180547120844742]",1,-1
43632,[0.8032484  0.37782677],43,42,"[0.765559566045806, 0.37716611859716387]",1,-1
43633,[0.80972586 0.56747769],43,43,"[0.8274941202305067, 0.5998913364221842]",1,-1
43634,[0.86746603 0.42234478],43,14,"[0.8486155699332081, 0.42850029565542425]",1,-1
43635,[0.92947866 0.46894924],43,-1,-1,1,-1
43636,[0.90554117 0.56375778],43,-1,-1,1,-1
43637,[0.86231498 0.40218321],43,14,"[0.8486155699332081, 0.42850029565542425]",1,-1
43638,[0.80514777 0.42158446],43,14,"[0.8486155699332081, 0.42850029565542425]",1,-1
43639,[0.85546241 0.47217495],43,14,"[0.8486155699332081, 0.42850029565542425]",1,-1
43640,[0.885185  0.4494276],43,14,"[0.8486155699332081, 0.42850029565542425]",1,-1
43641,[0.76992908 0.51076063],43,3,"[0.8068810957052946, 0.5180547120844742]",1,41
43642,[0.74935116 0.45928749],43,32,"[0.7535856051996079, 0.45307884495298306]",1,-1
43643,[0.79105058 0.44426812],43,32,"[0.7535856051996079, 0.45307884495298306]",1,-1
43644,[0.88583522 0.43255369],43,14,"[0.8486155699332081, 0.42850029565542425]",1,-1
43645,[0.84414659 0.32118762],43,-1,-1,1,-1
43646,[0.8027239  0.52050377],43,3,"[0.8068810957052946, 0.5180547120844742]",1,-1
43647,[0.84677886 0.56031689],43,43,"[0.8274941202305067, 0.5998913364221842]",1,-1
43648,[0.84231332 0.5078114 ],43,3,"[0.8068810957052946, 0.5180547120844742]",1,-1
43649,[0.78432715 0.48831452],43,3,"[0.8068810957052946, 0.5180547120844742]",1,-1
43650,[0.90098039 0.54056763],43,-1,-1,1,-1
43651,[0.81895716 0.48456412],43,3,"[0.8068810957052946, 0.5180547120844742]",1,-1
43652,[0.80958086 0.47687488],43,3,"[0.8068810957052946, 0.5180547120844742]",1,-1
43653,[0.74929245 0.42592454],43,32,"[0.7535856051996079, 0.45307884495298306]",1,-1
43654,[0.84634798 0.51295983],43,3,"[0.8068810957052946, 0.5180547120844742]",1,-1
43655,[0.86603232 0.39196178],43,14,"[0.8486155699332081, 0.42850029565542425]",1,-1
43656,[0.83984448 0.4340558 ],43,14,"[0.8486155699332081, 0.42850029565542425]",1,-1
43657,[0.77702351 0.51012814],43,3,"[0.8068810957052946, 0.5180547120844742]",1,41
43658,[0.76525252 0.40648911],43,42,"[0.765559566045806, 0.37716611859716387]",1,-1
43659,[0.78773399 0.47214474],43,32,"[0.7535856051996079, 0.45307884495298306]",1,-1
43660,[0.83606138 0.50850745],43,3,"[0.8068810957052946, 0.5180547120844742]",1,-1
43661,[0.82939504 0.55367186],43,3,"[0.8068810957052946, 0.5180547120844742]",1,-1
43662,[0.79260106 0.44032937],43,32,"[0.7535856051996079, 0.45307884495298306]",1,38
43663,[0.85650475 0.5344258 ],43,3,"[0.8068810957052946, 0.5180547120844742]",1,-1
43664,[0.78503707 0.5439352 ],43,3,"[0.8068810957052946, 0.5180547120844742]",1,41
43665,[0.85566293 0.42811739],43,14,"[0.8486155699332081, 0.42850029565542425]",1,-1
43666,[0.79176023 0.5758927 ],43,43,"[0.8274941202305067, 0.5998913364221842]",1,-1
43667,[0.84947578 0.45147694],43,14,"[0.8486155699332081, 0.42850029565542425]",1,-1
43668,[0.78969429 0.43545638],43,32,"[0.7535856051996079, 0.45307884495298306]",1,-1
43669,[0.85494941 0.50996503],43,3,"[0.8068810957052946, 0.5180547120844742]",1,-1
43670,[0.85606222 0.36753113],43,14,"[0.8486155699332081, 0.42850029565542425]",1,-1
43671,[0.85124707 0.41136412],43,14,"[0.8486155699332081, 0.42850029565542425]",1,-1
43672,[0.91413329 0.36410534],43,-1,-1,1,-1
43673,[0.7855539  0.53152532],43,3,"[0.8068810957052946, 0.5180547120844742]",1,41
43674,[0.85174213 0.45738152],43,14,"[0.8486155699332081, 0.42850029565542425]",1,-1
43675,[0.82849578 0.45434642],43,14,"[0.8486155699332081, 0.42850029565542425]",1,42
43676,[0.78698039 0.45118328],43,32,"[0.7535856051996079, 0.45307884495298306]",1,-1
43677,[0.81808562 0.41255014],43,14,"[0.8486155699332081, 0.42850029565542425]",1,-1
43678,[0.91712943 0.38934428],43,-1,-1,1,-1
43679,[0.80956317 0.51176329],43,3,"[0.8068810957052946, 0.5180547120844742]",1,-1
43680,[0.79511116 0.48398836],43,3,"[0.8068810957052946, 0.5180547120844742]",1,45
43681,[0.88161601 0.40779894],43,14,"[0.8486155699332081, 0.42850029565542425]",1,-1
43682,[0.83125113 0.49634846],43,3,"[0.8068810957052946, 0.5180547120844742]",1,-1
43683,[0.89269587 0.50049724],43,-1,-1,1,-1
43684,[0.86190536 0.50511807],43,3,"[0.8068810957052946, 0.5180547120844742]",1,-1
43685,[0.84996002 0.48328817],43,14,"[0.8486155699332081, 0.42850029565542425]",1,-1
43686,[0.79217361 0.5046083 ],43,3,"[0.8068810957052946, 0.5180547120844742]",1,44
43687,[0.86826205 0.44350093],43,14,"[0.8486155699332081, 0.42850029565542425]",1,-1
43688,[0.74765721 0.44970934],43,32,"[0.7535856051996079, 0.45307884495298306]",1,-1
43689,[0.80548962 0.50072053],43,3,"[0.8068810957052946, 0.5180547120844742]",1,-1
43690,[0.77896734 0.42503378],43,32,"[0.7535856051996079, 0.45307884495298306]",1,-1
43691,[0.8464429  0.54302328],43,3,"[0.8068810957052946, 0.5180547120844742]",1,-1
43692,[0.8472558  0.39436397],43,14,"[0.8486155699332081, 0.42850029565542425]",1,-1
43693,[0.8821332  0.44255698],43,14,"[0.8486155699332081, 0.42850029565542425]",1,-1
43694,[0.82762866 0.31981887],43,-1,-1,1,-1
43695,[0.84851669 0.49739886],43,3,"[0.8068810957052946, 0.5180547120844742]",1,-1
43696,[0.89641403 0.48054173],43,-1,-1,1,-1
43697,[0.78294593 0.53343584],43,3,"[0.8068810957052946, 0.5180547120844742]",1,41
43698,[0.82671493 0.34878428],43,42,"[0.765559566045806, 0.37716611859716387]",1,-1
43699,[0.8770491  0.41162055],43,14,"[0.8486155699332081, 0.42850029565542425]",1,-1
43700,[0.89172507 0.36468443],43,-1,-1,1,-1
43701,[0.79315596 0.54960985],43,3,"[0.8068810957052946, 0.5180547120844742]",1,-1
43702,[0.81996314 0.47255676],43,3,"[0.8068810957052946, 0.5180547120844742]",1,42
43703,[0.76768715 0.40577269],43,42,"[0.765559566045806, 0.37716611859716387]",1,-1
43704,[0.86545843 0.47327512],43,14,"[0.8486155699332081, 0.42850029565542425]",1,-1
43705,[0.89966125 0.45669057],43,14,"[0.8486155699332081, 0.42850029565542425]",1,-1
43706,[0.93078179 0.43966424],43,-1,-1,1,-1
43707,[0.85510034 0.52427875],43,3,"[0.8068810957052946, 0.5180547120844742]",1,-1
43708,[0.93860582 0.44614877],43,-1,-1,1,-1
43709,[0.86735158 0.4354404 ],43,14,"[0.8486155699332081, 0.42850029565542425]",1,-1
43710,[0.85884222 0.47378652],43,14,"[0.8486155699332081, 0.42850029565542425]",1,-1
43711,[0.76328983 0.43569577],43,32,"[0.7535856051996079, 0.45307884495298306]",1,-1
43712,[0.87449596 0.49821754],43,-1,-1,1,-1
43713,[0.79551129 0.47580303],43,3,"[0.8068810957052946, 0.5180547120844742]",1,-1
43714,[0.82266416 0.47738104],43,3,"[0.8068810957052946, 0.5180547120844742]",1,42
43715,[0.88847932 0.50105299],43,-1,-1,1,-1
43716,[0.75487428 0.5215581 ],43,3,"[0.8068810957052946, 0.5180547120844742]",1,-1
43717,[0.80037132 0.48814756],43,3,"[0.8068810957052946, 0.5180547120844742]",1,45
43718,[0.79214634 0.43305181],43,32,"[0.7535856051996079, 0.45307884495298306]",1,38
43719,[0.82796975 0.41768172],43,14,"[0.8486155699332081, 0.42850029565542425]",1,-1
43720,[0.90143578 0.42913295],43,14,"[0.8486155699332081, 0.42850029565542425]",1,-1
43721,[0.73837485 0.49648915],43,32,"[0.7535856051996079, 0.45307884495298306]",1,-1
43722,[0.81519929 0.52954331],43,3,"[0.8068810957052946, 0.5180547120844742]",1,-1
43723,[0.87386953 0.48700855],43,14,"[0.8486155699332081, 0.42850029565542425]",1,-1
43724,[0.80860146 0.46166317],43,14,"[0.8486155699332081, 0.42850029565542425]",1,-1
43725,[0.81475508 0.38531473],43,42,"[0.765559566045806, 0.37716611859716387]",1,-1
43726,[0.86489341 0.4913888 ],43,3,"[0.8068810957052946, 0.5180547120844742]",1,-1
43727,[0.80983356 0.39612079],43,42,"[0.765559566045806, 0.37716611859716387]",1,-1
43728,[0.90118716 0.43722967],43,14,"[0.8486155699332081, 0.42850029565542425]",1,-1
43729,[0.83654908 0.47912395],43,3,"[0.8068810957052946, 0.5180547120844742]",1,42
43730,[0.78677718 0.46252422],43,32,"[0.7535856051996079, 0.45307884495298306]",1,-1
43731,[0.85382566 0.51869363],43,3,"[0.8068810957052946, 0.5180547120844742]",1,-1
43732,[0.84172774 0.51877791],43,3,"[0.8068810957052946, 0.5180547120844742]",1,-1
43733,[0.82569732 0.34612925],43,42,"[0.765559566045806, 0.37716611859716387]",1,-1
43734,[0.81954695 0.51493268],43,3,"[0.8068810957052946, 0.5180547120844742]",1,-1
43735,[0.88001176 0.45844808],43,14,"[0.8486155699332081, 0.42850029565542425]",1,-1
43736,[0.84718671 0.5177109 ],43,3,"[0.8068810957052946, 0.5180547120844742]",1,-1
43737,[0.83993555 0.45140027],43,14,"[0.8486155699332081, 0.42850029565542425]",1,-1
43738,[0.78239158 0.4708314 ],43,32,"[0.7535856051996079, 0.45307884495298306]",1,45
43739,[0.91120634 0.52169187],43,-1,-1,1,-1
43740,[0.81516518 0.4295469 ],43,14,"[0.8486155699332081, 0.42850029565542425]",1,38
43741,[0.7352658  0.39221841],43,42,"[0.765559566045806, 0.37716611859716387]",1,-1
43742,[0.83801858 0.46714048],43,14,"[0.8486155699332081, 0.42850029565542425]",1,-1
43743,[0.83620016 0.49804414],43,3,"[0.8068810957052946, 0.5180547120844742]",1,-1
43744,[0.80005892 0.50961677],43,3,"[0.8068810957052946, 0.5180547120844742]",1,44
43745,[0.9015829  0.42728414],43,14,"[0.8486155699332081, 0.42850029565542425]",1,-1
43746,[0.77151178 0.4673182 ],43,32,"[0.7535856051996079, 0.45307884495298306]",1,-1
43747,[0.83011737 0.50929547],43,3,"[0.8068810957052946, 0.5180547120844742]",1,-1
43748,[0.81881401 0.46528596],43,14,"[0.8486155699332081, 0.42850029565542425]",1,-1
43749,[0.8384553  0.47469304],43,14,"[0.8486155699332081, 0.42850029565542425]",1,42
43750,[0.71828706 0.41211434],43,30,"[0.6934973256581222, 0.4131681772802667]",1,-1
43751,[0.82668729 0.4398918 ],43,14,"[0.8486155699332081, 0.42850029565542425]",1,-1
43752,[0.82998332 0.45194706],43,14,"[0.8486155699332081, 0.42850029565542425]",1,42
43753,[0.81571385 0.43656967],43,14,"[0.8486155699332081, 0.42850029565542425]",1,-1
43754,[0.88060519 0.41314777],43,14,"[0.8486155699332081, 0.42850029565542425]",1,-1
43755,[0.70864365 0.46679945],43,26,"[0.6734889003123068, 0.4756404454441684]",1,-1
43756,[0.89980719 0.45543269],43,14,"[0.8486155699332081, 0.42850029565542425]",1,-1
43757,[0.90615809 0.47917536],43,-1,-1,1,-1
43758,[0.82021305 0.57402244],43,43,"[0.8274941202305067, 0.5998913364221842]",1,-1
43759,[0.86541612 0.49490461],43,3,"[0.8068810957052946, 0.5180547120844742]",1,-1
43760,[0.82941366 0.45906586],43,14,"[0.8486155699332081, 0.42850029565542425]",1,42
43761,[0.83152411 0.4292941 ],43,14,"[0.8486155699332081, 0.42850029565542425]",1,-1
43762,[0.77798416 0.47322448],43,32,"[0.7535856051996079, 0.45307884495298306]",1,-1
43763,[0.74352608 0.49638437],43,32,"[0.7535856051996079, 0.45307884495298306]",1,-1
43764,[0.85597977 0.50485705],43,3,"[0.8068810957052946, 0.5180547120844742]",1,-1
43765,[0.80331247 0.34412832],43,42,"[0.765559566045806, 0.37716611859716387]",1,-1
43766,[0.81346415 0.44156905],43,14,"[0.8486155699332081, 0.42850029565542425]",1,38
43767,[0.92144944 0.39976793],43,-1,-1,1,-1
43768,[0.79028201 0.42794873],43,32,"[0.7535856051996079, 0.45307884495298306]",1,-1
43769,[0.84863343 0.34804207],43,-1,-1,1,-1
43770,[0.87176324 0.48655265],43,14,"[0.8486155699332081, 0.42850029565542425]",1,-1
43771,[0.80604115 0.51095652],43,3,"[0.8068810957052946, 0.5180547120844742]",1,-1
43772,[0.77807865 0.42585021],43,32,"[0.7535856051996079, 0.45307884495298306]",1,38
43773,[0.87010654 0.49610469],43,3,"[0.8068810957052946, 0.5180547120844742]",1,-1
43774,[0.82003775 0.47760451],43,3,"[0.8068810957052946, 0.5180547120844742]",1,42
43775,[0.84964408 0.46055438],43,14,"[0.8486155699332081, 0.42850029565542425]",1,-1
43776,[0.79812158 0.43283031],43,32,"[0.7535856051996079, 0.45307884495298306]",1,38
43777,[0.81588941 0.51239742],43,3,"[0.8068810957052946, 0.5180547120844742]",1,-1
43778,[0.78742548 0.52423873],43,3,"[0.8068810957052946, 0.5180547120844742]",1,41
43779,[0.87522642 0.50418343],43,3,"[0.8068810957052946, 0.5180547120844742]",1,-1
43780,[0.88238884 0.46765588],43,14,"[0.8486155699332081, 0.42850029565542425]",1,-1
43781,[0.77598068 0.52580805],43,3,"[0.8068810957052946, 0.5180547120844742]",1,41
43782,[0.79743151 0.39214967],43,42,"[0.765559566045806, 0.37716611859716387]",1,-1
43783,[0.83385865 0.43594876],43,14,"[0.8486155699332081, 0.42850029565542425]",1,-1
43784,[0.83090539 0.44906988],43,14,"[0.8486155699332081, 0.42850029565542425]",1,-1
43785,[0.80685515 0.520308  ],43,3,"[0.8068810957052946, 0.5180547120844742]",1,-1
43786,[0.85137486 0.52923601],43,3,"[0.8068810957052946, 0.5180547120844742]",1,-1
43787,[0.8567008  0.51258888],43,3,"[0.8068810957052946, 0.5180547120844742]",1,-1
43788,[0.89611854 0.42822105],43,14,"[0.8486155699332081, 0.42850029565542425]",1,-1
43789,[0.89033036 0.39015702],43,14,"[0.8486155699332081, 0.42850029565542425]",1,-1
43790,[0.79912899 0.48058436],43,3,"[0.8068810957052946, 0.5180547120844742]",1,-1
43791,[0.8316624  0.54141985],43,3,"[0.8068810957052946, 0.5180547120844742]",1,-1
43792,[0.80377038 0.47575117],43,3,"[0.8068810957052946, 0.5180547120844742]",1,-1
43793,[0.81762155 0.47670884],43,3,"[0.8068810957052946, 0.5180547120844742]",1,-1
43794,[0.82638979 0.47598071],43,3,"[0.8068810957052946, 0.5180547120844742]",1,42
43795,[0.85163144 0.48645588],43,3,"[0.8068810957052946, 0.5180547120844742]",1,-1
43796,[0.77310044 0.41357323],43,42,"[0.765559566045806, 0.37716611859716387]",1,-1
43797,[0.86831677 0.42483061],43,14,"[0.8486155699332081, 0.42850029565542425]",1,-1
43798,[0.87425406 0.46715011],43,14,"[0.8486155699332081, 0.42850029565542425]",1,-1
43799,[0.83104043 0.47694975],43,3,"[0.8068810957052946, 0.5180547120844742]",1,-1
43800,[0.81038954 0.43582856],43,14,"[0.8486155699332081, 0.42850029565542425]",1,38
43801,[0.74935849 0.4311159 ],43,32,"[0.7535856051996079, 0.45307884495298306]",1,-1
43802,[0.88049181 0.49412885],43,-1,-1,1,-1
43803,[0.89253216 0.47399813],43,14,"[0.8486155699332081, 0.42850029565542425]",1,-1
43804,[0.84566465 0.51166535],43,3,"[0.8068810957052946, 0.5180547120844742]",1,-1
43805,[0.77792865 0.47129164],43,32,"[0.7535856051996079, 0.45307884495298306]",1,-1
43806,[0.81274123 0.47243972],43,3,"[0.8068810957052946, 0.5180547120844742]",1,42
43807,[0.85965128 0.44724941],43,14,"[0.8486155699332081, 0.42850029565542425]",1,-1
43808,[0.97579441 0.56703815],43,-1,-1,-1,-1
43809,[0.86093609 0.43614104],43,14,"[0.8486155699332081, 0.42850029565542425]",1,-1
43810,[0.78511951 0.41094172],43,42,"[0.765559566045806, 0.37716611859716387]",1,-1
43811,[0.75407786 0.44837239],43,32,"[0.7535856051996079, 0.45307884495298306]",1,-1
43812,[0.8199794  0.47360067],43,3,"[0.8068810957052946, 0.5180547120844742]",1,42
43813,[0.79673278 0.48206235],43,3,"[0.8068810957052946, 0.5180547120844742]",1,45
43814,[0.76928189 0.52576682],43,3,"[0.8068810957052946, 0.5180547120844742]",1,-1
43815,[0.85872446 0.44638526],43,14,"[0.8486155699332081, 0.42850029565542425]",1,-1
43816,[0.90339934 0.37027712],43,-1,-1,1,-1
43817,[0.85731105 0.43716577],43,14,"[0.8486155699332081, 0.42850029565542425]",1,-1
43818,[0.71341071 0.46904396],43,26,"[0.6734889003123068, 0.4756404454441684]",1,52
43819,[0.77001229 0.43131576],43,32,"[0.7535856051996079, 0.45307884495298306]",1,-1
43820,[0.80502965 0.4486085 ],43,14,"[0.8486155699332081, 0.42850029565542425]",1,-1
43821,[0.86633037 0.45327085],43,14,"[0.8486155699332081, 0.42850029565542425]",1,-1
43822,[0.85084247 0.4350568 ],43,14,"[0.8486155699332081, 0.42850029565542425]",1,-1
43823,[0.87885424 0.48550564],43,14,"[0.8486155699332081, 0.42850029565542425]",1,-1
43824,[0.83230478 0.46275077],43,14,"[0.8486155699332081, 0.42850029565542425]",1,-1
43825,[0.83645028 0.50871407],43,3,"[0.8068810957052946, 0.5180547120844742]",1,-1
43826,[0.78925269 0.41919359],43,42,"[0.765559566045806, 0.37716611859716387]",1,-1
43827,[0.74543406 0.43436101],43,32,"[0.7535856051996079, 0.45307884495298306]",1,-1
43828,[0.78487376 0.49673592],43,3,"[0.8068810957052946, 0.5180547120844742]",1,-1
43829,[0.7637688 0.4734042],43,32,"[0.7535856051996079, 0.45307884495298306]",1,-1
43830,[0.93241236 0.41826695],43,-1,-1,1,-1
43831,[0.77684133 0.50293356],43,3,"[0.8068810957052946, 0.5180547120844742]",1,-1
43832,[0.88584976 0.48869314],43,-1,-1,1,-1
43833,[0.80675578 0.46242324],43,14,"[0.8486155699332081, 0.42850029565542425]",1,42
43834,[0.79927942 0.43343815],43,14,"[0.8486155699332081, 0.42850029565542425]",1,38
43835,[0.79116068 0.52450983],43,3,"[0.8068810957052946, 0.5180547120844742]",1,-1
43836,[0.85785199 0.50632876],43,3,"[0.8068810957052946, 0.5180547120844742]",1,-1
43837,[0.79756081 0.44635284],43,32,"[0.7535856051996079, 0.45307884495298306]",1,-1
43838,[0.86484451 0.48654587],43,14,"[0.8486155699332081, 0.42850029565542425]",1,-1
43839,[0.8218488 0.4000531],43,14,"[0.8486155699332081, 0.42850029565542425]",1,-1
43840,[0.8242995  0.50175398],43,3,"[0.8068810957052946, 0.5180547120844742]",1,-1
43841,[0.7743984  0.50400907],43,3,"[0.8068810957052946, 0.5180547120844742]",1,-1
43842,[0.86743695 0.41746776],43,14,"[0.8486155699332081, 0.42850029565542425]",1,-1
43843,[0.84106147 0.48380058],43,3,"[0.8068810957052946, 0.5180547120844742]",1,-1
43844,[0.81533785 0.51061856],43,3,"[0.8068810957052946, 0.5180547120844742]",1,-1
43845,[0.77695715 0.48007196],43,32,"[0.7535856051996079, 0.45307884495298306]",1,-1
43846,[0.87367621 0.42487865],43,14,"[0.8486155699332081, 0.42850029565542425]",1,-1
43847,[0.91612302 0.47207445],43,-1,-1,1,-1
43848,[0.8821863  0.48380518],43,14,"[0.8486155699332081, 0.42850029565542425]",1,-1
43849,[0.80731341 0.5600261 ],43,3,"[0.8068810957052946, 0.5180547120844742]",1,-1
43850,[0.74521071 0.49307477],43,32,"[0.7535856051996079, 0.45307884495298306]",1,-1
43851,[0.86206517 0.42399053],43,14,"[0.8486155699332081, 0.42850029565542425]",1,-1
43852,[0.84229075 0.5437924 ],43,3,"[0.8068810957052946, 0.5180547120844742]",1,-1
43853,[0.81678918 0.51622923],43,3,"[0.8068810957052946, 0.5180547120844742]",1,-1
43854,[0.84314041 0.52932892],43,3,"[0.8068810957052946, 0.5180547120844742]",1,-1
43855,[0.8155236  0.41776746],43,14,"[0.8486155699332081, 0.42850029565542425]",1,-1
43856,[0.8565648  0.43457893],43,14,"[0.8486155699332081, 0.42850029565542425]",1,-1
43857,[0.92870054 0.41041792],43,-1,-1,1,-1
43858,[0.7961041 0.4685085],43,32,"[0.7535856051996079, 0.45307884495298306]",1,-1
43859,[0.83214102 0.50165762],43,3,"[0.8068810957052946, 0.5180547120844742]",1,-1
43860,[0.78527368 0.48639693],43,3,"[0.8068810957052946, 0.5180547120844742]",1,45
43861,[0.68193725 0.52150554],43,26,"[0.6734889003123068, 0.4756404454441684]",1,-1
43862,[0.77585597 0.52472397],43,3,"[0.8068810957052946, 0.5180547120844742]",1,41
43863,[0.79125995 0.54037213],43,3,"[0.8068810957052946, 0.5180547120844742]",1,-1
43864,[0.8163782  0.45870241],43,14,"[0.8486155699332081, 0.42850029565542425]",1,-1
43865,[0.81968146 0.47603588],43,3,"[0.8068810957052946, 0.5180547120844742]",1,42
43866,[0.85607128 0.39279362],43,14,"[0.8486155699332081, 0.42850029565542425]",1,-1
43867,[0.94263875 0.45392227],43,-1,-1,1,-1
43868,[0.78712752 0.50869459],43,3,"[0.8068810957052946, 0.5180547120844742]",1,-1
43869,[0.79364471 0.54779051],43,3,"[0.8068810957052946, 0.5180547120844742]",1,-1
43870,[0.82918771 0.51266367],43,3,"[0.8068810957052946, 0.5180547120844742]",1,-1
43871,[0.79626198 0.41358459],43,42,"[0.765559566045806, 0.37716611859716387]",1,-1
43872,[0.80959163 0.54193494],43,3,"[0.8068810957052946, 0.5180547120844742]",1,-1
43873,[0.90769645 0.53356966],43,-1,-1,1,-1
43874,[0.87397047 0.48041314],43,14,"[0.8486155699332081, 0.42850029565542425]",1,-1
43875,[0.88760925 0.43802808],43,14,"[0.8486155699332081, 0.42850029565542425]",1,-1
43876,[0.83060458 0.44964357],43,14,"[0.8486155699332081, 0.42850029565542425]",1,-1
43877,[0.76476422 0.47841315],43,32,"[0.7535856051996079, 0.45307884495298306]",1,-1
43878,[0.74211357 0.44513353],43,32,"[0.7535856051996079, 0.45307884495298306]",1,54
43879,[0.90975196 0.43228916],43,14,"[0.8486155699332081, 0.42850029565542425]",1,-1
43880,[0.78060585 0.35676953],43,42,"[0.765559566045806, 0.37716611859716387]",1,-1
43881,[0.85660036 0.51095928],43,3,"[0.8068810957052946, 0.5180547120844742]",1,-1
43882,[0.8006815  0.38171873],43,42,"[0.765559566045806, 0.37716611859716387]",1,-1
43883,[0.75162982 0.5163175 ],43,3,"[0.8068810957052946, 0.5180547120844742]",1,-1
43884,[0.87258139 0.49336173],43,14,"[0.8486155699332081, 0.42850029565542425]",1,-1
43885,[0.77566703 0.49464324],43,3,"[0.8068810957052946, 0.5180547120844742]",1,-1
43886,[0.83556258 0.45050238],43,14,"[0.8486155699332081, 0.42850029565542425]",1,-1
43887,[0.77884611 0.53255326],43,3,"[0.8068810957052946, 0.5180547120844742]",1,41
43888,[0.75806653 0.47112918],43,32,"[0.7535856051996079, 0.45307884495298306]",1,-1
43889,[0.78460309 0.48304362],43,3,"[0.8068810957052946, 0.5180547120844742]",1,45
43890,[0.75967514 0.50359966],43,3,"[0.8068810957052946, 0.5180547120844742]",1,-1
43891,[0.86006222 0.43890016],43,14,"[0.8486155699332081, 0.42850029565542425]",1,-1
43892,[0.77778124 0.45156125],43,32,"[0.7535856051996079, 0.45307884495298306]",1,-1
43893,[0.80314536 0.40288   ],43,42,"[0.765559566045806, 0.37716611859716387]",1,-1
43894,[0.84870622 0.53271217],43,3,"[0.8068810957052946, 0.5180547120844742]",1,-1
43895,[0.84745874 0.47854243],43,14,"[0.8486155699332081, 0.42850029565542425]",1,-1
43896,[0.79064504 0.46259011],43,32,"[0.7535856051996079, 0.45307884495298306]",1,-1
43897,[0.79717966 0.47634427],43,3,"[0.8068810957052946, 0.5180547120844742]",1,-1
43898,[0.91369097 0.46525316],43,-1,-1,1,-1
43899,[0.84373783 0.50896126],43,3,"[0.8068810957052946, 0.5180547120844742]",1,-1
43900,[0.82557942 0.47659364],43,3,"[0.8068810957052946, 0.5180547120844742]",1,42
43901,[0.86233345 0.54753738],43,3,"[0.8068810957052946, 0.5180547120844742]",1,-1
43902,[0.91082633 0.44225712],43,14,"[0.8486155699332081, 0.42850029565542425]",1,-1
43903,[0.79846349 0.5249245 ],43,3,"[0.8068810957052946, 0.5180547120844742]",1,-1
43904,[0.78703823 0.49717122],43,3,"[0.8068810957052946, 0.5180547120844742]",1,-1
43905,[0.82659725 0.38907192],43,14,"[0.8486155699332081, 0.42850029565542425]",1,-1
43906,[0.77394572 0.42832393],43,32,"[0.7535856051996079, 0.45307884495298306]",1,38
43907,[0.81009241 0.44354309],43,14,"[0.8486155699332081, 0.42850029565542425]",1,-1
43908,[0.78019322 0.42644757],43,32,"[0.7535856051996079, 0.45307884495298306]",1,-1
43909,[0.82057059 0.43087788],43,14,"[0.8486155699332081, 0.42850029565542425]",1,-1
43910,[0.67933401 0.47220834],43,26,"[0.6734889003123068, 0.4756404454441684]",1,-1
43911,[0.79493929 0.46848554],43,32,"[0.7535856051996079, 0.45307884495298306]",1,-1
43912,[0.89906164 0.38334377],43,14,"[0.8486155699332081, 0.42850029565542425]",1,-1
43913,[0.82497845 0.45539952],43,14,"[0.8486155699332081, 0.42850029565542425]",1,-1
43914,[0.80768838 0.4439822 ],43,14,"[0.8486155699332081, 0.42850029565542425]",1,-1
43915,[0.84519359 0.45101208],43,14,"[0.8486155699332081, 0.42850029565542425]",1,-1
43916,[0.86118164 0.48389861],43,14,"[0.8486155699332081, 0.42850029565542425]",1,-1
43917,[0.89368426 0.53306928],43,-1,-1,1,-1
43918,[0.76581203 0.53390723],43,3,"[0.8068810957052946, 0.5180547120844742]",1,-1
43919,[0.87078582 0.47703766],43,14,"[0.8486155699332081, 0.42850029565542425]",1,-1
43920,[0.75691352 0.37961962],43,42,"[0.765559566045806, 0.37716611859716387]",1,-1
43921,[0.94792809 0.4479143 ],43,-1,-1,1,-1
43922,[0.76199343 0.43778897],43,32,"[0.7535856051996079, 0.45307884495298306]",1,-1
43923,[0.86908275 0.48733483],43,14,"[0.8486155699332081, 0.42850029565542425]",1,-1
43924,[0.81549309 0.48393806],43,3,"[0.8068810957052946, 0.5180547120844742]",1,-1
43925,[0.88578705 0.47761687],43,14,"[0.8486155699332081, 0.42850029565542425]",1,-1
43926,[0.78998642 0.52691379],43,3,"[0.8068810957052946, 0.5180547120844742]",1,41
43927,[0.83939889 0.46300163],43,14,"[0.8486155699332081, 0.42850029565542425]",1,-1
43928,[0.76937265 0.38367537],43,42,"[0.765559566045806, 0.37716611859716387]",1,-1
43929,[0.83002752 0.43452157],43,14,"[0.8486155699332081, 0.42850029565542425]",1,-1
43930,[0.946303   0.59040233],43,-1,-1,-1,-1
43931,[0.79193229 0.4299491 ],43,32,"[0.7535856051996079, 0.45307884495298306]",1,38
43932,[0.78487638 0.46371761],43,32,"[0.7535856051996079, 0.45307884495298306]",1,-1
43933,[0.79481175 0.48191612],43,3,"[0.8068810957052946, 0.5180547120844742]",1,-1
43934,[0.81798897 0.52191842],43,3,"[0.8068810957052946, 0.5180547120844742]",1,-1
43935,[0.78757711 0.442134  ],43,32,"[0.7535856051996079, 0.45307884495298306]",1,-1
43936,[0.89084122 0.43168208],43,14,"[0.8486155699332081, 0.42850029565542425]",1,-1
43937,[0.75314876 0.41970493],43,32,"[0.7535856051996079, 0.45307884495298306]",1,-1
43938,[0.86597473 0.51372251],43,3,"[0.8068810957052946, 0.5180547120844742]",1,-1
43939,[0.83643463 0.47367516],43,14,"[0.8486155699332081, 0.42850029565542425]",1,42
43940,[0.7689514 0.4408798],43,32,"[0.7535856051996079, 0.45307884495298306]",1,-1
43941,[0.94183778 0.46815512],43,-1,-1,1,-1
43942,[0.91127808 0.44742477],43,14,"[0.8486155699332081, 0.42850029565542425]",1,-1
43943,[0.94262204 0.40463861],43,-1,-1,1,-1
43944,[0.81314266 0.52510908],43,3,"[0.8068810957052946, 0.5180547120844742]",1,-1
43945,[0.81171395 0.37527028],43,42,"[0.765559566045806, 0.37716611859716387]",1,-1
43946,[0.75891671 0.46279297],43,32,"[0.7535856051996079, 0.45307884495298306]",1,-1
43947,[0.86069821 0.46748264],43,14,"[0.8486155699332081, 0.42850029565542425]",1,-1
43948,[0.79849456 0.43752372],43,32,"[0.7535856051996079, 0.45307884495298306]",1,38
43949,[0.80509409 0.44866012],43,14,"[0.8486155699332081, 0.42850029565542425]",1,-1
43950,[0.85515268 0.5079168 ],43,3,"[0.8068810957052946, 0.5180547120844742]",1,-1
43951,[0.84783815 0.42619521],43,14,"[0.8486155699332081, 0.42850029565542425]",1,-1
43952,[0.9639182  0.48525652],43,-1,-1,-1,-1
43953,[0.87431648 0.43809084],43,14,"[0.8486155699332081, 0.42850029565542425]",1,-1
43954,[0.94457598 0.45266613],43,-1,-1,1,-1
43955,[0.85910328 0.4615122 ],43,14,"[0.8486155699332081, 0.42850029565542425]",1,-1
43956,[0.71067966 0.43050576],43,30,"[0.6934973256581222, 0.4131681772802667]",1,-1
43957,[0.83651418 0.56136638],43,43,"[0.8274941202305067, 0.5998913364221842]",1,-1
43958,[0.8597124  0.50328622],43,3,"[0.8068810957052946, 0.5180547120844742]",1,-1
43959,[0.8507381  0.50635058],43,3,"[0.8068810957052946, 0.5180547120844742]",1,-1
43960,[0.75415716 0.51257214],43,3,"[0.8068810957052946, 0.5180547120844742]",1,-1
43961,[0.89265039 0.43486065],43,14,"[0.8486155699332081, 0.42850029565542425]",1,-1
43962,[0.87271281 0.39818243],43,14,"[0.8486155699332081, 0.42850029565542425]",1,-1
43963,[0.77227058 0.44782129],43,32,"[0.7535856051996079, 0.45307884495298306]",1,-1
43964,[0.87818985 0.54823588],43,-1,-1,1,-1
43965,[0.86011791 0.42571536],43,14,"[0.8486155699332081, 0.42850029565542425]",1,-1
43966,[0.81186499 0.44644139],43,14,"[0.8486155699332081, 0.42850029565542425]",1,-1
43967,[0.81749792 0.46703675],43,14,"[0.8486155699332081, 0.42850029565542425]",1,42
43968,[0.81555008 0.45322013],43,14,"[0.8486155699332081, 0.42850029565542425]",1,-1
43969,[0.84082099 0.42671273],43,14,"[0.8486155699332081, 0.42850029565542425]",1,-1
43970,[0.75505666 0.40257211],43,42,"[0.765559566045806, 0.37716611859716387]",1,23
43971,[0.82481136 0.55715532],43,43,"[0.8274941202305067, 0.5998913364221842]",1,-1
43972,[0.83678486 0.4270148 ],43,14,"[0.8486155699332081, 0.42850029565542425]",1,-1
43973,[0.73355689 0.47731157],43,32,"[0.7535856051996079, 0.45307884495298306]",1,-1
43974,[0.74793825 0.44281682],43,32,"[0.7535856051996079, 0.45307884495298306]",1,-1
43975,[0.87108342 0.38575998],43,14,"[0.8486155699332081, 0.42850029565542425]",1,-1
43976,[0.8211001  0.46246633],43,14,"[0.8486155699332081, 0.42850029565542425]",1,-1
43977,[0.79841327 0.42966049],43,14,"[0.8486155699332081, 0.42850029565542425]",1,38
43978,[0.7953032  0.35393621],43,42,"[0.765559566045806, 0.37716611859716387]",1,-1
43979,[0.91268666 0.44481309],43,14,"[0.8486155699332081, 0.42850029565542425]",1,-1
43980,[0.81456026 0.41885485],43,14,"[0.8486155699332081, 0.42850029565542425]",1,-1
43981,[0.8319397  0.40932593],43,14,"[0.8486155699332081, 0.42850029565542425]",1,-1
43982,[0.85343226 0.46435721],43,14,"[0.8486155699332081, 0.42850029565542425]",1,-1
43983,[0.73939071 0.52509213],43,11,"[0.7051682617613192, 0.574171671796882]",1,-1
43984,[0.8785845  0.50583793],43,-1,-1,1,-1
43985,[0.80518245 0.57741778],43,43,"[0.8274941202305067, 0.5998913364221842]",1,-1
43986,[0.80403306 0.50123558],43,3,"[0.8068810957052946, 0.5180547120844742]",1,44
43987,[0.80648989 0.50590799],43,3,"[0.8068810957052946, 0.5180547120844742]",1,44
43988,[0.87523393 0.47430849],43,14,"[0.8486155699332081, 0.42850029565542425]",1,-1
43989,[0.85092294 0.42978791],43,14,"[0.8486155699332081, 0.42850029565542425]",1,-1
43990,[0.8738784  0.45122259],43,14,"[0.8486155699332081, 0.42850029565542425]",1,-1
43991,[0.90782602 0.46624965],43,-1,-1,1,-1
43992,[0.85140606 0.48135696],43,14,"[0.8486155699332081, 0.42850029565542425]",1,-1
43993,[0.79970349 0.47648204],43,3,"[0.8068810957052946, 0.5180547120844742]",1,-1
43994,[0.81545435 0.56164607],43,43,"[0.8274941202305067, 0.5998913364221842]",1,-1
43995,[0.8397982  0.51645301],43,3,"[0.8068810957052946, 0.5180547120844742]",1,-1
43996,[0.90517248 0.50644133],43,-1,-1,1,-1
43997,[0.79345043 0.43585215],43,32,"[0.7535856051996079, 0.45307884495298306]",1,38
43998,[0.77578858 0.43488007],43,32,"[0.7535856051996079, 0.45307884495298306]",1,-1
43999,[0.83473726 0.45618052],43,14,"[0.8486155699332081, 0.42850029565542425]",1,42
44000,[0.18542898 0.34083647],44,15,"[0.188292755006214, 0.3253570325311902]",1,-1
44001,[0.2416147  0.38902102],44,0,"[0.2473875480073203, 0.39401489827781994]",1,47
44002,[0.23926863 0.39736508],44,0,"[0.2473875480073203, 0.39401489827781994]",1,-1
44003,[0.24083461 0.40853345],44,0,"[0.2473875480073203, 0.39401489827781994]",1,-1
44004,[0.24881089 0.39576139],44,0,"[0.2473875480073203, 0.39401489827781994]",1,-1
44005,[0.15987218 0.4605538 ],44,17,"[0.19949257984775934, 0.47737458183782433]",1,-1
44006,[0.31301929 0.50405289],44,13,"[0.32294489274299887, 0.4620611538839558]",1,-1
44007,[0.23289473 0.48457863],44,17,"[0.19949257984775934, 0.47737458183782433]",1,-1
44008,[0.31179036 0.34060108],44,1,"[0.33650952271243567, 0.3695039184549852]",1,-1
44009,[0.14803522 0.49885601],44,17,"[0.19949257984775934, 0.47737458183782433]",1,-1
44010,[0.26409962 0.37386298],44,0,"[0.2473875480073203, 0.39401489827781994]",1,-1
44011,[0.24430003 0.41209791],44,0,"[0.2473875480073203, 0.39401489827781994]",1,48
44012,[0.20067071 0.32748327],44,15,"[0.188292755006214, 0.3253570325311902]",1,-1
44013,[0.2656874  0.45765388],44,13,"[0.32294489274299887, 0.4620611538839558]",1,29
44014,[0.17370109 0.37015718],44,15,"[0.188292755006214, 0.3253570325311902]",1,-1
44015,[0.22834846 0.43046418],44,0,"[0.2473875480073203, 0.39401489827781994]",1,-1
44016,[0.23059611 0.38530902],44,0,"[0.2473875480073203, 0.39401489827781994]",1,-1
44017,[0.24381422 0.4313629 ],44,0,"[0.2473875480073203, 0.39401489827781994]",1,-1
44018,[0.1697203  0.45516151],44,17,"[0.19949257984775934, 0.47737458183782433]",1,-1
44019,[0.24275577 0.41037612],44,0,"[0.2473875480073203, 0.39401489827781994]",1,-1
44020,[0.12902682 0.4508002 ],44,-1,-1,1,-1
44021,[0.23197792 0.37097972],44,0,"[0.2473875480073203, 0.39401489827781994]",1,-1
44022,[0.08062251 0.35622365],44,-1,-1,1,-1
44023,[0.26611883 0.37699657],44,0,"[0.2473875480073203, 0.39401489827781994]",1,-1
44024,[0.18201846 0.42379424],44,17,"[0.19949257984775934, 0.47737458183782433]",1,-1
44025,[0.23601204 0.36978608],44,0,"[0.2473875480073203, 0.39401489827781994]",1,-1
44026,[0.23215214 0.41506249],44,0,"[0.2473875480073203, 0.39401489827781994]",1,48
44027,[0.14208632 0.43399412],44,-1,-1,1,-1
44028,[0.22746266 0.46893168],44,17,"[0.19949257984775934, 0.47737458183782433]",1,-1
44029,[0.15627164 0.33808562],44,15,"[0.188292755006214, 0.3253570325311902]",1,-1
44030,[0.25287347 0.37669361],44,0,"[0.2473875480073203, 0.39401489827781994]",1,-1
44031,[0.15107996 0.35261438],44,15,"[0.188292755006214, 0.3253570325311902]",1,-1
44032,[0.25401622 0.35583798],44,0,"[0.2473875480073203, 0.39401489827781994]",1,-1
44033,[0.23141895 0.44154088],44,17,"[0.19949257984775934, 0.47737458183782433]",1,-1
44034,[0.26810143 0.34879326],44,0,"[0.2473875480073203, 0.39401489827781994]",1,-1
44035,[0.16561521 0.3322739 ],44,15,"[0.188292755006214, 0.3253570325311902]",1,-1
44036,[0.23758137 0.3971984 ],44,0,"[0.2473875480073203, 0.39401489827781994]",1,-1
44037,[0.30972835 0.50753316],44,13,"[0.32294489274299887, 0.4620611538839558]",1,-1
44038,[0.18322493 0.47250129],44,17,"[0.19949257984775934, 0.47737458183782433]",1,-1
44039,[0.19765434 0.47824948],44,17,"[0.19949257984775934, 0.47737458183782433]",1,-1
44040,[0.18908928 0.49965239],44,17,"[0.19949257984775934, 0.47737458183782433]",1,-1
44041,[0.24713934 0.47016916],44,17,"[0.19949257984775934, 0.47737458183782433]",1,-1
44042,[0.18596638 0.55060256],44,49,"[0.14893778703439292, 0.5666898184239806]",1,-1
44043,[0.14875224 0.36647522],44,15,"[0.188292755006214, 0.3253570325311902]",1,-1
44044,[0.19721762 0.39242049],44,0,"[0.2473875480073203, 0.39401489827781994]",1,35
44045,[0.22635418 0.21460484],44,16,"[0.22214342499776796, 0.1812277944104208]",1,-1
44046,[0.29543944 0.366155  ],44,1,"[0.33650952271243567, 0.3695039184549852]",1,-1
44047,[0.2482405  0.43198639],44,0,"[0.2473875480073203, 0.39401489827781994]",1,-1
44048,[0.15548458 0.43875576],44,17,"[0.19949257984775934, 0.47737458183782433]",1,-1
44049,[0.23252719 0.47657301],44,17,"[0.19949257984775934, 0.47737458183782433]",1,-1
44050,[0.15219956 0.43868962],44,17,"[0.19949257984775934, 0.47737458183782433]",1,-1
44051,[0.19167725 0.45141741],44,17,"[0.19949257984775934, 0.47737458183782433]",1,-1
44052,[0.24950559 0.44978438],44,0,"[0.2473875480073203, 0.39401489827781994]",1,24
44053,[0.22197819 0.47693326],44,17,"[0.19949257984775934, 0.47737458183782433]",1,-1
44054,[0.18540632 0.38577723],44,15,"[0.188292755006214, 0.3253570325311902]",1,-1
44055,[0.17550268 0.49881769],44,17,"[0.19949257984775934, 0.47737458183782433]",1,-1
44056,[0.34100228 0.42531018],44,13,"[0.32294489274299887, 0.4620611538839558]",1,-1
44057,[0.27978834 0.52678502],44,-1,-1,1,-1
44058,[0.18774842 0.53981234],44,49,"[0.14893778703439292, 0.5666898184239806]",1,-1
44059,[0.23177118 0.4385824 ],44,0,"[0.2473875480073203, 0.39401489827781994]",1,-1
44060,[0.29251804 0.44968747],44,13,"[0.32294489274299887, 0.4620611538839558]",1,-1
44061,[0.2078621  0.37431344],44,0,"[0.2473875480073203, 0.39401489827781994]",1,-1
44062,[0.19800435 0.32394856],44,15,"[0.188292755006214, 0.3253570325311902]",1,-1
44063,[0.1614055 0.4151537],44,-1,-1,1,-1
44064,[0.24299524 0.4524051 ],44,17,"[0.19949257984775934, 0.47737458183782433]",1,24
44065,[0.24779896 0.37950513],44,0,"[0.2473875480073203, 0.39401489827781994]",1,47
44066,[0.15040138 0.33960284],44,15,"[0.188292755006214, 0.3253570325311902]",1,-1
44067,[0.24016044 0.38927247],44,0,"[0.2473875480073203, 0.39401489827781994]",1,-1
44068,[0.21258395 0.28584654],44,15,"[0.188292755006214, 0.3253570325311902]",1,-1
44069,[0.20309717 0.32629601],44,15,"[0.188292755006214, 0.3253570325311902]",1,-1
44070,[0.09003759 0.27642473],44,-1,-1,1,-1
44071,[0.25336912 0.36270456],44,0,"[0.2473875480073203, 0.39401489827781994]",1,-1
44072,[0.19874374 0.41527681],44,0,"[0.2473875480073203, 0.39401489827781994]",1,-1
44073,[0.21474423 0.36245214],44,0,"[0.2473875480073203, 0.39401489827781994]",1,-1
44074,[0.33186027 0.37972343],44,1,"[0.33650952271243567, 0.3695039184549852]",1,-1
44075,[0.2855483  0.44687701],44,13,"[0.32294489274299887, 0.4620611538839558]",1,-1
44076,[0.22679402 0.3250171 ],44,15,"[0.188292755006214, 0.3253570325311902]",1,-1
44077,[0.26672817 0.44078985],44,0,"[0.2473875480073203, 0.39401489827781994]",1,-1
44078,[0.18388097 0.36894491],44,15,"[0.188292755006214, 0.3253570325311902]",1,-1
44079,[0.13458244 0.39937372],44,-1,-1,1,-1
44080,[0.22031201 0.40648616],44,0,"[0.2473875480073203, 0.39401489827781994]",1,-1
44081,[0.21402005 0.37719103],44,0,"[0.2473875480073203, 0.39401489827781994]",1,35
44082,[0.26975064 0.35800515],44,0,"[0.2473875480073203, 0.39401489827781994]",1,-1
44083,[0.27416742 0.42744117],44,0,"[0.2473875480073203, 0.39401489827781994]",1,53
44084,[0.23683808 0.40753541],44,0,"[0.2473875480073203, 0.39401489827781994]",1,-1
44085,[0.26846353 0.40116847],44,0,"[0.2473875480073203, 0.39401489827781994]",1,59
44086,[0.23846114 0.4699804 ],44,17,"[0.19949257984775934, 0.47737458183782433]",1,-1
44087,[0.23871185 0.50832592],44,17,"[0.19949257984775934, 0.47737458183782433]",1,-1
44088,[0.29097228 0.3838404 ],44,0,"[0.2473875480073203, 0.39401489827781994]",1,-1
44089,[0.30962271 0.38240485],44,1,"[0.33650952271243567, 0.3695039184549852]",1,-1
44090,[0.16497661 0.43247095],44,17,"[0.19949257984775934, 0.47737458183782433]",1,-1
44091,[0.18190899 0.36764783],44,15,"[0.188292755006214, 0.3253570325311902]",1,-1
44092,[0.28352132 0.37462857],44,0,"[0.2473875480073203, 0.39401489827781994]",1,-1
44093,[0.24418081 0.52054459],44,17,"[0.19949257984775934, 0.47737458183782433]",1,-1
44094,[0.24032968 0.40427401],44,0,"[0.2473875480073203, 0.39401489827781994]",1,-1
44095,[0.24745301 0.4884304 ],44,17,"[0.19949257984775934, 0.47737458183782433]",1,-1
44096,[0.26375686 0.40697142],44,0,"[0.2473875480073203, 0.39401489827781994]",1,-1
44097,[0.20580753 0.41040543],44,0,"[0.2473875480073203, 0.39401489827781994]",1,-1
44098,[0.31408043 0.4955193 ],44,13,"[0.32294489274299887, 0.4620611538839558]",1,-1
44099,[0.18579048 0.50028722],44,17,"[0.19949257984775934, 0.47737458183782433]",1,-1
44100,[0.11315823 0.41833347],44,-1,-1,1,-1
44101,[0.26382359 0.39618079],44,0,"[0.2473875480073203, 0.39401489827781994]",1,-1
44102,[0.21039096 0.43293664],44,17,"[0.19949257984775934, 0.47737458183782433]",1,-1
44103,[0.22907914 0.43254883],44,0,"[0.2473875480073203, 0.39401489827781994]",1,-1
44104,[0.12966462 0.43511361],44,-1,-1,1,-1
44105,[0.19189264 0.39324349],44,0,"[0.2473875480073203, 0.39401489827781994]",1,-1
44106,[0.20720495 0.465478  ],44,17,"[0.19949257984775934, 0.47737458183782433]",1,-1
44107,[0.1692338  0.52118103],44,49,"[0.14893778703439292, 0.5666898184239806]",1,-1
44108,[0.18223414 0.42084918],44,17,"[0.19949257984775934, 0.47737458183782433]",1,-1
44109,[0.12563673 0.44427181],44,-1,-1,1,-1
44110,[0.197042   0.39522903],44,0,"[0.2473875480073203, 0.39401489827781994]",1,-1
44111,[0.1029449  0.40787119],44,-1,-1,1,-1
44112,[0.27389057 0.42448821],44,0,"[0.2473875480073203, 0.39401489827781994]",1,53
44113,[0.20981319 0.415457  ],44,0,"[0.2473875480073203, 0.39401489827781994]",1,-1
44114,[0.26850664 0.41065047],44,0,"[0.2473875480073203, 0.39401489827781994]",1,-1
44115,[0.21448782 0.32382061],44,15,"[0.188292755006214, 0.3253570325311902]",1,-1
44116,[0.22092319 0.4260178 ],44,0,"[0.2473875480073203, 0.39401489827781994]",1,-1
44117,[0.27082849 0.34381843],44,0,"[0.2473875480073203, 0.39401489827781994]",1,-1
44118,[0.22839787 0.31694483],44,15,"[0.188292755006214, 0.3253570325311902]",1,-1
44119,[0.24419738 0.41789865],44,0,"[0.2473875480073203, 0.39401489827781994]",1,48
44120,[0.25181095 0.33653392],44,0,"[0.2473875480073203, 0.39401489827781994]",1,-1
44121,[0.24118044 0.43625431],44,0,"[0.2473875480073203, 0.39401489827781994]",1,-1
44122,[0.33122116 0.39836061],44,1,"[0.33650952271243567, 0.3695039184549852]",1,-1
44123,[0.21069066 0.33214641],44,15,"[0.188292755006214, 0.3253570325311902]",1,-1
44124,[0.30511178 0.47541811],44,13,"[0.32294489274299887, 0.4620611538839558]",1,-1
44125,[0.25826834 0.51120711],44,17,"[0.19949257984775934, 0.47737458183782433]",1,-1
44126,[0.35007893 0.42076799],44,13,"[0.32294489274299887, 0.4620611538839558]",1,-1
44127,[0.21894976 0.365999  ],44,0,"[0.2473875480073203, 0.39401489827781994]",1,-1
44128,[0.14009527 0.36900095],44,15,"[0.188292755006214, 0.3253570325311902]",1,-1
44129,[0.2728936 0.4041412],44,0,"[0.2473875480073203, 0.39401489827781994]",1,59
44130,[0.25835679 0.45585578],44,17,"[0.19949257984775934, 0.47737458183782433]",1,-1
44131,[0.19341102 0.37349292],44,15,"[0.188292755006214, 0.3253570325311902]",1,-1
44132,[0.17546694 0.44024227],44,17,"[0.19949257984775934, 0.47737458183782433]",1,-1
44133,[0.19701853 0.49083441],44,17,"[0.19949257984775934, 0.47737458183782433]",1,-1
44134,[0.19560336 0.36160627],44,15,"[0.188292755006214, 0.3253570325311902]",1,-1
44135,[0.14785699 0.29321374],44,15,"[0.188292755006214, 0.3253570325311902]",1,-1
44136,[0.29714665 0.3653962 ],44,1,"[0.33650952271243567, 0.3695039184549852]",1,-1
44137,[0.1735179  0.40937982],44,-1,-1,1,-1
44138,[0.25781321 0.37518531],44,0,"[0.2473875480073203, 0.39401489827781994]",1,-1
44139,[0.24491092 0.44628094],44,0,"[0.2473875480073203, 0.39401489827781994]",1,-1
44140,[0.23745445 0.41687475],44,0,"[0.2473875480073203, 0.39401489827781994]",1,48
44141,[0.20349223 0.39384379],44,0,"[0.2473875480073203, 0.39401489827781994]",1,-1
44142,[0.11972186 0.47597194],44,-1,-1,1,-1
44143,[0.32433216 0.39375103],44,1,"[0.33650952271243567, 0.3695039184549852]",1,-1
44144,[0.21655687 0.45575562],44,17,"[0.19949257984775934, 0.47737458183782433]",1,-1
44145,[0.26558793 0.41252036],44,0,"[0.2473875480073203, 0.39401489827781994]",1,-1
44146,[0.26899404 0.37718033],44,0,"[0.2473875480073203, 0.39401489827781994]",1,-1
44147,[0.14615037 0.3430923 ],44,15,"[0.188292755006214, 0.3253570325311902]",1,-1
44148,[0.0849542 0.3643309],44,-1,-1,1,-1
44149,[0.23358586 0.42107663],44,0,"[0.2473875480073203, 0.39401489827781994]",1,-1
44150,[0.15303085 0.45224291],44,17,"[0.19949257984775934, 0.47737458183782433]",1,-1
44151,[0.13487812 0.38591538],44,-1,-1,1,-1
44152,[0.1503808  0.38172441],44,15,"[0.188292755006214, 0.3253570325311902]",1,-1
44153,[0.26562171 0.36693686],44,0,"[0.2473875480073203, 0.39401489827781994]",1,-1
44154,[0.22985821 0.44461186],44,17,"[0.19949257984775934, 0.47737458183782433]",1,-1
44155,[0.28191844 0.32179987],44,7,"[0.2880919156697789, 0.2889500356712737]",1,27
44156,[0.32061215 0.41767847],44,13,"[0.32294489274299887, 0.4620611538839558]",1,-1
44157,[0.16978053 0.47845638],44,17,"[0.19949257984775934, 0.47737458183782433]",1,-1
44158,[0.18798606 0.49845038],44,17,"[0.19949257984775934, 0.47737458183782433]",1,-1
44159,[0.30654897 0.38293311],44,1,"[0.33650952271243567, 0.3695039184549852]",1,-1
44160,[0.14927724 0.42430475],44,-1,-1,1,-1
44161,[0.2626862  0.42295232],44,0,"[0.2473875480073203, 0.39401489827781994]",1,-1
44162,[0.25460948 0.405768  ],44,0,"[0.2473875480073203, 0.39401489827781994]",1,-1
44163,[0.24699618 0.33316828],44,15,"[0.188292755006214, 0.3253570325311902]",1,-1
44164,[0.20741731 0.36136653],44,15,"[0.188292755006214, 0.3253570325311902]",1,-1
44165,[0.1499729  0.43934942],44,17,"[0.19949257984775934, 0.47737458183782433]",1,-1
44166,[0.19569201 0.40043764],44,0,"[0.2473875480073203, 0.39401489827781994]",1,-1
44167,[0.20822822 0.3770473 ],44,0,"[0.2473875480073203, 0.39401489827781994]",1,-1
44168,[0.24163875 0.42579905],44,0,"[0.2473875480073203, 0.39401489827781994]",1,-1
44169,[0.32577994 0.40963331],44,1,"[0.33650952271243567, 0.3695039184549852]",1,-1
44170,[0.27082376 0.40412191],44,0,"[0.2473875480073203, 0.39401489827781994]",1,59
44171,[0.16829982 0.43884854],44,17,"[0.19949257984775934, 0.47737458183782433]",1,-1
44172,[0.19271184 0.40990368],44,0,"[0.2473875480073203, 0.39401489827781994]",1,-1
44173,[0.23797228 0.41135337],44,0,"[0.2473875480073203, 0.39401489827781994]",1,48
44174,[0.21893894 0.41332107],44,0,"[0.2473875480073203, 0.39401489827781994]",1,-1
44175,[0.14949906 0.44530673],44,17,"[0.19949257984775934, 0.47737458183782433]",1,-1
44176,[0.23589553 0.39446429],44,0,"[0.2473875480073203, 0.39401489827781994]",1,-1
44177,[0.27471631 0.41198966],44,0,"[0.2473875480073203, 0.39401489827781994]",1,-1
44178,[0.21991298 0.29954364],44,15,"[0.188292755006214, 0.3253570325311902]",1,-1
44179,[0.18631431 0.44610688],44,17,"[0.19949257984775934, 0.47737458183782433]",1,-1
44180,[0.1990173  0.38044917],44,0,"[0.2473875480073203, 0.39401489827781994]",1,-1
44181,[0.20340721 0.35751575],44,15,"[0.188292755006214, 0.3253570325311902]",1,-1
44182,[0.16537764 0.49037131],44,17,"[0.19949257984775934, 0.47737458183782433]",1,-1
44183,[0.26939134 0.44774094],44,13,"[0.32294489274299887, 0.4620611538839558]",1,29
44184,[0.21252766 0.35743353],44,15,"[0.188292755006214, 0.3253570325311902]",1,-1
44185,[0.17613924 0.45502816],44,17,"[0.19949257984775934, 0.47737458183782433]",1,-1
44186,[0.22324238 0.50817085],44,17,"[0.19949257984775934, 0.47737458183782433]",1,-1
44187,[0.28195304 0.35529892],44,0,"[0.2473875480073203, 0.39401489827781994]",1,-1
44188,[0.21989342 0.48134222],44,17,"[0.19949257984775934, 0.47737458183782433]",1,-1
44189,[0.19160277 0.39373773],44,0,"[0.2473875480073203, 0.39401489827781994]",1,-1
44190,[0.22699643 0.33861754],44,15,"[0.188292755006214, 0.3253570325311902]",1,-1
44191,[0.18680831 0.40802702],44,0,"[0.2473875480073203, 0.39401489827781994]",1,-1
44192,[0.22153567 0.45439537],44,17,"[0.19949257984775934, 0.47737458183782433]",1,-1
44193,[0.16178592 0.43246768],44,17,"[0.19949257984775934, 0.47737458183782433]",1,-1
44194,[0.2118245  0.50630893],44,17,"[0.19949257984775934, 0.47737458183782433]",1,-1
44195,[0.28158368 0.4096668 ],44,0,"[0.2473875480073203, 0.39401489827781994]",1,-1
44196,[0.24530219 0.42048925],44,0,"[0.2473875480073203, 0.39401489827781994]",1,48
44197,[0.13659889 0.39150592],44,-1,-1,1,-1
44198,[0.1735473 0.4502246],44,17,"[0.19949257984775934, 0.47737458183782433]",1,-1
44199,[0.25529046 0.40440359],44,0,"[0.2473875480073203, 0.39401489827781994]",1,-1
44200,[0.1118535  0.43481364],44,-1,-1,1,-1
44201,[0.12695569 0.33288043],44,15,"[0.188292755006214, 0.3253570325311902]",1,-1
44202,[0.28778558 0.35083075],44,1,"[0.33650952271243567, 0.3695039184549852]",1,-1
44203,[0.20065583 0.25986489],44,21,"[0.16948094512787878, 0.2245031809320862]",1,32
44204,[0.26320623 0.44664059],44,0,"[0.2473875480073203, 0.39401489827781994]",1,-1
44205,[0.2032895  0.38236911],44,0,"[0.2473875480073203, 0.39401489827781994]",1,35
44206,[0.27316859 0.4014304 ],44,0,"[0.2473875480073203, 0.39401489827781994]",1,59
44207,[0.28920302 0.43006511],44,13,"[0.32294489274299887, 0.4620611538839558]",1,-1
44208,[0.26416859 0.39255543],44,0,"[0.2473875480073203, 0.39401489827781994]",1,-1
44209,[0.25394044 0.43392727],44,0,"[0.2473875480073203, 0.39401489827781994]",1,-1
44210,[0.21110023 0.41097384],44,0,"[0.2473875480073203, 0.39401489827781994]",1,-1
44211,[0.29381035 0.36282042],44,1,"[0.33650952271243567, 0.3695039184549852]",1,-1
44212,[0.17348394 0.4440141 ],44,17,"[0.19949257984775934, 0.47737458183782433]",1,-1
44213,[0.22063406 0.41789196],44,0,"[0.2473875480073203, 0.39401489827781994]",1,-1
44214,[0.19084297 0.33102641],44,15,"[0.188292755006214, 0.3253570325311902]",1,-1
44215,[0.1589864  0.34239777],44,15,"[0.188292755006214, 0.3253570325311902]",1,-1
44216,[0.31363105 0.4080894 ],44,1,"[0.33650952271243567, 0.3695039184549852]",1,-1
44217,[0.17121783 0.35200034],44,15,"[0.188292755006214, 0.3253570325311902]",1,-1
44218,[0.12902806 0.44868472],44,-1,-1,1,-1
44219,[0.21096155 0.41118745],44,0,"[0.2473875480073203, 0.39401489827781994]",1,-1
44220,[0.17716576 0.43371633],44,17,"[0.19949257984775934, 0.47737458183782433]",1,-1
44221,[0.23323955 0.40830811],44,0,"[0.2473875480073203, 0.39401489827781994]",1,-1
44222,[0.24307266 0.44644531],44,0,"[0.2473875480073203, 0.39401489827781994]",1,-1
44223,[0.23474012 0.43769925],44,0,"[0.2473875480073203, 0.39401489827781994]",1,-1
44224,[0.22288628 0.44223469],44,17,"[0.19949257984775934, 0.47737458183782433]",1,-1
44225,[0.18769419 0.43222505],44,17,"[0.19949257984775934, 0.47737458183782433]",1,-1
44226,[0.2466061  0.38423973],44,0,"[0.2473875480073203, 0.39401489827781994]",1,47
44227,[0.24635552 0.50045368],44,17,"[0.19949257984775934, 0.47737458183782433]",1,-1
44228,[0.18872621 0.38074533],44,15,"[0.188292755006214, 0.3253570325311902]",1,-1
44229,[0.19610681 0.38956906],44,0,"[0.2473875480073203, 0.39401489827781994]",1,-1
44230,[0.26126112 0.45805548],44,13,"[0.32294489274299887, 0.4620611538839558]",1,-1
44231,[0.20819715 0.37463558],44,0,"[0.2473875480073203, 0.39401489827781994]",1,-1
44232,[0.19944957 0.37472215],44,15,"[0.188292755006214, 0.3253570325311902]",1,-1
44233,[0.21147004 0.43167381],44,17,"[0.19949257984775934, 0.47737458183782433]",1,-1
44234,[0.22146935 0.38101909],44,0,"[0.2473875480073203, 0.39401489827781994]",1,35
44235,[0.17715219 0.44098433],44,17,"[0.19949257984775934, 0.47737458183782433]",1,-1
44236,[0.21114621 0.41340698],44,0,"[0.2473875480073203, 0.39401489827781994]",1,-1
44237,[0.28489702 0.49058485],44,13,"[0.32294489274299887, 0.4620611538839558]",1,-1
44238,[0.18924387 0.37542667],44,15,"[0.188292755006214, 0.3253570325311902]",1,-1
44239,[0.272613   0.34617855],44,0,"[0.2473875480073203, 0.39401489827781994]",1,-1
44240,[0.19280603 0.34024872],44,15,"[0.188292755006214, 0.3253570325311902]",1,-1
44241,[0.13216617 0.47246399],44,17,"[0.19949257984775934, 0.47737458183782433]",1,-1
44242,[0.28330582 0.36952395],44,0,"[0.2473875480073203, 0.39401489827781994]",1,-1
44243,[0.24325295 0.44700544],44,0,"[0.2473875480073203, 0.39401489827781994]",1,-1
44244,[0.18523609 0.44444379],44,17,"[0.19949257984775934, 0.47737458183782433]",1,-1
44245,[0.13521406 0.30168707],44,15,"[0.188292755006214, 0.3253570325311902]",1,-1
44246,[0.18072418 0.34345693],44,15,"[0.188292755006214, 0.3253570325311902]",1,-1
44247,[0.20195106 0.44711899],44,17,"[0.19949257984775934, 0.47737458183782433]",1,-1
44248,[0.13720854 0.46678564],44,17,"[0.19949257984775934, 0.47737458183782433]",1,-1
44249,[0.18542954 0.49201961],44,17,"[0.19949257984775934, 0.47737458183782433]",1,-1
44250,[0.31580815 0.43695424],44,13,"[0.32294489274299887, 0.4620611538839558]",1,-1
44251,[0.2732168  0.52444374],44,-1,-1,1,-1
44252,[0.15463641 0.49645519],44,17,"[0.19949257984775934, 0.47737458183782433]",1,-1
44253,[0.27562346 0.45638669],44,13,"[0.32294489274299887, 0.4620611538839558]",1,-1
44254,[0.24671136 0.38397458],44,0,"[0.2473875480073203, 0.39401489827781994]",1,47
44255,[0.25164896 0.48548803],44,17,"[0.19949257984775934, 0.47737458183782433]",1,-1
44256,[0.25124501 0.45597259],44,17,"[0.19949257984775934, 0.47737458183782433]",1,24
44257,[0.23566573 0.3416089 ],44,15,"[0.188292755006214, 0.3253570325311902]",1,40
44258,[0.12715634 0.43103861],44,-1,-1,1,-1
44259,[0.16349054 0.37612291],44,15,"[0.188292755006214, 0.3253570325311902]",1,-1
44260,[0.13951029 0.44084455],44,-1,-1,1,-1
44261,[0.24592546 0.36372068],44,0,"[0.2473875480073203, 0.39401489827781994]",1,-1
44262,[0.1533635  0.38299442],44,15,"[0.188292755006214, 0.3253570325311902]",1,-1
44263,[0.31874071 0.36565069],44,1,"[0.33650952271243567, 0.3695039184549852]",1,-1
44264,[0.22322692 0.32840401],44,15,"[0.188292755006214, 0.3253570325311902]",1,-1
44265,[0.24041624 0.37246068],44,0,"[0.2473875480073203, 0.39401489827781994]",1,-1
44266,[0.27016696 0.36703934],44,0,"[0.2473875480073203, 0.39401489827781994]",1,-1
44267,[0.15413488 0.44953645],44,17,"[0.19949257984775934, 0.47737458183782433]",1,-1
44268,[0.21585252 0.46103404],44,17,"[0.19949257984775934, 0.47737458183782433]",1,-1
44269,[0.26309308 0.46953502],44,13,"[0.32294489274299887, 0.4620611538839558]",1,-1
44270,[0.29780522 0.3939687 ],44,1,"[0.33650952271243567, 0.3695039184549852]",1,59
44271,[0.1979318  0.45536916],44,17,"[0.19949257984775934, 0.47737458183782433]",1,-1
44272,[0.2250813  0.40466331],44,0,"[0.2473875480073203, 0.39401489827781994]",1,-1
44273,[0.1682762  0.40484721],44,-1,-1,1,-1
44274,[0.26282507 0.41465227],44,0,"[0.2473875480073203, 0.39401489827781994]",1,-1
44275,[0.1935671  0.33587399],44,15,"[0.188292755006214, 0.3253570325311902]",1,-1
44276,[0.17638235 0.43742157],44,17,"[0.19949257984775934, 0.47737458183782433]",1,-1
44277,[0.27932475 0.46316191],44,13,"[0.32294489274299887, 0.4620611538839558]",1,-1
44278,[0.23555706 0.4473375 ],44,17,"[0.19949257984775934, 0.47737458183782433]",1,-1
44279,[0.27504464 0.45247453],44,13,"[0.32294489274299887, 0.4620611538839558]",1,-1
44280,[0.22711473 0.44694988],44,17,"[0.19949257984775934, 0.47737458183782433]",1,-1
44281,[0.15720696 0.35748736],44,15,"[0.188292755006214, 0.3253570325311902]",1,-1
44282,[0.16483814 0.41549594],44,-1,-1,1,-1
44283,[0.18645526 0.39666744],44,0,"[0.2473875480073203, 0.39401489827781994]",1,-1
44284,[0.07297592 0.42489586],44,-1,-1,1,-1
44285,[0.27377888 0.34422687],44,0,"[0.2473875480073203, 0.39401489827781994]",1,-1
44286,[0.16579048 0.38102275],44,15,"[0.188292755006214, 0.3253570325311902]",1,-1
44287,[0.29710133 0.34222247],44,1,"[0.33650952271243567, 0.3695039184549852]",1,-1
44288,[0.18059878 0.43411739],44,17,"[0.19949257984775934, 0.47737458183782433]",1,-1
44289,[0.23987556 0.37228225],44,0,"[0.2473875480073203, 0.39401489827781994]",1,-1
44290,[0.20591367 0.46734671],44,17,"[0.19949257984775934, 0.47737458183782433]",1,-1
44291,[0.25217127 0.37717194],44,0,"[0.2473875480073203, 0.39401489827781994]",1,-1
44292,[0.2688644 0.4972023],44,13,"[0.32294489274299887, 0.4620611538839558]",1,-1
44293,[0.24493902 0.41858271],44,0,"[0.2473875480073203, 0.39401489827781994]",1,48
44294,[0.26752053 0.48077236],44,13,"[0.32294489274299887, 0.4620611538839558]",1,-1
44295,[0.18994877 0.44417818],44,17,"[0.19949257984775934, 0.47737458183782433]",1,-1
44296,[0.19452622 0.40054353],44,0,"[0.2473875480073203, 0.39401489827781994]",1,-1
44297,[0.22640957 0.49359713],44,17,"[0.19949257984775934, 0.47737458183782433]",1,-1
44298,[0.24680105 0.403648  ],44,0,"[0.2473875480073203, 0.39401489827781994]",1,-1
44299,[0.22148797 0.30635519],44,15,"[0.188292755006214, 0.3253570325311902]",1,-1
44300,[0.31075941 0.41086018],44,1,"[0.33650952271243567, 0.3695039184549852]",1,-1
44301,[0.23032756 0.4708772 ],44,17,"[0.19949257984775934, 0.47737458183782433]",1,-1
44302,[0.231475   0.45971273],44,17,"[0.19949257984775934, 0.47737458183782433]",1,-1
44303,[0.14934914 0.41744954],44,-1,-1,1,-1
44304,[0.10391363 0.37293113],44,-1,-1,1,-1
44305,[0.34758468 0.44662172],44,13,"[0.32294489274299887, 0.4620611538839558]",1,-1
44306,[0.18860847 0.46932428],44,17,"[0.19949257984775934, 0.47737458183782433]",1,-1
44307,[0.22779663 0.38620164],44,0,"[0.2473875480073203, 0.39401489827781994]",1,-1
44308,[0.1996883  0.41180647],44,0,"[0.2473875480073203, 0.39401489827781994]",1,-1
44309,[0.20247843 0.47692151],44,17,"[0.19949257984775934, 0.47737458183782433]",1,-1
44310,[0.27266875 0.43600425],44,0,"[0.2473875480073203, 0.39401489827781994]",1,-1
44311,[0.27850411 0.42502711],44,0,"[0.2473875480073203, 0.39401489827781994]",1,-1
44312,[0.2025985 0.4534987],44,17,"[0.19949257984775934, 0.47737458183782433]",1,-1
44313,[0.23863305 0.32483209],44,15,"[0.188292755006214, 0.3253570325311902]",1,-1
44314,[0.18790041 0.57136317],44,49,"[0.14893778703439292, 0.5666898184239806]",1,-1
44315,[0.21498304 0.37344002],44,0,"[0.2473875480073203, 0.39401489827781994]",1,35
44316,[0.21939789 0.40807039],44,0,"[0.2473875480073203, 0.39401489827781994]",1,-1
44317,[0.23612501 0.4733314 ],44,17,"[0.19949257984775934, 0.47737458183782433]",1,-1
44318,[0.22182737 0.36651043],44,0,"[0.2473875480073203, 0.39401489827781994]",1,-1
44319,[0.15013423 0.4701471 ],44,17,"[0.19949257984775934, 0.47737458183782433]",1,-1
44320,[0.257605   0.47748337],44,17,"[0.19949257984775934, 0.47737458183782433]",1,-1
44321,[0.17572218 0.47495676],44,17,"[0.19949257984775934, 0.47737458183782433]",1,-1
44322,[0.22895783 0.41906861],44,0,"[0.2473875480073203, 0.39401489827781994]",1,-1
44323,[0.23905273 0.42256759],44,0,"[0.2473875480073203, 0.39401489827781994]",1,48
44324,[0.3303481 0.3908858],44,1,"[0.33650952271243567, 0.3695039184549852]",1,-1
44325,[0.19911013 0.45219461],44,17,"[0.19949257984775934, 0.47737458183782433]",1,-1
44326,[0.16610669 0.40167142],44,-1,-1,1,-1
44327,[0.27150997 0.35839847],44,0,"[0.2473875480073203, 0.39401489827781994]",1,-1
44328,[0.27915637 0.41755458],44,0,"[0.2473875480073203, 0.39401489827781994]",1,-1
44329,[0.20078854 0.46048243],44,17,"[0.19949257984775934, 0.47737458183782433]",1,-1
44330,[0.19293308 0.40193862],44,0,"[0.2473875480073203, 0.39401489827781994]",1,-1
44331,[0.16250131 0.42052335],44,17,"[0.19949257984775934, 0.47737458183782433]",1,-1
44332,[0.16764238 0.42282849],44,17,"[0.19949257984775934, 0.47737458183782433]",1,-1
44333,[0.23377563 0.38499655],44,0,"[0.2473875480073203, 0.39401489827781994]",1,-1
44334,[0.16603078 0.46467309],44,17,"[0.19949257984775934, 0.47737458183782433]",1,-1
44335,[0.20771798 0.3843742 ],44,0,"[0.2473875480073203, 0.39401489827781994]",1,-1
44336,[0.22411113 0.35266826],44,15,"[0.188292755006214, 0.3253570325311902]",1,-1
44337,[0.14699588 0.43488572],44,17,"[0.19949257984775934, 0.47737458183782433]",1,-1
44338,[0.23113598 0.53999225],44,40,"[0.24325605379412626, 0.6063462149687255]",1,-1
44339,[0.22621496 0.49798302],44,17,"[0.19949257984775934, 0.47737458183782433]",1,-1
44340,[0.15658895 0.41797276],44,-1,-1,1,-1
44341,[0.17601258 0.47966362],44,17,"[0.19949257984775934, 0.47737458183782433]",1,-1
44342,[0.19652273 0.34276399],44,15,"[0.188292755006214, 0.3253570325311902]",1,-1
44343,[0.24225171 0.38039639],44,0,"[0.2473875480073203, 0.39401489827781994]",1,-1
44344,[0.23444585 0.29072946],44,7,"[0.2880919156697789, 0.2889500356712737]",1,-1
44345,[0.20784782 0.44872984],44,17,"[0.19949257984775934, 0.47737458183782433]",1,-1
44346,[0.19130726 0.41088045],44,0,"[0.2473875480073203, 0.39401489827781994]",1,-1
44347,[0.14918165 0.44661073],44,17,"[0.19949257984775934, 0.47737458183782433]",1,-1
44348,[0.25929249 0.43229277],44,0,"[0.2473875480073203, 0.39401489827781994]",1,-1
44349,[0.22746647 0.35182607],44,0,"[0.2473875480073203, 0.39401489827781994]",1,-1
44350,[0.1687853  0.31197694],44,15,"[0.188292755006214, 0.3253570325311902]",1,-1
44351,[0.13930851 0.40869158],44,-1,-1,1,-1
44352,[0.32372745 0.42619158],44,13,"[0.32294489274299887, 0.4620611538839558]",1,-1
44353,[0.16354798 0.35519534],44,15,"[0.188292755006214, 0.3253570325311902]",1,-1
44354,[0.27066414 0.41080663],44,0,"[0.2473875480073203, 0.39401489827781994]",1,-1
44355,[0.2548438  0.42946236],44,0,"[0.2473875480073203, 0.39401489827781994]",1,-1
44356,[0.15829321 0.45812068],44,17,"[0.19949257984775934, 0.47737458183782433]",1,-1
44357,[0.21206217 0.52180009],44,17,"[0.19949257984775934, 0.47737458183782433]",1,-1
44358,[0.27077194 0.3742023 ],44,0,"[0.2473875480073203, 0.39401489827781994]",1,-1
44359,[0.28659706 0.46987343],44,13,"[0.32294489274299887, 0.4620611538839558]",1,-1
44360,[0.27205857 0.32529293],44,7,"[0.2880919156697789, 0.2889500356712737]",1,-1
44361,[0.24575529 0.41199419],44,0,"[0.2473875480073203, 0.39401489827781994]",1,48
44362,[0.15443302 0.4502842 ],44,17,"[0.19949257984775934, 0.47737458183782433]",1,-1
44363,[0.22672347 0.50601449],44,17,"[0.19949257984775934, 0.47737458183782433]",1,-1
44364,[0.27206331 0.4140451 ],44,0,"[0.2473875480073203, 0.39401489827781994]",1,-1
44365,[0.20726476 0.40939972],44,0,"[0.2473875480073203, 0.39401489827781994]",1,-1
44366,[0.27523308 0.47290179],44,13,"[0.32294489274299887, 0.4620611538839558]",1,-1
44367,[0.26960795 0.32644227],44,7,"[0.2880919156697789, 0.2889500356712737]",1,27
44368,[0.18377988 0.36444328],44,15,"[0.188292755006214, 0.3253570325311902]",1,-1
44369,[0.24788032 0.4448015 ],44,0,"[0.2473875480073203, 0.39401489827781994]",1,-1
44370,[0.16795019 0.35451207],44,15,"[0.188292755006214, 0.3253570325311902]",1,-1
44371,[0.24103402 0.41150457],44,0,"[0.2473875480073203, 0.39401489827781994]",1,48
44372,[0.21122782 0.44978007],44,17,"[0.19949257984775934, 0.47737458183782433]",1,-1
44373,[0.24341928 0.49993148],44,17,"[0.19949257984775934, 0.47737458183782433]",1,-1
44374,[0.28237547 0.43442456],44,13,"[0.32294489274299887, 0.4620611538839558]",1,-1
44375,[0.19480541 0.47345147],44,17,"[0.19949257984775934, 0.47737458183782433]",1,-1
44376,[0.35002251 0.43684581],44,13,"[0.32294489274299887, 0.4620611538839558]",1,-1
44377,[0.15830808 0.32278586],44,15,"[0.188292755006214, 0.3253570325311902]",1,-1
44378,[0.21904027 0.37470673],44,0,"[0.2473875480073203, 0.39401489827781994]",1,35
44379,[0.11998514 0.36954194],44,-1,-1,1,-1
44380,[0.1715136  0.43733314],44,17,"[0.19949257984775934, 0.47737458183782433]",1,-1
44381,[0.24215305 0.3396285 ],44,0,"[0.2473875480073203, 0.39401489827781994]",1,-1
44382,[0.14621059 0.38127867],44,15,"[0.188292755006214, 0.3253570325311902]",1,-1
44383,[0.16091495 0.42346551],44,17,"[0.19949257984775934, 0.47737458183782433]",1,-1
44384,[0.1991963  0.42109361],44,0,"[0.2473875480073203, 0.39401489827781994]",1,21
44385,[0.15442502 0.26123834],44,21,"[0.16948094512787878, 0.2245031809320862]",1,-1
44386,[0.27404649 0.45108667],44,13,"[0.32294489274299887, 0.4620611538839558]",1,29
44387,[0.19587467 0.36432714],44,15,"[0.188292755006214, 0.3253570325311902]",1,-1
44388,[0.20359861 0.43193547],44,17,"[0.19949257984775934, 0.47737458183782433]",1,21
44389,[0.2117006  0.39110362],44,0,"[0.2473875480073203, 0.39401489827781994]",1,-1
44390,[0.15892554 0.47400949],44,17,"[0.19949257984775934, 0.47737458183782433]",1,-1
44391,[0.23401314 0.42879237],44,0,"[0.2473875480073203, 0.39401489827781994]",1,-1
44392,[0.27062457 0.50822568],44,13,"[0.32294489274299887, 0.4620611538839558]",1,-1
44393,[0.25142136 0.53102739],44,-1,-1,1,-1
44394,[0.22697253 0.4974497 ],44,17,"[0.19949257984775934, 0.47737458183782433]",1,-1
44395,[0.19295996 0.43829373],44,17,"[0.19949257984775934, 0.47737458183782433]",1,-1
44396,[0.12065191 0.33400405],44,15,"[0.188292755006214, 0.3253570325311902]",1,-1
44397,[0.24748849 0.37270582],44,0,"[0.2473875480073203, 0.39401489827781994]",1,-1
44398,[0.14625506 0.41961332],44,-1,-1,1,-1
44399,[0.1799531  0.37601027],44,15,"[0.188292755006214, 0.3253570325311902]",1,-1
44400,[0.11820772 0.43114513],44,-1,-1,1,-1
44401,[0.20164984 0.33477517],44,15,"[0.188292755006214, 0.3253570325311902]",1,-1
44402,[0.13504449 0.39001103],44,-1,-1,1,-1
44403,[0.25457046 0.41120159],44,0,"[0.2473875480073203, 0.39401489827781994]",1,-1
44404,[0.21316053 0.39970559],44,0,"[0.2473875480073203, 0.39401489827781994]",1,-1
44405,[0.24755073 0.35982377],44,0,"[0.2473875480073203, 0.39401489827781994]",1,-1
44406,[0.16234828 0.3942872 ],44,-1,-1,1,-1
44407,[0.0896144  0.43355574],44,-1,-1,1,-1
44408,[0.33759982 0.3685695 ],44,1,"[0.33650952271243567, 0.3695039184549852]",1,-1
44409,[0.25700684 0.39516842],44,0,"[0.2473875480073203, 0.39401489827781994]",1,-1
44410,[0.15815446 0.40971197],44,-1,-1,1,-1
44411,[0.20934323 0.41435436],44,0,"[0.2473875480073203, 0.39401489827781994]",1,-1
44412,[0.14338359 0.37012002],44,15,"[0.188292755006214, 0.3253570325311902]",1,-1
44413,[0.19794059 0.34726765],44,15,"[0.188292755006214, 0.3253570325311902]",1,-1
44414,[0.26952674 0.39541987],44,0,"[0.2473875480073203, 0.39401489827781994]",1,-1
44415,[0.17839838 0.47414887],44,17,"[0.19949257984775934, 0.47737458183782433]",1,-1
44416,[0.22141957 0.50203574],44,17,"[0.19949257984775934, 0.47737458183782433]",1,-1
44417,[0.20839036 0.43054258],44,17,"[0.19949257984775934, 0.47737458183782433]",1,21
44418,[0.18671607 0.39643515],44,0,"[0.2473875480073203, 0.39401489827781994]",1,-1
44419,[0.24243808 0.31789527],44,7,"[0.2880919156697789, 0.2889500356712737]",1,-1
44420,[0.25603436 0.40675961],44,0,"[0.2473875480073203, 0.39401489827781994]",1,-1
44421,[0.19755563 0.37216739],44,15,"[0.188292755006214, 0.3253570325311902]",1,-1
44422,[0.25603354 0.35739854],44,0,"[0.2473875480073203, 0.39401489827781994]",1,-1
44423,[0.23800103 0.35382819],44,0,"[0.2473875480073203, 0.39401489827781994]",1,-1
44424,[0.2239444  0.31995326],44,15,"[0.188292755006214, 0.3253570325311902]",1,-1
44425,[0.27658136 0.3828765 ],44,0,"[0.2473875480073203, 0.39401489827781994]",1,-1
44426,[0.23470771 0.42297448],44,0,"[0.2473875480073203, 0.39401489827781994]",1,-1
44427,[0.32361584 0.42835902],44,13,"[0.32294489274299887, 0.4620611538839558]",1,-1
44428,[0.27877793 0.32757113],44,7,"[0.2880919156697789, 0.2889500356712737]",1,27
44429,[0.24209196 0.28670456],44,7,"[0.2880919156697789, 0.2889500356712737]",1,-1
44430,[0.22820527 0.47579975],44,17,"[0.19949257984775934, 0.47737458183782433]",1,-1
44431,[0.17027303 0.51004226],44,17,"[0.19949257984775934, 0.47737458183782433]",1,-1
44432,[0.14055616 0.41852813],44,-1,-1,1,-1
44433,[0.2861214 0.4713596],44,13,"[0.32294489274299887, 0.4620611538839558]",1,-1
44434,[0.15601118 0.37508954],44,15,"[0.188292755006214, 0.3253570325311902]",1,-1
44435,[0.2710694  0.39716879],44,0,"[0.2473875480073203, 0.39401489827781994]",1,59
44436,[0.21280645 0.5493928 ],44,40,"[0.24325605379412626, 0.6063462149687255]",1,-1
44437,[0.16875484 0.41968467],44,17,"[0.19949257984775934, 0.47737458183782433]",1,-1
44438,[0.22644724 0.54021529],44,40,"[0.24325605379412626, 0.6063462149687255]",1,-1
44439,[0.24317848 0.45194289],44,17,"[0.19949257984775934, 0.47737458183782433]",1,24
44440,[0.13841755 0.4025767 ],44,-1,-1,1,-1
44441,[0.25878892 0.42315194],44,0,"[0.2473875480073203, 0.39401489827781994]",1,-1
44442,[0.14105789 0.46701653],44,17,"[0.19949257984775934, 0.47737458183782433]",1,-1
44443,[0.24125205 0.44091253],44,0,"[0.2473875480073203, 0.39401489827781994]",1,-1
44444,[0.2185153  0.41064866],44,0,"[0.2473875480073203, 0.39401489827781994]",1,-1
44445,[0.21921635 0.46481136],44,17,"[0.19949257984775934, 0.47737458183782433]",1,-1
44446,[0.26694459 0.36133038],44,0,"[0.2473875480073203, 0.39401489827781994]",1,-1
44447,[0.25384546 0.44044492],44,0,"[0.2473875480073203, 0.39401489827781994]",1,-1
44448,[0.24672349 0.46451719],44,17,"[0.19949257984775934, 0.47737458183782433]",1,-1
44449,[0.27680424 0.38393354],44,0,"[0.2473875480073203, 0.39401489827781994]",1,-1
44450,[0.14696567 0.48263749],44,17,"[0.19949257984775934, 0.47737458183782433]",1,-1
44451,[0.24171835 0.3299666 ],44,15,"[0.188292755006214, 0.3253570325311902]",1,-1
44452,[0.2661472 0.4548655],44,13,"[0.32294489274299887, 0.4620611538839558]",1,29
44453,[0.1118572  0.40674725],44,-1,-1,1,-1
44454,[0.18112807 0.37278316],44,15,"[0.188292755006214, 0.3253570325311902]",1,-1
44455,[0.30371549 0.44135273],44,13,"[0.32294489274299887, 0.4620611538839558]",1,-1
44456,[0.14399694 0.45896035],44,17,"[0.19949257984775934, 0.47737458183782433]",1,-1
44457,[0.14090075 0.51329826],44,49,"[0.14893778703439292, 0.5666898184239806]",1,-1
44458,[0.1098993  0.40214195],44,-1,-1,1,-1
44459,[0.243807   0.36316862],44,0,"[0.2473875480073203, 0.39401489827781994]",1,-1
44460,[0.28199146 0.36907219],44,0,"[0.2473875480073203, 0.39401489827781994]",1,-1
44461,[0.19207679 0.35368305],44,15,"[0.188292755006214, 0.3253570325311902]",1,-1
44462,[0.2089267  0.39282695],44,0,"[0.2473875480073203, 0.39401489827781994]",1,-1
44463,[0.28151615 0.41723177],44,0,"[0.2473875480073203, 0.39401489827781994]",1,-1
44464,[0.18736856 0.38969049],44,0,"[0.2473875480073203, 0.39401489827781994]",1,-1
44465,[0.163861   0.44752072],44,17,"[0.19949257984775934, 0.47737458183782433]",1,-1
44466,[0.24832791 0.41555058],44,0,"[0.2473875480073203, 0.39401489827781994]",1,-1
44467,[0.22684183 0.44840233],44,17,"[0.19949257984775934, 0.47737458183782433]",1,-1
44468,[0.22246628 0.38237736],44,0,"[0.2473875480073203, 0.39401489827781994]",1,35
44469,[0.2242272  0.50602333],44,17,"[0.19949257984775934, 0.47737458183782433]",1,-1
44470,[0.26953936 0.45281198],44,13,"[0.32294489274299887, 0.4620611538839558]",1,29
44471,[0.17368809 0.33471106],44,15,"[0.188292755006214, 0.3253570325311902]",1,-1
44472,[0.22234695 0.48927107],44,17,"[0.19949257984775934, 0.47737458183782433]",1,-1
44473,[0.19541204 0.41978707],44,17,"[0.19949257984775934, 0.47737458183782433]",1,-1
44474,[0.24652639 0.3879699 ],44,0,"[0.2473875480073203, 0.39401489827781994]",1,47
44475,[0.22234891 0.37794049],44,0,"[0.2473875480073203, 0.39401489827781994]",1,35
44476,[0.18440924 0.54806226],44,49,"[0.14893778703439292, 0.5666898184239806]",1,-1
44477,[0.21925563 0.47178954],44,17,"[0.19949257984775934, 0.47737458183782433]",1,-1
44478,[0.14779312 0.49339696],44,17,"[0.19949257984775934, 0.47737458183782433]",1,-1
44479,[0.25578676 0.38531657],44,0,"[0.2473875480073203, 0.39401489827781994]",1,-1
44480,[0.24293971 0.40210304],44,0,"[0.2473875480073203, 0.39401489827781994]",1,-1
44481,[0.17775292 0.40088709],44,0,"[0.2473875480073203, 0.39401489827781994]",1,-1
44482,[0.17412861 0.38330347],44,15,"[0.188292755006214, 0.3253570325311902]",1,-1
44483,[0.27671926 0.4226564 ],44,0,"[0.2473875480073203, 0.39401489827781994]",1,53
44484,[0.15729012 0.39820756],44,-1,-1,1,-1
44485,[0.21554632 0.4332981 ],44,17,"[0.19949257984775934, 0.47737458183782433]",1,-1
44486,[0.2257204 0.4451107],44,17,"[0.19949257984775934, 0.47737458183782433]",1,-1
44487,[0.21853124 0.47154311],44,17,"[0.19949257984775934, 0.47737458183782433]",1,-1
44488,[0.23811235 0.48550152],44,17,"[0.19949257984775934, 0.47737458183782433]",1,-1
44489,[0.20090912 0.38182578],44,0,"[0.2473875480073203, 0.39401489827781994]",1,-1
44490,[0.2376142  0.41642412],44,0,"[0.2473875480073203, 0.39401489827781994]",1,48
44491,[0.18983089 0.4022839 ],44,0,"[0.2473875480073203, 0.39401489827781994]",1,-1
44492,[0.22605105 0.45068139],44,17,"[0.19949257984775934, 0.47737458183782433]",1,-1
44493,[0.15910186 0.39529693],44,-1,-1,1,-1
44494,[0.16788878 0.39271237],44,-1,-1,1,-1
44495,[0.19190353 0.44389969],44,17,"[0.19949257984775934, 0.47737458183782433]",1,-1
44496,[0.24302767 0.42840535],44,0,"[0.2473875480073203, 0.39401489827781994]",1,-1
44497,[0.19230001 0.42168965],44,17,"[0.19949257984775934, 0.47737458183782433]",1,-1
44498,[0.22874888 0.42576127],44,0,"[0.2473875480073203, 0.39401489827781994]",1,48
44499,[0.21409014 0.40260968],44,0,"[0.2473875480073203, 0.39401489827781994]",1,-1
44500,[0.20591514 0.4883591 ],44,17,"[0.19949257984775934, 0.47737458183782433]",1,-1
44501,[0.28219449 0.44186347],44,13,"[0.32294489274299887, 0.4620611538839558]",1,-1
44502,[0.23852946 0.42211114],44,0,"[0.2473875480073203, 0.39401489827781994]",1,48
44503,[0.23692244 0.41197244],44,0,"[0.2473875480073203, 0.39401489827781994]",1,48
44504,[0.26666085 0.43366375],44,0,"[0.2473875480073203, 0.39401489827781994]",1,-1
44505,[0.25604649 0.35471754],44,0,"[0.2473875480073203, 0.39401489827781994]",1,-1
44506,[0.22722531 0.42597558],44,0,"[0.2473875480073203, 0.39401489827781994]",1,-1
44507,[0.23266751 0.51680115],44,17,"[0.19949257984775934, 0.47737458183782433]",1,-1
44508,[0.3386629  0.44855698],44,13,"[0.32294489274299887, 0.4620611538839558]",1,-1
44509,[0.16994264 0.31732335],44,15,"[0.188292755006214, 0.3253570325311902]",1,-1
44510,[0.30758929 0.44405423],44,13,"[0.32294489274299887, 0.4620611538839558]",1,-1
44511,[0.24745917 0.41526115],44,0,"[0.2473875480073203, 0.39401489827781994]",1,-1
44512,[0.3214863  0.32811014],44,1,"[0.33650952271243567, 0.3695039184549852]",1,-1
44513,[0.32887285 0.41500447],44,1,"[0.33650952271243567, 0.3695039184549852]",1,-1
44514,[0.23253214 0.35211203],44,0,"[0.2473875480073203, 0.39401489827781994]",1,-1
44515,[0.19900217 0.43897925],44,17,"[0.19949257984775934, 0.47737458183782433]",1,-1
44516,[0.16798077 0.42431167],44,17,"[0.19949257984775934, 0.47737458183782433]",1,-1
44517,[0.28561453 0.45441183],44,13,"[0.32294489274299887, 0.4620611538839558]",1,-1
44518,[0.22032083 0.4706927 ],44,17,"[0.19949257984775934, 0.47737458183782433]",1,-1
44519,[0.22253294 0.33921794],44,15,"[0.188292755006214, 0.3253570325311902]",1,-1
44520,[0.31588988 0.32826531],44,1,"[0.33650952271243567, 0.3695039184549852]",1,-1
44521,[0.27471726 0.3613646 ],44,0,"[0.2473875480073203, 0.39401489827781994]",1,-1
44522,[0.13106781 0.46726017],44,17,"[0.19949257984775934, 0.47737458183782433]",1,-1
44523,[0.16996994 0.37278193],44,15,"[0.188292755006214, 0.3253570325311902]",1,-1
44524,[0.24675958 0.36930323],44,0,"[0.2473875480073203, 0.39401489827781994]",1,-1
44525,[0.21273266 0.36680592],44,0,"[0.2473875480073203, 0.39401489827781994]",1,-1
44526,[0.20609638 0.43448348],44,17,"[0.19949257984775934, 0.47737458183782433]",1,-1
44527,[0.23313714 0.40241333],44,0,"[0.2473875480073203, 0.39401489827781994]",1,-1
44528,[0.25810568 0.46371541],44,17,"[0.19949257984775934, 0.47737458183782433]",1,-1
44529,[0.21510454 0.35317643],44,15,"[0.188292755006214, 0.3253570325311902]",1,-1
44530,[0.24606501 0.43268489],44,0,"[0.2473875480073203, 0.39401489827781994]",1,-1
44531,[0.24473757 0.32796844],44,15,"[0.188292755006214, 0.3253570325311902]",1,-1
44532,[0.27142135 0.39546818],44,0,"[0.2473875480073203, 0.39401489827781994]",1,-1
44533,[0.16118288 0.41240694],44,-1,-1,1,-1
44534,[0.20982453 0.39904273],44,0,"[0.2473875480073203, 0.39401489827781994]",1,-1
44535,[0.24472097 0.40184633],44,0,"[0.2473875480073203, 0.39401489827781994]",1,-1
44536,[0.28263241 0.44404977],44,13,"[0.32294489274299887, 0.4620611538839558]",1,-1
44537,[0.26936342 0.40555046],44,0,"[0.2473875480073203, 0.39401489827781994]",1,59
44538,[0.26521016 0.40681202],44,0,"[0.2473875480073203, 0.39401489827781994]",1,-1
44539,[0.2165451  0.40665815],44,0,"[0.2473875480073203, 0.39401489827781994]",1,-1
44540,[0.27145911 0.402735  ],44,0,"[0.2473875480073203, 0.39401489827781994]",1,59
44541,[0.2379245  0.49317984],44,17,"[0.19949257984775934, 0.47737458183782433]",1,-1
44542,[0.24041567 0.3660414 ],44,0,"[0.2473875480073203, 0.39401489827781994]",1,-1
44543,[0.18819148 0.43317365],44,17,"[0.19949257984775934, 0.47737458183782433]",1,-1
44544,[0.19344159 0.52203204],44,17,"[0.19949257984775934, 0.47737458183782433]",1,-1
44545,[0.23942851 0.42446533],44,0,"[0.2473875480073203, 0.39401489827781994]",1,-1
44546,[0.1927729  0.44290364],44,17,"[0.19949257984775934, 0.47737458183782433]",1,-1
44547,[0.23629176 0.45689687],44,17,"[0.19949257984775934, 0.47737458183782433]",1,-1
44548,[0.18554313 0.41801958],44,17,"[0.19949257984775934, 0.47737458183782433]",1,-1
44549,[0.23718414 0.45676352],44,17,"[0.19949257984775934, 0.47737458183782433]",1,24
44550,[0.13876222 0.42899689],44,-1,-1,1,-1
44551,[0.21217768 0.40093037],44,0,"[0.2473875480073203, 0.39401489827781994]",1,-1
44552,[0.18553322 0.47615049],44,17,"[0.19949257984775934, 0.47737458183782433]",1,-1
44553,[0.26545337 0.45454601],44,13,"[0.32294489274299887, 0.4620611538839558]",1,29
44554,[0.20454801 0.36213895],44,15,"[0.188292755006214, 0.3253570325311902]",1,-1
44555,[0.22723029 0.40161785],44,0,"[0.2473875480073203, 0.39401489827781994]",1,-1
44556,[0.20743546 0.3906707 ],44,0,"[0.2473875480073203, 0.39401489827781994]",1,35
44557,[0.21118428 0.4441091 ],44,17,"[0.19949257984775934, 0.47737458183782433]",1,-1
44558,[0.18049466 0.52996009],44,49,"[0.14893778703439292, 0.5666898184239806]",1,-1
44559,[0.20279356 0.45944849],44,17,"[0.19949257984775934, 0.47737458183782433]",1,-1
44560,[0.21647593 0.36528799],44,0,"[0.2473875480073203, 0.39401489827781994]",1,-1
44561,[0.17486139 0.4384808 ],44,17,"[0.19949257984775934, 0.47737458183782433]",1,-1
44562,[0.16666816 0.35661873],44,15,"[0.188292755006214, 0.3253570325311902]",1,-1
44563,[0.26343769 0.42160322],44,0,"[0.2473875480073203, 0.39401489827781994]",1,-1
44564,[0.25883391 0.42116592],44,0,"[0.2473875480073203, 0.39401489827781994]",1,-1
44565,[0.20102212 0.46636818],44,17,"[0.19949257984775934, 0.47737458183782433]",1,-1
44566,[0.22988059 0.38700268],44,0,"[0.2473875480073203, 0.39401489827781994]",1,-1
44567,[0.23586435 0.46412096],44,17,"[0.19949257984775934, 0.47737458183782433]",1,-1
44568,[0.1208945  0.50845305],44,49,"[0.14893778703439292, 0.5666898184239806]",1,-1
44569,[0.24869483 0.32711057],44,7,"[0.2880919156697789, 0.2889500356712737]",1,-1
44570,[0.15146995 0.35125787],44,15,"[0.188292755006214, 0.3253570325311902]",1,-1
44571,[0.22994095 0.42432369],44,0,"[0.2473875480073203, 0.39401489827781994]",1,-1
44572,[0.22298779 0.32242307],44,15,"[0.188292755006214, 0.3253570325311902]",1,-1
44573,[0.19488871 0.46127501],44,17,"[0.19949257984775934, 0.47737458183782433]",1,-1
44574,[0.18906861 0.42714876],44,17,"[0.19949257984775934, 0.47737458183782433]",1,-1
44575,[0.27643114 0.31053938],44,7,"[0.2880919156697789, 0.2889500356712737]",1,-1
44576,[0.23121406 0.45667904],44,17,"[0.19949257984775934, 0.47737458183782433]",1,-1
44577,[0.19775278 0.43629989],44,17,"[0.19949257984775934, 0.47737458183782433]",1,-1
44578,[0.24107255 0.40425297],44,0,"[0.2473875480073203, 0.39401489827781994]",1,-1
44579,[0.19519296 0.42708356],44,17,"[0.19949257984775934, 0.47737458183782433]",1,-1
44580,[0.21744013 0.47395779],44,17,"[0.19949257984775934, 0.47737458183782433]",1,-1
44581,[0.19065946 0.46273441],44,17,"[0.19949257984775934, 0.47737458183782433]",1,-1
44582,[0.23911864 0.38794765],44,0,"[0.2473875480073203, 0.39401489827781994]",1,-1
44583,[0.18112682 0.42102926],44,17,"[0.19949257984775934, 0.47737458183782433]",1,-1
44584,[0.22199747 0.43271223],44,0,"[0.2473875480073203, 0.39401489827781994]",1,-1
44585,[0.25704201 0.38345131],44,0,"[0.2473875480073203, 0.39401489827781994]",1,-1
44586,[0.19430409 0.39203044],44,0,"[0.2473875480073203, 0.39401489827781994]",1,-1
44587,[0.19400068 0.36351344],44,15,"[0.188292755006214, 0.3253570325311902]",1,-1
44588,[0.15935251 0.44655454],44,17,"[0.19949257984775934, 0.47737458183782433]",1,-1
44589,[0.1943216 0.4206423],44,17,"[0.19949257984775934, 0.47737458183782433]",1,-1
44590,[0.20301638 0.371036  ],44,15,"[0.188292755006214, 0.3253570325311902]",1,-1
44591,[0.25594843 0.38034285],44,0,"[0.2473875480073203, 0.39401489827781994]",1,-1
44592,[0.25838176 0.37080367],44,0,"[0.2473875480073203, 0.39401489827781994]",1,-1
44593,[0.19768187 0.48357254],44,17,"[0.19949257984775934, 0.47737458183782433]",1,-1
44594,[0.12703397 0.47111213],44,-1,-1,1,-1
44595,[0.18066968 0.43182991],44,17,"[0.19949257984775934, 0.47737458183782433]",1,-1
44596,[0.28629504 0.3258535 ],44,7,"[0.2880919156697789, 0.2889500356712737]",1,-1
44597,[0.17535082 0.40781812],44,-1,-1,1,-1
44598,[0.27618725 0.46480101],44,13,"[0.32294489274299887, 0.4620611538839558]",1,-1
44599,[0.29217999 0.34950858],44,1,"[0.33650952271243567, 0.3695039184549852]",1,-1
44600,[0.2110747  0.49395422],44,17,"[0.19949257984775934, 0.47737458183782433]",1,-1
44601,[0.25992107 0.33005358],44,7,"[0.2880919156697789, 0.2889500356712737]",1,-1
44602,[0.19892429 0.50063821],44,17,"[0.19949257984775934, 0.47737458183782433]",1,-1
44603,[0.17608631 0.44727301],44,17,"[0.19949257984775934, 0.47737458183782433]",1,-1
44604,[0.23200956 0.43561193],44,0,"[0.2473875480073203, 0.39401489827781994]",1,-1
44605,[0.20247791 0.42495412],44,17,"[0.19949257984775934, 0.47737458183782433]",1,21
44606,[0.16932173 0.39512821],44,-1,-1,1,-1
44607,[0.21493889 0.44905882],44,17,"[0.19949257984775934, 0.47737458183782433]",1,-1
44608,[0.19815693 0.48238671],44,17,"[0.19949257984775934, 0.47737458183782433]",1,-1
44609,[0.20443895 0.34630976],44,15,"[0.188292755006214, 0.3253570325311902]",1,-1
44610,[0.21310564 0.3615671 ],44,15,"[0.188292755006214, 0.3253570325311902]",1,-1
44611,[0.22054077 0.44830331],44,17,"[0.19949257984775934, 0.47737458183782433]",1,-1
44612,[0.13471695 0.43490829],44,-1,-1,1,-1
44613,[0.22320482 0.36069294],44,0,"[0.2473875480073203, 0.39401489827781994]",1,-1
44614,[0.25350365 0.34207863],44,0,"[0.2473875480073203, 0.39401489827781994]",1,-1
44615,[0.31339516 0.39974673],44,1,"[0.33650952271243567, 0.3695039184549852]",1,-1
44616,[0.16595956 0.45086548],44,17,"[0.19949257984775934, 0.47737458183782433]",1,-1
44617,[0.21741635 0.44703965],44,17,"[0.19949257984775934, 0.47737458183782433]",1,-1
44618,[0.31450948 0.44290365],44,13,"[0.32294489274299887, 0.4620611538839558]",1,-1
44619,[0.23224985 0.47314706],44,17,"[0.19949257984775934, 0.47737458183782433]",1,-1
44620,[0.13264241 0.33363272],44,15,"[0.188292755006214, 0.3253570325311902]",1,-1
44621,[0.19869753 0.43515878],44,17,"[0.19949257984775934, 0.47737458183782433]",1,-1
44622,[0.17726135 0.35634881],44,15,"[0.188292755006214, 0.3253570325311902]",1,-1
44623,[0.17580743 0.40296719],44,-1,-1,1,-1
44624,[0.2474483  0.38107816],44,0,"[0.2473875480073203, 0.39401489827781994]",1,47
44625,[0.18458711 0.44221379],44,17,"[0.19949257984775934, 0.47737458183782433]",1,-1
44626,[0.16189316 0.43065016],44,17,"[0.19949257984775934, 0.47737458183782433]",1,-1
44627,[0.27674917 0.40615881],44,0,"[0.2473875480073203, 0.39401489827781994]",1,-1
44628,[0.28283809 0.32114045],44,7,"[0.2880919156697789, 0.2889500356712737]",1,-1
44629,[0.11808877 0.36973268],44,-1,-1,1,-1
44630,[0.20116712 0.47458361],44,17,"[0.19949257984775934, 0.47737458183782433]",1,-1
44631,[0.24621702 0.38361394],44,0,"[0.2473875480073203, 0.39401489827781994]",1,47
44632,[0.20516172 0.43416988],44,17,"[0.19949257984775934, 0.47737458183782433]",1,21
44633,[0.26979128 0.35791423],44,0,"[0.2473875480073203, 0.39401489827781994]",1,-1
44634,[0.15963188 0.32200176],44,15,"[0.188292755006214, 0.3253570325311902]",1,-1
44635,[0.20146444 0.39401792],44,0,"[0.2473875480073203, 0.39401489827781994]",1,-1
44636,[0.09818354 0.35479446],44,-1,-1,1,-1
44637,[0.23466485 0.36276948],44,0,"[0.2473875480073203, 0.39401489827781994]",1,-1
44638,[0.29761836 0.45262009],44,13,"[0.32294489274299887, 0.4620611538839558]",1,-1
44639,[0.21354592 0.4750333 ],44,17,"[0.19949257984775934, 0.47737458183782433]",1,-1
44640,[0.13776699 0.47467955],44,17,"[0.19949257984775934, 0.47737458183782433]",1,-1
44641,[0.22795677 0.40179402],44,0,"[0.2473875480073203, 0.39401489827781994]",1,-1
44642,[0.22238629 0.38942214],44,0,"[0.2473875480073203, 0.39401489827781994]",1,-1
44643,[0.18763944 0.45987477],44,17,"[0.19949257984775934, 0.47737458183782433]",1,-1
44644,[0.23324587 0.43184194],44,0,"[0.2473875480073203, 0.39401489827781994]",1,-1
44645,[0.19076581 0.4156164 ],44,0,"[0.2473875480073203, 0.39401489827781994]",1,-1
44646,[0.2389076  0.39449704],44,0,"[0.2473875480073203, 0.39401489827781994]",1,-1
44647,[0.11449774 0.37455935],44,-1,-1,1,-1
44648,[0.26958972 0.37243373],44,0,"[0.2473875480073203, 0.39401489827781994]",1,-1
44649,[0.3219267  0.45570993],44,13,"[0.32294489274299887, 0.4620611538839558]",1,-1
44650,[0.26081078 0.40451447],44,0,"[0.2473875480073203, 0.39401489827781994]",1,-1
44651,[0.22179533 0.52752934],44,17,"[0.19949257984775934, 0.47737458183782433]",1,-1
44652,[0.20640558 0.40780757],44,0,"[0.2473875480073203, 0.39401489827781994]",1,-1
44653,[0.20006776 0.39122183],44,0,"[0.2473875480073203, 0.39401489827781994]",1,35
44654,[0.16512518 0.36308992],44,15,"[0.188292755006214, 0.3253570325311902]",1,-1
44655,[0.25934276 0.41472573],44,0,"[0.2473875480073203, 0.39401489827781994]",1,-1
44656,[0.20483811 0.432456  ],44,17,"[0.19949257984775934, 0.47737458183782433]",1,21
44657,[0.257899   0.39494676],44,0,"[0.2473875480073203, 0.39401489827781994]",1,-1
44658,[0.17461746 0.42154526],44,17,"[0.19949257984775934, 0.47737458183782433]",1,-1
44659,[0.16730765 0.47191122],44,17,"[0.19949257984775934, 0.47737458183782433]",1,-1
44660,[0.26415829 0.45093639],44,0,"[0.2473875480073203, 0.39401489827781994]",1,29
44661,[0.16440302 0.45135005],44,17,"[0.19949257984775934, 0.47737458183782433]",1,-1
44662,[0.2445502  0.43043154],44,0,"[0.2473875480073203, 0.39401489827781994]",1,-1
44663,[0.30094076 0.5035212 ],44,13,"[0.32294489274299887, 0.4620611538839558]",1,-1
44664,[0.19425942 0.37411638],44,15,"[0.188292755006214, 0.3253570325311902]",1,-1
44665,[0.20072833 0.40967184],44,0,"[0.2473875480073203, 0.39401489827781994]",1,-1
44666,[0.21100255 0.43692391],44,17,"[0.19949257984775934, 0.47737458183782433]",1,21
44667,[0.17964126 0.37766851],44,15,"[0.188292755006214, 0.3253570325311902]",1,-1
44668,[0.22437925 0.41826328],44,0,"[0.2473875480073203, 0.39401489827781994]",1,-1
44669,[0.24621753 0.45987389],44,17,"[0.19949257984775934, 0.47737458183782433]",1,24
44670,[0.23278938 0.41596875],44,0,"[0.2473875480073203, 0.39401489827781994]",1,48
44671,[0.16604581 0.42267236],44,17,"[0.19949257984775934, 0.47737458183782433]",1,-1
44672,[0.24057747 0.38788849],44,0,"[0.2473875480073203, 0.39401489827781994]",1,-1
44673,[0.22784614 0.48237994],44,17,"[0.19949257984775934, 0.47737458183782433]",1,-1
44674,[0.20505708 0.4226011 ],44,0,"[0.2473875480073203, 0.39401489827781994]",1,21
44675,[0.24887191 0.36314892],44,0,"[0.2473875480073203, 0.39401489827781994]",1,-1
44676,[0.18203341 0.43849177],44,17,"[0.19949257984775934, 0.47737458183782433]",1,-1
44677,[0.23937088 0.32415613],44,15,"[0.188292755006214, 0.3253570325311902]",1,-1
44678,[0.23874097 0.42924481],44,0,"[0.2473875480073203, 0.39401489827781994]",1,-1
44679,[0.27277836 0.3714269 ],44,0,"[0.2473875480073203, 0.39401489827781994]",1,-1
44680,[0.19752847 0.47547252],44,17,"[0.19949257984775934, 0.47737458183782433]",1,-1
44681,[0.19467736 0.46449209],44,17,"[0.19949257984775934, 0.47737458183782433]",1,-1
44682,[0.19090871 0.3748627 ],44,15,"[0.188292755006214, 0.3253570325311902]",1,-1
44683,[0.27533336 0.49336052],44,13,"[0.32294489274299887, 0.4620611538839558]",1,-1
44684,[0.20610364 0.50593345],44,17,"[0.19949257984775934, 0.47737458183782433]",1,-1
44685,[0.21657899 0.45419538],44,17,"[0.19949257984775934, 0.47737458183782433]",1,-1
44686,[0.16216708 0.45410437],44,17,"[0.19949257984775934, 0.47737458183782433]",1,-1
44687,[0.12298231 0.47387046],44,-1,-1,1,-1
44688,[0.22604717 0.36815951],44,0,"[0.2473875480073203, 0.39401489827781994]",1,-1
44689,[0.11322312 0.39150528],44,-1,-1,1,-1
44690,[0.23519555 0.41171068],44,0,"[0.2473875480073203, 0.39401489827781994]",1,48
44691,[0.21438184 0.38235352],44,0,"[0.2473875480073203, 0.39401489827781994]",1,-1
44692,[0.17959114 0.44937622],44,17,"[0.19949257984775934, 0.47737458183782433]",1,-1
44693,[0.23340673 0.41120159],44,0,"[0.2473875480073203, 0.39401489827781994]",1,48
44694,[0.22274498 0.34715945],44,15,"[0.188292755006214, 0.3253570325311902]",1,-1
44695,[0.30937258 0.38151346],44,1,"[0.33650952271243567, 0.3695039184549852]",1,-1
44696,[0.17842379 0.35459628],44,15,"[0.188292755006214, 0.3253570325311902]",1,-1
44697,[0.20381301 0.32547748],44,15,"[0.188292755006214, 0.3253570325311902]",1,-1
44698,[0.26141356 0.45964473],44,13,"[0.32294489274299887, 0.4620611538839558]",1,-1
44699,[0.22465695 0.43340748],44,0,"[0.2473875480073203, 0.39401489827781994]",1,-1
44700,[0.27383207 0.4084122 ],44,0,"[0.2473875480073203, 0.39401489827781994]",1,59
44701,[0.18142619 0.43239825],44,17,"[0.19949257984775934, 0.47737458183782433]",1,-1
44702,[0.25618524 0.42577661],44,0,"[0.2473875480073203, 0.39401489827781994]",1,-1
44703,[0.29477453 0.36855572],44,1,"[0.33650952271243567, 0.3695039184549852]",1,-1
44704,[0.20934909 0.39606289],44,0,"[0.2473875480073203, 0.39401489827781994]",1,-1
44705,[0.22374935 0.38934116],44,0,"[0.2473875480073203, 0.39401489827781994]",1,-1
44706,[0.16310944 0.40588349],44,-1,-1,1,-1
44707,[0.08804512 0.40847704],44,-1,-1,1,-1
44708,[0.21168546 0.38552407],44,0,"[0.2473875480073203, 0.39401489827781994]",1,-1
44709,[0.2091824  0.44237175],44,17,"[0.19949257984775934, 0.47737458183782433]",1,-1
44710,[0.2569153  0.47609957],44,17,"[0.19949257984775934, 0.47737458183782433]",1,-1
44711,[0.26587722 0.45181727],44,13,"[0.32294489274299887, 0.4620611538839558]",1,29
44712,[0.21199112 0.40470421],44,0,"[0.2473875480073203, 0.39401489827781994]",1,-1
44713,[0.21292924 0.40363685],44,0,"[0.2473875480073203, 0.39401489827781994]",1,-1
44714,[0.15779596 0.33426274],44,15,"[0.188292755006214, 0.3253570325311902]",1,-1
44715,[0.32116479 0.38038259],44,1,"[0.33650952271243567, 0.3695039184549852]",1,-1
44716,[0.21756541 0.47872434],44,17,"[0.19949257984775934, 0.47737458183782433]",1,-1
44717,[0.14846331 0.44686187],44,17,"[0.19949257984775934, 0.47737458183782433]",1,-1
44718,[0.2674882 0.4160067],44,0,"[0.2473875480073203, 0.39401489827781994]",1,-1
44719,[0.278442   0.44830807],44,13,"[0.32294489274299887, 0.4620611538839558]",1,-1
44720,[0.21616968 0.34474778],44,15,"[0.188292755006214, 0.3253570325311902]",1,-1
44721,[0.23591818 0.39850153],44,0,"[0.2473875480073203, 0.39401489827781994]",1,-1
44722,[0.25730448 0.35337517],44,0,"[0.2473875480073203, 0.39401489827781994]",1,-1
44723,[0.19247608 0.35826817],44,15,"[0.188292755006214, 0.3253570325311902]",1,-1
44724,[0.31241737 0.31316345],44,7,"[0.2880919156697789, 0.2889500356712737]",1,-1
44725,[0.23932476 0.4007686 ],44,0,"[0.2473875480073203, 0.39401489827781994]",1,-1
44726,[0.20488184 0.4395362 ],44,17,"[0.19949257984775934, 0.47737458183782433]",1,-1
44727,[0.27732659 0.35974217],44,0,"[0.2473875480073203, 0.39401489827781994]",1,-1
44728,[0.1535881  0.30070681],44,15,"[0.188292755006214, 0.3253570325311902]",1,-1
44729,[0.21812107 0.32181844],44,15,"[0.188292755006214, 0.3253570325311902]",1,-1
44730,[0.1860394  0.42722854],44,17,"[0.19949257984775934, 0.47737458183782433]",1,-1
44731,[0.18615251 0.48745025],44,17,"[0.19949257984775934, 0.47737458183782433]",1,-1
44732,[0.24198341 0.39204967],44,0,"[0.2473875480073203, 0.39401489827781994]",1,47
44733,[0.24029217 0.36293294],44,0,"[0.2473875480073203, 0.39401489827781994]",1,-1
44734,[0.2264665  0.37856459],44,0,"[0.2473875480073203, 0.39401489827781994]",1,-1
44735,[0.20523701 0.33653542],44,15,"[0.188292755006214, 0.3253570325311902]",1,-1
44736,[0.18997439 0.35216696],44,15,"[0.188292755006214, 0.3253570325311902]",1,-1
44737,[0.21855234 0.3836204 ],44,0,"[0.2473875480073203, 0.39401489827781994]",1,-1
44738,[0.25583547 0.47760032],44,17,"[0.19949257984775934, 0.47737458183782433]",1,-1
44739,[0.17440165 0.34921332],44,15,"[0.188292755006214, 0.3253570325311902]",1,-1
44740,[0.14819454 0.43228079],44,17,"[0.19949257984775934, 0.47737458183782433]",1,-1
44741,[0.15442529 0.39532812],44,-1,-1,1,-1
44742,[0.22604163 0.32570491],44,15,"[0.188292755006214, 0.3253570325311902]",1,-1
44743,[0.24228093 0.39935215],44,0,"[0.2473875480073203, 0.39401489827781994]",1,-1
44744,[0.14815457 0.38084074],44,15,"[0.188292755006214, 0.3253570325311902]",1,-1
44745,[0.24133119 0.35819997],44,0,"[0.2473875480073203, 0.39401489827781994]",1,-1
44746,[0.20997336 0.36356181],44,15,"[0.188292755006214, 0.3253570325311902]",1,-1
44747,[0.20035973 0.37070639],44,15,"[0.188292755006214, 0.3253570325311902]",1,-1
44748,[0.18806227 0.37450253],44,15,"[0.188292755006214, 0.3253570325311902]",1,-1
44749,[0.22400386 0.41399227],44,0,"[0.2473875480073203, 0.39401489827781994]",1,-1
44750,[0.20331515 0.45859162],44,17,"[0.19949257984775934, 0.47737458183782433]",1,-1
44751,[0.27071791 0.42299826],44,0,"[0.2473875480073203, 0.39401489827781994]",1,53
44752,[0.20247173 0.42733558],44,17,"[0.19949257984775934, 0.47737458183782433]",1,21
44753,[0.21788934 0.37946733],44,0,"[0.2473875480073203, 0.39401489827781994]",1,35
44754,[0.22269326 0.5069257 ],44,17,"[0.19949257984775934, 0.47737458183782433]",1,-1
44755,[0.20823419 0.45872702],44,17,"[0.19949257984775934, 0.47737458183782433]",1,-1
44756,[0.2197248  0.33080386],44,15,"[0.188292755006214, 0.3253570325311902]",1,-1
44757,[0.29115258 0.40637649],44,0,"[0.2473875480073203, 0.39401489827781994]",1,-1
44758,[0.26054479 0.40949025],44,0,"[0.2473875480073203, 0.39401489827781994]",1,-1
44759,[0.24503971 0.39414518],44,0,"[0.2473875480073203, 0.39401489827781994]",1,-1
44760,[0.20470218 0.42976172],44,17,"[0.19949257984775934, 0.47737458183782433]",1,21
44761,[0.21363453 0.46218669],44,17,"[0.19949257984775934, 0.47737458183782433]",1,-1
44762,[0.12749333 0.4647922 ],44,-1,-1,1,-1
44763,[0.21414727 0.33733019],44,15,"[0.188292755006214, 0.3253570325311902]",1,-1
44764,[0.26186324 0.45274599],44,0,"[0.2473875480073203, 0.39401489827781994]",1,29
44765,[0.12158566 0.45342926],44,-1,-1,1,-1
44766,[0.30646475 0.4172601 ],44,13,"[0.32294489274299887, 0.4620611538839558]",1,-1
44767,[0.18808224 0.45286185],44,17,"[0.19949257984775934, 0.47737458183782433]",1,-1
44768,[0.27465377 0.41680244],44,0,"[0.2473875480073203, 0.39401489827781994]",1,-1
44769,[0.26208809 0.58047981],44,40,"[0.24325605379412626, 0.6063462149687255]",1,-1
44770,[0.16174748 0.36603041],44,15,"[0.188292755006214, 0.3253570325311902]",1,-1
44771,[0.28510211 0.42350255],44,0,"[0.2473875480073203, 0.39401489827781994]",1,-1
44772,[0.24848862 0.36826018],44,0,"[0.2473875480073203, 0.39401489827781994]",1,-1
44773,[0.25492168 0.37621973],44,0,"[0.2473875480073203, 0.39401489827781994]",1,-1
44774,[0.21301343 0.53751163],44,17,"[0.19949257984775934, 0.47737458183782433]",1,-1
44775,[0.20244178 0.36355761],44,15,"[0.188292755006214, 0.3253570325311902]",1,-1
44776,[0.23531045 0.34104611],44,15,"[0.188292755006214, 0.3253570325311902]",1,40
44777,[0.16407924 0.34186863],44,15,"[0.188292755006214, 0.3253570325311902]",1,-1
44778,[0.18713972 0.42203935],44,17,"[0.19949257984775934, 0.47737458183782433]",1,-1
44779,[0.24980385 0.46490839],44,17,"[0.19949257984775934, 0.47737458183782433]",1,-1
44780,[0.17971195 0.41452584],44,17,"[0.19949257984775934, 0.47737458183782433]",1,-1
44781,[0.27720147 0.4009214 ],44,0,"[0.2473875480073203, 0.39401489827781994]",1,59
44782,[0.22943864 0.29931434],44,15,"[0.188292755006214, 0.3253570325311902]",1,-1
44783,[0.25307293 0.42311265],44,0,"[0.2473875480073203, 0.39401489827781994]",1,-1
44784,[0.26311401 0.41152582],44,0,"[0.2473875480073203, 0.39401489827781994]",1,-1
44785,[0.24501828 0.43519146],44,0,"[0.2473875480073203, 0.39401489827781994]",1,-1
44786,[0.23904392 0.39066209],44,0,"[0.2473875480073203, 0.39401489827781994]",1,-1
44787,[0.23634019 0.41372087],44,0,"[0.2473875480073203, 0.39401489827781994]",1,48
44788,[0.20343791 0.42588369],44,17,"[0.19949257984775934, 0.47737458183782433]",1,21
44789,[0.15517082 0.3614099 ],44,15,"[0.188292755006214, 0.3253570325311902]",1,-1
44790,[0.32652909 0.42191404],44,13,"[0.32294489274299887, 0.4620611538839558]",1,-1
44791,[0.21439185 0.34372027],44,15,"[0.188292755006214, 0.3253570325311902]",1,-1
44792,[0.15128554 0.29072637],44,15,"[0.188292755006214, 0.3253570325311902]",1,-1
44793,[0.16484555 0.37431139],44,15,"[0.188292755006214, 0.3253570325311902]",1,-1
44794,[0.17300587 0.49732824],44,17,"[0.19949257984775934, 0.47737458183782433]",1,-1
44795,[0.22989378 0.40659   ],44,0,"[0.2473875480073203, 0.39401489827781994]",1,-1
44796,[0.16717332 0.39948088],44,-1,-1,1,-1
44797,[0.25992211 0.43592638],44,0,"[0.2473875480073203, 0.39401489827781994]",1,-1
44798,[0.22625618 0.37273433],44,0,"[0.2473875480073203, 0.39401489827781994]",1,-1
44799,[0.25353774 0.47395256],44,17,"[0.19949257984775934, 0.47737458183782433]",1,-1
44800,[0.09172921 0.41310999],44,-1,-1,1,-1
44801,[0.20358638 0.42509249],44,17,"[0.19949257984775934, 0.47737458183782433]",1,21
44802,[0.23805422 0.2848945 ],44,7,"[0.2880919156697789, 0.2889500356712737]",1,-1
44803,[0.26500819 0.37533243],44,0,"[0.2473875480073203, 0.39401489827781994]",1,-1
44804,[0.29336212 0.41715296],44,0,"[0.2473875480073203, 0.39401489827781994]",1,-1
44805,[0.15764149 0.47794069],44,17,"[0.19949257984775934, 0.47737458183782433]",1,-1
44806,[0.13261134 0.4828097 ],44,17,"[0.19949257984775934, 0.47737458183782433]",1,-1
44807,[0.20908885 0.41451928],44,0,"[0.2473875480073203, 0.39401489827781994]",1,-1
44808,[0.14242223 0.37842517],44,-1,-1,1,-1
44809,[0.17224201 0.32492578],44,15,"[0.188292755006214, 0.3253570325311902]",1,-1
44810,[0.29522339 0.4438109 ],44,13,"[0.32294489274299887, 0.4620611538839558]",1,-1
44811,[0.16746325 0.48912323],44,17,"[0.19949257984775934, 0.47737458183782433]",1,-1
44812,[0.10741239 0.41758596],44,-1,-1,1,-1
44813,[0.27145016 0.37388091],44,0,"[0.2473875480073203, 0.39401489827781994]",1,-1
44814,[0.15516191 0.40566631],44,-1,-1,1,-1
44815,[0.24537475 0.37235778],44,0,"[0.2473875480073203, 0.39401489827781994]",1,-1
44816,[0.21542646 0.34201095],44,15,"[0.188292755006214, 0.3253570325311902]",1,-1
44817,[0.10046304 0.42478496],44,-1,-1,1,-1
44818,[0.20420096 0.46091982],44,17,"[0.19949257984775934, 0.47737458183782433]",1,-1
44819,[0.22691928 0.40388065],44,0,"[0.2473875480073203, 0.39401489827781994]",1,-1
44820,[0.33316922 0.37129546],44,1,"[0.33650952271243567, 0.3695039184549852]",1,-1
44821,[0.18769413 0.38688998],44,0,"[0.2473875480073203, 0.39401489827781994]",1,-1
44822,[0.2397612  0.41679942],44,0,"[0.2473875480073203, 0.39401489827781994]",1,48
44823,[0.27879103 0.40425659],44,0,"[0.2473875480073203, 0.39401489827781994]",1,-1
44824,[0.15946996 0.43355256],44,17,"[0.19949257984775934, 0.47737458183782433]",1,-1
44825,[0.17697949 0.36677158],44,15,"[0.188292755006214, 0.3253570325311902]",1,-1
44826,[0.26520449 0.39937318],44,0,"[0.2473875480073203, 0.39401489827781994]",1,-1
44827,[0.26680611 0.37427346],44,0,"[0.2473875480073203, 0.39401489827781994]",1,-1
44828,[0.30723808 0.50563474],44,13,"[0.32294489274299887, 0.4620611538839558]",1,-1
44829,[0.1528095  0.47762926],44,17,"[0.19949257984775934, 0.47737458183782433]",1,-1
44830,[0.22981153 0.40190997],44,0,"[0.2473875480073203, 0.39401489827781994]",1,-1
44831,[0.19658226 0.46564248],44,17,"[0.19949257984775934, 0.47737458183782433]",1,-1
44832,[0.15859436 0.37366945],44,15,"[0.188292755006214, 0.3253570325311902]",1,-1
44833,[0.22771225 0.41368477],44,0,"[0.2473875480073203, 0.39401489827781994]",1,-1
44834,[0.27442099 0.37601648],44,0,"[0.2473875480073203, 0.39401489827781994]",1,-1
44835,[0.23767887 0.47490933],44,17,"[0.19949257984775934, 0.47737458183782433]",1,-1
44836,[0.2472554  0.33603645],44,0,"[0.2473875480073203, 0.39401489827781994]",1,-1
44837,[0.21833187 0.31072434],44,15,"[0.188292755006214, 0.3253570325311902]",1,-1
44838,[0.22575311 0.39402399],44,0,"[0.2473875480073203, 0.39401489827781994]",1,-1
44839,[0.26571956 0.50597854],44,-1,-1,1,-1
44840,[0.28520427 0.49354182],44,13,"[0.32294489274299887, 0.4620611538839558]",1,-1
44841,[0.17134484 0.38727138],44,15,"[0.188292755006214, 0.3253570325311902]",1,-1
44842,[0.1278357  0.47931202],44,-1,-1,1,-1
44843,[0.20955588 0.38711943],44,0,"[0.2473875480073203, 0.39401489827781994]",1,-1
44844,[0.29499202 0.48954352],44,13,"[0.32294489274299887, 0.4620611538839558]",1,-1
44845,[0.20416484 0.41956533],44,0,"[0.2473875480073203, 0.39401489827781994]",1,-1
44846,[0.18266681 0.33660063],44,15,"[0.188292755006214, 0.3253570325311902]",1,-1
44847,[0.22924261 0.41566449],44,0,"[0.2473875480073203, 0.39401489827781994]",1,48
44848,[0.17595081 0.42841996],44,17,"[0.19949257984775934, 0.47737458183782433]",1,-1
44849,[0.2123511  0.46134285],44,17,"[0.19949257984775934, 0.47737458183782433]",1,-1
44850,[0.11212273 0.32863622],44,-1,-1,1,-1
44851,[0.26694004 0.39546641],44,0,"[0.2473875480073203, 0.39401489827781994]",1,-1
44852,[0.24261631 0.39545705],44,0,"[0.2473875480073203, 0.39401489827781994]",1,-1
44853,[0.31670538 0.36027883],44,1,"[0.33650952271243567, 0.3695039184549852]",1,-1
44854,[0.15051433 0.37130725],44,15,"[0.188292755006214, 0.3253570325311902]",1,-1
44855,[0.24370466 0.36629972],44,0,"[0.2473875480073203, 0.39401489827781994]",1,-1
44856,[0.15326306 0.42365375],44,-1,-1,1,-1
44857,[0.24436206 0.42516951],44,0,"[0.2473875480073203, 0.39401489827781994]",1,48
44858,[0.29020691 0.43599791],44,13,"[0.32294489274299887, 0.4620611538839558]",1,-1
44859,[0.21581617 0.40561893],44,0,"[0.2473875480073203, 0.39401489827781994]",1,-1
44860,[0.26469798 0.41511729],44,0,"[0.2473875480073203, 0.39401489827781994]",1,-1
44861,[0.15490593 0.41677205],44,-1,-1,1,-1
44862,[0.15659229 0.42166711],44,-1,-1,1,-1
44863,[0.17213213 0.42659411],44,17,"[0.19949257984775934, 0.47737458183782433]",1,-1
44864,[0.11247976 0.40377414],44,-1,-1,1,-1
44865,[0.13519522 0.39458388],44,-1,-1,1,-1
44866,[0.18321279 0.34153833],44,15,"[0.188292755006214, 0.3253570325311902]",1,-1
44867,[0.18832297 0.38528713],44,0,"[0.2473875480073203, 0.39401489827781994]",1,-1
44868,[0.23684408 0.35353606],44,0,"[0.2473875480073203, 0.39401489827781994]",1,-1
44869,[0.20146789 0.44434793],44,17,"[0.19949257984775934, 0.47737458183782433]",1,-1
44870,[0.27960577 0.33796387],44,7,"[0.2880919156697789, 0.2889500356712737]",1,27
44871,[0.1785948  0.41982414],44,17,"[0.19949257984775934, 0.47737458183782433]",1,-1
44872,[0.26748372 0.37515615],44,0,"[0.2473875480073203, 0.39401489827781994]",1,-1
44873,[0.17448674 0.40860924],44,-1,-1,1,-1
44874,[0.198419   0.47247401],44,17,"[0.19949257984775934, 0.47737458183782433]",1,-1
44875,[0.24748689 0.42169943],44,0,"[0.2473875480073203, 0.39401489827781994]",1,-1
44876,[0.27063608 0.40221719],44,0,"[0.2473875480073203, 0.39401489827781994]",1,59
44877,[0.21191718 0.37033334],44,0,"[0.2473875480073203, 0.39401489827781994]",1,-1
44878,[0.12450806 0.40884523],44,-1,-1,1,-1
44879,[0.15680775 0.41403572],44,-1,-1,1,-1
44880,[0.28254841 0.45086074],44,13,"[0.32294489274299887, 0.4620611538839558]",1,-1
44881,[0.26952541 0.3183892 ],44,7,"[0.2880919156697789, 0.2889500356712737]",1,-1
44882,[0.27077559 0.51926702],44,-1,-1,1,-1
44883,[0.17575968 0.41370429],44,17,"[0.19949257984775934, 0.47737458183782433]",1,-1
44884,[0.23980232 0.42790326],44,0,"[0.2473875480073203, 0.39401489827781994]",1,-1
44885,[0.30069833 0.38540635],44,1,"[0.33650952271243567, 0.3695039184549852]",1,-1
44886,[0.24750154 0.45793381],44,17,"[0.19949257984775934, 0.47737458183782433]",1,24
44887,[0.20873937 0.37675494],44,0,"[0.2473875480073203, 0.39401489827781994]",1,-1
44888,[0.22793604 0.38845861],44,0,"[0.2473875480073203, 0.39401489827781994]",1,-1
44889,[0.17269112 0.4025528 ],44,-1,-1,1,-1
44890,[0.28530465 0.48699663],44,13,"[0.32294489274299887, 0.4620611538839558]",1,-1
44891,[0.20124944 0.41957612],44,0,"[0.2473875480073203, 0.39401489827781994]",1,21
44892,[0.17095561 0.3853343 ],44,15,"[0.188292755006214, 0.3253570325311902]",1,-1
44893,[0.15069497 0.41635215],44,-1,-1,1,-1
44894,[0.26709499 0.49858944],44,13,"[0.32294489274299887, 0.4620611538839558]",1,-1
44895,[0.28181359 0.44285478],44,13,"[0.32294489274299887, 0.4620611538839558]",1,-1
44896,[0.14434512 0.38019015],44,-1,-1,1,-1
44897,[0.18783475 0.37564001],44,15,"[0.188292755006214, 0.3253570325311902]",1,-1
44898,[0.15818239 0.43027579],44,17,"[0.19949257984775934, 0.47737458183782433]",1,-1
44899,[0.19698197 0.34730307],44,15,"[0.188292755006214, 0.3253570325311902]",1,-1
44900,[0.21152715 0.41338862],44,0,"[0.2473875480073203, 0.39401489827781994]",1,-1
44901,[0.21668919 0.32874829],44,15,"[0.188292755006214, 0.3253570325311902]",1,-1
44902,[0.14956914 0.41988266],44,-1,-1,1,-1
44903,[0.23824534 0.41478464],44,0,"[0.2473875480073203, 0.39401489827781994]",1,48
44904,[0.26157204 0.35702139],44,0,"[0.2473875480073203, 0.39401489827781994]",1,-1
44905,[0.20519195 0.34879354],44,15,"[0.188292755006214, 0.3253570325311902]",1,-1
44906,[0.20426164 0.3587318 ],44,15,"[0.188292755006214, 0.3253570325311902]",1,-1
44907,[0.22928345 0.44091031],44,17,"[0.19949257984775934, 0.47737458183782433]",1,-1
44908,[0.1329082  0.43860632],44,-1,-1,1,-1
44909,[0.16490287 0.32951261],44,15,"[0.188292755006214, 0.3253570325311902]",1,-1
44910,[0.1587624  0.38644859],44,15,"[0.188292755006214, 0.3253570325311902]",1,-1
44911,[0.29719376 0.42171918],44,13,"[0.32294489274299887, 0.4620611538839558]",1,-1
44912,[0.20278275 0.39566555],44,0,"[0.2473875480073203, 0.39401489827781994]",1,-1
44913,[0.19550644 0.43737196],44,17,"[0.19949257984775934, 0.47737458183782433]",1,-1
44914,[0.18921994 0.38262906],44,15,"[0.188292755006214, 0.3253570325311902]",1,-1
44915,[0.32715161 0.45205528],44,13,"[0.32294489274299887, 0.4620611538839558]",1,-1
44916,[0.15328317 0.39362454],44,-1,-1,1,-1
44917,[0.25343527 0.44065618],44,0,"[0.2473875480073203, 0.39401489827781994]",1,-1
44918,[0.26969011 0.37595799],44,0,"[0.2473875480073203, 0.39401489827781994]",1,-1
44919,[0.20664697 0.45767909],44,17,"[0.19949257984775934, 0.47737458183782433]",1,-1
44920,[0.16821954 0.51561159],44,17,"[0.19949257984775934, 0.47737458183782433]",1,-1
44921,[0.1347525  0.40174198],44,-1,-1,1,-1
44922,[0.23581022 0.47342173],44,17,"[0.19949257984775934, 0.47737458183782433]",1,-1
44923,[0.16914558 0.38883518],44,15,"[0.188292755006214, 0.3253570325311902]",1,-1
44924,[0.27095891 0.43021452],44,0,"[0.2473875480073203, 0.39401489827781994]",1,-1
44925,[0.25258694 0.46240606],44,17,"[0.19949257984775934, 0.47737458183782433]",1,-1
44926,[0.33835915 0.42493889],44,13,"[0.32294489274299887, 0.4620611538839558]",1,-1
44927,[0.14014024 0.39314442],44,-1,-1,1,-1
44928,[0.14222172 0.38838566],44,-1,-1,1,-1
44929,[0.32786935 0.42175503],44,13,"[0.32294489274299887, 0.4620611538839558]",1,-1
44930,[0.19003931 0.46360468],44,17,"[0.19949257984775934, 0.47737458183782433]",1,-1
44931,[0.2038121  0.37491375],44,0,"[0.2473875480073203, 0.39401489827781994]",1,-1
44932,[0.24146057 0.45659684],44,17,"[0.19949257984775934, 0.47737458183782433]",1,24
44933,[0.27061144 0.40155775],44,0,"[0.2473875480073203, 0.39401489827781994]",1,59
44934,[0.14751749 0.35395088],44,15,"[0.188292755006214, 0.3253570325311902]",1,-1
44935,[0.19429733 0.4840114 ],44,17,"[0.19949257984775934, 0.47737458183782433]",1,-1
44936,[0.27934166 0.43134706],44,0,"[0.2473875480073203, 0.39401489827781994]",1,53
44937,[0.2684522  0.46093486],44,13,"[0.32294489274299887, 0.4620611538839558]",1,-1
44938,[0.24913052 0.38101396],44,0,"[0.2473875480073203, 0.39401489827781994]",1,47
44939,[0.23183259 0.42930755],44,0,"[0.2473875480073203, 0.39401489827781994]",1,-1
44940,[0.21790401 0.37223342],44,0,"[0.2473875480073203, 0.39401489827781994]",1,-1
44941,[0.19655994 0.44475747],44,17,"[0.19949257984775934, 0.47737458183782433]",1,-1
44942,[0.1745371  0.50331461],44,17,"[0.19949257984775934, 0.47737458183782433]",1,-1
44943,[0.18265074 0.45666705],44,17,"[0.19949257984775934, 0.47737458183782433]",1,-1
44944,[0.16089863 0.44568941],44,17,"[0.19949257984775934, 0.47737458183782433]",1,-1
44945,[0.14379075 0.45847953],44,17,"[0.19949257984775934, 0.47737458183782433]",1,-1
44946,[0.18826769 0.4025606 ],44,0,"[0.2473875480073203, 0.39401489827781994]",1,-1
44947,[0.23441943 0.49141679],44,17,"[0.19949257984775934, 0.47737458183782433]",1,-1
44948,[0.27635812 0.35419904],44,0,"[0.2473875480073203, 0.39401489827781994]",1,-1
44949,[0.144693  0.4711404],44,17,"[0.19949257984775934, 0.47737458183782433]",1,-1
44950,[0.23329369 0.41539868],44,0,"[0.2473875480073203, 0.39401489827781994]",1,48
44951,[0.2175817  0.36287734],44,0,"[0.2473875480073203, 0.39401489827781994]",1,-1
44952,[0.24543077 0.37367362],44,0,"[0.2473875480073203, 0.39401489827781994]",1,-1
44953,[0.2343885  0.45741794],44,17,"[0.19949257984775934, 0.47737458183782433]",1,-1
44954,[0.2734807  0.42520132],44,0,"[0.2473875480073203, 0.39401489827781994]",1,53
44955,[0.1692579  0.31386319],44,15,"[0.188292755006214, 0.3253570325311902]",1,-1
44956,[0.1557141  0.33529103],44,15,"[0.188292755006214, 0.3253570325311902]",1,-1
44957,[0.22616598 0.41268966],44,0,"[0.2473875480073203, 0.39401489827781994]",1,-1
44958,[0.17481107 0.51614686],44,17,"[0.19949257984775934, 0.47737458183782433]",1,-1
44959,[0.12625419 0.42146198],44,-1,-1,1,-1
44960,[0.02311245 0.41792949],44,-1,-1,-1,-1
44961,[0.29765598 0.37502918],44,1,"[0.33650952271243567, 0.3695039184549852]",1,-1
44962,[0.24849883 0.43231686],44,0,"[0.2473875480073203, 0.39401489827781994]",1,-1
44963,[0.24980426 0.35883163],44,0,"[0.2473875480073203, 0.39401489827781994]",1,-1
44964,[0.14627554 0.4069114 ],44,-1,-1,1,-1
44965,[0.22849151 0.39396891],44,0,"[0.2473875480073203, 0.39401489827781994]",1,-1
44966,[0.2376913  0.43534381],44,0,"[0.2473875480073203, 0.39401489827781994]",1,-1
44967,[0.27637689 0.3966213 ],44,0,"[0.2473875480073203, 0.39401489827781994]",1,59
44968,[0.14528608 0.43025832],44,-1,-1,1,-1
44969,[0.29105954 0.53089192],44,44,"[0.30505443145580996, 0.5938366826632161]",1,-1
44970,[0.19045033 0.34439451],44,15,"[0.188292755006214, 0.3253570325311902]",1,-1
44971,[0.24491095 0.4222138 ],44,0,"[0.2473875480073203, 0.39401489827781994]",1,48
44972,[0.2461523  0.45776344],44,17,"[0.19949257984775934, 0.47737458183782433]",1,24
44973,[0.18164718 0.49611355],44,17,"[0.19949257984775934, 0.47737458183782433]",1,-1
44974,[0.18645887 0.40169315],44,0,"[0.2473875480073203, 0.39401489827781994]",1,-1
44975,[0.22970894 0.41367441],44,0,"[0.2473875480073203, 0.39401489827781994]",1,48
44976,[0.10290865 0.42660338],44,-1,-1,1,-1
44977,[0.23839916 0.4316784 ],44,0,"[0.2473875480073203, 0.39401489827781994]",1,-1
44978,[0.13424267 0.45251675],44,17,"[0.19949257984775934, 0.47737458183782433]",1,-1
44979,[0.17826309 0.473076  ],44,17,"[0.19949257984775934, 0.47737458183782433]",1,-1
44980,[0.2468962  0.32568126],44,7,"[0.2880919156697789, 0.2889500356712737]",1,-1
44981,[0.25766846 0.32760257],44,7,"[0.2880919156697789, 0.2889500356712737]",1,-1
44982,[0.21858486 0.3852742 ],44,0,"[0.2473875480073203, 0.39401489827781994]",1,-1
44983,[0.21783463 0.30778564],44,15,"[0.188292755006214, 0.3253570325311902]",1,-1
44984,[0.21097628 0.35710032],44,15,"[0.188292755006214, 0.3253570325311902]",1,-1
44985,[0.23818438 0.43531729],44,0,"[0.2473875480073203, 0.39401489827781994]",1,-1
44986,[0.20401547 0.42390805],44,0,"[0.2473875480073203, 0.39401489827781994]",1,21
44987,[0.20779586 0.42907452],44,17,"[0.19949257984775934, 0.47737458183782433]",1,21
44988,[0.21713298 0.33269286],44,15,"[0.188292755006214, 0.3253570325311902]",1,-1
44989,[0.21321905 0.39279664],44,0,"[0.2473875480073203, 0.39401489827781994]",1,-1
44990,[0.23114633 0.33435246],44,15,"[0.188292755006214, 0.3253570325311902]",1,-1
44991,[0.23781557 0.46035125],44,17,"[0.19949257984775934, 0.47737458183782433]",1,-1
44992,[0.19437762 0.35209678],44,15,"[0.188292755006214, 0.3253570325311902]",1,-1
44993,[0.23465517 0.32358988],44,15,"[0.188292755006214, 0.3253570325311902]",1,-1
44994,[0.1662772  0.40798946],44,-1,-1,1,-1
44995,[0.09561047 0.39535198],44,-1,-1,1,-1
44996,[0.36185069 0.42606456],44,6,"[0.40123478470159024, 0.40656176249784554]",1,-1
44997,[0.20503913 0.38529965],44,0,"[0.2473875480073203, 0.39401489827781994]",1,-1
44998,[0.10189358 0.32019219],44,-1,-1,1,-1
44999,[0.22513187 0.3979121 ],44,0,"[0.2473875480073203, 0.39401489827781994]",1,-1
45000,[0.24294737 0.17844907],45,16,"[0.22214342499776796, 0.1812277944104208]",1,-1
45001,[0.2541566  0.20955886],45,16,"[0.22214342499776796, 0.1812277944104208]",1,-1
45002,[0.16497589 0.17570881],45,21,"[0.16948094512787878, 0.2245031809320862]",1,-1
45003,[0.22167999 0.22088879],45,16,"[0.22214342499776796, 0.1812277944104208]",1,31
45004,[0.20180055 0.1631501 ],45,16,"[0.22214342499776796, 0.1812277944104208]",1,-1
45005,[0.12055639 0.16407592],45,-1,-1,1,-1
45006,[0.19817185 0.07442895],45,-1,-1,1,-1
45007,[0.15421384 0.10026033],45,-1,-1,1,-1
45008,[0.25788891 0.17349401],45,16,"[0.22214342499776796, 0.1812277944104208]",1,-1
45009,[0.22641554 0.23909647],45,16,"[0.22214342499776796, 0.1812277944104208]",1,31
45010,[0.20721086 0.17177187],45,16,"[0.22214342499776796, 0.1812277944104208]",1,-1
45011,[0.1954544  0.24879838],45,21,"[0.16948094512787878, 0.2245031809320862]",1,-1
45012,[0.17903934 0.14670673],45,16,"[0.22214342499776796, 0.1812277944104208]",1,-1
45013,[0.23432755 0.16303064],45,16,"[0.22214342499776796, 0.1812277944104208]",1,-1
45014,[0.12792309 0.12650131],45,-1,-1,1,-1
45015,[0.16680334 0.11844745],45,-1,-1,1,-1
45016,[0.20390521 0.24913393],45,21,"[0.16948094512787878, 0.2245031809320862]",1,-1
45017,[0.18231706 0.10935311],45,-1,-1,1,-1
45018,[0.20028644 0.20054347],45,16,"[0.22214342499776796, 0.1812277944104208]",1,-1
45019,[0.26413306 0.22093739],45,31,"[0.29817086118518243, 0.1888907481789387]",1,-1
45020,[0.21612938 0.16542189],45,16,"[0.22214342499776796, 0.1812277944104208]",1,-1
45021,[0.18660561 0.22603283],45,21,"[0.16948094512787878, 0.2245031809320862]",1,-1
45022,[0.20013093 0.24402411],45,21,"[0.16948094512787878, 0.2245031809320862]",1,-1
45023,[0.17559733 0.14856096],45,16,"[0.22214342499776796, 0.1812277944104208]",1,-1
45024,[0.11345212 0.17447455],45,-1,-1,1,-1
45025,[0.16600751 0.24339123],45,21,"[0.16948094512787878, 0.2245031809320862]",1,-1
45026,[0.2703441  0.13609467],45,31,"[0.29817086118518243, 0.1888907481789387]",1,-1
45027,[0.20864343 0.13879772],45,16,"[0.22214342499776796, 0.1812277944104208]",1,-1
45028,[0.25268258 0.16064965],45,16,"[0.22214342499776796, 0.1812277944104208]",1,-1
45029,[0.1701612  0.24622178],45,21,"[0.16948094512787878, 0.2245031809320862]",1,-1
45030,[0.27454718 0.15764848],45,31,"[0.29817086118518243, 0.1888907481789387]",1,-1
45031,[0.07490763 0.13658651],45,-1,-1,-1,-1
45032,[0.16362297 0.2864549 ],45,15,"[0.188292755006214, 0.3253570325311902]",1,-1
45033,[0.21332308 0.23694658],45,21,"[0.16948094512787878, 0.2245031809320862]",1,-1
45034,[0.26480197 0.24700762],45,7,"[0.2880919156697789, 0.2889500356712737]",1,-1
45035,[0.21159128 0.21635904],45,16,"[0.22214342499776796, 0.1812277944104208]",1,31
45036,[0.17969795 0.1898366 ],45,21,"[0.16948094512787878, 0.2245031809320862]",1,-1
45037,[0.21737254 0.33712586],45,15,"[0.188292755006214, 0.3253570325311902]",1,-1
45038,[0.14457212 0.20455725],45,21,"[0.16948094512787878, 0.2245031809320862]",1,-1
45039,[0.22907549 0.19260488],45,16,"[0.22214342499776796, 0.1812277944104208]",1,-1
45040,[0.21579224 0.18228152],45,16,"[0.22214342499776796, 0.1812277944104208]",1,-1
45041,[0.33681039 0.11824901],45,-1,-1,1,-1
45042,[0.23830575 0.12819349],45,16,"[0.22214342499776796, 0.1812277944104208]",1,-1
45043,[0.22930919 0.19627606],45,16,"[0.22214342499776796, 0.1812277944104208]",1,-1
45044,[0.20554943 0.22092056],45,21,"[0.16948094512787878, 0.2245031809320862]",1,31
45045,[0.13504112 0.1876051 ],45,21,"[0.16948094512787878, 0.2245031809320862]",1,-1
45046,[0.2492649  0.15882806],45,16,"[0.22214342499776796, 0.1812277944104208]",1,-1
45047,[0.2046466  0.21417705],45,21,"[0.16948094512787878, 0.2245031809320862]",1,31
45048,[0.22906577 0.16141431],45,16,"[0.22214342499776796, 0.1812277944104208]",1,-1
45049,[0.24686257 0.20820456],45,16,"[0.22214342499776796, 0.1812277944104208]",1,-1
45050,[0.18104436 0.16067223],45,16,"[0.22214342499776796, 0.1812277944104208]",1,-1
45051,[0.18466918 0.17795819],45,16,"[0.22214342499776796, 0.1812277944104208]",1,-1
45052,[0.28240424 0.21052646],45,31,"[0.29817086118518243, 0.1888907481789387]",1,-1
45053,[0.16934732 0.25340758],45,21,"[0.16948094512787878, 0.2245031809320862]",1,-1
45054,[0.218326   0.20717664],45,16,"[0.22214342499776796, 0.1812277944104208]",1,31
45055,[0.21938956 0.15121101],45,16,"[0.22214342499776796, 0.1812277944104208]",1,-1
45056,[0.14952235 0.21459573],45,21,"[0.16948094512787878, 0.2245031809320862]",1,-1
45057,[0.29036147 0.22313611],45,31,"[0.29817086118518243, 0.1888907481789387]",1,-1
45058,[0.19098896 0.15566551],45,16,"[0.22214342499776796, 0.1812277944104208]",1,-1
45059,[0.2261274  0.17669393],45,16,"[0.22214342499776796, 0.1812277944104208]",1,-1
45060,[0.19040404 0.23738758],45,21,"[0.16948094512787878, 0.2245031809320862]",1,-1
45061,[0.15284018 0.26273255],45,21,"[0.16948094512787878, 0.2245031809320862]",1,-1
45062,[0.19966066 0.14305444],45,16,"[0.22214342499776796, 0.1812277944104208]",1,-1
45063,[0.20535369 0.14640127],45,16,"[0.22214342499776796, 0.1812277944104208]",1,-1
45064,[0.21039355 0.14366814],45,16,"[0.22214342499776796, 0.1812277944104208]",1,-1
45065,[0.20914911 0.24329577],45,21,"[0.16948094512787878, 0.2245031809320862]",1,-1
45066,[0.19262507 0.17370516],45,16,"[0.22214342499776796, 0.1812277944104208]",1,-1
45067,[0.23693036 0.20432792],45,16,"[0.22214342499776796, 0.1812277944104208]",1,-1
45068,[0.24360783 0.15982579],45,16,"[0.22214342499776796, 0.1812277944104208]",1,-1
45069,[0.16821733 0.20636374],45,21,"[0.16948094512787878, 0.2245031809320862]",1,-1
45070,[0.18083713 0.13095931],45,16,"[0.22214342499776796, 0.1812277944104208]",1,-1
45071,[0.17465102 0.15235576],45,16,"[0.22214342499776796, 0.1812277944104208]",1,-1
45072,[0.23751764 0.21417693],45,16,"[0.22214342499776796, 0.1812277944104208]",1,-1
45073,[0.20860815 0.16923727],45,16,"[0.22214342499776796, 0.1812277944104208]",1,-1
45074,[0.20723227 0.24632189],45,21,"[0.16948094512787878, 0.2245031809320862]",1,31
45075,[0.24756309 0.1130373 ],45,-1,-1,1,-1
45076,[0.08189989 0.22762611],45,-1,-1,-1,-1
45077,[0.23916993 0.15437535],45,16,"[0.22214342499776796, 0.1812277944104208]",1,-1
45078,[0.22007324 0.23150662],45,16,"[0.22214342499776796, 0.1812277944104208]",1,31
45079,[0.15486879 0.1530157 ],45,-1,-1,1,-1
45080,[0.11500577 0.21831721],45,21,"[0.16948094512787878, 0.2245031809320862]",1,-1
45081,[0.16299034 0.21066457],45,21,"[0.16948094512787878, 0.2245031809320862]",1,-1
45082,[0.14358257 0.15008305],45,-1,-1,1,-1
45083,[0.22381872 0.23767416],45,21,"[0.16948094512787878, 0.2245031809320862]",1,31
45084,[0.19860723 0.2632583 ],45,21,"[0.16948094512787878, 0.2245031809320862]",1,32
45085,[0.20132258 0.10267896],45,-1,-1,1,-1
45086,[0.34550892 0.11527833],45,-1,-1,1,-1
45087,[0.20146625 0.20019714],45,16,"[0.22214342499776796, 0.1812277944104208]",1,-1
45088,[0.22717006 0.26736694],45,7,"[0.2880919156697789, 0.2889500356712737]",1,-1
45089,[0.17393426 0.32197084],45,15,"[0.188292755006214, 0.3253570325311902]",1,-1
45090,[0.19143396 0.22864449],45,21,"[0.16948094512787878, 0.2245031809320862]",1,-1
45091,[0.1884124  0.21020043],45,21,"[0.16948094512787878, 0.2245031809320862]",1,-1
45092,[0.28592485 0.17179485],45,31,"[0.29817086118518243, 0.1888907481789387]",1,-1
45093,[0.25377984 0.16204287],45,16,"[0.22214342499776796, 0.1812277944104208]",1,-1
45094,[0.19846722 0.17048899],45,16,"[0.22214342499776796, 0.1812277944104208]",1,-1
45095,[0.24683935 0.19329654],45,16,"[0.22214342499776796, 0.1812277944104208]",1,-1
45096,[0.14087819 0.15142714],45,-1,-1,1,-1
45097,[0.15104183 0.26991024],45,21,"[0.16948094512787878, 0.2245031809320862]",1,-1
45098,[0.22905825 0.25432473],45,21,"[0.16948094512787878, 0.2245031809320862]",1,31
45099,[0.14486886 0.17278598],45,21,"[0.16948094512787878, 0.2245031809320862]",1,-1
45100,[0.20300908 0.26570512],45,21,"[0.16948094512787878, 0.2245031809320862]",1,32
45101,[0.1884103  0.26306994],45,21,"[0.16948094512787878, 0.2245031809320862]",1,-1
45102,[0.20465782 0.20442187],45,16,"[0.22214342499776796, 0.1812277944104208]",1,-1
45103,[0.15769402 0.19269868],45,21,"[0.16948094512787878, 0.2245031809320862]",1,-1
45104,[0.22750017 0.23617702],45,16,"[0.22214342499776796, 0.1812277944104208]",1,-1
45105,[0.20087539 0.21726321],45,21,"[0.16948094512787878, 0.2245031809320862]",1,31
45106,[0.18893028 0.15691822],45,16,"[0.22214342499776796, 0.1812277944104208]",1,-1
45107,[0.19146341 0.12692519],45,16,"[0.22214342499776796, 0.1812277944104208]",1,-1
45108,[0.14434908 0.18494634],45,21,"[0.16948094512787878, 0.2245031809320862]",1,-1
45109,[0.19665952 0.08204413],45,-1,-1,1,-1
45110,[0.21052325 0.18309095],45,16,"[0.22214342499776796, 0.1812277944104208]",1,-1
45111,[0.19380294 0.21106941],45,21,"[0.16948094512787878, 0.2245031809320862]",1,-1
45112,[0.11730091 0.21461128],45,21,"[0.16948094512787878, 0.2245031809320862]",1,-1
45113,[0.09858308 0.25205706],45,-1,-1,1,-1
45114,[0.19223373 0.22195973],45,21,"[0.16948094512787878, 0.2245031809320862]",1,-1
45115,[0.27393133 0.23739441],45,7,"[0.2880919156697789, 0.2889500356712737]",1,-1
45116,[0.22227114 0.14264118],45,16,"[0.22214342499776796, 0.1812277944104208]",1,-1
45117,[0.1405428  0.26827734],45,21,"[0.16948094512787878, 0.2245031809320862]",1,-1
45118,[0.15374612 0.26532474],45,21,"[0.16948094512787878, 0.2245031809320862]",1,-1
45119,[0.16382745 0.23667384],45,21,"[0.16948094512787878, 0.2245031809320862]",1,-1
45120,[0.27376121 0.21200088],45,31,"[0.29817086118518243, 0.1888907481789387]",1,-1
45121,[0.18177609 0.13034995],45,16,"[0.22214342499776796, 0.1812277944104208]",1,-1
45122,[0.22508003 0.22697915],45,16,"[0.22214342499776796, 0.1812277944104208]",1,31
45123,[0.19703197 0.23916325],45,21,"[0.16948094512787878, 0.2245031809320862]",1,-1
45124,[0.18260092 0.27565981],45,15,"[0.188292755006214, 0.3253570325311902]",1,-1
45125,[0.13902818 0.13601187],45,-1,-1,1,-1
45126,[0.18905877 0.18706628],45,16,"[0.22214342499776796, 0.1812277944104208]",1,-1
45127,[0.25237266 0.2854539 ],45,7,"[0.2880919156697789, 0.2889500356712737]",1,25
45128,[0.19857272 0.19778359],45,16,"[0.22214342499776796, 0.1812277944104208]",1,-1
45129,[0.24675308 0.27615444],45,7,"[0.2880919156697789, 0.2889500356712737]",1,-1
45130,[0.13901221 0.10390429],45,-1,-1,1,-1
45131,[0.06943603 0.17445965],45,-1,-1,-1,-1
45132,[0.12656811 0.14957234],45,-1,-1,1,-1
45133,[0.1546988 0.1263899],45,-1,-1,1,-1
45134,[0.14081574 0.18508462],45,21,"[0.16948094512787878, 0.2245031809320862]",1,-1
45135,[0.2098567  0.21048246],45,16,"[0.22214342499776796, 0.1812277944104208]",1,31
45136,[0.21414827 0.18415863],45,16,"[0.22214342499776796, 0.1812277944104208]",1,-1
45137,[0.17389705 0.24291759],45,21,"[0.16948094512787878, 0.2245031809320862]",1,-1
45138,[0.24989743 0.18392244],45,16,"[0.22214342499776796, 0.1812277944104208]",1,22
45139,[0.20380481 0.17650386],45,16,"[0.22214342499776796, 0.1812277944104208]",1,-1
45140,[0.2461049  0.20539939],45,16,"[0.22214342499776796, 0.1812277944104208]",1,-1
45141,[0.2531747  0.27491613],45,7,"[0.2880919156697789, 0.2889500356712737]",1,-1
45142,[0.1547151  0.14069344],45,-1,-1,1,-1
45143,[0.14492415 0.16746566],45,21,"[0.16948094512787878, 0.2245031809320862]",1,-1
45144,[0.19178088 0.14156568],45,16,"[0.22214342499776796, 0.1812277944104208]",1,-1
45145,[0.23083751 0.10301797],45,-1,-1,1,-1
45146,[0.20433676 0.20395725],45,16,"[0.22214342499776796, 0.1812277944104208]",1,-1
45147,[0.21803969 0.29229137],45,15,"[0.188292755006214, 0.3253570325311902]",1,-1
45148,[0.23188685 0.17738167],45,16,"[0.22214342499776796, 0.1812277944104208]",1,-1
45149,[0.23898974 0.17792365],45,16,"[0.22214342499776796, 0.1812277944104208]",1,-1
45150,[0.22514703 0.20788564],45,16,"[0.22214342499776796, 0.1812277944104208]",1,-1
45151,[0.18815023 0.19028037],45,16,"[0.22214342499776796, 0.1812277944104208]",1,-1
45152,[0.14087472 0.13751339],45,-1,-1,1,-1
45153,[0.18951261 0.12588599],45,16,"[0.22214342499776796, 0.1812277944104208]",1,-1
45154,[0.19704219 0.1629263 ],45,16,"[0.22214342499776796, 0.1812277944104208]",1,-1
45155,[0.23286653 0.16874971],45,16,"[0.22214342499776796, 0.1812277944104208]",1,-1
45156,[0.1267957  0.24049428],45,21,"[0.16948094512787878, 0.2245031809320862]",1,-1
45157,[0.17162215 0.11802452],45,-1,-1,1,-1
45158,[0.31294704 0.09851423],45,-1,-1,-1,-1
45159,[0.22014767 0.20938682],45,16,"[0.22214342499776796, 0.1812277944104208]",1,31
45160,[0.12661432 0.21180313],45,21,"[0.16948094512787878, 0.2245031809320862]",1,-1
45161,[0.28316212 0.19983597],45,31,"[0.29817086118518243, 0.1888907481789387]",1,-1
45162,[0.16257766 0.11919982],45,-1,-1,1,-1
45163,[0.16690648 0.21341228],45,21,"[0.16948094512787878, 0.2245031809320862]",1,-1
45164,[0.18886111 0.21970601],45,21,"[0.16948094512787878, 0.2245031809320862]",1,-1
45165,[0.19981725 0.18252655],45,16,"[0.22214342499776796, 0.1812277944104208]",1,-1
45166,[0.25382362 0.22272429],45,16,"[0.22214342499776796, 0.1812277944104208]",1,-1
45167,[0.20837453 0.21977215],45,21,"[0.16948094512787878, 0.2245031809320862]",1,31
45168,[0.20571738 0.24226673],45,21,"[0.16948094512787878, 0.2245031809320862]",1,31
45169,[0.11980275 0.03447461],45,-1,-1,-1,-1
45170,[0.26185225 0.20098299],45,31,"[0.29817086118518243, 0.1888907481789387]",1,-1
45171,[0.24749255 0.24035044],45,7,"[0.2880919156697789, 0.2889500356712737]",1,-1
45172,[0.2092946  0.21393414],45,16,"[0.22214342499776796, 0.1812277944104208]",1,31
45173,[0.0437085  0.10496981],45,-1,-1,-1,-1
45174,[0.30100613 0.12421002],45,31,"[0.29817086118518243, 0.1888907481789387]",1,-1
45175,[0.09476412 0.14723641],45,-1,-1,1,-1
45176,[0.19032061 0.21214632],45,21,"[0.16948094512787878, 0.2245031809320862]",1,-1
45177,[0.17566794 0.22849057],45,21,"[0.16948094512787878, 0.2245031809320862]",1,-1
45178,[0.17261196 0.12063331],45,-1,-1,1,-1
45179,[0.17691658 0.24378231],45,21,"[0.16948094512787878, 0.2245031809320862]",1,-1
45180,[0.07136829 0.25550887],45,-1,-1,-1,-1
45181,[0.11917057 0.26484368],45,21,"[0.16948094512787878, 0.2245031809320862]",1,-1
45182,[0.17773685 0.23740711],45,21,"[0.16948094512787878, 0.2245031809320862]",1,-1
45183,[0.18629248 0.1482534 ],45,16,"[0.22214342499776796, 0.1812277944104208]",1,-1
45184,[0.14528101 0.2312545 ],45,21,"[0.16948094512787878, 0.2245031809320862]",1,-1
45185,[0.23365307 0.3337762 ],45,15,"[0.188292755006214, 0.3253570325311902]",1,-1
45186,[0.14163767 0.2154475 ],45,21,"[0.16948094512787878, 0.2245031809320862]",1,-1
45187,[0.31703422 0.30252894],45,7,"[0.2880919156697789, 0.2889500356712737]",1,-1
45188,[0.14615507 0.2560201 ],45,21,"[0.16948094512787878, 0.2245031809320862]",1,-1
45189,[0.2493389  0.15149512],45,16,"[0.22214342499776796, 0.1812277944104208]",1,-1
45190,[0.26527833 0.25678768],45,7,"[0.2880919156697789, 0.2889500356712737]",1,-1
45191,[0.1746611  0.16024373],45,16,"[0.22214342499776796, 0.1812277944104208]",1,-1
45192,[0.15096469 0.19850325],45,21,"[0.16948094512787878, 0.2245031809320862]",1,-1
45193,[0.19212209 0.18664621],45,16,"[0.22214342499776796, 0.1812277944104208]",1,-1
45194,[0.0826969  0.20656594],45,-1,-1,1,-1
45195,[0.17048839 0.23228498],45,21,"[0.16948094512787878, 0.2245031809320862]",1,-1
45196,[0.1675586 0.2270321],45,21,"[0.16948094512787878, 0.2245031809320862]",1,-1
45197,[0.24485035 0.16783997],45,16,"[0.22214342499776796, 0.1812277944104208]",1,-1
45198,[0.21212423 0.1281134 ],45,16,"[0.22214342499776796, 0.1812277944104208]",1,-1
45199,[0.1451505  0.27003997],45,21,"[0.16948094512787878, 0.2245031809320862]",1,-1
45200,[0.23059939 0.20511941],45,16,"[0.22214342499776796, 0.1812277944104208]",1,-1
45201,[0.22980241 0.22156408],45,16,"[0.22214342499776796, 0.1812277944104208]",1,31
45202,[0.18328516 0.19481012],45,21,"[0.16948094512787878, 0.2245031809320862]",1,-1
45203,[0.23297782 0.1990732 ],45,16,"[0.22214342499776796, 0.1812277944104208]",1,31
45204,[0.22099616 0.13350636],45,16,"[0.22214342499776796, 0.1812277944104208]",1,-1
45205,[0.12003377 0.15662537],45,-1,-1,1,-1
45206,[0.2265594  0.13187569],45,16,"[0.22214342499776796, 0.1812277944104208]",1,-1
45207,[0.09005649 0.09021825],45,-1,-1,-1,-1
45208,[0.20178102 0.09914609],45,-1,-1,1,-1
45209,[0.14858282 0.15973242],45,21,"[0.16948094512787878, 0.2245031809320862]",1,-1
45210,[0.25898856 0.25650142],45,7,"[0.2880919156697789, 0.2889500356712737]",1,-1
45211,[0.23287962 0.18564485],45,16,"[0.22214342499776796, 0.1812277944104208]",1,-1
45212,[0.23503061 0.11004179],45,-1,-1,1,-1
45213,[0.11394248 0.        ],45,-1,-1,-1,-1
45214,[0.08143169 0.16768005],45,-1,-1,-1,-1
45215,[0.16072104 0.14606932],45,-1,-1,1,-1
45216,[0.28522273 0.22365314],45,31,"[0.29817086118518243, 0.1888907481789387]",1,-1
45217,[0.19786973 0.12576676],45,16,"[0.22214342499776796, 0.1812277944104208]",1,-1
45218,[0.28219781 0.20929527],45,31,"[0.29817086118518243, 0.1888907481789387]",1,-1
45219,[0.20594993 0.25126306],45,21,"[0.16948094512787878, 0.2245031809320862]",1,-1
45220,[0.2582899  0.21051931],45,31,"[0.29817086118518243, 0.1888907481789387]",1,-1
45221,[0.22574982 0.13753815],45,16,"[0.22214342499776796, 0.1812277944104208]",1,-1
45222,[0.11033582 0.11715775],45,-1,-1,-1,-1
45223,[0.27753723 0.1664297 ],45,31,"[0.29817086118518243, 0.1888907481789387]",1,-1
45224,[0.25561686 0.26207432],45,7,"[0.2880919156697789, 0.2889500356712737]",1,-1
45225,[0.18088546 0.23338646],45,21,"[0.16948094512787878, 0.2245031809320862]",1,-1
45226,[0.16899256 0.14558513],45,16,"[0.22214342499776796, 0.1812277944104208]",1,-1
45227,[0.29125475 0.22152743],45,31,"[0.29817086118518243, 0.1888907481789387]",1,-1
45228,[0.16593025 0.1914897 ],45,21,"[0.16948094512787878, 0.2245031809320862]",1,-1
45229,[0.27523767 0.27148766],45,7,"[0.2880919156697789, 0.2889500356712737]",1,-1
45230,[0.24569238 0.18013349],45,16,"[0.22214342499776796, 0.1812277944104208]",1,22
45231,[0.23440726 0.16763565],45,16,"[0.22214342499776796, 0.1812277944104208]",1,-1
45232,[0.17724951 0.17313246],45,16,"[0.22214342499776796, 0.1812277944104208]",1,-1
45233,[0.1887874  0.10989251],45,-1,-1,1,-1
45234,[0.12729674 0.1384968 ],45,-1,-1,1,-1
45235,[0.18103927 0.14556026],45,16,"[0.22214342499776796, 0.1812277944104208]",1,-1
45236,[0.21761392 0.12211268],45,16,"[0.22214342499776796, 0.1812277944104208]",1,-1
45237,[0.16670039 0.19912889],45,21,"[0.16948094512787878, 0.2245031809320862]",1,-1
45238,[0.13825784 0.22751049],45,21,"[0.16948094512787878, 0.2245031809320862]",1,-1
45239,[0.18862651 0.17531463],45,16,"[0.22214342499776796, 0.1812277944104208]",1,-1
45240,[0.20994132 0.18113997],45,16,"[0.22214342499776796, 0.1812277944104208]",1,-1
45241,[0.17741997 0.23858202],45,21,"[0.16948094512787878, 0.2245031809320862]",1,-1
45242,[0.18596852 0.14571711],45,16,"[0.22214342499776796, 0.1812277944104208]",1,-1
45243,[0.16989224 0.2531161 ],45,21,"[0.16948094512787878, 0.2245031809320862]",1,-1
45244,[0.16997679 0.25007346],45,21,"[0.16948094512787878, 0.2245031809320862]",1,-1
45245,[0.24329947 0.12671685],45,16,"[0.22214342499776796, 0.1812277944104208]",1,-1
45246,[0.17648265 0.20802109],45,21,"[0.16948094512787878, 0.2245031809320862]",1,-1
45247,[0.20394273 0.17386872],45,16,"[0.22214342499776796, 0.1812277944104208]",1,-1
45248,[0.23239235 0.17910363],45,16,"[0.22214342499776796, 0.1812277944104208]",1,-1
45249,[0.19695375 0.25279008],45,21,"[0.16948094512787878, 0.2245031809320862]",1,-1
45250,[0.12897953 0.28318896],45,-1,-1,1,-1
45251,[0.1116838  0.15833346],45,-1,-1,1,-1
45252,[0.21897124 0.17445894],45,16,"[0.22214342499776796, 0.1812277944104208]",1,-1
45253,[0.30239703 0.18010268],45,31,"[0.29817086118518243, 0.1888907481789387]",1,-1
45254,[0.27431806 0.23710772],45,7,"[0.2880919156697789, 0.2889500356712737]",1,-1
45255,[0.31971018 0.23275108],45,31,"[0.29817086118518243, 0.1888907481789387]",1,-1
45256,[0.19763017 0.13596973],45,16,"[0.22214342499776796, 0.1812277944104208]",1,-1
45257,[0.18174436 0.13821527],45,16,"[0.22214342499776796, 0.1812277944104208]",1,-1
45258,[0.24977662 0.1569993 ],45,16,"[0.22214342499776796, 0.1812277944104208]",1,-1
45259,[0.15066193 0.19829877],45,21,"[0.16948094512787878, 0.2245031809320862]",1,-1
45260,[0.17097652 0.26512859],45,21,"[0.16948094512787878, 0.2245031809320862]",1,-1
45261,[0.15757773 0.20718282],45,21,"[0.16948094512787878, 0.2245031809320862]",1,-1
45262,[0.18616093 0.26373175],45,21,"[0.16948094512787878, 0.2245031809320862]",1,-1
45263,[0.129662   0.22054782],45,21,"[0.16948094512787878, 0.2245031809320862]",1,-1
45264,[0.17006646 0.20637164],45,21,"[0.16948094512787878, 0.2245031809320862]",1,-1
45265,[0.16896439 0.17610383],45,21,"[0.16948094512787878, 0.2245031809320862]",1,-1
45266,[0.2014539  0.21554278],45,21,"[0.16948094512787878, 0.2245031809320862]",1,31
45267,[0.23274386 0.14673833],45,16,"[0.22214342499776796, 0.1812277944104208]",1,-1
45268,[0.22148733 0.23171634],45,16,"[0.22214342499776796, 0.1812277944104208]",1,31
45269,[0.24050154 0.09618964],45,-1,-1,1,-1
45270,[0.08959171 0.19341315],45,-1,-1,1,-1
45271,[0.26281059 0.17055292],45,31,"[0.29817086118518243, 0.1888907481789387]",1,-1
45272,[0.04482488 0.11067858],45,-1,-1,-1,-1
45273,[0.17669232 0.23635036],45,21,"[0.16948094512787878, 0.2245031809320862]",1,-1
45274,[0.15019707 0.22027025],45,21,"[0.16948094512787878, 0.2245031809320862]",1,-1
45275,[0.19321967 0.19653649],45,16,"[0.22214342499776796, 0.1812277944104208]",1,-1
45276,[0.25549607 0.20714369],45,16,"[0.22214342499776796, 0.1812277944104208]",1,-1
45277,[0.19195865 0.10174948],45,-1,-1,1,-1
45278,[0.20556238 0.20302583],45,16,"[0.22214342499776796, 0.1812277944104208]",1,-1
45279,[0.19841531 0.22187653],45,21,"[0.16948094512787878, 0.2245031809320862]",1,-1
45280,[0.20783728 0.08773241],45,-1,-1,1,-1
45281,[0.15473089 0.14413323],45,-1,-1,1,-1
45282,[0.26269495 0.15958454],45,16,"[0.22214342499776796, 0.1812277944104208]",1,-1
45283,[0.22386505 0.22672622],45,16,"[0.22214342499776796, 0.1812277944104208]",1,31
45284,[0.22743728 0.25639332],45,21,"[0.16948094512787878, 0.2245031809320862]",1,31
45285,[0.22135404 0.17318508],45,16,"[0.22214342499776796, 0.1812277944104208]",1,-1
45286,[0.16046837 0.15941689],45,16,"[0.22214342499776796, 0.1812277944104208]",1,-1
45287,[0.25353556 0.1970004 ],45,16,"[0.22214342499776796, 0.1812277944104208]",1,-1
45288,[0.22096911 0.26007892],45,21,"[0.16948094512787878, 0.2245031809320862]",1,-1
45289,[0.17692906 0.21115254],45,21,"[0.16948094512787878, 0.2245031809320862]",1,-1
45290,[0.23816612 0.16545821],45,16,"[0.22214342499776796, 0.1812277944104208]",1,-1
45291,[0.10577797 0.07432806],45,-1,-1,-1,-1
45292,[0.1667333  0.20055974],45,21,"[0.16948094512787878, 0.2245031809320862]",1,-1
45293,[0.16385059 0.22123889],45,21,"[0.16948094512787878, 0.2245031809320862]",1,-1
45294,[0.21829199 0.14710436],45,16,"[0.22214342499776796, 0.1812277944104208]",1,-1
45295,[0.27653916 0.1845359 ],45,31,"[0.29817086118518243, 0.1888907481789387]",1,-1
45296,[0.18663597 0.11414119],45,-1,-1,1,-1
45297,[0.25708311 0.06194342],45,-1,-1,-1,-1
45298,[0.22413819 0.21776106],45,16,"[0.22214342499776796, 0.1812277944104208]",1,-1
45299,[0.21756574 0.16769777],45,16,"[0.22214342499776796, 0.1812277944104208]",1,-1
45300,[0.13936434 0.21838934],45,21,"[0.16948094512787878, 0.2245031809320862]",1,-1
45301,[0.20778308 0.26531505],45,21,"[0.16948094512787878, 0.2245031809320862]",1,32
45302,[0.1572098  0.16541733],45,21,"[0.16948094512787878, 0.2245031809320862]",1,-1
45303,[0.18901252 0.146844  ],45,16,"[0.22214342499776796, 0.1812277944104208]",1,-1
45304,[0.1524133  0.21025409],45,21,"[0.16948094512787878, 0.2245031809320862]",1,-1
45305,[0.12408029 0.29504218],45,-1,-1,1,-1
45306,[0.17131496 0.23010208],45,21,"[0.16948094512787878, 0.2245031809320862]",1,-1
45307,[0.19032857 0.18138568],45,16,"[0.22214342499776796, 0.1812277944104208]",1,-1
45308,[0.27861839 0.16046351],45,31,"[0.29817086118518243, 0.1888907481789387]",1,-1
45309,[0.16346507 0.15461468],45,16,"[0.22214342499776796, 0.1812277944104208]",1,-1
45310,[0.16215433 0.26307109],45,21,"[0.16948094512787878, 0.2245031809320862]",1,-1
45311,[0.26803249 0.095114  ],45,-1,-1,1,-1
45312,[0.16016517 0.15511675],45,16,"[0.22214342499776796, 0.1812277944104208]",1,-1
45313,[0.12769812 0.2407382 ],45,21,"[0.16948094512787878, 0.2245031809320862]",1,-1
45314,[0.12612408 0.17496941],45,21,"[0.16948094512787878, 0.2245031809320862]",1,-1
45315,[0.21324009 0.09420005],45,-1,-1,1,-1
45316,[0.26977635 0.22126566],45,31,"[0.29817086118518243, 0.1888907481789387]",1,-1
45317,[0.32794613 0.18165667],45,31,"[0.29817086118518243, 0.1888907481789387]",1,-1
45318,[0.20134862 0.2240981 ],45,21,"[0.16948094512787878, 0.2245031809320862]",1,31
45319,[0.14720797 0.18416144],45,21,"[0.16948094512787878, 0.2245031809320862]",1,-1
45320,[0.05918558 0.1971809 ],45,-1,-1,-1,-1
45321,[0.21611353 0.12289673],45,16,"[0.22214342499776796, 0.1812277944104208]",1,-1
45322,[0.25865536 0.2338822 ],45,31,"[0.29817086118518243, 0.1888907481789387]",1,-1
45323,[0.20098443 0.09413845],45,-1,-1,1,-1
45324,[0.19298133 0.24652453],45,21,"[0.16948094512787878, 0.2245031809320862]",1,-1
45325,[0.22124577 0.2490594 ],45,21,"[0.16948094512787878, 0.2245031809320862]",1,31
45326,[0.23542095 0.19990651],45,16,"[0.22214342499776796, 0.1812277944104208]",1,-1
45327,[0.20493413 0.21347944],45,16,"[0.22214342499776796, 0.1812277944104208]",1,31
45328,[0.15877352 0.14284933],45,-1,-1,1,-1
45329,[0.16166554 0.23103776],45,21,"[0.16948094512787878, 0.2245031809320862]",1,-1
45330,[0.22019693 0.17646086],45,16,"[0.22214342499776796, 0.1812277944104208]",1,-1
45331,[0.26023498 0.14054714],45,16,"[0.22214342499776796, 0.1812277944104208]",1,-1
45332,[0.16002223 0.20701726],45,21,"[0.16948094512787878, 0.2245031809320862]",1,-1
45333,[0.1338622 0.1924419],45,21,"[0.16948094512787878, 0.2245031809320862]",1,-1
45334,[0.25378403 0.18347498],45,16,"[0.22214342499776796, 0.1812277944104208]",1,22
45335,[0.24398861 0.16018964],45,16,"[0.22214342499776796, 0.1812277944104208]",1,-1
45336,[0.22819152 0.19899763],45,16,"[0.22214342499776796, 0.1812277944104208]",1,31
45337,[0.17511378 0.21780764],45,21,"[0.16948094512787878, 0.2245031809320862]",1,-1
45338,[0.14898078 0.11770541],45,-1,-1,1,-1
45339,[0.19306748 0.08592201],45,-1,-1,1,-1
45340,[0.22815295 0.13483807],45,16,"[0.22214342499776796, 0.1812277944104208]",1,-1
45341,[0.14148917 0.13400474],45,-1,-1,1,-1
45342,[0.14669976 0.14439259],45,-1,-1,1,-1
45343,[0.21502154 0.22968715],45,21,"[0.16948094512787878, 0.2245031809320862]",1,-1
45344,[0.21893194 0.23430744],45,21,"[0.16948094512787878, 0.2245031809320862]",1,-1
45345,[0.12312308 0.19346332],45,21,"[0.16948094512787878, 0.2245031809320862]",1,-1
45346,[0.19249667 0.22935042],45,21,"[0.16948094512787878, 0.2245031809320862]",1,-1
45347,[0.17750741 0.2704096 ],45,21,"[0.16948094512787878, 0.2245031809320862]",1,-1
45348,[0.19455212 0.13971723],45,16,"[0.22214342499776796, 0.1812277944104208]",1,-1
45349,[0.19679786 0.13945236],45,16,"[0.22214342499776796, 0.1812277944104208]",1,-1
45350,[0.13784787 0.22723232],45,21,"[0.16948094512787878, 0.2245031809320862]",1,-1
45351,[0.27303605 0.22085081],45,31,"[0.29817086118518243, 0.1888907481789387]",1,-1
45352,[0.17622258 0.13706915],45,16,"[0.22214342499776796, 0.1812277944104208]",1,-1
45353,[0.16708395 0.15510853],45,16,"[0.22214342499776796, 0.1812277944104208]",1,-1
45354,[0.20827671 0.16878652],45,16,"[0.22214342499776796, 0.1812277944104208]",1,-1
45355,[0.19896673 0.16545096],45,16,"[0.22214342499776796, 0.1812277944104208]",1,-1
45356,[0.2055605  0.22325334],45,21,"[0.16948094512787878, 0.2245031809320862]",1,-1
45357,[0.15888277 0.18821438],45,21,"[0.16948094512787878, 0.2245031809320862]",1,-1
45358,[0.16201671 0.24024908],45,21,"[0.16948094512787878, 0.2245031809320862]",1,-1
45359,[0.15533621 0.20970411],45,21,"[0.16948094512787878, 0.2245031809320862]",1,-1
45360,[0.11502014 0.15326978],45,-1,-1,1,-1
45361,[0.19917754 0.18347365],45,16,"[0.22214342499776796, 0.1812277944104208]",1,-1
45362,[0.18167502 0.26901035],45,21,"[0.16948094512787878, 0.2245031809320862]",1,-1
45363,[0.15378597 0.16907158],45,21,"[0.16948094512787878, 0.2245031809320862]",1,-1
45364,[0.23532781 0.25345659],45,7,"[0.2880919156697789, 0.2889500356712737]",1,-1
45365,[0.11339123 0.2749692 ],45,-1,-1,1,-1
45366,[0.10963913 0.15715053],45,-1,-1,1,-1
45367,[0.26678754 0.14765899],45,31,"[0.29817086118518243, 0.1888907481789387]",1,-1
45368,[0.23786667 0.09626309],45,-1,-1,1,-1
45369,[0.24597676 0.23066483],45,16,"[0.22214342499776796, 0.1812277944104208]",1,-1
45370,[0.19806154 0.2529505 ],45,21,"[0.16948094512787878, 0.2245031809320862]",1,-1
45371,[0.11303953 0.25327825],45,21,"[0.16948094512787878, 0.2245031809320862]",1,-1
45372,[0.21763304 0.19852669],45,16,"[0.22214342499776796, 0.1812277944104208]",1,-1
45373,[0.18090279 0.1543445 ],45,16,"[0.22214342499776796, 0.1812277944104208]",1,-1
45374,[0.17819207 0.15337947],45,16,"[0.22214342499776796, 0.1812277944104208]",1,-1
45375,[0.1894205  0.22681944],45,21,"[0.16948094512787878, 0.2245031809320862]",1,-1
45376,[0.21467919 0.09672577],45,-1,-1,1,-1
45377,[0.20155822 0.29288249],45,15,"[0.188292755006214, 0.3253570325311902]",1,-1
45378,[0.18932089 0.24463617],45,21,"[0.16948094512787878, 0.2245031809320862]",1,-1
45379,[0.11991848 0.18350681],45,21,"[0.16948094512787878, 0.2245031809320862]",1,-1
45380,[0.19292686 0.1828914 ],45,16,"[0.22214342499776796, 0.1812277944104208]",1,-1
45381,[0.28789994 0.21767815],45,31,"[0.29817086118518243, 0.1888907481789387]",1,-1
45382,[0.25308969 0.15568456],45,16,"[0.22214342499776796, 0.1812277944104208]",1,-1
45383,[0.26766593 0.22066555],45,31,"[0.29817086118518243, 0.1888907481789387]",1,-1
45384,[0.14840387 0.19817888],45,21,"[0.16948094512787878, 0.2245031809320862]",1,-1
45385,[0.1400479  0.19083269],45,21,"[0.16948094512787878, 0.2245031809320862]",1,-1
45386,[0.19152649 0.12659878],45,16,"[0.22214342499776796, 0.1812277944104208]",1,-1
45387,[0.21572556 0.23721078],45,21,"[0.16948094512787878, 0.2245031809320862]",1,-1
45388,[0.16221903 0.16609411],45,21,"[0.16948094512787878, 0.2245031809320862]",1,-1
45389,[0.22294249 0.1710256 ],45,16,"[0.22214342499776796, 0.1812277944104208]",1,-1
45390,[0.24005004 0.1584328 ],45,16,"[0.22214342499776796, 0.1812277944104208]",1,-1
45391,[0.23931884 0.23643187],45,16,"[0.22214342499776796, 0.1812277944104208]",1,-1
45392,[0.19991163 0.23879367],45,21,"[0.16948094512787878, 0.2245031809320862]",1,31
45393,[0.12875694 0.15279188],45,-1,-1,1,-1
45394,[0.17329428 0.22098054],45,21,"[0.16948094512787878, 0.2245031809320862]",1,-1
45395,[0.24859402 0.17202486],45,16,"[0.22214342499776796, 0.1812277944104208]",1,-1
45396,[0.14979256 0.13297482],45,-1,-1,1,-1
45397,[0.22193991 0.17436677],45,16,"[0.22214342499776796, 0.1812277944104208]",1,-1
45398,[0.21605854 0.20101906],45,16,"[0.22214342499776796, 0.1812277944104208]",1,-1
45399,[0.20885985 0.15474039],45,16,"[0.22214342499776796, 0.1812277944104208]",1,-1
45400,[0.18966888 0.19696606],45,21,"[0.16948094512787878, 0.2245031809320862]",1,-1
45401,[0.18182577 0.18187167],45,16,"[0.22214342499776796, 0.1812277944104208]",1,-1
45402,[0.15760634 0.18449028],45,21,"[0.16948094512787878, 0.2245031809320862]",1,-1
45403,[0.18663555 0.13082312],45,16,"[0.22214342499776796, 0.1812277944104208]",1,-1
45404,[0.15750197 0.15918581],45,21,"[0.16948094512787878, 0.2245031809320862]",1,-1
45405,[0.19416001 0.18196676],45,16,"[0.22214342499776796, 0.1812277944104208]",1,-1
45406,[0.24054837 0.22740281],45,16,"[0.22214342499776796, 0.1812277944104208]",1,31
45407,[0.21956936 0.2081637 ],45,16,"[0.22214342499776796, 0.1812277944104208]",1,31
45408,[0.17202232 0.33426147],45,15,"[0.188292755006214, 0.3253570325311902]",1,-1
45409,[0.22574366 0.22354961],45,16,"[0.22214342499776796, 0.1812277944104208]",1,31
45410,[0.22046862 0.23442627],45,21,"[0.16948094512787878, 0.2245031809320862]",1,-1
45411,[0.31036752 0.14891151],45,31,"[0.29817086118518243, 0.1888907481789387]",1,-1
45412,[0.20749261 0.15643689],45,16,"[0.22214342499776796, 0.1812277944104208]",1,-1
45413,[0.18452504 0.20179568],45,21,"[0.16948094512787878, 0.2245031809320862]",1,-1
45414,[0.20468278 0.16444088],45,16,"[0.22214342499776796, 0.1812277944104208]",1,-1
45415,[0.18629792 0.20315884],45,21,"[0.16948094512787878, 0.2245031809320862]",1,-1
45416,[0.22419257 0.1295865 ],45,16,"[0.22214342499776796, 0.1812277944104208]",1,-1
45417,[0.1316326 0.1298198],45,-1,-1,1,-1
45418,[0.13789744 0.14698496],45,-1,-1,1,-1
45419,[0.1571622  0.24028272],45,21,"[0.16948094512787878, 0.2245031809320862]",1,-1
45420,[0.24079203 0.27063169],45,7,"[0.2880919156697789, 0.2889500356712737]",1,-1
45421,[0.25317602 0.148109  ],45,16,"[0.22214342499776796, 0.1812277944104208]",1,-1
45422,[0.22580475 0.16820877],45,16,"[0.22214342499776796, 0.1812277944104208]",1,-1
45423,[0.10003603 0.21539746],45,-1,-1,1,-1
45424,[0.20354692 0.20864925],45,16,"[0.22214342499776796, 0.1812277944104208]",1,-1
45425,[0.10799134 0.11011476],45,-1,-1,-1,-1
45426,[0.21745815 0.13048605],45,16,"[0.22214342499776796, 0.1812277944104208]",1,-1
45427,[0.2233373  0.15258351],45,16,"[0.22214342499776796, 0.1812277944104208]",1,-1
45428,[0.22278354 0.12324378],45,16,"[0.22214342499776796, 0.1812277944104208]",1,-1
45429,[0.16030547 0.21274732],45,21,"[0.16948094512787878, 0.2245031809320862]",1,-1
45430,[0.29327332 0.12930363],45,31,"[0.29817086118518243, 0.1888907481789387]",1,-1
45431,[0.15339245 0.13731768],45,-1,-1,1,-1
45432,[0.14612749 0.17434937],45,21,"[0.16948094512787878, 0.2245031809320862]",1,-1
45433,[0.2783507  0.23008934],45,31,"[0.29817086118518243, 0.1888907481789387]",1,30
45434,[0.11522879 0.20062366],45,21,"[0.16948094512787878, 0.2245031809320862]",1,-1
45435,[0.18432766 0.15913985],45,16,"[0.22214342499776796, 0.1812277944104208]",1,-1
45436,[0.23448118 0.22769157],45,16,"[0.22214342499776796, 0.1812277944104208]",1,31
45437,[0.17294106 0.11860385],45,-1,-1,1,-1
45438,[0.14839998 0.16480088],45,21,"[0.16948094512787878, 0.2245031809320862]",1,-1
45439,[0.24964268 0.12078532],45,16,"[0.22214342499776796, 0.1812277944104208]",1,-1
45440,[0.18745583 0.18521354],45,16,"[0.22214342499776796, 0.1812277944104208]",1,-1
45441,[0.20918593 0.26648505],45,21,"[0.16948094512787878, 0.2245031809320862]",1,32
45442,[0.14440456 0.27258623],45,21,"[0.16948094512787878, 0.2245031809320862]",1,-1
45443,[0.31279137 0.2218997 ],45,31,"[0.29817086118518243, 0.1888907481789387]",1,-1
45444,[0.23710155 0.23629488],45,16,"[0.22214342499776796, 0.1812277944104208]",1,-1
45445,[0.20225522 0.14313801],45,16,"[0.22214342499776796, 0.1812277944104208]",1,-1
45446,[0.23726418 0.1976056 ],45,16,"[0.22214342499776796, 0.1812277944104208]",1,-1
45447,[0.263802   0.20042764],45,31,"[0.29817086118518243, 0.1888907481789387]",1,30
45448,[0.17451817 0.22570322],45,21,"[0.16948094512787878, 0.2245031809320862]",1,-1
45449,[0.27842536 0.13239313],45,31,"[0.29817086118518243, 0.1888907481789387]",1,-1
45450,[0.03598516 0.14472767],45,-1,-1,-1,-1
45451,[0.17274004 0.19668587],45,21,"[0.16948094512787878, 0.2245031809320862]",1,-1
45452,[0.18838706 0.19460037],45,21,"[0.16948094512787878, 0.2245031809320862]",1,-1
45453,[0.26049166 0.12026705],45,-1,-1,1,-1
45454,[0.15170566 0.16280724],45,21,"[0.16948094512787878, 0.2245031809320862]",1,-1
45455,[0.1876767 0.2129373],45,21,"[0.16948094512787878, 0.2245031809320862]",1,-1
45456,[0.2649266  0.18376847],45,31,"[0.29817086118518243, 0.1888907481789387]",1,-1
45457,[0.2006186  0.09864055],45,-1,-1,1,-1
45458,[0.160396   0.15768307],45,16,"[0.22214342499776796, 0.1812277944104208]",1,-1
45459,[0.19924423 0.21482339],45,21,"[0.16948094512787878, 0.2245031809320862]",1,31
45460,[0.13191768 0.13497795],45,-1,-1,1,-1
45461,[0.19723404 0.14689301],45,16,"[0.22214342499776796, 0.1812277944104208]",1,-1
45462,[0.14449312 0.16334461],45,21,"[0.16948094512787878, 0.2245031809320862]",1,-1
45463,[0.20819018 0.21514692],45,16,"[0.22214342499776796, 0.1812277944104208]",1,31
45464,[0.1515923  0.11183201],45,-1,-1,1,-1
45465,[0.17234247 0.23176089],45,21,"[0.16948094512787878, 0.2245031809320862]",1,-1
45466,[0.19950284 0.2143145 ],45,21,"[0.16948094512787878, 0.2245031809320862]",1,31
45467,[0.19930507 0.11825092],45,16,"[0.22214342499776796, 0.1812277944104208]",1,-1
45468,[0.22816227 0.14153452],45,16,"[0.22214342499776796, 0.1812277944104208]",1,-1
45469,[0.18807768 0.07817479],45,-1,-1,1,-1
45470,[0.110826   0.14485986],45,-1,-1,1,-1
45471,[0.03732963 0.26819446],45,-1,-1,-1,-1
45472,[0.21975735 0.06531309],45,-1,-1,1,-1
45473,[0.18444047 0.2446362 ],45,21,"[0.16948094512787878, 0.2245031809320862]",1,-1
45474,[0.20706652 0.13856715],45,16,"[0.22214342499776796, 0.1812277944104208]",1,-1
45475,[0.13865104 0.14102907],45,-1,-1,1,-1
45476,[0.17201921 0.22451706],45,21,"[0.16948094512787878, 0.2245031809320862]",1,-1
45477,[0.23261595 0.20312756],45,16,"[0.22214342499776796, 0.1812277944104208]",1,-1
45478,[0.19486196 0.19473339],45,16,"[0.22214342499776796, 0.1812277944104208]",1,-1
45479,[0.23109642 0.1684634 ],45,16,"[0.22214342499776796, 0.1812277944104208]",1,-1
45480,[0.23400396 0.23631861],45,16,"[0.22214342499776796, 0.1812277944104208]",1,-1
45481,[0.09905466 0.18433739],45,-1,-1,1,-1
45482,[0.17647901 0.21363531],45,21,"[0.16948094512787878, 0.2245031809320862]",1,-1
45483,[0.18030761 0.24241295],45,21,"[0.16948094512787878, 0.2245031809320862]",1,-1
45484,[0.16669498 0.13834889],45,-1,-1,1,-1
45485,[0.15120027 0.27588794],45,21,"[0.16948094512787878, 0.2245031809320862]",1,-1
45486,[0.3074425 0.2599376],45,7,"[0.2880919156697789, 0.2889500356712737]",1,-1
45487,[0.19525174 0.13140523],45,16,"[0.22214342499776796, 0.1812277944104208]",1,-1
45488,[0.14816405 0.20029877],45,21,"[0.16948094512787878, 0.2245031809320862]",1,-1
45489,[0.25784843 0.17339739],45,16,"[0.22214342499776796, 0.1812277944104208]",1,-1
45490,[0.12525352 0.12845677],45,-1,-1,1,-1
45491,[0.19868798 0.13455497],45,16,"[0.22214342499776796, 0.1812277944104208]",1,-1
45492,[0.11168914 0.24505921],45,21,"[0.16948094512787878, 0.2245031809320862]",1,-1
45493,[0.28420764 0.19457912],45,31,"[0.29817086118518243, 0.1888907481789387]",1,-1
45494,[0.18893646 0.18771057],45,16,"[0.22214342499776796, 0.1812277944104208]",1,-1
45495,[0.27309077 0.22153993],45,31,"[0.29817086118518243, 0.1888907481789387]",1,-1
45496,[0.22726439 0.13587403],45,16,"[0.22214342499776796, 0.1812277944104208]",1,-1
45497,[0.2354556  0.18596631],45,16,"[0.22214342499776796, 0.1812277944104208]",1,-1
45498,[0.11999645 0.22979235],45,21,"[0.16948094512787878, 0.2245031809320862]",1,-1
45499,[0.28745304 0.17680266],45,31,"[0.29817086118518243, 0.1888907481789387]",1,-1
45500,[0.22923861 0.19357422],45,16,"[0.22214342499776796, 0.1812277944104208]",1,-1
45501,[0.22121112 0.24673528],45,21,"[0.16948094512787878, 0.2245031809320862]",1,31
45502,[0.21533476 0.25021495],45,21,"[0.16948094512787878, 0.2245031809320862]",1,-1
45503,[0.26086846 0.16089828],45,16,"[0.22214342499776796, 0.1812277944104208]",1,-1
45504,[0.16044934 0.19059601],45,21,"[0.16948094512787878, 0.2245031809320862]",1,-1
45505,[0.18730989 0.19855887],45,21,"[0.16948094512787878, 0.2245031809320862]",1,-1
45506,[0.31248281 0.17467872],45,31,"[0.29817086118518243, 0.1888907481789387]",1,-1
45507,[0.1873624  0.14409207],45,16,"[0.22214342499776796, 0.1812277944104208]",1,-1
45508,[0.27922122 0.19813442],45,31,"[0.29817086118518243, 0.1888907481789387]",1,-1
45509,[0.20681905 0.13632462],45,16,"[0.22214342499776796, 0.1812277944104208]",1,-1
45510,[0.2610815  0.20862987],45,31,"[0.29817086118518243, 0.1888907481789387]",1,30
45511,[0.14441451 0.2071588 ],45,21,"[0.16948094512787878, 0.2245031809320862]",1,-1
45512,[0.24110605 0.16991823],45,16,"[0.22214342499776796, 0.1812277944104208]",1,-1
45513,[0.18458336 0.22547974],45,21,"[0.16948094512787878, 0.2245031809320862]",1,-1
45514,[0.30240745 0.19390171],45,31,"[0.29817086118518243, 0.1888907481789387]",1,-1
45515,[0.27515275 0.29735099],45,7,"[0.2880919156697789, 0.2889500356712737]",1,-1
45516,[0.22520931 0.20511714],45,16,"[0.22214342499776796, 0.1812277944104208]",1,-1
45517,[0.22512451 0.22968138],45,16,"[0.22214342499776796, 0.1812277944104208]",1,31
45518,[0.19167475 0.17070762],45,16,"[0.22214342499776796, 0.1812277944104208]",1,-1
45519,[0.1714057  0.13698933],45,16,"[0.22214342499776796, 0.1812277944104208]",1,-1
45520,[0.18227388 0.2129093 ],45,21,"[0.16948094512787878, 0.2245031809320862]",1,-1
45521,[0.15349924 0.17162281],45,21,"[0.16948094512787878, 0.2245031809320862]",1,-1
45522,[0.21723038 0.24036366],45,21,"[0.16948094512787878, 0.2245031809320862]",1,-1
45523,[0.19102624 0.23853629],45,21,"[0.16948094512787878, 0.2245031809320862]",1,-1
45524,[0.216196   0.15957483],45,16,"[0.22214342499776796, 0.1812277944104208]",1,-1
45525,[0.22236203 0.1863792 ],45,16,"[0.22214342499776796, 0.1812277944104208]",1,-1
45526,[0.15280776 0.19553774],45,21,"[0.16948094512787878, 0.2245031809320862]",1,-1
45527,[0.14874815 0.22507963],45,21,"[0.16948094512787878, 0.2245031809320862]",1,-1
45528,[0.12644268 0.15388104],45,-1,-1,1,-1
45529,[0.16164812 0.28210622],45,15,"[0.188292755006214, 0.3253570325311902]",1,-1
45530,[0.17549114 0.1498561 ],45,16,"[0.22214342499776796, 0.1812277944104208]",1,-1
45531,[0.20860995 0.15958503],45,16,"[0.22214342499776796, 0.1812277944104208]",1,-1
45532,[0.18345349 0.17482132],45,16,"[0.22214342499776796, 0.1812277944104208]",1,-1
45533,[0.28163363 0.18071122],45,31,"[0.29817086118518243, 0.1888907481789387]",1,-1
45534,[0.21966882 0.15382638],45,16,"[0.22214342499776796, 0.1812277944104208]",1,-1
45535,[0.28787382 0.18833664],45,31,"[0.29817086118518243, 0.1888907481789387]",1,-1
45536,[0.12162951 0.17170077],45,-1,-1,1,-1
45537,[0.13859201 0.27411215],45,21,"[0.16948094512787878, 0.2245031809320862]",1,-1
45538,[0.23855632 0.20844835],45,16,"[0.22214342499776796, 0.1812277944104208]",1,-1
45539,[0.1576688  0.22701949],45,21,"[0.16948094512787878, 0.2245031809320862]",1,-1
45540,[0.17562959 0.20728662],45,21,"[0.16948094512787878, 0.2245031809320862]",1,-1
45541,[0.22385811 0.12317563],45,16,"[0.22214342499776796, 0.1812277944104208]",1,-1
45542,[0.18705881 0.25473666],45,21,"[0.16948094512787878, 0.2245031809320862]",1,-1
45543,[0.26178684 0.19147179],45,31,"[0.29817086118518243, 0.1888907481789387]",1,-1
45544,[0.13113342 0.20750013],45,21,"[0.16948094512787878, 0.2245031809320862]",1,-1
45545,[0.1778422  0.19459068],45,21,"[0.16948094512787878, 0.2245031809320862]",1,-1
45546,[0.19995041 0.26308076],45,21,"[0.16948094512787878, 0.2245031809320862]",1,32
45547,[0.20528615 0.23010956],45,21,"[0.16948094512787878, 0.2245031809320862]",1,-1
45548,[0.21170078 0.12600124],45,16,"[0.22214342499776796, 0.1812277944104208]",1,-1
45549,[0.2227717  0.22722376],45,16,"[0.22214342499776796, 0.1812277944104208]",1,31
45550,[0.21268677 0.19907986],45,16,"[0.22214342499776796, 0.1812277944104208]",1,31
45551,[0.16250448 0.20230354],45,21,"[0.16948094512787878, 0.2245031809320862]",1,-1
45552,[0.13361537 0.26959304],45,21,"[0.16948094512787878, 0.2245031809320862]",1,-1
45553,[0.24883134 0.17222924],45,16,"[0.22214342499776796, 0.1812277944104208]",1,-1
45554,[0.12148177 0.22037272],45,21,"[0.16948094512787878, 0.2245031809320862]",1,-1
45555,[0.3069647  0.21813992],45,31,"[0.29817086118518243, 0.1888907481789387]",1,-1
45556,[0.20212699 0.16990724],45,16,"[0.22214342499776796, 0.1812277944104208]",1,-1
45557,[0.13536614 0.27862498],45,21,"[0.16948094512787878, 0.2245031809320862]",1,-1
45558,[0.19765526 0.23479085],45,21,"[0.16948094512787878, 0.2245031809320862]",1,-1
45559,[0.19310014 0.23138714],45,21,"[0.16948094512787878, 0.2245031809320862]",1,-1
45560,[0.12029381 0.08116479],45,-1,-1,-1,-1
45561,[0.17278106 0.16826202],45,16,"[0.22214342499776796, 0.1812277944104208]",1,-1
45562,[0.12709847 0.16965305],45,21,"[0.16948094512787878, 0.2245031809320862]",1,-1
45563,[0.15461273 0.21384729],45,21,"[0.16948094512787878, 0.2245031809320862]",1,-1
45564,[0.17603872 0.12594822],45,-1,-1,1,-1
45565,[0.21181198 0.18483289],45,16,"[0.22214342499776796, 0.1812277944104208]",1,-1
45566,[0.15540511 0.25217702],45,21,"[0.16948094512787878, 0.2245031809320862]",1,-1
45567,[0.17711186 0.3075784 ],45,15,"[0.188292755006214, 0.3253570325311902]",1,-1
45568,[0.13205976 0.11553231],45,-1,-1,1,-1
45569,[0.21686916 0.25225914],45,21,"[0.16948094512787878, 0.2245031809320862]",1,-1
45570,[0.1230339  0.26115536],45,21,"[0.16948094512787878, 0.2245031809320862]",1,-1
45571,[0.1564209  0.19975157],45,21,"[0.16948094512787878, 0.2245031809320862]",1,-1
45572,[0.22250449 0.18356822],45,16,"[0.22214342499776796, 0.1812277944104208]",1,-1
45573,[0.28275048 0.19387575],45,31,"[0.29817086118518243, 0.1888907481789387]",1,-1
45574,[0.20030558 0.1905633 ],45,16,"[0.22214342499776796, 0.1812277944104208]",1,-1
45575,[0.2827021  0.17398745],45,31,"[0.29817086118518243, 0.1888907481789387]",1,-1
45576,[0.23619042 0.16740364],45,16,"[0.22214342499776796, 0.1812277944104208]",1,-1
45577,[0.20210676 0.21860478],45,21,"[0.16948094512787878, 0.2245031809320862]",1,31
45578,[0.17352898 0.12520799],45,-1,-1,1,-1
45579,[0.32491272 0.17077929],45,31,"[0.29817086118518243, 0.1888907481789387]",1,-1
45580,[0.24256611 0.12885105],45,16,"[0.22214342499776796, 0.1812277944104208]",1,-1
45581,[0.23520171 0.1498158 ],45,16,"[0.22214342499776796, 0.1812277944104208]",1,-1
45582,[0.19127378 0.19392974],45,16,"[0.22214342499776796, 0.1812277944104208]",1,-1
45583,[0.22246442 0.22367711],45,16,"[0.22214342499776796, 0.1812277944104208]",1,31
45584,[0.2593464  0.23326962],45,31,"[0.29817086118518243, 0.1888907481789387]",1,-1
45585,[0.14146042 0.23579856],45,21,"[0.16948094512787878, 0.2245031809320862]",1,-1
45586,[0.25199909 0.17983056],45,16,"[0.22214342499776796, 0.1812277944104208]",1,22
45587,[0.13154311 0.24046852],45,21,"[0.16948094512787878, 0.2245031809320862]",1,-1
45588,[0.19453096 0.17229585],45,16,"[0.22214342499776796, 0.1812277944104208]",1,-1
45589,[0.20746217 0.23353562],45,21,"[0.16948094512787878, 0.2245031809320862]",1,-1
45590,[0.25367747 0.29118225],45,7,"[0.2880919156697789, 0.2889500356712737]",1,25
45591,[0.21037024 0.16896693],45,16,"[0.22214342499776796, 0.1812277944104208]",1,-1
45592,[0.21702757 0.18665012],45,16,"[0.22214342499776796, 0.1812277944104208]",1,-1
45593,[0.30608274 0.18830424],45,31,"[0.29817086118518243, 0.1888907481789387]",1,-1
45594,[0.20596829 0.1077736 ],45,-1,-1,1,-1
45595,[0.23523252 0.24940507],45,7,"[0.2880919156697789, 0.2889500356712737]",1,-1
45596,[0.21131174 0.12677913],45,16,"[0.22214342499776796, 0.1812277944104208]",1,-1
45597,[0.17983733 0.12804882],45,16,"[0.22214342499776796, 0.1812277944104208]",1,-1
45598,[0.11926903 0.16780456],45,-1,-1,1,-1
45599,[0.1282842  0.19558151],45,21,"[0.16948094512787878, 0.2245031809320862]",1,-1
45600,[0.19331787 0.20299119],45,21,"[0.16948094512787878, 0.2245031809320862]",1,-1
45601,[0.22926696 0.13773438],45,16,"[0.22214342499776796, 0.1812277944104208]",1,-1
45602,[0.15442079 0.23392513],45,21,"[0.16948094512787878, 0.2245031809320862]",1,-1
45603,[0.17660867 0.14255648],45,16,"[0.22214342499776796, 0.1812277944104208]",1,-1
45604,[0.24006891 0.13432746],45,16,"[0.22214342499776796, 0.1812277944104208]",1,-1
45605,[0.19512095 0.04563835],45,-1,-1,-1,-1
45606,[0.30617477 0.19698858],45,31,"[0.29817086118518243, 0.1888907481789387]",1,-1
45607,[0.20714765 0.14600874],45,16,"[0.22214342499776796, 0.1812277944104208]",1,-1
45608,[0.12506501 0.0996556 ],45,-1,-1,1,-1
45609,[0.20323395 0.25335565],45,21,"[0.16948094512787878, 0.2245031809320862]",1,-1
45610,[0.19101831 0.14567826],45,16,"[0.22214342499776796, 0.1812277944104208]",1,-1
45611,[0.20191059 0.20174466],45,16,"[0.22214342499776796, 0.1812277944104208]",1,-1
45612,[0.14525501 0.10383237],45,-1,-1,1,-1
45613,[0.22506597 0.10435249],45,-1,-1,1,-1
45614,[0.28243446 0.09201028],45,-1,-1,1,-1
45615,[0.28951893 0.24420843],45,7,"[0.2880919156697789, 0.2889500356712737]",1,-1
45616,[0.25127398 0.31401195],45,7,"[0.2880919156697789, 0.2889500356712737]",1,-1
45617,[0.22314981 0.16293053],45,16,"[0.22214342499776796, 0.1812277944104208]",1,-1
45618,[0.13474236 0.15405295],45,-1,-1,1,-1
45619,[0.15633621 0.10999754],45,-1,-1,1,-1
45620,[0.20058953 0.17043873],45,16,"[0.22214342499776796, 0.1812277944104208]",1,-1
45621,[0.15490155 0.14354357],45,-1,-1,1,-1
45622,[0.19340329 0.21586481],45,21,"[0.16948094512787878, 0.2245031809320862]",1,31
45623,[0.15176721 0.1492189 ],45,-1,-1,1,-1
45624,[0.18808445 0.23864641],45,21,"[0.16948094512787878, 0.2245031809320862]",1,-1
45625,[0.20213552 0.21507689],45,21,"[0.16948094512787878, 0.2245031809320862]",1,31
45626,[0.15609267 0.16097888],45,21,"[0.16948094512787878, 0.2245031809320862]",1,-1
45627,[0.20102417 0.25920865],45,21,"[0.16948094512787878, 0.2245031809320862]",1,32
45628,[0.25730092 0.24569951],45,7,"[0.2880919156697789, 0.2889500356712737]",1,28
45629,[0.22354616 0.18743936],45,16,"[0.22214342499776796, 0.1812277944104208]",1,-1
45630,[0.1944165  0.17621729],45,16,"[0.22214342499776796, 0.1812277944104208]",1,-1
45631,[0.16291596 0.26123077],45,21,"[0.16948094512787878, 0.2245031809320862]",1,-1
45632,[0.17879472 0.21308986],45,21,"[0.16948094512787878, 0.2245031809320862]",1,-1
45633,[0.17638288 0.30262878],45,15,"[0.188292755006214, 0.3253570325311902]",1,-1
45634,[0.17951541 0.21064956],45,21,"[0.16948094512787878, 0.2245031809320862]",1,-1
45635,[0.24348842 0.16577286],45,16,"[0.22214342499776796, 0.1812277944104208]",1,-1
45636,[0.15505161 0.2137819 ],45,21,"[0.16948094512787878, 0.2245031809320862]",1,-1
45637,[0.21069722 0.19222972],45,16,"[0.22214342499776796, 0.1812277944104208]",1,-1
45638,[0.28417532 0.2059711 ],45,31,"[0.29817086118518243, 0.1888907481789387]",1,-1
45639,[0.2209413  0.18334519],45,16,"[0.22214342499776796, 0.1812277944104208]",1,-1
45640,[0.26804974 0.21521824],45,31,"[0.29817086118518243, 0.1888907481789387]",1,30
45641,[0.22811743 0.2387986 ],45,16,"[0.22214342499776796, 0.1812277944104208]",1,31
45642,[0.17542015 0.18168763],45,21,"[0.16948094512787878, 0.2245031809320862]",1,-1
45643,[0.24274846 0.14888826],45,16,"[0.22214342499776796, 0.1812277944104208]",1,-1
45644,[0.15188802 0.27957471],45,21,"[0.16948094512787878, 0.2245031809320862]",1,-1
45645,[0.20233554 0.22815724],45,21,"[0.16948094512787878, 0.2245031809320862]",1,-1
45646,[0.17167851 0.1981264 ],45,21,"[0.16948094512787878, 0.2245031809320862]",1,-1
45647,[0.17559394 0.19175049],45,21,"[0.16948094512787878, 0.2245031809320862]",1,-1
45648,[0.21922538 0.15420057],45,16,"[0.22214342499776796, 0.1812277944104208]",1,-1
45649,[0.20351275 0.1684968 ],45,16,"[0.22214342499776796, 0.1812277944104208]",1,-1
45650,[0.25194403 0.2343043 ],45,16,"[0.22214342499776796, 0.1812277944104208]",1,-1
45651,[0.19108016 0.0850861 ],45,-1,-1,1,-1
45652,[0.1816474  0.19519142],45,21,"[0.16948094512787878, 0.2245031809320862]",1,-1
45653,[0.28761363 0.18621238],45,31,"[0.29817086118518243, 0.1888907481789387]",1,-1
45654,[0.25382302 0.24189066],45,7,"[0.2880919156697789, 0.2889500356712737]",1,28
45655,[0.14869462 0.12073618],45,-1,-1,1,-1
45656,[0.17096061 0.16000982],45,16,"[0.22214342499776796, 0.1812277944104208]",1,-1
45657,[0.19229554 0.27547588],45,15,"[0.188292755006214, 0.3253570325311902]",1,-1
45658,[0.21922238 0.23445676],45,21,"[0.16948094512787878, 0.2245031809320862]",1,31
45659,[0.29411403 0.1817664 ],45,31,"[0.29817086118518243, 0.1888907481789387]",1,-1
45660,[0.17183869 0.10016257],45,-1,-1,1,-1
45661,[0.16155076 0.2157155 ],45,21,"[0.16948094512787878, 0.2245031809320862]",1,-1
45662,[0.22345441 0.20758728],45,16,"[0.22214342499776796, 0.1812277944104208]",1,-1
45663,[0.1407071  0.29412368],45,15,"[0.188292755006214, 0.3253570325311902]",1,-1
45664,[0.18135589 0.21794273],45,21,"[0.16948094512787878, 0.2245031809320862]",1,-1
45665,[0.20162223 0.16374631],45,16,"[0.22214342499776796, 0.1812277944104208]",1,-1
45666,[0.17068842 0.16132149],45,16,"[0.22214342499776796, 0.1812277944104208]",1,-1
45667,[0.20774165 0.13250354],45,16,"[0.22214342499776796, 0.1812277944104208]",1,-1
45668,[0.22493924 0.26380181],45,21,"[0.16948094512787878, 0.2245031809320862]",1,-1
45669,[0.17759967 0.17733592],45,16,"[0.22214342499776796, 0.1812277944104208]",1,-1
45670,[0.1710493 0.1639144],45,16,"[0.22214342499776796, 0.1812277944104208]",1,-1
45671,[0.23245042 0.20948912],45,16,"[0.22214342499776796, 0.1812277944104208]",1,-1
45672,[0.24931932 0.18161224],45,16,"[0.22214342499776796, 0.1812277944104208]",1,22
45673,[0.22554185 0.19228158],45,16,"[0.22214342499776796, 0.1812277944104208]",1,-1
45674,[0.23481922 0.21000825],45,16,"[0.22214342499776796, 0.1812277944104208]",1,-1
45675,[0.06991369 0.19091121],45,-1,-1,1,-1
45676,[0.24289614 0.17670875],45,16,"[0.22214342499776796, 0.1812277944104208]",1,-1
45677,[0.22706097 0.17485817],45,16,"[0.22214342499776796, 0.1812277944104208]",1,-1
45678,[0.21749543 0.23522241],45,21,"[0.16948094512787878, 0.2245031809320862]",1,31
45679,[0.13494411 0.14964531],45,-1,-1,1,-1
45680,[0.25543525 0.24224025],45,7,"[0.2880919156697789, 0.2889500356712737]",1,28
45681,[0.20170791 0.20015935],45,16,"[0.22214342499776796, 0.1812277944104208]",1,-1
45682,[0.21445786 0.217965  ],45,16,"[0.22214342499776796, 0.1812277944104208]",1,31
45683,[0.22231107 0.204482  ],45,16,"[0.22214342499776796, 0.1812277944104208]",1,-1
45684,[0.19162924 0.23235472],45,21,"[0.16948094512787878, 0.2245031809320862]",1,-1
45685,[0.16227233 0.18668058],45,21,"[0.16948094512787878, 0.2245031809320862]",1,-1
45686,[0.20279724 0.22219678],45,21,"[0.16948094512787878, 0.2245031809320862]",1,-1
45687,[0.07605739 0.08068724],45,-1,-1,-1,-1
45688,[0.19595377 0.23869458],45,21,"[0.16948094512787878, 0.2245031809320862]",1,-1
45689,[0.21682709 0.16965253],45,16,"[0.22214342499776796, 0.1812277944104208]",1,-1
45690,[0.1757621  0.15939331],45,16,"[0.22214342499776796, 0.1812277944104208]",1,-1
45691,[0.25028209 0.14447453],45,16,"[0.22214342499776796, 0.1812277944104208]",1,-1
45692,[0.21042878 0.22535258],45,21,"[0.16948094512787878, 0.2245031809320862]",1,-1
45693,[0.11205762 0.22393449],45,21,"[0.16948094512787878, 0.2245031809320862]",1,-1
45694,[0.23339535 0.20873812],45,16,"[0.22214342499776796, 0.1812277944104208]",1,-1
45695,[0.06521465 0.1372509 ],45,-1,-1,-1,-1
45696,[0.16397714 0.16388328],45,16,"[0.22214342499776796, 0.1812277944104208]",1,-1
45697,[0.23449169 0.1669939 ],45,16,"[0.22214342499776796, 0.1812277944104208]",1,-1
45698,[0.1999665  0.27549953],45,15,"[0.188292755006214, 0.3253570325311902]",1,-1
45699,[0.1703873  0.18740835],45,21,"[0.16948094512787878, 0.2245031809320862]",1,-1
45700,[0.12583085 0.14684649],45,-1,-1,1,-1
45701,[0.24433605 0.14258816],45,16,"[0.22214342499776796, 0.1812277944104208]",1,-1
45702,[0.26953463 0.20031607],45,31,"[0.29817086118518243, 0.1888907481789387]",1,-1
45703,[0.24682575 0.2537343 ],45,7,"[0.2880919156697789, 0.2889500356712737]",1,-1
45704,[0.18677527 0.20149579],45,21,"[0.16948094512787878, 0.2245031809320862]",1,-1
45705,[0.21791348 0.12065381],45,16,"[0.22214342499776796, 0.1812277944104208]",1,-1
45706,[0.31744962 0.28904747],45,7,"[0.2880919156697789, 0.2889500356712737]",1,-1
45707,[0.10068344 0.19231536],45,-1,-1,1,-1
45708,[0.19604286 0.24180093],45,21,"[0.16948094512787878, 0.2245031809320862]",1,-1
45709,[0.17917917 0.27741864],45,15,"[0.188292755006214, 0.3253570325311902]",1,-1
45710,[0.14736236 0.06629209],45,-1,-1,-1,-1
45711,[0.28542779 0.19078098],45,31,"[0.29817086118518243, 0.1888907481789387]",1,-1
45712,[0.18184598 0.17022255],45,16,"[0.22214342499776796, 0.1812277944104208]",1,-1
45713,[0.19840764 0.08441728],45,-1,-1,1,-1
45714,[0.26958832 0.18216853],45,31,"[0.29817086118518243, 0.1888907481789387]",1,-1
45715,[0.18379731 0.10740311],45,-1,-1,1,-1
45716,[0.21130106 0.19952782],45,16,"[0.22214342499776796, 0.1812277944104208]",1,31
45717,[0.20392422 0.21134167],45,16,"[0.22214342499776796, 0.1812277944104208]",1,31
45718,[0.19215957 0.15063225],45,16,"[0.22214342499776796, 0.1812277944104208]",1,-1
45719,[0.27354637 0.22566319],45,31,"[0.29817086118518243, 0.1888907481789387]",1,30
45720,[0.14516154 0.20796216],45,21,"[0.16948094512787878, 0.2245031809320862]",1,-1
45721,[0.27493443 0.2008576 ],45,31,"[0.29817086118518243, 0.1888907481789387]",1,-1
45722,[0.24545318 0.14091232],45,16,"[0.22214342499776796, 0.1812277944104208]",1,-1
45723,[0.23271604 0.16821287],45,16,"[0.22214342499776796, 0.1812277944104208]",1,-1
45724,[0.21523105 0.18219281],45,16,"[0.22214342499776796, 0.1812277944104208]",1,-1
45725,[0.26578112 0.28178698],45,7,"[0.2880919156697789, 0.2889500356712737]",1,-1
45726,[0.24065797 0.16367608],45,16,"[0.22214342499776796, 0.1812277944104208]",1,-1
45727,[0.19503211 0.17959782],45,16,"[0.22214342499776796, 0.1812277944104208]",1,-1
45728,[0.13310057 0.18353937],45,21,"[0.16948094512787878, 0.2245031809320862]",1,-1
45729,[0.15944084 0.16199518],45,21,"[0.16948094512787878, 0.2245031809320862]",1,-1
45730,[0.15077914 0.10860783],45,-1,-1,1,-1
45731,[0.14853543 0.16694238],45,21,"[0.16948094512787878, 0.2245031809320862]",1,-1
45732,[0.30756272 0.18897857],45,31,"[0.29817086118518243, 0.1888907481789387]",1,-1
45733,[0.16033507 0.121664  ],45,-1,-1,1,-1
45734,[0.21133145 0.15858975],45,16,"[0.22214342499776796, 0.1812277944104208]",1,-1
45735,[0.17775752 0.25204464],45,21,"[0.16948094512787878, 0.2245031809320862]",1,-1
45736,[0.14864861 0.22587907],45,21,"[0.16948094512787878, 0.2245031809320862]",1,-1
45737,[0.1216163  0.14846584],45,-1,-1,1,-1
45738,[0.19988197 0.22769333],45,21,"[0.16948094512787878, 0.2245031809320862]",1,-1
45739,[0.25111392 0.25625276],45,7,"[0.2880919156697789, 0.2889500356712737]",1,-1
45740,[0.25456649 0.17052865],45,16,"[0.22214342499776796, 0.1812277944104208]",1,-1
45741,[0.30451669 0.13052451],45,31,"[0.29817086118518243, 0.1888907481789387]",1,-1
45742,[0.22399052 0.17026843],45,16,"[0.22214342499776796, 0.1812277944104208]",1,-1
45743,[0.18969063 0.17386848],45,16,"[0.22214342499776796, 0.1812277944104208]",1,-1
45744,[0.14459712 0.20850737],45,21,"[0.16948094512787878, 0.2245031809320862]",1,-1
45745,[0.20909946 0.16599544],45,16,"[0.22214342499776796, 0.1812277944104208]",1,-1
45746,[0.15134928 0.17786329],45,21,"[0.16948094512787878, 0.2245031809320862]",1,-1
45747,[0.25779696 0.22971452],45,31,"[0.29817086118518243, 0.1888907481789387]",1,-1
45748,[0.2608164 0.1821438],45,31,"[0.29817086118518243, 0.1888907481789387]",1,-1
45749,[0.16098332 0.21667595],45,21,"[0.16948094512787878, 0.2245031809320862]",1,-1
45750,[0.17921163 0.20183759],45,21,"[0.16948094512787878, 0.2245031809320862]",1,-1
45751,[0.31482005 0.07734069],45,-1,-1,-1,-1
45752,[0.22939765 0.20993334],45,16,"[0.22214342499776796, 0.1812277944104208]",1,-1
45753,[0.18271029 0.13686505],45,16,"[0.22214342499776796, 0.1812277944104208]",1,-1
45754,[0.09879472 0.19332232],45,-1,-1,1,-1
45755,[0.17532334 0.19790323],45,21,"[0.16948094512787878, 0.2245031809320862]",1,-1
45756,[0.1793714  0.21799749],45,21,"[0.16948094512787878, 0.2245031809320862]",1,-1
45757,[0.25140376 0.21799811],45,16,"[0.22214342499776796, 0.1812277944104208]",1,-1
45758,[0.15057024 0.14616148],45,-1,-1,1,-1
45759,[0.14599919 0.18014597],45,21,"[0.16948094512787878, 0.2245031809320862]",1,-1
45760,[0.16561132 0.20502798],45,21,"[0.16948094512787878, 0.2245031809320862]",1,-1
45761,[0.18102343 0.15040722],45,16,"[0.22214342499776796, 0.1812277944104208]",1,-1
45762,[0.20631554 0.21539989],45,16,"[0.22214342499776796, 0.1812277944104208]",1,31
45763,[0.14489928 0.20062741],45,21,"[0.16948094512787878, 0.2245031809320862]",1,-1
45764,[0.15249537 0.12935888],45,-1,-1,1,-1
45765,[0.14066498 0.1739742 ],45,21,"[0.16948094512787878, 0.2245031809320862]",1,-1
45766,[0.19713968 0.23063744],45,21,"[0.16948094512787878, 0.2245031809320862]",1,-1
45767,[0.22129897 0.17188318],45,16,"[0.22214342499776796, 0.1812277944104208]",1,-1
45768,[0.21608081 0.19599455],45,16,"[0.22214342499776796, 0.1812277944104208]",1,31
45769,[0.22922281 0.28012751],45,7,"[0.2880919156697789, 0.2889500356712737]",1,-1
45770,[0.28691334 0.22594328],45,31,"[0.29817086118518243, 0.1888907481789387]",1,-1
45771,[0.1726695  0.20497616],45,21,"[0.16948094512787878, 0.2245031809320862]",1,-1
45772,[0.21696538 0.20601103],45,16,"[0.22214342499776796, 0.1812277944104208]",1,31
45773,[0.21661383 0.28222582],45,15,"[0.188292755006214, 0.3253570325311902]",1,-1
45774,[0.18439617 0.2802871 ],45,15,"[0.188292755006214, 0.3253570325311902]",1,-1
45775,[0.17777121 0.12027928],45,-1,-1,1,-1
45776,[0.26609773 0.15465346],45,31,"[0.29817086118518243, 0.1888907481789387]",1,-1
45777,[0.20630665 0.24029674],45,21,"[0.16948094512787878, 0.2245031809320862]",1,31
45778,[0.166285   0.14128402],45,16,"[0.22214342499776796, 0.1812277944104208]",1,-1
45779,[0.20253421 0.17564551],45,16,"[0.22214342499776796, 0.1812277944104208]",1,-1
45780,[0.25657184 0.09560387],45,-1,-1,1,-1
45781,[0.25358892 0.2254544 ],45,16,"[0.22214342499776796, 0.1812277944104208]",1,-1
45782,[0.21742472 0.20955868],45,16,"[0.22214342499776796, 0.1812277944104208]",1,31
45783,[0.2520704  0.18057337],45,16,"[0.22214342499776796, 0.1812277944104208]",1,22
45784,[0.267126  0.1312268],45,31,"[0.29817086118518243, 0.1888907481789387]",1,-1
45785,[0.17553607 0.19550228],45,21,"[0.16948094512787878, 0.2245031809320862]",1,-1
45786,[0.23914538 0.13866781],45,16,"[0.22214342499776796, 0.1812277944104208]",1,-1
45787,[0.23363155 0.2271502 ],45,16,"[0.22214342499776796, 0.1812277944104208]",1,31
45788,[0.26540401 0.22184357],45,31,"[0.29817086118518243, 0.1888907481789387]",1,-1
45789,[0.17769364 0.15020206],45,16,"[0.22214342499776796, 0.1812277944104208]",1,-1
45790,[0.2182932  0.19372532],45,16,"[0.22214342499776796, 0.1812277944104208]",1,-1
45791,[0.19725938 0.22202064],45,21,"[0.16948094512787878, 0.2245031809320862]",1,-1
45792,[0.18651676 0.22955217],45,21,"[0.16948094512787878, 0.2245031809320862]",1,-1
45793,[0.10583867 0.23450888],45,21,"[0.16948094512787878, 0.2245031809320862]",1,-1
45794,[0.26273575 0.19134841],45,31,"[0.29817086118518243, 0.1888907481789387]",1,-1
45795,[0.196254   0.20926789],45,21,"[0.16948094512787878, 0.2245031809320862]",1,-1
45796,[0.19635228 0.21799441],45,21,"[0.16948094512787878, 0.2245031809320862]",1,-1
45797,[0.21033492 0.25210398],45,21,"[0.16948094512787878, 0.2245031809320862]",1,-1
45798,[0.20447461 0.31266689],45,15,"[0.188292755006214, 0.3253570325311902]",1,-1
45799,[0.21065412 0.21729707],45,16,"[0.22214342499776796, 0.1812277944104208]",1,31
45800,[0.24621042 0.18635118],45,16,"[0.22214342499776796, 0.1812277944104208]",1,22
45801,[0.13140426 0.26375289],45,21,"[0.16948094512787878, 0.2245031809320862]",1,-1
45802,[0.18131327 0.21682612],45,21,"[0.16948094512787878, 0.2245031809320862]",1,-1
45803,[0.1503593  0.16704307],45,21,"[0.16948094512787878, 0.2245031809320862]",1,-1
45804,[0.15295197 0.22040963],45,21,"[0.16948094512787878, 0.2245031809320862]",1,-1
45805,[0.16287192 0.15872376],45,16,"[0.22214342499776796, 0.1812277944104208]",1,-1
45806,[0.16194888 0.12878477],45,-1,-1,1,-1
45807,[0.18958023 0.11872666],45,-1,-1,1,-1
45808,[0.15077651 0.10471536],45,-1,-1,1,-1
45809,[0.35231946 0.26338005],45,4,"[0.3937233168939997, 0.29890402186269427]",1,-1
45810,[0.25287607 0.18531234],45,16,"[0.22214342499776796, 0.1812277944104208]",1,22
45811,[0.21409804 0.3038103 ],45,15,"[0.188292755006214, 0.3253570325311902]",1,-1
45812,[0.17348104 0.14081207],45,16,"[0.22214342499776796, 0.1812277944104208]",1,-1
45813,[0.23051699 0.12536302],45,16,"[0.22214342499776796, 0.1812277944104208]",1,-1
45814,[0.18412049 0.26238539],45,21,"[0.16948094512787878, 0.2245031809320862]",1,-1
45815,[0.17636768 0.14168606],45,16,"[0.22214342499776796, 0.1812277944104208]",1,-1
45816,[0.17867621 0.15722273],45,16,"[0.22214342499776796, 0.1812277944104208]",1,-1
45817,[0.16370885 0.1567053 ],45,16,"[0.22214342499776796, 0.1812277944104208]",1,-1
45818,[0.23659971 0.23744319],45,16,"[0.22214342499776796, 0.1812277944104208]",1,-1
45819,[0.15298902 0.23412985],45,21,"[0.16948094512787878, 0.2245031809320862]",1,-1
45820,[0.16808758 0.17769576],45,21,"[0.16948094512787878, 0.2245031809320862]",1,-1
45821,[0.15709567 0.24099466],45,21,"[0.16948094512787878, 0.2245031809320862]",1,-1
45822,[0.17472695 0.21024947],45,21,"[0.16948094512787878, 0.2245031809320862]",1,-1
45823,[0.17738217 0.17368834],45,16,"[0.22214342499776796, 0.1812277944104208]",1,-1
45824,[0.19078465 0.1404022 ],45,16,"[0.22214342499776796, 0.1812277944104208]",1,-1
45825,[0.2036126  0.08219253],45,-1,-1,1,-1
45826,[0.2219934  0.15422864],45,16,"[0.22214342499776796, 0.1812277944104208]",1,-1
45827,[0.19289876 0.09866321],45,-1,-1,1,-1
45828,[0.2654263  0.16165674],45,31,"[0.29817086118518243, 0.1888907481789387]",1,-1
45829,[0.20474466 0.27063558],45,15,"[0.188292755006214, 0.3253570325311902]",1,32
45830,[0.21188412 0.25721881],45,21,"[0.16948094512787878, 0.2245031809320862]",1,-1
45831,[0.28116553 0.20147793],45,31,"[0.29817086118518243, 0.1888907481789387]",1,-1
45832,[0.12225465 0.26598677],45,21,"[0.16948094512787878, 0.2245031809320862]",1,-1
45833,[0.17354    0.19340354],45,21,"[0.16948094512787878, 0.2245031809320862]",1,-1
45834,[0.21556196 0.17623482],45,16,"[0.22214342499776796, 0.1812277944104208]",1,-1
45835,[0.24915539 0.19365493],45,16,"[0.22214342499776796, 0.1812277944104208]",1,-1
45836,[0.16522268 0.19215751],45,21,"[0.16948094512787878, 0.2245031809320862]",1,-1
45837,[0.20758948 0.20224241],45,16,"[0.22214342499776796, 0.1812277944104208]",1,-1
45838,[0.15021111 0.12336382],45,-1,-1,1,-1
45839,[0.18731321 0.15664788],45,16,"[0.22214342499776796, 0.1812277944104208]",1,-1
45840,[0.1463539  0.20522547],45,21,"[0.16948094512787878, 0.2245031809320862]",1,-1
45841,[0.30118148 0.22799121],45,31,"[0.29817086118518243, 0.1888907481789387]",1,-1
45842,[0.24462652 0.17962083],45,16,"[0.22214342499776796, 0.1812277944104208]",1,22
45843,[0.18077642 0.19063758],45,21,"[0.16948094512787878, 0.2245031809320862]",1,-1
45844,[0.24925315 0.0780085 ],45,-1,-1,1,-1
45845,[0.25437834 0.2705547 ],45,7,"[0.2880919156697789, 0.2889500356712737]",1,-1
45846,[0.19988694 0.2517029 ],45,21,"[0.16948094512787878, 0.2245031809320862]",1,-1
45847,[0.15188824 0.20202139],45,21,"[0.16948094512787878, 0.2245031809320862]",1,-1
45848,[0.24040487 0.23359188],45,16,"[0.22214342499776796, 0.1812277944104208]",1,31
45849,[0.18760469 0.19476897],45,21,"[0.16948094512787878, 0.2245031809320862]",1,-1
45850,[0.17383365 0.20974501],45,21,"[0.16948094512787878, 0.2245031809320862]",1,-1
45851,[0.20114554 0.14097257],45,16,"[0.22214342499776796, 0.1812277944104208]",1,-1
45852,[0.15183038 0.15438493],45,-1,-1,1,-1
45853,[0.13900798 0.16288472],45,21,"[0.16948094512787878, 0.2245031809320862]",1,-1
45854,[0.08969231 0.08475666],45,-1,-1,-1,-1
45855,[0.16962252 0.08309365],45,-1,-1,-1,-1
45856,[0.14208938 0.1898048 ],45,21,"[0.16948094512787878, 0.2245031809320862]",1,-1
45857,[0.16612463 0.27527297],45,21,"[0.16948094512787878, 0.2245031809320862]",1,-1
45858,[0.14444479 0.09544654],45,-1,-1,1,-1
45859,[0.23373613 0.18654938],45,16,"[0.22214342499776796, 0.1812277944104208]",1,-1
45860,[0.16252049 0.15400736],45,16,"[0.22214342499776796, 0.1812277944104208]",1,-1
45861,[0.28029219 0.2282966 ],45,31,"[0.29817086118518243, 0.1888907481789387]",1,30
45862,[0.10368536 0.20577299],45,21,"[0.16948094512787878, 0.2245031809320862]",1,-1
45863,[0.27846109 0.15536761],45,31,"[0.29817086118518243, 0.1888907481789387]",1,-1
45864,[0.17832633 0.177708  ],45,16,"[0.22214342499776796, 0.1812277944104208]",1,-1
45865,[0.25607691 0.25497851],45,7,"[0.2880919156697789, 0.2889500356712737]",1,-1
45866,[0.21366085 0.15636789],45,16,"[0.22214342499776796, 0.1812277944104208]",1,-1
45867,[0.21457841 0.20813904],45,16,"[0.22214342499776796, 0.1812277944104208]",1,31
45868,[0.22094656 0.17133173],45,16,"[0.22214342499776796, 0.1812277944104208]",1,-1
45869,[0.17213495 0.18377285],45,21,"[0.16948094512787878, 0.2245031809320862]",1,-1
45870,[0.19502704 0.20140822],45,16,"[0.22214342499776796, 0.1812277944104208]",1,-1
45871,[0.17926471 0.16356533],45,16,"[0.22214342499776796, 0.1812277944104208]",1,-1
45872,[0.24665752 0.17066681],45,16,"[0.22214342499776796, 0.1812277944104208]",1,-1
45873,[0.21118324 0.1386685 ],45,16,"[0.22214342499776796, 0.1812277944104208]",1,-1
45874,[0.24348508 0.27753922],45,7,"[0.2880919156697789, 0.2889500356712737]",1,-1
45875,[0.22001405 0.2412246 ],45,21,"[0.16948094512787878, 0.2245031809320862]",1,31
45876,[0.28469057 0.11774798],45,-1,-1,1,-1
45877,[0.15294456 0.2180579 ],45,21,"[0.16948094512787878, 0.2245031809320862]",1,-1
45878,[0.13691688 0.10471132],45,-1,-1,1,-1
45879,[0.31915856 0.09053651],45,-1,-1,1,-1
45880,[0.16050978 0.13809152],45,-1,-1,1,-1
45881,[0.14768354 0.19746914],45,21,"[0.16948094512787878, 0.2245031809320862]",1,-1
45882,[0.22539653 0.12301374],45,16,"[0.22214342499776796, 0.1812277944104208]",1,-1
45883,[0.19618016 0.1401471 ],45,16,"[0.22214342499776796, 0.1812277944104208]",1,-1
45884,[0.17806772 0.29433674],45,15,"[0.188292755006214, 0.3253570325311902]",1,-1
45885,[0.16807952 0.23520313],45,21,"[0.16948094512787878, 0.2245031809320862]",1,-1
45886,[0.13954989 0.21246711],45,21,"[0.16948094512787878, 0.2245031809320862]",1,-1
45887,[0.25463924 0.24667728],45,7,"[0.2880919156697789, 0.2889500356712737]",1,-1
45888,[0.16859664 0.15283259],45,16,"[0.22214342499776796, 0.1812277944104208]",1,-1
45889,[0.22921058 0.14890637],45,16,"[0.22214342499776796, 0.1812277944104208]",1,-1
45890,[0.27308055 0.14298333],45,31,"[0.29817086118518243, 0.1888907481789387]",1,-1
45891,[0.17873583 0.19640775],45,21,"[0.16948094512787878, 0.2245031809320862]",1,-1
45892,[0.1899166  0.21648398],45,21,"[0.16948094512787878, 0.2245031809320862]",1,-1
45893,[0.14595332 0.21917568],45,21,"[0.16948094512787878, 0.2245031809320862]",1,-1
45894,[0.16650567 0.14260609],45,16,"[0.22214342499776796, 0.1812277944104208]",1,-1
45895,[0.10484398 0.17763117],45,-1,-1,1,-1
45896,[0.18103242 0.23951347],45,21,"[0.16948094512787878, 0.2245031809320862]",1,-1
45897,[0.17487173 0.19514301],45,21,"[0.16948094512787878, 0.2245031809320862]",1,-1
45898,[0.21231362 0.16569187],45,16,"[0.22214342499776796, 0.1812277944104208]",1,-1
45899,[0.17384253 0.17158324],45,16,"[0.22214342499776796, 0.1812277944104208]",1,-1
45900,[0.18608288 0.15349267],45,16,"[0.22214342499776796, 0.1812277944104208]",1,-1
45901,[0.2002863  0.12096901],45,16,"[0.22214342499776796, 0.1812277944104208]",1,-1
45902,[0.18684624 0.13106576],45,16,"[0.22214342499776796, 0.1812277944104208]",1,-1
45903,[0.19158526 0.21536382],45,21,"[0.16948094512787878, 0.2245031809320862]",1,-1
45904,[0.28800129 0.1577366 ],45,31,"[0.29817086118518243, 0.1888907481789387]",1,-1
45905,[0.2283457  0.19979043],45,16,"[0.22214342499776796, 0.1812277944104208]",1,-1
45906,[0.09933771 0.14092669],45,-1,-1,1,-1
45907,[0.2507025  0.13580101],45,16,"[0.22214342499776796, 0.1812277944104208]",1,-1
45908,[0.33024418 0.18089963],45,31,"[0.29817086118518243, 0.1888907481789387]",1,-1
45909,[0.15320691 0.16997704],45,21,"[0.16948094512787878, 0.2245031809320862]",1,-1
45910,[0.18917708 0.23340407],45,21,"[0.16948094512787878, 0.2245031809320862]",1,-1
45911,[0.24016012 0.1533089 ],45,16,"[0.22214342499776796, 0.1812277944104208]",1,-1
45912,[0.2574335  0.16459866],45,16,"[0.22214342499776796, 0.1812277944104208]",1,-1
45913,[0.18720743 0.145179  ],45,16,"[0.22214342499776796, 0.1812277944104208]",1,-1
45914,[0.16672349 0.23934005],45,21,"[0.16948094512787878, 0.2245031809320862]",1,-1
45915,[0.27009528 0.13827939],45,31,"[0.29817086118518243, 0.1888907481789387]",1,-1
45916,[0.17722735 0.19428037],45,21,"[0.16948094512787878, 0.2245031809320862]",1,-1
45917,[0.21382384 0.19812196],45,16,"[0.22214342499776796, 0.1812277944104208]",1,31
45918,[0.16940848 0.11157474],45,-1,-1,1,-1
45919,[0.15160245 0.09154219],45,-1,-1,1,-1
45920,[0.18052611 0.16959309],45,16,"[0.22214342499776796, 0.1812277944104208]",1,-1
45921,[0.21857917 0.20212314],45,16,"[0.22214342499776796, 0.1812277944104208]",1,31
45922,[0.19393209 0.16500505],45,16,"[0.22214342499776796, 0.1812277944104208]",1,-1
45923,[0.23080258 0.23520936],45,16,"[0.22214342499776796, 0.1812277944104208]",1,-1
45924,[0.22236587 0.25189155],45,21,"[0.16948094512787878, 0.2245031809320862]",1,31
45925,[0.23037707 0.13331311],45,16,"[0.22214342499776796, 0.1812277944104208]",1,-1
45926,[0.16374045 0.22153869],45,21,"[0.16948094512787878, 0.2245031809320862]",1,-1
45927,[0.25771436 0.19760369],45,16,"[0.22214342499776796, 0.1812277944104208]",1,-1
45928,[0.1706055  0.10631322],45,-1,-1,1,-1
45929,[0.27003364 0.15982205],45,31,"[0.29817086118518243, 0.1888907481789387]",1,-1
45930,[0.1354073  0.18573754],45,21,"[0.16948094512787878, 0.2245031809320862]",1,-1
45931,[0.27512836 0.26378267],45,7,"[0.2880919156697789, 0.2889500356712737]",1,-1
45932,[0.20794947 0.14476456],45,16,"[0.22214342499776796, 0.1812277944104208]",1,-1
45933,[0.12864339 0.09291626],45,-1,-1,1,-1
45934,[0.21981585 0.15727226],45,16,"[0.22214342499776796, 0.1812277944104208]",1,-1
45935,[0.29457994 0.14125187],45,31,"[0.29817086118518243, 0.1888907481789387]",1,-1
45936,[0.13450265 0.18812141],45,21,"[0.16948094512787878, 0.2245031809320862]",1,-1
45937,[0.20966661 0.13597412],45,16,"[0.22214342499776796, 0.1812277944104208]",1,-1
45938,[0.17191235 0.27648371],45,15,"[0.188292755006214, 0.3253570325311902]",1,-1
45939,[0.25965579 0.20869945],45,31,"[0.29817086118518243, 0.1888907481789387]",1,-1
45940,[0.1654828  0.20253408],45,21,"[0.16948094512787878, 0.2245031809320862]",1,-1
45941,[0.19142584 0.21481891],45,21,"[0.16948094512787878, 0.2245031809320862]",1,-1
45942,[0.17608985 0.17620793],45,16,"[0.22214342499776796, 0.1812277944104208]",1,-1
45943,[0.23337974 0.24109507],45,16,"[0.22214342499776796, 0.1812277944104208]",1,31
45944,[0.20820996 0.14858262],45,16,"[0.22214342499776796, 0.1812277944104208]",1,-1
45945,[0.22356715 0.27326718],45,15,"[0.188292755006214, 0.3253570325311902]",1,-1
45946,[0.22399885 0.24250257],45,21,"[0.16948094512787878, 0.2245031809320862]",1,31
45947,[0.18596436 0.12676561],45,16,"[0.22214342499776796, 0.1812277944104208]",1,-1
45948,[0.22222734 0.2800208 ],45,15,"[0.188292755006214, 0.3253570325311902]",1,-1
45949,[0.22608975 0.22805563],45,16,"[0.22214342499776796, 0.1812277944104208]",1,31
45950,[0.2204619 0.1976079],45,16,"[0.22214342499776796, 0.1812277944104208]",1,-1
45951,[0.20403292 0.13444286],45,16,"[0.22214342499776796, 0.1812277944104208]",1,-1
45952,[0.14983829 0.21193186],45,21,"[0.16948094512787878, 0.2245031809320862]",1,-1
45953,[0.2688827  0.17136072],45,31,"[0.29817086118518243, 0.1888907481789387]",1,-1
45954,[0.15322049 0.15157946],45,-1,-1,1,-1
45955,[0.19711916 0.19092711],45,16,"[0.22214342499776796, 0.1812277944104208]",1,-1
45956,[0.17612594 0.17985902],45,21,"[0.16948094512787878, 0.2245031809320862]",1,-1
45957,[0.24220961 0.17043788],45,16,"[0.22214342499776796, 0.1812277944104208]",1,-1
45958,[0.2099084  0.17105302],45,16,"[0.22214342499776796, 0.1812277944104208]",1,-1
45959,[0.20347711 0.18071772],45,16,"[0.22214342499776796, 0.1812277944104208]",1,-1
45960,[0.14316163 0.20176272],45,21,"[0.16948094512787878, 0.2245031809320862]",1,-1
45961,[0.19945039 0.18466845],45,16,"[0.22214342499776796, 0.1812277944104208]",1,-1
45962,[0.18433631 0.10178056],45,-1,-1,1,-1
45963,[0.20994621 0.05995426],45,-1,-1,-1,-1
45964,[0.10719883 0.11718494],45,-1,-1,-1,-1
45965,[0.2667099 0.3242669],45,7,"[0.2880919156697789, 0.2889500356712737]",1,27
45966,[0.23050054 0.25049345],45,21,"[0.16948094512787878, 0.2245031809320862]",1,31
45967,[0.13998474 0.22678214],45,21,"[0.16948094512787878, 0.2245031809320862]",1,-1
45968,[0.16135718 0.16439076],45,21,"[0.16948094512787878, 0.2245031809320862]",1,-1
45969,[0.24620091 0.231083  ],45,16,"[0.22214342499776796, 0.1812277944104208]",1,-1
45970,[0.21524633 0.24028917],45,21,"[0.16948094512787878, 0.2245031809320862]",1,-1
45971,[0.22480282 0.18077076],45,16,"[0.22214342499776796, 0.1812277944104208]",1,-1
45972,[0.24019008 0.24204802],45,16,"[0.22214342499776796, 0.1812277944104208]",1,-1
45973,[0.30032667 0.2206082 ],45,31,"[0.29817086118518243, 0.1888907481789387]",1,-1
45974,[0.15258343 0.18407522],45,21,"[0.16948094512787878, 0.2245031809320862]",1,-1
45975,[0.24208823 0.28721835],45,7,"[0.2880919156697789, 0.2889500356712737]",1,-1
45976,[0.12746294 0.22228435],45,21,"[0.16948094512787878, 0.2245031809320862]",1,-1
45977,[0.16496695 0.21258936],45,21,"[0.16948094512787878, 0.2245031809320862]",1,-1
45978,[0.18421172 0.19017521],45,21,"[0.16948094512787878, 0.2245031809320862]",1,-1
45979,[0.16695688 0.2751334 ],45,21,"[0.16948094512787878, 0.2245031809320862]",1,-1
45980,[0.18392595 0.19340705],45,21,"[0.16948094512787878, 0.2245031809320862]",1,-1
45981,[0.1481705  0.22346365],45,21,"[0.16948094512787878, 0.2245031809320862]",1,-1
45982,[0.26475102 0.22870602],45,31,"[0.29817086118518243, 0.1888907481789387]",1,-1
45983,[0.16198223 0.20404789],45,21,"[0.16948094512787878, 0.2245031809320862]",1,-1
45984,[0.19886408 0.20056998],45,16,"[0.22214342499776796, 0.1812277944104208]",1,-1
45985,[0.16982983 0.19227176],45,21,"[0.16948094512787878, 0.2245031809320862]",1,-1
45986,[0.23106924 0.14087816],45,16,"[0.22214342499776796, 0.1812277944104208]",1,-1
45987,[0.1922452  0.24844712],45,21,"[0.16948094512787878, 0.2245031809320862]",1,-1
45988,[0.23368765 0.18400464],45,16,"[0.22214342499776796, 0.1812277944104208]",1,-1
45989,[0.23882612 0.11967413],45,16,"[0.22214342499776796, 0.1812277944104208]",1,-1
45990,[0.25905215 0.1018399 ],45,-1,-1,1,-1
45991,[0.17096607 0.15738398],45,16,"[0.22214342499776796, 0.1812277944104208]",1,-1
45992,[0.14777274 0.22344697],45,21,"[0.16948094512787878, 0.2245031809320862]",1,-1
45993,[0.20205013 0.25475439],45,21,"[0.16948094512787878, 0.2245031809320862]",1,-1
45994,[0.09329001 0.24709129],45,-1,-1,1,-1
45995,[0.08725678 0.17295225],45,-1,-1,1,-1
45996,[0.23853365 0.14699421],45,16,"[0.22214342499776796, 0.1812277944104208]",1,-1
45997,[0.19454285 0.12736609],45,16,"[0.22214342499776796, 0.1812277944104208]",1,-1
45998,[0.24161976 0.21590765],45,16,"[0.22214342499776796, 0.1812277944104208]",1,-1
45999,[0.18512158 0.20201346],45,21,"[0.16948094512787878, 0.2245031809320862]",1,-1
46000,[0.7562328  0.71002406],46,23,"[0.7534740255485087, 0.7686705599537007]",1,-1
46001,[0.73759556 0.68324779],46,-1,-1,1,-1
46002,[0.64005799 0.76449391],46,34,"[0.6634532409245524, 0.760224782080757]",1,5
46003,[0.65898671 0.73294722],46,34,"[0.6634532409245524, 0.760224782080757]",1,-1
46004,[0.68690624 0.7465269 ],46,34,"[0.6634532409245524, 0.760224782080757]",1,6
46005,[0.70182122 0.73001629],46,34,"[0.6634532409245524, 0.760224782080757]",1,6
46006,[0.6745095  0.67565785],46,-1,-1,1,-1
46007,[0.72235219 0.67481386],46,-1,-1,1,-1
46008,[0.70267799 0.81348274],46,34,"[0.6634532409245524, 0.760224782080757]",1,-1
46009,[0.69127818 0.74467493],46,34,"[0.6634532409245524, 0.760224782080757]",1,6
46010,[0.74896616 0.73524365],46,23,"[0.7534740255485087, 0.7686705599537007]",1,-1
46011,[0.72024294 0.77509447],46,23,"[0.7534740255485087, 0.7686705599537007]",1,-1
46012,[0.73119002 0.67686055],46,-1,-1,1,-1
46013,[0.68990216 0.69157402],46,-1,-1,1,-1
46014,[0.72437675 0.7695332 ],46,23,"[0.7534740255485087, 0.7686705599537007]",1,-1
46015,[0.79749398 0.64254917],46,43,"[0.8274941202305067, 0.5998913364221842]",1,-1
46016,[0.70540869 0.8033842 ],46,23,"[0.7534740255485087, 0.7686705599537007]",1,-1
46017,[0.73729555 0.69085282],46,-1,-1,1,-1
46018,[0.75122289 0.65040926],46,-1,-1,1,-1
46019,[0.70223705 0.69509284],46,-1,-1,1,6
46020,[0.71916315 0.68329832],46,-1,-1,1,-1
46021,[0.68894092 0.72628166],46,34,"[0.6634532409245524, 0.760224782080757]",1,6
46022,[0.71025175 0.79510265],46,23,"[0.7534740255485087, 0.7686705599537007]",1,-1
46023,[0.73670063 0.78194781],46,23,"[0.7534740255485087, 0.7686705599537007]",1,-1
46024,[0.79180299 0.73802085],46,23,"[0.7534740255485087, 0.7686705599537007]",1,-1
46025,[0.73949558 0.77754038],46,23,"[0.7534740255485087, 0.7686705599537007]",1,-1
46026,[0.64329618 0.69257239],46,-1,-1,1,-1
46027,[0.69653108 0.74838124],46,34,"[0.6634532409245524, 0.760224782080757]",1,-1
46028,[0.74131627 0.72001682],46,23,"[0.7534740255485087, 0.7686705599537007]",1,-1
46029,[0.64491398 0.72044859],46,34,"[0.6634532409245524, 0.760224782080757]",1,-1
46030,[0.75750063 0.72337578],46,23,"[0.7534740255485087, 0.7686705599537007]",1,-1
46031,[0.6739082  0.65889291],46,-1,-1,1,-1
46032,[0.66213189 0.71181493],46,34,"[0.6634532409245524, 0.760224782080757]",1,-1
46033,[0.67898318 0.77459997],46,34,"[0.6634532409245524, 0.760224782080757]",1,6
46034,[0.72754325 0.6562784 ],46,-1,-1,1,-1
46035,[0.6430521  0.71109018],46,34,"[0.6634532409245524, 0.760224782080757]",1,-1
46036,[0.74595623 0.69350369],46,-1,-1,1,-1
46037,[0.7482396  0.64733811],46,-1,-1,1,-1
46038,[0.72628844 0.66783247],46,-1,-1,1,-1
46039,[0.79269422 0.79827463],46,23,"[0.7534740255485087, 0.7686705599537007]",1,-1
46040,[0.68624419 0.71730561],46,34,"[0.6634532409245524, 0.760224782080757]",1,6
46041,[0.74038872 0.74743644],46,23,"[0.7534740255485087, 0.7686705599537007]",1,-1
46042,[0.62286034 0.73947256],46,34,"[0.6634532409245524, 0.760224782080757]",1,-1
46043,[0.70919977 0.69238006],46,-1,-1,1,-1
46044,[0.72359323 0.85026373],46,-1,-1,1,-1
46045,[0.69110616 0.68308129],46,-1,-1,1,-1
46046,[0.77870467 0.69055711],46,-1,-1,1,-1
46047,[0.78323042 0.75130387],46,23,"[0.7534740255485087, 0.7686705599537007]",1,-1
46048,[0.65595353 0.70033079],46,34,"[0.6634532409245524, 0.760224782080757]",1,-1
46049,[0.72469864 0.71267784],46,23,"[0.7534740255485087, 0.7686705599537007]",1,6
46050,[0.6300426  0.78458842],46,34,"[0.6634532409245524, 0.760224782080757]",1,5
46051,[0.59199205 0.77109445],46,48,"[0.5865861840445293, 0.7997995045728765]",1,-1
46052,[0.64637509 0.67949375],46,-1,-1,1,-1
46053,[0.68237824 0.71355104],46,34,"[0.6634532409245524, 0.760224782080757]",1,-1
46054,[0.69954416 0.58903133],46,11,"[0.7051682617613192, 0.574171671796882]",1,-1
46055,[0.81514677 0.64694847],46,43,"[0.8274941202305067, 0.5998913364221842]",1,-1
46056,[0.70949547 0.82209954],46,23,"[0.7534740255485087, 0.7686705599537007]",1,-1
46057,[0.75318008 0.65143661],46,-1,-1,1,-1
46058,[0.71298228 0.7672304 ],46,23,"[0.7534740255485087, 0.7686705599537007]",1,-1
46059,[0.67922746 0.70633377],46,34,"[0.6634532409245524, 0.760224782080757]",1,6
46060,[0.64578905 0.71173248],46,34,"[0.6634532409245524, 0.760224782080757]",1,-1
46061,[0.68506645 0.69643557],46,34,"[0.6634532409245524, 0.760224782080757]",1,-1
46062,[0.63718943 0.74847968],46,34,"[0.6634532409245524, 0.760224782080757]",1,-1
46063,[0.69099659 0.68455896],46,-1,-1,1,-1
46064,[0.72613748 0.73396347],46,23,"[0.7534740255485087, 0.7686705599537007]",1,-1
46065,[0.72680781 0.72180683],46,23,"[0.7534740255485087, 0.7686705599537007]",1,6
46066,[0.75628696 0.64748707],46,-1,-1,1,-1
46067,[0.73100361 0.64090611],46,-1,-1,1,-1
46068,[0.71731645 0.71814091],46,23,"[0.7534740255485087, 0.7686705599537007]",1,6
46069,[0.73167482 0.78710971],46,23,"[0.7534740255485087, 0.7686705599537007]",1,-1
46070,[0.69508327 0.77340672],46,34,"[0.6634532409245524, 0.760224782080757]",1,-1
46071,[0.62080694 0.70183434],46,41,"[0.5613949929729852, 0.701115936473092]",1,-1
46072,[0.68862946 0.73668856],46,34,"[0.6634532409245524, 0.760224782080757]",1,6
46073,[0.74362143 0.67258004],46,-1,-1,1,-1
46074,[0.63513511 0.72274671],46,34,"[0.6634532409245524, 0.760224782080757]",1,-1
46075,[0.71271135 0.75813858],46,23,"[0.7534740255485087, 0.7686705599537007]",1,-1
46076,[0.76408862 0.72500632],46,23,"[0.7534740255485087, 0.7686705599537007]",1,-1
46077,[0.79444418 0.61284097],46,43,"[0.8274941202305067, 0.5998913364221842]",1,-1
46078,[0.69866869 0.71882353],46,34,"[0.6634532409245524, 0.760224782080757]",1,6
46079,[0.74611196 0.72411743],46,23,"[0.7534740255485087, 0.7686705599537007]",1,-1
46080,[0.634239   0.72290808],46,34,"[0.6634532409245524, 0.760224782080757]",1,-1
46081,[0.62402895 0.70235097],46,41,"[0.5613949929729852, 0.701115936473092]",1,-1
46082,[0.68109914 0.73818433],46,34,"[0.6634532409245524, 0.760224782080757]",1,6
46083,[0.61591372 0.73957664],46,34,"[0.6634532409245524, 0.760224782080757]",1,5
46084,[0.75247134 0.71018219],46,23,"[0.7534740255485087, 0.7686705599537007]",1,-1
46085,[0.68419926 0.66998914],46,-1,-1,1,-1
46086,[0.70233897 0.85593172],46,-1,-1,1,-1
46087,[0.69956751 0.75997672],46,34,"[0.6634532409245524, 0.760224782080757]",1,-1
46088,[0.67817984 0.64986981],46,-1,-1,1,-1
46089,[0.69571753 0.74830849],46,34,"[0.6634532409245524, 0.760224782080757]",1,-1
46090,[0.70961048 0.73767595],46,34,"[0.6634532409245524, 0.760224782080757]",1,-1
46091,[0.72278827 0.74026146],46,23,"[0.7534740255485087, 0.7686705599537007]",1,-1
46092,[0.77359877 0.62927552],46,43,"[0.8274941202305067, 0.5998913364221842]",1,-1
46093,[0.6756482  0.82790948],46,34,"[0.6634532409245524, 0.760224782080757]",1,-1
46094,[0.77887245 0.78853063],46,23,"[0.7534740255485087, 0.7686705599537007]",1,3
46095,[0.72703507 0.62103081],46,11,"[0.7051682617613192, 0.574171671796882]",1,-1
46096,[0.7238517  0.72724521],46,23,"[0.7534740255485087, 0.7686705599537007]",1,6
46097,[0.73178781 0.66925954],46,-1,-1,1,-1
46098,[0.79754424 0.66320313],46,-1,-1,1,-1
46099,[0.63255119 0.70588317],46,34,"[0.6634532409245524, 0.760224782080757]",1,5
46100,[0.60529235 0.72915496],46,41,"[0.5613949929729852, 0.701115936473092]",1,-1
46101,[0.74022045 0.68221337],46,-1,-1,1,-1
46102,[0.67591142 0.7934209 ],46,34,"[0.6634532409245524, 0.760224782080757]",1,-1
46103,[0.71704162 0.62660596],46,11,"[0.7051682617613192, 0.574171671796882]",1,-1
46104,[0.76982538 0.73203879],46,23,"[0.7534740255485087, 0.7686705599537007]",1,-1
46105,[0.72074864 0.78951109],46,23,"[0.7534740255485087, 0.7686705599537007]",1,-1
46106,[0.69995242 0.7053553 ],46,34,"[0.6634532409245524, 0.760224782080757]",1,6
46107,[0.70814886 0.75341032],46,34,"[0.6634532409245524, 0.760224782080757]",1,-1
46108,[0.70543635 0.72902158],46,34,"[0.6634532409245524, 0.760224782080757]",1,6
46109,[0.68287931 0.66788711],46,-1,-1,1,-1
46110,[0.73855915 0.72410757],46,23,"[0.7534740255485087, 0.7686705599537007]",1,-1
46111,[0.79818637 0.73679786],46,39,"[0.8421997346510058, 0.7675128120531985]",1,-1
46112,[0.72753465 0.69993021],46,-1,-1,1,-1
46113,[0.67482878 0.71120306],46,34,"[0.6634532409245524, 0.760224782080757]",1,-1
46114,[0.75573091 0.66517817],46,-1,-1,1,-1
46115,[0.67158159 0.78366545],46,34,"[0.6634532409245524, 0.760224782080757]",1,6
46116,[0.660549   0.71096294],46,34,"[0.6634532409245524, 0.760224782080757]",1,-1
46117,[0.78002462 0.7163688 ],46,23,"[0.7534740255485087, 0.7686705599537007]",1,-1
46118,[0.71958182 0.75411843],46,23,"[0.7534740255485087, 0.7686705599537007]",1,6
46119,[0.62736777 0.75398374],46,34,"[0.6634532409245524, 0.760224782080757]",1,5
46120,[0.70794796 0.703876  ],46,-1,-1,1,6
46121,[0.73800974 0.77206187],46,23,"[0.7534740255485087, 0.7686705599537007]",1,-1
46122,[0.63710067 0.69289092],46,-1,-1,1,-1
46123,[0.59963242 0.68428546],46,41,"[0.5613949929729852, 0.701115936473092]",1,-1
46124,[0.71793832 0.60128332],46,11,"[0.7051682617613192, 0.574171671796882]",1,-1
46125,[0.71078708 0.78231131],46,23,"[0.7534740255485087, 0.7686705599537007]",1,-1
46126,[0.64517117 0.67231245],46,-1,-1,1,-1
46127,[0.70235106 0.64422876],46,-1,-1,1,-1
46128,[0.64739235 0.72089309],46,34,"[0.6634532409245524, 0.760224782080757]",1,-1
46129,[0.65463871 0.65556525],46,-1,-1,1,-1
46130,[0.660054   0.69421007],46,34,"[0.6634532409245524, 0.760224782080757]",1,-1
46131,[0.77004686 0.63221171],46,43,"[0.8274941202305067, 0.5998913364221842]",1,-1
46132,[0.72076406 0.75952747],46,23,"[0.7534740255485087, 0.7686705599537007]",1,-1
46133,[0.57120355 0.69982079],46,41,"[0.5613949929729852, 0.701115936473092]",1,-1
46134,[0.72880181 0.66515565],46,-1,-1,1,-1
46135,[0.6063112  0.67906842],46,41,"[0.5613949929729852, 0.701115936473092]",1,-1
46136,[0.6656533  0.66632087],46,-1,-1,1,-1
46137,[0.70022478 0.79571353],46,34,"[0.6634532409245524, 0.760224782080757]",1,-1
46138,[0.73321281 0.70548916],46,23,"[0.7534740255485087, 0.7686705599537007]",1,-1
46139,[0.66597995 0.70180519],46,34,"[0.6634532409245524, 0.760224782080757]",1,-1
46140,[0.70425787 0.6475013 ],46,-1,-1,1,-1
46141,[0.69824545 0.63022874],46,11,"[0.7051682617613192, 0.574171671796882]",1,-1
46142,[0.679613   0.72040487],46,34,"[0.6634532409245524, 0.760224782080757]",1,6
46143,[0.61813125 0.71245007],46,41,"[0.5613949929729852, 0.701115936473092]",1,-1
46144,[0.68904629 0.73874609],46,34,"[0.6634532409245524, 0.760224782080757]",1,6
46145,[0.68169846 0.75028712],46,34,"[0.6634532409245524, 0.760224782080757]",1,6
46146,[0.63520573 0.68124704],46,-1,-1,1,-1
46147,[0.69698179 0.73924416],46,34,"[0.6634532409245524, 0.760224782080757]",1,6
46148,[0.70330661 0.73995826],46,34,"[0.6634532409245524, 0.760224782080757]",1,-1
46149,[0.67271533 0.69882303],46,34,"[0.6634532409245524, 0.760224782080757]",1,-1
46150,[0.65051315 0.66519295],46,-1,-1,1,-1
46151,[0.72807836 0.71282348],46,23,"[0.7534740255485087, 0.7686705599537007]",1,6
46152,[0.75899339 0.67608521],46,-1,-1,1,-1
46153,[0.70758587 0.66556075],46,-1,-1,1,-1
46154,[0.66840025 0.72094652],46,34,"[0.6634532409245524, 0.760224782080757]",1,6
46155,[0.72331379 0.73469955],46,23,"[0.7534740255485087, 0.7686705599537007]",1,-1
46156,[0.66787563 0.62119399],46,11,"[0.7051682617613192, 0.574171671796882]",1,-1
46157,[0.71788987 0.7882481 ],46,23,"[0.7534740255485087, 0.7686705599537007]",1,-1
46158,[0.7596709  0.71376551],46,23,"[0.7534740255485087, 0.7686705599537007]",1,-1
46159,[0.75786596 0.71643454],46,23,"[0.7534740255485087, 0.7686705599537007]",1,-1
46160,[0.73176294 0.70444898],46,23,"[0.7534740255485087, 0.7686705599537007]",1,-1
46161,[0.81410438 0.74984194],46,39,"[0.8421997346510058, 0.7675128120531985]",1,-1
46162,[0.67718548 0.75124863],46,34,"[0.6634532409245524, 0.760224782080757]",1,6
46163,[0.58403231 0.78611993],46,48,"[0.5865861840445293, 0.7997995045728765]",1,-1
46164,[0.6340978  0.77329528],46,34,"[0.6634532409245524, 0.760224782080757]",1,5
46165,[0.66819889 0.67527873],46,-1,-1,1,-1
46166,[0.72078844 0.59909257],46,11,"[0.7051682617613192, 0.574171671796882]",1,-1
46167,[0.71961438 0.68648992],46,-1,-1,1,-1
46168,[0.72242569 0.68031931],46,-1,-1,1,-1
46169,[0.70753014 0.6564709 ],46,-1,-1,1,-1
46170,[0.67259341 0.70729565],46,34,"[0.6634532409245524, 0.760224782080757]",1,-1
46171,[0.62289263 0.74803769],46,34,"[0.6634532409245524, 0.760224782080757]",1,5
46172,[0.79811764 0.65739752],46,43,"[0.8274941202305067, 0.5998913364221842]",1,-1
46173,[0.65971919 0.75739237],46,34,"[0.6634532409245524, 0.760224782080757]",1,-1
46174,[0.73257006 0.70345555],46,23,"[0.7534740255485087, 0.7686705599537007]",1,-1
46175,[0.78499366 0.70027835],46,-1,-1,1,-1
46176,[0.69942037 0.73826021],46,34,"[0.6634532409245524, 0.760224782080757]",1,6
46177,[0.74097575 0.70764038],46,23,"[0.7534740255485087, 0.7686705599537007]",1,-1
46178,[0.61858534 0.78528454],46,48,"[0.5865861840445293, 0.7997995045728765]",1,-1
46179,[0.7407674  0.69286286],46,-1,-1,1,-1
46180,[0.60827126 0.73960033],46,34,"[0.6634532409245524, 0.760224782080757]",1,-1
46181,[0.62136098 0.7895918 ],46,48,"[0.5865861840445293, 0.7997995045728765]",1,-1
46182,[0.72723957 0.72783657],46,23,"[0.7534740255485087, 0.7686705599537007]",1,-1
46183,[0.67034696 0.71769972],46,34,"[0.6634532409245524, 0.760224782080757]",1,6
46184,[0.76588059 0.77715748],46,23,"[0.7534740255485087, 0.7686705599537007]",1,-1
46185,[0.66791969 0.69567181],46,34,"[0.6634532409245524, 0.760224782080757]",1,-1
46186,[0.67309333 0.74205715],46,34,"[0.6634532409245524, 0.760224782080757]",1,6
46187,[0.78068685 0.7207214 ],46,23,"[0.7534740255485087, 0.7686705599537007]",1,-1
46188,[0.75110815 0.66995494],46,-1,-1,1,-1
46189,[0.66106439 0.72803385],46,34,"[0.6634532409245524, 0.760224782080757]",1,6
46190,[0.69902206 0.64449015],46,-1,-1,1,-1
46191,[0.70440622 0.64626781],46,-1,-1,1,-1
46192,[0.75629124 0.72498872],46,23,"[0.7534740255485087, 0.7686705599537007]",1,-1
46193,[0.71616385 0.72373833],46,23,"[0.7534740255485087, 0.7686705599537007]",1,6
46194,[0.63076052 0.5946246 ],46,9,"[0.5945682323783136, 0.6193254997600653]",1,-1
46195,[0.67337711 0.61987678],46,11,"[0.7051682617613192, 0.574171671796882]",1,-1
46196,[0.75187188 0.68148115],46,-1,-1,1,-1
46197,[0.66606018 0.71735243],46,34,"[0.6634532409245524, 0.760224782080757]",1,6
46198,[0.70780157 0.79598681],46,23,"[0.7534740255485087, 0.7686705599537007]",1,-1
46199,[0.66617441 0.80168177],46,34,"[0.6634532409245524, 0.760224782080757]",1,-1
46200,[0.6839557  0.66721656],46,-1,-1,1,-1
46201,[0.6966087  0.75269951],46,34,"[0.6634532409245524, 0.760224782080757]",1,-1
46202,[0.67748254 0.67799876],46,-1,-1,1,-1
46203,[0.68357219 0.77590585],46,34,"[0.6634532409245524, 0.760224782080757]",1,6
46204,[0.71522121 0.69873261],46,-1,-1,1,-1
46205,[0.72841453 0.73504835],46,23,"[0.7534740255485087, 0.7686705599537007]",1,-1
46206,[0.61321449 0.69619078],46,41,"[0.5613949929729852, 0.701115936473092]",1,-1
46207,[0.69728463 0.7024232 ],46,34,"[0.6634532409245524, 0.760224782080757]",1,6
46208,[0.71629234 0.75816019],46,23,"[0.7534740255485087, 0.7686705599537007]",1,6
46209,[0.60505012 0.75359324],46,48,"[0.5865861840445293, 0.7997995045728765]",1,5
46210,[0.76493791 0.70593611],46,23,"[0.7534740255485087, 0.7686705599537007]",1,-1
46211,[0.77980869 0.74278864],46,23,"[0.7534740255485087, 0.7686705599537007]",1,-1
46212,[0.72477083 0.74842997],46,23,"[0.7534740255485087, 0.7686705599537007]",1,-1
46213,[0.69241392 0.74057485],46,34,"[0.6634532409245524, 0.760224782080757]",1,6
46214,[0.73527079 0.7405428 ],46,23,"[0.7534740255485087, 0.7686705599537007]",1,-1
46215,[0.63329119 0.64123404],46,9,"[0.5945682323783136, 0.6193254997600653]",1,-1
46216,[0.71789496 0.74638544],46,23,"[0.7534740255485087, 0.7686705599537007]",1,-1
46217,[0.71808819 0.72148118],46,23,"[0.7534740255485087, 0.7686705599537007]",1,6
46218,[0.69930899 0.67686124],46,-1,-1,1,-1
46219,[0.71042756 0.71257713],46,34,"[0.6634532409245524, 0.760224782080757]",1,6
46220,[0.61798932 0.65588529],46,9,"[0.5945682323783136, 0.6193254997600653]",1,-1
46221,[0.71355497 0.67798749],46,-1,-1,1,-1
46222,[0.69431422 0.71224532],46,34,"[0.6634532409245524, 0.760224782080757]",1,6
46223,[0.69501271 0.71029458],46,34,"[0.6634532409245524, 0.760224782080757]",1,6
46224,[0.71676252 0.69888957],46,-1,-1,1,-1
46225,[0.61613543 0.68935785],46,41,"[0.5613949929729852, 0.701115936473092]",1,-1
46226,[0.73278469 0.67659068],46,-1,-1,1,-1
46227,[0.67777765 0.64168256],46,-1,-1,1,-1
46228,[0.69522416 0.70497364],46,34,"[0.6634532409245524, 0.760224782080757]",1,6
46229,[0.67370753 0.64141691],46,-1,-1,1,-1
46230,[0.72833439 0.68337477],46,-1,-1,1,-1
46231,[0.67986402 0.71921258],46,34,"[0.6634532409245524, 0.760224782080757]",1,6
46232,[0.69018638 0.77651789],46,34,"[0.6634532409245524, 0.760224782080757]",1,-1
46233,[0.75714294 0.77523103],46,23,"[0.7534740255485087, 0.7686705599537007]",1,-1
46234,[0.6406772  0.70653141],46,34,"[0.6634532409245524, 0.760224782080757]",1,-1
46235,[0.71521091 0.66537769],46,-1,-1,1,-1
46236,[0.81700734 0.75849959],46,39,"[0.8421997346510058, 0.7675128120531985]",1,-1
46237,[0.70591086 0.70420574],46,-1,-1,1,6
46238,[0.75170574 0.75153427],46,23,"[0.7534740255485087, 0.7686705599537007]",1,-1
46239,[0.70687259 0.76021244],46,34,"[0.6634532409245524, 0.760224782080757]",1,-1
46240,[0.64170915 0.66290884],46,9,"[0.5945682323783136, 0.6193254997600653]",1,-1
46241,[0.68412818 0.62181316],46,11,"[0.7051682617613192, 0.574171671796882]",1,-1
46242,[0.81119997 0.70665138],46,39,"[0.8421997346510058, 0.7675128120531985]",1,-1
46243,[0.69423505 0.7254592 ],46,34,"[0.6634532409245524, 0.760224782080757]",1,6
46244,[0.65745607 0.74439838],46,34,"[0.6634532409245524, 0.760224782080757]",1,-1
46245,[0.66859862 0.69059206],46,34,"[0.6634532409245524, 0.760224782080757]",1,-1
46246,[0.68825376 0.63456151],46,11,"[0.7051682617613192, 0.574171671796882]",1,-1
46247,[0.64251169 0.65251552],46,9,"[0.5945682323783136, 0.6193254997600653]",1,-1
46248,[0.69825042 0.67768102],46,-1,-1,1,-1
46249,[0.72040763 0.66125861],46,-1,-1,1,-1
46250,[0.79538524 0.73060767],46,23,"[0.7534740255485087, 0.7686705599537007]",1,-1
46251,[0.74203408 0.63673616],46,-1,-1,1,-1
46252,[0.6864568  0.65805933],46,-1,-1,1,-1
46253,[0.80340152 0.72227352],46,39,"[0.8421997346510058, 0.7675128120531985]",1,-1
46254,[0.63136472 0.70274129],46,34,"[0.6634532409245524, 0.760224782080757]",1,5
46255,[0.62823091 0.71932387],46,34,"[0.6634532409245524, 0.760224782080757]",1,-1
46256,[0.69584922 0.69712557],46,-1,-1,1,6
46257,[0.71794216 0.70461846],46,-1,-1,1,-1
46258,[0.68373092 0.82962558],46,-1,-1,1,-1
46259,[0.83274351 0.69354987],46,-1,-1,1,-1
46260,[0.73794971 0.6230903 ],46,11,"[0.7051682617613192, 0.574171671796882]",1,-1
46261,[0.63691976 0.6920878 ],46,-1,-1,1,-1
46262,[0.70309024 0.67818721],46,-1,-1,1,-1
46263,[0.73721506 0.6856326 ],46,-1,-1,1,-1
46264,[0.77570139 0.71161498],46,23,"[0.7534740255485087, 0.7686705599537007]",1,-1
46265,[0.66308763 0.69671522],46,34,"[0.6634532409245524, 0.760224782080757]",1,-1
46266,[0.71151322 0.72836245],46,34,"[0.6634532409245524, 0.760224782080757]",1,-1
46267,[0.79920486 0.82293794],46,-1,-1,1,-1
46268,[0.71699918 0.78439637],46,23,"[0.7534740255485087, 0.7686705599537007]",1,-1
46269,[0.73250147 0.73369543],46,23,"[0.7534740255485087, 0.7686705599537007]",1,-1
46270,[0.72889518 0.73023479],46,23,"[0.7534740255485087, 0.7686705599537007]",1,6
46271,[0.69659393 0.70449793],46,34,"[0.6634532409245524, 0.760224782080757]",1,6
46272,[0.71219847 0.72822103],46,23,"[0.7534740255485087, 0.7686705599537007]",1,6
46273,[0.62401326 0.76100635],46,34,"[0.6634532409245524, 0.760224782080757]",1,-1
46274,[0.58812734 0.58926443],46,9,"[0.5945682323783136, 0.6193254997600653]",1,-1
46275,[0.742733   0.63873641],46,-1,-1,1,-1
46276,[0.66194795 0.6541656 ],46,-1,-1,1,-1
46277,[0.66043136 0.7429614 ],46,34,"[0.6634532409245524, 0.760224782080757]",1,6
46278,[0.66367497 0.7213802 ],46,34,"[0.6634532409245524, 0.760224782080757]",1,6
46279,[0.74299244 0.70642113],46,23,"[0.7534740255485087, 0.7686705599537007]",1,-1
46280,[0.68764235 0.74600525],46,34,"[0.6634532409245524, 0.760224782080757]",1,6
46281,[0.70672796 0.66272644],46,-1,-1,1,-1
46282,[0.68512232 0.62497164],46,11,"[0.7051682617613192, 0.574171671796882]",1,-1
46283,[0.57822648 0.7339395 ],46,41,"[0.5613949929729852, 0.701115936473092]",1,-1
46284,[0.72138642 0.73361326],46,23,"[0.7534740255485087, 0.7686705599537007]",1,-1
46285,[0.69910775 0.72815406],46,34,"[0.6634532409245524, 0.760224782080757]",1,6
46286,[0.70363367 0.71362625],46,34,"[0.6634532409245524, 0.760224782080757]",1,6
46287,[0.73287073 0.63972559],46,-1,-1,1,-1
46288,[0.70127697 0.64627453],46,-1,-1,1,-1
46289,[0.80779635 0.75970759],46,39,"[0.8421997346510058, 0.7675128120531985]",1,-1
46290,[0.67039011 0.72716414],46,34,"[0.6634532409245524, 0.760224782080757]",1,6
46291,[0.78670255 0.65065458],46,43,"[0.8274941202305067, 0.5998913364221842]",1,-1
46292,[0.71843752 0.63958794],46,11,"[0.7051682617613192, 0.574171671796882]",1,-1
46293,[0.77463959 0.73053958],46,23,"[0.7534740255485087, 0.7686705599537007]",1,-1
46294,[0.6411019  0.70606278],46,34,"[0.6634532409245524, 0.760224782080757]",1,-1
46295,[0.67993558 0.71849062],46,34,"[0.6634532409245524, 0.760224782080757]",1,-1
46296,[0.64164999 0.63234141],46,9,"[0.5945682323783136, 0.6193254997600653]",1,-1
46297,[0.72111077 0.69686024],46,-1,-1,1,-1
46298,[0.67382619 0.72125855],46,34,"[0.6634532409245524, 0.760224782080757]",1,6
46299,[0.62168152 0.73227052],46,34,"[0.6634532409245524, 0.760224782080757]",1,-1
46300,[0.65754461 0.68424252],46,-1,-1,1,-1
46301,[0.68554375 0.78585923],46,34,"[0.6634532409245524, 0.760224782080757]",1,-1
46302,[0.71908483 0.71066805],46,23,"[0.7534740255485087, 0.7686705599537007]",1,-1
46303,[0.68225697 0.64776727],46,-1,-1,1,-1
46304,[0.69125665 0.75142604],46,34,"[0.6634532409245524, 0.760224782080757]",1,6
46305,[0.74979573 0.73318313],46,23,"[0.7534740255485087, 0.7686705599537007]",1,-1
46306,[0.72263767 0.72259327],46,23,"[0.7534740255485087, 0.7686705599537007]",1,6
46307,[0.73609681 0.75766003],46,23,"[0.7534740255485087, 0.7686705599537007]",1,-1
46308,[0.7301206  0.77757016],46,23,"[0.7534740255485087, 0.7686705599537007]",1,-1
46309,[0.77775388 0.6630187 ],46,-1,-1,1,-1
46310,[0.6715005  0.76581324],46,34,"[0.6634532409245524, 0.760224782080757]",1,6
46311,[0.6896011 0.7471005],46,34,"[0.6634532409245524, 0.760224782080757]",1,6
46312,[0.67333285 0.76281801],46,34,"[0.6634532409245524, 0.760224782080757]",1,6
46313,[0.68940568 0.65541844],46,-1,-1,1,-1
46314,[0.7375601  0.80510262],46,23,"[0.7534740255485087, 0.7686705599537007]",1,-1
46315,[0.64116576 0.77162611],46,34,"[0.6634532409245524, 0.760224782080757]",1,5
46316,[0.66897425 0.67937457],46,-1,-1,1,-1
46317,[0.73356439 0.72379168],46,23,"[0.7534740255485087, 0.7686705599537007]",1,-1
46318,[0.72637084 0.75998233],46,23,"[0.7534740255485087, 0.7686705599537007]",1,-1
46319,[0.73448042 0.72711384],46,23,"[0.7534740255485087, 0.7686705599537007]",1,-1
46320,[0.69759637 0.68090867],46,-1,-1,1,-1
46321,[0.79970171 0.73328061],46,39,"[0.8421997346510058, 0.7675128120531985]",1,-1
46322,[0.75366894 0.73015984],46,23,"[0.7534740255485087, 0.7686705599537007]",1,-1
46323,[0.66599638 0.75040233],46,34,"[0.6634532409245524, 0.760224782080757]",1,6
46324,[0.69958924 0.68111901],46,-1,-1,1,-1
46325,[0.62413902 0.74092551],46,34,"[0.6634532409245524, 0.760224782080757]",1,5
46326,[0.69300905 0.64609048],46,-1,-1,1,-1
46327,[0.64857686 0.68729526],46,-1,-1,1,-1
46328,[0.72517088 0.75676641],46,23,"[0.7534740255485087, 0.7686705599537007]",1,-1
46329,[0.7042167  0.67051234],46,-1,-1,1,-1
46330,[0.73839948 0.77819179],46,23,"[0.7534740255485087, 0.7686705599537007]",1,-1
46331,[0.73893416 0.76238359],46,23,"[0.7534740255485087, 0.7686705599537007]",1,-1
46332,[0.6747024  0.72680105],46,34,"[0.6634532409245524, 0.760224782080757]",1,6
46333,[0.66915552 0.66877268],46,-1,-1,1,-1
46334,[0.76241514 0.70407544],46,23,"[0.7534740255485087, 0.7686705599537007]",1,-1
46335,[0.69454957 0.62831428],46,11,"[0.7051682617613192, 0.574171671796882]",1,-1
46336,[0.6772524  0.65391794],46,-1,-1,1,-1
46337,[0.69065019 0.78522946],46,34,"[0.6634532409245524, 0.760224782080757]",1,-1
46338,[0.76604543 0.67970873],46,-1,-1,1,-1
46339,[0.67449885 0.77069956],46,34,"[0.6634532409245524, 0.760224782080757]",1,6
46340,[0.69082393 0.63558788],46,11,"[0.7051682617613192, 0.574171671796882]",1,-1
46341,[0.78766852 0.6500495 ],46,43,"[0.8274941202305067, 0.5998913364221842]",1,-1
46342,[0.8068142  0.72929414],46,39,"[0.8421997346510058, 0.7675128120531985]",1,-1
46343,[0.73520598 0.71412364],46,23,"[0.7534740255485087, 0.7686705599537007]",1,-1
46344,[0.67263304 0.73296564],46,34,"[0.6634532409245524, 0.760224782080757]",1,6
46345,[0.74044364 0.76147632],46,23,"[0.7534740255485087, 0.7686705599537007]",1,-1
46346,[0.70441423 0.73932904],46,34,"[0.6634532409245524, 0.760224782080757]",1,-1
46347,[0.57403123 0.73473831],46,41,"[0.5613949929729852, 0.701115936473092]",1,-1
46348,[0.64871376 0.6290692 ],46,9,"[0.5945682323783136, 0.6193254997600653]",1,-1
46349,[0.7013204 0.7780994],46,34,"[0.6634532409245524, 0.760224782080757]",1,-1
46350,[0.7085217 0.7180972],46,34,"[0.6634532409245524, 0.760224782080757]",1,-1
46351,[0.66225201 0.74638492],46,34,"[0.6634532409245524, 0.760224782080757]",1,6
46352,[0.70628847 0.67645703],46,-1,-1,1,-1
46353,[0.69358531 0.72503681],46,34,"[0.6634532409245524, 0.760224782080757]",1,6
46354,[0.76482237 0.80760733],46,23,"[0.7534740255485087, 0.7686705599537007]",1,-1
46355,[0.73323829 0.63314999],46,11,"[0.7051682617613192, 0.574171671796882]",1,-1
46356,[0.67741129 0.78946582],46,34,"[0.6634532409245524, 0.760224782080757]",1,-1
46357,[0.7206367  0.77730716],46,23,"[0.7534740255485087, 0.7686705599537007]",1,-1
46358,[0.73822544 0.71483627],46,23,"[0.7534740255485087, 0.7686705599537007]",1,-1
46359,[0.66943627 0.66379455],46,-1,-1,1,-1
46360,[0.73726915 0.71775574],46,23,"[0.7534740255485087, 0.7686705599537007]",1,-1
46361,[0.64964937 0.68856659],46,-1,-1,1,-1
46362,[0.69357836 0.6957726 ],46,-1,-1,1,6
46363,[0.72489596 0.69540453],46,-1,-1,1,-1
46364,[0.69237318 0.6421926 ],46,11,"[0.7051682617613192, 0.574171671796882]",1,-1
46365,[0.73729841 0.69951568],46,-1,-1,1,-1
46366,[0.67021806 0.77972226],46,34,"[0.6634532409245524, 0.760224782080757]",1,6
46367,[0.67684449 0.71504163],46,34,"[0.6634532409245524, 0.760224782080757]",1,-1
46368,[0.68261316 0.75763861],46,34,"[0.6634532409245524, 0.760224782080757]",1,-1
46369,[0.78920353 0.72247391],46,23,"[0.7534740255485087, 0.7686705599537007]",1,-1
46370,[0.73853024 0.81442518],46,23,"[0.7534740255485087, 0.7686705599537007]",1,-1
46371,[0.71998464 0.73445196],46,23,"[0.7534740255485087, 0.7686705599537007]",1,6
46372,[0.69836778 0.72891461],46,34,"[0.6634532409245524, 0.760224782080757]",1,6
46373,[0.72016156 0.63490035],46,11,"[0.7051682617613192, 0.574171671796882]",1,-1
46374,[0.66406923 0.68391692],46,-1,-1,1,-1
46375,[0.72090486 0.73608048],46,23,"[0.7534740255485087, 0.7686705599537007]",1,6
46376,[0.67311203 0.62523645],46,11,"[0.7051682617613192, 0.574171671796882]",1,-1
46377,[0.70204334 0.68303493],46,-1,-1,1,-1
46378,[0.67287354 0.65032387],46,-1,-1,1,-1
46379,[0.66392633 0.63970441],46,-1,-1,1,-1
46380,[0.70420738 0.6940083 ],46,-1,-1,1,6
46381,[0.69159737 0.79890347],46,34,"[0.6634532409245524, 0.760224782080757]",1,-1
46382,[0.64173404 0.6270355 ],46,9,"[0.5945682323783136, 0.6193254997600653]",1,-1
46383,[0.74474724 0.69334521],46,-1,-1,1,-1
46384,[0.66327757 0.70384489],46,34,"[0.6634532409245524, 0.760224782080757]",1,-1
46385,[0.78043788 0.70577876],46,23,"[0.7534740255485087, 0.7686705599537007]",1,-1
46386,[0.78652664 0.66684699],46,-1,-1,1,-1
46387,[0.68610071 0.67122739],46,-1,-1,1,-1
46388,[0.63320537 0.66699015],46,9,"[0.5945682323783136, 0.6193254997600653]",1,-1
46389,[0.68601512 0.73570816],46,34,"[0.6634532409245524, 0.760224782080757]",1,6
46390,[0.68699146 0.75334183],46,34,"[0.6634532409245524, 0.760224782080757]",1,6
46391,[0.68709628 0.66557508],46,-1,-1,1,-1
46392,[0.66772724 0.73278529],46,34,"[0.6634532409245524, 0.760224782080757]",1,6
46393,[0.73063913 0.72713007],46,23,"[0.7534740255485087, 0.7686705599537007]",1,-1
46394,[0.65675304 0.67905889],46,-1,-1,1,-1
46395,[0.80004916 0.71799171],46,39,"[0.8421997346510058, 0.7675128120531985]",1,-1
46396,[0.67733283 0.73741371],46,34,"[0.6634532409245524, 0.760224782080757]",1,6
46397,[0.67937847 0.68553023],46,-1,-1,1,-1
46398,[0.75638119 0.61342034],46,11,"[0.7051682617613192, 0.574171671796882]",1,-1
46399,[0.68360111 0.72768145],46,34,"[0.6634532409245524, 0.760224782080757]",1,6
46400,[0.82490967 0.75000468],46,39,"[0.8421997346510058, 0.7675128120531985]",1,-1
46401,[0.761849   0.76105995],46,23,"[0.7534740255485087, 0.7686705599537007]",1,-1
46402,[0.65492685 0.61015773],46,9,"[0.5945682323783136, 0.6193254997600653]",1,-1
46403,[0.70961228 0.69349868],46,-1,-1,1,-1
46404,[0.6895843  0.67879707],46,-1,-1,1,-1
46405,[0.64772168 0.7126477 ],46,34,"[0.6634532409245524, 0.760224782080757]",1,-1
46406,[0.69206396 0.70865703],46,34,"[0.6634532409245524, 0.760224782080757]",1,6
46407,[0.63998811 0.6853163 ],46,-1,-1,1,-1
46408,[0.76203846 0.72452172],46,23,"[0.7534740255485087, 0.7686705599537007]",1,-1
46409,[0.69516269 0.66107563],46,-1,-1,1,-1
46410,[0.73013322 0.68383802],46,-1,-1,1,-1
46411,[0.63189638 0.63464955],46,9,"[0.5945682323783136, 0.6193254997600653]",1,-1
46412,[0.66367622 0.6616854 ],46,-1,-1,1,-1
46413,[0.65257448 0.75187399],46,34,"[0.6634532409245524, 0.760224782080757]",1,-1
46414,[0.66476307 0.66994499],46,-1,-1,1,-1
46415,[0.75151447 0.66054762],46,-1,-1,1,-1
46416,[0.75207522 0.70143192],46,23,"[0.7534740255485087, 0.7686705599537007]",1,-1
46417,[0.65353128 0.70703638],46,34,"[0.6634532409245524, 0.760224782080757]",1,-1
46418,[0.70448724 0.6135366 ],46,11,"[0.7051682617613192, 0.574171671796882]",1,-1
46419,[0.68090623 0.71457751],46,34,"[0.6634532409245524, 0.760224782080757]",1,-1
46420,[0.66507099 0.69137462],46,34,"[0.6634532409245524, 0.760224782080757]",1,-1
46421,[0.60728491 0.6601789 ],46,9,"[0.5945682323783136, 0.6193254997600653]",1,-1
46422,[0.74861406 0.72155068],46,23,"[0.7534740255485087, 0.7686705599537007]",1,-1
46423,[0.69960808 0.77710438],46,34,"[0.6634532409245524, 0.760224782080757]",1,-1
46424,[0.73401388 0.65426548],46,-1,-1,1,-1
46425,[0.68106847 0.71971215],46,34,"[0.6634532409245524, 0.760224782080757]",1,-1
46426,[0.72853975 0.71826939],46,23,"[0.7534740255485087, 0.7686705599537007]",1,6
46427,[0.66409268 0.63444916],46,-1,-1,1,-1
46428,[0.75248342 0.71447573],46,23,"[0.7534740255485087, 0.7686705599537007]",1,-1
46429,[0.67909688 0.74580848],46,34,"[0.6634532409245524, 0.760224782080757]",1,6
46430,[0.63926866 0.78163323],46,34,"[0.6634532409245524, 0.760224782080757]",1,5
46431,[0.66815928 0.72865385],46,34,"[0.6634532409245524, 0.760224782080757]",1,6
46432,[0.69059457 0.7472286 ],46,34,"[0.6634532409245524, 0.760224782080757]",1,6
46433,[0.68317913 0.76616529],46,34,"[0.6634532409245524, 0.760224782080757]",1,-1
46434,[0.72856575 0.7060009 ],46,23,"[0.7534740255485087, 0.7686705599537007]",1,6
46435,[0.74139394 0.78942068],46,23,"[0.7534740255485087, 0.7686705599537007]",1,-1
46436,[0.68503114 0.759633  ],46,34,"[0.6634532409245524, 0.760224782080757]",1,-1
46437,[0.71166514 0.6623276 ],46,-1,-1,1,-1
46438,[0.74257384 0.76999639],46,23,"[0.7534740255485087, 0.7686705599537007]",1,-1
46439,[0.61780851 0.75068796],46,34,"[0.6634532409245524, 0.760224782080757]",1,5
46440,[0.69632547 0.70458885],46,34,"[0.6634532409245524, 0.760224782080757]",1,6
46441,[0.69025706 0.62483547],46,11,"[0.7051682617613192, 0.574171671796882]",1,-1
46442,[0.61953217 0.77871236],46,48,"[0.5865861840445293, 0.7997995045728765]",1,5
46443,[0.68889979 0.70483015],46,34,"[0.6634532409245524, 0.760224782080757]",1,6
46444,[0.76780592 0.66568565],46,-1,-1,1,-1
46445,[0.81736088 0.75321052],46,39,"[0.8421997346510058, 0.7675128120531985]",1,-1
46446,[0.69859998 0.71519434],46,34,"[0.6634532409245524, 0.760224782080757]",1,6
46447,[0.6638138  0.60384492],46,11,"[0.7051682617613192, 0.574171671796882]",1,-1
46448,[0.76459725 0.71626908],46,23,"[0.7534740255485087, 0.7686705599537007]",1,-1
46449,[0.65680212 0.68861661],46,-1,-1,1,-1
46450,[0.60913773 0.74561873],46,34,"[0.6634532409245524, 0.760224782080757]",1,-1
46451,[0.64626118 0.73668271],46,34,"[0.6634532409245524, 0.760224782080757]",1,-1
46452,[0.66142195 0.66569784],46,-1,-1,1,-1
46453,[0.7384778  0.66356538],46,-1,-1,1,-1
46454,[0.69033251 0.74542254],46,34,"[0.6634532409245524, 0.760224782080757]",1,6
46455,[0.66530493 0.7594897 ],46,34,"[0.6634532409245524, 0.760224782080757]",1,6
46456,[0.69670753 0.73522966],46,34,"[0.6634532409245524, 0.760224782080757]",1,6
46457,[0.77705393 0.76391479],46,23,"[0.7534740255485087, 0.7686705599537007]",1,-1
46458,[0.7044603  0.68913523],46,-1,-1,1,-1
46459,[0.79448073 0.73003926],46,23,"[0.7534740255485087, 0.7686705599537007]",1,-1
46460,[0.68544929 0.61352706],46,11,"[0.7051682617613192, 0.574171671796882]",1,-1
46461,[0.67593145 0.6767091 ],46,-1,-1,1,-1
46462,[0.64152337 0.75065702],46,34,"[0.6634532409245524, 0.760224782080757]",1,-1
46463,[0.7381072  0.69130198],46,-1,-1,1,-1
46464,[0.71545781 0.67880174],46,-1,-1,1,-1
46465,[0.67206443 0.77717847],46,34,"[0.6634532409245524, 0.760224782080757]",1,6
46466,[0.68271838 0.68253741],46,-1,-1,1,-1
46467,[0.73773908 0.75458433],46,23,"[0.7534740255485087, 0.7686705599537007]",1,-1
46468,[0.71358613 0.63770055],46,11,"[0.7051682617613192, 0.574171671796882]",1,-1
46469,[0.73274651 0.65430738],46,-1,-1,1,-1
46470,[0.67034419 0.75371863],46,34,"[0.6634532409245524, 0.760224782080757]",1,6
46471,[0.66944207 0.58071481],46,11,"[0.7051682617613192, 0.574171671796882]",1,55
46472,[0.72510111 0.73792034],46,23,"[0.7534740255485087, 0.7686705599537007]",1,6
46473,[0.69484788 0.7223749 ],46,34,"[0.6634532409245524, 0.760224782080757]",1,6
46474,[0.637016   0.69220756],46,-1,-1,1,-1
46475,[0.75959525 0.69353437],46,-1,-1,1,-1
46476,[0.68408409 0.70624467],46,34,"[0.6634532409245524, 0.760224782080757]",1,-1
46477,[0.70453099 0.60863638],46,11,"[0.7051682617613192, 0.574171671796882]",1,-1
46478,[0.72871563 0.71451231],46,23,"[0.7534740255485087, 0.7686705599537007]",1,6
46479,[0.75316578 0.76951774],46,23,"[0.7534740255485087, 0.7686705599537007]",1,-1
46480,[0.65063478 0.71029132],46,34,"[0.6634532409245524, 0.760224782080757]",1,-1
46481,[0.68094162 0.74280886],46,34,"[0.6634532409245524, 0.760224782080757]",1,6
46482,[0.71054266 0.7014073 ],46,-1,-1,1,-1
46483,[0.65994468 0.80120932],46,34,"[0.6634532409245524, 0.760224782080757]",1,-1
46484,[0.77292159 0.57576975],46,43,"[0.8274941202305067, 0.5998913364221842]",1,-1
46485,[0.67208978 0.71119693],46,34,"[0.6634532409245524, 0.760224782080757]",1,6
46486,[0.725479   0.73079461],46,23,"[0.7534740255485087, 0.7686705599537007]",1,-1
46487,[0.7137888  0.76461601],46,23,"[0.7534740255485087, 0.7686705599537007]",1,-1
46488,[0.73982135 0.82536242],46,23,"[0.7534740255485087, 0.7686705599537007]",1,-1
46489,[0.67625062 0.66303694],46,-1,-1,1,-1
46490,[0.68866669 0.74987233],46,34,"[0.6634532409245524, 0.760224782080757]",1,6
46491,[0.70185921 0.74529766],46,34,"[0.6634532409245524, 0.760224782080757]",1,6
46492,[0.67267086 0.66782366],46,-1,-1,1,-1
46493,[0.68554395 0.7688302 ],46,34,"[0.6634532409245524, 0.760224782080757]",1,-1
46494,[0.77265342 0.77310952],46,23,"[0.7534740255485087, 0.7686705599537007]",1,-1
46495,[0.66011833 0.65141461],46,-1,-1,1,-1
46496,[0.64840083 0.65311711],46,9,"[0.5945682323783136, 0.6193254997600653]",1,-1
46497,[0.60539073 0.69559669],46,41,"[0.5613949929729852, 0.701115936473092]",1,-1
46498,[0.71020623 0.63044395],46,11,"[0.7051682617613192, 0.574171671796882]",1,-1
46499,[0.77901205 0.69339515],46,-1,-1,1,-1
46500,[0.66703606 0.62747142],46,11,"[0.7051682617613192, 0.574171671796882]",1,-1
46501,[0.656657   0.77995463],46,34,"[0.6634532409245524, 0.760224782080757]",1,-1
46502,[0.65759505 0.76848777],46,34,"[0.6634532409245524, 0.760224782080757]",1,-1
46503,[0.6081932  0.66592198],46,9,"[0.5945682323783136, 0.6193254997600653]",1,-1
46504,[0.69258257 0.63988898],46,11,"[0.7051682617613192, 0.574171671796882]",1,-1
46505,[0.63448284 0.60200606],46,9,"[0.5945682323783136, 0.6193254997600653]",1,-1
46506,[0.67803291 0.65546444],46,-1,-1,1,-1
46507,[0.72361906 0.75738741],46,23,"[0.7534740255485087, 0.7686705599537007]",1,-1
46508,[0.68426953 0.71038292],46,34,"[0.6634532409245524, 0.760224782080757]",1,6
46509,[0.7161009 0.671185 ],46,-1,-1,1,-1
46510,[0.71153265 0.60259408],46,11,"[0.7051682617613192, 0.574171671796882]",1,-1
46511,[0.639707   0.66656206],46,9,"[0.5945682323783136, 0.6193254997600653]",1,-1
46512,[0.66263479 0.75334721],46,34,"[0.6634532409245524, 0.760224782080757]",1,6
46513,[0.61401219 0.76948753],46,48,"[0.5865861840445293, 0.7997995045728765]",1,-1
46514,[0.7147476  0.80508838],46,23,"[0.7534740255485087, 0.7686705599537007]",1,-1
46515,[0.700566   0.73100703],46,34,"[0.6634532409245524, 0.760224782080757]",1,6
46516,[0.68586134 0.69679676],46,34,"[0.6634532409245524, 0.760224782080757]",1,-1
46517,[0.81522444 0.82312369],46,39,"[0.8421997346510058, 0.7675128120531985]",1,-1
46518,[0.66222514 0.72186436],46,34,"[0.6634532409245524, 0.760224782080757]",1,6
46519,[0.64176745 0.67201213],46,-1,-1,1,-1
46520,[0.84495642 0.78081739],46,39,"[0.8421997346510058, 0.7675128120531985]",1,-1
46521,[0.61503149 0.73043319],46,34,"[0.6634532409245524, 0.760224782080757]",1,-1
46522,[0.61013485 0.78547822],46,48,"[0.5865861840445293, 0.7997995045728765]",1,5
46523,[0.69223065 0.6268927 ],46,11,"[0.7051682617613192, 0.574171671796882]",1,-1
46524,[0.72394004 0.71964752],46,23,"[0.7534740255485087, 0.7686705599537007]",1,6
46525,[0.72613434 0.66609764],46,-1,-1,1,-1
46526,[0.76076253 0.7417358 ],46,23,"[0.7534740255485087, 0.7686705599537007]",1,-1
46527,[0.70036879 0.69836532],46,-1,-1,1,6
46528,[0.64663898 0.73018888],46,34,"[0.6634532409245524, 0.760224782080757]",1,-1
46529,[0.6351516  0.80739269],46,48,"[0.5865861840445293, 0.7997995045728765]",1,-1
46530,[0.66294225 0.73538344],46,34,"[0.6634532409245524, 0.760224782080757]",1,6
46531,[0.67753554 0.78625465],46,34,"[0.6634532409245524, 0.760224782080757]",1,6
46532,[0.67098101 0.61396716],46,11,"[0.7051682617613192, 0.574171671796882]",1,-1
46533,[0.72518639 0.73004467],46,23,"[0.7534740255485087, 0.7686705599537007]",1,-1
46534,[0.81741433 0.70166379],46,-1,-1,1,-1
46535,[0.61433412 0.78740908],46,48,"[0.5865861840445293, 0.7997995045728765]",1,-1
46536,[0.67903972 0.69859174],46,34,"[0.6634532409245524, 0.760224782080757]",1,-1
46537,[0.65046853 0.62939079],46,9,"[0.5945682323783136, 0.6193254997600653]",1,-1
46538,[0.61818957 0.70372571],46,41,"[0.5613949929729852, 0.701115936473092]",1,-1
46539,[0.76922337 0.76030708],46,23,"[0.7534740255485087, 0.7686705599537007]",1,-1
46540,[0.70206519 0.61648416],46,11,"[0.7051682617613192, 0.574171671796882]",1,-1
46541,[0.76692209 0.79264044],46,23,"[0.7534740255485087, 0.7686705599537007]",1,-1
46542,[0.68468001 0.77389732],46,34,"[0.6634532409245524, 0.760224782080757]",1,-1
46543,[0.75791965 0.78756778],46,23,"[0.7534740255485087, 0.7686705599537007]",1,-1
46544,[0.77055584 0.74226521],46,23,"[0.7534740255485087, 0.7686705599537007]",1,-1
46545,[0.66744228 0.79974248],46,34,"[0.6634532409245524, 0.760224782080757]",1,6
46546,[0.75362136 0.62473643],46,-1,-1,1,-1
46547,[0.7192335  0.74673921],46,23,"[0.7534740255485087, 0.7686705599537007]",1,-1
46548,[0.65119813 0.67989552],46,-1,-1,1,-1
46549,[0.76213458 0.75074328],46,23,"[0.7534740255485087, 0.7686705599537007]",1,-1
46550,[0.64558814 0.5709691 ],46,10,"[0.6101257152780476, 0.5394800330734051]",1,-1
46551,[0.74967961 0.786605  ],46,23,"[0.7534740255485087, 0.7686705599537007]",1,-1
46552,[0.68034616 0.75121793],46,34,"[0.6634532409245524, 0.760224782080757]",1,6
46553,[0.73179618 0.70089545],46,-1,-1,1,-1
46554,[0.6687639  0.67424372],46,-1,-1,1,-1
46555,[0.68339546 0.64729818],46,-1,-1,1,-1
46556,[0.77717953 0.74151096],46,23,"[0.7534740255485087, 0.7686705599537007]",1,-1
46557,[0.674245   0.69765671],46,34,"[0.6634532409245524, 0.760224782080757]",1,-1
46558,[0.72403913 0.7056182 ],46,23,"[0.7534740255485087, 0.7686705599537007]",1,6
46559,[0.66481464 0.77032415],46,34,"[0.6634532409245524, 0.760224782080757]",1,-1
46560,[0.64512768 0.66940481],46,-1,-1,1,-1
46561,[0.78151869 0.787079  ],46,23,"[0.7534740255485087, 0.7686705599537007]",1,-1
46562,[0.69497747 0.64073567],46,11,"[0.7051682617613192, 0.574171671796882]",1,-1
46563,[0.78811622 0.65631139],46,43,"[0.8274941202305067, 0.5998913364221842]",1,-1
46564,[0.72375689 0.62710381],46,11,"[0.7051682617613192, 0.574171671796882]",1,-1
46565,[0.72375323 0.66873279],46,-1,-1,1,-1
46566,[0.63130963 0.69588573],46,-1,-1,1,-1
46567,[0.76916341 0.69649175],46,-1,-1,1,-1
46568,[0.68056353 0.78167778],46,34,"[0.6634532409245524, 0.760224782080757]",1,6
46569,[0.74665619 0.70504908],46,23,"[0.7534740255485087, 0.7686705599537007]",1,-1
46570,[0.63984707 0.73471563],46,34,"[0.6634532409245524, 0.760224782080757]",1,-1
46571,[0.70435493 0.72026083],46,34,"[0.6634532409245524, 0.760224782080757]",1,6
46572,[0.72237163 0.71035204],46,23,"[0.7534740255485087, 0.7686705599537007]",1,-1
46573,[0.71880022 0.68778197],46,-1,-1,1,-1
46574,[0.71546779 0.69778386],46,-1,-1,1,-1
46575,[0.72560407 0.69407619],46,-1,-1,1,-1
46576,[0.69411876 0.76755046],46,34,"[0.6634532409245524, 0.760224782080757]",1,-1
46577,[0.72143984 0.68657564],46,-1,-1,1,-1
46578,[0.68056886 0.63325732],46,11,"[0.7051682617613192, 0.574171671796882]",1,-1
46579,[0.73732734 0.67574468],46,-1,-1,1,-1
46580,[0.69575931 0.67219233],46,-1,-1,1,-1
46581,[0.6869186  0.79698375],46,34,"[0.6634532409245524, 0.760224782080757]",1,-1
46582,[0.75845687 0.73727703],46,23,"[0.7534740255485087, 0.7686705599537007]",1,-1
46583,[0.67365547 0.71135599],46,34,"[0.6634532409245524, 0.760224782080757]",1,6
46584,[0.65204877 0.7962908 ],46,34,"[0.6634532409245524, 0.760224782080757]",1,-1
46585,[0.75753422 0.75307643],46,23,"[0.7534740255485087, 0.7686705599537007]",1,-1
46586,[0.6298762  0.72728171],46,34,"[0.6634532409245524, 0.760224782080757]",1,-1
46587,[0.72064635 0.71400447],46,23,"[0.7534740255485087, 0.7686705599537007]",1,6
46588,[0.62223162 0.67167752],46,9,"[0.5945682323783136, 0.6193254997600653]",1,-1
46589,[0.72842789 0.744885  ],46,23,"[0.7534740255485087, 0.7686705599537007]",1,-1
46590,[0.6682837  0.64880525],46,-1,-1,1,-1
46591,[0.67064263 0.66842884],46,-1,-1,1,-1
46592,[0.74594271 0.69911562],46,23,"[0.7534740255485087, 0.7686705599537007]",1,-1
46593,[0.72330785 0.75715446],46,23,"[0.7534740255485087, 0.7686705599537007]",1,-1
46594,[0.74536339 0.72897218],46,23,"[0.7534740255485087, 0.7686705599537007]",1,-1
46595,[0.64368176 0.69430667],46,34,"[0.6634532409245524, 0.760224782080757]",1,-1
46596,[0.64007899 0.65452143],46,9,"[0.5945682323783136, 0.6193254997600653]",1,-1
46597,[0.698076   0.67328539],46,-1,-1,1,-1
46598,[0.76358864 0.64427204],46,-1,-1,1,-1
46599,[0.72883754 0.61154954],46,11,"[0.7051682617613192, 0.574171671796882]",1,-1
46600,[0.61977549 0.72104719],46,34,"[0.6634532409245524, 0.760224782080757]",1,-1
46601,[0.72312056 0.71634588],46,23,"[0.7534740255485087, 0.7686705599537007]",1,6
46602,[0.66306211 0.74394985],46,34,"[0.6634532409245524, 0.760224782080757]",1,6
46603,[0.59890619 0.66711946],46,9,"[0.5945682323783136, 0.6193254997600653]",1,-1
46604,[0.71707753 0.62544241],46,11,"[0.7051682617613192, 0.574171671796882]",1,-1
46605,[0.68902159 0.70317771],46,34,"[0.6634532409245524, 0.760224782080757]",1,6
46606,[0.69296118 0.71525655],46,34,"[0.6634532409245524, 0.760224782080757]",1,6
46607,[0.74988211 0.71868266],46,23,"[0.7534740255485087, 0.7686705599537007]",1,-1
46608,[0.7095308  0.77517902],46,23,"[0.7534740255485087, 0.7686705599537007]",1,-1
46609,[0.66949234 0.72997747],46,34,"[0.6634532409245524, 0.760224782080757]",1,6
46610,[0.7141574  0.74562657],46,23,"[0.7534740255485087, 0.7686705599537007]",1,-1
46611,[0.67134205 0.74543628],46,34,"[0.6634532409245524, 0.760224782080757]",1,6
46612,[0.73099307 0.78078769],46,23,"[0.7534740255485087, 0.7686705599537007]",1,-1
46613,[0.61360941 0.70919873],46,41,"[0.5613949929729852, 0.701115936473092]",1,-1
46614,[0.68867062 0.73184346],46,34,"[0.6634532409245524, 0.760224782080757]",1,6
46615,[0.66324129 0.7080772 ],46,34,"[0.6634532409245524, 0.760224782080757]",1,-1
46616,[0.63336862 0.7169777 ],46,34,"[0.6634532409245524, 0.760224782080757]",1,5
46617,[0.68292252 0.69870515],46,34,"[0.6634532409245524, 0.760224782080757]",1,-1
46618,[0.64739581 0.71093471],46,34,"[0.6634532409245524, 0.760224782080757]",1,-1
46619,[0.66943066 0.67393685],46,-1,-1,1,-1
46620,[0.83187502 0.71679296],46,39,"[0.8421997346510058, 0.7675128120531985]",1,-1
46621,[0.66478236 0.68340566],46,-1,-1,1,-1
46622,[0.72145003 0.70795475],46,23,"[0.7534740255485087, 0.7686705599537007]",1,6
46623,[0.74735971 0.76020886],46,23,"[0.7534740255485087, 0.7686705599537007]",1,-1
46624,[0.67140578 0.69851093],46,34,"[0.6634532409245524, 0.760224782080757]",1,-1
46625,[0.68733237 0.72829568],46,34,"[0.6634532409245524, 0.760224782080757]",1,6
46626,[0.67041395 0.72770452],46,34,"[0.6634532409245524, 0.760224782080757]",1,6
46627,[0.62733234 0.6956723 ],46,41,"[0.5613949929729852, 0.701115936473092]",1,-1
46628,[0.67035726 0.70153365],46,34,"[0.6634532409245524, 0.760224782080757]",1,-1
46629,[0.6826329  0.74380157],46,34,"[0.6634532409245524, 0.760224782080757]",1,6
46630,[0.70254873 0.69131592],46,-1,-1,1,-1
46631,[0.71304052 0.74743247],46,23,"[0.7534740255485087, 0.7686705599537007]",1,-1
46632,[0.63894504 0.72277931],46,34,"[0.6634532409245524, 0.760224782080757]",1,5
46633,[0.70008781 0.72945773],46,34,"[0.6634532409245524, 0.760224782080757]",1,6
46634,[0.70948449 0.71062164],46,34,"[0.6634532409245524, 0.760224782080757]",1,6
46635,[0.7119769  0.75782863],46,23,"[0.7534740255485087, 0.7686705599537007]",1,-1
46636,[0.66287374 0.64682197],46,-1,-1,1,-1
46637,[0.72073991 0.67837193],46,-1,-1,1,-1
46638,[0.60863824 0.77218929],46,48,"[0.5865861840445293, 0.7997995045728765]",1,-1
46639,[0.66119214 0.71144044],46,34,"[0.6634532409245524, 0.760224782080757]",1,-1
46640,[0.7964438  0.73394704],46,23,"[0.7534740255485087, 0.7686705599537007]",1,-1
46641,[0.69007385 0.62593197],46,11,"[0.7051682617613192, 0.574171671796882]",1,-1
46642,[0.6680091  0.68318727],46,-1,-1,1,-1
46643,[0.6579816  0.73791396],46,34,"[0.6634532409245524, 0.760224782080757]",1,-1
46644,[0.72122757 0.62203482],46,11,"[0.7051682617613192, 0.574171671796882]",1,-1
46645,[0.67374794 0.74840049],46,34,"[0.6634532409245524, 0.760224782080757]",1,6
46646,[0.71705213 0.73760313],46,23,"[0.7534740255485087, 0.7686705599537007]",1,6
46647,[0.66826011 0.76787511],46,34,"[0.6634532409245524, 0.760224782080757]",1,-1
46648,[0.70824053 0.65751522],46,-1,-1,1,-1
46649,[0.77877884 0.67221961],46,-1,-1,1,-1
46650,[0.58065584 0.67738947],46,41,"[0.5613949929729852, 0.701115936473092]",1,-1
46651,[0.65883002 0.70663248],46,34,"[0.6634532409245524, 0.760224782080757]",1,-1
46652,[0.6237052  0.71860153],46,34,"[0.6634532409245524, 0.760224782080757]",1,-1
46653,[0.67622185 0.73582049],46,34,"[0.6634532409245524, 0.760224782080757]",1,6
46654,[0.71931571 0.70714151],46,-1,-1,1,6
46655,[0.69388205 0.82713269],46,-1,-1,1,-1
46656,[0.62698941 0.751124  ],46,34,"[0.6634532409245524, 0.760224782080757]",1,5
46657,[0.72347263 0.76796052],46,23,"[0.7534740255485087, 0.7686705599537007]",1,-1
46658,[0.74432627 0.71650884],46,23,"[0.7534740255485087, 0.7686705599537007]",1,-1
46659,[0.64376775 0.68702225],46,-1,-1,1,-1
46660,[0.77918706 0.70417503],46,23,"[0.7534740255485087, 0.7686705599537007]",1,-1
46661,[0.70783307 0.66513795],46,-1,-1,1,-1
46662,[0.64669809 0.70135985],46,34,"[0.6634532409245524, 0.760224782080757]",1,-1
46663,[0.7040421  0.67460863],46,-1,-1,1,-1
46664,[0.68367054 0.69271673],46,-1,-1,1,-1
46665,[0.7264621  0.62835767],46,11,"[0.7051682617613192, 0.574171671796882]",1,-1
46666,[0.72209088 0.69629616],46,-1,-1,1,-1
46667,[0.62807993 0.71601012],46,34,"[0.6634532409245524, 0.760224782080757]",1,5
46668,[0.64947314 0.72619384],46,34,"[0.6634532409245524, 0.760224782080757]",1,-1
46669,[0.67417261 0.7569907 ],46,34,"[0.6634532409245524, 0.760224782080757]",1,6
46670,[0.69009742 0.71967417],46,34,"[0.6634532409245524, 0.760224782080757]",1,6
46671,[0.71045449 0.68480982],46,-1,-1,1,-1
46672,[0.67898824 0.67217908],46,-1,-1,1,-1
46673,[0.7228918  0.72283488],46,23,"[0.7534740255485087, 0.7686705599537007]",1,6
46674,[0.69831652 0.75047096],46,34,"[0.6634532409245524, 0.760224782080757]",1,6
46675,[0.72279499 0.65571388],46,-1,-1,1,-1
46676,[0.7653161  0.79693401],46,23,"[0.7534740255485087, 0.7686705599537007]",1,-1
46677,[0.66997745 0.72866565],46,34,"[0.6634532409245524, 0.760224782080757]",1,6
46678,[0.68101431 0.73692922],46,34,"[0.6634532409245524, 0.760224782080757]",1,6
46679,[0.7531661  0.72320565],46,23,"[0.7534740255485087, 0.7686705599537007]",1,-1
46680,[0.71834803 0.6562944 ],46,-1,-1,1,-1
46681,[0.66493581 0.68097438],46,-1,-1,1,-1
46682,[0.66112493 0.65826233],46,-1,-1,1,-1
46683,[0.67536411 0.76844571],46,34,"[0.6634532409245524, 0.760224782080757]",1,6
46684,[0.69515462 0.71814758],46,34,"[0.6634532409245524, 0.760224782080757]",1,6
46685,[0.75211168 0.75479164],46,23,"[0.7534740255485087, 0.7686705599537007]",1,-1
46686,[0.73972243 0.71589206],46,23,"[0.7534740255485087, 0.7686705599537007]",1,-1
46687,[0.66146406 0.69510323],46,34,"[0.6634532409245524, 0.760224782080757]",1,-1
46688,[0.70857891 0.72360635],46,34,"[0.6634532409245524, 0.760224782080757]",1,-1
46689,[0.59413131 0.81257099],46,48,"[0.5865861840445293, 0.7997995045728765]",1,-1
46690,[0.79340022 0.73769285],46,23,"[0.7534740255485087, 0.7686705599537007]",1,-1
46691,[0.70089936 0.69776815],46,-1,-1,1,6
46692,[0.6915948  0.75739997],46,34,"[0.6634532409245524, 0.760224782080757]",1,-1
46693,[0.69023221 0.73052502],46,34,"[0.6634532409245524, 0.760224782080757]",1,6
46694,[0.71175136 0.62405029],46,11,"[0.7051682617613192, 0.574171671796882]",1,-1
46695,[0.83561189 0.68451488],46,-1,-1,1,-1
46696,[0.72072155 0.63108069],46,11,"[0.7051682617613192, 0.574171671796882]",1,-1
46697,[0.74686848 0.72397484],46,23,"[0.7534740255485087, 0.7686705599537007]",1,-1
46698,[0.75654492 0.71444506],46,23,"[0.7534740255485087, 0.7686705599537007]",1,-1
46699,[0.770618   0.74576671],46,23,"[0.7534740255485087, 0.7686705599537007]",1,-1
46700,[0.69622414 0.85222881],46,-1,-1,1,-1
46701,[0.75524193 0.71023828],46,23,"[0.7534740255485087, 0.7686705599537007]",1,-1
46702,[0.63689792 0.70974706],46,34,"[0.6634532409245524, 0.760224782080757]",1,-1
46703,[0.65333514 0.66696247],46,-1,-1,1,-1
46704,[0.64324172 0.67723302],46,-1,-1,1,-1
46705,[0.73800149 0.64881298],46,-1,-1,1,-1
46706,[0.67378413 0.61732394],46,11,"[0.7051682617613192, 0.574171671796882]",1,-1
46707,[0.69618331 0.69245058],46,-1,-1,1,6
46708,[0.71967421 0.71694323],46,23,"[0.7534740255485087, 0.7686705599537007]",1,6
46709,[0.73747562 0.68876059],46,-1,-1,1,-1
46710,[0.71370631 0.78643592],46,23,"[0.7534740255485087, 0.7686705599537007]",1,-1
46711,[0.73519671 0.7787994 ],46,23,"[0.7534740255485087, 0.7686705599537007]",1,-1
46712,[0.69226561 0.69425472],46,-1,-1,1,6
46713,[0.60151932 0.70234142],46,41,"[0.5613949929729852, 0.701115936473092]",1,-1
46714,[0.60419645 0.65418918],46,9,"[0.5945682323783136, 0.6193254997600653]",1,-1
46715,[0.74528643 0.76598251],46,23,"[0.7534740255485087, 0.7686705599537007]",1,-1
46716,[0.80690954 0.78329809],46,39,"[0.8421997346510058, 0.7675128120531985]",1,3
46717,[0.68021206 0.73270164],46,34,"[0.6634532409245524, 0.760224782080757]",1,6
46718,[0.63444286 0.71122807],46,34,"[0.6634532409245524, 0.760224782080757]",1,5
46719,[0.68634106 0.72448852],46,34,"[0.6634532409245524, 0.760224782080757]",1,6
46720,[0.77482142 0.72923127],46,23,"[0.7534740255485087, 0.7686705599537007]",1,-1
46721,[0.64215444 0.70267973],46,34,"[0.6634532409245524, 0.760224782080757]",1,-1
46722,[0.75042651 0.67223636],46,-1,-1,1,-1
46723,[0.66130039 0.74329698],46,34,"[0.6634532409245524, 0.760224782080757]",1,6
46724,[0.71580615 0.69131381],46,-1,-1,1,-1
46725,[0.76107159 0.77155549],46,23,"[0.7534740255485087, 0.7686705599537007]",1,-1
46726,[0.79729067 0.67608667],46,-1,-1,1,-1
46727,[0.80039672 0.6952301 ],46,-1,-1,1,-1
46728,[0.71175289 0.62801031],46,11,"[0.7051682617613192, 0.574171671796882]",1,-1
46729,[0.73023995 0.83402273],46,23,"[0.7534740255485087, 0.7686705599537007]",1,-1
46730,[0.65896834 0.7238124 ],46,34,"[0.6634532409245524, 0.760224782080757]",1,-1
46731,[0.79210795 0.75371378],46,23,"[0.7534740255485087, 0.7686705599537007]",1,-1
46732,[0.70060948 0.70486354],46,34,"[0.6634532409245524, 0.760224782080757]",1,6
46733,[0.66946464 0.67967236],46,-1,-1,1,-1
46734,[0.72688531 0.67403228],46,-1,-1,1,-1
46735,[0.56227687 0.6629586 ],46,41,"[0.5613949929729852, 0.701115936473092]",1,-1
46736,[0.69467828 0.66987595],46,-1,-1,1,-1
46737,[0.7311793  0.57284707],46,11,"[0.7051682617613192, 0.574171671796882]",1,-1
46738,[0.67264935 0.74049202],46,34,"[0.6634532409245524, 0.760224782080757]",1,6
46739,[0.61694873 0.6594609 ],46,9,"[0.5945682323783136, 0.6193254997600653]",1,-1
46740,[0.62717744 0.70954798],46,34,"[0.6634532409245524, 0.760224782080757]",1,5
46741,[0.7530437 0.6696518],46,-1,-1,1,-1
46742,[0.71291903 0.75165041],46,23,"[0.7534740255485087, 0.7686705599537007]",1,6
46743,[0.72547504 0.70065754],46,-1,-1,1,-1
46744,[0.77393379 0.74098996],46,23,"[0.7534740255485087, 0.7686705599537007]",1,-1
46745,[0.69375298 0.71433275],46,34,"[0.6634532409245524, 0.760224782080757]",1,6
46746,[0.84903981 0.75271575],46,39,"[0.8421997346510058, 0.7675128120531985]",1,-1
46747,[0.7156991  0.68572213],46,-1,-1,1,-1
46748,[0.63283604 0.74218466],46,34,"[0.6634532409245524, 0.760224782080757]",1,-1
46749,[0.72853823 0.69654744],46,-1,-1,1,-1
46750,[0.7280904  0.65020441],46,-1,-1,1,-1
46751,[0.73269195 0.76961731],46,23,"[0.7534740255485087, 0.7686705599537007]",1,-1
46752,[0.70715838 0.66594628],46,-1,-1,1,-1
46753,[0.70622663 0.81048448],46,23,"[0.7534740255485087, 0.7686705599537007]",1,-1
46754,[0.69634281 0.65615475],46,-1,-1,1,-1
46755,[0.71951153 0.76929276],46,23,"[0.7534740255485087, 0.7686705599537007]",1,-1
46756,[0.77844663 0.72770019],46,23,"[0.7534740255485087, 0.7686705599537007]",1,-1
46757,[0.75147124 0.72329615],46,23,"[0.7534740255485087, 0.7686705599537007]",1,-1
46758,[0.66291554 0.70512784],46,34,"[0.6634532409245524, 0.760224782080757]",1,-1
46759,[0.62738382 0.73755936],46,34,"[0.6634532409245524, 0.760224782080757]",1,5
46760,[0.75369389 0.6609214 ],46,-1,-1,1,-1
46761,[0.74993595 0.72465334],46,23,"[0.7534740255485087, 0.7686705599537007]",1,-1
46762,[0.7428543  0.74163104],46,23,"[0.7534740255485087, 0.7686705599537007]",1,-1
46763,[0.7219822  0.72819243],46,23,"[0.7534740255485087, 0.7686705599537007]",1,6
46764,[0.76401708 0.71546544],46,23,"[0.7534740255485087, 0.7686705599537007]",1,-1
46765,[0.67980379 0.69504613],46,34,"[0.6634532409245524, 0.760224782080757]",1,-1
46766,[0.73017265 0.77053767],46,23,"[0.7534740255485087, 0.7686705599537007]",1,-1
46767,[0.68053114 0.73713237],46,34,"[0.6634532409245524, 0.760224782080757]",1,6
46768,[0.74227368 0.75183138],46,23,"[0.7534740255485087, 0.7686705599537007]",1,-1
46769,[0.68950585 0.70868021],46,34,"[0.6634532409245524, 0.760224782080757]",1,6
46770,[0.81929505 0.61493186],46,43,"[0.8274941202305067, 0.5998913364221842]",1,-1
46771,[0.77240759 0.75615997],46,23,"[0.7534740255485087, 0.7686705599537007]",1,-1
46772,[0.77543865 0.64454926],46,43,"[0.8274941202305067, 0.5998913364221842]",1,-1
46773,[0.66771868 0.79714412],46,34,"[0.6634532409245524, 0.760224782080757]",1,6
46774,[0.69430563 0.7208375 ],46,34,"[0.6634532409245524, 0.760224782080757]",1,6
46775,[0.6731206  0.77105054],46,34,"[0.6634532409245524, 0.760224782080757]",1,6
46776,[0.64847145 0.70880207],46,34,"[0.6634532409245524, 0.760224782080757]",1,-1
46777,[0.74012825 0.78248141],46,23,"[0.7534740255485087, 0.7686705599537007]",1,-1
46778,[0.6432304  0.76557823],46,34,"[0.6634532409245524, 0.760224782080757]",1,5
46779,[0.64002274 0.74506818],46,34,"[0.6634532409245524, 0.760224782080757]",1,-1
46780,[0.72524256 0.78498077],46,23,"[0.7534740255485087, 0.7686705599537007]",1,-1
46781,[0.66101718 0.7197288 ],46,34,"[0.6634532409245524, 0.760224782080757]",1,-1
46782,[0.73555792 0.75240934],46,23,"[0.7534740255485087, 0.7686705599537007]",1,-1
46783,[0.76473897 0.76364336],46,23,"[0.7534740255485087, 0.7686705599537007]",1,-1
46784,[0.69411801 0.69474595],46,-1,-1,1,6
46785,[0.71151499 0.62796156],46,11,"[0.7051682617613192, 0.574171671796882]",1,-1
46786,[0.79421326 0.75566479],46,23,"[0.7534740255485087, 0.7686705599537007]",1,-1
46787,[0.66314421 0.71292483],46,34,"[0.6634532409245524, 0.760224782080757]",1,-1
46788,[0.74803745 0.71435102],46,23,"[0.7534740255485087, 0.7686705599537007]",1,-1
46789,[0.70772817 0.64675112],46,-1,-1,1,-1
46790,[0.72353041 0.71794549],46,23,"[0.7534740255485087, 0.7686705599537007]",1,6
46791,[0.85999807 0.7035097 ],46,39,"[0.8421997346510058, 0.7675128120531985]",1,-1
46792,[0.75115356 0.71015722],46,23,"[0.7534740255485087, 0.7686705599537007]",1,-1
46793,[0.7016414  0.68302481],46,-1,-1,1,-1
46794,[0.70270575 0.78673897],46,34,"[0.6634532409245524, 0.760224782080757]",1,-1
46795,[0.82362081 0.74220255],46,39,"[0.8421997346510058, 0.7675128120531985]",1,-1
46796,[0.74326323 0.75478769],46,23,"[0.7534740255485087, 0.7686705599537007]",1,-1
46797,[0.63500187 0.73113289],46,34,"[0.6634532409245524, 0.760224782080757]",1,5
46798,[0.74401806 0.60141728],46,11,"[0.7051682617613192, 0.574171671796882]",1,-1
46799,[0.71053089 0.66580244],46,-1,-1,1,-1
46800,[0.69048138 0.72008766],46,34,"[0.6634532409245524, 0.760224782080757]",1,6
46801,[0.74630871 0.64568959],46,-1,-1,1,-1
46802,[0.69549455 0.66571045],46,-1,-1,1,-1
46803,[0.73268162 0.7004281 ],46,-1,-1,1,-1
46804,[0.67411269 0.70517882],46,34,"[0.6634532409245524, 0.760224782080757]",1,-1
46805,[0.72058894 0.74994788],46,23,"[0.7534740255485087, 0.7686705599537007]",1,6
46806,[0.69341181 0.70216655],46,34,"[0.6634532409245524, 0.760224782080757]",1,6
46807,[0.64000735 0.66112598],46,9,"[0.5945682323783136, 0.6193254997600653]",1,-1
46808,[0.72537091 0.6847244 ],46,-1,-1,1,-1
46809,[0.63136191 0.67039792],46,9,"[0.5945682323783136, 0.6193254997600653]",1,-1
46810,[0.70162123 0.71752233],46,34,"[0.6634532409245524, 0.760224782080757]",1,6
46811,[0.6525462  0.65263151],46,9,"[0.5945682323783136, 0.6193254997600653]",1,-1
46812,[0.68095586 0.70056571],46,34,"[0.6634532409245524, 0.760224782080757]",1,-1
46813,[0.63347536 0.71263446],46,34,"[0.6634532409245524, 0.760224782080757]",1,5
46814,[0.7470898  0.73617505],46,23,"[0.7534740255485087, 0.7686705599537007]",1,-1
46815,[0.68905181 0.67041212],46,-1,-1,1,-1
46816,[0.6610641  0.65181446],46,-1,-1,1,-1
46817,[0.63851981 0.67241262],46,9,"[0.5945682323783136, 0.6193254997600653]",1,-1
46818,[0.72152906 0.79559016],46,23,"[0.7534740255485087, 0.7686705599537007]",1,-1
46819,[0.70744768 0.76596494],46,34,"[0.6634532409245524, 0.760224782080757]",1,-1
46820,[0.78457623 0.76818911],46,23,"[0.7534740255485087, 0.7686705599537007]",1,-1
46821,[0.72124936 0.76068254],46,23,"[0.7534740255485087, 0.7686705599537007]",1,-1
46822,[0.65348947 0.74890318],46,34,"[0.6634532409245524, 0.760224782080757]",1,-1
46823,[0.72602041 0.65055505],46,-1,-1,1,-1
46824,[0.7055358  0.76810299],46,34,"[0.6634532409245524, 0.760224782080757]",1,-1
46825,[0.66586246 0.62848084],46,11,"[0.7051682617613192, 0.574171671796882]",1,-1
46826,[0.7342086  0.74222348],46,23,"[0.7534740255485087, 0.7686705599537007]",1,-1
46827,[0.69151369 0.7361143 ],46,34,"[0.6634532409245524, 0.760224782080757]",1,6
46828,[0.69635333 0.67696133],46,-1,-1,1,-1
46829,[0.67129681 0.65121042],46,-1,-1,1,-1
46830,[0.74320255 0.75073278],46,23,"[0.7534740255485087, 0.7686705599537007]",1,-1
46831,[0.75277293 0.70782154],46,23,"[0.7534740255485087, 0.7686705599537007]",1,-1
46832,[0.77166163 0.65411631],46,-1,-1,1,-1
46833,[0.7808736  0.75336607],46,23,"[0.7534740255485087, 0.7686705599537007]",1,-1
46834,[0.71461756 0.66188634],46,-1,-1,1,-1
46835,[0.77873499 0.68518383],46,-1,-1,1,-1
46836,[0.71127233 0.74627424],46,23,"[0.7534740255485087, 0.7686705599537007]",1,-1
46837,[0.70265362 0.78754884],46,34,"[0.6634532409245524, 0.760224782080757]",1,-1
46838,[0.76263547 0.83353135],46,23,"[0.7534740255485087, 0.7686705599537007]",1,-1
46839,[0.6668042  0.72057839],46,34,"[0.6634532409245524, 0.760224782080757]",1,6
46840,[0.58955086 0.64689257],46,9,"[0.5945682323783136, 0.6193254997600653]",1,-1
46841,[0.73781929 0.73991738],46,23,"[0.7534740255485087, 0.7686705599537007]",1,-1
46842,[0.66414924 0.62913149],46,11,"[0.7051682617613192, 0.574171671796882]",1,-1
46843,[0.62854593 0.70711267],46,34,"[0.6634532409245524, 0.760224782080757]",1,5
46844,[0.63236877 0.68795084],46,-1,-1,1,-1
46845,[0.70100885 0.70278198],46,34,"[0.6634532409245524, 0.760224782080757]",1,6
46846,[0.76564097 0.68064124],46,-1,-1,1,-1
46847,[0.74354124 0.64769873],46,-1,-1,1,-1
46848,[0.69726566 0.66277045],46,-1,-1,1,-1
46849,[0.78386903 0.7103165 ],46,23,"[0.7534740255485087, 0.7686705599537007]",1,-1
46850,[0.77556272 0.77884019],46,23,"[0.7534740255485087, 0.7686705599537007]",1,-1
46851,[0.70871509 0.737975  ],46,34,"[0.6634532409245524, 0.760224782080757]",1,-1
46852,[0.63559008 0.71078714],46,34,"[0.6634532409245524, 0.760224782080757]",1,-1
46853,[0.70569885 0.70513807],46,34,"[0.6634532409245524, 0.760224782080757]",1,-1
46854,[0.7374374  0.72110574],46,23,"[0.7534740255485087, 0.7686705599537007]",1,-1
46855,[0.63380781 0.63601281],46,9,"[0.5945682323783136, 0.6193254997600653]",1,-1
46856,[0.68225006 0.70974545],46,34,"[0.6634532409245524, 0.760224782080757]",1,-1
46857,[0.73792087 0.71609034],46,23,"[0.7534740255485087, 0.7686705599537007]",1,-1
46858,[0.7207146  0.66450812],46,-1,-1,1,-1
46859,[0.75062833 0.722338  ],46,23,"[0.7534740255485087, 0.7686705599537007]",1,-1
46860,[0.69566933 0.69148356],46,-1,-1,1,6
46861,[0.68746561 0.69767174],46,34,"[0.6634532409245524, 0.760224782080757]",1,6
46862,[0.63689766 0.68707867],46,-1,-1,1,-1
46863,[0.69556141 0.72106887],46,34,"[0.6634532409245524, 0.760224782080757]",1,6
46864,[0.6139444  0.73397883],46,34,"[0.6634532409245524, 0.760224782080757]",1,-1
46865,[0.71570894 0.77203325],46,23,"[0.7534740255485087, 0.7686705599537007]",1,-1
46866,[0.70248686 0.62173502],46,11,"[0.7051682617613192, 0.574171671796882]",1,-1
46867,[0.69831039 0.70084251],46,34,"[0.6634532409245524, 0.760224782080757]",1,6
46868,[0.78989077 0.76119734],46,23,"[0.7534740255485087, 0.7686705599537007]",1,-1
46869,[0.67938835 0.76564955],46,34,"[0.6634532409245524, 0.760224782080757]",1,6
46870,[0.73427928 0.77929489],46,23,"[0.7534740255485087, 0.7686705599537007]",1,-1
46871,[0.68642013 0.75116217],46,34,"[0.6634532409245524, 0.760224782080757]",1,6
46872,[0.65471361 0.71526362],46,34,"[0.6634532409245524, 0.760224782080757]",1,-1
46873,[0.74818212 0.68775379],46,-1,-1,1,-1
46874,[0.71651039 0.66628575],46,-1,-1,1,-1
46875,[0.79012353 0.68079598],46,-1,-1,1,-1
46876,[0.68700734 0.70865455],46,34,"[0.6634532409245524, 0.760224782080757]",1,6
46877,[0.60982267 0.67578356],46,41,"[0.5613949929729852, 0.701115936473092]",1,-1
46878,[0.73472522 0.6728284 ],46,-1,-1,1,-1
46879,[0.78091961 0.69426859],46,-1,-1,1,-1
46880,[0.6982516  0.69473253],46,-1,-1,1,6
46881,[0.67386553 0.79230804],46,34,"[0.6634532409245524, 0.760224782080757]",1,-1
46882,[0.67740952 0.75960317],46,34,"[0.6634532409245524, 0.760224782080757]",1,6
46883,[0.64739298 0.7023009 ],46,34,"[0.6634532409245524, 0.760224782080757]",1,-1
46884,[0.68164352 0.64613965],46,-1,-1,1,-1
46885,[0.7501377  0.72540937],46,23,"[0.7534740255485087, 0.7686705599537007]",1,-1
46886,[0.68683826 0.76041224],46,34,"[0.6634532409245524, 0.760224782080757]",1,-1
46887,[0.71841642 0.74587712],46,23,"[0.7534740255485087, 0.7686705599537007]",1,-1
46888,[0.69628493 0.70348819],46,34,"[0.6634532409245524, 0.760224782080757]",1,6
46889,[0.69304477 0.72711196],46,34,"[0.6634532409245524, 0.760224782080757]",1,6
46890,[0.70593807 0.70419774],46,-1,-1,1,6
46891,[0.7077731  0.69800583],46,-1,-1,1,-1
46892,[0.70688598 0.74218674],46,34,"[0.6634532409245524, 0.760224782080757]",1,-1
46893,[0.67374943 0.7426645 ],46,34,"[0.6634532409245524, 0.760224782080757]",1,6
46894,[0.66736891 0.75106691],46,34,"[0.6634532409245524, 0.760224782080757]",1,6
46895,[0.72154131 0.82978818],46,23,"[0.7534740255485087, 0.7686705599537007]",1,-1
46896,[0.69371504 0.68614575],46,-1,-1,1,-1
46897,[0.6606624  0.63369875],46,9,"[0.5945682323783136, 0.6193254997600653]",1,-1
46898,[0.71601055 0.65325039],46,-1,-1,1,-1
46899,[0.79251749 0.69971406],46,-1,-1,1,-1
46900,[0.75461881 0.66101776],46,-1,-1,1,-1
46901,[0.79012381 0.70511797],46,-1,-1,1,-1
46902,[0.64328497 0.70786004],46,34,"[0.6634532409245524, 0.760224782080757]",1,-1
46903,[0.77865481 0.6984163 ],46,-1,-1,1,-1
46904,[0.67893413 0.676315  ],46,-1,-1,1,-1
46905,[0.72806972 0.70618911],46,23,"[0.7534740255485087, 0.7686705599537007]",1,6
46906,[0.71230511 0.7684357 ],46,23,"[0.7534740255485087, 0.7686705599537007]",1,-1
46907,[0.75660154 0.6885019 ],46,-1,-1,1,-1
46908,[0.68154993 0.71300709],46,34,"[0.6634532409245524, 0.760224782080757]",1,-1
46909,[0.66789364 0.70816796],46,34,"[0.6634532409245524, 0.760224782080757]",1,-1
46910,[0.66302179 0.70862818],46,34,"[0.6634532409245524, 0.760224782080757]",1,-1
46911,[0.68951396 0.79701603],46,34,"[0.6634532409245524, 0.760224782080757]",1,-1
46912,[0.72717115 0.60720171],46,11,"[0.7051682617613192, 0.574171671796882]",1,-1
46913,[0.69404767 0.66782392],46,-1,-1,1,-1
46914,[0.7011686  0.62769792],46,11,"[0.7051682617613192, 0.574171671796882]",1,-1
46915,[0.66267047 0.76101461],46,34,"[0.6634532409245524, 0.760224782080757]",1,6
46916,[0.71010886 0.76360596],46,23,"[0.7534740255485087, 0.7686705599537007]",1,-1
46917,[0.67697923 0.67389059],46,-1,-1,1,-1
46918,[0.7309912  0.80874326],46,23,"[0.7534740255485087, 0.7686705599537007]",1,-1
46919,[0.79340742 0.65145376],46,43,"[0.8274941202305067, 0.5998913364221842]",1,-1
46920,[0.6433425  0.73988469],46,34,"[0.6634532409245524, 0.760224782080757]",1,-1
46921,[0.75423919 0.72189642],46,23,"[0.7534740255485087, 0.7686705599537007]",1,-1
46922,[0.72187048 0.74662867],46,23,"[0.7534740255485087, 0.7686705599537007]",1,-1
46923,[0.76367796 0.66499174],46,-1,-1,1,-1
46924,[0.64026779 0.7772254 ],46,34,"[0.6634532409245524, 0.760224782080757]",1,5
46925,[0.67407166 0.65080833],46,-1,-1,1,-1
46926,[0.71460613 0.66356697],46,-1,-1,1,-1
46927,[0.73810763 0.68810964],46,-1,-1,1,-1
46928,[0.70232434 0.68647089],46,-1,-1,1,-1
46929,[0.72469726 0.72419796],46,23,"[0.7534740255485087, 0.7686705599537007]",1,6
46930,[0.68174559 0.73168146],46,34,"[0.6634532409245524, 0.760224782080757]",1,6
46931,[0.62739488 0.72580492],46,34,"[0.6634532409245524, 0.760224782080757]",1,-1
46932,[0.70770731 0.79559724],46,23,"[0.7534740255485087, 0.7686705599537007]",1,-1
46933,[0.70555851 0.65846421],46,-1,-1,1,-1
46934,[0.68770674 0.6636376 ],46,-1,-1,1,-1
46935,[0.71828381 0.71002134],46,23,"[0.7534740255485087, 0.7686705599537007]",1,6
46936,[0.76430931 0.65734694],46,-1,-1,1,-1
46937,[0.75738015 0.69162905],46,-1,-1,1,-1
46938,[0.65356716 0.70303591],46,34,"[0.6634532409245524, 0.760224782080757]",1,-1
46939,[0.69344944 0.69827111],46,34,"[0.6634532409245524, 0.760224782080757]",1,6
46940,[0.68710564 0.66308303],46,-1,-1,1,-1
46941,[0.77359025 0.72938002],46,23,"[0.7534740255485087, 0.7686705599537007]",1,-1
46942,[0.5597563  0.64860587],46,9,"[0.5945682323783136, 0.6193254997600653]",1,-1
46943,[0.61287668 0.71367816],46,41,"[0.5613949929729852, 0.701115936473092]",1,-1
46944,[0.6892983  0.61468482],46,11,"[0.7051682617613192, 0.574171671796882]",1,-1
46945,[0.61103124 0.69615265],46,41,"[0.5613949929729852, 0.701115936473092]",1,-1
46946,[0.6525964  0.66087567],46,-1,-1,1,-1
46947,[0.64579738 0.74091031],46,34,"[0.6634532409245524, 0.760224782080757]",1,-1
46948,[0.71785327 0.70406028],46,-1,-1,1,-1
46949,[0.71485609 0.67957245],46,-1,-1,1,-1
46950,[0.56310947 0.70108209],46,41,"[0.5613949929729852, 0.701115936473092]",1,-1
46951,[0.69584883 0.66205419],46,-1,-1,1,-1
46952,[0.65595226 0.66983704],46,-1,-1,1,-1
46953,[0.68476892 0.72788078],46,34,"[0.6634532409245524, 0.760224782080757]",1,6
46954,[0.71716961 0.59919767],46,11,"[0.7051682617613192, 0.574171671796882]",1,-1
46955,[0.68415686 0.7344261 ],46,34,"[0.6634532409245524, 0.760224782080757]",1,6
46956,[0.78449136 0.68857859],46,-1,-1,1,-1
46957,[0.70301858 0.71813491],46,34,"[0.6634532409245524, 0.760224782080757]",1,6
46958,[0.73972324 0.79308092],46,23,"[0.7534740255485087, 0.7686705599537007]",1,-1
46959,[0.73954163 0.72676835],46,23,"[0.7534740255485087, 0.7686705599537007]",1,-1
46960,[0.72687115 0.63836176],46,11,"[0.7051682617613192, 0.574171671796882]",1,-1
46961,[0.70173374 0.72026967],46,34,"[0.6634532409245524, 0.760224782080757]",1,6
46962,[0.6333759  0.70171758],46,34,"[0.6634532409245524, 0.760224782080757]",1,-1
46963,[0.70424414 0.70761446],46,34,"[0.6634532409245524, 0.760224782080757]",1,6
46964,[0.59552271 0.71114604],46,41,"[0.5613949929729852, 0.701115936473092]",1,-1
46965,[0.54145379 0.64987839],46,41,"[0.5613949929729852, 0.701115936473092]",1,-1
46966,[0.70873552 0.71893996],46,34,"[0.6634532409245524, 0.760224782080757]",1,-1
46967,[0.70396747 0.7243146 ],46,34,"[0.6634532409245524, 0.760224782080757]",1,6
46968,[0.70384501 0.76387028],46,34,"[0.6634532409245524, 0.760224782080757]",1,-1
46969,[0.66787868 0.71845134],46,34,"[0.6634532409245524, 0.760224782080757]",1,6
46970,[0.74886444 0.69646887],46,-1,-1,1,-1
46971,[0.66056163 0.59826267],46,11,"[0.7051682617613192, 0.574171671796882]",1,-1
46972,[0.78385447 0.78031229],46,23,"[0.7534740255485087, 0.7686705599537007]",1,-1
46973,[0.71704081 0.75180088],46,23,"[0.7534740255485087, 0.7686705599537007]",1,-1
46974,[0.73429078 0.82485701],46,23,"[0.7534740255485087, 0.7686705599537007]",1,-1
46975,[0.71705282 0.68292453],46,-1,-1,1,-1
46976,[0.73342115 0.6454329 ],46,-1,-1,1,-1
46977,[0.63518831 0.73335519],46,34,"[0.6634532409245524, 0.760224782080757]",1,5
46978,[0.73711512 0.73539071],46,23,"[0.7534740255485087, 0.7686705599537007]",1,-1
46979,[0.6970723  0.77474136],46,34,"[0.6634532409245524, 0.760224782080757]",1,-1
46980,[0.6565237  0.70209701],46,34,"[0.6634532409245524, 0.760224782080757]",1,-1
46981,[0.70183061 0.79466319],46,34,"[0.6634532409245524, 0.760224782080757]",1,-1
46982,[0.71454491 0.72409019],46,23,"[0.7534740255485087, 0.7686705599537007]",1,6
46983,[0.70406633 0.71506875],46,34,"[0.6634532409245524, 0.760224782080757]",1,6
46984,[0.65513863 0.72809515],46,34,"[0.6634532409245524, 0.760224782080757]",1,-1
46985,[0.71144004 0.63502779],46,11,"[0.7051682617613192, 0.574171671796882]",1,-1
46986,[0.67913837 0.74323929],46,34,"[0.6634532409245524, 0.760224782080757]",1,6
46987,[0.67747144 0.71777302],46,34,"[0.6634532409245524, 0.760224782080757]",1,6
46988,[0.6508629  0.63579878],46,9,"[0.5945682323783136, 0.6193254997600653]",1,-1
46989,[0.69142083 0.73314703],46,34,"[0.6634532409245524, 0.760224782080757]",1,6
46990,[0.69917841 0.74271278],46,34,"[0.6634532409245524, 0.760224782080757]",1,6
46991,[0.6372058  0.75497485],46,34,"[0.6634532409245524, 0.760224782080757]",1,-1
46992,[0.70932839 0.75401883],46,34,"[0.6634532409245524, 0.760224782080757]",1,-1
46993,[0.65964575 0.65972729],46,-1,-1,1,-1
46994,[0.73023344 0.68901084],46,-1,-1,1,-1
46995,[0.67070448 0.70013912],46,34,"[0.6634532409245524, 0.760224782080757]",1,-1
46996,[0.7357036  0.76195736],46,23,"[0.7534740255485087, 0.7686705599537007]",1,-1
46997,[0.7294357  0.64540066],46,-1,-1,1,-1
46998,[0.60679226 0.65222091],46,9,"[0.5945682323783136, 0.6193254997600653]",1,-1
46999,[0.77933552 0.63575051],46,43,"[0.8274941202305067, 0.5998913364221842]",1,-1
47000,[0.26715601 0.30433876],47,7,"[0.2880919156697789, 0.2889500356712737]",1,25
47001,[0.35702498 0.2708283 ],47,4,"[0.3937233168939997, 0.29890402186269427]",1,-1
47002,[0.34073573 0.34660245],47,1,"[0.33650952271243567, 0.3695039184549852]",1,-1
47003,[0.30081782 0.26176898],47,7,"[0.2880919156697789, 0.2889500356712737]",1,-1
47004,[0.30234335 0.41511975],47,13,"[0.32294489274299887, 0.4620611538839558]",1,-1
47005,[0.30475164 0.35694076],47,1,"[0.33650952271243567, 0.3695039184549852]",1,-1
47006,[0.44630033 0.26555875],47,4,"[0.3937233168939997, 0.29890402186269427]",1,-1
47007,[0.33370626 0.35457229],47,1,"[0.33650952271243567, 0.3695039184549852]",1,77
47008,[0.30734088 0.34012138],47,1,"[0.33650952271243567, 0.3695039184549852]",1,-1
47009,[0.37323381 0.28995192],47,4,"[0.3937233168939997, 0.29890402186269427]",1,-1
47010,[0.33555265 0.29142965],47,7,"[0.2880919156697789, 0.2889500356712737]",1,-1
47011,[0.31328309 0.32275215],47,7,"[0.2880919156697789, 0.2889500356712737]",1,62
47012,[0.37774441 0.24851792],47,4,"[0.3937233168939997, 0.29890402186269427]",1,-1
47013,[0.24609029 0.38514967],47,0,"[0.2473875480073203, 0.39401489827781994]",1,47
47014,[0.40438274 0.31236868],47,4,"[0.3937233168939997, 0.29890402186269427]",1,-1
47015,[0.37600591 0.32096011],47,4,"[0.3937233168939997, 0.29890402186269427]",1,-1
47016,[0.39938325 0.35007003],47,4,"[0.3937233168939997, 0.29890402186269427]",1,71
47017,[0.4982991  0.35304248],47,37,"[0.4780366509520634, 0.3686118735311782]",1,-1
47018,[0.36233378 0.33751802],47,1,"[0.33650952271243567, 0.3695039184549852]",1,-1
47019,[0.36302429 0.35119026],47,1,"[0.33650952271243567, 0.3695039184549852]",1,76
47020,[0.29466068 0.41616025],47,0,"[0.2473875480073203, 0.39401489827781994]",1,-1
47021,[0.46106873 0.43029896],47,35,"[0.491626887866141, 0.45015531396212327]",1,-1
47022,[0.47794196 0.42087265],47,35,"[0.491626887866141, 0.45015531396212327]",1,-1
47023,[0.38346236 0.26633304],47,4,"[0.3937233168939997, 0.29890402186269427]",1,-1
47024,[0.37956232 0.33200135],47,4,"[0.3937233168939997, 0.29890402186269427]",1,-1
47025,[0.30330908 0.22255677],47,31,"[0.29817086118518243, 0.1888907481789387]",1,-1
47026,[0.36230098 0.25381625],47,4,"[0.3937233168939997, 0.29890402186269427]",1,-1
47027,[0.29709668 0.39645023],47,1,"[0.33650952271243567, 0.3695039184549852]",1,-1
47028,[0.36852687 0.4340833 ],47,6,"[0.40123478470159024, 0.40656176249784554]",1,-1
47029,[0.32341951 0.44399544],47,13,"[0.32294489274299887, 0.4620611538839558]",1,-1
47030,[0.38664161 0.4319214 ],47,6,"[0.40123478470159024, 0.40656176249784554]",1,-1
47031,[0.38785206 0.36471652],47,6,"[0.40123478470159024, 0.40656176249784554]",1,73
47032,[0.36590327 0.34244873],47,1,"[0.33650952271243567, 0.3695039184549852]",1,-1
47033,[0.38153091 0.26915289],47,4,"[0.3937233168939997, 0.29890402186269427]",1,-1
47034,[0.35936496 0.29772978],47,4,"[0.3937233168939997, 0.29890402186269427]",1,-1
47035,[0.44499383 0.31471634],47,4,"[0.3937233168939997, 0.29890402186269427]",1,-1
47036,[0.27234203 0.32813653],47,7,"[0.2880919156697789, 0.2889500356712737]",1,27
47037,[0.34458478 0.36727676],47,1,"[0.33650952271243567, 0.3695039184549852]",1,-1
47038,[0.29215103 0.31679092],47,7,"[0.2880919156697789, 0.2889500356712737]",1,-1
47039,[0.32657143 0.32955555],47,1,"[0.33650952271243567, 0.3695039184549852]",1,62
47040,[0.32005286 0.38691756],47,1,"[0.33650952271243567, 0.3695039184549852]",1,-1
47041,[0.30051726 0.28234113],47,7,"[0.2880919156697789, 0.2889500356712737]",1,-1
47042,[0.33628056 0.33741029],47,1,"[0.33650952271243567, 0.3695039184549852]",1,-1
47043,[0.28202501 0.34857467],47,0,"[0.2473875480073203, 0.39401489827781994]",1,-1
47044,[0.32776811 0.35574238],47,1,"[0.33650952271243567, 0.3695039184549852]",1,-1
47045,[0.34988742 0.30582817],47,4,"[0.3937233168939997, 0.29890402186269427]",1,-1
47046,[0.37183842 0.38333327],47,6,"[0.40123478470159024, 0.40656176249784554]",1,-1
47047,[0.33169769 0.37183135],47,1,"[0.33650952271243567, 0.3695039184549852]",1,-1
47048,[0.39532562 0.27649343],47,4,"[0.3937233168939997, 0.29890402186269427]",1,-1
47049,[0.26721405 0.28704536],47,7,"[0.2880919156697789, 0.2889500356712737]",1,-1
47050,[0.28957486 0.38819456],47,0,"[0.2473875480073203, 0.39401489827781994]",1,59
47051,[0.38768464 0.34841743],47,4,"[0.3937233168939997, 0.29890402186269427]",1,71
47052,[0.39416828 0.39676036],47,6,"[0.40123478470159024, 0.40656176249784554]",1,-1
47053,[0.44703234 0.40127907],47,37,"[0.4780366509520634, 0.3686118735311782]",1,-1
47054,[0.28191564 0.38148057],47,0,"[0.2473875480073203, 0.39401489827781994]",1,-1
47055,[0.42842522 0.27801961],47,4,"[0.3937233168939997, 0.29890402186269427]",1,-1
47056,[0.38478088 0.36560895],47,6,"[0.40123478470159024, 0.40656176249784554]",1,73
47057,[0.43684223 0.382921  ],47,6,"[0.40123478470159024, 0.40656176249784554]",1,-1
47058,[0.36566834 0.36850989],47,1,"[0.33650952271243567, 0.3695039184549852]",1,-1
47059,[0.36678884 0.40319168],47,6,"[0.40123478470159024, 0.40656176249784554]",1,-1
47060,[0.27040343 0.42811676],47,0,"[0.2473875480073203, 0.39401489827781994]",1,-1
47061,[0.3787032  0.29946229],47,4,"[0.3937233168939997, 0.29890402186269427]",1,-1
47062,[0.3333122  0.37453015],47,1,"[0.33650952271243567, 0.3695039184549852]",1,72
47063,[0.40717817 0.23124162],47,4,"[0.3937233168939997, 0.29890402186269427]",1,-1
47064,[0.32976067 0.2615524 ],47,7,"[0.2880919156697789, 0.2889500356712737]",1,-1
47065,[0.30602987 0.34306178],47,1,"[0.33650952271243567, 0.3695039184549852]",1,-1
47066,[0.25242768 0.24039277],47,7,"[0.2880919156697789, 0.2889500356712737]",1,-1
47067,[0.37397996 0.32570755],47,4,"[0.3937233168939997, 0.29890402186269427]",1,-1
47068,[0.31980281 0.29997134],47,7,"[0.2880919156697789, 0.2889500356712737]",1,-1
47069,[0.41400164 0.37808091],47,6,"[0.40123478470159024, 0.40656176249784554]",1,-1
47070,[0.38144096 0.30327309],47,4,"[0.3937233168939997, 0.29890402186269427]",1,-1
47071,[0.30573618 0.39622601],47,1,"[0.33650952271243567, 0.3695039184549852]",1,-1
47072,[0.32915466 0.36296625],47,1,"[0.33650952271243567, 0.3695039184549852]",1,-1
47073,[0.27866747 0.38874838],47,0,"[0.2473875480073203, 0.39401489827781994]",1,-1
47074,[0.317907   0.44107603],47,13,"[0.32294489274299887, 0.4620611538839558]",1,-1
47075,[0.37787653 0.31738558],47,4,"[0.3937233168939997, 0.29890402186269427]",1,-1
47076,[0.3494115  0.33387801],47,1,"[0.33650952271243567, 0.3695039184549852]",1,-1
47077,[0.39078823 0.37653716],47,6,"[0.40123478470159024, 0.40656176249784554]",1,-1
47078,[0.30161236 0.28372623],47,7,"[0.2880919156697789, 0.2889500356712737]",1,-1
47079,[0.31560561 0.34289328],47,1,"[0.33650952271243567, 0.3695039184549852]",1,-1
47080,[0.36956158 0.37260314],47,1,"[0.33650952271243567, 0.3695039184549852]",1,-1
47081,[0.34740114 0.33252943],47,1,"[0.33650952271243567, 0.3695039184549852]",1,-1
47082,[0.40020379 0.29514976],47,4,"[0.3937233168939997, 0.29890402186269427]",1,-1
47083,[0.38461008 0.26290271],47,4,"[0.3937233168939997, 0.29890402186269427]",1,-1
47084,[0.38533295 0.30942294],47,4,"[0.3937233168939997, 0.29890402186269427]",1,-1
47085,[0.32197232 0.37172443],47,1,"[0.33650952271243567, 0.3695039184549852]",1,-1
47086,[0.31126782 0.28825969],47,7,"[0.2880919156697789, 0.2889500356712737]",1,-1
47087,[0.44072636 0.31493963],47,4,"[0.3937233168939997, 0.29890402186269427]",1,-1
47088,[0.37291702 0.38822368],47,6,"[0.40123478470159024, 0.40656176249784554]",1,-1
47089,[0.37537601 0.29483498],47,4,"[0.3937233168939997, 0.29890402186269427]",1,-1
47090,[0.28515466 0.29955905],47,7,"[0.2880919156697789, 0.2889500356712737]",1,-1
47091,[0.2462316  0.33110444],47,15,"[0.188292755006214, 0.3253570325311902]",1,-1
47092,[0.32815618 0.28784042],47,7,"[0.2880919156697789, 0.2889500356712737]",1,-1
47093,[0.33034194 0.3091059 ],47,7,"[0.2880919156697789, 0.2889500356712737]",1,-1
47094,[0.40168897 0.37513955],47,6,"[0.40123478470159024, 0.40656176249784554]",1,-1
47095,[0.3530341  0.33870286],47,1,"[0.33650952271243567, 0.3695039184549852]",1,-1
47096,[0.46717853 0.37912234],47,37,"[0.4780366509520634, 0.3686118735311782]",1,-1
47097,[0.35157797 0.28670956],47,4,"[0.3937233168939997, 0.29890402186269427]",1,-1
47098,[0.3589376  0.32411652],47,4,"[0.3937233168939997, 0.29890402186269427]",1,-1
47099,[0.37354631 0.32592351],47,4,"[0.3937233168939997, 0.29890402186269427]",1,-1
47100,[0.26809423 0.25174222],47,7,"[0.2880919156697789, 0.2889500356712737]",1,28
47101,[0.32298418 0.34521275],47,1,"[0.33650952271243567, 0.3695039184549852]",1,-1
47102,[0.35329001 0.43972842],47,13,"[0.32294489274299887, 0.4620611538839558]",1,-1
47103,[0.37056428 0.36066128],47,1,"[0.33650952271243567, 0.3695039184549852]",1,-1
47104,[0.38175501 0.41153863],47,6,"[0.40123478470159024, 0.40656176249784554]",1,-1
47105,[0.32221942 0.31238516],47,7,"[0.2880919156697789, 0.2889500356712737]",1,-1
47106,[0.4298229  0.40944295],47,6,"[0.40123478470159024, 0.40656176249784554]",1,-1
47107,[0.36243107 0.38400736],47,1,"[0.33650952271243567, 0.3695039184549852]",1,-1
47108,[0.39467291 0.3141595 ],47,4,"[0.3937233168939997, 0.29890402186269427]",1,-1
47109,[0.45208502 0.3678335 ],47,37,"[0.4780366509520634, 0.3686118735311782]",1,-1
47110,[0.37712349 0.30276645],47,4,"[0.3937233168939997, 0.29890402186269427]",1,-1
47111,[0.33374699 0.3493032 ],47,1,"[0.33650952271243567, 0.3695039184549852]",1,77
47112,[0.38198848 0.37526796],47,6,"[0.40123478470159024, 0.40656176249784554]",1,-1
47113,[0.3557209  0.38544879],47,1,"[0.33650952271243567, 0.3695039184549852]",1,-1
47114,[0.48549622 0.3966468 ],47,37,"[0.4780366509520634, 0.3686118735311782]",1,-1
47115,[0.35977049 0.36271239],47,1,"[0.33650952271243567, 0.3695039184549852]",1,-1
47116,[0.38412431 0.31560749],47,4,"[0.3937233168939997, 0.29890402186269427]",1,-1
47117,[0.41782361 0.3186798 ],47,4,"[0.3937233168939997, 0.29890402186269427]",1,-1
47118,[0.25924917 0.36281079],47,0,"[0.2473875480073203, 0.39401489827781994]",1,-1
47119,[0.36806969 0.27182036],47,4,"[0.3937233168939997, 0.29890402186269427]",1,-1
47120,[0.31550542 0.27919551],47,7,"[0.2880919156697789, 0.2889500356712737]",1,-1
47121,[0.3597257  0.29370395],47,4,"[0.3937233168939997, 0.29890402186269427]",1,-1
47122,[0.27680921 0.32598951],47,7,"[0.2880919156697789, 0.2889500356712737]",1,27
47123,[0.39142253 0.33689603],47,4,"[0.3937233168939997, 0.29890402186269427]",1,-1
47124,[0.3079755 0.3246634],47,7,"[0.2880919156697789, 0.2889500356712737]",1,-1
47125,[0.34471359 0.31305042],47,4,"[0.3937233168939997, 0.29890402186269427]",1,-1
47126,[0.45774643 0.34640902],47,37,"[0.4780366509520634, 0.3686118735311782]",1,-1
47127,[0.39818647 0.42084548],47,6,"[0.40123478470159024, 0.40656176249784554]",1,-1
47128,[0.3995015  0.41378536],47,6,"[0.40123478470159024, 0.40656176249784554]",1,-1
47129,[0.36419214 0.36281295],47,1,"[0.33650952271243567, 0.3695039184549852]",1,-1
47130,[0.40268354 0.35572149],47,6,"[0.40123478470159024, 0.40656176249784554]",1,71
47131,[0.32751582 0.33723885],47,1,"[0.33650952271243567, 0.3695039184549852]",1,-1
47132,[0.33300144 0.36893352],47,1,"[0.33650952271243567, 0.3695039184549852]",1,-1
47133,[0.32720244 0.29862626],47,7,"[0.2880919156697789, 0.2889500356712737]",1,-1
47134,[0.32053243 0.32560157],47,1,"[0.33650952271243567, 0.3695039184549852]",1,62
47135,[0.35268346 0.33548692],47,1,"[0.33650952271243567, 0.3695039184549852]",1,-1
47136,[0.19382086 0.32365718],47,15,"[0.188292755006214, 0.3253570325311902]",1,-1
47137,[0.42463888 0.32341134],47,4,"[0.3937233168939997, 0.29890402186269427]",1,-1
47138,[0.32264973 0.3679517 ],47,1,"[0.33650952271243567, 0.3695039184549852]",1,-1
47139,[0.3187081  0.34763263],47,1,"[0.33650952271243567, 0.3695039184549852]",1,-1
47140,[0.40016697 0.35388645],47,6,"[0.40123478470159024, 0.40656176249784554]",1,-1
47141,[0.31237381 0.29674536],47,7,"[0.2880919156697789, 0.2889500356712737]",1,-1
47142,[0.25495317 0.41725243],47,0,"[0.2473875480073203, 0.39401489827781994]",1,-1
47143,[0.32354953 0.32298725],47,1,"[0.33650952271243567, 0.3695039184549852]",1,62
47144,[0.40631969 0.27098407],47,4,"[0.3937233168939997, 0.29890402186269427]",1,-1
47145,[0.28588224 0.38891314],47,0,"[0.2473875480073203, 0.39401489827781994]",1,59
47146,[0.34625363 0.31581273],47,4,"[0.3937233168939997, 0.29890402186269427]",1,-1
47147,[0.36807213 0.26777919],47,4,"[0.3937233168939997, 0.29890402186269427]",1,-1
47148,[0.40445226 0.27206802],47,4,"[0.3937233168939997, 0.29890402186269427]",1,-1
47149,[0.32602123 0.32755453],47,1,"[0.33650952271243567, 0.3695039184549852]",1,62
47150,[0.30929282 0.40058542],47,1,"[0.33650952271243567, 0.3695039184549852]",1,61
47151,[0.38137604 0.31577013],47,4,"[0.3937233168939997, 0.29890402186269427]",1,-1
47152,[0.41841731 0.34891638],47,4,"[0.3937233168939997, 0.29890402186269427]",1,-1
47153,[0.33136924 0.34236062],47,1,"[0.33650952271243567, 0.3695039184549852]",1,-1
47154,[0.30125194 0.34542152],47,1,"[0.33650952271243567, 0.3695039184549852]",1,-1
47155,[0.34888301 0.30177252],47,4,"[0.3937233168939997, 0.29890402186269427]",1,-1
47156,[0.40341059 0.40250037],47,6,"[0.40123478470159024, 0.40656176249784554]",1,-1
47157,[0.46294927 0.41020833],47,37,"[0.4780366509520634, 0.3686118735311782]",1,-1
47158,[0.3268385  0.36723068],47,1,"[0.33650952271243567, 0.3695039184549852]",1,-1
47159,[0.37042111 0.36154845],47,1,"[0.33650952271243567, 0.3695039184549852]",1,-1
47160,[0.35837146 0.34467381],47,1,"[0.33650952271243567, 0.3695039184549852]",1,76
47161,[0.32089445 0.36230957],47,1,"[0.33650952271243567, 0.3695039184549852]",1,-1
47162,[0.18873438 0.41322932],47,0,"[0.2473875480073203, 0.39401489827781994]",1,-1
47163,[0.34592867 0.3258579 ],47,1,"[0.33650952271243567, 0.3695039184549852]",1,-1
47164,[0.32634244 0.28724042],47,7,"[0.2880919156697789, 0.2889500356712737]",1,-1
47165,[0.41374283 0.37204056],47,6,"[0.40123478470159024, 0.40656176249784554]",1,-1
47166,[0.33479166 0.3942171 ],47,1,"[0.33650952271243567, 0.3695039184549852]",1,-1
47167,[0.34182615 0.32285842],47,1,"[0.33650952271243567, 0.3695039184549852]",1,-1
47168,[0.45855012 0.33251806],47,37,"[0.4780366509520634, 0.3686118735311782]",1,-1
47169,[0.30463304 0.28157016],47,7,"[0.2880919156697789, 0.2889500356712737]",1,-1
47170,[0.3655269  0.34912523],47,1,"[0.33650952271243567, 0.3695039184549852]",1,-1
47171,[0.32905169 0.33104533],47,1,"[0.33650952271243567, 0.3695039184549852]",1,62
47172,[0.47426187 0.35315858],47,37,"[0.4780366509520634, 0.3686118735311782]",1,-1
47173,[0.32701748 0.34205622],47,1,"[0.33650952271243567, 0.3695039184549852]",1,-1
47174,[0.3477414  0.34300907],47,1,"[0.33650952271243567, 0.3695039184549852]",1,-1
47175,[0.32336043 0.35391655],47,1,"[0.33650952271243567, 0.3695039184549852]",1,-1
47176,[0.39478278 0.33626279],47,4,"[0.3937233168939997, 0.29890402186269427]",1,-1
47177,[0.37785057 0.3726964 ],47,6,"[0.40123478470159024, 0.40656176249784554]",1,-1
47178,[0.36591281 0.36673596],47,1,"[0.33650952271243567, 0.3695039184549852]",1,-1
47179,[0.3213095  0.27456513],47,7,"[0.2880919156697789, 0.2889500356712737]",1,-1
47180,[0.4220388  0.28090083],47,4,"[0.3937233168939997, 0.29890402186269427]",1,-1
47181,[0.40044191 0.26459721],47,4,"[0.3937233168939997, 0.29890402186269427]",1,-1
47182,[0.34697197 0.34830194],47,1,"[0.33650952271243567, 0.3695039184549852]",1,-1
47183,[0.3492993  0.30965793],47,4,"[0.3937233168939997, 0.29890402186269427]",1,-1
47184,[0.35929761 0.40540573],47,6,"[0.40123478470159024, 0.40656176249784554]",1,-1
47185,[0.31183525 0.27135375],47,7,"[0.2880919156697789, 0.2889500356712737]",1,-1
47186,[0.40623104 0.33575414],47,4,"[0.3937233168939997, 0.29890402186269427]",1,-1
47187,[0.42550541 0.38244929],47,6,"[0.40123478470159024, 0.40656176249784554]",1,-1
47188,[0.38439232 0.290269  ],47,4,"[0.3937233168939997, 0.29890402186269427]",1,-1
47189,[0.31486853 0.30193777],47,7,"[0.2880919156697789, 0.2889500356712737]",1,-1
47190,[0.36140137 0.3286736 ],47,4,"[0.3937233168939997, 0.29890402186269427]",1,-1
47191,[0.4145056  0.25907385],47,4,"[0.3937233168939997, 0.29890402186269427]",1,-1
47192,[0.29889352 0.30413765],47,7,"[0.2880919156697789, 0.2889500356712737]",1,-1
47193,[0.40810968 0.31409816],47,4,"[0.3937233168939997, 0.29890402186269427]",1,-1
47194,[0.37336172 0.33664139],47,4,"[0.3937233168939997, 0.29890402186269427]",1,-1
47195,[0.36635728 0.33410524],47,4,"[0.3937233168939997, 0.29890402186269427]",1,-1
47196,[0.3854088  0.32740274],47,4,"[0.3937233168939997, 0.29890402186269427]",1,-1
47197,[0.34622681 0.34535201],47,1,"[0.33650952271243567, 0.3695039184549852]",1,-1
47198,[0.31618147 0.22745704],47,31,"[0.29817086118518243, 0.1888907481789387]",1,-1
47199,[0.38216118 0.23677919],47,4,"[0.3937233168939997, 0.29890402186269427]",1,-1
47200,[0.29897621 0.31396359],47,7,"[0.2880919156697789, 0.2889500356712737]",1,-1
47201,[0.34777436 0.30006729],47,4,"[0.3937233168939997, 0.29890402186269427]",1,-1
47202,[0.31572342 0.35725371],47,1,"[0.33650952271243567, 0.3695039184549852]",1,-1
47203,[0.31409083 0.25353241],47,7,"[0.2880919156697789, 0.2889500356712737]",1,-1
47204,[0.25026982 0.29226792],47,7,"[0.2880919156697789, 0.2889500356712737]",1,25
47205,[0.36750043 0.34569365],47,1,"[0.33650952271243567, 0.3695039184549852]",1,-1
47206,[0.41685179 0.34100631],47,4,"[0.3937233168939997, 0.29890402186269427]",1,-1
47207,[0.30899573 0.33099648],47,7,"[0.2880919156697789, 0.2889500356712737]",1,-1
47208,[0.35022288 0.30852151],47,4,"[0.3937233168939997, 0.29890402186269427]",1,-1
47209,[0.33406188 0.34504783],47,1,"[0.33650952271243567, 0.3695039184549852]",1,-1
47210,[0.36467402 0.31447959],47,4,"[0.3937233168939997, 0.29890402186269427]",1,-1
47211,[0.3540207 0.3140451],47,4,"[0.3937233168939997, 0.29890402186269427]",1,-1
47212,[0.29332552 0.42773469],47,13,"[0.32294489274299887, 0.4620611538839558]",1,-1
47213,[0.29233858 0.26453371],47,7,"[0.2880919156697789, 0.2889500356712737]",1,-1
47214,[0.3172631  0.28453453],47,7,"[0.2880919156697789, 0.2889500356712737]",1,-1
47215,[0.26341176 0.35033853],47,0,"[0.2473875480073203, 0.39401489827781994]",1,-1
47216,[0.33212015 0.40445872],47,1,"[0.33650952271243567, 0.3695039184549852]",1,-1
47217,[0.41050181 0.30293129],47,4,"[0.3937233168939997, 0.29890402186269427]",1,-1
47218,[0.27353944 0.35250813],47,0,"[0.2473875480073203, 0.39401489827781994]",1,-1
47219,[0.32576054 0.37482679],47,1,"[0.33650952271243567, 0.3695039184549852]",1,72
47220,[0.25290937 0.33026687],47,7,"[0.2880919156697789, 0.2889500356712737]",1,-1
47221,[0.36919424 0.27810653],47,4,"[0.3937233168939997, 0.29890402186269427]",1,-1
47222,[0.31006714 0.26348139],47,7,"[0.2880919156697789, 0.2889500356712737]",1,-1
47223,[0.36190008 0.37697963],47,1,"[0.33650952271243567, 0.3695039184549852]",1,-1
47224,[0.41465567 0.37942592],47,6,"[0.40123478470159024, 0.40656176249784554]",1,-1
47225,[0.34738176 0.34515305],47,1,"[0.33650952271243567, 0.3695039184549852]",1,-1
47226,[0.34664073 0.35344396],47,1,"[0.33650952271243567, 0.3695039184549852]",1,-1
47227,[0.38984218 0.29038201],47,4,"[0.3937233168939997, 0.29890402186269427]",1,-1
47228,[0.40541841 0.31229337],47,4,"[0.3937233168939997, 0.29890402186269427]",1,-1
47229,[0.3415823  0.34054834],47,1,"[0.33650952271243567, 0.3695039184549852]",1,-1
47230,[0.37979407 0.30716539],47,4,"[0.3937233168939997, 0.29890402186269427]",1,-1
47231,[0.39735031 0.30849351],47,4,"[0.3937233168939997, 0.29890402186269427]",1,-1
47232,[0.48355143 0.38174355],47,37,"[0.4780366509520634, 0.3686118735311782]",1,-1
47233,[0.3486999 0.3056489],47,4,"[0.3937233168939997, 0.29890402186269427]",1,-1
47234,[0.42465738 0.37297082],47,6,"[0.40123478470159024, 0.40656176249784554]",1,-1
47235,[0.33713737 0.24761024],47,7,"[0.2880919156697789, 0.2889500356712737]",1,-1
47236,[0.36837608 0.37146426],47,1,"[0.33650952271243567, 0.3695039184549852]",1,-1
47237,[0.32977361 0.33236784],47,1,"[0.33650952271243567, 0.3695039184549852]",1,62
47238,[0.25671592 0.37689395],47,0,"[0.2473875480073203, 0.39401489827781994]",1,47
47239,[0.35446954 0.30641924],47,4,"[0.3937233168939997, 0.29890402186269427]",1,-1
47240,[0.37107574 0.28255758],47,4,"[0.3937233168939997, 0.29890402186269427]",1,-1
47241,[0.35396152 0.30307953],47,4,"[0.3937233168939997, 0.29890402186269427]",1,-1
47242,[0.39921366 0.33649691],47,4,"[0.3937233168939997, 0.29890402186269427]",1,-1
47243,[0.43993907 0.31087211],47,4,"[0.3937233168939997, 0.29890402186269427]",1,-1
47244,[0.34204995 0.3457544 ],47,1,"[0.33650952271243567, 0.3695039184549852]",1,77
47245,[0.34563681 0.34360051],47,1,"[0.33650952271243567, 0.3695039184549852]",1,-1
47246,[0.40493842 0.5260484 ],47,18,"[0.4203234088660354, 0.508036417947434]",1,-1
47247,[0.32455951 0.26862061],47,7,"[0.2880919156697789, 0.2889500356712737]",1,-1
47248,[0.40908691 0.42978741],47,6,"[0.40123478470159024, 0.40656176249784554]",1,-1
47249,[0.28747398 0.34791031],47,1,"[0.33650952271243567, 0.3695039184549852]",1,-1
47250,[0.1897453  0.28884906],47,15,"[0.188292755006214, 0.3253570325311902]",1,-1
47251,[0.37198153 0.32730617],47,4,"[0.3937233168939997, 0.29890402186269427]",1,-1
47252,[0.39577213 0.33686316],47,4,"[0.3937233168939997, 0.29890402186269427]",1,-1
47253,[0.35849271 0.29746785],47,4,"[0.3937233168939997, 0.29890402186269427]",1,-1
47254,[0.20084499 0.37432353],47,0,"[0.2473875480073203, 0.39401489827781994]",1,-1
47255,[0.31435452 0.39842825],47,1,"[0.33650952271243567, 0.3695039184549852]",1,61
47256,[0.30527893 0.35114494],47,1,"[0.33650952271243567, 0.3695039184549852]",1,-1
47257,[0.27396639 0.28300322],47,7,"[0.2880919156697789, 0.2889500356712737]",1,-1
47258,[0.41079181 0.37380708],47,6,"[0.40123478470159024, 0.40656176249784554]",1,-1
47259,[0.3025089  0.34448414],47,1,"[0.33650952271243567, 0.3695039184549852]",1,-1
47260,[0.34379123 0.33279805],47,1,"[0.33650952271243567, 0.3695039184549852]",1,-1
47261,[0.33681624 0.27047069],47,7,"[0.2880919156697789, 0.2889500356712737]",1,-1
47262,[0.39122545 0.33945454],47,4,"[0.3937233168939997, 0.29890402186269427]",1,71
47263,[0.33766709 0.3630405 ],47,1,"[0.33650952271243567, 0.3695039184549852]",1,-1
47264,[0.36880934 0.32876053],47,4,"[0.3937233168939997, 0.29890402186269427]",1,-1
47265,[0.37973662 0.3157485 ],47,4,"[0.3937233168939997, 0.29890402186269427]",1,-1
47266,[0.32192024 0.35929419],47,1,"[0.33650952271243567, 0.3695039184549852]",1,-1
47267,[0.41926383 0.34692311],47,4,"[0.3937233168939997, 0.29890402186269427]",1,-1
47268,[0.37618822 0.3823679 ],47,6,"[0.40123478470159024, 0.40656176249784554]",1,78
47269,[0.33502504 0.39087038],47,1,"[0.33650952271243567, 0.3695039184549852]",1,72
47270,[0.28437199 0.41227282],47,0,"[0.2473875480073203, 0.39401489827781994]",1,-1
47271,[0.36391706 0.30741622],47,4,"[0.3937233168939997, 0.29890402186269427]",1,-1
47272,[0.3557772  0.33609894],47,1,"[0.33650952271243567, 0.3695039184549852]",1,-1
47273,[0.20578579 0.29629625],47,15,"[0.188292755006214, 0.3253570325311902]",1,-1
47274,[0.36115965 0.32512087],47,4,"[0.3937233168939997, 0.29890402186269427]",1,-1
47275,[0.37746079 0.35673539],47,1,"[0.33650952271243567, 0.3695039184549852]",1,-1
47276,[0.3578072  0.26072136],47,4,"[0.3937233168939997, 0.29890402186269427]",1,-1
47277,[0.24026824 0.27756559],47,7,"[0.2880919156697789, 0.2889500356712737]",1,-1
47278,[0.29498285 0.28943717],47,7,"[0.2880919156697789, 0.2889500356712737]",1,-1
47279,[0.38268643 0.39768192],47,6,"[0.40123478470159024, 0.40656176249784554]",1,-1
47280,[0.36116972 0.34630101],47,1,"[0.33650952271243567, 0.3695039184549852]",1,76
47281,[0.44211333 0.41649945],47,6,"[0.40123478470159024, 0.40656176249784554]",1,-1
47282,[0.33022568 0.2791062 ],47,7,"[0.2880919156697789, 0.2889500356712737]",1,-1
47283,[0.38678505 0.32497965],47,4,"[0.3937233168939997, 0.29890402186269427]",1,-1
47284,[0.33847443 0.38721532],47,1,"[0.33650952271243567, 0.3695039184549852]",1,72
47285,[0.42897855 0.26699493],47,4,"[0.3937233168939997, 0.29890402186269427]",1,-1
47286,[0.30563088 0.3139874 ],47,7,"[0.2880919156697789, 0.2889500356712737]",1,-1
47287,[0.4012557  0.30071206],47,4,"[0.3937233168939997, 0.29890402186269427]",1,-1
47288,[0.38119443 0.27082299],47,4,"[0.3937233168939997, 0.29890402186269427]",1,-1
47289,[0.34316522 0.30771556],47,4,"[0.3937233168939997, 0.29890402186269427]",1,-1
47290,[0.44778912 0.3612426 ],47,37,"[0.4780366509520634, 0.3686118735311782]",1,-1
47291,[0.39700109 0.27620387],47,4,"[0.3937233168939997, 0.29890402186269427]",1,-1
47292,[0.38855766 0.26675509],47,4,"[0.3937233168939997, 0.29890402186269427]",1,-1
47293,[0.41961532 0.36641891],47,6,"[0.40123478470159024, 0.40656176249784554]",1,-1
47294,[0.34696654 0.38259209],47,1,"[0.33650952271243567, 0.3695039184549852]",1,-1
47295,[0.37903599 0.37000382],47,1,"[0.33650952271243567, 0.3695039184549852]",1,-1
47296,[0.39735085 0.35089707],47,4,"[0.3937233168939997, 0.29890402186269427]",1,71
47297,[0.33663411 0.27727815],47,7,"[0.2880919156697789, 0.2889500356712737]",1,-1
47298,[0.35937509 0.35135429],47,1,"[0.33650952271243567, 0.3695039184549852]",1,-1
47299,[0.5012748  0.39120923],47,37,"[0.4780366509520634, 0.3686118735311782]",1,-1
47300,[0.34483123 0.23978883],47,31,"[0.29817086118518243, 0.1888907481789387]",1,-1
47301,[0.2739011  0.30110153],47,7,"[0.2880919156697789, 0.2889500356712737]",1,-1
47302,[0.39552188 0.32207819],47,4,"[0.3937233168939997, 0.29890402186269427]",1,-1
47303,[0.37796151 0.34912307],47,1,"[0.33650952271243567, 0.3695039184549852]",1,-1
47304,[0.33441056 0.29193951],47,7,"[0.2880919156697789, 0.2889500356712737]",1,-1
47305,[0.36286201 0.3882559 ],47,1,"[0.33650952271243567, 0.3695039184549852]",1,-1
47306,[0.35217177 0.36858967],47,1,"[0.33650952271243567, 0.3695039184549852]",1,-1
47307,[0.3333285  0.42909829],47,13,"[0.32294489274299887, 0.4620611538839558]",1,-1
47308,[0.2474919  0.27404606],47,7,"[0.2880919156697789, 0.2889500356712737]",1,-1
47309,[0.35119441 0.34872568],47,1,"[0.33650952271243567, 0.3695039184549852]",1,-1
47310,[0.33286515 0.29211813],47,7,"[0.2880919156697789, 0.2889500356712737]",1,-1
47311,[0.37401038 0.34097879],47,4,"[0.3937233168939997, 0.29890402186269427]",1,-1
47312,[0.39148937 0.37261612],47,6,"[0.40123478470159024, 0.40656176249784554]",1,-1
47313,[0.30334673 0.28745076],47,7,"[0.2880919156697789, 0.2889500356712737]",1,-1
47314,[0.32319223 0.33728361],47,1,"[0.33650952271243567, 0.3695039184549852]",1,-1
47315,[0.35176754 0.34931324],47,1,"[0.33650952271243567, 0.3695039184549852]",1,-1
47316,[0.3966325  0.29808855],47,4,"[0.3937233168939997, 0.29890402186269427]",1,-1
47317,[0.36311813 0.39642088],47,1,"[0.33650952271243567, 0.3695039184549852]",1,79
47318,[0.29933535 0.28658876],47,7,"[0.2880919156697789, 0.2889500356712737]",1,-1
47319,[0.34851881 0.42168932],47,13,"[0.32294489274299887, 0.4620611538839558]",1,-1
47320,[0.3385308  0.36953709],47,1,"[0.33650952271243567, 0.3695039184549852]",1,-1
47321,[0.37359521 0.34230432],47,1,"[0.33650952271243567, 0.3695039184549852]",1,-1
47322,[0.39371145 0.34403461],47,4,"[0.3937233168939997, 0.29890402186269427]",1,71
47323,[0.21290355 0.40838909],47,0,"[0.2473875480073203, 0.39401489827781994]",1,-1
47324,[0.32647852 0.41463033],47,1,"[0.33650952271243567, 0.3695039184549852]",1,-1
47325,[0.33382613 0.35719097],47,1,"[0.33650952271243567, 0.3695039184549852]",1,77
47326,[0.35926711 0.3131481 ],47,4,"[0.3937233168939997, 0.29890402186269427]",1,-1
47327,[0.34609432 0.37627031],47,1,"[0.33650952271243567, 0.3695039184549852]",1,-1
47328,[0.33779366 0.36803392],47,1,"[0.33650952271243567, 0.3695039184549852]",1,-1
47329,[0.3463217  0.39314881],47,1,"[0.33650952271243567, 0.3695039184549852]",1,-1
47330,[0.33079487 0.36440392],47,1,"[0.33650952271243567, 0.3695039184549852]",1,-1
47331,[0.40263993 0.25026958],47,4,"[0.3937233168939997, 0.29890402186269427]",1,-1
47332,[0.33797183 0.30418007],47,7,"[0.2880919156697789, 0.2889500356712737]",1,-1
47333,[0.36354585 0.33206988],47,4,"[0.3937233168939997, 0.29890402186269427]",1,-1
47334,[0.25007872 0.30078724],47,7,"[0.2880919156697789, 0.2889500356712737]",1,-1
47335,[0.32318976 0.31064386],47,7,"[0.2880919156697789, 0.2889500356712737]",1,-1
47336,[0.31566473 0.34545915],47,1,"[0.33650952271243567, 0.3695039184549852]",1,-1
47337,[0.37848276 0.25436828],47,4,"[0.3937233168939997, 0.29890402186269427]",1,-1
47338,[0.35036947 0.35063554],47,1,"[0.33650952271243567, 0.3695039184549852]",1,76
47339,[0.35592964 0.25745001],47,4,"[0.3937233168939997, 0.29890402186269427]",1,-1
47340,[0.38937577 0.35166374],47,4,"[0.3937233168939997, 0.29890402186269427]",1,-1
47341,[0.3332257  0.32869039],47,1,"[0.33650952271243567, 0.3695039184549852]",1,-1
47342,[0.2834842  0.33664501],47,7,"[0.2880919156697789, 0.2889500356712737]",1,27
47343,[0.33657647 0.3040661 ],47,7,"[0.2880919156697789, 0.2889500356712737]",1,-1
47344,[0.4167802  0.43368771],47,6,"[0.40123478470159024, 0.40656176249784554]",1,-1
47345,[0.33819969 0.30412655],47,7,"[0.2880919156697789, 0.2889500356712737]",1,-1
47346,[0.40652737 0.32193449],47,4,"[0.3937233168939997, 0.29890402186269427]",1,-1
47347,[0.30272683 0.23430257],47,31,"[0.29817086118518243, 0.1888907481789387]",1,-1
47348,[0.4162728  0.30974513],47,4,"[0.3937233168939997, 0.29890402186269427]",1,-1
47349,[0.30860916 0.30780624],47,7,"[0.2880919156697789, 0.2889500356712737]",1,-1
47350,[0.34973024 0.34706978],47,1,"[0.33650952271243567, 0.3695039184549852]",1,-1
47351,[0.36955543 0.3211018 ],47,4,"[0.3937233168939997, 0.29890402186269427]",1,-1
47352,[0.36053247 0.44285424],47,13,"[0.32294489274299887, 0.4620611538839558]",1,-1
47353,[0.3726811  0.31584841],47,4,"[0.3937233168939997, 0.29890402186269427]",1,-1
47354,[0.31953708 0.34700872],47,1,"[0.33650952271243567, 0.3695039184549852]",1,-1
47355,[0.4145399  0.29197141],47,4,"[0.3937233168939997, 0.29890402186269427]",1,-1
47356,[0.36689023 0.30498163],47,4,"[0.3937233168939997, 0.29890402186269427]",1,-1
47357,[0.31718801 0.3336199 ],47,1,"[0.33650952271243567, 0.3695039184549852]",1,-1
47358,[0.31619543 0.3476438 ],47,1,"[0.33650952271243567, 0.3695039184549852]",1,-1
47359,[0.34602483 0.32122374],47,1,"[0.33650952271243567, 0.3695039184549852]",1,-1
47360,[0.26785486 0.40629652],47,0,"[0.2473875480073203, 0.39401489827781994]",1,-1
47361,[0.35971599 0.34997427],47,1,"[0.33650952271243567, 0.3695039184549852]",1,-1
47362,[0.33982797 0.31713899],47,1,"[0.33650952271243567, 0.3695039184549852]",1,-1
47363,[0.25855229 0.40496145],47,0,"[0.2473875480073203, 0.39401489827781994]",1,-1
47364,[0.36174404 0.33261331],47,1,"[0.33650952271243567, 0.3695039184549852]",1,-1
47365,[0.41404578 0.40204629],47,6,"[0.40123478470159024, 0.40656176249784554]",1,-1
47366,[0.2484062  0.28764132],47,7,"[0.2880919156697789, 0.2889500356712737]",1,25
47367,[0.31091382 0.28609603],47,7,"[0.2880919156697789, 0.2889500356712737]",1,-1
47368,[0.39670277 0.35472812],47,6,"[0.40123478470159024, 0.40656176249784554]",1,-1
47369,[0.25120654 0.27459644],47,7,"[0.2880919156697789, 0.2889500356712737]",1,-1
47370,[0.37129609 0.353055  ],47,1,"[0.33650952271243567, 0.3695039184549852]",1,-1
47371,[0.33809868 0.37536855],47,1,"[0.33650952271243567, 0.3695039184549852]",1,-1
47372,[0.32070013 0.35770391],47,1,"[0.33650952271243567, 0.3695039184549852]",1,-1
47373,[0.31580322 0.3882102 ],47,1,"[0.33650952271243567, 0.3695039184549852]",1,-1
47374,[0.31291263 0.32206614],47,7,"[0.2880919156697789, 0.2889500356712737]",1,62
47375,[0.38029431 0.33867083],47,4,"[0.3937233168939997, 0.29890402186269427]",1,-1
47376,[0.38869677 0.29237259],47,4,"[0.3937233168939997, 0.29890402186269427]",1,-1
47377,[0.33692244 0.42683913],47,13,"[0.32294489274299887, 0.4620611538839558]",1,-1
47378,[0.4664791 0.3709911],47,37,"[0.4780366509520634, 0.3686118735311782]",1,-1
47379,[0.4116067  0.32601593],47,4,"[0.3937233168939997, 0.29890402186269427]",1,-1
47380,[0.45625425 0.33111279],47,37,"[0.4780366509520634, 0.3686118735311782]",1,-1
47381,[0.29685968 0.33687532],47,7,"[0.2880919156697789, 0.2889500356712737]",1,-1
47382,[0.32245852 0.22465833],47,31,"[0.29817086118518243, 0.1888907481789387]",1,-1
47383,[0.40629687 0.33341713],47,4,"[0.3937233168939997, 0.29890402186269427]",1,-1
47384,[0.3346157 0.2997797],47,7,"[0.2880919156697789, 0.2889500356712737]",1,-1
47385,[0.4086961  0.34376609],47,4,"[0.3937233168939997, 0.29890402186269427]",1,-1
47386,[0.32560889 0.20873726],47,31,"[0.29817086118518243, 0.1888907481789387]",1,-1
47387,[0.26205912 0.21645879],47,31,"[0.29817086118518243, 0.1888907481789387]",1,30
47388,[0.36275777 0.40198114],47,6,"[0.40123478470159024, 0.40656176249784554]",1,-1
47389,[0.36463749 0.3757285 ],47,1,"[0.33650952271243567, 0.3695039184549852]",1,-1
47390,[0.37822896 0.37966714],47,6,"[0.40123478470159024, 0.40656176249784554]",1,78
47391,[0.36536997 0.27629441],47,4,"[0.3937233168939997, 0.29890402186269427]",1,-1
47392,[0.31981821 0.35329111],47,1,"[0.33650952271243567, 0.3695039184549852]",1,-1
47393,[0.26154226 0.360196  ],47,0,"[0.2473875480073203, 0.39401489827781994]",1,-1
47394,[0.32065814 0.33555385],47,1,"[0.33650952271243567, 0.3695039184549852]",1,-1
47395,[0.42191243 0.37192182],47,6,"[0.40123478470159024, 0.40656176249784554]",1,-1
47396,[0.33013372 0.30548154],47,7,"[0.2880919156697789, 0.2889500356712737]",1,-1
47397,[0.28802042 0.25556475],47,7,"[0.2880919156697789, 0.2889500356712737]",1,-1
47398,[0.31125162 0.29698711],47,7,"[0.2880919156697789, 0.2889500356712737]",1,-1
47399,[0.37510052 0.36896083],47,1,"[0.33650952271243567, 0.3695039184549852]",1,-1
47400,[0.33595338 0.28153948],47,7,"[0.2880919156697789, 0.2889500356712737]",1,-1
47401,[0.3136733  0.34176421],47,1,"[0.33650952271243567, 0.3695039184549852]",1,-1
47402,[0.39383383 0.35085299],47,4,"[0.3937233168939997, 0.29890402186269427]",1,-1
47403,[0.33280274 0.28223433],47,7,"[0.2880919156697789, 0.2889500356712737]",1,-1
47404,[0.33579992 0.35240668],47,1,"[0.33650952271243567, 0.3695039184549852]",1,77
47405,[0.25774697 0.2875424 ],47,7,"[0.2880919156697789, 0.2889500356712737]",1,25
47406,[0.38134759 0.30112692],47,4,"[0.3937233168939997, 0.29890402186269427]",1,-1
47407,[0.30242449 0.29888061],47,7,"[0.2880919156697789, 0.2889500356712737]",1,-1
47408,[0.39546412 0.33348952],47,4,"[0.3937233168939997, 0.29890402186269427]",1,-1
47409,[0.40005769 0.36491875],47,6,"[0.40123478470159024, 0.40656176249784554]",1,-1
47410,[0.24477624 0.42405613],47,0,"[0.2473875480073203, 0.39401489827781994]",1,48
47411,[0.33058668 0.34897039],47,1,"[0.33650952271243567, 0.3695039184549852]",1,-1
47412,[0.30423695 0.35157325],47,1,"[0.33650952271243567, 0.3695039184549852]",1,-1
47413,[0.36579652 0.30140996],47,4,"[0.3937233168939997, 0.29890402186269427]",1,-1
47414,[0.40253647 0.21764692],47,-1,-1,1,-1
47415,[0.29992695 0.31358005],47,7,"[0.2880919156697789, 0.2889500356712737]",1,-1
47416,[0.40480539 0.36537407],47,6,"[0.40123478470159024, 0.40656176249784554]",1,-1
47417,[0.41533815 0.36303984],47,6,"[0.40123478470159024, 0.40656176249784554]",1,-1
47418,[0.30008799 0.33856465],47,1,"[0.33650952271243567, 0.3695039184549852]",1,-1
47419,[0.39231091 0.40421242],47,6,"[0.40123478470159024, 0.40656176249784554]",1,-1
47420,[0.30813373 0.34887089],47,1,"[0.33650952271243567, 0.3695039184549852]",1,-1
47421,[0.32249936 0.35966744],47,1,"[0.33650952271243567, 0.3695039184549852]",1,-1
47422,[0.32636997 0.32006114],47,7,"[0.2880919156697789, 0.2889500356712737]",1,-1
47423,[0.34387423 0.35423726],47,1,"[0.33650952271243567, 0.3695039184549852]",1,76
47424,[0.33980155 0.261273  ],47,7,"[0.2880919156697789, 0.2889500356712737]",1,-1
47425,[0.34850333 0.3179856 ],47,4,"[0.3937233168939997, 0.29890402186269427]",1,-1
47426,[0.3371166  0.24840221],47,7,"[0.2880919156697789, 0.2889500356712737]",1,-1
47427,[0.34074333 0.45993874],47,13,"[0.32294489274299887, 0.4620611538839558]",1,-1
47428,[0.34750566 0.26247561],47,4,"[0.3937233168939997, 0.29890402186269427]",1,-1
47429,[0.3212781  0.27207591],47,7,"[0.2880919156697789, 0.2889500356712737]",1,-1
47430,[0.33627298 0.30389628],47,7,"[0.2880919156697789, 0.2889500356712737]",1,-1
47431,[0.29800477 0.31558495],47,7,"[0.2880919156697789, 0.2889500356712737]",1,-1
47432,[0.36400064 0.34109031],47,1,"[0.33650952271243567, 0.3695039184549852]",1,-1
47433,[0.2936298  0.25530055],47,7,"[0.2880919156697789, 0.2889500356712737]",1,-1
47434,[0.35531132 0.35441222],47,1,"[0.33650952271243567, 0.3695039184549852]",1,-1
47435,[0.36983496 0.30973448],47,4,"[0.3937233168939997, 0.29890402186269427]",1,-1
47436,[0.37655146 0.38025608],47,6,"[0.40123478470159024, 0.40656176249784554]",1,78
47437,[0.3685285  0.39817072],47,6,"[0.40123478470159024, 0.40656176249784554]",1,-1
47438,[0.33027487 0.23658932],47,31,"[0.29817086118518243, 0.1888907481789387]",1,-1
47439,[0.37365942 0.30220656],47,4,"[0.3937233168939997, 0.29890402186269427]",1,-1
47440,[0.3572372  0.40283179],47,1,"[0.33650952271243567, 0.3695039184549852]",1,-1
47441,[0.36506698 0.40771572],47,6,"[0.40123478470159024, 0.40656176249784554]",1,-1
47442,[0.27371805 0.34964835],47,0,"[0.2473875480073203, 0.39401489827781994]",1,-1
47443,[0.28192182 0.40350558],47,0,"[0.2473875480073203, 0.39401489827781994]",1,-1
47444,[0.41721465 0.2773684 ],47,4,"[0.3937233168939997, 0.29890402186269427]",1,-1
47445,[0.34089378 0.34807551],47,1,"[0.33650952271243567, 0.3695039184549852]",1,-1
47446,[0.28872085 0.45085321],47,13,"[0.32294489274299887, 0.4620611538839558]",1,-1
47447,[0.31331994 0.33006848],47,1,"[0.33650952271243567, 0.3695039184549852]",1,-1
47448,[0.32563801 0.40820639],47,1,"[0.33650952271243567, 0.3695039184549852]",1,-1
47449,[0.33177378 0.24898749],47,7,"[0.2880919156697789, 0.2889500356712737]",1,-1
47450,[0.27441202 0.26927777],47,7,"[0.2880919156697789, 0.2889500356712737]",1,-1
47451,[0.30983161 0.30122888],47,7,"[0.2880919156697789, 0.2889500356712737]",1,-1
47452,[0.31449445 0.35271848],47,1,"[0.33650952271243567, 0.3695039184549852]",1,-1
47453,[0.32296437 0.39881963],47,1,"[0.33650952271243567, 0.3695039184549852]",1,-1
47454,[0.32771299 0.36719098],47,1,"[0.33650952271243567, 0.3695039184549852]",1,-1
47455,[0.29847016 0.32384217],47,7,"[0.2880919156697789, 0.2889500356712737]",1,-1
47456,[0.30491382 0.37311225],47,1,"[0.33650952271243567, 0.3695039184549852]",1,-1
47457,[0.28267272 0.39539393],47,0,"[0.2473875480073203, 0.39401489827781994]",1,-1
47458,[0.3250272  0.31360475],47,7,"[0.2880919156697789, 0.2889500356712737]",1,-1
47459,[0.37922908 0.41561559],47,6,"[0.40123478470159024, 0.40656176249784554]",1,-1
47460,[0.40607788 0.37665387],47,6,"[0.40123478470159024, 0.40656176249784554]",1,-1
47461,[0.42199514 0.29182471],47,4,"[0.3937233168939997, 0.29890402186269427]",1,-1
47462,[0.30986696 0.39865891],47,1,"[0.33650952271243567, 0.3695039184549852]",1,61
47463,[0.34680128 0.32284892],47,1,"[0.33650952271243567, 0.3695039184549852]",1,-1
47464,[0.35651474 0.30285692],47,4,"[0.3937233168939997, 0.29890402186269427]",1,-1
47465,[0.30780703 0.34516921],47,1,"[0.33650952271243567, 0.3695039184549852]",1,-1
47466,[0.41957601 0.27463686],47,4,"[0.3937233168939997, 0.29890402186269427]",1,-1
47467,[0.32895992 0.36194064],47,1,"[0.33650952271243567, 0.3695039184549852]",1,-1
47468,[0.23675659 0.345561  ],47,0,"[0.2473875480073203, 0.39401489827781994]",1,40
47469,[0.30304514 0.44335923],47,13,"[0.32294489274299887, 0.4620611538839558]",1,-1
47470,[0.33084893 0.30129936],47,7,"[0.2880919156697789, 0.2889500356712737]",1,-1
47471,[0.44568879 0.40107861],47,6,"[0.40123478470159024, 0.40656176249784554]",1,-1
47472,[0.35689376 0.3576385 ],47,1,"[0.33650952271243567, 0.3695039184549852]",1,-1
47473,[0.49206541 0.3550957 ],47,37,"[0.4780366509520634, 0.3686118735311782]",1,-1
47474,[0.29750614 0.24729152],47,7,"[0.2880919156697789, 0.2889500356712737]",1,-1
47475,[0.44467811 0.292523  ],47,4,"[0.3937233168939997, 0.29890402186269427]",1,-1
47476,[0.37158495 0.40530531],47,6,"[0.40123478470159024, 0.40656176249784554]",1,-1
47477,[0.34668537 0.26564895],47,4,"[0.3937233168939997, 0.29890402186269427]",1,-1
47478,[0.3991396  0.36681223],47,6,"[0.40123478470159024, 0.40656176249784554]",1,-1
47479,[0.29612799 0.33625597],47,7,"[0.2880919156697789, 0.2889500356712737]",1,-1
47480,[0.40314539 0.32534898],47,4,"[0.3937233168939997, 0.29890402186269427]",1,-1
47481,[0.42507923 0.2585151 ],47,4,"[0.3937233168939997, 0.29890402186269427]",1,-1
47482,[0.39663246 0.28112075],47,4,"[0.3937233168939997, 0.29890402186269427]",1,-1
47483,[0.36044122 0.40670413],47,6,"[0.40123478470159024, 0.40656176249784554]",1,-1
47484,[0.31047559 0.36962764],47,1,"[0.33650952271243567, 0.3695039184549852]",1,-1
47485,[0.3585231  0.37106128],47,1,"[0.33650952271243567, 0.3695039184549852]",1,-1
47486,[0.24861913 0.32320807],47,7,"[0.2880919156697789, 0.2889500356712737]",1,-1
47487,[0.32798629 0.28813309],47,7,"[0.2880919156697789, 0.2889500356712737]",1,-1
47488,[0.35356783 0.34688023],47,1,"[0.33650952271243567, 0.3695039184549852]",1,76
47489,[0.40525241 0.37168689],47,6,"[0.40123478470159024, 0.40656176249784554]",1,-1
47490,[0.3751799  0.40006868],47,6,"[0.40123478470159024, 0.40656176249784554]",1,79
47491,[0.32870262 0.32230258],47,1,"[0.33650952271243567, 0.3695039184549852]",1,-1
47492,[0.34595711 0.37876477],47,1,"[0.33650952271243567, 0.3695039184549852]",1,72
47493,[0.32743471 0.22396031],47,31,"[0.29817086118518243, 0.1888907481789387]",1,-1
47494,[0.44273104 0.35779931],47,37,"[0.4780366509520634, 0.3686118735311782]",1,-1
47495,[0.29390638 0.3180772 ],47,7,"[0.2880919156697789, 0.2889500356712737]",1,-1
47496,[0.32426426 0.36728701],47,1,"[0.33650952271243567, 0.3695039184549852]",1,-1
47497,[0.34400599 0.25964575],47,7,"[0.2880919156697789, 0.2889500356712737]",1,-1
47498,[0.2977698  0.37987146],47,1,"[0.33650952271243567, 0.3695039184549852]",1,-1
47499,[0.3040562 0.3441404],47,1,"[0.33650952271243567, 0.3695039184549852]",1,-1
47500,[0.36955377 0.34878912],47,1,"[0.33650952271243567, 0.3695039184549852]",1,-1
47501,[0.33223032 0.29131361],47,7,"[0.2880919156697789, 0.2889500356712737]",1,-1
47502,[0.44372188 0.37990021],47,37,"[0.4780366509520634, 0.3686118735311782]",1,-1
47503,[0.46771316 0.30955282],47,37,"[0.4780366509520634, 0.3686118735311782]",1,-1
47504,[0.39888655 0.26716219],47,4,"[0.3937233168939997, 0.29890402186269427]",1,-1
47505,[0.36658813 0.28933631],47,4,"[0.3937233168939997, 0.29890402186269427]",1,-1
47506,[0.34606712 0.35497101],47,1,"[0.33650952271243567, 0.3695039184549852]",1,-1
47507,[0.29994966 0.31987285],47,7,"[0.2880919156697789, 0.2889500356712737]",1,-1
47508,[0.31645643 0.38512768],47,1,"[0.33650952271243567, 0.3695039184549852]",1,-1
47509,[0.45170654 0.39947294],47,37,"[0.4780366509520634, 0.3686118735311782]",1,-1
47510,[0.40158802 0.42244323],47,6,"[0.40123478470159024, 0.40656176249784554]",1,-1
47511,[0.33607546 0.35309754],47,1,"[0.33650952271243567, 0.3695039184549852]",1,77
47512,[0.28875298 0.41790637],47,0,"[0.2473875480073203, 0.39401489827781994]",1,-1
47513,[0.36805163 0.3683237 ],47,1,"[0.33650952271243567, 0.3695039184549852]",1,-1
47514,[0.42678812 0.27811147],47,4,"[0.3937233168939997, 0.29890402186269427]",1,-1
47515,[0.37556435 0.35826753],47,1,"[0.33650952271243567, 0.3695039184549852]",1,-1
47516,[0.31497232 0.25503813],47,7,"[0.2880919156697789, 0.2889500356712737]",1,-1
47517,[0.38478327 0.34066892],47,4,"[0.3937233168939997, 0.29890402186269427]",1,-1
47518,[0.35060204 0.31007285],47,4,"[0.3937233168939997, 0.29890402186269427]",1,-1
47519,[0.51559904 0.37352937],47,37,"[0.4780366509520634, 0.3686118735311782]",1,-1
47520,[0.30869337 0.27099475],47,7,"[0.2880919156697789, 0.2889500356712737]",1,-1
47521,[0.28413609 0.30718308],47,7,"[0.2880919156697789, 0.2889500356712737]",1,-1
47522,[0.31809468 0.36595574],47,1,"[0.33650952271243567, 0.3695039184549852]",1,-1
47523,[0.34896636 0.41818057],47,1,"[0.33650952271243567, 0.3695039184549852]",1,-1
47524,[0.42336364 0.33870328],47,4,"[0.3937233168939997, 0.29890402186269427]",1,-1
47525,[0.27790307 0.27698421],47,7,"[0.2880919156697789, 0.2889500356712737]",1,-1
47526,[0.37866899 0.34806436],47,1,"[0.33650952271243567, 0.3695039184549852]",1,-1
47527,[0.30955705 0.363558  ],47,1,"[0.33650952271243567, 0.3695039184549852]",1,-1
47528,[0.32640801 0.3884966 ],47,1,"[0.33650952271243567, 0.3695039184549852]",1,-1
47529,[0.46890347 0.51679335],47,18,"[0.4203234088660354, 0.508036417947434]",1,-1
47530,[0.38197065 0.35161185],47,1,"[0.33650952271243567, 0.3695039184549852]",1,-1
47531,[0.33636431 0.33197033],47,1,"[0.33650952271243567, 0.3695039184549852]",1,-1
47532,[0.24425568 0.31137964],47,7,"[0.2880919156697789, 0.2889500356712737]",1,-1
47533,[0.37349362 0.42816881],47,6,"[0.40123478470159024, 0.40656176249784554]",1,-1
47534,[0.42440704 0.43636003],47,6,"[0.40123478470159024, 0.40656176249784554]",1,-1
47535,[0.30875004 0.35796303],47,1,"[0.33650952271243567, 0.3695039184549852]",1,-1
47536,[0.39716915 0.34477032],47,4,"[0.3937233168939997, 0.29890402186269427]",1,71
47537,[0.37352486 0.38034156],47,6,"[0.40123478470159024, 0.40656176249784554]",1,78
47538,[0.32936636 0.33256972],47,1,"[0.33650952271243567, 0.3695039184549852]",1,62
47539,[0.23139424 0.27687113],47,7,"[0.2880919156697789, 0.2889500356712737]",1,-1
47540,[0.29139995 0.27556094],47,7,"[0.2880919156697789, 0.2889500356712737]",1,-1
47541,[0.42373131 0.35606037],47,6,"[0.40123478470159024, 0.40656176249784554]",1,-1
47542,[0.2081994  0.43750223],47,17,"[0.19949257984775934, 0.47737458183782433]",1,-1
47543,[0.37117248 0.28539987],47,4,"[0.3937233168939997, 0.29890402186269427]",1,-1
47544,[0.35715561 0.32647884],47,4,"[0.3937233168939997, 0.29890402186269427]",1,-1
47545,[0.46954468 0.39902377],47,37,"[0.4780366509520634, 0.3686118735311782]",1,-1
47546,[0.37999407 0.33941206],47,4,"[0.3937233168939997, 0.29890402186269427]",1,-1
47547,[0.29514978 0.39078889],47,1,"[0.33650952271243567, 0.3695039184549852]",1,59
47548,[0.42813117 0.36667286],47,6,"[0.40123478470159024, 0.40656176249784554]",1,-1
47549,[0.3695122  0.35557034],47,1,"[0.33650952271243567, 0.3695039184549852]",1,-1
47550,[0.34736068 0.38628908],47,1,"[0.33650952271243567, 0.3695039184549852]",1,-1
47551,[0.27403832 0.4093347 ],47,0,"[0.2473875480073203, 0.39401489827781994]",1,-1
47552,[0.37473961 0.31273423],47,4,"[0.3937233168939997, 0.29890402186269427]",1,-1
47553,[0.36641565 0.31313359],47,4,"[0.3937233168939997, 0.29890402186269427]",1,-1
47554,[0.46274839 0.36601188],47,37,"[0.4780366509520634, 0.3686118735311782]",1,-1
47555,[0.30896196 0.27096382],47,7,"[0.2880919156697789, 0.2889500356712737]",1,-1
47556,[0.29888514 0.34051838],47,1,"[0.33650952271243567, 0.3695039184549852]",1,-1
47557,[0.39631106 0.29629995],47,4,"[0.3937233168939997, 0.29890402186269427]",1,-1
47558,[0.34702055 0.32692678],47,1,"[0.33650952271243567, 0.3695039184549852]",1,-1
47559,[0.33130908 0.31309353],47,7,"[0.2880919156697789, 0.2889500356712737]",1,-1
47560,[0.29673123 0.39404089],47,1,"[0.33650952271243567, 0.3695039184549852]",1,59
47561,[0.2731846  0.23154603],47,31,"[0.29817086118518243, 0.1888907481789387]",1,-1
47562,[0.35261604 0.33302994],47,1,"[0.33650952271243567, 0.3695039184549852]",1,-1
47563,[0.3629466  0.32809075],47,4,"[0.3937233168939997, 0.29890402186269427]",1,-1
47564,[0.40363333 0.26976497],47,4,"[0.3937233168939997, 0.29890402186269427]",1,-1
47565,[0.31532738 0.30278489],47,7,"[0.2880919156697789, 0.2889500356712737]",1,-1
47566,[0.33297165 0.31260886],47,7,"[0.2880919156697789, 0.2889500356712737]",1,-1
47567,[0.39140505 0.38429759],47,6,"[0.40123478470159024, 0.40656176249784554]",1,-1
47568,[0.34982628 0.28262124],47,4,"[0.3937233168939997, 0.29890402186269427]",1,-1
47569,[0.40185357 0.345406  ],47,4,"[0.3937233168939997, 0.29890402186269427]",1,-1
47570,[0.32769684 0.36790916],47,1,"[0.33650952271243567, 0.3695039184549852]",1,-1
47571,[0.34432002 0.33097796],47,1,"[0.33650952271243567, 0.3695039184549852]",1,-1
47572,[0.33016522 0.37355075],47,1,"[0.33650952271243567, 0.3695039184549852]",1,-1
47573,[0.39340705 0.33714773],47,4,"[0.3937233168939997, 0.29890402186269427]",1,-1
47574,[0.39998835 0.38133958],47,6,"[0.40123478470159024, 0.40656176249784554]",1,-1
47575,[0.33883942 0.35950692],47,1,"[0.33650952271243567, 0.3695039184549852]",1,77
47576,[0.37502687 0.33439907],47,4,"[0.3937233168939997, 0.29890402186269427]",1,-1
47577,[0.32648926 0.34685452],47,1,"[0.33650952271243567, 0.3695039184549852]",1,-1
47578,[0.41916237 0.31876396],47,4,"[0.3937233168939997, 0.29890402186269427]",1,-1
47579,[0.24693042 0.30975584],47,7,"[0.2880919156697789, 0.2889500356712737]",1,-1
47580,[0.31895859 0.40494554],47,1,"[0.33650952271243567, 0.3695039184549852]",1,-1
47581,[0.4045678  0.36905213],47,6,"[0.40123478470159024, 0.40656176249784554]",1,-1
47582,[0.28219889 0.38431903],47,0,"[0.2473875480073203, 0.39401489827781994]",1,-1
47583,[0.42518608 0.33936286],47,4,"[0.3937233168939997, 0.29890402186269427]",1,-1
47584,[0.34082752 0.25464289],47,7,"[0.2880919156697789, 0.2889500356712737]",1,-1
47585,[0.28525886 0.42134583],47,0,"[0.2473875480073203, 0.39401489827781994]",1,-1
47586,[0.4279553  0.34830423],47,37,"[0.4780366509520634, 0.3686118735311782]",1,-1
47587,[0.32758733 0.36865622],47,1,"[0.33650952271243567, 0.3695039184549852]",1,-1
47588,[0.47141131 0.35853929],47,37,"[0.4780366509520634, 0.3686118735311782]",1,-1
47589,[0.38063151 0.27853974],47,4,"[0.3937233168939997, 0.29890402186269427]",1,-1
47590,[0.37758359 0.29911063],47,4,"[0.3937233168939997, 0.29890402186269427]",1,-1
47591,[0.28237004 0.31437628],47,7,"[0.2880919156697789, 0.2889500356712737]",1,27
47592,[0.4041556  0.31878074],47,4,"[0.3937233168939997, 0.29890402186269427]",1,-1
47593,[0.38756453 0.37084825],47,6,"[0.40123478470159024, 0.40656176249784554]",1,-1
47594,[0.35119283 0.19248237],47,31,"[0.29817086118518243, 0.1888907481789387]",1,-1
47595,[0.29722576 0.3213138 ],47,7,"[0.2880919156697789, 0.2889500356712737]",1,-1
47596,[0.31397567 0.30152046],47,7,"[0.2880919156697789, 0.2889500356712737]",1,-1
47597,[0.30332259 0.24348693],47,7,"[0.2880919156697789, 0.2889500356712737]",1,-1
47598,[0.28347485 0.40872099],47,0,"[0.2473875480073203, 0.39401489827781994]",1,-1
47599,[0.36620016 0.34954754],47,1,"[0.33650952271243567, 0.3695039184549852]",1,-1
47600,[0.39044392 0.3530277 ],47,4,"[0.3937233168939997, 0.29890402186269427]",1,-1
47601,[0.32258094 0.24792368],47,7,"[0.2880919156697789, 0.2889500356712737]",1,-1
47602,[0.30344763 0.39921998],47,1,"[0.33650952271243567, 0.3695039184549852]",1,-1
47603,[0.33795719 0.38918273],47,1,"[0.33650952271243567, 0.3695039184549852]",1,-1
47604,[0.41190781 0.35195637],47,6,"[0.40123478470159024, 0.40656176249784554]",1,-1
47605,[0.38735308 0.32542077],47,4,"[0.3937233168939997, 0.29890402186269427]",1,-1
47606,[0.37259467 0.299655  ],47,4,"[0.3937233168939997, 0.29890402186269427]",1,-1
47607,[0.40984115 0.35413465],47,6,"[0.40123478470159024, 0.40656176249784554]",1,-1
47608,[0.43729944 0.34111557],47,37,"[0.4780366509520634, 0.3686118735311782]",1,-1
47609,[0.38917728 0.33157479],47,4,"[0.3937233168939997, 0.29890402186269427]",1,-1
47610,[0.28942847 0.22370071],47,31,"[0.29817086118518243, 0.1888907481789387]",1,-1
47611,[0.40299218 0.31733198],47,4,"[0.3937233168939997, 0.29890402186269427]",1,-1
47612,[0.29755962 0.39984993],47,1,"[0.33650952271243567, 0.3695039184549852]",1,-1
47613,[0.38399909 0.36141391],47,1,"[0.33650952271243567, 0.3695039184549852]",1,73
47614,[0.27709684 0.37187164],47,0,"[0.2473875480073203, 0.39401489827781994]",1,-1
47615,[0.31263013 0.40375414],47,1,"[0.33650952271243567, 0.3695039184549852]",1,-1
47616,[0.27723252 0.37714723],47,0,"[0.2473875480073203, 0.39401489827781994]",1,-1
47617,[0.28986406 0.29637892],47,7,"[0.2880919156697789, 0.2889500356712737]",1,-1
47618,[0.38668764 0.32643962],47,4,"[0.3937233168939997, 0.29890402186269427]",1,-1
47619,[0.28419789 0.24879756],47,7,"[0.2880919156697789, 0.2889500356712737]",1,-1
47620,[0.29885439 0.3757004 ],47,1,"[0.33650952271243567, 0.3695039184549852]",1,-1
47621,[0.41544782 0.34513771],47,4,"[0.3937233168939997, 0.29890402186269427]",1,-1
47622,[0.37204001 0.33561186],47,4,"[0.3937233168939997, 0.29890402186269427]",1,-1
47623,[0.31899352 0.3060335 ],47,7,"[0.2880919156697789, 0.2889500356712737]",1,-1
47624,[0.38489343 0.3780026 ],47,6,"[0.40123478470159024, 0.40656176249784554]",1,-1
47625,[0.3129794  0.32592608],47,7,"[0.2880919156697789, 0.2889500356712737]",1,-1
47626,[0.35957078 0.2805199 ],47,4,"[0.3937233168939997, 0.29890402186269427]",1,-1
47627,[0.33059461 0.30582695],47,7,"[0.2880919156697789, 0.2889500356712737]",1,-1
47628,[0.43130813 0.28863464],47,4,"[0.3937233168939997, 0.29890402186269427]",1,-1
47629,[0.37305151 0.29561887],47,4,"[0.3937233168939997, 0.29890402186269427]",1,-1
47630,[0.29643058 0.31184374],47,7,"[0.2880919156697789, 0.2889500356712737]",1,-1
47631,[0.25822165 0.3368806 ],47,7,"[0.2880919156697789, 0.2889500356712737]",1,-1
47632,[0.30419533 0.3890253 ],47,1,"[0.33650952271243567, 0.3695039184549852]",1,-1
47633,[0.21928781 0.3341078 ],47,15,"[0.188292755006214, 0.3253570325311902]",1,-1
47634,[0.3296879 0.2979731],47,7,"[0.2880919156697789, 0.2889500356712737]",1,-1
47635,[0.32491824 0.35158417],47,1,"[0.33650952271243567, 0.3695039184549852]",1,-1
47636,[0.40403192 0.28501314],47,4,"[0.3937233168939997, 0.29890402186269427]",1,-1
47637,[0.2673762  0.28415109],47,7,"[0.2880919156697789, 0.2889500356712737]",1,-1
47638,[0.347738   0.33337391],47,1,"[0.33650952271243567, 0.3695039184549852]",1,-1
47639,[0.34548401 0.35555241],47,1,"[0.33650952271243567, 0.3695039184549852]",1,-1
47640,[0.31328328 0.291876  ],47,7,"[0.2880919156697789, 0.2889500356712737]",1,-1
47641,[0.29142193 0.30781218],47,7,"[0.2880919156697789, 0.2889500356712737]",1,-1
47642,[0.31031599 0.31560038],47,7,"[0.2880919156697789, 0.2889500356712737]",1,-1
47643,[0.40394558 0.3885793 ],47,6,"[0.40123478470159024, 0.40656176249784554]",1,-1
47644,[0.37872213 0.3483001 ],47,1,"[0.33650952271243567, 0.3695039184549852]",1,-1
47645,[0.32056189 0.35486566],47,1,"[0.33650952271243567, 0.3695039184549852]",1,-1
47646,[0.34521554 0.36084143],47,1,"[0.33650952271243567, 0.3695039184549852]",1,-1
47647,[0.23202347 0.23826256],47,16,"[0.22214342499776796, 0.1812277944104208]",1,-1
47648,[0.4330592  0.36788243],47,37,"[0.4780366509520634, 0.3686118735311782]",1,-1
47649,[0.38694913 0.27625433],47,4,"[0.3937233168939997, 0.29890402186269427]",1,-1
47650,[0.37243446 0.30887361],47,4,"[0.3937233168939997, 0.29890402186269427]",1,-1
47651,[0.29510818 0.30473218],47,7,"[0.2880919156697789, 0.2889500356712737]",1,-1
47652,[0.33061194 0.30003369],47,7,"[0.2880919156697789, 0.2889500356712737]",1,-1
47653,[0.37292788 0.32578474],47,4,"[0.3937233168939997, 0.29890402186269427]",1,-1
47654,[0.41525111 0.40090419],47,6,"[0.40123478470159024, 0.40656176249784554]",1,-1
47655,[0.2862905  0.32321944],47,7,"[0.2880919156697789, 0.2889500356712737]",1,-1
47656,[0.38959063 0.23502551],47,4,"[0.3937233168939997, 0.29890402186269427]",1,-1
47657,[0.27513906 0.27607002],47,7,"[0.2880919156697789, 0.2889500356712737]",1,-1
47658,[0.33874606 0.34347577],47,1,"[0.33650952271243567, 0.3695039184549852]",1,-1
47659,[0.34367722 0.3461391 ],47,1,"[0.33650952271243567, 0.3695039184549852]",1,-1
47660,[0.4312633  0.32565588],47,4,"[0.3937233168939997, 0.29890402186269427]",1,-1
47661,[0.42658953 0.333017  ],47,4,"[0.3937233168939997, 0.29890402186269427]",1,-1
47662,[0.31210467 0.41748698],47,13,"[0.32294489274299887, 0.4620611538839558]",1,-1
47663,[0.27976022 0.34145666],47,7,"[0.2880919156697789, 0.2889500356712737]",1,-1
47664,[0.44947824 0.33268611],47,37,"[0.4780366509520634, 0.3686118735311782]",1,-1
47665,[0.33637653 0.37980717],47,1,"[0.33650952271243567, 0.3695039184549852]",1,72
47666,[0.25355626 0.42056909],47,0,"[0.2473875480073203, 0.39401489827781994]",1,-1
47667,[0.31466155 0.39934564],47,1,"[0.33650952271243567, 0.3695039184549852]",1,-1
47668,[0.29472059 0.33558913],47,7,"[0.2880919156697789, 0.2889500356712737]",1,-1
47669,[0.33595172 0.29018168],47,7,"[0.2880919156697789, 0.2889500356712737]",1,-1
47670,[0.30794443 0.32419986],47,7,"[0.2880919156697789, 0.2889500356712737]",1,-1
47671,[0.45704041 0.37208026],47,37,"[0.4780366509520634, 0.3686118735311782]",1,-1
47672,[0.33127464 0.31159842],47,7,"[0.2880919156697789, 0.2889500356712737]",1,-1
47673,[0.40743295 0.40854155],47,6,"[0.40123478470159024, 0.40656176249784554]",1,-1
47674,[0.31718785 0.34521985],47,1,"[0.33650952271243567, 0.3695039184549852]",1,-1
47675,[0.37481442 0.3672388 ],47,1,"[0.33650952271243567, 0.3695039184549852]",1,-1
47676,[0.37827136 0.32628818],47,4,"[0.3937233168939997, 0.29890402186269427]",1,-1
47677,[0.31661036 0.32220577],47,7,"[0.2880919156697789, 0.2889500356712737]",1,-1
47678,[0.30180407 0.31800072],47,7,"[0.2880919156697789, 0.2889500356712737]",1,-1
47679,[0.2783181  0.26855928],47,7,"[0.2880919156697789, 0.2889500356712737]",1,-1
47680,[0.40983729 0.39605633],47,6,"[0.40123478470159024, 0.40656176249784554]",1,-1
47681,[0.35586271 0.41157469],47,6,"[0.40123478470159024, 0.40656176249784554]",1,-1
47682,[0.28843865 0.26587902],47,7,"[0.2880919156697789, 0.2889500356712737]",1,-1
47683,[0.3995551  0.36246915],47,6,"[0.40123478470159024, 0.40656176249784554]",1,-1
47684,[0.33421362 0.3753909 ],47,1,"[0.33650952271243567, 0.3695039184549852]",1,72
47685,[0.27904244 0.25129506],47,7,"[0.2880919156697789, 0.2889500356712737]",1,-1
47686,[0.33310201 0.34378494],47,1,"[0.33650952271243567, 0.3695039184549852]",1,-1
47687,[0.33931097 0.24918652],47,7,"[0.2880919156697789, 0.2889500356712737]",1,-1
47688,[0.32383571 0.43834254],47,13,"[0.32294489274299887, 0.4620611538839558]",1,-1
47689,[0.38703429 0.28546838],47,4,"[0.3937233168939997, 0.29890402186269427]",1,-1
47690,[0.39060245 0.34548352],47,4,"[0.3937233168939997, 0.29890402186269427]",1,71
47691,[0.3384774  0.34983773],47,1,"[0.33650952271243567, 0.3695039184549852]",1,77
47692,[0.36726299 0.51445124],47,18,"[0.4203234088660354, 0.508036417947434]",1,-1
47693,[0.38188307 0.26349281],47,4,"[0.3937233168939997, 0.29890402186269427]",1,-1
47694,[0.26798121 0.35977202],47,0,"[0.2473875480073203, 0.39401489827781994]",1,-1
47695,[0.24772362 0.30810154],47,7,"[0.2880919156697789, 0.2889500356712737]",1,-1
47696,[0.29644471 0.29285354],47,7,"[0.2880919156697789, 0.2889500356712737]",1,-1
47697,[0.45186435 0.39525122],47,37,"[0.4780366509520634, 0.3686118735311782]",1,-1
47698,[0.3715451 0.2900688],47,4,"[0.3937233168939997, 0.29890402186269427]",1,-1
47699,[0.4241073  0.36806383],47,6,"[0.40123478470159024, 0.40656176249784554]",1,-1
47700,[0.3477003  0.30131957],47,4,"[0.3937233168939997, 0.29890402186269427]",1,-1
47701,[0.34750374 0.37331234],47,1,"[0.33650952271243567, 0.3695039184549852]",1,72
47702,[0.23798011 0.24039418],47,16,"[0.22214342499776796, 0.1812277944104208]",1,-1
47703,[0.33859553 0.34622627],47,1,"[0.33650952271243567, 0.3695039184549852]",1,77
47704,[0.39469749 0.30502973],47,4,"[0.3937233168939997, 0.29890402186269427]",1,-1
47705,[0.38133429 0.32823143],47,4,"[0.3937233168939997, 0.29890402186269427]",1,-1
47706,[0.38656791 0.2626285 ],47,4,"[0.3937233168939997, 0.29890402186269427]",1,-1
47707,[0.37596869 0.36512575],47,1,"[0.33650952271243567, 0.3695039184549852]",1,-1
47708,[0.33762622 0.36132221],47,1,"[0.33650952271243567, 0.3695039184549852]",1,-1
47709,[0.32423804 0.34881441],47,1,"[0.33650952271243567, 0.3695039184549852]",1,-1
47710,[0.3504538  0.28733346],47,4,"[0.3937233168939997, 0.29890402186269427]",1,-1
47711,[0.31274085 0.2727564 ],47,7,"[0.2880919156697789, 0.2889500356712737]",1,-1
47712,[0.30459521 0.4017695 ],47,1,"[0.33650952271243567, 0.3695039184549852]",1,61
47713,[0.34012675 0.30728408],47,4,"[0.3937233168939997, 0.29890402186269427]",1,-1
47714,[0.40371551 0.34135647],47,4,"[0.3937233168939997, 0.29890402186269427]",1,-1
47715,[0.38942844 0.3275137 ],47,4,"[0.3937233168939997, 0.29890402186269427]",1,-1
47716,[0.29267844 0.31792908],47,7,"[0.2880919156697789, 0.2889500356712737]",1,-1
47717,[0.31731945 0.2605547 ],47,7,"[0.2880919156697789, 0.2889500356712737]",1,-1
47718,[0.3476014  0.31286455],47,4,"[0.3937233168939997, 0.29890402186269427]",1,-1
47719,[0.43214738 0.35419629],47,37,"[0.4780366509520634, 0.3686118735311782]",1,-1
47720,[0.24981549 0.33497023],47,0,"[0.2473875480073203, 0.39401489827781994]",1,-1
47721,[0.30695041 0.3799843 ],47,1,"[0.33650952271243567, 0.3695039184549852]",1,-1
47722,[0.3869194  0.24830615],47,4,"[0.3937233168939997, 0.29890402186269427]",1,-1
47723,[0.34872235 0.43089669],47,13,"[0.32294489274299887, 0.4620611538839558]",1,-1
47724,[0.40297064 0.37192086],47,6,"[0.40123478470159024, 0.40656176249784554]",1,-1
47725,[0.2308379 0.3393825],47,15,"[0.188292755006214, 0.3253570325311902]",1,40
47726,[0.36570698 0.22950413],47,-1,-1,1,-1
47727,[0.39020931 0.31259965],47,4,"[0.3937233168939997, 0.29890402186269427]",1,-1
47728,[0.35416278 0.279894  ],47,4,"[0.3937233168939997, 0.29890402186269427]",1,-1
47729,[0.42403693 0.32631656],47,4,"[0.3937233168939997, 0.29890402186269427]",1,-1
47730,[0.42430654 0.33355261],47,4,"[0.3937233168939997, 0.29890402186269427]",1,-1
47731,[0.29340993 0.27941754],47,7,"[0.2880919156697789, 0.2889500356712737]",1,-1
47732,[0.43933376 0.32496921],47,4,"[0.3937233168939997, 0.29890402186269427]",1,-1
47733,[0.38353135 0.3010101 ],47,4,"[0.3937233168939997, 0.29890402186269427]",1,-1
47734,[0.40858833 0.35754489],47,6,"[0.40123478470159024, 0.40656176249784554]",1,71
47735,[0.35219307 0.3203346 ],47,4,"[0.3937233168939997, 0.29890402186269427]",1,-1
47736,[0.29089745 0.42253668],47,13,"[0.32294489274299887, 0.4620611538839558]",1,-1
47737,[0.36767327 0.31694863],47,4,"[0.3937233168939997, 0.29890402186269427]",1,-1
47738,[0.33672197 0.35189068],47,1,"[0.33650952271243567, 0.3695039184549852]",1,77
47739,[0.40545497 0.34906092],47,4,"[0.3937233168939997, 0.29890402186269427]",1,-1
47740,[0.31594524 0.44691219],47,13,"[0.32294489274299887, 0.4620611538839558]",1,-1
47741,[0.3401973 0.3516511],47,1,"[0.33650952271243567, 0.3695039184549852]",1,77
47742,[0.38545978 0.42269288],47,6,"[0.40123478470159024, 0.40656176249784554]",1,-1
47743,[0.40114509 0.39202101],47,6,"[0.40123478470159024, 0.40656176249784554]",1,-1
47744,[0.36349184 0.36710413],47,1,"[0.33650952271243567, 0.3695039184549852]",1,-1
47745,[0.36552736 0.37232093],47,1,"[0.33650952271243567, 0.3695039184549852]",1,-1
47746,[0.29054291 0.26297692],47,7,"[0.2880919156697789, 0.2889500356712737]",1,-1
47747,[0.3518144  0.37687682],47,1,"[0.33650952271243567, 0.3695039184549852]",1,-1
47748,[0.43353024 0.36392241],47,37,"[0.4780366509520634, 0.3686118735311782]",1,-1
47749,[0.32239155 0.29990069],47,7,"[0.2880919156697789, 0.2889500356712737]",1,-1
47750,[0.31605692 0.36613972],47,1,"[0.33650952271243567, 0.3695039184549852]",1,-1
47751,[0.39265933 0.38595115],47,6,"[0.40123478470159024, 0.40656176249784554]",1,-1
47752,[0.2994656 0.3484351],47,1,"[0.33650952271243567, 0.3695039184549852]",1,-1
47753,[0.33195434 0.34540707],47,1,"[0.33650952271243567, 0.3695039184549852]",1,-1
47754,[0.40739588 0.33609859],47,4,"[0.3937233168939997, 0.29890402186269427]",1,-1
47755,[0.38083976 0.26194396],47,4,"[0.3937233168939997, 0.29890402186269427]",1,-1
47756,[0.29286837 0.34837824],47,1,"[0.33650952271243567, 0.3695039184549852]",1,-1
47757,[0.33636373 0.3509488 ],47,1,"[0.33650952271243567, 0.3695039184549852]",1,77
47758,[0.29661871 0.30436881],47,7,"[0.2880919156697789, 0.2889500356712737]",1,-1
47759,[0.30802554 0.31812978],47,7,"[0.2880919156697789, 0.2889500356712737]",1,-1
47760,[0.46819921 0.31362376],47,37,"[0.4780366509520634, 0.3686118735311782]",1,-1
47761,[0.3905188  0.34436918],47,4,"[0.3937233168939997, 0.29890402186269427]",1,71
47762,[0.33765832 0.31256163],47,7,"[0.2880919156697789, 0.2889500356712737]",1,-1
47763,[0.32517315 0.32824014],47,1,"[0.33650952271243567, 0.3695039184549852]",1,-1
47764,[0.36751784 0.32390839],47,4,"[0.3937233168939997, 0.29890402186269427]",1,-1
47765,[0.35554605 0.31686008],47,4,"[0.3937233168939997, 0.29890402186269427]",1,-1
47766,[0.32820155 0.38327474],47,1,"[0.33650952271243567, 0.3695039184549852]",1,72
47767,[0.21025989 0.3590921 ],47,15,"[0.188292755006214, 0.3253570325311902]",1,-1
47768,[0.33208865 0.37152273],47,1,"[0.33650952271243567, 0.3695039184549852]",1,-1
47769,[0.31632358 0.30583048],47,7,"[0.2880919156697789, 0.2889500356712737]",1,-1
47770,[0.38157135 0.30698041],47,4,"[0.3937233168939997, 0.29890402186269427]",1,-1
47771,[0.33946163 0.2832648 ],47,7,"[0.2880919156697789, 0.2889500356712737]",1,-1
47772,[0.34187638 0.33053249],47,1,"[0.33650952271243567, 0.3695039184549852]",1,-1
47773,[0.3350629  0.35467507],47,1,"[0.33650952271243567, 0.3695039184549852]",1,77
47774,[0.3616944  0.36193634],47,1,"[0.33650952271243567, 0.3695039184549852]",1,-1
47775,[0.37998929 0.382257  ],47,6,"[0.40123478470159024, 0.40656176249784554]",1,78
47776,[0.38334282 0.33617753],47,4,"[0.3937233168939997, 0.29890402186269427]",1,-1
47777,[0.33256961 0.40178802],47,1,"[0.33650952271243567, 0.3695039184549852]",1,-1
47778,[0.3153144  0.30527739],47,7,"[0.2880919156697789, 0.2889500356712737]",1,-1
47779,[0.33233532 0.29510384],47,7,"[0.2880919156697789, 0.2889500356712737]",1,-1
47780,[0.35774687 0.31616136],47,4,"[0.3937233168939997, 0.29890402186269427]",1,-1
47781,[0.39726313 0.31760785],47,4,"[0.3937233168939997, 0.29890402186269427]",1,-1
47782,[0.42328092 0.41132126],47,6,"[0.40123478470159024, 0.40656176249784554]",1,-1
47783,[0.35174848 0.3728256 ],47,1,"[0.33650952271243567, 0.3695039184549852]",1,-1
47784,[0.34190009 0.26975915],47,7,"[0.2880919156697789, 0.2889500356712737]",1,-1
47785,[0.26084817 0.43709016],47,0,"[0.2473875480073203, 0.39401489827781994]",1,-1
47786,[0.35941622 0.33507185],47,1,"[0.33650952271243567, 0.3695039184549852]",1,-1
47787,[0.34163752 0.33489545],47,1,"[0.33650952271243567, 0.3695039184549852]",1,-1
47788,[0.47023813 0.36306674],47,37,"[0.4780366509520634, 0.3686118735311782]",1,-1
47789,[0.37228302 0.27094092],47,4,"[0.3937233168939997, 0.29890402186269427]",1,-1
47790,[0.3232098  0.23115871],47,31,"[0.29817086118518243, 0.1888907481789387]",1,-1
47791,[0.28412791 0.36282392],47,0,"[0.2473875480073203, 0.39401489827781994]",1,-1
47792,[0.34973319 0.36262551],47,1,"[0.33650952271243567, 0.3695039184549852]",1,-1
47793,[0.38446005 0.34615986],47,4,"[0.3937233168939997, 0.29890402186269427]",1,-1
47794,[0.36114708 0.28384872],47,4,"[0.3937233168939997, 0.29890402186269427]",1,-1
47795,[0.35550801 0.26029561],47,4,"[0.3937233168939997, 0.29890402186269427]",1,-1
47796,[0.37707963 0.30633655],47,4,"[0.3937233168939997, 0.29890402186269427]",1,-1
47797,[0.40365612 0.31231774],47,4,"[0.3937233168939997, 0.29890402186269427]",1,-1
47798,[0.38327612 0.35202062],47,1,"[0.33650952271243567, 0.3695039184549852]",1,-1
47799,[0.25231394 0.28090163],47,7,"[0.2880919156697789, 0.2889500356712737]",1,25
47800,[0.36617943 0.39521067],47,6,"[0.40123478470159024, 0.40656176249784554]",1,79
47801,[0.35997633 0.3649057 ],47,1,"[0.33650952271243567, 0.3695039184549852]",1,-1
47802,[0.35519603 0.28783611],47,4,"[0.3937233168939997, 0.29890402186269427]",1,-1
47803,[0.34874586 0.35535135],47,1,"[0.33650952271243567, 0.3695039184549852]",1,-1
47804,[0.28957296 0.37629951],47,0,"[0.2473875480073203, 0.39401489827781994]",1,-1
47805,[0.31954048 0.23804784],47,31,"[0.29817086118518243, 0.1888907481789387]",1,-1
47806,[0.28539551 0.2730981 ],47,7,"[0.2880919156697789, 0.2889500356712737]",1,-1
47807,[0.28644359 0.35110474],47,1,"[0.33650952271243567, 0.3695039184549852]",1,-1
47808,[0.30404349 0.38439494],47,1,"[0.33650952271243567, 0.3695039184549852]",1,-1
47809,[0.45886835 0.28666903],47,4,"[0.3937233168939997, 0.29890402186269427]",1,-1
47810,[0.33733261 0.33881493],47,1,"[0.33650952271243567, 0.3695039184549852]",1,-1
47811,[0.36246011 0.29841381],47,4,"[0.3937233168939997, 0.29890402186269427]",1,-1
47812,[0.38399355 0.29772659],47,4,"[0.3937233168939997, 0.29890402186269427]",1,-1
47813,[0.35375982 0.34110577],47,1,"[0.33650952271243567, 0.3695039184549852]",1,-1
47814,[0.4854168 0.296679 ],47,-1,-1,1,-1
47815,[0.26235174 0.3627365 ],47,0,"[0.2473875480073203, 0.39401489827781994]",1,-1
47816,[0.32110834 0.41402594],47,1,"[0.33650952271243567, 0.3695039184549852]",1,-1
47817,[0.28402408 0.29810696],47,7,"[0.2880919156697789, 0.2889500356712737]",1,-1
47818,[0.40083517 0.38307322],47,6,"[0.40123478470159024, 0.40656176249784554]",1,-1
47819,[0.38395552 0.42213928],47,6,"[0.40123478470159024, 0.40656176249784554]",1,-1
47820,[0.38859308 0.32432716],47,4,"[0.3937233168939997, 0.29890402186269427]",1,-1
47821,[0.30115574 0.3645063 ],47,1,"[0.33650952271243567, 0.3695039184549852]",1,-1
47822,[0.35172226 0.38472271],47,1,"[0.33650952271243567, 0.3695039184549852]",1,-1
47823,[0.35938308 0.30283575],47,4,"[0.3937233168939997, 0.29890402186269427]",1,-1
47824,[0.36304157 0.41329497],47,6,"[0.40123478470159024, 0.40656176249784554]",1,-1
47825,[0.33765064 0.27927905],47,7,"[0.2880919156697789, 0.2889500356712737]",1,-1
47826,[0.3276459  0.38181035],47,1,"[0.33650952271243567, 0.3695039184549852]",1,-1
47827,[0.30673864 0.31355919],47,7,"[0.2880919156697789, 0.2889500356712737]",1,-1
47828,[0.45213857 0.36661935],47,37,"[0.4780366509520634, 0.3686118735311782]",1,-1
47829,[0.37451022 0.32104064],47,4,"[0.3937233168939997, 0.29890402186269427]",1,-1
47830,[0.3878076  0.30119811],47,4,"[0.3937233168939997, 0.29890402186269427]",1,-1
47831,[0.32248153 0.36689961],47,1,"[0.33650952271243567, 0.3695039184549852]",1,-1
47832,[0.28077409 0.38619727],47,0,"[0.2473875480073203, 0.39401489827781994]",1,-1
47833,[0.47247701 0.2458127 ],47,-1,-1,1,-1
47834,[0.3001979  0.35536995],47,1,"[0.33650952271243567, 0.3695039184549852]",1,-1
47835,[0.32592537 0.41209652],47,1,"[0.33650952271243567, 0.3695039184549852]",1,-1
47836,[0.28561278 0.39548788],47,0,"[0.2473875480073203, 0.39401489827781994]",1,-1
47837,[0.3836899  0.43261303],47,6,"[0.40123478470159024, 0.40656176249784554]",1,-1
47838,[0.36433835 0.27571746],47,4,"[0.3937233168939997, 0.29890402186269427]",1,-1
47839,[0.36735577 0.29308632],47,4,"[0.3937233168939997, 0.29890402186269427]",1,-1
47840,[0.30340579 0.33617525],47,1,"[0.33650952271243567, 0.3695039184549852]",1,-1
47841,[0.4033572  0.35427191],47,6,"[0.40123478470159024, 0.40656176249784554]",1,71
47842,[0.35353328 0.37973107],47,1,"[0.33650952271243567, 0.3695039184549852]",1,-1
47843,[0.36691705 0.22817713],47,-1,-1,1,-1
47844,[0.33484334 0.31237059],47,7,"[0.2880919156697789, 0.2889500356712737]",1,-1
47845,[0.37320992 0.2860455 ],47,4,"[0.3937233168939997, 0.29890402186269427]",1,-1
47846,[0.35640636 0.29464328],47,4,"[0.3937233168939997, 0.29890402186269427]",1,-1
47847,[0.37045096 0.37620774],47,1,"[0.33650952271243567, 0.3695039184549852]",1,-1
47848,[0.30539734 0.25028655],47,7,"[0.2880919156697789, 0.2889500356712737]",1,-1
47849,[0.29017439 0.35306918],47,1,"[0.33650952271243567, 0.3695039184549852]",1,-1
47850,[0.38991434 0.40985774],47,6,"[0.40123478470159024, 0.40656176249784554]",1,-1
47851,[0.25650944 0.36679532],47,0,"[0.2473875480073203, 0.39401489827781994]",1,-1
47852,[0.44135587 0.37380766],47,37,"[0.4780366509520634, 0.3686118735311782]",1,-1
47853,[0.27611143 0.29037431],47,7,"[0.2880919156697789, 0.2889500356712737]",1,-1
47854,[0.34559967 0.26858245],47,4,"[0.3937233168939997, 0.29890402186269427]",1,-1
47855,[0.41371465 0.37393558],47,6,"[0.40123478470159024, 0.40656176249784554]",1,-1
47856,[0.35044699 0.34988376],47,1,"[0.33650952271243567, 0.3695039184549852]",1,-1
47857,[0.37929699 0.33146368],47,4,"[0.3937233168939997, 0.29890402186269427]",1,-1
47858,[0.34444282 0.31538516],47,4,"[0.3937233168939997, 0.29890402186269427]",1,-1
47859,[0.31917859 0.33741889],47,1,"[0.33650952271243567, 0.3695039184549852]",1,-1
47860,[0.40204066 0.28712238],47,4,"[0.3937233168939997, 0.29890402186269427]",1,-1
47861,[0.42308642 0.34696231],47,4,"[0.3937233168939997, 0.29890402186269427]",1,-1
47862,[0.32186926 0.2487571 ],47,7,"[0.2880919156697789, 0.2889500356712737]",1,-1
47863,[0.34817245 0.35120593],47,1,"[0.33650952271243567, 0.3695039184549852]",1,76
47864,[0.35050973 0.39767004],47,1,"[0.33650952271243567, 0.3695039184549852]",1,-1
47865,[0.31775612 0.2807425 ],47,7,"[0.2880919156697789, 0.2889500356712737]",1,-1
47866,[0.34870471 0.23940157],47,-1,-1,1,-1
47867,[0.32558993 0.38022198],47,1,"[0.33650952271243567, 0.3695039184549852]",1,72
47868,[0.38537019 0.34986727],47,4,"[0.3937233168939997, 0.29890402186269427]",1,-1
47869,[0.40304717 0.35980412],47,6,"[0.40123478470159024, 0.40656176249784554]",1,-1
47870,[0.3251947 0.2796252],47,7,"[0.2880919156697789, 0.2889500356712737]",1,-1
47871,[0.41179643 0.40013848],47,6,"[0.40123478470159024, 0.40656176249784554]",1,-1
47872,[0.41718078 0.2863742 ],47,4,"[0.3937233168939997, 0.29890402186269427]",1,-1
47873,[0.37349532 0.30898238],47,4,"[0.3937233168939997, 0.29890402186269427]",1,-1
47874,[0.4357084  0.28257105],47,4,"[0.3937233168939997, 0.29890402186269427]",1,-1
47875,[0.39354934 0.43577406],47,6,"[0.40123478470159024, 0.40656176249784554]",1,50
47876,[0.28490074 0.35334963],47,1,"[0.33650952271243567, 0.3695039184549852]",1,-1
47877,[0.33821729 0.27045143],47,7,"[0.2880919156697789, 0.2889500356712737]",1,-1
47878,[0.41192549 0.32419655],47,4,"[0.3937233168939997, 0.29890402186269427]",1,-1
47879,[0.34929536 0.29281112],47,4,"[0.3937233168939997, 0.29890402186269427]",1,-1
47880,[0.3307248  0.28025566],47,7,"[0.2880919156697789, 0.2889500356712737]",1,-1
47881,[0.39890808 0.47961593],47,18,"[0.4203234088660354, 0.508036417947434]",1,-1
47882,[0.41044773 0.39973717],47,6,"[0.40123478470159024, 0.40656176249784554]",1,-1
47883,[0.39448607 0.35263905],47,4,"[0.3937233168939997, 0.29890402186269427]",1,-1
47884,[0.38682119 0.32543291],47,4,"[0.3937233168939997, 0.29890402186269427]",1,-1
47885,[0.30506336 0.31530858],47,7,"[0.2880919156697789, 0.2889500356712737]",1,-1
47886,[0.45219975 0.40081658],47,37,"[0.4780366509520634, 0.3686118735311782]",1,-1
47887,[0.34094326 0.27373093],47,7,"[0.2880919156697789, 0.2889500356712737]",1,-1
47888,[0.37992821 0.28036683],47,4,"[0.3937233168939997, 0.29890402186269427]",1,-1
47889,[0.39509112 0.23599445],47,4,"[0.3937233168939997, 0.29890402186269427]",1,-1
47890,[0.35967194 0.21004748],47,31,"[0.29817086118518243, 0.1888907481789387]",1,-1
47891,[0.38455326 0.35805212],47,1,"[0.33650952271243567, 0.3695039184549852]",1,-1
47892,[0.47687074 0.34599298],47,37,"[0.4780366509520634, 0.3686118735311782]",1,-1
47893,[0.37824066 0.26342242],47,4,"[0.3937233168939997, 0.29890402186269427]",1,-1
47894,[0.440774   0.27440798],47,4,"[0.3937233168939997, 0.29890402186269427]",1,-1
47895,[0.32000442 0.25582517],47,7,"[0.2880919156697789, 0.2889500356712737]",1,-1
47896,[0.34628746 0.32191319],47,1,"[0.33650952271243567, 0.3695039184549852]",1,-1
47897,[0.22852036 0.42920615],47,0,"[0.2473875480073203, 0.39401489827781994]",1,-1
47898,[0.32155908 0.32684426],47,1,"[0.33650952271243567, 0.3695039184549852]",1,62
47899,[0.37964762 0.24202496],47,4,"[0.3937233168939997, 0.29890402186269427]",1,-1
47900,[0.30251604 0.36449148],47,1,"[0.33650952271243567, 0.3695039184549852]",1,-1
47901,[0.3770842  0.23798158],47,4,"[0.3937233168939997, 0.29890402186269427]",1,-1
47902,[0.39529021 0.31795502],47,4,"[0.3937233168939997, 0.29890402186269427]",1,-1
47903,[0.38185903 0.3730686 ],47,6,"[0.40123478470159024, 0.40656176249784554]",1,-1
47904,[0.30702361 0.33778858],47,1,"[0.33650952271243567, 0.3695039184549852]",1,-1
47905,[0.29055666 0.32539837],47,7,"[0.2880919156697789, 0.2889500356712737]",1,-1
47906,[0.37574196 0.38152051],47,6,"[0.40123478470159024, 0.40656176249784554]",1,78
47907,[0.34859791 0.27968821],47,4,"[0.3937233168939997, 0.29890402186269427]",1,-1
47908,[0.38904553 0.38792634],47,6,"[0.40123478470159024, 0.40656176249784554]",1,-1
47909,[0.4015798  0.39498641],47,6,"[0.40123478470159024, 0.40656176249784554]",1,-1
47910,[0.32009173 0.31104381],47,7,"[0.2880919156697789, 0.2889500356712737]",1,-1
47911,[0.33646688 0.30557254],47,7,"[0.2880919156697789, 0.2889500356712737]",1,-1
47912,[0.38258845 0.34504325],47,4,"[0.3937233168939997, 0.29890402186269427]",1,-1
47913,[0.33194329 0.35945662],47,1,"[0.33650952271243567, 0.3695039184549852]",1,-1
47914,[0.4031601  0.40520039],47,6,"[0.40123478470159024, 0.40656176249784554]",1,-1
47915,[0.42263209 0.27126111],47,4,"[0.3937233168939997, 0.29890402186269427]",1,-1
47916,[0.31183021 0.31283169],47,7,"[0.2880919156697789, 0.2889500356712737]",1,-1
47917,[0.39990619 0.34967873],47,4,"[0.3937233168939997, 0.29890402186269427]",1,71
47918,[0.26767032 0.36178085],47,0,"[0.2473875480073203, 0.39401489827781994]",1,-1
47919,[0.30797134 0.20389944],47,31,"[0.29817086118518243, 0.1888907481789387]",1,-1
47920,[0.25897158 0.3783762 ],47,0,"[0.2473875480073203, 0.39401489827781994]",1,-1
47921,[0.35451823 0.34759104],47,1,"[0.33650952271243567, 0.3695039184549852]",1,76
47922,[0.28440601 0.3622212 ],47,0,"[0.2473875480073203, 0.39401489827781994]",1,-1
47923,[0.38577924 0.30164007],47,4,"[0.3937233168939997, 0.29890402186269427]",1,-1
47924,[0.37471104 0.37865226],47,6,"[0.40123478470159024, 0.40656176249784554]",1,-1
47925,[0.38039288 0.35956167],47,1,"[0.33650952271243567, 0.3695039184549852]",1,73
47926,[0.39161089 0.38531258],47,6,"[0.40123478470159024, 0.40656176249784554]",1,-1
47927,[0.27563404 0.31735468],47,7,"[0.2880919156697789, 0.2889500356712737]",1,-1
47928,[0.32775966 0.22221834],47,31,"[0.29817086118518243, 0.1888907481789387]",1,-1
47929,[0.27131767 0.30854327],47,7,"[0.2880919156697789, 0.2889500356712737]",1,25
47930,[0.30557944 0.31563086],47,7,"[0.2880919156697789, 0.2889500356712737]",1,-1
47931,[0.32016056 0.40060346],47,1,"[0.33650952271243567, 0.3695039184549852]",1,61
47932,[0.41187408 0.23948015],47,4,"[0.3937233168939997, 0.29890402186269427]",1,-1
47933,[0.29949175 0.3867445 ],47,1,"[0.33650952271243567, 0.3695039184549852]",1,-1
47934,[0.38257493 0.29542327],47,4,"[0.3937233168939997, 0.29890402186269427]",1,-1
47935,[0.45253731 0.44702783],47,35,"[0.491626887866141, 0.45015531396212327]",1,-1
47936,[0.39411425 0.35837203],47,6,"[0.40123478470159024, 0.40656176249784554]",1,-1
47937,[0.34545767 0.33723008],47,1,"[0.33650952271243567, 0.3695039184549852]",1,-1
47938,[0.3339695  0.41349738],47,1,"[0.33650952271243567, 0.3695039184549852]",1,-1
47939,[0.33373816 0.34729602],47,1,"[0.33650952271243567, 0.3695039184549852]",1,-1
47940,[0.34257779 0.29898169],47,4,"[0.3937233168939997, 0.29890402186269427]",1,-1
47941,[0.35516895 0.2967607 ],47,4,"[0.3937233168939997, 0.29890402186269427]",1,-1
47942,[0.31913231 0.32497858],47,7,"[0.2880919156697789, 0.2889500356712737]",1,-1
47943,[0.4090914  0.32543498],47,4,"[0.3937233168939997, 0.29890402186269427]",1,-1
47944,[0.39058556 0.33161239],47,4,"[0.3937233168939997, 0.29890402186269427]",1,-1
47945,[0.34573844 0.33581804],47,1,"[0.33650952271243567, 0.3695039184549852]",1,-1
47946,[0.32753738 0.39078901],47,1,"[0.33650952271243567, 0.3695039184549852]",1,-1
47947,[0.32201819 0.39310659],47,1,"[0.33650952271243567, 0.3695039184549852]",1,-1
47948,[0.37700109 0.33850547],47,4,"[0.3937233168939997, 0.29890402186269427]",1,-1
47949,[0.31653531 0.31357799],47,7,"[0.2880919156697789, 0.2889500356712737]",1,-1
47950,[0.33412525 0.35989031],47,1,"[0.33650952271243567, 0.3695039184549852]",1,77
47951,[0.30628246 0.36935311],47,1,"[0.33650952271243567, 0.3695039184549852]",1,-1
47952,[0.37705184 0.30810635],47,4,"[0.3937233168939997, 0.29890402186269427]",1,-1
47953,[0.26073993 0.26593623],47,7,"[0.2880919156697789, 0.2889500356712737]",1,-1
47954,[0.33841652 0.30747816],47,7,"[0.2880919156697789, 0.2889500356712737]",1,-1
47955,[0.29539034 0.36893216],47,1,"[0.33650952271243567, 0.3695039184549852]",1,-1
47956,[0.39588286 0.297245  ],47,4,"[0.3937233168939997, 0.29890402186269427]",1,-1
47957,[0.26540507 0.27291421],47,7,"[0.2880919156697789, 0.2889500356712737]",1,-1
47958,[0.40966342 0.37261511],47,6,"[0.40123478470159024, 0.40656176249784554]",1,-1
47959,[0.32951486 0.29989604],47,7,"[0.2880919156697789, 0.2889500356712737]",1,-1
47960,[0.3693153  0.35962925],47,1,"[0.33650952271243567, 0.3695039184549852]",1,-1
47961,[0.34114052 0.29686753],47,4,"[0.3937233168939997, 0.29890402186269427]",1,-1
47962,[0.41445381 0.33414985],47,4,"[0.3937233168939997, 0.29890402186269427]",1,-1
47963,[0.32196052 0.19879975],47,31,"[0.29817086118518243, 0.1888907481789387]",1,-1
47964,[0.41225514 0.37378808],47,6,"[0.40123478470159024, 0.40656176249784554]",1,-1
47965,[0.35708705 0.40484923],47,1,"[0.33650952271243567, 0.3695039184549852]",1,-1
47966,[0.42951085 0.41965514],47,6,"[0.40123478470159024, 0.40656176249784554]",1,-1
47967,[0.33567269 0.34217374],47,1,"[0.33650952271243567, 0.3695039184549852]",1,-1
47968,[0.28030249 0.29691854],47,7,"[0.2880919156697789, 0.2889500356712737]",1,-1
47969,[0.34915173 0.35402688],47,1,"[0.33650952271243567, 0.3695039184549852]",1,76
47970,[0.39720568 0.4057605 ],47,6,"[0.40123478470159024, 0.40656176249784554]",1,-1
47971,[0.34311351 0.37006084],47,1,"[0.33650952271243567, 0.3695039184549852]",1,-1
47972,[0.29457932 0.35681186],47,1,"[0.33650952271243567, 0.3695039184549852]",1,-1
47973,[0.32806507 0.33168945],47,1,"[0.33650952271243567, 0.3695039184549852]",1,62
47974,[0.34659115 0.31968548],47,1,"[0.33650952271243567, 0.3695039184549852]",1,-1
47975,[0.35633424 0.41686652],47,6,"[0.40123478470159024, 0.40656176249784554]",1,-1
47976,[0.25849086 0.2877027 ],47,7,"[0.2880919156697789, 0.2889500356712737]",1,25
47977,[0.3386031  0.30098437],47,7,"[0.2880919156697789, 0.2889500356712737]",1,-1
47978,[0.39571498 0.37050126],47,6,"[0.40123478470159024, 0.40656176249784554]",1,-1
47979,[0.31128349 0.34132495],47,1,"[0.33650952271243567, 0.3695039184549852]",1,-1
47980,[0.35243747 0.39811657],47,1,"[0.33650952271243567, 0.3695039184549852]",1,-1
47981,[0.41033306 0.24148657],47,4,"[0.3937233168939997, 0.29890402186269427]",1,-1
47982,[0.34921223 0.40260992],47,1,"[0.33650952271243567, 0.3695039184549852]",1,-1
47983,[0.34739927 0.40509614],47,1,"[0.33650952271243567, 0.3695039184549852]",1,-1
47984,[0.41865363 0.35984719],47,6,"[0.40123478470159024, 0.40656176249784554]",1,-1
47985,[0.26735449 0.31681038],47,7,"[0.2880919156697789, 0.2889500356712737]",1,-1
47986,[0.23471809 0.35785668],47,0,"[0.2473875480073203, 0.39401489827781994]",1,-1
47987,[0.34559026 0.39556704],47,1,"[0.33650952271243567, 0.3695039184549852]",1,-1
47988,[0.37546322 0.28589205],47,4,"[0.3937233168939997, 0.29890402186269427]",1,-1
47989,[0.3977335 0.3601586],47,6,"[0.40123478470159024, 0.40656176249784554]",1,-1
47990,[0.38378848 0.3723    ],47,6,"[0.40123478470159024, 0.40656176249784554]",1,-1
47991,[0.39428203 0.31824714],47,4,"[0.3937233168939997, 0.29890402186269427]",1,-1
47992,[0.39379862 0.36202624],47,6,"[0.40123478470159024, 0.40656176249784554]",1,-1
47993,[0.28336047 0.33803181],47,7,"[0.2880919156697789, 0.2889500356712737]",1,27
47994,[0.34650331 0.37011278],47,1,"[0.33650952271243567, 0.3695039184549852]",1,-1
47995,[0.34291436 0.29172618],47,4,"[0.3937233168939997, 0.29890402186269427]",1,-1
47996,[0.30779406 0.2874773 ],47,7,"[0.2880919156697789, 0.2889500356712737]",1,-1
47997,[0.35294927 0.28930002],47,4,"[0.3937233168939997, 0.29890402186269427]",1,-1
47998,[0.34747857 0.35947109],47,1,"[0.33650952271243567, 0.3695039184549852]",1,-1
47999,[0.2686627  0.30758401],47,7,"[0.2880919156697789, 0.2889500356712737]",1,25
48000,[0.37825672 0.92813945],48,-1,-1,1,-1
48001,[0.33013957 0.7470927 ],48,12,"[0.3169063637449832, 0.8033325636066986]",1,-1
48002,[0.29663894 0.76535827],48,12,"[0.3169063637449832, 0.8033325636066986]",1,-1
48003,[0.329414  0.8717143],48,12,"[0.3169063637449832, 0.8033325636066986]",1,-1
48004,[0.37484844 0.81758335],48,12,"[0.3169063637449832, 0.8033325636066986]",1,-1
48005,[0.27189503 0.80408402],48,12,"[0.3169063637449832, 0.8033325636066986]",1,-1
48006,[0.39603001 0.86759983],48,-1,-1,1,-1
48007,[0.35464446 0.79884804],48,12,"[0.3169063637449832, 0.8033325636066986]",1,-1
48008,[0.34374181 0.89770454],48,-1,-1,1,-1
48009,[0.3582849  0.76682723],48,12,"[0.3169063637449832, 0.8033325636066986]",1,-1
48010,[0.36423282 0.89336252],48,-1,-1,1,-1
48011,[0.3263794  0.83610463],48,12,"[0.3169063637449832, 0.8033325636066986]",1,-1
48012,[0.38528395 0.75868946],48,47,"[0.4308417820697566, 0.7426361553548808]",1,-1
48013,[0.35679474 0.77566098],48,12,"[0.3169063637449832, 0.8033325636066986]",1,-1
48014,[0.35429764 0.82711066],48,12,"[0.3169063637449832, 0.8033325636066986]",1,-1
48015,[0.33515466 0.73646628],48,19,"[0.3585209611110644, 0.671407469606326]",1,-1
48016,[0.3723055  0.78127008],48,12,"[0.3169063637449832, 0.8033325636066986]",1,-1
48017,[0.27159892 0.80081407],48,12,"[0.3169063637449832, 0.8033325636066986]",1,-1
48018,[0.21736709 0.77560548],48,24,"[0.2219823769694232, 0.7523883708842017]",1,-1
48019,[0.35275304 0.88781402],48,-1,-1,1,-1
48020,[0.33512918 0.7786935 ],48,12,"[0.3169063637449832, 0.8033325636066986]",1,-1
48021,[0.37050649 0.78410707],48,12,"[0.3169063637449832, 0.8033325636066986]",1,-1
48022,[0.29875295 0.81408934],48,12,"[0.3169063637449832, 0.8033325636066986]",1,-1
48023,[0.37243548 0.75504704],48,47,"[0.4308417820697566, 0.7426361553548808]",1,-1
48024,[0.36666498 0.73558231],48,47,"[0.4308417820697566, 0.7426361553548808]",1,-1
48025,[0.43701328 0.82213496],48,-1,-1,1,-1
48026,[0.3950939  0.78251213],48,47,"[0.4308417820697566, 0.7426361553548808]",1,-1
48027,[0.35449677 0.94247429],48,-1,-1,1,-1
48028,[0.37527997 0.87501922],48,-1,-1,1,-1
48029,[0.36826564 0.82725819],48,12,"[0.3169063637449832, 0.8033325636066986]",1,4
48030,[0.36259925 0.79344313],48,12,"[0.3169063637449832, 0.8033325636066986]",1,-1
48031,[0.35427632 0.81103574],48,12,"[0.3169063637449832, 0.8033325636066986]",1,-1
48032,[0.29607286 0.77508678],48,12,"[0.3169063637449832, 0.8033325636066986]",1,-1
48033,[0.34200931 0.76439248],48,12,"[0.3169063637449832, 0.8033325636066986]",1,-1
48034,[0.38761359 0.79783147],48,-1,-1,1,-1
48035,[0.36737848 0.85015898],48,12,"[0.3169063637449832, 0.8033325636066986]",1,-1
48036,[0.31723224 0.8641514 ],48,12,"[0.3169063637449832, 0.8033325636066986]",1,-1
48037,[0.39895697 0.91161042],48,-1,-1,1,-1
48038,[0.39310395 0.7434225 ],48,47,"[0.4308417820697566, 0.7426361553548808]",1,-1
48039,[0.37267647 0.79108384],48,12,"[0.3169063637449832, 0.8033325636066986]",1,-1
48040,[0.27325703 0.81366073],48,12,"[0.3169063637449832, 0.8033325636066986]",1,-1
48041,[0.30604208 0.74997416],48,12,"[0.3169063637449832, 0.8033325636066986]",1,-1
48042,[0.39374858 0.81869718],48,-1,-1,1,-1
48043,[0.3417009  0.83450405],48,12,"[0.3169063637449832, 0.8033325636066986]",1,-1
48044,[0.30464021 0.85768284],48,12,"[0.3169063637449832, 0.8033325636066986]",1,-1
48045,[0.36854384 0.85570161],48,-1,-1,1,-1
48046,[0.33112828 0.83308912],48,12,"[0.3169063637449832, 0.8033325636066986]",1,-1
48047,[0.416534  0.8054387],48,47,"[0.4308417820697566, 0.7426361553548808]",1,-1
48048,[0.37072237 0.77713588],48,12,"[0.3169063637449832, 0.8033325636066986]",1,-1
48049,[0.42152698 0.86046397],48,-1,-1,1,-1
48050,[0.30970871 0.78181506],48,12,"[0.3169063637449832, 0.8033325636066986]",1,-1
48051,[0.45144161 0.9065544 ],48,-1,-1,-1,-1
48052,[0.36717724 0.79308711],48,12,"[0.3169063637449832, 0.8033325636066986]",1,-1
48053,[0.38161361 0.7374133 ],48,47,"[0.4308417820697566, 0.7426361553548808]",1,-1
48054,[0.34326502 0.75397708],48,12,"[0.3169063637449832, 0.8033325636066986]",1,-1
48055,[0.3838351  0.88739695],48,-1,-1,1,-1
48056,[0.45280067 0.80143011],48,47,"[0.4308417820697566, 0.7426361553548808]",1,-1
48057,[0.37129734 0.83735385],48,12,"[0.3169063637449832, 0.8033325636066986]",1,4
48058,[0.41853502 0.75832266],48,47,"[0.4308417820697566, 0.7426361553548808]",1,-1
48059,[0.34902759 0.87708712],48,-1,-1,1,-1
48060,[0.26549532 0.7274937 ],48,8,"[0.26852263019242567, 0.6890353589332484]",1,-1
48061,[0.28899881 0.81596556],48,12,"[0.3169063637449832, 0.8033325636066986]",1,-1
48062,[0.36813944 0.79145986],48,12,"[0.3169063637449832, 0.8033325636066986]",1,-1
48063,[0.40933373 1.        ],48,-1,-1,-1,-1
48064,[0.41294929 0.72314129],48,47,"[0.4308417820697566, 0.7426361553548808]",1,-1
48065,[0.35266295 0.80023239],48,12,"[0.3169063637449832, 0.8033325636066986]",1,-1
48066,[0.35489014 0.85001128],48,12,"[0.3169063637449832, 0.8033325636066986]",1,-1
48067,[0.32143874 0.73591359],48,12,"[0.3169063637449832, 0.8033325636066986]",1,-1
48068,[0.35723084 0.7568437 ],48,12,"[0.3169063637449832, 0.8033325636066986]",1,-1
48069,[0.3323429  0.85992221],48,12,"[0.3169063637449832, 0.8033325636066986]",1,-1
48070,[0.29953584 0.76388286],48,12,"[0.3169063637449832, 0.8033325636066986]",1,-1
48071,[0.37945181 0.89495906],48,-1,-1,1,-1
48072,[0.29986729 0.81148192],48,12,"[0.3169063637449832, 0.8033325636066986]",1,-1
48073,[0.28710749 0.7666293 ],48,12,"[0.3169063637449832, 0.8033325636066986]",1,-1
48074,[0.34039512 0.75203272],48,12,"[0.3169063637449832, 0.8033325636066986]",1,-1
48075,[0.28934529 0.81312217],48,12,"[0.3169063637449832, 0.8033325636066986]",1,-1
48076,[0.30773915 0.75882869],48,12,"[0.3169063637449832, 0.8033325636066986]",1,-1
48077,[0.2916708  0.78822605],48,12,"[0.3169063637449832, 0.8033325636066986]",1,-1
48078,[0.40161953 0.85203731],48,-1,-1,1,-1
48079,[0.33381558 0.77733127],48,12,"[0.3169063637449832, 0.8033325636066986]",1,-1
48080,[0.36881682 0.88374068],48,-1,-1,1,-1
48081,[0.29603061 0.82966414],48,12,"[0.3169063637449832, 0.8033325636066986]",1,-1
48082,[0.38392906 0.87752136],48,-1,-1,1,-1
48083,[0.26392073 0.82209581],48,12,"[0.3169063637449832, 0.8033325636066986]",1,-1
48084,[0.43882892 0.85616172],48,-1,-1,1,-1
48085,[0.35443781 0.87914056],48,-1,-1,1,-1
48086,[0.28146864 0.79334554],48,12,"[0.3169063637449832, 0.8033325636066986]",1,-1
48087,[0.36827141 0.84808837],48,12,"[0.3169063637449832, 0.8033325636066986]",1,-1
48088,[0.44152899 0.7958153 ],48,47,"[0.4308417820697566, 0.7426361553548808]",1,-1
48089,[0.32231177 0.80750317],48,12,"[0.3169063637449832, 0.8033325636066986]",1,-1
48090,[0.2932285  0.83908466],48,12,"[0.3169063637449832, 0.8033325636066986]",1,-1
48091,[0.41130854 0.8241978 ],48,-1,-1,1,-1
48092,[0.44083593 0.87788112],48,-1,-1,1,-1
48093,[0.32892876 0.78895843],48,12,"[0.3169063637449832, 0.8033325636066986]",1,-1
48094,[0.24355192 0.87446089],48,-1,-1,1,-1
48095,[0.28226399 0.86769599],48,-1,-1,1,-1
48096,[0.28624123 0.87993525],48,-1,-1,1,-1
48097,[0.32860219 0.85579336],48,12,"[0.3169063637449832, 0.8033325636066986]",1,-1
48098,[0.29770974 0.81728154],48,12,"[0.3169063637449832, 0.8033325636066986]",1,-1
48099,[0.40044653 0.88394645],48,-1,-1,1,-1
48100,[0.42076854 0.82125286],48,-1,-1,1,-1
48101,[0.41121063 0.87215101],48,-1,-1,1,-1
48102,[0.21683475 0.83059908],48,38,"[0.1833808871148498, 0.824806751753795]",1,-1
48103,[0.43238886 0.76873282],48,47,"[0.4308417820697566, 0.7426361553548808]",1,-1
48104,[0.39793947 0.82325251],48,-1,-1,1,-1
48105,[0.30077251 0.7908527 ],48,12,"[0.3169063637449832, 0.8033325636066986]",1,-1
48106,[0.38765935 0.9032974 ],48,-1,-1,1,-1
48107,[0.27727785 0.84266366],48,12,"[0.3169063637449832, 0.8033325636066986]",1,-1
48108,[0.33081615 0.89765441],48,-1,-1,1,-1
48109,[0.33962097 0.81282786],48,12,"[0.3169063637449832, 0.8033325636066986]",1,-1
48110,[0.30010503 0.75846795],48,12,"[0.3169063637449832, 0.8033325636066986]",1,-1
48111,[0.32467264 0.83800956],48,12,"[0.3169063637449832, 0.8033325636066986]",1,-1
48112,[0.41006468 0.83534012],48,-1,-1,1,-1
48113,[0.34899076 0.92675208],48,-1,-1,1,-1
48114,[0.35643265 0.8363453 ],48,12,"[0.3169063637449832, 0.8033325636066986]",1,-1
48115,[0.26309017 0.8773906 ],48,-1,-1,1,-1
48116,[0.3576576  0.77319584],48,12,"[0.3169063637449832, 0.8033325636066986]",1,-1
48117,[0.36221378 0.76546749],48,12,"[0.3169063637449832, 0.8033325636066986]",1,-1
48118,[0.27609398 0.85823352],48,12,"[0.3169063637449832, 0.8033325636066986]",1,-1
48119,[0.36726068 0.90157558],48,-1,-1,1,-1
48120,[0.33577395 0.7350512 ],48,19,"[0.3585209611110644, 0.671407469606326]",1,-1
48121,[0.39046133 0.78506256],48,47,"[0.4308417820697566, 0.7426361553548808]",1,-1
48122,[0.28686929 0.9575841 ],48,-1,-1,-1,-1
48123,[0.31055921 0.82796833],48,12,"[0.3169063637449832, 0.8033325636066986]",1,-1
48124,[0.38562368 0.81106735],48,12,"[0.3169063637449832, 0.8033325636066986]",1,-1
48125,[0.32320275 0.87768692],48,-1,-1,1,-1
48126,[0.31487614 0.82450583],48,12,"[0.3169063637449832, 0.8033325636066986]",1,-1
48127,[0.35361554 0.79726166],48,12,"[0.3169063637449832, 0.8033325636066986]",1,-1
48128,[0.32173934 0.86002323],48,12,"[0.3169063637449832, 0.8033325636066986]",1,-1
48129,[0.369377  0.7710068],48,12,"[0.3169063637449832, 0.8033325636066986]",1,-1
48130,[0.3505456  0.91830387],48,-1,-1,1,-1
48131,[0.45105201 0.79766338],48,47,"[0.4308417820697566, 0.7426361553548808]",1,-1
48132,[0.37085764 0.84256531],48,12,"[0.3169063637449832, 0.8033325636066986]",1,4
48133,[0.31136289 0.8673643 ],48,12,"[0.3169063637449832, 0.8033325636066986]",1,-1
48134,[0.34734956 0.79969212],48,12,"[0.3169063637449832, 0.8033325636066986]",1,-1
48135,[0.3527917  0.80214653],48,12,"[0.3169063637449832, 0.8033325636066986]",1,-1
48136,[0.36246096 0.80358933],48,12,"[0.3169063637449832, 0.8033325636066986]",1,-1
48137,[0.34372393 0.88851738],48,-1,-1,1,-1
48138,[0.36212647 0.83658467],48,12,"[0.3169063637449832, 0.8033325636066986]",1,4
48139,[0.31475744 0.82655225],48,12,"[0.3169063637449832, 0.8033325636066986]",1,-1
48140,[0.31182574 0.81627731],48,12,"[0.3169063637449832, 0.8033325636066986]",1,-1
48141,[0.31064346 0.80283421],48,12,"[0.3169063637449832, 0.8033325636066986]",1,-1
48142,[0.41162033 0.82570524],48,-1,-1,1,-1
48143,[0.34389575 0.74782049],48,12,"[0.3169063637449832, 0.8033325636066986]",1,-1
48144,[0.29769482 0.87099404],48,-1,-1,1,-1
48145,[0.419804   0.81178801],48,-1,-1,1,-1
48146,[0.35027636 0.79863044],48,12,"[0.3169063637449832, 0.8033325636066986]",1,-1
48147,[0.31756765 0.89380172],48,-1,-1,1,-1
48148,[0.34555426 0.82612636],48,12,"[0.3169063637449832, 0.8033325636066986]",1,-1
48149,[0.40419585 0.76611573],48,47,"[0.4308417820697566, 0.7426361553548808]",1,-1
48150,[0.32931442 0.9495009 ],48,-1,-1,-1,-1
48151,[0.36729418 0.88111   ],48,-1,-1,1,-1
48152,[0.41100632 0.88009498],48,-1,-1,1,-1
48153,[0.3613859  0.86560179],48,-1,-1,1,-1
48154,[0.36766531 0.86698719],48,-1,-1,1,-1
48155,[0.24413951 0.89168182],48,-1,-1,1,-1
48156,[0.28742816 0.83784474],48,12,"[0.3169063637449832, 0.8033325636066986]",1,-1
48157,[0.339229   0.77560221],48,12,"[0.3169063637449832, 0.8033325636066986]",1,-1
48158,[0.32198286 0.85690608],48,12,"[0.3169063637449832, 0.8033325636066986]",1,-1
48159,[0.44831122 0.85350344],48,-1,-1,1,-1
48160,[0.25702211 0.76537236],48,24,"[0.2219823769694232, 0.7523883708842017]",1,-1
48161,[0.34074805 0.8054654 ],48,12,"[0.3169063637449832, 0.8033325636066986]",1,-1
48162,[0.30266253 0.83641812],48,12,"[0.3169063637449832, 0.8033325636066986]",1,-1
48163,[0.21049227 0.82920753],48,38,"[0.1833808871148498, 0.824806751753795]",1,-1
48164,[0.35926482 0.88326411],48,-1,-1,1,-1
48165,[0.38300416 0.72245309],48,47,"[0.4308417820697566, 0.7426361553548808]",1,-1
48166,[0.3257811  0.81595304],48,12,"[0.3169063637449832, 0.8033325636066986]",1,-1
48167,[0.32659639 0.7494234 ],48,12,"[0.3169063637449832, 0.8033325636066986]",1,-1
48168,[0.2922444  0.82885068],48,12,"[0.3169063637449832, 0.8033325636066986]",1,-1
48169,[0.26798065 0.78319356],48,12,"[0.3169063637449832, 0.8033325636066986]",1,-1
48170,[0.3935852  0.86583101],48,-1,-1,1,-1
48171,[0.3213818  0.84661291],48,12,"[0.3169063637449832, 0.8033325636066986]",1,-1
48172,[0.2015699  0.90622362],48,-1,-1,-1,-1
48173,[0.25680082 0.8445717 ],48,-1,-1,1,-1
48174,[0.28151435 0.81596267],48,12,"[0.3169063637449832, 0.8033325636066986]",1,-1
48175,[0.30451842 0.93902828],48,-1,-1,1,-1
48176,[0.36831868 0.87038477],48,-1,-1,1,-1
48177,[0.41756233 0.78730215],48,47,"[0.4308417820697566, 0.7426361553548808]",1,-1
48178,[0.36702793 0.82260636],48,12,"[0.3169063637449832, 0.8033325636066986]",1,-1
48179,[0.33178238 0.88305183],48,-1,-1,1,-1
48180,[0.39111726 0.79620217],48,47,"[0.4308417820697566, 0.7426361553548808]",1,-1
48181,[0.40283382 0.75513949],48,47,"[0.4308417820697566, 0.7426361553548808]",1,-1
48182,[0.36533717 0.76518691],48,12,"[0.3169063637449832, 0.8033325636066986]",1,-1
48183,[0.39583591 0.82576729],48,-1,-1,1,-1
48184,[0.3248563 0.8530312],48,12,"[0.3169063637449832, 0.8033325636066986]",1,-1
48185,[0.33726651 0.85891986],48,12,"[0.3169063637449832, 0.8033325636066986]",1,-1
48186,[0.24672428 0.87270831],48,-1,-1,1,-1
48187,[0.2747083  0.77067036],48,12,"[0.3169063637449832, 0.8033325636066986]",1,-1
48188,[0.30285122 0.83262926],48,12,"[0.3169063637449832, 0.8033325636066986]",1,-1
48189,[0.31287094 0.80432096],48,12,"[0.3169063637449832, 0.8033325636066986]",1,-1
48190,[0.31907176 0.79601722],48,12,"[0.3169063637449832, 0.8033325636066986]",1,-1
48191,[0.39168137 0.78002807],48,47,"[0.4308417820697566, 0.7426361553548808]",1,-1
48192,[0.30889174 0.93301292],48,-1,-1,1,-1
48193,[0.43959471 0.84632533],48,-1,-1,1,-1
48194,[0.36925489 0.84925411],48,12,"[0.3169063637449832, 0.8033325636066986]",1,-1
48195,[0.32935844 0.76532241],48,12,"[0.3169063637449832, 0.8033325636066986]",1,-1
48196,[0.32344884 0.86711634],48,12,"[0.3169063637449832, 0.8033325636066986]",1,-1
48197,[0.45412485 0.93142152],48,-1,-1,-1,-1
48198,[0.42392436 0.93722886],48,-1,-1,-1,-1
48199,[0.31862521 0.82966123],48,12,"[0.3169063637449832, 0.8033325636066986]",1,-1
48200,[0.38130453 0.76740867],48,47,"[0.4308417820697566, 0.7426361553548808]",1,-1
48201,[0.33932099 0.82827501],48,12,"[0.3169063637449832, 0.8033325636066986]",1,-1
48202,[0.3222188  0.78142202],48,12,"[0.3169063637449832, 0.8033325636066986]",1,-1
48203,[0.34285576 0.87787207],48,-1,-1,1,-1
48204,[0.31282785 0.93297334],48,-1,-1,1,-1
48205,[0.33727467 0.88766793],48,-1,-1,1,-1
48206,[0.35042731 0.80955222],48,12,"[0.3169063637449832, 0.8033325636066986]",1,-1
48207,[0.40350194 0.86422741],48,-1,-1,1,-1
48208,[0.43626691 0.87615098],48,-1,-1,1,-1
48209,[0.29051241 0.84545234],48,12,"[0.3169063637449832, 0.8033325636066986]",1,-1
48210,[0.39840254 0.88222259],48,-1,-1,1,-1
48211,[0.44763703 0.78667356],48,47,"[0.4308417820697566, 0.7426361553548808]",1,-1
48212,[0.33453613 0.80248286],48,12,"[0.3169063637449832, 0.8033325636066986]",1,-1
48213,[0.31965376 0.75110969],48,12,"[0.3169063637449832, 0.8033325636066986]",1,-1
48214,[0.38507386 0.85480461],48,-1,-1,1,-1
48215,[0.41441545 0.89518439],48,-1,-1,1,-1
48216,[0.2377707  0.87848396],48,-1,-1,1,-1
48217,[0.31897038 0.79173371],48,12,"[0.3169063637449832, 0.8033325636066986]",1,-1
48218,[0.31484356 0.88423242],48,-1,-1,1,-1
48219,[0.25966016 0.75244889],48,24,"[0.2219823769694232, 0.7523883708842017]",1,-1
48220,[0.32270736 0.82529588],48,12,"[0.3169063637449832, 0.8033325636066986]",1,-1
48221,[0.27756577 0.77548352],48,12,"[0.3169063637449832, 0.8033325636066986]",1,-1
48222,[0.31922229 0.78935038],48,12,"[0.3169063637449832, 0.8033325636066986]",1,-1
48223,[0.41646995 0.75936017],48,47,"[0.4308417820697566, 0.7426361553548808]",1,-1
48224,[0.43520908 0.81374201],48,-1,-1,1,-1
48225,[0.31817296 0.7691686 ],48,12,"[0.3169063637449832, 0.8033325636066986]",1,-1
48226,[0.30640843 0.95206806],48,-1,-1,1,-1
48227,[0.36191822 0.72897171],48,19,"[0.3585209611110644, 0.671407469606326]",1,-1
48228,[0.31571539 0.81921328],48,12,"[0.3169063637449832, 0.8033325636066986]",1,-1
48229,[0.35858509 0.80255324],48,12,"[0.3169063637449832, 0.8033325636066986]",1,-1
48230,[0.29941932 0.90269245],48,-1,-1,1,-1
48231,[0.37701752 0.90612014],48,-1,-1,1,-1
48232,[0.37633607 0.85466493],48,-1,-1,1,-1
48233,[0.3520744  0.82294491],48,12,"[0.3169063637449832, 0.8033325636066986]",1,-1
48234,[0.35957469 0.76884992],48,12,"[0.3169063637449832, 0.8033325636066986]",1,-1
48235,[0.38518038 0.8094443 ],48,12,"[0.3169063637449832, 0.8033325636066986]",1,-1
48236,[0.37452538 0.79135807],48,12,"[0.3169063637449832, 0.8033325636066986]",1,-1
48237,[0.32650515 0.78092726],48,12,"[0.3169063637449832, 0.8033325636066986]",1,-1
48238,[0.29710808 0.83284876],48,12,"[0.3169063637449832, 0.8033325636066986]",1,-1
48239,[0.40792736 0.80722839],48,47,"[0.4308417820697566, 0.7426361553548808]",1,-1
48240,[0.28927816 0.79665467],48,12,"[0.3169063637449832, 0.8033325636066986]",1,-1
48241,[0.30004828 0.87647123],48,-1,-1,1,-1
48242,[0.3823181  0.85075094],48,-1,-1,1,-1
48243,[0.27397408 0.91770024],48,-1,-1,1,-1
48244,[0.36827587 0.80424259],48,12,"[0.3169063637449832, 0.8033325636066986]",1,-1
48245,[0.32300131 0.82365289],48,12,"[0.3169063637449832, 0.8033325636066986]",1,-1
48246,[0.39333804 0.79319375],48,47,"[0.4308417820697566, 0.7426361553548808]",1,-1
48247,[0.33359403 0.73593954],48,19,"[0.3585209611110644, 0.671407469606326]",1,-1
48248,[0.32818142 0.8118198 ],48,12,"[0.3169063637449832, 0.8033325636066986]",1,-1
48249,[0.31658414 0.77955619],48,12,"[0.3169063637449832, 0.8033325636066986]",1,-1
48250,[0.34243741 0.92097284],48,-1,-1,1,-1
48251,[0.3693383  0.77276433],48,12,"[0.3169063637449832, 0.8033325636066986]",1,-1
48252,[0.28307438 0.82153417],48,12,"[0.3169063637449832, 0.8033325636066986]",1,-1
48253,[0.39780965 0.77250792],48,47,"[0.4308417820697566, 0.7426361553548808]",1,-1
48254,[0.33706294 0.81539346],48,12,"[0.3169063637449832, 0.8033325636066986]",1,-1
48255,[0.37768677 0.75422808],48,47,"[0.4308417820697566, 0.7426361553548808]",1,-1
48256,[0.36682562 0.80627152],48,12,"[0.3169063637449832, 0.8033325636066986]",1,-1
48257,[0.34030567 0.91669609],48,-1,-1,1,-1
48258,[0.23974468 0.70837071],48,8,"[0.26852263019242567, 0.6890353589332484]",1,-1
48259,[0.42873119 0.88436142],48,-1,-1,1,-1
48260,[0.36381829 0.83953233],48,12,"[0.3169063637449832, 0.8033325636066986]",1,4
48261,[0.24930602 0.88814901],48,-1,-1,1,-1
48262,[0.37682615 0.85152926],48,-1,-1,1,-1
48263,[0.30219201 0.84524794],48,12,"[0.3169063637449832, 0.8033325636066986]",1,-1
48264,[0.3120174  0.80861303],48,12,"[0.3169063637449832, 0.8033325636066986]",1,-1
48265,[0.35443769 0.8968788 ],48,-1,-1,1,-1
48266,[0.32439633 0.8013285 ],48,12,"[0.3169063637449832, 0.8033325636066986]",1,-1
48267,[0.32376885 0.78215053],48,12,"[0.3169063637449832, 0.8033325636066986]",1,-1
48268,[0.31532122 0.78898983],48,12,"[0.3169063637449832, 0.8033325636066986]",1,-1
48269,[0.40387746 0.86250265],48,-1,-1,1,-1
48270,[0.33112393 0.762798  ],48,12,"[0.3169063637449832, 0.8033325636066986]",1,-1
48271,[0.28074669 0.81376948],48,12,"[0.3169063637449832, 0.8033325636066986]",1,-1
48272,[0.34494909 0.82611604],48,12,"[0.3169063637449832, 0.8033325636066986]",1,-1
48273,[0.29329337 0.82338983],48,12,"[0.3169063637449832, 0.8033325636066986]",1,-1
48274,[0.29721039 0.8602095 ],48,12,"[0.3169063637449832, 0.8033325636066986]",1,-1
48275,[0.31005501 0.82244913],48,12,"[0.3169063637449832, 0.8033325636066986]",1,-1
48276,[0.28182634 0.88710643],48,-1,-1,1,-1
48277,[0.32921434 0.84203682],48,12,"[0.3169063637449832, 0.8033325636066986]",1,-1
48278,[0.35876793 0.88006809],48,-1,-1,1,-1
48279,[0.33662656 0.83396924],48,12,"[0.3169063637449832, 0.8033325636066986]",1,-1
48280,[0.38876609 0.84549809],48,-1,-1,1,-1
48281,[0.37956873 0.85561941],48,-1,-1,1,-1
48282,[0.35806813 0.79368063],48,12,"[0.3169063637449832, 0.8033325636066986]",1,-1
48283,[0.33958065 0.87068348],48,-1,-1,1,-1
48284,[0.3494965  0.78512251],48,12,"[0.3169063637449832, 0.8033325636066986]",1,-1
48285,[0.32685623 0.86038835],48,12,"[0.3169063637449832, 0.8033325636066986]",1,-1
48286,[0.3214117  0.80838283],48,12,"[0.3169063637449832, 0.8033325636066986]",1,-1
48287,[0.3382372  0.76930068],48,12,"[0.3169063637449832, 0.8033325636066986]",1,-1
48288,[0.26951047 0.83692826],48,12,"[0.3169063637449832, 0.8033325636066986]",1,-1
48289,[0.34669421 0.83903783],48,12,"[0.3169063637449832, 0.8033325636066986]",1,-1
48290,[0.37939942 0.96097157],48,-1,-1,-1,-1
48291,[0.40465805 0.75480261],48,47,"[0.4308417820697566, 0.7426361553548808]",1,-1
48292,[0.37217759 0.89292914],48,-1,-1,1,-1
48293,[0.31496299 0.87761997],48,-1,-1,1,-1
48294,[0.45782056 0.82893393],48,-1,-1,-1,-1
48295,[0.28997417 0.78965787],48,12,"[0.3169063637449832, 0.8033325636066986]",1,-1
48296,[0.39873455 0.84068185],48,-1,-1,1,-1
48297,[0.35579939 0.8411169 ],48,12,"[0.3169063637449832, 0.8033325636066986]",1,-1
48298,[0.28203252 0.78532924],48,12,"[0.3169063637449832, 0.8033325636066986]",1,-1
48299,[0.29929897 0.84127882],48,12,"[0.3169063637449832, 0.8033325636066986]",1,-1
48300,[0.39907357 0.88539193],48,-1,-1,1,-1
48301,[0.3748538  0.77545478],48,12,"[0.3169063637449832, 0.8033325636066986]",1,-1
48302,[0.377985   0.83685443],48,12,"[0.3169063637449832, 0.8033325636066986]",1,-1
48303,[0.34236692 0.82194118],48,12,"[0.3169063637449832, 0.8033325636066986]",1,-1
48304,[0.36860402 0.80529959],48,12,"[0.3169063637449832, 0.8033325636066986]",1,-1
48305,[0.27723217 0.8301661 ],48,12,"[0.3169063637449832, 0.8033325636066986]",1,-1
48306,[0.39014997 0.75000101],48,47,"[0.4308417820697566, 0.7426361553548808]",1,-1
48307,[0.29541271 0.78382278],48,12,"[0.3169063637449832, 0.8033325636066986]",1,-1
48308,[0.38056344 0.81607929],48,12,"[0.3169063637449832, 0.8033325636066986]",1,-1
48309,[0.32806215 0.77264408],48,12,"[0.3169063637449832, 0.8033325636066986]",1,-1
48310,[0.38305117 0.79017768],48,47,"[0.4308417820697566, 0.7426361553548808]",1,-1
48311,[0.35552344 0.869597  ],48,-1,-1,1,-1
48312,[0.24569198 0.87855242],48,-1,-1,1,-1
48313,[0.43838619 0.85345287],48,-1,-1,1,-1
48314,[0.38491206 0.86646582],48,-1,-1,1,-1
48315,[0.39320663 0.93820259],48,-1,-1,-1,-1
48316,[0.29260151 0.85899723],48,12,"[0.3169063637449832, 0.8033325636066986]",1,-1
48317,[0.35015243 0.84382291],48,12,"[0.3169063637449832, 0.8033325636066986]",1,-1
48318,[0.38215347 0.81238177],48,12,"[0.3169063637449832, 0.8033325636066986]",1,-1
48319,[0.29074805 0.8632884 ],48,12,"[0.3169063637449832, 0.8033325636066986]",1,-1
48320,[0.34209181 0.85020773],48,12,"[0.3169063637449832, 0.8033325636066986]",1,-1
48321,[0.30812459 0.81664291],48,12,"[0.3169063637449832, 0.8033325636066986]",1,-1
48322,[0.42940883 0.84900466],48,-1,-1,1,-1
48323,[0.41646676 0.83600844],48,-1,-1,1,-1
48324,[0.27996897 0.8252184 ],48,12,"[0.3169063637449832, 0.8033325636066986]",1,-1
48325,[0.35003757 0.81923996],48,12,"[0.3169063637449832, 0.8033325636066986]",1,-1
48326,[0.27132799 0.86752583],48,-1,-1,1,-1
48327,[0.39950274 0.82293362],48,-1,-1,1,-1
48328,[0.36555635 0.85668327],48,-1,-1,1,-1
48329,[0.32847979 0.82325643],48,12,"[0.3169063637449832, 0.8033325636066986]",1,-1
48330,[0.30318081 0.87204982],48,-1,-1,1,-1
48331,[0.34346923 0.83755341],48,12,"[0.3169063637449832, 0.8033325636066986]",1,-1
48332,[0.3170998  0.89620869],48,-1,-1,1,-1
48333,[0.26448218 0.83156404],48,12,"[0.3169063637449832, 0.8033325636066986]",1,-1
48334,[0.34451577 0.68510028],48,19,"[0.3585209611110644, 0.671407469606326]",1,-1
48335,[0.38649004 0.87027694],48,-1,-1,1,-1
48336,[0.37352077 0.91868731],48,-1,-1,1,-1
48337,[0.35089652 0.79487751],48,12,"[0.3169063637449832, 0.8033325636066986]",1,-1
48338,[0.35581964 0.74881197],48,12,"[0.3169063637449832, 0.8033325636066986]",1,-1
48339,[0.37031222 0.75052241],48,47,"[0.4308417820697566, 0.7426361553548808]",1,-1
48340,[0.32645688 0.7930564 ],48,12,"[0.3169063637449832, 0.8033325636066986]",1,-1
48341,[0.33481423 0.93025863],48,-1,-1,1,-1
48342,[0.32098236 0.76118004],48,12,"[0.3169063637449832, 0.8033325636066986]",1,-1
48343,[0.34239385 0.79779507],48,12,"[0.3169063637449832, 0.8033325636066986]",1,-1
48344,[0.33349452 0.81098379],48,12,"[0.3169063637449832, 0.8033325636066986]",1,-1
48345,[0.28768989 0.78003234],48,12,"[0.3169063637449832, 0.8033325636066986]",1,-1
48346,[0.3268588  0.92532909],48,-1,-1,1,-1
48347,[0.37572342 0.88541532],48,-1,-1,1,-1
48348,[0.29203676 0.92036967],48,-1,-1,1,-1
48349,[0.3420018  0.82255679],48,12,"[0.3169063637449832, 0.8033325636066986]",1,-1
48350,[0.29645309 0.8095091 ],48,12,"[0.3169063637449832, 0.8033325636066986]",1,-1
48351,[0.28443628 0.7873717 ],48,12,"[0.3169063637449832, 0.8033325636066986]",1,-1
48352,[0.36546989 0.86848838],48,-1,-1,1,-1
48353,[0.38667738 0.78414139],48,47,"[0.4308417820697566, 0.7426361553548808]",1,-1
48354,[0.2393271  0.81754294],48,38,"[0.1833808871148498, 0.824806751753795]",1,-1
48355,[0.26319772 0.89488025],48,-1,-1,1,-1
48356,[0.38656408 0.74758989],48,47,"[0.4308417820697566, 0.7426361553548808]",1,-1
48357,[0.34174592 0.85218372],48,12,"[0.3169063637449832, 0.8033325636066986]",1,-1
48358,[0.34005756 0.83804646],48,12,"[0.3169063637449832, 0.8033325636066986]",1,-1
48359,[0.43563251 0.82373325],48,-1,-1,1,-1
48360,[0.38618096 0.80125087],48,12,"[0.3169063637449832, 0.8033325636066986]",1,-1
48361,[0.3020078  0.86872359],48,12,"[0.3169063637449832, 0.8033325636066986]",1,-1
48362,[0.38132128 0.85797949],48,-1,-1,1,-1
48363,[0.36527922 0.89745429],48,-1,-1,1,-1
48364,[0.33846936 0.80565559],48,12,"[0.3169063637449832, 0.8033325636066986]",1,-1
48365,[0.40792571 0.82078168],48,-1,-1,1,-1
48366,[0.3706987  0.84424958],48,12,"[0.3169063637449832, 0.8033325636066986]",1,4
48367,[0.33125556 0.86285178],48,12,"[0.3169063637449832, 0.8033325636066986]",1,-1
48368,[0.36507166 0.802767  ],48,12,"[0.3169063637449832, 0.8033325636066986]",1,-1
48369,[0.38081652 0.88325932],48,-1,-1,1,-1
48370,[0.4132004  0.77316847],48,47,"[0.4308417820697566, 0.7426361553548808]",1,-1
48371,[0.32962252 0.83574823],48,12,"[0.3169063637449832, 0.8033325636066986]",1,-1
48372,[0.32496348 0.88019959],48,-1,-1,1,-1
48373,[0.31180877 0.88532976],48,-1,-1,1,-1
48374,[0.27503349 0.81332818],48,12,"[0.3169063637449832, 0.8033325636066986]",1,-1
48375,[0.3490289  0.73792802],48,19,"[0.3585209611110644, 0.671407469606326]",1,-1
48376,[0.33401215 0.7932452 ],48,12,"[0.3169063637449832, 0.8033325636066986]",1,-1
48377,[0.39092702 0.79002544],48,47,"[0.4308417820697566, 0.7426361553548808]",1,-1
48378,[0.33764586 0.8667693 ],48,12,"[0.3169063637449832, 0.8033325636066986]",1,-1
48379,[0.33655323 0.86233946],48,12,"[0.3169063637449832, 0.8033325636066986]",1,-1
48380,[0.33537764 0.90334526],48,-1,-1,1,-1
48381,[0.36235606 0.78416241],48,12,"[0.3169063637449832, 0.8033325636066986]",1,-1
48382,[0.25411668 0.86883528],48,-1,-1,1,-1
48383,[0.40383227 0.77152416],48,47,"[0.4308417820697566, 0.7426361553548808]",1,-1
48384,[0.27137873 0.74570859],48,24,"[0.2219823769694232, 0.7523883708842017]",1,-1
48385,[0.36308567 0.92402549],48,-1,-1,1,-1
48386,[0.294107  0.7584958],48,12,"[0.3169063637449832, 0.8033325636066986]",1,-1
48387,[0.4037489  0.72358641],48,47,"[0.4308417820697566, 0.7426361553548808]",1,-1
48388,[0.37170829 0.82983683],48,12,"[0.3169063637449832, 0.8033325636066986]",1,-1
48389,[0.33390706 0.8120997 ],48,12,"[0.3169063637449832, 0.8033325636066986]",1,-1
48390,[0.34291    0.79771585],48,12,"[0.3169063637449832, 0.8033325636066986]",1,-1
48391,[0.34645659 0.86949362],48,-1,-1,1,-1
48392,[0.35296959 0.76350183],48,12,"[0.3169063637449832, 0.8033325636066986]",1,-1
48393,[0.32086631 0.85029674],48,12,"[0.3169063637449832, 0.8033325636066986]",1,-1
48394,[0.34894551 0.79221196],48,12,"[0.3169063637449832, 0.8033325636066986]",1,-1
48395,[0.43059965 0.85794803],48,-1,-1,1,-1
48396,[0.35403258 0.84874948],48,12,"[0.3169063637449832, 0.8033325636066986]",1,-1
48397,[0.37247706 0.82528188],48,12,"[0.3169063637449832, 0.8033325636066986]",1,-1
48398,[0.33414711 0.92744576],48,-1,-1,1,-1
48399,[0.29473425 0.78633111],48,12,"[0.3169063637449832, 0.8033325636066986]",1,-1
48400,[0.24339745 0.956596  ],48,-1,-1,-1,-1
48401,[0.35102545 0.83477866],48,12,"[0.3169063637449832, 0.8033325636066986]",1,-1
48402,[0.38455741 0.73511323],48,47,"[0.4308417820697566, 0.7426361553548808]",1,-1
48403,[0.41509798 0.72993364],48,47,"[0.4308417820697566, 0.7426361553548808]",1,-1
48404,[0.29994046 0.86331594],48,12,"[0.3169063637449832, 0.8033325636066986]",1,-1
48405,[0.36032134 0.85949827],48,-1,-1,1,-1
48406,[0.39141283 0.74284843],48,47,"[0.4308417820697566, 0.7426361553548808]",1,-1
48407,[0.3556726  0.81895606],48,12,"[0.3169063637449832, 0.8033325636066986]",1,-1
48408,[0.3765064  0.86433544],48,-1,-1,1,-1
48409,[0.36473017 0.77439686],48,12,"[0.3169063637449832, 0.8033325636066986]",1,-1
48410,[0.40401245 0.7868022 ],48,47,"[0.4308417820697566, 0.7426361553548808]",1,-1
48411,[0.32408415 0.72580988],48,19,"[0.3585209611110644, 0.671407469606326]",1,-1
48412,[0.35172089 0.83968581],48,12,"[0.3169063637449832, 0.8033325636066986]",1,-1
48413,[0.33031303 0.85843208],48,12,"[0.3169063637449832, 0.8033325636066986]",1,-1
48414,[0.42110238 0.87876978],48,-1,-1,1,-1
48415,[0.29775459 0.81052774],48,12,"[0.3169063637449832, 0.8033325636066986]",1,-1
48416,[0.28307229 0.81152741],48,12,"[0.3169063637449832, 0.8033325636066986]",1,-1
48417,[0.33019108 0.78135772],48,12,"[0.3169063637449832, 0.8033325636066986]",1,-1
48418,[0.37118281 0.81789892],48,12,"[0.3169063637449832, 0.8033325636066986]",1,-1
48419,[0.33915465 0.8359702 ],48,12,"[0.3169063637449832, 0.8033325636066986]",1,-1
48420,[0.38869731 0.80885047],48,-1,-1,1,-1
48421,[0.402237 0.814479],48,-1,-1,1,-1
48422,[0.28393965 0.82679818],48,12,"[0.3169063637449832, 0.8033325636066986]",1,-1
48423,[0.35339028 0.89973589],48,-1,-1,1,-1
48424,[0.40752856 0.85720089],48,-1,-1,1,-1
48425,[0.35509039 0.79589957],48,12,"[0.3169063637449832, 0.8033325636066986]",1,-1
48426,[0.34173101 0.89924688],48,-1,-1,1,-1
48427,[0.337645   0.74984223],48,12,"[0.3169063637449832, 0.8033325636066986]",1,-1
48428,[0.32982441 0.71317   ],48,19,"[0.3585209611110644, 0.671407469606326]",1,-1
48429,[0.2901309  0.92349678],48,-1,-1,1,-1
48430,[0.30731279 0.75129279],48,12,"[0.3169063637449832, 0.8033325636066986]",1,-1
48431,[0.35700055 0.88785724],48,-1,-1,1,-1
48432,[0.30570013 0.88867149],48,-1,-1,1,-1
48433,[0.31895084 0.74752182],48,12,"[0.3169063637449832, 0.8033325636066986]",1,-1
48434,[0.36311278 0.78186205],48,12,"[0.3169063637449832, 0.8033325636066986]",1,-1
48435,[0.31206383 0.93658847],48,-1,-1,1,-1
48436,[0.30592706 0.83994504],48,12,"[0.3169063637449832, 0.8033325636066986]",1,-1
48437,[0.42496504 0.88736887],48,-1,-1,1,-1
48438,[0.36876874 0.78982892],48,12,"[0.3169063637449832, 0.8033325636066986]",1,-1
48439,[0.26065046 0.83531961],48,12,"[0.3169063637449832, 0.8033325636066986]",1,-1
48440,[0.3082769  0.77798855],48,12,"[0.3169063637449832, 0.8033325636066986]",1,-1
48441,[0.39836321 0.89218709],48,-1,-1,1,-1
48442,[0.32724409 0.89910141],48,-1,-1,1,-1
48443,[0.4090979 0.860338 ],48,-1,-1,1,-1
48444,[0.28238688 0.86933177],48,-1,-1,1,-1
48445,[0.37588301 0.78899346],48,12,"[0.3169063637449832, 0.8033325636066986]",1,-1
48446,[0.28484486 0.7843259 ],48,12,"[0.3169063637449832, 0.8033325636066986]",1,-1
48447,[0.28474149 0.85836827],48,12,"[0.3169063637449832, 0.8033325636066986]",1,-1
48448,[0.43527865 0.87092646],48,-1,-1,1,-1
48449,[0.30153005 0.84164509],48,12,"[0.3169063637449832, 0.8033325636066986]",1,-1
48450,[0.27338933 0.89124204],48,-1,-1,1,-1
48451,[0.38096932 0.80286529],48,12,"[0.3169063637449832, 0.8033325636066986]",1,-1
48452,[0.37019292 0.78092172],48,12,"[0.3169063637449832, 0.8033325636066986]",1,-1
48453,[0.35170811 0.79667798],48,12,"[0.3169063637449832, 0.8033325636066986]",1,-1
48454,[0.31604696 0.75111079],48,12,"[0.3169063637449832, 0.8033325636066986]",1,-1
48455,[0.36643629 0.82022136],48,12,"[0.3169063637449832, 0.8033325636066986]",1,-1
48456,[0.30934311 0.87495347],48,-1,-1,1,-1
48457,[0.38870148 0.84644906],48,-1,-1,1,-1
48458,[0.39745888 0.85382404],48,-1,-1,1,-1
48459,[0.31316432 0.86409969],48,12,"[0.3169063637449832, 0.8033325636066986]",1,-1
48460,[0.31090063 0.91116949],48,-1,-1,1,-1
48461,[0.32710941 0.81588821],48,12,"[0.3169063637449832, 0.8033325636066986]",1,-1
48462,[0.39342954 0.84039113],48,-1,-1,1,-1
48463,[0.33557506 0.8387921 ],48,12,"[0.3169063637449832, 0.8033325636066986]",1,-1
48464,[0.28997307 0.86117711],48,12,"[0.3169063637449832, 0.8033325636066986]",1,-1
48465,[0.3455077  0.84726186],48,12,"[0.3169063637449832, 0.8033325636066986]",1,-1
48466,[0.46300194 0.76306493],48,47,"[0.4308417820697566, 0.7426361553548808]",1,-1
48467,[0.38789352 0.80850708],48,-1,-1,1,-1
48468,[0.32864829 0.88067501],48,-1,-1,1,-1
48469,[0.3724946  0.83484686],48,12,"[0.3169063637449832, 0.8033325636066986]",1,4
48470,[0.32192348 0.79781337],48,12,"[0.3169063637449832, 0.8033325636066986]",1,-1
48471,[0.31112849 0.879349  ],48,-1,-1,1,-1
48472,[0.33818594 0.80818613],48,12,"[0.3169063637449832, 0.8033325636066986]",1,-1
48473,[0.35843721 0.8791093 ],48,-1,-1,1,-1
48474,[0.36804376 0.8669634 ],48,-1,-1,1,-1
48475,[0.31905585 0.78409328],48,12,"[0.3169063637449832, 0.8033325636066986]",1,-1
48476,[0.39375418 0.8433587 ],48,-1,-1,1,-1
48477,[0.38732213 0.6977894 ],48,19,"[0.3585209611110644, 0.671407469606326]",1,-1
48478,[0.42012522 0.82260947],48,-1,-1,1,-1
48479,[0.39726114 0.87946956],48,-1,-1,1,-1
48480,[0.23247502 0.84839538],48,38,"[0.1833808871148498, 0.824806751753795]",1,-1
48481,[0.36070406 0.74021025],48,19,"[0.3585209611110644, 0.671407469606326]",1,-1
48482,[0.38701915 0.81050735],48,-1,-1,1,-1
48483,[0.44983325 0.75369839],48,47,"[0.4308417820697566, 0.7426361553548808]",1,-1
48484,[0.38827723 0.83846889],48,-1,-1,1,-1
48485,[0.35629552 0.77292326],48,12,"[0.3169063637449832, 0.8033325636066986]",1,-1
48486,[0.40821818 0.83276716],48,-1,-1,1,-1
48487,[0.34930708 0.9311385 ],48,-1,-1,1,-1
48488,[0.32893032 0.77550354],48,12,"[0.3169063637449832, 0.8033325636066986]",1,-1
48489,[0.35976779 0.83857595],48,12,"[0.3169063637449832, 0.8033325636066986]",1,4
48490,[0.33035597 0.82081102],48,12,"[0.3169063637449832, 0.8033325636066986]",1,-1
48491,[0.35653984 0.87955085],48,-1,-1,1,-1
48492,[0.33509921 0.79987431],48,12,"[0.3169063637449832, 0.8033325636066986]",1,-1
48493,[0.33578309 0.83506354],48,12,"[0.3169063637449832, 0.8033325636066986]",1,-1
48494,[0.34619289 0.81592111],48,12,"[0.3169063637449832, 0.8033325636066986]",1,-1
48495,[0.44046097 0.94721392],48,-1,-1,-1,-1
48496,[0.4815273  0.81889272],48,-1,-1,1,-1
48497,[0.29493934 0.81371339],48,12,"[0.3169063637449832, 0.8033325636066986]",1,-1
48498,[0.42524078 0.82587333],48,-1,-1,1,-1
48499,[0.47120509 0.81311037],48,-1,-1,1,-1
48500,[0.41872123 0.82005986],48,-1,-1,1,-1
48501,[0.28473211 0.76901909],48,12,"[0.3169063637449832, 0.8033325636066986]",1,-1
48502,[0.42746161 0.89369496],48,-1,-1,1,-1
48503,[0.44989909 0.77182523],48,47,"[0.4308417820697566, 0.7426361553548808]",1,-1
48504,[0.3199801  0.79766904],48,12,"[0.3169063637449832, 0.8033325636066986]",1,-1
48505,[0.27957371 0.83404175],48,12,"[0.3169063637449832, 0.8033325636066986]",1,-1
48506,[0.34351445 0.79404482],48,12,"[0.3169063637449832, 0.8033325636066986]",1,-1
48507,[0.42210257 0.81828546],48,-1,-1,1,-1
48508,[0.42583117 0.72844917],48,47,"[0.4308417820697566, 0.7426361553548808]",1,-1
48509,[0.39975038 0.86317567],48,-1,-1,1,-1
48510,[0.25101984 0.78630411],48,24,"[0.2219823769694232, 0.7523883708842017]",1,-1
48511,[0.42410569 0.76919707],48,47,"[0.4308417820697566, 0.7426361553548808]",1,-1
48512,[0.35057774 0.81457756],48,12,"[0.3169063637449832, 0.8033325636066986]",1,-1
48513,[0.25307449 0.80822185],48,24,"[0.2219823769694232, 0.7523883708842017]",1,-1
48514,[0.33120602 0.82478545],48,12,"[0.3169063637449832, 0.8033325636066986]",1,-1
48515,[0.31709953 0.84233203],48,12,"[0.3169063637449832, 0.8033325636066986]",1,-1
48516,[0.39825968 0.77479351],48,47,"[0.4308417820697566, 0.7426361553548808]",1,-1
48517,[0.30325104 0.8353954 ],48,12,"[0.3169063637449832, 0.8033325636066986]",1,-1
48518,[0.34634666 0.81468003],48,12,"[0.3169063637449832, 0.8033325636066986]",1,-1
48519,[0.40133069 0.85938447],48,-1,-1,1,-1
48520,[0.39638725 0.82322041],48,-1,-1,1,-1
48521,[0.40169638 0.85677871],48,-1,-1,1,-1
48522,[0.40925517 0.89492901],48,-1,-1,1,-1
48523,[0.36594637 0.91304324],48,-1,-1,1,-1
48524,[0.35572662 0.81522068],48,12,"[0.3169063637449832, 0.8033325636066986]",1,-1
48525,[0.26925599 0.79107547],48,12,"[0.3169063637449832, 0.8033325636066986]",1,-1
48526,[0.40110382 0.89000436],48,-1,-1,1,-1
48527,[0.28736181 0.82166517],48,12,"[0.3169063637449832, 0.8033325636066986]",1,-1
48528,[0.38590362 0.82231434],48,-1,-1,1,-1
48529,[0.31898739 0.9087732 ],48,-1,-1,1,-1
48530,[0.32793136 0.80396242],48,12,"[0.3169063637449832, 0.8033325636066986]",1,-1
48531,[0.39712073 0.82303107],48,-1,-1,1,-1
48532,[0.48928794 0.83033925],48,-1,-1,1,-1
48533,[0.36668506 0.8252113 ],48,12,"[0.3169063637449832, 0.8033325636066986]",1,-1
48534,[0.28896721 0.88118819],48,-1,-1,1,-1
48535,[0.38941449 0.79939187],48,-1,-1,1,-1
48536,[0.37751326 0.82085001],48,12,"[0.3169063637449832, 0.8033325636066986]",1,-1
48537,[0.32900454 0.8474667 ],48,12,"[0.3169063637449832, 0.8033325636066986]",1,-1
48538,[0.26847844 0.80646613],48,12,"[0.3169063637449832, 0.8033325636066986]",1,-1
48539,[0.32300533 0.89673898],48,-1,-1,1,-1
48540,[0.3112686  0.89914797],48,-1,-1,1,-1
48541,[0.3471435  0.92391753],48,-1,-1,1,-1
48542,[0.20265144 0.87061673],48,38,"[0.1833808871148498, 0.824806751753795]",1,-1
48543,[0.34541394 0.88363349],48,-1,-1,1,-1
48544,[0.35749896 0.87464159],48,-1,-1,1,-1
48545,[0.34193556 0.7516627 ],48,12,"[0.3169063637449832, 0.8033325636066986]",1,-1
48546,[0.35030963 0.75811724],48,12,"[0.3169063637449832, 0.8033325636066986]",1,-1
48547,[0.40882926 0.88973606],48,-1,-1,1,-1
48548,[0.30807825 0.77574362],48,12,"[0.3169063637449832, 0.8033325636066986]",1,-1
48549,[0.37492245 0.76052228],48,47,"[0.4308417820697566, 0.7426361553548808]",1,-1
48550,[0.38532353 0.79165827],48,47,"[0.4308417820697566, 0.7426361553548808]",1,-1
48551,[0.27914733 0.86162586],48,12,"[0.3169063637449832, 0.8033325636066986]",1,-1
48552,[0.36700643 0.76076554],48,12,"[0.3169063637449832, 0.8033325636066986]",1,-1
48553,[0.375261   0.78750402],48,12,"[0.3169063637449832, 0.8033325636066986]",1,-1
48554,[0.28281662 0.76643451],48,12,"[0.3169063637449832, 0.8033325636066986]",1,-1
48555,[0.40197618 0.86668587],48,-1,-1,1,-1
48556,[0.35199477 0.86875216],48,-1,-1,1,-1
48557,[0.32468188 0.8365832 ],48,12,"[0.3169063637449832, 0.8033325636066986]",1,-1
48558,[0.32252141 0.90309331],48,-1,-1,1,-1
48559,[0.33420535 0.77095694],48,12,"[0.3169063637449832, 0.8033325636066986]",1,-1
48560,[0.4118808 0.8570004],48,-1,-1,1,-1
48561,[0.3326263  0.87406307],48,-1,-1,1,-1
48562,[0.27981084 0.878691  ],48,-1,-1,1,-1
48563,[0.37432875 0.86922941],48,-1,-1,1,-1
48564,[0.39623494 0.84672268],48,-1,-1,1,-1
48565,[0.33487376 0.7472211 ],48,12,"[0.3169063637449832, 0.8033325636066986]",1,-1
48566,[0.24526541 0.88135345],48,-1,-1,1,-1
48567,[0.30915323 0.82426189],48,12,"[0.3169063637449832, 0.8033325636066986]",1,-1
48568,[0.30331359 0.84334926],48,12,"[0.3169063637449832, 0.8033325636066986]",1,-1
48569,[0.34501174 0.85803359],48,12,"[0.3169063637449832, 0.8033325636066986]",1,-1
48570,[0.30896529 0.81231488],48,12,"[0.3169063637449832, 0.8033325636066986]",1,-1
48571,[0.36496899 0.83438199],48,12,"[0.3169063637449832, 0.8033325636066986]",1,4
48572,[0.27546595 0.84966037],48,12,"[0.3169063637449832, 0.8033325636066986]",1,-1
48573,[0.2937502  0.78951499],48,12,"[0.3169063637449832, 0.8033325636066986]",1,-1
48574,[0.3245019  0.81530408],48,12,"[0.3169063637449832, 0.8033325636066986]",1,-1
48575,[0.28277261 0.80102996],48,12,"[0.3169063637449832, 0.8033325636066986]",1,-1
48576,[0.41072818 0.82108793],48,-1,-1,1,-1
48577,[0.31767305 0.84042488],48,12,"[0.3169063637449832, 0.8033325636066986]",1,-1
48578,[0.35850938 0.83675739],48,12,"[0.3169063637449832, 0.8033325636066986]",1,4
48579,[0.41605104 0.77698937],48,47,"[0.4308417820697566, 0.7426361553548808]",1,-1
48580,[0.28610337 0.88364656],48,-1,-1,1,-1
48581,[0.36191851 0.71070344],48,19,"[0.3585209611110644, 0.671407469606326]",1,-1
48582,[0.42599809 0.82058686],48,-1,-1,1,-1
48583,[0.29736197 0.83190485],48,12,"[0.3169063637449832, 0.8033325636066986]",1,-1
48584,[0.33355023 0.86145848],48,12,"[0.3169063637449832, 0.8033325636066986]",1,-1
48585,[0.37629689 0.88746114],48,-1,-1,1,-1
48586,[0.4330552  0.80164748],48,47,"[0.4308417820697566, 0.7426361553548808]",1,-1
48587,[0.45171909 0.90615978],48,-1,-1,-1,-1
48588,[0.45024314 0.86179713],48,-1,-1,1,-1
48589,[0.33752783 0.83517382],48,12,"[0.3169063637449832, 0.8033325636066986]",1,-1
48590,[0.30190892 0.83620344],48,12,"[0.3169063637449832, 0.8033325636066986]",1,-1
48591,[0.33386644 0.95079178],48,-1,-1,-1,-1
48592,[0.29971401 0.76670451],48,12,"[0.3169063637449832, 0.8033325636066986]",1,-1
48593,[0.38907682 0.77849968],48,47,"[0.4308417820697566, 0.7426361553548808]",1,-1
48594,[0.32647943 0.74701109],48,12,"[0.3169063637449832, 0.8033325636066986]",1,-1
48595,[0.31607697 0.8605402 ],48,12,"[0.3169063637449832, 0.8033325636066986]",1,-1
48596,[0.34395521 0.91445741],48,-1,-1,1,-1
48597,[0.29908677 0.83388819],48,12,"[0.3169063637449832, 0.8033325636066986]",1,-1
48598,[0.28413887 0.90143416],48,-1,-1,1,-1
48599,[0.35576446 0.87312243],48,-1,-1,1,-1
48600,[0.40229042 0.89260281],48,-1,-1,1,-1
48601,[0.38579554 0.85283814],48,-1,-1,1,-1
48602,[0.32276105 0.85625489],48,12,"[0.3169063637449832, 0.8033325636066986]",1,-1
48603,[0.38964958 0.83409548],48,-1,-1,1,-1
48604,[0.3670803  0.91293709],48,-1,-1,1,-1
48605,[0.33972348 0.87728555],48,-1,-1,1,-1
48606,[0.27460039 0.79093929],48,12,"[0.3169063637449832, 0.8033325636066986]",1,-1
48607,[0.32508621 0.81570415],48,12,"[0.3169063637449832, 0.8033325636066986]",1,-1
48608,[0.41953288 0.84064544],48,-1,-1,1,-1
48609,[0.2606051  0.87410777],48,-1,-1,1,-1
48610,[0.36617632 0.91029014],48,-1,-1,1,-1
48611,[0.38433197 0.83711258],48,-1,-1,1,-1
48612,[0.31016823 0.83398373],48,12,"[0.3169063637449832, 0.8033325636066986]",1,-1
48613,[0.39726524 0.8575321 ],48,-1,-1,1,-1
48614,[0.27037972 0.79492322],48,12,"[0.3169063637449832, 0.8033325636066986]",1,-1
48615,[0.45808015 0.80217879],48,47,"[0.4308417820697566, 0.7426361553548808]",1,-1
48616,[0.26369368 0.71662511],48,8,"[0.26852263019242567, 0.6890353589332484]",1,-1
48617,[0.35828345 0.77657734],48,12,"[0.3169063637449832, 0.8033325636066986]",1,-1
48618,[0.36979434 0.78960162],48,12,"[0.3169063637449832, 0.8033325636066986]",1,-1
48619,[0.30277593 0.85366552],48,12,"[0.3169063637449832, 0.8033325636066986]",1,-1
48620,[0.46063663 0.86077942],48,-1,-1,-1,-1
48621,[0.33729152 0.90019801],48,-1,-1,1,-1
48622,[0.25607791 0.85269688],48,-1,-1,1,-1
48623,[0.28395364 0.78772297],48,12,"[0.3169063637449832, 0.8033325636066986]",1,-1
48624,[0.4117257  0.72831363],48,47,"[0.4308417820697566, 0.7426361553548808]",1,-1
48625,[0.29815699 0.8158523 ],48,12,"[0.3169063637449832, 0.8033325636066986]",1,-1
48626,[0.41686997 0.82516998],48,-1,-1,1,-1
48627,[0.2394645  0.84153693],48,38,"[0.1833808871148498, 0.824806751753795]",1,-1
48628,[0.29919056 0.78354492],48,12,"[0.3169063637449832, 0.8033325636066986]",1,-1
48629,[0.43459924 0.8742102 ],48,-1,-1,1,-1
48630,[0.3710099  0.79050445],48,12,"[0.3169063637449832, 0.8033325636066986]",1,-1
48631,[0.41300262 0.82455604],48,-1,-1,1,-1
48632,[0.26402873 0.89790691],48,-1,-1,1,-1
48633,[0.27998941 0.83037645],48,12,"[0.3169063637449832, 0.8033325636066986]",1,-1
48634,[0.29805158 0.81750691],48,12,"[0.3169063637449832, 0.8033325636066986]",1,-1
48635,[0.24699985 0.83341545],48,38,"[0.1833808871148498, 0.824806751753795]",1,-1
48636,[0.29245841 0.78497582],48,12,"[0.3169063637449832, 0.8033325636066986]",1,-1
48637,[0.35327997 0.80084622],48,12,"[0.3169063637449832, 0.8033325636066986]",1,-1
48638,[0.3931243 0.7877609],48,47,"[0.4308417820697566, 0.7426361553548808]",1,-1
48639,[0.25882397 0.78202056],48,24,"[0.2219823769694232, 0.7523883708842017]",1,-1
48640,[0.3043921  0.90093757],48,-1,-1,1,-1
48641,[0.29995895 0.78291359],48,12,"[0.3169063637449832, 0.8033325636066986]",1,-1
48642,[0.35924413 0.76433274],48,12,"[0.3169063637449832, 0.8033325636066986]",1,-1
48643,[0.37212894 0.84411367],48,12,"[0.3169063637449832, 0.8033325636066986]",1,4
48644,[0.30786707 0.75169572],48,12,"[0.3169063637449832, 0.8033325636066986]",1,-1
48645,[0.37721543 0.89723638],48,-1,-1,1,-1
48646,[0.36628474 0.83585237],48,12,"[0.3169063637449832, 0.8033325636066986]",1,4
48647,[0.3151528  0.85741536],48,12,"[0.3169063637449832, 0.8033325636066986]",1,-1
48648,[0.31260992 0.90185544],48,-1,-1,1,-1
48649,[0.35369072 0.844335  ],48,12,"[0.3169063637449832, 0.8033325636066986]",1,-1
48650,[0.39257422 0.92719824],48,-1,-1,1,-1
48651,[0.36957173 0.83791949],48,12,"[0.3169063637449832, 0.8033325636066986]",1,4
48652,[0.31812153 0.87702323],48,-1,-1,1,-1
48653,[0.35866189 0.83408116],48,12,"[0.3169063637449832, 0.8033325636066986]",1,4
48654,[0.23543096 0.7859078 ],48,24,"[0.2219823769694232, 0.7523883708842017]",1,-1
48655,[0.32720264 0.79065394],48,12,"[0.3169063637449832, 0.8033325636066986]",1,-1
48656,[0.2066409  0.76404551],48,24,"[0.2219823769694232, 0.7523883708842017]",1,-1
48657,[0.31546971 0.80132083],48,12,"[0.3169063637449832, 0.8033325636066986]",1,-1
48658,[0.35676146 0.84270317],48,12,"[0.3169063637449832, 0.8033325636066986]",1,-1
48659,[0.3448811  0.83155827],48,12,"[0.3169063637449832, 0.8033325636066986]",1,-1
48660,[0.37078354 0.86887878],48,-1,-1,1,-1
48661,[0.30713589 0.80971869],48,12,"[0.3169063637449832, 0.8033325636066986]",1,-1
48662,[0.3148082  0.85972877],48,12,"[0.3169063637449832, 0.8033325636066986]",1,-1
48663,[0.37635286 0.7764833 ],48,47,"[0.4308417820697566, 0.7426361553548808]",1,-1
48664,[0.22708391 0.92600859],48,-1,-1,-1,-1
48665,[0.31782356 0.87029873],48,12,"[0.3169063637449832, 0.8033325636066986]",1,-1
48666,[0.38303569 0.78556983],48,47,"[0.4308417820697566, 0.7426361553548808]",1,-1
48667,[0.35570132 0.79661532],48,12,"[0.3169063637449832, 0.8033325636066986]",1,-1
48668,[0.30600106 0.83040457],48,12,"[0.3169063637449832, 0.8033325636066986]",1,-1
48669,[0.4168594  0.76921887],48,47,"[0.4308417820697566, 0.7426361553548808]",1,-1
48670,[0.24410848 0.85611859],48,38,"[0.1833808871148498, 0.824806751753795]",1,-1
48671,[0.27307487 0.85183604],48,12,"[0.3169063637449832, 0.8033325636066986]",1,-1
48672,[0.28809423 0.8619285 ],48,12,"[0.3169063637449832, 0.8033325636066986]",1,-1
48673,[0.28214905 0.78428942],48,12,"[0.3169063637449832, 0.8033325636066986]",1,-1
48674,[0.36536757 0.84814776],48,12,"[0.3169063637449832, 0.8033325636066986]",1,-1
48675,[0.35985367 0.72310703],48,19,"[0.3585209611110644, 0.671407469606326]",1,-1
48676,[0.42348357 0.84272227],48,-1,-1,1,-1
48677,[0.39000336 0.81850493],48,-1,-1,1,-1
48678,[0.40013373 0.82383247],48,-1,-1,1,-1
48679,[0.37626838 0.84022043],48,12,"[0.3169063637449832, 0.8033325636066986]",1,-1
48680,[0.23550001 0.8481193 ],48,38,"[0.1833808871148498, 0.824806751753795]",1,-1
48681,[0.35280079 0.79106345],48,12,"[0.3169063637449832, 0.8033325636066986]",1,-1
48682,[0.25164832 0.85949227],48,-1,-1,1,-1
48683,[0.43296227 0.83519866],48,-1,-1,1,-1
48684,[0.39054492 0.84630105],48,-1,-1,1,-1
48685,[0.29593888 0.81467741],48,12,"[0.3169063637449832, 0.8033325636066986]",1,-1
48686,[0.39397609 0.81536905],48,-1,-1,1,-1
48687,[0.32527117 0.83529087],48,12,"[0.3169063637449832, 0.8033325636066986]",1,-1
48688,[0.30232802 0.80699249],48,12,"[0.3169063637449832, 0.8033325636066986]",1,-1
48689,[0.41378453 0.94268306],48,-1,-1,-1,-1
48690,[0.49006546 0.81158335],48,-1,-1,1,-1
48691,[0.29874456 0.86680167],48,12,"[0.3169063637449832, 0.8033325636066986]",1,-1
48692,[0.38838781 0.83211305],48,-1,-1,1,-1
48693,[0.29710748 0.84179165],48,12,"[0.3169063637449832, 0.8033325636066986]",1,-1
48694,[0.3520046 0.8928387],48,-1,-1,1,-1
48695,[0.34388667 0.80574967],48,12,"[0.3169063637449832, 0.8033325636066986]",1,-1
48696,[0.3823198  0.85399044],48,-1,-1,1,-1
48697,[0.35814525 0.88137936],48,-1,-1,1,-1
48698,[0.23605161 0.78030634],48,24,"[0.2219823769694232, 0.7523883708842017]",1,-1
48699,[0.37254745 0.79583651],48,12,"[0.3169063637449832, 0.8033325636066986]",1,-1
48700,[0.29821863 0.85037556],48,12,"[0.3169063637449832, 0.8033325636066986]",1,-1
48701,[0.34620007 0.85399724],48,12,"[0.3169063637449832, 0.8033325636066986]",1,-1
48702,[0.21323897 0.78547695],48,24,"[0.2219823769694232, 0.7523883708842017]",1,-1
48703,[0.30494505 0.82377703],48,12,"[0.3169063637449832, 0.8033325636066986]",1,-1
48704,[0.28399341 0.84751146],48,12,"[0.3169063637449832, 0.8033325636066986]",1,-1
48705,[0.3448564  0.80959919],48,12,"[0.3169063637449832, 0.8033325636066986]",1,-1
48706,[0.34597259 0.86719779],48,-1,-1,1,-1
48707,[0.36200846 0.9011404 ],48,-1,-1,1,-1
48708,[0.29623062 0.81633762],48,12,"[0.3169063637449832, 0.8033325636066986]",1,-1
48709,[0.36496977 0.88494679],48,-1,-1,1,-1
48710,[0.37358503 0.86564357],48,-1,-1,1,-1
48711,[0.25129999 0.88350708],48,-1,-1,1,-1
48712,[0.37523679 0.87804094],48,-1,-1,1,-1
48713,[0.38815487 0.73344485],48,47,"[0.4308417820697566, 0.7426361553548808]",1,-1
48714,[0.40703686 0.81458633],48,-1,-1,1,-1
48715,[0.48148147 0.77438811],48,47,"[0.4308417820697566, 0.7426361553548808]",1,-1
48716,[0.38434732 0.93023908],48,-1,-1,1,-1
48717,[0.3201131  0.85816304],48,12,"[0.3169063637449832, 0.8033325636066986]",1,-1
48718,[0.38065496 0.80158186],48,12,"[0.3169063637449832, 0.8033325636066986]",1,-1
48719,[0.35999603 0.83443134],48,12,"[0.3169063637449832, 0.8033325636066986]",1,4
48720,[0.31279022 0.72667515],48,8,"[0.26852263019242567, 0.6890353589332484]",1,-1
48721,[0.25613229 0.77350007],48,24,"[0.2219823769694232, 0.7523883708842017]",1,-1
48722,[0.38069439 0.78201559],48,47,"[0.4308417820697566, 0.7426361553548808]",1,-1
48723,[0.33923045 0.82890074],48,12,"[0.3169063637449832, 0.8033325636066986]",1,-1
48724,[0.33762074 0.8896884 ],48,-1,-1,1,-1
48725,[0.32798259 0.83722606],48,12,"[0.3169063637449832, 0.8033325636066986]",1,-1
48726,[0.29265726 0.84166239],48,12,"[0.3169063637449832, 0.8033325636066986]",1,-1
48727,[0.34040178 0.80618839],48,12,"[0.3169063637449832, 0.8033325636066986]",1,-1
48728,[0.27493984 0.79109756],48,12,"[0.3169063637449832, 0.8033325636066986]",1,-1
48729,[0.37051859 0.81147789],48,12,"[0.3169063637449832, 0.8033325636066986]",1,-1
48730,[0.25208624 0.87061678],48,-1,-1,1,-1
48731,[0.31764954 0.78406033],48,12,"[0.3169063637449832, 0.8033325636066986]",1,-1
48732,[0.35986618 0.84871481],48,12,"[0.3169063637449832, 0.8033325636066986]",1,-1
48733,[0.34493857 0.86082764],48,12,"[0.3169063637449832, 0.8033325636066986]",1,-1
48734,[0.3624565  0.85919133],48,-1,-1,1,-1
48735,[0.38492294 0.80472444],48,12,"[0.3169063637449832, 0.8033325636066986]",1,-1
48736,[0.34888655 0.88932977],48,-1,-1,1,-1
48737,[0.31900613 0.85883328],48,12,"[0.3169063637449832, 0.8033325636066986]",1,-1
48738,[0.34533818 0.80042531],48,12,"[0.3169063637449832, 0.8033325636066986]",1,-1
48739,[0.34987394 0.78991539],48,12,"[0.3169063637449832, 0.8033325636066986]",1,-1
48740,[0.32382752 0.86841115],48,12,"[0.3169063637449832, 0.8033325636066986]",1,-1
48741,[0.29050641 0.8072885 ],48,12,"[0.3169063637449832, 0.8033325636066986]",1,-1
48742,[0.37327588 0.85604606],48,-1,-1,1,-1
48743,[0.3674131 0.8289391],48,12,"[0.3169063637449832, 0.8033325636066986]",1,4
48744,[0.39701793 0.74970229],48,47,"[0.4308417820697566, 0.7426361553548808]",1,-1
48745,[0.29187489 0.8888056 ],48,-1,-1,1,-1
48746,[0.2852645 0.7750541],48,12,"[0.3169063637449832, 0.8033325636066986]",1,-1
48747,[0.29725983 0.81729782],48,12,"[0.3169063637449832, 0.8033325636066986]",1,-1
48748,[0.25886929 0.83326926],48,12,"[0.3169063637449832, 0.8033325636066986]",1,-1
48749,[0.27954779 0.76076694],48,12,"[0.3169063637449832, 0.8033325636066986]",1,-1
48750,[0.38086562 0.83744926],48,-1,-1,1,-1
48751,[0.33842363 0.84544083],48,12,"[0.3169063637449832, 0.8033325636066986]",1,-1
48752,[0.39637008 0.89155776],48,-1,-1,1,-1
48753,[0.37392798 0.81613859],48,12,"[0.3169063637449832, 0.8033325636066986]",1,-1
48754,[0.2836307  0.84975705],48,12,"[0.3169063637449832, 0.8033325636066986]",1,-1
48755,[0.41667762 0.72653289],48,47,"[0.4308417820697566, 0.7426361553548808]",1,-1
48756,[0.31404313 0.87549675],48,-1,-1,1,-1
48757,[0.33359268 0.88677768],48,-1,-1,1,-1
48758,[0.30307755 0.81440476],48,12,"[0.3169063637449832, 0.8033325636066986]",1,-1
48759,[0.32896587 0.86307993],48,12,"[0.3169063637449832, 0.8033325636066986]",1,-1
48760,[0.32715728 0.86679718],48,12,"[0.3169063637449832, 0.8033325636066986]",1,-1
48761,[0.44814098 0.73924672],48,47,"[0.4308417820697566, 0.7426361553548808]",1,-1
48762,[0.30021856 0.79525531],48,12,"[0.3169063637449832, 0.8033325636066986]",1,-1
48763,[0.30877693 0.82310894],48,12,"[0.3169063637449832, 0.8033325636066986]",1,-1
48764,[0.34327648 0.87696761],48,-1,-1,1,-1
48765,[0.4052427  0.86691236],48,-1,-1,1,-1
48766,[0.38516724 0.8892795 ],48,-1,-1,1,-1
48767,[0.34375206 0.74133292],48,12,"[0.3169063637449832, 0.8033325636066986]",1,-1
48768,[0.38917164 0.90848694],48,-1,-1,1,-1
48769,[0.37198695 0.8356656 ],48,12,"[0.3169063637449832, 0.8033325636066986]",1,4
48770,[0.33615776 0.86540561],48,12,"[0.3169063637449832, 0.8033325636066986]",1,-1
48771,[0.32344685 0.84010613],48,12,"[0.3169063637449832, 0.8033325636066986]",1,-1
48772,[0.42824795 0.92048342],48,-1,-1,-1,-1
48773,[0.34365967 0.84585344],48,12,"[0.3169063637449832, 0.8033325636066986]",1,-1
48774,[0.34633201 0.84526584],48,12,"[0.3169063637449832, 0.8033325636066986]",1,-1
48775,[0.29595727 0.88047816],48,-1,-1,1,-1
48776,[0.3591071  0.81808864],48,12,"[0.3169063637449832, 0.8033325636066986]",1,-1
48777,[0.37079662 0.8424159 ],48,12,"[0.3169063637449832, 0.8033325636066986]",1,4
48778,[0.31541898 0.79955783],48,12,"[0.3169063637449832, 0.8033325636066986]",1,-1
48779,[0.36888127 0.77493531],48,12,"[0.3169063637449832, 0.8033325636066986]",1,-1
48780,[0.33759964 0.85303527],48,12,"[0.3169063637449832, 0.8033325636066986]",1,-1
48781,[0.34352409 0.79210225],48,12,"[0.3169063637449832, 0.8033325636066986]",1,-1
48782,[0.26579553 0.84713952],48,12,"[0.3169063637449832, 0.8033325636066986]",1,-1
48783,[0.35582208 0.72392533],48,19,"[0.3585209611110644, 0.671407469606326]",1,-1
48784,[0.36690634 0.81777842],48,12,"[0.3169063637449832, 0.8033325636066986]",1,-1
48785,[0.26600279 0.86440823],48,-1,-1,1,-1
48786,[0.46016286 0.88518344],48,-1,-1,-1,-1
48787,[0.36062704 0.83166512],48,12,"[0.3169063637449832, 0.8033325636066986]",1,4
48788,[0.35836487 0.87928466],48,-1,-1,1,-1
48789,[0.40490285 0.85318205],48,-1,-1,1,-1
48790,[0.20748311 0.80258691],48,38,"[0.1833808871148498, 0.824806751753795]",1,-1
48791,[0.3893064  0.87118187],48,-1,-1,1,-1
48792,[0.35787948 0.78293015],48,12,"[0.3169063637449832, 0.8033325636066986]",1,-1
48793,[0.37322909 0.83544197],48,12,"[0.3169063637449832, 0.8033325636066986]",1,4
48794,[0.36897755 0.83813131],48,12,"[0.3169063637449832, 0.8033325636066986]",1,4
48795,[0.32992693 0.83554371],48,12,"[0.3169063637449832, 0.8033325636066986]",1,-1
48796,[0.34810439 0.78537262],48,12,"[0.3169063637449832, 0.8033325636066986]",1,-1
48797,[0.34421576 0.80038124],48,12,"[0.3169063637449832, 0.8033325636066986]",1,-1
48798,[0.29317924 0.83531998],48,12,"[0.3169063637449832, 0.8033325636066986]",1,-1
48799,[0.32186949 0.81222466],48,12,"[0.3169063637449832, 0.8033325636066986]",1,-1
48800,[0.2841873 0.9192337],48,-1,-1,1,-1
48801,[0.33467065 0.8507039 ],48,12,"[0.3169063637449832, 0.8033325636066986]",1,-1
48802,[0.34038253 0.78467951],48,12,"[0.3169063637449832, 0.8033325636066986]",1,-1
48803,[0.40906516 0.82365614],48,-1,-1,1,-1
48804,[0.36298948 0.83176695],48,12,"[0.3169063637449832, 0.8033325636066986]",1,4
48805,[0.36810569 0.82890236],48,12,"[0.3169063637449832, 0.8033325636066986]",1,4
48806,[0.3615936  0.78064221],48,12,"[0.3169063637449832, 0.8033325636066986]",1,-1
48807,[0.33884042 0.83245802],48,12,"[0.3169063637449832, 0.8033325636066986]",1,-1
48808,[0.3328096 0.7806866],48,12,"[0.3169063637449832, 0.8033325636066986]",1,-1
48809,[0.39000675 0.85665696],48,-1,-1,1,-1
48810,[0.28436091 0.80173887],48,12,"[0.3169063637449832, 0.8033325636066986]",1,-1
48811,[0.31594816 0.87682967],48,-1,-1,1,-1
48812,[0.2967314  0.85890824],48,12,"[0.3169063637449832, 0.8033325636066986]",1,-1
48813,[0.35703678 0.83992868],48,12,"[0.3169063637449832, 0.8033325636066986]",1,-1
48814,[0.4281166  0.89856764],48,-1,-1,1,-1
48815,[0.39755414 0.77720335],48,47,"[0.4308417820697566, 0.7426361553548808]",1,-1
48816,[0.33069118 0.8337287 ],48,12,"[0.3169063637449832, 0.8033325636066986]",1,-1
48817,[0.35295774 0.84228595],48,12,"[0.3169063637449832, 0.8033325636066986]",1,-1
48818,[0.29551355 0.81340141],48,12,"[0.3169063637449832, 0.8033325636066986]",1,-1
48819,[0.27116498 0.80319784],48,12,"[0.3169063637449832, 0.8033325636066986]",1,-1
48820,[0.40707273 0.90172684],48,-1,-1,1,-1
48821,[0.43963   0.8539455],48,-1,-1,1,-1
48822,[0.44163135 0.80879056],48,47,"[0.4308417820697566, 0.7426361553548808]",1,-1
48823,[0.38782681 0.8559916 ],48,-1,-1,1,-1
48824,[0.35995551 0.83060524],48,12,"[0.3169063637449832, 0.8033325636066986]",1,4
48825,[0.38450523 0.84814488],48,-1,-1,1,-1
48826,[0.38218212 0.79605326],48,12,"[0.3169063637449832, 0.8033325636066986]",1,-1
48827,[0.43673194 0.76340155],48,47,"[0.4308417820697566, 0.7426361553548808]",1,-1
48828,[0.37327733 0.85075523],48,-1,-1,1,-1
48829,[0.28926284 0.83461472],48,12,"[0.3169063637449832, 0.8033325636066986]",1,-1
48830,[0.3540543 0.8542794],48,12,"[0.3169063637449832, 0.8033325636066986]",1,-1
48831,[0.3525145  0.80382483],48,12,"[0.3169063637449832, 0.8033325636066986]",1,-1
48832,[0.32646309 0.76366858],48,12,"[0.3169063637449832, 0.8033325636066986]",1,-1
48833,[0.37716912 0.87968784],48,-1,-1,1,-1
48834,[0.35248117 0.86393065],48,-1,-1,1,-1
48835,[0.2962081  0.83267869],48,12,"[0.3169063637449832, 0.8033325636066986]",1,-1
48836,[0.32989598 0.76612888],48,12,"[0.3169063637449832, 0.8033325636066986]",1,-1
48837,[0.32892945 0.9054044 ],48,-1,-1,1,-1
48838,[0.35470796 0.85449428],48,12,"[0.3169063637449832, 0.8033325636066986]",1,-1
48839,[0.3572229 0.7455532],48,-1,-1,1,-1
48840,[0.370564   0.85747524],48,-1,-1,1,-1
48841,[0.34312359 0.85562433],48,12,"[0.3169063637449832, 0.8033325636066986]",1,-1
48842,[0.31937839 0.74084134],48,12,"[0.3169063637449832, 0.8033325636066986]",1,-1
48843,[0.3634266  0.89301355],48,-1,-1,1,-1
48844,[0.41166293 0.86514239],48,-1,-1,1,-1
48845,[0.31437917 0.79831362],48,12,"[0.3169063637449832, 0.8033325636066986]",1,-1
48846,[0.36302846 0.84534374],48,12,"[0.3169063637449832, 0.8033325636066986]",1,4
48847,[0.29829627 0.76799386],48,12,"[0.3169063637449832, 0.8033325636066986]",1,-1
48848,[0.2544143  0.72935965],48,24,"[0.2219823769694232, 0.7523883708842017]",1,19
48849,[0.2797922  0.85102853],48,12,"[0.3169063637449832, 0.8033325636066986]",1,-1
48850,[0.31932848 0.78820392],48,12,"[0.3169063637449832, 0.8033325636066986]",1,-1
48851,[0.29632738 0.77836854],48,12,"[0.3169063637449832, 0.8033325636066986]",1,-1
48852,[0.28339355 0.85539208],48,12,"[0.3169063637449832, 0.8033325636066986]",1,-1
48853,[0.2545673  0.80810045],48,12,"[0.3169063637449832, 0.8033325636066986]",1,-1
48854,[0.4991557 0.7987579],48,-1,-1,1,-1
48855,[0.31372135 0.83679328],48,12,"[0.3169063637449832, 0.8033325636066986]",1,-1
48856,[0.33419348 0.83585146],48,12,"[0.3169063637449832, 0.8033325636066986]",1,-1
48857,[0.2931709  0.92238689],48,-1,-1,1,-1
48858,[0.41501533 0.82765306],48,-1,-1,1,-1
48859,[0.28966319 0.7945704 ],48,12,"[0.3169063637449832, 0.8033325636066986]",1,-1
48860,[0.46808013 0.82550476],48,-1,-1,1,-1
48861,[0.38360194 0.73953916],48,47,"[0.4308417820697566, 0.7426361553548808]",1,-1
48862,[0.32857226 0.84922589],48,12,"[0.3169063637449832, 0.8033325636066986]",1,-1
48863,[0.2656362 0.8473485],48,12,"[0.3169063637449832, 0.8033325636066986]",1,-1
48864,[0.33161912 0.81950783],48,12,"[0.3169063637449832, 0.8033325636066986]",1,-1
48865,[0.32744732 0.82358381],48,12,"[0.3169063637449832, 0.8033325636066986]",1,-1
48866,[0.28663131 0.80689954],48,12,"[0.3169063637449832, 0.8033325636066986]",1,-1
48867,[0.43074168 0.82423052],48,-1,-1,1,-1
48868,[0.37289136 0.80223549],48,12,"[0.3169063637449832, 0.8033325636066986]",1,-1
48869,[0.39936738 0.85956268],48,-1,-1,1,-1
48870,[0.26342159 0.76744701],48,24,"[0.2219823769694232, 0.7523883708842017]",1,-1
48871,[0.3084902 0.8940787],48,-1,-1,1,-1
48872,[0.33750282 0.78737179],48,12,"[0.3169063637449832, 0.8033325636066986]",1,-1
48873,[0.37763729 0.73514316],48,47,"[0.4308417820697566, 0.7426361553548808]",1,-1
48874,[0.20849385 0.8866775 ],48,38,"[0.1833808871148498, 0.824806751753795]",1,-1
48875,[0.35805969 0.82840504],48,12,"[0.3169063637449832, 0.8033325636066986]",1,4
48876,[0.38451405 0.77401789],48,47,"[0.4308417820697566, 0.7426361553548808]",1,-1
48877,[0.35290759 0.79381395],48,12,"[0.3169063637449832, 0.8033325636066986]",1,-1
48878,[0.29358543 0.72803007],48,8,"[0.26852263019242567, 0.6890353589332484]",1,-1
48879,[0.36240246 0.78648456],48,12,"[0.3169063637449832, 0.8033325636066986]",1,-1
48880,[0.44519986 0.86028832],48,-1,-1,1,-1
48881,[0.32612555 0.81941348],48,12,"[0.3169063637449832, 0.8033325636066986]",1,-1
48882,[0.34954379 0.83173672],48,12,"[0.3169063637449832, 0.8033325636066986]",1,4
48883,[0.31201302 0.87308681],48,12,"[0.3169063637449832, 0.8033325636066986]",1,-1
48884,[0.29660582 0.85818572],48,12,"[0.3169063637449832, 0.8033325636066986]",1,-1
48885,[0.36407709 0.84711871],48,12,"[0.3169063637449832, 0.8033325636066986]",1,-1
48886,[0.35467994 0.78927597],48,12,"[0.3169063637449832, 0.8033325636066986]",1,-1
48887,[0.36934195 0.83805223],48,12,"[0.3169063637449832, 0.8033325636066986]",1,4
48888,[0.36509039 0.83020433],48,12,"[0.3169063637449832, 0.8033325636066986]",1,4
48889,[0.31887865 0.87680686],48,-1,-1,1,-1
48890,[0.34460323 0.77865669],48,12,"[0.3169063637449832, 0.8033325636066986]",1,-1
48891,[0.41333008 0.80705532],48,47,"[0.4308417820697566, 0.7426361553548808]",1,-1
48892,[0.32679343 0.83096287],48,12,"[0.3169063637449832, 0.8033325636066986]",1,-1
48893,[0.35525549 0.77678026],48,12,"[0.3169063637449832, 0.8033325636066986]",1,-1
48894,[0.3045092  0.83170033],48,12,"[0.3169063637449832, 0.8033325636066986]",1,-1
48895,[0.42575154 0.7531403 ],48,47,"[0.4308417820697566, 0.7426361553548808]",1,-1
48896,[0.26401837 0.82581169],48,12,"[0.3169063637449832, 0.8033325636066986]",1,-1
48897,[0.29341941 0.79262468],48,12,"[0.3169063637449832, 0.8033325636066986]",1,-1
48898,[0.33767974 0.81467698],48,12,"[0.3169063637449832, 0.8033325636066986]",1,-1
48899,[0.47006075 0.82557368],48,-1,-1,1,-1
48900,[0.38964486 0.79753946],48,47,"[0.4308417820697566, 0.7426361553548808]",1,-1
48901,[0.42302983 0.80418286],48,47,"[0.4308417820697566, 0.7426361553548808]",1,-1
48902,[0.33162216 0.82156047],48,12,"[0.3169063637449832, 0.8033325636066986]",1,-1
48903,[0.31712348 0.82942208],48,12,"[0.3169063637449832, 0.8033325636066986]",1,-1
48904,[0.40179063 0.87249587],48,-1,-1,1,-1
48905,[0.28970393 0.84816884],48,12,"[0.3169063637449832, 0.8033325636066986]",1,-1
48906,[0.42205319 0.88823582],48,-1,-1,1,-1
48907,[0.41211736 0.79890055],48,47,"[0.4308417820697566, 0.7426361553548808]",1,-1
48908,[0.37792648 0.77190837],48,47,"[0.4308417820697566, 0.7426361553548808]",1,-1
48909,[0.40616153 0.87700586],48,-1,-1,1,-1
48910,[0.42496632 0.86568457],48,-1,-1,1,-1
48911,[0.28678937 0.93499242],48,-1,-1,1,-1
48912,[0.34972878 0.86699826],48,-1,-1,1,-1
48913,[0.36211785 0.9220605 ],48,-1,-1,1,-1
48914,[0.34882018 0.81093118],48,12,"[0.3169063637449832, 0.8033325636066986]",1,-1
48915,[0.23244028 0.86219064],48,38,"[0.1833808871148498, 0.824806751753795]",1,-1
48916,[0.3581067  0.85932945],48,12,"[0.3169063637449832, 0.8033325636066986]",1,-1
48917,[0.36274056 0.85630887],48,-1,-1,1,-1
48918,[0.27293283 0.80367052],48,12,"[0.3169063637449832, 0.8033325636066986]",1,-1
48919,[0.37608958 0.91727452],48,-1,-1,1,-1
48920,[0.37632734 0.87835065],48,-1,-1,1,-1
48921,[0.32265041 0.74252842],48,12,"[0.3169063637449832, 0.8033325636066986]",1,-1
48922,[0.39408005 0.88232727],48,-1,-1,1,-1
48923,[0.27344397 0.86801722],48,-1,-1,1,-1
48924,[0.36771876 0.829489  ],48,12,"[0.3169063637449832, 0.8033325636066986]",1,4
48925,[0.23717406 0.7940528 ],48,24,"[0.2219823769694232, 0.7523883708842017]",1,-1
48926,[0.27149825 0.77179505],48,24,"[0.2219823769694232, 0.7523883708842017]",1,-1
48927,[0.28718711 0.76872215],48,12,"[0.3169063637449832, 0.8033325636066986]",1,-1
48928,[0.25645723 0.82974391],48,12,"[0.3169063637449832, 0.8033325636066986]",1,-1
48929,[0.39887607 0.80800817],48,-1,-1,1,-1
48930,[0.36667956 0.73083441],48,19,"[0.3585209611110644, 0.671407469606326]",1,-1
48931,[0.3511859  0.86129551],48,12,"[0.3169063637449832, 0.8033325636066986]",1,-1
48932,[0.30953159 0.79612525],48,12,"[0.3169063637449832, 0.8033325636066986]",1,-1
48933,[0.30586742 0.84264103],48,12,"[0.3169063637449832, 0.8033325636066986]",1,-1
48934,[0.28530777 0.86885488],48,-1,-1,1,-1
48935,[0.43671749 0.87454989],48,-1,-1,1,-1
48936,[0.37718446 0.80798142],48,12,"[0.3169063637449832, 0.8033325636066986]",1,-1
48937,[0.34031343 0.84238384],48,12,"[0.3169063637449832, 0.8033325636066986]",1,-1
48938,[0.31568199 0.83089701],48,12,"[0.3169063637449832, 0.8033325636066986]",1,-1
48939,[0.37454144 0.83469839],48,12,"[0.3169063637449832, 0.8033325636066986]",1,-1
48940,[0.24340857 0.75323007],48,24,"[0.2219823769694232, 0.7523883708842017]",1,-1
48941,[0.28887024 0.69952213],48,8,"[0.26852263019242567, 0.6890353589332484]",1,18
48942,[0.35368994 0.83922606],48,12,"[0.3169063637449832, 0.8033325636066986]",1,-1
48943,[0.35185349 0.82720429],48,12,"[0.3169063637449832, 0.8033325636066986]",1,-1
48944,[0.32203279 0.87684302],48,-1,-1,1,-1
48945,[0.37148722 0.86151368],48,-1,-1,1,-1
48946,[0.43619119 0.79250576],48,47,"[0.4308417820697566, 0.7426361553548808]",1,-1
48947,[0.35593374 0.82204435],48,12,"[0.3169063637449832, 0.8033325636066986]",1,-1
48948,[0.35848418 0.90388198],48,-1,-1,1,-1
48949,[0.23757457 0.86851348],48,38,"[0.1833808871148498, 0.824806751753795]",1,-1
48950,[0.22346378 0.90524808],48,-1,-1,-1,-1
48951,[0.33984949 0.96842678],48,-1,-1,-1,-1
48952,[0.38555851 0.86021243],48,-1,-1,1,-1
48953,[0.29169463 0.84271499],48,12,"[0.3169063637449832, 0.8033325636066986]",1,-1
48954,[0.18978304 0.77125111],48,24,"[0.2219823769694232, 0.7523883708842017]",1,-1
48955,[0.38209956 0.8778072 ],48,-1,-1,1,-1
48956,[0.35624721 0.75178266],48,12,"[0.3169063637449832, 0.8033325636066986]",1,-1
48957,[0.38026415 0.76875751],48,47,"[0.4308417820697566, 0.7426361553548808]",1,-1
48958,[0.32185316 0.91064616],48,-1,-1,1,-1
48959,[0.37710781 0.74257614],48,47,"[0.4308417820697566, 0.7426361553548808]",1,-1
48960,[0.32337847 0.87576975],48,-1,-1,1,-1
48961,[0.39742689 0.80755096],48,-1,-1,1,-1
48962,[0.27954214 0.79952767],48,12,"[0.3169063637449832, 0.8033325636066986]",1,-1
48963,[0.40730154 0.81356747],48,-1,-1,1,-1
48964,[0.33999991 0.86623365],48,12,"[0.3169063637449832, 0.8033325636066986]",1,-1
48965,[0.44000797 0.80605914],48,47,"[0.4308417820697566, 0.7426361553548808]",1,-1
48966,[0.3450579 0.862575 ],48,12,"[0.3169063637449832, 0.8033325636066986]",1,-1
48967,[0.36741683 0.87253284],48,-1,-1,1,-1
48968,[0.31831688 0.83514583],48,12,"[0.3169063637449832, 0.8033325636066986]",1,-1
48969,[0.31200613 0.86987605],48,12,"[0.3169063637449832, 0.8033325636066986]",1,-1
48970,[0.31230749 0.71477348],48,8,"[0.26852263019242567, 0.6890353589332484]",1,-1
48971,[0.3814027  0.87543557],48,-1,-1,1,-1
48972,[0.24468567 0.80083873],48,24,"[0.2219823769694232, 0.7523883708842017]",1,-1
48973,[0.2475485  0.90205574],48,-1,-1,1,-1
48974,[0.4121574  0.81465814],48,-1,-1,1,-1
48975,[0.30354014 0.8730097 ],48,-1,-1,1,-1
48976,[0.33263229 0.77698396],48,12,"[0.3169063637449832, 0.8033325636066986]",1,-1
48977,[0.35813493 0.88627181],48,-1,-1,1,-1
48978,[0.34738459 0.80222114],48,12,"[0.3169063637449832, 0.8033325636066986]",1,-1
48979,[0.4289346  0.76687848],48,47,"[0.4308417820697566, 0.7426361553548808]",1,-1
48980,[0.38963731 0.8148933 ],48,-1,-1,1,-1
48981,[0.37633697 0.84865055],48,-1,-1,1,-1
48982,[0.27669297 0.88444505],48,-1,-1,1,-1
48983,[0.32439038 0.84234463],48,12,"[0.3169063637449832, 0.8033325636066986]",1,-1
48984,[0.32203775 0.85427684],48,12,"[0.3169063637449832, 0.8033325636066986]",1,-1
48985,[0.3898951  0.85211331],48,-1,-1,1,-1
48986,[0.29289228 0.85338887],48,12,"[0.3169063637449832, 0.8033325636066986]",1,-1
48987,[0.33095993 0.75527314],48,12,"[0.3169063637449832, 0.8033325636066986]",1,-1
48988,[0.3563908 0.8167252],48,12,"[0.3169063637449832, 0.8033325636066986]",1,-1
48989,[0.38019952 0.78907084],48,12,"[0.3169063637449832, 0.8033325636066986]",1,-1
48990,[0.28728068 0.77868045],48,12,"[0.3169063637449832, 0.8033325636066986]",1,-1
48991,[0.32946703 0.88162719],48,-1,-1,1,-1
48992,[0.33925354 0.90605826],48,-1,-1,1,-1
48993,[0.31747164 0.82757938],48,12,"[0.3169063637449832, 0.8033325636066986]",1,-1
48994,[0.32845075 0.84778407],48,12,"[0.3169063637449832, 0.8033325636066986]",1,-1
48995,[0.29743534 0.82281771],48,12,"[0.3169063637449832, 0.8033325636066986]",1,-1
48996,[0.3209779  0.96533989],48,-1,-1,-1,-1
48997,[0.28933373 0.91185288],48,-1,-1,1,-1
48998,[0.26048095 0.76813249],48,24,"[0.2219823769694232, 0.7523883708842017]",1,-1
48999,[0.36287716 0.8617085 ],48,-1,-1,1,-1
49000,[0.72833481 0.58366625],49,11,"[0.7051682617613192, 0.574171671796882]",1,-1
49001,[0.7015038 0.5812063],49,11,"[0.7051682617613192, 0.574171671796882]",1,-1
49002,[0.75137595 0.53215793],49,3,"[0.8068810957052946, 0.5180547120844742]",1,-1
49003,[0.69035095 0.54862672],49,11,"[0.7051682617613192, 0.574171671796882]",1,-1
49004,[0.5519992  0.55002002],49,2,"[0.5181425386759565, 0.548951681512668]",1,-1
49005,[0.63831508 0.61851701],49,9,"[0.5945682323783136, 0.6193254997600653]",1,-1
49006,[0.59651234 0.50025343],49,10,"[0.6101257152780476, 0.5394800330734051]",1,-1
49007,[0.71070412 0.6090896 ],49,11,"[0.7051682617613192, 0.574171671796882]",1,-1
49008,[0.61076687 0.62980561],49,9,"[0.5945682323783136, 0.6193254997600653]",1,-1
49009,[0.68228505 0.65524054],49,-1,-1,1,-1
49010,[0.67031862 0.57788116],49,11,"[0.7051682617613192, 0.574171671796882]",1,55
49011,[0.64467995 0.53045067],49,10,"[0.6101257152780476, 0.5394800330734051]",1,-1
49012,[0.63117718 0.60255251],49,9,"[0.5945682323783136, 0.6193254997600653]",1,-1
49013,[0.70277687 0.55314068],49,11,"[0.7051682617613192, 0.574171671796882]",1,-1
49014,[0.67086347 0.53573731],49,11,"[0.7051682617613192, 0.574171671796882]",1,-1
49015,[0.72342851 0.53879896],49,11,"[0.7051682617613192, 0.574171671796882]",1,-1
49016,[0.56148891 0.490504  ],49,27,"[0.5866068271601823, 0.4386408725933068]",1,-1
49017,[0.59940884 0.56046293],49,10,"[0.6101257152780476, 0.5394800330734051]",1,-1
49018,[0.593387   0.51324294],49,10,"[0.6101257152780476, 0.5394800330734051]",1,-1
49019,[0.63616043 0.60198754],49,9,"[0.5945682323783136, 0.6193254997600653]",1,-1
49020,[0.59298585 0.54038921],49,10,"[0.6101257152780476, 0.5394800330734051]",1,-1
49021,[0.62368375 0.56912957],49,10,"[0.6101257152780476, 0.5394800330734051]",1,-1
49022,[0.72384188 0.57935937],49,11,"[0.7051682617613192, 0.574171671796882]",1,-1
49023,[0.61941606 0.5903124 ],49,9,"[0.5945682323783136, 0.6193254997600653]",1,-1
49024,[0.57584872 0.54177949],49,10,"[0.6101257152780476, 0.5394800330734051]",1,-1
49025,[0.5983823  0.53881789],49,10,"[0.6101257152780476, 0.5394800330734051]",1,-1
49026,[0.73147547 0.6455129 ],49,-1,-1,1,-1
49027,[0.6135073  0.61836437],49,9,"[0.5945682323783136, 0.6193254997600653]",1,-1
49028,[0.56845753 0.59426065],49,9,"[0.5945682323783136, 0.6193254997600653]",1,-1
49029,[0.61898776 0.49177015],49,10,"[0.6101257152780476, 0.5394800330734051]",1,34
49030,[0.64191353 0.53331491],49,10,"[0.6101257152780476, 0.5394800330734051]",1,-1
49031,[0.69140689 0.56275329],49,11,"[0.7051682617613192, 0.574171671796882]",1,-1
49032,[0.58882051 0.6661894 ],49,41,"[0.5613949929729852, 0.701115936473092]",1,-1
49033,[0.65975114 0.54509978],49,10,"[0.6101257152780476, 0.5394800330734051]",1,-1
49034,[0.66495139 0.58444247],49,11,"[0.7051682617613192, 0.574171671796882]",1,55
49035,[0.69283019 0.53683511],49,11,"[0.7051682617613192, 0.574171671796882]",1,-1
49036,[0.68403758 0.58059716],49,11,"[0.7051682617613192, 0.574171671796882]",1,-1
49037,[0.68092858 0.59980527],49,11,"[0.7051682617613192, 0.574171671796882]",1,-1
49038,[0.60117162 0.52024266],49,10,"[0.6101257152780476, 0.5394800330734051]",1,-1
49039,[0.64471158 0.53001745],49,10,"[0.6101257152780476, 0.5394800330734051]",1,-1
49040,[0.62528984 0.54646586],49,10,"[0.6101257152780476, 0.5394800330734051]",1,-1
49041,[0.60747749 0.57886383],49,10,"[0.6101257152780476, 0.5394800330734051]",1,-1
49042,[0.61347234 0.61423579],49,9,"[0.5945682323783136, 0.6193254997600653]",1,-1
49043,[0.67720288 0.52685576],49,26,"[0.6734889003123068, 0.4756404454441684]",1,-1
49044,[0.64492543 0.58953769],49,9,"[0.5945682323783136, 0.6193254997600653]",1,-1
49045,[0.67250386 0.64922575],49,-1,-1,1,-1
49046,[0.61079014 0.59224043],49,9,"[0.5945682323783136, 0.6193254997600653]",1,-1
49047,[0.71211546 0.56683948],49,11,"[0.7051682617613192, 0.574171671796882]",1,-1
49048,[0.63102108 0.54632898],49,10,"[0.6101257152780476, 0.5394800330734051]",1,-1
49049,[0.69226166 0.56855106],49,11,"[0.7051682617613192, 0.574171671796882]",1,-1
49050,[0.71194607 0.60621634],49,11,"[0.7051682617613192, 0.574171671796882]",1,-1
49051,[0.62934184 0.56659647],49,10,"[0.6101257152780476, 0.5394800330734051]",1,-1
49052,[0.627333   0.62190594],49,9,"[0.5945682323783136, 0.6193254997600653]",1,-1
49053,[0.61541067 0.52075193],49,10,"[0.6101257152780476, 0.5394800330734051]",1,-1
49054,[0.62159618 0.65470356],49,9,"[0.5945682323783136, 0.6193254997600653]",1,-1
49055,[0.64083859 0.59321657],49,9,"[0.5945682323783136, 0.6193254997600653]",1,-1
49056,[0.59908757 0.55937106],49,10,"[0.6101257152780476, 0.5394800330734051]",1,64
49057,[0.64757543 0.58139685],49,10,"[0.6101257152780476, 0.5394800330734051]",1,-1
49058,[0.59676008 0.5425768 ],49,10,"[0.6101257152780476, 0.5394800330734051]",1,-1
49059,[0.63483023 0.55489427],49,10,"[0.6101257152780476, 0.5394800330734051]",1,-1
49060,[0.65228844 0.52984748],49,10,"[0.6101257152780476, 0.5394800330734051]",1,-1
49061,[0.69965528 0.55787567],49,11,"[0.7051682617613192, 0.574171671796882]",1,-1
49062,[0.62734325 0.50538776],49,10,"[0.6101257152780476, 0.5394800330734051]",1,-1
49063,[0.66516662 0.49730654],49,26,"[0.6734889003123068, 0.4756404454441684]",1,-1
49064,[0.60071794 0.6155657 ],49,9,"[0.5945682323783136, 0.6193254997600653]",1,-1
49065,[0.66041518 0.55678879],49,11,"[0.7051682617613192, 0.574171671796882]",1,-1
49066,[0.70725701 0.49803716],49,26,"[0.6734889003123068, 0.4756404454441684]",1,-1
49067,[0.55293023 0.66367369],49,41,"[0.5613949929729852, 0.701115936473092]",1,-1
49068,[0.63018272 0.54277797],49,10,"[0.6101257152780476, 0.5394800330734051]",1,-1
49069,[0.71163176 0.47663908],49,26,"[0.6734889003123068, 0.4756404454441684]",1,-1
49070,[0.58795236 0.68007999],49,41,"[0.5613949929729852, 0.701115936473092]",1,-1
49071,[0.59638439 0.62225989],49,9,"[0.5945682323783136, 0.6193254997600653]",1,-1
49072,[0.63826819 0.51012727],49,10,"[0.6101257152780476, 0.5394800330734051]",1,-1
49073,[0.6771321  0.66375986],49,-1,-1,1,-1
49074,[0.64845966 0.46881836],49,26,"[0.6734889003123068, 0.4756404454441684]",1,-1
49075,[0.6579312  0.58642931],49,11,"[0.7051682617613192, 0.574171671796882]",1,55
49076,[0.61662657 0.54070757],49,10,"[0.6101257152780476, 0.5394800330734051]",1,-1
49077,[0.75142234 0.56431877],49,11,"[0.7051682617613192, 0.574171671796882]",1,20
49078,[0.64486113 0.59681463],49,9,"[0.5945682323783136, 0.6193254997600653]",1,-1
49079,[0.63151883 0.54982393],49,10,"[0.6101257152780476, 0.5394800330734051]",1,-1
49080,[0.65333523 0.60649156],49,9,"[0.5945682323783136, 0.6193254997600653]",1,-1
49081,[0.68787343 0.6254577 ],49,11,"[0.7051682617613192, 0.574171671796882]",1,-1
49082,[0.67530269 0.55026229],49,11,"[0.7051682617613192, 0.574171671796882]",1,26
49083,[0.61844377 0.56201941],49,10,"[0.6101257152780476, 0.5394800330734051]",1,-1
49084,[0.76677378 0.51529199],49,3,"[0.8068810957052946, 0.5180547120844742]",1,41
49085,[0.70378174 0.57985767],49,11,"[0.7051682617613192, 0.574171671796882]",1,-1
49086,[0.60432775 0.57992369],49,9,"[0.5945682323783136, 0.6193254997600653]",1,-1
49087,[0.58580375 0.52569573],49,10,"[0.6101257152780476, 0.5394800330734051]",1,-1
49088,[0.70615378 0.59847243],49,11,"[0.7051682617613192, 0.574171671796882]",1,-1
49089,[0.63486587 0.60857087],49,9,"[0.5945682323783136, 0.6193254997600653]",1,-1
49090,[0.65653711 0.65637349],49,-1,-1,1,-1
49091,[0.62205896 0.58681869],49,9,"[0.5945682323783136, 0.6193254997600653]",1,-1
49092,[0.76228503 0.60314307],49,11,"[0.7051682617613192, 0.574171671796882]",1,-1
49093,[0.69419888 0.54578534],49,11,"[0.7051682617613192, 0.574171671796882]",1,26
49094,[0.65947093 0.62556138],49,9,"[0.5945682323783136, 0.6193254997600653]",1,-1
49095,[0.62318961 0.52578762],49,10,"[0.6101257152780476, 0.5394800330734051]",1,-1
49096,[0.68533501 0.55309093],49,11,"[0.7051682617613192, 0.574171671796882]",1,26
49097,[0.6211816  0.61895046],49,9,"[0.5945682323783136, 0.6193254997600653]",1,-1
49098,[0.6700962  0.62715438],49,11,"[0.7051682617613192, 0.574171671796882]",1,-1
49099,[0.61243166 0.58008637],49,10,"[0.6101257152780476, 0.5394800330734051]",1,-1
49100,[0.66419167 0.63246555],49,-1,-1,1,-1
49101,[0.63129294 0.65252922],49,9,"[0.5945682323783136, 0.6193254997600653]",1,-1
49102,[0.67676725 0.51404858],49,26,"[0.6734889003123068, 0.4756404454441684]",1,-1
49103,[0.66203098 0.51732994],49,26,"[0.6734889003123068, 0.4756404454441684]",1,-1
49104,[0.69944858 0.64280258],49,11,"[0.7051682617613192, 0.574171671796882]",1,-1
49105,[0.70940171 0.45691034],49,26,"[0.6734889003123068, 0.4756404454441684]",1,-1
49106,[0.65908404 0.74783509],49,34,"[0.6634532409245524, 0.760224782080757]",1,6
49107,[0.71246219 0.5959362 ],49,11,"[0.7051682617613192, 0.574171671796882]",1,-1
49108,[0.66380972 0.65016596],49,-1,-1,1,-1
49109,[0.61659446 0.58699362],49,9,"[0.5945682323783136, 0.6193254997600653]",1,63
49110,[0.61351693 0.53271051],49,10,"[0.6101257152780476, 0.5394800330734051]",1,-1
49111,[0.69360226 0.52915239],49,11,"[0.7051682617613192, 0.574171671796882]",1,-1
49112,[0.65732781 0.52769591],49,10,"[0.6101257152780476, 0.5394800330734051]",1,-1
49113,[0.69938346 0.55582147],49,11,"[0.7051682617613192, 0.574171671796882]",1,-1
49114,[0.61541914 0.53433008],49,10,"[0.6101257152780476, 0.5394800330734051]",1,-1
49115,[0.6451957  0.61777749],49,9,"[0.5945682323783136, 0.6193254997600653]",1,-1
49116,[0.60471418 0.51723286],49,10,"[0.6101257152780476, 0.5394800330734051]",1,-1
49117,[0.82666068 0.57538329],49,43,"[0.8274941202305067, 0.5998913364221842]",1,-1
49118,[0.7072803  0.60891694],49,11,"[0.7051682617613192, 0.574171671796882]",1,-1
49119,[0.628803  0.5947865],49,9,"[0.5945682323783136, 0.6193254997600653]",1,-1
49120,[0.64469642 0.63341264],49,9,"[0.5945682323783136, 0.6193254997600653]",1,-1
49121,[0.67208189 0.69519884],49,34,"[0.6634532409245524, 0.760224782080757]",1,-1
49122,[0.70179338 0.58706744],49,11,"[0.7051682617613192, 0.574171671796882]",1,-1
49123,[0.74130089 0.5959929 ],49,11,"[0.7051682617613192, 0.574171671796882]",1,-1
49124,[0.67675341 0.50170624],49,26,"[0.6734889003123068, 0.4756404454441684]",1,-1
49125,[0.70486062 0.51935077],49,26,"[0.6734889003123068, 0.4756404454441684]",1,-1
49126,[0.61719649 0.58083297],49,10,"[0.6101257152780476, 0.5394800330734051]",1,63
49127,[0.64063    0.41103406],49,28,"[0.6409610568572724, 0.3943628717562158]",1,-1
49128,[0.67714331 0.57436273],49,11,"[0.7051682617613192, 0.574171671796882]",1,-1
49129,[0.70464387 0.54609586],49,11,"[0.7051682617613192, 0.574171671796882]",1,-1
49130,[0.69211475 0.65351634],49,-1,-1,1,-1
49131,[0.65341396 0.63116048],49,9,"[0.5945682323783136, 0.6193254997600653]",1,-1
49132,[0.64788389 0.58225879],49,10,"[0.6101257152780476, 0.5394800330734051]",1,-1
49133,[0.68340119 0.67077324],49,-1,-1,1,-1
49134,[0.68051182 0.61267088],49,11,"[0.7051682617613192, 0.574171671796882]",1,-1
49135,[0.63598539 0.47048235],49,26,"[0.6734889003123068, 0.4756404454441684]",1,-1
49136,[0.62564977 0.5291909 ],49,10,"[0.6101257152780476, 0.5394800330734051]",1,-1
49137,[0.63829417 0.65197695],49,9,"[0.5945682323783136, 0.6193254997600653]",1,-1
49138,[0.61184677 0.56998246],49,10,"[0.6101257152780476, 0.5394800330734051]",1,-1
49139,[0.64523395 0.61647206],49,9,"[0.5945682323783136, 0.6193254997600653]",1,-1
49140,[0.64378949 0.66842174],49,9,"[0.5945682323783136, 0.6193254997600653]",1,-1
49141,[0.57557502 0.59434768],49,9,"[0.5945682323783136, 0.6193254997600653]",1,68
49142,[0.59678246 0.5729186 ],49,10,"[0.6101257152780476, 0.5394800330734051]",1,-1
49143,[0.61479774 0.58716529],49,9,"[0.5945682323783136, 0.6193254997600653]",1,63
49144,[0.67884968 0.55679205],49,11,"[0.7051682617613192, 0.574171671796882]",1,-1
49145,[0.6725309  0.45903964],49,26,"[0.6734889003123068, 0.4756404454441684]",1,-1
49146,[0.69468315 0.61937497],49,11,"[0.7051682617613192, 0.574171671796882]",1,-1
49147,[0.60915909 0.5564781 ],49,10,"[0.6101257152780476, 0.5394800330734051]",1,64
49148,[0.69530001 0.55393355],49,11,"[0.7051682617613192, 0.574171671796882]",1,-1
49149,[0.66191788 0.452595  ],49,26,"[0.6734889003123068, 0.4756404454441684]",1,-1
49150,[0.76047515 0.57081499],49,11,"[0.7051682617613192, 0.574171671796882]",1,-1
49151,[0.67020994 0.64797394],49,-1,-1,1,-1
49152,[0.62397788 0.59766869],49,9,"[0.5945682323783136, 0.6193254997600653]",1,-1
49153,[0.62270431 0.66220593],49,9,"[0.5945682323783136, 0.6193254997600653]",1,-1
49154,[0.71612171 0.52754857],49,11,"[0.7051682617613192, 0.574171671796882]",1,33
49155,[0.59538895 0.47558307],49,27,"[0.5866068271601823, 0.4386408725933068]",1,-1
49156,[0.59492473 0.52972013],49,10,"[0.6101257152780476, 0.5394800330734051]",1,-1
49157,[0.59672572 0.55197813],49,10,"[0.6101257152780476, 0.5394800330734051]",1,-1
49158,[0.59981495 0.5889169 ],49,9,"[0.5945682323783136, 0.6193254997600653]",1,63
49159,[0.58750928 0.58637198],49,9,"[0.5945682323783136, 0.6193254997600653]",1,63
49160,[0.64115053 0.57544381],49,10,"[0.6101257152780476, 0.5394800330734051]",1,-1
49161,[0.60376559 0.66480203],49,9,"[0.5945682323783136, 0.6193254997600653]",1,-1
49162,[0.62012136 0.57510914],49,10,"[0.6101257152780476, 0.5394800330734051]",1,63
49163,[0.67314571 0.53855947],49,11,"[0.7051682617613192, 0.574171671796882]",1,-1
49164,[0.69111158 0.55780845],49,11,"[0.7051682617613192, 0.574171671796882]",1,-1
49165,[0.62520062 0.64501321],49,9,"[0.5945682323783136, 0.6193254997600653]",1,-1
49166,[0.62205833 0.5974045 ],49,9,"[0.5945682323783136, 0.6193254997600653]",1,-1
49167,[0.60407328 0.62145356],49,9,"[0.5945682323783136, 0.6193254997600653]",1,-1
49168,[0.58036855 0.68774848],49,41,"[0.5613949929729852, 0.701115936473092]",1,-1
49169,[0.57836491 0.61253688],49,9,"[0.5945682323783136, 0.6193254997600653]",1,-1
49170,[0.61166563 0.50712647],49,10,"[0.6101257152780476, 0.5394800330734051]",1,-1
49171,[0.55885386 0.61523495],49,9,"[0.5945682323783136, 0.6193254997600653]",1,-1
49172,[0.5348911  0.55138188],49,2,"[0.5181425386759565, 0.548951681512668]",1,65
49173,[0.64462192 0.61741274],49,9,"[0.5945682323783136, 0.6193254997600653]",1,-1
49174,[0.64809448 0.52768202],49,10,"[0.6101257152780476, 0.5394800330734051]",1,-1
49175,[0.56679466 0.56991125],49,10,"[0.6101257152780476, 0.5394800330734051]",1,-1
49176,[0.62712437 0.65903946],49,9,"[0.5945682323783136, 0.6193254997600653]",1,-1
49177,[0.63278934 0.58732652],49,9,"[0.5945682323783136, 0.6193254997600653]",1,-1
49178,[0.63369791 0.5729912 ],49,10,"[0.6101257152780476, 0.5394800330734051]",1,-1
49179,[0.66402346 0.66055962],49,-1,-1,1,-1
49180,[0.61465205 0.56223444],49,10,"[0.6101257152780476, 0.5394800330734051]",1,-1
49181,[0.6528596  0.55495808],49,10,"[0.6101257152780476, 0.5394800330734051]",1,-1
49182,[0.60804157 0.50256775],49,10,"[0.6101257152780476, 0.5394800330734051]",1,-1
49183,[0.65985569 0.50407017],49,26,"[0.6734889003123068, 0.4756404454441684]",1,-1
49184,[0.68329768 0.54954027],49,11,"[0.7051682617613192, 0.574171671796882]",1,26
49185,[0.67312771 0.53799084],49,11,"[0.7051682617613192, 0.574171671796882]",1,-1
49186,[0.64332826 0.65293767],49,9,"[0.5945682323783136, 0.6193254997600653]",1,-1
49187,[0.6456056  0.53113058],49,10,"[0.6101257152780476, 0.5394800330734051]",1,-1
49188,[0.69856896 0.54989205],49,11,"[0.7051682617613192, 0.574171671796882]",1,-1
49189,[0.65359116 0.62469718],49,9,"[0.5945682323783136, 0.6193254997600653]",1,-1
49190,[0.63090144 0.63645169],49,9,"[0.5945682323783136, 0.6193254997600653]",1,-1
49191,[0.64228347 0.58310039],49,10,"[0.6101257152780476, 0.5394800330734051]",1,-1
49192,[0.64398849 0.54406703],49,10,"[0.6101257152780476, 0.5394800330734051]",1,-1
49193,[0.66025983 0.61191192],49,11,"[0.7051682617613192, 0.574171671796882]",1,-1
49194,[0.62480187 0.54057133],49,10,"[0.6101257152780476, 0.5394800330734051]",1,-1
49195,[0.7194855  0.56565447],49,11,"[0.7051682617613192, 0.574171671796882]",1,-1
49196,[0.6928729  0.58885822],49,11,"[0.7051682617613192, 0.574171671796882]",1,-1
49197,[0.69282177 0.56097335],49,11,"[0.7051682617613192, 0.574171671796882]",1,-1
49198,[0.61129326 0.59267113],49,9,"[0.5945682323783136, 0.6193254997600653]",1,63
49199,[0.6180415  0.58383998],49,9,"[0.5945682323783136, 0.6193254997600653]",1,63
49200,[0.67836557 0.6142602 ],49,11,"[0.7051682617613192, 0.574171671796882]",1,-1
49201,[0.62845127 0.60151684],49,9,"[0.5945682323783136, 0.6193254997600653]",1,-1
49202,[0.7149922  0.49960216],49,26,"[0.6734889003123068, 0.4756404454441684]",1,-1
49203,[0.66244922 0.53850276],49,10,"[0.6101257152780476, 0.5394800330734051]",1,-1
49204,[0.55870882 0.5666713 ],49,2,"[0.5181425386759565, 0.548951681512668]",1,-1
49205,[0.69231241 0.60453598],49,11,"[0.7051682617613192, 0.574171671796882]",1,-1
49206,[0.70083474 0.70380714],49,34,"[0.6634532409245524, 0.760224782080757]",1,6
49207,[0.59558907 0.64640493],49,9,"[0.5945682323783136, 0.6193254997600653]",1,-1
49208,[0.58902041 0.57654854],49,10,"[0.6101257152780476, 0.5394800330734051]",1,-1
49209,[0.68239676 0.59193542],49,11,"[0.7051682617613192, 0.574171671796882]",1,-1
49210,[0.60735433 0.56040761],49,10,"[0.6101257152780476, 0.5394800330734051]",1,64
49211,[0.74667183 0.61939372],49,11,"[0.7051682617613192, 0.574171671796882]",1,-1
49212,[0.50194291 0.60248482],49,5,"[0.47989515498241786, 0.6212764114798471]",1,-1
49213,[0.76075876 0.49040324],49,32,"[0.7535856051996079, 0.45307884495298306]",1,-1
49214,[0.65629037 0.55221841],49,10,"[0.6101257152780476, 0.5394800330734051]",1,-1
49215,[0.6586007  0.51820697],49,26,"[0.6734889003123068, 0.4756404454441684]",1,-1
49216,[0.57927168 0.52828742],49,10,"[0.6101257152780476, 0.5394800330734051]",1,-1
49217,[0.63641708 0.55592276],49,10,"[0.6101257152780476, 0.5394800330734051]",1,-1
49218,[0.70952985 0.57321656],49,11,"[0.7051682617613192, 0.574171671796882]",1,-1
49219,[0.67503879 0.54214387],49,11,"[0.7051682617613192, 0.574171671796882]",1,26
49220,[0.68765877 0.59252543],49,11,"[0.7051682617613192, 0.574171671796882]",1,-1
49221,[0.73653008 0.57570477],49,11,"[0.7051682617613192, 0.574171671796882]",1,-1
49222,[0.64960103 0.58574055],49,11,"[0.7051682617613192, 0.574171671796882]",1,55
49223,[0.67881291 0.61515477],49,11,"[0.7051682617613192, 0.574171671796882]",1,-1
49224,[0.6564807  0.59135537],49,11,"[0.7051682617613192, 0.574171671796882]",1,-1
49225,[0.6259471  0.60962335],49,9,"[0.5945682323783136, 0.6193254997600653]",1,-1
49226,[0.64255034 0.65036946],49,9,"[0.5945682323783136, 0.6193254997600653]",1,-1
49227,[0.67062385 0.52512466],49,26,"[0.6734889003123068, 0.4756404454441684]",1,-1
49228,[0.63190803 0.61336704],49,9,"[0.5945682323783136, 0.6193254997600653]",1,-1
49229,[0.48839439 0.58645312],49,5,"[0.47989515498241786, 0.6212764114798471]",1,70
49230,[0.65588169 0.62970366],49,9,"[0.5945682323783136, 0.6193254997600653]",1,-1
49231,[0.70604208 0.5927677 ],49,11,"[0.7051682617613192, 0.574171671796882]",1,-1
49232,[0.68521634 0.61678832],49,11,"[0.7051682617613192, 0.574171671796882]",1,-1
49233,[0.60823718 0.69455462],49,41,"[0.5613949929729852, 0.701115936473092]",1,-1
49234,[0.59701252 0.57202995],49,10,"[0.6101257152780476, 0.5394800330734051]",1,-1
49235,[0.62639668 0.64210524],49,9,"[0.5945682323783136, 0.6193254997600653]",1,-1
49236,[0.65919298 0.5735687 ],49,11,"[0.7051682617613192, 0.574171671796882]",1,-1
49237,[0.63627575 0.58109233],49,10,"[0.6101257152780476, 0.5394800330734051]",1,-1
49238,[0.69451237 0.6381683 ],49,11,"[0.7051682617613192, 0.574171671796882]",1,-1
49239,[0.65757892 0.66661164],49,-1,-1,1,-1
49240,[0.69021499 0.58235365],49,11,"[0.7051682617613192, 0.574171671796882]",1,-1
49241,[0.62433662 0.61288003],49,9,"[0.5945682323783136, 0.6193254997600653]",1,-1
49242,[0.65241599 0.52471277],49,10,"[0.6101257152780476, 0.5394800330734051]",1,-1
49243,[0.63995743 0.55288969],49,10,"[0.6101257152780476, 0.5394800330734051]",1,-1
49244,[0.65189018 0.57487003],49,11,"[0.7051682617613192, 0.574171671796882]",1,-1
49245,[0.66069107 0.54656449],49,10,"[0.6101257152780476, 0.5394800330734051]",1,-1
49246,[0.67035668 0.62640954],49,11,"[0.7051682617613192, 0.574171671796882]",1,-1
49247,[0.57621168 0.64813402],49,9,"[0.5945682323783136, 0.6193254997600653]",1,-1
49248,[0.60330553 0.47443654],49,27,"[0.5866068271601823, 0.4386408725933068]",1,-1
49249,[0.74961899 0.63266498],49,-1,-1,1,-1
49250,[0.56901505 0.54367926],49,10,"[0.6101257152780476, 0.5394800330734051]",1,-1
49251,[0.58398663 0.52646394],49,10,"[0.6101257152780476, 0.5394800330734051]",1,-1
49252,[0.68935279 0.5732093 ],49,11,"[0.7051682617613192, 0.574171671796882]",1,-1
49253,[0.56367022 0.58915067],49,9,"[0.5945682323783136, 0.6193254997600653]",1,-1
49254,[0.71381378 0.62408987],49,11,"[0.7051682617613192, 0.574171671796882]",1,-1
49255,[0.70572707 0.5542975 ],49,11,"[0.7051682617613192, 0.574171671796882]",1,-1
49256,[0.64191584 0.63479618],49,9,"[0.5945682323783136, 0.6193254997600653]",1,-1
49257,[0.64334127 0.48628022],49,26,"[0.6734889003123068, 0.4756404454441684]",1,-1
49258,[0.64458966 0.57475447],49,10,"[0.6101257152780476, 0.5394800330734051]",1,-1
49259,[0.71829645 0.69180774],49,-1,-1,1,-1
49260,[0.69025021 0.60478338],49,11,"[0.7051682617613192, 0.574171671796882]",1,-1
49261,[0.65567861 0.58753003],49,11,"[0.7051682617613192, 0.574171671796882]",1,-1
49262,[0.67395744 0.60635735],49,11,"[0.7051682617613192, 0.574171671796882]",1,-1
49263,[0.6875385  0.60103354],49,11,"[0.7051682617613192, 0.574171671796882]",1,-1
49264,[0.67886774 0.68358059],49,-1,-1,1,-1
49265,[0.75518496 0.64265189],49,-1,-1,1,-1
49266,[0.5944713  0.51483266],49,10,"[0.6101257152780476, 0.5394800330734051]",1,-1
49267,[0.6309023  0.54142901],49,10,"[0.6101257152780476, 0.5394800330734051]",1,-1
49268,[0.62010923 0.59254732],49,9,"[0.5945682323783136, 0.6193254997600653]",1,-1
49269,[0.5753618 0.592658 ],49,9,"[0.5945682323783136, 0.6193254997600653]",1,68
49270,[0.68481534 0.5953174 ],49,11,"[0.7051682617613192, 0.574171671796882]",1,-1
49271,[0.66327777 0.5140662 ],49,26,"[0.6734889003123068, 0.4756404454441684]",1,-1
49272,[0.60668022 0.59271847],49,9,"[0.5945682323783136, 0.6193254997600653]",1,-1
49273,[0.69749454 0.59892304],49,11,"[0.7051682617613192, 0.574171671796882]",1,-1
49274,[0.61094738 0.57681397],49,10,"[0.6101257152780476, 0.5394800330734051]",1,-1
49275,[0.64773204 0.6482404 ],49,9,"[0.5945682323783136, 0.6193254997600653]",1,-1
49276,[0.68731742 0.53856088],49,11,"[0.7051682617613192, 0.574171671796882]",1,-1
49277,[0.58548741 0.63274471],49,9,"[0.5945682323783136, 0.6193254997600653]",1,-1
49278,[0.71604325 0.63133828],49,11,"[0.7051682617613192, 0.574171671796882]",1,-1
49279,[0.64892166 0.63245046],49,9,"[0.5945682323783136, 0.6193254997600653]",1,-1
49280,[0.72934758 0.49509659],49,32,"[0.7535856051996079, 0.45307884495298306]",1,-1
49281,[0.63831717 0.53567139],49,10,"[0.6101257152780476, 0.5394800330734051]",1,-1
49282,[0.67428398 0.52692397],49,26,"[0.6734889003123068, 0.4756404454441684]",1,-1
49283,[0.63146994 0.56981793],49,10,"[0.6101257152780476, 0.5394800330734051]",1,-1
49284,[0.67743623 0.6032842 ],49,11,"[0.7051682617613192, 0.574171671796882]",1,-1
49285,[0.58807986 0.62194599],49,9,"[0.5945682323783136, 0.6193254997600653]",1,-1
49286,[0.58248177 0.6221353 ],49,9,"[0.5945682323783136, 0.6193254997600653]",1,-1
49287,[0.63299394 0.54020752],49,10,"[0.6101257152780476, 0.5394800330734051]",1,-1
49288,[0.60219631 0.50489679],49,10,"[0.6101257152780476, 0.5394800330734051]",1,-1
49289,[0.58607394 0.54196851],49,10,"[0.6101257152780476, 0.5394800330734051]",1,-1
49290,[0.64056725 0.61815663],49,9,"[0.5945682323783136, 0.6193254997600653]",1,-1
49291,[0.67744632 0.56304631],49,11,"[0.7051682617613192, 0.574171671796882]",1,-1
49292,[0.62350051 0.61890681],49,9,"[0.5945682323783136, 0.6193254997600653]",1,-1
49293,[0.63983521 0.5644762 ],49,10,"[0.6101257152780476, 0.5394800330734051]",1,-1
49294,[0.70731376 0.595715  ],49,11,"[0.7051682617613192, 0.574171671796882]",1,-1
49295,[0.63393151 0.56031614],49,10,"[0.6101257152780476, 0.5394800330734051]",1,-1
49296,[0.76850371 0.60560008],49,43,"[0.8274941202305067, 0.5998913364221842]",1,-1
49297,[0.57705637 0.64190823],49,9,"[0.5945682323783136, 0.6193254997600653]",1,-1
49298,[0.60559394 0.55296355],49,10,"[0.6101257152780476, 0.5394800330734051]",1,-1
49299,[0.60071061 0.62535348],49,9,"[0.5945682323783136, 0.6193254997600653]",1,-1
49300,[0.68897902 0.59871148],49,11,"[0.7051682617613192, 0.574171671796882]",1,-1
49301,[0.66665863 0.62773948],49,11,"[0.7051682617613192, 0.574171671796882]",1,-1
49302,[0.77898671 0.56484168],49,3,"[0.8068810957052946, 0.5180547120844742]",1,-1
49303,[0.64070497 0.56680616],49,10,"[0.6101257152780476, 0.5394800330734051]",1,-1
49304,[0.6595095  0.63816857],49,9,"[0.5945682323783136, 0.6193254997600653]",1,-1
49305,[0.66851454 0.59346306],49,11,"[0.7051682617613192, 0.574171671796882]",1,-1
49306,[0.56545061 0.60386633],49,9,"[0.5945682323783136, 0.6193254997600653]",1,-1
49307,[0.59052762 0.60007507],49,9,"[0.5945682323783136, 0.6193254997600653]",1,-1
49308,[0.56433778 0.46339345],49,27,"[0.5866068271601823, 0.4386408725933068]",1,-1
49309,[0.62979267 0.57620641],49,10,"[0.6101257152780476, 0.5394800330734051]",1,-1
49310,[0.64409432 0.58137056],49,10,"[0.6101257152780476, 0.5394800330734051]",1,-1
49311,[0.69014694 0.51956413],49,26,"[0.6734889003123068, 0.4756404454441684]",1,-1
49312,[0.69498785 0.61639223],49,11,"[0.7051682617613192, 0.574171671796882]",1,-1
49313,[0.60034645 0.67062739],49,41,"[0.5613949929729852, 0.701115936473092]",1,-1
49314,[0.65075032 0.55250625],49,10,"[0.6101257152780476, 0.5394800330734051]",1,-1
49315,[0.5770455  0.61981908],49,9,"[0.5945682323783136, 0.6193254997600653]",1,-1
49316,[0.63321081 0.51697318],49,10,"[0.6101257152780476, 0.5394800330734051]",1,-1
49317,[0.77122455 0.62883314],49,43,"[0.8274941202305067, 0.5998913364221842]",1,-1
49318,[0.68500354 0.55578453],49,11,"[0.7051682617613192, 0.574171671796882]",1,-1
49319,[0.67645884 0.54556773],49,11,"[0.7051682617613192, 0.574171671796882]",1,26
49320,[0.61689167 0.55994494],49,10,"[0.6101257152780476, 0.5394800330734051]",1,-1
49321,[0.62261255 0.5283433 ],49,10,"[0.6101257152780476, 0.5394800330734051]",1,-1
49322,[0.62008641 0.4845046 ],49,26,"[0.6734889003123068, 0.4756404454441684]",1,34
49323,[0.67529362 0.64403438],49,-1,-1,1,-1
49324,[0.63179999 0.50371386],49,10,"[0.6101257152780476, 0.5394800330734051]",1,-1
49325,[0.66823669 0.56585471],49,11,"[0.7051682617613192, 0.574171671796882]",1,-1
49326,[0.64699711 0.51204304],49,26,"[0.6734889003123068, 0.4756404454441684]",1,-1
49327,[0.62649412 0.56000734],49,10,"[0.6101257152780476, 0.5394800330734051]",1,-1
49328,[0.57724677 0.60066416],49,9,"[0.5945682323783136, 0.6193254997600653]",1,-1
49329,[0.68239029 0.54270628],49,11,"[0.7051682617613192, 0.574171671796882]",1,26
49330,[0.721074   0.51640006],49,11,"[0.7051682617613192, 0.574171671796882]",1,-1
49331,[0.67276446 0.65434952],49,-1,-1,1,-1
49332,[0.65927268 0.62346969],49,9,"[0.5945682323783136, 0.6193254997600653]",1,-1
49333,[0.59598019 0.61445743],49,9,"[0.5945682323783136, 0.6193254997600653]",1,-1
49334,[0.64960611 0.71008337],49,34,"[0.6634532409245524, 0.760224782080757]",1,-1
49335,[0.70827469 0.55273516],49,11,"[0.7051682617613192, 0.574171671796882]",1,-1
49336,[0.63475517 0.56280535],49,10,"[0.6101257152780476, 0.5394800330734051]",1,-1
49337,[0.6923376  0.43439429],49,30,"[0.6934973256581222, 0.4131681772802667]",1,57
49338,[0.60937868 0.49603558],49,10,"[0.6101257152780476, 0.5394800330734051]",1,-1
49339,[0.5263206  0.52071498],49,2,"[0.5181425386759565, 0.548951681512668]",1,-1
49340,[0.72684803 0.57322602],49,11,"[0.7051682617613192, 0.574171671796882]",1,-1
49341,[0.61751905 0.68143431],49,41,"[0.5613949929729852, 0.701115936473092]",1,-1
49342,[0.60722095 0.49578684],49,10,"[0.6101257152780476, 0.5394800330734051]",1,-1
49343,[0.57513291 0.62791541],49,9,"[0.5945682323783136, 0.6193254997600653]",1,-1
49344,[0.61601383 0.54360145],49,10,"[0.6101257152780476, 0.5394800330734051]",1,-1
49345,[0.60980657 0.64900426],49,9,"[0.5945682323783136, 0.6193254997600653]",1,-1
49346,[0.7607073  0.59843809],49,11,"[0.7051682617613192, 0.574171671796882]",1,-1
49347,[0.59684654 0.61508213],49,9,"[0.5945682323783136, 0.6193254997600653]",1,-1
49348,[0.74337102 0.55674223],49,11,"[0.7051682617613192, 0.574171671796882]",1,-1
49349,[0.57700873 0.58914668],49,9,"[0.5945682323783136, 0.6193254997600653]",1,-1
49350,[0.68650431 0.58810133],49,11,"[0.7051682617613192, 0.574171671796882]",1,-1
49351,[0.67583472 0.66182394],49,-1,-1,1,-1
49352,[0.55303385 0.6617889 ],49,41,"[0.5613949929729852, 0.701115936473092]",1,-1
49353,[0.71369578 0.54671828],49,11,"[0.7051682617613192, 0.574171671796882]",1,-1
49354,[0.68065535 0.54659749],49,11,"[0.7051682617613192, 0.574171671796882]",1,26
49355,[0.60151907 0.50304039],49,10,"[0.6101257152780476, 0.5394800330734051]",1,-1
49356,[0.67753978 0.53564294],49,11,"[0.7051682617613192, 0.574171671796882]",1,-1
49357,[0.6303504  0.58378081],49,10,"[0.6101257152780476, 0.5394800330734051]",1,-1
49358,[0.6683488  0.57456336],49,11,"[0.7051682617613192, 0.574171671796882]",1,-1
49359,[0.68064008 0.52267922],49,26,"[0.6734889003123068, 0.4756404454441684]",1,-1
49360,[0.63648692 0.52488915],49,10,"[0.6101257152780476, 0.5394800330734051]",1,-1
49361,[0.67381329 0.57103436],49,11,"[0.7051682617613192, 0.574171671796882]",1,-1
49362,[0.60597212 0.58913016],49,9,"[0.5945682323783136, 0.6193254997600653]",1,63
49363,[0.64715057 0.50134445],49,26,"[0.6734889003123068, 0.4756404454441684]",1,-1
49364,[0.67809587 0.54149287],49,11,"[0.7051682617613192, 0.574171671796882]",1,-1
49365,[0.651173   0.62842723],49,9,"[0.5945682323783136, 0.6193254997600653]",1,-1
49366,[0.65156734 0.52777573],49,10,"[0.6101257152780476, 0.5394800330734051]",1,-1
49367,[0.74140917 0.51683812],49,32,"[0.7535856051996079, 0.45307884495298306]",1,-1
49368,[0.63140902 0.66448188],49,9,"[0.5945682323783136, 0.6193254997600653]",1,-1
49369,[0.62370024 0.62758793],49,9,"[0.5945682323783136, 0.6193254997600653]",1,-1
49370,[0.63205074 0.60134407],49,9,"[0.5945682323783136, 0.6193254997600653]",1,-1
49371,[0.60065552 0.58545147],49,9,"[0.5945682323783136, 0.6193254997600653]",1,63
49372,[0.68706103 0.52728244],49,11,"[0.7051682617613192, 0.574171671796882]",1,-1
49373,[0.71938139 0.56129273],49,11,"[0.7051682617613192, 0.574171671796882]",1,-1
49374,[0.69846751 0.65680517],49,-1,-1,1,-1
49375,[0.63749165 0.56110334],49,10,"[0.6101257152780476, 0.5394800330734051]",1,-1
49376,[0.55746197 0.63033279],49,9,"[0.5945682323783136, 0.6193254997600653]",1,-1
49377,[0.68269569 0.60149619],49,11,"[0.7051682617613192, 0.574171671796882]",1,-1
49378,[0.69929522 0.56239848],49,11,"[0.7051682617613192, 0.574171671796882]",1,-1
49379,[0.66944293 0.65680157],49,-1,-1,1,-1
49380,[0.70586578 0.57607778],49,11,"[0.7051682617613192, 0.574171671796882]",1,-1
49381,[0.63662281 0.53194646],49,10,"[0.6101257152780476, 0.5394800330734051]",1,-1
49382,[0.60843578 0.60454269],49,9,"[0.5945682323783136, 0.6193254997600653]",1,-1
49383,[0.61124176 0.6411826 ],49,9,"[0.5945682323783136, 0.6193254997600653]",1,-1
49384,[0.61782903 0.49179334],49,10,"[0.6101257152780476, 0.5394800330734051]",1,34
49385,[0.56060346 0.61452568],49,9,"[0.5945682323783136, 0.6193254997600653]",1,-1
49386,[0.62777808 0.60903219],49,9,"[0.5945682323783136, 0.6193254997600653]",1,-1
49387,[0.6840775  0.57832154],49,11,"[0.7051682617613192, 0.574171671796882]",1,-1
49388,[0.59526958 0.58718732],49,9,"[0.5945682323783136, 0.6193254997600653]",1,63
49389,[0.60578776 0.62876472],49,9,"[0.5945682323783136, 0.6193254997600653]",1,-1
49390,[0.6774337  0.61620489],49,11,"[0.7051682617613192, 0.574171671796882]",1,-1
49391,[0.58871155 0.6263162 ],49,9,"[0.5945682323783136, 0.6193254997600653]",1,-1
49392,[0.68581758 0.59629623],49,11,"[0.7051682617613192, 0.574171671796882]",1,-1
49393,[0.69004939 0.54092055],49,11,"[0.7051682617613192, 0.574171671796882]",1,26
49394,[0.6966405  0.63137997],49,11,"[0.7051682617613192, 0.574171671796882]",1,-1
49395,[0.71958759 0.60809964],49,11,"[0.7051682617613192, 0.574171671796882]",1,-1
49396,[0.69798469 0.51132504],49,26,"[0.6734889003123068, 0.4756404454441684]",1,-1
49397,[0.69254501 0.6400829 ],49,11,"[0.7051682617613192, 0.574171671796882]",1,-1
49398,[0.74299094 0.56489533],49,11,"[0.7051682617613192, 0.574171671796882]",1,-1
49399,[0.61817157 0.66716192],49,9,"[0.5945682323783136, 0.6193254997600653]",1,-1
49400,[0.7587369  0.60010333],49,11,"[0.7051682617613192, 0.574171671796882]",1,-1
49401,[0.69733286 0.49438488],49,26,"[0.6734889003123068, 0.4756404454441684]",1,-1
49402,[0.56663321 0.60169975],49,9,"[0.5945682323783136, 0.6193254997600653]",1,-1
49403,[0.74757506 0.5436409 ],49,11,"[0.7051682617613192, 0.574171671796882]",1,-1
49404,[0.65012249 0.59956214],49,9,"[0.5945682323783136, 0.6193254997600653]",1,-1
49405,[0.67811359 0.51293961],49,26,"[0.6734889003123068, 0.4756404454441684]",1,-1
49406,[0.68664267 0.47190742],49,26,"[0.6734889003123068, 0.4756404454441684]",1,-1
49407,[0.64065924 0.58026221],49,10,"[0.6101257152780476, 0.5394800330734051]",1,-1
49408,[0.65340992 0.5993072 ],49,11,"[0.7051682617613192, 0.574171671796882]",1,-1
49409,[0.66690024 0.58175525],49,11,"[0.7051682617613192, 0.574171671796882]",1,55
49410,[0.62803291 0.54496292],49,10,"[0.6101257152780476, 0.5394800330734051]",1,-1
49411,[0.62213334 0.52301552],49,10,"[0.6101257152780476, 0.5394800330734051]",1,-1
49412,[0.70968219 0.52781579],49,11,"[0.7051682617613192, 0.574171671796882]",1,33
49413,[0.72521218 0.64622027],49,-1,-1,1,-1
49414,[0.62826037 0.58398576],49,10,"[0.6101257152780476, 0.5394800330734051]",1,-1
49415,[0.66172734 0.61596262],49,11,"[0.7051682617613192, 0.574171671796882]",1,-1
49416,[0.70460246 0.53030493],49,11,"[0.7051682617613192, 0.574171671796882]",1,-1
49417,[0.57318487 0.54396959],49,10,"[0.6101257152780476, 0.5394800330734051]",1,-1
49418,[0.51627034 0.58421275],49,2,"[0.5181425386759565, 0.548951681512668]",1,-1
49419,[0.68709013 0.54133531],49,11,"[0.7051682617613192, 0.574171671796882]",1,-1
49420,[0.67879466 0.54101089],49,11,"[0.7051682617613192, 0.574171671796882]",1,-1
49421,[0.74183429 0.58681323],49,11,"[0.7051682617613192, 0.574171671796882]",1,-1
49422,[0.64281947 0.58408309],49,10,"[0.6101257152780476, 0.5394800330734051]",1,-1
49423,[0.6201702  0.59041235],49,9,"[0.5945682323783136, 0.6193254997600653]",1,-1
49424,[0.6729474  0.65911912],49,-1,-1,1,-1
49425,[0.63677395 0.59653203],49,9,"[0.5945682323783136, 0.6193254997600653]",1,-1
49426,[0.55821941 0.49512963],49,27,"[0.5866068271601823, 0.4386408725933068]",1,-1
49427,[0.74700743 0.60848489],49,11,"[0.7051682617613192, 0.574171671796882]",1,-1
49428,[0.69529919 0.53795976],49,11,"[0.7051682617613192, 0.574171671796882]",1,26
49429,[0.73355539 0.60601288],49,11,"[0.7051682617613192, 0.574171671796882]",1,-1
49430,[0.63094708 0.60692083],49,9,"[0.5945682323783136, 0.6193254997600653]",1,-1
49431,[0.63711151 0.53172022],49,10,"[0.6101257152780476, 0.5394800330734051]",1,-1
49432,[0.61477997 0.62740202],49,9,"[0.5945682323783136, 0.6193254997600653]",1,-1
49433,[0.58261604 0.57856904],49,9,"[0.5945682323783136, 0.6193254997600653]",1,69
49434,[0.64712178 0.58821785],49,11,"[0.7051682617613192, 0.574171671796882]",1,55
49435,[0.64166785 0.63520411],49,9,"[0.5945682323783136, 0.6193254997600653]",1,-1
49436,[0.69780994 0.55509965],49,11,"[0.7051682617613192, 0.574171671796882]",1,-1
49437,[0.61681949 0.54952893],49,10,"[0.6101257152780476, 0.5394800330734051]",1,-1
49438,[0.63373066 0.58390744],49,10,"[0.6101257152780476, 0.5394800330734051]",1,-1
49439,[0.63222824 0.55011531],49,10,"[0.6101257152780476, 0.5394800330734051]",1,-1
49440,[0.63463163 0.54112852],49,10,"[0.6101257152780476, 0.5394800330734051]",1,-1
49441,[0.62652718 0.51867567],49,10,"[0.6101257152780476, 0.5394800330734051]",1,-1
49442,[0.72790141 0.65358703],49,-1,-1,1,-1
49443,[0.60447906 0.62050717],49,9,"[0.5945682323783136, 0.6193254997600653]",1,-1
49444,[0.61320188 0.63834218],49,9,"[0.5945682323783136, 0.6193254997600653]",1,-1
49445,[0.65196714 0.61533705],49,9,"[0.5945682323783136, 0.6193254997600653]",1,-1
49446,[0.58116639 0.61035479],49,9,"[0.5945682323783136, 0.6193254997600653]",1,-1
49447,[0.65103119 0.57965236],49,11,"[0.7051682617613192, 0.574171671796882]",1,-1
49448,[0.61805768 0.54196932],49,10,"[0.6101257152780476, 0.5394800330734051]",1,-1
49449,[0.67003474 0.54905505],49,11,"[0.7051682617613192, 0.574171671796882]",1,-1
49450,[0.65980929 0.64882016],49,-1,-1,1,-1
49451,[0.6808346  0.60686893],49,11,"[0.7051682617613192, 0.574171671796882]",1,-1
49452,[0.71231423 0.65629453],49,-1,-1,1,-1
49453,[0.5811714 0.6366175],49,9,"[0.5945682323783136, 0.6193254997600653]",1,-1
49454,[0.66703117 0.59234147],49,11,"[0.7051682617613192, 0.574171671796882]",1,-1
49455,[0.65684479 0.62264894],49,9,"[0.5945682323783136, 0.6193254997600653]",1,-1
49456,[0.59622093 0.56134553],49,10,"[0.6101257152780476, 0.5394800330734051]",1,-1
49457,[0.63620785 0.588082  ],49,9,"[0.5945682323783136, 0.6193254997600653]",1,-1
49458,[0.6526187  0.51852091],49,10,"[0.6101257152780476, 0.5394800330734051]",1,-1
49459,[0.65881405 0.6245461 ],49,9,"[0.5945682323783136, 0.6193254997600653]",1,-1
49460,[0.6621284  0.61085498],49,11,"[0.7051682617613192, 0.574171671796882]",1,-1
49461,[0.70516624 0.57698024],49,11,"[0.7051682617613192, 0.574171671796882]",1,-1
49462,[0.71770953 0.57036888],49,11,"[0.7051682617613192, 0.574171671796882]",1,-1
49463,[0.6407035  0.52821615],49,10,"[0.6101257152780476, 0.5394800330734051]",1,-1
49464,[0.57151641 0.55173405],49,10,"[0.6101257152780476, 0.5394800330734051]",1,69
49465,[0.64916814 0.61753843],49,9,"[0.5945682323783136, 0.6193254997600653]",1,-1
49466,[0.58263977 0.50460176],49,10,"[0.6101257152780476, 0.5394800330734051]",1,-1
49467,[0.62433294 0.55062515],49,10,"[0.6101257152780476, 0.5394800330734051]",1,-1
49468,[0.66324603 0.58574673],49,11,"[0.7051682617613192, 0.574171671796882]",1,55
49469,[0.59955412 0.61753665],49,9,"[0.5945682323783136, 0.6193254997600653]",1,-1
49470,[0.68431685 0.61180368],49,11,"[0.7051682617613192, 0.574171671796882]",1,-1
49471,[0.64408241 0.62142373],49,9,"[0.5945682323783136, 0.6193254997600653]",1,-1
49472,[0.56969309 0.51358961],49,10,"[0.6101257152780476, 0.5394800330734051]",1,-1
49473,[0.71901419 0.60215335],49,11,"[0.7051682617613192, 0.574171671796882]",1,-1
49474,[0.66282248 0.6052852 ],49,11,"[0.7051682617613192, 0.574171671796882]",1,-1
49475,[0.6615031  0.56513565],49,11,"[0.7051682617613192, 0.574171671796882]",1,-1
49476,[0.62655781 0.58331683],49,10,"[0.6101257152780476, 0.5394800330734051]",1,-1
49477,[0.60129843 0.59612835],49,9,"[0.5945682323783136, 0.6193254997600653]",1,-1
49478,[0.62782961 0.63807347],49,9,"[0.5945682323783136, 0.6193254997600653]",1,-1
49479,[0.62775712 0.51818917],49,10,"[0.6101257152780476, 0.5394800330734051]",1,-1
49480,[0.63728556 0.59115806],49,9,"[0.5945682323783136, 0.6193254997600653]",1,-1
49481,[0.67635776 0.54470139],49,11,"[0.7051682617613192, 0.574171671796882]",1,26
49482,[0.67311366 0.58321005],49,11,"[0.7051682617613192, 0.574171671796882]",1,-1
49483,[0.63614771 0.52895171],49,10,"[0.6101257152780476, 0.5394800330734051]",1,-1
49484,[0.71548345 0.49379681],49,26,"[0.6734889003123068, 0.4756404454441684]",1,-1
49485,[0.61391835 0.48007419],49,27,"[0.5866068271601823, 0.4386408725933068]",1,-1
49486,[0.66008305 0.5307406 ],49,10,"[0.6101257152780476, 0.5394800330734051]",1,-1
49487,[0.54052035 0.62650269],49,9,"[0.5945682323783136, 0.6193254997600653]",1,-1
49488,[0.60191687 0.56656341],49,10,"[0.6101257152780476, 0.5394800330734051]",1,-1
49489,[0.6576339  0.56465741],49,11,"[0.7051682617613192, 0.574171671796882]",1,-1
49490,[0.74431314 0.56900143],49,11,"[0.7051682617613192, 0.574171671796882]",1,-1
49491,[0.67858971 0.62625696],49,11,"[0.7051682617613192, 0.574171671796882]",1,-1
49492,[0.70666106 0.60219701],49,11,"[0.7051682617613192, 0.574171671796882]",1,-1
49493,[0.66135354 0.55148749],49,11,"[0.7051682617613192, 0.574171671796882]",1,-1
49494,[0.78104453 0.57838659],49,43,"[0.8274941202305067, 0.5998913364221842]",1,-1
49495,[0.68858732 0.5459851 ],49,11,"[0.7051682617613192, 0.574171671796882]",1,26
49496,[0.6748668  0.62667051],49,11,"[0.7051682617613192, 0.574171671796882]",1,-1
49497,[0.60936443 0.50666854],49,10,"[0.6101257152780476, 0.5394800330734051]",1,-1
49498,[0.66452433 0.58073147],49,11,"[0.7051682617613192, 0.574171671796882]",1,55
49499,[0.58997684 0.58436109],49,9,"[0.5945682323783136, 0.6193254997600653]",1,-1
49500,[0.69199072 0.63052366],49,11,"[0.7051682617613192, 0.574171671796882]",1,-1
49501,[0.63116615 0.56989327],49,10,"[0.6101257152780476, 0.5394800330734051]",1,-1
49502,[0.66816954 0.5030246 ],49,26,"[0.6734889003123068, 0.4756404454441684]",1,-1
49503,[0.58363071 0.53380823],49,10,"[0.6101257152780476, 0.5394800330734051]",1,-1
49504,[0.61599619 0.52702671],49,10,"[0.6101257152780476, 0.5394800330734051]",1,-1
49505,[0.6164733  0.65035519],49,9,"[0.5945682323783136, 0.6193254997600653]",1,-1
49506,[0.64431809 0.61214337],49,9,"[0.5945682323783136, 0.6193254997600653]",1,-1
49507,[0.62306547 0.53422584],49,10,"[0.6101257152780476, 0.5394800330734051]",1,-1
49508,[0.58983209 0.52481262],49,10,"[0.6101257152780476, 0.5394800330734051]",1,-1
49509,[0.58322689 0.47782066],49,27,"[0.5866068271601823, 0.4386408725933068]",1,-1
49510,[0.65174206 0.57162035],49,10,"[0.6101257152780476, 0.5394800330734051]",1,-1
49511,[0.7285596  0.53242401],49,11,"[0.7051682617613192, 0.574171671796882]",1,-1
49512,[0.53152093 0.53440083],49,2,"[0.5181425386759565, 0.548951681512668]",1,-1
49513,[0.7032615  0.61268557],49,11,"[0.7051682617613192, 0.574171671796882]",1,-1
49514,[0.66650729 0.64642095],49,-1,-1,1,-1
49515,[0.67188917 0.54166196],49,11,"[0.7051682617613192, 0.574171671796882]",1,26
49516,[0.6980005  0.54670951],49,11,"[0.7051682617613192, 0.574171671796882]",1,-1
49517,[0.61391566 0.52231427],49,10,"[0.6101257152780476, 0.5394800330734051]",1,-1
49518,[0.6749817  0.56510388],49,11,"[0.7051682617613192, 0.574171671796882]",1,-1
49519,[0.65356712 0.52042209],49,10,"[0.6101257152780476, 0.5394800330734051]",1,-1
49520,[0.6228581  0.57127661],49,10,"[0.6101257152780476, 0.5394800330734051]",1,-1
49521,[0.74711492 0.56179455],49,11,"[0.7051682617613192, 0.574171671796882]",1,20
49522,[0.61200979 0.60366077],49,9,"[0.5945682323783136, 0.6193254997600653]",1,-1
49523,[0.66336644 0.59078388],49,11,"[0.7051682617613192, 0.574171671796882]",1,-1
49524,[0.68343993 0.49939301],49,26,"[0.6734889003123068, 0.4756404454441684]",1,-1
49525,[0.65563769 0.60943326],49,11,"[0.7051682617613192, 0.574171671796882]",1,-1
49526,[0.66181857 0.558357  ],49,11,"[0.7051682617613192, 0.574171671796882]",1,-1
49527,[0.64324292 0.65483808],49,9,"[0.5945682323783136, 0.6193254997600653]",1,-1
49528,[0.61444052 0.67270255],49,9,"[0.5945682323783136, 0.6193254997600653]",1,-1
49529,[0.66402611 0.55368063],49,11,"[0.7051682617613192, 0.574171671796882]",1,-1
49530,[0.66966818 0.60417211],49,11,"[0.7051682617613192, 0.574171671796882]",1,-1
49531,[0.68149597 0.55351747],49,11,"[0.7051682617613192, 0.574171671796882]",1,-1
49532,[0.72166086 0.48837125],49,32,"[0.7535856051996079, 0.45307884495298306]",1,-1
49533,[0.70388738 0.61134973],49,11,"[0.7051682617613192, 0.574171671796882]",1,-1
49534,[0.6251609  0.57760883],49,10,"[0.6101257152780476, 0.5394800330734051]",1,-1
49535,[0.71583699 0.55622539],49,11,"[0.7051682617613192, 0.574171671796882]",1,-1
49536,[0.63844842 0.60133589],49,9,"[0.5945682323783136, 0.6193254997600653]",1,-1
49537,[0.64531319 0.61325425],49,9,"[0.5945682323783136, 0.6193254997600653]",1,-1
49538,[0.64415456 0.52817503],49,10,"[0.6101257152780476, 0.5394800330734051]",1,-1
49539,[0.60440368 0.51257165],49,10,"[0.6101257152780476, 0.5394800330734051]",1,-1
49540,[0.68084466 0.59733298],49,11,"[0.7051682617613192, 0.574171671796882]",1,-1
49541,[0.64601385 0.53990114],49,10,"[0.6101257152780476, 0.5394800330734051]",1,-1
49542,[0.66544015 0.63161406],49,11,"[0.7051682617613192, 0.574171671796882]",1,-1
49543,[0.66013891 0.60276188],49,11,"[0.7051682617613192, 0.574171671796882]",1,-1
49544,[0.61682356 0.55425671],49,10,"[0.6101257152780476, 0.5394800330734051]",1,-1
49545,[0.64666253 0.68691221],49,-1,-1,1,-1
49546,[0.65054838 0.65155313],49,9,"[0.5945682323783136, 0.6193254997600653]",1,-1
49547,[0.66212408 0.59115185],49,11,"[0.7051682617613192, 0.574171671796882]",1,-1
49548,[0.69082204 0.54096803],49,11,"[0.7051682617613192, 0.574171671796882]",1,26
49549,[0.63244185 0.52713736],49,10,"[0.6101257152780476, 0.5394800330734051]",1,-1
49550,[0.65017082 0.59634632],49,11,"[0.7051682617613192, 0.574171671796882]",1,-1
49551,[0.62169725 0.50530865],49,10,"[0.6101257152780476, 0.5394800330734051]",1,-1
49552,[0.66926771 0.57935029],49,11,"[0.7051682617613192, 0.574171671796882]",1,55
49553,[0.67135195 0.58326231],49,11,"[0.7051682617613192, 0.574171671796882]",1,-1
49554,[0.45788027 0.55079739],49,18,"[0.4203234088660354, 0.508036417947434]",1,-1
49555,[0.66157133 0.60827036],49,11,"[0.7051682617613192, 0.574171671796882]",1,-1
49556,[0.60704077 0.56147257],49,10,"[0.6101257152780476, 0.5394800330734051]",1,64
49557,[0.66495288 0.61746004],49,11,"[0.7051682617613192, 0.574171671796882]",1,-1
49558,[0.5914032  0.59923572],49,9,"[0.5945682323783136, 0.6193254997600653]",1,-1
49559,[0.7414268  0.56092867],49,11,"[0.7051682617613192, 0.574171671796882]",1,-1
49560,[0.66885032 0.55779706],49,11,"[0.7051682617613192, 0.574171671796882]",1,-1
49561,[0.61459385 0.54026845],49,10,"[0.6101257152780476, 0.5394800330734051]",1,-1
49562,[0.6838481  0.58139983],49,11,"[0.7051682617613192, 0.574171671796882]",1,-1
49563,[0.70702671 0.55935765],49,11,"[0.7051682617613192, 0.574171671796882]",1,-1
49564,[0.68671154 0.56393668],49,11,"[0.7051682617613192, 0.574171671796882]",1,-1
49565,[0.62779522 0.64899516],49,9,"[0.5945682323783136, 0.6193254997600653]",1,-1
49566,[0.67666753 0.54396867],49,11,"[0.7051682617613192, 0.574171671796882]",1,26
49567,[0.55512808 0.66296453],49,41,"[0.5613949929729852, 0.701115936473092]",1,-1
49568,[0.59823804 0.46265229],49,27,"[0.5866068271601823, 0.4386408725933068]",1,-1
49569,[0.62442269 0.62029704],49,9,"[0.5945682323783136, 0.6193254997600653]",1,-1
49570,[0.65709075 0.4792819 ],49,26,"[0.6734889003123068, 0.4756404454441684]",1,-1
49571,[0.70079996 0.60515877],49,11,"[0.7051682617613192, 0.574171671796882]",1,-1
49572,[0.6782005  0.45387042],49,26,"[0.6734889003123068, 0.4756404454441684]",1,-1
49573,[0.6523253  0.61251279],49,9,"[0.5945682323783136, 0.6193254997600653]",1,-1
49574,[0.6136827  0.64011607],49,9,"[0.5945682323783136, 0.6193254997600653]",1,-1
49575,[0.66342869 0.5796248 ],49,11,"[0.7051682617613192, 0.574171671796882]",1,55
49576,[0.65964936 0.51743547],49,26,"[0.6734889003123068, 0.4756404454441684]",1,-1
49577,[0.70731934 0.63779018],49,11,"[0.7051682617613192, 0.574171671796882]",1,-1
49578,[0.68323809 0.60887745],49,11,"[0.7051682617613192, 0.574171671796882]",1,-1
49579,[0.6519745  0.51892381],49,10,"[0.6101257152780476, 0.5394800330734051]",1,-1
49580,[0.66055582 0.61318828],49,11,"[0.7051682617613192, 0.574171671796882]",1,-1
49581,[0.59338693 0.56023   ],49,10,"[0.6101257152780476, 0.5394800330734051]",1,-1
49582,[0.60635207 0.55190814],49,10,"[0.6101257152780476, 0.5394800330734051]",1,-1
49583,[0.58700656 0.56166791],49,10,"[0.6101257152780476, 0.5394800330734051]",1,-1
49584,[0.68598668 0.54908161],49,11,"[0.7051682617613192, 0.574171671796882]",1,26
49585,[0.61231536 0.54064446],49,10,"[0.6101257152780476, 0.5394800330734051]",1,-1
49586,[0.66229566 0.54629332],49,11,"[0.7051682617613192, 0.574171671796882]",1,-1
49587,[0.6689599  0.55510644],49,11,"[0.7051682617613192, 0.574171671796882]",1,-1
49588,[0.71468356 0.69232267],49,-1,-1,1,-1
49589,[0.50316387 0.57947524],49,2,"[0.5181425386759565, 0.548951681512668]",1,-1
49590,[0.69229583 0.58452791],49,11,"[0.7051682617613192, 0.574171671796882]",1,-1
49591,[0.58600231 0.44691468],49,27,"[0.5866068271601823, 0.4386408725933068]",1,-1
49592,[0.67059041 0.52833408],49,26,"[0.6734889003123068, 0.4756404454441684]",1,-1
49593,[0.52162871 0.52246865],49,2,"[0.5181425386759565, 0.548951681512668]",1,-1
49594,[0.73902517 0.54966661],49,11,"[0.7051682617613192, 0.574171671796882]",1,-1
49595,[0.69153781 0.59691892],49,11,"[0.7051682617613192, 0.574171671796882]",1,-1
49596,[0.67258284 0.55992915],49,11,"[0.7051682617613192, 0.574171671796882]",1,-1
49597,[0.61856438 0.57331228],49,10,"[0.6101257152780476, 0.5394800330734051]",1,63
49598,[0.64575458 0.66150569],49,9,"[0.5945682323783136, 0.6193254997600653]",1,-1
49599,[0.69565765 0.50285377],49,26,"[0.6734889003123068, 0.4756404454441684]",1,-1
49600,[0.64905219 0.63477368],49,9,"[0.5945682323783136, 0.6193254997600653]",1,-1
49601,[0.59545719 0.4827179 ],49,27,"[0.5866068271601823, 0.4386408725933068]",1,-1
49602,[0.66821351 0.52915232],49,26,"[0.6734889003123068, 0.4756404454441684]",1,-1
49603,[0.69244138 0.47816306],49,26,"[0.6734889003123068, 0.4756404454441684]",1,39
49604,[0.64708583 0.63302105],49,9,"[0.5945682323783136, 0.6193254997600653]",1,-1
49605,[0.60998287 0.58635851],49,9,"[0.5945682323783136, 0.6193254997600653]",1,63
49606,[0.62196438 0.5977627 ],49,9,"[0.5945682323783136, 0.6193254997600653]",1,-1
49607,[0.57851142 0.59291192],49,9,"[0.5945682323783136, 0.6193254997600653]",1,68
49608,[0.64973133 0.60717406],49,9,"[0.5945682323783136, 0.6193254997600653]",1,-1
49609,[0.70084826 0.6355308 ],49,11,"[0.7051682617613192, 0.574171671796882]",1,-1
49610,[0.55048828 0.50346583],49,2,"[0.5181425386759565, 0.548951681512668]",1,-1
49611,[0.65191122 0.65575513],49,9,"[0.5945682323783136, 0.6193254997600653]",1,-1
49612,[0.60466949 0.52204223],49,10,"[0.6101257152780476, 0.5394800330734051]",1,-1
49613,[0.69307738 0.54604261],49,11,"[0.7051682617613192, 0.574171671796882]",1,26
49614,[0.71963999 0.53529236],49,11,"[0.7051682617613192, 0.574171671796882]",1,-1
49615,[0.54749661 0.61546366],49,9,"[0.5945682323783136, 0.6193254997600653]",1,-1
49616,[0.69848694 0.68498073],49,-1,-1,1,-1
49617,[0.54126363 0.59817561],49,2,"[0.5181425386759565, 0.548951681512668]",1,66
49618,[0.58565928 0.60682886],49,9,"[0.5945682323783136, 0.6193254997600653]",1,-1
49619,[0.64990812 0.54132889],49,10,"[0.6101257152780476, 0.5394800330734051]",1,-1
49620,[0.6166658  0.63375859],49,9,"[0.5945682323783136, 0.6193254997600653]",1,-1
49621,[0.69809555 0.55835584],49,11,"[0.7051682617613192, 0.574171671796882]",1,-1
49622,[0.72138668 0.47412349],49,32,"[0.7535856051996079, 0.45307884495298306]",1,-1
49623,[0.65479105 0.54516878],49,10,"[0.6101257152780476, 0.5394800330734051]",1,-1
49624,[0.66953997 0.58320556],49,11,"[0.7051682617613192, 0.574171671796882]",1,55
49625,[0.70050944 0.61206942],49,11,"[0.7051682617613192, 0.574171671796882]",1,-1
49626,[0.73129733 0.54427345],49,11,"[0.7051682617613192, 0.574171671796882]",1,-1
49627,[0.65359394 0.56210558],49,10,"[0.6101257152780476, 0.5394800330734051]",1,-1
49628,[0.65207607 0.57868061],49,11,"[0.7051682617613192, 0.574171671796882]",1,-1
49629,[0.64022469 0.63533049],49,9,"[0.5945682323783136, 0.6193254997600653]",1,-1
49630,[0.57138284 0.60590236],49,9,"[0.5945682323783136, 0.6193254997600653]",1,-1
49631,[0.65531781 0.58652102],49,11,"[0.7051682617613192, 0.574171671796882]",1,-1
49632,[0.69349754 0.54877574],49,11,"[0.7051682617613192, 0.574171671796882]",1,-1
49633,[0.6640805  0.58078517],49,11,"[0.7051682617613192, 0.574171671796882]",1,55
49634,[0.58514179 0.61642376],49,9,"[0.5945682323783136, 0.6193254997600653]",1,-1
49635,[0.6307643  0.55082235],49,10,"[0.6101257152780476, 0.5394800330734051]",1,-1
49636,[0.71472394 0.59656968],49,11,"[0.7051682617613192, 0.574171671796882]",1,-1
49637,[0.69786825 0.54323398],49,11,"[0.7051682617613192, 0.574171671796882]",1,26
49638,[0.57893943 0.59627859],49,9,"[0.5945682323783136, 0.6193254997600653]",1,-1
49639,[0.63845383 0.60547065],49,9,"[0.5945682323783136, 0.6193254997600653]",1,-1
49640,[0.5910691  0.62157696],49,9,"[0.5945682323783136, 0.6193254997600653]",1,-1
49641,[0.65314848 0.57204165],49,11,"[0.7051682617613192, 0.574171671796882]",1,-1
49642,[0.63432305 0.55815455],49,10,"[0.6101257152780476, 0.5394800330734051]",1,-1
49643,[0.64174757 0.53899195],49,10,"[0.6101257152780476, 0.5394800330734051]",1,-1
49644,[0.61466888 0.57611437],49,10,"[0.6101257152780476, 0.5394800330734051]",1,-1
49645,[0.67533906 0.61462713],49,11,"[0.7051682617613192, 0.574171671796882]",1,-1
49646,[0.65177589 0.55399439],49,10,"[0.6101257152780476, 0.5394800330734051]",1,-1
49647,[0.63552912 0.580524  ],49,10,"[0.6101257152780476, 0.5394800330734051]",1,-1
49648,[0.65843145 0.54186941],49,10,"[0.6101257152780476, 0.5394800330734051]",1,-1
49649,[0.56872716 0.56972106],49,10,"[0.6101257152780476, 0.5394800330734051]",1,-1
49650,[0.64241214 0.57824751],49,10,"[0.6101257152780476, 0.5394800330734051]",1,-1
49651,[0.64436612 0.5095289 ],49,26,"[0.6734889003123068, 0.4756404454441684]",1,-1
49652,[0.57013924 0.55968955],49,10,"[0.6101257152780476, 0.5394800330734051]",1,-1
49653,[0.63616883 0.68655186],49,-1,-1,1,-1
49654,[0.58973782 0.61356561],49,9,"[0.5945682323783136, 0.6193254997600653]",1,-1
49655,[0.66086932 0.58200417],49,11,"[0.7051682617613192, 0.574171671796882]",1,55
49656,[0.77217558 0.55294422],49,3,"[0.8068810957052946, 0.5180547120844742]",1,-1
49657,[0.64363491 0.56115453],49,10,"[0.6101257152780476, 0.5394800330734051]",1,-1
49658,[0.64492114 0.59641644],49,9,"[0.5945682323783136, 0.6193254997600653]",1,-1
49659,[0.66095624 0.56280594],49,11,"[0.7051682617613192, 0.574171671796882]",1,-1
49660,[0.60772877 0.50870955],49,10,"[0.6101257152780476, 0.5394800330734051]",1,-1
49661,[0.70228755 0.49012429],49,26,"[0.6734889003123068, 0.4756404454441684]",1,-1
49662,[0.61449076 0.54183566],49,10,"[0.6101257152780476, 0.5394800330734051]",1,-1
49663,[0.66900699 0.59764797],49,11,"[0.7051682617613192, 0.574171671796882]",1,-1
49664,[0.57952157 0.50413134],49,10,"[0.6101257152780476, 0.5394800330734051]",1,-1
49665,[0.59619651 0.51037018],49,10,"[0.6101257152780476, 0.5394800330734051]",1,-1
49666,[0.64259161 0.59226806],49,9,"[0.5945682323783136, 0.6193254997600653]",1,-1
49667,[0.60789395 0.55829874],49,10,"[0.6101257152780476, 0.5394800330734051]",1,64
49668,[0.6955805  0.44740761],49,30,"[0.6934973256581222, 0.4131681772802667]",1,-1
49669,[0.69802079 0.52317978],49,11,"[0.7051682617613192, 0.574171671796882]",1,-1
49670,[0.64764058 0.53302219],49,10,"[0.6101257152780476, 0.5394800330734051]",1,-1
49671,[0.6564735  0.56874134],49,11,"[0.7051682617613192, 0.574171671796882]",1,-1
49672,[0.65708915 0.50386656],49,26,"[0.6734889003123068, 0.4756404454441684]",1,-1
49673,[0.68973954 0.54966084],49,11,"[0.7051682617613192, 0.574171671796882]",1,26
49674,[0.65148183 0.55567218],49,10,"[0.6101257152780476, 0.5394800330734051]",1,-1
49675,[0.66540235 0.55801988],49,11,"[0.7051682617613192, 0.574171671796882]",1,-1
49676,[0.6140517  0.65422175],49,9,"[0.5945682323783136, 0.6193254997600653]",1,-1
49677,[0.66808176 0.53512335],49,11,"[0.7051682617613192, 0.574171671796882]",1,-1
49678,[0.60697547 0.52664457],49,10,"[0.6101257152780476, 0.5394800330734051]",1,-1
49679,[0.7010476  0.52554567],49,11,"[0.7051682617613192, 0.574171671796882]",1,-1
49680,[0.6911038  0.57607654],49,11,"[0.7051682617613192, 0.574171671796882]",1,-1
49681,[0.58468689 0.64765342],49,9,"[0.5945682323783136, 0.6193254997600653]",1,-1
49682,[0.69595472 0.66336946],49,-1,-1,1,-1
49683,[0.65159939 0.56715237],49,10,"[0.6101257152780476, 0.5394800330734051]",1,-1
49684,[0.72534048 0.54244418],49,11,"[0.7051682617613192, 0.574171671796882]",1,-1
49685,[0.59857215 0.53091699],49,10,"[0.6101257152780476, 0.5394800330734051]",1,-1
49686,[0.67290924 0.5904659 ],49,11,"[0.7051682617613192, 0.574171671796882]",1,-1
49687,[0.72509896 0.45912585],49,32,"[0.7535856051996079, 0.45307884495298306]",1,-1
49688,[0.64484685 0.68668201],49,-1,-1,1,-1
49689,[0.7004563  0.49124208],49,26,"[0.6734889003123068, 0.4756404454441684]",1,-1
49690,[0.58850541 0.60669132],49,9,"[0.5945682323783136, 0.6193254997600653]",1,-1
49691,[0.57948916 0.58648459],49,9,"[0.5945682323783136, 0.6193254997600653]",1,-1
49692,[0.63398416 0.52746676],49,10,"[0.6101257152780476, 0.5394800330734051]",1,-1
49693,[0.63039212 0.53936416],49,10,"[0.6101257152780476, 0.5394800330734051]",1,-1
49694,[0.59966742 0.56220871],49,10,"[0.6101257152780476, 0.5394800330734051]",1,64
49695,[0.58082522 0.57273996],49,10,"[0.6101257152780476, 0.5394800330734051]",1,69
49696,[0.67496659 0.62164935],49,11,"[0.7051682617613192, 0.574171671796882]",1,-1
49697,[0.6384643 0.5370861],49,10,"[0.6101257152780476, 0.5394800330734051]",1,-1
49698,[0.58950999 0.60373597],49,9,"[0.5945682323783136, 0.6193254997600653]",1,-1
49699,[0.60102887 0.44266303],49,27,"[0.5866068271601823, 0.4386408725933068]",1,-1
49700,[0.57999332 0.66817893],49,41,"[0.5613949929729852, 0.701115936473092]",1,-1
49701,[0.62536283 0.54612278],49,10,"[0.6101257152780476, 0.5394800330734051]",1,-1
49702,[0.61316371 0.6033002 ],49,9,"[0.5945682323783136, 0.6193254997600653]",1,-1
49703,[0.65550526 0.54899382],49,10,"[0.6101257152780476, 0.5394800330734051]",1,-1
49704,[0.5986137  0.63613886],49,9,"[0.5945682323783136, 0.6193254997600653]",1,-1
49705,[0.68711016 0.59029132],49,11,"[0.7051682617613192, 0.574171671796882]",1,-1
49706,[0.63016288 0.61173718],49,9,"[0.5945682323783136, 0.6193254997600653]",1,-1
49707,[0.63102327 0.54750245],49,10,"[0.6101257152780476, 0.5394800330734051]",1,-1
49708,[0.51586072 0.62652721],49,5,"[0.47989515498241786, 0.6212764114798471]",1,-1
49709,[0.58496193 0.55965537],49,10,"[0.6101257152780476, 0.5394800330734051]",1,-1
49710,[0.62321435 0.5640333 ],49,10,"[0.6101257152780476, 0.5394800330734051]",1,-1
49711,[0.63118333 0.52721308],49,10,"[0.6101257152780476, 0.5394800330734051]",1,-1
49712,[0.56169926 0.51874452],49,10,"[0.6101257152780476, 0.5394800330734051]",1,-1
49713,[0.68333214 0.6129192 ],49,11,"[0.7051682617613192, 0.574171671796882]",1,-1
49714,[0.58012881 0.53981414],49,10,"[0.6101257152780476, 0.5394800330734051]",1,-1
49715,[0.67993316 0.55615192],49,11,"[0.7051682617613192, 0.574171671796882]",1,-1
49716,[0.68175181 0.54975962],49,11,"[0.7051682617613192, 0.574171671796882]",1,26
49717,[0.61505745 0.60746062],49,9,"[0.5945682323783136, 0.6193254997600653]",1,-1
49718,[0.64500855 0.66076323],49,9,"[0.5945682323783136, 0.6193254997600653]",1,-1
49719,[0.69051027 0.55688224],49,11,"[0.7051682617613192, 0.574171671796882]",1,-1
49720,[0.71874159 0.62484374],49,11,"[0.7051682617613192, 0.574171671796882]",1,-1
49721,[0.67206506 0.52162271],49,26,"[0.6734889003123068, 0.4756404454441684]",1,-1
49722,[0.61394667 0.6405257 ],49,9,"[0.5945682323783136, 0.6193254997600653]",1,-1
49723,[0.5976067  0.59066159],49,9,"[0.5945682323783136, 0.6193254997600653]",1,63
49724,[0.60786565 0.52916786],49,10,"[0.6101257152780476, 0.5394800330734051]",1,-1
49725,[0.64376249 0.52309005],49,10,"[0.6101257152780476, 0.5394800330734051]",1,-1
49726,[0.70595274 0.69609339],49,-1,-1,1,6
49727,[0.63311983 0.67303588],49,9,"[0.5945682323783136, 0.6193254997600653]",1,-1
49728,[0.63173151 0.59521223],49,9,"[0.5945682323783136, 0.6193254997600653]",1,-1
49729,[0.67547046 0.54809524],49,11,"[0.7051682617613192, 0.574171671796882]",1,26
49730,[0.62350973 0.59687333],49,9,"[0.5945682323783136, 0.6193254997600653]",1,-1
49731,[0.58569892 0.6295514 ],49,9,"[0.5945682323783136, 0.6193254997600653]",1,-1
49732,[0.64145512 0.55599313],49,10,"[0.6101257152780476, 0.5394800330734051]",1,-1
49733,[0.73380071 0.57285228],49,11,"[0.7051682617613192, 0.574171671796882]",1,-1
49734,[0.57856561 0.6488836 ],49,9,"[0.5945682323783136, 0.6193254997600653]",1,-1
49735,[0.64162356 0.61694399],49,9,"[0.5945682323783136, 0.6193254997600653]",1,-1
49736,[0.71313916 0.57312085],49,11,"[0.7051682617613192, 0.574171671796882]",1,-1
49737,[0.6029418  0.52455307],49,10,"[0.6101257152780476, 0.5394800330734051]",1,-1
49738,[0.67885657 0.63324538],49,11,"[0.7051682617613192, 0.574171671796882]",1,-1
49739,[0.68215857 0.60394873],49,11,"[0.7051682617613192, 0.574171671796882]",1,-1
49740,[0.58209042 0.50252958],49,10,"[0.6101257152780476, 0.5394800330734051]",1,-1
49741,[0.6214243  0.58779096],49,9,"[0.5945682323783136, 0.6193254997600653]",1,-1
49742,[0.76338883 0.5955277 ],49,11,"[0.7051682617613192, 0.574171671796882]",1,-1
49743,[0.69078654 0.60935575],49,11,"[0.7051682617613192, 0.574171671796882]",1,-1
49744,[0.74173776 0.61778637],49,11,"[0.7051682617613192, 0.574171671796882]",1,-1
49745,[0.65169429 0.51588037],49,26,"[0.6734889003123068, 0.4756404454441684]",1,-1
49746,[0.66329282 0.58173317],49,11,"[0.7051682617613192, 0.574171671796882]",1,55
49747,[0.69463728 0.49783124],49,26,"[0.6734889003123068, 0.4756404454441684]",1,-1
49748,[0.71264851 0.47386822],49,26,"[0.6734889003123068, 0.4756404454441684]",1,52
49749,[0.60397882 0.64000552],49,9,"[0.5945682323783136, 0.6193254997600653]",1,-1
49750,[0.60151219 0.60189753],49,9,"[0.5945682323783136, 0.6193254997600653]",1,-1
49751,[0.68829011 0.52493037],49,26,"[0.6734889003123068, 0.4756404454441684]",1,-1
49752,[0.6314542  0.61504661],49,9,"[0.5945682323783136, 0.6193254997600653]",1,-1
49753,[0.71176611 0.52237041],49,11,"[0.7051682617613192, 0.574171671796882]",1,33
49754,[0.65444647 0.58219025],49,11,"[0.7051682617613192, 0.574171671796882]",1,-1
49755,[0.64777644 0.59568259],49,9,"[0.5945682323783136, 0.6193254997600653]",1,-1
49756,[0.62075217 0.57363997],49,10,"[0.6101257152780476, 0.5394800330734051]",1,-1
49757,[0.65482689 0.56853196],49,11,"[0.7051682617613192, 0.574171671796882]",1,-1
49758,[0.70468272 0.56457727],49,11,"[0.7051682617613192, 0.574171671796882]",1,-1
49759,[0.76381264 0.62446623],49,43,"[0.8274941202305067, 0.5998913364221842]",1,-1
49760,[0.65211267 0.54436232],49,10,"[0.6101257152780476, 0.5394800330734051]",1,-1
49761,[0.79066109 0.43425892],49,32,"[0.7535856051996079, 0.45307884495298306]",1,-1
49762,[0.61853229 0.56340354],49,10,"[0.6101257152780476, 0.5394800330734051]",1,-1
49763,[0.72519705 0.63940013],49,11,"[0.7051682617613192, 0.574171671796882]",1,-1
49764,[0.67092191 0.55060917],49,11,"[0.7051682617613192, 0.574171671796882]",1,-1
49765,[0.55403735 0.43827808],49,27,"[0.5866068271601823, 0.4386408725933068]",1,-1
49766,[0.64440328 0.54890423],49,10,"[0.6101257152780476, 0.5394800330734051]",1,-1
49767,[0.62296021 0.59719865],49,9,"[0.5945682323783136, 0.6193254997600653]",1,-1
49768,[0.57010666 0.63247348],49,9,"[0.5945682323783136, 0.6193254997600653]",1,-1
49769,[0.56261487 0.56588544],49,2,"[0.5181425386759565, 0.548951681512668]",1,-1
49770,[0.65827863 0.60689834],49,11,"[0.7051682617613192, 0.574171671796882]",1,-1
49771,[0.67412397 0.5012836 ],49,26,"[0.6734889003123068, 0.4756404454441684]",1,-1
49772,[0.67371196 0.55245382],49,11,"[0.7051682617613192, 0.574171671796882]",1,-1
49773,[0.56954348 0.66235143],49,41,"[0.5613949929729852, 0.701115936473092]",1,-1
49774,[0.64079865 0.66009804],49,9,"[0.5945682323783136, 0.6193254997600653]",1,-1
49775,[0.65310494 0.57199208],49,11,"[0.7051682617613192, 0.574171671796882]",1,-1
49776,[0.58649739 0.60783956],49,9,"[0.5945682323783136, 0.6193254997600653]",1,-1
49777,[0.62662247 0.55770525],49,10,"[0.6101257152780476, 0.5394800330734051]",1,-1
49778,[0.73858271 0.57973586],49,11,"[0.7051682617613192, 0.574171671796882]",1,-1
49779,[0.62097173 0.57088177],49,10,"[0.6101257152780476, 0.5394800330734051]",1,-1
49780,[0.61843142 0.58093591],49,10,"[0.6101257152780476, 0.5394800330734051]",1,63
49781,[0.70231856 0.62256343],49,11,"[0.7051682617613192, 0.574171671796882]",1,-1
49782,[0.64431441 0.54437419],49,10,"[0.6101257152780476, 0.5394800330734051]",1,-1
49783,[0.54880638 0.57825734],49,2,"[0.5181425386759565, 0.548951681512668]",1,-1
49784,[0.55391751 0.59525044],49,9,"[0.5945682323783136, 0.6193254997600653]",1,-1
49785,[0.6562585  0.61562408],49,9,"[0.5945682323783136, 0.6193254997600653]",1,-1
49786,[0.6522663  0.60035147],49,11,"[0.7051682617613192, 0.574171671796882]",1,-1
49787,[0.67651345 0.56464538],49,11,"[0.7051682617613192, 0.574171671796882]",1,-1
49788,[0.69124303 0.49145216],49,26,"[0.6734889003123068, 0.4756404454441684]",1,-1
49789,[0.56977693 0.58166967],49,9,"[0.5945682323783136, 0.6193254997600653]",1,69
49790,[0.60397035 0.58821788],49,9,"[0.5945682323783136, 0.6193254997600653]",1,63
49791,[0.63579081 0.55390189],49,10,"[0.6101257152780476, 0.5394800330734051]",1,-1
49792,[0.67706062 0.58748088],49,11,"[0.7051682617613192, 0.574171671796882]",1,-1
49793,[0.61651783 0.54066297],49,10,"[0.6101257152780476, 0.5394800330734051]",1,-1
49794,[0.65324845 0.60116121],49,11,"[0.7051682617613192, 0.574171671796882]",1,-1
49795,[0.70410866 0.61483766],49,11,"[0.7051682617613192, 0.574171671796882]",1,-1
49796,[0.67192753 0.60688006],49,11,"[0.7051682617613192, 0.574171671796882]",1,-1
49797,[0.6200183  0.61448572],49,9,"[0.5945682323783136, 0.6193254997600653]",1,-1
49798,[0.76918458 0.60666327],49,43,"[0.8274941202305067, 0.5998913364221842]",1,-1
49799,[0.63306062 0.63379109],49,9,"[0.5945682323783136, 0.6193254997600653]",1,-1
49800,[0.68448086 0.61622081],49,11,"[0.7051682617613192, 0.574171671796882]",1,-1
49801,[0.65645071 0.50860305],49,26,"[0.6734889003123068, 0.4756404454441684]",1,-1
49802,[0.71742166 0.58508163],49,11,"[0.7051682617613192, 0.574171671796882]",1,-1
49803,[0.58997197 0.55331531],49,10,"[0.6101257152780476, 0.5394800330734051]",1,64
49804,[0.58204742 0.6374506 ],49,9,"[0.5945682323783136, 0.6193254997600653]",1,-1
49805,[0.70241108 0.53598786],49,11,"[0.7051682617613192, 0.574171671796882]",1,-1
49806,[0.64997146 0.6193755 ],49,9,"[0.5945682323783136, 0.6193254997600653]",1,-1
49807,[0.70654159 0.66313442],49,-1,-1,1,-1
49808,[0.70145113 0.54126737],49,11,"[0.7051682617613192, 0.574171671796882]",1,-1
49809,[0.6485873  0.52927403],49,10,"[0.6101257152780476, 0.5394800330734051]",1,-1
49810,[0.65114026 0.68100744],49,-1,-1,1,-1
49811,[0.75399248 0.57713685],49,11,"[0.7051682617613192, 0.574171671796882]",1,-1
49812,[0.67556212 0.53786989],49,11,"[0.7051682617613192, 0.574171671796882]",1,-1
49813,[0.66907703 0.62529868],49,11,"[0.7051682617613192, 0.574171671796882]",1,-1
49814,[0.62793678 0.54815352],49,10,"[0.6101257152780476, 0.5394800330734051]",1,-1
49815,[0.56306033 0.46003827],49,27,"[0.5866068271601823, 0.4386408725933068]",1,-1
49816,[0.73963098 0.51364852],49,32,"[0.7535856051996079, 0.45307884495298306]",1,-1
49817,[0.6357396  0.58927656],49,9,"[0.5945682323783136, 0.6193254997600653]",1,-1
49818,[0.60501799 0.55646294],49,10,"[0.6101257152780476, 0.5394800330734051]",1,64
49819,[0.58669027 0.57437151],49,10,"[0.6101257152780476, 0.5394800330734051]",1,69
49820,[0.72636555 0.5549412 ],49,11,"[0.7051682617613192, 0.574171671796882]",1,-1
49821,[0.74491202 0.67054045],49,-1,-1,1,-1
49822,[0.60873239 0.58154202],49,9,"[0.5945682323783136, 0.6193254997600653]",1,-1
49823,[0.63210721 0.5347159 ],49,10,"[0.6101257152780476, 0.5394800330734051]",1,-1
49824,[0.6414596  0.58734205],49,9,"[0.5945682323783136, 0.6193254997600653]",1,-1
49825,[0.77402013 0.62372975],49,43,"[0.8274941202305067, 0.5998913364221842]",1,-1
49826,[0.64597238 0.5992042 ],49,9,"[0.5945682323783136, 0.6193254997600653]",1,-1
49827,[0.61493611 0.58778621],49,9,"[0.5945682323783136, 0.6193254997600653]",1,63
49828,[0.66916878 0.57348139],49,11,"[0.7051682617613192, 0.574171671796882]",1,-1
49829,[0.64913133 0.48303836],49,26,"[0.6734889003123068, 0.4756404454441684]",1,-1
49830,[0.69518009 0.58501921],49,11,"[0.7051682617613192, 0.574171671796882]",1,-1
49831,[0.63939241 0.56267118],49,10,"[0.6101257152780476, 0.5394800330734051]",1,-1
49832,[0.56837602 0.45614399],49,27,"[0.5866068271601823, 0.4386408725933068]",1,-1
49833,[0.68368159 0.61070772],49,11,"[0.7051682617613192, 0.574171671796882]",1,-1
49834,[0.72474337 0.57966782],49,11,"[0.7051682617613192, 0.574171671796882]",1,-1
49835,[0.60999321 0.49133697],49,10,"[0.6101257152780476, 0.5394800330734051]",1,-1
49836,[0.61921361 0.62820903],49,9,"[0.5945682323783136, 0.6193254997600653]",1,-1
49837,[0.6268936  0.69381401],49,41,"[0.5613949929729852, 0.701115936473092]",1,-1
49838,[0.65346554 0.57002062],49,11,"[0.7051682617613192, 0.574171671796882]",1,-1
49839,[0.61491994 0.50497016],49,10,"[0.6101257152780476, 0.5394800330734051]",1,-1
49840,[0.58848683 0.69427386],49,41,"[0.5613949929729852, 0.701115936473092]",1,-1
49841,[0.67248359 0.58465943],49,11,"[0.7051682617613192, 0.574171671796882]",1,-1
49842,[0.62523666 0.50219063],49,10,"[0.6101257152780476, 0.5394800330734051]",1,-1
49843,[0.65691189 0.66199238],49,-1,-1,1,-1
49844,[0.6820878  0.49905947],49,26,"[0.6734889003123068, 0.4756404454441684]",1,-1
49845,[0.63508214 0.53674056],49,10,"[0.6101257152780476, 0.5394800330734051]",1,-1
49846,[0.66901643 0.55552961],49,11,"[0.7051682617613192, 0.574171671796882]",1,-1
49847,[0.62242238 0.53777216],49,10,"[0.6101257152780476, 0.5394800330734051]",1,-1
49848,[0.67224779 0.59141972],49,11,"[0.7051682617613192, 0.574171671796882]",1,-1
49849,[0.59163243 0.54713799],49,10,"[0.6101257152780476, 0.5394800330734051]",1,64
49850,[0.61276247 0.48579668],49,10,"[0.6101257152780476, 0.5394800330734051]",1,34
49851,[0.66168429 0.57694373],49,11,"[0.7051682617613192, 0.574171671796882]",1,55
49852,[0.65603116 0.55652219],49,10,"[0.6101257152780476, 0.5394800330734051]",1,-1
49853,[0.66553576 0.56292519],49,11,"[0.7051682617613192, 0.574171671796882]",1,-1
49854,[0.63698304 0.6279177 ],49,9,"[0.5945682323783136, 0.6193254997600653]",1,-1
49855,[0.62365729 0.54433909],49,10,"[0.6101257152780476, 0.5394800330734051]",1,-1
49856,[0.59709224 0.59216693],49,9,"[0.5945682323783136, 0.6193254997600653]",1,63
49857,[0.67597366 0.57025341],49,11,"[0.7051682617613192, 0.574171671796882]",1,-1
49858,[0.69505249 0.59470057],49,11,"[0.7051682617613192, 0.574171671796882]",1,-1
49859,[0.67103405 0.47691526],49,26,"[0.6734889003123068, 0.4756404454441684]",1,-1
49860,[0.58359621 0.57553075],49,10,"[0.6101257152780476, 0.5394800330734051]",1,69
49861,[0.62160646 0.58247717],49,10,"[0.6101257152780476, 0.5394800330734051]",1,-1
49862,[0.61045352 0.55780582],49,10,"[0.6101257152780476, 0.5394800330734051]",1,64
49863,[0.65007542 0.63713104],49,9,"[0.5945682323783136, 0.6193254997600653]",1,-1
49864,[0.70098482 0.59076528],49,11,"[0.7051682617613192, 0.574171671796882]",1,-1
49865,[0.75344382 0.52789079],49,3,"[0.8068810957052946, 0.5180547120844742]",1,-1
49866,[0.58408629 0.55231141],49,10,"[0.6101257152780476, 0.5394800330734051]",1,-1
49867,[0.62204301 0.57476134],49,10,"[0.6101257152780476, 0.5394800330734051]",1,-1
49868,[0.6998681  0.62090237],49,11,"[0.7051682617613192, 0.574171671796882]",1,-1
49869,[0.64679773 0.49528073],49,26,"[0.6734889003123068, 0.4756404454441684]",1,-1
49870,[0.65524378 0.53642241],49,10,"[0.6101257152780476, 0.5394800330734051]",1,-1
49871,[0.70764033 0.55972492],49,11,"[0.7051682617613192, 0.574171671796882]",1,-1
49872,[0.71316333 0.58431274],49,11,"[0.7051682617613192, 0.574171671796882]",1,-1
49873,[0.66993785 0.58640129],49,11,"[0.7051682617613192, 0.574171671796882]",1,55
49874,[0.67037643 0.6815002 ],49,-1,-1,1,-1
49875,[0.65178467 0.59153709],49,11,"[0.7051682617613192, 0.574171671796882]",1,-1
49876,[0.61061162 0.58761618],49,9,"[0.5945682323783136, 0.6193254997600653]",1,63
49877,[0.65021518 0.60261715],49,9,"[0.5945682323783136, 0.6193254997600653]",1,-1
49878,[0.59821775 0.5625846 ],49,10,"[0.6101257152780476, 0.5394800330734051]",1,-1
49879,[0.6368678  0.47041066],49,26,"[0.6734889003123068, 0.4756404454441684]",1,-1
49880,[0.65411776 0.5847132 ],49,11,"[0.7051682617613192, 0.574171671796882]",1,55
49881,[0.56516757 0.58463172],49,9,"[0.5945682323783136, 0.6193254997600653]",1,69
49882,[0.68524513 0.52826561],49,11,"[0.7051682617613192, 0.574171671796882]",1,-1
49883,[0.60029148 0.62672171],49,9,"[0.5945682323783136, 0.6193254997600653]",1,-1
49884,[0.65985511 0.61669933],49,11,"[0.7051682617613192, 0.574171671796882]",1,-1
49885,[0.70326108 0.53898797],49,11,"[0.7051682617613192, 0.574171671796882]",1,-1
49886,[0.62401001 0.5702333 ],49,10,"[0.6101257152780476, 0.5394800330734051]",1,-1
49887,[0.7162287 0.6197881],49,11,"[0.7051682617613192, 0.574171671796882]",1,-1
49888,[0.6199368  0.63282757],49,9,"[0.5945682323783136, 0.6193254997600653]",1,-1
49889,[0.63212645 0.59935753],49,9,"[0.5945682323783136, 0.6193254997600653]",1,-1
49890,[0.56389834 0.65731882],49,41,"[0.5613949929729852, 0.701115936473092]",1,-1
49891,[0.59209253 0.56576742],49,10,"[0.6101257152780476, 0.5394800330734051]",1,-1
49892,[0.68757581 0.58171419],49,11,"[0.7051682617613192, 0.574171671796882]",1,-1
49893,[0.67068766 0.48901917],49,26,"[0.6734889003123068, 0.4756404454441684]",1,-1
49894,[0.63033063 0.52662507],49,10,"[0.6101257152780476, 0.5394800330734051]",1,-1
49895,[0.68355119 0.48248445],49,26,"[0.6734889003123068, 0.4756404454441684]",1,39
49896,[0.66664382 0.58463566],49,11,"[0.7051682617613192, 0.574171671796882]",1,55
49897,[0.58934154 0.53890791],49,10,"[0.6101257152780476, 0.5394800330734051]",1,-1
49898,[0.75656601 0.57005482],49,11,"[0.7051682617613192, 0.574171671796882]",1,20
49899,[0.61719352 0.5958017 ],49,9,"[0.5945682323783136, 0.6193254997600653]",1,-1
49900,[0.58227957 0.5837489 ],49,9,"[0.5945682323783136, 0.6193254997600653]",1,-1
49901,[0.66285981 0.60706784],49,11,"[0.7051682617613192, 0.574171671796882]",1,-1
49902,[0.5658978 0.6513955],49,9,"[0.5945682323783136, 0.6193254997600653]",1,-1
49903,[0.71283417 0.49044846],49,26,"[0.6734889003123068, 0.4756404454441684]",1,-1
49904,[0.63494263 0.61795287],49,9,"[0.5945682323783136, 0.6193254997600653]",1,-1
49905,[0.62632172 0.61120621],49,9,"[0.5945682323783136, 0.6193254997600653]",1,-1
49906,[0.61936245 0.64852399],49,9,"[0.5945682323783136, 0.6193254997600653]",1,-1
49907,[0.75504192 0.53977984],49,3,"[0.8068810957052946, 0.5180547120844742]",1,-1
49908,[0.63099421 0.5372549 ],49,10,"[0.6101257152780476, 0.5394800330734051]",1,-1
49909,[0.57953948 0.61246094],49,9,"[0.5945682323783136, 0.6193254997600653]",1,-1
49910,[0.6499977  0.56237288],49,10,"[0.6101257152780476, 0.5394800330734051]",1,-1
49911,[0.69638499 0.53201552],49,11,"[0.7051682617613192, 0.574171671796882]",1,-1
49912,[0.66959414 0.5557169 ],49,11,"[0.7051682617613192, 0.574171671796882]",1,-1
49913,[0.52046736 0.53020311],49,2,"[0.5181425386759565, 0.548951681512668]",1,-1
49914,[0.60787771 0.56693745],49,10,"[0.6101257152780476, 0.5394800330734051]",1,-1
49915,[0.69173253 0.60720603],49,11,"[0.7051682617613192, 0.574171671796882]",1,-1
49916,[0.70098059 0.52383705],49,11,"[0.7051682617613192, 0.574171671796882]",1,-1
49917,[0.70307193 0.58193937],49,11,"[0.7051682617613192, 0.574171671796882]",1,-1
49918,[0.65040964 0.53643371],49,10,"[0.6101257152780476, 0.5394800330734051]",1,-1
49919,[0.67792535 0.47269578],49,26,"[0.6734889003123068, 0.4756404454441684]",1,-1
49920,[0.71693045 0.54423087],49,11,"[0.7051682617613192, 0.574171671796882]",1,-1
49921,[0.66043232 0.54681191],49,10,"[0.6101257152780476, 0.5394800330734051]",1,-1
49922,[0.63292624 0.66749128],49,9,"[0.5945682323783136, 0.6193254997600653]",1,-1
49923,[0.60601238 0.55827808],49,10,"[0.6101257152780476, 0.5394800330734051]",1,64
49924,[0.62392095 0.58125718],49,10,"[0.6101257152780476, 0.5394800330734051]",1,-1
49925,[0.72418614 0.6137724 ],49,11,"[0.7051682617613192, 0.574171671796882]",1,-1
49926,[0.61508972 0.59716749],49,9,"[0.5945682323783136, 0.6193254997600653]",1,-1
49927,[0.63733383 0.58072894],49,10,"[0.6101257152780476, 0.5394800330734051]",1,-1
49928,[0.6761697  0.59151708],49,11,"[0.7051682617613192, 0.574171671796882]",1,-1
49929,[0.5560365  0.57218722],49,2,"[0.5181425386759565, 0.548951681512668]",1,-1
49930,[0.68615818 0.62388168],49,11,"[0.7051682617613192, 0.574171671796882]",1,-1
49931,[0.62730024 0.44627513],49,27,"[0.5866068271601823, 0.4386408725933068]",1,-1
49932,[0.61337577 0.6492143 ],49,9,"[0.5945682323783136, 0.6193254997600653]",1,-1
49933,[0.71167645 0.52715369],49,11,"[0.7051682617613192, 0.574171671796882]",1,33
49934,[0.71880215 0.54356262],49,11,"[0.7051682617613192, 0.574171671796882]",1,-1
49935,[0.66188033 0.53286132],49,10,"[0.6101257152780476, 0.5394800330734051]",1,-1
49936,[0.71995405 0.62115335],49,11,"[0.7051682617613192, 0.574171671796882]",1,-1
49937,[0.63896715 0.54463002],49,10,"[0.6101257152780476, 0.5394800330734051]",1,-1
49938,[0.65239544 0.52485144],49,10,"[0.6101257152780476, 0.5394800330734051]",1,-1
49939,[0.57458792 0.51646049],49,10,"[0.6101257152780476, 0.5394800330734051]",1,-1
49940,[0.64247775 0.56525849],49,10,"[0.6101257152780476, 0.5394800330734051]",1,-1
49941,[0.64953576 0.4941615 ],49,26,"[0.6734889003123068, 0.4756404454441684]",1,-1
49942,[0.65411164 0.52962248],49,10,"[0.6101257152780476, 0.5394800330734051]",1,-1
49943,[0.6018806  0.61213012],49,9,"[0.5945682323783136, 0.6193254997600653]",1,-1
49944,[0.52638702 0.59796658],49,2,"[0.5181425386759565, 0.548951681512668]",1,-1
49945,[0.70725769 0.52247785],49,11,"[0.7051682617613192, 0.574171671796882]",1,33
49946,[0.56168946 0.58249537],49,9,"[0.5945682323783136, 0.6193254997600653]",1,-1
49947,[0.66214906 0.55075783],49,11,"[0.7051682617613192, 0.574171671796882]",1,-1
49948,[0.65606853 0.56011483],49,10,"[0.6101257152780476, 0.5394800330734051]",1,-1
49949,[0.70085349 0.5034733 ],49,26,"[0.6734889003123068, 0.4756404454441684]",1,-1
49950,[0.59587532 0.62917464],49,9,"[0.5945682323783136, 0.6193254997600653]",1,-1
49951,[0.70342645 0.53026116],49,11,"[0.7051682617613192, 0.574171671796882]",1,-1
49952,[0.65228408 0.59157267],49,11,"[0.7051682617613192, 0.574171671796882]",1,-1
49953,[0.65787339 0.61366111],49,11,"[0.7051682617613192, 0.574171671796882]",1,-1
49954,[0.57219764 0.59241457],49,9,"[0.5945682323783136, 0.6193254997600653]",1,68
49955,[0.65212107 0.62151703],49,9,"[0.5945682323783136, 0.6193254997600653]",1,-1
49956,[0.62570555 0.63357723],49,9,"[0.5945682323783136, 0.6193254997600653]",1,-1
49957,[0.61597231 0.57903369],49,10,"[0.6101257152780476, 0.5394800330734051]",1,-1
49958,[0.67812867 0.56298234],49,11,"[0.7051682617613192, 0.574171671796882]",1,-1
49959,[0.60905544 0.54856446],49,10,"[0.6101257152780476, 0.5394800330734051]",1,-1
49960,[0.66869595 0.55523669],49,11,"[0.7051682617613192, 0.574171671796882]",1,-1
49961,[0.7097654  0.62985535],49,11,"[0.7051682617613192, 0.574171671796882]",1,-1
49962,[0.62273473 0.66159162],49,9,"[0.5945682323783136, 0.6193254997600653]",1,-1
49963,[0.62071245 0.61780125],49,9,"[0.5945682323783136, 0.6193254997600653]",1,-1
49964,[0.64102443 0.55533339],49,10,"[0.6101257152780476, 0.5394800330734051]",1,-1
49965,[0.66455172 0.55064676],49,11,"[0.7051682617613192, 0.574171671796882]",1,-1
49966,[0.62110819 0.57767444],49,10,"[0.6101257152780476, 0.5394800330734051]",1,-1
49967,[0.55613585 0.69891659],49,41,"[0.5613949929729852, 0.701115936473092]",1,-1
49968,[0.71389047 0.62697158],49,11,"[0.7051682617613192, 0.574171671796882]",1,-1
49969,[0.68961257 0.57827884],49,11,"[0.7051682617613192, 0.574171671796882]",1,-1
49970,[0.72459928 0.59844573],49,11,"[0.7051682617613192, 0.574171671796882]",1,-1
49971,[0.66671196 0.59160858],49,11,"[0.7051682617613192, 0.574171671796882]",1,-1
49972,[0.58594371 0.51645103],49,10,"[0.6101257152780476, 0.5394800330734051]",1,-1
49973,[0.68342899 0.54011557],49,11,"[0.7051682617613192, 0.574171671796882]",1,-1
49974,[0.53147849 0.63793605],49,5,"[0.47989515498241786, 0.6212764114798471]",1,-1
49975,[0.6736609  0.60131316],49,11,"[0.7051682617613192, 0.574171671796882]",1,-1
49976,[0.69525292 0.52953881],49,11,"[0.7051682617613192, 0.574171671796882]",1,-1
49977,[0.65210387 0.67197618],49,-1,-1,1,-1
49978,[0.76080668 0.52078892],49,3,"[0.8068810957052946, 0.5180547120844742]",1,41
49979,[0.65086582 0.5365511 ],49,10,"[0.6101257152780476, 0.5394800330734051]",1,-1
49980,[0.67273271 0.6897515 ],49,-1,-1,1,-1
49981,[0.62321964 0.4773608 ],49,26,"[0.6734889003123068, 0.4756404454441684]",1,-1
49982,[0.57376147 0.68494984],49,41,"[0.5613949929729852, 0.701115936473092]",1,-1
49983,[0.63322865 0.54987519],49,10,"[0.6101257152780476, 0.5394800330734051]",1,-1
49984,[0.62976486 0.60218215],49,9,"[0.5945682323783136, 0.6193254997600653]",1,-1
49985,[0.59600838 0.53764387],49,10,"[0.6101257152780476, 0.5394800330734051]",1,-1
49986,[0.56289615 0.48597829],49,27,"[0.5866068271601823, 0.4386408725933068]",1,-1
49987,[0.62541741 0.5602822 ],49,10,"[0.6101257152780476, 0.5394800330734051]",1,-1
49988,[0.65790156 0.6361517 ],49,9,"[0.5945682323783136, 0.6193254997600653]",1,-1
49989,[0.65021904 0.59576965],49,11,"[0.7051682617613192, 0.574171671796882]",1,-1
49990,[0.65251915 0.56582364],49,10,"[0.6101257152780476, 0.5394800330734051]",1,-1
49991,[0.62435865 0.60920156],49,9,"[0.5945682323783136, 0.6193254997600653]",1,-1
49992,[0.68927227 0.61043654],49,11,"[0.7051682617613192, 0.574171671796882]",1,-1
49993,[0.6090878  0.56839446],49,10,"[0.6101257152780476, 0.5394800330734051]",1,-1
49994,[0.72609449 0.55883434],49,11,"[0.7051682617613192, 0.574171671796882]",1,-1
49995,[0.69875877 0.53804979],49,11,"[0.7051682617613192, 0.574171671796882]",1,26
49996,[0.64757016 0.55725223],49,10,"[0.6101257152780476, 0.5394800330734051]",1,-1
49997,[0.65697768 0.5832221 ],49,11,"[0.7051682617613192, 0.574171671796882]",1,-1
49998,[0.62130487 0.63975399],49,9,"[0.5945682323783136, 0.6193254997600653]",1,-1
49999,[0.63616866 0.62753185],49,9,"[0.5945682323783136, 0.6193254997600653]",1,-1
