,datum,blob,snowball_label,snowball_center,hdbscan_eom_label,hdbscan_leaf_label
0,[0.33159612 0.43415985],3,1,"[0.39058119958388665, 0.45374655865984675]",-1,-1
1,[0.3365762 0.5947816],2,0,"[0.27872464766475324, 0.6037969263876968]",-1,2
2,[0.26467024 0.6433622 ],2,0,"[0.27872464766475324, 0.6037969263876968]",329,-1
3,[0.64282128 0.61766292],0,-1,-1,169,0
4,[0.29954735 0.7981266 ],1,-1,-1,204,-1
5,[0.45226095 0.38047237],3,-1,-1,-1,1
6,[0.51425005 0.28357738],3,-1,-1,9,-1
7,[0.22611831 0.63900704],2,0,"[0.27872464766475324, 0.6037969263876968]",235,-1
8,[0.65238808 0.59581261],0,3,"[0.7033493551787963, 0.5720264221842615]",171,0
9,[0.32680734 0.49512804],3,-1,-1,302,-1
10,[0.28806984 0.55214269],3,0,"[0.27872464766475324, 0.6037969263876968]",339,-1
11,[0.37448645 0.54144221],2,-1,-1,310,-1
12,[0.33373947 0.48647175],3,1,"[0.39058119958388665, 0.45374655865984675]",302,-1
13,[0.25125711 0.24178685],3,-1,-1,-1,-1
14,[0.38126668 0.42280361],3,1,"[0.39058119958388665, 0.45374655865984675]",-1,1
15,[0.49212392 0.46096869],3,-1,-1,-1,-1
16,[0.32684714 0.52804738],3,-1,-1,343,-1
17,[0.75533907 0.45114736],0,-1,-1,-1,0
18,[0.22215036 0.78720033],1,-1,-1,29,-1
19,[0.61839958 0.65369384],0,-1,-1,-1,0
20,[0.14181915 0.58296081],2,-1,-1,20,-1
21,[0.3658582  0.38807202],3,-1,-1,-1,1
22,[0.3240241  0.64615287],2,0,"[0.27872464766475324, 0.6037969263876968]",367,-1
23,[0.38179289 0.36001092],3,-1,-1,206,-1
24,[0.74974951 0.52014124],0,3,"[0.7033493551787963, 0.5720264221842615]",-1,0
25,[0.27955118 0.71435946],1,-1,-1,390,-1
26,[0.36949347 0.63193226],1,-1,-1,379,4
27,[0.50886418 0.32410635],3,-1,-1,-1,-1
28,[0.47959797 0.416592  ],3,-1,-1,259,1
29,[0.18457514 0.574104  ],2,-1,-1,75,-1
30,[0.27619743 0.61946757],2,0,"[0.27872464766475324, 0.6037969263876968]",320,-1
31,[0.36453579 0.36590301],3,-1,-1,260,-1
32,[0.48539077 0.42309455],3,-1,-1,-1,1
33,[0.31573218 0.65621269],1,0,"[0.27872464766475324, 0.6037969263876968]",369,-1
34,[0.39604995 0.52890962],2,-1,-1,-1,-1
35,[0.33100149 0.34573837],3,-1,-1,-1,-1
36,[0.39055302 0.49608452],2,1,"[0.39058119958388665, 0.45374655865984675]",274,1
37,[0.5489466 0.401511 ],3,-1,-1,-1,-1
38,[0.6305743  0.79627161],0,-1,-1,-1,-1
39,[0.4601789  0.35977104],3,-1,-1,254,-1
40,[0.27917132 0.50014015],3,-1,-1,-1,-1
41,[0.37091017 0.76001293],1,2,"[0.36772318180773494, 0.7148766969481398]",-1,-1
42,[0.2880001  0.50627552],2,-1,-1,298,-1
43,[0.42077053 0.25731379],3,-1,-1,-1,-1
44,[0.72384149 0.51212873],0,3,"[0.7033493551787963, 0.5720264221842615]",-1,0
45,[0.73682872 0.49133775],0,-1,-1,-1,0
46,[0.35251785 0.52820779],3,-1,-1,312,-1
47,[0.7292044  0.46919124],0,-1,-1,-1,0
48,[0.31819097 0.61623975],2,0,"[0.27872464766475324, 0.6037969263876968]",382,-1
49,[0.32313685 0.5766304 ],2,0,"[0.27872464766475324, 0.6037969263876968]",-1,-1
50,[0.22768122 0.63098209],2,0,"[0.27872464766475324, 0.6037969263876968]",-1,-1
51,[0.67676263 0.42679462],0,-1,-1,40,0
52,[0.70213655 0.48800758],0,-1,-1,-1,0
53,[0.23243059 0.66399768],2,-1,-1,330,-1
54,[0.34886251 0.77287582],1,2,"[0.36772318180773494, 0.7148766969481398]",-1,-1
55,[0.65022389 0.51518057],0,-1,-1,-1,0
56,[0.34926236 0.38131707],3,-1,-1,251,-1
57,[0.41832214 0.71297849],1,2,"[0.36772318180773494, 0.7148766969481398]",261,-1
58,[0.42091634 0.44901017],3,1,"[0.39058119958388665, 0.45374655865984675]",-1,1
59,[0.31402488 0.64787183],1,0,"[0.27872464766475324, 0.6037969263876968]",364,-1
60,[0.23643446 0.59902845],2,0,"[0.27872464766475324, 0.6037969263876968]",247,-1
61,[0.27400076 0.58134268],1,0,"[0.27872464766475324, 0.6037969263876968]",337,-1
62,[0.49661707 0.47948178],3,-1,-1,-1,-1
63,[0.41186167 0.82363958],1,-1,-1,-1,-1
64,[0.50960688 0.62494002],0,-1,-1,-1,-1
65,[0.35358728 0.68912783],1,2,"[0.36772318180773494, 0.7148766969481398]",377,-1
66,[0.36538089 0.63961965],2,-1,-1,380,4
67,[0.27550858 0.54911775],2,0,"[0.27872464766475324, 0.6037969263876968]",-1,-1
68,[0.22228206 0.68497709],1,-1,-1,212,-1
69,[0.33973743 0.90070499],1,-1,-1,-1,-1
70,[0.73185712 0.3973001 ],0,-1,-1,18,0
71,[0.63667253 0.59769531],0,-1,-1,-1,0
72,[0.39877358 0.68544846],2,2,"[0.36772318180773494, 0.7148766969481398]",-1,-1
73,[0.37007116 0.55550875],2,-1,-1,-1,-1
74,[0.24497962 0.54181075],2,-1,-1,238,-1
75,[0.28874981 0.77369441],1,-1,-1,-1,-1
76,[0.17859888 0.55659987],2,-1,-1,-1,-1
77,[0.67672659 0.49859375],0,-1,-1,149,0
78,[0.76894554 0.6268626 ],0,-1,-1,95,0
79,[0.37566856 0.64832589],2,2,"[0.36772318180773494, 0.7148766969481398]",377,-1
80,[0.49350197 0.43361482],3,-1,-1,-1,-1
81,[0.18139122 0.5987749 ],2,-1,-1,58,-1
82,[0.75925109 0.55633029],0,3,"[0.7033493551787963, 0.5720264221842615]",-1,0
83,[0.58821152 0.43876525],3,-1,-1,43,0
84,[0.47322675 0.71293925],1,-1,-1,30,-1
85,[0.41232825 0.54472528],2,-1,-1,-1,-1
86,[0.66752649 0.52509286],0,3,"[0.7033493551787963, 0.5720264221842615]",160,0
87,[0.55309453 0.62525998],0,-1,-1,-1,0
88,[0.62367109 0.61992642],0,-1,-1,-1,0
89,[0.48556563 0.34885343],3,-1,-1,-1,-1
90,[0.27991491 0.54405902],2,0,"[0.27872464766475324, 0.6037969263876968]",316,-1
91,[0.30379796 0.66059108],2,0,"[0.27872464766475324, 0.6037969263876968]",354,-1
92,[0.73746536 0.51284807],0,3,"[0.7033493551787963, 0.5720264221842615]",100,0
93,[0.32443813 0.72758372],1,2,"[0.36772318180773494, 0.7148766969481398]",-1,-1
94,[0.36590365 0.65627394],2,2,"[0.36772318180773494, 0.7148766969481398]",377,-1
95,[0.361277   0.61327502],1,-1,-1,375,-1
96,[0.40002713 0.53588614],2,-1,-1,229,-1
97,[0.38268994 0.53657577],2,-1,-1,308,-1
98,[0.2846115  0.55383907],2,0,"[0.27872464766475324, 0.6037969263876968]",-1,-1
99,[0.32845502 0.74462224],1,2,"[0.36772318180773494, 0.7148766969481398]",-1,-1
100,[0.36360526 0.75265074],1,2,"[0.36772318180773494, 0.7148766969481398]",-1,-1
101,[0.3892776  0.26275751],3,-1,-1,11,-1
102,[0.38801312 0.24950467],3,-1,-1,11,-1
103,[0.65365895 0.45237979],0,-1,-1,-1,0
104,[0.33144878 0.75165939],1,2,"[0.36772318180773494, 0.7148766969481398]",-1,-1
105,[0.5791197  0.65909758],0,-1,-1,35,0
106,[0.80839135 0.68166753],0,-1,-1,-1,0
107,[0.6361117  0.55620134],0,3,"[0.7033493551787963, 0.5720264221842615]",138,0
108,[0.39060879 0.65742548],1,2,"[0.36772318180773494, 0.7148766969481398]",-1,-1
109,[0.66979116 0.5311796 ],0,3,"[0.7033493551787963, 0.5720264221842615]",160,0
110,[0.25589615 0.34203476],3,-1,-1,-1,-1
111,[0.66499395 0.487081  ],0,-1,-1,-1,0
112,[0.37667495 0.49768174],3,1,"[0.39058119958388665, 0.45374655865984675]",-1,1
113,[0.3778682 0.6622192],1,2,"[0.36772318180773494, 0.7148766969481398]",-1,-1
114,[0.65706786 0.41687069],0,-1,-1,40,0
115,[0.32733503 0.62255804],1,0,"[0.27872464766475324, 0.6037969263876968]",383,2
116,[0.37959421 0.44674858],2,1,"[0.39058119958388665, 0.45374655865984675]",-1,-1
117,[0.83351471 0.58439027],0,-1,-1,8,0
118,[0.38949669 0.79059607],1,-1,-1,136,-1
119,[0.27863628 0.66235826],1,0,"[0.27872464766475324, 0.6037969263876968]",376,-1
120,[0.32385338 0.69080352],1,2,"[0.36772318180773494, 0.7148766969481398]",385,3
121,[0.74036355 0.59495731],0,3,"[0.7033493551787963, 0.5720264221842615]",125,0
122,[0.35689404 0.53832873],2,-1,-1,313,-1
123,[0.39801463 0.82233973],1,-1,-1,-1,-1
124,[0.24198288 0.70351529],2,-1,-1,226,-1
125,[0.3770819  0.47500871],3,1,"[0.39058119958388665, 0.45374655865984675]",257,-1
126,[0.2990331 0.6868258],1,-1,-1,385,-1
127,[0.29197285 0.4397318 ],3,-1,-1,-1,-1
128,[0.71143899 0.50312931],0,3,"[0.7033493551787963, 0.5720264221842615]",-1,0
129,[0.30587226 0.45444413],3,-1,-1,231,-1
130,[0.35960611 0.44629901],3,1,"[0.39058119958388665, 0.45374655865984675]",-1,-1
131,[0.66512806 0.52599213],0,3,"[0.7033493551787963, 0.5720264221842615]",160,0
132,[0.45211885 0.37511766],3,-1,-1,-1,1
133,[0.44576962 0.43752514],3,1,"[0.39058119958388665, 0.45374655865984675]",-1,-1
134,[0.31739501 0.54547891],2,0,"[0.27872464766475324, 0.6037969263876968]",348,-1
135,[0.81799968 0.61187309],0,-1,-1,27,0
136,[0.60087135 0.5159069 ],0,-1,-1,80,0
137,[0.64884912 0.53483358],0,3,"[0.7033493551787963, 0.5720264221842615]",112,0
138,[0.3879087  0.59226342],2,-1,-1,362,-1
139,[0.39073337 0.58067664],2,-1,-1,362,-1
140,[0.33674601 0.38967391],3,-1,-1,-1,-1
141,[0.20362569 0.67914492],2,-1,-1,115,-1
142,[0.46007851 0.42563026],3,-1,-1,253,-1
143,[0.45153666 0.54308564],2,-1,-1,-1,-1
144,[0.42591032 0.65051616],2,-1,-1,175,-1
145,[0.32944133 0.68506849],2,2,"[0.36772318180773494, 0.7148766969481398]",385,3
146,[0.40755005 0.37872941],3,-1,-1,272,1
147,[0.67769916 0.49057902],0,-1,-1,-1,0
148,[0.68123971 0.58941895],0,3,"[0.7033493551787963, 0.5720264221842615]",-1,0
149,[0.70296209 0.60472637],0,3,"[0.7033493551787963, 0.5720264221842615]",167,0
150,[0.21002097 0.33886633],3,-1,-1,-1,-1
151,[0.67221587 0.51033186],0,3,"[0.7033493551787963, 0.5720264221842615]",-1,0
152,[0.38433913 0.63364506],1,-1,-1,-1,-1
153,[0.35376649 0.66027767],1,2,"[0.36772318180773494, 0.7148766969481398]",377,4
154,[0.66156526 0.40456619],0,-1,-1,-1,0
155,[0.27967247 0.48079493],2,-1,-1,-1,-1
156,[0.60031844 0.42017316],0,-1,-1,12,-1
157,[0.44208714 0.41240181],3,1,"[0.39058119958388665, 0.45374655865984675]",-1,-1
158,[0.31044556 0.53659881],2,-1,-1,-1,-1
159,[0.16122529 0.62245742],2,-1,-1,39,-1
160,[0.30766114 0.68529777],1,2,"[0.36772318180773494, 0.7148766969481398]",385,3
161,[0.30827103 0.64486518],2,0,"[0.27872464766475324, 0.6037969263876968]",364,-1
162,[0.48525395 0.4659031 ],3,-1,-1,-1,-1
163,[0.3178408 0.5119761],2,-1,-1,-1,-1
164,[0.25700709 0.74610271],1,-1,-1,291,-1
165,[0.29083749 0.36228099],2,-1,-1,-1,-1
166,[0.44339372 0.54668493],0,-1,-1,190,-1
167,[0.34313514 0.5907757 ],2,0,"[0.27872464766475324, 0.6037969263876968]",386,2
168,[0.30359965 0.80665621],1,-1,-1,204,-1
169,[0.65207024 0.46220635],0,-1,-1,-1,0
170,[0.27569303 0.67874063],2,-1,-1,-1,-1
171,[0.32733637 0.68721601],1,2,"[0.36772318180773494, 0.7148766969481398]",385,3
172,[0.27242743 0.74295093],1,-1,-1,-1,-1
173,[0.65806897 0.5694607 ],0,3,"[0.7033493551787963, 0.5720264221842615]",161,0
174,[0.63895875 0.43301628],0,-1,-1,-1,0
175,[0.3161427  0.47656116],2,-1,-1,-1,-1
176,[0.53901559 0.43955067],3,-1,-1,-1,-1
177,[0.13388282 0.60328817],1,-1,-1,-1,-1
178,[0.46230745 0.68463734],1,-1,-1,89,-1
179,[0.40802438 0.45877325],3,1,"[0.39058119958388665, 0.45374655865984675]",258,1
180,[0.34234403 0.52236866],2,-1,-1,-1,-1
181,[0.71420749 0.56783871],0,3,"[0.7033493551787963, 0.5720264221842615]",126,0
182,[0.19518896 0.6295678 ],2,-1,-1,-1,-1
183,[0.22072898 0.66290378],1,-1,-1,331,-1
184,[0.35090592 0.67630325],2,2,"[0.36772318180773494, 0.7148766969481398]",377,-1
185,[0.57871698 0.4052809 ],0,-1,-1,-1,-1
186,[0.61596616 0.60884491],0,-1,-1,-1,0
187,[0.41788733 0.32240774],3,-1,-1,152,-1
188,[0.65076331 0.48394334],3,-1,-1,147,0
189,[0.53541985 0.29016451],3,-1,-1,-1,-1
190,[0.6588705  0.62395217],0,3,"[0.7033493551787963, 0.5720264221842615]",110,0
191,[0.47186733 0.84810199],1,-1,-1,7,-1
192,[0.3467356  0.75080313],1,2,"[0.36772318180773494, 0.7148766969481398]",325,-1
193,[0.2924337  0.48593869],3,-1,-1,-1,-1
194,[0.3838039  0.44908203],3,1,"[0.39058119958388665, 0.45374655865984675]",248,1
195,[0.2730506  0.55505105],2,0,"[0.27872464766475324, 0.6037969263876968]",240,-1
196,[0.43747622 0.38012839],3,-1,-1,-1,1
197,[0.44924853 0.39030676],3,-1,-1,264,1
198,[0.41267138 0.68988948],2,2,"[0.36772318180773494, 0.7148766969481398]",261,-1
199,[0.59058953 0.76694037],0,-1,-1,-1,-1
200,[0.33877099 0.58897173],2,0,"[0.27872464766475324, 0.6037969263876968]",384,2
201,[0.81421688 0.72329159],0,-1,-1,-1,-1
202,[0.12124162 0.59467284],2,-1,-1,-1,-1
203,[0.53119952 0.52486769],3,-1,-1,-1,-1
204,[0.38271996 0.29981109],3,-1,-1,36,-1
205,[0.25892045 0.56141942],2,0,"[0.27872464766475324, 0.6037969263876968]",240,-1
206,[0.23398103 0.80746975],1,-1,-1,29,-1
207,[0.62408851 0.56199689],0,-1,-1,140,0
208,[0.42913814 0.45414251],2,1,"[0.39058119958388665, 0.45374655865984675]",263,1
209,[0.31555209 0.42390162],3,-1,-1,-1,-1
210,[0.78429016 0.66824787],0,-1,-1,33,0
211,[0.25157692 0.66129073],1,0,"[0.27872464766475324, 0.6037969263876968]",-1,-1
212,[0.21189262 0.44857709],2,-1,-1,-1,-1
213,[0.67401624 0.52037322],0,3,"[0.7033493551787963, 0.5720264221842615]",-1,0
214,[0.3127425  0.35932715],2,-1,-1,-1,-1
215,[0.23767773 0.70072812],2,-1,-1,226,-1
216,[0.34876478 0.43928801],3,1,"[0.39058119958388665, 0.45374655865984675]",-1,1
217,[0.30461366 0.46616842],2,-1,-1,-1,-1
218,[0.5731876  0.64663247],0,-1,-1,35,0
219,[0.2969251  0.64337939],1,0,"[0.27872464766475324, 0.6037969263876968]",359,-1
220,[0.48600349 0.42191331],3,-1,-1,-1,1
221,[0.29126889 0.36554837],3,-1,-1,-1,-1
222,[0.36936035 0.71882933],1,2,"[0.36772318180773494, 0.7148766969481398]",326,-1
223,[0.23345607 0.58563692],2,0,"[0.27872464766475324, 0.6037969263876968]",241,-1
224,[0.34588265 0.54912091],2,-1,-1,-1,-1
225,[0.67707769 0.61536173],0,3,"[0.7033493551787963, 0.5720264221842615]",173,0
226,[0.60618802 0.48714986],0,-1,-1,-1,0
227,[0.44902325 0.60161745],2,-1,-1,182,-1
228,[0.64855859 0.59248818],0,3,"[0.7033493551787963, 0.5720264221842615]",-1,0
229,[0.39374502 0.28786819],3,-1,-1,-1,-1
230,[0.24472371 0.44073247],2,-1,-1,106,-1
231,[0.39433582 0.69425714],1,2,"[0.36772318180773494, 0.7148766969481398]",314,-1
232,[0.38955464 0.42011413],3,1,"[0.39058119958388665, 0.45374655865984675]",-1,1
233,[0.38765426 0.52300336],1,1,"[0.39058119958388665, 0.45374655865984675]",246,-1
234,[0.39071814 0.77661099],1,2,"[0.36772318180773494, 0.7148766969481398]",-1,-1
235,[0.40823905 0.64237065],1,-1,-1,352,-1
236,[0.72226219 0.6758248 ],0,-1,-1,41,0
237,[0.62296905 0.69475105],0,-1,-1,-1,0
238,[0.3533202  0.50113361],2,1,"[0.39058119958388665, 0.45374655865984675]",-1,-1
239,[0.36413636 0.26006573],3,-1,-1,-1,-1
240,[0.3986697  0.34769667],3,-1,-1,209,-1
241,[0.35450125 0.60093294],2,-1,-1,391,-1
242,[0.65919938 0.42029119],0,-1,-1,40,0
243,[0.4741988  0.37440759],3,-1,-1,228,-1
244,[0.64635991 0.53796381],0,3,"[0.7033493551787963, 0.5720264221842615]",112,0
245,[0.70597724 0.44262825],0,-1,-1,-1,0
246,[0.68826415 0.48305549],0,-1,-1,148,0
247,[0.46098803 0.52078252],3,-1,-1,-1,-1
248,[0.4643716  0.53066168],3,-1,-1,76,-1
249,[0.73259224 0.47845989],0,-1,-1,-1,0
250,[0.74658711 0.60608911],0,3,"[0.7033493551787963, 0.5720264221842615]",124,0
251,[0.7687835  0.62583544],0,-1,-1,95,0
252,[0.4547913  0.45527238],3,1,"[0.39058119958388665, 0.45374655865984675]",243,-1
253,[0.30829273 0.7094829 ],1,2,"[0.36772318180773494, 0.7148766969481398]",394,-1
254,[0.69222538 0.5836904 ],0,3,"[0.7033493551787963, 0.5720264221842615]",-1,0
255,[0.17950909 0.63638195],2,-1,-1,52,-1
256,[0.46728092 0.62931297],2,-1,-1,-1,-1
257,[0.63084604 0.60873819],0,-1,-1,-1,0
258,[0.42931314 0.4099734 ],3,1,"[0.39058119958388665, 0.45374655865984675]",-1,1
259,[0.23691485 0.86245469],1,-1,-1,-1,-1
260,[0.4748535  0.51638188],1,-1,-1,-1,-1
261,[0.6122543  0.77570231],0,-1,-1,-1,-1
262,[0.33377634 0.70339013],1,2,"[0.36772318180773494, 0.7148766969481398]",385,-1
263,[0.27806469 0.66152946],2,0,"[0.27872464766475324, 0.6037969263876968]",376,-1
264,[0.44256453 0.73706548],1,-1,-1,101,-1
265,[0.68046862 0.49877521],0,-1,-1,149,0
266,[0.55524867 0.34994703],3,-1,-1,57,-1
267,[0.21459163 0.56921697],2,-1,-1,-1,-1
268,[0.31246421 0.68569248],1,2,"[0.36772318180773494, 0.7148766969481398]",385,3
269,[0.61846924 0.47753413],0,-1,-1,116,0
270,[0.66457245 0.60243282],0,3,"[0.7033493551787963, 0.5720264221842615]",171,0
271,[0.43088348 0.4666055 ],3,1,"[0.39058119958388665, 0.45374655865984675]",263,-1
272,[0.30952916 0.75936138],1,-1,-1,324,-1
273,[0.45796584 0.76819888],1,-1,-1,-1,-1
274,[0.33079612 0.76975449],1,2,"[0.36772318180773494, 0.7148766969481398]",-1,-1
275,[0.47899598 0.52451451],3,-1,-1,83,-1
276,[0.35558881 0.38509261],3,-1,-1,251,-1
277,[0.33994968 0.57719785],2,0,"[0.27872464766475324, 0.6037969263876968]",353,2
278,[0.23716796 0.73178994],2,-1,-1,224,-1
279,[0.42942368 0.41663682],3,1,"[0.39058119958388665, 0.45374655865984675]",-1,-1
280,[0.7890866  0.46130252],0,-1,-1,6,0
281,[0.33008134 0.6539874 ],2,-1,-1,-1,-1
282,[0.31958167 0.91902261],1,-1,-1,-1,-1
283,[0.35373672 0.83762273],1,-1,-1,-1,-1
284,[0.29339709 0.60974997],2,0,"[0.27872464766475324, 0.6037969263876968]",371,-1
285,[0.378214   0.47468662],3,1,"[0.39058119958388665, 0.45374655865984675]",257,-1
286,[0.47383683 0.4192094 ],3,-1,-1,259,1
287,[0.35670501 0.55544029],2,-1,-1,334,-1
288,[0.43621998 0.40831127],3,1,"[0.39058119958388665, 0.45374655865984675]",-1,1
289,[0.45458163 0.2842219 ],3,-1,-1,-1,-1
290,[0.21224247 0.53573079],2,-1,-1,59,-1
291,[0.27706697 0.44832468],3,-1,-1,-1,-1
292,[0.35567491 0.81606287],1,-1,-1,184,-1
293,[0.46132233 0.51354441],3,-1,-1,220,-1
294,[0.36123554 0.70057682],1,2,"[0.36772318180773494, 0.7148766969481398]",-1,-1
295,[0.47207545 0.58975881],2,-1,-1,46,-1
296,[0.22427509 0.91608979],1,-1,-1,-1,-1
297,[0.68793813 0.51020657],0,3,"[0.7033493551787963, 0.5720264221842615]",150,0
298,[0.79667079 0.59840547],0,-1,-1,-1,0
299,[0.30997594 0.51266299],2,-1,-1,-1,-1
300,[0.3639009  0.84490137],1,-1,-1,55,-1
301,[0.25795977 0.5616713 ],2,0,"[0.27872464766475324, 0.6037969263876968]",240,-1
302,[0.66526211 0.59449055],0,3,"[0.7033493551787963, 0.5720264221842615]",-1,0
303,[0.45595217 0.52925153],2,-1,-1,76,-1
304,[0.68245651 0.61606022],0,3,"[0.7033493551787963, 0.5720264221842615]",-1,0
305,[0.598459   0.51344477],3,-1,-1,80,0
306,[0.49045439 0.45103392],3,-1,-1,-1,-1
307,[0.5616132 0.6407207],0,-1,-1,35,0
308,[0.38555031 0.87071885],1,-1,-1,-1,-1
309,[0.29737202 0.63499312],2,0,"[0.27872464766475324, 0.6037969263876968]",-1,-1
310,[0.28632356 0.61081162],2,0,"[0.27872464766475324, 0.6037969263876968]",372,-1
311,[0.30234828 0.42539219],2,-1,-1,-1,-1
312,[0.25683677 0.42950663],3,-1,-1,-1,-1
313,[0.41820111 0.76988121],1,-1,-1,-1,-1
314,[0.42623494 0.62484636],1,-1,-1,197,-1
315,[0.37019357 0.67743772],1,2,"[0.36772318180773494, 0.7148766969481398]",388,-1
316,[0.25561465 0.75495613],1,-1,-1,-1,-1
317,[0.17919226 0.63088789],1,-1,-1,52,-1
318,[0.31618997 0.53468716],2,-1,-1,-1,-1
319,[0.20870831 0.50924308],2,-1,-1,-1,-1
320,[0.76508965 0.61253963],0,-1,-1,-1,0
321,[0.19193114 0.4248642 ],2,-1,-1,-1,-1
322,[0.74910663 0.60978794],0,3,"[0.7033493551787963, 0.5720264221842615]",-1,0
323,[0.40021588 0.67049952],1,2,"[0.36772318180773494, 0.7148766969481398]",-1,-1
324,[0.41814653 0.76564833],1,-1,-1,135,-1
325,[0.4509881  0.60777866],1,-1,-1,-1,-1
326,[0.37764553 0.54855947],2,-1,-1,310,-1
327,[0.41063911 0.47902301],3,1,"[0.39058119958388665, 0.45374655865984675]",270,-1
328,[0.38646203 0.70819758],2,2,"[0.36772318180773494, 0.7148766969481398]",236,-1
329,[0.47774645 0.73760136],1,-1,-1,86,-1
330,[0.4017427  0.57392609],1,-1,-1,269,-1
331,[0.63340371 0.52961838],0,-1,-1,-1,0
332,[0.47100723 0.34500464],3,-1,-1,198,-1
333,[0.20935637 0.6906162 ],1,-1,-1,212,-1
334,[0.30289295 0.74842872],1,-1,-1,324,-1
335,[0.37339419 0.55939958],2,-1,-1,311,-1
336,[0.31847067 0.83394386],1,-1,-1,-1,-1
337,[0.31605231 0.70565501],1,2,"[0.36772318180773494, 0.7148766969481398]",394,-1
338,[0.46824277 0.42026233],3,-1,-1,259,1
339,[0.65464265 0.48520713],0,-1,-1,147,0
340,[0.44510087 0.36007384],3,-1,-1,-1,1
341,[0.37364059 0.60486901],1,-1,-1,363,-1
342,[0.22502067 0.62319177],2,0,"[0.27872464766475324, 0.6037969263876968]",-1,-1
343,[0.3803184 0.719347 ],1,2,"[0.36772318180773494, 0.7148766969481398]",295,-1
344,[0.34862928 0.72297353],1,2,"[0.36772318180773494, 0.7148766969481398]",326,-1
345,[0.38838299 0.38945588],3,1,"[0.39058119958388665, 0.45374655865984675]",288,1
346,[0.36365234 0.57429068],2,-1,-1,-1,-1
347,[0.34369267 0.56648966],2,-1,-1,353,-1
348,[0.29248653 0.74540297],1,-1,-1,-1,-1
349,[0.2802428  0.73945568],2,-1,-1,292,-1
350,[0.31309774 0.61816104],2,0,"[0.27872464766475324, 0.6037969263876968]",-1,-1
351,[0.39676238 0.71018834],1,2,"[0.36772318180773494, 0.7148766969481398]",236,-1
352,[0.82420232 0.45613671],0,-1,-1,-1,0
353,[0.38095842 0.54517614],1,-1,-1,-1,-1
354,[0.55865618 0.53678004],0,-1,-1,71,0
355,[0.75120895 0.55851027],0,3,"[0.7033493551787963, 0.5720264221842615]",-1,0
356,[0.71192924 0.54794406],0,3,"[0.7033493551787963, 0.5720264221842615]",130,0
357,[0.23046126 0.74080368],2,-1,-1,196,-1
358,[0.23017279 0.37897369],3,-1,-1,-1,-1
359,[0.58018998 0.44652748],3,-1,-1,43,0
360,[0.38428173 0.3794307 ],3,-1,-1,282,1
361,[0.43557046 0.71523253],1,2,"[0.36772318180773494, 0.7148766969481398]",99,-1
362,[0.23333028 0.56807268],2,0,"[0.27872464766475324, 0.6037969263876968]",-1,-1
363,[0.41677942 0.61798197],1,-1,-1,-1,-1
364,[0.47834915 0.43171211],3,-1,-1,-1,-1
365,[0.30080232 0.59875983],2,0,"[0.27872464766475324, 0.6037969263876968]",-1,-1
366,[0.73754479 0.52560002],0,3,"[0.7033493551787963, 0.5720264221842615]",107,0
367,[0.2972425  0.50970929],2,-1,-1,-1,-1
368,[0.33633643 0.430519  ],2,1,"[0.39058119958388665, 0.45374655865984675]",216,-1
369,[0.56838024 0.68130754],0,-1,-1,-1,0
370,[0.32549957 0.64830453],2,0,"[0.27872464766475324, 0.6037969263876968]",367,-1
371,[0.76110035 0.39464481],0,-1,-1,-1,0
372,[0.30005665 0.70699699],1,2,"[0.36772318180773494, 0.7148766969481398]",-1,-1
373,[0.73339224 0.54749141],0,3,"[0.7033493551787963, 0.5720264221842615]",129,0
374,[0.38304916 0.51683509],3,1,"[0.39058119958388665, 0.45374655865984675]",246,-1
375,[0.3186884  0.75776775],1,2,"[0.36772318180773494, 0.7148766969481398]",-1,-1
376,[0.25966729 0.55264129],2,0,"[0.27872464766475324, 0.6037969263876968]",240,-1
377,[0.38984391 0.61185327],1,-1,-1,-1,-1
378,[0.41909955 0.63155492],1,-1,-1,197,-1
379,[0.79393668 0.60652445],0,-1,-1,68,0
380,[0.47603383 0.70722825],1,-1,-1,30,-1
381,[0.4339508  0.29167997],3,-1,-1,88,-1
382,[0.39206168 0.62392459],2,-1,-1,-1,-1
383,[0.70978551 0.64367061],0,-1,-1,-1,0
384,[0.40003983 0.54597178],2,-1,-1,227,-1
385,[0.32713804 0.57480353],1,0,"[0.27872464766475324, 0.6037969263876968]",-1,-1
386,[0.23022215 0.73524472],1,-1,-1,-1,-1
387,[0.4377244  0.47796859],3,1,"[0.39058119958388665, 0.45374655865984675]",221,-1
388,[0.29258172 0.61212661],2,0,"[0.27872464766475324, 0.6037969263876968]",-1,-1
389,[0.32833562 0.64473554],1,0,"[0.27872464766475324, 0.6037969263876968]",367,-1
390,[0.51311552 0.50458371],0,-1,-1,-1,-1
391,[0.27140111 0.51831042],2,-1,-1,296,-1
392,[0.5379351 0.570361 ],1,-1,-1,61,0
393,[0.71585401 0.59800524],0,3,"[0.7033493551787963, 0.5720264221842615]",167,0
394,[0.30181573 0.59299855],2,0,"[0.27872464766475324, 0.6037969263876968]",338,-1
395,[0.29724384 0.41928976],3,-1,-1,-1,-1
396,[0.35967314 0.53759132],2,-1,-1,313,-1
397,[0.32464291 0.76074281],1,2,"[0.36772318180773494, 0.7148766969481398]",-1,-1
398,[0.37074715 0.58604263],1,-1,-1,-1,-1
399,[0.32500845 0.46354391],3,1,"[0.39058119958388665, 0.45374655865984675]",234,-1
400,[0.39079494 0.37662365],3,-1,-1,-1,1
401,[0.35694452 0.72469365],1,2,"[0.36772318180773494, 0.7148766969481398]",326,-1
402,[0.29659435 0.57500591],2,0,"[0.27872464766475324, 0.6037969263876968]",340,-1
403,[0.43579787 0.46243116],3,1,"[0.39058119958388665, 0.45374655865984675]",-1,-1
404,[0.75452732 0.66414598],0,-1,-1,-1,0
405,[0.44565508 0.42055602],3,1,"[0.39058119958388665, 0.45374655865984675]",-1,-1
406,[0.3435914  0.56551785],2,-1,-1,353,-1
407,[0.364854   0.50203821],1,1,"[0.39058119958388665, 0.45374655865984675]",244,-1
408,[0.87209955 0.45358792],0,-1,-1,-1,-1
409,[0.37386219 0.70619977],1,2,"[0.36772318180773494, 0.7148766969481398]",326,-1
410,[0.69121636 0.5644306 ],0,3,"[0.7033493551787963, 0.5720264221842615]",164,0
411,[0.35251728 0.24564645],3,-1,-1,-1,-1
412,[0.35836014 0.76633989],1,2,"[0.36772318180773494, 0.7148766969481398]",192,-1
413,[0.52508185 0.56324144],3,-1,-1,-1,0
414,[0.72868537 0.49902396],0,-1,-1,-1,0
415,[0.60986296 0.63266639],0,-1,-1,123,0
416,[0.36579386 0.72182252],2,2,"[0.36772318180773494, 0.7148766969481398]",326,-1
417,[0.73055402 0.71211749],0,-1,-1,-1,0
418,[0.28406082 0.44194438],3,-1,-1,-1,-1
419,[0.30857869 0.65666157],1,0,"[0.27872464766475324, 0.6037969263876968]",-1,-1
420,[0.21830656 0.63362056],2,0,"[0.27872464766475324, 0.6037969263876968]",-1,-1
421,[0.3832034  0.47119028],2,1,"[0.39058119958388665, 0.45374655865984675]",257,1
422,[0.63424305 0.61053196],0,-1,-1,-1,0
423,[0.42325015 0.68252617],1,2,"[0.36772318180773494, 0.7148766969481398]",-1,-1
424,[0.69367023 0.65428897],0,-1,-1,-1,0
425,[0.33299965 0.70736868],1,2,"[0.36772318180773494, 0.7148766969481398]",385,-1
426,[0.0853817  0.53312395],2,-1,-1,-1,-1
427,[0.65963735 0.55212992],0,3,"[0.7033493551787963, 0.5720264221842615]",-1,0
428,[0.55809118 0.49228674],0,-1,-1,-1,-1
429,[0.34725732 0.71372627],1,2,"[0.36772318180773494, 0.7148766969481398]",326,-1
430,[0.54735253 0.49170792],0,-1,-1,-1,-1
431,[0.34292852 0.44385544],3,1,"[0.39058119958388665, 0.45374655865984675]",-1,-1
432,[0.73899583 0.52367049],0,3,"[0.7033493551787963, 0.5720264221842615]",107,0
433,[0.2434816  0.43544666],2,-1,-1,106,-1
434,[0.46075344 0.79775582],1,-1,-1,-1,-1
435,[0.15602615 0.60801094],2,-1,-1,39,-1
436,[0.43900447 0.76263588],1,-1,-1,-1,-1
437,[0.34567076 0.77126854],1,2,"[0.36772318180773494, 0.7148766969481398]",-1,-1
438,[0.23681621 0.62279245],1,0,"[0.27872464766475324, 0.6037969263876968]",-1,-1
439,[0.35832505 0.59741414],1,-1,-1,-1,-1
440,[0.66951256 0.42578948],0,-1,-1,40,0
441,[0.37657965 0.55677897],2,-1,-1,311,-1
442,[0.40808637 0.53024548],3,-1,-1,-1,-1
443,[0.36857411 0.63014214],1,-1,-1,379,4
444,[0.69341407 0.48742602],0,-1,-1,148,0
445,[0.59410054 0.56462803],0,-1,-1,-1,0
446,[0.34840252 0.51121546],2,-1,-1,309,-1
447,[0.44915887 0.6012831 ],2,-1,-1,182,-1
448,[0.52650088 0.41433155],3,-1,-1,177,-1
449,[0.36947357 0.75683153],1,2,"[0.36772318180773494, 0.7148766969481398]",-1,-1
450,[0.65930524 0.57317035],0,3,"[0.7033493551787963, 0.5720264221842615]",161,0
451,[0.27853483 0.73128113],1,-1,-1,-1,-1
452,[0.24814452 0.76753314],1,-1,-1,119,-1
453,[0.24178266 0.57662642],2,0,"[0.27872464766475324, 0.6037969263876968]",-1,-1
454,[0.48533499 0.73722541],1,-1,-1,-1,-1
455,[0.30440106 0.39430782],3,-1,-1,195,-1
456,[0.36983741 0.42868513],3,1,"[0.39058119958388665, 0.45374655865984675]",271,1
457,[0.29957463 0.80540169],1,-1,-1,204,-1
458,[0.48495346 0.48857362],3,-1,-1,205,-1
459,[0.23878279 0.60819949],2,0,"[0.27872464766475324, 0.6037969263876968]",247,-1
460,[0.63165042 0.68112657],0,-1,-1,37,0
461,[0.58274494 0.69424368],0,-1,-1,-1,0
462,[0.71041519 0.61681173],0,3,"[0.7033493551787963, 0.5720264221842615]",-1,0
463,[0.42360883 0.38801319],3,-1,-1,284,1
464,[0.28786836 0.5670481 ],2,0,"[0.27872464766475324, 0.6037969263876968]",340,-1
465,[0.3481063  0.70409213],1,2,"[0.36772318180773494, 0.7148766969481398]",-1,-1
466,[0.41983728 0.53177307],2,-1,-1,230,-1
467,[0.4392378  0.38427182],3,-1,-1,-1,1
468,[0.66686328 0.45746018],0,-1,-1,-1,0
469,[0.42184117 0.56491692],2,-1,-1,-1,-1
470,[0.32435277 0.69193193],1,2,"[0.36772318180773494, 0.7148766969481398]",385,3
471,[0.34556368 0.69718337],1,2,"[0.36772318180773494, 0.7148766969481398]",385,-1
472,[0.47278348 0.56075636],3,-1,-1,62,-1
473,[0.68609721 0.53989496],0,3,"[0.7033493551787963, 0.5720264221842615]",-1,0
474,[0.70108794 0.63773611],0,3,"[0.7033493551787963, 0.5720264221842615]",132,0
475,[0.49286207 0.42126108],3,-1,-1,252,-1
476,[0.10901454 0.57915503],2,-1,-1,-1,-1
477,[0.20629211 0.69824778],1,-1,-1,-1,-1
478,[0.31450252 0.3338408 ],3,-1,-1,-1,-1
479,[0.56300499 0.39510267],0,-1,-1,-1,-1
480,[0.61440552 0.56262274],0,-1,-1,-1,0
481,[0.35460222 0.73480718],1,2,"[0.36772318180773494, 0.7148766969481398]",326,-1
482,[0.5919313  0.49112929],0,-1,-1,77,0
483,[0.46157226 0.62802551],2,-1,-1,-1,-1
484,[0.26796865 0.52232169],2,-1,-1,-1,-1
485,[0.41704088 0.52456898],3,-1,-1,-1,-1
486,[0.3854325  0.42710268],3,1,"[0.39058119958388665, 0.45374655865984675]",286,1
487,[0.75763602 0.51556159],0,-1,-1,-1,0
488,[0.39947057 0.58316221],2,-1,-1,290,-1
489,[0.26358948 0.58719334],2,0,"[0.27872464766475324, 0.6037969263876968]",318,-1
490,[0.42265258 0.40909276],3,1,"[0.39058119958388665, 0.45374655865984675]",-1,1
491,[0.29727988 0.65885585],2,0,"[0.27872464766475324, 0.6037969263876968]",354,-1
492,[0.7757997  0.61581788],0,-1,-1,-1,0
493,[0.26108207 0.6259724 ],2,0,"[0.27872464766475324, 0.6037969263876968]",345,-1
494,[0.73968795 0.6296687 ],0,3,"[0.7033493551787963, 0.5720264221842615]",-1,0
495,[0.7974454  0.55699495],0,-1,-1,-1,0
496,[0.39778618 0.78779929],1,-1,-1,136,-1
497,[0.36463464 0.60505863],1,-1,-1,-1,-1
498,[0.65312211 0.55790216],0,3,"[0.7033493551787963, 0.5720264221842615]",-1,0
499,[0.4366692  0.54563859],3,-1,-1,190,-1
500,[0.72829637 0.64899295],0,-1,-1,98,0
501,[0.52934639 0.31117739],3,-1,-1,-1,-1
502,[0.48773953 0.62741046],2,-1,-1,26,-1
503,[0.33951132 0.52752612],3,-1,-1,-1,-1
504,[0.41439976 0.68758258],1,2,"[0.36772318180773494, 0.7148766969481398]",261,-1
505,[0.63392403 0.54937705],0,-1,-1,139,0
506,[0.31030649 0.48415889],3,-1,-1,303,-1
507,[0.53899302 0.44373654],3,-1,-1,-1,-1
508,[0.44831181 0.5319085 ],3,-1,-1,-1,-1
509,[0.50466603 0.36571046],3,-1,-1,141,-1
510,[0.84819031 0.43286414],0,-1,-1,-1,-1
511,[0.43200268 0.39384743],3,-1,-1,283,1
512,[0.25282641 0.5866846 ],2,0,"[0.27872464766475324, 0.6037969263876968]",-1,-1
513,[0.50336392 0.27482158],3,-1,-1,9,-1
514,[0.58524507 0.48368641],0,-1,-1,-1,0
515,[0.35890563 0.64099682],1,-1,-1,380,-1
516,[0.57193765 0.64817984],0,-1,-1,35,0
517,[0.31502468 0.8951552 ],1,-1,-1,-1,-1
518,[0.42455426 0.47243353],3,1,"[0.39058119958388665, 0.45374655865984675]",-1,1
519,[0.35336737 0.51975533],1,-1,-1,309,-1
520,[0.33430773 0.62606183],2,0,"[0.27872464766475324, 0.6037969263876968]",383,-1
521,[0.31249456 0.61125195],1,0,"[0.27872464766475324, 0.6037969263876968]",-1,-1
522,[0.69510585 0.57765777],0,3,"[0.7033493551787963, 0.5720264221842615]",-1,0
523,[0.25258928 0.57805849],2,0,"[0.27872464766475324, 0.6037969263876968]",318,-1
524,[0.18768656 0.71553468],1,-1,-1,-1,-1
525,[0.29212809 0.72933769],1,-1,-1,293,-1
526,[0.22699895 0.57597885],2,0,"[0.27872464766475324, 0.6037969263876968]",-1,-1
527,[0.36731443 0.78133465],1,2,"[0.36772318180773494, 0.7148766969481398]",187,-1
528,[0.34378809 0.6561663 ],1,2,"[0.36772318180773494, 0.7148766969481398]",-1,4
529,[0.32545504 0.5498711 ],2,-1,-1,-1,-1
530,[0.39178374 0.39887581],3,1,"[0.39058119958388665, 0.45374655865984675]",-1,1
531,[0.31532345 0.61386634],1,0,"[0.27872464766475324, 0.6037969263876968]",382,-1
532,[0.6576661  0.68346635],0,-1,-1,-1,0
533,[0.40709905 0.41382788],3,1,"[0.39058119958388665, 0.45374655865984675]",-1,1
534,[0.37394915 0.68716956],1,2,"[0.36772318180773494, 0.7148766969481398]",-1,-1
535,[0.34575957 0.60326784],2,0,"[0.27872464766475324, 0.6037969263876968]",391,2
536,[0.3847459  0.44961181],3,1,"[0.39058119958388665, 0.45374655865984675]",248,1
537,[0.44805871 0.47829926],2,1,"[0.39058119958388665, 0.45374655865984675]",221,-1
538,[0.37583232 0.83210381],1,-1,-1,55,-1
539,[0.31602602 0.81759294],1,-1,-1,-1,-1
540,[0.31738265 0.65623091],1,0,"[0.27872464766475324, 0.6037969263876968]",369,-1
541,[0.35670939 0.54991688],2,-1,-1,334,-1
542,[0.26656695 0.42307594],3,-1,-1,67,-1
543,[0.65201089 0.56898299],0,3,"[0.7033493551787963, 0.5720264221842615]",-1,0
544,[0.73660156 0.68033611],0,-1,-1,41,0
545,[0.31746718 0.7283114 ],1,2,"[0.36772318180773494, 0.7148766969481398]",332,-1
546,[0.72203253 0.6821771 ],0,-1,-1,41,0
547,[0.30895032 0.49380955],3,-1,-1,303,-1
548,[0.34545534 0.48562504],2,1,"[0.39058119958388665, 0.45374655865984675]",301,-1
549,[0.2114451  0.53860634],2,-1,-1,59,-1
550,[0.32144819 0.56736131],2,0,"[0.27872464766475324, 0.6037969263876968]",-1,-1
551,[0.2569208  0.72900691],1,-1,-1,193,-1
552,[0.47708795 0.70674246],1,-1,-1,30,-1
553,[0.69907557 0.59006007],0,3,"[0.7033493551787963, 0.5720264221842615]",-1,0
554,[0.2817993  0.74606381],1,-1,-1,-1,-1
555,[0.32310205 0.64191072],2,0,"[0.27872464766475324, 0.6037969263876968]",367,-1
556,[0.45435524 0.45635002],3,1,"[0.39058119958388665, 0.45374655865984675]",-1,-1
557,[0.70692323 0.58946847],0,3,"[0.7033493551787963, 0.5720264221842615]",122,0
558,[0.33075595 0.52665058],2,-1,-1,343,-1
559,[0.44710276 0.44602898],3,1,"[0.39058119958388665, 0.45374655865984675]",-1,-1
560,[0.72948239 0.62963896],0,3,"[0.7033493551787963, 0.5720264221842615]",98,0
561,[0.79184261 0.42926051],0,-1,-1,-1,0
562,[0.73439398 0.62791625],0,3,"[0.7033493551787963, 0.5720264221842615]",-1,0
563,[0.68951715 0.50562521],0,3,"[0.7033493551787963, 0.5720264221842615]",150,0
564,[0.47941085 0.57806048],1,-1,-1,-1,-1
565,[0.79035886 0.55559545],0,-1,-1,92,0
566,[0.43055131 0.76204755],1,-1,-1,-1,-1
567,[0.45066995 0.61995676],2,-1,-1,176,-1
568,[0.39395134 0.75598739],1,2,"[0.36772318180773494, 0.7148766969481398]",-1,-1
569,[0.74686144 0.66596767],0,-1,-1,93,0
570,[0.75866259 0.63907826],0,-1,-1,95,0
571,[0.34917093 0.35900464],3,-1,-1,-1,-1
572,[0.66455244 0.5123087 ],0,-1,-1,159,0
573,[0.56741289 0.66565719],0,-1,-1,-1,0
574,[0.37170111 0.54539997],3,-1,-1,310,-1
575,[0.65925875 0.47586432],0,-1,-1,144,0
576,[0.67755997 0.56990621],0,3,"[0.7033493551787963, 0.5720264221842615]",-1,0
577,[0.21458426 0.65326794],1,-1,-1,-1,-1
578,[0.78329499 0.43857715],0,-1,-1,-1,0
579,[0.49655349 0.4248869 ],1,-1,-1,252,-1
580,[0.67346174 0.61670323],0,3,"[0.7033493551787963, 0.5720264221842615]",-1,0
581,[0.35471816 0.32685344],3,-1,-1,-1,-1
582,[0.32335555 0.67268743],2,2,"[0.36772318180773494, 0.7148766969481398]",385,-1
583,[0.19274288 0.54783892],2,-1,-1,72,-1
584,[0.21203602 0.70063684],1,-1,-1,212,-1
585,[0.36178479 0.63984919],2,-1,-1,380,4
586,[0.60964723 0.55855238],0,-1,-1,-1,0
587,[0.45907649 0.31420467],3,-1,-1,-1,-1
588,[0.62595819 0.65497029],0,-1,-1,-1,0
589,[0.69558042 0.52500576],0,3,"[0.7033493551787963, 0.5720264221842615]",-1,0
590,[0.56957302 0.41285479],3,-1,-1,-1,-1
591,[0.20385677 0.61721356],1,-1,-1,-1,-1
592,[0.28352114 0.6308475 ],1,0,"[0.27872464766475324, 0.6037969263876968]",365,-1
593,[0.28459615 0.61695929],2,0,"[0.27872464766475324, 0.6037969263876968]",372,-1
594,[0.21576311 0.45923145],3,-1,-1,-1,-1
595,[0.41442633 0.86910242],1,-1,-1,-1,-1
596,[0.69819819 0.51169935],0,3,"[0.7033493551787963, 0.5720264221842615]",148,0
597,[0.39933591 0.3511454 ],3,-1,-1,209,-1
598,[0.22516279 0.77580089],1,-1,-1,-1,-1
599,[0.63437899 0.64108638],0,-1,-1,102,0
600,[0.51181483 0.84809382],1,-1,-1,-1,-1
601,[0.31014697 0.44923431],2,-1,-1,231,-1
602,[0.73496576 0.53096166],0,3,"[0.7033493551787963, 0.5720264221842615]",107,0
603,[0.19781277 0.71058616],2,-1,-1,-1,-1
604,[0.64097225 0.57593851],0,3,"[0.7033493551787963, 0.5720264221842615]",-1,0
605,[0.40296504 0.79138054],1,-1,-1,136,-1
606,[0.29674528 0.64584512],1,0,"[0.27872464766475324, 0.6037969263876968]",359,-1
607,[0.30661104 0.59599812],3,0,"[0.27872464766475324, 0.6037969263876968]",-1,-1
608,[0.42423956 0.53014347],3,-1,-1,-1,-1
609,[0.8441469  0.47863988],0,-1,-1,-1,0
610,[0.21864456 0.8639911 ],1,-1,-1,-1,-1
611,[0.27604351 0.58830771],2,0,"[0.27872464766475324, 0.6037969263876968]",-1,-1
612,[0.41996204 0.71378763],1,2,"[0.36772318180773494, 0.7148766969481398]",261,-1
613,[0.31342078 0.55676193],2,0,"[0.27872464766475324, 0.6037969263876968]",348,-1
614,[0.3546895  0.73173439],1,2,"[0.36772318180773494, 0.7148766969481398]",326,-1
615,[0.6103932  0.58494929],0,-1,-1,111,0
616,[0.22091452 0.6112775 ],2,0,"[0.27872464766475324, 0.6037969263876968]",-1,-1
617,[0.37262729 0.5397964 ],1,-1,-1,310,-1
618,[0.57605731 0.74934111],0,-1,-1,-1,-1
619,[0.34270483 0.69160674],1,2,"[0.36772318180773494, 0.7148766969481398]",385,-1
620,[0.26828728 0.73230085],1,-1,-1,193,-1
621,[0.67766514 0.56488891],0,3,"[0.7033493551787963, 0.5720264221842615]",164,0
622,[0.30728409 0.70355466],1,2,"[0.36772318180773494, 0.7148766969481398]",-1,-1
623,[0.56283932 0.6037653 ],1,-1,-1,-1,0
624,[0.35636078 0.66296966],1,2,"[0.36772318180773494, 0.7148766969481398]",377,4
625,[0.59655571 0.63655015],0,-1,-1,-1,0
626,[0.41216923 0.43178827],3,1,"[0.39058119958388665, 0.45374655865984675]",267,1
627,[0.66034663 0.47054411],0,-1,-1,-1,0
628,[0.28121924 0.6499869 ],1,0,"[0.27872464766475324, 0.6037969263876968]",-1,-1
629,[0.32268185 0.60293588],2,0,"[0.27872464766475324, 0.6037969263876968]",373,-1
630,[0.34367543 0.52288587],2,-1,-1,-1,-1
631,[0.71777152 0.59796989],0,3,"[0.7033493551787963, 0.5720264221842615]",-1,0
632,[0.46924776 0.41182117],3,-1,-1,-1,-1
633,[0.19024284 0.33658186],3,-1,-1,-1,-1
634,[0.31531645 0.58557028],3,0,"[0.27872464766475324, 0.6037969263876968]",374,-1
635,[0.32736068 0.67105461],2,2,"[0.36772318180773494, 0.7148766969481398]",385,-1
636,[0.45046372 0.62993243],2,-1,-1,-1,-1
637,[0.69872613 0.56867346],0,3,"[0.7033493551787963, 0.5720264221842615]",164,0
638,[0.53860733 0.49965078],3,-1,-1,-1,-1
639,[0.34883405 0.63488788],2,-1,-1,-1,-1
640,[0.62929443 0.63990088],0,-1,-1,102,0
641,[0.43957406 0.43930914],3,1,"[0.39058119958388665, 0.45374655865984675]",262,-1
642,[0.52592044 0.57081118],0,-1,-1,-1,0
643,[0.42405556 0.48594035],2,1,"[0.39058119958388665, 0.45374655865984675]",-1,-1
644,[0.59982436 0.59703044],0,-1,-1,111,0
645,[0.32962067 0.61465253],2,0,"[0.27872464766475324, 0.6037969263876968]",-1,2
646,[0.46361526 0.68399134],1,-1,-1,89,-1
647,[0.46074533 0.72653663],1,-1,-1,-1,-1
648,[0.348086   0.71275573],1,2,"[0.36772318180773494, 0.7148766969481398]",326,-1
649,[0.74372376 0.48132084],0,-1,-1,-1,0
650,[0.7895715  0.55029659],0,-1,-1,-1,0
651,[0.72156747 0.45598833],0,-1,-1,82,0
652,[0.31984288 0.49890798],3,-1,-1,305,-1
653,[0.3866464  0.53951966],2,-1,-1,308,-1
654,[0.45891938 0.68515902],1,-1,-1,89,-1
655,[0.33712255 0.60665983],2,0,"[0.27872464766475324, 0.6037969263876968]",393,2
656,[0.36416454 0.53269355],3,-1,-1,313,-1
657,[0.24656335 0.31326511],3,-1,-1,-1,-1
658,[0.46553803 0.39699395],3,-1,-1,-1,-1
659,[0.10840554 0.5619768 ],2,-1,-1,-1,-1
660,[0.17326372 0.67197133],2,-1,-1,-1,-1
661,[0.58221641 0.6039036 ],0,-1,-1,87,0
662,[0.69943734 0.61089297],0,3,"[0.7033493551787963, 0.5720264221842615]",-1,0
663,[0.37262252 0.48756825],2,1,"[0.39058119958388665, 0.45374655865984675]",244,1
664,[0.73149523 0.48971019],0,-1,-1,-1,0
665,[0.38412881 0.6724917 ],1,2,"[0.36772318180773494, 0.7148766969481398]",387,-1
666,[0.44752371 0.61364196],2,-1,-1,-1,-1
667,[0.38559758 0.66365654],1,2,"[0.36772318180773494, 0.7148766969481398]",-1,-1
668,[0.46351838 0.77116727],1,-1,-1,56,-1
669,[0.28885242 0.40082782],3,-1,-1,194,-1
670,[0.29525511 0.57608934],2,0,"[0.27872464766475324, 0.6037969263876968]",340,-1
671,[0.18443331 0.55464607],2,-1,-1,-1,-1
672,[0.40958571 0.47353006],3,1,"[0.39058119958388665, 0.45374655865984675]",-1,1
673,[0.33222802 0.75800529],1,2,"[0.36772318180773494, 0.7148766969481398]",-1,-1
674,[0.31903912 0.69397111],1,2,"[0.36772318180773494, 0.7148766969481398]",385,3
675,[0.37541486 0.71080613],1,2,"[0.36772318180773494, 0.7148766969481398]",-1,-1
676,[0.66766768 0.52022185],0,3,"[0.7033493551787963, 0.5720264221842615]",160,0
677,[0.2669617 0.3282003],3,-1,-1,-1,-1
678,[0.7261933  0.51556214],0,3,"[0.7033493551787963, 0.5720264221842615]",-1,0
679,[0.38741053 0.62601273],1,-1,-1,-1,-1
680,[0.63234981 0.55981444],0,-1,-1,138,0
681,[0.37831841 0.76930658],1,2,"[0.36772318180773494, 0.7148766969481398]",188,-1
682,[0.34633683 0.41347126],3,1,"[0.39058119958388665, 0.45374655865984675]",268,-1
683,[0.33601837 0.36379311],3,-1,-1,-1,-1
684,[0.23747835 0.60726168],2,0,"[0.27872464766475324, 0.6037969263876968]",247,-1
685,[0.25952973 0.91044499],1,-1,-1,-1,-1
686,[0.36163048 0.52594362],2,-1,-1,-1,-1
687,[0.18254124 0.63723164],2,-1,-1,52,-1
688,[0.36748512 0.67174217],2,2,"[0.36772318180773494, 0.7148766969481398]",-1,-1
689,[0.62088353 0.74548306],0,-1,-1,-1,0
690,[0.28747929 0.55147661],1,0,"[0.27872464766475324, 0.6037969263876968]",339,-1
691,[0.59645998 0.4520082 ],0,-1,-1,43,0
692,[0.20212304 0.49259289],2,-1,-1,-1,-1
693,[0.04230141 0.65576372],1,-1,-1,-1,-1
694,[0.68499197 0.3966686 ],0,-1,-1,22,0
695,[0.47304033 0.3213915 ],3,-1,-1,53,-1
696,[0.33871701 0.64127222],2,-1,-1,-1,-1
697,[0.44710098 0.47829007],2,1,"[0.39058119958388665, 0.45374655865984675]",221,-1
698,[0.35554888 0.38455405],3,-1,-1,251,-1
699,[0.49047425 0.28196242],3,-1,-1,53,-1
700,[0.25498096 0.65665044],1,0,"[0.27872464766475324, 0.6037969263876968]",328,-1
701,[0.41493929 0.31253219],3,-1,-1,151,-1
702,[0.46156164 0.72831973],1,-1,-1,-1,-1
703,[0.7321953  0.57934649],0,3,"[0.7033493551787963, 0.5720264221842615]",126,0
704,[0.70683867 0.50785415],0,3,"[0.7033493551787963, 0.5720264221842615]",148,0
705,[0.44268861 0.53974008],3,-1,-1,190,-1
706,[0.72498149 0.71704897],0,-1,-1,-1,0
707,[0.41055265 0.48662998],3,1,"[0.39058119958388665, 0.45374655865984675]",-1,-1
708,[0.30669115 0.66633213],2,0,"[0.27872464766475324, 0.6037969263876968]",-1,-1
709,[0.46183243 0.4529341 ],2,-1,-1,243,-1
710,[0.73298797 0.39197473],0,-1,-1,18,0
711,[0.25144617 0.5645098 ],2,0,"[0.27872464766475324, 0.6037969263876968]",-1,-1
712,[0.18156408 0.61745648],1,-1,-1,-1,-1
713,[0.46163777 0.47125178],3,-1,-1,222,-1
714,[0.33231655 0.6981497 ],1,2,"[0.36772318180773494, 0.7148766969481398]",385,3
715,[0.28782994 0.75786501],1,-1,-1,242,-1
716,[0.34000597 0.45639197],2,1,"[0.39058119958388665, 0.45374655865984675]",233,-1
717,[0.72955229 0.49743602],0,-1,-1,-1,0
718,[0.35415942 0.64206323],1,-1,-1,-1,-1
719,[0.79058126 0.39710975],0,-1,-1,-1,0
720,[0.42896711 0.64321305],1,-1,-1,-1,-1
721,[0.58147924 0.48557801],0,-1,-1,-1,0
722,[0.76503198 0.54767158],0,3,"[0.7033493551787963, 0.5720264221842615]",-1,0
723,[0.18758095 0.54363073],2,-1,-1,72,-1
724,[0.43432058 0.34258999],3,-1,-1,-1,-1
725,[0.59072763 0.35441226],3,-1,-1,-1,-1
726,[0.67304224 0.48300591],0,-1,-1,120,0
727,[0.30094493 0.69097931],1,-1,-1,-1,-1
728,[0.38287497 0.64619249],1,-1,-1,-1,-1
729,[0.43597743 0.44087223],3,1,"[0.39058119958388665, 0.45374655865984675]",262,1
730,[0.72554571 0.5590587 ],0,3,"[0.7033493551787963, 0.5720264221842615]",128,0
731,[0.56014014 0.65651916],0,-1,-1,35,0
732,[0.3351329  0.70186549],1,2,"[0.36772318180773494, 0.7148766969481398]",385,-1
733,[0.60308803 0.55583763],0,-1,-1,-1,0
734,[0.42067972 0.53130766],2,-1,-1,230,-1
735,[0.63966734 0.48359053],0,-1,-1,-1,0
736,[0.17926236 0.57713091],2,-1,-1,-1,-1
737,[0.33819194 0.60534903],2,0,"[0.27872464766475324, 0.6037969263876968]",393,2
738,[0.60202452 0.59234385],0,-1,-1,111,0
739,[0.72574009 0.53967223],0,3,"[0.7033493551787963, 0.5720264221842615]",129,0
740,[0.72450903 0.55440595],0,3,"[0.7033493551787963, 0.5720264221842615]",128,0
741,[0.39082154 0.6562036 ],1,2,"[0.36772318180773494, 0.7148766969481398]",355,-1
742,[0.85841856 0.67614636],0,-1,-1,0,-1
743,[0.62184657 0.49239886],0,-1,-1,-1,0
744,[0.48471948 0.39436321],3,-1,-1,232,-1
745,[0.23574298 0.57933751],2,0,"[0.27872464766475324, 0.6037969263876968]",-1,-1
746,[0.28151806 0.65848274],1,0,"[0.27872464766475324, 0.6037969263876968]",376,-1
747,[0.50950103 0.21935871],3,-1,-1,-1,-1
748,[0.28767209 0.37354779],3,-1,-1,-1,-1
749,[0.44399836 0.81683632],1,-1,-1,-1,-1
750,[0.51680447 0.66400841],0,-1,-1,17,-1
751,[0.73180945 0.44951469],0,-1,-1,-1,0
752,[0.39563733 0.51461602],2,1,"[0.39058119958388665, 0.45374655865984675]",-1,-1
753,[0.62607893 0.51150588],0,-1,-1,-1,0
754,[0.48031156 0.86348859],1,-1,-1,7,-1
755,[0.45087012 0.39823391],3,-1,-1,264,1
756,[0.76965227 0.58772087],0,3,"[0.7033493551787963, 0.5720264221842615]",-1,0
757,[0.31079704 0.40586513],3,-1,-1,214,-1
758,[0.79095837 0.58040034],0,-1,-1,70,0
759,[0.71602501 0.60855751],0,3,"[0.7033493551787963, 0.5720264221842615]",-1,0
760,[0.46245838 0.37249242],3,-1,-1,-1,-1
761,[0.35730084 0.38589736],3,-1,-1,251,-1
762,[0.37213688 0.57038059],2,-1,-1,-1,-1
763,[0.40420556 0.80189952],1,-1,-1,136,-1
764,[0.3108756  0.56938232],2,0,"[0.27872464766475324, 0.6037969263876968]",360,-1
765,[0.3892659  0.49053638],3,1,"[0.39058119958388665, 0.45374655865984675]",274,1
766,[0.41816375 0.67435751],1,2,"[0.36772318180773494, 0.7148766969481398]",-1,-1
767,[0.40676887 0.75123555],1,2,"[0.36772318180773494, 0.7148766969481398]",-1,-1
768,[0.78040297 0.56195527],0,-1,-1,92,0
769,[0.80639694 0.51368785],0,-1,-1,-1,0
770,[0.42815294 0.44191245],3,1,"[0.39058119958388665, 0.45374655865984675]",263,1
771,[0.73143504 0.70447429],0,-1,-1,-1,0
772,[0.45121312 0.32157797],3,-1,-1,-1,-1
773,[0.37075498 0.78035259],1,2,"[0.36772318180773494, 0.7148766969481398]",-1,-1
774,[0.35058066 0.35290507],3,-1,-1,172,-1
775,[0.44501235 0.44597811],3,1,"[0.39058119958388665, 0.45374655865984675]",-1,-1
776,[0.40164007 0.38872873],3,1,"[0.39058119958388665, 0.45374655865984675]",289,1
777,[0.33873205 0.57287277],1,0,"[0.27872464766475324, 0.6037969263876968]",353,-1
778,[0.84030681 0.58668477],0,-1,-1,8,0
779,[0.34621476 0.38212091],3,-1,-1,251,-1
780,[0.4350556  0.62137176],2,-1,-1,197,-1
781,[0.61444395 0.46794846],0,-1,-1,-1,0
782,[0.43116145 0.40462254],3,1,"[0.39058119958388665, 0.45374655865984675]",-1,1
783,[0.43877947 0.38814846],3,-1,-1,-1,1
784,[0.4625083  0.33878568],3,-1,-1,-1,-1
785,[0.24292172 0.7150168 ],1,-1,-1,225,-1
786,[0.23510918 0.4911939 ],2,-1,-1,109,-1
787,[0.35300902 0.60422606],2,-1,-1,391,-1
788,[0.45450251 0.21167594],3,-1,-1,-1,-1
789,[0.41576873 0.6077851 ],1,-1,-1,217,-1
790,[0.33971042 0.67693474],2,2,"[0.36772318180773494, 0.7148766969481398]",-1,-1
791,[0.39769055 0.6125031 ],1,-1,-1,-1,-1
792,[0.65782614 0.59993032],0,3,"[0.7033493551787963, 0.5720264221842615]",171,0
793,[0.47027813 0.59222582],2,-1,-1,46,-1
794,[0.29752289 0.37987425],3,-1,-1,-1,-1
795,[0.77095112 0.67612176],0,-1,-1,-1,0
796,[0.28406872 0.62231319],1,0,"[0.27872464766475324, 0.6037969263876968]",-1,-1
797,[0.39435243 0.58059577],1,-1,-1,-1,-1
798,[0.73186593 0.66005685],0,-1,-1,-1,0
799,[0.51939994 0.4528574 ],3,-1,-1,113,-1
800,[0.38236684 0.54243716],3,-1,-1,308,-1
801,[0.45583495 0.3450147 ],3,-1,-1,-1,-1
802,[0.26543191 0.40408599],3,-1,-1,67,-1
803,[0.59504565 0.37783371],3,-1,-1,-1,-1
804,[0.31534146 0.49000707],3,-1,-1,303,-1
805,[0.31860973 0.79634754],1,-1,-1,203,-1
806,[0.30250191 0.56555692],2,0,"[0.27872464766475324, 0.6037969263876968]",-1,-1
807,[0.29762363 0.55969286],2,0,"[0.27872464766475324, 0.6037969263876968]",339,-1
808,[0.61213731 0.50308905],0,-1,-1,-1,0
809,[0.24150496 0.52617304],2,-1,-1,201,-1
810,[0.33654821 0.33700573],3,-1,-1,-1,-1
811,[0.76162016 0.45668361],0,-1,-1,-1,0
812,[0.42118517 0.42852557],3,1,"[0.39058119958388665, 0.45374655865984675]",-1,1
813,[0.14725959 0.55072477],2,-1,-1,-1,-1
814,[0.41310255 0.78352427],1,-1,-1,136,-1
815,[0.64120211 0.51213578],0,-1,-1,155,0
816,[0.31210802 0.43773397],3,-1,-1,-1,-1
817,[0.34982355 0.57925815],2,-1,-1,-1,-1
818,[0.39108293 0.50397728],2,1,"[0.39058119958388665, 0.45374655865984675]",-1,1
819,[0.2750074  0.41086037],2,-1,-1,67,-1
820,[0.51873893 0.36493312],2,-1,-1,-1,-1
821,[0.23520937 0.57270205],2,0,"[0.27872464766475324, 0.6037969263876968]",-1,-1
822,[0.38970322 0.5841981 ],2,-1,-1,362,-1
823,[0.32997925 0.70089167],1,2,"[0.36772318180773494, 0.7148766969481398]",385,-1
824,[0.37976347 0.39596425],3,1,"[0.39058119958388665, 0.45374655865984675]",282,1
825,[0.40842325 0.78432542],1,-1,-1,-1,-1
826,[0.18869191 0.67839728],1,-1,-1,-1,-1
827,[0.25822281 0.76381474],1,-1,-1,-1,-1
828,[0.27520479 0.6038202 ],1,0,"[0.27872464766475324, 0.6037969263876968]",315,-1
829,[0.43723901 0.3038514 ],3,-1,-1,-1,-1
830,[0.41375608 0.4300751 ],3,1,"[0.39058119958388665, 0.45374655865984675]",267,1
831,[0.40037197 0.2857039 ],3,-1,-1,-1,-1
832,[0.47977392 0.46692417],3,-1,-1,205,-1
833,[0.44710587 0.48538393],3,1,"[0.39058119958388665, 0.45374655865984675]",-1,-1
834,[0.75699191 0.54620048],0,3,"[0.7033493551787963, 0.5720264221842615]",-1,0
835,[0.34413247 0.65701226],1,2,"[0.36772318180773494, 0.7148766969481398]",-1,4
836,[0.39156098 0.45115093],3,1,"[0.39058119958388665, 0.45374655865984675]",248,1
837,[0.22067    0.75767244],1,-1,-1,196,-1
838,[0.21977892 0.64388296],2,-1,-1,235,-1
839,[0.36930657 0.62826964],1,-1,-1,379,-1
840,[0.53682759 0.40718447],0,-1,-1,-1,-1
841,[0.71849586 0.70227243],0,-1,-1,-1,0
842,[0.70318562 0.40477603],0,-1,-1,-1,0
843,[0.49562545 0.73617456],1,-1,-1,-1,-1
844,[0.32112858 0.25019426],3,-1,-1,-1,-1
845,[0.34258552 0.38557831],3,-1,-1,-1,-1
846,[0.77365754 0.70434515],0,-1,-1,-1,0
847,[0.64676925 0.7164189 ],0,-1,-1,-1,0
848,[0.67100548 0.76417969],0,-1,-1,-1,-1
849,[0.29783935 0.48417879],3,-1,-1,-1,-1
850,[0.75342153 0.75128762],0,-1,-1,-1,0
851,[0.34056019 0.82100703],1,-1,-1,-1,-1
852,[0.3784883  0.38272949],3,-1,-1,282,1
853,[0.3784998  0.71976781],2,2,"[0.36772318180773494, 0.7148766969481398]",295,-1
854,[0.66757061 0.46755989],0,-1,-1,-1,0
855,[0.41648144 0.39524994],3,1,"[0.39058119958388665, 0.45374655865984675]",-1,1
856,[0.53506459 0.79489049],1,-1,-1,-1,-1
857,[0.79575323 0.53364943],0,-1,-1,-1,0
858,[0.36198285 0.4895798 ],2,1,"[0.39058119958388665, 0.45374655865984675]",-1,-1
859,[0.66669624 0.68063998],0,-1,-1,-1,0
860,[0.36918248 0.61247378],2,-1,-1,370,-1
861,[0.26004626 0.5956498 ],1,0,"[0.27872464766475324, 0.6037969263876968]",-1,-1
862,[0.45314534 0.41161704],3,-1,-1,265,-1
863,[0.3197103  0.67693908],1,2,"[0.36772318180773494, 0.7148766969481398]",385,3
864,[0.6101947  0.58572606],0,-1,-1,111,0
865,[0.20602012 0.42488531],3,-1,-1,-1,-1
866,[0.32224121 0.58247084],2,0,"[0.27872464766475324, 0.6037969263876968]",374,-1
867,[0.57759778 0.47700165],0,-1,-1,43,0
868,[0.49138606 0.34023069],3,-1,-1,179,-1
869,[0.24117373 0.65093394],2,0,"[0.27872464766475324, 0.6037969263876968]",327,-1
870,[0.31053262 0.58773942],2,0,"[0.27872464766475324, 0.6037969263876968]",-1,-1
871,[0.19823527 0.4668087 ],2,-1,-1,-1,-1
872,[0.46562514 0.30602308],3,-1,-1,53,-1
873,[0.39008979 0.39189018],3,1,"[0.39058119958388665, 0.45374655865984675]",288,1
874,[0.29547828 0.65867755],2,0,"[0.27872464766475324, 0.6037969263876968]",354,-1
875,[0.36761251 0.6329379 ],1,-1,-1,-1,4
876,[0.21475497 0.68953733],1,-1,-1,212,-1
877,[0.6060733  0.60152749],0,-1,-1,111,0
878,[0.38462195 0.49664625],3,1,"[0.39058119958388665, 0.45374655865984675]",274,1
879,[0.25055487 0.43887363],2,-1,-1,-1,-1
880,[0.20367776 0.56012293],2,-1,-1,-1,-1
881,[0.38311266 0.57233872],2,-1,-1,-1,-1
882,[0.25705246 0.67095551],2,-1,-1,-1,-1
883,[0.63475284 0.5729687 ],0,3,"[0.7033493551787963, 0.5720264221842615]",-1,0
884,[0.32184459 0.67418458],2,2,"[0.36772318180773494, 0.7148766969481398]",385,3
885,[0.25487619 0.63740183],2,0,"[0.27872464766475324, 0.6037969263876968]",-1,-1
886,[0.23982879 0.59965422],2,0,"[0.27872464766475324, 0.6037969263876968]",247,-1
887,[0.30495177 0.39038473],3,-1,-1,195,-1
888,[0.35075224 0.6451778 ],2,-1,-1,346,-1
889,[0.72539177 0.63636493],0,3,"[0.7033493551787963, 0.5720264221842615]",98,0
890,[0.27489389 0.6060042 ],1,0,"[0.27872464766475324, 0.6037969263876968]",-1,-1
891,[0.22824656 0.55471945],2,-1,-1,-1,-1
892,[0.36146222 0.36049489],3,-1,-1,260,-1
893,[0.28040868 0.55894335],2,0,"[0.27872464766475324, 0.6037969263876968]",-1,-1
894,[0.422574   0.82236522],1,-1,-1,-1,-1
895,[0.24963777 0.62192493],2,0,"[0.27872464766475324, 0.6037969263876968]",-1,-1
896,[0.70026239 0.63620825],0,3,"[0.7033493551787963, 0.5720264221842615]",132,0
897,[0.42426109 0.39752349],3,1,"[0.39058119958388665, 0.45374655865984675]",-1,1
898,[0.25715105 0.48720546],2,-1,-1,109,-1
899,[0.23843067 0.640884  ],2,0,"[0.27872464766475324, 0.6037969263876968]",-1,-1
900,[0.30593388 0.54838035],2,0,"[0.27872464766475324, 0.6037969263876968]",-1,-1
901,[0.22249133 0.66735445],2,-1,-1,331,-1
902,[0.24177231 0.71310716],1,-1,-1,225,-1
903,[0.46005268 0.55813909],2,-1,-1,62,-1
904,[0.72580156 0.53595939],0,3,"[0.7033493551787963, 0.5720264221842615]",-1,0
905,[0.43082532 0.60374846],2,-1,-1,-1,-1
906,[0.28556355 0.6147713 ],2,0,"[0.27872464766475324, 0.6037969263876968]",372,-1
907,[0.80077613 0.59552916],0,-1,-1,68,0
908,[0.23256167 0.47403246],2,-1,-1,-1,-1
909,[0.63790762 0.51654175],0,-1,-1,155,0
910,[0.77265997 0.5417642 ],0,-1,-1,92,0
911,[0.52925395 0.25294625],3,-1,-1,-1,-1
912,[0.70535919 0.60298827],0,3,"[0.7033493551787963, 0.5720264221842615]",167,0
913,[0.60084944 0.61375616],0,-1,-1,-1,0
914,[0.2580254  0.52529652],2,-1,-1,213,-1
915,[0.26797388 0.43062189],2,-1,-1,-1,-1
916,[0.63847453 0.30422471],3,-1,-1,-1,-1
917,[0.79990298 0.50240081],0,-1,-1,32,0
918,[0.56420083 0.47953168],0,-1,-1,69,0
919,[0.38669057 0.37971995],3,-1,-1,-1,1
920,[0.42951553 0.35421355],3,-1,-1,-1,-1
921,[0.42621398 0.70896642],1,2,"[0.36772318180773494, 0.7148766969481398]",99,-1
922,[0.65583701 0.66713993],0,-1,-1,-1,0
923,[0.41089014 0.50997132],3,1,"[0.39058119958388665, 0.45374655865984675]",273,-1
924,[0.71394161 0.47016054],0,-1,-1,105,0
925,[0.3045289  0.62967791],1,0,"[0.27872464766475324, 0.6037969263876968]",-1,-1
926,[0.46587646 0.42206023],3,-1,-1,-1,1
927,[0.11657484 0.64435705],2,-1,-1,-1,-1
928,[0.30506998 0.35515966],3,-1,-1,-1,-1
929,[0.34930092 0.70639078],2,2,"[0.36772318180773494, 0.7148766969481398]",326,-1
930,[0.29787245 0.60706905],1,0,"[0.27872464766475324, 0.6037969263876968]",371,-1
931,[0.48323575 0.47696038],3,-1,-1,205,-1
932,[0.40847306 0.74857611],1,2,"[0.36772318180773494, 0.7148766969481398]",307,-1
933,[0.59413578 0.45052704],0,-1,-1,43,0
934,[0.29466596 0.62257767],2,0,"[0.27872464766475324, 0.6037969263876968]",-1,-1
935,[0.34860948 0.47234888],2,1,"[0.39058119958388665, 0.45374655865984675]",-1,-1
936,[0.36348126 0.7196422 ],1,2,"[0.36772318180773494, 0.7148766969481398]",326,-1
937,[0.3865893  0.56573706],2,-1,-1,311,-1
938,[0.26565146 0.68073096],1,-1,-1,381,-1
939,[0.47861386 0.43590906],3,-1,-1,-1,-1
940,[0.34551673 0.40544033],3,1,"[0.39058119958388665, 0.45374655865984675]",-1,-1
941,[0.82024921 0.51215238],0,-1,-1,-1,0
942,[0.40072577 0.67146294],1,2,"[0.36772318180773494, 0.7148766969481398]",-1,-1
943,[0.36307124 0.74192749],1,2,"[0.36772318180773494, 0.7148766969481398]",-1,-1
944,[0.56577412 0.64885639],0,-1,-1,35,0
945,[0.37357191 0.71625438],1,2,"[0.36772318180773494, 0.7148766969481398]",-1,-1
946,[0.69115635 0.50069661],0,-1,-1,-1,0
947,[0.3694497  0.68290945],1,2,"[0.36772318180773494, 0.7148766969481398]",388,-1
948,[0.34566143 0.62359989],2,0,"[0.27872464766475324, 0.6037969263876968]",349,-1
949,[0.54342387 0.53740366],0,-1,-1,-1,0
950,[0.43828529 0.5336936 ],3,-1,-1,-1,-1
951,[0.33321542 0.6344566 ],2,0,"[0.27872464766475324, 0.6037969263876968]",-1,-1
952,[0.32889063 0.75589874],1,2,"[0.36772318180773494, 0.7148766969481398]",-1,-1
953,[0.36884802 0.58858344],2,-1,-1,357,-1
954,[0.4502296  0.79128474],1,-1,-1,-1,-1
955,[0.73016579 0.60601468],0,3,"[0.7033493551787963, 0.5720264221842615]",-1,0
956,[0.72531115 0.55828209],0,3,"[0.7033493551787963, 0.5720264221842615]",128,0
957,[0.67807688 0.69977977],0,-1,-1,51,0
958,[0.83660538 0.41107812],0,-1,-1,-1,-1
959,[0.50495593 0.36549853],3,-1,-1,141,-1
960,[0.78495623 0.55797368],0,-1,-1,92,0
961,[0.26609141 0.54652646],2,0,"[0.27872464766475324, 0.6037969263876968]",240,-1
962,[0.77129173 0.49897883],0,-1,-1,65,0
963,[0.35354414 0.72938255],1,2,"[0.36772318180773494, 0.7148766969481398]",326,-1
964,[0.32600548 0.76923181],1,2,"[0.36772318180773494, 0.7148766969481398]",323,-1
965,[0.6618784  0.32667013],0,-1,-1,-1,-1
966,[0.57295437 0.68437526],0,-1,-1,-1,0
967,[0.33926516 0.49192699],2,1,"[0.39058119958388665, 0.45374655865984675]",-1,-1
968,[0.31311063 0.8109913 ],1,-1,-1,203,-1
969,[0.67480941 0.60614207],0,3,"[0.7033493551787963, 0.5720264221842615]",174,0
970,[0.24098305 0.67643266],1,-1,-1,-1,-1
971,[0.7691867  0.60359719],0,-1,-1,63,0
972,[0.43619153 0.7327186 ],2,-1,-1,101,-1
973,[0.23561479 0.43914333],2,-1,-1,-1,-1
974,[0.44540314 0.37996916],3,-1,-1,-1,1
975,[0.28045779 0.3418012 ],3,-1,-1,14,-1
976,[0.32608628 0.53500903],2,-1,-1,343,-1
977,[0.4337524  0.47761915],3,1,"[0.39058119958388665, 0.45374655865984675]",-1,-1
978,[0.44238927 0.37573836],3,-1,-1,279,1
979,[0.30902794 0.59915053],2,0,"[0.27872464766475324, 0.6037969263876968]",-1,-1
980,[0.26119267 0.67669147],1,-1,-1,381,-1
981,[0.23559274 0.46601327],2,-1,-1,108,-1
982,[0.33242317 0.53662757],2,-1,-1,343,-1
983,[0.33375437 0.40956614],3,-1,-1,-1,-1
984,[0.34532479 0.64002603],1,-1,-1,-1,-1
985,[0.65490108 0.53057106],0,3,"[0.7033493551787963, 0.5720264221842615]",-1,0
986,[0.2353217  0.72110854],1,-1,-1,225,-1
987,[0.4650918  0.46028979],3,-1,-1,-1,-1
988,[0.32267809 0.79641187],1,-1,-1,203,-1
989,[0.29959781 0.63829034],1,0,"[0.27872464766475324, 0.6037969263876968]",359,-1
990,[0.40241973 0.71726505],1,2,"[0.36772318180773494, 0.7148766969481398]",-1,-1
991,[0.67791036 0.45623458],0,-1,-1,-1,0
992,[0.26576335 0.67288173],1,-1,-1,381,-1
993,[0.37144488 0.72480956],1,2,"[0.36772318180773494, 0.7148766969481398]",326,-1
994,[0.56918775 0.4860148 ],3,-1,-1,-1,0
995,[0.2568529  0.62394405],1,0,"[0.27872464766475324, 0.6037969263876968]",345,-1
996,[0.67118909 0.48016226],0,-1,-1,-1,0
997,[0.65230266 0.63796839],0,-1,-1,-1,0
998,[0.53996237 0.42029139],3,-1,-1,-1,-1
999,[0.58342379 0.58921619],0,-1,-1,103,0
1000,[0.39146807 0.53129319],3,-1,-1,-1,-1
1001,[0.25874366 0.67842925],2,-1,-1,381,-1
1002,[0.68450818 0.7076026 ],0,-1,-1,51,0
1003,[0.60845832 0.44311035],3,-1,-1,-1,0
1004,[0.6230559  0.61197183],0,-1,-1,-1,0
1005,[0.20930432 0.61026852],2,0,"[0.27872464766475324, 0.6037969263876968]",-1,-1
1006,[0.4247952  0.43140755],3,1,"[0.39058119958388665, 0.45374655865984675]",250,1
1007,[0.48722883 0.3542813 ],3,-1,-1,179,-1
1008,[0.66513706 0.43052505],0,-1,-1,40,0
1009,[0.35004712 0.79893287],1,-1,-1,-1,-1
1010,[0.27149488 0.53207833],2,-1,-1,-1,-1
1011,[0.63584825 0.48686222],0,-1,-1,-1,0
1012,[0.19850647 0.83110983],1,-1,-1,-1,-1
1013,[0.33778303 0.76474105],2,2,"[0.36772318180773494, 0.7148766969481398]",-1,-1
1014,[0.1979086  0.59410249],2,-1,-1,199,-1
1015,[0.27234887 0.87907222],1,-1,-1,-1,-1
1016,[0.4039272 0.6180598],2,-1,-1,218,-1
1017,[0.30373809 0.66001436],2,0,"[0.27872464766475324, 0.6037969263876968]",354,-1
1018,[0.70881515 0.4421142 ],0,-1,-1,66,0
1019,[0.23557822 0.52509157],3,-1,-1,201,-1
1020,[0.34902137 0.37755603],3,-1,-1,-1,-1
1021,[0.21307709 0.65956291],1,-1,-1,-1,-1
1022,[0.28009746 0.84006704],1,-1,-1,-1,-1
1023,[0.4480985  0.69031573],1,-1,-1,89,-1
1024,[0.37068365 0.72477549],1,2,"[0.36772318180773494, 0.7148766969481398]",326,-1
1025,[0.30781425 0.6446356 ],2,0,"[0.27872464766475324, 0.6037969263876968]",364,-1
1026,[0.32822367 0.64604557],1,0,"[0.27872464766475324, 0.6037969263876968]",367,-1
1027,[0.72612041 0.56124916],0,3,"[0.7033493551787963, 0.5720264221842615]",128,0
1028,[0.6486047  0.54289757],0,3,"[0.7033493551787963, 0.5720264221842615]",112,0
1029,[0.39011295 0.27942071],3,-1,-1,-1,-1
1030,[0.32857323 0.72003296],1,2,"[0.36772318180773494, 0.7148766969481398]",333,-1
1031,[0.37573159 0.58781844],2,-1,-1,362,2
1032,[0.22977748 0.72793233],2,-1,-1,-1,-1
1033,[0.43358492 0.54626555],3,-1,-1,190,-1
1034,[0.80398571 0.47253931],0,-1,-1,-1,0
1035,[0.13849612 0.73992312],2,-1,-1,-1,-1
1036,[0.63044659 0.59580368],0,-1,-1,158,0
1037,[0.59837007 0.48728779],0,-1,-1,77,0
1038,[0.35431875 0.66759447],1,2,"[0.36772318180773494, 0.7148766969481398]",377,4
1039,[0.67760239 0.54624848],0,3,"[0.7033493551787963, 0.5720264221842615]",-1,0
1040,[0.28204681 0.61844956],2,0,"[0.27872464766475324, 0.6037969263876968]",372,-1
1041,[0.24626277 0.77318549],1,-1,-1,119,-1
1042,[0.2122958 0.6603114],2,-1,-1,-1,-1
1043,[0.29781526 0.84227289],1,-1,-1,133,-1
1044,[0.31684817 0.69498906],1,2,"[0.36772318180773494, 0.7148766969481398]",385,3
1045,[0.51907851 0.31636585],3,-1,-1,-1,-1
1046,[0.55990529 0.476172  ],0,-1,-1,69,0
1047,[0.23990724 0.70429504],1,-1,-1,226,-1
1048,[0.40099369 0.67598083],1,2,"[0.36772318180773494, 0.7148766969481398]",341,-1
1049,[0.42320684 0.36325046],3,-1,-1,-1,-1
1050,[0.58321294 0.46165214],0,-1,-1,43,0
1051,[0.2881133  0.50662551],2,-1,-1,298,-1
1052,[0.37955392 0.67527993],1,2,"[0.36772318180773494, 0.7148766969481398]",-1,-1
1053,[0.38251667 0.62499893],1,-1,-1,-1,-1
1054,[0.52522172 0.4862093 ],3,-1,-1,96,-1
1055,[0.64138091 0.56540819],0,3,"[0.7033493551787963, 0.5720264221842615]",-1,0
1056,[0.34506176 0.73112494],1,2,"[0.36772318180773494, 0.7148766969481398]",326,-1
1057,[0.499214  0.4488806],3,-1,-1,-1,-1
1058,[0.32879285 0.60182956],1,0,"[0.27872464766475324, 0.6037969263876968]",373,2
1059,[0.59143882 0.44681211],0,-1,-1,43,0
1060,[0.68020448 0.56787133],0,3,"[0.7033493551787963, 0.5720264221842615]",-1,0
1061,[0.65101883 0.63885215],0,-1,-1,-1,0
1062,[0.28657958 0.69176414],2,-1,-1,-1,-1
1063,[0.66176324 0.52010613],0,3,"[0.7033493551787963, 0.5720264221842615]",159,0
1064,[0.34424208 0.84411301],1,-1,-1,-1,-1
1065,[0.45083725 0.69273435],1,-1,-1,-1,-1
1066,[0.33495709 0.73007808],1,2,"[0.36772318180773494, 0.7148766969481398]",326,-1
1067,[0.76981944 0.58978412],0,3,"[0.7033493551787963, 0.5720264221842615]",-1,0
1068,[0.81665171 0.61543788],0,-1,-1,27,0
1069,[0.36605754 0.6282989 ],2,-1,-1,379,-1
1070,[0.30683714 0.57646672],2,0,"[0.27872464766475324, 0.6037969263876968]",-1,-1
1071,[0.33944431 0.47442705],3,1,"[0.39058119958388665, 0.45374655865984675]",301,-1
1072,[0.36843818 0.65587569],2,2,"[0.36772318180773494, 0.7148766969481398]",377,-1
1073,[0.44730345 0.724735  ],1,-1,-1,-1,-1
1074,[0.38083109 0.57992815],2,-1,-1,351,-1
1075,[0.38605923 0.45521521],3,1,"[0.39058119958388665, 0.45374655865984675]",248,1
1076,[0.27759932 0.6613668 ],2,0,"[0.27872464766475324, 0.6037969263876968]",376,-1
1077,[0.225363   0.60694171],2,0,"[0.27872464766475324, 0.6037969263876968]",211,-1
1078,[0.63486786 0.63609811],0,-1,-1,102,0
1079,[0.46114678 0.34589857],3,-1,-1,-1,-1
1080,[0.40754271 0.45523326],3,1,"[0.39058119958388665, 0.45374655865984675]",258,1
1081,[0.40209864 0.65566962],1,2,"[0.36772318180773494, 0.7148766969481398]",355,-1
1082,[0.21028874 0.45799977],2,-1,-1,-1,-1
1083,[0.77726955 0.51804469],0,-1,-1,-1,0
1084,[0.41486334 0.44907311],3,1,"[0.39058119958388665, 0.45374655865984675]",-1,1
1085,[0.52593578 0.66754459],1,-1,-1,-1,-1
1086,[0.2746402  0.56489191],2,0,"[0.27872464766475324, 0.6037969263876968]",240,-1
1087,[0.44925037 0.37337062],3,-1,-1,279,1
1088,[0.31616435 0.69306997],1,2,"[0.36772318180773494, 0.7148766969481398]",385,3
1089,[0.61756666 0.47345938],0,-1,-1,116,0
1090,[0.48806076 0.64207664],1,-1,-1,-1,-1
1091,[0.30790448 0.68952019],1,2,"[0.36772318180773494, 0.7148766969481398]",385,-1
1092,[0.55306109 0.28603957],3,-1,-1,-1,-1
1093,[0.35582259 0.563117  ],2,-1,-1,342,-1
1094,[0.34036846 0.33724916],3,-1,-1,172,-1
1095,[0.27839958 0.50623803],2,-1,-1,-1,-1
1096,[0.29212081 0.46811244],2,-1,-1,-1,-1
1097,[0.81166199 0.54703492],0,-1,-1,-1,0
1098,[0.43046716 0.74603459],1,-1,-1,-1,-1
1099,[0.38708294 0.65695453],2,2,"[0.36772318180773494, 0.7148766969481398]",-1,-1
1100,[0.35243654 0.40734247],3,1,"[0.39058119958388665, 0.45374655865984675]",-1,-1
1101,[0.75013473 0.58927412],0,3,"[0.7033493551787963, 0.5720264221842615]",-1,0
1102,[0.66136705 0.58461819],0,3,"[0.7033493551787963, 0.5720264221842615]",157,0
1103,[0.28692799 0.60721953],2,0,"[0.27872464766475324, 0.6037969263876968]",372,-1
1104,[0.33111101 0.60562484],2,0,"[0.27872464766475324, 0.6037969263876968]",-1,2
1105,[0.38348837 0.51764811],2,1,"[0.39058119958388665, 0.45374655865984675]",246,-1
1106,[0.29136485 0.73798346],1,-1,-1,293,-1
1107,[0.26038347 0.7430424 ],1,-1,-1,291,-1
1108,[0.74149228 0.59283832],0,3,"[0.7033493551787963, 0.5720264221842615]",125,0
1109,[0.35523501 0.80314331],1,-1,-1,-1,-1
1110,[0.33270974 0.57973125],2,0,"[0.27872464766475324, 0.6037969263876968]",-1,2
1111,[0.49238898 0.42325573],3,-1,-1,252,-1
1112,[0.30668112 0.84898015],2,-1,-1,-1,-1
1113,[0.72734734 0.56609619],0,3,"[0.7033493551787963, 0.5720264221842615]",-1,0
1114,[0.51710652 0.29390882],3,-1,-1,-1,-1
1115,[0.22842591 0.68498322],1,-1,-1,212,-1
1116,[0.96284636 0.5203287 ],0,-1,-1,-1,-1
1117,[0.33173556 0.62392396],2,0,"[0.27872464766475324, 0.6037969263876968]",383,-1
1118,[0.4237908  0.59313205],2,-1,-1,-1,-1
1119,[0.60150952 0.70356774],0,-1,-1,-1,0
1120,[0.37021985 0.34491183],3,-1,-1,189,-1
1121,[0.58242076 0.70670692],0,-1,-1,-1,0
1122,[0.66148308 0.57406004],0,3,"[0.7033493551787963, 0.5720264221842615]",161,0
1123,[0.45732473 0.63814499],1,-1,-1,175,-1
1124,[0.46773188 0.42029741],3,-1,-1,259,1
1125,[0.30312242 0.58010167],2,0,"[0.27872464766475324, 0.6037969263876968]",-1,-1
1126,[0.33527674 0.52320951],2,-1,-1,-1,-1
1127,[0.83300327 0.48096146],0,-1,-1,-1,0
1128,[0.57863884 0.5407904 ],0,-1,-1,81,0
1129,[0.73839687 0.47724679],0,-1,-1,-1,0
1130,[0.82276461 0.41369694],0,-1,-1,-1,-1
1131,[0.40553075 0.61737741],1,-1,-1,218,-1
1132,[0.42631233 0.45169479],3,1,"[0.39058119958388665, 0.45374655865984675]",263,1
1133,[0.22396374 0.48142502],2,-1,-1,-1,-1
1134,[0.77732629 0.55598676],0,-1,-1,92,0
1135,[0.76809147 0.50282821],0,-1,-1,-1,0
1136,[0.77268934 0.65688093],0,-1,-1,-1,0
1137,[0.34154562 0.4462887 ],2,1,"[0.39058119958388665, 0.45374655865984675]",-1,-1
1138,[0.76636007 0.56338199],0,3,"[0.7033493551787963, 0.5720264221842615]",-1,0
1139,[0.40782555 0.45370437],2,1,"[0.39058119958388665, 0.45374655865984675]",258,1
1140,[0.4168904  0.56197887],2,-1,-1,186,-1
1141,[0.35195547 0.59328521],2,-1,-1,-1,-1
1142,[0.58984443 0.51940629],0,-1,-1,80,0
1143,[0.47502681 0.41336714],3,-1,-1,259,1
1144,[0.18987822 0.6208661 ],2,-1,-1,-1,-1
1145,[0.44985226 0.82159094],1,-1,-1,-1,-1
1146,[0.38455638 0.67516313],2,2,"[0.36772318180773494, 0.7148766969481398]",387,-1
1147,[0.24689481 0.40942043],2,-1,-1,-1,-1
1148,[0.23303488 0.52805761],2,-1,-1,201,-1
1149,[0.28966341 0.64245458],2,0,"[0.27872464766475324, 0.6037969263876968]",365,-1
1150,[0.50938638 0.78641905],1,-1,-1,-1,-1
1151,[0.18628415 0.82106935],1,-1,-1,-1,-1
1152,[0.43925611 0.59467921],1,-1,-1,-1,-1
1153,[0.79686451 0.51244628],0,-1,-1,-1,0
1154,[0.61182092 0.54739434],0,-1,-1,117,0
1155,[0.67332511 0.57648178],0,3,"[0.7033493551787963, 0.5720264221842615]",157,0
1156,[0.32014997 0.66586008],2,2,"[0.36772318180773494, 0.7148766969481398]",-1,-1
1157,[0.31263889 0.76026986],1,-1,-1,324,-1
1158,[0.18023454 0.54880326],2,-1,-1,72,-1
1159,[0.48696895 0.34404146],3,-1,-1,-1,-1
1160,[0.32991176 0.7106666 ],1,2,"[0.36772318180773494, 0.7148766969481398]",-1,-1
1161,[0.4715552  0.58795985],3,-1,-1,46,-1
1162,[0.72983372 0.48277465],0,-1,-1,-1,0
1163,[0.78937934 0.66075881],0,-1,-1,33,0
1164,[0.44744303 0.45083044],3,1,"[0.39058119958388665, 0.45374655865984675]",-1,-1
1165,[0.51135828 0.35890297],3,-1,-1,-1,-1
1166,[0.51635562 0.47084883],3,-1,-1,113,-1
1167,[0.50667563 0.443783  ],3,-1,-1,-1,-1
1168,[0.64425053 0.62644655],0,-1,-1,-1,0
1169,[0.29517505 0.83247557],1,-1,-1,-1,-1
1170,[0.38328557 0.33897508],3,-1,-1,189,-1
1171,[0.45142975 0.56281462],3,-1,-1,-1,-1
1172,[0.75376129 0.47121712],0,-1,-1,-1,0
1173,[0.77438265 0.50050435],0,-1,-1,65,0
1174,[0.78488448 0.58725543],0,-1,-1,-1,0
1175,[0.41432144 0.40643421],3,1,"[0.39058119958388665, 0.45374655865984675]",287,1
1176,[0.4462709  0.73049129],1,-1,-1,101,-1
1177,[0.40032432 0.37537638],3,-1,-1,255,1
1178,[0.41147023 0.39788237],3,1,"[0.39058119958388665, 0.45374655865984675]",287,1
1179,[0.4980377  0.73606572],0,-1,-1,-1,-1
1180,[0.57770882 0.64051084],0,-1,-1,35,0
1181,[0.28045721 0.58465902],2,0,"[0.27872464766475324, 0.6037969263876968]",337,-1
1182,[0.35538607 0.68262815],1,2,"[0.36772318180773494, 0.7148766969481398]",377,-1
1183,[0.11349713 0.46507392],2,-1,-1,-1,-1
1184,[0.3606954  0.61602891],2,-1,-1,375,-1
1185,[0.5245057  0.30701644],3,-1,-1,-1,-1
1186,[0.5677605  0.52992878],0,-1,-1,71,0
1187,[0.39196221 0.40377536],2,1,"[0.39058119958388665, 0.45374655865984675]",-1,1
1188,[0.26450826 0.30890868],3,-1,-1,-1,-1
1189,[0.37697208 0.36863593],3,-1,-1,-1,1
1190,[0.13917487 0.68937555],1,-1,-1,-1,-1
1191,[0.27894508 0.68102736],2,-1,-1,-1,-1
1192,[0.3718008  0.50426764],2,1,"[0.39058119958388665, 0.45374655865984675]",-1,-1
1193,[0.15658348 0.49954758],2,-1,-1,-1,-1
1194,[0.24799417 0.66012077],2,0,"[0.27872464766475324, 0.6037969263876968]",-1,-1
1195,[0.36783775 0.40126411],3,1,"[0.39058119958388665, 0.45374655865984675]",-1,-1
1196,[0.34992404 0.34087243],2,-1,-1,172,-1
1197,[0.6577611  0.53110687],0,3,"[0.7033493551787963, 0.5720264221842615]",-1,0
1198,[0.48037286 0.48021703],3,-1,-1,205,-1
1199,[0.48516331 0.82892135],1,-1,-1,-1,-1
1200,[0.39544917 0.69460307],1,2,"[0.36772318180773494, 0.7148766969481398]",314,-1
1201,[0.37202875 0.4273304 ],3,1,"[0.39058119958388665, 0.45374655865984675]",271,1
1202,[0.21919231 0.49023256],2,-1,-1,-1,-1
1203,[0.64926576 0.47050154],0,-1,-1,-1,0
1204,[0.61360078 0.5432604 ],0,-1,-1,117,0
1205,[0.40916396 0.53398847],2,-1,-1,229,-1
1206,[0.33594208 0.6196539 ],2,0,"[0.27872464766475324, 0.6037969263876968]",383,-1
1207,[0.40578026 0.48527875],3,1,"[0.39058119958388665, 0.45374655865984675]",270,1
1208,[0.2546053  0.55541829],2,0,"[0.27872464766475324, 0.6037969263876968]",240,-1
1209,[0.68468835 0.5017328 ],0,-1,-1,-1,0
1210,[0.40378881 0.69477018],2,2,"[0.36772318180773494, 0.7148766969481398]",-1,-1
1211,[0.35016635 0.75527882],1,2,"[0.36772318180773494, 0.7148766969481398]",-1,-1
1212,[0.78681216 0.59562474],0,-1,-1,-1,0
1213,[0.3413529  0.79737594],1,-1,-1,-1,-1
1214,[0.32646373 0.81142982],1,-1,-1,-1,-1
1215,[0.24283428 0.69115955],2,-1,-1,-1,-1
1216,[0.63290472 0.56412175],0,-1,-1,138,0
1217,[0.34049543 0.71187861],1,2,"[0.36772318180773494, 0.7148766969481398]",-1,-1
1218,[0.7183559  0.60592463],0,3,"[0.7033493551787963, 0.5720264221842615]",-1,0
1219,[0.31167649 0.4921193 ],2,-1,-1,303,-1
1220,[0.24083455 0.59177123],2,0,"[0.27872464766475324, 0.6037969263876968]",247,-1
1221,[0.34191419 0.72784613],1,2,"[0.36772318180773494, 0.7148766969481398]",326,-1
1222,[0.63676294 0.42163092],0,-1,-1,-1,0
1223,[0.35322309 0.16457779],3,-1,-1,-1,-1
1224,[0.62005892 0.6691436 ],0,-1,-1,-1,0
1225,[0.51302443 0.39670754],3,-1,-1,-1,-1
1226,[0.26671806 0.82450791],1,-1,-1,74,-1
1227,[0.46031587 0.45372926],3,1,"[0.39058119958388665, 0.45374655865984675]",243,-1
1228,[0.70205191 0.47553247],0,-1,-1,-1,0
1229,[0.27313186 0.63675032],2,0,"[0.27872464766475324, 0.6037969263876968]",-1,-1
1230,[0.34915986 0.81788547],1,-1,-1,184,-1
1231,[0.3037539  0.44901457],2,-1,-1,231,-1
1232,[0.70287742 0.54704464],0,3,"[0.7033493551787963, 0.5720264221842615]",-1,0
1233,[0.37120517 0.60540202],2,-1,-1,363,-1
1234,[0.3978524  0.37546412],3,-1,-1,255,1
1235,[0.33383813 0.57422499],2,0,"[0.27872464766475324, 0.6037969263876968]",353,-1
1236,[0.69144707 0.62274641],0,3,"[0.7033493551787963, 0.5720264221842615]",142,0
1237,[0.44240577 0.6579717 ],1,-1,-1,175,-1
1238,[0.66544579 0.58446072],0,3,"[0.7033493551787963, 0.5720264221842615]",157,0
1239,[0.31123734 0.93684027],1,-1,-1,-1,-1
1240,[0.36627656 0.58175683],2,-1,-1,-1,-1
1241,[0.27915572 0.55253863],2,0,"[0.27872464766475324, 0.6037969263876968]",-1,-1
1242,[0.40682237 0.40048457],3,1,"[0.39058119958388665, 0.45374655865984675]",287,1
1243,[0.44787771 0.40234123],3,-1,-1,264,-1
1244,[0.23626215 0.65506491],2,0,"[0.27872464766475324, 0.6037969263876968]",327,-1
1245,[0.32796831 0.51631826],2,-1,-1,-1,-1
1246,[0.50436937 0.40455604],3,-1,-1,-1,-1
1247,[0.17161359 0.70129065],1,-1,-1,-1,-1
1248,[0.36072172 0.43224767],3,1,"[0.39058119958388665, 0.45374655865984675]",271,-1
1249,[0.35241236 0.56199546],2,-1,-1,342,-1
1250,[0.64336949 0.5557791 ],0,3,"[0.7033493551787963, 0.5720264221842615]",137,0
1251,[0.6678561  0.54882711],0,3,"[0.7033493551787963, 0.5720264221842615]",164,0
1252,[0.22096838 0.71555877],2,-1,-1,-1,-1
1253,[0.36982646 0.54146685],2,-1,-1,310,-1
1254,[0.27869928 0.59267027],1,0,"[0.27872464766475324, 0.6037969263876968]",315,-1
1255,[0.68175222 0.63435867],0,3,"[0.7033493551787963, 0.5720264221842615]",142,0
1256,[0.41994442 0.38267433],3,-1,-1,284,1
1257,[0.31504105 0.5949112 ],1,0,"[0.27872464766475324, 0.6037969263876968]",373,-1
1258,[0.24938041 0.60100072],2,0,"[0.27872464766475324, 0.6037969263876968]",247,-1
1259,[0.21428061 0.44706884],3,-1,-1,-1,-1
1260,[0.47558222 0.41591671],3,-1,-1,259,1
1261,[0.60490552 0.68561163],0,-1,-1,34,0
1262,[0.31014603 0.75133243],1,2,"[0.36772318180773494, 0.7148766969481398]",324,-1
1263,[0.32340684 0.53145548],2,-1,-1,343,-1
1264,[0.54990452 0.35287801],3,-1,-1,-1,-1
1265,[0.32336077 0.87425316],1,-1,-1,-1,-1
1266,[0.2971691  0.75049775],1,-1,-1,-1,-1
1267,[0.65267624 0.57327829],0,3,"[0.7033493551787963, 0.5720264221842615]",-1,0
1268,[0.42757712 0.40465978],3,1,"[0.39058119958388665, 0.45374655865984675]",-1,1
1269,[0.43573614 0.71162398],1,2,"[0.36772318180773494, 0.7148766969481398]",99,-1
1270,[0.39926304 0.66416328],1,2,"[0.36772318180773494, 0.7148766969481398]",-1,-1
1271,[0.69961346 0.63510932],0,3,"[0.7033493551787963, 0.5720264221842615]",132,0
1272,[0.30590593 0.6731959 ],2,-1,-1,385,-1
1273,[0.48890176 0.64660426],0,-1,-1,-1,-1
1274,[0.68404129 0.62783489],0,3,"[0.7033493551787963, 0.5720264221842615]",142,0
1275,[0.6484782  0.53399858],0,3,"[0.7033493551787963, 0.5720264221842615]",112,0
1276,[0.32266162 0.58421148],2,0,"[0.27872464766475324, 0.6037969263876968]",374,2
1277,[0.4884028  0.50753081],3,-1,-1,180,-1
1278,[0.62560624 0.64357163],0,-1,-1,102,0
1279,[0.35897559 0.62135551],1,-1,-1,-1,-1
1280,[0.7501217  0.60904985],0,3,"[0.7033493551787963, 0.5720264221842615]",-1,0
1281,[0.76033375 0.47458763],0,-1,-1,-1,0
1282,[0.28189069 0.72169521],1,-1,-1,-1,-1
1283,[0.39588206 0.49170423],3,1,"[0.39058119958388665, 0.45374655865984675]",274,1
1284,[0.18561524 0.79621322],1,-1,-1,13,-1
1285,[0.32495714 0.64448375],1,0,"[0.27872464766475324, 0.6037969263876968]",367,-1
1286,[0.41908374 0.38512197],3,-1,-1,284,1
1287,[0.39880203 0.39314551],3,1,"[0.39058119958388665, 0.45374655865984675]",289,1
1288,[0.56596886 0.56830028],0,-1,-1,61,0
1289,[0.23951596 0.43829235],3,-1,-1,106,-1
1290,[0.73444807 0.68697646],0,-1,-1,-1,0
1291,[0.26185794 0.65620771],1,0,"[0.27872464766475324, 0.6037969263876968]",-1,-1
1292,[0.31167915 0.39684774],3,-1,-1,-1,-1
1293,[0.34807132 0.41808613],3,1,"[0.39058119958388665, 0.45374655865984675]",268,1
1294,[0.22101221 0.56666078],2,0,"[0.27872464766475324, 0.6037969263876968]",-1,-1
1295,[0.40431699 0.5490297 ],3,-1,-1,227,-1
1296,[0.8990637  0.60660598],0,-1,-1,-1,-1
1297,[0.33359307 0.77889177],1,-1,-1,249,-1
1298,[0.68059263 0.48109963],0,-1,-1,120,0
1299,[0.41953549 0.76075555],1,2,"[0.36772318180773494, 0.7148766969481398]",-1,-1
1300,[0.40493294 0.76947428],1,2,"[0.36772318180773494, 0.7148766969481398]",-1,-1
1301,[0.2794499  0.65600611],2,0,"[0.27872464766475324, 0.6037969263876968]",-1,-1
1302,[0.49311379 0.35363226],3,-1,-1,179,-1
1303,[0.23929258 0.58553692],1,0,"[0.27872464766475324, 0.6037969263876968]",-1,-1
1304,[0.36309314 0.35691221],3,-1,-1,-1,-1
1305,[0.23463319 0.51432304],2,-1,-1,-1,-1
1306,[0.28579242 0.62430645],2,0,"[0.27872464766475324, 0.6037969263876968]",365,-1
1307,[0.51055182 0.54683058],3,-1,-1,-1,0
1308,[0.32333261 0.47374498],3,-1,-1,234,-1
1309,[0.41538005 0.7087273 ],2,2,"[0.36772318180773494, 0.7148766969481398]",261,-1
1310,[0.43358403 0.58145959],2,-1,-1,185,-1
1311,[0.62820962 0.44306981],0,-1,-1,-1,0
1312,[0.28300122 0.60716771],2,0,"[0.27872464766475324, 0.6037969263876968]",-1,-1
1313,[0.3380367  0.60503504],2,0,"[0.27872464766475324, 0.6037969263876968]",393,2
1314,[0.47267785 0.42061837],3,-1,-1,259,1
1315,[0.43098776 0.75111183],1,-1,-1,-1,-1
1316,[0.36437648 0.71543502],1,2,"[0.36772318180773494, 0.7148766969481398]",326,-1
1317,[0.38479719 0.43757567],3,1,"[0.39058119958388665, 0.45374655865984675]",-1,1
1318,[0.28165755 0.77200182],1,-1,-1,-1,-1
1319,[0.41118938 0.58616492],1,-1,-1,290,-1
1320,[0.60550938 0.67862252],0,-1,-1,34,0
1321,[0.4652518  0.75531811],1,-1,-1,84,-1
1322,[0.59109332 0.60215129],0,-1,-1,-1,0
1323,[0.3055872  0.50089908],3,-1,-1,-1,-1
1324,[0.41951334 0.42484681],3,1,"[0.39058119958388665, 0.45374655865984675]",-1,1
1325,[0.47051723 0.37032064],3,-1,-1,228,-1
1326,[0.42358231 0.48602286],3,1,"[0.39058119958388665, 0.45374655865984675]",-1,-1
1327,[0.25334814 0.52271297],3,-1,-1,213,-1
1328,[0.74388583 0.64563258],0,-1,-1,95,0
1329,[0.44557455 0.73840092],1,-1,-1,101,-1
1330,[0.23227779 0.6667988 ],1,-1,-1,330,-1
1331,[0.36587558 0.38775027],3,-1,-1,-1,1
1332,[0.80135508 0.4162575 ],0,-1,-1,-1,0
1333,[0.33873393 0.70068763],1,2,"[0.36772318180773494, 0.7148766969481398]",-1,3
1334,[0.41604853 0.31149092],3,-1,-1,151,-1
1335,[0.47845828 0.48115789],3,-1,-1,205,-1
1336,[0.82501984 0.61120332],0,-1,-1,27,0
1337,[0.38660889 0.56189317],2,-1,-1,311,-1
1338,[0.29699294 0.78578403],1,-1,-1,-1,-1
1339,[0.21799945 0.43066212],2,-1,-1,-1,-1
1340,[0.62165572 0.55157057],0,-1,-1,140,0
1341,[0.75097834 0.57305061],0,3,"[0.7033493551787963, 0.5720264221842615]",126,0
1342,[0.37505454 0.65872995],2,2,"[0.36772318180773494, 0.7148766969481398]",-1,-1
1343,[0.34687666 0.43578366],3,1,"[0.39058119958388665, 0.45374655865984675]",216,-1
1344,[0.47795161 0.37491681],3,-1,-1,-1,-1
1345,[0.65691077 0.5714837 ],0,3,"[0.7033493551787963, 0.5720264221842615]",161,0
1346,[0.74629761 0.64477938],0,-1,-1,95,0
1347,[0.69330836 0.59940948],0,3,"[0.7033493551787963, 0.5720264221842615]",167,0
1348,[0.50652283 0.3537178 ],3,-1,-1,179,-1
1349,[0.2255133  0.86924535],1,-1,-1,-1,-1
1350,[0.35935788 0.85647565],1,-1,-1,-1,-1
1351,[0.35284768 0.66748157],1,2,"[0.36772318180773494, 0.7148766969481398]",377,4
1352,[0.77938457 0.5718941 ],0,-1,-1,-1,0
1353,[0.39357254 0.48868109],3,1,"[0.39058119958388665, 0.45374655865984675]",274,1
1354,[0.20325579 0.59507287],1,-1,-1,199,-1
1355,[0.51499325 0.45557192],3,-1,-1,113,-1
1356,[0.44606984 0.72710916],1,-1,-1,-1,-1
1357,[0.50312079 0.41404301],3,-1,-1,-1,-1
1358,[0.22040367 0.75877368],1,-1,-1,196,-1
1359,[0.39962742 0.66495838],2,2,"[0.36772318180773494, 0.7148766969481398]",-1,-1
1360,[0.48297965 0.84989653],1,-1,-1,7,-1
1361,[0.33704184 0.68791889],1,2,"[0.36772318180773494, 0.7148766969481398]",385,-1
1362,[0.4010567  0.39127622],3,1,"[0.39058119958388665, 0.45374655865984675]",289,1
1363,[0.5992826  0.41072342],0,-1,-1,12,-1
1364,[0.31046439 0.38372103],3,-1,-1,-1,-1
1365,[0.31053402 0.60159925],2,0,"[0.27872464766475324, 0.6037969263876968]",-1,-1
1366,[0.44375207 0.75352794],1,-1,-1,-1,-1
1367,[0.32656243 0.69064831],2,2,"[0.36772318180773494, 0.7148766969481398]",385,3
1368,[0.49651978 0.42328423],3,-1,-1,252,-1
1369,[0.48799064 0.71163807],1,-1,-1,30,-1
1370,[0.2459211  0.77170499],1,-1,-1,119,-1
1371,[0.66399936 0.50680421],0,-1,-1,159,0
1372,[0.45510681 0.50749033],3,-1,-1,220,-1
1373,[0.38636622 0.59154148],1,-1,-1,-1,-1
1374,[0.61378504 0.5413299 ],0,-1,-1,-1,0
1375,[0.52259362 0.36745897],3,-1,-1,79,-1
1376,[0.21968505 0.60257165],2,0,"[0.27872464766475324, 0.6037969263876968]",-1,-1
1377,[0.39712623 0.26340423],3,-1,-1,11,-1
1378,[0.16388341 0.4916446 ],2,-1,-1,-1,-1
1379,[0.28953701 0.53388933],1,-1,-1,-1,-1
1380,[0.42144769 0.32694317],3,-1,-1,152,-1
1381,[0.51522224 0.48763627],0,-1,-1,96,-1
1382,[0.64903348 0.69972947],0,-1,-1,-1,0
1383,[0.10861016 0.74920944],1,-1,-1,-1,-1
1384,[0.36048122 0.54026461],2,-1,-1,-1,-1
1385,[0.54916086 0.58684701],0,-1,-1,44,0
1386,[0.74715238 0.60202632],0,3,"[0.7033493551787963, 0.5720264221842615]",124,0
1387,[0.29679685 0.59069338],1,0,"[0.27872464766475324, 0.6037969263876968]",338,-1
1388,[0.44150893 0.67163334],2,-1,-1,175,-1
1389,[0.30632278 0.82892036],1,-1,-1,133,-1
1390,[0.32464734 0.60135723],1,0,"[0.27872464766475324, 0.6037969263876968]",373,-1
1391,[0.51322383 0.58876022],2,-1,-1,-1,-1
1392,[0.40711628 0.39709081],3,1,"[0.39058119958388665, 0.45374655865984675]",287,1
1393,[0.35849163 0.56128968],2,-1,-1,342,-1
1394,[0.18211137 0.56289071],1,-1,-1,75,-1
1395,[0.65986533 0.40238629],3,-1,-1,-1,0
1396,[0.33332789 0.82092975],1,-1,-1,-1,-1
1397,[0.58015742 0.42018595],0,-1,-1,-1,-1
1398,[0.05200355 0.55766731],2,-1,-1,-1,-1
1399,[0.35868781 0.63339398],2,-1,-1,379,-1
1400,[0.72752718 0.67243977],0,-1,-1,41,0
1401,[0.86456978 0.58225367],0,-1,-1,-1,0
1402,[0.4602861  0.30432012],3,-1,-1,53,-1
1403,[0.56192162 0.40609957],3,-1,-1,-1,-1
1404,[0.39155109 0.51056843],2,1,"[0.39058119958388665, 0.45374655865984675]",-1,-1
1405,[0.60796655 0.40606533],0,-1,-1,-1,-1
1406,[0.43431686 0.44388893],3,1,"[0.39058119958388665, 0.45374655865984675]",262,1
1407,[0.33759104 0.6687599 ],1,2,"[0.36772318180773494, 0.7148766969481398]",377,-1
1408,[0.3195034  0.55650302],2,0,"[0.27872464766475324, 0.6037969263876968]",348,2
1409,[0.37138807 0.44825056],2,1,"[0.39058119958388665, 0.45374655865984675]",-1,-1
1410,[0.44596431 0.45576613],3,1,"[0.39058119958388665, 0.45374655865984675]",-1,1
1411,[0.35235071 0.74648047],1,2,"[0.36772318180773494, 0.7148766969481398]",325,-1
1412,[0.3068029  0.57104445],2,0,"[0.27872464766475324, 0.6037969263876968]",-1,-1
1413,[0.26464918 0.58113751],2,0,"[0.27872464766475324, 0.6037969263876968]",-1,-1
1414,[0.36969505 0.55944787],2,-1,-1,-1,-1
1415,[0.5948288  0.44473363],0,-1,-1,43,0
1416,[0.63312426 0.65174865],0,-1,-1,-1,0
1417,[0.67198846 0.61229223],0,3,"[0.7033493551787963, 0.5720264221842615]",-1,0
1418,[0.329828   0.51430556],1,-1,-1,294,-1
1419,[0.46460733 0.46778332],3,-1,-1,222,-1
1420,[0.53090571 0.34482657],3,-1,-1,-1,-1
1421,[0.41531476 0.40923269],3,1,"[0.39058119958388665, 0.45374655865984675]",287,1
1422,[0.23093948 0.65750358],2,-1,-1,-1,-1
1423,[0.33301953 0.80281223],1,-1,-1,203,-1
1424,[0.69293565 0.56726656],0,3,"[0.7033493551787963, 0.5720264221842615]",164,0
1425,[0.54416829 0.32761218],3,-1,-1,-1,-1
1426,[0.42331932 0.46083684],3,1,"[0.39058119958388665, 0.45374655865984675]",-1,1
1427,[0.25275036 0.66874778],1,0,"[0.27872464766475324, 0.6037969263876968]",-1,-1
1428,[0.68118412 0.48388185],0,-1,-1,120,0
1429,[0.12929167 0.66293508],1,-1,-1,3,-1
1430,[0.67540216 0.58411327],0,3,"[0.7033493551787963, 0.5720264221842615]",-1,0
1431,[0.4623609  0.77861044],1,-1,-1,-1,-1
1432,[0.37487152 0.39855504],3,1,"[0.39058119958388665, 0.45374655865984675]",-1,-1
1433,[0.49743576 0.4263806 ],3,-1,-1,252,-1
1434,[0.31965398 0.35311242],3,-1,-1,-1,-1
1435,[0.71763177 0.47944201],0,-1,-1,105,0
1436,[0.40329231 0.73850179],1,2,"[0.36772318180773494, 0.7148766969481398]",-1,-1
1437,[0.35993377 0.58420749],2,-1,-1,-1,-1
1438,[0.27101468 0.54137097],2,0,"[0.27872464766475324, 0.6037969263876968]",239,-1
1439,[0.23942324 0.75257359],1,-1,-1,104,-1
1440,[0.74354876 0.54773378],0,3,"[0.7033493551787963, 0.5720264221842615]",-1,0
1441,[0.65017473 0.49271817],0,-1,-1,147,0
1442,[0.77486152 0.49800026],0,-1,-1,65,0
1443,[0.39066082 0.79569353],1,-1,-1,136,-1
1444,[0.32217448 0.76676795],1,2,"[0.36772318180773494, 0.7148766969481398]",323,-1
1445,[0.28969838 0.57597939],2,0,"[0.27872464766475324, 0.6037969263876968]",-1,-1
1446,[0.42476001 0.73398302],1,2,"[0.36772318180773494, 0.7148766969481398]",-1,-1
1447,[0.39047389 0.45235909],3,1,"[0.39058119958388665, 0.45374655865984675]",248,1
1448,[0.62623502 0.58703784],0,-1,-1,-1,0
1449,[0.2188079  0.59048674],2,0,"[0.27872464766475324, 0.6037969263876968]",211,-1
1450,[0.30603597 0.67819697],2,-1,-1,385,3
1451,[0.63044251 0.61597308],0,-1,-1,168,0
1452,[0.23176001 0.41701603],2,-1,-1,-1,-1
1453,[0.41117935 0.82305889],1,-1,-1,-1,-1
1454,[0.22662634 0.74973652],1,-1,-1,196,-1
1455,[0.37924213 0.48423603],2,1,"[0.39058119958388665, 0.45374655865984675]",-1,1
1456,[0.23995462 0.54993687],1,0,"[0.27872464766475324, 0.6037969263876968]",181,-1
1457,[0.41485    0.58308015],2,-1,-1,-1,-1
1458,[0.5206149  0.64695955],1,-1,-1,17,0
1459,[0.5581733 0.4531828],3,-1,-1,-1,-1
1460,[0.31519082 0.6843992 ],2,2,"[0.36772318180773494, 0.7148766969481398]",385,3
1461,[0.22464565 0.81241732],1,-1,-1,-1,-1
1462,[0.69762491 0.65696708],0,-1,-1,-1,0
1463,[0.48060519 0.58204213],2,-1,-1,-1,-1
1464,[0.63621259 0.48867317],0,-1,-1,-1,0
1465,[0.43708798 0.37440315],3,-1,-1,279,1
1466,[0.29790739 0.80906979],1,-1,-1,204,-1
1467,[0.49200513 0.16270728],3,-1,-1,-1,-1
1468,[0.38495485 0.35461036],3,-1,-1,206,-1
1469,[0.37914287 0.46195801],2,1,"[0.39058119958388665, 0.45374655865984675]",257,1
1470,[0.46718235 0.31002446],3,-1,-1,53,-1
1471,[0.41533312 0.77687277],1,-1,-1,136,-1
1472,[0.65891227 0.56897276],0,3,"[0.7033493551787963, 0.5720264221842615]",161,0
1473,[0.38333151 0.66177131],2,2,"[0.36772318180773494, 0.7148766969481398]",-1,-1
1474,[0.4495108  0.65909109],2,-1,-1,175,-1
1475,[0.36369548 0.59889057],2,-1,-1,-1,-1
1476,[0.46990543 0.79543816],1,-1,-1,-1,-1
1477,[0.20880217 0.87334284],1,-1,-1,-1,-1
1478,[0.72434862 0.50281756],0,-1,-1,143,0
1479,[0.79919706 0.66455997],0,-1,-1,33,0
1480,[0.41449818 0.47544774],2,1,"[0.39058119958388665, 0.45374655865984675]",270,1
1481,[0.23879929 0.71502309],1,-1,-1,225,-1
1482,[0.66324643 0.45838556],0,-1,-1,-1,0
1483,[0.31663398 0.65149279],2,0,"[0.27872464766475324, 0.6037969263876968]",-1,-1
1484,[0.78040302 0.56780415],0,-1,-1,92,0
1485,[0.20697116 0.68946085],1,-1,-1,-1,-1
1486,[0.79709778 0.53383682],0,-1,-1,-1,0
1487,[0.60491301 0.58918441],0,-1,-1,111,0
1488,[0.4633819  0.35701603],3,-1,-1,254,-1
1489,[0.28652876 0.6837999 ],1,-1,-1,-1,-1
1490,[0.24935063 0.53974876],2,-1,-1,238,-1
1491,[0.39007292 0.38475045],3,1,"[0.39058119958388665, 0.45374655865984675]",288,1
1492,[0.37898016 0.72051716],1,2,"[0.36772318180773494, 0.7148766969481398]",295,-1
1493,[0.68360501 0.59293357],0,3,"[0.7033493551787963, 0.5720264221842615]",-1,0
1494,[0.31187917 0.57125491],2,0,"[0.27872464766475324, 0.6037969263876968]",360,-1
1495,[0.77138447 0.78894651],0,-1,-1,-1,-1
1496,[0.22294821 0.5653549 ],2,0,"[0.27872464766475324, 0.6037969263876968]",-1,-1
1497,[0.46762777 0.30072865],3,-1,-1,53,-1
1498,[0.61846616 0.54720506],0,-1,-1,-1,0
1499,[0.39229033 0.60704798],1,-1,-1,-1,-1
1500,[0.43825864 0.72258424],1,-1,-1,-1,-1
1501,[0.3476863  0.75619713],1,2,"[0.36772318180773494, 0.7148766969481398]",325,-1
1502,[0.34684024 0.77422889],1,2,"[0.36772318180773494, 0.7148766969481398]",-1,-1
1503,[0.36168496 0.64319634],1,-1,-1,380,-1
1504,[0.27824684 0.68785071],1,-1,-1,-1,-1
1505,[0.37669115 0.3452719 ],3,-1,-1,189,-1
1506,[0.3246502  0.44490831],3,1,"[0.39058119958388665, 0.45374655865984675]",-1,-1
1507,[0.35891313 0.4084588 ],3,1,"[0.39058119958388665, 0.45374655865984675]",-1,-1
1508,[0.66342186 0.4364204 ],0,-1,-1,-1,0
1509,[0.17478927 0.63658827],2,-1,-1,52,-1
1510,[0.61359306 0.71000434],0,-1,-1,-1,0
1511,[0.2810125 0.785348 ],1,-1,-1,145,-1
1512,[0.15316803 0.50905656],2,-1,-1,-1,-1
1513,[0.63102318 0.61591113],0,-1,-1,168,0
1514,[0.47217803 0.73182227],1,-1,-1,86,-1
1515,[0.19447561 0.79037509],1,-1,-1,13,-1
1516,[0.33181127 0.54869085],2,-1,-1,-1,-1
1517,[0.423206   0.63595689],3,-1,-1,197,-1
1518,[0.28103709 0.4729622 ],2,-1,-1,-1,-1
1519,[0.35014676 0.75355868],1,2,"[0.36772318180773494, 0.7148766969481398]",325,-1
1520,[0.43668882 0.31933697],3,-1,-1,-1,-1
1521,[0.26394815 0.435431  ],2,-1,-1,-1,-1
1522,[0.37527927 0.37558365],3,-1,-1,282,1
1523,[0.35665095 0.46219931],3,1,"[0.39058119958388665, 0.45374655865984675]",300,-1
1524,[0.36715192 0.84050173],1,-1,-1,55,-1
1525,[0.24183039 0.47494208],2,-1,-1,-1,-1
1526,[0.34289197 0.59453565],2,0,"[0.27872464766475324, 0.6037969263876968]",-1,2
1527,[0.36135046 0.43252976],3,1,"[0.39058119958388665, 0.45374655865984675]",271,-1
1528,[0.60355557 0.66363622],0,-1,-1,-1,0
1529,[0.26968671 0.63323568],2,0,"[0.27872464766475324, 0.6037969263876968]",344,-1
1530,[0.7886563  0.62163162],0,-1,-1,-1,0
1531,[0.31694385 0.71615725],1,2,"[0.36772318180773494, 0.7148766969481398]",-1,-1
1532,[0.37448363 0.52513987],3,-1,-1,-1,-1
1533,[0.30554045 0.49287521],2,-1,-1,303,-1
1534,[0.32502826 0.54385556],2,-1,-1,-1,-1
1535,[0.30214383 0.70400077],1,2,"[0.36772318180773494, 0.7148766969481398]",395,-1
1536,[0.28988726 0.63510054],2,0,"[0.27872464766475324, 0.6037969263876968]",-1,-1
1537,[0.30497357 0.60961646],2,0,"[0.27872464766475324, 0.6037969263876968]",-1,-1
1538,[0.33820406 0.31128271],3,-1,-1,-1,-1
1539,[0.21589051 0.64535051],1,-1,-1,235,-1
1540,[0.59727805 0.35126934],0,-1,-1,-1,-1
1541,[0.64254879 0.51791862],0,-1,-1,-1,0
1542,[0.40830224 0.71281576],2,2,"[0.36772318180773494, 0.7148766969481398]",-1,-1
1543,[0.40118703 0.39221876],3,1,"[0.39058119958388665, 0.45374655865984675]",289,1
1544,[0.4313527  0.35513694],3,-1,-1,-1,-1
1545,[0.75359191 0.35862643],0,-1,-1,-1,-1
1546,[0.67213798 0.5282769 ],0,3,"[0.7033493551787963, 0.5720264221842615]",160,0
1547,[0.38985464 0.36216133],3,-1,-1,209,-1
1548,[0.19455829 0.5751607 ],2,-1,-1,75,-1
1549,[0.22763405 0.77350772],1,-1,-1,-1,-1
1550,[0.63993825 0.41478959],0,-1,-1,-1,0
1551,[0.52765391 0.60555386],1,-1,-1,45,0
1552,[0.35966149 0.66014523],1,2,"[0.36772318180773494, 0.7148766969481398]",377,4
1553,[0.34762104 0.24160324],3,-1,-1,-1,-1
1554,[0.19158763 0.57493985],2,-1,-1,75,-1
1555,[0.2423336  0.42858013],2,-1,-1,-1,-1
1556,[0.49554451 0.57622713],3,-1,-1,-1,-1
1557,[0.39666772 0.47035782],3,1,"[0.39058119958388665, 0.45374655865984675]",256,1
1558,[0.47207943 0.66789448],1,-1,-1,-1,-1
1559,[0.59492812 0.49595731],0,-1,-1,77,0
1560,[0.76659021 0.49226332],0,-1,-1,64,0
1561,[0.46576701 0.7549274 ],1,-1,-1,84,-1
1562,[0.28049215 0.7874175 ],1,-1,-1,145,-1
1563,[0.31742033 0.55763575],2,0,"[0.27872464766475324, 0.6037969263876968]",348,2
1564,[0.45019951 0.3764218 ],3,-1,-1,279,1
1565,[0.48988054 0.70666511],1,-1,-1,30,-1
1566,[0.33781467 0.72401871],1,2,"[0.36772318180773494, 0.7148766969481398]",326,-1
1567,[0.33362761 0.81957434],1,-1,-1,202,-1
1568,[0.56935496 0.3811683 ],3,-1,-1,-1,-1
1569,[0.7169625  0.47853821],0,-1,-1,105,0
1570,[0.61573501 0.49423862],0,-1,-1,-1,0
1571,[0.70720232 0.48901344],0,-1,-1,-1,0
1572,[0.45107462 0.35199087],3,-1,-1,254,-1
1573,[0.371377   0.45469164],3,1,"[0.39058119958388665, 0.45374655865984675]",-1,-1
1574,[0.34583947 0.58187217],2,-1,-1,-1,2
1575,[0.23266886 0.48976549],2,-1,-1,109,-1
1576,[0.37088332 0.70582055],1,2,"[0.36772318180773494, 0.7148766969481398]",-1,-1
1577,[0.72226875 0.56999381],0,3,"[0.7033493551787963, 0.5720264221842615]",126,0
1578,[0.45602439 0.44926981],3,1,"[0.39058119958388665, 0.45374655865984675]",245,-1
1579,[0.61944768 0.58342278],0,-1,-1,111,0
1580,[0.3351782  0.57059429],2,0,"[0.27872464766475324, 0.6037969263876968]",353,-1
1581,[0.35797492 0.65467557],1,2,"[0.36772318180773494, 0.7148766969481398]",377,4
1582,[0.70514754 0.5533141 ],0,3,"[0.7033493551787963, 0.5720264221842615]",130,0
1583,[0.32967605 0.53481333],2,-1,-1,343,-1
1584,[0.74751181 0.52843967],0,3,"[0.7033493551787963, 0.5720264221842615]",107,0
1585,[0.26705116 0.6956406 ],2,-1,-1,381,-1
1586,[0.26319809 0.74615447],1,-1,-1,291,-1
1587,[0.66043171 0.63236761],0,-1,-1,110,0
1588,[0.74282937 0.40165253],0,-1,-1,18,0
1589,[0.7109169  0.68590008],0,-1,-1,-1,0
1590,[0.26353476 0.53362596],2,-1,-1,-1,-1
1591,[0.3390434  0.42662006],3,1,"[0.39058119958388665, 0.45374655865984675]",216,1
1592,[0.37266086 0.43376534],3,1,"[0.39058119958388665, 0.45374655865984675]",-1,1
1593,[0.34859502 0.77727182],1,2,"[0.36772318180773494, 0.7148766969481398]",249,-1
1594,[0.4099306  0.38274044],3,-1,-1,272,1
1595,[0.32234046 0.48628687],2,-1,-1,-1,-1
1596,[0.35248871 0.68986738],1,2,"[0.36772318180773494, 0.7148766969481398]",-1,-1
1597,[0.26528117 0.54675041],2,0,"[0.27872464766475324, 0.6037969263876968]",240,-1
1598,[0.50016411 0.36818571],3,-1,-1,141,-1
1599,[0.43416513 0.80004181],1,-1,-1,85,-1
1600,[0.41601026 0.60393144],2,-1,-1,217,-1
1601,[0.62347656 0.47722113],0,-1,-1,116,0
1602,[0.76204013 0.63385662],0,-1,-1,95,0
1603,[0.37569456 0.38962343],3,1,"[0.39058119958388665, 0.45374655865984675]",282,1
1604,[0.20564722 0.54880946],2,-1,-1,-1,-1
1605,[0.42809655 0.36479026],3,-1,-1,-1,-1
1606,[0.25183763 0.4891702 ],2,-1,-1,109,-1
1607,[0.27942215 0.63763566],1,0,"[0.27872464766475324, 0.6037969263876968]",366,-1
1608,[0.66696495 0.45618871],0,-1,-1,-1,0
1609,[0.69572777 0.4466328 ],0,-1,-1,66,0
1610,[0.4996524  0.36937877],3,-1,-1,141,-1
1611,[0.4035257  0.60895909],2,-1,-1,218,-1
1612,[0.4974421  0.50098543],3,-1,-1,180,-1
1613,[0.27252951 0.55547195],2,0,"[0.27872464766475324, 0.6037969263876968]",240,-1
1614,[0.69238022 0.47511592],0,-1,-1,-1,0
1615,[0.33053139 0.67915597],1,2,"[0.36772318180773494, 0.7148766969481398]",-1,3
1616,[0.40285369 0.74582486],1,2,"[0.36772318180773494, 0.7148766969481398]",307,-1
1617,[0.5357414  0.53901583],3,-1,-1,31,0
1618,[0.68743584 0.54611791],0,3,"[0.7033493551787963, 0.5720264221842615]",163,0
1619,[0.42326026 0.56229836],3,-1,-1,186,-1
1620,[0.22951234 0.70302395],1,-1,-1,-1,-1
1621,[0.32744611 0.4854176 ],2,-1,-1,-1,-1
1622,[0.56606869 0.32119723],3,-1,-1,-1,-1
1623,[0.82303595 0.58984449],0,-1,-1,-1,0
1624,[0.45202561 0.38465707],3,-1,-1,-1,1
1625,[0.69163775 0.48561464],0,-1,-1,148,0
1626,[0.2554372  0.57292413],2,0,"[0.27872464766475324, 0.6037969263876968]",318,-1
1627,[0.33146248 0.61817696],2,0,"[0.27872464766475324, 0.6037969263876968]",383,2
1628,[0.53016965 0.33718699],3,-1,-1,-1,-1
1629,[0.37684577 0.26912507],3,-1,-1,-1,-1
1630,[0.76141685 0.52179809],0,-1,-1,-1,0
1631,[0.23051764 0.72008967],1,-1,-1,225,-1
1632,[0.32922394 0.83081748],1,-1,-1,-1,-1
1633,[0.3912538  0.31863079],3,-1,-1,-1,-1
1634,[0.46225294 0.4850882 ],3,-1,-1,-1,-1
1635,[0.26238849 0.5853164 ],1,0,"[0.27872464766475324, 0.6037969263876968]",318,-1
1636,[0.69228985 0.42739703],0,-1,-1,-1,0
1637,[0.32891862 0.29590903],3,-1,-1,5,-1
1638,[0.18964641 0.774559  ],1,-1,-1,38,-1
1639,[0.67689371 0.53748796],0,3,"[0.7033493551787963, 0.5720264221842615]",-1,0
1640,[0.28728207 0.61780991],1,0,"[0.27872464766475324, 0.6037969263876968]",372,-1
1641,[0.7664488  0.60628554],0,-1,-1,63,0
1642,[0.24252543 0.34959206],3,-1,-1,-1,-1
1643,[0.36412139 0.66272571],1,2,"[0.36772318180773494, 0.7148766969481398]",377,4
1644,[0.69442341 0.61571533],0,3,"[0.7033493551787963, 0.5720264221842615]",-1,0
1645,[0.45869841 0.69681911],1,-1,-1,-1,-1
1646,[0.63836388 0.60811182],0,-1,-1,-1,0
1647,[0.68958167 0.57430199],0,3,"[0.7033493551787963, 0.5720264221842615]",154,0
1648,[0.54900472 0.5263554 ],3,-1,-1,-1,0
1649,[0.22829384 0.50484037],2,-1,-1,-1,-1
1650,[0.732729   0.47687987],0,-1,-1,-1,0
1651,[0.31476999 0.54085838],3,-1,-1,-1,-1
1652,[0.31883662 0.93778155],1,-1,-1,-1,-1
1653,[0.2023065  0.57724817],2,-1,-1,75,-1
1654,[0.65170378 0.48035481],0,-1,-1,147,0
1655,[0.25221635 0.60285594],2,0,"[0.27872464766475324, 0.6037969263876968]",247,-1
1656,[0.26422427 0.76273628],1,-1,-1,-1,-1
1657,[0.64070732 0.48632436],0,-1,-1,-1,0
1658,[0.26071215 0.65607391],2,0,"[0.27872464766475324, 0.6037969263876968]",329,-1
1659,[0.40776955 0.50027111],3,1,"[0.39058119958388665, 0.45374655865984675]",-1,-1
1660,[0.38798367 0.42674949],3,1,"[0.39058119958388665, 0.45374655865984675]",286,1
1661,[0.65733987 0.5922576 ],0,3,"[0.7033493551787963, 0.5720264221842615]",-1,0
1662,[0.43692668 0.37144243],3,-1,-1,279,1
1663,[0.46997673 0.55553483],1,-1,-1,62,-1
1664,[0.25400257 0.65376335],1,0,"[0.27872464766475324, 0.6037969263876968]",328,-1
1665,[0.51562162 0.65535214],1,-1,-1,17,0
1666,[0.14501186 0.44436254],2,-1,-1,-1,-1
1667,[0.30140027 0.68208145],2,-1,-1,385,-1
1668,[0.56231639 0.41168046],3,-1,-1,47,-1
1669,[0.7261091  0.66271025],0,-1,-1,-1,0
1670,[0.39862236 0.42544241],2,1,"[0.39058119958388665, 0.45374655865984675]",-1,1
1671,[0.64751049 0.45339916],0,-1,-1,-1,0
1672,[0.53093384 0.45173002],3,-1,-1,114,-1
1673,[0.39997791 0.65276453],2,2,"[0.36772318180773494, 0.7148766969481398]",355,-1
1674,[0.4031593  0.74052644],1,2,"[0.36772318180773494, 0.7148766969481398]",307,-1
1675,[0.56816237 0.33802924],3,-1,-1,-1,-1
1676,[0.76209033 0.47164258],0,-1,-1,-1,0
1677,[0.71681437 0.70280942],0,-1,-1,-1,0
1678,[0.13345348 0.65473848],1,-1,-1,3,-1
1679,[0.4284378  0.31437999],3,-1,-1,-1,-1
1680,[0.40042119 0.67911939],2,2,"[0.36772318180773494, 0.7148766969481398]",-1,-1
1681,[0.42963031 0.39691643],3,1,"[0.39058119958388665, 0.45374655865984675]",-1,1
1682,[0.34134311 0.57973609],2,0,"[0.27872464766475324, 0.6037969263876968]",353,2
1683,[0.41700478 0.44009001],3,1,"[0.39058119958388665, 0.45374655865984675]",-1,1
1684,[0.24801125 0.45092045],2,-1,-1,-1,-1
1685,[0.38736865 0.64030661],1,-1,-1,355,-1
1686,[0.19734315 0.67429676],1,-1,-1,-1,-1
1687,[0.78637852 0.45399579],0,-1,-1,-1,0
1688,[0.31372313 0.58953669],1,0,"[0.27872464766475324, 0.6037969263876968]",374,-1
1689,[0.21345967 0.60004587],2,0,"[0.27872464766475324, 0.6037969263876968]",-1,-1
1690,[0.19482766 0.76919219],1,-1,-1,38,-1
1691,[0.6377047 0.4517675],0,-1,-1,-1,0
1692,[0.53902649 0.7175937 ],1,-1,-1,-1,-1
1693,[0.36616606 0.30078228],3,-1,-1,36,-1
1694,[0.54989658 0.57765907],0,-1,-1,-1,0
1695,[0.45478972 0.33827819],3,-1,-1,-1,-1
1696,[0.43682437 0.55006183],2,-1,-1,190,-1
1697,[0.19726646 0.4651332 ],2,-1,-1,-1,-1
1698,[0.5933382  0.61454922],0,-1,-1,-1,0
1699,[0.71684955 0.61013417],0,3,"[0.7033493551787963, 0.5720264221842615]",167,0
1700,[0.51275843 0.62528142],0,-1,-1,-1,-1
1701,[0.50791    0.33211086],3,-1,-1,-1,-1
1702,[0.30120692 0.51323933],2,-1,-1,299,-1
1703,[0.57185073 0.54567187],0,-1,-1,81,0
1704,[0.24459423 0.61542449],2,0,"[0.27872464766475324, 0.6037969263876968]",-1,-1
1705,[0.56765306 0.57923094],0,-1,-1,-1,0
1706,[0.61294764 0.65808254],0,-1,-1,-1,0
1707,[0.57683052 0.4395316 ],0,-1,-1,-1,0
1708,[0.70270674 0.59940602],0,3,"[0.7033493551787963, 0.5720264221842615]",167,0
1709,[0.41663583 0.1767011 ],3,-1,-1,-1,-1
1710,[0.32093787 0.55597439],2,0,"[0.27872464766475324, 0.6037969263876968]",348,2
1711,[0.28479599 0.79460972],1,-1,-1,145,-1
1712,[0.2376504  0.61795597],2,0,"[0.27872464766475324, 0.6037969263876968]",-1,-1
1713,[0.42795717 0.54185886],3,-1,-1,190,-1
1714,[0.65714567 0.57730986],0,3,"[0.7033493551787963, 0.5720264221842615]",-1,0
1715,[0.80904233 0.77699807],0,-1,-1,-1,-1
1716,[0.37507373 0.5281899 ],2,-1,-1,280,-1
1717,[0.71090718 0.51564026],0,3,"[0.7033493551787963, 0.5720264221842615]",148,0
1718,[0.41200458 0.7069677 ],1,2,"[0.36772318180773494, 0.7148766969481398]",261,-1
1719,[0.31387899 0.66635871],1,-1,-1,-1,-1
1720,[0.67262048 0.39265686],0,-1,-1,-1,0
1721,[0.39917995 0.60684072],2,-1,-1,218,-1
1722,[0.41210094 0.7283264 ],1,2,"[0.36772318180773494, 0.7148766969481398]",261,-1
1723,[0.45897411 0.67196624],1,-1,-1,-1,-1
1724,[0.40006688 0.37332814],3,-1,-1,255,1
1725,[0.68881059 0.57564467],0,3,"[0.7033493551787963, 0.5720264221842615]",154,0
1726,[0.81995712 0.53744099],0,-1,-1,-1,0
1727,[0.12994842 0.82960405],1,-1,-1,-1,-1
1728,[0.32322595 0.71491605],1,2,"[0.36772318180773494, 0.7148766969481398]",-1,-1
1729,[0.16464809 0.63685735],2,-1,-1,52,-1
1730,[0.61820187 0.46074572],0,-1,-1,90,0
1731,[0.51919778 0.39208892],3,-1,-1,-1,-1
1732,[0.78037524 0.62312165],0,-1,-1,-1,0
1733,[0.73135143 0.60173665],0,3,"[0.7033493551787963, 0.5720264221842615]",-1,0
1734,[0.42384696 0.41652852],3,1,"[0.39058119958388665, 0.45374655865984675]",-1,1
1735,[0.22216073 0.51371412],2,-1,-1,-1,-1
1736,[0.50278703 0.34791577],3,-1,-1,179,-1
1737,[0.44346772 0.37498863],3,-1,-1,279,1
1738,[0.27170323 0.4051143 ],3,-1,-1,67,-1
1739,[0.27286079 0.71030136],1,-1,-1,390,-1
1740,[0.38917659 0.68063045],1,2,"[0.36772318180773494, 0.7148766969481398]",-1,-1
1741,[0.25516619 0.57542408],2,0,"[0.27872464766475324, 0.6037969263876968]",318,-1
1742,[0.39389147 0.34575668],3,-1,-1,-1,-1
1743,[0.23042375 0.72102305],1,-1,-1,225,-1
1744,[0.472638   0.43629829],3,-1,-1,-1,-1
1745,[0.28858514 0.70425003],2,-1,-1,389,-1
1746,[0.49241487 0.29476991],3,-1,-1,53,-1
1747,[0.6011641  0.63673122],0,-1,-1,-1,0
1748,[0.65854691 0.58481935],0,3,"[0.7033493551787963, 0.5720264221842615]",-1,0
1749,[0.35096777 0.62407503],2,-1,-1,-1,-1
1750,[0.329674   0.82858142],1,-1,-1,-1,-1
1751,[0.4745403  0.60534831],2,-1,-1,-1,-1
1752,[0.3260936  0.67563714],2,2,"[0.36772318180773494, 0.7148766969481398]",385,-1
1753,[0.25963063 0.56672781],2,0,"[0.27872464766475324, 0.6037969263876968]",-1,-1
1754,[0.32756848 0.61979287],2,0,"[0.27872464766475324, 0.6037969263876968]",383,2
1755,[0.4040885  0.71509747],1,2,"[0.36772318180773494, 0.7148766969481398]",261,-1
1756,[0.36405789 0.53250455],2,-1,-1,313,-1
1757,[0.26744885 0.72956126],1,-1,-1,193,-1
1758,[0.28219133 0.39170321],2,-1,-1,-1,-1
1759,[0.31984504 0.58316408],2,0,"[0.27872464766475324, 0.6037969263876968]",374,-1
1760,[0.53296226 0.3344737 ],3,-1,-1,-1,-1
1761,[0.52473269 0.35306023],3,-1,-1,-1,-1
1762,[0.37325841 0.66580137],1,2,"[0.36772318180773494, 0.7148766969481398]",-1,-1
1763,[0.37252888 0.55196979],3,-1,-1,-1,-1
1764,[0.43339182 0.2724239 ],3,-1,-1,-1,-1
1765,[0.25300874 0.74625123],1,-1,-1,291,-1
1766,[0.35733507 0.34014207],3,-1,-1,172,-1
1767,[0.80935876 0.57059915],0,-1,-1,-1,0
1768,[0.23585106 0.61586355],2,0,"[0.27872464766475324, 0.6037969263876968]",-1,-1
1769,[0.41772734 0.52633429],2,-1,-1,230,-1
1770,[0.2889449 0.5409158],2,0,"[0.27872464766475324, 0.6037969263876968]",316,-1
1771,[0.18137576 0.60471507],2,-1,-1,58,-1
1772,[0.36872207 0.85349931],1,-1,-1,-1,-1
1773,[0.40057934 0.70167723],1,2,"[0.36772318180773494, 0.7148766969481398]",314,-1
1774,[0.38115806 0.79953236],1,-1,-1,-1,-1
1775,[0.37006313 0.73266721],2,2,"[0.36772318180773494, 0.7148766969481398]",-1,-1
1776,[0.40505301 0.613565  ],1,-1,-1,218,-1
1777,[0.40048394 0.84157511],1,-1,-1,-1,-1
1778,[0.39924853 0.40204597],3,1,"[0.39058119958388665, 0.45374655865984675]",-1,1
1779,[0.69382034 0.60121191],0,3,"[0.7033493551787963, 0.5720264221842615]",-1,0
1780,[0.69239651 0.33245163],0,-1,-1,-1,-1
1781,[0.26974664 0.69612009],1,-1,-1,381,-1
1782,[0.42888513 0.51338624],2,-1,-1,183,-1
1783,[0.20784787 0.6488889 ],1,-1,-1,-1,-1
1784,[0.69056488 0.53614691],0,3,"[0.7033493551787963, 0.5720264221842615]",163,0
1785,[0.37577819 0.70023811],1,2,"[0.36772318180773494, 0.7148766969481398]",-1,-1
1786,[0.30184418 0.50301205],2,-1,-1,-1,-1
1787,[0.63660071 0.50527398],0,-1,-1,-1,0
1788,[0.65682304 0.60200993],0,3,"[0.7033493551787963, 0.5720264221842615]",171,0
1789,[0.2997124  0.71428864],1,2,"[0.36772318180773494, 0.7148766969481398]",-1,-1
1790,[0.2452102  0.49955219],2,-1,-1,109,-1
1791,[0.5074662 0.7909126],1,-1,-1,-1,-1
1792,[0.53437286 0.63744757],1,-1,-1,-1,0
1793,[0.31368918 0.58848024],1,0,"[0.27872464766475324, 0.6037969263876968]",374,-1
1794,[0.37733541 0.60926277],2,-1,-1,-1,-1
1795,[0.44018268 0.24896923],3,-1,-1,10,-1
1796,[0.42423071 0.47962783],3,1,"[0.39058119958388665, 0.45374655865984675]",-1,-1
1797,[0.25960899 0.69916592],2,-1,-1,-1,-1
1798,[0.5212166 0.3762769],3,-1,-1,-1,-1
1799,[0.27173655 0.41875376],3,-1,-1,67,-1
1800,[0.41947675 0.67077821],1,2,"[0.36772318180773494, 0.7148766969481398]",-1,-1
1801,[0.40930515 0.60239932],1,-1,-1,-1,-1
1802,[0.3314665  0.88658389],1,-1,-1,-1,-1
1803,[0.28905034 0.7664848 ],1,-1,-1,-1,-1
1804,[0.69126335 0.5355527 ],0,3,"[0.7033493551787963, 0.5720264221842615]",163,0
1805,[0.32790378 0.53495133],2,-1,-1,343,-1
1806,[0.22441537 0.62122977],2,0,"[0.27872464766475324, 0.6037969263876968]",-1,-1
1807,[0.59369143 0.55602795],0,-1,-1,-1,0
1808,[0.37913836 0.33074295],3,-1,-1,-1,-1
1809,[0.3080013  0.60490979],1,0,"[0.27872464766475324, 0.6037969263876968]",-1,-1
1810,[0.68725329 0.40235354],0,-1,-1,22,0
1811,[0.52991614 0.45602582],0,-1,-1,-1,-1
1812,[0.31420687 0.6713692 ],1,2,"[0.36772318180773494, 0.7148766969481398]",-1,3
1813,[0.27988039 0.5089262 ],3,-1,-1,297,-1
1814,[0.9233354  0.54772948],0,-1,-1,-1,-1
1815,[0.26087056 0.60963213],1,0,"[0.27872464766475324, 0.6037969263876968]",-1,-1
1816,[0.48391428 0.39051091],3,-1,-1,-1,-1
1817,[0.41587047 0.48789648],2,1,"[0.39058119958388665, 0.45374655865984675]",-1,-1
1818,[0.69488859 0.55017114],0,3,"[0.7033493551787963, 0.5720264221842615]",-1,0
1819,[0.42129623 0.3684667 ],3,-1,-1,278,1
1820,[0.27803188 0.50642433],2,-1,-1,-1,-1
1821,[0.40764335 0.4252284 ],2,1,"[0.39058119958388665, 0.45374655865984675]",-1,1
1822,[0.65168451 0.42425388],0,-1,-1,40,0
1823,[0.68032457 0.50225639],0,-1,-1,149,0
1824,[0.66542671 0.51832153],0,3,"[0.7033493551787963, 0.5720264221842615]",-1,0
1825,[0.32723867 0.65775536],1,-1,-1,368,-1
1826,[0.33695815 0.65771572],1,2,"[0.36772318180773494, 0.7148766969481398]",-1,-1
1827,[0.29888752 0.58284335],2,0,"[0.27872464766475324, 0.6037969263876968]",-1,-1
1828,[0.30445794 0.68549872],1,2,"[0.36772318180773494, 0.7148766969481398]",385,3
1829,[0.67310892 0.59043497],0,3,"[0.7033493551787963, 0.5720264221842615]",156,0
1830,[0.38244401 0.46786059],2,1,"[0.39058119958388665, 0.45374655865984675]",257,1
1831,[0.6250037  0.70787448],0,-1,-1,-1,0
1832,[0.68258158 0.49125966],0,-1,-1,149,0
1833,[0.75282512 0.43909663],0,-1,-1,-1,0
1834,[0.42721987 0.59265651],2,-1,-1,-1,-1
1835,[0.40859897 0.49673754],2,1,"[0.39058119958388665, 0.45374655865984675]",-1,-1
1836,[0.5663049 0.4186069],0,-1,-1,-1,-1
1837,[0.26258698 0.54835265],2,0,"[0.27872464766475324, 0.6037969263876968]",240,-1
1838,[0.22139576 0.40222189],3,-1,-1,-1,-1
1839,[0.63099812 0.61736503],0,-1,-1,168,0
1840,[0.75711871 0.62592188],0,-1,-1,-1,0
1841,[0.32993582 0.65678969],1,2,"[0.36772318180773494, 0.7148766969481398]",368,-1
1842,[0.21653089 0.75146834],1,-1,-1,196,-1
1843,[0.31186016 0.59417576],2,0,"[0.27872464766475324, 0.6037969263876968]",-1,-1
1844,[0.79529428 0.66755303],0,-1,-1,33,0
1845,[0.45209507 0.62373034],1,-1,-1,176,-1
1846,[0.41471513 0.71849588],1,2,"[0.36772318180773494, 0.7148766969481398]",261,-1
1847,[0.29660881 0.3581397 ],3,-1,-1,-1,-1
1848,[0.35028443 0.52068281],2,-1,-1,309,-1
1849,[0.31548084 0.53630096],2,-1,-1,-1,-1
1850,[0.32329522 0.59816097],2,0,"[0.27872464766475324, 0.6037969263876968]",373,2
1851,[0.6286696  0.54065252],0,-1,-1,139,0
1852,[0.34052223 0.60074383],2,0,"[0.27872464766475324, 0.6037969263876968]",-1,2
1853,[0.68356299 0.75100362],0,-1,-1,-1,0
1854,[0.68546809 0.47868569],0,-1,-1,-1,0
1855,[0.22477345 0.76347362],1,-1,-1,196,-1
1856,[0.42153561 0.75393107],1,2,"[0.36772318180773494, 0.7148766969481398]",135,-1
1857,[0.62856529 0.35404887],0,-1,-1,-1,0
1858,[0.67587672 0.60751943],0,3,"[0.7033493551787963, 0.5720264221842615]",174,0
1859,[0.38770947 0.4259113 ],3,1,"[0.39058119958388665, 0.45374655865984675]",286,1
1860,[0.1943326  0.67698082],2,-1,-1,115,-1
1861,[0.2675501  0.61392348],2,0,"[0.27872464766475324, 0.6037969263876968]",-1,-1
1862,[0.36565028 0.62052199],2,-1,-1,-1,-1
1863,[0.44185391 0.70775483],1,-1,-1,99,-1
1864,[0.38683327 0.54743316],3,-1,-1,-1,-1
1865,[0.44569673 0.49537751],3,1,"[0.39058119958388665, 0.45374655865984675]",-1,-1
1866,[0.23660502 0.81245084],1,-1,-1,-1,-1
1867,[0.24675184 0.45823119],2,-1,-1,-1,-1
1868,[0.69427811 0.66400913],0,-1,-1,-1,0
1869,[0.25793321 0.67659691],1,-1,-1,381,-1
1870,[0.22360851 0.4698756 ],3,-1,-1,-1,-1
1871,[0.43648242 0.43786352],3,1,"[0.39058119958388665, 0.45374655865984675]",262,-1
1872,[0.39152862 0.7395642 ],1,2,"[0.36772318180773494, 0.7148766969481398]",306,-1
1873,[0.41366085 0.60966379],2,-1,-1,217,-1
1874,[0.32329154 0.57656304],2,0,"[0.27872464766475324, 0.6037969263876968]",-1,-1
1875,[0.24511523 0.61850527],2,0,"[0.27872464766475324, 0.6037969263876968]",276,-1
1876,[0.69126913 0.56650694],0,3,"[0.7033493551787963, 0.5720264221842615]",164,0
1877,[0.35606031 0.45791658],3,1,"[0.39058119958388665, 0.45374655865984675]",300,-1
1878,[0.27995236 0.54338599],1,0,"[0.27872464766475324, 0.6037969263876968]",316,-1
1879,[0.41836616 0.57764924],2,-1,-1,-1,-1
1880,[0.25221049 0.48662971],2,-1,-1,109,-1
1881,[0.32246518 0.65297611],2,0,"[0.27872464766475324, 0.6037969263876968]",369,-1
1882,[0.38898096 0.69350259],2,2,"[0.36772318180773494, 0.7148766969481398]",314,-1
1883,[0.36754856 0.5919388 ],2,-1,-1,357,-1
1884,[0.65025321 0.5826204 ],0,3,"[0.7033493551787963, 0.5720264221842615]",162,0
1885,[0.44660734 0.39574142],3,-1,-1,264,1
1886,[0.44115109 0.33372114],3,-1,-1,131,-1
1887,[0.81126568 0.49522017],0,-1,-1,32,0
1888,[0.73941481 0.58452079],0,3,"[0.7033493551787963, 0.5720264221842615]",-1,0
1889,[0.3651208  0.32053197],3,-1,-1,-1,-1
1890,[0.35767231 0.39902854],3,1,"[0.39058119958388665, 0.45374655865984675]",-1,-1
1891,[0.42690175 0.44622853],3,1,"[0.39058119958388665, 0.45374655865984675]",263,1
1892,[0.69837317 0.51013897],0,3,"[0.7033493551787963, 0.5720264221842615]",148,0
1893,[0.27057596 0.55408951],2,0,"[0.27872464766475324, 0.6037969263876968]",240,-1
1894,[0.35767571 0.7273247 ],2,2,"[0.36772318180773494, 0.7148766969481398]",326,-1
1895,[0.34407887 0.6044419 ],1,0,"[0.27872464766475324, 0.6037969263876968]",-1,2
1896,[0.31844404 0.31899405],3,-1,-1,21,-1
1897,[0.19238686 0.7335598 ],1,-1,-1,-1,-1
1898,[0.39573377 0.7368311 ],1,2,"[0.36772318180773494, 0.7148766969481398]",306,-1
1899,[0.4375352  0.77501745],1,-1,-1,-1,-1
1900,[0.23175993 0.67481803],2,-1,-1,330,-1
1901,[0.49593573 0.42815637],3,-1,-1,252,-1
1902,[0.5485953  0.55986732],3,-1,-1,61,0
1903,[0.40889249 0.77763766],2,-1,-1,136,-1
1904,[0.24994744 0.47236805],2,-1,-1,109,-1
1905,[0.19523668 0.4885458 ],2,-1,-1,-1,-1
1906,[0.37209277 0.4828157 ],3,1,"[0.39058119958388665, 0.45374655865984675]",-1,1
1907,[0.3836538  0.79760015],1,-1,-1,136,-1
1908,[0.36657771 0.5705291 ],2,-1,-1,-1,-1
1909,[0.25471006 0.48855182],2,-1,-1,109,-1
1910,[0.44180881 0.19907772],3,-1,-1,-1,-1
1911,[0.68513806 0.76183131],0,-1,-1,-1,-1
1912,[0.18929005 0.64997512],2,-1,-1,49,-1
1913,[0.44964955 0.46163603],3,1,"[0.39058119958388665, 0.45374655865984675]",-1,1
1914,[0.23148699 0.73256831],1,-1,-1,224,-1
1915,[0.74081515 0.54212738],0,3,"[0.7033493551787963, 0.5720264221842615]",-1,0
1916,[0.47310574 0.50723073],3,-1,-1,191,-1
1917,[0.33390379 0.79250146],1,-1,-1,-1,-1
1918,[0.76035288 0.58047244],0,3,"[0.7033493551787963, 0.5720264221842615]",-1,0
1919,[0.29758445 0.41329749],3,-1,-1,-1,-1
1920,[0.42093514 0.345159  ],3,-1,-1,-1,-1
1921,[0.36423374 0.70892031],1,2,"[0.36772318180773494, 0.7148766969481398]",326,-1
1922,[0.3364619  0.44368301],2,1,"[0.39058119958388665, 0.45374655865984675]",233,-1
1923,[0.30355185 0.64542029],2,0,"[0.27872464766475324, 0.6037969263876968]",359,-1
1924,[0.60599626 0.54745371],0,-1,-1,117,0
1925,[0.38267642 0.29620179],3,-1,-1,36,-1
1926,[0.87947799 0.68901052],0,-1,-1,-1,-1
1927,[0.42636358 0.7708798 ],1,-1,-1,-1,-1
1928,[0.31078527 0.46961003],3,-1,-1,-1,-1
1929,[0.57496909 0.58508015],0,-1,-1,103,0
1930,[0.3056623  0.61500349],2,0,"[0.27872464766475324, 0.6037969263876968]",-1,-1
1931,[0.28903147 0.86228849],1,-1,-1,-1,-1
1932,[0.2814563  0.39357222],2,-1,-1,-1,-1
1933,[0.80754748 0.63014531],0,-1,-1,-1,0
1934,[0.2884596  0.66766655],1,0,"[0.27872464766475324, 0.6037969263876968]",-1,-1
1935,[0.4435214  0.54514265],3,-1,-1,190,-1
1936,[0.29994713 0.6074258 ],2,0,"[0.27872464766475324, 0.6037969263876968]",371,-1
1937,[0.28430723 0.81687026],1,-1,-1,73,-1
1938,[0.37884105 0.41692673],2,1,"[0.39058119958388665, 0.45374655865984675]",285,1
1939,[0.55464501 0.55371219],0,-1,-1,-1,0
1940,[0.68035336 0.49590412],0,-1,-1,149,0
1941,[0.33912676 0.58005149],2,0,"[0.27872464766475324, 0.6037969263876968]",353,2
1942,[0.30324355 0.51469548],2,-1,-1,299,-1
1943,[0.31685599 0.70948199],1,2,"[0.36772318180773494, 0.7148766969481398]",394,-1
1944,[0.54969776 0.64906649],0,-1,-1,-1,0
1945,[0.35908514 0.70691655],1,2,"[0.36772318180773494, 0.7148766969481398]",326,-1
1946,[0.44467204 0.35109693],3,-1,-1,254,-1
1947,[0.34379368 0.5111176 ],2,-1,-1,309,-1
1948,[0.84720942 0.66625417],0,-1,-1,0,0
1949,[0.68107769 0.58525704],0,3,"[0.7033493551787963, 0.5720264221842615]",-1,0
1950,[0.60902578 0.31380354],3,-1,-1,-1,-1
1951,[0.25124238 0.53700155],2,-1,-1,-1,-1
1952,[0.77658167 0.42878504],0,-1,-1,16,0
1953,[0.68402865 0.60351277],0,3,"[0.7033493551787963, 0.5720264221842615]",174,0
1954,[0.23739085 0.66839768],1,-1,-1,330,-1
1955,[0.49792286 0.62457166],1,-1,-1,26,-1
1956,[0.84761147 0.69448852],0,-1,-1,-1,-1
1957,[0.26025235 0.61215874],1,0,"[0.27872464766475324, 0.6037969263876968]",-1,-1
1958,[0.29898451 0.61777874],1,0,"[0.27872464766475324, 0.6037969263876968]",358,-1
1959,[0.70651835 0.60102182],0,3,"[0.7033493551787963, 0.5720264221842615]",167,0
1960,[0.42998204 0.40162386],3,1,"[0.39058119958388665, 0.45374655865984675]",-1,1
1961,[0.74755089 0.74556646],0,-1,-1,-1,0
1962,[0.24139595 0.58465869],2,0,"[0.27872464766475324, 0.6037969263876968]",-1,-1
1963,[0.56436126 0.51538465],0,-1,-1,-1,0
1964,[0.49766747 0.57917667],1,-1,-1,-1,-1
1965,[0.63337912 0.52593999],0,-1,-1,-1,0
1966,[0.41150942 0.28252951],3,-1,-1,-1,-1
1967,[0.65148346 0.53323041],0,3,"[0.7033493551787963, 0.5720264221842615]",112,0
1968,[0.65311121 0.35047363],0,-1,-1,-1,0
1969,[0.38320952 0.57728408],1,-1,-1,351,-1
1970,[0.36556252 0.32981858],3,-1,-1,-1,-1
1971,[0.37978721 0.63641469],1,-1,-1,-1,-1
1972,[0.28334788 0.57174006],2,0,"[0.27872464766475324, 0.6037969263876968]",-1,-1
1973,[0.446607   0.84400129],1,-1,-1,-1,-1
1974,[0.52286369 0.36756016],3,-1,-1,79,-1
1975,[0.28391101 0.50426865],2,-1,-1,-1,-1
1976,[0.67117996 0.53714403],0,3,"[0.7033493551787963, 0.5720264221842615]",-1,0
1977,[0.67466896 0.53941939],0,3,"[0.7033493551787963, 0.5720264221842615]",-1,0
1978,[0.26544773 0.60516254],2,0,"[0.27872464766475324, 0.6037969263876968]",-1,-1
1979,[0.40327523 0.3228062 ],3,-1,-1,153,-1
1980,[0.31759383 0.39040008],3,-1,-1,165,-1
1981,[0.32214689 0.40810096],3,-1,-1,214,-1
1982,[0.3076879  0.67830792],2,-1,-1,385,3
1983,[0.4206074  0.36741156],3,-1,-1,-1,-1
1984,[0.4487736  0.87414813],1,-1,-1,2,-1
1985,[0.58809395 0.59032833],0,-1,-1,-1,0
1986,[0.49010419 0.51029085],2,-1,-1,180,-1
1987,[0.32861927 0.776069  ],1,-1,-1,-1,-1
1988,[0.43362474 0.39183671],3,-1,-1,283,1
1989,[0.30980097 0.78392881],1,-1,-1,-1,-1
1990,[0.64850832 0.47324432],0,-1,-1,147,0
1991,[0.42485472 0.31050176],3,-1,-1,-1,-1
1992,[0.31069065 0.72620805],1,2,"[0.36772318180773494, 0.7148766969481398]",332,-1
1993,[0.36451622 0.6668189 ],2,2,"[0.36772318180773494, 0.7148766969481398]",377,4
1994,[0.46001655 0.50101495],2,-1,-1,219,-1
1995,[0.26169944 0.66270737],1,0,"[0.27872464766475324, 0.6037969263876968]",-1,-1
1996,[0.31084096 0.75638057],1,-1,-1,324,-1
1997,[0.42339212 0.69283989],2,2,"[0.36772318180773494, 0.7148766969481398]",-1,-1
1998,[0.35163224 0.61338064],2,-1,-1,-1,-1
1999,[0.43938584 0.37240783],3,-1,-1,279,1
2000,[0.34363758 0.37538243],3,-1,-1,-1,-1
2001,[0.31919498 0.49338699],2,-1,-1,-1,-1
2002,[0.33033202 0.63336221],2,0,"[0.27872464766475324, 0.6037969263876968]",-1,-1
2003,[0.32284125 0.5252834 ],2,-1,-1,343,-1
2004,[0.34236416 0.31913068],3,-1,-1,-1,-1
2005,[0.29152216 0.85319308],1,-1,-1,-1,-1
2006,[0.48051339 0.71229436],1,-1,-1,30,-1
2007,[0.38422175 0.681044  ],1,2,"[0.36772318180773494, 0.7148766969481398]",-1,-1
2008,[0.30042235 0.82459534],1,-1,-1,-1,-1
2009,[0.35961287 0.71221207],1,2,"[0.36772318180773494, 0.7148766969481398]",326,-1
2010,[0.39094014 0.66749907],1,2,"[0.36772318180773494, 0.7148766969481398]",-1,-1
2011,[0.66890469 0.48046635],0,-1,-1,-1,0
2012,[0.70566332 0.55173413],0,3,"[0.7033493551787963, 0.5720264221842615]",130,0
2013,[0.74263519 0.56372226],0,3,"[0.7033493551787963, 0.5720264221842615]",-1,0
2014,[0.30128408 0.44791342],2,-1,-1,231,-1
2015,[0.3681298 0.5704414],2,-1,-1,-1,-1
2016,[0.68866196 0.61542029],0,3,"[0.7033493551787963, 0.5720264221842615]",-1,0
2017,[0.41428442 0.4037855 ],3,1,"[0.39058119958388665, 0.45374655865984675]",287,1
2018,[0.33594599 0.66603409],1,2,"[0.36772318180773494, 0.7148766969481398]",377,-1
2019,[0.31799931 0.70777777],1,2,"[0.36772318180773494, 0.7148766969481398]",394,-1
2020,[0.30440443 0.56033626],2,0,"[0.27872464766475324, 0.6037969263876968]",-1,-1
2021,[0.44910322 0.53083515],3,-1,-1,-1,-1
2022,[0.40308599 0.58050321],1,-1,-1,290,-1
2023,[0.41807626 0.55807   ],2,-1,-1,186,-1
2024,[0.17783919 0.56955439],2,-1,-1,75,-1
2025,[0.68823398 0.57789401],0,3,"[0.7033493551787963, 0.5720264221842615]",154,0
2026,[0.601198   0.60961147],0,-1,-1,-1,0
2027,[0.6954114  0.63929799],0,3,"[0.7033493551787963, 0.5720264221842615]",132,0
2028,[0.36426008 0.50640258],2,1,"[0.39058119958388665, 0.45374655865984675]",244,-1
2029,[0.77326882 0.52171205],0,-1,-1,-1,0
2030,[0.19303357 0.50505006],2,-1,-1,-1,-1
2031,[0.71581563 0.56855997],0,3,"[0.7033493551787963, 0.5720264221842615]",126,0
2032,[0.55670026 0.59071803],0,-1,-1,44,0
2033,[0.74950737 0.59343216],0,3,"[0.7033493551787963, 0.5720264221842615]",-1,0
2034,[0.31639573 0.65812741],1,0,"[0.27872464766475324, 0.6037969263876968]",369,-1
2035,[0.5267132 0.3803327],3,-1,-1,-1,-1
2036,[0.46964082 0.7704623 ],1,-1,-1,56,-1
2037,[0.32177357 0.70740893],1,2,"[0.36772318180773494, 0.7148766969481398]",-1,-1
2038,[0.45178913 0.38069663],3,-1,-1,-1,1
2039,[0.23705532 0.50069953],2,-1,-1,-1,-1
2040,[0.6816568  0.69368869],0,-1,-1,51,0
2041,[0.62857849 0.33744859],0,-1,-1,-1,-1
2042,[0.33732328 0.81457236],1,-1,-1,202,-1
2043,[0.44083194 0.3529136 ],3,-1,-1,-1,-1
2044,[0.40403153 0.40874735],3,1,"[0.39058119958388665, 0.45374655865984675]",-1,1
2045,[0.40495573 0.64941577],1,-1,-1,-1,-1
2046,[0.46257472 0.81137313],1,-1,-1,-1,-1
2047,[0.20275411 0.65812823],2,-1,-1,-1,-1
2048,[0.51813508 0.37768759],3,-1,-1,-1,-1
2049,[0.30278143 0.62497016],1,0,"[0.27872464766475324, 0.6037969263876968]",-1,-1
2050,[0.31759686 0.79501307],1,-1,-1,203,-1
2051,[0.32742927 0.41319831],2,-1,-1,214,-1
2052,[0.21500951 0.69020878],1,-1,-1,212,-1
2053,[0.31729664 0.77289308],1,-1,-1,323,-1
2054,[0.18085884 0.65125621],2,-1,-1,49,-1
2055,[0.39574432 0.79886539],1,-1,-1,136,-1
2056,[0.28613492 0.71307451],1,-1,-1,-1,-1
2057,[0.29472161 0.74141702],1,-1,-1,293,-1
2058,[0.37355965 0.48613924],3,1,"[0.39058119958388665, 0.45374655865984675]",-1,1
2059,[0.4820823  0.41424116],3,-1,-1,259,1
2060,[0.76004588 0.57790354],0,3,"[0.7033493551787963, 0.5720264221842615]",-1,0
2061,[0.30892747 0.45014911],3,-1,-1,231,-1
2062,[0.51589903 0.20589117],3,-1,-1,-1,-1
2063,[0.40222949 0.62221323],1,-1,-1,218,-1
2064,[0.27509087 0.71345268],1,-1,-1,390,-1
2065,[0.73454006 0.50917734],0,-1,-1,100,0
2066,[0.27918951 0.43387549],2,-1,-1,-1,-1
2067,[0.27563821 0.67139487],1,0,"[0.27872464766475324, 0.6037969263876968]",-1,-1
2068,[0.37828071 0.68557347],1,2,"[0.36772318180773494, 0.7148766969481398]",-1,-1
2069,[0.41514013 0.50379597],2,1,"[0.39058119958388665, 0.45374655865984675]",-1,-1
2070,[0.34116468 0.58257877],1,0,"[0.27872464766475324, 0.6037969263876968]",353,2
2071,[0.29314883 0.55627867],2,0,"[0.27872464766475324, 0.6037969263876968]",-1,-1
2072,[0.74335551 0.642765  ],0,-1,-1,95,0
2073,[0.85420468 0.50660298],0,-1,-1,-1,0
2074,[0.68943758 0.67150423],0,-1,-1,97,0
2075,[0.4147291  0.70890927],1,2,"[0.36772318180773494, 0.7148766969481398]",261,-1
2076,[0.33589902 0.51135545],2,-1,-1,-1,-1
2077,[0.73060928 0.50183546],0,-1,-1,-1,0
2078,[0.30879056 0.55459267],2,0,"[0.27872464766475324, 0.6037969263876968]",-1,-1
2079,[0.31585705 0.54489289],2,0,"[0.27872464766475324, 0.6037969263876968]",-1,-1
2080,[0.25170284 0.63101123],2,0,"[0.27872464766475324, 0.6037969263876968]",-1,-1
2081,[0.60683038 0.59673575],0,-1,-1,111,0
2082,[0.66379532 0.51157417],0,-1,-1,159,0
2083,[0.39704544 0.42482919],3,1,"[0.39058119958388665, 0.45374655865984675]",-1,1
2084,[0.59512943 0.52958659],3,-1,-1,80,0
2085,[0.75193496 0.72259578],0,-1,-1,-1,0
2086,[0.31774523 0.71650286],1,2,"[0.36772318180773494, 0.7148766969481398]",-1,-1
2087,[0.28172894 0.30495676],3,-1,-1,-1,-1
2088,[0.21974506 0.75962838],1,-1,-1,196,-1
2089,[0.34601267 0.92502927],1,-1,-1,-1,-1
2090,[0.35037016 0.7100311 ],1,2,"[0.36772318180773494, 0.7148766969481398]",326,-1
2091,[0.31294483 0.43865328],3,-1,-1,-1,-1
2092,[0.68982545 0.57493456],0,3,"[0.7033493551787963, 0.5720264221842615]",154,0
2093,[0.30837691 0.50231978],2,-1,-1,-1,-1
2094,[0.4029503  0.56416508],3,-1,-1,-1,-1
2095,[0.36466108 0.70003024],2,2,"[0.36772318180773494, 0.7148766969481398]",-1,-1
2096,[0.38469691 0.63068014],2,-1,-1,-1,-1
2097,[0.29111189 0.71035697],1,-1,-1,-1,-1
2098,[0.64857332 0.49855534],0,-1,-1,-1,0
2099,[0.36299961 0.85258828],1,-1,-1,55,-1
2100,[0.61550339 0.6164645 ],0,-1,-1,123,0
2101,[0.71910661 0.61555986],0,3,"[0.7033493551787963, 0.5720264221842615]",-1,0
2102,[0.63228824 0.51723897],0,-1,-1,-1,0
2103,[0.37497675 0.74988116],1,2,"[0.36772318180773494, 0.7148766969481398]",-1,-1
2104,[0.34706947 0.72063161],1,2,"[0.36772318180773494, 0.7148766969481398]",326,-1
2105,[0.54021403 0.75036516],1,-1,-1,-1,-1
2106,[0.37338832 0.3497519 ],3,-1,-1,189,-1
2107,[0.35670985 0.65829136],2,2,"[0.36772318180773494, 0.7148766969481398]",377,4
2108,[0.51207852 0.38622945],3,-1,-1,215,-1
2109,[0.28708087 0.5895619 ],2,0,"[0.27872464766475324, 0.6037969263876968]",-1,-1
2110,[0.33211593 0.58811074],2,0,"[0.27872464766475324, 0.6037969263876968]",384,2
2111,[0.40044251 0.75831062],1,2,"[0.36772318180773494, 0.7148766969481398]",307,-1
2112,[0.31724072 0.76438116],2,-1,-1,-1,-1
2113,[0.35762205 0.73620196],1,2,"[0.36772318180773494, 0.7148766969481398]",326,-1
2114,[0.4020739  0.32811879],3,-1,-1,153,-1
2115,[0.67343785 0.59573452],0,3,"[0.7033493551787963, 0.5720264221842615]",156,0
2116,[0.19552353 0.757921  ],1,-1,-1,-1,-1
2117,[0.44768047 0.51548335],3,-1,-1,220,-1
2118,[0.42752017 0.4330377 ],3,1,"[0.39058119958388665, 0.45374655865984675]",250,1
2119,[0.75661381 0.54372778],0,3,"[0.7033493551787963, 0.5720264221842615]",-1,0
2120,[0.50000428 0.34857921],3,-1,-1,179,-1
2121,[0.55065521 0.4192643 ],3,-1,-1,47,-1
2122,[0.32464648 0.56035852],2,0,"[0.27872464766475324, 0.6037969263876968]",348,2
2123,[0.33320799 0.64033284],1,0,"[0.27872464766475324, 0.6037969263876968]",-1,-1
2124,[0.42813184 0.34379747],3,-1,-1,-1,-1
2125,[0.32739    0.74121989],1,2,"[0.36772318180773494, 0.7148766969481398]",322,-1
2126,[0.38841845 0.64910069],1,2,"[0.36772318180773494, 0.7148766969481398]",355,-1
2127,[0.86525824 0.52859117],0,-1,-1,-1,0
2128,[0.30390297 0.58204166],1,0,"[0.27872464766475324, 0.6037969263876968]",-1,-1
2129,[0.40396118 0.18608138],3,-1,-1,-1,-1
2130,[0.28931813 0.73029837],1,-1,-1,293,-1
2131,[0.63533666 0.54077209],0,-1,-1,-1,0
2132,[0.5174949  0.64334553],1,-1,-1,17,-1
2133,[0.74817225 0.58662057],0,3,"[0.7033493551787963, 0.5720264221842615]",-1,0
2134,[0.48781633 0.41965207],3,-1,-1,252,1
2135,[0.36778647 0.72484744],1,2,"[0.36772318180773494, 0.7148766969481398]",326,-1
2136,[0.73759533 0.46301908],0,-1,-1,82,0
2137,[0.36297166 0.50401252],2,1,"[0.39058119958388665, 0.45374655865984675]",244,-1
2138,[0.33724049 0.85502883],1,-1,-1,-1,-1
2139,[0.11241258 0.28204808],3,-1,-1,-1,-1
2140,[0.40103524 0.47815889],3,1,"[0.39058119958388665, 0.45374655865984675]",-1,1
2141,[0.34975752 0.49091851],2,1,"[0.39058119958388665, 0.45374655865984675]",301,-1
2142,[0.36607739 0.56055983],2,-1,-1,-1,-1
2143,[0.63329563 0.52682295],0,-1,-1,-1,0
2144,[0.26203347 0.36684951],3,-1,-1,-1,-1
2145,[0.50453946 0.44403777],3,-1,-1,-1,-1
2146,[0.38928954 0.37596263],3,-1,-1,-1,1
2147,[0.39266518 0.42860817],3,1,"[0.39058119958388665, 0.45374655865984675]",-1,1
2148,[0.34706445 0.74108301],1,2,"[0.36772318180773494, 0.7148766969481398]",-1,-1
2149,[0.75479881 0.53045947],0,3,"[0.7033493551787963, 0.5720264221842615]",-1,0
2150,[0.67940358 0.52225309],0,3,"[0.7033493551787963, 0.5720264221842615]",-1,0
2151,[0.52763097 0.47652675],3,-1,-1,-1,-1
2152,[0.36064852 0.72902869],2,2,"[0.36772318180773494, 0.7148766969481398]",326,-1
2153,[0.21449547 0.73663889],1,-1,-1,-1,-1
2154,[0.45003919 0.53935983],3,-1,-1,-1,-1
2155,[0.40213428 0.70407663],1,2,"[0.36772318180773494, 0.7148766969481398]",314,-1
2156,[0.7438062  0.48994045],0,-1,-1,-1,0
2157,[0.40400722 0.67542969],1,2,"[0.36772318180773494, 0.7148766969481398]",341,-1
2158,[0.29234044 0.75576032],1,-1,-1,-1,-1
2159,[0.28036888 0.53296289],2,-1,-1,316,-1
2160,[0.45812602 0.73565633],1,-1,-1,-1,-1
2161,[0.28513753 0.63282272],2,0,"[0.27872464766475324, 0.6037969263876968]",365,-1
2162,[0.34862062 0.4091283 ],3,1,"[0.39058119958388665, 0.45374655865984675]",268,-1
2163,[0.46253983 0.74711312],1,-1,-1,84,-1
2164,[0.25859064 0.55297197],2,0,"[0.27872464766475324, 0.6037969263876968]",240,-1
2165,[0.3142532  0.72431703],1,2,"[0.36772318180773494, 0.7148766969481398]",332,-1
2166,[0.24545512 0.65238873],1,0,"[0.27872464766475324, 0.6037969263876968]",327,-1
2167,[0.43294753 0.34921627],3,-1,-1,-1,-1
2168,[0.23008927 0.58169469],2,0,"[0.27872464766475324, 0.6037969263876968]",241,-1
2169,[0.4077286  0.32138701],3,-1,-1,-1,-1
2170,[0.35126082 0.7982039 ],1,-1,-1,-1,-1
2171,[0.45788207 0.43080682],3,-1,-1,253,-1
2172,[0.7400823  0.58171152],0,3,"[0.7033493551787963, 0.5720264221842615]",126,0
2173,[0.74352449 0.56253847],0,3,"[0.7033493551787963, 0.5720264221842615]",-1,0
2174,[0.68513187 0.46773773],0,-1,-1,-1,0
2175,[0.32133034 0.77208983],1,-1,-1,323,-1
2176,[0.43331479 0.41641998],2,1,"[0.39058119958388665, 0.45374655865984675]",-1,-1
2177,[0.22644123 0.65388585],1,-1,-1,-1,-1
2178,[0.3332331 0.4984521],2,-1,-1,-1,-1
2179,[0.30860185 0.27241358],3,-1,-1,1,-1
2180,[0.34265635 0.70759884],1,2,"[0.36772318180773494, 0.7148766969481398]",326,-1
2181,[0.35856793 0.47247041],3,1,"[0.39058119958388665, 0.45374655865984675]",-1,-1
2182,[0.31335605 0.49106447],2,-1,-1,303,-1
2183,[0.39405799 0.46282319],3,1,"[0.39058119958388665, 0.45374655865984675]",-1,1
2184,[0.42330108 0.46732411],3,1,"[0.39058119958388665, 0.45374655865984675]",-1,1
2185,[0.72817661 0.45951079],0,-1,-1,-1,0
2186,[0.59114633 0.54206366],0,-1,-1,-1,0
2187,[0.2855624  0.57355163],2,0,"[0.27872464766475324, 0.6037969263876968]",337,-1
2188,[0.59539966 0.52353677],0,-1,-1,80,0
2189,[0.35166365 0.5130853 ],3,-1,-1,309,-1
2190,[0.2405967  0.51817401],2,-1,-1,-1,-1
2191,[0.44349886 0.54327134],2,-1,-1,190,-1
2192,[0.40184661 0.49443251],3,1,"[0.39058119958388665, 0.45374655865984675]",274,1
2193,[0.5460426  0.50690176],0,-1,-1,54,-1
2194,[0.67401508 0.60676438],0,3,"[0.7033493551787963, 0.5720264221842615]",174,0
2195,[0.21462219 0.53464707],2,-1,-1,59,-1
2196,[0.77010136 0.63161226],0,-1,-1,-1,0
2197,[0.30932334 0.26540689],3,-1,-1,1,-1
2198,[0.54376157 0.30876184],3,-1,-1,-1,-1
2199,[0.3376735  0.36171867],3,-1,-1,207,-1
2200,[0.31296138 0.56766485],2,0,"[0.27872464766475324, 0.6037969263876968]",360,-1
2201,[0.35953467 0.54064239],3,-1,-1,-1,-1
2202,[0.69020554 0.52273691],0,3,"[0.7033493551787963, 0.5720264221842615]",146,0
2203,[0.60633849 0.50999843],0,-1,-1,-1,0
2204,[0.69623013 0.54276987],0,3,"[0.7033493551787963, 0.5720264221842615]",-1,0
2205,[0.44336318 0.31655103],3,-1,-1,131,-1
2206,[0.28856841 0.66010489],2,0,"[0.27872464766475324, 0.6037969263876968]",-1,-1
2207,[0.42282732 0.57438168],3,-1,-1,-1,-1
2208,[0.30673086 0.68401702],1,2,"[0.36772318180773494, 0.7148766969481398]",385,-1
2209,[0.21797811 0.68906591],1,-1,-1,212,-1
2210,[0.81965598 0.49426713],0,-1,-1,32,0
2211,[0.39592947 0.63722682],2,-1,-1,-1,-1
2212,[0.71137736 0.5760811 ],0,3,"[0.7033493551787963, 0.5720264221842615]",122,0
2213,[0.40004767 0.61893116],3,-1,-1,218,-1
2214,[0.3686726  0.65214559],2,2,"[0.36772318180773494, 0.7148766969481398]",377,-1
2215,[0.38202154 0.41447545],3,1,"[0.39058119958388665, 0.45374655865984675]",285,1
2216,[0.19561993 0.5215897 ],2,-1,-1,-1,-1
2217,[0.25467174 0.57192889],2,0,"[0.27872464766475324, 0.6037969263876968]",318,-1
2218,[0.85663026 0.49474763],0,-1,-1,-1,0
2219,[0.41038949 0.42526737],3,1,"[0.39058119958388665, 0.45374655865984675]",-1,1
2220,[0.55032638 0.37760655],3,-1,-1,-1,-1
2221,[0.51124144 0.34009076],3,-1,-1,-1,-1
2222,[0.46733403 0.33712107],3,-1,-1,198,-1
2223,[0.2563733  0.70659511],1,-1,-1,-1,-1
2224,[0.46565786 0.47673448],3,-1,-1,-1,-1
2225,[0.17348652 0.60178667],2,-1,-1,58,-1
2226,[0.53666065 0.4500885 ],3,-1,-1,114,-1
2227,[0.33681357 0.72716558],2,2,"[0.36772318180773494, 0.7148766969481398]",326,-1
2228,[0.45509764 0.490693  ],3,-1,-1,-1,-1
2229,[0.38336337 0.7864259 ],1,-1,-1,136,-1
2230,[0.27549751 0.48471829],2,-1,-1,-1,-1
2231,[0.74800429 0.62142179],0,3,"[0.7033493551787963, 0.5720264221842615]",-1,0
2232,[0.20023695 0.4578191 ],2,-1,-1,-1,-1
2233,[0.32550271 0.56313297],2,0,"[0.27872464766475324, 0.6037969263876968]",348,2
2234,[0.76246025 0.70048461],0,-1,-1,-1,0
2235,[0.47319124 0.78517373],1,-1,-1,-1,-1
2236,[0.52514792 0.25279153],3,-1,-1,-1,-1
2237,[0.34073446 0.61239089],2,0,"[0.27872464766475324, 0.6037969263876968]",-1,-1
2238,[0.39535755 0.44623769],2,1,"[0.39058119958388665, 0.45374655865984675]",-1,1
2239,[0.2647785  0.58894835],1,0,"[0.27872464766475324, 0.6037969263876968]",-1,-1
2240,[0.74276085 0.59584916],0,3,"[0.7033493551787963, 0.5720264221842615]",125,0
2241,[0.41743605 0.5594198 ],1,-1,-1,186,-1
2242,[0.41481519 0.56112703],3,-1,-1,186,-1
2243,[0.68057159 0.60529726],0,3,"[0.7033493551787963, 0.5720264221842615]",174,0
2244,[0.73574062 0.45559092],0,-1,-1,82,0
2245,[0.32958421 0.73024662],1,2,"[0.36772318180773494, 0.7148766969481398]",326,-1
2246,[0.67021117 0.60638178],0,3,"[0.7033493551787963, 0.5720264221842615]",-1,0
2247,[0.31938414 0.5215329 ],3,-1,-1,-1,-1
2248,[0.55744137 0.43346583],3,-1,-1,48,-1
2249,[0.49884345 0.70755075],1,-1,-1,-1,-1
2250,[0.42004728 0.591492  ],2,-1,-1,-1,-1
2251,[0.66900859 0.4884975 ],0,-1,-1,-1,0
2252,[0.44306832 0.43836   ],3,1,"[0.39058119958388665, 0.45374655865984675]",-1,-1
2253,[0.31910316 0.38978096],3,-1,-1,165,-1
2254,[0.29978427 0.85464871],1,-1,-1,-1,-1
2255,[0.20060378 0.77010244],2,-1,-1,-1,-1
2256,[0.43663637 0.63866365],2,-1,-1,-1,-1
2257,[0.2465479  0.75238244],1,-1,-1,104,-1
2258,[0.3760826 0.7340435],1,2,"[0.36772318180773494, 0.7148766969481398]",-1,-1
2259,[0.34769196 0.71848882],1,2,"[0.36772318180773494, 0.7148766969481398]",326,-1
2260,[0.33719625 0.73566987],1,2,"[0.36772318180773494, 0.7148766969481398]",326,-1
2261,[0.31949285 0.68087223],2,2,"[0.36772318180773494, 0.7148766969481398]",385,3
2262,[0.58386513 0.519178  ],0,-1,-1,80,0
2263,[0.3033948  0.59001189],2,0,"[0.27872464766475324, 0.6037969263876968]",-1,-1
2264,[0.36562384 0.7263853 ],1,2,"[0.36772318180773494, 0.7148766969481398]",326,-1
2265,[0.25432073 0.54192014],2,0,"[0.27872464766475324, 0.6037969263876968]",238,-1
2266,[0.8661788  0.72314952],0,-1,-1,-1,-1
2267,[0.21982169 0.42363773],2,-1,-1,-1,-1
2268,[0.32147939 0.60871966],2,0,"[0.27872464766475324, 0.6037969263876968]",382,2
2269,[0.43354201 0.38793307],3,-1,-1,283,1
2270,[0.40933479 0.45292173],3,1,"[0.39058119958388665, 0.45374655865984675]",258,1
2271,[0.5868216 0.4628032],0,-1,-1,43,0
2272,[0.28408424 0.62481214],2,0,"[0.27872464766475324, 0.6037969263876968]",365,-1
2273,[0.37211971 0.45861979],3,1,"[0.39058119958388665, 0.45374655865984675]",-1,1
2274,[0.5162383  0.39682178],3,-1,-1,-1,-1
2275,[0.42156042 0.71476396],1,2,"[0.36772318180773494, 0.7148766969481398]",261,-1
2276,[0.56951344 0.52219845],0,-1,-1,-1,0
2277,[0.23837709 0.30884039],2,-1,-1,-1,-1
2278,[0.41600196 0.72490987],1,2,"[0.36772318180773494, 0.7148766969481398]",261,-1
2279,[0.28731586 0.74508236],1,-1,-1,-1,-1
2280,[0.75859044 0.37785622],0,-1,-1,-1,0
2281,[0.22471663 0.55325125],2,-1,-1,181,-1
2282,[0.30006268 0.64344952],1,0,"[0.27872464766475324, 0.6037969263876968]",359,-1
2283,[0.52417235 0.7238195 ],1,-1,-1,-1,-1
2284,[0.81053439 0.50135818],0,-1,-1,32,0
2285,[0.76681532 0.43493183],0,-1,-1,-1,0
2286,[0.44449084 0.64817155],2,-1,-1,175,-1
2287,[0.71262554 0.55099226],0,3,"[0.7033493551787963, 0.5720264221842615]",130,0
2288,[0.47146558 0.45545513],2,-1,-1,243,-1
2289,[0.30875048 0.39419723],3,-1,-1,195,-1
2290,[0.42543958 0.6608468 ],2,-1,-1,-1,-1
2291,[0.42714928 0.7409959 ],1,2,"[0.36772318180773494, 0.7148766969481398]",307,-1
2292,[0.3326982  0.76771747],1,2,"[0.36772318180773494, 0.7148766969481398]",-1,-1
2293,[0.71746595 0.46803997],0,-1,-1,-1,0
2294,[0.76584814 0.57226216],0,3,"[0.7033493551787963, 0.5720264221842615]",-1,0
2295,[0.27948534 0.75505466],1,-1,-1,242,-1
2296,[0.31860196 0.55908465],2,0,"[0.27872464766475324, 0.6037969263876968]",348,2
2297,[0.50064887 0.53846425],3,-1,-1,-1,-1
2298,[0.26633902 0.404074  ],3,-1,-1,67,-1
2299,[0.21964833 0.49621904],2,-1,-1,-1,-1
2300,[0.55733626 0.60564321],0,-1,-1,44,0
2301,[0.31248902 0.75106452],1,2,"[0.36772318180773494, 0.7148766969481398]",324,-1
2302,[0.46012705 0.40293275],3,-1,-1,-1,-1
2303,[0.40012163 0.55384358],1,-1,-1,-1,-1
2304,[0.3188012  0.50766557],2,-1,-1,304,-1
2305,[0.5751091  0.46521767],0,-1,-1,43,0
2306,[0.33984052 0.93551643],1,-1,-1,-1,-1
2307,[0.67615406 0.55973225],0,3,"[0.7033493551787963, 0.5720264221842615]",164,0
2308,[0.25326742 0.67522968],2,-1,-1,-1,-1
2309,[0.46842907 0.77751508],1,-1,-1,56,-1
2310,[0.32879518 0.51546791],2,-1,-1,294,-1
2311,[0.27565914 0.61263159],2,0,"[0.27872464766475324, 0.6037969263876968]",-1,-1
2312,[0.39296051 0.5980967 ],3,-1,-1,-1,-1
2313,[0.5099263  0.80221665],1,-1,-1,-1,-1
2314,[0.44510592 0.23967049],3,-1,-1,-1,-1
2315,[0.33941577 0.72929211],1,2,"[0.36772318180773494, 0.7148766969481398]",326,-1
2316,[0.68933057 0.65012555],0,-1,-1,-1,0
2317,[0.29580156 0.605117  ],1,0,"[0.27872464766475324, 0.6037969263876968]",371,-1
2318,[0.32891237 0.6936799 ],2,2,"[0.36772318180773494, 0.7148766969481398]",-1,3
2319,[0.1346137  0.71149232],1,-1,-1,-1,-1
2320,[0.47013928 0.33310674],3,-1,-1,198,-1
2321,[0.40572244 0.82826787],1,-1,-1,-1,-1
2322,[0.31561246 0.7749825 ],1,-1,-1,-1,-1
2323,[0.36022614 0.67150537],1,2,"[0.36772318180773494, 0.7148766969481398]",-1,4
2324,[0.68007295 0.60173945],0,3,"[0.7033493551787963, 0.5720264221842615]",174,0
2325,[0.69281342 0.40558616],0,-1,-1,22,0
2326,[0.25403543 0.59307392],2,0,"[0.27872464766475324, 0.6037969263876968]",-1,-1
2327,[0.68631134 0.57940928],0,3,"[0.7033493551787963, 0.5720264221842615]",154,0
2328,[0.34604076 0.41481545],3,1,"[0.39058119958388665, 0.45374655865984675]",268,-1
2329,[0.35486787 0.45779824],3,1,"[0.39058119958388665, 0.45374655865984675]",300,-1
2330,[0.63953874 0.49902163],0,-1,-1,-1,0
2331,[0.72680804 0.57381463],0,3,"[0.7033493551787963, 0.5720264221842615]",126,0
2332,[0.41555279 0.42842705],3,1,"[0.39058119958388665, 0.45374655865984675]",267,1
2333,[0.37337351 0.45854117],2,1,"[0.39058119958388665, 0.45374655865984675]",-1,1
2334,[0.44987117 0.67779752],1,-1,-1,-1,-1
2335,[0.711918   0.50157779],0,-1,-1,143,0
2336,[0.70812946 0.63325141],0,3,"[0.7033493551787963, 0.5720264221842615]",-1,0
2337,[0.25830664 0.5289432 ],2,-1,-1,-1,-1
2338,[0.38193459 0.36833173],3,-1,-1,-1,-1
2339,[0.36321974 0.43420344],3,1,"[0.39058119958388665, 0.45374655865984675]",271,-1
2340,[0.38084647 0.74709657],1,2,"[0.36772318180773494, 0.7148766969481398]",-1,-1
2341,[0.56706415 0.53398705],0,-1,-1,71,0
2342,[0.36194795 0.79229013],1,-1,-1,-1,-1
2343,[0.23046327 0.55452341],2,0,"[0.27872464766475324, 0.6037969263876968]",181,-1
2344,[0.25150608 0.60630318],2,0,"[0.27872464766475324, 0.6037969263876968]",247,-1
2345,[0.85185515 0.5698993 ],0,-1,-1,8,0
2346,[0.46163333 0.5478993 ],1,-1,-1,62,-1
2347,[0.49456765 0.33796366],3,-1,-1,-1,-1
2348,[0.40109321 0.66777332],2,2,"[0.36772318180773494, 0.7148766969481398]",355,-1
2349,[0.49928908 0.49654363],3,-1,-1,180,-1
2350,[0.37015284 0.74431468],1,2,"[0.36772318180773494, 0.7148766969481398]",-1,-1
2351,[0.65766892 0.42630201],0,-1,-1,40,0
2352,[0.36950198 0.78061253],1,2,"[0.36772318180773494, 0.7148766969481398]",187,-1
2353,[0.32862894 0.59915168],2,0,"[0.27872464766475324, 0.6037969263876968]",-1,2
2354,[0.7621856  0.44033658],0,-1,-1,16,0
2355,[0.44357549 0.39888505],3,-1,-1,264,1
2356,[0.56038815 0.44162345],3,-1,-1,48,-1
2357,[0.33591454 0.64689596],2,-1,-1,335,-1
2358,[0.64324155 0.60395193],0,3,"[0.7033493551787963, 0.5720264221842615]",169,0
2359,[0.39308549 0.41913954],3,1,"[0.39058119958388665, 0.45374655865984675]",281,1
2360,[0.45912344 0.26780708],3,-1,-1,-1,-1
2361,[0.38553861 0.59195068],2,-1,-1,362,-1
2362,[0.23336686 0.66435754],1,-1,-1,330,-1
2363,[0.7778607  0.53747825],0,-1,-1,-1,0
2364,[0.76903664 0.60089032],0,-1,-1,63,0
2365,[0.41277322 0.37304007],3,-1,-1,277,1
2366,[0.59357909 0.51007112],0,-1,-1,80,0
2367,[0.67364561 0.53502022],0,3,"[0.7033493551787963, 0.5720264221842615]",160,0
2368,[0.41748971 0.85998285],1,-1,-1,-1,-1
2369,[0.23443515 0.79129127],1,-1,-1,29,-1
2370,[0.641613   0.64678137],0,-1,-1,-1,0
2371,[0.4410708  0.48791483],3,1,"[0.39058119958388665, 0.45374655865984675]",-1,-1
2372,[0.22770319 0.65406125],2,-1,-1,-1,-1
2373,[0.46389405 0.37355382],3,-1,-1,-1,-1
2374,[0.73659575 0.54623238],0,3,"[0.7033493551787963, 0.5720264221842615]",129,0
2375,[0.63062218 0.62009876],0,-1,-1,168,0
2376,[0.48180616 0.47442554],2,-1,-1,205,-1
2377,[0.42549447 0.26048497],3,-1,-1,-1,-1
2378,[0.35661888 0.71686955],1,2,"[0.36772318180773494, 0.7148766969481398]",326,-1
2379,[0.42043161 0.44930027],3,1,"[0.39058119958388665, 0.45374655865984675]",263,1
2380,[0.67618375 0.53209558],0,3,"[0.7033493551787963, 0.5720264221842615]",160,0
2381,[0.32416627 0.80425594],1,-1,-1,203,-1
2382,[0.62280081 0.66785463],0,-1,-1,-1,0
2383,[0.33378486 0.7418367 ],1,2,"[0.36772318180773494, 0.7148766969481398]",-1,-1
2384,[0.36780367 0.49645104],1,1,"[0.39058119958388665, 0.45374655865984675]",244,-1
2385,[0.76919949 0.43570113],0,-1,-1,16,0
2386,[0.45906232 0.38647805],3,-1,-1,-1,-1
2387,[0.78147445 0.43241994],0,-1,-1,16,0
2388,[0.29181577 0.71382079],2,-1,-1,-1,-1
2389,[0.41831645 0.75926786],1,2,"[0.36772318180773494, 0.7148766969481398]",135,-1
2390,[0.25536393 0.50417853],2,-1,-1,-1,-1
2391,[0.64409834 0.46145366],0,-1,-1,-1,0
2392,[0.33294426 0.5990179 ],2,0,"[0.27872464766475324, 0.6037969263876968]",-1,2
2393,[0.28654708 0.50422186],2,-1,-1,298,-1
2394,[0.75666252 0.68544845],0,-1,-1,25,0
2395,[0.28115145 0.51273402],2,-1,-1,297,-1
2396,[0.33569366 0.44039584],3,1,"[0.39058119958388665, 0.45374655865984675]",-1,-1
2397,[0.40732814 0.45366473],3,1,"[0.39058119958388665, 0.45374655865984675]",258,1
2398,[0.33677096 0.53269543],2,-1,-1,-1,-1
2399,[0.70220581 0.50513032],0,3,"[0.7033493551787963, 0.5720264221842615]",148,0
2400,[0.14679617 0.74751838],1,-1,-1,-1,-1
2401,[0.37131994 0.73799965],1,2,"[0.36772318180773494, 0.7148766969481398]",321,-1
2402,[0.3017897  0.45286151],2,-1,-1,231,-1
2403,[0.24122136 0.69493595],2,-1,-1,226,-1
2404,[0.30973138 0.80800091],1,-1,-1,203,-1
2405,[0.35777518 0.73788391],1,2,"[0.36772318180773494, 0.7148766969481398]",-1,-1
2406,[0.76209987 0.55268177],0,3,"[0.7033493551787963, 0.5720264221842615]",121,0
2407,[0.23503597 0.36318394],3,-1,-1,-1,-1
2408,[0.36620856 0.74996464],1,2,"[0.36772318180773494, 0.7148766969481398]",-1,-1
2409,[0.66717595 0.60341354],0,3,"[0.7033493551787963, 0.5720264221842615]",171,0
2410,[0.29942389 0.54342411],1,0,"[0.27872464766475324, 0.6037969263876968]",336,-1
2411,[0.63848672 0.44346863],0,-1,-1,-1,0
2412,[0.49152494 0.30589821],3,-1,-1,53,-1
2413,[0.29255726 0.58162164],2,0,"[0.27872464766475324, 0.6037969263876968]",340,-1
2414,[0.3309855  0.67291675],2,2,"[0.36772318180773494, 0.7148766969481398]",385,-1
2415,[0.68019118 0.61891706],0,3,"[0.7033493551787963, 0.5720264221842615]",-1,0
2416,[0.49617003 0.50233528],3,-1,-1,180,-1
2417,[0.72841384 0.57236613],0,3,"[0.7033493551787963, 0.5720264221842615]",-1,0
2418,[0.52218247 0.34006751],3,-1,-1,-1,-1
2419,[0.40121989 0.7453135 ],1,2,"[0.36772318180773494, 0.7148766969481398]",307,-1
2420,[0.32374136 0.59546239],1,0,"[0.27872464766475324, 0.6037969263876968]",373,2
2421,[0.50174157 0.35764746],3,-1,-1,-1,-1
2422,[0.40222016 0.58002195],2,-1,-1,290,-1
2423,[0.93279493 0.76908617],0,-1,-1,-1,-1
2424,[0.26792961 0.50274776],2,-1,-1,-1,-1
2425,[0.33522755 0.52005663],2,-1,-1,-1,-1
2426,[0.51351047 0.42227385],3,-1,-1,223,-1
2427,[0.23571662 0.52657722],1,-1,-1,201,-1
2428,[0.5621085 0.4266542],3,-1,-1,48,-1
2429,[0.40969175 0.49384744],2,1,"[0.39058119958388665, 0.45374655865984675]",-1,1
2430,[0.231065   0.67630702],2,-1,-1,330,-1
2431,[0.64026627 0.49951201],0,-1,-1,155,0
2432,[0.61406184 0.69295875],0,-1,-1,-1,0
2433,[0.37263099 0.88472075],1,-1,-1,-1,-1
2434,[0.70824437 0.54352002],0,3,"[0.7033493551787963, 0.5720264221842615]",130,0
2435,[0.24919825 0.68494186],1,-1,-1,-1,-1
2436,[0.44528725 0.79193971],1,-1,-1,-1,-1
2437,[0.39433432 0.7850163 ],1,-1,-1,136,-1
2438,[0.31789795 0.63382757],2,0,"[0.27872464766475324, 0.6037969263876968]",378,-1
2439,[0.16353711 0.68563397],1,-1,-1,-1,-1
2440,[0.42312691 0.67050516],2,-1,-1,-1,-1
2441,[0.43900294 0.52565232],3,-1,-1,-1,-1
2442,[0.4529697  0.36256052],3,-1,-1,-1,1
2443,[0.62766398 0.54561958],0,-1,-1,139,0
2444,[0.21907129 0.558692  ],2,-1,-1,-1,-1
2445,[0.56679307 0.59212385],0,-1,-1,-1,0
2446,[0.57961529 0.65189117],0,-1,-1,35,0
2447,[0.41766377 0.3222228 ],3,-1,-1,152,-1
2448,[0.6585274  0.65160926],0,-1,-1,-1,0
2449,[0.22305759 0.75596828],1,-1,-1,196,-1
2450,[0.38965418 0.52768747],3,-1,-1,-1,-1
2451,[0.66957603 0.55054915],0,3,"[0.7033493551787963, 0.5720264221842615]",164,0
2452,[0.41989696 0.28524177],3,-1,-1,-1,-1
2453,[0.5877622  0.60926269],0,-1,-1,87,0
2454,[0.31720481 0.69905067],2,2,"[0.36772318180773494, 0.7148766969481398]",385,-1
2455,[0.73290242 0.54110014],0,3,"[0.7033493551787963, 0.5720264221842615]",-1,0
2456,[0.26985338 0.65476108],1,0,"[0.27872464766475324, 0.6037969263876968]",-1,-1
2457,[0.41808849 0.69807756],1,2,"[0.36772318180773494, 0.7148766969481398]",261,-1
2458,[0.86359926 0.57568954],0,-1,-1,8,0
2459,[0.70138119 0.59811581],0,3,"[0.7033493551787963, 0.5720264221842615]",167,0
2460,[0.37245663 0.38079874],3,-1,-1,-1,1
2461,[0.70943397 0.56695973],0,3,"[0.7033493551787963, 0.5720264221842615]",-1,0
2462,[0.39561798 0.67515591],2,2,"[0.36772318180773494, 0.7148766969481398]",-1,-1
2463,[0.40350086 0.6974558 ],2,2,"[0.36772318180773494, 0.7148766969481398]",314,-1
2464,[0.29202822 0.6895336 ],2,-1,-1,-1,-1
2465,[0.32044134 0.55331515],1,0,"[0.27872464766475324, 0.6037969263876968]",348,2
2466,[0.38958434 0.58463523],1,-1,-1,362,-1
2467,[0.46686358 0.28105197],3,-1,-1,-1,-1
2468,[0.68692945 0.54259488],0,3,"[0.7033493551787963, 0.5720264221842615]",163,0
2469,[0.68899623 0.62803893],0,3,"[0.7033493551787963, 0.5720264221842615]",142,0
2470,[0.23627203 0.65347338],1,0,"[0.27872464766475324, 0.6037969263876968]",-1,-1
2471,[0.3931229  0.42972567],3,1,"[0.39058119958388665, 0.45374655865984675]",286,1
2472,[0.30531761 0.75821578],1,-1,-1,324,-1
2473,[0.75712786 0.55526481],0,3,"[0.7033493551787963, 0.5720264221842615]",121,0
2474,[0.34862917 0.85818491],1,-1,-1,-1,-1
2475,[0.16050983 0.61008259],1,-1,-1,39,-1
2476,[0.45092728 0.74356594],1,-1,-1,-1,-1
2477,[0.4033169  0.35161079],3,-1,-1,209,-1
2478,[0.78947935 0.55391467],0,-1,-1,92,0
2479,[0.61584486 0.59724542],0,-1,-1,-1,0
2480,[0.3059908  0.43630556],2,-1,-1,-1,-1
2481,[0.36952198 0.72379561],1,2,"[0.36772318180773494, 0.7148766969481398]",326,-1
2482,[0.7274116  0.62493169],0,3,"[0.7033493551787963, 0.5720264221842615]",98,0
2483,[0.44998937 0.61574814],2,-1,-1,-1,-1
2484,[0.67776464 0.51198525],0,3,"[0.7033493551787963, 0.5720264221842615]",-1,0
2485,[0.50135533 0.46674257],3,-1,-1,-1,-1
2486,[0.32215256 0.5318244 ],3,-1,-1,343,-1
2487,[0.22907624 0.66426613],2,-1,-1,330,-1
2488,[0.61679373 0.48367332],0,-1,-1,-1,0
2489,[0.50750274 0.37083882],3,-1,-1,-1,-1
2490,[0.38778091 0.48820585],3,1,"[0.39058119958388665, 0.45374655865984675]",-1,1
2491,[0.7230547  0.48675966],0,-1,-1,-1,0
2492,[0.38677601 0.50785511],3,1,"[0.39058119958388665, 0.45374655865984675]",246,-1
2493,[0.26102202 0.61319348],2,0,"[0.27872464766475324, 0.6037969263876968]",345,-1
2494,[0.79810142 0.70081625],0,-1,-1,-1,0
2495,[0.37101446 0.39234293],3,1,"[0.39058119958388665, 0.45374655865984675]",-1,1
2496,[0.35421937 0.58952197],2,-1,-1,-1,-1
2497,[0.42930099 0.61090591],2,-1,-1,-1,-1
2498,[0.25577666 0.72993447],1,-1,-1,193,-1
2499,[0.23695112 0.55201455],2,0,"[0.27872464766475324, 0.6037969263876968]",181,-1
2500,[0.6033317  0.69553542],0,-1,-1,-1,0
2501,[0.30962149 0.63264943],2,0,"[0.27872464766475324, 0.6037969263876968]",-1,-1
2502,[0.36547009 0.43754867],3,1,"[0.39058119958388665, 0.45374655865984675]",271,-1
2503,[0.38548388 0.67785226],1,2,"[0.36772318180773494, 0.7148766969481398]",387,-1
2504,[0.31446402 0.43712714],3,-1,-1,-1,-1
2505,[0.26668498 0.53750383],2,0,"[0.27872464766475324, 0.6037969263876968]",239,-1
2506,[0.27278404 0.6159293 ],2,0,"[0.27872464766475324, 0.6037969263876968]",-1,-1
2507,[0.76174921 0.49660971],0,-1,-1,-1,0
2508,[0.32694646 0.62421843],2,0,"[0.27872464766475324, 0.6037969263876968]",383,2
2509,[0.5371517  0.71953284],1,-1,-1,-1,-1
2510,[0.47889757 0.8513831 ],1,-1,-1,7,-1
2511,[0.62790031 0.63052724],0,-1,-1,123,0
2512,[0.38058091 0.63161757],2,-1,-1,-1,-1
2513,[0.29765025 0.64008716],2,0,"[0.27872464766475324, 0.6037969263876968]",359,-1
2514,[0.6576235  0.41465716],0,-1,-1,40,0
2515,[0.78431698 0.71239043],0,-1,-1,-1,0
2516,[0.36521038 0.6537752 ],1,2,"[0.36772318180773494, 0.7148766969481398]",377,-1
2517,[0.58271712 0.55426233],0,-1,-1,81,0
2518,[0.44077327 0.62890714],1,-1,-1,-1,-1
2519,[0.18534989 0.56877582],2,-1,-1,-1,-1
2520,[0.74957247 0.58589809],0,3,"[0.7033493551787963, 0.5720264221842615]",-1,0
2521,[0.6495258  0.37444303],0,-1,-1,4,0
2522,[0.31173807 0.45385633],3,-1,-1,-1,-1
2523,[0.36866628 0.42382564],3,1,"[0.39058119958388665, 0.45374655865984675]",271,1
2524,[0.29740293 0.57135092],2,0,"[0.27872464766475324, 0.6037969263876968]",340,-1
2525,[0.30989715 0.38425003],3,-1,-1,-1,-1
2526,[0.41676716 0.40693965],3,1,"[0.39058119958388665, 0.45374655865984675]",287,1
2527,[0.3272393  0.65799109],1,2,"[0.36772318180773494, 0.7148766969481398]",368,-1
2528,[0.26746299 0.82391226],1,-1,-1,74,-1
2529,[0.77503    0.48890585],0,-1,-1,65,0
2530,[0.65955007 0.68811366],0,-1,-1,-1,0
2531,[0.37216574 0.66194662],1,2,"[0.36772318180773494, 0.7148766969481398]",377,-1
2532,[0.32100771 0.51573479],2,-1,-1,-1,-1
2533,[0.40479817 0.70196742],1,2,"[0.36772318180773494, 0.7148766969481398]",314,-1
2534,[0.41203269 0.40054482],3,1,"[0.39058119958388665, 0.45374655865984675]",287,1
2535,[0.41539637 0.72598853],1,2,"[0.36772318180773494, 0.7148766969481398]",261,-1
2536,[0.66573686 0.6643972 ],0,-1,-1,91,0
2537,[0.63993101 0.57986921],0,3,"[0.7033493551787963, 0.5720264221842615]",-1,0
2538,[0.73670104 0.57441929],0,3,"[0.7033493551787963, 0.5720264221842615]",126,0
2539,[0.72150922 0.69831881],0,-1,-1,-1,0
2540,[0.44425212 0.44365651],3,1,"[0.39058119958388665, 0.45374655865984675]",-1,-1
2541,[0.49290068 0.39654176],3,-1,-1,-1,-1
2542,[0.37163506 0.81702216],1,-1,-1,-1,-1
2543,[0.53192843 0.35287489],3,-1,-1,57,-1
2544,[0.2792034 0.6514726],1,0,"[0.27872464766475324, 0.6037969263876968]",-1,-1
2545,[0.26589641 0.68552047],1,-1,-1,381,-1
2546,[0.35196041 0.61563749],2,-1,-1,-1,-1
2547,[0.41588273 0.40638443],2,1,"[0.39058119958388665, 0.45374655865984675]",287,1
2548,[0.3525341  0.82540834],1,-1,-1,-1,-1
2549,[0.70349814 0.56349019],0,3,"[0.7033493551787963, 0.5720264221842615]",-1,0
2550,[0.32312548 0.47023041],2,1,"[0.39058119958388665, 0.45374655865984675]",234,-1
2551,[0.4336914  0.54430349],2,-1,-1,190,-1
2552,[0.21793361 0.75890291],1,-1,-1,196,-1
2553,[0.65810879 0.69176597],0,-1,-1,-1,0
2554,[0.30723597 0.51285925],2,-1,-1,299,-1
2555,[0.39429471 0.28670004],3,-1,-1,-1,-1
2556,[0.31556677 0.68401324],2,2,"[0.36772318180773494, 0.7148766969481398]",385,3
2557,[0.21923189 0.53833026],2,-1,-1,59,-1
2558,[0.36005726 0.71258815],2,2,"[0.36772318180773494, 0.7148766969481398]",326,-1
2559,[0.71978309 0.45310312],0,-1,-1,82,0
2560,[0.57301986 0.49534718],3,-1,-1,-1,0
2561,[0.42224867 0.31836849],3,-1,-1,152,-1
2562,[0.53890665 0.40302884],3,-1,-1,60,-1
2563,[0.26829984 0.72187588],1,-1,-1,-1,-1
2564,[0.3660086  0.71687111],1,2,"[0.36772318180773494, 0.7148766969481398]",326,-1
2565,[0.44503525 0.76681792],1,-1,-1,-1,-1
2566,[0.47063132 0.37717013],3,-1,-1,228,-1
2567,[0.25175468 0.6155819 ],1,0,"[0.27872464766475324, 0.6037969263876968]",247,-1
2568,[0.15203697 0.48897907],2,-1,-1,-1,-1
2569,[0.71416393 0.62276224],0,3,"[0.7033493551787963, 0.5720264221842615]",-1,0
2570,[0.34201779 0.72543454],2,2,"[0.36772318180773494, 0.7148766969481398]",326,-1
2571,[0.62595585 0.48148785],0,-1,-1,116,0
2572,[0.26978277 0.70172464],1,-1,-1,381,-1
2573,[0.24292999 0.62451226],1,0,"[0.27872464766475324, 0.6037969263876968]",276,-1
2574,[0.50067021 0.41838661],3,-1,-1,-1,-1
2575,[0.47475796 0.39555804],3,-1,-1,-1,-1
2576,[0.60764019 0.55119518],0,-1,-1,117,0
2577,[0.64102697 0.68357298],0,-1,-1,37,0
2578,[0.31680968 0.57227829],2,0,"[0.27872464766475324, 0.6037969263876968]",360,-1
2579,[0.38536703 0.42574885],3,1,"[0.39058119958388665, 0.45374655865984675]",286,1
2580,[0.46221114 0.45836429],3,-1,-1,243,-1
2581,[0.24914231 0.53082242],2,-1,-1,-1,-1
2582,[0.4469848 0.6286674],2,-1,-1,176,-1
2583,[0.52325284 0.5324205 ],3,-1,-1,-1,0
2584,[0.66313327 0.50992218],0,-1,-1,159,0
2585,[0.42908759 0.44316986],3,1,"[0.39058119958388665, 0.45374655865984675]",263,1
2586,[0.10825567 0.60182044],2,-1,-1,-1,-1
2587,[0.45950677 0.71785133],1,-1,-1,30,-1
2588,[0.67706714 0.61550104],0,3,"[0.7033493551787963, 0.5720264221842615]",173,0
2589,[0.53807081 0.65252826],0,-1,-1,-1,0
2590,[0.25579649 0.70674628],1,-1,-1,-1,-1
2591,[0.47818615 0.45738643],3,-1,-1,-1,-1
2592,[0.34854934 0.67233084],2,2,"[0.36772318180773494, 0.7148766969481398]",377,4
2593,[0.75597655 0.39904223],0,-1,-1,-1,0
2594,[0.24869527 0.65312177],2,0,"[0.27872464766475324, 0.6037969263876968]",-1,-1
2595,[0.58842629 0.3502929 ],3,-1,-1,-1,-1
2596,[0.65359593 0.52030667],0,-1,-1,-1,0
2597,[0.68022833 0.59522618],0,3,"[0.7033493551787963, 0.5720264221842615]",-1,0
2598,[0.58666927 0.44398632],0,-1,-1,43,0
2599,[0.39526041 0.70091673],1,2,"[0.36772318180773494, 0.7148766969481398]",314,-1
2600,[0.43302985 0.4515944 ],3,1,"[0.39058119958388665, 0.45374655865984675]",263,1
2601,[0.34569441 0.39586213],3,-1,-1,-1,-1
2602,[0.66153137 0.61038734],0,3,"[0.7033493551787963, 0.5720264221842615]",-1,0
2603,[0.3912422 0.5888027],3,-1,-1,-1,-1
2604,[0.29706995 0.30051597],3,-1,-1,-1,-1
2605,[0.40383078 0.49051576],2,1,"[0.39058119958388665, 0.45374655865984675]",270,1
2606,[0.22108445 0.4690869 ],2,-1,-1,-1,-1
2607,[0.80357489 0.55211174],0,-1,-1,-1,0
2608,[0.59636367 0.58891096],0,-1,-1,111,0
2609,[0.49126775 0.50980709],3,-1,-1,180,-1
2610,[0.27964759 0.66360359],2,0,"[0.27872464766475324, 0.6037969263876968]",376,-1
2611,[0.38270367 0.47769892],3,1,"[0.39058119958388665, 0.45374655865984675]",-1,1
2612,[0.36623154 0.50398681],2,1,"[0.39058119958388665, 0.45374655865984675]",244,-1
2613,[0.74517088 0.50175124],0,-1,-1,-1,0
2614,[0.62359569 0.68651548],0,-1,-1,37,0
2615,[0.38805927 0.50317119],3,1,"[0.39058119958388665, 0.45374655865984675]",-1,1
2616,[0.39883818 0.25856482],3,-1,-1,-1,-1
2617,[0.36330908 0.64214938],1,-1,-1,380,4
2618,[0.28644682 0.48877415],2,-1,-1,-1,-1
2619,[0.43721396 0.83533545],1,-1,-1,-1,-1
2620,[0.23738728 0.72961002],1,-1,-1,224,-1
2621,[0.40712017 0.44127183],3,1,"[0.39058119958388665, 0.45374655865984675]",258,1
2622,[0.41143682 0.59463263],2,-1,-1,-1,-1
2623,[0.3404789 0.6227127],2,0,"[0.27872464766475324, 0.6037969263876968]",-1,-1
2624,[0.77871608 0.50345828],0,-1,-1,-1,0
2625,[0.53249999 0.45038538],0,-1,-1,114,-1
2626,[0.8164572  0.49319092],0,-1,-1,32,0
2627,[0.54566921 0.5009201 ],2,-1,-1,54,-1
2628,[0.40691136 0.67180855],1,2,"[0.36772318180773494, 0.7148766969481398]",341,-1
2629,[0.56960939 0.53406524],0,-1,-1,71,0
2630,[0.55731089 0.55602269],0,-1,-1,-1,0
2631,[0.74263785 0.4935584 ],0,-1,-1,-1,0
2632,[0.74155076 0.52726572],0,3,"[0.7033493551787963, 0.5720264221842615]",107,0
2633,[0.476881   0.40916091],3,-1,-1,-1,1
2634,[0.26043    0.62241447],1,0,"[0.27872464766475324, 0.6037969263876968]",345,-1
2635,[0.53686209 0.51551565],2,-1,-1,-1,-1
2636,[0.19092073 0.61754281],2,-1,-1,-1,-1
2637,[0.52734635 0.62528212],0,-1,-1,45,0
2638,[0.33947001 0.3246846 ],3,-1,-1,-1,-1
2639,[0.40400162 0.50783588],1,1,"[0.39058119958388665, 0.45374655865984675]",273,-1
2640,[0.78448972 0.56030163],0,-1,-1,92,0
2641,[0.68274886 0.45109593],0,-1,-1,-1,0
2642,[0.6568377  0.59547705],0,3,"[0.7033493551787963, 0.5720264221842615]",171,0
2643,[0.69125844 0.51474948],0,3,"[0.7033493551787963, 0.5720264221842615]",-1,0
2644,[0.68636823 0.6717991 ],0,-1,-1,97,0
2645,[0.64967805 0.58088854],0,3,"[0.7033493551787963, 0.5720264221842615]",162,0
2646,[0.31818638 0.77061132],1,-1,-1,323,-1
2647,[0.69290629 0.53383162],0,3,"[0.7033493551787963, 0.5720264221842615]",163,0
2648,[0.41246535 0.78731847],1,-1,-1,136,-1
2649,[0.56263911 0.34606148],3,-1,-1,-1,-1
2650,[0.2518018  0.62776686],1,0,"[0.27872464766475324, 0.6037969263876968]",-1,-1
2651,[0.64873637 0.51704036],0,-1,-1,-1,0
2652,[0.34527667 0.61516801],1,0,"[0.27872464766475324, 0.6037969263876968]",-1,-1
2653,[0.28604788 0.81136732],1,-1,-1,73,-1
2654,[0.28862162 0.60669786],2,0,"[0.27872464766475324, 0.6037969263876968]",-1,-1
2655,[0.37913684 0.28415047],3,-1,-1,36,-1
2656,[0.58885155 0.68724909],0,-1,-1,34,0
2657,[0.77707746 0.54897218],0,-1,-1,92,0
2658,[0.6947672  0.53173357],0,3,"[0.7033493551787963, 0.5720264221842615]",-1,0
2659,[0.33305178 0.58978884],2,0,"[0.27872464766475324, 0.6037969263876968]",384,2
2660,[0.41968255 0.79633087],1,-1,-1,136,-1
2661,[0.73607461 0.59475342],0,3,"[0.7033493551787963, 0.5720264221842615]",125,0
2662,[0.32776959 0.25852689],3,-1,-1,-1,-1
2663,[0.38666265 0.56243663],2,-1,-1,311,-1
2664,[0.56526399 0.33733312],0,-1,-1,-1,-1
2665,[0.33179936 0.69860813],1,2,"[0.36772318180773494, 0.7148766969481398]",385,3
2666,[0.44801078 0.6621791 ],1,-1,-1,175,-1
2667,[0.41719319 0.4860137 ],3,1,"[0.39058119958388665, 0.45374655865984675]",-1,-1
2668,[0.57145396 0.38491394],0,-1,-1,-1,-1
2669,[0.28874563 0.67460258],2,-1,-1,-1,-1
2670,[0.61003135 0.65857258],0,-1,-1,-1,0
2671,[0.21204851 0.54359855],2,-1,-1,59,-1
2672,[0.13296851 0.65258848],2,-1,-1,3,-1
2673,[0.43913485 0.3546626 ],3,-1,-1,-1,-1
2674,[0.41063729 0.44836419],2,1,"[0.39058119958388665, 0.45374655865984675]",258,1
2675,[0.71807136 0.54436888],0,3,"[0.7033493551787963, 0.5720264221842615]",-1,0
2676,[0.19770041 0.5710133 ],2,-1,-1,75,-1
2677,[0.1286596 0.6144836],2,-1,-1,-1,-1
2678,[0.30820631 0.48553493],3,-1,-1,303,-1
2679,[0.29156558 0.38916484],3,-1,-1,-1,-1
2680,[0.27954862 0.76794115],1,-1,-1,-1,-1
2681,[0.46403494 0.56050937],2,-1,-1,62,-1
2682,[0.30050434 0.63457579],2,0,"[0.27872464766475324, 0.6037969263876968]",359,-1
2683,[0.45413815 0.44230566],2,1,"[0.39058119958388665, 0.45374655865984675]",245,-1
2684,[0.339715   0.40329451],3,-1,-1,-1,-1
2685,[0.48787518 0.36577877],3,-1,-1,179,-1
2686,[0.34304211 0.73394515],1,2,"[0.36772318180773494, 0.7148766969481398]",-1,-1
2687,[0.49986673 0.42923572],3,-1,-1,252,-1
2688,[0.60512624 0.40176027],0,-1,-1,12,-1
2689,[0.32921064 0.44419223],2,1,"[0.39058119958388665, 0.45374655865984675]",-1,-1
2690,[0.77191934 0.47504827],0,-1,-1,-1,0
2691,[0.67762817 0.55340296],0,3,"[0.7033493551787963, 0.5720264221842615]",164,0
2692,[0.3227329  0.40563548],3,-1,-1,214,-1
2693,[0.28465534 0.7056901 ],1,-1,-1,389,-1
2694,[0.39385426 0.61671464],2,-1,-1,218,-1
2695,[0.36633764 0.63848586],1,-1,-1,-1,4
2696,[0.51148024 0.46005405],3,-1,-1,113,-1
2697,[0.69844873 0.63424755],0,3,"[0.7033493551787963, 0.5720264221842615]",132,0
2698,[0.38704196 0.45445896],3,1,"[0.39058119958388665, 0.45374655865984675]",248,1
2699,[0.41862687 0.60687276],2,-1,-1,217,-1
2700,[0.48006941 0.48122599],3,-1,-1,205,-1
2701,[0.35549546 0.57032546],2,-1,-1,-1,-1
2702,[0.52583936 0.60459605],2,-1,-1,-1,0
2703,[0.43549329 0.56541574],3,-1,-1,185,-1
2704,[0.38772851 0.49733361],2,1,"[0.39058119958388665, 0.45374655865984675]",274,1
2705,[0.51544948 0.37970293],0,-1,-1,-1,-1
2706,[0.17612404 0.6598323 ],1,-1,-1,-1,-1
2707,[0.5906979 0.6062583],0,-1,-1,-1,0
2708,[0.5035734  0.39685597],3,-1,-1,-1,-1
2709,[0.70833862 0.49386693],0,-1,-1,148,0
2710,[0.36474747 0.60534424],2,-1,-1,-1,-1
2711,[0.42731502 0.38782583],3,-1,-1,284,1
2712,[0.35317123 0.52764793],2,-1,-1,312,-1
2713,[0.24960467 0.32459201],3,-1,-1,-1,-1
2714,[0.36031522 0.42601517],3,1,"[0.39058119958388665, 0.45374655865984675]",271,1
2715,[0.34291311 0.45807651],3,1,"[0.39058119958388665, 0.45374655865984675]",-1,-1
2716,[0.37097657 0.63870383],1,-1,-1,379,-1
2717,[0.1571944  0.65973739],2,-1,-1,-1,-1
2718,[0.22534108 0.63916842],2,0,"[0.27872464766475324, 0.6037969263876968]",235,-1
2719,[0.63727442 0.58670269],0,3,"[0.7033493551787963, 0.5720264221842615]",-1,0
2720,[0.23258917 0.69395869],1,-1,-1,-1,-1
2721,[0.54153107 0.60415135],0,-1,-1,45,0
2722,[0.37536686 0.53059215],2,-1,-1,280,-1
2723,[0.24652965 0.41314403],3,-1,-1,67,-1
2724,[0.42412991 0.51294023],3,1,"[0.39058119958388665, 0.45374655865984675]",183,-1
2725,[0.43746835 0.55270439],1,-1,-1,190,-1
2726,[0.30945481 0.31095216],3,-1,-1,21,-1
2727,[0.73288551 0.5442725 ],0,3,"[0.7033493551787963, 0.5720264221842615]",129,0
2728,[0.32650515 0.38685503],3,-1,-1,-1,-1
2729,[0.60309419 0.5525627 ],0,-1,-1,117,0
2730,[0.37986169 0.26426699],3,-1,-1,-1,-1
2731,[0.37103869 0.61516607],1,-1,-1,370,-1
2732,[0.25780602 0.51837946],2,-1,-1,213,-1
2733,[0.42676881 0.29401473],3,-1,-1,88,-1
2734,[0.34311733 0.69176868],2,2,"[0.36772318180773494, 0.7148766969481398]",385,-1
2735,[0.37599705 0.51896412],3,1,"[0.39058119958388665, 0.45374655865984675]",-1,-1
2736,[0.44386412 0.19196743],3,-1,-1,-1,-1
2737,[0.73955571 0.56952392],0,3,"[0.7033493551787963, 0.5720264221842615]",126,0
2738,[0.52544471 0.49203754],3,-1,-1,96,-1
2739,[0.22917608 0.6419907 ],2,0,"[0.27872464766475324, 0.6037969263876968]",235,-1
2740,[0.24248627 0.59277757],2,0,"[0.27872464766475324, 0.6037969263876968]",247,-1
2741,[0.41401324 0.4447615 ],2,1,"[0.39058119958388665, 0.45374655865984675]",-1,1
2742,[0.73059147 0.46701437],0,-1,-1,82,0
2743,[0.55607627 0.56587854],0,-1,-1,61,0
2744,[0.39836329 0.53837576],3,-1,-1,-1,-1
2745,[0.85712145 0.49641819],0,-1,-1,-1,0
2746,[0.21742421 0.57766782],2,0,"[0.27872464766475324, 0.6037969263876968]",-1,-1
2747,[0.46612817 0.46218089],3,-1,-1,-1,-1
2748,[0.41058556 0.58201806],3,-1,-1,290,-1
2749,[0.41570556 0.43890981],3,1,"[0.39058119958388665, 0.45374655865984675]",267,1
2750,[0.36943849 0.69474069],1,2,"[0.36772318180773494, 0.7148766969481398]",-1,-1
2751,[0.27585496 0.34538712],3,-1,-1,14,-1
2752,[0.28386923 0.61516829],1,0,"[0.27872464766475324, 0.6037969263876968]",372,-1
2753,[0.71585666 0.45195091],0,-1,-1,-1,0
2754,[0.42207594 0.40813691],3,1,"[0.39058119958388665, 0.45374655865984675]",-1,1
2755,[0.21680823 0.52245899],2,-1,-1,118,-1
2756,[0.3057628  0.56584055],2,0,"[0.27872464766475324, 0.6037969263876968]",-1,-1
2757,[0.71922081 0.54039872],0,3,"[0.7033493551787963, 0.5720264221842615]",129,0
2758,[0.26914658 0.68785293],1,-1,-1,381,-1
2759,[0.48888088 0.51770474],3,-1,-1,-1,-1
2760,[0.43014108 0.69434646],1,2,"[0.36772318180773494, 0.7148766969481398]",-1,-1
2761,[0.57933676 0.59909401],0,-1,-1,-1,0
2762,[0.36915201 0.62117476],2,-1,-1,379,-1
2763,[0.6249121  0.63289091],0,-1,-1,123,0
2764,[0.69123046 0.65906378],0,-1,-1,-1,0
2765,[0.37764951 0.76967459],1,2,"[0.36772318180773494, 0.7148766969481398]",188,-1
2766,[0.34264813 0.54297384],1,-1,-1,319,-1
2767,[0.33502392 0.70656107],2,2,"[0.36772318180773494, 0.7148766969481398]",385,-1
2768,[0.19383607 0.59997313],2,-1,-1,-1,-1
2769,[0.77723846 0.549794  ],0,-1,-1,92,0
2770,[0.48664617 0.60858847],1,-1,-1,-1,-1
2771,[0.41478105 0.32862979],3,-1,-1,153,-1
2772,[0.56297301 0.44333795],3,-1,-1,48,-1
2773,[0.40662705 0.66736704],1,2,"[0.36772318180773494, 0.7148766969481398]",-1,-1
2774,[0.34160036 0.60343529],1,0,"[0.27872464766475324, 0.6037969263876968]",393,2
2775,[0.69736406 0.48563322],0,-1,-1,-1,0
2776,[0.34023285 0.4093252 ],3,1,"[0.39058119958388665, 0.45374655865984675]",268,-1
2777,[0.24869395 0.49484851],2,-1,-1,109,-1
2778,[0.40871645 0.60226341],1,-1,-1,-1,-1
2779,[0.7012967  0.47044579],0,-1,-1,-1,0
2780,[0.32984441 0.42536362],3,1,"[0.39058119958388665, 0.45374655865984675]",-1,-1
2781,[0.37715372 0.63736793],1,-1,-1,-1,-1
2782,[0.77612284 0.49809965],0,-1,-1,65,0
2783,[0.70352626 0.51948231],0,3,"[0.7033493551787963, 0.5720264221842615]",-1,0
2784,[0.31638594 0.71376231],1,2,"[0.36772318180773494, 0.7148766969481398]",-1,-1
2785,[0.53748302 0.64703119],0,-1,-1,17,0
2786,[0.75334501 0.49069574],0,-1,-1,-1,0
2787,[0.65490699 0.61707497],0,3,"[0.7033493551787963, 0.5720264221842615]",-1,0
2788,[0.34285125 0.34298969],3,-1,-1,172,-1
2789,[0.79102138 0.63005618],0,-1,-1,-1,0
2790,[0.69330699 0.59537752],0,3,"[0.7033493551787963, 0.5720264221842615]",-1,0
2791,[0.52140393 0.324583  ],3,-1,-1,-1,-1
2792,[0.2563565  0.33678535],3,-1,-1,-1,-1
2793,[0.58237869 0.46058367],0,-1,-1,43,0
2794,[0.2092581  0.74790032],2,-1,-1,-1,-1
2795,[0.235324   0.63609928],2,0,"[0.27872464766475324, 0.6037969263876968]",-1,-1
2796,[0.29481063 0.56661173],2,0,"[0.27872464766475324, 0.6037969263876968]",340,-1
2797,[0.44817239 0.39818153],3,-1,-1,264,1
2798,[0.21528254 0.60329943],1,0,"[0.27872464766475324, 0.6037969263876968]",211,-1
2799,[0.68932195 0.46617783],0,-1,-1,-1,0
2800,[0.35494376 0.71415974],1,2,"[0.36772318180773494, 0.7148766969481398]",326,-1
2801,[0.28240057 0.6222865 ],2,0,"[0.27872464766475324, 0.6037969263876968]",-1,-1
2802,[0.67240427 0.56855456],0,3,"[0.7033493551787963, 0.5720264221842615]",-1,0
2803,[0.35661998 0.80905433],1,-1,-1,184,-1
2804,[0.2010646  0.81682661],1,-1,-1,19,-1
2805,[0.29228591 0.60654855],1,0,"[0.27872464766475324, 0.6037969263876968]",371,-1
2806,[0.36614175 0.71661092],1,2,"[0.36772318180773494, 0.7148766969481398]",326,-1
2807,[0.49379088 0.71431524],1,-1,-1,30,-1
2808,[0.43014668 0.57394933],2,-1,-1,185,-1
2809,[0.47839317 0.66744883],1,-1,-1,-1,-1
2810,[0.7150049  0.51030907],0,3,"[0.7033493551787963, 0.5720264221842615]",148,0
2811,[0.61937715 0.5103149 ],0,-1,-1,-1,0
2812,[0.40184508 0.35175576],3,-1,-1,209,-1
2813,[0.62966506 0.41287711],0,-1,-1,-1,0
2814,[0.41023403 0.48783426],2,1,"[0.39058119958388665, 0.45374655865984675]",-1,1
2815,[0.39636704 0.33290068],3,-1,-1,-1,-1
2816,[0.26470801 0.64971513],2,0,"[0.27872464766475324, 0.6037969263876968]",329,-1
2817,[0.43805141 0.60625086],2,-1,-1,-1,-1
2818,[0.33697298 0.78580725],1,-1,-1,249,-1
2819,[0.2414067 0.652363 ],2,0,"[0.27872464766475324, 0.6037969263876968]",327,-1
2820,[0.62178876 0.63017684],0,-1,-1,123,0
2821,[0.39870038 0.48652276],3,1,"[0.39058119958388665, 0.45374655865984675]",-1,1
2822,[0.32638364 0.46005173],3,1,"[0.39058119958388665, 0.45374655865984675]",-1,-1
2823,[0.41430118 0.66488005],1,2,"[0.36772318180773494, 0.7148766969481398]",-1,-1
2824,[0.51036593 0.72435615],0,-1,-1,-1,-1
2825,[0.64211121 0.55442092],0,3,"[0.7033493551787963, 0.5720264221842615]",-1,0
2826,[0.1947357  0.53972623],2,-1,-1,72,-1
2827,[0.35293598 0.53364528],3,-1,-1,312,-1
2828,[0.43378251 0.73192491],1,2,"[0.36772318180773494, 0.7148766969481398]",-1,-1
2829,[0.68251693 0.65079042],0,-1,-1,134,0
2830,[0.47137987 0.59928011],2,-1,-1,46,-1
2831,[0.3243546  0.22811341],3,-1,-1,-1,-1
2832,[0.47600253 0.41773478],3,-1,-1,259,1
2833,[0.61326586 0.62240084],0,-1,-1,123,0
2834,[0.46596097 0.39968777],3,-1,-1,-1,-1
2835,[0.31789275 0.71514786],1,2,"[0.36772318180773494, 0.7148766969481398]",-1,-1
2836,[0.32917115 0.62919092],1,0,"[0.27872464766475324, 0.6037969263876968]",-1,-1
2837,[0.18273037 0.68520688],1,-1,-1,-1,-1
2838,[0.67555973 0.47088508],0,-1,-1,-1,0
2839,[0.29095363 0.58626786],2,0,"[0.27872464766475324, 0.6037969263876968]",-1,-1
2840,[0.37543794 0.3471105 ],3,-1,-1,189,-1
2841,[0.40316597 0.72167868],1,2,"[0.36772318180773494, 0.7148766969481398]",261,-1
2842,[0.36414509 0.73402781],1,2,"[0.36772318180773494, 0.7148766969481398]",-1,-1
2843,[0.40302983 0.36885805],3,-1,-1,255,-1
2844,[0.39486739 0.71621121],1,2,"[0.36772318180773494, 0.7148766969481398]",236,-1
2845,[0.29543546 0.60415914],2,0,"[0.27872464766475324, 0.6037969263876968]",371,-1
2846,[0.31205038 0.7115994 ],1,2,"[0.36772318180773494, 0.7148766969481398]",394,-1
2847,[0.29805612 0.7922057 ],1,-1,-1,-1,-1
2848,[0.17538812 0.5987975 ],2,-1,-1,58,-1
2849,[0.39635325 0.72981246],1,2,"[0.36772318180773494, 0.7148766969481398]",261,-1
2850,[0.70024437 0.50192006],0,-1,-1,148,0
2851,[0.73182748 0.58586524],0,3,"[0.7033493551787963, 0.5720264221842615]",126,0
2852,[0.68138525 0.66038473],0,-1,-1,134,0
2853,[0.48079232 0.48155697],3,-1,-1,205,-1
2854,[0.41251839 0.32996598],3,-1,-1,153,-1
2855,[0.79899384 0.54053955],0,-1,-1,-1,0
2856,[0.30563537 0.71170717],1,2,"[0.36772318180773494, 0.7148766969481398]",-1,-1
2857,[0.48287042 0.51323487],2,-1,-1,-1,-1
2858,[0.33461836 0.85417638],1,-1,-1,-1,-1
2859,[0.6745257  0.58891776],0,3,"[0.7033493551787963, 0.5720264221842615]",156,0
2860,[0.31779534 0.83524776],1,-1,-1,-1,-1
2861,[0.32280008 0.61096877],2,0,"[0.27872464766475324, 0.6037969263876968]",-1,2
2862,[0.33453984 0.6665348 ],2,2,"[0.36772318180773494, 0.7148766969481398]",377,-1
2863,[0.11844948 0.46696066],2,-1,-1,-1,-1
2864,[0.77374254 0.62409187],0,-1,-1,-1,0
2865,[0.35325679 0.46541565],3,1,"[0.39058119958388665, 0.45374655865984675]",300,-1
2866,[0.52687789 0.38627194],3,-1,-1,-1,-1
2867,[0.26407493 0.34784462],3,-1,-1,14,-1
2868,[0.60727128 0.55211892],0,-1,-1,117,0
2869,[0.70808682 0.63081701],0,3,"[0.7033493551787963, 0.5720264221842615]",132,0
2870,[0.3968808  0.68992327],1,2,"[0.36772318180773494, 0.7148766969481398]",314,-1
2871,[0.66665475 0.53684097],0,3,"[0.7033493551787963, 0.5720264221842615]",-1,0
2872,[0.73410695 0.52047565],0,3,"[0.7033493551787963, 0.5720264221842615]",-1,0
2873,[0.76095588 0.53462577],0,3,"[0.7033493551787963, 0.5720264221842615]",-1,0
2874,[0.78855296 0.64271186],0,-1,-1,28,0
2875,[0.40549177 0.55164541],2,-1,-1,227,-1
2876,[0.23199754 0.51737603],1,-1,-1,-1,-1
2877,[0.36098222 0.68603521],2,2,"[0.36772318180773494, 0.7148766969481398]",-1,-1
2878,[0.2774296  0.59206161],1,0,"[0.27872464766475324, 0.6037969263876968]",315,-1
2879,[0.71979185 0.46019721],0,-1,-1,-1,0
2880,[0.32454915 0.42826294],3,-1,-1,210,-1
2881,[0.68308727 0.55972941],0,3,"[0.7033493551787963, 0.5720264221842615]",164,0
2882,[0.68220685 0.60181387],0,3,"[0.7033493551787963, 0.5720264221842615]",174,0
2883,[0.37116552 0.35955819],3,-1,-1,-1,-1
2884,[0.45377036 0.43679522],3,1,"[0.39058119958388665, 0.45374655865984675]",-1,-1
2885,[0.6591372  0.46329027],0,-1,-1,-1,0
2886,[0.30242694 0.63537976],2,0,"[0.27872464766475324, 0.6037969263876968]",359,-1
2887,[0.32002445 0.40982597],2,-1,-1,214,-1
2888,[0.19998867 0.70733149],1,-1,-1,-1,-1
2889,[0.25973341 0.61778137],1,0,"[0.27872464766475324, 0.6037969263876968]",345,-1
2890,[0.36093546 0.45709579],2,1,"[0.39058119958388665, 0.45374655865984675]",300,-1
2891,[0.25526766 0.56312015],2,0,"[0.27872464766475324, 0.6037969263876968]",240,-1
2892,[0.36773243 0.72517319],1,2,"[0.36772318180773494, 0.7148766969481398]",326,-1
2893,[0.379938   0.51626108],3,1,"[0.39058119958388665, 0.45374655865984675]",246,-1
2894,[0.46547247 0.71432432],1,-1,-1,30,-1
2895,[0.36251319 0.36312475],3,-1,-1,260,-1
2896,[0.36159362 0.70858408],1,2,"[0.36772318180773494, 0.7148766969481398]",326,-1
2897,[0.70389085 0.4949711 ],0,-1,-1,148,0
2898,[0.3386662 0.5752313],2,0,"[0.27872464766475324, 0.6037969263876968]",353,-1
2899,[0.4242574  0.64894759],1,-1,-1,175,-1
2900,[0.61439803 0.48262271],0,-1,-1,-1,0
2901,[0.31637669 0.58292578],1,0,"[0.27872464766475324, 0.6037969263876968]",374,-1
2902,[0.32226061 0.77065875],1,-1,-1,323,-1
2903,[0.2599759  0.34063279],3,-1,-1,-1,-1
2904,[0.47373509 0.76312182],1,-1,-1,-1,-1
2905,[0.291364   0.59415772],2,0,"[0.27872464766475324, 0.6037969263876968]",-1,-1
2906,[0.40729733 0.74521109],1,2,"[0.36772318180773494, 0.7148766969481398]",307,-1
2907,[0.37103127 0.80795315],1,-1,-1,-1,-1
2908,[0.21431289 0.58790687],2,0,"[0.27872464766475324, 0.6037969263876968]",211,-1
2909,[0.4307464  0.71838516],1,2,"[0.36772318180773494, 0.7148766969481398]",-1,-1
2910,[0.68285508 0.51384041],0,3,"[0.7033493551787963, 0.5720264221842615]",-1,0
2911,[0.19520189 0.56795281],2,-1,-1,75,-1
2912,[0.81312193 0.63849898],0,-1,-1,-1,0
2913,[0.35441275 0.60706178],2,-1,-1,-1,-1
2914,[0.43603173 0.64618935],1,-1,-1,175,-1
2915,[0.3169475  0.44613629],3,-1,-1,-1,-1
2916,[0.41885505 0.30034455],3,-1,-1,-1,-1
2917,[0.30538115 0.58932012],2,0,"[0.27872464766475324, 0.6037969263876968]",338,-1
2918,[0.30793719 0.80175264],1,-1,-1,203,-1
2919,[0.40389135 0.42937501],2,1,"[0.39058119958388665, 0.45374655865984675]",266,1
2920,[0.31771188 0.49058189],2,-1,-1,303,-1
2921,[0.32643351 0.68102991],1,2,"[0.36772318180773494, 0.7148766969481398]",385,3
2922,[0.34140816 0.78469153],1,-1,-1,249,-1
2923,[0.44711193 0.59832595],1,-1,-1,182,-1
2924,[0.54267161 0.38400534],3,-1,-1,-1,-1
2925,[0.18629779 0.84521892],1,-1,-1,-1,-1
2926,[0.56069919 0.57371026],0,-1,-1,61,0
2927,[0.35975692 0.56142306],3,-1,-1,342,-1
2928,[0.29234127 0.79390928],1,-1,-1,145,-1
2929,[0.49403474 0.46352431],3,-1,-1,-1,-1
2930,[0.35808249 0.50473963],3,1,"[0.39058119958388665, 0.45374655865984675]",-1,-1
2931,[0.30632892 0.72669361],1,2,"[0.36772318180773494, 0.7148766969481398]",-1,-1
2932,[0.24507485 0.62959326],2,0,"[0.27872464766475324, 0.6037969263876968]",-1,-1
2933,[0.38757365 0.73495071],1,2,"[0.36772318180773494, 0.7148766969481398]",306,-1
2934,[0.2192615  0.82557799],1,-1,-1,19,-1
2935,[0.34538017 0.54465024],3,-1,-1,319,-1
2936,[0.76713342 0.53917395],0,-1,-1,-1,0
2937,[0.39005858 0.52302591],3,1,"[0.39058119958388665, 0.45374655865984675]",-1,-1
2938,[0.68537532 0.60647244],0,3,"[0.7033493551787963, 0.5720264221842615]",-1,0
2939,[0.43834005 0.52562272],3,-1,-1,-1,-1
2940,[0.40124764 0.71122634],1,2,"[0.36772318180773494, 0.7148766969481398]",-1,-1
2941,[0.4138431  0.41587062],3,1,"[0.39058119958388665, 0.45374655865984675]",287,1
2942,[0.11032253 0.71125552],2,-1,-1,-1,-1
2943,[0.41939359 0.73726116],1,2,"[0.36772318180773494, 0.7148766969481398]",307,-1
2944,[0.20705317 0.70066296],1,-1,-1,212,-1
2945,[0.71998925 0.64981506],0,-1,-1,98,0
2946,[0.35715862 0.75261725],1,2,"[0.36772318180773494, 0.7148766969481398]",-1,-1
2947,[0.25459877 0.65324377],1,0,"[0.27872464766475324, 0.6037969263876968]",328,-1
2948,[0.31734592 0.38962154],3,-1,-1,165,-1
2949,[0.35968571 0.5507731 ],2,-1,-1,334,-1
2950,[0.29892115 0.55985854],2,0,"[0.27872464766475324, 0.6037969263876968]",-1,-1
2951,[0.53130742 0.69205509],1,-1,-1,-1,-1
2952,[0.84623054 0.62799786],0,-1,-1,0,0
2953,[0.69093889 0.49584695],0,-1,-1,-1,0
2954,[0.65836059 0.64535385],0,-1,-1,-1,0
2955,[0.66279051 0.77120711],0,-1,-1,-1,-1
2956,[0.43001564 0.48730921],3,1,"[0.39058119958388665, 0.45374655865984675]",-1,-1
2957,[0.50888995 0.34616124],3,-1,-1,-1,-1
2958,[0.35429123 0.71325175],2,2,"[0.36772318180773494, 0.7148766969481398]",326,-1
2959,[0.26865591 0.87333325],1,-1,-1,-1,-1
2960,[0.36194706 0.58360221],1,-1,-1,356,2
2961,[0.74128041 0.5044179 ],0,-1,-1,100,0
2962,[0.33780697 0.47774831],2,1,"[0.39058119958388665, 0.45374655865984675]",-1,-1
2963,[0.25886439 0.83362111],1,-1,-1,-1,-1
2964,[0.40400594 0.32024524],3,-1,-1,-1,-1
2965,[0.21693871 0.45109143],3,-1,-1,-1,-1
2966,[0.68466146 0.52265775],0,3,"[0.7033493551787963, 0.5720264221842615]",146,0
2967,[0.32592396 0.53402043],2,-1,-1,343,-1
2968,[0.34209004 0.68958757],1,2,"[0.36772318180773494, 0.7148766969481398]",385,-1
2969,[0.2382326 0.4832176],2,-1,-1,-1,-1
2970,[0.45430534 0.37091575],3,-1,-1,-1,1
2971,[0.20336148 0.73974888],1,-1,-1,-1,-1
2972,[0.39998483 0.49758812],3,1,"[0.39058119958388665, 0.45374655865984675]",274,1
2973,[0.42423277 0.73591303],1,2,"[0.36772318180773494, 0.7148766969481398]",307,-1
2974,[0.72583081 0.62431057],0,3,"[0.7033493551787963, 0.5720264221842615]",98,0
2975,[0.39902233 0.72388824],1,2,"[0.36772318180773494, 0.7148766969481398]",261,-1
2976,[0.2868391  0.65632712],2,0,"[0.27872464766475324, 0.6037969263876968]",-1,-1
2977,[0.1173872  0.57262894],2,-1,-1,-1,-1
2978,[0.64807859 0.55793728],0,3,"[0.7033493551787963, 0.5720264221842615]",137,0
2979,[0.56014537 0.65402841],0,-1,-1,-1,0
2980,[0.18873192 0.54354574],2,-1,-1,72,-1
2981,[0.29175252 0.39512074],3,-1,-1,194,-1
2982,[0.22505185 0.6495009 ],1,-1,-1,-1,-1
2983,[0.37339729 0.73704109],1,2,"[0.36772318180773494, 0.7148766969481398]",321,-1
2984,[0.22091228 0.58144363],2,0,"[0.27872464766475324, 0.6037969263876968]",-1,-1
2985,[0.36982614 0.4926716 ],2,1,"[0.39058119958388665, 0.45374655865984675]",244,-1
2986,[0.27886097 0.68054369],2,-1,-1,-1,-1
2987,[0.62865914 0.59623123],0,-1,-1,158,0
2988,[0.32050359 0.65535661],1,0,"[0.27872464766475324, 0.6037969263876968]",369,-1
2989,[0.47981058 0.4280551 ],3,-1,-1,-1,1
2990,[0.49293145 0.82570809],1,-1,-1,-1,-1
2991,[0.35381457 0.78719186],1,-1,-1,-1,-1
2992,[0.29038603 0.64997594],2,0,"[0.27872464766475324, 0.6037969263876968]",-1,-1
2993,[0.23679873 0.31470118],3,-1,-1,-1,-1
2994,[0.36243225 0.64209469],2,-1,-1,380,4
2995,[0.3234961  0.66338495],2,2,"[0.36772318180773494, 0.7148766969481398]",-1,-1
2996,[0.47736012 0.82305469],1,-1,-1,-1,-1
2997,[0.29410226 0.53620542],1,0,"[0.27872464766475324, 0.6037969263876968]",-1,-1
2998,[0.422826   0.48739488],3,1,"[0.39058119958388665, 0.45374655865984675]",-1,-1
2999,[0.55473865 0.49310694],3,-1,-1,-1,-1
3000,[0.37952629 0.60030243],3,-1,-1,363,-1
3001,[0.78228607 0.62409438],0,-1,-1,-1,0
3002,[0.70625594 0.58536194],0,3,"[0.7033493551787963, 0.5720264221842615]",122,0
3003,[0.22519241 0.6004516 ],2,0,"[0.27872464766475324, 0.6037969263876968]",211,-1
3004,[0.31512239 0.60288775],2,0,"[0.27872464766475324, 0.6037969263876968]",-1,-1
3005,[0.31522234 0.67149711],1,2,"[0.36772318180773494, 0.7148766969481398]",-1,3
3006,[0.60138563 0.597817  ],0,-1,-1,111,0
3007,[0.5951672  0.46882368],0,-1,-1,-1,0
3008,[0.46855444 0.79448701],1,-1,-1,-1,-1
3009,[0.370757   0.36157762],3,-1,-1,-1,-1
3010,[0.2201026  0.65913658],2,-1,-1,-1,-1
3011,[0.36381148 0.39710274],3,1,"[0.39058119958388665, 0.45374655865984675]",-1,-1
3012,[0.27076083 0.62281276],2,0,"[0.27872464766475324, 0.6037969263876968]",-1,-1
3013,[0.36526549 0.37816104],3,-1,-1,-1,1
3014,[0.76547209 0.35101684],0,-1,-1,-1,-1
3015,[0.38844842 0.64320633],1,-1,-1,355,-1
3016,[0.37517707 0.58997768],1,-1,-1,362,2
3017,[0.18332703 0.60624635],1,-1,-1,-1,-1
3018,[0.25091951 0.86791071],1,-1,-1,-1,-1
3019,[0.43779977 0.65838742],1,-1,-1,-1,-1
3020,[0.46963061 0.34679202],3,-1,-1,198,-1
3021,[0.82267053 0.40183194],0,-1,-1,-1,-1
3022,[0.15815593 0.62881902],1,-1,-1,-1,-1
3023,[0.71264199 0.57277972],0,3,"[0.7033493551787963, 0.5720264221842615]",126,0
3024,[0.3830186  0.47458623],2,1,"[0.39058119958388665, 0.45374655865984675]",257,1
3025,[0.38537423 0.69734824],1,2,"[0.36772318180773494, 0.7148766969481398]",-1,-1
3026,[0.31264307 0.72079555],1,2,"[0.36772318180773494, 0.7148766969481398]",-1,-1
3027,[0.35337954 0.71125245],1,2,"[0.36772318180773494, 0.7148766969481398]",326,-1
3028,[0.34664386 0.75115815],1,2,"[0.36772318180773494, 0.7148766969481398]",325,-1
3029,[0.42896601 0.43908216],3,1,"[0.39058119958388665, 0.45374655865984675]",-1,1
3030,[0.27247173 0.67495365],2,-1,-1,-1,-1
3031,[0.64683436 0.45761704],0,-1,-1,-1,0
3032,[0.4485842  0.50129697],3,-1,-1,-1,-1
3033,[0.2645873  0.50330371],2,-1,-1,-1,-1
3034,[0.73318956 0.60739085],0,3,"[0.7033493551787963, 0.5720264221842615]",-1,0
3035,[0.74795979 0.50233387],0,-1,-1,-1,0
3036,[0.17076288 0.6956151 ],1,-1,-1,-1,-1
3037,[0.71101263 0.54606175],0,3,"[0.7033493551787963, 0.5720264221842615]",130,0
3038,[0.26001861 0.74974071],1,-1,-1,291,-1
3039,[0.37093458 0.79911939],1,-1,-1,178,-1
3040,[0.40548663 0.80429142],1,-1,-1,136,-1
3041,[0.30920847 0.48587753],3,-1,-1,303,-1
3042,[0.68901258 0.64550057],0,-1,-1,134,0
3043,[0.83950819 0.57719076],0,-1,-1,8,0
3044,[0.30067402 0.39790422],3,-1,-1,194,-1
3045,[0.73405956 0.45875201],0,-1,-1,82,0
3046,[0.24393734 0.69367778],1,-1,-1,226,-1
3047,[0.290535   0.39742892],3,-1,-1,194,-1
3048,[0.73342216 0.48250103],0,-1,-1,-1,0
3049,[0.40238142 0.39596473],3,1,"[0.39058119958388665, 0.45374655865984675]",289,1
3050,[0.32337697 0.46039373],2,1,"[0.39058119958388665, 0.45374655865984675]",234,-1
3051,[0.23846078 0.73068381],1,-1,-1,224,-1
3052,[0.46104909 0.64018953],1,-1,-1,-1,-1
3053,[0.31992996 0.49946088],2,-1,-1,305,-1
3054,[0.38398161 0.64556243],2,-1,-1,-1,-1
3055,[0.40840047 0.7227759 ],1,2,"[0.36772318180773494, 0.7148766969481398]",261,-1
3056,[0.29575466 0.70324365],1,-1,-1,-1,-1
3057,[0.19924078 0.6382132 ],2,-1,-1,-1,-1
3058,[0.38458642 0.67298461],1,2,"[0.36772318180773494, 0.7148766969481398]",387,-1
3059,[0.51161312 0.42311094],3,-1,-1,-1,-1
3060,[0.33350995 0.48949009],2,1,"[0.39058119958388665, 0.45374655865984675]",302,-1
3061,[0.50779364 0.46115895],0,-1,-1,113,-1
3062,[0.45979474 0.41120775],3,-1,-1,265,-1
3063,[0.4026377  0.70240365],1,2,"[0.36772318180773494, 0.7148766969481398]",314,-1
3064,[0.53337464 0.53286115],3,-1,-1,31,0
3065,[0.28188182 0.63887234],2,0,"[0.27872464766475324, 0.6037969263876968]",365,-1
3066,[0.56524066 0.74953188],0,-1,-1,-1,-1
3067,[0.75726737 0.64548159],0,-1,-1,95,0
3068,[0.3897368 0.7513071],1,2,"[0.36772318180773494, 0.7148766969481398]",-1,-1
3069,[0.36107548 0.35850583],3,-1,-1,260,-1
3070,[0.33400445 0.46251676],2,1,"[0.39058119958388665, 0.45374655865984675]",234,-1
3071,[0.56015949 0.61373862],0,-1,-1,-1,0
3072,[0.45436883 0.35357762],3,-1,-1,254,-1
3073,[0.35867317 0.56616086],2,-1,-1,342,-1
3074,[0.49207711 0.37541165],3,-1,-1,-1,-1
3075,[0.48894218 0.49080419],0,-1,-1,205,-1
3076,[0.21240189 0.63137905],2,-1,-1,-1,-1
3077,[0.44030557 0.38900224],3,-1,-1,-1,1
3078,[0.2268186  0.52888633],2,-1,-1,-1,-1
3079,[0.32828605 0.40022676],3,-1,-1,214,-1
3080,[0.69225377 0.47503327],0,-1,-1,-1,0
3081,[0.390085   0.53762646],2,-1,-1,-1,-1
3082,[0.4803243  0.41498757],3,-1,-1,259,1
3083,[0.33045535 0.60704506],2,0,"[0.27872464766475324, 0.6037969263876968]",-1,2
3084,[0.30861597 0.46057639],2,-1,-1,-1,-1
3085,[0.19912129 0.57339346],2,-1,-1,75,-1
3086,[0.287237   0.68024754],1,-1,-1,361,-1
3087,[0.37555145 0.60155115],1,-1,-1,363,2
3088,[0.18112068 0.54783181],2,-1,-1,72,-1
3089,[0.58060678 0.56644008],0,-1,-1,-1,0
3090,[0.22238412 0.68387214],1,-1,-1,212,-1
3091,[0.40196347 0.43287399],3,1,"[0.39058119958388665, 0.45374655865984675]",266,1
3092,[0.50164147 0.42665333],3,-1,-1,-1,-1
3093,[0.29236256 0.44988004],2,-1,-1,-1,-1
3094,[0.44622395 0.40735614],3,-1,-1,265,-1
3095,[0.37735532 0.37933632],3,-1,-1,282,1
3096,[0.26991317 0.78560412],1,-1,-1,-1,-1
3097,[0.71008041 0.52493971],0,3,"[0.7033493551787963, 0.5720264221842615]",-1,0
3098,[0.51846793 0.62584272],0,-1,-1,45,-1
3099,[0.30186165 0.76558229],1,-1,-1,-1,-1
3100,[0.11973533 0.79141273],1,-1,-1,-1,-1
3101,[0.26879636 0.76363939],1,-1,-1,-1,-1
3102,[0.73315242 0.49282258],0,-1,-1,-1,0
3103,[0.19805893 0.53543698],2,-1,-1,-1,-1
3104,[0.49405537 0.38882458],3,-1,-1,-1,-1
3105,[0.39846734 0.65169644],1,-1,-1,355,-1
3106,[0.30713295 0.74747615],1,2,"[0.36772318180773494, 0.7148766969481398]",324,-1
3107,[0.34119206 0.41480694],2,1,"[0.39058119958388665, 0.45374655865984675]",268,-1
3108,[0.78506151 0.64318987],0,-1,-1,28,0
3109,[0.63137986 0.63853947],0,-1,-1,102,0
3110,[0.32752551 0.41199436],3,-1,-1,214,-1
3111,[0.18608391 0.76785807],1,-1,-1,38,-1
3112,[0.18488017 0.48136685],2,-1,-1,-1,-1
3113,[0.3248566  0.56220085],2,0,"[0.27872464766475324, 0.6037969263876968]",348,2
3114,[0.3527486  0.57464999],2,-1,-1,356,2
3115,[0.33379494 0.76724405],1,2,"[0.36772318180773494, 0.7148766969481398]",-1,-1
3116,[0.79219919 0.45528706],0,-1,-1,6,0
3117,[0.30462591 0.8614749 ],1,-1,-1,-1,-1
3118,[0.31862228 0.7600902 ],1,2,"[0.36772318180773494, 0.7148766969481398]",-1,-1
3119,[0.2640701  0.63330136],2,0,"[0.27872464766475324, 0.6037969263876968]",-1,-1
3120,[0.30033015 0.64053246],2,0,"[0.27872464766475324, 0.6037969263876968]",359,-1
3121,[0.33789998 0.75535297],1,2,"[0.36772318180773494, 0.7148766969481398]",-1,-1
3122,[0.59999003 0.61544771],0,-1,-1,-1,0
3123,[0.38378143 0.29159665],3,-1,-1,36,-1
3124,[0.72802396 0.6492669 ],0,-1,-1,98,0
3125,[0.55245532 0.47468221],3,-1,-1,69,0
3126,[0.61414248 0.56042496],0,-1,-1,-1,0
3127,[0.4086643  0.37327358],3,-1,-1,-1,-1
3128,[0.31286217 0.66070592],2,0,"[0.27872464766475324, 0.6037969263876968]",-1,-1
3129,[0.24814208 0.64267801],1,0,"[0.27872464766475324, 0.6037969263876968]",-1,-1
3130,[0.37333318 0.63475927],2,-1,-1,379,-1
3131,[0.76981451 0.56812666],0,3,"[0.7033493551787963, 0.5720264221842615]",-1,0
3132,[0.53548258 0.3536582 ],3,-1,-1,-1,-1
3133,[0.52167102 0.45717941],3,-1,-1,113,-1
3134,[0.70682778 0.52328343],0,3,"[0.7033493551787963, 0.5720264221842615]",-1,0
3135,[0.62046998 0.71905379],0,-1,-1,-1,0
3136,[0.58833304 0.53494181],3,-1,-1,-1,0
3137,[0.70184447 0.46864415],0,-1,-1,-1,0
3138,[0.41324943 0.43734777],3,1,"[0.39058119958388665, 0.45374655865984675]",267,1
3139,[0.4968167  0.31424827],3,-1,-1,-1,-1
3140,[0.30718257 0.83781932],1,-1,-1,-1,-1
3141,[0.49893344 0.44606286],3,-1,-1,-1,-1
3142,[0.31528777 0.50285729],2,-1,-1,304,-1
3143,[0.50198919 0.26444769],3,-1,-1,-1,-1
3144,[0.37865165 0.67578036],1,2,"[0.36772318180773494, 0.7148766969481398]",387,-1
3145,[0.69074241 0.64345705],0,-1,-1,-1,0
3146,[0.56969352 0.63684912],0,-1,-1,35,0
3147,[0.40839644 0.47625758],3,1,"[0.39058119958388665, 0.45374655865984675]",270,1
3148,[0.33817851 0.56164556],2,-1,-1,347,-1
3149,[0.31953352 0.64840969],2,0,"[0.27872464766475324, 0.6037969263876968]",-1,-1
3150,[0.67213254 0.4192102 ],0,-1,-1,40,0
3151,[0.34076126 0.80505659],1,-1,-1,200,-1
3152,[0.39054177 0.8152718 ],1,-1,-1,-1,-1
3153,[0.16788862 0.55348257],2,-1,-1,-1,-1
3154,[0.32538758 0.71164194],1,2,"[0.36772318180773494, 0.7148766969481398]",-1,-1
3155,[0.65799535 0.49870716],0,-1,-1,-1,0
3156,[0.47280027 0.45210112],3,-1,-1,243,-1
3157,[0.6735625  0.70299479],0,-1,-1,51,0
3158,[0.26015317 0.60702516],2,0,"[0.27872464766475324, 0.6037969263876968]",-1,-1
3159,[0.35927075 0.62852795],1,-1,-1,379,-1
3160,[0.35544439 0.65140426],3,2,"[0.36772318180773494, 0.7148766969481398]",377,4
3161,[0.34636522 0.43896689],2,1,"[0.39058119958388665, 0.45374655865984675]",216,1
3162,[0.41584051 0.48236658],3,1,"[0.39058119958388665, 0.45374655865984675]",-1,-1
3163,[0.51855977 0.40108034],3,-1,-1,-1,-1
3164,[0.6117445 0.4712239],0,-1,-1,-1,0
3165,[0.76316566 0.52206391],0,-1,-1,-1,0
3166,[0.70545084 0.57471479],0,3,"[0.7033493551787963, 0.5720264221842615]",122,0
3167,[0.562075   0.60342444],0,-1,-1,-1,0
3168,[0.38140538 0.53212817],3,-1,-1,280,-1
3169,[0.33699031 0.73608747],1,2,"[0.36772318180773494, 0.7148766969481398]",326,-1
3170,[0.31783316 0.61109912],2,0,"[0.27872464766475324, 0.6037969263876968]",382,-1
3171,[0.51964588 0.83692631],1,-1,-1,-1,-1
3172,[0.50705724 0.19790954],3,-1,-1,-1,-1
3173,[0.3248637  0.79860701],1,-1,-1,203,-1
3174,[0.21515075 0.78410494],1,-1,-1,-1,-1
3175,[0.27447887 0.78319493],1,-1,-1,145,-1
3176,[0.5176772  0.48515337],3,-1,-1,96,-1
3177,[0.24425613 0.49420906],2,-1,-1,109,-1
3178,[0.35016019 0.84633012],1,-1,-1,-1,-1
3179,[0.71275878 0.49165889],0,-1,-1,-1,0
3180,[0.60661157 0.49410039],0,-1,-1,-1,0
3181,[0.24171646 0.68344079],2,-1,-1,-1,-1
3182,[0.48190756 0.32000627],3,-1,-1,-1,-1
3183,[0.34694386 0.80623778],1,-1,-1,-1,-1
3184,[0.41100183 0.67914093],2,2,"[0.36772318180773494, 0.7148766969481398]",-1,-1
3185,[0.66203875 0.8065631 ],0,-1,-1,-1,-1
3186,[0.31881553 0.5976838 ],1,0,"[0.27872464766475324, 0.6037969263876968]",373,2
3187,[0.26100798 0.83936708],1,-1,-1,-1,-1
3188,[0.61572439 0.61797481],0,-1,-1,123,0
3189,[0.35238442 0.41783996],3,1,"[0.39058119958388665, 0.45374655865984675]",268,1
3190,[0.64880752 0.58896638],0,3,"[0.7033493551787963, 0.5720264221842615]",-1,0
3191,[0.31297643 0.75687113],1,2,"[0.36772318180773494, 0.7148766969481398]",324,-1
3192,[0.54418205 0.47815431],3,-1,-1,69,-1
3193,[0.40422455 0.31633846],3,-1,-1,-1,-1
3194,[0.62266865 0.61254421],0,-1,-1,-1,0
3195,[0.46216162 0.35314543],3,-1,-1,254,-1
3196,[0.36441803 0.48226692],3,1,"[0.39058119958388665, 0.45374655865984675]",-1,-1
3197,[0.72651655 0.58534835],0,3,"[0.7033493551787963, 0.5720264221842615]",126,0
3198,[0.7442358  0.60764893],0,3,"[0.7033493551787963, 0.5720264221842615]",124,0
3199,[0.40526326 0.2911208 ],3,-1,-1,-1,-1
3200,[0.35008758 0.41403144],3,1,"[0.39058119958388665, 0.45374655865984675]",268,1
3201,[0.45816141 0.65091934],1,-1,-1,-1,-1
3202,[0.33949519 0.57538451],1,0,"[0.27872464766475324, 0.6037969263876968]",353,-1
3203,[0.6538785  0.48642756],0,-1,-1,147,0
3204,[0.2301483  0.79796186],2,-1,-1,29,-1
3205,[0.29804144 0.80159103],1,-1,-1,-1,-1
3206,[0.415554   0.44303125],3,1,"[0.39058119958388665, 0.45374655865984675]",-1,1
3207,[0.2257095  0.61364387],2,0,"[0.27872464766475324, 0.6037969263876968]",211,-1
3208,[0.50244231 0.43206361],3,-1,-1,-1,-1
3209,[0.28475777 0.57445667],2,0,"[0.27872464766475324, 0.6037969263876968]",337,-1
3210,[0.5798495  0.60391968],0,-1,-1,87,0
3211,[0.29492869 0.67239278],1,-1,-1,-1,-1
3212,[0.5510445  0.57319324],0,-1,-1,-1,0
3213,[0.3023019  0.49473946],3,-1,-1,303,-1
3214,[0.43792423 0.43810724],3,1,"[0.39058119958388665, 0.45374655865984675]",262,1
3215,[0.35214611 0.74581321],1,2,"[0.36772318180773494, 0.7148766969481398]",-1,-1
3216,[0.41328723 0.79619257],1,-1,-1,136,-1
3217,[0.29147285 0.39934213],3,-1,-1,194,-1
3218,[0.73657088 0.58371342],0,3,"[0.7033493551787963, 0.5720264221842615]",126,0
3219,[0.75503238 0.6292908 ],0,-1,-1,-1,0
3220,[0.64973474 0.64945124],0,-1,-1,-1,0
3221,[0.49695599 0.76553206],1,-1,-1,-1,-1
3222,[0.81749928 0.6003951 ],0,-1,-1,-1,0
3223,[0.4125902  0.65619293],2,-1,-1,-1,-1
3224,[0.37734426 0.74139574],1,2,"[0.36772318180773494, 0.7148766969481398]",-1,-1
3225,[0.27683787 0.7092935 ],1,-1,-1,390,-1
3226,[0.32240838 0.87242063],1,-1,-1,-1,-1
3227,[0.31959586 0.494103  ],3,-1,-1,-1,-1
3228,[0.27089064 0.56123813],2,0,"[0.27872464766475324, 0.6037969263876968]",240,-1
3229,[0.66089583 0.60782225],0,3,"[0.7033493551787963, 0.5720264221842615]",-1,0
3230,[0.5484355  0.60815474],3,-1,-1,-1,0
3231,[0.54939104 0.53954029],0,-1,-1,-1,0
3232,[0.71458032 0.61492135],0,3,"[0.7033493551787963, 0.5720264221842615]",166,0
3233,[0.6273194  0.56554078],0,-1,-1,-1,0
3234,[0.5839845  0.30010165],3,-1,-1,-1,-1
3235,[0.21812533 0.62969883],2,0,"[0.27872464766475324, 0.6037969263876968]",-1,-1
3236,[0.79603037 0.56775989],0,-1,-1,70,0
3237,[0.49692156 0.65859821],2,-1,-1,17,-1
3238,[0.35584439 0.45219934],2,1,"[0.39058119958388665, 0.45374655865984675]",-1,-1
3239,[0.20589014 0.62322809],1,-1,-1,-1,-1
3240,[0.43018451 0.43172912],3,1,"[0.39058119958388665, 0.45374655865984675]",250,1
3241,[0.61318064 0.68998955],0,-1,-1,-1,0
3242,[0.42922932 0.56777954],2,-1,-1,185,-1
3243,[0.33244296 0.49333285],3,-1,-1,302,-1
3244,[0.5185367  0.49339805],3,-1,-1,96,-1
3245,[0.4745758  0.44330258],3,-1,-1,-1,-1
3246,[0.74339246 0.56465613],0,3,"[0.7033493551787963, 0.5720264221842615]",-1,0
3247,[0.313429   0.72627866],1,2,"[0.36772318180773494, 0.7148766969481398]",332,-1
3248,[0.70449846 0.57690423],0,3,"[0.7033493551787963, 0.5720264221842615]",-1,0
3249,[0.39494523 0.45808361],3,1,"[0.39058119958388665, 0.45374655865984675]",248,1
3250,[0.32994852 0.60399209],2,0,"[0.27872464766475324, 0.6037969263876968]",-1,2
3251,[0.52510654 0.51089866],0,-1,-1,-1,-1
3252,[0.70528279 0.5797796 ],0,3,"[0.7033493551787963, 0.5720264221842615]",122,0
3253,[0.38927226 0.67941594],1,2,"[0.36772318180773494, 0.7148766969481398]",387,-1
3254,[0.41722446 0.46360469],3,1,"[0.39058119958388665, 0.45374655865984675]",-1,1
3255,[0.54893544 0.40156188],3,-1,-1,-1,-1
3256,[0.2673733  0.58910437],2,0,"[0.27872464766475324, 0.6037969263876968]",318,-1
3257,[0.77522935 0.51258196],0,-1,-1,-1,0
3258,[0.66240937 0.4466833 ],0,-1,-1,-1,0
3259,[0.42831647 0.71987581],2,2,"[0.36772318180773494, 0.7148766969481398]",-1,-1
3260,[0.40786743 0.48231851],3,1,"[0.39058119958388665, 0.45374655865984675]",270,1
3261,[0.46141433 0.25678879],3,-1,-1,10,-1
3262,[0.68782443 0.51837596],0,3,"[0.7033493551787963, 0.5720264221842615]",146,0
3263,[0.70779828 0.55143353],0,3,"[0.7033493551787963, 0.5720264221842615]",130,0
3264,[0.70165297 0.42073107],0,-1,-1,-1,0
3265,[0.18042822 0.59161003],1,-1,-1,58,-1
3266,[0.29672265 0.83480334],1,-1,-1,133,-1
3267,[0.37616698 0.65236287],2,2,"[0.36772318180773494, 0.7148766969481398]",-1,-1
3268,[0.41948139 0.36558931],3,-1,-1,278,-1
3269,[0.60153312 0.57010079],0,-1,-1,-1,0
3270,[0.40738727 0.44458522],3,1,"[0.39058119958388665, 0.45374655865984675]",258,1
3271,[0.68016294 0.5599485 ],0,3,"[0.7033493551787963, 0.5720264221842615]",164,0
3272,[0.41443693 0.77835122],1,-1,-1,136,-1
3273,[0.28031226 0.38721099],3,-1,-1,-1,-1
3274,[0.63611209 0.53672317],0,-1,-1,-1,0
3275,[0.30008954 0.34649734],3,-1,-1,-1,-1
3276,[0.25545731 0.57329159],2,0,"[0.27872464766475324, 0.6037969263876968]",318,-1
3277,[0.27760411 0.75397198],1,-1,-1,-1,-1
3278,[0.70776754 0.58534466],0,3,"[0.7033493551787963, 0.5720264221842615]",122,0
3279,[0.700475   0.60746011],0,3,"[0.7033493551787963, 0.5720264221842615]",167,0
3280,[0.7655038  0.76965204],0,-1,-1,-1,-1
3281,[0.39698477 0.48612905],3,1,"[0.39058119958388665, 0.45374655865984675]",-1,1
3282,[0.31306672 0.74857088],1,2,"[0.36772318180773494, 0.7148766969481398]",324,-1
3283,[0.40563401 0.34738409],3,-1,-1,209,-1
3284,[0.79251737 0.57117194],0,-1,-1,70,0
3285,[0.29252068 0.70209869],1,-1,-1,389,-1
3286,[0.49211319 0.31035118],3,-1,-1,53,-1
3287,[0.22834873 0.56216036],2,0,"[0.27872464766475324, 0.6037969263876968]",-1,-1
3288,[0.40462643 0.74459422],1,2,"[0.36772318180773494, 0.7148766969481398]",307,-1
3289,[0.78844586 0.62654278],0,-1,-1,-1,0
3290,[0.36422387 0.80002636],1,-1,-1,178,-1
3291,[0.35358327 0.58726175],2,-1,-1,-1,-1
3292,[0.41479112 0.8015492 ],1,-1,-1,-1,-1
3293,[0.51438509 0.38791332],3,-1,-1,-1,-1
3294,[0.35420065 0.8085519 ],1,-1,-1,-1,-1
3295,[0.16801714 0.56305188],2,-1,-1,-1,-1
3296,[0.65171732 0.47667659],0,-1,-1,147,0
3297,[0.67299166 0.53103832],0,3,"[0.7033493551787963, 0.5720264221842615]",160,0
3298,[0.31885325 0.80277966],1,-1,-1,203,-1
3299,[0.3127123  0.80181375],1,-1,-1,203,-1
3300,[0.47442877 0.30695208],3,-1,-1,53,-1
3301,[0.7334506  0.68310736],0,-1,-1,41,0
3302,[0.62658537 0.42356503],3,-1,-1,-1,0
3303,[0.27613899 0.51642552],2,-1,-1,296,-1
3304,[0.28481725 0.63835399],1,0,"[0.27872464766475324, 0.6037969263876968]",365,-1
3305,[0.2186209  0.48973633],2,-1,-1,-1,-1
3306,[0.45115607 0.48718475],3,1,"[0.39058119958388665, 0.45374655865984675]",-1,-1
3307,[0.63804958 0.58533902],0,3,"[0.7033493551787963, 0.5720264221842615]",-1,0
3308,[0.48322762 0.37820477],3,-1,-1,-1,-1
3309,[0.55398001 0.3920028 ],3,-1,-1,-1,-1
3310,[0.25756082 0.72524669],1,-1,-1,193,-1
3311,[0.36063641 0.64804364],3,2,"[0.36772318180773494, 0.7148766969481398]",-1,4
3312,[0.73768335 0.50271724],0,-1,-1,-1,0
3313,[0.32156436 0.50845193],2,-1,-1,304,-1
3314,[0.29947577 0.57434651],2,0,"[0.27872464766475324, 0.6037969263876968]",-1,-1
3315,[0.32010339 0.54692403],2,-1,-1,348,-1
3316,[0.41614793 0.69223343],1,2,"[0.36772318180773494, 0.7148766969481398]",261,-1
3317,[0.68860158 0.61081314],0,3,"[0.7033493551787963, 0.5720264221842615]",-1,0
3318,[0.69075771 0.54874735],0,3,"[0.7033493551787963, 0.5720264221842615]",163,0
3319,[0.26486998 0.68206347],2,-1,-1,381,-1
3320,[0.35837389 0.42286064],3,1,"[0.39058119958388665, 0.45374655865984675]",-1,1
3321,[0.3450812 0.4182165],3,1,"[0.39058119958388665, 0.45374655865984675]",268,1
3322,[0.23644187 0.66567916],1,-1,-1,330,-1
3323,[0.35857469 0.38199132],3,-1,-1,251,-1
3324,[0.80532426 0.67300144],0,-1,-1,-1,0
3325,[0.41001718 0.41450992],3,1,"[0.39058119958388665, 0.45374655865984675]",287,1
3326,[0.68211678 0.49526175],0,-1,-1,149,0
3327,[0.62804517 0.43677898],0,-1,-1,-1,0
3328,[0.34418027 0.74960133],1,2,"[0.36772318180773494, 0.7148766969481398]",-1,-1
3329,[0.33624799 0.62958955],2,0,"[0.27872464766475324, 0.6037969263876968]",-1,-1
3330,[0.37204656 0.54262771],1,-1,-1,310,-1
3331,[0.66362045 0.64012509],0,-1,-1,110,0
3332,[0.16830508 0.62766635],2,-1,-1,-1,-1
3333,[0.71841848 0.58002914],0,3,"[0.7033493551787963, 0.5720264221842615]",-1,0
3334,[0.4875827  0.44999403],3,-1,-1,-1,-1
3335,[0.50147778 0.42099731],3,-1,-1,-1,-1
3336,[0.36771623 0.68317106],2,2,"[0.36772318180773494, 0.7148766969481398]",388,-1
3337,[0.42163001 0.62392172],3,-1,-1,197,-1
3338,[0.43980052 0.28968071],3,-1,-1,-1,-1
3339,[0.58373442 0.59826601],0,-1,-1,-1,0
3340,[0.30512737 0.42243658],3,-1,-1,-1,-1
3341,[0.29017404 0.59591141],1,0,"[0.27872464766475324, 0.6037969263876968]",-1,-1
3342,[0.70529279 0.43443821],0,-1,-1,-1,0
3343,[0.35223546 0.36676937],3,-1,-1,-1,-1
3344,[0.35849633 0.3791939 ],3,-1,-1,-1,-1
3345,[0.45547916 0.72169743],1,-1,-1,-1,-1
3346,[0.74181573 0.55323787],0,3,"[0.7033493551787963, 0.5720264221842615]",-1,0
3347,[0.58639662 0.55943823],0,-1,-1,-1,0
3348,[0.35539888 0.31938127],3,-1,-1,-1,-1
3349,[0.60086883 0.41033503],3,-1,-1,12,-1
3350,[0.67809014 0.48195825],0,-1,-1,120,0
3351,[0.29253591 0.51401212],2,-1,-1,-1,-1
3352,[0.48666384 0.47450786],3,-1,-1,-1,-1
3353,[0.66947658 0.58413787],0,3,"[0.7033493551787963, 0.5720264221842615]",-1,0
3354,[0.22712665 0.66446303],2,-1,-1,330,-1
3355,[0.32610769 0.67628836],1,2,"[0.36772318180773494, 0.7148766969481398]",385,-1
3356,[0.7717806  0.54917542],0,-1,-1,92,0
3357,[0.19771855 0.59328199],2,-1,-1,199,-1
3358,[0.34806593 0.54386003],2,-1,-1,319,-1
3359,[0.40437044 0.60708032],2,-1,-1,218,-1
3360,[0.40438287 0.53604301],3,-1,-1,229,-1
3361,[0.23368885 0.46225693],3,-1,-1,108,-1
3362,[0.33446602 0.80933561],1,-1,-1,202,-1
3363,[0.22307673 0.66352453],1,-1,-1,-1,-1
3364,[0.69121716 0.58635248],0,3,"[0.7033493551787963, 0.5720264221842615]",-1,0
3365,[0.4666714  0.41510397],3,-1,-1,-1,1
3366,[0.67155229 0.63058451],0,3,"[0.7033493551787963, 0.5720264221842615]",-1,0
3367,[0.40782398 0.22796077],3,-1,-1,-1,-1
3368,[0.36438014 0.24973961],3,-1,-1,-1,-1
3369,[0.30458747 0.52900796],2,-1,-1,-1,-1
3370,[0.39901291 0.57683553],2,-1,-1,269,-1
3371,[0.56779421 0.68196011],0,-1,-1,-1,0
3372,[0.47217863 0.67659751],1,-1,-1,-1,-1
3373,[0.45723044 0.51015115],3,-1,-1,220,-1
3374,[0.34569672 0.79951132],1,-1,-1,200,-1
3375,[0.78174002 0.6400916 ],0,-1,-1,28,0
3376,[0.44272335 0.63249076],1,-1,-1,-1,-1
3377,[0.33726869 0.45009269],3,1,"[0.39058119958388665, 0.45374655865984675]",233,-1
3378,[0.67473246 0.55318816],0,3,"[0.7033493551787963, 0.5720264221842615]",164,0
3379,[0.63831112 0.59450715],0,3,"[0.7033493551787963, 0.5720264221842615]",-1,0
3380,[0.42718941 0.79587524],1,-1,-1,85,-1
3381,[0.37529075 0.74771506],1,2,"[0.36772318180773494, 0.7148766969481398]",321,-1
3382,[0.47633481 0.51155699],3,-1,-1,191,-1
3383,[0.35657418 0.28069018],3,-1,-1,-1,-1
3384,[0.70094785 0.49369547],0,-1,-1,148,0
3385,[0.65408565 0.48620882],0,-1,-1,147,0
3386,[0.33989201 0.69200201],1,2,"[0.36772318180773494, 0.7148766969481398]",385,-1
3387,[0.81463446 0.61122525],0,-1,-1,27,0
3388,[0.73370675 0.46011122],0,-1,-1,82,0
3389,[0.39027171 0.49618382],2,1,"[0.39058119958388665, 0.45374655865984675]",-1,1
3390,[0.2757127  0.60183001],2,0,"[0.27872464766475324, 0.6037969263876968]",315,-1
3391,[0.83448223 0.52466475],0,-1,-1,-1,0
3392,[0.43795039 0.83097096],1,-1,-1,-1,-1
3393,[0.39662244 0.31005709],3,-1,-1,-1,-1
3394,[0.3200437  0.74808687],1,2,"[0.36772318180773494, 0.7148766969481398]",-1,-1
3395,[0.35718832 0.76954192],1,2,"[0.36772318180773494, 0.7148766969481398]",192,-1
3396,[0.27030813 0.63251135],2,0,"[0.27872464766475324, 0.6037969263876968]",-1,-1
3397,[0.31818829 0.4187039 ],2,-1,-1,-1,-1
3398,[0.18199708 0.70278586],1,-1,-1,-1,-1
3399,[0.24466799 0.56526343],1,0,"[0.27872464766475324, 0.6037969263876968]",-1,-1
3400,[0.42088686 0.84728082],1,-1,-1,-1,-1
3401,[0.26274418 0.53879302],2,0,"[0.27872464766475324, 0.6037969263876968]",-1,-1
3402,[0.22879038 0.46520763],2,-1,-1,-1,-1
3403,[0.24024204 0.52153009],2,-1,-1,201,-1
3404,[0.38229193 0.73169046],1,2,"[0.36772318180773494, 0.7148766969481398]",-1,-1
3405,[0.40577729 0.26949132],3,-1,-1,-1,-1
3406,[0.38340147 0.67119361],1,2,"[0.36772318180773494, 0.7148766969481398]",387,-1
3407,[0.40603422 0.48949243],2,1,"[0.39058119958388665, 0.45374655865984675]",-1,1
3408,[0.34924007 0.66833628],2,2,"[0.36772318180773494, 0.7148766969481398]",377,4
3409,[0.3338097  0.57334064],1,0,"[0.27872464766475324, 0.6037969263876968]",353,-1
3410,[0.3443721  0.54204239],2,-1,-1,319,-1
3411,[0.27782644 0.63737163],1,0,"[0.27872464766475324, 0.6037969263876968]",366,-1
3412,[0.49298984 0.55575506],2,-1,-1,-1,-1
3413,[0.69955371 0.60168838],0,3,"[0.7033493551787963, 0.5720264221842615]",167,0
3414,[0.25556331 0.62251389],1,0,"[0.27872464766475324, 0.6037969263876968]",-1,-1
3415,[0.24383961 0.69574852],1,-1,-1,226,-1
3416,[0.5024405  0.46601269],2,-1,-1,-1,-1
3417,[0.70058048 0.59966608],0,3,"[0.7033493551787963, 0.5720264221842615]",167,0
3418,[0.14228048 0.62482923],2,-1,-1,-1,-1
3419,[0.79501934 0.50953229],0,-1,-1,-1,0
3420,[0.69085139 0.44904658],0,-1,-1,-1,0
3421,[0.44351699 0.47546722],3,1,"[0.39058119958388665, 0.45374655865984675]",221,-1
3422,[0.34430056 0.4886995 ],3,1,"[0.39058119958388665, 0.45374655865984675]",-1,-1
3423,[0.43249156 0.41387114],3,1,"[0.39058119958388665, 0.45374655865984675]",275,-1
3424,[0.20852039 0.41913421],2,-1,-1,-1,-1
3425,[0.38625448 0.38982763],3,1,"[0.39058119958388665, 0.45374655865984675]",-1,1
3426,[0.31851884 0.39031917],2,-1,-1,165,-1
3427,[0.41485874 0.74122954],1,2,"[0.36772318180773494, 0.7148766969481398]",307,-1
3428,[0.64290742 0.58108229],0,3,"[0.7033493551787963, 0.5720264221842615]",-1,0
3429,[0.45359205 0.64873711],2,-1,-1,-1,-1
3430,[0.44332654 0.30440074],3,-1,-1,-1,-1
3431,[0.61163952 0.48787369],0,-1,-1,-1,0
3432,[0.3107841 0.7085109],2,2,"[0.36772318180773494, 0.7148766969481398]",394,-1
3433,[0.26843486 0.57406908],2,0,"[0.27872464766475324, 0.6037969263876968]",-1,-1
3434,[0.24671397 0.67883882],2,-1,-1,-1,-1
3435,[0.51199778 0.33403872],3,-1,-1,-1,-1
3436,[0.27914625 0.76277738],1,-1,-1,-1,-1
3437,[0.66104663 0.66033432],0,-1,-1,91,0
3438,[0.47394442 0.32780748],3,-1,-1,-1,-1
3439,[0.28811403 0.50786671],2,-1,-1,298,-1
3440,[0.4799848  0.36265237],3,-1,-1,179,-1
3441,[0.42312645 0.38320189],3,-1,-1,284,1
3442,[0.36090835 0.69771403],1,2,"[0.36772318180773494, 0.7148766969481398]",-1,-1
3443,[0.57894096 0.45635166],0,-1,-1,43,0
3444,[0.50866122 0.5568362 ],2,-1,-1,-1,-1
3445,[0.71874853 0.62128548],0,3,"[0.7033493551787963, 0.5720264221842615]",-1,0
3446,[0.34843955 0.66759955],2,2,"[0.36772318180773494, 0.7148766969481398]",377,4
3447,[0.65279846 0.34250851],0,-1,-1,-1,-1
3448,[0.46706335 0.6840932 ],1,-1,-1,89,-1
3449,[0.81099015 0.47819066],0,-1,-1,-1,0
3450,[0.29241195 0.73220563],1,-1,-1,293,-1
3451,[0.37738716 0.62381752],2,-1,-1,-1,-1
3452,[0.50025533 0.3850302 ],3,-1,-1,215,-1
3453,[0.53522024 0.46650715],0,-1,-1,-1,-1
3454,[0.5649585  0.25701559],3,-1,-1,-1,-1
3455,[0.34839196 0.63956645],2,-1,-1,346,-1
3456,[0.29415253 0.58058615],2,0,"[0.27872464766475324, 0.6037969263876968]",340,-1
3457,[0.35701334 0.5499925 ],2,-1,-1,334,-1
3458,[0.27969871 0.57970306],2,0,"[0.27872464766475324, 0.6037969263876968]",337,-1
3459,[0.40934255 0.38244686],3,-1,-1,272,1
3460,[0.20331758 0.70502615],1,-1,-1,-1,-1
3461,[0.68889504 0.40340806],0,-1,-1,22,0
3462,[0.49641299 0.22971224],3,-1,-1,-1,-1
3463,[0.40496665 0.42982869],3,1,"[0.39058119958388665, 0.45374655865984675]",266,1
3464,[0.44553417 0.58566696],2,-1,-1,-1,-1
3465,[0.31264992 0.76738588],2,-1,-1,324,-1
3466,[0.04553717 0.80378534],1,-1,-1,-1,-1
3467,[0.28790483 0.61660288],2,0,"[0.27872464766475324, 0.6037969263876968]",372,-1
3468,[0.53739767 0.59193459],0,-1,-1,-1,0
3469,[0.63272017 0.6301229 ],0,-1,-1,-1,0
3470,[0.72262974 0.49150882],0,-1,-1,-1,0
3471,[0.84084554 0.51312217],0,-1,-1,-1,0
3472,[0.16782178 0.63781338],2,-1,-1,52,-1
3473,[0.37568811 0.54099513],2,-1,-1,310,-1
3474,[0.43603401 0.72361662],1,2,"[0.36772318180773494, 0.7148766969481398]",-1,-1
3475,[0.69738656 0.49139546],0,-1,-1,148,0
3476,[0.34014038 0.60455386],2,0,"[0.27872464766475324, 0.6037969263876968]",393,-1
3477,[0.36067192 0.57439954],1,-1,-1,356,-1
3478,[0.39576747 0.72694858],1,2,"[0.36772318180773494, 0.7148766969481398]",261,-1
3479,[0.33362569 0.78288246],2,-1,-1,249,-1
3480,[0.35931758 0.61117194],2,-1,-1,-1,-1
3481,[0.43062231 0.38294658],3,-1,-1,-1,1
3482,[0.28564375 0.5995204 ],2,0,"[0.27872464766475324, 0.6037969263876968]",-1,-1
3483,[0.35829885 0.42583603],2,1,"[0.39058119958388665, 0.45374655865984675]",-1,1
3484,[0.40426693 0.72324002],1,2,"[0.36772318180773494, 0.7148766969481398]",261,-1
3485,[0.60783924 0.45217595],0,-1,-1,-1,0
3486,[0.17482081 0.61009328],2,-1,-1,-1,-1
3487,[0.34821698 0.66262339],2,2,"[0.36772318180773494, 0.7148766969481398]",377,4
3488,[0.48527111 0.29773042],3,-1,-1,53,-1
3489,[0.18292759 0.54650174],3,-1,-1,72,-1
3490,[0.56317257 0.57958252],0,-1,-1,-1,0
3491,[0.50393015 0.68194395],0,-1,-1,-1,-1
3492,[0.37205306 0.5777516 ],2,-1,-1,350,-1
3493,[0.30152716 0.63233035],2,0,"[0.27872464766475324, 0.6037969263876968]",359,-1
3494,[0.3544481  0.70851924],2,2,"[0.36772318180773494, 0.7148766969481398]",326,-1
3495,[0.86319193 0.515826  ],0,-1,-1,-1,0
3496,[0.28963374 0.79636918],1,-1,-1,-1,-1
3497,[0.47112058 0.43407994],3,-1,-1,-1,-1
3498,[0.55383199 0.34262591],3,-1,-1,57,-1
3499,[0.29335061 0.60692548],2,0,"[0.27872464766475324, 0.6037969263876968]",371,-1
3500,[0.40312287 0.53461106],2,-1,-1,229,-1
3501,[0.3854556  0.68580517],1,2,"[0.36772318180773494, 0.7148766969481398]",-1,-1
3502,[0.40832669 0.63931541],2,-1,-1,-1,-1
3503,[0.24949567 0.645206  ],1,0,"[0.27872464766475324, 0.6037969263876968]",-1,-1
3504,[0.60182296 0.58140291],0,-1,-1,111,0
3505,[0.31916847 0.63698026],2,0,"[0.27872464766475324, 0.6037969263876968]",-1,-1
3506,[0.26531504 0.69613112],1,-1,-1,381,-1
3507,[0.25127362 0.58109436],2,0,"[0.27872464766475324, 0.6037969263876968]",318,-1
3508,[0.42277229 0.23369132],3,-1,-1,-1,-1
3509,[0.35857349 0.73775257],1,2,"[0.36772318180773494, 0.7148766969481398]",-1,-1
3510,[0.36803192 0.68118272],1,2,"[0.36772318180773494, 0.7148766969481398]",388,-1
3511,[0.43445214 0.8426007 ],1,-1,-1,-1,-1
3512,[0.69737995 0.49630637],0,-1,-1,-1,0
3513,[0.44458851 0.4963816 ],2,1,"[0.39058119958388665, 0.45374655865984675]",-1,-1
3514,[0.46891191 0.65335701],2,-1,-1,-1,-1
3515,[0.28046597 0.78069277],1,-1,-1,145,-1
3516,[0.35813819 0.83166985],1,-1,-1,55,-1
3517,[0.35230803 0.50950328],3,1,"[0.39058119958388665, 0.45374655865984675]",-1,-1
3518,[0.50628361 0.52010024],3,-1,-1,127,-1
3519,[0.32651423 0.41612476],3,-1,-1,-1,-1
3520,[0.39456041 0.38594687],3,1,"[0.39058119958388665, 0.45374655865984675]",-1,1
3521,[0.54697636 0.42239624],3,-1,-1,47,-1
3522,[0.65561876 0.37328547],0,-1,-1,-1,0
3523,[0.82243879 0.57246526],0,-1,-1,-1,0
3524,[0.20702087 0.58689019],2,-1,-1,199,-1
3525,[0.7084651  0.35539107],0,-1,-1,-1,0
3526,[0.58222725 0.29486742],3,-1,-1,-1,-1
3527,[0.68422417 0.67332771],0,-1,-1,97,0
3528,[0.57283547 0.64972113],1,-1,-1,35,0
3529,[0.48840305 0.21197866],3,-1,-1,-1,-1
3530,[0.39143113 0.79767643],1,-1,-1,136,-1
3531,[0.26029673 0.45716938],2,-1,-1,-1,-1
3532,[0.33064556 0.69177938],2,2,"[0.36772318180773494, 0.7148766969481398]",385,3
3533,[0.83254832 0.56489391],0,-1,-1,-1,0
3534,[0.24400111 0.40846508],3,-1,-1,-1,-1
3535,[0.24774557 0.77533904],1,-1,-1,119,-1
3536,[0.35441253 0.66739353],1,2,"[0.36772318180773494, 0.7148766969481398]",377,4
3537,[0.30390906 0.63796097],1,0,"[0.27872464766475324, 0.6037969263876968]",359,-1
3538,[0.69859515 0.38066982],0,-1,-1,-1,0
3539,[0.33280917 0.48551345],3,1,"[0.39058119958388665, 0.45374655865984675]",302,-1
3540,[0.34907168 0.65674982],2,2,"[0.36772318180773494, 0.7148766969481398]",-1,4
3541,[0.23193687 0.56144579],2,0,"[0.27872464766475324, 0.6037969263876968]",181,-1
3542,[0.33640857 0.57074254],3,0,"[0.27872464766475324, 0.6037969263876968]",353,-1
3543,[0.70817393 0.55831817],0,3,"[0.7033493551787963, 0.5720264221842615]",130,0
3544,[0.27268312 0.65804971],2,0,"[0.27872464766475324, 0.6037969263876968]",-1,-1
3545,[0.30869763 0.76474217],1,-1,-1,324,-1
3546,[0.71854465 0.5658519 ],0,3,"[0.7033493551787963, 0.5720264221842615]",126,0
3547,[0.79475579 0.67300848],0,-1,-1,33,0
3548,[0.30761996 0.51720453],2,-1,-1,299,-1
3549,[0.28459063 0.73944342],1,-1,-1,-1,-1
3550,[0.65189088 0.60057608],0,3,"[0.7033493551787963, 0.5720264221842615]",171,0
3551,[0.31985658 0.70925642],1,2,"[0.36772318180773494, 0.7148766969481398]",-1,-1
3552,[0.49190768 0.50787856],3,-1,-1,180,-1
3553,[0.6352369  0.51551416],0,-1,-1,155,0
3554,[0.59414378 0.49533015],0,-1,-1,77,0
3555,[0.12621824 0.53654182],2,-1,-1,-1,-1
3556,[0.42150743 0.40214122],3,1,"[0.39058119958388665, 0.45374655865984675]",275,1
3557,[0.63080498 0.66287247],0,-1,-1,-1,0
3558,[0.8090611  0.54847126],0,-1,-1,-1,0
3559,[0.77149652 0.55732966],0,3,"[0.7033493551787963, 0.5720264221842615]",-1,0
3560,[0.38152889 0.77222864],2,2,"[0.36772318180773494, 0.7148766969481398]",188,-1
3561,[0.48161679 0.36692148],3,-1,-1,179,-1
3562,[0.3435791  0.38123878],3,-1,-1,-1,-1
3563,[0.24196012 0.71268302],1,-1,-1,225,-1
3564,[0.36464091 0.69819284],1,2,"[0.36772318180773494, 0.7148766969481398]",-1,-1
3565,[0.5601309  0.26965857],3,-1,-1,-1,-1
3566,[0.22643688 0.58788161],2,0,"[0.27872464766475324, 0.6037969263876968]",-1,-1
3567,[0.34455939 0.75990018],1,2,"[0.36772318180773494, 0.7148766969481398]",-1,-1
3568,[0.37800464 0.71868371],2,2,"[0.36772318180773494, 0.7148766969481398]",295,-1
3569,[0.29564793 0.60013968],1,0,"[0.27872464766475324, 0.6037969263876968]",-1,-1
3570,[0.48881259 0.43963537],3,-1,-1,-1,-1
3571,[0.45411009 0.35967775],3,-1,-1,-1,-1
3572,[0.34260999 0.47826539],2,1,"[0.39058119958388665, 0.45374655865984675]",-1,-1
3573,[0.46092647 0.42455246],3,-1,-1,253,-1
3574,[0.49972608 0.40383252],3,-1,-1,-1,-1
3575,[0.40160368 0.37143065],3,-1,-1,255,-1
3576,[0.46498809 0.38309742],3,-1,-1,-1,-1
3577,[0.23377362 0.45935811],2,-1,-1,108,-1
3578,[0.37355662 0.64654786],2,2,"[0.36772318180773494, 0.7148766969481398]",377,-1
3579,[0.29242248 0.66714377],1,0,"[0.27872464766475324, 0.6037969263876968]",-1,-1
3580,[0.24353903 0.69823209],1,-1,-1,226,-1
3581,[0.45329369 0.33692494],3,-1,-1,-1,-1
3582,[0.66152484 0.6558387 ],0,-1,-1,91,0
3583,[0.29889964 0.70983547],1,2,"[0.36772318180773494, 0.7148766969481398]",-1,-1
3584,[0.64206593 0.59643362],0,3,"[0.7033493551787963, 0.5720264221842615]",170,0
3585,[0.34671068 0.64437887],1,-1,-1,346,-1
3586,[0.4817875  0.52795772],2,-1,-1,83,-1
3587,[0.68093362 0.6843603 ],0,-1,-1,51,0
3588,[0.36882172 0.40944626],3,1,"[0.39058119958388665, 0.45374655865984675]",237,-1
3589,[0.52858287 0.48394617],2,-1,-1,96,-1
3590,[0.20971055 0.59293585],2,0,"[0.27872464766475324, 0.6037969263876968]",199,-1
3591,[0.3296914  0.52300416],2,-1,-1,-1,-1
3592,[0.86028663 0.5791615 ],0,-1,-1,8,0
3593,[0.64597636 0.5714068 ],0,3,"[0.7033493551787963, 0.5720264221842615]",-1,0
3594,[0.55809232 0.70078196],0,-1,-1,-1,0
3595,[0.78613109 0.55959975],0,-1,-1,92,0
3596,[0.32758745 0.42319914],2,-1,-1,210,-1
3597,[0.46995024 0.75598708],1,-1,-1,84,-1
3598,[0.20093998 0.52482541],2,-1,-1,-1,-1
3599,[0.51792544 0.46358787],3,-1,-1,113,-1
3600,[0.23425754 0.45329625],2,-1,-1,108,-1
3601,[0.69158975 0.67356094],0,-1,-1,97,0
3602,[0.44912269 0.28546112],3,-1,-1,-1,-1
3603,[0.2981323  0.83753312],1,-1,-1,133,-1
3604,[0.40407363 0.38046129],3,-1,-1,-1,1
3605,[0.64129397 0.6349076 ],0,-1,-1,-1,0
3606,[0.59834232 0.44303371],0,-1,-1,43,0
3607,[0.7141494  0.55056823],0,3,"[0.7033493551787963, 0.5720264221842615]",130,0
3608,[0.80401071 0.5911016 ],0,-1,-1,68,0
3609,[0.65699683 0.61222346],0,3,"[0.7033493551787963, 0.5720264221842615]",-1,0
3610,[0.27633817 0.64756541],2,0,"[0.27872464766475324, 0.6037969263876968]",-1,-1
3611,[0.35232833 0.44643885],3,1,"[0.39058119958388665, 0.45374655865984675]",-1,-1
3612,[0.69256688 0.54012058],0,3,"[0.7033493551787963, 0.5720264221842615]",163,0
3613,[0.44264166 0.37789834],3,-1,-1,279,1
3614,[0.35864585 0.46231824],2,1,"[0.39058119958388665, 0.45374655865984675]",300,-1
3615,[0.16577875 0.70923253],1,-1,-1,-1,-1
3616,[0.41590363 0.50314389],3,1,"[0.39058119958388665, 0.45374655865984675]",-1,-1
3617,[0.62474726 0.63360682],0,-1,-1,-1,0
3618,[0.5599083  0.42645299],0,-1,-1,47,-1
3619,[0.19432904 0.5499208 ],2,-1,-1,72,-1
3620,[0.35931137 0.55395915],2,-1,-1,334,-1
3621,[0.68855621 0.64107895],0,-1,-1,134,0
3622,[0.23272713 0.79888822],1,-1,-1,29,-1
3623,[0.66580921 0.63089886],0,3,"[0.7033493551787963, 0.5720264221842615]",110,0
3624,[0.38923372 0.37990052],3,-1,-1,-1,1
3625,[0.57737952 0.548019  ],0,-1,-1,81,0
3626,[0.44686356 0.33309048],3,-1,-1,-1,-1
3627,[0.39892857 0.50130615],2,1,"[0.39058119958388665, 0.45374655865984675]",-1,1
3628,[0.24706396 0.44334728],3,-1,-1,-1,-1
3629,[0.76521489 0.51105382],0,-1,-1,-1,0
3630,[0.19454933 0.74363237],1,-1,-1,-1,-1
3631,[0.42022175 0.57225063],2,-1,-1,-1,-1
3632,[0.41000012 0.7676766 ],1,2,"[0.36772318180773494, 0.7148766969481398]",-1,-1
3633,[0.30464104 0.63434687],2,0,"[0.27872464766475324, 0.6037969263876968]",359,-1
3634,[0.40111349 0.74828258],1,2,"[0.36772318180773494, 0.7148766969481398]",-1,-1
3635,[0.51113522 0.63983329],0,-1,-1,-1,-1
3636,[0.37522842 0.33757907],3,-1,-1,189,-1
3637,[0.45869408 0.52659914],0,-1,-1,76,-1
3638,[0.24188189 0.6086207 ],2,0,"[0.27872464766475324, 0.6037969263876968]",247,-1
3639,[0.3513598  0.69664928],2,2,"[0.36772318180773494, 0.7148766969481398]",385,-1
3640,[0.64710314 0.60191311],0,3,"[0.7033493551787963, 0.5720264221842615]",170,0
3641,[0.28128014 0.57898926],3,0,"[0.27872464766475324, 0.6037969263876968]",337,-1
3642,[0.77916577 0.59865582],0,-1,-1,-1,0
3643,[0.23932939 0.58708601],2,0,"[0.27872464766475324, 0.6037969263876968]",241,-1
3644,[0.21195202 0.5259079 ],2,-1,-1,118,-1
3645,[0.69695144 0.51455838],0,3,"[0.7033493551787963, 0.5720264221842615]",148,0
3646,[0.37764465 0.50090446],3,1,"[0.39058119958388665, 0.45374655865984675]",-1,1
3647,[0.30487554 0.85552566],1,-1,-1,-1,-1
3648,[0.41152171 0.90183764],1,-1,-1,-1,-1
3649,[0.51177777 0.4984107 ],3,-1,-1,-1,-1
3650,[0.7039273  0.61407248],0,3,"[0.7033493551787963, 0.5720264221842615]",-1,0
3651,[0.3035418 0.8085705],1,-1,-1,204,-1
3652,[0.26253382 0.65639548],2,0,"[0.27872464766475324, 0.6037969263876968]",-1,-1
3653,[0.71014066 0.55463501],0,3,"[0.7033493551787963, 0.5720264221842615]",130,0
3654,[0.66513527 0.5826797 ],0,3,"[0.7033493551787963, 0.5720264221842615]",157,0
3655,[0.57963474 0.53775435],0,-1,-1,-1,0
3656,[0.32502288 0.60843617],2,0,"[0.27872464766475324, 0.6037969263876968]",382,2
3657,[0.38951814 0.44424719],3,1,"[0.39058119958388665, 0.45374655865984675]",-1,1
3658,[0.37302304 0.60374735],2,-1,-1,363,-1
3659,[0.42763158 0.62530741],2,-1,-1,197,-1
3660,[0.51396083 0.35515036],3,-1,-1,79,-1
3661,[0.29124141 0.57257367],3,0,"[0.27872464766475324, 0.6037969263876968]",-1,-1
3662,[0.41155113 0.74507542],1,2,"[0.36772318180773494, 0.7148766969481398]",307,-1
3663,[0.3742301  0.44949109],3,1,"[0.39058119958388665, 0.45374655865984675]",-1,-1
3664,[0.22975443 0.62810297],2,0,"[0.27872464766475324, 0.6037969263876968]",-1,-1
3665,[0.32951452 0.9013692 ],1,-1,-1,-1,-1
3666,[0.82398993 0.56964692],0,-1,-1,-1,0
3667,[0.26897847 0.74219003],1,-1,-1,291,-1
3668,[0.73445177 0.56444275],0,3,"[0.7033493551787963, 0.5720264221842615]",-1,0
3669,[0.30915321 0.55205885],2,0,"[0.27872464766475324, 0.6037969263876968]",-1,-1
3670,[0.20088264 0.6498191 ],2,-1,-1,-1,-1
3671,[0.46118883 0.49317215],3,-1,-1,-1,-1
3672,[0.39024535 0.50286532],3,1,"[0.39058119958388665, 0.45374655865984675]",-1,1
3673,[0.43467169 0.68286383],2,-1,-1,-1,-1
3674,[0.20470882 0.63309721],2,-1,-1,-1,-1
3675,[0.38669043 0.83615651],1,-1,-1,-1,-1
3676,[0.45398606 0.42705825],3,1,"[0.39058119958388665, 0.45374655865984675]",-1,-1
3677,[0.60784101 0.52826576],0,-1,-1,78,0
3678,[0.18501743 0.48208581],2,-1,-1,-1,-1
3679,[0.30700756 0.69878041],1,2,"[0.36772318180773494, 0.7148766969481398]",-1,-1
3680,[0.60435303 0.61613451],0,-1,-1,-1,0
3681,[0.42741886 0.4438858 ],3,1,"[0.39058119958388665, 0.45374655865984675]",263,1
3682,[0.3974859  0.51942545],2,1,"[0.39058119958388665, 0.45374655865984675]",-1,-1
3683,[0.42393828 0.38581244],3,-1,-1,284,1
3684,[0.30056206 0.66699123],2,0,"[0.27872464766475324, 0.6037969263876968]",-1,-1
3685,[0.32943685 0.72693547],1,2,"[0.36772318180773494, 0.7148766969481398]",-1,-1
3686,[0.18200547 0.47268934],2,-1,-1,-1,-1
3687,[0.28998577 0.61736125],1,0,"[0.27872464766475324, 0.6037969263876968]",-1,-1
3688,[0.44949785 0.36320419],3,-1,-1,-1,1
3689,[0.72239621 0.64698711],0,-1,-1,98,0
3690,[0.43868056 0.68138131],1,-1,-1,-1,-1
3691,[0.65541555 0.54648954],0,3,"[0.7033493551787963, 0.5720264221842615]",-1,0
3692,[0.67899896 0.57876256],0,3,"[0.7033493551787963, 0.5720264221842615]",157,0
3693,[0.27793827 0.72741533],1,-1,-1,-1,-1
3694,[0.69819548 0.47678381],0,-1,-1,-1,0
3695,[0.3262606 0.8032915],1,-1,-1,203,-1
3696,[0.35717949 0.76627323],1,2,"[0.36772318180773494, 0.7148766969481398]",192,-1
3697,[0.78529851 0.49461086],0,-1,-1,-1,0
3698,[0.34053515 0.53769123],2,-1,-1,319,-1
3699,[0.42829075 0.37152223],3,-1,-1,-1,1
3700,[0.24386725 0.5942119 ],2,0,"[0.27872464766475324, 0.6037969263876968]",-1,-1
3701,[0.30574175 0.51743038],2,-1,-1,299,-1
3702,[0.71250956 0.60163394],0,3,"[0.7033493551787963, 0.5720264221842615]",167,0
3703,[0.41167242 0.49551269],3,1,"[0.39058119958388665, 0.45374655865984675]",-1,1
3704,[0.33604716 0.6449848 ],1,-1,-1,335,-1
3705,[0.20938263 0.82300495],1,-1,-1,19,-1
3706,[0.24843898 0.53219508],2,-1,-1,-1,-1
3707,[0.48791198 0.39129362],3,-1,-1,232,-1
3708,[0.34807444 0.60323556],2,0,"[0.27872464766475324, 0.6037969263876968]",391,2
3709,[0.71272494 0.47257498],0,-1,-1,105,0
3710,[0.30786365 0.6136046 ],2,0,"[0.27872464766475324, 0.6037969263876968]",-1,-1
3711,[0.27728091 0.8499222 ],1,-1,-1,-1,-1
3712,[0.69989328 0.57157809],0,3,"[0.7033493551787963, 0.5720264221842615]",-1,0
3713,[0.5555466  0.69561916],1,-1,-1,-1,0
3714,[0.20069811 0.68516917],1,-1,-1,115,-1
3715,[0.48700164 0.36078719],3,-1,-1,179,-1
3716,[0.7399474  0.56288791],0,3,"[0.7033493551787963, 0.5720264221842615]",-1,0
3717,[0.38465551 0.74971544],1,2,"[0.36772318180773494, 0.7148766969481398]",-1,-1
3718,[0.29885465 0.71788054],2,2,"[0.36772318180773494, 0.7148766969481398]",-1,-1
3719,[0.30916038 0.4301072 ],3,-1,-1,-1,-1
3720,[0.40632826 0.53331887],3,-1,-1,229,-1
3721,[0.3131143  0.81428993],1,-1,-1,-1,-1
3722,[0.23880739 0.48803052],2,-1,-1,109,-1
3723,[0.3792281  0.64413112],2,-1,-1,-1,-1
3724,[0.53146115 0.44760952],0,-1,-1,114,-1
3725,[0.25990936 0.84395895],1,-1,-1,-1,-1
3726,[0.4580149  0.76004019],1,-1,-1,-1,-1
3727,[0.71036677 0.58695506],0,3,"[0.7033493551787963, 0.5720264221842615]",122,0
3728,[0.42057034 0.2861252 ],3,-1,-1,-1,-1
3729,[0.37694697 0.28026584],3,-1,-1,-1,-1
3730,[0.13181843 0.67546966],1,-1,-1,-1,-1
3731,[0.65040817 0.54070957],0,3,"[0.7033493551787963, 0.5720264221842615]",112,0
3732,[0.36810456 0.31514781],3,-1,-1,-1,-1
3733,[0.21307695 0.76044568],1,-1,-1,-1,-1
3734,[0.41034233 0.37174229],3,-1,-1,-1,-1
3735,[0.27411844 0.79400268],1,-1,-1,-1,-1
3736,[0.79822522 0.70084448],0,-1,-1,-1,0
3737,[0.39625803 0.74278156],1,2,"[0.36772318180773494, 0.7148766969481398]",-1,-1
3738,[0.29809021 0.48847904],2,-1,-1,-1,-1
3739,[0.28467657 0.81374646],1,-1,-1,73,-1
3740,[0.26271272 0.73950962],1,-1,-1,291,-1
3741,[0.37313176 0.39185686],3,1,"[0.39058119958388665, 0.45374655865984675]",282,1
3742,[0.31095491 0.7078981 ],1,2,"[0.36772318180773494, 0.7148766969481398]",394,-1
3743,[0.53578336 0.38594553],3,-1,-1,-1,-1
3744,[0.81019837 0.49200773],0,-1,-1,32,0
3745,[0.56925501 0.50264681],0,-1,-1,-1,0
3746,[0.34890572 0.36502041],3,-1,-1,207,-1
3747,[0.42017754 0.63252853],2,-1,-1,197,-1
3748,[0.31693192 0.7929558 ],1,-1,-1,203,-1
3749,[0.45106991 0.393777  ],3,-1,-1,264,-1
3750,[0.49807656 0.38598546],3,-1,-1,215,-1
3751,[0.53828035 0.76752436],1,-1,-1,-1,-1
3752,[0.40313086 0.86764855],1,-1,-1,-1,-1
3753,[0.42665293 0.5056717 ],3,1,"[0.39058119958388665, 0.45374655865984675]",-1,-1
3754,[0.56101074 0.53726679],3,-1,-1,71,0
3755,[0.62870373 0.47948655],0,-1,-1,116,0
3756,[0.44444575 0.517371  ],3,-1,-1,220,-1
3757,[0.29569705 0.61029759],2,0,"[0.27872464766475324, 0.6037969263876968]",371,-1
3758,[0.46974106 0.73897842],1,-1,-1,86,-1
3759,[0.36867696 0.78790742],1,-1,-1,-1,-1
3760,[0.64374959 0.61378595],0,-1,-1,-1,0
3761,[0.57493934 0.46057316],0,-1,-1,43,0
3762,[0.56285806 0.46802067],3,-1,-1,-1,0
3763,[0.44855577 0.62447806],2,-1,-1,176,-1
3764,[0.37673975 0.63164695],2,-1,-1,379,-1
3765,[0.29545136 0.60560195],2,0,"[0.27872464766475324, 0.6037969263876968]",371,-1
3766,[0.37475019 0.5696668 ],2,-1,-1,-1,-1
3767,[0.35281452 0.41313779],3,1,"[0.39058119958388665, 0.45374655865984675]",268,1
3768,[0.37950197 0.52945254],2,-1,-1,280,-1
3769,[0.40309094 0.29152491],3,-1,-1,-1,-1
3770,[0.35008911 0.42544354],3,1,"[0.39058119958388665, 0.45374655865984675]",268,1
3771,[0.43908099 0.60726773],1,-1,-1,-1,-1
3772,[0.29186646 0.70208839],1,-1,-1,389,-1
3773,[0.37522924 0.34399292],3,-1,-1,189,-1
3774,[0.45717789 0.36303152],3,-1,-1,254,-1
3775,[0.36584796 0.67995361],2,2,"[0.36772318180773494, 0.7148766969481398]",-1,-1
3776,[0.47657916 0.54788225],3,-1,-1,62,-1
3777,[0.35436743 0.43092152],3,1,"[0.39058119958388665, 0.45374655865984675]",-1,1
3778,[0.22828947 0.74689043],1,-1,-1,196,-1
3779,[0.39537268 0.50850714],3,1,"[0.39058119958388665, 0.45374655865984675]",-1,1
3780,[0.22126898 0.4629598 ],2,-1,-1,-1,-1
3781,[0.33210134 0.355918  ],3,-1,-1,-1,-1
3782,[0.21996742 0.59196029],2,0,"[0.27872464766475324, 0.6037969263876968]",-1,-1
3783,[0.73931727 0.52635973],0,3,"[0.7033493551787963, 0.5720264221842615]",107,0
3784,[0.34337716 0.5162341 ],2,-1,-1,-1,-1
3785,[0.39115126 0.87936416],1,-1,-1,-1,-1
3786,[0.31013483 0.80334274],1,-1,-1,203,-1
3787,[0.33009183 0.76492937],1,2,"[0.36772318180773494, 0.7148766969481398]",-1,-1
3788,[0.69956652 0.60339971],0,3,"[0.7033493551787963, 0.5720264221842615]",167,0
3789,[0.42627425 0.44930702],2,1,"[0.39058119958388665, 0.45374655865984675]",263,1
3790,[0.37638181 0.67868966],1,2,"[0.36772318180773494, 0.7148766969481398]",-1,-1
3791,[0.38199096 0.60531152],2,-1,-1,-1,-1
3792,[0.68852282 0.3128347 ],0,-1,-1,-1,-1
3793,[0.36248123 0.4852657 ],3,1,"[0.39058119958388665, 0.45374655865984675]",-1,-1
3794,[0.32539621 0.87040994],1,-1,-1,-1,-1
3795,[0.42213726 0.76809527],1,-1,-1,135,-1
3796,[0.35103956 0.49310982],2,1,"[0.39058119958388665, 0.45374655865984675]",-1,-1
3797,[0.45152862 0.52009633],3,-1,-1,-1,-1
3798,[0.26343743 0.59509721],2,0,"[0.27872464766475324, 0.6037969263876968]",317,-1
3799,[0.70442433 0.49471277],0,-1,-1,148,0
3800,[0.27997346 0.71281415],1,-1,-1,390,-1
3801,[0.37511325 0.50429223],3,1,"[0.39058119958388665, 0.45374655865984675]",-1,1
3802,[0.78884904 0.55038681],0,-1,-1,-1,0
3803,[0.43084766 0.35211212],3,-1,-1,-1,-1
3804,[0.44891297 0.31964144],3,-1,-1,131,-1
3805,[0.28015152 0.54705836],2,0,"[0.27872464766475324, 0.6037969263876968]",316,-1
3806,[0.2931416  0.84053345],1,-1,-1,-1,-1
3807,[0.35574269 0.74987841],1,2,"[0.36772318180773494, 0.7148766969481398]",-1,-1
3808,[0.18589946 1.        ],1,-1,-1,-1,-1
3809,[0.53908479 0.50610548],3,-1,-1,-1,-1
3810,[0.17515445 0.7311635 ],1,-1,-1,-1,-1
3811,[0.30739796 0.48852699],2,-1,-1,303,-1
3812,[0.66087369 0.47575426],0,-1,-1,144,0
3813,[0.34656206 0.57871554],1,-1,-1,353,2
3814,[0.3330818  0.69035734],1,2,"[0.36772318180773494, 0.7148766969481398]",385,3
3815,[0.21559624 0.57692561],2,0,"[0.27872464766475324, 0.6037969263876968]",-1,-1
3816,[0.24030315 0.62356175],2,0,"[0.27872464766475324, 0.6037969263876968]",276,-1
3817,[0.53635246 0.63281892],0,-1,-1,-1,0
3818,[0.13578466 0.54919465],2,-1,-1,-1,-1
3819,[0.74884108 0.53000227],0,3,"[0.7033493551787963, 0.5720264221842615]",107,0
3820,[0.89734754 0.56850664],0,-1,-1,-1,-1
3821,[0.34066683 0.41040737],3,1,"[0.39058119958388665, 0.45374655865984675]",268,-1
3822,[0.34834038 0.5813812 ],2,-1,-1,-1,2
3823,[0.44871477 0.81867644],1,-1,-1,-1,-1
3824,[0.21362501 0.69344797],1,-1,-1,212,-1
3825,[0.2718958  0.55923122],2,0,"[0.27872464766475324, 0.6037969263876968]",240,-1
3826,[0.41499398 0.68353037],1,2,"[0.36772318180773494, 0.7148766969481398]",-1,-1
3827,[0.43167014 0.3901004 ],3,-1,-1,283,1
3828,[0.30148195 0.6805275 ],1,-1,-1,-1,-1
3829,[0.57776885 0.39380219],3,-1,-1,-1,-1
3830,[0.35829028 0.54714871],2,-1,-1,334,-1
3831,[0.66636682 0.5451588 ],0,3,"[0.7033493551787963, 0.5720264221842615]",164,0
3832,[0.67200852 0.52082059],0,3,"[0.7033493551787963, 0.5720264221842615]",-1,0
3833,[0.24359764 0.65958454],1,0,"[0.27872464766475324, 0.6037969263876968]",327,-1
3834,[0.64825562 0.55321151],0,3,"[0.7033493551787963, 0.5720264221842615]",-1,0
3835,[0.31385297 0.75481595],1,2,"[0.36772318180773494, 0.7148766969481398]",324,-1
3836,[0.40206763 0.72056808],1,2,"[0.36772318180773494, 0.7148766969481398]",261,-1
3837,[0.25073993 0.62029348],1,0,"[0.27872464766475324, 0.6037969263876968]",-1,-1
3838,[0.29473925 0.64421246],2,0,"[0.27872464766475324, 0.6037969263876968]",359,-1
3839,[0.43890119 0.71644635],1,-1,-1,99,-1
3840,[0.27023635 0.51196212],2,-1,-1,-1,-1
3841,[0.59901972 0.51004479],0,-1,-1,80,0
3842,[0.43487738 0.45747428],2,1,"[0.39058119958388665, 0.45374655865984675]",-1,1
3843,[0.43337858 0.55846964],3,-1,-1,-1,-1
3844,[0.33031516 0.6575093 ],2,2,"[0.36772318180773494, 0.7148766969481398]",368,-1
3845,[0.65238821 0.6022751 ],0,3,"[0.7033493551787963, 0.5720264221842615]",-1,0
3846,[0.66880525 0.46679357],0,-1,-1,-1,0
3847,[0.37487353 0.54435024],3,-1,-1,310,-1
3848,[0.77892082 0.49492095],0,-1,-1,65,0
3849,[0.3236109  0.65765081],2,-1,-1,368,-1
3850,[0.30021275 0.60052615],2,0,"[0.27872464766475324, 0.6037969263876968]",-1,-1
3851,[0.35893022 0.46000874],3,1,"[0.39058119958388665, 0.45374655865984675]",300,-1
3852,[0.13161715 0.46270169],2,-1,-1,-1,-1
3853,[0.61109685 0.52890159],0,-1,-1,78,0
3854,[0.44376137 0.3172451 ],3,-1,-1,131,-1
3855,[0.40227977 0.47211777],3,1,"[0.39058119958388665, 0.45374655865984675]",256,1
3856,[0.41661816 0.70621127],1,2,"[0.36772318180773494, 0.7148766969481398]",261,-1
3857,[0.28824898 0.63227509],1,0,"[0.27872464766475324, 0.6037969263876968]",365,-1
3858,[0.7102095  0.55397731],0,3,"[0.7033493551787963, 0.5720264221842615]",130,0
3859,[0.48409095 0.47734349],3,-1,-1,205,-1
3860,[0.66002821 0.54400804],0,3,"[0.7033493551787963, 0.5720264221842615]",164,0
3861,[0.41742376 0.7149008 ],1,2,"[0.36772318180773494, 0.7148766969481398]",261,-1
3862,[0.40799139 0.61599361],2,-1,-1,218,-1
3863,[0.61716215 0.60444329],0,-1,-1,-1,0
3864,[0.40128862 0.3941928 ],3,1,"[0.39058119958388665, 0.45374655865984675]",289,1
3865,[0.69344751 0.492704  ],0,-1,-1,148,0
3866,[0.21067214 0.52561323],2,-1,-1,-1,-1
3867,[0.48856809 0.23858189],3,-1,-1,-1,-1
3868,[0.28743886 0.50311759],2,-1,-1,298,-1
3869,[0.6506511  0.42114531],0,-1,-1,40,0
3870,[0.77530812 0.54750493],0,-1,-1,92,0
3871,[0.68769972 0.67326434],0,-1,-1,97,0
3872,[0.25658579 0.73217303],1,-1,-1,193,-1
3873,[0.41162792 0.56638588],2,-1,-1,-1,-1
3874,[0.23887638 0.70395853],1,-1,-1,226,-1
3875,[0.22282895 0.66976676],1,-1,-1,-1,-1
3876,[0.30751443 0.68959048],2,2,"[0.36772318180773494, 0.7148766969481398]",-1,-1
3877,[0.35328061 0.33912718],3,-1,-1,172,-1
3878,[0.28380702 0.67035963],1,0,"[0.27872464766475324, 0.6037969263876968]",-1,-1
3879,[0.41819695 0.369855  ],3,-1,-1,278,1
3880,[0.41335228 0.39848872],3,1,"[0.39058119958388665, 0.45374655865984675]",287,1
3881,[0.52512223 0.62001763],3,-1,-1,45,0
3882,[0.87746093 0.68957164],0,-1,-1,-1,-1
3883,[0.39713072 0.44286451],2,1,"[0.39058119958388665, 0.45374655865984675]",-1,1
3884,[0.72020815 0.61505933],0,3,"[0.7033493551787963, 0.5720264221842615]",-1,0
3885,[0.63564076 0.60020423],0,-1,-1,-1,0
3886,[0.32444507 0.38057023],3,-1,-1,165,-1
3887,[0.32676958 0.60198285],2,0,"[0.27872464766475324, 0.6037969263876968]",373,2
3888,[0.42311905 0.54156237],2,-1,-1,190,-1
3889,[0.47551322 0.65916323],2,-1,-1,-1,-1
3890,[0.33192293 0.56216325],2,0,"[0.27872464766475324, 0.6037969263876968]",348,2
3891,[0.35387534 0.44927671],2,1,"[0.39058119958388665, 0.45374655865984675]",-1,-1
3892,[0.5831081  0.69086095],0,-1,-1,34,0
3893,[0.34368185 0.6849726 ],2,2,"[0.36772318180773494, 0.7148766969481398]",-1,-1
3894,[0.66553064 0.51341534],0,3,"[0.7033493551787963, 0.5720264221842615]",159,0
3895,[0.46635565 0.37977689],3,-1,-1,-1,-1
3896,[0.29006445 0.55263976],2,0,"[0.27872464766475324, 0.6037969263876968]",339,-1
3897,[0.25725525 0.48909222],2,-1,-1,109,-1
3898,[0.26309773 0.7254518 ],2,-1,-1,193,-1
3899,[0.48258786 0.45810537],3,-1,-1,205,-1
3900,[0.30446581 0.7014054 ],1,2,"[0.36772318180773494, 0.7148766969481398]",395,-1
3901,[0.26130397 0.52139839],2,-1,-1,-1,-1
3902,[0.46842066 0.40621652],3,-1,-1,-1,-1
3903,[0.32177092 0.67497127],2,2,"[0.36772318180773494, 0.7148766969481398]",385,3
3904,[0.3222289  0.64182843],2,0,"[0.27872464766475324, 0.6037969263876968]",367,-1
3905,[0.2464501  0.78733278],1,-1,-1,29,-1
3906,[0.42234031 0.45058531],3,1,"[0.39058119958388665, 0.45374655865984675]",263,1
3907,[0.58101596 0.48337282],0,-1,-1,-1,0
3908,[0.36176482 0.54816493],2,-1,-1,334,-1
3909,[0.25374271 0.69870731],2,-1,-1,-1,-1
3910,[0.54520275 0.38207028],3,-1,-1,-1,-1
3911,[0.39417091 0.76056989],1,2,"[0.36772318180773494, 0.7148766969481398]",-1,-1
3912,[0.57237484 0.3869992 ],3,-1,-1,-1,-1
3913,[0.43023501 0.7776423 ],1,-1,-1,94,-1
3914,[0.43314597 0.54270693],2,-1,-1,190,-1
3915,[0.579225   0.54619569],0,-1,-1,81,0
3916,[0.46519484 0.36309319],3,-1,-1,-1,-1
3917,[0.56881497 0.45469733],3,-1,-1,-1,0
3918,[0.34082379 0.5881351 ],1,0,"[0.27872464766475324, 0.6037969263876968]",-1,2
3919,[0.42841731 0.42803527],3,1,"[0.39058119958388665, 0.45374655865984675]",250,1
3920,[0.1693361  0.57037463],2,-1,-1,-1,-1
3921,[0.38614452 0.5740081 ],2,-1,-1,351,-1
3922,[0.36654767 0.41370447],2,1,"[0.39058119958388665, 0.45374655865984675]",237,-1
3923,[0.32321977 0.8528848 ],2,-1,-1,-1,-1
3924,[0.30389933 0.58412243],2,0,"[0.27872464766475324, 0.6037969263876968]",-1,-1
3925,[0.39892947 0.47207252],3,1,"[0.39058119958388665, 0.45374655865984675]",-1,1
3926,[0.41165779 0.4790126 ],3,1,"[0.39058119958388665, 0.45374655865984675]",270,1
3927,[0.42252483 0.69743724],1,2,"[0.36772318180773494, 0.7148766969481398]",-1,-1
3928,[0.31104479 0.64535451],2,0,"[0.27872464766475324, 0.6037969263876968]",364,-1
3929,[0.40487652 0.88982849],1,-1,-1,-1,-1
3930,[0.41823691 0.58403373],3,-1,-1,-1,-1
3931,[0.21301578 0.72432483],1,-1,-1,50,-1
3932,[0.3197058  0.74535564],1,2,"[0.36772318180773494, 0.7148766969481398]",-1,-1
3933,[0.28332241 0.61712725],2,0,"[0.27872464766475324, 0.6037969263876968]",372,-1
3934,[0.45066754 0.78279859],1,-1,-1,-1,-1
3935,[0.86232016 0.65925007],0,-1,-1,0,-1
3936,[0.65254929 0.4479486 ],0,-1,-1,-1,0
3937,[0.29585522 0.39540297],3,-1,-1,194,-1
3938,[0.38775189 0.74478341],1,2,"[0.36772318180773494, 0.7148766969481398]",-1,-1
3939,[0.28089388 0.81514364],1,-1,-1,73,-1
3940,[0.71858325 0.67106294],0,-1,-1,41,0
3941,[0.24064819 0.67985526],1,-1,-1,-1,-1
3942,[0.37250882 0.72480754],1,2,"[0.36772318180773494, 0.7148766969481398]",326,-1
3943,[0.19274602 0.67889531],1,-1,-1,115,-1
3944,[0.43982074 0.70927159],1,-1,-1,99,-1
3945,[0.28327871 0.56072414],2,0,"[0.27872464766475324, 0.6037969263876968]",-1,-1
3946,[0.41852156 0.53802996],3,-1,-1,-1,-1
3947,[0.39030045 0.65169727],1,2,"[0.36772318180773494, 0.7148766969481398]",355,-1
3948,[0.53172073 0.52232962],2,-1,-1,-1,-1
3949,[0.27318581 0.70382663],1,-1,-1,-1,-1
3950,[0.41648655 0.55959451],2,-1,-1,186,-1
3951,[0.24721498 0.63655888],2,0,"[0.27872464766475324, 0.6037969263876968]",-1,-1
3952,[0.45307932 0.45031043],3,1,"[0.39058119958388665, 0.45374655865984675]",-1,-1
3953,[0.46297554 0.66298834],1,-1,-1,-1,-1
3954,[0.40756039 0.33187171],3,-1,-1,153,-1
3955,[0.68639007 0.63159824],0,3,"[0.7033493551787963, 0.5720264221842615]",142,0
3956,[0.43764819 0.47073397],3,1,"[0.39058119958388665, 0.45374655865984675]",-1,1
3957,[0.29579048 0.55660127],1,0,"[0.27872464766475324, 0.6037969263876968]",339,-1
3958,[0.13541548 0.61244747],2,-1,-1,-1,-1
3959,[0.39646424 0.53469515],2,-1,-1,-1,-1
3960,[0.30326592 0.54458072],2,0,"[0.27872464766475324, 0.6037969263876968]",-1,-1
3961,[0.67246226 0.51254933],0,3,"[0.7033493551787963, 0.5720264221842615]",-1,0
3962,[0.66332882 0.62316769],0,3,"[0.7033493551787963, 0.5720264221842615]",110,0
3963,[0.38235591 0.70850605],1,2,"[0.36772318180773494, 0.7148766969481398]",-1,-1
3964,[0.69324142 0.5331216 ],0,3,"[0.7033493551787963, 0.5720264221842615]",163,0
3965,[0.35537043 0.692457  ],1,2,"[0.36772318180773494, 0.7148766969481398]",-1,-1
3966,[0.46777021 0.54687713],1,-1,-1,62,-1
3967,[0.5576492  0.50293831],0,-1,-1,54,0
3968,[0.76631096 0.73614869],0,-1,-1,-1,0
3969,[0.72797196 0.54696895],0,3,"[0.7033493551787963, 0.5720264221842615]",-1,0
3970,[0.42718857 0.29782657],3,-1,-1,151,-1
3971,[0.35061039 0.67174664],1,2,"[0.36772318180773494, 0.7148766969481398]",377,4
3972,[0.27455838 0.70766939],1,-1,-1,390,-1
3973,[0.29673239 0.65486142],2,0,"[0.27872464766475324, 0.6037969263876968]",354,-1
3974,[0.75800548 0.50873718],0,-1,-1,-1,0
3975,[0.30934431 0.81637272],1,-1,-1,203,-1
3976,[0.39430677 0.76494271],1,2,"[0.36772318180773494, 0.7148766969481398]",-1,-1
3977,[0.39183485 0.73743454],1,2,"[0.36772318180773494, 0.7148766969481398]",306,-1
3978,[0.57994324 0.40016982],3,-1,-1,-1,-1
3979,[0.29448921 0.44403482],3,-1,-1,-1,-1
3980,[0.45010647 0.65571027],2,-1,-1,175,-1
3981,[0.76819214 0.57782321],0,3,"[0.7033493551787963, 0.5720264221842615]",-1,0
3982,[0.28717234 0.60205429],2,0,"[0.27872464766475324, 0.6037969263876968]",-1,-1
3983,[0.57317424 0.54782624],0,-1,-1,81,0
3984,[0.31751748 0.74047403],1,2,"[0.36772318180773494, 0.7148766969481398]",322,-1
3985,[0.34270602 0.61134987],1,0,"[0.27872464766475324, 0.6037969263876968]",-1,2
3986,[0.53785876 0.57059138],0,-1,-1,61,0
3987,[0.27393149 0.69796501],1,-1,-1,381,-1
3988,[0.34185974 0.43476523],2,1,"[0.39058119958388665, 0.45374655865984675]",216,-1
3989,[0.33908355 0.77813004],1,2,"[0.36772318180773494, 0.7148766969481398]",249,-1
3990,[0.27560289 0.59942872],1,0,"[0.27872464766475324, 0.6037969263876968]",315,-1
3991,[0.74044293 0.49274366],0,-1,-1,-1,0
3992,[0.41564142 0.85167813],1,-1,-1,-1,-1
3993,[0.46514398 0.85424572],1,-1,-1,7,-1
3994,[0.22903061 0.76264897],1,-1,-1,-1,-1
3995,[0.23446299 0.59908944],2,0,"[0.27872464766475324, 0.6037969263876968]",247,-1
3996,[0.41150752 0.64823545],2,-1,-1,-1,-1
3997,[0.35219419 0.66500315],1,2,"[0.36772318180773494, 0.7148766969481398]",377,4
3998,[0.72098159 0.57261898],0,3,"[0.7033493551787963, 0.5720264221842615]",-1,0
3999,[0.31626092 0.76376557],1,-1,-1,-1,-1
4000,[0.83036621 0.47801974],0,-1,-1,-1,0
4001,[0.30057508 0.64349106],1,0,"[0.27872464766475324, 0.6037969263876968]",359,-1
4002,[0.37250452 0.50675982],3,1,"[0.39058119958388665, 0.45374655865984675]",244,-1
4003,[0.3908013  0.78055699],2,2,"[0.36772318180773494, 0.7148766969481398]",136,-1
4004,[0.8036823  0.61692425],0,-1,-1,-1,0
4005,[0.39046936 0.49238811],2,1,"[0.39058119958388665, 0.45374655865984675]",274,1
4006,[0.52609079 0.40940838],3,-1,-1,-1,-1
4007,[0.49531989 0.41024399],3,-1,-1,-1,-1
4008,[0.40360489 0.50081428],3,1,"[0.39058119958388665, 0.45374655865984675]",273,1
4009,[0.41112711 0.47910266],2,1,"[0.39058119958388665, 0.45374655865984675]",270,1
4010,[0.4464888  0.32124591],3,-1,-1,131,-1
4011,[0.30714725 0.52090209],2,-1,-1,299,-1
4012,[0.36067697 0.53290998],2,-1,-1,313,-1
4013,[0.32203363 0.34004303],3,-1,-1,-1,-1
4014,[0.21696282 0.52031604],2,-1,-1,118,-1
4015,[0.52468169 0.61232686],0,-1,-1,45,0
4016,[0.37379277 0.58817539],2,-1,-1,362,2
4017,[0.65553486 0.44039347],0,-1,-1,-1,0
4018,[0.26712629 0.587501  ],1,0,"[0.27872464766475324, 0.6037969263876968]",-1,-1
4019,[0.31821197 0.42868412],3,-1,-1,210,-1
4020,[0.50134358 0.38503579],3,-1,-1,215,-1
4021,[0.37552035 0.70199808],1,2,"[0.36772318180773494, 0.7148766969481398]",-1,-1
4022,[0.34933902 0.30062625],3,-1,-1,-1,-1
4023,[0.45734542 0.3549632 ],3,-1,-1,254,-1
4024,[0.2562866  0.27778333],3,-1,-1,-1,-1
4025,[0.49896242 0.33341529],3,-1,-1,-1,-1
4026,[0.39535932 0.35485075],3,-1,-1,209,-1
4027,[0.31957158 0.38490567],3,-1,-1,165,-1
4028,[0.36723322 0.7121797 ],2,2,"[0.36772318180773494, 0.7148766969481398]",326,-1
4029,[0.309251   0.85662108],1,-1,-1,-1,-1
4030,[0.19487694 0.72596164],1,-1,-1,-1,-1
4031,[0.71003565 0.59648595],0,3,"[0.7033493551787963, 0.5720264221842615]",-1,0
4032,[0.48988365 0.3657524 ],3,-1,-1,179,-1
4033,[0.44735094 0.58883819],1,-1,-1,-1,-1
4034,[0.44321066 0.35225026],3,-1,-1,254,-1
4035,[0.64601551 0.59369703],0,3,"[0.7033493551787963, 0.5720264221842615]",-1,0
4036,[0.37659328 0.76549423],1,2,"[0.36772318180773494, 0.7148766969481398]",188,-1
4037,[0.35996777 0.43045015],3,1,"[0.39058119958388665, 0.45374655865984675]",271,1
4038,[0.4700567  0.42909379],3,-1,-1,-1,-1
4039,[0.49184031 0.48518807],3,-1,-1,205,-1
4040,[0.68822133 0.50944847],0,3,"[0.7033493551787963, 0.5720264221842615]",150,0
4041,[0.69839951 0.45975994],0,-1,-1,-1,0
4042,[0.36496041 0.54175596],2,-1,-1,-1,-1
4043,[0.60102032 0.60928042],0,-1,-1,-1,0
4044,[0.30925814 0.47415181],3,-1,-1,-1,-1
4045,[0.29871666 0.43062898],2,-1,-1,-1,-1
4046,[0.67130722 0.51635816],0,3,"[0.7033493551787963, 0.5720264221842615]",-1,0
4047,[0.47973262 0.48296438],3,-1,-1,205,-1
4048,[0.35590551 0.70527041],1,2,"[0.36772318180773494, 0.7148766969481398]",-1,-1
4049,[0.33305262 0.37361545],3,-1,-1,-1,-1
4050,[0.46645753 0.4297723 ],3,-1,-1,-1,-1
4051,[0.40710233 0.23815491],3,-1,-1,-1,-1
4052,[0.27959083 0.66601905],2,0,"[0.27872464766475324, 0.6037969263876968]",376,-1
4053,[0.5890494  0.47798821],0,-1,-1,-1,0
4054,[0.35445538 0.31484514],3,-1,-1,-1,-1
4055,[0.59588542 0.6856504 ],0,-1,-1,34,0
4056,[0.29545522 0.45311339],2,-1,-1,-1,-1
4057,[0.37803939 0.78502044],1,-1,-1,-1,-1
4058,[0.39277688 0.50618878],3,1,"[0.39058119958388665, 0.45374655865984675]",-1,1
4059,[0.25059238 0.76230637],1,-1,-1,119,-1
4060,[0.67818826 0.56083929],0,3,"[0.7033493551787963, 0.5720264221842615]",164,0
4061,[0.35605734 0.55017417],2,-1,-1,334,-1
4062,[0.43204455 0.47036124],3,1,"[0.39058119958388665, 0.45374655865984675]",-1,-1
4063,[0.34534153 0.65147539],1,2,"[0.36772318180773494, 0.7148766969481398]",-1,-1
4064,[0.67914266 0.64666833],0,-1,-1,134,0
4065,[0.385035   0.44868995],2,1,"[0.39058119958388665, 0.45374655865984675]",248,1
4066,[0.32397162 0.40793454],3,-1,-1,214,-1
4067,[0.70139384 0.59672449],0,3,"[0.7033493551787963, 0.5720264221842615]",167,0
4068,[0.2592568  0.82622928],2,-1,-1,74,-1
4069,[0.43028269 0.36512061],3,-1,-1,-1,1
4070,[0.44878464 0.59715437],3,-1,-1,182,-1
4071,[0.70274652 0.4801632 ],0,-1,-1,-1,0
4072,[0.53713843 0.59831145],0,-1,-1,-1,0
4073,[0.2972281 0.6162035],2,0,"[0.27872464766475324, 0.6037969263876968]",-1,-1
4074,[0.272644  0.5260476],2,-1,-1,-1,-1
4075,[0.43556785 0.397666  ],3,-1,-1,-1,1
4076,[0.74681021 0.44597349],0,-1,-1,-1,0
4077,[0.7575076  0.48931978],0,-1,-1,64,0
4078,[0.33590186 0.7037103 ],1,2,"[0.36772318180773494, 0.7148766969481398]",385,-1
4079,[0.41868453 0.61696482],2,-1,-1,197,-1
4080,[0.419269   0.67178138],1,2,"[0.36772318180773494, 0.7148766969481398]",-1,-1
4081,[0.4268249  0.37921367],3,-1,-1,-1,1
4082,[0.33996036 0.31340267],3,-1,-1,-1,-1
4083,[0.6773456  0.45618331],0,-1,-1,-1,0
4084,[0.47727563 0.41304362],3,-1,-1,259,1
4085,[0.3207434  0.65330381],2,0,"[0.27872464766475324, 0.6037969263876968]",369,-1
4086,[0.46188842 0.60666405],2,-1,-1,-1,-1
4087,[0.44149395 0.68848966],1,-1,-1,-1,-1
4088,[0.18335184 0.48762107],2,-1,-1,-1,-1
4089,[0.39970193 0.78055161],1,-1,-1,-1,-1
4090,[0.31140453 0.68221811],1,2,"[0.36772318180773494, 0.7148766969481398]",385,3
4091,[0.28345081 0.43483003],3,-1,-1,-1,-1
4092,[0.51237064 0.45206425],3,-1,-1,-1,-1
4093,[0.767788   0.63299879],0,-1,-1,95,0
4094,[0.66125201 0.65449337],0,-1,-1,-1,0
4095,[0.42894754 0.43224258],2,1,"[0.39058119958388665, 0.45374655865984675]",250,1
4096,[0.3959403  0.68755412],1,2,"[0.36772318180773494, 0.7148766969481398]",-1,-1
4097,[0.45883961 0.82971632],1,-1,-1,-1,-1
4098,[0.50514347 0.49444123],3,-1,-1,-1,-1
4099,[0.27074344 0.70639561],1,-1,-1,-1,-1
4100,[0.28452859 0.47223018],1,-1,-1,-1,-1
4101,[0.78064873 0.61096328],0,-1,-1,-1,0
4102,[0.40327629 0.6086608 ],2,-1,-1,218,-1
4103,[0.42398048 0.37001804],3,-1,-1,278,1
4104,[0.50639384 0.4467849 ],3,-1,-1,-1,-1
4105,[0.75486948 0.65443345],0,-1,-1,-1,0
4106,[0.28700291 0.63935632],1,0,"[0.27872464766475324, 0.6037969263876968]",365,-1
4107,[0.34315264 0.4711105 ],3,1,"[0.39058119958388665, 0.45374655865984675]",-1,-1
4108,[0.30433041 0.70976889],1,2,"[0.36772318180773494, 0.7148766969481398]",394,-1
4109,[0.63405634 0.57581975],0,3,"[0.7033493551787963, 0.5720264221842615]",-1,0
4110,[0.50620675 0.28479269],3,-1,-1,9,-1
4111,[0.67293104 0.52811933],0,3,"[0.7033493551787963, 0.5720264221842615]",160,0
4112,[0.71809455 0.5920303 ],0,3,"[0.7033493551787963, 0.5720264221842615]",-1,0
4113,[0.32865271 0.55430292],2,-1,-1,348,2
4114,[0.76467196 0.68579979],0,-1,-1,25,0
4115,[0.70940536 0.60148854],0,3,"[0.7033493551787963, 0.5720264221842615]",167,0
4116,[0.45745661 0.50990245],2,-1,-1,220,-1
4117,[0.37960213 0.4320884 ],2,1,"[0.39058119958388665, 0.45374655865984675]",286,1
4118,[0.43686244 0.2904651 ],3,-1,-1,88,-1
4119,[0.37777818 0.57584393],2,-1,-1,-1,-1
4120,[0.38256449 0.41090636],3,1,"[0.39058119958388665, 0.45374655865984675]",285,1
4121,[0.43902017 0.64758034],1,-1,-1,175,-1
4122,[0.67807099 0.55113791],0,3,"[0.7033493551787963, 0.5720264221842615]",164,0
4123,[0.63783582 0.61744953],0,-1,-1,-1,0
4124,[0.75106114 0.5211869 ],0,3,"[0.7033493551787963, 0.5720264221842615]",-1,0
4125,[0.59953266 0.47376508],0,-1,-1,-1,0
4126,[0.28645323 0.42538261],3,-1,-1,-1,-1
4127,[0.25258963 0.70879422],1,-1,-1,-1,-1
4128,[0.23576624 0.64569631],2,0,"[0.27872464766475324, 0.6037969263876968]",-1,-1
4129,[0.32921564 0.62800313],2,0,"[0.27872464766475324, 0.6037969263876968]",-1,-1
4130,[0.58933677 0.55135765],0,-1,-1,81,0
4131,[0.34454522 0.51200515],2,-1,-1,309,-1
4132,[0.35105011 0.67334022],1,2,"[0.36772318180773494, 0.7148766969481398]",377,-1
4133,[0.16613717 0.54914819],2,-1,-1,42,-1
4134,[0.31843179 0.27256261],3,-1,-1,1,-1
4135,[0.71137143 0.48453342],0,-1,-1,105,0
4136,[0.20489646 0.74718602],1,-1,-1,-1,-1
4137,[0.24635904 0.49056219],2,-1,-1,109,-1
4138,[0.36414554 0.6152262 ],2,-1,-1,370,-1
4139,[0.37438994 0.53118695],3,-1,-1,-1,-1
4140,[0.61467018 0.52854948],0,-1,-1,78,0
4141,[0.31519426 0.62625068],1,0,"[0.27872464766475324, 0.6037969263876968]",378,-1
4142,[0.80632811 0.54959699],0,-1,-1,-1,0
4143,[0.44764762 0.48365981],3,1,"[0.39058119958388665, 0.45374655865984675]",221,-1
4144,[0.31483934 0.66795435],2,-1,-1,-1,-1
4145,[0.44925866 0.80554485],1,-1,-1,-1,-1
4146,[0.2147245  0.42945335],3,-1,-1,-1,-1
4147,[0.78523955 0.56517265],0,-1,-1,92,0
4148,[0.35292562 0.66564096],1,2,"[0.36772318180773494, 0.7148766969481398]",377,4
4149,[0.67205277 0.54969973],0,3,"[0.7033493551787963, 0.5720264221842615]",164,0
4150,[0.46324351 0.69062369],1,-1,-1,89,-1
4151,[0.50653983 0.5304675 ],3,-1,-1,-1,-1
4152,[0.3484933  0.46578892],3,1,"[0.39058119958388665, 0.45374655865984675]",-1,-1
4153,[0.77159318 0.69102775],0,-1,-1,-1,0
4154,[0.877723   0.49805867],0,-1,-1,-1,-1
4155,[0.7329638  0.57180619],0,3,"[0.7033493551787963, 0.5720264221842615]",-1,0
4156,[0.758044   0.53834134],0,3,"[0.7033493551787963, 0.5720264221842615]",-1,0
4157,[0.64184825 0.38433532],0,-1,-1,4,0
4158,[0.72672909 0.62832638],0,3,"[0.7033493551787963, 0.5720264221842615]",98,0
4159,[0.34990698 0.68731848],2,2,"[0.36772318180773494, 0.7148766969481398]",-1,-1
4160,[0.3266448  0.64507744],1,0,"[0.27872464766475324, 0.6037969263876968]",367,-1
4161,[0.28612993 0.65788188],1,0,"[0.27872464766475324, 0.6037969263876968]",-1,-1
4162,[0.26120281 0.74531286],1,-1,-1,291,-1
4163,[0.44964692 0.63842012],1,-1,-1,175,-1
4164,[0.48302839 0.52874745],3,-1,-1,83,-1
4165,[0.43156289 0.45844731],3,1,"[0.39058119958388665, 0.45374655865984675]",263,1
4166,[0.19583867 0.48278365],2,-1,-1,-1,-1
4167,[0.21575607 0.6670209 ],2,-1,-1,331,-1
4168,[0.4676239  0.44995108],3,-1,-1,-1,-1
4169,[0.36397313 0.79590549],1,-1,-1,-1,-1
4170,[0.73781643 0.52793399],0,3,"[0.7033493551787963, 0.5720264221842615]",107,0
4171,[0.45496582 0.49963921],3,-1,-1,219,-1
4172,[0.37226619 0.45146781],2,1,"[0.39058119958388665, 0.45374655865984675]",-1,-1
4173,[0.32982107 0.35526719],3,-1,-1,-1,-1
4174,[0.39122122 0.49079616],3,1,"[0.39058119958388665, 0.45374655865984675]",274,1
4175,[0.31012908 0.48218682],3,-1,-1,303,-1
4176,[0.29262664 0.53360731],2,-1,-1,-1,-1
4177,[0.53664505 0.26904173],3,-1,-1,-1,-1
4178,[0.45941234 0.53378668],1,-1,-1,76,-1
4179,[0.7979088  0.48135605],0,-1,-1,-1,0
4180,[0.24771003 0.85019285],1,-1,-1,-1,-1
4181,[0.72832222 0.36420845],0,-1,-1,-1,0
4182,[0.40850195 0.37908359],3,-1,-1,272,1
4183,[0.28500585 0.48761995],2,-1,-1,-1,-1
4184,[0.28597824 0.44046357],3,-1,-1,-1,-1
4185,[0.34825024 0.71543151],1,2,"[0.36772318180773494, 0.7148766969481398]",326,-1
4186,[0.19654137 0.73250933],2,-1,-1,-1,-1
4187,[0.46748197 0.75227722],1,-1,-1,84,-1
4188,[0.38653247 0.54371301],3,-1,-1,-1,-1
4189,[0.69927195 0.5558589 ],0,3,"[0.7033493551787963, 0.5720264221842615]",-1,0
4190,[0.55739955 0.52578845],0,-1,-1,-1,0
4191,[0.74420476 0.49083978],0,-1,-1,-1,0
4192,[0.27240925 0.71258649],1,-1,-1,-1,-1
4193,[0.26903966 0.72846345],1,-1,-1,193,-1
4194,[0.20200457 0.74211985],1,-1,-1,-1,-1
4195,[0.27446931 0.64934249],1,0,"[0.27872464766475324, 0.6037969263876968]",-1,-1
4196,[0.16408686 0.69843435],2,-1,-1,-1,-1
4197,[0.79716999 0.56998701],0,-1,-1,70,0
4198,[0.49298117 0.50594342],3,-1,-1,180,-1
4199,[0.71434508 0.62518268],0,3,"[0.7033493551787963, 0.5720264221842615]",-1,0
4200,[0.74886646 0.62281031],0,3,"[0.7033493551787963, 0.5720264221842615]",-1,0
4201,[0.25140496 0.57096385],2,0,"[0.27872464766475324, 0.6037969263876968]",-1,-1
4202,[0.55063915 0.30352116],3,-1,-1,-1,-1
4203,[0.32585644 0.60868154],2,0,"[0.27872464766475324, 0.6037969263876968]",382,2
4204,[0.34008435 0.54093028],2,-1,-1,319,-1
4205,[0.27727288 0.73609346],1,-1,-1,292,-1
4206,[0.33391037 0.67210753],1,2,"[0.36772318180773494, 0.7148766969481398]",-1,-1
4207,[0.46365842 0.81371661],1,-1,-1,-1,-1
4208,[0.28571186 0.60313644],2,0,"[0.27872464766475324, 0.6037969263876968]",-1,-1
4209,[0.27232929 0.46652683],2,-1,-1,-1,-1
4210,[0.4165363  0.24705308],3,-1,-1,-1,-1
4211,[0.31427949 0.48228254],2,-1,-1,303,-1
4212,[0.74169145 0.7000978 ],0,-1,-1,-1,0
4213,[0.81748567 0.42272497],0,-1,-1,-1,0
4214,[0.49021664 0.62402353],1,-1,-1,26,-1
4215,[0.73642643 0.63260189],0,3,"[0.7033493551787963, 0.5720264221842615]",-1,0
4216,[0.68354989 0.65560217],0,-1,-1,134,0
4217,[0.38970424 0.59573349],2,-1,-1,-1,-1
4218,[0.58429166 0.60644503],0,-1,-1,87,0
4219,[0.36525426 0.71324962],1,2,"[0.36772318180773494, 0.7148766969481398]",326,-1
4220,[0.31581573 0.37818042],3,-1,-1,-1,-1
4221,[0.47974537 0.74299754],1,-1,-1,-1,-1
4222,[0.32077237 0.52351582],2,-1,-1,343,-1
4223,[0.55492779 0.42055442],3,-1,-1,47,-1
4224,[0.45364542 0.39039606],3,-1,-1,264,1
4225,[0.27644697 0.63828077],2,0,"[0.27872464766475324, 0.6037969263876968]",366,-1
4226,[0.57811168 0.55248764],0,-1,-1,81,0
4227,[0.36253702 0.77008495],1,2,"[0.36772318180773494, 0.7148766969481398]",192,-1
4228,[0.62716681 0.59903219],0,-1,-1,158,0
4229,[0.46010212 0.75924367],1,-1,-1,-1,-1
4230,[0.30741844 0.73910678],1,2,"[0.36772318180773494, 0.7148766969481398]",-1,-1
4231,[0.7113513  0.51600707],0,3,"[0.7033493551787963, 0.5720264221842615]",148,0
4232,[0.43667161 0.57903745],3,-1,-1,185,-1
4233,[0.26913721 0.68471454],1,-1,-1,-1,-1
4234,[0.38358967 0.41141281],3,1,"[0.39058119958388665, 0.45374655865984675]",285,1
4235,[0.4019953  0.43554925],3,1,"[0.39058119958388665, 0.45374655865984675]",-1,1
4236,[0.26634205 0.66439228],1,0,"[0.27872464766475324, 0.6037969263876968]",381,-1
4237,[0.61550504 0.60077653],0,-1,-1,-1,0
4238,[0.43147904 0.39144261],3,-1,-1,283,1
4239,[0.29734893 0.38606886],2,-1,-1,-1,-1
4240,[0.61562508 0.66622079],0,-1,-1,-1,0
4241,[0.35209794 0.41637345],3,1,"[0.39058119958388665, 0.45374655865984675]",268,1
4242,[0.34685125 0.78819338],2,-1,-1,-1,-1
4243,[0.5136356  0.46474598],0,-1,-1,113,-1
4244,[0.46991452 0.79861799],1,-1,-1,-1,-1
4245,[0.34677571 0.62111949],2,-1,-1,349,-1
4246,[0.35382068 0.53069167],2,-1,-1,312,-1
4247,[0.25866112 0.62914865],2,0,"[0.27872464766475324, 0.6037969263876968]",-1,-1
4248,[0.65303217 0.48769464],0,-1,-1,147,0
4249,[0.29914067 0.69155073],1,-1,-1,-1,-1
4250,[0.50040625 0.72265381],1,-1,-1,-1,-1
4251,[0.3597843  0.37599474],3,-1,-1,-1,1
4252,[0.59007453 0.58967638],0,-1,-1,-1,0
4253,[0.67920794 0.55667326],0,3,"[0.7033493551787963, 0.5720264221842615]",164,0
4254,[0.71090866 0.62429813],0,3,"[0.7033493551787963, 0.5720264221842615]",-1,0
4255,[0.37110006 0.48406291],2,1,"[0.39058119958388665, 0.45374655865984675]",-1,-1
4256,[0.6022559  0.47492793],0,-1,-1,-1,0
4257,[0.44668634 0.87735269],1,-1,-1,2,-1
4258,[0.22798056 0.53973572],2,-1,-1,59,-1
4259,[0.3237917  0.73414026],1,2,"[0.36772318180773494, 0.7148766969481398]",-1,-1
4260,[0.47808593 0.71321552],1,-1,-1,30,-1
4261,[0.69687254 0.70043988],0,-1,-1,-1,0
4262,[0.34512072 0.61934551],2,0,"[0.27872464766475324, 0.6037969263876968]",349,-1
4263,[0.33647756 0.78155484],1,-1,-1,249,-1
4264,[0.45499093 0.70090097],1,-1,-1,-1,-1
4265,[0.50511324 0.56970167],3,-1,-1,-1,-1
4266,[0.41332435 0.62626459],1,-1,-1,-1,-1
4267,[0.32003916 0.82340139],1,-1,-1,-1,-1
4268,[0.77130197 0.45012305],0,-1,-1,6,0
4269,[0.40817336 0.72730711],1,2,"[0.36772318180773494, 0.7148766969481398]",261,-1
4270,[0.73190363 0.55843897],0,3,"[0.7033493551787963, 0.5720264221842615]",-1,0
4271,[0.28582095 0.80119334],1,-1,-1,-1,-1
4272,[0.48710214 0.35610885],3,-1,-1,179,-1
4273,[0.30711695 0.74791904],1,2,"[0.36772318180773494, 0.7148766969481398]",324,-1
4274,[0.34793634 0.59849568],2,0,"[0.27872464766475324, 0.6037969263876968]",-1,2
4275,[0.49694464 0.47089009],3,-1,-1,-1,-1
4276,[0.49581393 0.42233932],3,-1,-1,252,-1
4277,[0.65692747 0.36321827],0,-1,-1,-1,0
4278,[0.40532046 0.6561378 ],1,2,"[0.36772318180773494, 0.7148766969481398]",-1,-1
4279,[0.48412233 0.41221862],3,-1,-1,-1,1
4280,[0.45837415 0.45601118],3,1,"[0.39058119958388665, 0.45374655865984675]",243,-1
4281,[0.45989665 0.35485127],3,-1,-1,254,-1
4282,[0.23405018 0.57989899],2,0,"[0.27872464766475324, 0.6037969263876968]",-1,-1
4283,[0.4418513 0.4992764],3,1,"[0.39058119958388665, 0.45374655865984675]",-1,-1
4284,[0.25154827 0.8059299 ],1,-1,-1,-1,-1
4285,[0.57131511 0.55610132],0,-1,-1,-1,0
4286,[0.36657365 0.72765785],1,2,"[0.36772318180773494, 0.7148766969481398]",326,-1
4287,[0.76393569 0.60000088],0,3,"[0.7033493551787963, 0.5720264221842615]",63,0
4288,[0.33051122 0.71166924],1,2,"[0.36772318180773494, 0.7148766969481398]",-1,-1
4289,[0.40531312 0.42784036],3,1,"[0.39058119958388665, 0.45374655865984675]",266,1
4290,[0.46621418 0.44423275],3,-1,-1,-1,-1
4291,[0.26166439 0.51473652],2,-1,-1,213,-1
4292,[0.36042898 0.37011426],3,-1,-1,-1,1
4293,[0.29513025 0.69708199],1,-1,-1,-1,-1
4294,[0.45395463 0.56646463],2,-1,-1,-1,-1
4295,[0.73578755 0.60158852],0,3,"[0.7033493551787963, 0.5720264221842615]",-1,0
4296,[0.34681856 0.78244627],1,-1,-1,249,-1
4297,[0.38801274 0.33783922],3,-1,-1,-1,-1
4298,[0.37520574 0.36562737],3,-1,-1,-1,-1
4299,[0.49419349 0.35667014],3,-1,-1,179,-1
4300,[0.37719858 0.41859984],3,1,"[0.39058119958388665, 0.45374655865984675]",-1,1
4301,[0.61848061 0.35538683],3,-1,-1,-1,0
4302,[0.38479885 0.59292908],1,-1,-1,362,2
4303,[0.32388722 0.80450093],2,-1,-1,203,-1
4304,[0.42666412 0.51501534],3,-1,-1,183,-1
4305,[0.23252078 0.59026786],2,0,"[0.27872464766475324, 0.6037969263876968]",-1,-1
4306,[0.59697288 0.48037213],0,-1,-1,-1,0
4307,[0.61160928 0.51767462],0,-1,-1,-1,0
4308,[0.35671236 0.61378643],1,-1,-1,375,-1
4309,[0.44876545 0.44494262],3,1,"[0.39058119958388665, 0.45374655865984675]",245,-1
4310,[0.66755436 0.45716005],0,-1,-1,-1,0
4311,[0.80920307 0.4866477 ],0,-1,-1,32,0
4312,[0.5850196  0.69028454],0,-1,-1,34,0
4313,[0.34679269 0.5883938 ],2,0,"[0.27872464766475324, 0.6037969263876968]",-1,-1
4314,[0.33551563 0.55204537],2,-1,-1,-1,-1
4315,[0.80015906 0.71665816],0,-1,-1,-1,0
4316,[0.50690737 0.60421362],2,-1,-1,24,-1
4317,[0.36594314 0.41604642],3,1,"[0.39058119958388665, 0.45374655865984675]",237,1
4318,[0.36060611 0.61680858],1,-1,-1,375,-1
4319,[0.48509236 0.49186916],3,-1,-1,205,-1
4320,[0.23975236 0.6559263 ],2,0,"[0.27872464766475324, 0.6037969263876968]",327,-1
4321,[0.72796621 0.67108359],0,-1,-1,41,0
4322,[0.39747048 0.34353204],3,-1,-1,-1,-1
4323,[0.40420283 0.46034546],3,1,"[0.39058119958388665, 0.45374655865984675]",248,1
4324,[0.44187677 0.57968777],2,-1,-1,-1,-1
4325,[0.44192791 0.38962302],3,-1,-1,-1,1
4326,[0.47857042 0.29613622],3,-1,-1,-1,-1
4327,[0.79581722 0.53998613],0,-1,-1,-1,0
4328,[0.30509417 0.45215274],2,-1,-1,231,-1
4329,[0.45399382 0.65738863],2,-1,-1,175,-1
4330,[0.38035218 0.48383477],2,1,"[0.39058119958388665, 0.45374655865984675]",-1,1
4331,[0.36555611 0.29135222],3,-1,-1,36,-1
4332,[0.90535247 0.71997905],0,-1,-1,-1,-1
4333,[0.25736337 0.31808965],3,-1,-1,-1,-1
4334,[0.59479826 0.49079992],0,-1,-1,77,0
4335,[0.26363093 0.32158586],3,-1,-1,-1,-1
4336,[0.35559058 0.60085687],2,-1,-1,-1,-1
4337,[0.59153573 0.53106098],0,-1,-1,80,0
4338,[0.26748977 0.64030658],2,0,"[0.27872464766475324, 0.6037969263876968]",-1,-1
4339,[0.74801488 0.59767625],0,3,"[0.7033493551787963, 0.5720264221842615]",124,0
4340,[0.34001904 0.30707569],3,-1,-1,-1,-1
4341,[0.22323527 0.61542092],1,0,"[0.27872464766475324, 0.6037969263876968]",211,-1
4342,[0.38071795 0.39547392],3,1,"[0.39058119958388665, 0.45374655865984675]",-1,1
4343,[0.74493474 0.47970476],0,-1,-1,-1,0
4344,[0.40056733 0.72085847],2,2,"[0.36772318180773494, 0.7148766969481398]",261,-1
4345,[0.37909385 0.7097526 ],1,2,"[0.36772318180773494, 0.7148766969481398]",-1,-1
4346,[0.70422494 0.61723999],0,3,"[0.7033493551787963, 0.5720264221842615]",166,0
4347,[0.26314546 0.6471369 ],2,0,"[0.27872464766475324, 0.6037969263876968]",329,-1
4348,[0.41691528 0.43341756],2,1,"[0.39058119958388665, 0.45374655865984675]",267,1
4349,[0.69652843 0.59495654],0,3,"[0.7033493551787963, 0.5720264221842615]",-1,0
4350,[0.34234124 0.74511338],1,2,"[0.36772318180773494, 0.7148766969481398]",-1,-1
4351,[0.27497628 0.62097226],2,0,"[0.27872464766475324, 0.6037969263876968]",320,-1
4352,[0.23104277 0.67668233],1,-1,-1,330,-1
4353,[0.16494543 0.66791353],1,-1,-1,-1,-1
4354,[0.66960869 0.53187304],0,3,"[0.7033493551787963, 0.5720264221842615]",160,0
4355,[0.38396484 0.45281979],3,1,"[0.39058119958388665, 0.45374655865984675]",248,1
4356,[0.2119433  0.44889822],3,-1,-1,-1,-1
4357,[0.36956457 0.57443073],1,-1,-1,350,-1
4358,[0.75506499 0.74441856],0,-1,-1,-1,0
4359,[0.37180058 0.77338096],1,2,"[0.36772318180773494, 0.7148766969481398]",-1,-1
4360,[0.56092638 0.49309681],3,-1,-1,-1,-1
4361,[0.3600604  0.52253449],3,-1,-1,-1,-1
4362,[0.40612188 0.57206927],2,-1,-1,269,-1
4363,[0.46514178 0.56492345],3,-1,-1,62,-1
4364,[0.64210714 0.68212984],0,-1,-1,-1,0
4365,[0.39189807 0.31471411],3,-1,-1,-1,-1
4366,[0.43975046 0.74607828],1,-1,-1,-1,-1
4367,[0.35160879 0.60289854],1,-1,-1,391,2
4368,[0.35166105 0.6622741 ],2,2,"[0.36772318180773494, 0.7148766969481398]",377,4
4369,[0.4777612  0.72530917],1,-1,-1,-1,-1
4370,[0.70878202 0.66708864],0,-1,-1,-1,0
4371,[0.34253033 0.55386047],2,-1,-1,-1,-1
4372,[0.25002027 0.76244591],1,-1,-1,104,-1
4373,[0.3599081  0.28615969],3,-1,-1,-1,-1
4374,[0.64849957 0.58283518],0,3,"[0.7033493551787963, 0.5720264221842615]",162,0
4375,[0.35697899 0.55030674],1,-1,-1,334,-1
4376,[0.28779234 0.66729525],1,0,"[0.27872464766475324, 0.6037969263876968]",-1,-1
4377,[0.38591934 0.466437  ],2,1,"[0.39058119958388665, 0.45374655865984675]",257,1
4378,[0.43808671 0.65640222],2,-1,-1,175,-1
4379,[0.34278764 0.63552634],2,-1,-1,-1,-1
4380,[0.24475482 0.75654836],1,-1,-1,104,-1
4381,[0.34616405 0.36954967],3,-1,-1,207,-1
4382,[0.42664318 0.74132572],1,2,"[0.36772318180773494, 0.7148766969481398]",307,-1
4383,[0.30626483 0.5243197 ],2,-1,-1,299,-1
4384,[0.47548423 0.30837066],3,-1,-1,53,-1
4385,[0.67229448 0.57335658],0,3,"[0.7033493551787963, 0.5720264221842615]",157,0
4386,[0.57172585 0.60029863],0,-1,-1,-1,0
4387,[0.2781842  0.58090906],2,0,"[0.27872464766475324, 0.6037969263876968]",337,-1
4388,[0.26680984 0.61374834],2,0,"[0.27872464766475324, 0.6037969263876968]",-1,-1
4389,[0.72352124 0.59087025],0,3,"[0.7033493551787963, 0.5720264221842615]",-1,0
4390,[0.23794963 0.66311596],2,-1,-1,330,-1
4391,[0.26318523 0.57264833],2,0,"[0.27872464766475324, 0.6037969263876968]",-1,-1
4392,[0.73023826 0.56160172],0,3,"[0.7033493551787963, 0.5720264221842615]",128,0
4393,[0.53498716 0.39271116],3,-1,-1,-1,-1
4394,[0.51462798 0.27635924],3,-1,-1,9,-1
4395,[0.38511229 0.43238291],3,1,"[0.39058119958388665, 0.45374655865984675]",-1,1
4396,[0.62035243 0.55518781],0,-1,-1,-1,0
4397,[0.4727774  0.32713426],3,-1,-1,-1,-1
4398,[0.24275118 0.62983117],1,0,"[0.27872464766475324, 0.6037969263876968]",-1,-1
4399,[0.32695287 0.34666894],3,-1,-1,-1,-1
4400,[0.46327248 0.36351128],3,-1,-1,-1,-1
4401,[0.258503   0.67925796],1,-1,-1,381,-1
4402,[0.23265032 0.71868323],1,-1,-1,225,-1
4403,[0.85378905 0.6499767 ],0,-1,-1,0,0
4404,[0.70720285 0.62663829],0,3,"[0.7033493551787963, 0.5720264221842615]",-1,0
4405,[0.47864716 0.58471034],1,-1,-1,46,-1
4406,[0.37619966 0.49349232],3,1,"[0.39058119958388665, 0.45374655865984675]",244,1
4407,[0.40632196 0.74447513],2,2,"[0.36772318180773494, 0.7148766969481398]",307,-1
4408,[0.51948417 0.75678643],1,-1,-1,-1,-1
4409,[0.73985589 0.56982761],0,3,"[0.7033493551787963, 0.5720264221842615]",126,0
4410,[0.34929393 0.47941054],2,1,"[0.39058119958388665, 0.45374655865984675]",301,-1
4411,[0.43508571 0.80334335],1,-1,-1,85,-1
4412,[0.25476984 0.67355553],2,-1,-1,-1,-1
4413,[0.36819894 0.71643607],1,2,"[0.36772318180773494, 0.7148766969481398]",326,-1
4414,[0.3525725  0.76075633],1,2,"[0.36772318180773494, 0.7148766969481398]",-1,-1
4415,[0.26026223 0.75704983],1,-1,-1,-1,-1
4416,[0.26705612 0.70288843],1,-1,-1,-1,-1
4417,[0.34412045 0.48655007],3,1,"[0.39058119958388665, 0.45374655865984675]",301,-1
4418,[0.71425617 0.60713035],0,3,"[0.7033493551787963, 0.5720264221842615]",167,0
4419,[0.59939242 0.5283971 ],0,-1,-1,-1,0
4420,[0.27094641 0.71352955],1,-1,-1,-1,-1
4421,[0.28765454 0.5360224 ],2,0,"[0.27872464766475324, 0.6037969263876968]",316,-1
4422,[0.70374285 0.49445226],0,-1,-1,148,0
4423,[0.43469361 0.34394777],3,-1,-1,-1,-1
4424,[0.4247846  0.66553363],1,-1,-1,-1,-1
4425,[0.68358603 0.56449577],0,3,"[0.7033493551787963, 0.5720264221842615]",164,0
4426,[0.42174161 0.81961094],1,-1,-1,-1,-1
4427,[0.68937185 0.70678788],0,-1,-1,51,0
4428,[0.75509755 0.72840875],0,-1,-1,-1,0
4429,[0.44941544 0.370912  ],3,-1,-1,-1,1
4430,[0.83235193 0.66999022],0,-1,-1,-1,0
4431,[0.34368291 0.80296076],1,-1,-1,200,-1
4432,[0.25823018 0.64422732],2,0,"[0.27872464766475324, 0.6037969263876968]",-1,-1
4433,[0.35865617 0.74327801],1,2,"[0.36772318180773494, 0.7148766969481398]",-1,-1
4434,[0.22668642 0.77793782],1,-1,-1,-1,-1
4435,[0.75115134 0.42572091],0,-1,-1,-1,0
4436,[0.46189549 0.44723977],3,-1,-1,-1,-1
4437,[0.25832194 0.7071039 ],1,-1,-1,-1,-1
4438,[0.76154574 0.48825513],0,-1,-1,64,0
4439,[0.33418791 0.74844816],1,2,"[0.36772318180773494, 0.7148766969481398]",-1,-1
4440,[0.45758283 0.42690237],3,-1,-1,253,-1
4441,[0.36979387 0.68279086],1,2,"[0.36772318180773494, 0.7148766969481398]",388,-1
4442,[0.37559126 0.47073817],2,1,"[0.39058119958388665, 0.45374655865984675]",257,-1
4443,[0.44607473 0.46950341],3,1,"[0.39058119958388665, 0.45374655865984675]",221,-1
4444,[0.31625877 0.55071505],3,0,"[0.27872464766475324, 0.6037969263876968]",-1,-1
4445,[0.55551116 0.55956638],0,-1,-1,61,0
4446,[0.48894038 0.54393464],0,-1,-1,-1,-1
4447,[0.32329402 0.54921862],2,-1,-1,348,-1
4448,[0.43783912 0.42996585],3,1,"[0.39058119958388665, 0.45374655865984675]",-1,-1
4449,[0.15261985 0.67880287],1,-1,-1,-1,-1
4450,[0.67988288 0.65179348],0,-1,-1,-1,0
4451,[0.62715283 0.56581959],0,-1,-1,-1,0
4452,[0.70863137 0.55369395],0,3,"[0.7033493551787963, 0.5720264221842615]",130,0
4453,[0.34077657 0.54779799],3,-1,-1,-1,-1
4454,[0.25085989 0.60486809],2,0,"[0.27872464766475324, 0.6037969263876968]",247,-1
4455,[0.39588061 0.46553584],3,1,"[0.39058119958388665, 0.45374655865984675]",-1,1
4456,[0.50067402 0.34979669],3,-1,-1,179,-1
4457,[0.40858849 0.785976  ],1,-1,-1,-1,-1
4458,[0.31307111 0.58209013],2,0,"[0.27872464766475324, 0.6037969263876968]",374,-1
4459,[0.38734301 0.87422309],1,-1,-1,-1,-1
4460,[0.49648522 0.47318872],3,-1,-1,-1,-1
4461,[0.20091349 0.59724585],1,-1,-1,199,-1
4462,[0.77964747 0.57350694],0,-1,-1,-1,0
4463,[0.38240746 0.68858369],1,2,"[0.36772318180773494, 0.7148766969481398]",-1,-1
4464,[0.40084704 0.57288424],1,-1,-1,269,-1
4465,[0.16548045 0.36061397],3,-1,-1,-1,-1
4466,[0.30055032 0.79911804],1,-1,-1,-1,-1
4467,[0.79838792 0.59959687],0,-1,-1,68,0
4468,[0.25103913 0.42885178],2,-1,-1,-1,-1
4469,[0.32718884 0.66631459],2,2,"[0.36772318180773494, 0.7148766969481398]",-1,-1
4470,[0.34619574 0.64621742],1,-1,-1,-1,-1
4471,[0.28264239 0.67874166],1,-1,-1,361,-1
4472,[0.42774296 0.78053472],1,-1,-1,94,-1
4473,[0.30314893 0.28897313],3,-1,-1,-1,-1
4474,[0.48318156 0.83701205],1,-1,-1,-1,-1
4475,[0.53871737 0.41711692],3,-1,-1,-1,-1
4476,[0.67768545 0.50304879],0,-1,-1,149,0
4477,[0.44648218 0.87041718],1,-1,-1,2,-1
4478,[0.42212843 0.45215811],3,1,"[0.39058119958388665, 0.45374655865984675]",263,1
4479,[0.3683057  0.47523778],3,1,"[0.39058119958388665, 0.45374655865984675]",-1,-1
4480,[0.44469954 0.60147758],1,-1,-1,182,-1
4481,[0.49752183 0.35264041],3,-1,-1,179,-1
4482,[0.38362302 0.64461927],1,-1,-1,-1,-1
4483,[0.35155942 0.65969639],1,2,"[0.36772318180773494, 0.7148766969481398]",377,4
4484,[0.32508664 0.53023069],2,-1,-1,343,-1
4485,[0.88218376 0.53598065],0,-1,-1,-1,-1
4486,[0.32479081 0.45192017],3,1,"[0.39058119958388665, 0.45374655865984675]",-1,-1
4487,[0.19312436 0.79857879],1,-1,-1,13,-1
4488,[0.29338384 0.66444712],1,0,"[0.27872464766475324, 0.6037969263876968]",-1,-1
4489,[0.74486458 0.40322761],0,-1,-1,18,0
4490,[0.66359292 0.46247604],0,-1,-1,-1,0
4491,[0.66879005 0.53020271],0,3,"[0.7033493551787963, 0.5720264221842615]",160,0
4492,[0.29141102 0.70084271],1,-1,-1,389,-1
4493,[0.47497174 0.45209249],3,-1,-1,243,-1
4494,[0.23059239 0.32223102],3,-1,-1,-1,-1
4495,[0.49427807 0.76843756],1,-1,-1,-1,-1
4496,[0.23147854 0.337315  ],3,-1,-1,-1,-1
4497,[0.33888662 0.41369869],3,1,"[0.39058119958388665, 0.45374655865984675]",268,-1
4498,[0.40532271 0.43212871],3,1,"[0.39058119958388665, 0.45374655865984675]",266,1
4499,[0.65932822 0.54550202],0,3,"[0.7033493551787963, 0.5720264221842615]",164,0
4500,[0.49694573 0.34455375],3,-1,-1,179,-1
4501,[0.73146448 0.53404272],0,3,"[0.7033493551787963, 0.5720264221842615]",-1,0
4502,[0.3770792  0.59292877],3,-1,-1,362,2
4503,[0.29810322 0.82256908],1,-1,-1,-1,-1
4504,[0.62557426 0.64219674],0,-1,-1,102,0
4505,[0.47476715 0.80611681],1,-1,-1,-1,-1
4506,[0.67357461 0.61406122],0,3,"[0.7033493551787963, 0.5720264221842615]",173,0
4507,[0.71263788 0.55650681],0,3,"[0.7033493551787963, 0.5720264221842615]",130,0
4508,[0.56869789 0.51971672],0,-1,-1,-1,0
4509,[0.42017117 0.60582487],2,-1,-1,217,-1
4510,[0.71033462 0.50984177],0,3,"[0.7033493551787963, 0.5720264221842615]",148,0
4511,[0.30875602 0.47611148],3,-1,-1,-1,-1
4512,[0.43588169 0.48302458],3,1,"[0.39058119958388665, 0.45374655865984675]",221,-1
4513,[0.71981598 0.48276491],0,-1,-1,105,0
4514,[0.49915124 0.24955568],3,-1,-1,-1,-1
4515,[0.39770636 0.59100331],1,-1,-1,-1,-1
4516,[0.64975769 0.4311239 ],0,-1,-1,40,0
4517,[0.48047869 0.49061924],3,-1,-1,205,-1
4518,[0.71741276 0.63281011],0,3,"[0.7033493551787963, 0.5720264221842615]",-1,0
4519,[0.27469427 0.49317566],3,-1,-1,208,-1
4520,[0.44697249 0.37439056],3,-1,-1,279,1
4521,[0.43457222 0.56530039],1,-1,-1,185,-1
4522,[0.39236404 0.41094391],3,1,"[0.39058119958388665, 0.45374655865984675]",281,1
4523,[0.32747354 0.47192757],3,1,"[0.39058119958388665, 0.45374655865984675]",234,-1
4524,[0.29230979 0.33350683],3,-1,-1,15,-1
4525,[0.33559816 0.67977212],1,2,"[0.36772318180773494, 0.7148766969481398]",-1,-1
4526,[0.22879211 0.60245229],2,0,"[0.27872464766475324, 0.6037969263876968]",-1,-1
4527,[0.36022438 0.51317361],2,1,"[0.39058119958388665, 0.45374655865984675]",-1,-1
4528,[0.76393035 0.54797977],0,3,"[0.7033493551787963, 0.5720264221842615]",-1,0
4529,[0.44207962 0.22260889],3,-1,-1,-1,-1
4530,[0.3521845  0.78197449],1,2,"[0.36772318180773494, 0.7148766969481398]",249,-1
4531,[0.41189346 0.54136647],2,-1,-1,-1,-1
4532,[0.54867225 0.4247265 ],3,-1,-1,-1,-1
4533,[0.66429128 0.53077258],0,3,"[0.7033493551787963, 0.5720264221842615]",160,0
4534,[0.39419117 0.39430991],3,1,"[0.39058119958388665, 0.45374655865984675]",288,1
4535,[0.28621673 0.7035179 ],1,-1,-1,389,-1
4536,[0.66029625 0.45325965],0,-1,-1,-1,0
4537,[0.38987359 0.48830211],3,1,"[0.39058119958388665, 0.45374655865984675]",274,1
4538,[0.21363894 0.53793584],2,-1,-1,59,-1
4539,[0.28346859 0.54703708],2,0,"[0.27872464766475324, 0.6037969263876968]",316,-1
4540,[0.6661046  0.56538895],0,3,"[0.7033493551787963, 0.5720264221842615]",-1,0
4541,[0.67896637 0.63243607],0,3,"[0.7033493551787963, 0.5720264221842615]",-1,0
4542,[0.41649382 0.85368384],1,-1,-1,-1,-1
4543,[0.71044727 0.54607378],0,3,"[0.7033493551787963, 0.5720264221842615]",130,0
4544,[0.6605511  0.63227798],0,-1,-1,110,0
4545,[0.37564676 0.33369759],3,-1,-1,189,-1
4546,[0.64445578 0.49383893],0,-1,-1,-1,0
4547,[0.60864577 0.38999379],0,-1,-1,-1,-1
4548,[0.66401615 0.58147313],0,3,"[0.7033493551787963, 0.5720264221842615]",157,0
4549,[0.3147661  0.70298502],1,2,"[0.36772318180773494, 0.7148766969481398]",-1,3
4550,[0.24558421 0.47567572],2,-1,-1,109,-1
4551,[0.78556553 0.49159383],0,-1,-1,-1,0
4552,[0.66673028 0.68262498],0,-1,-1,-1,0
4553,[0.6645419  0.63923686],0,-1,-1,110,0
4554,[0.52454276 0.46984227],3,-1,-1,-1,-1
4555,[0.69747966 0.50932163],0,3,"[0.7033493551787963, 0.5720264221842615]",148,0
4556,[0.23140399 0.61151445],2,0,"[0.27872464766475324, 0.6037969263876968]",211,-1
4557,[0.38559571 0.51890425],2,1,"[0.39058119958388665, 0.45374655865984675]",246,-1
4558,[0.29335455 0.73506904],1,-1,-1,293,-1
4559,[0.63090587 0.45644826],0,-1,-1,-1,0
4560,[0.2656481  0.60570333],2,0,"[0.27872464766475324, 0.6037969263876968]",345,-1
4561,[0.73039111 0.60762125],0,3,"[0.7033493551787963, 0.5720264221842615]",-1,0
4562,[0.22757203 0.60642912],2,0,"[0.27872464766475324, 0.6037969263876968]",211,-1
4563,[0.38670151 0.47223319],2,1,"[0.39058119958388665, 0.45374655865984675]",257,1
4564,[0.50418147 0.59734646],0,-1,-1,24,-1
4565,[0.30171553 0.70166234],1,2,"[0.36772318180773494, 0.7148766969481398]",-1,-1
4566,[0.24871994 0.85149105],1,-1,-1,-1,-1
4567,[0.31922211 0.41188281],2,-1,-1,214,-1
4568,[0.33513641 0.67400281],2,2,"[0.36772318180773494, 0.7148766969481398]",-1,-1
4569,[0.38683462 0.67502578],1,2,"[0.36772318180773494, 0.7148766969481398]",387,-1
4570,[0.30690076 0.67496679],1,-1,-1,385,3
4571,[0.37910484 0.87041893],1,-1,-1,-1,-1
4572,[0.33786289 0.50175741],2,-1,-1,-1,-1
4573,[0.71317256 0.56084402],0,3,"[0.7033493551787963, 0.5720264221842615]",130,0
4574,[0.50751216 0.4866677 ],0,-1,-1,-1,-1
4575,[0.42466949 0.47927762],2,1,"[0.39058119958388665, 0.45374655865984675]",-1,-1
4576,[0.82604243 0.6094497 ],0,-1,-1,27,0
4577,[0.15163642 0.55397438],2,-1,-1,-1,-1
4578,[0.36911608 0.77252145],2,2,"[0.36772318180773494, 0.7148766969481398]",-1,-1
4579,[0.44966251 0.43018519],3,1,"[0.39058119958388665, 0.45374655865984675]",-1,-1
4580,[0.64824189 0.60234994],0,3,"[0.7033493551787963, 0.5720264221842615]",-1,0
4581,[0.36852451 0.54037782],3,-1,-1,310,-1
4582,[0.33274886 0.65348649],1,-1,-1,-1,-1
4583,[0.30261068 0.70677995],2,2,"[0.36772318180773494, 0.7148766969481398]",395,-1
4584,[0.51242755 0.52879345],3,-1,-1,-1,-1
4585,[0.30216226 0.454941  ],2,-1,-1,231,-1
4586,[0.34154537 0.5052638 ],1,-1,-1,309,-1
4587,[0.26277787 0.49982928],2,-1,-1,-1,-1
4588,[0.34003394 0.86001859],1,-1,-1,-1,-1
4589,[0.23779156 0.68678303],1,-1,-1,-1,-1
4590,[0.25731017 0.68032594],2,-1,-1,381,-1
4591,[0.40414161 0.50654825],2,1,"[0.39058119958388665, 0.45374655865984675]",273,-1
4592,[0.55689019 0.3722909 ],3,-1,-1,-1,-1
4593,[0.55783978 0.22622332],3,-1,-1,-1,-1
4594,[0.53816075 0.34907428],3,-1,-1,57,-1
4595,[0.48328082 0.48839787],3,-1,-1,205,-1
4596,[0.4820926  0.70080061],0,-1,-1,30,-1
4597,[0.24032491 0.50128429],2,-1,-1,109,-1
4598,[0.48254371 0.48669662],3,-1,-1,205,-1
4599,[0.35253777 0.68011677],1,2,"[0.36772318180773494, 0.7148766969481398]",377,-1
4600,[0.45976698 0.38616172],3,-1,-1,-1,-1
4601,[0.27785914 0.53361915],2,-1,-1,-1,-1
4602,[0.28911112 0.55461197],2,0,"[0.27872464766475324, 0.6037969263876968]",339,-1
4603,[0.40316286 0.23760981],3,-1,-1,-1,-1
4604,[0.34938909 0.71091535],1,2,"[0.36772318180773494, 0.7148766969481398]",326,-1
4605,[0.74673678 0.59597619],0,3,"[0.7033493551787963, 0.5720264221842615]",-1,0
4606,[0.46002874 0.62442582],1,-1,-1,-1,-1
4607,[0.26367086 0.73101277],1,-1,-1,193,-1
4608,[0.40853041 0.79870174],1,-1,-1,136,-1
4609,[0.44002328 0.68705992],2,-1,-1,-1,-1
4610,[0.2343861  0.73043375],1,-1,-1,224,-1
4611,[0.32164525 0.58222404],2,0,"[0.27872464766475324, 0.6037969263876968]",374,-1
4612,[0.77647669 0.54140146],0,-1,-1,92,0
4613,[0.44556947 0.41099265],3,1,"[0.39058119958388665, 0.45374655865984675]",265,-1
4614,[0.42045064 0.54848224],2,-1,-1,190,-1
4615,[0.49927524 0.55097995],2,-1,-1,-1,-1
4616,[0.34066322 0.56879073],2,-1,-1,353,2
4617,[0.35685315 0.46940156],2,1,"[0.39058119958388665, 0.45374655865984675]",300,-1
4618,[0.25538289 0.78018256],1,-1,-1,119,-1
4619,[0.66468102 0.54158172],0,3,"[0.7033493551787963, 0.5720264221842615]",-1,0
4620,[0.34055926 0.70019165],2,2,"[0.36772318180773494, 0.7148766969481398]",-1,3
4621,[0.25296418 0.60451109],2,0,"[0.27872464766475324, 0.6037969263876968]",247,-1
4622,[0.39571022 0.74057195],1,2,"[0.36772318180773494, 0.7148766969481398]",306,-1
4623,[0.80714452 0.52353931],0,-1,-1,-1,0
4624,[0.37905611 0.46027343],3,1,"[0.39058119958388665, 0.45374655865984675]",257,1
4625,[0.33818309 0.62724121],2,0,"[0.27872464766475324, 0.6037969263876968]",383,-1
4626,[0.68383991 0.60353588],0,3,"[0.7033493551787963, 0.5720264221842615]",174,0
4627,[0.33973376 0.56156165],3,-1,-1,347,-1
4628,[0.71579041 0.61893708],0,3,"[0.7033493551787963, 0.5720264221842615]",166,0
4629,[0.13792572 0.54647188],2,-1,-1,-1,-1
4630,[0.70372219 0.61900755],0,3,"[0.7033493551787963, 0.5720264221842615]",-1,0
4631,[0.68095847 0.47163374],0,-1,-1,-1,0
4632,[0.56341603 0.66570378],0,-1,-1,-1,0
4633,[0.18242494 0.7174162 ],2,-1,-1,-1,-1
4634,[0.43493498 0.27974357],3,-1,-1,-1,-1
4635,[0.75426326 0.55385243],0,3,"[0.7033493551787963, 0.5720264221842615]",121,0
4636,[0.41069691 0.34028478],3,-1,-1,-1,-1
4637,[0.37392751 0.57826095],1,-1,-1,350,-1
4638,[0.52141129 0.40796263],3,-1,-1,-1,-1
4639,[0.31889687 0.58477236],2,0,"[0.27872464766475324, 0.6037969263876968]",374,-1
4640,[0.75713154 0.48316929],0,-1,-1,-1,0
4641,[0.41812766 0.45300069],3,1,"[0.39058119958388665, 0.45374655865984675]",-1,1
4642,[0.31539056 0.31291044],3,-1,-1,21,-1
4643,[0.31570771 0.53604024],2,-1,-1,-1,-1
4644,[0.39206258 0.57012955],2,-1,-1,-1,-1
4645,[0.61881361 0.45575313],0,-1,-1,90,0
4646,[0.4150352  0.53355004],2,-1,-1,230,-1
4647,[0.6922391  0.55401648],0,3,"[0.7033493551787963, 0.5720264221842615]",-1,0
4648,[0.55418543 0.41115892],3,-1,-1,47,-1
4649,[0.18449193 0.54142039],2,-1,-1,72,-1
4650,[0.36777636 0.49898238],3,1,"[0.39058119958388665, 0.45374655865984675]",244,-1
4651,[0.61769982 0.46007974],0,-1,-1,90,0
4652,[0.43313182 0.58730148],3,-1,-1,-1,-1
4653,[0.2374846  0.73127088],1,-1,-1,224,-1
4654,[0.28694062 0.85557611],1,-1,-1,-1,-1
4655,[0.56799543 0.42864125],3,-1,-1,48,-1
4656,[0.40067844 0.75411772],1,2,"[0.36772318180773494, 0.7148766969481398]",-1,-1
4657,[0.38326598 0.56246875],2,-1,-1,311,-1
4658,[0.09339699 0.646099  ],2,-1,-1,-1,-1
4659,[0.62272666 0.59571013],0,-1,-1,158,0
4660,[0.44260762 0.4235093 ],3,1,"[0.39058119958388665, 0.45374655865984675]",-1,-1
4661,[0.2445893  0.47165492],2,-1,-1,109,-1
4662,[0.2133081  0.71838762],1,-1,-1,50,-1
4663,[0.35446093 0.73864464],2,2,"[0.36772318180773494, 0.7148766969481398]",326,-1
4664,[0.56207564 0.5291077 ],0,-1,-1,71,0
4665,[0.29836888 0.68500319],1,-1,-1,-1,-1
4666,[0.32280278 0.59289131],2,0,"[0.27872464766475324, 0.6037969263876968]",373,2
4667,[0.68783485 0.55167972],0,3,"[0.7033493551787963, 0.5720264221842615]",163,0
4668,[0.31050603 0.57111116],2,0,"[0.27872464766475324, 0.6037969263876968]",360,-1
4669,[0.32882647 0.43580024],3,1,"[0.39058119958388665, 0.45374655865984675]",-1,-1
4670,[0.69606289 0.47595833],0,-1,-1,-1,0
4671,[0.29565389 0.54521447],3,0,"[0.27872464766475324, 0.6037969263876968]",-1,-1
4672,[0.48427082 0.50705501],3,-1,-1,-1,-1
4673,[0.49031459 0.34715248],3,-1,-1,179,-1
4674,[0.77844653 0.51157858],0,-1,-1,-1,0
4675,[0.49753559 0.34368484],3,-1,-1,179,-1
4676,[0.60242743 0.59070606],0,-1,-1,111,0
4677,[0.69032164 0.54602023],0,3,"[0.7033493551787963, 0.5720264221842615]",163,0
4678,[0.38578043 0.30596708],3,-1,-1,-1,-1
4679,[0.18280932 0.65151102],2,-1,-1,49,-1
4680,[0.69792776 0.53976121],0,3,"[0.7033493551787963, 0.5720264221842615]",-1,0
4681,[0.30136286 0.57141739],1,0,"[0.27872464766475324, 0.6037969263876968]",340,-1
4682,[0.58159781 0.62413743],0,-1,-1,-1,0
4683,[0.66467454 0.5868739 ],0,3,"[0.7033493551787963, 0.5720264221842615]",157,0
4684,[0.49001218 0.75688809],1,-1,-1,-1,-1
4685,[0.23787843 0.60111078],2,0,"[0.27872464766475324, 0.6037969263876968]",247,-1
4686,[0.27725213 0.58291216],2,0,"[0.27872464766475324, 0.6037969263876968]",337,-1
4687,[0.23353437 0.67133265],2,-1,-1,330,-1
4688,[0.32722803 0.5558931 ],2,0,"[0.27872464766475324, 0.6037969263876968]",348,2
4689,[0.30955374 0.51368216],2,-1,-1,299,-1
4690,[0.28968745 0.56814196],2,0,"[0.27872464766475324, 0.6037969263876968]",340,-1
4691,[0.68947133 0.56399409],0,3,"[0.7033493551787963, 0.5720264221842615]",164,0
4692,[0.45907773 0.57552128],3,-1,-1,-1,-1
4693,[0.35102303 0.46334174],2,1,"[0.39058119958388665, 0.45374655865984675]",-1,-1
4694,[0.35967231 0.36179505],3,-1,-1,-1,-1
4695,[0.34926124 0.41283836],3,1,"[0.39058119958388665, 0.45374655865984675]",268,-1
4696,[0.51496136 0.60892201],1,-1,-1,24,-1
4697,[0.35462311 0.57287414],3,-1,-1,356,-1
4698,[0.47319671 0.34461724],3,-1,-1,198,-1
4699,[0.33924485 0.79714747],1,-1,-1,-1,-1
4700,[0.26786875 0.49186333],3,-1,-1,208,-1
4701,[0.43147046 0.62300715],2,-1,-1,197,-1
4702,[0.33806951 0.62388753],1,0,"[0.27872464766475324, 0.6037969263876968]",383,-1
4703,[0.71627717 0.66176489],0,-1,-1,-1,0
4704,[0.37748978 0.59956862],2,-1,-1,363,2
4705,[0.61635651 0.43408394],0,-1,-1,23,0
4706,[0.40088547 0.71135377],1,2,"[0.36772318180773494, 0.7148766969481398]",236,-1
4707,[0.71009832 0.53713544],0,3,"[0.7033493551787963, 0.5720264221842615]",-1,0
4708,[0.84233492 0.51147612],0,-1,-1,-1,0
4709,[0.02986352 0.71955784],2,-1,-1,-1,-1
4710,[0.1472303  0.58141471],2,-1,-1,20,-1
4711,[0.35860317 0.40247962],2,1,"[0.39058119958388665, 0.45374655865984675]",268,-1
4712,[0.38714317 0.39549328],3,1,"[0.39058119958388665, 0.45374655865984675]",-1,1
4713,[0.79557105 0.57473919],0,-1,-1,70,0
4714,[0.36668706 0.71387692],1,2,"[0.36772318180773494, 0.7148766969481398]",326,-1
4715,[0.35579438 0.41160236],2,1,"[0.39058119958388665, 0.45374655865984675]",268,1
4716,[0.33750391 0.66509244],1,2,"[0.36772318180773494, 0.7148766969481398]",377,-1
4717,[0.37420112 0.46479633],3,1,"[0.39058119958388665, 0.45374655865984675]",-1,1
4718,[0.34838588 0.72761968],1,2,"[0.36772318180773494, 0.7148766969481398]",326,-1
4719,[0.51727762 0.33092292],3,-1,-1,-1,-1
4720,[0.26808597 0.51239265],2,-1,-1,-1,-1
4721,[0.16029963 0.72429452],1,-1,-1,-1,-1
4722,[0.61707853 0.52648538],0,-1,-1,78,0
4723,[0.54386825 0.39636033],3,-1,-1,60,-1
4724,[0.30802135 0.75392927],1,-1,-1,324,-1
4725,[0.61254935 0.62581047],0,-1,-1,123,0
4726,[0.49171733 0.4429143 ],3,-1,-1,-1,-1
4727,[0.40036637 0.79997337],1,-1,-1,136,-1
4728,[0.44785881 0.4557404 ],3,1,"[0.39058119958388665, 0.45374655865984675]",-1,-1
4729,[0.38003736 0.2970301 ],3,-1,-1,36,-1
4730,[0.48739323 0.28786869],3,-1,-1,53,-1
4731,[0.3752726  0.39453072],3,1,"[0.39058119958388665, 0.45374655865984675]",282,1
4732,[0.45667701 0.79862582],1,-1,-1,-1,-1
4733,[0.44610809 0.39764823],3,-1,-1,264,1
4734,[0.70001897 0.48005821],0,-1,-1,-1,0
4735,[0.30797571 0.8264147 ],1,-1,-1,-1,-1
4736,[0.45702297 0.44350774],3,1,"[0.39058119958388665, 0.45374655865984675]",245,-1
4737,[0.22490716 0.52484682],2,-1,-1,118,-1
4738,[0.44619519 0.59951394],2,-1,-1,182,-1
4739,[0.3716814  0.49417914],3,1,"[0.39058119958388665, 0.45374655865984675]",244,-1
4740,[0.64339141 0.58545773],0,3,"[0.7033493551787963, 0.5720264221842615]",-1,0
4741,[0.69843703 0.65354655],0,-1,-1,-1,0
4742,[0.59339291 0.33654053],3,-1,-1,-1,-1
4743,[0.36926952 0.60191814],2,-1,-1,363,2
4744,[0.32510966 0.51081732],2,-1,-1,-1,-1
4745,[0.42180757 0.33740196],3,-1,-1,-1,-1
4746,[0.43783172 0.54588341],2,-1,-1,190,-1
4747,[0.74018237 0.46930356],0,-1,-1,-1,0
4748,[0.29625963 0.62910801],2,0,"[0.27872464766475324, 0.6037969263876968]",-1,-1
4749,[0.51261642 0.4230212 ],3,-1,-1,223,-1
4750,[0.27805283 0.63384254],1,0,"[0.27872464766475324, 0.6037969263876968]",-1,-1
4751,[0.32399478 0.5274391 ],2,-1,-1,343,-1
4752,[0.28757165 0.81700706],1,-1,-1,73,-1
4753,[0.33382875 0.88626495],1,-1,-1,-1,-1
4754,[0.42912358 0.47380001],3,1,"[0.39058119958388665, 0.45374655865984675]",-1,-1
4755,[0.27064884 0.66417455],2,0,"[0.27872464766475324, 0.6037969263876968]",-1,-1
4756,[0.41543096 0.50389163],3,1,"[0.39058119958388665, 0.45374655865984675]",-1,-1
4757,[0.23412156 0.74172448],1,-1,-1,-1,-1
4758,[0.39090914 0.37622531],3,-1,-1,-1,1
4759,[0.28640026 0.74753673],1,-1,-1,-1,-1
4760,[0.23196969 0.71204555],1,-1,-1,-1,-1
4761,[0.4448317  0.38290157],3,-1,-1,-1,1
4762,[0.85434367 0.66724921],0,-1,-1,0,-1
4763,[0.34334026 0.6818019 ],1,2,"[0.36772318180773494, 0.7148766969481398]",-1,-1
4764,[0.35090777 0.64263906],1,-1,-1,346,-1
4765,[0.81736137 0.55403847],0,-1,-1,-1,0
4766,[0.45930517 0.4090426 ],3,-1,-1,265,-1
4767,[0.34116068 0.69194838],1,2,"[0.36772318180773494, 0.7148766969481398]",385,-1
4768,[0.30065738 0.6508784 ],1,0,"[0.27872464766475324, 0.6037969263876968]",-1,-1
4769,[0.37209131 0.54785702],3,-1,-1,310,-1
4770,[0.41704068 0.6479683 ],1,-1,-1,-1,-1
4771,[0.54675824 0.43541841],0,-1,-1,-1,-1
4772,[0.34389873 0.43462571],2,1,"[0.39058119958388665, 0.45374655865984675]",-1,-1
4773,[0.57830674 0.57146389],0,-1,-1,-1,0
4774,[0.45164695 0.25958639],3,-1,-1,10,-1
4775,[0.497076   0.38637319],3,-1,-1,215,-1
4776,[0.44478072 0.57466825],2,-1,-1,-1,-1
4777,[0.57487246 0.51170323],0,-1,-1,-1,0
4778,[0.66780714 0.55569793],0,3,"[0.7033493551787963, 0.5720264221842615]",-1,0
4779,[0.32876264 0.51031544],2,-1,-1,294,-1
4780,[0.49641685 0.35738522],0,-1,-1,179,-1
4781,[0.31579288 0.66053196],1,0,"[0.27872464766475324, 0.6037969263876968]",-1,-1
4782,[0.41935845 0.4358852 ],2,1,"[0.39058119958388665, 0.45374655865984675]",-1,1
4783,[0.27255213 0.78888109],2,-1,-1,145,-1
4784,[0.33855877 0.54127062],3,-1,-1,319,-1
4785,[0.41203729 0.65707491],1,-1,-1,-1,-1
4786,[0.49282519 0.4244355 ],3,-1,-1,252,-1
4787,[0.42936211 0.73865847],1,2,"[0.36772318180773494, 0.7148766969481398]",307,-1
4788,[0.24227793 0.53871205],2,-1,-1,-1,-1
4789,[0.21443185 0.72151987],1,-1,-1,50,-1
4790,[0.38203879 0.71132817],1,2,"[0.36772318180773494, 0.7148766969481398]",236,-1
4791,[0.44094706 0.37628566],3,-1,-1,279,1
4792,[0.39909871 0.52656597],2,-1,-1,-1,-1
4793,[0.66561685 0.63974302],0,-1,-1,110,0
4794,[0.33782049 0.72922661],2,2,"[0.36772318180773494, 0.7148766969481398]",326,-1
4795,[0.59913377 0.6789133 ],0,-1,-1,-1,0
4796,[0.62248515 0.58790804],0,-1,-1,-1,0
4797,[0.39761547 0.59994215],2,-1,-1,-1,-1
4798,[0.39928543 0.35734169],3,-1,-1,209,-1
4799,[0.31864651 0.75780742],1,2,"[0.36772318180773494, 0.7148766969481398]",-1,-1
4800,[0.39195194 0.66295439],2,2,"[0.36772318180773494, 0.7148766969481398]",-1,-1
4801,[0.38860844 0.78511461],1,-1,-1,136,-1
4802,[0.68776051 0.43718563],0,-1,-1,-1,0
4803,[0.28339411 0.54214773],2,0,"[0.27872464766475324, 0.6037969263876968]",316,-1
4804,[0.38698065 0.73190463],1,2,"[0.36772318180773494, 0.7148766969481398]",-1,-1
4805,[0.44281372 0.41363745],3,1,"[0.39058119958388665, 0.45374655865984675]",-1,-1
4806,[0.38938599 0.54190119],2,-1,-1,-1,-1
4807,[0.27309942 0.56879351],2,0,"[0.27872464766475324, 0.6037969263876968]",240,-1
4808,[0.37249093 0.63770505],2,-1,-1,-1,-1
4809,[0.4158374  0.62981644],2,-1,-1,197,-1
4810,[0.38457567 0.49889429],2,1,"[0.39058119958388665, 0.45374655865984675]",-1,1
4811,[0.49798655 0.58800468],0,-1,-1,-1,-1
4812,[0.42276664 0.62101057],1,-1,-1,197,-1
4813,[0.29883012 0.31750549],3,-1,-1,-1,-1
4814,[0.25135814 0.56088371],2,0,"[0.27872464766475324, 0.6037969263876968]",-1,-1
4815,[0.58793584 0.4504776 ],3,-1,-1,43,0
4816,[0.37882275 0.40926498],3,1,"[0.39058119958388665, 0.45374655865984675]",-1,1
4817,[0.35318721 0.69805967],1,2,"[0.36772318180773494, 0.7148766969481398]",-1,-1
4818,[0.26435828 0.62468076],2,0,"[0.27872464766475324, 0.6037969263876968]",-1,-1
4819,[0.42732341 0.38273171],3,-1,-1,284,1
4820,[0.2922565  0.80911507],1,-1,-1,-1,-1
4821,[0.34641283 0.41819867],3,1,"[0.39058119958388665, 0.45374655865984675]",268,1
4822,[0.37998583 0.60366328],2,-1,-1,363,-1
4823,[0.29857805 0.66592276],1,0,"[0.27872464766475324, 0.6037969263876968]",-1,-1
4824,[0.30820138 0.58728866],3,0,"[0.27872464766475324, 0.6037969263876968]",-1,-1
4825,[0.24616249 0.70119658],1,-1,-1,-1,-1
4826,[0.77044269 0.60391549],0,-1,-1,63,0
4827,[0.38479139 0.49476474],3,1,"[0.39058119958388665, 0.45374655865984675]",-1,1
4828,[0.41643049 0.45870669],3,1,"[0.39058119958388665, 0.45374655865984675]",-1,1
4829,[0.41320376 0.60410797],1,-1,-1,217,-1
4830,[0.4365919  0.61911122],2,-1,-1,197,-1
4831,[0.59503311 0.67880962],0,-1,-1,34,0
4832,[0.53235478 0.64928459],1,-1,-1,17,0
4833,[0.29712805 0.76509601],1,-1,-1,-1,-1
4834,[0.35232618 0.73020302],1,2,"[0.36772318180773494, 0.7148766969481398]",326,-1
4835,[0.46920323 0.30266326],3,-1,-1,53,-1
4836,[0.36983153 0.33700593],3,-1,-1,189,-1
4837,[0.41315396 0.39354311],3,1,"[0.39058119958388665, 0.45374655865984675]",-1,1
4838,[0.71116162 0.59156314],0,3,"[0.7033493551787963, 0.5720264221842615]",-1,0
4839,[0.66756645 0.63681738],0,-1,-1,110,0
4840,[0.40499195 0.75389917],1,2,"[0.36772318180773494, 0.7148766969481398]",307,-1
4841,[0.53166753 0.56784739],0,-1,-1,61,0
4842,[0.34850598 0.60459849],1,0,"[0.27872464766475324, 0.6037969263876968]",391,-1
4843,[0.3129154  0.57966515],1,0,"[0.27872464766475324, 0.6037969263876968]",-1,-1
4844,[0.71665618 0.46974461],0,-1,-1,-1,0
4845,[0.32517096 0.47786438],3,1,"[0.39058119958388665, 0.45374655865984675]",234,-1
4846,[0.40799465 0.57213155],2,-1,-1,-1,-1
4847,[0.32726304 0.47627014],2,1,"[0.39058119958388665, 0.45374655865984675]",234,-1
4848,[0.27767262 0.59654711],1,0,"[0.27872464766475324, 0.6037969263876968]",315,-1
4849,[0.54238074 0.55928469],0,-1,-1,-1,0
4850,[0.44062551 0.59309542],3,-1,-1,-1,-1
4851,[0.62873903 0.72336841],0,-1,-1,-1,0
4852,[0.13113733 0.51808045],2,-1,-1,-1,-1
4853,[0.48135885 0.36597758],3,-1,-1,179,-1
4854,[0.36266162 0.72196212],1,2,"[0.36772318180773494, 0.7148766969481398]",326,-1
4855,[0.37124112 0.37644005],3,-1,-1,282,1
4856,[0.45004971 0.72485321],1,-1,-1,101,-1
4857,[0.28261752 0.45145526],2,-1,-1,-1,-1
4858,[0.24497715 0.62249949],1,0,"[0.27872464766475324, 0.6037969263876968]",276,-1
4859,[0.27950628 0.59620901],2,0,"[0.27872464766475324, 0.6037969263876968]",315,-1
4860,[0.22580516 0.58550406],2,0,"[0.27872464766475324, 0.6037969263876968]",-1,-1
4861,[0.46927454 0.26383541],3,-1,-1,-1,-1
4862,[0.4224962  0.54795879],3,-1,-1,190,-1
4863,[0.2740187  0.66271249],1,0,"[0.27872464766475324, 0.6037969263876968]",376,-1
4864,[0.38980768 0.57339747],2,-1,-1,351,-1
4865,[0.35697297 0.39232619],3,-1,-1,-1,-1
4866,[0.23783674 0.65017576],1,0,"[0.27872464766475324, 0.6037969263876968]",327,-1
4867,[0.53698582 0.30278767],3,-1,-1,-1,-1
4868,[0.34574171 0.7195998 ],1,2,"[0.36772318180773494, 0.7148766969481398]",326,-1
4869,[0.22180191 0.52106469],2,-1,-1,118,-1
4870,[0.37496133 0.51519287],3,1,"[0.39058119958388665, 0.45374655865984675]",246,-1
4871,[0.45888368 0.75560585],1,-1,-1,-1,-1
4872,[0.29003733 0.39626588],3,-1,-1,194,-1
4873,[0.3685591  0.73943613],1,2,"[0.36772318180773494, 0.7148766969481398]",321,-1
4874,[0.27445546 0.57927586],2,0,"[0.27872464766475324, 0.6037969263876968]",337,-1
4875,[0.31547041 0.47826004],3,-1,-1,303,-1
4876,[0.53955112 0.43158182],3,-1,-1,-1,-1
4877,[0.49788162 0.35495061],3,-1,-1,179,-1
4878,[0.32719844 0.65935644],1,2,"[0.36772318180773494, 0.7148766969481398]",368,-1
4879,[0.65141116 0.67341058],0,-1,-1,-1,0
4880,[0.72716332 0.50477746],0,-1,-1,-1,0
4881,[0.39839827 0.7604963 ],1,2,"[0.36772318180773494, 0.7148766969481398]",-1,-1
4882,[0.41862864 0.54805285],3,-1,-1,190,-1
4883,[0.49460559 0.26870218],3,-1,-1,-1,-1
4884,[0.13738682 0.5809549 ],2,-1,-1,20,-1
4885,[0.4363332  0.43946622],3,1,"[0.39058119958388665, 0.45374655865984675]",262,-1
4886,[0.38260548 0.68310999],1,2,"[0.36772318180773494, 0.7148766969481398]",-1,-1
4887,[0.77210178 0.49526062],0,-1,-1,65,0
4888,[0.448493   0.41150393],3,-1,-1,265,-1
4889,[0.1710301  0.75482043],1,-1,-1,-1,-1
4890,[0.3793487  0.37375501],3,-1,-1,-1,1
4891,[0.36380331 0.42031133],3,1,"[0.39058119958388665, 0.45374655865984675]",237,1
4892,[0.29888875 0.75480783],1,-1,-1,-1,-1
4893,[0.39420766 0.70075156],1,2,"[0.36772318180773494, 0.7148766969481398]",314,-1
4894,[0.52628873 0.42501365],3,-1,-1,177,-1
4895,[0.4820178  0.30826055],3,-1,-1,53,-1
4896,[0.34964624 0.62046516],1,-1,-1,349,-1
4897,[0.4213533  0.31121781],3,-1,-1,-1,-1
4898,[0.51756056 0.42504955],3,-1,-1,-1,-1
4899,[0.18522427 0.38845851],2,-1,-1,-1,-1
4900,[0.5063722  0.38869225],3,-1,-1,215,-1
4901,[0.7066617  0.73765673],0,-1,-1,-1,0
4902,[0.35111721 0.34696605],3,-1,-1,172,-1
4903,[0.42488815 0.32277888],3,-1,-1,152,-1
4904,[0.43357321 0.4126281 ],3,1,"[0.39058119958388665, 0.45374655865984675]",275,-1
4905,[0.18372259 0.79250355],1,-1,-1,13,-1
4906,[0.25405774 0.41970539],2,-1,-1,-1,-1
4907,[0.71415561 0.50982542],0,3,"[0.7033493551787963, 0.5720264221842615]",148,0
4908,[0.31427953 0.57220427],2,0,"[0.27872464766475324, 0.6037969263876968]",360,-1
4909,[0.47981422 0.45005833],3,-1,-1,-1,-1
4910,[0.49081708 0.45119518],3,-1,-1,-1,-1
4911,[0.8236645  0.45912003],0,-1,-1,-1,0
4912,[0.29651607 0.52047042],2,-1,-1,-1,-1
4913,[0.70650832 0.58584785],0,3,"[0.7033493551787963, 0.5720264221842615]",122,0
4914,[0.44101743 0.90499937],1,-1,-1,-1,-1
4915,[0.38052275 0.48929033],3,1,"[0.39058119958388665, 0.45374655865984675]",-1,1
4916,[0.221276   0.68474075],2,-1,-1,212,-1
4917,[0.44657226 0.38378868],3,-1,-1,-1,1
4918,[0.45634055 0.41250132],3,-1,-1,265,-1
4919,[0.16655102 0.76862377],1,-1,-1,-1,-1
4920,[0.34247637 0.43242586],3,1,"[0.39058119958388665, 0.45374655865984675]",216,-1
4921,[0.41289745 0.43383253],3,1,"[0.39058119958388665, 0.45374655865984675]",267,1
4922,[0.69076371 0.60778679],0,3,"[0.7033493551787963, 0.5720264221842615]",-1,0
4923,[0.37518027 0.62857037],2,-1,-1,-1,-1
4924,[0.22096507 0.76879807],1,-1,-1,-1,-1
4925,[0.40281236 0.37385531],3,-1,-1,255,-1
4926,[0.39675955 0.62115323],2,-1,-1,218,-1
4927,[0.62132386 0.55832717],0,-1,-1,-1,0
4928,[0.29534668 0.43036236],3,-1,-1,-1,-1
4929,[0.34256381 0.91519454],1,-1,-1,-1,-1
4930,[0.43173788 0.36747605],3,-1,-1,279,1
4931,[0.78962732 0.60817111],0,-1,-1,68,0
4932,[0.62153465 0.51638385],0,-1,-1,-1,0
4933,[0.79227098 0.47185234],0,-1,-1,-1,0
4934,[0.43852155 0.40688884],3,1,"[0.39058119958388665, 0.45374655865984675]",-1,1
4935,[0.57958603 0.51489921],0,-1,-1,80,0
4936,[0.33039182 0.5576819 ],2,0,"[0.27872464766475324, 0.6037969263876968]",348,-1
4937,[0.34728359 0.72061603],1,2,"[0.36772318180773494, 0.7148766969481398]",326,-1
4938,[0.43771379 0.35816014],3,-1,-1,-1,-1
4939,[0.34662693 0.59267292],2,0,"[0.27872464766475324, 0.6037969263876968]",386,2
4940,[0.41888234 0.42822253],3,1,"[0.39058119958388665, 0.45374655865984675]",267,1
4941,[0.214544   0.48205723],2,-1,-1,-1,-1
4942,[0.35381955 0.82069848],1,-1,-1,184,-1
4943,[0.22076629 0.54884755],1,-1,-1,-1,-1
4944,[0.33350954 0.58533166],2,0,"[0.27872464766475324, 0.6037969263876968]",-1,2
4945,[0.42089312 0.41700688],2,1,"[0.39058119958388665, 0.45374655865984675]",-1,1
4946,[0.40639044 0.47230137],3,1,"[0.39058119958388665, 0.45374655865984675]",-1,1
4947,[0.75178938 0.69555269],0,-1,-1,25,0
4948,[0.62537946 0.56301651],0,-1,-1,-1,0
4949,[0.74577278 0.56269109],0,3,"[0.7033493551787963, 0.5720264221842615]",-1,0
4950,[0.36461441 0.40186008],3,1,"[0.39058119958388665, 0.45374655865984675]",-1,-1
4951,[0.79031281 0.57978468],0,-1,-1,70,0
4952,[0.55930301 0.56976942],0,-1,-1,61,0
4953,[0.14352293 0.62792729],2,-1,-1,-1,-1
4954,[0.73097009 0.54160098],0,3,"[0.7033493551787963, 0.5720264221842615]",-1,0
4955,[0.32922723 0.60985123],2,0,"[0.27872464766475324, 0.6037969263876968]",382,2
4956,[0.65778879 0.47625034],0,-1,-1,-1,0
4957,[0.12867947 0.70818641],1,-1,-1,-1,-1
4958,[0.16225936 0.78609644],1,-1,-1,-1,-1
4959,[0.45566429 0.40672006],3,-1,-1,-1,-1
4960,[0.67809142 0.48275092],0,-1,-1,120,0
4961,[0.69621859 0.43057751],0,-1,-1,-1,0
4962,[0.66437558 0.60248819],0,3,"[0.7033493551787963, 0.5720264221842615]",-1,0
4963,[0.29693044 0.51314718],2,-1,-1,299,-1
4964,[0.36873274 0.59118271],2,-1,-1,357,-1
4965,[0.32954745 0.54499689],2,-1,-1,-1,-1
4966,[0.31391178 0.295073  ],3,-1,-1,-1,-1
4967,[0.43485593 0.56856466],3,-1,-1,185,-1
4968,[0.45089385 0.3946308 ],3,-1,-1,264,-1
4969,[0.43010106 0.47030206],3,1,"[0.39058119958388665, 0.45374655865984675]",263,-1
4970,[0.28794225 0.91891933],1,-1,-1,-1,-1
4971,[0.26255171 0.74305295],1,-1,-1,291,-1
4972,[0.34477073 0.38345476],3,-1,-1,251,-1
4973,[0.40154202 0.7294205 ],2,2,"[0.36772318180773494, 0.7148766969481398]",-1,-1
4974,[0.31278378 0.36231134],3,-1,-1,-1,-1
4975,[0.38239156 0.56259151],3,-1,-1,311,-1
4976,[0.23338102 0.50787591],2,-1,-1,-1,-1
4977,[0.13865239 0.65922294],1,-1,-1,-1,-1
4978,[0.26758757 0.59441103],1,0,"[0.27872464766475324, 0.6037969263876968]",317,-1
4979,[0.48062385 0.44881378],3,-1,-1,-1,-1
4980,[0.3252491  0.70206135],2,2,"[0.36772318180773494, 0.7148766969481398]",385,-1
4981,[0.65824121 0.58398958],0,3,"[0.7033493551787963, 0.5720264221842615]",-1,0
4982,[0.3803591  0.63671013],1,-1,-1,-1,-1
4983,[0.36777741 0.7907267 ],1,-1,-1,187,-1
4984,[0.4206916  0.45221016],3,1,"[0.39058119958388665, 0.45374655865984675]",263,1
4985,[0.37948697 0.38021056],2,-1,-1,282,1
4986,[0.20210083 0.66768007],1,-1,-1,-1,-1
4987,[0.39384888 0.41537135],3,1,"[0.39058119958388665, 0.45374655865984675]",281,1
4988,[0.41625039 0.46143933],3,1,"[0.39058119958388665, 0.45374655865984675]",258,1
4989,[0.38799971 0.71035303],1,2,"[0.36772318180773494, 0.7148766969481398]",236,-1
4990,[0.35371504 0.43114937],2,1,"[0.39058119958388665, 0.45374655865984675]",268,1
4991,[0.27214547 0.81973551],1,-1,-1,73,-1
4992,[0.34905144 0.77471194],1,2,"[0.36772318180773494, 0.7148766969481398]",249,-1
4993,[0.28910276 0.4615933 ],2,-1,-1,-1,-1
4994,[0.70854976 0.51577678],0,3,"[0.7033493551787963, 0.5720264221842615]",148,0
4995,[0.32501042 0.56051648],2,0,"[0.27872464766475324, 0.6037969263876968]",348,-1
4996,[0.36889649 0.67849453],1,2,"[0.36772318180773494, 0.7148766969481398]",388,-1
4997,[0.31679462 0.63426928],1,0,"[0.27872464766475324, 0.6037969263876968]",378,-1
4998,[0.3449618  0.60027317],2,0,"[0.27872464766475324, 0.6037969263876968]",-1,2
4999,[0.47343421 0.55759137],1,-1,-1,62,-1
5000,[0.48993596 0.33187088],3,-1,-1,-1,-1
5001,[0.73525303 0.57623571],0,3,"[0.7033493551787963, 0.5720264221842615]",126,0
5002,[0.29208322 0.45781916],2,-1,-1,-1,-1
5003,[0.26500684 0.37127843],3,-1,-1,-1,-1
5004,[0.42220195 0.76117152],1,-1,-1,135,-1
5005,[0.3792769 0.3782536],3,-1,-1,282,1
5006,[0.7483521  0.64882695],0,-1,-1,95,0
5007,[0.44691168 0.65649418],1,-1,-1,175,-1
5008,[0.43349919 0.39161591],3,-1,-1,283,1
5009,[0.31336832 0.66756598],2,-1,-1,-1,-1
5010,[0.2966329  0.66212281],2,0,"[0.27872464766475324, 0.6037969263876968]",354,-1
5011,[0.17242969 0.52726648],2,-1,-1,-1,-1
5012,[0.29448006 0.73635726],1,-1,-1,293,-1
5013,[0.50849856 0.32126553],3,-1,-1,-1,-1
5014,[0.48567677 0.495205  ],3,-1,-1,-1,-1
5015,[0.29412771 0.55373842],2,0,"[0.27872464766475324, 0.6037969263876968]",339,-1
5016,[0.52746012 0.4176333 ],3,-1,-1,177,-1
5017,[0.32202633 0.69451344],1,2,"[0.36772318180773494, 0.7148766969481398]",385,3
5018,[0.58465811 0.53194046],0,-1,-1,81,0
5019,[0.72269569 0.5795464 ],0,3,"[0.7033493551787963, 0.5720264221842615]",126,0
5020,[0.71622471 0.5466424 ],0,3,"[0.7033493551787963, 0.5720264221842615]",130,0
5021,[0.74862326 0.66046791],0,-1,-1,93,0
5022,[0.41138396 0.48172701],3,1,"[0.39058119958388665, 0.45374655865984675]",270,-1
5023,[0.37809435 0.77245187],2,2,"[0.36772318180773494, 0.7148766969481398]",188,-1
5024,[0.19264101 0.43215879],3,-1,-1,-1,-1
5025,[0.32771936 0.58800504],2,0,"[0.27872464766475324, 0.6037969263876968]",-1,2
5026,[0.35264821 0.48879951],3,1,"[0.39058119958388665, 0.45374655865984675]",-1,-1
5027,[0.18966202 0.58285623],2,-1,-1,-1,-1
5028,[0.22207347 0.45946083],3,-1,-1,-1,-1
5029,[0.31887286 0.69070637],2,2,"[0.36772318180773494, 0.7148766969481398]",-1,3
5030,[0.2590722  0.70878424],2,-1,-1,-1,-1
5031,[0.62906194 0.68310951],0,-1,-1,37,0
5032,[0.41059385 0.71762088],1,2,"[0.36772318180773494, 0.7148766969481398]",261,-1
5033,[0.40968548 0.47956735],3,1,"[0.39058119958388665, 0.45374655865984675]",270,1
5034,[0.72414676 0.55981753],0,3,"[0.7033493551787963, 0.5720264221842615]",128,0
5035,[0.32472495 0.60315961],1,0,"[0.27872464766475324, 0.6037969263876968]",373,-1
5036,[0.11738321 0.62650642],2,-1,-1,-1,-1
5037,[0.65203256 0.37609783],0,-1,-1,4,0
5038,[0.62008899 0.62248533],0,-1,-1,123,0
5039,[0.60713977 0.65772461],0,-1,-1,-1,0
5040,[0.58461438 0.38088894],3,-1,-1,-1,-1
5041,[0.35765729 0.8409007 ],1,-1,-1,55,-1
5042,[0.70405055 0.55463685],0,3,"[0.7033493551787963, 0.5720264221842615]",130,0
5043,[0.43918709 0.82815602],1,-1,-1,-1,-1
5044,[0.35129356 0.63002507],2,-1,-1,-1,-1
5045,[0.35306868 0.51772307],2,-1,-1,309,-1
5046,[0.31504857 0.63117309],2,0,"[0.27872464766475324, 0.6037969263876968]",378,-1
5047,[0.46934819 0.42368364],3,-1,-1,259,1
5048,[0.3031666  0.77005602],2,-1,-1,-1,-1
5049,[0.39473424 0.66643757],1,2,"[0.36772318180773494, 0.7148766969481398]",355,-1
5050,[0.3780425  0.34286465],3,-1,-1,189,-1
5051,[0.31954947 0.70249144],2,2,"[0.36772318180773494, 0.7148766969481398]",-1,3
5052,[0.42598573 0.24935725],3,-1,-1,-1,-1
5053,[0.26706554 0.48228521],2,-1,-1,-1,-1
5054,[0.40353643 0.32349224],3,-1,-1,-1,-1
5055,[0.80438855 0.57261262],0,-1,-1,-1,0
5056,[0.55901363 0.41186383],3,-1,-1,-1,-1
5057,[0.24822704 0.78482267],1,-1,-1,-1,-1
5058,[0.37495428 0.55120733],3,-1,-1,310,-1
5059,[0.25443584 0.73780782],1,-1,-1,-1,-1
5060,[0.42477012 0.37744665],3,-1,-1,-1,1
5061,[0.79944549 0.66713025],0,-1,-1,33,0
5062,[0.20199845 0.51662252],2,-1,-1,-1,-1
5063,[0.69167765 0.5262288 ],0,3,"[0.7033493551787963, 0.5720264221842615]",-1,0
5064,[0.56090191 0.54384505],0,-1,-1,-1,0
5065,[0.74192235 0.54318788],0,3,"[0.7033493551787963, 0.5720264221842615]",-1,0
5066,[0.47842295 0.35060622],3,-1,-1,-1,-1
5067,[0.66507106 0.47957584],0,-1,-1,-1,0
5068,[0.80980508 0.58198609],0,-1,-1,-1,0
5069,[0.25881355 0.4074629 ],3,-1,-1,67,-1
5070,[0.76072226 0.40390385],0,-1,-1,-1,0
5071,[0.35608825 0.8042508 ],1,-1,-1,-1,-1
5072,[0.2701528  0.49063593],3,-1,-1,208,-1
5073,[0.67310716 0.57434381],0,3,"[0.7033493551787963, 0.5720264221842615]",157,0
5074,[0.27618025 0.69090271],1,-1,-1,-1,-1
5075,[0.36980418 0.8536615 ],1,-1,-1,-1,-1
5076,[0.46428863 0.51074185],3,-1,-1,220,-1
5077,[0.33310629 0.59544902],1,0,"[0.27872464766475324, 0.6037969263876968]",392,2
5078,[0.4346316  0.78306187],1,-1,-1,-1,-1
5079,[0.33775112 0.4318834 ],3,1,"[0.39058119958388665, 0.45374655865984675]",216,1
5080,[0.236106   0.69626749],2,-1,-1,226,-1
5081,[0.26730044 0.6614415 ],1,0,"[0.27872464766475324, 0.6037969263876968]",381,-1
5082,[0.28170159 0.48114252],2,-1,-1,-1,-1
5083,[0.16912072 0.63373048],1,-1,-1,52,-1
5084,[0.3343308  0.65539501],1,2,"[0.36772318180773494, 0.7148766969481398]",-1,-1
5085,[0.48641915 0.40657889],3,-1,-1,232,-1
5086,[0.2427961  0.78207141],1,-1,-1,-1,-1
5087,[0.12526788 0.81572905],1,-1,-1,-1,-1
5088,[0.57869135 0.51609749],0,-1,-1,80,0
5089,[0.2449957  0.55494843],2,0,"[0.27872464766475324, 0.6037969263876968]",-1,-1
5090,[0.34480434 0.41001421],3,1,"[0.39058119958388665, 0.45374655865984675]",268,-1
5091,[0.54270112 0.59699886],0,-1,-1,44,0
5092,[0.70856196 0.62827682],0,3,"[0.7033493551787963, 0.5720264221842615]",-1,0
5093,[0.24456819 0.46628575],2,-1,-1,-1,-1
5094,[0.29720393 0.64716086],2,0,"[0.27872464766475324, 0.6037969263876968]",359,-1
5095,[0.25269734 0.55450522],2,0,"[0.27872464766475324, 0.6037969263876968]",-1,-1
5096,[0.2563478  0.56078654],2,0,"[0.27872464766475324, 0.6037969263876968]",240,-1
5097,[0.34508259 0.2824462 ],3,-1,-1,-1,-1
5098,[0.64486225 0.46380921],0,-1,-1,-1,0
5099,[0.53922394 0.56045648],0,-1,-1,-1,0
5100,[0.59432999 0.43598067],0,-1,-1,-1,0
5101,[0.36085025 0.69280609],1,2,"[0.36772318180773494, 0.7148766969481398]",-1,-1
5102,[0.51194759 0.5213247 ],2,-1,-1,-1,-1
5103,[0.48820073 0.73620138],1,-1,-1,-1,-1
5104,[0.37360525 0.63606754],1,-1,-1,379,-1
5105,[0.41299127 0.45907875],3,1,"[0.39058119958388665, 0.45374655865984675]",258,1
5106,[0.67495533 0.57738478],0,3,"[0.7033493551787963, 0.5720264221842615]",157,0
5107,[0.55992133 0.28314019],3,-1,-1,-1,-1
5108,[0.32179139 0.91686352],1,-1,-1,-1,-1
5109,[0.24870425 0.76399909],1,-1,-1,-1,-1
5110,[0.32403465 0.38009852],2,-1,-1,165,-1
5111,[0.43427528 0.50357585],2,1,"[0.39058119958388665, 0.45374655865984675]",-1,-1
5112,[0.74469902 0.53272182],0,3,"[0.7033493551787963, 0.5720264221842615]",107,0
5113,[0.40278888 0.36370054],3,-1,-1,-1,-1
5114,[0.70845419 0.4688035 ],0,-1,-1,-1,0
5115,[0.34796154 0.67492588],2,2,"[0.36772318180773494, 0.7148766969481398]",377,-1
5116,[0.34837323 0.38603939],2,-1,-1,-1,-1
5117,[0.26330543 0.60991644],1,0,"[0.27872464766475324, 0.6037969263876968]",345,-1
5118,[0.30823916 0.79703866],1,-1,-1,203,-1
5119,[0.2709206  0.53655531],2,0,"[0.27872464766475324, 0.6037969263876968]",239,-1
5120,[0.63764931 0.51892766],0,-1,-1,155,0
5121,[0.78845099 0.38422666],0,-1,-1,-1,-1
5122,[0.70702164 0.75052738],0,-1,-1,-1,0
5123,[0.6425746  0.53028921],0,-1,-1,-1,0
5124,[0.27258339 0.67759729],2,-1,-1,-1,-1
5125,[0.25336505 0.77813062],1,-1,-1,119,-1
5126,[0.4619631  0.37098415],3,-1,-1,-1,-1
5127,[0.25507137 0.84236617],1,-1,-1,-1,-1
5128,[0.64764563 0.53691905],0,3,"[0.7033493551787963, 0.5720264221842615]",112,0
5129,[0.42448554 0.39982176],3,1,"[0.39058119958388665, 0.45374655865984675]",-1,1
5130,[0.38813571 0.40942075],3,1,"[0.39058119958388665, 0.45374655865984675]",-1,1
5131,[0.40476667 0.64598226],1,-1,-1,-1,-1
5132,[0.63817212 0.60997333],0,-1,-1,169,0
5133,[0.32527657 0.80278388],1,-1,-1,203,-1
5134,[0.35702326 0.52209117],1,-1,-1,-1,-1
5135,[0.35130602 0.33556708],3,-1,-1,-1,-1
5136,[0.64012773 0.5799245 ],0,3,"[0.7033493551787963, 0.5720264221842615]",-1,0
5137,[0.28428811 0.92530227],1,-1,-1,-1,-1
5138,[0.37932208 0.49014158],3,1,"[0.39058119958388665, 0.45374655865984675]",-1,1
5139,[0.30242515 0.60444982],1,0,"[0.27872464766475324, 0.6037969263876968]",-1,-1
5140,[0.63304785 0.6012621 ],0,-1,-1,-1,0
5141,[0.66529928 0.57869903],0,3,"[0.7033493551787963, 0.5720264221842615]",-1,0
5142,[0.2512427  0.77380357],1,-1,-1,119,-1
5143,[0.67427428 0.60793265],0,3,"[0.7033493551787963, 0.5720264221842615]",174,0
5144,[0.6492434 0.6414167],0,-1,-1,-1,0
5145,[0.63276995 0.48220903],0,-1,-1,-1,0
5146,[0.6296655  0.54218324],0,-1,-1,139,0
5147,[0.69505317 0.71524519],0,-1,-1,-1,0
5148,[0.36785818 0.64212257],1,-1,-1,379,-1
5149,[0.57578615 0.77981724],1,-1,-1,-1,-1
5150,[0.24339345 0.49429129],2,-1,-1,109,-1
5151,[0.34621327 0.35374813],3,-1,-1,-1,-1
5152,[0.45080121 0.29126606],3,-1,-1,-1,-1
5153,[0.63059968 0.51816439],0,-1,-1,155,0
5154,[0.30472725 0.7624839 ],1,-1,-1,324,-1
5155,[0.63579306 0.51819374],0,-1,-1,155,0
5156,[0.12826106 0.53853297],2,-1,-1,-1,-1
5157,[0.37434806 0.3241384 ],3,-1,-1,-1,-1
5158,[0.32194992 0.54581742],2,-1,-1,348,-1
5159,[0.41629157 0.73955769],1,2,"[0.36772318180773494, 0.7148766969481398]",307,-1
5160,[0.17393232 0.63487676],2,-1,-1,52,-1
5161,[0.71655248 0.49933957],0,-1,-1,143,0
5162,[0.33358244 0.55304436],2,-1,-1,348,-1
5163,[0.70613605 0.54812483],0,3,"[0.7033493551787963, 0.5720264221842615]",130,0
5164,[0.67611323 0.49393106],0,-1,-1,149,0
5165,[0.14957128 0.84740784],1,-1,-1,-1,-1
5166,[0.4559142  0.49867792],3,-1,-1,219,-1
5167,[0.53551071 0.396305  ],3,-1,-1,60,-1
5168,[0.42987214 0.57011643],2,-1,-1,185,-1
5169,[0.29164413 0.67911432],1,-1,-1,-1,-1
5170,[0.35149839 0.63850371],1,-1,-1,-1,-1
5171,[0.47631392 0.35010739],3,-1,-1,-1,-1
5172,[0.36469463 0.44255421],3,1,"[0.39058119958388665, 0.45374655865984675]",-1,-1
5173,[0.39923996 0.47187124],2,1,"[0.39058119958388665, 0.45374655865984675]",-1,1
5174,[0.3987296  0.67682279],2,2,"[0.36772318180773494, 0.7148766969481398]",-1,-1
5175,[0.24648795 0.66021218],2,0,"[0.27872464766475324, 0.6037969263876968]",-1,-1
5176,[0.23082353 0.61394158],2,0,"[0.27872464766475324, 0.6037969263876968]",211,-1
5177,[0.25720194 0.71593654],1,-1,-1,-1,-1
5178,[0.67470037 0.49793509],0,-1,-1,-1,0
5179,[0.41916666 0.37332293],3,-1,-1,277,1
5180,[0.2970253  0.60510333],1,0,"[0.27872464766475324, 0.6037969263876968]",371,-1
5181,[0.31057534 0.64217997],2,0,"[0.27872464766475324, 0.6037969263876968]",364,-1
5182,[0.52808624 0.55436995],0,-1,-1,-1,0
5183,[0.3058728  0.58660073],2,0,"[0.27872464766475324, 0.6037969263876968]",-1,-1
5184,[0.6258541  0.68068018],0,-1,-1,37,0
5185,[0.16379212 0.637753  ],2,-1,-1,-1,-1
5186,[0.41306385 0.58912765],3,-1,-1,-1,-1
5187,[0.63982756 0.43472545],0,-1,-1,-1,0
5188,[0.16311328 0.69036704],2,-1,-1,-1,-1
5189,[0.38437829 0.32632608],3,-1,-1,-1,-1
5190,[0.36120575 0.61306763],2,-1,-1,375,-1
5191,[0.45700205 0.44513356],3,1,"[0.39058119958388665, 0.45374655865984675]",245,-1
5192,[0.33370402 0.45754492],2,1,"[0.39058119958388665, 0.45374655865984675]",-1,-1
5193,[0.74972883 0.57476886],0,3,"[0.7033493551787963, 0.5720264221842615]",126,0
5194,[0.6542791  0.53925564],0,3,"[0.7033493551787963, 0.5720264221842615]",-1,0
5195,[0.8000235  0.62477193],0,-1,-1,-1,0
5196,[0.69963036 0.49028784],0,-1,-1,148,0
5197,[0.71744473 0.59863947],0,3,"[0.7033493551787963, 0.5720264221842615]",-1,0
5198,[0.80939842 0.54936348],0,-1,-1,-1,0
5199,[0.51798416 0.7167583 ],1,-1,-1,-1,-1
5200,[0.32067657 0.54905713],1,0,"[0.27872464766475324, 0.6037969263876968]",348,-1
5201,[0.61216177 0.60074028],0,-1,-1,-1,0
5202,[0.56318315 0.43471413],3,-1,-1,48,-1
5203,[0.59025125 0.57694235],0,-1,-1,-1,0
5204,[0.5422303  0.62633514],0,-1,-1,-1,0
5205,[0.56973958 0.44509647],0,-1,-1,-1,0
5206,[0.46954263 0.8574042 ],1,-1,-1,7,-1
5207,[0.67362934 0.50499399],0,-1,-1,-1,0
5208,[0.32237064 0.58958123],2,0,"[0.27872464766475324, 0.6037969263876968]",-1,2
5209,[0.36703587 0.36693718],3,-1,-1,-1,-1
5210,[0.31698129 0.55633225],1,0,"[0.27872464766475324, 0.6037969263876968]",348,2
5211,[0.63837608 0.55871139],0,3,"[0.7033493551787963, 0.5720264221842615]",138,0
5212,[0.38409291 0.55682642],2,-1,-1,-1,-1
5213,[0.33534041 0.69102239],1,2,"[0.36772318180773494, 0.7148766969481398]",385,3
5214,[0.63732657 0.53625478],0,-1,-1,-1,0
5215,[0.34286795 0.72328993],1,2,"[0.36772318180773494, 0.7148766969481398]",326,-1
5216,[0.35965546 0.40138332],3,1,"[0.39058119958388665, 0.45374655865984675]",-1,-1
5217,[0.39146863 0.38959085],3,1,"[0.39058119958388665, 0.45374655865984675]",288,1
5218,[0.3200263  0.59874801],1,0,"[0.27872464766475324, 0.6037969263876968]",373,2
5219,[0.31277799 0.69210098],1,2,"[0.36772318180773494, 0.7148766969481398]",385,-1
5220,[0.15889557 0.60173703],2,-1,-1,39,-1
5221,[0.66279148 0.56188483],0,3,"[0.7033493551787963, 0.5720264221842615]",-1,0
5222,[0.15888988 0.72627248],2,-1,-1,-1,-1
5223,[0.37532482 0.66454938],1,2,"[0.36772318180773494, 0.7148766969481398]",377,-1
5224,[0.63167419 0.62299339],0,-1,-1,-1,0
5225,[0.27398729 0.60075237],2,0,"[0.27872464766475324, 0.6037969263876968]",315,-1
5226,[0.42055515 0.79619984],1,-1,-1,-1,-1
5227,[0.40853594 0.50685356],3,1,"[0.39058119958388665, 0.45374655865984675]",273,-1
5228,[0.25466611 0.52467826],2,-1,-1,-1,-1
5229,[0.37112524 0.49246492],3,1,"[0.39058119958388665, 0.45374655865984675]",244,-1
5230,[0.33612774 0.44795173],2,1,"[0.39058119958388665, 0.45374655865984675]",233,-1
5231,[0.6943739  0.56804722],0,3,"[0.7033493551787963, 0.5720264221842615]",164,0
5232,[0.26102712 0.57216619],2,0,"[0.27872464766475324, 0.6037969263876968]",-1,-1
5233,[0.4417978  0.68621603],1,-1,-1,-1,-1
5234,[0.31605144 0.76985019],1,-1,-1,323,-1
5235,[0.64852386 0.53032839],0,3,"[0.7033493551787963, 0.5720264221842615]",112,0
5236,[0.39446558 0.46800224],3,1,"[0.39058119958388665, 0.45374655865984675]",256,1
5237,[0.70047812 0.51197375],0,3,"[0.7033493551787963, 0.5720264221842615]",148,0
5238,[0.45728313 0.46122078],3,1,"[0.39058119958388665, 0.45374655865984675]",-1,-1
5239,[0.68045794 0.51047257],0,3,"[0.7033493551787963, 0.5720264221842615]",-1,0
5240,[0.40022559 0.46171094],2,1,"[0.39058119958388665, 0.45374655865984675]",-1,1
5241,[0.64546075 0.57537416],0,3,"[0.7033493551787963, 0.5720264221842615]",-1,0
5242,[0.28477958 0.64967178],2,0,"[0.27872464766475324, 0.6037969263876968]",-1,-1
5243,[0.48964303 0.48049662],3,-1,-1,-1,-1
5244,[0.13438163 0.60395714],2,-1,-1,-1,-1
5245,[0.39241662 0.88906499],1,-1,-1,-1,-1
5246,[0.4266833  0.75771693],1,-1,-1,135,-1
5247,[0.27377462 0.61819975],2,0,"[0.27872464766475324, 0.6037969263876968]",320,-1
5248,[0.26853064 0.38704462],3,-1,-1,-1,-1
5249,[0.31228358 0.76665033],1,-1,-1,-1,-1
5250,[0.32047815 0.6975176 ],2,2,"[0.36772318180773494, 0.7148766969481398]",385,3
5251,[0.2681928  0.60779783],1,0,"[0.27872464766475324, 0.6037969263876968]",-1,-1
5252,[0.64909447 0.56307102],0,3,"[0.7033493551787963, 0.5720264221842615]",137,0
5253,[0.31673475 0.58442325],2,0,"[0.27872464766475324, 0.6037969263876968]",374,-1
5254,[0.27784764 0.48198259],3,-1,-1,-1,-1
5255,[0.83060906 0.47732916],0,-1,-1,-1,0
5256,[0.28210313 0.5379036 ],2,0,"[0.27872464766475324, 0.6037969263876968]",316,-1
5257,[0.43100269 0.48591629],3,1,"[0.39058119958388665, 0.45374655865984675]",-1,-1
5258,[0.35466608 0.70442834],1,2,"[0.36772318180773494, 0.7148766969481398]",-1,-1
5259,[0.31422162 0.49328261],3,-1,-1,303,-1
5260,[0.40568696 0.44249779],3,1,"[0.39058119958388665, 0.45374655865984675]",258,1
5261,[0.24801746 0.82335211],1,-1,-1,-1,-1
5262,[0.35178932 0.65230012],2,2,"[0.36772318180773494, 0.7148766969481398]",-1,-1
5263,[0.39489623 0.65013687],1,-1,-1,355,-1
5264,[0.39753148 0.30626958],3,-1,-1,-1,-1
5265,[0.5477149  0.47950352],3,-1,-1,69,-1
5266,[0.35346079 0.51848139],2,-1,-1,-1,-1
5267,[0.27490374 0.60665352],2,0,"[0.27872464766475324, 0.6037969263876968]",-1,-1
5268,[0.52997855 0.54163715],0,-1,-1,31,0
5269,[0.41169591 0.3364443 ],3,-1,-1,153,-1
5270,[0.15413862 0.58201264],2,-1,-1,20,-1
5271,[0.31619425 0.5015316 ],3,-1,-1,305,-1
5272,[0.35747468 0.36845772],3,-1,-1,-1,-1
5273,[0.27984294 0.751528  ],1,-1,-1,242,-1
5274,[0.61556176 0.52845652],0,-1,-1,78,0
5275,[0.72574322 0.55920793],0,3,"[0.7033493551787963, 0.5720264221842615]",128,0
5276,[0.39211876 0.64795812],2,-1,-1,355,-1
5277,[0.76548007 0.55320611],0,3,"[0.7033493551787963, 0.5720264221842615]",-1,0
5278,[0.19957156 0.63250719],1,-1,-1,-1,-1
5279,[0.3404719  0.55783071],2,-1,-1,347,-1
5280,[0.2991221  0.46767023],3,-1,-1,-1,-1
5281,[0.74728014 0.48322282],0,-1,-1,-1,0
5282,[0.54446917 0.29563065],3,-1,-1,-1,-1
5283,[0.63685214 0.35409412],0,-1,-1,-1,0
5284,[0.08026669 0.64900691],2,-1,-1,-1,-1
5285,[0.40781204 0.75011321],1,2,"[0.36772318180773494, 0.7148766969481398]",307,-1
5286,[0.7268768  0.52019177],0,3,"[0.7033493551787963, 0.5720264221842615]",-1,0
5287,[0.26030751 0.58614857],2,0,"[0.27872464766475324, 0.6037969263876968]",318,-1
5288,[0.38677436 0.63839916],1,-1,-1,-1,-1
5289,[0.41741256 0.69426221],1,2,"[0.36772318180773494, 0.7148766969481398]",261,-1
5290,[0.38665588 0.59900738],1,-1,-1,-1,-1
5291,[0.61353396 0.49855291],0,-1,-1,-1,0
5292,[0.5327899  0.56557474],3,-1,-1,61,0
5293,[0.43384394 0.81973272],1,-1,-1,-1,-1
5294,[0.22073958 0.8675461 ],1,-1,-1,-1,-1
5295,[0.34194828 0.66293799],1,2,"[0.36772318180773494, 0.7148766969481398]",-1,4
5296,[0.7113448  0.57719654],0,3,"[0.7033493551787963, 0.5720264221842615]",-1,0
5297,[0.79147013 0.45962126],0,-1,-1,6,0
5298,[0.46336612 0.74296567],2,-1,-1,86,-1
5299,[0.40763469 0.81228316],1,-1,-1,-1,-1
5300,[0.38942689 0.77489606],1,2,"[0.36772318180773494, 0.7148766969481398]",136,-1
5301,[0.69708432 0.59228864],0,3,"[0.7033493551787963, 0.5720264221842615]",-1,0
5302,[0.30151867 0.64672817],2,0,"[0.27872464766475324, 0.6037969263876968]",359,-1
5303,[0.36776857 0.66485495],2,2,"[0.36772318180773494, 0.7148766969481398]",-1,-1
5304,[0.33893851 0.56965282],2,0,"[0.27872464766475324, 0.6037969263876968]",-1,-1
5305,[0.60303696 0.64456499],0,-1,-1,-1,0
5306,[0.41197705 0.47413468],3,1,"[0.39058119958388665, 0.45374655865984675]",270,1
5307,[0.33440703 0.42793361],3,1,"[0.39058119958388665, 0.45374655865984675]",216,-1
5308,[0.33865384 0.42755896],3,1,"[0.39058119958388665, 0.45374655865984675]",216,-1
5309,[0.43126281 0.43610202],3,1,"[0.39058119958388665, 0.45374655865984675]",250,1
5310,[0.43608239 0.42817963],3,1,"[0.39058119958388665, 0.45374655865984675]",-1,-1
5311,[0.310261   0.40716749],3,-1,-1,214,-1
5312,[0.6958333  0.56528816],0,3,"[0.7033493551787963, 0.5720264221842615]",164,0
5313,[0.22505507 0.80617406],1,-1,-1,-1,-1
5314,[0.38330583 0.83312895],1,-1,-1,55,-1
5315,[0.44527568 0.4845286 ],3,1,"[0.39058119958388665, 0.45374655865984675]",221,-1
5316,[0.32113174 0.60138226],2,0,"[0.27872464766475324, 0.6037969263876968]",373,-1
5317,[0.4728683  0.41797429],3,-1,-1,259,1
5318,[0.26548318 0.63410072],2,0,"[0.27872464766475324, 0.6037969263876968]",344,-1
5319,[0.28172055 0.46226371],2,-1,-1,-1,-1
5320,[0.3690333  0.64738322],1,2,"[0.36772318180773494, 0.7148766969481398]",377,-1
5321,[0.31590834 0.27255099],3,-1,-1,1,-1
5322,[0.46293705 0.40251741],3,-1,-1,-1,-1
5323,[0.26054835 0.54929495],2,0,"[0.27872464766475324, 0.6037969263876968]",240,-1
5324,[0.29626101 0.64802959],1,0,"[0.27872464766475324, 0.6037969263876968]",-1,-1
5325,[0.60174769 0.5676474 ],0,-1,-1,-1,0
5326,[0.42626569 0.38878399],3,-1,-1,284,1
5327,[0.38405539 0.6824163 ],1,2,"[0.36772318180773494, 0.7148766969481398]",-1,-1
5328,[0.77866053 0.55106875],0,-1,-1,92,0
5329,[0.46980767 0.30180479],3,-1,-1,53,-1
5330,[0.68891785 0.54918962],0,3,"[0.7033493551787963, 0.5720264221842615]",163,0
5331,[0.34107214 0.41888602],3,1,"[0.39058119958388665, 0.45374655865984675]",-1,1
5332,[0.31995562 0.36090902],3,-1,-1,-1,-1
5333,[0.59059623 0.46670447],0,-1,-1,43,0
5334,[0.4958717 0.4199493],3,-1,-1,252,-1
5335,[0.37230476 0.60290962],2,-1,-1,363,-1
5336,[0.2535886  0.46891534],2,-1,-1,-1,-1
5337,[0.36325594 0.37255955],3,-1,-1,-1,1
5338,[0.32518499 0.65374754],1,0,"[0.27872464766475324, 0.6037969263876968]",-1,-1
5339,[0.16991064 0.67404846],1,-1,-1,-1,-1
5340,[0.296834   0.53672215],2,0,"[0.27872464766475324, 0.6037969263876968]",-1,-1
5341,[0.14164225 0.74756148],1,-1,-1,-1,-1
5342,[0.7119979  0.52902904],0,3,"[0.7033493551787963, 0.5720264221842615]",-1,0
5343,[0.5752964  0.53398238],0,-1,-1,71,0
5344,[0.55123361 0.5090386 ],0,-1,-1,54,-1
5345,[0.3601495 0.3420402],3,-1,-1,172,-1
5346,[0.65926591 0.61158279],0,3,"[0.7033493551787963, 0.5720264221842615]",-1,0
5347,[0.53167824 0.44067102],3,-1,-1,-1,-1
5348,[0.48673636 0.40023327],3,-1,-1,-1,-1
5349,[0.52382487 0.54068878],3,-1,-1,31,0
5350,[0.29821157 0.66860786],1,0,"[0.27872464766475324, 0.6037969263876968]",-1,-1
5351,[0.52503217 0.66767284],0,-1,-1,-1,-1
5352,[0.6768195  0.57870709],0,3,"[0.7033493551787963, 0.5720264221842615]",157,0
5353,[0.37807094 0.68764985],1,2,"[0.36772318180773494, 0.7148766969481398]",-1,-1
5354,[0.74889613 0.7455865 ],0,-1,-1,-1,0
5355,[0.74610977 0.64077941],0,-1,-1,-1,0
5356,[0.34919839 0.6448926 ],2,-1,-1,346,-1
5357,[0.32168428 0.40938815],3,-1,-1,214,-1
5358,[0.56310297 0.48764021],3,-1,-1,69,0
5359,[0.42307168 0.7447745 ],1,2,"[0.36772318180773494, 0.7148766969481398]",-1,-1
5360,[0.57826721 0.53393839],3,-1,-1,81,0
5361,[0.39127988 0.4289302 ],3,1,"[0.39058119958388665, 0.45374655865984675]",286,1
5362,[0.33962653 0.48513186],3,1,"[0.39058119958388665, 0.45374655865984675]",-1,-1
5363,[0.44818536 0.45737711],2,1,"[0.39058119958388665, 0.45374655865984675]",-1,1
5364,[0.30019784 0.7589817 ],1,-1,-1,-1,-1
5365,[0.41162501 0.41650102],3,1,"[0.39058119958388665, 0.45374655865984675]",-1,1
5366,[0.65916083 0.486858  ],0,-1,-1,147,0
5367,[0.6862853  0.54072792],0,3,"[0.7033493551787963, 0.5720264221842615]",-1,0
5368,[0.36307041 0.72608649],1,2,"[0.36772318180773494, 0.7148766969481398]",326,-1
5369,[0.44243639 0.47330001],3,1,"[0.39058119958388665, 0.45374655865984675]",221,-1
5370,[0.63557117 0.55933978],0,3,"[0.7033493551787963, 0.5720264221842615]",138,0
5371,[0.35980652 0.38520253],3,-1,-1,251,-1
5372,[0.31016762 0.45507689],2,-1,-1,231,-1
5373,[0.1096706  0.61906008],2,-1,-1,-1,-1
5374,[0.31684888 0.5595108 ],2,0,"[0.27872464766475324, 0.6037969263876968]",348,2
5375,[0.72106231 0.50159498],0,-1,-1,143,0
5376,[0.47985851 0.43067031],3,-1,-1,-1,-1
5377,[0.51741785 0.2879154 ],3,-1,-1,9,-1
5378,[0.66212723 0.54936985],0,3,"[0.7033493551787963, 0.5720264221842615]",-1,0
5379,[0.3358115  0.57424969],2,0,"[0.27872464766475324, 0.6037969263876968]",353,-1
5380,[0.3994371  0.73642106],1,2,"[0.36772318180773494, 0.7148766969481398]",306,-1
5381,[0.4060159  0.44338534],3,1,"[0.39058119958388665, 0.45374655865984675]",-1,1
5382,[0.3903162  0.43582867],3,1,"[0.39058119958388665, 0.45374655865984675]",-1,1
5383,[0.2738346 0.5742281],2,0,"[0.27872464766475324, 0.6037969263876968]",-1,-1
5384,[0.34966905 0.4562051 ],2,1,"[0.39058119958388665, 0.45374655865984675]",-1,-1
5385,[0.50338168 0.71086391],1,-1,-1,-1,-1
5386,[0.62580996 0.53973871],0,-1,-1,139,0
5387,[0.70110739 0.40889626],0,-1,-1,22,0
5388,[0.29734379 0.33267196],2,-1,-1,15,-1
5389,[0.72903282 0.63822744],0,-1,-1,98,0
5390,[0.45749926 0.36388178],3,-1,-1,254,-1
5391,[0.31186351 0.69346228],1,2,"[0.36772318180773494, 0.7148766969481398]",385,-1
5392,[0.30604822 0.66384793],2,0,"[0.27872464766475324, 0.6037969263876968]",354,-1
5393,[0.50337075 0.36708298],3,-1,-1,141,-1
5394,[0.31363686 0.64633718],1,0,"[0.27872464766475324, 0.6037969263876968]",-1,-1
5395,[0.5025289  0.51774078],2,-1,-1,127,-1
5396,[0.45813181 0.49858486],3,-1,-1,219,-1
5397,[0.26705707 0.59722175],2,0,"[0.27872464766475324, 0.6037969263876968]",317,-1
5398,[0.27405997 0.76539632],2,-1,-1,-1,-1
5399,[0.36308219 0.64101113],1,-1,-1,380,4
5400,[0.31443305 0.52818787],2,-1,-1,-1,-1
5401,[0.30269444 0.51342187],2,-1,-1,299,-1
5402,[0.37567725 0.83204599],1,-1,-1,55,-1
5403,[0.40932032 0.6750139 ],1,2,"[0.36772318180773494, 0.7148766969481398]",341,-1
5404,[0.39258738 0.45657843],2,1,"[0.39058119958388665, 0.45374655865984675]",248,1
5405,[0.43039904 0.48595696],2,1,"[0.39058119958388665, 0.45374655865984675]",-1,-1
5406,[0.68122355 0.70803958],0,-1,-1,51,0
5407,[0.66695421 0.52912651],0,3,"[0.7033493551787963, 0.5720264221842615]",160,0
5408,[0.39127174 0.57083032],2,-1,-1,-1,-1
5409,[0.7633963  0.64445143],0,-1,-1,-1,0
5410,[0.62420696 0.64201828],0,-1,-1,102,0
5411,[0.31329844 0.60869283],2,0,"[0.27872464766475324, 0.6037969263876968]",-1,-1
5412,[0.66998583 0.55142824],0,3,"[0.7033493551787963, 0.5720264221842615]",164,0
5413,[0.39047236 0.65682944],2,2,"[0.36772318180773494, 0.7148766969481398]",355,-1
5414,[0.37456011 0.56096187],1,-1,-1,311,-1
5415,[0.39860551 0.61988741],1,-1,-1,218,-1
5416,[0.33045259 0.73941722],1,2,"[0.36772318180773494, 0.7148766969481398]",-1,-1
5417,[0.3749097  0.56429979],2,-1,-1,-1,-1
5418,[0.32539643 0.54327015],3,-1,-1,-1,-1
5419,[0.2325746  0.71827404],1,-1,-1,225,-1
5420,[0.36190281 0.48144912],2,1,"[0.39058119958388665, 0.45374655865984675]",-1,-1
5421,[0.2706673  0.66833108],2,0,"[0.27872464766475324, 0.6037969263876968]",-1,-1
5422,[0.38648685 0.53602897],2,-1,-1,308,-1
5423,[0.39093053 0.68211285],1,2,"[0.36772318180773494, 0.7148766969481398]",-1,-1
5424,[0.24246197 0.36315652],3,-1,-1,-1,-1
5425,[0.36111893 0.71968347],1,2,"[0.36772318180773494, 0.7148766969481398]",326,-1
5426,[0.36315169 0.56720436],1,-1,-1,-1,-1
5427,[0.2746397  0.58072797],2,0,"[0.27872464766475324, 0.6037969263876968]",337,-1
5428,[0.36150646 0.43353375],3,1,"[0.39058119958388665, 0.45374655865984675]",271,-1
5429,[0.2665536  0.57334955],2,0,"[0.27872464766475324, 0.6037969263876968]",-1,-1
5430,[0.25954955 0.73119474],1,-1,-1,193,-1
5431,[0.17874798 0.59838031],2,-1,-1,58,-1
5432,[0.67829716 0.6954474 ],0,-1,-1,51,0
5433,[0.40629898 0.39638483],3,1,"[0.39058119958388665, 0.45374655865984675]",287,1
5434,[0.34342001 0.34970389],3,-1,-1,-1,-1
5435,[0.42787632 0.36762495],3,-1,-1,279,1
5436,[0.76839814 0.37599782],0,-1,-1,-1,0
5437,[0.34358861 0.69263682],1,2,"[0.36772318180773494, 0.7148766969481398]",385,-1
5438,[0.64207111 0.52631678],0,-1,-1,-1,0
5439,[0.64938443 0.329266  ],0,-1,-1,-1,-1
5440,[0.38477427 0.42687729],3,1,"[0.39058119958388665, 0.45374655865984675]",286,1
5441,[0.41157174 0.45608914],3,1,"[0.39058119958388665, 0.45374655865984675]",258,1
5442,[0.40189737 0.45223943],3,1,"[0.39058119958388665, 0.45374655865984675]",-1,1
5443,[0.35979251 0.61931373],2,-1,-1,375,-1
5444,[0.65118622 0.68324776],0,-1,-1,-1,0
5445,[0.36928789 0.59316695],3,-1,-1,357,2
5446,[0.69487216 0.65541782],0,-1,-1,-1,0
5447,[0.28053702 0.51318424],2,-1,-1,297,-1
5448,[0.34496876 0.71267331],1,2,"[0.36772318180773494, 0.7148766969481398]",326,-1
5449,[0.36364399 0.76774346],1,2,"[0.36772318180773494, 0.7148766969481398]",192,-1
5450,[0.3318616  0.77768387],2,-1,-1,249,-1
5451,[0.38930606 0.4975864 ],3,1,"[0.39058119958388665, 0.45374655865984675]",-1,1
5452,[0.56288606 0.63187138],0,-1,-1,35,0
5453,[0.45618618 0.50122362],2,-1,-1,219,-1
5454,[0.32975077 0.52558401],2,-1,-1,343,-1
5455,[0.33737971 0.52727282],2,-1,-1,-1,-1
5456,[0.43174011 0.58719739],2,-1,-1,-1,-1
5457,[0.31618491 0.58716768],2,0,"[0.27872464766475324, 0.6037969263876968]",374,-1
5458,[0.28157719 0.57969844],1,0,"[0.27872464766475324, 0.6037969263876968]",337,-1
5459,[0.3345942  0.43922601],3,1,"[0.39058119958388665, 0.45374655865984675]",-1,-1
5460,[0.39899696 0.79752499],1,-1,-1,136,-1
5461,[0.60812153 0.51273183],0,-1,-1,80,0
5462,[0.25782185 0.57957551],2,0,"[0.27872464766475324, 0.6037969263876968]",318,-1
5463,[0.3375028  0.66524058],1,2,"[0.36772318180773494, 0.7148766969481398]",377,-1
5464,[0.4499169  0.47555938],3,1,"[0.39058119958388665, 0.45374655865984675]",-1,-1
5465,[0.19684791 0.5316419 ],2,-1,-1,72,-1
5466,[0.28023227 0.80768828],1,-1,-1,73,-1
5467,[0.37471599 0.68821783],2,2,"[0.36772318180773494, 0.7148766969481398]",-1,-1
5468,[0.66931194 0.63490573],0,-1,-1,110,0
5469,[0.31773434 0.3484277 ],3,-1,-1,-1,-1
5470,[0.30229987 0.85143087],1,-1,-1,-1,-1
5471,[0.73600564 0.5497784 ],0,3,"[0.7033493551787963, 0.5720264221842615]",129,0
5472,[0.67606566 0.30955945],3,-1,-1,-1,-1
5473,[0.67943529 0.52052415],0,3,"[0.7033493551787963, 0.5720264221842615]",-1,0
5474,[0.59806096 0.65694245],0,-1,-1,-1,0
5475,[0.34998572 0.47340216],3,1,"[0.39058119958388665, 0.45374655865984675]",-1,-1
5476,[0.36893016 0.54614881],2,-1,-1,310,-1
5477,[0.3822002  0.67147867],1,2,"[0.36772318180773494, 0.7148766969481398]",387,-1
5478,[0.55637571 0.44216709],3,-1,-1,48,-1
5479,[0.21702893 0.66536149],2,-1,-1,-1,-1
5480,[0.57520035 0.64594447],0,-1,-1,35,0
5481,[0.37341772 0.73108045],1,2,"[0.36772318180773494, 0.7148766969481398]",-1,-1
5482,[0.3177348  0.63237513],1,0,"[0.27872464766475324, 0.6037969263876968]",378,-1
5483,[0.25917808 0.64222713],2,0,"[0.27872464766475324, 0.6037969263876968]",-1,-1
5484,[0.3944645  0.60659871],2,-1,-1,-1,-1
5485,[0.42997729 0.32653555],3,-1,-1,-1,-1
5486,[0.46151921 0.53018347],3,-1,-1,76,-1
5487,[0.53215412 0.61175802],0,-1,-1,45,0
5488,[0.5148197  0.49079705],3,-1,-1,96,-1
5489,[0.2691156  0.55060768],3,0,"[0.27872464766475324, 0.6037969263876968]",240,-1
5490,[0.32136777 0.37828138],3,-1,-1,165,-1
5491,[0.31211251 0.47959143],2,-1,-1,303,-1
5492,[0.38055943 0.40354304],3,1,"[0.39058119958388665, 0.45374655865984675]",-1,1
5493,[0.3795815  0.46468108],3,1,"[0.39058119958388665, 0.45374655865984675]",257,1
5494,[0.33126024 0.53768421],2,-1,-1,343,-1
5495,[0.72653174 0.6491982 ],0,-1,-1,98,0
5496,[0.64636299 0.51178885],0,-1,-1,-1,0
5497,[0.31992439 0.50034526],2,-1,-1,305,-1
5498,[0.46563976 0.34279306],3,-1,-1,198,-1
5499,[0.72023771 0.58198539],0,3,"[0.7033493551787963, 0.5720264221842615]",126,0
5500,[0.58638092 0.69035046],0,-1,-1,34,0
5501,[0.66882484 0.55807445],0,3,"[0.7033493551787963, 0.5720264221842615]",-1,0
5502,[0.70481835 0.67816163],0,-1,-1,-1,0
5503,[0.37147878 0.43388313],3,1,"[0.39058119958388665, 0.45374655865984675]",-1,1
5504,[0.4606902  0.42711496],3,-1,-1,253,-1
5505,[0.56841593 0.42383154],3,-1,-1,48,-1
5506,[0.3617075  0.71416992],1,2,"[0.36772318180773494, 0.7148766969481398]",326,-1
5507,[0.24906443 0.41988592],3,-1,-1,-1,-1
5508,[0.58819391 0.460953  ],0,-1,-1,43,0
5509,[0.3118832  0.69503307],1,2,"[0.36772318180773494, 0.7148766969481398]",385,3
5510,[0.83394045 0.42868219],0,-1,-1,-1,-1
5511,[0.35186434 0.3518655 ],3,-1,-1,-1,-1
5512,[0.57921189 0.65391254],0,-1,-1,35,0
5513,[0.2263206  0.67114462],1,-1,-1,-1,-1
5514,[0.33023205 0.62150818],2,0,"[0.27872464766475324, 0.6037969263876968]",383,2
5515,[0.32470825 0.59650549],2,0,"[0.27872464766475324, 0.6037969263876968]",373,2
5516,[0.26184647 0.60448498],2,0,"[0.27872464766475324, 0.6037969263876968]",-1,-1
5517,[0.40753971 0.46391871],3,1,"[0.39058119958388665, 0.45374655865984675]",258,1
5518,[0.2014797  0.51031228],2,-1,-1,-1,-1
5519,[0.41138408 0.69043453],1,2,"[0.36772318180773494, 0.7148766969481398]",261,-1
5520,[0.70086331 0.443502  ],0,-1,-1,66,0
5521,[0.19857118 0.68446088],2,-1,-1,-1,-1
5522,[0.39610555 0.71611839],1,2,"[0.36772318180773494, 0.7148766969481398]",236,-1
5523,[0.26875846 0.74220794],2,-1,-1,291,-1
5524,[0.83325701 0.58278916],0,-1,-1,8,0
5525,[0.31197956 0.57883568],3,0,"[0.27872464766475324, 0.6037969263876968]",-1,-1
5526,[0.79742528 0.60745632],0,-1,-1,68,0
5527,[0.68709217 0.72051783],0,-1,-1,-1,0
5528,[0.46281806 0.2909894 ],3,-1,-1,-1,-1
5529,[0.61311218 0.62783826],0,-1,-1,123,0
5530,[0.3900527  0.32389408],3,-1,-1,-1,-1
5531,[0.49175694 0.44509985],3,-1,-1,-1,-1
5532,[0.74670231 0.60261227],0,3,"[0.7033493551787963, 0.5720264221842615]",124,0
5533,[0.43615603 0.43248879],3,1,"[0.39058119958388665, 0.45374655865984675]",-1,-1
5534,[0.39057859 0.64554905],2,-1,-1,-1,-1
5535,[0.66017883 0.57066789],0,3,"[0.7033493551787963, 0.5720264221842615]",161,0
5536,[0.79981793 0.62278068],0,-1,-1,-1,0
5537,[0.1581332  0.61574554],2,-1,-1,39,-1
5538,[0.44965    0.55309614],2,-1,-1,-1,-1
5539,[0.70408412 0.68369225],0,-1,-1,-1,0
5540,[0.53514587 0.54711526],0,-1,-1,31,0
5541,[0.30712957 0.52190135],2,-1,-1,299,-1
5542,[0.5129366  0.44801864],3,-1,-1,-1,-1
5543,[0.38105662 0.24325867],3,-1,-1,-1,-1
5544,[0.29181819 0.51275425],2,-1,-1,299,-1
5545,[0.45724874 0.68427033],1,-1,-1,89,-1
5546,[0.55355577 0.60656014],0,-1,-1,-1,0
5547,[0.41609495 0.83971243],1,-1,-1,-1,-1
5548,[0.24553118 0.74164585],1,-1,-1,-1,-1
5549,[0.68211736 0.6077904 ],0,3,"[0.7033493551787963, 0.5720264221842615]",-1,0
5550,[0.64901842 0.43296287],0,-1,-1,40,0
5551,[0.20305133 0.58705887],2,-1,-1,-1,-1
5552,[0.34047919 0.67308408],1,2,"[0.36772318180773494, 0.7148766969481398]",-1,-1
5553,[0.54018479 0.56368052],0,-1,-1,61,0
5554,[0.24518478 0.68086426],1,-1,-1,-1,-1
5555,[0.67861862 0.50512207],0,-1,-1,149,0
5556,[0.33007906 0.44577408],2,1,"[0.39058119958388665, 0.45374655865984675]",-1,-1
5557,[0.32849145 0.63354459],2,0,"[0.27872464766475324, 0.6037969263876968]",-1,-1
5558,[0.59453029 0.61773475],0,-1,-1,-1,0
5559,[0.82833824 0.6124849 ],0,-1,-1,27,0
5560,[0.4386265  0.29792479],3,-1,-1,88,-1
5561,[0.47578903 0.33662334],3,-1,-1,-1,-1
5562,[0.43686354 0.34746443],3,-1,-1,-1,-1
5563,[0.19099528 0.58824826],2,-1,-1,58,-1
5564,[0.31441056 0.35237842],3,-1,-1,-1,-1
5565,[0.37214597 0.34490296],3,-1,-1,189,-1
5566,[0.37663011 0.76509559],2,2,"[0.36772318180773494, 0.7148766969481398]",188,-1
5567,[0.34805306 0.6051714 ],1,0,"[0.27872464766475324, 0.6037969263876968]",391,2
5568,[0.57986195 0.50658089],3,-1,-1,-1,0
5569,[0.15608564 0.61744932],2,-1,-1,39,-1
5570,[0.36854771 0.68601439],2,2,"[0.36772318180773494, 0.7148766969481398]",388,-1
5571,[0.68832991 0.57187806],0,3,"[0.7033493551787963, 0.5720264221842615]",-1,0
5572,[0.81394899 0.50503084],0,-1,-1,32,0
5573,[0.57629956 0.39221022],0,-1,-1,-1,-1
5574,[0.22975453 0.73478929],1,-1,-1,-1,-1
5575,[0.34140533 0.75517979],1,2,"[0.36772318180773494, 0.7148766969481398]",-1,-1
5576,[0.41447744 0.70651676],1,2,"[0.36772318180773494, 0.7148766969481398]",261,-1
5577,[0.20107962 0.50265973],2,-1,-1,-1,-1
5578,[0.18055358 0.79421203],1,-1,-1,13,-1
5579,[0.44034101 0.39887716],3,-1,-1,-1,1
5580,[0.40822575 0.61281511],2,-1,-1,218,-1
5581,[0.44559742 0.31067482],3,-1,-1,131,-1
5582,[0.31833636 0.61607744],2,0,"[0.27872464766475324, 0.6037969263876968]",382,-1
5583,[0.29723289 0.44191392],3,-1,-1,-1,-1
5584,[0.79473003 0.52341075],0,-1,-1,-1,0
5585,[0.66089608 0.4884828 ],0,-1,-1,-1,0
5586,[0.31344935 0.53629234],2,-1,-1,-1,-1
5587,[0.45579859 0.35387835],3,-1,-1,254,-1
5588,[0.43529057 0.671307  ],1,-1,-1,175,-1
5589,[0.4656281 0.3523286],3,-1,-1,198,-1
5590,[0.3002452 0.6007371],2,0,"[0.27872464766475324, 0.6037969263876968]",-1,-1
5591,[0.71050966 0.60207079],0,3,"[0.7033493551787963, 0.5720264221842615]",167,0
5592,[0.47477791 0.63850456],2,-1,-1,-1,-1
5593,[0.45665812 0.73355847],1,-1,-1,86,-1
5594,[0.35713141 0.34135658],3,-1,-1,172,-1
5595,[0.39183241 0.69144784],1,2,"[0.36772318180773494, 0.7148766969481398]",314,-1
5596,[0.57278978 0.58389977],0,-1,-1,-1,0
5597,[0.22935297 0.66040198],2,-1,-1,330,-1
5598,[0.36492097 0.71117146],1,2,"[0.36772318180773494, 0.7148766969481398]",326,-1
5599,[0.58045119 0.50106843],0,-1,-1,-1,0
5600,[0.21569969 0.6402489 ],2,-1,-1,235,-1
5601,[0.45705466 0.36820482],3,-1,-1,254,1
5602,[0.24356602 0.46980612],2,-1,-1,109,-1
5603,[0.35199017 0.66232774],1,2,"[0.36772318180773494, 0.7148766969481398]",377,4
5604,[0.51219863 0.42120091],3,-1,-1,223,-1
5605,[0.19672574 0.75942261],1,-1,-1,-1,-1
5606,[0.41810447 0.42011473],3,1,"[0.39058119958388665, 0.45374655865984675]",-1,1
5607,[0.20652791 0.60572704],2,-1,-1,211,-1
5608,[0.77899473 0.48981981],0,-1,-1,65,0
5609,[0.49905242 0.31402304],3,-1,-1,-1,-1
5610,[0.37912861 0.7491413 ],1,2,"[0.36772318180773494, 0.7148766969481398]",321,-1
5611,[0.39340222 0.39865751],3,1,"[0.39058119958388665, 0.45374655865984675]",-1,1
5612,[0.44256842 0.80205383],1,-1,-1,85,-1
5613,[0.55495939 0.48261707],3,-1,-1,69,-1
5614,[0.44867594 0.51785188],3,-1,-1,220,-1
5615,[0.52337727 0.46281239],3,-1,-1,113,-1
5616,[0.45160021 0.44138549],3,1,"[0.39058119958388665, 0.45374655865984675]",245,-1
5617,[0.29775424 0.58873879],1,0,"[0.27872464766475324, 0.6037969263876968]",-1,-1
5618,[0.63558404 0.61365644],0,-1,-1,168,0
5619,[0.39688317 0.49129341],2,1,"[0.39058119958388665, 0.45374655865984675]",274,1
5620,[0.2429078  0.62239838],1,0,"[0.27872464766475324, 0.6037969263876968]",276,-1
5621,[0.7247615  0.65208244],0,-1,-1,98,0
5622,[0.39091011 0.41680762],3,1,"[0.39058119958388665, 0.45374655865984675]",-1,1
5623,[0.51125562 0.59889847],0,-1,-1,24,-1
5624,[0.33500843 0.44538722],3,1,"[0.39058119958388665, 0.45374655865984675]",233,-1
5625,[0.2203395  0.67966631],1,-1,-1,212,-1
5626,[0.76337534 0.62806836],0,-1,-1,95,0
5627,[0.2801343 0.9155312],1,-1,-1,-1,-1
5628,[0.31455858 0.5883984 ],2,0,"[0.27872464766475324, 0.6037969263876968]",374,-1
5629,[0.4820429  0.32324526],3,-1,-1,-1,-1
5630,[0.28226198 0.36861497],3,-1,-1,-1,-1
5631,[0.67751738 0.68539571],0,-1,-1,-1,0
5632,[0.33895394 0.50409195],2,-1,-1,-1,-1
5633,[0.68757818 0.53892519],0,3,"[0.7033493551787963, 0.5720264221842615]",163,0
5634,[0.49371393 0.46066889],3,-1,-1,-1,-1
5635,[0.43574303 0.55072339],2,-1,-1,190,-1
5636,[0.36100956 0.72513411],1,2,"[0.36772318180773494, 0.7148766969481398]",326,-1
5637,[0.67769495 0.53460182],0,3,"[0.7033493551787963, 0.5720264221842615]",160,0
5638,[0.47982175 0.46422661],3,-1,-1,205,-1
5639,[0.26670332 0.63588548],2,0,"[0.27872464766475324, 0.6037969263876968]",344,-1
5640,[0.26991669 0.71811738],1,-1,-1,-1,-1
5641,[0.29877514 0.80285648],1,-1,-1,204,-1
5642,[0.3293231  0.48441067],2,1,"[0.39058119958388665, 0.45374655865984675]",-1,-1
5643,[0.372045   0.63487223],1,-1,-1,379,-1
5644,[0.49395456 0.36518726],3,-1,-1,141,-1
5645,[0.29164731 0.57763481],1,0,"[0.27872464766475324, 0.6037969263876968]",340,-1
5646,[0.23897108 0.69685492],2,-1,-1,226,-1
5647,[0.451216   0.22181796],3,-1,-1,-1,-1
5648,[0.33044264 0.29450238],3,-1,-1,5,-1
5649,[0.29950101 0.63873007],2,0,"[0.27872464766475324, 0.6037969263876968]",359,-1
5650,[0.40566223 0.51811963],3,1,"[0.39058119958388665, 0.45374655865984675]",-1,-1
5651,[0.25759425 0.62744874],2,0,"[0.27872464766475324, 0.6037969263876968]",345,-1
5652,[0.33645268 0.55500364],2,-1,-1,347,-1
5653,[0.2576388  0.84160641],1,-1,-1,-1,-1
5654,[0.34499173 0.72452542],1,2,"[0.36772318180773494, 0.7148766969481398]",326,-1
5655,[0.4366164  0.64998859],2,-1,-1,175,-1
5656,[0.18654534 0.67216204],2,-1,-1,-1,-1
5657,[0.22158323 0.55838962],2,-1,-1,181,-1
5658,[0.5154963  0.65262852],0,-1,-1,17,0
5659,[0.40073098 0.64072331],1,-1,-1,-1,-1
5660,[0.3022988  0.68176635],2,-1,-1,385,-1
5661,[0.72342437 0.54042037],0,3,"[0.7033493551787963, 0.5720264221842615]",129,0
5662,[0.49884958 0.65371635],1,-1,-1,17,-1
5663,[0.45312695 0.54160824],2,-1,-1,-1,-1
5664,[0.40862103 0.5368103 ],3,-1,-1,229,-1
5665,[0.31193857 0.75049554],1,2,"[0.36772318180773494, 0.7148766969481398]",324,-1
5666,[0.40554829 0.41701271],3,1,"[0.39058119958388665, 0.45374655865984675]",-1,1
5667,[0.30291306 0.45564618],2,-1,-1,231,-1
5668,[0.73219217 0.57362446],0,3,"[0.7033493551787963, 0.5720264221842615]",126,0
5669,[0.67076883 0.64959761],0,-1,-1,-1,0
5670,[0.37097814 0.51368563],2,1,"[0.39058119958388665, 0.45374655865984675]",-1,-1
5671,[0.67939124 0.51090492],0,3,"[0.7033493551787963, 0.5720264221842615]",-1,0
5672,[0.3864668  0.39055296],3,1,"[0.39058119958388665, 0.45374655865984675]",-1,1
5673,[0.24395609 0.54032077],2,-1,-1,-1,-1
5674,[0.33614935 0.5894921 ],2,0,"[0.27872464766475324, 0.6037969263876968]",384,2
5675,[0.39180139 0.39704644],3,1,"[0.39058119958388665, 0.45374655865984675]",-1,1
5676,[0.40428041 0.48560049],3,1,"[0.39058119958388665, 0.45374655865984675]",270,1
5677,[0.2657293  0.56203684],2,0,"[0.27872464766475324, 0.6037969263876968]",-1,-1
5678,[0.47135874 0.29415201],3,-1,-1,53,-1
5679,[0.31047751 0.6256487 ],1,0,"[0.27872464766475324, 0.6037969263876968]",-1,-1
5680,[0.44605303 0.36746791],3,-1,-1,-1,1
5681,[0.32139186 0.67995843],2,2,"[0.36772318180773494, 0.7148766969481398]",385,3
5682,[0.33868898 0.77046016],1,2,"[0.36772318180773494, 0.7148766969481398]",-1,-1
5683,[0.37698947 0.76818302],1,2,"[0.36772318180773494, 0.7148766969481398]",188,-1
5684,[0.42428366 0.4121354 ],3,1,"[0.39058119958388665, 0.45374655865984675]",275,1
5685,[0.28887917 0.43383868],2,-1,-1,-1,-1
5686,[0.36845201 0.58692242],2,-1,-1,-1,-1
5687,[0.20283543 0.4197108 ],3,-1,-1,-1,-1
5688,[0.47927738 0.51869258],3,-1,-1,83,-1
5689,[0.64872693 0.63289205],0,-1,-1,-1,0
5690,[0.27705063 0.55744044],2,0,"[0.27872464766475324, 0.6037969263876968]",240,-1
5691,[0.28988937 0.57048618],2,0,"[0.27872464766475324, 0.6037969263876968]",-1,-1
5692,[0.74356146 0.60189218],0,3,"[0.7033493551787963, 0.5720264221842615]",-1,0
5693,[0.44993758 0.40713037],3,-1,-1,265,-1
5694,[0.29018624 0.55015853],2,0,"[0.27872464766475324, 0.6037969263876968]",339,-1
5695,[0.55402879 0.28623736],3,-1,-1,-1,-1
5696,[0.21891858 0.6296003 ],2,0,"[0.27872464766475324, 0.6037969263876968]",-1,-1
5697,[0.28207785 0.61069178],1,0,"[0.27872464766475324, 0.6037969263876968]",-1,-1
5698,[0.36996279 0.47034312],3,1,"[0.39058119958388665, 0.45374655865984675]",-1,1
5699,[0.91671355 0.6985169 ],0,-1,-1,-1,-1
5700,[0.29820087 0.6218358 ],2,0,"[0.27872464766475324, 0.6037969263876968]",358,-1
5701,[0.19688158 0.55052804],2,-1,-1,72,-1
5702,[0.26566874 0.59405867],2,0,"[0.27872464766475324, 0.6037969263876968]",317,-1
5703,[0.52943234 0.42346927],3,-1,-1,177,-1
5704,[0.68386943 0.41482457],0,-1,-1,-1,0
5705,[0.33144465 0.49380792],3,-1,-1,302,-1
5706,[0.4771057 0.4854469],3,-1,-1,205,-1
5707,[0.25192329 0.59144114],1,0,"[0.27872464766475324, 0.6037969263876968]",-1,-1
5708,[0.40194037 0.39126419],3,1,"[0.39058119958388665, 0.45374655865984675]",289,1
5709,[0.44192568 0.59381815],1,-1,-1,182,-1
5710,[0.3672682  0.50820484],3,1,"[0.39058119958388665, 0.45374655865984675]",244,-1
5711,[0.65320685 0.55119756],0,3,"[0.7033493551787963, 0.5720264221842615]",-1,0
5712,[0.41656979 0.70135836],1,2,"[0.36772318180773494, 0.7148766969481398]",261,-1
5713,[0.70265944 0.56562399],0,3,"[0.7033493551787963, 0.5720264221842615]",-1,0
5714,[0.31404849 0.80296566],1,-1,-1,203,-1
5715,[0.35442245 0.47300236],2,1,"[0.39058119958388665, 0.45374655865984675]",300,-1
5716,[0.17260747 0.61548768],2,-1,-1,-1,-1
5717,[0.28790352 0.60158816],2,0,"[0.27872464766475324, 0.6037969263876968]",-1,-1
5718,[0.65587173 0.50470601],0,-1,-1,-1,0
5719,[0.29739223 0.76112211],1,-1,-1,-1,-1
5720,[0.39257624 0.54308799],3,-1,-1,-1,-1
5721,[0.86858485 0.68093578],0,-1,-1,0,-1
5722,[0.6657302  0.52295854],0,3,"[0.7033493551787963, 0.5720264221842615]",160,0
5723,[0.45870203 0.37471601],3,-1,-1,-1,1
5724,[0.36260152 0.59777464],3,-1,-1,-1,-1
5725,[0.47643304 0.53082444],0,-1,-1,83,-1
5726,[0.69755105 0.45666527],0,-1,-1,66,0
5727,[0.39536195 0.26370819],3,-1,-1,11,-1
5728,[0.58062376 0.32613498],3,-1,-1,-1,-1
5729,[0.33666198 0.45402849],3,1,"[0.39058119958388665, 0.45374655865984675]",233,-1
5730,[0.36848062 0.40965112],3,1,"[0.39058119958388665, 0.45374655865984675]",237,-1
5731,[0.33434215 0.77042868],2,2,"[0.36772318180773494, 0.7148766969481398]",-1,-1
5732,[0.50685106 0.39050469],3,-1,-1,-1,-1
5733,[0.73688925 0.6710155 ],0,-1,-1,41,0
5734,[0.64303303 0.67106338],0,-1,-1,-1,0
5735,[0.59131484 0.67062887],0,-1,-1,-1,0
5736,[0.39367468 0.72776886],1,2,"[0.36772318180773494, 0.7148766969481398]",-1,-1
5737,[0.26896536 0.64725641],1,0,"[0.27872464766475324, 0.6037969263876968]",-1,-1
5738,[0.80601959 0.5995896 ],0,-1,-1,68,0
5739,[0.41756793 0.78022614],1,-1,-1,-1,-1
5740,[0.30859964 0.64184373],2,0,"[0.27872464766475324, 0.6037969263876968]",364,-1
5741,[0.93115194 0.52644227],0,-1,-1,-1,-1
5742,[0.34755968 0.67656362],2,2,"[0.36772318180773494, 0.7148766969481398]",377,-1
5743,[0.5352297  0.39927191],3,-1,-1,60,-1
5744,[0.78030481 0.68171014],0,-1,-1,-1,0
5745,[0.40195518 0.61599208],2,-1,-1,218,-1
5746,[0.39648912 0.71150032],1,2,"[0.36772318180773494, 0.7148766969481398]",236,-1
5747,[0.30524377 0.53691127],3,-1,-1,-1,-1
5748,[0.8459623 0.6431694],0,-1,-1,0,0
5749,[0.42784457 0.31978272],3,-1,-1,-1,-1
5750,[0.38114002 0.77369562],1,2,"[0.36772318180773494, 0.7148766969481398]",188,-1
5751,[0.71687384 0.70989359],0,-1,-1,-1,0
5752,[0.48549557 0.29924523],3,-1,-1,53,-1
5753,[0.32753442 0.58551698],2,0,"[0.27872464766475324, 0.6037969263876968]",-1,2
5754,[0.37083322 0.61510305],1,-1,-1,370,-1
5755,[0.21989022 0.57517574],2,0,"[0.27872464766475324, 0.6037969263876968]",-1,-1
5756,[0.76718012 0.58928049],0,3,"[0.7033493551787963, 0.5720264221842615]",63,0
5757,[0.29307631 0.73163411],1,-1,-1,293,-1
5758,[0.44180358 0.56691509],2,-1,-1,-1,-1
5759,[0.39143819 0.43376422],3,1,"[0.39058119958388665, 0.45374655865984675]",286,1
5760,[0.3080359 0.4458587],2,-1,-1,231,-1
5761,[0.2394093  0.69756789],1,-1,-1,226,-1
5762,[0.32001626 0.56539011],1,0,"[0.27872464766475324, 0.6037969263876968]",-1,2
5763,[0.78545994 0.597822  ],0,-1,-1,68,0
5764,[0.31520798 0.48170093],2,-1,-1,303,-1
5765,[0.22699704 0.66509227],2,-1,-1,330,-1
5766,[0.88120511 0.57042373],0,-1,-1,-1,-1
5767,[0.67930667 0.70799414],0,-1,-1,51,0
5768,[0.37014321 0.64266183],1,-1,-1,-1,-1
5769,[0.44142054 0.57137886],2,-1,-1,-1,-1
5770,[0.28553229 0.61505055],2,0,"[0.27872464766475324, 0.6037969263876968]",372,-1
5771,[0.79980849 0.64153877],0,-1,-1,-1,0
5772,[0.46185811 0.50766016],3,-1,-1,220,-1
5773,[0.52922795 0.42023891],3,-1,-1,177,-1
5774,[0.28364074 0.44107998],2,-1,-1,-1,-1
5775,[0.70470096 0.45739464],0,-1,-1,-1,0
5776,[0.12239007 0.58473552],2,-1,-1,-1,-1
5777,[0.39803884 0.56739426],2,-1,-1,-1,-1
5778,[0.41950771 0.58425902],1,-1,-1,-1,-1
5779,[0.68200654 0.55344103],0,3,"[0.7033493551787963, 0.5720264221842615]",164,0
5780,[0.41246881 0.4788742 ],3,1,"[0.39058119958388665, 0.45374655865984675]",270,1
5781,[0.71571081 0.40778152],0,-1,-1,-1,0
5782,[0.22850243 0.78970738],1,-1,-1,29,-1
5783,[0.25854355 0.64512913],1,0,"[0.27872464766475324, 0.6037969263876968]",329,-1
5784,[0.39019716 0.63490576],1,-1,-1,355,-1
5785,[0.28796024 0.74874006],1,-1,-1,242,-1
5786,[0.33666942 0.68555588],1,2,"[0.36772318180773494, 0.7148766969481398]",-1,-1
5787,[0.41256147 0.38071211],3,-1,-1,272,1
5788,[0.68603775 0.70722116],0,-1,-1,51,0
5789,[0.42584191 0.5499292 ],2,-1,-1,-1,-1
5790,[0.39404272 0.45271009],3,1,"[0.39058119958388665, 0.45374655865984675]",248,1
5791,[0.16953268 0.71217962],1,-1,-1,-1,-1
5792,[0.33817479 0.61838254],1,0,"[0.27872464766475324, 0.6037969263876968]",-1,-1
5793,[0.33536211 0.6255576 ],2,0,"[0.27872464766475324, 0.6037969263876968]",383,-1
5794,[0.65696512 0.54793875],0,3,"[0.7033493551787963, 0.5720264221842615]",164,0
5795,[0.30783173 0.53390471],2,-1,-1,-1,-1
5796,[0.23854944 0.67081954],1,-1,-1,-1,-1
5797,[0.37182998 0.67984272],2,2,"[0.36772318180773494, 0.7148766969481398]",388,-1
5798,[0.30044543 0.86974132],1,-1,-1,-1,-1
5799,[0.60308341 0.55932818],0,-1,-1,-1,0
5800,[0.28672779 0.63973612],2,0,"[0.27872464766475324, 0.6037969263876968]",365,-1
5801,[0.20046131 0.58775437],2,-1,-1,199,-1
5802,[0.27195486 0.81899075],1,-1,-1,-1,-1
5803,[0.28322147 0.59773136],2,0,"[0.27872464766475324, 0.6037969263876968]",-1,-1
5804,[0.2344918  0.37698727],2,-1,-1,-1,-1
5805,[0.33056915 0.79767404],1,-1,-1,203,-1
5806,[0.27852959 0.59666841],1,0,"[0.27872464766475324, 0.6037969263876968]",315,-1
5807,[0.59378918 0.76858475],0,-1,-1,-1,-1
5808,[0.66876064 0.52832072],0,3,"[0.7033493551787963, 0.5720264221842615]",160,0
5809,[0.33251416 0.65689348],2,2,"[0.36772318180773494, 0.7148766969481398]",368,-1
5810,[0.2793623  0.63381828],1,0,"[0.27872464766475324, 0.6037969263876968]",-1,-1
5811,[0.69267853 0.54421452],0,3,"[0.7033493551787963, 0.5720264221842615]",163,0
5812,[0.25908339 0.3774722 ],3,-1,-1,-1,-1
5813,[0.44290312 0.51160636],3,-1,-1,-1,-1
5814,[0.29887492 0.65896795],2,0,"[0.27872464766475324, 0.6037969263876968]",354,-1
5815,[0.30797492 0.4406341 ],3,-1,-1,-1,-1
5816,[0.69527508 0.57293808],0,3,"[0.7033493551787963, 0.5720264221842615]",164,0
5817,[0.35381091 0.56611279],2,-1,-1,342,-1
5818,[0.5476576  0.50012175],0,-1,-1,54,-1
5819,[0.42579417 0.44416734],3,1,"[0.39058119958388665, 0.45374655865984675]",263,1
5820,[0.38545127 0.78017962],1,2,"[0.36772318180773494, 0.7148766969481398]",136,-1
5821,[0.33800516 0.62917497],2,0,"[0.27872464766475324, 0.6037969263876968]",-1,-1
5822,[0.36621827 0.36608016],3,-1,-1,260,-1
5823,[0.28637104 0.76866752],1,-1,-1,-1,-1
5824,[0.74579076 0.55980498],0,3,"[0.7033493551787963, 0.5720264221842615]",-1,0
5825,[0.32741725 0.48876402],3,-1,-1,-1,-1
5826,[0.43887381 0.32447335],3,-1,-1,-1,-1
5827,[0.37547911 0.47857399],3,1,"[0.39058119958388665, 0.45374655865984675]",-1,1
5828,[0.29168723 0.32343972],3,-1,-1,15,-1
5829,[0.72808132 0.54804988],0,3,"[0.7033493551787963, 0.5720264221842615]",-1,0
5830,[0.11928666 0.61217162],1,-1,-1,-1,-1
5831,[0.3223842  0.43066793],3,-1,-1,210,-1
5832,[0.66490699 0.5975361 ],0,3,"[0.7033493551787963, 0.5720264221842615]",-1,0
5833,[0.15579839 0.61560663],2,-1,-1,39,-1
5834,[0.64846339 0.4761379 ],0,-1,-1,147,0
5835,[0.34572003 0.5655302 ],2,-1,-1,-1,-1
5836,[0.37442137 0.67860337],1,2,"[0.36772318180773494, 0.7148766969481398]",387,-1
5837,[0.27350704 0.34852845],3,-1,-1,14,-1
5838,[0.49603928 0.41183831],3,-1,-1,-1,-1
5839,[0.47223668 0.37111679],3,-1,-1,228,-1
5840,[0.43157667 0.57864354],3,-1,-1,185,-1
5841,[0.3098066  0.75953345],1,-1,-1,324,-1
5842,[0.28654444 0.72937225],1,-1,-1,-1,-1
5843,[0.6297983  0.61818002],0,-1,-1,168,0
5844,[0.2925344  0.67182021],2,0,"[0.27872464766475324, 0.6037969263876968]",-1,-1
5845,[0.28232288 0.30817351],3,-1,-1,-1,-1
5846,[0.45752497 0.65456454],1,-1,-1,175,-1
5847,[0.22500645 0.66906269],1,-1,-1,-1,-1
5848,[0.33896045 0.82627738],1,-1,-1,-1,-1
5849,[0.57532262 0.61884433],0,-1,-1,-1,0
5850,[0.56537482 0.70915664],0,-1,-1,-1,0
5851,[0.66920945 0.58227601],0,3,"[0.7033493551787963, 0.5720264221842615]",157,0
5852,[0.23858005 0.80284211],1,-1,-1,29,-1
5853,[0.3384265  0.77957234],1,-1,-1,249,-1
5854,[0.26925097 0.69428534],1,-1,-1,381,-1
5855,[0.64922429 0.38018725],0,-1,-1,4,0
5856,[0.67255962 0.52753059],0,3,"[0.7033493551787963, 0.5720264221842615]",160,0
5857,[0.41040039 0.51200543],3,1,"[0.39058119958388665, 0.45374655865984675]",-1,-1
5858,[0.70650513 0.53689809],0,3,"[0.7033493551787963, 0.5720264221842615]",-1,0
5859,[0.35237823 0.52971582],2,-1,-1,312,-1
5860,[0.29706396 0.50447612],3,-1,-1,-1,-1
5861,[0.26128519 0.54026332],2,0,"[0.27872464766475324, 0.6037969263876968]",-1,-1
5862,[0.35394221 0.57689397],2,-1,-1,356,-1
5863,[0.38185364 0.42324732],3,1,"[0.39058119958388665, 0.45374655865984675]",285,1
5864,[0.30457138 0.69470424],1,2,"[0.36772318180773494, 0.7148766969481398]",-1,-1
5865,[0.41092215 0.72692789],1,2,"[0.36772318180773494, 0.7148766969481398]",261,-1
5866,[0.6951101  0.71235379],0,-1,-1,-1,0
5867,[0.48630929 0.34000584],3,-1,-1,-1,-1
5868,[0.68706252 0.6033643 ],0,3,"[0.7033493551787963, 0.5720264221842615]",174,0
5869,[0.2869206  0.67565269],1,-1,-1,361,-1
5870,[0.35260355 0.38088252],3,-1,-1,251,-1
5871,[0.66372378 0.74458889],0,-1,-1,-1,0
5872,[0.29879861 0.6189949 ],2,0,"[0.27872464766475324, 0.6037969263876968]",358,-1
5873,[0.55502836 0.47508704],3,-1,-1,69,0
5874,[0.36005618 0.567905  ],2,-1,-1,-1,-1
5875,[0.47607448 0.46865995],3,-1,-1,-1,-1
5876,[0.73652183 0.68563016],0,-1,-1,-1,0
5877,[0.28153797 0.70904632],1,-1,-1,390,-1
5878,[0.33727483 0.68911647],2,2,"[0.36772318180773494, 0.7148766969481398]",385,-1
5879,[0.36457534 0.55529103],2,-1,-1,-1,-1
5880,[0.34502969 0.72937139],1,2,"[0.36772318180773494, 0.7148766969481398]",326,-1
5881,[0.37763651 0.49624006],3,1,"[0.39058119958388665, 0.45374655865984675]",-1,1
5882,[0.49836031 0.66506883],2,-1,-1,-1,-1
5883,[0.69547278 0.76328877],0,-1,-1,-1,-1
5884,[0.48365938 0.36799889],3,-1,-1,179,-1
5885,[0.3363822  0.54350861],3,-1,-1,-1,-1
5886,[0.34157211 0.71541669],1,2,"[0.36772318180773494, 0.7148766969481398]",-1,-1
5887,[0.71647524 0.67451006],0,-1,-1,-1,0
5888,[0.35870786 0.63072434],2,-1,-1,379,-1
5889,[0.34313867 0.57332468],3,-1,-1,-1,2
5890,[0.33724971 0.42822838],2,1,"[0.39058119958388665, 0.45374655865984675]",216,-1
5891,[0.52750218 0.60930712],0,-1,-1,45,0
5892,[0.33606722 0.5892911 ],2,0,"[0.27872464766475324, 0.6037969263876968]",384,2
5893,[0.4512688 0.3907883],3,-1,-1,264,1
5894,[0.24457107 0.61865571],2,0,"[0.27872464766475324, 0.6037969263876968]",-1,-1
5895,[0.24345373 0.81868849],1,-1,-1,-1,-1
5896,[0.66340093 0.45091995],0,-1,-1,-1,0
5897,[0.36789981 0.29586257],3,-1,-1,-1,-1
5898,[0.72409997 0.63993463],0,-1,-1,98,0
5899,[0.36226419 0.62611573],1,-1,-1,379,-1
5900,[0.599777  0.6340351],0,-1,-1,-1,0
5901,[0.27027237 0.49554737],2,-1,-1,208,-1
5902,[0.46745117 0.74179571],1,-1,-1,86,-1
5903,[0.31244149 0.72644675],1,2,"[0.36772318180773494, 0.7148766969481398]",332,-1
5904,[0.53495469 0.5259391 ],0,-1,-1,-1,-1
5905,[0.37713053 0.55540485],2,-1,-1,-1,-1
5906,[0.29941346 0.69076085],2,-1,-1,-1,-1
5907,[0.57543504 0.50070506],0,-1,-1,-1,0
5908,[0.48465733 0.37548939],3,-1,-1,-1,-1
5909,[0.29681643 0.59219766],2,0,"[0.27872464766475324, 0.6037969263876968]",338,-1
5910,[0.41126987 0.62731885],1,-1,-1,-1,-1
5911,[0.29265508 0.89487397],1,-1,-1,-1,-1
5912,[0.4276865  0.56081615],1,-1,-1,186,-1
5913,[0.41668104 0.72717856],1,2,"[0.36772318180773494, 0.7148766969481398]",261,-1
5914,[0.64231362 0.43788132],0,-1,-1,-1,0
5915,[0.18442256 0.59620807],2,-1,-1,58,-1
5916,[0.35863137 0.36318439],3,-1,-1,260,-1
5917,[0.69073476 0.58462589],3,3,"[0.7033493551787963, 0.5720264221842615]",-1,0
5918,[0.43057047 0.70801631],1,2,"[0.36772318180773494, 0.7148766969481398]",-1,-1
5919,[0.47127403 0.86158454],1,-1,-1,7,-1
5920,[0.64111592 0.60801908],0,-1,-1,169,0
5921,[0.30086565 0.62334088],2,0,"[0.27872464766475324, 0.6037969263876968]",358,-1
5922,[0.7323861  0.43555247],0,-1,-1,-1,0
5923,[0.32575427 0.31935862],3,-1,-1,21,-1
5924,[0.36916954 0.62583779],1,-1,-1,379,-1
5925,[0.33796773 0.76991013],1,2,"[0.36772318180773494, 0.7148766969481398]",-1,-1
5926,[0.72360186 0.5417558 ],0,3,"[0.7033493551787963, 0.5720264221842615]",-1,0
5927,[0.68649819 0.5208707 ],0,3,"[0.7033493551787963, 0.5720264221842615]",146,0
5928,[0.11874893 0.76740323],1,-1,-1,-1,-1
5929,[0.23973661 0.49125072],3,-1,-1,109,-1
5930,[0.43681541 0.30312638],3,-1,-1,-1,-1
5931,[0.35437791 0.5813913 ],2,-1,-1,-1,-1
5932,[0.38384455 0.43932288],2,1,"[0.39058119958388665, 0.45374655865984675]",-1,1
5933,[0.6411487  0.37954709],0,-1,-1,4,0
5934,[0.22865974 0.66201229],1,-1,-1,330,-1
5935,[0.25776193 0.58311179],2,0,"[0.27872464766475324, 0.6037969263876968]",318,-1
5936,[0.40088348 0.87372859],1,-1,-1,-1,-1
5937,[0.34527371 0.53652424],2,-1,-1,-1,-1
5938,[0.75796512 0.63779923],0,-1,-1,-1,0
5939,[0.40640163 0.63576161],1,-1,-1,-1,-1
5940,[0.50273128 0.41697007],3,-1,-1,-1,-1
5941,[0.43270958 0.6666022 ],2,-1,-1,-1,-1
5942,[0.33535884 0.59781139],2,0,"[0.27872464766475324, 0.6037969263876968]",392,2
5943,[0.48052696 0.26980368],3,-1,-1,-1,-1
5944,[0.39085862 0.66607992],1,2,"[0.36772318180773494, 0.7148766969481398]",-1,-1
5945,[0.42982978 0.6245868 ],2,-1,-1,197,-1
5946,[0.47326392 0.65101679],1,-1,-1,-1,-1
5947,[0.37788531 0.56124653],2,-1,-1,311,-1
5948,[0.39554522 0.94579678],1,-1,-1,-1,-1
5949,[0.27897894 0.71183485],1,-1,-1,390,-1
5950,[0.6639546  0.59545183],0,3,"[0.7033493551787963, 0.5720264221842615]",-1,0
5951,[0.43156983 0.68412094],1,-1,-1,-1,-1
5952,[0.36893063 0.73665993],1,2,"[0.36772318180773494, 0.7148766969481398]",321,-1
5953,[0.29272236 0.72138351],2,-1,-1,-1,-1
5954,[0.37852723 0.58883663],1,-1,-1,362,2
5955,[0.67824527 0.60740788],0,3,"[0.7033493551787963, 0.5720264221842615]",174,0
5956,[0.30460008 0.66674151],1,0,"[0.27872464766475324, 0.6037969263876968]",-1,-1
5957,[0.14857933 0.64482702],1,-1,-1,-1,-1
5958,[0.33166469 0.56866778],2,0,"[0.27872464766475324, 0.6037969263876968]",-1,-1
5959,[0.47153033 0.42070853],3,-1,-1,259,1
5960,[0.2290364  0.50943278],3,-1,-1,-1,-1
5961,[0.36667511 0.54304267],2,-1,-1,-1,-1
5962,[0.72576669 0.5933472 ],0,3,"[0.7033493551787963, 0.5720264221842615]",-1,0
5963,[0.30324961 0.61332673],1,0,"[0.27872464766475324, 0.6037969263876968]",-1,-1
5964,[0.47377258 0.5497253 ],0,-1,-1,62,-1
5965,[0.36538738 0.73168241],1,2,"[0.36772318180773494, 0.7148766969481398]",326,-1
5966,[0.38853917 0.71375035],1,2,"[0.36772318180773494, 0.7148766969481398]",236,-1
5967,[0.1725904  0.64089911],2,-1,-1,52,-1
5968,[0.73724169 0.51004252],0,-1,-1,100,0
5969,[0.70402188 0.57903381],0,3,"[0.7033493551787963, 0.5720264221842615]",122,0
5970,[0.48475448 0.83508704],1,-1,-1,-1,-1
5971,[0.34815721 0.49238338],3,1,"[0.39058119958388665, 0.45374655865984675]",301,-1
5972,[0.4081595  0.75681649],2,2,"[0.36772318180773494, 0.7148766969481398]",-1,-1
5973,[0.39447504 0.2385543 ],3,-1,-1,-1,-1
5974,[0.38205443 0.6699535 ],1,2,"[0.36772318180773494, 0.7148766969481398]",387,-1
5975,[0.25506106 0.25173233],3,-1,-1,-1,-1
5976,[0.33733471 0.49400178],2,1,"[0.39058119958388665, 0.45374655865984675]",-1,-1
5977,[0.14840867 0.67543495],1,-1,-1,-1,-1
5978,[0.22824988 0.58370144],2,0,"[0.27872464766475324, 0.6037969263876968]",241,-1
5979,[0.49399147 0.62179839],2,-1,-1,26,-1
5980,[0.44104945 0.54605484],3,-1,-1,190,-1
5981,[0.41036091 0.71046172],1,2,"[0.36772318180773494, 0.7148766969481398]",261,-1
5982,[0.457535   0.30473845],3,-1,-1,-1,-1
5983,[0.43582417 0.44743864],3,1,"[0.39058119958388665, 0.45374655865984675]",-1,1
5984,[0.35078833 0.58166385],1,-1,-1,-1,2
5985,[0.72163981 0.62818507],0,3,"[0.7033493551787963, 0.5720264221842615]",98,0
5986,[0.60795747 0.54444014],0,-1,-1,-1,0
5987,[0.16124422 0.60324754],2,-1,-1,-1,-1
5988,[0.5373317  0.85902036],1,-1,-1,-1,-1
5989,[0.37640663 0.3952111 ],3,1,"[0.39058119958388665, 0.45374655865984675]",282,1
5990,[0.36108825 0.6711174 ],2,2,"[0.36772318180773494, 0.7148766969481398]",-1,4
5991,[0.64425237 0.49217365],0,-1,-1,-1,0
5992,[0.62255608 0.47841405],0,-1,-1,116,0
5993,[0.61157395 0.45903376],0,-1,-1,90,0
5994,[0.68818009 0.39466407],0,-1,-1,22,0
5995,[0.46929969 0.39278992],3,-1,-1,-1,-1
5996,[0.62274835 0.55690292],0,-1,-1,140,0
5997,[0.34437632 0.64238208],2,-1,-1,-1,-1
5998,[0.45260462 0.4021621 ],3,-1,-1,-1,-1
5999,[0.23348346 0.67116138],2,-1,-1,330,-1
6000,[0.28281955 0.63273821],1,0,"[0.27872464766475324, 0.6037969263876968]",365,-1
6001,[0.30596512 0.75793782],1,-1,-1,324,-1
6002,[0.34710291 0.33836997],3,-1,-1,172,-1
6003,[0.66377518 0.51187728],0,-1,-1,159,0
6004,[0.36119016 0.49182551],2,1,"[0.39058119958388665, 0.45374655865984675]",-1,-1
6005,[0.46764479 0.42711424],3,-1,-1,-1,-1
6006,[0.29326579 0.1823654 ],3,-1,-1,-1,-1
6007,[0.61251381 0.77134917],0,-1,-1,-1,-1
6008,[0.72690599 0.57895185],0,3,"[0.7033493551787963, 0.5720264221842615]",126,0
6009,[0.47379324 0.4556511 ],3,-1,-1,243,-1
6010,[0.3505546  0.79285414],2,-1,-1,-1,-1
6011,[0.31837211 0.50925133],3,-1,-1,304,-1
6012,[0.3573431  0.68646847],2,2,"[0.36772318180773494, 0.7148766969481398]",377,-1
6013,[0.46979306 0.49890537],3,-1,-1,-1,-1
6014,[0.6673891  0.54102306],0,3,"[0.7033493551787963, 0.5720264221842615]",-1,0
6015,[0.50972777 0.433018  ],3,-1,-1,177,-1
6016,[0.63306554 0.61745245],0,-1,-1,168,0
6017,[0.35027132 0.32788788],3,-1,-1,-1,-1
6018,[0.6274399  0.52201432],0,-1,-1,-1,0
6019,[0.33605084 0.66870497],1,2,"[0.36772318180773494, 0.7148766969481398]",377,-1
6020,[0.38648205 0.6451625 ],1,-1,-1,355,-1
6021,[0.65715396 0.42631537],0,-1,-1,40,0
6022,[0.33082245 0.59136776],1,0,"[0.27872464766475324, 0.6037969263876968]",384,2
6023,[0.25489197 0.63730797],2,0,"[0.27872464766475324, 0.6037969263876968]",-1,-1
6024,[0.59233832 0.54643083],0,-1,-1,-1,0
6025,[0.43528783 0.7981753 ],1,-1,-1,85,-1
6026,[0.36917057 0.65827879],2,2,"[0.36772318180773494, 0.7148766969481398]",377,-1
6027,[0.41126458 0.5221278 ],2,-1,-1,-1,-1
6028,[0.42831052 0.35371681],3,-1,-1,-1,-1
6029,[0.26454374 0.67742347],1,-1,-1,381,-1
6030,[0.33842679 0.64324516],2,-1,-1,335,-1
6031,[0.33220878 0.61860703],2,0,"[0.27872464766475324, 0.6037969263876968]",383,2
6032,[0.69116921 0.63049905],0,3,"[0.7033493551787963, 0.5720264221842615]",142,0
6033,[0.323406   0.46425615],3,1,"[0.39058119958388665, 0.45374655865984675]",234,-1
6034,[0.7247683  0.47179984],0,-1,-1,-1,0
6035,[0.66955842 0.33723264],3,-1,-1,-1,-1
6036,[0.29584521 0.63824963],1,0,"[0.27872464766475324, 0.6037969263876968]",-1,-1
6037,[0.63337926 0.54953736],0,-1,-1,139,0
6038,[0.18838257 0.80022978],2,-1,-1,13,-1
6039,[0.81902035 0.53184208],0,-1,-1,-1,0
6040,[0.20120344 0.60274952],2,-1,-1,-1,-1
6041,[0.41619273 0.60335832],2,-1,-1,217,-1
6042,[0.74257078 0.5819415 ],0,3,"[0.7033493551787963, 0.5720264221842615]",-1,0
6043,[0.11523083 0.64284212],1,-1,-1,-1,-1
6044,[0.35449556 0.68273116],2,2,"[0.36772318180773494, 0.7148766969481398]",377,-1
6045,[0.40954985 0.79186098],1,-1,-1,136,-1
6046,[0.25323665 0.60967442],1,0,"[0.27872464766475324, 0.6037969263876968]",247,-1
6047,[0.2585866  0.68380336],1,-1,-1,381,-1
6048,[0.6868022  0.67939634],0,-1,-1,97,0
6049,[0.25991403 0.62165694],2,0,"[0.27872464766475324, 0.6037969263876968]",345,-1
6050,[0.56019775 0.43539996],0,-1,-1,48,-1
6051,[0.45433689 0.47023881],3,1,"[0.39058119958388665, 0.45374655865984675]",221,-1
6052,[0.40520061 0.34395605],3,-1,-1,-1,-1
6053,[0.7176342  0.51983126],0,3,"[0.7033493551787963, 0.5720264221842615]",-1,0
6054,[0.32612409 0.49010944],2,-1,-1,-1,-1
6055,[0.61384112 0.62875371],0,-1,-1,-1,0
6056,[0.52322342 0.65327914],0,-1,-1,17,0
6057,[0.69395801 0.7620548 ],0,-1,-1,-1,-1
6058,[0.42734617 0.4230513 ],3,1,"[0.39058119958388665, 0.45374655865984675]",-1,-1
6059,[0.62411767 0.60613674],0,-1,-1,-1,0
6060,[0.1837485  0.76086984],1,-1,-1,-1,-1
6061,[0.30380917 0.7142597 ],2,2,"[0.36772318180773494, 0.7148766969481398]",-1,-1
6062,[0.89031621 0.40888682],0,-1,-1,-1,-1
6063,[0.45853222 0.66294106],2,-1,-1,175,-1
6064,[0.59074348 0.52448495],0,-1,-1,-1,0
6065,[0.62389238 0.36020192],3,-1,-1,-1,0
6066,[0.77602017 0.48991906],0,-1,-1,-1,0
6067,[0.63637132 0.49067646],0,-1,-1,-1,0
6068,[0.29944202 0.74095539],2,-1,-1,-1,-1
6069,[0.31494463 0.65483184],2,0,"[0.27872464766475324, 0.6037969263876968]",369,-1
6070,[0.5797129  0.32390242],3,-1,-1,-1,-1
6071,[0.37532834 0.46766397],1,1,"[0.39058119958388665, 0.45374655865984675]",257,-1
6072,[0.48011282 0.46035927],3,-1,-1,-1,-1
6073,[0.27746583 0.44356762],2,-1,-1,-1,-1
6074,[0.54372547 0.45282962],3,-1,-1,-1,-1
6075,[0.42167576 0.18516811],3,-1,-1,-1,-1
6076,[0.87869705 0.38638716],0,-1,-1,-1,-1
6077,[0.35257743 0.53741642],1,-1,-1,-1,-1
6078,[0.6048525  0.58324723],0,-1,-1,111,0
6079,[0.43835826 0.49567507],2,1,"[0.39058119958388665, 0.45374655865984675]",-1,-1
6080,[0.39442903 0.49339161],3,1,"[0.39058119958388665, 0.45374655865984675]",274,1
6081,[0.32327432 0.42601554],3,-1,-1,210,-1
6082,[0.39949614 0.45784198],3,1,"[0.39058119958388665, 0.45374655865984675]",248,1
6083,[0.69711333 0.57521651],0,3,"[0.7033493551787963, 0.5720264221842615]",-1,0
6084,[0.24248    0.60677971],2,0,"[0.27872464766475324, 0.6037969263876968]",247,-1
6085,[0.20231839 0.61456121],2,-1,-1,-1,-1
6086,[0.32540036 0.69867822],1,2,"[0.36772318180773494, 0.7148766969481398]",385,3
6087,[0.35193919 0.33953574],3,-1,-1,172,-1
6088,[0.35150236 0.69962185],1,2,"[0.36772318180773494, 0.7148766969481398]",-1,-1
6089,[0.4114412  0.56532561],1,-1,-1,-1,-1
6090,[0.45006629 0.51443566],3,-1,-1,220,-1
6091,[0.42223485 0.7384902 ],1,2,"[0.36772318180773494, 0.7148766969481398]",307,-1
6092,[0.34188223 0.50309591],2,1,"[0.39058119958388665, 0.45374655865984675]",-1,-1
6093,[0.75160929 0.65379363],0,-1,-1,95,0
6094,[0.2084519  0.68421233],2,-1,-1,-1,-1
6095,[0.49475193 0.43411084],3,-1,-1,-1,-1
6096,[0.31498352 0.55195892],2,0,"[0.27872464766475324, 0.6037969263876968]",-1,-1
6097,[0.23841314 0.54603272],2,-1,-1,-1,-1
6098,[0.36910036 0.36830853],3,-1,-1,260,-1
6099,[0.70123887 0.52405225],0,3,"[0.7033493551787963, 0.5720264221842615]",-1,0
6100,[0.4072605  0.67513863],2,2,"[0.36772318180773494, 0.7148766969481398]",341,-1
6101,[0.38081533 0.786576  ],1,-1,-1,-1,-1
6102,[0.48179011 0.50523016],0,-1,-1,-1,-1
6103,[0.36552281 0.62157634],1,-1,-1,-1,-1
6104,[0.52583035 0.35974177],3,-1,-1,79,-1
6105,[0.3998513  0.74490696],1,2,"[0.36772318180773494, 0.7148766969481398]",307,-1
6106,[0.34289891 0.70531945],1,2,"[0.36772318180773494, 0.7148766969481398]",326,-1
6107,[0.56348058 0.62697389],0,-1,-1,-1,0
6108,[0.40444903 0.62868412],1,-1,-1,-1,-1
6109,[0.46541187 0.54322213],3,-1,-1,62,-1
6110,[0.72360367 0.41534032],0,-1,-1,-1,0
6111,[0.46267623 0.41325031],3,-1,-1,-1,1
6112,[0.28621712 0.58209522],2,0,"[0.27872464766475324, 0.6037969263876968]",-1,-1
6113,[0.50894295 0.34826812],3,-1,-1,-1,-1
6114,[0.22405397 0.57785219],2,0,"[0.27872464766475324, 0.6037969263876968]",-1,-1
6115,[0.341096   0.52411649],2,-1,-1,-1,-1
6116,[0.43265121 0.45640722],3,1,"[0.39058119958388665, 0.45374655865984675]",263,1
6117,[0.74379789 0.57104897],0,3,"[0.7033493551787963, 0.5720264221842615]",126,0
6118,[0.33687075 0.82459086],1,-1,-1,202,-1
6119,[0.37879292 0.4195597 ],3,1,"[0.39058119958388665, 0.45374655865984675]",-1,1
6120,[0.29532585 0.46754373],2,-1,-1,-1,-1
6121,[0.36266087 0.66891184],1,2,"[0.36772318180773494, 0.7148766969481398]",377,4
6122,[0.6532646  0.50426294],0,-1,-1,-1,0
6123,[0.70433307 0.604548  ],0,3,"[0.7033493551787963, 0.5720264221842615]",167,0
6124,[0.35449843 0.37045168],3,-1,-1,-1,-1
6125,[0.52882269 0.31478997],3,-1,-1,-1,-1
6126,[0.66133757 0.46380993],0,-1,-1,-1,0
6127,[0.58767942 0.3528128 ],3,-1,-1,-1,-1
6128,[0.22081656 0.60054669],2,0,"[0.27872464766475324, 0.6037969263876968]",211,-1
6129,[0.31747286 0.73895169],1,2,"[0.36772318180773494, 0.7148766969481398]",-1,-1
6130,[0.31921519 0.47034883],2,-1,-1,-1,-1
6131,[0.45955848 0.47348753],3,-1,-1,222,-1
6132,[0.60685804 0.51695051],0,-1,-1,80,0
6133,[0.4709112  0.45160923],3,-1,-1,243,-1
6134,[0.15549634 0.63240528],2,-1,-1,-1,-1
6135,[0.2382595  0.45206754],2,-1,-1,-1,-1
6136,[0.35914941 0.65773864],1,2,"[0.36772318180773494, 0.7148766969481398]",377,4
6137,[0.37848881 0.44345777],3,1,"[0.39058119958388665, 0.45374655865984675]",-1,1
6138,[0.2747481  0.82146427],1,-1,-1,-1,-1
6139,[0.48193618 0.27659757],3,-1,-1,53,-1
6140,[0.32267948 0.67713162],1,2,"[0.36772318180773494, 0.7148766969481398]",385,3
6141,[0.26622353 0.80907696],1,-1,-1,-1,-1
6142,[0.45903013 0.51849674],3,-1,-1,76,-1
6143,[0.2547391  0.51551876],2,-1,-1,-1,-1
6144,[0.82456167 0.6339102 ],0,-1,-1,-1,0
6145,[0.21500939 0.66933122],1,-1,-1,331,-1
6146,[0.75749286 0.5527073 ],0,3,"[0.7033493551787963, 0.5720264221842615]",121,0
6147,[0.61387198 0.63847449],0,-1,-1,-1,0
6148,[0.3477789  0.54889513],2,-1,-1,-1,-1
6149,[0.40499005 0.43108259],2,1,"[0.39058119958388665, 0.45374655865984675]",266,1
6150,[0.68357761 0.64423144],0,-1,-1,134,0
6151,[0.46035366 0.42992537],3,-1,-1,253,-1
6152,[0.34429376 0.47487054],2,1,"[0.39058119958388665, 0.45374655865984675]",301,-1
6153,[0.36738572 0.67566313],2,2,"[0.36772318180773494, 0.7148766969481398]",-1,-1
6154,[0.85080739 0.58061242],0,-1,-1,8,0
6155,[0.4370557  0.80164105],2,-1,-1,85,-1
6156,[0.67922341 0.72674996],0,-1,-1,-1,0
6157,[0.36285008 0.49325184],3,1,"[0.39058119958388665, 0.45374655865984675]",-1,-1
6158,[0.64531124 0.65517462],0,-1,-1,-1,0
6159,[0.48678342 0.30304266],3,-1,-1,53,-1
6160,[0.26888309 0.72921139],1,-1,-1,193,-1
6161,[0.21550564 0.64480198],2,-1,-1,235,-1
6162,[0.33461887 0.39040627],3,-1,-1,-1,-1
6163,[0.22919804 0.48624961],2,-1,-1,-1,-1
6164,[0.27891373 0.6638044 ],2,0,"[0.27872464766475324, 0.6037969263876968]",376,-1
6165,[0.71661352 0.55613039],0,3,"[0.7033493551787963, 0.5720264221842615]",130,0
6166,[0.72742325 0.48974988],0,-1,-1,-1,0
6167,[0.42244654 0.91180734],1,-1,-1,-1,-1
6168,[0.42780822 0.30466395],3,-1,-1,-1,-1
6169,[0.49201886 0.60476786],2,-1,-1,-1,-1
6170,[0.3803936  0.67880012],1,2,"[0.36772318180773494, 0.7148766969481398]",387,-1
6171,[0.2568169 0.7439279],1,-1,-1,291,-1
6172,[0.34489739 0.69601088],1,2,"[0.36772318180773494, 0.7148766969481398]",385,-1
6173,[0.38889577 0.36311351],3,-1,-1,-1,-1
6174,[0.18406051 0.61053564],1,-1,-1,-1,-1
6175,[0.38260712 0.35849423],3,-1,-1,206,-1
6176,[0.33020834 0.55873343],2,0,"[0.27872464766475324, 0.6037969263876968]",348,2
6177,[0.30666781 0.83370351],1,-1,-1,-1,-1
6178,[0.48888797 0.74715128],1,-1,-1,-1,-1
6179,[0.69569711 0.48721527],0,-1,-1,148,0
6180,[0.33171502 0.46676702],3,1,"[0.39058119958388665, 0.45374655865984675]",234,-1
6181,[0.29320281 0.66441217],1,0,"[0.27872464766475324, 0.6037969263876968]",-1,-1
6182,[0.70858307 0.3994808 ],0,-1,-1,-1,0
6183,[0.25738086 0.42061442],3,-1,-1,-1,-1
6184,[0.36887091 0.49791833],3,1,"[0.39058119958388665, 0.45374655865984675]",244,-1
6185,[0.31374356 0.56969535],2,0,"[0.27872464766475324, 0.6037969263876968]",360,-1
6186,[0.52944831 0.23432026],3,-1,-1,-1,-1
6187,[0.31866074 0.76921394],1,-1,-1,323,-1
6188,[0.36128244 0.52060779],2,-1,-1,-1,-1
6189,[0.68963732 0.50756341],0,3,"[0.7033493551787963, 0.5720264221842615]",150,0
6190,[0.29431019 0.72759896],2,-1,-1,293,-1
6191,[0.22626453 0.37609132],3,-1,-1,-1,-1
6192,[0.22806083 0.52027079],2,-1,-1,-1,-1
6193,[0.33943898 0.53409805],3,-1,-1,-1,-1
6194,[0.63079166 0.49179071],0,-1,-1,-1,0
6195,[0.40772011 0.5790111 ],1,-1,-1,290,-1
6196,[0.44536595 0.41046597],3,1,"[0.39058119958388665, 0.45374655865984675]",265,-1
6197,[0.43976185 0.74379574],1,-1,-1,101,-1
6198,[0.38406816 0.51256285],3,1,"[0.39058119958388665, 0.45374655865984675]",246,-1
6199,[0.50051568 0.74208082],1,-1,-1,-1,-1
6200,[0.31993546 0.6177275 ],2,0,"[0.27872464766475324, 0.6037969263876968]",382,-1
6201,[0.34342979 0.50952013],2,-1,-1,309,-1
6202,[0.12185458 0.65021369],2,-1,-1,3,-1
6203,[0.35143171 0.51784089],1,-1,-1,309,-1
6204,[0.46988267 0.34435026],3,-1,-1,198,-1
6205,[0.35509657 0.32480036],3,-1,-1,-1,-1
6206,[0.24086442 0.49600459],2,-1,-1,109,-1
6207,[0.55396303 0.58384566],0,-1,-1,44,0
6208,[0.43322147 0.49526508],3,1,"[0.39058119958388665, 0.45374655865984675]",-1,-1
6209,[0.22058878 0.75201285],2,-1,-1,196,-1
6210,[0.36826953 0.41404803],3,1,"[0.39058119958388665, 0.45374655865984675]",237,1
6211,[0.63224578 0.54458156],0,-1,-1,139,0
6212,[0.76247329 0.66354056],0,-1,-1,-1,0
6213,[0.43709958 0.49066943],3,1,"[0.39058119958388665, 0.45374655865984675]",221,-1
6214,[0.80279685 0.58819934],0,-1,-1,68,0
6215,[0.67010191 0.53209573],0,3,"[0.7033493551787963, 0.5720264221842615]",160,0
6216,[0.69272487 0.55773638],0,3,"[0.7033493551787963, 0.5720264221842615]",-1,0
6217,[0.82949851 0.5342261 ],0,-1,-1,-1,0
6218,[0.74010832 0.5097482 ],0,-1,-1,100,0
6219,[0.33891379 0.60701218],2,0,"[0.27872464766475324, 0.6037969263876968]",393,2
6220,[0.31065578 0.54554608],2,0,"[0.27872464766475324, 0.6037969263876968]",-1,-1
6221,[0.36001433 0.51284832],3,1,"[0.39058119958388665, 0.45374655865984675]",-1,-1
6222,[0.33607552 0.58672934],1,0,"[0.27872464766475324, 0.6037969263876968]",384,2
6223,[0.26762452 0.51106869],2,-1,-1,-1,-1
6224,[0.17208747 0.48762668],2,-1,-1,-1,-1
6225,[0.22981169 0.75030298],1,-1,-1,196,-1
6226,[0.31955203 0.74253318],2,2,"[0.36772318180773494, 0.7148766969481398]",322,-1
6227,[0.8213455  0.56201706],0,-1,-1,-1,0
6228,[0.50483306 0.61161336],1,-1,-1,-1,-1
6229,[0.95233841 0.57249503],0,-1,-1,-1,-1
6230,[0.18174525 0.6963528 ],1,-1,-1,-1,-1
6231,[0.20683987 0.72445078],2,-1,-1,50,-1
6232,[0.66822604 0.52387971],0,3,"[0.7033493551787963, 0.5720264221842615]",160,0
6233,[0.3214908  0.37315699],3,-1,-1,-1,-1
6234,[0.29309654 0.37264481],3,-1,-1,-1,-1
6235,[0.36872779 0.57608951],1,-1,-1,-1,-1
6236,[0.71245846 0.59524924],0,3,"[0.7033493551787963, 0.5720264221842615]",167,0
6237,[0.3739485  0.87386758],1,-1,-1,-1,-1
6238,[0.68934375 0.61000696],0,3,"[0.7033493551787963, 0.5720264221842615]",-1,0
6239,[0.23666703 0.73773969],2,-1,-1,-1,-1
6240,[0.7483267  0.52575101],0,3,"[0.7033493551787963, 0.5720264221842615]",107,0
6241,[0.68325584 0.49569239],0,-1,-1,-1,0
6242,[0.41894512 0.38452313],3,-1,-1,284,1
6243,[0.55604214 0.4807536 ],0,-1,-1,69,-1
6244,[0.23859704 0.79462338],1,-1,-1,29,-1
6245,[0.34541777 0.62419647],2,0,"[0.27872464766475324, 0.6037969263876968]",-1,-1
6246,[0.43860511 0.49798259],2,1,"[0.39058119958388665, 0.45374655865984675]",-1,-1
6247,[0.64457867 0.49751895],0,-1,-1,155,0
6248,[0.26544167 0.36350554],3,-1,-1,-1,-1
6249,[0.62078213 0.63704131],0,-1,-1,102,0
6250,[0.47716539 0.281028  ],3,-1,-1,53,-1
6251,[0.33364673 0.7752041 ],1,2,"[0.36772318180773494, 0.7148766969481398]",-1,-1
6252,[0.22483798 0.63136967],2,0,"[0.27872464766475324, 0.6037969263876968]",-1,-1
6253,[0.36581911 0.62982998],1,-1,-1,379,-1
6254,[0.66447649 0.64112803],0,-1,-1,110,0
6255,[0.29329968 0.50917859],2,-1,-1,299,-1
6256,[0.3934812  0.37264255],3,-1,-1,-1,1
6257,[0.28817983 0.70510462],2,-1,-1,389,-1
6258,[0.31095567 0.71206185],1,2,"[0.36772318180773494, 0.7148766969481398]",394,-1
6259,[0.20495055 0.55690832],2,-1,-1,-1,-1
6260,[0.34350231 0.62390567],1,0,"[0.27872464766475324, 0.6037969263876968]",349,-1
6261,[0.44623431 0.46847343],3,1,"[0.39058119958388665, 0.45374655865984675]",221,-1
6262,[0.85692143 0.50727851],0,-1,-1,-1,0
6263,[0.32436078 0.83439274],1,-1,-1,-1,-1
6264,[0.72544836 0.58131075],0,3,"[0.7033493551787963, 0.5720264221842615]",126,0
6265,[0.36222606 0.83341565],1,-1,-1,-1,-1
6266,[0.41900188 0.29075224],3,-1,-1,-1,-1
6267,[0.43418285 0.51753688],3,-1,-1,-1,-1
6268,[0.75131682 0.57731934],0,3,"[0.7033493551787963, 0.5720264221842615]",126,0
6269,[0.26938104 0.75339957],2,-1,-1,-1,-1
6270,[0.17247383 0.67671506],1,-1,-1,-1,-1
6271,[0.29928787 0.62459874],1,0,"[0.27872464766475324, 0.6037969263876968]",-1,-1
6272,[0.3562968 0.6810876],1,2,"[0.36772318180773494, 0.7148766969481398]",-1,-1
6273,[0.68948632 0.5174612 ],0,3,"[0.7033493551787963, 0.5720264221842615]",146,0
6274,[0.47616431 0.43812972],3,-1,-1,-1,-1
6275,[0.46601408 0.58992815],3,-1,-1,46,-1
6276,[0.33599471 0.61998759],2,0,"[0.27872464766475324, 0.6037969263876968]",383,-1
6277,[0.47220337 0.34950725],3,-1,-1,198,-1
6278,[0.32650304 0.76901548],1,2,"[0.36772318180773494, 0.7148766969481398]",323,-1
6279,[0.33153245 0.41081772],3,-1,-1,214,-1
6280,[0.32115244 0.55436322],2,0,"[0.27872464766475324, 0.6037969263876968]",348,2
6281,[0.40384284 0.54400372],3,-1,-1,227,-1
6282,[0.56852592 0.48854437],0,-1,-1,-1,0
6283,[0.2819085  0.56106522],2,0,"[0.27872464766475324, 0.6037969263876968]",-1,-1
6284,[0.48010786 0.42562038],3,-1,-1,-1,1
6285,[0.74031901 0.59252077],0,3,"[0.7033493551787963, 0.5720264221842615]",125,0
6286,[0.34783447 0.69744778],1,2,"[0.36772318180773494, 0.7148766969481398]",385,-1
6287,[0.32497198 0.71739694],1,2,"[0.36772318180773494, 0.7148766969481398]",333,-1
6288,[0.71618527 0.61078717],0,3,"[0.7033493551787963, 0.5720264221842615]",-1,0
6289,[0.62557916 0.55465567],0,-1,-1,140,0
6290,[0.38335794 0.75266259],1,2,"[0.36772318180773494, 0.7148766969481398]",-1,-1
6291,[0.36077121 0.65223308],1,2,"[0.36772318180773494, 0.7148766969481398]",377,4
6292,[0.35014391 0.45531429],3,1,"[0.39058119958388665, 0.45374655865984675]",-1,-1
6293,[0.6360621  0.50878622],0,-1,-1,155,0
6294,[0.24788742 0.52988359],2,-1,-1,-1,-1
6295,[0.28710232 0.51502051],2,-1,-1,-1,-1
6296,[0.38632697 0.73722026],1,2,"[0.36772318180773494, 0.7148766969481398]",306,-1
6297,[0.24898825 0.58302223],2,0,"[0.27872464766475324, 0.6037969263876968]",-1,-1
6298,[0.35228202 0.48090119],2,1,"[0.39058119958388665, 0.45374655865984675]",-1,-1
6299,[0.64128819 0.61285734],0,-1,-1,169,0
6300,[0.68304414 0.69634545],0,-1,-1,51,0
6301,[0.18549966 0.48319588],2,-1,-1,-1,-1
6302,[0.33610268 0.56263495],1,-1,-1,-1,2
6303,[0.57968769 0.54866472],3,-1,-1,81,0
6304,[0.29169024 0.56631433],2,0,"[0.27872464766475324, 0.6037969263876968]",340,-1
6305,[0.34066798 0.58810029],1,0,"[0.27872464766475324, 0.6037969263876968]",-1,2
6306,[0.48757876 0.68225333],1,-1,-1,-1,-1
6307,[0.33011366 0.68828544],2,2,"[0.36772318180773494, 0.7148766969481398]",385,3
6308,[0.45603602 0.62307163],2,-1,-1,-1,-1
6309,[0.37966416 0.57695775],1,-1,-1,351,-1
6310,[0.37938804 0.76702621],1,2,"[0.36772318180773494, 0.7148766969481398]",188,-1
6311,[0.76559761 0.6552348 ],0,-1,-1,-1,0
6312,[0.38501765 0.75794818],1,2,"[0.36772318180773494, 0.7148766969481398]",-1,-1
6313,[0.63996053 0.50557017],0,-1,-1,155,0
6314,[0.42057045 0.64041218],1,-1,-1,-1,-1
6315,[0.35902721 0.76498471],1,2,"[0.36772318180773494, 0.7148766969481398]",192,-1
6316,[0.32776808 0.63813974],1,0,"[0.27872464766475324, 0.6037969263876968]",-1,-1
6317,[0.26463811 0.67030258],2,0,"[0.27872464766475324, 0.6037969263876968]",-1,-1
6318,[0.46633992 0.62583183],2,-1,-1,-1,-1
6319,[0.30718334 0.84321012],1,-1,-1,-1,-1
6320,[0.52858935 0.4293387 ],3,-1,-1,177,-1
6321,[0.43983235 0.48786462],3,1,"[0.39058119958388665, 0.45374655865984675]",-1,-1
6322,[0.31492388 0.62890616],1,0,"[0.27872464766475324, 0.6037969263876968]",378,-1
6323,[0.78604764 0.54493877],0,-1,-1,-1,0
6324,[0.36486486 0.62876055],1,-1,-1,379,-1
6325,[0.66006929 0.56191751],0,3,"[0.7033493551787963, 0.5720264221842615]",-1,0
6326,[0.36279218 0.88973475],1,-1,-1,-1,-1
6327,[0.22406168 0.52839218],2,-1,-1,118,-1
6328,[0.28280047 0.37072179],3,-1,-1,-1,-1
6329,[0.28155494 0.71427176],1,-1,-1,390,-1
6330,[0.34416681 0.41789991],3,1,"[0.39058119958388665, 0.45374655865984675]",268,1
6331,[0.26447688 0.74589886],1,-1,-1,291,-1
6332,[0.37706408 0.83172442],1,-1,-1,55,-1
6333,[0.43779074 0.58885024],1,-1,-1,182,-1
6334,[0.72929996 0.51966188],0,3,"[0.7033493551787963, 0.5720264221842615]",-1,0
6335,[0.46052639 0.64217345],1,-1,-1,-1,-1
6336,[0.76552167 0.53611101],0,-1,-1,-1,0
6337,[0.60306809 0.61972418],0,-1,-1,-1,0
6338,[0.76292388 0.57883955],0,3,"[0.7033493551787963, 0.5720264221842615]",-1,0
6339,[0.41807864 0.41468836],3,1,"[0.39058119958388665, 0.45374655865984675]",-1,1
6340,[0.68951959 0.53392517],0,3,"[0.7033493551787963, 0.5720264221842615]",-1,0
6341,[0.63025721 0.55085733],0,-1,-1,139,0
6342,[0.7125174  0.47878679],0,-1,-1,105,0
6343,[0.30080093 0.6632159 ],1,0,"[0.27872464766475324, 0.6037969263876968]",354,-1
6344,[0.33827188 0.6076033 ],2,0,"[0.27872464766475324, 0.6037969263876968]",393,2
6345,[0.28525394 0.54161787],2,0,"[0.27872464766475324, 0.6037969263876968]",316,-1
6346,[0.47331777 0.42140568],3,-1,-1,259,1
6347,[0.45934834 0.37765128],3,-1,-1,-1,1
6348,[0.52541977 0.46120122],3,-1,-1,113,-1
6349,[0.41587612 0.69060755],1,2,"[0.36772318180773494, 0.7148766969481398]",261,-1
6350,[0.47426759 0.46550812],3,-1,-1,-1,-1
6351,[0.28337424 0.67831556],1,-1,-1,361,-1
6352,[0.27038007 0.76806598],1,-1,-1,-1,-1
6353,[0.29422274 0.62618367],1,0,"[0.27872464766475324, 0.6037969263876968]",-1,-1
6354,[0.36323162 0.30018917],3,-1,-1,-1,-1
6355,[0.43684575 0.37830471],3,-1,-1,-1,1
6356,[0.48710621 0.41242846],3,-1,-1,259,1
6357,[0.20354079 0.59096813],2,-1,-1,199,-1
6358,[0.43583528 0.42119823],3,1,"[0.39058119958388665, 0.45374655865984675]",-1,-1
6359,[0.38650402 0.60263884],2,-1,-1,-1,-1
6360,[0.62915227 0.54274187],0,-1,-1,139,0
6361,[0.69590398 0.39482298],0,-1,-1,22,0
6362,[0.55204341 0.72193748],0,-1,-1,-1,-1
6363,[0.64808052 0.56710358],0,3,"[0.7033493551787963, 0.5720264221842615]",137,0
6364,[0.29541345 0.40154615],3,-1,-1,194,-1
6365,[0.36777581 0.62237161],2,-1,-1,379,-1
6366,[0.21219908 0.70671496],1,-1,-1,-1,-1
6367,[0.40443938 0.36349305],3,-1,-1,-1,-1
6368,[0.31351763 0.4468924 ],2,-1,-1,231,-1
6369,[0.29028005 0.71941539],2,-1,-1,-1,-1
6370,[0.27322307 0.51893784],2,-1,-1,296,-1
6371,[0.72895049 0.53599683],0,3,"[0.7033493551787963, 0.5720264221842615]",-1,0
6372,[0.7676001  0.37774556],0,-1,-1,-1,0
6373,[0.52017192 0.78034548],1,-1,-1,-1,-1
6374,[0.23643233 0.62792917],2,0,"[0.27872464766475324, 0.6037969263876968]",-1,-1
6375,[0.28704887 0.79412971],1,-1,-1,145,-1
6376,[0.10985607 0.58613445],2,-1,-1,-1,-1
6377,[0.37326803 0.7753112 ],1,2,"[0.36772318180773494, 0.7148766969481398]",188,-1
6378,[0.64437851 0.65307516],0,-1,-1,-1,0
6379,[0.59929144 0.50321211],3,-1,-1,-1,0
6380,[0.33524511 0.51353062],2,-1,-1,294,-1
6381,[0.60582359 0.46221783],0,-1,-1,-1,0
6382,[0.33642117 0.55345663],2,-1,-1,-1,-1
6383,[0.59598591 0.49036698],0,-1,-1,77,0
6384,[0.43417088 0.65620704],1,-1,-1,-1,-1
6385,[0.25524425 0.62886557],1,0,"[0.27872464766475324, 0.6037969263876968]",345,-1
6386,[0.36582302 0.59489485],2,-1,-1,357,2
6387,[0.24539856 0.60887418],2,0,"[0.27872464766475324, 0.6037969263876968]",247,-1
6388,[0.45893005 0.40129476],3,-1,-1,-1,1
6389,[0.52341954 0.43889921],3,-1,-1,-1,-1
6390,[0.55921015 0.69521674],0,-1,-1,-1,0
6391,[0.21736767 0.52554674],2,-1,-1,118,-1
6392,[0.66393424 0.50258237],0,-1,-1,-1,0
6393,[0.70220915 0.58318879],0,3,"[0.7033493551787963, 0.5720264221842615]",122,0
6394,[0.45603639 0.41141015],3,-1,-1,265,-1
6395,[0.33380104 0.22818558],3,-1,-1,-1,-1
6396,[0.35625214 0.48230652],3,1,"[0.39058119958388665, 0.45374655865984675]",-1,-1
6397,[0.28283214 0.49765841],2,-1,-1,-1,-1
6398,[0.38727743 0.60576982],2,-1,-1,-1,-1
6399,[0.37051835 0.74640326],1,2,"[0.36772318180773494, 0.7148766969481398]",321,-1
6400,[0.21949392 0.75644575],1,-1,-1,196,-1
6401,[0.34127887 0.60873773],1,0,"[0.27872464766475324, 0.6037969263876968]",393,2
6402,[0.63882831 0.55327984],0,3,"[0.7033493551787963, 0.5720264221842615]",138,0
6403,[0.21591259 0.56868412],1,-1,-1,-1,-1
6404,[0.65877119 0.47522799],0,-1,-1,144,0
6405,[0.32356979 0.65295618],1,0,"[0.27872464766475324, 0.6037969263876968]",-1,-1
6406,[0.33508558 0.37699084],3,-1,-1,-1,-1
6407,[0.66924671 0.65190083],0,-1,-1,-1,0
6408,[0.37759537 0.50614807],3,1,"[0.39058119958388665, 0.45374655865984675]",-1,1
6409,[0.33318581 0.9355121 ],1,-1,-1,-1,-1
6410,[0.63738434 0.47387285],0,-1,-1,-1,0
6411,[0.29159377 0.61676478],2,0,"[0.27872464766475324, 0.6037969263876968]",-1,-1
6412,[0.269359   0.90688621],1,-1,-1,-1,-1
6413,[0.28150894 0.75384019],2,-1,-1,242,-1
6414,[0.4720123  0.71215354],1,-1,-1,30,-1
6415,[0.37018743 0.80218072],1,-1,-1,178,-1
6416,[0.61957153 0.519517  ],3,-1,-1,-1,0
6417,[0.57409209 0.49516138],3,-1,-1,-1,0
6418,[0.45108434 0.76234677],1,-1,-1,-1,-1
6419,[0.17914516 0.63439664],2,-1,-1,52,-1
6420,[0.47523988 0.6874745 ],1,-1,-1,-1,-1
6421,[0.29021003 0.72495175],1,-1,-1,293,-1
6422,[0.34655737 0.80311427],1,-1,-1,200,-1
6423,[0.20999804 0.81967838],1,-1,-1,19,-1
6424,[0.54375115 0.36018177],3,-1,-1,-1,-1
6425,[0.46766153 0.87700958],1,-1,-1,-1,-1
6426,[0.24977017 0.47539679],3,-1,-1,109,-1
6427,[0.3815645  0.42842672],3,1,"[0.39058119958388665, 0.45374655865984675]",286,1
6428,[0.13382188 0.59295693],2,-1,-1,-1,-1
6429,[0.36808448 0.53054068],3,-1,-1,-1,-1
6430,[0.46810563 0.61422694],2,-1,-1,-1,-1
6431,[0.75092889 0.55892613],0,3,"[0.7033493551787963, 0.5720264221842615]",121,0
6432,[0.38681377 0.46565319],2,1,"[0.39058119958388665, 0.45374655865984675]",257,1
6433,[0.22539289 0.74928033],1,-1,-1,196,-1
6434,[0.80520525 0.4108727 ],0,-1,-1,-1,0
6435,[0.35488027 0.78152324],1,2,"[0.36772318180773494, 0.7148766969481398]",249,-1
6436,[0.44712922 0.51474283],3,-1,-1,220,-1
6437,[0.40248682 0.41887412],3,1,"[0.39058119958388665, 0.45374655865984675]",-1,1
6438,[0.26996634 0.59177326],2,0,"[0.27872464766475324, 0.6037969263876968]",-1,-1
6439,[0.45199983 0.69364052],1,-1,-1,-1,-1
6440,[0.24562307 0.5789582 ],2,0,"[0.27872464766475324, 0.6037969263876968]",-1,-1
6441,[0.43611063 0.42938295],3,1,"[0.39058119958388665, 0.45374655865984675]",-1,-1
6442,[0.27498856 0.58452937],2,0,"[0.27872464766475324, 0.6037969263876968]",337,-1
6443,[0.42682378 0.63386766],2,-1,-1,197,-1
6444,[0.37255644 0.47623504],2,1,"[0.39058119958388665, 0.45374655865984675]",-1,-1
6445,[0.37762167 0.64391945],1,-1,-1,-1,-1
6446,[0.20968685 0.58390458],2,-1,-1,-1,-1
6447,[0.4281187  0.90147574],1,-1,-1,-1,-1
6448,[0.68640878 0.69955816],0,-1,-1,51,0
6449,[0.36564954 0.58313252],1,-1,-1,-1,-1
6450,[0.30681527 0.54964875],2,0,"[0.27872464766475324, 0.6037969263876968]",-1,-1
6451,[0.74063568 0.61724856],0,3,"[0.7033493551787963, 0.5720264221842615]",-1,0
6452,[0.31922039 0.79711428],1,-1,-1,203,-1
6453,[0.46478028 0.43963522],3,-1,-1,-1,-1
6454,[0.30351683 0.79363002],1,-1,-1,-1,-1
6455,[0.32953091 0.54944415],2,-1,-1,-1,-1
6456,[0.40147694 0.48658632],3,1,"[0.39058119958388665, 0.45374655865984675]",270,1
6457,[0.34650352 0.6940526 ],1,2,"[0.36772318180773494, 0.7148766969481398]",385,-1
6458,[0.16964952 0.44199399],2,-1,-1,-1,-1
6459,[0.27180494 0.39053558],2,-1,-1,-1,-1
6460,[0.48491598 0.56134908],3,-1,-1,-1,-1
6461,[0.37411552 0.66545161],2,2,"[0.36772318180773494, 0.7148766969481398]",-1,-1
6462,[0.40188589 0.41138928],3,1,"[0.39058119958388665, 0.45374655865984675]",-1,1
6463,[0.31812204 0.63321064],1,0,"[0.27872464766475324, 0.6037969263876968]",378,-1
6464,[0.64643664 0.4649806 ],0,-1,-1,-1,0
6465,[0.34956978 0.81373436],1,-1,-1,-1,-1
6466,[0.34471422 0.71139813],1,2,"[0.36772318180773494, 0.7148766969481398]",326,-1
6467,[0.41867957 0.45863233],3,1,"[0.39058119958388665, 0.45374655865984675]",-1,1
6468,[0.19861241 0.64868748],1,-1,-1,-1,-1
6469,[0.4074284  0.45100644],3,1,"[0.39058119958388665, 0.45374655865984675]",258,1
6470,[0.20514294 0.47207596],2,-1,-1,-1,-1
6471,[0.4009353  0.52184547],2,1,"[0.39058119958388665, 0.45374655865984675]",-1,-1
6472,[0.40660897 0.70273757],1,2,"[0.36772318180773494, 0.7148766969481398]",-1,-1
6473,[0.35587207 0.60301972],2,-1,-1,391,-1
6474,[0.32490546 0.6987225 ],1,2,"[0.36772318180773494, 0.7148766969481398]",385,3
6475,[0.33305632 0.81814787],1,-1,-1,-1,-1
6476,[0.35221052 0.4305258 ],3,1,"[0.39058119958388665, 0.45374655865984675]",268,1
6477,[0.38210045 0.60442432],2,-1,-1,-1,-1
6478,[0.27219975 0.52856542],2,-1,-1,-1,-1
6479,[0.29363892 0.58137154],2,0,"[0.27872464766475324, 0.6037969263876968]",340,-1
6480,[0.19969767 0.56636057],2,-1,-1,-1,-1
6481,[0.83147545 0.48592241],0,-1,-1,32,0
6482,[0.67023025 0.42492461],0,-1,-1,40,0
6483,[0.39381771 0.58443101],2,-1,-1,-1,-1
6484,[0.78611376 0.6447986 ],0,-1,-1,28,0
6485,[0.51063131 0.40287182],3,-1,-1,-1,-1
6486,[0.27372924 0.51434082],2,-1,-1,296,-1
6487,[0.75876727 0.65167611],0,-1,-1,-1,0
6488,[0.36652912 0.34818003],3,-1,-1,-1,-1
6489,[0.44147023 0.48162767],3,1,"[0.39058119958388665, 0.45374655865984675]",-1,-1
6490,[0.41394004 0.37988313],3,-1,-1,-1,1
6491,[0.62034903 0.62711413],0,-1,-1,-1,0
6492,[0.37817629 0.28384436],3,-1,-1,36,-1
6493,[0.33633981 0.38702042],3,-1,-1,-1,-1
6494,[0.7076895  0.77562381],0,-1,-1,-1,-1
6495,[0.60404729 0.47409413],0,-1,-1,-1,0
6496,[0.68674812 0.43669255],0,-1,-1,-1,0
6497,[0.3539897 0.2944866],3,-1,-1,-1,-1
6498,[0.09997858 0.56860645],2,-1,-1,-1,-1
6499,[0.29109065 0.72890326],1,-1,-1,293,-1
6500,[0.32447519 0.79806024],1,-1,-1,203,-1
6501,[0.69169292 0.44676576],0,-1,-1,-1,0
6502,[0.41586835 0.67800163],1,2,"[0.36772318180773494, 0.7148766969481398]",-1,-1
6503,[0.6722398  0.67032301],0,-1,-1,-1,0
6504,[0.21619882 0.61363705],2,0,"[0.27872464766475324, 0.6037969263876968]",-1,-1
6505,[0.26120359 0.40261671],3,-1,-1,-1,-1
6506,[0.45238758 0.25544863],3,-1,-1,10,-1
6507,[0.58511576 0.41895706],0,-1,-1,-1,-1
6508,[0.40785388 0.43844638],3,1,"[0.39058119958388665, 0.45374655865984675]",-1,1
6509,[0.25523138 0.65481947],1,0,"[0.27872464766475324, 0.6037969263876968]",328,-1
6510,[0.780906   0.72152424],0,-1,-1,-1,0
6511,[0.42104046 0.29999572],3,-1,-1,151,-1
6512,[0.41657061 0.70296563],1,2,"[0.36772318180773494, 0.7148766969481398]",261,-1
6513,[0.38932204 0.55541235],3,-1,-1,-1,-1
6514,[0.24134139 0.76699033],1,-1,-1,-1,-1
6515,[0.26439553 0.59815661],2,0,"[0.27872464766475324, 0.6037969263876968]",317,-1
6516,[0.32033827 0.60172986],2,0,"[0.27872464766475324, 0.6037969263876968]",373,-1
6517,[0.31687515 0.20151208],3,-1,-1,-1,-1
6518,[0.31122585 0.67687715],2,2,"[0.36772318180773494, 0.7148766969481398]",385,3
6519,[0.40037866 0.64260983],1,-1,-1,352,-1
6520,[0.21597806 0.74583524],1,-1,-1,-1,-1
6521,[0.3807833  0.38025271],3,-1,-1,282,1
6522,[0.74505398 0.68252872],0,-1,-1,-1,0
6523,[0.33657506 0.61836238],2,0,"[0.27872464766475324, 0.6037969263876968]",383,2
6524,[0.319728   0.31111162],3,-1,-1,21,-1
6525,[0.44771817 0.35546669],3,-1,-1,254,-1
6526,[0.46600701 0.23524425],3,-1,-1,-1,-1
6527,[0.21141101 0.82592019],1,-1,-1,19,-1
6528,[0.3920555  0.59148513],1,-1,-1,362,-1
6529,[0.47584981 0.57545119],3,-1,-1,-1,-1
6530,[0.20627157 0.59444534],2,-1,-1,199,-1
6531,[0.50584598 0.55052009],0,-1,-1,-1,-1
6532,[0.7488966  0.53388849],0,3,"[0.7033493551787963, 0.5720264221842615]",107,0
6533,[0.34427118 0.55849111],2,-1,-1,-1,-1
6534,[0.236158   0.64066377],1,0,"[0.27872464766475324, 0.6037969263876968]",235,-1
6535,[0.25629446 0.58158023],2,0,"[0.27872464766475324, 0.6037969263876968]",318,-1
6536,[0.24764492 0.67256129],1,-1,-1,-1,-1
6537,[0.42742486 0.45158948],3,1,"[0.39058119958388665, 0.45374655865984675]",-1,1
6538,[0.3084467  0.51918454],3,-1,-1,299,-1
6539,[0.73950955 0.59274354],0,3,"[0.7033493551787963, 0.5720264221842615]",125,0
6540,[0.36213139 0.49808773],2,1,"[0.39058119958388665, 0.45374655865984675]",-1,-1
6541,[0.36062648 0.25898307],3,-1,-1,-1,-1
6542,[0.68355074 0.44352304],0,-1,-1,-1,0
6543,[0.65994788 0.38790799],3,-1,-1,-1,0
6544,[0.62759449 0.57154583],3,-1,-1,-1,0
6545,[0.32186732 0.45091801],2,1,"[0.39058119958388665, 0.45374655865984675]",-1,-1
6546,[0.29398669 0.39757977],3,-1,-1,194,-1
6547,[0.8514376  0.56781768],0,-1,-1,-1,0
6548,[0.38921475 0.67725129],2,2,"[0.36772318180773494, 0.7148766969481398]",387,-1
6549,[0.25763313 0.51640063],2,-1,-1,213,-1
6550,[0.47614677 0.39599126],3,-1,-1,-1,-1
6551,[0.69230613 0.50676859],0,3,"[0.7033493551787963, 0.5720264221842615]",150,0
6552,[0.31627325 0.67821693],2,2,"[0.36772318180773494, 0.7148766969481398]",385,3
6553,[0.34489491 0.72763931],1,2,"[0.36772318180773494, 0.7148766969481398]",326,-1
6554,[0.60979225 0.67310133],0,-1,-1,-1,0
6555,[0.74878047 0.52424001],0,3,"[0.7033493551787963, 0.5720264221842615]",107,0
6556,[0.24857922 0.73189696],1,-1,-1,-1,-1
6557,[0.27120077 0.74172446],1,-1,-1,291,-1
6558,[0.40188882 0.42236012],3,1,"[0.39058119958388665, 0.45374655865984675]",-1,1
6559,[0.42066043 0.38387089],3,-1,-1,284,1
6560,[0.44956417 0.46639041],3,1,"[0.39058119958388665, 0.45374655865984675]",221,-1
6561,[0.72362899 0.47728727],0,-1,-1,-1,0
6562,[0.27861547 0.6670727 ],2,0,"[0.27872464766475324, 0.6037969263876968]",376,-1
6563,[0.29514163 0.6285997 ],2,0,"[0.27872464766475324, 0.6037969263876968]",-1,-1
6564,[0.36569051 0.76508986],1,2,"[0.36772318180773494, 0.7148766969481398]",192,-1
6565,[0.56246545 0.50215579],3,-1,-1,-1,0
6566,[0.45624943 0.58476882],1,-1,-1,-1,-1
6567,[0.30634868 0.59442028],2,0,"[0.27872464766475324, 0.6037969263876968]",-1,-1
6568,[0.24116522 0.55785104],2,0,"[0.27872464766475324, 0.6037969263876968]",-1,-1
6569,[0.5614807  0.53203395],0,-1,-1,71,0
6570,[0.37158483 0.33538434],3,-1,-1,-1,-1
6571,[0.67708646 0.49393308],0,-1,-1,149,0
6572,[0.77112782 0.38794957],0,-1,-1,-1,0
6573,[0.79090701 0.71701729],0,-1,-1,-1,0
6574,[0.28868188 0.52033779],2,-1,-1,-1,-1
6575,[0.3437507  0.73616922],1,2,"[0.36772318180773494, 0.7148766969481398]",-1,-1
6576,[0.36806376 0.5670075 ],2,-1,-1,-1,-1
6577,[0.69115079 0.63642344],0,3,"[0.7033493551787963, 0.5720264221842615]",132,0
6578,[0.38828294 0.38468151],3,1,"[0.39058119958388665, 0.45374655865984675]",-1,1
6579,[0.67597215 0.60468117],0,3,"[0.7033493551787963, 0.5720264221842615]",174,0
6580,[0.30145038 0.67984443],1,-1,-1,385,-1
6581,[0.25111851 0.69658265],2,-1,-1,-1,-1
6582,[0.27364488 0.26332545],3,-1,-1,-1,-1
6583,[0.41333408 0.62955125],2,-1,-1,-1,-1
6584,[0.58493761 0.64620592],0,-1,-1,35,0
6585,[0.74747005 0.62008659],0,3,"[0.7033493551787963, 0.5720264221842615]",-1,0
6586,[0.20549932 0.78996647],1,-1,-1,-1,-1
6587,[0.71385474 0.55683132],0,3,"[0.7033493551787963, 0.5720264221842615]",130,0
6588,[0.42693711 0.29731874],3,-1,-1,-1,-1
6589,[0.26044392 0.50254639],2,-1,-1,-1,-1
6590,[0.6270003  0.59470725],0,-1,-1,158,0
6591,[0.34487844 0.63313083],2,-1,-1,-1,-1
6592,[0.33281755 0.45435745],3,1,"[0.39058119958388665, 0.45374655865984675]",-1,-1
6593,[0.5158768  0.48397376],2,-1,-1,-1,-1
6594,[0.38908777 0.5132055 ],2,1,"[0.39058119958388665, 0.45374655865984675]",-1,-1
6595,[0.40468828 0.53407658],2,-1,-1,229,-1
6596,[0.38980999 0.42635917],3,1,"[0.39058119958388665, 0.45374655865984675]",286,1
6597,[0.396168   0.65949082],2,2,"[0.36772318180773494, 0.7148766969481398]",-1,-1
6598,[0.22676842 0.51493342],2,-1,-1,-1,-1
6599,[0.60594458 0.58149863],0,-1,-1,111,0
6600,[0.73320269 0.69952712],0,-1,-1,-1,0
6601,[0.38192476 0.68320108],2,2,"[0.36772318180773494, 0.7148766969481398]",-1,-1
6602,[0.22951969 0.48745722],2,-1,-1,-1,-1
6603,[0.43133297 0.46404211],2,1,"[0.39058119958388665, 0.45374655865984675]",263,1
6604,[0.66800613 0.44824465],0,-1,-1,-1,0
6605,[0.38066152 0.59012748],2,-1,-1,362,2
6606,[0.47197458 0.66943866],1,-1,-1,-1,-1
6607,[0.43902081 0.51689675],3,-1,-1,-1,-1
6608,[0.31832216 0.50676176],3,-1,-1,304,-1
6609,[0.61777817 0.54829772],0,-1,-1,117,0
6610,[0.31593693 0.5771467 ],1,0,"[0.27872464766475324, 0.6037969263876968]",360,-1
6611,[0.28030834 0.51500837],2,-1,-1,-1,-1
6612,[0.61211124 0.63590892],0,-1,-1,123,0
6613,[0.30986349 0.49452252],2,-1,-1,303,-1
6614,[0.24095158 0.68533247],2,-1,-1,-1,-1
6615,[0.32330365 0.38574436],3,-1,-1,165,-1
6616,[0.37559263 0.67155113],2,2,"[0.36772318180773494, 0.7148766969481398]",-1,-1
6617,[0.32302104 0.73865779],2,2,"[0.36772318180773494, 0.7148766969481398]",322,-1
6618,[0.6008837  0.50420973],0,-1,-1,-1,0
6619,[0.70107467 0.43307109],0,-1,-1,-1,0
6620,[0.34100742 0.458995  ],2,1,"[0.39058119958388665, 0.45374655865984675]",-1,-1
6621,[0.40370117 0.38621861],3,1,"[0.39058119958388665, 0.45374655865984675]",-1,1
6622,[0.23395028 0.60813989],2,0,"[0.27872464766475324, 0.6037969263876968]",211,-1
6623,[0.43456655 0.29164142],3,-1,-1,88,-1
6624,[0.59073448 0.55220756],0,-1,-1,81,0
6625,[0.39934473 0.38054927],3,-1,-1,255,1
6626,[0.37104823 0.56050769],3,-1,-1,-1,-1
6627,[0.39189177 0.67651142],1,2,"[0.36772318180773494, 0.7148766969481398]",-1,-1
6628,[0.39645891 0.65378524],2,2,"[0.36772318180773494, 0.7148766969481398]",355,-1
6629,[0.31918229 0.73542794],1,2,"[0.36772318180773494, 0.7148766969481398]",322,-1
6630,[0.35833129 0.39944836],3,1,"[0.39058119958388665, 0.45374655865984675]",-1,-1
6631,[0.48155884 0.27951598],3,-1,-1,53,-1
6632,[0.38812909 0.70324329],1,2,"[0.36772318180773494, 0.7148766969481398]",-1,-1
6633,[0.29696635 0.56269335],2,0,"[0.27872464766475324, 0.6037969263876968]",340,-1
6634,[0.40342035 0.22706991],3,-1,-1,-1,-1
6635,[0.30903814 0.56273652],3,0,"[0.27872464766475324, 0.6037969263876968]",-1,-1
6636,[0.62340329 0.50993852],0,-1,-1,-1,0
6637,[0.46930106 0.25078579],3,-1,-1,-1,-1
6638,[0.66877972 0.49995975],0,-1,-1,-1,0
6639,[0.50873084 0.45053555],3,-1,-1,-1,-1
6640,[0.63233145 0.63748791],0,-1,-1,-1,0
6641,[0.86623092 0.71914065],0,-1,-1,-1,-1
6642,[0.40014458 0.56833358],2,-1,-1,269,-1
6643,[0.33828942 0.59652991],2,0,"[0.27872464766475324, 0.6037969263876968]",392,2
6644,[0.6818779 0.6382622],0,3,"[0.7033493551787963, 0.5720264221842615]",142,0
6645,[0.44859238 0.6669435 ],2,-1,-1,-1,-1
6646,[0.39927933 0.66435941],2,2,"[0.36772318180773494, 0.7148766969481398]",355,-1
6647,[0.22021817 0.74943171],1,-1,-1,196,-1
6648,[0.31793208 0.72439841],1,2,"[0.36772318180773494, 0.7148766969481398]",332,-1
6649,[0.40819516 0.75961981],1,2,"[0.36772318180773494, 0.7148766969481398]",307,-1
6650,[0.64997353 0.5419656 ],0,3,"[0.7033493551787963, 0.5720264221842615]",112,0
6651,[0.32434571 0.86575808],1,-1,-1,-1,-1
6652,[0.43350379 0.52545955],2,-1,-1,-1,-1
6653,[0.36241945 0.42634736],3,1,"[0.39058119958388665, 0.45374655865984675]",271,1
6654,[0.31939533 0.52418164],2,-1,-1,-1,-1
6655,[0.75737458 0.57045667],0,3,"[0.7033493551787963, 0.5720264221842615]",-1,0
6656,[0.38544697 0.58541027],2,-1,-1,-1,2
6657,[0.28762596 0.53995555],2,0,"[0.27872464766475324, 0.6037969263876968]",316,-1
6658,[0.40631029 0.5785421 ],2,-1,-1,290,-1
6659,[0.7619536  0.49893102],0,-1,-1,-1,0
6660,[0.30836493 0.73989152],1,2,"[0.36772318180773494, 0.7148766969481398]",-1,-1
6661,[0.37328397 0.57927616],2,-1,-1,350,-1
6662,[0.30230474 0.47467562],2,-1,-1,-1,-1
6663,[0.38644919 0.47069114],3,1,"[0.39058119958388665, 0.45374655865984675]",257,1
6664,[0.37542734 0.62518392],1,-1,-1,-1,-1
6665,[0.66095706 0.52992523],0,3,"[0.7033493551787963, 0.5720264221842615]",-1,0
6666,[0.46150294 0.58754328],3,-1,-1,-1,-1
6667,[0.28502196 0.58886915],1,0,"[0.27872464766475324, 0.6037969263876968]",-1,-1
6668,[0.4259605  0.54382139],3,-1,-1,190,-1
6669,[0.17711071 0.65872808],2,-1,-1,49,-1
6670,[0.67175394 0.66809852],0,-1,-1,91,0
6671,[0.68955033 0.46484128],0,-1,-1,-1,0
6672,[0.42917629 0.73356783],1,2,"[0.36772318180773494, 0.7148766969481398]",307,-1
6673,[0.2753431  0.41196611],3,-1,-1,67,-1
6674,[0.39420909 0.36507549],3,-1,-1,209,-1
6675,[0.31707831 0.7895947 ],1,-1,-1,-1,-1
6676,[0.6538625  0.60818445],0,3,"[0.7033493551787963, 0.5720264221842615]",-1,0
6677,[0.25924012 0.36560966],3,-1,-1,-1,-1
6678,[0.42866152 0.82999538],1,-1,-1,-1,-1
6679,[0.49766074 0.44327221],3,-1,-1,-1,-1
6680,[0.39196327 0.43453259],3,1,"[0.39058119958388665, 0.45374655865984675]",-1,1
6681,[0.59380803 0.51716891],0,-1,-1,80,0
6682,[0.25458403 0.68471809],2,-1,-1,-1,-1
6683,[0.41813399 0.70312023],1,2,"[0.36772318180773494, 0.7148766969481398]",261,-1
6684,[0.66619162 0.57370493],0,3,"[0.7033493551787963, 0.5720264221842615]",-1,0
6685,[0.48438829 0.81752345],1,-1,-1,-1,-1
6686,[0.51259999 0.66773354],0,-1,-1,17,-1
6687,[0.44738888 0.74191276],2,-1,-1,101,-1
6688,[0.67340794 0.59129038],0,3,"[0.7033493551787963, 0.5720264221842615]",156,0
6689,[0.40856828 0.39844628],3,1,"[0.39058119958388665, 0.45374655865984675]",287,1
6690,[0.4989892  0.52268324],3,-1,-1,127,-1
6691,[0.23361379 0.67621411],1,-1,-1,330,-1
6692,[0.04487624 0.606936  ],2,-1,-1,-1,-1
6693,[0.36346684 0.3557117 ],3,-1,-1,-1,-1
6694,[0.25453414 0.57064466],2,0,"[0.27872464766475324, 0.6037969263876968]",318,-1
6695,[0.37189124 0.44536437],3,1,"[0.39058119958388665, 0.45374655865984675]",-1,-1
6696,[0.36369901 0.76922929],1,2,"[0.36772318180773494, 0.7148766969481398]",192,-1
6697,[0.20550238 0.82504469],1,-1,-1,19,-1
6698,[0.46937911 0.82132561],1,-1,-1,-1,-1
6699,[0.32938471 0.75227784],1,2,"[0.36772318180773494, 0.7148766969481398]",-1,-1
6700,[0.37552736 0.55482642],2,-1,-1,311,-1
6701,[0.30148389 0.39022246],3,-1,-1,195,-1
6702,[0.35280359 0.56229447],2,-1,-1,342,-1
6703,[0.39630649 0.37919554],3,-1,-1,-1,1
6704,[0.33809882 0.69095077],2,2,"[0.36772318180773494, 0.7148766969481398]",385,-1
6705,[0.18175635 0.56803564],2,-1,-1,-1,-1
6706,[0.37613147 0.64584043],2,2,"[0.36772318180773494, 0.7148766969481398]",377,-1
6707,[0.38292569 0.72236961],2,2,"[0.36772318180773494, 0.7148766969481398]",-1,-1
6708,[0.41509524 0.39224259],3,1,"[0.39058119958388665, 0.45374655865984675]",-1,1
6709,[0.31862034 0.57542549],2,0,"[0.27872464766475324, 0.6037969263876968]",360,-1
6710,[0.30477743 0.53798624],1,-1,-1,-1,-1
6711,[0.33499144 0.45850884],3,1,"[0.39058119958388665, 0.45374655865984675]",233,-1
6712,[0.35590248 0.53735338],2,-1,-1,313,-1
6713,[0.43761839 0.36842805],3,-1,-1,279,1
6714,[0.61962367 0.65153746],0,-1,-1,-1,0
6715,[0.27920708 0.64162252],2,0,"[0.27872464766475324, 0.6037969263876968]",366,-1
6716,[0.34591579 0.47948309],2,1,"[0.39058119958388665, 0.45374655865984675]",301,-1
6717,[0.52188373 0.48450981],3,-1,-1,96,-1
6718,[0.8584653  0.59768591],0,-1,-1,-1,0
6719,[0.3913224  0.38733551],3,1,"[0.39058119958388665, 0.45374655865984675]",288,1
6720,[0.35554537 0.73002831],1,2,"[0.36772318180773494, 0.7148766969481398]",326,-1
6721,[0.38126514 0.60836028],2,-1,-1,-1,-1
6722,[0.2859014  0.30525115],3,-1,-1,-1,-1
6723,[0.30625072 0.80833959],1,-1,-1,-1,-1
6724,[0.64867983 0.5786734 ],0,3,"[0.7033493551787963, 0.5720264221842615]",162,0
6725,[0.4801581  0.42254392],2,-1,-1,-1,1
6726,[0.32244013 0.62710052],1,0,"[0.27872464766475324, 0.6037969263876968]",-1,2
6727,[0.38441625 0.73926885],1,2,"[0.36772318180773494, 0.7148766969481398]",-1,-1
6728,[0.27398534 0.45816423],2,-1,-1,-1,-1
6729,[0.28413435 0.57194258],2,0,"[0.27872464766475324, 0.6037969263876968]",-1,-1
6730,[0.35948493 0.58146965],2,-1,-1,356,-1
6731,[0.3979345  0.79070762],1,-1,-1,136,-1
6732,[0.46038706 0.41372358],3,-1,-1,265,1
6733,[0.28042817 0.7372916 ],1,-1,-1,292,-1
6734,[0.35529524 0.44055463],3,1,"[0.39058119958388665, 0.45374655865984675]",-1,-1
6735,[0.4124488 0.4138962],3,1,"[0.39058119958388665, 0.45374655865984675]",287,1
6736,[0.45450602 0.55408002],3,-1,-1,62,-1
6737,[0.58143637 0.51935956],0,-1,-1,-1,0
6738,[0.53806248 0.3947006 ],3,-1,-1,60,-1
6739,[0.62576384 0.37211468],0,-1,-1,-1,0
6740,[0.33665187 0.80330846],1,-1,-1,200,-1
6741,[0.32320057 0.68572602],1,2,"[0.36772318180773494, 0.7148766969481398]",385,3
6742,[0.27786439 0.42284467],3,-1,-1,-1,-1
6743,[0.40285579 0.83932727],1,-1,-1,-1,-1
6744,[0.32238232 0.61956977],2,0,"[0.27872464766475324, 0.6037969263876968]",-1,2
6745,[0.36381821 0.53019198],2,-1,-1,313,-1
6746,[0.57023056 0.54324478],0,-1,-1,-1,0
6747,[0.72601714 0.68890879],0,-1,-1,-1,0
6748,[0.32970776 0.39606738],3,-1,-1,-1,-1
6749,[0.72822614 0.58997422],0,3,"[0.7033493551787963, 0.5720264221842615]",126,0
6750,[0.31526729 0.63364751],2,0,"[0.27872464766475324, 0.6037969263876968]",378,-1
6751,[0.48426469 0.4306032 ],3,-1,-1,-1,1
6752,[0.56263319 0.56728714],0,-1,-1,61,0
6753,[0.3869847  0.36362634],3,-1,-1,-1,-1
6754,[0.7275447  0.63557858],0,3,"[0.7033493551787963, 0.5720264221842615]",98,0
6755,[0.33401768 0.44762794],3,1,"[0.39058119958388665, 0.45374655865984675]",233,-1
6756,[0.31256203 0.76754023],1,-1,-1,-1,-1
6757,[0.47315046 0.47809452],3,-1,-1,-1,-1
6758,[0.24770666 0.69956292],1,-1,-1,226,-1
6759,[0.32207683 0.55901214],2,0,"[0.27872464766475324, 0.6037969263876968]",348,-1
6760,[0.43457419 0.38638704],3,-1,-1,-1,1
6761,[0.7696448 0.6085129],0,-1,-1,63,0
6762,[0.43172889 0.64963588],1,-1,-1,175,-1
6763,[0.39601474 0.571691  ],2,-1,-1,269,-1
6764,[0.32406328 0.33846691],2,-1,-1,-1,-1
6765,[0.32228953 0.55310239],2,0,"[0.27872464766475324, 0.6037969263876968]",348,2
6766,[0.36492585 0.72653397],1,2,"[0.36772318180773494, 0.7148766969481398]",326,-1
6767,[0.72407501 0.52985441],0,3,"[0.7033493551787963, 0.5720264221842615]",-1,0
6768,[0.71125906 0.55652389],0,3,"[0.7033493551787963, 0.5720264221842615]",130,0
6769,[0.7952624  0.49757861],0,-1,-1,-1,0
6770,[0.54554785 0.36409348],3,-1,-1,-1,-1
6771,[0.36792276 0.35760945],3,-1,-1,260,-1
6772,[0.26090469 0.79813476],1,-1,-1,-1,-1
6773,[0.69051459 0.58243818],0,3,"[0.7033493551787963, 0.5720264221842615]",154,0
6774,[0.3312797 0.6588451],1,2,"[0.36772318180773494, 0.7148766969481398]",368,-1
6775,[0.39272807 0.63418875],1,-1,-1,-1,-1
6776,[0.45762565 0.31087198],3,-1,-1,-1,-1
6777,[0.77694068 0.46799862],0,-1,-1,-1,0
6778,[0.55478673 0.44896088],3,-1,-1,48,-1
6779,[0.7375862  0.54188429],0,3,"[0.7033493551787963, 0.5720264221842615]",-1,0
6780,[0.4253234  0.38504884],3,-1,-1,284,1
6781,[0.44540176 0.26760443],3,-1,-1,-1,-1
6782,[0.42435394 0.76739497],1,-1,-1,135,-1
6783,[0.44680589 0.47250666],3,1,"[0.39058119958388665, 0.45374655865984675]",221,-1
6784,[0.32554785 0.68575061],1,2,"[0.36772318180773494, 0.7148766969481398]",385,3
6785,[0.58544294 0.56702446],0,-1,-1,-1,0
6786,[0.36053687 0.46544733],2,1,"[0.39058119958388665, 0.45374655865984675]",-1,-1
6787,[0.18897591 0.58760629],2,-1,-1,-1,-1
6788,[0.3852685  0.71504572],1,2,"[0.36772318180773494, 0.7148766969481398]",-1,-1
6789,[0.53295579 0.47635795],3,-1,-1,69,-1
6790,[0.25295733 0.72917095],1,-1,-1,193,-1
6791,[0.51464835 0.56396596],0,-1,-1,-1,-1
6792,[0.5240936  0.68045057],1,-1,-1,-1,-1
6793,[0.65792918 0.62655744],0,-1,-1,110,0
6794,[0.32222566 0.66802219],1,2,"[0.36772318180773494, 0.7148766969481398]",385,-1
6795,[0.4020213  0.31316301],3,-1,-1,-1,-1
6796,[0.34448339 0.87406131],1,-1,-1,-1,-1
6797,[0.48806243 0.79689782],1,-1,-1,-1,-1
6798,[0.72561851 0.74467615],0,-1,-1,-1,0
6799,[0.1013129  0.65164486],2,-1,-1,-1,-1
6800,[0.17950741 0.68363118],1,-1,-1,-1,-1
6801,[0.29062382 0.72843612],1,-1,-1,293,-1
6802,[0.26474739 0.61962902],2,0,"[0.27872464766475324, 0.6037969263876968]",-1,-1
6803,[0.7115437  0.61699162],0,3,"[0.7033493551787963, 0.5720264221842615]",166,0
6804,[0.34499511 0.28129536],3,-1,-1,-1,-1
6805,[0.28326894 0.58111641],2,0,"[0.27872464766475324, 0.6037969263876968]",337,-1
6806,[0.40542052 0.30776342],3,-1,-1,-1,-1
6807,[0.35145799 0.82967428],1,-1,-1,-1,-1
6808,[0.38816615 0.74594197],1,2,"[0.36772318180773494, 0.7148766969481398]",-1,-1
6809,[0.74290692 0.49006353],0,-1,-1,-1,0
6810,[0.2365188  0.57397518],2,0,"[0.27872464766475324, 0.6037969263876968]",-1,-1
6811,[0.70316584 0.55108089],0,3,"[0.7033493551787963, 0.5720264221842615]",130,0
6812,[0.32779638 0.49419516],3,-1,-1,302,-1
6813,[0.35563311 0.72938251],1,2,"[0.36772318180773494, 0.7148766969481398]",326,-1
6814,[0.32396582 0.76827203],1,2,"[0.36772318180773494, 0.7148766969481398]",323,-1
6815,[0.31266113 0.41098555],3,-1,-1,214,-1
6816,[0.37106864 0.65500655],2,2,"[0.36772318180773494, 0.7148766969481398]",377,-1
6817,[0.31714555 0.60235595],2,0,"[0.27872464766475324, 0.6037969263876968]",-1,-1
6818,[0.33775532 0.28563464],3,-1,-1,5,-1
6819,[0.20509179 0.64456165],1,-1,-1,-1,-1
6820,[0.28506211 0.64489475],1,0,"[0.27872464766475324, 0.6037969263876968]",-1,-1
6821,[0.50439782 0.43535846],3,-1,-1,-1,-1
6822,[0.71269313 0.65535804],0,-1,-1,-1,0
6823,[0.35553957 0.69563875],2,2,"[0.36772318180773494, 0.7148766969481398]",-1,-1
6824,[0.40166533 0.69942174],1,2,"[0.36772318180773494, 0.7148766969481398]",314,-1
6825,[0.2781528  0.77716515],1,-1,-1,-1,-1
6826,[0.47403647 0.4902668 ],3,-1,-1,-1,-1
6827,[0.3308228  0.58704474],1,0,"[0.27872464766475324, 0.6037969263876968]",384,2
6828,[0.35396991 0.40496678],3,1,"[0.39058119958388665, 0.45374655865984675]",-1,-1
6829,[0.37126921 0.70357892],1,2,"[0.36772318180773494, 0.7148766969481398]",326,-1
6830,[0.47309728 0.60554794],1,-1,-1,-1,-1
6831,[0.37147243 0.708809  ],1,2,"[0.36772318180773494, 0.7148766969481398]",326,-1
6832,[0.25383078 0.72626926],1,-1,-1,193,-1
6833,[0.61596201 0.46507267],0,-1,-1,-1,0
6834,[0.59321081 0.49107109],0,-1,-1,77,0
6835,[0.53062443 0.49493737],0,-1,-1,-1,-1
6836,[0.24330671 0.71206705],1,-1,-1,225,-1
6837,[0.40985135 0.43373304],3,1,"[0.39058119958388665, 0.45374655865984675]",267,1
6838,[0.55181213 0.45334755],3,-1,-1,-1,-1
6839,[0.41178559 0.80913315],1,-1,-1,-1,-1
6840,[0.59318953 0.50083617],0,-1,-1,77,0
6841,[0.25531841 0.6346393 ],2,0,"[0.27872464766475324, 0.6037969263876968]",-1,-1
6842,[0.33154827 0.79989772],1,-1,-1,-1,-1
6843,[0.20386608 0.61878345],1,-1,-1,-1,-1
6844,[0.32324759 0.70561102],1,2,"[0.36772318180773494, 0.7148766969481398]",-1,3
6845,[0.25552992 0.76024905],1,-1,-1,-1,-1
6846,[0.2660066  0.66052614],1,0,"[0.27872464766475324, 0.6037969263876968]",-1,-1
6847,[0.41464098 0.37552239],3,-1,-1,277,1
6848,[0.55898038 0.35614793],3,-1,-1,-1,-1
6849,[0.74140152 0.4070989 ],0,-1,-1,18,0
6850,[0.75426493 0.56768213],0,3,"[0.7033493551787963, 0.5720264221842615]",-1,0
6851,[0.26225898 0.64654094],2,0,"[0.27872464766475324, 0.6037969263876968]",329,-1
6852,[0.46323334 0.7682739 ],1,-1,-1,-1,-1
6853,[0.26713016 0.54082295],2,0,"[0.27872464766475324, 0.6037969263876968]",239,-1
6854,[0.47770479 0.51037444],3,-1,-1,191,-1
6855,[0.61314455 0.52298997],0,-1,-1,78,0
6856,[0.72845363 0.65173446],0,-1,-1,98,0
6857,[0.33991598 0.66771727],1,2,"[0.36772318180773494, 0.7148766969481398]",377,4
6858,[0.46216418 0.6841817 ],3,-1,-1,89,-1
6859,[0.33851976 0.7401034 ],1,2,"[0.36772318180773494, 0.7148766969481398]",326,-1
6860,[0.66900616 0.55826204],0,3,"[0.7033493551787963, 0.5720264221842615]",-1,0
6861,[0.66161967 0.54707729],0,3,"[0.7033493551787963, 0.5720264221842615]",164,0
6862,[0.24752827 0.74341892],1,-1,-1,-1,-1
6863,[0.32206259 0.60353048],2,0,"[0.27872464766475324, 0.6037969263876968]",373,-1
6864,[0.39397224 0.45123525],2,1,"[0.39058119958388665, 0.45374655865984675]",248,1
6865,[0.46860404 0.50479895],2,-1,-1,191,-1
6866,[0.28684039 0.71702056],1,-1,-1,-1,-1
6867,[0.3741545  0.76339227],1,2,"[0.36772318180773494, 0.7148766969481398]",188,-1
6868,[0.48373495 0.61745292],0,-1,-1,-1,-1
6869,[0.18082961 0.71264136],2,-1,-1,-1,-1
6870,[0.31946448 0.54299243],2,-1,-1,348,-1
6871,[0.52555132 0.43447286],3,-1,-1,177,-1
6872,[0.24517787 0.73099317],1,-1,-1,-1,-1
6873,[0.63794471 0.55940246],0,3,"[0.7033493551787963, 0.5720264221842615]",138,0
6874,[0.28307368 0.4494449 ],3,-1,-1,-1,-1
6875,[0.29143567 0.75268677],1,-1,-1,242,-1
6876,[0.43875533 0.64439682],1,-1,-1,175,-1
6877,[0.32075726 0.6481618 ],2,0,"[0.27872464766475324, 0.6037969263876968]",-1,-1
6878,[0.8183204  0.42097418],0,-1,-1,-1,0
6879,[0.28037072 0.61022843],2,0,"[0.27872464766475324, 0.6037969263876968]",-1,-1
6880,[0.24096484 0.61081499],1,0,"[0.27872464766475324, 0.6037969263876968]",247,-1
6881,[0.31366356 0.96434026],1,-1,-1,-1,-1
6882,[0.26256106 0.29129281],3,-1,-1,-1,-1
6883,[0.17764878 0.51167939],2,-1,-1,-1,-1
6884,[0.49338137 0.75885645],1,-1,-1,-1,-1
6885,[0.53626713 0.33008099],3,-1,-1,-1,-1
6886,[0.65136265 0.57891467],0,3,"[0.7033493551787963, 0.5720264221842615]",162,0
6887,[0.34465993 0.49663183],3,1,"[0.39058119958388665, 0.45374655865984675]",301,-1
6888,[0.81806525 0.51140121],0,-1,-1,-1,0
6889,[0.378038   0.38697991],3,1,"[0.39058119958388665, 0.45374655865984675]",282,1
6890,[0.58827743 0.56496542],0,-1,-1,-1,0
6891,[0.27094615 0.59706221],1,0,"[0.27872464766475324, 0.6037969263876968]",315,-1
6892,[0.28901883 0.67383965],2,-1,-1,-1,-1
6893,[0.67772781 0.55661842],0,3,"[0.7033493551787963, 0.5720264221842615]",164,0
6894,[0.33296302 0.73346852],1,2,"[0.36772318180773494, 0.7148766969481398]",326,-1
6895,[0.2450758  0.83494143],1,-1,-1,-1,-1
6896,[0.62593608 0.5762669 ],0,-1,-1,-1,0
6897,[0.47507373 0.35778518],3,-1,-1,-1,-1
6898,[0.29286181 0.71285297],2,-1,-1,-1,-1
6899,[0.44630189 0.48145593],3,1,"[0.39058119958388665, 0.45374655865984675]",221,-1
6900,[0.65725675 0.56243257],0,3,"[0.7033493551787963, 0.5720264221842615]",-1,0
6901,[0.28227728 0.51319544],2,-1,-1,297,-1
6902,[0.51708593 0.37587363],3,-1,-1,-1,-1
6903,[0.79185811 0.65625098],0,-1,-1,28,0
6904,[0.29725523 0.43750778],2,-1,-1,-1,-1
6905,[0.4420932  0.65223313],1,-1,-1,175,-1
6906,[0.3062689  0.36750293],3,-1,-1,-1,-1
6907,[0.25435284 0.5503645 ],2,0,"[0.27872464766475324, 0.6037969263876968]",240,-1
6908,[0.4899338 0.4099979],3,-1,-1,259,1
6909,[0.21267321 0.64371817],2,-1,-1,-1,-1
6910,[0.30477826 0.57227882],2,0,"[0.27872464766475324, 0.6037969263876968]",-1,-1
6911,[0.35812    0.63626382],2,-1,-1,-1,-1
6912,[0.67664031 0.57536221],0,3,"[0.7033493551787963, 0.5720264221842615]",157,0
6913,[0.61505521 0.48617326],0,-1,-1,-1,0
6914,[0.44785326 0.31251641],3,-1,-1,131,-1
6915,[0.33431893 0.44432116],2,1,"[0.39058119958388665, 0.45374655865984675]",233,-1
6916,[0.4000048  0.49464976],3,1,"[0.39058119958388665, 0.45374655865984675]",274,1
6917,[0.2067529  0.66578817],2,-1,-1,-1,-1
6918,[0.35419453 0.47087931],3,1,"[0.39058119958388665, 0.45374655865984675]",300,-1
6919,[0.41336908 0.79328385],1,-1,-1,136,-1
6920,[0.24759688 0.48074867],3,-1,-1,109,-1
6921,[0.29857647 0.58965626],2,0,"[0.27872464766475324, 0.6037969263876968]",338,-1
6922,[0.50246436 0.52544981],0,-1,-1,127,-1
6923,[0.25717902 0.59547491],2,0,"[0.27872464766475324, 0.6037969263876968]",-1,-1
6924,[0.45374825 0.57885828],2,-1,-1,-1,-1
6925,[0.80363489 0.66914498],0,-1,-1,33,0
6926,[0.31615817 0.41498654],3,-1,-1,214,-1
6927,[0.40636014 0.55243685],2,-1,-1,227,-1
6928,[0.6402969  0.70664458],0,-1,-1,-1,0
6929,[0.50668683 0.87587546],1,-1,-1,-1,-1
6930,[0.73445616 0.59127898],0,3,"[0.7033493551787963, 0.5720264221842615]",-1,0
6931,[0.6407655  0.46299803],0,-1,-1,-1,0
6932,[0.49577284 0.61457882],3,-1,-1,26,-1
6933,[0.68401663 0.60048957],0,3,"[0.7033493551787963, 0.5720264221842615]",174,0
6934,[0.55308899 0.29621905],3,-1,-1,-1,-1
6935,[0.31431093 0.68037944],1,2,"[0.36772318180773494, 0.7148766969481398]",385,3
6936,[0.27515596 0.49504074],2,-1,-1,208,-1
6937,[0.74075368 0.51257901],0,-1,-1,100,0
6938,[0.8913466  0.57536297],0,-1,-1,-1,-1
6939,[0.76433831 0.67633436],0,-1,-1,-1,0
6940,[0.22245058 0.47382639],2,-1,-1,-1,-1
6941,[0.32984945 0.51359942],2,-1,-1,294,-1
6942,[0.60924345 0.64081579],0,-1,-1,-1,0
6943,[0.66909678 0.60015823],0,3,"[0.7033493551787963, 0.5720264221842615]",-1,0
6944,[0.29676944 0.57902253],2,0,"[0.27872464766475324, 0.6037969263876968]",340,-1
6945,[0.44034491 0.47120003],3,1,"[0.39058119958388665, 0.45374655865984675]",221,-1
6946,[0.39131127 0.8248157 ],1,-1,-1,-1,-1
6947,[0.62481119 0.45731793],0,-1,-1,-1,0
6948,[0.61590354 0.47531122],0,-1,-1,-1,0
6949,[0.72813676 0.58461726],0,3,"[0.7033493551787963, 0.5720264221842615]",126,0
6950,[0.34541155 0.41165989],3,1,"[0.39058119958388665, 0.45374655865984675]",268,-1
6951,[0.68037706 0.53287995],0,3,"[0.7033493551787963, 0.5720264221842615]",-1,0
6952,[0.73772963 0.66252547],0,-1,-1,-1,0
6953,[0.33286744 0.72173088],1,2,"[0.36772318180773494, 0.7148766969481398]",333,-1
6954,[0.27378396 0.58303711],2,0,"[0.27872464766475324, 0.6037969263876968]",337,-1
6955,[0.40572364 0.72590847],1,2,"[0.36772318180773494, 0.7148766969481398]",261,-1
6956,[0.29267662 0.76993865],1,-1,-1,-1,-1
6957,[0.3248451  0.39841944],3,-1,-1,214,-1
6958,[0.23367163 0.53128119],2,-1,-1,-1,-1
6959,[0.40997997 0.37338638],3,-1,-1,277,-1
6960,[0.6794845  0.49065017],0,-1,-1,149,0
6961,[0.35001281 0.74768286],1,2,"[0.36772318180773494, 0.7148766969481398]",325,-1
6962,[0.59262287 0.65127966],0,-1,-1,-1,0
6963,[0.53832326 0.59979394],0,-1,-1,-1,0
6964,[0.28997431 0.70422541],2,-1,-1,389,-1
6965,[0.29407756 0.70734368],1,-1,-1,-1,-1
6966,[0.36562588 0.42861407],3,1,"[0.39058119958388665, 0.45374655865984675]",-1,1
6967,[0.4333793  0.36364049],3,-1,-1,-1,1
6968,[0.55404017 0.55705481],0,-1,-1,61,0
6969,[0.39695817 0.67849151],1,2,"[0.36772318180773494, 0.7148766969481398]",-1,-1
6970,[0.35122847 0.44224212],3,1,"[0.39058119958388665, 0.45374655865984675]",-1,1
6971,[0.47080535 0.75937437],2,-1,-1,84,-1
6972,[0.38440219 0.42125785],3,1,"[0.39058119958388665, 0.45374655865984675]",-1,1
6973,[0.20923421 0.56333317],2,-1,-1,-1,-1
6974,[0.42587372 0.50877793],3,1,"[0.39058119958388665, 0.45374655865984675]",183,-1
6975,[0.3821964  0.43824223],3,1,"[0.39058119958388665, 0.45374655865984675]",-1,1
6976,[0.41910125 0.54503235],2,-1,-1,190,-1
6977,[0.78182878 0.42468555],0,-1,-1,16,0
6978,[0.26426675 0.73097276],2,-1,-1,193,-1
6979,[0.65281138 0.56142566],0,3,"[0.7033493551787963, 0.5720264221842615]",137,0
6980,[0.5219946  0.49692439],3,-1,-1,96,-1
6981,[0.41234912 0.73062855],1,2,"[0.36772318180773494, 0.7148766969481398]",261,-1
6982,[0.31545417 0.40504519],3,-1,-1,214,-1
6983,[0.4470179  0.60426118],1,-1,-1,182,-1
6984,[0.32975529 0.57462819],2,0,"[0.27872464766475324, 0.6037969263876968]",-1,2
6985,[0.31140234 0.72788807],1,2,"[0.36772318180773494, 0.7148766969481398]",332,-1
6986,[0.2532579  0.61810429],2,0,"[0.27872464766475324, 0.6037969263876968]",-1,-1
6987,[0.33553468 0.60955469],1,0,"[0.27872464766475324, 0.6037969263876968]",-1,2
6988,[0.29807349 0.41627141],3,-1,-1,-1,-1
6989,[0.42707628 0.36901439],3,-1,-1,-1,1
6990,[0.34842381 0.42966141],2,1,"[0.39058119958388665, 0.45374655865984675]",268,1
6991,[0.49150255 0.41131107],3,-1,-1,259,-1
6992,[0.64041148 0.66396693],0,-1,-1,-1,0
6993,[0.45372255 0.42943415],3,1,"[0.39058119958388665, 0.45374655865984675]",-1,-1
6994,[0.24620257 0.41908851],3,-1,-1,-1,-1
6995,[0.3135305  0.73383733],1,2,"[0.36772318180773494, 0.7148766969481398]",-1,-1
6996,[0.48739267 0.38948772],3,-1,-1,-1,-1
6997,[0.28589979 0.62838799],2,0,"[0.27872464766475324, 0.6037969263876968]",365,-1
6998,[0.80115316 0.59301881],0,-1,-1,68,0
6999,[0.23618597 0.65929888],1,0,"[0.27872464766475324, 0.6037969263876968]",-1,-1
7000,[0.65604319 0.40566526],0,-1,-1,-1,0
7001,[0.31880984 0.7709796 ],1,-1,-1,323,-1
7002,[0.32648004 0.52751526],2,-1,-1,343,-1
7003,[0.56656357 0.62944278],0,-1,-1,-1,0
7004,[0.38097481 0.59991008],1,-1,-1,363,-1
7005,[0.54659316 0.66713049],0,-1,-1,-1,0
7006,[0.35168047 0.77850211],1,2,"[0.36772318180773494, 0.7148766969481398]",249,-1
7007,[0.23054387 0.49153499],2,-1,-1,-1,-1
7008,[0.53966118 0.47856326],3,-1,-1,69,-1
7009,[0.79850708 0.55319107],0,-1,-1,-1,0
7010,[0.3382248  0.48660755],2,1,"[0.39058119958388665, 0.45374655865984675]",-1,-1
7011,[0.34244417 0.63752766],1,-1,-1,-1,-1
7012,[0.60400323 0.47790562],0,-1,-1,-1,0
7013,[0.38748977 0.7948928 ],2,-1,-1,136,-1
7014,[0.16910733 0.43091802],3,-1,-1,-1,-1
7015,[0.64501488 0.47363894],0,-1,-1,-1,0
7016,[0.66518173 0.60440474],0,3,"[0.7033493551787963, 0.5720264221842615]",-1,0
7017,[0.31543309 0.62036135],2,0,"[0.27872464766475324, 0.6037969263876968]",382,2
7018,[0.36741247 0.20061763],3,-1,-1,-1,-1
7019,[0.68543102 0.64954994],0,-1,-1,134,0
7020,[0.48390197 0.40204108],3,-1,-1,232,-1
7021,[0.17432031 0.46245003],2,-1,-1,-1,-1
7022,[0.32261523 0.53294236],2,-1,-1,343,-1
7023,[0.34512521 0.34406836],3,-1,-1,172,-1
7024,[0.82449478 0.55777616],0,-1,-1,-1,0
7025,[0.40459102 0.42901494],3,1,"[0.39058119958388665, 0.45374655865984675]",266,1
7026,[0.6869006  0.56186168],0,3,"[0.7033493551787963, 0.5720264221842615]",164,0
7027,[0.6814172  0.62214226],0,3,"[0.7033493551787963, 0.5720264221842615]",-1,0
7028,[0.28154277 0.45415114],2,-1,-1,-1,-1
7029,[0.53998421 0.47202467],3,-1,-1,69,-1
7030,[0.56098659 0.63971194],0,-1,-1,35,0
7031,[0.40413685 0.38676383],3,1,"[0.39058119958388665, 0.45374655865984675]",-1,1
7032,[0.65887151 0.6766186 ],0,-1,-1,-1,0
7033,[0.29020762 0.58002673],1,0,"[0.27872464766475324, 0.6037969263876968]",340,-1
7034,[0.32611551 0.62375867],1,0,"[0.27872464766475324, 0.6037969263876968]",382,2
7035,[0.77440249 0.61983658],0,-1,-1,-1,0
7036,[0.32854332 0.39982736],3,-1,-1,214,-1
7037,[0.15473082 0.70327989],1,-1,-1,-1,-1
7038,[0.39734163 0.62931474],2,-1,-1,-1,-1
7039,[0.31202654 0.61661344],1,0,"[0.27872464766475324, 0.6037969263876968]",-1,-1
7040,[0.28017399 0.72251389],1,-1,-1,-1,-1
7041,[0.58898807 0.31158009],3,-1,-1,-1,-1
7042,[0.78742428 0.57036094],0,-1,-1,70,0
7043,[0.25570672 0.74354878],1,-1,-1,291,-1
7044,[0.50539308 0.38588063],3,-1,-1,215,-1
7045,[0.26759622 0.59644428],2,0,"[0.27872464766475324, 0.6037969263876968]",317,-1
7046,[0.21275078 0.73816452],1,-1,-1,-1,-1
7047,[0.79189324 0.72571189],0,-1,-1,-1,0
7048,[0.33121879 0.75748406],2,2,"[0.36772318180773494, 0.7148766969481398]",-1,-1
7049,[0.7195747  0.42677221],0,-1,-1,-1,0
7050,[0.58506034 0.51655236],0,-1,-1,80,0
7051,[0.70942516 0.53569781],0,3,"[0.7033493551787963, 0.5720264221842615]",-1,0
7052,[0.59693147 0.69778422],0,-1,-1,-1,0
7053,[0.41193622 0.41196456],3,1,"[0.39058119958388665, 0.45374655865984675]",287,1
7054,[0.30756697 0.73451098],1,2,"[0.36772318180773494, 0.7148766969481398]",-1,-1
7055,[0.43895397 0.3623892 ],3,-1,-1,-1,1
7056,[0.21982407 0.59924685],2,0,"[0.27872464766475324, 0.6037969263876968]",211,-1
7057,[0.59383257 0.58394089],0,-1,-1,-1,0
7058,[0.39255547 0.68646857],2,2,"[0.36772318180773494, 0.7148766969481398]",-1,-1
7059,[0.45259809 0.37689268],3,-1,-1,279,1
7060,[0.34015021 0.49502657],3,1,"[0.39058119958388665, 0.45374655865984675]",-1,-1
7061,[0.44330925 0.67228476],1,-1,-1,-1,-1
7062,[0.68760579 0.43049914],0,-1,-1,-1,0
7063,[0.58422786 0.57105328],0,-1,-1,-1,0
7064,[0.43262658 0.45311214],3,1,"[0.39058119958388665, 0.45374655865984675]",263,1
7065,[0.3588414  0.34057052],3,-1,-1,172,-1
7066,[0.33130779 0.47828348],2,1,"[0.39058119958388665, 0.45374655865984675]",-1,-1
7067,[0.33775905 0.40889409],3,1,"[0.39058119958388665, 0.45374655865984675]",268,-1
7068,[0.40628162 0.43072125],3,1,"[0.39058119958388665, 0.45374655865984675]",266,1
7069,[0.24749687 0.52503792],2,-1,-1,213,-1
7070,[0.39300773 0.69672112],1,2,"[0.36772318180773494, 0.7148766969481398]",314,-1
7071,[0.31278591 0.53501781],2,-1,-1,-1,-1
7072,[0.38266825 0.58417286],3,-1,-1,-1,2
7073,[0.60068566 0.579992  ],0,-1,-1,-1,0
7074,[0.31180193 0.69202231],1,2,"[0.36772318180773494, 0.7148766969481398]",385,-1
7075,[0.3201672  0.40552872],3,-1,-1,214,-1
7076,[0.38642321 0.51407087],2,1,"[0.39058119958388665, 0.45374655865984675]",246,-1
7077,[0.53208376 0.6237633 ],3,-1,-1,45,0
7078,[0.3144843  0.46005086],2,-1,-1,-1,-1
7079,[0.75598772 0.63803342],0,-1,-1,-1,0
7080,[0.60851849 0.63848403],0,-1,-1,123,0
7081,[0.67996283 0.47844713],0,-1,-1,120,0
7082,[0.36517322 0.80508116],1,-1,-1,178,-1
7083,[0.3564003  0.61737057],1,-1,-1,375,-1
7084,[0.47166654 0.3381603 ],3,-1,-1,198,-1
7085,[0.15241614 0.77090945],1,-1,-1,-1,-1
7086,[0.53946803 0.37806085],3,-1,-1,-1,-1
7087,[0.29090239 0.52742126],2,-1,-1,-1,-1
7088,[0.14871581 0.44303847],2,-1,-1,-1,-1
7089,[0.72233019 0.70932392],0,-1,-1,-1,0
7090,[0.68276933 0.60274383],0,3,"[0.7033493551787963, 0.5720264221842615]",174,0
7091,[0.54962152 0.50642796],0,-1,-1,54,-1
7092,[0.61789095 0.59652868],0,-1,-1,-1,0
7093,[0.24721101 0.52246726],2,-1,-1,201,-1
7094,[0.23373608 0.68072053],1,-1,-1,-1,-1
7095,[0.41436572 0.69847207],1,2,"[0.36772318180773494, 0.7148766969481398]",261,-1
7096,[0.47108644 0.78114189],1,-1,-1,56,-1
7097,[0.30495932 0.49602303],2,-1,-1,303,-1
7098,[0.4826069  0.43841687],3,-1,-1,-1,-1
7099,[0.72884731 0.61159386],0,3,"[0.7033493551787963, 0.5720264221842615]",-1,0
7100,[0.44065356 0.64398962],1,-1,-1,175,-1
7101,[0.67947887 0.62986548],0,3,"[0.7033493551787963, 0.5720264221842615]",-1,0
7102,[0.4109572  0.63882151],2,-1,-1,-1,-1
7103,[0.75527134 0.54951634],0,3,"[0.7033493551787963, 0.5720264221842615]",121,0
7104,[0.32008966 0.56040806],2,0,"[0.27872464766475324, 0.6037969263876968]",348,2
7105,[0.8121103  0.46076936],0,-1,-1,-1,0
7106,[0.53233037 0.28859004],3,-1,-1,-1,-1
7107,[0.64824493 0.67916611],0,-1,-1,-1,0
7108,[0.86377992 0.5092299 ],0,-1,-1,-1,0
7109,[0.377663   0.54702456],1,-1,-1,310,-1
7110,[0.34184407 0.63114464],2,0,"[0.27872464766475324, 0.6037969263876968]",-1,-1
7111,[0.62459762 0.46945317],0,-1,-1,-1,0
7112,[0.29624953 0.69780268],1,-1,-1,-1,-1
7113,[0.81709835 0.63497084],0,-1,-1,-1,0
7114,[0.66914753 0.57429952],0,3,"[0.7033493551787963, 0.5720264221842615]",157,0
7115,[0.39103942 0.78716468],1,-1,-1,136,-1
7116,[0.61037934 0.58617578],0,-1,-1,111,0
7117,[0.27949246 0.64629103],1,0,"[0.27872464766475324, 0.6037969263876968]",-1,-1
7118,[0.71858106 0.50720194],0,3,"[0.7033493551787963, 0.5720264221842615]",-1,0
7119,[0.74345492 0.60105466],0,3,"[0.7033493551787963, 0.5720264221842615]",-1,0
7120,[0.49867814 0.43430259],3,-1,-1,-1,-1
7121,[0.17316779 0.61609596],1,-1,-1,-1,-1
7122,[0.48008072 0.40414322],3,-1,-1,232,-1
7123,[0.42064798 0.57547418],1,-1,-1,-1,-1
7124,[0.23301528 0.46248904],3,-1,-1,108,-1
7125,[0.36062324 0.66766012],2,2,"[0.36772318180773494, 0.7148766969481398]",377,4
7126,[0.40555192 0.72606347],1,2,"[0.36772318180773494, 0.7148766969481398]",261,-1
7127,[0.2800541  0.71140744],1,-1,-1,390,-1
7128,[0.24402451 0.70228001],1,-1,-1,226,-1
7129,[0.73369632 0.67042087],0,-1,-1,-1,0
7130,[0.32161532 0.54129052],2,-1,-1,348,-1
7131,[0.80183128 0.78233959],0,-1,-1,-1,-1
7132,[0.37809642 0.46534967],3,1,"[0.39058119958388665, 0.45374655865984675]",257,1
7133,[0.2153907  0.61669967],2,0,"[0.27872464766475324, 0.6037969263876968]",-1,-1
7134,[0.28534682 0.51962256],2,-1,-1,-1,-1
7135,[0.6758271 0.5060656],0,-1,-1,-1,0
7136,[0.30025387 0.74602083],1,-1,-1,-1,-1
7137,[0.34667234 0.66963189],2,2,"[0.36772318180773494, 0.7148766969481398]",377,4
7138,[0.44546445 0.31353552],3,-1,-1,131,-1
7139,[0.34733049 0.48373288],2,1,"[0.39058119958388665, 0.45374655865984675]",301,-1
7140,[0.33762435 0.83129971],1,-1,-1,-1,-1
7141,[0.50976956 0.40469693],3,-1,-1,-1,-1
7142,[0.49755563 0.63509541],0,-1,-1,-1,-1
7143,[0.55159407 0.35143768],3,-1,-1,57,-1
7144,[0.30941668 0.33369108],3,-1,-1,-1,-1
7145,[0.13883426 0.58140432],2,-1,-1,-1,-1
7146,[0.44921556 0.65940755],2,-1,-1,175,-1
7147,[0.33607711 0.48194168],2,1,"[0.39058119958388665, 0.45374655865984675]",-1,-1
7148,[0.38232783 0.34657474],3,-1,-1,189,-1
7149,[0.66344905 0.72497123],0,-1,-1,-1,0
7150,[0.57939562 0.58652884],0,-1,-1,103,0
7151,[0.26087772 0.81341648],1,-1,-1,-1,-1
7152,[0.35395209 0.31448892],3,-1,-1,-1,-1
7153,[0.66987503 0.59654087],0,3,"[0.7033493551787963, 0.5720264221842615]",-1,0
7154,[0.31982777 0.76836978],1,-1,-1,323,-1
7155,[0.67874704 0.35496718],0,-1,-1,-1,0
7156,[0.46105376 0.59493634],0,-1,-1,-1,-1
7157,[0.52556716 0.6185529 ],0,-1,-1,45,0
7158,[0.37822585 0.83703101],1,-1,-1,55,-1
7159,[0.80899134 0.49797587],0,-1,-1,32,0
7160,[0.41324072 0.37435303],3,-1,-1,277,1
7161,[0.30098186 0.52781885],2,-1,-1,-1,-1
7162,[0.23050872 0.58984226],2,0,"[0.27872464766475324, 0.6037969263876968]",-1,-1
7163,[0.32537294 0.74480166],1,2,"[0.36772318180773494, 0.7148766969481398]",-1,-1
7164,[0.69817191 0.59974916],0,3,"[0.7033493551787963, 0.5720264221842615]",167,0
7165,[0.34023935 0.47007873],2,1,"[0.39058119958388665, 0.45374655865984675]",-1,-1
7166,[0.51468499 0.32792189],3,-1,-1,-1,-1
7167,[0.31775712 0.57139549],1,0,"[0.27872464766475324, 0.6037969263876968]",360,2
7168,[0.51207397 0.46580878],3,-1,-1,113,-1
7169,[0.59521267 0.63567298],0,-1,-1,-1,0
7170,[0.28483382 0.64500114],1,0,"[0.27872464766475324, 0.6037969263876968]",-1,-1
7171,[0.35211434 0.76070169],1,2,"[0.36772318180773494, 0.7148766969481398]",-1,-1
7172,[0.51161793 0.38110695],3,-1,-1,-1,-1
7173,[0.61397739 0.55564479],0,-1,-1,-1,0
7174,[0.54685998 0.31903818],3,-1,-1,-1,-1
7175,[0.28072051 0.37361651],3,-1,-1,-1,-1
7176,[0.41642257 0.60413107],1,-1,-1,217,-1
7177,[0.47898752 0.39878748],3,-1,-1,232,-1
7178,[0.54083138 0.41727671],3,-1,-1,-1,-1
7179,[0.22075669 0.43978692],2,-1,-1,-1,-1
7180,[0.36610274 0.41989193],3,1,"[0.39058119958388665, 0.45374655865984675]",-1,1
7181,[0.2563708  0.55204885],2,0,"[0.27872464766475324, 0.6037969263876968]",240,-1
7182,[0.4143675  0.40226411],3,1,"[0.39058119958388665, 0.45374655865984675]",287,1
7183,[0.72451891 0.67731987],0,-1,-1,41,0
7184,[0.70252359 0.50146865],0,-1,-1,148,0
7185,[0.34057608 0.75932188],1,2,"[0.36772318180773494, 0.7148766969481398]",-1,-1
7186,[0.79899702 0.50970107],0,-1,-1,-1,0
7187,[0.41681435 0.71476181],1,2,"[0.36772318180773494, 0.7148766969481398]",261,-1
7188,[0.31768764 0.62262004],1,0,"[0.27872464766475324, 0.6037969263876968]",382,-1
7189,[0.76619478 0.59668015],0,3,"[0.7033493551787963, 0.5720264221842615]",63,0
7190,[0.59815362 0.62709602],0,-1,-1,-1,0
7191,[0.39467544 0.45689574],3,1,"[0.39058119958388665, 0.45374655865984675]",-1,1
7192,[0.20994705 0.75800223],1,-1,-1,-1,-1
7193,[0.1735389 0.6292189],2,-1,-1,52,-1
7194,[0.41183855 0.65344793],3,-1,-1,-1,-1
7195,[0.43496918 0.80164211],1,-1,-1,85,-1
7196,[0.51624266 0.43414616],3,-1,-1,177,-1
7197,[0.36969385 0.75118038],1,2,"[0.36772318180773494, 0.7148766969481398]",-1,-1
7198,[0.42344813 0.7134998 ],1,2,"[0.36772318180773494, 0.7148766969481398]",-1,-1
7199,[0.20384099 0.45981697],2,-1,-1,-1,-1
7200,[0.29149143 0.64769905],2,0,"[0.27872464766475324, 0.6037969263876968]",-1,-1
7201,[0.61567002 0.45949245],0,-1,-1,90,0
7202,[0.24552861 0.75397899],1,-1,-1,104,-1
7203,[0.65097075 0.58189472],0,3,"[0.7033493551787963, 0.5720264221842615]",162,0
7204,[0.72162672 0.38083357],0,-1,-1,-1,0
7205,[0.39536565 0.50214764],2,1,"[0.39058119958388665, 0.45374655865984675]",-1,1
7206,[0.55348608 0.6949556 ],0,-1,-1,-1,0
7207,[0.2674778  0.29347202],3,-1,-1,-1,-1
7208,[0.34035742 0.61354592],2,0,"[0.27872464766475324, 0.6037969263876968]",-1,2
7209,[0.59339803 0.45885141],0,-1,-1,43,0
7210,[0.42926908 0.46605935],3,1,"[0.39058119958388665, 0.45374655865984675]",263,-1
7211,[0.32053293 0.44386993],3,-1,-1,-1,-1
7212,[0.38750342 0.7404946 ],1,2,"[0.36772318180773494, 0.7148766969481398]",306,-1
7213,[0.77751376 0.63535883],0,-1,-1,-1,0
7214,[0.37130958 0.68054429],2,2,"[0.36772318180773494, 0.7148766969481398]",388,-1
7215,[0.39261405 0.62245559],3,-1,-1,-1,-1
7216,[0.31673985 0.7239773 ],1,2,"[0.36772318180773494, 0.7148766969481398]",332,-1
7217,[0.31428651 0.3437926 ],3,-1,-1,-1,-1
7218,[0.30316681 0.59937732],2,0,"[0.27872464766475324, 0.6037969263876968]",-1,-1
7219,[0.67844711 0.6205676 ],0,3,"[0.7033493551787963, 0.5720264221842615]",-1,0
7220,[0.61117627 0.45485809],3,-1,-1,-1,0
7221,[0.27685367 0.44495231],2,-1,-1,-1,-1
7222,[0.40282653 0.40118686],3,1,"[0.39058119958388665, 0.45374655865984675]",-1,1
7223,[0.19726583 0.67725152],1,-1,-1,115,-1
7224,[0.30100909 0.82900959],1,-1,-1,133,-1
7225,[0.32722312 0.61660795],1,0,"[0.27872464766475324, 0.6037969263876968]",-1,2
7226,[0.7925469  0.60695371],0,-1,-1,68,0
7227,[0.32349081 0.44107441],3,1,"[0.39058119958388665, 0.45374655865984675]",-1,-1
7228,[0.35551199 0.52812195],2,-1,-1,312,-1
7229,[0.21954174 0.82903811],1,-1,-1,19,-1
7230,[0.68839257 0.63237385],0,3,"[0.7033493551787963, 0.5720264221842615]",142,0
7231,[0.23923235 0.60489347],2,0,"[0.27872464766475324, 0.6037969263876968]",247,-1
7232,[0.28421664 0.63409331],2,0,"[0.27872464766475324, 0.6037969263876968]",365,-1
7233,[0.32595738 0.56604469],2,0,"[0.27872464766475324, 0.6037969263876968]",348,2
7234,[0.75432055 0.64985618],0,-1,-1,95,0
7235,[0.27407614 0.63062006],2,0,"[0.27872464766475324, 0.6037969263876968]",-1,-1
7236,[0.36436422 0.5997154 ],2,-1,-1,-1,-1
7237,[0.41935699 0.51348418],3,1,"[0.39058119958388665, 0.45374655865984675]",-1,-1
7238,[0.36477415 0.78330475],1,2,"[0.36772318180773494, 0.7148766969481398]",187,-1
7239,[0.15993517 0.70146245],2,-1,-1,-1,-1
7240,[0.32167376 0.62249797],1,0,"[0.27872464766475324, 0.6037969263876968]",382,2
7241,[0.37331756 0.6250382 ],1,-1,-1,-1,-1
7242,[0.75219393 0.76213198],0,-1,-1,-1,-1
7243,[0.71310298 0.52185656],0,3,"[0.7033493551787963, 0.5720264221842615]",-1,0
7244,[0.53134924 0.73151898],1,-1,-1,-1,-1
7245,[0.24543114 0.65734219],1,0,"[0.27872464766475324, 0.6037969263876968]",327,-1
7246,[0.29837333 0.55479846],2,0,"[0.27872464766475324, 0.6037969263876968]",-1,-1
7247,[0.4014843  0.33116822],3,-1,-1,153,-1
7248,[0.33201245 0.73475319],1,2,"[0.36772318180773494, 0.7148766969481398]",326,-1
7249,[0.33521384 0.78568895],1,-1,-1,249,-1
7250,[0.27933141 0.68028832],2,-1,-1,361,-1
7251,[0.4498609  0.49324527],3,-1,-1,-1,-1
7252,[0.74914073 0.54788765],0,3,"[0.7033493551787963, 0.5720264221842615]",121,0
7253,[0.28495837 0.54344107],2,0,"[0.27872464766475324, 0.6037969263876968]",316,-1
7254,[0.64800067 0.47884116],0,-1,-1,147,0
7255,[0.27424321 0.70125538],1,-1,-1,381,-1
7256,[0.33432322 0.67921159],1,2,"[0.36772318180773494, 0.7148766969481398]",-1,3
7257,[0.33998204 0.64609546],1,-1,-1,335,-1
7258,[0.38032788 0.6745511 ],1,2,"[0.36772318180773494, 0.7148766969481398]",387,-1
7259,[0.30701408 0.81743469],1,-1,-1,-1,-1
7260,[0.29070097 0.5648643 ],2,0,"[0.27872464766475324, 0.6037969263876968]",340,-1
7261,[0.42387066 0.59941951],3,-1,-1,-1,-1
7262,[0.33297014 0.72318898],1,2,"[0.36772318180773494, 0.7148766969481398]",326,-1
7263,[0.31377455 0.65476873],2,0,"[0.27872464766475324, 0.6037969263876968]",369,-1
7264,[0.32433392 0.44567095],3,1,"[0.39058119958388665, 0.45374655865984675]",-1,-1
7265,[0.38196202 0.59072642],1,-1,-1,362,2
7266,[0.35264535 0.61138642],2,-1,-1,375,-1
7267,[0.3857997  0.43566062],3,1,"[0.39058119958388665, 0.45374655865984675]",-1,1
7268,[0.51661599 0.351443  ],3,-1,-1,-1,-1
7269,[0.38649691 0.32541487],3,-1,-1,-1,-1
7270,[0.4404537  0.37668386],3,-1,-1,279,1
7271,[0.31130921 0.64917385],2,0,"[0.27872464766475324, 0.6037969263876968]",364,-1
7272,[0.60039505 0.58668738],0,-1,-1,111,0
7273,[0.51914261 0.3618589 ],3,-1,-1,79,-1
7274,[0.56656773 0.66571531],0,-1,-1,-1,0
7275,[0.39083529 0.59004659],2,-1,-1,362,-1
7276,[0.53569123 0.32882546],3,-1,-1,-1,-1
7277,[0.24150714 0.64632136],2,0,"[0.27872464766475324, 0.6037969263876968]",-1,-1
7278,[0.39064297 0.39939164],3,1,"[0.39058119958388665, 0.45374655865984675]",-1,1
7279,[0.32686076 0.46770423],2,1,"[0.39058119958388665, 0.45374655865984675]",234,-1
7280,[0.68124575 0.61334222],0,3,"[0.7033493551787963, 0.5720264221842615]",-1,0
7281,[0.42255505 0.30140159],3,-1,-1,151,-1
7282,[0.39508839 0.29786112],3,-1,-1,-1,-1
7283,[0.5739528  0.63789697],1,-1,-1,35,0
7284,[0.28632331 0.75838775],1,-1,-1,-1,-1
7285,[0.21167473 0.67422447],1,-1,-1,-1,-1
7286,[0.28113484 0.35521091],3,-1,-1,-1,-1
7287,[0.41027158 0.2816599 ],3,-1,-1,-1,-1
7288,[0.30877821 0.54562942],2,0,"[0.27872464766475324, 0.6037969263876968]",-1,-1
7289,[0.545604   0.76661683],1,-1,-1,-1,-1
7290,[0.23019225 0.6405856 ],1,0,"[0.27872464766475324, 0.6037969263876968]",235,-1
7291,[0.401698   0.42313787],3,1,"[0.39058119958388665, 0.45374655865984675]",-1,1
7292,[0.25869652 0.62927507],2,0,"[0.27872464766475324, 0.6037969263876968]",-1,-1
7293,[0.84558216 0.56428551],0,-1,-1,-1,0
7294,[0.22890827 0.69036845],2,-1,-1,212,-1
7295,[0.33264616 0.53018596],2,-1,-1,-1,-1
7296,[0.26432315 0.82906358],1,-1,-1,74,-1
7297,[0.36707149 0.68133122],1,2,"[0.36772318180773494, 0.7148766969481398]",388,-1
7298,[0.28991066 0.71749551],1,-1,-1,-1,-1
7299,[0.68358568 0.58217683],0,3,"[0.7033493551787963, 0.5720264221842615]",-1,0
7300,[0.40019162 0.61970044],2,-1,-1,218,-1
7301,[0.42849204 0.45156104],3,1,"[0.39058119958388665, 0.45374655865984675]",263,1
7302,[0.30535681 0.4947456 ],2,-1,-1,303,-1
7303,[0.59293716 0.62924403],0,-1,-1,-1,0
7304,[0.81519023 0.60662031],0,-1,-1,27,0
7305,[0.40950611 0.30291384],3,-1,-1,151,-1
7306,[0.67304999 0.48183516],0,-1,-1,120,0
7307,[0.37103009 0.40480234],3,1,"[0.39058119958388665, 0.45374655865984675]",-1,-1
7308,[0.39028517 0.57675744],1,-1,-1,-1,-1
7309,[0.19594456 0.49312625],2,-1,-1,-1,-1
7310,[0.22011693 0.67602399],2,-1,-1,-1,-1
7311,[0.34005913 0.59755723],2,0,"[0.27872464766475324, 0.6037969263876968]",392,2
7312,[0.38246166 0.44023932],2,1,"[0.39058119958388665, 0.45374655865984675]",-1,1
7313,[0.55082038 0.50758668],3,-1,-1,54,-1
7314,[0.25085454 0.49667065],2,-1,-1,109,-1
7315,[0.1812863 0.6661905],2,-1,-1,-1,-1
7316,[0.78020545 0.65955746],0,-1,-1,33,0
7317,[0.42431107 0.40580025],3,1,"[0.39058119958388665, 0.45374655865984675]",275,1
7318,[0.45387972 0.39179486],3,-1,-1,264,1
7319,[0.22274714 0.62927401],2,0,"[0.27872464766475324, 0.6037969263876968]",-1,-1
7320,[0.40115991 0.54199929],2,-1,-1,227,-1
7321,[0.46502134 0.48147055],3,-1,-1,-1,-1
7322,[0.2976059  0.59434413],2,0,"[0.27872464766475324, 0.6037969263876968]",338,-1
7323,[0.29004211 0.64246168],2,0,"[0.27872464766475324, 0.6037969263876968]",365,-1
7324,[0.64244524 0.59898229],0,3,"[0.7033493551787963, 0.5720264221842615]",170,0
7325,[0.66152495 0.66009173],0,-1,-1,91,0
7326,[0.38577568 0.36823817],3,-1,-1,-1,-1
7327,[0.77412565 0.41740932],0,-1,-1,-1,0
7328,[0.72457164 0.52805054],0,3,"[0.7033493551787963, 0.5720264221842615]",-1,0
7329,[0.22871294 0.72757611],1,-1,-1,-1,-1
7330,[0.20663751 0.69835661],1,-1,-1,-1,-1
7331,[0.42654668 0.52755013],3,-1,-1,-1,-1
7332,[0.89678853 0.36307499],0,-1,-1,-1,-1
7333,[0.40427973 0.64419618],2,-1,-1,352,-1
7334,[0.31229718 0.46817305],3,-1,-1,-1,-1
7335,[0.41655072 0.74170166],1,2,"[0.36772318180773494, 0.7148766969481398]",307,-1
7336,[0.75239412 0.55168433],0,3,"[0.7033493551787963, 0.5720264221842615]",121,0
7337,[0.30881654 0.46156996],3,-1,-1,-1,-1
7338,[0.35157241 0.62289127],1,-1,-1,-1,-1
7339,[0.31896686 0.51086658],2,-1,-1,304,-1
7340,[0.31981601 0.45933066],1,-1,-1,234,-1
7341,[0.34965243 0.51157432],2,-1,-1,-1,-1
7342,[0.282369   0.68951102],1,-1,-1,-1,-1
7343,[0.24131035 0.69278056],1,-1,-1,226,-1
7344,[0.71046722 0.50076454],0,-1,-1,-1,0
7345,[0.38105878 0.60109382],2,-1,-1,363,-1
7346,[0.32663159 0.67303267],1,2,"[0.36772318180773494, 0.7148766969481398]",385,-1
7347,[0.51712274 0.70508952],0,-1,-1,-1,-1
7348,[0.7037988  0.50315355],0,3,"[0.7033493551787963, 0.5720264221842615]",148,0
7349,[0.41086291 0.30935924],3,-1,-1,151,-1
7350,[0.22006807 0.51116236],2,-1,-1,-1,-1
7351,[0.74755679 0.45546257],0,-1,-1,-1,0
7352,[0.31977485 0.75362726],1,2,"[0.36772318180773494, 0.7148766969481398]",-1,-1
7353,[0.31923263 0.65255769],1,0,"[0.27872464766475324, 0.6037969263876968]",369,-1
7354,[0.74213092 0.57536727],0,3,"[0.7033493551787963, 0.5720264221842615]",126,0
7355,[0.4683781  0.52647162],2,-1,-1,-1,-1
7356,[0.64804282 0.41893857],0,-1,-1,40,0
7357,[0.68938311 0.48056375],3,-1,-1,-1,0
7358,[0.3896348  0.63848798],1,-1,-1,355,-1
7359,[0.38200445 0.42869989],3,1,"[0.39058119958388665, 0.45374655865984675]",286,1
7360,[0.3668088 0.6856964],1,2,"[0.36772318180773494, 0.7148766969481398]",388,-1
7361,[0.17184858 0.76547835],2,-1,-1,-1,-1
7362,[0.44695104 0.76370264],1,-1,-1,-1,-1
7363,[0.42971001 0.67218445],1,-1,-1,-1,-1
7364,[0.36028568 0.43906534],2,1,"[0.39058119958388665, 0.45374655865984675]",-1,-1
7365,[0.31372613 0.57958588],3,0,"[0.27872464766475324, 0.6037969263876968]",374,-1
7366,[0.29176439 0.47706012],2,-1,-1,-1,-1
7367,[0.31895471 0.74857566],1,2,"[0.36772318180773494, 0.7148766969481398]",-1,-1
7368,[0.73458359 0.5778931 ],0,3,"[0.7033493551787963, 0.5720264221842615]",126,0
7369,[0.4152204  0.40004006],3,1,"[0.39058119958388665, 0.45374655865984675]",287,1
7370,[0.27112911 0.49156269],2,-1,-1,208,-1
7371,[0.423145   0.38724087],3,-1,-1,284,1
7372,[0.47392314 0.49683714],3,-1,-1,-1,-1
7373,[0.63673064 0.53263782],0,-1,-1,-1,0
7374,[0.59148238 0.50842823],0,-1,-1,77,0
7375,[0.3567821  0.67573005],2,2,"[0.36772318180773494, 0.7148766969481398]",-1,4
7376,[0.38641317 0.52903176],2,-1,-1,-1,-1
7377,[0.36419874 0.42430921],3,1,"[0.39058119958388665, 0.45374655865984675]",271,1
7378,[0.78686439 0.51683548],0,-1,-1,-1,0
7379,[0.44163844 0.55177937],2,-1,-1,190,-1
7380,[0.68316251 0.64473604],0,-1,-1,134,0
7381,[0.26185399 0.65322398],1,0,"[0.27872464766475324, 0.6037969263876968]",329,-1
7382,[0.63838679 0.49777795],0,-1,-1,-1,0
7383,[0.61875318 0.5108539 ],0,-1,-1,-1,0
7384,[0.36118938 0.63894088],2,-1,-1,380,4
7385,[0.33794034 0.41091415],2,1,"[0.39058119958388665, 0.45374655865984675]",268,-1
7386,[0.1939926  0.53515704],2,-1,-1,-1,-1
7387,[0.38719367 0.47019959],3,1,"[0.39058119958388665, 0.45374655865984675]",257,1
7388,[0.39061216 0.40713314],3,1,"[0.39058119958388665, 0.45374655865984675]",281,-1
7389,[0.44788261 0.41550398],3,1,"[0.39058119958388665, 0.45374655865984675]",-1,-1
7390,[0.78779237 0.61925127],0,-1,-1,-1,0
7391,[0.3461397 0.4973042],2,1,"[0.39058119958388665, 0.45374655865984675]",-1,-1
7392,[0.16176164 0.78465185],1,-1,-1,-1,-1
7393,[0.42234034 0.60192605],1,-1,-1,-1,-1
7394,[0.79190143 0.70219521],0,-1,-1,-1,0
7395,[0.41019422 0.46396126],3,1,"[0.39058119958388665, 0.45374655865984675]",258,1
7396,[0.41230165 0.7401704 ],1,2,"[0.36772318180773494, 0.7148766969481398]",307,-1
7397,[0.32245724 0.69405179],1,2,"[0.36772318180773494, 0.7148766969481398]",385,3
7398,[0.40969103 0.76224753],1,2,"[0.36772318180773494, 0.7148766969481398]",-1,-1
7399,[0.6491965  0.56249702],0,3,"[0.7033493551787963, 0.5720264221842615]",137,0
7400,[0.51194165 0.2754125 ],3,-1,-1,9,-1
7401,[0.4812889  0.30642135],3,-1,-1,53,-1
7402,[0.43263743 0.31081742],3,-1,-1,-1,-1
7403,[0.30614778 0.75110706],1,-1,-1,324,-1
7404,[0.36871254 0.64872249],2,2,"[0.36772318180773494, 0.7148766969481398]",-1,-1
7405,[0.30559412 0.65718581],1,0,"[0.27872464766475324, 0.6037969263876968]",354,-1
7406,[0.29418116 0.67151154],1,0,"[0.27872464766475324, 0.6037969263876968]",-1,-1
7407,[0.43386869 0.50187009],3,1,"[0.39058119958388665, 0.45374655865984675]",-1,-1
7408,[0.46474688 0.53692407],3,-1,-1,-1,-1
7409,[0.38050594 0.60028065],2,-1,-1,363,-1
7410,[0.14918586 0.62748243],2,-1,-1,39,-1
7411,[0.33014824 0.49373381],2,-1,-1,302,-1
7412,[0.58715099 0.50191912],0,-1,-1,-1,0
7413,[0.69847412 0.5022483 ],0,3,"[0.7033493551787963, 0.5720264221842615]",148,0
7414,[0.37879599 0.42846478],2,1,"[0.39058119958388665, 0.45374655865984675]",286,1
7415,[0.30713431 0.39045224],3,-1,-1,195,-1
7416,[0.29299279 0.75317273],1,-1,-1,242,-1
7417,[0.40227504 0.5119174 ],3,1,"[0.39058119958388665, 0.45374655865984675]",-1,-1
7418,[0.47692359 0.73390142],1,-1,-1,-1,-1
7419,[0.46998873 0.51166354],3,-1,-1,191,-1
7420,[0.36285182 0.71318649],1,2,"[0.36772318180773494, 0.7148766969481398]",326,-1
7421,[0.41187634 0.6162773 ],1,-1,-1,-1,-1
7422,[0.64490418 0.59694109],0,3,"[0.7033493551787963, 0.5720264221842615]",-1,0
7423,[0.33413955 0.47055166],2,1,"[0.39058119958388665, 0.45374655865984675]",-1,-1
7424,[0.34204388 0.77999972],1,-1,-1,249,-1
7425,[0.21363039 0.67137971],2,-1,-1,-1,-1
7426,[0.2055174  0.83876788],1,-1,-1,-1,-1
7427,[0.196034   0.54991113],2,-1,-1,72,-1
7428,[0.28353696 0.73489744],1,-1,-1,292,-1
7429,[0.20637298 0.49927745],2,-1,-1,-1,-1
7430,[0.3177215  0.49723076],2,-1,-1,305,-1
7431,[0.4046502  0.73332613],1,2,"[0.36772318180773494, 0.7148766969481398]",-1,-1
7432,[0.38075275 0.61564903],2,-1,-1,-1,-1
7433,[0.54741166 0.38993231],3,-1,-1,-1,-1
7434,[0.42706146 0.63182175],1,-1,-1,197,-1
7435,[0.30783672 0.74768765],1,2,"[0.36772318180773494, 0.7148766969481398]",324,-1
7436,[0.6309519  0.53641911],0,-1,-1,-1,0
7437,[0.53423461 0.29712703],3,-1,-1,-1,-1
7438,[0.16284419 0.65790796],2,-1,-1,-1,-1
7439,[0.25429787 0.50066719],2,-1,-1,-1,-1
7440,[0.36037122 0.59032655],2,-1,-1,-1,-1
7441,[0.68741821 0.68318082],0,-1,-1,-1,0
7442,[0.4448816  0.73593299],1,-1,-1,101,-1
7443,[0.60664508 0.63521498],0,-1,-1,123,0
7444,[0.37254416 0.58447254],1,-1,-1,-1,-1
7445,[0.30744841 0.26834723],3,-1,-1,1,-1
7446,[0.61298794 0.45189887],0,-1,-1,-1,0
7447,[0.21226766 0.74629419],1,-1,-1,-1,-1
7448,[0.37808728 0.72215522],1,2,"[0.36772318180773494, 0.7148766969481398]",295,-1
7449,[0.33420892 0.7061296 ],1,2,"[0.36772318180773494, 0.7148766969481398]",385,-1
7450,[0.72011736 0.53702168],0,3,"[0.7033493551787963, 0.5720264221842615]",-1,0
7451,[0.37044592 0.67350647],2,2,"[0.36772318180773494, 0.7148766969481398]",-1,-1
7452,[0.67403573 0.59259905],0,3,"[0.7033493551787963, 0.5720264221842615]",156,0
7453,[0.36618321 0.60050313],1,-1,-1,-1,-1
7454,[0.77815435 0.59980922],0,-1,-1,-1,0
7455,[0.64032516 0.49460557],0,-1,-1,155,0
7456,[0.25691449 0.77866953],1,-1,-1,119,-1
7457,[0.44622163 0.4282678 ],3,1,"[0.39058119958388665, 0.45374655865984675]",-1,-1
7458,[0.37833863 0.59644422],2,-1,-1,363,2
7459,[0.33276756 0.70139869],1,2,"[0.36772318180773494, 0.7148766969481398]",385,3
7460,[0.3805506 0.2857701],3,-1,-1,36,-1
7461,[0.14948938 0.52561271],2,-1,-1,-1,-1
7462,[0.41531512 0.54682197],3,-1,-1,190,-1
7463,[0.2648839  0.62798984],2,0,"[0.27872464766475324, 0.6037969263876968]",344,-1
7464,[0.29325753 0.32431315],3,-1,-1,15,-1
7465,[0.16202735 0.58729572],2,-1,-1,-1,-1
7466,[0.4040253 0.6451469],2,-1,-1,352,-1
7467,[0.58816446 0.4658282 ],0,-1,-1,43,0
7468,[0.31516207 0.79260841],1,-1,-1,203,-1
7469,[0.33794665 0.35985573],3,-1,-1,-1,-1
7470,[0.62839522 0.65272651],0,-1,-1,-1,0
7471,[0.27307388 0.62152692],2,0,"[0.27872464766475324, 0.6037969263876968]",320,-1
7472,[0.80041375 0.56133057],0,-1,-1,-1,0
7473,[0.25591524 0.58170649],1,0,"[0.27872464766475324, 0.6037969263876968]",318,-1
7474,[0.37288429 0.41491986],3,1,"[0.39058119958388665, 0.45374655865984675]",-1,1
7475,[0.76503825 0.53700555],0,-1,-1,-1,0
7476,[0.30113077 0.61309854],2,0,"[0.27872464766475324, 0.6037969263876968]",-1,-1
7477,[0.5939192  0.60906923],0,-1,-1,-1,0
7478,[0.37856643 0.7465657 ],1,2,"[0.36772318180773494, 0.7148766969481398]",321,-1
7479,[0.3248008  0.42762552],3,-1,-1,210,-1
7480,[0.41062567 0.73737665],1,2,"[0.36772318180773494, 0.7148766969481398]",-1,-1
7481,[0.28424697 0.57489571],2,0,"[0.27872464766475324, 0.6037969263876968]",337,-1
7482,[0.33628761 0.6930576 ],1,2,"[0.36772318180773494, 0.7148766969481398]",385,-1
7483,[0.40658294 0.46906848],2,1,"[0.39058119958388665, 0.45374655865984675]",-1,1
7484,[0.34445281 0.55556961],2,-1,-1,347,-1
7485,[0.32380663 0.43283606],3,1,"[0.39058119958388665, 0.45374655865984675]",210,-1
7486,[0.34563415 0.66792354],1,2,"[0.36772318180773494, 0.7148766969481398]",377,4
7487,[0.46640259 0.38295298],3,-1,-1,-1,-1
7488,[0.24829151 0.54526505],2,0,"[0.27872464766475324, 0.6037969263876968]",-1,-1
7489,[0.32273498 0.53687413],2,-1,-1,343,-1
7490,[0.66065735 0.5732801 ],0,3,"[0.7033493551787963, 0.5720264221842615]",161,0
7491,[0.49809852 0.37155452],3,-1,-1,141,-1
7492,[0.38624482 0.57417582],2,-1,-1,351,-1
7493,[0.28132384 0.80338484],1,-1,-1,-1,-1
7494,[0.31554082 0.62063071],2,0,"[0.27872464766475324, 0.6037969263876968]",382,2
7495,[0.51775027 0.43804311],0,-1,-1,177,-1
7496,[0.3101179 0.4080081],2,-1,-1,214,-1
7497,[0.43497223 0.79275132],1,-1,-1,85,-1
7498,[0.70504396 0.55851172],0,3,"[0.7033493551787963, 0.5720264221842615]",-1,0
7499,[0.63743226 0.55453975],0,3,"[0.7033493551787963, 0.5720264221842615]",138,0
7500,[0.64940519 0.50583805],0,-1,-1,-1,0
7501,[0.38277604 0.57488132],3,-1,-1,351,-1
7502,[0.73064328 0.56350346],0,3,"[0.7033493551787963, 0.5720264221842615]",128,0
7503,[0.40668054 0.55605099],1,-1,-1,-1,-1
7504,[0.18271464 0.77636838],1,-1,-1,-1,-1
7505,[0.42335481 0.72379268],1,2,"[0.36772318180773494, 0.7148766969481398]",-1,-1
7506,[0.65818369 0.60387644],0,3,"[0.7033493551787963, 0.5720264221842615]",-1,0
7507,[0.44418831 0.40117361],3,-1,-1,264,1
7508,[0.3137631 0.6908155],2,2,"[0.36772318180773494, 0.7148766969481398]",385,3
7509,[0.34630779 0.65528659],2,2,"[0.36772318180773494, 0.7148766969481398]",377,4
7510,[0.79674366 0.56318   ],0,-1,-1,-1,0
7511,[0.5431676  0.46308197],3,-1,-1,-1,-1
7512,[0.35304329 0.59262425],3,-1,-1,386,-1
7513,[0.23703206 0.45441069],2,-1,-1,108,-1
7514,[0.19119788 0.41301271],3,-1,-1,-1,-1
7515,[0.31359961 0.26799227],3,-1,-1,1,-1
7516,[0.79135103 0.60162601],0,-1,-1,68,0
7517,[0.35725228 0.61955546],1,-1,-1,-1,-1
7518,[0.43507647 0.69176719],1,-1,-1,-1,-1
7519,[0.51988979 0.38465693],3,-1,-1,-1,-1
7520,[0.50317025 0.4024816 ],3,-1,-1,-1,-1
7521,[0.68514938 0.67527876],0,-1,-1,97,0
7522,[0.46710664 0.64611285],1,-1,-1,-1,-1
7523,[0.25684585 0.53977778],1,0,"[0.27872464766475324, 0.6037969263876968]",-1,-1
7524,[0.48490116 0.3520262 ],3,-1,-1,-1,-1
7525,[0.24707735 0.58980092],3,0,"[0.27872464766475324, 0.6037969263876968]",-1,-1
7526,[0.19342752 0.64085669],2,-1,-1,-1,-1
7527,[0.46003025 0.55258388],3,-1,-1,62,-1
7528,[0.64331343 0.58417819],0,3,"[0.7033493551787963, 0.5720264221842615]",-1,0
7529,[0.4168518  0.40350818],3,1,"[0.39058119958388665, 0.45374655865984675]",287,1
7530,[0.39312665 0.38520702],3,1,"[0.39058119958388665, 0.45374655865984675]",-1,1
7531,[0.74028864 0.51566771],0,3,"[0.7033493551787963, 0.5720264221842615]",100,0
7532,[0.20470455 0.71050674],1,-1,-1,-1,-1
7533,[0.37201512 0.60029343],2,-1,-1,363,-1
7534,[0.3627608  0.75956631],1,2,"[0.36772318180773494, 0.7148766969481398]",-1,-1
7535,[0.47275097 0.37215567],3,-1,-1,228,-1
7536,[0.4391666  0.38606718],3,-1,-1,-1,1
7537,[0.62733678 0.53597213],0,-1,-1,-1,0
7538,[0.87084139 0.61918897],0,-1,-1,-1,0
7539,[0.20934471 0.6018995 ],2,0,"[0.27872464766475324, 0.6037969263876968]",211,-1
7540,[0.30347193 0.72714248],2,2,"[0.36772318180773494, 0.7148766969481398]",-1,-1
7541,[0.30503896 0.46719117],3,-1,-1,-1,-1
7542,[0.24352297 0.44727876],2,-1,-1,106,-1
7543,[0.19086634 0.62172797],2,-1,-1,-1,-1
7544,[0.85046289 0.57904006],0,-1,-1,8,0
7545,[0.32848984 0.5630217 ],2,0,"[0.27872464766475324, 0.6037969263876968]",348,2
7546,[0.60002952 0.57004977],0,-1,-1,-1,0
7547,[0.42640178 0.83957603],1,-1,-1,-1,-1
7548,[0.2483187  0.60126549],2,0,"[0.27872464766475324, 0.6037969263876968]",247,-1
7549,[0.26436465 0.6944357 ],2,-1,-1,381,-1
7550,[0.28419259 0.75729021],1,-1,-1,242,-1
7551,[0.22604581 0.72043427],2,-1,-1,-1,-1
7552,[0.72895349 0.61282743],0,3,"[0.7033493551787963, 0.5720264221842615]",-1,0
7553,[0.16742461 0.78936987],1,-1,-1,-1,-1
7554,[0.2112204  0.60808881],2,0,"[0.27872464766475324, 0.6037969263876968]",211,-1
7555,[0.46925629 0.58008167],3,-1,-1,-1,-1
7556,[0.29317504 0.38011679],3,-1,-1,-1,-1
7557,[0.24307531 0.65584088],2,0,"[0.27872464766475324, 0.6037969263876968]",327,-1
7558,[0.45420023 0.33977333],3,-1,-1,-1,-1
7559,[0.36817243 0.36278723],3,-1,-1,260,-1
7560,[0.31017067 0.669174  ],1,-1,-1,-1,-1
7561,[0.44242707 0.37801777],3,-1,-1,279,1
7562,[0.59497405 0.45537493],0,-1,-1,43,0
7563,[0.70167758 0.60320521],0,3,"[0.7033493551787963, 0.5720264221842615]",167,0
7564,[0.40144264 0.45321043],3,1,"[0.39058119958388665, 0.45374655865984675]",-1,1
7565,[0.39229659 0.4087517 ],3,1,"[0.39058119958388665, 0.45374655865984675]",281,-1
7566,[0.45965182 0.46733951],3,-1,-1,222,-1
7567,[0.31043118 0.23204366],3,-1,-1,-1,-1
7568,[0.4772747  0.29007448],3,-1,-1,-1,-1
7569,[0.32198634 0.78182984],1,-1,-1,-1,-1
7570,[0.25382475 0.66557267],2,0,"[0.27872464766475324, 0.6037969263876968]",-1,-1
7571,[0.4576804  0.74163535],1,-1,-1,86,-1
7572,[0.68335568 0.55067757],0,3,"[0.7033493551787963, 0.5720264221842615]",163,0
7573,[0.26819155 0.48182987],2,-1,-1,-1,-1
7574,[0.42052415 0.32645391],3,-1,-1,152,-1
7575,[0.38402301 0.74016431],1,2,"[0.36772318180773494, 0.7148766969481398]",-1,-1
7576,[0.36541369 0.73228744],1,2,"[0.36772318180773494, 0.7148766969481398]",326,-1
7577,[0.7575848  0.50889664],0,-1,-1,-1,0
7578,[0.20425468 0.58910369],2,-1,-1,199,-1
7579,[0.51608644 0.31481759],3,-1,-1,-1,-1
7580,[0.74990052 0.46104983],0,-1,-1,-1,0
7581,[0.41703343 0.42499915],3,1,"[0.39058119958388665, 0.45374655865984675]",-1,1
7582,[0.79998903 0.34102518],0,-1,-1,-1,-1
7583,[0.30907902 0.49543371],2,-1,-1,303,-1
7584,[0.73152642 0.63179908],0,3,"[0.7033493551787963, 0.5720264221842615]",98,0
7585,[0.22840422 0.6963811 ],1,-1,-1,-1,-1
7586,[0.45414595 0.74641988],1,-1,-1,-1,-1
7587,[0.25408219 0.5989323 ],2,0,"[0.27872464766475324, 0.6037969263876968]",247,-1
7588,[0.61471079 0.61403151],0,-1,-1,123,0
7589,[0.32054412 0.45775785],3,-1,-1,-1,-1
7590,[0.36719112 0.76459054],1,2,"[0.36772318180773494, 0.7148766969481398]",192,-1
7591,[0.71426029 0.49347933],0,-1,-1,-1,0
7592,[0.32935573 0.69620055],2,2,"[0.36772318180773494, 0.7148766969481398]",385,3
7593,[0.20515704 0.57476974],2,-1,-1,-1,-1
7594,[0.35513764 0.6510372 ],1,2,"[0.36772318180773494, 0.7148766969481398]",377,4
7595,[0.24122468 0.63102096],2,0,"[0.27872464766475324, 0.6037969263876968]",-1,-1
7596,[0.39736981 0.65548567],1,2,"[0.36772318180773494, 0.7148766969481398]",355,-1
7597,[0.38700543 0.49078298],2,1,"[0.39058119958388665, 0.45374655865984675]",274,1
7598,[0.51669887 0.4970009 ],0,-1,-1,96,-1
7599,[0.43836159 0.3391564 ],3,-1,-1,-1,-1
7600,[0.15727967 0.91504206],1,-1,-1,-1,-1
7601,[0.40339235 0.79281343],1,-1,-1,136,-1
7602,[0.39722554 0.39430736],3,1,"[0.39058119958388665, 0.45374655865984675]",289,1
7603,[0.39280195 0.41348785],3,1,"[0.39058119958388665, 0.45374655865984675]",281,1
7604,[0.71344155 0.60293521],0,3,"[0.7033493551787963, 0.5720264221842615]",167,0
7605,[0.63815933 0.50570017],0,-1,-1,155,0
7606,[0.47401702 0.67943671],1,-1,-1,-1,-1
7607,[0.71631836 0.42549355],0,-1,-1,-1,0
7608,[0.44280678 0.40407764],3,-1,-1,-1,1
7609,[0.59643383 0.5351809 ],0,-1,-1,-1,0
7610,[0.73994305 0.60758885],0,3,"[0.7033493551787963, 0.5720264221842615]",-1,0
7611,[0.44674828 0.35783872],3,-1,-1,-1,-1
7612,[0.31785139 0.72281514],1,2,"[0.36772318180773494, 0.7148766969481398]",-1,-1
7613,[0.30279983 0.67552707],2,-1,-1,385,-1
7614,[0.17842588 0.87477574],1,-1,-1,-1,-1
7615,[0.48324931 0.53207245],2,-1,-1,-1,-1
7616,[0.89267047 0.61509302],0,-1,-1,-1,-1
7617,[0.5394208  0.52330076],3,-1,-1,-1,-1
7618,[0.53100601 0.42340212],3,-1,-1,177,-1
7619,[0.35290924 0.43186203],3,1,"[0.39058119958388665, 0.45374655865984675]",268,1
7620,[0.27930191 0.39599789],3,-1,-1,-1,-1
7621,[0.71127305 0.59824985],0,3,"[0.7033493551787963, 0.5720264221842615]",167,0
7622,[0.3755774  0.79408564],1,-1,-1,-1,-1
7623,[0.74583441 0.57801759],0,3,"[0.7033493551787963, 0.5720264221842615]",126,0
7624,[0.62789197 0.54515999],3,-1,-1,139,0
7625,[0.75336266 0.68750654],0,-1,-1,25,0
7626,[0.75119398 0.51358818],0,-1,-1,-1,0
7627,[0.37786776 0.58687478],2,-1,-1,362,2
7628,[0.33573048 0.7862055 ],1,-1,-1,249,-1
7629,[0.45580242 0.57054929],3,-1,-1,-1,-1
7630,[0.37865484 0.80235241],1,-1,-1,-1,-1
7631,[0.46076361 0.71131543],1,-1,-1,-1,-1
7632,[0.22550633 0.58389683],1,0,"[0.27872464766475324, 0.6037969263876968]",241,-1
7633,[0.28693352 0.78894865],1,-1,-1,145,-1
7634,[0.40857752 0.51399384],3,1,"[0.39058119958388665, 0.45374655865984675]",-1,-1
7635,[0.38500753 0.56531738],1,-1,-1,311,-1
7636,[0.38945805 0.63868886],1,-1,-1,355,-1
7637,[0.40154201 0.34240428],3,-1,-1,209,-1
7638,[0.70705433 0.44609385],0,-1,-1,-1,0
7639,[0.28152257 0.81379965],1,-1,-1,73,-1
7640,[0.71959457 0.62776354],0,3,"[0.7033493551787963, 0.5720264221842615]",98,0
7641,[0.48623946 0.36127803],3,-1,-1,179,-1
7642,[0.34177637 0.34098308],3,-1,-1,172,-1
7643,[0.31027941 0.63950371],2,0,"[0.27872464766475324, 0.6037969263876968]",364,-1
7644,[0.68479546 0.62050169],0,3,"[0.7033493551787963, 0.5720264221842615]",-1,0
7645,[0.12354124 0.54897467],2,-1,-1,-1,-1
7646,[0.36722461 0.6545324 ],2,2,"[0.36772318180773494, 0.7148766969481398]",377,-1
7647,[0.29384673 0.74751417],1,-1,-1,242,-1
7648,[0.30781896 0.43098242],2,-1,-1,-1,-1
7649,[0.35649521 0.57479233],2,-1,-1,356,-1
7650,[0.66118657 0.62000854],0,3,"[0.7033493551787963, 0.5720264221842615]",-1,0
7651,[0.44569467 0.46086019],3,1,"[0.39058119958388665, 0.45374655865984675]",-1,-1
7652,[0.29523954 0.57731278],2,0,"[0.27872464766475324, 0.6037969263876968]",340,-1
7653,[0.67648191 0.54651296],0,3,"[0.7033493551787963, 0.5720264221842615]",-1,0
7654,[0.36991373 0.64828482],1,2,"[0.36772318180773494, 0.7148766969481398]",377,-1
7655,[0.36328073 0.63092722],1,-1,-1,379,4
7656,[0.63078268 0.68271544],0,-1,-1,37,0
7657,[0.38082756 0.62679615],2,-1,-1,-1,-1
7658,[0.36113233 0.65962179],2,2,"[0.36772318180773494, 0.7148766969481398]",377,4
7659,[0.34251477 0.5414416 ],2,-1,-1,319,-1
7660,[0.63958524 0.47210419],0,-1,-1,-1,0
7661,[0.21959551 0.69093992],2,-1,-1,212,-1
7662,[0.3491515  0.78067275],1,2,"[0.36772318180773494, 0.7148766969481398]",249,-1
7663,[0.69090096 0.55051525],0,3,"[0.7033493551787963, 0.5720264221842615]",163,0
7664,[0.49735742 0.45973247],3,-1,-1,-1,-1
7665,[0.7789189  0.48225954],0,-1,-1,-1,0
7666,[0.57753383 0.5886605 ],0,-1,-1,103,0
7667,[0.68256201 0.56125481],0,3,"[0.7033493551787963, 0.5720264221842615]",164,0
7668,[0.43550644 0.88521636],1,-1,-1,2,-1
7669,[0.32758062 0.32669097],3,-1,-1,-1,-1
7670,[0.46591171 0.70913516],1,-1,-1,30,-1
7671,[0.19227648 0.65117912],1,-1,-1,-1,-1
7672,[0.26246393 0.69136647],1,-1,-1,-1,-1
7673,[0.29734836 0.61361668],2,0,"[0.27872464766475324, 0.6037969263876968]",-1,-1
7674,[0.43020341 0.68232108],1,-1,-1,-1,-1
7675,[0.23286511 0.48038909],2,-1,-1,-1,-1
7676,[0.43770479 0.53511139],3,-1,-1,-1,-1
7677,[0.40989782 0.58645761],2,-1,-1,-1,-1
7678,[0.27170344 0.65935572],1,0,"[0.27872464766475324, 0.6037969263876968]",-1,-1
7679,[0.48419622 0.22266336],3,-1,-1,-1,-1
7680,[0.57293817 0.58394701],0,-1,-1,-1,0
7681,[0.31588657 0.44960048],3,-1,-1,-1,-1
7682,[0.41545551 0.60878117],2,-1,-1,217,-1
7683,[0.50974933 0.51370381],2,-1,-1,-1,-1
7684,[0.45529973 0.35399475],3,-1,-1,254,-1
7685,[0.41515312 0.42697023],3,1,"[0.39058119958388665, 0.45374655865984675]",-1,1
7686,[0.1926374  0.53244897],2,-1,-1,72,-1
7687,[0.3439737 0.8332149],1,-1,-1,-1,-1
7688,[0.51270993 0.76826325],1,-1,-1,-1,-1
7689,[0.569863   0.42628592],0,-1,-1,48,-1
7690,[0.30593923 0.42923157],3,-1,-1,-1,-1
7691,[0.72253343 0.38835602],0,-1,-1,-1,0
7692,[0.73270225 0.48717074],0,-1,-1,-1,0
7693,[0.47027013 0.58279243],2,-1,-1,46,-1
7694,[0.15569334 0.44346804],2,-1,-1,-1,-1
7695,[0.20243918 0.54439241],2,-1,-1,-1,-1
7696,[0.70887826 0.51358843],0,3,"[0.7033493551787963, 0.5720264221842615]",148,0
7697,[0.50347905 0.23908991],3,-1,-1,-1,-1
7698,[0.38243372 0.35726268],3,-1,-1,206,-1
7699,[0.65821671 0.57336913],0,3,"[0.7033493551787963, 0.5720264221842615]",161,0
7700,[0.35773907 0.66738867],1,2,"[0.36772318180773494, 0.7148766969481398]",377,4
7701,[0.29738583 0.65823783],2,0,"[0.27872464766475324, 0.6037969263876968]",354,-1
7702,[0.30177957 0.84324753],1,-1,-1,133,-1
7703,[0.25720598 0.51039061],2,-1,-1,213,-1
7704,[0.39065448 0.4622836 ],3,1,"[0.39058119958388665, 0.45374655865984675]",-1,1
7705,[0.70111543 0.50587192],0,3,"[0.7033493551787963, 0.5720264221842615]",148,0
7706,[0.63140544 0.48022113],0,-1,-1,116,0
7707,[0.24745329 0.48524921],2,-1,-1,109,-1
7708,[0.32900996 0.16971132],3,-1,-1,-1,-1
7709,[0.20495358 0.83891102],1,-1,-1,-1,-1
7710,[0.78997899 0.61068864],0,-1,-1,68,0
7711,[0.33238341 0.5247188 ],2,-1,-1,343,-1
7712,[0.23561104 0.52217586],2,-1,-1,201,-1
7713,[0.25695261 0.78528357],1,-1,-1,-1,-1
7714,[0.30286674 0.6726397 ],1,-1,-1,385,3
7715,[0.40451999 0.56920906],2,-1,-1,269,-1
7716,[0.22070302 0.59174088],2,0,"[0.27872464766475324, 0.6037969263876968]",-1,-1
7717,[0.40163517 0.65463722],2,2,"[0.36772318180773494, 0.7148766969481398]",355,-1
7718,[0.22055715 0.79235863],1,-1,-1,29,-1
7719,[0.25296593 0.49016699],2,-1,-1,109,-1
7720,[0.65268637 0.59693087],0,3,"[0.7033493551787963, 0.5720264221842615]",171,0
7721,[0.41323427 0.47956408],3,1,"[0.39058119958388665, 0.45374655865984675]",270,-1
7722,[0.26911989 0.42418361],3,-1,-1,67,-1
7723,[0.44227063 0.33007735],3,-1,-1,-1,-1
7724,[0.35678423 0.6043052 ],2,-1,-1,391,-1
7725,[0.75467532 0.41749604],0,-1,-1,-1,0
7726,[0.65123857 0.47918963],3,-1,-1,147,0
7727,[0.48907299 0.41771573],3,-1,-1,252,1
7728,[0.36027564 0.63035953],1,-1,-1,379,-1
7729,[0.72557909 0.65483584],0,-1,-1,98,0
7730,[0.3562486  0.35194975],3,-1,-1,-1,-1
7731,[0.27546289 0.57094092],2,0,"[0.27872464766475324, 0.6037969263876968]",-1,-1
7732,[0.82692078 0.66767437],0,-1,-1,-1,0
7733,[0.36166251 0.58955611],2,-1,-1,-1,-1
7734,[0.46406786 0.5514522 ],1,-1,-1,62,-1
7735,[0.23974409 0.82378867],1,-1,-1,-1,-1
7736,[0.2128059  0.62875229],2,-1,-1,-1,-1
7737,[0.30504899 0.72963126],1,2,"[0.36772318180773494, 0.7148766969481398]",-1,-1
7738,[0.35418373 0.77829545],1,2,"[0.36772318180773494, 0.7148766969481398]",249,-1
7739,[0.32979774 0.5596798 ],2,0,"[0.27872464766475324, 0.6037969263876968]",348,-1
7740,[0.75275539 0.66408842],0,-1,-1,93,0
7741,[0.42888071 0.78112672],1,-1,-1,94,-1
7742,[0.31221434 0.5557477 ],2,0,"[0.27872464766475324, 0.6037969263876968]",348,-1
7743,[0.34851124 0.52543567],2,-1,-1,-1,-1
7744,[0.42590296 0.78292669],1,-1,-1,94,-1
7745,[0.39616289 0.72467575],1,2,"[0.36772318180773494, 0.7148766969481398]",261,-1
7746,[0.3647914  0.72016728],1,2,"[0.36772318180773494, 0.7148766969481398]",326,-1
7747,[0.27048445 0.3309246 ],3,-1,-1,-1,-1
7748,[0.39405789 0.40717192],3,1,"[0.39058119958388665, 0.45374655865984675]",281,1
7749,[0.26434675 0.63401932],2,0,"[0.27872464766475324, 0.6037969263876968]",-1,-1
7750,[0.70573675 0.5643787 ],0,3,"[0.7033493551787963, 0.5720264221842615]",-1,0
7751,[0.36121755 0.51915687],2,-1,-1,-1,-1
7752,[0.50570637 0.37285556],3,-1,-1,141,-1
7753,[0.61060468 0.59109653],0,-1,-1,111,0
7754,[0.52625427 0.54961322],0,-1,-1,31,0
7755,[0.41214789 0.48993272],3,1,"[0.39058119958388665, 0.45374655865984675]",-1,1
7756,[0.60400456 0.60296092],0,-1,-1,-1,0
7757,[0.30473763 0.45546336],3,-1,-1,231,-1
7758,[0.53355828 0.50679026],3,-1,-1,-1,-1
7759,[0.31961797 0.58524151],1,0,"[0.27872464766475324, 0.6037969263876968]",374,-1
7760,[0.30365112 0.71354956],1,2,"[0.36772318180773494, 0.7148766969481398]",-1,-1
7761,[0.17865166 0.63170219],2,-1,-1,52,-1
7762,[0.7078419 0.5100386],0,3,"[0.7033493551787963, 0.5720264221842615]",148,0
7763,[0.4870083  0.31465059],3,-1,-1,-1,-1
7764,[0.55506248 0.62678692],2,-1,-1,-1,0
7765,[0.25501255 0.43762993],2,-1,-1,-1,-1
7766,[0.48284698 0.39987898],3,-1,-1,232,-1
7767,[0.23406551 0.45682069],2,-1,-1,108,-1
7768,[0.35327129 0.72969095],1,2,"[0.36772318180773494, 0.7148766969481398]",326,-1
7769,[0.53703607 0.44424619],3,-1,-1,114,-1
7770,[0.47240804 0.3631356 ],3,-1,-1,-1,-1
7771,[0.32784974 0.6159703 ],1,0,"[0.27872464766475324, 0.6037969263876968]",-1,2
7772,[0.71690883 0.57765033],0,3,"[0.7033493551787963, 0.5720264221842615]",126,0
7773,[0.6892198  0.64690267],0,-1,-1,134,0
7774,[0.74841789 0.59384266],0,3,"[0.7033493551787963, 0.5720264221842615]",-1,0
7775,[0.31249506 0.51053237],2,-1,-1,-1,-1
7776,[0.6040676 0.593256 ],0,-1,-1,111,0
7777,[0.77525187 0.66510559],0,-1,-1,33,0
7778,[0.47502322 0.40329691],3,-1,-1,-1,-1
7779,[0.39247265 0.47075434],2,1,"[0.39058119958388665, 0.45374655865984675]",256,-1
7780,[0.36904829 0.61526164],2,-1,-1,370,-1
7781,[0.81856603 0.6277264 ],0,-1,-1,-1,0
7782,[0.4798255  0.79167896],1,-1,-1,-1,-1
7783,[0.36846668 0.42544624],3,1,"[0.39058119958388665, 0.45374655865984675]",271,1
7784,[0.51020607 0.32472291],3,-1,-1,-1,-1
7785,[0.45739254 0.35115393],3,-1,-1,254,-1
7786,[0.31135821 0.68330846],1,2,"[0.36772318180773494, 0.7148766969481398]",385,3
7787,[0.64762227 0.54534481],0,3,"[0.7033493551787963, 0.5720264221842615]",-1,0
7788,[0.75644881 0.60714616],0,3,"[0.7033493551787963, 0.5720264221842615]",-1,0
7789,[0.3595736  0.70656888],1,2,"[0.36772318180773494, 0.7148766969481398]",326,-1
7790,[0.29600516 0.5361366 ],2,0,"[0.27872464766475324, 0.6037969263876968]",336,-1
7791,[0.59079445 0.37059806],3,-1,-1,-1,-1
7792,[0.29596303 0.60689888],2,0,"[0.27872464766475324, 0.6037969263876968]",371,-1
7793,[0.67499387 0.73128536],0,-1,-1,-1,0
7794,[0.55351671 0.44527371],3,-1,-1,48,-1
7795,[0.24631383 0.57002145],2,0,"[0.27872464766475324, 0.6037969263876968]",-1,-1
7796,[0.68674571 0.55763948],0,3,"[0.7033493551787963, 0.5720264221842615]",-1,0
7797,[0.16554768 0.5539894 ],2,-1,-1,42,-1
7798,[0.42412379 0.35996173],3,-1,-1,-1,-1
7799,[0.65931966 0.62908289],0,-1,-1,110,0
7800,[0.13246815 0.67313805],2,-1,-1,-1,-1
7801,[0.33124675 0.72487368],2,2,"[0.36772318180773494, 0.7148766969481398]",-1,-1
7802,[0.33240771 0.59015957],2,0,"[0.27872464766475324, 0.6037969263876968]",384,2
7803,[0.42158959 0.73664322],1,2,"[0.36772318180773494, 0.7148766969481398]",307,-1
7804,[0.5636576  0.56649869],0,-1,-1,61,0
7805,[0.42871015 0.41136815],3,1,"[0.39058119958388665, 0.45374655865984675]",275,1
7806,[0.3905129  0.41058582],3,1,"[0.39058119958388665, 0.45374655865984675]",281,1
7807,[0.24145818 0.7197598 ],1,-1,-1,-1,-1
7808,[0.32243078 0.45327864],2,1,"[0.39058119958388665, 0.45374655865984675]",234,-1
7809,[0.50800995 0.43489209],3,-1,-1,-1,-1
7810,[0.24546266 0.8174515 ],1,-1,-1,-1,-1
7811,[0.4052035  0.55099286],2,-1,-1,227,-1
7812,[0.54700113 0.68737959],0,-1,-1,-1,0
7813,[0.80933722 0.54183892],0,-1,-1,-1,0
7814,[0.43154456 0.64171265],1,-1,-1,-1,-1
7815,[0.76777634 0.42643595],0,-1,-1,16,0
7816,[0.37683363 0.37219112],3,-1,-1,-1,1
7817,[0.66192238 0.57228325],0,3,"[0.7033493551787963, 0.5720264221842615]",161,0
7818,[0.26023326 0.61962997],2,0,"[0.27872464766475324, 0.6037969263876968]",345,-1
7819,[0.31952274 0.67111885],1,2,"[0.36772318180773494, 0.7148766969481398]",385,-1
7820,[0.42663993 0.51044471],2,1,"[0.39058119958388665, 0.45374655865984675]",183,-1
7821,[0.68095652 0.44660701],0,-1,-1,-1,0
7822,[0.3056858  0.72132652],1,2,"[0.36772318180773494, 0.7148766969481398]",-1,-1
7823,[0.37231845 0.34247714],3,-1,-1,189,-1
7824,[0.26922057 0.80987527],1,-1,-1,-1,-1
7825,[0.46570133 0.67250508],1,-1,-1,89,-1
7826,[0.71956538 0.49621703],0,-1,-1,143,0
7827,[0.39304184 0.33671149],3,-1,-1,-1,-1
7828,[0.7350818  0.56040263],0,3,"[0.7033493551787963, 0.5720264221842615]",128,0
7829,[0.64245791 0.61075064],0,-1,-1,169,0
7830,[0.32313889 0.43221631],3,-1,-1,210,-1
7831,[0.67028467 0.66501714],0,-1,-1,-1,0
7832,[0.26364441 0.71199347],1,-1,-1,-1,-1
7833,[0.42009133 0.35382752],3,-1,-1,-1,-1
7834,[0.24690218 0.57985657],2,0,"[0.27872464766475324, 0.6037969263876968]",-1,-1
7835,[0.50914246 0.57394226],0,-1,-1,-1,-1
7836,[0.34093307 0.49452132],2,1,"[0.39058119958388665, 0.45374655865984675]",301,-1
7837,[0.19081101 0.71940322],1,-1,-1,-1,-1
7838,[0.57649337 0.66077258],0,-1,-1,35,0
7839,[0.67455528 0.60394852],0,3,"[0.7033493551787963, 0.5720264221842615]",174,0
7840,[0.40409638 0.75829619],1,2,"[0.36772318180773494, 0.7148766969481398]",307,-1
7841,[0.62439291 0.49454484],0,-1,-1,-1,0
7842,[0.47927276 0.54483947],3,-1,-1,-1,-1
7843,[0.32948713 0.67740219],1,2,"[0.36772318180773494, 0.7148766969481398]",385,-1
7844,[0.7448335  0.50046058],0,-1,-1,-1,0
7845,[0.24192306 0.74971199],1,-1,-1,104,-1
7846,[0.49950085 0.47226544],3,-1,-1,-1,-1
7847,[0.51353466 0.53839132],2,-1,-1,-1,0
7848,[0.44477297 0.32695384],3,-1,-1,131,-1
7849,[0.37336071 0.5384881 ],3,-1,-1,310,-1
7850,[0.52791596 0.6319798 ],0,-1,-1,-1,0
7851,[0.74360018 0.48215025],0,-1,-1,-1,0
7852,[0.35791382 0.58727113],1,-1,-1,-1,-1
7853,[0.52020709 0.36089356],3,-1,-1,79,-1
7854,[0.66489209 0.61928764],0,3,"[0.7033493551787963, 0.5720264221842615]",-1,0
7855,[0.56733269 0.33676254],3,-1,-1,-1,-1
7856,[0.28697817 0.62649687],1,0,"[0.27872464766475324, 0.6037969263876968]",365,-1
7857,[0.73276535 0.64589539],0,-1,-1,98,0
7858,[0.41820833 0.47766782],2,1,"[0.39058119958388665, 0.45374655865984675]",-1,1
7859,[0.62681951 0.58050059],0,-1,-1,-1,0
7860,[0.34277429 0.58126002],2,0,"[0.27872464766475324, 0.6037969263876968]",353,2
7861,[0.31019743 0.75180107],1,2,"[0.36772318180773494, 0.7148766969481398]",324,-1
7862,[0.21713229 0.66603077],1,-1,-1,331,-1
7863,[0.47000709 0.36596674],3,-1,-1,228,-1
7864,[0.37570242 0.54351263],2,-1,-1,310,-1
7865,[0.29766449 0.53208533],2,-1,-1,-1,-1
7866,[0.35943449 0.62932059],2,-1,-1,379,-1
7867,[0.26067998 0.68958351],2,-1,-1,-1,-1
7868,[0.46105052 0.81426792],1,-1,-1,-1,-1
7869,[0.67330191 0.61400806],0,3,"[0.7033493551787963, 0.5720264221842615]",173,0
7870,[0.73370788 0.40557785],0,-1,-1,18,0
7871,[0.30993009 0.65527451],1,0,"[0.27872464766475324, 0.6037969263876968]",-1,-1
7872,[0.73241475 0.40131168],0,-1,-1,18,0
7873,[0.29279461 0.41246975],2,-1,-1,-1,-1
7874,[0.36972011 0.80688686],1,-1,-1,-1,-1
7875,[0.22921416 0.82462791],1,-1,-1,-1,-1
7876,[0.43438667 0.44318351],3,1,"[0.39058119958388665, 0.45374655865984675]",-1,1
7877,[0.44037844 0.47517286],3,1,"[0.39058119958388665, 0.45374655865984675]",221,-1
7878,[0.55561943 0.75336706],0,-1,-1,-1,-1
7879,[0.68775446 0.4351392 ],0,-1,-1,-1,0
7880,[0.46797701 0.38710537],3,-1,-1,-1,-1
7881,[0.28220828 0.56076865],2,0,"[0.27872464766475324, 0.6037969263876968]",-1,-1
7882,[0.6556896 0.5771161],0,3,"[0.7033493551787963, 0.5720264221842615]",161,0
7883,[0.33883987 0.72735658],1,2,"[0.36772318180773494, 0.7148766969481398]",326,-1
7884,[0.29392821 0.44692498],2,-1,-1,-1,-1
7885,[0.26029574 0.58275086],2,0,"[0.27872464766475324, 0.6037969263876968]",318,-1
7886,[0.20623515 0.47349177],3,-1,-1,-1,-1
7887,[0.39193794 0.71871243],2,2,"[0.36772318180773494, 0.7148766969481398]",236,-1
7888,[0.62260855 0.53238625],0,-1,-1,-1,0
7889,[0.43502711 0.58103683],2,-1,-1,185,-1
7890,[0.380565   0.57722254],2,-1,-1,351,-1
7891,[0.33525159 0.65005152],2,-1,-1,-1,-1
7892,[0.53564467 0.60877347],0,-1,-1,45,0
7893,[0.32179872 0.61726222],2,0,"[0.27872464766475324, 0.6037969263876968]",382,-1
7894,[0.28749366 0.45034275],2,-1,-1,-1,-1
7895,[0.29964278 0.40238455],3,-1,-1,-1,-1
7896,[0.63126232 0.64654877],0,-1,-1,102,0
7897,[0.56932493 0.51614615],0,-1,-1,-1,0
7898,[0.82562944 0.70716454],0,-1,-1,-1,0
7899,[0.59519163 0.54841063],0,-1,-1,-1,0
7900,[0.28341069 0.53031548],2,-1,-1,-1,-1
7901,[0.15304392 0.46693744],2,-1,-1,-1,-1
7902,[0.29367287 0.6781273 ],1,-1,-1,-1,-1
7903,[0.34943464 0.4753742 ],2,1,"[0.39058119958388665, 0.45374655865984675]",-1,-1
7904,[0.29334753 0.41021986],3,-1,-1,-1,-1
7905,[0.67938416 0.6249238 ],0,3,"[0.7033493551787963, 0.5720264221842615]",-1,0
7906,[0.44716741 0.55536978],2,-1,-1,-1,-1
7907,[0.39203666 0.65428341],1,2,"[0.36772318180773494, 0.7148766969481398]",355,-1
7908,[0.30543001 0.55789948],2,0,"[0.27872464766475324, 0.6037969263876968]",-1,-1
7909,[0.23452224 0.45246291],3,-1,-1,108,-1
7910,[0.43269585 0.73468042],2,2,"[0.36772318180773494, 0.7148766969481398]",-1,-1
7911,[0.39524503 0.30362384],3,-1,-1,-1,-1
7912,[0.37383873 0.64932813],2,2,"[0.36772318180773494, 0.7148766969481398]",377,-1
7913,[0.29190838 0.77677696],1,-1,-1,-1,-1
7914,[0.65743826 0.49371958],0,-1,-1,-1,0
7915,[0.56987095 0.6491354 ],0,-1,-1,35,0
7916,[0.47082441 0.50090835],3,-1,-1,-1,-1
7917,[0.32076499 0.67699557],1,2,"[0.36772318180773494, 0.7148766969481398]",385,-1
7918,[0.64165274 0.51371146],0,-1,-1,155,0
7919,[0.74541918 0.57065862],0,3,"[0.7033493551787963, 0.5720264221842615]",126,0
7920,[0.3454148  0.65861083],1,2,"[0.36772318180773494, 0.7148766969481398]",377,4
7921,[0.3818238  0.41481561],3,1,"[0.39058119958388665, 0.45374655865984675]",285,1
7922,[0.32622828 0.47744878],2,1,"[0.39058119958388665, 0.45374655865984675]",234,-1
7923,[0.30220484 0.50266877],2,-1,-1,-1,-1
7924,[0.26990626 0.56725561],2,0,"[0.27872464766475324, 0.6037969263876968]",-1,-1
7925,[0.3150369  0.45861572],2,-1,-1,-1,-1
7926,[0.68911117 0.58870142],0,3,"[0.7033493551787963, 0.5720264221842615]",-1,0
7927,[0.83220869 0.61260355],0,-1,-1,-1,0
7928,[0.40889525 0.4365722 ],3,1,"[0.39058119958388665, 0.45374655865984675]",-1,1
7929,[0.40174075 0.34971635],3,-1,-1,209,-1
7930,[0.63188925 0.47520942],0,-1,-1,-1,0
7931,[0.39767716 0.62962994],2,-1,-1,-1,-1
7932,[0.20732398 0.53402486],2,-1,-1,59,-1
7933,[0.43313716 0.46297914],3,1,"[0.39058119958388665, 0.45374655865984675]",263,1
7934,[0.36462153 0.37571091],3,-1,-1,-1,1
7935,[0.72160379 0.59184492],0,3,"[0.7033493551787963, 0.5720264221842615]",-1,0
7936,[0.55261827 0.33434897],3,-1,-1,-1,-1
7937,[0.41551097 0.3880849 ],3,-1,-1,-1,1
7938,[0.25003293 0.6098215 ],2,0,"[0.27872464766475324, 0.6037969263876968]",247,-1
7939,[0.3382764  0.36424661],3,-1,-1,207,-1
7940,[0.71885603 0.63514734],0,3,"[0.7033493551787963, 0.5720264221842615]",-1,0
7941,[0.32467382 0.68138761],1,2,"[0.36772318180773494, 0.7148766969481398]",385,3
7942,[0.37526044 0.29613715],3,-1,-1,36,-1
7943,[0.40965715 0.46177684],3,1,"[0.39058119958388665, 0.45374655865984675]",258,1
7944,[0.24298445 0.57009203],2,0,"[0.27872464766475324, 0.6037969263876968]",-1,-1
7945,[0.62759705 0.50693196],0,-1,-1,-1,0
7946,[0.43298329 0.60892386],1,-1,-1,-1,-1
7947,[0.27711426 0.52966234],2,-1,-1,-1,-1
7948,[0.69205824 0.50830671],0,3,"[0.7033493551787963, 0.5720264221842615]",150,0
7949,[0.35411151 0.69805002],1,2,"[0.36772318180773494, 0.7148766969481398]",-1,-1
7950,[0.80798716 0.59797135],0,-1,-1,68,0
7951,[0.31400509 0.70761002],2,2,"[0.36772318180773494, 0.7148766969481398]",394,-1
7952,[0.37213807 0.60425477],2,-1,-1,363,-1
7953,[0.61074372 0.42910254],0,-1,-1,-1,0
7954,[0.65875694 0.66231615],0,-1,-1,91,0
7955,[0.78812587 0.51979269],0,-1,-1,-1,0
7956,[0.3691503  0.38174232],3,-1,-1,-1,1
7957,[0.32066438 0.6714992 ],1,2,"[0.36772318180773494, 0.7148766969481398]",385,-1
7958,[0.47176367 0.45951188],3,-1,-1,-1,-1
7959,[0.53062221 0.36840575],3,-1,-1,-1,-1
7960,[0.370296   0.61131712],2,-1,-1,370,-1
7961,[0.47540353 0.42225812],3,-1,-1,259,1
7962,[0.31200922 0.6385763 ],2,0,"[0.27872464766475324, 0.6037969263876968]",364,-1
7963,[0.73809949 0.55233586],0,3,"[0.7033493551787963, 0.5720264221842615]",-1,0
7964,[0.53451321 0.37158325],3,-1,-1,-1,-1
7965,[0.72055349 0.54469838],0,3,"[0.7033493551787963, 0.5720264221842615]",129,0
7966,[0.61423773 0.58019722],0,-1,-1,-1,0
7967,[0.3660468  0.50868041],2,1,"[0.39058119958388665, 0.45374655865984675]",244,-1
7968,[0.62280507 0.50478934],0,-1,-1,-1,0
7969,[0.5947421  0.26508148],3,-1,-1,-1,-1
7970,[0.30510363 0.4320694 ],3,-1,-1,-1,-1
7971,[0.24316774 0.43623171],2,-1,-1,-1,-1
7972,[0.4652905  0.61775537],1,-1,-1,-1,-1
7973,[0.36024975 0.62497027],1,-1,-1,-1,-1
7974,[0.35882155 0.67953804],1,2,"[0.36772318180773494, 0.7148766969481398]",-1,4
7975,[0.27774565 0.31546928],3,-1,-1,-1,-1
7976,[0.31151544 0.48736218],2,-1,-1,303,-1
7977,[0.44544638 0.92239989],1,-1,-1,-1,-1
7978,[0.64411219 0.50392157],0,-1,-1,-1,0
7979,[0.43321275 0.75814297],1,-1,-1,135,-1
7980,[0.33169721 0.71654872],2,2,"[0.36772318180773494, 0.7148766969481398]",333,-1
7981,[0.19971453 0.81548506],1,-1,-1,19,-1
7982,[0.76327753 0.5916245 ],0,3,"[0.7033493551787963, 0.5720264221842615]",63,0
7983,[0.33681506 0.6099649 ],2,0,"[0.27872464766475324, 0.6037969263876968]",393,2
7984,[0.69696198 0.53033742],0,3,"[0.7033493551787963, 0.5720264221842615]",-1,0
7985,[0.23492602 0.68242398],1,-1,-1,-1,-1
7986,[0.68958862 0.59893247],0,3,"[0.7033493551787963, 0.5720264221842615]",-1,0
7987,[0.3669668  0.52424488],2,-1,-1,-1,-1
7988,[0.3580699  0.85648027],1,-1,-1,-1,-1
7989,[0.3037138  0.77466667],1,-1,-1,-1,-1
7990,[0.70817109 0.51182639],0,3,"[0.7033493551787963, 0.5720264221842615]",148,0
7991,[0.37085415 0.6200819 ],1,-1,-1,-1,-1
7992,[0.68786271 0.57879794],0,3,"[0.7033493551787963, 0.5720264221842615]",154,0
7993,[0.2425884  0.75088125],1,-1,-1,104,-1
7994,[0.43017404 0.42618739],3,1,"[0.39058119958388665, 0.45374655865984675]",-1,1
7995,[0.23990559 0.79687917],1,-1,-1,29,-1
7996,[0.68437947 0.45807188],0,-1,-1,-1,0
7997,[0.58546573 0.55406429],0,-1,-1,81,0
7998,[0.69164879 0.48739903],0,-1,-1,148,0
7999,[0.44697359 0.64314001],2,-1,-1,175,-1
8000,[0.40517285 0.33044014],3,-1,-1,153,-1
8001,[0.32709604 0.46571642],3,1,"[0.39058119958388665, 0.45374655865984675]",234,-1
8002,[0.69103477 0.56288107],0,3,"[0.7033493551787963, 0.5720264221842615]",164,0
8003,[0.6789769  0.57816272],0,3,"[0.7033493551787963, 0.5720264221842615]",157,0
8004,[0.32278853 0.47309036],2,-1,-1,234,-1
8005,[0.46333656 0.47676364],3,-1,-1,-1,-1
8006,[0.36654662 0.47564441],3,1,"[0.39058119958388665, 0.45374655865984675]",-1,-1
8007,[0.39932525 0.41022876],3,1,"[0.39058119958388665, 0.45374655865984675]",-1,1
8008,[0.28892091 0.62297502],2,0,"[0.27872464766475324, 0.6037969263876968]",-1,-1
8009,[0.28107772 0.73167089],1,-1,-1,-1,-1
8010,[0.63217912 0.55071598],0,-1,-1,-1,0
8011,[0.24136683 0.7684077 ],1,-1,-1,-1,-1
8012,[0.33463095 0.32714969],3,-1,-1,-1,-1
8013,[0.44164438 0.23770894],3,-1,-1,-1,-1
8014,[0.5551581  0.25020139],3,-1,-1,-1,-1
8015,[0.67855388 0.60771276],0,3,"[0.7033493551787963, 0.5720264221842615]",174,0
8016,[0.39999505 0.35511527],3,-1,-1,209,-1
8017,[0.42239732 0.69384606],1,2,"[0.36772318180773494, 0.7148766969481398]",261,-1
8018,[0.30761521 0.70659582],1,2,"[0.36772318180773494, 0.7148766969481398]",-1,-1
8019,[0.38961832 0.58846358],2,-1,-1,362,-1
8020,[0.45191778 0.86798092],1,-1,-1,2,-1
8021,[0.4004795  0.38873623],3,1,"[0.39058119958388665, 0.45374655865984675]",289,1
8022,[0.44473913 0.51578792],3,-1,-1,220,-1
8023,[0.53316067 0.44561252],3,-1,-1,114,-1
8024,[0.4114065  0.81266629],1,-1,-1,-1,-1
8025,[0.32766563 0.69904014],1,2,"[0.36772318180773494, 0.7148766969481398]",385,3
8026,[0.68382163 0.67876014],0,-1,-1,97,0
8027,[0.31929605 0.45674931],2,-1,-1,234,-1
8028,[0.36795507 0.43635932],3,1,"[0.39058119958388665, 0.45374655865984675]",271,1
8029,[0.34151873 0.66693148],2,2,"[0.36772318180773494, 0.7148766969481398]",377,4
8030,[0.41122653 0.7516697 ],1,2,"[0.36772318180773494, 0.7148766969481398]",-1,-1
8031,[0.37389147 0.79344522],1,-1,-1,-1,-1
8032,[0.75267927 0.69257779],0,-1,-1,-1,0
8033,[0.41538855 0.54855185],3,-1,-1,190,-1
8034,[0.33946568 0.66566519],1,2,"[0.36772318180773494, 0.7148766969481398]",377,4
8035,[0.63119339 0.52374579],0,-1,-1,-1,0
8036,[0.26619991 0.8613531 ],1,-1,-1,-1,-1
8037,[0.56974715 0.42928864],3,-1,-1,48,-1
8038,[0.23833631 0.88422787],1,-1,-1,-1,-1
8039,[0.36484005 0.43478204],2,1,"[0.39058119958388665, 0.45374655865984675]",271,-1
8040,[0.26602566 0.39006931],2,-1,-1,-1,-1
8041,[0.19917269 0.77359698],1,-1,-1,38,-1
8042,[0.36818211 0.4933941 ],3,1,"[0.39058119958388665, 0.45374655865984675]",244,-1
8043,[0.86306062 0.60137035],0,-1,-1,-1,0
8044,[0.36336383 0.55969568],3,-1,-1,-1,-1
8045,[0.68201717 0.65779751],0,-1,-1,-1,0
8046,[0.74766575 0.66733603],0,-1,-1,93,0
8047,[0.1991055  0.60026586],3,-1,-1,199,-1
8048,[0.21858584 0.74872771],1,-1,-1,196,-1
8049,[0.31731472 0.6847797 ],2,2,"[0.36772318180773494, 0.7148766969481398]",-1,3
8050,[0.2347748  0.42881191],3,-1,-1,-1,-1
8051,[0.39015747 0.73842369],1,2,"[0.36772318180773494, 0.7148766969481398]",306,-1
8052,[0.38800013 0.57863252],2,-1,-1,-1,-1
8053,[0.47342771 0.48031626],3,-1,-1,205,-1
8054,[0.24424547 0.48353209],2,-1,-1,109,-1
8055,[0.74737525 0.64857834],0,-1,-1,95,0
8056,[0.39450578 0.35864529],3,-1,-1,209,-1
8057,[0.42320246 0.37381905],3,-1,-1,-1,1
8058,[0.39562512 0.43736423],2,1,"[0.39058119958388665, 0.45374655865984675]",-1,1
8059,[0.31605487 0.68191852],1,2,"[0.36772318180773494, 0.7148766969481398]",385,3
8060,[0.41176084 0.46689514],3,1,"[0.39058119958388665, 0.45374655865984675]",-1,1
8061,[0.25444424 0.60041486],2,0,"[0.27872464766475324, 0.6037969263876968]",247,-1
8062,[0.3515809  0.50442564],2,1,"[0.39058119958388665, 0.45374655865984675]",-1,-1
8063,[0.13972193 0.52821465],2,-1,-1,-1,-1
8064,[0.4749559 0.4196837],3,-1,-1,259,1
8065,[0.76834074 0.27907669],0,-1,-1,-1,-1
8066,[0.44633593 0.64863139],1,-1,-1,175,-1
8067,[0.36839223 0.70746665],2,2,"[0.36772318180773494, 0.7148766969481398]",326,-1
8068,[0.79215893 0.66573799],0,-1,-1,33,0
8069,[0.29785658 0.6843322 ],1,-1,-1,-1,-1
8070,[0.23758969 0.59520457],2,0,"[0.27872464766475324, 0.6037969263876968]",247,-1
8071,[0.38036016 0.48589765],3,1,"[0.39058119958388665, 0.45374655865984675]",-1,1
8072,[0.35385765 0.42916947],3,1,"[0.39058119958388665, 0.45374655865984675]",268,1
8073,[0.39694489 0.69785565],1,2,"[0.36772318180773494, 0.7148766969481398]",314,-1
8074,[0.25247956 0.5480014 ],1,0,"[0.27872464766475324, 0.6037969263876968]",-1,-1
8075,[0.5796317  0.58075331],0,-1,-1,-1,0
8076,[0.39847194 0.64253753],1,-1,-1,-1,-1
8077,[0.23168191 0.64115519],2,0,"[0.27872464766475324, 0.6037969263876968]",235,-1
8078,[0.44243865 0.62070801],2,-1,-1,-1,-1
8079,[0.28831356 0.73549204],1,-1,-1,292,-1
8080,[0.7159879 0.558457 ],0,3,"[0.7033493551787963, 0.5720264221842615]",130,0
8081,[0.27690576 0.70760791],1,-1,-1,-1,-1
8082,[0.68873593 0.4729486 ],0,-1,-1,-1,0
8083,[0.27888422 0.42003154],3,-1,-1,-1,-1
8084,[0.1485885  0.43581283],2,-1,-1,-1,-1
8085,[0.59093049 0.64942279],0,-1,-1,-1,0
8086,[0.50540741 0.39164046],3,-1,-1,-1,-1
8087,[0.39389398 0.64067413],1,-1,-1,355,-1
8088,[0.22014471 0.43940688],3,-1,-1,-1,-1
8089,[0.30453379 0.61548201],2,0,"[0.27872464766475324, 0.6037969263876968]",-1,-1
8090,[0.29872527 0.65341362],1,0,"[0.27872464766475324, 0.6037969263876968]",-1,-1
8091,[0.66900649 0.66317709],0,-1,-1,-1,0
8092,[0.40457927 0.61009819],2,-1,-1,218,-1
8093,[0.63540279 0.39469395],0,-1,-1,-1,0
8094,[0.49704294 0.68812022],0,-1,-1,-1,-1
8095,[0.70766495 0.65544063],0,-1,-1,-1,0
8096,[0.34280205 0.7390424 ],1,2,"[0.36772318180773494, 0.7148766969481398]",326,-1
8097,[0.2776921  0.39337331],3,-1,-1,-1,-1
8098,[0.4084217 0.4840688],2,1,"[0.39058119958388665, 0.45374655865984675]",270,1
8099,[0.39042932 0.30654604],3,-1,-1,-1,-1
8100,[0.61728718 0.52329944],0,-1,-1,78,0
8101,[0.41824477 0.29998618],3,-1,-1,151,-1
8102,[0.55055077 0.59196695],0,-1,-1,44,0
8103,[0.64911009 0.67340747],0,-1,-1,-1,0
8104,[0.29591761 0.33577083],3,-1,-1,15,-1
8105,[0.49758059 0.53655996],2,-1,-1,-1,-1
8106,[0.20580654 0.8482457 ],1,-1,-1,-1,-1
8107,[0.2801686  0.60128655],2,0,"[0.27872464766475324, 0.6037969263876968]",315,-1
8108,[0.17813503 0.62160951],2,-1,-1,52,-1
8109,[0.38637378 0.74829344],1,2,"[0.36772318180773494, 0.7148766969481398]",-1,-1
8110,[0.30226439 0.36322972],3,-1,-1,-1,-1
8111,[0.5930773  0.51659523],0,-1,-1,80,0
8112,[0.37126725 0.28169371],3,-1,-1,36,-1
8113,[0.32621399 0.4722117 ],3,1,"[0.39058119958388665, 0.45374655865984675]",234,-1
8114,[0.73960789 0.46485578],0,-1,-1,-1,0
8115,[0.26987421 0.81114859],1,-1,-1,-1,-1
8116,[0.45452722 0.73299097],1,-1,-1,-1,-1
8117,[0.61304358 0.58347792],0,-1,-1,111,0
8118,[0.38743058 0.4639536 ],3,1,"[0.39058119958388665, 0.45374655865984675]",-1,1
8119,[0.31098813 0.79587903],1,-1,-1,203,-1
8120,[0.6812372  0.55349465],0,3,"[0.7033493551787963, 0.5720264221842615]",164,0
8121,[0.25221458 0.74442134],1,-1,-1,291,-1
8122,[0.72167591 0.73077983],0,-1,-1,-1,0
8123,[0.2328734  0.85139883],1,-1,-1,-1,-1
8124,[0.53103361 0.54567276],2,-1,-1,31,0
8125,[0.37985529 0.69992523],1,2,"[0.36772318180773494, 0.7148766969481398]",-1,-1
8126,[0.62897724 0.48548558],0,-1,-1,116,0
8127,[0.32930495 0.57936326],2,0,"[0.27872464766475324, 0.6037969263876968]",-1,2
8128,[0.32706373 0.87956484],1,-1,-1,-1,-1
8129,[0.61559187 0.60779638],0,-1,-1,-1,0
8130,[0.35124941 0.59380894],1,-1,-1,-1,-1
8131,[0.63867712 0.51189746],0,-1,-1,155,0
8132,[0.29261102 0.40887261],3,-1,-1,-1,-1
8133,[0.27419684 0.52181352],2,-1,-1,-1,-1
8134,[0.43554977 0.48748017],3,1,"[0.39058119958388665, 0.45374655865984675]",221,-1
8135,[0.47609541 0.42989938],3,-1,-1,-1,-1
8136,[0.71958161 0.49756323],0,-1,-1,-1,0
8137,[0.56100519 0.4500613 ],3,-1,-1,48,-1
8138,[0.22190347 0.54207957],2,-1,-1,59,-1
8139,[0.19230286 0.63617253],2,-1,-1,-1,-1
8140,[0.46837679 0.54907105],2,-1,-1,62,-1
8141,[0.30611296 0.71699574],1,2,"[0.36772318180773494, 0.7148766969481398]",-1,-1
8142,[0.70830004 0.61714906],0,3,"[0.7033493551787963, 0.5720264221842615]",166,0
8143,[0.40032521 0.33215327],3,-1,-1,-1,-1
8144,[0.43789782 0.703075  ],1,-1,-1,-1,-1
8145,[0.51164204 0.38571184],3,-1,-1,215,-1
8146,[0.31230644 0.50613374],2,-1,-1,-1,-1
8147,[0.21330049 0.669212  ],1,-1,-1,-1,-1
8148,[0.88539962 0.58374502],0,-1,-1,-1,-1
8149,[0.3053356 0.3805821],3,-1,-1,-1,-1
8150,[0.40654735 0.50975397],3,1,"[0.39058119958388665, 0.45374655865984675]",273,-1
8151,[0.25577351 0.58366808],2,0,"[0.27872464766475324, 0.6037969263876968]",318,-1
8152,[0.25685461 0.68457204],1,-1,-1,-1,-1
8153,[0.23268438 0.93215545],1,-1,-1,-1,-1
8154,[0.17429078 0.7386353 ],1,-1,-1,-1,-1
8155,[0.66138181 0.62647219],0,3,"[0.7033493551787963, 0.5720264221842615]",110,0
8156,[0.46131518 0.55980976],3,-1,-1,62,-1
8157,[0.24308308 0.67261256],2,-1,-1,-1,-1
8158,[0.50682691 0.41903603],3,-1,-1,223,-1
8159,[0.72256312 0.48907003],0,-1,-1,-1,0
8160,[0.27887668 0.68836706],1,-1,-1,-1,-1
8161,[0.21892386 0.63601629],2,0,"[0.27872464766475324, 0.6037969263876968]",235,-1
8162,[0.45524494 0.6411922 ],2,-1,-1,175,-1
8163,[0.35487853 0.52606508],2,-1,-1,312,-1
8164,[0.27924757 0.67101341],1,0,"[0.27872464766475324, 0.6037969263876968]",-1,-1
8165,[0.46223419 0.45616948],3,-1,-1,243,-1
8166,[0.42514376 0.31738547],3,-1,-1,-1,-1
8167,[0.42090276 0.35943725],2,-1,-1,-1,-1
8168,[0.40053235 0.68792711],1,2,"[0.36772318180773494, 0.7148766969481398]",-1,-1
8169,[0.49190151 0.41936796],3,-1,-1,252,1
8170,[0.72537982 0.4799885 ],0,-1,-1,-1,0
8171,[0.67310333 0.55363183],0,3,"[0.7033493551787963, 0.5720264221842615]",164,0
8172,[0.39120422 0.8082574 ],1,-1,-1,-1,-1
8173,[0.2653868 0.6807117],2,-1,-1,381,-1
8174,[0.4769273  0.53995769],3,-1,-1,-1,-1
8175,[0.57192934 0.47529463],0,-1,-1,-1,0
8176,[0.73916039 0.36649111],0,-1,-1,-1,0
8177,[0.64219001 0.64111187],0,-1,-1,-1,0
8178,[0.27498535 0.34293902],3,-1,-1,14,-1
8179,[0.33701307 0.44935529],3,1,"[0.39058119958388665, 0.45374655865984675]",233,-1
8180,[0.65975437 0.49946897],0,-1,-1,-1,0
8181,[0.18404014 0.60064196],2,-1,-1,58,-1
8182,[0.46170647 0.42965536],3,-1,-1,253,-1
8183,[0.16862622 0.5298393 ],2,-1,-1,-1,-1
8184,[0.66504232 0.55020665],0,3,"[0.7033493551787963, 0.5720264221842615]",164,0
8185,[0.16431807 0.76744089],1,-1,-1,-1,-1
8186,[0.46856927 0.30579214],3,-1,-1,53,-1
8187,[0.42658686 0.56140499],2,-1,-1,186,-1
8188,[0.22590728 0.56370907],1,0,"[0.27872464766475324, 0.6037969263876968]",181,-1
8189,[0.43101206 0.68781096],2,2,"[0.36772318180773494, 0.7148766969481398]",-1,-1
8190,[0.46162164 0.54868327],3,-1,-1,62,-1
8191,[0.77025025 0.45299019],0,-1,-1,-1,0
8192,[0.31251418 0.68791757],1,2,"[0.36772318180773494, 0.7148766969481398]",385,3
8193,[0.35503368 0.66174281],2,2,"[0.36772318180773494, 0.7148766969481398]",377,4
8194,[0.36087901 0.64288351],2,-1,-1,380,-1
8195,[0.41991375 0.52603466],3,-1,-1,230,-1
8196,[0.56613322 0.39680175],0,-1,-1,-1,-1
8197,[0.32813408 0.70520699],1,2,"[0.36772318180773494, 0.7148766969481398]",-1,-1
8198,[0.27359399 0.58250406],2,0,"[0.27872464766475324, 0.6037969263876968]",337,-1
8199,[0.38793568 0.59718535],1,-1,-1,-1,-1
8200,[0.39377911 0.47066895],3,1,"[0.39058119958388665, 0.45374655865984675]",-1,-1
8201,[0.16604824 0.54915737],2,-1,-1,42,-1
8202,[0.43100026 0.52232889],3,-1,-1,-1,-1
8203,[0.29819534 0.56827768],2,0,"[0.27872464766475324, 0.6037969263876968]",340,-1
8204,[0.4801686  0.28181402],3,-1,-1,53,-1
8205,[0.45616267 0.46686649],3,1,"[0.39058119958388665, 0.45374655865984675]",-1,-1
8206,[0.50665529 0.66095966],0,-1,-1,17,-1
8207,[0.72573592 0.7274832 ],0,-1,-1,-1,0
8208,[0.33971368 0.5098878 ],2,-1,-1,309,-1
8209,[0.64941663 0.70251831],0,-1,-1,-1,0
8210,[0.35380221 0.6049898 ],1,-1,-1,391,-1
8211,[0.28670011 0.58846364],2,0,"[0.27872464766475324, 0.6037969263876968]",-1,-1
8212,[0.54523812 0.47973664],0,-1,-1,69,-1
8213,[0.32039805 0.71747573],1,2,"[0.36772318180773494, 0.7148766969481398]",333,-1
8214,[0.44080114 0.55317935],2,-1,-1,190,-1
8215,[0.27327028 0.56000764],2,0,"[0.27872464766475324, 0.6037969263876968]",240,-1
8216,[0.23460113 0.54181699],2,-1,-1,-1,-1
8217,[0.65252647 0.50235485],3,-1,-1,-1,0
8218,[0.60992236 0.50986062],0,-1,-1,-1,0
8219,[0.59595268 0.49678069],2,-1,-1,77,0
8220,[0.45623327 0.59999502],2,-1,-1,-1,-1
8221,[0.33783733 0.37439239],3,-1,-1,-1,-1
8222,[0.25245886 0.52579483],1,-1,-1,213,-1
8223,[0.70270855 0.61512291],0,3,"[0.7033493551787963, 0.5720264221842615]",-1,0
8224,[0.34028432 0.72721846],1,2,"[0.36772318180773494, 0.7148766969481398]",326,-1
8225,[0.35713932 0.68832147],2,2,"[0.36772318180773494, 0.7148766969481398]",377,-1
8226,[0.54817797 0.41504654],3,-1,-1,47,-1
8227,[0.81087481 0.56352071],0,-1,-1,-1,0
8228,[0.35116871 0.68488993],2,2,"[0.36772318180773494, 0.7148766969481398]",-1,-1
8229,[0.72301744 0.43597913],0,-1,-1,-1,0
8230,[0.78347318 0.57966468],0,-1,-1,70,0
8231,[0.43931538 0.68146654],2,-1,-1,-1,-1
8232,[0.49512016 0.74557498],1,-1,-1,-1,-1
8233,[0.71128817 0.49039164],0,-1,-1,-1,0
8234,[0.7277758  0.64316582],0,-1,-1,98,0
8235,[0.79055903 0.40136418],0,-1,-1,-1,0
8236,[0.42822668 0.55991149],2,-1,-1,186,-1
8237,[0.4019881  0.48194323],3,1,"[0.39058119958388665, 0.45374655865984675]",-1,1
8238,[0.31454297 0.85425823],1,-1,-1,-1,-1
8239,[0.70432778 0.49719241],0,-1,-1,148,0
8240,[0.24033914 0.47112201],3,-1,-1,109,-1
8241,[0.35988978 0.63390338],2,-1,-1,379,-1
8242,[0.51679187 0.43392178],3,-1,-1,177,-1
8243,[0.93084247 0.50404062],0,-1,-1,-1,-1
8244,[0.33698332 0.56179925],2,-1,-1,-1,-1
8245,[0.36727972 0.65976973],1,2,"[0.36772318180773494, 0.7148766969481398]",377,-1
8246,[0.61124607 0.5689834 ],0,-1,-1,-1,0
8247,[0.65348099 0.77940089],0,-1,-1,-1,-1
8248,[0.35074072 0.57326793],2,-1,-1,-1,2
8249,[0.27766587 0.78709226],1,-1,-1,145,-1
8250,[0.43406494 0.67490494],1,-1,-1,-1,-1
8251,[0.38094027 0.53939036],2,-1,-1,-1,-1
8252,[0.50998722 0.28307368],3,-1,-1,9,-1
8253,[0.23855625 0.50172021],2,-1,-1,-1,-1
8254,[0.37477391 0.63035468],1,-1,-1,-1,-1
8255,[0.30917273 0.6090862 ],2,0,"[0.27872464766475324, 0.6037969263876968]",-1,-1
8256,[0.44257394 0.58855627],2,-1,-1,182,-1
8257,[0.67727146 0.36725809],0,-1,-1,-1,0
8258,[0.41581127 0.43543917],3,1,"[0.39058119958388665, 0.45374655865984675]",267,1
8259,[0.29583182 0.54126478],2,0,"[0.27872464766475324, 0.6037969263876968]",336,-1
8260,[0.1853225  0.68707066],2,-1,-1,-1,-1
8261,[0.34811311 0.65929032],1,2,"[0.36772318180773494, 0.7148766969481398]",377,4
8262,[0.66337392 0.47391357],0,-1,-1,144,0
8263,[0.30083271 0.6752514 ],1,-1,-1,385,-1
8264,[0.36939237 0.80458676],1,-1,-1,178,-1
8265,[0.38511943 0.61165738],1,-1,-1,-1,-1
8266,[0.70349036 0.50640793],0,3,"[0.7033493551787963, 0.5720264221842615]",148,0
8267,[0.44948314 0.31531453],3,-1,-1,131,-1
8268,[0.31357881 0.31757454],3,-1,-1,21,-1
8269,[0.30326319 0.38994711],3,-1,-1,-1,-1
8270,[0.6573346  0.58982977],0,3,"[0.7033493551787963, 0.5720264221842615]",-1,0
8271,[0.28826194 0.56080844],2,0,"[0.27872464766475324, 0.6037969263876968]",-1,-1
8272,[0.3115836  0.77344129],1,-1,-1,-1,-1
8273,[0.31174558 0.63779077],2,0,"[0.27872464766475324, 0.6037969263876968]",-1,-1
8274,[0.61753366 0.54508549],0,-1,-1,117,0
8275,[0.3181169  0.75122512],1,2,"[0.36772318180773494, 0.7148766969481398]",-1,-1
8276,[0.42534229 0.41021832],3,1,"[0.39058119958388665, 0.45374655865984675]",275,1
8277,[0.36871522 0.46375546],2,1,"[0.39058119958388665, 0.45374655865984675]",-1,-1
8278,[0.25992808 0.76062753],1,-1,-1,-1,-1
8279,[0.44875282 0.50407095],3,-1,-1,-1,-1
8280,[0.71790323 0.42728281],0,-1,-1,-1,0
8281,[0.26879388 0.49230609],2,-1,-1,208,-1
8282,[0.3415235  0.81466782],1,-1,-1,-1,-1
8283,[0.25389461 0.47952466],2,-1,-1,-1,-1
8284,[0.39021601 0.44807509],3,1,"[0.39058119958388665, 0.45374655865984675]",248,1
8285,[0.32570575 0.59253035],2,0,"[0.27872464766475324, 0.6037969263876968]",373,2
8286,[0.7156204  0.39055711],0,-1,-1,-1,0
8287,[0.70613222 0.67494573],0,-1,-1,-1,0
8288,[0.46384766 0.50537247],3,-1,-1,219,-1
8289,[0.27004836 0.63118733],2,0,"[0.27872464766475324, 0.6037969263876968]",-1,-1
8290,[0.65386167 0.43717237],0,-1,-1,-1,0
8291,[0.3126645  0.40661418],2,-1,-1,214,-1
8292,[0.62385108 0.47282719],0,-1,-1,116,0
8293,[0.23704327 0.73919746],2,-1,-1,-1,-1
8294,[0.22290079 0.63786778],2,0,"[0.27872464766475324, 0.6037969263876968]",235,-1
8295,[0.36776543 0.65605915],1,2,"[0.36772318180773494, 0.7148766969481398]",377,-1
8296,[0.4076419  0.35650034],3,-1,-1,-1,-1
8297,[0.36947967 0.20864835],3,-1,-1,-1,-1
8298,[0.38361565 0.42991755],3,1,"[0.39058119958388665, 0.45374655865984675]",286,1
8299,[0.40741587 0.86116408],1,-1,-1,-1,-1
8300,[0.47966886 0.44411268],3,-1,-1,-1,-1
8301,[0.34710688 0.59462893],1,0,"[0.27872464766475324, 0.6037969263876968]",-1,2
8302,[0.28864062 0.68562761],1,-1,-1,-1,-1
8303,[0.41477479 0.82703028],1,-1,-1,-1,-1
8304,[0.4412205  0.41366474],3,1,"[0.39058119958388665, 0.45374655865984675]",-1,-1
8305,[0.54592881 0.34499424],3,-1,-1,57,-1
8306,[0.29710255 0.57893095],2,0,"[0.27872464766475324, 0.6037969263876968]",340,-1
8307,[0.23689533 0.36414112],2,-1,-1,-1,-1
8308,[0.58001164 0.64787547],0,-1,-1,35,0
8309,[0.32154753 0.72422119],1,2,"[0.36772318180773494, 0.7148766969481398]",332,-1
8310,[0.27718345 0.71505783],1,-1,-1,390,-1
8311,[0.43909537 0.31580012],3,-1,-1,131,-1
8312,[0.44605346 0.77439805],2,-1,-1,-1,-1
8313,[0.34590462 0.26233077],3,-1,-1,-1,-1
8314,[0.25071228 0.82925075],1,-1,-1,-1,-1
8315,[0.53191233 0.49051537],0,-1,-1,96,-1
8316,[0.40487492 0.80274393],1,-1,-1,-1,-1
8317,[0.39093095 0.5347346 ],1,-1,-1,-1,-1
8318,[0.74938552 0.60652587],0,3,"[0.7033493551787963, 0.5720264221842615]",124,0
8319,[0.26196496 0.66501259],1,0,"[0.27872464766475324, 0.6037969263876968]",-1,-1
8320,[0.49658565 0.51280077],3,-1,-1,127,-1
8321,[0.52456241 0.68179986],2,-1,-1,-1,-1
8322,[0.33543832 0.86436631],1,-1,-1,-1,-1
8323,[0.30533684 0.68704304],1,2,"[0.36772318180773494, 0.7148766969481398]",385,-1
8324,[0.45910086 0.88329913],1,-1,-1,2,-1
8325,[0.330645   0.80756205],1,-1,-1,203,-1
8326,[0.29134059 0.86516959],1,-1,-1,-1,-1
8327,[0.29015119 0.75250983],1,-1,-1,242,-1
8328,[0.40811701 0.57562662],2,-1,-1,-1,-1
8329,[0.32305064 0.77601824],1,-1,-1,-1,-1
8330,[0.24106903 0.4887295 ],2,-1,-1,109,-1
8331,[0.51028935 0.42023249],3,-1,-1,223,-1
8332,[0.66750162 0.42532372],0,-1,-1,40,0
8333,[0.32690431 0.71772497],1,2,"[0.36772318180773494, 0.7148766969481398]",333,-1
8334,[0.67422952 0.54524941],0,3,"[0.7033493551787963, 0.5720264221842615]",-1,0
8335,[0.54159513 0.47515676],3,-1,-1,69,-1
8336,[0.68487905 0.50531431],0,3,"[0.7033493551787963, 0.5720264221842615]",150,0
8337,[0.40548242 0.50515039],3,1,"[0.39058119958388665, 0.45374655865984675]",273,-1
8338,[0.49080276 0.52824049],2,-1,-1,-1,-1
8339,[0.41405691 0.59800683],2,-1,-1,-1,-1
8340,[0.37287216 0.57918553],2,-1,-1,-1,-1
8341,[0.38854825 0.69407055],1,2,"[0.36772318180773494, 0.7148766969481398]",-1,-1
8342,[0.57139302 0.54307747],0,-1,-1,81,0
8343,[0.36727241 0.23636146],3,-1,-1,-1,-1
8344,[0.76900646 0.48055239],0,-1,-1,-1,0
8345,[0.30042556 0.47369613],3,-1,-1,-1,-1
8346,[0.41608804 0.40262478],3,1,"[0.39058119958388665, 0.45374655865984675]",287,1
8347,[0.53048722 0.43159299],3,-1,-1,-1,-1
8348,[0.41730924 0.6423392 ],1,-1,-1,-1,-1
8349,[0.43323939 0.21500446],3,-1,-1,-1,-1
8350,[0.21863892 0.59019034],2,0,"[0.27872464766475324, 0.6037969263876968]",211,-1
8351,[0.30530723 0.78020578],1,-1,-1,-1,-1
8352,[0.39567121 0.36066673],3,-1,-1,209,-1
8353,[0.46668515 0.73658059],1,-1,-1,86,-1
8354,[0.6881657  0.54981242],0,3,"[0.7033493551787963, 0.5720264221842615]",163,0
8355,[0.22529788 0.64157809],2,0,"[0.27872464766475324, 0.6037969263876968]",235,-1
8356,[0.27238422 0.71531471],1,-1,-1,-1,-1
8357,[0.44200256 0.42940903],2,1,"[0.39058119958388665, 0.45374655865984675]",-1,-1
8358,[0.38032158 0.3936424 ],3,1,"[0.39058119958388665, 0.45374655865984675]",282,1
8359,[0.52419078 0.48633746],3,-1,-1,96,-1
8360,[0.39716786 0.81144786],1,-1,-1,-1,-1
8361,[0.37543402 0.5251742 ],2,-1,-1,-1,-1
8362,[0.30637242 0.66806341],2,0,"[0.27872464766475324, 0.6037969263876968]",-1,-1
8363,[0.63264106 0.69691253],0,-1,-1,-1,0
8364,[0.57981497 0.52690759],0,-1,-1,-1,0
8365,[0.3164745  0.89795422],1,-1,-1,-1,-1
8366,[0.29115674 0.55051859],2,0,"[0.27872464766475324, 0.6037969263876968]",339,-1
8367,[0.35330596 0.71724527],1,2,"[0.36772318180773494, 0.7148766969481398]",326,-1
8368,[0.37972641 0.52494546],3,-1,-1,280,-1
8369,[0.25006328 0.59106839],2,0,"[0.27872464766475324, 0.6037969263876968]",-1,-1
8370,[0.33006035 0.73370278],1,2,"[0.36772318180773494, 0.7148766969481398]",-1,-1
8371,[0.32355831 0.74623281],1,2,"[0.36772318180773494, 0.7148766969481398]",-1,-1
8372,[0.39820429 0.56067724],3,-1,-1,-1,-1
8373,[0.37129699 0.74476721],1,2,"[0.36772318180773494, 0.7148766969481398]",-1,-1
8374,[0.22729637 0.75547486],1,-1,-1,196,-1
8375,[0.77824669 0.54619813],0,-1,-1,92,0
8376,[0.4221     0.61275156],2,-1,-1,-1,-1
8377,[0.37077274 0.67220886],1,2,"[0.36772318180773494, 0.7148766969481398]",-1,-1
8378,[0.47768471 0.49768676],3,-1,-1,-1,-1
8379,[0.47265228 0.5608148 ],3,-1,-1,62,-1
8380,[0.29453747 0.51444248],2,-1,-1,-1,-1
8381,[0.42868608 0.44310927],3,1,"[0.39058119958388665, 0.45374655865984675]",263,1
8382,[0.30163428 0.60998891],1,0,"[0.27872464766475324, 0.6037969263876968]",-1,-1
8383,[0.68379584 0.63438678],0,3,"[0.7033493551787963, 0.5720264221842615]",142,0
8384,[0.63522831 0.56556887],0,3,"[0.7033493551787963, 0.5720264221842615]",-1,0
8385,[0.23544588 0.72724314],1,-1,-1,224,-1
8386,[0.35458257 0.56326663],2,-1,-1,342,-1
8387,[0.44993049 0.24915328],3,-1,-1,10,-1
8388,[0.42233799 0.62781266],1,-1,-1,197,-1
8389,[0.34981876 0.59064137],2,-1,-1,386,-1
8390,[0.54696383 0.53348192],0,-1,-1,71,0
8391,[0.47388548 0.44504479],3,-1,-1,-1,-1
8392,[0.7096705  0.70196056],0,-1,-1,-1,0
8393,[0.36320042 0.6836121 ],1,2,"[0.36772318180773494, 0.7148766969481398]",-1,-1
8394,[0.38364248 0.76443993],1,2,"[0.36772318180773494, 0.7148766969481398]",-1,-1
8395,[0.35411683 0.72701499],1,2,"[0.36772318180773494, 0.7148766969481398]",326,-1
8396,[0.32173384 0.52421497],2,-1,-1,343,-1
8397,[0.686698   0.54081885],0,3,"[0.7033493551787963, 0.5720264221842615]",-1,0
8398,[0.43746138 0.43606697],3,1,"[0.39058119958388665, 0.45374655865984675]",262,-1
8399,[0.2458531  0.49217312],2,-1,-1,109,-1
8400,[0.42599316 0.65085014],1,-1,-1,175,-1
8401,[0.31207198 0.62620801],2,0,"[0.27872464766475324, 0.6037969263876968]",378,-1
8402,[0.33106906 0.5736091 ],2,0,"[0.27872464766475324, 0.6037969263876968]",353,-1
8403,[0.21187087 0.55545492],2,-1,-1,-1,-1
8404,[0.3260635  0.73661591],1,2,"[0.36772318180773494, 0.7148766969481398]",322,-1
8405,[0.62289773 0.43067841],0,-1,-1,23,0
8406,[0.73401157 0.58051005],0,3,"[0.7033493551787963, 0.5720264221842615]",126,0
8407,[0.43683876 0.56561488],2,-1,-1,185,-1
8408,[0.31317392 0.64708778],1,0,"[0.27872464766475324, 0.6037969263876968]",364,-1
8409,[0.27594834 0.37938073],3,-1,-1,-1,-1
8410,[0.4605832  0.41132993],3,-1,-1,265,1
8411,[0.72008639 0.50840298],0,3,"[0.7033493551787963, 0.5720264221842615]",148,0
8412,[0.70660407 0.64132717],0,3,"[0.7033493551787963, 0.5720264221842615]",-1,0
8413,[0.41030081 0.30000724],3,-1,-1,-1,-1
8414,[0.40875299 0.61451902],2,-1,-1,218,-1
8415,[0.42144201 0.34468702],3,-1,-1,-1,-1
8416,[0.35986858 0.81170745],1,-1,-1,-1,-1
8417,[0.58874844 0.66139346],0,-1,-1,-1,0
8418,[0.28583888 0.75103157],1,-1,-1,242,-1
8419,[0.4360896 0.6683997],2,-1,-1,175,-1
8420,[0.15573618 0.55924234],2,-1,-1,-1,-1
8421,[0.3586321  0.71553178],1,2,"[0.36772318180773494, 0.7148766969481398]",326,-1
8422,[0.17899325 0.68630371],1,-1,-1,-1,-1
8423,[0.3228818  0.47446485],2,-1,-1,234,-1
8424,[0.30733175 0.65350243],2,0,"[0.27872464766475324, 0.6037969263876968]",-1,-1
8425,[0.44130609 0.61887917],2,-1,-1,-1,-1
8426,[0.43687816 0.45379584],3,1,"[0.39058119958388665, 0.45374655865984675]",-1,1
8427,[0.39329928 0.72915237],1,2,"[0.36772318180773494, 0.7148766969481398]",-1,-1
8428,[0.83509056 0.60898095],0,-1,-1,-1,0
8429,[0.37864104 0.47147582],3,1,"[0.39058119958388665, 0.45374655865984675]",257,-1
8430,[0.35906313 0.66650333],1,2,"[0.36772318180773494, 0.7148766969481398]",377,4
8431,[0.34624202 0.59014405],2,0,"[0.27872464766475324, 0.6037969263876968]",-1,-1
8432,[0.19004776 0.52330117],2,-1,-1,-1,-1
8433,[0.23329469 0.78305173],1,-1,-1,-1,-1
8434,[0.3940984  0.35206542],3,-1,-1,209,-1
8435,[0.36637691 0.71752884],2,2,"[0.36772318180773494, 0.7148766969481398]",326,-1
8436,[0.43255127 0.79171816],1,-1,-1,-1,-1
8437,[0.39578895 0.41172213],3,1,"[0.39058119958388665, 0.45374655865984675]",281,1
8438,[0.54629061 0.51230276],3,-1,-1,-1,-1
8439,[0.3342088  0.29356992],3,-1,-1,5,-1
8440,[0.43242092 0.56905714],3,-1,-1,185,-1
8441,[0.57149976 0.58463591],0,-1,-1,-1,0
8442,[0.53761421 0.34279508],3,-1,-1,-1,-1
8443,[0.21537356 0.65527924],1,-1,-1,-1,-1
8444,[0.22370215 0.69807895],1,-1,-1,-1,-1
8445,[0.42110357 0.63461285],2,-1,-1,197,-1
8446,[0.3938621  0.59259848],2,-1,-1,-1,-1
8447,[0.38306119 0.35334464],3,-1,-1,206,-1
8448,[0.34734254 0.4283031 ],2,1,"[0.39058119958388665, 0.45374655865984675]",268,1
8449,[0.27478945 0.45406855],3,-1,-1,-1,-1
8450,[0.23553714 0.59828785],2,0,"[0.27872464766475324, 0.6037969263876968]",247,-1
8451,[0.33886156 0.60791849],2,0,"[0.27872464766475324, 0.6037969263876968]",393,2
8452,[0.55653068 0.65282937],0,-1,-1,-1,0
8453,[0.37082513 0.4980687 ],3,1,"[0.39058119958388665, 0.45374655865984675]",244,-1
8454,[0.32409617 0.59550982],2,0,"[0.27872464766475324, 0.6037969263876968]",373,2
8455,[0.36102238 0.39308624],3,1,"[0.39058119958388665, 0.45374655865984675]",-1,-1
8456,[0.35093927 0.6615468 ],1,2,"[0.36772318180773494, 0.7148766969481398]",377,4
8457,[0.39916428 0.49352038],3,1,"[0.39058119958388665, 0.45374655865984675]",274,1
8458,[0.60124    0.60578437],0,-1,-1,-1,0
8459,[0.51991256 0.53009424],3,-1,-1,-1,0
8460,[0.25356224 0.61581219],2,0,"[0.27872464766475324, 0.6037969263876968]",-1,-1
8461,[0.46776725 0.41049111],3,-1,-1,-1,1
8462,[0.45972214 0.69904357],1,-1,-1,-1,-1
8463,[0.30752688 0.79869862],1,-1,-1,203,-1
8464,[0.82623252 0.59093463],0,-1,-1,-1,0
8465,[0.45953907 0.38569411],3,-1,-1,-1,-1
8466,[0.2431978  0.67307216],1,-1,-1,-1,-1
8467,[0.39617715 0.41789242],3,1,"[0.39058119958388665, 0.45374655865984675]",-1,1
8468,[0.74527368 0.57080087],0,3,"[0.7033493551787963, 0.5720264221842615]",126,0
8469,[0.69484473 0.66845921],0,-1,-1,-1,0
8470,[0.31512012 0.6202409 ],2,0,"[0.27872464766475324, 0.6037969263876968]",382,2
8471,[0.33267456 0.52696342],1,-1,-1,343,-1
8472,[0.36762738 0.38907008],3,1,"[0.39058119958388665, 0.45374655865984675]",-1,1
8473,[0.38344522 0.38337191],3,-1,-1,-1,1
8474,[0.71679666 0.47867162],0,-1,-1,105,0
8475,[0.30701824 0.73338242],1,2,"[0.36772318180773494, 0.7148766969481398]",-1,-1
8476,[0.30299901 0.51008726],3,-1,-1,-1,-1
8477,[0.26678353 0.57248215],2,0,"[0.27872464766475324, 0.6037969263876968]",-1,-1
8478,[0.67422889 0.69531068],0,-1,-1,51,0
8479,[0.2200298  0.49454516],2,-1,-1,-1,-1
8480,[0.41297555 0.40941992],3,1,"[0.39058119958388665, 0.45374655865984675]",287,1
8481,[0.73675623 0.55349506],0,3,"[0.7033493551787963, 0.5720264221842615]",-1,0
8482,[0.72699556 0.68040345],0,-1,-1,41,0
8483,[0.23105824 0.68775864],1,-1,-1,-1,-1
8484,[0.38542161 0.42652137],3,1,"[0.39058119958388665, 0.45374655865984675]",286,1
8485,[0.30468913 0.78998228],1,-1,-1,-1,-1
8486,[0.22178249 0.62093513],2,0,"[0.27872464766475324, 0.6037969263876968]",-1,-1
8487,[0.45439502 0.49755183],3,-1,-1,-1,-1
8488,[0.41731057 0.28296257],3,-1,-1,-1,-1
8489,[0.73757155 0.5013489 ],0,-1,-1,-1,0
8490,[0.15340471 0.6276363 ],1,-1,-1,39,-1
8491,[0.41040732 0.52984663],1,-1,-1,-1,-1
8492,[0.48927864 0.70234282],1,-1,-1,-1,-1
8493,[0.35827396 0.64821801],1,2,"[0.36772318180773494, 0.7148766969481398]",377,4
8494,[0.69735703 0.5768382 ],0,3,"[0.7033493551787963, 0.5720264221842615]",-1,0
8495,[0.33808203 0.74202808],1,2,"[0.36772318180773494, 0.7148766969481398]",-1,-1
8496,[0.41193825 0.72256743],1,2,"[0.36772318180773494, 0.7148766969481398]",261,-1
8497,[0.41648362 0.61132347],1,-1,-1,217,-1
8498,[0.30471663 0.86176489],1,-1,-1,-1,-1
8499,[0.51377631 0.46305229],3,-1,-1,113,-1
8500,[0.2835508 0.4633924],3,-1,-1,-1,-1
8501,[0.22803647 0.47168493],2,-1,-1,-1,-1
8502,[0.21545791 0.52163159],2,-1,-1,118,-1
8503,[0.36232796 0.73069375],1,2,"[0.36772318180773494, 0.7148766969481398]",326,-1
8504,[0.32407748 0.77173458],1,-1,-1,323,-1
8505,[0.25597322 0.66259254],2,0,"[0.27872464766475324, 0.6037969263876968]",-1,-1
8506,[0.3905486  0.70015475],1,2,"[0.36772318180773494, 0.7148766969481398]",-1,-1
8507,[0.44046901 0.50708057],2,-1,-1,-1,-1
8508,[0.20860963 0.62466594],2,-1,-1,-1,-1
8509,[0.43609232 0.64112012],1,-1,-1,175,-1
8510,[0.63754083 0.59987877],0,-1,-1,-1,0
8511,[0.26962421 0.77768151],1,-1,-1,-1,-1
8512,[0.45071075 0.240447  ],3,-1,-1,10,-1
8513,[0.37643607 0.77548918],1,2,"[0.36772318180773494, 0.7148766969481398]",188,-1
8514,[0.21101082 0.55981538],1,-1,-1,-1,-1
8515,[0.44244438 0.84495601],1,-1,-1,-1,-1
8516,[0.45869303 0.65845336],1,-1,-1,175,-1
8517,[0.45752538 0.49201961],3,-1,-1,-1,-1
8518,[0.45973446 0.50915626],3,-1,-1,220,-1
8519,[0.26540798 0.60496448],2,0,"[0.27872464766475324, 0.6037969263876968]",-1,-1
8520,[0.32819768 0.50762986],2,-1,-1,-1,-1
8521,[0.32370091 0.66884949],1,2,"[0.36772318180773494, 0.7148766969481398]",385,-1
8522,[0.50574064 0.57311335],0,-1,-1,-1,-1
8523,[0.27727892 0.7855637 ],1,-1,-1,145,-1
8524,[0.26073019 0.69628952],1,-1,-1,-1,-1
8525,[0.49714468 0.49299615],3,-1,-1,-1,-1
8526,[0.18787826 0.52748183],2,-1,-1,-1,-1
8527,[0.26122961 0.58428102],2,0,"[0.27872464766475324, 0.6037969263876968]",318,-1
8528,[0.71545202 0.58520859],0,3,"[0.7033493551787963, 0.5720264221842615]",-1,0
8529,[0.26088915 0.7025905 ],1,-1,-1,-1,-1
8530,[0.42523945 0.54519039],2,-1,-1,190,-1
8531,[0.25380929 0.68195654],1,-1,-1,-1,-1
8532,[0.79571843 0.63492443],0,-1,-1,-1,0
8533,[0.68061602 0.66482676],0,-1,-1,-1,0
8534,[0.38305777 0.35358295],3,-1,-1,206,-1
8535,[0.72190559 0.40448939],0,-1,-1,18,0
8536,[0.33828967 0.36245343],3,-1,-1,207,-1
8537,[0.44467685 0.70652172],1,-1,-1,-1,-1
8538,[0.44865343 0.63992626],2,-1,-1,175,-1
8539,[0.50405239 0.66471173],2,-1,-1,17,-1
8540,[0.67617019 0.54476151],0,3,"[0.7033493551787963, 0.5720264221842615]",-1,0
8541,[0.43871251 0.57352263],2,-1,-1,185,-1
8542,[0.73372758 0.52825277],0,3,"[0.7033493551787963, 0.5720264221842615]",107,0
8543,[0.34262282 0.6988277 ],1,2,"[0.36772318180773494, 0.7148766969481398]",385,-1
8544,[0.51981389 0.49727314],0,-1,-1,96,-1
8545,[0.15621087 0.46652824],3,-1,-1,-1,-1
8546,[0.40461329 0.30128814],3,-1,-1,151,-1
8547,[0.79238588 0.51652444],0,-1,-1,-1,0
8548,[0.30066382 0.7013814 ],1,2,"[0.36772318180773494, 0.7148766969481398]",-1,-1
8549,[0.38005446 0.63295352],1,-1,-1,379,-1
8550,[0.31376977 0.63004749],1,0,"[0.27872464766475324, 0.6037969263876968]",378,-1
8551,[0.28190133 0.50951772],2,-1,-1,297,-1
8552,[0.44038066 0.29074342],3,-1,-1,88,-1
8553,[0.72828369 0.55570259],0,3,"[0.7033493551787963, 0.5720264221842615]",128,0
8554,[0.41505683 0.16384627],3,-1,-1,-1,-1
8555,[0.43095185 0.75124472],1,-1,-1,-1,-1
8556,[0.2649851  0.62533861],1,0,"[0.27872464766475324, 0.6037969263876968]",-1,-1
8557,[0.66206158 0.51604881],0,3,"[0.7033493551787963, 0.5720264221842615]",159,0
8558,[0.33545558 0.59049127],1,0,"[0.27872464766475324, 0.6037969263876968]",384,2
8559,[0.63516311 0.38618032],3,-1,-1,-1,0
8560,[0.52905489 0.33049336],3,-1,-1,-1,-1
8561,[0.32014908 0.55972463],2,0,"[0.27872464766475324, 0.6037969263876968]",348,-1
8562,[0.48512973 0.37993327],3,-1,-1,-1,-1
8563,[0.85144782 0.6607346 ],0,-1,-1,0,0
8564,[0.36119582 0.84107043],1,-1,-1,55,-1
8565,[0.45217425 0.63657915],2,-1,-1,175,-1
8566,[0.170811   0.77901633],1,-1,-1,13,-1
8567,[0.62020685 0.67150378],0,-1,-1,-1,0
8568,[0.65213365 0.56702035],0,3,"[0.7033493551787963, 0.5720264221842615]",137,0
8569,[0.18451713 0.54117424],2,-1,-1,72,-1
8570,[0.34079872 0.57776345],2,0,"[0.27872464766475324, 0.6037969263876968]",353,2
8571,[0.60695389 0.62249639],0,-1,-1,-1,0
8572,[0.75165742 0.66352823],0,-1,-1,93,0
8573,[0.33532053 0.57443942],2,0,"[0.27872464766475324, 0.6037969263876968]",353,-1
8574,[0.33161607 0.47605279],3,1,"[0.39058119958388665, 0.45374655865984675]",-1,-1
8575,[0.44014311 0.34002739],3,-1,-1,-1,-1
8576,[0.41019745 0.36175422],3,-1,-1,-1,-1
8577,[0.26965227 0.78624189],1,-1,-1,-1,-1
8578,[0.23400584 0.57184194],2,0,"[0.27872464766475324, 0.6037969263876968]",-1,-1
8579,[0.60057502 0.59111668],0,-1,-1,111,0
8580,[0.64023205 0.59797082],0,3,"[0.7033493551787963, 0.5720264221842615]",170,0
8581,[0.21235644 0.50574451],2,-1,-1,-1,-1
8582,[0.48510897 0.3954035 ],3,-1,-1,232,-1
8583,[0.71548564 0.57002709],0,3,"[0.7033493551787963, 0.5720264221842615]",126,0
8584,[0.52127862 0.45931791],0,-1,-1,113,-1
8585,[0.4727889  0.54381816],3,-1,-1,62,-1
8586,[0.91105344 0.59352115],0,-1,-1,-1,-1
8587,[0.3605684  0.38220443],3,-1,-1,251,-1
8588,[0.41541644 0.43406534],3,1,"[0.39058119958388665, 0.45374655865984675]",267,1
8589,[0.4644603  0.34480649],3,-1,-1,198,-1
8590,[0.79755753 0.58508913],0,-1,-1,-1,0
8591,[0.67791534 0.63640565],0,3,"[0.7033493551787963, 0.5720264221842615]",-1,0
8592,[0.41459134 0.31121625],3,-1,-1,151,-1
8593,[0.48779334 0.29472313],3,-1,-1,53,-1
8594,[0.32455531 0.56232397],2,0,"[0.27872464766475324, 0.6037969263876968]",348,-1
8595,[0.31970872 0.61917626],1,0,"[0.27872464766475324, 0.6037969263876968]",382,2
8596,[0.62288107 0.6054374 ],0,-1,-1,-1,0
8597,[0.32514842 0.68463728],2,2,"[0.36772318180773494, 0.7148766969481398]",385,3
8598,[0.34653813 0.50903529],3,-1,-1,309,-1
8599,[0.342909   0.36507956],3,-1,-1,207,-1
8600,[0.37428941 0.51787698],2,1,"[0.39058119958388665, 0.45374655865984675]",-1,-1
8601,[0.42788417 0.48021175],3,1,"[0.39058119958388665, 0.45374655865984675]",-1,-1
8602,[0.66355117 0.4480705 ],0,-1,-1,-1,0
8603,[0.23988636 0.51181749],2,-1,-1,-1,-1
8604,[0.756741   0.48927935],0,-1,-1,64,0
8605,[0.61161749 0.43179335],0,-1,-1,23,0
8606,[0.46705803 0.61334962],1,-1,-1,-1,-1
8607,[0.61813438 0.62110579],0,-1,-1,123,0
8608,[0.74326703 0.61003524],0,3,"[0.7033493551787963, 0.5720264221842615]",-1,0
8609,[0.63202599 0.68541532],0,-1,-1,37,0
8610,[0.30648257 0.62531605],2,0,"[0.27872464766475324, 0.6037969263876968]",-1,-1
8611,[0.37178726 0.90039761],1,-1,-1,-1,-1
8612,[0.28475064 0.53850854],1,0,"[0.27872464766475324, 0.6037969263876968]",316,-1
8613,[0.74838738 0.57857872],0,3,"[0.7033493551787963, 0.5720264221842615]",126,0
8614,[0.55804841 0.58688479],0,-1,-1,44,0
8615,[0.42680266 0.62173831],2,-1,-1,197,-1
8616,[0.38526331 0.51996803],2,1,"[0.39058119958388665, 0.45374655865984675]",246,-1
8617,[0.26281331 0.80196605],1,-1,-1,-1,-1
8618,[0.29643699 0.61951945],2,0,"[0.27872464766475324, 0.6037969263876968]",358,-1
8619,[0.76456196 0.47194621],0,-1,-1,-1,0
8620,[0.48819205 0.46602797],3,-1,-1,-1,-1
8621,[0.31195    0.39532797],3,-1,-1,165,-1
8622,[0.40004948 0.65812098],1,2,"[0.36772318180773494, 0.7148766969481398]",355,-1
8623,[0.30930571 0.69823199],2,2,"[0.36772318180773494, 0.7148766969481398]",-1,-1
8624,[0.64078899 0.7368656 ],0,-1,-1,-1,0
8625,[0.32648828 0.60935848],2,0,"[0.27872464766475324, 0.6037969263876968]",382,2
8626,[0.27580608 0.43788689],3,-1,-1,-1,-1
8627,[0.37332847 0.37708349],3,-1,-1,-1,1
8628,[0.42923811 0.4592004 ],3,1,"[0.39058119958388665, 0.45374655865984675]",-1,1
8629,[0.61291767 0.67521309],0,-1,-1,-1,0
8630,[0.3804336  0.41102277],3,1,"[0.39058119958388665, 0.45374655865984675]",285,1
8631,[0.36323483 0.5723369 ],2,-1,-1,356,-1
8632,[0.23028946 0.63869329],2,0,"[0.27872464766475324, 0.6037969263876968]",235,-1
8633,[0.34663243 0.32157817],3,-1,-1,-1,-1
8634,[0.74398416 0.66418894],0,-1,-1,-1,0
8635,[0.69900949 0.4183758 ],0,-1,-1,-1,0
8636,[0.61719102 0.64998676],0,-1,-1,-1,0
8637,[0.35645561 0.48572913],2,1,"[0.39058119958388665, 0.45374655865984675]",-1,-1
8638,[0.80103172 0.78470086],0,-1,-1,-1,-1
8639,[0.52295388 0.41335276],3,-1,-1,177,-1
8640,[0.37893179 0.42099652],3,1,"[0.39058119958388665, 0.45374655865984675]",285,1
8641,[0.34425974 0.70797573],1,2,"[0.36772318180773494, 0.7148766969481398]",326,-1
8642,[0.44980209 0.59933912],2,-1,-1,182,-1
8643,[0.20748002 0.7221522 ],1,-1,-1,-1,-1
8644,[0.36367832 0.28582064],3,-1,-1,-1,-1
8645,[0.44337732 0.67338116],1,-1,-1,-1,-1
8646,[0.30510485 0.7692449 ],1,-1,-1,-1,-1
8647,[0.4711608  0.43888706],3,-1,-1,-1,-1
8648,[0.17351269 0.54406733],2,-1,-1,-1,-1
8649,[0.53729426 0.47344238],0,-1,-1,69,-1
8650,[0.22973511 0.68783471],2,-1,-1,-1,-1
8651,[0.39149084 0.76883715],1,2,"[0.36772318180773494, 0.7148766969481398]",-1,-1
8652,[0.316463   0.48444031],2,-1,-1,-1,-1
8653,[0.69346598 0.53841402],0,3,"[0.7033493551787963, 0.5720264221842615]",163,0
8654,[0.74559377 0.39317971],0,-1,-1,-1,0
8655,[0.27773581 0.64120538],1,0,"[0.27872464766475324, 0.6037969263876968]",366,-1
8656,[0.34604434 0.48295548],3,1,"[0.39058119958388665, 0.45374655865984675]",301,-1
8657,[0.33055577 0.5605189 ],2,0,"[0.27872464766475324, 0.6037969263876968]",348,2
8658,[0.32453483 0.58941788],2,0,"[0.27872464766475324, 0.6037969263876968]",-1,2
8659,[0.59399426 0.3693258 ],3,-1,-1,-1,-1
8660,[0.38112555 0.35867281],3,-1,-1,206,-1
8661,[0.23602911 0.50919986],2,-1,-1,-1,-1
8662,[0.52048186 0.64949568],2,-1,-1,17,0
8663,[0.62787342 0.55711502],0,-1,-1,-1,0
8664,[0.78391551 0.42246893],0,-1,-1,16,0
8665,[0.3101606  0.80073958],1,-1,-1,203,-1
8666,[0.38500955 0.26097921],3,-1,-1,11,-1
8667,[0.65765802 0.47975257],0,-1,-1,144,0
8668,[0.41844084 0.32082428],3,-1,-1,152,-1
8669,[0.65921194 0.51804035],0,3,"[0.7033493551787963, 0.5720264221842615]",-1,0
8670,[0.44988496 0.4169212 ],3,1,"[0.39058119958388665, 0.45374655865984675]",-1,-1
8671,[0.28742204 0.88196473],1,-1,-1,-1,-1
8672,[0.35507457 0.26787047],3,-1,-1,-1,-1
8673,[0.29954011 0.70668996],1,2,"[0.36772318180773494, 0.7148766969481398]",395,-1
8674,[0.3285475 0.7493722],1,2,"[0.36772318180773494, 0.7148766969481398]",-1,-1
8675,[0.50192215 0.52193152],3,-1,-1,127,-1
8676,[0.38286795 0.59498626],3,-1,-1,-1,2
8677,[0.19321751 0.47683209],2,-1,-1,-1,-1
8678,[0.34298622 0.21525237],3,-1,-1,-1,-1
8679,[0.26095174 0.4363135 ],3,-1,-1,-1,-1
8680,[0.50778056 0.30147936],3,-1,-1,-1,-1
8681,[0.31365531 0.81258577],1,-1,-1,203,-1
8682,[0.17655812 0.56092896],2,-1,-1,-1,-1
8683,[0.72897765 0.54281322],0,3,"[0.7033493551787963, 0.5720264221842615]",129,0
8684,[0.25373319 0.54040433],2,0,"[0.27872464766475324, 0.6037969263876968]",238,-1
8685,[0.22894582 0.61278355],2,0,"[0.27872464766475324, 0.6037969263876968]",211,-1
8686,[0.29624655 0.47494982],2,-1,-1,-1,-1
8687,[0.36821749 0.65123362],1,2,"[0.36772318180773494, 0.7148766969481398]",377,-1
8688,[0.54344607 0.48303088],3,-1,-1,69,-1
8689,[0.32153337 0.69199478],1,2,"[0.36772318180773494, 0.7148766969481398]",385,3
8690,[0.36404115 0.65219121],1,2,"[0.36772318180773494, 0.7148766969481398]",377,4
8691,[0.7742782  0.55497546],0,-1,-1,92,0
8692,[0.41007916 0.68578553],1,2,"[0.36772318180773494, 0.7148766969481398]",-1,-1
8693,[0.35509532 0.72671038],1,2,"[0.36772318180773494, 0.7148766969481398]",326,-1
8694,[0.25876945 0.51886341],3,-1,-1,213,-1
8695,[0.60756639 0.51763797],0,-1,-1,-1,0
8696,[0.70896819 0.5467058 ],0,3,"[0.7033493551787963, 0.5720264221842615]",130,0
8697,[0.43427986 0.46415094],3,1,"[0.39058119958388665, 0.45374655865984675]",263,1
8698,[0.48201344 0.46773074],3,-1,-1,205,-1
8699,[0.42299789 0.51997716],3,-1,-1,-1,-1
8700,[0.23735891 0.44448491],2,-1,-1,-1,-1
8701,[0.39970399 0.38742461],3,1,"[0.39058119958388665, 0.45374655865984675]",289,1
8702,[0.58168573 0.54518748],0,-1,-1,-1,0
8703,[0.52291037 0.51622359],3,-1,-1,-1,-1
8704,[0.41167138 0.3023977 ],3,-1,-1,151,-1
8705,[0.33537332 0.73498468],2,2,"[0.36772318180773494, 0.7148766969481398]",326,-1
8706,[0.2389327  0.66499486],1,-1,-1,-1,-1
8707,[0.45745304 0.30246911],3,-1,-1,-1,-1
8708,[0.3540605 0.4685592],3,1,"[0.39058119958388665, 0.45374655865984675]",-1,-1
8709,[0.19737352 0.71617479],2,-1,-1,-1,-1
8710,[0.41946885 0.36222242],3,-1,-1,-1,-1
8711,[0.26852766 0.67686402],1,-1,-1,381,-1
8712,[0.28617575 0.75471375],1,-1,-1,242,-1
8713,[0.62791014 0.49631741],0,-1,-1,-1,0
8714,[0.63673302 0.51344345],0,-1,-1,155,0
8715,[0.26978217 0.70028086],1,-1,-1,381,-1
8716,[0.23722767 0.55286577],2,0,"[0.27872464766475324, 0.6037969263876968]",181,-1
8717,[0.24323692 0.64574485],2,0,"[0.27872464766475324, 0.6037969263876968]",-1,-1
8718,[0.76026303 0.64187993],0,-1,-1,95,0
8719,[0.36129142 0.57256432],1,-1,-1,-1,-1
8720,[0.43738081 0.54424335],3,-1,-1,190,-1
8721,[0.27228365 0.45771894],3,-1,-1,-1,-1
8722,[0.25795528 0.71332299],1,-1,-1,-1,-1
8723,[0.35228577 0.82265824],1,-1,-1,184,-1
8724,[0.46127935 0.78965075],1,-1,-1,-1,-1
8725,[0.6599774  0.60216472],0,3,"[0.7033493551787963, 0.5720264221842615]",171,0
8726,[0.55631885 0.33705446],3,-1,-1,-1,-1
8727,[0.45225639 0.66149114],2,-1,-1,175,-1
8728,[0.22161798 0.83586541],1,-1,-1,-1,-1
8729,[0.34282828 0.70521145],1,2,"[0.36772318180773494, 0.7148766969481398]",326,3
8730,[0.23304426 0.86887098],1,-1,-1,-1,-1
8731,[0.75537601 0.42190737],0,-1,-1,-1,0
8732,[0.55801349 0.49279105],0,-1,-1,-1,-1
8733,[0.34065372 0.60968887],2,0,"[0.27872464766475324, 0.6037969263876968]",393,2
8734,[0.31866731 0.42061015],3,-1,-1,-1,-1
8735,[0.26742747 0.52452482],2,-1,-1,-1,-1
8736,[0.64293668 0.60197492],0,3,"[0.7033493551787963, 0.5720264221842615]",170,0
8737,[0.35915104 0.58221886],1,-1,-1,-1,-1
8738,[0.29171427 0.42011537],3,-1,-1,-1,-1
8739,[0.33552617 0.48595545],2,1,"[0.39058119958388665, 0.45374655865984675]",302,-1
8740,[0.37981691 0.46738768],3,1,"[0.39058119958388665, 0.45374655865984675]",257,1
8741,[0.50246839 0.50737532],3,-1,-1,-1,-1
8742,[0.60991234 0.62160488],0,-1,-1,-1,0
8743,[0.38870178 0.43117623],3,1,"[0.39058119958388665, 0.45374655865984675]",286,1
8744,[0.69627809 0.6014468 ],0,3,"[0.7033493551787963, 0.5720264221842615]",167,0
8745,[0.82327779 0.46336611],0,-1,-1,-1,0
8746,[0.27888113 0.73824804],1,-1,-1,292,-1
8747,[0.62141164 0.59537129],0,-1,-1,-1,0
8748,[0.60844809 0.55198725],0,-1,-1,117,0
8749,[0.69763337 0.44807567],0,-1,-1,66,0
8750,[0.29420549 0.46447334],3,-1,-1,-1,-1
8751,[0.25451633 0.55854579],1,0,"[0.27872464766475324, 0.6037969263876968]",240,-1
8752,[0.38974534 0.80072396],1,-1,-1,136,-1
8753,[0.37225293 0.83347149],1,-1,-1,55,-1
8754,[0.63042605 0.41054847],0,-1,-1,-1,0
8755,[0.76953174 0.61479296],0,-1,-1,-1,0
8756,[0.4079623  0.58432712],1,-1,-1,-1,-1
8757,[0.61712431 0.62777747],0,-1,-1,123,0
8758,[0.2848323  0.56416579],2,0,"[0.27872464766475324, 0.6037969263876968]",340,-1
8759,[0.3581073  0.41374992],3,1,"[0.39058119958388665, 0.45374655865984675]",-1,1
8760,[0.69986402 0.49959198],0,-1,-1,148,0
8761,[0.25555402 0.69061423],2,-1,-1,-1,-1
8762,[0.40223114 0.73534721],1,2,"[0.36772318180773494, 0.7148766969481398]",-1,-1
8763,[0.36033541 0.45972688],2,1,"[0.39058119958388665, 0.45374655865984675]",300,-1
8764,[0.29233021 0.48567356],3,-1,-1,-1,-1
8765,[0.57958188 0.48356342],0,-1,-1,-1,0
8766,[0.18374838 0.6595858 ],1,-1,-1,49,-1
8767,[0.35192392 0.59099192],2,-1,-1,386,-1
8768,[0.20438756 0.60822324],2,-1,-1,-1,-1
8769,[0.27066437 0.53494046],2,0,"[0.27872464766475324, 0.6037969263876968]",239,-1
8770,[0.26448327 0.6300068 ],2,0,"[0.27872464766475324, 0.6037969263876968]",344,-1
8771,[0.30880143 0.71563731],1,2,"[0.36772318180773494, 0.7148766969481398]",-1,-1
8772,[0.67636557 0.64579888],0,-1,-1,-1,0
8773,[0.31616664 0.40578947],2,-1,-1,214,-1
8774,[0.3929352  0.63148824],2,-1,-1,-1,-1
8775,[0.38732954 0.63223805],2,-1,-1,-1,-1
8776,[0.2776583  0.59823653],1,0,"[0.27872464766475324, 0.6037969263876968]",315,-1
8777,[0.26896957 0.53656435],2,0,"[0.27872464766475324, 0.6037969263876968]",239,-1
8778,[0.34095634 0.59391624],2,0,"[0.27872464766475324, 0.6037969263876968]",-1,2
8779,[0.61732173 0.5866738 ],0,-1,-1,-1,0
8780,[0.44259865 0.7934202 ],1,-1,-1,85,-1
8781,[0.34838298 0.66902677],1,2,"[0.36772318180773494, 0.7148766969481398]",377,4
8782,[0.48978616 0.43029412],3,-1,-1,-1,-1
8783,[0.70942405 0.54776988],0,3,"[0.7033493551787963, 0.5720264221842615]",130,0
8784,[0.63359854 0.51737838],0,-1,-1,155,0
8785,[0.63511698 0.66108569],0,-1,-1,-1,0
8786,[0.35756147 0.64907579],1,2,"[0.36772318180773494, 0.7148766969481398]",377,4
8787,[0.23575917 0.29711043],3,-1,-1,-1,-1
8788,[0.62689462 0.5928601 ],0,-1,-1,-1,0
8789,[0.32188569 0.70124071],1,2,"[0.36772318180773494, 0.7148766969481398]",385,3
8790,[0.30152219 0.63080414],2,0,"[0.27872464766475324, 0.6037969263876968]",359,-1
8791,[0.38620923 0.77936812],1,2,"[0.36772318180773494, 0.7148766969481398]",136,-1
8792,[0.64969206 0.55855997],0,3,"[0.7033493551787963, 0.5720264221842615]",137,0
8793,[0.67804937 0.53528608],0,3,"[0.7033493551787963, 0.5720264221842615]",160,0
8794,[0.55491227 0.52542585],0,-1,-1,-1,0
8795,[0.42686574 0.46818695],2,1,"[0.39058119958388665, 0.45374655865984675]",263,-1
8796,[0.43633292 0.27685534],3,-1,-1,-1,-1
8797,[0.34305383 0.31443134],3,-1,-1,-1,-1
8798,[0.75737056 0.53203516],0,3,"[0.7033493551787963, 0.5720264221842615]",-1,0
8799,[0.36523318 0.41323397],2,1,"[0.39058119958388665, 0.45374655865984675]",237,1
8800,[0.26103787 0.68017044],1,-1,-1,381,-1
8801,[0.38409899 0.33458905],3,-1,-1,-1,-1
8802,[0.30588224 0.49472644],2,-1,-1,303,-1
8803,[0.59880654 0.25766781],3,-1,-1,-1,-1
8804,[0.7800033  0.56119504],0,-1,-1,92,0
8805,[0.3072289  0.56771453],2,0,"[0.27872464766475324, 0.6037969263876968]",-1,-1
8806,[0.64402565 0.53488946],0,3,"[0.7033493551787963, 0.5720264221842615]",112,0
8807,[0.1524668  0.60662715],1,-1,-1,39,-1
8808,[0.4532177  0.50995283],3,-1,-1,220,-1
8809,[0.78606328 0.58651549],0,-1,-1,70,0
8810,[0.73847505 0.55373994],0,3,"[0.7033493551787963, 0.5720264221842615]",-1,0
8811,[0.78172919 0.59056029],0,-1,-1,-1,0
8812,[0.32735523 0.63401471],1,0,"[0.27872464766475324, 0.6037969263876968]",-1,-1
8813,[0.17748489 0.63864806],2,-1,-1,52,-1
8814,[0.31733916 0.45295219],3,-1,-1,-1,-1
8815,[0.70312227 0.52772461],0,3,"[0.7033493551787963, 0.5720264221842615]",-1,0
8816,[0.41932807 0.74737868],1,2,"[0.36772318180773494, 0.7148766969481398]",-1,-1
8817,[0.63589955 0.49457894],0,-1,-1,-1,0
8818,[0.75780174 0.41665102],0,-1,-1,-1,0
8819,[0.36180759 0.75401435],1,2,"[0.36772318180773494, 0.7148766969481398]",-1,-1
8820,[0.33093546 0.59396948],2,0,"[0.27872464766475324, 0.6037969263876968]",-1,2
8821,[0.2625185  0.64286575],2,0,"[0.27872464766475324, 0.6037969263876968]",329,-1
8822,[0.38884438 0.71212022],1,2,"[0.36772318180773494, 0.7148766969481398]",-1,-1
8823,[0.73565776 0.45578829],0,-1,-1,82,0
8824,[0.34751807 0.82117596],1,-1,-1,184,-1
8825,[0.41771696 0.53219186],1,-1,-1,230,-1
8826,[0.51518287 0.43591925],3,-1,-1,177,-1
8827,[0.39401855 0.74005933],1,2,"[0.36772318180773494, 0.7148766969481398]",306,-1
8828,[0.22015793 0.64160353],2,0,"[0.27872464766475324, 0.6037969263876968]",235,-1
8829,[0.30861143 0.48549313],3,-1,-1,303,-1
8830,[0.43019265 0.49608495],3,1,"[0.39058119958388665, 0.45374655865984675]",-1,-1
8831,[0.3521801  0.36627047],3,-1,-1,-1,-1
8832,[0.26429115 0.61634458],2,0,"[0.27872464766475324, 0.6037969263876968]",345,-1
8833,[0.19796502 0.67974788],1,-1,-1,115,-1
8834,[0.3753213  0.42377324],3,1,"[0.39058119958388665, 0.45374655865984675]",271,1
8835,[0.56417963 0.64090851],0,-1,-1,35,0
8836,[0.32768719 0.41837947],3,-1,-1,-1,-1
8837,[0.4984932  0.39552691],3,-1,-1,-1,-1
8838,[0.16935347 0.47452088],2,-1,-1,-1,-1
8839,[0.42772092 0.77662212],1,-1,-1,94,-1
8840,[0.30383309 0.47475083],2,-1,-1,-1,-1
8841,[0.59941003 0.59363579],0,-1,-1,111,0
8842,[0.2891016  0.60857376],2,0,"[0.27872464766475324, 0.6037969263876968]",371,-1
8843,[0.35876122 0.56006268],2,-1,-1,342,-1
8844,[0.25470208 0.45160596],2,-1,-1,-1,-1
8845,[0.19791383 0.74980425],1,-1,-1,-1,-1
8846,[0.36358592 0.60545641],1,-1,-1,-1,-1
8847,[0.43011676 0.57340313],1,-1,-1,185,-1
8848,[0.34097322 0.69608564],1,2,"[0.36772318180773494, 0.7148766969481398]",385,3
8849,[0.67377042 0.51319454],0,3,"[0.7033493551787963, 0.5720264221842615]",-1,0
8850,[0.42134561 0.37194374],3,-1,-1,278,1
8851,[0.39980473 0.42087911],3,1,"[0.39058119958388665, 0.45374655865984675]",-1,1
8852,[0.72849698 0.45945393],0,-1,-1,82,0
8853,[0.38566384 0.66301802],2,2,"[0.36772318180773494, 0.7148766969481398]",-1,-1
8854,[0.38202719 0.42827328],3,1,"[0.39058119958388665, 0.45374655865984675]",286,1
8855,[0.67799512 0.67211932],0,-1,-1,-1,0
8856,[0.3196583  0.42808435],3,-1,-1,210,-1
8857,[0.70869449 0.49664943],0,-1,-1,148,0
8858,[0.44837472 0.34559035],3,-1,-1,-1,-1
8859,[0.341241   0.79112975],1,-1,-1,-1,-1
8860,[0.29209891 0.60473962],2,0,"[0.27872464766475324, 0.6037969263876968]",371,-1
8861,[0.60975036 0.59333866],0,-1,-1,111,0
8862,[0.26041862 0.61865073],2,0,"[0.27872464766475324, 0.6037969263876968]",345,-1
8863,[0.68555629 0.63369115],0,3,"[0.7033493551787963, 0.5720264221842615]",142,0
8864,[0.31323007 0.85786961],1,-1,-1,-1,-1
8865,[0.37576624 0.60193116],1,-1,-1,363,2
8866,[0.3771223 0.57628  ],2,-1,-1,350,-1
8867,[0.46498767 0.67944191],1,-1,-1,89,-1
8868,[0.3771916  0.60225834],2,-1,-1,363,-1
8869,[0.67695364 0.57824016],0,3,"[0.7033493551787963, 0.5720264221842615]",157,0
8870,[0.38103075 0.39020752],3,1,"[0.39058119958388665, 0.45374655865984675]",-1,1
8871,[0.68027103 0.52335734],0,3,"[0.7033493551787963, 0.5720264221842615]",-1,0
8872,[0.42194875 0.6475518 ],2,-1,-1,175,-1
8873,[0.62949786 0.62879885],0,-1,-1,-1,0
8874,[0.72144729 0.76827962],0,-1,-1,-1,-1
8875,[0.40943742 0.8852714 ],1,-1,-1,-1,-1
8876,[0.34624438 0.67294283],1,2,"[0.36772318180773494, 0.7148766969481398]",377,4
8877,[0.20996948 0.51099674],2,-1,-1,-1,-1
8878,[0.3695075 0.327938 ],3,-1,-1,-1,-1
8879,[0.26785177 0.55366057],2,0,"[0.27872464766475324, 0.6037969263876968]",240,-1
8880,[0.22190653 0.79166471],1,-1,-1,29,-1
8881,[0.33756407 0.66457661],1,2,"[0.36772318180773494, 0.7148766969481398]",377,-1
8882,[0.64237101 0.50729894],0,-1,-1,155,0
8883,[0.80519461 0.59580557],0,-1,-1,68,0
8884,[0.42706364 0.54156685],2,-1,-1,190,-1
8885,[0.36332997 0.975304  ],1,-1,-1,-1,-1
8886,[0.49679675 0.52475273],3,-1,-1,127,-1
8887,[0.69981294 0.46217172],0,-1,-1,-1,0
8888,[0.41856526 0.73976005],1,2,"[0.36772318180773494, 0.7148766969481398]",307,-1
8889,[0.34097931 0.5813686 ],2,0,"[0.27872464766475324, 0.6037969263876968]",353,2
8890,[0.38761639 0.4493006 ],3,1,"[0.39058119958388665, 0.45374655865984675]",248,1
8891,[0.46945631 0.37220142],3,-1,-1,228,-1
8892,[0.84660567 0.60417128],0,-1,-1,-1,0
8893,[0.72055827 0.46271468],0,-1,-1,-1,0
8894,[0.28209446 0.57843273],2,0,"[0.27872464766475324, 0.6037969263876968]",337,-1
8895,[0.2591466  0.42135804],3,-1,-1,-1,-1
8896,[0.3244874  0.75003187],1,2,"[0.36772318180773494, 0.7148766969481398]",-1,-1
8897,[0.30193701 0.66105358],2,0,"[0.27872464766475324, 0.6037969263876968]",354,-1
8898,[0.69998608 0.51221693],0,3,"[0.7033493551787963, 0.5720264221842615]",148,0
8899,[0.64292156 0.60300753],0,3,"[0.7033493551787963, 0.5720264221842615]",-1,0
8900,[0.22826291 0.64750824],2,0,"[0.27872464766475324, 0.6037969263876968]",-1,-1
8901,[0.58140601 0.61334764],0,-1,-1,-1,0
8902,[0.2650002  0.77329446],1,-1,-1,-1,-1
8903,[0.         0.65365469],2,-1,-1,-1,-1
8904,[0.48369545 0.3048692 ],3,-1,-1,53,-1
8905,[0.46109194 0.21116888],3,-1,-1,-1,-1
8906,[0.26116733 0.46320616],2,-1,-1,-1,-1
8907,[0.25530791 0.77685648],1,-1,-1,119,-1
8908,[0.4002864  0.62383867],2,-1,-1,218,-1
8909,[0.39443748 0.6225413 ],2,-1,-1,218,-1
8910,[0.46891871 0.40899133],3,-1,-1,-1,1
8911,[0.48601758 0.45371284],2,-1,-1,205,-1
8912,[0.37357989 0.51065091],2,1,"[0.39058119958388665, 0.45374655865984675]",-1,-1
8913,[0.68992607 0.78740766],0,-1,-1,-1,-1
8914,[0.6378538  0.58518322],0,3,"[0.7033493551787963, 0.5720264221842615]",-1,0
8915,[0.37538702 0.36910504],3,-1,-1,-1,-1
8916,[0.35771839 0.86769015],1,-1,-1,-1,-1
8917,[0.26178375 0.65398696],2,0,"[0.27872464766475324, 0.6037969263876968]",329,-1
8918,[0.58314738 0.62122724],0,-1,-1,-1,0
8919,[0.39560079 0.51829453],2,1,"[0.39058119958388665, 0.45374655865984675]",-1,-1
8920,[0.35129216 0.38727793],3,-1,-1,-1,-1
8921,[0.30307819 0.74921077],1,-1,-1,324,-1
8922,[0.4535653  0.40107437],3,-1,-1,-1,1
8923,[0.64584475 0.42243857],0,-1,-1,40,0
8924,[0.47212525 0.37455066],3,-1,-1,228,-1
8925,[0.32971102 0.4648048 ],2,1,"[0.39058119958388665, 0.45374655865984675]",234,-1
8926,[0.29195645 0.84986583],1,-1,-1,-1,-1
8927,[0.51621474 0.50957709],3,-1,-1,-1,-1
8928,[0.66947689 0.68783646],0,-1,-1,-1,0
8929,[0.26962707 0.59083327],2,0,"[0.27872464766475324, 0.6037969263876968]",318,-1
8930,[0.38816446 0.52068834],2,1,"[0.39058119958388665, 0.45374655865984675]",246,-1
8931,[0.40311032 0.54743468],2,-1,-1,227,-1
8932,[0.41596574 0.79849721],1,-1,-1,136,-1
8933,[0.46458493 0.46457935],3,-1,-1,-1,-1
8934,[0.54674002 0.72295701],1,-1,-1,-1,-1
8935,[0.1579496  0.71218152],1,-1,-1,-1,-1
8936,[0.66439309 0.63709465],0,-1,-1,110,0
8937,[0.29231416 0.82763793],1,-1,-1,-1,-1
8938,[0.33821756 0.62261958],1,0,"[0.27872464766475324, 0.6037969263876968]",383,-1
8939,[0.49384436 0.3907513 ],3,-1,-1,-1,-1
8940,[0.30865888 0.76009162],1,-1,-1,324,-1
8941,[0.33577815 0.78079899],1,-1,-1,249,-1
8942,[0.37010064 0.59114166],2,-1,-1,357,2
8943,[0.30984474 0.67745249],2,2,"[0.36772318180773494, 0.7148766969481398]",-1,3
8944,[0.30323534 0.6850909 ],1,-1,-1,385,-1
8945,[0.70268598 0.54604264],0,3,"[0.7033493551787963, 0.5720264221842615]",-1,0
8946,[0.26974316 0.67112946],2,0,"[0.27872464766475324, 0.6037969263876968]",-1,-1
8947,[0.30041766 0.76746979],1,-1,-1,-1,-1
8948,[0.70115793 0.60583142],0,3,"[0.7033493551787963, 0.5720264221842615]",167,0
8949,[0.23995766 0.58662201],2,0,"[0.27872464766475324, 0.6037969263876968]",-1,-1
8950,[0.44367959 0.39364329],3,-1,-1,-1,1
8951,[0.59671391 0.53624448],0,-1,-1,-1,0
8952,[0.38311215 0.85608298],1,-1,-1,-1,-1
8953,[0.33123382 0.6298204 ],2,0,"[0.27872464766475324, 0.6037969263876968]",-1,-1
8954,[0.35642668 0.38309221],3,-1,-1,251,-1
8955,[0.321377   0.64110806],2,0,"[0.27872464766475324, 0.6037969263876968]",-1,-1
8956,[0.74998405 0.54370357],0,3,"[0.7033493551787963, 0.5720264221842615]",-1,0
8957,[0.3736452  0.47051167],2,1,"[0.39058119958388665, 0.45374655865984675]",257,1
8958,[0.40989468 0.66607515],2,2,"[0.36772318180773494, 0.7148766969481398]",-1,-1
8959,[0.64232555 0.61998413],0,-1,-1,-1,0
8960,[0.56156976 0.66451902],0,-1,-1,-1,0
8961,[0.57978899 0.45062526],3,-1,-1,-1,0
8962,[0.50674603 0.58601515],2,-1,-1,24,-1
8963,[0.77160869 0.65839768],0,-1,-1,33,0
8964,[0.57338843 0.64645029],0,-1,-1,35,0
8965,[0.30713346 0.81776994],1,-1,-1,-1,-1
8966,[0.40262327 0.43106875],3,1,"[0.39058119958388665, 0.45374655865984675]",266,1
8967,[0.59082167 0.42240798],3,-1,-1,-1,-1
8968,[0.60437011 0.59336237],0,-1,-1,111,0
8969,[0.34666176 0.55923598],3,-1,-1,-1,-1
8970,[0.42854629 0.74278149],1,2,"[0.36772318180773494, 0.7148766969481398]",-1,-1
8971,[0.81679694 0.50777035],0,-1,-1,-1,0
8972,[0.26753418 0.69231778],1,-1,-1,381,-1
8973,[0.40927018 0.67827143],2,2,"[0.36772318180773494, 0.7148766969481398]",-1,-1
8974,[0.32316927 0.49756441],2,-1,-1,-1,-1
8975,[0.27655911 0.52251794],2,-1,-1,-1,-1
8976,[0.66122091 0.4642595 ],0,-1,-1,-1,0
8977,[0.70343895 0.65440812],0,-1,-1,-1,0
8978,[0.70737055 0.52066727],0,3,"[0.7033493551787963, 0.5720264221842615]",-1,0
8979,[0.49116034 0.54380217],2,-1,-1,-1,-1
8980,[0.29051339 0.5223216 ],2,-1,-1,-1,-1
8981,[0.38669746 0.33474722],3,-1,-1,-1,-1
8982,[0.45286529 0.56824036],3,-1,-1,-1,-1
8983,[0.51818602 0.62064312],1,-1,-1,-1,-1
8984,[0.2457154  0.59582325],2,0,"[0.27872464766475324, 0.6037969263876968]",-1,-1
8985,[0.26293224 0.68330019],2,-1,-1,381,-1
8986,[0.22049628 0.52390435],2,-1,-1,118,-1
8987,[0.71755879 0.49456051],0,-1,-1,143,0
8988,[0.64809112 0.52085637],0,-1,-1,-1,0
8989,[0.41817431 0.30104655],3,-1,-1,151,-1
8990,[0.59181662 0.48985396],0,-1,-1,77,0
8991,[0.40048683 0.46751831],2,1,"[0.39058119958388665, 0.45374655865984675]",256,1
8992,[0.73018192 0.548925  ],0,3,"[0.7033493551787963, 0.5720264221842615]",129,0
8993,[0.4896798  0.40818299],3,-1,-1,-1,-1
8994,[0.78930636 0.52560543],0,-1,-1,-1,0
8995,[0.82272044 0.48543727],0,-1,-1,32,0
8996,[0.38810665 0.7857607 ],1,-1,-1,136,-1
8997,[0.3024019  0.38216067],3,-1,-1,-1,-1
8998,[0.39228786 0.63716111],2,-1,-1,355,-1
8999,[0.28067352 0.75035519],1,-1,-1,242,-1
9000,[0.55915973 0.59878959],0,-1,-1,44,0
9001,[0.22912079 0.54445691],2,-1,-1,-1,-1
9002,[0.49371902 0.49483865],0,-1,-1,-1,-1
9003,[0.46910666 0.63036264],1,-1,-1,-1,-1
9004,[0.30549741 0.62174185],2,0,"[0.27872464766475324, 0.6037969263876968]",-1,-1
9005,[0.31592212 0.7521519 ],1,2,"[0.36772318180773494, 0.7148766969481398]",324,-1
9006,[0.54716943 0.31178624],3,-1,-1,-1,-1
9007,[0.11063259 0.65298972],1,-1,-1,-1,-1
9008,[0.61994253 0.53165433],0,-1,-1,-1,0
9009,[0.42315561 0.55700442],3,-1,-1,186,-1
9010,[0.41045907 0.45893353],3,1,"[0.39058119958388665, 0.45374655865984675]",258,1
9011,[0.19164682 0.526678  ],2,-1,-1,72,-1
9012,[0.2694457 0.481612 ],2,-1,-1,-1,-1
9013,[0.22067987 0.42661011],3,-1,-1,-1,-1
9014,[0.52710745 0.43431659],3,-1,-1,177,-1
9015,[0.25896554 0.74329198],1,-1,-1,291,-1
9016,[0.30392399 0.55873355],1,0,"[0.27872464766475324, 0.6037969263876968]",-1,-1
9017,[0.62041839 0.64355574],0,-1,-1,102,0
9018,[0.53301112 0.61792052],0,-1,-1,45,0
9019,[0.45926306 0.64332022],1,-1,-1,-1,-1
9020,[0.75479955 0.5957347 ],0,3,"[0.7033493551787963, 0.5720264221842615]",-1,0
9021,[0.65184821 0.50371725],0,-1,-1,-1,0
9022,[0.34733031 0.49320829],3,1,"[0.39058119958388665, 0.45374655865984675]",301,-1
9023,[0.69120546 0.48352671],0,-1,-1,148,0
9024,[0.62642397 0.62026214],0,-1,-1,-1,0
9025,[0.33600524 0.57844904],2,0,"[0.27872464766475324, 0.6037969263876968]",353,-1
9026,[0.28706823 0.6904788 ],1,-1,-1,-1,-1
9027,[0.77389906 0.53515459],0,-1,-1,-1,0
9028,[0.42323829 0.72499207],1,2,"[0.36772318180773494, 0.7148766969481398]",-1,-1
9029,[0.31313018 0.73547353],1,2,"[0.36772318180773494, 0.7148766969481398]",-1,-1
9030,[0.31434205 0.89214872],1,-1,-1,-1,-1
9031,[0.56424335 0.54531682],3,-1,-1,-1,0
9032,[0.72840993 0.47612998],0,-1,-1,-1,0
9033,[0.13301667 0.71280407],1,-1,-1,-1,-1
9034,[0.32944995 0.78909674],1,-1,-1,-1,-1
9035,[0.47200272 0.65100748],2,-1,-1,-1,-1
9036,[0.49388312 0.50954047],2,-1,-1,180,-1
9037,[0.49524329 0.48970659],3,-1,-1,-1,-1
9038,[0.33163783 0.81468105],1,-1,-1,202,-1
9039,[0.23076026 0.75589499],1,-1,-1,-1,-1
9040,[0.47061198 0.83100213],1,-1,-1,-1,-1
9041,[0.32738926 0.35787586],3,-1,-1,-1,-1
9042,[0.36378433 0.38686671],3,-1,-1,251,1
9043,[0.378476   0.68361796],2,2,"[0.36772318180773494, 0.7148766969481398]",-1,-1
9044,[0.29959975 0.78826564],1,-1,-1,-1,-1
9045,[0.44963715 0.39300651],3,-1,-1,264,1
9046,[0.20104854 0.75050987],1,-1,-1,-1,-1
9047,[0.26567737 0.73990521],1,-1,-1,291,-1
9048,[0.43403517 0.70694871],1,2,"[0.36772318180773494, 0.7148766969481398]",99,-1
9049,[0.21656877 0.73486413],1,-1,-1,-1,-1
9050,[0.66841854 0.4415503 ],0,-1,-1,-1,0
9051,[0.36882429 0.78594243],1,-1,-1,187,-1
9052,[0.69514454 0.68162797],0,-1,-1,-1,0
9053,[0.39886456 0.54017775],2,-1,-1,227,-1
9054,[0.22664498 0.60243923],2,0,"[0.27872464766475324, 0.6037969263876968]",211,-1
9055,[0.23542684 0.3857926 ],3,-1,-1,-1,-1
9056,[0.12616171 0.56218857],2,-1,-1,-1,-1
9057,[0.40786086 0.29843073],3,-1,-1,-1,-1
9058,[0.4299443  0.42804792],3,1,"[0.39058119958388665, 0.45374655865984675]",-1,1
9059,[0.27795464 0.79496817],1,-1,-1,-1,-1
9060,[0.4199991  0.69721399],1,2,"[0.36772318180773494, 0.7148766969481398]",261,-1
9061,[0.45597843 0.6570706 ],1,-1,-1,175,-1
9062,[0.5808585  0.58405203],0,-1,-1,103,0
9063,[0.70596922 0.48065641],0,-1,-1,-1,0
9064,[0.48880839 0.85221265],1,-1,-1,-1,-1
9065,[0.43305581 0.3732759 ],3,-1,-1,-1,1
9066,[0.29318085 0.7211948 ],1,-1,-1,-1,-1
9067,[0.63623894 0.44987533],0,-1,-1,-1,0
9068,[0.71800448 0.57360103],0,3,"[0.7033493551787963, 0.5720264221842615]",126,0
9069,[0.36045587 0.55131034],2,-1,-1,334,-1
9070,[0.28039338 0.70661008],1,-1,-1,-1,-1
9071,[0.30174283 0.52315712],3,-1,-1,-1,-1
9072,[0.19271213 0.7058636 ],2,-1,-1,-1,-1
9073,[0.37539186 0.46227355],2,1,"[0.39058119958388665, 0.45374655865984675]",257,1
9074,[0.34808133 0.70490346],1,2,"[0.36772318180773494, 0.7148766969481398]",326,-1
9075,[0.31285235 0.90863149],1,-1,-1,-1,-1
9076,[0.7169006  0.55377531],0,3,"[0.7033493551787963, 0.5720264221842615]",130,0
9077,[0.65494462 0.59954058],0,3,"[0.7033493551787963, 0.5720264221842615]",171,0
9078,[0.28233331 0.61113881],2,0,"[0.27872464766475324, 0.6037969263876968]",372,-1
9079,[0.4023016  0.50924369],3,1,"[0.39058119958388665, 0.45374655865984675]",-1,-1
9080,[0.43073941 0.61623391],1,-1,-1,197,-1
9081,[0.39191157 0.58977783],2,-1,-1,362,-1
9082,[0.6380605  0.51004623],0,-1,-1,155,0
9083,[0.30308375 0.67455223],1,-1,-1,385,3
9084,[0.26977003 0.62848602],2,0,"[0.27872464766475324, 0.6037969263876968]",344,-1
9085,[0.33378003 0.66883128],1,2,"[0.36772318180773494, 0.7148766969481398]",377,-1
9086,[0.22582598 0.7023384 ],1,-1,-1,-1,-1
9087,[0.40681891 0.76296185],1,2,"[0.36772318180773494, 0.7148766969481398]",-1,-1
9088,[0.3480056  0.66836563],1,2,"[0.36772318180773494, 0.7148766969481398]",377,4
9089,[0.19737285 0.63061589],2,-1,-1,-1,-1
9090,[0.61580026 0.58648437],0,-1,-1,111,0
9091,[0.2403969 0.5581726],1,0,"[0.27872464766475324, 0.6037969263876968]",181,-1
9092,[0.58193651 0.60754196],0,-1,-1,87,0
9093,[0.83426678 0.55387555],0,-1,-1,-1,0
9094,[0.71409769 0.51244133],0,3,"[0.7033493551787963, 0.5720264221842615]",148,0
9095,[0.31677452 0.59085484],2,0,"[0.27872464766475324, 0.6037969263876968]",374,2
9096,[0.46514769 0.35368031],3,-1,-1,-1,-1
9097,[0.40271789 0.81111726],1,-1,-1,-1,-1
9098,[0.22979677 0.65239785],2,0,"[0.27872464766475324, 0.6037969263876968]",-1,-1
9099,[0.37551864 0.58489212],3,-1,-1,-1,-1
9100,[0.68421836 0.6199361 ],0,3,"[0.7033493551787963, 0.5720264221842615]",-1,0
9101,[0.38492096 0.45610674],3,1,"[0.39058119958388665, 0.45374655865984675]",-1,1
9102,[0.44556434 0.37145275],3,-1,-1,279,1
9103,[0.31771743 0.59390256],2,0,"[0.27872464766475324, 0.6037969263876968]",-1,2
9104,[0.5228038  0.41888776],3,-1,-1,177,-1
9105,[0.42234814 0.5145319 ],3,1,"[0.39058119958388665, 0.45374655865984675]",183,-1
9106,[0.58588127 0.5115768 ],0,-1,-1,-1,0
9107,[0.51969598 0.43452011],3,-1,-1,177,-1
9108,[0.57918464 0.43825849],0,-1,-1,-1,0
9109,[0.29282275 0.5290374 ],2,-1,-1,-1,-1
9110,[0.48625649 0.45678777],3,-1,-1,-1,-1
9111,[0.27554855 0.33675038],3,-1,-1,14,-1
9112,[0.72566461 0.4983377 ],0,-1,-1,-1,0
9113,[0.30591171 0.6820028 ],1,-1,-1,385,3
9114,[0.52155994 0.46550635],3,-1,-1,113,-1
9115,[0.54315524 0.56556138],0,-1,-1,61,0
9116,[0.48092366 0.42033318],3,-1,-1,259,1
9117,[0.6542969  0.59747509],0,3,"[0.7033493551787963, 0.5720264221842615]",171,0
9118,[0.31374002 0.50058132],2,-1,-1,-1,-1
9119,[0.28426041 0.5806654 ],2,0,"[0.27872464766475324, 0.6037969263876968]",337,-1
9120,[0.22191002 0.59530138],2,0,"[0.27872464766475324, 0.6037969263876968]",211,-1
9121,[0.30835588 0.52208677],2,-1,-1,299,-1
9122,[0.59294358 0.69153861],0,-1,-1,34,0
9123,[0.45271246 0.62002946],1,-1,-1,176,-1
9124,[0.40217243 0.37703976],3,-1,-1,255,-1
9125,[0.4279325  0.55851389],1,-1,-1,186,-1
9126,[0.37662903 0.54415377],2,-1,-1,310,-1
9127,[0.43734173 0.66355469],2,-1,-1,-1,-1
9128,[0.66113712 0.52078176],0,3,"[0.7033493551787963, 0.5720264221842615]",-1,0
9129,[0.50142362 0.32160453],3,-1,-1,-1,-1
9130,[0.76200365 0.71638231],0,-1,-1,-1,0
9131,[0.44165044 0.64811072],1,-1,-1,175,-1
9132,[0.41108105 0.67646743],1,2,"[0.36772318180773494, 0.7148766969481398]",341,-1
9133,[0.44667939 0.80565725],1,-1,-1,-1,-1
9134,[0.34188166 0.57920361],3,0,"[0.27872464766475324, 0.6037969263876968]",353,2
9135,[0.83407898 0.52706594],0,-1,-1,-1,0
9136,[0.31630142 0.7041618 ],1,2,"[0.36772318180773494, 0.7148766969481398]",394,-1
9137,[0.24643865 0.54315024],2,0,"[0.27872464766475324, 0.6037969263876968]",-1,-1
9138,[0.471689   0.64511864],1,-1,-1,-1,-1
9139,[0.34590702 0.78232383],1,-1,-1,249,-1
9140,[0.22885514 0.67845358],2,-1,-1,-1,-1
9141,[0.35135692 0.42517529],2,1,"[0.39058119958388665, 0.45374655865984675]",268,1
9142,[0.64812743 0.6246311 ],0,-1,-1,-1,0
9143,[0.33156661 0.70854582],1,2,"[0.36772318180773494, 0.7148766969481398]",385,-1
9144,[0.71721139 0.51306456],0,3,"[0.7033493551787963, 0.5720264221842615]",148,0
9145,[0.13460192 0.53596305],2,-1,-1,-1,-1
9146,[0.55574035 0.54255372],3,-1,-1,71,0
9147,[0.35877932 0.43886651],3,1,"[0.39058119958388665, 0.45374655865984675]",-1,-1
9148,[0.43341688 0.45917574],3,1,"[0.39058119958388665, 0.45374655865984675]",263,1
9149,[0.40324121 0.50255987],2,1,"[0.39058119958388665, 0.45374655865984675]",273,1
9150,[0.44419847 0.74850709],1,-1,-1,-1,-1
9151,[0.76842513 0.70158108],0,-1,-1,-1,0
9152,[0.46650222 0.73631831],1,-1,-1,86,-1
9153,[0.3568156  0.24558639],3,-1,-1,-1,-1
9154,[0.71671084 0.59533734],0,3,"[0.7033493551787963, 0.5720264221842615]",167,0
9155,[0.35722178 0.63517638],1,-1,-1,-1,-1
9156,[0.75462269 0.53242234],0,3,"[0.7033493551787963, 0.5720264221842615]",107,0
9157,[0.29915827 0.56912727],2,0,"[0.27872464766475324, 0.6037969263876968]",340,-1
9158,[0.67948392 0.42728711],0,-1,-1,-1,0
9159,[0.30383058 0.44548536],2,-1,-1,-1,-1
9160,[0.18363992 0.58961768],2,-1,-1,58,-1
9161,[0.28021402 0.81898774],1,-1,-1,73,-1
9162,[0.40312418 0.54820862],2,-1,-1,227,-1
9163,[0.4447473  0.66629858],1,-1,-1,175,-1
9164,[0.72021024 0.56505685],0,3,"[0.7033493551787963, 0.5720264221842615]",-1,0
9165,[0.36791258 0.31610818],3,-1,-1,-1,-1
9166,[0.39864641 0.58607106],2,-1,-1,-1,-1
9167,[0.49775316 0.40902989],3,-1,-1,-1,-1
9168,[0.28264548 0.52982915],2,-1,-1,-1,-1
9169,[0.4534924  0.33611815],3,-1,-1,-1,-1
9170,[0.33310607 0.49077626],2,1,"[0.39058119958388665, 0.45374655865984675]",302,-1
9171,[0.72746822 0.63144118],0,3,"[0.7033493551787963, 0.5720264221842615]",98,0
9172,[0.20825378 0.61469011],2,-1,-1,-1,-1
9173,[0.3281339  0.36832496],3,-1,-1,-1,-1
9174,[0.35157613 0.57602816],2,-1,-1,356,2
9175,[0.3832236  0.23898981],3,-1,-1,-1,-1
9176,[0.6334501  0.52374049],0,-1,-1,-1,0
9177,[0.28045517 0.79107898],1,-1,-1,145,-1
9178,[0.24493392 0.38281701],3,-1,-1,-1,-1
9179,[0.73324262 0.54717664],0,3,"[0.7033493551787963, 0.5720264221842615]",129,0
9180,[0.6323941  0.55089212],0,-1,-1,-1,0
9181,[0.69107873 0.49219602],0,-1,-1,-1,0
9182,[0.29684964 0.59113723],2,0,"[0.27872464766475324, 0.6037969263876968]",338,-1
9183,[0.33671036 0.75529743],1,2,"[0.36772318180773494, 0.7148766969481398]",-1,-1
9184,[0.20120477 0.41464844],2,-1,-1,-1,-1
9185,[0.76105564 0.60174656],0,3,"[0.7033493551787963, 0.5720264221842615]",63,0
9186,[0.27828829 0.40323822],3,-1,-1,-1,-1
9187,[0.3675876  0.37311117],3,-1,-1,-1,1
9188,[0.5867947  0.45897891],3,-1,-1,43,0
9189,[0.34476313 0.57493789],1,-1,-1,-1,-1
9190,[0.66489204 0.50552797],0,-1,-1,-1,0
9191,[0.27563576 0.73292134],1,-1,-1,-1,-1
9192,[0.65818762 0.58441455],0,3,"[0.7033493551787963, 0.5720264221842615]",-1,0
9193,[0.2891719  0.70238705],1,-1,-1,389,-1
9194,[0.48405557 0.41386415],3,-1,-1,259,1
9195,[0.35794713 0.40793405],3,1,"[0.39058119958388665, 0.45374655865984675]",268,-1
9196,[0.31133765 0.76392651],1,-1,-1,324,-1
9197,[0.73410855 0.5830522 ],0,3,"[0.7033493551787963, 0.5720264221842615]",126,0
9198,[0.336107   0.34233284],3,-1,-1,172,-1
9199,[0.25260339 0.87131812],1,-1,-1,-1,-1
9200,[0.66607411 0.49860963],0,-1,-1,-1,0
9201,[0.33459681 0.53829898],2,-1,-1,319,-1
9202,[0.33260463 0.62213826],2,0,"[0.27872464766475324, 0.6037969263876968]",383,-1
9203,[0.49056545 0.30695403],0,-1,-1,53,-1
9204,[0.64851073 0.6911721 ],0,-1,-1,-1,0
9205,[0.61898114 0.61686167],0,-1,-1,123,0
9206,[0.44835246 0.72524629],1,-1,-1,101,-1
9207,[0.27068472 0.56093582],1,0,"[0.27872464766475324, 0.6037969263876968]",240,-1
9208,[0.39770595 0.66060122],2,2,"[0.36772318180773494, 0.7148766969481398]",355,-1
9209,[0.3320251  0.55093025],3,-1,-1,348,2
9210,[0.54664813 0.33656954],3,-1,-1,-1,-1
9211,[0.44693955 0.35341775],3,-1,-1,254,-1
9212,[0.2359978 0.3919828],3,-1,-1,-1,-1
9213,[0.72864224 0.65035552],0,-1,-1,98,0
9214,[0.76140588 0.48658271],0,-1,-1,64,0
9215,[0.48989232 0.28873659],3,-1,-1,53,-1
9216,[0.44169752 0.50769869],3,-1,-1,-1,-1
9217,[0.28988641 0.55196981],2,0,"[0.27872464766475324, 0.6037969263876968]",339,-1
9218,[0.31481039 0.41485833],3,-1,-1,-1,-1
9219,[0.31909328 0.60801458],2,0,"[0.27872464766475324, 0.6037969263876968]",-1,2
9220,[0.45516725 0.45050341],3,1,"[0.39058119958388665, 0.45374655865984675]",243,-1
9221,[0.26816319 0.66866237],1,0,"[0.27872464766475324, 0.6037969263876968]",381,-1
9222,[0.69974421 0.50551632],0,3,"[0.7033493551787963, 0.5720264221842615]",148,0
9223,[0.31094598 0.74342287],1,2,"[0.36772318180773494, 0.7148766969481398]",-1,-1
9224,[0.27906275 0.48820004],3,-1,-1,-1,-1
9225,[0.211405   0.60167398],2,0,"[0.27872464766475324, 0.6037969263876968]",211,-1
9226,[0.49542229 0.78516367],1,-1,-1,-1,-1
9227,[0.37412796 0.86233132],1,-1,-1,-1,-1
9228,[0.33501991 0.68778383],2,2,"[0.36772318180773494, 0.7148766969481398]",385,-1
9229,[0.56070953 0.50656596],3,-1,-1,-1,0
9230,[0.33847886 0.45280654],3,1,"[0.39058119958388665, 0.45374655865984675]",233,-1
9231,[0.28820783 0.62583425],2,0,"[0.27872464766475324, 0.6037969263876968]",365,-1
9232,[0.44863606 0.64539603],1,-1,-1,175,-1
9233,[0.15527986 0.55017731],2,-1,-1,42,-1
9234,[0.31245442 0.56664399],2,0,"[0.27872464766475324, 0.6037969263876968]",360,-1
9235,[0.35744336 0.6502796 ],1,2,"[0.36772318180773494, 0.7148766969481398]",377,4
9236,[0.78437098 0.64792706],0,-1,-1,28,0
9237,[0.46025429 0.47116902],3,-1,-1,222,-1
9238,[0.37960773 0.47542187],3,1,"[0.39058119958388665, 0.45374655865984675]",257,1
9239,[0.42293544 0.53119836],3,-1,-1,230,-1
9240,[0.410142   0.39921823],3,1,"[0.39058119958388665, 0.45374655865984675]",287,1
9241,[0.38876687 0.38808927],3,1,"[0.39058119958388665, 0.45374655865984675]",288,1
9242,[0.36830851 0.84327127],1,-1,-1,-1,-1
9243,[0.52975028 0.43200177],3,-1,-1,-1,-1
9244,[0.55946877 0.57086978],0,-1,-1,61,0
9245,[0.27208648 0.51502027],2,-1,-1,296,-1
9246,[0.2204199  0.43797872],2,-1,-1,-1,-1
9247,[0.15573726 0.54447008],2,-1,-1,-1,-1
9248,[0.46843643 0.46961995],3,-1,-1,-1,-1
9249,[0.35300108 0.72120017],1,2,"[0.36772318180773494, 0.7148766969481398]",-1,-1
9250,[0.74975374 0.52856139],0,3,"[0.7033493551787963, 0.5720264221842615]",107,0
9251,[0.40538177 0.66688514],1,2,"[0.36772318180773494, 0.7148766969481398]",-1,-1
9252,[0.34414873 0.56400336],2,-1,-1,-1,-1
9253,[0.31572044 0.67849079],1,2,"[0.36772318180773494, 0.7148766969481398]",385,3
9254,[0.28556959 0.69885075],2,-1,-1,-1,-1
9255,[0.34006861 0.85680345],1,-1,-1,-1,-1
9256,[0.30999786 0.68985767],1,2,"[0.36772318180773494, 0.7148766969481398]",385,3
9257,[0.58558766 0.71256099],2,-1,-1,-1,0
9258,[0.3513013  0.60300168],1,-1,-1,391,2
9259,[0.36085145 0.53181662],3,-1,-1,-1,-1
9260,[0.25606085 0.49050088],2,-1,-1,109,-1
9261,[0.23326493 0.57114909],2,0,"[0.27872464766475324, 0.6037969263876968]",-1,-1
9262,[0.19090294 0.49923922],2,-1,-1,-1,-1
9263,[0.3041213  0.54127825],2,0,"[0.27872464766475324, 0.6037969263876968]",336,-1
9264,[0.37958798 0.42932353],3,1,"[0.39058119958388665, 0.45374655865984675]",286,1
9265,[0.36624416 0.68648069],1,2,"[0.36772318180773494, 0.7148766969481398]",-1,-1
9266,[0.48870339 0.48781132],2,-1,-1,205,-1
9267,[0.68519904 0.66886732],0,-1,-1,97,0
9268,[0.42538388 0.8536092 ],1,-1,-1,-1,-1
9269,[0.39780321 0.36697998],3,-1,-1,209,-1
9270,[0.64094918 0.61882046],0,-1,-1,-1,0
9271,[0.20728134 0.57083021],2,-1,-1,-1,-1
9272,[0.67228427 0.59055135],0,3,"[0.7033493551787963, 0.5720264221842615]",156,0
9273,[0.45161952 0.40765502],3,-1,-1,265,-1
9274,[0.24800847 0.57836699],2,0,"[0.27872464766475324, 0.6037969263876968]",318,-1
9275,[0.47481856 0.36935513],3,-1,-1,228,-1
9276,[0.36371097 0.3059809 ],3,-1,-1,-1,-1
9277,[0.47252493 0.61989321],2,-1,-1,-1,-1
9278,[0.5787648  0.41897632],3,-1,-1,-1,-1
9279,[0.3975087  0.43987254],3,1,"[0.39058119958388665, 0.45374655865984675]",-1,1
9280,[0.38926377 0.59812   ],2,-1,-1,-1,-1
9281,[0.41614118 0.40835616],3,1,"[0.39058119958388665, 0.45374655865984675]",287,1
9282,[0.83767122 0.54642129],0,-1,-1,-1,0
9283,[0.65558676 0.61260854],0,3,"[0.7033493551787963, 0.5720264221842615]",-1,0
9284,[0.26318832 0.47215991],2,-1,-1,-1,-1
9285,[0.33735561 0.80463007],1,-1,-1,-1,-1
9286,[0.31703372 0.65421041],2,0,"[0.27872464766475324, 0.6037969263876968]",369,-1
9287,[0.33643233 0.39493901],3,-1,-1,-1,-1
9288,[0.2556076  0.65506371],2,0,"[0.27872464766475324, 0.6037969263876968]",328,-1
9289,[0.5242621 0.4913827],3,-1,-1,96,-1
9290,[0.44322442 0.37201364],3,-1,-1,279,1
9291,[0.29229517 0.46343013],2,-1,-1,-1,-1
9292,[0.71650707 0.44240945],0,-1,-1,-1,0
9293,[0.22497789 0.68372501],1,-1,-1,212,-1
9294,[0.27110276 0.45453351],3,-1,-1,-1,-1
9295,[0.45362764 0.51106186],3,-1,-1,220,-1
9296,[0.63027871 0.50811092],0,-1,-1,-1,0
9297,[0.56940685 0.63262126],0,-1,-1,35,0
9298,[0.32114443 0.69635951],1,2,"[0.36772318180773494, 0.7148766969481398]",385,3
9299,[0.3170269  0.59372212],2,0,"[0.27872464766475324, 0.6037969263876968]",-1,-1
9300,[0.60438086 0.62221834],0,-1,-1,-1,0
9301,[0.31174014 0.79316438],1,-1,-1,203,-1
9302,[0.2627771  0.82539007],1,-1,-1,74,-1
9303,[0.7729091  0.50941238],0,-1,-1,-1,0
9304,[0.38792546 0.48103594],3,1,"[0.39058119958388665, 0.45374655865984675]",-1,1
9305,[0.30924813 0.52448559],2,-1,-1,299,-1
9306,[0.20883342 0.53659456],2,-1,-1,59,-1
9307,[0.4622359  0.60260311],2,-1,-1,-1,-1
9308,[0.3407751  0.55176607],2,-1,-1,-1,-1
9309,[0.27627874 0.56849619],2,0,"[0.27872464766475324, 0.6037969263876968]",-1,-1
9310,[0.36482255 0.58224964],2,-1,-1,-1,-1
9311,[0.36944893 0.59459714],2,-1,-1,357,2
9312,[0.38070147 0.67009121],1,2,"[0.36772318180773494, 0.7148766969481398]",-1,-1
9313,[0.27075675 0.72648312],1,-1,-1,193,-1
9314,[0.70736898 0.63683625],0,3,"[0.7033493551787963, 0.5720264221842615]",-1,0
9315,[0.33227392 0.50033834],2,-1,-1,-1,-1
9316,[0.24716749 0.40388594],2,-1,-1,-1,-1
9317,[0.31109162 0.64059889],2,0,"[0.27872464766475324, 0.6037969263876968]",364,-1
9318,[0.45628308 0.48436919],2,-1,-1,-1,-1
9319,[0.30465665 0.35605019],3,-1,-1,-1,-1
9320,[0.2934155  0.54310062],2,0,"[0.27872464766475324, 0.6037969263876968]",-1,-1
9321,[0.4564432  0.44386404],3,1,"[0.39058119958388665, 0.45374655865984675]",245,-1
9322,[0.61499565 0.6539699 ],0,-1,-1,-1,0
9323,[0.41320579 0.33353004],3,-1,-1,153,-1
9324,[0.63066296 0.51089172],0,-1,-1,-1,0
9325,[0.4013968  0.39338372],3,1,"[0.39058119958388665, 0.45374655865984675]",289,1
9326,[0.38431079 0.40046753],3,1,"[0.39058119958388665, 0.45374655865984675]",-1,1
9327,[0.64375465 0.44777877],0,-1,-1,-1,0
9328,[0.41240578 0.46411411],3,1,"[0.39058119958388665, 0.45374655865984675]",258,1
9329,[0.4177744  0.41283343],3,1,"[0.39058119958388665, 0.45374655865984675]",-1,1
9330,[0.23703079 0.67070988],2,-1,-1,330,-1
9331,[0.6711985  0.47233056],0,-1,-1,-1,0
9332,[0.35323681 0.53250278],3,-1,-1,312,-1
9333,[0.59961424 0.58235319],0,-1,-1,111,0
9334,[0.25571704 0.58657708],2,0,"[0.27872464766475324, 0.6037969263876968]",318,-1
9335,[0.43237869 0.46680598],3,1,"[0.39058119958388665, 0.45374655865984675]",263,-1
9336,[0.72030685 0.69780359],0,-1,-1,-1,0
9337,[0.47110894 0.48224412],3,-1,-1,-1,-1
9338,[0.32194087 0.68249774],1,2,"[0.36772318180773494, 0.7148766969481398]",385,3
9339,[0.29547756 0.70575438],1,-1,-1,-1,-1
9340,[0.17590021 0.78641589],1,-1,-1,13,-1
9341,[0.57620322 0.4659057 ],0,-1,-1,43,0
9342,[0.5944586  0.69595976],0,-1,-1,34,0
9343,[0.25352859 0.66304325],2,0,"[0.27872464766475324, 0.6037969263876968]",-1,-1
9344,[0.3773412  0.30421711],3,-1,-1,36,-1
9345,[0.27981373 0.57872433],2,0,"[0.27872464766475324, 0.6037969263876968]",337,-1
9346,[0.77458654 0.69120496],0,-1,-1,-1,0
9347,[0.22203059 0.55165624],1,-1,-1,-1,-1
9348,[0.35051535 0.67771125],1,2,"[0.36772318180773494, 0.7148766969481398]",377,-1
9349,[0.29914465 0.37819899],3,-1,-1,-1,-1
9350,[0.78167358 0.70476485],0,-1,-1,-1,0
9351,[0.46489882 0.68302783],1,-1,-1,89,-1
9352,[0.27176436 0.90583894],1,-1,-1,-1,-1
9353,[0.26727668 0.68753699],1,-1,-1,381,-1
9354,[0.30747452 0.47366622],3,-1,-1,-1,-1
9355,[0.28052735 0.24958275],3,-1,-1,-1,-1
9356,[0.32430989 0.72220641],1,2,"[0.36772318180773494, 0.7148766969481398]",332,-1
9357,[0.47196345 0.41390804],3,-1,-1,259,1
9358,[0.21146643 0.68546858],2,-1,-1,212,-1
9359,[0.35534443 0.66275222],1,2,"[0.36772318180773494, 0.7148766969481398]",377,4
9360,[0.31472832 0.80768974],1,-1,-1,203,-1
9361,[0.322346   0.62811888],1,0,"[0.27872464766475324, 0.6037969263876968]",-1,2
9362,[0.36698205 0.66994615],1,2,"[0.36772318180773494, 0.7148766969481398]",-1,-1
9363,[0.70339346 0.49089137],0,-1,-1,148,0
9364,[0.74844236 0.57405453],0,3,"[0.7033493551787963, 0.5720264221842615]",126,0
9365,[0.41171175 0.72162649],2,2,"[0.36772318180773494, 0.7148766969481398]",261,-1
9366,[0.32046811 0.76021207],1,2,"[0.36772318180773494, 0.7148766969481398]",-1,-1
9367,[0.38632992 0.44611969],3,1,"[0.39058119958388665, 0.45374655865984675]",248,1
9368,[0.21491297 0.76447465],1,-1,-1,-1,-1
9369,[0.83111431 0.55751164],0,-1,-1,-1,0
9370,[0.73572075 0.65107054],0,-1,-1,-1,0
9371,[0.67740332 0.63906764],0,-1,-1,-1,0
9372,[0.25971968 0.81898105],1,-1,-1,-1,-1
9373,[0.55092624 0.62351465],0,-1,-1,-1,0
9374,[0.32895967 0.29730037],3,-1,-1,5,-1
9375,[0.34487649 0.75527708],1,2,"[0.36772318180773494, 0.7148766969481398]",325,-1
9376,[0.38355271 0.53749737],2,-1,-1,308,-1
9377,[0.47269245 0.35678348],3,-1,-1,-1,-1
9378,[0.44194054 0.79723139],1,-1,-1,85,-1
9379,[0.2363777  0.55585361],2,0,"[0.27872464766475324, 0.6037969263876968]",181,-1
9380,[0.2002576  0.48407489],2,-1,-1,-1,-1
9381,[0.2982671  0.69486228],1,-1,-1,-1,-1
9382,[0.14767323 0.57946966],2,-1,-1,20,-1
9383,[0.39560172 0.4185065 ],3,1,"[0.39058119958388665, 0.45374655865984675]",-1,1
9384,[0.68440089 0.60002136],0,3,"[0.7033493551787963, 0.5720264221842615]",174,0
9385,[0.26563971 0.66481076],1,0,"[0.27872464766475324, 0.6037969263876968]",381,-1
9386,[0.73598607 0.51093665],0,3,"[0.7033493551787963, 0.5720264221842615]",100,0
9387,[0.30299905 0.32643256],3,-1,-1,15,-1
9388,[0.22683085 0.92322081],1,-1,-1,-1,-1
9389,[0.51496798 0.41166011],3,-1,-1,-1,-1
9390,[0.39589431 0.31927724],3,-1,-1,-1,-1
9391,[0.73770217 0.40405129],0,-1,-1,18,0
9392,[0.40471254 0.69104914],1,2,"[0.36772318180773494, 0.7148766969481398]",-1,-1
9393,[0.39901099 0.55414179],3,-1,-1,-1,-1
9394,[0.26770659 0.74932947],1,-1,-1,-1,-1
9395,[0.32718314 0.55503131],2,0,"[0.27872464766475324, 0.6037969263876968]",-1,2
9396,[0.16997934 0.49895725],2,-1,-1,-1,-1
9397,[0.6889229  0.50861064],0,3,"[0.7033493551787963, 0.5720264221842615]",150,0
9398,[0.25058411 0.58487013],2,0,"[0.27872464766475324, 0.6037969263876968]",-1,-1
9399,[0.47839827 0.78077798],1,-1,-1,-1,-1
9400,[0.54855797 0.46892375],3,-1,-1,-1,0
9401,[0.30175227 0.53960051],2,0,"[0.27872464766475324, 0.6037969263876968]",336,-1
9402,[0.42610454 0.6553921 ],2,-1,-1,-1,-1
9403,[0.28910932 0.47028266],2,-1,-1,-1,-1
9404,[0.19088279 0.54506469],2,-1,-1,72,-1
9405,[0.38267794 0.58071422],1,-1,-1,351,2
9406,[0.31870763 0.80847757],1,-1,-1,-1,-1
9407,[0.48095114 0.48074937],3,-1,-1,205,-1
9408,[0.36380956 0.57687785],2,-1,-1,-1,-1
9409,[0.64291709 0.61438888],0,-1,-1,169,0
9410,[0.51162157 0.38080454],3,-1,-1,-1,-1
9411,[0.41830339 0.39590247],3,1,"[0.39058119958388665, 0.45374655865984675]",-1,1
9412,[0.54163965 0.73874189],1,-1,-1,-1,-1
9413,[0.25666222 0.54481597],2,0,"[0.27872464766475324, 0.6037969263876968]",238,-1
9414,[0.56113394 0.40263736],3,-1,-1,-1,-1
9415,[0.76299509 0.51476164],0,-1,-1,-1,0
9416,[0.42304466 0.90188016],1,-1,-1,-1,-1
9417,[0.6356736  0.58699003],0,3,"[0.7033493551787963, 0.5720264221842615]",-1,0
9418,[0.67839528 0.66473463],0,-1,-1,91,0
9419,[0.48144979 0.63177075],2,-1,-1,-1,-1
9420,[0.48785726 0.52335946],2,-1,-1,-1,-1
9421,[0.40140915 0.49406172],3,1,"[0.39058119958388665, 0.45374655865984675]",274,1
9422,[0.62358824 0.43785656],3,-1,-1,23,0
9423,[0.56382199 0.56997241],0,-1,-1,61,0
9424,[0.37152227 0.61406782],2,-1,-1,370,-1
9425,[0.40568183 0.60635815],1,-1,-1,218,-1
9426,[0.63726185 0.58402374],0,3,"[0.7033493551787963, 0.5720264221842615]",-1,0
9427,[0.26576845 0.42747689],2,-1,-1,-1,-1
9428,[0.27202467 0.54050275],1,0,"[0.27872464766475324, 0.6037969263876968]",239,-1
9429,[0.49520242 0.42092718],3,-1,-1,252,-1
9430,[0.28281549 0.4810907 ],2,-1,-1,-1,-1
9431,[0.27678346 0.58417705],2,0,"[0.27872464766475324, 0.6037969263876968]",337,-1
9432,[0.62637914 0.55528819],0,-1,-1,140,0
9433,[0.32796072 0.80974162],1,-1,-1,-1,-1
9434,[0.42247583 0.68258629],1,2,"[0.36772318180773494, 0.7148766969481398]",-1,-1
9435,[0.42399553 0.68842018],2,2,"[0.36772318180773494, 0.7148766969481398]",-1,-1
9436,[0.27493903 0.41874695],2,-1,-1,67,-1
9437,[0.75270403 0.46603583],0,-1,-1,-1,0
9438,[0.38769893 0.40035871],3,1,"[0.39058119958388665, 0.45374655865984675]",-1,1
9439,[0.48465717 0.36013412],3,-1,-1,179,-1
9440,[0.24441888 0.66650913],1,-1,-1,-1,-1
9441,[0.44746297 0.47216318],3,1,"[0.39058119958388665, 0.45374655865984675]",221,-1
9442,[0.38171391 0.44787841],3,1,"[0.39058119958388665, 0.45374655865984675]",248,1
9443,[0.26701612 0.5579122 ],2,0,"[0.27872464766475324, 0.6037969263876968]",240,-1
9444,[0.32517057 0.40145315],3,-1,-1,214,-1
9445,[0.34645802 0.71228647],1,2,"[0.36772318180773494, 0.7148766969481398]",326,-1
9446,[0.67196409 0.57876731],0,3,"[0.7033493551787963, 0.5720264221842615]",157,0
9447,[0.34286705 0.74267216],1,2,"[0.36772318180773494, 0.7148766969481398]",326,-1
9448,[0.37042894 0.46702784],3,1,"[0.39058119958388665, 0.45374655865984675]",257,1
9449,[0.71080227 0.42507122],0,-1,-1,-1,0
9450,[0.22015022 0.82597992],1,-1,-1,19,-1
9451,[0.47138072 0.7156499 ],1,-1,-1,30,-1
9452,[0.84243379 0.5966741 ],0,-1,-1,-1,0
9453,[0.28432029 0.58985984],2,0,"[0.27872464766475324, 0.6037969263876968]",-1,-1
9454,[0.33888722 0.7632733 ],1,2,"[0.36772318180773494, 0.7148766969481398]",-1,-1
9455,[0.37354342 0.38847604],3,1,"[0.39058119958388665, 0.45374655865984675]",282,1
9456,[0.47003084 0.31404043],3,-1,-1,53,-1
9457,[0.52420182 0.45599091],3,-1,-1,113,-1
9458,[0.1599764 0.5478185],2,-1,-1,42,-1
9459,[0.35011541 0.7415396 ],1,2,"[0.36772318180773494, 0.7148766969481398]",325,-1
9460,[0.66014835 0.50818698],0,-1,-1,-1,0
9461,[0.37227001 0.41141944],3,1,"[0.39058119958388665, 0.45374655865984675]",237,-1
9462,[0.28114511 0.42672568],2,-1,-1,-1,-1
9463,[0.44643858 0.87715758],1,-1,-1,2,-1
9464,[0.44455661 0.44087926],3,1,"[0.39058119958388665, 0.45374655865984675]",-1,-1
9465,[0.46717192 0.60485464],2,-1,-1,-1,-1
9466,[0.2361277  0.71884028],2,-1,-1,225,-1
9467,[0.76726097 0.54062025],0,-1,-1,92,0
9468,[0.29072727 0.70606843],1,-1,-1,389,-1
9469,[0.58586608 0.6308245 ],0,-1,-1,-1,0
9470,[0.37100223 0.85626888],1,-1,-1,-1,-1
9471,[0.63486312 0.53056241],0,-1,-1,-1,0
9472,[0.60623111 0.46519145],0,-1,-1,-1,0
9473,[0.30866702 0.54625728],2,0,"[0.27872464766475324, 0.6037969263876968]",-1,-1
9474,[0.72148917 0.6446352 ],0,-1,-1,98,0
9475,[0.48437514 0.70252852],2,-1,-1,30,-1
9476,[0.37002804 0.8198801 ],1,-1,-1,-1,-1
9477,[0.35748528 0.45656738],2,1,"[0.39058119958388665, 0.45374655865984675]",300,-1
9478,[0.71498049 0.45014788],0,-1,-1,-1,0
9479,[0.78270351 0.67161553],0,-1,-1,-1,0
9480,[0.28965584 0.43335876],2,-1,-1,-1,-1
9481,[0.75576563 0.56505823],0,3,"[0.7033493551787963, 0.5720264221842615]",-1,0
9482,[0.20413994 0.63664227],1,-1,-1,-1,-1
9483,[0.55283161 0.53084392],0,-1,-1,71,0
9484,[0.43038392 0.55641629],1,-1,-1,186,-1
9485,[0.24599264 0.64844566],2,0,"[0.27872464766475324, 0.6037969263876968]",-1,-1
9486,[0.6416671  0.39097262],3,-1,-1,4,0
9487,[0.79445624 0.57856965],0,-1,-1,70,0
9488,[0.39447266 0.44416936],3,1,"[0.39058119958388665, 0.45374655865984675]",-1,1
9489,[0.34557325 0.49362942],3,1,"[0.39058119958388665, 0.45374655865984675]",301,-1
9490,[0.3776636  0.38777455],3,1,"[0.39058119958388665, 0.45374655865984675]",282,1
9491,[0.61438217 0.43861508],0,-1,-1,23,0
9492,[0.24324223 0.49180815],2,-1,-1,109,-1
9493,[0.36827618 0.79795255],1,-1,-1,178,-1
9494,[0.39252066 0.43149747],2,1,"[0.39058119958388665, 0.45374655865984675]",286,1
9495,[0.35387825 0.66785907],2,2,"[0.36772318180773494, 0.7148766969481398]",377,4
9496,[0.22243638 0.7677284 ],1,-1,-1,-1,-1
9497,[0.34442773 0.6883306 ],1,2,"[0.36772318180773494, 0.7148766969481398]",385,-1
9498,[0.33002295 0.50670418],2,-1,-1,-1,-1
9499,[0.46108604 0.45551424],3,-1,-1,243,-1
9500,[0.35526475 0.55871314],2,-1,-1,342,-1
9501,[0.34611475 0.51874237],2,-1,-1,-1,-1
9502,[0.68992868 0.57843207],0,3,"[0.7033493551787963, 0.5720264221842615]",154,0
9503,[0.65435476 0.50151582],0,-1,-1,-1,0
9504,[0.39994629 0.64747819],1,-1,-1,352,-1
9505,[0.32483523 0.6418486 ],2,0,"[0.27872464766475324, 0.6037969263876968]",367,-1
9506,[0.73913872 0.48038565],0,-1,-1,-1,0
9507,[0.39525103 0.76538585],1,2,"[0.36772318180773494, 0.7148766969481398]",-1,-1
9508,[0.27246406 0.7410508 ],1,-1,-1,291,-1
9509,[0.21098894 0.63628994],1,-1,-1,-1,-1
9510,[0.27175813 0.69430898],1,-1,-1,381,-1
9511,[0.24262907 0.71349856],1,-1,-1,225,-1
9512,[0.23907198 0.70785133],1,-1,-1,225,-1
9513,[0.38894378 0.58164201],1,-1,-1,-1,-1
9514,[0.19299776 0.76670615],1,-1,-1,38,-1
9515,[0.78914752 0.64732228],0,-1,-1,28,0
9516,[0.34968095 0.6291973 ],2,-1,-1,-1,-1
9517,[0.33232043 0.70062535],2,2,"[0.36772318180773494, 0.7148766969481398]",385,3
9518,[0.42556956 0.395581  ],3,1,"[0.39058119958388665, 0.45374655865984675]",-1,1
9519,[0.38102261 0.59305351],2,-1,-1,362,2
9520,[0.44125662 0.73893421],1,-1,-1,101,-1
9521,[0.29684023 0.67453091],1,-1,-1,-1,-1
9522,[0.3070384  0.75164302],1,-1,-1,324,-1
9523,[0.46352444 0.84373111],1,-1,-1,7,-1
9524,[0.370707   0.53630622],2,-1,-1,-1,-1
9525,[0.3632884 0.7463531],1,2,"[0.36772318180773494, 0.7148766969481398]",-1,-1
9526,[0.69593515 0.61074851],0,3,"[0.7033493551787963, 0.5720264221842615]",-1,0
9527,[0.56604334 0.38337055],3,-1,-1,-1,-1
9528,[0.32120459 0.54724951],2,-1,-1,348,-1
9529,[0.66028377 0.55883798],0,3,"[0.7033493551787963, 0.5720264221842615]",-1,0
9530,[0.48534157 0.27633922],3,-1,-1,53,-1
9531,[0.7230889  0.64050603],0,-1,-1,98,0
9532,[0.58713262 0.67428722],0,-1,-1,-1,0
9533,[0.20465036 0.80601087],1,-1,-1,-1,-1
9534,[0.35184457 0.45106873],3,1,"[0.39058119958388665, 0.45374655865984675]",-1,-1
9535,[0.80104938 0.45557712],0,-1,-1,-1,0
9536,[0.36059354 0.59690553],2,-1,-1,-1,-1
9537,[0.82311306 0.48587935],0,-1,-1,32,0
9538,[0.75604755 0.65187458],0,-1,-1,95,0
9539,[0.28288833 0.54764191],2,0,"[0.27872464766475324, 0.6037969263876968]",316,-1
9540,[0.38934094 0.57057447],2,-1,-1,351,-1
9541,[0.34745194 0.42326338],3,1,"[0.39058119958388665, 0.45374655865984675]",268,1
9542,[0.39620079 0.70111229],1,2,"[0.36772318180773494, 0.7148766969481398]",314,-1
9543,[0.70320129 0.63353873],0,3,"[0.7033493551787963, 0.5720264221842615]",132,0
9544,[0.21807527 0.76825973],1,-1,-1,-1,-1
9545,[0.58132203 0.71086569],0,-1,-1,-1,0
9546,[0.30376384 0.70317855],2,2,"[0.36772318180773494, 0.7148766969481398]",395,-1
9547,[0.32995563 0.50318191],3,-1,-1,-1,-1
9548,[0.69015066 0.54843531],0,3,"[0.7033493551787963, 0.5720264221842615]",163,0
9549,[0.30460216 0.6747854 ],2,-1,-1,385,3
9550,[0.33911887 0.67497946],1,2,"[0.36772318180773494, 0.7148766969481398]",-1,-1
9551,[0.3531404  0.57542059],2,-1,-1,356,-1
9552,[0.72219266 0.44976524],0,-1,-1,-1,0
9553,[0.18954636 0.61396464],2,-1,-1,-1,-1
9554,[0.35755736 0.61152611],1,-1,-1,-1,-1
9555,[0.62068894 0.62636733],0,-1,-1,123,0
9556,[0.294699   0.80945248],1,-1,-1,-1,-1
9557,[0.31395598 0.64001899],1,0,"[0.27872464766475324, 0.6037969263876968]",364,-1
9558,[0.29329694 0.44752471],2,-1,-1,-1,-1
9559,[0.49844087 0.52404097],3,-1,-1,127,-1
9560,[0.35685709 0.57787637],2,-1,-1,356,-1
9561,[0.40678605 0.34505044],3,-1,-1,-1,-1
9562,[0.3720575  0.57466824],2,-1,-1,350,-1
9563,[0.58364922 0.46987659],0,-1,-1,43,0
9564,[0.72856451 0.58229984],0,3,"[0.7033493551787963, 0.5720264221842615]",126,0
9565,[0.2223742  0.70687593],1,-1,-1,-1,-1
9566,[0.28904461 0.56157977],1,0,"[0.27872464766475324, 0.6037969263876968]",-1,-1
9567,[0.2952356  0.73809808],1,-1,-1,293,-1
9568,[0.50970278 0.35233801],3,-1,-1,179,-1
9569,[0.37199115 0.74228332],1,2,"[0.36772318180773494, 0.7148766969481398]",321,-1
9570,[0.53435467 0.38103857],3,-1,-1,-1,-1
9571,[0.31917717 0.37900529],3,-1,-1,165,-1
9572,[0.34903761 0.85589308],1,-1,-1,-1,-1
9573,[0.43423102 0.36783578],3,-1,-1,279,1
9574,[0.68255977 0.56925823],0,3,"[0.7033493551787963, 0.5720264221842615]",-1,0
9575,[0.33378808 0.51551035],2,-1,-1,294,-1
9576,[0.44976544 0.51679008],3,-1,-1,220,-1
9577,[0.30034746 0.44867599],3,-1,-1,-1,-1
9578,[0.71975743 0.78226842],0,-1,-1,-1,-1
9579,[0.72019148 0.52159671],0,3,"[0.7033493551787963, 0.5720264221842615]",-1,0
9580,[0.63694057 0.46613765],0,-1,-1,-1,0
9581,[0.18525306 0.68062044],2,-1,-1,115,-1
9582,[0.70758795 0.6136089 ],0,3,"[0.7033493551787963, 0.5720264221842615]",166,0
9583,[0.26559024 0.48836297],2,-1,-1,208,-1
9584,[0.27699441 0.69744216],1,-1,-1,-1,-1
9585,[0.34010792 0.42771057],3,1,"[0.39058119958388665, 0.45374655865984675]",216,-1
9586,[0.49524103 0.64330569],2,-1,-1,-1,-1
9587,[0.36859287 0.37904387],3,-1,-1,282,1
9588,[0.39097444 0.72054771],1,2,"[0.36772318180773494, 0.7148766969481398]",-1,-1
9589,[0.29221593 0.64137768],2,0,"[0.27872464766475324, 0.6037969263876968]",-1,-1
9590,[0.75448005 0.69509391],0,-1,-1,25,0
9591,[0.70650899 0.58014007],0,3,"[0.7033493551787963, 0.5720264221842615]",122,0
9592,[0.2548259  0.78887411],1,-1,-1,-1,-1
9593,[0.3094848  0.37949874],3,-1,-1,-1,-1
9594,[0.40448973 0.50031485],3,1,"[0.39058119958388665, 0.45374655865984675]",-1,1
9595,[0.35199437 0.66543672],2,2,"[0.36772318180773494, 0.7148766969481398]",377,4
9596,[0.21128366 0.69836659],2,-1,-1,212,-1
9597,[0.14144727 0.49721453],2,-1,-1,-1,-1
9598,[0.45428537 0.25148593],3,-1,-1,10,-1
9599,[0.4092044  0.71897678],1,2,"[0.36772318180773494, 0.7148766969481398]",261,-1
9600,[0.34371261 0.51069121],2,-1,-1,309,-1
9601,[0.44948325 0.3754803 ],3,-1,-1,279,1
9602,[0.42140769 0.6033388 ],3,-1,-1,217,-1
9603,[0.41885139 0.3889016 ],3,-1,-1,284,1
9604,[0.44430879 0.38535898],3,-1,-1,-1,1
9605,[0.71977771 0.53621425],0,3,"[0.7033493551787963, 0.5720264221842615]",-1,0
9606,[0.49878217 0.34923565],3,-1,-1,179,-1
9607,[0.34721932 0.56659574],2,-1,-1,-1,2
9608,[0.74057076 0.59609867],0,3,"[0.7033493551787963, 0.5720264221842615]",125,0
9609,[0.26498955 0.64452138],2,0,"[0.27872464766475324, 0.6037969263876968]",329,-1
9610,[0.605263   0.56242756],3,-1,-1,-1,0
9611,[0.3517001  0.64767121],1,2,"[0.36772318180773494, 0.7148766969481398]",-1,-1
9612,[0.44235883 0.67114057],2,-1,-1,175,-1
9613,[0.27304019 0.6252232 ],2,0,"[0.27872464766475324, 0.6037969263876968]",320,-1
9614,[0.39374745 0.66243994],1,2,"[0.36772318180773494, 0.7148766969481398]",355,-1
9615,[0.42794361 0.78056087],1,-1,-1,94,-1
9616,[0.13511531 0.64173164],2,-1,-1,3,-1
9617,[0.39664531 0.51275252],2,1,"[0.39058119958388665, 0.45374655865984675]",-1,-1
9618,[0.36412918 0.44210414],2,1,"[0.39058119958388665, 0.45374655865984675]",-1,-1
9619,[0.37762653 0.33915564],3,-1,-1,189,-1
9620,[0.42876431 0.39829422],3,1,"[0.39058119958388665, 0.45374655865984675]",-1,1
9621,[0.6310942  0.59687464],0,-1,-1,158,0
9622,[0.35564359 0.50199477],2,1,"[0.39058119958388665, 0.45374655865984675]",-1,-1
9623,[0.46618485 0.77687124],0,-1,-1,56,-1
9624,[0.49664195 0.71926319],1,-1,-1,-1,-1
9625,[0.4369186  0.57595822],2,-1,-1,185,-1
9626,[0.61804141 0.5117267 ],0,-1,-1,-1,0
9627,[0.68161538 0.56211761],0,3,"[0.7033493551787963, 0.5720264221842615]",164,0
9628,[0.1964004  0.77147885],1,-1,-1,38,-1
9629,[0.78317672 0.453448  ],0,-1,-1,6,0
9630,[0.66318781 0.44943349],0,-1,-1,-1,0
9631,[0.6459671  0.71615346],0,-1,-1,-1,0
9632,[0.31756514 0.50168107],2,-1,-1,305,-1
9633,[0.66500078 0.41508382],0,-1,-1,-1,0
9634,[0.18632509 0.79161929],1,-1,-1,13,-1
9635,[0.4348149  0.47696403],3,1,"[0.39058119958388665, 0.45374655865984675]",-1,-1
9636,[0.63455444 0.5677301 ],0,3,"[0.7033493551787963, 0.5720264221842615]",-1,0
9637,[0.43143257 0.44715398],3,1,"[0.39058119958388665, 0.45374655865984675]",263,1
9638,[0.56016913 0.38919084],3,-1,-1,-1,-1
9639,[0.66755498 0.62460161],0,3,"[0.7033493551787963, 0.5720264221842615]",-1,0
9640,[0.56938208 0.24535097],3,-1,-1,-1,-1
9641,[0.33242457 0.46740384],3,1,"[0.39058119958388665, 0.45374655865984675]",-1,-1
9642,[0.38245479 0.5657597 ],2,-1,-1,-1,-1
9643,[0.51285498 0.54210336],2,-1,-1,-1,0
9644,[0.24808903 0.72838171],1,-1,-1,193,-1
9645,[0.46179069 0.81342788],1,-1,-1,-1,-1
9646,[0.72284044 0.64752035],0,-1,-1,98,0
9647,[0.2662002 0.6890863],2,-1,-1,381,-1
9648,[0.39497342 0.71465927],1,2,"[0.36772318180773494, 0.7148766969481398]",236,-1
9649,[0.30948187 0.82193065],1,-1,-1,-1,-1
9650,[0.39759245 0.64957139],1,-1,-1,355,-1
9651,[0.41501805 0.89676681],1,-1,-1,-1,-1
9652,[0.16010704 0.52822533],2,-1,-1,-1,-1
9653,[0.44339286 0.64301337],1,-1,-1,175,-1
9654,[0.44650598 0.31476703],3,-1,-1,131,-1
9655,[0.43042093 0.61199554],2,-1,-1,-1,-1
9656,[0.40109433 0.76347782],1,2,"[0.36772318180773494, 0.7148766969481398]",-1,-1
9657,[0.29941968 0.56406158],2,0,"[0.27872464766475324, 0.6037969263876968]",340,-1
9658,[0.54246647 0.45321129],3,-1,-1,-1,-1
9659,[0.18771715 0.65121473],1,-1,-1,49,-1
9660,[0.19976376 0.55680543],2,-1,-1,-1,-1
9661,[0.41180503 0.25198051],3,-1,-1,-1,-1
9662,[0.3331453  0.53775548],2,-1,-1,-1,-1
9663,[0.33470334 0.79697835],1,-1,-1,203,-1
9664,[0.71351333 0.48031839],0,-1,-1,105,0
9665,[0.42039065 0.5601096 ],3,-1,-1,186,-1
9666,[0.45929971 0.57846385],2,-1,-1,-1,-1
9667,[0.22182672 0.54032937],2,-1,-1,59,-1
9668,[0.30809129 0.40018179],3,-1,-1,-1,-1
9669,[0.68740854 0.52072112],0,3,"[0.7033493551787963, 0.5720264221842615]",146,0
9670,[0.62473997 0.58557254],0,-1,-1,-1,0
9671,[0.37643518 0.39056672],3,1,"[0.39058119958388665, 0.45374655865984675]",282,1
9672,[0.29583518 0.68170619],2,-1,-1,-1,-1
9673,[0.69464896 0.61998489],0,3,"[0.7033493551787963, 0.5720264221842615]",-1,0
9674,[0.37663753 0.39482527],3,1,"[0.39058119958388665, 0.45374655865984675]",282,1
9675,[0.33694092 0.40446456],3,-1,-1,-1,-1
9676,[0.53293342 0.37700848],3,-1,-1,-1,-1
9677,[0.39322523 0.65189864],2,2,"[0.36772318180773494, 0.7148766969481398]",355,-1
9678,[0.55559657 0.32888566],3,-1,-1,-1,-1
9679,[0.19275019 0.83853782],1,-1,-1,-1,-1
9680,[0.3377393 0.7202266],1,2,"[0.36772318180773494, 0.7148766969481398]",-1,-1
9681,[0.28647844 0.63411587],1,0,"[0.27872464766475324, 0.6037969263876968]",365,-1
9682,[0.55067848 0.53935596],3,-1,-1,-1,0
9683,[0.40324849 0.75750565],1,2,"[0.36772318180773494, 0.7148766969481398]",307,-1
9684,[0.3068093  0.41817133],2,-1,-1,-1,-1
9685,[0.4420993  0.35366421],3,-1,-1,254,-1
9686,[0.42208528 0.38327184],3,-1,-1,284,1
9687,[0.53854538 0.61139277],0,-1,-1,-1,0
9688,[0.19234843 0.79259287],1,-1,-1,13,-1
9689,[0.31317637 0.31549454],3,-1,-1,21,-1
9690,[0.6889477  0.48485168],0,-1,-1,148,0
9691,[0.34767188 0.74134547],2,2,"[0.36772318180773494, 0.7148766969481398]",-1,-1
9692,[0.39282645 0.38014403],3,-1,-1,-1,1
9693,[0.28740633 0.63892615],1,0,"[0.27872464766475324, 0.6037969263876968]",365,-1
9694,[0.27077041 0.50437895],2,-1,-1,-1,-1
9695,[0.59434734 0.62600525],0,-1,-1,-1,0
9696,[0.60514311 0.66469699],0,-1,-1,-1,0
9697,[0.73779225 0.50494672],0,-1,-1,100,0
9698,[0.31211771 0.57102587],3,0,"[0.27872464766475324, 0.6037969263876968]",360,-1
9699,[0.3179228 0.7382841],1,2,"[0.36772318180773494, 0.7148766969481398]",322,-1
9700,[0.75100317 0.5536327 ],0,3,"[0.7033493551787963, 0.5720264221842615]",121,0
9701,[0.23670351 0.72390163],1,-1,-1,-1,-1
9702,[0.36330947 0.76664201],1,2,"[0.36772318180773494, 0.7148766969481398]",192,-1
9703,[0.62616435 0.47777625],0,-1,-1,116,0
9704,[0.67871715 0.62236583],0,3,"[0.7033493551787963, 0.5720264221842615]",-1,0
9705,[0.28584978 0.67946983],1,-1,-1,361,-1
9706,[0.34968999 0.76449913],2,2,"[0.36772318180773494, 0.7148766969481398]",-1,-1
9707,[0.54177796 0.42793573],3,-1,-1,-1,-1
9708,[0.51809825 0.34334762],3,-1,-1,-1,-1
9709,[0.48617264 0.28218595],3,-1,-1,53,-1
9710,[0.62290581 0.64705242],0,-1,-1,102,0
9711,[0.30883831 0.64653154],2,0,"[0.27872464766475324, 0.6037969263876968]",364,-1
9712,[0.35241268 0.56080416],2,-1,-1,342,-1
9713,[0.31049068 0.63035496],1,0,"[0.27872464766475324, 0.6037969263876968]",378,-1
9714,[0.52297209 0.38878897],3,-1,-1,-1,-1
9715,[0.72259209 0.53646023],0,3,"[0.7033493551787963, 0.5720264221842615]",129,0
9716,[0.32915771 0.39707062],3,-1,-1,214,-1
9717,[0.45650434 0.36749224],3,-1,-1,-1,1
9718,[0.7097838 0.4710278],0,-1,-1,-1,0
9719,[0.38247778 0.4893182 ],3,1,"[0.39058119958388665, 0.45374655865984675]",-1,1
9720,[0.41477495 0.51171769],3,1,"[0.39058119958388665, 0.45374655865984675]",-1,-1
9721,[0.27087192 0.64838957],1,0,"[0.27872464766475324, 0.6037969263876968]",-1,-1
9722,[0.33996649 0.55737865],2,-1,-1,347,-1
9723,[0.45491453 0.68562585],1,-1,-1,89,-1
9724,[0.37613513 0.43283872],2,1,"[0.39058119958388665, 0.45374655865984675]",-1,1
9725,[0.40623031 0.65430982],1,-1,-1,-1,-1
9726,[0.3144175 0.6130853],2,0,"[0.27872464766475324, 0.6037969263876968]",382,-1
9727,[0.34502974 0.36976831],3,-1,-1,-1,-1
9728,[0.54122557 0.34713703],3,-1,-1,-1,-1
9729,[0.78433283 0.49093811],0,-1,-1,-1,0
9730,[0.79199476 0.57851988],0,-1,-1,70,0
9731,[0.29768842 0.56635257],2,0,"[0.27872464766475324, 0.6037969263876968]",340,-1
9732,[0.28058269 0.33923659],3,-1,-1,14,-1
9733,[0.37916855 0.6581826 ],1,2,"[0.36772318180773494, 0.7148766969481398]",-1,-1
9734,[0.12824914 0.77455961],1,-1,-1,-1,-1
9735,[0.73939369 0.64294088],0,-1,-1,95,0
9736,[0.32556739 0.88432991],1,-1,-1,-1,-1
9737,[0.67586265 0.56061215],0,3,"[0.7033493551787963, 0.5720264221842615]",164,0
9738,[0.38518503 0.41447074],3,1,"[0.39058119958388665, 0.45374655865984675]",-1,1
9739,[0.43545345 0.37213034],3,-1,-1,279,1
9740,[0.82285614 0.48216891],0,-1,-1,32,0
9741,[0.41048014 0.33271807],3,-1,-1,153,-1
9742,[0.27301394 0.61654641],1,0,"[0.27872464766475324, 0.6037969263876968]",320,-1
9743,[0.46300675 0.83889554],1,-1,-1,-1,-1
9744,[0.24580838 0.4370637 ],2,-1,-1,106,-1
9745,[0.76249388 0.47202737],0,-1,-1,-1,0
9746,[0.57592674 0.62492777],0,-1,-1,-1,0
9747,[0.33852439 0.64421817],1,-1,-1,335,-1
9748,[0.42427194 0.75448499],1,2,"[0.36772318180773494, 0.7148766969481398]",135,-1
9749,[0.69062212 0.51749891],0,3,"[0.7033493551787963, 0.5720264221842615]",146,0
9750,[0.56438443 0.53246113],0,-1,-1,71,0
9751,[0.45271268 0.40944051],3,-1,-1,265,-1
9752,[0.33941881 0.50705657],2,-1,-1,309,-1
9753,[0.19355676 0.72424452],2,-1,-1,-1,-1
9754,[0.67587212 0.55534546],0,3,"[0.7033493551787963, 0.5720264221842615]",164,0
9755,[0.49863448 0.38517608],3,-1,-1,215,-1
9756,[0.40037405 0.61871835],1,-1,-1,218,-1
9757,[0.37585635 0.6691545 ],2,2,"[0.36772318180773494, 0.7148766969481398]",377,-1
9758,[0.31465129 0.47772525],3,-1,-1,303,-1
9759,[0.2620938  0.40608133],3,-1,-1,-1,-1
9760,[0.29373946 0.55132618],3,0,"[0.27872464766475324, 0.6037969263876968]",339,-1
9761,[0.1543896  0.70602616],1,-1,-1,-1,-1
9762,[0.33588676 0.59805096],2,0,"[0.27872464766475324, 0.6037969263876968]",392,2
9763,[0.25896802 0.75132848],1,-1,-1,-1,-1
9764,[0.12116097 0.6109841 ],2,-1,-1,-1,-1
9765,[0.44816647 0.33977942],3,-1,-1,-1,-1
9766,[0.52417679 0.64777396],0,-1,-1,17,0
9767,[0.3830133  0.52928326],3,-1,-1,-1,-1
9768,[0.55608893 0.59574753],0,-1,-1,-1,0
9769,[0.37913928 0.44724811],3,1,"[0.39058119958388665, 0.45374655865984675]",248,-1
9770,[0.49347988 0.48311918],3,-1,-1,-1,-1
9771,[0.36611805 0.60396801],2,-1,-1,363,-1
9772,[0.24361839 0.46264907],3,-1,-1,-1,-1
9773,[0.49606866 0.38214692],3,-1,-1,215,-1
9774,[0.15935325 0.50800788],2,-1,-1,-1,-1
9775,[0.29554951 0.47993479],2,-1,-1,-1,-1
9776,[0.47368143 0.33911379],3,-1,-1,198,-1
9777,[0.36416412 0.50906065],3,1,"[0.39058119958388665, 0.45374655865984675]",244,-1
9778,[0.21949588 0.6411992 ],2,-1,-1,235,-1
9779,[0.28686328 0.55388295],2,0,"[0.27872464766475324, 0.6037969263876968]",339,-1
9780,[0.67614938 0.58402951],0,3,"[0.7033493551787963, 0.5720264221842615]",-1,0
9781,[0.72953149 0.55226105],0,3,"[0.7033493551787963, 0.5720264221842615]",-1,0
9782,[0.3724039  0.41165408],3,1,"[0.39058119958388665, 0.45374655865984675]",237,-1
9783,[0.33486881 0.57220812],2,0,"[0.27872464766475324, 0.6037969263876968]",353,-1
9784,[0.47284782 0.5271872 ],3,-1,-1,-1,-1
9785,[0.30064024 0.37446379],3,-1,-1,-1,-1
9786,[0.20796747 0.84191438],1,-1,-1,-1,-1
9787,[0.74629645 0.70635284],0,-1,-1,-1,0
9788,[0.39063637 0.45291562],3,1,"[0.39058119958388665, 0.45374655865984675]",248,1
9789,[0.37358075 0.71129365],1,2,"[0.36772318180773494, 0.7148766969481398]",-1,-1
9790,[0.78341673 0.6619274 ],0,-1,-1,33,0
9791,[0.35654528 0.42011722],3,1,"[0.39058119958388665, 0.45374655865984675]",-1,1
9792,[0.69163207 0.62323116],0,3,"[0.7033493551787963, 0.5720264221842615]",142,0
9793,[0.70121703 0.44993746],0,-1,-1,66,0
9794,[0.725523   0.65118583],0,-1,-1,98,0
9795,[0.32390018 0.68696371],1,2,"[0.36772318180773494, 0.7148766969481398]",385,3
9796,[0.36533053 0.65908876],1,2,"[0.36772318180773494, 0.7148766969481398]",377,4
9797,[0.37240587 0.42555143],3,1,"[0.39058119958388665, 0.45374655865984675]",271,1
9798,[0.65484951 0.49283452],0,-1,-1,-1,0
9799,[0.7377288  0.50230904],0,-1,-1,-1,0
9800,[0.40518464 0.65960971],1,2,"[0.36772318180773494, 0.7148766969481398]",-1,-1
9801,[0.26321642 0.64578201],2,0,"[0.27872464766475324, 0.6037969263876968]",329,-1
9802,[0.55856643 0.53562841],0,-1,-1,71,0
9803,[0.59232242 0.32650661],3,-1,-1,-1,-1
9804,[0.55090668 0.56365223],0,-1,-1,61,0
9805,[0.28581993 0.49877331],3,-1,-1,-1,-1
9806,[0.80882054 0.48727636],0,-1,-1,32,0
9807,[0.2203165  0.51076532],2,-1,-1,-1,-1
9808,[0.24999292 0.61163228],2,0,"[0.27872464766475324, 0.6037969263876968]",247,-1
9809,[0.48256075 0.49830244],3,-1,-1,-1,-1
9810,[0.39833759 0.43691122],3,1,"[0.39058119958388665, 0.45374655865984675]",-1,1
9811,[0.33890811 0.60132752],1,0,"[0.27872464766475324, 0.6037969263876968]",393,2
9812,[0.6762084  0.61190096],0,3,"[0.7033493551787963, 0.5720264221842615]",173,0
9813,[0.37733219 0.67716294],1,2,"[0.36772318180773494, 0.7148766969481398]",387,-1
9814,[0.4115639  0.35449447],3,-1,-1,-1,-1
9815,[0.42120784 0.63069699],1,-1,-1,197,-1
9816,[0.36728864 0.47020717],3,1,"[0.39058119958388665, 0.45374655865984675]",-1,1
9817,[0.36421699 0.37785347],3,-1,-1,-1,1
9818,[0.41787768 0.46840485],3,1,"[0.39058119958388665, 0.45374655865984675]",-1,1
9819,[0.50025224 0.49802723],3,-1,-1,180,-1
9820,[0.67185976 0.63912816],0,-1,-1,-1,0
9821,[0.28051793 0.70043346],1,-1,-1,-1,-1
9822,[0.55832298 0.47361103],3,-1,-1,69,0
9823,[0.46671138 0.45311126],3,-1,-1,243,-1
9824,[0.59213968 0.58929018],0,-1,-1,-1,0
9825,[0.51326673 0.59518206],0,-1,-1,24,-1
9826,[0.49959451 0.45211044],0,-1,-1,-1,-1
9827,[0.38058817 0.75363663],2,2,"[0.36772318180773494, 0.7148766969481398]",-1,-1
9828,[0.34917428 0.6139721 ],2,-1,-1,-1,-1
9829,[0.35962279 0.65712126],1,2,"[0.36772318180773494, 0.7148766969481398]",377,4
9830,[0.25548772 0.74848316],1,-1,-1,291,-1
9831,[0.33972844 0.83008167],1,-1,-1,-1,-1
9832,[0.60368139 0.5249107 ],0,-1,-1,-1,0
9833,[0.43851439 0.62567666],2,-1,-1,-1,-1
9834,[0.62951358 0.50115722],0,-1,-1,-1,0
9835,[0.64995956 0.49851508],0,-1,-1,-1,0
9836,[0.4491734  0.79399311],1,-1,-1,-1,-1
9837,[0.72857177 0.46833279],0,-1,-1,-1,0
9838,[0.51214993 0.40690623],3,-1,-1,-1,-1
9839,[0.36720691 0.34033248],3,-1,-1,189,-1
9840,[0.21375441 0.58229952],2,0,"[0.27872464766475324, 0.6037969263876968]",211,-1
9841,[0.36866776 0.62187976],2,-1,-1,379,-1
9842,[0.38115511 0.45791829],3,1,"[0.39058119958388665, 0.45374655865984675]",-1,1
9843,[0.25231959 0.69585971],1,-1,-1,-1,-1
9844,[0.64189831 0.7318358 ],0,-1,-1,-1,0
9845,[0.33590198 0.72827093],1,2,"[0.36772318180773494, 0.7148766969481398]",326,-1
9846,[0.33481727 0.75083629],1,2,"[0.36772318180773494, 0.7148766969481398]",-1,-1
9847,[0.62457851 0.74330041],0,-1,-1,-1,0
9848,[0.67466777 0.52967716],0,3,"[0.7033493551787963, 0.5720264221842615]",160,0
9849,[0.50682989 0.65189284],0,-1,-1,17,-1
9850,[0.45879624 0.50214093],3,-1,-1,219,-1
9851,[0.21484289 0.79958374],1,-1,-1,-1,-1
9852,[0.21206055 0.51613478],2,-1,-1,-1,-1
9853,[0.72707097 0.50712403],0,3,"[0.7033493551787963, 0.5720264221842615]",-1,0
9854,[0.24599002 0.5175842 ],3,-1,-1,-1,-1
9855,[0.21195504 0.73234354],1,-1,-1,50,-1
9856,[0.22544182 0.62036489],2,0,"[0.27872464766475324, 0.6037969263876968]",-1,-1
9857,[0.26947104 0.53776683],2,0,"[0.27872464766475324, 0.6037969263876968]",239,-1
9858,[0.33068979 0.68913011],2,2,"[0.36772318180773494, 0.7148766969481398]",385,3
9859,[0.32035709 0.5739045 ],2,0,"[0.27872464766475324, 0.6037969263876968]",360,-1
9860,[0.69616597 0.56827113],0,3,"[0.7033493551787963, 0.5720264221842615]",164,0
9861,[0.36246949 0.45343451],3,1,"[0.39058119958388665, 0.45374655865984675]",-1,-1
9862,[0.31931778 0.60762055],2,0,"[0.27872464766475324, 0.6037969263876968]",-1,2
9863,[0.25108466 0.4106102 ],3,-1,-1,67,-1
9864,[0.36615083 0.45925139],2,1,"[0.39058119958388665, 0.45374655865984675]",-1,-1
9865,[0.35671505 0.57489908],2,-1,-1,356,-1
9866,[0.23394819 0.67393302],2,-1,-1,330,-1
9867,[0.16774479 0.6452238 ],2,-1,-1,-1,-1
9868,[0.36178246 0.69227393],2,2,"[0.36772318180773494, 0.7148766969481398]",-1,-1
9869,[0.31755375 0.62159668],1,0,"[0.27872464766475324, 0.6037969263876968]",382,2
9870,[0.36476044 0.88939613],1,-1,-1,-1,-1
9871,[0.35827717 0.77712062],1,2,"[0.36772318180773494, 0.7148766969481398]",-1,-1
9872,[0.45242733 0.34809143],3,-1,-1,-1,-1
9873,[0.28029712 0.78785166],1,-1,-1,145,-1
9874,[0.4096672  0.44238806],3,1,"[0.39058119958388665, 0.45374655865984675]",258,1
9875,[0.46950553 0.30615881],3,-1,-1,53,-1
9876,[0.41711209 0.3898612 ],3,1,"[0.39058119958388665, 0.45374655865984675]",-1,1
9877,[0.46577125 0.38556335],3,-1,-1,-1,-1
9878,[0.51056489 0.46589574],3,-1,-1,113,-1
9879,[0.41630188 0.66871205],2,2,"[0.36772318180773494, 0.7148766969481398]",-1,-1
9880,[0.36404178 0.58111505],2,-1,-1,356,2
9881,[0.21030994 0.58576886],2,-1,-1,-1,-1
9882,[0.64410452 0.50287651],0,-1,-1,155,0
9883,[0.39527237 0.55507165],1,-1,-1,-1,-1
9884,[0.53680446 0.67756822],0,-1,-1,-1,0
9885,[0.76357085 0.59629731],0,3,"[0.7033493551787963, 0.5720264221842615]",63,0
9886,[0.3927434  0.55013787],2,-1,-1,-1,-1
9887,[0.43674951 0.28187372],3,-1,-1,-1,-1
9888,[0.38986921 0.68440295],1,2,"[0.36772318180773494, 0.7148766969481398]",-1,-1
9889,[0.26540459 0.73872164],1,-1,-1,291,-1
9890,[0.27490037 0.73771731],2,-1,-1,-1,-1
9891,[0.55926593 0.44395117],0,-1,-1,48,-1
9892,[0.28585148 0.64395107],1,0,"[0.27872464766475324, 0.6037969263876968]",365,-1
9893,[0.17877936 0.71594381],1,-1,-1,-1,-1
9894,[0.38930685 0.65218652],1,2,"[0.36772318180773494, 0.7148766969481398]",355,-1
9895,[0.40522207 0.61389057],2,-1,-1,218,-1
9896,[0.38015627 0.49787212],3,1,"[0.39058119958388665, 0.45374655865984675]",274,1
9897,[0.33566157 0.71591805],1,2,"[0.36772318180773494, 0.7148766969481398]",-1,-1
9898,[0.15334402 0.59412225],2,-1,-1,-1,-1
9899,[0.29114972 0.37049998],3,-1,-1,-1,-1
9900,[0.55052622 0.40941746],3,-1,-1,47,-1
9901,[0.56814287 0.5298546 ],0,-1,-1,71,0
9902,[0.38860446 0.47197777],2,1,"[0.39058119958388665, 0.45374655865984675]",-1,1
9903,[0.36674806 0.78555734],1,-1,-1,187,-1
9904,[0.52320275 0.38690766],3,-1,-1,-1,-1
9905,[0.34172626 0.66418072],2,2,"[0.36772318180773494, 0.7148766969481398]",377,4
9906,[0.3217136  0.78794599],1,-1,-1,-1,-1
9907,[0.69105534 0.62567785],0,3,"[0.7033493551787963, 0.5720264221842615]",142,0
9908,[0.74505676 0.55610316],0,3,"[0.7033493551787963, 0.5720264221842615]",-1,0
9909,[0.37898079 0.59091014],2,-1,-1,362,2
9910,[0.6915864  0.62355282],0,3,"[0.7033493551787963, 0.5720264221842615]",142,0
9911,[0.70793132 0.60759015],0,3,"[0.7033493551787963, 0.5720264221842615]",-1,0
9912,[0.55804476 0.46496918],0,-1,-1,-1,0
9913,[0.43000585 0.50911105],3,1,"[0.39058119958388665, 0.45374655865984675]",183,-1
9914,[0.54737405 0.4922515 ],0,-1,-1,-1,-1
9915,[0.56756166 0.38672593],3,-1,-1,-1,-1
9916,[0.50357489 0.61293786],2,-1,-1,-1,-1
9917,[0.39982458 0.59548465],1,-1,-1,-1,-1
9918,[0.47755749 0.390405  ],3,-1,-1,-1,-1
9919,[0.24702384 0.48671595],2,-1,-1,109,-1
9920,[0.29357805 0.65266776],2,0,"[0.27872464766475324, 0.6037969263876968]",-1,-1
9921,[0.57060712 0.61066306],0,-1,-1,-1,0
9922,[0.41357137 0.31218478],3,-1,-1,-1,-1
9923,[0.75241548 0.5385779 ],0,3,"[0.7033493551787963, 0.5720264221842615]",-1,0
9924,[0.40943    0.66712123],2,2,"[0.36772318180773494, 0.7148766969481398]",-1,-1
9925,[0.29899659 0.49613105],2,-1,-1,-1,-1
9926,[0.28270309 0.47328393],2,-1,-1,-1,-1
9927,[0.26244744 0.51119765],2,-1,-1,-1,-1
9928,[0.71484121 0.55868557],0,3,"[0.7033493551787963, 0.5720264221842615]",130,0
9929,[0.62573305 0.49290708],0,-1,-1,-1,0
9930,[0.61065471 0.55937189],0,-1,-1,-1,0
9931,[0.33662229 0.28845219],3,-1,-1,5,-1
9932,[0.43964072 0.37211167],3,-1,-1,279,1
9933,[0.57697532 0.59071956],0,-1,-1,-1,0
9934,[0.49865643 0.50162451],0,-1,-1,180,-1
9935,[0.38728904 0.65196179],1,2,"[0.36772318180773494, 0.7148766969481398]",-1,-1
9936,[0.38513978 0.7336524 ],1,2,"[0.36772318180773494, 0.7148766969481398]",-1,-1
9937,[0.44650836 0.46786686],3,1,"[0.39058119958388665, 0.45374655865984675]",221,-1
9938,[0.47218116 0.72060467],1,-1,-1,30,-1
9939,[0.55625089 0.46754858],3,-1,-1,69,0
9940,[0.43859123 0.51919735],3,-1,-1,-1,-1
9941,[0.57340956 0.65349842],0,-1,-1,35,0
9942,[0.29009715 0.58833406],2,0,"[0.27872464766475324, 0.6037969263876968]",-1,-1
9943,[0.24491987 0.49912692],2,-1,-1,109,-1
9944,[0.60760817 0.40915384],3,-1,-1,12,-1
9945,[0.36090824 0.81767366],1,-1,-1,-1,-1
9946,[0.23590853 0.65949291],2,-1,-1,-1,-1
9947,[0.28304167 0.73567695],1,-1,-1,292,-1
9948,[0.24441716 0.73090711],1,-1,-1,-1,-1
9949,[0.29858212 0.29585531],3,-1,-1,-1,-1
9950,[0.28341956 0.40495799],3,-1,-1,-1,-1
9951,[0.47870439 0.35935184],3,-1,-1,179,-1
9952,[0.71994774 0.51230589],0,3,"[0.7033493551787963, 0.5720264221842615]",148,0
9953,[0.46435299 0.55297023],1,-1,-1,62,-1
9954,[0.24817925 0.59896247],2,0,"[0.27872464766475324, 0.6037969263876968]",247,-1
9955,[0.70990128 0.50677684],0,3,"[0.7033493551787963, 0.5720264221842615]",148,0
9956,[0.6791716  0.50122089],0,-1,-1,149,0
9957,[0.68299022 0.48888255],0,-1,-1,-1,0
9958,[0.29874641 0.766022  ],1,-1,-1,-1,-1
9959,[0.29406449 0.84446596],1,-1,-1,-1,-1
9960,[0.28105529 0.53903862],2,0,"[0.27872464766475324, 0.6037969263876968]",316,-1
9961,[0.79925016 0.64802799],0,-1,-1,-1,0
9962,[0.66735937 0.67513968],0,-1,-1,-1,0
9963,[0.41943585 0.52097999],2,-1,-1,183,-1
9964,[0.30123029 0.87205101],1,-1,-1,-1,-1
9965,[0.348949   0.53971236],2,-1,-1,-1,-1
9966,[0.65405293 0.57682939],0,3,"[0.7033493551787963, 0.5720264221842615]",-1,0
9967,[0.39800234 0.80728084],1,-1,-1,-1,-1
9968,[0.76558675 0.63011771],0,-1,-1,95,0
9969,[0.32090702 0.62802886],2,0,"[0.27872464766475324, 0.6037969263876968]",-1,-1
9970,[0.7330241  0.61519903],0,3,"[0.7033493551787963, 0.5720264221842615]",-1,0
9971,[0.49863827 0.39650535],3,-1,-1,-1,-1
9972,[0.32511721 0.62879522],2,0,"[0.27872464766475324, 0.6037969263876968]",-1,2
9973,[0.34122501 0.5895099 ],1,0,"[0.27872464766475324, 0.6037969263876968]",-1,2
9974,[0.31264818 0.56057735],2,0,"[0.27872464766475324, 0.6037969263876968]",-1,-1
9975,[0.61775645 0.47333733],0,-1,-1,116,0
9976,[0.26542702 0.59661432],2,0,"[0.27872464766475324, 0.6037969263876968]",317,-1
9977,[0.34684155 0.48738705],2,1,"[0.39058119958388665, 0.45374655865984675]",301,-1
9978,[0.22433018 0.74251984],1,-1,-1,-1,-1
9979,[0.68061931 0.65852613],0,-1,-1,-1,0
9980,[0.48145331 0.55810725],2,-1,-1,-1,-1
9981,[0.25062865 0.37049335],2,-1,-1,-1,-1
9982,[0.34410834 0.4549061 ],2,1,"[0.39058119958388665, 0.45374655865984675]",-1,-1
9983,[0.36972778 0.69299363],2,2,"[0.36772318180773494, 0.7148766969481398]",-1,-1
9984,[0.25658478 0.57840411],2,0,"[0.27872464766475324, 0.6037969263876968]",318,-1
9985,[0.4121229 0.4619339],3,1,"[0.39058119958388665, 0.45374655865984675]",258,1
9986,[0.37583615 0.68884091],2,2,"[0.36772318180773494, 0.7148766969481398]",-1,-1
9987,[0.42035592 0.37849688],3,-1,-1,-1,1
9988,[0.35108548 0.74841979],1,2,"[0.36772318180773494, 0.7148766969481398]",325,-1
9989,[0.79643624 0.61555754],0,-1,-1,-1,0
9990,[0.4127403  0.77577812],2,-1,-1,-1,-1
9991,[0.32786862 0.68068247],1,2,"[0.36772318180773494, 0.7148766969481398]",385,3
9992,[0.63101476 0.72243493],0,-1,-1,-1,0
9993,[0.47251528 0.85022696],1,-1,-1,7,-1
9994,[0.26791096 0.5484749 ],2,0,"[0.27872464766475324, 0.6037969263876968]",240,-1
9995,[0.66212739 0.53146197],0,3,"[0.7033493551787963, 0.5720264221842615]",-1,0
9996,[0.34928746 0.6731093 ],1,2,"[0.36772318180773494, 0.7148766969481398]",377,4
9997,[0.25142217 0.65512303],2,0,"[0.27872464766475324, 0.6037969263876968]",328,-1
9998,[0.48487577 0.48734705],2,-1,-1,205,-1
9999,[0.51360255 0.46001789],3,-1,-1,113,-1
