,datum,blob,snowball_label,snowball_center,hdbscan_eom_label,hdbscan_leaf_label
0,[0.73238951 0.62761804],0,4,"[0.7285423500480827, 0.6073851354724864]",3,2
1,[0.84416061 0.41854532],4,2,"[0.8312266673252705, 0.4613441479074099]",4,-1
2,[0.10657117 0.71228727],8,-1,-1,2,-1
3,[0.74802465 0.57653586],0,4,"[0.7285423500480827, 0.6073851354724864]",3,2
4,[0.30959615 0.66525321],1,9,"[0.2630806751638254, 0.7080875454644293]",2,-1
5,[0.35212743 0.82105611],2,1,"[0.3445904742281392, 0.8508004104108614]",2,4
6,[0.8536879  0.38423744],4,6,"[0.7921949837838228, 0.3529120844654886]",4,-1
7,[0.89259425 0.51543676],4,-1,-1,4,-1
8,[0.42173833 0.68796421],6,0,"[0.4297636102329726, 0.6357143141723958]",2,10
9,[0.76010411 0.40419264],7,6,"[0.7921949837838228, 0.3529120844654886]",4,-1
10,[0.4065248  0.65981305],6,0,"[0.4297636102329726, 0.6357143141723958]",2,10
11,[0.79073582 0.38755877],7,6,"[0.7921949837838228, 0.3529120844654886]",4,-1
12,[0.74579433 0.6036868 ],0,4,"[0.7285423500480827, 0.6073851354724864]",3,2
13,[0.21860769 0.75557991],8,7,"[0.17089520780330653, 0.7464713359575794]",2,-1
14,[0.45874832 0.63169422],6,0,"[0.4297636102329726, 0.6357143141723958]",2,-1
15,[0.84033577 0.32649742],7,6,"[0.7921949837838228, 0.3529120844654886]",4,-1
16,[0.45611217 0.13161257],5,3,"[0.5044907196570393, 0.16230287856274858]",0,0
17,[0.74681742 0.3284302 ],7,6,"[0.7921949837838228, 0.3529120844654886]",4,-1
18,[0.7663929 0.4396398],7,2,"[0.8312266673252705, 0.4613441479074099]",4,-1
19,[0.78651443 0.60232078],0,4,"[0.7285423500480827, 0.6073851354724864]",3,2
20,[0.44277506 0.65986511],9,0,"[0.4297636102329726, 0.6357143141723958]",2,10
21,[0.11315742 0.40592683],3,5,"[0.12813625889338118, 0.45239712230086515]",1,1
22,[0.22345754 0.81048802],8,-1,-1,2,-1
23,[0.47223919 0.58864397],9,0,"[0.4297636102329726, 0.6357143141723958]",2,-1
24,[0.11499698 0.49679552],3,5,"[0.12813625889338118, 0.45239712230086515]",1,1
25,[0.74117494 0.45002738],4,-1,-1,4,-1
26,[0.26791945 0.68281258],1,9,"[0.2630806751638254, 0.7080875454644293]",2,-1
27,[0.85976115 0.33777509],7,6,"[0.7921949837838228, 0.3529120844654886]",4,-1
28,[0.16156526 0.39104732],3,5,"[0.12813625889338118, 0.45239712230086515]",1,1
29,[0.44770798 0.57381242],9,0,"[0.4297636102329726, 0.6357143141723958]",2,-1
30,[0.42870028 0.62105353],9,0,"[0.4297636102329726, 0.6357143141723958]",2,13
31,[0.47876824 0.20250566],5,3,"[0.5044907196570393, 0.16230287856274858]",0,0
32,[0.41712343 0.65000099],9,0,"[0.4297636102329726, 0.6357143141723958]",2,-1
33,[0.31481574 0.72137703],1,8,"[0.36289448703783916, 0.7073371999105278]",2,9
34,[0.50427399 0.19394971],5,3,"[0.5044907196570393, 0.16230287856274858]",0,0
35,[0.8505894  0.44501507],7,2,"[0.8312266673252705, 0.4613441479074099]",4,-1
36,[0.88704406 0.43324466],4,2,"[0.8312266673252705, 0.4613441479074099]",4,-1
37,[0.49932365 0.16262011],5,3,"[0.5044907196570393, 0.16230287856274858]",0,0
38,[0.73441347 0.39500376],7,-1,-1,4,-1
39,[0.47556148 0.68987996],6,-1,-1,2,-1
40,[0.48852701 0.2209855 ],5,3,"[0.5044907196570393, 0.16230287856274858]",0,0
41,[0.39408745 0.89222393],2,1,"[0.3445904742281392, 0.8508004104108614]",2,-1
42,[0.80064949 0.29928471],7,6,"[0.7921949837838228, 0.3529120844654886]",4,-1
43,[0.81643953 0.28803179],7,6,"[0.7921949837838228, 0.3529120844654886]",4,-1
44,[0.8201836  0.50422712],4,2,"[0.8312266673252705, 0.4613441479074099]",4,-1
45,[0.86362794 0.52983523],4,-1,-1,4,-1
46,[0.72153596 0.6310151 ],0,4,"[0.7285423500480827, 0.6073851354724864]",3,2
47,[0.74015658 0.34040725],7,6,"[0.7921949837838228, 0.3529120844654886]",4,-1
48,[0.43957455 0.59307272],9,0,"[0.4297636102329726, 0.6357143141723958]",2,11
49,[0.46386667 0.12124309],5,3,"[0.5044907196570393, 0.16230287856274858]",0,0
50,[0.34171899 0.84853111],2,1,"[0.3445904742281392, 0.8508004104108614]",2,-1
51,[0.76062054 0.63274746],0,4,"[0.7285423500480827, 0.6073851354724864]",3,2
52,[0.38587426 0.19664592],5,-1,-1,0,0
53,[0.33995801 0.79225429],2,1,"[0.3445904742281392, 0.8508004104108614]",2,-1
54,[0.5016835  0.17892206],5,3,"[0.5044907196570393, 0.16230287856274858]",0,0
55,[0.33571446 0.68030879],6,8,"[0.36289448703783916, 0.7073371999105278]",2,-1
56,[0.42209283 0.73457994],6,8,"[0.36289448703783916, 0.7073371999105278]",2,-1
57,[0.85561009 0.46935616],4,2,"[0.8312266673252705, 0.4613441479074099]",4,-1
58,[0.37732319 0.66151642],6,8,"[0.36289448703783916, 0.7073371999105278]",2,-1
59,[0.84455678 0.37814079],4,6,"[0.7921949837838228, 0.3529120844654886]",4,-1
60,[0.48261766 0.11030478],5,3,"[0.5044907196570393, 0.16230287856274858]",0,0
61,[0.08964832 0.46783532],3,5,"[0.12813625889338118, 0.45239712230086515]",1,1
62,[0.248824   0.67940059],1,9,"[0.2630806751638254, 0.7080875454644293]",2,-1
63,[0.78516029 0.36608733],7,6,"[0.7921949837838228, 0.3529120844654886]",4,6
64,[0.4554093  0.68708466],6,0,"[0.4297636102329726, 0.6357143141723958]",2,-1
65,[0.72540444 0.57377641],0,4,"[0.7285423500480827, 0.6073851354724864]",3,2
66,[0.37107237 0.64618237],6,0,"[0.4297636102329726, 0.6357143141723958]",2,-1
67,[0.87742155 0.461654  ],4,2,"[0.8312266673252705, 0.4613441479074099]",4,-1
68,[0.35905359 0.69395286],9,8,"[0.36289448703783916, 0.7073371999105278]",2,-1
69,[0.5426908  0.14205883],5,3,"[0.5044907196570393, 0.16230287856274858]",0,0
70,[0.20600719 0.67779182],8,9,"[0.2630806751638254, 0.7080875454644293]",2,-1
71,[0.44724889 0.54902122],9,-1,-1,2,-1
72,[0.42263281 0.5928805 ],9,0,"[0.4297636102329726, 0.6357143141723958]",2,-1
73,[0.39150837 0.62035122],9,0,"[0.4297636102329726, 0.6357143141723958]",2,12
74,[0.16500077 0.68836591],8,7,"[0.17089520780330653, 0.7464713359575794]",2,-1
75,[0.78774686 0.57493876],0,4,"[0.7285423500480827, 0.6073851354724864]",3,2
76,[0.8100694  0.30978027],7,6,"[0.7921949837838228, 0.3529120844654886]",4,-1
77,[0.68035795 0.67048603],0,-1,-1,3,2
78,[0.50763447 0.17857675],5,3,"[0.5044907196570393, 0.16230287856274858]",0,0
79,[0.80869499 0.40603387],7,6,"[0.7921949837838228, 0.3529120844654886]",4,6
80,[0.49059116 0.55142918],9,-1,-1,2,-1
81,[0.34207537 0.75537997],1,8,"[0.36289448703783916, 0.7073371999105278]",2,-1
82,[0.40176101 0.67819656],6,8,"[0.36289448703783916, 0.7073371999105278]",2,-1
83,[0.44300971 0.67754967],6,0,"[0.4297636102329726, 0.6357143141723958]",2,10
84,[0.78423998 0.5788844 ],0,4,"[0.7285423500480827, 0.6073851354724864]",3,2
85,[0.49275195 0.68747078],6,-1,-1,2,-1
86,[0.76970708 0.36024716],7,6,"[0.7921949837838228, 0.3529120844654886]",4,-1
87,[0.80562637 0.38116912],7,6,"[0.7921949837838228, 0.3529120844654886]",4,6
88,[0.76551493 0.61887471],0,4,"[0.7285423500480827, 0.6073851354724864]",3,2
89,[0.50178743 0.11777354],5,3,"[0.5044907196570393, 0.16230287856274858]",0,0
90,[0.50266642 0.6858586 ],6,-1,-1,2,-1
91,[0.18794742 0.75076774],8,7,"[0.17089520780330653, 0.7464713359575794]",2,8
92,[0.40294167 0.97585257],2,-1,-1,2,-1
93,[0.1946222  0.43442286],3,5,"[0.12813625889338118, 0.45239712230086515]",1,1
94,[0.49252561 0.15658358],5,3,"[0.5044907196570393, 0.16230287856274858]",0,0
95,[0.3413611  0.91028855],2,1,"[0.3445904742281392, 0.8508004104108614]",2,-1
96,[0.78776124 0.34536508],7,6,"[0.7921949837838228, 0.3529120844654886]",4,-1
97,[0.76669539 0.60864749],0,4,"[0.7285423500480827, 0.6073851354724864]",3,2
98,[0.77864065 0.36014656],7,6,"[0.7921949837838228, 0.3529120844654886]",4,-1
99,[0.76768127 0.62784684],0,4,"[0.7285423500480827, 0.6073851354724864]",3,2
100,[0.79015488 0.29214424],7,6,"[0.7921949837838228, 0.3529120844654886]",4,-1
101,[0.80359289 0.3671732 ],7,6,"[0.7921949837838228, 0.3529120844654886]",4,6
102,[0.58226649 0.11658598],5,-1,-1,0,0
103,[0.8417233  0.34359207],7,6,"[0.7921949837838228, 0.3529120844654886]",4,-1
104,[0.18318303 0.47365713],3,5,"[0.12813625889338118, 0.45239712230086515]",1,1
105,[0.14290563 0.46969066],3,5,"[0.12813625889338118, 0.45239712230086515]",1,1
106,[0.31290751 0.88965002],2,1,"[0.3445904742281392, 0.8508004104108614]",2,-1
107,[0.16482866 0.70043899],8,7,"[0.17089520780330653, 0.7464713359575794]",2,8
108,[0.26932994 0.68407978],1,9,"[0.2630806751638254, 0.7080875454644293]",2,-1
109,[0.22587391 0.71595706],8,9,"[0.2630806751638254, 0.7080875454644293]",2,-1
110,[0.32967481 0.64910991],1,8,"[0.36289448703783916, 0.7073371999105278]",2,-1
111,[0.41490125 0.67244881],9,0,"[0.4297636102329726, 0.6357143141723958]",2,10
112,[0.76645216 0.61966529],0,4,"[0.7285423500480827, 0.6073851354724864]",3,2
113,[0.31466437 0.7410961 ],1,8,"[0.36289448703783916, 0.7073371999105278]",2,9
114,[0.40888689 0.57370975],9,0,"[0.4297636102329726, 0.6357143141723958]",2,11
115,[0.75011234 0.44304536],4,-1,-1,4,-1
116,[0.4436301  0.12994019],5,3,"[0.5044907196570393, 0.16230287856274858]",0,0
117,[0.68948805 0.55234673],0,4,"[0.7285423500480827, 0.6073851354724864]",3,2
118,[0.46321358 0.59569513],9,0,"[0.4297636102329726, 0.6357143141723958]",2,-1
119,[0.54052774 0.15704209],5,3,"[0.5044907196570393, 0.16230287856274858]",0,0
120,[0.77505834 0.57918779],0,4,"[0.7285423500480827, 0.6073851354724864]",3,2
121,[0.07579571 0.39983965],3,-1,-1,1,1
122,[0.49901166 0.12751388],5,3,"[0.5044907196570393, 0.16230287856274858]",0,0
123,[0.16534764 0.73164938],8,7,"[0.17089520780330653, 0.7464713359575794]",2,8
124,[0.76487915 0.36030071],7,6,"[0.7921949837838228, 0.3529120844654886]",4,-1
125,[0.34658461 0.72197094],1,8,"[0.36289448703783916, 0.7073371999105278]",2,9
126,[0.8117197  0.47091068],4,2,"[0.8312266673252705, 0.4613441479074099]",4,7
127,[0.47356211 0.76341162],6,-1,-1,2,-1
128,[0.05057758 0.43765722],3,-1,-1,1,1
129,[0.47210608 0.66426045],6,0,"[0.4297636102329726, 0.6357143141723958]",2,-1
130,[0.4843741 0.165112 ],5,3,"[0.5044907196570393, 0.16230287856274858]",0,0
131,[0.1870068  0.77401326],8,7,"[0.17089520780330653, 0.7464713359575794]",2,8
132,[0.16489354 0.75488243],8,7,"[0.17089520780330653, 0.7464713359575794]",2,8
133,[0.35765319 0.61696554],9,-1,-1,2,-1
134,[0.52304628 0.16749775],5,3,"[0.5044907196570393, 0.16230287856274858]",0,0
135,[0.2035336 0.704266 ],8,7,"[0.17089520780330653, 0.7464713359575794]",2,8
136,[0.21407143 0.77033971],8,7,"[0.17089520780330653, 0.7464713359575794]",2,-1
137,[0.5021269  0.72721311],6,-1,-1,2,-1
138,[0.29056689 0.71088372],1,9,"[0.2630806751638254, 0.7080875454644293]",2,9
139,[0.81631987 0.35387941],7,6,"[0.7921949837838228, 0.3529120844654886]",4,-1
140,[0.78377114 0.35535017],7,6,"[0.7921949837838228, 0.3529120844654886]",4,-1
141,[0.51021722 0.1788594 ],5,3,"[0.5044907196570393, 0.16230287856274858]",0,0
142,[0.1805129  0.78555748],8,7,"[0.17089520780330653, 0.7464713359575794]",2,-1
143,[0.10756731 0.38815304],3,5,"[0.12813625889338118, 0.45239712230086515]",1,1
144,[0.78597598 0.60657374],0,4,"[0.7285423500480827, 0.6073851354724864]",3,2
145,[0.37016109 0.71776339],1,8,"[0.36289448703783916, 0.7073371999105278]",2,-1
146,[0.17036652 0.73015067],8,7,"[0.17089520780330653, 0.7464713359575794]",2,8
147,[0.29288714 0.86000969],2,1,"[0.3445904742281392, 0.8508004104108614]",2,-1
148,[0.43649151 0.56283052],9,-1,-1,2,-1
149,[0.39218973 0.53816901],9,-1,-1,2,-1
150,[0.24738012 0.74415499],1,9,"[0.2630806751638254, 0.7080875454644293]",2,-1
151,[0.27127929 0.83826632],1,-1,-1,2,-1
152,[0.77675677 0.32259795],7,6,"[0.7921949837838228, 0.3529120844654886]",4,-1
153,[0.80974638 0.38462326],4,6,"[0.7921949837838228, 0.3529120844654886]",4,6
154,[0.20183036 0.79497433],8,7,"[0.17089520780330653, 0.7464713359575794]",2,-1
155,[0.80417477 0.48634147],4,2,"[0.8312266673252705, 0.4613441479074099]",4,-1
156,[0.48743676 0.21647367],5,3,"[0.5044907196570393, 0.16230287856274858]",0,0
157,[0.80626003 0.66297761],0,-1,-1,3,2
158,[0.84446116 0.47053149],4,2,"[0.8312266673252705, 0.4613441479074099]",4,-1
159,[0.42596665 0.56134496],9,-1,-1,2,-1
160,[0.798967   0.49158692],4,2,"[0.8312266673252705, 0.4613441479074099]",4,-1
161,[0.78292217 0.32728255],7,6,"[0.7921949837838228, 0.3529120844654886]",4,-1
162,[0.12261041 0.41002062],3,5,"[0.12813625889338118, 0.45239712230086515]",1,1
163,[0.40075479 0.67261884],1,0,"[0.4297636102329726, 0.6357143141723958]",2,-1
164,[0.42292748 0.52141813],9,-1,-1,2,-1
165,[0.79501857 0.36556171],7,6,"[0.7921949837838228, 0.3529120844654886]",4,6
166,[0.27273489 0.75226779],1,9,"[0.2630806751638254, 0.7080875454644293]",2,-1
167,[0.11224586 0.47972272],3,5,"[0.12813625889338118, 0.45239712230086515]",1,1
168,[0.77287923 0.36652584],7,6,"[0.7921949837838228, 0.3529120844654886]",4,-1
169,[0.40808852 0.74415191],6,8,"[0.36289448703783916, 0.7073371999105278]",2,-1
170,[0.16384301 0.75187067],8,7,"[0.17089520780330653, 0.7464713359575794]",2,8
171,[0.37702134 0.67985662],1,8,"[0.36289448703783916, 0.7073371999105278]",2,-1
172,[0.41991369 0.07842752],5,-1,-1,0,0
173,[0.09850398 0.34895932],3,-1,-1,1,1
174,[0.75900953 0.44188233],7,-1,-1,4,-1
175,[0.33898339 0.76148121],2,8,"[0.36289448703783916, 0.7073371999105278]",2,-1
176,[0.35947536 0.68545359],1,8,"[0.36289448703783916, 0.7073371999105278]",2,-1
177,[0.49989874 0.1349805 ],5,3,"[0.5044907196570393, 0.16230287856274858]",0,0
178,[0.78617775 0.59169324],0,4,"[0.7285423500480827, 0.6073851354724864]",3,2
179,[0.18069475 0.73996962],8,7,"[0.17089520780330653, 0.7464713359575794]",2,8
180,[0.19324489 0.65653851],8,-1,-1,2,-1
181,[0.26312107 0.72363037],8,9,"[0.2630806751638254, 0.7080875454644293]",2,9
182,[0.45316425 0.62478362],9,0,"[0.4297636102329726, 0.6357143141723958]",2,-1
183,[0.15643424 0.71437577],8,7,"[0.17089520780330653, 0.7464713359575794]",2,-1
184,[0.53335871 0.22488653],5,3,"[0.5044907196570393, 0.16230287856274858]",0,0
185,[0.82888713 0.43480901],4,2,"[0.8312266673252705, 0.4613441479074099]",4,-1
186,[0.13514111 0.46912841],3,5,"[0.12813625889338118, 0.45239712230086515]",1,1
187,[0.17600431 0.7302871 ],8,7,"[0.17089520780330653, 0.7464713359575794]",2,8
188,[0.47484676 0.1544779 ],5,3,"[0.5044907196570393, 0.16230287856274858]",0,0
189,[0.72622522 0.54272388],0,4,"[0.7285423500480827, 0.6073851354724864]",3,2
190,[0.15698611 0.47368015],3,5,"[0.12813625889338118, 0.45239712230086515]",1,1
191,[0.81006047 0.32755623],7,6,"[0.7921949837838228, 0.3529120844654886]",4,-1
192,[0.1555566  0.48624191],3,5,"[0.12813625889338118, 0.45239712230086515]",1,1
193,[0.2810223  0.80053785],1,-1,-1,2,-1
194,[0.12069615 0.75730153],8,7,"[0.17089520780330653, 0.7464713359575794]",2,-1
195,[0.37026589 0.59169984],9,-1,-1,2,-1
196,[0.73076405 0.63169153],0,4,"[0.7285423500480827, 0.6073851354724864]",3,2
197,[0.47272015 0.71420437],6,-1,-1,2,-1
198,[0.53693339 0.17482888],5,3,"[0.5044907196570393, 0.16230287856274858]",0,0
199,[0.71169911 0.34916594],7,-1,-1,4,-1
200,[0.17535301 0.74080248],8,7,"[0.17089520780330653, 0.7464713359575794]",2,8
201,[0.75700558 0.30014416],7,6,"[0.7921949837838228, 0.3529120844654886]",4,-1
202,[0.83411908 0.4310859 ],4,2,"[0.8312266673252705, 0.4613441479074099]",4,-1
203,[0.53976202 0.70142653],6,-1,-1,2,-1
204,[0.45378641 0.59425198],9,0,"[0.4297636102329726, 0.6357143141723958]",2,-1
205,[0.29327043 0.66170891],1,9,"[0.2630806751638254, 0.7080875454644293]",2,-1
206,[0.48137497 0.10333811],5,3,"[0.5044907196570393, 0.16230287856274858]",0,0
207,[0.37795938 0.63938209],9,0,"[0.4297636102329726, 0.6357143141723958]",2,-1
208,[0.47321579 0.57072559],9,-1,-1,2,-1
209,[0.45214188 0.59962559],9,0,"[0.4297636102329726, 0.6357143141723958]",2,-1
210,[0.41494351 0.70266197],6,8,"[0.36289448703783916, 0.7073371999105278]",2,10
211,[0.34172303 0.65238895],1,8,"[0.36289448703783916, 0.7073371999105278]",2,-1
212,[0.3450673  0.89621849],2,1,"[0.3445904742281392, 0.8508004104108614]",2,-1
213,[0.50129142 0.14737095],5,3,"[0.5044907196570393, 0.16230287856274858]",0,0
214,[0.88352205 0.50435202],4,2,"[0.8312266673252705, 0.4613441479074099]",4,-1
215,[0.30857441 0.73298561],1,9,"[0.2630806751638254, 0.7080875454644293]",2,9
216,[0.33553878 0.52436906],9,-1,-1,2,-1
217,[0.12578426 0.75042981],8,7,"[0.17089520780330653, 0.7464713359575794]",2,-1
218,[0.48659586 0.67152315],6,0,"[0.4297636102329726, 0.6357143141723958]",2,-1
219,[0.77625724 0.40191701],7,6,"[0.7921949837838228, 0.3529120844654886]",4,-1
220,[0.74676118 0.62123207],0,4,"[0.7285423500480827, 0.6073851354724864]",3,2
221,[0.34721817 0.90909869],2,1,"[0.3445904742281392, 0.8508004104108614]",2,-1
222,[0.13873029 0.49402735],3,5,"[0.12813625889338118, 0.45239712230086515]",1,1
223,[0.3059334  0.75988296],2,9,"[0.2630806751638254, 0.7080875454644293]",2,-1
224,[0.67812138 0.58514709],0,4,"[0.7285423500480827, 0.6073851354724864]",3,2
225,[0.86292706 0.45487567],4,2,"[0.8312266673252705, 0.4613441479074099]",4,-1
226,[0.41227562 0.73144153],6,8,"[0.36289448703783916, 0.7073371999105278]",2,-1
227,[0.90952135 0.47659223],4,-1,-1,4,-1
228,[0.75961829 0.30010732],7,6,"[0.7921949837838228, 0.3529120844654886]",4,-1
229,[0.48727692 0.26605204],5,-1,-1,0,0
230,[0.07849214 0.37199682],3,-1,-1,1,1
231,[0.43042399 0.11717913],5,-1,-1,0,0
232,[0.77412833 0.40834669],4,6,"[0.7921949837838228, 0.3529120844654886]",4,-1
233,[0.42607395 0.57840098],9,0,"[0.4297636102329726, 0.6357143141723958]",2,-1
234,[0.18538912 0.41383866],3,5,"[0.12813625889338118, 0.45239712230086515]",1,1
235,[0.17889674 0.74296709],8,7,"[0.17089520780330653, 0.7464713359575794]",2,8
236,[0.80388403 0.59861384],0,-1,-1,3,2
237,[0.0727655  0.48845733],3,5,"[0.12813625889338118, 0.45239712230086515]",1,1
238,[0.12810861 0.46038271],3,5,"[0.12813625889338118, 0.45239712230086515]",1,1
239,[0.28288099 0.71813413],1,9,"[0.2630806751638254, 0.7080875454644293]",2,9
240,[0.46650778 0.59645319],9,0,"[0.4297636102329726, 0.6357143141723958]",2,-1
241,[0.78682045 0.59650241],0,4,"[0.7285423500480827, 0.6073851354724864]",3,2
242,[0.43043917 0.71118745],6,8,"[0.36289448703783916, 0.7073371999105278]",2,10
243,[0.31655769 0.6732264 ],1,8,"[0.36289448703783916, 0.7073371999105278]",2,9
244,[0.8698262  0.40737559],4,2,"[0.8312266673252705, 0.4613441479074099]",4,-1
245,[0.40745312 0.63835665],9,0,"[0.4297636102329726, 0.6357143141723958]",2,-1
246,[0.5193143  0.17779876],5,3,"[0.5044907196570393, 0.16230287856274858]",0,0
247,[0.79463765 0.4831209 ],4,2,"[0.8312266673252705, 0.4613441479074099]",4,-1
248,[0.39178369 0.88529614],2,1,"[0.3445904742281392, 0.8508004104108614]",2,-1
249,[0.38783832 0.56720103],9,-1,-1,2,-1
250,[0.51322163 0.65233298],6,-1,-1,2,-1
251,[0.26363632 0.71399744],1,9,"[0.2630806751638254, 0.7080875454644293]",2,9
252,[0.76865911 0.39867277],4,6,"[0.7921949837838228, 0.3529120844654886]",4,-1
253,[0.87064255 0.46541391],4,2,"[0.8312266673252705, 0.4613441479074099]",4,-1
254,[0.33139186 0.6522618 ],1,8,"[0.36289448703783916, 0.7073371999105278]",2,-1
255,[0.78254649 0.49960394],4,2,"[0.8312266673252705, 0.4613441479074099]",4,-1
256,[0.71976456 0.62930595],0,4,"[0.7285423500480827, 0.6073851354724864]",3,2
257,[0.49528455 0.15854412],5,3,"[0.5044907196570393, 0.16230287856274858]",0,0
258,[0.81745049 0.32384735],7,6,"[0.7921949837838228, 0.3529120844654886]",4,-1
259,[0.42249377 0.74694504],6,-1,-1,2,-1
260,[0.78213122 0.43569231],7,2,"[0.8312266673252705, 0.4613441479074099]",4,-1
261,[0.85607691 0.36939726],7,6,"[0.7921949837838228, 0.3529120844654886]",4,-1
262,[0.0552509  0.53423165],3,-1,-1,1,1
263,[0.74899146 0.63786681],0,4,"[0.7285423500480827, 0.6073851354724864]",3,2
264,[0.86590904 0.41255325],4,2,"[0.8312266673252705, 0.4613441479074099]",4,-1
265,[0.14405161 0.47328127],3,5,"[0.12813625889338118, 0.45239712230086515]",1,1
266,[0.38414794 0.82013241],2,1,"[0.3445904742281392, 0.8508004104108614]",2,-1
267,[0.86425283 0.44525695],4,2,"[0.8312266673252705, 0.4613441479074099]",4,-1
268,[0.44231779 0.67633254],6,0,"[0.4297636102329726, 0.6357143141723958]",2,10
269,[0.18137177 0.84504875],8,-1,-1,2,-1
270,[0.39896162 0.7240464 ],6,8,"[0.36289448703783916, 0.7073371999105278]",2,-1
271,[0.43411461 0.6156808 ],9,0,"[0.4297636102329726, 0.6357143141723958]",2,-1
272,[0.36887073 0.61469664],9,0,"[0.4297636102329726, 0.6357143141723958]",2,-1
273,[0.66631477 0.58805122],0,4,"[0.7285423500480827, 0.6073851354724864]",3,2
274,[0.50381624 0.12279765],5,3,"[0.5044907196570393, 0.16230287856274858]",0,0
275,[0.42209435 0.84411232],2,-1,-1,2,-1
276,[0.75666087 0.60686553],0,4,"[0.7285423500480827, 0.6073851354724864]",3,2
277,[0.76916171 0.60962501],0,4,"[0.7285423500480827, 0.6073851354724864]",3,2
278,[0.1605039  0.75046568],8,7,"[0.17089520780330653, 0.7464713359575794]",2,8
279,[0.18979516 0.50633484],3,-1,-1,1,1
280,[0.8043337  0.38157845],7,6,"[0.7921949837838228, 0.3529120844654886]",4,6
281,[0.49605354 0.13966826],5,3,"[0.5044907196570393, 0.16230287856274858]",0,0
282,[0.12892747 0.40906077],3,5,"[0.12813625889338118, 0.45239712230086515]",1,1
283,[0.1344882  0.40216829],3,5,"[0.12813625889338118, 0.45239712230086515]",1,1
284,[0.22611856 0.72606596],1,9,"[0.2630806751638254, 0.7080875454644293]",2,8
285,[0.11884116 0.42696972],3,5,"[0.12813625889338118, 0.45239712230086515]",1,1
286,[0.74196663 0.61433986],0,4,"[0.7285423500480827, 0.6073851354724864]",3,2
287,[0.37904616 0.57195658],9,-1,-1,2,-1
288,[0.33691185 0.64714826],1,8,"[0.36289448703783916, 0.7073371999105278]",2,-1
289,[0.77646191 0.5372045 ],4,-1,-1,3,2
290,[0.10178906 0.48047   ],3,5,"[0.12813625889338118, 0.45239712230086515]",1,1
291,[0.65788434 0.69974716],0,-1,-1,3,2
292,[0.08061639 0.45513868],3,5,"[0.12813625889338118, 0.45239712230086515]",1,1
293,[0.31202535 0.63280536],1,-1,-1,2,-1
294,[0.71173643 0.51512948],0,-1,-1,3,2
295,[0.7739706  0.63049729],0,4,"[0.7285423500480827, 0.6073851354724864]",3,2
296,[0.43481222 0.71445291],6,-1,-1,2,10
297,[0.83321771 0.3482695 ],7,6,"[0.7921949837838228, 0.3529120844654886]",4,-1
298,[0.88214109 0.39316205],7,-1,-1,4,-1
299,[0.76779417 0.6149832 ],0,4,"[0.7285423500480827, 0.6073851354724864]",3,2
300,[0.4324268 0.5104805],9,-1,-1,2,-1
301,[0.48547868 0.18715336],5,3,"[0.5044907196570393, 0.16230287856274858]",0,0
302,[0.18554822 0.77105805],8,7,"[0.17089520780330653, 0.7464713359575794]",2,8
303,[0.47249352 0.71066521],6,-1,-1,2,-1
304,[0.41947604 0.88511466],2,-1,-1,2,-1
305,[0.74240438 0.67868022],0,-1,-1,3,2
306,[0.08516617 0.40357819],3,5,"[0.12813625889338118, 0.45239712230086515]",1,1
307,[0.19512437 0.40522272],3,-1,-1,1,1
308,[0.39446149 0.65906115],1,0,"[0.4297636102329726, 0.6357143141723958]",2,-1
309,[0.83260917 0.43050965],4,2,"[0.8312266673252705, 0.4613441479074099]",4,-1
310,[0.79160533 0.39227959],7,6,"[0.7921949837838228, 0.3529120844654886]",4,-1
311,[0.17466925 0.46572742],3,5,"[0.12813625889338118, 0.45239712230086515]",1,1
312,[0.24242064 0.73006825],1,9,"[0.2630806751638254, 0.7080875454644293]",2,-1
313,[0.41833732 0.6850247 ],6,0,"[0.4297636102329726, 0.6357143141723958]",2,10
314,[0.34628766 0.75474684],1,8,"[0.36289448703783916, 0.7073371999105278]",2,-1
315,[0.27678129 0.64688082],1,9,"[0.2630806751638254, 0.7080875454644293]",2,-1
316,[0.24353071 0.73046975],8,9,"[0.2630806751638254, 0.7080875454644293]",2,-1
317,[0.47746604 0.23961635],5,-1,-1,0,0
318,[0.44807496 0.1741864 ],5,3,"[0.5044907196570393, 0.16230287856274858]",0,0
319,[0.27789921 0.91877628],2,-1,-1,2,-1
320,[0.85825489 0.44117738],4,2,"[0.8312266673252705, 0.4613441479074099]",4,-1
321,[0.33032395 0.79416196],1,1,"[0.3445904742281392, 0.8508004104108614]",2,-1
322,[0.51141856 0.73203077],6,-1,-1,2,-1
323,[0.46095148 0.11858317],5,3,"[0.5044907196570393, 0.16230287856274858]",0,0
324,[0.3501303  0.91329166],2,1,"[0.3445904742281392, 0.8508004104108614]",2,-1
325,[0.71178795 0.66968629],0,4,"[0.7285423500480827, 0.6073851354724864]",3,2
326,[0.81972018 0.43243251],7,2,"[0.8312266673252705, 0.4613441479074099]",4,7
327,[0.54046656 0.13542879],5,3,"[0.5044907196570393, 0.16230287856274858]",0,0
328,[0.26059225 0.68439706],1,9,"[0.2630806751638254, 0.7080875454644293]",2,-1
329,[0.45946768 0.708363  ],6,-1,-1,2,-1
330,[0.29618461 0.69490564],1,9,"[0.2630806751638254, 0.7080875454644293]",2,9
331,[0.88662165 0.5181397 ],4,-1,-1,4,-1
332,[0.12710688 0.36870738],3,-1,-1,1,1
333,[0.14295567 0.42640906],3,5,"[0.12813625889338118, 0.45239712230086515]",1,1
334,[0.81755758 0.5582362 ],4,-1,-1,3,2
335,[0.7781113  0.29271438],7,6,"[0.7921949837838228, 0.3529120844654886]",4,-1
336,[0.31256122 0.78599553],1,-1,-1,2,-1
337,[0.75951345 0.42309577],4,-1,-1,4,-1
338,[0.38123888 0.73725892],1,8,"[0.36289448703783916, 0.7073371999105278]",2,-1
339,[0.72671961 0.69867322],0,-1,-1,3,2
340,[0.48542633 0.72836231],6,-1,-1,2,-1
341,[0.40162101 0.61407869],9,0,"[0.4297636102329726, 0.6357143141723958]",2,-1
342,[0.70145623 0.60664561],0,4,"[0.7285423500480827, 0.6073851354724864]",3,2
343,[0.16958346 0.68951909],8,7,"[0.17089520780330653, 0.7464713359575794]",2,-1
344,[0.32620564 0.88368346],2,1,"[0.3445904742281392, 0.8508004104108614]",2,-1
345,[0.48349447 0.68418917],9,-1,-1,2,-1
346,[0.50375696 0.21261479],5,3,"[0.5044907196570393, 0.16230287856274858]",0,0
347,[0.45244003 0.69990459],6,0,"[0.4297636102329726, 0.6357143141723958]",2,10
348,[0.44223061 0.65189804],6,0,"[0.4297636102329726, 0.6357143141723958]",2,-1
349,[0.49962077 0.68526786],6,-1,-1,2,-1
350,[0.82566243 0.44050376],4,2,"[0.8312266673252705, 0.4613441479074099]",4,7
351,[0.47038364 0.6270388 ],9,0,"[0.4297636102329726, 0.6357143141723958]",2,-1
352,[0.35828062 0.75423771],1,8,"[0.36289448703783916, 0.7073371999105278]",2,-1
353,[0.46499755 0.77969893],6,-1,-1,2,-1
354,[0.23683251 0.74563108],8,9,"[0.2630806751638254, 0.7080875454644293]",2,-1
355,[0.41801725 0.61317362],6,0,"[0.4297636102329726, 0.6357143141723958]",2,13
356,[0.73122625 0.64111835],0,4,"[0.7285423500480827, 0.6073851354724864]",3,2
357,[0.32715556 0.84892083],2,1,"[0.3445904742281392, 0.8508004104108614]",2,-1
358,[0.14905074 0.77339873],8,7,"[0.17089520780330653, 0.7464713359575794]",2,-1
359,[0.85010375 0.46658677],4,2,"[0.8312266673252705, 0.4613441479074099]",4,-1
360,[0.80728922 0.48215313],4,2,"[0.8312266673252705, 0.4613441479074099]",4,-1
361,[0.36002476 0.62276032],9,-1,-1,2,-1
362,[0.80510576 0.382357  ],7,6,"[0.7921949837838228, 0.3529120844654886]",4,6
363,[0.47354765 0.17675487],5,3,"[0.5044907196570393, 0.16230287856274858]",0,0
364,[0.35298776 0.80712126],2,1,"[0.3445904742281392, 0.8508004104108614]",2,-1
365,[0.33523956 0.89621509],2,1,"[0.3445904742281392, 0.8508004104108614]",2,-1
366,[0.70907282 0.40305213],7,-1,-1,4,-1
367,[0.40645539 0.6323854 ],9,0,"[0.4297636102329726, 0.6357143141723958]",2,13
368,[0.84878266 0.55278291],4,-1,-1,4,-1
369,[0.19903612 0.77566467],8,7,"[0.17089520780330653, 0.7464713359575794]",2,8
370,[0.43266657 0.61272285],9,0,"[0.4297636102329726, 0.6357143141723958]",2,-1
371,[0.13364633 0.4783003 ],3,5,"[0.12813625889338118, 0.45239712230086515]",1,1
372,[0.8517552  0.44583972],4,2,"[0.8312266673252705, 0.4613441479074099]",4,-1
373,[0.19300949 0.36983682],3,-1,-1,1,1
374,[0.80493698 0.47007442],4,2,"[0.8312266673252705, 0.4613441479074099]",4,7
375,[0.48910968 0.62227392],6,0,"[0.4297636102329726, 0.6357143141723958]",2,-1
376,[0.09694967 0.48260293],3,5,"[0.12813625889338118, 0.45239712230086515]",1,1
377,[0.39270975 0.61132553],9,0,"[0.4297636102329726, 0.6357143141723958]",2,12
378,[0.41641112 0.59886043],9,0,"[0.4297636102329726, 0.6357143141723958]",2,-1
379,[0.46048302 0.53452331],9,-1,-1,2,-1
380,[0.81572309 0.43625169],4,2,"[0.8312266673252705, 0.4613441479074099]",4,7
381,[0.15598259 0.48516373],3,5,"[0.12813625889338118, 0.45239712230086515]",1,1
382,[0.12757339 0.39882162],3,5,"[0.12813625889338118, 0.45239712230086515]",1,1
383,[0.31560563 0.67310131],1,8,"[0.36289448703783916, 0.7073371999105278]",2,9
384,[0.14326904 0.48523144],3,5,"[0.12813625889338118, 0.45239712230086515]",1,1
385,[0.86267383 0.43047042],4,2,"[0.8312266673252705, 0.4613441479074099]",4,-1
386,[0.72116717 0.62534682],0,4,"[0.7285423500480827, 0.6073851354724864]",3,2
387,[0.6921692  0.71720221],0,-1,-1,-1,2
388,[0.25166524 0.67366838],1,9,"[0.2630806751638254, 0.7080875454644293]",2,-1
389,[0.75625687 0.60685951],0,4,"[0.7285423500480827, 0.6073851354724864]",3,2
390,[0.78108502 0.29469479],7,6,"[0.7921949837838228, 0.3529120844654886]",4,-1
391,[0.17730517 0.73256546],8,7,"[0.17089520780330653, 0.7464713359575794]",2,8
392,[0.17763913 0.47088125],3,5,"[0.12813625889338118, 0.45239712230086515]",1,1
393,[0.76944752 0.62555082],0,4,"[0.7285423500480827, 0.6073851354724864]",3,2
394,[0.73308497 0.67604632],0,4,"[0.7285423500480827, 0.6073851354724864]",3,2
395,[0.42442871 0.57923074],9,0,"[0.4297636102329726, 0.6357143141723958]",2,-1
396,[0.17560107 0.7750987 ],8,7,"[0.17089520780330653, 0.7464713359575794]",2,8
397,[0.16476831 0.77082919],8,7,"[0.17089520780330653, 0.7464713359575794]",2,8
398,[0.54182392 0.14671063],5,3,"[0.5044907196570393, 0.16230287856274858]",0,0
399,[0.72841985 0.38468476],7,-1,-1,4,-1
400,[0.10940993 0.44064225],3,5,"[0.12813625889338118, 0.45239712230086515]",1,1
401,[0.23265913 0.78657203],8,-1,-1,2,-1
402,[0.09988176 0.47034459],3,5,"[0.12813625889338118, 0.45239712230086515]",1,1
403,[0.81486261 0.43109338],4,2,"[0.8312266673252705, 0.4613441479074099]",4,7
404,[0.18548666 0.67060119],8,-1,-1,2,-1
405,[0.86728711 0.33634512],7,-1,-1,4,-1
406,[0.92326623 0.46794601],4,-1,-1,4,-1
407,[0.10507667 0.44014232],3,5,"[0.12813625889338118, 0.45239712230086515]",1,1
408,[0.28922325 0.65614941],1,9,"[0.2630806751638254, 0.7080875454644293]",2,-1
409,[0.10822484 0.41434174],3,5,"[0.12813625889338118, 0.45239712230086515]",1,1
410,[0.18720607 0.80208723],8,7,"[0.17089520780330653, 0.7464713359575794]",2,-1
411,[0.33220506 0.89525831],2,1,"[0.3445904742281392, 0.8508004104108614]",2,-1
412,[0.81142063 0.37243841],7,6,"[0.7921949837838228, 0.3529120844654886]",4,6
413,[0.31492628 0.90302039],2,1,"[0.3445904742281392, 0.8508004104108614]",2,-1
414,[0.47421908 0.72133079],6,-1,-1,2,-1
415,[0.19178722 0.74778998],8,7,"[0.17089520780330653, 0.7464713359575794]",2,8
416,[0.06724562 0.43103655],3,5,"[0.12813625889338118, 0.45239712230086515]",1,1
417,[0.84810873 0.32080721],7,6,"[0.7921949837838228, 0.3529120844654886]",4,-1
418,[0.44328334 0.59292196],9,0,"[0.4297636102329726, 0.6357143141723958]",2,11
419,[0.4380097  0.66230998],6,0,"[0.4297636102329726, 0.6357143141723958]",2,10
420,[0.35911031 0.81457175],2,1,"[0.3445904742281392, 0.8508004104108614]",2,4
421,[0.25233637 0.74299273],8,9,"[0.2630806751638254, 0.7080875454644293]",2,-1
422,[0.92579307 0.41029705],4,-1,-1,4,-1
423,[0.77955699 0.60269011],0,4,"[0.7285423500480827, 0.6073851354724864]",3,2
424,[0.47560874 0.55193023],9,-1,-1,2,-1
425,[0.72578738 0.44146085],7,-1,-1,-1,-1
426,[0.83857276 0.54322241],4,-1,-1,4,-1
427,[0.37701874 0.6106121 ],9,0,"[0.4297636102329726, 0.6357143141723958]",2,-1
428,[0.79379205 0.32560336],7,6,"[0.7921949837838228, 0.3529120844654886]",4,-1
429,[0.3314175  0.86025877],2,1,"[0.3445904742281392, 0.8508004104108614]",2,-1
430,[0.81990548 0.60842367],0,-1,-1,3,2
431,[0.74740676 0.4597106 ],4,-1,-1,4,-1
432,[0.43470073 0.5524926 ],9,-1,-1,2,-1
433,[0.76751981 0.37839432],7,6,"[0.7921949837838228, 0.3529120844654886]",4,-1
434,[0.47167096 0.71252841],6,-1,-1,2,-1
435,[0.9150666  0.38553905],4,-1,-1,4,-1
436,[0.74682861 0.62124202],0,4,"[0.7285423500480827, 0.6073851354724864]",3,2
437,[0.73883995 0.52755336],0,-1,-1,3,2
438,[0.42593753 0.84244453],2,-1,-1,2,-1
439,[0.72073507 0.61924016],0,4,"[0.7285423500480827, 0.6073851354724864]",3,2
440,[0.4768713  0.64142301],6,0,"[0.4297636102329726, 0.6357143141723958]",2,-1
441,[0.48468492 0.16282264],5,3,"[0.5044907196570393, 0.16230287856274858]",0,0
442,[0.43338526 0.75617906],6,-1,-1,2,-1
443,[0.27876428 0.72121275],1,9,"[0.2630806751638254, 0.7080875454644293]",2,9
444,[0.44598343 0.10704395],5,-1,-1,0,0
445,[0.32287379 0.79154756],2,1,"[0.3445904742281392, 0.8508004104108614]",2,-1
446,[0.42893932 0.71958923],6,8,"[0.36289448703783916, 0.7073371999105278]",2,10
447,[0.82667079 0.48702536],4,2,"[0.8312266673252705, 0.4613441479074099]",4,7
448,[0.4059294  0.89790236],2,-1,-1,2,-1
449,[0.33484184 0.76442839],1,8,"[0.36289448703783916, 0.7073371999105278]",2,-1
450,[0.76548555 0.6049647 ],0,4,"[0.7285423500480827, 0.6073851354724864]",3,2
451,[0.68534228 0.64696701],0,4,"[0.7285423500480827, 0.6073851354724864]",3,2
452,[0.37007991 0.65450456],6,8,"[0.36289448703783916, 0.7073371999105278]",2,-1
453,[0.48854732 0.72395813],6,-1,-1,2,-1
454,[0.72290987 0.57931693],0,4,"[0.7285423500480827, 0.6073851354724864]",3,2
455,[0.75825971 0.61940091],0,4,"[0.7285423500480827, 0.6073851354724864]",3,2
456,[0.11630795 0.50201366],3,5,"[0.12813625889338118, 0.45239712230086515]",1,1
457,[0.78353214 0.32115416],7,6,"[0.7921949837838228, 0.3529120844654886]",4,-1
458,[0.42755178 0.15985021],5,-1,-1,0,0
459,[0.49455816 0.23108497],5,3,"[0.5044907196570393, 0.16230287856274858]",0,0
460,[0.50259523 0.25045843],5,-1,-1,0,0
461,[0.91409316 0.41487433],4,-1,-1,4,-1
462,[0.52143556 0.2138487 ],5,3,"[0.5044907196570393, 0.16230287856274858]",0,0
463,[0.71654189 0.33630081],7,-1,-1,4,-1
464,[0.81585612 0.39126487],4,6,"[0.7921949837838228, 0.3529120844654886]",4,6
465,[0.25421174 0.67426621],1,9,"[0.2630806751638254, 0.7080875454644293]",2,-1
466,[0.15737059 0.7949966 ],8,7,"[0.17089520780330653, 0.7464713359575794]",2,-1
467,[0.71937071 0.57000316],0,4,"[0.7285423500480827, 0.6073851354724864]",3,2
468,[0.25613528 0.82759798],2,-1,-1,2,-1
469,[0.47391248 0.67421   ],6,0,"[0.4297636102329726, 0.6357143141723958]",2,-1
470,[0.70926464 0.64795605],0,4,"[0.7285423500480827, 0.6073851354724864]",3,2
471,[0.28618856 0.7322393 ],1,9,"[0.2630806751638254, 0.7080875454644293]",2,9
472,[0.4323091  0.79361325],6,-1,-1,2,-1
473,[0.41540409 0.68243749],6,0,"[0.4297636102329726, 0.6357143141723958]",2,10
474,[0.39586014 0.55396321],9,-1,-1,2,-1
475,[0.07386846 0.4722886 ],3,5,"[0.12813625889338118, 0.45239712230086515]",1,1
476,[0.44260217 0.62988773],6,0,"[0.4297636102329726, 0.6357143141723958]",2,-1
477,[0.72840918 0.60803984],0,4,"[0.7285423500480827, 0.6073851354724864]",3,2
478,[0.45823458 0.15016455],5,3,"[0.5044907196570393, 0.16230287856274858]",0,0
479,[0.44396934 0.71359522],6,-1,-1,2,-1
480,[0.36704939 0.64524321],9,8,"[0.36289448703783916, 0.7073371999105278]",2,-1
481,[0.10354525 0.44456967],3,5,"[0.12813625889338118, 0.45239712230086515]",1,1
482,[0.35295098 0.93138864],2,-1,-1,2,-1
483,[0.12813436 0.48316744],3,5,"[0.12813625889338118, 0.45239712230086515]",1,1
484,[0.70064477 0.65468144],0,4,"[0.7285423500480827, 0.6073851354724864]",3,2
485,[0.15262434 0.39738162],3,5,"[0.12813625889338118, 0.45239712230086515]",1,1
486,[0.27576058 0.74998226],1,9,"[0.2630806751638254, 0.7080875454644293]",2,-1
487,[0.56076163 0.13786738],5,3,"[0.5044907196570393, 0.16230287856274858]",0,0
488,[0.44710411 0.54084831],9,-1,-1,2,-1
489,[0.80438299 0.45978319],4,2,"[0.8312266673252705, 0.4613441479074099]",4,7
490,[0.31281529 0.91116528],2,1,"[0.3445904742281392, 0.8508004104108614]",2,-1
491,[0.47449406 0.61443616],9,0,"[0.4297636102329726, 0.6357143141723958]",2,-1
492,[0.80510819 0.35325673],7,6,"[0.7921949837838228, 0.3529120844654886]",4,-1
493,[0.33456611 0.64649118],1,8,"[0.36289448703783916, 0.7073371999105278]",2,-1
494,[0.74653207 0.55545916],0,4,"[0.7285423500480827, 0.6073851354724864]",3,2
495,[0.81866418 0.40522736],4,2,"[0.8312266673252705, 0.4613441479074099]",4,-1
496,[0.75214311 0.43868176],7,-1,-1,4,-1
497,[0.3445802  0.63933065],9,-1,-1,2,-1
498,[0.2668913  0.72332611],1,9,"[0.2630806751638254, 0.7080875454644293]",2,9
499,[0.68886042 0.33367163],7,-1,-1,-1,-1
500,[0.55693599 0.2252046 ],5,-1,-1,0,0
501,[0.43284208 0.66742124],6,0,"[0.4297636102329726, 0.6357143141723958]",2,10
502,[0.67559209 0.65071896],0,4,"[0.7285423500480827, 0.6073851354724864]",3,2
503,[0.41724059 0.70588866],6,8,"[0.36289448703783916, 0.7073371999105278]",2,10
504,[0.48168619 0.69248403],6,-1,-1,2,-1
505,[0.49292054 0.68987527],6,-1,-1,2,-1
506,[0.44516973 0.20562235],5,-1,-1,0,0
507,[0.37503041 0.854708  ],2,1,"[0.3445904742281392, 0.8508004104108614]",2,5
508,[0.36107172 0.87657405],2,1,"[0.3445904742281392, 0.8508004104108614]",2,-1
509,[0.50593419 0.20152811],5,3,"[0.5044907196570393, 0.16230287856274858]",0,0
510,[0.19918418 0.71728632],8,7,"[0.17089520780330653, 0.7464713359575794]",2,8
511,[0.11121085 0.39211285],3,5,"[0.12813625889338118, 0.45239712230086515]",1,1
512,[0.13221336 0.70667977],8,7,"[0.17089520780330653, 0.7464713359575794]",2,-1
513,[0.78944947 0.44197762],4,2,"[0.8312266673252705, 0.4613441479074099]",4,-1
514,[0.45111294 0.71177032],6,-1,-1,2,10
515,[0.38642775 0.60397167],9,0,"[0.4297636102329726, 0.6357143141723958]",2,-1
516,[0.19476093 0.78944994],8,7,"[0.17089520780330653, 0.7464713359575794]",2,-1
517,[0.25363068 0.80552857],1,-1,-1,2,-1
518,[0.77547096 0.59667613],0,4,"[0.7285423500480827, 0.6073851354724864]",3,2
519,[0.8190161  0.40629586],4,2,"[0.8312266673252705, 0.4613441479074099]",4,-1
520,[0.50162769 0.1462848 ],5,3,"[0.5044907196570393, 0.16230287856274858]",0,0
521,[0.44670291 0.576203  ],9,0,"[0.4297636102329726, 0.6357143141723958]",2,-1
522,[0.45741132 0.67190963],6,0,"[0.4297636102329726, 0.6357143141723958]",2,-1
523,[0.12570641 0.50648399],3,5,"[0.12813625889338118, 0.45239712230086515]",1,1
524,[0.51517782 0.18310702],5,3,"[0.5044907196570393, 0.16230287856274858]",0,0
525,[0.42924402 0.71892729],6,8,"[0.36289448703783916, 0.7073371999105278]",2,10
526,[0.13704666 0.38870424],3,5,"[0.12813625889338118, 0.45239712230086515]",1,1
527,[0.05905429 0.43324006],3,-1,-1,1,1
528,[0.85556048 0.3798569 ],4,6,"[0.7921949837838228, 0.3529120844654886]",4,-1
529,[0.19589224 0.72568315],8,7,"[0.17089520780330653, 0.7464713359575794]",2,8
530,[0.51517964 0.06894836],5,-1,-1,0,0
531,[0.78732446 0.55257596],0,-1,-1,3,2
532,[0.42165936 0.61776651],9,0,"[0.4297636102329726, 0.6357143141723958]",2,13
533,[0.45053658 0.57600856],9,0,"[0.4297636102329726, 0.6357143141723958]",2,-1
534,[0.89676427 0.33158659],7,-1,-1,4,-1
535,[0.68135038 0.59730535],0,4,"[0.7285423500480827, 0.6073851354724864]",3,2
536,[0.50735299 0.16384129],5,3,"[0.5044907196570393, 0.16230287856274858]",0,0
537,[0.50359512 0.11666009],5,3,"[0.5044907196570393, 0.16230287856274858]",0,0
538,[0.79945308 0.43239912],4,2,"[0.8312266673252705, 0.4613441479074099]",4,-1
539,[0.06545943 0.43479019],3,5,"[0.12813625889338118, 0.45239712230086515]",1,1
540,[0.27418618 0.76094554],1,9,"[0.2630806751638254, 0.7080875454644293]",2,-1
541,[0.36604786 0.62101411],9,0,"[0.4297636102329726, 0.6357143141723958]",2,-1
542,[0.38736689 0.87291463],2,1,"[0.3445904742281392, 0.8508004104108614]",2,-1
543,[0.30581065 0.66253166],1,9,"[0.2630806751638254, 0.7080875454644293]",2,-1
544,[0.81880932 0.45993109],4,2,"[0.8312266673252705, 0.4613441479074099]",4,7
545,[0.78870643 0.34357875],7,6,"[0.7921949837838228, 0.3529120844654886]",4,-1
546,[0.30926203 0.74209829],1,9,"[0.2630806751638254, 0.7080875454644293]",2,9
547,[0.75706003 0.33721946],7,6,"[0.7921949837838228, 0.3529120844654886]",4,-1
548,[0.67170229 0.63842448],0,4,"[0.7285423500480827, 0.6073851354724864]",3,2
549,[0.16449495 0.70818893],8,7,"[0.17089520780330653, 0.7464713359575794]",2,8
550,[0.4143195  0.56428722],9,-1,-1,2,-1
551,[0.35244008 0.89986858],2,1,"[0.3445904742281392, 0.8508004104108614]",2,-1
552,[0.40433055 0.74802685],1,8,"[0.36289448703783916, 0.7073371999105278]",2,-1
553,[0.18066137 0.4032496 ],3,-1,-1,1,1
554,[0.42332103 0.70575123],6,8,"[0.36289448703783916, 0.7073371999105278]",2,10
555,[0.4961551 0.693475 ],6,-1,-1,2,-1
556,[0.77068448 0.58105248],0,4,"[0.7285423500480827, 0.6073851354724864]",3,2
557,[0.33991437 0.82664567],2,1,"[0.3445904742281392, 0.8508004104108614]",2,-1
558,[0.37505475 0.61850763],9,0,"[0.4297636102329726, 0.6357143141723958]",2,-1
559,[0.37487746 0.65701575],9,8,"[0.36289448703783916, 0.7073371999105278]",2,-1
560,[0.78143832 0.59792667],0,4,"[0.7285423500480827, 0.6073851354724864]",3,2
561,[0.41708913 0.83390991],2,-1,-1,2,-1
562,[0.20466514 0.68544694],8,9,"[0.2630806751638254, 0.7080875454644293]",2,-1
563,[0.41391311 0.61166826],9,0,"[0.4297636102329726, 0.6357143141723958]",2,13
564,[0.18676435 0.73480941],8,7,"[0.17089520780330653, 0.7464713359575794]",2,8
565,[0.33402013 0.85852062],2,1,"[0.3445904742281392, 0.8508004104108614]",2,5
566,[0.73636121 0.28548741],7,-1,-1,4,-1
567,[0.36456881 0.83023017],2,1,"[0.3445904742281392, 0.8508004104108614]",2,-1
568,[0.1830581  0.44408466],3,5,"[0.12813625889338118, 0.45239712230086515]",1,1
569,[0.14504561 0.43523425],3,5,"[0.12813625889338118, 0.45239712230086515]",1,1
570,[0.31562456 0.72169284],1,8,"[0.36289448703783916, 0.7073371999105278]",2,9
571,[0.33075106 0.84937197],2,1,"[0.3445904742281392, 0.8508004104108614]",2,-1
572,[0.23329578 0.80884252],1,-1,-1,2,-1
573,[0.75481798 0.3620936 ],7,6,"[0.7921949837838228, 0.3529120844654886]",4,-1
574,[0.18983116 0.73012843],8,7,"[0.17089520780330653, 0.7464713359575794]",2,8
575,[0.48970757 0.17574624],5,3,"[0.5044907196570393, 0.16230287856274858]",0,0
576,[0.78186912 0.62958971],0,4,"[0.7285423500480827, 0.6073851354724864]",3,2
577,[0.85860089 0.48825325],4,2,"[0.8312266673252705, 0.4613441479074099]",4,-1
578,[0.25996665 0.73177968],8,9,"[0.2630806751638254, 0.7080875454644293]",2,-1
579,[0.28453474 0.7378129 ],1,9,"[0.2630806751638254, 0.7080875454644293]",2,-1
580,[0.1928154  0.43937968],3,5,"[0.12813625889338118, 0.45239712230086515]",1,1
581,[0.81956074 0.4215095 ],4,2,"[0.8312266673252705, 0.4613441479074099]",4,7
582,[0.31306477 0.68810082],1,8,"[0.36289448703783916, 0.7073371999105278]",2,9
583,[0.31661538 0.74406537],1,8,"[0.36289448703783916, 0.7073371999105278]",2,-1
584,[0.52473188 0.18358343],5,3,"[0.5044907196570393, 0.16230287856274858]",0,0
585,[0.83644727 0.44700327],4,2,"[0.8312266673252705, 0.4613441479074099]",4,-1
586,[0.39169595 0.68274563],6,8,"[0.36289448703783916, 0.7073371999105278]",2,-1
587,[0.78591816 0.43908273],4,2,"[0.8312266673252705, 0.4613441479074099]",4,-1
588,[0.3395681  0.66660447],1,8,"[0.36289448703783916, 0.7073371999105278]",2,-1
589,[0.23871064 0.75195289],1,9,"[0.2630806751638254, 0.7080875454644293]",2,-1
590,[0.04511348 0.38089966],3,-1,-1,1,1
591,[0.28057823 0.73061783],1,9,"[0.2630806751638254, 0.7080875454644293]",2,9
592,[0.30611903 0.89303304],2,1,"[0.3445904742281392, 0.8508004104108614]",2,-1
593,[0.32462844 0.74849869],1,8,"[0.36289448703783916, 0.7073371999105278]",2,-1
594,[0.74109656 0.70895154],0,-1,-1,-1,2
595,[0.37130875 0.56515894],9,-1,-1,2,-1
596,[0.18317802 0.76446702],8,7,"[0.17089520780330653, 0.7464713359575794]",2,8
597,[0.81571455 0.38126142],7,6,"[0.7921949837838228, 0.3529120844654886]",4,6
598,[0.30761281 0.75773287],1,9,"[0.2630806751638254, 0.7080875454644293]",2,-1
599,[0.51479509 0.17943355],5,3,"[0.5044907196570393, 0.16230287856274858]",0,0
600,[0.78965321 0.43931118],4,2,"[0.8312266673252705, 0.4613441479074099]",4,-1
601,[0.37682129 0.87139149],2,1,"[0.3445904742281392, 0.8508004104108614]",2,-1
602,[0.73646866 0.62857866],0,4,"[0.7285423500480827, 0.6073851354724864]",3,2
603,[0.79475301 0.39071322],7,6,"[0.7921949837838228, 0.3529120844654886]",4,-1
604,[0.07568088 0.40542208],3,-1,-1,1,1
605,[0.32021134 0.69756386],1,8,"[0.36289448703783916, 0.7073371999105278]",2,9
606,[0.48356997 0.69650889],6,-1,-1,2,-1
607,[0.19462145 0.75564359],8,7,"[0.17089520780330653, 0.7464713359575794]",2,8
608,[0.53029759 0.62765955],6,-1,-1,2,-1
609,[0.51499496 0.14927404],5,3,"[0.5044907196570393, 0.16230287856274858]",0,0
610,[0.2317978  0.74570575],8,9,"[0.2630806751638254, 0.7080875454644293]",2,-1
611,[0.31865206 0.87054912],2,1,"[0.3445904742281392, 0.8508004104108614]",2,-1
612,[0.82433495 0.50051209],4,2,"[0.8312266673252705, 0.4613441479074099]",4,-1
613,[0.38047612 0.69934111],6,8,"[0.36289448703783916, 0.7073371999105278]",2,-1
614,[0.26617522 0.70934146],1,9,"[0.2630806751638254, 0.7080875454644293]",2,9
615,[0.46537826 0.19866768],5,3,"[0.5044907196570393, 0.16230287856274858]",0,0
616,[0.13251939 0.69731702],8,7,"[0.17089520780330653, 0.7464713359575794]",2,-1
617,[0.50468086 0.12844519],5,3,"[0.5044907196570393, 0.16230287856274858]",0,0
618,[0.84297464 0.32667238],7,6,"[0.7921949837838228, 0.3529120844654886]",4,-1
619,[0.80864703 0.30361067],7,6,"[0.7921949837838228, 0.3529120844654886]",4,-1
620,[0.19905979 0.68081997],8,9,"[0.2630806751638254, 0.7080875454644293]",2,-1
621,[0.33815448 0.88266953],2,1,"[0.3445904742281392, 0.8508004104108614]",2,-1
622,[0.75328347 0.58169613],0,4,"[0.7285423500480827, 0.6073851354724864]",3,2
623,[0.37569267 0.71471675],6,8,"[0.36289448703783916, 0.7073371999105278]",2,-1
624,[0.3256489  0.74069207],1,8,"[0.36289448703783916, 0.7073371999105278]",2,-1
625,[0.65422432 0.52886119],0,-1,-1,-1,2
626,[0.13194883 0.44646429],3,5,"[0.12813625889338118, 0.45239712230086515]",1,1
627,[0.42360216 0.54028328],9,-1,-1,2,-1
628,[0.81989051 0.42233954],4,2,"[0.8312266673252705, 0.4613441479074099]",4,7
629,[0.09722037 0.43521765],3,5,"[0.12813625889338118, 0.45239712230086515]",1,1
630,[0.87269508 0.40503805],4,2,"[0.8312266673252705, 0.4613441479074099]",4,-1
631,[0.7723713  0.40765479],7,6,"[0.7921949837838228, 0.3529120844654886]",4,-1
632,[0.72311008 0.53515606],0,-1,-1,3,2
633,[0.4516869  0.15971939],5,3,"[0.5044907196570393, 0.16230287856274858]",0,0
634,[0.10301134 0.42650509],3,5,"[0.12813625889338118, 0.45239712230086515]",1,1
635,[0.82730941 0.41883451],7,2,"[0.8312266673252705, 0.4613441479074099]",4,-1
636,[0.28584831 0.83279062],2,1,"[0.3445904742281392, 0.8508004104108614]",2,-1
637,[0.14800365 0.72333431],8,7,"[0.17089520780330653, 0.7464713359575794]",2,-1
638,[0.79543333 0.3304312 ],7,6,"[0.7921949837838228, 0.3529120844654886]",4,-1
639,[0.82711484 0.38698284],7,6,"[0.7921949837838228, 0.3529120844654886]",4,-1
640,[0.16078545 0.47401853],3,5,"[0.12813625889338118, 0.45239712230086515]",1,1
641,[0.45888281 0.10161877],5,-1,-1,0,0
642,[0.44912788 0.70487182],6,-1,-1,2,10
643,[0.87998492 0.43045934],4,2,"[0.8312266673252705, 0.4613441479074099]",4,-1
644,[0.43639506 0.70165046],6,0,"[0.4297636102329726, 0.6357143141723958]",2,10
645,[0.29108646 0.8579272 ],2,1,"[0.3445904742281392, 0.8508004104108614]",2,-1
646,[0.77989174 0.39073884],7,6,"[0.7921949837838228, 0.3529120844654886]",4,-1
647,[0.67760032 0.65732513],0,-1,-1,3,2
648,[0.25094421 0.76609402],1,9,"[0.2630806751638254, 0.7080875454644293]",2,-1
649,[0.80355454 0.33976983],7,6,"[0.7921949837838228, 0.3529120844654886]",4,-1
650,[0.17450851 0.75287528],8,7,"[0.17089520780330653, 0.7464713359575794]",2,8
651,[0.78316142 0.52937271],0,-1,-1,3,2
652,[0.27664479 0.72198382],1,9,"[0.2630806751638254, 0.7080875454644293]",2,9
653,[0.43999545 0.61432204],9,0,"[0.4297636102329726, 0.6357143141723958]",2,-1
654,[0.26719621 0.71796745],1,9,"[0.2630806751638254, 0.7080875454644293]",2,9
655,[0.46422631 0.68583736],6,0,"[0.4297636102329726, 0.6357143141723958]",2,-1
656,[0.14934294 0.72456847],8,7,"[0.17089520780330653, 0.7464713359575794]",2,-1
657,[0.69418109 0.6985964 ],0,-1,-1,3,2
658,[0.86202375 0.46442764],4,2,"[0.8312266673252705, 0.4613441479074099]",4,-1
659,[0.79089801 0.37364029],7,6,"[0.7921949837838228, 0.3529120844654886]",4,6
660,[0.1704517 0.4442427],3,5,"[0.12813625889338118, 0.45239712230086515]",1,1
661,[0.88469084 0.52986981],4,-1,-1,4,-1
662,[0.50430342 0.17379102],5,3,"[0.5044907196570393, 0.16230287856274858]",0,0
663,[0.49165209 0.10108124],5,3,"[0.5044907196570393, 0.16230287856274858]",0,0
664,[0.35263926 0.79113924],2,1,"[0.3445904742281392, 0.8508004104108614]",2,-1
665,[0.51502861 0.13104196],5,3,"[0.5044907196570393, 0.16230287856274858]",0,0
666,[0.49375278 0.18362199],5,3,"[0.5044907196570393, 0.16230287856274858]",0,0
667,[0.85350572 0.28892486],7,-1,-1,4,-1
668,[0.30477523 0.8234877 ],2,1,"[0.3445904742281392, 0.8508004104108614]",2,-1
669,[0.30612244 0.71214918],1,9,"[0.2630806751638254, 0.7080875454644293]",2,9
670,[0.76108429 0.31894723],7,6,"[0.7921949837838228, 0.3529120844654886]",4,-1
671,[0.81613593 0.40155858],4,6,"[0.7921949837838228, 0.3529120844654886]",4,6
672,[0.25644503 0.73916161],1,9,"[0.2630806751638254, 0.7080875454644293]",2,-1
673,[0.81806503 0.47978621],4,2,"[0.8312266673252705, 0.4613441479074099]",4,-1
674,[0.11115755 0.42226682],3,5,"[0.12813625889338118, 0.45239712230086515]",1,1
675,[0.17277416 0.47219689],3,5,"[0.12813625889338118, 0.45239712230086515]",1,1
676,[0.4355721  0.68266129],6,0,"[0.4297636102329726, 0.6357143141723958]",2,10
677,[0.81868861 0.49699609],4,2,"[0.8312266673252705, 0.4613441479074099]",4,-1
678,[0.72980651 0.65739815],0,4,"[0.7285423500480827, 0.6073851354724864]",3,2
679,[0.32458109 0.71211659],1,8,"[0.36289448703783916, 0.7073371999105278]",2,9
680,[0.42871736 0.69841451],6,0,"[0.4297636102329726, 0.6357143141723958]",2,10
681,[0.81711729 0.34302882],7,6,"[0.7921949837838228, 0.3529120844654886]",4,-1
682,[0.78179977 0.39750359],7,6,"[0.7921949837838228, 0.3529120844654886]",4,6
683,[0.18787987 0.75786154],8,7,"[0.17089520780330653, 0.7464713359575794]",2,8
684,[0.72559553 0.62718883],0,4,"[0.7285423500480827, 0.6073851354724864]",3,2
685,[0.34784649 0.6992579 ],9,8,"[0.36289448703783916, 0.7073371999105278]",2,-1
686,[0.14113684 0.44023083],3,5,"[0.12813625889338118, 0.45239712230086515]",1,1
687,[0.33334513 0.88861349],2,1,"[0.3445904742281392, 0.8508004104108614]",2,-1
688,[0.1569898 0.7718178],8,7,"[0.17089520780330653, 0.7464713359575794]",2,-1
689,[0.35224918 0.87040866],2,1,"[0.3445904742281392, 0.8508004104108614]",2,-1
690,[0.81520648 0.39534916],7,6,"[0.7921949837838228, 0.3529120844654886]",4,6
691,[0.3077663 0.7187525],1,9,"[0.2630806751638254, 0.7080875454644293]",2,9
692,[0.33101502 0.55831963],9,-1,-1,2,-1
693,[0.82857392 0.35688696],7,6,"[0.7921949837838228, 0.3529120844654886]",4,-1
694,[0.51405154 0.16584783],5,3,"[0.5044907196570393, 0.16230287856274858]",0,0
695,[0.75956957 0.36027812],7,6,"[0.7921949837838228, 0.3529120844654886]",4,-1
696,[0.38048105 0.61709994],9,0,"[0.4297636102329726, 0.6357143141723958]",2,12
697,[0.72149037 0.5682152 ],0,4,"[0.7285423500480827, 0.6073851354724864]",3,2
698,[0.17829219 0.43427234],3,5,"[0.12813625889338118, 0.45239712230086515]",1,1
699,[0.79821633 0.36956986],7,6,"[0.7921949837838228, 0.3529120844654886]",4,6
700,[0.36492768 0.55468312],9,-1,-1,2,-1
701,[0.14883821 0.47184932],3,5,"[0.12813625889338118, 0.45239712230086515]",1,1
702,[0.37349229 0.56760872],9,-1,-1,2,-1
703,[0.80105334 0.4822143 ],4,2,"[0.8312266673252705, 0.4613441479074099]",4,-1
704,[0.12584456 0.51151126],3,5,"[0.12813625889338118, 0.45239712230086515]",1,1
705,[0.86295212 0.45714085],4,2,"[0.8312266673252705, 0.4613441479074099]",4,-1
706,[0.51396987 0.14229681],5,3,"[0.5044907196570393, 0.16230287856274858]",0,0
707,[0.32910679 0.80359973],2,1,"[0.3445904742281392, 0.8508004104108614]",2,-1
708,[0.4149457  0.64254726],9,0,"[0.4297636102329726, 0.6357143141723958]",2,-1
709,[0.44487315 0.57034551],9,0,"[0.4297636102329726, 0.6357143141723958]",2,-1
710,[0.33055572 0.8883991 ],2,1,"[0.3445904742281392, 0.8508004104108614]",2,-1
711,[0.42087401 0.75659364],6,-1,-1,2,-1
712,[0.18577571 0.79457059],8,7,"[0.17089520780330653, 0.7464713359575794]",2,-1
713,[0.81269852 0.46707657],4,2,"[0.8312266673252705, 0.4613441479074099]",4,7
714,[0.75655105 0.57094118],0,4,"[0.7285423500480827, 0.6073851354724864]",3,2
715,[0.44903414 0.58978341],9,0,"[0.4297636102329726, 0.6357143141723958]",2,11
716,[0.19954115 0.70910088],8,7,"[0.17089520780330653, 0.7464713359575794]",2,8
717,[0.36943062 0.89028559],2,1,"[0.3445904742281392, 0.8508004104108614]",2,-1
718,[0.68435806 0.5891471 ],0,4,"[0.7285423500480827, 0.6073851354724864]",3,2
719,[0.13301815 0.69250538],8,7,"[0.17089520780330653, 0.7464713359575794]",2,-1
720,[0.35779378 0.67041119],1,8,"[0.36289448703783916, 0.7073371999105278]",2,-1
721,[0.18780665 0.73529374],8,7,"[0.17089520780330653, 0.7464713359575794]",2,8
722,[0.77214706 0.36895897],7,6,"[0.7921949837838228, 0.3529120844654886]",4,-1
723,[0.74702315 0.61649129],0,4,"[0.7285423500480827, 0.6073851354724864]",3,2
724,[0.85640131 0.47093922],4,2,"[0.8312266673252705, 0.4613441479074099]",4,-1
725,[0.25704117 0.72169899],1,9,"[0.2630806751638254, 0.7080875454644293]",2,9
726,[0.32867908 0.92622774],2,-1,-1,2,-1
727,[0.12714629 0.4392112 ],3,5,"[0.12813625889338118, 0.45239712230086515]",1,1
728,[0.79022154 0.60651478],0,4,"[0.7285423500480827, 0.6073851354724864]",3,2
729,[0.5309368  0.22268473],5,3,"[0.5044907196570393, 0.16230287856274858]",0,0
730,[0.79184529 0.32114032],7,6,"[0.7921949837838228, 0.3529120844654886]",4,-1
731,[0.7127522  0.56108331],0,4,"[0.7285423500480827, 0.6073851354724864]",3,2
732,[0.23533106 0.83778267],8,-1,-1,2,-1
733,[0.16356529 0.76862119],8,7,"[0.17089520780330653, 0.7464713359575794]",2,8
734,[0.54099699 0.13129567],5,3,"[0.5044907196570393, 0.16230287856274858]",0,0
735,[0.06097562 0.51644581],3,-1,-1,1,1
736,[0.32293874 0.82938381],2,1,"[0.3445904742281392, 0.8508004104108614]",2,-1
737,[0.46969921 0.64150966],9,0,"[0.4297636102329726, 0.6357143141723958]",2,-1
738,[0.4263595  0.64396669],9,0,"[0.4297636102329726, 0.6357143141723958]",2,-1
739,[0.28302431 0.6123398 ],1,-1,-1,2,-1
740,[0.22810342 0.50072437],3,-1,-1,1,1
741,[0.22689102 0.70853289],8,9,"[0.2630806751638254, 0.7080875454644293]",2,-1
742,[0.43521949 0.70782728],6,-1,-1,2,10
743,[0.76514669 0.651867  ],0,4,"[0.7285423500480827, 0.6073851354724864]",3,2
744,[0.14137595 0.4871253 ],3,5,"[0.12813625889338118, 0.45239712230086515]",1,1
745,[0.7577997  0.48839196],4,-1,-1,4,-1
746,[0.20378605 0.72708537],8,7,"[0.17089520780330653, 0.7464713359575794]",2,-1
747,[0.21193123 0.45936188],3,-1,-1,1,1
748,[0.         0.48909657],3,-1,-1,1,1
749,[0.85061841 0.50558012],4,2,"[0.8312266673252705, 0.4613441479074099]",4,-1
750,[0.51589615 0.17279245],5,3,"[0.5044907196570393, 0.16230287856274858]",0,0
751,[0.78595937 0.39657682],7,6,"[0.7921949837838228, 0.3529120844654886]",4,6
752,[0.85538055 0.44419949],4,2,"[0.8312266673252705, 0.4613441479074099]",4,-1
753,[0.45923087 0.08884874],5,-1,-1,0,0
754,[0.8041098  0.34000023],7,6,"[0.7921949837838228, 0.3529120844654886]",4,-1
755,[0.47581921 0.10396785],5,3,"[0.5044907196570393, 0.16230287856274858]",0,0
756,[0.29334718 0.7143103 ],1,9,"[0.2630806751638254, 0.7080875454644293]",2,9
757,[0.42541841 0.22328411],5,-1,-1,0,0
758,[0.37779691 0.61434431],9,0,"[0.4297636102329726, 0.6357143141723958]",2,-1
759,[0.42955384 0.6757734 ],6,0,"[0.4297636102329726, 0.6357143141723958]",2,10
760,[0.44323815 0.61802519],9,0,"[0.4297636102329726, 0.6357143141723958]",2,-1
761,[0.21016003 0.77011387],8,7,"[0.17089520780330653, 0.7464713359575794]",2,-1
762,[0.66467429 0.63080111],0,4,"[0.7285423500480827, 0.6073851354724864]",3,2
763,[0.42292932 0.84672641],2,-1,-1,2,-1
764,[0.74407626 0.38037592],7,6,"[0.7921949837838228, 0.3529120844654886]",4,-1
765,[0.91484623 0.48226874],4,-1,-1,4,-1
766,[0.5235896  0.16623944],5,3,"[0.5044907196570393, 0.16230287856274858]",0,0
767,[0.72622726 0.52310077],0,-1,-1,3,2
768,[0.11705473 0.40253336],3,5,"[0.12813625889338118, 0.45239712230086515]",1,1
769,[0.50718634 0.21941833],5,3,"[0.5044907196570393, 0.16230287856274858]",0,0
770,[0.40610951 0.52597522],9,-1,-1,2,-1
771,[0.3378056 0.7205271],1,8,"[0.36289448703783916, 0.7073371999105278]",2,9
772,[0.03955317 0.49916667],3,-1,-1,1,1
773,[0.1207585  0.42478336],3,5,"[0.12813625889338118, 0.45239712230086515]",1,1
774,[0.7220778  0.55080477],0,4,"[0.7285423500480827, 0.6073851354724864]",3,2
775,[0.34948914 0.71990379],1,8,"[0.36289448703783916, 0.7073371999105278]",2,-1
776,[0.53623933 0.16454638],5,3,"[0.5044907196570393, 0.16230287856274858]",0,0
777,[0.27692652 0.72557791],1,9,"[0.2630806751638254, 0.7080875454644293]",2,9
778,[0.28961996 0.82078806],1,1,"[0.3445904742281392, 0.8508004104108614]",2,-1
779,[0.40482974 0.67648767],6,0,"[0.4297636102329726, 0.6357143141723958]",2,10
780,[0.67044501 0.61908041],0,4,"[0.7285423500480827, 0.6073851354724864]",3,2
781,[0.34242408 0.83174613],2,1,"[0.3445904742281392, 0.8508004104108614]",2,-1
782,[0.4862855  0.16761902],5,3,"[0.5044907196570393, 0.16230287856274858]",0,0
783,[0.30739918 0.93872158],2,-1,-1,2,-1
784,[0.77694688 0.37977217],7,6,"[0.7921949837838228, 0.3529120844654886]",4,-1
785,[0.80773171 0.46128382],4,2,"[0.8312266673252705, 0.4613441479074099]",4,7
786,[0.08661334 0.4349934 ],3,5,"[0.12813625889338118, 0.45239712230086515]",1,1
787,[0.40573551 0.56992993],9,-1,-1,2,-1
788,[0.37112137 0.57976203],9,-1,-1,2,-1
789,[0.1155256  0.72933468],8,7,"[0.17089520780330653, 0.7464713359575794]",2,-1
790,[0.39760001 0.6874304 ],1,8,"[0.36289448703783916, 0.7073371999105278]",2,-1
791,[0.72198493 0.62266999],0,4,"[0.7285423500480827, 0.6073851354724864]",3,2
792,[0.44688498 0.4878576 ],9,-1,-1,2,-1
793,[0.68824889 0.6906669 ],0,-1,-1,3,2
794,[0.82559048 0.35047587],7,6,"[0.7921949837838228, 0.3529120844654886]",4,-1
795,[0.38996532 0.92070835],2,-1,-1,2,-1
796,[0.50980811 0.12010971],5,3,"[0.5044907196570393, 0.16230287856274858]",0,0
797,[0.43524551 0.63289433],9,0,"[0.4297636102329726, 0.6357143141723958]",2,-1
798,[0.12022354 0.39001655],3,5,"[0.12813625889338118, 0.45239712230086515]",1,1
799,[0.19353023 0.67568849],8,-1,-1,2,-1
800,[0.39732196 0.91969855],2,-1,-1,2,-1
801,[0.11092196 0.78822379],8,-1,-1,2,-1
802,[0.76939051 0.28456161],7,-1,-1,4,-1
803,[0.78563604 0.60164096],0,4,"[0.7285423500480827, 0.6073851354724864]",3,2
804,[0.52948947 0.17368416],5,3,"[0.5044907196570393, 0.16230287856274858]",0,0
805,[0.79241911 0.38235752],7,6,"[0.7921949837838228, 0.3529120844654886]",4,-1
806,[0.72292532 0.41560609],7,-1,-1,4,-1
807,[0.42582778 0.69456454],6,0,"[0.4297636102329726, 0.6357143141723958]",2,10
808,[0.32273397 0.72381561],1,8,"[0.36289448703783916, 0.7073371999105278]",2,9
809,[0.44510881 0.64731672],6,0,"[0.4297636102329726, 0.6357143141723958]",2,-1
810,[0.56578159 0.19227173],5,3,"[0.5044907196570393, 0.16230287856274858]",0,0
811,[0.84187605 0.48463249],4,2,"[0.8312266673252705, 0.4613441479074099]",4,-1
812,[0.2325151  0.76464908],8,7,"[0.17089520780330653, 0.7464713359575794]",2,-1
813,[0.51874627 0.20116561],5,3,"[0.5044907196570393, 0.16230287856274858]",0,0
814,[0.4329604  0.64831571],9,0,"[0.4297636102329726, 0.6357143141723958]",2,-1
815,[0.29881939 0.70255637],1,9,"[0.2630806751638254, 0.7080875454644293]",2,9
816,[0.29624074 0.70542933],1,9,"[0.2630806751638254, 0.7080875454644293]",2,9
817,[0.19713946 0.72546018],8,7,"[0.17089520780330653, 0.7464713359575794]",2,8
818,[0.31209399 0.70243213],1,9,"[0.2630806751638254, 0.7080875454644293]",2,-1
819,[0.50800222 0.75345859],6,-1,-1,2,-1
820,[0.84227933 0.47201353],4,2,"[0.8312266673252705, 0.4613441479074099]",4,-1
821,[0.3295683  0.55763267],9,-1,-1,2,-1
822,[0.88295794 0.42264796],4,2,"[0.8312266673252705, 0.4613441479074099]",4,-1
823,[0.16079824 0.3915843 ],3,5,"[0.12813625889338118, 0.45239712230086515]",1,1
824,[0.40429515 0.68534371],9,8,"[0.36289448703783916, 0.7073371999105278]",2,10
825,[0.10982399 0.47492821],3,5,"[0.12813625889338118, 0.45239712230086515]",1,1
826,[0.18250011 0.72025769],8,7,"[0.17089520780330653, 0.7464713359575794]",2,8
827,[0.8110451 0.5020497],4,2,"[0.8312266673252705, 0.4613441479074099]",4,-1
828,[0.88786234 0.45298031],4,2,"[0.8312266673252705, 0.4613441479074099]",4,-1
829,[0.37252202 0.56451939],9,-1,-1,2,-1
830,[0.83469522 0.45430597],4,2,"[0.8312266673252705, 0.4613441479074099]",4,-1
831,[0.41099113 0.58861514],9,0,"[0.4297636102329726, 0.6357143141723958]",2,-1
832,[0.36788982 0.82439122],2,1,"[0.3445904742281392, 0.8508004104108614]",2,-1
833,[0.13856306 0.71729952],8,7,"[0.17089520780330653, 0.7464713359575794]",2,-1
834,[0.24346359 0.70480691],1,9,"[0.2630806751638254, 0.7080875454644293]",2,-1
835,[0.50124294 0.16117965],5,3,"[0.5044907196570393, 0.16230287856274858]",0,0
836,[0.30112738 0.7668208 ],1,9,"[0.2630806751638254, 0.7080875454644293]",2,-1
837,[0.72005374 0.61819599],0,4,"[0.7285423500480827, 0.6073851354724864]",3,2
838,[0.11177395 0.41687437],3,5,"[0.12813625889338118, 0.45239712230086515]",1,1
839,[0.20904008 0.6977216 ],8,9,"[0.2630806751638254, 0.7080875454644293]",2,-1
840,[0.81663603 0.50662947],4,2,"[0.8312266673252705, 0.4613441479074099]",4,-1
841,[0.36402336 0.55343728],9,-1,-1,2,-1
842,[0.39129694 0.6975482 ],6,8,"[0.36289448703783916, 0.7073371999105278]",2,-1
843,[0.06491206 0.5081697 ],3,-1,-1,1,1
844,[0.31769218 0.73538859],1,8,"[0.36289448703783916, 0.7073371999105278]",2,9
845,[0.43562923 0.08533488],5,-1,-1,0,0
846,[0.37390325 0.55727124],9,-1,-1,2,-1
847,[0.16748098 0.75211977],8,7,"[0.17089520780330653, 0.7464713359575794]",2,8
848,[0.13558334 0.70821564],8,7,"[0.17089520780330653, 0.7464713359575794]",2,-1
849,[0.13938947 0.45144992],3,5,"[0.12813625889338118, 0.45239712230086515]",1,1
850,[0.45964296 0.62172209],9,0,"[0.4297636102329726, 0.6357143141723958]",2,-1
851,[0.12301816 0.44194447],3,5,"[0.12813625889338118, 0.45239712230086515]",1,1
852,[0.40355986 0.6581034 ],6,0,"[0.4297636102329726, 0.6357143141723958]",2,10
853,[0.84475497 0.42964325],4,2,"[0.8312266673252705, 0.4613441479074099]",4,-1
854,[0.30900875 0.68273155],1,9,"[0.2630806751638254, 0.7080875454644293]",2,9
855,[0.81738393 0.30236947],7,6,"[0.7921949837838228, 0.3529120844654886]",4,-1
856,[0.35699445 0.81478932],2,1,"[0.3445904742281392, 0.8508004104108614]",2,4
857,[0.37845148 0.61440688],9,0,"[0.4297636102329726, 0.6357143141723958]",2,-1
858,[0.82115092 0.42364062],4,2,"[0.8312266673252705, 0.4613441479074099]",4,7
859,[0.75891832 0.53709676],0,-1,-1,3,2
860,[0.81647491 0.49105254],4,2,"[0.8312266673252705, 0.4613441479074099]",4,7
861,[0.78477378 0.49002851],4,2,"[0.8312266673252705, 0.4613441479074099]",4,-1
862,[0.42231796 0.59119916],9,0,"[0.4297636102329726, 0.6357143141723958]",2,-1
863,[0.39873093 0.61365136],9,0,"[0.4297636102329726, 0.6357143141723958]",2,-1
864,[0.52567555 0.12818674],5,3,"[0.5044907196570393, 0.16230287856274858]",0,0
865,[0.83585622 0.26780093],7,-1,-1,4,-1
866,[0.18996466 0.76926755],8,7,"[0.17089520780330653, 0.7464713359575794]",2,8
867,[0.76110232 0.36411158],7,6,"[0.7921949837838228, 0.3529120844654886]",4,-1
868,[0.35658295 0.8742389 ],2,1,"[0.3445904742281392, 0.8508004104108614]",2,-1
869,[0.17999547 0.43232004],3,5,"[0.12813625889338118, 0.45239712230086515]",1,1
870,[0.79676013 0.41022037],4,6,"[0.7921949837838228, 0.3529120844654886]",4,-1
871,[0.79732723 0.36836406],7,6,"[0.7921949837838228, 0.3529120844654886]",4,6
872,[0.51216807 0.70076277],6,-1,-1,2,-1
873,[0.37821793 0.54463087],9,-1,-1,2,-1
874,[0.53647245 0.15068208],5,3,"[0.5044907196570393, 0.16230287856274858]",0,0
875,[0.50617781 0.17068511],5,3,"[0.5044907196570393, 0.16230287856274858]",0,0
876,[0.80256468 0.44002126],4,2,"[0.8312266673252705, 0.4613441479074099]",4,-1
877,[0.71662634 0.58776608],0,4,"[0.7285423500480827, 0.6073851354724864]",3,2
878,[0.66967396 0.63807471],0,4,"[0.7285423500480827, 0.6073851354724864]",3,2
879,[0.78382093 0.32938536],7,6,"[0.7921949837838228, 0.3529120844654886]",4,-1
880,[0.84917095 0.33401394],7,6,"[0.7921949837838228, 0.3529120844654886]",4,-1
881,[0.3149334  0.70556795],1,8,"[0.36289448703783916, 0.7073371999105278]",2,9
882,[0.32102895 0.85591621],2,1,"[0.3445904742281392, 0.8508004104108614]",2,-1
883,[0.78743846 0.38073143],7,6,"[0.7921949837838228, 0.3529120844654886]",4,-1
884,[0.77889285 0.36827117],7,6,"[0.7921949837838228, 0.3529120844654886]",4,-1
885,[0.68944548 0.57482932],0,4,"[0.7285423500480827, 0.6073851354724864]",3,2
886,[0.41215255 0.63139813],6,0,"[0.4297636102329726, 0.6357143141723958]",2,13
887,[0.575328  0.1723808],5,-1,-1,0,0
888,[0.31802556 0.87852089],2,1,"[0.3445904742281392, 0.8508004104108614]",2,-1
889,[0.19455689 0.72097681],8,7,"[0.17089520780330653, 0.7464713359575794]",2,8
890,[0.23893717 0.65469234],1,9,"[0.2630806751638254, 0.7080875454644293]",2,-1
891,[0.73511245 0.61040161],0,4,"[0.7285423500480827, 0.6073851354724864]",3,2
892,[0.71568313 0.3676035 ],7,-1,-1,4,-1
893,[0.50413666 0.71021684],6,-1,-1,2,-1
894,[0.1260414  0.46906964],3,5,"[0.12813625889338118, 0.45239712230086515]",1,1
895,[0.46034415 0.6816086 ],6,0,"[0.4297636102329726, 0.6357143141723958]",2,-1
896,[0.53478655 0.2073026 ],5,3,"[0.5044907196570393, 0.16230287856274858]",0,0
897,[0.17717445 0.71201351],8,7,"[0.17089520780330653, 0.7464713359575794]",2,8
898,[0.82076962 0.45024946],4,2,"[0.8312266673252705, 0.4613441479074099]",4,-1
899,[0.8519839  0.36891618],4,6,"[0.7921949837838228, 0.3529120844654886]",4,-1
900,[0.90596282 0.44713597],4,-1,-1,4,-1
901,[0.81116978 0.57899137],0,-1,-1,3,2
902,[0.35317854 0.52147159],9,-1,-1,2,-1
903,[0.3690893  0.76466249],1,8,"[0.36289448703783916, 0.7073371999105278]",2,-1
904,[0.16444956 0.48579215],3,5,"[0.12813625889338118, 0.45239712230086515]",1,1
905,[0.32739268 0.93178122],2,-1,-1,2,-1
906,[0.14301118 0.73421084],8,7,"[0.17089520780330653, 0.7464713359575794]",2,-1
907,[0.81181785 0.41407037],7,2,"[0.8312266673252705, 0.4613441479074099]",4,-1
908,[0.80406306 0.40174438],7,6,"[0.7921949837838228, 0.3529120844654886]",4,-1
909,[0.12188863 0.45389155],3,5,"[0.12813625889338118, 0.45239712230086515]",1,1
910,[0.42881523 0.60679014],9,0,"[0.4297636102329726, 0.6357143141723958]",2,-1
911,[0.15176183 0.81621678],8,-1,-1,2,-1
912,[0.84546681 0.348821  ],7,6,"[0.7921949837838228, 0.3529120844654886]",4,-1
913,[0.3694023  0.85770575],2,1,"[0.3445904742281392, 0.8508004104108614]",2,5
914,[0.75261791 0.39087927],7,6,"[0.7921949837838228, 0.3529120844654886]",4,-1
915,[0.52266511 0.08380575],5,-1,-1,0,0
916,[0.52669428 0.7623121 ],6,-1,-1,2,-1
917,[0.17546958 0.50875222],3,-1,-1,1,1
918,[0.37428785 0.87459901],2,1,"[0.3445904742281392, 0.8508004104108614]",2,-1
919,[0.38730034 0.58843097],9,0,"[0.4297636102329726, 0.6357143141723958]",2,-1
920,[0.14814773 0.76696831],8,7,"[0.17089520780330653, 0.7464713359575794]",2,8
921,[0.29599354 0.86085092],2,1,"[0.3445904742281392, 0.8508004104108614]",2,-1
922,[0.26472911 0.68050925],1,9,"[0.2630806751638254, 0.7080875454644293]",2,-1
923,[0.32855018 0.74006784],1,8,"[0.36289448703783916, 0.7073371999105278]",2,-1
924,[0.55160203 0.20457857],5,3,"[0.5044907196570393, 0.16230287856274858]",0,0
925,[0.30625561 0.77049123],1,-1,-1,2,-1
926,[0.51785612 0.14173433],5,3,"[0.5044907196570393, 0.16230287856274858]",0,0
927,[0.47447378 0.67053519],6,0,"[0.4297636102329726, 0.6357143141723958]",2,-1
928,[0.11882189 0.43313086],3,5,"[0.12813625889338118, 0.45239712230086515]",1,1
929,[0.38602055 0.76952678],6,8,"[0.36289448703783916, 0.7073371999105278]",2,-1
930,[0.72770782 0.55771275],0,4,"[0.7285423500480827, 0.6073851354724864]",3,2
931,[0.37823315 0.6191821 ],9,0,"[0.4297636102329726, 0.6357143141723958]",2,12
932,[0.71269604 0.62445017],0,4,"[0.7285423500480827, 0.6073851354724864]",3,2
933,[0.32462136 0.70665667],1,8,"[0.36289448703783916, 0.7073371999105278]",2,9
934,[0.32465328 0.73154513],1,8,"[0.36289448703783916, 0.7073371999105278]",2,-1
935,[0.23834583 0.74128413],8,9,"[0.2630806751638254, 0.7080875454644293]",2,-1
936,[0.85104777 0.37247115],7,6,"[0.7921949837838228, 0.3529120844654886]",4,-1
937,[0.28622964 0.77100819],1,9,"[0.2630806751638254, 0.7080875454644293]",2,-1
938,[0.75859391 0.32725461],7,6,"[0.7921949837838228, 0.3529120844654886]",4,-1
939,[0.3904464  0.91784457],2,-1,-1,2,-1
940,[0.40519449 0.62849842],9,0,"[0.4297636102329726, 0.6357143141723958]",2,13
941,[0.3431621  0.90165874],2,1,"[0.3445904742281392, 0.8508004104108614]",2,-1
942,[0.83962548 0.45126695],4,2,"[0.8312266673252705, 0.4613441479074099]",4,-1
943,[0.71585245 0.64148158],0,4,"[0.7285423500480827, 0.6073851354724864]",3,2
944,[0.52765146 0.17451752],5,3,"[0.5044907196570393, 0.16230287856274858]",0,0
945,[0.32952488 0.86955001],2,1,"[0.3445904742281392, 0.8508004104108614]",2,-1
946,[0.09981396 0.51536815],3,5,"[0.12813625889338118, 0.45239712230086515]",1,1
947,[0.84107937 0.37599118],7,6,"[0.7921949837838228, 0.3529120844654886]",4,-1
948,[0.50590572 0.18289666],5,3,"[0.5044907196570393, 0.16230287856274858]",0,0
949,[0.50290383 0.16224339],5,3,"[0.5044907196570393, 0.16230287856274858]",0,0
950,[0.84350562 0.44873367],4,2,"[0.8312266673252705, 0.4613441479074099]",4,-1
951,[0.26277668 0.76501974],8,9,"[0.2630806751638254, 0.7080875454644293]",2,-1
952,[0.24895314 0.66672788],8,9,"[0.2630806751638254, 0.7080875454644293]",2,-1
953,[0.16888803 0.49969702],3,5,"[0.12813625889338118, 0.45239712230086515]",1,1
954,[0.24837311 0.66046065],1,9,"[0.2630806751638254, 0.7080875454644293]",2,-1
955,[0.30162977 0.70925776],1,9,"[0.2630806751638254, 0.7080875454644293]",2,9
956,[0.20911631 0.84057754],8,-1,-1,2,-1
957,[0.4973582  0.10797294],5,3,"[0.5044907196570393, 0.16230287856274858]",0,0
958,[0.34296188 0.74291852],1,8,"[0.36289448703783916, 0.7073371999105278]",2,-1
959,[0.10388031 0.37776705],3,-1,-1,1,1
960,[0.67494389 0.63054964],0,4,"[0.7285423500480827, 0.6073851354724864]",3,2
961,[0.16517078 0.4707256 ],3,5,"[0.12813625889338118, 0.45239712230086515]",1,1
962,[0.81294457 0.43044805],4,2,"[0.8312266673252705, 0.4613441479074099]",4,7
963,[0.19612871 0.76971144],8,7,"[0.17089520780330653, 0.7464713359575794]",2,8
964,[0.48935356 0.19189259],5,3,"[0.5044907196570393, 0.16230287856274858]",0,0
965,[0.80112595 0.2871742 ],7,6,"[0.7921949837838228, 0.3529120844654886]",4,-1
966,[0.38997637 0.70360498],6,8,"[0.36289448703783916, 0.7073371999105278]",2,-1
967,[0.45024016 0.16516147],5,3,"[0.5044907196570393, 0.16230287856274858]",0,0
968,[0.84369096 0.45710914],4,2,"[0.8312266673252705, 0.4613441479074099]",4,-1
969,[0.32229083 0.73079175],1,8,"[0.36289448703783916, 0.7073371999105278]",2,-1
970,[0.52862786 0.2157674 ],5,3,"[0.5044907196570393, 0.16230287856274858]",0,0
971,[0.09404278 0.7188043 ],8,-1,-1,2,-1
972,[0.19150532 0.51765255],3,-1,-1,1,1
973,[0.16057131 0.45785144],3,5,"[0.12813625889338118, 0.45239712230086515]",1,1
974,[0.3468462  0.85669621],2,1,"[0.3445904742281392, 0.8508004104108614]",2,5
975,[0.34312276 0.73578788],1,8,"[0.36289448703783916, 0.7073371999105278]",2,-1
976,[0.40140708 0.59303538],9,0,"[0.4297636102329726, 0.6357143141723958]",2,11
977,[0.40367029 0.88157719],2,1,"[0.3445904742281392, 0.8508004104108614]",2,-1
978,[0.30645889 0.66375498],1,9,"[0.2630806751638254, 0.7080875454644293]",2,-1
979,[0.59803845 0.08757735],5,-1,-1,0,0
980,[0.10851351 0.49698263],3,5,"[0.12813625889338118, 0.45239712230086515]",1,1
981,[0.47030137 0.68693916],6,0,"[0.4297636102329726, 0.6357143141723958]",2,-1
982,[0.45136954 0.66759508],6,0,"[0.4297636102329726, 0.6357143141723958]",2,-1
983,[0.66146393 0.6377474 ],0,-1,-1,3,2
984,[0.18218371 0.48071759],3,5,"[0.12813625889338118, 0.45239712230086515]",1,1
985,[0.47799304 0.66236683],6,0,"[0.4297636102329726, 0.6357143141723958]",2,-1
986,[0.39556148 0.58705381],9,0,"[0.4297636102329726, 0.6357143141723958]",2,-1
987,[0.31765596 0.82954383],2,1,"[0.3445904742281392, 0.8508004104108614]",2,-1
988,[0.41517561 0.20812152],5,-1,-1,0,0
989,[0.40225713 0.77110561],6,-1,-1,2,-1
990,[0.73276722 0.63204492],0,4,"[0.7285423500480827, 0.6073851354724864]",3,2
991,[0.82167422 0.47238954],4,2,"[0.8312266673252705, 0.4613441479074099]",4,7
992,[0.32922771 0.75291187],1,8,"[0.36289448703783916, 0.7073371999105278]",2,-1
993,[0.34233624 0.70406921],1,8,"[0.36289448703783916, 0.7073371999105278]",2,9
994,[0.47542971 0.5922428 ],9,0,"[0.4297636102329726, 0.6357143141723958]",2,-1
995,[0.17461978 0.77418104],8,7,"[0.17089520780330653, 0.7464713359575794]",2,8
996,[0.78085034 0.3796029 ],7,6,"[0.7921949837838228, 0.3529120844654886]",4,-1
997,[0.49781686 0.13047584],5,3,"[0.5044907196570393, 0.16230287856274858]",0,0
998,[0.75091794 0.35560497],7,6,"[0.7921949837838228, 0.3529120844654886]",4,-1
999,[0.79600969 0.40555905],4,6,"[0.7921949837838228, 0.3529120844654886]",4,-1
1000,[0.26733496 0.72529119],1,9,"[0.2630806751638254, 0.7080875454644293]",2,9
1001,[0.23217746 0.66098887],8,9,"[0.2630806751638254, 0.7080875454644293]",2,-1
1002,[0.3494417  0.58648605],9,-1,-1,2,-1
1003,[0.18264967 0.71579753],8,7,"[0.17089520780330653, 0.7464713359575794]",2,8
1004,[0.22348359 0.67681244],1,9,"[0.2630806751638254, 0.7080875454644293]",2,-1
1005,[0.70619203 0.55398629],0,4,"[0.7285423500480827, 0.6073851354724864]",3,2
1006,[0.37796612 0.61502754],9,0,"[0.4297636102329726, 0.6357143141723958]",2,-1
1007,[0.41143224 0.61495545],9,0,"[0.4297636102329726, 0.6357143141723958]",2,-1
1008,[0.54722614 0.15432299],5,3,"[0.5044907196570393, 0.16230287856274858]",0,0
1009,[0.71889091 0.39925173],7,-1,-1,4,-1
1010,[0.76427154 0.29444251],7,6,"[0.7921949837838228, 0.3529120844654886]",4,-1
1011,[0.40218345 0.89592515],2,-1,-1,2,-1
1012,[0.29592521 0.71459884],1,9,"[0.2630806751638254, 0.7080875454644293]",2,9
1013,[0.2005098  0.71734403],8,7,"[0.17089520780330653, 0.7464713359575794]",2,8
1014,[0.82796554 0.35680928],7,6,"[0.7921949837838228, 0.3529120844654886]",4,-1
1015,[0.86822077 0.55291688],4,-1,-1,4,-1
1016,[0.15425275 0.43604179],3,5,"[0.12813625889338118, 0.45239712230086515]",1,1
1017,[0.11645859 0.34509177],3,-1,-1,1,1
1018,[0.53649128 0.12292902],5,3,"[0.5044907196570393, 0.16230287856274858]",0,0
1019,[0.49449417 0.17254817],5,3,"[0.5044907196570393, 0.16230287856274858]",0,0
1020,[0.83158545 0.46978879],4,2,"[0.8312266673252705, 0.4613441479074099]",4,-1
1021,[0.2581532  0.74073605],1,9,"[0.2630806751638254, 0.7080875454644293]",2,-1
1022,[0.77768726 0.30859606],7,6,"[0.7921949837838228, 0.3529120844654886]",4,-1
1023,[0.78575881 0.40392822],4,6,"[0.7921949837838228, 0.3529120844654886]",4,-1
1024,[0.34058787 0.83734223],2,1,"[0.3445904742281392, 0.8508004104108614]",2,-1
1025,[0.37673917 0.54676772],9,-1,-1,2,-1
1026,[0.37040135 0.70005121],6,8,"[0.36289448703783916, 0.7073371999105278]",2,-1
1027,[0.36818365 0.78461274],2,-1,-1,2,-1
1028,[0.23338035 0.72487041],8,9,"[0.2630806751638254, 0.7080875454644293]",2,-1
1029,[0.41249826 0.70868384],6,8,"[0.36289448703783916, 0.7073371999105278]",2,10
1030,[0.27270028 0.85162107],2,-1,-1,2,-1
1031,[0.2736671  0.68008393],1,9,"[0.2630806751638254, 0.7080875454644293]",2,9
1032,[0.41457441 0.50438944],9,-1,-1,2,-1
1033,[0.77377918 0.29706065],7,6,"[0.7921949837838228, 0.3529120844654886]",4,-1
1034,[0.30664226 0.84807802],2,1,"[0.3445904742281392, 0.8508004104108614]",2,-1
1035,[0.50737938 0.14163263],5,3,"[0.5044907196570393, 0.16230287856274858]",0,0
1036,[0.40331495 0.59765405],9,0,"[0.4297636102329726, 0.6357143141723958]",2,-1
1037,[0.80640604 0.38914286],7,6,"[0.7921949837838228, 0.3529120844654886]",4,6
1038,[0.73643091 0.6922959 ],0,-1,-1,3,2
1039,[0.83762689 0.5098353 ],4,2,"[0.8312266673252705, 0.4613441479074099]",4,-1
1040,[0.17169493 0.76041735],8,7,"[0.17089520780330653, 0.7464713359575794]",2,8
1041,[0.75378231 0.5942884 ],0,4,"[0.7285423500480827, 0.6073851354724864]",3,2
1042,[0.22096866 0.46500943],3,-1,-1,1,1
1043,[0.36801965 0.64092561],9,0,"[0.4297636102329726, 0.6357143141723958]",2,-1
1044,[0.16088074 0.77347801],8,7,"[0.17089520780330653, 0.7464713359575794]",2,8
1045,[0.79545203 0.30454649],7,6,"[0.7921949837838228, 0.3529120844654886]",4,-1
1046,[0.20452822 0.69920221],8,7,"[0.17089520780330653, 0.7464713359575794]",2,-1
1047,[0.20019274 0.78193565],8,7,"[0.17089520780330653, 0.7464713359575794]",2,8
1048,[0.51272271 0.05730706],5,-1,-1,0,0
1049,[0.75316382 0.41281379],4,-1,-1,4,-1
1050,[0.41877352 0.70323578],6,8,"[0.36289448703783916, 0.7073371999105278]",2,10
1051,[0.40108032 0.8475571 ],2,1,"[0.3445904742281392, 0.8508004104108614]",2,-1
1052,[0.59506907 0.19246286],5,-1,-1,0,0
1053,[0.82131377 0.30306525],7,6,"[0.7921949837838228, 0.3529120844654886]",4,-1
1054,[0.30700478 0.65687768],1,9,"[0.2630806751638254, 0.7080875454644293]",2,-1
1055,[0.11188155 0.76348588],8,7,"[0.17089520780330653, 0.7464713359575794]",2,-1
1056,[0.78737003 0.35611753],7,6,"[0.7921949837838228, 0.3529120844654886]",4,-1
1057,[0.26313925 0.70599057],1,9,"[0.2630806751638254, 0.7080875454644293]",2,9
1058,[0.41041341 0.6383599 ],6,0,"[0.4297636102329726, 0.6357143141723958]",2,13
1059,[0.4915075  0.16759544],5,3,"[0.5044907196570393, 0.16230287856274858]",0,0
1060,[0.45741283 0.20989167],5,3,"[0.5044907196570393, 0.16230287856274858]",0,0
1061,[0.31440978 0.73097473],1,8,"[0.36289448703783916, 0.7073371999105278]",2,9
1062,[0.45233729 0.6746887 ],6,0,"[0.4297636102329726, 0.6357143141723958]",2,10
1063,[0.71443342 0.65435666],0,4,"[0.7285423500480827, 0.6073851354724864]",3,2
1064,[0.17266012 0.75488868],8,7,"[0.17089520780330653, 0.7464713359575794]",2,8
1065,[0.85162135 0.4015919 ],4,2,"[0.8312266673252705, 0.4613441479074099]",4,-1
1066,[0.23044328 0.70760803],1,9,"[0.2630806751638254, 0.7080875454644293]",2,-1
1067,[0.12571274 0.64690712],8,-1,-1,2,-1
1068,[0.16323651 0.5206311 ],3,-1,-1,1,1
1069,[0.36296883 0.53994474],9,-1,-1,2,-1
1070,[0.44621655 0.61147684],6,0,"[0.4297636102329726, 0.6357143141723958]",2,-1
1071,[0.37002976 0.79400324],2,1,"[0.3445904742281392, 0.8508004104108614]",2,-1
1072,[0.90027829 0.41698974],4,-1,-1,4,-1
1073,[0.46494804 0.68930359],9,0,"[0.4297636102329726, 0.6357143141723958]",2,-1
1074,[0.78245585 0.4399781 ],7,2,"[0.8312266673252705, 0.4613441479074099]",4,-1
1075,[0.4256313  0.74014089],6,-1,-1,2,-1
1076,[0.1342857 0.4644866],3,5,"[0.12813625889338118, 0.45239712230086515]",1,1
1077,[0.74381137 0.50354974],4,-1,-1,4,-1
1078,[0.71037201 0.62356314],0,4,"[0.7285423500480827, 0.6073851354724864]",3,2
1079,[0.45489316 0.10964337],5,-1,-1,0,0
1080,[0.15924362 0.74981674],8,7,"[0.17089520780330653, 0.7464713359575794]",2,8
1081,[0.22475713 0.67884189],1,9,"[0.2630806751638254, 0.7080875454644293]",2,-1
1082,[0.87808314 0.44266437],4,2,"[0.8312266673252705, 0.4613441479074099]",4,-1
1083,[0.1803998  0.72420379],8,7,"[0.17089520780330653, 0.7464713359575794]",2,8
1084,[0.50300393 0.12242515],5,3,"[0.5044907196570393, 0.16230287856274858]",0,0
1085,[0.50207366 0.22332199],5,3,"[0.5044907196570393, 0.16230287856274858]",0,0
1086,[0.37268888 0.65540989],9,8,"[0.36289448703783916, 0.7073371999105278]",2,-1
1087,[0.57748292 0.17320184],5,-1,-1,0,0
1088,[0.34973068 0.93681763],2,-1,-1,2,-1
1089,[0.11770822 0.40795124],3,5,"[0.12813625889338118, 0.45239712230086515]",1,1
1090,[0.42645387 0.5862049 ],9,0,"[0.4297636102329726, 0.6357143141723958]",2,11
1091,[0.28086571 0.88106672],2,-1,-1,2,-1
1092,[0.75462425 0.4984587 ],4,-1,-1,4,-1
1093,[0.34256501 0.70757207],1,8,"[0.36289448703783916, 0.7073371999105278]",2,9
1094,[0.20556563 0.7622116 ],8,7,"[0.17089520780330653, 0.7464713359575794]",2,-1
1095,[0.74865884 0.31748239],7,6,"[0.7921949837838228, 0.3529120844654886]",4,-1
1096,[0.82735703 0.44817249],4,2,"[0.8312266673252705, 0.4613441479074099]",4,-1
1097,[0.19254405 0.80487284],8,7,"[0.17089520780330653, 0.7464713359575794]",2,-1
1098,[0.5367554  0.18621501],5,3,"[0.5044907196570393, 0.16230287856274858]",0,0
1099,[0.2957342 0.8048974],2,1,"[0.3445904742281392, 0.8508004104108614]",2,-1
1100,[0.81545236 0.30179273],7,6,"[0.7921949837838228, 0.3529120844654886]",4,-1
1101,[0.46838638 0.67129497],6,0,"[0.4297636102329726, 0.6357143141723958]",2,-1
1102,[0.80114614 0.50815756],4,2,"[0.8312266673252705, 0.4613441479074099]",4,-1
1103,[0.57570061 0.16836172],5,-1,-1,0,0
1104,[0.28062028 0.72128298],1,9,"[0.2630806751638254, 0.7080875454644293]",2,9
1105,[0.35117811 0.64323443],6,8,"[0.36289448703783916, 0.7073371999105278]",2,-1
1106,[0.25692318 0.63796882],1,-1,-1,2,-1
1107,[0.84273223 0.30009196],7,-1,-1,4,-1
1108,[0.36281769 0.60487438],9,-1,-1,2,-1
1109,[0.44238119 0.18424025],5,3,"[0.5044907196570393, 0.16230287856274858]",0,0
1110,[0.77637131 0.24467088],7,-1,-1,-1,-1
1111,[0.26599277 0.74537066],8,9,"[0.2630806751638254, 0.7080875454644293]",2,-1
1112,[0.52129467 0.20744432],5,3,"[0.5044907196570393, 0.16230287856274858]",0,0
1113,[0.53502637 0.19513733],5,3,"[0.5044907196570393, 0.16230287856274858]",0,0
1114,[0.13638353 0.40559881],3,5,"[0.12813625889338118, 0.45239712230086515]",1,1
1115,[0.50254302 0.14170505],5,3,"[0.5044907196570393, 0.16230287856274858]",0,0
1116,[0.78892681 0.40412192],7,6,"[0.7921949837838228, 0.3529120844654886]",4,6
1117,[0.42147032 0.56937655],9,0,"[0.4297636102329726, 0.6357143141723958]",2,-1
1118,[0.18767004 0.49812702],3,-1,-1,1,1
1119,[0.82789694 0.45937218],4,2,"[0.8312266673252705, 0.4613441479074099]",4,-1
1120,[0.22589393 0.72129105],8,9,"[0.2630806751638254, 0.7080875454644293]",2,-1
1121,[0.48580788 0.71323895],6,-1,-1,2,-1
1122,[0.32402051 0.58732723],9,-1,-1,2,-1
1123,[0.51943389 0.12259822],5,3,"[0.5044907196570393, 0.16230287856274858]",0,0
1124,[0.71177693 0.65401174],0,4,"[0.7285423500480827, 0.6073851354724864]",3,2
1125,[0.15020592 0.49641224],3,5,"[0.12813625889338118, 0.45239712230086515]",1,1
1126,[0.13087337 0.45397907],3,5,"[0.12813625889338118, 0.45239712230086515]",1,1
1127,[0.16511691 0.42706624],3,5,"[0.12813625889338118, 0.45239712230086515]",1,1
1128,[0.07373293 0.47045963],3,5,"[0.12813625889338118, 0.45239712230086515]",1,1
1129,[0.8256754  0.30487919],7,6,"[0.7921949837838228, 0.3529120844654886]",4,-1
1130,[0.11114461 0.51335524],3,5,"[0.12813625889338118, 0.45239712230086515]",1,1
1131,[0.18589491 0.8020013 ],8,7,"[0.17089520780330653, 0.7464713359575794]",2,-1
1132,[0.72057024 0.6591674 ],0,4,"[0.7285423500480827, 0.6073851354724864]",3,2
1133,[0.23276014 0.70258905],1,9,"[0.2630806751638254, 0.7080875454644293]",2,-1
1134,[0.40068972 0.67049076],9,0,"[0.4297636102329726, 0.6357143141723958]",2,-1
1135,[0.77945864 0.45667166],4,2,"[0.8312266673252705, 0.4613441479074099]",4,-1
1136,[0.71180784 0.50655367],0,-1,-1,3,2
1137,[0.84633379 0.40495862],4,2,"[0.8312266673252705, 0.4613441479074099]",4,-1
1138,[0.36234166 0.89885623],2,1,"[0.3445904742281392, 0.8508004104108614]",2,-1
1139,[0.4502329  0.65696725],9,0,"[0.4297636102329726, 0.6357143141723958]",2,-1
1140,[0.1238324  0.51147661],3,5,"[0.12813625889338118, 0.45239712230086515]",1,1
1141,[0.70054025 0.57244536],0,4,"[0.7285423500480827, 0.6073851354724864]",3,2
1142,[0.22203604 0.72036227],8,9,"[0.2630806751638254, 0.7080875454644293]",2,-1
1143,[0.33511826 0.66707601],1,8,"[0.36289448703783916, 0.7073371999105278]",2,-1
1144,[0.83111704 0.53353711],4,-1,-1,4,-1
1145,[0.41300597 0.57969216],9,0,"[0.4297636102329726, 0.6357143141723958]",2,11
1146,[0.27398585 0.70551467],1,9,"[0.2630806751638254, 0.7080875454644293]",2,9
1147,[0.73485546 0.35535858],7,6,"[0.7921949837838228, 0.3529120844654886]",4,-1
1148,[0.16662441 0.40245829],3,5,"[0.12813625889338118, 0.45239712230086515]",1,1
1149,[0.72005829 0.62165244],0,4,"[0.7285423500480827, 0.6073851354724864]",3,2
1150,[0.74218752 0.57722432],0,4,"[0.7285423500480827, 0.6073851354724864]",3,2
1151,[0.29294679 0.71812408],1,9,"[0.2630806751638254, 0.7080875454644293]",2,9
1152,[0.86801719 0.39683398],7,-1,-1,4,-1
1153,[0.82652222 0.34615702],7,6,"[0.7921949837838228, 0.3529120844654886]",4,-1
1154,[0.46084807 0.15863994],5,3,"[0.5044907196570393, 0.16230287856274858]",0,0
1155,[0.75009996 0.44436952],4,-1,-1,4,-1
1156,[0.18800208 0.7512645 ],8,7,"[0.17089520780330653, 0.7464713359575794]",2,8
1157,[0.29200873 0.66463227],1,9,"[0.2630806751638254, 0.7080875454644293]",2,-1
1158,[0.51263685 0.12454106],5,3,"[0.5044907196570393, 0.16230287856274858]",0,0
1159,[0.83086781 0.62186102],0,-1,-1,3,2
1160,[0.83617344 0.46255262],4,2,"[0.8312266673252705, 0.4613441479074099]",4,7
1161,[0.84459419 0.41688774],4,2,"[0.8312266673252705, 0.4613441479074099]",4,-1
1162,[0.10926567 0.44021089],3,5,"[0.12813625889338118, 0.45239712230086515]",1,1
1163,[0.14453721 0.6988657 ],8,7,"[0.17089520780330653, 0.7464713359575794]",2,-1
1164,[0.74326239 0.30146856],7,-1,-1,4,-1
1165,[0.30837706 0.88680135],2,1,"[0.3445904742281392, 0.8508004104108614]",2,-1
1166,[0.24686869 0.70818493],1,9,"[0.2630806751638254, 0.7080875454644293]",2,-1
1167,[0.47687307 0.6866566 ],6,0,"[0.4297636102329726, 0.6357143141723958]",2,-1
1168,[0.4932471  0.09179578],5,-1,-1,0,0
1169,[0.66196041 0.71057478],0,-1,-1,3,2
1170,[0.15232798 0.72692541],8,7,"[0.17089520780330653, 0.7464713359575794]",2,-1
1171,[0.42897682 0.20729031],5,-1,-1,0,0
1172,[0.75829766 0.57493178],0,4,"[0.7285423500480827, 0.6073851354724864]",3,2
1173,[0.78046321 0.37871386],7,6,"[0.7921949837838228, 0.3529120844654886]",4,-1
1174,[0.09706091 0.49926218],3,5,"[0.12813625889338118, 0.45239712230086515]",1,1
1175,[0.11023217 0.46255544],3,5,"[0.12813625889338118, 0.45239712230086515]",1,1
1176,[0.71661231 0.56354086],0,4,"[0.7285423500480827, 0.6073851354724864]",3,2
1177,[0.7669891  0.49189438],4,-1,-1,4,-1
1178,[0.74440839 0.57339452],0,4,"[0.7285423500480827, 0.6073851354724864]",3,2
1179,[0.71380284 0.61565065],0,4,"[0.7285423500480827, 0.6073851354724864]",3,2
1180,[0.75633106 0.39791621],7,6,"[0.7921949837838228, 0.3529120844654886]",4,-1
1181,[0.1021231  0.45646565],3,5,"[0.12813625889338118, 0.45239712230086515]",1,1
1182,[0.29587592 0.6688254 ],1,9,"[0.2630806751638254, 0.7080875454644293]",2,9
1183,[0.38626183 0.62274972],9,0,"[0.4297636102329726, 0.6357143141723958]",2,-1
1184,[0.47907789 0.73313982],6,-1,-1,2,-1
1185,[0.41467874 0.5275116 ],9,-1,-1,2,-1
1186,[0.33120346 0.67985415],9,8,"[0.36289448703783916, 0.7073371999105278]",2,-1
1187,[0.72933311 0.61955393],0,4,"[0.7285423500480827, 0.6073851354724864]",3,2
1188,[0.46339054 0.67913778],6,0,"[0.4297636102329726, 0.6357143141723958]",2,-1
1189,[0.09306667 0.69617824],8,-1,-1,2,-1
1190,[0.47420359 0.10358628],5,3,"[0.5044907196570393, 0.16230287856274858]",0,0
1191,[0.80020711 0.31645273],7,6,"[0.7921949837838228, 0.3529120844654886]",4,-1
1192,[0.83584834 0.36299351],7,6,"[0.7921949837838228, 0.3529120844654886]",4,-1
1193,[0.35160792 0.75095817],1,8,"[0.36289448703783916, 0.7073371999105278]",2,-1
1194,[0.31542521 0.80920197],2,1,"[0.3445904742281392, 0.8508004104108614]",2,3
1195,[0.85027298 0.51213855],4,2,"[0.8312266673252705, 0.4613441479074099]",4,-1
1196,[0.46980636 0.22950239],5,-1,-1,0,0
1197,[0.69647776 0.65062969],0,4,"[0.7285423500480827, 0.6073851354724864]",3,2
1198,[0.25644519 0.72029491],1,9,"[0.2630806751638254, 0.7080875454644293]",2,9
1199,[0.51754453 0.6332363 ],6,-1,-1,2,-1
1200,[0.57670738 0.71668467],6,-1,-1,2,-1
1201,[0.18977404 0.76986079],8,7,"[0.17089520780330653, 0.7464713359575794]",2,8
1202,[0.13016382 0.67455936],8,-1,-1,2,-1
1203,[0.32644455 0.80173843],1,1,"[0.3445904742281392, 0.8508004104108614]",2,-1
1204,[0.26852107 0.81471604],2,-1,-1,2,-1
1205,[0.80258986 0.3497143 ],7,6,"[0.7921949837838228, 0.3529120844654886]",4,6
1206,[0.35320375 0.88492063],2,1,"[0.3445904742281392, 0.8508004104108614]",2,-1
1207,[0.06520542 0.56861348],3,-1,-1,1,1
1208,[0.11745231 0.46332588],3,5,"[0.12813625889338118, 0.45239712230086515]",1,1
1209,[0.73070423 0.61344382],0,4,"[0.7285423500480827, 0.6073851354724864]",3,2
1210,[0.78641874 0.44441567],4,2,"[0.8312266673252705, 0.4613441479074099]",4,-1
1211,[0.75846491 0.58707541],0,4,"[0.7285423500480827, 0.6073851354724864]",3,2
1212,[0.37321309 0.61281342],9,0,"[0.4297636102329726, 0.6357143141723958]",2,-1
1213,[0.41625841 0.66291667],9,0,"[0.4297636102329726, 0.6357143141723958]",2,10
1214,[0.85986337 0.37183642],7,-1,-1,4,-1
1215,[0.17336603 0.42614874],3,5,"[0.12813625889338118, 0.45239712230086515]",1,1
1216,[0.8252628  0.47070011],4,2,"[0.8312266673252705, 0.4613441479074099]",4,7
1217,[0.39248062 0.71982202],6,8,"[0.36289448703783916, 0.7073371999105278]",2,-1
1218,[0.32735412 0.88109603],2,1,"[0.3445904742281392, 0.8508004104108614]",2,-1
1219,[0.45537161 0.67081948],6,0,"[0.4297636102329726, 0.6357143141723958]",2,-1
1220,[0.10976401 0.40518819],3,5,"[0.12813625889338118, 0.45239712230086515]",1,1
1221,[0.41289712 0.54680299],9,-1,-1,2,-1
1222,[0.32400837 0.62566545],9,-1,-1,2,-1
1223,[0.28748943 0.717758  ],1,9,"[0.2630806751638254, 0.7080875454644293]",2,9
1224,[0.34849256 0.87613515],2,1,"[0.3445904742281392, 0.8508004104108614]",2,-1
1225,[0.05887335 0.44077284],3,-1,-1,1,1
1226,[0.7803003  0.27920067],7,-1,-1,4,-1
1227,[0.40523713 0.70739882],6,8,"[0.36289448703783916, 0.7073371999105278]",2,10
1228,[0.15374807 0.46850682],3,5,"[0.12813625889338118, 0.45239712230086515]",1,1
1229,[0.45756074 0.64244969],9,0,"[0.4297636102329726, 0.6357143141723958]",2,-1
1230,[0.41098655 0.65332951],6,0,"[0.4297636102329726, 0.6357143141723958]",2,-1
1231,[0.27444047 0.74365918],1,9,"[0.2630806751638254, 0.7080875454644293]",2,-1
1232,[0.3439995 0.7226664],1,8,"[0.36289448703783916, 0.7073371999105278]",2,9
1233,[0.67611579 0.59215313],0,4,"[0.7285423500480827, 0.6073851354724864]",3,2
1234,[0.46414359 0.12571058],5,3,"[0.5044907196570393, 0.16230287856274858]",0,0
1235,[0.43518135 0.1403331 ],5,-1,-1,0,0
1236,[0.90475286 0.516446  ],4,-1,-1,4,-1
1237,[0.07536567 0.51140104],3,-1,-1,1,1
1238,[0.46333812 0.67859894],6,0,"[0.4297636102329726, 0.6357143141723958]",2,-1
1239,[0.68967938 0.61358071],0,4,"[0.7285423500480827, 0.6073851354724864]",3,2
1240,[0.3233422  0.81716473],2,1,"[0.3445904742281392, 0.8508004104108614]",2,3
1241,[0.35933604 0.60543584],9,-1,-1,2,-1
1242,[0.84635655 0.4079312 ],4,2,"[0.8312266673252705, 0.4613441479074099]",4,-1
1243,[0.85147804 0.4782986 ],4,2,"[0.8312266673252705, 0.4613441479074099]",4,-1
1244,[0.39145693 0.62486671],6,0,"[0.4297636102329726, 0.6357143141723958]",2,-1
1245,[0.47369791 0.11186534],5,3,"[0.5044907196570393, 0.16230287856274858]",0,0
1246,[0.43269658 0.68947784],6,0,"[0.4297636102329726, 0.6357143141723958]",2,10
1247,[0.71165818 0.64976979],0,4,"[0.7285423500480827, 0.6073851354724864]",3,2
1248,[0.73114165 0.47606801],4,-1,-1,4,-1
1249,[0.34870841 0.84931145],2,1,"[0.3445904742281392, 0.8508004104108614]",2,5
1250,[0.84361068 0.52235252],4,2,"[0.8312266673252705, 0.4613441479074099]",4,-1
1251,[0.27258988 0.70238612],8,9,"[0.2630806751638254, 0.7080875454644293]",2,9
1252,[0.80009911 0.41651385],7,2,"[0.8312266673252705, 0.4613441479074099]",4,-1
1253,[0.35531676 0.6967319 ],1,8,"[0.36289448703783916, 0.7073371999105278]",2,-1
1254,[0.20981687 0.73516554],8,7,"[0.17089520780330653, 0.7464713359575794]",2,-1
1255,[0.50689209 0.20467781],5,3,"[0.5044907196570393, 0.16230287856274858]",0,0
1256,[0.95458109 0.4387806 ],4,-1,-1,-1,-1
1257,[0.76521619 0.55081034],4,4,"[0.7285423500480827, 0.6073851354724864]",3,2
1258,[0.37383883 0.69581902],6,8,"[0.36289448703783916, 0.7073371999105278]",2,-1
1259,[0.27625668 0.71816494],1,9,"[0.2630806751638254, 0.7080875454644293]",2,9
1260,[0.46871837 0.11450829],5,3,"[0.5044907196570393, 0.16230287856274858]",0,0
1261,[0.15474246 0.45632852],3,5,"[0.12813625889338118, 0.45239712230086515]",1,1
1262,[0.78159373 0.30348786],7,6,"[0.7921949837838228, 0.3529120844654886]",4,-1
1263,[0.08792231 0.50722306],3,5,"[0.12813625889338118, 0.45239712230086515]",1,1
1264,[0.2220144  0.76160114],8,7,"[0.17089520780330653, 0.7464713359575794]",2,-1
1265,[0.32964143 0.68605902],1,8,"[0.36289448703783916, 0.7073371999105278]",2,9
1266,[0.4231853  0.56978523],9,0,"[0.4297636102329726, 0.6357143141723958]",2,-1
1267,[0.76862436 0.34575792],7,6,"[0.7921949837838228, 0.3529120844654886]",4,-1
1268,[0.5596992  0.21031475],5,-1,-1,0,0
1269,[0.41181126 0.62834983],9,0,"[0.4297636102329726, 0.6357143141723958]",2,13
1270,[0.31161247 0.75608608],1,9,"[0.2630806751638254, 0.7080875454644293]",2,-1
1271,[0.27967047 0.66418478],1,9,"[0.2630806751638254, 0.7080875454644293]",2,-1
1272,[0.40614171 0.76712383],2,-1,-1,2,-1
1273,[0.86633886 0.44052721],4,2,"[0.8312266673252705, 0.4613441479074099]",4,-1
1274,[0.679885   0.63450453],0,4,"[0.7285423500480827, 0.6073851354724864]",3,2
1275,[0.87370476 0.53525078],4,-1,-1,4,-1
1276,[0.39132422 0.60944952],9,0,"[0.4297636102329726, 0.6357143141723958]",2,12
1277,[0.48390595 0.70047453],6,-1,-1,2,-1
1278,[0.4977618  0.19133782],5,3,"[0.5044907196570393, 0.16230287856274858]",0,0
1279,[0.51820978 0.13922136],5,3,"[0.5044907196570393, 0.16230287856274858]",0,0
1280,[0.37085414 0.8451695 ],2,1,"[0.3445904742281392, 0.8508004104108614]",2,-1
1281,[0.3337503  0.68118639],1,8,"[0.36289448703783916, 0.7073371999105278]",2,-1
1282,[0.79057184 0.45535694],4,2,"[0.8312266673252705, 0.4613441479074099]",4,-1
1283,[0.20017649 0.75564236],8,7,"[0.17089520780330653, 0.7464713359575794]",2,8
1284,[0.37969465 0.59331041],9,0,"[0.4297636102329726, 0.6357143141723958]",2,-1
1285,[0.23372225 0.76683007],2,9,"[0.2630806751638254, 0.7080875454644293]",2,-1
1286,[0.51417582 0.22558978],5,3,"[0.5044907196570393, 0.16230287856274858]",0,0
1287,[0.28591653 0.66920075],1,9,"[0.2630806751638254, 0.7080875454644293]",2,-1
1288,[0.16844724 0.73087079],8,7,"[0.17089520780330653, 0.7464713359575794]",2,8
1289,[0.41549319 0.68004227],6,0,"[0.4297636102329726, 0.6357143141723958]",2,10
1290,[0.47148724 0.69828917],6,-1,-1,2,-1
1291,[0.76602495 0.40106734],7,6,"[0.7921949837838228, 0.3529120844654886]",4,-1
1292,[0.29447666 0.8503233 ],2,1,"[0.3445904742281392, 0.8508004104108614]",2,-1
1293,[0.85679369 0.43981824],4,2,"[0.8312266673252705, 0.4613441479074099]",4,-1
1294,[0.14395235 0.43444612],3,5,"[0.12813625889338118, 0.45239712230086515]",1,1
1295,[0.82585692 0.40851341],4,2,"[0.8312266673252705, 0.4613441479074099]",4,6
1296,[0.42546116 0.66293649],6,0,"[0.4297636102329726, 0.6357143141723958]",2,-1
1297,[0.87732047 0.45461657],4,2,"[0.8312266673252705, 0.4613441479074099]",4,-1
1298,[0.18497344 0.40624764],3,-1,-1,1,1
1299,[0.76834442 0.36068218],7,6,"[0.7921949837838228, 0.3529120844654886]",4,-1
1300,[0.72358195 0.59693207],0,4,"[0.7285423500480827, 0.6073851354724864]",3,2
1301,[0.48607617 0.18709011],5,3,"[0.5044907196570393, 0.16230287856274858]",0,0
1302,[0.74763121 0.49950148],0,-1,-1,4,-1
1303,[0.71704613 0.51364628],0,-1,-1,3,2
1304,[0.8161664  0.40292286],7,6,"[0.7921949837838228, 0.3529120844654886]",4,-1
1305,[0.37451291 0.61757787],9,0,"[0.4297636102329726, 0.6357143141723958]",2,-1
1306,[0.8464157  0.45384412],4,2,"[0.8312266673252705, 0.4613441479074099]",4,-1
1307,[0.80277662 0.34673268],7,6,"[0.7921949837838228, 0.3529120844654886]",4,-1
1308,[0.71247977 0.68276101],0,-1,-1,3,2
1309,[0.18778338 0.86843407],8,-1,-1,2,-1
1310,[0.25847844 0.73184479],8,9,"[0.2630806751638254, 0.7080875454644293]",2,-1
1311,[0.34254583 0.90053246],2,1,"[0.3445904742281392, 0.8508004104108614]",2,-1
1312,[0.1704842  0.76802979],8,7,"[0.17089520780330653, 0.7464713359575794]",2,8
1313,[0.732     0.5685433],0,4,"[0.7285423500480827, 0.6073851354724864]",3,2
1314,[0.51567957 0.14000614],5,3,"[0.5044907196570393, 0.16230287856274858]",0,0
1315,[0.4424613  0.70047136],6,0,"[0.4297636102329726, 0.6357143141723958]",2,10
1316,[0.43844608 0.69225867],6,0,"[0.4297636102329726, 0.6357143141723958]",2,10
1317,[0.47724438 0.68341377],6,0,"[0.4297636102329726, 0.6357143141723958]",2,-1
1318,[0.43100389 0.71651876],6,8,"[0.36289448703783916, 0.7073371999105278]",2,10
1319,[0.48491782 0.72283915],6,-1,-1,2,-1
1320,[0.68696731 0.57695672],0,4,"[0.7285423500480827, 0.6073851354724864]",3,2
1321,[0.28383096 0.72895068],1,9,"[0.2630806751638254, 0.7080875454644293]",2,9
1322,[0.34928911 0.92303585],2,-1,-1,2,-1
1323,[0.77698645 0.35551819],7,6,"[0.7921949837838228, 0.3529120844654886]",4,-1
1324,[0.35505063 0.8536893 ],2,1,"[0.3445904742281392, 0.8508004104108614]",2,5
1325,[0.35429861 0.74972474],2,8,"[0.36289448703783916, 0.7073371999105278]",2,-1
1326,[0.30826165 0.61400415],9,-1,-1,2,-1
1327,[0.82584317 0.45977241],4,2,"[0.8312266673252705, 0.4613441479074099]",4,-1
1328,[0.77659088 0.66354367],0,-1,-1,3,2
1329,[0.3291254 0.8305887],2,1,"[0.3445904742281392, 0.8508004104108614]",2,-1
1330,[0.30924672 0.87886323],2,1,"[0.3445904742281392, 0.8508004104108614]",2,-1
1331,[0.11295522 0.51018781],3,5,"[0.12813625889338118, 0.45239712230086515]",1,1
1332,[0.39443943 0.6142176 ],9,0,"[0.4297636102329726, 0.6357143141723958]",2,12
1333,[0.13784081 0.45156897],3,5,"[0.12813625889338118, 0.45239712230086515]",1,1
1334,[0.5728573  0.17771519],5,-1,-1,0,0
1335,[0.50692908 0.1485285 ],5,3,"[0.5044907196570393, 0.16230287856274858]",0,0
1336,[0.84655543 0.43901274],4,2,"[0.8312266673252705, 0.4613441479074099]",4,-1
1337,[0.73106304 0.61079804],0,4,"[0.7285423500480827, 0.6073851354724864]",3,2
1338,[0.8359545 0.3582398],7,6,"[0.7921949837838228, 0.3529120844654886]",4,-1
1339,[0.04036171 0.4444499 ],3,-1,-1,1,1
1340,[0.37138625 0.87861574],2,1,"[0.3445904742281392, 0.8508004104108614]",2,-1
1341,[0.42848435 0.67619583],6,0,"[0.4297636102329726, 0.6357143141723958]",2,10
1342,[0.46610093 0.67997732],6,0,"[0.4297636102329726, 0.6357143141723958]",2,-1
1343,[0.48287863 0.14812159],5,3,"[0.5044907196570393, 0.16230287856274858]",0,0
1344,[0.3509316  0.82867377],2,1,"[0.3445904742281392, 0.8508004104108614]",2,4
1345,[0.22498192 0.44592166],3,-1,-1,1,1
1346,[0.79919814 0.44544451],4,2,"[0.8312266673252705, 0.4613441479074099]",4,-1
1347,[0.78052428 0.33313107],7,6,"[0.7921949837838228, 0.3529120844654886]",4,-1
1348,[0.70056874 0.64523327],0,4,"[0.7285423500480827, 0.6073851354724864]",3,2
1349,[0.56372232 0.07965044],5,-1,-1,0,0
1350,[0.83382156 0.48074766],4,2,"[0.8312266673252705, 0.4613441479074099]",4,-1
1351,[0.47779187 0.66936816],9,0,"[0.4297636102329726, 0.6357143141723958]",2,-1
1352,[0.28635555 0.77795301],1,-1,-1,2,-1
1353,[0.87209201 0.50052761],4,2,"[0.8312266673252705, 0.4613441479074099]",4,-1
1354,[0.48028001 0.18157288],5,3,"[0.5044907196570393, 0.16230287856274858]",0,0
1355,[0.42562638 0.57982011],9,0,"[0.4297636102329726, 0.6357143141723958]",2,-1
1356,[0.34073128 0.7103225 ],1,8,"[0.36289448703783916, 0.7073371999105278]",2,9
1357,[0.80570981 0.42967193],4,2,"[0.8312266673252705, 0.4613441479074099]",4,7
1358,[0.81782885 0.5028307 ],4,2,"[0.8312266673252705, 0.4613441479074099]",4,-1
1359,[0.83223283 0.47234254],4,2,"[0.8312266673252705, 0.4613441479074099]",4,-1
1360,[0.77470384 0.29975641],7,6,"[0.7921949837838228, 0.3529120844654886]",4,-1
1361,[0.57256937 0.14323186],5,-1,-1,0,0
1362,[0.48542161 0.71039242],6,-1,-1,2,-1
1363,[0.34359474 0.6980516 ],9,8,"[0.36289448703783916, 0.7073371999105278]",2,-1
1364,[0.49578005 0.19156335],5,3,"[0.5044907196570393, 0.16230287856274858]",0,0
1365,[0.12489381 0.74776939],8,7,"[0.17089520780330653, 0.7464713359575794]",2,-1
1366,[0.08326963 0.45145484],3,5,"[0.12813625889338118, 0.45239712230086515]",1,1
1367,[0.17532388 0.80302509],8,7,"[0.17089520780330653, 0.7464713359575794]",2,-1
1368,[0.46845021 0.68229562],6,0,"[0.4297636102329726, 0.6357143141723958]",2,-1
1369,[0.74978643 0.52479707],0,-1,-1,3,2
1370,[0.37309106 0.81210651],2,1,"[0.3445904742281392, 0.8508004104108614]",2,-1
1371,[0.55717216 0.19993456],5,3,"[0.5044907196570393, 0.16230287856274858]",0,0
1372,[0.13897415 0.42844595],3,5,"[0.12813625889338118, 0.45239712230086515]",1,1
1373,[0.30244637 0.82512301],2,1,"[0.3445904742281392, 0.8508004104108614]",2,-1
1374,[0.69775754 0.6450261 ],0,4,"[0.7285423500480827, 0.6073851354724864]",3,2
1375,[0.09982662 0.44037063],3,5,"[0.12813625889338118, 0.45239712230086515]",1,1
1376,[0.08749204 0.45916092],3,5,"[0.12813625889338118, 0.45239712230086515]",1,1
1377,[0.82599714 0.4938828 ],4,2,"[0.8312266673252705, 0.4613441479074099]",4,7
1378,[0.27625965 0.6616701 ],1,9,"[0.2630806751638254, 0.7080875454644293]",2,-1
1379,[0.48890711 0.18550234],5,3,"[0.5044907196570393, 0.16230287856274858]",0,0
1380,[0.12390497 0.44670846],3,5,"[0.12813625889338118, 0.45239712230086515]",1,1
1381,[0.42583871 0.56791668],9,0,"[0.4297636102329726, 0.6357143141723958]",2,-1
1382,[0.43954958 0.72695533],6,-1,-1,2,-1
1383,[0.78134831 0.53649667],4,-1,-1,3,2
1384,[0.16532615 0.42866434],3,5,"[0.12813625889338118, 0.45239712230086515]",1,1
1385,[0.41286612 0.67941919],6,0,"[0.4297636102329726, 0.6357143141723958]",2,10
1386,[0.14703909 0.45806153],3,5,"[0.12813625889338118, 0.45239712230086515]",1,1
1387,[0.69394713 0.58911624],0,4,"[0.7285423500480827, 0.6073851354724864]",3,2
1388,[0.81824357 0.46434687],4,2,"[0.8312266673252705, 0.4613441479074099]",4,7
1389,[0.42231055 0.14718022],5,-1,-1,0,0
1390,[0.29916059 0.63616986],1,-1,-1,2,-1
1391,[0.38267966 0.89548636],2,1,"[0.3445904742281392, 0.8508004104108614]",2,-1
1392,[0.13752963 0.51139975],3,5,"[0.12813625889338118, 0.45239712230086515]",1,1
1393,[0.15941504 0.4958152 ],3,5,"[0.12813625889338118, 0.45239712230086515]",1,1
1394,[0.48716895 0.70717806],6,-1,-1,2,-1
1395,[0.79877507 0.42744914],4,2,"[0.8312266673252705, 0.4613441479074099]",4,-1
1396,[0.15952697 0.39425009],3,5,"[0.12813625889338118, 0.45239712230086515]",1,1
1397,[0.28376582 0.73357242],1,9,"[0.2630806751638254, 0.7080875454644293]",2,9
1398,[0.16375118 0.71570023],8,7,"[0.17089520780330653, 0.7464713359575794]",2,8
1399,[0.73497593 0.51748933],0,-1,-1,3,2
1400,[0.72176164 0.56541957],0,4,"[0.7285423500480827, 0.6073851354724864]",3,2
1401,[0.17256996 0.78003223],8,7,"[0.17089520780330653, 0.7464713359575794]",2,-1
1402,[0.43666748 0.70434543],6,0,"[0.4297636102329726, 0.6357143141723958]",2,10
1403,[0.34991024 0.83315646],2,1,"[0.3445904742281392, 0.8508004104108614]",2,-1
1404,[0.70778091 0.56923218],0,4,"[0.7285423500480827, 0.6073851354724864]",3,2
1405,[0.25343189 0.71026742],1,9,"[0.2630806751638254, 0.7080875454644293]",2,9
1406,[0.33061363 0.59571834],9,-1,-1,2,-1
1407,[0.42330649 0.61240183],9,0,"[0.4297636102329726, 0.6357143141723958]",2,13
1408,[0.27325718 0.75967261],1,9,"[0.2630806751638254, 0.7080875454644293]",2,-1
1409,[0.42062025 0.61137572],9,0,"[0.4297636102329726, 0.6357143141723958]",2,13
1410,[0.06980509 0.42155515],3,5,"[0.12813625889338118, 0.45239712230086515]",1,1
1411,[0.17414596 0.41911486],3,5,"[0.12813625889338118, 0.45239712230086515]",1,1
1412,[0.21105299 0.69712929],8,9,"[0.2630806751638254, 0.7080875454644293]",2,-1
1413,[0.37206251 0.64436491],1,0,"[0.4297636102329726, 0.6357143141723958]",2,-1
1414,[0.46610073 0.15346929],5,3,"[0.5044907196570393, 0.16230287856274858]",0,0
1415,[0.41187747 0.53849105],9,-1,-1,2,-1
1416,[0.4385065  0.78107781],6,-1,-1,2,-1
1417,[0.35672731 0.58814452],9,-1,-1,2,-1
1418,[0.41356793 0.60599781],9,0,"[0.4297636102329726, 0.6357143141723958]",2,-1
1419,[0.37434781 0.69531985],6,8,"[0.36289448703783916, 0.7073371999105278]",2,-1
1420,[0.39256424 0.59641333],9,0,"[0.4297636102329726, 0.6357143141723958]",2,-1
1421,[0.26264269 0.89572387],2,-1,-1,2,-1
1422,[0.3067727  0.70683994],1,9,"[0.2630806751638254, 0.7080875454644293]",2,9
1423,[0.45516519 0.52129274],9,-1,-1,2,-1
1424,[0.34949812 0.73028132],1,8,"[0.36289448703783916, 0.7073371999105278]",2,-1
1425,[0.80733499 0.46783055],4,2,"[0.8312266673252705, 0.4613441479074099]",4,7
1426,[0.72424014 0.62125705],0,4,"[0.7285423500480827, 0.6073851354724864]",3,2
1427,[0.35496749 0.79444412],2,1,"[0.3445904742281392, 0.8508004104108614]",2,-1
1428,[0.15291664 0.47335891],3,5,"[0.12813625889338118, 0.45239712230086515]",1,1
1429,[0.85142294 0.3383083 ],7,6,"[0.7921949837838228, 0.3529120844654886]",4,-1
1430,[0.44001569 0.65644076],6,0,"[0.4297636102329726, 0.6357143141723958]",2,10
1431,[0.86766535 0.47743275],4,2,"[0.8312266673252705, 0.4613441479074099]",4,-1
1432,[0.85753041 0.46689977],4,2,"[0.8312266673252705, 0.4613441479074099]",4,-1
1433,[0.83917158 0.5042748 ],4,2,"[0.8312266673252705, 0.4613441479074099]",4,-1
1434,[0.16531749 0.78396652],8,7,"[0.17089520780330653, 0.7464713359575794]",2,-1
1435,[0.81917706 0.47462395],4,2,"[0.8312266673252705, 0.4613441479074099]",4,7
1436,[0.42470067 0.71560166],6,8,"[0.36289448703783916, 0.7073371999105278]",2,10
1437,[0.15338526 0.45589288],3,5,"[0.12813625889338118, 0.45239712230086515]",1,1
1438,[0.38091789 0.70750268],1,8,"[0.36289448703783916, 0.7073371999105278]",2,-1
1439,[0.45517431 0.15098283],5,3,"[0.5044907196570393, 0.16230287856274858]",0,0
1440,[0.17915058 0.8716652 ],8,-1,-1,2,-1
1441,[0.13913227 0.78450732],8,7,"[0.17089520780330653, 0.7464713359575794]",2,-1
1442,[0.4514043  0.76072136],6,-1,-1,2,-1
1443,[0.68815034 0.61310822],0,4,"[0.7285423500480827, 0.6073851354724864]",3,2
1444,[0.8110313  0.45838392],4,2,"[0.8312266673252705, 0.4613441479074099]",4,7
1445,[0.31114582 0.82769408],2,1,"[0.3445904742281392, 0.8508004104108614]",2,3
1446,[0.6967844  0.38365275],7,-1,-1,4,-1
1447,[0.52618559 0.1617437 ],5,3,"[0.5044907196570393, 0.16230287856274858]",0,0
1448,[0.07842033 0.40725982],3,5,"[0.12813625889338118, 0.45239712230086515]",1,1
1449,[0.17744487 0.76164704],8,7,"[0.17089520780330653, 0.7464713359575794]",2,8
1450,[0.39388998 0.58354436],9,0,"[0.4297636102329726, 0.6357143141723958]",2,-1
1451,[0.44305113 0.58912361],9,0,"[0.4297636102329726, 0.6357143141723958]",2,11
1452,[0.70406177 0.63224895],0,4,"[0.7285423500480827, 0.6073851354724864]",3,2
1453,[0.64962214 0.63970879],0,-1,-1,3,2
1454,[0.39438464 0.5980179 ],9,0,"[0.4297636102329726, 0.6357143141723958]",2,-1
1455,[0.37133584 0.57763887],9,-1,-1,2,-1
1456,[0.45582552 0.57573116],9,0,"[0.4297636102329726, 0.6357143141723958]",2,-1
1457,[0.54015066 0.15117333],5,3,"[0.5044907196570393, 0.16230287856274858]",0,0
1458,[0.84190041 0.58400511],0,-1,-1,3,2
1459,[0.18298592 0.6978283 ],8,7,"[0.17089520780330653, 0.7464713359575794]",2,-1
1460,[0.49249503 0.11188165],5,3,"[0.5044907196570393, 0.16230287856274858]",0,0
1461,[0.25629479 0.7238282 ],1,9,"[0.2630806751638254, 0.7080875454644293]",2,9
1462,[0.57685313 0.16155895],5,-1,-1,0,0
1463,[0.2776638 0.7043309],1,9,"[0.2630806751638254, 0.7080875454644293]",2,9
1464,[0.46072409 0.12969182],5,3,"[0.5044907196570393, 0.16230287856274858]",0,0
1465,[0.54645249 0.23492745],5,-1,-1,0,0
1466,[0.23787541 0.73383707],8,9,"[0.2630806751638254, 0.7080875454644293]",2,-1
1467,[0.30204663 0.83367881],2,1,"[0.3445904742281392, 0.8508004104108614]",2,-1
1468,[0.81935835 0.39657319],4,6,"[0.7921949837838228, 0.3529120844654886]",4,6
1469,[0.62296036 0.58325801],0,-1,-1,-1,2
1470,[0.47859103 0.15100739],5,3,"[0.5044907196570393, 0.16230287856274858]",0,0
1471,[0.31059516 0.69321236],1,9,"[0.2630806751638254, 0.7080875454644293]",2,9
1472,[0.05978907 0.5210719 ],3,-1,-1,1,1
1473,[0.16032601 0.46441073],3,5,"[0.12813625889338118, 0.45239712230086515]",1,1
1474,[0.27079937 0.78722682],1,-1,-1,2,-1
1475,[0.72159935 0.56001297],0,4,"[0.7285423500480827, 0.6073851354724864]",3,2
1476,[0.45595867 0.76206396],6,-1,-1,2,-1
1477,[0.36201112 0.72283352],1,8,"[0.36289448703783916, 0.7073371999105278]",2,-1
1478,[0.0813208  0.43843708],3,5,"[0.12813625889338118, 0.45239712230086515]",1,1
1479,[0.74300954 0.60576235],0,4,"[0.7285423500480827, 0.6073851354724864]",3,2
1480,[0.42468454 0.17957905],5,-1,-1,0,0
1481,[0.70380785 0.59390994],0,4,"[0.7285423500480827, 0.6073851354724864]",3,2
1482,[0.42416556 0.62127153],6,0,"[0.4297636102329726, 0.6357143141723958]",2,13
1483,[0.76488723 0.57471603],0,4,"[0.7285423500480827, 0.6073851354724864]",3,2
1484,[0.82963909 0.45200075],4,2,"[0.8312266673252705, 0.4613441479074099]",4,7
1485,[0.41051881 0.7487509 ],6,8,"[0.36289448703783916, 0.7073371999105278]",2,-1
1486,[0.40449626 0.7565123 ],6,8,"[0.36289448703783916, 0.7073371999105278]",2,-1
1487,[0.37551783 0.85112147],2,1,"[0.3445904742281392, 0.8508004104108614]",2,5
1488,[0.22723763 0.73521583],1,9,"[0.2630806751638254, 0.7080875454644293]",2,-1
1489,[0.35502688 0.70104272],1,8,"[0.36289448703783916, 0.7073371999105278]",2,-1
1490,[0.47797306 0.17857513],5,3,"[0.5044907196570393, 0.16230287856274858]",0,0
1491,[0.44331245 0.63885755],9,0,"[0.4297636102329726, 0.6357143141723958]",2,-1
1492,[0.46390074 0.89960786],2,-1,-1,2,-1
1493,[0.19443874 0.53612998],3,-1,-1,1,1
1494,[0.12353692 0.43069015],3,5,"[0.12813625889338118, 0.45239712230086515]",1,1
1495,[0.45803063 0.73435571],6,-1,-1,2,-1
1496,[0.26723697 0.68880708],1,9,"[0.2630806751638254, 0.7080875454644293]",2,9
1497,[0.7487556  0.28316428],7,-1,-1,4,-1
1498,[0.42288147 0.68115683],6,0,"[0.4297636102329726, 0.6357143141723958]",2,10
1499,[0.5679053  0.08493675],5,-1,-1,0,0
1500,[0.34514723 0.80827514],2,1,"[0.3445904742281392, 0.8508004104108614]",2,-1
1501,[0.52705906 0.11646154],5,3,"[0.5044907196570393, 0.16230287856274858]",0,0
1502,[0.77755206 0.36875106],7,6,"[0.7921949837838228, 0.3529120844654886]",4,-1
1503,[0.84081813 0.3881634 ],7,6,"[0.7921949837838228, 0.3529120844654886]",4,-1
1504,[0.187283   0.70901099],8,7,"[0.17089520780330653, 0.7464713359575794]",2,8
1505,[0.83833865 0.44391279],4,2,"[0.8312266673252705, 0.4613441479074099]",4,-1
1506,[0.22456323 0.72078526],1,9,"[0.2630806751638254, 0.7080875454644293]",2,-1
1507,[0.5435622  0.22024747],5,3,"[0.5044907196570393, 0.16230287856274858]",0,0
1508,[0.8463557  0.45928562],4,2,"[0.8312266673252705, 0.4613441479074099]",4,-1
1509,[0.19260265 0.68569026],8,7,"[0.17089520780330653, 0.7464713359575794]",2,-1
1510,[0.44673327 0.70665572],6,-1,-1,2,10
1511,[0.80885981 0.46911055],4,2,"[0.8312266673252705, 0.4613441479074099]",4,7
1512,[0.85791878 0.45953006],4,2,"[0.8312266673252705, 0.4613441479074099]",4,-1
1513,[0.10319901 0.42826443],3,5,"[0.12813625889338118, 0.45239712230086515]",1,1
1514,[0.84564935 0.48963642],4,2,"[0.8312266673252705, 0.4613441479074099]",4,-1
1515,[0.2875044  0.73419358],1,9,"[0.2630806751638254, 0.7080875454644293]",2,9
1516,[0.184478   0.75281385],8,7,"[0.17089520780330653, 0.7464713359575794]",2,8
1517,[0.83183399 0.48424167],4,2,"[0.8312266673252705, 0.4613441479074099]",4,-1
1518,[0.83315496 0.5881989 ],0,-1,-1,-1,2
1519,[0.44594277 0.72877023],6,-1,-1,2,-1
1520,[0.3954827  0.70894724],6,8,"[0.36289448703783916, 0.7073371999105278]",2,10
1521,[0.7629379  0.44459218],4,-1,-1,4,-1
1522,[0.75883321 0.38218718],7,6,"[0.7921949837838228, 0.3529120844654886]",4,-1
1523,[0.17560634 0.73883042],8,7,"[0.17089520780330653, 0.7464713359575794]",2,8
1524,[0.20345495 0.42972191],3,-1,-1,1,1
1525,[0.31684561 0.67581552],1,8,"[0.36289448703783916, 0.7073371999105278]",2,-1
1526,[0.21341062 0.71200034],1,9,"[0.2630806751638254, 0.7080875454644293]",2,-1
1527,[0.31736974 0.89104309],2,1,"[0.3445904742281392, 0.8508004104108614]",2,-1
1528,[0.82452507 0.29152725],7,6,"[0.7921949837838228, 0.3529120844654886]",4,-1
1529,[0.29412983 0.900948  ],2,-1,-1,2,-1
1530,[0.84521023 0.49896919],4,2,"[0.8312266673252705, 0.4613441479074099]",4,-1
1531,[0.46362233 0.20783917],5,3,"[0.5044907196570393, 0.16230287856274858]",0,0
1532,[0.41809213 0.57969235],9,0,"[0.4297636102329726, 0.6357143141723958]",2,11
1533,[0.18116359 0.44718561],3,5,"[0.12813625889338118, 0.45239712230086515]",1,1
1534,[0.76684651 0.42402738],7,-1,-1,4,-1
1535,[0.37426351 0.8197101 ],2,1,"[0.3445904742281392, 0.8508004104108614]",2,-1
1536,[0.16371043 0.52342209],3,-1,-1,1,1
1537,[0.47691307 0.16968833],5,3,"[0.5044907196570393, 0.16230287856274858]",0,0
1538,[0.35236654 0.82409374],2,1,"[0.3445904742281392, 0.8508004104108614]",2,4
1539,[0.91796109 0.54369138],4,-1,-1,-1,-1
1540,[0.16933043 0.76827933],8,7,"[0.17089520780330653, 0.7464713359575794]",2,8
1541,[0.47901062 0.20053307],5,3,"[0.5044907196570393, 0.16230287856274858]",0,0
1542,[0.7542053 0.2905013],7,-1,-1,4,-1
1543,[0.29513393 0.69519083],1,9,"[0.2630806751638254, 0.7080875454644293]",2,9
1544,[0.71859922 0.58353418],0,4,"[0.7285423500480827, 0.6073851354724864]",3,2
1545,[0.21645787 0.36009798],3,-1,-1,1,1
1546,[0.28597347 0.73354171],1,9,"[0.2630806751638254, 0.7080875454644293]",2,9
1547,[0.28980083 0.7772429 ],1,-1,-1,2,-1
1548,[0.12806988 0.75733175],8,7,"[0.17089520780330653, 0.7464713359575794]",2,-1
1549,[0.20178146 0.47075568],3,-1,-1,1,1
1550,[0.36839449 0.52596572],9,-1,-1,2,-1
1551,[0.37745194 0.85439569],2,1,"[0.3445904742281392, 0.8508004104108614]",2,5
1552,[0.40625831 0.68988812],6,8,"[0.36289448703783916, 0.7073371999105278]",2,10
1553,[0.3673283  0.59383329],9,-1,-1,2,-1
1554,[0.80310191 0.44599722],7,2,"[0.8312266673252705, 0.4613441479074099]",4,7
1555,[0.75748713 0.3899638 ],7,6,"[0.7921949837838228, 0.3529120844654886]",4,-1
1556,[0.81715252 0.41797336],4,2,"[0.8312266673252705, 0.4613441479074099]",4,-1
1557,[0.82350337 0.46263354],4,2,"[0.8312266673252705, 0.4613441479074099]",4,-1
1558,[0.46232292 0.61877877],6,0,"[0.4297636102329726, 0.6357143141723958]",2,-1
1559,[0.28983019 0.66969352],1,9,"[0.2630806751638254, 0.7080875454644293]",2,-1
1560,[0.8017876  0.47784697],4,2,"[0.8312266673252705, 0.4613441479074099]",4,-1
1561,[0.40051538 0.56893528],9,-1,-1,2,-1
1562,[0.53243881 0.15702049],5,3,"[0.5044907196570393, 0.16230287856274858]",0,0
1563,[0.11004839 0.49842964],3,5,"[0.12813625889338118, 0.45239712230086515]",1,1
1564,[0.18136176 0.73289309],8,7,"[0.17089520780330653, 0.7464713359575794]",2,8
1565,[0.4266704  0.70382006],6,8,"[0.36289448703783916, 0.7073371999105278]",2,10
1566,[0.40104385 0.63982467],9,0,"[0.4297636102329726, 0.6357143141723958]",2,-1
1567,[0.7713994  0.39254795],7,6,"[0.7921949837838228, 0.3529120844654886]",4,-1
1568,[0.52041394 0.1666851 ],5,3,"[0.5044907196570393, 0.16230287856274858]",0,0
1569,[0.35459741 0.81591989],2,1,"[0.3445904742281392, 0.8508004104108614]",2,4
1570,[0.81966764 0.50038925],4,2,"[0.8312266673252705, 0.4613441479074099]",4,-1
1571,[0.33096885 0.88108217],2,1,"[0.3445904742281392, 0.8508004104108614]",2,-1
1572,[0.76297474 0.43841444],4,-1,-1,4,-1
1573,[0.82104969 0.33852944],7,6,"[0.7921949837838228, 0.3529120844654886]",4,-1
1574,[0.73301195 0.60539203],0,4,"[0.7285423500480827, 0.6073851354724864]",3,2
1575,[0.48342664 0.65218661],6,0,"[0.4297636102329726, 0.6357143141723958]",2,-1
1576,[0.70215504 0.53645429],0,-1,-1,3,2
1577,[0.85299351 0.50665584],4,2,"[0.8312266673252705, 0.4613441479074099]",4,-1
1578,[0.85058455 0.41812096],4,2,"[0.8312266673252705, 0.4613441479074099]",4,-1
1579,[0.67216027 0.63800864],0,4,"[0.7285423500480827, 0.6073851354724864]",3,2
1580,[0.28250105 0.67604955],1,9,"[0.2630806751638254, 0.7080875454644293]",2,9
1581,[0.42437796 0.71687325],6,8,"[0.36289448703783916, 0.7073371999105278]",2,10
1582,[0.16601938 0.40526177],3,5,"[0.12813625889338118, 0.45239712230086515]",1,1
1583,[0.17993254 0.73177419],8,7,"[0.17089520780330653, 0.7464713359575794]",2,8
1584,[0.37493083 0.6233285 ],6,0,"[0.4297636102329726, 0.6357143141723958]",2,-1
1585,[0.76317038 0.34186344],7,6,"[0.7921949837838228, 0.3529120844654886]",4,-1
1586,[0.5105626  0.14331402],5,3,"[0.5044907196570393, 0.16230287856274858]",0,0
1587,[0.26619085 0.80176966],2,-1,-1,2,-1
1588,[0.46722012 0.62869698],6,0,"[0.4297636102329726, 0.6357143141723958]",2,-1
1589,[0.62474271 0.6732944 ],0,-1,-1,-1,2
1590,[0.41111411 0.57430097],9,0,"[0.4297636102329726, 0.6357143141723958]",2,11
1591,[0.09475776 0.43369849],3,5,"[0.12813625889338118, 0.45239712230086515]",1,1
1592,[0.32677264 0.62928158],9,-1,-1,2,-1
1593,[0.37999449 0.80389746],2,1,"[0.3445904742281392, 0.8508004104108614]",2,-1
1594,[0.66476747 0.55131846],0,-1,-1,3,2
1595,[0.16561942 0.73545024],8,7,"[0.17089520780330653, 0.7464713359575794]",2,8
1596,[0.12627815 0.44467306],3,5,"[0.12813625889338118, 0.45239712230086515]",1,1
1597,[0.47296466 0.64358624],6,0,"[0.4297636102329726, 0.6357143141723958]",2,-1
1598,[0.14536316 0.70369492],8,7,"[0.17089520780330653, 0.7464713359575794]",2,-1
1599,[0.13992845 0.76416505],8,7,"[0.17089520780330653, 0.7464713359575794]",2,-1
1600,[0.14306147 0.71648537],8,7,"[0.17089520780330653, 0.7464713359575794]",2,-1
1601,[0.13764044 0.43246098],3,5,"[0.12813625889338118, 0.45239712230086515]",1,1
1602,[0.53790501 0.13950477],5,3,"[0.5044907196570393, 0.16230287856274858]",0,0
1603,[0.7030435  0.60639989],0,4,"[0.7285423500480827, 0.6073851354724864]",3,2
1604,[0.861263   0.43187782],4,2,"[0.8312266673252705, 0.4613441479074099]",4,-1
1605,[0.85311673 0.30344911],7,-1,-1,4,-1
1606,[0.46280544 0.14869747],5,3,"[0.5044907196570393, 0.16230287856274858]",0,0
1607,[0.36254406 0.76459112],2,8,"[0.36289448703783916, 0.7073371999105278]",2,-1
1608,[0.29529875 0.7671375 ],1,9,"[0.2630806751638254, 0.7080875454644293]",2,-1
1609,[0.81554024 0.31115852],7,6,"[0.7921949837838228, 0.3529120844654886]",4,-1
1610,[0.41295597 0.55975037],9,-1,-1,2,-1
1611,[0.21766631 0.74904435],8,7,"[0.17089520780330653, 0.7464713359575794]",2,-1
1612,[0.06875654 0.48635762],3,5,"[0.12813625889338118, 0.45239712230086515]",1,1
1613,[0.81583177 0.34711472],7,6,"[0.7921949837838228, 0.3529120844654886]",4,6
1614,[0.76617545 0.55971171],0,4,"[0.7285423500480827, 0.6073851354724864]",3,2
1615,[0.44513511 0.69325054],6,0,"[0.4297636102329726, 0.6357143141723958]",2,10
1616,[0.54467678 0.14756238],5,3,"[0.5044907196570393, 0.16230287856274858]",0,0
1617,[0.38967334 0.82057454],2,1,"[0.3445904742281392, 0.8508004104108614]",2,-1
1618,[0.73484964 0.58842164],0,4,"[0.7285423500480827, 0.6073851354724864]",3,2
1619,[0.71906656 0.25166717],7,-1,-1,-1,-1
1620,[0.3067849  0.79992913],1,1,"[0.3445904742281392, 0.8508004104108614]",2,-1
1621,[0.77420339 0.63954952],0,4,"[0.7285423500480827, 0.6073851354724864]",3,2
1622,[0.49951746 0.08453938],5,-1,-1,0,0
1623,[0.73778098 0.34281148],7,6,"[0.7921949837838228, 0.3529120844654886]",4,-1
1624,[0.17386581 0.71529933],8,7,"[0.17089520780330653, 0.7464713359575794]",2,8
1625,[0.50277239 0.16398519],5,3,"[0.5044907196570393, 0.16230287856274858]",0,0
1626,[0.38814772 0.66634777],9,8,"[0.36289448703783916, 0.7073371999105278]",2,-1
1627,[0.2976322 0.5447188],9,-1,-1,2,-1
1628,[0.82330978 0.57608367],4,-1,-1,3,2
1629,[0.13141611 0.45562256],3,5,"[0.12813625889338118, 0.45239712230086515]",1,1
1630,[0.37081513 0.85029742],2,1,"[0.3445904742281392, 0.8508004104108614]",2,5
1631,[0.13101725 0.47406972],3,5,"[0.12813625889338118, 0.45239712230086515]",1,1
1632,[0.02155084 0.44372037],3,-1,-1,1,1
1633,[0.82651528 0.43528693],4,2,"[0.8312266673252705, 0.4613441479074099]",4,-1
1634,[0.28048956 0.68514688],1,9,"[0.2630806751638254, 0.7080875454644293]",2,9
1635,[0.51669664 0.18780464],5,3,"[0.5044907196570393, 0.16230287856274858]",0,0
1636,[0.18873731 0.77194016],8,7,"[0.17089520780330653, 0.7464713359575794]",2,8
1637,[0.06489299 0.53742313],3,-1,-1,1,1
1638,[0.86457573 0.50649406],4,2,"[0.8312266673252705, 0.4613441479074099]",4,-1
1639,[0.56045789 0.67510289],6,-1,-1,2,-1
1640,[0.35913249 0.55322839],9,-1,-1,2,-1
1641,[0.41243255 0.66790338],9,0,"[0.4297636102329726, 0.6357143141723958]",2,10
1642,[0.2076774  0.39895095],3,-1,-1,1,1
1643,[0.4350927  0.68954142],6,0,"[0.4297636102329726, 0.6357143141723958]",2,10
1644,[0.76593081 0.2656578 ],7,-1,-1,4,-1
1645,[0.35085911 0.86091037],2,1,"[0.3445904742281392, 0.8508004104108614]",2,5
1646,[0.28609723 0.78594992],1,-1,-1,2,-1
1647,[0.80388604 0.59521107],0,-1,-1,3,2
1648,[0.85357444 0.53882761],4,-1,-1,4,-1
1649,[0.50871046 0.67828206],6,-1,-1,2,-1
1650,[0.49763331 0.17883874],5,3,"[0.5044907196570393, 0.16230287856274858]",0,0
1651,[0.43022012 0.58882724],9,0,"[0.4297636102329726, 0.6357143141723958]",2,11
1652,[0.79160387 0.51164409],4,2,"[0.8312266673252705, 0.4613441479074099]",4,-1
1653,[0.34959791 0.59648225],9,-1,-1,2,-1
1654,[0.15206263 0.39649926],3,5,"[0.12813625889338118, 0.45239712230086515]",1,1
1655,[0.16480715 0.7567898 ],8,7,"[0.17089520780330653, 0.7464713359575794]",2,8
1656,[0.29591401 0.69715074],1,9,"[0.2630806751638254, 0.7080875454644293]",2,9
1657,[0.42419442 0.59899643],9,0,"[0.4297636102329726, 0.6357143141723958]",2,-1
1658,[0.4351099  0.62800589],9,0,"[0.4297636102329726, 0.6357143141723958]",2,-1
1659,[0.28280411 0.87348158],2,1,"[0.3445904742281392, 0.8508004104108614]",2,-1
1660,[0.33372504 0.68203549],1,8,"[0.36289448703783916, 0.7073371999105278]",2,-1
1661,[0.8167007  0.36587896],7,6,"[0.7921949837838228, 0.3529120844654886]",4,-1
1662,[0.8237882  0.44921448],4,2,"[0.8312266673252705, 0.4613441479074099]",4,-1
1663,[0.41162654 0.87016537],2,1,"[0.3445904742281392, 0.8508004104108614]",2,-1
1664,[0.27219296 0.67176541],1,9,"[0.2630806751638254, 0.7080875454644293]",2,9
1665,[0.34902489 0.70690919],1,8,"[0.36289448703783916, 0.7073371999105278]",2,-1
1666,[0.5037433  0.19260526],5,3,"[0.5044907196570393, 0.16230287856274858]",0,0
1667,[0.16464157 0.66592005],8,-1,-1,2,-1
1668,[0.80967422 0.61290832],0,-1,-1,3,2
1669,[0.66665165 0.63182683],0,4,"[0.7285423500480827, 0.6073851354724864]",3,2
1670,[0.71511315 0.62038936],0,4,"[0.7285423500480827, 0.6073851354724864]",3,2
1671,[0.73361797 0.47327573],7,-1,-1,4,-1
1672,[0.20582221 0.70442609],8,7,"[0.17089520780330653, 0.7464713359575794]",2,-1
1673,[0.1793712  0.71623626],8,7,"[0.17089520780330653, 0.7464713359575794]",2,8
1674,[0.29501379 0.71187228],1,9,"[0.2630806751638254, 0.7080875454644293]",2,9
1675,[0.70578503 0.64599838],0,4,"[0.7285423500480827, 0.6073851354724864]",3,2
1676,[0.84370162 0.40924429],4,2,"[0.8312266673252705, 0.4613441479074099]",4,-1
1677,[0.81809021 0.39536976],7,6,"[0.7921949837838228, 0.3529120844654886]",4,6
1678,[0.49996168 0.18086275],5,3,"[0.5044907196570393, 0.16230287856274858]",0,0
1679,[0.44883699 0.74769115],9,-1,-1,2,-1
1680,[0.10340413 0.70752729],8,-1,-1,2,-1
1681,[0.74159465 0.36931185],7,6,"[0.7921949837838228, 0.3529120844654886]",4,-1
1682,[0.51201379 0.12256885],5,3,"[0.5044907196570393, 0.16230287856274858]",0,0
1683,[0.46026242 0.61917733],6,0,"[0.4297636102329726, 0.6357143141723958]",2,-1
1684,[0.49842487 0.18171029],5,3,"[0.5044907196570393, 0.16230287856274858]",0,0
1685,[0.86717267 0.46096885],4,2,"[0.8312266673252705, 0.4613441479074099]",4,-1
1686,[0.20136851 0.79192281],1,7,"[0.17089520780330653, 0.7464713359575794]",2,-1
1687,[0.43245579 0.77947428],6,-1,-1,2,-1
1688,[0.75523039 0.54004615],0,-1,-1,3,2
1689,[0.37982078 0.68661227],6,8,"[0.36289448703783916, 0.7073371999105278]",2,-1
1690,[0.29014306 0.67460154],1,9,"[0.2630806751638254, 0.7080875454644293]",2,9
1691,[0.45535687 0.5931468 ],9,0,"[0.4297636102329726, 0.6357143141723958]",2,-1
1692,[0.84439276 0.3724668 ],7,6,"[0.7921949837838228, 0.3529120844654886]",4,-1
1693,[0.41923836 0.8668375 ],2,-1,-1,2,-1
1694,[0.45795829 0.71231097],6,-1,-1,2,-1
1695,[0.2918151  0.73192491],1,9,"[0.2630806751638254, 0.7080875454644293]",2,9
1696,[0.29034656 0.76225579],1,9,"[0.2630806751638254, 0.7080875454644293]",2,-1
1697,[0.29810783 0.7377782 ],1,9,"[0.2630806751638254, 0.7080875454644293]",2,-1
1698,[0.4497546  0.69840288],6,0,"[0.4297636102329726, 0.6357143141723958]",2,10
1699,[0.12051454 0.49035312],3,5,"[0.12813625889338118, 0.45239712230086515]",1,1
1700,[0.34454817 0.84418264],2,1,"[0.3445904742281392, 0.8508004104108614]",2,-1
1701,[0.85495657 0.51748125],4,2,"[0.8312266673252705, 0.4613441479074099]",4,-1
1702,[0.8674964  0.35447934],7,-1,-1,4,-1
1703,[0.14922671 0.5137823 ],3,5,"[0.12813625889338118, 0.45239712230086515]",1,1
1704,[0.74747831 0.49974736],4,-1,-1,4,-1
1705,[0.12262299 0.7785013 ],8,7,"[0.17089520780330653, 0.7464713359575794]",2,-1
1706,[0.44087854 0.68388904],6,0,"[0.4297636102329726, 0.6357143141723958]",2,10
1707,[0.54570047 0.18728511],5,3,"[0.5044907196570393, 0.16230287856274858]",0,0
1708,[0.3863434 0.7027172],1,8,"[0.36289448703783916, 0.7073371999105278]",2,-1
1709,[0.06325309 0.47279491],3,5,"[0.12813625889338118, 0.45239712230086515]",1,1
1710,[0.38710176 0.64632544],1,0,"[0.4297636102329726, 0.6357143141723958]",2,-1
1711,[0.27931215 0.70054297],1,9,"[0.2630806751638254, 0.7080875454644293]",2,9
1712,[0.08104362 0.54243033],3,-1,-1,1,1
1713,[0.16138434 0.75290353],8,7,"[0.17089520780330653, 0.7464713359575794]",2,8
1714,[0.35247119 0.50321078],9,-1,-1,2,-1
1715,[0.11529036 0.499547  ],3,5,"[0.12813625889338118, 0.45239712230086515]",1,1
1716,[0.41641408 0.70588991],6,8,"[0.36289448703783916, 0.7073371999105278]",2,10
1717,[0.04378168 0.43941161],3,-1,-1,1,1
1718,[0.1958294  0.71781769],8,7,"[0.17089520780330653, 0.7464713359575794]",2,8
1719,[0.46693317 0.19995191],5,3,"[0.5044907196570393, 0.16230287856274858]",0,0
1720,[0.45303625 0.64367903],9,0,"[0.4297636102329726, 0.6357143141723958]",2,-1
1721,[0.8418213  0.32592261],7,6,"[0.7921949837838228, 0.3529120844654886]",4,-1
1722,[0.26201221 0.65465775],1,9,"[0.2630806751638254, 0.7080875454644293]",2,-1
1723,[0.78550838 0.38464568],7,6,"[0.7921949837838228, 0.3529120844654886]",4,-1
1724,[0.3005984 0.6249465],9,-1,-1,2,-1
1725,[0.36053963 0.52423044],9,-1,-1,2,-1
1726,[0.68890887 0.52087717],0,-1,-1,3,2
1727,[0.82799776 0.51273024],4,2,"[0.8312266673252705, 0.4613441479074099]",4,-1
1728,[0.79542129 0.33182954],7,6,"[0.7921949837838228, 0.3529120844654886]",4,-1
1729,[0.39946898 0.70518371],6,8,"[0.36289448703783916, 0.7073371999105278]",2,10
1730,[0.37478311 0.61528221],9,0,"[0.4297636102329726, 0.6357143141723958]",2,-1
1731,[0.67156702 0.65330717],0,-1,-1,3,2
1732,[0.120533   0.49939345],3,5,"[0.12813625889338118, 0.45239712230086515]",1,1
1733,[0.43770484 0.64474613],6,0,"[0.4297636102329726, 0.6357143141723958]",2,-1
1734,[0.23275607 0.75188358],8,9,"[0.2630806751638254, 0.7080875454644293]",2,-1
1735,[0.71475967 0.60610593],0,4,"[0.7285423500480827, 0.6073851354724864]",3,2
1736,[0.18156419 0.74216446],8,7,"[0.17089520780330653, 0.7464713359575794]",2,8
1737,[0.76197825 0.52924962],4,-1,-1,3,2
1738,[0.40859325 0.90034452],2,-1,-1,2,-1
1739,[0.72716296 0.63616387],0,4,"[0.7285423500480827, 0.6073851354724864]",3,2
1740,[0.17714261 0.72506533],8,7,"[0.17089520780330653, 0.7464713359575794]",2,8
1741,[0.73810592 0.60498867],0,4,"[0.7285423500480827, 0.6073851354724864]",3,2
1742,[0.49917303 0.65000265],6,-1,-1,2,-1
1743,[0.20889402 0.75354922],8,7,"[0.17089520780330653, 0.7464713359575794]",2,8
1744,[0.54262913 0.22502235],5,-1,-1,0,0
1745,[0.36441725 0.85558637],2,1,"[0.3445904742281392, 0.8508004104108614]",2,5
1746,[0.78071988 0.39771265],7,6,"[0.7921949837838228, 0.3529120844654886]",4,6
1747,[0.42337334 0.66942051],6,0,"[0.4297636102329726, 0.6357143141723958]",2,-1
1748,[0.26776634 0.69715253],1,9,"[0.2630806751638254, 0.7080875454644293]",2,-1
1749,[0.08181907 0.72421081],8,-1,-1,2,-1
1750,[0.20608287 0.7576773 ],8,7,"[0.17089520780330653, 0.7464713359575794]",2,-1
1751,[0.78236345 0.41156203],7,6,"[0.7921949837838228, 0.3529120844654886]",4,-1
1752,[0.39490403 0.89390241],2,1,"[0.3445904742281392, 0.8508004104108614]",2,-1
1753,[0.43568896 0.59759913],9,0,"[0.4297636102329726, 0.6357143141723958]",2,-1
1754,[0.25930957 0.73241611],1,9,"[0.2630806751638254, 0.7080875454644293]",2,-1
1755,[0.49602236 0.12805719],5,3,"[0.5044907196570393, 0.16230287856274858]",0,0
1756,[0.07010774 0.37074502],3,-1,-1,1,1
1757,[0.46922104 0.79145051],6,-1,-1,2,-1
1758,[0.4192887 0.6580947],6,0,"[0.4297636102329726, 0.6357143141723958]",2,-1
1759,[0.85696744 0.47990061],4,2,"[0.8312266673252705, 0.4613441479074099]",4,-1
1760,[0.44810302 0.2484305 ],5,-1,-1,0,0
1761,[0.31832412 0.8525656 ],2,1,"[0.3445904742281392, 0.8508004104108614]",2,-1
1762,[0.8879633  0.42398841],4,2,"[0.8312266673252705, 0.4613441479074099]",4,-1
1763,[0.27611577 0.70895434],1,9,"[0.2630806751638254, 0.7080875454644293]",2,9
1764,[0.81173905 0.46921374],4,2,"[0.8312266673252705, 0.4613441479074099]",4,7
1765,[0.27940805 0.72779106],1,9,"[0.2630806751638254, 0.7080875454644293]",2,9
1766,[0.6893287  0.56080089],0,4,"[0.7285423500480827, 0.6073851354724864]",3,2
1767,[0.76531381 0.42900239],4,-1,-1,4,-1
1768,[0.41443456 0.68496994],6,0,"[0.4297636102329726, 0.6357143141723958]",2,10
1769,[0.13248048 0.73440104],8,7,"[0.17089520780330653, 0.7464713359575794]",2,-1
1770,[0.36727751 0.68955376],9,8,"[0.36289448703783916, 0.7073371999105278]",2,-1
1771,[0.22773178 0.4499778 ],3,-1,-1,1,1
1772,[0.39705331 0.59814888],9,0,"[0.4297636102329726, 0.6357143141723958]",2,-1
1773,[0.06512758 0.50589415],3,-1,-1,1,1
1774,[0.22447215 0.73300886],8,9,"[0.2630806751638254, 0.7080875454644293]",2,-1
1775,[0.45527346 0.52725038],9,-1,-1,2,-1
1776,[0.72639016 0.62578244],0,4,"[0.7285423500480827, 0.6073851354724864]",3,2
1777,[0.17980071 0.73542998],8,7,"[0.17089520780330653, 0.7464713359575794]",2,8
1778,[0.12942404 0.46429938],3,5,"[0.12813625889338118, 0.45239712230086515]",1,1
1779,[0.81295826 0.31758874],7,6,"[0.7921949837838228, 0.3529120844654886]",4,-1
1780,[0.21437663 0.74232561],8,7,"[0.17089520780330653, 0.7464713359575794]",2,8
1781,[0.11670236 0.47489117],3,5,"[0.12813625889338118, 0.45239712230086515]",1,1
1782,[0.43176962 0.6497556 ],6,0,"[0.4297636102329726, 0.6357143141723958]",2,-1
1783,[0.83809514 0.4858115 ],4,2,"[0.8312266673252705, 0.4613441479074099]",4,-1
1784,[0.47333706 0.18137183],5,3,"[0.5044907196570393, 0.16230287856274858]",0,0
1785,[0.40372782 0.66926335],6,0,"[0.4297636102329726, 0.6357143141723958]",2,10
1786,[0.40797566 0.66530625],6,0,"[0.4297636102329726, 0.6357143141723958]",2,10
1787,[0.74136078 0.28543502],7,-1,-1,4,-1
1788,[0.06030113 0.44547817],3,5,"[0.12813625889338118, 0.45239712230086515]",1,1
1789,[0.41115251 0.68778318],6,8,"[0.36289448703783916, 0.7073371999105278]",2,10
1790,[0.10184073 0.47181517],3,5,"[0.12813625889338118, 0.45239712230086515]",1,1
1791,[0.73672255 0.58210145],0,4,"[0.7285423500480827, 0.6073851354724864]",3,2
1792,[0.35744807 0.86159496],2,1,"[0.3445904742281392, 0.8508004104108614]",2,5
1793,[0.12184329 0.42298705],3,5,"[0.12813625889338118, 0.45239712230086515]",1,1
1794,[0.47903838 0.76099463],6,-1,-1,2,-1
1795,[0.16176026 0.6979906 ],8,7,"[0.17089520780330653, 0.7464713359575794]",2,-1
1796,[0.37144906 0.89815413],2,1,"[0.3445904742281392, 0.8508004104108614]",2,-1
1797,[0.39893911 0.61672765],9,0,"[0.4297636102329726, 0.6357143141723958]",2,-1
1798,[0.7653657  0.37392818],7,6,"[0.7921949837838228, 0.3529120844654886]",4,-1
1799,[0.44415664 0.55756839],9,-1,-1,2,-1
1800,[0.32821332 0.77500522],1,-1,-1,2,-1
1801,[0.17237463 0.47479845],3,5,"[0.12813625889338118, 0.45239712230086515]",1,1
1802,[0.07516604 0.44299435],3,5,"[0.12813625889338118, 0.45239712230086515]",1,1
1803,[0.24901892 0.70589491],1,9,"[0.2630806751638254, 0.7080875454644293]",2,-1
1804,[0.35788753 0.87072258],2,1,"[0.3445904742281392, 0.8508004104108614]",2,-1
1805,[0.36989307 0.64248786],9,0,"[0.4297636102329726, 0.6357143141723958]",2,-1
1806,[0.79676725 0.3473719 ],7,6,"[0.7921949837838228, 0.3529120844654886]",4,6
1807,[0.44425851 0.19543518],5,3,"[0.5044907196570393, 0.16230287856274858]",0,0
1808,[0.19272214 0.73069573],8,7,"[0.17089520780330653, 0.7464713359575794]",2,8
1809,[0.09553    0.49580878],3,5,"[0.12813625889338118, 0.45239712230086515]",1,1
1810,[0.12731189 0.48100948],3,5,"[0.12813625889338118, 0.45239712230086515]",1,1
1811,[0.09325059 0.38324142],3,-1,-1,1,1
1812,[0.2610874  0.64703267],1,9,"[0.2630806751638254, 0.7080875454644293]",2,-1
1813,[0.50245552 0.13199104],5,3,"[0.5044907196570393, 0.16230287856274858]",0,0
1814,[0.53490394 0.27434645],5,-1,-1,0,0
1815,[0.12329171 0.73157802],8,7,"[0.17089520780330653, 0.7464713359575794]",2,-1
1816,[0.78263995 0.4394765 ],4,2,"[0.8312266673252705, 0.4613441479074099]",4,-1
1817,[0.44269506 0.16743296],5,3,"[0.5044907196570393, 0.16230287856274858]",0,0
1818,[0.07842721 0.5024096 ],3,-1,-1,1,1
1819,[0.53982927 0.14796381],5,3,"[0.5044907196570393, 0.16230287856274858]",0,0
1820,[0.43992827 0.63391509],9,0,"[0.4297636102329726, 0.6357143141723958]",2,-1
1821,[0.8185632  0.40635424],7,2,"[0.8312266673252705, 0.4613441479074099]",4,-1
1822,[0.24676077 0.71987398],8,9,"[0.2630806751638254, 0.7080875454644293]",2,9
1823,[0.10816339 0.42787073],3,5,"[0.12813625889338118, 0.45239712230086515]",1,1
1824,[0.77626896 0.35479001],7,6,"[0.7921949837838228, 0.3529120844654886]",4,-1
1825,[0.37861992 0.72029096],6,8,"[0.36289448703783916, 0.7073371999105278]",2,-1
1826,[0.52851326 0.16276402],5,3,"[0.5044907196570393, 0.16230287856274858]",0,0
1827,[0.31441426 0.82667212],2,1,"[0.3445904742281392, 0.8508004104108614]",2,3
1828,[0.2884866 0.8657032],2,1,"[0.3445904742281392, 0.8508004104108614]",2,-1
1829,[0.86135593 0.33982298],7,-1,-1,4,-1
1830,[0.70565936 0.59097327],0,4,"[0.7285423500480827, 0.6073851354724864]",3,2
1831,[0.44427273 0.71405083],6,-1,-1,2,-1
1832,[0.20094481 0.80937215],8,7,"[0.17089520780330653, 0.7464713359575794]",2,-1
1833,[0.71549541 0.60266264],0,4,"[0.7285423500480827, 0.6073851354724864]",3,2
1834,[0.38310582 0.82530544],2,1,"[0.3445904742281392, 0.8508004104108614]",2,-1
1835,[0.77562351 0.33974801],7,6,"[0.7921949837838228, 0.3529120844654886]",4,-1
1836,[0.51180844 0.13729842],5,3,"[0.5044907196570393, 0.16230287856274858]",0,0
1837,[0.74101161 0.35660254],7,6,"[0.7921949837838228, 0.3529120844654886]",4,-1
1838,[0.49810403 0.7145044 ],6,-1,-1,2,-1
1839,[0.74767721 0.39987225],7,6,"[0.7921949837838228, 0.3529120844654886]",4,-1
1840,[0.3450031  0.81616986],2,1,"[0.3445904742281392, 0.8508004104108614]",2,-1
1841,[0.43598358 0.85409694],2,-1,-1,2,-1
1842,[0.12454368 0.49642876],3,5,"[0.12813625889338118, 0.45239712230086515]",1,1
1843,[0.48968891 0.69296457],6,-1,-1,2,-1
1844,[0.1534052 0.7505656],8,7,"[0.17089520780330653, 0.7464713359575794]",2,8
1845,[0.75644335 0.40571929],7,6,"[0.7921949837838228, 0.3529120844654886]",4,-1
1846,[0.16831085 0.77969638],8,7,"[0.17089520780330653, 0.7464713359575794]",2,-1
1847,[0.85924784 0.39361542],4,-1,-1,4,-1
1848,[0.16656901 0.81398756],8,7,"[0.17089520780330653, 0.7464713359575794]",2,-1
1849,[0.38554858 0.78878797],6,-1,-1,2,-1
1850,[0.30753396 0.80098205],2,1,"[0.3445904742281392, 0.8508004104108614]",2,-1
1851,[0.37447381 0.8301699 ],2,1,"[0.3445904742281392, 0.8508004104108614]",2,-1
1852,[0.52270192 0.21704435],5,3,"[0.5044907196570393, 0.16230287856274858]",0,0
1853,[0.6659712  0.63928748],0,-1,-1,3,2
1854,[0.54554447 0.06589146],5,-1,-1,0,0
1855,[0.28378246 0.69124667],1,9,"[0.2630806751638254, 0.7080875454644293]",2,9
1856,[0.10915967 0.44667448],3,5,"[0.12813625889338118, 0.45239712230086515]",1,1
1857,[0.36570464 0.6933249 ],6,8,"[0.36289448703783916, 0.7073371999105278]",2,-1
1858,[0.33446352 0.71283887],1,8,"[0.36289448703783916, 0.7073371999105278]",2,9
1859,[0.29308279 0.69543972],1,9,"[0.2630806751638254, 0.7080875454644293]",2,9
1860,[0.13243225 0.43758314],3,5,"[0.12813625889338118, 0.45239712230086515]",1,1
1861,[0.89682345 0.4793915 ],4,2,"[0.8312266673252705, 0.4613441479074099]",4,-1
1862,[0.38572475 0.66322132],6,8,"[0.36289448703783916, 0.7073371999105278]",2,-1
1863,[0.25410698 0.83146051],2,-1,-1,2,-1
1864,[0.44281675 0.6774961 ],6,0,"[0.4297636102329726, 0.6357143141723958]",2,10
1865,[0.14222947 0.67916627],8,-1,-1,2,-1
1866,[0.31368657 0.85158366],2,1,"[0.3445904742281392, 0.8508004104108614]",2,-1
1867,[0.67812521 0.59060639],0,4,"[0.7285423500480827, 0.6073851354724864]",3,2
1868,[0.14983008 0.75057558],8,7,"[0.17089520780330653, 0.7464713359575794]",2,8
1869,[0.47856399 0.69801991],6,-1,-1,2,-1
1870,[0.43641755 0.65983363],6,0,"[0.4297636102329726, 0.6357143141723958]",2,10
1871,[0.33601363 0.88534841],2,1,"[0.3445904742281392, 0.8508004104108614]",2,-1
1872,[0.29955227 0.87633794],2,1,"[0.3445904742281392, 0.8508004104108614]",2,-1
1873,[0.42607367 0.54560021],9,-1,-1,2,-1
1874,[0.37579943 0.57814029],9,-1,-1,2,-1
1875,[0.74729256 0.35873969],7,6,"[0.7921949837838228, 0.3529120844654886]",4,-1
1876,[0.36483408 0.93878881],2,-1,-1,2,-1
1877,[0.74256662 0.6445576 ],0,4,"[0.7285423500480827, 0.6073851354724864]",3,2
1878,[0.27468592 0.83574705],2,-1,-1,2,-1
1879,[0.49287387 0.63993271],6,0,"[0.4297636102329726, 0.6357143141723958]",2,-1
1880,[0.44891253 0.55108732],9,-1,-1,2,-1
1881,[0.19171306 0.77430971],8,7,"[0.17089520780330653, 0.7464713359575794]",2,8
1882,[0.5564347  0.16793779],5,3,"[0.5044907196570393, 0.16230287856274858]",0,0
1883,[0.83053489 0.47972005],4,2,"[0.8312266673252705, 0.4613441479074099]",4,7
1884,[0.11144006 0.39013332],3,5,"[0.12813625889338118, 0.45239712230086515]",1,1
1885,[0.13998072 0.34845166],3,-1,-1,1,1
1886,[0.1339453 0.3826615],3,5,"[0.12813625889338118, 0.45239712230086515]",1,1
1887,[0.44916234 0.64217987],9,0,"[0.4297636102329726, 0.6357143141723958]",2,-1
1888,[0.36804997 0.76616641],1,8,"[0.36289448703783916, 0.7073371999105278]",2,-1
1889,[0.27271181 0.72833914],1,9,"[0.2630806751638254, 0.7080875454644293]",2,9
1890,[0.1847522  0.75436883],8,7,"[0.17089520780330653, 0.7464713359575794]",2,8
1891,[0.18407088 0.78960652],8,7,"[0.17089520780330653, 0.7464713359575794]",2,-1
1892,[0.30088201 0.78022974],2,-1,-1,2,-1
1893,[0.32070352 0.83271308],2,1,"[0.3445904742281392, 0.8508004104108614]",2,-1
1894,[0.31080243 0.7076595 ],1,9,"[0.2630806751638254, 0.7080875454644293]",2,9
1895,[0.78347521 0.52120257],4,-1,-1,3,-1
1896,[0.44614795 0.20838912],5,-1,-1,0,0
1897,[0.12776662 0.44988416],3,5,"[0.12813625889338118, 0.45239712230086515]",1,1
1898,[0.71986875 0.62332861],0,4,"[0.7285423500480827, 0.6073851354724864]",3,2
1899,[0.50376727 0.6336628 ],6,-1,-1,2,-1
1900,[0.43947349 0.6244203 ],9,0,"[0.4297636102329726, 0.6357143141723958]",2,-1
1901,[0.84215585 0.49209151],4,2,"[0.8312266673252705, 0.4613441479074099]",4,-1
1902,[0.25550121 0.81997613],8,-1,-1,2,-1
1903,[0.41157561 0.72468941],6,8,"[0.36289448703783916, 0.7073371999105278]",2,-1
1904,[0.40795495 0.83126961],2,1,"[0.3445904742281392, 0.8508004104108614]",2,-1
1905,[0.1363557  0.49577036],3,5,"[0.12813625889338118, 0.45239712230086515]",1,1
1906,[0.52186664 0.08352297],5,-1,-1,0,0
1907,[0.33906449 0.71111723],1,8,"[0.36289448703783916, 0.7073371999105278]",2,9
1908,[0.41927535 0.52062021],9,-1,-1,2,-1
1909,[0.84321385 0.50639206],4,2,"[0.8312266673252705, 0.4613441479074099]",4,-1
1910,[0.35126789 0.86144067],2,1,"[0.3445904742281392, 0.8508004104108614]",2,5
1911,[0.12293833 0.72498181],8,7,"[0.17089520780330653, 0.7464713359575794]",2,-1
1912,[0.39054428 0.8929702 ],2,1,"[0.3445904742281392, 0.8508004104108614]",2,-1
1913,[0.66844252 0.59619534],0,4,"[0.7285423500480827, 0.6073851354724864]",3,2
1914,[0.10959999 0.79594754],8,-1,-1,2,-1
1915,[0.04706068 0.42223479],3,-1,-1,1,1
1916,[0.13345473 0.48145226],3,5,"[0.12813625889338118, 0.45239712230086515]",1,1
1917,[0.72553169 0.61456203],0,4,"[0.7285423500480827, 0.6073851354724864]",3,2
1918,[0.39207048 0.64626148],9,0,"[0.4297636102329726, 0.6357143141723958]",2,-1
1919,[0.32170974 0.73323279],1,8,"[0.36289448703783916, 0.7073371999105278]",2,-1
1920,[0.42637946 0.75074143],6,-1,-1,2,-1
1921,[0.35598924 0.8157876 ],2,1,"[0.3445904742281392, 0.8508004104108614]",2,4
1922,[0.16532298 0.74291158],8,7,"[0.17089520780330653, 0.7464713359575794]",2,8
1923,[0.87585663 0.28463766],7,-1,-1,-1,-1
1924,[0.83019822 0.44620652],4,2,"[0.8312266673252705, 0.4613441479074099]",4,-1
1925,[0.82479706 0.49651836],4,2,"[0.8312266673252705, 0.4613441479074099]",4,7
1926,[0.34162641 0.69540537],1,8,"[0.36289448703783916, 0.7073371999105278]",2,-1
1927,[0.53883122 0.12447391],5,3,"[0.5044907196570393, 0.16230287856274858]",0,0
1928,[0.44424522 0.63347581],9,0,"[0.4297636102329726, 0.6357143141723958]",2,-1
1929,[0.75472496 0.36353393],7,6,"[0.7921949837838228, 0.3529120844654886]",4,-1
1930,[0.36645668 0.84583802],2,1,"[0.3445904742281392, 0.8508004104108614]",2,-1
1931,[0.77558528 0.5151913 ],4,-1,-1,4,-1
1932,[0.81135827 0.35323251],7,6,"[0.7921949837838228, 0.3529120844654886]",4,-1
1933,[0.31055798 0.87060208],2,1,"[0.3445904742281392, 0.8508004104108614]",2,-1
1934,[0.71429826 0.63014959],0,4,"[0.7285423500480827, 0.6073851354724864]",3,2
1935,[0.49894029 0.09817074],5,3,"[0.5044907196570393, 0.16230287856274858]",0,0
1936,[0.37275248 0.8538275 ],2,1,"[0.3445904742281392, 0.8508004104108614]",2,5
1937,[0.36393157 0.69196321],6,8,"[0.36289448703783916, 0.7073371999105278]",2,-1
1938,[0.16361473 0.43176736],3,5,"[0.12813625889338118, 0.45239712230086515]",1,1
1939,[0.82876774 0.42213246],7,2,"[0.8312266673252705, 0.4613441479074099]",4,-1
1940,[0.85432391 0.50806917],4,2,"[0.8312266673252705, 0.4613441479074099]",4,-1
1941,[0.31585397 0.77596414],1,-1,-1,2,-1
1942,[0.32020527 0.89248575],2,1,"[0.3445904742281392, 0.8508004104108614]",2,-1
1943,[0.36842195 0.82269523],2,1,"[0.3445904742281392, 0.8508004104108614]",2,4
1944,[0.54441486 0.15713414],5,3,"[0.5044907196570393, 0.16230287856274858]",0,0
1945,[0.80608218 0.45464549],4,2,"[0.8312266673252705, 0.4613441479074099]",4,7
1946,[0.10985214 0.40539274],3,5,"[0.12813625889338118, 0.45239712230086515]",1,1
1947,[0.76503782 0.57359053],0,4,"[0.7285423500480827, 0.6073851354724864]",3,2
1948,[0.82809077 0.32994275],7,6,"[0.7921949837838228, 0.3529120844654886]",4,-1
1949,[0.73165669 0.67248185],0,4,"[0.7285423500480827, 0.6073851354724864]",3,2
1950,[0.11559909 0.73187063],8,7,"[0.17089520780330653, 0.7464713359575794]",2,-1
1951,[0.41142634 0.90857263],2,-1,-1,2,-1
1952,[0.82082535 0.481807  ],4,2,"[0.8312266673252705, 0.4613441479074099]",4,7
1953,[0.21654555 0.71456982],8,9,"[0.2630806751638254, 0.7080875454644293]",2,-1
1954,[0.7215404  0.47072139],4,-1,-1,-1,-1
1955,[0.23057259 0.67861034],1,9,"[0.2630806751638254, 0.7080875454644293]",2,-1
1956,[0.75241863 0.65120101],0,4,"[0.7285423500480827, 0.6073851354724864]",3,2
1957,[0.16954729 0.44866796],3,5,"[0.12813625889338118, 0.45239712230086515]",1,1
1958,[0.23705807 0.7098858 ],1,9,"[0.2630806751638254, 0.7080875454644293]",2,-1
1959,[0.47493744 0.62357476],9,0,"[0.4297636102329726, 0.6357143141723958]",2,-1
1960,[0.41779642 0.67579271],6,0,"[0.4297636102329726, 0.6357143141723958]",2,10
1961,[0.21781285 0.82269566],8,-1,-1,2,-1
1962,[0.73883183 0.36577219],7,6,"[0.7921949837838228, 0.3529120844654886]",4,-1
1963,[0.4376355  0.66281004],6,0,"[0.4297636102329726, 0.6357143141723958]",2,10
1964,[0.16642085 0.70415277],8,7,"[0.17089520780330653, 0.7464713359575794]",2,8
1965,[0.3175607  0.82386872],2,1,"[0.3445904742281392, 0.8508004104108614]",2,3
1966,[0.31649063 0.71196791],1,8,"[0.36289448703783916, 0.7073371999105278]",2,9
1967,[0.43202084 0.139444  ],5,-1,-1,0,0
1968,[0.40114295 0.83642312],2,1,"[0.3445904742281392, 0.8508004104108614]",2,-1
1969,[0.79673459 0.35224275],7,6,"[0.7921949837838228, 0.3529120844654886]",4,6
1970,[0.25904358 0.87406276],2,-1,-1,2,-1
1971,[0.48156921 0.1716184 ],5,3,"[0.5044907196570393, 0.16230287856274858]",0,0
1972,[0.11875939 0.77927581],8,7,"[0.17089520780330653, 0.7464713359575794]",2,-1
1973,[0.41008457 0.84793609],2,1,"[0.3445904742281392, 0.8508004104108614]",2,-1
1974,[0.18627457 0.70138351],8,7,"[0.17089520780330653, 0.7464713359575794]",2,-1
1975,[0.6984673  0.63221876],0,4,"[0.7285423500480827, 0.6073851354724864]",3,2
1976,[0.18235824 0.41755343],3,5,"[0.12813625889338118, 0.45239712230086515]",1,1
1977,[0.72866663 0.61394031],0,4,"[0.7285423500480827, 0.6073851354724864]",3,2
1978,[0.3888781  0.63649917],9,0,"[0.4297636102329726, 0.6357143141723958]",2,-1
1979,[0.28308627 0.89024106],2,-1,-1,2,-1
1980,[0.79698713 0.35027741],7,6,"[0.7921949837838228, 0.3529120844654886]",4,6
1981,[0.75206787 0.55095063],0,4,"[0.7285423500480827, 0.6073851354724864]",3,2
1982,[0.88678498 0.46471622],4,2,"[0.8312266673252705, 0.4613441479074099]",4,-1
1983,[0.2906587  0.76289378],1,9,"[0.2630806751638254, 0.7080875454644293]",2,-1
1984,[0.15048693 0.75309284],8,7,"[0.17089520780330653, 0.7464713359575794]",2,8
1985,[0.28575452 0.85977096],2,1,"[0.3445904742281392, 0.8508004104108614]",2,-1
1986,[0.84473093 0.42352153],4,2,"[0.8312266673252705, 0.4613441479074099]",4,-1
1987,[0.406231   0.89422345],2,-1,-1,2,-1
1988,[0.86308148 0.50913358],4,2,"[0.8312266673252705, 0.4613441479074099]",4,-1
1989,[0.45049524 0.66395467],6,0,"[0.4297636102329726, 0.6357143141723958]",2,10
1990,[0.23152257 0.78716696],8,-1,-1,2,-1
1991,[0.40613663 0.76029533],6,8,"[0.36289448703783916, 0.7073371999105278]",2,-1
1992,[0.48113251 0.11889474],5,3,"[0.5044907196570393, 0.16230287856274858]",0,0
1993,[0.32543334 0.85467012],2,1,"[0.3445904742281392, 0.8508004104108614]",2,5
1994,[0.54793016 0.15778784],5,3,"[0.5044907196570393, 0.16230287856274858]",0,0
1995,[0.83484283 0.48733303],4,2,"[0.8312266673252705, 0.4613441479074099]",4,-1
1996,[0.82909031 0.48986636],4,2,"[0.8312266673252705, 0.4613441479074099]",4,7
1997,[0.80103881 0.4164022 ],4,2,"[0.8312266673252705, 0.4613441479074099]",4,-1
1998,[0.70081327 0.52576655],0,-1,-1,3,2
1999,[0.13923588 0.40053103],3,5,"[0.12813625889338118, 0.45239712230086515]",1,1
2000,[0.70652744 0.66520026],0,4,"[0.7285423500480827, 0.6073851354724864]",3,2
2001,[0.37100263 0.57103766],9,-1,-1,2,-1
2002,[0.34781495 0.54928372],9,-1,-1,2,-1
2003,[0.11102755 0.44038269],3,5,"[0.12813625889338118, 0.45239712230086515]",1,1
2004,[0.22015883 0.78633155],8,7,"[0.17089520780330653, 0.7464713359575794]",2,-1
2005,[0.117164   0.69483566],8,-1,-1,2,-1
2006,[0.55117421 0.10529482],5,-1,-1,0,0
2007,[0.81294688 0.39646883],7,6,"[0.7921949837838228, 0.3529120844654886]",4,-1
2008,[0.89935157 0.53247536],4,-1,-1,4,-1
2009,[0.67915423 0.56048226],0,4,"[0.7285423500480827, 0.6073851354724864]",3,2
2010,[0.22679355 0.72689663],1,9,"[0.2630806751638254, 0.7080875454644293]",2,8
2011,[0.28910162 0.74139167],1,9,"[0.2630806751638254, 0.7080875454644293]",2,-1
2012,[0.1569039  0.46060617],3,5,"[0.12813625889338118, 0.45239712230086515]",1,1
2013,[0.48830515 0.1272146 ],5,3,"[0.5044907196570393, 0.16230287856274858]",0,0
2014,[0.1550362  0.37292319],3,-1,-1,1,1
2015,[0.33577026 0.69520938],1,8,"[0.36289448703783916, 0.7073371999105278]",2,9
2016,[0.327757   0.70880025],1,8,"[0.36289448703783916, 0.7073371999105278]",2,9
2017,[0.33832011 0.85022605],2,1,"[0.3445904742281392, 0.8508004104108614]",2,5
2018,[0.85560252 0.49626469],4,2,"[0.8312266673252705, 0.4613441479074099]",4,-1
2019,[0.07734    0.44810281],3,5,"[0.12813625889338118, 0.45239712230086515]",1,1
2020,[0.332746   0.84500524],2,1,"[0.3445904742281392, 0.8508004104108614]",2,-1
2021,[0.15297493 0.75255556],8,7,"[0.17089520780330653, 0.7464713359575794]",2,8
2022,[0.67949362 0.64393146],0,4,"[0.7285423500480827, 0.6073851354724864]",3,2
2023,[0.43176383 0.63642377],9,0,"[0.4297636102329726, 0.6357143141723958]",2,-1
2024,[0.55923144 0.17756857],5,3,"[0.5044907196570393, 0.16230287856274858]",0,0
2025,[0.2042241  0.42972908],3,-1,-1,1,1
2026,[0.79304292 0.49552395],4,2,"[0.8312266673252705, 0.4613441479074099]",4,-1
2027,[0.76776959 0.61538918],0,4,"[0.7285423500480827, 0.6073851354724864]",3,2
2028,[0.27729188 0.72851959],1,9,"[0.2630806751638254, 0.7080875454644293]",2,9
2029,[0.24988728 0.7245725 ],8,9,"[0.2630806751638254, 0.7080875454644293]",2,9
2030,[0.23051952 0.78493479],8,-1,-1,2,-1
2031,[0.47844766 0.61723817],6,0,"[0.4297636102329726, 0.6357143141723958]",2,-1
2032,[0.12887692 0.47536702],3,5,"[0.12813625889338118, 0.45239712230086515]",1,1
2033,[0.33151822 0.87987768],2,1,"[0.3445904742281392, 0.8508004104108614]",2,-1
2034,[0.55727628 0.09977774],5,-1,-1,0,0
2035,[0.80035358 0.37951473],7,6,"[0.7921949837838228, 0.3529120844654886]",4,6
2036,[0.19227866 0.81402013],1,-1,-1,2,-1
2037,[0.15494051 0.69274453],8,7,"[0.17089520780330653, 0.7464713359575794]",2,-1
2038,[0.57485198 0.10198743],5,-1,-1,0,0
2039,[0.16294935 0.73116833],8,7,"[0.17089520780330653, 0.7464713359575794]",2,8
2040,[0.48610455 0.72781819],6,-1,-1,2,-1
2041,[0.72987866 0.59989109],0,4,"[0.7285423500480827, 0.6073851354724864]",3,2
2042,[0.33821573 0.83710871],2,1,"[0.3445904742281392, 0.8508004104108614]",2,-1
2043,[0.79167172 0.39942374],7,6,"[0.7921949837838228, 0.3529120844654886]",4,6
2044,[0.17125293 0.69883999],8,7,"[0.17089520780330653, 0.7464713359575794]",2,-1
2045,[0.3477174  0.76836652],2,8,"[0.36289448703783916, 0.7073371999105278]",2,-1
2046,[0.41249723 0.60650191],9,0,"[0.4297636102329726, 0.6357143141723958]",2,-1
2047,[0.30896192 0.70710501],1,9,"[0.2630806751638254, 0.7080875454644293]",2,9
2048,[0.41833782 0.63291662],9,0,"[0.4297636102329726, 0.6357143141723958]",2,13
2049,[0.4357291 0.5624563],9,-1,-1,2,-1
2050,[0.41226017 0.63189356],6,0,"[0.4297636102329726, 0.6357143141723958]",2,13
2051,[0.2726413  0.64210182],1,9,"[0.2630806751638254, 0.7080875454644293]",2,-1
2052,[0.43428814 0.63341204],9,0,"[0.4297636102329726, 0.6357143141723958]",2,-1
2053,[0.71664143 0.57680088],0,4,"[0.7285423500480827, 0.6073851354724864]",3,2
2054,[0.31001904 0.71808942],1,9,"[0.2630806751638254, 0.7080875454644293]",2,9
2055,[0.71353125 0.60970786],0,4,"[0.7285423500480827, 0.6073851354724864]",3,2
2056,[0.42301503 0.59434661],9,0,"[0.4297636102329726, 0.6357143141723958]",2,-1
2057,[0.14487349 0.51238646],3,5,"[0.12813625889338118, 0.45239712230086515]",1,1
2058,[0.77474888 0.33134562],7,6,"[0.7921949837838228, 0.3529120844654886]",4,-1
2059,[0.43321164 0.72112119],6,-1,-1,2,10
2060,[0.39331441 0.61154327],9,0,"[0.4297636102329726, 0.6357143141723958]",2,12
2061,[0.79195153 0.44857706],4,2,"[0.8312266673252705, 0.4613441479074099]",4,-1
2062,[0.67917611 0.59527281],0,4,"[0.7285423500480827, 0.6073851354724864]",3,2
2063,[0.28501443 0.70293985],1,9,"[0.2630806751638254, 0.7080875454644293]",2,9
2064,[0.37229032 0.61379436],9,0,"[0.4297636102329726, 0.6357143141723958]",2,-1
2065,[0.43202963 0.71754828],6,8,"[0.36289448703783916, 0.7073371999105278]",2,10
2066,[0.78489587 0.35108803],7,6,"[0.7921949837838228, 0.3529120844654886]",4,-1
2067,[0.69032056 0.63481254],0,4,"[0.7285423500480827, 0.6073851354724864]",3,2
2068,[0.44353431 0.66584408],6,0,"[0.4297636102329726, 0.6357143141723958]",2,10
2069,[0.46033578 0.16450358],5,3,"[0.5044907196570393, 0.16230287856274858]",0,0
2070,[0.82055265 0.49350981],4,2,"[0.8312266673252705, 0.4613441479074099]",4,7
2071,[0.4321134  0.60597419],9,0,"[0.4297636102329726, 0.6357143141723958]",2,-1
2072,[0.87295706 0.47463271],4,2,"[0.8312266673252705, 0.4613441479074099]",4,-1
2073,[0.86180052 0.45873159],4,2,"[0.8312266673252705, 0.4613441479074099]",4,-1
2074,[0.47370996 0.18293015],5,3,"[0.5044907196570393, 0.16230287856274858]",0,0
2075,[0.43850313 0.67026803],9,0,"[0.4297636102329726, 0.6357143141723958]",2,10
2076,[0.34475561 0.91334591],2,1,"[0.3445904742281392, 0.8508004104108614]",2,-1
2077,[0.3662862  0.61970956],1,0,"[0.4297636102329726, 0.6357143141723958]",2,-1
2078,[0.47591221 0.70607691],6,-1,-1,2,-1
2079,[0.31229148 0.78466429],1,-1,-1,2,-1
2080,[0.20146147 0.75038291],8,7,"[0.17089520780330653, 0.7464713359575794]",2,8
2081,[0.47449901 0.12845427],5,3,"[0.5044907196570393, 0.16230287856274858]",0,0
2082,[0.42676763 0.21409251],5,-1,-1,0,0
2083,[0.37238831 0.86968075],2,1,"[0.3445904742281392, 0.8508004104108614]",2,-1
2084,[0.80223221 0.42735947],7,2,"[0.8312266673252705, 0.4613441479074099]",4,-1
2085,[0.399875   0.57745917],9,0,"[0.4297636102329726, 0.6357143141723958]",2,11
2086,[0.18490221 0.73731624],8,7,"[0.17089520780330653, 0.7464713359575794]",2,8
2087,[0.5204004  0.13874021],5,3,"[0.5044907196570393, 0.16230287856274858]",0,0
2088,[0.85809663 0.43802484],4,2,"[0.8312266673252705, 0.4613441479074099]",4,-1
2089,[0.22914224 0.77270192],1,7,"[0.17089520780330653, 0.7464713359575794]",2,-1
2090,[0.46551568 0.09055847],5,-1,-1,0,0
2091,[0.16434923 0.44153124],3,5,"[0.12813625889338118, 0.45239712230086515]",1,1
2092,[0.31386385 0.76873593],1,-1,-1,2,-1
2093,[0.77019432 0.61940925],0,4,"[0.7285423500480827, 0.6073851354724864]",3,2
2094,[0.79379539 0.50017561],4,2,"[0.8312266673252705, 0.4613441479074099]",4,-1
2095,[0.79127734 0.64221283],0,-1,-1,3,2
2096,[0.19133495 0.78615873],8,7,"[0.17089520780330653, 0.7464713359575794]",2,-1
2097,[0.79768132 0.33978342],7,6,"[0.7921949837838228, 0.3529120844654886]",4,6
2098,[0.10111358 0.43187929],3,5,"[0.12813625889338118, 0.45239712230086515]",1,1
2099,[0.72683043 0.58946773],0,4,"[0.7285423500480827, 0.6073851354724864]",3,2
2100,[0.3150622  0.90179039],2,1,"[0.3445904742281392, 0.8508004104108614]",2,-1
2101,[0.33096543 0.89121685],2,1,"[0.3445904742281392, 0.8508004104108614]",2,-1
2102,[0.11377277 0.49975634],3,5,"[0.12813625889338118, 0.45239712230086515]",1,1
2103,[0.7278541  0.63688147],0,4,"[0.7285423500480827, 0.6073851354724864]",3,2
2104,[0.86478164 0.47788623],4,2,"[0.8312266673252705, 0.4613441479074099]",4,-1
2105,[0.4858534  0.19098487],5,3,"[0.5044907196570393, 0.16230287856274858]",0,0
2106,[0.18713507 0.76904092],8,7,"[0.17089520780330653, 0.7464713359575794]",2,8
2107,[0.37599951 0.64553819],9,0,"[0.4297636102329726, 0.6357143141723958]",2,-1
2108,[0.80644074 0.42117341],4,2,"[0.8312266673252705, 0.4613441479074099]",4,-1
2109,[0.38320024 0.72733256],6,8,"[0.36289448703783916, 0.7073371999105278]",2,-1
2110,[0.19446313 0.7388595 ],8,7,"[0.17089520780330653, 0.7464713359575794]",2,8
2111,[0.17025833 0.80026968],8,7,"[0.17089520780330653, 0.7464713359575794]",2,-1
2112,[0.41555954 0.87905406],2,-1,-1,2,-1
2113,[0.79377039 0.58790805],0,4,"[0.7285423500480827, 0.6073851354724864]",3,2
2114,[0.39251013 0.73081152],6,8,"[0.36289448703783916, 0.7073371999105278]",2,-1
2115,[0.37323137 0.56397138],9,-1,-1,2,-1
2116,[0.33378475 0.69597631],1,8,"[0.36289448703783916, 0.7073371999105278]",2,9
2117,[0.49121868 0.21657766],5,3,"[0.5044907196570393, 0.16230287856274858]",0,0
2118,[0.41334136 0.65971831],6,0,"[0.4297636102329726, 0.6357143141723958]",2,-1
2119,[0.81370679 0.30393627],7,6,"[0.7921949837838228, 0.3529120844654886]",4,-1
2120,[0.82499861 0.44480211],4,2,"[0.8312266673252705, 0.4613441479074099]",4,-1
2121,[0.40852789 0.56398436],9,-1,-1,2,-1
2122,[0.3258041  0.70024805],1,8,"[0.36289448703783916, 0.7073371999105278]",2,9
2123,[0.45535519 0.57016616],9,-1,-1,2,-1
2124,[0.76827305 0.34314645],7,6,"[0.7921949837838228, 0.3529120844654886]",4,-1
2125,[0.8019859  0.50191281],4,2,"[0.8312266673252705, 0.4613441479074099]",4,-1
2126,[0.28736193 0.70225822],1,9,"[0.2630806751638254, 0.7080875454644293]",2,9
2127,[0.38860487 0.83401687],2,1,"[0.3445904742281392, 0.8508004104108614]",2,-1
2128,[0.12412244 0.74784457],8,7,"[0.17089520780330653, 0.7464713359575794]",2,-1
2129,[0.36892092 0.6347957 ],9,0,"[0.4297636102329726, 0.6357143141723958]",2,-1
2130,[0.69149917 0.60458738],0,4,"[0.7285423500480827, 0.6073851354724864]",3,2
2131,[0.37878501 0.61784409],9,0,"[0.4297636102329726, 0.6357143141723958]",2,12
2132,[0.34472955 0.62870734],9,-1,-1,2,-1
2133,[0.1366123  0.76520166],8,7,"[0.17089520780330653, 0.7464713359575794]",2,-1
2134,[0.87620219 0.41778178],4,2,"[0.8312266673252705, 0.4613441479074099]",4,-1
2135,[0.76283958 0.31348851],7,6,"[0.7921949837838228, 0.3529120844654886]",4,-1
2136,[0.24962698 0.72272695],1,9,"[0.2630806751638254, 0.7080875454644293]",2,-1
2137,[0.11243492 0.69658562],8,-1,-1,2,-1
2138,[0.38127416 0.89101671],2,1,"[0.3445904742281392, 0.8508004104108614]",2,-1
2139,[0.8837678  0.54380464],4,-1,-1,4,-1
2140,[0.2222961  0.79671801],8,-1,-1,2,-1
2141,[0.21381369 0.73480842],8,7,"[0.17089520780330653, 0.7464713359575794]",2,-1
2142,[0.48281155 0.11148186],5,3,"[0.5044907196570393, 0.16230287856274858]",0,0
2143,[0.43792466 0.66213759],6,0,"[0.4297636102329726, 0.6357143141723958]",2,10
2144,[0.82298439 0.25539943],7,-1,-1,4,-1
2145,[0.41719008 0.64828349],6,0,"[0.4297636102329726, 0.6357143141723958]",2,10
2146,[0.76197712 0.60335733],0,4,"[0.7285423500480827, 0.6073851354724864]",3,2
2147,[0.44281601 0.53336841],9,-1,-1,2,-1
2148,[0.68607084 0.67334897],0,-1,-1,3,2
2149,[0.29750774 0.69674749],1,9,"[0.2630806751638254, 0.7080875454644293]",2,9
2150,[0.29533992 0.69907463],1,9,"[0.2630806751638254, 0.7080875454644293]",2,9
2151,[0.48483605 0.69281786],6,-1,-1,2,-1
2152,[0.17968443 0.78615927],8,7,"[0.17089520780330653, 0.7464713359575794]",2,-1
2153,[0.80449699 0.46536456],4,2,"[0.8312266673252705, 0.4613441479074099]",4,7
2154,[0.44503255 0.69023102],6,0,"[0.4297636102329726, 0.6357143141723958]",2,10
2155,[0.3527401  0.68833188],1,8,"[0.36289448703783916, 0.7073371999105278]",2,-1
2156,[0.90277314 0.4599595 ],4,-1,-1,4,-1
2157,[0.16279422 0.46879501],3,5,"[0.12813625889338118, 0.45239712230086515]",1,1
2158,[0.88606685 0.45272606],4,2,"[0.8312266673252705, 0.4613441479074099]",4,-1
2159,[0.88652462 0.44150901],4,2,"[0.8312266673252705, 0.4613441479074099]",4,-1
2160,[0.75541586 0.63559284],0,4,"[0.7285423500480827, 0.6073851354724864]",3,2
2161,[0.78413224 0.38755628],7,6,"[0.7921949837838228, 0.3529120844654886]",4,-1
2162,[0.70334475 0.65175107],0,4,"[0.7285423500480827, 0.6073851354724864]",3,2
2163,[0.4503036  0.58488798],9,0,"[0.4297636102329726, 0.6357143141723958]",2,-1
2164,[0.7296381  0.57085331],0,4,"[0.7285423500480827, 0.6073851354724864]",3,2
2165,[0.15230104 0.41153095],3,5,"[0.12813625889338118, 0.45239712230086515]",1,1
2166,[0.79295934 0.29471443],7,6,"[0.7921949837838228, 0.3529120844654886]",4,-1
2167,[0.3188051  0.72585128],1,8,"[0.36289448703783916, 0.7073371999105278]",2,9
2168,[0.26440883 0.65752342],1,9,"[0.2630806751638254, 0.7080875454644293]",2,-1
2169,[0.46453959 0.22493522],5,-1,-1,0,0
2170,[0.71904179 0.62689528],0,4,"[0.7285423500480827, 0.6073851354724864]",3,2
2171,[0.16213122 0.71621674],8,7,"[0.17089520780330653, 0.7464713359575794]",2,8
2172,[0.78427741 0.52064645],4,-1,-1,3,-1
2173,[0.70963938 0.65297232],0,4,"[0.7285423500480827, 0.6073851354724864]",3,2
2174,[0.4791057 0.5705267],9,-1,-1,2,-1
2175,[0.84242081 0.41229773],4,2,"[0.8312266673252705, 0.4613441479074099]",4,-1
2176,[0.44863173 0.70453182],6,-1,-1,2,10
2177,[0.52493508 0.28520074],5,-1,-1,0,0
2178,[0.41373096 0.68748363],6,0,"[0.4297636102329726, 0.6357143141723958]",2,10
2179,[0.73126686 0.31106786],7,-1,-1,4,-1
2180,[0.41019713 0.83912348],2,1,"[0.3445904742281392, 0.8508004104108614]",2,-1
2181,[0.75448142 0.31999354],7,6,"[0.7921949837838228, 0.3529120844654886]",4,-1
2182,[0.12150644 0.40341206],3,5,"[0.12813625889338118, 0.45239712230086515]",1,1
2183,[0.13052966 0.74880594],8,7,"[0.17089520780330653, 0.7464713359575794]",2,-1
2184,[0.24229994 0.80418191],8,-1,-1,2,-1
2185,[0.74627615 0.31409919],7,6,"[0.7921949837838228, 0.3529120844654886]",4,-1
2186,[0.09479919 0.48882633],3,5,"[0.12813625889338118, 0.45239712230086515]",1,1
2187,[0.33950537 0.81900518],2,1,"[0.3445904742281392, 0.8508004104108614]",2,-1
2188,[0.49576836 0.21737724],5,3,"[0.5044907196570393, 0.16230287856274858]",0,0
2189,[0.49571525 0.11852403],5,3,"[0.5044907196570393, 0.16230287856274858]",0,0
2190,[0.12985973 0.42996793],3,5,"[0.12813625889338118, 0.45239712230086515]",1,1
2191,[0.12349967 0.72456678],8,7,"[0.17089520780330653, 0.7464713359575794]",2,-1
2192,[0.70720276 0.59000846],0,4,"[0.7285423500480827, 0.6073851354724864]",3,2
2193,[0.80308925 0.46937771],4,2,"[0.8312266673252705, 0.4613441479074099]",4,-1
2194,[0.491303   0.15809735],5,3,"[0.5044907196570393, 0.16230287856274858]",0,0
2195,[0.32897    0.71444831],1,8,"[0.36289448703783916, 0.7073371999105278]",2,9
2196,[0.39130631 0.59778061],9,0,"[0.4297636102329726, 0.6357143141723958]",2,-1
2197,[0.08857778 0.44779052],3,5,"[0.12813625889338118, 0.45239712230086515]",1,1
2198,[0.83337276 0.50168286],4,2,"[0.8312266673252705, 0.4613441479074099]",4,-1
2199,[0.23764895 0.72507281],1,9,"[0.2630806751638254, 0.7080875454644293]",2,-1
2200,[0.23744496 0.68214649],1,9,"[0.2630806751638254, 0.7080875454644293]",2,-1
2201,[0.30353349 0.57747285],9,-1,-1,2,-1
2202,[0.17061365 0.80795983],8,7,"[0.17089520780330653, 0.7464713359575794]",2,-1
2203,[0.36922641 0.69059285],1,8,"[0.36289448703783916, 0.7073371999105278]",2,-1
2204,[0.1359547  0.47588176],3,5,"[0.12813625889338118, 0.45239712230086515]",1,1
2205,[0.46049484 0.67271539],6,0,"[0.4297636102329726, 0.6357143141723958]",2,-1
2206,[0.21063195 0.71034513],8,9,"[0.2630806751638254, 0.7080875454644293]",2,-1
2207,[0.8073843  0.45106013],4,2,"[0.8312266673252705, 0.4613441479074099]",4,7
2208,[0.37501398 0.54266702],9,-1,-1,2,-1
2209,[0.19280734 0.78499323],8,7,"[0.17089520780330653, 0.7464713359575794]",2,-1
2210,[0.15451447 0.45475976],3,5,"[0.12813625889338118, 0.45239712230086515]",1,1
2211,[0.48464502 0.09414103],5,-1,-1,0,0
2212,[0.42858329 0.89282369],2,-1,-1,2,-1
2213,[0.50444017 0.13495788],5,3,"[0.5044907196570393, 0.16230287856274858]",0,0
2214,[0.46522005 0.19573463],5,3,"[0.5044907196570393, 0.16230287856274858]",0,0
2215,[0.49963194 0.16684419],5,3,"[0.5044907196570393, 0.16230287856274858]",0,0
2216,[0.14134262 0.46057973],3,5,"[0.12813625889338118, 0.45239712230086515]",1,1
2217,[0.70757094 0.62504237],0,4,"[0.7285423500480827, 0.6073851354724864]",3,2
2218,[0.27381978 0.65915546],1,9,"[0.2630806751638254, 0.7080875454644293]",2,-1
2219,[0.28794456 0.72357309],1,9,"[0.2630806751638254, 0.7080875454644293]",2,9
2220,[0.14142369 0.49983736],3,5,"[0.12813625889338118, 0.45239712230086515]",1,1
2221,[0.52687426 0.66797304],6,-1,-1,2,-1
2222,[0.33956409 0.7371991 ],1,8,"[0.36289448703783916, 0.7073371999105278]",2,-1
2223,[0.72913124 0.67949814],0,-1,-1,3,2
2224,[0.31521884 0.90707634],2,1,"[0.3445904742281392, 0.8508004104108614]",2,-1
2225,[0.41917367 0.55118097],9,-1,-1,2,-1
2226,[0.1215054  0.43859152],3,5,"[0.12813625889338118, 0.45239712230086515]",1,1
2227,[0.31733946 0.71639677],1,8,"[0.36289448703783916, 0.7073371999105278]",2,9
2228,[0.11544799 0.46803083],3,5,"[0.12813625889338118, 0.45239712230086515]",1,1
2229,[0.72904318 0.62976343],0,4,"[0.7285423500480827, 0.6073851354724864]",3,2
2230,[0.82578787 0.39557236],4,6,"[0.7921949837838228, 0.3529120844654886]",4,-1
2231,[0.56568547 0.18688579],5,3,"[0.5044907196570393, 0.16230287856274858]",0,0
2232,[0.36282763 0.62112281],9,0,"[0.4297636102329726, 0.6357143141723958]",2,-1
2233,[0.4829329 0.6192438],9,0,"[0.4297636102329726, 0.6357143141723958]",2,-1
2234,[0.44292607 0.69841473],6,0,"[0.4297636102329726, 0.6357143141723958]",2,10
2235,[0.83249984 0.40114115],7,2,"[0.8312266673252705, 0.4613441479074099]",4,-1
2236,[0.42482849 0.62072783],9,0,"[0.4297636102329726, 0.6357143141723958]",2,13
2237,[0.22859513 0.6597602 ],8,9,"[0.2630806751638254, 0.7080875454644293]",2,-1
2238,[0.828849   0.44647223],4,2,"[0.8312266673252705, 0.4613441479074099]",4,-1
2239,[0.81497001 0.36235581],7,6,"[0.7921949837838228, 0.3529120844654886]",4,6
2240,[0.80518093 0.41318223],4,2,"[0.8312266673252705, 0.4613441479074099]",4,-1
2241,[0.132567   0.45179156],3,5,"[0.12813625889338118, 0.45239712230086515]",1,1
2242,[0.80969742 0.40674702],4,6,"[0.7921949837838228, 0.3529120844654886]",4,6
2243,[0.68739991 0.6651606 ],0,-1,-1,3,2
2244,[0.3646242  0.61787987],9,0,"[0.4297636102329726, 0.6357143141723958]",2,-1
2245,[0.27124479 0.73423364],8,9,"[0.2630806751638254, 0.7080875454644293]",2,-1
2246,[0.2130927  0.74972162],8,7,"[0.17089520780330653, 0.7464713359575794]",2,8
2247,[0.38723297 0.88089585],2,1,"[0.3445904742281392, 0.8508004104108614]",2,-1
2248,[0.35548073 0.81499872],2,1,"[0.3445904742281392, 0.8508004104108614]",2,4
2249,[0.70541058 0.5473555 ],0,4,"[0.7285423500480827, 0.6073851354724864]",3,2
2250,[0.40086651 0.65864025],6,0,"[0.4297636102329726, 0.6357143141723958]",2,10
2251,[0.36658082 0.58539301],9,-1,-1,2,-1
2252,[0.8080014  0.53891002],0,-1,-1,4,-1
2253,[0.44288568 0.59587462],9,0,"[0.4297636102329726, 0.6357143141723958]",2,11
2254,[0.38671242 0.63215495],9,0,"[0.4297636102329726, 0.6357143141723958]",2,-1
2255,[0.17875315 0.50878363],3,-1,-1,1,1
2256,[0.88870689 0.44830843],4,2,"[0.8312266673252705, 0.4613441479074099]",4,-1
2257,[0.4603435  0.60706703],9,0,"[0.4297636102329726, 0.6357143141723958]",2,-1
2258,[0.13093851 0.44034957],3,5,"[0.12813625889338118, 0.45239712230086515]",1,1
2259,[0.75056688 0.32429908],7,6,"[0.7921949837838228, 0.3529120844654886]",4,-1
2260,[0.44513817 0.53272916],9,-1,-1,2,-1
2261,[0.40676437 0.81960076],6,1,"[0.3445904742281392, 0.8508004104108614]",2,-1
2262,[0.74472786 0.5954355 ],0,4,"[0.7285423500480827, 0.6073851354724864]",3,2
2263,[0.22705759 0.80126533],8,-1,-1,2,-1
2264,[0.43468327 0.72980086],6,-1,-1,2,-1
2265,[0.26121715 0.7517217 ],1,9,"[0.2630806751638254, 0.7080875454644293]",2,-1
2266,[0.75682626 0.56152802],0,4,"[0.7285423500480827, 0.6073851354724864]",3,2
2267,[0.22661287 0.73950383],8,9,"[0.2630806751638254, 0.7080875454644293]",2,-1
2268,[0.46204099 0.59744022],9,0,"[0.4297636102329726, 0.6357143141723958]",2,-1
2269,[0.31200238 0.73747125],1,9,"[0.2630806751638254, 0.7080875454644293]",2,-1
2270,[0.59057608 0.19697697],5,-1,-1,0,0
2271,[0.34684525 0.68852091],1,8,"[0.36289448703783916, 0.7073371999105278]",2,-1
2272,[0.21637867 0.72071883],8,9,"[0.2630806751638254, 0.7080875454644293]",2,-1
2273,[0.44911349 0.70467411],6,-1,-1,2,10
2274,[0.76890669 0.5877728 ],0,4,"[0.7285423500480827, 0.6073851354724864]",3,2
2275,[0.23500828 0.64995898],1,9,"[0.2630806751638254, 0.7080875454644293]",2,-1
2276,[0.37521704 0.85018021],2,1,"[0.3445904742281392, 0.8508004104108614]",2,5
2277,[0.36602129 0.59234213],9,-1,-1,2,-1
2278,[0.81242922 0.43302185],4,2,"[0.8312266673252705, 0.4613441479074099]",4,-1
2279,[0.3787733  0.73995031],6,8,"[0.36289448703783916, 0.7073371999105278]",2,-1
2280,[0.39679652 0.57249811],9,-1,-1,2,-1
2281,[0.43383327 0.19012695],5,-1,-1,0,0
2282,[0.53119025 0.2105836 ],5,3,"[0.5044907196570393, 0.16230287856274858]",0,0
2283,[0.34040172 0.72110701],1,8,"[0.36289448703783916, 0.7073371999105278]",2,9
2284,[0.76381825 0.35047123],7,6,"[0.7921949837838228, 0.3529120844654886]",4,-1
2285,[0.85613281 0.54658249],4,-1,-1,4,-1
2286,[0.16368031 0.77990655],8,7,"[0.17089520780330653, 0.7464713359575794]",2,-1
2287,[0.09013428 0.4525584 ],3,5,"[0.12813625889338118, 0.45239712230086515]",1,1
2288,[0.3906133  0.53846096],9,-1,-1,2,-1
2289,[0.34457557 0.61169843],9,-1,-1,2,-1
2290,[0.15294036 0.50101498],3,5,"[0.12813625889338118, 0.45239712230086515]",1,1
2291,[0.37849559 0.58651091],9,-1,-1,2,-1
2292,[0.71384521 0.62272531],0,4,"[0.7285423500480827, 0.6073851354724864]",3,2
2293,[0.46548247 0.60022713],9,0,"[0.4297636102329726, 0.6357143141723958]",2,-1
2294,[0.51021778 0.17806351],5,3,"[0.5044907196570393, 0.16230287856274858]",0,0
2295,[0.75909405 0.66481814],0,4,"[0.7285423500480827, 0.6073851354724864]",3,2
2296,[0.83629232 0.37143375],7,6,"[0.7921949837838228, 0.3529120844654886]",4,-1
2297,[0.50203578 0.69567979],6,-1,-1,2,-1
2298,[0.50090348 0.74038182],6,-1,-1,2,-1
2299,[0.08010513 0.53889884],3,-1,-1,1,1
2300,[0.42629595 0.71849479],6,8,"[0.36289448703783916, 0.7073371999105278]",2,10
2301,[0.46451037 0.69077947],6,0,"[0.4297636102329726, 0.6357143141723958]",2,-1
2302,[0.20132506 0.70999703],8,7,"[0.17089520780330653, 0.7464713359575794]",2,8
2303,[0.53486291 0.15696481],5,3,"[0.5044907196570393, 0.16230287856274858]",0,0
2304,[0.51391751 0.21412744],5,3,"[0.5044907196570393, 0.16230287856274858]",0,0
2305,[0.45768316 0.63341598],9,0,"[0.4297636102329726, 0.6357143141723958]",2,-1
2306,[0.46740084 0.74473705],6,-1,-1,2,-1
2307,[0.14913383 0.79161133],8,7,"[0.17089520780330653, 0.7464713359575794]",2,-1
2308,[0.80478933 0.49363137],4,2,"[0.8312266673252705, 0.4613441479074099]",4,-1
2309,[0.83049186 0.37771495],7,6,"[0.7921949837838228, 0.3529120844654886]",4,-1
2310,[0.52410113 0.1528956 ],5,3,"[0.5044907196570393, 0.16230287856274858]",0,0
2311,[0.15726674 0.79067567],8,7,"[0.17089520780330653, 0.7464713359575794]",2,-1
2312,[0.42882003 0.59132741],9,0,"[0.4297636102329726, 0.6357143141723958]",2,11
2313,[0.35638642 0.80977366],2,1,"[0.3445904742281392, 0.8508004104108614]",2,4
2314,[0.44255107 0.62682347],9,0,"[0.4297636102329726, 0.6357143141723958]",2,-1
2315,[0.20148502 0.72655964],8,7,"[0.17089520780330653, 0.7464713359575794]",2,-1
2316,[0.06060126 0.38114716],3,-1,-1,1,1
2317,[0.1520987  0.77821618],8,7,"[0.17089520780330653, 0.7464713359575794]",2,-1
2318,[0.76296066 0.30137774],7,6,"[0.7921949837838228, 0.3529120844654886]",4,-1
2319,[0.4119812  0.65204764],9,0,"[0.4297636102329726, 0.6357143141723958]",2,-1
2320,[0.71926088 0.60122825],0,4,"[0.7285423500480827, 0.6073851354724864]",3,2
2321,[0.28425891 0.70530702],8,9,"[0.2630806751638254, 0.7080875454644293]",2,9
2322,[0.88663398 0.44783308],4,2,"[0.8312266673252705, 0.4613441479074099]",4,-1
2323,[0.72203591 0.30641392],7,-1,-1,4,-1
2324,[0.74585298 0.31720708],7,6,"[0.7921949837838228, 0.3529120844654886]",4,-1
2325,[0.36677088 0.6944128 ],1,8,"[0.36289448703783916, 0.7073371999105278]",2,-1
2326,[0.23169826 0.70024985],8,9,"[0.2630806751638254, 0.7080875454644293]",2,-1
2327,[0.69366463 0.6174398 ],0,4,"[0.7285423500480827, 0.6073851354724864]",3,2
2328,[0.3639273  0.68291096],1,8,"[0.36289448703783916, 0.7073371999105278]",2,-1
2329,[0.48519153 0.13700719],5,3,"[0.5044907196570393, 0.16230287856274858]",0,0
2330,[0.32744203 0.72400039],1,8,"[0.36289448703783916, 0.7073371999105278]",2,9
2331,[0.55738917 0.13348128],5,3,"[0.5044907196570393, 0.16230287856274858]",0,0
2332,[0.81468072 0.38970096],7,6,"[0.7921949837838228, 0.3529120844654886]",4,6
2333,[0.49047132 0.1119696 ],5,3,"[0.5044907196570393, 0.16230287856274858]",0,0
2334,[0.7981817  0.32732779],7,6,"[0.7921949837838228, 0.3529120844654886]",4,-1
2335,[0.39150415 0.73767776],6,8,"[0.36289448703783916, 0.7073371999105278]",2,-1
2336,[0.50467353 0.12774723],5,3,"[0.5044907196570393, 0.16230287856274858]",0,0
2337,[0.6707925  0.61241589],0,4,"[0.7285423500480827, 0.6073851354724864]",3,2
2338,[0.14420107 0.44582526],3,5,"[0.12813625889338118, 0.45239712230086515]",1,1
2339,[0.43035145 0.69120342],6,0,"[0.4297636102329726, 0.6357143141723958]",2,10
2340,[0.48678846 0.12569182],5,3,"[0.5044907196570393, 0.16230287856274858]",0,0
2341,[0.3973848 0.8474928],2,1,"[0.3445904742281392, 0.8508004104108614]",2,-1
2342,[0.12650085 0.46788397],3,5,"[0.12813625889338118, 0.45239712230086515]",1,1
2343,[0.15807216 0.84457423],8,-1,-1,2,-1
2344,[0.26608854 0.71074467],1,9,"[0.2630806751638254, 0.7080875454644293]",2,9
2345,[0.34290426 0.68282855],1,8,"[0.36289448703783916, 0.7073371999105278]",2,-1
2346,[0.1355774  0.53970715],3,-1,-1,1,1
2347,[0.54407562 0.14663337],5,3,"[0.5044907196570393, 0.16230287856274858]",0,0
2348,[0.42904509 0.6890764 ],6,0,"[0.4297636102329726, 0.6357143141723958]",2,10
2349,[0.83396237 0.31075144],7,6,"[0.7921949837838228, 0.3529120844654886]",4,-1
2350,[0.81885914 0.47193747],4,2,"[0.8312266673252705, 0.4613441479074099]",4,7
2351,[0.51638267 0.19079788],5,3,"[0.5044907196570393, 0.16230287856274858]",0,0
2352,[0.37354816 0.89155097],2,1,"[0.3445904742281392, 0.8508004104108614]",2,-1
2353,[0.31355628 0.8520763 ],2,1,"[0.3445904742281392, 0.8508004104108614]",2,-1
2354,[0.53689647 0.15779148],5,3,"[0.5044907196570393, 0.16230287856274858]",0,0
2355,[0.50371761 0.59463976],9,-1,-1,2,-1
2356,[0.39312403 0.61776114],9,0,"[0.4297636102329726, 0.6357143141723958]",2,12
2357,[0.26461736 0.66055659],1,9,"[0.2630806751638254, 0.7080875454644293]",2,-1
2358,[0.1407094  0.46391934],3,5,"[0.12813625889338118, 0.45239712230086515]",1,1
2359,[0.29720836 0.59589798],1,-1,-1,2,-1
2360,[0.16308894 0.72256163],8,7,"[0.17089520780330653, 0.7464713359575794]",2,8
2361,[0.73787069 0.57350201],0,4,"[0.7285423500480827, 0.6073851354724864]",3,2
2362,[0.4523363  0.74255574],6,-1,-1,2,-1
2363,[0.34551548 0.85936547],2,1,"[0.3445904742281392, 0.8508004104108614]",2,5
2364,[0.37324903 0.54728011],9,-1,-1,2,-1
2365,[0.77585333 0.60765603],0,4,"[0.7285423500480827, 0.6073851354724864]",3,2
2366,[0.06242481 0.47427537],3,5,"[0.12813625889338118, 0.45239712230086515]",1,1
2367,[0.40684366 0.70190303],6,8,"[0.36289448703783916, 0.7073371999105278]",2,10
2368,[0.09427305 0.48327818],3,5,"[0.12813625889338118, 0.45239712230086515]",1,1
2369,[0.11850494 0.36847994],3,-1,-1,1,1
2370,[0.85278127 0.52670662],4,2,"[0.8312266673252705, 0.4613441479074099]",4,-1
2371,[0.33605027 0.831892  ],2,1,"[0.3445904742281392, 0.8508004104108614]",2,-1
2372,[0.79581178 0.36387057],7,6,"[0.7921949837838228, 0.3529120844654886]",4,6
2373,[0.18363444 0.75760087],8,7,"[0.17089520780330653, 0.7464713359575794]",2,8
2374,[0.78039699 0.40588112],4,6,"[0.7921949837838228, 0.3529120844654886]",4,-1
2375,[0.1690347  0.77519705],8,7,"[0.17089520780330653, 0.7464713359575794]",2,8
2376,[0.17905393 0.75577482],8,7,"[0.17089520780330653, 0.7464713359575794]",2,8
2377,[0.87638871 0.45332036],4,2,"[0.8312266673252705, 0.4613441479074099]",4,-1
2378,[0.14506736 0.4720704 ],3,5,"[0.12813625889338118, 0.45239712230086515]",1,1
2379,[0.14156469 0.44303198],3,5,"[0.12813625889338118, 0.45239712230086515]",1,1
2380,[0.51847452 0.14043898],5,3,"[0.5044907196570393, 0.16230287856274858]",0,0
2381,[0.42065638 0.59626705],9,0,"[0.4297636102329726, 0.6357143141723958]",2,-1
2382,[0.31420625 0.70664611],1,8,"[0.36289448703783916, 0.7073371999105278]",2,9
2383,[0.21316262 0.83948022],8,-1,-1,2,-1
2384,[0.53959483 0.18606173],5,3,"[0.5044907196570393, 0.16230287856274858]",0,0
2385,[0.50653827 0.61280469],9,-1,-1,2,-1
2386,[0.17707663 0.74777473],8,7,"[0.17089520780330653, 0.7464713359575794]",2,8
2387,[0.2155984  0.75950218],8,7,"[0.17089520780330653, 0.7464713359575794]",2,-1
2388,[0.30033212 0.69787027],1,9,"[0.2630806751638254, 0.7080875454644293]",2,9
2389,[0.89206931 0.52256361],4,-1,-1,4,-1
2390,[0.80600305 0.39762077],4,6,"[0.7921949837838228, 0.3529120844654886]",4,-1
2391,[0.81077824 0.5912721 ],0,-1,-1,3,2
2392,[0.78624983 0.34833535],7,6,"[0.7921949837838228, 0.3529120844654886]",4,-1
2393,[0.67470255 0.62274602],0,4,"[0.7285423500480827, 0.6073851354724864]",3,2
2394,[0.12782036 0.48322151],3,5,"[0.12813625889338118, 0.45239712230086515]",1,1
2395,[0.75882221 0.42700797],7,-1,-1,4,-1
2396,[0.50920275 0.66733   ],6,-1,-1,2,-1
2397,[0.28657798 0.74044644],1,9,"[0.2630806751638254, 0.7080875454644293]",2,-1
2398,[0.87144033 0.47389172],4,2,"[0.8312266673252705, 0.4613441479074099]",4,-1
2399,[0.72556955 0.55985468],0,4,"[0.7285423500480827, 0.6073851354724864]",3,2
2400,[0.13403499 0.35676188],3,-1,-1,1,1
2401,[0.31353795 0.70217933],1,8,"[0.36289448703783916, 0.7073371999105278]",2,-1
2402,[0.47188107 0.68404005],6,0,"[0.4297636102329726, 0.6357143141723958]",2,-1
2403,[0.17421988 0.75442738],8,7,"[0.17089520780330653, 0.7464713359575794]",2,8
2404,[0.27265321 0.69455415],1,9,"[0.2630806751638254, 0.7080875454644293]",2,9
2405,[0.28905712 0.89130732],2,1,"[0.3445904742281392, 0.8508004104108614]",2,-1
2406,[0.42638968 0.5459008 ],9,-1,-1,2,-1
2407,[0.52167726 0.14966045],5,3,"[0.5044907196570393, 0.16230287856274858]",0,0
2408,[0.10739546 0.50903828],3,5,"[0.12813625889338118, 0.45239712230086515]",1,1
2409,[0.38808202 0.55874794],9,-1,-1,2,-1
2410,[0.1792652  0.74937543],8,7,"[0.17089520780330653, 0.7464713359575794]",2,8
2411,[0.41805696 0.74274023],6,8,"[0.36289448703783916, 0.7073371999105278]",2,-1
2412,[0.28951955 0.64756927],1,9,"[0.2630806751638254, 0.7080875454644293]",2,-1
2413,[0.81727741 0.4769086 ],4,2,"[0.8312266673252705, 0.4613441479074099]",4,7
2414,[0.39508432 0.65457243],6,0,"[0.4297636102329726, 0.6357143141723958]",2,-1
2415,[0.74432576 0.39028101],7,6,"[0.7921949837838228, 0.3529120844654886]",4,-1
2416,[0.55800811 0.14737846],5,3,"[0.5044907196570393, 0.16230287856274858]",0,0
2417,[0.16818277 0.71142746],8,7,"[0.17089520780330653, 0.7464713359575794]",2,8
2418,[0.23796516 0.77201253],8,9,"[0.2630806751638254, 0.7080875454644293]",2,-1
2419,[0.48909579 0.19447192],5,3,"[0.5044907196570393, 0.16230287856274858]",0,0
2420,[0.7291938  0.60828032],0,4,"[0.7285423500480827, 0.6073851354724864]",3,2
2421,[0.90296255 0.34920709],4,-1,-1,-1,-1
2422,[0.46564033 0.58309108],9,0,"[0.4297636102329726, 0.6357143141723958]",2,-1
2423,[0.41706526 0.65403221],6,0,"[0.4297636102329726, 0.6357143141723958]",2,-1
2424,[0.82648507 0.35569366],7,6,"[0.7921949837838228, 0.3529120844654886]",4,-1
2425,[0.46003034 0.71270444],6,-1,-1,2,10
2426,[0.15228518 0.77591016],8,7,"[0.17089520780330653, 0.7464713359575794]",2,-1
2427,[0.39263399 0.58407088],9,0,"[0.4297636102329726, 0.6357143141723958]",2,-1
2428,[0.42776637 0.71715705],6,8,"[0.36289448703783916, 0.7073371999105278]",2,10
2429,[0.39067724 0.58431199],9,0,"[0.4297636102329726, 0.6357143141723958]",2,-1
2430,[0.80725375 0.61483457],0,-1,-1,3,2
2431,[0.28434823 0.73561042],1,9,"[0.2630806751638254, 0.7080875454644293]",2,9
2432,[0.57573289 0.26071926],5,-1,-1,0,0
2433,[0.84804035 0.57603394],0,-1,-1,-1,-1
2434,[0.40031778 0.64665329],9,0,"[0.4297636102329726, 0.6357143141723958]",2,-1
2435,[0.77361293 0.50841333],4,-1,-1,4,-1
2436,[0.13292984 0.73664719],8,7,"[0.17089520780330653, 0.7464713359575794]",2,-1
2437,[0.30388326 0.65558489],1,9,"[0.2630806751638254, 0.7080875454644293]",2,-1
2438,[0.17960099 0.74802861],8,7,"[0.17089520780330653, 0.7464713359575794]",2,8
2439,[0.27739015 0.76037831],1,9,"[0.2630806751638254, 0.7080875454644293]",2,-1
2440,[0.7707576  0.36334743],7,6,"[0.7921949837838228, 0.3529120844654886]",4,-1
2441,[0.199779   0.77758049],8,7,"[0.17089520780330653, 0.7464713359575794]",2,-1
2442,[0.35460972 0.81525492],2,1,"[0.3445904742281392, 0.8508004104108614]",2,4
2443,[0.82102656 0.47649004],4,2,"[0.8312266673252705, 0.4613441479074099]",4,-1
2444,[0.33782447 0.72170032],1,8,"[0.36289448703783916, 0.7073371999105278]",2,9
2445,[0.44246211 0.57611109],9,0,"[0.4297636102329726, 0.6357143141723958]",2,11
2446,[0.49692134 0.15122745],5,3,"[0.5044907196570393, 0.16230287856274858]",0,0
2447,[0.74958853 0.41188877],7,-1,-1,4,-1
2448,[0.2818723  0.70262011],1,9,"[0.2630806751638254, 0.7080875454644293]",2,-1
2449,[0.45941606 0.1963115 ],5,3,"[0.5044907196570393, 0.16230287856274858]",0,0
2450,[0.44323496 0.65450936],6,0,"[0.4297636102329726, 0.6357143141723958]",2,10
2451,[0.12126766 0.53537242],3,-1,-1,1,1
2452,[0.28789849 0.86477014],2,1,"[0.3445904742281392, 0.8508004104108614]",2,-1
2453,[0.77622332 0.41063082],7,6,"[0.7921949837838228, 0.3529120844654886]",4,-1
2454,[0.78139436 0.31988791],7,6,"[0.7921949837838228, 0.3529120844654886]",4,-1
2455,[0.73474157 0.56864902],0,4,"[0.7285423500480827, 0.6073851354724864]",3,2
2456,[0.38864216 0.78293257],2,-1,-1,2,-1
2457,[0.3779563  0.64294555],1,0,"[0.4297636102329726, 0.6357143141723958]",2,-1
2458,[0.31532878 0.76602563],1,-1,-1,2,-1
2459,[0.73929477 0.36199698],7,6,"[0.7921949837838228, 0.3529120844654886]",4,-1
2460,[0.51442253 0.73092216],6,-1,-1,2,-1
2461,[0.70400925 0.61317577],0,4,"[0.7285423500480827, 0.6073851354724864]",3,2
2462,[0.36322699 0.80897995],2,1,"[0.3445904742281392, 0.8508004104108614]",2,4
2463,[0.74936428 0.32855317],7,6,"[0.7921949837838228, 0.3529120844654886]",4,-1
2464,[0.42299008 0.62109496],9,0,"[0.4297636102329726, 0.6357143141723958]",2,-1
2465,[0.12025897 0.46157856],3,5,"[0.12813625889338118, 0.45239712230086515]",1,1
2466,[0.12587049 0.7353586 ],8,7,"[0.17089520780330653, 0.7464713359575794]",2,-1
2467,[0.41404168 0.83815016],2,-1,-1,2,-1
2468,[0.79002166 0.34237046],7,6,"[0.7921949837838228, 0.3529120844654886]",4,-1
2469,[0.40888264 0.698337  ],6,8,"[0.36289448703783916, 0.7073371999105278]",2,10
2470,[0.20033553 0.72018029],8,7,"[0.17089520780330653, 0.7464713359575794]",2,8
2471,[0.41900733 0.67271857],6,0,"[0.4297636102329726, 0.6357143141723958]",2,10
2472,[0.73769011 0.66391443],0,4,"[0.7285423500480827, 0.6073851354724864]",3,2
2473,[0.78374451 0.4068605 ],7,6,"[0.7921949837838228, 0.3529120844654886]",4,-1
2474,[0.93126895 0.43624825],4,-1,-1,-1,-1
2475,[0.80572422 0.4632977 ],4,2,"[0.8312266673252705, 0.4613441479074099]",4,7
2476,[0.12438832 0.44986369],3,5,"[0.12813625889338118, 0.45239712230086515]",1,1
2477,[0.15350758 0.40449771],3,5,"[0.12813625889338118, 0.45239712230086515]",1,1
2478,[0.44148248 0.73340106],6,-1,-1,2,-1
2479,[0.72151597 0.66220409],0,4,"[0.7285423500480827, 0.6073851354724864]",3,2
2480,[0.76307739 0.60492484],0,4,"[0.7285423500480827, 0.6073851354724864]",3,2
2481,[0.40077805 0.70724786],6,8,"[0.36289448703783916, 0.7073371999105278]",2,10
2482,[0.76313123 0.38433467],7,6,"[0.7921949837838228, 0.3529120844654886]",4,-1
2483,[0.7966213  0.43495234],4,2,"[0.8312266673252705, 0.4613441479074099]",4,-1
2484,[0.55687966 0.2624278 ],5,-1,-1,0,0
2485,[0.81618454 0.49694286],4,2,"[0.8312266673252705, 0.4613441479074099]",4,-1
2486,[0.70105294 0.68557143],0,-1,-1,3,2
2487,[0.82006263 0.30176017],7,6,"[0.7921949837838228, 0.3529120844654886]",4,-1
2488,[0.29631722 0.74822957],1,9,"[0.2630806751638254, 0.7080875454644293]",2,-1
2489,[0.65917243 0.59901496],0,4,"[0.7285423500480827, 0.6073851354724864]",3,2
2490,[0.35775405 0.85273882],2,1,"[0.3445904742281392, 0.8508004104108614]",2,5
2491,[0.3933385  0.75173426],6,8,"[0.36289448703783916, 0.7073371999105278]",2,-1
2492,[0.33081937 0.84893835],2,1,"[0.3445904742281392, 0.8508004104108614]",2,-1
2493,[0.22276726 0.78600648],8,7,"[0.17089520780330653, 0.7464713359575794]",2,-1
2494,[0.17166136 0.70684033],8,7,"[0.17089520780330653, 0.7464713359575794]",2,8
2495,[0.71797713 0.61483821],0,4,"[0.7285423500480827, 0.6073851354724864]",3,2
2496,[0.75448779 0.63748502],0,4,"[0.7285423500480827, 0.6073851354724864]",3,2
2497,[0.66256063 0.63481363],0,-1,-1,3,2
2498,[0.77022767 0.34365673],7,6,"[0.7921949837838228, 0.3529120844654886]",4,-1
2499,[0.33044453 0.69382787],1,8,"[0.36289448703783916, 0.7073371999105278]",2,9
2500,[0.381091   0.76081915],6,8,"[0.36289448703783916, 0.7073371999105278]",2,-1
2501,[0.81394507 0.34918265],7,6,"[0.7921949837838228, 0.3529120844654886]",4,-1
2502,[0.82129651 0.49282255],4,2,"[0.8312266673252705, 0.4613441479074099]",4,7
2503,[0.8247124  0.49117836],4,2,"[0.8312266673252705, 0.4613441479074099]",4,7
2504,[0.47174612 0.26398363],5,-1,-1,0,0
2505,[0.20537881 0.79417304],8,7,"[0.17089520780330653, 0.7464713359575794]",2,-1
2506,[0.84138523 0.36504122],4,6,"[0.7921949837838228, 0.3529120844654886]",4,-1
2507,[0.64865507 0.52165417],0,-1,-1,-1,2
2508,[0.52793052 0.1725718 ],5,3,"[0.5044907196570393, 0.16230287856274858]",0,0
2509,[0.92351547 0.46187482],4,-1,-1,4,-1
2510,[0.09830514 0.46385241],3,5,"[0.12813625889338118, 0.45239712230086515]",1,1
2511,[0.75373339 0.35348165],7,6,"[0.7921949837838228, 0.3529120844654886]",4,-1
2512,[0.34181099 0.72973362],1,8,"[0.36289448703783916, 0.7073371999105278]",2,-1
2513,[0.20679141 0.40348149],3,-1,-1,1,1
2514,[0.38312539 0.56782051],9,-1,-1,2,-1
2515,[0.52194609 0.25955395],5,-1,-1,0,0
2516,[0.08370326 0.75758229],8,-1,-1,2,-1
2517,[0.54611151 0.23883357],5,-1,-1,0,0
2518,[0.33467546 0.71506413],1,8,"[0.36289448703783916, 0.7073371999105278]",2,9
2519,[0.19404433 0.75346864],8,7,"[0.17089520780330653, 0.7464713359575794]",2,8
2520,[0.19744857 0.74440281],8,7,"[0.17089520780330653, 0.7464713359575794]",2,8
2521,[0.23724054 0.74179595],1,9,"[0.2630806751638254, 0.7080875454644293]",2,-1
2522,[0.37065212 0.73029667],1,8,"[0.36289448703783916, 0.7073371999105278]",2,-1
2523,[0.37014601 0.85070529],2,1,"[0.3445904742281392, 0.8508004104108614]",2,5
2524,[0.15899126 0.72347566],8,7,"[0.17089520780330653, 0.7464713359575794]",2,8
2525,[0.40455371 0.58338452],9,0,"[0.4297636102329726, 0.6357143141723958]",2,11
2526,[0.52812893 0.17519346],5,3,"[0.5044907196570393, 0.16230287856274858]",0,0
2527,[0.4979514  0.14582626],5,3,"[0.5044907196570393, 0.16230287856274858]",0,0
2528,[0.17064842 0.79310096],8,7,"[0.17089520780330653, 0.7464713359575794]",2,-1
2529,[0.18520582 0.74369721],8,7,"[0.17089520780330653, 0.7464713359575794]",2,8
2530,[0.18821541 0.72325449],8,7,"[0.17089520780330653, 0.7464713359575794]",2,8
2531,[0.5117942  0.25878009],5,-1,-1,0,0
2532,[0.72167965 0.679217  ],0,-1,-1,3,2
2533,[0.8100603  0.43802381],4,2,"[0.8312266673252705, 0.4613441479074099]",4,-1
2534,[0.42325162 0.65873886],6,0,"[0.4297636102329726, 0.6357143141723958]",2,-1
2535,[0.06686241 0.4384979 ],3,5,"[0.12813625889338118, 0.45239712230086515]",1,1
2536,[0.7785426  0.58869464],0,4,"[0.7285423500480827, 0.6073851354724864]",3,2
2537,[0.07990885 0.39701015],3,-1,-1,1,1
2538,[0.86106833 0.45106498],4,2,"[0.8312266673252705, 0.4613441479074099]",4,-1
2539,[0.82748752 0.42724029],4,2,"[0.8312266673252705, 0.4613441479074099]",4,7
2540,[0.72258578 0.64752961],0,4,"[0.7285423500480827, 0.6073851354724864]",3,2
2541,[0.19887743 0.4114649 ],3,-1,-1,1,1
2542,[0.41033742 0.56904886],9,0,"[0.4297636102329726, 0.6357143141723958]",2,-1
2543,[0.39083577 0.85864564],2,1,"[0.3445904742281392, 0.8508004104108614]",2,-1
2544,[0.33009357 0.88185655],2,1,"[0.3445904742281392, 0.8508004104108614]",2,-1
2545,[0.70405946 0.59573007],0,4,"[0.7285423500480827, 0.6073851354724864]",3,2
2546,[0.71910869 0.5908637 ],0,4,"[0.7285423500480827, 0.6073851354724864]",3,2
2547,[0.34438694 0.60217777],9,-1,-1,2,-1
2548,[0.43149016 0.668757  ],9,0,"[0.4297636102329726, 0.6357143141723958]",2,10
2549,[0.79705367 0.52212457],4,2,"[0.8312266673252705, 0.4613441479074099]",4,-1
2550,[0.26549989 0.66135334],1,9,"[0.2630806751638254, 0.7080875454644293]",2,-1
2551,[0.4932252  0.13579035],5,3,"[0.5044907196570393, 0.16230287856274858]",0,0
2552,[0.09840827 0.47847613],3,5,"[0.12813625889338118, 0.45239712230086515]",1,1
2553,[0.21980315 0.740488  ],1,7,"[0.17089520780330653, 0.7464713359575794]",2,8
2554,[0.85691283 0.54598563],4,-1,-1,4,-1
2555,[0.73125629 0.59132979],0,4,"[0.7285423500480827, 0.6073851354724864]",3,2
2556,[0.86380402 0.3328737 ],7,-1,-1,4,-1
2557,[0.26788496 0.7005626 ],1,9,"[0.2630806751638254, 0.7080875454644293]",2,9
2558,[0.80273925 0.40857615],4,6,"[0.7921949837838228, 0.3529120844654886]",4,-1
2559,[0.49211111 0.64952491],6,0,"[0.4297636102329726, 0.6357143141723958]",2,-1
2560,[0.10062099 0.46800617],3,5,"[0.12813625889338118, 0.45239712230086515]",1,1
2561,[0.31315337 0.88484978],2,1,"[0.3445904742281392, 0.8508004104108614]",2,-1
2562,[0.85705956 0.35880025],7,6,"[0.7921949837838228, 0.3529120844654886]",4,-1
2563,[0.54463408 0.10727452],5,3,"[0.5044907196570393, 0.16230287856274858]",0,0
2564,[0.14997216 0.45559153],3,5,"[0.12813625889338118, 0.45239712230086515]",1,1
2565,[0.36005204 0.59518253],9,-1,-1,2,-1
2566,[0.8112842  0.47172664],4,2,"[0.8312266673252705, 0.4613441479074099]",4,7
2567,[0.14493927 0.7360516 ],8,7,"[0.17089520780330653, 0.7464713359575794]",2,-1
2568,[0.125984   0.43559112],3,5,"[0.12813625889338118, 0.45239712230086515]",1,1
2569,[0.4800299  0.17598423],5,3,"[0.5044907196570393, 0.16230287856274858]",0,0
2570,[0.4957473 0.1118791],5,3,"[0.5044907196570393, 0.16230287856274858]",0,0
2571,[0.81951277 0.29831107],7,6,"[0.7921949837838228, 0.3529120844654886]",4,-1
2572,[0.74871036 0.29517567],7,-1,-1,4,-1
2573,[0.85203896 0.41732235],4,2,"[0.8312266673252705, 0.4613441479074099]",4,-1
2574,[0.83738719 0.36262965],7,6,"[0.7921949837838228, 0.3529120844654886]",4,-1
2575,[0.89833401 0.51269656],4,-1,-1,4,-1
2576,[0.07084646 0.43126291],3,5,"[0.12813625889338118, 0.45239712230086515]",1,1
2577,[0.16162776 0.72887209],8,7,"[0.17089520780330653, 0.7464713359575794]",2,8
2578,[0.51549709 0.6655217 ],6,-1,-1,2,-1
2579,[0.4818457  0.10909346],5,3,"[0.5044907196570393, 0.16230287856274858]",0,0
2580,[0.72760725 0.65144601],0,4,"[0.7285423500480827, 0.6073851354724864]",3,2
2581,[0.32587765 0.84995659],2,1,"[0.3445904742281392, 0.8508004104108614]",2,-1
2582,[0.41088347 0.71623833],6,8,"[0.36289448703783916, 0.7073371999105278]",2,10
2583,[0.11162435 0.50195122],3,5,"[0.12813625889338118, 0.45239712230086515]",1,1
2584,[0.39710707 0.78271105],6,-1,-1,2,-1
2585,[0.76845732 0.49649711],4,-1,-1,4,-1
2586,[0.15141878 0.49954056],3,5,"[0.12813625889338118, 0.45239712230086515]",1,1
2587,[0.1278479  0.41370363],3,5,"[0.12813625889338118, 0.45239712230086515]",1,1
2588,[0.81663101 0.30611522],7,6,"[0.7921949837838228, 0.3529120844654886]",4,-1
2589,[0.46489241 0.56472219],9,-1,-1,2,-1
2590,[0.22949022 0.77843585],8,7,"[0.17089520780330653, 0.7464713359575794]",2,-1
2591,[0.40762399 0.57458464],9,0,"[0.4297636102329726, 0.6357143141723958]",2,11
2592,[0.77611434 0.28967374],7,6,"[0.7921949837838228, 0.3529120844654886]",4,-1
2593,[0.47738252 0.70715172],6,-1,-1,2,-1
2594,[0.36260803 0.78556706],2,1,"[0.3445904742281392, 0.8508004104108614]",2,-1
2595,[0.77759843 0.59654772],0,4,"[0.7285423500480827, 0.6073851354724864]",3,2
2596,[0.47757145 0.16884047],5,3,"[0.5044907196570393, 0.16230287856274858]",0,0
2597,[0.0834122  0.42133379],3,5,"[0.12813625889338118, 0.45239712230086515]",1,1
2598,[0.27435609 0.41186597],3,-1,-1,1,1
2599,[0.13747262 0.40351966],3,5,"[0.12813625889338118, 0.45239712230086515]",1,1
2600,[0.23225142 0.65393974],1,9,"[0.2630806751638254, 0.7080875454644293]",2,-1
2601,[0.21064283 0.76924658],8,7,"[0.17089520780330653, 0.7464713359575794]",2,-1
2602,[0.70493801 0.5729501 ],0,4,"[0.7285423500480827, 0.6073851354724864]",3,2
2603,[0.3817279  0.60889665],9,0,"[0.4297636102329726, 0.6357143141723958]",2,12
2604,[0.51595276 0.1854287 ],5,3,"[0.5044907196570393, 0.16230287856274858]",0,0
2605,[0.73116203 0.3528223 ],7,6,"[0.7921949837838228, 0.3529120844654886]",4,-1
2606,[0.86061721 0.43470063],4,2,"[0.8312266673252705, 0.4613441479074099]",4,-1
2607,[0.29661618 0.72708503],1,9,"[0.2630806751638254, 0.7080875454644293]",2,9
2608,[0.54193394 0.14942537],5,3,"[0.5044907196570393, 0.16230287856274858]",0,0
2609,[0.36728767 0.87080832],2,1,"[0.3445904742281392, 0.8508004104108614]",2,-1
2610,[0.71794551 0.60826447],0,4,"[0.7285423500480827, 0.6073851354724864]",3,2
2611,[0.16818292 0.76943281],8,7,"[0.17089520780330653, 0.7464713359575794]",2,8
2612,[0.83105129 0.44695745],4,2,"[0.8312266673252705, 0.4613441479074099]",4,-1
2613,[0.07313055 0.39863285],3,-1,-1,1,1
2614,[0.39749659 0.85009679],2,1,"[0.3445904742281392, 0.8508004104108614]",2,-1
2615,[0.27983492 0.74563695],1,9,"[0.2630806751638254, 0.7080875454644293]",2,-1
2616,[0.88364986 0.54252806],4,-1,-1,4,-1
2617,[0.3702433  0.64599952],9,0,"[0.4297636102329726, 0.6357143141723958]",2,-1
2618,[0.77215105 0.30630189],7,6,"[0.7921949837838228, 0.3529120844654886]",4,-1
2619,[0.2969127  0.72462761],1,9,"[0.2630806751638254, 0.7080875454644293]",2,9
2620,[0.34722575 0.86479578],2,1,"[0.3445904742281392, 0.8508004104108614]",2,5
2621,[0.29599069 0.86949765],2,1,"[0.3445904742281392, 0.8508004104108614]",2,-1
2622,[0.31618929 0.8097819 ],2,1,"[0.3445904742281392, 0.8508004104108614]",2,-1
2623,[0.16282102 0.74535593],8,7,"[0.17089520780330653, 0.7464713359575794]",2,8
2624,[0.15499899 0.57345345],3,-1,-1,1,1
2625,[0.72657128 0.62604865],0,4,"[0.7285423500480827, 0.6073851354724864]",3,2
2626,[0.20314194 0.67298984],8,9,"[0.2630806751638254, 0.7080875454644293]",2,-1
2627,[0.19718842 0.40746324],3,-1,-1,1,1
2628,[0.70375749 0.56081561],0,4,"[0.7285423500480827, 0.6073851354724864]",3,2
2629,[0.75713068 0.59847118],0,4,"[0.7285423500480827, 0.6073851354724864]",3,2
2630,[0.17484572 0.36139664],3,-1,-1,1,1
2631,[0.16303789 0.74106898],8,7,"[0.17089520780330653, 0.7464713359575794]",2,8
2632,[0.11447684 0.44185001],3,5,"[0.12813625889338118, 0.45239712230086515]",1,1
2633,[0.24378906 0.72917929],1,9,"[0.2630806751638254, 0.7080875454644293]",2,-1
2634,[0.26840023 0.71014749],1,9,"[0.2630806751638254, 0.7080875454644293]",2,9
2635,[0.29344307 0.78785588],2,-1,-1,2,-1
2636,[0.72136224 0.52622849],0,-1,-1,3,2
2637,[0.81921058 0.30600257],7,6,"[0.7921949837838228, 0.3529120844654886]",4,-1
2638,[0.80714817 0.34245046],7,6,"[0.7921949837838228, 0.3529120844654886]",4,-1
2639,[0.26982882 0.67819721],1,9,"[0.2630806751638254, 0.7080875454644293]",2,-1
2640,[0.33928217 0.72770069],1,8,"[0.36289448703783916, 0.7073371999105278]",2,-1
2641,[0.39192586 0.82700769],2,1,"[0.3445904742281392, 0.8508004104108614]",2,-1
2642,[0.78488336 0.40363995],7,6,"[0.7921949837838228, 0.3529120844654886]",4,-1
2643,[0.14764461 0.7856526 ],8,7,"[0.17089520780330653, 0.7464713359575794]",2,-1
2644,[0.12390132 0.69630884],8,7,"[0.17089520780330653, 0.7464713359575794]",2,-1
2645,[0.30917167 0.8458957 ],2,1,"[0.3445904742281392, 0.8508004104108614]",2,-1
2646,[0.14229497 0.75036295],8,7,"[0.17089520780330653, 0.7464713359575794]",2,8
2647,[0.33868404 0.85748678],2,1,"[0.3445904742281392, 0.8508004104108614]",2,5
2648,[0.19712661 0.78480354],8,7,"[0.17089520780330653, 0.7464713359575794]",2,8
2649,[0.08515892 0.40770955],3,5,"[0.12813625889338118, 0.45239712230086515]",1,1
2650,[0.39047301 0.75929611],6,8,"[0.36289448703783916, 0.7073371999105278]",2,-1
2651,[0.34245414 0.64279736],1,8,"[0.36289448703783916, 0.7073371999105278]",2,-1
2652,[0.20638083 0.77390261],8,7,"[0.17089520780330653, 0.7464713359575794]",2,-1
2653,[0.35375051 0.72432818],1,8,"[0.36289448703783916, 0.7073371999105278]",2,-1
2654,[0.81955592 0.45761286],4,2,"[0.8312266673252705, 0.4613441479074099]",4,7
2655,[0.78823781 0.39026018],7,6,"[0.7921949837838228, 0.3529120844654886]",4,6
2656,[0.65741058 0.64105072],0,-1,-1,3,2
2657,[0.34090045 0.91924915],2,1,"[0.3445904742281392, 0.8508004104108614]",2,-1
2658,[0.13135304 0.71540882],8,7,"[0.17089520780330653, 0.7464713359575794]",2,-1
2659,[0.23984388 0.66629005],1,9,"[0.2630806751638254, 0.7080875454644293]",2,-1
2660,[0.86871029 0.47848201],4,2,"[0.8312266673252705, 0.4613441479074099]",4,-1
2661,[0.31532302 0.9027709 ],2,1,"[0.3445904742281392, 0.8508004104108614]",2,-1
2662,[0.26206807 0.70353909],1,9,"[0.2630806751638254, 0.7080875454644293]",2,9
2663,[0.317733   0.87239998],2,1,"[0.3445904742281392, 0.8508004104108614]",2,-1
2664,[0.74700839 0.37307097],7,6,"[0.7921949837838228, 0.3529120844654886]",4,-1
2665,[0.47109876 0.60979114],9,0,"[0.4297636102329726, 0.6357143141723958]",2,-1
2666,[0.23904536 0.72531613],1,9,"[0.2630806751638254, 0.7080875454644293]",2,-1
2667,[0.40294522 0.82715722],2,1,"[0.3445904742281392, 0.8508004104108614]",2,-1
2668,[0.22337912 0.66350763],8,9,"[0.2630806751638254, 0.7080875454644293]",2,-1
2669,[0.44880358 0.71484522],6,-1,-1,2,-1
2670,[0.24124335 0.74446446],8,9,"[0.2630806751638254, 0.7080875454644293]",2,-1
2671,[0.69725326 0.57882198],0,4,"[0.7285423500480827, 0.6073851354724864]",3,2
2672,[0.22245579 0.78625002],8,7,"[0.17089520780330653, 0.7464713359575794]",2,-1
2673,[0.29794303 0.62785061],1,-1,-1,2,-1
2674,[0.32151253 0.87028563],2,1,"[0.3445904742281392, 0.8508004104108614]",2,-1
2675,[0.2021431  0.69574331],8,7,"[0.17089520780330653, 0.7464713359575794]",2,8
2676,[0.17292563 0.70485102],8,7,"[0.17089520780330653, 0.7464713359575794]",2,8
2677,[0.38567322 0.62474201],9,0,"[0.4297636102329726, 0.6357143141723958]",2,-1
2678,[0.30455078 0.7107597 ],1,9,"[0.2630806751638254, 0.7080875454644293]",2,9
2679,[0.30839788 0.74950847],1,9,"[0.2630806751638254, 0.7080875454644293]",2,-1
2680,[0.17052342 0.81385486],8,7,"[0.17089520780330653, 0.7464713359575794]",2,-1
2681,[0.36871289 0.5572518 ],9,-1,-1,2,-1
2682,[0.47316749 0.15772928],5,3,"[0.5044907196570393, 0.16230287856274858]",0,0
2683,[0.5513284  0.10603037],5,-1,-1,0,0
2684,[0.66481975 0.56359996],0,-1,-1,3,2
2685,[0.31660173 0.85520966],2,1,"[0.3445904742281392, 0.8508004104108614]",2,-1
2686,[0.84910233 0.36149048],4,6,"[0.7921949837838228, 0.3529120844654886]",4,-1
2687,[0.14905426 0.799927  ],8,7,"[0.17089520780330653, 0.7464713359575794]",2,-1
2688,[0.82481507 0.39861513],4,6,"[0.7921949837838228, 0.3529120844654886]",4,-1
2689,[0.4840211  0.18216622],5,3,"[0.5044907196570393, 0.16230287856274858]",0,0
2690,[0.73054163 0.63221341],0,4,"[0.7285423500480827, 0.6073851354724864]",3,2
2691,[0.87386328 0.35054386],7,-1,-1,4,-1
2692,[0.39640858 0.54756638],9,-1,-1,2,-1
2693,[0.13485247 0.43516002],3,5,"[0.12813625889338118, 0.45239712230086515]",1,1
2694,[0.8060123  0.41303971],4,2,"[0.8312266673252705, 0.4613441479074099]",4,-1
2695,[0.74338816 0.58729869],0,4,"[0.7285423500480827, 0.6073851354724864]",3,2
2696,[0.28012025 0.75211602],1,9,"[0.2630806751638254, 0.7080875454644293]",2,-1
2697,[0.42453019 0.7053214 ],6,8,"[0.36289448703783916, 0.7073371999105278]",2,10
2698,[0.49529342 0.19482021],5,3,"[0.5044907196570393, 0.16230287856274858]",0,0
2699,[0.19845097 0.65093985],8,-1,-1,2,-1
2700,[0.85918169 0.40881997],7,2,"[0.8312266673252705, 0.4613441479074099]",4,-1
2701,[0.78989644 0.34416626],7,6,"[0.7921949837838228, 0.3529120844654886]",4,-1
2702,[0.46255637 0.1959023 ],5,3,"[0.5044907196570393, 0.16230287856274858]",0,0
2703,[0.30363621 0.87772439],2,1,"[0.3445904742281392, 0.8508004104108614]",2,-1
2704,[0.44262398 0.7010195 ],6,0,"[0.4297636102329726, 0.6357143141723958]",2,10
2705,[0.4430134  0.67464925],9,0,"[0.4297636102329726, 0.6357143141723958]",2,10
2706,[0.32358003 0.89410245],2,1,"[0.3445904742281392, 0.8508004104108614]",2,-1
2707,[0.75010682 0.59261552],0,4,"[0.7285423500480827, 0.6073851354724864]",3,2
2708,[0.50576666 0.0829576 ],5,-1,-1,0,0
2709,[0.50909268 0.18076904],5,3,"[0.5044907196570393, 0.16230287856274858]",0,0
2710,[0.31807924 0.90916372],2,1,"[0.3445904742281392, 0.8508004104108614]",2,-1
2711,[0.37708563 0.69211679],1,8,"[0.36289448703783916, 0.7073371999105278]",2,-1
2712,[0.22516104 0.65930823],8,9,"[0.2630806751638254, 0.7080875454644293]",2,-1
2713,[0.8548567  0.31034125],7,-1,-1,4,-1
2714,[0.8359269  0.46533373],4,2,"[0.8312266673252705, 0.4613441479074099]",4,7
2715,[0.13778476 0.41541635],3,5,"[0.12813625889338118, 0.45239712230086515]",1,1
2716,[0.70791606 0.63863947],0,4,"[0.7285423500480827, 0.6073851354724864]",3,2
2717,[0.4746172 0.1312665],5,3,"[0.5044907196570393, 0.16230287856274858]",0,0
2718,[0.11428986 0.4661158 ],3,5,"[0.12813625889338118, 0.45239712230086515]",1,1
2719,[0.46230593 0.70733801],6,-1,-1,2,10
2720,[0.47812663 0.74418318],6,-1,-1,2,-1
2721,[0.84113585 0.51177636],4,2,"[0.8312266673252705, 0.4613441479074099]",4,-1
2722,[0.38169511 0.87185282],2,1,"[0.3445904742281392, 0.8508004104108614]",2,-1
2723,[0.35692137 0.81574787],2,1,"[0.3445904742281392, 0.8508004104108614]",2,4
2724,[0.71984713 0.62986985],0,4,"[0.7285423500480827, 0.6073851354724864]",3,2
2725,[0.29213258 0.71734195],1,9,"[0.2630806751638254, 0.7080875454644293]",2,9
2726,[0.83147468 0.63894084],0,-1,-1,-1,2
2727,[0.42919272 0.66427221],6,0,"[0.4297636102329726, 0.6357143141723958]",2,10
2728,[0.5102973  0.21200395],5,3,"[0.5044907196570393, 0.16230287856274858]",0,0
2729,[0.86780468 0.49803331],4,2,"[0.8312266673252705, 0.4613441479074099]",4,-1
2730,[0.76576094 0.46509654],4,2,"[0.8312266673252705, 0.4613441479074099]",4,-1
2731,[0.42446803 0.6437171 ],9,0,"[0.4297636102329726, 0.6357143141723958]",2,-1
2732,[0.77034582 0.32417013],7,6,"[0.7921949837838228, 0.3529120844654886]",4,-1
2733,[0.66706516 0.64962381],0,-1,-1,3,2
2734,[0.48117672 0.65655046],6,0,"[0.4297636102329726, 0.6357143141723958]",2,-1
2735,[0.37667672 0.66751749],9,8,"[0.36289448703783916, 0.7073371999105278]",2,-1
2736,[0.501594   0.66203862],6,-1,-1,2,-1
2737,[0.26942813 0.68389643],1,9,"[0.2630806751638254, 0.7080875454644293]",2,-1
2738,[0.72021254 0.36354543],7,-1,-1,4,-1
2739,[0.53142861 0.17513897],5,3,"[0.5044907196570393, 0.16230287856274858]",0,0
2740,[0.30486968 0.61068001],1,-1,-1,2,-1
2741,[0.77108781 0.3335901 ],7,6,"[0.7921949837838228, 0.3529120844654886]",4,-1
2742,[0.44112119 0.04040521],5,-1,-1,0,0
2743,[0.65249648 0.632111  ],0,-1,-1,3,2
2744,[0.77699664 0.43469137],4,2,"[0.8312266673252705, 0.4613441479074099]",4,-1
2745,[0.66797884 0.33656198],7,-1,-1,-1,-1
2746,[0.27778912 0.69016847],1,9,"[0.2630806751638254, 0.7080875454644293]",2,9
2747,[0.80451697 0.36084247],7,6,"[0.7921949837838228, 0.3529120844654886]",4,6
2748,[0.09813464 0.71469433],8,-1,-1,2,-1
2749,[0.52171327 0.14473747],5,3,"[0.5044907196570393, 0.16230287856274858]",0,0
2750,[0.12668656 0.44455188],3,5,"[0.12813625889338118, 0.45239712230086515]",1,1
2751,[0.3576366  0.86095598],2,1,"[0.3445904742281392, 0.8508004104108614]",2,5
2752,[0.32505915 0.96572936],2,-1,-1,2,-1
2753,[0.12704018 0.38916021],3,5,"[0.12813625889338118, 0.45239712230086515]",1,1
2754,[0.40896732 0.65375883],9,0,"[0.4297636102329726, 0.6357143141723958]",2,-1
2755,[0.46599806 0.60911651],9,0,"[0.4297636102329726, 0.6357143141723958]",2,-1
2756,[0.45067389 0.70119019],6,0,"[0.4297636102329726, 0.6357143141723958]",2,10
2757,[0.21582722 0.76230915],8,7,"[0.17089520780330653, 0.7464713359575794]",2,-1
2758,[0.24549592 0.71589139],8,9,"[0.2630806751638254, 0.7080875454644293]",2,-1
2759,[0.28117598 0.79378371],2,-1,-1,2,-1
2760,[0.77063045 0.60726196],0,4,"[0.7285423500480827, 0.6073851354724864]",3,2
2761,[0.43077939 0.71230462],6,8,"[0.36289448703783916, 0.7073371999105278]",2,10
2762,[0.34146005 0.67324623],1,8,"[0.36289448703783916, 0.7073371999105278]",2,-1
2763,[0.45035994 0.12747986],5,3,"[0.5044907196570393, 0.16230287856274858]",0,0
2764,[0.8392952  0.46190058],4,2,"[0.8312266673252705, 0.4613441479074099]",4,7
2765,[0.44143771 0.16003241],5,3,"[0.5044907196570393, 0.16230287856274858]",0,0
2766,[0.44750875 0.70011307],6,0,"[0.4297636102329726, 0.6357143141723958]",2,10
2767,[0.14576373 0.75817148],8,7,"[0.17089520780330653, 0.7464713359575794]",2,-1
2768,[0.31710639 0.8528206 ],2,1,"[0.3445904742281392, 0.8508004104108614]",2,-1
2769,[0.77047973 0.66775401],0,-1,-1,3,2
2770,[0.42160775 0.60884387],9,0,"[0.4297636102329726, 0.6357143141723958]",2,-1
2771,[0.43261514 0.69924558],6,0,"[0.4297636102329726, 0.6357143141723958]",2,10
2772,[0.40813031 0.62232967],9,0,"[0.4297636102329726, 0.6357143141723958]",2,-1
2773,[0.8290287  0.29847465],7,6,"[0.7921949837838228, 0.3529120844654886]",4,-1
2774,[0.45164321 0.69761189],6,0,"[0.4297636102329726, 0.6357143141723958]",2,10
2775,[0.81231433 0.58897132],0,-1,-1,3,2
2776,[0.52391299 0.20390642],5,3,"[0.5044907196570393, 0.16230287856274858]",0,0
2777,[0.39509174 0.72467194],6,8,"[0.36289448703783916, 0.7073371999105278]",2,-1
2778,[0.0440356  0.49131562],3,-1,-1,1,1
2779,[0.49035223 0.71678133],6,-1,-1,2,-1
2780,[0.41047624 0.87012896],2,1,"[0.3445904742281392, 0.8508004104108614]",2,-1
2781,[0.78338677 0.37016103],7,6,"[0.7921949837838228, 0.3529120844654886]",4,-1
2782,[0.4241718  0.14221157],5,-1,-1,0,0
2783,[0.25690426 0.68962224],1,9,"[0.2630806751638254, 0.7080875454644293]",2,-1
2784,[0.34923436 0.87030878],2,1,"[0.3445904742281392, 0.8508004104108614]",2,-1
2785,[0.18678463 0.47322269],3,5,"[0.12813625889338118, 0.45239712230086515]",1,1
2786,[0.83503918 0.4318036 ],4,2,"[0.8312266673252705, 0.4613441479074099]",4,-1
2787,[0.17867938 0.74348427],8,7,"[0.17089520780330653, 0.7464713359575794]",2,8
2788,[0.37411785 0.57185379],9,-1,-1,2,-1
2789,[0.73903876 0.374122  ],7,6,"[0.7921949837838228, 0.3529120844654886]",4,-1
2790,[0.09513319 0.44773012],3,5,"[0.12813625889338118, 0.45239712230086515]",1,1
2791,[0.45361425 0.74257206],6,-1,-1,2,-1
2792,[0.42970482 0.09008566],5,-1,-1,0,0
2793,[0.39311711 0.71919712],6,8,"[0.36289448703783916, 0.7073371999105278]",2,-1
2794,[0.19799797 0.48432424],3,-1,-1,1,1
2795,[0.81765268 0.37736871],7,6,"[0.7921949837838228, 0.3529120844654886]",4,-1
2796,[0.43800397 0.62072829],9,0,"[0.4297636102329726, 0.6357143141723958]",2,13
2797,[0.82116264 0.33766964],7,6,"[0.7921949837838228, 0.3529120844654886]",4,-1
2798,[0.49078558 0.20507126],5,3,"[0.5044907196570393, 0.16230287856274858]",0,0
2799,[0.18538236 0.7010568 ],8,7,"[0.17089520780330653, 0.7464713359575794]",2,-1
2800,[0.80952994 0.45770877],4,2,"[0.8312266673252705, 0.4613441479074099]",4,7
2801,[0.73584955 0.63713113],0,4,"[0.7285423500480827, 0.6073851354724864]",3,2
2802,[0.40281956 0.5915988 ],9,0,"[0.4297636102329726, 0.6357143141723958]",2,11
2803,[0.75891694 0.71930197],0,-1,-1,-1,2
2804,[0.1707801  0.74229641],8,7,"[0.17089520780330653, 0.7464713359575794]",2,8
2805,[0.36439702 0.79675906],2,1,"[0.3445904742281392, 0.8508004104108614]",2,-1
2806,[0.35306451 0.69368554],6,8,"[0.36289448703783916, 0.7073371999105278]",2,-1
2807,[0.85031944 0.37731391],4,6,"[0.7921949837838228, 0.3529120844654886]",4,-1
2808,[0.11206094 0.41273725],3,5,"[0.12813625889338118, 0.45239712230086515]",1,1
2809,[0.36139247 0.59202379],9,-1,-1,2,-1
2810,[0.17655316 0.75025751],8,7,"[0.17089520780330653, 0.7464713359575794]",2,8
2811,[0.83748368 0.4459914 ],4,2,"[0.8312266673252705, 0.4613441479074099]",4,-1
2812,[0.42418447 0.72855351],6,8,"[0.36289448703783916, 0.7073371999105278]",2,-1
2813,[0.3722188 0.7018313],6,8,"[0.36289448703783916, 0.7073371999105278]",2,-1
2814,[0.34288191 0.8324257 ],2,1,"[0.3445904742281392, 0.8508004104108614]",2,-1
2815,[0.4647392  0.65130349],6,0,"[0.4297636102329726, 0.6357143141723958]",2,-1
2816,[0.16731302 0.47789085],3,5,"[0.12813625889338118, 0.45239712230086515]",1,1
2817,[0.39331287 0.71368908],6,8,"[0.36289448703783916, 0.7073371999105278]",2,10
2818,[0.22929057 0.76860535],8,7,"[0.17089520780330653, 0.7464713359575794]",2,-1
2819,[0.33773458 0.68746096],1,8,"[0.36289448703783916, 0.7073371999105278]",2,-1
2820,[0.52802809 0.22927347],5,-1,-1,0,0
2821,[0.45289597 0.14840543],5,3,"[0.5044907196570393, 0.16230287856274858]",0,0
2822,[0.7955571  0.31306684],7,6,"[0.7921949837838228, 0.3529120844654886]",4,-1
2823,[0.27464217 0.71631136],1,9,"[0.2630806751638254, 0.7080875454644293]",2,9
2824,[0.36841774 0.56965541],9,-1,-1,2,-1
2825,[0.79403071 0.64617318],0,-1,-1,3,2
2826,[0.83663551 0.45730261],4,2,"[0.8312266673252705, 0.4613441479074099]",4,-1
2827,[0.38246992 0.85746393],2,1,"[0.3445904742281392, 0.8508004104108614]",2,5
2828,[0.43000028 0.72129742],6,8,"[0.36289448703783916, 0.7073371999105278]",2,10
2829,[0.1713368  0.43795589],3,5,"[0.12813625889338118, 0.45239712230086515]",1,1
2830,[0.15547232 0.44554764],3,5,"[0.12813625889338118, 0.45239712230086515]",1,1
2831,[0.1484323  0.45083514],3,5,"[0.12813625889338118, 0.45239712230086515]",1,1
2832,[0.3108027  0.72502483],1,9,"[0.2630806751638254, 0.7080875454644293]",2,9
2833,[0.44750262 0.64563358],9,0,"[0.4297636102329726, 0.6357143141723958]",2,-1
2834,[0.07806843 0.41987024],3,5,"[0.12813625889338118, 0.45239712230086515]",1,1
2835,[0.44807349 0.56263988],9,-1,-1,2,-1
2836,[0.25323193 0.73782246],1,9,"[0.2630806751638254, 0.7080875454644293]",2,-1
2837,[0.2816398  0.83145611],2,1,"[0.3445904742281392, 0.8508004104108614]",2,-1
2838,[0.445837   0.66770456],6,0,"[0.4297636102329726, 0.6357143141723958]",2,10
2839,[0.10394406 0.44407223],3,5,"[0.12813625889338118, 0.45239712230086515]",1,1
2840,[0.25113314 0.69225902],1,9,"[0.2630806751638254, 0.7080875454644293]",2,-1
2841,[0.75613172 0.46670652],4,-1,-1,4,-1
2842,[0.78065767 0.53916739],4,-1,-1,3,2
2843,[0.53665638 0.23917786],5,-1,-1,0,0
2844,[0.80684364 0.35632695],7,6,"[0.7921949837838228, 0.3529120844654886]",4,6
2845,[0.66893126 0.6326719 ],0,4,"[0.7285423500480827, 0.6073851354724864]",3,2
2846,[0.76807744 0.33887678],7,6,"[0.7921949837838228, 0.3529120844654886]",4,-1
2847,[0.66308148 0.57214495],0,-1,-1,3,2
2848,[0.50857735 0.61374378],9,-1,-1,2,-1
2849,[0.76907788 0.44459425],4,2,"[0.8312266673252705, 0.4613441479074099]",4,-1
2850,[0.43495574 0.54000249],9,-1,-1,2,-1
2851,[0.39299582 0.55055586],9,-1,-1,2,-1
2852,[0.13725587 0.79321981],8,7,"[0.17089520780330653, 0.7464713359575794]",2,-1
2853,[0.77757345 0.59013258],0,4,"[0.7285423500480827, 0.6073851354724864]",3,2
2854,[0.14035013 0.40257897],3,5,"[0.12813625889338118, 0.45239712230086515]",1,1
2855,[0.79826425 0.37015196],7,6,"[0.7921949837838228, 0.3529120844654886]",4,6
2856,[0.50962692 0.2206319 ],5,3,"[0.5044907196570393, 0.16230287856274858]",0,0
2857,[0.30501146 0.68674229],1,9,"[0.2630806751638254, 0.7080875454644293]",2,9
2858,[0.46416173 0.18637832],5,3,"[0.5044907196570393, 0.16230287856274858]",0,0
2859,[0.06920356 0.48290415],3,5,"[0.12813625889338118, 0.45239712230086515]",1,1
2860,[0.10464669 0.38645048],3,-1,-1,1,1
2861,[0.42350841 0.59138215],9,0,"[0.4297636102329726, 0.6357143141723958]",2,-1
2862,[0.14799566 0.44078577],3,5,"[0.12813625889338118, 0.45239712230086515]",1,1
2863,[0.22068554 0.72216416],8,9,"[0.2630806751638254, 0.7080875454644293]",2,-1
2864,[0.31899584 0.49276104],9,-1,-1,2,-1
2865,[0.70392606 0.53583106],0,-1,-1,3,2
2866,[0.34687701 0.6286869 ],9,-1,-1,2,-1
2867,[0.12911355 0.42659183],3,5,"[0.12813625889338118, 0.45239712230086515]",1,1
2868,[0.80310981 0.45291863],7,2,"[0.8312266673252705, 0.4613441479074099]",4,7
2869,[0.21309333 0.76670205],8,7,"[0.17089520780330653, 0.7464713359575794]",2,-1
2870,[0.51309424 0.12758801],5,3,"[0.5044907196570393, 0.16230287856274858]",0,0
2871,[0.37626246 0.81777429],2,1,"[0.3445904742281392, 0.8508004104108614]",2,-1
2872,[0.27191702 0.71085551],1,9,"[0.2630806751638254, 0.7080875454644293]",2,9
2873,[0.49847856 0.71443717],6,-1,-1,2,-1
2874,[0.32307802 0.75206183],1,8,"[0.36289448703783916, 0.7073371999105278]",2,-1
2875,[0.40651989 0.69854665],9,8,"[0.36289448703783916, 0.7073371999105278]",2,-1
2876,[0.48644817 0.74337152],6,-1,-1,2,-1
2877,[0.75231966 0.40497689],7,6,"[0.7921949837838228, 0.3529120844654886]",4,-1
2878,[0.18138739 0.70141245],8,7,"[0.17089520780330653, 0.7464713359575794]",2,8
2879,[0.14726608 0.77723048],8,7,"[0.17089520780330653, 0.7464713359575794]",2,-1
2880,[0.72141458 0.53519993],0,-1,-1,3,2
2881,[0.17191787 0.85642532],8,-1,-1,2,-1
2882,[0.41324187 0.71677364],6,8,"[0.36289448703783916, 0.7073371999105278]",2,10
2883,[0.18531773 0.67223996],8,-1,-1,2,-1
2884,[0.79561832 0.48243727],4,2,"[0.8312266673252705, 0.4613441479074099]",4,-1
2885,[0.81597527 0.619101  ],0,-1,-1,3,2
2886,[0.06947167 0.48580278],3,5,"[0.12813625889338118, 0.45239712230086515]",1,1
2887,[0.3870436  0.72179086],1,8,"[0.36289448703783916, 0.7073371999105278]",2,-1
2888,[0.89054127 0.3993447 ],4,-1,-1,4,-1
2889,[0.34738409 0.63560556],1,-1,-1,2,-1
2890,[0.83961968 0.2333706 ],7,-1,-1,-1,-1
2891,[0.14954988 0.50536623],3,5,"[0.12813625889338118, 0.45239712230086515]",1,1
2892,[0.16287944 0.7345583 ],8,7,"[0.17089520780330653, 0.7464713359575794]",2,8
2893,[0.31405911 0.73728778],1,8,"[0.36289448703783916, 0.7073371999105278]",2,9
2894,[0.66854915 0.60168224],0,4,"[0.7285423500480827, 0.6073851354724864]",3,2
2895,[0.33591768 0.61831173],9,-1,-1,2,-1
2896,[0.32571282 0.72041963],1,8,"[0.36289448703783916, 0.7073371999105278]",2,9
2897,[0.82463675 0.41491619],4,2,"[0.8312266673252705, 0.4613441479074099]",4,-1
2898,[0.36411309 0.63560179],6,0,"[0.4297636102329726, 0.6357143141723958]",2,-1
2899,[0.20873156 0.71819475],1,7,"[0.17089520780330653, 0.7464713359575794]",2,-1
2900,[0.34079363 0.86079091],2,1,"[0.3445904742281392, 0.8508004104108614]",2,5
2901,[0.71055143 0.63406664],0,4,"[0.7285423500480827, 0.6073851354724864]",3,2
2902,[0.30111577 0.80658775],2,1,"[0.3445904742281392, 0.8508004104108614]",2,-1
2903,[0.21356302 0.42922424],3,-1,-1,1,1
2904,[0.29222481 0.68999668],1,9,"[0.2630806751638254, 0.7080875454644293]",2,9
2905,[0.35482289 0.80299775],2,1,"[0.3445904742281392, 0.8508004104108614]",2,-1
2906,[0.8121246  0.44527593],4,2,"[0.8312266673252705, 0.4613441479074099]",4,-1
2907,[0.13393785 0.6983871 ],8,7,"[0.17089520780330653, 0.7464713359575794]",2,-1
2908,[0.48509152 0.56848607],9,-1,-1,2,-1
2909,[0.82418738 0.48424317],4,2,"[0.8312266673252705, 0.4613441479074099]",4,7
2910,[0.20075045 0.76323895],8,7,"[0.17089520780330653, 0.7464713359575794]",2,-1
2911,[0.4618561  0.75969988],6,-1,-1,2,-1
2912,[0.38153495 0.87453689],2,1,"[0.3445904742281392, 0.8508004104108614]",2,-1
2913,[0.24493961 0.74652331],8,9,"[0.2630806751638254, 0.7080875454644293]",2,-1
2914,[0.53315924 0.1912474 ],5,3,"[0.5044907196570393, 0.16230287856274858]",0,0
2915,[0.32363652 0.82615179],2,1,"[0.3445904742281392, 0.8508004104108614]",2,3
2916,[0.79461859 0.48526956],4,2,"[0.8312266673252705, 0.4613441479074099]",4,-1
2917,[0.45901865 0.75340855],6,-1,-1,2,-1
2918,[0.31644392 0.88565762],2,1,"[0.3445904742281392, 0.8508004104108614]",2,-1
2919,[0.86872013 0.42742434],4,2,"[0.8312266673252705, 0.4613441479074099]",4,-1
2920,[0.50621885 0.1081323 ],5,3,"[0.5044907196570393, 0.16230287856274858]",0,0
2921,[0.14344049 0.38255284],3,-1,-1,1,1
2922,[0.35932914 0.74260935],2,8,"[0.36289448703783916, 0.7073371999105278]",2,-1
2923,[0.38525376 0.78730714],2,-1,-1,2,-1
2924,[0.42793751 0.65000652],6,0,"[0.4297636102329726, 0.6357143141723958]",2,-1
2925,[0.42022652 0.70309937],6,8,"[0.36289448703783916, 0.7073371999105278]",2,10
2926,[0.28885248 0.77647357],1,-1,-1,2,-1
2927,[0.4718567  0.76337809],6,-1,-1,2,-1
2928,[0.12078073 0.412129  ],3,5,"[0.12813625889338118, 0.45239712230086515]",1,1
2929,[0.74844657 0.37931645],7,6,"[0.7921949837838228, 0.3529120844654886]",4,-1
2930,[0.49168647 0.07673969],5,-1,-1,0,0
2931,[0.3470846  0.71184348],1,8,"[0.36289448703783916, 0.7073371999105278]",2,-1
2932,[0.54521356 0.19749638],5,3,"[0.5044907196570393, 0.16230287856274858]",0,0
2933,[0.11340502 0.69894423],8,-1,-1,2,-1
2934,[0.17756688 0.46686306],3,5,"[0.12813625889338118, 0.45239712230086515]",1,1
2935,[0.30846185 0.65271032],1,-1,-1,2,-1
2936,[0.19676501 0.70793804],8,7,"[0.17089520780330653, 0.7464713359575794]",2,-1
2937,[0.36653182 0.70814515],6,8,"[0.36289448703783916, 0.7073371999105278]",2,-1
2938,[0.7808409  0.52917519],4,-1,-1,3,2
2939,[0.84946265 0.31399869],7,6,"[0.7921949837838228, 0.3529120844654886]",4,-1
2940,[0.2309282  0.69330327],1,9,"[0.2630806751638254, 0.7080875454644293]",2,-1
2941,[0.36632229 0.84827271],2,1,"[0.3445904742281392, 0.8508004104108614]",2,5
2942,[0.3603434 0.8212746],2,1,"[0.3445904742281392, 0.8508004104108614]",2,4
2943,[0.75171852 0.60056369],0,4,"[0.7285423500480827, 0.6073851354724864]",3,2
2944,[0.46967531 0.74689477],6,-1,-1,2,-1
2945,[0.7509151  0.63029923],0,4,"[0.7285423500480827, 0.6073851354724864]",3,2
2946,[0.08761117 0.48674999],3,5,"[0.12813625889338118, 0.45239712230086515]",1,1
2947,[0.13858155 0.44257399],3,5,"[0.12813625889338118, 0.45239712230086515]",1,1
2948,[0.30549774 0.78522355],1,-1,-1,2,-1
2949,[0.241551   0.72945801],1,9,"[0.2630806751638254, 0.7080875454644293]",2,-1
2950,[0.81890671 0.43058908],4,2,"[0.8312266673252705, 0.4613441479074099]",4,7
2951,[0.43764728 0.7014105 ],6,0,"[0.4297636102329726, 0.6357143141723958]",2,10
2952,[0.47769464 0.73716738],6,-1,-1,2,-1
2953,[0.48237103 0.1235622 ],5,3,"[0.5044907196570393, 0.16230287856274858]",0,0
2954,[0.38148193 0.88143524],2,1,"[0.3445904742281392, 0.8508004104108614]",2,-1
2955,[0.45385051 0.15465574],5,3,"[0.5044907196570393, 0.16230287856274858]",0,0
2956,[0.15431528 0.5101834 ],3,5,"[0.12813625889338118, 0.45239712230086515]",1,1
2957,[0.30581344 0.76459361],1,-1,-1,2,-1
2958,[0.40802099 0.85375633],2,1,"[0.3445904742281392, 0.8508004104108614]",2,-1
2959,[0.24397973 0.80106317],8,-1,-1,2,-1
2960,[0.11160918 0.45705607],3,5,"[0.12813625889338118, 0.45239712230086515]",1,1
2961,[0.49609847 0.6221198 ],9,0,"[0.4297636102329726, 0.6357143141723958]",2,-1
2962,[0.31766708 0.67828706],1,8,"[0.36289448703783916, 0.7073371999105278]",2,-1
2963,[0.83743277 0.48510151],4,2,"[0.8312266673252705, 0.4613441479074099]",4,-1
2964,[0.48479808 0.65208154],9,0,"[0.4297636102329726, 0.6357143141723958]",2,-1
2965,[0.38218312 0.81646057],2,1,"[0.3445904742281392, 0.8508004104108614]",2,-1
2966,[0.74449673 0.55657115],0,4,"[0.7285423500480827, 0.6073851354724864]",3,2
2967,[0.8069962  0.42975674],7,2,"[0.8312266673252705, 0.4613441479074099]",4,7
2968,[0.36489995 0.66453811],1,8,"[0.36289448703783916, 0.7073371999105278]",2,-1
2969,[0.37192141 0.94949765],2,-1,-1,2,-1
2970,[0.38171965 0.84354931],2,1,"[0.3445904742281392, 0.8508004104108614]",2,-1
2971,[0.6801998 0.6261173],0,4,"[0.7285423500480827, 0.6073851354724864]",3,2
2972,[0.79693179 0.45634618],4,2,"[0.8312266673252705, 0.4613441479074099]",4,-1
2973,[0.48367367 0.6294531 ],9,0,"[0.4297636102329726, 0.6357143141723958]",2,-1
2974,[0.30875874 0.67186805],1,9,"[0.2630806751638254, 0.7080875454644293]",2,9
2975,[0.43998665 0.12906489],5,-1,-1,0,0
2976,[0.25792704 0.71034885],1,9,"[0.2630806751638254, 0.7080875454644293]",2,9
2977,[0.78897599 0.59532783],0,4,"[0.7285423500480827, 0.6073851354724864]",3,2
2978,[0.75388226 0.39113023],7,6,"[0.7921949837838228, 0.3529120844654886]",4,-1
2979,[0.77424975 0.46125048],4,2,"[0.8312266673252705, 0.4613441479074099]",4,-1
2980,[0.86826995 0.42450188],4,2,"[0.8312266673252705, 0.4613441479074099]",4,-1
2981,[0.51499777 0.26133116],5,-1,-1,0,0
2982,[0.21820584 0.68633861],1,9,"[0.2630806751638254, 0.7080875454644293]",2,-1
2983,[0.36181083 0.78697381],2,1,"[0.3445904742281392, 0.8508004104108614]",2,-1
2984,[0.38526689 0.61168038],9,0,"[0.4297636102329726, 0.6357143141723958]",2,12
2985,[0.41646272 0.67489351],6,0,"[0.4297636102329726, 0.6357143141723958]",2,10
2986,[0.43728549 0.69019415],6,0,"[0.4297636102329726, 0.6357143141723958]",2,10
2987,[0.39517293 0.62229789],9,0,"[0.4297636102329726, 0.6357143141723958]",2,-1
2988,[0.44853062 0.69011415],6,0,"[0.4297636102329726, 0.6357143141723958]",2,10
2989,[0.43633624 0.67691385],6,0,"[0.4297636102329726, 0.6357143141723958]",2,10
2990,[0.36480357 0.89352531],2,1,"[0.3445904742281392, 0.8508004104108614]",2,-1
2991,[0.25744711 0.77483907],1,9,"[0.2630806751638254, 0.7080875454644293]",2,-1
2992,[0.21262939 0.69394814],1,9,"[0.2630806751638254, 0.7080875454644293]",2,-1
2993,[0.46150574 0.67315841],9,0,"[0.4297636102329726, 0.6357143141723958]",2,-1
2994,[0.72051582 0.31418477],7,-1,-1,4,-1
2995,[0.12475928 0.42260826],3,5,"[0.12813625889338118, 0.45239712230086515]",1,1
2996,[0.80084051 0.45406548],4,2,"[0.8312266673252705, 0.4613441479074099]",4,7
2997,[0.80930099 0.45472324],4,2,"[0.8312266673252705, 0.4613441479074099]",4,7
2998,[0.47271749 0.55816475],9,-1,-1,2,-1
2999,[0.2837857 0.7000165],1,9,"[0.2630806751638254, 0.7080875454644293]",2,9
3000,[0.88757346 0.49106719],4,2,"[0.8312266673252705, 0.4613441479074099]",4,-1
3001,[0.09999946 0.4478553 ],3,5,"[0.12813625889338118, 0.45239712230086515]",1,1
3002,[0.32070338 0.8822897 ],2,1,"[0.3445904742281392, 0.8508004104108614]",2,-1
3003,[0.78539772 0.39046516],7,6,"[0.7921949837838228, 0.3529120844654886]",4,6
3004,[0.49618836 0.26392699],5,-1,-1,0,0
3005,[0.31831608 0.80372758],2,1,"[0.3445904742281392, 0.8508004104108614]",2,-1
3006,[0.2178925  0.70396311],1,9,"[0.2630806751638254, 0.7080875454644293]",2,-1
3007,[0.44076628 0.70240038],6,0,"[0.4297636102329726, 0.6357143141723958]",2,10
3008,[0.79930784 0.36848195],7,6,"[0.7921949837838228, 0.3529120844654886]",4,6
3009,[0.13659801 0.44998514],3,5,"[0.12813625889338118, 0.45239712230086515]",1,1
3010,[0.25225954 0.76194837],8,9,"[0.2630806751638254, 0.7080875454644293]",2,-1
3011,[0.46627225 0.16050666],5,3,"[0.5044907196570393, 0.16230287856274858]",0,0
3012,[0.17984716 0.75375612],8,7,"[0.17089520780330653, 0.7464713359575794]",2,8
3013,[0.1794757  0.70184008],8,7,"[0.17089520780330653, 0.7464713359575794]",2,8
3014,[0.32008689 0.88386052],2,1,"[0.3445904742281392, 0.8508004104108614]",2,-1
3015,[0.80795907 0.33077411],7,6,"[0.7921949837838228, 0.3529120844654886]",4,-1
3016,[0.37977962 0.65112834],9,0,"[0.4297636102329726, 0.6357143141723958]",2,-1
3017,[0.30780774 0.62623776],1,-1,-1,2,-1
3018,[0.35832836 0.83650391],2,1,"[0.3445904742281392, 0.8508004104108614]",2,-1
3019,[0.69902299 0.61963704],0,4,"[0.7285423500480827, 0.6073851354724864]",3,2
3020,[0.27113902 0.85547355],2,-1,-1,2,-1
3021,[0.51707187 0.12360211],5,3,"[0.5044907196570393, 0.16230287856274858]",0,0
3022,[0.17933794 0.40234303],3,-1,-1,1,1
3023,[0.18725898 0.7245459 ],8,7,"[0.17089520780330653, 0.7464713359575794]",2,8
3024,[0.33167259 0.8615161 ],2,1,"[0.3445904742281392, 0.8508004104108614]",2,-1
3025,[0.75332348 0.32434661],7,6,"[0.7921949837838228, 0.3529120844654886]",4,-1
3026,[0.8195093  0.40935506],7,2,"[0.8312266673252705, 0.4613441479074099]",4,-1
3027,[0.80850853 0.31746733],7,6,"[0.7921949837838228, 0.3529120844654886]",4,-1
3028,[0.40974367 0.70294314],6,8,"[0.36289448703783916, 0.7073371999105278]",2,10
3029,[0.5325433  0.68548299],6,-1,-1,2,-1
3030,[0.49084541 0.14925701],5,3,"[0.5044907196570393, 0.16230287856274858]",0,0
3031,[0.32453533 0.69251056],1,8,"[0.36289448703783916, 0.7073371999105278]",2,9
3032,[0.21067799 0.74900936],8,7,"[0.17089520780330653, 0.7464713359575794]",2,8
3033,[0.7837208  0.34139049],7,6,"[0.7921949837838228, 0.3529120844654886]",4,-1
3034,[0.3421651  0.88966686],2,1,"[0.3445904742281392, 0.8508004104108614]",2,-1
3035,[0.27460135 0.91109917],2,-1,-1,2,-1
3036,[0.40904245 0.57630005],9,0,"[0.4297636102329726, 0.6357143141723958]",2,11
3037,[0.78237592 0.58844251],0,4,"[0.7285423500480827, 0.6073851354724864]",3,2
3038,[0.82522837 0.46100849],4,2,"[0.8312266673252705, 0.4613441479074099]",4,7
3039,[0.31885742 0.83826604],2,1,"[0.3445904742281392, 0.8508004104108614]",2,-1
3040,[0.18590145 0.74337727],8,7,"[0.17089520780330653, 0.7464713359575794]",2,8
3041,[0.47099665 0.55954762],9,-1,-1,2,-1
3042,[0.34216051 0.64718913],1,8,"[0.36289448703783916, 0.7073371999105278]",2,-1
3043,[0.87041673 0.53299921],4,-1,-1,4,-1
3044,[0.38343604 0.56304485],9,-1,-1,2,-1
3045,[0.27174335 0.75783659],1,9,"[0.2630806751638254, 0.7080875454644293]",2,-1
3046,[0.5319578  0.09506357],5,-1,-1,0,0
3047,[0.5474663 0.201809 ],5,3,"[0.5044907196570393, 0.16230287856274858]",0,0
3048,[0.11188131 0.51311186],3,5,"[0.12813625889338118, 0.45239712230086515]",1,1
3049,[0.71002785 0.60964702],0,4,"[0.7285423500480827, 0.6073851354724864]",3,2
3050,[0.83476615 0.40779026],7,2,"[0.8312266673252705, 0.4613441479074099]",4,-1
3051,[0.5125513  0.72758125],6,-1,-1,2,-1
3052,[0.32304232 0.68487824],1,8,"[0.36289448703783916, 0.7073371999105278]",2,9
3053,[0.09156062 0.41846992],3,5,"[0.12813625889338118, 0.45239712230086515]",1,1
3054,[0.11654371 0.68646305],8,-1,-1,2,-1
3055,[0.4723512  0.67328879],6,0,"[0.4297636102329726, 0.6357143141723958]",2,-1
3056,[0.32707047 0.57188647],9,-1,-1,2,-1
3057,[0.38133313 0.83327151],2,1,"[0.3445904742281392, 0.8508004104108614]",2,-1
3058,[0.46408395 0.16804801],5,3,"[0.5044907196570393, 0.16230287856274858]",0,0
3059,[0.33078937 0.84546384],2,1,"[0.3445904742281392, 0.8508004104108614]",2,-1
3060,[0.23336312 0.67063535],1,9,"[0.2630806751638254, 0.7080875454644293]",2,-1
3061,[0.4964555  0.17444082],5,3,"[0.5044907196570393, 0.16230287856274858]",0,0
3062,[0.11397326 0.73143041],8,7,"[0.17089520780330653, 0.7464713359575794]",2,-1
3063,[0.33836443 0.89810087],2,1,"[0.3445904742281392, 0.8508004104108614]",2,-1
3064,[0.14339663 0.69868858],8,7,"[0.17089520780330653, 0.7464713359575794]",2,-1
3065,[0.15794181 0.70630658],8,7,"[0.17089520780330653, 0.7464713359575794]",2,-1
3066,[0.72544762 0.5630889 ],0,4,"[0.7285423500480827, 0.6073851354724864]",3,2
3067,[0.47521235 0.17656995],5,3,"[0.5044907196570393, 0.16230287856274858]",0,0
3068,[0.75333928 0.33303674],7,6,"[0.7921949837838228, 0.3529120844654886]",4,-1
3069,[0.32992288 0.70317438],1,8,"[0.36289448703783916, 0.7073371999105278]",2,9
3070,[0.32908005 0.71942487],1,8,"[0.36289448703783916, 0.7073371999105278]",2,9
3071,[0.3832579  0.88540905],2,1,"[0.3445904742281392, 0.8508004104108614]",2,-1
3072,[0.78798788 0.30920799],7,6,"[0.7921949837838228, 0.3529120844654886]",4,-1
3073,[0.10025459 0.43359856],3,5,"[0.12813625889338118, 0.45239712230086515]",1,1
3074,[0.68645967 0.66606978],0,-1,-1,3,2
3075,[0.91761484 0.49671559],4,-1,-1,4,-1
3076,[0.14015827 0.43942482],3,5,"[0.12813625889338118, 0.45239712230086515]",1,1
3077,[0.79212617 0.31340563],7,6,"[0.7921949837838228, 0.3529120844654886]",4,-1
3078,[0.16848031 0.71790833],8,7,"[0.17089520780330653, 0.7464713359575794]",2,8
3079,[0.30889864 0.67689772],9,9,"[0.2630806751638254, 0.7080875454644293]",2,9
3080,[0.37279492 0.71556645],1,8,"[0.36289448703783916, 0.7073371999105278]",2,-1
3081,[0.09506994 0.43782116],3,5,"[0.12813625889338118, 0.45239712230086515]",1,1
3082,[0.86793298 0.44374411],4,2,"[0.8312266673252705, 0.4613441479074099]",4,-1
3083,[0.46837658 0.64406912],6,0,"[0.4297636102329726, 0.6357143141723958]",2,-1
3084,[0.35069606 0.60999823],9,-1,-1,2,-1
3085,[0.7544658  0.45448389],4,-1,-1,4,-1
3086,[0.32161465 0.87035122],2,1,"[0.3445904742281392, 0.8508004104108614]",2,-1
3087,[0.41988436 0.8518219 ],2,-1,-1,2,-1
3088,[0.43990528 0.74678806],6,-1,-1,2,-1
3089,[0.44082533 0.57961504],9,0,"[0.4297636102329726, 0.6357143141723958]",2,11
3090,[0.37419397 0.66059366],9,8,"[0.36289448703783916, 0.7073371999105278]",2,-1
3091,[0.48319513 0.74329324],6,-1,-1,2,-1
3092,[0.80751373 0.587499  ],0,-1,-1,3,2
3093,[0.82521852 0.4574929 ],4,2,"[0.8312266673252705, 0.4613441479074099]",4,7
3094,[0.32030756 0.85243768],2,1,"[0.3445904742281392, 0.8508004104108614]",2,-1
3095,[0.33908989 0.60404224],9,-1,-1,2,-1
3096,[0.29195291 0.70569858],1,9,"[0.2630806751638254, 0.7080875454644293]",2,9
3097,[0.24457561 0.76176134],8,9,"[0.2630806751638254, 0.7080875454644293]",2,-1
3098,[0.1610149  0.73808836],8,7,"[0.17089520780330653, 0.7464713359575794]",2,-1
3099,[0.80483094 0.46356883],4,2,"[0.8312266673252705, 0.4613441479074099]",4,7
3100,[0.83426418 0.48176839],4,2,"[0.8312266673252705, 0.4613441479074099]",4,-1
3101,[0.36148457 0.68372942],1,8,"[0.36289448703783916, 0.7073371999105278]",2,-1
3102,[0.77287526 0.42481692],4,2,"[0.8312266673252705, 0.4613441479074099]",4,-1
3103,[0.80407239 0.44750737],4,2,"[0.8312266673252705, 0.4613441479074099]",4,7
3104,[0.83712519 0.32259542],7,6,"[0.7921949837838228, 0.3529120844654886]",4,-1
3105,[0.82930877 0.43920446],4,2,"[0.8312266673252705, 0.4613441479074099]",4,7
3106,[0.49165756 0.11570478],5,3,"[0.5044907196570393, 0.16230287856274858]",0,0
3107,[0.85651181 0.33278936],7,6,"[0.7921949837838228, 0.3529120844654886]",4,-1
3108,[0.80950584 0.45798   ],4,2,"[0.8312266673252705, 0.4613441479074099]",4,7
3109,[0.29940306 0.69956483],1,9,"[0.2630806751638254, 0.7080875454644293]",2,9
3110,[0.37100407 0.85601342],2,1,"[0.3445904742281392, 0.8508004104108614]",2,5
3111,[0.43352714 0.23860131],5,-1,-1,0,0
3112,[0.81159277 0.47745917],4,2,"[0.8312266673252705, 0.4613441479074099]",4,7
3113,[0.33445816 0.83508674],2,1,"[0.3445904742281392, 0.8508004104108614]",2,-1
3114,[0.86993727 0.37159971],7,-1,-1,4,-1
3115,[0.80770199 0.2995079 ],7,6,"[0.7921949837838228, 0.3529120844654886]",4,-1
3116,[0.12403411 0.4228459 ],3,5,"[0.12813625889338118, 0.45239712230086515]",1,1
3117,[0.52003177 0.24701413],5,-1,-1,0,0
3118,[0.37172773 0.61514259],9,0,"[0.4297636102329726, 0.6357143141723958]",2,-1
3119,[0.47527401 0.1742278 ],5,3,"[0.5044907196570393, 0.16230287856274858]",0,0
3120,[0.43356679 0.15643542],5,-1,-1,0,0
3121,[0.30844507 0.93384154],2,-1,-1,2,-1
3122,[0.88590656 0.39234317],4,-1,-1,4,-1
3123,[0.56503158 0.10801294],5,-1,-1,0,0
3124,[0.32080293 0.89205519],2,1,"[0.3445904742281392, 0.8508004104108614]",2,-1
3125,[0.73080482 0.54295837],0,4,"[0.7285423500480827, 0.6073851354724864]",3,2
3126,[0.19076194 0.684095  ],8,7,"[0.17089520780330653, 0.7464713359575794]",2,-1
3127,[0.35554038 0.89788567],2,1,"[0.3445904742281392, 0.8508004104108614]",2,-1
3128,[0.41519601 0.64730426],6,0,"[0.4297636102329726, 0.6357143141723958]",2,-1
3129,[0.3845722  0.63384324],9,0,"[0.4297636102329726, 0.6357143141723958]",2,-1
3130,[0.36708187 0.91620788],2,1,"[0.3445904742281392, 0.8508004104108614]",2,-1
3131,[0.30286842 0.7909393 ],2,-1,-1,2,-1
3132,[0.33944037 0.75679929],1,8,"[0.36289448703783916, 0.7073371999105278]",2,-1
3133,[0.76645285 0.37464177],7,6,"[0.7921949837838228, 0.3529120844654886]",4,-1
3134,[0.53833844 0.1413923 ],5,3,"[0.5044907196570393, 0.16230287856274858]",0,0
3135,[0.45538619 0.63262747],9,0,"[0.4297636102329726, 0.6357143141723958]",2,-1
3136,[0.73533588 0.59180062],0,4,"[0.7285423500480827, 0.6073851354724864]",3,2
3137,[0.806192   0.39104145],7,6,"[0.7921949837838228, 0.3529120844654886]",4,6
3138,[0.22041927 0.73667299],8,7,"[0.17089520780330653, 0.7464713359575794]",2,8
3139,[0.79582494 0.44790288],4,2,"[0.8312266673252705, 0.4613441479074099]",4,7
3140,[0.27484504 0.74186824],1,9,"[0.2630806751638254, 0.7080875454644293]",2,-1
3141,[0.42072478 0.52360403],9,-1,-1,2,-1
3142,[0.83403976 0.47462014],4,2,"[0.8312266673252705, 0.4613441479074099]",4,-1
3143,[0.16767846 0.68336296],8,7,"[0.17089520780330653, 0.7464713359575794]",2,-1
3144,[0.54777344 0.23402283],5,-1,-1,0,0
3145,[0.7479176 0.4258197],4,-1,-1,4,-1
3146,[0.20235173 0.46203606],3,-1,-1,1,1
3147,[0.71459507 0.67825113],0,-1,-1,3,2
3148,[0.36163944 0.8175918 ],6,1,"[0.3445904742281392, 0.8508004104108614]",2,4
3149,[0.40870268 0.60770872],9,0,"[0.4297636102329726, 0.6357143141723958]",2,-1
3150,[0.68542146 0.58635544],0,4,"[0.7285423500480827, 0.6073851354724864]",3,2
3151,[0.45569156 0.70363888],6,-1,-1,2,10
3152,[0.11865723 0.79524848],8,-1,-1,2,-1
3153,[0.23464535 0.8011574 ],8,-1,-1,2,-1
3154,[0.44922204 0.56985301],9,0,"[0.4297636102329726, 0.6357143141723958]",2,-1
3155,[0.36079771 0.54699008],9,-1,-1,2,-1
3156,[0.83363588 0.41159601],4,2,"[0.8312266673252705, 0.4613441479074099]",4,-1
3157,[0.43961382 0.68552186],6,0,"[0.4297636102329726, 0.6357143141723958]",2,10
3158,[0.26144968 0.75889562],1,9,"[0.2630806751638254, 0.7080875454644293]",2,-1
3159,[0.37415087 0.85720709],2,1,"[0.3445904742281392, 0.8508004104108614]",2,5
3160,[0.79648128 0.2927181 ],7,6,"[0.7921949837838228, 0.3529120844654886]",4,-1
3161,[0.40440088 0.60860659],9,0,"[0.4297636102329726, 0.6357143141723958]",2,-1
3162,[0.73410432 0.37730819],7,6,"[0.7921949837838228, 0.3529120844654886]",4,-1
3163,[0.51160941 0.58653882],9,-1,-1,2,-1
3164,[0.76806575 0.56234569],0,4,"[0.7285423500480827, 0.6073851354724864]",3,2
3165,[0.14791052 0.45788289],3,5,"[0.12813625889338118, 0.45239712230086515]",1,1
3166,[0.88811724 0.53193369],4,-1,-1,4,-1
3167,[0.43933165 0.15348537],5,3,"[0.5044907196570393, 0.16230287856274858]",0,0
3168,[0.49367971 0.19226348],5,3,"[0.5044907196570393, 0.16230287856274858]",0,0
3169,[0.76908062 0.43683561],4,2,"[0.8312266673252705, 0.4613441479074099]",4,-1
3170,[0.1053936  0.45396352],3,5,"[0.12813625889338118, 0.45239712230086515]",1,1
3171,[0.73294408 0.6095974 ],0,4,"[0.7285423500480827, 0.6073851354724864]",3,2
3172,[0.23273406 0.73459299],8,9,"[0.2630806751638254, 0.7080875454644293]",2,8
3173,[0.25061679 0.7539056 ],1,9,"[0.2630806751638254, 0.7080875454644293]",2,-1
3174,[0.70319122 0.58917298],0,4,"[0.7285423500480827, 0.6073851354724864]",3,2
3175,[0.8155512  0.48245336],4,2,"[0.8312266673252705, 0.4613441479074099]",4,7
3176,[0.38941735 0.67491973],9,8,"[0.36289448703783916, 0.7073371999105278]",2,-1
3177,[0.71924032 0.64355497],0,4,"[0.7285423500480827, 0.6073851354724864]",3,2
3178,[0.82035496 0.33859467],7,6,"[0.7921949837838228, 0.3529120844654886]",4,-1
3179,[0.71547465 0.61822216],0,4,"[0.7285423500480827, 0.6073851354724864]",3,2
3180,[0.88111698 0.42260786],4,2,"[0.8312266673252705, 0.4613441479074099]",4,-1
3181,[0.33572073 0.87713084],2,1,"[0.3445904742281392, 0.8508004104108614]",2,-1
3182,[0.42602356 0.66277686],9,0,"[0.4297636102329726, 0.6357143141723958]",2,-1
3183,[0.13118064 0.72934472],8,7,"[0.17089520780330653, 0.7464713359575794]",2,-1
3184,[0.17809654 0.74716467],8,7,"[0.17089520780330653, 0.7464713359575794]",2,8
3185,[0.8041804  0.35636993],7,6,"[0.7921949837838228, 0.3529120844654886]",4,6
3186,[0.34923785 0.90945817],2,1,"[0.3445904742281392, 0.8508004104108614]",2,-1
3187,[0.16579099 0.73195038],8,7,"[0.17089520780330653, 0.7464713359575794]",2,8
3188,[0.29990067 0.79827668],2,1,"[0.3445904742281392, 0.8508004104108614]",2,-1
3189,[0.85753264 0.51726457],4,2,"[0.8312266673252705, 0.4613441479074099]",4,-1
3190,[0.38598627 0.91239666],2,-1,-1,2,-1
3191,[0.42132517 0.70251206],6,8,"[0.36289448703783916, 0.7073371999105278]",2,10
3192,[0.10457724 0.43352322],3,5,"[0.12813625889338118, 0.45239712230086515]",1,1
3193,[0.81175904 0.47511954],4,2,"[0.8312266673252705, 0.4613441479074099]",4,7
3194,[0.19687535 0.74562207],8,7,"[0.17089520780330653, 0.7464713359575794]",2,8
3195,[0.75330455 0.37602922],7,6,"[0.7921949837838228, 0.3529120844654886]",4,-1
3196,[0.37777689 0.92444709],2,-1,-1,2,-1
3197,[0.72620574 0.64256407],0,4,"[0.7285423500480827, 0.6073851354724864]",3,2
3198,[0.46096661 0.13268287],5,3,"[0.5044907196570393, 0.16230287856274858]",0,0
3199,[0.42502412 0.74609928],6,-1,-1,2,-1
3200,[0.37927577 0.58980431],9,0,"[0.4297636102329726, 0.6357143141723958]",2,-1
3201,[0.3880432  0.75732505],6,8,"[0.36289448703783916, 0.7073371999105278]",2,-1
3202,[0.340433   0.87295726],2,1,"[0.3445904742281392, 0.8508004104108614]",2,-1
3203,[0.55715258 0.13556089],5,3,"[0.5044907196570393, 0.16230287856274858]",0,0
3204,[0.28319248 0.79216847],8,-1,-1,2,-1
3205,[0.18334892 0.7030267 ],8,7,"[0.17089520780330653, 0.7464713359575794]",2,8
3206,[0.45935614 0.75622979],6,-1,-1,2,-1
3207,[0.517556   0.12837406],5,3,"[0.5044907196570393, 0.16230287856274858]",0,0
3208,[0.2313714  0.76233521],8,7,"[0.17089520780330653, 0.7464713359575794]",2,-1
3209,[0.53717396 0.25703967],5,-1,-1,0,0
3210,[0.85554342 0.47115805],4,2,"[0.8312266673252705, 0.4613441479074099]",4,-1
3211,[0.33557201 0.80513331],2,1,"[0.3445904742281392, 0.8508004104108614]",2,-1
3212,[0.1715741  0.74357871],8,7,"[0.17089520780330653, 0.7464713359575794]",2,8
3213,[0.20198535 0.68407758],8,9,"[0.2630806751638254, 0.7080875454644293]",2,-1
3214,[0.50194147 0.15064311],5,3,"[0.5044907196570393, 0.16230287856274858]",0,0
3215,[0.42184516 0.71379398],6,8,"[0.36289448703783916, 0.7073371999105278]",2,10
3216,[0.86797045 0.34049272],7,-1,-1,4,-1
3217,[0.71442174 0.59196982],0,4,"[0.7285423500480827, 0.6073851354724864]",3,2
3218,[0.45315624 0.61842548],9,0,"[0.4297636102329726, 0.6357143141723958]",2,-1
3219,[0.52510081 0.15438258],5,3,"[0.5044907196570393, 0.16230287856274858]",0,0
3220,[0.28175918 0.7138941 ],1,9,"[0.2630806751638254, 0.7080875454644293]",2,9
3221,[0.74914217 0.39167758],7,6,"[0.7921949837838228, 0.3529120844654886]",4,-1
3222,[0.42225818 0.92016044],2,-1,-1,2,-1
3223,[0.07209026 0.48874214],3,5,"[0.12813625889338118, 0.45239712230086515]",1,1
3224,[0.24051959 0.77586604],8,-1,-1,2,-1
3225,[0.48926892 0.15815059],5,3,"[0.5044907196570393, 0.16230287856274858]",0,0
3226,[0.16793038 0.46775758],3,5,"[0.12813625889338118, 0.45239712230086515]",1,1
3227,[0.28118335 0.63424592],1,-1,-1,2,-1
3228,[0.43616408 0.15801482],5,3,"[0.5044907196570393, 0.16230287856274858]",0,0
3229,[0.53888058 0.15107736],5,3,"[0.5044907196570393, 0.16230287856274858]",0,0
3230,[0.76938132 0.29856662],7,6,"[0.7921949837838228, 0.3529120844654886]",4,-1
3231,[0.70981692 0.59757088],0,4,"[0.7285423500480827, 0.6073851354724864]",3,2
3232,[0.25724712 0.65532893],1,9,"[0.2630806751638254, 0.7080875454644293]",2,-1
3233,[0.19640434 0.73205638],8,7,"[0.17089520780330653, 0.7464713359575794]",2,8
3234,[0.15834197 0.42576752],3,5,"[0.12813625889338118, 0.45239712230086515]",1,1
3235,[0.12215057 0.42599687],3,5,"[0.12813625889338118, 0.45239712230086515]",1,1
3236,[0.79180583 0.41795826],7,2,"[0.8312266673252705, 0.4613441479074099]",4,-1
3237,[0.68695223 0.67574218],0,-1,-1,3,2
3238,[0.32379642 0.70928529],1,8,"[0.36289448703783916, 0.7073371999105278]",2,9
3239,[0.81512357 0.38505861],4,6,"[0.7921949837838228, 0.3529120844654886]",4,6
3240,[0.17105466 0.45361133],3,5,"[0.12813625889338118, 0.45239712230086515]",1,1
3241,[0.83818106 0.46916192],4,2,"[0.8312266673252705, 0.4613441479074099]",4,-1
3242,[0.23351227 0.77716994],8,7,"[0.17089520780330653, 0.7464713359575794]",2,-1
3243,[0.82235163 0.49426898],4,2,"[0.8312266673252705, 0.4613441479074099]",4,7
3244,[0.45636006 0.69207106],6,0,"[0.4297636102329726, 0.6357143141723958]",2,10
3245,[0.80858819 0.35684966],7,6,"[0.7921949837838228, 0.3529120844654886]",4,6
3246,[0.50138917 0.17559059],5,3,"[0.5044907196570393, 0.16230287856274858]",0,0
3247,[0.78906337 0.32610807],7,6,"[0.7921949837838228, 0.3529120844654886]",4,-1
3248,[0.36141629 0.87898629],2,1,"[0.3445904742281392, 0.8508004104108614]",2,-1
3249,[0.3494579 0.7917038],2,1,"[0.3445904742281392, 0.8508004104108614]",2,-1
3250,[0.10118052 0.39793779],3,5,"[0.12813625889338118, 0.45239712230086515]",1,1
3251,[0.25441657 0.62463256],1,-1,-1,2,-1
3252,[0.35746632 0.84059439],2,1,"[0.3445904742281392, 0.8508004104108614]",2,-1
3253,[0.11780538 0.80680515],8,-1,-1,2,-1
3254,[0.33982876 0.8823387 ],2,1,"[0.3445904742281392, 0.8508004104108614]",2,-1
3255,[0.75954227 0.59146957],0,4,"[0.7285423500480827, 0.6073851354724864]",3,2
3256,[0.81700419 0.39496938],7,6,"[0.7921949837838228, 0.3529120844654886]",4,6
3257,[0.48445006 0.10676279],5,3,"[0.5044907196570393, 0.16230287856274858]",0,0
3258,[0.76919245 0.35319636],7,6,"[0.7921949837838228, 0.3529120844654886]",4,-1
3259,[0.44302738 0.65971858],9,0,"[0.4297636102329726, 0.6357143141723958]",2,10
3260,[0.68108013 0.62546709],0,4,"[0.7285423500480827, 0.6073851354724864]",3,2
3261,[0.86099259 0.29235069],7,-1,-1,4,-1
3262,[0.57890206 0.15306987],5,-1,-1,0,0
3263,[0.34443106 0.71372922],1,8,"[0.36289448703783916, 0.7073371999105278]",2,9
3264,[0.64538069 0.52159167],0,-1,-1,-1,2
3265,[0.73878003 0.58784061],0,4,"[0.7285423500480827, 0.6073851354724864]",3,2
3266,[0.35171776 0.86182124],2,1,"[0.3445904742281392, 0.8508004104108614]",2,5
3267,[0.46266203 0.70925122],6,-1,-1,2,-1
3268,[0.89653516 0.46798974],4,2,"[0.8312266673252705, 0.4613441479074099]",4,-1
3269,[0.20380081 0.7929082 ],8,7,"[0.17089520780330653, 0.7464713359575794]",2,-1
3270,[0.24621309 0.72265322],1,9,"[0.2630806751638254, 0.7080875454644293]",2,-1
3271,[0.15041705 0.74842573],8,7,"[0.17089520780330653, 0.7464713359575794]",2,-1
3272,[0.81259219 0.3523305 ],7,6,"[0.7921949837838228, 0.3529120844654886]",4,-1
3273,[0.07884877 0.49279712],3,5,"[0.12813625889338118, 0.45239712230086515]",1,1
3274,[0.86281242 0.39804425],7,-1,-1,4,-1
3275,[0.54699724 0.15664062],5,3,"[0.5044907196570393, 0.16230287856274858]",0,0
3276,[0.69989348 0.34822747],7,-1,-1,4,-1
3277,[0.7470791  0.35194102],7,6,"[0.7921949837838228, 0.3529120844654886]",4,-1
3278,[0.83491831 0.44368103],4,2,"[0.8312266673252705, 0.4613441479074099]",4,-1
3279,[0.37656941 0.59552722],9,0,"[0.4297636102329726, 0.6357143141723958]",2,-1
3280,[0.12435631 0.74652212],8,7,"[0.17089520780330653, 0.7464713359575794]",2,-1
3281,[0.4043108  0.72019127],6,8,"[0.36289448703783916, 0.7073371999105278]",2,-1
3282,[0.19457458 0.7318862 ],8,7,"[0.17089520780330653, 0.7464713359575794]",2,8
3283,[0.40062268 0.81870911],2,1,"[0.3445904742281392, 0.8508004104108614]",2,-1
3284,[0.54581164 0.75265682],6,-1,-1,2,-1
3285,[0.41868574 0.71211606],6,8,"[0.36289448703783916, 0.7073371999105278]",2,10
3286,[0.53619486 0.16098092],5,3,"[0.5044907196570393, 0.16230287856274858]",0,0
3287,[0.90887109 0.45114787],4,-1,-1,4,-1
3288,[0.85466375 0.52259699],4,2,"[0.8312266673252705, 0.4613441479074099]",4,-1
3289,[0.26360769 0.66449271],1,9,"[0.2630806751638254, 0.7080875454644293]",2,-1
3290,[0.73551919 0.618792  ],0,4,"[0.7285423500480827, 0.6073851354724864]",3,2
3291,[0.45452183 0.5592751 ],9,-1,-1,2,-1
3292,[0.30822713 0.78525057],2,-1,-1,2,-1
3293,[0.21093639 0.44499728],3,-1,-1,1,1
3294,[0.38879616 0.85257414],2,1,"[0.3445904742281392, 0.8508004104108614]",2,-1
3295,[0.35072232 0.85502963],2,1,"[0.3445904742281392, 0.8508004104108614]",2,5
3296,[0.76157392 0.3743175 ],7,6,"[0.7921949837838228, 0.3529120844654886]",4,-1
3297,[0.33574952 0.69327829],1,8,"[0.36289448703783916, 0.7073371999105278]",2,-1
3298,[0.72891121 0.34837908],7,6,"[0.7921949837838228, 0.3529120844654886]",4,-1
3299,[0.75115584 0.2660164 ],7,-1,-1,4,-1
3300,[0.75566479 0.29496499],7,6,"[0.7921949837838228, 0.3529120844654886]",4,-1
3301,[0.51126169 0.16619469],5,3,"[0.5044907196570393, 0.16230287856274858]",0,0
3302,[0.07015276 0.43704269],3,5,"[0.12813625889338118, 0.45239712230086515]",1,1
3303,[0.84824299 0.4388753 ],4,2,"[0.8312266673252705, 0.4613441479074099]",4,-1
3304,[0.79125734 0.34019188],7,6,"[0.7921949837838228, 0.3529120844654886]",4,6
3305,[0.31070739 0.6742076 ],1,9,"[0.2630806751638254, 0.7080875454644293]",2,9
3306,[0.4478492  0.62111512],6,0,"[0.4297636102329726, 0.6357143141723958]",2,-1
3307,[0.79483171 0.57838189],0,-1,-1,3,2
3308,[0.70958243 0.63296304],0,4,"[0.7285423500480827, 0.6073851354724864]",3,2
3309,[0.16090758 0.48610439],3,5,"[0.12813625889338118, 0.45239712230086515]",1,1
3310,[0.34326571 0.858798  ],2,1,"[0.3445904742281392, 0.8508004104108614]",2,5
3311,[0.17401971 0.7486922 ],8,7,"[0.17089520780330653, 0.7464713359575794]",2,8
3312,[0.36454617 0.85807676],2,1,"[0.3445904742281392, 0.8508004104108614]",2,5
3313,[0.857614   0.40142016],4,2,"[0.8312266673252705, 0.4613441479074099]",4,-1
3314,[0.89006846 0.41226814],4,-1,-1,4,-1
3315,[0.0757525  0.43115778],3,5,"[0.12813625889338118, 0.45239712230086515]",1,1
3316,[0.88183338 0.41012542],4,-1,-1,4,-1
3317,[0.08037227 0.51277508],3,-1,-1,1,1
3318,[0.75631826 0.58194338],0,4,"[0.7285423500480827, 0.6073851354724864]",3,2
3319,[0.46002806 0.12351426],5,3,"[0.5044907196570393, 0.16230287856274858]",0,0
3320,[0.418714   0.75206231],6,-1,-1,2,-1
3321,[0.89505785 0.46730369],4,2,"[0.8312266673252705, 0.4613441479074099]",4,-1
3322,[0.52200176 0.19338535],5,3,"[0.5044907196570393, 0.16230287856274858]",0,0
3323,[0.24880232 0.68588844],1,9,"[0.2630806751638254, 0.7080875454644293]",2,-1
3324,[0.51763586 0.225867  ],5,3,"[0.5044907196570393, 0.16230287856274858]",0,0
3325,[0.42299266 0.70302191],6,8,"[0.36289448703783916, 0.7073371999105278]",2,10
3326,[0.80739936 0.48671972],4,2,"[0.8312266673252705, 0.4613441479074099]",4,-1
3327,[0.29281467 0.77211796],1,-1,-1,2,-1
3328,[0.34662979 0.87991441],2,1,"[0.3445904742281392, 0.8508004104108614]",2,-1
3329,[0.80770671 0.48541962],4,2,"[0.8312266673252705, 0.4613441479074099]",4,-1
3330,[0.22518849 0.73611107],8,9,"[0.2630806751638254, 0.7080875454644293]",2,-1
3331,[0.54071715 0.10141214],5,-1,-1,0,0
3332,[0.82210315 0.39072333],4,6,"[0.7921949837838228, 0.3529120844654886]",4,-1
3333,[0.42350587 0.74772192],6,-1,-1,2,-1
3334,[0.16027489 0.50807818],3,5,"[0.12813625889338118, 0.45239712230086515]",1,1
3335,[0.33696592 0.74549856],1,8,"[0.36289448703783916, 0.7073371999105278]",2,-1
3336,[0.44506248 0.61892689],9,0,"[0.4297636102329726, 0.6357143141723958]",2,-1
3337,[0.3948827  0.54961286],9,-1,-1,2,-1
3338,[0.15504387 0.35559292],3,-1,-1,1,1
3339,[0.34791329 0.6861298 ],1,8,"[0.36289448703783916, 0.7073371999105278]",2,-1
3340,[0.5011643  0.13113134],5,3,"[0.5044907196570393, 0.16230287856274858]",0,0
3341,[0.55782644 0.08482078],5,-1,-1,0,0
3342,[0.91695373 0.52165431],4,-1,-1,4,-1
3343,[0.15920957 0.43103478],3,5,"[0.12813625889338118, 0.45239712230086515]",1,1
3344,[0.49606215 0.15681079],5,3,"[0.5044907196570393, 0.16230287856274858]",0,0
3345,[0.01012288 0.44298597],3,-1,-1,1,1
3346,[0.53078774 0.14804837],5,3,"[0.5044907196570393, 0.16230287856274858]",0,0
3347,[0.84641259 0.52958874],4,2,"[0.8312266673252705, 0.4613441479074099]",4,-1
3348,[0.14753676 0.43765232],3,5,"[0.12813625889338118, 0.45239712230086515]",1,1
3349,[0.78804255 0.5416867 ],4,-1,-1,3,2
3350,[0.73292304 0.65186359],0,4,"[0.7285423500480827, 0.6073851354724864]",3,2
3351,[0.44491291 0.65384253],9,0,"[0.4297636102329726, 0.6357143141723958]",2,10
3352,[0.17867973 0.71880766],8,7,"[0.17089520780330653, 0.7464713359575794]",2,8
3353,[0.3295383  0.54691038],9,-1,-1,2,-1
3354,[0.54393508 0.14874751],5,3,"[0.5044907196570393, 0.16230287856274858]",0,0
3355,[0.06260746 0.50809486],3,-1,-1,1,1
3356,[0.38751614 0.82213213],2,1,"[0.3445904742281392, 0.8508004104108614]",2,-1
3357,[0.85200508 0.484152  ],4,2,"[0.8312266673252705, 0.4613441479074099]",4,-1
3358,[0.40050588 0.82361843],2,1,"[0.3445904742281392, 0.8508004104108614]",2,-1
3359,[0.40027036 0.84729874],2,1,"[0.3445904742281392, 0.8508004104108614]",2,-1
3360,[0.42129819 0.60666631],9,0,"[0.4297636102329726, 0.6357143141723958]",2,-1
3361,[0.30502526 0.68131466],1,9,"[0.2630806751638254, 0.7080875454644293]",2,9
3362,[0.70988273 0.4133061 ],7,-1,-1,4,-1
3363,[0.82843238 0.41731219],4,2,"[0.8312266673252705, 0.4613441479074099]",4,-1
3364,[0.07381584 0.47824112],3,5,"[0.12813625889338118, 0.45239712230086515]",1,1
3365,[0.70747825 0.56561368],0,4,"[0.7285423500480827, 0.6073851354724864]",3,2
3366,[0.27915336 0.82843158],2,1,"[0.3445904742281392, 0.8508004104108614]",2,-1
3367,[0.78350513 0.47476487],4,2,"[0.8312266673252705, 0.4613441479074099]",4,-1
3368,[0.42819632 0.73060768],6,8,"[0.36289448703783916, 0.7073371999105278]",2,-1
3369,[0.33855249 0.89241077],2,1,"[0.3445904742281392, 0.8508004104108614]",2,-1
3370,[0.38702726 0.85016585],2,1,"[0.3445904742281392, 0.8508004104108614]",2,-1
3371,[0.87304782 0.45259819],4,2,"[0.8312266673252705, 0.4613441479074099]",4,-1
3372,[0.14271858 0.76518229],8,7,"[0.17089520780330653, 0.7464713359575794]",2,-1
3373,[0.09887949 0.48024677],3,5,"[0.12813625889338118, 0.45239712230086515]",1,1
3374,[0.81671283 0.36559963],4,6,"[0.7921949837838228, 0.3529120844654886]",4,-1
3375,[0.47622111 0.20219618],5,3,"[0.5044907196570393, 0.16230287856274858]",0,0
3376,[0.83821132 0.48933813],4,2,"[0.8312266673252705, 0.4613441479074099]",4,-1
3377,[0.14534044 0.75015519],8,7,"[0.17089520780330653, 0.7464713359575794]",2,-1
3378,[0.78367139 0.5607843 ],0,-1,-1,3,2
3379,[0.16562696 0.7102087 ],8,7,"[0.17089520780330653, 0.7464713359575794]",2,8
3380,[0.80240294 0.37191879],7,6,"[0.7921949837838228, 0.3529120844654886]",4,6
3381,[0.88404752 0.3702824 ],7,-1,-1,4,-1
3382,[0.81330531 0.52946823],4,-1,-1,4,-1
3383,[0.81243842 0.42909828],4,2,"[0.8312266673252705, 0.4613441479074099]",4,7
3384,[0.19800315 0.69406228],8,7,"[0.17089520780330653, 0.7464713359575794]",2,-1
3385,[0.51996053 0.10263874],5,3,"[0.5044907196570393, 0.16230287856274858]",0,0
3386,[0.22297248 0.74516048],8,7,"[0.17089520780330653, 0.7464713359575794]",2,8
3387,[0.75807537 0.39667224],7,6,"[0.7921949837838228, 0.3529120844654886]",4,-1
3388,[0.11839559 0.46511795],3,5,"[0.12813625889338118, 0.45239712230086515]",1,1
3389,[0.3787104  0.56375692],9,-1,-1,2,-1
3390,[0.78860146 0.32501815],7,6,"[0.7921949837838228, 0.3529120844654886]",4,-1
3391,[0.68493935 0.61304369],0,4,"[0.7285423500480827, 0.6073851354724864]",3,2
3392,[0.19950244 0.47453638],3,-1,-1,1,1
3393,[0.19010429 0.755492  ],8,7,"[0.17089520780330653, 0.7464713359575794]",2,8
3394,[0.69549443 0.63625662],0,4,"[0.7285423500480827, 0.6073851354724864]",3,2
3395,[0.28369317 0.71346695],1,9,"[0.2630806751638254, 0.7080875454644293]",2,9
3396,[0.42221054 0.74058802],6,8,"[0.36289448703783916, 0.7073371999105278]",2,-1
3397,[0.48033157 0.68744617],6,-1,-1,2,-1
3398,[0.74093273 0.40437862],7,-1,-1,4,-1
3399,[0.72208968 0.6509327 ],0,4,"[0.7285423500480827, 0.6073851354724864]",3,2
3400,[0.22162281 0.80428801],8,-1,-1,2,-1
3401,[0.40342516 0.72736827],6,8,"[0.36289448703783916, 0.7073371999105278]",2,-1
3402,[0.78712125 0.36474224],7,6,"[0.7921949837838228, 0.3529120844654886]",4,6
3403,[0.8590091  0.47366656],4,2,"[0.8312266673252705, 0.4613441479074099]",4,-1
3404,[0.80678713 0.40856896],7,6,"[0.7921949837838228, 0.3529120844654886]",4,-1
3405,[0.74644597 0.67366959],0,4,"[0.7285423500480827, 0.6073851354724864]",3,2
3406,[0.31788212 0.80424505],1,1,"[0.3445904742281392, 0.8508004104108614]",2,-1
3407,[0.12707099 0.45506366],3,5,"[0.12813625889338118, 0.45239712230086515]",1,1
3408,[0.3611806 0.662795 ],1,8,"[0.36289448703783916, 0.7073371999105278]",2,-1
3409,[0.71323867 0.59772723],0,4,"[0.7285423500480827, 0.6073851354724864]",3,2
3410,[0.52257456 0.08013375],5,-1,-1,0,0
3411,[0.11756927 0.70690082],8,7,"[0.17089520780330653, 0.7464713359575794]",2,-1
3412,[0.79627364 0.39923807],7,6,"[0.7921949837838228, 0.3529120844654886]",4,-1
3413,[0.67271447 0.598436  ],0,4,"[0.7285423500480827, 0.6073851354724864]",3,2
3414,[0.45540031 0.7672158 ],6,-1,-1,2,-1
3415,[0.66470502 0.591803  ],0,4,"[0.7285423500480827, 0.6073851354724864]",3,2
3416,[0.13743603 0.8312503 ],8,-1,-1,2,-1
3417,[0.17707898 0.45590439],3,5,"[0.12813625889338118, 0.45239712230086515]",1,1
3418,[0.13626255 0.4339022 ],3,5,"[0.12813625889338118, 0.45239712230086515]",1,1
3419,[0.75986183 0.56039845],0,4,"[0.7285423500480827, 0.6073851354724864]",3,2
3420,[0.80103255 0.52237008],4,2,"[0.8312266673252705, 0.4613441479074099]",4,-1
3421,[0.31866462 0.69030727],1,8,"[0.36289448703783916, 0.7073371999105278]",2,9
3422,[0.5082432  0.13363867],5,3,"[0.5044907196570393, 0.16230287856274858]",0,0
3423,[0.69468599 0.56609964],0,4,"[0.7285423500480827, 0.6073851354724864]",3,2
3424,[0.3231467  0.65083075],9,8,"[0.36289448703783916, 0.7073371999105278]",2,-1
3425,[0.19457314 0.80954004],8,7,"[0.17089520780330653, 0.7464713359575794]",2,-1
3426,[0.32251563 0.81730255],2,1,"[0.3445904742281392, 0.8508004104108614]",2,3
3427,[0.74377199 0.62529526],0,4,"[0.7285423500480827, 0.6073851354724864]",3,2
3428,[0.37983002 0.59452834],9,0,"[0.4297636102329726, 0.6357143141723958]",2,-1
3429,[0.3305124  0.90050817],2,1,"[0.3445904742281392, 0.8508004104108614]",2,-1
3430,[0.95710843 0.46586693],4,-1,-1,-1,-1
3431,[0.75296063 0.37316233],7,6,"[0.7921949837838228, 0.3529120844654886]",4,-1
3432,[0.44836577 0.71561229],6,-1,-1,2,-1
3433,[0.37422972 0.61027552],9,0,"[0.4297636102329726, 0.6357143141723958]",2,-1
3434,[0.34558623 0.84861062],2,1,"[0.3445904742281392, 0.8508004104108614]",2,5
3435,[0.10393514 0.4243869 ],3,5,"[0.12813625889338118, 0.45239712230086515]",1,1
3436,[0.13011733 0.42113231],3,5,"[0.12813625889338118, 0.45239712230086515]",1,1
3437,[0.29441199 0.72074266],1,9,"[0.2630806751638254, 0.7080875454644293]",2,9
3438,[0.34845253 0.83501957],2,1,"[0.3445904742281392, 0.8508004104108614]",2,-1
3439,[0.34621833 0.70043151],1,8,"[0.36289448703783916, 0.7073371999105278]",2,-1
3440,[0.83492693 0.42116803],4,2,"[0.8312266673252705, 0.4613441479074099]",4,-1
3441,[0.44224044 0.70648644],6,-1,-1,2,10
3442,[0.1172402 0.5070677],3,5,"[0.12813625889338118, 0.45239712230086515]",1,1
3443,[0.50846704 0.10306856],5,3,"[0.5044907196570393, 0.16230287856274858]",0,0
3444,[0.4074557  0.53404674],9,-1,-1,2,-1
3445,[0.11382219 0.73115543],8,7,"[0.17089520780330653, 0.7464713359575794]",2,-1
3446,[0.39652199 0.63418637],9,0,"[0.4297636102329726, 0.6357143141723958]",2,-1
3447,[0.72448489 0.62539412],0,4,"[0.7285423500480827, 0.6073851354724864]",3,2
3448,[0.3843829  0.61093862],9,0,"[0.4297636102329726, 0.6357143141723958]",2,12
3449,[0.8684684  0.43139324],4,2,"[0.8312266673252705, 0.4613441479074099]",4,-1
3450,[0.32767814 0.8460813 ],2,1,"[0.3445904742281392, 0.8508004104108614]",2,-1
3451,[0.74541763 0.58049343],0,4,"[0.7285423500480827, 0.6073851354724864]",3,2
3452,[0.25102682 0.75797738],1,9,"[0.2630806751638254, 0.7080875454644293]",2,-1
3453,[0.65456955 0.62889184],0,-1,-1,3,2
3454,[0.35868714 0.62939885],9,-1,-1,2,-1
3455,[0.10324601 0.50928753],3,5,"[0.12813625889338118, 0.45239712230086515]",1,1
3456,[0.39373158 0.74275474],6,8,"[0.36289448703783916, 0.7073371999105278]",2,-1
3457,[0.34607018 0.86198326],2,1,"[0.3445904742281392, 0.8508004104108614]",2,5
3458,[0.48485598 0.14612802],5,3,"[0.5044907196570393, 0.16230287856274858]",0,0
3459,[0.46505737 0.67314626],9,0,"[0.4297636102329726, 0.6357143141723958]",2,-1
3460,[0.38882584 0.63867854],9,0,"[0.4297636102329726, 0.6357143141723958]",2,-1
3461,[0.1803215  0.76949783],8,7,"[0.17089520780330653, 0.7464713359575794]",2,8
3462,[0.20402413 0.71109427],8,7,"[0.17089520780330653, 0.7464713359575794]",2,8
3463,[0.15974387 0.72686896],8,7,"[0.17089520780330653, 0.7464713359575794]",2,8
3464,[0.38782535 0.65074282],9,0,"[0.4297636102329726, 0.6357143141723958]",2,-1
3465,[0.55714049 0.2052868 ],5,3,"[0.5044907196570393, 0.16230287856274858]",0,0
3466,[0.44167111 0.58655668],9,0,"[0.4297636102329726, 0.6357143141723958]",2,11
3467,[0.75412463 0.68651633],0,-1,-1,3,2
3468,[0.74903945 0.4156071 ],4,-1,-1,4,-1
3469,[0.80210375 0.37894785],7,6,"[0.7921949837838228, 0.3529120844654886]",4,6
3470,[0.51184491 0.19698054],5,3,"[0.5044907196570393, 0.16230287856274858]",0,0
3471,[0.42457413 0.55308937],9,-1,-1,2,-1
3472,[0.44127765 0.61435313],9,0,"[0.4297636102329726, 0.6357143141723958]",2,-1
3473,[0.22882461 0.64993305],1,9,"[0.2630806751638254, 0.7080875454644293]",2,-1
3474,[0.10936089 0.45164028],3,5,"[0.12813625889338118, 0.45239712230086515]",1,1
3475,[0.43595182 0.09577178],5,-1,-1,0,0
3476,[0.2627449  0.72651782],1,9,"[0.2630806751638254, 0.7080875454644293]",2,9
3477,[0.37474922 0.68952779],9,8,"[0.36289448703783916, 0.7073371999105278]",2,-1
3478,[0.48027131 0.68244036],6,0,"[0.4297636102329726, 0.6357143141723958]",2,-1
3479,[0.50724172 0.69115293],6,-1,-1,2,-1
3480,[0.5172404  0.09368239],5,3,"[0.5044907196570393, 0.16230287856274858]",0,0
3481,[0.30722022 0.85117331],2,1,"[0.3445904742281392, 0.8508004104108614]",2,-1
3482,[0.1571857  0.70596823],8,7,"[0.17089520780330653, 0.7464713359575794]",2,-1
3483,[0.26786496 0.75705035],1,9,"[0.2630806751638254, 0.7080875454644293]",2,-1
3484,[0.34543017 0.89645982],2,1,"[0.3445904742281392, 0.8508004104108614]",2,-1
3485,[0.48315531 0.22443873],5,3,"[0.5044907196570393, 0.16230287856274858]",0,0
3486,[0.40636886 0.89140937],2,-1,-1,2,-1
3487,[0.3277208  0.81709067],2,1,"[0.3445904742281392, 0.8508004104108614]",2,3
3488,[0.49888328 0.16470835],5,3,"[0.5044907196570393, 0.16230287856274858]",0,0
3489,[0.27941547 0.61602351],1,-1,-1,2,-1
3490,[0.37678397 0.60005961],9,0,"[0.4297636102329726, 0.6357143141723958]",2,-1
3491,[0.88985898 0.4360604 ],4,2,"[0.8312266673252705, 0.4613441479074099]",4,-1
3492,[0.73928962 0.52762967],0,-1,-1,3,2
3493,[0.33705143 0.89416154],2,1,"[0.3445904742281392, 0.8508004104108614]",2,-1
3494,[0.34705622 0.86193141],2,1,"[0.3445904742281392, 0.8508004104108614]",2,5
3495,[0.83258283 0.40407002],4,2,"[0.8312266673252705, 0.4613441479074099]",4,-1
3496,[0.07008406 0.4803732 ],3,5,"[0.12813625889338118, 0.45239712230086515]",1,1
3497,[0.19841506 0.47983665],3,-1,-1,1,1
3498,[0.5155899  0.20715899],5,3,"[0.5044907196570393, 0.16230287856274858]",0,0
3499,[0.83161995 0.32114596],7,6,"[0.7921949837838228, 0.3529120844654886]",4,-1
3500,[0.71527497 0.66049241],0,4,"[0.7285423500480827, 0.6073851354724864]",3,2
3501,[0.46388584 0.64460086],6,0,"[0.4297636102329726, 0.6357143141723958]",2,-1
3502,[0.40047168 0.90416778],2,-1,-1,2,-1
3503,[0.89380307 0.47049927],4,2,"[0.8312266673252705, 0.4613441479074099]",4,-1
3504,[0.33590472 0.79953083],2,1,"[0.3445904742281392, 0.8508004104108614]",2,-1
3505,[0.74780896 0.34073159],7,6,"[0.7921949837838228, 0.3529120844654886]",4,-1
3506,[0.40926135 0.64740519],9,0,"[0.4297636102329726, 0.6357143141723958]",2,-1
3507,[0.35379699 0.70722096],1,8,"[0.36289448703783916, 0.7073371999105278]",2,-1
3508,[0.32033197 0.88016357],2,1,"[0.3445904742281392, 0.8508004104108614]",2,-1
3509,[0.30515456 0.66547701],1,9,"[0.2630806751638254, 0.7080875454644293]",2,-1
3510,[0.52549098 0.18357644],5,3,"[0.5044907196570393, 0.16230287856274858]",0,0
3511,[0.41002563 0.62325782],9,0,"[0.4297636102329726, 0.6357143141723958]",2,13
3512,[0.47290351 0.58663762],9,0,"[0.4297636102329726, 0.6357143141723958]",2,-1
3513,[0.8164626  0.45699009],4,2,"[0.8312266673252705, 0.4613441479074099]",4,7
3514,[0.84967644 0.39185239],7,6,"[0.7921949837838228, 0.3529120844654886]",4,-1
3515,[0.86843017 0.48474358],4,2,"[0.8312266673252705, 0.4613441479074099]",4,-1
3516,[0.11248844 0.43026385],3,5,"[0.12813625889338118, 0.45239712230086515]",1,1
3517,[0.85875221 0.42467916],4,2,"[0.8312266673252705, 0.4613441479074099]",4,-1
3518,[0.21510956 0.76339302],8,7,"[0.17089520780330653, 0.7464713359575794]",2,-1
3519,[0.13594721 0.47906277],3,5,"[0.12813625889338118, 0.45239712230086515]",1,1
3520,[0.49957927 0.17220333],5,3,"[0.5044907196570393, 0.16230287856274858]",0,0
3521,[0.76762863 0.37331463],7,6,"[0.7921949837838228, 0.3529120844654886]",4,-1
3522,[0.21826674 0.7372052 ],8,7,"[0.17089520780330653, 0.7464713359575794]",2,-1
3523,[0.32897509 0.5867488 ],9,-1,-1,2,-1
3524,[0.71620206 0.59739438],0,4,"[0.7285423500480827, 0.6073851354724864]",3,2
3525,[0.58558619 0.14379302],5,-1,-1,0,0
3526,[0.16178152 0.72377975],8,7,"[0.17089520780330653, 0.7464713359575794]",2,8
3527,[0.85234806 0.52409015],4,2,"[0.8312266673252705, 0.4613441479074099]",4,-1
3528,[0.67441435 0.56809297],0,4,"[0.7285423500480827, 0.6073851354724864]",3,2
3529,[0.12020747 0.50516968],3,5,"[0.12813625889338118, 0.45239712230086515]",1,1
3530,[0.41461333 0.5547793 ],9,-1,-1,2,-1
3531,[0.37360505 0.57977915],9,-1,-1,2,-1
3532,[0.67826767 0.58932153],0,4,"[0.7285423500480827, 0.6073851354724864]",3,2
3533,[0.4076256  0.68058373],6,0,"[0.4297636102329726, 0.6357143141723958]",2,10
3534,[0.54056053 0.19166655],5,3,"[0.5044907196570393, 0.16230287856274858]",0,0
3535,[0.73304105 0.57480878],0,4,"[0.7285423500480827, 0.6073851354724864]",3,2
3536,[0.10694418 0.50177679],3,5,"[0.12813625889338118, 0.45239712230086515]",1,1
3537,[0.74809271 0.60584833],0,4,"[0.7285423500480827, 0.6073851354724864]",3,2
3538,[0.69120041 0.58706563],0,4,"[0.7285423500480827, 0.6073851354724864]",3,2
3539,[0.45030141 0.56553278],9,-1,-1,2,-1
3540,[0.39947345 0.85829421],2,1,"[0.3445904742281392, 0.8508004104108614]",2,-1
3541,[0.17426189 0.75332617],8,7,"[0.17089520780330653, 0.7464713359575794]",2,8
3542,[0.79927198 0.4686577 ],4,2,"[0.8312266673252705, 0.4613441479074099]",4,-1
3543,[0.51509182 0.10588978],5,3,"[0.5044907196570393, 0.16230287856274858]",0,0
3544,[0.85927075 0.39891948],4,2,"[0.8312266673252705, 0.4613441479074099]",4,-1
3545,[0.14174464 0.72087335],8,7,"[0.17089520780330653, 0.7464713359575794]",2,-1
3546,[0.45176002 0.73398469],6,-1,-1,2,-1
3547,[0.89490235 0.49128944],4,-1,-1,4,-1
3548,[0.51555601 0.10469746],5,3,"[0.5044907196570393, 0.16230287856274858]",0,0
3549,[0.81536699 0.39174701],7,6,"[0.7921949837838228, 0.3529120844654886]",4,-1
3550,[0.88286487 0.49175358],4,2,"[0.8312266673252705, 0.4613441479074099]",4,-1
3551,[0.38414403 0.90144466],2,1,"[0.3445904742281392, 0.8508004104108614]",2,-1
3552,[0.777756   0.39157746],4,6,"[0.7921949837838228, 0.3529120844654886]",4,-1
3553,[0.15050242 0.77160769],8,7,"[0.17089520780330653, 0.7464713359575794]",2,-1
3554,[0.31150745 0.66862295],1,9,"[0.2630806751638254, 0.7080875454644293]",2,9
3555,[0.82410806 0.37839005],7,6,"[0.7921949837838228, 0.3529120844654886]",4,-1
3556,[0.88098882 0.42132356],7,2,"[0.8312266673252705, 0.4613441479074099]",4,-1
3557,[0.48621883 0.55977236],9,-1,-1,2,-1
3558,[0.14534729 0.47837648],3,5,"[0.12813625889338118, 0.45239712230086515]",1,1
3559,[0.0898223  0.49350524],3,5,"[0.12813625889338118, 0.45239712230086515]",1,1
3560,[0.39904034 0.82823507],2,1,"[0.3445904742281392, 0.8508004104108614]",2,-1
3561,[0.23151643 0.76717309],8,7,"[0.17089520780330653, 0.7464713359575794]",2,-1
3562,[0.37412519 0.8415633 ],2,1,"[0.3445904742281392, 0.8508004104108614]",2,-1
3563,[0.79616057 0.51292057],4,2,"[0.8312266673252705, 0.4613441479074099]",4,-1
3564,[0.25997426 0.7117577 ],1,9,"[0.2630806751638254, 0.7080875454644293]",2,9
3565,[0.72321161 0.55587341],0,4,"[0.7285423500480827, 0.6073851354724864]",3,2
3566,[0.51070684 0.19523774],5,3,"[0.5044907196570393, 0.16230287856274858]",0,0
3567,[0.4440162  0.55994423],9,-1,-1,2,-1
3568,[0.43184154 0.7262399 ],6,-1,-1,2,10
3569,[0.20301791 0.46852657],3,-1,-1,1,1
3570,[0.82388093 0.36271414],7,6,"[0.7921949837838228, 0.3529120844654886]",4,-1
3571,[0.7735986  0.60530526],0,4,"[0.7285423500480827, 0.6073851354724864]",3,2
3572,[0.11813655 0.43867559],3,5,"[0.12813625889338118, 0.45239712230086515]",1,1
3573,[0.17218998 0.85460262],8,-1,-1,2,-1
3574,[0.41581026 0.67879397],6,0,"[0.4297636102329726, 0.6357143141723958]",2,10
3575,[0.18725767 0.46757655],3,5,"[0.12813625889338118, 0.45239712230086515]",1,1
3576,[0.41809496 0.60754042],9,0,"[0.4297636102329726, 0.6357143141723958]",2,-1
3577,[0.44744067 0.63700746],9,0,"[0.4297636102329726, 0.6357143141723958]",2,-1
3578,[0.27200195 0.69211321],1,9,"[0.2630806751638254, 0.7080875454644293]",2,9
3579,[0.81754701 0.36318772],7,6,"[0.7921949837838228, 0.3529120844654886]",4,-1
3580,[0.09509304 0.43509027],3,5,"[0.12813625889338118, 0.45239712230086515]",1,1
3581,[0.07783878 0.47710426],3,5,"[0.12813625889338118, 0.45239712230086515]",1,1
3582,[0.07558269 0.4127925 ],3,5,"[0.12813625889338118, 0.45239712230086515]",1,1
3583,[0.51972932 0.70124193],6,-1,-1,2,-1
3584,[0.82903888 0.46857092],4,2,"[0.8312266673252705, 0.4613441479074099]",4,7
3585,[0.10413343 0.44672566],3,5,"[0.12813625889338118, 0.45239712230086515]",1,1
3586,[0.72513915 0.58832358],0,4,"[0.7285423500480827, 0.6073851354724864]",3,2
3587,[0.72933741 0.53267867],0,-1,-1,3,2
3588,[0.41573928 0.70292811],6,8,"[0.36289448703783916, 0.7073371999105278]",2,10
3589,[0.36429617 0.81291143],2,1,"[0.3445904742281392, 0.8508004104108614]",2,4
3590,[0.22686322 0.65341416],1,9,"[0.2630806751638254, 0.7080875454644293]",2,-1
3591,[0.53210031 0.14048378],5,3,"[0.5044907196570393, 0.16230287856274858]",0,0
3592,[0.30252824 0.71690559],1,9,"[0.2630806751638254, 0.7080875454644293]",2,9
3593,[0.2060154  0.79103999],8,7,"[0.17089520780330653, 0.7464713359575794]",2,-1
3594,[0.55554726 0.16587042],5,3,"[0.5044907196570393, 0.16230287856274858]",0,0
3595,[0.27237814 0.68417536],1,9,"[0.2630806751638254, 0.7080875454644293]",2,9
3596,[0.31898374 0.67081163],1,8,"[0.36289448703783916, 0.7073371999105278]",2,-1
3597,[0.79902467 0.34998026],7,6,"[0.7921949837838228, 0.3529120844654886]",4,-1
3598,[0.33358094 0.64304044],1,-1,-1,2,-1
3599,[0.85594786 0.43546177],4,2,"[0.8312266673252705, 0.4613441479074099]",4,-1
3600,[0.66196376 0.66863636],0,-1,-1,3,2
3601,[0.3952741  0.64911056],6,0,"[0.4297636102329726, 0.6357143141723958]",2,-1
3602,[0.30732034 0.80154478],2,1,"[0.3445904742281392, 0.8508004104108614]",2,-1
3603,[0.48207493 0.57539193],9,-1,-1,2,-1
3604,[0.17144126 0.67204086],8,-1,-1,2,-1
3605,[0.13583006 0.75313642],8,7,"[0.17089520780330653, 0.7464713359575794]",2,-1
3606,[0.91386455 0.52396973],4,-1,-1,4,-1
3607,[0.44117413 0.68636868],6,0,"[0.4297636102329726, 0.6357143141723958]",2,10
3608,[0.50770353 0.66379131],6,-1,-1,2,-1
3609,[0.87351848 0.42403231],4,2,"[0.8312266673252705, 0.4613441479074099]",4,-1
3610,[0.21808411 0.67357939],1,9,"[0.2630806751638254, 0.7080875454644293]",2,-1
3611,[0.25429135 0.76345537],1,9,"[0.2630806751638254, 0.7080875454644293]",2,-1
3612,[0.8286219  0.43248035],4,2,"[0.8312266673252705, 0.4613441479074099]",4,7
3613,[0.70435854 0.57338016],0,4,"[0.7285423500480827, 0.6073851354724864]",3,2
3614,[0.76106559 0.41804623],4,-1,-1,4,-1
3615,[0.39743266 0.61391841],9,0,"[0.4297636102329726, 0.6357143141723958]",2,12
3616,[0.36297111 0.59308182],9,-1,-1,2,-1
3617,[0.34285821 0.71622389],1,8,"[0.36289448703783916, 0.7073371999105278]",2,9
3618,[0.80638183 0.42550765],4,2,"[0.8312266673252705, 0.4613441479074099]",4,7
3619,[0.7593166  0.41293495],7,6,"[0.7921949837838228, 0.3529120844654886]",4,-1
3620,[0.77503541 0.60540161],0,4,"[0.7285423500480827, 0.6073851354724864]",3,2
3621,[0.37367043 0.65013129],1,0,"[0.4297636102329726, 0.6357143141723958]",2,-1
3622,[0.36205597 0.5479916 ],9,-1,-1,2,-1
3623,[0.54311442 0.71812315],6,-1,-1,2,-1
3624,[0.23339712 0.72936648],8,9,"[0.2630806751638254, 0.7080875454644293]",2,-1
3625,[0.25419433 0.75709459],1,9,"[0.2630806751638254, 0.7080875454644293]",2,-1
3626,[0.36208415 0.78334884],2,1,"[0.3445904742281392, 0.8508004104108614]",2,-1
3627,[0.45520217 0.66647936],6,0,"[0.4297636102329726, 0.6357143141723958]",2,-1
3628,[0.40950011 0.60699262],9,0,"[0.4297636102329726, 0.6357143141723958]",2,-1
3629,[0.35666317 0.89954913],2,1,"[0.3445904742281392, 0.8508004104108614]",2,-1
3630,[0.53199788 0.19618342],5,3,"[0.5044907196570393, 0.16230287856274858]",0,0
3631,[0.85002934 0.49409418],4,2,"[0.8312266673252705, 0.4613441479074099]",4,-1
3632,[0.13654396 0.47852196],3,5,"[0.12813625889338118, 0.45239712230086515]",1,1
3633,[0.70429274 0.64002532],0,4,"[0.7285423500480827, 0.6073851354724864]",3,2
3634,[0.38292148 0.57104554],9,-1,-1,2,-1
3635,[0.71862826 0.36680689],7,-1,-1,4,-1
3636,[0.76792733 0.48024633],4,2,"[0.8312266673252705, 0.4613441479074099]",4,-1
3637,[0.53111253 0.19307325],5,3,"[0.5044907196570393, 0.16230287856274858]",0,0
3638,[0.12998703 0.77814537],8,7,"[0.17089520780330653, 0.7464713359575794]",2,-1
3639,[0.80323124 0.23996144],7,-1,-1,-1,-1
3640,[0.38940951 0.57701643],9,-1,-1,2,-1
3641,[0.29904771 0.76145064],1,9,"[0.2630806751638254, 0.7080875454644293]",2,-1
3642,[0.4204694  0.70612563],9,8,"[0.36289448703783916, 0.7073371999105278]",2,10
3643,[0.73938504 0.38159376],7,6,"[0.7921949837838228, 0.3529120844654886]",4,-1
3644,[0.27313079 0.81567175],2,-1,-1,2,-1
3645,[0.36971299 0.68025854],1,8,"[0.36289448703783916, 0.7073371999105278]",2,-1
3646,[0.37565122 0.60003539],9,0,"[0.4297636102329726, 0.6357143141723958]",2,-1
3647,[0.40346627 0.68687455],9,8,"[0.36289448703783916, 0.7073371999105278]",2,-1
3648,[0.50698954 0.13826489],5,3,"[0.5044907196570393, 0.16230287856274858]",0,0
3649,[0.13737978 0.48687669],3,5,"[0.12813625889338118, 0.45239712230086515]",1,1
3650,[0.161488   0.51467276],3,-1,-1,1,1
3651,[0.49218344 0.15837505],5,3,"[0.5044907196570393, 0.16230287856274858]",0,0
3652,[0.75091499 0.31567211],7,6,"[0.7921949837838228, 0.3529120844654886]",4,-1
3653,[0.4235475  0.73017594],6,8,"[0.36289448703783916, 0.7073371999105278]",2,-1
3654,[0.2982312  0.87422618],2,1,"[0.3445904742281392, 0.8508004104108614]",2,-1
3655,[0.15857329 0.46622903],3,5,"[0.12813625889338118, 0.45239712230086515]",1,1
3656,[0.78970805 0.36969112],7,6,"[0.7921949837838228, 0.3529120844654886]",4,6
3657,[0.47388305 0.11546755],5,3,"[0.5044907196570393, 0.16230287856274858]",0,0
3658,[0.46206216 0.59285468],9,0,"[0.4297636102329726, 0.6357143141723958]",2,-1
3659,[0.29943233 0.6088474 ],1,-1,-1,2,-1
3660,[0.3837924  0.64504859],9,0,"[0.4297636102329726, 0.6357143141723958]",2,-1
3661,[0.32724847 0.74470277],1,8,"[0.36289448703783916, 0.7073371999105278]",2,-1
3662,[0.54370189 0.18476749],5,3,"[0.5044907196570393, 0.16230287856274858]",0,0
3663,[0.69244444 0.65930067],0,4,"[0.7285423500480827, 0.6073851354724864]",3,2
3664,[0.40908948 0.81292509],2,-1,-1,2,-1
3665,[0.76767429 0.54912107],0,-1,-1,3,2
3666,[0.42686139 0.64998555],9,0,"[0.4297636102329726, 0.6357143141723958]",2,-1
3667,[0.07267282 0.45801608],3,5,"[0.12813625889338118, 0.45239712230086515]",1,1
3668,[0.41265048 0.8903018 ],2,-1,-1,2,-1
3669,[0.2057729  0.74595171],8,7,"[0.17089520780330653, 0.7464713359575794]",2,8
3670,[0.29799412 0.64566535],1,-1,-1,2,-1
3671,[0.62922113 0.59829929],0,-1,-1,3,2
3672,[0.80433353 0.48836371],4,2,"[0.8312266673252705, 0.4613441479074099]",4,-1
3673,[0.42495551 0.61885303],6,0,"[0.4297636102329726, 0.6357143141723958]",2,13
3674,[0.4397239  0.57790849],9,0,"[0.4297636102329726, 0.6357143141723958]",2,11
3675,[0.33716721 0.8549912 ],2,1,"[0.3445904742281392, 0.8508004104108614]",2,5
3676,[0.41047603 0.63563221],6,0,"[0.4297636102329726, 0.6357143141723958]",2,13
3677,[0.85408967 0.33393022],7,6,"[0.7921949837838228, 0.3529120844654886]",4,-1
3678,[0.73768373 0.63299897],0,4,"[0.7285423500480827, 0.6073851354724864]",3,2
3679,[0.81185122 0.44512869],4,2,"[0.8312266673252705, 0.4613441479074099]",4,-1
3680,[0.40460649 0.68254565],6,8,"[0.36289448703783916, 0.7073371999105278]",2,10
3681,[0.32515912 0.71590334],1,8,"[0.36289448703783916, 0.7073371999105278]",2,9
3682,[0.40774985 0.6642646 ],6,0,"[0.4297636102329726, 0.6357143141723958]",2,10
3683,[0.14590008 0.45864022],3,5,"[0.12813625889338118, 0.45239712230086515]",1,1
3684,[0.72063316 0.60678335],0,4,"[0.7285423500480827, 0.6073851354724864]",3,2
3685,[0.7440011  0.53017309],0,-1,-1,3,2
3686,[0.44455115 0.69731678],6,0,"[0.4297636102329726, 0.6357143141723958]",2,10
3687,[0.7552934 0.2761673],7,-1,-1,4,-1
3688,[0.35732651 0.85536914],2,1,"[0.3445904742281392, 0.8508004104108614]",2,5
3689,[0.73232909 0.61492229],0,4,"[0.7285423500480827, 0.6073851354724864]",3,2
3690,[0.43711308 0.70532494],6,0,"[0.4297636102329726, 0.6357143141723958]",2,10
3691,[0.51960153 0.1199852 ],5,3,"[0.5044907196570393, 0.16230287856274858]",0,0
3692,[0.78187367 0.64065536],0,4,"[0.7285423500480827, 0.6073851354724864]",3,2
3693,[0.65634397 0.60006141],0,-1,-1,3,2
3694,[0.77856282 0.31488743],7,6,"[0.7921949837838228, 0.3529120844654886]",4,-1
3695,[0.48234471 0.15360581],5,3,"[0.5044907196570393, 0.16230287856274858]",0,0
3696,[0.47122794 0.19516444],5,3,"[0.5044907196570393, 0.16230287856274858]",0,0
3697,[0.34647822 0.80005699],2,1,"[0.3445904742281392, 0.8508004104108614]",2,-1
3698,[0.32935625 0.68173418],1,8,"[0.36289448703783916, 0.7073371999105278]",2,-1
3699,[0.43773153 0.67509012],6,0,"[0.4297636102329726, 0.6357143141723958]",2,10
3700,[0.46689747 0.7292076 ],6,-1,-1,2,-1
3701,[0.4505291  0.65744344],6,0,"[0.4297636102329726, 0.6357143141723958]",2,10
3702,[0.28927236 0.6979442 ],1,9,"[0.2630806751638254, 0.7080875454644293]",2,9
3703,[0.448671   0.65367582],6,0,"[0.4297636102329726, 0.6357143141723958]",2,-1
3704,[0.85194057 0.32543922],7,6,"[0.7921949837838228, 0.3529120844654886]",4,-1
3705,[0.09776855 0.46531571],3,5,"[0.12813625889338118, 0.45239712230086515]",1,1
3706,[0.80519589 0.47348582],4,2,"[0.8312266673252705, 0.4613441479074099]",4,7
3707,[0.380412   0.68382382],6,8,"[0.36289448703783916, 0.7073371999105278]",2,-1
3708,[0.31289539 0.74119918],1,9,"[0.2630806751638254, 0.7080875454644293]",2,9
3709,[0.27226697 0.72780216],1,9,"[0.2630806751638254, 0.7080875454644293]",2,9
3710,[0.3061596  0.70749769],1,9,"[0.2630806751638254, 0.7080875454644293]",2,9
3711,[0.2036078  0.68619708],8,9,"[0.2630806751638254, 0.7080875454644293]",2,-1
3712,[0.34644023 0.86875653],2,1,"[0.3445904742281392, 0.8508004104108614]",2,-1
3713,[0.44074581 0.59835877],9,0,"[0.4297636102329726, 0.6357143141723958]",2,-1
3714,[0.41573601 0.82558246],2,-1,-1,2,-1
3715,[0.47609831 0.63210062],6,0,"[0.4297636102329726, 0.6357143141723958]",2,-1
3716,[0.33115796 0.81326481],2,1,"[0.3445904742281392, 0.8508004104108614]",2,3
3717,[0.44003166 0.70960955],6,-1,-1,2,10
3718,[0.75292817 0.60056303],0,4,"[0.7285423500480827, 0.6073851354724864]",3,2
3719,[0.39239246 0.85120184],2,1,"[0.3445904742281392, 0.8508004104108614]",2,-1
3720,[0.8458361  0.49964595],4,2,"[0.8312266673252705, 0.4613441479074099]",4,-1
3721,[0.18472977 0.72070875],8,7,"[0.17089520780330653, 0.7464713359575794]",2,8
3722,[0.70958745 0.58786599],0,4,"[0.7285423500480827, 0.6073851354724864]",3,2
3723,[0.3912971 0.6045405],9,0,"[0.4297636102329726, 0.6357143141723958]",2,12
3724,[0.13591904 0.77363998],8,7,"[0.17089520780330653, 0.7464713359575794]",2,-1
3725,[0.48567582 0.14391134],5,3,"[0.5044907196570393, 0.16230287856274858]",0,0
3726,[0.71736627 0.61183636],0,4,"[0.7285423500480827, 0.6073851354724864]",3,2
3727,[0.78278925 0.4019482 ],4,6,"[0.7921949837838228, 0.3529120844654886]",4,6
3728,[0.69718003 0.32234539],7,-1,-1,-1,-1
3729,[0.45051896 0.19759425],5,3,"[0.5044907196570393, 0.16230287856274858]",0,0
3730,[0.69700414 0.65778336],0,4,"[0.7285423500480827, 0.6073851354724864]",3,2
3731,[0.41386685 0.67205987],6,0,"[0.4297636102329726, 0.6357143141723958]",2,10
3732,[0.35810182 0.67710573],1,8,"[0.36289448703783916, 0.7073371999105278]",2,-1
3733,[0.4836123  0.12333877],5,3,"[0.5044907196570393, 0.16230287856274858]",0,0
3734,[0.36151053 0.62093675],9,0,"[0.4297636102329726, 0.6357143141723958]",2,-1
3735,[0.78817454 0.30950483],7,6,"[0.7921949837838228, 0.3529120844654886]",4,-1
3736,[0.47922344 0.54493758],9,-1,-1,2,-1
3737,[0.16079825 0.4666084 ],3,5,"[0.12813625889338118, 0.45239712230086515]",1,1
3738,[0.80917122 0.37462892],7,6,"[0.7921949837838228, 0.3529120844654886]",4,6
3739,[0.06859585 0.42348767],3,5,"[0.12813625889338118, 0.45239712230086515]",1,1
3740,[0.50100377 0.18535261],5,3,"[0.5044907196570393, 0.16230287856274858]",0,0
3741,[0.83948143 0.39387748],4,6,"[0.7921949837838228, 0.3529120844654886]",4,-1
3742,[0.47520043 0.6501504 ],9,0,"[0.4297636102329726, 0.6357143141723958]",2,-1
3743,[0.79381573 0.32999173],7,6,"[0.7921949837838228, 0.3529120844654886]",4,-1
3744,[0.336609   0.72676169],1,8,"[0.36289448703783916, 0.7073371999105278]",2,-1
3745,[0.44437356 0.55174742],9,-1,-1,2,-1
3746,[0.63925834 0.62662756],0,-1,-1,3,2
3747,[0.11224523 0.79421043],8,-1,-1,2,-1
3748,[0.30627874 0.73923062],1,9,"[0.2630806751638254, 0.7080875454644293]",2,9
3749,[0.14244967 0.48865208],3,5,"[0.12813625889338118, 0.45239712230086515]",1,1
3750,[0.15734519 0.45885533],3,5,"[0.12813625889338118, 0.45239712230086515]",1,1
3751,[0.82614634 0.48995889],4,2,"[0.8312266673252705, 0.4613441479074099]",4,7
3752,[0.68287583 0.5143061 ],0,-1,-1,3,2
3753,[0.74458506 0.57034602],0,4,"[0.7285423500480827, 0.6073851354724864]",3,2
3754,[0.82611985 0.52359758],4,2,"[0.8312266673252705, 0.4613441479074099]",4,-1
3755,[0.31105964 0.89370467],2,1,"[0.3445904742281392, 0.8508004104108614]",2,-1
3756,[0.0962722  0.42454524],3,5,"[0.12813625889338118, 0.45239712230086515]",1,1
3757,[0.31414824 0.72361833],1,8,"[0.36289448703783916, 0.7073371999105278]",2,9
3758,[0.21400997 0.74013605],1,7,"[0.17089520780330653, 0.7464713359575794]",2,8
3759,[0.29415232 0.8620034 ],2,1,"[0.3445904742281392, 0.8508004104108614]",2,-1
3760,[0.34798288 0.82348831],2,1,"[0.3445904742281392, 0.8508004104108614]",2,-1
3761,[0.47656399 0.69715897],6,-1,-1,2,-1
3762,[0.25763672 0.69949402],1,9,"[0.2630806751638254, 0.7080875454644293]",2,-1
3763,[0.37058568 0.73973444],6,8,"[0.36289448703783916, 0.7073371999105278]",2,-1
3764,[0.79636886 0.47214721],4,2,"[0.8312266673252705, 0.4613441479074099]",4,-1
3765,[0.68681092 0.58712707],0,4,"[0.7285423500480827, 0.6073851354724864]",3,2
3766,[0.29561551 0.87354777],2,1,"[0.3445904742281392, 0.8508004104108614]",2,-1
3767,[0.44829347 0.73028835],6,-1,-1,2,-1
3768,[0.14762586 0.68139955],8,7,"[0.17089520780330653, 0.7464713359575794]",2,-1
3769,[0.72767419 0.61223387],0,4,"[0.7285423500480827, 0.6073851354724864]",3,2
3770,[0.53844284 0.12459927],5,3,"[0.5044907196570393, 0.16230287856274858]",0,0
3771,[0.28635044 0.79220133],2,-1,-1,2,-1
3772,[0.48444381 0.12943606],5,3,"[0.5044907196570393, 0.16230287856274858]",0,0
3773,[0.38605344 0.6272143 ],9,0,"[0.4297636102329726, 0.6357143141723958]",2,-1
3774,[0.46394723 0.63980334],6,0,"[0.4297636102329726, 0.6357143141723958]",2,-1
3775,[0.38267715 0.66138863],9,8,"[0.36289448703783916, 0.7073371999105278]",2,-1
3776,[0.10643973 0.46628193],3,5,"[0.12813625889338118, 0.45239712230086515]",1,1
3777,[0.31967102 0.8131443 ],2,1,"[0.3445904742281392, 0.8508004104108614]",2,3
3778,[0.2638579  0.70580835],1,9,"[0.2630806751638254, 0.7080875454644293]",2,9
3779,[0.07297884 0.5289029 ],3,-1,-1,1,1
3780,[0.47686375 0.76236305],6,-1,-1,2,-1
3781,[0.81935135 0.42618719],7,2,"[0.8312266673252705, 0.4613441479074099]",4,7
3782,[0.77983027 0.37847663],7,6,"[0.7921949837838228, 0.3529120844654886]",4,-1
3783,[0.41152885 0.73943663],6,8,"[0.36289448703783916, 0.7073371999105278]",2,-1
3784,[0.82311331 0.44550636],4,2,"[0.8312266673252705, 0.4613441479074099]",4,-1
3785,[0.77225772 0.68523565],0,-1,-1,3,2
3786,[0.2999584  0.75053868],1,9,"[0.2630806751638254, 0.7080875454644293]",2,-1
3787,[0.17163067 0.44885748],3,5,"[0.12813625889338118, 0.45239712230086515]",1,1
3788,[0.44154611 0.14309739],5,3,"[0.5044907196570393, 0.16230287856274858]",0,0
3789,[0.83143918 0.33411237],7,6,"[0.7921949837838228, 0.3529120844654886]",4,-1
3790,[0.15573655 0.70267126],8,7,"[0.17089520780330653, 0.7464713359575794]",2,-1
3791,[0.2992325  0.68408982],1,9,"[0.2630806751638254, 0.7080875454644293]",2,-1
3792,[0.37289443 0.90148891],2,1,"[0.3445904742281392, 0.8508004104108614]",2,-1
3793,[0.86933364 0.42678355],4,2,"[0.8312266673252705, 0.4613441479074099]",4,-1
3794,[0.45546169 0.73846874],6,-1,-1,2,-1
3795,[0.52758163 0.09428041],5,-1,-1,0,0
3796,[0.73492665 0.61831633],0,4,"[0.7285423500480827, 0.6073851354724864]",3,2
3797,[0.41267813 0.72503494],6,8,"[0.36289448703783916, 0.7073371999105278]",2,-1
3798,[0.2853391  0.69003566],1,9,"[0.2630806751638254, 0.7080875454644293]",2,9
3799,[0.31694435 0.80883984],2,1,"[0.3445904742281392, 0.8508004104108614]",2,3
3800,[0.48087464 0.20679152],5,3,"[0.5044907196570393, 0.16230287856274858]",0,0
3801,[0.86031068 0.48135779],4,2,"[0.8312266673252705, 0.4613441479074099]",4,-1
3802,[0.32101536 0.7375143 ],1,8,"[0.36289448703783916, 0.7073371999105278]",2,-1
3803,[0.74792871 0.5261518 ],0,-1,-1,3,2
3804,[0.06864511 0.43146525],3,5,"[0.12813625889338118, 0.45239712230086515]",1,1
3805,[0.42396948 0.61986168],9,0,"[0.4297636102329726, 0.6357143141723958]",2,-1
3806,[0.7451447  0.65777437],0,4,"[0.7285423500480827, 0.6073851354724864]",3,2
3807,[0.12737982 0.44987441],3,5,"[0.12813625889338118, 0.45239712230086515]",1,1
3808,[0.87386641 0.58334022],4,-1,-1,-1,-1
3809,[0.43543112 0.63610119],9,0,"[0.4297636102329726, 0.6357143141723958]",2,-1
3810,[0.12116327 0.44072981],3,5,"[0.12813625889338118, 0.45239712230086515]",1,1
3811,[0.43837577 0.71591045],6,-1,-1,2,10
3812,[0.49221622 0.67972003],6,-1,-1,2,-1
3813,[0.13732624 0.74904068],8,7,"[0.17089520780330653, 0.7464713359575794]",2,-1
3814,[0.81407123 0.35016572],7,6,"[0.7921949837838228, 0.3529120844654886]",4,-1
3815,[0.13873454 0.4071863 ],3,5,"[0.12813625889338118, 0.45239712230086515]",1,1
3816,[0.10910924 0.43091856],3,5,"[0.12813625889338118, 0.45239712230086515]",1,1
3817,[0.1008718  0.46810376],3,5,"[0.12813625889338118, 0.45239712230086515]",1,1
3818,[0.84757838 0.49052557],4,2,"[0.8312266673252705, 0.4613441479074099]",4,-1
3819,[0.82141034 0.43143619],4,2,"[0.8312266673252705, 0.4613441479074099]",4,7
3820,[0.77099084 0.39123415],7,6,"[0.7921949837838228, 0.3529120844654886]",4,-1
3821,[0.83793495 0.27612723],7,-1,-1,4,-1
3822,[0.28093957 0.7992665 ],2,-1,-1,2,-1
3823,[0.75706048 0.62072206],0,4,"[0.7285423500480827, 0.6073851354724864]",3,2
3824,[0.80018248 0.36514171],7,6,"[0.7921949837838228, 0.3529120844654886]",4,6
3825,[0.85736122 0.41473411],4,2,"[0.8312266673252705, 0.4613441479074099]",4,-1
3826,[0.67674505 0.7053685 ],0,-1,-1,3,2
3827,[0.74380858 0.36357109],7,6,"[0.7921949837838228, 0.3529120844654886]",4,-1
3828,[0.36707549 0.79989836],2,1,"[0.3445904742281392, 0.8508004104108614]",2,-1
3829,[0.16628392 0.7489923 ],8,7,"[0.17089520780330653, 0.7464713359575794]",2,8
3830,[0.34111195 0.62648943],9,-1,-1,2,-1
3831,[0.22696815 0.72929148],8,9,"[0.2630806751638254, 0.7080875454644293]",2,-1
3832,[0.33827038 0.80523177],2,1,"[0.3445904742281392, 0.8508004104108614]",2,-1
3833,[0.12372461 0.47392807],3,5,"[0.12813625889338118, 0.45239712230086515]",1,1
3834,[0.46804465 0.67543715],6,0,"[0.4297636102329726, 0.6357143141723958]",2,-1
3835,[0.37844255 0.85907133],2,1,"[0.3445904742281392, 0.8508004104108614]",2,5
3836,[0.35913647 0.90656349],2,1,"[0.3445904742281392, 0.8508004104108614]",2,-1
3837,[0.45299868 0.20725315],5,3,"[0.5044907196570393, 0.16230287856274858]",0,0
3838,[0.37757393 0.7590464 ],2,8,"[0.36289448703783916, 0.7073371999105278]",2,-1
3839,[0.80619896 0.50839471],4,2,"[0.8312266673252705, 0.4613441479074099]",4,-1
3840,[0.41456929 0.85296099],2,-1,-1,2,-1
3841,[0.52432167 0.18321742],5,3,"[0.5044907196570393, 0.16230287856274858]",0,0
3842,[0.76739447 0.31380443],7,6,"[0.7921949837838228, 0.3529120844654886]",4,-1
3843,[0.43202998 0.66941356],6,0,"[0.4297636102329726, 0.6357143141723958]",2,10
3844,[0.53948882 0.20311387],5,3,"[0.5044907196570393, 0.16230287856274858]",0,0
3845,[0.29839549 0.63924946],1,-1,-1,2,-1
3846,[0.14660774 0.49829376],3,5,"[0.12813625889338118, 0.45239712230086515]",1,1
3847,[0.1320681  0.78947317],8,7,"[0.17089520780330653, 0.7464713359575794]",2,-1
3848,[0.49312329 0.68823477],6,-1,-1,2,-1
3849,[0.79031942 0.42522689],7,2,"[0.8312266673252705, 0.4613441479074099]",4,-1
3850,[0.80415333 0.62160789],0,-1,-1,3,2
3851,[0.35959804 0.57239707],9,-1,-1,2,-1
3852,[0.84763769 0.49090205],4,2,"[0.8312266673252705, 0.4613441479074099]",4,-1
3853,[0.75801155 0.59226838],0,4,"[0.7285423500480827, 0.6073851354724864]",3,2
3854,[0.77314374 0.33392375],4,6,"[0.7921949837838228, 0.3529120844654886]",4,-1
3855,[0.09985993 0.46725821],3,5,"[0.12813625889338118, 0.45239712230086515]",1,1
3856,[0.44940611 0.16108673],5,3,"[0.5044907196570393, 0.16230287856274858]",0,0
3857,[0.41791314 0.61774856],9,0,"[0.4297636102329726, 0.6357143141723958]",2,13
3858,[0.50386812 0.12915168],5,3,"[0.5044907196570393, 0.16230287856274858]",0,0
3859,[0.76758891 0.62001473],0,4,"[0.7285423500480827, 0.6073851354724864]",3,2
3860,[0.25862439 0.67064939],8,9,"[0.2630806751638254, 0.7080875454644293]",2,-1
3861,[0.5054723  0.10664995],5,3,"[0.5044907196570393, 0.16230287856274858]",0,0
3862,[0.7751994  0.58225724],0,4,"[0.7285423500480827, 0.6073851354724864]",3,2
3863,[0.41199602 0.76803305],6,-1,-1,2,-1
3864,[0.73574893 0.61305684],0,4,"[0.7285423500480827, 0.6073851354724864]",3,2
3865,[0.55347691 0.16975795],5,3,"[0.5044907196570393, 0.16230287856274858]",0,0
3866,[0.49122901 0.1667767 ],5,3,"[0.5044907196570393, 0.16230287856274858]",0,0
3867,[0.39485584 0.70156535],6,8,"[0.36289448703783916, 0.7073371999105278]",2,-1
3868,[0.28353415 0.84743807],2,1,"[0.3445904742281392, 0.8508004104108614]",2,-1
3869,[0.6822058  0.58322124],0,4,"[0.7285423500480827, 0.6073851354724864]",3,2
3870,[0.26685488 0.70338173],1,9,"[0.2630806751638254, 0.7080875454644293]",2,9
3871,[0.27872862 0.82622391],2,-1,-1,2,-1
3872,[0.39673617 0.72035181],6,8,"[0.36289448703783916, 0.7073371999105278]",2,10
3873,[0.23489858 0.71991481],8,9,"[0.2630806751638254, 0.7080875454644293]",2,-1
3874,[0.51848122 0.22365577],5,3,"[0.5044907196570393, 0.16230287856274858]",0,0
3875,[0.13369689 0.4582289 ],3,5,"[0.12813625889338118, 0.45239712230086515]",1,1
3876,[0.51327013 0.16742952],5,3,"[0.5044907196570393, 0.16230287856274858]",0,0
3877,[0.57539312 0.12940437],5,-1,-1,0,0
3878,[0.74938984 0.33932859],7,6,"[0.7921949837838228, 0.3529120844654886]",4,-1
3879,[0.34030571 0.68804098],1,8,"[0.36289448703783916, 0.7073371999105278]",2,-1
3880,[0.44736374 0.5595634 ],9,-1,-1,2,-1
3881,[0.76654608 0.46604347],4,2,"[0.8312266673252705, 0.4613441479074099]",4,-1
3882,[0.08999677 0.44018076],3,5,"[0.12813625889338118, 0.45239712230086515]",1,1
3883,[0.71883358 0.38577203],7,-1,-1,4,-1
3884,[0.224736   0.75062337],8,7,"[0.17089520780330653, 0.7464713359575794]",2,-1
3885,[0.34429887 0.61555748],9,-1,-1,2,-1
3886,[0.84691509 0.44314729],4,2,"[0.8312266673252705, 0.4613441479074099]",4,-1
3887,[0.3526278  0.92074719],2,-1,-1,2,-1
3888,[0.73684367 0.62706727],0,4,"[0.7285423500480827, 0.6073851354724864]",3,2
3889,[0.1496193  0.46838669],3,5,"[0.12813625889338118, 0.45239712230086515]",1,1
3890,[0.49053942 0.69926609],6,-1,-1,2,-1
3891,[0.43600351 0.67273373],6,0,"[0.4297636102329726, 0.6357143141723958]",2,10
3892,[0.24472768 0.69502025],1,9,"[0.2630806751638254, 0.7080875454644293]",2,-1
3893,[0.55128584 0.12780962],5,3,"[0.5044907196570393, 0.16230287856274858]",0,0
3894,[0.81239431 0.41514498],7,2,"[0.8312266673252705, 0.4613441479074099]",4,-1
3895,[0.7924074  0.49833056],4,2,"[0.8312266673252705, 0.4613441479074099]",4,-1
3896,[0.13496843 0.7055754 ],8,7,"[0.17089520780330653, 0.7464713359575794]",2,-1
3897,[0.51719578 0.58852172],9,-1,-1,2,-1
3898,[0.35709559 0.65703164],9,8,"[0.36289448703783916, 0.7073371999105278]",2,-1
3899,[0.84409395 0.34994866],7,6,"[0.7921949837838228, 0.3529120844654886]",4,-1
3900,[0.41754365 0.18529337],5,-1,-1,0,0
3901,[0.7050671  0.62480331],0,4,"[0.7285423500480827, 0.6073851354724864]",3,2
3902,[0.32824562 0.81485812],2,1,"[0.3445904742281392, 0.8508004104108614]",2,3
3903,[0.49062001 0.12949236],5,3,"[0.5044907196570393, 0.16230287856274858]",0,0
3904,[0.37671709 0.74450534],1,8,"[0.36289448703783916, 0.7073371999105278]",2,-1
3905,[0.3944087  0.53614224],9,-1,-1,2,-1
3906,[0.35287175 0.91142181],2,1,"[0.3445904742281392, 0.8508004104108614]",2,-1
3907,[0.09948207 0.78032988],8,-1,-1,2,-1
3908,[0.81155219 0.30542695],7,6,"[0.7921949837838228, 0.3529120844654886]",4,-1
3909,[0.75317766 0.38286551],7,6,"[0.7921949837838228, 0.3529120844654886]",4,-1
3910,[0.43533702 0.56325226],9,-1,-1,2,-1
3911,[0.16169649 0.46160326],3,5,"[0.12813625889338118, 0.45239712230086515]",1,1
3912,[0.77065763 0.52344264],0,-1,-1,3,2
3913,[0.74447246 0.56945224],0,4,"[0.7285423500480827, 0.6073851354724864]",3,2
3914,[0.30992536 0.63671412],1,-1,-1,2,-1
3915,[0.86064166 0.30604094],7,-1,-1,4,-1
3916,[0.2649354  0.71135245],1,9,"[0.2630806751638254, 0.7080875454644293]",2,9
3917,[0.44241075 0.82526853],2,-1,-1,2,-1
3918,[0.31709598 0.71141784],1,8,"[0.36289448703783916, 0.7073371999105278]",2,9
3919,[0.2943668  0.86825527],2,1,"[0.3445904742281392, 0.8508004104108614]",2,-1
3920,[0.69213559 0.29066204],7,-1,-1,-1,-1
3921,[0.82459153 0.47516735],4,2,"[0.8312266673252705, 0.4613441479074099]",4,7
3922,[0.29657513 0.76109387],1,9,"[0.2630806751638254, 0.7080875454644293]",2,-1
3923,[0.36016015 0.62130359],9,-1,-1,2,-1
3924,[0.30063132 0.83847326],2,1,"[0.3445904742281392, 0.8508004104108614]",2,-1
3925,[0.434024   0.70815182],6,-1,-1,2,10
3926,[0.52750558 0.2319252 ],5,-1,-1,0,0
3927,[0.75746166 0.63973822],0,4,"[0.7285423500480827, 0.6073851354724864]",3,2
3928,[0.13376352 0.52839086],3,-1,-1,1,1
3929,[0.50853497 0.14550479],5,3,"[0.5044907196570393, 0.16230287856274858]",0,0
3930,[0.36050901 0.80581803],2,1,"[0.3445904742281392, 0.8508004104108614]",2,-1
3931,[0.4548939  0.69221726],6,0,"[0.4297636102329726, 0.6357143141723958]",2,10
3932,[0.88794087 0.42638402],4,2,"[0.8312266673252705, 0.4613441479074099]",4,-1
3933,[0.40047487 0.61594766],9,0,"[0.4297636102329726, 0.6357143141723958]",2,-1
3934,[0.81004299 0.34147903],7,6,"[0.7921949837838228, 0.3529120844654886]",4,-1
3935,[0.39708229 0.56950243],9,-1,-1,2,-1
3936,[0.43911924 0.58982312],9,0,"[0.4297636102329726, 0.6357143141723958]",2,11
3937,[0.81094809 0.41986804],4,2,"[0.8312266673252705, 0.4613441479074099]",4,-1
3938,[0.38988184 0.55769899],9,-1,-1,2,-1
3939,[0.36301876 0.55930061],9,-1,-1,2,-1
3940,[0.33303673 0.71452131],1,8,"[0.36289448703783916, 0.7073371999105278]",2,9
3941,[0.28811181 0.85954182],2,1,"[0.3445904742281392, 0.8508004104108614]",2,-1
3942,[0.4798056  0.65013914],9,0,"[0.4297636102329726, 0.6357143141723958]",2,-1
3943,[0.4372545  0.66470243],9,0,"[0.4297636102329726, 0.6357143141723958]",2,10
3944,[0.38802633 0.90207963],2,1,"[0.3445904742281392, 0.8508004104108614]",2,-1
3945,[0.77110306 0.31795558],7,6,"[0.7921949837838228, 0.3529120844654886]",4,-1
3946,[0.34252642 0.82275595],2,1,"[0.3445904742281392, 0.8508004104108614]",2,-1
3947,[0.18696006 0.72704091],8,7,"[0.17089520780330653, 0.7464713359575794]",2,8
3948,[0.49204975 0.17045415],5,3,"[0.5044907196570393, 0.16230287856274858]",0,0
3949,[0.28225665 0.68618591],1,9,"[0.2630806751638254, 0.7080875454644293]",2,9
3950,[0.29302646 0.66481433],1,9,"[0.2630806751638254, 0.7080875454644293]",2,-1
3951,[0.18827052 0.78438998],8,7,"[0.17089520780330653, 0.7464713359575794]",2,-1
3952,[0.82331719 0.37413109],4,6,"[0.7921949837838228, 0.3529120844654886]",4,-1
3953,[0.77524862 0.3349978 ],7,6,"[0.7921949837838228, 0.3529120844654886]",4,-1
3954,[0.3143048  0.67966825],1,8,"[0.36289448703783916, 0.7073371999105278]",2,9
3955,[0.80158321 0.34131081],7,6,"[0.7921949837838228, 0.3529120844654886]",4,-1
3956,[0.6924773  0.65039539],0,4,"[0.7285423500480827, 0.6073851354724864]",3,2
3957,[0.49711879 0.15275658],5,3,"[0.5044907196570393, 0.16230287856274858]",0,0
3958,[0.73137482 0.6278297 ],0,4,"[0.7285423500480827, 0.6073851354724864]",3,2
3959,[0.17980597 0.70933352],8,7,"[0.17089520780330653, 0.7464713359575794]",2,8
3960,[0.3030404  0.61529955],1,-1,-1,2,-1
3961,[0.82714517 0.46090784],4,2,"[0.8312266673252705, 0.4613441479074099]",4,7
3962,[0.43188589 0.16019459],5,-1,-1,0,0
3963,[0.42465571 0.66972057],9,0,"[0.4297636102329726, 0.6357143141723958]",2,10
3964,[0.35144877 0.72808307],1,8,"[0.36289448703783916, 0.7073371999105278]",2,-1
3965,[0.08928458 0.44753858],3,5,"[0.12813625889338118, 0.45239712230086515]",1,1
3966,[0.15265051 0.44642664],3,5,"[0.12813625889338118, 0.45239712230086515]",1,1
3967,[0.14473634 0.74362157],8,7,"[0.17089520780330653, 0.7464713359575794]",2,-1
3968,[0.15705719 0.7436938 ],8,7,"[0.17089520780330653, 0.7464713359575794]",2,8
3969,[0.54016367 0.12589739],5,3,"[0.5044907196570393, 0.16230287856274858]",0,0
3970,[0.31131634 0.73364699],1,9,"[0.2630806751638254, 0.7080875454644293]",2,9
3971,[0.36210541 0.86061863],2,1,"[0.3445904742281392, 0.8508004104108614]",2,5
3972,[0.76398331 0.55902145],0,4,"[0.7285423500480827, 0.6073851354724864]",3,2
3973,[0.53672196 0.76779371],6,-1,-1,2,-1
3974,[0.41580995 0.57381396],9,0,"[0.4297636102329726, 0.6357143141723958]",2,-1
3975,[0.4549196  0.73293931],6,-1,-1,2,-1
3976,[0.77512662 0.32797822],7,6,"[0.7921949837838228, 0.3529120844654886]",4,-1
3977,[0.13227704 0.43794383],3,5,"[0.12813625889338118, 0.45239712230086515]",1,1
3978,[0.79851819 0.49062943],4,2,"[0.8312266673252705, 0.4613441479074099]",4,-1
3979,[0.11442478 0.78552633],8,7,"[0.17089520780330653, 0.7464713359575794]",2,-1
3980,[0.28317923 0.67122973],1,9,"[0.2630806751638254, 0.7080875454644293]",2,9
3981,[0.29176003 0.66821137],1,9,"[0.2630806751638254, 0.7080875454644293]",2,-1
3982,[0.63076834 0.115645  ],5,-1,-1,0,0
3983,[0.28648269 0.66286324],1,9,"[0.2630806751638254, 0.7080875454644293]",2,-1
3984,[0.49320509 0.72365292],6,-1,-1,2,-1
3985,[0.14856418 0.71815695],8,7,"[0.17089520780330653, 0.7464713359575794]",2,-1
3986,[0.79011041 0.35748335],7,6,"[0.7921949837838228, 0.3529120844654886]",4,6
3987,[0.28268056 0.73566894],1,9,"[0.2630806751638254, 0.7080875454644293]",2,9
3988,[0.27050879 0.71502693],1,9,"[0.2630806751638254, 0.7080875454644293]",2,9
3989,[0.31196649 0.87364296],2,1,"[0.3445904742281392, 0.8508004104108614]",2,-1
3990,[0.38917659 0.7479127 ],6,8,"[0.36289448703783916, 0.7073371999105278]",2,-1
3991,[0.09898884 0.42660661],3,5,"[0.12813625889338118, 0.45239712230086515]",1,1
3992,[0.4194223  0.56212652],9,-1,-1,2,-1
3993,[0.32631192 0.6872638 ],1,8,"[0.36289448703783916, 0.7073371999105278]",2,9
3994,[0.47115604 0.61872444],9,0,"[0.4297636102329726, 0.6357143141723958]",2,-1
3995,[0.1273004  0.72474452],8,7,"[0.17089520780330653, 0.7464713359575794]",2,-1
3996,[0.25642348 0.76059865],8,9,"[0.2630806751638254, 0.7080875454644293]",2,-1
3997,[0.38834407 0.82624499],2,1,"[0.3445904742281392, 0.8508004104108614]",2,-1
3998,[0.38236086 0.81603623],2,1,"[0.3445904742281392, 0.8508004104108614]",2,-1
3999,[0.19168184 0.87575921],8,-1,-1,2,-1
4000,[0.39916476 0.8157533 ],2,1,"[0.3445904742281392, 0.8508004104108614]",2,-1
4001,[0.74208898 0.63588193],0,4,"[0.7285423500480827, 0.6073851354724864]",3,2
4002,[0.60870351 0.12128386],5,-1,-1,0,0
4003,[0.38637432 0.88136934],2,1,"[0.3445904742281392, 0.8508004104108614]",2,-1
4004,[0.82229793 0.49500187],4,2,"[0.8312266673252705, 0.4613441479074099]",4,7
4005,[0.24554401 0.72317225],1,9,"[0.2630806751638254, 0.7080875454644293]",2,-1
4006,[0.31140025 0.7814126 ],1,-1,-1,2,-1
4007,[0.50254609 0.14750868],5,3,"[0.5044907196570393, 0.16230287856274858]",0,0
4008,[0.38422082 0.86834512],2,1,"[0.3445904742281392, 0.8508004104108614]",2,-1
4009,[0.15823784 0.70353528],8,7,"[0.17089520780330653, 0.7464713359575794]",2,-1
4010,[0.42669246 0.61936762],9,0,"[0.4297636102329726, 0.6357143141723958]",2,13
4011,[0.19124276 0.7574469 ],8,7,"[0.17089520780330653, 0.7464713359575794]",2,8
4012,[0.7663825  0.60841567],0,4,"[0.7285423500480827, 0.6073851354724864]",3,2
4013,[0.85747173 0.424446  ],4,2,"[0.8312266673252705, 0.4613441479074099]",4,-1
4014,[0.29316215 0.87989115],2,1,"[0.3445904742281392, 0.8508004104108614]",2,-1
4015,[0.49882359 0.07390578],5,-1,-1,0,0
4016,[0.69787696 0.62671327],0,4,"[0.7285423500480827, 0.6073851354724864]",3,2
4017,[0.41903863 0.62685306],9,0,"[0.4297636102329726, 0.6357143141723958]",2,13
4018,[0.79460836 0.66870992],0,-1,-1,3,2
4019,[0.43722604 0.58950747],9,0,"[0.4297636102329726, 0.6357143141723958]",2,11
4020,[0.40240447 0.66536606],9,0,"[0.4297636102329726, 0.6357143141723958]",2,10
4021,[0.28322266 0.71173665],1,9,"[0.2630806751638254, 0.7080875454644293]",2,9
4022,[0.12659789 0.48449921],3,5,"[0.12813625889338118, 0.45239712230086515]",1,1
4023,[0.2331119  0.63625376],1,-1,-1,2,-1
4024,[0.77897231 0.5898946 ],0,4,"[0.7285423500480827, 0.6073851354724864]",3,2
4025,[0.28188164 0.86127327],2,1,"[0.3445904742281392, 0.8508004104108614]",2,-1
4026,[0.77448217 0.37532258],7,6,"[0.7921949837838228, 0.3529120844654886]",4,-1
4027,[0.84436272 0.53059265],4,-1,-1,4,-1
4028,[0.42534555 0.61221442],9,0,"[0.4297636102329726, 0.6357143141723958]",2,13
4029,[0.10470647 0.48628481],3,5,"[0.12813625889338118, 0.45239712230086515]",1,1
4030,[0.72472758 0.58443293],0,4,"[0.7285423500480827, 0.6073851354724864]",3,2
4031,[0.86325633 0.50463737],4,2,"[0.8312266673252705, 0.4613441479074099]",4,-1
4032,[0.19730962 0.79625793],8,7,"[0.17089520780330653, 0.7464713359575794]",2,-1
4033,[0.31577973 0.76528693],2,-1,-1,2,-1
4034,[0.82257866 0.33229777],7,6,"[0.7921949837838228, 0.3529120844654886]",4,-1
4035,[0.0682052  0.47379947],3,5,"[0.12813625889338118, 0.45239712230086515]",1,1
4036,[0.38770258 0.86540453],2,1,"[0.3445904742281392, 0.8508004104108614]",2,-1
4037,[0.22341281 0.77610913],8,7,"[0.17089520780330653, 0.7464713359575794]",2,-1
4038,[0.41326405 0.71727403],6,8,"[0.36289448703783916, 0.7073371999105278]",2,10
4039,[0.11926667 0.44625909],3,5,"[0.12813625889338118, 0.45239712230086515]",1,1
4040,[0.44595245 0.67324183],6,0,"[0.4297636102329726, 0.6357143141723958]",2,-1
4041,[0.12797266 0.72802698],8,7,"[0.17089520780330653, 0.7464713359575794]",2,-1
4042,[0.86608154 0.67314093],0,-1,-1,-1,-1
4043,[0.71636744 0.56544819],0,4,"[0.7285423500480827, 0.6073851354724864]",3,2
4044,[0.25250911 0.76318589],1,9,"[0.2630806751638254, 0.7080875454644293]",2,-1
4045,[0.37555982 0.57387972],9,-1,-1,2,-1
4046,[0.46030365 0.1358975 ],5,3,"[0.5044907196570393, 0.16230287856274858]",0,0
4047,[0.82919034 0.45194174],4,2,"[0.8312266673252705, 0.4613441479074099]",4,7
4048,[0.81625618 0.47231813],4,2,"[0.8312266673252705, 0.4613441479074099]",4,7
4049,[0.41448827 0.84420684],2,-1,-1,2,-1
4050,[0.71159422 0.61993537],0,4,"[0.7285423500480827, 0.6073851354724864]",3,2
4051,[0.92626021 0.4653268 ],4,-1,-1,4,-1
4052,[0.43808148 0.66292633],6,0,"[0.4297636102329726, 0.6357143141723958]",2,10
4053,[0.34236932 0.71909796],1,8,"[0.36289448703783916, 0.7073371999105278]",2,9
4054,[0.77204525 0.58912042],0,4,"[0.7285423500480827, 0.6073851354724864]",3,2
4055,[0.19812799 0.7342284 ],8,7,"[0.17089520780330653, 0.7464713359575794]",2,8
4056,[0.3950316 0.61262  ],9,0,"[0.4297636102329726, 0.6357143141723958]",2,12
4057,[0.49483684 0.23804411],5,-1,-1,0,0
4058,[0.46686529 0.73005366],6,-1,-1,2,-1
4059,[0.3868429  0.55430818],9,-1,-1,2,-1
4060,[0.75357264 0.6241177 ],0,4,"[0.7285423500480827, 0.6073851354724864]",3,2
4061,[0.45959012 0.69362379],6,0,"[0.4297636102329726, 0.6357143141723958]",2,-1
4062,[0.67588037 0.66371865],0,-1,-1,3,2
4063,[0.3811196 0.8568307],2,1,"[0.3445904742281392, 0.8508004104108614]",2,5
4064,[0.18522809 0.77910267],1,7,"[0.17089520780330653, 0.7464713359575794]",2,8
4065,[0.09661055 0.3964193 ],3,5,"[0.12813625889338118, 0.45239712230086515]",1,1
4066,[0.71324303 0.6213189 ],0,4,"[0.7285423500480827, 0.6073851354724864]",3,2
4067,[0.70156017 0.62193135],0,4,"[0.7285423500480827, 0.6073851354724864]",3,2
4068,[0.77020487 0.41706253],7,6,"[0.7921949837838228, 0.3529120844654886]",4,-1
4069,[0.84962336 0.45750351],4,2,"[0.8312266673252705, 0.4613441479074099]",4,-1
4070,[0.35779211 0.8475181 ],2,1,"[0.3445904742281392, 0.8508004104108614]",2,5
4071,[0.37556227 0.87856057],2,1,"[0.3445904742281392, 0.8508004104108614]",2,-1
4072,[0.66663011 0.62599624],0,4,"[0.7285423500480827, 0.6073851354724864]",3,2
4073,[0.24830903 0.70210949],1,9,"[0.2630806751638254, 0.7080875454644293]",2,-1
4074,[0.38554618 0.83249594],2,1,"[0.3445904742281392, 0.8508004104108614]",2,-1
4075,[0.82458194 0.37921309],7,6,"[0.7921949837838228, 0.3529120844654886]",4,-1
4076,[0.25688271 0.75179881],1,9,"[0.2630806751638254, 0.7080875454644293]",2,-1
4077,[0.3715888  0.84983975],2,1,"[0.3445904742281392, 0.8508004104108614]",2,5
4078,[0.15685487 0.69405586],8,7,"[0.17089520780330653, 0.7464713359575794]",2,-1
4079,[0.83186582 0.47020396],4,2,"[0.8312266673252705, 0.4613441479074099]",4,7
4080,[0.20496806 0.77994376],8,7,"[0.17089520780330653, 0.7464713359575794]",2,-1
4081,[0.51507756 0.16792004],5,3,"[0.5044907196570393, 0.16230287856274858]",0,0
4082,[0.3775835  0.62705174],9,0,"[0.4297636102329726, 0.6357143141723958]",2,-1
4083,[0.40737689 0.58724394],9,0,"[0.4297636102329726, 0.6357143141723958]",2,11
4084,[0.48886626 0.71410666],6,-1,-1,2,-1
4085,[0.1926361  0.71734703],8,7,"[0.17089520780330653, 0.7464713359575794]",2,8
4086,[0.67394204 0.6162058 ],0,4,"[0.7285423500480827, 0.6073851354724864]",3,2
4087,[0.72962612 0.54546438],0,4,"[0.7285423500480827, 0.6073851354724864]",3,2
4088,[0.44405541 0.71544894],6,-1,-1,2,-1
4089,[0.57325732 0.17040301],5,3,"[0.5044907196570393, 0.16230287856274858]",0,0
4090,[0.36183989 0.87449314],2,1,"[0.3445904742281392, 0.8508004104108614]",2,-1
4091,[0.3560039  0.55156375],9,-1,-1,2,-1
4092,[0.48357182 0.77439302],6,-1,-1,2,-1
4093,[0.47124417 0.68580044],6,0,"[0.4297636102329726, 0.6357143141723958]",2,-1
4094,[0.386634   0.79965636],2,1,"[0.3445904742281392, 0.8508004104108614]",2,-1
4095,[0.77797277 0.57557569],0,4,"[0.7285423500480827, 0.6073851354724864]",3,2
4096,[0.2464661  0.71817115],8,9,"[0.2630806751638254, 0.7080875454644293]",2,-1
4097,[0.88967396 0.35243781],7,-1,-1,4,-1
4098,[0.28253984 0.65730786],1,9,"[0.2630806751638254, 0.7080875454644293]",2,-1
4099,[0.09832629 0.50292578],3,5,"[0.12813625889338118, 0.45239712230086515]",1,1
4100,[0.71355588 0.57133403],0,4,"[0.7285423500480827, 0.6073851354724864]",3,2
4101,[0.18595027 0.80006238],8,7,"[0.17089520780330653, 0.7464713359575794]",2,-1
4102,[0.2290336  0.69508945],8,9,"[0.2630806751638254, 0.7080875454644293]",2,-1
4103,[0.59790937 0.14853433],5,-1,-1,0,0
4104,[0.70537341 0.58095934],0,4,"[0.7285423500480827, 0.6073851354724864]",3,2
4105,[0.32456408 0.88186788],2,1,"[0.3445904742281392, 0.8508004104108614]",2,-1
4106,[0.86920015 0.43270056],4,2,"[0.8312266673252705, 0.4613441479074099]",4,-1
4107,[0.33665604 0.89926951],2,1,"[0.3445904742281392, 0.8508004104108614]",2,-1
4108,[0.3350973  0.71030429],1,8,"[0.36289448703783916, 0.7073371999105278]",2,9
4109,[0.76827217 0.65175819],0,4,"[0.7285423500480827, 0.6073851354724864]",3,2
4110,[0.09234925 0.42915705],3,5,"[0.12813625889338118, 0.45239712230086515]",1,1
4111,[0.31359529 0.75851636],1,-1,-1,2,-1
4112,[0.79554015 0.29394176],7,6,"[0.7921949837838228, 0.3529120844654886]",4,-1
4113,[0.11446776 0.47516105],3,5,"[0.12813625889338118, 0.45239712230086515]",1,1
4114,[0.2916948  0.59642397],1,-1,-1,2,-1
4115,[0.46301942 0.65850039],6,0,"[0.4297636102329726, 0.6357143141723958]",2,-1
4116,[0.53294158 0.17127583],5,3,"[0.5044907196570393, 0.16230287856274858]",0,0
4117,[0.74801797 0.62820243],0,4,"[0.7285423500480827, 0.6073851354724864]",3,2
4118,[0.18199815 0.7221225 ],8,7,"[0.17089520780330653, 0.7464713359575794]",2,8
4119,[0.77202699 0.51880435],4,-1,-1,3,-1
4120,[0.3890834  0.60471555],9,0,"[0.4297636102329726, 0.6357143141723958]",2,-1
4121,[0.81309975 0.44531567],4,2,"[0.8312266673252705, 0.4613441479074099]",4,-1
4122,[0.34107095 0.83424507],2,1,"[0.3445904742281392, 0.8508004104108614]",2,-1
4123,[0.40864214 0.82592585],2,1,"[0.3445904742281392, 0.8508004104108614]",2,-1
4124,[0.21403332 0.72687773],8,7,"[0.17089520780330653, 0.7464713359575794]",2,-1
4125,[0.74629801 0.37770804],7,6,"[0.7921949837838228, 0.3529120844654886]",4,-1
4126,[0.07802954 0.40420252],3,5,"[0.12813625889338118, 0.45239712230086515]",1,1
4127,[0.67975378 0.6093751 ],0,4,"[0.7285423500480827, 0.6073851354724864]",3,2
4128,[0.21842317 0.65757759],8,9,"[0.2630806751638254, 0.7080875454644293]",2,-1
4129,[0.21568371 0.49809757],3,-1,-1,1,1
4130,[0.3057219  0.80523966],2,1,"[0.3445904742281392, 0.8508004104108614]",2,-1
4131,[0.60258423 0.58852436],0,-1,-1,-1,2
4132,[0.40814412 0.60351119],9,0,"[0.4297636102329726, 0.6357143141723958]",2,-1
4133,[0.18217882 0.50045126],3,-1,-1,1,1
4134,[0.81614339 0.36018945],7,6,"[0.7921949837838228, 0.3529120844654886]",4,6
4135,[0.75477713 0.5893651 ],0,4,"[0.7285423500480827, 0.6073851354724864]",3,2
4136,[0.17789319 0.76135616],8,7,"[0.17089520780330653, 0.7464713359575794]",2,8
4137,[0.20361242 0.72944111],8,7,"[0.17089520780330653, 0.7464713359575794]",2,-1
4138,[0.37854804 0.56750168],9,-1,-1,2,-1
4139,[0.3516161  0.85603706],2,1,"[0.3445904742281392, 0.8508004104108614]",2,5
4140,[0.40486985 0.57836614],9,0,"[0.4297636102329726, 0.6357143141723958]",2,11
4141,[0.86908458 0.44207254],4,2,"[0.8312266673252705, 0.4613441479074099]",4,-1
4142,[0.84456337 0.44522384],4,2,"[0.8312266673252705, 0.4613441479074099]",4,-1
4143,[0.77961378 0.32666008],7,6,"[0.7921949837838228, 0.3529120844654886]",4,-1
4144,[0.1628662  0.75631105],8,7,"[0.17089520780330653, 0.7464713359575794]",2,8
4145,[0.42357735 0.72923655],6,8,"[0.36289448703783916, 0.7073371999105278]",2,-1
4146,[0.17614875 0.76904446],8,7,"[0.17089520780330653, 0.7464713359575794]",2,8
4147,[0.52557652 0.13083842],5,3,"[0.5044907196570393, 0.16230287856274858]",0,0
4148,[0.79338156 0.42353121],4,2,"[0.8312266673252705, 0.4613441479074099]",4,-1
4149,[0.84374376 0.33408185],7,6,"[0.7921949837838228, 0.3529120844654886]",4,-1
4150,[0.38092478 0.65483877],6,0,"[0.4297636102329726, 0.6357143141723958]",2,-1
4151,[0.26927395 0.74445627],8,9,"[0.2630806751638254, 0.7080875454644293]",2,-1
4152,[0.35543767 0.68596321],1,8,"[0.36289448703783916, 0.7073371999105278]",2,-1
4153,[0.33204541 0.83927232],2,1,"[0.3445904742281392, 0.8508004104108614]",2,-1
4154,[0.84531588 0.46167433],4,2,"[0.8312266673252705, 0.4613441479074099]",4,-1
4155,[0.21350898 0.40857892],3,-1,-1,1,1
4156,[0.15873056 0.76934578],8,7,"[0.17089520780330653, 0.7464713359575794]",2,8
4157,[0.80028893 0.45840422],4,2,"[0.8312266673252705, 0.4613441479074099]",4,7
4158,[0.31904769 0.7275533 ],1,8,"[0.36289448703783916, 0.7073371999105278]",2,9
4159,[0.20054001 0.70507228],8,7,"[0.17089520780330653, 0.7464713359575794]",2,-1
4160,[0.1819545 0.8380713],8,-1,-1,2,-1
4161,[0.67528457 0.66057869],0,-1,-1,3,2
4162,[0.20105625 0.48560885],3,-1,-1,1,1
4163,[0.32132987 0.8933061 ],2,1,"[0.3445904742281392, 0.8508004104108614]",2,-1
4164,[0.13722478 0.43357652],3,5,"[0.12813625889338118, 0.45239712230086515]",1,1
4165,[0.51846796 0.21499941],5,3,"[0.5044907196570393, 0.16230287856274858]",0,0
4166,[0.80249588 0.34053638],7,6,"[0.7921949837838228, 0.3529120844654886]",4,-1
4167,[0.81108407 0.4021857 ],7,6,"[0.7921949837838228, 0.3529120844654886]",4,6
4168,[0.17947786 0.75934524],8,7,"[0.17089520780330653, 0.7464713359575794]",2,8
4169,[0.07383815 0.40125373],3,-1,-1,1,1
4170,[0.26971049 0.71840784],1,9,"[0.2630806751638254, 0.7080875454644293]",2,9
4171,[0.44064243 0.63576138],6,0,"[0.4297636102329726, 0.6357143141723958]",2,-1
4172,[0.09887927 0.50669608],3,5,"[0.12813625889338118, 0.45239712230086515]",1,1
4173,[0.68102641 0.61700538],0,4,"[0.7285423500480827, 0.6073851354724864]",3,2
4174,[0.12111514 0.45524396],3,5,"[0.12813625889338118, 0.45239712230086515]",1,1
4175,[0.41485082 0.68987858],6,8,"[0.36289448703783916, 0.7073371999105278]",2,10
4176,[0.44304875 0.11365565],5,-1,-1,0,0
4177,[0.51387676 0.19743892],5,3,"[0.5044907196570393, 0.16230287856274858]",0,0
4178,[0.81581411 0.3749395 ],7,6,"[0.7921949837838228, 0.3529120844654886]",4,-1
4179,[0.33822719 0.83051987],2,1,"[0.3445904742281392, 0.8508004104108614]",2,-1
4180,[0.29310051 0.71108145],1,9,"[0.2630806751638254, 0.7080875454644293]",2,9
4181,[0.3644098  0.54704773],9,-1,-1,2,-1
4182,[0.39940816 0.65998098],6,0,"[0.4297636102329726, 0.6357143141723958]",2,10
4183,[0.24052258 0.8189181 ],8,-1,-1,2,-1
4184,[0.72620789 0.57349859],0,4,"[0.7285423500480827, 0.6073851354724864]",3,2
4185,[0.11994419 0.41247861],3,5,"[0.12813625889338118, 0.45239712230086515]",1,1
4186,[0.79825223 0.35417194],7,6,"[0.7921949837838228, 0.3529120844654886]",4,6
4187,[0.37036451 0.70758976],6,8,"[0.36289448703783916, 0.7073371999105278]",2,-1
4188,[0.37577778 0.90908443],2,1,"[0.3445904742281392, 0.8508004104108614]",2,-1
4189,[0.84924757 0.33914506],7,6,"[0.7921949837838228, 0.3529120844654886]",4,-1
4190,[0.85547329 0.4072815 ],4,2,"[0.8312266673252705, 0.4613441479074099]",4,-1
4191,[0.4158803  0.66375174],6,0,"[0.4297636102329726, 0.6357143141723958]",2,10
4192,[0.47320938 0.21697439],5,3,"[0.5044907196570393, 0.16230287856274858]",0,0
4193,[0.3367486  0.85137746],2,1,"[0.3445904742281392, 0.8508004104108614]",2,5
4194,[0.26696174 0.78561332],1,-1,-1,2,-1
4195,[0.27990057 0.83739675],2,1,"[0.3445904742281392, 0.8508004104108614]",2,-1
4196,[0.8859451  0.47217095],4,2,"[0.8312266673252705, 0.4613441479074099]",4,-1
4197,[0.12732104 0.42261863],3,5,"[0.12813625889338118, 0.45239712230086515]",1,1
4198,[0.52271692 0.71316121],6,-1,-1,2,-1
4199,[0.80073484 0.46390901],4,2,"[0.8312266673252705, 0.4613441479074099]",4,-1
4200,[0.34339599 0.66658622],1,8,"[0.36289448703783916, 0.7073371999105278]",2,-1
4201,[0.47710531 0.72272866],6,-1,-1,2,-1
4202,[0.27951561 0.66907465],1,9,"[0.2630806751638254, 0.7080875454644293]",2,-1
4203,[0.808989   0.43746263],4,2,"[0.8312266673252705, 0.4613441479074099]",4,-1
4204,[0.84161727 0.40766884],4,2,"[0.8312266673252705, 0.4613441479074099]",4,-1
4205,[0.80301303 0.50667174],4,2,"[0.8312266673252705, 0.4613441479074099]",4,-1
4206,[0.44919793 0.58988489],9,0,"[0.4297636102329726, 0.6357143141723958]",2,11
4207,[0.36618887 0.59761292],9,-1,-1,2,-1
4208,[0.71821379 0.42094015],7,-1,-1,4,-1
4209,[0.80811991 0.32607126],7,6,"[0.7921949837838228, 0.3529120844654886]",4,-1
4210,[0.78102449 0.55441243],4,-1,-1,3,2
4211,[0.1425983  0.74426597],8,7,"[0.17089520780330653, 0.7464713359575794]",2,-1
4212,[0.16205233 0.38877795],3,-1,-1,1,1
4213,[0.27769853 0.91530413],2,-1,-1,2,-1
4214,[0.43234416 0.64220918],9,0,"[0.4297636102329726, 0.6357143141723958]",2,-1
4215,[0.39424223 0.61111463],9,0,"[0.4297636102329726, 0.6357143141723958]",2,12
4216,[0.08000436 0.47621379],3,5,"[0.12813625889338118, 0.45239712230086515]",1,1
4217,[0.70792247 0.5544996 ],0,4,"[0.7285423500480827, 0.6073851354724864]",3,2
4218,[0.84382363 0.41272113],4,2,"[0.8312266673252705, 0.4613441479074099]",4,-1
4219,[0.11853067 0.39719373],3,5,"[0.12813625889338118, 0.45239712230086515]",1,1
4220,[0.73326219 0.38620704],7,6,"[0.7921949837838228, 0.3529120844654886]",4,-1
4221,[0.39234756 0.70898724],6,8,"[0.36289448703783916, 0.7073371999105278]",2,-1
4222,[0.33453075 0.86564664],2,1,"[0.3445904742281392, 0.8508004104108614]",2,-1
4223,[0.35146375 0.8548246 ],2,1,"[0.3445904742281392, 0.8508004104108614]",2,5
4224,[0.46778546 0.10816989],5,3,"[0.5044907196570393, 0.16230287856274858]",0,0
4225,[0.43784471 0.89792068],2,-1,-1,2,-1
4226,[0.73549325 0.57148035],0,4,"[0.7285423500480827, 0.6073851354724864]",3,2
4227,[0.29734652 0.85174139],2,1,"[0.3445904742281392, 0.8508004104108614]",2,-1
4228,[0.40574461 0.56861597],9,-1,-1,2,-1
4229,[0.37338927 0.65981817],9,8,"[0.36289448703783916, 0.7073371999105278]",2,-1
4230,[0.49123969 0.18585998],5,3,"[0.5044907196570393, 0.16230287856274858]",0,0
4231,[0.32128289 0.73417291],1,8,"[0.36289448703783916, 0.7073371999105278]",2,9
4232,[0.27037597 0.72207932],1,9,"[0.2630806751638254, 0.7080875454644293]",2,9
4233,[0.14353261 0.85785499],8,-1,-1,2,-1
4234,[0.29583806 0.80707468],2,1,"[0.3445904742281392, 0.8508004104108614]",2,-1
4235,[0.29726505 0.70930452],1,9,"[0.2630806751638254, 0.7080875454644293]",2,9
4236,[0.43747546 0.56095778],9,-1,-1,2,-1
4237,[0.74127777 0.35003511],7,6,"[0.7921949837838228, 0.3529120844654886]",4,-1
4238,[0.79800736 0.67559407],0,-1,-1,3,2
4239,[0.3344049  0.83791346],2,1,"[0.3445904742281392, 0.8508004104108614]",2,-1
4240,[0.42557993 0.55683584],9,-1,-1,2,-1
4241,[0.32921917 0.66338216],1,8,"[0.36289448703783916, 0.7073371999105278]",2,-1
4242,[0.33643331 0.84236954],2,1,"[0.3445904742281392, 0.8508004104108614]",2,-1
4243,[0.4193843  0.59533165],9,0,"[0.4297636102329726, 0.6357143141723958]",2,-1
4244,[0.45723624 0.61889256],6,0,"[0.4297636102329726, 0.6357143141723958]",2,-1
4245,[0.38000497 0.90108913],2,1,"[0.3445904742281392, 0.8508004104108614]",2,-1
4246,[0.13094222 0.44588676],3,5,"[0.12813625889338118, 0.45239712230086515]",1,1
4247,[0.08748935 0.49778824],3,5,"[0.12813625889338118, 0.45239712230086515]",1,1
4248,[0.33293868 0.67532384],1,8,"[0.36289448703783916, 0.7073371999105278]",2,-1
4249,[0.47817205 0.12519278],5,3,"[0.5044907196570393, 0.16230287856274858]",0,0
4250,[0.22637315 0.8487954 ],2,-1,-1,2,-1
4251,[0.39255135 0.66740568],9,0,"[0.4297636102329726, 0.6357143141723958]",2,-1
4252,[0.17526213 0.49149696],3,5,"[0.12813625889338118, 0.45239712230086515]",1,1
4253,[0.21325271 0.71464462],8,9,"[0.2630806751638254, 0.7080875454644293]",2,-1
4254,[0.30188218 0.83829824],2,1,"[0.3445904742281392, 0.8508004104108614]",2,-1
4255,[0.14249871 0.49293046],3,5,"[0.12813625889338118, 0.45239712230086515]",1,1
4256,[0.70578197 0.56483047],0,4,"[0.7285423500480827, 0.6073851354724864]",3,2
4257,[0.84447962 0.37177754],7,6,"[0.7921949837838228, 0.3529120844654886]",4,-1
4258,[0.64878638 0.60038587],0,-1,-1,3,2
4259,[0.4776235  0.61638298],9,0,"[0.4297636102329726, 0.6357143141723958]",2,-1
4260,[0.33939283 0.81524219],2,1,"[0.3445904742281392, 0.8508004104108614]",2,-1
4261,[0.50825564 0.12402096],5,3,"[0.5044907196570393, 0.16230287856274858]",0,0
4262,[0.73508259 0.66165288],0,4,"[0.7285423500480827, 0.6073851354724864]",3,2
4263,[0.36607788 0.84432643],2,1,"[0.3445904742281392, 0.8508004104108614]",2,-1
4264,[0.28389702 0.72371924],1,9,"[0.2630806751638254, 0.7080875454644293]",2,9
4265,[0.81226178 0.48020481],4,2,"[0.8312266673252705, 0.4613441479074099]",4,7
4266,[0.17150943 0.70553654],8,7,"[0.17089520780330653, 0.7464713359575794]",2,8
4267,[0.64348599 0.64529309],0,-1,-1,3,2
4268,[0.54417315 0.17023008],5,3,"[0.5044907196570393, 0.16230287856274858]",0,0
4269,[0.44852685 0.55329634],9,-1,-1,2,-1
4270,[0.81521908 0.4639088 ],4,2,"[0.8312266673252705, 0.4613441479074099]",4,7
4271,[0.3966602  0.83585885],2,1,"[0.3445904742281392, 0.8508004104108614]",2,-1
4272,[0.785925   0.59417264],0,4,"[0.7285423500480827, 0.6073851354724864]",3,2
4273,[0.31287722 0.8302954 ],2,1,"[0.3445904742281392, 0.8508004104108614]",2,3
4274,[0.25813144 0.67581499],1,9,"[0.2630806751638254, 0.7080875454644293]",2,-1
4275,[0.82615238 0.35456611],7,6,"[0.7921949837838228, 0.3529120844654886]",4,-1
4276,[0.41921087 0.61376391],9,0,"[0.4297636102329726, 0.6357143141723958]",2,13
4277,[0.73413639 0.35104869],7,6,"[0.7921949837838228, 0.3529120844654886]",4,-1
4278,[0.79730488 0.35320884],7,6,"[0.7921949837838228, 0.3529120844654886]",4,6
4279,[0.18741373 0.75071417],1,7,"[0.17089520780330653, 0.7464713359575794]",2,8
4280,[0.18427717 0.51261186],3,-1,-1,1,1
4281,[0.11370691 0.70293663],8,-1,-1,2,-1
4282,[0.3289336  0.77482191],2,-1,-1,2,-1
4283,[0.08242885 0.45092105],3,5,"[0.12813625889338118, 0.45239712230086515]",1,1
4284,[0.27584952 0.73262603],1,9,"[0.2630806751638254, 0.7080875454644293]",2,9
4285,[0.7051548 0.6150027],0,4,"[0.7285423500480827, 0.6073851354724864]",3,2
4286,[0.44804363 0.14632789],5,3,"[0.5044907196570393, 0.16230287856274858]",0,0
4287,[0.35685457 0.63821219],9,8,"[0.36289448703783916, 0.7073371999105278]",2,-1
4288,[0.42935691 0.69804094],6,0,"[0.4297636102329726, 0.6357143141723958]",2,10
4289,[0.35901329 0.84183475],2,1,"[0.3445904742281392, 0.8508004104108614]",2,-1
4290,[0.38022576 0.88818369],2,1,"[0.3445904742281392, 0.8508004104108614]",2,-1
4291,[0.4912736  0.12371649],5,3,"[0.5044907196570393, 0.16230287856274858]",0,0
4292,[0.12210943 0.55546157],3,-1,-1,1,1
4293,[0.46091955 0.72547031],6,-1,-1,2,-1
4294,[0.07696118 0.50976943],3,-1,-1,1,1
4295,[0.8444785  0.43960166],4,2,"[0.8312266673252705, 0.4613441479074099]",4,-1
4296,[0.19817273 0.45323755],3,-1,-1,1,1
4297,[0.20257386 0.78258335],8,7,"[0.17089520780330653, 0.7464713359575794]",2,-1
4298,[0.79642195 0.37802513],7,6,"[0.7921949837838228, 0.3529120844654886]",4,6
4299,[0.15706654 0.83137806],8,-1,-1,2,-1
4300,[0.31598609 0.74742041],1,8,"[0.36289448703783916, 0.7073371999105278]",2,-1
4301,[0.35978624 0.64161075],6,8,"[0.36289448703783916, 0.7073371999105278]",2,-1
4302,[0.35137866 0.89723051],2,1,"[0.3445904742281392, 0.8508004104108614]",2,-1
4303,[0.18952128 0.74497007],8,7,"[0.17089520780330653, 0.7464713359575794]",2,8
4304,[0.74425058 0.61332905],0,4,"[0.7285423500480827, 0.6073851354724864]",3,2
4305,[0.44643601 0.13171474],5,3,"[0.5044907196570393, 0.16230287856274858]",0,0
4306,[0.37402602 0.86919945],2,1,"[0.3445904742281392, 0.8508004104108614]",2,-1
4307,[0.51616925 0.72355706],6,-1,-1,2,-1
4308,[0.46736429 0.54100947],9,-1,-1,2,-1
4309,[0.81831313 0.28283371],7,-1,-1,4,-1
4310,[0.76906225 0.60462299],0,4,"[0.7285423500480827, 0.6073851354724864]",3,2
4311,[0.21035519 0.66929242],8,9,"[0.2630806751638254, 0.7080875454644293]",2,-1
4312,[0.65377822 0.58697653],0,-1,-1,3,2
4313,[0.74208841 0.34732053],7,6,"[0.7921949837838228, 0.3529120844654886]",4,-1
4314,[0.20884901 0.78693948],8,7,"[0.17089520780330653, 0.7464713359575794]",2,-1
4315,[0.40696076 0.55493314],9,-1,-1,2,-1
4316,[0.19758928 0.76759901],8,7,"[0.17089520780330653, 0.7464713359575794]",2,-1
4317,[0.65658221 0.63589994],0,-1,-1,3,2
4318,[0.76221638 0.37266896],7,6,"[0.7921949837838228, 0.3529120844654886]",4,-1
4319,[0.78160729 0.42454603],4,2,"[0.8312266673252705, 0.4613441479074099]",4,-1
4320,[0.81182788 0.46143571],4,2,"[0.8312266673252705, 0.4613441479074099]",4,7
4321,[0.34951707 0.79017679],2,1,"[0.3445904742281392, 0.8508004104108614]",2,-1
4322,[0.78710102 0.34998346],7,6,"[0.7921949837838228, 0.3529120844654886]",4,6
4323,[0.44614357 0.54674394],9,-1,-1,2,-1
4324,[0.39622123 0.61588703],9,0,"[0.4297636102329726, 0.6357143141723958]",2,12
4325,[0.72535362 0.59474947],0,4,"[0.7285423500480827, 0.6073851354724864]",3,2
4326,[0.19197913 0.73135549],8,7,"[0.17089520780330653, 0.7464713359575794]",2,8
4327,[0.76966752 0.5742326 ],0,4,"[0.7285423500480827, 0.6073851354724864]",3,2
4328,[0.30330345 0.8439416 ],2,1,"[0.3445904742281392, 0.8508004104108614]",2,-1
4329,[0.77987301 0.2879789 ],7,6,"[0.7921949837838228, 0.3529120844654886]",4,-1
4330,[0.81576232 0.36112699],7,6,"[0.7921949837838228, 0.3529120844654886]",4,6
4331,[0.85607093 0.35632159],7,6,"[0.7921949837838228, 0.3529120844654886]",4,-1
4332,[0.88897988 0.49770191],4,2,"[0.8312266673252705, 0.4613441479074099]",4,-1
4333,[0.41046377 0.63548261],9,0,"[0.4297636102329726, 0.6357143141723958]",2,13
4334,[0.54655286 0.62821395],9,-1,-1,2,-1
4335,[0.90341766 0.51967351],4,-1,-1,4,-1
4336,[0.28759447 0.87406821],2,1,"[0.3445904742281392, 0.8508004104108614]",2,-1
4337,[0.19187115 0.41773481],3,-1,-1,1,1
4338,[0.37690607 0.74000567],6,8,"[0.36289448703783916, 0.7073371999105278]",2,-1
4339,[0.53529724 0.13519764],5,3,"[0.5044907196570393, 0.16230287856274858]",0,0
4340,[0.30811545 0.82105272],2,1,"[0.3445904742281392, 0.8508004104108614]",2,-1
4341,[0.27365151 0.67198063],1,9,"[0.2630806751638254, 0.7080875454644293]",2,-1
4342,[0.1489069  0.78635975],8,7,"[0.17089520780330653, 0.7464713359575794]",2,-1
4343,[0.41225267 0.62877259],9,0,"[0.4297636102329726, 0.6357143141723958]",2,13
4344,[0.32611097 0.81968306],2,1,"[0.3445904742281392, 0.8508004104108614]",2,3
4345,[0.7770481 0.4663244],4,2,"[0.8312266673252705, 0.4613441479074099]",4,-1
4346,[0.39279133 0.72024413],6,8,"[0.36289448703783916, 0.7073371999105278]",2,-1
4347,[0.76922868 0.32756473],7,6,"[0.7921949837838228, 0.3529120844654886]",4,-1
4348,[0.43391168 0.53188592],9,-1,-1,2,-1
4349,[0.7563925  0.37225591],7,6,"[0.7921949837838228, 0.3529120844654886]",4,-1
4350,[0.69555155 0.60949969],0,4,"[0.7285423500480827, 0.6073851354724864]",3,2
4351,[0.86568724 0.34594223],7,-1,-1,4,-1
4352,[0.44280802 0.67380502],6,0,"[0.4297636102329726, 0.6357143141723958]",2,10
4353,[0.7340536 0.5868192],0,4,"[0.7285423500480827, 0.6073851354724864]",3,2
4354,[0.42850413 0.62727739],6,0,"[0.4297636102329726, 0.6357143141723958]",2,13
4355,[0.76512292 0.33842773],7,6,"[0.7921949837838228, 0.3529120844654886]",4,-1
4356,[0.49560549 0.15752489],5,3,"[0.5044907196570393, 0.16230287856274858]",0,0
4357,[0.41384774 0.7442811 ],6,8,"[0.36289448703783916, 0.7073371999105278]",2,-1
4358,[0.11202881 0.40403822],3,5,"[0.12813625889338118, 0.45239712230086515]",1,1
4359,[0.35241515 0.62539125],1,-1,-1,2,-1
4360,[0.4302878  0.56345591],9,-1,-1,2,-1
4361,[0.22804974 0.7861395 ],1,7,"[0.17089520780330653, 0.7464713359575794]",2,-1
4362,[0.51527783 0.13696722],5,3,"[0.5044907196570393, 0.16230287856274858]",0,0
4363,[0.15140514 0.44417623],3,5,"[0.12813625889338118, 0.45239712230086515]",1,1
4364,[0.38407092 0.84898422],2,1,"[0.3445904742281392, 0.8508004104108614]",2,-1
4365,[0.90360439 0.46439058],4,-1,-1,4,-1
4366,[0.29402402 0.62131796],1,-1,-1,2,-1
4367,[0.18012845 0.42535051],3,5,"[0.12813625889338118, 0.45239712230086515]",1,1
4368,[0.75899471 0.62874295],0,4,"[0.7285423500480827, 0.6073851354724864]",3,2
4369,[0.76490088 0.30446648],7,6,"[0.7921949837838228, 0.3529120844654886]",4,-1
4370,[0.09963354 0.42473349],3,5,"[0.12813625889338118, 0.45239712230086515]",1,1
4371,[0.26442194 0.73083555],1,9,"[0.2630806751638254, 0.7080875454644293]",2,-1
4372,[0.17149425 0.77809923],8,7,"[0.17089520780330653, 0.7464713359575794]",2,-1
4373,[0.21556136 0.79595654],8,7,"[0.17089520780330653, 0.7464713359575794]",2,-1
4374,[0.53576658 0.16372367],5,3,"[0.5044907196570393, 0.16230287856274858]",0,0
4375,[0.40667339 0.60614619],6,0,"[0.4297636102329726, 0.6357143141723958]",2,-1
4376,[0.15173714 0.71725158],8,7,"[0.17089520780330653, 0.7464713359575794]",2,-1
4377,[0.29746993 0.70793199],1,9,"[0.2630806751638254, 0.7080875454644293]",2,9
4378,[0.49587245 0.65733377],6,0,"[0.4297636102329726, 0.6357143141723958]",2,-1
4379,[0.34546692 0.7253489 ],1,8,"[0.36289448703783916, 0.7073371999105278]",2,-1
4380,[0.66865435 0.60622338],0,4,"[0.7285423500480827, 0.6073851354724864]",3,2
4381,[0.46772378 0.67195247],6,0,"[0.4297636102329726, 0.6357143141723958]",2,-1
4382,[0.32983054 0.74808515],1,8,"[0.36289448703783916, 0.7073371999105278]",2,-1
4383,[0.7127277  0.58554077],0,4,"[0.7285423500480827, 0.6073851354724864]",3,2
4384,[0.78334831 0.284816  ],7,6,"[0.7921949837838228, 0.3529120844654886]",4,-1
4385,[0.37210446 0.87663338],2,1,"[0.3445904742281392, 0.8508004104108614]",2,-1
4386,[0.44152726 0.64509977],6,0,"[0.4297636102329726, 0.6357143141723958]",2,10
4387,[0.20740553 0.75650695],8,7,"[0.17089520780330653, 0.7464713359575794]",2,8
4388,[0.4253322  0.63132155],9,0,"[0.4297636102329726, 0.6357143141723958]",2,-1
4389,[0.77238922 0.57997815],0,4,"[0.7285423500480827, 0.6073851354724864]",3,2
4390,[0.79952104 0.37011824],7,6,"[0.7921949837838228, 0.3529120844654886]",4,6
4391,[0.78864138 0.42454855],4,2,"[0.8312266673252705, 0.4613441479074099]",4,-1
4392,[0.69695801 0.5943364 ],0,4,"[0.7285423500480827, 0.6073851354724864]",3,2
4393,[0.33144705 0.63916426],9,-1,-1,2,-1
4394,[0.47720684 0.2277256 ],5,-1,-1,0,0
4395,[0.40442241 0.64131833],9,0,"[0.4297636102329726, 0.6357143141723958]",2,-1
4396,[0.33288587 0.67279291],1,8,"[0.36289448703783916, 0.7073371999105278]",2,-1
4397,[0.2929056  0.72097941],1,9,"[0.2630806751638254, 0.7080875454644293]",2,9
4398,[0.36901432 0.6239728 ],9,0,"[0.4297636102329726, 0.6357143141723958]",2,-1
4399,[0.32480311 0.61449305],1,-1,-1,2,-1
4400,[0.14569216 0.41236399],3,5,"[0.12813625889338118, 0.45239712230086515]",1,1
4401,[0.57360145 0.22024491],5,-1,-1,0,0
4402,[0.28567048 0.65362495],1,9,"[0.2630806751638254, 0.7080875454644293]",2,-1
4403,[0.13286944 0.48218891],3,5,"[0.12813625889338118, 0.45239712230086515]",1,1
4404,[0.19512183 0.63039944],8,-1,-1,2,-1
4405,[0.10734098 0.7907815 ],8,-1,-1,2,-1
4406,[0.8052564  0.36536136],7,6,"[0.7921949837838228, 0.3529120844654886]",4,6
4407,[0.32986312 0.76417415],1,8,"[0.36289448703783916, 0.7073371999105278]",2,-1
4408,[0.32794193 0.67825953],1,8,"[0.36289448703783916, 0.7073371999105278]",2,-1
4409,[0.36169251 0.13753667],5,-1,-1,0,0
4410,[0.18975216 0.80004117],8,7,"[0.17089520780330653, 0.7464713359575794]",2,-1
4411,[0.37912138 0.82014017],2,1,"[0.3445904742281392, 0.8508004104108614]",2,-1
4412,[0.18464694 0.7565129 ],8,7,"[0.17089520780330653, 0.7464713359575794]",2,8
4413,[0.82641727 0.52218316],4,2,"[0.8312266673252705, 0.4613441479074099]",4,-1
4414,[0.75854477 0.57478312],0,4,"[0.7285423500480827, 0.6073851354724864]",3,2
4415,[0.89591767 0.39109589],7,-1,-1,4,-1
4416,[0.82458806 0.30953338],7,6,"[0.7921949837838228, 0.3529120844654886]",4,-1
4417,[0.13230154 0.47511185],3,5,"[0.12813625889338118, 0.45239712230086515]",1,1
4418,[0.29311455 0.71281395],1,9,"[0.2630806751638254, 0.7080875454644293]",2,9
4419,[0.79086067 0.40598917],4,6,"[0.7921949837838228, 0.3529120844654886]",4,-1
4420,[0.8230125  0.43004957],7,2,"[0.8312266673252705, 0.4613441479074099]",4,7
4421,[0.39185114 0.64739245],6,0,"[0.4297636102329726, 0.6357143141723958]",2,-1
4422,[0.56910629 0.13924322],5,3,"[0.5044907196570393, 0.16230287856274858]",0,0
4423,[0.48205474 0.51583548],9,-1,-1,2,-1
4424,[0.70877395 0.62504863],0,4,"[0.7285423500480827, 0.6073851354724864]",3,2
4425,[0.50428215 0.63784514],9,-1,-1,2,-1
4426,[0.52078681 0.16348807],5,3,"[0.5044907196570393, 0.16230287856274858]",0,0
4427,[0.35498229 0.87756983],2,1,"[0.3445904742281392, 0.8508004104108614]",2,-1
4428,[0.4461934  0.16968798],5,3,"[0.5044907196570393, 0.16230287856274858]",0,0
4429,[0.59179153 0.20042111],5,-1,-1,0,0
4430,[0.31766969 0.85646823],2,1,"[0.3445904742281392, 0.8508004104108614]",2,-1
4431,[0.44746443 0.60517434],9,0,"[0.4297636102329726, 0.6357143141723958]",2,-1
4432,[0.33534109 0.79120219],2,1,"[0.3445904742281392, 0.8508004104108614]",2,-1
4433,[0.15690076 0.76244737],8,7,"[0.17089520780330653, 0.7464713359575794]",2,8
4434,[0.33726685 0.66862719],6,8,"[0.36289448703783916, 0.7073371999105278]",2,-1
4435,[0.78016593 0.562986  ],0,4,"[0.7285423500480827, 0.6073851354724864]",3,2
4436,[0.82388741 0.41154896],4,2,"[0.8312266673252705, 0.4613441479074099]",4,-1
4437,[0.77988575 0.36980937],7,6,"[0.7921949837838228, 0.3529120844654886]",4,-1
4438,[0.16909681 0.4547751 ],3,5,"[0.12813625889338118, 0.45239712230086515]",1,1
4439,[0.80160235 0.30919061],7,6,"[0.7921949837838228, 0.3529120844654886]",4,-1
4440,[0.43551286 0.69178721],6,0,"[0.4297636102329726, 0.6357143141723958]",2,10
4441,[0.57082483 0.27693327],5,-1,-1,0,0
4442,[0.34193161 0.89610179],2,1,"[0.3445904742281392, 0.8508004104108614]",2,-1
4443,[0.44588961 0.64768596],6,0,"[0.4297636102329726, 0.6357143141723958]",2,-1
4444,[0.21179273 0.71754897],8,7,"[0.17089520780330653, 0.7464713359575794]",2,-1
4445,[0.38927542 0.62920898],6,0,"[0.4297636102329726, 0.6357143141723958]",2,-1
4446,[0.33556287 0.72316065],1,8,"[0.36289448703783916, 0.7073371999105278]",2,9
4447,[0.47703203 0.68362982],6,0,"[0.4297636102329726, 0.6357143141723958]",2,-1
4448,[0.80830088 0.38364159],7,6,"[0.7921949837838228, 0.3529120844654886]",4,6
4449,[0.74672488 0.47637692],4,-1,-1,4,-1
4450,[0.3408724  0.86522729],2,1,"[0.3445904742281392, 0.8508004104108614]",2,5
4451,[0.22508147 0.68284064],1,9,"[0.2630806751638254, 0.7080875454644293]",2,-1
4452,[0.81075884 0.37829548],7,6,"[0.7921949837838228, 0.3529120844654886]",4,6
4453,[0.13675532 0.74357373],8,7,"[0.17089520780330653, 0.7464713359575794]",2,-1
4454,[0.79025241 0.44858111],4,2,"[0.8312266673252705, 0.4613441479074099]",4,-1
4455,[0.37273171 0.60480468],9,0,"[0.4297636102329726, 0.6357143141723958]",2,-1
4456,[0.78306619 0.37125905],7,6,"[0.7921949837838228, 0.3529120844654886]",4,-1
4457,[0.37266032 0.84815429],2,1,"[0.3445904742281392, 0.8508004104108614]",2,5
4458,[0.87328285 0.45191609],4,2,"[0.8312266673252705, 0.4613441479074099]",4,-1
4459,[0.10356919 0.44743232],3,5,"[0.12813625889338118, 0.45239712230086515]",1,1
4460,[0.23491742 0.66618504],1,9,"[0.2630806751638254, 0.7080875454644293]",2,-1
4461,[0.08556192 0.52981808],3,-1,-1,1,1
4462,[0.77921323 0.405433  ],7,6,"[0.7921949837838228, 0.3529120844654886]",4,-1
4463,[0.37692655 0.86455834],2,1,"[0.3445904742281392, 0.8508004104108614]",2,5
4464,[0.16610942 0.44464794],3,5,"[0.12813625889338118, 0.45239712230086515]",1,1
4465,[0.14936645 0.78118673],8,7,"[0.17089520780330653, 0.7464713359575794]",2,-1
4466,[0.54203263 0.140272  ],5,3,"[0.5044907196570393, 0.16230287856274858]",0,0
4467,[0.78615081 0.32675938],7,6,"[0.7921949837838228, 0.3529120844654886]",4,-1
4468,[0.70479065 0.62802041],0,4,"[0.7285423500480827, 0.6073851354724864]",3,2
4469,[0.69543439 0.55804477],0,4,"[0.7285423500480827, 0.6073851354724864]",3,2
4470,[0.4517166  0.60670438],9,0,"[0.4297636102329726, 0.6357143141723958]",2,-1
4471,[0.73397412 0.28418002],7,-1,-1,4,-1
4472,[0.41933065 0.90656332],2,-1,-1,2,-1
4473,[0.37208491 0.85604874],2,1,"[0.3445904742281392, 0.8508004104108614]",2,5
4474,[0.77881438 0.47881489],4,2,"[0.8312266673252705, 0.4613441479074099]",4,-1
4475,[0.80575296 0.2419276 ],7,-1,-1,-1,-1
4476,[0.36061999 0.6195861 ],9,-1,-1,2,-1
4477,[0.7008168  0.60340905],0,4,"[0.7285423500480827, 0.6073851354724864]",3,2
4478,[0.15899878 0.42601555],3,5,"[0.12813625889338118, 0.45239712230086515]",1,1
4479,[0.76434693 0.46638081],4,2,"[0.8312266673252705, 0.4613441479074099]",4,-1
4480,[0.43820436 0.7525752 ],6,-1,-1,2,-1
4481,[0.37650056 0.8565239 ],2,1,"[0.3445904742281392, 0.8508004104108614]",2,5
4482,[0.32322103 0.75737739],1,8,"[0.36289448703783916, 0.7073371999105278]",2,-1
4483,[0.32706522 0.82903733],2,1,"[0.3445904742281392, 0.8508004104108614]",2,-1
4484,[0.80974729 0.43638471],4,2,"[0.8312266673252705, 0.4613441479074099]",4,-1
4485,[0.20043888 0.7722613 ],8,7,"[0.17089520780330653, 0.7464713359575794]",2,-1
4486,[0.14785633 0.44164923],3,5,"[0.12813625889338118, 0.45239712230086515]",1,1
4487,[0.48850041 0.23649307],5,-1,-1,0,0
4488,[0.42639698 0.78360353],6,-1,-1,2,-1
4489,[0.8295848  0.46443471],4,2,"[0.8312266673252705, 0.4613441479074099]",4,7
4490,[0.16781224 0.47457972],3,5,"[0.12813625889338118, 0.45239712230086515]",1,1
4491,[0.80944098 0.41300918],4,2,"[0.8312266673252705, 0.4613441479074099]",4,-1
4492,[0.81374451 0.33941821],7,6,"[0.7921949837838228, 0.3529120844654886]",4,-1
4493,[0.43093256 0.13716191],5,-1,-1,0,0
4494,[0.30479518 0.77712023],1,-1,-1,2,-1
4495,[0.29905801 0.68133932],1,9,"[0.2630806751638254, 0.7080875454644293]",2,9
4496,[0.1284411  0.45055032],3,5,"[0.12813625889338118, 0.45239712230086515]",1,1
4497,[0.29675575 0.77222257],2,-1,-1,2,-1
4498,[0.5150603 0.2250036],5,3,"[0.5044907196570393, 0.16230287856274858]",0,0
4499,[0.41382222 0.6599929 ],6,0,"[0.4297636102329726, 0.6357143141723958]",2,-1
4500,[0.34699896 0.84689554],2,1,"[0.3445904742281392, 0.8508004104108614]",2,-1
4501,[0.82584588 0.53307396],4,-1,-1,4,-1
4502,[0.21394384 0.84035932],8,-1,-1,2,-1
4503,[0.35320266 0.76581543],1,8,"[0.36289448703783916, 0.7073371999105278]",2,-1
4504,[0.17235094 0.42953579],3,5,"[0.12813625889338118, 0.45239712230086515]",1,1
4505,[0.40875539 0.59583261],9,0,"[0.4297636102329726, 0.6357143141723958]",2,-1
4506,[0.29176367 0.84723686],2,1,"[0.3445904742281392, 0.8508004104108614]",2,-1
4507,[0.45284376 0.18509499],5,3,"[0.5044907196570393, 0.16230287856274858]",0,0
4508,[0.51271504 0.1407062 ],5,3,"[0.5044907196570393, 0.16230287856274858]",0,0
4509,[0.20362455 0.72796503],8,7,"[0.17089520780330653, 0.7464713359575794]",2,8
4510,[0.42756759 0.58462042],9,0,"[0.4297636102329726, 0.6357143141723958]",2,11
4511,[0.81931544 0.30299555],7,6,"[0.7921949837838228, 0.3529120844654886]",4,-1
4512,[0.32192215 0.81640435],2,1,"[0.3445904742281392, 0.8508004104108614]",2,3
4513,[0.4175604 0.6051532],9,0,"[0.4297636102329726, 0.6357143141723958]",2,-1
4514,[0.55042145 0.07955288],5,-1,-1,0,0
4515,[0.17048059 0.40534815],3,5,"[0.12813625889338118, 0.45239712230086515]",1,1
4516,[0.15234734 0.43249056],3,5,"[0.12813625889338118, 0.45239712230086515]",1,1
4517,[0.42339431 0.19953924],5,-1,-1,0,0
4518,[0.86335926 0.37575959],7,-1,-1,4,-1
4519,[0.1486245  0.52409158],3,-1,-1,1,1
4520,[0.83777796 0.35612646],7,6,"[0.7921949837838228, 0.3529120844654886]",4,-1
4521,[0.41485663 0.73279146],6,8,"[0.36289448703783916, 0.7073371999105278]",2,-1
4522,[0.16046631 0.39681767],3,5,"[0.12813625889338118, 0.45239712230086515]",1,1
4523,[0.4363261  0.71098609],6,-1,-1,2,10
4524,[0.73580132 0.64560845],0,4,"[0.7285423500480827, 0.6073851354724864]",3,2
4525,[0.37911952 0.89304998],2,1,"[0.3445904742281392, 0.8508004104108614]",2,-1
4526,[0.54366024 0.09979424],5,-1,-1,0,0
4527,[0.61114595 0.16955436],5,-1,-1,0,0
4528,[0.82564599 0.34992719],7,6,"[0.7921949837838228, 0.3529120844654886]",4,-1
4529,[0.72194695 0.30783211],7,-1,-1,4,-1
4530,[0.30411971 0.68269634],1,9,"[0.2630806751638254, 0.7080875454644293]",2,9
4531,[0.6950855  0.67876983],0,-1,-1,3,2
4532,[0.25283048 0.77309171],8,9,"[0.2630806751638254, 0.7080875454644293]",2,-1
4533,[0.07590551 0.4105919 ],3,5,"[0.12813625889338118, 0.45239712230086515]",1,1
4534,[0.37161445 0.71828977],1,8,"[0.36289448703783916, 0.7073371999105278]",2,-1
4535,[0.83160375 0.3946455 ],4,6,"[0.7921949837838228, 0.3529120844654886]",4,-1
4536,[0.32225223 0.80873653],2,1,"[0.3445904742281392, 0.8508004104108614]",2,3
4537,[0.85607518 0.49120232],4,2,"[0.8312266673252705, 0.4613441479074099]",4,-1
4538,[0.37541269 0.72867393],2,8,"[0.36289448703783916, 0.7073371999105278]",2,-1
4539,[0.4532467  0.66775978],6,0,"[0.4297636102329726, 0.6357143141723958]",2,-1
4540,[0.09598961 0.46818617],3,5,"[0.12813625889338118, 0.45239712230086515]",1,1
4541,[0.75880046 0.34431817],7,6,"[0.7921949837838228, 0.3529120844654886]",4,-1
4542,[0.20784455 0.43430564],3,-1,-1,1,1
4543,[0.21629793 0.70865527],8,9,"[0.2630806751638254, 0.7080875454644293]",2,-1
4544,[0.4167197  0.52688333],9,-1,-1,2,-1
4545,[0.79622267 0.36911295],7,6,"[0.7921949837838228, 0.3529120844654886]",4,6
4546,[0.76558635 0.5274278 ],0,-1,-1,3,2
4547,[0.90174447 0.37218739],7,-1,-1,4,-1
4548,[0.76540801 0.26234659],7,-1,-1,4,-1
4549,[0.4632595  0.20235233],5,3,"[0.5044907196570393, 0.16230287856274858]",0,0
4550,[0.13668017 0.75471903],8,7,"[0.17089520780330653, 0.7464713359575794]",2,-1
4551,[0.43245564 0.57934925],9,0,"[0.4297636102329726, 0.6357143141723958]",2,11
4552,[0.33205317 0.69197591],1,8,"[0.36289448703783916, 0.7073371999105278]",2,9
4553,[0.38685641 0.65968688],9,0,"[0.4297636102329726, 0.6357143141723958]",2,-1
4554,[0.12024401 0.762614  ],8,7,"[0.17089520780330653, 0.7464713359575794]",2,-1
4555,[0.09179852 0.44532554],3,5,"[0.12813625889338118, 0.45239712230086515]",1,1
4556,[0.48550584 0.7329882 ],6,-1,-1,2,-1
4557,[0.32719268 0.77314003],1,-1,-1,2,-1
4558,[0.80138935 0.34924871],7,6,"[0.7921949837838228, 0.3529120844654886]",4,6
4559,[0.39285548 0.66105023],6,0,"[0.4297636102329726, 0.6357143141723958]",2,-1
4560,[0.39920986 0.75550411],6,8,"[0.36289448703783916, 0.7073371999105278]",2,-1
4561,[0.30430378 0.7386233 ],1,9,"[0.2630806751638254, 0.7080875454644293]",2,-1
4562,[0.79073942 0.36720793],7,6,"[0.7921949837838228, 0.3529120844654886]",4,6
4563,[0.86487629 0.41836754],4,2,"[0.8312266673252705, 0.4613441479074099]",4,-1
4564,[0.40670598 0.17526811],5,-1,-1,0,0
4565,[0.31275003 0.81622666],2,1,"[0.3445904742281392, 0.8508004104108614]",2,-1
4566,[0.33933938 0.92248372],2,-1,-1,2,-1
4567,[0.47411953 0.60507661],6,0,"[0.4297636102329726, 0.6357143141723958]",2,-1
4568,[0.110676   0.40701316],3,5,"[0.12813625889338118, 0.45239712230086515]",1,1
4569,[0.42135754 0.62888208],9,0,"[0.4297636102329726, 0.6357143141723958]",2,-1
4570,[0.12470952 0.45069029],3,5,"[0.12813625889338118, 0.45239712230086515]",1,1
4571,[0.74079478 0.65342123],0,4,"[0.7285423500480827, 0.6073851354724864]",3,2
4572,[0.85642346 0.48197274],4,2,"[0.8312266673252705, 0.4613441479074099]",4,-1
4573,[0.32820079 0.70595836],1,8,"[0.36289448703783916, 0.7073371999105278]",2,9
4574,[0.07834018 0.63874016],8,-1,-1,2,-1
4575,[0.45313483 0.70393357],6,-1,-1,2,10
4576,[0.37052411 0.63759464],9,0,"[0.4297636102329726, 0.6357143141723958]",2,-1
4577,[0.81891244 0.38881372],4,6,"[0.7921949837838228, 0.3529120844654886]",4,-1
4578,[0.76493687 0.59797873],0,4,"[0.7285423500480827, 0.6073851354724864]",3,2
4579,[0.85225048 0.39531884],4,2,"[0.8312266673252705, 0.4613441479074099]",4,-1
4580,[0.79089241 0.41242348],4,6,"[0.7921949837838228, 0.3529120844654886]",4,-1
4581,[0.65982394 0.70377956],0,-1,-1,3,2
4582,[0.75754378 0.3413716 ],7,6,"[0.7921949837838228, 0.3529120844654886]",4,-1
4583,[0.18211897 0.40746827],3,-1,-1,1,1
4584,[0.43476233 0.58924159],9,0,"[0.4297636102329726, 0.6357143141723958]",2,11
4585,[0.12962203 0.72791713],8,7,"[0.17089520780330653, 0.7464713359575794]",2,-1
4586,[0.37761462 0.81026562],2,1,"[0.3445904742281392, 0.8508004104108614]",2,-1
4587,[0.52412947 0.20344489],5,3,"[0.5044907196570393, 0.16230287856274858]",0,0
4588,[0.38872018 0.55398514],9,-1,-1,2,-1
4589,[0.32721872 0.84290131],2,1,"[0.3445904742281392, 0.8508004104108614]",2,-1
4590,[0.33797676 0.80672823],2,1,"[0.3445904742281392, 0.8508004104108614]",2,-1
4591,[0.82965386 0.38490284],4,6,"[0.7921949837838228, 0.3529120844654886]",4,-1
4592,[0.19413897 0.80658302],8,7,"[0.17089520780330653, 0.7464713359575794]",2,-1
4593,[0.43495355 0.7212691 ],6,-1,-1,2,10
4594,[0.14222405 0.48979789],3,5,"[0.12813625889338118, 0.45239712230086515]",1,1
4595,[0.37832914 0.83489395],2,1,"[0.3445904742281392, 0.8508004104108614]",2,-1
4596,[0.41131421 0.66371608],9,0,"[0.4297636102329726, 0.6357143141723958]",2,10
4597,[0.29125214 0.82494282],2,1,"[0.3445904742281392, 0.8508004104108614]",2,-1
4598,[0.45714124 0.59648263],6,0,"[0.4297636102329726, 0.6357143141723958]",2,-1
4599,[0.11338283 0.70784862],8,7,"[0.17089520780330653, 0.7464713359575794]",2,-1
4600,[0.53991806 0.19090206],5,3,"[0.5044907196570393, 0.16230287856274858]",0,0
4601,[0.17586198 0.7294805 ],8,7,"[0.17089520780330653, 0.7464713359575794]",2,8
4602,[0.75980595 0.30864562],7,6,"[0.7921949837838228, 0.3529120844654886]",4,-1
4603,[0.35774011 0.82045288],2,1,"[0.3445904742281392, 0.8508004104108614]",2,4
4604,[0.11607178 0.78462689],8,7,"[0.17089520780330653, 0.7464713359575794]",2,-1
4605,[0.79597578 0.331206  ],7,6,"[0.7921949837838228, 0.3529120844654886]",4,-1
4606,[0.37691309 0.77225066],2,8,"[0.36289448703783916, 0.7073371999105278]",2,-1
4607,[0.52607406 0.1324484 ],5,3,"[0.5044907196570393, 0.16230287856274858]",0,0
4608,[0.14599803 0.79673471],8,7,"[0.17089520780330653, 0.7464713359575794]",2,-1
4609,[0.24362354 0.69467835],1,9,"[0.2630806751638254, 0.7080875454644293]",2,-1
4610,[0.20440792 0.74414786],8,7,"[0.17089520780330653, 0.7464713359575794]",2,8
4611,[0.36925301 0.63155271],9,0,"[0.4297636102329726, 0.6357143141723958]",2,-1
4612,[0.68852852 0.52775432],0,-1,-1,3,2
4613,[0.15483469 0.76688054],8,7,"[0.17089520780330653, 0.7464713359575794]",2,8
4614,[0.41296287 0.68702595],6,0,"[0.4297636102329726, 0.6357143141723958]",2,10
4615,[0.2971346  0.67119021],1,9,"[0.2630806751638254, 0.7080875454644293]",2,9
4616,[0.09080537 0.52658879],3,-1,-1,1,1
4617,[0.94152547 0.57229126],4,-1,-1,-1,-1
4618,[0.42599798 0.57350355],9,0,"[0.4297636102329726, 0.6357143141723958]",2,-1
4619,[0.39587638 0.5899139 ],9,0,"[0.4297636102329726, 0.6357143141723958]",2,-1
4620,[0.35121448 0.78281202],2,1,"[0.3445904742281392, 0.8508004104108614]",2,-1
4621,[0.38405001 0.54925934],9,-1,-1,2,-1
4622,[0.30830326 0.87641814],2,1,"[0.3445904742281392, 0.8508004104108614]",2,-1
4623,[0.18399215 0.70454895],8,7,"[0.17089520780330653, 0.7464713359575794]",2,-1
4624,[0.16869833 0.41369786],3,5,"[0.12813625889338118, 0.45239712230086515]",1,1
4625,[0.19214158 0.39003874],3,-1,-1,1,1
4626,[0.35040982 0.81171842],2,1,"[0.3445904742281392, 0.8508004104108614]",2,4
4627,[0.50428621 0.62585697],9,-1,-1,2,-1
4628,[0.39491428 0.86477015],2,1,"[0.3445904742281392, 0.8508004104108614]",2,-1
4629,[0.24039292 0.82166996],8,-1,-1,2,-1
4630,[0.45641574 0.73081433],6,-1,-1,2,-1
4631,[0.21400676 0.80783363],8,-1,-1,2,-1
4632,[0.10983076 0.81078255],8,-1,-1,2,-1
4633,[0.79371519 0.44321757],4,2,"[0.8312266673252705, 0.4613441479074099]",4,-1
4634,[0.81380427 0.33726811],7,6,"[0.7921949837838228, 0.3529120844654886]",4,-1
4635,[0.80101409 0.41889511],7,2,"[0.8312266673252705, 0.4613441479074099]",4,-1
4636,[0.77163603 0.40158   ],7,6,"[0.7921949837838228, 0.3529120844654886]",4,-1
4637,[0.44108918 0.59323478],9,0,"[0.4297636102329726, 0.6357143141723958]",2,11
4638,[0.40833339 0.68171792],6,0,"[0.4297636102329726, 0.6357143141723958]",2,10
4639,[0.76510611 0.30883558],7,6,"[0.7921949837838228, 0.3529120844654886]",4,-1
4640,[0.69590262 0.38223006],7,-1,-1,4,-1
4641,[0.11548521 0.50112741],3,5,"[0.12813625889338118, 0.45239712230086515]",1,1
4642,[0.36603208 0.55985452],9,-1,-1,2,-1
4643,[0.3193159  0.56583181],9,-1,-1,2,-1
4644,[0.51701084 0.06922519],5,-1,-1,0,0
4645,[0.12193835 0.48030253],3,5,"[0.12813625889338118, 0.45239712230086515]",1,1
4646,[0.3549883  0.68707508],1,8,"[0.36289448703783916, 0.7073371999105278]",2,-1
4647,[0.85074333 0.37869623],7,6,"[0.7921949837838228, 0.3529120844654886]",4,-1
4648,[0.3052584  0.73659216],1,9,"[0.2630806751638254, 0.7080875454644293]",2,-1
4649,[0.84964866 0.41094509],4,2,"[0.8312266673252705, 0.4613441479074099]",4,-1
4650,[0.38902372 0.61723983],9,0,"[0.4297636102329726, 0.6357143141723958]",2,12
4651,[0.38428081 0.17999068],5,-1,-1,0,0
4652,[0.36513208 0.82293539],2,1,"[0.3445904742281392, 0.8508004104108614]",2,4
4653,[0.25028257 0.66751526],1,9,"[0.2630806751638254, 0.7080875454644293]",2,-1
4654,[0.23884393 0.77452444],8,-1,-1,2,-1
4655,[0.09940982 0.35624275],3,-1,-1,1,1
4656,[0.50133661 0.16216719],5,3,"[0.5044907196570393, 0.16230287856274858]",0,0
4657,[0.77955901 0.4222768 ],4,2,"[0.8312266673252705, 0.4613441479074099]",4,-1
4658,[0.52639664 0.09318825],5,-1,-1,0,0
4659,[0.70604486 0.5288403 ],0,-1,-1,3,2
4660,[0.71770858 0.38103859],7,-1,-1,4,-1
4661,[0.40393109 0.66088662],6,0,"[0.4297636102329726, 0.6357143141723958]",2,10
4662,[0.19446108 0.71090793],8,7,"[0.17089520780330653, 0.7464713359575794]",2,-1
4663,[0.41919391 0.82739555],2,-1,-1,2,-1
4664,[0.3183948 0.6918063],1,8,"[0.36289448703783916, 0.7073371999105278]",2,9
4665,[0.74751379 0.63801058],0,4,"[0.7285423500480827, 0.6073851354724864]",3,2
4666,[0.50771951 0.71129052],6,-1,-1,2,-1
4667,[0.13212936 0.48383477],3,5,"[0.12813625889338118, 0.45239712230086515]",1,1
4668,[0.77231868 0.61616955],0,4,"[0.7285423500480827, 0.6073851354724864]",3,2
4669,[0.40484721 0.79033494],2,-1,-1,2,-1
4670,[0.3548955  0.59470583],9,-1,-1,2,-1
4671,[0.72224713 0.59914653],0,4,"[0.7285423500480827, 0.6073851354724864]",3,2
4672,[0.75487097 0.51662458],0,-1,-1,3,2
4673,[0.52811293 0.19384677],5,3,"[0.5044907196570393, 0.16230287856274858]",0,0
4674,[0.4270347  0.23407879],5,-1,-1,0,0
4675,[0.75738704 0.3247406 ],7,6,"[0.7921949837838228, 0.3529120844654886]",4,-1
4676,[0.69475361 0.60478573],0,4,"[0.7285423500480827, 0.6073851354724864]",3,2
4677,[0.37295963 0.82032995],2,1,"[0.3445904742281392, 0.8508004104108614]",2,-1
4678,[0.32198402 0.83186277],2,1,"[0.3445904742281392, 0.8508004104108614]",2,-1
4679,[0.25479812 0.67907436],1,9,"[0.2630806751638254, 0.7080875454644293]",2,-1
4680,[0.35270736 0.90520037],2,1,"[0.3445904742281392, 0.8508004104108614]",2,-1
4681,[0.27557737 0.85998306],2,1,"[0.3445904742281392, 0.8508004104108614]",2,-1
4682,[0.18151455 0.47118728],3,5,"[0.12813625889338118, 0.45239712230086515]",1,1
4683,[0.34829371 0.64964043],1,8,"[0.36289448703783916, 0.7073371999105278]",2,-1
4684,[0.83355018 0.4112228 ],7,2,"[0.8312266673252705, 0.4613441479074099]",4,-1
4685,[0.43031974 0.6407487 ],6,0,"[0.4297636102329726, 0.6357143141723958]",2,-1
4686,[0.18823499 0.67690319],8,-1,-1,2,-1
4687,[0.50022719 0.16753617],5,3,"[0.5044907196570393, 0.16230287856274858]",0,0
4688,[0.29485006 0.68813517],1,9,"[0.2630806751638254, 0.7080875454644293]",2,9
4689,[0.8054993  0.32110704],7,6,"[0.7921949837838228, 0.3529120844654886]",4,-1
4690,[0.44981975 0.664007  ],6,0,"[0.4297636102329726, 0.6357143141723958]",2,10
4691,[0.86416391 0.52129501],4,2,"[0.8312266673252705, 0.4613441479074099]",4,-1
4692,[0.30687295 0.90059575],2,1,"[0.3445904742281392, 0.8508004104108614]",2,-1
4693,[0.67021377 0.69439658],0,-1,-1,3,2
4694,[0.51474413 0.17701033],5,3,"[0.5044907196570393, 0.16230287856274858]",0,0
4695,[0.10690597 0.74842217],8,7,"[0.17089520780330653, 0.7464713359575794]",2,-1
4696,[0.37042943 0.87202212],2,1,"[0.3445904742281392, 0.8508004104108614]",2,-1
4697,[0.40867649 0.65667006],6,0,"[0.4297636102329726, 0.6357143141723958]",2,10
4698,[0.46345375 0.1580961 ],5,3,"[0.5044907196570393, 0.16230287856274858]",0,0
4699,[0.35154267 0.85012246],2,1,"[0.3445904742281392, 0.8508004104108614]",2,5
4700,[0.41723922 0.71165792],6,8,"[0.36289448703783916, 0.7073371999105278]",2,10
4701,[0.14645648 0.50072254],3,5,"[0.12813625889338118, 0.45239712230086515]",1,1
4702,[0.16188759 0.41109405],3,5,"[0.12813625889338118, 0.45239712230086515]",1,1
4703,[0.18569473 0.77319287],8,7,"[0.17089520780330653, 0.7464713359575794]",2,8
4704,[0.82412316 0.44819701],4,2,"[0.8312266673252705, 0.4613441479074099]",4,-1
4705,[0.22759049 0.74968705],8,9,"[0.2630806751638254, 0.7080875454644293]",2,-1
4706,[0.84581214 0.40864787],4,2,"[0.8312266673252705, 0.4613441479074099]",4,-1
4707,[0.88339149 0.48403553],4,2,"[0.8312266673252705, 0.4613441479074099]",4,-1
4708,[0.7273596  0.58505955],0,4,"[0.7285423500480827, 0.6073851354724864]",3,2
4709,[0.17257909 0.5064586 ],3,5,"[0.12813625889338118, 0.45239712230086515]",1,1
4710,[0.36101101 0.83013415],2,1,"[0.3445904742281392, 0.8508004104108614]",2,-1
4711,[0.35251164 0.78749895],2,1,"[0.3445904742281392, 0.8508004104108614]",2,-1
4712,[0.48645231 0.70415712],6,-1,-1,2,-1
4713,[0.81500803 0.43139763],7,2,"[0.8312266673252705, 0.4613441479074099]",4,7
4714,[0.84294422 0.48343429],4,2,"[0.8312266673252705, 0.4613441479074099]",4,-1
4715,[0.4340392  0.76018712],6,-1,-1,2,-1
4716,[0.76863525 0.37550794],7,6,"[0.7921949837838228, 0.3529120844654886]",4,-1
4717,[0.23464374 0.71842145],1,9,"[0.2630806751638254, 0.7080875454644293]",2,-1
4718,[0.45874169 0.62972902],6,0,"[0.4297636102329726, 0.6357143141723958]",2,-1
4719,[0.12780996 0.47812057],3,5,"[0.12813625889338118, 0.45239712230086515]",1,1
4720,[0.2102462  0.71980646],8,7,"[0.17089520780330653, 0.7464713359575794]",2,-1
4721,[0.38877797 0.60476866],9,0,"[0.4297636102329726, 0.6357143141723958]",2,-1
4722,[0.11879092 0.42761837],3,5,"[0.12813625889338118, 0.45239712230086515]",1,1
4723,[0.17496289 0.78601548],8,7,"[0.17089520780330653, 0.7464713359575794]",2,-1
4724,[0.44375949 0.11857223],5,-1,-1,0,0
4725,[0.49026867 0.12199203],5,3,"[0.5044907196570393, 0.16230287856274858]",0,0
4726,[0.17256284 0.66149373],8,-1,-1,2,-1
4727,[0.73202608 0.65594966],0,4,"[0.7285423500480827, 0.6073851354724864]",3,2
4728,[0.11298179 0.35285795],3,-1,-1,1,1
4729,[0.21480417 0.92388255],2,-1,-1,2,-1
4730,[0.76795315 0.63187785],0,4,"[0.7285423500480827, 0.6073851354724864]",3,2
4731,[0.16099223 0.66505354],8,-1,-1,2,-1
4732,[0.34381626 0.87570147],2,1,"[0.3445904742281392, 0.8508004104108614]",2,-1
4733,[0.30699185 0.67274405],1,9,"[0.2630806751638254, 0.7080875454644293]",2,9
4734,[0.49896416 0.09281714],5,3,"[0.5044907196570393, 0.16230287856274858]",0,0
4735,[0.44083127 0.72953155],6,-1,-1,2,-1
4736,[0.75807367 0.5396585 ],0,-1,-1,3,2
4737,[0.76504538 0.39478492],7,6,"[0.7921949837838228, 0.3529120844654886]",4,-1
4738,[0.80020183 0.34687452],7,6,"[0.7921949837838228, 0.3529120844654886]",4,-1
4739,[0.2723917  0.72637724],1,9,"[0.2630806751638254, 0.7080875454644293]",2,9
4740,[0.13367399 0.382081  ],3,-1,-1,1,1
4741,[0.89905986 0.51613011],4,-1,-1,4,-1
4742,[0.38601829 0.72107912],6,8,"[0.36289448703783916, 0.7073371999105278]",2,-1
4743,[0.26520845 0.68855451],8,9,"[0.2630806751638254, 0.7080875454644293]",2,-1
4744,[0.15183784 0.38391002],3,-1,-1,1,1
4745,[0.82446933 0.44792095],4,2,"[0.8312266673252705, 0.4613441479074099]",4,-1
4746,[0.45890378 0.62251271],9,0,"[0.4297636102329726, 0.6357143141723958]",2,-1
4747,[0.47420145 0.16528828],5,3,"[0.5044907196570393, 0.16230287856274858]",0,0
4748,[0.31377713 0.87471854],2,1,"[0.3445904742281392, 0.8508004104108614]",2,-1
4749,[0.17469389 0.70098414],8,7,"[0.17089520780330653, 0.7464713359575794]",2,8
4750,[0.10312007 0.7056404 ],8,-1,-1,2,-1
4751,[0.50646976 0.15659495],5,3,"[0.5044907196570393, 0.16230287856274858]",0,0
4752,[0.39711252 0.57685472],9,0,"[0.4297636102329726, 0.6357143141723958]",2,11
4753,[0.41966559 0.70660042],6,8,"[0.36289448703783916, 0.7073371999105278]",2,10
4754,[0.29536825 0.74378522],1,9,"[0.2630806751638254, 0.7080875454644293]",2,-1
4755,[0.132809   0.46784429],3,5,"[0.12813625889338118, 0.45239712230086515]",1,1
4756,[0.0962378  0.48382198],3,5,"[0.12813625889338118, 0.45239712230086515]",1,1
4757,[0.45391185 0.76313913],6,-1,-1,2,-1
4758,[0.74281368 0.69732474],0,-1,-1,3,2
4759,[0.53998062 0.17804024],5,3,"[0.5044907196570393, 0.16230287856274858]",0,0
4760,[0.19775204 0.46804409],3,-1,-1,1,1
4761,[0.61488546 0.60274479],0,-1,-1,3,2
4762,[0.50881326 0.14030748],5,3,"[0.5044907196570393, 0.16230287856274858]",0,0
4763,[0.49877095 0.13189511],5,3,"[0.5044907196570393, 0.16230287856274858]",0,0
4764,[0.67489681 0.37522361],7,-1,-1,-1,-1
4765,[0.41618341 0.61014283],9,0,"[0.4297636102329726, 0.6357143141723958]",2,13
4766,[0.78975163 0.49259543],4,2,"[0.8312266673252705, 0.4613441479074099]",4,-1
4767,[0.46054189 0.2238106 ],5,-1,-1,0,0
4768,[0.39740856 0.65650915],9,0,"[0.4297636102329726, 0.6357143141723958]",2,-1
4769,[0.82494291 0.42275397],4,2,"[0.8312266673252705, 0.4613441479074099]",4,7
4770,[0.5750265  0.12119137],5,-1,-1,0,0
4771,[0.75577798 0.35135905],7,6,"[0.7921949837838228, 0.3529120844654886]",4,-1
4772,[0.46872759 0.61483565],6,0,"[0.4297636102329726, 0.6357143141723958]",2,-1
4773,[0.52886715 0.1101136 ],5,3,"[0.5044907196570393, 0.16230287856274858]",0,0
4774,[0.17108271 0.72330232],8,7,"[0.17089520780330653, 0.7464713359575794]",2,8
4775,[0.73245175 0.33823127],7,6,"[0.7921949837838228, 0.3529120844654886]",4,-1
4776,[0.55365421 0.2065861 ],5,3,"[0.5044907196570393, 0.16230287856274858]",0,0
4777,[0.79701131 0.31998155],7,6,"[0.7921949837838228, 0.3529120844654886]",4,-1
4778,[0.3808084  0.80724681],2,1,"[0.3445904742281392, 0.8508004104108614]",2,-1
4779,[0.44440429 0.67794741],6,0,"[0.4297636102329726, 0.6357143141723958]",2,10
4780,[0.74298486 0.60209224],0,4,"[0.7285423500480827, 0.6073851354724864]",3,2
4781,[0.26983402 0.67028491],1,9,"[0.2630806751638254, 0.7080875454644293]",2,-1
4782,[0.13975633 0.40716047],3,5,"[0.12813625889338118, 0.45239712230086515]",1,1
4783,[0.15653388 0.46798482],3,5,"[0.12813625889338118, 0.45239712230086515]",1,1
4784,[0.76410595 0.38444158],7,6,"[0.7921949837838228, 0.3529120844654886]",4,-1
4785,[0.44716418 0.68622163],6,0,"[0.4297636102329726, 0.6357143141723958]",2,10
4786,[0.47293357 0.67462727],6,0,"[0.4297636102329726, 0.6357143141723958]",2,-1
4787,[0.35371208 0.90099528],2,1,"[0.3445904742281392, 0.8508004104108614]",2,-1
4788,[0.45922976 0.71005869],6,-1,-1,2,-1
4789,[0.74965124 0.52324187],0,-1,-1,3,2
4790,[0.36710078 0.75677087],6,8,"[0.36289448703783916, 0.7073371999105278]",2,-1
4791,[0.36734628 0.78401413],2,-1,-1,2,-1
4792,[0.45803025 0.71374777],6,-1,-1,2,10
4793,[0.7911242  0.50441688],4,2,"[0.8312266673252705, 0.4613441479074099]",4,-1
4794,[0.7890845  0.34347123],7,6,"[0.7921949837838228, 0.3529120844654886]",4,-1
4795,[0.4759403  0.72197992],6,-1,-1,2,-1
4796,[0.41103612 0.1866054 ],5,-1,-1,0,0
4797,[0.80619317 0.38284266],7,6,"[0.7921949837838228, 0.3529120844654886]",4,6
4798,[0.46105021 0.696401  ],6,0,"[0.4297636102329726, 0.6357143141723958]",2,-1
4799,[0.81713609 0.37846208],7,6,"[0.7921949837838228, 0.3529120844654886]",4,6
4800,[0.7988014  0.42699117],4,2,"[0.8312266673252705, 0.4613441479074099]",4,-1
4801,[0.46310469 0.70408761],6,-1,-1,2,10
4802,[0.40674017 0.62826413],9,0,"[0.4297636102329726, 0.6357143141723958]",2,13
4803,[0.12528744 0.75147969],8,7,"[0.17089520780330653, 0.7464713359575794]",2,-1
4804,[0.18836136 0.7105834 ],8,7,"[0.17089520780330653, 0.7464713359575794]",2,8
4805,[0.70319738 0.59205262],0,4,"[0.7285423500480827, 0.6073851354724864]",3,2
4806,[0.7202243  0.54805659],0,4,"[0.7285423500480827, 0.6073851354724864]",3,2
4807,[0.79801168 0.53709501],4,-1,-1,3,2
4808,[0.73609474 0.59021708],0,4,"[0.7285423500480827, 0.6073851354724864]",3,2
4809,[0.5027577  0.11390833],5,3,"[0.5044907196570393, 0.16230287856274858]",0,0
4810,[0.07328312 0.50745054],3,-1,-1,1,1
4811,[0.72164193 0.33580539],7,-1,-1,4,-1
4812,[0.77097867 0.43091386],7,2,"[0.8312266673252705, 0.4613441479074099]",4,-1
4813,[0.8061245  0.29810917],7,6,"[0.7921949837838228, 0.3529120844654886]",4,-1
4814,[0.19310884 0.74458518],8,7,"[0.17089520780330653, 0.7464713359575794]",2,8
4815,[0.72462884 0.62911793],0,4,"[0.7285423500480827, 0.6073851354724864]",3,2
4816,[0.5054036 0.1377538],5,3,"[0.5044907196570393, 0.16230287856274858]",0,0
4817,[0.88776227 0.49132058],4,2,"[0.8312266673252705, 0.4613441479074099]",4,-1
4818,[0.67594168 0.61933681],0,4,"[0.7285423500480827, 0.6073851354724864]",3,2
4819,[0.38840193 0.6097378 ],9,0,"[0.4297636102329726, 0.6357143141723958]",2,12
4820,[0.36845157 0.84157233],2,1,"[0.3445904742281392, 0.8508004104108614]",2,-1
4821,[0.40138118 0.70350331],6,8,"[0.36289448703783916, 0.7073371999105278]",2,-1
4822,[0.78351098 0.66026766],0,-1,-1,3,2
4823,[0.19059278 0.71947842],8,7,"[0.17089520780330653, 0.7464713359575794]",2,8
4824,[0.86462748 0.44203373],4,2,"[0.8312266673252705, 0.4613441479074099]",4,-1
4825,[0.78596527 0.38154186],7,6,"[0.7921949837838228, 0.3529120844654886]",4,-1
4826,[0.72275699 0.57930894],0,4,"[0.7285423500480827, 0.6073851354724864]",3,2
4827,[0.07238859 0.44145912],3,5,"[0.12813625889338118, 0.45239712230086515]",1,1
4828,[0.47946278 0.19746306],5,3,"[0.5044907196570393, 0.16230287856274858]",0,0
4829,[0.82537848 0.48221015],4,2,"[0.8312266673252705, 0.4613441479074099]",4,7
4830,[0.7135093  0.64466818],0,4,"[0.7285423500480827, 0.6073851354724864]",3,2
4831,[0.81090374 0.4587256 ],4,2,"[0.8312266673252705, 0.4613441479074099]",4,7
4832,[0.90984485 0.37769674],4,-1,-1,4,-1
4833,[0.13370461 0.78701983],8,7,"[0.17089520780330653, 0.7464713359575794]",2,-1
4834,[0.79861746 0.3659055 ],7,6,"[0.7921949837838228, 0.3529120844654886]",4,6
4835,[0.80087786 0.62521337],0,-1,-1,3,2
4836,[0.48534683 0.11346511],5,3,"[0.5044907196570393, 0.16230287856274858]",0,0
4837,[0.23588836 0.43128318],3,-1,-1,1,1
4838,[0.1351287  0.71134111],8,7,"[0.17089520780330653, 0.7464713359575794]",2,-1
4839,[0.33532174 0.61023438],9,-1,-1,2,-1
4840,[0.39090876 0.71227204],6,8,"[0.36289448703783916, 0.7073371999105278]",2,10
4841,[0.15443837 0.79404276],8,7,"[0.17089520780330653, 0.7464713359575794]",2,-1
4842,[0.28195003 0.63648285],1,-1,-1,2,-1
4843,[0.80731174 0.43155117],4,2,"[0.8312266673252705, 0.4613441479074099]",4,7
4844,[0.18998846 0.81454444],8,-1,-1,2,-1
4845,[0.57764917 0.20474031],5,-1,-1,0,0
4846,[0.50232978 0.17300842],5,3,"[0.5044907196570393, 0.16230287856274858]",0,0
4847,[0.32357195 0.78566658],1,1,"[0.3445904742281392, 0.8508004104108614]",2,-1
4848,[0.52895797 0.10599114],5,3,"[0.5044907196570393, 0.16230287856274858]",0,0
4849,[0.52317997 0.13635032],5,3,"[0.5044907196570393, 0.16230287856274858]",0,0
4850,[0.2955842  0.75346633],1,9,"[0.2630806751638254, 0.7080875454644293]",2,-1
4851,[0.30815786 0.87601966],2,1,"[0.3445904742281392, 0.8508004104108614]",2,-1
4852,[0.50022557 0.11529412],5,3,"[0.5044907196570393, 0.16230287856274858]",0,0
4853,[0.39147977 0.67446425],9,8,"[0.36289448703783916, 0.7073371999105278]",2,-1
4854,[0.36088053 0.61667145],9,-1,-1,2,-1
4855,[0.37914385 0.65651478],9,8,"[0.36289448703783916, 0.7073371999105278]",2,-1
4856,[0.22275132 0.73756323],8,9,"[0.2630806751638254, 0.7080875454644293]",2,8
4857,[0.36521441 0.73276806],1,8,"[0.36289448703783916, 0.7073371999105278]",2,-1
4858,[0.15342705 0.43798094],3,5,"[0.12813625889338118, 0.45239712230086515]",1,1
4859,[0.20975074 0.69039068],8,9,"[0.2630806751638254, 0.7080875454644293]",2,-1
4860,[0.751429   0.65984466],0,4,"[0.7285423500480827, 0.6073851354724864]",3,2
4861,[0.83398381 0.41535231],4,2,"[0.8312266673252705, 0.4613441479074099]",4,-1
4862,[0.80052412 0.44366935],4,2,"[0.8312266673252705, 0.4613441479074099]",4,-1
4863,[0.47020939 0.24715483],5,-1,-1,0,0
4864,[0.41793375 0.74900679],6,8,"[0.36289448703783916, 0.7073371999105278]",2,-1
4865,[0.44666719 0.58470431],9,0,"[0.4297636102329726, 0.6357143141723958]",2,11
4866,[0.79080263 0.3608716 ],7,6,"[0.7921949837838228, 0.3529120844654886]",4,6
4867,[0.33511873 0.70789521],1,8,"[0.36289448703783916, 0.7073371999105278]",2,9
4868,[0.32454494 0.86683371],2,1,"[0.3445904742281392, 0.8508004104108614]",2,-1
4869,[0.66714827 0.6042176 ],0,4,"[0.7285423500480827, 0.6073851354724864]",3,2
4870,[0.35904854 0.67000646],1,8,"[0.36289448703783916, 0.7073371999105278]",2,-1
4871,[0.74927246 0.63729835],0,4,"[0.7285423500480827, 0.6073851354724864]",3,2
4872,[0.82184336 0.32094933],7,6,"[0.7921949837838228, 0.3529120844654886]",4,-1
4873,[0.47705825 0.19788001],5,3,"[0.5044907196570393, 0.16230287856274858]",0,0
4874,[0.74773622 0.43399269],7,-1,-1,4,-1
4875,[0.38213552 0.64726175],9,0,"[0.4297636102329726, 0.6357143141723958]",2,-1
4876,[0.29599559 0.87347912],2,1,"[0.3445904742281392, 0.8508004104108614]",2,-1
4877,[0.75237822 0.38116845],7,6,"[0.7921949837838228, 0.3529120844654886]",4,-1
4878,[0.79965654 0.27132376],7,-1,-1,4,-1
4879,[0.80621935 0.38935752],7,6,"[0.7921949837838228, 0.3529120844654886]",4,6
4880,[0.84243244 0.28801848],7,-1,-1,4,-1
4881,[0.52659884 0.71388204],6,-1,-1,2,-1
4882,[0.76415867 0.34933515],7,6,"[0.7921949837838228, 0.3529120844654886]",4,-1
4883,[0.39776808 0.86591005],2,1,"[0.3445904742281392, 0.8508004104108614]",2,-1
4884,[0.3472512  0.87435387],2,1,"[0.3445904742281392, 0.8508004104108614]",2,-1
4885,[0.65283434 0.67774745],0,-1,-1,-1,2
4886,[0.46952214 0.76466327],6,-1,-1,2,-1
4887,[0.3130924  0.68426501],1,8,"[0.36289448703783916, 0.7073371999105278]",2,9
4888,[0.75816742 0.27296329],7,-1,-1,4,-1
4889,[0.57836931 0.23218703],5,-1,-1,0,0
4890,[0.24619164 0.74149796],8,9,"[0.2630806751638254, 0.7080875454644293]",2,-1
4891,[0.43229015 0.58841358],9,0,"[0.4297636102329726, 0.6357143141723958]",2,11
4892,[0.54977802 0.23425841],5,-1,-1,0,0
4893,[0.64989018 0.60422349],0,-1,-1,3,2
4894,[0.80543334 0.31737164],7,6,"[0.7921949837838228, 0.3529120844654886]",4,-1
4895,[0.24602463 0.69456756],1,9,"[0.2630806751638254, 0.7080875454644293]",2,-1
4896,[0.12483562 0.53994965],3,-1,-1,1,1
4897,[0.30249833 0.82911022],2,1,"[0.3445904742281392, 0.8508004104108614]",2,-1
4898,[0.76319692 0.36744054],7,6,"[0.7921949837838228, 0.3529120844654886]",4,-1
4899,[0.72927459 0.53146937],0,-1,-1,3,2
4900,[0.7523421  0.65363409],0,4,"[0.7285423500480827, 0.6073851354724864]",3,2
4901,[0.6803804  0.61578029],0,4,"[0.7285423500480827, 0.6073851354724864]",3,2
4902,[0.52348173 0.10566125],5,3,"[0.5044907196570393, 0.16230287856274858]",0,0
4903,[0.78255482 0.6107732 ],0,4,"[0.7285423500480827, 0.6073851354724864]",3,2
4904,[0.19334589 0.73130077],8,7,"[0.17089520780330653, 0.7464713359575794]",2,8
4905,[0.22877311 0.80763451],8,-1,-1,2,-1
4906,[0.47049585 0.75473757],6,-1,-1,2,-1
4907,[0.40422627 0.63687679],9,0,"[0.4297636102329726, 0.6357143141723958]",2,-1
4908,[0.82197928 0.38778362],7,6,"[0.7921949837838228, 0.3529120844654886]",4,-1
4909,[0.44449435 0.70152122],6,0,"[0.4297636102329726, 0.6357143141723958]",2,10
4910,[0.84869936 0.46531885],4,2,"[0.8312266673252705, 0.4613441479074099]",4,-1
4911,[0.81124935 0.35059818],7,6,"[0.7921949837838228, 0.3529120844654886]",4,-1
4912,[0.67990797 0.55714247],0,4,"[0.7285423500480827, 0.6073851354724864]",3,2
4913,[0.18769678 0.73061113],8,7,"[0.17089520780330653, 0.7464713359575794]",2,8
4914,[0.50522813 0.17940924],5,3,"[0.5044907196570393, 0.16230287856274858]",0,0
4915,[0.23938957 0.73826161],1,9,"[0.2630806751638254, 0.7080875454644293]",2,8
4916,[0.3150462  0.85390906],2,1,"[0.3445904742281392, 0.8508004104108614]",2,-1
4917,[0.40076337 0.67373632],6,0,"[0.4297636102329726, 0.6357143141723958]",2,-1
4918,[0.42079692 0.64549886],6,0,"[0.4297636102329726, 0.6357143141723958]",2,-1
4919,[0.36242863 0.89640266],2,1,"[0.3445904742281392, 0.8508004104108614]",2,-1
4920,[0.34380692 0.80543649],2,1,"[0.3445904742281392, 0.8508004104108614]",2,-1
4921,[0.51398616 0.15598953],5,3,"[0.5044907196570393, 0.16230287856274858]",0,0
4922,[0.45665736 0.64493472],9,0,"[0.4297636102329726, 0.6357143141723958]",2,-1
4923,[0.40892945 0.62747393],9,0,"[0.4297636102329726, 0.6357143141723958]",2,13
4924,[0.11715679 0.45247861],3,5,"[0.12813625889338118, 0.45239712230086515]",1,1
4925,[0.71559093 0.38519515],7,-1,-1,4,-1
4926,[0.30339151 0.70196643],1,9,"[0.2630806751638254, 0.7080875454644293]",2,9
4927,[0.87281466 0.37791119],7,-1,-1,4,-1
4928,[0.356046  0.8488748],2,1,"[0.3445904742281392, 0.8508004104108614]",2,5
4929,[0.79681628 0.4225525 ],4,2,"[0.8312266673252705, 0.4613441479074099]",4,-1
4930,[0.12766489 0.37934052],3,-1,-1,1,1
4931,[0.53833933 0.17668131],5,3,"[0.5044907196570393, 0.16230287856274858]",0,0
4932,[0.77553381 0.51107448],4,-1,-1,4,-1
4933,[0.08468603 0.46650975],3,5,"[0.12813625889338118, 0.45239712230086515]",1,1
4934,[0.11229149 0.43008912],3,5,"[0.12813625889338118, 0.45239712230086515]",1,1
4935,[0.51869089 0.21033347],5,3,"[0.5044907196570393, 0.16230287856274858]",0,0
4936,[0.48555854 0.68777481],6,-1,-1,2,-1
4937,[0.74161567 0.37929819],7,6,"[0.7921949837838228, 0.3529120844654886]",4,-1
4938,[0.84459694 0.34414957],7,6,"[0.7921949837838228, 0.3529120844654886]",4,-1
4939,[0.54830904 0.16063625],5,3,"[0.5044907196570393, 0.16230287856274858]",0,0
4940,[0.40793239 0.87051072],2,1,"[0.3445904742281392, 0.8508004104108614]",2,-1
4941,[0.44133319 0.7057179 ],6,-1,-1,2,10
4942,[0.75176653 0.38394616],7,6,"[0.7921949837838228, 0.3529120844654886]",4,-1
4943,[0.38678921 0.85641506],2,1,"[0.3445904742281392, 0.8508004104108614]",2,-1
4944,[0.11805686 0.74456114],8,7,"[0.17089520780330653, 0.7464713359575794]",2,-1
4945,[0.73690209 0.35225662],7,6,"[0.7921949837838228, 0.3529120844654886]",4,-1
4946,[0.53430311 0.19521987],5,3,"[0.5044907196570393, 0.16230287856274858]",0,0
4947,[0.34366307 0.90712946],2,1,"[0.3445904742281392, 0.8508004104108614]",2,-1
4948,[0.71038267 0.68603238],0,-1,-1,3,2
4949,[0.1512574  0.69580753],8,7,"[0.17089520780330653, 0.7464713359575794]",2,-1
4950,[0.77846441 0.4539206 ],4,2,"[0.8312266673252705, 0.4613441479074099]",4,-1
4951,[0.37019551 0.64678987],9,0,"[0.4297636102329726, 0.6357143141723958]",2,-1
4952,[0.33873451 0.75040341],1,8,"[0.36289448703783916, 0.7073371999105278]",2,-1
4953,[0.1509451  0.72376215],8,7,"[0.17089520780330653, 0.7464713359575794]",2,-1
4954,[0.08064074 0.50142322],3,5,"[0.12813625889338118, 0.45239712230086515]",1,1
4955,[0.22486332 0.66715234],8,9,"[0.2630806751638254, 0.7080875454644293]",2,-1
4956,[0.15672731 0.76667834],8,7,"[0.17089520780330653, 0.7464713359575794]",2,8
4957,[0.15152056 0.41459014],3,5,"[0.12813625889338118, 0.45239712230086515]",1,1
4958,[0.1928991  0.80899359],8,7,"[0.17089520780330653, 0.7464713359575794]",2,-1
4959,[0.50381222 0.16492902],5,3,"[0.5044907196570393, 0.16230287856274858]",0,0
4960,[0.76803352 0.68915829],0,-1,-1,3,2
4961,[0.11700905 0.72742872],8,7,"[0.17089520780330653, 0.7464713359575794]",2,-1
4962,[0.78375674 0.6528176 ],0,-1,-1,3,2
4963,[0.73746506 0.61928318],0,4,"[0.7285423500480827, 0.6073851354724864]",3,2
4964,[0.11929014 0.44115896],3,5,"[0.12813625889338118, 0.45239712230086515]",1,1
4965,[0.46385384 0.62909121],6,0,"[0.4297636102329726, 0.6357143141723958]",2,-1
4966,[0.81030292 0.30990457],7,6,"[0.7921949837838228, 0.3529120844654886]",4,-1
4967,[0.78253334 0.39649039],7,6,"[0.7921949837838228, 0.3529120844654886]",4,6
4968,[0.16869492 0.40816003],3,5,"[0.12813625889338118, 0.45239712230086515]",1,1
4969,[0.85141424 0.46481156],4,2,"[0.8312266673252705, 0.4613441479074099]",4,-1
4970,[0.30031485 0.72152951],1,9,"[0.2630806751638254, 0.7080875454644293]",2,9
4971,[0.88506932 0.36415016],7,-1,-1,4,-1
4972,[0.38182416 0.832357  ],2,1,"[0.3445904742281392, 0.8508004104108614]",2,-1
4973,[0.77088144 0.56613607],0,4,"[0.7285423500480827, 0.6073851354724864]",3,2
4974,[0.28023416 0.68548937],1,9,"[0.2630806751638254, 0.7080875454644293]",2,9
4975,[0.44361295 0.76916886],6,-1,-1,2,-1
4976,[0.8177328  0.33552414],7,6,"[0.7921949837838228, 0.3529120844654886]",4,-1
4977,[0.78326443 0.391406  ],7,6,"[0.7921949837838228, 0.3529120844654886]",4,-1
4978,[0.88061187 0.5089752 ],4,2,"[0.8312266673252705, 0.4613441479074099]",4,-1
4979,[0.41462413 0.67197774],9,0,"[0.4297636102329726, 0.6357143141723958]",2,10
4980,[0.35372909 0.82497192],2,1,"[0.3445904742281392, 0.8508004104108614]",2,4
4981,[0.2253586  0.73779796],1,9,"[0.2630806751638254, 0.7080875454644293]",2,8
4982,[0.82360604 0.38776427],7,6,"[0.7921949837838228, 0.3529120844654886]",4,-1
4983,[0.1241828  0.41580072],3,5,"[0.12813625889338118, 0.45239712230086515]",1,1
4984,[0.1660871  0.39550993],3,5,"[0.12813625889338118, 0.45239712230086515]",1,1
4985,[0.3229886  0.80272198],2,1,"[0.3445904742281392, 0.8508004104108614]",2,-1
4986,[0.17673668 0.76786296],8,7,"[0.17089520780330653, 0.7464713359575794]",2,8
4987,[0.19853763 0.68727966],8,7,"[0.17089520780330653, 0.7464713359575794]",2,-1
4988,[0.36176514 0.7018213 ],6,8,"[0.36289448703783916, 0.7073371999105278]",2,-1
4989,[0.1929567  0.51928728],3,-1,-1,1,1
4990,[0.13948047 0.74470759],8,7,"[0.17089520780330653, 0.7464713359575794]",2,-1
4991,[0.11333245 0.44952092],3,5,"[0.12813625889338118, 0.45239712230086515]",1,1
4992,[0.45132589 0.77134734],6,-1,-1,2,-1
4993,[0.37515034 0.85503342],2,1,"[0.3445904742281392, 0.8508004104108614]",2,5
4994,[0.46297809 0.82307644],2,-1,-1,2,-1
4995,[0.28531769 0.72031268],1,9,"[0.2630806751638254, 0.7080875454644293]",2,9
4996,[0.15013504 0.35179561],3,-1,-1,1,1
4997,[0.29032968 0.6706599 ],1,9,"[0.2630806751638254, 0.7080875454644293]",2,9
4998,[0.76009196 0.63703196],0,4,"[0.7285423500480827, 0.6073851354724864]",3,2
4999,[0.80620037 0.51000026],4,2,"[0.8312266673252705, 0.4613441479074099]",4,-1
5000,[0.43158404 0.64367555],6,0,"[0.4297636102329726, 0.6357143141723958]",2,-1
5001,[0.92286126 0.40119349],4,-1,-1,4,-1
5002,[0.19647957 0.71498685],8,7,"[0.17089520780330653, 0.7464713359575794]",2,8
5003,[0.1849911  0.67699648],1,-1,-1,2,-1
5004,[0.29205367 0.78166745],2,-1,-1,2,-1
5005,[0.51431591 0.61971073],9,-1,-1,2,-1
5006,[0.12927463 0.50546724],3,5,"[0.12813625889338118, 0.45239712230086515]",1,1
5007,[0.43787013 0.14861813],5,3,"[0.5044907196570393, 0.16230287856274858]",0,0
5008,[0.29350562 0.67804665],1,9,"[0.2630806751638254, 0.7080875454644293]",2,9
5009,[0.71968709 0.63831962],0,4,"[0.7285423500480827, 0.6073851354724864]",3,2
5010,[0.82875614 0.38367439],7,6,"[0.7921949837838228, 0.3529120844654886]",4,-1
5011,[0.38866896 0.80988464],2,1,"[0.3445904742281392, 0.8508004104108614]",2,-1
5012,[0.31134861 0.66168897],1,9,"[0.2630806751638254, 0.7080875454644293]",2,-1
5013,[0.45772794 0.72892418],6,-1,-1,2,-1
5014,[0.31427183 0.80581316],2,1,"[0.3445904742281392, 0.8508004104108614]",2,-1
5015,[0.38460614 0.72241151],6,8,"[0.36289448703783916, 0.7073371999105278]",2,-1
5016,[0.78463636 0.33363249],7,6,"[0.7921949837838228, 0.3529120844654886]",4,-1
5017,[0.3033289  0.69028956],1,9,"[0.2630806751638254, 0.7080875454644293]",2,9
5018,[0.10660711 0.40473382],3,5,"[0.12813625889338118, 0.45239712230086515]",1,1
5019,[0.1728615 0.6485475],8,-1,-1,2,-1
5020,[0.41994083 0.48225243],9,-1,-1,2,-1
5021,[0.2623395  0.73584989],1,9,"[0.2630806751638254, 0.7080875454644293]",2,-1
5022,[0.47441245 0.69703529],6,-1,-1,2,-1
5023,[0.15659288 0.50893683],3,5,"[0.12813625889338118, 0.45239712230086515]",1,1
5024,[0.39646763 0.64839341],6,0,"[0.4297636102329726, 0.6357143141723958]",2,-1
5025,[0.85385166 0.40529516],4,2,"[0.8312266673252705, 0.4613441479074099]",4,-1
5026,[0.45468957 0.68513526],6,0,"[0.4297636102329726, 0.6357143141723958]",2,-1
5027,[0.81068269 0.24907844],7,-1,-1,-1,-1
5028,[0.4271836  0.61648405],6,0,"[0.4297636102329726, 0.6357143141723958]",2,-1
5029,[0.3556763  0.59107863],9,-1,-1,2,-1
5030,[0.4188576  0.58043473],9,0,"[0.4297636102329726, 0.6357143141723958]",2,-1
5031,[0.49699533 0.06885948],5,-1,-1,0,0
5032,[0.14905919 0.75587511],8,7,"[0.17089520780330653, 0.7464713359575794]",2,-1
5033,[0.73174872 0.55743888],0,4,"[0.7285423500480827, 0.6073851354724864]",3,2
5034,[0.82750695 0.46288021],4,2,"[0.8312266673252705, 0.4613441479074099]",4,7
5035,[0.38367096 0.77027601],2,8,"[0.36289448703783916, 0.7073371999105278]",2,-1
5036,[0.5162603  0.17845251],5,3,"[0.5044907196570393, 0.16230287856274858]",0,0
5037,[0.86022726 0.42483699],7,2,"[0.8312266673252705, 0.4613441479074099]",4,-1
5038,[0.86472669 0.3461204 ],7,-1,-1,4,-1
5039,[0.67770152 0.59356756],0,4,"[0.7285423500480827, 0.6073851354724864]",3,2
5040,[0.40818974 0.94317092],2,-1,-1,2,-1
5041,[0.17850339 0.77427986],8,7,"[0.17089520780330653, 0.7464713359575794]",2,8
5042,[0.47092537 0.59900915],9,0,"[0.4297636102329726, 0.6357143141723958]",2,-1
5043,[0.47660484 0.51136908],9,-1,-1,2,-1
5044,[0.52232368 0.2090611 ],5,3,"[0.5044907196570393, 0.16230287856274858]",0,0
5045,[0.39682464 0.56912365],9,-1,-1,2,-1
5046,[0.43791344 0.65883267],9,0,"[0.4297636102329726, 0.6357143141723958]",2,10
5047,[0.55336449 0.19120656],5,3,"[0.5044907196570393, 0.16230287856274858]",0,0
5048,[0.38356992 0.61123407],9,0,"[0.4297636102329726, 0.6357143141723958]",2,12
5049,[0.71996764 0.63137038],0,4,"[0.7285423500480827, 0.6073851354724864]",3,2
5050,[0.53308558 0.13212132],5,3,"[0.5044907196570393, 0.16230287856274858]",0,0
5051,[0.33323779 0.88283407],2,1,"[0.3445904742281392, 0.8508004104108614]",2,-1
5052,[0.39210773 0.91276942],2,-1,-1,2,-1
5053,[0.30692899 0.89732703],2,1,"[0.3445904742281392, 0.8508004104108614]",2,-1
5054,[0.53967339 0.17249732],5,3,"[0.5044907196570393, 0.16230287856274858]",0,0
5055,[0.40935384 0.62378577],6,0,"[0.4297636102329726, 0.6357143141723958]",2,13
5056,[0.14879917 0.80694318],8,7,"[0.17089520780330653, 0.7464713359575794]",2,-1
5057,[0.53797014 0.20470589],5,3,"[0.5044907196570393, 0.16230287856274858]",0,0
5058,[0.39170551 0.85427363],2,1,"[0.3445904742281392, 0.8508004104108614]",2,-1
5059,[0.48632361 0.66313923],9,0,"[0.4297636102329726, 0.6357143141723958]",2,-1
5060,[0.54174783 0.1817105 ],5,3,"[0.5044907196570393, 0.16230287856274858]",0,0
5061,[0.33796682 0.68531481],6,8,"[0.36289448703783916, 0.7073371999105278]",2,-1
5062,[0.76770105 0.57570869],0,4,"[0.7285423500480827, 0.6073851354724864]",3,2
5063,[0.17971026 0.40264987],3,-1,-1,1,1
5064,[0.84096685 0.47760052],4,2,"[0.8312266673252705, 0.4613441479074099]",4,-1
5065,[0.74951165 0.36815949],7,6,"[0.7921949837838228, 0.3529120844654886]",4,-1
5066,[0.19799571 0.47011695],3,-1,-1,1,1
5067,[0.34885287 0.85296512],2,1,"[0.3445904742281392, 0.8508004104108614]",2,5
5068,[0.19421705 0.39213698],3,-1,-1,1,1
5069,[0.87018627 0.38257638],7,-1,-1,4,-1
5070,[0.30958648 0.89996107],2,1,"[0.3445904742281392, 0.8508004104108614]",2,-1
5071,[0.82779876 0.41245107],4,2,"[0.8312266673252705, 0.4613441479074099]",4,-1
5072,[0.30773338 0.83105299],2,1,"[0.3445904742281392, 0.8508004104108614]",2,3
5073,[0.26414759 0.66355356],1,9,"[0.2630806751638254, 0.7080875454644293]",2,-1
5074,[0.73223827 0.54527951],0,4,"[0.7285423500480827, 0.6073851354724864]",3,2
5075,[0.86019972 0.43964354],4,2,"[0.8312266673252705, 0.4613441479074099]",4,-1
5076,[0.18136931 0.72919866],8,7,"[0.17089520780330653, 0.7464713359575794]",2,8
5077,[0.36920168 0.86811285],2,1,"[0.3445904742281392, 0.8508004104108614]",2,-1
5078,[0.37825629 0.69910147],1,8,"[0.36289448703783916, 0.7073371999105278]",2,-1
5079,[0.17924839 0.74376061],8,7,"[0.17089520780330653, 0.7464713359575794]",2,8
5080,[0.84896256 0.46484662],4,2,"[0.8312266673252705, 0.4613441479074099]",4,-1
5081,[0.30681482 0.85917313],2,1,"[0.3445904742281392, 0.8508004104108614]",2,-1
5082,[0.19486363 0.77461978],8,7,"[0.17089520780330653, 0.7464713359575794]",2,8
5083,[0.79243548 0.58510575],0,4,"[0.7285423500480827, 0.6073851354724864]",3,2
5084,[0.67400098 0.63384566],0,4,"[0.7285423500480827, 0.6073851354724864]",3,2
5085,[0.44095128 0.56029537],9,-1,-1,2,-1
5086,[0.49875442 0.25062327],5,-1,-1,0,0
5087,[0.80492242 0.36143823],7,6,"[0.7921949837838228, 0.3529120844654886]",4,6
5088,[0.70414524 0.63620256],0,4,"[0.7285423500480827, 0.6073851354724864]",3,2
5089,[0.18270045 0.69730398],8,7,"[0.17089520780330653, 0.7464713359575794]",2,-1
5090,[0.56135997 0.2544958 ],5,-1,-1,0,0
5091,[0.37645934 0.74283822],6,8,"[0.36289448703783916, 0.7073371999105278]",2,-1
5092,[0.49813521 0.12722987],5,3,"[0.5044907196570393, 0.16230287856274858]",0,0
5093,[0.78839415 0.40519961],4,6,"[0.7921949837838228, 0.3529120844654886]",4,-1
5094,[0.38304949 0.83206644],2,1,"[0.3445904742281392, 0.8508004104108614]",2,-1
5095,[0.51080294 0.68326253],6,-1,-1,2,-1
5096,[0.49623122 0.60044775],9,-1,-1,2,-1
5097,[0.81624357 0.47805479],4,2,"[0.8312266673252705, 0.4613441479074099]",4,7
5098,[0.86863796 0.41575227],4,2,"[0.8312266673252705, 0.4613441479074099]",4,-1
5099,[0.3197417  0.74574369],1,8,"[0.36289448703783916, 0.7073371999105278]",2,-1
5100,[0.09871575 0.76591163],8,-1,-1,2,-1
5101,[0.1681645  0.71410375],8,7,"[0.17089520780330653, 0.7464713359575794]",2,8
5102,[0.4152337 0.7138212],6,8,"[0.36289448703783916, 0.7073371999105278]",2,10
5103,[0.43094635 0.78788046],6,-1,-1,2,-1
5104,[0.4312076  0.67895161],6,0,"[0.4297636102329726, 0.6357143141723958]",2,10
5105,[0.16013842 0.66419265],8,-1,-1,2,-1
5106,[0.12554689 0.48022776],3,5,"[0.12813625889338118, 0.45239712230086515]",1,1
5107,[0.41829256 0.58033771],9,0,"[0.4297636102329726, 0.6357143141723958]",2,-1
5108,[0.77446915 0.35244784],7,6,"[0.7921949837838228, 0.3529120844654886]",4,-1
5109,[0.15028139 0.75333507],8,7,"[0.17089520780330653, 0.7464713359575794]",2,8
5110,[0.52061641 0.14124365],5,3,"[0.5044907196570393, 0.16230287856274858]",0,0
5111,[0.49242781 0.14650052],5,3,"[0.5044907196570393, 0.16230287856274858]",0,0
5112,[0.16289468 0.73558714],8,7,"[0.17089520780330653, 0.7464713359575794]",2,8
5113,[0.67749425 0.61781855],0,4,"[0.7285423500480827, 0.6073851354724864]",3,2
5114,[0.44205417 0.1328429 ],5,3,"[0.5044907196570393, 0.16230287856274858]",0,0
5115,[0.31067517 0.82886156],2,1,"[0.3445904742281392, 0.8508004104108614]",2,3
5116,[0.55365077 0.15685847],5,3,"[0.5044907196570393, 0.16230287856274858]",0,0
5117,[0.37914908 0.77606047],6,-1,-1,2,-1
5118,[0.45655485 0.66794826],6,0,"[0.4297636102329726, 0.6357143141723958]",2,-1
5119,[0.47028974 0.72089875],6,-1,-1,2,-1
5120,[0.35678615 0.69426547],6,8,"[0.36289448703783916, 0.7073371999105278]",2,-1
5121,[0.39345422 0.6341788 ],9,0,"[0.4297636102329726, 0.6357143141723958]",2,-1
5122,[0.41115347 0.58870882],9,0,"[0.4297636102329726, 0.6357143141723958]",2,-1
5123,[0.72915695 0.59023351],0,4,"[0.7285423500480827, 0.6073851354724864]",3,2
5124,[0.39678432 0.65853172],6,0,"[0.4297636102329726, 0.6357143141723958]",2,-1
5125,[0.80826168 0.34342653],7,6,"[0.7921949837838228, 0.3529120844654886]",4,6
5126,[0.06766631 0.41903034],3,5,"[0.12813625889338118, 0.45239712230086515]",1,1
5127,[0.46908145 0.72293134],6,-1,-1,2,-1
5128,[0.46486432 0.19964637],5,3,"[0.5044907196570393, 0.16230287856274858]",0,0
5129,[0.84172448 0.35800641],7,6,"[0.7921949837838228, 0.3529120844654886]",4,-1
5130,[0.3530955  0.83923534],2,1,"[0.3445904742281392, 0.8508004104108614]",2,-1
5131,[0.39345437 0.71615325],6,8,"[0.36289448703783916, 0.7073371999105278]",2,-1
5132,[0.69687245 0.62535044],0,4,"[0.7285423500480827, 0.6073851354724864]",3,2
5133,[0.44575861 0.68663634],6,0,"[0.4297636102329726, 0.6357143141723958]",2,10
5134,[0.31872342 0.75862534],1,8,"[0.36289448703783916, 0.7073371999105278]",2,-1
5135,[0.77961487 0.33974355],7,6,"[0.7921949837838228, 0.3529120844654886]",4,-1
5136,[0.68362448 0.61789831],0,4,"[0.7285423500480827, 0.6073851354724864]",3,2
5137,[0.86547889 0.47002032],4,2,"[0.8312266673252705, 0.4613441479074099]",4,-1
5138,[0.37005731 0.88168017],2,1,"[0.3445904742281392, 0.8508004104108614]",2,-1
5139,[0.26063725 0.69266026],1,9,"[0.2630806751638254, 0.7080875454644293]",2,-1
5140,[0.75521004 0.62718741],0,4,"[0.7285423500480827, 0.6073851354724864]",3,2
5141,[0.44671899 0.55060701],9,-1,-1,2,-1
5142,[0.48818771 0.85282088],2,-1,-1,2,-1
5143,[0.57019927 0.17765451],5,3,"[0.5044907196570393, 0.16230287856274858]",0,0
5144,[0.46079259 0.64544369],9,0,"[0.4297636102329726, 0.6357143141723958]",2,-1
5145,[0.45161519 0.17852069],5,3,"[0.5044907196570393, 0.16230287856274858]",0,0
5146,[0.47190219 0.13163749],5,3,"[0.5044907196570393, 0.16230287856274858]",0,0
5147,[0.84526848 0.50408373],4,2,"[0.8312266673252705, 0.4613441479074099]",4,-1
5148,[0.10317268 0.46226566],3,5,"[0.12813625889338118, 0.45239712230086515]",1,1
5149,[0.41953678 0.54300885],9,-1,-1,2,-1
5150,[0.42439514 0.74034173],6,8,"[0.36289448703783916, 0.7073371999105278]",2,-1
5151,[0.50296954 0.16785238],5,3,"[0.5044907196570393, 0.16230287856274858]",0,0
5152,[0.79864432 0.36138856],7,6,"[0.7921949837838228, 0.3529120844654886]",4,6
5153,[0.32103701 0.76101002],1,8,"[0.36289448703783916, 0.7073371999105278]",2,-1
5154,[0.40370257 0.67532844],6,0,"[0.4297636102329726, 0.6357143141723958]",2,-1
5155,[0.47171052 0.13457325],5,3,"[0.5044907196570393, 0.16230287856274858]",0,0
5156,[0.50661285 0.6791232 ],6,-1,-1,2,-1
5157,[0.35674928 0.64996883],1,8,"[0.36289448703783916, 0.7073371999105278]",2,-1
5158,[0.71774798 0.39147869],7,-1,-1,4,-1
5159,[0.11503138 0.42647917],3,5,"[0.12813625889338118, 0.45239712230086515]",1,1
5160,[0.21250302 0.7333431 ],8,7,"[0.17089520780330653, 0.7464713359575794]",2,-1
5161,[0.39212214 0.61829991],9,0,"[0.4297636102329726, 0.6357143141723958]",2,12
5162,[0.62052165 0.15963449],5,-1,-1,0,0
5163,[0.34774282 0.78787561],2,1,"[0.3445904742281392, 0.8508004104108614]",2,-1
5164,[0.70708724 0.6030998 ],0,4,"[0.7285423500480827, 0.6073851354724864]",3,2
5165,[0.32861798 0.74942578],1,8,"[0.36289448703783916, 0.7073371999105278]",2,-1
5166,[0.65112377 0.56754454],0,-1,-1,3,2
5167,[0.52169022 0.64632364],6,-1,-1,2,-1
5168,[0.20775453 0.76125348],8,7,"[0.17089520780330653, 0.7464713359575794]",2,-1
5169,[0.25504088 0.66117707],1,9,"[0.2630806751638254, 0.7080875454644293]",2,-1
5170,[0.76829472 0.46551447],4,2,"[0.8312266673252705, 0.4613441479074099]",4,-1
5171,[0.50752968 0.69503916],6,-1,-1,2,-1
5172,[0.84380818 0.49130028],4,2,"[0.8312266673252705, 0.4613441479074099]",4,-1
5173,[0.81052043 0.45808998],4,2,"[0.8312266673252705, 0.4613441479074099]",4,7
5174,[0.87298645 0.4802738 ],4,2,"[0.8312266673252705, 0.4613441479074099]",4,-1
5175,[0.27692916 0.76196313],1,9,"[0.2630806751638254, 0.7080875454644293]",2,-1
5176,[0.29081692 0.69138828],1,9,"[0.2630806751638254, 0.7080875454644293]",2,9
5177,[0.36577417 0.5670205 ],9,-1,-1,2,-1
5178,[0.42772459 0.67429605],6,0,"[0.4297636102329726, 0.6357143141723958]",2,10
5179,[0.40191691 0.62035426],9,0,"[0.4297636102329726, 0.6357143141723958]",2,-1
5180,[0.80627958 0.46054234],4,2,"[0.8312266673252705, 0.4613441479074099]",4,7
5181,[0.78958331 0.63321519],0,4,"[0.7285423500480827, 0.6073851354724864]",3,2
5182,[0.76093506 0.41287418],4,6,"[0.7921949837838228, 0.3529120844654886]",4,-1
5183,[0.27671474 0.71158143],1,9,"[0.2630806751638254, 0.7080875454644293]",2,9
5184,[0.89592777 0.41529916],4,-1,-1,4,-1
5185,[0.38591135 0.14478156],5,-1,-1,0,0
5186,[0.56482281 0.16547503],5,3,"[0.5044907196570393, 0.16230287856274858]",0,0
5187,[0.13884889 0.73896356],8,7,"[0.17089520780330653, 0.7464713359575794]",2,-1
5188,[0.74435346 0.63770904],0,4,"[0.7285423500480827, 0.6073851354724864]",3,2
5189,[0.42907485 0.68616609],6,0,"[0.4297636102329726, 0.6357143141723958]",2,10
5190,[0.11877283 0.71550453],8,7,"[0.17089520780330653, 0.7464713359575794]",2,-1
5191,[0.82958537 0.4847906 ],4,2,"[0.8312266673252705, 0.4613441479074099]",4,7
5192,[0.45394181 0.16244982],5,3,"[0.5044907196570393, 0.16230287856274858]",0,0
5193,[0.85913674 0.4908943 ],4,2,"[0.8312266673252705, 0.4613441479074099]",4,-1
5194,[0.44282306 0.70608171],6,-1,-1,2,10
5195,[0.31104046 0.79381785],2,1,"[0.3445904742281392, 0.8508004104108614]",2,-1
5196,[0.87374668 0.47406581],4,2,"[0.8312266673252705, 0.4613441479074099]",4,-1
5197,[0.8189984  0.40695844],7,2,"[0.8312266673252705, 0.4613441479074099]",4,6
5198,[0.30719367 0.83906811],2,1,"[0.3445904742281392, 0.8508004104108614]",2,-1
5199,[0.81296237 0.37460411],4,6,"[0.7921949837838228, 0.3529120844654886]",4,6
5200,[0.74271868 0.61654497],0,4,"[0.7285423500480827, 0.6073851354724864]",3,2
5201,[0.29774162 0.87863658],2,1,"[0.3445904742281392, 0.8508004104108614]",2,-1
5202,[0.31309352 0.69716658],1,8,"[0.36289448703783916, 0.7073371999105278]",2,9
5203,[0.31791174 0.68253826],1,8,"[0.36289448703783916, 0.7073371999105278]",2,9
5204,[0.30352688 0.58252448],1,-1,-1,2,-1
5205,[0.39791397 0.69803072],6,8,"[0.36289448703783916, 0.7073371999105278]",2,-1
5206,[0.1561489  0.75916389],8,7,"[0.17089520780330653, 0.7464713359575794]",2,8
5207,[0.54297174 0.17977338],5,3,"[0.5044907196570393, 0.16230287856274858]",0,0
5208,[0.12558132 0.55346568],3,-1,-1,1,1
5209,[0.12299429 0.41364707],3,5,"[0.12813625889338118, 0.45239712230086515]",1,1
5210,[0.79245421 0.68539139],0,-1,-1,3,2
5211,[0.5230101  0.24919717],5,-1,-1,0,0
5212,[0.71384405 0.35980292],7,-1,-1,4,-1
5213,[0.47134162 0.71195026],6,-1,-1,2,-1
5214,[0.27462804 0.85456823],2,-1,-1,2,-1
5215,[0.79465587 0.35609562],7,6,"[0.7921949837838228, 0.3529120844654886]",4,6
5216,[0.88979751 0.47125991],4,2,"[0.8312266673252705, 0.4613441479074099]",4,-1
5217,[0.74124238 0.36883717],7,6,"[0.7921949837838228, 0.3529120844654886]",4,-1
5218,[0.51981377 0.15429927],5,3,"[0.5044907196570393, 0.16230287856274858]",0,0
5219,[0.3721798 0.8285142],2,1,"[0.3445904742281392, 0.8508004104108614]",2,-1
5220,[0.47728266 0.66011015],6,0,"[0.4297636102329726, 0.6357143141723958]",2,-1
5221,[0.86575362 0.37957021],4,-1,-1,4,-1
5222,[0.30676419 0.66791453],1,9,"[0.2630806751638254, 0.7080875454644293]",2,9
5223,[0.30294999 0.72438313],1,9,"[0.2630806751638254, 0.7080875454644293]",2,9
5224,[0.08714523 0.46664596],3,5,"[0.12813625889338118, 0.45239712230086515]",1,1
5225,[0.2484068  0.71671612],1,9,"[0.2630806751638254, 0.7080875454644293]",2,-1
5226,[0.56099581 0.20584837],5,-1,-1,0,0
5227,[0.07537976 0.41582316],3,5,"[0.12813625889338118, 0.45239712230086515]",1,1
5228,[0.52171335 0.07591246],5,-1,-1,0,0
5229,[0.44467727 0.63790521],9,0,"[0.4297636102329726, 0.6357143141723958]",2,-1
5230,[0.28233402 0.74075154],1,9,"[0.2630806751638254, 0.7080875454644293]",2,-1
5231,[0.79521085 0.29248875],7,6,"[0.7921949837838228, 0.3529120844654886]",4,-1
5232,[0.40914508 0.71216018],6,8,"[0.36289448703783916, 0.7073371999105278]",2,10
5233,[0.17657489 0.72834223],8,7,"[0.17089520780330653, 0.7464713359575794]",2,8
5234,[0.91581897 0.53061968],4,-1,-1,4,-1
5235,[0.75070354 0.58520652],0,4,"[0.7285423500480827, 0.6073851354724864]",3,2
5236,[0.34131332 0.71363784],1,8,"[0.36289448703783916, 0.7073371999105278]",2,9
5237,[0.83195211 0.26969311],7,-1,-1,4,-1
5238,[0.86903284 0.41107817],4,2,"[0.8312266673252705, 0.4613441479074099]",4,-1
5239,[0.31867968 0.66089102],1,8,"[0.36289448703783916, 0.7073371999105278]",2,-1
5240,[0.81354056 0.43474898],7,2,"[0.8312266673252705, 0.4613441479074099]",4,7
5241,[0.72871715 0.59906554],0,4,"[0.7285423500480827, 0.6073851354724864]",3,2
5242,[0.3256895  0.80633642],1,1,"[0.3445904742281392, 0.8508004104108614]",2,3
5243,[0.53173721 0.1205837 ],5,3,"[0.5044907196570393, 0.16230287856274858]",0,0
5244,[0.5752129  0.23063259],5,-1,-1,0,0
5245,[0.77321023 0.43087656],7,2,"[0.8312266673252705, 0.4613441479074099]",4,-1
5246,[0.7803682  0.39218032],7,6,"[0.7921949837838228, 0.3529120844654886]",4,-1
5247,[0.46199624 0.63770345],9,0,"[0.4297636102329726, 0.6357143141723958]",2,-1
5248,[0.3525652  0.77688856],6,-1,-1,2,-1
5249,[0.18412732 0.64072649],8,-1,-1,2,-1
5250,[0.43534588 0.67196398],6,0,"[0.4297636102329726, 0.6357143141723958]",2,10
5251,[0.51903803 0.60174104],6,-1,-1,2,-1
5252,[0.76508528 0.29172702],7,6,"[0.7921949837838228, 0.3529120844654886]",4,-1
5253,[0.44690728 0.74575894],6,-1,-1,2,-1
5254,[0.19793333 0.78302029],8,7,"[0.17089520780330653, 0.7464713359575794]",2,-1
5255,[0.14323516 0.52420508],3,-1,-1,1,1
5256,[0.46754939 0.62745119],6,0,"[0.4297636102329726, 0.6357143141723958]",2,-1
5257,[0.40609273 0.62766023],6,0,"[0.4297636102329726, 0.6357143141723958]",2,13
5258,[0.36541833 0.82127073],2,1,"[0.3445904742281392, 0.8508004104108614]",2,4
5259,[0.50448071 0.72381111],6,-1,-1,2,-1
5260,[0.8698913  0.46324417],4,2,"[0.8312266673252705, 0.4613441479074099]",4,-1
5261,[0.08309965 0.40402591],3,5,"[0.12813625889338118, 0.45239712230086515]",1,1
5262,[0.42347437 0.679718  ],6,0,"[0.4297636102329726, 0.6357143141723958]",2,10
5263,[0.73211936 0.62781231],0,4,"[0.7285423500480827, 0.6073851354724864]",3,2
5264,[0.13467906 0.75874074],8,7,"[0.17089520780330653, 0.7464713359575794]",2,-1
5265,[0.91999368 0.39095166],4,-1,-1,4,-1
5266,[0.49273626 0.20939161],5,3,"[0.5044907196570393, 0.16230287856274858]",0,0
5267,[0.18832704 0.70277199],8,7,"[0.17089520780330653, 0.7464713359575794]",2,-1
5268,[0.22033922 0.46357038],3,-1,-1,1,1
5269,[0.44163882 0.56620138],9,-1,-1,2,-1
5270,[0.40603232 0.67872857],6,0,"[0.4297636102329726, 0.6357143141723958]",2,10
5271,[0.90742455 0.48196853],4,-1,-1,4,-1
5272,[0.05279533 0.43682168],3,-1,-1,1,1
5273,[0.28639328 0.85393242],2,1,"[0.3445904742281392, 0.8508004104108614]",2,-1
5274,[0.18122967 0.71959297],8,7,"[0.17089520780330653, 0.7464713359575794]",2,8
5275,[0.35921802 0.61568998],9,-1,-1,2,-1
5276,[0.79340172 0.37231699],7,6,"[0.7921949837838228, 0.3529120844654886]",4,6
5277,[0.44152593 0.14846694],5,3,"[0.5044907196570393, 0.16230287856274858]",0,0
5278,[0.80506992 0.50081436],4,2,"[0.8312266673252705, 0.4613441479074099]",4,-1
5279,[0.15320665 0.45582741],3,5,"[0.12813625889338118, 0.45239712230086515]",1,1
5280,[0.40022345 0.72968651],6,8,"[0.36289448703783916, 0.7073371999105278]",2,-1
5281,[0.4074866 0.6240484],9,0,"[0.4297636102329726, 0.6357143141723958]",2,-1
5282,[0.27526464 0.8428875 ],2,1,"[0.3445904742281392, 0.8508004104108614]",2,-1
5283,[0.36638608 0.62948174],9,0,"[0.4297636102329726, 0.6357143141723958]",2,-1
5284,[0.36252452 0.65319291],9,8,"[0.36289448703783916, 0.7073371999105278]",2,-1
5285,[0.32034476 0.85254639],2,1,"[0.3445904742281392, 0.8508004104108614]",2,-1
5286,[0.79997549 0.65390767],0,-1,-1,3,2
5287,[0.15639917 0.40086377],3,5,"[0.12813625889338118, 0.45239712230086515]",1,1
5288,[0.55517998 0.17801288],5,3,"[0.5044907196570393, 0.16230287856274858]",0,0
5289,[0.31316999 0.71863077],1,8,"[0.36289448703783916, 0.7073371999105278]",2,9
5290,[0.68623162 0.6168935 ],0,4,"[0.7285423500480827, 0.6073851354724864]",3,2
5291,[0.51534315 0.09155188],5,-1,-1,0,0
5292,[0.48381712 0.14001898],5,3,"[0.5044907196570393, 0.16230287856274858]",0,0
5293,[0.4042134  0.85043689],2,1,"[0.3445904742281392, 0.8508004104108614]",2,-1
5294,[0.78156871 0.44429853],4,2,"[0.8312266673252705, 0.4613441479074099]",4,-1
5295,[0.38619555 0.56643472],9,-1,-1,2,-1
5296,[0.27298559 0.75993903],1,9,"[0.2630806751638254, 0.7080875454644293]",2,-1
5297,[0.47123052 0.55736653],9,-1,-1,2,-1
5298,[0.35503393 0.88039466],2,1,"[0.3445904742281392, 0.8508004104108614]",2,-1
5299,[0.16456349 0.69753179],8,7,"[0.17089520780330653, 0.7464713359575794]",2,-1
5300,[0.31875846 0.5294336 ],9,-1,-1,2,-1
5301,[0.8277563  0.32227791],7,6,"[0.7921949837838228, 0.3529120844654886]",4,-1
5302,[0.39287338 0.65423398],6,0,"[0.4297636102329726, 0.6357143141723958]",2,-1
5303,[0.362457   0.81905553],2,1,"[0.3445904742281392, 0.8508004104108614]",2,4
5304,[0.85175607 0.33262494],7,6,"[0.7921949837838228, 0.3529120844654886]",4,-1
5305,[0.0886763  0.44667004],3,5,"[0.12813625889338118, 0.45239712230086515]",1,1
5306,[0.36337687 0.54418798],9,-1,-1,2,-1
5307,[0.17981654 0.78054802],8,7,"[0.17089520780330653, 0.7464713359575794]",2,-1
5308,[0.4782899  0.66745744],6,0,"[0.4297636102329726, 0.6357143141723958]",2,-1
5309,[0.3340082  0.85723102],2,1,"[0.3445904742281392, 0.8508004104108614]",2,5
5310,[0.20280255 0.69963584],8,7,"[0.17089520780330653, 0.7464713359575794]",2,8
5311,[0.28870153 0.62819634],1,-1,-1,2,-1
5312,[0.40670879 0.59075592],9,0,"[0.4297636102329726, 0.6357143141723958]",2,-1
5313,[0.33193279 0.73314249],1,8,"[0.36289448703783916, 0.7073371999105278]",2,-1
5314,[0.66651577 0.73956757],0,-1,-1,-1,-1
5315,[0.23681447 0.6587246 ],1,9,"[0.2630806751638254, 0.7080875454644293]",2,-1
5316,[0.29583915 0.70602607],1,9,"[0.2630806751638254, 0.7080875454644293]",2,9
5317,[0.49297754 0.65459357],6,0,"[0.4297636102329726, 0.6357143141723958]",2,-1
5318,[0.37598232 0.67956446],6,8,"[0.36289448703783916, 0.7073371999105278]",2,-1
5319,[0.3481739  0.80257544],2,1,"[0.3445904742281392, 0.8508004104108614]",2,-1
5320,[0.72372971 0.71894127],0,-1,-1,-1,2
5321,[0.80649033 0.32736739],7,6,"[0.7921949837838228, 0.3529120844654886]",4,-1
5322,[0.34195836 0.81417144],2,1,"[0.3445904742281392, 0.8508004104108614]",2,-1
5323,[0.75949539 0.60773901],0,4,"[0.7285423500480827, 0.6073851354724864]",3,2
5324,[0.48676263 0.69494227],9,-1,-1,2,-1
5325,[0.48683027 0.15183801],5,3,"[0.5044907196570393, 0.16230287856274858]",0,0
5326,[0.19490279 0.70729377],8,7,"[0.17089520780330653, 0.7464713359575794]",2,8
5327,[0.72538649 0.36390443],7,6,"[0.7921949837838228, 0.3529120844654886]",4,-1
5328,[0.47377626 0.73399669],6,-1,-1,2,-1
5329,[0.48187795 0.74388127],6,-1,-1,2,-1
5330,[0.10927486 0.48789337],3,5,"[0.12813625889338118, 0.45239712230086515]",1,1
5331,[0.30407158 0.6861355 ],1,9,"[0.2630806751638254, 0.7080875454644293]",2,9
5332,[0.81982373 0.46209332],4,2,"[0.8312266673252705, 0.4613441479074099]",4,7
5333,[0.44546066 0.68552153],6,0,"[0.4297636102329726, 0.6357143141723958]",2,10
5334,[0.27562988 0.69319435],1,9,"[0.2630806751638254, 0.7080875454644293]",2,9
5335,[0.197004   0.77560114],8,7,"[0.17089520780330653, 0.7464713359575794]",2,8
5336,[0.7442027  0.46116568],4,-1,-1,4,-1
5337,[0.4684847  0.57099175],9,-1,-1,2,-1
5338,[0.66240105 0.63193751],0,-1,-1,3,2
5339,[0.50413142 0.18651029],5,3,"[0.5044907196570393, 0.16230287856274858]",0,0
5340,[0.32440796 0.62702447],1,-1,-1,2,-1
5341,[0.87873898 0.55094934],4,-1,-1,4,-1
5342,[0.16492482 0.71473317],8,7,"[0.17089520780330653, 0.7464713359575794]",2,8
5343,[0.33022654 0.80981941],2,1,"[0.3445904742281392, 0.8508004104108614]",2,3
5344,[0.46339357 0.19627654],5,3,"[0.5044907196570393, 0.16230287856274858]",0,0
5345,[0.12244673 0.42930715],3,5,"[0.12813625889338118, 0.45239712230086515]",1,1
5346,[0.40221219 0.89220741],2,-1,-1,2,-1
5347,[0.1745693  0.47378766],3,5,"[0.12813625889338118, 0.45239712230086515]",1,1
5348,[0.15911758 0.73292072],8,7,"[0.17089520780330653, 0.7464713359575794]",2,8
5349,[0.30102547 0.83053547],2,1,"[0.3445904742281392, 0.8508004104108614]",2,-1
5350,[0.4726364  0.71217231],6,-1,-1,2,-1
5351,[0.76602789 0.31597558],7,6,"[0.7921949837838228, 0.3529120844654886]",4,-1
5352,[0.15700206 0.37510824],3,-1,-1,1,1
5353,[0.68264103 0.57737385],0,4,"[0.7285423500480827, 0.6073851354724864]",3,2
5354,[0.42789122 0.58092055],9,0,"[0.4297636102329726, 0.6357143141723958]",2,11
5355,[0.82731118 0.4118425 ],4,2,"[0.8312266673252705, 0.4613441479074099]",4,-1
5356,[0.14587492 0.72476992],8,7,"[0.17089520780330653, 0.7464713359575794]",2,-1
5357,[0.85754442 0.42409134],4,2,"[0.8312266673252705, 0.4613441479074099]",4,-1
5358,[0.3351106  0.70028994],1,8,"[0.36289448703783916, 0.7073371999105278]",2,9
5359,[0.71313918 0.54987611],0,4,"[0.7285423500480827, 0.6073851354724864]",3,2
5360,[0.37000291 0.70628815],6,8,"[0.36289448703783916, 0.7073371999105278]",2,-1
5361,[0.40785581 0.70721696],6,8,"[0.36289448703783916, 0.7073371999105278]",2,10
5362,[0.40252926 0.57340436],9,0,"[0.4297636102329726, 0.6357143141723958]",2,11
5363,[0.40650268 0.72743907],6,8,"[0.36289448703783916, 0.7073371999105278]",2,-1
5364,[0.50740027 0.68210448],6,-1,-1,2,-1
5365,[0.84725052 0.34195857],7,6,"[0.7921949837838228, 0.3529120844654886]",4,-1
5366,[0.40525862 0.60830572],9,0,"[0.4297636102329726, 0.6357143141723958]",2,-1
5367,[0.44584663 0.89146594],2,-1,-1,2,-1
5368,[0.37973599 0.73618791],6,8,"[0.36289448703783916, 0.7073371999105278]",2,-1
5369,[0.13303331 0.77977386],8,7,"[0.17089520780330653, 0.7464713359575794]",2,-1
5370,[0.88323638 0.4804739 ],4,2,"[0.8312266673252705, 0.4613441479074099]",4,-1
5371,[0.51138929 0.22586131],5,3,"[0.5044907196570393, 0.16230287856274858]",0,0
5372,[0.32157963 0.85397573],2,1,"[0.3445904742281392, 0.8508004104108614]",2,-1
5373,[0.49135776 0.18075674],5,3,"[0.5044907196570393, 0.16230287856274858]",0,0
5374,[0.90448262 0.39545557],4,-1,-1,4,-1
5375,[0.3994312  0.65104546],6,0,"[0.4297636102329726, 0.6357143141723958]",2,-1
5376,[0.50497425 0.71033484],6,-1,-1,2,-1
5377,[0.46595078 0.63033831],9,0,"[0.4297636102329726, 0.6357143141723958]",2,-1
5378,[0.78765074 0.32741343],7,6,"[0.7921949837838228, 0.3529120844654886]",4,-1
5379,[0.15833756 0.6544747 ],8,-1,-1,2,-1
5380,[0.50379048 0.11155667],5,3,"[0.5044907196570393, 0.16230287856274858]",0,0
5381,[0.79968077 0.40403547],7,6,"[0.7921949837838228, 0.3529120844654886]",4,-1
5382,[0.78657403 0.47564014],4,2,"[0.8312266673252705, 0.4613441479074099]",4,-1
5383,[0.4221599 0.5948557],9,0,"[0.4297636102329726, 0.6357143141723958]",2,-1
5384,[0.07810418 0.46502317],3,5,"[0.12813625889338118, 0.45239712230086515]",1,1
5385,[0.44824846 0.72554073],6,-1,-1,2,-1
5386,[0.84301324 0.46667713],4,2,"[0.8312266673252705, 0.4613441479074099]",4,-1
5387,[0.36059252 0.86994897],2,1,"[0.3445904742281392, 0.8508004104108614]",2,-1
5388,[0.77632851 0.28073809],7,-1,-1,4,-1
5389,[0.69618094 0.5652718 ],0,4,"[0.7285423500480827, 0.6073851354724864]",3,2
5390,[0.10573628 0.45850334],3,5,"[0.12813625889338118, 0.45239712230086515]",1,1
5391,[0.44169876 0.55259869],9,-1,-1,2,-1
5392,[0.8259102  0.28848809],7,-1,-1,4,-1
5393,[0.35996746 0.9176225 ],2,1,"[0.3445904742281392, 0.8508004104108614]",2,-1
5394,[0.78822903 0.589696  ],0,4,"[0.7285423500480827, 0.6073851354724864]",3,2
5395,[0.13856406 0.74623763],8,7,"[0.17089520780330653, 0.7464713359575794]",2,-1
5396,[0.33118931 0.87378138],2,1,"[0.3445904742281392, 0.8508004104108614]",2,-1
5397,[0.16935754 0.82940784],8,-1,-1,2,-1
5398,[0.24901986 0.75239357],1,9,"[0.2630806751638254, 0.7080875454644293]",2,-1
5399,[0.49439581 0.6334577 ],6,0,"[0.4297636102329726, 0.6357143141723958]",2,-1
5400,[0.17255046 0.44068365],3,5,"[0.12813625889338118, 0.45239712230086515]",1,1
5401,[0.32323889 0.77018888],1,-1,-1,2,-1
5402,[0.36259784 0.71632387],6,8,"[0.36289448703783916, 0.7073371999105278]",2,-1
5403,[0.41264678 0.66499675],9,0,"[0.4297636102329726, 0.6357143141723958]",2,10
5404,[0.26963467 0.71589002],8,9,"[0.2630806751638254, 0.7080875454644293]",2,9
5405,[0.46920603 0.62386207],9,0,"[0.4297636102329726, 0.6357143141723958]",2,-1
5406,[0.09888276 0.441596  ],3,5,"[0.12813625889338118, 0.45239712230086515]",1,1
5407,[0.70209759 0.6037373 ],0,4,"[0.7285423500480827, 0.6073851354724864]",3,2
5408,[0.74797582 0.63460605],0,4,"[0.7285423500480827, 0.6073851354724864]",3,2
5409,[0.79179171 0.37313573],7,6,"[0.7921949837838228, 0.3529120844654886]",4,6
5410,[0.78134289 0.60201656],0,4,"[0.7285423500480827, 0.6073851354724864]",3,2
5411,[0.70766226 0.56245841],0,4,"[0.7285423500480827, 0.6073851354724864]",3,2
5412,[0.29820364 0.71701335],1,9,"[0.2630806751638254, 0.7080875454644293]",2,9
5413,[0.63421641 0.58777312],0,-1,-1,3,2
5414,[0.80479778 0.37171983],7,6,"[0.7921949837838228, 0.3529120844654886]",4,6
5415,[0.35712508 0.61751637],9,-1,-1,2,-1
5416,[0.79099813 0.43312524],4,2,"[0.8312266673252705, 0.4613441479074099]",4,-1
5417,[0.3925503  0.66870781],9,8,"[0.36289448703783916, 0.7073371999105278]",2,-1
5418,[0.3324552  0.78972098],1,1,"[0.3445904742281392, 0.8508004104108614]",2,-1
5419,[0.53076869 0.1243893 ],5,3,"[0.5044907196570393, 0.16230287856274858]",0,0
5420,[0.13039203 0.40658149],3,5,"[0.12813625889338118, 0.45239712230086515]",1,1
5421,[0.31072155 0.71432743],1,9,"[0.2630806751638254, 0.7080875454644293]",2,9
5422,[0.74475007 0.61468539],0,4,"[0.7285423500480827, 0.6073851354724864]",3,2
5423,[0.86330206 0.5066367 ],4,2,"[0.8312266673252705, 0.4613441479074099]",4,-1
5424,[0.86725719 0.50707301],4,2,"[0.8312266673252705, 0.4613441479074099]",4,-1
5425,[0.14282995 0.48469681],3,5,"[0.12813625889338118, 0.45239712230086515]",1,1
5426,[0.18287142 0.77496581],8,7,"[0.17089520780330653, 0.7464713359575794]",2,8
5427,[0.37957662 0.58402909],9,-1,-1,2,-1
5428,[0.10809183 0.41810911],3,5,"[0.12813625889338118, 0.45239712230086515]",1,1
5429,[0.46008544 0.74068207],6,-1,-1,2,-1
5430,[0.36705458 0.90486218],2,1,"[0.3445904742281392, 0.8508004104108614]",2,-1
5431,[0.26243918 0.77906476],8,-1,-1,2,-1
5432,[0.08369546 0.70493473],8,-1,-1,2,-1
5433,[0.46213046 0.62181031],9,0,"[0.4297636102329726, 0.6357143141723958]",2,-1
5434,[0.79154336 0.28049598],7,-1,-1,4,-1
5435,[0.82864063 0.50763246],4,2,"[0.8312266673252705, 0.4613441479074099]",4,-1
5436,[0.32085507 0.77534561],1,-1,-1,2,-1
5437,[0.37333891 0.9429152 ],2,-1,-1,2,-1
5438,[0.38812671 0.86740274],2,1,"[0.3445904742281392, 0.8508004104108614]",2,-1
5439,[0.8102123  0.39420792],4,6,"[0.7921949837838228, 0.3529120844654886]",4,6
5440,[0.19357708 0.69006462],8,7,"[0.17089520780330653, 0.7464713359575794]",2,-1
5441,[0.30150824 0.7416331 ],2,9,"[0.2630806751638254, 0.7080875454644293]",2,-1
5442,[0.44211639 0.73974367],6,-1,-1,2,-1
5443,[0.36407132 0.86178594],2,1,"[0.3445904742281392, 0.8508004104108614]",2,-1
5444,[0.50972297 0.14907936],5,3,"[0.5044907196570393, 0.16230287856274858]",0,0
5445,[0.82550048 0.34415876],7,6,"[0.7921949837838228, 0.3529120844654886]",4,-1
5446,[0.35993139 0.81391299],2,1,"[0.3445904742281392, 0.8508004104108614]",2,4
5447,[0.18681757 0.72476228],8,7,"[0.17089520780330653, 0.7464713359575794]",2,8
5448,[0.77967033 0.48574698],4,2,"[0.8312266673252705, 0.4613441479074099]",4,-1
5449,[0.16013214 0.68442165],8,7,"[0.17089520780330653, 0.7464713359575794]",2,-1
5450,[0.69699987 0.35063845],7,-1,-1,4,-1
5451,[0.47732174 0.15107823],5,3,"[0.5044907196570393, 0.16230287856274858]",0,0
5452,[0.37761892 0.59871031],9,0,"[0.4297636102329726, 0.6357143141723958]",2,-1
5453,[0.43832693 0.87567548],2,-1,-1,2,-1
5454,[0.35840793 0.82931892],2,1,"[0.3445904742281392, 0.8508004104108614]",2,4
5455,[0.87778013 0.32873997],7,-1,-1,4,-1
5456,[0.45197421 0.16483291],5,3,"[0.5044907196570393, 0.16230287856274858]",0,0
5457,[0.51058029 0.16487334],5,3,"[0.5044907196570393, 0.16230287856274858]",0,0
5458,[0.75209272 0.32966823],7,6,"[0.7921949837838228, 0.3529120844654886]",4,-1
5459,[0.74433332 0.61742496],0,4,"[0.7285423500480827, 0.6073851354724864]",3,2
5460,[0.1697667  0.50850216],3,5,"[0.12813625889338118, 0.45239712230086515]",1,1
5461,[0.41463322 0.58029676],9,0,"[0.4297636102329726, 0.6357143141723958]",2,11
5462,[0.35298924 0.68003888],6,8,"[0.36289448703783916, 0.7073371999105278]",2,-1
5463,[0.36144973 0.86897662],2,1,"[0.3445904742281392, 0.8508004104108614]",2,-1
5464,[0.52642107 0.21011497],5,3,"[0.5044907196570393, 0.16230287856274858]",0,0
5465,[0.24308104 0.68197373],1,9,"[0.2630806751638254, 0.7080875454644293]",2,-1
5466,[0.83239316 0.39682828],4,6,"[0.7921949837838228, 0.3529120844654886]",4,-1
5467,[0.7789948  0.62383763],0,4,"[0.7285423500480827, 0.6073851354724864]",3,2
5468,[0.71603548 0.66134045],0,4,"[0.7285423500480827, 0.6073851354724864]",3,2
5469,[0.41735015 0.63546576],9,0,"[0.4297636102329726, 0.6357143141723958]",2,13
5470,[0.39943591 0.59790919],9,0,"[0.4297636102329726, 0.6357143141723958]",2,-1
5471,[0.74599558 0.6683801 ],0,4,"[0.7285423500480827, 0.6073851354724864]",3,2
5472,[0.2072399  0.80855711],1,-1,-1,2,-1
5473,[0.74568286 0.61335914],0,4,"[0.7285423500480827, 0.6073851354724864]",3,2
5474,[0.39805987 0.61515827],9,0,"[0.4297636102329726, 0.6357143141723958]",2,12
5475,[0.16405928 0.47014262],3,5,"[0.12813625889338118, 0.45239712230086515]",1,1
5476,[0.15176855 0.74716368],8,7,"[0.17089520780330653, 0.7464713359575794]",2,-1
5477,[0.80526127 0.32278294],7,6,"[0.7921949837838228, 0.3529120844654886]",4,-1
5478,[0.30304811 0.86690637],2,1,"[0.3445904742281392, 0.8508004104108614]",2,-1
5479,[0.67611243 0.70082854],0,-1,-1,3,2
5480,[0.33395366 0.89083572],2,1,"[0.3445904742281392, 0.8508004104108614]",2,-1
5481,[0.42686367 0.63220274],9,0,"[0.4297636102329726, 0.6357143141723958]",2,-1
5482,[0.38997443 0.67977328],6,8,"[0.36289448703783916, 0.7073371999105278]",2,-1
5483,[0.48939348 0.15804923],5,3,"[0.5044907196570393, 0.16230287856274858]",0,0
5484,[0.20596509 0.7843966 ],8,7,"[0.17089520780330653, 0.7464713359575794]",2,-1
5485,[0.50797281 0.1756397 ],5,3,"[0.5044907196570393, 0.16230287856274858]",0,0
5486,[0.35433861 0.83226958],2,1,"[0.3445904742281392, 0.8508004104108614]",2,-1
5487,[0.52661703 0.10875815],5,3,"[0.5044907196570393, 0.16230287856274858]",0,0
5488,[0.32476311 0.70034695],1,8,"[0.36289448703783916, 0.7073371999105278]",2,9
5489,[0.08683722 0.45245873],3,5,"[0.12813625889338118, 0.45239712230086515]",1,1
5490,[0.86771688 0.52964197],4,-1,-1,4,-1
5491,[0.17196035 0.72830604],8,7,"[0.17089520780330653, 0.7464713359575794]",2,8
5492,[0.7918854  0.41551596],7,2,"[0.8312266673252705, 0.4613441479074099]",4,-1
5493,[0.78406893 0.46683744],4,2,"[0.8312266673252705, 0.4613441479074099]",4,-1
5494,[0.2662715  0.73183171],1,9,"[0.2630806751638254, 0.7080875454644293]",2,-1
5495,[0.4023151 0.5490718],9,-1,-1,2,-1
5496,[0.78971766 0.40994427],4,6,"[0.7921949837838228, 0.3529120844654886]",4,-1
5497,[0.56373329 0.64753067],6,-1,-1,2,-1
5498,[0.13035622 0.43167284],3,5,"[0.12813625889338118, 0.45239712230086515]",1,1
5499,[0.77956493 0.42384367],7,2,"[0.8312266673252705, 0.4613441479074099]",4,-1
5500,[0.44470004 0.64050272],9,0,"[0.4297636102329726, 0.6357143141723958]",2,-1
5501,[0.80487836 0.4665607 ],4,2,"[0.8312266673252705, 0.4613441479074099]",4,7
5502,[0.33270473 0.72272907],1,8,"[0.36289448703783916, 0.7073371999105278]",2,9
5503,[0.34940542 0.88119602],2,1,"[0.3445904742281392, 0.8508004104108614]",2,-1
5504,[0.34276919 0.7117746 ],1,8,"[0.36289448703783916, 0.7073371999105278]",2,9
5505,[0.77563009 0.43864686],4,2,"[0.8312266673252705, 0.4613441479074099]",4,-1
5506,[0.12933337 0.4171829 ],3,5,"[0.12813625889338118, 0.45239712230086515]",1,1
5507,[0.47967934 0.70697537],6,-1,-1,2,-1
5508,[0.72197924 0.58790457],0,4,"[0.7285423500480827, 0.6073851354724864]",3,2
5509,[0.30581555 0.67761846],1,9,"[0.2630806751638254, 0.7080875454644293]",2,9
5510,[0.76856621 0.44529061],7,2,"[0.8312266673252705, 0.4613441479074099]",4,-1
5511,[0.49085644 0.72421206],6,-1,-1,2,-1
5512,[0.85872406 0.36652073],7,6,"[0.7921949837838228, 0.3529120844654886]",4,-1
5513,[0.34502138 0.9171276 ],2,1,"[0.3445904742281392, 0.8508004104108614]",2,-1
5514,[0.32742067 0.79372551],2,1,"[0.3445904742281392, 0.8508004104108614]",2,-1
5515,[0.28879214 0.78551267],1,-1,-1,2,-1
5516,[0.6758283  0.62111558],0,4,"[0.7285423500480827, 0.6073851354724864]",3,2
5517,[0.47316936 0.65405889],9,0,"[0.4297636102329726, 0.6357143141723958]",2,-1
5518,[0.45885014 0.19479188],5,3,"[0.5044907196570393, 0.16230287856274858]",0,0
5519,[0.08081119 0.47710602],3,5,"[0.12813625889338118, 0.45239712230086515]",1,1
5520,[0.43793065 0.70892983],6,-1,-1,2,10
5521,[0.35197336 0.83024345],2,1,"[0.3445904742281392, 0.8508004104108614]",2,-1
5522,[0.16617459 0.75322725],8,7,"[0.17089520780330653, 0.7464713359575794]",2,8
5523,[0.31751706 0.83562257],2,1,"[0.3445904742281392, 0.8508004104108614]",2,-1
5524,[0.5442145  0.14172469],5,3,"[0.5044907196570393, 0.16230287856274858]",0,0
5525,[0.0926073  0.50478051],3,5,"[0.12813625889338118, 0.45239712230086515]",1,1
5526,[0.42979683 0.63502511],9,0,"[0.4297636102329726, 0.6357143141723958]",2,-1
5527,[0.83341841 0.41408509],4,2,"[0.8312266673252705, 0.4613441479074099]",4,-1
5528,[0.69046297 0.59329497],0,4,"[0.7285423500480827, 0.6073851354724864]",3,2
5529,[0.76051645 0.55450572],0,4,"[0.7285423500480827, 0.6073851354724864]",3,2
5530,[0.81020563 0.45655582],4,2,"[0.8312266673252705, 0.4613441479074099]",4,7
5531,[0.27876124 0.70398788],1,9,"[0.2630806751638254, 0.7080875454644293]",2,9
5532,[0.46864025 0.57272126],9,-1,-1,2,-1
5533,[0.14754585 0.43779707],3,5,"[0.12813625889338118, 0.45239712230086515]",1,1
5534,[0.07088422 0.42026973],3,5,"[0.12813625889338118, 0.45239712230086515]",1,1
5535,[0.3840035  0.88185571],2,1,"[0.3445904742281392, 0.8508004104108614]",2,-1
5536,[0.64088739 0.62244872],0,-1,-1,3,2
5537,[0.38000497 0.72417755],6,8,"[0.36289448703783916, 0.7073371999105278]",2,-1
5538,[0.31510456 0.8155195 ],2,1,"[0.3445904742281392, 0.8508004104108614]",2,-1
5539,[0.14045876 0.75916551],8,7,"[0.17089520780330653, 0.7464713359575794]",2,-1
5540,[0.42602336 0.70428508],6,8,"[0.36289448703783916, 0.7073371999105278]",2,10
5541,[0.49719123 0.14107681],5,3,"[0.5044907196570393, 0.16230287856274858]",0,0
5542,[0.80081176 0.50561237],4,2,"[0.8312266673252705, 0.4613441479074099]",4,-1
5543,[0.44414799 0.5765165 ],9,0,"[0.4297636102329726, 0.6357143141723958]",2,-1
5544,[0.75699602 0.62590208],0,4,"[0.7285423500480827, 0.6073851354724864]",3,2
5545,[0.20518723 0.68414844],8,9,"[0.2630806751638254, 0.7080875454644293]",2,-1
5546,[0.73423569 0.31432955],7,6,"[0.7921949837838228, 0.3529120844654886]",4,-1
5547,[0.42648461 0.64694709],9,0,"[0.4297636102329726, 0.6357143141723958]",2,-1
5548,[0.3971093  0.69537991],9,8,"[0.36289448703783916, 0.7073371999105278]",2,-1
5549,[0.85076606 0.37287449],4,6,"[0.7921949837838228, 0.3529120844654886]",4,-1
5550,[0.39352105 0.75254497],6,8,"[0.36289448703783916, 0.7073371999105278]",2,-1
5551,[0.84054736 0.42280131],4,2,"[0.8312266673252705, 0.4613441479074099]",4,-1
5552,[0.19238035 0.72359969],8,7,"[0.17089520780330653, 0.7464713359575794]",2,8
5553,[0.4856793  0.64757858],9,0,"[0.4297636102329726, 0.6357143141723958]",2,-1
5554,[0.19566043 0.77022176],8,7,"[0.17089520780330653, 0.7464713359575794]",2,8
5555,[0.74045675 0.58059921],0,4,"[0.7285423500480827, 0.6073851354724864]",3,2
5556,[0.45434606 0.61304811],9,0,"[0.4297636102329726, 0.6357143141723958]",2,-1
5557,[0.33517912 0.74273864],1,8,"[0.36289448703783916, 0.7073371999105278]",2,-1
5558,[0.2075209  0.75482093],8,7,"[0.17089520780330653, 0.7464713359575794]",2,8
5559,[0.31895966 0.68279833],1,8,"[0.36289448703783916, 0.7073371999105278]",2,9
5560,[0.69738545 0.58558837],0,4,"[0.7285423500480827, 0.6073851354724864]",3,2
5561,[0.70264125 0.64085951],0,4,"[0.7285423500480827, 0.6073851354724864]",3,2
5562,[0.25990398 0.75962908],8,9,"[0.2630806751638254, 0.7080875454644293]",2,-1
5563,[0.35976063 0.85807235],2,1,"[0.3445904742281392, 0.8508004104108614]",2,5
5564,[0.33134053 0.6101198 ],9,-1,-1,2,-1
5565,[0.19359435 0.66909218],8,-1,-1,2,-1
5566,[0.74378027 0.36798767],7,6,"[0.7921949837838228, 0.3529120844654886]",4,-1
5567,[0.2150923  0.76124206],8,7,"[0.17089520780330653, 0.7464713359575794]",2,-1
5568,[0.46191407 0.69428174],6,0,"[0.4297636102329726, 0.6357143141723958]",2,-1
5569,[0.24418627 0.77232349],8,9,"[0.2630806751638254, 0.7080875454644293]",2,-1
5570,[0.7885705  0.39296581],4,6,"[0.7921949837838228, 0.3529120844654886]",4,6
5571,[0.35626252 0.77439209],1,8,"[0.36289448703783916, 0.7073371999105278]",2,-1
5572,[0.10317742 0.44230711],3,5,"[0.12813625889338118, 0.45239712230086515]",1,1
5573,[0.20258573 0.6813107 ],8,9,"[0.2630806751638254, 0.7080875454644293]",2,-1
5574,[0.462299   0.75154782],6,-1,-1,2,-1
5575,[0.42554639 0.71908127],6,8,"[0.36289448703783916, 0.7073371999105278]",2,10
5576,[0.20641852 0.7734631 ],8,7,"[0.17089520780330653, 0.7464713359575794]",2,-1
5577,[0.4853012  0.64546331],6,0,"[0.4297636102329726, 0.6357143141723958]",2,-1
5578,[0.19507431 0.69802197],8,7,"[0.17089520780330653, 0.7464713359575794]",2,-1
5579,[0.3604472  0.73088775],6,8,"[0.36289448703783916, 0.7073371999105278]",2,-1
5580,[0.41316394 0.7558563 ],6,8,"[0.36289448703783916, 0.7073371999105278]",2,-1
5581,[0.36330931 0.80570384],1,1,"[0.3445904742281392, 0.8508004104108614]",2,-1
5582,[0.69090288 0.62704378],0,4,"[0.7285423500480827, 0.6073851354724864]",3,2
5583,[0.37178686 0.82444136],2,1,"[0.3445904742281392, 0.8508004104108614]",2,-1
5584,[0.34142974 0.82510143],2,1,"[0.3445904742281392, 0.8508004104108614]",2,-1
5585,[0.41237677 0.61375696],6,0,"[0.4297636102329726, 0.6357143141723958]",2,-1
5586,[0.17793339 0.7603584 ],8,7,"[0.17089520780330653, 0.7464713359575794]",2,8
5587,[0.39607603 0.80575047],2,1,"[0.3445904742281392, 0.8508004104108614]",2,-1
5588,[0.33970938 0.92301904],2,-1,-1,2,-1
5589,[0.7476237  0.48036157],4,-1,-1,4,-1
5590,[0.31851345 0.91836113],2,-1,-1,2,-1
5591,[0.4447744  0.68170044],6,0,"[0.4297636102329726, 0.6357143141723958]",2,10
5592,[0.44982823 0.63170861],6,0,"[0.4297636102329726, 0.6357143141723958]",2,-1
5593,[0.84025882 0.45547894],4,2,"[0.8312266673252705, 0.4613441479074099]",4,-1
5594,[0.26639292 0.66416382],1,9,"[0.2630806751638254, 0.7080875454644293]",2,-1
5595,[0.37087718 0.81327625],2,1,"[0.3445904742281392, 0.8508004104108614]",2,-1
5596,[0.31609325 0.92499432],2,-1,-1,2,-1
5597,[0.38522549 0.76883769],1,8,"[0.36289448703783916, 0.7073371999105278]",2,-1
5598,[0.18343674 0.42569993],3,5,"[0.12813625889338118, 0.45239712230086515]",1,1
5599,[0.20999767 0.40964683],3,-1,-1,1,1
5600,[0.39779111 0.68729829],6,8,"[0.36289448703783916, 0.7073371999105278]",2,-1
5601,[0.805535   0.44829457],4,2,"[0.8312266673252705, 0.4613441479074099]",4,7
5602,[0.44250586 0.61790301],6,0,"[0.4297636102329726, 0.6357143141723958]",2,-1
5603,[0.44716004 0.72681909],6,-1,-1,2,-1
5604,[0.12823559 0.4611691 ],3,5,"[0.12813625889338118, 0.45239712230086515]",1,1
5605,[0.12806554 0.50595021],3,5,"[0.12813625889338118, 0.45239712230086515]",1,1
5606,[0.51385665 0.18266054],5,3,"[0.5044907196570393, 0.16230287856274858]",0,0
5607,[0.39311478 0.64955624],6,0,"[0.4297636102329726, 0.6357143141723958]",2,-1
5608,[0.19105225 0.37029234],3,-1,-1,1,1
5609,[0.50959854 0.08460819],5,-1,-1,0,0
5610,[0.3897394  0.61984557],9,0,"[0.4297636102329726, 0.6357143141723958]",2,12
5611,[0.46465888 0.66862001],6,0,"[0.4297636102329726, 0.6357143141723958]",2,-1
5612,[0.35403924 0.66253625],9,8,"[0.36289448703783916, 0.7073371999105278]",2,-1
5613,[0.15291982 0.76835524],8,7,"[0.17089520780330653, 0.7464713359575794]",2,-1
5614,[0.11439479 0.46805098],3,5,"[0.12813625889338118, 0.45239712230086515]",1,1
5615,[0.7537824  0.38261846],7,6,"[0.7921949837838228, 0.3529120844654886]",4,-1
5616,[0.39014138 0.83914247],2,1,"[0.3445904742281392, 0.8508004104108614]",2,-1
5617,[0.78521971 0.33044013],7,6,"[0.7921949837838228, 0.3529120844654886]",4,-1
5618,[0.86545751 0.4513553 ],4,2,"[0.8312266673252705, 0.4613441479074099]",4,-1
5619,[0.28589193 0.83137933],2,1,"[0.3445904742281392, 0.8508004104108614]",2,-1
5620,[0.7272498  0.52094188],0,-1,-1,3,2
5621,[0.39523138 0.7106145 ],6,8,"[0.36289448703783916, 0.7073371999105278]",2,10
5622,[0.39519193 0.72254873],6,8,"[0.36289448703783916, 0.7073371999105278]",2,-1
5623,[0.43375643 0.73149262],6,-1,-1,2,-1
5624,[0.11269709 0.47615759],3,5,"[0.12813625889338118, 0.45239712230086515]",1,1
5625,[0.40459566 0.60468403],9,0,"[0.4297636102329726, 0.6357143141723958]",2,-1
5626,[0.12933636 0.38468231],3,5,"[0.12813625889338118, 0.45239712230086515]",1,1
5627,[0.18235626 0.76730524],8,7,"[0.17089520780330653, 0.7464713359575794]",2,8
5628,[0.17737774 0.67924589],8,7,"[0.17089520780330653, 0.7464713359575794]",2,-1
5629,[0.34900722 0.81768371],2,1,"[0.3445904742281392, 0.8508004104108614]",2,4
5630,[0.1575797  0.45885879],3,5,"[0.12813625889338118, 0.45239712230086515]",1,1
5631,[0.75262795 0.36136965],7,6,"[0.7921949837838228, 0.3529120844654886]",4,-1
5632,[0.15600752 0.80048021],8,7,"[0.17089520780330653, 0.7464713359575794]",2,-1
5633,[0.33259185 0.84683163],2,1,"[0.3445904742281392, 0.8508004104108614]",2,-1
5634,[0.30571408 0.83369425],2,1,"[0.3445904742281392, 0.8508004104108614]",2,3
5635,[0.11360338 0.44110861],3,5,"[0.12813625889338118, 0.45239712230086515]",1,1
5636,[0.20343039 0.67752784],8,9,"[0.2630806751638254, 0.7080875454644293]",2,-1
5637,[0.72840144 0.60301055],0,4,"[0.7285423500480827, 0.6073851354724864]",3,2
5638,[0.42452913 0.64749363],6,0,"[0.4297636102329726, 0.6357143141723958]",2,-1
5639,[0.79608319 0.44751799],4,2,"[0.8312266673252705, 0.4613441479074099]",4,7
5640,[0.42084165 0.88269998],2,-1,-1,2,-1
5641,[0.27420709 0.8135741 ],8,-1,-1,2,-1
5642,[0.79095698 0.42853452],7,2,"[0.8312266673252705, 0.4613441479074099]",4,-1
5643,[0.46829416 0.73335831],6,-1,-1,2,-1
5644,[0.43100818 0.7247401 ],6,-1,-1,2,10
5645,[0.43615532 0.61755821],6,0,"[0.4297636102329726, 0.6357143141723958]",2,-1
5646,[0.16326479 0.46949658],3,5,"[0.12813625889338118, 0.45239712230086515]",1,1
5647,[0.09868824 0.45200157],3,5,"[0.12813625889338118, 0.45239712230086515]",1,1
5648,[0.49532799 0.1955474 ],5,3,"[0.5044907196570393, 0.16230287856274858]",0,0
5649,[0.20618628 0.69374615],8,9,"[0.2630806751638254, 0.7080875454644293]",2,-1
5650,[0.68092447 0.64430913],0,4,"[0.7285423500480827, 0.6073851354724864]",3,2
5651,[0.10631738 0.76178928],8,7,"[0.17089520780330653, 0.7464713359575794]",2,-1
5652,[0.42882266 0.71461014],6,8,"[0.36289448703783916, 0.7073371999105278]",2,10
5653,[0.67103074 0.52463961],0,-1,-1,3,2
5654,[0.40884372 0.63698181],9,0,"[0.4297636102329726, 0.6357143141723958]",2,13
5655,[0.7660703 0.6904826],0,-1,-1,3,2
5656,[0.78643232 0.64621241],0,4,"[0.7285423500480827, 0.6073851354724864]",3,2
5657,[0.4267433  0.17767541],5,-1,-1,0,0
5658,[0.3036624  0.85194512],2,1,"[0.3445904742281392, 0.8508004104108614]",2,-1
5659,[0.75238709 0.42837915],7,-1,-1,4,-1
5660,[0.39594096 0.70019464],6,8,"[0.36289448703783916, 0.7073371999105278]",2,-1
5661,[0.17013458 0.72859344],8,7,"[0.17089520780330653, 0.7464713359575794]",2,8
5662,[0.11928754 0.48635898],3,5,"[0.12813625889338118, 0.45239712230086515]",1,1
5663,[0.34948244 0.84432446],2,1,"[0.3445904742281392, 0.8508004104108614]",2,5
5664,[0.13658455 0.51760841],3,5,"[0.12813625889338118, 0.45239712230086515]",1,1
5665,[0.33418002 0.6794984 ],1,8,"[0.36289448703783916, 0.7073371999105278]",2,-1
5666,[0.40926127 0.58803893],9,0,"[0.4297636102329726, 0.6357143141723958]",2,-1
5667,[0.32484235 0.81114427],2,1,"[0.3445904742281392, 0.8508004104108614]",2,3
5668,[0.2493669  0.65658308],1,9,"[0.2630806751638254, 0.7080875454644293]",2,-1
5669,[0.07899174 0.47142634],3,5,"[0.12813625889338118, 0.45239712230086515]",1,1
5670,[0.12465066 0.49400212],3,5,"[0.12813625889338118, 0.45239712230086515]",1,1
5671,[0.07350448 0.72709221],8,-1,-1,2,-1
5672,[0.08815288 0.52920008],3,-1,-1,1,1
5673,[0.74464288 0.57223279],0,4,"[0.7285423500480827, 0.6073851354724864]",3,2
5674,[0.14847586 0.44216584],3,5,"[0.12813625889338118, 0.45239712230086515]",1,1
5675,[0.48700008 0.69243809],6,-1,-1,2,-1
5676,[0.84031512 0.47011215],4,2,"[0.8312266673252705, 0.4613441479074099]",4,-1
5677,[0.80541942 0.48126121],4,2,"[0.8312266673252705, 0.4613441479074099]",4,-1
5678,[0.45072767 0.63350296],9,0,"[0.4297636102329726, 0.6357143141723958]",2,-1
5679,[0.19484861 0.73987959],8,7,"[0.17089520780330653, 0.7464713359575794]",2,8
5680,[0.28192765 0.71157673],1,9,"[0.2630806751638254, 0.7080875454644293]",2,9
5681,[0.1343636  0.39562585],3,5,"[0.12813625889338118, 0.45239712230086515]",1,1
5682,[0.27820386 0.64903836],1,9,"[0.2630806751638254, 0.7080875454644293]",2,-1
5683,[0.17587145 0.70213047],8,7,"[0.17089520780330653, 0.7464713359575794]",2,8
5684,[0.5544633  0.14756878],5,3,"[0.5044907196570393, 0.16230287856274858]",0,0
5685,[0.30683629 0.90255519],2,1,"[0.3445904742281392, 0.8508004104108614]",2,-1
5686,[0.72139071 0.5969028 ],0,4,"[0.7285423500480827, 0.6073851354724864]",3,2
5687,[0.87400985 0.43573855],4,2,"[0.8312266673252705, 0.4613441479074099]",4,-1
5688,[0.34832455 0.79394721],2,1,"[0.3445904742281392, 0.8508004104108614]",2,-1
5689,[0.13318569 0.44225696],3,5,"[0.12813625889338118, 0.45239712230086515]",1,1
5690,[0.52883897 0.20160949],5,3,"[0.5044907196570393, 0.16230287856274858]",0,0
5691,[0.4085479  0.69268195],9,8,"[0.36289448703783916, 0.7073371999105278]",2,10
5692,[0.35905567 0.85948416],2,1,"[0.3445904742281392, 0.8508004104108614]",2,5
5693,[0.32249319 0.72351621],1,8,"[0.36289448703783916, 0.7073371999105278]",2,9
5694,[0.49010642 0.73258603],6,-1,-1,2,-1
5695,[0.51363941 0.11840543],5,3,"[0.5044907196570393, 0.16230287856274858]",0,0
5696,[0.31056861 0.85291487],2,1,"[0.3445904742281392, 0.8508004104108614]",2,-1
5697,[0.81755823 0.37082647],7,6,"[0.7921949837838228, 0.3529120844654886]",4,-1
5698,[0.15011277 0.45900173],3,5,"[0.12813625889338118, 0.45239712230086515]",1,1
5699,[0.80962602 0.52837035],0,-1,-1,4,-1
5700,[0.87516505 0.33925542],7,-1,-1,4,-1
5701,[0.1874681  0.74928551],8,7,"[0.17089520780330653, 0.7464713359575794]",2,8
5702,[0.43814767 0.54652009],9,-1,-1,2,-1
5703,[0.41074164 0.70659785],6,8,"[0.36289448703783916, 0.7073371999105278]",2,10
5704,[0.11809597 0.44755032],3,5,"[0.12813625889338118, 0.45239712230086515]",1,1
5705,[0.27738593 0.68179049],1,9,"[0.2630806751638254, 0.7080875454644293]",2,9
5706,[0.85499005 0.43078961],4,2,"[0.8312266673252705, 0.4613441479074099]",4,-1
5707,[0.35167248 0.66703978],6,8,"[0.36289448703783916, 0.7073371999105278]",2,-1
5708,[0.3928913  0.72922002],6,8,"[0.36289448703783916, 0.7073371999105278]",2,-1
5709,[0.09857171 0.44137853],3,5,"[0.12813625889338118, 0.45239712230086515]",1,1
5710,[0.47452674 0.68916871],6,0,"[0.4297636102329726, 0.6357143141723958]",2,-1
5711,[0.896959   0.54973904],0,-1,-1,4,-1
5712,[0.17982537 0.79617688],8,7,"[0.17089520780330653, 0.7464713359575794]",2,-1
5713,[0.16457932 0.68175883],8,7,"[0.17089520780330653, 0.7464713359575794]",2,-1
5714,[0.70060802 0.60479183],0,4,"[0.7285423500480827, 0.6073851354724864]",3,2
5715,[0.15918802 0.47863207],3,5,"[0.12813625889338118, 0.45239712230086515]",1,1
5716,[0.20906922 0.78891947],8,7,"[0.17089520780330653, 0.7464713359575794]",2,-1
5717,[0.5168883  0.67655674],6,-1,-1,2,-1
5718,[0.34287766 0.72940031],1,8,"[0.36289448703783916, 0.7073371999105278]",2,-1
5719,[0.43138767 0.72558324],6,-1,-1,2,10
5720,[0.87608965 0.31509352],7,-1,-1,4,-1
5721,[0.78420779 0.59339907],0,4,"[0.7285423500480827, 0.6073851354724864]",3,2
5722,[0.33214676 0.94185411],2,-1,-1,2,-1
5723,[0.8224234 0.4010068],4,6,"[0.7921949837838228, 0.3529120844654886]",4,6
5724,[0.88259581 0.39735222],4,-1,-1,4,-1
5725,[0.76835623 0.34755143],7,6,"[0.7921949837838228, 0.3529120844654886]",4,-1
5726,[0.86525632 0.46643224],4,2,"[0.8312266673252705, 0.4613441479074099]",4,-1
5727,[0.72860712 0.6138357 ],0,4,"[0.7285423500480827, 0.6073851354724864]",3,2
5728,[0.65274879 0.586519  ],0,-1,-1,3,2
5729,[0.3086532  0.72018395],1,9,"[0.2630806751638254, 0.7080875454644293]",2,9
5730,[0.83961626 0.44210201],4,2,"[0.8312266673252705, 0.4613441479074099]",4,-1
5731,[0.78596556 0.35642842],7,6,"[0.7921949837838228, 0.3529120844654886]",4,-1
5732,[0.44970568 0.71290619],6,-1,-1,2,-1
5733,[0.38707525 0.6692729 ],6,8,"[0.36289448703783916, 0.7073371999105278]",2,-1
5734,[0.15819846 0.44761683],3,5,"[0.12813625889338118, 0.45239712230086515]",1,1
5735,[0.41106254 0.71694256],6,8,"[0.36289448703783916, 0.7073371999105278]",2,10
5736,[0.1718165  0.43852953],3,5,"[0.12813625889338118, 0.45239712230086515]",1,1
5737,[0.85819894 0.47246375],4,2,"[0.8312266673252705, 0.4613441479074099]",4,-1
5738,[0.54359558 0.17692162],5,3,"[0.5044907196570393, 0.16230287856274858]",0,0
5739,[0.15345684 0.80989475],8,7,"[0.17089520780330653, 0.7464713359575794]",2,-1
5740,[0.45613641 0.76539423],6,-1,-1,2,-1
5741,[0.21966338 0.71071197],8,9,"[0.2630806751638254, 0.7080875454644293]",2,-1
5742,[0.14854434 0.67591617],8,-1,-1,2,-1
5743,[0.26770517 0.72012673],1,9,"[0.2630806751638254, 0.7080875454644293]",2,9
5744,[0.4297313  0.68528116],6,0,"[0.4297636102329726, 0.6357143141723958]",2,10
5745,[0.73770133 0.65494112],0,4,"[0.7285423500480827, 0.6073851354724864]",3,2
5746,[0.47407059 0.70375747],6,-1,-1,2,-1
5747,[0.17896583 0.7317078 ],8,7,"[0.17089520780330653, 0.7464713359575794]",2,8
5748,[0.38304188 0.78384151],1,-1,-1,2,-1
5749,[0.17574413 0.53311911],3,-1,-1,1,1
5750,[0.48587407 0.11110652],5,3,"[0.5044907196570393, 0.16230287856274858]",0,0
5751,[0.21051711 0.80415471],8,7,"[0.17089520780330653, 0.7464713359575794]",2,-1
5752,[0.33163697 0.86435225],2,1,"[0.3445904742281392, 0.8508004104108614]",2,-1
5753,[0.35064558 0.80058472],2,1,"[0.3445904742281392, 0.8508004104108614]",2,-1
5754,[0.83375877 0.4340014 ],7,2,"[0.8312266673252705, 0.4613441479074099]",4,-1
5755,[0.16858294 0.40522541],3,5,"[0.12813625889338118, 0.45239712230086515]",1,1
5756,[0.79464608 0.34710656],7,6,"[0.7921949837838228, 0.3529120844654886]",4,6
5757,[0.3128924  0.88316206],2,1,"[0.3445904742281392, 0.8508004104108614]",2,-1
5758,[0.39258606 0.53807399],9,-1,-1,2,-1
5759,[0.45312715 0.19027335],5,3,"[0.5044907196570393, 0.16230287856274858]",0,0
5760,[0.1514224  0.68501521],8,7,"[0.17089520780330653, 0.7464713359575794]",2,-1
5761,[0.83618188 0.63137325],0,-1,-1,3,2
5762,[0.83719567 0.49051344],4,2,"[0.8312266673252705, 0.4613441479074099]",4,-1
5763,[0.48203858 0.65938819],6,0,"[0.4297636102329726, 0.6357143141723958]",2,-1
5764,[0.1833228 0.7523004],8,7,"[0.17089520780330653, 0.7464713359575794]",2,8
5765,[0.5205332  0.65903582],6,-1,-1,2,-1
5766,[0.40566922 0.63512615],9,0,"[0.4297636102329726, 0.6357143141723958]",2,13
5767,[0.52222342 0.22612801],5,3,"[0.5044907196570393, 0.16230287856274858]",0,0
5768,[0.78933417 0.44452488],4,2,"[0.8312266673252705, 0.4613441479074099]",4,-1
5769,[0.09252845 0.4610318 ],3,5,"[0.12813625889338118, 0.45239712230086515]",1,1
5770,[0.0945829  0.42049771],3,5,"[0.12813625889338118, 0.45239712230086515]",1,1
5771,[0.82405846 0.43963515],4,2,"[0.8312266673252705, 0.4613441479074099]",4,7
5772,[0.35190834 0.85759365],2,1,"[0.3445904742281392, 0.8508004104108614]",2,5
5773,[0.08872666 0.37965714],3,-1,-1,1,1
5774,[0.42406842 0.71471667],6,8,"[0.36289448703783916, 0.7073371999105278]",2,10
5775,[0.19583593 0.76608461],8,7,"[0.17089520780330653, 0.7464713359575794]",2,8
5776,[0.83085891 0.49507774],4,2,"[0.8312266673252705, 0.4613441479074099]",4,-1
5777,[0.17334693 0.73277379],8,7,"[0.17089520780330653, 0.7464713359575794]",2,8
5778,[0.44289513 0.59067466],9,0,"[0.4297636102329726, 0.6357143141723958]",2,11
5779,[0.21977204 0.70130005],1,9,"[0.2630806751638254, 0.7080875454644293]",2,-1
5780,[0.88805421 0.49109357],4,2,"[0.8312266673252705, 0.4613441479074099]",4,-1
5781,[0.38650745 0.57683422],9,-1,-1,2,-1
5782,[0.33706142 0.65065201],6,8,"[0.36289448703783916, 0.7073371999105278]",2,-1
5783,[0.50521259 0.18644597],5,3,"[0.5044907196570393, 0.16230287856274858]",0,0
5784,[0.76593065 0.4558327 ],4,2,"[0.8312266673252705, 0.4613441479074099]",4,-1
5785,[0.51367093 0.17026965],5,3,"[0.5044907196570393, 0.16230287856274858]",0,0
5786,[0.39748373 0.57302713],9,-1,-1,2,-1
5787,[0.33057904 0.5263866 ],9,-1,-1,2,-1
5788,[0.40395579 0.75125073],6,8,"[0.36289448703783916, 0.7073371999105278]",2,-1
5789,[0.34342213 0.8446733 ],2,1,"[0.3445904742281392, 0.8508004104108614]",2,-1
5790,[0.42432187 0.63939282],9,0,"[0.4297636102329726, 0.6357143141723958]",2,-1
5791,[0.14943483 0.65438982],8,-1,-1,2,-1
5792,[0.36969703 0.55191327],9,-1,-1,2,-1
5793,[0.35869304 0.83871735],2,1,"[0.3445904742281392, 0.8508004104108614]",2,-1
5794,[0.88524893 0.51105741],4,-1,-1,4,-1
5795,[0.40171982 0.59351891],9,0,"[0.4297636102329726, 0.6357143141723958]",2,11
5796,[0.82043517 0.36886725],7,6,"[0.7921949837838228, 0.3529120844654886]",4,6
5797,[0.09054016 0.75929931],8,-1,-1,2,-1
5798,[0.53072541 0.14141148],5,3,"[0.5044907196570393, 0.16230287856274858]",0,0
5799,[0.19096224 0.38981382],3,-1,-1,1,1
5800,[0.78318173 0.37197493],7,6,"[0.7921949837838228, 0.3529120844654886]",4,-1
5801,[0.54395907 0.23196689],5,-1,-1,0,0
5802,[0.21339354 0.78831611],8,7,"[0.17089520780330653, 0.7464713359575794]",2,-1
5803,[0.40188557 0.87936343],2,1,"[0.3445904742281392, 0.8508004104108614]",2,-1
5804,[0.35226948 0.76278524],1,8,"[0.36289448703783916, 0.7073371999105278]",2,-1
5805,[0.22026498 0.70664534],8,9,"[0.2630806751638254, 0.7080875454644293]",2,-1
5806,[0.46530259 0.60908561],9,0,"[0.4297636102329726, 0.6357143141723958]",2,-1
5807,[0.47130908 0.15916001],5,3,"[0.5044907196570393, 0.16230287856274858]",0,0
5808,[0.08920669 0.46512215],3,5,"[0.12813625889338118, 0.45239712230086515]",1,1
5809,[0.4230327  0.70367095],6,8,"[0.36289448703783916, 0.7073371999105278]",2,10
5810,[0.7056457 0.5787696],0,4,"[0.7285423500480827, 0.6073851354724864]",3,2
5811,[0.70906523 0.390859  ],7,-1,-1,4,-1
5812,[0.21367415 0.65946071],1,9,"[0.2630806751638254, 0.7080875454644293]",2,-1
5813,[0.75451682 0.40987176],7,6,"[0.7921949837838228, 0.3529120844654886]",4,-1
5814,[0.44215629 0.58947771],9,0,"[0.4297636102329726, 0.6357143141723958]",2,11
5815,[0.69411303 0.58632222],0,4,"[0.7285423500480827, 0.6073851354724864]",3,2
5816,[0.1795429  0.48309579],3,5,"[0.12813625889338118, 0.45239712230086515]",1,1
5817,[0.26206699 0.73286575],1,9,"[0.2630806751638254, 0.7080875454644293]",2,-1
5818,[0.41553863 0.59581506],9,0,"[0.4297636102329726, 0.6357143141723958]",2,-1
5819,[0.46469454 0.74065039],6,-1,-1,2,-1
5820,[0.55608371 0.16079291],5,3,"[0.5044907196570393, 0.16230287856274858]",0,0
5821,[0.7029137  0.54884223],0,4,"[0.7285423500480827, 0.6073851354724864]",3,2
5822,[0.14044565 0.47030634],3,5,"[0.12813625889338118, 0.45239712230086515]",1,1
5823,[0.82219496 0.49133519],4,2,"[0.8312266673252705, 0.4613441479074099]",4,7
5824,[0.14702346 0.44017567],3,5,"[0.12813625889338118, 0.45239712230086515]",1,1
5825,[0.12824991 0.72857414],8,7,"[0.17089520780330653, 0.7464713359575794]",2,-1
5826,[0.40063902 0.73166604],6,8,"[0.36289448703783916, 0.7073371999105278]",2,-1
5827,[0.74662759 0.30852739],7,6,"[0.7921949837838228, 0.3529120844654886]",4,-1
5828,[0.15646858 0.73474516],8,7,"[0.17089520780330653, 0.7464713359575794]",2,-1
5829,[0.50328706 0.20826408],5,3,"[0.5044907196570393, 0.16230287856274858]",0,0
5830,[0.39039518 0.60477156],9,0,"[0.4297636102329726, 0.6357143141723958]",2,12
5831,[0.84935081 0.43557916],4,2,"[0.8312266673252705, 0.4613441479074099]",4,-1
5832,[0.35536369 0.86027051],2,1,"[0.3445904742281392, 0.8508004104108614]",2,5
5833,[0.43288936 0.67773546],6,0,"[0.4297636102329726, 0.6357143141723958]",2,10
5834,[0.33057768 0.86419652],2,1,"[0.3445904742281392, 0.8508004104108614]",2,-1
5835,[0.35638394 0.73735435],1,8,"[0.36289448703783916, 0.7073371999105278]",2,-1
5836,[0.37294071 0.59285488],9,-1,-1,2,-1
5837,[0.31036793 0.88047534],2,1,"[0.3445904742281392, 0.8508004104108614]",2,-1
5838,[0.16510514 0.46586227],3,5,"[0.12813625889338118, 0.45239712230086515]",1,1
5839,[0.79733237 0.34162923],7,6,"[0.7921949837838228, 0.3529120844654886]",4,6
5840,[0.79427497 0.35959964],7,6,"[0.7921949837838228, 0.3529120844654886]",4,6
5841,[0.38777908 0.69129907],6,8,"[0.36289448703783916, 0.7073371999105278]",2,-1
5842,[0.75128957 0.3632183 ],7,6,"[0.7921949837838228, 0.3529120844654886]",4,-1
5843,[0.84911522 0.44957595],4,2,"[0.8312266673252705, 0.4613441479074099]",4,-1
5844,[0.38786691 0.62166879],9,0,"[0.4297636102329726, 0.6357143141723958]",2,-1
5845,[0.31188464 0.88878196],2,1,"[0.3445904742281392, 0.8508004104108614]",2,-1
5846,[0.63734098 0.64040533],0,-1,-1,3,2
5847,[0.11581408 0.46165073],3,5,"[0.12813625889338118, 0.45239712230086515]",1,1
5848,[0.85574402 0.42931556],4,2,"[0.8312266673252705, 0.4613441479074099]",4,-1
5849,[0.75456225 0.35696177],7,6,"[0.7921949837838228, 0.3529120844654886]",4,-1
5850,[0.6831351  0.62666344],0,4,"[0.7285423500480827, 0.6073851354724864]",3,2
5851,[0.26306023 0.75874446],1,9,"[0.2630806751638254, 0.7080875454644293]",2,-1
5852,[0.40667212 0.59355009],9,0,"[0.4297636102329726, 0.6357143141723958]",2,-1
5853,[0.36780661 0.89969501],2,1,"[0.3445904742281392, 0.8508004104108614]",2,-1
5854,[0.91698092 0.45000823],4,-1,-1,4,-1
5855,[0.3106585  0.76763067],1,-1,-1,2,-1
5856,[0.14149009 0.36181575],3,-1,-1,1,1
5857,[0.80797289 0.50798972],4,2,"[0.8312266673252705, 0.4613441479074099]",4,-1
5858,[0.70729122 0.60802329],0,4,"[0.7285423500480827, 0.6073851354724864]",3,2
5859,[0.34008234 0.81080802],2,1,"[0.3445904742281392, 0.8508004104108614]",2,-1
5860,[0.48044774 0.6709694 ],6,0,"[0.4297636102329726, 0.6357143141723958]",2,-1
5861,[0.05030696 0.48583465],3,-1,-1,1,1
5862,[0.1609103  0.44893409],3,5,"[0.12813625889338118, 0.45239712230086515]",1,1
5863,[0.66565877 0.55937646],0,-1,-1,3,2
5864,[0.26215192 0.71118321],1,9,"[0.2630806751638254, 0.7080875454644293]",2,9
5865,[0.309729   0.69137159],1,9,"[0.2630806751638254, 0.7080875454644293]",2,9
5866,[0.71441731 0.51285591],0,-1,-1,3,2
5867,[0.356173   0.70926229],1,8,"[0.36289448703783916, 0.7073371999105278]",2,-1
5868,[0.77773107 0.2781492 ],7,-1,-1,4,-1
5869,[0.14879568 0.78901497],8,7,"[0.17089520780330653, 0.7464713359575794]",2,-1
5870,[0.05380211 0.51485967],3,-1,-1,1,1
5871,[0.30815694 0.74603745],1,9,"[0.2630806751638254, 0.7080875454644293]",2,-1
5872,[0.26462095 0.7248144 ],1,9,"[0.2630806751638254, 0.7080875454644293]",2,9
5873,[0.6731839  0.56671807],0,4,"[0.7285423500480827, 0.6073851354724864]",3,2
5874,[0.35604268 0.54560553],9,-1,-1,2,-1
5875,[0.38677089 0.60435229],9,0,"[0.4297636102329726, 0.6357143141723958]",2,-1
5876,[0.53645306 0.12691112],5,3,"[0.5044907196570393, 0.16230287856274858]",0,0
5877,[0.43574799 0.66741272],9,0,"[0.4297636102329726, 0.6357143141723958]",2,10
5878,[0.41826289 0.69609079],6,8,"[0.36289448703783916, 0.7073371999105278]",2,10
5879,[0.80174516 0.33098149],7,6,"[0.7921949837838228, 0.3529120844654886]",4,-1
5880,[0.70719963 0.60925543],0,4,"[0.7285423500480827, 0.6073851354724864]",3,2
5881,[0.75141796 0.6243008 ],0,4,"[0.7285423500480827, 0.6073851354724864]",3,2
5882,[0.17294518 0.42485154],3,5,"[0.12813625889338118, 0.45239712230086515]",1,1
5883,[0.87685963 0.45848712],4,2,"[0.8312266673252705, 0.4613441479074099]",4,-1
5884,[0.29913253 0.64595679],1,-1,-1,2,-1
5885,[0.23759363 0.70769531],1,9,"[0.2630806751638254, 0.7080875454644293]",2,-1
5886,[0.09314785 0.42987879],3,5,"[0.12813625889338118, 0.45239712230086515]",1,1
5887,[0.83009644 0.4056679 ],4,2,"[0.8312266673252705, 0.4613441479074099]",4,-1
5888,[0.49760925 0.19173007],5,3,"[0.5044907196570393, 0.16230287856274858]",0,0
5889,[0.74300202 0.6054408 ],0,4,"[0.7285423500480827, 0.6073851354724864]",3,2
5890,[0.28793135 0.68335131],1,9,"[0.2630806751638254, 0.7080875454644293]",2,9
5891,[0.73549494 0.61146091],0,4,"[0.7285423500480827, 0.6073851354724864]",3,2
5892,[0.14300562 0.42791308],3,5,"[0.12813625889338118, 0.45239712230086515]",1,1
5893,[0.75064853 0.3012973 ],7,6,"[0.7921949837838228, 0.3529120844654886]",4,-1
5894,[0.79491242 0.44348761],4,2,"[0.8312266673252705, 0.4613441479074099]",4,-1
5895,[0.11106233 0.42670883],3,5,"[0.12813625889338118, 0.45239712230086515]",1,1
5896,[0.73498423 0.56734856],0,4,"[0.7285423500480827, 0.6073851354724864]",3,2
5897,[0.45391392 0.14742255],5,3,"[0.5044907196570393, 0.16230287856274858]",0,0
5898,[0.27022696 0.7752766 ],1,9,"[0.2630806751638254, 0.7080875454644293]",2,-1
5899,[0.45372578 0.16136161],5,3,"[0.5044907196570393, 0.16230287856274858]",0,0
5900,[0.39848732 0.93902828],2,-1,-1,2,-1
5901,[0.82212711 0.47875144],4,2,"[0.8312266673252705, 0.4613441479074099]",4,-1
5902,[0.30707641 0.74979708],1,9,"[0.2630806751638254, 0.7080875454644293]",2,-1
5903,[0.07744605 0.46869749],3,5,"[0.12813625889338118, 0.45239712230086515]",1,1
5904,[0.13927315 0.74194048],8,7,"[0.17089520780330653, 0.7464713359575794]",2,-1
5905,[0.73625769 0.64901777],0,4,"[0.7285423500480827, 0.6073851354724864]",3,2
5906,[0.44828684 0.74966726],6,-1,-1,2,-1
5907,[0.37380006 0.6503952 ],9,0,"[0.4297636102329726, 0.6357143141723958]",2,-1
5908,[0.79391845 0.59089205],0,4,"[0.7285423500480827, 0.6073851354724864]",3,2
5909,[0.12395876 0.34314684],3,-1,-1,1,1
5910,[0.76342022 0.59173426],0,4,"[0.7285423500480827, 0.6073851354724864]",3,2
5911,[0.15187921 0.44603629],3,5,"[0.12813625889338118, 0.45239712230086515]",1,1
5912,[0.45534195 0.5883111 ],9,0,"[0.4297636102329726, 0.6357143141723958]",2,-1
5913,[0.30031053 0.88993602],2,1,"[0.3445904742281392, 0.8508004104108614]",2,-1
5914,[0.35553214 0.59445546],9,-1,-1,2,-1
5915,[0.29385014 0.7585548 ],1,9,"[0.2630806751638254, 0.7080875454644293]",2,-1
5916,[0.80358225 0.37479766],7,6,"[0.7921949837838228, 0.3529120844654886]",4,6
5917,[0.48303893 0.65029183],9,0,"[0.4297636102329726, 0.6357143141723958]",2,-1
5918,[0.47737248 0.17267586],5,3,"[0.5044907196570393, 0.16230287856274858]",0,0
5919,[0.65792224 0.68916097],0,-1,-1,3,2
5920,[0.40373926 0.66011402],9,0,"[0.4297636102329726, 0.6357143141723958]",2,10
5921,[0.7288471  0.63388886],0,4,"[0.7285423500480827, 0.6073851354724864]",3,2
5922,[0.39129306 0.91910017],2,-1,-1,2,-1
5923,[0.101629   0.48831549],3,5,"[0.12813625889338118, 0.45239712230086515]",1,1
5924,[0.77222362 0.27216403],7,-1,-1,4,-1
5925,[0.80219617 0.3904187 ],7,6,"[0.7921949837838228, 0.3529120844654886]",4,6
5926,[0.51624527 0.16708466],5,3,"[0.5044907196570393, 0.16230287856274858]",0,0
5927,[0.38998046 0.71823121],6,8,"[0.36289448703783916, 0.7073371999105278]",2,-1
5928,[0.46617713 0.69779472],6,-1,-1,2,-1
5929,[0.75683894 0.30622702],7,6,"[0.7921949837838228, 0.3529120844654886]",4,-1
5930,[0.70161862 0.58182054],0,4,"[0.7285423500480827, 0.6073851354724864]",3,2
5931,[0.41045091 0.14909118],5,-1,-1,0,0
5932,[0.21328343 0.75726212],8,7,"[0.17089520780330653, 0.7464713359575794]",2,-1
5933,[0.74391344 0.67744813],0,-1,-1,3,2
5934,[0.30012441 0.73213276],1,9,"[0.2630806751638254, 0.7080875454644293]",2,-1
5935,[0.78117861 0.37565164],7,6,"[0.7921949837838228, 0.3529120844654886]",4,-1
5936,[0.2361448  0.81718694],8,-1,-1,2,-1
5937,[0.45099559 0.60493252],6,0,"[0.4297636102329726, 0.6357143141723958]",2,-1
5938,[0.32574218 0.89187188],2,1,"[0.3445904742281392, 0.8508004104108614]",2,-1
5939,[0.18941249 0.41577201],3,-1,-1,1,1
5940,[0.76737772 0.64457829],0,4,"[0.7285423500480827, 0.6073851354724864]",3,2
5941,[0.41577758 0.69818982],6,8,"[0.36289448703783916, 0.7073371999105278]",2,10
5942,[0.71257648 0.55333448],0,4,"[0.7285423500480827, 0.6073851354724864]",3,2
5943,[0.82416735 0.42966291],4,2,"[0.8312266673252705, 0.4613441479074099]",4,7
5944,[0.74669257 0.36614683],7,6,"[0.7921949837838228, 0.3529120844654886]",4,-1
5945,[0.30235894 0.68208192],1,9,"[0.2630806751638254, 0.7080875454644293]",2,9
5946,[0.73208152 0.5881117 ],0,4,"[0.7285423500480827, 0.6073851354724864]",3,2
5947,[0.85597582 0.43168957],4,2,"[0.8312266673252705, 0.4613441479074099]",4,-1
5948,[0.78053123 0.42688883],7,2,"[0.8312266673252705, 0.4613441479074099]",4,-1
5949,[0.48861137 0.23284161],5,-1,-1,0,0
5950,[0.76387607 0.46246007],4,2,"[0.8312266673252705, 0.4613441479074099]",4,-1
5951,[0.7981426  0.44493971],4,2,"[0.8312266673252705, 0.4613441479074099]",4,-1
5952,[0.14448506 0.40577165],3,5,"[0.12813625889338118, 0.45239712230086515]",1,1
5953,[0.44532622 0.18050245],5,3,"[0.5044907196570393, 0.16230287856274858]",0,0
5954,[0.33632781 0.6523389 ],1,8,"[0.36289448703783916, 0.7073371999105278]",2,-1
5955,[0.56762549 0.08456765],5,-1,-1,0,0
5956,[0.45543871 0.17003376],5,3,"[0.5044907196570393, 0.16230287856274858]",0,0
5957,[0.45072572 0.7431509 ],6,-1,-1,2,-1
5958,[0.45031619 0.83847325],2,-1,-1,2,-1
5959,[0.49203935 0.68578671],6,-1,-1,2,-1
5960,[0.75075572 0.63711839],0,4,"[0.7285423500480827, 0.6073851354724864]",3,2
5961,[0.22392039 0.81241988],8,-1,-1,2,-1
5962,[0.19968781 0.44838276],3,-1,-1,1,1
5963,[0.22529258 0.71640537],1,9,"[0.2630806751638254, 0.7080875454644293]",2,-1
5964,[0.75475155 0.56258099],0,4,"[0.7285423500480827, 0.6073851354724864]",3,2
5965,[0.47843885 0.69562698],6,-1,-1,2,-1
5966,[0.29072672 0.90819699],2,-1,-1,2,-1
5967,[0.53650698 0.20309707],5,3,"[0.5044907196570393, 0.16230287856274858]",0,0
5968,[0.80404471 0.6387449 ],0,-1,-1,3,2
5969,[0.8757871  0.40836984],4,2,"[0.8312266673252705, 0.4613441479074099]",4,-1
5970,[0.31424927 0.80968088],2,1,"[0.3445904742281392, 0.8508004104108614]",2,3
5971,[0.47737211 0.654826  ],6,0,"[0.4297636102329726, 0.6357143141723958]",2,-1
5972,[0.35848303 0.84669282],2,1,"[0.3445904742281392, 0.8508004104108614]",2,5
5973,[0.92046927 0.46619285],4,-1,-1,4,-1
5974,[0.77113058 0.39524407],7,6,"[0.7921949837838228, 0.3529120844654886]",4,-1
5975,[0.39001198 0.56051498],9,-1,-1,2,-1
5976,[0.89204744 0.47283713],4,2,"[0.8312266673252705, 0.4613441479074099]",4,-1
5977,[0.21939339 0.79064732],8,7,"[0.17089520780330653, 0.7464713359575794]",2,-1
5978,[0.5267368  0.21810779],5,3,"[0.5044907196570393, 0.16230287856274858]",0,0
5979,[0.87420002 0.45189116],4,2,"[0.8312266673252705, 0.4613441479074099]",4,-1
5980,[0.47304095 0.19573753],5,3,"[0.5044907196570393, 0.16230287856274858]",0,0
5981,[0.34118008 0.79306808],2,1,"[0.3445904742281392, 0.8508004104108614]",2,-1
5982,[0.34887296 0.64696978],1,8,"[0.36289448703783916, 0.7073371999105278]",2,-1
5983,[0.73420523 0.59281509],0,4,"[0.7285423500480827, 0.6073851354724864]",3,2
5984,[0.39528982 0.70113496],6,8,"[0.36289448703783916, 0.7073371999105278]",2,-1
5985,[0.25773515 0.63832537],1,9,"[0.2630806751638254, 0.7080875454644293]",2,-1
5986,[0.1690297  0.43986409],3,5,"[0.12813625889338118, 0.45239712230086515]",1,1
5987,[0.78005843 0.58444932],0,4,"[0.7285423500480827, 0.6073851354724864]",3,2
5988,[0.40289816 0.58891418],9,0,"[0.4297636102329726, 0.6357143141723958]",2,11
5989,[0.87438997 0.41905138],7,2,"[0.8312266673252705, 0.4613441479074099]",4,-1
5990,[0.16692444 0.7403091 ],8,7,"[0.17089520780330653, 0.7464713359575794]",2,8
5991,[0.85260246 0.45629536],4,2,"[0.8312266673252705, 0.4613441479074099]",4,-1
5992,[0.51976274 0.12258819],5,3,"[0.5044907196570393, 0.16230287856274858]",0,0
5993,[0.83733123 0.34717917],7,6,"[0.7921949837838228, 0.3529120844654886]",4,-1
5994,[0.39749235 0.81847936],2,1,"[0.3445904742281392, 0.8508004104108614]",2,-1
5995,[0.20569408 0.78434632],8,7,"[0.17089520780330653, 0.7464713359575794]",2,-1
5996,[0.74575989 0.57470531],0,4,"[0.7285423500480827, 0.6073851354724864]",3,2
5997,[0.36654518 0.70159605],6,8,"[0.36289448703783916, 0.7073371999105278]",2,-1
5998,[0.15860215 0.44033695],3,5,"[0.12813625889338118, 0.45239712230086515]",1,1
5999,[0.13548251 0.73739974],8,7,"[0.17089520780330653, 0.7464713359575794]",2,-1
6000,[0.8387903  0.45480525],4,2,"[0.8312266673252705, 0.4613441479074099]",4,-1
6001,[0.57107722 0.10744295],5,-1,-1,0,0
6002,[0.36346618 0.89437423],2,1,"[0.3445904742281392, 0.8508004104108614]",2,-1
6003,[0.41150557 0.54685783],9,-1,-1,2,-1
6004,[0.50741364 0.1788227 ],5,3,"[0.5044907196570393, 0.16230287856274858]",0,0
6005,[0.13749954 0.7389269 ],8,7,"[0.17089520780330653, 0.7464713359575794]",2,-1
6006,[0.80753335 0.50388699],4,2,"[0.8312266673252705, 0.4613441479074099]",4,-1
6007,[0.74818797 0.38828688],7,6,"[0.7921949837838228, 0.3529120844654886]",4,-1
6008,[0.25092224 0.71756997],1,9,"[0.2630806751638254, 0.7080875454644293]",2,9
6009,[0.81191965 0.48970609],4,2,"[0.8312266673252705, 0.4613441479074099]",4,-1
6010,[0.37704554 0.55983562],9,-1,-1,2,-1
6011,[0.43269573 0.70329741],6,0,"[0.4297636102329726, 0.6357143141723958]",2,10
6012,[0.17961099 0.68563044],8,7,"[0.17089520780330653, 0.7464713359575794]",2,-1
6013,[0.80800624 0.27796597],7,-1,-1,4,-1
6014,[0.41276926 0.63249001],9,0,"[0.4297636102329726, 0.6357143141723958]",2,13
6015,[0.77177675 0.57971423],0,4,"[0.7285423500480827, 0.6073851354724864]",3,2
6016,[0.82946143 0.3134886 ],7,6,"[0.7921949837838228, 0.3529120844654886]",4,-1
6017,[0.26407496 0.65644025],1,9,"[0.2630806751638254, 0.7080875454644293]",2,-1
6018,[0.80188787 0.59585046],0,-1,-1,3,2
6019,[0.53182626 0.64163498],9,-1,-1,2,-1
6020,[0.83181349 0.47527963],4,2,"[0.8312266673252705, 0.4613441479074099]",4,-1
6021,[0.38033871 0.69337938],6,8,"[0.36289448703783916, 0.7073371999105278]",2,-1
6022,[0.14046347 0.41267985],3,5,"[0.12813625889338118, 0.45239712230086515]",1,1
6023,[0.77639168 0.56568007],0,4,"[0.7285423500480827, 0.6073851354724864]",3,2
6024,[0.45527599 0.2120133 ],5,3,"[0.5044907196570393, 0.16230287856274858]",0,0
6025,[0.87966356 0.33027451],7,-1,-1,4,-1
6026,[0.5097073  0.15325645],5,3,"[0.5044907196570393, 0.16230287856274858]",0,0
6027,[0.16937139 0.76737941],8,7,"[0.17089520780330653, 0.7464713359575794]",2,8
6028,[0.83628516 0.54111911],4,-1,-1,4,-1
6029,[0.75206808 0.60964372],0,4,"[0.7285423500480827, 0.6073851354724864]",3,2
6030,[0.19756062 0.80387375],8,7,"[0.17089520780330653, 0.7464713359575794]",2,-1
6031,[0.44177054 0.68933849],9,0,"[0.4297636102329726, 0.6357143141723958]",2,-1
6032,[0.40573001 0.8384417 ],2,1,"[0.3445904742281392, 0.8508004104108614]",2,-1
6033,[0.48103372 0.65531586],9,0,"[0.4297636102329726, 0.6357143141723958]",2,-1
6034,[0.50220645 0.15854944],5,3,"[0.5044907196570393, 0.16230287856274858]",0,0
6035,[0.79934337 0.4640642 ],4,2,"[0.8312266673252705, 0.4613441479074099]",4,-1
6036,[0.84978924 0.46207753],4,2,"[0.8312266673252705, 0.4613441479074099]",4,-1
6037,[0.83885154 0.43058108],4,2,"[0.8312266673252705, 0.4613441479074099]",4,-1
6038,[0.49186949 0.15300807],5,3,"[0.5044907196570393, 0.16230287856274858]",0,0
6039,[0.86744427 0.48814942],4,2,"[0.8312266673252705, 0.4613441479074099]",4,-1
6040,[0.48296798 0.22865529],5,3,"[0.5044907196570393, 0.16230287856274858]",0,0
6041,[0.48983815 0.14926193],5,3,"[0.5044907196570393, 0.16230287856274858]",0,0
6042,[0.19144991 0.72388667],8,7,"[0.17089520780330653, 0.7464713359575794]",2,8
6043,[0.4578057  0.75276995],6,-1,-1,2,-1
6044,[0.37262102 0.59908371],9,0,"[0.4297636102329726, 0.6357143141723958]",2,-1
6045,[0.29888213 0.80896939],2,1,"[0.3445904742281392, 0.8508004104108614]",2,-1
6046,[0.09215485 0.76523701],8,-1,-1,2,-1
6047,[0.46347538 0.71979242],6,-1,-1,2,10
6048,[0.7900621  0.38234037],7,6,"[0.7921949837838228, 0.3529120844654886]",4,-1
6049,[0.73408263 0.66440117],0,4,"[0.7285423500480827, 0.6073851354724864]",3,2
6050,[0.3344831  0.68461061],6,8,"[0.36289448703783916, 0.7073371999105278]",2,-1
6051,[0.32646503 0.71981062],1,8,"[0.36289448703783916, 0.7073371999105278]",2,9
6052,[0.49529233 0.17713381],5,3,"[0.5044907196570393, 0.16230287856274858]",0,0
6053,[0.40958455 0.73718042],1,8,"[0.36289448703783916, 0.7073371999105278]",2,-1
6054,[0.42484089 0.84974155],2,-1,-1,2,-1
6055,[0.30736891 0.7369894 ],1,9,"[0.2630806751638254, 0.7080875454644293]",2,-1
6056,[0.43387366 0.83734205],2,-1,-1,2,-1
6057,[0.49066711 0.69270193],6,-1,-1,2,-1
6058,[0.52895038 0.13702352],5,3,"[0.5044907196570393, 0.16230287856274858]",0,0
6059,[0.08278541 0.42333741],3,5,"[0.12813625889338118, 0.45239712230086515]",1,1
6060,[0.82164645 0.51280553],4,2,"[0.8312266673252705, 0.4613441479074099]",4,-1
6061,[0.34360744 0.64821602],1,8,"[0.36289448703783916, 0.7073371999105278]",2,-1
6062,[0.41767548 0.52124707],9,-1,-1,2,-1
6063,[0.89235286 0.42866139],4,2,"[0.8312266673252705, 0.4613441479074099]",4,-1
6064,[0.42576576 0.70516045],6,8,"[0.36289448703783916, 0.7073371999105278]",2,10
6065,[0.42424001 0.68313099],9,0,"[0.4297636102329726, 0.6357143141723958]",2,10
6066,[0.45838085 0.7175115 ],6,-1,-1,2,10
6067,[0.47608984 0.16167543],5,3,"[0.5044907196570393, 0.16230287856274858]",0,0
6068,[0.08014469 0.39359934],3,-1,-1,1,1
6069,[0.37999117 0.5341512 ],9,-1,-1,2,-1
6070,[0.31403042 0.7800991 ],2,-1,-1,2,-1
6071,[0.73598166 0.64399926],0,4,"[0.7285423500480827, 0.6073851354724864]",3,2
6072,[0.26630683 0.72689181],1,9,"[0.2630806751638254, 0.7080875454644293]",2,9
6073,[0.75745763 0.37192682],7,6,"[0.7921949837838228, 0.3529120844654886]",4,-1
6074,[0.14336223 0.44670312],3,5,"[0.12813625889338118, 0.45239712230086515]",1,1
6075,[0.81754508 0.39473706],7,6,"[0.7921949837838228, 0.3529120844654886]",4,6
6076,[0.85152841 0.39629963],4,2,"[0.8312266673252705, 0.4613441479074099]",4,-1
6077,[0.43001191 0.68224223],6,0,"[0.4297636102329726, 0.6357143141723958]",2,10
6078,[0.32167238 0.74532925],1,8,"[0.36289448703783916, 0.7073371999105278]",2,-1
6079,[0.50872075 0.63709131],9,-1,-1,2,-1
6080,[0.13992859 0.41723155],3,5,"[0.12813625889338118, 0.45239712230086515]",1,1
6081,[0.70450701 0.53974612],0,-1,-1,3,2
6082,[0.33911769 0.87992636],2,1,"[0.3445904742281392, 0.8508004104108614]",2,-1
6083,[0.35672903 0.57701323],9,-1,-1,2,-1
6084,[0.83906138 0.41007215],4,2,"[0.8312266673252705, 0.4613441479074099]",4,-1
6085,[0.46453081 0.1603256 ],5,3,"[0.5044907196570393, 0.16230287856274858]",0,0
6086,[0.38781243 0.77792265],2,-1,-1,2,-1
6087,[0.36996484 0.69874208],1,8,"[0.36289448703783916, 0.7073371999105278]",2,-1
6088,[0.69835932 0.60526923],0,4,"[0.7285423500480827, 0.6073851354724864]",3,2
6089,[0.44117915 0.58394072],9,0,"[0.4297636102329726, 0.6357143141723958]",2,11
6090,[0.39289889 0.15201704],5,-1,-1,0,0
6091,[0.40658758 0.64141718],9,0,"[0.4297636102329726, 0.6357143141723958]",2,-1
6092,[0.37254244 0.90780109],2,1,"[0.3445904742281392, 0.8508004104108614]",2,-1
6093,[0.2422048  0.73537331],1,9,"[0.2630806751638254, 0.7080875454644293]",2,8
6094,[0.14277089 0.48446257],3,5,"[0.12813625889338118, 0.45239712230086515]",1,1
6095,[0.40606196 0.63326749],9,0,"[0.4297636102329726, 0.6357143141723958]",2,13
6096,[0.26552793 0.46778735],3,-1,-1,1,1
6097,[0.10991846 0.49615942],3,5,"[0.12813625889338118, 0.45239712230086515]",1,1
6098,[0.33901133 0.83995483],2,1,"[0.3445904742281392, 0.8508004104108614]",2,-1
6099,[0.19095402 0.69942019],8,7,"[0.17089520780330653, 0.7464713359575794]",2,8
6100,[0.17708659 0.46517465],3,5,"[0.12813625889338118, 0.45239712230086515]",1,1
6101,[0.75965851 0.59822772],0,4,"[0.7285423500480827, 0.6073851354724864]",3,2
6102,[0.16939869 0.76306226],8,7,"[0.17089520780330653, 0.7464713359575794]",2,8
6103,[0.17554833 0.72609356],8,7,"[0.17089520780330653, 0.7464713359575794]",2,8
6104,[0.39248994 0.68643524],6,8,"[0.36289448703783916, 0.7073371999105278]",2,-1
6105,[0.38444256 0.70649923],6,8,"[0.36289448703783916, 0.7073371999105278]",2,-1
6106,[0.41331928 0.52296776],9,-1,-1,2,-1
6107,[0.47374124 0.73159954],6,-1,-1,2,-1
6108,[0.76123991 0.43005904],7,-1,-1,4,-1
6109,[0.14356356 0.49126658],3,5,"[0.12813625889338118, 0.45239712230086515]",1,1
6110,[0.82506955 0.51764187],4,2,"[0.8312266673252705, 0.4613441479074099]",4,-1
6111,[0.51209134 0.17453539],5,3,"[0.5044907196570393, 0.16230287856274858]",0,0
6112,[0.4345839  0.75757893],6,-1,-1,2,-1
6113,[0.47825716 0.63144037],9,0,"[0.4297636102329726, 0.6357143141723958]",2,-1
6114,[0.84378984 0.43721204],4,2,"[0.8312266673252705, 0.4613441479074099]",4,-1
6115,[0.73186996 0.58522816],0,4,"[0.7285423500480827, 0.6073851354724864]",3,2
6116,[0.44344027 0.57596717],9,0,"[0.4297636102329726, 0.6357143141723958]",2,-1
6117,[0.15769756 0.71210125],8,7,"[0.17089520780330653, 0.7464713359575794]",2,-1
6118,[0.70672058 0.56316772],0,4,"[0.7285423500480827, 0.6073851354724864]",3,2
6119,[0.22890342 0.65995169],1,9,"[0.2630806751638254, 0.7080875454644293]",2,-1
6120,[0.13297866 0.42900313],3,5,"[0.12813625889338118, 0.45239712230086515]",1,1
6121,[0.43953249 0.6137816 ],9,0,"[0.4297636102329726, 0.6357143141723958]",2,-1
6122,[0.61873276 0.62741991],0,-1,-1,-1,2
6123,[0.15858314 0.74865195],8,7,"[0.17089520780330653, 0.7464713359575794]",2,8
6124,[0.30775111 0.73115247],1,9,"[0.2630806751638254, 0.7080875454644293]",2,9
6125,[0.78485931 0.45211121],4,2,"[0.8312266673252705, 0.4613441479074099]",4,-1
6126,[0.78422294 0.45640252],4,2,"[0.8312266673252705, 0.4613441479074099]",4,-1
6127,[0.80986948 0.3979127 ],4,6,"[0.7921949837838228, 0.3529120844654886]",4,6
6128,[0.37887438 0.62875383],9,0,"[0.4297636102329726, 0.6357143141723958]",2,-1
6129,[0.44277182 0.12962823],5,3,"[0.5044907196570393, 0.16230287856274858]",0,0
6130,[0.62233202 0.60969381],0,-1,-1,3,2
6131,[0.4581795  0.17769377],5,3,"[0.5044907196570393, 0.16230287856274858]",0,0
6132,[0.71520562 0.37539288],7,-1,-1,4,-1
6133,[0.69948149 0.53588656],0,-1,-1,3,2
6134,[0.49000915 0.19396239],5,3,"[0.5044907196570393, 0.16230287856274858]",0,0
6135,[0.48562628 0.13184872],5,3,"[0.5044907196570393, 0.16230287856274858]",0,0
6136,[0.40101196 0.58893902],9,0,"[0.4297636102329726, 0.6357143141723958]",2,11
6137,[0.39323891 0.57613823],9,0,"[0.4297636102329726, 0.6357143141723958]",2,-1
6138,[0.27575216 0.82717171],2,-1,-1,2,-1
6139,[0.32763511 0.89690587],2,1,"[0.3445904742281392, 0.8508004104108614]",2,-1
6140,[0.32413615 0.69953315],1,8,"[0.36289448703783916, 0.7073371999105278]",2,9
6141,[0.48044745 0.77413758],6,-1,-1,2,-1
6142,[0.65788917 0.56990857],0,-1,-1,3,2
6143,[0.22834932 0.67467113],1,9,"[0.2630806751638254, 0.7080875454644293]",2,-1
6144,[0.65790317 0.61299991],0,-1,-1,3,2
6145,[0.33239282 0.87982844],2,1,"[0.3445904742281392, 0.8508004104108614]",2,-1
6146,[0.80867883 0.38500895],7,6,"[0.7921949837838228, 0.3529120844654886]",4,6
6147,[0.32527153 0.82661455],2,1,"[0.3445904742281392, 0.8508004104108614]",2,3
6148,[0.44355865 0.69116304],6,0,"[0.4297636102329726, 0.6357143141723958]",2,10
6149,[0.13460744 0.70090212],8,7,"[0.17089520780330653, 0.7464713359575794]",2,-1
6150,[0.82335253 0.32487526],7,6,"[0.7921949837838228, 0.3529120844654886]",4,-1
6151,[0.47058045 0.13089996],5,3,"[0.5044907196570393, 0.16230287856274858]",0,0
6152,[0.29022683 0.684311  ],1,9,"[0.2630806751638254, 0.7080875454644293]",2,9
6153,[0.4360242  0.53813275],9,-1,-1,2,-1
6154,[0.50556848 0.12487029],5,3,"[0.5044907196570393, 0.16230287856274858]",0,0
6155,[0.16396972 0.71447461],8,7,"[0.17089520780330653, 0.7464713359575794]",2,8
6156,[0.21385374 0.77555721],8,7,"[0.17089520780330653, 0.7464713359575794]",2,-1
6157,[0.52382512 0.16126025],5,3,"[0.5044907196570393, 0.16230287856274858]",0,0
6158,[0.82321617 0.38218699],4,6,"[0.7921949837838228, 0.3529120844654886]",4,-1
6159,[0.23615503 0.63451499],8,-1,-1,2,-1
6160,[0.40713031 0.58266924],9,0,"[0.4297636102329726, 0.6357143141723958]",2,11
6161,[0.25333591 0.64490658],1,9,"[0.2630806751638254, 0.7080875454644293]",2,-1
6162,[0.46500493 0.60898524],9,0,"[0.4297636102329726, 0.6357143141723958]",2,-1
6163,[0.42220539 0.91283045],2,-1,-1,2,-1
6164,[0.89618732 0.5217777 ],4,-1,-1,4,-1
6165,[0.72867148 0.38455893],7,-1,-1,4,-1
6166,[0.19857184 0.7600406 ],8,7,"[0.17089520780330653, 0.7464713359575794]",2,-1
6167,[0.32601795 0.82574076],2,1,"[0.3445904742281392, 0.8508004104108614]",2,-1
6168,[0.55181809 0.13858426],5,3,"[0.5044907196570393, 0.16230287856274858]",0,0
6169,[0.45066677 0.7764774 ],6,-1,-1,2,-1
6170,[0.3586322  0.68006098],6,8,"[0.36289448703783916, 0.7073371999105278]",2,-1
6171,[0.33999119 0.6286759 ],9,-1,-1,2,-1
6172,[0.79505481 0.45114451],4,2,"[0.8312266673252705, 0.4613441479074099]",4,-1
6173,[0.81606409 0.36908478],7,6,"[0.7921949837838228, 0.3529120844654886]",4,-1
6174,[0.4672202  0.14734023],5,3,"[0.5044907196570393, 0.16230287856274858]",0,0
6175,[0.13697968 0.6998042 ],8,7,"[0.17089520780330653, 0.7464713359575794]",2,-1
6176,[0.29739163 0.70019189],1,9,"[0.2630806751638254, 0.7080875454644293]",2,9
6177,[0.9105738  0.47980398],4,-1,-1,4,-1
6178,[0.29391071 0.70618744],1,9,"[0.2630806751638254, 0.7080875454644293]",2,9
6179,[0.46797956 0.7394554 ],6,-1,-1,2,-1
6180,[0.76259398 0.36355655],7,6,"[0.7921949837838228, 0.3529120844654886]",4,-1
6181,[0.43375127 0.55198249],9,-1,-1,2,-1
6182,[0.83230879 0.40323758],4,2,"[0.8312266673252705, 0.4613441479074099]",4,-1
6183,[0.83089805 0.36863275],4,6,"[0.7921949837838228, 0.3529120844654886]",4,-1
6184,[0.39651044 0.57099755],9,-1,-1,2,-1
6185,[0.14829388 0.79690067],8,7,"[0.17089520780330653, 0.7464713359575794]",2,-1
6186,[0.77544989 0.30323425],7,6,"[0.7921949837838228, 0.3529120844654886]",4,-1
6187,[0.15509556 0.51875481],3,-1,-1,1,1
6188,[0.3517604  0.62275394],9,-1,-1,2,-1
6189,[0.72223031 0.33305261],7,-1,-1,4,-1
6190,[0.82611996 0.39898288],7,6,"[0.7921949837838228, 0.3529120844654886]",4,-1
6191,[0.43547323 0.59844485],9,0,"[0.4297636102329726, 0.6357143141723958]",2,-1
6192,[0.88071209 0.46876949],4,2,"[0.8312266673252705, 0.4613441479074099]",4,-1
6193,[0.72228987 0.60121587],0,4,"[0.7285423500480827, 0.6073851354724864]",3,2
6194,[0.68326429 0.64256301],0,4,"[0.7285423500480827, 0.6073851354724864]",3,2
6195,[0.78449983 0.36743188],7,6,"[0.7921949837838228, 0.3529120844654886]",4,-1
6196,[0.3183188 0.8528102],2,1,"[0.3445904742281392, 0.8508004104108614]",2,-1
6197,[0.73502484 0.63437203],0,4,"[0.7285423500480827, 0.6073851354724864]",3,2
6198,[0.34778401 0.86020493],2,1,"[0.3445904742281392, 0.8508004104108614]",2,5
6199,[0.33052711 0.9023268 ],2,1,"[0.3445904742281392, 0.8508004104108614]",2,-1
6200,[0.79668758 0.43348534],4,2,"[0.8312266673252705, 0.4613441479074099]",4,-1
6201,[0.31144168 0.69022329],1,9,"[0.2630806751638254, 0.7080875454644293]",2,9
6202,[0.50720014 0.76105949],6,-1,-1,2,-1
6203,[0.7752518  0.54776569],0,-1,-1,3,2
6204,[0.12074665 0.49645308],3,5,"[0.12813625889338118, 0.45239712230086515]",1,1
6205,[0.17708305 0.73259505],8,7,"[0.17089520780330653, 0.7464713359575794]",2,8
6206,[0.39371217 0.6631896 ],6,0,"[0.4297636102329726, 0.6357143141723958]",2,-1
6207,[0.85871989 0.37014411],7,6,"[0.7921949837838228, 0.3529120844654886]",4,-1
6208,[0.36145451 0.85222391],2,1,"[0.3445904742281392, 0.8508004104108614]",2,5
6209,[0.53210942 0.18792588],5,3,"[0.5044907196570393, 0.16230287856274858]",0,0
6210,[0.75223321 0.57653892],0,4,"[0.7285423500480827, 0.6073851354724864]",3,2
6211,[0.74651808 0.38799226],7,6,"[0.7921949837838228, 0.3529120844654886]",4,-1
6212,[0.76271626 0.30634818],7,6,"[0.7921949837838228, 0.3529120844654886]",4,-1
6213,[0.83280738 0.4074028 ],4,2,"[0.8312266673252705, 0.4613441479074099]",4,-1
6214,[0.81032808 0.36855544],7,6,"[0.7921949837838228, 0.3529120844654886]",4,6
6215,[0.10514369 0.47583719],3,5,"[0.12813625889338118, 0.45239712230086515]",1,1
6216,[0.83163635 0.49374806],4,2,"[0.8312266673252705, 0.4613441479074099]",4,7
6217,[0.35248796 0.7503359 ],6,8,"[0.36289448703783916, 0.7073371999105278]",2,-1
6218,[0.80889844 0.34061906],7,6,"[0.7921949837838228, 0.3529120844654886]",4,-1
6219,[0.33179377 0.73874756],1,8,"[0.36289448703783916, 0.7073371999105278]",2,-1
6220,[0.83854906 0.51728611],4,2,"[0.8312266673252705, 0.4613441479074099]",4,-1
6221,[0.79094872 0.33451863],7,6,"[0.7921949837838228, 0.3529120844654886]",4,6
6222,[0.73233238 0.57599294],0,4,"[0.7285423500480827, 0.6073851354724864]",3,2
6223,[0.55306213 0.20385803],5,3,"[0.5044907196570393, 0.16230287856274858]",0,0
6224,[0.14369229 0.40939484],3,5,"[0.12813625889338118, 0.45239712230086515]",1,1
6225,[0.81244622 0.41383021],7,2,"[0.8312266673252705, 0.4613441479074099]",4,-1
6226,[0.27579039 0.70071982],1,9,"[0.2630806751638254, 0.7080875454644293]",2,-1
6227,[0.83362397 0.31346321],7,6,"[0.7921949837838228, 0.3529120844654886]",4,-1
6228,[0.32639805 0.87385396],2,1,"[0.3445904742281392, 0.8508004104108614]",2,-1
6229,[0.68886557 0.62792034],0,4,"[0.7285423500480827, 0.6073851354724864]",3,2
6230,[0.16468536 0.67134741],8,-1,-1,2,-1
6231,[0.10549484 0.42818333],3,5,"[0.12813625889338118, 0.45239712230086515]",1,1
6232,[0.70754382 0.57484046],0,4,"[0.7285423500480827, 0.6073851354724864]",3,2
6233,[0.3235352  0.83759331],2,1,"[0.3445904742281392, 0.8508004104108614]",2,-1
6234,[0.68914292 0.55940466],0,4,"[0.7285423500480827, 0.6073851354724864]",3,2
6235,[0.68532877 0.63074883],0,4,"[0.7285423500480827, 0.6073851354724864]",3,2
6236,[0.2903499  0.69272582],1,9,"[0.2630806751638254, 0.7080875454644293]",2,9
6237,[0.1164865  0.44130427],3,5,"[0.12813625889338118, 0.45239712230086515]",1,1
6238,[0.76175597 0.48233603],0,-1,-1,4,-1
6239,[0.41439078 0.77534221],6,-1,-1,2,-1
6240,[0.42466203 0.52217244],9,-1,-1,2,-1
6241,[0.73386887 0.39595821],7,-1,-1,4,-1
6242,[0.41874049 0.8428246 ],2,-1,-1,2,-1
6243,[0.51057185 0.67513741],6,-1,-1,2,-1
6244,[0.10294968 0.74716888],8,7,"[0.17089520780330653, 0.7464713359575794]",2,-1
6245,[0.43828306 0.54785042],9,-1,-1,2,-1
6246,[0.41272063 0.67668132],6,0,"[0.4297636102329726, 0.6357143141723958]",2,10
6247,[0.77668652 0.4373487 ],7,2,"[0.8312266673252705, 0.4613441479074099]",4,-1
6248,[0.18772846 0.63576227],8,-1,-1,2,-1
6249,[0.17736726 0.83160974],8,-1,-1,2,-1
6250,[0.7973626  0.32043935],7,6,"[0.7921949837838228, 0.3529120844654886]",4,-1
6251,[0.46050037 0.22318881],5,-1,-1,0,0
6252,[0.81546582 0.33379373],7,6,"[0.7921949837838228, 0.3529120844654886]",4,-1
6253,[0.88440237 0.49649083],4,2,"[0.8312266673252705, 0.4613441479074099]",4,-1
6254,[0.72083426 0.55084126],0,4,"[0.7285423500480827, 0.6073851354724864]",3,2
6255,[0.31576806 0.72032067],1,8,"[0.36289448703783916, 0.7073371999105278]",2,9
6256,[0.53216265 0.1893314 ],5,3,"[0.5044907196570393, 0.16230287856274858]",0,0
6257,[0.13820719 0.71836956],8,7,"[0.17089520780330653, 0.7464713359575794]",2,-1
6258,[0.49488285 0.1471616 ],5,3,"[0.5044907196570393, 0.16230287856274858]",0,0
6259,[0.79978179 0.40891809],4,6,"[0.7921949837838228, 0.3529120844654886]",4,6
6260,[0.26956556 0.86521505],2,-1,-1,2,-1
6261,[0.28932368 0.72414308],1,9,"[0.2630806751638254, 0.7080875454644293]",2,9
6262,[0.8597487  0.37045917],4,6,"[0.7921949837838228, 0.3529120844654886]",4,-1
6263,[0.12216567 0.43355135],3,5,"[0.12813625889338118, 0.45239712230086515]",1,1
6264,[0.27969455 0.64029448],1,9,"[0.2630806751638254, 0.7080875454644293]",2,-1
6265,[0.78039336 0.58301419],0,4,"[0.7285423500480827, 0.6073851354724864]",3,2
6266,[0.46522657 0.17380705],5,3,"[0.5044907196570393, 0.16230287856274858]",0,0
6267,[0.2775963  0.73639446],1,9,"[0.2630806751638254, 0.7080875454644293]",2,9
6268,[0.12268574 0.73849634],8,7,"[0.17089520780330653, 0.7464713359575794]",2,-1
6269,[0.30726317 0.62755085],1,-1,-1,2,-1
6270,[0.38294343 0.54394841],9,-1,-1,2,-1
6271,[0.40506078 0.54344196],9,-1,-1,2,-1
6272,[0.79366318 0.3950643 ],4,6,"[0.7921949837838228, 0.3529120844654886]",4,-1
6273,[0.18343289 0.80185526],8,7,"[0.17089520780330653, 0.7464713359575794]",2,-1
6274,[0.2665754  0.67840341],1,9,"[0.2630806751638254, 0.7080875454644293]",2,-1
6275,[0.78770139 0.33089689],7,6,"[0.7921949837838228, 0.3529120844654886]",4,-1
6276,[0.17227419 0.70106661],8,7,"[0.17089520780330653, 0.7464713359575794]",2,8
6277,[0.78215381 0.42429136],4,2,"[0.8312266673252705, 0.4613441479074099]",4,-1
6278,[0.81186567 0.34123121],7,6,"[0.7921949837838228, 0.3529120844654886]",4,-1
6279,[0.84875661 0.37556339],7,6,"[0.7921949837838228, 0.3529120844654886]",4,-1
6280,[0.19391606 0.78687097],8,7,"[0.17089520780330653, 0.7464713359575794]",2,-1
6281,[0.40006909 0.61152773],9,0,"[0.4297636102329726, 0.6357143141723958]",2,-1
6282,[0.14546209 0.48527231],3,5,"[0.12813625889338118, 0.45239712230086515]",1,1
6283,[0.8060654  0.37979766],7,6,"[0.7921949837838228, 0.3529120844654886]",4,6
6284,[0.46210337 0.70408188],6,-1,-1,2,-1
6285,[0.87097936 0.45339365],4,2,"[0.8312266673252705, 0.4613441479074099]",4,-1
6286,[0.15116242 0.79954206],8,7,"[0.17089520780330653, 0.7464713359575794]",2,-1
6287,[0.35200654 0.72572336],6,8,"[0.36289448703783916, 0.7073371999105278]",2,-1
6288,[0.82648453 0.42296346],7,2,"[0.8312266673252705, 0.4613441479074099]",4,7
6289,[0.19136103 0.43681772],3,5,"[0.12813625889338118, 0.45239712230086515]",1,1
6290,[0.43150129 0.12479575],5,-1,-1,0,0
6291,[0.23269739 0.73676942],1,9,"[0.2630806751638254, 0.7080875454644293]",2,-1
6292,[0.55648259 0.20759526],5,3,"[0.5044907196570393, 0.16230287856274858]",0,0
6293,[0.88605755 0.44439761],4,2,"[0.8312266673252705, 0.4613441479074099]",4,-1
6294,[0.35093707 0.66272252],1,8,"[0.36289448703783916, 0.7073371999105278]",2,-1
6295,[0.40333029 0.49843209],9,-1,-1,2,-1
6296,[0.36981981 0.56043034],9,-1,-1,2,-1
6297,[0.57165785 0.24294255],5,-1,-1,0,0
6298,[0.32914455 0.87719238],2,1,"[0.3445904742281392, 0.8508004104108614]",2,-1
6299,[0.33213772 0.75714822],2,8,"[0.36289448703783916, 0.7073371999105278]",2,-1
6300,[0.79000032 0.66870934],0,-1,-1,3,2
6301,[0.86800627 0.46148576],4,2,"[0.8312266673252705, 0.4613441479074099]",4,-1
6302,[0.39592307 0.63631864],9,0,"[0.4297636102329726, 0.6357143141723958]",2,-1
6303,[0.49715799 0.56687401],9,-1,-1,2,-1
6304,[0.2696199 0.7197175],1,9,"[0.2630806751638254, 0.7080875454644293]",2,9
6305,[0.73490599 0.61417472],0,4,"[0.7285423500480827, 0.6073851354724864]",3,2
6306,[0.80131389 0.31468347],7,6,"[0.7921949837838228, 0.3529120844654886]",4,-1
6307,[0.14516008 0.37704742],3,-1,-1,1,1
6308,[0.18874264 0.77069216],8,7,"[0.17089520780330653, 0.7464713359575794]",2,8
6309,[0.15285422 0.70335943],8,7,"[0.17089520780330653, 0.7464713359575794]",2,-1
6310,[0.4395227 0.6630987],9,0,"[0.4297636102329726, 0.6357143141723958]",2,10
6311,[0.83396784 0.39263137],7,6,"[0.7921949837838228, 0.3529120844654886]",4,-1
6312,[0.22385393 0.65055627],1,9,"[0.2630806751638254, 0.7080875454644293]",2,-1
6313,[0.75204874 0.62929953],0,4,"[0.7285423500480827, 0.6073851354724864]",3,2
6314,[0.66126456 0.64417089],0,-1,-1,3,2
6315,[0.12225277 0.42513596],3,5,"[0.12813625889338118, 0.45239712230086515]",1,1
6316,[0.74457232 0.61186709],0,4,"[0.7285423500480827, 0.6073851354724864]",3,2
6317,[0.76449666 0.38660549],7,6,"[0.7921949837838228, 0.3529120844654886]",4,-1
6318,[0.44964332 0.59647869],9,0,"[0.4297636102329726, 0.6357143141723958]",2,-1
6319,[0.5229504  0.13165345],5,3,"[0.5044907196570393, 0.16230287856274858]",0,0
6320,[0.43174841 0.62675552],9,0,"[0.4297636102329726, 0.6357143141723958]",2,13
6321,[0.86820901 0.47028338],4,2,"[0.8312266673252705, 0.4613441479074099]",4,-1
6322,[0.77878792 0.33842495],7,6,"[0.7921949837838228, 0.3529120844654886]",4,-1
6323,[0.51760749 0.71951115],6,-1,-1,2,-1
6324,[0.79939224 0.33911004],7,6,"[0.7921949837838228, 0.3529120844654886]",4,-1
6325,[0.37037737 0.538217  ],9,-1,-1,2,-1
6326,[0.24402937 0.64378517],1,9,"[0.2630806751638254, 0.7080875454644293]",2,-1
6327,[0.15229389 0.47034447],3,5,"[0.12813625889338118, 0.45239712230086515]",1,1
6328,[0.74221107 0.31188324],7,6,"[0.7921949837838228, 0.3529120844654886]",4,-1
6329,[0.16012536 0.79975279],8,7,"[0.17089520780330653, 0.7464713359575794]",2,-1
6330,[0.34635203 0.83854426],2,1,"[0.3445904742281392, 0.8508004104108614]",2,-1
6331,[0.38829952 0.65879622],6,0,"[0.4297636102329726, 0.6357143141723958]",2,-1
6332,[0.87728312 0.41223897],4,2,"[0.8312266673252705, 0.4613441479074099]",4,-1
6333,[0.74630996 0.54621684],0,4,"[0.7285423500480827, 0.6073851354724864]",3,2
6334,[0.40770406 0.63399623],9,0,"[0.4297636102329726, 0.6357143141723958]",2,13
6335,[0.09036271 0.44708319],3,5,"[0.12813625889338118, 0.45239712230086515]",1,1
6336,[0.2508106 0.7223705],1,9,"[0.2630806751638254, 0.7080875454644293]",2,-1
6337,[0.33277301 0.70668918],6,8,"[0.36289448703783916, 0.7073371999105278]",2,9
6338,[0.34645312 0.76789532],2,8,"[0.36289448703783916, 0.7073371999105278]",2,-1
6339,[0.13906494 0.46949525],3,5,"[0.12813625889338118, 0.45239712230086515]",1,1
6340,[0.27867647 0.6373247 ],1,-1,-1,2,-1
6341,[0.5921942  0.15398151],5,-1,-1,0,0
6342,[0.34567852 0.72236937],1,8,"[0.36289448703783916, 0.7073371999105278]",2,9
6343,[0.76470529 0.37247013],7,6,"[0.7921949837838228, 0.3529120844654886]",4,-1
6344,[0.31210328 0.66225718],1,9,"[0.2630806751638254, 0.7080875454644293]",2,-1
6345,[0.28693843 0.93340722],2,-1,-1,2,-1
6346,[0.85516987 0.46909231],4,2,"[0.8312266673252705, 0.4613441479074099]",4,-1
6347,[0.46198908 0.6396487 ],6,0,"[0.4297636102329726, 0.6357143141723958]",2,-1
6348,[0.40938181 0.67175038],6,0,"[0.4297636102329726, 0.6357143141723958]",2,10
6349,[0.67185907 0.64105163],0,4,"[0.7285423500480827, 0.6073851354724864]",3,2
6350,[0.45087902 0.14449547],5,3,"[0.5044907196570393, 0.16230287856274858]",0,0
6351,[0.80536495 0.47583756],4,2,"[0.8312266673252705, 0.4613441479074099]",4,-1
6352,[0.42851539 0.71423859],6,8,"[0.36289448703783916, 0.7073371999105278]",2,10
6353,[0.81031281 0.45085927],4,2,"[0.8312266673252705, 0.4613441479074099]",4,7
6354,[0.71774495 0.63500471],0,4,"[0.7285423500480827, 0.6073851354724864]",3,2
6355,[0.41757914 0.62635702],9,0,"[0.4297636102329726, 0.6357143141723958]",2,13
6356,[0.46860561 0.71541842],6,-1,-1,2,-1
6357,[0.45139978 0.64905723],9,0,"[0.4297636102329726, 0.6357143141723958]",2,-1
6358,[0.47881293 0.12749675],5,3,"[0.5044907196570393, 0.16230287856274858]",0,0
6359,[0.42776635 0.58755101],9,0,"[0.4297636102329726, 0.6357143141723958]",2,-1
6360,[0.81232316 0.47625882],4,2,"[0.8312266673252705, 0.4613441479074099]",4,7
6361,[0.13031658 0.49401775],3,5,"[0.12813625889338118, 0.45239712230086515]",1,1
6362,[0.18425438 0.68993045],8,7,"[0.17089520780330653, 0.7464713359575794]",2,-1
6363,[0.74776516 0.63422893],0,4,"[0.7285423500480827, 0.6073851354724864]",3,2
6364,[0.48993889 0.67260231],6,-1,-1,2,-1
6365,[0.8224192  0.46655372],4,2,"[0.8312266673252705, 0.4613441479074099]",4,7
6366,[0.29745257 0.73155357],1,9,"[0.2630806751638254, 0.7080875454644293]",2,9
6367,[0.80635412 0.28616095],7,6,"[0.7921949837838228, 0.3529120844654886]",4,-1
6368,[0.44613585 0.7785041 ],6,-1,-1,2,-1
6369,[0.29541891 0.65832146],1,9,"[0.2630806751638254, 0.7080875454644293]",2,-1
6370,[0.75671825 0.48873397],4,-1,-1,4,-1
6371,[0.42383268 0.72756974],6,8,"[0.36289448703783916, 0.7073371999105278]",2,10
6372,[0.42206924 0.62703238],9,0,"[0.4297636102329726, 0.6357143141723958]",2,-1
6373,[0.78647343 0.44535421],4,2,"[0.8312266673252705, 0.4613441479074099]",4,-1
6374,[0.11915051 0.55724553],3,-1,-1,1,1
6375,[0.45596501 0.66942874],6,0,"[0.4297636102329726, 0.6357143141723958]",2,-1
6376,[0.30470734 0.67245416],1,9,"[0.2630806751638254, 0.7080875454644293]",2,9
6377,[0.73284547 0.61488258],0,4,"[0.7285423500480827, 0.6073851354724864]",3,2
6378,[0.82341164 0.43406216],4,2,"[0.8312266673252705, 0.4613441479074099]",4,7
6379,[0.15312461 0.38172658],3,-1,-1,1,1
6380,[0.28706926 0.7524213 ],1,9,"[0.2630806751638254, 0.7080875454644293]",2,-1
6381,[0.40756279 0.64494649],9,0,"[0.4297636102329726, 0.6357143141723958]",2,-1
6382,[0.39276997 0.68686933],6,8,"[0.36289448703783916, 0.7073371999105278]",2,-1
6383,[0.81709954 0.55501319],4,-1,-1,3,2
6384,[0.51018276 0.14889853],5,3,"[0.5044907196570393, 0.16230287856274858]",0,0
6385,[0.27540558 0.73153625],1,9,"[0.2630806751638254, 0.7080875454644293]",2,9
6386,[0.11087963 0.42998308],3,5,"[0.12813625889338118, 0.45239712230086515]",1,1
6387,[0.44114191 0.55926887],9,-1,-1,2,-1
6388,[0.49510483 0.66546503],6,-1,-1,2,-1
6389,[0.47793321 0.75016452],6,-1,-1,2,-1
6390,[0.5134874  0.11645662],5,3,"[0.5044907196570393, 0.16230287856274858]",0,0
6391,[0.50532923 0.18266588],5,3,"[0.5044907196570393, 0.16230287856274858]",0,0
6392,[0.74554152 0.37375574],7,6,"[0.7921949837838228, 0.3529120844654886]",4,-1
6393,[0.13802888 0.76535198],8,7,"[0.17089520780330653, 0.7464713359575794]",2,-1
6394,[0.43301879 0.69938173],6,0,"[0.4297636102329726, 0.6357143141723958]",2,10
6395,[0.6987329  0.48845889],0,-1,-1,-1,2
6396,[0.73180377 0.60620644],0,4,"[0.7285423500480827, 0.6073851354724864]",3,2
6397,[0.20894207 0.7086181 ],8,7,"[0.17089520780330653, 0.7464713359575794]",2,-1
6398,[0.48399732 0.18322809],5,3,"[0.5044907196570393, 0.16230287856274858]",0,0
6399,[0.14748012 0.43830716],3,5,"[0.12813625889338118, 0.45239712230086515]",1,1
6400,[0.17533921 0.69130449],8,7,"[0.17089520780330653, 0.7464713359575794]",2,-1
6401,[0.36248769 0.60842366],9,-1,-1,2,-1
6402,[0.11072555 0.47271164],3,5,"[0.12813625889338118, 0.45239712230086515]",1,1
6403,[0.51375181 0.15537697],5,3,"[0.5044907196570393, 0.16230287856274858]",0,0
6404,[0.79346768 0.62891831],0,4,"[0.7285423500480827, 0.6073851354724864]",3,2
6405,[0.31710417 0.82934534],2,1,"[0.3445904742281392, 0.8508004104108614]",2,-1
6406,[0.30468173 0.67185474],1,9,"[0.2630806751638254, 0.7080875454644293]",2,9
6407,[0.73557623 0.59260008],0,4,"[0.7285423500480827, 0.6073851354724864]",3,2
6408,[0.41419276 0.85341963],2,1,"[0.3445904742281392, 0.8508004104108614]",2,-1
6409,[0.36803912 0.92601663],2,-1,-1,2,-1
6410,[0.35019126 0.82832029],2,1,"[0.3445904742281392, 0.8508004104108614]",2,4
6411,[0.44695492 0.64017338],6,0,"[0.4297636102329726, 0.6357143141723958]",2,-1
6412,[0.74309143 0.61833683],0,4,"[0.7285423500480827, 0.6073851354724864]",3,2
6413,[0.55654723 0.11663243],5,3,"[0.5044907196570393, 0.16230287856274858]",0,0
6414,[0.26709952 0.75399022],1,9,"[0.2630806751638254, 0.7080875454644293]",2,-1
6415,[0.46848366 0.24755531],5,-1,-1,0,0
6416,[0.03772824 0.48001875],3,-1,-1,1,1
6417,[0.12181542 0.7470107 ],8,7,"[0.17089520780330653, 0.7464713359575794]",2,-1
6418,[0.12833117 0.43770436],3,5,"[0.12813625889338118, 0.45239712230086515]",1,1
6419,[0.83079877 0.46456525],4,2,"[0.8312266673252705, 0.4613441479074099]",4,7
6420,[0.49380912 0.18698564],5,3,"[0.5044907196570393, 0.16230287856274858]",0,0
6421,[0.47892518 0.10154382],5,3,"[0.5044907196570393, 0.16230287856274858]",0,0
6422,[0.66385454 0.64987829],0,-1,-1,3,2
6423,[0.85512597 0.44352048],4,2,"[0.8312266673252705, 0.4613441479074099]",4,-1
6424,[0.14793184 0.45753375],3,5,"[0.12813625889338118, 0.45239712230086515]",1,1
6425,[0.39348307 0.88912906],2,1,"[0.3445904742281392, 0.8508004104108614]",2,-1
6426,[0.33009853 0.58632216],9,-1,-1,2,-1
6427,[0.12973554 0.46046942],3,5,"[0.12813625889338118, 0.45239712230086515]",1,1
6428,[0.83420503 0.3724338 ],7,6,"[0.7921949837838228, 0.3529120844654886]",4,-1
6429,[0.81423781 0.41798212],7,2,"[0.8312266673252705, 0.4613441479074099]",4,-1
6430,[0.12402149 0.38818265],3,5,"[0.12813625889338118, 0.45239712230086515]",1,1
6431,[0.49547315 0.13158893],5,3,"[0.5044907196570393, 0.16230287856274858]",0,0
6432,[0.38572494 0.10913029],5,-1,-1,0,0
6433,[0.12755601 0.80593329],8,-1,-1,2,-1
6434,[0.77595096 0.44956544],4,2,"[0.8312266673252705, 0.4613441479074099]",4,-1
6435,[0.51973571 0.18748551],5,3,"[0.5044907196570393, 0.16230287856274858]",0,0
6436,[0.43620551 0.56914093],9,0,"[0.4297636102329726, 0.6357143141723958]",2,-1
6437,[0.81935469 0.37073136],4,6,"[0.7921949837838228, 0.3529120844654886]",4,-1
6438,[0.36401839 0.64637898],9,8,"[0.36289448703783916, 0.7073371999105278]",2,-1
6439,[0.44698902 0.73638642],6,-1,-1,2,-1
6440,[0.38318142 0.83094253],2,1,"[0.3445904742281392, 0.8508004104108614]",2,-1
6441,[0.44246226 0.57586852],9,0,"[0.4297636102329726, 0.6357143141723958]",2,11
6442,[0.15491814 0.46276487],3,5,"[0.12813625889338118, 0.45239712230086515]",1,1
6443,[0.3532336  0.93134285],2,-1,-1,2,-1
6444,[0.1088764  0.74179208],8,7,"[0.17089520780330653, 0.7464713359575794]",2,-1
6445,[0.44073953 0.20089491],5,-1,-1,0,0
6446,[0.35215329 0.64861571],9,8,"[0.36289448703783916, 0.7073371999105278]",2,-1
6447,[0.18859545 0.39629601],3,-1,-1,1,1
6448,[0.67705175 0.64790253],0,4,"[0.7285423500480827, 0.6073851354724864]",3,2
6449,[0.49548392 0.14358731],5,3,"[0.5044907196570393, 0.16230287856274858]",0,0
6450,[0.81274212 0.35711445],7,6,"[0.7921949837838228, 0.3529120844654886]",4,6
6451,[0.40094908 0.60250485],9,0,"[0.4297636102329726, 0.6357143141723958]",2,-1
6452,[0.22590946 0.67027784],1,9,"[0.2630806751638254, 0.7080875454644293]",2,-1
6453,[0.37330393 0.88287322],2,1,"[0.3445904742281392, 0.8508004104108614]",2,-1
6454,[0.3664999  0.63343753],9,0,"[0.4297636102329726, 0.6357143141723958]",2,-1
6455,[0.79022839 0.60416096],0,4,"[0.7285423500480827, 0.6073851354724864]",3,2
6456,[0.33965762 0.8794688 ],2,1,"[0.3445904742281392, 0.8508004104108614]",2,-1
6457,[0.1801081  0.70890201],8,7,"[0.17089520780330653, 0.7464713359575794]",2,8
6458,[0.29274643 0.71647247],1,9,"[0.2630806751638254, 0.7080875454644293]",2,9
6459,[0.15496213 0.52859691],3,-1,-1,1,1
6460,[0.81249777 0.42832725],7,2,"[0.8312266673252705, 0.4613441479074099]",4,7
6461,[0.79133838 0.43754982],7,2,"[0.8312266673252705, 0.4613441479074099]",4,-1
6462,[0.77079282 0.34605003],7,6,"[0.7921949837838228, 0.3529120844654886]",4,-1
6463,[0.26064338 0.74829502],1,9,"[0.2630806751638254, 0.7080875454644293]",2,-1
6464,[0.76250601 0.58020817],0,4,"[0.7285423500480827, 0.6073851354724864]",3,2
6465,[0.51155696 0.2404457 ],5,-1,-1,0,0
6466,[0.37918228 0.86235614],2,1,"[0.3445904742281392, 0.8508004104108614]",2,5
6467,[0.30420615 0.92284337],2,-1,-1,2,-1
6468,[0.69887137 0.57739321],0,4,"[0.7285423500480827, 0.6073851354724864]",3,2
6469,[0.36380589 0.578207  ],9,-1,-1,2,-1
6470,[0.7720611 0.3087071],7,6,"[0.7921949837838228, 0.3529120844654886]",4,-1
6471,[0.76717486 0.48771819],4,2,"[0.8312266673252705, 0.4613441479074099]",4,-1
6472,[0.7170082  0.54442803],0,4,"[0.7285423500480827, 0.6073851354724864]",3,2
6473,[0.22731157 0.73024936],8,9,"[0.2630806751638254, 0.7080875454644293]",2,-1
6474,[0.42697896 0.56264218],9,-1,-1,2,-1
6475,[0.71781604 0.57373948],0,4,"[0.7285423500480827, 0.6073851354724864]",3,2
6476,[0.45700266 0.10642678],5,-1,-1,0,0
6477,[0.3843463  0.66049013],9,8,"[0.36289448703783916, 0.7073371999105278]",2,-1
6478,[0.7530638  0.46156131],4,-1,-1,4,-1
6479,[0.25310235 0.69571791],1,9,"[0.2630806751638254, 0.7080875454644293]",2,-1
6480,[0.36364482 0.59893283],9,-1,-1,2,-1
6481,[0.81702745 0.44336086],4,2,"[0.8312266673252705, 0.4613441479074099]",4,-1
6482,[0.24155539 0.90771867],2,-1,-1,2,-1
6483,[0.40049197 0.87309158],2,1,"[0.3445904742281392, 0.8508004104108614]",2,-1
6484,[0.48723458 0.6774416 ],6,-1,-1,2,-1
6485,[0.37669595 0.90090821],2,1,"[0.3445904742281392, 0.8508004104108614]",2,-1
6486,[0.79952005 0.64559624],0,-1,-1,3,2
6487,[0.45998839 0.71218088],6,-1,-1,2,-1
6488,[0.78201886 0.34618247],7,6,"[0.7921949837838228, 0.3529120844654886]",4,-1
6489,[0.46642688 0.67069019],6,0,"[0.4297636102329726, 0.6357143141723958]",2,-1
6490,[0.54773043 0.23561914],5,-1,-1,0,0
6491,[0.55899622 0.14680893],5,3,"[0.5044907196570393, 0.16230287856274858]",0,0
6492,[0.13875973 0.7151205 ],8,7,"[0.17089520780330653, 0.7464713359575794]",2,-1
6493,[0.11560542 0.47794675],3,5,"[0.12813625889338118, 0.45239712230086515]",1,1
6494,[0.08559454 0.47111302],3,5,"[0.12813625889338118, 0.45239712230086515]",1,1
6495,[0.17034078 0.41595823],3,5,"[0.12813625889338118, 0.45239712230086515]",1,1
6496,[0.28734084 0.70834866],1,9,"[0.2630806751638254, 0.7080875454644293]",2,9
6497,[0.82625389 0.35912063],7,6,"[0.7921949837838228, 0.3529120844654886]",4,-1
6498,[0.46814442 0.16556819],5,3,"[0.5044907196570393, 0.16230287856274858]",0,0
6499,[0.29832413 0.64530246],1,-1,-1,2,-1
6500,[0.88349093 0.49799269],4,2,"[0.8312266673252705, 0.4613441479074099]",4,-1
6501,[0.84357855 0.2674784 ],7,-1,-1,4,-1
6502,[0.28323808 0.87933786],2,1,"[0.3445904742281392, 0.8508004104108614]",2,-1
6503,[0.73186224 0.60137428],0,4,"[0.7285423500480827, 0.6073851354724864]",3,2
6504,[0.15871812 0.79634982],8,7,"[0.17089520780330653, 0.7464713359575794]",2,-1
6505,[0.36126465 0.60461276],9,-1,-1,2,-1
6506,[0.1503415  0.68676655],8,7,"[0.17089520780330653, 0.7464713359575794]",2,-1
6507,[0.82528915 0.44068779],7,2,"[0.8312266673252705, 0.4613441479074099]",4,7
6508,[0.40874683 0.19209488],5,-1,-1,0,0
6509,[0.43665492 0.65289642],6,0,"[0.4297636102329726, 0.6357143141723958]",2,10
6510,[0.7360512  0.63049483],0,4,"[0.7285423500480827, 0.6073851354724864]",3,2
6511,[0.47992565 0.16139433],5,3,"[0.5044907196570393, 0.16230287856274858]",0,0
6512,[0.81726119 0.37568016],7,6,"[0.7921949837838228, 0.3529120844654886]",4,-1
6513,[0.38316588 0.5789051 ],9,-1,-1,2,-1
6514,[0.13580374 0.77131845],8,7,"[0.17089520780330653, 0.7464713359575794]",2,-1
6515,[0.66779158 0.65465737],0,-1,-1,3,2
6516,[0.85191593 0.48250389],4,2,"[0.8312266673252705, 0.4613441479074099]",4,-1
6517,[0.35551047 0.80105998],2,1,"[0.3445904742281392, 0.8508004104108614]",2,-1
6518,[0.43120988 0.59320639],9,0,"[0.4297636102329726, 0.6357143141723958]",2,11
6519,[0.8137249  0.38824402],7,6,"[0.7921949837838228, 0.3529120844654886]",4,6
6520,[0.66960911 0.59271861],0,4,"[0.7285423500480827, 0.6073851354724864]",3,2
6521,[0.7415713  0.55894229],0,4,"[0.7285423500480827, 0.6073851354724864]",3,2
6522,[0.51209483 0.68177338],6,-1,-1,2,-1
6523,[0.5223446  0.12979074],5,3,"[0.5044907196570393, 0.16230287856274858]",0,0
6524,[0.73829517 0.37811135],7,6,"[0.7921949837838228, 0.3529120844654886]",4,-1
6525,[0.54329644 0.13021547],5,3,"[0.5044907196570393, 0.16230287856274858]",0,0
6526,[0.33454872 0.85415767],2,1,"[0.3445904742281392, 0.8508004104108614]",2,5
6527,[0.35538158 0.73222204],1,8,"[0.36289448703783916, 0.7073371999105278]",2,-1
6528,[0.23956227 0.69863104],1,9,"[0.2630806751638254, 0.7080875454644293]",2,-1
6529,[0.27810613 0.71421519],1,9,"[0.2630806751638254, 0.7080875454644293]",2,9
6530,[0.14168919 0.48943777],3,5,"[0.12813625889338118, 0.45239712230086515]",1,1
6531,[0.17743473 0.42207604],3,5,"[0.12813625889338118, 0.45239712230086515]",1,1
6532,[0.44928519 0.68951853],6,0,"[0.4297636102329726, 0.6357143141723958]",2,10
6533,[0.81438017 0.51149524],4,2,"[0.8312266673252705, 0.4613441479074099]",4,-1
6534,[0.24494883 0.74197216],8,9,"[0.2630806751638254, 0.7080875454644293]",2,-1
6535,[0.9136553  0.50500823],4,-1,-1,4,-1
6536,[0.31067405 0.66466931],1,9,"[0.2630806751638254, 0.7080875454644293]",2,-1
6537,[0.41787589 0.61948682],9,0,"[0.4297636102329726, 0.6357143141723958]",2,13
6538,[0.86641621 0.44639922],4,2,"[0.8312266673252705, 0.4613441479074099]",4,-1
6539,[0.72487441 0.54548648],0,4,"[0.7285423500480827, 0.6073851354724864]",3,2
6540,[0.24353657 0.77052138],8,9,"[0.2630806751638254, 0.7080875454644293]",2,-1
6541,[0.32432728 0.80733465],2,1,"[0.3445904742281392, 0.8508004104108614]",2,3
6542,[0.2097405  0.71281521],8,7,"[0.17089520780330653, 0.7464713359575794]",2,8
6543,[0.13413543 0.74132816],8,7,"[0.17089520780330653, 0.7464713359575794]",2,-1
6544,[0.44013658 0.62613274],9,0,"[0.4297636102329726, 0.6357143141723958]",2,-1
6545,[0.48367992 0.20628499],5,3,"[0.5044907196570393, 0.16230287856274858]",0,0
6546,[0.41943413 0.75148039],6,-1,-1,2,-1
6547,[0.88378034 0.48495836],4,2,"[0.8312266673252705, 0.4613441479074099]",4,-1
6548,[0.70284798 0.55819386],0,4,"[0.7285423500480827, 0.6073851354724864]",3,2
6549,[0.45413294 0.68042273],6,0,"[0.4297636102329726, 0.6357143141723958]",2,-1
6550,[0.15898923 0.70943613],8,7,"[0.17089520780330653, 0.7464713359575794]",2,-1
6551,[0.23286017 0.44075382],3,-1,-1,1,1
6552,[0.75518242 0.39698573],7,6,"[0.7921949837838228, 0.3529120844654886]",4,-1
6553,[0.38732132 0.66111886],6,0,"[0.4297636102329726, 0.6357143141723958]",2,-1
6554,[0.72874041 0.5659918 ],0,4,"[0.7285423500480827, 0.6073851354724864]",3,2
6555,[0.14684754 0.51566721],3,5,"[0.12813625889338118, 0.45239712230086515]",1,1
6556,[0.87362723 0.49439472],4,2,"[0.8312266673252705, 0.4613441479074099]",4,-1
6557,[0.69112154 0.64252642],0,4,"[0.7285423500480827, 0.6073851354724864]",3,2
6558,[0.80880239 0.38300964],4,6,"[0.7921949837838228, 0.3529120844654886]",4,6
6559,[0.35392606 0.79463812],1,1,"[0.3445904742281392, 0.8508004104108614]",2,-1
6560,[0.46394569 0.21925241],5,3,"[0.5044907196570393, 0.16230287856274858]",0,0
6561,[0.3960665  0.85944239],2,1,"[0.3445904742281392, 0.8508004104108614]",2,-1
6562,[0.25573001 0.85724082],2,-1,-1,2,-1
6563,[0.19894295 0.74640209],8,7,"[0.17089520780330653, 0.7464713359575794]",2,8
6564,[0.84313683 0.41171047],4,2,"[0.8312266673252705, 0.4613441479074099]",4,-1
6565,[0.37591365 0.79496802],2,1,"[0.3445904742281392, 0.8508004104108614]",2,-1
6566,[0.19780947 0.67733165],8,-1,-1,2,-1
6567,[0.4141649  0.72592339],6,8,"[0.36289448703783916, 0.7073371999105278]",2,-1
6568,[0.78343668 0.39889189],7,6,"[0.7921949837838228, 0.3529120844654886]",4,6
6569,[0.15987666 0.69516957],8,7,"[0.17089520780330653, 0.7464713359575794]",2,-1
6570,[0.75363548 0.52961904],0,-1,-1,3,2
6571,[0.35351453 0.83546116],2,1,"[0.3445904742281392, 0.8508004104108614]",2,-1
6572,[0.82338908 0.35043997],7,6,"[0.7921949837838228, 0.3529120844654886]",4,-1
6573,[0.26116877 0.703825  ],1,9,"[0.2630806751638254, 0.7080875454644293]",2,9
6574,[0.87622571 0.52937225],4,-1,-1,4,-1
6575,[0.43990001 0.48138996],9,-1,-1,2,-1
6576,[0.82006505 0.51499496],4,2,"[0.8312266673252705, 0.4613441479074099]",4,-1
6577,[0.83177754 0.43686563],4,2,"[0.8312266673252705, 0.4613441479074099]",4,7
6578,[0.71170484 0.56465541],0,4,"[0.7285423500480827, 0.6073851354724864]",3,2
6579,[0.35152559 0.88608791],2,1,"[0.3445904742281392, 0.8508004104108614]",2,-1
6580,[0.77020481 0.38919245],7,6,"[0.7921949837838228, 0.3529120844654886]",4,-1
6581,[0.7688439  0.57748865],0,4,"[0.7285423500480827, 0.6073851354724864]",3,2
6582,[0.54500744 0.2000692 ],5,3,"[0.5044907196570393, 0.16230287856274858]",0,0
6583,[0.50216373 0.12854228],5,3,"[0.5044907196570393, 0.16230287856274858]",0,0
6584,[0.4028234  0.83929241],2,1,"[0.3445904742281392, 0.8508004104108614]",2,-1
6585,[0.22574689 0.74128552],1,9,"[0.2630806751638254, 0.7080875454644293]",2,8
6586,[0.77743379 0.50599835],4,2,"[0.8312266673252705, 0.4613441479074099]",4,-1
6587,[0.44677688 0.57624597],9,0,"[0.4297636102329726, 0.6357143141723958]",2,-1
6588,[0.28232552 0.65317462],1,9,"[0.2630806751638254, 0.7080875454644293]",2,-1
6589,[0.74778209 0.31178967],7,6,"[0.7921949837838228, 0.3529120844654886]",4,-1
6590,[0.84413533 0.60830264],0,-1,-1,-1,2
6591,[0.13966727 0.37956029],3,-1,-1,1,1
6592,[0.43288497 0.66728523],6,0,"[0.4297636102329726, 0.6357143141723958]",2,10
6593,[0.37805384 0.76647035],2,8,"[0.36289448703783916, 0.7073371999105278]",2,-1
6594,[0.48134153 0.20935765],5,3,"[0.5044907196570393, 0.16230287856274858]",0,0
6595,[0.30190223 0.87059604],2,1,"[0.3445904742281392, 0.8508004104108614]",2,-1
6596,[0.4710521  0.76778515],6,-1,-1,2,-1
6597,[0.39051278 0.59988272],9,0,"[0.4297636102329726, 0.6357143141723958]",2,-1
6598,[0.22596338 0.77749001],8,7,"[0.17089520780330653, 0.7464713359575794]",2,-1
6599,[0.34604769 0.77363306],6,8,"[0.36289448703783916, 0.7073371999105278]",2,-1
6600,[0.29935777 0.76434701],2,9,"[0.2630806751638254, 0.7080875454644293]",2,-1
6601,[0.17397908 0.758848  ],8,7,"[0.17089520780330653, 0.7464713359575794]",2,8
6602,[0.50322076 0.65385458],6,-1,-1,2,-1
6603,[0.17020221 0.72678438],8,7,"[0.17089520780330653, 0.7464713359575794]",2,8
6604,[0.80545707 0.39981466],7,6,"[0.7921949837838228, 0.3529120844654886]",4,-1
6605,[0.26984178 0.67873513],1,9,"[0.2630806751638254, 0.7080875454644293]",2,-1
6606,[0.38245071 0.88992385],2,1,"[0.3445904742281392, 0.8508004104108614]",2,-1
6607,[0.47708865 0.65234043],6,0,"[0.4297636102329726, 0.6357143141723958]",2,-1
6608,[0.36405192 0.87029506],2,1,"[0.3445904742281392, 0.8508004104108614]",2,-1
6609,[0.35409749 0.84641255],2,1,"[0.3445904742281392, 0.8508004104108614]",2,5
6610,[0.69702739 0.57278513],0,4,"[0.7285423500480827, 0.6073851354724864]",3,2
6611,[0.50666722 0.2058401 ],5,3,"[0.5044907196570393, 0.16230287856274858]",0,0
6612,[0.48731342 0.70914766],6,-1,-1,2,-1
6613,[0.3010304  0.66107435],1,9,"[0.2630806751638254, 0.7080875454644293]",2,-1
6614,[0.37626848 0.5099969 ],9,-1,-1,2,-1
6615,[0.18627316 0.69611687],8,7,"[0.17089520780330653, 0.7464713359575794]",2,-1
6616,[0.79910361 0.30542776],7,6,"[0.7921949837838228, 0.3529120844654886]",4,-1
6617,[0.38580881 0.86683056],2,1,"[0.3445904742281392, 0.8508004104108614]",2,-1
6618,[0.15620919 0.76788077],8,7,"[0.17089520780330653, 0.7464713359575794]",2,8
6619,[0.27600706 0.71434512],1,9,"[0.2630806751638254, 0.7080875454644293]",2,9
6620,[0.0946614  0.52653769],3,-1,-1,1,1
6621,[0.12809426 0.45020225],3,5,"[0.12813625889338118, 0.45239712230086515]",1,1
6622,[0.37057905 0.79978555],2,1,"[0.3445904742281392, 0.8508004104108614]",2,-1
6623,[0.49312599 0.09265123],5,-1,-1,0,0
6624,[0.5316469  0.08835105],5,-1,-1,0,0
6625,[0.24958044 0.67238025],1,9,"[0.2630806751638254, 0.7080875454644293]",2,-1
6626,[0.35387903 0.86271153],2,1,"[0.3445904742281392, 0.8508004104108614]",2,5
6627,[0.48187699 0.68911257],6,-1,-1,2,-1
6628,[0.18858653 0.43417788],3,5,"[0.12813625889338118, 0.45239712230086515]",1,1
6629,[0.19791538 0.75237364],8,7,"[0.17089520780330653, 0.7464713359575794]",2,8
6630,[0.46794185 0.2016666 ],5,3,"[0.5044907196570393, 0.16230287856274858]",0,0
6631,[0.45355783 0.58489673],9,0,"[0.4297636102329726, 0.6357143141723958]",2,-1
6632,[0.3058043  0.65326427],1,9,"[0.2630806751638254, 0.7080875454644293]",2,-1
6633,[0.46119721 0.7423388 ],6,-1,-1,2,-1
6634,[0.78624801 0.67045598],0,-1,-1,3,2
6635,[0.22028561 0.42488101],3,-1,-1,1,1
6636,[0.1771257  0.47180912],3,5,"[0.12813625889338118, 0.45239712230086515]",1,1
6637,[0.81869205 0.30247684],7,6,"[0.7921949837838228, 0.3529120844654886]",4,-1
6638,[0.80127416 0.28914624],7,6,"[0.7921949837838228, 0.3529120844654886]",4,-1
6639,[0.71215755 0.62031621],0,4,"[0.7285423500480827, 0.6073851354724864]",3,2
6640,[0.25797432 0.84211317],2,-1,-1,2,-1
6641,[0.3868347  0.83647499],2,1,"[0.3445904742281392, 0.8508004104108614]",2,-1
6642,[0.15970732 0.75242726],8,7,"[0.17089520780330653, 0.7464713359575794]",2,8
6643,[0.43641779 0.88637844],2,-1,-1,2,-1
6644,[0.32486323 0.71839971],1,8,"[0.36289448703783916, 0.7073371999105278]",2,9
6645,[0.28180449 0.67647887],1,9,"[0.2630806751638254, 0.7080875454644293]",2,9
6646,[0.27951365 0.68604812],1,9,"[0.2630806751638254, 0.7080875454644293]",2,9
6647,[0.85328912 0.30532333],7,-1,-1,4,-1
6648,[0.71409718 0.59374919],0,4,"[0.7285423500480827, 0.6073851354724864]",3,2
6649,[0.60811381 0.13359197],5,-1,-1,0,0
6650,[0.31256079 0.84300645],2,1,"[0.3445904742281392, 0.8508004104108614]",2,3
6651,[0.73622151 0.59975791],0,4,"[0.7285423500480827, 0.6073851354724864]",3,2
6652,[0.25563908 0.70139447],1,9,"[0.2630806751638254, 0.7080875454644293]",2,-1
6653,[0.24210367 0.75772371],8,9,"[0.2630806751638254, 0.7080875454644293]",2,-1
6654,[0.34493444 0.83612902],2,1,"[0.3445904742281392, 0.8508004104108614]",2,-1
6655,[0.89896553 0.37548698],7,-1,-1,4,-1
6656,[0.77347323 0.33095323],7,6,"[0.7921949837838228, 0.3529120844654886]",4,-1
6657,[0.52659978 0.1129549 ],5,3,"[0.5044907196570393, 0.16230287856274858]",0,0
6658,[0.43541367 0.71246365],6,-1,-1,2,10
6659,[0.38994198 0.56276861],9,-1,-1,2,-1
6660,[0.79240233 0.43007443],4,2,"[0.8312266673252705, 0.4613441479074099]",4,-1
6661,[0.37250525 0.60823369],9,0,"[0.4297636102329726, 0.6357143141723958]",2,-1
6662,[0.22535642 0.75916894],8,7,"[0.17089520780330653, 0.7464713359575794]",2,-1
6663,[0.12956469 0.77422897],8,7,"[0.17089520780330653, 0.7464713359575794]",2,-1
6664,[0.30595502 0.73403708],1,9,"[0.2630806751638254, 0.7080875454644293]",2,-1
6665,[0.75401576 0.50368971],4,-1,-1,4,-1
6666,[0.12122863 0.75902807],8,7,"[0.17089520780330653, 0.7464713359575794]",2,-1
6667,[0.07926769 0.4972589 ],3,5,"[0.12813625889338118, 0.45239712230086515]",1,1
6668,[0.29417538 0.86745205],2,1,"[0.3445904742281392, 0.8508004104108614]",2,-1
6669,[0.32460452 0.69125662],1,8,"[0.36289448703783916, 0.7073371999105278]",2,9
6670,[0.72187568 0.36460361],7,-1,-1,4,-1
6671,[0.24453218 0.7450456 ],8,9,"[0.2630806751638254, 0.7080875454644293]",2,-1
6672,[0.34453622 0.60881909],9,-1,-1,2,-1
6673,[0.15934367 0.51293538],3,5,"[0.12813625889338118, 0.45239712230086515]",1,1
6674,[0.73832255 0.58516115],0,4,"[0.7285423500480827, 0.6073851354724864]",3,2
6675,[0.51373218 0.68196737],6,-1,-1,2,-1
6676,[0.42160361 0.73514202],6,8,"[0.36289448703783916, 0.7073371999105278]",2,-1
6677,[0.30441631 0.81913334],2,1,"[0.3445904742281392, 0.8508004104108614]",2,-1
6678,[0.91863288 0.41046321],4,-1,-1,4,-1
6679,[0.37481374 0.62226261],9,0,"[0.4297636102329726, 0.6357143141723958]",2,-1
6680,[0.43936028 0.59096015],9,0,"[0.4297636102329726, 0.6357143141723958]",2,11
6681,[0.74452312 0.54615172],0,4,"[0.7285423500480827, 0.6073851354724864]",3,2
6682,[0.52860039 0.15398719],5,3,"[0.5044907196570393, 0.16230287856274858]",0,0
6683,[0.4366151  0.70249441],6,0,"[0.4297636102329726, 0.6357143141723958]",2,10
6684,[0.26996745 0.8338032 ],2,-1,-1,2,-1
6685,[0.81553692 0.56379816],4,-1,-1,3,2
6686,[0.11547906 0.4816146 ],3,5,"[0.12813625889338118, 0.45239712230086515]",1,1
6687,[0.31419656 0.6635799 ],1,8,"[0.36289448703783916, 0.7073371999105278]",2,-1
6688,[0.71372917 0.37363433],7,-1,-1,4,-1
6689,[0.21302123 0.70782727],8,9,"[0.2630806751638254, 0.7080875454644293]",2,-1
6690,[0.3837746  0.59885047],9,0,"[0.4297636102329726, 0.6357143141723958]",2,-1
6691,[0.41394697 0.71238362],6,8,"[0.36289448703783916, 0.7073371999105278]",2,10
6692,[0.75605477 0.29312664],7,6,"[0.7921949837838228, 0.3529120844654886]",4,-1
6693,[0.72994629 0.62304599],0,4,"[0.7285423500480827, 0.6073851354724864]",3,2
6694,[0.87903657 0.43595219],4,2,"[0.8312266673252705, 0.4613441479074099]",4,-1
6695,[0.27698446 0.71760955],8,9,"[0.2630806751638254, 0.7080875454644293]",2,9
6696,[0.42636762 0.69765854],6,0,"[0.4297636102329726, 0.6357143141723958]",2,10
6697,[0.8154992  0.50068631],4,2,"[0.8312266673252705, 0.4613441479074099]",4,-1
6698,[0.64571025 0.59936445],0,-1,-1,3,2
6699,[0.43257488 0.68768827],6,0,"[0.4297636102329726, 0.6357143141723958]",2,10
6700,[0.33870106 0.7900332 ],2,1,"[0.3445904742281392, 0.8508004104108614]",2,-1
6701,[0.72659602 0.5010698 ],0,-1,-1,3,2
6702,[0.7754286 0.4863395],4,2,"[0.8312266673252705, 0.4613441479074099]",4,-1
6703,[0.88379242 0.41948902],4,2,"[0.8312266673252705, 0.4613441479074099]",4,-1
6704,[0.35787143 0.8213147 ],2,1,"[0.3445904742281392, 0.8508004104108614]",2,4
6705,[0.83230537 0.49222203],4,2,"[0.8312266673252705, 0.4613441479074099]",4,-1
6706,[0.35712761 0.89592135],2,1,"[0.3445904742281392, 0.8508004104108614]",2,-1
6707,[0.73543048 0.63515088],0,4,"[0.7285423500480827, 0.6073851354724864]",3,2
6708,[0.37736422 0.55054056],9,-1,-1,2,-1
6709,[0.80687496 0.36258876],7,6,"[0.7921949837838228, 0.3529120844654886]",4,6
6710,[0.75117524 0.3154234 ],7,6,"[0.7921949837838228, 0.3529120844654886]",4,-1
6711,[0.65980087 0.58640617],0,-1,-1,3,2
6712,[0.15689815 0.71682691],8,7,"[0.17089520780330653, 0.7464713359575794]",2,8
6713,[0.49314961 0.17321213],5,3,"[0.5044907196570393, 0.16230287856274858]",0,0
6714,[0.22355273 0.75282492],8,7,"[0.17089520780330653, 0.7464713359575794]",2,-1
6715,[0.53360098 0.1617374 ],5,3,"[0.5044907196570393, 0.16230287856274858]",0,0
6716,[0.3358569  0.79838047],2,1,"[0.3445904742281392, 0.8508004104108614]",2,-1
6717,[0.34844803 0.67728199],6,8,"[0.36289448703783916, 0.7073371999105278]",2,-1
6718,[0.12773462 0.47482818],3,5,"[0.12813625889338118, 0.45239712230086515]",1,1
6719,[0.37471265 0.670605  ],9,8,"[0.36289448703783916, 0.7073371999105278]",2,-1
6720,[0.43507774 0.73456085],6,-1,-1,2,-1
6721,[0.35633919 0.59776462],9,-1,-1,2,-1
6722,[0.7585936  0.36385632],7,6,"[0.7921949837838228, 0.3529120844654886]",4,-1
6723,[0.34776219 0.78349279],1,1,"[0.3445904742281392, 0.8508004104108614]",2,-1
6724,[0.1714556  0.72428714],8,7,"[0.17089520780330653, 0.7464713359575794]",2,8
6725,[0.79393809 0.38747772],7,6,"[0.7921949837838228, 0.3529120844654886]",4,6
6726,[0.82415129 0.42272236],4,2,"[0.8312266673252705, 0.4613441479074099]",4,-1
6727,[0.53028591 0.17665297],5,3,"[0.5044907196570393, 0.16230287856274858]",0,0
6728,[0.4208138  0.16585975],5,-1,-1,0,0
6729,[0.31575689 0.74451503],1,8,"[0.36289448703783916, 0.7073371999105278]",2,-1
6730,[0.79710162 0.37099983],7,6,"[0.7921949837838228, 0.3529120844654886]",4,6
6731,[0.16003107 0.4688793 ],3,5,"[0.12813625889338118, 0.45239712230086515]",1,1
6732,[0.8201077  0.41416442],7,2,"[0.8312266673252705, 0.4613441479074099]",4,6
6733,[0.35869123 0.63515404],9,-1,-1,2,-1
6734,[0.38754009 0.5970144 ],9,0,"[0.4297636102329726, 0.6357143141723958]",2,-1
6735,[0.47457564 0.26348982],5,-1,-1,0,0
6736,[0.72950956 0.56787021],0,4,"[0.7285423500480827, 0.6073851354724864]",3,2
6737,[0.45810718 0.13505569],5,3,"[0.5044907196570393, 0.16230287856274858]",0,0
6738,[0.30929453 0.86549278],2,1,"[0.3445904742281392, 0.8508004104108614]",2,-1
6739,[0.42688291 0.73326871],6,8,"[0.36289448703783916, 0.7073371999105278]",2,-1
6740,[0.19575691 0.7596075 ],8,7,"[0.17089520780330653, 0.7464713359575794]",2,8
6741,[0.16455841 0.76946716],8,7,"[0.17089520780330653, 0.7464713359575794]",2,8
6742,[0.35327334 0.81315774],2,1,"[0.3445904742281392, 0.8508004104108614]",2,4
6743,[0.78462544 0.45312282],4,2,"[0.8312266673252705, 0.4613441479074099]",4,-1
6744,[0.68323672 0.57193152],0,4,"[0.7285423500480827, 0.6073851354724864]",3,2
6745,[0.83475996 0.36680956],7,6,"[0.7921949837838228, 0.3529120844654886]",4,-1
6746,[0.30035809 0.67933838],1,9,"[0.2630806751638254, 0.7080875454644293]",2,9
6747,[0.74774777 0.50301106],4,-1,-1,4,-1
6748,[0.45353372 0.57504787],9,0,"[0.4297636102329726, 0.6357143141723958]",2,-1
6749,[0.3708489  0.58620003],9,-1,-1,2,-1
6750,[0.7474521  0.61820275],0,4,"[0.7285423500480827, 0.6073851354724864]",3,2
6751,[0.13432835 0.41030343],3,5,"[0.12813625889338118, 0.45239712230086515]",1,1
6752,[0.49265993 0.11918111],5,3,"[0.5044907196570393, 0.16230287856274858]",0,0
6753,[0.42435528 0.60952779],9,0,"[0.4297636102329726, 0.6357143141723958]",2,-1
6754,[0.45172129 0.57779579],9,0,"[0.4297636102329726, 0.6357143141723958]",2,-1
6755,[0.26970032 0.67128912],1,9,"[0.2630806751638254, 0.7080875454644293]",2,-1
6756,[0.05497309 0.41097926],3,-1,-1,1,1
6757,[0.8231546  0.32844664],7,6,"[0.7921949837838228, 0.3529120844654886]",4,-1
6758,[0.43914885 0.54539438],9,-1,-1,2,-1
6759,[0.13623743 0.34032101],3,-1,-1,1,1
6760,[0.42906949 0.84648609],2,-1,-1,2,-1
6761,[0.49291856 0.14959674],5,3,"[0.5044907196570393, 0.16230287856274858]",0,0
6762,[0.38248515 0.56487094],9,-1,-1,2,-1
6763,[0.39584343 0.66208666],9,0,"[0.4297636102329726, 0.6357143141723958]",2,-1
6764,[0.49757797 0.12705438],5,3,"[0.5044907196570393, 0.16230287856274858]",0,0
6765,[0.22453082 0.7044311 ],1,9,"[0.2630806751638254, 0.7080875454644293]",2,-1
6766,[0.35301277 0.73124743],6,8,"[0.36289448703783916, 0.7073371999105278]",2,-1
6767,[0.30158996 0.71450758],1,9,"[0.2630806751638254, 0.7080875454644293]",2,9
6768,[0.15214595 0.54196432],3,-1,-1,1,1
6769,[0.29752973 0.73951965],1,9,"[0.2630806751638254, 0.7080875454644293]",2,-1
6770,[0.85029566 0.56092043],4,-1,-1,4,-1
6771,[0.13689855 0.48709371],3,5,"[0.12813625889338118, 0.45239712230086515]",1,1
6772,[0.42508952 0.72290852],6,8,"[0.36289448703783916, 0.7073371999105278]",2,10
6773,[0.81337386 0.31998261],7,6,"[0.7921949837838228, 0.3529120844654886]",4,-1
6774,[0.12528593 0.46214662],3,5,"[0.12813625889338118, 0.45239712230086515]",1,1
6775,[0.26784787 0.71836585],1,9,"[0.2630806751638254, 0.7080875454644293]",2,9
6776,[0.81762953 0.3300983 ],7,6,"[0.7921949837838228, 0.3529120844654886]",4,-1
6777,[0.42119771 0.80746806],2,-1,-1,2,-1
6778,[0.5086785  0.71397455],6,-1,-1,2,-1
6779,[0.17771126 0.76221686],8,7,"[0.17089520780330653, 0.7464713359575794]",2,8
6780,[0.88926254 0.44573096],4,2,"[0.8312266673252705, 0.4613441479074099]",4,-1
6781,[0.14846149 0.72892752],8,7,"[0.17089520780330653, 0.7464713359575794]",2,-1
6782,[0.79546975 0.44977367],4,2,"[0.8312266673252705, 0.4613441479074099]",4,-1
6783,[0.47315142 0.18278206],5,3,"[0.5044907196570393, 0.16230287856274858]",0,0
6784,[0.31533085 0.67684461],1,8,"[0.36289448703783916, 0.7073371999105278]",2,-1
6785,[0.32943116 0.7501534 ],1,8,"[0.36289448703783916, 0.7073371999105278]",2,-1
6786,[0.77164231 0.61295263],0,4,"[0.7285423500480827, 0.6073851354724864]",3,2
6787,[0.8160599  0.34036338],7,6,"[0.7921949837838228, 0.3529120844654886]",4,-1
6788,[0.38180411 0.9022457 ],2,1,"[0.3445904742281392, 0.8508004104108614]",2,-1
6789,[0.38717285 0.87104894],2,1,"[0.3445904742281392, 0.8508004104108614]",2,-1
6790,[0.80390684 0.40293337],7,6,"[0.7921949837838228, 0.3529120844654886]",4,-1
6791,[0.372691   0.60561544],9,0,"[0.4297636102329726, 0.6357143141723958]",2,-1
6792,[0.12109691 0.46733267],3,5,"[0.12813625889338118, 0.45239712230086515]",1,1
6793,[0.77579849 0.28901469],7,6,"[0.7921949837838228, 0.3529120844654886]",4,-1
6794,[0.10775392 0.48166277],3,5,"[0.12813625889338118, 0.45239712230086515]",1,1
6795,[0.42062381 0.17342488],5,-1,-1,0,0
6796,[0.29293318 0.67046339],1,9,"[0.2630806751638254, 0.7080875454644293]",2,-1
6797,[0.37049647 0.67944502],1,8,"[0.36289448703783916, 0.7073371999105278]",2,-1
6798,[0.72751043 0.2905265 ],7,-1,-1,4,-1
6799,[0.53437584 0.14068567],5,3,"[0.5044907196570393, 0.16230287856274858]",0,0
6800,[0.09838192 0.43572294],3,5,"[0.12813625889338118, 0.45239712230086515]",1,1
6801,[0.88193396 0.42948211],4,2,"[0.8312266673252705, 0.4613441479074099]",4,-1
6802,[0.79588869 0.66840123],0,-1,-1,3,2
6803,[0.92677623 0.46707313],4,-1,-1,4,-1
6804,[0.17069085 0.45875359],3,5,"[0.12813625889338118, 0.45239712230086515]",1,1
6805,[0.70502432 0.63598283],0,4,"[0.7285423500480827, 0.6073851354724864]",3,2
6806,[0.4039313  0.86558346],2,1,"[0.3445904742281392, 0.8508004104108614]",2,-1
6807,[0.34254175 0.75003576],1,8,"[0.36289448703783916, 0.7073371999105278]",2,-1
6808,[0.44043449 0.57383986],9,0,"[0.4297636102329726, 0.6357143141723958]",2,-1
6809,[0.33584425 0.67423726],9,8,"[0.36289448703783916, 0.7073371999105278]",2,-1
6810,[0.54170267 0.72979716],6,-1,-1,2,-1
6811,[0.75247626 0.55018057],0,4,"[0.7285423500480827, 0.6073851354724864]",3,2
6812,[0.29404397 0.86684048],2,1,"[0.3445904742281392, 0.8508004104108614]",2,-1
6813,[0.15050272 0.4706776 ],3,5,"[0.12813625889338118, 0.45239712230086515]",1,1
6814,[0.15360613 0.75304916],8,7,"[0.17089520780330653, 0.7464713359575794]",2,8
6815,[0.29633194 0.67119222],1,9,"[0.2630806751638254, 0.7080875454644293]",2,9
6816,[0.71185769 0.64741009],0,4,"[0.7285423500480827, 0.6073851354724864]",3,2
6817,[0.69938821 0.36316957],7,-1,-1,4,-1
6818,[0.74542985 0.54889424],0,4,"[0.7285423500480827, 0.6073851354724864]",3,2
6819,[0.71786452 0.63464221],0,4,"[0.7285423500480827, 0.6073851354724864]",3,2
6820,[0.310251   0.81579639],1,1,"[0.3445904742281392, 0.8508004104108614]",2,-1
6821,[0.3600416 0.6299166],9,0,"[0.4297636102329726, 0.6357143141723958]",2,-1
6822,[0.45726709 0.19237701],5,3,"[0.5044907196570393, 0.16230287856274858]",0,0
6823,[0.35640053 0.81337952],2,1,"[0.3445904742281392, 0.8508004104108614]",2,4
6824,[0.75989732 0.59540026],0,4,"[0.7285423500480827, 0.6073851354724864]",3,2
6825,[0.44675506 0.73025774],6,-1,-1,2,-1
6826,[0.34437112 0.69242281],1,8,"[0.36289448703783916, 0.7073371999105278]",2,-1
6827,[0.79323678 0.54873736],4,-1,-1,3,2
6828,[0.25367733 0.74451445],1,9,"[0.2630806751638254, 0.7080875454644293]",2,-1
6829,[0.51380995 0.25056685],5,-1,-1,0,0
6830,[0.17501982 0.70773509],8,7,"[0.17089520780330653, 0.7464713359575794]",2,8
6831,[0.14357499 0.40845421],3,5,"[0.12813625889338118, 0.45239712230086515]",1,1
6832,[0.70011516 0.61110713],0,4,"[0.7285423500480827, 0.6073851354724864]",3,2
6833,[0.78401104 0.45442092],4,2,"[0.8312266673252705, 0.4613441479074099]",4,-1
6834,[0.35783184 0.75125174],6,8,"[0.36289448703783916, 0.7073371999105278]",2,-1
6835,[0.34426977 0.88334965],2,1,"[0.3445904742281392, 0.8508004104108614]",2,-1
6836,[0.82470041 0.43667267],4,2,"[0.8312266673252705, 0.4613441479074099]",4,7
6837,[0.16051475 0.71021238],8,7,"[0.17089520780330653, 0.7464713359575794]",2,-1
6838,[0.33280556 0.65020412],1,8,"[0.36289448703783916, 0.7073371999105278]",2,-1
6839,[0.48445753 0.13731341],5,3,"[0.5044907196570393, 0.16230287856274858]",0,0
6840,[0.82642197 0.43172447],4,2,"[0.8312266673252705, 0.4613441479074099]",4,7
6841,[0.18135363 0.43346226],3,5,"[0.12813625889338118, 0.45239712230086515]",1,1
6842,[0.8312087  0.45991329],4,2,"[0.8312266673252705, 0.4613441479074099]",4,7
6843,[0.35445732 0.80879739],2,1,"[0.3445904742281392, 0.8508004104108614]",2,4
6844,[0.40681355 0.71577136],6,8,"[0.36289448703783916, 0.7073371999105278]",2,10
6845,[0.42370584 0.6413963 ],6,0,"[0.4297636102329726, 0.6357143141723958]",2,-1
6846,[0.51087046 0.10921767],5,3,"[0.5044907196570393, 0.16230287856274858]",0,0
6847,[0.27600574 0.8375272 ],2,1,"[0.3445904742281392, 0.8508004104108614]",2,-1
6848,[0.21511357 0.82789087],8,-1,-1,2,-1
6849,[0.80645251 0.4726515 ],4,2,"[0.8312266673252705, 0.4613441479074099]",4,7
6850,[0.83381539 0.51443636],4,2,"[0.8312266673252705, 0.4613441479074099]",4,-1
6851,[0.72249955 0.58126126],0,4,"[0.7285423500480827, 0.6073851354724864]",3,2
6852,[0.23935678 0.91666673],2,-1,-1,2,-1
6853,[0.43192861 0.24406645],5,-1,-1,0,0
6854,[0.51537658 0.17140122],5,3,"[0.5044907196570393, 0.16230287856274858]",0,0
6855,[0.86104282 0.47190538],4,2,"[0.8312266673252705, 0.4613441479074099]",4,-1
6856,[0.49689466 0.75992202],6,-1,-1,2,-1
6857,[0.339171   0.73077032],1,8,"[0.36289448703783916, 0.7073371999105278]",2,-1
6858,[0.79683529 0.4847202 ],4,2,"[0.8312266673252705, 0.4613441479074099]",4,-1
6859,[0.40911094 0.65604599],9,0,"[0.4297636102329726, 0.6357143141723958]",2,10
6860,[0.47850435 0.70258758],6,-1,-1,2,-1
6861,[0.36598891 0.53691201],9,-1,-1,2,-1
6862,[0.52662552 0.17511623],5,3,"[0.5044907196570393, 0.16230287856274858]",0,0
6863,[0.3690859  0.78625783],2,1,"[0.3445904742281392, 0.8508004104108614]",2,-1
6864,[0.3898962  0.57700788],9,-1,-1,2,-1
6865,[0.38266484 0.72618536],6,8,"[0.36289448703783916, 0.7073371999105278]",2,-1
6866,[0.16619688 0.41116813],3,5,"[0.12813625889338118, 0.45239712230086515]",1,1
6867,[0.34199444 0.77208759],2,8,"[0.36289448703783916, 0.7073371999105278]",2,-1
6868,[0.46089444 0.22762071],5,-1,-1,0,0
6869,[0.15837903 0.41459406],3,5,"[0.12813625889338118, 0.45239712230086515]",1,1
6870,[0.70865678 0.54837716],0,4,"[0.7285423500480827, 0.6073851354724864]",3,2
6871,[0.53849729 0.14985148],5,3,"[0.5044907196570393, 0.16230287856274858]",0,0
6872,[0.12666182 0.74181628],8,7,"[0.17089520780330653, 0.7464713359575794]",2,-1
6873,[0.7291378  0.60078274],0,4,"[0.7285423500480827, 0.6073851354724864]",3,2
6874,[0.10949998 0.40470619],3,5,"[0.12813625889338118, 0.45239712230086515]",1,1
6875,[0.19205728 0.74247452],8,7,"[0.17089520780330653, 0.7464713359575794]",2,8
6876,[0.28464635 0.68186783],1,9,"[0.2630806751638254, 0.7080875454644293]",2,9
6877,[0.4392865  0.75117548],6,-1,-1,2,-1
6878,[0.39308723 0.58737622],9,0,"[0.4297636102329726, 0.6357143141723958]",2,-1
6879,[0.70367343 0.64959413],0,4,"[0.7285423500480827, 0.6073851354724864]",3,2
6880,[0.14723172 0.81223883],8,7,"[0.17089520780330653, 0.7464713359575794]",2,-1
6881,[0.10722182 0.43483462],3,5,"[0.12813625889338118, 0.45239712230086515]",1,1
6882,[0.62004224 0.61837718],0,-1,-1,3,2
6883,[0.42554161 0.58729286],9,0,"[0.4297636102329726, 0.6357143141723958]",2,11
6884,[0.44147141 0.61301239],9,0,"[0.4297636102329726, 0.6357143141723958]",2,-1
6885,[0.15386506 0.4110183 ],3,5,"[0.12813625889338118, 0.45239712230086515]",1,1
6886,[0.2004504  0.44880485],3,-1,-1,1,1
6887,[0.49549383 0.63954961],6,0,"[0.4297636102329726, 0.6357143141723958]",2,-1
6888,[0.49001178 0.67134992],6,0,"[0.4297636102329726, 0.6357143141723958]",2,-1
6889,[0.72630031 0.64555846],0,4,"[0.7285423500480827, 0.6073851354724864]",3,2
6890,[0.44436928 0.16867906],5,3,"[0.5044907196570393, 0.16230287856274858]",0,0
6891,[0.41591716 0.66527874],6,0,"[0.4297636102329726, 0.6357143141723958]",2,10
6892,[0.09862848 0.47044448],3,5,"[0.12813625889338118, 0.45239712230086515]",1,1
6893,[0.08723542 0.38737158],3,-1,-1,1,1
6894,[0.80766035 0.45237715],7,2,"[0.8312266673252705, 0.4613441479074099]",4,7
6895,[0.30441263 0.63001478],1,-1,-1,2,-1
6896,[0.29324555 0.70059625],1,9,"[0.2630806751638254, 0.7080875454644293]",2,9
6897,[0.36168742 0.78384501],2,1,"[0.3445904742281392, 0.8508004104108614]",2,-1
6898,[0.83884817 0.34894772],7,6,"[0.7921949837838228, 0.3529120844654886]",4,-1
6899,[0.28415776 0.67334223],1,9,"[0.2630806751638254, 0.7080875454644293]",2,9
6900,[0.534744   0.13323933],5,3,"[0.5044907196570393, 0.16230287856274858]",0,0
6901,[0.51864356 0.20258346],5,3,"[0.5044907196570393, 0.16230287856274858]",0,0
6902,[0.76943182 0.61605132],0,4,"[0.7285423500480827, 0.6073851354724864]",3,2
6903,[0.78603375 0.65338185],0,-1,-1,3,2
6904,[0.50831717 0.17978976],5,3,"[0.5044907196570393, 0.16230287856274858]",0,0
6905,[0.85551161 0.41938295],4,2,"[0.8312266673252705, 0.4613441479074099]",4,-1
6906,[0.57186141 0.16169769],5,3,"[0.5044907196570393, 0.16230287856274858]",0,0
6907,[0.51222538 0.17498776],5,3,"[0.5044907196570393, 0.16230287856274858]",0,0
6908,[0.82940118 0.36328117],7,6,"[0.7921949837838228, 0.3529120844654886]",4,-1
6909,[0.30455776 0.69233903],1,9,"[0.2630806751638254, 0.7080875454644293]",2,9
6910,[0.82535681 0.40407205],4,2,"[0.8312266673252705, 0.4613441479074099]",4,6
6911,[0.16948875 0.44978972],3,5,"[0.12813625889338118, 0.45239712230086515]",1,1
6912,[0.04877392 0.40919344],3,-1,-1,1,1
6913,[0.22807051 0.71970896],8,9,"[0.2630806751638254, 0.7080875454644293]",2,-1
6914,[0.46821165 0.63770686],6,0,"[0.4297636102329726, 0.6357143141723958]",2,-1
6915,[0.09669433 0.37035778],3,-1,-1,1,1
6916,[0.73761083 0.60046891],0,4,"[0.7285423500480827, 0.6073851354724864]",3,2
6917,[0.56038515 0.10769537],5,-1,-1,0,0
6918,[0.78211674 0.28526909],7,6,"[0.7921949837838228, 0.3529120844654886]",4,-1
6919,[0.12450892 0.54419211],3,-1,-1,1,1
6920,[0.18047814 0.80261538],8,7,"[0.17089520780330653, 0.7464713359575794]",2,-1
6921,[0.3621717  0.62454461],9,0,"[0.4297636102329726, 0.6357143141723958]",2,-1
6922,[0.75014912 0.34920008],7,6,"[0.7921949837838228, 0.3529120844654886]",4,-1
6923,[0.33498466 0.90468021],2,1,"[0.3445904742281392, 0.8508004104108614]",2,-1
6924,[0.17651815 0.7265913 ],8,7,"[0.17089520780330653, 0.7464713359575794]",2,8
6925,[0.47929664 0.67092844],6,0,"[0.4297636102329726, 0.6357143141723958]",2,-1
6926,[0.15071286 0.74762064],8,7,"[0.17089520780330653, 0.7464713359575794]",2,-1
6927,[0.38827039 0.57533209],9,-1,-1,2,-1
6928,[0.78791024 0.42461819],7,2,"[0.8312266673252705, 0.4613441479074099]",4,-1
6929,[0.44097337 0.7047481 ],6,0,"[0.4297636102329726, 0.6357143141723958]",2,10
6930,[0.71429954 0.58232682],0,4,"[0.7285423500480827, 0.6073851354724864]",3,2
6931,[0.38253277 0.56883516],9,-1,-1,2,-1
6932,[0.85665048 0.30327494],7,-1,-1,4,-1
6933,[0.33816226 0.89856975],2,1,"[0.3445904742281392, 0.8508004104108614]",2,-1
6934,[0.34843319 0.75138519],1,8,"[0.36289448703783916, 0.7073371999105278]",2,-1
6935,[0.38513414 0.60248552],9,0,"[0.4297636102329726, 0.6357143141723958]",2,12
6936,[0.32945171 0.86532654],2,1,"[0.3445904742281392, 0.8508004104108614]",2,-1
6937,[0.87120603 0.43634533],4,2,"[0.8312266673252705, 0.4613441479074099]",4,-1
6938,[0.4256029  0.58488421],9,0,"[0.4297636102329726, 0.6357143141723958]",2,11
6939,[0.18529138 0.80662134],8,7,"[0.17089520780330653, 0.7464713359575794]",2,-1
6940,[0.42961864 0.7105702 ],6,8,"[0.36289448703783916, 0.7073371999105278]",2,10
6941,[0.40891267 0.6924708 ],6,8,"[0.36289448703783916, 0.7073371999105278]",2,10
6942,[0.8515568  0.51318726],4,2,"[0.8312266673252705, 0.4613441479074099]",4,-1
6943,[0.75024087 0.58315112],0,4,"[0.7285423500480827, 0.6073851354724864]",3,2
6944,[0.1576628  0.71716752],8,7,"[0.17089520780330653, 0.7464713359575794]",2,8
6945,[0.80194929 0.49080153],4,2,"[0.8312266673252705, 0.4613441479074099]",4,-1
6946,[0.75801494 0.39354461],7,6,"[0.7921949837838228, 0.3529120844654886]",4,-1
6947,[0.55890559 0.18130108],5,3,"[0.5044907196570393, 0.16230287856274858]",0,0
6948,[0.85532513 0.4686749 ],4,2,"[0.8312266673252705, 0.4613441479074099]",4,-1
6949,[0.37919106 0.78789339],2,-1,-1,2,-1
6950,[0.2082518  0.78277859],8,7,"[0.17089520780330653, 0.7464713359575794]",2,-1
6951,[0.38091597 0.58789232],9,0,"[0.4297636102329726, 0.6357143141723958]",2,-1
6952,[0.42248499 0.17311869],5,-1,-1,0,0
6953,[0.13425127 0.43698777],3,5,"[0.12813625889338118, 0.45239712230086515]",1,1
6954,[0.17104382 0.73682309],8,7,"[0.17089520780330653, 0.7464713359575794]",2,8
6955,[0.77367284 0.25292234],7,-1,-1,4,-1
6956,[0.20172612 0.73651241],8,7,"[0.17089520780330653, 0.7464713359575794]",2,8
6957,[0.56229148 0.16190466],5,3,"[0.5044907196570393, 0.16230287856274858]",0,0
6958,[0.84169106 0.40144859],4,2,"[0.8312266673252705, 0.4613441479074099]",4,-1
6959,[0.31572759 0.68748621],1,8,"[0.36289448703783916, 0.7073371999105278]",2,9
6960,[0.33996244 0.65629374],1,8,"[0.36289448703783916, 0.7073371999105278]",2,-1
6961,[0.34091445 0.6221857 ],9,-1,-1,2,-1
6962,[0.44533541 0.67259675],9,0,"[0.4297636102329726, 0.6357143141723958]",2,10
6963,[0.79881019 0.34340468],7,6,"[0.7921949837838228, 0.3529120844654886]",4,6
6964,[0.74872539 0.2705294 ],7,-1,-1,4,-1
6965,[0.35824375 0.83977092],2,1,"[0.3445904742281392, 0.8508004104108614]",2,-1
6966,[0.69285017 0.51701794],0,-1,-1,3,2
6967,[0.42445978 0.7112729 ],6,8,"[0.36289448703783916, 0.7073371999105278]",2,10
6968,[0.40010804 0.60693193],9,0,"[0.4297636102329726, 0.6357143141723958]",2,12
6969,[0.08147068 0.44750425],3,5,"[0.12813625889338118, 0.45239712230086515]",1,1
6970,[0.28383442 0.89238271],2,-1,-1,2,-1
6971,[0.33980483 0.9191503 ],2,1,"[0.3445904742281392, 0.8508004104108614]",2,-1
6972,[0.18962604 0.74331131],1,7,"[0.17089520780330653, 0.7464713359575794]",2,8
6973,[0.48972534 0.13439213],5,3,"[0.5044907196570393, 0.16230287856274858]",0,0
6974,[0.40847772 0.55778962],9,-1,-1,2,-1
6975,[0.3383905  0.70233274],6,8,"[0.36289448703783916, 0.7073371999105278]",2,9
6976,[0.24655779 0.83575413],2,-1,-1,2,-1
6977,[0.35828832 0.65137172],1,8,"[0.36289448703783916, 0.7073371999105278]",2,-1
6978,[0.42115088 0.64480616],6,0,"[0.4297636102329726, 0.6357143141723958]",2,-1
6979,[0.41186497 0.80460763],6,-1,-1,2,-1
6980,[0.84209125 0.499297  ],4,2,"[0.8312266673252705, 0.4613441479074099]",4,-1
6981,[0.22688139 0.7988089 ],8,-1,-1,2,-1
6982,[0.09095924 0.38983689],3,-1,-1,1,1
6983,[0.46439865 0.08915629],5,-1,-1,0,0
6984,[0.86973312 0.43179418],4,2,"[0.8312266673252705, 0.4613441479074099]",4,-1
6985,[0.33153245 0.86055408],2,1,"[0.3445904742281392, 0.8508004104108614]",2,-1
6986,[0.86887241 0.50876219],4,2,"[0.8312266673252705, 0.4613441479074099]",4,-1
6987,[0.78093335 0.43130087],4,2,"[0.8312266673252705, 0.4613441479074099]",4,-1
6988,[0.49264123 0.16495242],5,3,"[0.5044907196570393, 0.16230287856274858]",0,0
6989,[0.18374292 0.70604638],8,7,"[0.17089520780330653, 0.7464713359575794]",2,8
6990,[0.73440329 0.39612839],7,-1,-1,4,-1
6991,[0.32647916 0.76070245],1,8,"[0.36289448703783916, 0.7073371999105278]",2,-1
6992,[0.14393339 0.47677163],3,5,"[0.12813625889338118, 0.45239712230086515]",1,1
6993,[0.11727443 0.72991441],8,7,"[0.17089520780330653, 0.7464713359575794]",2,-1
6994,[0.26145997 0.71300172],2,9,"[0.2630806751638254, 0.7080875454644293]",2,9
6995,[0.29983698 0.72240233],1,9,"[0.2630806751638254, 0.7080875454644293]",2,9
6996,[0.1412615  0.72390106],8,7,"[0.17089520780330653, 0.7464713359575794]",2,-1
6997,[0.40434257 0.71061575],6,8,"[0.36289448703783916, 0.7073371999105278]",2,10
6998,[0.13735719 0.7489146 ],8,7,"[0.17089520780330653, 0.7464713359575794]",2,-1
6999,[0.08446844 0.44163235],3,5,"[0.12813625889338118, 0.45239712230086515]",1,1
7000,[0.34755771 0.75952952],2,8,"[0.36289448703783916, 0.7073371999105278]",2,-1
7001,[0.14191271 0.48253903],3,5,"[0.12813625889338118, 0.45239712230086515]",1,1
7002,[0.2368395  0.64040427],1,-1,-1,2,-1
7003,[0.64914033 0.55406557],0,-1,-1,3,2
7004,[0.1468297  0.45683643],3,5,"[0.12813625889338118, 0.45239712230086515]",1,1
7005,[0.66675517 0.63827986],0,4,"[0.7285423500480827, 0.6073851354724864]",3,2
7006,[0.72240424 0.59663494],0,4,"[0.7285423500480827, 0.6073851354724864]",3,2
7007,[0.79609689 0.40326248],7,6,"[0.7921949837838228, 0.3529120844654886]",4,-1
7008,[0.10860275 0.46728714],3,5,"[0.12813625889338118, 0.45239712230086515]",1,1
7009,[0.45751161 0.65040233],6,0,"[0.4297636102329726, 0.6357143141723958]",2,-1
7010,[0.41445774 0.69118229],6,8,"[0.36289448703783916, 0.7073371999105278]",2,10
7011,[0.82916844 0.38436261],7,6,"[0.7921949837838228, 0.3529120844654886]",4,-1
7012,[0.79773958 0.55455243],0,-1,-1,3,2
7013,[0.66471753 0.61432539],0,4,"[0.7285423500480827, 0.6073851354724864]",3,2
7014,[0.37332208 0.78131073],2,-1,-1,2,-1
7015,[0.15974153 0.75768689],8,7,"[0.17089520780330653, 0.7464713359575794]",2,8
7016,[0.7933697  0.39380557],7,6,"[0.7921949837838228, 0.3529120844654886]",4,-1
7017,[0.77119409 0.4474163 ],4,2,"[0.8312266673252705, 0.4613441479074099]",4,-1
7018,[0.72724419 0.59135014],0,4,"[0.7285423500480827, 0.6073851354724864]",3,2
7019,[0.81885499 0.44675532],4,2,"[0.8312266673252705, 0.4613441479074099]",4,-1
7020,[0.13705953 0.78754923],8,7,"[0.17089520780330653, 0.7464713359575794]",2,-1
7021,[0.82329279 0.37800812],4,6,"[0.7921949837838228, 0.3529120844654886]",4,-1
7022,[0.39011352 0.71931758],6,8,"[0.36289448703783916, 0.7073371999105278]",2,-1
7023,[0.18039255 0.48990831],3,5,"[0.12813625889338118, 0.45239712230086515]",1,1
7024,[0.34063067 0.756902  ],1,8,"[0.36289448703783916, 0.7073371999105278]",2,-1
7025,[0.82038161 0.48194755],4,2,"[0.8312266673252705, 0.4613441479074099]",4,7
7026,[0.34483996 0.80703882],2,1,"[0.3445904742281392, 0.8508004104108614]",2,-1
7027,[0.12573474 0.46753111],3,5,"[0.12813625889338118, 0.45239712230086515]",1,1
7028,[0.28157844 0.6318848 ],1,-1,-1,2,-1
7029,[0.81406045 0.34119733],7,6,"[0.7921949837838228, 0.3529120844654886]",4,-1
7030,[0.35834169 0.6103819 ],9,-1,-1,2,-1
7031,[0.67525591 0.59610224],0,4,"[0.7285423500480827, 0.6073851354724864]",3,2
7032,[0.33267212 0.85897221],2,1,"[0.3445904742281392, 0.8508004104108614]",2,5
7033,[0.33596281 0.63746074],1,-1,-1,2,-1
7034,[0.20092968 0.66168583],8,-1,-1,2,-1
7035,[0.1651139  0.76937339],8,7,"[0.17089520780330653, 0.7464713359575794]",2,8
7036,[0.52051662 0.20349322],5,3,"[0.5044907196570393, 0.16230287856274858]",0,0
7037,[0.24066412 0.76969995],2,9,"[0.2630806751638254, 0.7080875454644293]",2,-1
7038,[0.17591103 0.43759568],3,5,"[0.12813625889338118, 0.45239712230086515]",1,1
7039,[0.18614325 0.77578046],8,7,"[0.17089520780330653, 0.7464713359575794]",2,8
7040,[0.16166285 0.67975479],8,7,"[0.17089520780330653, 0.7464713359575794]",2,-1
7041,[0.35648276 0.81199595],2,1,"[0.3445904742281392, 0.8508004104108614]",2,4
7042,[0.48683688 0.12465377],5,3,"[0.5044907196570393, 0.16230287856274858]",0,0
7043,[0.82788713 0.3316336 ],7,6,"[0.7921949837838228, 0.3529120844654886]",4,-1
7044,[0.81093388 0.59794967],0,-1,-1,3,2
7045,[0.8321936  0.46027748],4,2,"[0.8312266673252705, 0.4613441479074099]",4,7
7046,[0.33765446 0.69961653],1,8,"[0.36289448703783916, 0.7073371999105278]",2,9
7047,[0.32200117 0.66524301],1,8,"[0.36289448703783916, 0.7073371999105278]",2,-1
7048,[0.15151367 0.69949686],8,7,"[0.17089520780330653, 0.7464713359575794]",2,-1
7049,[0.51583659 0.16271741],5,3,"[0.5044907196570393, 0.16230287856274858]",0,0
7050,[0.30629626 0.86235808],2,1,"[0.3445904742281392, 0.8508004104108614]",2,-1
7051,[0.38795064 0.7414394 ],6,8,"[0.36289448703783916, 0.7073371999105278]",2,-1
7052,[0.13505037 0.47774098],3,5,"[0.12813625889338118, 0.45239712230086515]",1,1
7053,[0.53049552 0.16262811],5,3,"[0.5044907196570393, 0.16230287856274858]",0,0
7054,[0.46813886 0.64119916],9,0,"[0.4297636102329726, 0.6357143141723958]",2,-1
7055,[0.36753161 0.53188579],9,-1,-1,2,-1
7056,[0.11678897 0.49301337],3,5,"[0.12813625889338118, 0.45239712230086515]",1,1
7057,[0.47941812 0.15690819],5,3,"[0.5044907196570393, 0.16230287856274858]",0,0
7058,[0.79327442 0.37622663],7,6,"[0.7921949837838228, 0.3529120844654886]",4,6
7059,[0.73864386 0.61357995],0,4,"[0.7285423500480827, 0.6073851354724864]",3,2
7060,[0.16872668 0.46261258],3,5,"[0.12813625889338118, 0.45239712230086515]",1,1
7061,[0.81725168 0.44719023],4,2,"[0.8312266673252705, 0.4613441479074099]",4,-1
7062,[0.32235786 0.81844889],2,1,"[0.3445904742281392, 0.8508004104108614]",2,3
7063,[0.72491358 0.6739045 ],0,4,"[0.7285423500480827, 0.6073851354724864]",3,2
7064,[0.44333095 0.15629932],5,3,"[0.5044907196570393, 0.16230287856274858]",0,0
7065,[0.09189011 0.75633338],8,-1,-1,2,-1
7066,[0.86632198 0.44275148],4,2,"[0.8312266673252705, 0.4613441479074099]",4,-1
7067,[0.81067554 0.44901685],4,2,"[0.8312266673252705, 0.4613441479074099]",4,7
7068,[0.12631124 0.773223  ],8,7,"[0.17089520780330653, 0.7464713359575794]",2,-1
7069,[0.42356451 0.60508074],9,0,"[0.4297636102329726, 0.6357143141723958]",2,-1
7070,[0.14096328 0.70867567],8,7,"[0.17089520780330653, 0.7464713359575794]",2,-1
7071,[0.09232298 0.44595759],3,5,"[0.12813625889338118, 0.45239712230086515]",1,1
7072,[0.39055528 0.61848315],9,0,"[0.4297636102329726, 0.6357143141723958]",2,12
7073,[0.25992969 0.67379604],1,9,"[0.2630806751638254, 0.7080875454644293]",2,-1
7074,[0.77456852 0.3039592 ],7,6,"[0.7921949837838228, 0.3529120844654886]",4,-1
7075,[0.33375712 0.82621944],2,1,"[0.3445904742281392, 0.8508004104108614]",2,-1
7076,[0.4127535  0.61743841],9,0,"[0.4297636102329726, 0.6357143141723958]",2,-1
7077,[0.23937306 0.81694306],1,-1,-1,2,-1
7078,[0.36744563 0.83076544],2,1,"[0.3445904742281392, 0.8508004104108614]",2,-1
7079,[0.73636444 0.58294741],0,4,"[0.7285423500480827, 0.6073851354724864]",3,2
7080,[0.39717998 0.5837411 ],9,0,"[0.4297636102329726, 0.6357143141723958]",2,11
7081,[0.80675142 0.42275323],4,2,"[0.8312266673252705, 0.4613441479074099]",4,7
7082,[0.32177948 0.63041232],9,-1,-1,2,-1
7083,[0.80656841 0.40585946],4,6,"[0.7921949837838228, 0.3529120844654886]",4,-1
7084,[0.73027984 0.56981038],0,4,"[0.7285423500480827, 0.6073851354724864]",3,2
7085,[0.8124441  0.46218238],4,2,"[0.8312266673252705, 0.4613441479074099]",4,7
7086,[0.85190914 0.49229125],4,2,"[0.8312266673252705, 0.4613441479074099]",4,-1
7087,[0.29221839 0.74615327],1,9,"[0.2630806751638254, 0.7080875454644293]",2,-1
7088,[0.78186946 0.35758924],7,6,"[0.7921949837838228, 0.3529120844654886]",4,-1
7089,[0.82343295 0.39554426],7,6,"[0.7921949837838228, 0.3529120844654886]",4,-1
7090,[0.44651222 0.67530719],6,0,"[0.4297636102329726, 0.6357143141723958]",2,10
7091,[0.42894375 0.68567689],6,0,"[0.4297636102329726, 0.6357143141723958]",2,10
7092,[0.64133416 0.6573253 ],0,-1,-1,3,2
7093,[0.70426745 0.61095608],0,4,"[0.7285423500480827, 0.6073851354724864]",3,2
7094,[0.80474275 0.29653969],7,6,"[0.7921949837838228, 0.3529120844654886]",4,-1
7095,[0.80166332 0.48301198],4,2,"[0.8312266673252705, 0.4613441479074099]",4,-1
7096,[0.35649663 0.71677408],1,8,"[0.36289448703783916, 0.7073371999105278]",2,-1
7097,[0.4623336  0.60066562],9,0,"[0.4297636102329726, 0.6357143141723958]",2,-1
7098,[0.14149482 0.51924391],3,5,"[0.12813625889338118, 0.45239712230086515]",1,1
7099,[0.30209463 0.91289543],2,-1,-1,2,-1
7100,[0.12982121 0.51476701],3,5,"[0.12813625889338118, 0.45239712230086515]",1,1
7101,[0.12310578 0.4500785 ],3,5,"[0.12813625889338118, 0.45239712230086515]",1,1
7102,[0.82092374 0.46063552],4,2,"[0.8312266673252705, 0.4613441479074099]",4,7
7103,[0.29128741 0.67067676],1,9,"[0.2630806751638254, 0.7080875454644293]",2,-1
7104,[0.81941161 0.48324405],4,2,"[0.8312266673252705, 0.4613441479074099]",4,7
7105,[0.17193297 0.81145707],8,7,"[0.17089520780330653, 0.7464713359575794]",2,-1
7106,[0.74447398 0.38756966],7,6,"[0.7921949837838228, 0.3529120844654886]",4,-1
7107,[0.7302387  0.56818124],0,4,"[0.7285423500480827, 0.6073851354724864]",3,2
7108,[0.31147922 0.74111503],1,9,"[0.2630806751638254, 0.7080875454644293]",2,9
7109,[0.35012906 0.89540792],2,1,"[0.3445904742281392, 0.8508004104108614]",2,-1
7110,[0.37850114 0.6334617 ],1,0,"[0.4297636102329726, 0.6357143141723958]",2,-1
7111,[0.35248513 0.64000933],6,8,"[0.36289448703783916, 0.7073371999105278]",2,-1
7112,[0.41185604 0.65545427],9,0,"[0.4297636102329726, 0.6357143141723958]",2,10
7113,[0.87604341 0.34744499],7,-1,-1,4,-1
7114,[0.14152324 0.46083294],3,5,"[0.12813625889338118, 0.45239712230086515]",1,1
7115,[0.33611785 0.6160779 ],9,-1,-1,2,-1
7116,[0.35748238 0.71979752],6,8,"[0.36289448703783916, 0.7073371999105278]",2,-1
7117,[0.38084017 0.88550287],2,1,"[0.3445904742281392, 0.8508004104108614]",2,-1
7118,[0.80927018 0.54320919],4,-1,-1,4,-1
7119,[0.34823926 0.85015385],2,1,"[0.3445904742281392, 0.8508004104108614]",2,5
7120,[0.81682193 0.46438058],4,2,"[0.8312266673252705, 0.4613441479074099]",4,7
7121,[0.34190053 0.59145728],9,-1,-1,2,-1
7122,[0.43811754 0.61556514],9,0,"[0.4297636102329726, 0.6357143141723958]",2,-1
7123,[0.15773044 0.77264433],8,7,"[0.17089520780330653, 0.7464713359575794]",2,-1
7124,[0.2355887  0.79624808],2,-1,-1,2,-1
7125,[0.44442753 0.71620254],6,-1,-1,2,-1
7126,[0.86906181 0.39954771],7,-1,-1,4,-1
7127,[0.80432166 0.42787791],4,2,"[0.8312266673252705, 0.4613441479074099]",4,7
7128,[0.87533678 0.4307163 ],4,2,"[0.8312266673252705, 0.4613441479074099]",4,-1
7129,[0.13005436 0.3997782 ],3,5,"[0.12813625889338118, 0.45239712230086515]",1,1
7130,[0.76447451 0.61095533],0,4,"[0.7285423500480827, 0.6073851354724864]",3,2
7131,[0.1254144  0.43596641],3,5,"[0.12813625889338118, 0.45239712230086515]",1,1
7132,[0.70481759 0.58810374],0,4,"[0.7285423500480827, 0.6073851354724864]",3,2
7133,[0.13285043 0.46885679],3,5,"[0.12813625889338118, 0.45239712230086515]",1,1
7134,[0.29308372 0.76116741],1,9,"[0.2630806751638254, 0.7080875454644293]",2,-1
7135,[0.46174616 0.18201543],5,3,"[0.5044907196570393, 0.16230287856274858]",0,0
7136,[0.77018577 0.31308072],7,6,"[0.7921949837838228, 0.3529120844654886]",4,-1
7137,[0.5171345  0.13448401],5,3,"[0.5044907196570393, 0.16230287856274858]",0,0
7138,[0.71423589 0.63473999],0,4,"[0.7285423500480827, 0.6073851354724864]",3,2
7139,[0.36090569 0.8605309 ],2,1,"[0.3445904742281392, 0.8508004104108614]",2,5
7140,[0.16875426 0.47908674],3,5,"[0.12813625889338118, 0.45239712230086515]",1,1
7141,[0.50831457 0.66388542],6,-1,-1,2,-1
7142,[0.17825581 0.7781442 ],8,7,"[0.17089520780330653, 0.7464713359575794]",2,-1
7143,[0.82060567 0.51541457],4,2,"[0.8312266673252705, 0.4613441479074099]",4,-1
7144,[0.28600463 0.6476904 ],1,9,"[0.2630806751638254, 0.7080875454644293]",2,-1
7145,[0.35640944 0.6377996 ],9,8,"[0.36289448703783916, 0.7073371999105278]",2,-1
7146,[0.50265229 0.12226611],5,3,"[0.5044907196570393, 0.16230287856274858]",0,0
7147,[0.79918612 0.61970845],0,-1,-1,3,2
7148,[0.81485668 0.45938723],7,2,"[0.8312266673252705, 0.4613441479074099]",4,7
7149,[0.12415991 0.47943628],3,5,"[0.12813625889338118, 0.45239712230086515]",1,1
7150,[0.33977793 0.83422632],2,1,"[0.3445904742281392, 0.8508004104108614]",2,-1
7151,[0.24847702 0.72652366],1,9,"[0.2630806751638254, 0.7080875454644293]",2,8
7152,[0.1170079 0.5141154],3,5,"[0.12813625889338118, 0.45239712230086515]",1,1
7153,[0.88224197 0.40604263],4,-1,-1,4,-1
7154,[0.11899964 0.75828689],8,7,"[0.17089520780330653, 0.7464713359575794]",2,-1
7155,[0.28045022 0.67647855],1,9,"[0.2630806751638254, 0.7080875454644293]",2,9
7156,[0.17557152 0.76517857],8,7,"[0.17089520780330653, 0.7464713359575794]",2,8
7157,[0.49884824 0.21394955],5,3,"[0.5044907196570393, 0.16230287856274858]",0,0
7158,[0.14319241 0.52332027],3,-1,-1,1,1
7159,[0.54923879 0.13006086],5,3,"[0.5044907196570393, 0.16230287856274858]",0,0
7160,[0.14220736 0.44677599],3,5,"[0.12813625889338118, 0.45239712230086515]",1,1
7161,[0.84575038 0.45690855],4,2,"[0.8312266673252705, 0.4613441479074099]",4,-1
7162,[0.08749319 0.68662536],8,-1,-1,2,-1
7163,[0.6972708  0.64103323],0,4,"[0.7285423500480827, 0.6073851354724864]",3,2
7164,[0.46845789 0.72043447],6,-1,-1,2,-1
7165,[0.83425795 0.46079903],4,2,"[0.8312266673252705, 0.4613441479074099]",4,7
7166,[0.02009831 0.36848179],3,-1,-1,1,1
7167,[0.45490395 0.7254091 ],6,-1,-1,2,-1
7168,[0.47404848 0.21815788],5,3,"[0.5044907196570393, 0.16230287856274858]",0,0
7169,[0.79676499 0.32838263],7,6,"[0.7921949837838228, 0.3529120844654886]",4,-1
7170,[0.41682597 0.54238222],9,-1,-1,2,-1
7171,[0.79773284 0.51171645],4,2,"[0.8312266673252705, 0.4613441479074099]",4,-1
7172,[0.46789112 0.15086378],5,3,"[0.5044907196570393, 0.16230287856274858]",0,0
7173,[0.18576234 0.74762409],8,7,"[0.17089520780330653, 0.7464713359575794]",2,8
7174,[0.16656993 0.47837226],3,5,"[0.12813625889338118, 0.45239712230086515]",1,1
7175,[0.69953469 0.61757437],0,4,"[0.7285423500480827, 0.6073851354724864]",3,2
7176,[0.78593244 0.41082827],7,6,"[0.7921949837838228, 0.3529120844654886]",4,-1
7177,[0.71889683 0.44673427],4,-1,-1,-1,-1
7178,[0.83622067 0.43662681],4,2,"[0.8312266673252705, 0.4613441479074099]",4,-1
7179,[0.14298213 0.50354796],3,5,"[0.12813625889338118, 0.45239712230086515]",1,1
7180,[0.36758926 0.65988367],9,8,"[0.36289448703783916, 0.7073371999105278]",2,-1
7181,[0.13643477 0.46555512],3,5,"[0.12813625889338118, 0.45239712230086515]",1,1
7182,[0.40250254 0.63510967],9,0,"[0.4297636102329726, 0.6357143141723958]",2,13
7183,[0.33232525 0.7662992 ],1,8,"[0.36289448703783916, 0.7073371999105278]",2,-1
7184,[0.11176375 0.78572339],8,-1,-1,2,-1
7185,[0.42726617 0.92290417],2,-1,-1,2,-1
7186,[0.40830936 0.72964826],6,8,"[0.36289448703783916, 0.7073371999105278]",2,-1
7187,[0.79148023 0.33625282],7,6,"[0.7921949837838228, 0.3529120844654886]",4,6
7188,[0.83881393 0.35474323],7,6,"[0.7921949837838228, 0.3529120844654886]",4,-1
7189,[0.42156441 0.70636973],6,8,"[0.36289448703783916, 0.7073371999105278]",2,10
7190,[0.71196846 0.39931604],7,-1,-1,4,-1
7191,[0.55460884 0.13276694],5,3,"[0.5044907196570393, 0.16230287856274858]",0,0
7192,[0.20776292 0.71391844],8,7,"[0.17089520780330653, 0.7464713359575794]",2,8
7193,[0.30395791 0.89569402],2,1,"[0.3445904742281392, 0.8508004104108614]",2,-1
7194,[0.15440634 0.76109594],8,7,"[0.17089520780330653, 0.7464713359575794]",2,8
7195,[0.4184288  0.74063219],6,8,"[0.36289448703783916, 0.7073371999105278]",2,-1
7196,[0.50032235 0.18332246],5,3,"[0.5044907196570393, 0.16230287856274858]",0,0
7197,[0.79557394 0.50836342],4,2,"[0.8312266673252705, 0.4613441479074099]",4,-1
7198,[0.18526219 0.76798556],8,7,"[0.17089520780330653, 0.7464713359575794]",2,8
7199,[0.34141546 0.88002165],2,1,"[0.3445904742281392, 0.8508004104108614]",2,-1
7200,[0.55945996 0.15801077],5,3,"[0.5044907196570393, 0.16230287856274858]",0,0
7201,[0.75330761 0.33395906],7,6,"[0.7921949837838228, 0.3529120844654886]",4,-1
7202,[0.25692461 0.72176039],1,9,"[0.2630806751638254, 0.7080875454644293]",2,9
7203,[0.43258869 0.67398248],6,0,"[0.4297636102329726, 0.6357143141723958]",2,10
7204,[0.85276248 0.49831086],4,2,"[0.8312266673252705, 0.4613441479074099]",4,-1
7205,[0.46966787 0.73485454],6,-1,-1,2,-1
7206,[0.43393526 0.68879808],6,0,"[0.4297636102329726, 0.6357143141723958]",2,10
7207,[0.37966147 0.57666816],9,-1,-1,2,-1
7208,[0.08108715 0.50185846],3,5,"[0.12813625889338118, 0.45239712230086515]",1,1
7209,[0.69819214 0.65540303],0,4,"[0.7285423500480827, 0.6073851354724864]",3,2
7210,[0.90421312 0.42215099],4,-1,-1,4,-1
7211,[0.87342781 0.55121028],4,-1,-1,4,-1
7212,[0.85021155 0.37796085],7,6,"[0.7921949837838228, 0.3529120844654886]",4,-1
7213,[0.72201403 0.31639562],7,-1,-1,4,-1
7214,[0.36240174 0.58941186],9,-1,-1,2,-1
7215,[0.30672968 0.86989801],2,1,"[0.3445904742281392, 0.8508004104108614]",2,-1
7216,[0.38858203 0.63477026],9,0,"[0.4297636102329726, 0.6357143141723958]",2,-1
7217,[0.33124415 0.67951344],1,8,"[0.36289448703783916, 0.7073371999105278]",2,-1
7218,[0.51422835 0.19695659],5,3,"[0.5044907196570393, 0.16230287856274858]",0,0
7219,[0.53205986 0.1086687 ],5,3,"[0.5044907196570393, 0.16230287856274858]",0,0
7220,[0.69072286 0.6360846 ],0,4,"[0.7285423500480827, 0.6073851354724864]",3,2
7221,[0.09062963 0.39250087],3,-1,-1,1,1
7222,[0.54393378 0.117112  ],5,3,"[0.5044907196570393, 0.16230287856274858]",0,0
7223,[0.10402069 0.44840274],3,5,"[0.12813625889338118, 0.45239712230086515]",1,1
7224,[0.84001771 0.30043935],7,-1,-1,4,-1
7225,[0.25460255 0.69802017],1,9,"[0.2630806751638254, 0.7080875454644293]",2,-1
7226,[0.47993811 0.54206543],9,-1,-1,2,-1
7227,[0.75471106 0.47257307],4,-1,-1,4,-1
7228,[0.83925609 0.34962596],7,6,"[0.7921949837838228, 0.3529120844654886]",4,-1
7229,[0.14704929 0.45890527],3,5,"[0.12813625889338118, 0.45239712230086515]",1,1
7230,[0.46416605 0.15275004],5,3,"[0.5044907196570393, 0.16230287856274858]",0,0
7231,[0.08954381 0.4370191 ],3,5,"[0.12813625889338118, 0.45239712230086515]",1,1
7232,[0.34125186 0.65443172],1,8,"[0.36289448703783916, 0.7073371999105278]",2,-1
7233,[0.23049235 0.65339273],8,9,"[0.2630806751638254, 0.7080875454644293]",2,-1
7234,[0.53415382 0.09818438],5,-1,-1,0,0
7235,[0.46300015 0.72362087],6,-1,-1,2,-1
7236,[0.38120676 0.88021594],2,1,"[0.3445904742281392, 0.8508004104108614]",2,-1
7237,[0.70035542 0.57247651],0,4,"[0.7285423500480827, 0.6073851354724864]",3,2
7238,[0.0871092  0.43477922],3,5,"[0.12813625889338118, 0.45239712230086515]",1,1
7239,[0.44879021 0.17058993],5,3,"[0.5044907196570393, 0.16230287856274858]",0,0
7240,[0.73056908 0.3898412 ],7,-1,-1,4,-1
7241,[0.19046371 0.45880707],3,5,"[0.12813625889338118, 0.45239712230086515]",1,1
7242,[0.37976597 0.79453554],2,1,"[0.3445904742281392, 0.8508004104108614]",2,-1
7243,[0.24030609 0.72791823],1,9,"[0.2630806751638254, 0.7080875454644293]",2,-1
7244,[0.4188281  0.71456318],6,8,"[0.36289448703783916, 0.7073371999105278]",2,10
7245,[0.12104467 0.69400658],8,-1,-1,2,-1
7246,[0.1795798  0.55376245],3,-1,-1,1,1
7247,[0.44370508 0.7583757 ],6,-1,-1,2,-1
7248,[0.12355772 0.78610083],8,7,"[0.17089520780330653, 0.7464713359575794]",2,-1
7249,[0.3174608  0.71799333],1,8,"[0.36289448703783916, 0.7073371999105278]",2,9
7250,[0.81418353 0.31402113],7,6,"[0.7921949837838228, 0.3529120844654886]",4,-1
7251,[0.43408945 0.62384962],6,0,"[0.4297636102329726, 0.6357143141723958]",2,-1
7252,[0.76225651 0.50472993],4,-1,-1,4,-1
7253,[0.34151871 0.7628949 ],2,8,"[0.36289448703783916, 0.7073371999105278]",2,-1
7254,[0.4767661  0.14957044],5,3,"[0.5044907196570393, 0.16230287856274858]",0,0
7255,[0.70427416 0.50635526],0,-1,-1,3,2
7256,[0.17397245 0.71606142],8,7,"[0.17089520780330653, 0.7464713359575794]",2,8
7257,[0.35631153 0.93907793],2,-1,-1,2,-1
7258,[0.48289848 0.59453342],9,0,"[0.4297636102329726, 0.6357143141723958]",2,-1
7259,[0.45021854 0.77917422],6,-1,-1,2,-1
7260,[0.87777742 0.48168527],4,2,"[0.8312266673252705, 0.4613441479074099]",4,-1
7261,[0.36742365 0.84513111],2,1,"[0.3445904742281392, 0.8508004104108614]",2,-1
7262,[0.74495113 0.28935826],7,-1,-1,4,-1
7263,[0.42310011 0.62655461],9,0,"[0.4297636102329726, 0.6357143141723958]",2,-1
7264,[0.85831287 0.47028272],4,2,"[0.8312266673252705, 0.4613441479074099]",4,-1
7265,[0.69836858 0.6140917 ],0,4,"[0.7285423500480827, 0.6073851354724864]",3,2
7266,[0.83525199 0.51279092],4,2,"[0.8312266673252705, 0.4613441479074099]",4,-1
7267,[0.80390622 0.32528956],7,6,"[0.7921949837838228, 0.3529120844654886]",4,-1
7268,[0.34680706 0.7040695 ],1,8,"[0.36289448703783916, 0.7073371999105278]",2,-1
7269,[0.5027785  0.72250223],6,-1,-1,2,-1
7270,[0.76763793 0.31412281],7,6,"[0.7921949837838228, 0.3529120844654886]",4,-1
7271,[0.76515805 0.56262831],0,4,"[0.7285423500480827, 0.6073851354724864]",3,2
7272,[0.44523939 0.66657476],6,0,"[0.4297636102329726, 0.6357143141723958]",2,10
7273,[0.72883724 0.6577049 ],0,4,"[0.7285423500480827, 0.6073851354724864]",3,2
7274,[0.12949862 0.76579386],8,7,"[0.17089520780330653, 0.7464713359575794]",2,-1
7275,[0.16255274 0.75823356],8,7,"[0.17089520780330653, 0.7464713359575794]",2,8
7276,[0.08875396 0.40585675],3,5,"[0.12813625889338118, 0.45239712230086515]",1,1
7277,[0.74624167 0.61508328],0,4,"[0.7285423500480827, 0.6073851354724864]",3,2
7278,[0.41994229 0.64444427],6,0,"[0.4297636102329726, 0.6357143141723958]",2,-1
7279,[0.46945891 0.20791236],5,3,"[0.5044907196570393, 0.16230287856274858]",0,0
7280,[0.2280145  0.74066842],8,9,"[0.2630806751638254, 0.7080875454644293]",2,8
7281,[0.34359389 0.60018656],9,-1,-1,2,-1
7282,[0.79338409 0.38202951],7,6,"[0.7921949837838228, 0.3529120844654886]",4,-1
7283,[0.37322051 0.86207512],2,1,"[0.3445904742281392, 0.8508004104108614]",2,5
7284,[0.27762766 0.88035461],2,-1,-1,2,-1
7285,[0.40774319 0.62557716],9,0,"[0.4297636102329726, 0.6357143141723958]",2,13
7286,[0.2384969  0.75738894],8,9,"[0.2630806751638254, 0.7080875454644293]",2,-1
7287,[0.52339528 0.16842044],5,3,"[0.5044907196570393, 0.16230287856274858]",0,0
7288,[0.77714978 0.39941972],7,6,"[0.7921949837838228, 0.3529120844654886]",4,-1
7289,[0.27487326 0.847697  ],2,1,"[0.3445904742281392, 0.8508004104108614]",2,-1
7290,[0.43944363 0.58740316],9,0,"[0.4297636102329726, 0.6357143141723958]",2,11
7291,[0.13410399 0.44788411],3,5,"[0.12813625889338118, 0.45239712230086515]",1,1
7292,[0.50877611 0.1997365 ],5,3,"[0.5044907196570393, 0.16230287856274858]",0,0
7293,[0.31057012 0.67892089],1,9,"[0.2630806751638254, 0.7080875454644293]",2,9
7294,[0.39102107 0.86497595],2,1,"[0.3445904742281392, 0.8508004104108614]",2,-1
7295,[0.20177072 0.64374099],8,-1,-1,2,-1
7296,[0.79136955 0.30545878],7,6,"[0.7921949837838228, 0.3529120844654886]",4,-1
7297,[0.21224781 0.7406557 ],8,7,"[0.17089520780330653, 0.7464713359575794]",2,8
7298,[0.48805554 0.69303238],6,-1,-1,2,-1
7299,[0.18834455 0.44032179],3,5,"[0.12813625889338118, 0.45239712230086515]",1,1
7300,[0.79951012 0.65344795],0,-1,-1,3,2
7301,[0.81113194 0.3336395 ],7,6,"[0.7921949837838228, 0.3529120844654886]",4,-1
7302,[0.49389759 0.1390062 ],5,3,"[0.5044907196570393, 0.16230287856274858]",0,0
7303,[0.29108388 0.81410716],1,1,"[0.3445904742281392, 0.8508004104108614]",2,-1
7304,[0.30609662 0.84098802],2,1,"[0.3445904742281392, 0.8508004104108614]",2,-1
7305,[0.27108974 0.6857364 ],1,9,"[0.2630806751638254, 0.7080875454644293]",2,9
7306,[0.3112993  0.84438152],2,1,"[0.3445904742281392, 0.8508004104108614]",2,3
7307,[0.33622855 0.70279762],1,8,"[0.36289448703783916, 0.7073371999105278]",2,9
7308,[0.49769114 0.71667778],9,-1,-1,2,-1
7309,[0.26913899 0.7154674 ],8,9,"[0.2630806751638254, 0.7080875454644293]",2,9
7310,[0.78469886 0.42160023],7,2,"[0.8312266673252705, 0.4613441479074099]",4,-1
7311,[0.61452838 0.60085871],0,-1,-1,3,2
7312,[0.42086372 0.60269608],9,0,"[0.4297636102329726, 0.6357143141723958]",2,-1
7313,[0.23412354 0.70627202],1,9,"[0.2630806751638254, 0.7080875454644293]",2,-1
7314,[0.49453476 0.11266095],5,3,"[0.5044907196570393, 0.16230287856274858]",0,0
7315,[0.83377927 0.29210374],7,-1,-1,4,-1
7316,[0.12372253 0.73962415],8,7,"[0.17089520780330653, 0.7464713359575794]",2,-1
7317,[0.38512465 0.62475344],9,0,"[0.4297636102329726, 0.6357143141723958]",2,-1
7318,[0.54960264 0.1186132 ],5,3,"[0.5044907196570393, 0.16230287856274858]",0,0
7319,[0.76032176 0.63024177],0,4,"[0.7285423500480827, 0.6073851354724864]",3,2
7320,[0.80042005 0.59918047],0,-1,-1,3,2
7321,[0.81664048 0.61911846],0,-1,-1,3,2
7322,[0.49060516 0.1209156 ],5,3,"[0.5044907196570393, 0.16230287856274858]",0,0
7323,[0.72475624 0.64094912],0,4,"[0.7285423500480827, 0.6073851354724864]",3,2
7324,[0.56302355 0.18808812],5,3,"[0.5044907196570393, 0.16230287856274858]",0,0
7325,[0.81418085 0.38845937],7,6,"[0.7921949837838228, 0.3529120844654886]",4,6
7326,[0.73559134 0.39484007],7,-1,-1,4,-1
7327,[0.83277855 0.49389165],4,2,"[0.8312266673252705, 0.4613441479074099]",4,-1
7328,[0.13049385 0.46227379],3,5,"[0.12813625889338118, 0.45239712230086515]",1,1
7329,[0.17620598 0.49226429],3,5,"[0.12813625889338118, 0.45239712230086515]",1,1
7330,[0.47493784 0.54757366],9,-1,-1,2,-1
7331,[0.14583039 0.46620969],3,5,"[0.12813625889338118, 0.45239712230086515]",1,1
7332,[0.75575335 0.3580938 ],7,6,"[0.7921949837838228, 0.3529120844654886]",4,-1
7333,[0.85733657 0.32047153],7,-1,-1,4,-1
7334,[0.74290582 0.3214583 ],7,6,"[0.7921949837838228, 0.3529120844654886]",4,-1
7335,[0.43528879 0.62347847],6,0,"[0.4297636102329726, 0.6357143141723958]",2,-1
7336,[0.77126407 0.36869492],7,6,"[0.7921949837838228, 0.3529120844654886]",4,-1
7337,[0.13804088 0.49584703],3,5,"[0.12813625889338118, 0.45239712230086515]",1,1
7338,[0.46784343 0.53740114],9,-1,-1,2,-1
7339,[0.33381952 0.85787944],2,1,"[0.3445904742281392, 0.8508004104108614]",2,-1
7340,[0.21673578 0.74695837],8,7,"[0.17089520780330653, 0.7464713359575794]",2,-1
7341,[0.43583469 0.66265333],6,0,"[0.4297636102329726, 0.6357143141723958]",2,10
7342,[0.70200594 0.57934535],0,4,"[0.7285423500480827, 0.6073851354724864]",3,2
7343,[0.25651255 0.70980562],1,9,"[0.2630806751638254, 0.7080875454644293]",2,9
7344,[0.39866561 0.77115636],6,-1,-1,2,-1
7345,[0.20573821 0.73541039],8,7,"[0.17089520780330653, 0.7464713359575794]",2,8
7346,[0.49080464 0.19844638],5,3,"[0.5044907196570393, 0.16230287856274858]",0,0
7347,[0.43063543 0.66733811],6,0,"[0.4297636102329726, 0.6357143141723958]",2,10
7348,[0.37535862 0.56572289],9,-1,-1,2,-1
7349,[0.43284939 0.66411836],6,0,"[0.4297636102329726, 0.6357143141723958]",2,10
7350,[0.51586876 0.20946254],5,3,"[0.5044907196570393, 0.16230287856274858]",0,0
7351,[0.53058147 0.09347994],5,-1,-1,0,0
7352,[0.7358944  0.54480651],0,4,"[0.7285423500480827, 0.6073851354724864]",3,2
7353,[0.41540481 0.5870921 ],9,0,"[0.4297636102329726, 0.6357143141723958]",2,11
7354,[0.13124469 0.64719271],8,-1,-1,2,-1
7355,[0.53907253 0.71256153],6,-1,-1,2,-1
7356,[0.45452542 0.727224  ],6,-1,-1,2,-1
7357,[0.47018224 0.19622155],5,3,"[0.5044907196570393, 0.16230287856274858]",0,0
7358,[0.40982724 0.65378369],6,0,"[0.4297636102329726, 0.6357143141723958]",2,-1
7359,[0.19042436 0.74914504],8,7,"[0.17089520780330653, 0.7464713359575794]",2,8
7360,[0.76425097 0.45448102],4,2,"[0.8312266673252705, 0.4613441479074099]",4,-1
7361,[0.32098471 0.80682862],2,1,"[0.3445904742281392, 0.8508004104108614]",2,3
7362,[0.82476499 0.44635286],4,2,"[0.8312266673252705, 0.4613441479074099]",4,-1
7363,[0.18198367 0.79516374],8,7,"[0.17089520780330653, 0.7464713359575794]",2,-1
7364,[0.41519431 0.87571716],2,-1,-1,2,-1
7365,[0.11589908 0.44496414],3,5,"[0.12813625889338118, 0.45239712230086515]",1,1
7366,[0.73804642 0.60220714],0,4,"[0.7285423500480827, 0.6073851354724864]",3,2
7367,[0.38864489 0.59939324],9,0,"[0.4297636102329726, 0.6357143141723958]",2,-1
7368,[0.29811915 0.61638879],9,-1,-1,2,-1
7369,[0.38399301 0.67196343],6,8,"[0.36289448703783916, 0.7073371999105278]",2,-1
7370,[0.21887152 0.76654707],8,7,"[0.17089520780330653, 0.7464713359575794]",2,-1
7371,[0.56798795 0.21284479],5,-1,-1,0,0
7372,[0.33409383 0.86908222],2,1,"[0.3445904742281392, 0.8508004104108614]",2,-1
7373,[0.42484523 0.55329882],9,-1,-1,2,-1
7374,[0.50816825 0.16682193],5,3,"[0.5044907196570393, 0.16230287856274858]",0,0
7375,[0.30240781 0.76564449],8,9,"[0.2630806751638254, 0.7080875454644293]",2,-1
7376,[0.16447499 0.74354035],8,7,"[0.17089520780330653, 0.7464713359575794]",2,8
7377,[0.78747128 0.33208546],7,6,"[0.7921949837838228, 0.3529120844654886]",4,-1
7378,[0.45753537 0.55292447],9,-1,-1,2,-1
7379,[0.80494234 0.32790987],7,6,"[0.7921949837838228, 0.3529120844654886]",4,-1
7380,[0.13024238 0.42740708],3,5,"[0.12813625889338118, 0.45239712230086515]",1,1
7381,[0.70009563 0.5842445 ],0,4,"[0.7285423500480827, 0.6073851354724864]",3,2
7382,[0.69764209 0.580759  ],0,4,"[0.7285423500480827, 0.6073851354724864]",3,2
7383,[0.30502583 0.75945705],1,9,"[0.2630806751638254, 0.7080875454644293]",2,-1
7384,[0.49440913 0.18131713],5,3,"[0.5044907196570393, 0.16230287856274858]",0,0
7385,[0.19878949 0.61647204],8,-1,-1,2,-1
7386,[0.47297026 0.61202909],6,0,"[0.4297636102329726, 0.6357143141723958]",2,-1
7387,[0.48191575 0.15256151],5,3,"[0.5044907196570393, 0.16230287856274858]",0,0
7388,[0.36015744 0.92169209],2,-1,-1,2,-1
7389,[0.16641981 0.72873544],8,7,"[0.17089520780330653, 0.7464713359575794]",2,8
7390,[0.83296488 0.38242879],4,6,"[0.7921949837838228, 0.3529120844654886]",4,-1
7391,[0.52149624 0.13886442],5,3,"[0.5044907196570393, 0.16230287856274858]",0,0
7392,[0.82954764 0.36111005],7,6,"[0.7921949837838228, 0.3529120844654886]",4,-1
7393,[0.49285477 0.73402128],6,-1,-1,2,-1
7394,[0.85752046 0.49049112],4,2,"[0.8312266673252705, 0.4613441479074099]",4,-1
7395,[0.15814132 0.37646757],3,-1,-1,1,1
7396,[0.2931206  0.67749191],1,9,"[0.2630806751638254, 0.7080875454644293]",2,9
7397,[0.29312603 0.67607593],1,9,"[0.2630806751638254, 0.7080875454644293]",2,9
7398,[0.51131376 0.10382463],5,3,"[0.5044907196570393, 0.16230287856274858]",0,0
7399,[0.43839509 0.58352463],9,0,"[0.4297636102329726, 0.6357143141723958]",2,11
7400,[0.43457244 0.06372402],5,-1,-1,0,0
7401,[0.30040783 0.74280422],1,9,"[0.2630806751638254, 0.7080875454644293]",2,-1
7402,[0.81710427 0.35526825],7,6,"[0.7921949837838228, 0.3529120844654886]",4,6
7403,[0.7952278  0.42607929],4,2,"[0.8312266673252705, 0.4613441479074099]",4,-1
7404,[0.49960788 0.70301553],6,-1,-1,2,-1
7405,[0.45107555 0.63578799],9,0,"[0.4297636102329726, 0.6357143141723958]",2,-1
7406,[0.08081966 0.46841113],3,5,"[0.12813625889338118, 0.45239712230086515]",1,1
7407,[0.45325585 0.56429023],9,-1,-1,2,-1
7408,[0.76917917 0.38508555],7,6,"[0.7921949837838228, 0.3529120844654886]",4,-1
7409,[0.81362373 0.27288204],7,-1,-1,4,-1
7410,[0.73653541 0.32048485],7,6,"[0.7921949837838228, 0.3529120844654886]",4,-1
7411,[0.82150586 0.42836507],4,2,"[0.8312266673252705, 0.4613441479074099]",4,7
7412,[0.31704849 0.83639813],2,1,"[0.3445904742281392, 0.8508004104108614]",2,-1
7413,[0.49182595 0.11416438],5,3,"[0.5044907196570393, 0.16230287856274858]",0,0
7414,[0.4844281  0.66846492],6,0,"[0.4297636102329726, 0.6357143141723958]",2,-1
7415,[0.17673609 0.69949217],8,7,"[0.17089520780330653, 0.7464713359575794]",2,8
7416,[0.46842236 0.1826512 ],5,3,"[0.5044907196570393, 0.16230287856274858]",0,0
7417,[0.18597289 0.78927052],8,7,"[0.17089520780330653, 0.7464713359575794]",2,-1
7418,[0.31345536 0.70528703],1,8,"[0.36289448703783916, 0.7073371999105278]",2,9
7419,[0.25933666 0.71223951],1,9,"[0.2630806751638254, 0.7080875454644293]",2,9
7420,[0.40249948 0.6309903 ],9,0,"[0.4297636102329726, 0.6357143141723958]",2,13
7421,[0.71149239 0.5781803 ],0,4,"[0.7285423500480827, 0.6073851354724864]",3,2
7422,[0.16872583 0.76397246],8,7,"[0.17089520780330653, 0.7464713359575794]",2,8
7423,[0.78801749 0.35318408],7,6,"[0.7921949837838228, 0.3529120844654886]",4,6
7424,[0.85969177 0.46137799],4,2,"[0.8312266673252705, 0.4613441479074099]",4,-1
7425,[0.37320574 0.73760581],6,8,"[0.36289448703783916, 0.7073371999105278]",2,-1
7426,[0.84211176 0.43785226],4,2,"[0.8312266673252705, 0.4613441479074099]",4,-1
7427,[0.86960337 0.40741416],4,2,"[0.8312266673252705, 0.4613441479074099]",4,-1
7428,[0.81516574 0.47009222],4,2,"[0.8312266673252705, 0.4613441479074099]",4,7
7429,[0.83188662 0.38350107],7,6,"[0.7921949837838228, 0.3529120844654886]",4,-1
7430,[0.85571942 0.28264483],7,-1,-1,4,-1
7431,[0.78764301 0.33674912],7,6,"[0.7921949837838228, 0.3529120844654886]",4,6
7432,[0.74400648 0.28681016],7,-1,-1,4,-1
7433,[0.7694595  0.49759921],4,-1,-1,4,-1
7434,[0.28369837 0.68338854],1,9,"[0.2630806751638254, 0.7080875454644293]",2,9
7435,[0.40824377 0.71331405],6,8,"[0.36289448703783916, 0.7073371999105278]",2,10
7436,[0.32635311 0.65981632],1,8,"[0.36289448703783916, 0.7073371999105278]",2,-1
7437,[0.47007375 0.1441867 ],5,3,"[0.5044907196570393, 0.16230287856274858]",0,0
7438,[0.47022904 0.71965139],6,-1,-1,2,-1
7439,[0.14247502 0.74434558],8,7,"[0.17089520780330653, 0.7464713359575794]",2,-1
7440,[0.40736328 0.60215152],9,0,"[0.4297636102329726, 0.6357143141723958]",2,-1
7441,[0.43951018 0.7398851 ],6,-1,-1,2,-1
7442,[0.45820961 0.14722721],5,3,"[0.5044907196570393, 0.16230287856274858]",0,0
7443,[0.30041822 0.69618268],1,9,"[0.2630806751638254, 0.7080875454644293]",2,9
7444,[0.50417198 0.1790359 ],5,3,"[0.5044907196570393, 0.16230287856274858]",0,0
7445,[0.40741189 0.65433426],9,0,"[0.4297636102329726, 0.6357143141723958]",2,-1
7446,[0.18540862 0.69741039],8,7,"[0.17089520780330653, 0.7464713359575794]",2,-1
7447,[0.47142682 0.70059973],6,-1,-1,2,-1
7448,[0.10665215 0.44336357],3,5,"[0.12813625889338118, 0.45239712230086515]",1,1
7449,[0.39528533 0.76360586],6,8,"[0.36289448703783916, 0.7073371999105278]",2,-1
7450,[0.54181357 0.23917454],5,-1,-1,0,0
7451,[0.29142543 0.89325987],2,1,"[0.3445904742281392, 0.8508004104108614]",2,-1
7452,[0.80347032 0.42858463],7,2,"[0.8312266673252705, 0.4613441479074099]",4,7
7453,[0.69530263 0.70741497],0,-1,-1,3,2
7454,[0.18151274 0.66293489],8,-1,-1,2,-1
7455,[0.87054626 0.4020277 ],7,-1,-1,4,-1
7456,[0.46294841 0.6183546 ],6,0,"[0.4297636102329726, 0.6357143141723958]",2,-1
7457,[0.7916437  0.43554106],4,2,"[0.8312266673252705, 0.4613441479074099]",4,-1
7458,[0.17326568 0.69404303],8,7,"[0.17089520780330653, 0.7464713359575794]",2,-1
7459,[0.39681971 0.62959166],9,0,"[0.4297636102329726, 0.6357143141723958]",2,-1
7460,[0.79160732 0.61910522],0,4,"[0.7285423500480827, 0.6073851354724864]",3,2
7461,[0.16680196 0.72267641],8,7,"[0.17089520780330653, 0.7464713359575794]",2,8
7462,[0.12332479 0.38226693],3,-1,-1,1,1
7463,[0.43335204 0.71707557],6,-1,-1,2,10
7464,[0.37982985 0.55624689],9,-1,-1,2,-1
7465,[0.77253688 0.38663137],7,6,"[0.7921949837838228, 0.3529120844654886]",4,-1
7466,[0.75149538 0.50591355],4,-1,-1,4,-1
7467,[0.31750011 0.72677173],1,8,"[0.36289448703783916, 0.7073371999105278]",2,9
7468,[0.65945442 0.6096433 ],0,4,"[0.7285423500480827, 0.6073851354724864]",3,2
7469,[0.49671056 0.18443054],5,3,"[0.5044907196570393, 0.16230287856274858]",0,0
7470,[0.70406488 0.70159115],0,-1,-1,3,2
7471,[0.25755664 0.71567252],1,9,"[0.2630806751638254, 0.7080875454644293]",2,9
7472,[0.08708715 0.43729222],3,5,"[0.12813625889338118, 0.45239712230086515]",1,1
7473,[0.39648002 0.7155352 ],6,8,"[0.36289448703783916, 0.7073371999105278]",2,-1
7474,[0.14231743 0.48084868],3,5,"[0.12813625889338118, 0.45239712230086515]",1,1
7475,[0.14596301 0.78685364],8,7,"[0.17089520780330653, 0.7464713359575794]",2,-1
7476,[0.71920619 0.62942561],0,4,"[0.7285423500480827, 0.6073851354724864]",3,2
7477,[0.78577907 0.36986364],7,6,"[0.7921949837838228, 0.3529120844654886]",4,6
7478,[0.34532669 0.82849075],2,1,"[0.3445904742281392, 0.8508004104108614]",2,-1
7479,[0.7452418  0.57302403],0,4,"[0.7285423500480827, 0.6073851354724864]",3,2
7480,[0.14070334 0.48937731],3,5,"[0.12813625889338118, 0.45239712230086515]",1,1
7481,[0.28680894 0.69110684],1,9,"[0.2630806751638254, 0.7080875454644293]",2,9
7482,[0.19302135 0.76397364],8,7,"[0.17089520780330653, 0.7464713359575794]",2,8
7483,[0.23257051 0.67765361],1,9,"[0.2630806751638254, 0.7080875454644293]",2,-1
7484,[0.89014611 0.53122909],4,-1,-1,4,-1
7485,[0.86520958 0.52188937],4,2,"[0.8312266673252705, 0.4613441479074099]",4,-1
7486,[0.73947267 0.56414992],0,4,"[0.7285423500480827, 0.6073851354724864]",3,2
7487,[0.39605679 0.56150615],9,-1,-1,2,-1
7488,[0.16574354 0.70506369],8,7,"[0.17089520780330653, 0.7464713359575794]",2,8
7489,[0.79055878 0.48403854],4,2,"[0.8312266673252705, 0.4613441479074099]",4,-1
7490,[0.80930938 0.45569446],4,2,"[0.8312266673252705, 0.4613441479074099]",4,7
7491,[0.10977865 0.41580363],3,5,"[0.12813625889338118, 0.45239712230086515]",1,1
7492,[0.80711719 0.37599733],7,6,"[0.7921949837838228, 0.3529120844654886]",4,6
7493,[0.52423167 0.18943204],5,3,"[0.5044907196570393, 0.16230287856274858]",0,0
7494,[0.48275539 0.1867625 ],5,3,"[0.5044907196570393, 0.16230287856274858]",0,0
7495,[0.82476837 0.40142968],7,6,"[0.7921949837838228, 0.3529120844654886]",4,6
7496,[0.36107298 0.92331069],2,-1,-1,2,-1
7497,[0.33294167 0.81891634],2,1,"[0.3445904742281392, 0.8508004104108614]",2,-1
7498,[0.20071515 0.70606323],8,7,"[0.17089520780330653, 0.7464713359575794]",2,8
7499,[0.76757598 0.37002661],7,6,"[0.7921949837838228, 0.3529120844654886]",4,-1
7500,[0.32946216 0.85830366],2,1,"[0.3445904742281392, 0.8508004104108614]",2,-1
7501,[0.39032558 0.88414355],2,1,"[0.3445904742281392, 0.8508004104108614]",2,-1
7502,[0.86364738 0.41457739],4,2,"[0.8312266673252705, 0.4613441479074099]",4,-1
7503,[0.39656596 0.67485618],6,8,"[0.36289448703783916, 0.7073371999105278]",2,-1
7504,[0.29649127 0.89844937],2,1,"[0.3445904742281392, 0.8508004104108614]",2,-1
7505,[0.07523303 0.43253144],3,5,"[0.12813625889338118, 0.45239712230086515]",1,1
7506,[0.27013643 0.70031616],1,9,"[0.2630806751638254, 0.7080875454644293]",2,9
7507,[0.31959886 0.69886423],1,8,"[0.36289448703783916, 0.7073371999105278]",2,9
7508,[0.37231912 0.85420029],2,1,"[0.3445904742281392, 0.8508004104108614]",2,5
7509,[0.80700561 0.28925921],7,6,"[0.7921949837838228, 0.3529120844654886]",4,-1
7510,[0.25260973 0.78774513],1,-1,-1,2,-1
7511,[0.47772515 0.73007445],6,-1,-1,2,-1
7512,[0.87745058 0.38918076],7,-1,-1,4,-1
7513,[0.54934944 0.15248881],5,3,"[0.5044907196570393, 0.16230287856274858]",0,0
7514,[0.37228573 0.87657789],2,1,"[0.3445904742281392, 0.8508004104108614]",2,-1
7515,[0.81810036 0.51174915],4,2,"[0.8312266673252705, 0.4613441479074099]",4,-1
7516,[0.41938667 0.64373281],6,0,"[0.4297636102329726, 0.6357143141723958]",2,-1
7517,[0.1280196 0.4752618],3,5,"[0.12813625889338118, 0.45239712230086515]",1,1
7518,[0.31315151 0.95136576],2,-1,-1,2,-1
7519,[0.39653749 0.68270046],6,8,"[0.36289448703783916, 0.7073371999105278]",2,-1
7520,[0.47164142 0.69903949],6,-1,-1,2,-1
7521,[0.30380924 0.86312964],2,1,"[0.3445904742281392, 0.8508004104108614]",2,-1
7522,[0.24906658 0.76614393],1,9,"[0.2630806751638254, 0.7080875454644293]",2,-1
7523,[0.43605245 0.64310055],6,0,"[0.4297636102329726, 0.6357143141723958]",2,10
7524,[0.20539527 0.71341992],1,7,"[0.17089520780330653, 0.7464713359575794]",2,8
7525,[0.74049565 0.36426113],7,6,"[0.7921949837838228, 0.3529120844654886]",4,-1
7526,[0.0742874  0.43099823],3,5,"[0.12813625889338118, 0.45239712230086515]",1,1
7527,[0.11736935 0.62768545],8,-1,-1,2,-1
7528,[0.49463036 0.14113693],5,3,"[0.5044907196570393, 0.16230287856274858]",0,0
7529,[0.56900274 0.15250572],5,3,"[0.5044907196570393, 0.16230287856274858]",0,0
7530,[0.38403942 0.91826127],2,-1,-1,2,-1
7531,[0.39297729 0.73700814],6,8,"[0.36289448703783916, 0.7073371999105278]",2,-1
7532,[0.54542523 0.25155587],5,-1,-1,0,0
7533,[0.21867397 0.77434931],1,7,"[0.17089520780330653, 0.7464713359575794]",2,-1
7534,[0.32811189 0.68552491],1,8,"[0.36289448703783916, 0.7073371999105278]",2,9
7535,[0.50705821 0.71374943],6,-1,-1,2,-1
7536,[0.72315285 0.57326738],0,4,"[0.7285423500480827, 0.6073851354724864]",3,2
7537,[0.78805126 0.32882275],7,6,"[0.7921949837838228, 0.3529120844654886]",4,-1
7538,[0.35291058 0.85818961],2,1,"[0.3445904742281392, 0.8508004104108614]",2,5
7539,[0.27353095 0.67452787],1,9,"[0.2630806751638254, 0.7080875454644293]",2,-1
7540,[0.78459579 0.30506852],7,6,"[0.7921949837838228, 0.3529120844654886]",4,-1
7541,[0.78180259 0.66257103],0,-1,-1,3,2
7542,[0.77259106 0.45144595],4,2,"[0.8312266673252705, 0.4613441479074099]",4,-1
7543,[0.41777613 0.70221306],6,8,"[0.36289448703783916, 0.7073371999105278]",2,10
7544,[0.37980276 0.68208092],6,8,"[0.36289448703783916, 0.7073371999105278]",2,-1
7545,[0.3277132  0.68283262],1,8,"[0.36289448703783916, 0.7073371999105278]",2,9
7546,[0.74711724 0.29463376],7,-1,-1,4,-1
7547,[0.22704386 0.75351205],8,7,"[0.17089520780330653, 0.7464713359575794]",2,-1
7548,[0.38662149 0.59761523],9,0,"[0.4297636102329726, 0.6357143141723958]",2,-1
7549,[0.88486576 0.55921397],4,-1,-1,4,-1
7550,[0.85972111 0.39125763],4,-1,-1,4,-1
7551,[0.89161486 0.44238613],4,2,"[0.8312266673252705, 0.4613441479074099]",4,-1
7552,[0.28752871 0.68720716],1,9,"[0.2630806751638254, 0.7080875454644293]",2,9
7553,[0.8426392  0.49446189],4,2,"[0.8312266673252705, 0.4613441479074099]",4,-1
7554,[0.54054595 0.10786789],5,3,"[0.5044907196570393, 0.16230287856274858]",0,0
7555,[0.25670854 0.67861233],1,9,"[0.2630806751638254, 0.7080875454644293]",2,-1
7556,[0.19684468 0.69151846],8,7,"[0.17089520780330653, 0.7464713359575794]",2,-1
7557,[0.73547188 0.61034512],0,4,"[0.7285423500480827, 0.6073851354724864]",3,2
7558,[0.82150934 0.40364856],4,2,"[0.8312266673252705, 0.4613441479074099]",4,6
7559,[0.79724397 0.49072752],4,2,"[0.8312266673252705, 0.4613441479074099]",4,-1
7560,[0.47526677 0.67799711],6,0,"[0.4297636102329726, 0.6357143141723958]",2,-1
7561,[0.49261273 0.1869842 ],5,3,"[0.5044907196570393, 0.16230287856274858]",0,0
7562,[0.26924435 0.69696262],1,9,"[0.2630806751638254, 0.7080875454644293]",2,9
7563,[0.87988243 0.49912787],4,2,"[0.8312266673252705, 0.4613441479074099]",4,-1
7564,[0.48351921 0.70038514],6,-1,-1,2,-1
7565,[0.30479422 0.71793394],1,9,"[0.2630806751638254, 0.7080875454644293]",2,9
7566,[0.37619499 0.72756612],6,8,"[0.36289448703783916, 0.7073371999105278]",2,-1
7567,[0.86002503 0.45355496],4,2,"[0.8312266673252705, 0.4613441479074099]",4,-1
7568,[0.776809   0.24854297],7,-1,-1,-1,-1
7569,[0.86232045 0.45726094],4,2,"[0.8312266673252705, 0.4613441479074099]",4,-1
7570,[0.38860771 0.85219579],2,1,"[0.3445904742281392, 0.8508004104108614]",2,-1
7571,[0.71244146 0.39018369],7,-1,-1,4,-1
7572,[0.37781328 0.85084633],2,1,"[0.3445904742281392, 0.8508004104108614]",2,5
7573,[0.05889574 0.40693083],3,-1,-1,1,1
7574,[0.76780738 0.28306056],7,-1,-1,4,-1
7575,[0.83042263 0.48732901],4,2,"[0.8312266673252705, 0.4613441479074099]",4,7
7576,[0.74198098 0.62679101],0,4,"[0.7285423500480827, 0.6073851354724864]",3,2
7577,[0.51044172 0.57242991],9,-1,-1,2,-1
7578,[0.0997817  0.45855689],3,5,"[0.12813625889338118, 0.45239712230086515]",1,1
7579,[0.46371132 0.69316609],6,0,"[0.4297636102329726, 0.6357143141723958]",2,-1
7580,[0.70709732 0.33211658],7,-1,-1,4,-1
7581,[0.35419396 0.63672407],1,-1,-1,2,-1
7582,[0.82018028 0.32647701],7,6,"[0.7921949837838228, 0.3529120844654886]",4,-1
7583,[0.33837028 0.57145501],9,-1,-1,2,-1
7584,[0.34364735 0.85829001],2,1,"[0.3445904742281392, 0.8508004104108614]",2,5
7585,[0.30834957 0.85115378],2,1,"[0.3445904742281392, 0.8508004104108614]",2,3
7586,[0.19840699 0.70459862],8,7,"[0.17089520780330653, 0.7464713359575794]",2,-1
7587,[0.35427234 0.53395687],9,-1,-1,2,-1
7588,[0.38598176 0.68588408],6,8,"[0.36289448703783916, 0.7073371999105278]",2,-1
7589,[0.81172045 0.46163631],4,2,"[0.8312266673252705, 0.4613441479074099]",4,7
7590,[0.56319884 0.1164606 ],5,-1,-1,0,0
7591,[0.40217208 0.70164457],6,8,"[0.36289448703783916, 0.7073371999105278]",2,-1
7592,[0.47492334 0.7146674 ],6,-1,-1,2,-1
7593,[0.39083957 0.60551904],9,0,"[0.4297636102329726, 0.6357143141723958]",2,12
7594,[0.74670015 0.59266245],0,4,"[0.7285423500480827, 0.6073851354724864]",3,2
7595,[0.37499377 0.85751514],2,1,"[0.3445904742281392, 0.8508004104108614]",2,5
7596,[0.14676083 0.43054244],3,5,"[0.12813625889338118, 0.45239712230086515]",1,1
7597,[0.24096917 0.76379466],1,9,"[0.2630806751638254, 0.7080875454644293]",2,-1
7598,[0.91332374 0.53288633],4,-1,-1,4,-1
7599,[0.78096476 0.5669404 ],0,4,"[0.7285423500480827, 0.6073851354724864]",3,2
7600,[0.85660871 0.39384813],7,-1,-1,4,-1
7601,[0.3967217  0.66538994],6,0,"[0.4297636102329726, 0.6357143141723958]",2,10
7602,[0.82303339 0.34129152],7,6,"[0.7921949837838228, 0.3529120844654886]",4,-1
7603,[0.86379529 0.38258636],7,-1,-1,4,-1
7604,[0.50887004 0.79549719],6,-1,-1,2,-1
7605,[0.26673772 0.6908841 ],1,9,"[0.2630806751638254, 0.7080875454644293]",2,-1
7606,[0.32555899 0.87618896],2,1,"[0.3445904742281392, 0.8508004104108614]",2,-1
7607,[0.39221866 0.5931559 ],9,0,"[0.4297636102329726, 0.6357143141723958]",2,-1
7608,[0.83985798 0.51153405],4,2,"[0.8312266673252705, 0.4613441479074099]",4,-1
7609,[0.43394986 0.56804151],9,0,"[0.4297636102329726, 0.6357143141723958]",2,-1
7610,[0.77776962 0.5751296 ],0,4,"[0.7285423500480827, 0.6073851354724864]",3,2
7611,[0.78304397 0.39929248],7,6,"[0.7921949837838228, 0.3529120844654886]",4,6
7612,[0.1353827  0.49244375],3,5,"[0.12813625889338118, 0.45239712230086515]",1,1
7613,[0.06947938 0.4674804 ],3,5,"[0.12813625889338118, 0.45239712230086515]",1,1
7614,[0.2757345  0.61776806],1,-1,-1,2,-1
7615,[0.70251172 0.59188321],0,4,"[0.7285423500480827, 0.6073851354724864]",3,2
7616,[0.16663717 0.69767319],8,7,"[0.17089520780330653, 0.7464713359575794]",2,-1
7617,[0.49322972 0.22713076],5,3,"[0.5044907196570393, 0.16230287856274858]",0,0
7618,[0.44559134 0.60269498],9,0,"[0.4297636102329726, 0.6357143141723958]",2,-1
7619,[0.31378071 0.65829201],1,8,"[0.36289448703783916, 0.7073371999105278]",2,-1
7620,[0.50488382 0.18826141],5,3,"[0.5044907196570393, 0.16230287856274858]",0,0
7621,[0.53539157 0.13944736],5,3,"[0.5044907196570393, 0.16230287856274858]",0,0
7622,[0.75000438 0.57512262],0,4,"[0.7285423500480827, 0.6073851354724864]",3,2
7623,[0.29335928 0.72776551],1,9,"[0.2630806751638254, 0.7080875454644293]",2,9
7624,[0.76550034 0.62985882],0,4,"[0.7285423500480827, 0.6073851354724864]",3,2
7625,[0.16436971 0.39597844],3,5,"[0.12813625889338118, 0.45239712230086515]",1,1
7626,[0.48272182 0.16983735],5,3,"[0.5044907196570393, 0.16230287856274858]",0,0
7627,[0.51396252 0.15011497],5,3,"[0.5044907196570393, 0.16230287856274858]",0,0
7628,[0.28210172 0.75947282],1,9,"[0.2630806751638254, 0.7080875454644293]",2,-1
7629,[0.52341491 0.16683864],5,3,"[0.5044907196570393, 0.16230287856274858]",0,0
7630,[0.23520037 0.76467873],8,9,"[0.2630806751638254, 0.7080875454644293]",2,-1
7631,[0.44836192 0.64408418],9,0,"[0.4297636102329726, 0.6357143141723958]",2,-1
7632,[0.27954593 0.73276247],1,9,"[0.2630806751638254, 0.7080875454644293]",2,9
7633,[0.57284079 0.14910081],5,3,"[0.5044907196570393, 0.16230287856274858]",0,0
7634,[0.77673353 0.40109348],7,6,"[0.7921949837838228, 0.3529120844654886]",4,-1
7635,[0.29034428 0.71274241],1,9,"[0.2630806751638254, 0.7080875454644293]",2,9
7636,[0.37995354 0.6692304 ],6,8,"[0.36289448703783916, 0.7073371999105278]",2,-1
7637,[0.41563387 0.62912803],9,0,"[0.4297636102329726, 0.6357143141723958]",2,13
7638,[0.76880814 0.40247861],7,6,"[0.7921949837838228, 0.3529120844654886]",4,-1
7639,[0.80762439 0.32649393],7,6,"[0.7921949837838228, 0.3529120844654886]",4,-1
7640,[0.48598068 0.21816358],5,3,"[0.5044907196570393, 0.16230287856274858]",0,0
7641,[0.08794003 0.46615101],3,5,"[0.12813625889338118, 0.45239712230086515]",1,1
7642,[0.3633543  0.82668175],2,1,"[0.3445904742281392, 0.8508004104108614]",2,-1
7643,[0.3279426  0.61496896],9,-1,-1,2,-1
7644,[0.5338381  0.18126939],5,3,"[0.5044907196570393, 0.16230287856274858]",0,0
7645,[0.18005187 0.63788985],1,-1,-1,2,-1
7646,[0.1379069  0.51484474],3,5,"[0.12813625889338118, 0.45239712230086515]",1,1
7647,[0.36834791 0.72945368],6,8,"[0.36289448703783916, 0.7073371999105278]",2,-1
7648,[0.18758616 0.81691065],8,-1,-1,2,-1
7649,[0.16549734 0.75632592],8,7,"[0.17089520780330653, 0.7464713359575794]",2,8
7650,[0.38541221 0.55546066],9,-1,-1,2,-1
7651,[0.41214125 0.6665741 ],6,0,"[0.4297636102329726, 0.6357143141723958]",2,10
7652,[0.1718386  0.78495474],8,7,"[0.17089520780330653, 0.7464713359575794]",2,-1
7653,[0.43022897 0.68351454],6,0,"[0.4297636102329726, 0.6357143141723958]",2,10
7654,[0.81065461 0.46924047],4,2,"[0.8312266673252705, 0.4613441479074099]",4,7
7655,[0.52085681 0.12533997],5,3,"[0.5044907196570393, 0.16230287856274858]",0,0
7656,[0.10653956 0.48286996],3,5,"[0.12813625889338118, 0.45239712230086515]",1,1
7657,[0.3853614  0.82510103],2,1,"[0.3445904742281392, 0.8508004104108614]",2,-1
7658,[0.79096718 0.36829949],7,6,"[0.7921949837838228, 0.3529120844654886]",4,6
7659,[0.41340161 0.5934409 ],9,0,"[0.4297636102329726, 0.6357143141723958]",2,-1
7660,[0.15750026 0.36373342],3,-1,-1,1,1
7661,[0.28638958 0.7422225 ],1,9,"[0.2630806751638254, 0.7080875454644293]",2,-1
7662,[0.28279066 0.94979072],2,-1,-1,2,-1
7663,[0.33148567 0.69779469],1,8,"[0.36289448703783916, 0.7073371999105278]",2,9
7664,[0.43019825 0.75830404],6,-1,-1,2,-1
7665,[0.43471854 0.65918142],9,0,"[0.4297636102329726, 0.6357143141723958]",2,10
7666,[0.30832612 0.65132709],1,-1,-1,2,-1
7667,[0.83103845 0.37900919],7,6,"[0.7921949837838228, 0.3529120844654886]",4,-1
7668,[0.4168785  0.61314204],9,0,"[0.4297636102329726, 0.6357143141723958]",2,13
7669,[0.36093793 0.80091663],2,1,"[0.3445904742281392, 0.8508004104108614]",2,-1
7670,[0.40438789 0.87961306],2,1,"[0.3445904742281392, 0.8508004104108614]",2,-1
7671,[0.48384201 0.73844436],6,-1,-1,2,-1
7672,[0.51601591 0.15107083],5,3,"[0.5044907196570393, 0.16230287856274858]",0,0
7673,[0.28709521 0.75238401],1,9,"[0.2630806751638254, 0.7080875454644293]",2,-1
7674,[0.43990124 0.57572227],9,0,"[0.4297636102329726, 0.6357143141723958]",2,11
7675,[0.40880389 0.57541893],9,0,"[0.4297636102329726, 0.6357143141723958]",2,11
7676,[0.86141756 0.44467361],4,2,"[0.8312266673252705, 0.4613441479074099]",4,-1
7677,[0.7516218  0.40183744],7,6,"[0.7921949837838228, 0.3529120844654886]",4,-1
7678,[0.86197816 0.44112898],4,2,"[0.8312266673252705, 0.4613441479074099]",4,-1
7679,[0.42589725 0.54563807],9,-1,-1,2,-1
7680,[0.17372382 0.4513666 ],3,5,"[0.12813625889338118, 0.45239712230086515]",1,1
7681,[0.58553029 0.19613992],5,-1,-1,0,0
7682,[0.10850737 0.49185804],3,5,"[0.12813625889338118, 0.45239712230086515]",1,1
7683,[0.34096796 0.88105892],2,1,"[0.3445904742281392, 0.8508004104108614]",2,-1
7684,[0.73651006 0.57241336],0,4,"[0.7285423500480827, 0.6073851354724864]",3,2
7685,[0.06860894 0.49272951],3,-1,-1,1,1
7686,[0.19092171 0.42448543],3,5,"[0.12813625889338118, 0.45239712230086515]",1,1
7687,[0.17436871 0.44381345],3,5,"[0.12813625889338118, 0.45239712230086515]",1,1
7688,[0.17408041 0.7263083 ],8,7,"[0.17089520780330653, 0.7464713359575794]",2,8
7689,[0.2167239  0.74360145],8,7,"[0.17089520780330653, 0.7464713359575794]",2,8
7690,[0.55364462 0.16421831],5,3,"[0.5044907196570393, 0.16230287856274858]",0,0
7691,[0.65940686 0.67519999],0,-1,-1,3,2
7692,[0.31702639 0.71069013],1,8,"[0.36289448703783916, 0.7073371999105278]",2,9
7693,[0.76011679 0.68108822],0,-1,-1,3,2
7694,[0.32556841 0.80869444],2,1,"[0.3445904742281392, 0.8508004104108614]",2,3
7695,[0.69727032 0.30780275],7,-1,-1,-1,-1
7696,[0.33792808 0.92479796],2,-1,-1,2,-1
7697,[0.47910846 0.17650727],5,3,"[0.5044907196570393, 0.16230287856274858]",0,0
7698,[0.76410978 0.41709943],4,-1,-1,4,-1
7699,[0.38171651 0.94897033],2,-1,-1,2,-1
7700,[0.44748902 0.68747349],6,0,"[0.4297636102329726, 0.6357143141723958]",2,10
7701,[0.62945249 0.56145337],0,-1,-1,-1,2
7702,[0.86144776 0.33095099],7,-1,-1,4,-1
7703,[0.41959874 0.74793006],6,8,"[0.36289448703783916, 0.7073371999105278]",2,-1
7704,[0.50989241 0.14651532],5,3,"[0.5044907196570393, 0.16230287856274858]",0,0
7705,[0.39736073 0.72134611],6,8,"[0.36289448703783916, 0.7073371999105278]",2,10
7706,[0.78020708 0.3542712 ],7,6,"[0.7921949837838228, 0.3529120844654886]",4,-1
7707,[0.36395096 0.68342459],6,8,"[0.36289448703783916, 0.7073371999105278]",2,-1
7708,[0.1438754  0.47187325],3,5,"[0.12813625889338118, 0.45239712230086515]",1,1
7709,[0.37698808 0.53363496],9,-1,-1,2,-1
7710,[0.52003675 0.10902818],5,3,"[0.5044907196570393, 0.16230287856274858]",0,0
7711,[0.31283061 0.7984778 ],2,1,"[0.3445904742281392, 0.8508004104108614]",2,-1
7712,[0.78627738 0.39304526],4,6,"[0.7921949837838228, 0.3529120844654886]",4,6
7713,[0.34765034 0.71772375],1,8,"[0.36289448703783916, 0.7073371999105278]",2,9
7714,[0.07650563 0.38655601],3,-1,-1,1,1
7715,[0.45948003 0.68818315],6,0,"[0.4297636102329726, 0.6357143141723958]",2,-1
7716,[0.32391264 0.8155449 ],2,1,"[0.3445904742281392, 0.8508004104108614]",2,3
7717,[0.54623911 0.11146993],5,3,"[0.5044907196570393, 0.16230287856274858]",0,0
7718,[0.50982145 0.21494324],5,3,"[0.5044907196570393, 0.16230287856274858]",0,0
7719,[0.5229705  0.58049141],9,-1,-1,2,-1
7720,[0.40942238 0.58194996],9,0,"[0.4297636102329726, 0.6357143141723958]",2,11
7721,[0.14576332 0.45587446],3,5,"[0.12813625889338118, 0.45239712230086515]",1,1
7722,[0.72036313 0.58594762],0,4,"[0.7285423500480827, 0.6073851354724864]",3,2
7723,[0.72788976 0.53505583],0,-1,-1,3,2
7724,[0.13010213 0.4785101 ],3,5,"[0.12813625889338118, 0.45239712230086515]",1,1
7725,[0.72758226 0.59146923],0,4,"[0.7285423500480827, 0.6073851354724864]",3,2
7726,[0.3221692  0.88153296],2,1,"[0.3445904742281392, 0.8508004104108614]",2,-1
7727,[0.49169064 0.08990783],5,-1,-1,0,0
7728,[0.2903136  0.86759205],2,1,"[0.3445904742281392, 0.8508004104108614]",2,-1
7729,[0.1521205  0.47556256],3,5,"[0.12813625889338118, 0.45239712230086515]",1,1
7730,[0.67824663 0.64681534],0,4,"[0.7285423500480827, 0.6073851354724864]",3,2
7731,[0.81840271 0.42520429],4,2,"[0.8312266673252705, 0.4613441479074099]",4,7
7732,[0.10517466 0.73969589],8,7,"[0.17089520780330653, 0.7464713359575794]",2,-1
7733,[0.36301007 0.53308189],9,-1,-1,2,-1
7734,[0.11315171 0.70881642],8,7,"[0.17089520780330653, 0.7464713359575794]",2,-1
7735,[0.77320899 0.552518  ],0,-1,-1,3,2
7736,[0.81946292 0.4503782 ],4,2,"[0.8312266673252705, 0.4613441479074099]",4,-1
7737,[0.74522788 0.64856051],0,4,"[0.7285423500480827, 0.6073851354724864]",3,2
7738,[0.51265995 0.14749225],5,3,"[0.5044907196570393, 0.16230287856274858]",0,0
7739,[0.75039363 0.50069119],4,-1,-1,4,-1
7740,[0.72325831 0.35391845],7,6,"[0.7921949837838228, 0.3529120844654886]",4,-1
7741,[0.04000492 0.43891377],3,-1,-1,1,1
7742,[0.45402589 0.62312606],9,0,"[0.4297636102329726, 0.6357143141723958]",2,-1
7743,[0.17171207 0.45946057],3,5,"[0.12813625889338118, 0.45239712230086515]",1,1
7744,[0.17525321 0.65647158],8,-1,-1,2,-1
7745,[0.16090294 0.75686933],8,7,"[0.17089520780330653, 0.7464713359575794]",2,8
7746,[0.48227666 0.62412762],6,0,"[0.4297636102329726, 0.6357143141723958]",2,-1
7747,[0.68113191 0.64442559],0,4,"[0.7285423500480827, 0.6073851354724864]",3,2
7748,[0.12578471 0.47038979],3,5,"[0.12813625889338118, 0.45239712230086515]",1,1
7749,[0.36538919 0.59309499],9,-1,-1,2,-1
7750,[0.52410487 0.20658013],5,3,"[0.5044907196570393, 0.16230287856274858]",0,0
7751,[0.35948943 0.66254682],9,8,"[0.36289448703783916, 0.7073371999105278]",2,-1
7752,[0.35776116 0.91880301],2,1,"[0.3445904742281392, 0.8508004104108614]",2,-1
7753,[0.15374908 0.46905021],3,5,"[0.12813625889338118, 0.45239712230086515]",1,1
7754,[0.78342202 0.34355139],7,6,"[0.7921949837838228, 0.3529120844654886]",4,-1
7755,[0.41812326 0.7871794 ],6,-1,-1,2,-1
7756,[0.30055383 0.71556998],1,9,"[0.2630806751638254, 0.7080875454644293]",2,9
7757,[0.26275691 0.75375756],1,9,"[0.2630806751638254, 0.7080875454644293]",2,-1
7758,[0.79338457 0.38630037],7,6,"[0.7921949837838228, 0.3529120844654886]",4,6
7759,[0.91638026 0.41481576],4,-1,-1,4,-1
7760,[0.28024928 0.72846913],1,9,"[0.2630806751638254, 0.7080875454644293]",2,9
7761,[0.48798198 0.20921944],5,3,"[0.5044907196570393, 0.16230287856274858]",0,0
7762,[0.47718073 0.14560321],5,3,"[0.5044907196570393, 0.16230287856274858]",0,0
7763,[0.87432741 0.44935698],4,2,"[0.8312266673252705, 0.4613441479074099]",4,-1
7764,[0.14812647 0.41245377],3,5,"[0.12813625889338118, 0.45239712230086515]",1,1
7765,[0.47868476 0.15800928],5,3,"[0.5044907196570393, 0.16230287856274858]",0,0
7766,[0.05579697 0.45139857],3,-1,-1,1,1
7767,[0.84949634 0.42361384],4,2,"[0.8312266673252705, 0.4613441479074099]",4,-1
7768,[0.26117158 0.87883289],2,-1,-1,2,-1
7769,[0.77019793 0.30721519],7,6,"[0.7921949837838228, 0.3529120844654886]",4,-1
7770,[0.13525893 0.6674914 ],8,-1,-1,2,-1
7771,[0.4311133  0.58191828],9,0,"[0.4297636102329726, 0.6357143141723958]",2,11
7772,[0.32601203 0.91919635],2,-1,-1,2,-1
7773,[0.43885314 0.57258133],9,0,"[0.4297636102329726, 0.6357143141723958]",2,-1
7774,[0.20486124 0.44455421],3,-1,-1,1,1
7775,[0.39301565 0.58986909],9,0,"[0.4297636102329726, 0.6357143141723958]",2,-1
7776,[0.72172537 0.5439992 ],0,4,"[0.7285423500480827, 0.6073851354724864]",3,2
7777,[0.82774559 0.50270789],4,2,"[0.8312266673252705, 0.4613441479074099]",4,-1
7778,[0.77454255 0.59727331],0,4,"[0.7285423500480827, 0.6073851354724864]",3,2
7779,[0.7683423  0.58894015],0,4,"[0.7285423500480827, 0.6073851354724864]",3,2
7780,[0.24952967 0.74191527],8,9,"[0.2630806751638254, 0.7080875454644293]",2,-1
7781,[0.11355666 0.45960075],3,5,"[0.12813625889338118, 0.45239712230086515]",1,1
7782,[0.2529658  0.70121754],1,9,"[0.2630806751638254, 0.7080875454644293]",2,-1
7783,[0.76583891 0.44754121],4,2,"[0.8312266673252705, 0.4613441479074099]",4,-1
7784,[0.27595885 0.68823649],1,9,"[0.2630806751638254, 0.7080875454644293]",2,9
7785,[0.55232406 0.17241713],5,3,"[0.5044907196570393, 0.16230287856274858]",0,0
7786,[0.44561877 0.07919972],5,-1,-1,0,0
7787,[0.36753561 0.65323652],9,8,"[0.36289448703783916, 0.7073371999105278]",2,-1
7788,[0.0541149  0.52848984],3,-1,-1,1,1
7789,[0.54001582 0.1620934 ],5,3,"[0.5044907196570393, 0.16230287856274858]",0,0
7790,[0.52354491 0.24641524],5,-1,-1,0,0
7791,[0.74485215 0.37468419],7,6,"[0.7921949837838228, 0.3529120844654886]",4,-1
7792,[0.32493932 0.78558038],2,1,"[0.3445904742281392, 0.8508004104108614]",2,-1
7793,[0.47607975 0.18764535],5,3,"[0.5044907196570393, 0.16230287856274858]",0,0
7794,[0.72777372 0.66118629],0,4,"[0.7285423500480827, 0.6073851354724864]",3,2
7795,[0.22365501 0.48649803],3,-1,-1,1,1
7796,[0.71751363 0.61897462],0,4,"[0.7285423500480827, 0.6073851354724864]",3,2
7797,[0.82325411 0.31997984],7,6,"[0.7921949837838228, 0.3529120844654886]",4,-1
7798,[0.11095221 0.74253687],8,7,"[0.17089520780330653, 0.7464713359575794]",2,-1
7799,[0.81641581 0.37004313],7,6,"[0.7921949837838228, 0.3529120844654886]",4,-1
7800,[0.34085053 0.88826674],2,1,"[0.3445904742281392, 0.8508004104108614]",2,-1
7801,[0.49780719 0.7073412 ],6,-1,-1,2,-1
7802,[0.49297156 0.69633426],6,-1,-1,2,-1
7803,[0.26137413 0.65619946],1,9,"[0.2630806751638254, 0.7080875454644293]",2,-1
7804,[0.09217837 0.37185475],3,-1,-1,1,1
7805,[0.50986215 0.13659355],5,3,"[0.5044907196570393, 0.16230287856274858]",0,0
7806,[0.42305481 0.6892815 ],6,0,"[0.4297636102329726, 0.6357143141723958]",2,10
7807,[0.45000913 0.74730369],6,-1,-1,2,-1
7808,[0.69056486 0.60919514],0,4,"[0.7285423500480827, 0.6073851354724864]",3,2
7809,[0.37848892 0.60318954],9,0,"[0.4297636102329726, 0.6357143141723958]",2,-1
7810,[0.38593539 0.86584466],2,1,"[0.3445904742281392, 0.8508004104108614]",2,-1
7811,[0.77874207 0.46000685],4,2,"[0.8312266673252705, 0.4613441479074099]",4,-1
7812,[0.38104056 0.58759556],9,0,"[0.4297636102329726, 0.6357143141723958]",2,-1
7813,[0.79185309 0.4496954 ],4,2,"[0.8312266673252705, 0.4613441479074099]",4,-1
7814,[0.49236199 0.16648375],5,3,"[0.5044907196570393, 0.16230287856274858]",0,0
7815,[0.22065143 0.68440771],8,9,"[0.2630806751638254, 0.7080875454644293]",2,-1
7816,[0.70302998 0.63383328],0,4,"[0.7285423500480827, 0.6073851354724864]",3,2
7817,[0.31116003 0.88537298],2,1,"[0.3445904742281392, 0.8508004104108614]",2,-1
7818,[0.11659046 0.50135009],3,5,"[0.12813625889338118, 0.45239712230086515]",1,1
7819,[0.28463508 0.64652783],1,9,"[0.2630806751638254, 0.7080875454644293]",2,-1
7820,[0.4628133  0.57420008],9,0,"[0.4297636102329726, 0.6357143141723958]",2,-1
7821,[0.80107429 0.37668158],7,6,"[0.7921949837838228, 0.3529120844654886]",4,6
7822,[0.36007149 0.90043546],2,1,"[0.3445904742281392, 0.8508004104108614]",2,-1
7823,[0.49149284 0.21101855],5,3,"[0.5044907196570393, 0.16230287856274858]",0,0
7824,[0.51304912 0.16057552],5,3,"[0.5044907196570393, 0.16230287856274858]",0,0
7825,[0.8430972  0.51513925],4,2,"[0.8312266673252705, 0.4613441479074099]",4,-1
7826,[0.74723208 0.324756  ],7,6,"[0.7921949837838228, 0.3529120844654886]",4,-1
7827,[0.44194946 0.61135845],9,0,"[0.4297636102329726, 0.6357143141723958]",2,-1
7828,[0.88152019 0.3905234 ],7,-1,-1,4,-1
7829,[0.23634576 0.77159763],8,9,"[0.2630806751638254, 0.7080875454644293]",2,-1
7830,[0.77833543 0.36278912],7,6,"[0.7921949837838228, 0.3529120844654886]",4,-1
7831,[0.86797029 0.40866232],4,2,"[0.8312266673252705, 0.4613441479074099]",4,-1
7832,[0.3236367  0.58806878],9,-1,-1,2,-1
7833,[0.38191491 0.85836773],2,1,"[0.3445904742281392, 0.8508004104108614]",2,5
7834,[0.55463211 0.20243905],5,3,"[0.5044907196570393, 0.16230287856274858]",0,0
7835,[0.78641467 0.48994677],4,2,"[0.8312266673252705, 0.4613441479074099]",4,-1
7836,[0.04954061 0.48278945],3,-1,-1,1,1
7837,[0.30735433 0.82383959],2,1,"[0.3445904742281392, 0.8508004104108614]",2,-1
7838,[0.39770512 0.68842765],6,8,"[0.36289448703783916, 0.7073371999105278]",2,-1
7839,[0.46239673 0.52251136],9,-1,-1,2,-1
7840,[0.76727678 0.37760082],7,6,"[0.7921949837838228, 0.3529120844654886]",4,-1
7841,[0.24550416 0.78806711],8,-1,-1,2,-1
7842,[0.2734171  0.71318344],1,9,"[0.2630806751638254, 0.7080875454644293]",2,9
7843,[0.47967491 0.67034278],6,0,"[0.4297636102329726, 0.6357143141723958]",2,-1
7844,[0.11503377 0.48298548],3,5,"[0.12813625889338118, 0.45239712230086515]",1,1
7845,[0.20050957 0.74893102],8,7,"[0.17089520780330653, 0.7464713359575794]",2,8
7846,[0.59710969 0.15332021],5,-1,-1,0,0
7847,[0.67067222 0.66164258],0,-1,-1,3,2
7848,[0.44365042 0.61810633],9,0,"[0.4297636102329726, 0.6357143141723958]",2,-1
7849,[0.67980176 0.36235285],7,-1,-1,-1,-1
7850,[0.78871272 0.38745448],7,6,"[0.7921949837838228, 0.3529120844654886]",4,-1
7851,[0.80781041 0.43009779],4,2,"[0.8312266673252705, 0.4613441479074099]",4,7
7852,[0.72110841 0.6285711 ],0,4,"[0.7285423500480827, 0.6073851354724864]",3,2
7853,[0.74199018 0.65061988],0,4,"[0.7285423500480827, 0.6073851354724864]",3,2
7854,[0.90649847 0.44209696],4,-1,-1,4,-1
7855,[0.35456369 0.8186635 ],2,1,"[0.3445904742281392, 0.8508004104108614]",2,4
7856,[0.11131981 0.43313807],3,5,"[0.12813625889338118, 0.45239712230086515]",1,1
7857,[0.78580469 0.37592434],7,6,"[0.7921949837838228, 0.3529120844654886]",4,6
7858,[0.39436427 0.62226613],9,0,"[0.4297636102329726, 0.6357143141723958]",2,12
7859,[0.28848086 0.68192984],1,9,"[0.2630806751638254, 0.7080875454644293]",2,9
7860,[0.40066034 0.54511684],9,-1,-1,2,-1
7861,[0.47222156 0.63638699],6,0,"[0.4297636102329726, 0.6357143141723958]",2,-1
7862,[0.14109173 0.42194123],3,5,"[0.12813625889338118, 0.45239712230086515]",1,1
7863,[0.22102352 0.74485801],8,7,"[0.17089520780330653, 0.7464713359575794]",2,8
7864,[0.3486536  0.82007859],2,1,"[0.3445904742281392, 0.8508004104108614]",2,4
7865,[0.44739898 0.68830874],6,0,"[0.4297636102329726, 0.6357143141723958]",2,10
7866,[0.2753344  0.92042495],2,-1,-1,2,-1
7867,[0.4622452  0.71979731],6,-1,-1,2,10
7868,[0.38551167 0.7192405 ],1,8,"[0.36289448703783916, 0.7073371999105278]",2,-1
7869,[0.47856197 0.62185484],6,0,"[0.4297636102329726, 0.6357143141723958]",2,-1
7870,[0.43086037 0.14112694],5,-1,-1,0,0
7871,[0.38969011 0.6259499 ],9,0,"[0.4297636102329726, 0.6357143141723958]",2,-1
7872,[0.33489586 0.71861175],1,8,"[0.36289448703783916, 0.7073371999105278]",2,9
7873,[0.47246144 0.14486965],5,3,"[0.5044907196570393, 0.16230287856274858]",0,0
7874,[0.12193042 0.454967  ],3,5,"[0.12813625889338118, 0.45239712230086515]",1,1
7875,[0.76836908 0.33218858],7,6,"[0.7921949837838228, 0.3529120844654886]",4,-1
7876,[0.05693371 0.45908826],3,-1,-1,1,1
7877,[0.88827071 0.48240594],4,2,"[0.8312266673252705, 0.4613441479074099]",4,-1
7878,[0.42966803 0.74390111],6,-1,-1,2,-1
7879,[0.48014922 0.18602011],5,3,"[0.5044907196570393, 0.16230287856274858]",0,0
7880,[0.20124365 0.74478141],8,7,"[0.17089520780330653, 0.7464713359575794]",2,8
7881,[0.49897152 0.16584452],5,3,"[0.5044907196570393, 0.16230287856274858]",0,0
7882,[0.43850497 0.57691237],9,0,"[0.4297636102329726, 0.6357143141723958]",2,11
7883,[0.51739331 0.19981217],5,3,"[0.5044907196570393, 0.16230287856274858]",0,0
7884,[0.49957599 0.14664104],5,3,"[0.5044907196570393, 0.16230287856274858]",0,0
7885,[0.49975254 0.57949214],9,-1,-1,2,-1
7886,[0.40655571 0.84272003],2,1,"[0.3445904742281392, 0.8508004104108614]",2,-1
7887,[0.2759693  0.71529566],1,9,"[0.2630806751638254, 0.7080875454644293]",2,9
7888,[0.30637774 0.83998576],2,1,"[0.3445904742281392, 0.8508004104108614]",2,-1
7889,[0.4959147  0.13619469],5,3,"[0.5044907196570393, 0.16230287856274858]",0,0
7890,[0.91108441 0.40908642],4,-1,-1,4,-1
7891,[0.40925534 0.68570482],6,8,"[0.36289448703783916, 0.7073371999105278]",2,10
7892,[0.38430403 0.53533995],9,-1,-1,2,-1
7893,[0.26829214 0.74751947],1,9,"[0.2630806751638254, 0.7080875454644293]",2,-1
7894,[0.57901601 0.19352768],5,-1,-1,0,0
7895,[0.2734419  0.83488684],2,-1,-1,2,-1
7896,[0.17351928 0.40865422],3,5,"[0.12813625889338118, 0.45239712230086515]",1,1
7897,[0.3262365  0.62952999],1,-1,-1,2,-1
7898,[0.45125666 0.76057386],6,-1,-1,2,-1
7899,[0.27619585 0.6578231 ],1,9,"[0.2630806751638254, 0.7080875454644293]",2,-1
7900,[0.16964279 0.42635035],3,5,"[0.12813625889338118, 0.45239712230086515]",1,1
7901,[0.41040257 0.817938  ],2,-1,-1,2,-1
7902,[0.17696481 0.66504219],8,-1,-1,2,-1
7903,[0.42866301 0.61845109],9,0,"[0.4297636102329726, 0.6357143141723958]",2,13
7904,[0.27670474 0.75220334],1,9,"[0.2630806751638254, 0.7080875454644293]",2,-1
7905,[0.40718396 0.57834507],9,0,"[0.4297636102329726, 0.6357143141723958]",2,11
7906,[0.83362776 0.48166717],4,2,"[0.8312266673252705, 0.4613441479074099]",4,-1
7907,[0.38637726 0.83435133],2,1,"[0.3445904742281392, 0.8508004104108614]",2,-1
7908,[0.11852949 0.40523389],3,5,"[0.12813625889338118, 0.45239712230086515]",1,1
7909,[0.3635662  0.78351897],2,1,"[0.3445904742281392, 0.8508004104108614]",2,-1
7910,[0.26608646 0.67621559],1,9,"[0.2630806751638254, 0.7080875454644293]",2,-1
7911,[0.40402901 0.57359179],9,0,"[0.4297636102329726, 0.6357143141723958]",2,11
7912,[0.35600023 0.85088253],2,1,"[0.3445904742281392, 0.8508004104108614]",2,5
7913,[0.16191431 0.7089407 ],8,7,"[0.17089520780330653, 0.7464713359575794]",2,8
7914,[0.38331373 0.73198608],2,8,"[0.36289448703783916, 0.7073371999105278]",2,-1
7915,[0.4253327 0.7350782],6,8,"[0.36289448703783916, 0.7073371999105278]",2,-1
7916,[0.50422468 0.15661053],5,3,"[0.5044907196570393, 0.16230287856274858]",0,0
7917,[0.12212013 0.46017706],3,5,"[0.12813625889338118, 0.45239712230086515]",1,1
7918,[0.7864676  0.63495958],0,4,"[0.7285423500480827, 0.6073851354724864]",3,2
7919,[0.414967   0.68582745],6,0,"[0.4297636102329726, 0.6357143141723958]",2,10
7920,[0.45789096 0.58483634],9,0,"[0.4297636102329726, 0.6357143141723958]",2,-1
7921,[0.14666067 0.77307031],8,7,"[0.17089520780330653, 0.7464713359575794]",2,-1
7922,[0.80182323 0.40162987],7,6,"[0.7921949837838228, 0.3529120844654886]",4,-1
7923,[0.82301822 0.35483927],7,6,"[0.7921949837838228, 0.3529120844654886]",4,-1
7924,[0.51538289 0.14656097],5,3,"[0.5044907196570393, 0.16230287856274858]",0,0
7925,[0.77876805 0.38088418],7,6,"[0.7921949837838228, 0.3529120844654886]",4,-1
7926,[0.30732669 0.9109586 ],2,-1,-1,2,-1
7927,[0.44946258 0.52561959],9,-1,-1,2,-1
7928,[0.0926398  0.46347091],3,5,"[0.12813625889338118, 0.45239712230086515]",1,1
7929,[0.86868964 0.3145863 ],7,-1,-1,4,-1
7930,[0.11519687 0.39959384],3,5,"[0.12813625889338118, 0.45239712230086515]",1,1
7931,[0.48626774 0.64445852],6,0,"[0.4297636102329726, 0.6357143141723958]",2,-1
7932,[0.69301187 0.61316973],0,4,"[0.7285423500480827, 0.6073851354724864]",3,2
7933,[0.7869998  0.35751425],7,6,"[0.7921949837838228, 0.3529120844654886]",4,-1
7934,[0.31569529 0.76823543],1,-1,-1,2,-1
7935,[0.82883232 0.43455122],4,2,"[0.8312266673252705, 0.4613441479074099]",4,-1
7936,[0.48101327 0.2056878 ],5,3,"[0.5044907196570393, 0.16230287856274858]",0,0
7937,[0.69318202 0.61469238],0,4,"[0.7285423500480827, 0.6073851354724864]",3,2
7938,[0.7703163 0.4193592],4,6,"[0.7921949837838228, 0.3529120844654886]",4,-1
7939,[0.37890709 0.82003096],2,1,"[0.3445904742281392, 0.8508004104108614]",2,-1
7940,[0.37853278 0.78166112],2,-1,-1,2,-1
7941,[0.47647301 0.16622316],5,3,"[0.5044907196570393, 0.16230287856274858]",0,0
7942,[0.50408919 0.16565446],5,3,"[0.5044907196570393, 0.16230287856274858]",0,0
7943,[0.48753277 0.13703998],5,3,"[0.5044907196570393, 0.16230287856274858]",0,0
7944,[0.47075367 0.58982768],9,0,"[0.4297636102329726, 0.6357143141723958]",2,-1
7945,[0.40114265 0.60533952],9,0,"[0.4297636102329726, 0.6357143141723958]",2,-1
7946,[0.84514375 0.4212785 ],4,2,"[0.8312266673252705, 0.4613441479074099]",4,-1
7947,[0.51378424 0.65661129],6,-1,-1,2,-1
7948,[0.46389866 0.70726869],6,-1,-1,2,10
7949,[0.44662684 0.12373567],5,3,"[0.5044907196570393, 0.16230287856274858]",0,0
7950,[0.09385444 0.42374048],3,5,"[0.12813625889338118, 0.45239712230086515]",1,1
7951,[0.45732503 0.72617187],6,-1,-1,2,-1
7952,[0.43076019 0.63265324],9,0,"[0.4297636102329726, 0.6357143141723958]",2,-1
7953,[0.398198   0.58564995],9,0,"[0.4297636102329726, 0.6357143141723958]",2,-1
7954,[0.35777623 0.71376938],6,8,"[0.36289448703783916, 0.7073371999105278]",2,-1
7955,[0.33547842 0.7933262 ],1,1,"[0.3445904742281392, 0.8508004104108614]",2,-1
7956,[0.13659104 0.46531977],3,5,"[0.12813625889338118, 0.45239712230086515]",1,1
7957,[0.865808   0.47635206],4,2,"[0.8312266673252705, 0.4613441479074099]",4,-1
7958,[0.34276243 0.85651245],2,1,"[0.3445904742281392, 0.8508004104108614]",2,5
7959,[0.82510275 0.49518693],4,2,"[0.8312266673252705, 0.4613441479074099]",4,7
7960,[0.47162825 0.19031484],5,3,"[0.5044907196570393, 0.16230287856274858]",0,0
7961,[0.34248559 0.85952679],2,1,"[0.3445904742281392, 0.8508004104108614]",2,5
7962,[0.11473702 0.47398392],3,5,"[0.12813625889338118, 0.45239712230086515]",1,1
7963,[0.81085735 0.32476557],7,6,"[0.7921949837838228, 0.3529120844654886]",4,-1
7964,[0.15514391 0.77890902],8,7,"[0.17089520780330653, 0.7464713359575794]",2,-1
7965,[0.50879689 0.13046459],5,3,"[0.5044907196570393, 0.16230287856274858]",0,0
7966,[0.33944783 0.66115103],1,8,"[0.36289448703783916, 0.7073371999105278]",2,-1
7967,[0.32960181 0.91193678],2,1,"[0.3445904742281392, 0.8508004104108614]",2,-1
7968,[0.72684216 0.60361734],0,4,"[0.7285423500480827, 0.6073851354724864]",3,2
7969,[0.2925833  0.72845061],8,9,"[0.2630806751638254, 0.7080875454644293]",2,9
7970,[0.07677361 0.44089745],3,5,"[0.12813625889338118, 0.45239712230086515]",1,1
7971,[0.84363202 0.40165723],4,2,"[0.8312266673252705, 0.4613441479074099]",4,-1
7972,[0.90796306 0.43362627],4,-1,-1,4,-1
7973,[0.78394502 0.36949645],7,6,"[0.7921949837838228, 0.3529120844654886]",4,-1
7974,[0.25824691 0.77029517],1,9,"[0.2630806751638254, 0.7080875454644293]",2,-1
7975,[0.51163699 0.71060692],6,-1,-1,2,-1
7976,[0.13468067 0.65430924],8,-1,-1,2,-1
7977,[0.79129404 0.40507987],7,6,"[0.7921949837838228, 0.3529120844654886]",4,-1
7978,[0.32549765 0.7149284 ],1,8,"[0.36289448703783916, 0.7073371999105278]",2,9
7979,[0.18747293 0.80100926],8,7,"[0.17089520780330653, 0.7464713359575794]",2,-1
7980,[0.41441567 0.76981772],6,-1,-1,2,-1
7981,[0.447232   0.56972114],9,0,"[0.4297636102329726, 0.6357143141723958]",2,-1
7982,[0.35909115 0.85615503],2,1,"[0.3445904742281392, 0.8508004104108614]",2,5
7983,[0.17259535 0.72982574],8,7,"[0.17089520780330653, 0.7464713359575794]",2,8
7984,[0.32953321 0.89783673],2,1,"[0.3445904742281392, 0.8508004104108614]",2,-1
7985,[0.46384012 0.21229183],5,3,"[0.5044907196570393, 0.16230287856274858]",0,0
7986,[0.45648974 0.53458957],9,-1,-1,2,-1
7987,[0.1518299  0.54056436],3,-1,-1,1,1
7988,[0.30872724 0.6889167 ],1,9,"[0.2630806751638254, 0.7080875454644293]",2,9
7989,[0.8188871  0.28477894],7,-1,-1,4,-1
7990,[0.76629918 0.46152991],4,2,"[0.8312266673252705, 0.4613441479074099]",4,-1
7991,[0.31124555 0.65338577],1,-1,-1,2,-1
7992,[0.7924927  0.36139773],7,6,"[0.7921949837838228, 0.3529120844654886]",4,6
7993,[0.72648677 0.62466715],0,4,"[0.7285423500480827, 0.6073851354724864]",3,2
7994,[0.27939011 0.78395916],1,-1,-1,2,-1
7995,[0.36024467 0.85102456],2,1,"[0.3445904742281392, 0.8508004104108614]",2,5
7996,[0.75932101 0.36439189],7,6,"[0.7921949837838228, 0.3529120844654886]",4,-1
7997,[0.39536335 0.5862924 ],9,0,"[0.4297636102329726, 0.6357143141723958]",2,-1
7998,[0.74957964 0.59460634],0,4,"[0.7285423500480827, 0.6073851354724864]",3,2
7999,[0.19472402 0.51090516],3,-1,-1,1,1
8000,[0.40408289 0.71448803],9,8,"[0.36289448703783916, 0.7073371999105278]",2,10
8001,[0.07888182 0.44042686],3,5,"[0.12813625889338118, 0.45239712230086515]",1,1
8002,[0.57095175 0.15903131],5,3,"[0.5044907196570393, 0.16230287856274858]",0,0
8003,[0.44099762 0.58734424],9,0,"[0.4297636102329726, 0.6357143141723958]",2,11
8004,[0.80470344 0.48512356],7,2,"[0.8312266673252705, 0.4613441479074099]",4,-1
8005,[0.30238243 0.82726099],2,1,"[0.3445904742281392, 0.8508004104108614]",2,-1
8006,[0.8318106  0.50863293],4,2,"[0.8312266673252705, 0.4613441479074099]",4,-1
8007,[0.33659769 0.7357375 ],1,8,"[0.36289448703783916, 0.7073371999105278]",2,-1
8008,[0.10219301 0.48822756],3,5,"[0.12813625889338118, 0.45239712230086515]",1,1
8009,[0.46214266 0.69605643],6,0,"[0.4297636102329726, 0.6357143141723958]",2,-1
8010,[0.12600561 0.45784158],3,5,"[0.12813625889338118, 0.45239712230086515]",1,1
8011,[0.23163414 0.82899133],2,-1,-1,2,-1
8012,[0.44095183 0.82596982],2,-1,-1,2,-1
8013,[0.85129364 0.42321674],4,2,"[0.8312266673252705, 0.4613441479074099]",4,-1
8014,[0.14323115 0.73472352],8,7,"[0.17089520780330653, 0.7464713359575794]",2,-1
8015,[0.1054324  0.41763899],3,5,"[0.12813625889338118, 0.45239712230086515]",1,1
8016,[0.48685842 0.62212858],9,0,"[0.4297636102329726, 0.6357143141723958]",2,-1
8017,[0.35304894 0.74879127],1,8,"[0.36289448703783916, 0.7073371999105278]",2,-1
8018,[0.47721922 0.1363365 ],5,3,"[0.5044907196570393, 0.16230287856274858]",0,0
8019,[0.79278801 0.48421031],4,2,"[0.8312266673252705, 0.4613441479074099]",4,-1
8020,[0.855841   0.48853557],4,2,"[0.8312266673252705, 0.4613441479074099]",4,-1
8021,[0.27688714 0.69456716],1,9,"[0.2630806751638254, 0.7080875454644293]",2,9
8022,[0.7969558  0.44237761],7,2,"[0.8312266673252705, 0.4613441479074099]",4,-1
8023,[0.53498134 0.18135258],5,3,"[0.5044907196570393, 0.16230287856274858]",0,0
8024,[0.17023511 0.75160663],8,7,"[0.17089520780330653, 0.7464713359575794]",2,8
8025,[0.45959228 0.17406772],5,3,"[0.5044907196570393, 0.16230287856274858]",0,0
8026,[0.70447384 0.67510354],0,-1,-1,3,2
8027,[0.89843542 0.45437412],4,2,"[0.8312266673252705, 0.4613441479074099]",4,-1
8028,[0.74198642 0.37300285],7,6,"[0.7921949837838228, 0.3529120844654886]",4,-1
8029,[0.34491901 0.61369724],9,-1,-1,2,-1
8030,[0.78731183 0.40309829],7,6,"[0.7921949837838228, 0.3529120844654886]",4,6
8031,[0.25596721 0.66416923],1,9,"[0.2630806751638254, 0.7080875454644293]",2,-1
8032,[0.33030313 0.71463914],1,8,"[0.36289448703783916, 0.7073371999105278]",2,9
8033,[0.07848185 0.48185779],3,5,"[0.12813625889338118, 0.45239712230086515]",1,1
8034,[0.48588407 0.1171369 ],5,3,"[0.5044907196570393, 0.16230287856274858]",0,0
8035,[0.34381815 0.8590418 ],2,1,"[0.3445904742281392, 0.8508004104108614]",2,5
8036,[0.40656757 0.52739876],9,-1,-1,2,-1
8037,[0.81034116 0.44383146],4,2,"[0.8312266673252705, 0.4613441479074099]",4,-1
8038,[0.39295299 0.58792699],9,0,"[0.4297636102329726, 0.6357143141723958]",2,-1
8039,[0.39996963 0.71905023],6,8,"[0.36289448703783916, 0.7073371999105278]",2,10
8040,[0.31488713 0.84884666],2,1,"[0.3445904742281392, 0.8508004104108614]",2,-1
8041,[0.2360769  0.75708982],1,9,"[0.2630806751638254, 0.7080875454644293]",2,-1
8042,[0.30829989 0.89519656],2,1,"[0.3445904742281392, 0.8508004104108614]",2,-1
8043,[0.10903592 0.49852092],3,5,"[0.12813625889338118, 0.45239712230086515]",1,1
8044,[0.36087464 0.8267886 ],2,1,"[0.3445904742281392, 0.8508004104108614]",2,4
8045,[0.31452916 0.68218712],1,8,"[0.36289448703783916, 0.7073371999105278]",2,9
8046,[0.47699582 0.61750743],9,0,"[0.4297636102329726, 0.6357143141723958]",2,-1
8047,[0.14332635 0.68561188],8,7,"[0.17089520780330653, 0.7464713359575794]",2,-1
8048,[0.7191906  0.69242611],0,-1,-1,3,2
8049,[0.67930057 0.51196421],0,-1,-1,3,2
8050,[0.20181248 0.41890223],3,-1,-1,1,1
8051,[0.7817013  0.37354961],7,6,"[0.7921949837838228, 0.3529120844654886]",4,-1
8052,[0.37819033 0.78895983],2,-1,-1,2,-1
8053,[0.37372413 0.85499625],2,1,"[0.3445904742281392, 0.8508004104108614]",2,5
8054,[0.12377703 0.44316122],3,5,"[0.12813625889338118, 0.45239712230086515]",1,1
8055,[0.8593104 0.4680013],4,2,"[0.8312266673252705, 0.4613441479074099]",4,-1
8056,[0.07992824 0.41379384],3,5,"[0.12813625889338118, 0.45239712230086515]",1,1
8057,[0.44584876 0.75236916],6,-1,-1,2,-1
8058,[0.40285267 0.71086777],6,8,"[0.36289448703783916, 0.7073371999105278]",2,10
8059,[0.27667436 0.67208563],1,9,"[0.2630806751638254, 0.7080875454644293]",2,-1
8060,[0.25680768 0.70263191],1,9,"[0.2630806751638254, 0.7080875454644293]",2,-1
8061,[0.52212059 0.19464523],5,3,"[0.5044907196570393, 0.16230287856274858]",0,0
8062,[0.70248486 0.57553721],0,4,"[0.7285423500480827, 0.6073851354724864]",3,2
8063,[0.32529274 0.69373544],1,8,"[0.36289448703783916, 0.7073371999105278]",2,9
8064,[0.07364891 0.52220299],3,-1,-1,1,1
8065,[0.73238494 0.6278229 ],0,4,"[0.7285423500480827, 0.6073851354724864]",3,2
8066,[0.13180283 0.72058345],8,7,"[0.17089520780330653, 0.7464713359575794]",2,-1
8067,[0.14080669 0.48735638],3,5,"[0.12813625889338118, 0.45239712230086515]",1,1
8068,[0.0882883  0.46001348],3,5,"[0.12813625889338118, 0.45239712230086515]",1,1
8069,[0.26981752 0.65789198],1,9,"[0.2630806751638254, 0.7080875454644293]",2,-1
8070,[0.88527985 0.44923354],4,2,"[0.8312266673252705, 0.4613441479074099]",4,-1
8071,[0.13640652 0.78141093],8,7,"[0.17089520780330653, 0.7464713359575794]",2,-1
8072,[0.25423958 0.72733486],8,9,"[0.2630806751638254, 0.7080875454644293]",2,9
8073,[0.33374057 0.5520347 ],9,-1,-1,2,-1
8074,[0.74079507 0.59639871],0,4,"[0.7285423500480827, 0.6073851354724864]",3,2
8075,[0.44944649 0.14878117],5,3,"[0.5044907196570393, 0.16230287856274858]",0,0
8076,[0.75221382 0.30335257],7,6,"[0.7921949837838228, 0.3529120844654886]",4,-1
8077,[0.83472728 0.49647833],4,2,"[0.8312266673252705, 0.4613441479074099]",4,-1
8078,[0.38946715 0.60181667],9,0,"[0.4297636102329726, 0.6357143141723958]",2,-1
8079,[0.41839448 0.72157029],6,8,"[0.36289448703783916, 0.7073371999105278]",2,10
8080,[0.42996528 0.57132363],9,0,"[0.4297636102329726, 0.6357143141723958]",2,-1
8081,[0.42919886 0.70033258],6,0,"[0.4297636102329726, 0.6357143141723958]",2,10
8082,[0.29967115 0.67462296],1,9,"[0.2630806751638254, 0.7080875454644293]",2,9
8083,[0.38404358 0.60323816],9,0,"[0.4297636102329726, 0.6357143141723958]",2,-1
8084,[0.19157428 0.45077436],3,5,"[0.12813625889338118, 0.45239712230086515]",1,1
8085,[0.26912099 0.75160303],1,9,"[0.2630806751638254, 0.7080875454644293]",2,-1
8086,[0.51420648 0.18687101],5,3,"[0.5044907196570393, 0.16230287856274858]",0,0
8087,[0.26634247 0.80251485],8,-1,-1,2,-1
8088,[0.31544395 0.74845226],1,8,"[0.36289448703783916, 0.7073371999105278]",2,-1
8089,[0.36202743 0.59023565],9,-1,-1,2,-1
8090,[0.16483546 0.72652834],8,7,"[0.17089520780330653, 0.7464713359575794]",2,8
8091,[0.22833378 0.6344067 ],1,-1,-1,2,-1
8092,[0.3546283  0.58076736],9,-1,-1,2,-1
8093,[0.73305658 0.6642936 ],0,4,"[0.7285423500480827, 0.6073851354724864]",3,2
8094,[0.15949959 0.73456534],8,7,"[0.17089520780330653, 0.7464713359575794]",2,-1
8095,[0.36457404 0.71332021],6,8,"[0.36289448703783916, 0.7073371999105278]",2,-1
8096,[0.82563782 0.43811608],4,2,"[0.8312266673252705, 0.4613441479074099]",4,7
8097,[0.19197435 0.4640855 ],3,5,"[0.12813625889338118, 0.45239712230086515]",1,1
8098,[0.12188181 0.3953741 ],3,5,"[0.12813625889338118, 0.45239712230086515]",1,1
8099,[0.85928093 0.44626931],4,2,"[0.8312266673252705, 0.4613441479074099]",4,-1
8100,[0.77365608 0.47806463],4,2,"[0.8312266673252705, 0.4613441479074099]",4,-1
8101,[0.83803249 0.40495107],7,2,"[0.8312266673252705, 0.4613441479074099]",4,-1
8102,[0.11319033 0.4608242 ],3,5,"[0.12813625889338118, 0.45239712230086515]",1,1
8103,[0.76881149 0.3389639 ],7,6,"[0.7921949837838228, 0.3529120844654886]",4,-1
8104,[0.20193357 0.7763606 ],8,7,"[0.17089520780330653, 0.7464713359575794]",2,-1
8105,[0.11081677 0.68363148],8,-1,-1,2,-1
8106,[0.44719582 0.66346098],6,0,"[0.4297636102329726, 0.6357143141723958]",2,10
8107,[0.30749363 0.87296054],2,1,"[0.3445904742281392, 0.8508004104108614]",2,-1
8108,[0.72611098 0.54557871],0,4,"[0.7285423500480827, 0.6073851354724864]",3,2
8109,[0.30090368 0.64179937],9,-1,-1,2,-1
8110,[0.33905245 0.66044513],1,8,"[0.36289448703783916, 0.7073371999105278]",2,-1
8111,[0.52233125 0.54236193],9,-1,-1,2,-1
8112,[0.32430107 0.73780492],1,8,"[0.36289448703783916, 0.7073371999105278]",2,-1
8113,[0.28327573 0.80903127],2,-1,-1,2,-1
8114,[0.74309405 0.67914613],0,-1,-1,3,2
8115,[0.42485198 0.55430255],9,-1,-1,2,-1
8116,[0.13400243 0.41595423],3,5,"[0.12813625889338118, 0.45239712230086515]",1,1
8117,[0.13800087 0.48306321],3,5,"[0.12813625889338118, 0.45239712230086515]",1,1
8118,[0.6963105  0.61018312],0,4,"[0.7285423500480827, 0.6073851354724864]",3,2
8119,[0.44943893 0.59321399],9,0,"[0.4297636102329726, 0.6357143141723958]",2,11
8120,[0.44264085 0.72206591],6,-1,-1,2,-1
8121,[0.41333189 0.54935655],9,-1,-1,2,-1
8122,[0.30367577 0.87675745],2,1,"[0.3445904742281392, 0.8508004104108614]",2,-1
8123,[0.08720409 0.41597756],3,5,"[0.12813625889338118, 0.45239712230086515]",1,1
8124,[0.2745543  0.71773402],1,9,"[0.2630806751638254, 0.7080875454644293]",2,9
8125,[0.70769242 0.62831798],0,4,"[0.7285423500480827, 0.6073851354724864]",3,2
8126,[0.10318695 0.5286071 ],3,-1,-1,1,1
8127,[0.45671252 0.78856803],6,-1,-1,2,-1
8128,[0.44213287 0.20605693],5,-1,-1,0,0
8129,[0.36334608 0.83245699],2,1,"[0.3445904742281392, 0.8508004104108614]",2,-1
8130,[0.32500766 0.94366464],2,-1,-1,2,-1
8131,[0.73991731 0.62331039],0,4,"[0.7285423500480827, 0.6073851354724864]",3,2
8132,[0.36131887 0.93201426],2,-1,-1,2,-1
8133,[0.34068819 0.8772025 ],2,1,"[0.3445904742281392, 0.8508004104108614]",2,-1
8134,[0.84283963 0.45399139],4,2,"[0.8312266673252705, 0.4613441479074099]",4,-1
8135,[0.1311788  0.43271512],3,5,"[0.12813625889338118, 0.45239712230086515]",1,1
8136,[0.78262318 0.5557597 ],0,-1,-1,3,2
8137,[0.31112263 0.83563818],2,1,"[0.3445904742281392, 0.8508004104108614]",2,3
8138,[0.35984356 0.63437552],9,0,"[0.4297636102329726, 0.6357143141723958]",2,-1
8139,[0.85388948 0.47787327],4,2,"[0.8312266673252705, 0.4613441479074099]",4,-1
8140,[0.42752441 0.65633722],6,0,"[0.4297636102329726, 0.6357143141723958]",2,-1
8141,[0.58020005 0.22581686],5,-1,-1,0,0
8142,[0.31589348 0.86451511],2,1,"[0.3445904742281392, 0.8508004104108614]",2,-1
8143,[0.40493544 0.8659057 ],2,1,"[0.3445904742281392, 0.8508004104108614]",2,-1
8144,[0.53502618 0.16051849],5,3,"[0.5044907196570393, 0.16230287856274858]",0,0
8145,[0.41235988 0.55497732],9,-1,-1,2,-1
8146,[0.35899788 0.88353543],2,1,"[0.3445904742281392, 0.8508004104108614]",2,-1
8147,[0.71097391 0.63144312],0,4,"[0.7285423500480827, 0.6073851354724864]",3,2
8148,[0.46231945 0.7444609 ],6,-1,-1,2,-1
8149,[0.50388523 0.18116473],5,3,"[0.5044907196570393, 0.16230287856274858]",0,0
8150,[0.73845165 0.38472581],7,6,"[0.7921949837838228, 0.3529120844654886]",4,-1
8151,[0.35415611 0.7154396 ],1,8,"[0.36289448703783916, 0.7073371999105278]",2,-1
8152,[0.84010901 0.45893749],4,2,"[0.8312266673252705, 0.4613441479074099]",4,-1
8153,[0.13026457 0.74790332],8,7,"[0.17089520780330653, 0.7464713359575794]",2,-1
8154,[0.42989375 0.69648758],6,0,"[0.4297636102329726, 0.6357143141723958]",2,10
8155,[0.3202153 0.8494744],2,1,"[0.3445904742281392, 0.8508004104108614]",2,-1
8156,[0.11925732 0.73855081],8,7,"[0.17089520780330653, 0.7464713359575794]",2,-1
8157,[0.77968519 0.43165549],7,2,"[0.8312266673252705, 0.4613441479074099]",4,-1
8158,[0.8850087  0.41810433],4,2,"[0.8312266673252705, 0.4613441479074099]",4,-1
8159,[0.05006219 0.41331369],3,-1,-1,1,1
8160,[0.14734277 0.74822256],8,7,"[0.17089520780330653, 0.7464713359575794]",2,-1
8161,[0.82306783 0.35337004],7,6,"[0.7921949837838228, 0.3529120844654886]",4,-1
8162,[0.16773016 0.39885857],3,5,"[0.12813625889338118, 0.45239712230086515]",1,1
8163,[0.82199551 0.48239895],4,2,"[0.8312266673252705, 0.4613441479074099]",4,7
8164,[0.18362911 0.84086096],8,-1,-1,2,-1
8165,[0.42860074 0.57565813],9,0,"[0.4297636102329726, 0.6357143141723958]",2,-1
8166,[0.73435631 0.54106908],0,4,"[0.7285423500480827, 0.6073851354724864]",3,2
8167,[0.45706348 0.70590764],6,-1,-1,2,10
8168,[0.7202173  0.59861124],0,4,"[0.7285423500480827, 0.6073851354724864]",3,2
8169,[0.12345638 0.41762536],3,5,"[0.12813625889338118, 0.45239712230086515]",1,1
8170,[0.35774769 0.74202957],1,8,"[0.36289448703783916, 0.7073371999105278]",2,-1
8171,[0.80917153 0.5382309 ],4,-1,-1,4,-1
8172,[0.15353753 0.7560944 ],8,7,"[0.17089520780330653, 0.7464713359575794]",2,8
8173,[0.20419269 0.78522333],8,7,"[0.17089520780330653, 0.7464713359575794]",2,-1
8174,[0.40040505 0.60792172],9,0,"[0.4297636102329726, 0.6357143141723958]",2,12
8175,[0.40296932 0.63813912],9,0,"[0.4297636102329726, 0.6357143141723958]",2,-1
8176,[0.8131572  0.46356021],4,2,"[0.8312266673252705, 0.4613441479074099]",4,7
8177,[0.293632   0.69579861],1,9,"[0.2630806751638254, 0.7080875454644293]",2,9
8178,[0.4016901  0.62690013],9,0,"[0.4297636102329726, 0.6357143141723958]",2,-1
8179,[0.80834979 0.45366817],4,2,"[0.8312266673252705, 0.4613441479074099]",4,7
8180,[0.45234464 0.73120982],6,-1,-1,2,-1
8181,[0.23556376 0.7466853 ],8,9,"[0.2630806751638254, 0.7080875454644293]",2,-1
8182,[0.54745604 0.13387127],5,3,"[0.5044907196570393, 0.16230287856274858]",0,0
8183,[0.40650163 0.75593683],6,8,"[0.36289448703783916, 0.7073371999105278]",2,-1
8184,[0.73575197 0.47286626],0,-1,-1,4,-1
8185,[0.46450753 0.2236582 ],5,-1,-1,0,0
8186,[0.17312112 0.76056446],8,7,"[0.17089520780330653, 0.7464713359575794]",2,8
8187,[0.87020615 0.40388776],4,2,"[0.8312266673252705, 0.4613441479074099]",4,-1
8188,[0.40871206 0.6758984 ],6,0,"[0.4297636102329726, 0.6357143141723958]",2,10
8189,[0.78552745 0.33794347],7,6,"[0.7921949837838228, 0.3529120844654886]",4,-1
8190,[0.73406015 0.56994959],0,4,"[0.7285423500480827, 0.6073851354724864]",3,2
8191,[0.82737006 0.35650036],7,6,"[0.7921949837838228, 0.3529120844654886]",4,-1
8192,[0.39037762 0.76642717],2,8,"[0.36289448703783916, 0.7073371999105278]",2,-1
8193,[0.33633487 0.86790528],2,1,"[0.3445904742281392, 0.8508004104108614]",2,-1
8194,[0.43587566 0.15433974],5,3,"[0.5044907196570393, 0.16230287856274858]",0,0
8195,[0.31810787 0.69468748],1,8,"[0.36289448703783916, 0.7073371999105278]",2,9
8196,[0.3965584  0.86383743],2,1,"[0.3445904742281392, 0.8508004104108614]",2,-1
8197,[0.19625352 0.71037107],8,7,"[0.17089520780330653, 0.7464713359575794]",2,-1
8198,[0.17827061 0.51489534],3,-1,-1,1,1
8199,[0.22823414 0.76620008],8,7,"[0.17089520780330653, 0.7464713359575794]",2,-1
8200,[0.0862771  0.45775914],3,5,"[0.12813625889338118, 0.45239712230086515]",1,1
8201,[0.20308655 0.74905039],8,7,"[0.17089520780330653, 0.7464713359575794]",2,8
8202,[0.73973402 0.59517706],0,4,"[0.7285423500480827, 0.6073851354724864]",3,2
8203,[0.76724771 0.64164183],0,4,"[0.7285423500480827, 0.6073851354724864]",3,2
8204,[0.37597459 0.65392751],6,8,"[0.36289448703783916, 0.7073371999105278]",2,-1
8205,[0.54803828 0.16718647],5,3,"[0.5044907196570393, 0.16230287856274858]",0,0
8206,[0.21977246 0.71922984],1,9,"[0.2630806751638254, 0.7080875454644293]",2,-1
8207,[0.14614583 0.45016013],3,5,"[0.12813625889338118, 0.45239712230086515]",1,1
8208,[0.80163705 0.3674656 ],7,6,"[0.7921949837838228, 0.3529120844654886]",4,6
8209,[0.80884542 0.47493722],4,2,"[0.8312266673252705, 0.4613441479074099]",4,7
8210,[0.44962304 0.12427264],5,3,"[0.5044907196570393, 0.16230287856274858]",0,0
8211,[0.75078237 0.32425708],7,6,"[0.7921949837838228, 0.3529120844654886]",4,-1
8212,[0.09551737 0.39264724],3,5,"[0.12813625889338118, 0.45239712230086515]",1,1
8213,[0.59950665 0.17328669],5,-1,-1,0,0
8214,[0.12280237 0.41223231],3,5,"[0.12813625889338118, 0.45239712230086515]",1,1
8215,[0.35236353 0.60826952],9,-1,-1,2,-1
8216,[0.84502599 0.47421592],4,2,"[0.8312266673252705, 0.4613441479074099]",4,-1
8217,[0.4380317  0.66310437],9,0,"[0.4297636102329726, 0.6357143141723958]",2,10
8218,[0.79969298 0.37101255],7,6,"[0.7921949837838228, 0.3529120844654886]",4,6
8219,[0.35022083 0.81965217],2,1,"[0.3445904742281392, 0.8508004104108614]",2,4
8220,[0.3206125  0.66322943],1,8,"[0.36289448703783916, 0.7073371999105278]",2,-1
8221,[0.76850835 0.3451357 ],7,6,"[0.7921949837838228, 0.3529120844654886]",4,-1
8222,[0.76652678 0.66192635],0,4,"[0.7285423500480827, 0.6073851354724864]",3,2
8223,[0.18243901 0.67169489],8,-1,-1,2,-1
8224,[0.77815443 0.41277027],7,6,"[0.7921949837838228, 0.3529120844654886]",4,-1
8225,[0.17392963 0.70282151],8,7,"[0.17089520780330653, 0.7464713359575794]",2,8
8226,[0.50100626 0.15867329],5,3,"[0.5044907196570393, 0.16230287856274858]",0,0
8227,[0.69475057 0.63480758],0,4,"[0.7285423500480827, 0.6073851354724864]",3,2
8228,[0.36337494 0.69448802],6,8,"[0.36289448703783916, 0.7073371999105278]",2,-1
8229,[0.74916287 0.68274191],0,-1,-1,3,2
8230,[0.19450806 0.70480122],8,7,"[0.17089520780330653, 0.7464713359575794]",2,8
8231,[0.42149516 0.70525044],6,8,"[0.36289448703783916, 0.7073371999105278]",2,10
8232,[0.33629612 0.70604165],6,8,"[0.36289448703783916, 0.7073371999105278]",2,9
8233,[0.84278565 0.34738036],4,6,"[0.7921949837838228, 0.3529120844654886]",4,-1
8234,[0.81009286 0.33389645],7,6,"[0.7921949837838228, 0.3529120844654886]",4,-1
8235,[0.491558   0.18579717],5,3,"[0.5044907196570393, 0.16230287856274858]",0,0
8236,[0.34186545 0.8638111 ],2,1,"[0.3445904742281392, 0.8508004104108614]",2,5
8237,[0.4337345  0.72972277],6,-1,-1,2,-1
8238,[0.45203283 0.61497193],9,0,"[0.4297636102329726, 0.6357143141723958]",2,-1
8239,[0.32982382 0.81935342],2,1,"[0.3445904742281392, 0.8508004104108614]",2,-1
8240,[0.74207712 0.35655624],7,6,"[0.7921949837838228, 0.3529120844654886]",4,-1
8241,[0.86100711 0.40021398],4,2,"[0.8312266673252705, 0.4613441479074099]",4,-1
8242,[0.80095488 0.38195316],7,6,"[0.7921949837838228, 0.3529120844654886]",4,6
8243,[0.35850643 0.85802239],2,1,"[0.3445904742281392, 0.8508004104108614]",2,5
8244,[0.80974726 0.39076692],7,6,"[0.7921949837838228, 0.3529120844654886]",4,6
8245,[0.83678978 0.49429516],4,2,"[0.8312266673252705, 0.4613441479074099]",4,-1
8246,[0.47872674 0.1639003 ],5,3,"[0.5044907196570393, 0.16230287856274858]",0,0
8247,[0.49737672 0.76436291],6,-1,-1,2,-1
8248,[0.3271086  0.70490054],1,8,"[0.36289448703783916, 0.7073371999105278]",2,9
8249,[0.41024788 0.66524214],9,0,"[0.4297636102329726, 0.6357143141723958]",2,10
8250,[0.71597103 0.68349771],0,-1,-1,3,2
8251,[0.28550458 0.7243037 ],1,9,"[0.2630806751638254, 0.7080875454644293]",2,9
8252,[0.51358218 0.16174673],5,3,"[0.5044907196570393, 0.16230287856274858]",0,0
8253,[0.30817163 0.6470984 ],1,-1,-1,2,-1
8254,[0.19143984 0.72888789],1,7,"[0.17089520780330653, 0.7464713359575794]",2,8
8255,[0.12905523 0.45453204],3,5,"[0.12813625889338118, 0.45239712230086515]",1,1
8256,[0.71715641 0.40153758],4,-1,-1,4,-1
8257,[0.81949253 0.49849798],4,2,"[0.8312266673252705, 0.4613441479074099]",4,-1
8258,[0.11618182 0.69488002],8,-1,-1,2,-1
8259,[0.50932125 0.19527875],5,3,"[0.5044907196570393, 0.16230287856274858]",0,0
8260,[0.28035667 0.86112725],2,1,"[0.3445904742281392, 0.8508004104108614]",2,-1
8261,[0.10441324 0.35484395],3,-1,-1,1,1
8262,[0.16432205 0.75093722],8,7,"[0.17089520780330653, 0.7464713359575794]",2,8
8263,[0.44328018 0.65504766],9,0,"[0.4297636102329726, 0.6357143141723958]",2,10
8264,[0.39458096 0.85352873],2,1,"[0.3445904742281392, 0.8508004104108614]",2,-1
8265,[0.21246523 0.80408644],8,-1,-1,2,-1
8266,[0.4937289  0.61078244],9,0,"[0.4297636102329726, 0.6357143141723958]",2,-1
8267,[0.71868937 0.59622207],0,4,"[0.7285423500480827, 0.6073851354724864]",3,2
8268,[0.66733325 0.6243997 ],0,4,"[0.7285423500480827, 0.6073851354724864]",3,2
8269,[0.34402911 0.78379006],2,1,"[0.3445904742281392, 0.8508004104108614]",2,-1
8270,[0.72644344 0.30718568],7,-1,-1,4,-1
8271,[0.11925063 0.4443019 ],3,5,"[0.12813625889338118, 0.45239712230086515]",1,1
8272,[0.41741609 0.68163032],6,0,"[0.4297636102329726, 0.6357143141723958]",2,10
8273,[0.84784297 0.56762869],4,-1,-1,4,-1
8274,[0.22372797 0.43974547],3,-1,-1,1,1
8275,[0.47558289 0.75838986],6,-1,-1,2,-1
8276,[0.21188726 0.38648795],3,-1,-1,1,1
8277,[0.75961838 0.39740446],7,6,"[0.7921949837838228, 0.3529120844654886]",4,-1
8278,[0.86636492 0.45287156],4,2,"[0.8312266673252705, 0.4613441479074099]",4,-1
8279,[0.4831541  0.58571616],9,-1,-1,2,-1
8280,[0.30572375 0.61954405],9,-1,-1,2,-1
8281,[0.15395544 0.44735907],3,5,"[0.12813625889338118, 0.45239712230086515]",1,1
8282,[0.77218244 0.43986584],4,2,"[0.8312266673252705, 0.4613441479074099]",4,-1
8283,[0.41338024 0.74755864],6,8,"[0.36289448703783916, 0.7073371999105278]",2,-1
8284,[0.66918317 0.55379955],0,-1,-1,3,2
8285,[0.8066113  0.60111552],0,-1,-1,3,2
8286,[0.71906303 0.61910624],0,4,"[0.7285423500480827, 0.6073851354724864]",3,2
8287,[0.3496455  0.63567333],1,-1,-1,2,-1
8288,[0.50188158 0.07969571],5,-1,-1,0,0
8289,[0.71452873 0.35423565],7,-1,-1,4,-1
8290,[0.45401627 0.68269347],6,0,"[0.4297636102329726, 0.6357143141723958]",2,-1
8291,[0.15468479 0.78456031],8,7,"[0.17089520780330653, 0.7464713359575794]",2,-1
8292,[0.77063303 0.41782177],7,6,"[0.7921949837838228, 0.3529120844654886]",4,-1
8293,[0.72912675 0.61666779],0,4,"[0.7285423500480827, 0.6073851354724864]",3,2
8294,[0.76022341 0.60578954],0,4,"[0.7285423500480827, 0.6073851354724864]",3,2
8295,[0.44297428 0.80135694],2,-1,-1,2,-1
8296,[0.84878151 0.52797859],4,2,"[0.8312266673252705, 0.4613441479074099]",4,-1
8297,[0.31952826 0.71332596],1,8,"[0.36289448703783916, 0.7073371999105278]",2,9
8298,[0.46000448 0.73316506],6,-1,-1,2,-1
8299,[0.11979158 0.45161877],3,5,"[0.12813625889338118, 0.45239712230086515]",1,1
8300,[0.25163053 0.73556053],1,9,"[0.2630806751638254, 0.7080875454644293]",2,-1
8301,[0.37159523 0.68240436],6,8,"[0.36289448703783916, 0.7073371999105278]",2,-1
8302,[0.8178331  0.42284478],4,2,"[0.8312266673252705, 0.4613441479074099]",4,7
8303,[0.26215434 0.75541687],1,9,"[0.2630806751638254, 0.7080875454644293]",2,-1
8304,[0.33967264 0.68460022],1,8,"[0.36289448703783916, 0.7073371999105278]",2,-1
8305,[0.25799889 0.70050381],1,9,"[0.2630806751638254, 0.7080875454644293]",2,-1
8306,[0.56307223 0.22443644],5,-1,-1,0,0
8307,[0.3510514  0.90076267],2,1,"[0.3445904742281392, 0.8508004104108614]",2,-1
8308,[0.4595178  0.66401601],6,0,"[0.4297636102329726, 0.6357143141723958]",2,-1
8309,[0.15633583 0.39600852],3,5,"[0.12813625889338118, 0.45239712230086515]",1,1
8310,[0.12444577 0.46370122],3,5,"[0.12813625889338118, 0.45239712230086515]",1,1
8311,[0.7197003 0.6028538],0,4,"[0.7285423500480827, 0.6073851354724864]",3,2
8312,[0.91793817 0.5369061 ],4,-1,-1,4,-1
8313,[0.82177983 0.27420616],7,-1,-1,4,-1
8314,[0.79403725 0.35743638],7,6,"[0.7921949837838228, 0.3529120844654886]",4,6
8315,[0.19446179 0.81167384],8,7,"[0.17089520780330653, 0.7464713359575794]",2,-1
8316,[0.71401267 0.36881003],7,-1,-1,4,-1
8317,[0.16534861 0.41443473],3,5,"[0.12813625889338118, 0.45239712230086515]",1,1
8318,[0.50284342 0.10645314],5,3,"[0.5044907196570393, 0.16230287856274858]",0,0
8319,[0.29470308 0.83269746],2,1,"[0.3445904742281392, 0.8508004104108614]",2,-1
8320,[0.39483204 0.62828865],6,0,"[0.4297636102329726, 0.6357143141723958]",2,-1
8321,[0.78922062 0.46074454],4,2,"[0.8312266673252705, 0.4613441479074099]",4,-1
8322,[0.26018673 0.70204727],1,9,"[0.2630806751638254, 0.7080875454644293]",2,9
8323,[0.73189391 0.59507982],0,4,"[0.7285423500480827, 0.6073851354724864]",3,2
8324,[0.4139223  0.80614203],6,-1,-1,2,-1
8325,[0.55169191 0.18748015],5,3,"[0.5044907196570393, 0.16230287856274858]",0,0
8326,[0.35630293 0.6719606 ],6,8,"[0.36289448703783916, 0.7073371999105278]",2,-1
8327,[0.42348823 0.62517497],9,0,"[0.4297636102329726, 0.6357143141723958]",2,-1
8328,[0.76976602 0.5564738 ],0,4,"[0.7285423500480827, 0.6073851354724864]",3,2
8329,[0.69668021 0.37092668],7,-1,-1,4,-1
8330,[0.28126929 0.84259091],2,1,"[0.3445904742281392, 0.8508004104108614]",2,-1
8331,[0.73018655 0.54037924],0,4,"[0.7285423500480827, 0.6073851354724864]",3,2
8332,[0.86366119 0.42599227],4,2,"[0.8312266673252705, 0.4613441479074099]",4,-1
8333,[0.71905092 0.58490302],0,4,"[0.7285423500480827, 0.6073851354724864]",3,2
8334,[0.47476176 0.67633277],6,0,"[0.4297636102329726, 0.6357143141723958]",2,-1
8335,[0.28073273 0.67231323],1,9,"[0.2630806751638254, 0.7080875454644293]",2,-1
8336,[0.71812014 0.45157325],4,-1,-1,-1,-1
8337,[0.46247866 0.62299208],9,0,"[0.4297636102329726, 0.6357143141723958]",2,-1
8338,[0.77785025 0.50695332],4,-1,-1,4,-1
8339,[0.05258872 0.53439147],3,-1,-1,1,1
8340,[0.38170591 0.91086898],2,-1,-1,2,-1
8341,[0.18747532 0.76561219],8,7,"[0.17089520780330653, 0.7464713359575794]",2,8
8342,[0.38856078 0.85887657],2,1,"[0.3445904742281392, 0.8508004104108614]",2,-1
8343,[0.38189111 0.58591049],9,0,"[0.4297636102329726, 0.6357143141723958]",2,-1
8344,[0.12002838 0.77237557],8,7,"[0.17089520780330653, 0.7464713359575794]",2,-1
8345,[0.80756981 0.48081242],4,2,"[0.8312266673252705, 0.4613441479074099]",4,-1
8346,[0.79754693 0.51559074],4,2,"[0.8312266673252705, 0.4613441479074099]",4,-1
8347,[0.34172513 0.78521322],2,1,"[0.3445904742281392, 0.8508004104108614]",2,-1
8348,[0.08902319 0.42919962],3,5,"[0.12813625889338118, 0.45239712230086515]",1,1
8349,[0.8062926  0.36399414],7,6,"[0.7921949837838228, 0.3529120844654886]",4,6
8350,[0.67316602 0.66848143],0,-1,-1,3,2
8351,[0.36095992 0.78493973],2,1,"[0.3445904742281392, 0.8508004104108614]",2,-1
8352,[0.41907102 0.69943487],6,8,"[0.36289448703783916, 0.7073371999105278]",2,10
8353,[0.46361795 0.10726427],5,3,"[0.5044907196570393, 0.16230287856274858]",0,0
8354,[0.48625157 0.1711706 ],5,3,"[0.5044907196570393, 0.16230287856274858]",0,0
8355,[0.38830962 0.70067582],6,8,"[0.36289448703783916, 0.7073371999105278]",2,-1
8356,[0.75443111 0.64592333],0,4,"[0.7285423500480827, 0.6073851354724864]",3,2
8357,[0.4498224  0.60706224],6,0,"[0.4297636102329726, 0.6357143141723958]",2,-1
8358,[0.41767485 0.6029006 ],9,0,"[0.4297636102329726, 0.6357143141723958]",2,-1
8359,[0.15636712 0.42581337],3,5,"[0.12813625889338118, 0.45239712230086515]",1,1
8360,[0.79627052 0.34469434],7,6,"[0.7921949837838228, 0.3529120844654886]",4,6
8361,[0.5411443 0.1795841],5,3,"[0.5044907196570393, 0.16230287856274858]",0,0
8362,[0.38149731 0.84101669],2,1,"[0.3445904742281392, 0.8508004104108614]",2,-1
8363,[0.51537708 0.16063495],5,3,"[0.5044907196570393, 0.16230287856274858]",0,0
8364,[0.1995329  0.81819895],8,-1,-1,2,-1
8365,[0.67507238 0.67845885],0,-1,-1,3,2
8366,[0.81566077 0.36788704],7,6,"[0.7921949837838228, 0.3529120844654886]",4,-1
8367,[0.34622613 0.93622654],2,-1,-1,2,-1
8368,[0.80920826 0.56028129],0,-1,-1,3,2
8369,[0.84379149 0.42433565],4,2,"[0.8312266673252705, 0.4613441479074099]",4,-1
8370,[0.84646212 0.30250568],7,-1,-1,4,-1
8371,[0.26547509 0.66966394],1,9,"[0.2630806751638254, 0.7080875454644293]",2,-1
8372,[0.49396224 0.09918317],5,3,"[0.5044907196570393, 0.16230287856274858]",0,0
8373,[0.54800706 0.16223779],5,3,"[0.5044907196570393, 0.16230287856274858]",0,0
8374,[0.36265624 0.63096957],6,0,"[0.4297636102329726, 0.6357143141723958]",2,-1
8375,[0.1927678  0.76038732],8,7,"[0.17089520780330653, 0.7464713359575794]",2,8
8376,[0.84159514 0.45204046],4,2,"[0.8312266673252705, 0.4613441479074099]",4,-1
8377,[0.21665829 0.67704879],8,9,"[0.2630806751638254, 0.7080875454644293]",2,-1
8378,[0.14641111 0.43319693],3,5,"[0.12813625889338118, 0.45239712230086515]",1,1
8379,[0.53369371 0.16064319],5,3,"[0.5044907196570393, 0.16230287856274858]",0,0
8380,[0.35187055 0.77134685],2,8,"[0.36289448703783916, 0.7073371999105278]",2,-1
8381,[0.86739179 0.47583453],4,2,"[0.8312266673252705, 0.4613441479074099]",4,-1
8382,[0.29032538 0.67478178],1,9,"[0.2630806751638254, 0.7080875454644293]",2,9
8383,[0.16408726 0.76228617],8,7,"[0.17089520780330653, 0.7464713359575794]",2,8
8384,[0.83891404 0.43786501],4,2,"[0.8312266673252705, 0.4613441479074099]",4,-1
8385,[0.28720264 0.73919906],1,9,"[0.2630806751638254, 0.7080875454644293]",2,-1
8386,[0.90711432 0.45948579],4,-1,-1,4,-1
8387,[0.35517452 0.66182586],1,8,"[0.36289448703783916, 0.7073371999105278]",2,-1
8388,[0.81032712 0.50425186],4,2,"[0.8312266673252705, 0.4613441479074099]",4,-1
8389,[0.44191793 0.1383466 ],5,3,"[0.5044907196570393, 0.16230287856274858]",0,0
8390,[0.15949896 0.41819586],3,5,"[0.12813625889338118, 0.45239712230086515]",1,1
8391,[0.20701241 0.75955774],8,7,"[0.17089520780330653, 0.7464713359575794]",2,-1
8392,[0.69275539 0.62254254],0,4,"[0.7285423500480827, 0.6073851354724864]",3,2
8393,[0.70439725 0.58664368],0,4,"[0.7285423500480827, 0.6073851354724864]",3,2
8394,[0.36731174 0.90497398],2,1,"[0.3445904742281392, 0.8508004104108614]",2,-1
8395,[0.58361017 0.15582842],5,-1,-1,0,0
8396,[0.48059733 0.15616137],5,3,"[0.5044907196570393, 0.16230287856274858]",0,0
8397,[0.8326345  0.59397327],0,-1,-1,3,2
8398,[0.85002037 0.4400544 ],4,2,"[0.8312266673252705, 0.4613441479074099]",4,-1
8399,[0.17998531 0.72856664],8,7,"[0.17089520780330653, 0.7464713359575794]",2,8
8400,[0.34603096 0.86809981],2,1,"[0.3445904742281392, 0.8508004104108614]",2,-1
8401,[0.44143253 0.56718626],9,0,"[0.4297636102329726, 0.6357143141723958]",2,11
8402,[0.52850773 0.16456879],5,3,"[0.5044907196570393, 0.16230287856274858]",0,0
8403,[0.76367954 0.59214772],0,4,"[0.7285423500480827, 0.6073851354724864]",3,2
8404,[0.45048348 0.2071207 ],5,-1,-1,0,0
8405,[0.67736058 0.58735109],0,4,"[0.7285423500480827, 0.6073851354724864]",3,2
8406,[0.36773659 0.62994074],9,0,"[0.4297636102329726, 0.6357143141723958]",2,-1
8407,[0.67389142 0.54155526],0,-1,-1,3,2
8408,[0.40558103 0.6237195 ],6,0,"[0.4297636102329726, 0.6357143141723958]",2,-1
8409,[0.74306128 0.61611835],0,4,"[0.7285423500480827, 0.6073851354724864]",3,2
8410,[0.87053654 0.47100958],4,2,"[0.8312266673252705, 0.4613441479074099]",4,-1
8411,[0.15967534 0.5219381 ],3,-1,-1,1,1
8412,[0.13045272 0.43335848],3,5,"[0.12813625889338118, 0.45239712230086515]",1,1
8413,[0.13676915 0.73534728],8,7,"[0.17089520780330653, 0.7464713359575794]",2,-1
8414,[0.24370185 0.72545025],1,9,"[0.2630806751638254, 0.7080875454644293]",2,-1
8415,[0.29627332 0.66223557],1,9,"[0.2630806751638254, 0.7080875454644293]",2,-1
8416,[0.72278196 0.68130153],0,-1,-1,3,2
8417,[0.36799137 0.58520292],9,-1,-1,2,-1
8418,[0.1977569  0.69351768],8,7,"[0.17089520780330653, 0.7464713359575794]",2,-1
8419,[0.06458488 0.43210081],3,5,"[0.12813625889338118, 0.45239712230086515]",1,1
8420,[0.41799939 0.58094253],9,0,"[0.4297636102329726, 0.6357143141723958]",2,11
8421,[0.29200618 0.72880195],1,9,"[0.2630806751638254, 0.7080875454644293]",2,9
8422,[0.29261479 0.87906699],2,1,"[0.3445904742281392, 0.8508004104108614]",2,-1
8423,[0.11867032 0.47191898],3,5,"[0.12813625889338118, 0.45239712230086515]",1,1
8424,[0.71809555 0.61492098],0,4,"[0.7285423500480827, 0.6073851354724864]",3,2
8425,[0.8690301  0.40806314],4,2,"[0.8312266673252705, 0.4613441479074099]",4,-1
8426,[0.40995851 0.69720503],6,8,"[0.36289448703783916, 0.7073371999105278]",2,10
8427,[0.43569512 0.6385242 ],6,0,"[0.4297636102329726, 0.6357143141723958]",2,-1
8428,[0.3754258  0.59266352],9,0,"[0.4297636102329726, 0.6357143141723958]",2,-1
8429,[0.5475104  0.18965235],5,3,"[0.5044907196570393, 0.16230287856274858]",0,0
8430,[0.1302557  0.50647338],3,5,"[0.12813625889338118, 0.45239712230086515]",1,1
8431,[0.80748245 0.40764278],4,6,"[0.7921949837838228, 0.3529120844654886]",4,-1
8432,[0.34494486 0.7994816 ],2,1,"[0.3445904742281392, 0.8508004104108614]",2,-1
8433,[0.55186545 0.16057284],5,3,"[0.5044907196570393, 0.16230287856274858]",0,0
8434,[0.38954143 0.85497501],2,1,"[0.3445904742281392, 0.8508004104108614]",2,-1
8435,[0.4074475  0.68167419],9,0,"[0.4297636102329726, 0.6357143141723958]",2,10
8436,[0.36138898 0.7422945 ],1,8,"[0.36289448703783916, 0.7073371999105278]",2,-1
8437,[0.76321491 0.44431613],4,-1,-1,4,-1
8438,[0.79840743 0.40351936],7,6,"[0.7921949837838228, 0.3529120844654886]",4,-1
8439,[0.13305136 0.41990452],3,5,"[0.12813625889338118, 0.45239712230086515]",1,1
8440,[0.13960691 0.42354837],3,5,"[0.12813625889338118, 0.45239712230086515]",1,1
8441,[0.49828249 0.15073233],5,3,"[0.5044907196570393, 0.16230287856274858]",0,0
8442,[0.7054076  0.54279747],0,4,"[0.7285423500480827, 0.6073851354724864]",3,2
8443,[0.2781511  0.85492682],2,1,"[0.3445904742281392, 0.8508004104108614]",2,-1
8444,[0.36456257 0.79155981],2,1,"[0.3445904742281392, 0.8508004104108614]",2,-1
8445,[0.45104858 0.57390054],9,0,"[0.4297636102329726, 0.6357143141723958]",2,-1
8446,[0.41888649 0.63086873],9,0,"[0.4297636102329726, 0.6357143141723958]",2,-1
8447,[0.80139476 0.63961601],0,-1,-1,3,2
8448,[0.30674971 0.75269581],2,9,"[0.2630806751638254, 0.7080875454644293]",2,-1
8449,[0.50260245 0.17633746],5,3,"[0.5044907196570393, 0.16230287856274858]",0,0
8450,[0.49649885 0.17045578],5,3,"[0.5044907196570393, 0.16230287856274858]",0,0
8451,[0.77905668 0.33814303],7,6,"[0.7921949837838228, 0.3529120844654886]",4,-1
8452,[0.36408714 0.87071964],2,1,"[0.3445904742281392, 0.8508004104108614]",2,-1
8453,[0.78837517 0.42085755],7,2,"[0.8312266673252705, 0.4613441479074099]",4,-1
8454,[0.86454405 0.40584604],4,2,"[0.8312266673252705, 0.4613441479074099]",4,-1
8455,[0.33488798 0.69929134],1,8,"[0.36289448703783916, 0.7073371999105278]",2,9
8456,[0.45252883 0.16036705],5,3,"[0.5044907196570393, 0.16230287856274858]",0,0
8457,[0.10459657 0.48345063],3,5,"[0.12813625889338118, 0.45239712230086515]",1,1
8458,[0.80551533 0.43564067],7,2,"[0.8312266673252705, 0.4613441479074099]",4,7
8459,[0.69867056 0.54733978],0,4,"[0.7285423500480827, 0.6073851354724864]",3,2
8460,[0.39129837 0.85993589],2,1,"[0.3445904742281392, 0.8508004104108614]",2,-1
8461,[0.27797263 0.6866949 ],1,9,"[0.2630806751638254, 0.7080875454644293]",2,9
8462,[0.3975028 0.6661574],9,0,"[0.4297636102329726, 0.6357143141723958]",2,-1
8463,[0.18664119 0.83516516],8,-1,-1,2,-1
8464,[0.85444386 0.44891936],4,2,"[0.8312266673252705, 0.4613441479074099]",4,-1
8465,[0.49072097 0.16413823],5,3,"[0.5044907196570393, 0.16230287856274858]",0,0
8466,[0.30460942 0.84051358],2,1,"[0.3445904742281392, 0.8508004104108614]",2,-1
8467,[0.67507587 0.67056699],0,-1,-1,3,2
8468,[0.30120021 0.85456368],2,1,"[0.3445904742281392, 0.8508004104108614]",2,-1
8469,[0.30677775 0.71649728],1,9,"[0.2630806751638254, 0.7080875454644293]",2,9
8470,[0.39186401 0.57300951],9,-1,-1,2,-1
8471,[0.47824057 0.08410612],5,-1,-1,0,0
8472,[0.08028215 0.48095521],3,5,"[0.12813625889338118, 0.45239712230086515]",1,1
8473,[0.38764188 0.57850131],9,-1,-1,2,-1
8474,[0.06483855 0.46853581],3,5,"[0.12813625889338118, 0.45239712230086515]",1,1
8475,[0.27134292 0.70947669],1,9,"[0.2630806751638254, 0.7080875454644293]",2,9
8476,[0.44995731 0.59338067],9,0,"[0.4297636102329726, 0.6357143141723958]",2,11
8477,[0.35832107 0.84777748],2,1,"[0.3445904742281392, 0.8508004104108614]",2,5
8478,[0.15995568 0.73249486],8,7,"[0.17089520780330653, 0.7464713359575794]",2,8
8479,[0.11029915 0.47659583],3,5,"[0.12813625889338118, 0.45239712230086515]",1,1
8480,[0.70379778 0.55627676],0,4,"[0.7285423500480827, 0.6073851354724864]",3,2
8481,[0.78986611 0.38948027],7,6,"[0.7921949837838228, 0.3529120844654886]",4,6
8482,[0.42862633 0.64691939],6,0,"[0.4297636102329726, 0.6357143141723958]",2,-1
8483,[0.70393162 0.56034653],0,4,"[0.7285423500480827, 0.6073851354724864]",3,2
8484,[0.42245371 0.61344343],9,0,"[0.4297636102329726, 0.6357143141723958]",2,13
8485,[0.31762268 0.91220256],2,1,"[0.3445904742281392, 0.8508004104108614]",2,-1
8486,[0.43319876 0.70062361],6,0,"[0.4297636102329726, 0.6357143141723958]",2,10
8487,[0.59606665 0.03206107],5,-1,-1,0,0
8488,[0.50592406 0.20473395],5,3,"[0.5044907196570393, 0.16230287856274858]",0,0
8489,[0.38145657 0.63411412],9,0,"[0.4297636102329726, 0.6357143141723958]",2,-1
8490,[0.38992472 0.71544716],6,8,"[0.36289448703783916, 0.7073371999105278]",2,-1
8491,[0.28272678 0.75014522],1,9,"[0.2630806751638254, 0.7080875454644293]",2,-1
8492,[0.32134146 0.93672484],2,-1,-1,2,-1
8493,[0.43834936 0.82950308],2,-1,-1,2,-1
8494,[0.4510819  0.64049458],9,0,"[0.4297636102329726, 0.6357143141723958]",2,-1
8495,[0.8397421 0.6465395],0,-1,-1,-1,2
8496,[0.11457766 0.50114348],3,5,"[0.12813625889338118, 0.45239712230086515]",1,1
8497,[0.59707972 0.12362114],5,-1,-1,0,0
8498,[0.76815854 0.58444257],0,4,"[0.7285423500480827, 0.6073851354724864]",3,2
8499,[0.50279001 0.1659202 ],5,3,"[0.5044907196570393, 0.16230287856274858]",0,0
8500,[0.38577131 0.55526574],9,-1,-1,2,-1
8501,[0.42037442 0.64992613],6,0,"[0.4297636102329726, 0.6357143141723958]",2,-1
8502,[0.2825508  0.83509872],2,1,"[0.3445904742281392, 0.8508004104108614]",2,-1
8503,[0.21729543 0.78898975],8,7,"[0.17089520780330653, 0.7464713359575794]",2,-1
8504,[0.44708356 0.60353852],9,0,"[0.4297636102329726, 0.6357143141723958]",2,-1
8505,[0.40666413 0.73637341],6,8,"[0.36289448703783916, 0.7073371999105278]",2,-1
8506,[0.69436157 0.57634206],0,4,"[0.7285423500480827, 0.6073851354724864]",3,2
8507,[0.706466   0.62399911],0,4,"[0.7285423500480827, 0.6073851354724864]",3,2
8508,[0.2026621  0.74120787],8,7,"[0.17089520780330653, 0.7464713359575794]",2,8
8509,[0.34659453 0.58550137],9,-1,-1,2,-1
8510,[0.24423501 0.71730219],8,9,"[0.2630806751638254, 0.7080875454644293]",2,-1
8511,[0.30097122 0.67620876],1,9,"[0.2630806751638254, 0.7080875454644293]",2,9
8512,[0.7016075  0.52740738],0,-1,-1,3,2
8513,[0.69299055 0.57229172],0,4,"[0.7285423500480827, 0.6073851354724864]",3,2
8514,[0.44358725 0.09468502],5,-1,-1,0,0
8515,[0.76630244 0.36210535],7,6,"[0.7921949837838228, 0.3529120844654886]",4,-1
8516,[0.8005413  0.34291297],7,6,"[0.7921949837838228, 0.3529120844654886]",4,-1
8517,[0.4409813  0.59110389],9,0,"[0.4297636102329726, 0.6357143141723958]",2,11
8518,[0.79943515 0.38801389],7,6,"[0.7921949837838228, 0.3529120844654886]",4,6
8519,[0.43656044 0.76485182],1,-1,-1,2,-1
8520,[0.67332845 0.6522082 ],0,-1,-1,3,2
8521,[0.88355956 0.33352696],7,-1,-1,4,-1
8522,[0.72090543 0.59430259],0,4,"[0.7285423500480827, 0.6073851354724864]",3,2
8523,[0.17007062 0.43534501],3,5,"[0.12813625889338118, 0.45239712230086515]",1,1
8524,[0.50237721 0.15616809],5,3,"[0.5044907196570393, 0.16230287856274858]",0,0
8525,[0.28270046 0.67518711],1,9,"[0.2630806751638254, 0.7080875454644293]",2,9
8526,[0.43369248 0.87287242],2,-1,-1,2,-1
8527,[0.46635516 0.10780989],5,3,"[0.5044907196570393, 0.16230287856274858]",0,0
8528,[0.21952039 0.77677024],8,7,"[0.17089520780330653, 0.7464713359575794]",2,-1
8529,[0.72530639 0.64676753],0,4,"[0.7285423500480827, 0.6073851354724864]",3,2
8530,[0.38808065 0.61736443],9,0,"[0.4297636102329726, 0.6357143141723958]",2,12
8531,[0.28160514 0.83992933],2,1,"[0.3445904742281392, 0.8508004104108614]",2,-1
8532,[0.91292785 0.42901691],4,-1,-1,4,-1
8533,[0.12150069 0.74103661],8,7,"[0.17089520780330653, 0.7464713359575794]",2,-1
8534,[0.4533367 0.5170014],9,-1,-1,2,-1
8535,[0.31785256 0.76395981],1,-1,-1,2,-1
8536,[0.16890923 0.75751648],8,7,"[0.17089520780330653, 0.7464713359575794]",2,8
8537,[0.88268038 0.34066205],7,-1,-1,4,-1
8538,[0.38039874 0.63488682],9,0,"[0.4297636102329726, 0.6357143141723958]",2,-1
8539,[0.39430472 0.70346851],6,8,"[0.36289448703783916, 0.7073371999105278]",2,-1
8540,[0.78725582 0.35079206],7,6,"[0.7921949837838228, 0.3529120844654886]",4,6
8541,[0.26675022 0.72132659],1,9,"[0.2630806751638254, 0.7080875454644293]",2,9
8542,[0.41713596 0.72261495],6,8,"[0.36289448703783916, 0.7073371999105278]",2,10
8543,[0.8185283  0.48714312],4,2,"[0.8312266673252705, 0.4613441479074099]",4,7
8544,[0.29452632 0.70878855],1,9,"[0.2630806751638254, 0.7080875454644293]",2,9
8545,[0.74170917 0.3950915 ],7,6,"[0.7921949837838228, 0.3529120844654886]",4,-1
8546,[0.53614446 0.14438656],5,3,"[0.5044907196570393, 0.16230287856274858]",0,0
8547,[0.28781585 0.71852726],1,9,"[0.2630806751638254, 0.7080875454644293]",2,9
8548,[0.16072737 0.77086278],8,7,"[0.17089520780330653, 0.7464713359575794]",2,8
8549,[0.30995913 0.70333915],1,9,"[0.2630806751638254, 0.7080875454644293]",2,9
8550,[0.80380813 0.38807088],7,6,"[0.7921949837838228, 0.3529120844654886]",4,6
8551,[0.49556991 0.76686261],6,-1,-1,2,-1
8552,[0.35605659 0.85130607],2,1,"[0.3445904742281392, 0.8508004104108614]",2,5
8553,[0.65806659 0.59918537],0,-1,-1,3,2
8554,[0.15490821 0.8371346 ],8,-1,-1,2,-1
8555,[0.71807195 0.60800672],0,4,"[0.7285423500480827, 0.6073851354724864]",3,2
8556,[0.74957508 0.55591734],0,4,"[0.7285423500480827, 0.6073851354724864]",3,2
8557,[0.78052192 0.49868547],4,2,"[0.8312266673252705, 0.4613441479074099]",4,-1
8558,[0.82344708 0.48353141],4,2,"[0.8312266673252705, 0.4613441479074099]",4,7
8559,[0.42804777 0.74764029],6,-1,-1,2,-1
8560,[0.41036494 0.92339859],2,-1,-1,2,-1
8561,[0.81643812 0.35953832],7,6,"[0.7921949837838228, 0.3529120844654886]",4,6
8562,[0.45414703 0.72238213],6,-1,-1,2,10
8563,[0.76933338 0.61880858],0,4,"[0.7285423500480827, 0.6073851354724864]",3,2
8564,[0.21578064 0.67707251],1,9,"[0.2630806751638254, 0.7080875454644293]",2,-1
8565,[0.38351824 0.88188706],2,1,"[0.3445904742281392, 0.8508004104108614]",2,-1
8566,[0.31405682 0.87394852],2,1,"[0.3445904742281392, 0.8508004104108614]",2,-1
8567,[0.70078297 0.6264531 ],0,4,"[0.7285423500480827, 0.6073851354724864]",3,2
8568,[0.28014452 0.8019223 ],1,-1,-1,2,-1
8569,[0.79608164 0.58626453],0,-1,-1,3,2
8570,[0.34085021 0.81450506],2,1,"[0.3445904742281392, 0.8508004104108614]",2,-1
8571,[0.82785082 0.64783126],0,-1,-1,-1,2
8572,[0.73942359 0.6025004 ],0,4,"[0.7285423500480827, 0.6073851354724864]",3,2
8573,[0.15028913 0.44434759],3,5,"[0.12813625889338118, 0.45239712230086515]",1,1
8574,[0.18980774 0.53728568],3,-1,-1,1,1
8575,[0.25772614 0.67061037],1,9,"[0.2630806751638254, 0.7080875454644293]",2,-1
8576,[0.80313529 0.42434051],4,2,"[0.8312266673252705, 0.4613441479074099]",4,-1
8577,[0.91659652 0.4574445 ],4,-1,-1,4,-1
8578,[0.73264574 0.62765092],0,4,"[0.7285423500480827, 0.6073851354724864]",3,2
8579,[0.66979871 0.59970697],0,4,"[0.7285423500480827, 0.6073851354724864]",3,2
8580,[0.52001338 0.68144477],6,-1,-1,2,-1
8581,[0.480096  0.1685874],5,3,"[0.5044907196570393, 0.16230287856274858]",0,0
8582,[0.22635036 0.74846644],8,9,"[0.2630806751638254, 0.7080875454644293]",2,-1
8583,[0.22693888 0.69846894],1,9,"[0.2630806751638254, 0.7080875454644293]",2,-1
8584,[0.35639373 0.78781792],2,1,"[0.3445904742281392, 0.8508004104108614]",2,-1
8585,[0.36790016 0.77433328],2,8,"[0.36289448703783916, 0.7073371999105278]",2,-1
8586,[0.46011625 0.5581225 ],9,-1,-1,2,-1
8587,[0.48959718 0.6304037 ],9,0,"[0.4297636102329726, 0.6357143141723958]",2,-1
8588,[0.43394564 0.73453305],6,-1,-1,2,-1
8589,[0.40203675 0.88067933],2,1,"[0.3445904742281392, 0.8508004104108614]",2,-1
8590,[0.74829459 0.33927417],7,6,"[0.7921949837838228, 0.3529120844654886]",4,-1
8591,[0.80154728 0.42118866],4,2,"[0.8312266673252705, 0.4613441479074099]",4,-1
8592,[0.82659004 0.46390677],4,2,"[0.8312266673252705, 0.4613441479074099]",4,7
8593,[0.15112839 0.50089063],3,5,"[0.12813625889338118, 0.45239712230086515]",1,1
8594,[0.7301366 0.6551539],0,4,"[0.7285423500480827, 0.6073851354724864]",3,2
8595,[0.57153799 0.25445441],5,-1,-1,0,0
8596,[0.80666316 0.46833069],4,2,"[0.8312266673252705, 0.4613441479074099]",4,7
8597,[0.15294863 0.70140782],8,7,"[0.17089520780330653, 0.7464713359575794]",2,-1
8598,[0.81423766 0.36188992],7,6,"[0.7921949837838228, 0.3529120844654886]",4,6
8599,[0.32360493 0.65702609],1,8,"[0.36289448703783916, 0.7073371999105278]",2,-1
8600,[0.78772761 0.56338494],0,-1,-1,3,2
8601,[0.12967247 0.44536304],3,5,"[0.12813625889338118, 0.45239712230086515]",1,1
8602,[0.2974604  0.73199313],1,9,"[0.2630806751638254, 0.7080875454644293]",2,9
8603,[0.73372024 0.58983005],0,4,"[0.7285423500480827, 0.6073851354724864]",3,2
8604,[0.31705084 0.69796695],1,8,"[0.36289448703783916, 0.7073371999105278]",2,9
8605,[0.23817651 0.70751288],8,9,"[0.2630806751638254, 0.7080875454644293]",2,-1
8606,[0.29597407 0.71674306],1,9,"[0.2630806751638254, 0.7080875454644293]",2,9
8607,[0.1724367  0.46286359],3,5,"[0.12813625889338118, 0.45239712230086515]",1,1
8608,[0.72660851 0.40461694],7,-1,-1,4,-1
8609,[0.33206557 0.74414818],1,8,"[0.36289448703783916, 0.7073371999105278]",2,-1
8610,[0.4682155  0.62985016],6,0,"[0.4297636102329726, 0.6357143141723958]",2,-1
8611,[0.37807675 0.56653049],9,-1,-1,2,-1
8612,[0.46414862 0.69826306],6,-1,-1,2,-1
8613,[0.40786579 0.62056459],9,0,"[0.4297636102329726, 0.6357143141723958]",2,-1
8614,[0.40911235 0.74765049],6,8,"[0.36289448703783916, 0.7073371999105278]",2,-1
8615,[0.40603004 0.72354666],6,8,"[0.36289448703783916, 0.7073371999105278]",2,-1
8616,[0.74166087 0.3516414 ],7,6,"[0.7921949837838228, 0.3529120844654886]",4,-1
8617,[0.04634073 0.45934619],3,-1,-1,1,1
8618,[0.1966416  0.74634018],8,7,"[0.17089520780330653, 0.7464713359575794]",2,8
8619,[0.70779429 0.53969802],0,-1,-1,3,2
8620,[0.30553733 0.9033736 ],2,1,"[0.3445904742281392, 0.8508004104108614]",2,-1
8621,[0.45337779 0.62166245],9,0,"[0.4297636102329726, 0.6357143141723958]",2,-1
8622,[0.03419412 0.37666867],3,-1,-1,1,1
8623,[0.91292098 0.49127962],4,-1,-1,4,-1
8624,[0.33896085 0.78817342],1,1,"[0.3445904742281392, 0.8508004104108614]",2,-1
8625,[0.36794631 0.61053511],9,0,"[0.4297636102329726, 0.6357143141723958]",2,-1
8626,[0.32326225 0.67901038],1,8,"[0.36289448703783916, 0.7073371999105278]",2,-1
8627,[0.04781687 0.43362501],3,-1,-1,1,1
8628,[0.49309368 0.17336163],5,3,"[0.5044907196570393, 0.16230287856274858]",0,0
8629,[0.49200844 0.66659733],6,0,"[0.4297636102329726, 0.6357143141723958]",2,-1
8630,[0.82372158 0.38896948],7,6,"[0.7921949837838228, 0.3529120844654886]",4,6
8631,[0.48904667 0.1606685 ],5,3,"[0.5044907196570393, 0.16230287856274858]",0,0
8632,[0.36180707 0.72039644],1,8,"[0.36289448703783916, 0.7073371999105278]",2,-1
8633,[0.80407458 0.40593422],7,6,"[0.7921949837838228, 0.3529120844654886]",4,-1
8634,[0.44468638 0.16189283],5,3,"[0.5044907196570393, 0.16230287856274858]",0,0
8635,[0.31685066 0.88278289],2,1,"[0.3445904742281392, 0.8508004104108614]",2,-1
8636,[0.30763111 0.83457596],2,1,"[0.3445904742281392, 0.8508004104108614]",2,3
8637,[0.84028143 0.47231953],4,2,"[0.8312266673252705, 0.4613441479074099]",4,-1
8638,[0.76084834 0.36675579],7,6,"[0.7921949837838228, 0.3529120844654886]",4,-1
8639,[0.4583683  0.11849838],5,3,"[0.5044907196570393, 0.16230287856274858]",0,0
8640,[0.28418278 0.85726539],2,1,"[0.3445904742281392, 0.8508004104108614]",2,-1
8641,[0.20278365 0.74532168],8,7,"[0.17089520780330653, 0.7464713359575794]",2,8
8642,[0.02722615 0.45694787],3,-1,-1,1,1
8643,[0.76941318 0.37058121],7,6,"[0.7921949837838228, 0.3529120844654886]",4,-1
8644,[0.37763101 0.82404326],2,1,"[0.3445904742281392, 0.8508004104108614]",2,-1
8645,[0.76911848 0.32113355],7,6,"[0.7921949837838228, 0.3529120844654886]",4,-1
8646,[0.19396422 0.71548177],8,7,"[0.17089520780330653, 0.7464713359575794]",2,8
8647,[0.2095725  0.44181646],3,-1,-1,1,1
8648,[0.17897826 0.72195807],8,7,"[0.17089520780330653, 0.7464713359575794]",2,8
8649,[0.84945627 0.43463027],4,2,"[0.8312266673252705, 0.4613441479074099]",4,-1
8650,[0.7455947  0.36637365],7,6,"[0.7921949837838228, 0.3529120844654886]",4,-1
8651,[0.82308656 0.3361304 ],7,6,"[0.7921949837838228, 0.3529120844654886]",4,-1
8652,[0.1443659  0.72139159],8,7,"[0.17089520780330653, 0.7464713359575794]",2,-1
8653,[0.24173744 0.68313019],8,9,"[0.2630806751638254, 0.7080875454644293]",2,-1
8654,[0.49200715 0.6984637 ],6,-1,-1,2,-1
8655,[0.67627278 0.64611983],0,4,"[0.7285423500480827, 0.6073851354724864]",3,2
8656,[0.9147289  0.49980523],4,-1,-1,4,-1
8657,[0.37447714 0.14108273],5,-1,-1,0,0
8658,[0.8561861  0.44529373],4,2,"[0.8312266673252705, 0.4613441479074099]",4,-1
8659,[0.33589146 0.701463  ],1,8,"[0.36289448703783916, 0.7073371999105278]",2,9
8660,[0.09394327 0.47817615],3,5,"[0.12813625889338118, 0.45239712230086515]",1,1
8661,[0.63937862 0.62114547],0,-1,-1,3,2
8662,[0.82608192 0.47163912],4,2,"[0.8312266673252705, 0.4613441479074099]",4,-1
8663,[0.2900869  0.69859526],1,9,"[0.2630806751638254, 0.7080875454644293]",2,9
8664,[0.2736237  0.76001023],1,9,"[0.2630806751638254, 0.7080875454644293]",2,-1
8665,[0.55013495 0.11052659],5,3,"[0.5044907196570393, 0.16230287856274858]",0,0
8666,[0.41650693 0.69414316],6,8,"[0.36289448703783916, 0.7073371999105278]",2,10
8667,[0.29008713 0.79741069],2,-1,-1,2,-1
8668,[0.23262288 0.71322756],8,9,"[0.2630806751638254, 0.7080875454644293]",2,-1
8669,[0.38272667 0.8415043 ],2,1,"[0.3445904742281392, 0.8508004104108614]",2,-1
8670,[0.85846872 0.41470996],4,2,"[0.8312266673252705, 0.4613441479074099]",4,-1
8671,[0.18139086 0.4959952 ],3,5,"[0.12813625889338118, 0.45239712230086515]",1,1
8672,[0.22724148 0.7014659 ],8,9,"[0.2630806751638254, 0.7080875454644293]",2,-1
8673,[0.12443328 0.79922311],8,-1,-1,2,-1
8674,[0.73243696 0.67901705],0,-1,-1,3,2
8675,[0.44862369 0.75281733],6,-1,-1,2,-1
8676,[0.52832921 0.15886731],5,3,"[0.5044907196570393, 0.16230287856274858]",0,0
8677,[0.24496237 0.74817902],1,9,"[0.2630806751638254, 0.7080875454644293]",2,-1
8678,[0.76437605 0.2861507 ],7,-1,-1,4,-1
8679,[0.83435141 0.45899203],4,2,"[0.8312266673252705, 0.4613441479074099]",4,-1
8680,[0.45821566 0.7207899 ],6,-1,-1,2,-1
8681,[0.2096106  0.85135806],8,-1,-1,2,-1
8682,[0.66311353 0.62188031],0,4,"[0.7285423500480827, 0.6073851354724864]",3,2
8683,[0.26701856 0.64505717],1,9,"[0.2630806751638254, 0.7080875454644293]",2,-1
8684,[0.43465961 0.66635617],6,0,"[0.4297636102329726, 0.6357143141723958]",2,10
8685,[0.39130348 0.65232053],9,0,"[0.4297636102329726, 0.6357143141723958]",2,-1
8686,[0.5379456  0.18536308],5,3,"[0.5044907196570393, 0.16230287856274858]",0,0
8687,[0.81083262 0.37353731],7,6,"[0.7921949837838228, 0.3529120844654886]",4,6
8688,[0.89727949 0.49313595],4,-1,-1,4,-1
8689,[0.75628747 0.34130161],7,6,"[0.7921949837838228, 0.3529120844654886]",4,-1
8690,[0.12038163 0.44105454],3,5,"[0.12813625889338118, 0.45239712230086515]",1,1
8691,[0.84173432 0.35832255],7,6,"[0.7921949837838228, 0.3529120844654886]",4,-1
8692,[0.45416327 0.54945689],9,-1,-1,2,-1
8693,[0.81805916 0.48754984],4,2,"[0.8312266673252705, 0.4613441479074099]",4,7
8694,[0.33607018 0.76237748],1,8,"[0.36289448703783916, 0.7073371999105278]",2,-1
8695,[0.43878961 0.72492294],6,-1,-1,2,10
8696,[0.78297257 0.68167087],0,-1,-1,3,2
8697,[0.26000777 0.75337144],1,9,"[0.2630806751638254, 0.7080875454644293]",2,-1
8698,[0.30472248 0.74931909],1,9,"[0.2630806751638254, 0.7080875454644293]",2,-1
8699,[0.79661456 0.60095914],0,4,"[0.7285423500480827, 0.6073851354724864]",3,2
8700,[0.40892461 0.57912138],9,0,"[0.4297636102329726, 0.6357143141723958]",2,11
8701,[0.41710288 0.68662688],9,0,"[0.4297636102329726, 0.6357143141723958]",2,10
8702,[0.44174235 0.65726822],9,0,"[0.4297636102329726, 0.6357143141723958]",2,10
8703,[0.46495513 0.67263377],6,0,"[0.4297636102329726, 0.6357143141723958]",2,-1
8704,[0.32758348 0.67346378],1,8,"[0.36289448703783916, 0.7073371999105278]",2,-1
8705,[0.19424003 0.72481817],8,7,"[0.17089520780330653, 0.7464713359575794]",2,8
8706,[0.17412445 0.76452386],8,7,"[0.17089520780330653, 0.7464713359575794]",2,8
8707,[0.36136665 0.81876565],2,1,"[0.3445904742281392, 0.8508004104108614]",2,4
8708,[0.21706716 0.72500834],8,9,"[0.2630806751638254, 0.7080875454644293]",2,-1
8709,[0.80420752 0.40036104],7,6,"[0.7921949837838228, 0.3529120844654886]",4,-1
8710,[0.44543113 0.55343478],9,-1,-1,2,-1
8711,[0.40481597 0.65174698],6,0,"[0.4297636102329726, 0.6357143141723958]",2,-1
8712,[0.48515333 0.6016434 ],6,0,"[0.4297636102329726, 0.6357143141723958]",2,-1
8713,[0.38998975 0.70993729],6,8,"[0.36289448703783916, 0.7073371999105278]",2,-1
8714,[0.21544651 0.68010303],8,9,"[0.2630806751638254, 0.7080875454644293]",2,-1
8715,[0.79808953 0.36808493],7,6,"[0.7921949837838228, 0.3529120844654886]",4,6
8716,[0.85933573 0.51369093],4,2,"[0.8312266673252705, 0.4613441479074099]",4,-1
8717,[0.41973217 0.62608107],9,0,"[0.4297636102329726, 0.6357143141723958]",2,13
8718,[0.5405887  0.22668379],5,-1,-1,0,0
8719,[0.14773534 0.76815688],8,7,"[0.17089520780330653, 0.7464713359575794]",2,-1
8720,[0.39387661 0.69697861],1,8,"[0.36289448703783916, 0.7073371999105278]",2,-1
8721,[0.36846915 0.60894941],9,0,"[0.4297636102329726, 0.6357143141723958]",2,-1
8722,[0.43585825 0.20030404],5,-1,-1,0,0
8723,[0.72095269 0.63557397],0,4,"[0.7285423500480827, 0.6073851354724864]",3,2
8724,[0.49338953 0.71196288],6,-1,-1,2,-1
8725,[0.7240335  0.61348869],0,4,"[0.7285423500480827, 0.6073851354724864]",3,2
8726,[0.78016088 0.37232742],7,6,"[0.7921949837838228, 0.3529120844654886]",4,-1
8727,[0.42684452 0.55217582],9,-1,-1,2,-1
8728,[0.78539549 0.47072255],4,2,"[0.8312266673252705, 0.4613441479074099]",4,-1
8729,[0.77767351 0.45825882],4,2,"[0.8312266673252705, 0.4613441479074099]",4,-1
8730,[0.08112669 0.4659676 ],3,5,"[0.12813625889338118, 0.45239712230086515]",1,1
8731,[0.45505128 0.61038886],9,0,"[0.4297636102329726, 0.6357143141723958]",2,-1
8732,[0.26136804 0.67399804],1,9,"[0.2630806751638254, 0.7080875454644293]",2,-1
8733,[0.47641885 0.64003148],6,0,"[0.4297636102329726, 0.6357143141723958]",2,-1
8734,[0.72224235 0.60259455],0,4,"[0.7285423500480827, 0.6073851354724864]",3,2
8735,[0.33994642 0.63113299],9,-1,-1,2,-1
8736,[0.17050413 0.8178478 ],8,-1,-1,2,-1
8737,[0.47409058 0.6936282 ],6,-1,-1,2,-1
8738,[0.41026507 0.67476281],6,0,"[0.4297636102329726, 0.6357143141723958]",2,10
8739,[0.46294844 0.71160521],6,-1,-1,2,-1
8740,[0.90203288 0.49891326],4,-1,-1,4,-1
8741,[0.49159349 0.55430828],9,-1,-1,2,-1
8742,[0.67945254 0.54827995],0,-1,-1,3,2
8743,[0.79985959 0.37672021],7,6,"[0.7921949837838228, 0.3529120844654886]",4,6
8744,[0.76997914 0.36682108],7,6,"[0.7921949837838228, 0.3529120844654886]",4,-1
8745,[0.7920761  0.41701641],7,2,"[0.8312266673252705, 0.4613441479074099]",4,-1
8746,[0.11432925 0.75504759],8,7,"[0.17089520780330653, 0.7464713359575794]",2,-1
8747,[0.19097638 0.45708669],3,5,"[0.12813625889338118, 0.45239712230086515]",1,1
8748,[0.7283345  0.69149744],0,-1,-1,3,2
8749,[0.82341684 0.38795928],4,6,"[0.7921949837838228, 0.3529120844654886]",4,-1
8750,[0.11074924 0.71009346],8,-1,-1,2,-1
8751,[0.35681538 0.70817546],1,8,"[0.36289448703783916, 0.7073371999105278]",2,-1
8752,[0.17354211 0.75678769],8,7,"[0.17089520780330653, 0.7464713359575794]",2,8
8753,[0.8689646  0.42573238],7,2,"[0.8312266673252705, 0.4613441479074099]",4,-1
8754,[0.52171245 0.16948561],5,3,"[0.5044907196570393, 0.16230287856274858]",0,0
8755,[0.41388261 0.51035612],9,-1,-1,2,-1
8756,[0.76753113 0.30788698],7,6,"[0.7921949837838228, 0.3529120844654886]",4,-1
8757,[0.71905279 0.67545571],0,4,"[0.7285423500480827, 0.6073851354724864]",3,2
8758,[0.08782895 0.42785514],3,5,"[0.12813625889338118, 0.45239712230086515]",1,1
8759,[0.39443346 0.71054661],6,8,"[0.36289448703783916, 0.7073371999105278]",2,10
8760,[0.7000873  0.63734826],0,4,"[0.7285423500480827, 0.6073851354724864]",3,2
8761,[0.36436019 0.55549108],9,-1,-1,2,-1
8762,[0.2775689  0.69280637],1,9,"[0.2630806751638254, 0.7080875454644293]",2,9
8763,[0.76094045 0.65897776],0,4,"[0.7285423500480827, 0.6073851354724864]",3,2
8764,[0.25594505 0.71843287],8,9,"[0.2630806751638254, 0.7080875454644293]",2,9
8765,[0.38644004 0.60556477],9,0,"[0.4297636102329726, 0.6357143141723958]",2,-1
8766,[0.43675823 0.6123935 ],9,0,"[0.4297636102329726, 0.6357143141723958]",2,-1
8767,[0.82586434 0.45624278],4,2,"[0.8312266673252705, 0.4613441479074099]",4,7
8768,[0.6631743  0.60433936],0,4,"[0.7285423500480827, 0.6073851354724864]",3,2
8769,[0.30587845 0.67340026],1,9,"[0.2630806751638254, 0.7080875454644293]",2,9
8770,[0.08813528 0.40444888],3,5,"[0.12813625889338118, 0.45239712230086515]",1,1
8771,[0.10634243 0.43986706],3,5,"[0.12813625889338118, 0.45239712230086515]",1,1
8772,[0.84397134 0.4741771 ],4,2,"[0.8312266673252705, 0.4613441479074099]",4,-1
8773,[0.35165155 0.85100673],2,1,"[0.3445904742281392, 0.8508004104108614]",2,5
8774,[0.38002195 0.63021629],9,0,"[0.4297636102329726, 0.6357143141723958]",2,-1
8775,[0.25096881 0.68777907],1,9,"[0.2630806751638254, 0.7080875454644293]",2,-1
8776,[0.82776951 0.49461117],4,2,"[0.8312266673252705, 0.4613441479074099]",4,-1
8777,[0.44239926 0.74682293],6,-1,-1,2,-1
8778,[0.51326688 0.12130131],5,3,"[0.5044907196570393, 0.16230287856274858]",0,0
8779,[0.20924105 0.73406264],8,7,"[0.17089520780330653, 0.7464713359575794]",2,-1
8780,[0.85697284 0.37885112],7,6,"[0.7921949837838228, 0.3529120844654886]",4,-1
8781,[0.41383018 0.71848324],6,8,"[0.36289448703783916, 0.7073371999105278]",2,-1
8782,[0.27126733 0.81726201],2,-1,-1,2,-1
8783,[0.47076602 0.71310067],6,-1,-1,2,-1
8784,[0.18105413 0.73300183],8,7,"[0.17089520780330653, 0.7464713359575794]",2,8
8785,[0.45005558 0.61544968],9,0,"[0.4297636102329726, 0.6357143141723958]",2,-1
8786,[0.38736102 0.15075944],5,-1,-1,0,0
8787,[0.40746579 0.71952451],6,8,"[0.36289448703783916, 0.7073371999105278]",2,-1
8788,[0.1072671  0.37588014],3,-1,-1,1,1
8789,[0.45510778 0.68228161],6,0,"[0.4297636102329726, 0.6357143141723958]",2,-1
8790,[0.41416914 0.60803591],9,0,"[0.4297636102329726, 0.6357143141723958]",2,13
8791,[0.12471306 0.41690852],3,5,"[0.12813625889338118, 0.45239712230086515]",1,1
8792,[0.84360773 0.52736468],4,2,"[0.8312266673252705, 0.4613441479074099]",4,-1
8793,[0.29707539 0.75298648],2,9,"[0.2630806751638254, 0.7080875454644293]",2,-1
8794,[0.3192928  0.81239629],2,1,"[0.3445904742281392, 0.8508004104108614]",2,3
8795,[0.43629411 0.6847365 ],6,0,"[0.4297636102329726, 0.6357143141723958]",2,10
8796,[0.71017737 0.61317012],0,4,"[0.7285423500480827, 0.6073851354724864]",3,2
8797,[0.5214632  0.17504171],5,3,"[0.5044907196570393, 0.16230287856274858]",0,0
8798,[0.58061946 0.20452032],5,-1,-1,0,0
8799,[0.14875114 0.72517765],8,7,"[0.17089520780330653, 0.7464713359575794]",2,-1
8800,[0.4461518  0.65907973],9,0,"[0.4297636102329726, 0.6357143141723958]",2,10
8801,[0.15190795 0.74514636],8,7,"[0.17089520780330653, 0.7464713359575794]",2,-1
8802,[0.37932222 0.84345144],2,1,"[0.3445904742281392, 0.8508004104108614]",2,-1
8803,[0.37348628 0.92707289],2,-1,-1,2,-1
8804,[0.39395062 0.60691951],9,0,"[0.4297636102329726, 0.6357143141723958]",2,12
8805,[0.80636171 0.49004256],4,2,"[0.8312266673252705, 0.4613441479074099]",4,-1
8806,[0.16339813 0.67507473],8,-1,-1,2,-1
8807,[0.73051627 0.56575748],0,4,"[0.7285423500480827, 0.6073851354724864]",3,2
8808,[0.57734972 0.25051643],5,-1,-1,0,0
8809,[0.38858835 0.79628272],2,-1,-1,2,-1
8810,[0.44266709 0.57161939],9,0,"[0.4297636102329726, 0.6357143141723958]",2,-1
8811,[0.41623572 0.67964106],6,0,"[0.4297636102329726, 0.6357143141723958]",2,10
8812,[0.17886308 0.71739897],8,7,"[0.17089520780330653, 0.7464713359575794]",2,8
8813,[0.20633177 0.7484181 ],8,7,"[0.17089520780330653, 0.7464713359575794]",2,8
8814,[0.11967992 0.49728309],3,5,"[0.12813625889338118, 0.45239712230086515]",1,1
8815,[0.15420097 0.76967282],8,7,"[0.17089520780330653, 0.7464713359575794]",2,-1
8816,[0.35120922 0.77987196],2,-1,-1,2,-1
8817,[0.78691983 0.39597581],7,6,"[0.7921949837838228, 0.3529120844654886]",4,6
8818,[0.46083986 0.61468288],6,0,"[0.4297636102329726, 0.6357143141723958]",2,-1
8819,[0.42568311 0.57857157],9,0,"[0.4297636102329726, 0.6357143141723958]",2,-1
8820,[0.82907418 0.53138829],4,-1,-1,4,-1
8821,[0.76650015 0.52493431],0,-1,-1,3,2
8822,[0.42324602 0.62626448],9,0,"[0.4297636102329726, 0.6357143141723958]",2,-1
8823,[0.3048741 0.6479402],1,-1,-1,2,-1
8824,[0.324396   0.61814093],9,-1,-1,2,-1
8825,[0.25957721 0.70925944],1,9,"[0.2630806751638254, 0.7080875454644293]",2,9
8826,[0.81326523 0.36408688],7,6,"[0.7921949837838228, 0.3529120844654886]",4,6
8827,[0.16452837 0.78954296],8,7,"[0.17089520780330653, 0.7464713359575794]",2,-1
8828,[0.14111415 0.46697488],3,5,"[0.12813625889338118, 0.45239712230086515]",1,1
8829,[0.5638319  0.10526677],5,-1,-1,0,0
8830,[0.07550876 0.51995397],3,-1,-1,1,1
8831,[0.74645571 0.37669869],7,6,"[0.7921949837838228, 0.3529120844654886]",4,-1
8832,[0.34510036 0.67024278],1,8,"[0.36289448703783916, 0.7073371999105278]",2,-1
8833,[0.4509299  0.55103244],9,-1,-1,2,-1
8834,[0.8585756  0.43758393],4,2,"[0.8312266673252705, 0.4613441479074099]",4,-1
8835,[0.26822582 0.63960372],1,9,"[0.2630806751638254, 0.7080875454644293]",2,-1
8836,[0.41481027 0.66767838],9,0,"[0.4297636102329726, 0.6357143141723958]",2,10
8837,[0.47676947 0.81695053],2,-1,-1,2,-1
8838,[0.14676885 0.42249838],3,5,"[0.12813625889338118, 0.45239712230086515]",1,1
8839,[0.52365268 0.68671175],6,-1,-1,2,-1
8840,[0.48305693 0.20251267],5,3,"[0.5044907196570393, 0.16230287856274858]",0,0
8841,[0.36840093 0.85306966],2,1,"[0.3445904742281392, 0.8508004104108614]",2,5
8842,[0.82316224 0.33849569],7,6,"[0.7921949837838228, 0.3529120844654886]",4,-1
8843,[0.28199414 0.65204105],1,9,"[0.2630806751638254, 0.7080875454644293]",2,-1
8844,[0.4500881  0.77082629],6,-1,-1,2,-1
8845,[0.8092524  0.36261803],7,6,"[0.7921949837838228, 0.3529120844654886]",4,6
8846,[0.72633918 0.65942403],0,4,"[0.7285423500480827, 0.6073851354724864]",3,2
8847,[0.54863514 0.20338103],5,3,"[0.5044907196570393, 0.16230287856274858]",0,0
8848,[0.27117102 0.68299431],1,9,"[0.2630806751638254, 0.7080875454644293]",2,9
8849,[0.45028452 0.71192325],6,-1,-1,2,10
8850,[0.12633622 0.36641653],3,-1,-1,1,1
8851,[0.77280871 0.54122845],0,-1,-1,3,2
8852,[0.79656003 0.30284842],7,6,"[0.7921949837838228, 0.3529120844654886]",4,-1
8853,[0.82355236 0.45976108],4,2,"[0.8312266673252705, 0.4613441479074099]",4,-1
8854,[0.84565349 0.4336342 ],4,2,"[0.8312266673252705, 0.4613441479074099]",4,-1
8855,[0.10280613 0.45905634],3,5,"[0.12813625889338118, 0.45239712230086515]",1,1
8856,[0.371008   0.62084217],9,0,"[0.4297636102329726, 0.6357143141723958]",2,-1
8857,[0.35097786 0.82585128],2,1,"[0.3445904742281392, 0.8508004104108614]",2,-1
8858,[0.23028461 0.66658576],1,9,"[0.2630806751638254, 0.7080875454644293]",2,-1
8859,[0.21288983 0.79327408],8,7,"[0.17089520780330653, 0.7464713359575794]",2,-1
8860,[0.80813497 0.53270213],4,-1,-1,4,-1
8861,[0.28784008 0.79302149],1,-1,-1,2,-1
8862,[0.77236055 0.57860735],0,4,"[0.7285423500480827, 0.6073851354724864]",3,2
8863,[0.81190465 0.42602538],7,2,"[0.8312266673252705, 0.4613441479074099]",4,7
8864,[0.41240099 0.73273574],6,8,"[0.36289448703783916, 0.7073371999105278]",2,-1
8865,[0.62923879 0.59894827],0,-1,-1,3,2
8866,[0.70340323 0.61377265],0,4,"[0.7285423500480827, 0.6073851354724864]",3,2
8867,[0.42396729 0.61578208],9,0,"[0.4297636102329726, 0.6357143141723958]",2,-1
8868,[0.80603218 0.41892288],4,2,"[0.8312266673252705, 0.4613441479074099]",4,-1
8869,[0.72361327 0.68643152],0,-1,-1,3,2
8870,[0.49101855 0.65535348],6,0,"[0.4297636102329726, 0.6357143141723958]",2,-1
8871,[0.490854   0.15789626],5,3,"[0.5044907196570393, 0.16230287856274858]",0,0
8872,[0.39650762 0.82711916],2,1,"[0.3445904742281392, 0.8508004104108614]",2,-1
8873,[0.90385555 0.45729106],4,-1,-1,4,-1
8874,[0.1586567  0.48170487],3,5,"[0.12813625889338118, 0.45239712230086515]",1,1
8875,[0.12551873 0.78342552],8,7,"[0.17089520780330653, 0.7464713359575794]",2,-1
8876,[0.08485688 0.46137465],3,5,"[0.12813625889338118, 0.45239712230086515]",1,1
8877,[0.35423591 0.9077405 ],2,1,"[0.3445904742281392, 0.8508004104108614]",2,-1
8878,[0.23947428 0.63008337],8,-1,-1,2,-1
8879,[0.42341791 0.74762759],6,-1,-1,2,-1
8880,[0.75632646 0.38171222],7,6,"[0.7921949837838228, 0.3529120844654886]",4,-1
8881,[0.17090735 0.80537616],8,7,"[0.17089520780330653, 0.7464713359575794]",2,-1
8882,[0.80658085 0.38140422],7,6,"[0.7921949837838228, 0.3529120844654886]",4,6
8883,[0.48504929 0.12107757],5,3,"[0.5044907196570393, 0.16230287856274858]",0,0
8884,[0.36326303 0.80164193],2,1,"[0.3445904742281392, 0.8508004104108614]",2,-1
8885,[0.77534498 0.59370421],0,4,"[0.7285423500480827, 0.6073851354724864]",3,2
8886,[0.70548332 0.35606836],7,-1,-1,4,-1
8887,[0.14584494 0.43088327],3,5,"[0.12813625889338118, 0.45239712230086515]",1,1
8888,[0.34734085 0.58120475],9,-1,-1,2,-1
8889,[0.44441988 0.7023118 ],6,0,"[0.4297636102329726, 0.6357143141723958]",2,10
8890,[0.45567054 0.73514118],6,-1,-1,2,-1
8891,[0.79455707 0.41539655],7,2,"[0.8312266673252705, 0.4613441479074099]",4,-1
8892,[0.18219428 0.72265003],8,7,"[0.17089520780330653, 0.7464713359575794]",2,8
8893,[0.55199223 0.19219181],5,3,"[0.5044907196570393, 0.16230287856274858]",0,0
8894,[0.37421826 0.84497656],2,1,"[0.3445904742281392, 0.8508004104108614]",2,-1
8895,[0.32861865 0.62212666],9,-1,-1,2,-1
8896,[0.37800701 0.79190484],2,1,"[0.3445904742281392, 0.8508004104108614]",2,-1
8897,[0.8286488  0.37554588],7,6,"[0.7921949837838228, 0.3529120844654886]",4,-1
8898,[0.68363133 0.55854968],0,4,"[0.7285423500480827, 0.6073851354724864]",3,2
8899,[0.1643732  0.40028489],3,5,"[0.12813625889338118, 0.45239712230086515]",1,1
8900,[0.30228544 0.94952964],2,-1,-1,2,-1
8901,[0.4199339  0.70264194],6,8,"[0.36289448703783916, 0.7073371999105278]",2,10
8902,[0.3037046 0.6807377],1,9,"[0.2630806751638254, 0.7080875454644293]",2,9
8903,[0.23473767 0.71531656],1,9,"[0.2630806751638254, 0.7080875454644293]",2,-1
8904,[0.04566826 0.44388568],3,-1,-1,1,1
8905,[0.79248462 0.48025831],4,2,"[0.8312266673252705, 0.4613441479074099]",4,-1
8906,[0.41419158 0.57512134],9,0,"[0.4297636102329726, 0.6357143141723958]",2,11
8907,[0.30852205 0.75052037],1,9,"[0.2630806751638254, 0.7080875454644293]",2,-1
8908,[0.41503623 0.5842501 ],9,0,"[0.4297636102329726, 0.6357143141723958]",2,11
8909,[0.20345118 0.70613148],8,7,"[0.17089520780330653, 0.7464713359575794]",2,8
8910,[0.77461615 0.65383258],0,4,"[0.7285423500480827, 0.6073851354724864]",3,2
8911,[0.49663594 0.73528886],6,-1,-1,2,-1
8912,[0.78080756 0.63024353],0,4,"[0.7285423500480827, 0.6073851354724864]",3,2
8913,[0.58614112 0.14522031],5,-1,-1,0,0
8914,[0.15383711 0.37647661],3,-1,-1,1,1
8915,[0.27159743 0.76551963],8,9,"[0.2630806751638254, 0.7080875454644293]",2,-1
8916,[0.44235667 0.1282606 ],5,-1,-1,0,0
8917,[0.43393617 0.75194178],6,-1,-1,2,-1
8918,[0.25513776 0.72081513],1,9,"[0.2630806751638254, 0.7080875454644293]",2,9
8919,[0.43408544 0.58389351],9,0,"[0.4297636102329726, 0.6357143141723958]",2,11
8920,[0.42004102 0.74922821],6,-1,-1,2,-1
8921,[0.73160596 0.32082997],7,6,"[0.7921949837838228, 0.3529120844654886]",4,-1
8922,[0.70273612 0.62402707],0,4,"[0.7285423500480827, 0.6073851354724864]",3,2
8923,[0.46316628 0.11511613],5,3,"[0.5044907196570393, 0.16230287856274858]",0,0
8924,[0.44093459 0.58763479],9,0,"[0.4297636102329726, 0.6357143141723958]",2,11
8925,[0.29764966 0.76044231],1,9,"[0.2630806751638254, 0.7080875454644293]",2,-1
8926,[0.32637756 0.73000189],1,8,"[0.36289448703783916, 0.7073371999105278]",2,-1
8927,[0.15906322 0.41916253],3,5,"[0.12813625889338118, 0.45239712230086515]",1,1
8928,[0.89941093 0.46924838],4,2,"[0.8312266673252705, 0.4613441479074099]",4,-1
8929,[0.52562017 0.15963755],5,3,"[0.5044907196570393, 0.16230287856274858]",0,0
8930,[0.77499664 0.40109173],4,6,"[0.7921949837838228, 0.3529120844654886]",4,-1
8931,[0.57535232 0.15195233],5,-1,-1,0,0
8932,[0.52905875 0.22598885],5,3,"[0.5044907196570393, 0.16230287856274858]",0,0
8933,[0.42884232 0.56141789],9,-1,-1,2,-1
8934,[0.78816156 0.44423337],7,2,"[0.8312266673252705, 0.4613441479074099]",4,-1
8935,[0.78553707 0.34319418],7,6,"[0.7921949837838228, 0.3529120844654886]",4,-1
8936,[0.55371433 0.19432011],5,3,"[0.5044907196570393, 0.16230287856274858]",0,0
8937,[0.32230392 0.71419578],1,8,"[0.36289448703783916, 0.7073371999105278]",2,9
8938,[0.8279818  0.37493686],7,6,"[0.7921949837838228, 0.3529120844654886]",4,-1
8939,[0.45200272 0.7243889 ],6,-1,-1,2,-1
8940,[0.76497966 0.374203  ],7,6,"[0.7921949837838228, 0.3529120844654886]",4,-1
8941,[0.27778058 0.64037892],1,9,"[0.2630806751638254, 0.7080875454644293]",2,-1
8942,[0.42437842 0.72407745],6,8,"[0.36289448703783916, 0.7073371999105278]",2,10
8943,[0.79534855 0.31521558],7,6,"[0.7921949837838228, 0.3529120844654886]",4,-1
8944,[0.46436946 0.54678915],9,-1,-1,2,-1
8945,[0.34543539 0.73209444],1,8,"[0.36289448703783916, 0.7073371999105278]",2,-1
8946,[0.38972494 0.54719742],9,-1,-1,2,-1
8947,[0.36480385 0.65094604],1,8,"[0.36289448703783916, 0.7073371999105278]",2,-1
8948,[0.77802737 0.63283643],0,4,"[0.7285423500480827, 0.6073851354724864]",3,2
8949,[0.36893859 0.16122175],5,-1,-1,0,0
8950,[0.32352567 0.70312515],1,8,"[0.36289448703783916, 0.7073371999105278]",2,9
8951,[0.75087724 0.55398586],0,4,"[0.7285423500480827, 0.6073851354724864]",3,2
8952,[0.20368436 0.74142965],8,7,"[0.17089520780330653, 0.7464713359575794]",2,8
8953,[0.46394108 0.65470124],9,0,"[0.4297636102329726, 0.6357143141723958]",2,-1
8954,[0.76959247 0.5296538 ],0,-1,-1,3,2
8955,[0.18580267 0.44491288],3,5,"[0.12813625889338118, 0.45239712230086515]",1,1
8956,[0.81269478 0.44136756],4,2,"[0.8312266673252705, 0.4613441479074099]",4,-1
8957,[0.18159571 0.75740455],8,7,"[0.17089520780330653, 0.7464713359575794]",2,8
8958,[0.82332091 0.2923093 ],7,6,"[0.7921949837838228, 0.3529120844654886]",4,-1
8959,[0.82207305 0.35173395],7,6,"[0.7921949837838228, 0.3529120844654886]",4,-1
8960,[0.46336099 0.64088739],9,0,"[0.4297636102329726, 0.6357143141723958]",2,-1
8961,[0.82283644 0.42379311],4,2,"[0.8312266673252705, 0.4613441479074099]",4,7
8962,[0.7603327  0.44914373],4,-1,-1,4,-1
8963,[0.17446752 0.70582017],8,7,"[0.17089520780330653, 0.7464713359575794]",2,8
8964,[0.44241165 0.76016446],6,-1,-1,2,-1
8965,[0.48857445 0.14556028],5,3,"[0.5044907196570393, 0.16230287856274858]",0,0
8966,[0.87366186 0.51256912],4,2,"[0.8312266673252705, 0.4613441479074099]",4,-1
8967,[0.7415627  0.61571446],0,4,"[0.7285423500480827, 0.6073851354724864]",3,2
8968,[0.34558125 0.77673078],1,-1,-1,2,-1
8969,[0.13784796 0.45457155],3,5,"[0.12813625889338118, 0.45239712230086515]",1,1
8970,[0.42157874 0.6151537 ],9,0,"[0.4297636102329726, 0.6357143141723958]",2,13
8971,[0.75086289 0.61594748],0,4,"[0.7285423500480827, 0.6073851354724864]",3,2
8972,[0.12793985 0.48358152],3,5,"[0.12813625889338118, 0.45239712230086515]",1,1
8973,[0.46025099 0.1009336 ],5,-1,-1,0,0
8974,[0.5374252 0.1239038],5,3,"[0.5044907196570393, 0.16230287856274858]",0,0
8975,[0.35287489 0.66584398],1,8,"[0.36289448703783916, 0.7073371999105278]",2,-1
8976,[0.35189021 0.59615144],9,-1,-1,2,-1
8977,[0.50918238 0.21651099],5,3,"[0.5044907196570393, 0.16230287856274858]",0,0
8978,[0.45677025 0.59523346],9,0,"[0.4297636102329726, 0.6357143141723958]",2,-1
8979,[0.21443154 0.43199866],3,-1,-1,1,1
8980,[0.38223373 0.8951839 ],2,1,"[0.3445904742281392, 0.8508004104108614]",2,-1
8981,[0.80843864 0.50726458],4,2,"[0.8312266673252705, 0.4613441479074099]",4,-1
8982,[0.33037704 0.6663929 ],9,8,"[0.36289448703783916, 0.7073371999105278]",2,-1
8983,[0.88508184 0.44553798],4,2,"[0.8312266673252705, 0.4613441479074099]",4,-1
8984,[0.38839402 0.57396377],9,-1,-1,2,-1
8985,[0.4687737  0.57146642],9,-1,-1,2,-1
8986,[0.54083051 0.25698345],5,-1,-1,0,0
8987,[0.38028967 0.64715692],9,0,"[0.4297636102329726, 0.6357143141723958]",2,-1
8988,[0.14496558 0.71849082],8,7,"[0.17089520780330653, 0.7464713359575794]",2,-1
8989,[0.77805161 0.55786865],0,-1,-1,3,2
8990,[0.33899106 0.85859158],2,1,"[0.3445904742281392, 0.8508004104108614]",2,5
8991,[0.28278505 0.66628977],1,9,"[0.2630806751638254, 0.7080875454644293]",2,-1
8992,[0.82778844 0.34743597],7,6,"[0.7921949837838228, 0.3529120844654886]",4,-1
8993,[0.76915109 0.34754624],7,6,"[0.7921949837838228, 0.3529120844654886]",4,-1
8994,[0.48097526 0.66733277],6,0,"[0.4297636102329726, 0.6357143141723958]",2,-1
8995,[0.32031338 0.69839214],1,8,"[0.36289448703783916, 0.7073371999105278]",2,9
8996,[0.5198392  0.18619171],5,3,"[0.5044907196570393, 0.16230287856274858]",0,0
8997,[0.19642876 0.47845   ],3,-1,-1,1,1
8998,[0.72730313 0.5884636 ],0,4,"[0.7285423500480827, 0.6073851354724864]",3,2
8999,[0.30722306 0.72629156],8,9,"[0.2630806751638254, 0.7080875454644293]",2,9
9000,[0.30157845 0.63793086],1,-1,-1,2,-1
9001,[0.13458892 0.42602304],3,5,"[0.12813625889338118, 0.45239712230086515]",1,1
9002,[0.41003378 0.74112971],2,8,"[0.36289448703783916, 0.7073371999105278]",2,-1
9003,[0.82619897 0.43195301],4,2,"[0.8312266673252705, 0.4613441479074099]",4,7
9004,[0.4640914  0.73708803],6,-1,-1,2,-1
9005,[0.79070684 0.6705499 ],0,-1,-1,3,2
9006,[0.7405633  0.62838824],0,4,"[0.7285423500480827, 0.6073851354724864]",3,2
9007,[0.37543521 0.93042838],2,-1,-1,2,-1
9008,[0.80829277 0.36523745],7,6,"[0.7921949837838228, 0.3529120844654886]",4,6
9009,[0.56049818 0.17072158],5,3,"[0.5044907196570393, 0.16230287856274858]",0,0
9010,[0.74682129 0.65854198],0,4,"[0.7285423500480827, 0.6073851354724864]",3,2
9011,[0.67233137 0.62412124],0,4,"[0.7285423500480827, 0.6073851354724864]",3,2
9012,[0.36543042 0.82314121],2,1,"[0.3445904742281392, 0.8508004104108614]",2,4
9013,[0.86133863 0.47339685],4,2,"[0.8312266673252705, 0.4613441479074099]",4,-1
9014,[0.15586721 0.72366348],8,7,"[0.17089520780330653, 0.7464713359575794]",2,8
9015,[0.81719178 0.40776653],7,2,"[0.8312266673252705, 0.4613441479074099]",4,6
9016,[0.80916374 0.6199293 ],0,-1,-1,3,2
9017,[0.77324426 0.59787521],0,4,"[0.7285423500480827, 0.6073851354724864]",3,2
9018,[0.74617044 0.37585455],7,6,"[0.7921949837838228, 0.3529120844654886]",4,-1
9019,[0.3591983  0.61524536],9,-1,-1,2,-1
9020,[0.82397325 0.4117072 ],7,2,"[0.8312266673252705, 0.4613441479074099]",4,-1
9021,[0.14715429 0.47973837],3,5,"[0.12813625889338118, 0.45239712230086515]",1,1
9022,[0.38650236 0.61506658],9,0,"[0.4297636102329726, 0.6357143141723958]",2,12
9023,[0.34091975 0.794184  ],2,1,"[0.3445904742281392, 0.8508004104108614]",2,-1
9024,[0.14074849 0.7278661 ],8,7,"[0.17089520780330653, 0.7464713359575794]",2,-1
9025,[0.42544919 0.58718245],9,0,"[0.4297636102329726, 0.6357143141723958]",2,11
9026,[0.17959423 0.77165219],8,7,"[0.17089520780330653, 0.7464713359575794]",2,8
9027,[0.5007375  0.17924499],5,3,"[0.5044907196570393, 0.16230287856274858]",0,0
9028,[0.31097993 0.83945887],2,1,"[0.3445904742281392, 0.8508004104108614]",2,-1
9029,[0.26185402 0.6955879 ],1,9,"[0.2630806751638254, 0.7080875454644293]",2,-1
9030,[0.23441806 0.79041717],8,-1,-1,2,-1
9031,[0.3011537  0.72705094],1,9,"[0.2630806751638254, 0.7080875454644293]",2,9
9032,[0.19544399 0.72908836],8,7,"[0.17089520780330653, 0.7464713359575794]",2,8
9033,[0.38095736 1.        ],2,-1,-1,2,-1
9034,[0.73014688 0.59458749],0,4,"[0.7285423500480827, 0.6073851354724864]",3,2
9035,[0.17998433 0.78049603],8,7,"[0.17089520780330653, 0.7464713359575794]",2,-1
9036,[0.87081066 0.42866752],4,2,"[0.8312266673252705, 0.4613441479074099]",4,-1
9037,[0.38186553 0.62149633],9,0,"[0.4297636102329726, 0.6357143141723958]",2,-1
9038,[0.77588032 0.57333048],0,4,"[0.7285423500480827, 0.6073851354724864]",3,2
9039,[0.7537658  0.33080447],7,6,"[0.7921949837838228, 0.3529120844654886]",4,-1
9040,[0.44564283 0.69290677],6,0,"[0.4297636102329726, 0.6357143141723958]",2,10
9041,[0.30785329 0.83244707],2,1,"[0.3445904742281392, 0.8508004104108614]",2,3
9042,[0.06135612 0.50520793],3,-1,-1,1,1
9043,[0.05618592 0.46533548],3,-1,-1,1,1
9044,[0.38305142 0.53209363],9,-1,-1,2,-1
9045,[0.31977056 0.64869515],1,-1,-1,2,-1
9046,[0.88287475 0.47037819],4,2,"[0.8312266673252705, 0.4613441479074099]",4,-1
9047,[0.73088494 0.38052438],7,6,"[0.7921949837838228, 0.3529120844654886]",4,-1
9048,[0.34599788 0.80692601],2,1,"[0.3445904742281392, 0.8508004104108614]",2,-1
9049,[0.80938159 0.45180144],4,2,"[0.8312266673252705, 0.4613441479074099]",4,7
9050,[0.3801673  0.85784419],2,1,"[0.3445904742281392, 0.8508004104108614]",2,5
9051,[0.34367978 0.56144063],9,-1,-1,2,-1
9052,[0.12223248 0.48955887],3,5,"[0.12813625889338118, 0.45239712230086515]",1,1
9053,[0.81621137 0.32781396],7,6,"[0.7921949837838228, 0.3529120844654886]",4,-1
9054,[0.19239799 0.40720075],3,-1,-1,1,1
9055,[0.34053721 0.66110697],1,8,"[0.36289448703783916, 0.7073371999105278]",2,-1
9056,[0.44527286 0.18645249],5,3,"[0.5044907196570393, 0.16230287856274858]",0,0
9057,[0.86659203 0.42984733],4,2,"[0.8312266673252705, 0.4613441479074099]",4,-1
9058,[0.85573445 0.44514718],4,2,"[0.8312266673252705, 0.4613441479074099]",4,-1
9059,[0.43258462 0.57613154],9,0,"[0.4297636102329726, 0.6357143141723958]",2,-1
9060,[0.52516304 0.09789346],5,3,"[0.5044907196570393, 0.16230287856274858]",0,0
9061,[0.36619844 0.85434855],2,1,"[0.3445904742281392, 0.8508004104108614]",2,5
9062,[0.52153593 0.65560259],9,-1,-1,2,-1
9063,[0.80053959 0.49065854],4,2,"[0.8312266673252705, 0.4613441479074099]",4,-1
9064,[0.49663507 0.75083625],6,-1,-1,2,-1
9065,[0.17541336 0.78767492],8,7,"[0.17089520780330653, 0.7464713359575794]",2,-1
9066,[0.3963381  0.56168716],9,-1,-1,2,-1
9067,[0.33387848 0.70542271],1,8,"[0.36289448703783916, 0.7073371999105278]",2,9
9068,[0.80153538 0.61941097],0,-1,-1,3,2
9069,[0.31872238 0.86908418],2,1,"[0.3445904742281392, 0.8508004104108614]",2,-1
9070,[0.51995189 0.19757659],5,3,"[0.5044907196570393, 0.16230287856274858]",0,0
9071,[0.45905671 0.72469158],6,-1,-1,2,-1
9072,[0.32554817 0.66490017],1,8,"[0.36289448703783916, 0.7073371999105278]",2,-1
9073,[0.26465375 0.80088793],2,-1,-1,2,-1
9074,[0.16979014 0.690889  ],8,7,"[0.17089520780330653, 0.7464713359575794]",2,-1
9075,[0.78673706 0.40611753],4,6,"[0.7921949837838228, 0.3529120844654886]",4,-1
9076,[0.83283852 0.47124454],4,2,"[0.8312266673252705, 0.4613441479074099]",4,-1
9077,[0.78974184 0.34809129],7,6,"[0.7921949837838228, 0.3529120844654886]",4,6
9078,[0.81599794 0.41143941],7,2,"[0.8312266673252705, 0.4613441479074099]",4,-1
9079,[0.46114156 0.59235454],9,0,"[0.4297636102329726, 0.6357143141723958]",2,-1
9080,[0.46981209 0.14935872],5,3,"[0.5044907196570393, 0.16230287856274858]",0,0
9081,[0.79048751 0.59472192],0,4,"[0.7285423500480827, 0.6073851354724864]",3,2
9082,[0.27769031 0.63778811],1,-1,-1,2,-1
9083,[0.27569429 0.69701872],1,9,"[0.2630806751638254, 0.7080875454644293]",2,9
9084,[0.82181037 0.31637495],7,6,"[0.7921949837838228, 0.3529120844654886]",4,-1
9085,[0.41337515 0.66593574],6,0,"[0.4297636102329726, 0.6357143141723958]",2,10
9086,[0.37817885 0.89118878],2,1,"[0.3445904742281392, 0.8508004104108614]",2,-1
9087,[0.1776111  0.51623693],3,-1,-1,1,1
9088,[0.18323164 0.42364501],3,5,"[0.12813625889338118, 0.45239712230086515]",1,1
9089,[0.31086695 0.58065822],1,-1,-1,2,-1
9090,[0.43875929 0.59459611],9,0,"[0.4297636102329726, 0.6357143141723958]",2,-1
9091,[0.29881038 0.84090828],2,1,"[0.3445904742281392, 0.8508004104108614]",2,-1
9092,[0.15704707 0.74024196],8,7,"[0.17089520780330653, 0.7464713359575794]",2,-1
9093,[0.30637425 0.83982371],2,1,"[0.3445904742281392, 0.8508004104108614]",2,-1
9094,[0.46625281 0.10053317],5,-1,-1,0,0
9095,[0.48512505 0.63659587],9,0,"[0.4297636102329726, 0.6357143141723958]",2,-1
9096,[0.22948369 0.67888609],1,9,"[0.2630806751638254, 0.7080875454644293]",2,-1
9097,[0.78938945 0.68068706],0,-1,-1,3,2
9098,[0.15448567 0.67897521],8,7,"[0.17089520780330653, 0.7464713359575794]",2,-1
9099,[0.84755693 0.46223743],4,2,"[0.8312266673252705, 0.4613441479074099]",4,-1
9100,[0.39969613 0.81007815],2,1,"[0.3445904742281392, 0.8508004104108614]",2,-1
9101,[0.1833979  0.73597148],8,7,"[0.17089520780330653, 0.7464713359575794]",2,8
9102,[0.14935732 0.76870797],8,7,"[0.17089520780330653, 0.7464713359575794]",2,-1
9103,[0.15753865 0.68244418],8,7,"[0.17089520780330653, 0.7464713359575794]",2,-1
9104,[0.43238016 0.15829977],5,-1,-1,0,0
9105,[0.24182603 0.76158071],1,9,"[0.2630806751638254, 0.7080875454644293]",2,-1
9106,[0.42072394 0.63885605],9,0,"[0.4297636102329726, 0.6357143141723958]",2,-1
9107,[0.16255921 0.39244749],3,5,"[0.12813625889338118, 0.45239712230086515]",1,1
9108,[0.20199696 0.7354289 ],8,7,"[0.17089520780330653, 0.7464713359575794]",2,8
9109,[0.46942588 0.18506679],5,3,"[0.5044907196570393, 0.16230287856274858]",0,0
9110,[0.28545727 0.88761926],2,1,"[0.3445904742281392, 0.8508004104108614]",2,-1
9111,[0.73670443 0.59153422],0,4,"[0.7285423500480827, 0.6073851354724864]",3,2
9112,[0.50378882 0.12521689],5,3,"[0.5044907196570393, 0.16230287856274858]",0,0
9113,[0.42544967 0.16291461],5,-1,-1,0,0
9114,[0.81272596 0.45792283],4,2,"[0.8312266673252705, 0.4613441479074099]",4,7
9115,[0.30572666 0.69079913],1,9,"[0.2630806751638254, 0.7080875454644293]",2,9
9116,[0.70965474 0.55511173],0,4,"[0.7285423500480827, 0.6073851354724864]",3,2
9117,[0.78264863 0.30899397],7,6,"[0.7921949837838228, 0.3529120844654886]",4,-1
9118,[0.83022195 0.40021966],7,6,"[0.7921949837838228, 0.3529120844654886]",4,-1
9119,[0.50337239 0.14417025],5,3,"[0.5044907196570393, 0.16230287856274858]",0,0
9120,[0.29330088 0.91152711],2,-1,-1,2,-1
9121,[0.41402855 0.56895657],9,0,"[0.4297636102329726, 0.6357143141723958]",2,-1
9122,[0.09833939 0.43238623],3,5,"[0.12813625889338118, 0.45239712230086515]",1,1
9123,[0.60699446 0.09932294],5,-1,-1,0,0
9124,[0.3262656 0.8655244],2,1,"[0.3445904742281392, 0.8508004104108614]",2,-1
9125,[0.20050694 0.76387348],8,7,"[0.17089520780330653, 0.7464713359575794]",2,-1
9126,[0.55004056 0.14778549],5,3,"[0.5044907196570393, 0.16230287856274858]",0,0
9127,[0.13275459 0.45117864],3,5,"[0.12813625889338118, 0.45239712230086515]",1,1
9128,[0.34890906 0.83808529],2,1,"[0.3445904742281392, 0.8508004104108614]",2,4
9129,[0.72588756 0.60445189],0,4,"[0.7285423500480827, 0.6073851354724864]",3,2
9130,[0.86689772 0.45528137],4,2,"[0.8312266673252705, 0.4613441479074099]",4,-1
9131,[0.79440973 0.39514691],4,6,"[0.7921949837838228, 0.3529120844654886]",4,6
9132,[0.83694595 0.35163619],7,6,"[0.7921949837838228, 0.3529120844654886]",4,-1
9133,[0.729232   0.57276881],0,4,"[0.7285423500480827, 0.6073851354724864]",3,2
9134,[0.81921158 0.38373881],7,6,"[0.7921949837838228, 0.3529120844654886]",4,6
9135,[0.3313778  0.93247508],2,-1,-1,2,-1
9136,[0.81906887 0.50869059],4,2,"[0.8312266673252705, 0.4613441479074099]",4,-1
9137,[0.47120729 0.58176721],9,0,"[0.4297636102329726, 0.6357143141723958]",2,-1
9138,[0.43740522 0.67755845],6,0,"[0.4297636102329726, 0.6357143141723958]",2,10
9139,[0.29968235 0.8316875 ],2,1,"[0.3445904742281392, 0.8508004104108614]",2,-1
9140,[0.19112609 0.76573269],8,7,"[0.17089520780330653, 0.7464713359575794]",2,8
9141,[0.33409807 0.76616576],1,8,"[0.36289448703783916, 0.7073371999105278]",2,-1
9142,[0.15523399 0.50312788],3,5,"[0.12813625889338118, 0.45239712230086515]",1,1
9143,[0.75168162 0.40503187],7,6,"[0.7921949837838228, 0.3529120844654886]",4,-1
9144,[0.14254029 0.7709327 ],8,7,"[0.17089520780330653, 0.7464713359575794]",2,-1
9145,[0.90222027 0.47995587],4,-1,-1,4,-1
9146,[0.84677447 0.38079555],7,6,"[0.7921949837838228, 0.3529120844654886]",4,-1
9147,[0.21737423 0.75479601],8,7,"[0.17089520780330653, 0.7464713359575794]",2,8
9148,[0.7030248  0.63012558],0,4,"[0.7285423500480827, 0.6073851354724864]",3,2
9149,[0.73490748 0.59893126],0,4,"[0.7285423500480827, 0.6073851354724864]",3,2
9150,[0.13571256 0.39967586],3,5,"[0.12813625889338118, 0.45239712230086515]",1,1
9151,[0.86460728 0.39336799],4,-1,-1,4,-1
9152,[0.11099568 0.40507384],3,5,"[0.12813625889338118, 0.45239712230086515]",1,1
9153,[0.67221758 0.57719728],0,4,"[0.7285423500480827, 0.6073851354724864]",3,2
9154,[0.73678483 0.63024334],0,4,"[0.7285423500480827, 0.6073851354724864]",3,2
9155,[0.86623767 0.32932719],7,-1,-1,4,-1
9156,[0.33622032 0.6218933 ],1,-1,-1,2,-1
9157,[0.51834001 0.19660612],5,3,"[0.5044907196570393, 0.16230287856274858]",0,0
9158,[0.18490445 0.72799093],8,7,"[0.17089520780330653, 0.7464713359575794]",2,8
9159,[0.40265356 0.63869025],9,0,"[0.4297636102329726, 0.6357143141723958]",2,-1
9160,[0.37469356 0.78362201],6,-1,-1,2,-1
9161,[0.40500744 0.5786229 ],9,0,"[0.4297636102329726, 0.6357143141723958]",2,11
9162,[0.42592264 0.13260751],5,-1,-1,0,0
9163,[0.34294719 0.58255337],9,-1,-1,2,-1
9164,[0.55585678 0.14842553],5,3,"[0.5044907196570393, 0.16230287856274858]",0,0
9165,[0.59753242 0.58561864],0,-1,-1,-1,2
9166,[0.41598103 0.68850381],6,0,"[0.4297636102329726, 0.6357143141723958]",2,10
9167,[0.37269132 0.71672986],6,8,"[0.36289448703783916, 0.7073371999105278]",2,-1
9168,[0.04616434 0.49755323],3,-1,-1,1,1
9169,[0.32748701 0.70336076],1,8,"[0.36289448703783916, 0.7073371999105278]",2,9
9170,[0.09897941 0.48602092],3,5,"[0.12813625889338118, 0.45239712230086515]",1,1
9171,[0.56625545 0.1891842 ],5,3,"[0.5044907196570393, 0.16230287856274858]",0,0
9172,[0.82890456 0.61306975],0,-1,-1,3,2
9173,[0.21225884 0.47934333],3,-1,-1,1,1
9174,[0.50371506 0.16454503],5,3,"[0.5044907196570393, 0.16230287856274858]",0,0
9175,[0.74074917 0.64035436],0,4,"[0.7285423500480827, 0.6073851354724864]",3,2
9176,[0.04211594 0.48781403],3,-1,-1,1,1
9177,[0.68866761 0.60271982],0,4,"[0.7285423500480827, 0.6073851354724864]",3,2
9178,[0.15887398 0.49806068],3,5,"[0.12813625889338118, 0.45239712230086515]",1,1
9179,[0.30428783 0.71877425],1,9,"[0.2630806751638254, 0.7080875454644293]",2,9
9180,[0.13280485 0.50843205],3,5,"[0.12813625889338118, 0.45239712230086515]",1,1
9181,[0.21366811 0.72131   ],8,7,"[0.17089520780330653, 0.7464713359575794]",2,-1
9182,[0.81852953 0.47929933],4,2,"[0.8312266673252705, 0.4613441479074099]",4,-1
9183,[0.1583956  0.51132422],3,5,"[0.12813625889338118, 0.45239712230086515]",1,1
9184,[0.39620646 0.61766049],9,0,"[0.4297636102329726, 0.6357143141723958]",2,-1
9185,[0.55633722 0.17907493],5,3,"[0.5044907196570393, 0.16230287856274858]",0,0
9186,[0.27703463 0.72973754],1,9,"[0.2630806751638254, 0.7080875454644293]",2,9
9187,[0.34449139 0.83201816],2,1,"[0.3445904742281392, 0.8508004104108614]",2,-1
9188,[0.8547116  0.39239708],7,-1,-1,4,-1
9189,[0.82369158 0.50599772],4,2,"[0.8312266673252705, 0.4613441479074099]",4,-1
9190,[0.31565038 0.64404433],1,-1,-1,2,-1
9191,[0.72609522 0.54395862],0,4,"[0.7285423500480827, 0.6073851354724864]",3,2
9192,[0.4021562 0.5774855],9,0,"[0.4297636102329726, 0.6357143141723958]",2,11
9193,[0.13696882 0.42700012],3,5,"[0.12813625889338118, 0.45239712230086515]",1,1
9194,[0.41578752 0.76814645],6,-1,-1,2,-1
9195,[0.70236181 0.64328194],0,4,"[0.7285423500480827, 0.6073851354724864]",3,2
9196,[0.10576511 0.67535754],8,-1,-1,2,-1
9197,[0.47890504 0.72948095],6,-1,-1,2,-1
9198,[0.37348165 0.82789   ],2,1,"[0.3445904742281392, 0.8508004104108614]",2,-1
9199,[0.46873205 0.10430475],5,3,"[0.5044907196570393, 0.16230287856274858]",0,0
9200,[0.16180052 0.43309072],3,5,"[0.12813625889338118, 0.45239712230086515]",1,1
9201,[0.84852587 0.52590161],4,2,"[0.8312266673252705, 0.4613441479074099]",4,-1
9202,[0.3609796  0.83570588],2,1,"[0.3445904742281392, 0.8508004104108614]",2,-1
9203,[0.09348491 0.48380615],3,5,"[0.12813625889338118, 0.45239712230086515]",1,1
9204,[0.49860825 0.15224299],5,3,"[0.5044907196570393, 0.16230287856274858]",0,0
9205,[0.76049773 0.38835625],4,6,"[0.7921949837838228, 0.3529120844654886]",4,-1
9206,[0.40852329 0.93129049],2,-1,-1,2,-1
9207,[0.76526572 0.33662597],7,6,"[0.7921949837838228, 0.3529120844654886]",4,-1
9208,[0.0810075  0.45639864],3,5,"[0.12813625889338118, 0.45239712230086515]",1,1
9209,[0.74168055 0.58956251],0,4,"[0.7285423500480827, 0.6073851354724864]",3,2
9210,[0.77008556 0.43402891],4,2,"[0.8312266673252705, 0.4613441479074099]",4,-1
9211,[0.10108769 0.82422868],8,-1,-1,2,-1
9212,[0.83405112 0.37999315],7,6,"[0.7921949837838228, 0.3529120844654886]",4,-1
9213,[0.8113379  0.28881212],7,6,"[0.7921949837838228, 0.3529120844654886]",4,-1
9214,[0.81505524 0.40533635],4,6,"[0.7921949837838228, 0.3529120844654886]",4,6
9215,[0.33977573 0.59973441],9,-1,-1,2,-1
9216,[0.32912574 0.67820254],1,8,"[0.36289448703783916, 0.7073371999105278]",2,-1
9217,[0.17607661 0.69874735],8,7,"[0.17089520780330653, 0.7464713359575794]",2,8
9218,[0.79116229 0.31365452],7,6,"[0.7921949837838228, 0.3529120844654886]",4,-1
9219,[0.3916878  0.93249322],2,-1,-1,2,-1
9220,[0.73732337 0.63578719],0,4,"[0.7285423500480827, 0.6073851354724864]",3,2
9221,[0.80265833 0.33417779],7,6,"[0.7921949837838228, 0.3529120844654886]",4,-1
9222,[0.8137062  0.28924523],7,6,"[0.7921949837838228, 0.3529120844654886]",4,-1
9223,[0.70095685 0.60147806],0,4,"[0.7285423500480827, 0.6073851354724864]",3,2
9224,[0.90905129 0.46873842],4,-1,-1,4,-1
9225,[0.82343578 0.51581622],0,2,"[0.8312266673252705, 0.4613441479074099]",4,-1
9226,[0.13218891 0.79053979],8,7,"[0.17089520780330653, 0.7464713359575794]",2,-1
9227,[0.77027033 0.33848124],7,6,"[0.7921949837838228, 0.3529120844654886]",4,-1
9228,[0.35251599 0.65845206],6,8,"[0.36289448703783916, 0.7073371999105278]",2,-1
9229,[0.76780795 0.36826099],7,6,"[0.7921949837838228, 0.3529120844654886]",4,-1
9230,[0.83198275 0.28199063],7,-1,-1,4,-1
9231,[0.35086368 0.67840846],1,8,"[0.36289448703783916, 0.7073371999105278]",2,-1
9232,[0.32228465 0.64426219],1,-1,-1,2,-1
9233,[0.12733747 0.40031474],3,5,"[0.12813625889338118, 0.45239712230086515]",1,1
9234,[0.45832617 0.53461875],9,-1,-1,2,-1
9235,[0.75156531 0.44352985],4,-1,-1,4,-1
9236,[0.37029669 0.63361241],9,0,"[0.4297636102329726, 0.6357143141723958]",2,-1
9237,[0.50742538 0.09180891],5,-1,-1,0,0
9238,[0.44973406 0.74259791],6,-1,-1,2,-1
9239,[0.40313709 0.59666232],9,0,"[0.4297636102329726, 0.6357143141723958]",2,-1
9240,[0.40128314 0.63555044],6,0,"[0.4297636102329726, 0.6357143141723958]",2,-1
9241,[0.69277361 0.59117838],0,4,"[0.7285423500480827, 0.6073851354724864]",3,2
9242,[0.29325887 0.72653404],1,9,"[0.2630806751638254, 0.7080875454644293]",2,9
9243,[0.23003416 0.73177531],8,9,"[0.2630806751638254, 0.7080875454644293]",2,-1
9244,[0.19241533 0.78550802],8,7,"[0.17089520780330653, 0.7464713359575794]",2,-1
9245,[0.17203125 0.76940406],8,7,"[0.17089520780330653, 0.7464713359575794]",2,8
9246,[0.3277486 0.919078 ],2,-1,-1,2,-1
9247,[0.46317477 0.13651219],5,3,"[0.5044907196570393, 0.16230287856274858]",0,0
9248,[0.45009976 0.56902698],9,0,"[0.4297636102329726, 0.6357143141723958]",2,-1
9249,[0.30926605 0.6523481 ],1,-1,-1,2,-1
9250,[0.71618137 0.57313604],0,4,"[0.7285423500480827, 0.6073851354724864]",3,2
9251,[0.65255534 0.6431431 ],0,-1,-1,3,2
9252,[0.79857993 0.33507938],7,6,"[0.7921949837838228, 0.3529120844654886]",4,-1
9253,[0.55181717 0.19907748],5,3,"[0.5044907196570393, 0.16230287856274858]",0,0
9254,[0.42830996 0.72516898],6,8,"[0.36289448703783916, 0.7073371999105278]",2,10
9255,[0.10543054 0.43468032],3,5,"[0.12813625889338118, 0.45239712230086515]",1,1
9256,[0.64425689 0.66241941],0,-1,-1,3,2
9257,[0.5101394  0.69765169],6,-1,-1,2,-1
9258,[0.46340817 0.16895097],5,3,"[0.5044907196570393, 0.16230287856274858]",0,0
9259,[0.19279558 0.80252814],8,7,"[0.17089520780330653, 0.7464713359575794]",2,-1
9260,[0.521655   0.06823098],5,-1,-1,0,0
9261,[0.79739237 0.38536805],7,6,"[0.7921949837838228, 0.3529120844654886]",4,6
9262,[0.47259516 0.16696904],5,3,"[0.5044907196570393, 0.16230287856274858]",0,0
9263,[0.78061871 0.30938655],7,6,"[0.7921949837838228, 0.3529120844654886]",4,-1
9264,[0.14663558 0.4573212 ],3,5,"[0.12813625889338118, 0.45239712230086515]",1,1
9265,[0.11068558 0.49922913],3,5,"[0.12813625889338118, 0.45239712230086515]",1,1
9266,[0.80709354 0.38462291],7,6,"[0.7921949837838228, 0.3529120844654886]",4,6
9267,[0.86946641 0.35686391],7,-1,-1,4,-1
9268,[0.52269519 0.1215088 ],5,3,"[0.5044907196570393, 0.16230287856274858]",0,0
9269,[0.38536726 0.6127674 ],9,0,"[0.4297636102329726, 0.6357143141723958]",2,12
9270,[0.79184376 0.37792184],7,6,"[0.7921949837838228, 0.3529120844654886]",4,6
9271,[0.42608281 0.64192248],6,0,"[0.4297636102329726, 0.6357143141723958]",2,-1
9272,[0.42927922 0.69170045],6,0,"[0.4297636102329726, 0.6357143141723958]",2,10
9273,[0.21409706 0.70981221],8,9,"[0.2630806751638254, 0.7080875454644293]",2,-1
9274,[0.45559962 0.70191636],6,-1,-1,2,10
9275,[0.2285397  0.70135888],8,9,"[0.2630806751638254, 0.7080875454644293]",2,-1
9276,[0.13798193 0.77067574],8,7,"[0.17089520780330653, 0.7464713359575794]",2,-1
9277,[0.80361667 0.38534799],4,6,"[0.7921949837838228, 0.3529120844654886]",4,6
9278,[0.29464038 0.85295435],2,1,"[0.3445904742281392, 0.8508004104108614]",2,-1
9279,[0.66161116 0.59035727],0,4,"[0.7285423500480827, 0.6073851354724864]",3,2
9280,[0.41263104 0.70605159],6,8,"[0.36289448703783916, 0.7073371999105278]",2,10
9281,[0.09923999 0.44170723],3,5,"[0.12813625889338118, 0.45239712230086515]",1,1
9282,[0.68551904 0.59243931],0,4,"[0.7285423500480827, 0.6073851354724864]",3,2
9283,[0.34943926 0.72013358],1,8,"[0.36289448703783916, 0.7073371999105278]",2,-1
9284,[0.49154903 0.15240282],5,3,"[0.5044907196570393, 0.16230287856274858]",0,0
9285,[0.75451592 0.56723767],0,4,"[0.7285423500480827, 0.6073851354724864]",3,2
9286,[0.22466445 0.64494726],1,-1,-1,2,-1
9287,[0.34119708 0.58872311],9,-1,-1,2,-1
9288,[0.73851983 0.59521738],0,4,"[0.7285423500480827, 0.6073851354724864]",3,2
9289,[0.46756274 0.71679924],6,-1,-1,2,10
9290,[0.41378389 0.59351118],9,0,"[0.4297636102329726, 0.6357143141723958]",2,-1
9291,[0.8609589 0.333655 ],7,-1,-1,4,-1
9292,[0.68997546 0.63452968],0,4,"[0.7285423500480827, 0.6073851354724864]",3,2
9293,[0.07968915 0.41684072],3,5,"[0.12813625889338118, 0.45239712230086515]",1,1
9294,[0.40496396 0.62544216],9,0,"[0.4297636102329726, 0.6357143141723958]",2,-1
9295,[0.31712107 0.70961308],1,8,"[0.36289448703783916, 0.7073371999105278]",2,9
9296,[0.11536544 0.74029797],8,7,"[0.17089520780330653, 0.7464713359575794]",2,-1
9297,[0.42589128 0.62824479],6,0,"[0.4297636102329726, 0.6357143141723958]",2,-1
9298,[0.80672286 0.45271959],4,2,"[0.8312266673252705, 0.4613441479074099]",4,7
9299,[0.15458291 0.74241296],8,7,"[0.17089520780330653, 0.7464713359575794]",2,8
9300,[0.68425694 0.67202445],0,-1,-1,3,2
9301,[0.1391519  0.47179792],3,5,"[0.12813625889338118, 0.45239712230086515]",1,1
9302,[0.7764914 0.6396198],0,4,"[0.7285423500480827, 0.6073851354724864]",3,2
9303,[0.32286906 0.79445219],1,1,"[0.3445904742281392, 0.8508004104108614]",2,-1
9304,[0.80629997 0.59204509],0,-1,-1,3,2
9305,[0.82387322 0.49101497],4,2,"[0.8312266673252705, 0.4613441479074099]",4,7
9306,[0.3163803  0.66225053],1,8,"[0.36289448703783916, 0.7073371999105278]",2,-1
9307,[0.44477536 0.58599567],9,0,"[0.4297636102329726, 0.6357143141723958]",2,11
9308,[0.50019503 0.69915481],6,-1,-1,2,-1
9309,[0.0316868  0.46035321],3,-1,-1,1,1
9310,[0.10887305 0.43029152],3,5,"[0.12813625889338118, 0.45239712230086515]",1,1
9311,[0.17024391 0.47154602],3,5,"[0.12813625889338118, 0.45239712230086515]",1,1
9312,[0.39823973 0.56976497],9,-1,-1,2,-1
9313,[0.31439101 0.92609347],2,-1,-1,2,-1
9314,[0.26174498 0.72664237],1,9,"[0.2630806751638254, 0.7080875454644293]",2,9
9315,[0.47137626 0.74135685],6,-1,-1,2,-1
9316,[0.71621788 0.59332143],0,4,"[0.7285423500480827, 0.6073851354724864]",3,2
9317,[0.45741982 0.55359683],9,-1,-1,2,-1
9318,[0.70758677 0.63566394],0,4,"[0.7285423500480827, 0.6073851354724864]",3,2
9319,[0.4374717  0.68106149],6,0,"[0.4297636102329726, 0.6357143141723958]",2,10
9320,[0.79197957 0.36341109],7,6,"[0.7921949837838228, 0.3529120844654886]",4,6
9321,[0.25854988 0.71976391],1,9,"[0.2630806751638254, 0.7080875454644293]",2,9
9322,[0.15981224 0.72762022],8,7,"[0.17089520780330653, 0.7464713359575794]",2,8
9323,[0.31882711 0.82731325],2,1,"[0.3445904742281392, 0.8508004104108614]",2,3
9324,[0.62414464 0.64506136],0,-1,-1,-1,2
9325,[0.88092855 0.39538643],7,-1,-1,4,-1
9326,[0.25029917 0.75172958],1,9,"[0.2630806751638254, 0.7080875454644293]",2,-1
9327,[0.18739809 0.78717401],8,7,"[0.17089520780330653, 0.7464713359575794]",2,-1
9328,[0.79357079 0.35487647],7,6,"[0.7921949837838228, 0.3529120844654886]",4,6
9329,[0.84733974 0.46390241],4,2,"[0.8312266673252705, 0.4613441479074099]",4,-1
9330,[0.83279395 0.46531475],4,2,"[0.8312266673252705, 0.4613441479074099]",4,7
9331,[0.76240527 0.61270473],0,4,"[0.7285423500480827, 0.6073851354724864]",3,2
9332,[0.44374894 0.13208314],5,3,"[0.5044907196570393, 0.16230287856274858]",0,0
9333,[0.8007276  0.41175971],7,2,"[0.8312266673252705, 0.4613441479074099]",4,-1
9334,[0.83569054 0.39138084],7,6,"[0.7921949837838228, 0.3529120844654886]",4,-1
9335,[0.80310015 0.36910645],7,6,"[0.7921949837838228, 0.3529120844654886]",4,6
9336,[0.11423761 0.40739663],3,5,"[0.12813625889338118, 0.45239712230086515]",1,1
9337,[0.08638517 0.43876275],3,5,"[0.12813625889338118, 0.45239712230086515]",1,1
9338,[0.52036339 0.14719878],5,3,"[0.5044907196570393, 0.16230287856274858]",0,0
9339,[0.69300629 0.62883307],0,4,"[0.7285423500480827, 0.6073851354724864]",3,2
9340,[0.52878013 0.69846054],6,-1,-1,2,-1
9341,[0.91097768 0.43933009],4,-1,-1,4,-1
9342,[0.525548   0.14604764],5,3,"[0.5044907196570393, 0.16230287856274858]",0,0
9343,[0.31469698 0.90426468],2,1,"[0.3445904742281392, 0.8508004104108614]",2,-1
9344,[0.37260099 0.57208581],9,-1,-1,2,-1
9345,[0.19842706 0.69215275],8,7,"[0.17089520780330653, 0.7464713359575794]",2,-1
9346,[0.39899135 0.57932723],9,0,"[0.4297636102329726, 0.6357143141723958]",2,11
9347,[0.13437872 0.39603861],3,5,"[0.12813625889338118, 0.45239712230086515]",1,1
9348,[0.5449176  0.53947188],9,-1,-1,2,-1
9349,[0.90130556 0.28591074],7,-1,-1,-1,-1
9350,[0.43788792 0.62289161],6,0,"[0.4297636102329726, 0.6357143141723958]",2,-1
9351,[0.32760068 0.93837606],2,-1,-1,2,-1
9352,[0.1238845  0.77660762],8,7,"[0.17089520780330653, 0.7464713359575794]",2,-1
9353,[0.21877708 0.71882899],8,9,"[0.2630806751638254, 0.7080875454644293]",2,-1
9354,[0.43895319 0.68215856],6,0,"[0.4297636102329726, 0.6357143141723958]",2,10
9355,[0.40166118 0.57770348],9,0,"[0.4297636102329726, 0.6357143141723958]",2,11
9356,[0.17118082 0.38236406],3,-1,-1,1,1
9357,[0.32433594 0.66570907],1,8,"[0.36289448703783916, 0.7073371999105278]",2,-1
9358,[0.51270544 0.15631985],5,3,"[0.5044907196570393, 0.16230287856274858]",0,0
9359,[0.40845258 0.58422701],9,0,"[0.4297636102329726, 0.6357143141723958]",2,11
9360,[0.5159763  0.10507228],5,3,"[0.5044907196570393, 0.16230287856274858]",0,0
9361,[0.45826395 0.65776721],6,0,"[0.4297636102329726, 0.6357143141723958]",2,-1
9362,[0.36224842 0.8894931 ],2,1,"[0.3445904742281392, 0.8508004104108614]",2,-1
9363,[0.0975715 0.4366199],3,5,"[0.12813625889338118, 0.45239712230086515]",1,1
9364,[0.45977446 0.71449368],6,-1,-1,2,10
9365,[0.36786745 0.57924549],9,-1,-1,2,-1
9366,[0.36989668 0.86030247],2,1,"[0.3445904742281392, 0.8508004104108614]",2,5
9367,[0.34181057 0.84656857],2,1,"[0.3445904742281392, 0.8508004104108614]",2,-1
9368,[0.77743177 0.35821298],7,6,"[0.7921949837838228, 0.3529120844654886]",4,-1
9369,[0.40023836 0.67550333],6,8,"[0.36289448703783916, 0.7073371999105278]",2,-1
9370,[0.5172517 0.2680904],5,-1,-1,0,0
9371,[0.81967509 0.49125672],4,2,"[0.8312266673252705, 0.4613441479074099]",4,7
9372,[0.41079879 0.73769965],6,8,"[0.36289448703783916, 0.7073371999105278]",2,-1
9373,[0.43889849 0.64555737],6,0,"[0.4297636102329726, 0.6357143141723958]",2,-1
9374,[0.14343259 0.75702689],8,7,"[0.17089520780330653, 0.7464713359575794]",2,-1
9375,[0.81627682 0.35596788],7,6,"[0.7921949837838228, 0.3529120844654886]",4,-1
9376,[0.24738765 0.76346862],8,9,"[0.2630806751638254, 0.7080875454644293]",2,-1
9377,[0.50555741 0.17988715],5,3,"[0.5044907196570393, 0.16230287856274858]",0,0
9378,[0.42326666 0.59027245],9,0,"[0.4297636102329726, 0.6357143141723958]",2,-1
9379,[0.21139255 0.74066935],8,7,"[0.17089520780330653, 0.7464713359575794]",2,8
9380,[0.12739265 0.70542712],8,7,"[0.17089520780330653, 0.7464713359575794]",2,-1
9381,[0.40928734 0.70836284],6,8,"[0.36289448703783916, 0.7073371999105278]",2,10
9382,[0.80259765 0.38955866],7,6,"[0.7921949837838228, 0.3529120844654886]",4,6
9383,[0.57536107 0.20680825],5,-1,-1,0,0
9384,[0.82384941 0.43024171],4,2,"[0.8312266673252705, 0.4613441479074099]",4,7
9385,[0.78533846 0.49927313],4,2,"[0.8312266673252705, 0.4613441479074099]",4,-1
9386,[0.30042659 0.75847646],1,9,"[0.2630806751638254, 0.7080875454644293]",2,-1
9387,[0.42023356 0.60607153],9,0,"[0.4297636102329726, 0.6357143141723958]",2,-1
9388,[0.48277432 0.21814775],5,3,"[0.5044907196570393, 0.16230287856274858]",0,0
9389,[0.3044024  0.79151262],1,-1,-1,2,-1
9390,[0.37398359 0.9089228 ],2,1,"[0.3445904742281392, 0.8508004104108614]",2,-1
9391,[0.16740803 0.45383519],3,5,"[0.12813625889338118, 0.45239712230086515]",1,1
9392,[0.78893733 0.39456088],4,6,"[0.7921949837838228, 0.3529120844654886]",4,6
9393,[0.22181912 0.7632817 ],8,7,"[0.17089520780330653, 0.7464713359575794]",2,-1
9394,[0.32217839 0.81585039],2,1,"[0.3445904742281392, 0.8508004104108614]",2,3
9395,[0.43126652 0.71555584],6,8,"[0.36289448703783916, 0.7073371999105278]",2,10
9396,[0.21091113 0.70984967],8,9,"[0.2630806751638254, 0.7080875454644293]",2,-1
9397,[0.26206423 0.71996808],1,9,"[0.2630806751638254, 0.7080875454644293]",2,9
9398,[0.78646715 0.44627795],4,2,"[0.8312266673252705, 0.4613441479074099]",4,-1
9399,[0.44109661 0.72288634],6,-1,-1,2,10
9400,[0.18567815 0.45337764],3,5,"[0.12813625889338118, 0.45239712230086515]",1,1
9401,[0.40493708 0.69078208],6,8,"[0.36289448703783916, 0.7073371999105278]",2,10
9402,[0.40057712 0.53959698],9,-1,-1,2,-1
9403,[0.43444408 0.63214481],9,0,"[0.4297636102329726, 0.6357143141723958]",2,-1
9404,[0.15021401 0.40143322],3,5,"[0.12813625889338118, 0.45239712230086515]",1,1
9405,[0.75420011 0.33318523],7,6,"[0.7921949837838228, 0.3529120844654886]",4,-1
9406,[0.4096566  0.59514933],9,0,"[0.4297636102329726, 0.6357143141723958]",2,-1
9407,[0.82679077 0.37041509],7,6,"[0.7921949837838228, 0.3529120844654886]",4,-1
9408,[0.52068194 0.09699933],5,3,"[0.5044907196570393, 0.16230287856274858]",0,0
9409,[0.7805631  0.41753779],7,6,"[0.7921949837838228, 0.3529120844654886]",4,-1
9410,[0.37624766 0.80574562],2,1,"[0.3445904742281392, 0.8508004104108614]",2,-1
9411,[0.49764942 0.70817963],6,-1,-1,2,-1
9412,[0.05041648 0.50400698],3,-1,-1,1,1
9413,[0.17108379 0.49690223],3,5,"[0.12813625889338118, 0.45239712230086515]",1,1
9414,[0.35591045 0.90606165],2,1,"[0.3445904742281392, 0.8508004104108614]",2,-1
9415,[0.18237072 0.45664195],3,5,"[0.12813625889338118, 0.45239712230086515]",1,1
9416,[0.20758875 0.69126274],1,9,"[0.2630806751638254, 0.7080875454644293]",2,-1
9417,[0.15963183 0.79266478],8,7,"[0.17089520780330653, 0.7464713359575794]",2,-1
9418,[0.50509996 0.16915039],5,3,"[0.5044907196570393, 0.16230287856274858]",0,0
9419,[0.45946646 0.66775919],6,0,"[0.4297636102329726, 0.6357143141723958]",2,-1
9420,[0.83831113 0.52855898],4,2,"[0.8312266673252705, 0.4613441479074099]",4,-1
9421,[0.14894943 0.77498344],8,7,"[0.17089520780330653, 0.7464713359575794]",2,-1
9422,[0.43180155 0.57325305],9,0,"[0.4297636102329726, 0.6357143141723958]",2,-1
9423,[0.82960676 0.42097236],4,2,"[0.8312266673252705, 0.4613441479074099]",4,-1
9424,[0.51991525 0.15285514],5,3,"[0.5044907196570393, 0.16230287856274858]",0,0
9425,[0.31784318 0.88407158],2,1,"[0.3445904742281392, 0.8508004104108614]",2,-1
9426,[0.84864155 0.4861611 ],4,2,"[0.8312266673252705, 0.4613441479074099]",4,-1
9427,[0.20527586 0.74496738],8,7,"[0.17089520780330653, 0.7464713359575794]",2,8
9428,[0.73871751 0.39137968],7,6,"[0.7921949837838228, 0.3529120844654886]",4,-1
9429,[0.8278515 0.2925573],7,-1,-1,4,-1
9430,[0.32397407 0.68934848],1,8,"[0.36289448703783916, 0.7073371999105278]",2,9
9431,[0.0677483  0.40936846],3,-1,-1,1,1
9432,[0.72078504 0.63012093],0,4,"[0.7285423500480827, 0.6073851354724864]",3,2
9433,[0.45876666 0.66479081],6,0,"[0.4297636102329726, 0.6357143141723958]",2,-1
9434,[0.36997602 0.81623255],2,1,"[0.3445904742281392, 0.8508004104108614]",2,-1
9435,[0.10068373 0.47635073],3,5,"[0.12813625889338118, 0.45239712230086515]",1,1
9436,[0.41611798 0.86658221],2,-1,-1,2,-1
9437,[0.18724414 0.53238272],3,-1,-1,1,1
9438,[0.32523485 0.66673708],1,8,"[0.36289448703783916, 0.7073371999105278]",2,-1
9439,[0.3809704  0.72001876],6,8,"[0.36289448703783916, 0.7073371999105278]",2,-1
9440,[0.1684691  0.70878195],8,7,"[0.17089520780330653, 0.7464713359575794]",2,8
9441,[0.33970723 0.71546543],1,8,"[0.36289448703783916, 0.7073371999105278]",2,9
9442,[0.86793954 0.29206473],7,-1,-1,4,-1
9443,[0.49491846 0.14438489],5,3,"[0.5044907196570393, 0.16230287856274858]",0,0
9444,[0.24486997 0.74031806],1,9,"[0.2630806751638254, 0.7080875454644293]",2,-1
9445,[0.19322591 0.69973483],8,7,"[0.17089520780330653, 0.7464713359575794]",2,8
9446,[0.19110051 0.77200569],8,7,"[0.17089520780330653, 0.7464713359575794]",2,8
9447,[0.10269926 0.69377596],8,-1,-1,2,-1
9448,[0.06534963 0.47304177],3,5,"[0.12813625889338118, 0.45239712230086515]",1,1
9449,[0.75375704 0.5601176 ],0,4,"[0.7285423500480827, 0.6073851354724864]",3,2
9450,[0.88413191 0.45962267],4,2,"[0.8312266673252705, 0.4613441479074099]",4,-1
9451,[0.18846697 0.73731479],8,7,"[0.17089520780330653, 0.7464713359575794]",2,8
9452,[0.79057649 0.5505743 ],4,-1,-1,3,2
9453,[0.46768653 0.65274519],6,0,"[0.4297636102329726, 0.6357143141723958]",2,-1
9454,[0.57202898 0.09541143],5,-1,-1,0,0
9455,[0.09513337 0.43178044],3,5,"[0.12813625889338118, 0.45239712230086515]",1,1
9456,[0.81979379 0.56062527],0,-1,-1,3,2
9457,[0.48377449 0.10307299],5,3,"[0.5044907196570393, 0.16230287856274858]",0,0
9458,[0.82784925 0.48091013],4,2,"[0.8312266673252705, 0.4613441479074099]",4,7
9459,[0.82510666 0.42909843],7,2,"[0.8312266673252705, 0.4613441479074099]",4,7
9460,[0.48298611 0.1866139 ],5,3,"[0.5044907196570393, 0.16230287856274858]",0,0
9461,[0.79316958 0.36487774],7,6,"[0.7921949837838228, 0.3529120844654886]",4,6
9462,[0.42110293 0.67106728],6,0,"[0.4297636102329726, 0.6357143141723958]",2,10
9463,[0.1463101  0.52666803],3,-1,-1,1,1
9464,[0.48555409 0.19643598],5,3,"[0.5044907196570393, 0.16230287856274858]",0,0
9465,[0.49548419 0.13745885],5,3,"[0.5044907196570393, 0.16230287856274858]",0,0
9466,[0.44628871 0.62242817],9,0,"[0.4297636102329726, 0.6357143141723958]",2,-1
9467,[0.39918674 0.67034184],9,0,"[0.4297636102329726, 0.6357143141723958]",2,-1
9468,[0.38380689 0.75598054],6,8,"[0.36289448703783916, 0.7073371999105278]",2,-1
9469,[0.48049244 0.72784187],6,-1,-1,2,-1
9470,[0.17352869 0.80096612],8,7,"[0.17089520780330653, 0.7464713359575794]",2,-1
9471,[0.85109823 0.46493977],7,2,"[0.8312266673252705, 0.4613441479074099]",4,-1
9472,[0.68408515 0.6281184 ],0,4,"[0.7285423500480827, 0.6073851354724864]",3,2
9473,[0.3545472  0.89861247],2,1,"[0.3445904742281392, 0.8508004104108614]",2,-1
9474,[0.83366366 0.32076916],7,6,"[0.7921949837838228, 0.3529120844654886]",4,-1
9475,[0.49913172 0.67985294],6,-1,-1,2,-1
9476,[0.51041489 0.64190646],9,-1,-1,2,-1
9477,[0.2864043  0.69131916],1,9,"[0.2630806751638254, 0.7080875454644293]",2,9
9478,[0.89972228 0.38237473],4,-1,-1,4,-1
9479,[0.15741672 0.48708658],3,5,"[0.12813625889338118, 0.45239712230086515]",1,1
9480,[0.71773964 0.65673316],0,4,"[0.7285423500480827, 0.6073851354724864]",3,2
9481,[0.4096555  0.54932878],9,-1,-1,2,-1
9482,[0.54861042 0.15114318],5,3,"[0.5044907196570393, 0.16230287856274858]",0,0
9483,[0.48601678 0.17659614],5,3,"[0.5044907196570393, 0.16230287856274858]",0,0
9484,[0.4040034  0.81869945],2,1,"[0.3445904742281392, 0.8508004104108614]",2,-1
9485,[0.72771347 0.66402171],0,4,"[0.7285423500480827, 0.6073851354724864]",3,2
9486,[0.41263239 0.15453402],5,-1,-1,0,0
9487,[0.40592686 0.89555789],2,-1,-1,2,-1
9488,[0.8093699  0.38271887],7,6,"[0.7921949837838228, 0.3529120844654886]",4,6
9489,[0.17378247 0.41600882],3,5,"[0.12813625889338118, 0.45239712230086515]",1,1
9490,[0.32054381 0.80713474],1,1,"[0.3445904742281392, 0.8508004104108614]",2,3
9491,[0.84765973 0.28862563],7,-1,-1,4,-1
9492,[0.37067722 0.63340184],9,0,"[0.4297636102329726, 0.6357143141723958]",2,-1
9493,[0.82374086 0.41604844],7,2,"[0.8312266673252705, 0.4613441479074099]",4,-1
9494,[0.813755   0.43086563],7,2,"[0.8312266673252705, 0.4613441479074099]",4,7
9495,[0.4707284  0.72787315],6,-1,-1,2,-1
9496,[0.65063108 0.60532214],0,-1,-1,3,2
9497,[0.31599093 0.68026211],1,8,"[0.36289448703783916, 0.7073371999105278]",2,9
9498,[0.32517768 0.82371502],2,1,"[0.3445904742281392, 0.8508004104108614]",2,-1
9499,[0.43505226 0.58437405],9,0,"[0.4297636102329726, 0.6357143141723958]",2,11
9500,[0.24553726 0.7415555 ],8,9,"[0.2630806751638254, 0.7080875454644293]",2,-1
9501,[0.48250694 0.65136403],6,0,"[0.4297636102329726, 0.6357143141723958]",2,-1
9502,[0.17336636 0.45141775],3,5,"[0.12813625889338118, 0.45239712230086515]",1,1
9503,[0.42525444 0.53874187],9,-1,-1,2,-1
9504,[0.31318648 0.93612079],2,-1,-1,2,-1
9505,[0.18810302 0.55015035],3,-1,-1,1,1
9506,[0.37839948 0.79769243],6,1,"[0.3445904742281392, 0.8508004104108614]",2,-1
9507,[0.38002696 0.7991892 ],6,1,"[0.3445904742281392, 0.8508004104108614]",2,-1
9508,[0.82868213 0.56820085],4,-1,-1,3,2
9509,[0.79009202 0.45939992],4,2,"[0.8312266673252705, 0.4613441479074099]",4,-1
9510,[0.30755417 0.72081599],1,9,"[0.2630806751638254, 0.7080875454644293]",2,9
9511,[0.28772913 0.73241928],1,9,"[0.2630806751638254, 0.7080875454644293]",2,9
9512,[0.19223424 0.79797273],8,7,"[0.17089520780330653, 0.7464713359575794]",2,-1
9513,[0.84745522 0.41787169],7,2,"[0.8312266673252705, 0.4613441479074099]",4,-1
9514,[0.81679555 0.49176875],4,2,"[0.8312266673252705, 0.4613441479074099]",4,-1
9515,[0.76436289 0.35883064],7,6,"[0.7921949837838228, 0.3529120844654886]",4,-1
9516,[0.25384368 0.63336405],1,-1,-1,2,-1
9517,[0.12742477 0.65705972],8,-1,-1,2,-1
9518,[0.24953361 0.79244812],8,-1,-1,2,-1
9519,[0.3536119  0.85652508],2,1,"[0.3445904742281392, 0.8508004104108614]",2,5
9520,[0.27574346 0.69005151],1,9,"[0.2630806751638254, 0.7080875454644293]",2,9
9521,[0.5284718  0.18448857],5,3,"[0.5044907196570393, 0.16230287856274858]",0,0
9522,[0.50080564 0.1693198 ],5,3,"[0.5044907196570393, 0.16230287856274858]",0,0
9523,[0.87110275 0.37326885],7,-1,-1,4,-1
9524,[0.79149537 0.54324223],4,-1,-1,3,2
9525,[0.68444881 0.66352176],0,-1,-1,3,2
9526,[0.53146237 0.20909942],5,3,"[0.5044907196570393, 0.16230287856274858]",0,0
9527,[0.05025183 0.47861674],3,-1,-1,1,1
9528,[0.31487351 0.7012956 ],1,8,"[0.36289448703783916, 0.7073371999105278]",2,9
9529,[0.73633186 0.30249566],7,-1,-1,4,-1
9530,[0.73362054 0.33327485],7,6,"[0.7921949837838228, 0.3529120844654886]",4,-1
9531,[0.41474207 0.67544444],6,0,"[0.4297636102329726, 0.6357143141723958]",2,10
9532,[0.29420878 0.7476631 ],1,9,"[0.2630806751638254, 0.7080875454644293]",2,-1
9533,[0.07502938 0.4977116 ],3,5,"[0.12813625889338118, 0.45239712230086515]",1,1
9534,[0.26729506 0.79758437],2,-1,-1,2,-1
9535,[0.29526714 0.71012226],1,9,"[0.2630806751638254, 0.7080875454644293]",2,9
9536,[0.17379244 0.44293201],3,5,"[0.12813625889338118, 0.45239712230086515]",1,1
9537,[0.38462728 0.67761339],6,8,"[0.36289448703783916, 0.7073371999105278]",2,-1
9538,[0.43499057 0.61221101],9,0,"[0.4297636102329726, 0.6357143141723958]",2,-1
9539,[0.36281936 0.81417485],2,1,"[0.3445904742281392, 0.8508004104108614]",2,4
9540,[0.44860689 0.73961301],6,-1,-1,2,-1
9541,[0.49554671 0.20117435],5,3,"[0.5044907196570393, 0.16230287856274858]",0,0
9542,[0.28109265 0.73031728],1,9,"[0.2630806751638254, 0.7080875454644293]",2,9
9543,[0.66669918 0.61467255],0,4,"[0.7285423500480827, 0.6073851354724864]",3,2
9544,[0.17875734 0.69347438],8,7,"[0.17089520780330653, 0.7464713359575794]",2,-1
9545,[0.37502067 0.59431288],9,0,"[0.4297636102329726, 0.6357143141723958]",2,-1
9546,[0.39050142 0.90443419],2,-1,-1,2,-1
9547,[0.44004156 0.10209639],5,-1,-1,0,0
9548,[0.80363262 0.36173444],7,6,"[0.7921949837838228, 0.3529120844654886]",4,6
9549,[0.88204447 0.37894696],7,-1,-1,4,-1
9550,[0.78276942 0.63907337],0,4,"[0.7285423500480827, 0.6073851354724864]",3,2
9551,[0.4324136  0.70269275],6,0,"[0.4297636102329726, 0.6357143141723958]",2,10
9552,[0.45468015 0.66095532],6,0,"[0.4297636102329726, 0.6357143141723958]",2,-1
9553,[0.8503598  0.51505511],4,2,"[0.8312266673252705, 0.4613441479074099]",4,-1
9554,[0.19232955 0.47952764],3,5,"[0.12813625889338118, 0.45239712230086515]",1,1
9555,[0.39248254 0.82769024],2,1,"[0.3445904742281392, 0.8508004104108614]",2,-1
9556,[0.73138629 0.49396235],7,-1,-1,3,2
9557,[0.34888582 0.88122719],2,1,"[0.3445904742281392, 0.8508004104108614]",2,-1
9558,[0.47784169 0.66506522],6,0,"[0.4297636102329726, 0.6357143141723958]",2,-1
9559,[0.35233975 0.71180624],1,8,"[0.36289448703783916, 0.7073371999105278]",2,-1
9560,[0.26009155 0.75474824],8,9,"[0.2630806751638254, 0.7080875454644293]",2,-1
9561,[0.69463601 0.63775456],0,4,"[0.7285423500480827, 0.6073851354724864]",3,2
9562,[0.36129974 0.81706179],2,1,"[0.3445904742281392, 0.8508004104108614]",2,4
9563,[0.11669442 0.53833484],3,-1,-1,1,1
9564,[0.84456742 0.40778774],4,2,"[0.8312266673252705, 0.4613441479074099]",4,-1
9565,[0.799571   0.39825325],4,6,"[0.7921949837838228, 0.3529120844654886]",4,-1
9566,[0.52608368 0.19082771],5,3,"[0.5044907196570393, 0.16230287856274858]",0,0
9567,[0.39300421 0.80163819],2,1,"[0.3445904742281392, 0.8508004104108614]",2,-1
9568,[0.72315209 0.564616  ],0,4,"[0.7285423500480827, 0.6073851354724864]",3,2
9569,[0.86909345 0.51209819],4,2,"[0.8312266673252705, 0.4613441479074099]",4,-1
9570,[0.74184686 0.6257047 ],0,4,"[0.7285423500480827, 0.6073851354724864]",3,2
9571,[0.73234319 0.58650582],0,4,"[0.7285423500480827, 0.6073851354724864]",3,2
9572,[0.24999265 0.68867861],1,9,"[0.2630806751638254, 0.7080875454644293]",2,-1
9573,[0.77635746 0.55221881],0,-1,-1,3,2
9574,[0.4842735  0.16450389],5,3,"[0.5044907196570393, 0.16230287856274858]",0,0
9575,[0.74315395 0.32121911],7,6,"[0.7921949837838228, 0.3529120844654886]",4,-1
9576,[0.13651461 0.52518706],3,-1,-1,1,1
9577,[0.51306187 0.161772  ],5,3,"[0.5044907196570393, 0.16230287856274858]",0,0
9578,[0.42014739 0.69584745],6,8,"[0.36289448703783916, 0.7073371999105278]",2,10
9579,[0.51410241 0.18237372],5,3,"[0.5044907196570393, 0.16230287856274858]",0,0
9580,[0.71467733 0.61491417],0,4,"[0.7285423500480827, 0.6073851354724864]",3,2
9581,[0.53276996 0.13369945],5,3,"[0.5044907196570393, 0.16230287856274858]",0,0
9582,[0.80539362 0.3236213 ],7,6,"[0.7921949837838228, 0.3529120844654886]",4,-1
9583,[0.83176772 0.30799454],7,6,"[0.7921949837838228, 0.3529120844654886]",4,-1
9584,[0.30083258 0.73019358],1,9,"[0.2630806751638254, 0.7080875454644293]",2,9
9585,[0.4112588  0.59183291],9,0,"[0.4297636102329726, 0.6357143141723958]",2,-1
9586,[0.28456436 0.61985443],1,-1,-1,2,-1
9587,[0.18495576 0.45701898],3,5,"[0.12813625889338118, 0.45239712230086515]",1,1
9588,[0.321447   0.72180422],1,8,"[0.36289448703783916, 0.7073371999105278]",2,9
9589,[0.20013784 0.74628878],8,7,"[0.17089520780330653, 0.7464713359575794]",2,8
9590,[0.35052373 0.72089531],1,8,"[0.36289448703783916, 0.7073371999105278]",2,-1
9591,[0.07405705 0.48288375],3,5,"[0.12813625889338118, 0.45239712230086515]",1,1
9592,[0.08327633 0.50665454],3,-1,-1,1,1
9593,[0.41508008 0.58549019],9,0,"[0.4297636102329726, 0.6357143141723958]",2,11
9594,[0.81347765 0.35142292],7,6,"[0.7921949837838228, 0.3529120844654886]",4,-1
9595,[0.80983579 0.30901193],7,6,"[0.7921949837838228, 0.3529120844654886]",4,-1
9596,[0.26337193 0.71370531],1,9,"[0.2630806751638254, 0.7080875454644293]",2,9
9597,[0.4853752  0.69008787],6,-1,-1,2,-1
9598,[0.80537174 0.30469036],7,6,"[0.7921949837838228, 0.3529120844654886]",4,-1
9599,[0.33966458 0.91357855],2,1,"[0.3445904742281392, 0.8508004104108614]",2,-1
9600,[0.17562114 0.44868262],3,5,"[0.12813625889338118, 0.45239712230086515]",1,1
9601,[0.38015394 0.56452874],9,-1,-1,2,-1
9602,[0.21084123 0.69085088],8,9,"[0.2630806751638254, 0.7080875454644293]",2,-1
9603,[0.35594293 0.87880519],2,1,"[0.3445904742281392, 0.8508004104108614]",2,-1
9604,[0.31106576 0.7305588 ],1,9,"[0.2630806751638254, 0.7080875454644293]",2,9
9605,[0.56462543 0.1619546 ],5,3,"[0.5044907196570393, 0.16230287856274858]",0,0
9606,[0.15647475 0.46344055],3,5,"[0.12813625889338118, 0.45239712230086515]",1,1
9607,[0.45460994 0.59586513],9,0,"[0.4297636102329726, 0.6357143141723958]",2,-1
9608,[0.32344572 0.81654369],2,1,"[0.3445904742281392, 0.8508004104108614]",2,3
9609,[0.75023864 0.40247478],7,6,"[0.7921949837838228, 0.3529120844654886]",4,-1
9610,[0.80773609 0.38375467],7,6,"[0.7921949837838228, 0.3529120844654886]",4,6
9611,[0.31847694 0.89810284],2,1,"[0.3445904742281392, 0.8508004104108614]",2,-1
9612,[0.0996659  0.50399148],3,5,"[0.12813625889338118, 0.45239712230086515]",1,1
9613,[0.43641658 0.62778567],9,0,"[0.4297636102329726, 0.6357143141723958]",2,-1
9614,[0.37532415 0.87877881],2,1,"[0.3445904742281392, 0.8508004104108614]",2,-1
9615,[0.79738844 0.63754659],0,-1,-1,3,2
9616,[0.5142756  0.08686999],5,-1,-1,0,0
9617,[0.80060293 0.35828268],7,6,"[0.7921949837838228, 0.3529120844654886]",4,6
9618,[0.78021848 0.28899177],7,6,"[0.7921949837838228, 0.3529120844654886]",4,-1
9619,[0.46721394 0.69715254],6,-1,-1,2,-1
9620,[0.12345904 0.42587648],3,5,"[0.12813625889338118, 0.45239712230086515]",1,1
9621,[0.85037768 0.45618066],4,2,"[0.8312266673252705, 0.4613441479074099]",4,-1
9622,[0.43885975 0.72985227],6,-1,-1,2,-1
9623,[0.10609205 0.49013642],3,5,"[0.12813625889338118, 0.45239712230086515]",1,1
9624,[0.52570869 0.20106605],5,3,"[0.5044907196570393, 0.16230287856274858]",0,0
9625,[0.74351364 0.61586072],0,4,"[0.7285423500480827, 0.6073851354724864]",3,2
9626,[0.32175846 0.81604531],2,1,"[0.3445904742281392, 0.8508004104108614]",2,3
9627,[0.4877851 0.1745386],5,3,"[0.5044907196570393, 0.16230287856274858]",0,0
9628,[0.39341994 0.69000762],6,8,"[0.36289448703783916, 0.7073371999105278]",2,-1
9629,[0.49367853 0.14303724],5,3,"[0.5044907196570393, 0.16230287856274858]",0,0
9630,[0.84226272 0.47281639],4,2,"[0.8312266673252705, 0.4613441479074099]",4,-1
9631,[0.69304041 0.61925947],0,4,"[0.7285423500480827, 0.6073851354724864]",3,2
9632,[0.12834245 0.42879799],3,5,"[0.12813625889338118, 0.45239712230086515]",1,1
9633,[0.07301016 0.439035  ],3,5,"[0.12813625889338118, 0.45239712230086515]",1,1
9634,[0.12950971 0.40901376],3,5,"[0.12813625889338118, 0.45239712230086515]",1,1
9635,[0.8256095  0.37898443],7,6,"[0.7921949837838228, 0.3529120844654886]",4,-1
9636,[0.52747665 0.10031865],5,3,"[0.5044907196570393, 0.16230287856274858]",0,0
9637,[0.14105129 0.46417639],3,5,"[0.12813625889338118, 0.45239712230086515]",1,1
9638,[0.1107442  0.49581507],3,5,"[0.12813625889338118, 0.45239712230086515]",1,1
9639,[0.18292635 0.7640302 ],8,7,"[0.17089520780330653, 0.7464713359575794]",2,8
9640,[0.08678089 0.45596771],3,5,"[0.12813625889338118, 0.45239712230086515]",1,1
9641,[0.75939889 0.59831904],0,4,"[0.7285423500480827, 0.6073851354724864]",3,2
9642,[0.1271374  0.73326642],8,7,"[0.17089520780330653, 0.7464713359575794]",2,-1
9643,[0.39854478 0.61353459],6,0,"[0.4297636102329726, 0.6357143141723958]",2,-1
9644,[0.4977158  0.72342061],6,-1,-1,2,-1
9645,[0.50769483 0.14902181],5,3,"[0.5044907196570393, 0.16230287856274858]",0,0
9646,[0.26376872 0.63729694],1,-1,-1,2,-1
9647,[0.13404416 0.71238206],8,7,"[0.17089520780330653, 0.7464713359575794]",2,-1
9648,[0.4188947  0.08806313],5,-1,-1,0,0
9649,[0.30623875 0.67047268],1,9,"[0.2630806751638254, 0.7080875454644293]",2,9
9650,[0.45647028 0.7141751 ],6,-1,-1,2,-1
9651,[0.53805703 0.24614106],5,-1,-1,0,0
9652,[0.41784503 0.73114369],6,8,"[0.36289448703783916, 0.7073371999105278]",2,-1
9653,[0.42126874 0.71465479],6,8,"[0.36289448703783916, 0.7073371999105278]",2,10
9654,[0.13680524 0.38097417],3,-1,-1,1,1
9655,[0.87329792 0.42427554],4,2,"[0.8312266673252705, 0.4613441479074099]",4,-1
9656,[0.16909701 0.50583196],3,5,"[0.12813625889338118, 0.45239712230086515]",1,1
9657,[0.75779109 0.60959648],0,4,"[0.7285423500480827, 0.6073851354724864]",3,2
9658,[0.5271304  0.10844475],5,3,"[0.5044907196570393, 0.16230287856274858]",0,0
9659,[0.34114348 0.8806265 ],2,1,"[0.3445904742281392, 0.8508004104108614]",2,-1
9660,[0.14845209 0.50873732],3,5,"[0.12813625889338118, 0.45239712230086515]",1,1
9661,[0.71031691 0.55941666],0,4,"[0.7285423500480827, 0.6073851354724864]",3,2
9662,[0.1891827  0.77780252],8,7,"[0.17089520780330653, 0.7464713359575794]",2,8
9663,[0.20121524 0.66503703],8,-1,-1,2,-1
9664,[0.77047636 0.45522733],4,2,"[0.8312266673252705, 0.4613441479074099]",4,-1
9665,[0.49157846 0.12059404],5,3,"[0.5044907196570393, 0.16230287856274858]",0,0
9666,[0.68862513 0.68931465],0,-1,-1,3,2
9667,[0.83810727 0.44288005],4,2,"[0.8312266673252705, 0.4613441479074099]",4,-1
9668,[0.78828919 0.49014706],4,2,"[0.8312266673252705, 0.4613441479074099]",4,-1
9669,[0.32716723 0.63693826],1,-1,-1,2,-1
9670,[0.17160702 0.71441002],8,7,"[0.17089520780330653, 0.7464713359575794]",2,8
9671,[0.39435551 0.68144406],6,8,"[0.36289448703783916, 0.7073371999105278]",2,-1
9672,[0.45414398 0.0821649 ],5,-1,-1,0,0
9673,[0.30119844 0.68967144],1,9,"[0.2630806751638254, 0.7080875454644293]",2,9
9674,[0.67857284 0.59795707],0,4,"[0.7285423500480827, 0.6073851354724864]",3,2
9675,[0.35560804 0.90927999],2,1,"[0.3445904742281392, 0.8508004104108614]",2,-1
9676,[0.72327026 0.65026352],0,4,"[0.7285423500480827, 0.6073851354724864]",3,2
9677,[0.77288765 0.68214819],0,-1,-1,3,2
9678,[0.75827115 0.52863082],0,-1,-1,3,2
9679,[0.31452175 0.86343341],2,1,"[0.3445904742281392, 0.8508004104108614]",2,-1
9680,[0.3894551  0.87076781],2,1,"[0.3445904742281392, 0.8508004104108614]",2,-1
9681,[0.15696741 0.71950428],8,7,"[0.17089520780330653, 0.7464713359575794]",2,-1
9682,[0.15813584 0.51964011],3,-1,-1,1,1
9683,[0.14315125 0.74117359],8,7,"[0.17089520780330653, 0.7464713359575794]",2,-1
9684,[0.13956342 0.77296666],8,7,"[0.17089520780330653, 0.7464713359575794]",2,-1
9685,[0.51032738 0.17385828],5,3,"[0.5044907196570393, 0.16230287856274858]",0,0
9686,[0.4311848  0.68296217],6,0,"[0.4297636102329726, 0.6357143141723958]",2,10
9687,[0.45533785 0.66636299],6,0,"[0.4297636102329726, 0.6357143141723958]",2,-1
9688,[0.13180683 0.39361737],3,5,"[0.12813625889338118, 0.45239712230086515]",1,1
9689,[0.78530033 0.60092524],0,4,"[0.7285423500480827, 0.6073851354724864]",3,2
9690,[0.80246879 0.36896446],7,6,"[0.7921949837838228, 0.3529120844654886]",4,6
9691,[0.19294015 0.7401481 ],8,7,"[0.17089520780330653, 0.7464713359575794]",2,8
9692,[0.18010472 0.71338413],8,7,"[0.17089520780330653, 0.7464713359575794]",2,8
9693,[0.26871036 0.59669355],1,-1,-1,2,-1
9694,[0.73136703 0.37040825],7,6,"[0.7921949837838228, 0.3529120844654886]",4,-1
9695,[0.49822234 0.62525576],9,0,"[0.4297636102329726, 0.6357143141723958]",2,-1
9696,[0.36338951 0.74531901],2,8,"[0.36289448703783916, 0.7073371999105278]",2,-1
9697,[0.7868172 0.2907734],7,6,"[0.7921949837838228, 0.3529120844654886]",4,-1
9698,[0.79648826 0.5773577 ],0,-1,-1,3,2
9699,[0.34655841 0.71162777],1,8,"[0.36289448703783916, 0.7073371999105278]",2,9
9700,[0.79404629 0.44340948],4,2,"[0.8312266673252705, 0.4613441479074099]",4,-1
9701,[0.87289305 0.29700344],7,-1,-1,4,-1
9702,[0.39648576 0.57667541],9,0,"[0.4297636102329726, 0.6357143141723958]",2,11
9703,[0.73073275 0.32680954],7,6,"[0.7921949837838228, 0.3529120844654886]",4,-1
9704,[0.19345392 0.75320178],8,7,"[0.17089520780330653, 0.7464713359575794]",2,8
9705,[0.31579203 0.72413942],1,8,"[0.36289448703783916, 0.7073371999105278]",2,9
9706,[0.35525235 0.82034331],2,1,"[0.3445904742281392, 0.8508004104108614]",2,4
9707,[0.2752631  0.75066565],1,9,"[0.2630806751638254, 0.7080875454644293]",2,-1
9708,[0.41233339 0.62999323],9,0,"[0.4297636102329726, 0.6357143141723958]",2,13
9709,[0.41161632 0.62814863],9,0,"[0.4297636102329726, 0.6357143141723958]",2,13
9710,[0.51854131 0.17582488],5,3,"[0.5044907196570393, 0.16230287856274858]",0,0
9711,[0.18513683 0.52398122],3,-1,-1,1,1
9712,[0.78117796 0.3321449 ],7,6,"[0.7921949837838228, 0.3529120844654886]",4,-1
9713,[0.38930744 0.86032438],2,1,"[0.3445904742281392, 0.8508004104108614]",2,-1
9714,[0.72181534 0.60393913],0,4,"[0.7285423500480827, 0.6073851354724864]",3,2
9715,[0.72117675 0.64426386],0,4,"[0.7285423500480827, 0.6073851354724864]",3,2
9716,[0.36176085 0.88288822],2,1,"[0.3445904742281392, 0.8508004104108614]",2,-1
9717,[0.05524128 0.35702735],3,-1,-1,1,1
9718,[0.47801861 0.20079034],5,3,"[0.5044907196570393, 0.16230287856274858]",0,0
9719,[0.34631945 0.54429108],9,-1,-1,2,-1
9720,[0.03534473 0.44588125],3,-1,-1,1,1
9721,[0.31361943 0.7335324 ],1,8,"[0.36289448703783916, 0.7073371999105278]",2,9
9722,[0.08583275 0.44377509],3,5,"[0.12813625889338118, 0.45239712230086515]",1,1
9723,[0.23776478 0.76089315],8,9,"[0.2630806751638254, 0.7080875454644293]",2,-1
9724,[0.55232183 0.16681071],5,3,"[0.5044907196570393, 0.16230287856274858]",0,0
9725,[0.83498627 0.42381428],4,2,"[0.8312266673252705, 0.4613441479074099]",4,-1
9726,[0.72593807 0.6302118 ],0,4,"[0.7285423500480827, 0.6073851354724864]",3,2
9727,[0.69657043 0.64127976],0,4,"[0.7285423500480827, 0.6073851354724864]",3,2
9728,[0.76097851 0.62864755],0,4,"[0.7285423500480827, 0.6073851354724864]",3,2
9729,[0.4289472  0.54689057],9,-1,-1,2,-1
9730,[0.0959403  0.56114643],3,-1,-1,1,1
9731,[0.54059619 0.21285748],5,3,"[0.5044907196570393, 0.16230287856274858]",0,0
9732,[0.76241799 0.37376006],7,6,"[0.7921949837838228, 0.3529120844654886]",4,-1
9733,[0.79609141 0.33191771],7,6,"[0.7921949837838228, 0.3529120844654886]",4,-1
9734,[0.20807522 0.68898752],8,9,"[0.2630806751638254, 0.7080875454644293]",2,-1
9735,[0.81482972 0.34352534],7,6,"[0.7921949837838228, 0.3529120844654886]",4,-1
9736,[0.48365537 0.22116126],5,3,"[0.5044907196570393, 0.16230287856274858]",0,0
9737,[0.35603892 0.74307704],1,8,"[0.36289448703783916, 0.7073371999105278]",2,-1
9738,[0.24610273 0.73221757],8,9,"[0.2630806751638254, 0.7080875454644293]",2,-1
9739,[0.56244746 0.15098182],5,3,"[0.5044907196570393, 0.16230287856274858]",0,0
9740,[0.76036879 0.58825101],0,4,"[0.7285423500480827, 0.6073851354724864]",3,2
9741,[0.80309351 0.45478717],4,2,"[0.8312266673252705, 0.4613441479074099]",4,7
9742,[0.43915396 0.62241284],9,0,"[0.4297636102329726, 0.6357143141723958]",2,-1
9743,[0.39342319 0.74600743],2,8,"[0.36289448703783916, 0.7073371999105278]",2,-1
9744,[0.7792423  0.46380585],4,2,"[0.8312266673252705, 0.4613441479074099]",4,-1
9745,[0.41722976 0.63741523],9,0,"[0.4297636102329726, 0.6357143141723958]",2,-1
9746,[0.17890694 0.46635722],3,5,"[0.12813625889338118, 0.45239712230086515]",1,1
9747,[0.34748382 0.81687904],2,1,"[0.3445904742281392, 0.8508004104108614]",2,4
9748,[0.45076861 0.55164995],9,-1,-1,2,-1
9749,[0.40379586 0.59813842],9,0,"[0.4297636102329726, 0.6357143141723958]",2,-1
9750,[0.82896202 0.33104459],7,6,"[0.7921949837838228, 0.3529120844654886]",4,-1
9751,[0.19841022 0.72114025],8,7,"[0.17089520780330653, 0.7464713359575794]",2,8
9752,[0.16598627 0.45208543],3,5,"[0.12813625889338118, 0.45239712230086515]",1,1
9753,[0.3437854  0.78994638],2,1,"[0.3445904742281392, 0.8508004104108614]",2,-1
9754,[0.27208421 0.69658858],1,9,"[0.2630806751638254, 0.7080875454644293]",2,-1
9755,[0.19584679 0.7801926 ],8,7,"[0.17089520780330653, 0.7464713359575794]",2,8
9756,[0.41080494 0.68974164],6,8,"[0.36289448703783916, 0.7073371999105278]",2,10
9757,[0.16001337 0.48740116],3,5,"[0.12813625889338118, 0.45239712230086515]",1,1
9758,[0.51783624 0.15961337],5,3,"[0.5044907196570393, 0.16230287856274858]",0,0
9759,[0.78020699 0.63413392],0,4,"[0.7285423500480827, 0.6073851354724864]",3,2
9760,[0.2020701  0.41825427],3,-1,-1,1,1
9761,[0.80062525 0.42836365],7,2,"[0.8312266673252705, 0.4613441479074099]",4,-1
9762,[0.19232035 0.67196275],8,-1,-1,2,-1
9763,[0.42655429 0.77086007],6,-1,-1,2,-1
9764,[0.81464578 0.43007673],4,2,"[0.8312266673252705, 0.4613441479074099]",4,7
9765,[0.50080424 0.2027472 ],5,3,"[0.5044907196570393, 0.16230287856274858]",0,0
9766,[0.30347615 0.70193066],1,9,"[0.2630806751638254, 0.7080875454644293]",2,9
9767,[0.2188998  0.73431572],8,7,"[0.17089520780330653, 0.7464713359575794]",2,8
9768,[0.28120656 0.69581761],1,9,"[0.2630806751638254, 0.7080875454644293]",2,9
9769,[0.15657588 0.68761966],8,7,"[0.17089520780330653, 0.7464713359575794]",2,-1
9770,[0.83738127 0.50184954],4,2,"[0.8312266673252705, 0.4613441479074099]",4,-1
9771,[0.09239936 0.44902324],3,5,"[0.12813625889338118, 0.45239712230086515]",1,1
9772,[0.78443449 0.62321738],0,4,"[0.7285423500480827, 0.6073851354724864]",3,2
9773,[0.79078118 0.42431869],7,2,"[0.8312266673252705, 0.4613441479074099]",4,-1
9774,[0.24803212 0.70396102],1,9,"[0.2630806751638254, 0.7080875454644293]",2,-1
9775,[0.19954889 0.72723494],8,7,"[0.17089520780330653, 0.7464713359575794]",2,8
9776,[0.1944126  0.81292133],8,-1,-1,2,-1
9777,[0.08700576 0.41789402],3,5,"[0.12813625889338118, 0.45239712230086515]",1,1
9778,[0.47595561 0.74483658],6,-1,-1,2,-1
9779,[0.79720546 0.39156285],7,6,"[0.7921949837838228, 0.3529120844654886]",4,-1
9780,[0.79507157 0.37171321],7,6,"[0.7921949837838228, 0.3529120844654886]",4,6
9781,[0.47567332 0.665825  ],6,0,"[0.4297636102329726, 0.6357143141723958]",2,-1
9782,[0.82759803 0.51376309],4,2,"[0.8312266673252705, 0.4613441479074099]",4,-1
9783,[0.31184484 0.68906637],1,9,"[0.2630806751638254, 0.7080875454644293]",2,9
9784,[0.72269205 0.64525948],0,4,"[0.7285423500480827, 0.6073851354724864]",3,2
9785,[0.92431911 0.3702908 ],7,-1,-1,-1,-1
9786,[0.76786092 0.53538531],0,-1,-1,3,2
9787,[0.22289862 0.72686974],8,9,"[0.2630806751638254, 0.7080875454644293]",2,8
9788,[0.83673341 0.46140764],4,2,"[0.8312266673252705, 0.4613441479074099]",4,7
9789,[0.45597421 0.65586876],6,0,"[0.4297636102329726, 0.6357143141723958]",2,-1
9790,[0.77203893 0.55183843],0,-1,-1,3,2
9791,[0.41588205 0.68775093],6,0,"[0.4297636102329726, 0.6357143141723958]",2,10
9792,[0.28083253 0.67389216],1,9,"[0.2630806751638254, 0.7080875454644293]",2,9
9793,[0.43549511 0.62222181],9,0,"[0.4297636102329726, 0.6357143141723958]",2,-1
9794,[0.51605763 0.1533295 ],5,3,"[0.5044907196570393, 0.16230287856274858]",0,0
9795,[0.43159508 0.57525358],9,0,"[0.4297636102329726, 0.6357143141723958]",2,-1
9796,[0.36707337 0.83347562],2,1,"[0.3445904742281392, 0.8508004104108614]",2,-1
9797,[0.0535735 0.4577774],3,-1,-1,1,1
9798,[0.43209651 0.75691273],6,-1,-1,2,-1
9799,[0.40675942 0.88896107],2,-1,-1,2,-1
9800,[0.80098655 0.47384223],7,2,"[0.8312266673252705, 0.4613441479074099]",4,-1
9801,[0.48601391 0.20855828],5,3,"[0.5044907196570393, 0.16230287856274858]",0,0
9802,[0.50357835 0.15174878],5,3,"[0.5044907196570393, 0.16230287856274858]",0,0
9803,[0.7672922  0.67339789],0,-1,-1,3,2
9804,[0.53706438 0.17983338],5,3,"[0.5044907196570393, 0.16230287856274858]",0,0
9805,[0.43962787 0.17559528],5,3,"[0.5044907196570393, 0.16230287856274858]",0,0
9806,[0.13790942 0.45359043],3,5,"[0.12813625889338118, 0.45239712230086515]",1,1
9807,[0.24106454 0.6522505 ],1,9,"[0.2630806751638254, 0.7080875454644293]",2,-1
9808,[0.46420079 0.70978456],6,-1,-1,2,-1
9809,[0.16070294 0.45762953],3,5,"[0.12813625889338118, 0.45239712230086515]",1,1
9810,[0.82229279 0.50455491],4,2,"[0.8312266673252705, 0.4613441479074099]",4,-1
9811,[0.21854824 0.43544775],3,-1,-1,1,1
9812,[0.43697688 0.65576496],6,0,"[0.4297636102329726, 0.6357143141723958]",2,-1
9813,[0.39291995 0.75935662],6,8,"[0.36289448703783916, 0.7073371999105278]",2,-1
9814,[0.75625304 0.43390646],4,-1,-1,4,-1
9815,[0.11452191 0.51587947],3,5,"[0.12813625889338118, 0.45239712230086515]",1,1
9816,[0.36658811 0.90160379],2,1,"[0.3445904742281392, 0.8508004104108614]",2,-1
9817,[0.75128328 0.66372919],0,4,"[0.7285423500480827, 0.6073851354724864]",3,2
9818,[0.05549154 0.72899576],8,-1,-1,2,-1
9819,[0.2060587  0.78522841],8,7,"[0.17089520780330653, 0.7464713359575794]",2,-1
9820,[0.75152919 0.62910245],0,4,"[0.7285423500480827, 0.6073851354724864]",3,2
9821,[0.33008829 0.84645715],2,1,"[0.3445904742281392, 0.8508004104108614]",2,-1
9822,[0.21803882 0.7413815 ],8,7,"[0.17089520780330653, 0.7464713359575794]",2,8
9823,[0.32629882 0.8279535 ],2,1,"[0.3445904742281392, 0.8508004104108614]",2,-1
9824,[0.86247234 0.43187878],4,2,"[0.8312266673252705, 0.4613441479074099]",4,-1
9825,[0.32468253 0.71785941],1,8,"[0.36289448703783916, 0.7073371999105278]",2,9
9826,[0.20561393 0.75509679],8,7,"[0.17089520780330653, 0.7464713359575794]",2,8
9827,[0.39993876 0.7169795 ],6,8,"[0.36289448703783916, 0.7073371999105278]",2,10
9828,[0.04078167 0.47494086],3,-1,-1,1,1
9829,[0.354287   0.81416804],2,1,"[0.3445904742281392, 0.8508004104108614]",2,4
9830,[0.45679092 0.69041085],6,0,"[0.4297636102329726, 0.6357143141723958]",2,-1
9831,[0.84448776 0.47880428],4,2,"[0.8312266673252705, 0.4613441479074099]",4,-1
9832,[0.43837723 0.60364474],9,0,"[0.4297636102329726, 0.6357143141723958]",2,-1
9833,[0.7330994  0.62053992],0,4,"[0.7285423500480827, 0.6073851354724864]",3,2
9834,[0.15048383 0.68446065],8,7,"[0.17089520780330653, 0.7464713359575794]",2,-1
9835,[0.39164136 0.91549953],2,-1,-1,2,-1
9836,[0.41579161 0.56943208],9,0,"[0.4297636102329726, 0.6357143141723958]",2,-1
9837,[0.42369823 0.68573498],6,0,"[0.4297636102329726, 0.6357143141723958]",2,10
9838,[0.09361253 0.7667299 ],8,-1,-1,2,-1
9839,[0.78462669 0.58641887],0,4,"[0.7285423500480827, 0.6073851354724864]",3,2
9840,[0.31212284 0.68433281],1,9,"[0.2630806751638254, 0.7080875454644293]",2,9
9841,[0.08299083 0.4577026 ],3,5,"[0.12813625889338118, 0.45239712230086515]",1,1
9842,[0.51587297 0.24142937],5,-1,-1,0,0
9843,[0.18170843 0.73152055],8,7,"[0.17089520780330653, 0.7464713359575794]",2,8
9844,[0.44607659 0.67458603],6,0,"[0.4297636102329726, 0.6357143141723958]",2,10
9845,[0.41299704 0.61662407],9,0,"[0.4297636102329726, 0.6357143141723958]",2,-1
9846,[0.865699   0.38215473],7,-1,-1,4,-1
9847,[0.80660432 0.5817535 ],0,-1,-1,3,2
9848,[0.3145244  0.88320144],2,1,"[0.3445904742281392, 0.8508004104108614]",2,-1
9849,[0.48391279 0.09758358],5,3,"[0.5044907196570393, 0.16230287856274858]",0,0
9850,[0.24263502 0.74137736],8,9,"[0.2630806751638254, 0.7080875454644293]",2,-1
9851,[0.45201504 0.65575944],6,0,"[0.4297636102329726, 0.6357143141723958]",2,-1
9852,[0.8547551  0.44121413],4,2,"[0.8312266673252705, 0.4613441479074099]",4,-1
9853,[0.85587914 0.50246839],4,2,"[0.8312266673252705, 0.4613441479074099]",4,-1
9854,[0.35486778 0.60628234],9,-1,-1,2,-1
9855,[0.47214589 0.65198239],6,0,"[0.4297636102329726, 0.6357143141723958]",2,-1
9856,[0.10294638 0.40427432],3,5,"[0.12813625889338118, 0.45239712230086515]",1,1
9857,[0.23601018 0.73758252],1,9,"[0.2630806751638254, 0.7080875454644293]",2,8
9858,[0.76854113 0.3613715 ],7,6,"[0.7921949837838228, 0.3529120844654886]",4,-1
9859,[0.48216079 0.64449069],6,0,"[0.4297636102329726, 0.6357143141723958]",2,-1
9860,[0.76499014 0.36255256],7,6,"[0.7921949837838228, 0.3529120844654886]",4,-1
9861,[0.74495609 0.39338023],7,6,"[0.7921949837838228, 0.3529120844654886]",4,-1
9862,[0.31657719 0.6546452 ],1,-1,-1,2,-1
9863,[0.73024986 0.5919221 ],0,4,"[0.7285423500480827, 0.6073851354724864]",3,2
9864,[0.77392552 0.6390281 ],0,4,"[0.7285423500480827, 0.6073851354724864]",3,2
9865,[0.32142683 0.87392622],2,1,"[0.3445904742281392, 0.8508004104108614]",2,-1
9866,[0.79560176 0.35481   ],7,6,"[0.7921949837838228, 0.3529120844654886]",4,6
9867,[0.46059208 0.65208936],6,0,"[0.4297636102329726, 0.6357143141723958]",2,-1
9868,[0.32753898 0.72008524],1,8,"[0.36289448703783916, 0.7073371999105278]",2,9
9869,[0.56490478 0.21287064],5,-1,-1,0,0
9870,[0.55611772 0.10087804],5,-1,-1,0,0
9871,[0.79163995 0.43409237],7,2,"[0.8312266673252705, 0.4613441479074099]",4,-1
9872,[0.08947315 0.4767037 ],3,5,"[0.12813625889338118, 0.45239712230086515]",1,1
9873,[0.20592025 0.40025402],3,-1,-1,1,1
9874,[0.37123165 0.61747898],9,0,"[0.4297636102329726, 0.6357143141723958]",2,-1
9875,[0.38670469 0.68229243],6,8,"[0.36289448703783916, 0.7073371999105278]",2,-1
9876,[0.12112083 0.69181654],8,-1,-1,2,-1
9877,[0.50800722 0.17206339],5,3,"[0.5044907196570393, 0.16230287856274858]",0,0
9878,[0.39387663 0.71359341],6,8,"[0.36289448703783916, 0.7073371999105278]",2,10
9879,[0.10447373 0.43783219],3,5,"[0.12813625889338118, 0.45239712230086515]",1,1
9880,[0.13283001 0.49307617],3,5,"[0.12813625889338118, 0.45239712230086515]",1,1
9881,[0.37277388 0.61746489],9,0,"[0.4297636102329726, 0.6357143141723958]",2,-1
9882,[0.3768405  0.80272484],2,1,"[0.3445904742281392, 0.8508004104108614]",2,-1
9883,[0.88160268 0.53216915],4,-1,-1,4,-1
9884,[0.80922238 0.43419916],7,2,"[0.8312266673252705, 0.4613441479074099]",4,7
9885,[0.52473778 0.10766929],5,3,"[0.5044907196570393, 0.16230287856274858]",0,0
9886,[0.40560795 0.69339962],6,8,"[0.36289448703783916, 0.7073371999105278]",2,10
9887,[0.14742911 0.49079416],3,5,"[0.12813625889338118, 0.45239712230086515]",1,1
9888,[0.207167   0.66409013],1,-1,-1,2,-1
9889,[0.210026  0.6683619],8,9,"[0.2630806751638254, 0.7080875454644293]",2,-1
9890,[0.79810314 0.46774488],4,2,"[0.8312266673252705, 0.4613441479074099]",4,-1
9891,[0.80582746 0.4425562 ],4,2,"[0.8312266673252705, 0.4613441479074099]",4,-1
9892,[0.45410063 0.64013375],9,0,"[0.4297636102329726, 0.6357143141723958]",2,-1
9893,[0.73990172 0.62918997],0,4,"[0.7285423500480827, 0.6073851354724864]",3,2
9894,[0.79606245 0.35498979],7,6,"[0.7921949837838228, 0.3529120844654886]",4,6
9895,[0.79467017 0.30754702],7,6,"[0.7921949837838228, 0.3529120844654886]",4,-1
9896,[0.31166028 0.69658206],1,9,"[0.2630806751638254, 0.7080875454644293]",2,9
9897,[0.68784628 0.64997517],0,4,"[0.7285423500480827, 0.6073851354724864]",3,2
9898,[0.14594348 0.39137477],3,5,"[0.12813625889338118, 0.45239712230086515]",1,1
9899,[0.83073513 0.44319047],4,2,"[0.8312266673252705, 0.4613441479074099]",4,7
9900,[0.74096536 0.53001544],0,-1,-1,3,2
9901,[0.23202201 0.72018439],8,9,"[0.2630806751638254, 0.7080875454644293]",2,-1
9902,[0.54884486 0.1989396 ],5,3,"[0.5044907196570393, 0.16230287856274858]",0,0
9903,[0.36139487 0.59043308],9,-1,-1,2,-1
9904,[0.44707283 0.63575242],9,0,"[0.4297636102329726, 0.6357143141723958]",2,-1
9905,[0.4114204  0.63373564],9,0,"[0.4297636102329726, 0.6357143141723958]",2,13
9906,[0.40072383 0.62384332],9,0,"[0.4297636102329726, 0.6357143141723958]",2,13
9907,[0.46024532 0.17790447],5,3,"[0.5044907196570393, 0.16230287856274858]",0,0
9908,[0.41016376 0.57219244],9,0,"[0.4297636102329726, 0.6357143141723958]",2,-1
9909,[0.87172714 0.44997611],4,2,"[0.8312266673252705, 0.4613441479074099]",4,-1
9910,[0.53915272 0.14515931],5,3,"[0.5044907196570393, 0.16230287856274858]",0,0
9911,[0.10751958 0.40231682],3,5,"[0.12813625889338118, 0.45239712230086515]",1,1
9912,[0.74460775 0.61560953],0,4,"[0.7285423500480827, 0.6073851354724864]",3,2
9913,[0.50309668 0.20493839],5,3,"[0.5044907196570393, 0.16230287856274858]",0,0
9914,[0.31212007 0.86168146],2,1,"[0.3445904742281392, 0.8508004104108614]",2,-1
9915,[0.32956096 0.868107  ],2,1,"[0.3445904742281392, 0.8508004104108614]",2,-1
9916,[0.71706951 0.59225811],0,4,"[0.7285423500480827, 0.6073851354724864]",3,2
9917,[0.88560189 0.32077061],7,-1,-1,4,-1
9918,[0.8275626 0.3627993],7,6,"[0.7921949837838228, 0.3529120844654886]",4,-1
9919,[0.37319963 0.85484231],2,1,"[0.3445904742281392, 0.8508004104108614]",2,5
9920,[0.42681576 0.88000938],2,-1,-1,2,-1
9921,[0.77349933 0.49786145],4,2,"[0.8312266673252705, 0.4613441479074099]",4,-1
9922,[0.30876098 0.90383463],2,1,"[0.3445904742281392, 0.8508004104108614]",2,-1
9923,[0.39338197 0.63311756],9,0,"[0.4297636102329726, 0.6357143141723958]",2,-1
9924,[0.3629044  0.85897904],2,1,"[0.3445904742281392, 0.8508004104108614]",2,5
9925,[0.02791753 0.421249  ],3,-1,-1,1,1
9926,[0.69977744 0.58660782],0,4,"[0.7285423500480827, 0.6073851354724864]",3,2
9927,[0.11147061 0.49279494],3,5,"[0.12813625889338118, 0.45239712230086515]",1,1
9928,[0.44421349 0.10291267],5,-1,-1,0,0
9929,[0.32054583 0.78977943],2,1,"[0.3445904742281392, 0.8508004104108614]",2,-1
9930,[0.10422983 0.45426676],3,5,"[0.12813625889338118, 0.45239712230086515]",1,1
9931,[0.88038731 0.47044969],4,2,"[0.8312266673252705, 0.4613441479074099]",4,-1
9932,[0.40305054 0.5583023 ],9,-1,-1,2,-1
9933,[0.10656995 0.74617804],8,7,"[0.17089520780330653, 0.7464713359575794]",2,-1
9934,[0.08890956 0.486802  ],3,5,"[0.12813625889338118, 0.45239712230086515]",1,1
9935,[0.22297346 0.71485216],8,9,"[0.2630806751638254, 0.7080875454644293]",2,-1
9936,[0.40724868 0.89043071],2,-1,-1,2,-1
9937,[0.7219418 0.3992373],7,-1,-1,4,-1
9938,[0.11986265 0.4707292 ],3,5,"[0.12813625889338118, 0.45239712230086515]",1,1
9939,[0.22833894 0.75704163],8,7,"[0.17089520780330653, 0.7464713359575794]",2,-1
9940,[0.50391188 0.67737426],6,-1,-1,2,-1
9941,[0.51233459 0.13351128],5,3,"[0.5044907196570393, 0.16230287856274858]",0,0
9942,[0.36113539 0.71242515],1,8,"[0.36289448703783916, 0.7073371999105278]",2,-1
9943,[0.86174311 0.44210187],4,2,"[0.8312266673252705, 0.4613441479074099]",4,-1
9944,[0.17455527 0.75236903],8,7,"[0.17089520780330653, 0.7464713359575794]",2,8
9945,[0.8520262  0.52659154],4,2,"[0.8312266673252705, 0.4613441479074099]",4,-1
9946,[0.79932629 0.51493093],4,2,"[0.8312266673252705, 0.4613441479074099]",4,-1
9947,[0.19746628 0.70219068],8,7,"[0.17089520780330653, 0.7464713359575794]",2,-1
9948,[0.40868824 0.73836956],6,8,"[0.36289448703783916, 0.7073371999105278]",2,-1
9949,[0.2058114 0.7393659],8,7,"[0.17089520780330653, 0.7464713359575794]",2,8
9950,[0.12816554 0.39897671],3,5,"[0.12813625889338118, 0.45239712230086515]",1,1
9951,[0.43880885 0.78740519],6,-1,-1,2,-1
9952,[0.44170453 0.59317449],9,0,"[0.4297636102329726, 0.6357143141723958]",2,11
9953,[0.80619457 0.44903083],4,2,"[0.8312266673252705, 0.4613441479074099]",4,7
9954,[0.20622758 0.64905231],8,-1,-1,2,-1
9955,[0.41871339 0.55461489],9,-1,-1,2,-1
9956,[0.80013695 0.44353575],4,2,"[0.8312266673252705, 0.4613441479074099]",4,-1
9957,[0.40677666 0.60685314],9,0,"[0.4297636102329726, 0.6357143141723958]",2,-1
9958,[0.4090445  0.70246763],6,8,"[0.36289448703783916, 0.7073371999105278]",2,10
9959,[0.19236393 0.744071  ],8,7,"[0.17089520780330653, 0.7464713359575794]",2,8
9960,[0.59176701 0.15310365],5,-1,-1,0,0
9961,[0.53412387 0.19139973],5,3,"[0.5044907196570393, 0.16230287856274858]",0,0
9962,[0.41069685 0.62606056],6,0,"[0.4297636102329726, 0.6357143141723958]",2,13
9963,[0.38552954 0.59135349],9,0,"[0.4297636102329726, 0.6357143141723958]",2,-1
9964,[0.1768314  0.73786018],8,7,"[0.17089520780330653, 0.7464713359575794]",2,8
9965,[0.39893929 0.84105088],2,1,"[0.3445904742281392, 0.8508004104108614]",2,-1
9966,[0.36341331 0.81763157],2,1,"[0.3445904742281392, 0.8508004104108614]",2,4
9967,[0.27810044 0.88635337],2,-1,-1,2,-1
9968,[0.72683171 0.41131468],4,-1,-1,4,-1
9969,[0.81699128 0.39743541],7,6,"[0.7921949837838228, 0.3529120844654886]",4,6
9970,[0.83311473 0.47203673],4,2,"[0.8312266673252705, 0.4613441479074099]",4,-1
9971,[0.77298271 0.66902818],0,-1,-1,3,2
9972,[0.76907803 0.32545696],7,6,"[0.7921949837838228, 0.3529120844654886]",4,-1
9973,[0.8609165  0.46098832],4,2,"[0.8312266673252705, 0.4613441479074099]",4,-1
9974,[0.21544858 0.73354515],8,7,"[0.17089520780330653, 0.7464713359575794]",2,-1
9975,[0.86889381 0.42671688],4,2,"[0.8312266673252705, 0.4613441479074099]",4,-1
9976,[0.19234382 0.77830641],8,7,"[0.17089520780330653, 0.7464713359575794]",2,8
9977,[0.46392879 0.57622349],9,0,"[0.4297636102329726, 0.6357143141723958]",2,-1
9978,[0.12971648 0.37756367],3,-1,-1,1,1
9979,[0.70116796 0.59085594],0,4,"[0.7285423500480827, 0.6073851354724864]",3,2
9980,[0.39445812 0.69205236],6,8,"[0.36289448703783916, 0.7073371999105278]",2,-1
9981,[0.21684015 0.75022977],8,7,"[0.17089520780330653, 0.7464713359575794]",2,-1
9982,[0.342898   0.68461864],1,8,"[0.36289448703783916, 0.7073371999105278]",2,-1
9983,[0.40260621 0.90408806],2,-1,-1,2,-1
9984,[0.17389946 0.77299136],8,7,"[0.17089520780330653, 0.7464713359575794]",2,8
9985,[0.36875057 0.67091275],9,8,"[0.36289448703783916, 0.7073371999105278]",2,-1
9986,[0.17843446 0.65264725],8,-1,-1,2,-1
9987,[0.86680561 0.50024514],4,2,"[0.8312266673252705, 0.4613441479074099]",4,-1
9988,[0.68821109 0.62067451],0,4,"[0.7285423500480827, 0.6073851354724864]",3,2
9989,[0.35257446 0.89313062],2,1,"[0.3445904742281392, 0.8508004104108614]",2,-1
9990,[0.79185117 0.46416789],4,2,"[0.8312266673252705, 0.4613441479074099]",4,-1
9991,[0.74012214 0.38693024],7,6,"[0.7921949837838228, 0.3529120844654886]",4,-1
9992,[0.42553829 0.5872604 ],9,0,"[0.4297636102329726, 0.6357143141723958]",2,11
9993,[0.18366615 0.76344705],8,7,"[0.17089520780330653, 0.7464713359575794]",2,8
9994,[0.09062219 0.40780715],3,5,"[0.12813625889338118, 0.45239712230086515]",1,1
9995,[0.46067635 0.16615325],5,3,"[0.5044907196570393, 0.16230287856274858]",0,0
9996,[0.83817632 0.48253277],4,2,"[0.8312266673252705, 0.4613441479074099]",4,-1
9997,[0.23055743 0.7450578 ],8,9,"[0.2630806751638254, 0.7080875454644293]",2,-1
9998,[0.32269477 0.85093551],2,1,"[0.3445904742281392, 0.8508004104108614]",2,-1
9999,[0.50730099 0.16738192],5,3,"[0.5044907196570393, 0.16230287856274858]",0,0
