,datum,blob,snowball_label,snowball_center,hdbscan_eom_label,hdbscan_leaf_label
0,[0.20788897 0.80944553],5,4,"[0.15316159197189042, 0.831801241434934]",1,-1
1,[0.23335369 0.74695831],0,1,"[0.18598280984665155, 0.7338502240850012]",1,-1
2,[0.3220822  0.49684476],8,5,"[0.3554407244338524, 0.520317078838352]",1,3
3,[0.12336902 0.7315776 ],3,1,"[0.18598280984665155, 0.7338502240850012]",1,-1
4,[0.29640303 0.279665  ],7,0,"[0.2616786212106805, 0.26472080282195354]",1,4
5,[0.28134835 0.28671574],2,0,"[0.2616786212106805, 0.26472080282195354]",1,4
6,[0.08733513 0.76798166],3,-1,-1,1,-1
7,[0.30972649 0.47232199],8,5,"[0.3554407244338524, 0.520317078838352]",1,3
8,[0.26112674 0.774354  ],3,-1,-1,1,-1
9,[0.28838701 0.28234547],7,0,"[0.2616786212106805, 0.26472080282195354]",1,4
10,[0.27296589 0.28238525],7,0,"[0.2616786212106805, 0.26472080282195354]",1,4
11,[0.12565547 0.24337043],7,-1,-1,1,-1
12,[0.2701693  0.27264853],2,0,"[0.2616786212106805, 0.26472080282195354]",1,4
13,[0.31242972 0.56157538],8,5,"[0.3554407244338524, 0.520317078838352]",1,-1
14,[0.216207   0.23025923],7,0,"[0.2616786212106805, 0.26472080282195354]",1,4
15,[0.26518486 0.26768926],2,0,"[0.2616786212106805, 0.26472080282195354]",1,4
16,[0.10025261 0.7570498 ],5,-1,-1,1,-1
17,[0.4577142  0.85478193],0,-1,-1,1,2
18,[0.55269436 0.65548166],4,3,"[0.5526138056840805, 0.6443554074021057]",1,-1
19,[0.52473307 0.7243618 ],4,-1,-1,1,-1
20,[0.69530254 0.26443676],6,6,"[0.725070511763224, 0.2863584308731653]",0,1
21,[0.19347466 0.17562171],2,-1,-1,1,-1
22,[0.6150433  0.53128845],1,8,"[0.6551066790771881, 0.5227056166630671]",1,-1
23,[0.17894605 0.7668667 ],3,1,"[0.18598280984665155, 0.7338502240850012]",1,-1
24,[0.69462407 0.29872754],6,6,"[0.725070511763224, 0.2863584308731653]",0,1
25,[0.20081017 0.80625881],5,4,"[0.15316159197189042, 0.831801241434934]",1,-1
26,[0.54953768 0.60775889],4,3,"[0.5526138056840805, 0.6443554074021057]",1,6
27,[0.35802484 0.21457906],2,-1,-1,1,-1
28,[0.19914366 0.89317933],5,-1,-1,1,-1
29,[0.62141192 0.71118367],4,-1,-1,1,-1
30,[0.30293855 0.762032  ],3,-1,-1,1,-1
31,[0.59271159 0.58851904],1,9,"[0.6496555418786976, 0.6138407878286516]",1,6
32,[0.23513974 0.29308083],7,0,"[0.2616786212106805, 0.26472080282195354]",1,4
33,[0.15782827 0.84177255],5,4,"[0.15316159197189042, 0.831801241434934]",1,-1
34,[0.28604935 0.52062537],8,5,"[0.3554407244338524, 0.520317078838352]",1,-1
35,[0.54549499 0.58850204],4,3,"[0.5526138056840805, 0.6443554074021057]",1,-1
36,[0.49202144 0.27271824],9,-1,-1,1,-1
37,[0.58708823 0.63690033],4,3,"[0.5526138056840805, 0.6443554074021057]",1,6
38,[0.31879739 0.76900942],0,-1,-1,1,2
39,[0.29342269 0.18901871],7,-1,-1,1,4
40,[0.25685026 0.22805746],2,0,"[0.2616786212106805, 0.26472080282195354]",1,4
41,[0.29733167 0.60460928],8,-1,-1,1,-1
42,[0.61459588 0.63733627],4,9,"[0.6496555418786976, 0.6138407878286516]",1,6
43,[0.35008364 0.32042667],7,-1,-1,1,-1
44,[0.46060389 0.36009624],9,2,"[0.4412752198259873, 0.34769156644351373]",1,5
45,[0.25785721 0.45089272],8,-1,-1,1,-1
46,[0.51275696 0.83299695],0,-1,-1,1,-1
47,[0.24685923 0.32916649],7,0,"[0.2616786212106805, 0.26472080282195354]",1,4
48,[0.34626801 0.47635204],8,5,"[0.3554407244338524, 0.520317078838352]",1,3
49,[0.18318066 0.31056417],2,-1,-1,1,-1
50,[0.28940541 0.25332799],7,0,"[0.2616786212106805, 0.26472080282195354]",1,4
51,[0.47756467 0.78839301],0,-1,-1,1,2
52,[0.445031   0.33609386],9,2,"[0.4412752198259873, 0.34769156644351373]",1,5
53,[0.48529698 0.62794077],4,3,"[0.5526138056840805, 0.6443554074021057]",1,-1
54,[0.36088391 0.7833974 ],0,7,"[0.3997826623418963, 0.8035485833251204]",1,2
55,[0.67868728 0.29128285],6,6,"[0.725070511763224, 0.2863584308731653]",0,1
56,[0.13705102 0.69872393],3,1,"[0.18598280984665155, 0.7338502240850012]",1,-1
57,[0.50972779 0.68859705],4,3,"[0.5526138056840805, 0.6443554074021057]",1,-1
58,[0.51192773 0.4290097 ],9,-1,-1,1,-1
59,[0.2687956 0.7179096],3,-1,-1,1,-1
60,[0.27262642 0.11410774],7,-1,-1,1,-1
61,[0.38811728 0.46328806],8,5,"[0.3554407244338524, 0.520317078838352]",1,3
62,[0.18251212 0.87254098],5,4,"[0.15316159197189042, 0.831801241434934]",1,-1
63,[0.75056431 0.35826413],6,-1,-1,0,-1
64,[0.65974918 0.55154438],1,8,"[0.6551066790771881, 0.5227056166630671]",1,7
65,[0.33414514 0.50210819],8,5,"[0.3554407244338524, 0.520317078838352]",1,3
66,[0.14141065 0.80967132],5,4,"[0.15316159197189042, 0.831801241434934]",1,10
67,[0.17692132 0.80803064],5,4,"[0.15316159197189042, 0.831801241434934]",1,-1
68,[0.6420728  0.61552948],4,9,"[0.6496555418786976, 0.6138407878286516]",1,-1
69,[0.2388888  0.25173142],2,0,"[0.2616786212106805, 0.26472080282195354]",1,4
70,[0.17028525 0.82343024],5,4,"[0.15316159197189042, 0.831801241434934]",1,9
71,[0.50636093 0.59708884],4,3,"[0.5526138056840805, 0.6443554074021057]",1,-1
72,[0.19783456 0.6712412 ],3,1,"[0.18598280984665155, 0.7338502240850012]",1,-1
73,[0.33120859 0.40033242],8,-1,-1,1,-1
74,[0.25810389 0.26596785],7,0,"[0.2616786212106805, 0.26472080282195354]",1,4
75,[0.04190367 0.89294594],5,-1,-1,1,-1
76,[0.40646541 0.40468173],9,2,"[0.4412752198259873, 0.34769156644351373]",1,-1
77,[0.32594311 0.48775082],8,5,"[0.3554407244338524, 0.520317078838352]",1,3
78,[0.47164558 0.32249154],9,2,"[0.4412752198259873, 0.34769156644351373]",1,5
79,[0.20525399 0.78852457],3,1,"[0.18598280984665155, 0.7338502240850012]",1,8
80,[0.31679613 0.45780271],8,-1,-1,1,3
81,[0.67874136 0.54602749],1,8,"[0.6551066790771881, 0.5227056166630671]",1,7
82,[0.46350897 0.36358599],9,2,"[0.4412752198259873, 0.34769156644351373]",1,5
83,[0.85426493 0.23162184],6,-1,-1,-1,-1
84,[0.56834689 0.61392909],4,3,"[0.5526138056840805, 0.6443554074021057]",1,6
85,[0.33079847 0.19853846],2,-1,-1,1,4
86,[0.58187327 0.48936905],1,-1,-1,1,-1
87,[0.63640343 0.50947467],1,8,"[0.6551066790771881, 0.5227056166630671]",1,-1
88,[0.58833492 0.649156  ],4,3,"[0.5526138056840805, 0.6443554074021057]",1,6
89,[0.24569738 0.32505472],2,0,"[0.2616786212106805, 0.26472080282195354]",1,4
90,[0.44660001 0.4498389 ],9,-1,-1,1,-1
91,[0.40531696 0.24173448],9,-1,-1,1,-1
92,[0.26020475 0.97473939],5,-1,-1,-1,-1
93,[0.06000672 0.68923702],3,-1,-1,-1,-1
94,[0.25557786 0.25374152],7,0,"[0.2616786212106805, 0.26472080282195354]",1,4
95,[0.36881495 0.37457021],9,-1,-1,1,5
96,[0.12989944 0.74482548],3,1,"[0.18598280984665155, 0.7338502240850012]",1,-1
97,[0.76483206 0.3554594 ],6,-1,-1,0,-1
98,[0.15774633 0.82535569],5,4,"[0.15316159197189042, 0.831801241434934]",1,9
99,[0.52056347 0.51521652],1,-1,-1,1,-1
100,[0.45211434 0.79247721],0,7,"[0.3997826623418963, 0.8035485833251204]",1,2
101,[0.14002532 0.90652787],5,-1,-1,1,-1
102,[0.69663476 0.27400423],6,6,"[0.725070511763224, 0.2863584308731653]",0,1
103,[0.56253882 0.55662979],4,-1,-1,1,-1
104,[0.26334729 0.33808504],7,-1,-1,1,4
105,[0.20334095 0.70783069],3,1,"[0.18598280984665155, 0.7338502240850012]",1,-1
106,[0.26558906 0.45230817],8,-1,-1,1,-1
107,[0.42824358 0.82676404],0,7,"[0.3997826623418963, 0.8035485833251204]",1,2
108,[0.5135305  0.38075471],9,-1,-1,1,-1
109,[0.30620966 0.28427813],7,0,"[0.2616786212106805, 0.26472080282195354]",1,4
110,[0.74676717 0.27608652],6,6,"[0.725070511763224, 0.2863584308731653]",0,-1
111,[0.56098999 0.63592051],1,3,"[0.5526138056840805, 0.6443554074021057]",1,6
112,[0.31756991 0.25028251],7,0,"[0.2616786212106805, 0.26472080282195354]",1,4
113,[0.57548584 0.64213635],4,3,"[0.5526138056840805, 0.6443554074021057]",1,6
114,[0.36171152 0.33370527],9,-1,-1,1,-1
115,[0.68213827 0.31951204],6,6,"[0.725070511763224, 0.2863584308731653]",0,-1
116,[0.21157169 0.74556874],3,1,"[0.18598280984665155, 0.7338502240850012]",1,-1
117,[0.24256778 0.25685183],2,0,"[0.2616786212106805, 0.26472080282195354]",1,4
118,[0.50740494 0.33601751],9,2,"[0.4412752198259873, 0.34769156644351373]",1,-1
119,[0.36392024 0.55872186],8,5,"[0.3554407244338524, 0.520317078838352]",1,3
120,[0.2366668  0.24132661],7,0,"[0.2616786212106805, 0.26472080282195354]",1,4
121,[0.28501865 0.20975198],7,0,"[0.2616786212106805, 0.26472080282195354]",1,4
122,[0.36213537 0.80791   ],0,7,"[0.3997826623418963, 0.8035485833251204]",1,2
123,[0.33407806 0.27386741],2,-1,-1,1,4
124,[0.29457618 0.47300485],7,-1,-1,1,3
125,[0.41623158 0.45994825],8,-1,-1,1,3
126,[0.29321673 0.28842929],7,0,"[0.2616786212106805, 0.26472080282195354]",1,4
127,[0.46240447 0.37246625],9,2,"[0.4412752198259873, 0.34769156644351373]",1,5
128,[0.32269164 0.77498333],0,-1,-1,1,2
129,[0.31492123 0.29270927],7,0,"[0.2616786212106805, 0.26472080282195354]",1,4
130,[0.19900787 0.29914693],2,-1,-1,1,4
131,[0.58153754 0.28948964],6,-1,-1,0,-1
132,[0.26336023 0.24183458],7,0,"[0.2616786212106805, 0.26472080282195354]",1,4
133,[0.1912131 0.8352595],5,4,"[0.15316159197189042, 0.831801241434934]",1,-1
134,[0.55138007 0.58169064],4,3,"[0.5526138056840805, 0.6443554074021057]",1,6
135,[0.30045787 0.47870699],8,5,"[0.3554407244338524, 0.520317078838352]",1,3
136,[0.38841767 0.73536778],0,7,"[0.3997826623418963, 0.8035485833251204]",1,2
137,[0.23686887 0.25738838],7,0,"[0.2616786212106805, 0.26472080282195354]",1,4
138,[0.69674257 0.54696883],1,8,"[0.6551066790771881, 0.5227056166630671]",1,-1
139,[0.39022773 0.85711537],0,7,"[0.3997826623418963, 0.8035485833251204]",1,2
140,[0.25981787 0.43511302],8,-1,-1,1,-1
141,[0.32712533 0.21189984],7,-1,-1,1,4
142,[0.40219636 0.8755214 ],0,-1,-1,1,2
143,[0.1794655  0.85380004],5,4,"[0.15316159197189042, 0.831801241434934]",1,-1
144,[0.65329345 0.54848512],1,8,"[0.6551066790771881, 0.5227056166630671]",1,7
145,[0.18263892 0.81596856],5,4,"[0.15316159197189042, 0.831801241434934]",1,-1
146,[0.37807648 0.35216244],9,2,"[0.4412752198259873, 0.34769156644351373]",1,5
147,[0.45764705 0.29795924],9,2,"[0.4412752198259873, 0.34769156644351373]",1,-1
148,[0.50322169 0.39030635],9,-1,-1,1,-1
149,[0.35702098 0.53418471],8,5,"[0.3554407244338524, 0.520317078838352]",1,3
150,[0.24045992 0.26161766],2,0,"[0.2616786212106805, 0.26472080282195354]",1,4
151,[0.22349773 0.26194738],2,0,"[0.2616786212106805, 0.26472080282195354]",1,4
152,[0.69188155 0.51214562],1,8,"[0.6551066790771881, 0.5227056166630671]",1,-1
153,[0.65124216 0.32509891],6,-1,-1,0,-1
154,[0.4942193  0.60151349],4,-1,-1,1,-1
155,[0.46627055 0.69772539],4,-1,-1,1,-1
156,[0.15724058 0.68353572],3,1,"[0.18598280984665155, 0.7338502240850012]",1,-1
157,[0.19157301 0.84409148],5,4,"[0.15316159197189042, 0.831801241434934]",1,-1
158,[0.4206003  0.28245741],9,2,"[0.4412752198259873, 0.34769156644351373]",1,-1
159,[0.2590966  0.30399026],7,0,"[0.2616786212106805, 0.26472080282195354]",1,4
160,[0.19838569 0.23575204],2,0,"[0.2616786212106805, 0.26472080282195354]",1,4
161,[0.17352626 0.70241467],3,1,"[0.18598280984665155, 0.7338502240850012]",1,-1
162,[0.44303436 0.24175622],9,-1,-1,1,-1
163,[0.47430356 0.72737421],0,-1,-1,1,-1
164,[0.57212101 0.65864697],4,3,"[0.5526138056840805, 0.6443554074021057]",1,6
165,[0.42084036 0.39585708],9,2,"[0.4412752198259873, 0.34769156644351373]",1,5
166,[0.59051084 0.61307592],4,3,"[0.5526138056840805, 0.6443554074021057]",1,6
167,[0.24485724 0.33452337],7,-1,-1,1,4
168,[0.70381563 0.27479959],6,6,"[0.725070511763224, 0.2863584308731653]",0,1
169,[0.37998733 0.50035811],8,5,"[0.3554407244338524, 0.520317078838352]",1,3
170,[0.18541901 0.32524396],2,-1,-1,1,-1
171,[0.71654525 0.31290802],6,6,"[0.725070511763224, 0.2863584308731653]",0,-1
172,[0.13181893 0.76862236],5,1,"[0.18598280984665155, 0.7338502240850012]",1,-1
173,[0.70842912 0.52007898],1,8,"[0.6551066790771881, 0.5227056166630671]",1,-1
174,[0.37666057 0.79047443],0,7,"[0.3997826623418963, 0.8035485833251204]",1,2
175,[0.69280644 0.27453419],6,6,"[0.725070511763224, 0.2863584308731653]",0,1
176,[0.28189294 0.26001841],2,0,"[0.2616786212106805, 0.26472080282195354]",1,4
177,[0.40053515 0.74809239],0,7,"[0.3997826623418963, 0.8035485833251204]",1,2
178,[0.43072564 0.31647912],9,2,"[0.4412752198259873, 0.34769156644351373]",1,5
179,[0.39012445 0.81863528],0,7,"[0.3997826623418963, 0.8035485833251204]",1,2
180,[0.35851067 0.77104294],0,7,"[0.3997826623418963, 0.8035485833251204]",1,2
181,[0.65447665 0.59421745],1,9,"[0.6496555418786976, 0.6138407878286516]",1,7
182,[0.42027222 0.87990568],0,-1,-1,1,2
183,[0.61658439 0.6814135 ],4,-1,-1,1,-1
184,[0.37912288 0.58269859],8,5,"[0.3554407244338524, 0.520317078838352]",1,3
185,[0.29157148 0.52875854],8,5,"[0.3554407244338524, 0.520317078838352]",1,-1
186,[0.4556236  0.34273307],9,2,"[0.4412752198259873, 0.34769156644351373]",1,5
187,[0.20234823 0.35763046],7,-1,-1,1,-1
188,[0.40043733 0.8061944 ],0,7,"[0.3997826623418963, 0.8035485833251204]",1,2
189,[0.24175493 0.27108507],7,0,"[0.2616786212106805, 0.26472080282195354]",1,4
190,[0.46912737 0.36610475],9,2,"[0.4412752198259873, 0.34769156644351373]",1,5
191,[0.4126297  0.73547385],0,7,"[0.3997826623418963, 0.8035485833251204]",1,2
192,[0.81967759 0.26307463],6,-1,-1,0,-1
193,[0.55367699 0.61305513],4,3,"[0.5526138056840805, 0.6443554074021057]",1,6
194,[0.37196455 0.51312168],8,5,"[0.3554407244338524, 0.520317078838352]",1,3
195,[0.17470131 0.78810704],5,4,"[0.15316159197189042, 0.831801241434934]",1,-1
196,[0.30895364 0.57027281],8,5,"[0.3554407244338524, 0.520317078838352]",1,-1
197,[0.19139079 0.66827696],3,1,"[0.18598280984665155, 0.7338502240850012]",1,-1
198,[0.21879601 0.23417332],7,0,"[0.2616786212106805, 0.26472080282195354]",1,4
199,[0.28336542 0.25957888],7,0,"[0.2616786212106805, 0.26472080282195354]",1,4
200,[0.31880802 0.29605071],7,0,"[0.2616786212106805, 0.26472080282195354]",1,4
201,[0.78249173 0.26558812],6,6,"[0.725070511763224, 0.2863584308731653]",0,-1
202,[0.2656685  0.19639208],7,0,"[0.2616786212106805, 0.26472080282195354]",1,4
203,[0.12843216 0.80493988],5,4,"[0.15316159197189042, 0.831801241434934]",1,-1
204,[0.08175052 0.69425238],5,-1,-1,1,-1
205,[0.1401528  0.74145024],3,1,"[0.18598280984665155, 0.7338502240850012]",1,-1
206,[0.24855361 0.26248836],2,0,"[0.2616786212106805, 0.26472080282195354]",1,4
207,[0.50314093 0.65447462],4,3,"[0.5526138056840805, 0.6443554074021057]",1,-1
208,[0.73835814 0.34591832],6,6,"[0.725070511763224, 0.2863584308731653]",0,-1
209,[0.30771166 0.3119237 ],2,0,"[0.2616786212106805, 0.26472080282195354]",1,4
210,[0.64674862 0.59192078],1,9,"[0.6496555418786976, 0.6138407878286516]",1,-1
211,[0.55159259 0.53461578],4,-1,-1,1,-1
212,[0.46310455 0.35773244],9,2,"[0.4412752198259873, 0.34769156644351373]",1,5
213,[0.19936623 0.72853235],3,1,"[0.18598280984665155, 0.7338502240850012]",1,-1
214,[0.26526945 0.33254254],7,0,"[0.2616786212106805, 0.26472080282195354]",1,4
215,[0.68275161 0.55367826],1,8,"[0.6551066790771881, 0.5227056166630671]",1,-1
216,[0.20831316 0.17840726],7,-1,-1,1,-1
217,[0.33354465 0.33942339],9,-1,-1,1,-1
218,[0.23090996 0.30795159],7,0,"[0.2616786212106805, 0.26472080282195354]",1,4
219,[0.3887902  0.76100064],0,7,"[0.3997826623418963, 0.8035485833251204]",1,2
220,[0.35957435 0.77407418],0,7,"[0.3997826623418963, 0.8035485833251204]",1,2
221,[0.24609089 0.30830564],2,0,"[0.2616786212106805, 0.26472080282195354]",1,4
222,[0.2656004  0.84275018],0,-1,-1,1,-1
223,[0.39520217 0.50294329],8,5,"[0.3554407244338524, 0.520317078838352]",1,3
224,[0.36919093 0.26086142],9,-1,-1,1,-1
225,[0.45737474 0.24584748],9,-1,-1,1,-1
226,[0.23000368 0.69995364],3,1,"[0.18598280984665155, 0.7338502240850012]",1,-1
227,[0.60778834 0.58102358],1,9,"[0.6496555418786976, 0.6138407878286516]",1,6
228,[0.14680278 0.79484064],5,4,"[0.15316159197189042, 0.831801241434934]",1,-1
229,[0.59118038 0.64747599],1,3,"[0.5526138056840805, 0.6443554074021057]",1,6
230,[0.2493343  0.27900157],2,0,"[0.2616786212106805, 0.26472080282195354]",1,4
231,[0.25184456 0.31666697],2,0,"[0.2616786212106805, 0.26472080282195354]",1,4
232,[0.5680376  0.58800406],1,3,"[0.5526138056840805, 0.6443554074021057]",1,6
233,[0.41423148 0.7738051 ],0,7,"[0.3997826623418963, 0.8035485833251204]",1,2
234,[0.26197061 0.32111278],2,0,"[0.2616786212106805, 0.26472080282195354]",1,4
235,[0.71624979 0.28233635],6,6,"[0.725070511763224, 0.2863584308731653]",0,1
236,[0.45294657 0.34480282],9,2,"[0.4412752198259873, 0.34769156644351373]",1,5
237,[0.26217509 0.28043821],7,0,"[0.2616786212106805, 0.26472080282195354]",1,4
238,[0.24554345 0.74897808],3,1,"[0.18598280984665155, 0.7338502240850012]",1,-1
239,[0.40967641 0.36272867],9,2,"[0.4412752198259873, 0.34769156644351373]",1,5
240,[0.23017319 0.36362545],7,-1,-1,1,-1
241,[0.39072368 0.77452847],0,7,"[0.3997826623418963, 0.8035485833251204]",1,2
242,[0.22154752 0.34793738],2,-1,-1,1,4
243,[0.16293332 0.73106287],3,1,"[0.18598280984665155, 0.7338502240850012]",1,-1
244,[0.74286285 0.24125067],6,6,"[0.725070511763224, 0.2863584308731653]",0,-1
245,[0.31014257 0.46812842],8,5,"[0.3554407244338524, 0.520317078838352]",1,3
246,[0.66208457 0.60754757],1,9,"[0.6496555418786976, 0.6138407878286516]",1,-1
247,[0.50887713 0.55374518],1,-1,-1,1,-1
248,[0.4417177 0.4147649],8,2,"[0.4412752198259873, 0.34769156644351373]",1,-1
249,[0.25329169 0.28420576],7,0,"[0.2616786212106805, 0.26472080282195354]",1,4
250,[0.20267743 0.79155557],5,1,"[0.18598280984665155, 0.7338502240850012]",1,8
251,[0.65281501 0.5118758 ],1,8,"[0.6551066790771881, 0.5227056166630671]",1,7
252,[0.09899641 0.82617565],5,4,"[0.15316159197189042, 0.831801241434934]",1,-1
253,[0.5379358  0.58439476],4,3,"[0.5526138056840805, 0.6443554074021057]",1,-1
254,[0.41500539 0.84067071],0,7,"[0.3997826623418963, 0.8035485833251204]",1,2
255,[0.72818002 0.33815293],6,6,"[0.725070511763224, 0.2863584308731653]",0,-1
256,[0.13829381 0.7836257 ],5,4,"[0.15316159197189042, 0.831801241434934]",1,-1
257,[0.69149504 0.27912114],6,6,"[0.725070511763224, 0.2863584308731653]",0,1
258,[0.22724809 0.71137326],3,1,"[0.18598280984665155, 0.7338502240850012]",1,-1
259,[0.53614066 0.69183788],4,3,"[0.5526138056840805, 0.6443554074021057]",1,-1
260,[0.58478451 0.7035227 ],4,3,"[0.5526138056840805, 0.6443554074021057]",1,-1
261,[0.17152962 0.81896931],3,4,"[0.15316159197189042, 0.831801241434934]",1,9
262,[0.36040308 0.79415414],0,7,"[0.3997826623418963, 0.8035485833251204]",1,2
263,[0.71909952 0.33612774],6,6,"[0.725070511763224, 0.2863584308731653]",0,-1
264,[0.63485    0.49915182],1,8,"[0.6551066790771881, 0.5227056166630671]",1,-1
265,[0.5008938  0.62110173],4,3,"[0.5526138056840805, 0.6443554074021057]",1,-1
266,[0.76366214 0.25560245],6,6,"[0.725070511763224, 0.2863584308731653]",0,-1
267,[0.75074269 0.33524335],6,6,"[0.725070511763224, 0.2863584308731653]",0,0
268,[0.25014258 0.82264189],3,-1,-1,1,-1
269,[0.36345919 0.33912376],9,-1,-1,1,5
270,[0.26631851 0.56036876],8,-1,-1,1,-1
271,[0.54102826 0.3036993 ],9,-1,-1,1,-1
272,[0.57142645 0.6565181 ],4,3,"[0.5526138056840805, 0.6443554074021057]",1,6
273,[0.6572953  0.24287521],6,-1,-1,0,-1
274,[0.21057535 0.80945522],5,4,"[0.15316159197189042, 0.831801241434934]",1,-1
275,[0.35034736 0.49711826],8,5,"[0.3554407244338524, 0.520317078838352]",1,3
276,[0.37030317 0.89620961],0,-1,-1,1,-1
277,[0.09539804 0.87120097],5,4,"[0.15316159197189042, 0.831801241434934]",1,-1
278,[0.21789684 0.27087214],2,0,"[0.2616786212106805, 0.26472080282195354]",1,4
279,[0.58736399 0.61692204],4,3,"[0.5526138056840805, 0.6443554074021057]",1,6
280,[0.80850677 0.27264733],6,-1,-1,0,-1
281,[0.50623507 0.32063355],9,-1,-1,1,-1
282,[0.35821993 0.22484587],7,-1,-1,1,-1
283,[0.5823678  0.64760694],1,3,"[0.5526138056840805, 0.6443554074021057]",1,6
284,[0.60865403 0.49198522],1,8,"[0.6551066790771881, 0.5227056166630671]",1,-1
285,[0.26938257 0.76336547],3,-1,-1,1,-1
286,[0.21726504 0.22278655],2,0,"[0.2616786212106805, 0.26472080282195354]",1,4
287,[0.68552147 0.52737948],1,8,"[0.6551066790771881, 0.5227056166630671]",1,-1
288,[0.30143575 0.2594142 ],7,0,"[0.2616786212106805, 0.26472080282195354]",1,4
289,[0.20018978 0.78136092],5,1,"[0.18598280984665155, 0.7338502240850012]",1,-1
290,[0.46001433 0.64331898],4,-1,-1,1,-1
291,[0.32261598 0.35518636],7,-1,-1,1,-1
292,[0.63600292 0.19177757],6,-1,-1,-1,-1
293,[0.77076736 0.35891488],6,-1,-1,0,-1
294,[0.06450548 0.83458845],5,-1,-1,1,-1
295,[0.77517778 0.25685222],6,6,"[0.725070511763224, 0.2863584308731653]",0,-1
296,[0.68755572 0.29572458],6,6,"[0.725070511763224, 0.2863584308731653]",0,1
297,[0.31657076 0.25702485],7,0,"[0.2616786212106805, 0.26472080282195354]",1,4
298,[0.22110623 0.75715365],3,1,"[0.18598280984665155, 0.7338502240850012]",1,-1
299,[0.66227617 0.50964313],1,8,"[0.6551066790771881, 0.5227056166630671]",1,-1
300,[0.1987607  0.75381029],5,1,"[0.18598280984665155, 0.7338502240850012]",1,8
301,[0.21069672 0.7810129 ],3,1,"[0.18598280984665155, 0.7338502240850012]",1,-1
302,[0.679573   0.54050185],1,8,"[0.6551066790771881, 0.5227056166630671]",1,7
303,[0.4562198  0.46226809],8,-1,-1,1,-1
304,[0.47675911 0.57379201],4,-1,-1,1,-1
305,[0.46323533 0.34593563],9,2,"[0.4412752198259873, 0.34769156644351373]",1,5
306,[0.29645042 0.80978095],0,-1,-1,1,-1
307,[0.28452072 0.35463281],2,-1,-1,1,-1
308,[0.22083376 0.72702908],3,1,"[0.18598280984665155, 0.7338502240850012]",1,-1
309,[0.35795412 0.76900851],0,7,"[0.3997826623418963, 0.8035485833251204]",1,2
310,[0.51714809 0.61627447],4,3,"[0.5526138056840805, 0.6443554074021057]",1,-1
311,[0.67784472 0.6126368 ],1,9,"[0.6496555418786976, 0.6138407878286516]",1,-1
312,[0.14006787 0.82125986],5,4,"[0.15316159197189042, 0.831801241434934]",1,-1
313,[0.18219029 0.78609364],5,1,"[0.18598280984665155, 0.7338502240850012]",1,-1
314,[0.08278287 0.7995513 ],5,-1,-1,1,-1
315,[0.20400351 0.27497464],7,0,"[0.2616786212106805, 0.26472080282195354]",1,4
316,[0.21934288 0.79126232],3,1,"[0.18598280984665155, 0.7338502240850012]",1,-1
317,[0.685896  0.2797407],6,6,"[0.725070511763224, 0.2863584308731653]",0,1
318,[0.41446304 0.5799603 ],8,-1,-1,1,-1
319,[0.17323985 0.90729471],3,-1,-1,1,-1
320,[0.36440936 0.83536692],0,7,"[0.3997826623418963, 0.8035485833251204]",1,2
321,[0.22842254 0.73758686],3,1,"[0.18598280984665155, 0.7338502240850012]",1,-1
322,[0.20090131 0.61195353],8,-1,-1,1,-1
323,[0.55729089 0.6120949 ],4,3,"[0.5526138056840805, 0.6443554074021057]",1,6
324,[0.12061856 0.79215116],5,4,"[0.15316159197189042, 0.831801241434934]",1,-1
325,[0.17932216 0.83436234],5,4,"[0.15316159197189042, 0.831801241434934]",1,9
326,[0.24311663 0.23753683],7,0,"[0.2616786212106805, 0.26472080282195354]",1,4
327,[0.41870886 0.85072169],0,7,"[0.3997826623418963, 0.8035485833251204]",1,2
328,[0.44426766 0.50542201],8,-1,-1,1,-1
329,[0.49050152 0.34080632],9,2,"[0.4412752198259873, 0.34769156644351373]",1,5
330,[0.73355454 0.27715262],6,6,"[0.725070511763224, 0.2863584308731653]",0,-1
331,[0.42048515 0.35786092],9,2,"[0.4412752198259873, 0.34769156644351373]",1,5
332,[0.66872751 0.55486587],1,8,"[0.6551066790771881, 0.5227056166630671]",1,7
333,[0.18439465 0.85944075],5,4,"[0.15316159197189042, 0.831801241434934]",1,-1
334,[0.4239993 0.5415078],8,-1,-1,1,-1
335,[0.3417016  0.46014607],8,5,"[0.3554407244338524, 0.520317078838352]",1,3
336,[0.39332648 0.50341382],8,5,"[0.3554407244338524, 0.520317078838352]",1,3
337,[0.08923592 0.8564355 ],5,4,"[0.15316159197189042, 0.831801241434934]",1,-1
338,[0.23975939 0.31253438],7,0,"[0.2616786212106805, 0.26472080282195354]",1,4
339,[0.53505296 0.6987161 ],4,3,"[0.5526138056840805, 0.6443554074021057]",1,-1
340,[0.67089753 0.62312701],4,9,"[0.6496555418786976, 0.6138407878286516]",1,-1
341,[0.49288748 0.43225543],9,-1,-1,1,-1
342,[0.12461676 0.79698719],5,4,"[0.15316159197189042, 0.831801241434934]",1,-1
343,[0.26659401 0.22210065],7,0,"[0.2616786212106805, 0.26472080282195354]",1,4
344,[0.14508216 0.89068537],5,4,"[0.15316159197189042, 0.831801241434934]",1,-1
345,[0.42760561 0.32643607],9,2,"[0.4412752198259873, 0.34769156644351373]",1,5
346,[0.36362785 0.81133767],0,7,"[0.3997826623418963, 0.8035485833251204]",1,2
347,[0.33998405 0.27297446],2,-1,-1,1,4
348,[0.34042094 0.26060478],2,-1,-1,1,4
349,[0.81536129 0.30952903],6,-1,-1,0,-1
350,[0.44164214 0.32699516],9,2,"[0.4412752198259873, 0.34769156644351373]",1,5
351,[0.33408969 0.34536546],9,-1,-1,1,-1
352,[0.41688551 0.8136515 ],0,7,"[0.3997826623418963, 0.8035485833251204]",1,2
353,[0.4689058  0.38744349],9,2,"[0.4412752198259873, 0.34769156644351373]",1,5
354,[0.5473074  0.58103431],4,3,"[0.5526138056840805, 0.6443554074021057]",1,-1
355,[0.43058307 0.60182227],8,-1,-1,1,-1
356,[0.23752877 0.21495281],2,0,"[0.2616786212106805, 0.26472080282195354]",1,4
357,[0.68691296 0.17488216],6,-1,-1,0,-1
358,[0.33713991 0.28554724],7,-1,-1,1,4
359,[0.67750953 0.21766117],6,-1,-1,0,-1
360,[0.69215945 0.49794911],1,8,"[0.6551066790771881, 0.5227056166630671]",1,-1
361,[0.5995428  0.69313921],1,3,"[0.5526138056840805, 0.6443554074021057]",1,-1
362,[0.702197   0.58108217],1,9,"[0.6496555418786976, 0.6138407878286516]",1,-1
363,[0.72782578 0.58452269],1,-1,-1,1,-1
364,[0.11399269 0.87154906],5,4,"[0.15316159197189042, 0.831801241434934]",1,-1
365,[0.61887599 0.59575448],1,9,"[0.6496555418786976, 0.6138407878286516]",1,6
366,[0.75755398 0.32109149],6,6,"[0.725070511763224, 0.2863584308731653]",0,0
367,[0.75073756 0.55839178],1,-1,-1,1,-1
368,[0.33342927 0.32727083],9,-1,-1,1,4
369,[0.43641102 0.3314628 ],9,2,"[0.4412752198259873, 0.34769156644351373]",1,5
370,[0.38314739 0.3234713 ],9,2,"[0.4412752198259873, 0.34769156644351373]",1,-1
371,[0.24826965 0.17610297],2,-1,-1,1,-1
372,[0.73405234 0.32675165],6,6,"[0.725070511763224, 0.2863584308731653]",0,0
373,[0.52574532 0.67699651],4,3,"[0.5526138056840805, 0.6443554074021057]",1,-1
374,[0.38960157 0.33447197],9,2,"[0.4412752198259873, 0.34769156644351373]",1,5
375,[0.22528381 0.33200033],2,-1,-1,1,4
376,[0.40514335 0.78011566],0,7,"[0.3997826623418963, 0.8035485833251204]",1,2
377,[0.60337079 0.48481779],1,8,"[0.6551066790771881, 0.5227056166630671]",1,-1
378,[0.25850864 0.1847036 ],7,-1,-1,1,-1
379,[0.23261313 0.85631485],3,-1,-1,1,-1
380,[0.46271518 0.77576461],0,7,"[0.3997826623418963, 0.8035485833251204]",1,2
381,[0.60129756 0.62219621],4,9,"[0.6496555418786976, 0.6138407878286516]",1,6
382,[0.40516083 0.44032859],8,-1,-1,1,-1
383,[0.27889177 0.20009546],2,0,"[0.2616786212106805, 0.26472080282195354]",1,4
384,[0.34616305 0.19481682],2,-1,-1,1,-1
385,[0.05444691 0.85969715],5,-1,-1,1,-1
386,[0.23792632 0.32317281],7,0,"[0.2616786212106805, 0.26472080282195354]",1,4
387,[0.43732882 0.77929036],0,7,"[0.3997826623418963, 0.8035485833251204]",1,2
388,[0.41332318 0.86792611],0,7,"[0.3997826623418963, 0.8035485833251204]",1,2
389,[0.45252644 0.44199029],8,-1,-1,1,-1
390,[0.39905131 0.38660357],9,2,"[0.4412752198259873, 0.34769156644351373]",1,5
391,[0.55689154 0.6467883 ],4,3,"[0.5526138056840805, 0.6443554074021057]",1,6
392,[0.4398682  0.45638214],8,-1,-1,1,-1
393,[0.41545075 0.33441668],9,2,"[0.4412752198259873, 0.34769156644351373]",1,5
394,[0.18880801 0.69113916],3,1,"[0.18598280984665155, 0.7338502240850012]",1,-1
395,[0.17522524 0.13625489],2,-1,-1,1,-1
396,[0.27194298 0.25828802],7,0,"[0.2616786212106805, 0.26472080282195354]",1,4
397,[0.45926598 0.34838716],9,2,"[0.4412752198259873, 0.34769156644351373]",1,5
398,[0.33157794 0.24692514],2,-1,-1,1,4
399,[0.1937791  0.85064808],5,4,"[0.15316159197189042, 0.831801241434934]",1,-1
400,[0.54586494 0.61322046],4,3,"[0.5526138056840805, 0.6443554074021057]",1,6
401,[0.39364665 0.83063097],0,7,"[0.3997826623418963, 0.8035485833251204]",1,2
402,[0.74008513 0.3208    ],6,6,"[0.725070511763224, 0.2863584308731653]",0,0
403,[0.22315874 0.84232106],5,-1,-1,1,-1
404,[0.13400414 0.80995495],5,4,"[0.15316159197189042, 0.831801241434934]",1,10
405,[0.18896833 0.82591922],3,4,"[0.15316159197189042, 0.831801241434934]",1,-1
406,[0.19199579 0.67434123],3,1,"[0.18598280984665155, 0.7338502240850012]",1,-1
407,[0.57017348 0.35762643],9,-1,-1,-1,-1
408,[0.29277081 0.25541201],7,0,"[0.2616786212106805, 0.26472080282195354]",1,4
409,[0.42008501 0.82920248],0,7,"[0.3997826623418963, 0.8035485833251204]",1,2
410,[0.37687998 0.76621009],0,7,"[0.3997826623418963, 0.8035485833251204]",1,2
411,[0.47607463 0.4231685 ],9,-1,-1,1,-1
412,[0.52497929 0.6546622 ],4,3,"[0.5526138056840805, 0.6443554074021057]",1,-1
413,[0.26199851 0.30466355],2,0,"[0.2616786212106805, 0.26472080282195354]",1,4
414,[0.49498908 0.27006015],9,-1,-1,1,-1
415,[0.21055628 0.69385761],3,1,"[0.18598280984665155, 0.7338502240850012]",1,-1
416,[0.37942953 0.60584073],8,-1,-1,1,-1
417,[0.24661186 0.21066627],7,0,"[0.2616786212106805, 0.26472080282195354]",1,4
418,[0.23438459 0.26170676],2,0,"[0.2616786212106805, 0.26472080282195354]",1,4
419,[0.55328999 0.49017334],1,-1,-1,1,-1
420,[0.62593521 0.54599678],4,8,"[0.6551066790771881, 0.5227056166630671]",1,7
421,[0.54666738 0.61412882],4,3,"[0.5526138056840805, 0.6443554074021057]",1,6
422,[0.38374057 0.75848216],0,7,"[0.3997826623418963, 0.8035485833251204]",1,2
423,[0.39062795 0.41151945],9,-1,-1,1,-1
424,[0.64952357 0.55531049],1,8,"[0.6551066790771881, 0.5227056166630671]",1,7
425,[0.33510122 0.19086016],2,-1,-1,1,-1
426,[0.31054302 0.50949262],8,5,"[0.3554407244338524, 0.520317078838352]",1,3
427,[0.18581728 0.21438619],2,-1,-1,1,-1
428,[0.75571955 0.6476353 ],1,-1,-1,-1,-1
429,[0.50443741 0.39874888],9,-1,-1,1,-1
430,[0.41765273 0.8766536 ],0,-1,-1,1,2
431,[0.70263201 0.53010078],1,8,"[0.6551066790771881, 0.5227056166630671]",1,-1
432,[0.30535173 0.57576332],8,-1,-1,1,3
433,[0.42899036 0.38249989],9,2,"[0.4412752198259873, 0.34769156644351373]",1,5
434,[0.64698555 0.6484374 ],1,9,"[0.6496555418786976, 0.6138407878286516]",1,-1
435,[0.65586299 0.23524966],6,-1,-1,0,-1
436,[0.72323597 0.27564591],6,6,"[0.725070511763224, 0.2863584308731653]",0,1
437,[0.39089991 0.32326232],9,2,"[0.4412752198259873, 0.34769156644351373]",1,5
438,[0.289729   0.26492567],2,0,"[0.2616786212106805, 0.26472080282195354]",1,4
439,[0.38714078 0.28306947],9,-1,-1,1,-1
440,[0.19721257 0.37240486],7,-1,-1,1,-1
441,[0.36044131 0.4735755 ],8,5,"[0.3554407244338524, 0.520317078838352]",1,3
442,[0.18948927 0.30824078],7,-1,-1,1,-1
443,[0.42325949 0.26027533],9,-1,-1,1,-1
444,[0.15367918 0.67055524],3,-1,-1,1,-1
445,[0.34134841 0.61163653],8,-1,-1,1,-1
446,[0.44369586 0.83277436],0,7,"[0.3997826623418963, 0.8035485833251204]",1,2
447,[0.3147411  0.54287111],8,5,"[0.3554407244338524, 0.520317078838352]",1,3
448,[0.37005688 0.58072123],8,5,"[0.3554407244338524, 0.520317078838352]",1,3
449,[0.51219088 0.69882604],0,3,"[0.5526138056840805, 0.6443554074021057]",1,-1
450,[0.28354347 0.19060953],7,-1,-1,1,4
451,[0.27598516 0.26386114],2,0,"[0.2616786212106805, 0.26472080282195354]",1,4
452,[0.22855244 0.23571654],2,0,"[0.2616786212106805, 0.26472080282195354]",1,4
453,[0.53969596 0.29470905],9,-1,-1,1,-1
454,[0.64883772 0.3252655 ],6,-1,-1,0,-1
455,[0.65907819 0.54907227],1,8,"[0.6551066790771881, 0.5227056166630671]",1,7
456,[0.30129054 0.23348312],2,0,"[0.2616786212106805, 0.26472080282195354]",1,4
457,[0.33261092 0.81032089],0,7,"[0.3997826623418963, 0.8035485833251204]",1,2
458,[0.74232192 0.2183827 ],6,-1,-1,0,-1
459,[0.59507036 0.60965804],4,9,"[0.6496555418786976, 0.6138407878286516]",1,6
460,[0.21124132 0.76160332],5,1,"[0.18598280984665155, 0.7338502240850012]",1,-1
461,[0.37366952 0.5122384 ],8,5,"[0.3554407244338524, 0.520317078838352]",1,3
462,[0.2596867  0.32255835],2,0,"[0.2616786212106805, 0.26472080282195354]",1,4
463,[0.2630641  0.23802175],7,0,"[0.2616786212106805, 0.26472080282195354]",1,4
464,[0.21720165 0.18169005],2,-1,-1,1,-1
465,[0.38418973 0.52090777],8,5,"[0.3554407244338524, 0.520317078838352]",1,3
466,[0.32808748 0.77828253],0,-1,-1,1,2
467,[0.68568792 0.57961209],1,9,"[0.6496555418786976, 0.6138407878286516]",1,-1
468,[0.59498498 0.54668676],1,8,"[0.6551066790771881, 0.5227056166630671]",1,-1
469,[0.1574032  0.76389248],5,1,"[0.18598280984665155, 0.7338502240850012]",1,10
470,[0.22688597 0.12457731],2,-1,-1,1,-1
471,[0.39679522 0.34895646],9,2,"[0.4412752198259873, 0.34769156644351373]",1,5
472,[0.14444195 0.80575808],3,4,"[0.15316159197189042, 0.831801241434934]",1,10
473,[0.29708134 0.20000878],7,-1,-1,1,4
474,[0.437131   0.31384203],9,2,"[0.4412752198259873, 0.34769156644351373]",1,5
475,[0.21464957 0.3672006 ],2,-1,-1,1,-1
476,[0.3283422 0.2518521],7,0,"[0.2616786212106805, 0.26472080282195354]",1,4
477,[0.44435076 0.36403594],9,2,"[0.4412752198259873, 0.34769156644351373]",1,5
478,[0.45383484 0.23586255],9,-1,-1,1,-1
479,[0.1736153  0.82897578],5,4,"[0.15316159197189042, 0.831801241434934]",1,9
480,[0.419277   0.39042211],8,2,"[0.4412752198259873, 0.34769156644351373]",1,5
481,[0.2200834  0.72228146],3,1,"[0.18598280984665155, 0.7338502240850012]",1,-1
482,[0.21525962 0.34377547],2,-1,-1,1,4
483,[0.16126252 0.82362355],5,4,"[0.15316159197189042, 0.831801241434934]",1,9
484,[0.22077929 0.75781619],5,1,"[0.18598280984665155, 0.7338502240850012]",1,-1
485,[0.57222479 0.61444658],4,3,"[0.5526138056840805, 0.6443554074021057]",1,6
486,[0.45523344 0.43352847],8,-1,-1,1,-1
487,[0.59745678 0.55003593],1,8,"[0.6551066790771881, 0.5227056166630671]",1,-1
488,[0.22720365 0.15230063],2,-1,-1,1,-1
489,[0.39651137 0.5162198 ],8,5,"[0.3554407244338524, 0.520317078838352]",1,3
490,[0.37884537 0.47775327],8,5,"[0.3554407244338524, 0.520317078838352]",1,3
491,[0.26924415 0.76210224],3,-1,-1,1,-1
492,[0.46470848 0.55006216],4,-1,-1,1,-1
493,[0.30196934 0.79873143],0,-1,-1,1,2
494,[0.51973964 0.56376527],4,-1,-1,1,-1
495,[0.32481098 0.76275907],0,-1,-1,1,2
496,[0.72840775 0.24997223],6,6,"[0.725070511763224, 0.2863584308731653]",0,-1
497,[0.71665801 0.24529511],6,6,"[0.725070511763224, 0.2863584308731653]",0,-1
498,[0.19906168 0.19307849],2,-1,-1,1,-1
499,[0.52909435 0.62139742],4,3,"[0.5526138056840805, 0.6443554074021057]",1,6
500,[0.6702513 0.6539368],1,9,"[0.6496555418786976, 0.6138407878286516]",1,-1
501,[0.14730332 0.88461423],5,4,"[0.15316159197189042, 0.831801241434934]",1,-1
502,[0.53048689 0.62755539],4,3,"[0.5526138056840805, 0.6443554074021057]",1,6
503,[0.15077833 0.72593215],3,1,"[0.18598280984665155, 0.7338502240850012]",1,-1
504,[0.35537071 0.75778002],0,7,"[0.3997826623418963, 0.8035485833251204]",1,2
505,[0.54802296 0.62440399],4,3,"[0.5526138056840805, 0.6443554074021057]",1,6
506,[0.2780853  0.29260516],7,0,"[0.2616786212106805, 0.26472080282195354]",1,4
507,[0.34905321 0.5015125 ],8,5,"[0.3554407244338524, 0.520317078838352]",1,3
508,[0.68685505 0.37852174],6,-1,-1,0,-1
509,[0.13807074 0.77978944],5,4,"[0.15316159197189042, 0.831801241434934]",1,-1
510,[0.31263847 0.87035061],0,-1,-1,1,-1
511,[0.7469444  0.32177439],6,6,"[0.725070511763224, 0.2863584308731653]",0,0
512,[0.29112319 0.27241069],2,0,"[0.2616786212106805, 0.26472080282195354]",1,4
513,[0.33610279 0.84772889],0,-1,-1,1,2
514,[0.29986557 0.27744245],7,0,"[0.2616786212106805, 0.26472080282195354]",1,4
515,[0.69399781 0.53964696],1,8,"[0.6551066790771881, 0.5227056166630671]",1,-1
516,[0.56809771 0.68419028],4,3,"[0.5526138056840805, 0.6443554074021057]",1,-1
517,[0.59119309 0.68982761],4,3,"[0.5526138056840805, 0.6443554074021057]",1,-1
518,[0.64191209 0.70047485],4,-1,-1,1,-1
519,[0.71706722 0.28026841],6,6,"[0.725070511763224, 0.2863584308731653]",0,1
520,[0.29063274 0.29368566],7,0,"[0.2616786212106805, 0.26472080282195354]",1,4
521,[0.41414688 0.47289111],8,-1,-1,1,-1
522,[0.15332867 0.75120048],3,1,"[0.18598280984665155, 0.7338502240850012]",1,10
523,[0.16194732 0.89375462],5,4,"[0.15316159197189042, 0.831801241434934]",1,-1
524,[0.67109094 0.56733774],1,8,"[0.6551066790771881, 0.5227056166630671]",1,7
525,[0.57623838 0.58577096],1,3,"[0.5526138056840805, 0.6443554074021057]",1,-1
526,[0.49917846 0.35356089],9,2,"[0.4412752198259873, 0.34769156644351373]",1,-1
527,[0.70090109 0.30707617],6,6,"[0.725070511763224, 0.2863584308731653]",0,1
528,[0.41589996 0.37674815],9,2,"[0.4412752198259873, 0.34769156644351373]",1,5
529,[0.61638314 0.55791588],1,8,"[0.6551066790771881, 0.5227056166630671]",1,-1
530,[0.19891634 0.13861122],2,-1,-1,1,-1
531,[0.2191369  0.30085605],7,0,"[0.2616786212106805, 0.26472080282195354]",1,4
532,[0.41026021 0.21987178],9,-1,-1,1,-1
533,[0.73180183 0.26135754],6,6,"[0.725070511763224, 0.2863584308731653]",0,-1
534,[0.43890408 0.35335776],9,2,"[0.4412752198259873, 0.34769156644351373]",1,5
535,[0.55314647 0.63323056],4,3,"[0.5526138056840805, 0.6443554074021057]",1,6
536,[0.38658539 0.23725278],7,-1,-1,1,-1
537,[0.42062543 0.28669944],9,2,"[0.4412752198259873, 0.34769156644351373]",1,5
538,[0.3500944 0.454473 ],8,5,"[0.3554407244338524, 0.520317078838352]",1,3
539,[0.44256323 0.75292491],0,7,"[0.3997826623418963, 0.8035485833251204]",1,2
540,[0.24798802 0.26296178],2,0,"[0.2616786212106805, 0.26472080282195354]",1,4
541,[0.42607497 0.79632844],0,7,"[0.3997826623418963, 0.8035485833251204]",1,2
542,[0.29028134 0.33141543],7,-1,-1,1,4
543,[0.73529767 0.33726881],6,6,"[0.725070511763224, 0.2863584308731653]",0,0
544,[0.74916136 0.26039348],6,6,"[0.725070511763224, 0.2863584308731653]",0,-1
545,[0.18130529 0.78405385],3,1,"[0.18598280984665155, 0.7338502240850012]",1,-1
546,[0.4161006  0.76779927],0,7,"[0.3997826623418963, 0.8035485833251204]",1,2
547,[0.46522172 0.56720804],8,-1,-1,1,-1
548,[0.1885623  0.17175677],7,-1,-1,1,-1
549,[0.35386757 0.44464884],8,-1,-1,1,3
550,[0.45083303 0.77017531],0,7,"[0.3997826623418963, 0.8035485833251204]",1,2
551,[0.29840626 0.54473974],8,5,"[0.3554407244338524, 0.520317078838352]",1,3
552,[0.1756505 0.7423874],3,1,"[0.18598280984665155, 0.7338502240850012]",1,8
553,[0.36489938 0.53898039],8,5,"[0.3554407244338524, 0.520317078838352]",1,3
554,[0.71223097 0.25633958],6,6,"[0.725070511763224, 0.2863584308731653]",0,-1
555,[0.37511371 0.50944143],8,5,"[0.3554407244338524, 0.520317078838352]",1,3
556,[0.72054688 0.3182727 ],6,6,"[0.725070511763224, 0.2863584308731653]",0,0
557,[0.31610473 0.60678008],8,-1,-1,1,-1
558,[0.10344748 0.80713252],3,4,"[0.15316159197189042, 0.831801241434934]",1,-1
559,[0.66383539 0.66424111],1,9,"[0.6496555418786976, 0.6138407878286516]",1,-1
560,[0.09178721 0.84475047],5,4,"[0.15316159197189042, 0.831801241434934]",1,-1
561,[0.79425573 0.34103496],6,-1,-1,0,-1
562,[0.40287216 0.40572881],9,2,"[0.4412752198259873, 0.34769156644351373]",1,-1
563,[0.20807724 0.7797533 ],3,1,"[0.18598280984665155, 0.7338502240850012]",1,-1
564,[0.31991096 0.24509477],7,0,"[0.2616786212106805, 0.26472080282195354]",1,4
565,[0.15269243 0.60719315],3,-1,-1,1,-1
566,[0.21094328 0.25213567],7,0,"[0.2616786212106805, 0.26472080282195354]",1,4
567,[0.16007452 0.35878134],7,-1,-1,1,-1
568,[0.30528187 0.16294016],7,-1,-1,1,-1
569,[0.22168972 0.76140113],3,1,"[0.18598280984665155, 0.7338502240850012]",1,-1
570,[0.58660466 0.63258578],4,3,"[0.5526138056840805, 0.6443554074021057]",1,6
571,[0.62624488 0.70466544],4,-1,-1,1,-1
572,[0.24479779 0.29792436],7,0,"[0.2616786212106805, 0.26472080282195354]",1,4
573,[0.2336637  0.83183658],5,-1,-1,1,-1
574,[0.17632856 0.76339211],3,1,"[0.18598280984665155, 0.7338502240850012]",1,-1
575,[0.37551107 0.37405666],8,-1,-1,1,5
576,[0.8093693  0.37092817],6,-1,-1,0,-1
577,[0.17175893 0.6974974 ],3,1,"[0.18598280984665155, 0.7338502240850012]",1,-1
578,[0.48380978 0.73588494],0,-1,-1,1,-1
579,[0.65251397 0.53177968],1,8,"[0.6551066790771881, 0.5227056166630671]",1,7
580,[0.63453025 0.43713061],1,-1,-1,1,-1
581,[0.74711109 0.24164989],6,6,"[0.725070511763224, 0.2863584308731653]",0,-1
582,[0.15135894 0.76594694],3,1,"[0.18598280984665155, 0.7338502240850012]",1,-1
583,[0.23152944 0.31368732],7,0,"[0.2616786212106805, 0.26472080282195354]",1,4
584,[0.48728004 0.38336432],9,2,"[0.4412752198259873, 0.34769156644351373]",1,5
585,[0.6692664  0.53472006],1,8,"[0.6551066790771881, 0.5227056166630671]",1,7
586,[0.34392563 0.54548816],8,5,"[0.3554407244338524, 0.520317078838352]",1,-1
587,[0.53367715 0.63150274],4,3,"[0.5526138056840805, 0.6443554074021057]",1,6
588,[0.62007564 0.49441217],1,8,"[0.6551066790771881, 0.5227056166630671]",1,-1
589,[0.42698155 0.61741369],4,-1,-1,1,-1
590,[0.69219313 0.30298513],6,6,"[0.725070511763224, 0.2863584308731653]",0,-1
591,[0.70233651 0.47948621],1,8,"[0.6551066790771881, 0.5227056166630671]",1,-1
592,[0.16364963 0.75120717],3,1,"[0.18598280984665155, 0.7338502240850012]",1,-1
593,[0.35925741 0.27025289],7,-1,-1,1,4
594,[0.70998686 0.56006528],1,8,"[0.6551066790771881, 0.5227056166630671]",1,-1
595,[0.38952497 0.49284715],8,5,"[0.3554407244338524, 0.520317078838352]",1,3
596,[0.76229538 0.22536696],6,-1,-1,0,-1
597,[0.16959236 0.22812441],2,-1,-1,1,-1
598,[0.42310318 0.30380546],9,2,"[0.4412752198259873, 0.34769156644351373]",1,-1
599,[0.35095194 0.84094371],0,7,"[0.3997826623418963, 0.8035485833251204]",1,2
600,[0.32437919 0.24485459],7,0,"[0.2616786212106805, 0.26472080282195354]",1,4
601,[0.15977217 0.8277774 ],5,4,"[0.15316159197189042, 0.831801241434934]",1,9
602,[0.60949609 0.4636316 ],9,-1,-1,1,-1
603,[0.17120369 0.21443793],2,-1,-1,1,-1
604,[0.33813632 0.58796315],8,5,"[0.3554407244338524, 0.520317078838352]",1,-1
605,[0.32206433 0.28399379],2,0,"[0.2616786212106805, 0.26472080282195354]",1,4
606,[0.66998243 0.4682263 ],1,8,"[0.6551066790771881, 0.5227056166630671]",1,-1
607,[0.28928686 0.68438708],3,-1,-1,1,-1
608,[0.16496496 0.83942035],5,4,"[0.15316159197189042, 0.831801241434934]",1,9
609,[0.63910533 0.53374743],1,8,"[0.6551066790771881, 0.5227056166630671]",1,7
610,[0.17311447 0.81295863],3,4,"[0.15316159197189042, 0.831801241434934]",1,9
611,[0.52783035 0.29498583],9,-1,-1,1,-1
612,[0.66576299 0.5451945 ],1,8,"[0.6551066790771881, 0.5227056166630671]",1,7
613,[0.26420866 0.29649359],2,0,"[0.2616786212106805, 0.26472080282195354]",1,4
614,[0.40655426 0.83098585],0,7,"[0.3997826623418963, 0.8035485833251204]",1,2
615,[0.29173505 0.21833336],7,0,"[0.2616786212106805, 0.26472080282195354]",1,4
616,[0.18814154 0.80388126],5,4,"[0.15316159197189042, 0.831801241434934]",1,-1
617,[0.10901408 0.65026851],3,-1,-1,1,-1
618,[0.54814905 0.69107646],4,3,"[0.5526138056840805, 0.6443554074021057]",1,-1
619,[0.58704692 0.27392549],6,-1,-1,-1,-1
620,[0.34752481 0.44115198],8,-1,-1,1,3
621,[0.15004498 0.89179004],5,4,"[0.15316159197189042, 0.831801241434934]",1,-1
622,[0.35381889 0.88052298],0,-1,-1,1,-1
623,[0.7155331  0.35279746],6,6,"[0.725070511763224, 0.2863584308731653]",0,-1
624,[0.34557094 0.29769623],9,-1,-1,1,4
625,[0.28419793 0.16854785],2,-1,-1,1,-1
626,[0.46781142 0.7694143 ],0,-1,-1,1,2
627,[0.73146087 0.53003856],1,-1,-1,1,-1
628,[0.69183328 0.44184089],1,-1,-1,1,-1
629,[0.54483433 0.71519588],4,-1,-1,1,-1
630,[0.73643801 0.2372207 ],6,6,"[0.725070511763224, 0.2863584308731653]",0,-1
631,[0.74690167 0.30698544],6,6,"[0.725070511763224, 0.2863584308731653]",0,0
632,[0.43270701 0.35489311],9,2,"[0.4412752198259873, 0.34769156644351373]",1,5
633,[0.26548653 0.357713  ],7,-1,-1,1,-1
634,[0.22608723 0.2683143 ],2,0,"[0.2616786212106805, 0.26472080282195354]",1,4
635,[0.2821846 0.1972705],2,-1,-1,1,4
636,[0.40367018 0.33375146],9,2,"[0.4412752198259873, 0.34769156644351373]",1,5
637,[0.15637232 0.84808275],5,4,"[0.15316159197189042, 0.831801241434934]",1,-1
638,[0.53411966 0.62675561],4,3,"[0.5526138056840805, 0.6443554074021057]",1,6
639,[0.46163073 0.58816344],8,-1,-1,1,-1
640,[0.45556869 0.67105673],4,-1,-1,1,-1
641,[0.36780437 0.35522728],9,-1,-1,1,5
642,[0.56178214 0.6764974 ],4,3,"[0.5526138056840805, 0.6443554074021057]",1,-1
643,[0.68819403 0.30173563],6,6,"[0.725070511763224, 0.2863584308731653]",0,-1
644,[0.06712188 0.77823175],5,-1,-1,1,-1
645,[0.36953464 0.51550637],8,5,"[0.3554407244338524, 0.520317078838352]",1,3
646,[0.40936009 0.30706269],9,2,"[0.4412752198259873, 0.34769156644351373]",1,5
647,[0.2369996  0.16376462],2,-1,-1,1,-1
648,[0.56042354 0.55368018],1,-1,-1,1,-1
649,[0.60187581 0.66061899],4,3,"[0.5526138056840805, 0.6443554074021057]",1,6
650,[0.72737976 0.4442    ],6,-1,-1,1,-1
651,[0.34934417 0.36835422],9,-1,-1,1,-1
652,[0.58341116 0.58834068],4,3,"[0.5526138056840805, 0.6443554074021057]",1,-1
653,[0.43228296 0.53993699],8,-1,-1,1,-1
654,[0.18556181 0.75556081],3,1,"[0.18598280984665155, 0.7338502240850012]",1,8
655,[0.25898929 0.27588656],2,0,"[0.2616786212106805, 0.26472080282195354]",1,4
656,[0.23783702 0.26860234],2,0,"[0.2616786212106805, 0.26472080282195354]",1,4
657,[0.670754   0.24615671],6,6,"[0.725070511763224, 0.2863584308731653]",0,-1
658,[0.68228519 0.62757149],1,9,"[0.6496555418786976, 0.6138407878286516]",1,-1
659,[0.60415967 0.53661012],1,8,"[0.6551066790771881, 0.5227056166630671]",1,-1
660,[0.10883535 0.81951967],3,4,"[0.15316159197189042, 0.831801241434934]",1,-1
661,[0.23765302 0.2258581 ],7,0,"[0.2616786212106805, 0.26472080282195354]",1,4
662,[0.63479883 0.50578056],1,8,"[0.6551066790771881, 0.5227056166630671]",1,7
663,[0.20284921 0.86709843],5,4,"[0.15316159197189042, 0.831801241434934]",1,-1
664,[0.7202731  0.21415661],6,-1,-1,0,-1
665,[0.43983596 0.80899823],0,7,"[0.3997826623418963, 0.8035485833251204]",1,2
666,[0.33772113 0.226528  ],2,-1,-1,1,4
667,[0.31453497 0.36422513],7,-1,-1,1,-1
668,[0.20792812 0.25460793],7,0,"[0.2616786212106805, 0.26472080282195354]",1,4
669,[0.56465385 0.66086553],4,3,"[0.5526138056840805, 0.6443554074021057]",1,-1
670,[0.18953233 0.73371466],3,1,"[0.18598280984665155, 0.7338502240850012]",1,8
671,[0.45781133 0.42968432],9,-1,-1,1,-1
672,[0.57782682 0.63073432],4,3,"[0.5526138056840805, 0.6443554074021057]",1,6
673,[0.67976655 0.26413517],6,6,"[0.725070511763224, 0.2863584308731653]",0,-1
674,[0.40655849 0.85036369],0,7,"[0.3997826623418963, 0.8035485833251204]",1,2
675,[0.6368192  0.59268376],1,9,"[0.6496555418786976, 0.6138407878286516]",1,-1
676,[0.33592439 0.49436342],8,5,"[0.3554407244338524, 0.520317078838352]",1,3
677,[0.45501357 0.84842507],0,-1,-1,1,2
678,[0.66572177 0.49165012],1,8,"[0.6551066790771881, 0.5227056166630671]",1,-1
679,[0.1689911  0.26573718],7,-1,-1,1,-1
680,[0.6191273  0.65143088],4,9,"[0.6496555418786976, 0.6138407878286516]",1,-1
681,[0.07901758 0.77966066],5,-1,-1,1,-1
682,[0.17941229 0.81440391],5,4,"[0.15316159197189042, 0.831801241434934]",1,9
683,[0.35441037 0.72683189],0,-1,-1,1,-1
684,[0.2881051  0.25303162],2,0,"[0.2616786212106805, 0.26472080282195354]",1,4
685,[0.19473339 0.66090011],3,-1,-1,1,-1
686,[0.12190447 0.59260249],3,-1,-1,-1,-1
687,[0.4721787  0.31098005],9,2,"[0.4412752198259873, 0.34769156644351373]",1,5
688,[0.54579268 0.41085205],9,-1,-1,1,-1
689,[0.0938229  0.85130069],5,4,"[0.15316159197189042, 0.831801241434934]",1,-1
690,[0.51738863 0.60004087],4,3,"[0.5526138056840805, 0.6443554074021057]",1,-1
691,[0.62128929 0.51542522],1,8,"[0.6551066790771881, 0.5227056166630671]",1,-1
692,[0.54995332 0.667084  ],4,3,"[0.5526138056840805, 0.6443554074021057]",1,-1
693,[0.15960476 0.69571872],3,1,"[0.18598280984665155, 0.7338502240850012]",1,-1
694,[0.12946544 0.83782201],3,4,"[0.15316159197189042, 0.831801241434934]",1,-1
695,[0.4801915  0.67168689],4,-1,-1,1,-1
696,[0.25259582 0.20654633],7,0,"[0.2616786212106805, 0.26472080282195354]",1,4
697,[0.21432224 0.18466196],7,-1,-1,1,-1
698,[0.54078322 0.64458017],1,3,"[0.5526138056840805, 0.6443554074021057]",1,6
699,[0.74329005 0.31770848],6,6,"[0.725070511763224, 0.2863584308731653]",0,0
700,[0.20611195 0.31566626],7,-1,-1,1,4
701,[0.6680572  0.52522536],1,8,"[0.6551066790771881, 0.5227056166630671]",1,7
702,[0.72223001 0.32784742],6,6,"[0.725070511763224, 0.2863584308731653]",0,0
703,[0.79892437 0.33362171],6,-1,-1,0,-1
704,[0.42648945 0.37636223],8,2,"[0.4412752198259873, 0.34769156644351373]",1,5
705,[0.34710571 0.46367386],8,5,"[0.3554407244338524, 0.520317078838352]",1,3
706,[0.26261373 0.84570831],3,-1,-1,1,-1
707,[0.67375728 0.56817806],1,8,"[0.6551066790771881, 0.5227056166630671]",1,7
708,[0.17449956 0.81086188],5,4,"[0.15316159197189042, 0.831801241434934]",1,-1
709,[0.35276645 0.47486485],8,5,"[0.3554407244338524, 0.520317078838352]",1,3
710,[0.44417308 0.89851919],0,-1,-1,1,-1
711,[0.27220459 0.72089082],3,-1,-1,1,-1
712,[0.25893314 0.73076489],3,-1,-1,1,-1
713,[0.1308041  0.75728332],3,1,"[0.18598280984665155, 0.7338502240850012]",1,-1
714,[0.30492161 0.42254936],8,-1,-1,1,-1
715,[0.2482292  0.28916894],7,0,"[0.2616786212106805, 0.26472080282195354]",1,4
716,[0.64681366 0.26001209],6,-1,-1,0,-1
717,[0.16215683 0.84370749],5,4,"[0.15316159197189042, 0.831801241434934]",1,-1
718,[0.64984211 0.27878317],6,-1,-1,0,-1
719,[0.54659526 0.59852821],4,3,"[0.5526138056840805, 0.6443554074021057]",1,6
720,[0.12809892 0.75005138],5,1,"[0.18598280984665155, 0.7338502240850012]",1,-1
721,[0.17119684 0.24914036],7,-1,-1,1,-1
722,[0.26357568 0.26734886],7,0,"[0.2616786212106805, 0.26472080282195354]",1,4
723,[0.33413724 0.52704494],8,5,"[0.3554407244338524, 0.520317078838352]",1,3
724,[0.22723898 0.32574307],2,-1,-1,1,4
725,[0.09842118 0.76578294],5,-1,-1,1,-1
726,[0.21307974 0.29676824],2,0,"[0.2616786212106805, 0.26472080282195354]",1,4
727,[0.33047916 0.24526775],7,-1,-1,1,4
728,[0.14857413 0.78493911],5,4,"[0.15316159197189042, 0.831801241434934]",1,10
729,[0.14449064 0.69958664],3,1,"[0.18598280984665155, 0.7338502240850012]",1,-1
730,[0.28099838 0.30785984],2,0,"[0.2616786212106805, 0.26472080282195354]",1,4
731,[0.74644677 0.6263672 ],1,-1,-1,1,-1
732,[0.62158696 0.58195262],1,9,"[0.6496555418786976, 0.6138407878286516]",1,-1
733,[0.11154155 0.87177756],5,4,"[0.15316159197189042, 0.831801241434934]",1,-1
734,[0.37817083 0.83242265],0,7,"[0.3997826623418963, 0.8035485833251204]",1,2
735,[0.13961281 0.84468157],5,4,"[0.15316159197189042, 0.831801241434934]",1,-1
736,[0.80854378 0.61464958],1,-1,-1,-1,-1
737,[0.73561099 0.36357873],6,-1,-1,0,-1
738,[0.32639019 0.727083  ],0,-1,-1,1,-1
739,[0.37863569 0.47766422],8,5,"[0.3554407244338524, 0.520317078838352]",1,3
740,[0.20527362 0.80340014],3,4,"[0.15316159197189042, 0.831801241434934]",1,-1
741,[0.70760849 0.25057946],6,6,"[0.725070511763224, 0.2863584308731653]",0,-1
742,[0.10587276 0.75113866],3,-1,-1,1,-1
743,[0.39557906 0.86432922],0,7,"[0.3997826623418963, 0.8035485833251204]",1,2
744,[0.13966555 0.74609476],3,1,"[0.18598280984665155, 0.7338502240850012]",1,-1
745,[0.66332661 0.49816795],1,8,"[0.6551066790771881, 0.5227056166630671]",1,-1
746,[0.32685689 0.43423006],8,-1,-1,1,3
747,[0.76282858 0.27714158],6,6,"[0.725070511763224, 0.2863584308731653]",0,-1
748,[0.36118745 0.31105948],9,-1,-1,1,-1
749,[0.41083335 0.36096417],9,2,"[0.4412752198259873, 0.34769156644351373]",1,5
750,[0.60832138 0.71607456],4,-1,-1,1,-1
751,[0.39587893 0.82094924],0,7,"[0.3997826623418963, 0.8035485833251204]",1,2
752,[0.21961629 0.23465145],7,0,"[0.2616786212106805, 0.26472080282195354]",1,4
753,[0.44379157 0.38377902],9,2,"[0.4412752198259873, 0.34769156644351373]",1,5
754,[0.64975729 0.57459592],1,9,"[0.6496555418786976, 0.6138407878286516]",1,-1
755,[0.33230681 0.22320872],2,-1,-1,1,4
756,[0.07604832 0.85582106],5,-1,-1,1,-1
757,[0.34412132 0.73804375],0,-1,-1,1,2
758,[0.17875915 0.81437959],5,4,"[0.15316159197189042, 0.831801241434934]",1,9
759,[0.73736409 0.18035792],6,-1,-1,0,-1
760,[0.68807604 0.50871708],1,8,"[0.6551066790771881, 0.5227056166630671]",1,-1
761,[0.59136584 0.6582381 ],4,3,"[0.5526138056840805, 0.6443554074021057]",1,6
762,[0.24064423 0.29440333],7,0,"[0.2616786212106805, 0.26472080282195354]",1,4
763,[0.3791424  0.46765302],8,5,"[0.3554407244338524, 0.520317078838352]",1,3
764,[0.59976529 0.54839283],4,8,"[0.6551066790771881, 0.5227056166630671]",1,-1
765,[0.28157854 0.20487135],7,0,"[0.2616786212106805, 0.26472080282195354]",1,4
766,[0.59229195 0.64235615],4,3,"[0.5526138056840805, 0.6443554074021057]",1,6
767,[0.39862162 0.54285327],8,5,"[0.3554407244338524, 0.520317078838352]",1,3
768,[0.41000557 0.56050586],8,5,"[0.3554407244338524, 0.520317078838352]",1,-1
769,[0.35566422 0.80808284],0,7,"[0.3997826623418963, 0.8035485833251204]",1,2
770,[0.46187071 0.80063798],0,7,"[0.3997826623418963, 0.8035485833251204]",1,2
771,[0.22719067 0.26040655],2,0,"[0.2616786212106805, 0.26472080282195354]",1,4
772,[0.18487686 0.73399835],3,1,"[0.18598280984665155, 0.7338502240850012]",1,8
773,[0.46725348 0.76339073],0,-1,-1,1,2
774,[0.12734201 0.72578922],3,1,"[0.18598280984665155, 0.7338502240850012]",1,-1
775,[0.55455173 0.37348885],9,-1,-1,1,-1
776,[0.27318264 0.22428819],2,0,"[0.2616786212106805, 0.26472080282195354]",1,4
777,[0.66175528 0.24859836],6,-1,-1,0,-1
778,[0.56932293 0.59323782],4,3,"[0.5526138056840805, 0.6443554074021057]",1,6
779,[0.87129833 0.35389276],6,-1,-1,-1,-1
780,[0.69270428 0.36421509],6,-1,-1,0,-1
781,[0.61903732 0.52818927],1,8,"[0.6551066790771881, 0.5227056166630671]",1,7
782,[0.33837365 0.45539475],8,5,"[0.3554407244338524, 0.520317078838352]",1,3
783,[0.30480758 0.22256665],2,0,"[0.2616786212106805, 0.26472080282195354]",1,4
784,[0.16366877 0.69808424],3,1,"[0.18598280984665155, 0.7338502240850012]",1,-1
785,[0.41914452 0.52297611],8,5,"[0.3554407244338524, 0.520317078838352]",1,3
786,[0.45062745 0.41150752],9,2,"[0.4412752198259873, 0.34769156644351373]",1,-1
787,[0.26948122 0.22992872],2,0,"[0.2616786212106805, 0.26472080282195354]",1,4
788,[0.15669005 0.84457881],5,4,"[0.15316159197189042, 0.831801241434934]",1,-1
789,[0.41184968 0.76896574],0,7,"[0.3997826623418963, 0.8035485833251204]",1,2
790,[0.23573565 0.77236765],3,1,"[0.18598280984665155, 0.7338502240850012]",1,-1
791,[0.4782     0.77321742],0,-1,-1,1,2
792,[0.75095134 0.24758384],6,6,"[0.725070511763224, 0.2863584308731653]",0,-1
793,[0.39972081 0.73947203],0,7,"[0.3997826623418963, 0.8035485833251204]",1,2
794,[0.36453069 0.55234182],8,5,"[0.3554407244338524, 0.520317078838352]",1,3
795,[0.09880518 0.802056  ],3,4,"[0.15316159197189042, 0.831801241434934]",1,-1
796,[0.69906595 0.21638886],6,-1,-1,0,-1
797,[0.39752148 0.81780719],0,7,"[0.3997826623418963, 0.8035485833251204]",1,2
798,[0.24902735 0.3111817 ],2,0,"[0.2616786212106805, 0.26472080282195354]",1,4
799,[0.48964718 0.33233347],9,2,"[0.4412752198259873, 0.34769156644351373]",1,5
800,[0.23428214 0.70236019],3,1,"[0.18598280984665155, 0.7338502240850012]",1,-1
801,[0.21655537 0.22523083],2,0,"[0.2616786212106805, 0.26472080282195354]",1,4
802,[0.35378619 0.3248451 ],7,-1,-1,1,-1
803,[0.64216407 0.50698547],1,8,"[0.6551066790771881, 0.5227056166630671]",1,-1
804,[0.27126576 0.29248343],7,0,"[0.2616786212106805, 0.26472080282195354]",1,4
805,[0.18554296 0.7691076 ],3,1,"[0.18598280984665155, 0.7338502240850012]",1,8
806,[0.14766076 0.7561005 ],3,1,"[0.18598280984665155, 0.7338502240850012]",1,10
807,[0.43712731 0.71643382],0,-1,-1,1,2
808,[0.2616908  0.74265998],5,-1,-1,1,-1
809,[0.41747854 0.33562072],9,2,"[0.4412752198259873, 0.34769156644351373]",1,5
810,[0.23491456 0.32171289],2,0,"[0.2616786212106805, 0.26472080282195354]",1,4
811,[0.5514515  0.63623991],4,3,"[0.5526138056840805, 0.6443554074021057]",1,6
812,[0.45050458 0.40766487],9,2,"[0.4412752198259873, 0.34769156644351373]",1,-1
813,[0.15098018 0.73192461],3,1,"[0.18598280984665155, 0.7338502240850012]",1,-1
814,[0.5035929  0.57685129],4,-1,-1,1,-1
815,[0.05682586 0.78749263],3,-1,-1,1,-1
816,[0.61806544 0.51173538],1,8,"[0.6551066790771881, 0.5227056166630671]",1,-1
817,[0.4692545  0.80119681],0,7,"[0.3997826623418963, 0.8035485833251204]",1,2
818,[0.41672738 0.76304405],0,7,"[0.3997826623418963, 0.8035485833251204]",1,2
819,[0.41925325 0.89744924],0,-1,-1,1,-1
820,[0.34053719 0.50782507],8,5,"[0.3554407244338524, 0.520317078838352]",1,3
821,[0.19937082 0.73396719],3,1,"[0.18598280984665155, 0.7338502240850012]",1,8
822,[0.38897104 0.44623885],8,-1,-1,1,3
823,[0.32270632 0.44453336],8,-1,-1,1,3
824,[0.2185596 0.2302212],2,0,"[0.2616786212106805, 0.26472080282195354]",1,4
825,[0.60771356 0.64714956],4,9,"[0.6496555418786976, 0.6138407878286516]",1,6
826,[0.2028588  0.84322975],5,4,"[0.15316159197189042, 0.831801241434934]",1,-1
827,[0.57731769 0.72762386],4,-1,-1,1,-1
828,[0.33650721 0.35141539],9,-1,-1,1,-1
829,[0.39154143 0.81575237],0,7,"[0.3997826623418963, 0.8035485833251204]",1,2
830,[0.23673798 0.29295203],7,0,"[0.2616786212106805, 0.26472080282195354]",1,4
831,[0.1840659 0.7411522],3,1,"[0.18598280984665155, 0.7338502240850012]",1,8
832,[0.74479083 0.34278457],6,6,"[0.725070511763224, 0.2863584308731653]",0,-1
833,[0.32729063 0.33547743],9,-1,-1,1,-1
834,[0.24595519 0.77182655],3,-1,-1,1,-1
835,[0.37033153 0.49363604],8,5,"[0.3554407244338524, 0.520317078838352]",1,3
836,[0.05009757 0.79010105],3,-1,-1,1,-1
837,[0.37505063 0.24734703],2,-1,-1,1,-1
838,[0.25373603 0.31314785],7,0,"[0.2616786212106805, 0.26472080282195354]",1,4
839,[0.44029394 0.83177516],0,7,"[0.3997826623418963, 0.8035485833251204]",1,2
840,[0.14908893 0.70016049],3,1,"[0.18598280984665155, 0.7338502240850012]",1,-1
841,[0.58529918 0.66572857],4,3,"[0.5526138056840805, 0.6443554074021057]",1,6
842,[0.82498973 0.23064013],6,-1,-1,0,-1
843,[0.77128206 0.39767009],6,-1,-1,0,-1
844,[0.41833637 0.78012767],0,7,"[0.3997826623418963, 0.8035485833251204]",1,2
845,[0.20946243 0.82747224],5,4,"[0.15316159197189042, 0.831801241434934]",1,-1
846,[0.70638761 0.28705877],6,6,"[0.725070511763224, 0.2863584308731653]",0,1
847,[0.14452091 0.83758241],5,4,"[0.15316159197189042, 0.831801241434934]",1,10
848,[0.18180944 0.77168095],3,1,"[0.18598280984665155, 0.7338502240850012]",1,8
849,[0.20142299 0.19681086],7,-1,-1,1,-1
850,[0.70938942 0.56976241],1,-1,-1,1,-1
851,[0.69412159 0.28148853],6,6,"[0.725070511763224, 0.2863584308731653]",0,1
852,[0.67431103 0.25548189],6,6,"[0.725070511763224, 0.2863584308731653]",0,-1
853,[0.52470237 0.38686038],9,-1,-1,1,-1
854,[0.71480375 0.25217842],6,6,"[0.725070511763224, 0.2863584308731653]",0,-1
855,[0.13655763 0.71892848],3,1,"[0.18598280984665155, 0.7338502240850012]",1,-1
856,[0.1691415 0.3376962],7,-1,-1,1,-1
857,[0.21043974 0.69500972],3,1,"[0.18598280984665155, 0.7338502240850012]",1,-1
858,[0.33971286 0.83417131],0,7,"[0.3997826623418963, 0.8035485833251204]",1,2
859,[0.48648587 0.3275412 ],9,2,"[0.4412752198259873, 0.34769156644351373]",1,5
860,[0.24663826 0.24840528],2,0,"[0.2616786212106805, 0.26472080282195354]",1,4
861,[0.23894376 0.7662543 ],3,1,"[0.18598280984665155, 0.7338502240850012]",1,-1
862,[0.21472762 0.84837525],3,4,"[0.15316159197189042, 0.831801241434934]",1,-1
863,[0.27107118 0.463785  ],8,-1,-1,1,-1
864,[0.61707323 0.48357978],1,8,"[0.6551066790771881, 0.5227056166630671]",1,-1
865,[0.30595667 0.56628494],8,5,"[0.3554407244338524, 0.520317078838352]",1,-1
866,[0.37031598 0.37463341],9,-1,-1,1,5
867,[0.57376189 0.59324707],4,3,"[0.5526138056840805, 0.6443554074021057]",1,6
868,[0.4460201 0.7918089],0,7,"[0.3997826623418963, 0.8035485833251204]",1,2
869,[0.14921583 0.78976485],3,4,"[0.15316159197189042, 0.831801241434934]",1,-1
870,[0.24076028 0.21448031],7,0,"[0.2616786212106805, 0.26472080282195354]",1,4
871,[0.24778683 0.28534845],2,0,"[0.2616786212106805, 0.26472080282195354]",1,4
872,[0.14942771 0.79002877],5,4,"[0.15316159197189042, 0.831801241434934]",1,-1
873,[0.43398355 0.75563478],0,7,"[0.3997826623418963, 0.8035485833251204]",1,2
874,[0.26190596 0.76797358],3,-1,-1,1,-1
875,[0.4202847  0.76663603],0,7,"[0.3997826623418963, 0.8035485833251204]",1,2
876,[0.382659   0.43921923],8,-1,-1,1,3
877,[0.24694951 0.30625587],7,0,"[0.2616786212106805, 0.26472080282195354]",1,4
878,[0.19274955 0.85744047],5,4,"[0.15316159197189042, 0.831801241434934]",1,-1
879,[0.15878569 0.76138921],5,1,"[0.18598280984665155, 0.7338502240850012]",1,10
880,[0.71345205 0.44898758],1,-1,-1,1,-1
881,[0.19509487 0.87660958],3,4,"[0.15316159197189042, 0.831801241434934]",1,-1
882,[0.57645345 0.65763328],4,3,"[0.5526138056840805, 0.6443554074021057]",1,6
883,[0.18149516 0.70285741],3,1,"[0.18598280984665155, 0.7338502240850012]",1,-1
884,[0.26246376 0.22277727],7,0,"[0.2616786212106805, 0.26472080282195354]",1,4
885,[0.70109977 0.25754956],6,6,"[0.725070511763224, 0.2863584308731653]",0,1
886,[0.26116479 0.14440427],2,-1,-1,1,-1
887,[0.07374648 0.83736524],5,-1,-1,1,-1
888,[0.05982016 0.86565941],5,-1,-1,1,-1
889,[0.17838479 0.34686068],7,-1,-1,1,-1
890,[0.52595637 0.64234948],4,3,"[0.5526138056840805, 0.6443554074021057]",1,6
891,[0.62555409 0.6310661 ],4,9,"[0.6496555418786976, 0.6138407878286516]",1,-1
892,[0.14090637 0.82666833],3,4,"[0.15316159197189042, 0.831801241434934]",1,10
893,[0.13521067 0.82689038],5,4,"[0.15316159197189042, 0.831801241434934]",1,10
894,[0.08137068 0.81275892],5,-1,-1,1,-1
895,[0.18937656 0.12235619],7,-1,-1,1,-1
896,[0.6110745  0.54372007],1,8,"[0.6551066790771881, 0.5227056166630671]",1,7
897,[0.15533578 0.7216004 ],5,1,"[0.18598280984665155, 0.7338502240850012]",1,-1
898,[0.34362333 0.28358562],2,-1,-1,1,4
899,[0.3387382 0.3828586],9,-1,-1,1,-1
900,[0.20625679 0.85395308],3,4,"[0.15316159197189042, 0.831801241434934]",1,-1
901,[0.20583381 0.24876888],7,0,"[0.2616786212106805, 0.26472080282195354]",1,4
902,[0.64975648 0.64354151],1,9,"[0.6496555418786976, 0.6138407878286516]",1,-1
903,[0.21101475 0.30464942],7,0,"[0.2616786212106805, 0.26472080282195354]",1,4
904,[0.26702629 0.27222719],2,0,"[0.2616786212106805, 0.26472080282195354]",1,4
905,[0.35624671 0.25120569],9,-1,-1,1,4
906,[0.18894491 0.75429956],5,1,"[0.18598280984665155, 0.7338502240850012]",1,8
907,[0.1775812  0.34111054],2,-1,-1,1,-1
908,[0.3789753  0.37607883],8,2,"[0.4412752198259873, 0.34769156644351373]",1,5
909,[0.57885238 0.59512528],1,3,"[0.5526138056840805, 0.6443554074021057]",1,6
910,[0.28183744 0.8540941 ],5,-1,-1,1,-1
911,[0.31189046 0.25014241],7,0,"[0.2616786212106805, 0.26472080282195354]",1,4
912,[0.26584413 0.24728731],7,0,"[0.2616786212106805, 0.26472080282195354]",1,4
913,[0.20018313 0.24786106],2,0,"[0.2616786212106805, 0.26472080282195354]",1,4
914,[0.15517732 0.7720479 ],3,1,"[0.18598280984665155, 0.7338502240850012]",1,-1
915,[0.24043043 0.28789596],7,0,"[0.2616786212106805, 0.26472080282195354]",1,4
916,[0.3243493 0.4978101],8,5,"[0.3554407244338524, 0.520317078838352]",1,3
917,[0.49052337 0.3564969 ],9,2,"[0.4412752198259873, 0.34769156644351373]",1,5
918,[0.35490894 0.82562951],0,7,"[0.3997826623418963, 0.8035485833251204]",1,2
919,[0.50870652 0.65423035],4,3,"[0.5526138056840805, 0.6443554074021057]",1,-1
920,[0.4384428  0.74175676],0,-1,-1,1,2
921,[0.16108926 0.77145053],5,1,"[0.18598280984665155, 0.7338502240850012]",1,-1
922,[0.18059847 0.20267367],2,-1,-1,1,-1
923,[0.45968662 0.35382867],9,2,"[0.4412752198259873, 0.34769156644351373]",1,5
924,[0.16754051 0.78787836],5,4,"[0.15316159197189042, 0.831801241434934]",1,-1
925,[0.45794403 0.34331349],9,2,"[0.4412752198259873, 0.34769156644351373]",1,5
926,[0.3433887  0.48693286],8,5,"[0.3554407244338524, 0.520317078838352]",1,3
927,[0.19730765 0.80033543],5,4,"[0.15316159197189042, 0.831801241434934]",1,8
928,[0.7308098  0.22959594],6,6,"[0.725070511763224, 0.2863584308731653]",0,-1
929,[0.33308158 0.20639323],2,-1,-1,1,4
930,[0.12886344 0.72480254],5,1,"[0.18598280984665155, 0.7338502240850012]",1,-1
931,[0.2572521  0.21401182],2,0,"[0.2616786212106805, 0.26472080282195354]",1,4
932,[0.22235065 0.80528283],3,-1,-1,1,-1
933,[0.48185147 0.32152071],9,2,"[0.4412752198259873, 0.34769156644351373]",1,5
934,[0.62496765 0.51246934],1,8,"[0.6551066790771881, 0.5227056166630671]",1,7
935,[0.77441496 0.22123207],6,-1,-1,0,-1
936,[0.65802061 0.48727993],1,8,"[0.6551066790771881, 0.5227056166630671]",1,-1
937,[0.21777689 0.7163108 ],3,1,"[0.18598280984665155, 0.7338502240850012]",1,-1
938,[0.44817244 0.60071668],4,-1,-1,1,-1
939,[0.43481361 0.36764151],9,2,"[0.4412752198259873, 0.34769156644351373]",1,5
940,[0.57577433 0.51620638],1,-1,-1,1,-1
941,[0.5583241  0.58985921],4,3,"[0.5526138056840805, 0.6443554074021057]",1,6
942,[0.40485685 0.74418996],0,7,"[0.3997826623418963, 0.8035485833251204]",1,2
943,[0.32106803 0.80366434],0,-1,-1,1,2
944,[0.33721301 0.37037859],8,-1,-1,1,-1
945,[0.46993257 0.31544647],9,2,"[0.4412752198259873, 0.34769156644351373]",1,5
946,[0.10325533 0.74320495],5,-1,-1,1,-1
947,[0.62993542 0.55360765],1,8,"[0.6551066790771881, 0.5227056166630671]",1,7
948,[0.35059774 0.82408257],0,7,"[0.3997826623418963, 0.8035485833251204]",1,2
949,[0.46430968 0.30105123],9,2,"[0.4412752198259873, 0.34769156644351373]",1,-1
950,[0.21463715 0.88853925],5,-1,-1,1,-1
951,[0.32217401 0.27959403],2,0,"[0.2616786212106805, 0.26472080282195354]",1,4
952,[0.41826552 0.75718747],0,7,"[0.3997826623418963, 0.8035485833251204]",1,2
953,[0.45581301 0.23324259],9,-1,-1,1,-1
954,[0.36306715 0.45853212],8,5,"[0.3554407244338524, 0.520317078838352]",1,3
955,[0.26026805 0.25274578],2,0,"[0.2616786212106805, 0.26472080282195354]",1,4
956,[0.33745678 0.57350851],8,5,"[0.3554407244338524, 0.520317078838352]",1,3
957,[0.2618389  0.27414263],7,0,"[0.2616786212106805, 0.26472080282195354]",1,4
958,[0.43790871 0.3717136 ],9,2,"[0.4412752198259873, 0.34769156644351373]",1,5
959,[0.69150979 0.56036617],1,8,"[0.6551066790771881, 0.5227056166630671]",1,-1
960,[0.24468601 0.73340026],3,1,"[0.18598280984665155, 0.7338502240850012]",1,-1
961,[0.36673337 0.27561994],9,-1,-1,1,-1
962,[0.26693987 0.47822812],8,-1,-1,1,-1
963,[0.44819611 0.81605081],0,7,"[0.3997826623418963, 0.8035485833251204]",1,2
964,[0.46112246 0.45278908],8,-1,-1,1,-1
965,[0.16859952 0.83921076],5,4,"[0.15316159197189042, 0.831801241434934]",1,9
966,[0.30283894 0.58992883],8,-1,-1,1,-1
967,[0.24863444 0.34344432],2,-1,-1,1,4
968,[0.35465663 0.51121668],8,5,"[0.3554407244338524, 0.520317078838352]",1,3
969,[0.08683426 0.77088022],5,-1,-1,1,-1
970,[0.69206762 0.58038603],1,9,"[0.6496555418786976, 0.6138407878286516]",1,-1
971,[0.57323998 0.64575896],4,3,"[0.5526138056840805, 0.6443554074021057]",1,6
972,[0.56701194 0.65518197],4,3,"[0.5526138056840805, 0.6443554074021057]",1,6
973,[0.27989293 0.30523899],7,0,"[0.2616786212106805, 0.26472080282195354]",1,4
974,[0.56218639 0.58475358],1,3,"[0.5526138056840805, 0.6443554074021057]",1,6
975,[0.29521857 0.50357953],8,5,"[0.3554407244338524, 0.520317078838352]",1,3
976,[0.71445253 0.26588086],6,6,"[0.725070511763224, 0.2863584308731653]",0,1
977,[0.14794094 0.79309589],3,4,"[0.15316159197189042, 0.831801241434934]",1,-1
978,[0.7070296  0.27330936],6,6,"[0.725070511763224, 0.2863584308731653]",0,1
979,[0.21861716 0.7624799 ],5,1,"[0.18598280984665155, 0.7338502240850012]",1,-1
980,[0.42772225 0.84502541],0,7,"[0.3997826623418963, 0.8035485833251204]",1,2
981,[0.29789541 0.2683135 ],2,0,"[0.2616786212106805, 0.26472080282195354]",1,4
982,[0.25575949 0.24708895],2,0,"[0.2616786212106805, 0.26472080282195354]",1,4
983,[0.20276456 0.8709707 ],3,4,"[0.15316159197189042, 0.831801241434934]",1,-1
984,[0.67365199 0.57387372],1,9,"[0.6496555418786976, 0.6138407878286516]",1,-1
985,[0.25812611 0.23008509],7,0,"[0.2616786212106805, 0.26472080282195354]",1,4
986,[0.56545292 0.56711858],1,-1,-1,1,-1
987,[0.25473251 0.77056644],3,-1,-1,1,-1
988,[0.24702546 0.26739382],2,0,"[0.2616786212106805, 0.26472080282195354]",1,4
989,[0.4036236  0.39619009],8,2,"[0.4412752198259873, 0.34769156644351373]",1,5
990,[0.27870297 0.35396449],7,-1,-1,1,4
991,[0.78162685 0.55157827],1,-1,-1,-1,-1
992,[0.44661799 0.59494043],4,-1,-1,1,-1
993,[0.25742162 0.50376346],8,-1,-1,1,-1
994,[0.43114154 0.8590241 ],0,7,"[0.3997826623418963, 0.8035485833251204]",1,2
995,[0.66527244 0.5768653 ],4,9,"[0.6496555418786976, 0.6138407878286516]",1,-1
996,[0.22180146 0.21549037],2,0,"[0.2616786212106805, 0.26472080282195354]",1,4
997,[0.36303344 0.50030986],8,5,"[0.3554407244338524, 0.520317078838352]",1,3
998,[0.46081535 0.83911993],0,-1,-1,1,2
999,[0.51000126 0.27089859],9,-1,-1,1,-1
1000,[0.51014729 0.64461997],4,3,"[0.5526138056840805, 0.6443554074021057]",1,-1
1001,[0.74789455 0.33954725],6,6,"[0.725070511763224, 0.2863584308731653]",0,0
1002,[0.57482143 0.70179975],4,3,"[0.5526138056840805, 0.6443554074021057]",1,-1
1003,[0.38827928 0.51198483],8,5,"[0.3554407244338524, 0.520317078838352]",1,3
1004,[0.69301143 0.27105562],6,6,"[0.725070511763224, 0.2863584308731653]",0,1
1005,[0.31896936 0.2963887 ],7,0,"[0.2616786212106805, 0.26472080282195354]",1,4
1006,[0.63137921 0.64315676],1,9,"[0.6496555418786976, 0.6138407878286516]",1,-1
1007,[0.60771296 0.65887321],4,3,"[0.5526138056840805, 0.6443554074021057]",1,6
1008,[0.41237994 0.33714101],9,2,"[0.4412752198259873, 0.34769156644351373]",1,5
1009,[0.50311649 0.27862646],9,-1,-1,1,-1
1010,[0.46313161 0.57451273],8,-1,-1,1,-1
1011,[0.68681149 0.30027663],6,6,"[0.725070511763224, 0.2863584308731653]",0,1
1012,[0.38004357 0.35282613],9,2,"[0.4412752198259873, 0.34769156644351373]",1,5
1013,[0.24952057 0.77655228],3,-1,-1,1,-1
1014,[0.12251732 0.79762778],5,4,"[0.15316159197189042, 0.831801241434934]",1,-1
1015,[0.26148566 0.29938314],7,0,"[0.2616786212106805, 0.26472080282195354]",1,4
1016,[0.37633945 0.80435497],0,7,"[0.3997826623418963, 0.8035485833251204]",1,2
1017,[0.78231562 0.55963464],1,-1,-1,-1,-1
1018,[0.4937724  0.33568342],9,2,"[0.4412752198259873, 0.34769156644351373]",1,5
1019,[0.32560673 0.51466057],8,5,"[0.3554407244338524, 0.520317078838352]",1,3
1020,[0.17683298 0.69472749],3,1,"[0.18598280984665155, 0.7338502240850012]",1,-1
1021,[0.17702255 0.78697935],5,4,"[0.15316159197189042, 0.831801241434934]",1,-1
1022,[0.6419091  0.67878368],4,9,"[0.6496555418786976, 0.6138407878286516]",1,-1
1023,[0.10993537 0.8465081 ],5,4,"[0.15316159197189042, 0.831801241434934]",1,-1
1024,[0.45150504 0.82152355],0,7,"[0.3997826623418963, 0.8035485833251204]",1,2
1025,[0.21194435 0.6502709 ],3,-1,-1,1,-1
1026,[0.32137954 0.50143179],8,5,"[0.3554407244338524, 0.520317078838352]",1,3
1027,[0.7226384  0.36249397],6,-1,-1,0,-1
1028,[0.61498138 0.55902139],1,8,"[0.6551066790771881, 0.5227056166630671]",1,-1
1029,[0.58539268 0.59355499],1,3,"[0.5526138056840805, 0.6443554074021057]",1,6
1030,[0.43390326 0.83270778],0,7,"[0.3997826623418963, 0.8035485833251204]",1,2
1031,[0.79110084 0.32552412],6,-1,-1,0,-1
1032,[0.30637205 0.361744  ],7,-1,-1,1,-1
1033,[0.59271195 0.61120337],1,3,"[0.5526138056840805, 0.6443554074021057]",1,6
1034,[0.63050744 0.6192793 ],4,9,"[0.6496555418786976, 0.6138407878286516]",1,-1
1035,[0.2630024  0.22107016],2,0,"[0.2616786212106805, 0.26472080282195354]",1,4
1036,[0.33576341 0.49445628],8,5,"[0.3554407244338524, 0.520317078838352]",1,3
1037,[0.40082149 0.74522938],0,7,"[0.3997826623418963, 0.8035485833251204]",1,2
1038,[0.38516453 0.83948499],0,7,"[0.3997826623418963, 0.8035485833251204]",1,2
1039,[0.30092016 0.31120841],9,0,"[0.2616786212106805, 0.26472080282195354]",1,4
1040,[0.73521141 0.60919119],1,-1,-1,1,-1
1041,[0.55951815 0.70552343],4,3,"[0.5526138056840805, 0.6443554074021057]",1,-1
1042,[0.40628264 0.69698515],0,-1,-1,1,-1
1043,[0.12566178 0.88718357],5,4,"[0.15316159197189042, 0.831801241434934]",1,-1
1044,[0.1302986  0.80571878],5,4,"[0.15316159197189042, 0.831801241434934]",1,10
1045,[0.66631686 0.53519259],1,8,"[0.6551066790771881, 0.5227056166630671]",1,7
1046,[0.25443304 0.14666298],2,-1,-1,1,-1
1047,[0.27329354 0.33653243],7,-1,-1,1,4
1048,[0.46749881 0.41898017],9,-1,-1,1,-1
1049,[0.1632924  0.79811334],3,4,"[0.15316159197189042, 0.831801241434934]",1,-1
1050,[0.49631663 0.63966895],4,3,"[0.5526138056840805, 0.6443554074021057]",1,-1
1051,[0.0215471  0.82370825],5,-1,-1,1,-1
1052,[0.55113026 0.68169098],4,3,"[0.5526138056840805, 0.6443554074021057]",1,-1
1053,[0.52648621 0.65100862],4,3,"[0.5526138056840805, 0.6443554074021057]",1,-1
1054,[0.64838722 0.63334677],1,9,"[0.6496555418786976, 0.6138407878286516]",1,-1
1055,[0.12338012 0.83869862],5,4,"[0.15316159197189042, 0.831801241434934]",1,-1
1056,[0.75209239 0.23028746],6,6,"[0.725070511763224, 0.2863584308731653]",0,-1
1057,[0.41720505 0.48488053],8,-1,-1,1,-1
1058,[0.37544854 0.53010526],8,5,"[0.3554407244338524, 0.520317078838352]",1,3
1059,[0.72852539 0.30546627],6,6,"[0.725070511763224, 0.2863584308731653]",0,0
1060,[0.64819081 0.22070084],6,-1,-1,0,-1
1061,[0.20485224 0.77758602],3,1,"[0.18598280984665155, 0.7338502240850012]",1,-1
1062,[0.1392631  0.85292303],3,4,"[0.15316159197189042, 0.831801241434934]",1,-1
1063,[0.7493567 0.3239903],6,6,"[0.725070511763224, 0.2863584308731653]",0,0
1064,[0.36509685 0.78310682],0,7,"[0.3997826623418963, 0.8035485833251204]",1,2
1065,[0.66852684 0.58824147],1,9,"[0.6496555418786976, 0.6138407878286516]",1,-1
1066,[0.09495189 0.89861365],5,-1,-1,1,-1
1067,[0.22811723 0.31237135],7,0,"[0.2616786212106805, 0.26472080282195354]",1,4
1068,[0.52979183 0.63706968],4,3,"[0.5526138056840805, 0.6443554074021057]",1,6
1069,[0.38612474 0.51182401],8,5,"[0.3554407244338524, 0.520317078838352]",1,3
1070,[0.65309729 0.33150638],6,-1,-1,0,-1
1071,[0.24488537 0.70754339],3,1,"[0.18598280984665155, 0.7338502240850012]",1,-1
1072,[0.62574941 0.57613783],1,9,"[0.6496555418786976, 0.6138407878286516]",1,-1
1073,[0.31330018 0.2456632 ],7,0,"[0.2616786212106805, 0.26472080282195354]",1,4
1074,[0.6853244  0.22759051],6,-1,-1,0,-1
1075,[0.41401695 0.4140459 ],9,-1,-1,1,-1
1076,[0.07916192 0.76103266],3,-1,-1,1,-1
1077,[0.25856314 0.28538196],7,0,"[0.2616786212106805, 0.26472080282195354]",1,4
1078,[0.25288821 0.25244253],2,0,"[0.2616786212106805, 0.26472080282195354]",1,4
1079,[0.73833297 0.27870584],6,6,"[0.725070511763224, 0.2863584308731653]",0,-1
1080,[0.44901598 0.81716379],0,7,"[0.3997826623418963, 0.8035485833251204]",1,2
1081,[0.31549009 0.27478502],7,0,"[0.2616786212106805, 0.26472080282195354]",1,4
1082,[0.35012935 0.77072559],0,7,"[0.3997826623418963, 0.8035485833251204]",1,2
1083,[0.17043057 0.78315061],5,4,"[0.15316159197189042, 0.831801241434934]",1,-1
1084,[0.37087968 0.63574647],8,-1,-1,1,-1
1085,[0.18041349 0.90026455],5,-1,-1,1,-1
1086,[0.31870411 0.26058864],2,0,"[0.2616786212106805, 0.26472080282195354]",1,4
1087,[0.54305597 0.5042592 ],1,-1,-1,1,-1
1088,[0.3123563  0.17130832],2,-1,-1,1,-1
1089,[0.14293872 0.70941887],5,1,"[0.18598280984665155, 0.7338502240850012]",1,-1
1090,[0.70636639 0.24514061],6,6,"[0.725070511763224, 0.2863584308731653]",0,-1
1091,[0.41314846 0.80076039],0,7,"[0.3997826623418963, 0.8035485833251204]",1,2
1092,[0.35869215 0.78343246],0,7,"[0.3997826623418963, 0.8035485833251204]",1,2
1093,[0.24797488 0.27749851],7,0,"[0.2616786212106805, 0.26472080282195354]",1,4
1094,[0.37035858 0.78497298],0,7,"[0.3997826623418963, 0.8035485833251204]",1,2
1095,[0.7766245  0.27198143],6,6,"[0.725070511763224, 0.2863584308731653]",0,-1
1096,[0.37838822 0.53499941],8,5,"[0.3554407244338524, 0.520317078838352]",1,3
1097,[0.31757513 0.21631674],7,-1,-1,1,4
1098,[0.61668491 0.62958609],4,9,"[0.6496555418786976, 0.6138407878286516]",1,6
1099,[0.23927051 0.56741784],8,-1,-1,-1,-1
1100,[0.18963033 0.74908915],5,1,"[0.18598280984665155, 0.7338502240850012]",1,8
1101,[0.55651476 0.6341821 ],1,3,"[0.5526138056840805, 0.6443554074021057]",1,6
1102,[0.58905732 0.47969511],4,-1,-1,1,-1
1103,[0.42255321 0.30611384],9,2,"[0.4412752198259873, 0.34769156644351373]",1,-1
1104,[0.27252578 0.51882297],8,-1,-1,1,-1
1105,[0.71395381 0.51014689],1,8,"[0.6551066790771881, 0.5227056166630671]",1,-1
1106,[0.33924628 0.78275198],0,7,"[0.3997826623418963, 0.8035485833251204]",1,2
1107,[0.12839548 0.63960399],3,-1,-1,1,-1
1108,[0.20925111 0.71398697],3,1,"[0.18598280984665155, 0.7338502240850012]",1,-1
1109,[0.55653747 0.62145475],4,3,"[0.5526138056840805, 0.6443554074021057]",1,6
1110,[0.69685415 0.65562928],1,9,"[0.6496555418786976, 0.6138407878286516]",1,-1
1111,[0.68019773 0.29356872],6,6,"[0.725070511763224, 0.2863584308731653]",0,-1
1112,[0.28836506 0.24614864],2,0,"[0.2616786212106805, 0.26472080282195354]",1,4
1113,[0.34929349 0.25508245],7,-1,-1,1,4
1114,[0.39915578 0.28608842],9,-1,-1,1,-1
1115,[0.26329206 0.33218019],2,0,"[0.2616786212106805, 0.26472080282195354]",1,4
1116,[0.47521567 0.385956  ],9,2,"[0.4412752198259873, 0.34769156644351373]",1,-1
1117,[0.69820352 0.28695841],6,6,"[0.725070511763224, 0.2863584308731653]",0,1
1118,[0.42226959 0.33603906],9,2,"[0.4412752198259873, 0.34769156644351373]",1,5
1119,[0.62659801 0.62612677],4,9,"[0.6496555418786976, 0.6138407878286516]",1,-1
1120,[0.49938358 0.80916475],0,-1,-1,1,-1
1121,[0.2865794  0.27075187],2,0,"[0.2616786212106805, 0.26472080282195354]",1,4
1122,[0.3462272 0.2801531],9,-1,-1,1,4
1123,[0.14541257 0.64478299],3,-1,-1,1,-1
1124,[0.23922469 0.7732295 ],3,1,"[0.18598280984665155, 0.7338502240850012]",1,-1
1125,[0.82269269 0.34242807],6,-1,-1,0,-1
1126,[0.35658806 0.43832667],8,-1,-1,1,3
1127,[0.40066026 0.30447297],9,2,"[0.4412752198259873, 0.34769156644351373]",1,5
1128,[0.277813   0.29137169],7,0,"[0.2616786212106805, 0.26472080282195354]",1,4
1129,[0.13050408 0.80915646],5,4,"[0.15316159197189042, 0.831801241434934]",1,10
1130,[0.18314339 0.2489354 ],7,-1,-1,1,-1
1131,[0.65545468 0.68828918],4,-1,-1,1,-1
1132,[0.16246382 0.7504671 ],3,1,"[0.18598280984665155, 0.7338502240850012]",1,-1
1133,[0.22338424 0.33568119],7,-1,-1,1,4
1134,[0.03012845 0.80641927],5,-1,-1,1,-1
1135,[0.24674618 0.36723787],7,-1,-1,1,-1
1136,[0.25232493 0.25656413],2,0,"[0.2616786212106805, 0.26472080282195354]",1,4
1137,[0.50641433 0.60606312],4,3,"[0.5526138056840805, 0.6443554074021057]",1,-1
1138,[0.67678044 0.28601863],6,6,"[0.725070511763224, 0.2863584308731653]",0,-1
1139,[0.29595362 0.33306188],7,-1,-1,1,-1
1140,[0.66568478 0.29376025],6,6,"[0.725070511763224, 0.2863584308731653]",0,-1
1141,[0.34180428 0.81959956],0,7,"[0.3997826623418963, 0.8035485833251204]",1,2
1142,[0.4286019  0.81551564],0,7,"[0.3997826623418963, 0.8035485833251204]",1,2
1143,[0.2318699  0.66458371],3,-1,-1,1,-1
1144,[0.39972963 0.24489528],9,-1,-1,1,-1
1145,[0.58492486 0.64156989],4,3,"[0.5526138056840805, 0.6443554074021057]",1,6
1146,[0.25323456 0.22863433],7,0,"[0.2616786212106805, 0.26472080282195354]",1,4
1147,[0.19292028 0.83522766],5,4,"[0.15316159197189042, 0.831801241434934]",1,-1
1148,[0.23691318 0.24014919],2,0,"[0.2616786212106805, 0.26472080282195354]",1,4
1149,[0.5113744  0.64908145],4,3,"[0.5526138056840805, 0.6443554074021057]",1,-1
1150,[0.13799663 0.74458623],5,1,"[0.18598280984665155, 0.7338502240850012]",1,-1
1151,[0.35353968 0.65426089],8,-1,-1,-1,-1
1152,[0.64334855 0.6707567 ],4,9,"[0.6496555418786976, 0.6138407878286516]",1,-1
1153,[0.76338399 0.3353502 ],6,6,"[0.725070511763224, 0.2863584308731653]",0,-1
1154,[0.44956004 0.45868269],9,-1,-1,1,-1
1155,[0.2834927  0.19103347],2,-1,-1,1,4
1156,[0.12055725 0.76469283],3,-1,-1,1,-1
1157,[0.56481857 0.73285087],4,-1,-1,1,-1
1158,[0.414012   0.36950149],9,2,"[0.4412752198259873, 0.34769156644351373]",1,5
1159,[0.66782125 0.50779799],1,8,"[0.6551066790771881, 0.5227056166630671]",1,-1
1160,[0.7373554  0.27304751],6,6,"[0.725070511763224, 0.2863584308731653]",0,-1
1161,[0.20956661 0.39442422],7,-1,-1,1,-1
1162,[0.14042014 0.81334937],5,4,"[0.15316159197189042, 0.831801241434934]",1,10
1163,[0.74201446 0.36484757],6,-1,-1,0,-1
1164,[0.80648881 0.34490984],6,-1,-1,0,-1
1165,[0.28699604 0.52032654],8,5,"[0.3554407244338524, 0.520317078838352]",1,-1
1166,[0.40545478 0.76497358],0,7,"[0.3997826623418963, 0.8035485833251204]",1,2
1167,[0.1921036  0.24328369],7,-1,-1,1,4
1168,[0.2495011  0.31199442],2,0,"[0.2616786212106805, 0.26472080282195354]",1,4
1169,[0.30142321 0.23923402],2,0,"[0.2616786212106805, 0.26472080282195354]",1,4
1170,[0.15242417 0.68897626],3,1,"[0.18598280984665155, 0.7338502240850012]",1,-1
1171,[0.45924247 0.50547371],8,-1,-1,1,-1
1172,[0.27945252 0.21236633],7,0,"[0.2616786212106805, 0.26472080282195354]",1,4
1173,[0.66554017 0.27665077],6,6,"[0.725070511763224, 0.2863584308731653]",0,-1
1174,[0.29549528 0.27605417],2,0,"[0.2616786212106805, 0.26472080282195354]",1,4
1175,[0.54221873 0.59322811],4,3,"[0.5526138056840805, 0.6443554074021057]",1,6
1176,[0.47074179 0.48445676],8,-1,-1,1,-1
1177,[0.37562677 0.25085646],9,-1,-1,1,-1
1178,[0.17299041 0.73488978],3,1,"[0.18598280984665155, 0.7338502240850012]",1,-1
1179,[0.40603808 0.78459353],0,7,"[0.3997826623418963, 0.8035485833251204]",1,2
1180,[0.32032218 0.49049384],8,5,"[0.3554407244338524, 0.520317078838352]",1,3
1181,[0.67628893 0.63135572],1,9,"[0.6496555418786976, 0.6138407878286516]",1,-1
1182,[0.27034957 0.29228262],7,0,"[0.2616786212106805, 0.26472080282195354]",1,4
1183,[0.6628331  0.55395566],1,8,"[0.6551066790771881, 0.5227056166630671]",1,7
1184,[0.58488325 0.6187864 ],4,3,"[0.5526138056840805, 0.6443554074021057]",1,6
1185,[0.33859617 0.34632412],9,-1,-1,1,5
1186,[0.6743959  0.56615212],1,8,"[0.6551066790771881, 0.5227056166630671]",1,7
1187,[0.41876337 0.761273  ],0,7,"[0.3997826623418963, 0.8035485833251204]",1,2
1188,[0.23226391 0.2322158 ],2,0,"[0.2616786212106805, 0.26472080282195354]",1,4
1189,[0.36761315 0.45418403],8,5,"[0.3554407244338524, 0.520317078838352]",1,3
1190,[0.73367654 0.31334612],6,6,"[0.725070511763224, 0.2863584308731653]",0,0
1191,[0.12593083 0.72520896],3,1,"[0.18598280984665155, 0.7338502240850012]",1,-1
1192,[0.18607948 0.76839402],3,1,"[0.18598280984665155, 0.7338502240850012]",1,-1
1193,[0.22135439 0.26990754],2,0,"[0.2616786212106805, 0.26472080282195354]",1,4
1194,[0.658962   0.50580085],1,8,"[0.6551066790771881, 0.5227056166630671]",1,7
1195,[0.31161494 0.5274573 ],8,5,"[0.3554407244338524, 0.520317078838352]",1,3
1196,[0.34932614 0.73711078],0,-1,-1,1,2
1197,[0.29292261 0.27665561],2,0,"[0.2616786212106805, 0.26472080282195354]",1,4
1198,[0.44434721 0.84231473],0,7,"[0.3997826623418963, 0.8035485833251204]",1,2
1199,[0.18719062 0.81828466],3,4,"[0.15316159197189042, 0.831801241434934]",1,-1
1200,[0.58740936 0.45075982],1,-1,-1,1,-1
1201,[0.46097117 0.63822052],4,-1,-1,1,-1
1202,[0.42670627 0.27752847],9,-1,-1,1,-1
1203,[0.39347076 0.46440371],8,5,"[0.3554407244338524, 0.520317078838352]",1,3
1204,[0.41488438 0.79624455],0,7,"[0.3997826623418963, 0.8035485833251204]",1,2
1205,[0.64815039 0.74802009],4,-1,-1,1,-1
1206,[0.74422385 0.21671369],6,-1,-1,0,-1
1207,[0.13386782 0.73414956],3,1,"[0.18598280984665155, 0.7338502240850012]",1,-1
1208,[0.43787702 0.34766994],9,2,"[0.4412752198259873, 0.34769156644351373]",1,5
1209,[0.19703831 0.23248992],7,-1,-1,1,4
1210,[0.19509917 0.78675885],5,1,"[0.18598280984665155, 0.7338502240850012]",1,8
1211,[0.61525445 0.50044776],1,8,"[0.6551066790771881, 0.5227056166630671]",1,7
1212,[0.4670128 0.3993924],9,2,"[0.4412752198259873, 0.34769156644351373]",1,-1
1213,[0.         0.82292488],5,-1,-1,-1,-1
1214,[0.64554887 0.60611825],1,9,"[0.6496555418786976, 0.6138407878286516]",1,7
1215,[0.25007937 0.87766693],5,-1,-1,1,-1
1216,[0.2377742  0.28093127],7,0,"[0.2616786212106805, 0.26472080282195354]",1,4
1217,[0.64516043 0.47038583],1,8,"[0.6551066790771881, 0.5227056166630671]",1,-1
1218,[0.36198565 0.43608438],8,-1,-1,1,3
1219,[0.38966828 0.36568996],9,2,"[0.4412752198259873, 0.34769156644351373]",1,5
1220,[0.58870125 0.60761294],4,3,"[0.5526138056840805, 0.6443554074021057]",1,6
1221,[0.67119168 0.36814017],6,-1,-1,0,-1
1222,[0.29305139 0.56444607],8,-1,-1,1,3
1223,[0.23373246 0.27234368],2,0,"[0.2616786212106805, 0.26472080282195354]",1,4
1224,[0.18118712 0.69320417],3,1,"[0.18598280984665155, 0.7338502240850012]",1,-1
1225,[0.21825558 0.25857845],7,0,"[0.2616786212106805, 0.26472080282195354]",1,4
1226,[0.26074558 0.5606392 ],8,-1,-1,1,-1
1227,[0.44419823 0.73676549],0,-1,-1,1,2
1228,[0.37898886 0.22371948],9,-1,-1,1,-1
1229,[0.73414745 0.54364134],1,-1,-1,1,-1
1230,[0.50255386 0.36884014],9,2,"[0.4412752198259873, 0.34769156644351373]",1,-1
1231,[0.26097305 0.3076739 ],7,0,"[0.2616786212106805, 0.26472080282195354]",1,4
1232,[0.10153352 0.71417625],3,-1,-1,1,-1
1233,[0.16251676 0.2452343 ],2,-1,-1,1,-1
1234,[0.82011495 0.28950625],6,-1,-1,0,-1
1235,[0.22542683 0.23772243],7,0,"[0.2616786212106805, 0.26472080282195354]",1,4
1236,[0.22071845 0.28004405],2,0,"[0.2616786212106805, 0.26472080282195354]",1,4
1237,[0.48621688 0.72590641],0,-1,-1,1,-1
1238,[0.5060619  0.27473991],9,-1,-1,1,-1
1239,[0.32930768 0.4940938 ],8,5,"[0.3554407244338524, 0.520317078838352]",1,3
1240,[0.39491241 0.37053706],9,2,"[0.4412752198259873, 0.34769156644351373]",1,5
1241,[0.39643227 0.34227004],9,2,"[0.4412752198259873, 0.34769156644351373]",1,5
1242,[0.15130545 0.72813185],5,1,"[0.18598280984665155, 0.7338502240850012]",1,-1
1243,[0.66102537 0.59655732],1,9,"[0.6496555418786976, 0.6138407878286516]",1,-1
1244,[0.3757877  0.46739963],8,5,"[0.3554407244338524, 0.520317078838352]",1,3
1245,[0.38192952 0.3864416 ],9,-1,-1,1,5
1246,[0.43181909 0.33837185],9,2,"[0.4412752198259873, 0.34769156644351373]",1,5
1247,[0.26964865 0.71290326],3,-1,-1,1,-1
1248,[0.22206859 0.31886243],7,0,"[0.2616786212106805, 0.26472080282195354]",1,4
1249,[0.35342944 0.79701868],0,7,"[0.3997826623418963, 0.8035485833251204]",1,2
1250,[0.63007271 0.6167122 ],1,9,"[0.6496555418786976, 0.6138407878286516]",1,-1
1251,[0.13256777 0.83735944],5,4,"[0.15316159197189042, 0.831801241434934]",1,-1
1252,[0.41110726 0.31216821],9,2,"[0.4412752198259873, 0.34769156644351373]",1,5
1253,[0.12098708 0.75769988],3,1,"[0.18598280984665155, 0.7338502240850012]",1,-1
1254,[0.7647433  0.25654608],6,6,"[0.725070511763224, 0.2863584308731653]",0,-1
1255,[0.09128099 0.78140719],5,-1,-1,1,-1
1256,[0.06438343 0.82997077],5,-1,-1,1,-1
1257,[0.19426118 0.79001134],3,1,"[0.18598280984665155, 0.7338502240850012]",1,8
1258,[0.35798029 0.78406406],0,7,"[0.3997826623418963, 0.8035485833251204]",1,2
1259,[0.52323099 0.62475445],4,3,"[0.5526138056840805, 0.6443554074021057]",1,-1
1260,[0.75374264 0.27845458],6,6,"[0.725070511763224, 0.2863584308731653]",0,-1
1261,[0.42824422 1.        ],0,-1,-1,-1,-1
1262,[0.60426632 0.59289667],1,9,"[0.6496555418786976, 0.6138407878286516]",1,6
1263,[0.399663   0.88128614],0,-1,-1,1,2
1264,[0.31812003 0.8096865 ],0,-1,-1,1,2
1265,[0.41984586 0.39128314],9,2,"[0.4412752198259873, 0.34769156644351373]",1,5
1266,[0.23047972 0.86144137],5,-1,-1,1,-1
1267,[0.52150698 0.55371587],4,-1,-1,1,-1
1268,[0.40261552 0.50811864],8,5,"[0.3554407244338524, 0.520317078838352]",1,3
1269,[0.16521102 0.81602636],5,4,"[0.15316159197189042, 0.831801241434934]",1,9
1270,[0.47681209 0.84987732],0,-1,-1,1,2
1271,[0.19947159 0.76839644],5,1,"[0.18598280984665155, 0.7338502240850012]",1,8
1272,[0.12535732 0.62992596],3,-1,-1,1,-1
1273,[0.3900864  0.32914604],9,2,"[0.4412752198259873, 0.34769156644351373]",1,5
1274,[0.6205286  0.57727074],1,9,"[0.6496555418786976, 0.6138407878286516]",1,-1
1275,[0.1375033  0.82082562],5,4,"[0.15316159197189042, 0.831801241434934]",1,10
1276,[0.6547274  0.56436036],1,8,"[0.6551066790771881, 0.5227056166630671]",1,7
1277,[0.34814905 0.50124203],8,5,"[0.3554407244338524, 0.520317078838352]",1,3
1278,[0.35906968 0.9086673 ],0,-1,-1,1,-1
1279,[0.61249671 0.5676642 ],1,9,"[0.6496555418786976, 0.6138407878286516]",1,-1
1280,[0.73643023 0.20812716],6,-1,-1,0,-1
1281,[0.59978956 0.6713878 ],4,3,"[0.5526138056840805, 0.6443554074021057]",1,-1
1282,[0.26813495 0.27403442],2,0,"[0.2616786212106805, 0.26472080282195354]",1,4
1283,[0.41016412 0.53009162],8,5,"[0.3554407244338524, 0.520317078838352]",1,3
1284,[0.25815743 0.26927192],2,0,"[0.2616786212106805, 0.26472080282195354]",1,4
1285,[0.71146794 0.33217267],6,6,"[0.725070511763224, 0.2863584308731653]",0,-1
1286,[0.24137362 0.25114479],2,0,"[0.2616786212106805, 0.26472080282195354]",1,4
1287,[0.47629999 0.7256096 ],0,-1,-1,1,-1
1288,[0.55129316 0.67432009],4,3,"[0.5526138056840805, 0.6443554074021057]",1,-1
1289,[0.78215118 0.37673883],6,-1,-1,0,-1
1290,[0.80906361 0.36098909],6,-1,-1,0,-1
1291,[0.19031715 0.72413614],3,1,"[0.18598280984665155, 0.7338502240850012]",1,-1
1292,[0.22298782 0.71302791],3,1,"[0.18598280984665155, 0.7338502240850012]",1,-1
1293,[0.44678077 0.80961947],0,7,"[0.3997826623418963, 0.8035485833251204]",1,2
1294,[0.11003066 0.74436489],5,-1,-1,1,-1
1295,[0.14788998 0.79557915],3,4,"[0.15316159197189042, 0.831801241434934]",1,-1
1296,[0.64684825 0.61380528],1,9,"[0.6496555418786976, 0.6138407878286516]",1,-1
1297,[0.30631885 0.24833854],2,0,"[0.2616786212106805, 0.26472080282195354]",1,4
1298,[0.35886216 0.81275039],0,7,"[0.3997826623418963, 0.8035485833251204]",1,2
1299,[0.29305233 0.41789307],8,-1,-1,1,-1
1300,[0.50544702 0.36359263],9,2,"[0.4412752198259873, 0.34769156644351373]",1,-1
1301,[0.64297291 0.54509752],1,8,"[0.6551066790771881, 0.5227056166630671]",1,7
1302,[0.35758721 0.72151158],0,-1,-1,1,-1
1303,[0.38779047 0.94123878],0,-1,-1,-1,-1
1304,[0.26319229 0.24771636],7,0,"[0.2616786212106805, 0.26472080282195354]",1,4
1305,[0.32531749 0.42409236],8,-1,-1,1,-1
1306,[0.1831409  0.67356275],3,1,"[0.18598280984665155, 0.7338502240850012]",1,-1
1307,[0.61005736 0.60985863],4,9,"[0.6496555418786976, 0.6138407878286516]",1,6
1308,[0.33152436 0.51228316],8,5,"[0.3554407244338524, 0.520317078838352]",1,3
1309,[0.24438627 0.2332599 ],7,0,"[0.2616786212106805, 0.26472080282195354]",1,4
1310,[0.7272048  0.31801908],6,6,"[0.725070511763224, 0.2863584308731653]",0,0
1311,[0.19175816 0.72258266],3,1,"[0.18598280984665155, 0.7338502240850012]",1,-1
1312,[0.51835581 0.58348717],4,3,"[0.5526138056840805, 0.6443554074021057]",1,-1
1313,[0.45465352 0.35492665],9,2,"[0.4412752198259873, 0.34769156644351373]",1,5
1314,[0.4127434  0.57736686],8,-1,-1,1,-1
1315,[0.81216221 0.27800153],6,-1,-1,0,-1
1316,[0.33289848 0.26608117],7,-1,-1,1,4
1317,[0.29026674 0.44964739],8,-1,-1,1,3
1318,[0.59816922 0.61122874],1,9,"[0.6496555418786976, 0.6138407878286516]",1,6
1319,[0.21088138 0.2807406 ],7,0,"[0.2616786212106805, 0.26472080282195354]",1,4
1320,[0.196477   0.75831611],3,1,"[0.18598280984665155, 0.7338502240850012]",1,-1
1321,[0.15233361 0.73817356],5,1,"[0.18598280984665155, 0.7338502240850012]",1,-1
1322,[0.47252391 0.29976029],9,2,"[0.4412752198259873, 0.34769156644351373]",1,-1
1323,[0.17831401 0.73530864],3,1,"[0.18598280984665155, 0.7338502240850012]",1,8
1324,[0.24056921 0.81880048],5,-1,-1,1,-1
1325,[0.1737463  0.28330965],7,-1,-1,1,-1
1326,[0.62625772 0.54052127],1,8,"[0.6551066790771881, 0.5227056166630671]",1,7
1327,[0.16970082 0.82501993],3,4,"[0.15316159197189042, 0.831801241434934]",1,9
1328,[0.44865515 0.38796977],9,2,"[0.4412752198259873, 0.34769156644351373]",1,5
1329,[0.28408785 0.24519091],2,0,"[0.2616786212106805, 0.26472080282195354]",1,4
1330,[0.15397147 0.87435349],3,4,"[0.15316159197189042, 0.831801241434934]",1,-1
1331,[0.24168252 0.2579485 ],2,0,"[0.2616786212106805, 0.26472080282195354]",1,4
1332,[0.32821775 0.29444892],2,-1,-1,1,4
1333,[0.46532639 0.31532446],9,2,"[0.4412752198259873, 0.34769156644351373]",1,5
1334,[0.28384311 0.36257358],2,-1,-1,1,-1
1335,[0.19400618 0.74628669],5,1,"[0.18598280984665155, 0.7338502240850012]",1,8
1336,[0.16650527 0.77904023],5,1,"[0.18598280984665155, 0.7338502240850012]",1,-1
1337,[0.4041532  0.37093477],9,2,"[0.4412752198259873, 0.34769156644351373]",1,5
1338,[0.51536733 0.26740594],9,-1,-1,1,-1
1339,[0.30213337 0.10006882],2,-1,-1,-1,-1
1340,[0.42294608 0.77085909],0,7,"[0.3997826623418963, 0.8035485833251204]",1,2
1341,[0.11357635 0.84049596],5,4,"[0.15316159197189042, 0.831801241434934]",1,-1
1342,[0.29132677 0.77282908],0,-1,-1,1,-1
1343,[0.49311961 0.8211189 ],0,-1,-1,1,-1
1344,[0.60346746 0.56241852],4,8,"[0.6551066790771881, 0.5227056166630671]",1,-1
1345,[0.29039156 0.10254432],2,-1,-1,-1,-1
1346,[0.14188055 0.77526034],3,4,"[0.15316159197189042, 0.831801241434934]",1,10
1347,[0.32696116 0.32194037],2,-1,-1,1,4
1348,[0.29158431 0.17228566],7,-1,-1,1,4
1349,[0.42846726 0.87963082],0,-1,-1,1,2
1350,[0.18684936 0.73649459],3,1,"[0.18598280984665155, 0.7338502240850012]",1,8
1351,[0.38117786 0.72417487],0,-1,-1,1,2
1352,[0.28034745 0.25640363],7,0,"[0.2616786212106805, 0.26472080282195354]",1,4
1353,[0.49649807 0.41925573],9,-1,-1,1,-1
1354,[0.52735661 0.70356314],4,3,"[0.5526138056840805, 0.6443554074021057]",1,-1
1355,[0.13674091 0.82636738],5,4,"[0.15316159197189042, 0.831801241434934]",1,-1
1356,[0.7805534  0.26379292],6,6,"[0.725070511763224, 0.2863584308731653]",0,-1
1357,[0.32295655 0.29830966],2,0,"[0.2616786212106805, 0.26472080282195354]",1,4
1358,[0.12828643 0.76946871],3,4,"[0.15316159197189042, 0.831801241434934]",1,-1
1359,[0.47718112 0.37411478],9,2,"[0.4412752198259873, 0.34769156644351373]",1,5
1360,[0.3459602  0.82513938],0,7,"[0.3997826623418963, 0.8035485833251204]",1,2
1361,[0.17388245 0.30871463],7,-1,-1,1,-1
1362,[0.66032594 0.53172306],1,8,"[0.6551066790771881, 0.5227056166630671]",1,7
1363,[0.31295101 0.20795106],2,-1,-1,1,4
1364,[0.62127665 0.52668676],1,8,"[0.6551066790771881, 0.5227056166630671]",1,7
1365,[0.49708893 0.69387346],4,-1,-1,1,-1
1366,[0.30569593 0.31100356],2,0,"[0.2616786212106805, 0.26472080282195354]",1,4
1367,[0.19191088 0.75378275],5,1,"[0.18598280984665155, 0.7338502240850012]",1,8
1368,[0.23366565 0.35808531],2,-1,-1,1,-1
1369,[0.4408711  0.60387614],8,-1,-1,1,-1
1370,[0.40056125 0.78513045],0,7,"[0.3997826623418963, 0.8035485833251204]",1,2
1371,[0.65962898 0.3216229 ],6,-1,-1,0,-1
1372,[0.30818306 0.50699642],8,5,"[0.3554407244338524, 0.520317078838352]",1,3
1373,[0.33734453 0.73159723],0,-1,-1,1,-1
1374,[0.51323628 0.76029443],0,-1,-1,1,-1
1375,[0.17085327 0.76068551],3,1,"[0.18598280984665155, 0.7338502240850012]",1,-1
1376,[0.65766596 0.5470165 ],1,8,"[0.6551066790771881, 0.5227056166630671]",1,7
1377,[0.84419557 0.31177795],6,-1,-1,0,-1
1378,[0.36477229 0.40904398],8,-1,-1,1,-1
1379,[0.11168541 0.72996372],3,-1,-1,1,-1
1380,[0.04493984 0.87031019],5,-1,-1,1,-1
1381,[0.59315699 0.73082497],4,-1,-1,1,-1
1382,[0.55412949 0.65572317],4,3,"[0.5526138056840805, 0.6443554074021057]",1,-1
1383,[0.6758263  0.36881901],6,-1,-1,0,-1
1384,[0.42200618 0.27394767],9,-1,-1,1,-1
1385,[0.4136051  0.51240605],8,5,"[0.3554407244338524, 0.520317078838352]",1,3
1386,[0.28369984 0.31929749],2,0,"[0.2616786212106805, 0.26472080282195354]",1,4
1387,[0.24629945 0.67886499],3,-1,-1,1,-1
1388,[0.11333258 0.92179858],5,-1,-1,1,-1
1389,[0.56413842 0.55762977],4,-1,-1,1,-1
1390,[0.59628942 0.47070254],1,-1,-1,1,-1
1391,[0.34483389 0.20870974],7,-1,-1,1,-1
1392,[0.35560252 0.45041045],8,5,"[0.3554407244338524, 0.520317078838352]",1,3
1393,[0.52432587 0.53727305],4,-1,-1,1,-1
1394,[0.37498541 0.52713624],8,5,"[0.3554407244338524, 0.520317078838352]",1,3
1395,[0.64710152 0.52836744],1,8,"[0.6551066790771881, 0.5227056166630671]",1,7
1396,[0.64537243 0.49373051],1,8,"[0.6551066790771881, 0.5227056166630671]",1,-1
1397,[0.66587209 0.58455174],4,9,"[0.6496555418786976, 0.6138407878286516]",1,7
1398,[0.41834064 0.79335479],0,7,"[0.3997826623418963, 0.8035485833251204]",1,2
1399,[0.30380782 0.26272569],2,0,"[0.2616786212106805, 0.26472080282195354]",1,4
1400,[0.3051834  0.17159385],7,-1,-1,1,-1
1401,[0.29963961 0.56925494],8,-1,-1,1,-1
1402,[0.24685015 0.74272896],3,1,"[0.18598280984665155, 0.7338502240850012]",1,-1
1403,[0.43537748 0.53522307],8,-1,-1,1,-1
1404,[0.37897736 0.59863966],8,-1,-1,1,-1
1405,[0.11459259 0.74813868],5,-1,-1,1,-1
1406,[0.23505018 0.31507364],2,0,"[0.2616786212106805, 0.26472080282195354]",1,4
1407,[0.76611541 0.31435801],6,6,"[0.725070511763224, 0.2863584308731653]",0,-1
1408,[0.15702912 0.77912641],5,4,"[0.15316159197189042, 0.831801241434934]",1,10
1409,[0.33166321 0.2558679 ],7,-1,-1,1,4
1410,[0.81336854 0.33155549],6,-1,-1,0,-1
1411,[0.62092719 0.32146726],6,-1,-1,0,-1
1412,[0.11984065 0.77275168],3,4,"[0.15316159197189042, 0.831801241434934]",1,-1
1413,[0.2064687  0.70646312],3,1,"[0.18598280984665155, 0.7338502240850012]",1,-1
1414,[0.14685045 0.86120451],5,4,"[0.15316159197189042, 0.831801241434934]",1,-1
1415,[0.69734708 0.62253483],1,9,"[0.6496555418786976, 0.6138407878286516]",1,-1
1416,[0.11738092 0.2498511 ],7,-1,-1,-1,-1
1417,[0.4616337  0.75752724],0,-1,-1,1,2
1418,[0.54153487 0.55193833],1,-1,-1,1,-1
1419,[0.24139668 0.29618381],2,0,"[0.2616786212106805, 0.26472080282195354]",1,4
1420,[0.7049977  0.27678479],6,6,"[0.725070511763224, 0.2863584308731653]",0,1
1421,[0.63557178 0.63459451],1,9,"[0.6496555418786976, 0.6138407878286516]",1,-1
1422,[0.37045646 0.45677549],8,5,"[0.3554407244338524, 0.520317078838352]",1,3
1423,[0.26605495 0.21120207],2,0,"[0.2616786212106805, 0.26472080282195354]",1,4
1424,[0.21802251 0.22151643],2,0,"[0.2616786212106805, 0.26472080282195354]",1,4
1425,[0.3337709  0.22538837],7,-1,-1,1,4
1426,[0.63533238 0.47857397],1,8,"[0.6551066790771881, 0.5227056166630671]",1,-1
1427,[0.42817028 0.59920186],8,-1,-1,1,-1
1428,[0.4932114 0.3180733],9,2,"[0.4412752198259873, 0.34769156644351373]",1,5
1429,[0.51162653 0.8536749 ],0,-1,-1,1,-1
1430,[0.28582533 0.47782755],8,-1,-1,1,3
1431,[0.66662286 0.32309769],6,6,"[0.725070511763224, 0.2863584308731653]",0,-1
1432,[0.52487198 0.68569048],4,3,"[0.5526138056840805, 0.6443554074021057]",1,-1
1433,[0.74473107 0.61501225],1,-1,-1,1,-1
1434,[0.51125945 0.61319331],1,3,"[0.5526138056840805, 0.6443554074021057]",1,-1
1435,[0.75367639 0.36647794],6,-1,-1,0,-1
1436,[0.41934987 0.70863448],0,-1,-1,1,2
1437,[0.42454865 0.84029773],0,7,"[0.3997826623418963, 0.8035485833251204]",1,2
1438,[0.42194002 0.30609389],9,2,"[0.4412752198259873, 0.34769156644351373]",1,-1
1439,[0.48575001 0.30091931],9,2,"[0.4412752198259873, 0.34769156644351373]",1,5
1440,[0.18392659 0.29560258],2,-1,-1,1,-1
1441,[0.19937836 0.23868175],2,0,"[0.2616786212106805, 0.26472080282195354]",1,4
1442,[0.24540892 0.26481309],2,0,"[0.2616786212106805, 0.26472080282195354]",1,4
1443,[0.35359267 0.3194382 ],9,-1,-1,1,-1
1444,[0.59500616 0.64435263],4,3,"[0.5526138056840805, 0.6443554074021057]",1,6
1445,[0.36102098 0.55854257],8,5,"[0.3554407244338524, 0.520317078838352]",1,3
1446,[0.42430854 0.52168466],8,5,"[0.3554407244338524, 0.520317078838352]",1,-1
1447,[0.54089227 0.6113099 ],4,3,"[0.5526138056840805, 0.6443554074021057]",1,6
1448,[0.40279345 0.82594492],0,7,"[0.3997826623418963, 0.8035485833251204]",1,2
1449,[0.40741145 0.83446067],0,7,"[0.3997826623418963, 0.8035485833251204]",1,2
1450,[0.49464508 0.3891477 ],9,2,"[0.4412752198259873, 0.34769156644351373]",1,-1
1451,[0.43669684 0.37233769],9,2,"[0.4412752198259873, 0.34769156644351373]",1,5
1452,[0.73142427 0.33187677],6,6,"[0.725070511763224, 0.2863584308731653]",0,0
1453,[0.07791016 0.79486223],5,-1,-1,1,-1
1454,[0.34897262 0.81641129],0,7,"[0.3997826623418963, 0.8035485833251204]",1,2
1455,[0.62213969 0.50160655],1,8,"[0.6551066790771881, 0.5227056166630671]",1,7
1456,[0.60477282 0.28559825],9,-1,-1,0,-1
1457,[0.40895999 0.37412341],9,2,"[0.4412752198259873, 0.34769156644351373]",1,5
1458,[0.31787328 0.48452532],8,5,"[0.3554407244338524, 0.520317078838352]",1,3
1459,[0.39794574 0.38352947],9,2,"[0.4412752198259873, 0.34769156644351373]",1,5
1460,[0.65690186 0.62910528],4,9,"[0.6496555418786976, 0.6138407878286516]",1,-1
1461,[0.36962791 0.23151118],2,-1,-1,1,-1
1462,[0.54855187 0.68339563],4,3,"[0.5526138056840805, 0.6443554074021057]",1,-1
1463,[0.18962954 0.28598351],7,-1,-1,1,4
1464,[0.10665954 0.76372586],5,-1,-1,1,-1
1465,[0.3696482  0.50227319],8,5,"[0.3554407244338524, 0.520317078838352]",1,3
1466,[0.19862709 0.82994208],3,4,"[0.15316159197189042, 0.831801241434934]",1,-1
1467,[0.6095588  0.48277078],1,8,"[0.6551066790771881, 0.5227056166630671]",1,-1
1468,[0.40327372 0.44197154],9,-1,-1,1,-1
1469,[0.39100775 0.32778915],9,2,"[0.4412752198259873, 0.34769156644351373]",1,5
1470,[0.24090191 0.34132988],7,-1,-1,1,4
1471,[0.19825491 0.21050052],2,-1,-1,1,4
1472,[0.36020584 0.58786171],8,5,"[0.3554407244338524, 0.520317078838352]",1,3
1473,[0.36424642 0.78903269],0,7,"[0.3997826623418963, 0.8035485833251204]",1,2
1474,[0.2067508  0.87752084],5,-1,-1,1,-1
1475,[0.40088637 0.75355442],0,7,"[0.3997826623418963, 0.8035485833251204]",1,2
1476,[0.32941365 0.27936912],7,0,"[0.2616786212106805, 0.26472080282195354]",1,4
1477,[0.66289132 0.49032008],1,8,"[0.6551066790771881, 0.5227056166630671]",1,-1
1478,[0.4177846  0.30293539],9,2,"[0.4412752198259873, 0.34769156644351373]",1,5
1479,[0.2179899  0.34964301],2,-1,-1,1,-1
1480,[0.77262763 0.34999685],6,-1,-1,0,-1
1481,[0.36496895 0.46617477],8,5,"[0.3554407244338524, 0.520317078838352]",1,3
1482,[0.38987088 0.34207267],9,2,"[0.4412752198259873, 0.34769156644351373]",1,5
1483,[0.25344701 0.21677119],2,0,"[0.2616786212106805, 0.26472080282195354]",1,4
1484,[0.21699633 0.80250918],3,-1,-1,1,-1
1485,[0.69748226 0.52978801],1,8,"[0.6551066790771881, 0.5227056166630671]",1,-1
1486,[0.18675625 0.17435969],2,-1,-1,1,-1
1487,[0.09237353 0.73724588],5,-1,-1,1,-1
1488,[0.34887314 0.44342234],8,-1,-1,1,3
1489,[0.470919   0.59044126],4,-1,-1,1,-1
1490,[0.14470868 0.76543374],5,1,"[0.18598280984665155, 0.7338502240850012]",1,10
1491,[0.50603867 0.69139339],4,3,"[0.5526138056840805, 0.6443554074021057]",1,-1
1492,[0.38811646 0.49833049],8,5,"[0.3554407244338524, 0.520317078838352]",1,3
1493,[0.23031654 0.7822341 ],5,1,"[0.18598280984665155, 0.7338502240850012]",1,-1
1494,[0.61994647 0.66900181],4,9,"[0.6496555418786976, 0.6138407878286516]",1,-1
1495,[0.11142483 0.65790821],3,-1,-1,1,-1
1496,[0.44240746 0.27096354],9,-1,-1,1,-1
1497,[0.14480211 0.76179587],5,1,"[0.18598280984665155, 0.7338502240850012]",1,-1
1498,[0.33049316 0.2765805 ],7,0,"[0.2616786212106805, 0.26472080282195354]",1,4
1499,[0.36599531 0.57727257],8,5,"[0.3554407244338524, 0.520317078838352]",1,3
1500,[0.61408851 0.63335829],4,9,"[0.6496555418786976, 0.6138407878286516]",1,-1
1501,[0.52161421 0.70322692],0,3,"[0.5526138056840805, 0.6443554074021057]",1,-1
1502,[0.4944683  0.65802303],4,3,"[0.5526138056840805, 0.6443554074021057]",1,-1
1503,[0.09168419 0.83225261],5,4,"[0.15316159197189042, 0.831801241434934]",1,-1
1504,[0.68161236 0.60702165],1,9,"[0.6496555418786976, 0.6138407878286516]",1,-1
1505,[0.13719619 0.79690198],5,4,"[0.15316159197189042, 0.831801241434934]",1,10
1506,[0.28467602 0.25202821],7,0,"[0.2616786212106805, 0.26472080282195354]",1,4
1507,[0.30717832 0.46848583],8,-1,-1,1,3
1508,[0.53750317 0.35552305],9,-1,-1,1,-1
1509,[0.15248422 0.77216279],3,1,"[0.18598280984665155, 0.7338502240850012]",1,10
1510,[0.73122417 0.34353728],6,6,"[0.725070511763224, 0.2863584308731653]",0,-1
1511,[0.13227526 0.82718081],5,4,"[0.15316159197189042, 0.831801241434934]",1,10
1512,[0.52649739 0.36260063],9,-1,-1,1,-1
1513,[0.68977627 0.33391288],6,6,"[0.725070511763224, 0.2863584308731653]",0,-1
1514,[0.15755738 0.69216336],3,1,"[0.18598280984665155, 0.7338502240850012]",1,-1
1515,[0.21728334 0.31202675],2,0,"[0.2616786212106805, 0.26472080282195354]",1,4
1516,[0.61017521 0.59745849],4,9,"[0.6496555418786976, 0.6138407878286516]",1,6
1517,[0.62350219 0.53411958],1,8,"[0.6551066790771881, 0.5227056166630671]",1,7
1518,[0.71606736 0.29232492],6,6,"[0.725070511763224, 0.2863584308731653]",0,0
1519,[0.65395457 0.59554673],1,9,"[0.6496555418786976, 0.6138407878286516]",1,7
1520,[0.6647183  0.30996033],6,6,"[0.725070511763224, 0.2863584308731653]",0,-1
1521,[0.74749338 0.24366671],6,6,"[0.725070511763224, 0.2863584308731653]",0,-1
1522,[0.23028861 0.72656488],3,1,"[0.18598280984665155, 0.7338502240850012]",1,-1
1523,[0.63482312 0.59379074],1,9,"[0.6496555418786976, 0.6138407878286516]",1,-1
1524,[0.4910572  0.36788422],9,2,"[0.4412752198259873, 0.34769156644351373]",1,-1
1525,[0.6122571  0.48348638],1,8,"[0.6551066790771881, 0.5227056166630671]",1,-1
1526,[0.1674636  0.66052161],3,-1,-1,1,-1
1527,[0.25433896 0.18377045],2,-1,-1,1,-1
1528,[0.82166773 0.24953773],6,-1,-1,0,-1
1529,[0.20680376 0.73977612],3,1,"[0.18598280984665155, 0.7338502240850012]",1,-1
1530,[0.1754202  0.67810452],3,1,"[0.18598280984665155, 0.7338502240850012]",1,-1
1531,[0.27187554 0.58344087],8,-1,-1,1,-1
1532,[0.21954248 0.82694071],5,4,"[0.15316159197189042, 0.831801241434934]",1,-1
1533,[0.39552155 0.78448476],0,7,"[0.3997826623418963, 0.8035485833251204]",1,2
1534,[0.38883891 0.54355381],8,5,"[0.3554407244338524, 0.520317078838352]",1,3
1535,[0.26330461 0.29106896],7,0,"[0.2616786212106805, 0.26472080282195354]",1,4
1536,[0.65823672 0.56944072],1,9,"[0.6496555418786976, 0.6138407878286516]",1,7
1537,[0.24468912 0.70998769],3,1,"[0.18598280984665155, 0.7338502240850012]",1,-1
1538,[0.34612996 0.79271992],0,7,"[0.3997826623418963, 0.8035485833251204]",1,2
1539,[0.63588376 0.60697062],1,9,"[0.6496555418786976, 0.6138407878286516]",1,6
1540,[0.3833234  0.26104634],7,-1,-1,1,-1
1541,[0.3470217  0.43803048],8,-1,-1,1,3
1542,[0.33064306 0.3435128 ],2,-1,-1,1,-1
1543,[0.12297096 0.88193993],5,4,"[0.15316159197189042, 0.831801241434934]",1,-1
1544,[0.1811762  0.83357582],3,4,"[0.15316159197189042, 0.831801241434934]",1,-1
1545,[0.18991343 0.64987261],3,-1,-1,1,-1
1546,[0.76578278 0.26080247],6,6,"[0.725070511763224, 0.2863584308731653]",0,-1
1547,[0.21881666 0.27331811],7,0,"[0.2616786212106805, 0.26472080282195354]",1,4
1548,[0.26088152 0.17169448],2,-1,-1,1,-1
1549,[0.57295951 0.61881969],4,3,"[0.5526138056840805, 0.6443554074021057]",1,6
1550,[0.17619208 0.7665846 ],5,1,"[0.18598280984665155, 0.7338502240850012]",1,-1
1551,[0.21212457 0.82611213],3,4,"[0.15316159197189042, 0.831801241434934]",1,-1
1552,[0.17825739 0.16496755],2,-1,-1,1,-1
1553,[0.30340764 0.37691923],2,-1,-1,1,-1
1554,[0.39012846 0.35419718],9,2,"[0.4412752198259873, 0.34769156644351373]",1,5
1555,[0.46796853 0.30060357],9,2,"[0.4412752198259873, 0.34769156644351373]",1,-1
1556,[0.66636323 0.53501562],1,8,"[0.6551066790771881, 0.5227056166630671]",1,7
1557,[0.1914495 0.7577745],5,1,"[0.18598280984665155, 0.7338502240850012]",1,8
1558,[0.38020938 0.36918528],9,2,"[0.4412752198259873, 0.34769156644351373]",1,5
1559,[0.12697751 0.59005562],3,-1,-1,-1,-1
1560,[0.63605088 0.54241235],1,8,"[0.6551066790771881, 0.5227056166630671]",1,7
1561,[0.40030078 0.42524052],8,-1,-1,1,-1
1562,[0.21053242 0.79727069],3,4,"[0.15316159197189042, 0.831801241434934]",1,8
1563,[0.19041025 0.73540117],5,1,"[0.18598280984665155, 0.7338502240850012]",1,8
1564,[0.24908958 0.36148484],2,-1,-1,1,-1
1565,[0.73329904 0.48495778],1,-1,-1,1,-1
1566,[0.71112398 0.53538983],1,8,"[0.6551066790771881, 0.5227056166630671]",1,-1
1567,[0.72580646 0.29055468],6,6,"[0.725070511763224, 0.2863584308731653]",0,-1
1568,[0.27106625 0.28391524],2,0,"[0.2616786212106805, 0.26472080282195354]",1,4
1569,[0.445536   0.67621972],4,-1,-1,1,-1
1570,[0.72927997 0.56256378],1,-1,-1,1,-1
1571,[0.23938178 0.27990256],7,0,"[0.2616786212106805, 0.26472080282195354]",1,4
1572,[0.55541347 0.6470681 ],4,3,"[0.5526138056840805, 0.6443554074021057]",1,6
1573,[0.6189348  0.56289247],1,8,"[0.6551066790771881, 0.5227056166630671]",1,-1
1574,[0.71333617 0.19715674],6,-1,-1,0,-1
1575,[0.74421457 0.3138036 ],6,6,"[0.725070511763224, 0.2863584308731653]",0,0
1576,[0.69963036 0.30493699],6,6,"[0.725070511763224, 0.2863584308731653]",0,1
1577,[0.74758288 0.23641082],6,6,"[0.725070511763224, 0.2863584308731653]",0,-1
1578,[0.4038862  0.76629979],0,7,"[0.3997826623418963, 0.8035485833251204]",1,2
1579,[0.29453233 0.71019875],3,-1,-1,1,-1
1580,[0.31365777 0.34570536],7,-1,-1,1,5
1581,[0.28202752 0.49770925],8,-1,-1,1,3
1582,[0.47485583 0.59267979],4,-1,-1,1,-1
1583,[0.27973862 0.3356501 ],7,-1,-1,1,4
1584,[0.45457765 0.33140244],9,2,"[0.4412752198259873, 0.34769156644351373]",1,5
1585,[0.09873354 0.87750429],5,-1,-1,1,-1
1586,[0.70005661 0.37042976],6,-1,-1,0,-1
1587,[0.26078689 0.30484805],2,0,"[0.2616786212106805, 0.26472080282195354]",1,4
1588,[0.17377401 0.71811029],3,1,"[0.18598280984665155, 0.7338502240850012]",1,-1
1589,[0.72274561 0.17416958],6,-1,-1,0,-1
1590,[0.55173776 0.53832446],1,-1,-1,1,-1
1591,[0.30377195 0.36521033],7,-1,-1,1,-1
1592,[0.3669986  0.35365848],7,-1,-1,1,5
1593,[0.32827968 0.35314896],9,-1,-1,1,5
1594,[0.38049348 0.52420251],8,5,"[0.3554407244338524, 0.520317078838352]",1,3
1595,[0.17980275 0.22133368],7,-1,-1,1,4
1596,[0.35696802 0.39499225],8,-1,-1,1,-1
1597,[0.07325169 0.82297111],5,-1,-1,1,-1
1598,[0.52501356 0.32718105],9,-1,-1,1,-1
1599,[0.19256794 0.7255873 ],3,1,"[0.18598280984665155, 0.7338502240850012]",1,-1
1600,[0.42137142 0.3374695 ],9,2,"[0.4412752198259873, 0.34769156644351373]",1,5
1601,[0.46160855 0.84118124],0,-1,-1,1,2
1602,[0.44367841 0.87047345],0,-1,-1,1,2
1603,[0.24412217 0.77892709],3,-1,-1,1,-1
1604,[0.32835465 0.29585706],2,-1,-1,1,4
1605,[0.62393083 0.58731245],4,9,"[0.6496555418786976, 0.6138407878286516]",1,-1
1606,[0.71410739 0.24609269],6,6,"[0.725070511763224, 0.2863584308731653]",0,-1
1607,[0.50784867 0.56067324],4,-1,-1,1,-1
1608,[0.65365709 0.29216467],6,-1,-1,0,-1
1609,[0.41587745 0.84302416],0,7,"[0.3997826623418963, 0.8035485833251204]",1,2
1610,[0.37869076 0.80689033],0,7,"[0.3997826623418963, 0.8035485833251204]",1,2
1611,[0.40454185 0.74080583],0,7,"[0.3997826623418963, 0.8035485833251204]",1,2
1612,[0.27197637 0.24794847],7,0,"[0.2616786212106805, 0.26472080282195354]",1,4
1613,[0.45792308 0.3526085 ],9,2,"[0.4412752198259873, 0.34769156644351373]",1,5
1614,[0.10703946 0.83789619],5,4,"[0.15316159197189042, 0.831801241434934]",1,-1
1615,[0.47622396 0.67869023],4,-1,-1,1,-1
1616,[0.7010108  0.52663105],1,8,"[0.6551066790771881, 0.5227056166630671]",1,-1
1617,[0.33004356 0.75144947],0,-1,-1,1,2
1618,[0.76230869 0.17273817],6,-1,-1,0,-1
1619,[0.28863701 0.16928388],7,-1,-1,1,-1
1620,[0.19986813 0.30956115],7,-1,-1,1,4
1621,[0.37000462 0.36212497],9,-1,-1,1,5
1622,[0.17979917 0.28905469],2,-1,-1,1,4
1623,[0.17802339 0.8754695 ],3,4,"[0.15316159197189042, 0.831801241434934]",1,-1
1624,[0.15667341 0.8129036 ],5,4,"[0.15316159197189042, 0.831801241434934]",1,-1
1625,[0.66596191 0.18748674],6,-1,-1,0,-1
1626,[0.13910249 0.23514596],7,-1,-1,1,-1
1627,[0.42990707 0.78961661],0,7,"[0.3997826623418963, 0.8035485833251204]",1,2
1628,[0.35470677 0.348329  ],7,-1,-1,1,5
1629,[0.2434871  0.88293386],5,-1,-1,1,-1
1630,[0.68415847 0.33365021],6,6,"[0.725070511763224, 0.2863584308731653]",0,-1
1631,[0.29241795 0.34821318],7,-1,-1,1,-1
1632,[0.37666251 0.45460699],8,5,"[0.3554407244338524, 0.520317078838352]",1,3
1633,[0.29396865 0.21647612],2,0,"[0.2616786212106805, 0.26472080282195354]",1,4
1634,[0.32960917 0.20817734],7,-1,-1,1,4
1635,[0.40938028 0.48591451],8,5,"[0.3554407244338524, 0.520317078838352]",1,3
1636,[0.2616543  0.81373893],5,-1,-1,1,-1
1637,[0.36623976 0.81215718],0,7,"[0.3997826623418963, 0.8035485833251204]",1,2
1638,[0.41026909 0.47617875],8,-1,-1,1,3
1639,[0.40464673 0.92790852],0,-1,-1,1,-1
1640,[0.15566337 0.79974646],5,4,"[0.15316159197189042, 0.831801241434934]",1,-1
1641,[0.38992776 0.83715185],0,7,"[0.3997826623418963, 0.8035485833251204]",1,2
1642,[0.26560344 0.80056959],5,-1,-1,1,-1
1643,[0.52652088 0.63033098],4,3,"[0.5526138056840805, 0.6443554074021057]",1,-1
1644,[0.21548629 0.76309464],3,1,"[0.18598280984665155, 0.7338502240850012]",1,-1
1645,[0.67762473 0.25348686],6,6,"[0.725070511763224, 0.2863584308731653]",0,-1
1646,[0.65027013 0.55810604],1,8,"[0.6551066790771881, 0.5227056166630671]",1,7
1647,[0.15992333 0.23896618],7,-1,-1,1,-1
1648,[0.11271023 0.69121465],3,-1,-1,1,-1
1649,[0.12769605 0.75630635],5,1,"[0.18598280984665155, 0.7338502240850012]",1,-1
1650,[0.33077659 0.30963272],7,-1,-1,1,4
1651,[0.71508465 0.31418958],6,6,"[0.725070511763224, 0.2863584308731653]",0,-1
1652,[0.20111283 0.29899573],7,0,"[0.2616786212106805, 0.26472080282195354]",1,4
1653,[0.65378795 0.53257776],1,8,"[0.6551066790771881, 0.5227056166630671]",1,7
1654,[0.30605688 0.19707735],2,-1,-1,1,4
1655,[0.67871463 0.57271091],1,9,"[0.6496555418786976, 0.6138407878286516]",1,-1
1656,[0.6616359 0.3355036],6,-1,-1,0,-1
1657,[0.40178708 0.78793587],0,7,"[0.3997826623418963, 0.8035485833251204]",1,2
1658,[0.54980109 0.59360446],4,3,"[0.5526138056840805, 0.6443554074021057]",1,6
1659,[0.22381295 0.67654848],3,1,"[0.18598280984665155, 0.7338502240850012]",1,-1
1660,[0.43196994 0.91375542],0,-1,-1,1,-1
1661,[0.61181598 0.56208415],1,8,"[0.6551066790771881, 0.5227056166630671]",1,-1
1662,[0.49360815 0.30005052],9,-1,-1,1,5
1663,[0.30842319 0.29799177],7,0,"[0.2616786212106805, 0.26472080282195354]",1,4
1664,[0.21123491 0.23577411],2,0,"[0.2616786212106805, 0.26472080282195354]",1,4
1665,[0.1783706  0.88610588],5,4,"[0.15316159197189042, 0.831801241434934]",1,-1
1666,[0.24117255 0.20891809],2,0,"[0.2616786212106805, 0.26472080282195354]",1,4
1667,[0.18861098 0.87584779],5,4,"[0.15316159197189042, 0.831801241434934]",1,-1
1668,[0.74927544 0.24011095],6,6,"[0.725070511763224, 0.2863584308731653]",0,-1
1669,[0.6756588 0.5189081],1,8,"[0.6551066790771881, 0.5227056166630671]",1,-1
1670,[0.36640074 0.83184292],0,7,"[0.3997826623418963, 0.8035485833251204]",1,2
1671,[0.57582326 0.61692613],4,3,"[0.5526138056840805, 0.6443554074021057]",1,6
1672,[0.28554368 0.26124278],7,0,"[0.2616786212106805, 0.26472080282195354]",1,4
1673,[0.41800858 0.66742307],4,-1,-1,1,-1
1674,[0.32405382 0.22072421],2,-1,-1,1,4
1675,[0.44372984 0.73624559],0,-1,-1,1,2
1676,[0.59873733 0.59215689],1,9,"[0.6496555418786976, 0.6138407878286516]",1,6
1677,[0.22469675 0.2232941 ],7,0,"[0.2616786212106805, 0.26472080282195354]",1,4
1678,[0.39315372 0.8210706 ],0,7,"[0.3997826623418963, 0.8035485833251204]",1,2
1679,[0.1921025  0.27017722],2,0,"[0.2616786212106805, 0.26472080282195354]",1,4
1680,[0.22351448 0.32345828],2,-1,-1,1,4
1681,[0.6862437 0.4979831],1,8,"[0.6551066790771881, 0.5227056166630671]",1,-1
1682,[0.374036   0.82673713],0,7,"[0.3997826623418963, 0.8035485833251204]",1,2
1683,[0.21166999 0.95656678],5,-1,-1,-1,-1
1684,[0.19212859 0.74251566],5,1,"[0.18598280984665155, 0.7338502240850012]",1,8
1685,[0.60856033 0.65441688],4,3,"[0.5526138056840805, 0.6443554074021057]",1,6
1686,[0.37708269 0.8121466 ],0,7,"[0.3997826623418963, 0.8035485833251204]",1,2
1687,[0.24791878 0.27508701],2,0,"[0.2616786212106805, 0.26472080282195354]",1,4
1688,[0.44086777 0.33270242],9,2,"[0.4412752198259873, 0.34769156644351373]",1,5
1689,[0.43690384 0.78400935],0,7,"[0.3997826623418963, 0.8035485833251204]",1,2
1690,[0.70371557 0.46531274],1,-1,-1,1,-1
1691,[0.12114172 0.85440651],5,4,"[0.15316159197189042, 0.831801241434934]",1,-1
1692,[0.67323918 0.3170529 ],6,6,"[0.725070511763224, 0.2863584308731653]",0,-1
1693,[0.30806269 0.28047366],7,0,"[0.2616786212106805, 0.26472080282195354]",1,4
1694,[0.14753873 0.89958891],5,4,"[0.15316159197189042, 0.831801241434934]",1,-1
1695,[0.19855308 0.78394857],3,1,"[0.18598280984665155, 0.7338502240850012]",1,8
1696,[0.16922185 0.22465842],7,-1,-1,1,-1
1697,[0.73567315 0.30571776],6,6,"[0.725070511763224, 0.2863584308731653]",0,-1
1698,[0.38853851 0.58152746],8,5,"[0.3554407244338524, 0.520317078838352]",1,3
1699,[0.61986723 0.76660803],4,-1,-1,-1,-1
1700,[0.42550695 0.43580409],8,-1,-1,1,-1
1701,[0.27747968 0.22057097],2,0,"[0.2616786212106805, 0.26472080282195354]",1,4
1702,[0.170853   0.69184632],3,1,"[0.18598280984665155, 0.7338502240850012]",1,-1
1703,[0.47163201 0.30566282],9,2,"[0.4412752198259873, 0.34769156644351373]",1,5
1704,[0.24688275 0.86417265],5,-1,-1,1,-1
1705,[0.59659359 0.66417995],4,3,"[0.5526138056840805, 0.6443554074021057]",1,6
1706,[0.72782715 0.42903834],6,-1,-1,1,-1
1707,[0.71757124 0.25352906],6,6,"[0.725070511763224, 0.2863584308731653]",0,-1
1708,[0.17112437 0.7272633 ],3,1,"[0.18598280984665155, 0.7338502240850012]",1,-1
1709,[0.40832236 0.53678215],8,5,"[0.3554407244338524, 0.520317078838352]",1,3
1710,[0.6118336 0.6907099],4,-1,-1,1,-1
1711,[0.2272583  0.74548004],5,1,"[0.18598280984665155, 0.7338502240850012]",1,-1
1712,[0.25699968 0.21500119],2,0,"[0.2616786212106805, 0.26472080282195354]",1,4
1713,[0.69545918 0.55427331],4,8,"[0.6551066790771881, 0.5227056166630671]",1,-1
1714,[0.34688119 0.30053812],7,-1,-1,1,4
1715,[0.28649463 0.23970636],7,0,"[0.2616786212106805, 0.26472080282195354]",1,4
1716,[0.31213883 0.15893029],7,-1,-1,1,-1
1717,[0.49892112 0.63788502],4,3,"[0.5526138056840805, 0.6443554074021057]",1,-1
1718,[0.18234421 0.21948765],7,-1,-1,1,-1
1719,[0.31568991 0.43878964],8,-1,-1,1,3
1720,[0.16586203 0.72861124],3,1,"[0.18598280984665155, 0.7338502240850012]",1,-1
1721,[0.1952739 0.8039836],5,4,"[0.15316159197189042, 0.831801241434934]",1,-1
1722,[0.26054937 0.28712204],2,0,"[0.2616786212106805, 0.26472080282195354]",1,4
1723,[0.68106251 0.47509353],1,8,"[0.6551066790771881, 0.5227056166630671]",1,-1
1724,[0.28706522 0.74870924],3,-1,-1,1,-1
1725,[0.47241186 0.42867964],8,-1,-1,1,-1
1726,[0.23866654 0.76071956],5,1,"[0.18598280984665155, 0.7338502240850012]",1,-1
1727,[0.23768549 0.30035665],2,0,"[0.2616786212106805, 0.26472080282195354]",1,4
1728,[0.1674164  0.81698396],5,4,"[0.15316159197189042, 0.831801241434934]",1,9
1729,[0.74802503 0.19665762],6,-1,-1,0,-1
1730,[0.50165847 0.61093812],4,3,"[0.5526138056840805, 0.6443554074021057]",1,-1
1731,[0.68147375 0.22401895],6,-1,-1,0,-1
1732,[0.55688555 0.58649789],4,3,"[0.5526138056840805, 0.6443554074021057]",1,6
1733,[0.64493901 0.58876479],1,9,"[0.6496555418786976, 0.6138407878286516]",1,-1
1734,[0.65131834 0.51344964],1,8,"[0.6551066790771881, 0.5227056166630671]",1,7
1735,[0.27991466 0.27356515],2,0,"[0.2616786212106805, 0.26472080282195354]",1,4
1736,[0.22772605 0.33833295],7,-1,-1,1,4
1737,[0.44849112 0.39557102],9,2,"[0.4412752198259873, 0.34769156644351373]",1,-1
1738,[0.30238894 0.55769182],8,5,"[0.3554407244338524, 0.520317078838352]",1,-1
1739,[0.32192666 0.86639732],0,-1,-1,1,-1
1740,[0.44898278 0.36278183],9,2,"[0.4412752198259873, 0.34769156644351373]",1,5
1741,[0.51126906 0.59833293],4,3,"[0.5526138056840805, 0.6443554074021057]",1,-1
1742,[0.34640581 0.82467866],0,7,"[0.3997826623418963, 0.8035485833251204]",1,2
1743,[0.38145911 0.2227932 ],2,-1,-1,1,-1
1744,[0.10002147 0.79330207],5,4,"[0.15316159197189042, 0.831801241434934]",1,-1
1745,[0.07767744 0.87111623],5,-1,-1,1,-1
1746,[0.49633158 0.67994145],4,3,"[0.5526138056840805, 0.6443554074021057]",1,-1
1747,[0.69391901 0.62689733],1,9,"[0.6496555418786976, 0.6138407878286516]",1,-1
1748,[0.21897241 0.35995736],7,-1,-1,1,-1
1749,[0.31206699 0.18664398],2,-1,-1,1,-1
1750,[0.25920719 0.73222791],5,-1,-1,1,-1
1751,[0.12829902 0.79929173],5,4,"[0.15316159197189042, 0.831801241434934]",1,-1
1752,[0.47079289 0.55156459],8,-1,-1,1,-1
1753,[0.53045394 0.67417739],4,3,"[0.5526138056840805, 0.6443554074021057]",1,-1
1754,[0.557254   0.61652256],4,3,"[0.5526138056840805, 0.6443554074021057]",1,6
1755,[0.67479018 0.50584326],1,8,"[0.6551066790771881, 0.5227056166630671]",1,-1
1756,[0.47917981 0.37452211],9,2,"[0.4412752198259873, 0.34769156644351373]",1,-1
1757,[0.30278917 0.58996503],8,-1,-1,1,-1
1758,[0.56189611 0.69253481],4,3,"[0.5526138056840805, 0.6443554074021057]",1,-1
1759,[0.10883341 0.76129738],5,-1,-1,1,-1
1760,[0.16697559 0.27674799],7,-1,-1,1,-1
1761,[0.21873474 0.79118984],3,1,"[0.18598280984665155, 0.7338502240850012]",1,-1
1762,[0.60885816 0.65825106],4,3,"[0.5526138056840805, 0.6443554074021057]",1,6
1763,[0.25027844 0.80348139],5,-1,-1,1,-1
1764,[0.41109701 0.62580997],8,-1,-1,1,-1
1765,[0.25582042 0.18112267],2,-1,-1,1,-1
1766,[0.82138474 0.26176591],6,-1,-1,0,-1
1767,[0.15118236 0.83636498],3,4,"[0.15316159197189042, 0.831801241434934]",1,-1
1768,[0.02371999 0.80347496],5,-1,-1,1,-1
1769,[0.70631105 0.36471466],6,-1,-1,0,-1
1770,[0.22495938 0.30451115],2,0,"[0.2616786212106805, 0.26472080282195354]",1,4
1771,[0.17878936 0.21241333],2,-1,-1,1,-1
1772,[0.38429805 0.26726104],9,-1,-1,1,-1
1773,[0.23028093 0.30862174],7,0,"[0.2616786212106805, 0.26472080282195354]",1,4
1774,[0.26004958 0.7275585 ],3,-1,-1,1,-1
1775,[0.37703633 0.85660555],0,7,"[0.3997826623418963, 0.8035485833251204]",1,2
1776,[0.68066595 0.59586429],1,9,"[0.6496555418786976, 0.6138407878286516]",1,-1
1777,[0.29622597 0.54874805],8,5,"[0.3554407244338524, 0.520317078838352]",1,3
1778,[0.13439199 0.8439223 ],5,4,"[0.15316159197189042, 0.831801241434934]",1,-1
1779,[0.16614712 0.21133468],7,-1,-1,1,-1
1780,[0.53562036 0.62656564],4,3,"[0.5526138056840805, 0.6443554074021057]",1,6
1781,[0.26202438 0.80485887],3,-1,-1,1,-1
1782,[0.75352545 0.27364335],6,6,"[0.725070511763224, 0.2863584308731653]",0,-1
1783,[0.12067542 0.36919846],2,-1,-1,-1,-1
1784,[0.41156914 0.3611458 ],9,2,"[0.4412752198259873, 0.34769156644351373]",1,5
1785,[0.57424428 0.6119325 ],4,3,"[0.5526138056840805, 0.6443554074021057]",1,6
1786,[0.36142495 0.78782009],0,7,"[0.3997826623418963, 0.8035485833251204]",1,2
1787,[0.23864057 0.2863942 ],7,0,"[0.2616786212106805, 0.26472080282195354]",1,4
1788,[0.24121812 0.55091182],8,-1,-1,1,-1
1789,[0.50847749 0.28644588],9,-1,-1,1,-1
1790,[0.58112051 0.5913071 ],1,3,"[0.5526138056840805, 0.6443554074021057]",1,-1
1791,[0.73954909 0.24463831],6,6,"[0.725070511763224, 0.2863584308731653]",0,-1
1792,[0.60595431 0.59758696],4,9,"[0.6496555418786976, 0.6138407878286516]",1,6
1793,[0.61570071 0.62600678],4,9,"[0.6496555418786976, 0.6138407878286516]",1,-1
1794,[0.55284238 0.62349352],4,3,"[0.5526138056840805, 0.6443554074021057]",1,6
1795,[0.40502537 0.72618623],0,-1,-1,1,2
1796,[0.12947116 0.82129083],5,4,"[0.15316159197189042, 0.831801241434934]",1,10
1797,[0.33139736 0.24267176],7,-1,-1,1,4
1798,[0.27855702 0.23110775],2,0,"[0.2616786212106805, 0.26472080282195354]",1,4
1799,[0.42363846 0.36308902],9,2,"[0.4412752198259873, 0.34769156644351373]",1,5
1800,[0.51513628 0.75816977],0,-1,-1,1,-1
1801,[0.38602706 0.5603371 ],8,5,"[0.3554407244338524, 0.520317078838352]",1,3
1802,[0.64324777 0.50285026],1,8,"[0.6551066790771881, 0.5227056166630671]",1,-1
1803,[0.28287052 0.48389557],8,-1,-1,1,3
1804,[0.72387506 0.56676012],1,-1,-1,1,-1
1805,[0.17363073 0.83043464],3,4,"[0.15316159197189042, 0.831801241434934]",1,9
1806,[0.38969443 0.2911817 ],9,-1,-1,1,-1
1807,[0.61627167 0.65059824],1,9,"[0.6496555418786976, 0.6138407878286516]",1,-1
1808,[0.37593771 0.56257871],8,5,"[0.3554407244338524, 0.520317078838352]",1,3
1809,[0.28645674 0.51526915],8,5,"[0.3554407244338524, 0.520317078838352]",1,-1
1810,[0.65169207 0.6133326 ],1,9,"[0.6496555418786976, 0.6138407878286516]",1,-1
1811,[0.17740743 0.73105803],3,1,"[0.18598280984665155, 0.7338502240850012]",1,8
1812,[0.19195461 0.87525752],5,4,"[0.15316159197189042, 0.831801241434934]",1,-1
1813,[0.74330992 0.22510033],6,6,"[0.725070511763224, 0.2863584308731653]",0,-1
1814,[0.12160461 0.81515808],5,4,"[0.15316159197189042, 0.831801241434934]",1,-1
1815,[0.24888827 0.29198746],7,0,"[0.2616786212106805, 0.26472080282195354]",1,4
1816,[0.49832457 0.82469114],0,-1,-1,1,-1
1817,[0.30784951 0.1963826 ],2,-1,-1,1,4
1818,[0.63885007 0.31599581],6,-1,-1,0,-1
1819,[0.53415562 0.64268943],4,3,"[0.5526138056840805, 0.6443554074021057]",1,6
1820,[0.22170195 0.28317517],2,0,"[0.2616786212106805, 0.26472080282195354]",1,4
1821,[0.46090506 0.40771713],9,2,"[0.4412752198259873, 0.34769156644351373]",1,-1
1822,[0.20244113 0.78993014],5,1,"[0.18598280984665155, 0.7338502240850012]",1,8
1823,[0.16770319 0.27318984],2,-1,-1,1,-1
1824,[0.33554657 0.30272927],2,-1,-1,1,4
1825,[0.60090036 0.48643215],1,8,"[0.6551066790771881, 0.5227056166630671]",1,-1
1826,[0.69686144 0.24123421],6,6,"[0.725070511763224, 0.2863584308731653]",0,-1
1827,[0.19977097 0.78487167],3,1,"[0.18598280984665155, 0.7338502240850012]",1,8
1828,[0.14891702 0.6781231 ],3,1,"[0.18598280984665155, 0.7338502240850012]",1,-1
1829,[0.44216807 0.36841067],9,2,"[0.4412752198259873, 0.34769156644351373]",1,5
1830,[0.5605238  0.72019764],4,-1,-1,1,-1
1831,[0.16817486 0.28978942],2,-1,-1,1,-1
1832,[0.40776313 0.82679791],0,7,"[0.3997826623418963, 0.8035485833251204]",1,2
1833,[0.45101867 0.83390347],0,7,"[0.3997826623418963, 0.8035485833251204]",1,2
1834,[0.7426364  0.20964375],6,-1,-1,0,-1
1835,[0.68163177 0.67437353],1,9,"[0.6496555418786976, 0.6138407878286516]",1,-1
1836,[0.32810928 0.44031755],8,-1,-1,1,3
1837,[0.28038258 0.8216941 ],3,-1,-1,1,-1
1838,[0.4648165  0.60409679],4,-1,-1,1,-1
1839,[0.30995509 0.16007417],2,-1,-1,1,-1
1840,[0.23035117 0.28804972],7,0,"[0.2616786212106805, 0.26472080282195354]",1,4
1841,[0.34262148 0.61272837],8,-1,-1,1,-1
1842,[0.66477069 0.46783277],1,8,"[0.6551066790771881, 0.5227056166630671]",1,-1
1843,[0.19853896 0.76287521],5,1,"[0.18598280984665155, 0.7338502240850012]",1,-1
1844,[0.56435838 0.559057  ],1,-1,-1,1,-1
1845,[0.62079629 0.51618106],1,8,"[0.6551066790771881, 0.5227056166630671]",1,-1
1846,[0.30732076 0.48582594],8,5,"[0.3554407244338524, 0.520317078838352]",1,3
1847,[0.77569489 0.56326662],1,-1,-1,1,-1
1848,[0.15207833 0.15926894],7,-1,-1,1,-1
1849,[0.56217532 0.54913708],4,-1,-1,1,-1
1850,[0.56700189 0.70061406],4,3,"[0.5526138056840805, 0.6443554074021057]",1,-1
1851,[0.15426273 0.76195346],3,1,"[0.18598280984665155, 0.7338502240850012]",1,10
1852,[0.63633197 0.53711519],1,8,"[0.6551066790771881, 0.5227056166630671]",1,7
1853,[0.45688652 0.3529964 ],9,2,"[0.4412752198259873, 0.34769156644351373]",1,5
1854,[0.41451821 0.81808198],0,7,"[0.3997826623418963, 0.8035485833251204]",1,2
1855,[0.43343415 0.32693886],9,2,"[0.4412752198259873, 0.34769156644351373]",1,5
1856,[0.33302354 0.89512943],0,-1,-1,1,-1
1857,[0.5764959  0.68777564],4,3,"[0.5526138056840805, 0.6443554074021057]",1,-1
1858,[0.2116558  0.84539852],5,4,"[0.15316159197189042, 0.831801241434934]",1,-1
1859,[0.14182394 0.67255638],3,-1,-1,1,-1
1860,[0.1909349  0.74178336],3,1,"[0.18598280984665155, 0.7338502240850012]",1,8
1861,[0.19736811 0.28708846],2,0,"[0.2616786212106805, 0.26472080282195354]",1,4
1862,[0.25043283 0.2781424 ],7,0,"[0.2616786212106805, 0.26472080282195354]",1,4
1863,[0.59765802 0.58271385],1,9,"[0.6496555418786976, 0.6138407878286516]",1,-1
1864,[0.18137774 0.83961166],5,4,"[0.15316159197189042, 0.831801241434934]",1,-1
1865,[0.73633558 0.60230468],1,-1,-1,1,-1
1866,[0.76891791 0.33696708],6,6,"[0.725070511763224, 0.2863584308731653]",0,-1
1867,[0.29679888 0.28329139],2,0,"[0.2616786212106805, 0.26472080282195354]",1,4
1868,[0.66198785 0.24648937],6,-1,-1,0,-1
1869,[0.39759582 0.51265322],8,5,"[0.3554407244338524, 0.520317078838352]",1,3
1870,[0.20716771 0.27479515],2,0,"[0.2616786212106805, 0.26472080282195354]",1,4
1871,[0.61538313 0.73385836],4,-1,-1,1,-1
1872,[0.39778564 0.85217379],0,7,"[0.3997826623418963, 0.8035485833251204]",1,2
1873,[0.36413042 0.45221872],8,5,"[0.3554407244338524, 0.520317078838352]",1,3
1874,[0.41235834 0.69843264],0,-1,-1,1,-1
1875,[0.54432927 0.58601446],4,3,"[0.5526138056840805, 0.6443554074021057]",1,-1
1876,[0.28121108 0.29461462],2,0,"[0.2616786212106805, 0.26472080282195354]",1,4
1877,[0.17393292 0.75628654],3,1,"[0.18598280984665155, 0.7338502240850012]",1,-1
1878,[0.47572035 0.31520155],9,2,"[0.4412752198259873, 0.34769156644351373]",1,5
1879,[0.39851835 0.44954032],8,-1,-1,1,3
1880,[0.36477636 0.5611776 ],8,5,"[0.3554407244338524, 0.520317078838352]",1,3
1881,[0.19264273 0.79304717],5,4,"[0.15316159197189042, 0.831801241434934]",1,8
1882,[0.60920037 0.4629187 ],1,-1,-1,1,-1
1883,[0.70911754 0.20896687],6,-1,-1,0,-1
1884,[0.26535624 0.3777259 ],2,-1,-1,1,-1
1885,[0.59943048 0.54153273],4,8,"[0.6551066790771881, 0.5227056166630671]",1,-1
1886,[0.16565622 0.82604326],5,4,"[0.15316159197189042, 0.831801241434934]",1,9
1887,[0.3435992  0.52597478],8,5,"[0.3554407244338524, 0.520317078838352]",1,3
1888,[0.47070843 0.28942925],9,2,"[0.4412752198259873, 0.34769156644351373]",1,-1
1889,[0.1584242  0.65888665],3,-1,-1,1,-1
1890,[0.67833915 0.22206752],6,-1,-1,0,-1
1891,[0.18594892 0.63913133],3,-1,-1,1,-1
1892,[0.73855983 0.22049257],6,6,"[0.725070511763224, 0.2863584308731653]",0,-1
1893,[0.65849097 0.51737032],1,8,"[0.6551066790771881, 0.5227056166630671]",1,7
1894,[0.33277597 0.48397849],8,5,"[0.3554407244338524, 0.520317078838352]",1,3
1895,[0.11921644 0.82256021],5,4,"[0.15316159197189042, 0.831801241434934]",1,-1
1896,[0.57952436 0.6197353 ],4,3,"[0.5526138056840805, 0.6443554074021057]",1,6
1897,[0.39369141 0.30046666],9,2,"[0.4412752198259873, 0.34769156644351373]",1,-1
1898,[0.66334942 0.36618829],6,-1,-1,0,-1
1899,[0.28190373 0.33531222],7,-1,-1,1,4
1900,[0.32225371 0.29957443],7,0,"[0.2616786212106805, 0.26472080282195354]",1,4
1901,[0.23095736 0.25733774],7,0,"[0.2616786212106805, 0.26472080282195354]",1,4
1902,[0.49783094 0.31987009],9,2,"[0.4412752198259873, 0.34769156644351373]",1,5
1903,[0.19300999 0.80122057],3,4,"[0.15316159197189042, 0.831801241434934]",1,-1
1904,[0.35870523 0.2430941 ],2,-1,-1,1,-1
1905,[0.63102106 0.53729056],1,8,"[0.6551066790771881, 0.5227056166630671]",1,7
1906,[0.69562836 0.20595977],6,-1,-1,0,-1
1907,[0.61442168 0.5861668 ],1,9,"[0.6496555418786976, 0.6138407878286516]",1,-1
1908,[0.51625655 0.65425432],4,3,"[0.5526138056840805, 0.6443554074021057]",1,-1
1909,[0.12401432 0.8929612 ],5,4,"[0.15316159197189042, 0.831801241434934]",1,-1
1910,[0.37762226 0.85495419],0,7,"[0.3997826623418963, 0.8035485833251204]",1,2
1911,[0.77395897 0.41196033],6,-1,-1,-1,-1
1912,[0.13554422 0.84899469],5,4,"[0.15316159197189042, 0.831801241434934]",1,-1
1913,[0.59588202 0.65903367],4,3,"[0.5526138056840805, 0.6443554074021057]",1,6
1914,[0.57208674 0.61590407],1,3,"[0.5526138056840805, 0.6443554074021057]",1,6
1915,[0.59246549 0.68089693],4,3,"[0.5526138056840805, 0.6443554074021057]",1,-1
1916,[0.18228879 0.7851291 ],3,1,"[0.18598280984665155, 0.7338502240850012]",1,-1
1917,[0.73284957 0.38055778],6,-1,-1,0,-1
1918,[0.61305341 0.64383497],4,9,"[0.6496555418786976, 0.6138407878286516]",1,6
1919,[0.51816201 0.65337184],4,3,"[0.5526138056840805, 0.6443554074021057]",1,-1
1920,[0.25016627 0.19023655],2,-1,-1,1,4
1921,[0.21915216 0.26692788],2,0,"[0.2616786212106805, 0.26472080282195354]",1,4
1922,[0.25669839 0.27852466],2,0,"[0.2616786212106805, 0.26472080282195354]",1,4
1923,[0.12189429 0.64813239],3,-1,-1,1,-1
1924,[0.19123324 0.83738696],5,4,"[0.15316159197189042, 0.831801241434934]",1,-1
1925,[0.44745545 0.79504974],4,7,"[0.3997826623418963, 0.8035485833251204]",1,2
1926,[0.53319869 0.6398687 ],4,3,"[0.5526138056840805, 0.6443554074021057]",1,6
1927,[0.36247459 0.55410057],8,5,"[0.3554407244338524, 0.520317078838352]",1,3
1928,[0.70274093 0.28670972],6,6,"[0.725070511763224, 0.2863584308731653]",0,1
1929,[0.67027498 0.30256469],6,6,"[0.725070511763224, 0.2863584308731653]",0,-1
1930,[0.25151504 0.77048444],3,-1,-1,1,-1
1931,[0.54170795 0.59095202],4,3,"[0.5526138056840805, 0.6443554074021057]",1,-1
1932,[0.18437214 0.70167647],3,1,"[0.18598280984665155, 0.7338502240850012]",1,-1
1933,[0.410507   0.82009865],0,7,"[0.3997826623418963, 0.8035485833251204]",1,2
1934,[0.7375953  0.30950542],6,6,"[0.725070511763224, 0.2863584308731653]",0,-1
1935,[0.44160573 0.23563535],9,-1,-1,1,-1
1936,[0.73981383 0.3133515 ],6,6,"[0.725070511763224, 0.2863584308731653]",0,0
1937,[0.13314658 0.88874514],5,4,"[0.15316159197189042, 0.831801241434934]",1,-1
1938,[0.74796949 0.28608782],6,6,"[0.725070511763224, 0.2863584308731653]",0,-1
1939,[0.27553436 0.15875704],7,-1,-1,1,-1
1940,[0.23671921 0.2930445 ],7,0,"[0.2616786212106805, 0.26472080282195354]",1,4
1941,[0.37327733 0.8058621 ],0,7,"[0.3997826623418963, 0.8035485833251204]",1,2
1942,[0.36718602 0.84433423],0,7,"[0.3997826623418963, 0.8035485833251204]",1,2
1943,[0.40669203 0.77398501],0,7,"[0.3997826623418963, 0.8035485833251204]",1,2
1944,[0.293691   0.25072236],7,0,"[0.2616786212106805, 0.26472080282195354]",1,4
1945,[0.3691038  0.35207419],9,-1,-1,1,5
1946,[0.13965036 0.82143796],5,4,"[0.15316159197189042, 0.831801241434934]",1,-1
1947,[0.43395015 0.35984898],9,2,"[0.4412752198259873, 0.34769156644351373]",1,5
1948,[0.28214599 0.19568167],2,-1,-1,1,4
1949,[0.18368262 0.70385403],3,1,"[0.18598280984665155, 0.7338502240850012]",1,-1
1950,[0.42004497 0.76415653],0,7,"[0.3997826623418963, 0.8035485833251204]",1,2
1951,[0.57920846 0.63099722],4,3,"[0.5526138056840805, 0.6443554074021057]",1,6
1952,[0.35523748 0.50809461],8,5,"[0.3554407244338524, 0.520317078838352]",1,3
1953,[0.7011963  0.32728647],6,6,"[0.725070511763224, 0.2863584308731653]",0,-1
1954,[0.67183554 0.26814083],6,6,"[0.725070511763224, 0.2863584308731653]",0,-1
1955,[0.75484141 0.33025348],6,6,"[0.725070511763224, 0.2863584308731653]",0,-1
1956,[0.50260397 0.64466552],4,3,"[0.5526138056840805, 0.6443554074021057]",1,-1
1957,[0.70783511 0.28897616],6,6,"[0.725070511763224, 0.2863584308731653]",0,1
1958,[0.60756678 0.72100507],4,-1,-1,1,-1
1959,[0.28956166 0.80431951],3,-1,-1,1,-1
1960,[0.72674832 0.56040648],1,-1,-1,1,-1
1961,[0.56655546 0.57893326],4,3,"[0.5526138056840805, 0.6443554074021057]",1,6
1962,[0.07360227 0.77040086],5,-1,-1,1,-1
1963,[0.48238597 0.33755624],9,2,"[0.4412752198259873, 0.34769156644351373]",1,5
1964,[0.38741528 0.60615532],8,-1,-1,1,-1
1965,[0.50306317 0.33954541],9,2,"[0.4412752198259873, 0.34769156644351373]",1,-1
1966,[0.2315485  0.19224417],2,-1,-1,1,-1
1967,[0.59442195 0.61493287],4,3,"[0.5526138056840805, 0.6443554074021057]",1,6
1968,[0.15836428 0.77403279],5,1,"[0.18598280984665155, 0.7338502240850012]",1,10
1969,[0.06087609 0.76515992],5,-1,-1,1,-1
1970,[0.7592964  0.30695753],6,6,"[0.725070511763224, 0.2863584308731653]",0,-1
1971,[0.72997894 0.27014218],6,6,"[0.725070511763224, 0.2863584308731653]",0,-1
1972,[0.40179384 0.80254457],0,7,"[0.3997826623418963, 0.8035485833251204]",1,2
1973,[0.37094351 0.84418733],0,7,"[0.3997826623418963, 0.8035485833251204]",1,2
1974,[0.40658955 0.76000065],0,7,"[0.3997826623418963, 0.8035485833251204]",1,2
1975,[0.28064938 0.23169518],2,0,"[0.2616786212106805, 0.26472080282195354]",1,4
1976,[0.62168021 0.61098839],1,9,"[0.6496555418786976, 0.6138407878286516]",1,-1
1977,[0.50168791 0.70545659],4,-1,-1,1,-1
1978,[0.64060288 0.53441413],1,8,"[0.6551066790771881, 0.5227056166630671]",1,7
1979,[0.37709715 0.5752851 ],8,5,"[0.3554407244338524, 0.520317078838352]",1,3
1980,[0.23149139 0.23234813],7,0,"[0.2616786212106805, 0.26472080282195354]",1,4
1981,[0.43345385 0.26953214],9,-1,-1,1,-1
1982,[0.2979986  0.16885353],2,-1,-1,1,-1
1983,[0.37835505 0.84453997],0,7,"[0.3997826623418963, 0.8035485833251204]",1,2
1984,[0.41822452 0.56491958],8,-1,-1,1,-1
1985,[0.14602533 0.73873183],3,1,"[0.18598280984665155, 0.7338502240850012]",1,-1
1986,[0.25462235 0.30561727],2,0,"[0.2616786212106805, 0.26472080282195354]",1,4
1987,[0.31058669 0.45011836],8,-1,-1,1,3
1988,[0.13195469 0.85875245],5,4,"[0.15316159197189042, 0.831801241434934]",1,-1
1989,[0.53598789 0.59632739],4,3,"[0.5526138056840805, 0.6443554074021057]",1,6
1990,[0.28573205 0.34615001],2,-1,-1,1,4
1991,[0.43385824 0.36146124],9,2,"[0.4412752198259873, 0.34769156644351373]",1,5
1992,[0.21393144 0.21594292],2,0,"[0.2616786212106805, 0.26472080282195354]",1,4
1993,[0.71178019 0.30632602],6,6,"[0.725070511763224, 0.2863584308731653]",0,-1
1994,[0.57018756 0.62748032],1,3,"[0.5526138056840805, 0.6443554074021057]",1,6
1995,[0.54227968 0.67270404],4,3,"[0.5526138056840805, 0.6443554074021057]",1,-1
1996,[0.18426425 0.70253541],3,1,"[0.18598280984665155, 0.7338502240850012]",1,-1
1997,[0.30204292 0.22471871],2,0,"[0.2616786212106805, 0.26472080282195354]",1,4
1998,[0.68193324 0.47035682],1,8,"[0.6551066790771881, 0.5227056166630671]",1,-1
1999,[0.71960642 0.18971527],6,-1,-1,0,-1
