,datum,blob,snowball_label,snowball_center,hdbscan_eom_label,hdbscan_leaf_label
0,[0.31145214 0.75493052],0,1,"[0.2855583348587823, 0.7426498013622188]",2,2
1,[0.2986759  0.77128419],0,1,"[0.2855583348587823, 0.7426498013622188]",2,2
2,[0.25206554 0.82805155],0,-1,-1,2,2
3,[0.32145198 0.74769499],0,1,"[0.2855583348587823, 0.7426498013622188]",2,2
4,[0.31861857 0.761346  ],0,0,"[0.3314688786658622, 0.7923877223412635]",2,2
5,[0.32566321 0.83562686],0,0,"[0.3314688786658622, 0.7923877223412635]",2,2
6,[0.30518974 0.83112252],0,0,"[0.3314688786658622, 0.7923877223412635]",2,2
7,[0.31951226 0.79283758],0,0,"[0.3314688786658622, 0.7923877223412635]",2,2
8,[0.31675894 0.77460681],0,0,"[0.3314688786658622, 0.7923877223412635]",2,2
9,[0.30248312 0.80192756],0,0,"[0.3314688786658622, 0.7923877223412635]",2,2
10,[0.32849192 0.75119731],0,0,"[0.3314688786658622, 0.7923877223412635]",2,2
11,[0.31497017 0.84416142],0,0,"[0.3314688786658622, 0.7923877223412635]",2,2
12,[0.31019589 0.72577036],0,1,"[0.2855583348587823, 0.7426498013622188]",2,2
13,[0.3091373  0.75634537],0,1,"[0.2855583348587823, 0.7426498013622188]",2,2
14,[0.36547241 0.78282571],0,0,"[0.3314688786658622, 0.7923877223412635]",2,2
15,[0.23021902 0.76422269],0,1,"[0.2855583348587823, 0.7426498013622188]",2,2
16,[0.27924743 0.73273438],0,1,"[0.2855583348587823, 0.7426498013622188]",2,2
17,[0.31698873 0.84461862],0,0,"[0.3314688786658622, 0.7923877223412635]",2,2
18,[0.26248614 0.71713364],0,1,"[0.2855583348587823, 0.7426498013622188]",2,2
19,[0.3669787  0.80916832],0,0,"[0.3314688786658622, 0.7923877223412635]",2,2
20,[0.3920235  0.77714916],0,0,"[0.3314688786658622, 0.7923877223412635]",2,2
21,[0.31905085 0.76078803],0,0,"[0.3314688786658622, 0.7923877223412635]",2,2
22,[0.35457643 0.73591427],0,0,"[0.3314688786658622, 0.7923877223412635]",2,2
23,[0.30282842 0.73763545],0,1,"[0.2855583348587823, 0.7426498013622188]",2,2
24,[0.27686203 0.70665836],0,1,"[0.2855583348587823, 0.7426498013622188]",2,2
25,[0.29458037 0.72322838],0,1,"[0.2855583348587823, 0.7426498013622188]",2,2
26,[0.30270732 0.71755125],0,1,"[0.2855583348587823, 0.7426498013622188]",2,2
27,[0.3426244  0.74129007],0,0,"[0.3314688786658622, 0.7923877223412635]",2,2
28,[0.298397   0.74627296],0,1,"[0.2855583348587823, 0.7426498013622188]",2,2
29,[0.24763751 0.76375119],0,1,"[0.2855583348587823, 0.7426498013622188]",2,2
30,[0.29534905 0.74166841],0,1,"[0.2855583348587823, 0.7426498013622188]",2,2
31,[0.32577899 0.73861731],0,1,"[0.2855583348587823, 0.7426498013622188]",2,2
32,[0.33982167 0.84783843],0,0,"[0.3314688786658622, 0.7923877223412635]",2,2
33,[0.29134414 0.72581225],0,1,"[0.2855583348587823, 0.7426498013622188]",2,2
34,[0.27404472 0.79025216],0,1,"[0.2855583348587823, 0.7426498013622188]",2,2
35,[0.27131535 0.74971236],0,1,"[0.2855583348587823, 0.7426498013622188]",2,2
36,[0.30587045 0.75474868],0,1,"[0.2855583348587823, 0.7426498013622188]",2,2
37,[0.32588191 0.79698103],0,0,"[0.3314688786658622, 0.7923877223412635]",2,2
38,[0.29759223 0.74385802],0,1,"[0.2855583348587823, 0.7426498013622188]",2,2
39,[0.28992641 0.7707511 ],0,1,"[0.2855583348587823, 0.7426498013622188]",2,2
40,[0.34096373 0.76255705],0,0,"[0.3314688786658622, 0.7923877223412635]",2,2
41,[0.28035776 0.76052096],0,1,"[0.2855583348587823, 0.7426498013622188]",2,2
42,[0.27728781 0.73270638],0,1,"[0.2855583348587823, 0.7426498013622188]",2,2
43,[0.37952035 0.71243319],0,-1,-1,2,2
44,[0.35066666 0.79680183],0,0,"[0.3314688786658622, 0.7923877223412635]",2,2
45,[0.2833598  0.68781103],0,1,"[0.2855583348587823, 0.7426498013622188]",2,2
46,[0.33847304 0.74415171],0,0,"[0.3314688786658622, 0.7923877223412635]",2,2
47,[0.35159192 0.83397762],0,0,"[0.3314688786658622, 0.7923877223412635]",2,2
48,[0.25250988 0.72120383],0,1,"[0.2855583348587823, 0.7426498013622188]",2,2
49,[0.2432634  0.80995199],0,-1,-1,2,2
50,[0.29174702 0.74364199],0,1,"[0.2855583348587823, 0.7426498013622188]",2,2
51,[0.29004413 0.68973262],0,1,"[0.2855583348587823, 0.7426498013622188]",2,2
52,[0.30125797 0.68144418],0,1,"[0.2855583348587823, 0.7426498013622188]",2,2
53,[0.33424191 0.78235955],0,0,"[0.3314688786658622, 0.7923877223412635]",2,2
54,[0.36052067 0.74400595],0,0,"[0.3314688786658622, 0.7923877223412635]",2,2
55,[0.33629383 0.86660098],0,-1,-1,2,2
56,[0.3636554  0.78079256],0,0,"[0.3314688786658622, 0.7923877223412635]",2,2
57,[0.38492017 0.70883778],0,-1,-1,-1,2
58,[0.32247621 0.79504358],0,0,"[0.3314688786658622, 0.7923877223412635]",2,2
59,[0.2846627  0.76138565],0,1,"[0.2855583348587823, 0.7426498013622188]",2,2
60,[0.26902772 0.76709614],0,1,"[0.2855583348587823, 0.7426498013622188]",2,2
61,[0.22947957 0.79082446],0,-1,-1,2,2
62,[0.19732088 0.7715089 ],0,-1,-1,-1,2
63,[0.29220511 0.74184664],0,1,"[0.2855583348587823, 0.7426498013622188]",2,2
64,[0.30190632 0.67012672],0,-1,-1,2,2
65,[0.33500496 0.70170423],0,1,"[0.2855583348587823, 0.7426498013622188]",2,2
66,[0.30832298 0.73494433],0,1,"[0.2855583348587823, 0.7426498013622188]",2,2
67,[0.243544   0.80031367],0,-1,-1,2,2
68,[0.30589908 0.73370333],0,1,"[0.2855583348587823, 0.7426498013622188]",2,2
69,[0.28412508 0.77994667],0,1,"[0.2855583348587823, 0.7426498013622188]",2,2
70,[0.33111846 0.86755402],0,-1,-1,2,2
71,[0.30564635 0.74965758],0,1,"[0.2855583348587823, 0.7426498013622188]",2,2
72,[0.27882603 0.80180239],0,0,"[0.3314688786658622, 0.7923877223412635]",2,2
73,[0.32314793 0.77670057],0,0,"[0.3314688786658622, 0.7923877223412635]",2,2
74,[0.31722571 0.75264604],0,1,"[0.2855583348587823, 0.7426498013622188]",2,2
75,[0.34973366 0.77486225],0,0,"[0.3314688786658622, 0.7923877223412635]",2,2
76,[0.26357941 0.75340587],0,1,"[0.2855583348587823, 0.7426498013622188]",2,2
77,[0.29613356 0.65476146],0,-1,-1,-1,2
78,[0.34686945 0.71419545],0,1,"[0.2855583348587823, 0.7426498013622188]",2,2
79,[0.28536072 0.75192807],0,1,"[0.2855583348587823, 0.7426498013622188]",2,2
80,[0.33058376 0.84800858],0,0,"[0.3314688786658622, 0.7923877223412635]",2,2
81,[0.26214461 0.76532949],0,1,"[0.2855583348587823, 0.7426498013622188]",2,2
82,[0.36419813 0.78625352],0,0,"[0.3314688786658622, 0.7923877223412635]",2,2
83,[0.32348729 0.69767458],0,1,"[0.2855583348587823, 0.7426498013622188]",2,2
84,[0.36694693 0.73930337],0,0,"[0.3314688786658622, 0.7923877223412635]",2,2
85,[0.29360592 0.81655527],0,0,"[0.3314688786658622, 0.7923877223412635]",2,2
86,[0.29479793 0.78990103],0,0,"[0.3314688786658622, 0.7923877223412635]",2,2
87,[0.32819596 0.7925771 ],0,0,"[0.3314688786658622, 0.7923877223412635]",2,2
88,[0.2754199  0.78966958],0,1,"[0.2855583348587823, 0.7426498013622188]",2,2
89,[0.31005215 0.74063065],0,1,"[0.2855583348587823, 0.7426498013622188]",2,2
90,[0.33571068 0.78283092],0,0,"[0.3314688786658622, 0.7923877223412635]",2,2
91,[0.30166473 0.80134316],0,0,"[0.3314688786658622, 0.7923877223412635]",2,2
92,[0.31581878 0.78447331],0,0,"[0.3314688786658622, 0.7923877223412635]",2,2
93,[0.26624312 0.77164178],0,1,"[0.2855583348587823, 0.7426498013622188]",2,2
94,[0.34664207 0.77792196],0,0,"[0.3314688786658622, 0.7923877223412635]",2,2
95,[0.38967085 0.80481865],0,0,"[0.3314688786658622, 0.7923877223412635]",2,2
96,[0.29629586 0.77332477],0,1,"[0.2855583348587823, 0.7426498013622188]",2,2
97,[0.31672784 0.77860177],0,0,"[0.3314688786658622, 0.7923877223412635]",2,2
98,[0.28876734 0.76951664],0,1,"[0.2855583348587823, 0.7426498013622188]",2,2
99,[0.34768654 0.74581139],0,0,"[0.3314688786658622, 0.7923877223412635]",2,2
100,[0.28619117 0.74227756],0,1,"[0.2855583348587823, 0.7426498013622188]",2,2
101,[0.26741719 0.78693191],0,1,"[0.2855583348587823, 0.7426498013622188]",2,2
102,[0.28985847 0.77449378],0,1,"[0.2855583348587823, 0.7426498013622188]",2,2
103,[0.35307376 0.77758345],0,0,"[0.3314688786658622, 0.7923877223412635]",2,2
104,[0.24963687 0.77930761],0,1,"[0.2855583348587823, 0.7426498013622188]",2,2
105,[0.24121951 0.73504789],0,1,"[0.2855583348587823, 0.7426498013622188]",2,2
106,[0.23705946 0.80176667],0,-1,-1,2,2
107,[0.36193586 0.79704789],0,0,"[0.3314688786658622, 0.7923877223412635]",2,2
108,[0.32651002 0.7195855 ],0,1,"[0.2855583348587823, 0.7426498013622188]",2,2
109,[0.35369416 0.67310675],0,-1,-1,2,2
110,[0.22542235 0.76519593],0,1,"[0.2855583348587823, 0.7426498013622188]",2,2
111,[0.32401427 0.8026542 ],0,0,"[0.3314688786658622, 0.7923877223412635]",2,2
112,[0.29967364 0.73243679],0,1,"[0.2855583348587823, 0.7426498013622188]",2,2
113,[0.38756613 0.7050654 ],0,-1,-1,-1,2
114,[0.40039516 0.70194286],0,-1,-1,-1,2
115,[0.29196956 0.76790458],0,1,"[0.2855583348587823, 0.7426498013622188]",2,2
116,[0.41717082 0.80425833],0,-1,-1,-1,2
117,[0.33843572 0.78498287],0,0,"[0.3314688786658622, 0.7923877223412635]",2,2
118,[0.23671697 0.85207421],0,-1,-1,-1,2
119,[0.29607855 0.69500727],0,1,"[0.2855583348587823, 0.7426498013622188]",2,2
120,[0.30551042 0.71533527],0,1,"[0.2855583348587823, 0.7426498013622188]",2,2
121,[0.34975387 0.78319001],0,0,"[0.3314688786658622, 0.7923877223412635]",2,2
122,[0.34261242 0.58729186],0,-1,-1,-1,-1
123,[0.34652024 0.82916178],0,0,"[0.3314688786658622, 0.7923877223412635]",2,2
124,[0.27893343 0.78550456],0,1,"[0.2855583348587823, 0.7426498013622188]",2,2
125,[0.3313242  0.76954013],0,0,"[0.3314688786658622, 0.7923877223412635]",2,2
126,[0.26578183 0.78476991],0,1,"[0.2855583348587823, 0.7426498013622188]",2,2
127,[0.36030193 0.76069742],0,0,"[0.3314688786658622, 0.7923877223412635]",2,2
128,[0.34203756 0.71121367],0,1,"[0.2855583348587823, 0.7426498013622188]",2,2
129,[0.35162764 0.8327116 ],0,0,"[0.3314688786658622, 0.7923877223412635]",2,2
130,[0.2153245 0.7571879],0,-1,-1,2,2
131,[0.31849643 0.76108109],0,0,"[0.3314688786658622, 0.7923877223412635]",2,2
132,[0.26480857 0.75655844],0,1,"[0.2855583348587823, 0.7426498013622188]",2,2
133,[0.33424823 0.75691489],0,0,"[0.3314688786658622, 0.7923877223412635]",2,2
134,[0.24206009 0.84596894],0,-1,-1,-1,2
135,[0.35791496 0.81082449],0,0,"[0.3314688786658622, 0.7923877223412635]",2,2
136,[0.24913201 0.74852465],0,1,"[0.2855583348587823, 0.7426498013622188]",2,2
137,[0.34914624 0.76184409],0,0,"[0.3314688786658622, 0.7923877223412635]",2,2
138,[0.27985517 0.69855037],0,1,"[0.2855583348587823, 0.7426498013622188]",2,2
139,[0.30622051 0.73765611],0,1,"[0.2855583348587823, 0.7426498013622188]",2,2
140,[0.30167254 0.73728659],0,1,"[0.2855583348587823, 0.7426498013622188]",2,2
141,[0.30654574 0.75384849],0,1,"[0.2855583348587823, 0.7426498013622188]",2,2
142,[0.3085667  0.80964372],0,0,"[0.3314688786658622, 0.7923877223412635]",2,2
143,[0.31897033 0.81793336],0,0,"[0.3314688786658622, 0.7923877223412635]",2,2
144,[0.27207692 0.69517539],0,1,"[0.2855583348587823, 0.7426498013622188]",2,2
145,[0.2716453  0.81277299],0,0,"[0.3314688786658622, 0.7923877223412635]",2,2
146,[0.33895106 0.75088778],0,0,"[0.3314688786658622, 0.7923877223412635]",2,2
147,[0.27471748 0.74445339],0,1,"[0.2855583348587823, 0.7426498013622188]",2,2
148,[0.256156   0.71059193],0,1,"[0.2855583348587823, 0.7426498013622188]",2,2
149,[0.24411788 0.79826964],0,1,"[0.2855583348587823, 0.7426498013622188]",2,2
150,[0.23992339 0.81431109],0,-1,-1,2,2
151,[0.33763799 0.67588251],0,-1,-1,2,2
152,[0.31095507 0.73155973],0,1,"[0.2855583348587823, 0.7426498013622188]",2,2
153,[0.29715912 0.80598006],0,0,"[0.3314688786658622, 0.7923877223412635]",2,2
154,[0.29387324 0.68447085],0,1,"[0.2855583348587823, 0.7426498013622188]",2,2
155,[0.3776011  0.81080955],0,0,"[0.3314688786658622, 0.7923877223412635]",2,2
156,[0.26555342 0.73547588],0,1,"[0.2855583348587823, 0.7426498013622188]",2,2
157,[0.33779712 0.71735009],0,1,"[0.2855583348587823, 0.7426498013622188]",2,2
158,[0.32724115 0.69426519],0,1,"[0.2855583348587823, 0.7426498013622188]",2,2
159,[0.34747597 0.83686793],0,0,"[0.3314688786658622, 0.7923877223412635]",2,2
160,[0.28759166 0.7732648 ],0,1,"[0.2855583348587823, 0.7426498013622188]",2,2
161,[0.28437884 0.73108299],0,1,"[0.2855583348587823, 0.7426498013622188]",2,2
162,[0.2949537  0.71315696],0,1,"[0.2855583348587823, 0.7426498013622188]",2,2
163,[0.34340144 0.742553  ],0,0,"[0.3314688786658622, 0.7923877223412635]",2,2
164,[0.29018524 0.67904672],0,1,"[0.2855583348587823, 0.7426498013622188]",2,2
165,[0.30423483 0.80343952],0,0,"[0.3314688786658622, 0.7923877223412635]",2,2
166,[0.31158133 0.71946147],0,1,"[0.2855583348587823, 0.7426498013622188]",2,2
167,[0.28761094 0.76391327],0,1,"[0.2855583348587823, 0.7426498013622188]",2,2
168,[0.31467923 0.81887987],0,0,"[0.3314688786658622, 0.7923877223412635]",2,2
169,[0.3549367 0.6745576],0,-1,-1,2,2
170,[0.31000641 0.77931078],0,0,"[0.3314688786658622, 0.7923877223412635]",2,2
171,[0.23512985 0.70486557],0,1,"[0.2855583348587823, 0.7426498013622188]",2,2
172,[0.31118735 0.76541484],0,0,"[0.3314688786658622, 0.7923877223412635]",2,2
173,[0.33165311 0.70513647],0,1,"[0.2855583348587823, 0.7426498013622188]",2,2
174,[0.30586477 0.72399078],0,1,"[0.2855583348587823, 0.7426498013622188]",2,2
175,[0.34909046 0.71185852],0,-1,-1,2,2
176,[0.25896639 0.78096385],0,1,"[0.2855583348587823, 0.7426498013622188]",2,2
177,[0.26305269 0.80087409],0,1,"[0.2855583348587823, 0.7426498013622188]",2,2
178,[0.27040743 0.71398865],0,1,"[0.2855583348587823, 0.7426498013622188]",2,2
179,[0.2347127  0.84121212],0,-1,-1,2,2
180,[0.20314343 0.76977383],0,-1,-1,2,2
181,[0.31864673 0.75330575],0,1,"[0.2855583348587823, 0.7426498013622188]",2,2
182,[0.22294947 0.80530043],0,-1,-1,2,2
183,[0.33255812 0.69365132],0,1,"[0.2855583348587823, 0.7426498013622188]",2,2
184,[0.32205344 0.75999096],0,0,"[0.3314688786658622, 0.7923877223412635]",2,2
185,[0.23776178 0.76390806],0,1,"[0.2855583348587823, 0.7426498013622188]",2,2
186,[0.29642138 0.78236376],0,0,"[0.3314688786658622, 0.7923877223412635]",2,2
187,[0.2685545  0.73253506],0,1,"[0.2855583348587823, 0.7426498013622188]",2,2
188,[0.30895319 0.73443813],0,1,"[0.2855583348587823, 0.7426498013622188]",2,2
189,[0.24107064 0.80497021],0,-1,-1,2,2
190,[0.29964427 0.77077944],0,1,"[0.2855583348587823, 0.7426498013622188]",2,2
191,[0.30091833 0.81344437],0,0,"[0.3314688786658622, 0.7923877223412635]",2,2
192,[0.40621005 0.75545244],0,-1,-1,-1,2
193,[0.2604679  0.69925638],0,1,"[0.2855583348587823, 0.7426498013622188]",2,2
194,[0.26628422 0.82867137],0,-1,-1,2,2
195,[0.28058982 0.73395346],0,1,"[0.2855583348587823, 0.7426498013622188]",2,2
196,[0.31730819 0.7759179 ],0,0,"[0.3314688786658622, 0.7923877223412635]",2,2
197,[0.3382436 0.7317465],0,1,"[0.2855583348587823, 0.7426498013622188]",2,2
198,[0.26984661 0.74904647],0,1,"[0.2855583348587823, 0.7426498013622188]",2,2
199,[0.38281564 0.8003978 ],0,0,"[0.3314688786658622, 0.7923877223412635]",2,2
200,[0.30897163 0.73978778],0,1,"[0.2855583348587823, 0.7426498013622188]",2,2
201,[0.25858244 0.71207997],0,1,"[0.2855583348587823, 0.7426498013622188]",2,2
202,[0.33040954 0.67415537],0,-1,-1,2,2
203,[0.35577221 0.76924218],0,0,"[0.3314688786658622, 0.7923877223412635]",2,2
204,[0.26962129 0.77193003],0,1,"[0.2855583348587823, 0.7426498013622188]",2,2
205,[0.3099488  0.70719054],0,1,"[0.2855583348587823, 0.7426498013622188]",2,2
206,[0.2913187  0.79040241],0,0,"[0.3314688786658622, 0.7923877223412635]",2,2
207,[0.28392509 0.78054832],0,1,"[0.2855583348587823, 0.7426498013622188]",2,2
208,[0.37668254 0.68047477],0,-1,-1,-1,2
209,[0.30088858 0.72636205],0,1,"[0.2855583348587823, 0.7426498013622188]",2,2
210,[0.29136412 0.73069965],0,1,"[0.2855583348587823, 0.7426498013622188]",2,2
211,[0.31831313 0.77794472],0,0,"[0.3314688786658622, 0.7923877223412635]",2,2
212,[0.38926313 0.85189516],0,-1,-1,-1,2
213,[0.32257624 0.84411655],0,0,"[0.3314688786658622, 0.7923877223412635]",2,2
214,[0.36046603 0.76003768],0,0,"[0.3314688786658622, 0.7923877223412635]",2,2
215,[0.33894787 0.75992568],0,0,"[0.3314688786658622, 0.7923877223412635]",2,2
216,[0.33536451 0.80063423],0,0,"[0.3314688786658622, 0.7923877223412635]",2,2
217,[0.2796985  0.76080915],0,1,"[0.2855583348587823, 0.7426498013622188]",2,2
218,[0.26972748 0.74410166],0,1,"[0.2855583348587823, 0.7426498013622188]",2,2
219,[0.31971648 0.74582279],0,1,"[0.2855583348587823, 0.7426498013622188]",2,2
220,[0.19034698 0.70161657],0,-1,-1,-1,2
221,[0.33931412 0.76947505],0,0,"[0.3314688786658622, 0.7923877223412635]",2,2
222,[0.22827269 0.6958818 ],0,-1,-1,-1,2
223,[0.26499442 0.80646664],0,1,"[0.2855583348587823, 0.7426498013622188]",2,2
224,[0.30545409 0.71722647],0,1,"[0.2855583348587823, 0.7426498013622188]",2,2
225,[0.29589708 0.80045785],0,0,"[0.3314688786658622, 0.7923877223412635]",2,2
226,[0.28315786 0.77574119],0,1,"[0.2855583348587823, 0.7426498013622188]",2,2
227,[0.26563311 0.78164607],0,1,"[0.2855583348587823, 0.7426498013622188]",2,2
228,[0.3927563  0.80232406],0,0,"[0.3314688786658622, 0.7923877223412635]",2,2
229,[0.31462714 0.83516397],0,0,"[0.3314688786658622, 0.7923877223412635]",2,2
230,[0.22381453 0.76220517],0,1,"[0.2855583348587823, 0.7426498013622188]",2,2
231,[0.25714016 0.71964448],0,1,"[0.2855583348587823, 0.7426498013622188]",2,2
232,[0.39921481 0.78388559],0,0,"[0.3314688786658622, 0.7923877223412635]",2,2
233,[0.2595797 0.8119169],0,-1,-1,2,2
234,[0.30894033 0.73169826],0,1,"[0.2855583348587823, 0.7426498013622188]",2,2
235,[0.32866236 0.72012616],0,1,"[0.2855583348587823, 0.7426498013622188]",2,2
236,[0.28151323 0.79673699],0,0,"[0.3314688786658622, 0.7923877223412635]",2,2
237,[0.31269791 0.75547203],0,1,"[0.2855583348587823, 0.7426498013622188]",2,2
238,[0.33453512 0.73957187],0,1,"[0.2855583348587823, 0.7426498013622188]",2,2
239,[0.29908538 0.76643451],0,1,"[0.2855583348587823, 0.7426498013622188]",2,2
240,[0.31599673 0.81318379],0,0,"[0.3314688786658622, 0.7923877223412635]",2,2
241,[0.2513604  0.69511284],0,1,"[0.2855583348587823, 0.7426498013622188]",2,2
242,[0.28112159 0.78840057],0,1,"[0.2855583348587823, 0.7426498013622188]",2,2
243,[0.24232134 0.8083194 ],0,-1,-1,2,2
244,[0.32583115 0.68071058],0,-1,-1,2,2
245,[0.26090473 0.71952115],0,1,"[0.2855583348587823, 0.7426498013622188]",2,2
246,[0.46400189 0.79180742],0,-1,-1,-1,-1
247,[0.2204926  0.72539259],0,1,"[0.2855583348587823, 0.7426498013622188]",-1,2
248,[0.25074982 0.76975878],0,1,"[0.2855583348587823, 0.7426498013622188]",2,2
249,[0.25886863 0.80044233],0,1,"[0.2855583348587823, 0.7426498013622188]",2,2
250,[0.22362397 0.19286065],1,-1,-1,0,0
251,[0.35346914 0.17879791],1,-1,-1,0,0
252,[0.30319676 0.1230988 ],1,-1,-1,0,0
253,[0.31957471 0.17457885],1,-1,-1,0,0
254,[0.27598714 0.18600141],1,-1,-1,0,0
255,[0.28079712 0.19360497],1,-1,-1,0,0
256,[0.33416375 0.20709801],1,-1,-1,0,0
257,[0.329505   0.17571223],1,-1,-1,0,0
258,[0.39677616 0.14792359],1,-1,-1,0,0
259,[0.36944122 0.27837433],1,-1,-1,0,0
260,[0.32643591 0.14738134],1,-1,-1,0,0
261,[0.38206895 0.1785335 ],1,-1,-1,0,0
262,[0.39578902 0.19672721],1,-1,-1,0,0
263,[0.32821083 0.21402823],1,-1,-1,0,0
264,[0.29645855 0.14188384],1,-1,-1,0,0
265,[0.30024741 0.12049516],1,-1,-1,0,0
266,[0.3997351  0.27157566],1,-1,-1,0,0
267,[0.32239303 0.21423027],1,-1,-1,0,0
268,[0.28853008 0.21153336],1,-1,-1,0,0
269,[0.30468971 0.15799208],1,-1,-1,0,0
270,[0.30673285 0.2118764 ],1,-1,-1,0,0
271,[0.28416452 0.23014439],1,-1,-1,0,0
272,[0.32092174 0.19814959],1,-1,-1,0,0
273,[0.29452564 0.18086696],1,-1,-1,0,0
274,[0.35576545 0.16051342],1,-1,-1,0,0
275,[0.32293832 0.21104826],1,-1,-1,0,0
276,[0.26134521 0.2237073 ],1,-1,-1,0,0
277,[0.37007328 0.21229767],1,-1,-1,0,0
278,[0.31980562 0.20871631],1,-1,-1,0,0
279,[0.32838161 0.15845513],1,-1,-1,0,0
280,[0.37538555 0.22678267],1,-1,-1,0,0
281,[0.46297448 0.28522165],1,-1,-1,0,0
282,[0.34401363 0.24738518],1,-1,-1,0,0
283,[0.35300859 0.17213765],1,-1,-1,0,0
284,[0.34488732 0.09399313],1,-1,-1,0,0
285,[0.29970776 0.18278997],1,-1,-1,0,0
286,[0.30864145 0.1664219 ],1,-1,-1,0,0
287,[0.32569969 0.13672893],1,-1,-1,0,0
288,[0.3470917 0.334239 ],1,-1,-1,0,0
289,[0.26814121 0.14655952],1,-1,-1,0,0
290,[0.24520103 0.17137779],1,-1,-1,0,0
291,[0.26032699 0.15072581],1,-1,-1,0,0
292,[0.36399987 0.15366161],1,-1,-1,0,0
293,[0.36783082 0.18112882],1,-1,-1,0,0
294,[0.31231687 0.13200939],1,-1,-1,0,0
295,[0.35581524 0.22861633],1,-1,-1,0,0
296,[0.28718123 0.22301348],1,-1,-1,0,0
297,[0.31888562 0.23643281],1,-1,-1,0,0
298,[0.33921149 0.20120775],1,-1,-1,0,0
299,[0.29148625 0.13067961],1,-1,-1,0,0
300,[0.39790901 0.08111878],1,-1,-1,0,0
301,[0.34021794 0.19678298],1,-1,-1,0,0
302,[0.28132463 0.21590818],1,-1,-1,0,0
303,[0.38667292 0.24295017],1,-1,-1,0,0
304,[0.30052306 0.19740584],1,-1,-1,0,0
305,[0.25868292 0.25828023],1,-1,-1,0,0
306,[0.4207232  0.16749224],1,-1,-1,0,0
307,[0.33860589 0.25027959],1,-1,-1,0,0
308,[0.30237634 0.16679468],1,-1,-1,0,0
309,[0.28180211 0.1481524 ],1,-1,-1,0,0
310,[0.32131949 0.20985375],1,-1,-1,0,0
311,[0.40143747 0.13212752],1,-1,-1,0,0
312,[0.31238034 0.27824568],1,-1,-1,0,0
313,[0.28468338 0.11229233],1,-1,-1,0,0
314,[0.35539799 0.16588822],1,-1,-1,0,0
315,[0.36363328 0.20013037],1,-1,-1,0,0
316,[0.28280835 0.21973447],1,-1,-1,0,0
317,[0.3163871  0.16742402],1,-1,-1,0,0
318,[0.28725306 0.16705309],1,-1,-1,0,0
319,[0.35614277 0.224092  ],1,-1,-1,0,0
320,[0.32896166 0.19826659],1,-1,-1,0,0
321,[0.35625722 0.20843993],1,-1,-1,0,0
322,[0.40927851 0.23215618],1,-1,-1,0,0
323,[0.31992221 0.24864766],1,-1,-1,0,0
324,[0.35190722 0.20903859],1,-1,-1,0,0
325,[0.31253752 0.13757192],1,-1,-1,0,0
326,[0.42633409 0.23175634],1,-1,-1,0,0
327,[0.27968269 0.18852839],1,-1,-1,0,0
328,[0.38733881 0.22195355],1,-1,-1,0,0
329,[0.26331618 0.21041425],1,-1,-1,0,0
330,[0.30596185 0.17269811],1,-1,-1,0,0
331,[0.36709651 0.17962044],1,-1,-1,0,0
332,[0.29044743 0.15086355],1,-1,-1,0,0
333,[0.35575684 0.21106393],1,-1,-1,0,0
334,[0.42122958 0.17842826],1,-1,-1,0,0
335,[0.26959468 0.19658443],1,-1,-1,0,0
336,[0.33816704 0.18065689],1,-1,-1,0,0
337,[0.29393868 0.15691815],1,-1,-1,0,0
338,[0.27852596 0.17477677],1,-1,-1,0,0
339,[0.25003733 0.26227732],1,-1,-1,0,0
340,[0.32818497 0.19167921],1,-1,-1,0,0
341,[0.27218565 0.22074991],1,-1,-1,0,0
342,[0.3309748  0.19504459],1,-1,-1,0,0
343,[0.35871919 0.16035772],1,-1,-1,0,0
344,[0.40748411 0.16381165],1,-1,-1,0,0
345,[0.33955124 0.27255122],1,-1,-1,0,0
346,[0.31869643 0.20165641],1,-1,-1,0,0
347,[0.26997972 0.19945628],1,-1,-1,0,0
348,[0.31130903 0.21524619],1,-1,-1,0,0
349,[0.341692   0.22500058],1,-1,-1,0,0
350,[0.33818715 0.22157642],1,-1,-1,0,0
351,[0.41248462 0.14824208],1,-1,-1,0,0
352,[0.31824853 0.27227681],1,-1,-1,0,0
353,[0.3882926  0.20039716],1,-1,-1,0,0
354,[0.3645822 0.1288419],1,-1,-1,0,0
355,[0.33946972 0.22516637],1,-1,-1,0,0
356,[0.37509994 0.20282608],1,-1,-1,0,0
357,[0.31514581 0.25854238],1,-1,-1,0,0
358,[0.33553853 0.18420585],1,-1,-1,0,0
359,[0.34024958 0.22531384],1,-1,-1,0,0
360,[0.30946799 0.26243746],1,-1,-1,0,0
361,[0.3101544  0.25364241],1,-1,-1,0,0
362,[0.32414669 0.23359855],1,-1,-1,0,0
363,[0.34555876 0.23705908],1,-1,-1,0,0
364,[0.34806842 0.23996401],1,-1,-1,0,0
365,[0.3103327  0.20734907],1,-1,-1,0,0
366,[0.36672152 0.14653348],1,-1,-1,0,0
367,[0.22832833 0.15459824],1,-1,-1,0,0
368,[0.34469844 0.24859172],1,-1,-1,0,0
369,[0.3104119  0.12515198],1,-1,-1,0,0
370,[0.36683249 0.25317101],1,-1,-1,0,0
371,[0.3591168 0.0776812],1,-1,-1,0,0
372,[0.35026071 0.17800927],1,-1,-1,0,0
373,[0.35457099 0.28399255],1,-1,-1,0,0
374,[0.31787898 0.29479992],1,-1,-1,0,0
375,[0.35163013 0.17019063],1,-1,-1,0,0
376,[0.35414518 0.2391143 ],1,-1,-1,0,0
377,[0.292954   0.19515346],1,-1,-1,0,0
378,[0.37050118 0.19926198],1,-1,-1,0,0
379,[0.3913706  0.12623297],1,-1,-1,0,0
380,[0.28818129 0.16776317],1,-1,-1,0,0
381,[0.35240668 0.16249611],1,-1,-1,0,0
382,[0.34455465 0.23751511],1,-1,-1,0,0
383,[0.29831656 0.19179809],1,-1,-1,0,0
384,[0.44019941 0.34028783],1,-1,-1,0,0
385,[0.31964791 0.19077582],1,-1,-1,0,0
386,[0.38042451 0.14710192],1,-1,-1,0,0
387,[0.32368851 0.17387446],1,-1,-1,0,0
388,[0.36673036 0.20818244],1,-1,-1,0,0
389,[0.35511108 0.22160807],1,-1,-1,0,0
390,[0.30509939 0.23163093],1,-1,-1,0,0
391,[0.33601606 0.23149138],1,-1,-1,0,0
392,[0.37242783 0.13126339],1,-1,-1,0,0
393,[0.35457934 0.08699916],1,-1,-1,0,0
394,[0.32057891 0.21776197],1,-1,-1,0,0
395,[0.30460435 0.34180949],1,-1,-1,0,0
396,[0.37164711 0.18254649],1,-1,-1,0,0
397,[0.34338577 0.1314869 ],1,-1,-1,0,0
398,[0.34138672 0.16673729],1,-1,-1,0,0
399,[0.31474368 0.21543993],1,-1,-1,0,0
400,[0.29498693 0.13252833],1,-1,-1,0,0
401,[0.26859589 0.1970645 ],1,-1,-1,0,0
402,[0.27971598 0.18163832],1,-1,-1,0,0
403,[0.40446785 0.21104959],1,-1,-1,0,0
404,[0.3031118  0.26316206],1,-1,-1,0,0
405,[0.33483712 0.20791914],1,-1,-1,0,0
406,[0.31731102 0.25216102],1,-1,-1,0,0
407,[0.41918122 0.25642573],1,-1,-1,0,0
408,[0.3580237  0.19701097],1,-1,-1,0,0
409,[0.25918544 0.22683971],1,-1,-1,0,0
410,[0.32924432 0.2417547 ],1,-1,-1,0,0
411,[0.37614075 0.21291857],1,-1,-1,0,0
412,[0.36477533 0.20506373],1,-1,-1,0,0
413,[0.32231294 0.09601128],1,-1,-1,0,0
414,[0.25982465 0.12954169],1,-1,-1,0,0
415,[0.35270528 0.23924839],1,-1,-1,0,0
416,[0.26541509 0.24538518],1,-1,-1,0,0
417,[0.34466565 0.17363062],1,-1,-1,0,0
418,[0.39281654 0.20229161],1,-1,-1,0,0
419,[0.31419847 0.19424145],1,-1,-1,0,0
420,[0.37159889 0.18876197],1,-1,-1,0,0
421,[0.35811818 0.16215755],1,-1,-1,0,0
422,[0.3519146  0.19649657],1,-1,-1,0,0
423,[0.39013296 0.23038539],1,-1,-1,0,0
424,[0.3735243  0.22580147],1,-1,-1,0,0
425,[0.30497711 0.23035656],1,-1,-1,0,0
426,[0.31810818 0.26086722],1,-1,-1,0,0
427,[0.21285804 0.22399154],1,-1,-1,0,0
428,[0.33052578 0.20415162],1,-1,-1,0,0
429,[0.25660266 0.24663478],1,-1,-1,0,0
430,[0.30921686 0.19243994],1,-1,-1,0,0
431,[0.29233886 0.16817411],1,-1,-1,0,0
432,[0.34490429 0.26070746],1,-1,-1,0,0
433,[0.3161577  0.18236147],1,-1,-1,0,0
434,[0.43607931 0.16900117],1,-1,-1,0,0
435,[0.31967416 0.14102132],1,-1,-1,0,0
436,[0.28530791 0.17739188],1,-1,-1,0,0
437,[0.30199236 0.1952223 ],1,-1,-1,0,0
438,[0.32250104 0.16718206],1,-1,-1,0,0
439,[0.29607484 0.23859999],1,-1,-1,0,0
440,[0.29084766 0.28335557],1,-1,-1,0,0
441,[0.41906815 0.20543273],1,-1,-1,0,0
442,[0.34480391 0.15290569],1,-1,-1,0,0
443,[0.2924801  0.19131782],1,-1,-1,0,0
444,[0.36481382 0.10285119],1,-1,-1,0,0
445,[0.32116393 0.17813877],1,-1,-1,0,0
446,[0.3134614  0.18724398],1,-1,-1,0,0
447,[0.3332717  0.17253194],1,-1,-1,0,0
448,[0.35313454 0.19056293],1,-1,-1,0,0
449,[0.34002154 0.15634813],1,-1,-1,0,0
450,[0.257645   0.19404776],1,-1,-1,0,0
451,[0.36202005 0.23566907],1,-1,-1,0,0
452,[0.4060322  0.24694817],1,-1,-1,0,0
453,[0.31463078 0.28873753],1,-1,-1,0,0
454,[0.38271649 0.17596364],1,-1,-1,0,0
455,[0.29698311 0.22871585],1,-1,-1,0,0
456,[0.28582682 0.16279529],1,-1,-1,0,0
457,[0.30692188 0.10484667],1,-1,-1,0,0
458,[0.40260702 0.18903985],1,-1,-1,0,0
459,[0.37986347 0.24566787],1,-1,-1,0,0
460,[0.31946874 0.11132837],1,-1,-1,0,0
461,[0.30936275 0.21449028],1,-1,-1,0,0
462,[0.34575439 0.11842622],1,-1,-1,0,0
463,[0.32124623 0.27465201],1,-1,-1,0,0
464,[0.28047035 0.28382448],1,-1,-1,0,0
465,[0.38618103 0.17397418],1,-1,-1,0,0
466,[0.28255784 0.17945055],1,-1,-1,0,0
467,[0.42774468 0.23895826],1,-1,-1,0,0
468,[0.37497195 0.18152398],1,-1,-1,0,0
469,[0.24066364 0.15640744],1,-1,-1,0,0
470,[0.30323928 0.25093749],1,-1,-1,0,0
471,[0.32750841 0.2121544 ],1,-1,-1,0,0
472,[0.29061434 0.14099924],1,-1,-1,0,0
473,[0.2778384  0.18991221],1,-1,-1,0,0
474,[0.35440557 0.24678352],1,-1,-1,0,0
475,[0.31246641 0.16204354],1,-1,-1,0,0
476,[0.3337387  0.13718011],1,-1,-1,0,0
477,[0.31717343 0.19010925],1,-1,-1,0,0
478,[0.34071475 0.13657143],1,-1,-1,0,0
479,[0.35063901 0.13933985],1,-1,-1,0,0
480,[0.3857173  0.18090503],1,-1,-1,0,0
481,[0.31878935 0.21857866],1,-1,-1,0,0
482,[0.36338851 0.2015497 ],1,-1,-1,0,0
483,[0.3464032  0.16035469],1,-1,-1,0,0
484,[0.35131901 0.2274134 ],1,-1,-1,0,0
485,[0.31884721 0.15454647],1,-1,-1,0,0
486,[0.34177613 0.16119659],1,-1,-1,0,0
487,[0.42873102 0.17757366],1,-1,-1,0,0
488,[0.41414849 0.18620751],1,-1,-1,0,0
489,[0.3061676  0.17667093],1,-1,-1,0,0
490,[0.35724673 0.13846123],1,-1,-1,0,0
491,[0.37915218 0.25031861],1,-1,-1,0,0
492,[0.24580706 0.20695088],1,-1,-1,0,0
493,[0.37813488 0.27953389],1,-1,-1,0,0
494,[0.27552047 0.12892537],1,-1,-1,0,0
495,[0.36247641 0.23179246],1,-1,-1,0,0
496,[0.29363852 0.2849057 ],1,-1,-1,0,0
497,[0.2622778  0.08900272],1,-1,-1,0,0
498,[0.256951   0.21184109],1,-1,-1,0,0
499,[0.37797045 0.21674652],1,-1,-1,0,0
500,[0.06607676 0.85812194],2,-1,-1,3,-1
501,[0.12407411 0.88810439],2,2,"[0.12510589654033621, 0.8965698096876326]",3,4
502,[0.08185932 0.87204384],2,2,"[0.12510589654033621, 0.8965698096876326]",3,-1
503,[0.16445461 0.86533826],2,2,"[0.12510589654033621, 0.8965698096876326]",3,-1
504,[0.14753714 0.89496192],2,2,"[0.12510589654033621, 0.8965698096876326]",3,-1
505,[0.10726114 0.88833526],2,2,"[0.12510589654033621, 0.8965698096876326]",3,4
506,[0.08533076 0.89828242],2,2,"[0.12510589654033621, 0.8965698096876326]",3,-1
507,[0.1919348  0.92635301],2,-1,-1,3,-1
508,[0.0855779  0.90036188],2,2,"[0.12510589654033621, 0.8965698096876326]",3,-1
509,[0.06610975 0.87360511],2,2,"[0.12510589654033621, 0.8965698096876326]",3,-1
510,[0.0783155  0.97012568],2,-1,-1,3,-1
511,[0.17805946 0.88686505],2,2,"[0.12510589654033621, 0.8965698096876326]",3,-1
512,[0.13522926 0.81313121],2,-1,-1,3,-1
513,[0.09603165 0.89406555],2,2,"[0.12510589654033621, 0.8965698096876326]",3,-1
514,[0.07972265 0.85158822],2,2,"[0.12510589654033621, 0.8965698096876326]",3,-1
515,[0.08209985 0.87879157],2,2,"[0.12510589654033621, 0.8965698096876326]",3,-1
516,[0.11049055 0.91982118],2,2,"[0.12510589654033621, 0.8965698096876326]",3,-1
517,[0.1304971  0.93784487],2,2,"[0.12510589654033621, 0.8965698096876326]",3,-1
518,[0.11594949 0.8905945 ],2,2,"[0.12510589654033621, 0.8965698096876326]",3,4
519,[0.1373308  0.87196023],2,2,"[0.12510589654033621, 0.8965698096876326]",3,3
520,[0.06207229 0.82836762],2,-1,-1,3,-1
521,[0.14671337 0.93668905],2,2,"[0.12510589654033621, 0.8965698096876326]",3,-1
522,[0.16397371 0.87233169],2,2,"[0.12510589654033621, 0.8965698096876326]",3,-1
523,[0.15394214 0.83676234],2,2,"[0.12510589654033621, 0.8965698096876326]",3,-1
524,[0.17059621 0.95761696],2,-1,-1,3,-1
525,[0.1583981  0.99296139],2,-1,-1,3,-1
526,[0.18809304 0.88620172],2,2,"[0.12510589654033621, 0.8965698096876326]",3,-1
527,[0.08820989 0.85524705],2,2,"[0.12510589654033621, 0.8965698096876326]",3,-1
528,[0.02652792 0.92780691],2,-1,-1,3,-1
529,[0.21057182 0.80751201],2,-1,-1,2,2
530,[0.04813365 0.92403988],2,-1,-1,3,-1
531,[0.10085298 0.88776873],2,2,"[0.12510589654033621, 0.8965698096876326]",3,4
532,[0.14791477 0.86795137],2,2,"[0.12510589654033621, 0.8965698096876326]",3,3
533,[0.0652855  0.89579151],2,2,"[0.12510589654033621, 0.8965698096876326]",3,-1
534,[0.08723182 0.84693905],2,2,"[0.12510589654033621, 0.8965698096876326]",3,-1
535,[0.12204736 0.99838084],2,-1,-1,3,-1
536,[0.1384023  0.78723262],2,-1,-1,-1,-1
537,[0.03715117 0.86953471],2,-1,-1,3,-1
538,[0.18005177 0.95352338],2,-1,-1,3,-1
539,[0.06830764 0.91019455],2,2,"[0.12510589654033621, 0.8965698096876326]",3,-1
540,[0.0283912  0.96914216],2,-1,-1,-1,-1
541,[0.1049217  0.94541537],2,2,"[0.12510589654033621, 0.8965698096876326]",3,-1
542,[0.14593842 0.88020228],2,2,"[0.12510589654033621, 0.8965698096876326]",3,3
543,[0.09274618 0.88388701],2,2,"[0.12510589654033621, 0.8965698096876326]",3,4
544,[0.15876403 0.84341101],2,2,"[0.12510589654033621, 0.8965698096876326]",3,-1
545,[0.10131334 0.82189462],2,-1,-1,3,-1
546,[0.15486483 0.87193115],2,2,"[0.12510589654033621, 0.8965698096876326]",3,3
547,[0.12111482 0.88732723],2,2,"[0.12510589654033621, 0.8965698096876326]",3,4
548,[0.16644604 0.87637213],2,2,"[0.12510589654033621, 0.8965698096876326]",3,-1
549,[0.11805204 0.85504969],2,2,"[0.12510589654033621, 0.8965698096876326]",3,-1
550,[0.1770856  0.91318894],2,2,"[0.12510589654033621, 0.8965698096876326]",3,-1
551,[0.14509202 0.92374029],2,2,"[0.12510589654033621, 0.8965698096876326]",3,-1
552,[0.20028597 0.85479034],2,-1,-1,-1,-1
553,[0.09911723 0.917241  ],2,2,"[0.12510589654033621, 0.8965698096876326]",3,-1
554,[0.14277941 0.89911523],2,2,"[0.12510589654033621, 0.8965698096876326]",3,-1
555,[0.08109586 0.90118638],2,2,"[0.12510589654033621, 0.8965698096876326]",3,-1
556,[0.14086721 0.98109538],2,-1,-1,3,-1
557,[0.10649914 0.99585928],2,-1,-1,3,-1
558,[0.0629487  0.96222291],2,-1,-1,-1,-1
559,[0.1666797  0.85526664],2,2,"[0.12510589654033621, 0.8965698096876326]",3,-1
560,[0.03636309 0.91578279],2,-1,-1,3,-1
561,[0.15377062 0.87009163],2,2,"[0.12510589654033621, 0.8965698096876326]",3,3
562,[0.13832502 0.93397032],2,2,"[0.12510589654033621, 0.8965698096876326]",3,-1
563,[0.0807825  0.92517178],2,2,"[0.12510589654033621, 0.8965698096876326]",3,-1
564,[0.12135492 0.90033709],2,2,"[0.12510589654033621, 0.8965698096876326]",3,4
565,[0.16287872 0.9484336 ],2,2,"[0.12510589654033621, 0.8965698096876326]",3,-1
566,[0.12620016 0.89083618],2,2,"[0.12510589654033621, 0.8965698096876326]",3,4
567,[0.13707194 0.84920695],2,2,"[0.12510589654033621, 0.8965698096876326]",3,-1
568,[0.21102595 0.90726716],2,-1,-1,3,-1
569,[0.13417394 0.87919491],2,2,"[0.12510589654033621, 0.8965698096876326]",3,-1
570,[0.21020929 0.88460676],2,-1,-1,3,-1
571,[0.10044371 0.88087808],2,2,"[0.12510589654033621, 0.8965698096876326]",3,4
572,[0.13100139 0.88362618],2,2,"[0.12510589654033621, 0.8965698096876326]",3,-1
573,[0.14739103 0.94332655],2,2,"[0.12510589654033621, 0.8965698096876326]",3,-1
574,[0.23705475 0.90128515],2,-1,-1,-1,-1
575,[0.14188516 0.95274228],2,2,"[0.12510589654033621, 0.8965698096876326]",3,-1
576,[0.07559899 0.86975618],2,2,"[0.12510589654033621, 0.8965698096876326]",3,-1
577,[0.08146386 0.89548031],2,2,"[0.12510589654033621, 0.8965698096876326]",3,-1
578,[0.15087661 0.83886284],2,2,"[0.12510589654033621, 0.8965698096876326]",3,-1
579,[0.11466868 0.96728595],2,-1,-1,3,-1
580,[0.10214809 0.98618346],2,-1,-1,3,-1
581,[0.12668093 0.81721826],2,-1,-1,3,-1
582,[0.13857588 0.82937065],2,2,"[0.12510589654033621, 0.8965698096876326]",3,-1
583,[0.1887085  0.96903453],2,-1,-1,3,-1
584,[0.11785822 0.86003432],2,2,"[0.12510589654033621, 0.8965698096876326]",3,-1
585,[0.16308242 0.9957603 ],2,-1,-1,3,-1
586,[0.1321549 0.859209 ],2,2,"[0.12510589654033621, 0.8965698096876326]",3,3
587,[0.03220131 0.90244507],2,-1,-1,3,-1
588,[0.10206718 0.83707464],2,2,"[0.12510589654033621, 0.8965698096876326]",3,-1
589,[0.11347511 0.83694328],2,2,"[0.12510589654033621, 0.8965698096876326]",3,-1
590,[0.18754714 0.94155749],2,-1,-1,3,-1
591,[0.08144616 0.92369879],2,2,"[0.12510589654033621, 0.8965698096876326]",3,-1
592,[0.07598841 0.91091376],2,2,"[0.12510589654033621, 0.8965698096876326]",3,-1
593,[0.18770872 0.91684427],2,2,"[0.12510589654033621, 0.8965698096876326]",3,-1
594,[0.        0.8678033],2,-1,-1,-1,-1
595,[0.15256448 0.87421747],2,2,"[0.12510589654033621, 0.8965698096876326]",3,3
596,[0.07436781 0.88678383],2,2,"[0.12510589654033621, 0.8965698096876326]",3,-1
597,[0.15746735 0.88625956],2,2,"[0.12510589654033621, 0.8965698096876326]",3,3
598,[0.09804701 0.85896353],2,2,"[0.12510589654033621, 0.8965698096876326]",3,-1
599,[0.08146438 0.88340998],2,2,"[0.12510589654033621, 0.8965698096876326]",3,-1
600,[0.12084599 0.90776172],2,2,"[0.12510589654033621, 0.8965698096876326]",3,-1
601,[0.09005497 0.87665531],2,2,"[0.12510589654033621, 0.8965698096876326]",3,-1
602,[0.11394322 0.96531845],2,2,"[0.12510589654033621, 0.8965698096876326]",3,-1
603,[0.1232013  0.93970516],2,2,"[0.12510589654033621, 0.8965698096876326]",3,-1
604,[0.12289841 0.83188358],2,2,"[0.12510589654033621, 0.8965698096876326]",3,-1
605,[0.13886893 0.93261462],2,2,"[0.12510589654033621, 0.8965698096876326]",3,-1
606,[0.14696172 0.89035759],2,2,"[0.12510589654033621, 0.8965698096876326]",3,-1
607,[0.0982013 0.948128 ],2,2,"[0.12510589654033621, 0.8965698096876326]",3,-1
608,[0.1806689  0.94563193],2,-1,-1,3,-1
609,[0.16336175 0.98757566],2,-1,-1,3,-1
610,[0.12946701 0.90193477],2,2,"[0.12510589654033621, 0.8965698096876326]",3,-1
611,[0.12810868 0.91545915],2,2,"[0.12510589654033621, 0.8965698096876326]",3,-1
612,[0.03896354 0.89852445],2,-1,-1,3,-1
613,[0.15090161 0.84605383],2,2,"[0.12510589654033621, 0.8965698096876326]",3,-1
614,[0.18597334 0.94083441],2,-1,-1,3,-1
615,[0.11126029 0.83141335],2,2,"[0.12510589654033621, 0.8965698096876326]",3,-1
616,[0.14878986 0.88434461],2,2,"[0.12510589654033621, 0.8965698096876326]",3,3
617,[0.05599195 0.90582535],2,2,"[0.12510589654033621, 0.8965698096876326]",3,-1
618,[0.15268308 0.84978892],2,2,"[0.12510589654033621, 0.8965698096876326]",3,-1
619,[0.05690613 0.92596437],2,-1,-1,3,-1
620,[0.13482709 0.83199818],2,2,"[0.12510589654033621, 0.8965698096876326]",3,-1
621,[0.14481025 0.86875916],2,2,"[0.12510589654033621, 0.8965698096876326]",3,3
622,[0.21216814 0.92933004],2,-1,-1,3,-1
623,[0.09153688 0.8780183 ],2,2,"[0.12510589654033621, 0.8965698096876326]",3,4
624,[0.12495055 0.9055644 ],2,2,"[0.12510589654033621, 0.8965698096876326]",3,-1
625,[0.0928029  0.84656125],2,2,"[0.12510589654033621, 0.8965698096876326]",3,-1
626,[0.12499049 0.856415  ],2,2,"[0.12510589654033621, 0.8965698096876326]",3,-1
627,[0.18384679 0.93974326],2,-1,-1,3,-1
628,[0.16749439 0.83813932],2,-1,-1,3,-1
629,[0.14451012 0.86435391],2,2,"[0.12510589654033621, 0.8965698096876326]",3,3
630,[0.08798372 0.84328544],2,2,"[0.12510589654033621, 0.8965698096876326]",3,-1
631,[0.13334272 0.83095138],2,2,"[0.12510589654033621, 0.8965698096876326]",3,-1
632,[0.1150553  0.97748878],2,-1,-1,3,-1
633,[0.17447078 0.88807664],2,2,"[0.12510589654033621, 0.8965698096876326]",3,-1
634,[0.11508882 0.88501402],2,2,"[0.12510589654033621, 0.8965698096876326]",3,4
635,[0.17522532 0.90737285],2,2,"[0.12510589654033621, 0.8965698096876326]",3,-1
636,[0.08871639 0.91440966],2,2,"[0.12510589654033621, 0.8965698096876326]",3,-1
637,[0.16730153 0.88562907],2,2,"[0.12510589654033621, 0.8965698096876326]",3,-1
638,[0.07962305 0.91264169],2,2,"[0.12510589654033621, 0.8965698096876326]",3,-1
639,[0.05524378 0.9239938 ],2,-1,-1,3,-1
640,[0.18349045 0.88308819],2,2,"[0.12510589654033621, 0.8965698096876326]",3,-1
641,[0.14839606 0.84943124],2,2,"[0.12510589654033621, 0.8965698096876326]",3,3
642,[0.19099574 0.82290352],2,-1,-1,3,-1
643,[0.11894797 0.8401895 ],2,2,"[0.12510589654033621, 0.8965698096876326]",3,-1
644,[0.0964653  0.89228938],2,2,"[0.12510589654033621, 0.8965698096876326]",3,4
645,[0.08086002 0.8331653 ],2,-1,-1,3,-1
646,[0.15966849 0.88271645],2,2,"[0.12510589654033621, 0.8965698096876326]",3,3
647,[0.17997449 0.92729927],2,2,"[0.12510589654033621, 0.8965698096876326]",3,-1
648,[0.13727472 0.85032117],2,2,"[0.12510589654033621, 0.8965698096876326]",3,-1
649,[0.14557826 0.94435686],2,2,"[0.12510589654033621, 0.8965698096876326]",3,-1
650,[0.12721124 0.88024759],2,2,"[0.12510589654033621, 0.8965698096876326]",3,-1
651,[0.07811188 0.94007855],2,2,"[0.12510589654033621, 0.8965698096876326]",3,-1
652,[0.1198798  0.85219745],2,2,"[0.12510589654033621, 0.8965698096876326]",3,-1
653,[0.1634757  0.87965455],2,2,"[0.12510589654033621, 0.8965698096876326]",3,3
654,[0.09946071 0.87568074],2,2,"[0.12510589654033621, 0.8965698096876326]",3,-1
655,[0.11682891 0.87337217],2,2,"[0.12510589654033621, 0.8965698096876326]",3,-1
656,[0.17145841 0.91068323],2,2,"[0.12510589654033621, 0.8965698096876326]",3,-1
657,[0.17608947 0.83905464],2,-1,-1,3,-1
658,[0.22862933 0.92374075],2,-1,-1,-1,-1
659,[0.12053745 0.89328453],2,2,"[0.12510589654033621, 0.8965698096876326]",3,4
660,[0.14080847 0.99287742],2,-1,-1,3,-1
661,[0.10982959 0.84380066],2,2,"[0.12510589654033621, 0.8965698096876326]",3,-1
662,[0.13492863 0.92515845],2,2,"[0.12510589654033621, 0.8965698096876326]",3,-1
663,[0.06669824 0.87859034],2,2,"[0.12510589654033621, 0.8965698096876326]",3,-1
664,[0.15668812 0.94469522],2,2,"[0.12510589654033621, 0.8965698096876326]",3,-1
665,[0.18703453 0.91704946],2,2,"[0.12510589654033621, 0.8965698096876326]",3,-1
666,[0.12876202 0.90769818],2,2,"[0.12510589654033621, 0.8965698096876326]",3,-1
667,[0.13817851 0.86146711],2,2,"[0.12510589654033621, 0.8965698096876326]",3,-1
668,[0.10283806 0.95862216],2,2,"[0.12510589654033621, 0.8965698096876326]",3,-1
669,[0.18445699 0.89134625],2,2,"[0.12510589654033621, 0.8965698096876326]",3,-1
670,[0.18742383 0.89538263],2,2,"[0.12510589654033621, 0.8965698096876326]",3,-1
671,[0.17102615 0.90652871],2,2,"[0.12510589654033621, 0.8965698096876326]",3,-1
672,[0.1451707  0.86905154],2,2,"[0.12510589654033621, 0.8965698096876326]",3,3
673,[0.04324681 0.92418702],2,-1,-1,3,-1
674,[0.00780844 0.92069599],2,-1,-1,-1,-1
675,[0.09376362 0.91698653],2,2,"[0.12510589654033621, 0.8965698096876326]",3,-1
676,[0.11222139 0.94199271],2,2,"[0.12510589654033621, 0.8965698096876326]",3,-1
677,[0.14536471 0.85239854],2,2,"[0.12510589654033621, 0.8965698096876326]",3,3
678,[0.12419791 0.90126213],2,2,"[0.12510589654033621, 0.8965698096876326]",3,4
679,[0.12044249 0.9059445 ],2,2,"[0.12510589654033621, 0.8965698096876326]",3,-1
680,[0.15186172 0.88918388],2,2,"[0.12510589654033621, 0.8965698096876326]",3,3
681,[0.12663228 0.87420005],2,2,"[0.12510589654033621, 0.8965698096876326]",3,4
682,[0.17366758 0.94342165],2,2,"[0.12510589654033621, 0.8965698096876326]",3,-1
683,[0.09661864 0.93715328],2,2,"[0.12510589654033621, 0.8965698096876326]",3,-1
684,[0.17276524 0.83836252],2,-1,-1,3,-1
685,[0.15295572 0.87634266],2,2,"[0.12510589654033621, 0.8965698096876326]",3,3
686,[0.08827921 0.88089423],2,2,"[0.12510589654033621, 0.8965698096876326]",3,4
687,[0.11899719 0.84245934],2,2,"[0.12510589654033621, 0.8965698096876326]",3,-1
688,[0.14084483 0.93755151],2,2,"[0.12510589654033621, 0.8965698096876326]",3,-1
689,[0.05039472 0.87050666],2,-1,-1,3,-1
690,[0.11680167 0.94232125],2,2,"[0.12510589654033621, 0.8965698096876326]",3,-1
691,[0.13793374 0.86014461],2,2,"[0.12510589654033621, 0.8965698096876326]",3,-1
692,[0.20921717 0.83669869],2,-1,-1,3,-1
693,[0.14856086 0.93603351],2,2,"[0.12510589654033621, 0.8965698096876326]",3,-1
694,[0.11828843 0.87678578],2,2,"[0.12510589654033621, 0.8965698096876326]",3,4
695,[0.16330188 0.84562023],2,2,"[0.12510589654033621, 0.8965698096876326]",3,-1
696,[0.1082157  0.85166783],2,2,"[0.12510589654033621, 0.8965698096876326]",3,-1
697,[0.10709078 0.88052673],2,2,"[0.12510589654033621, 0.8965698096876326]",3,4
698,[0.10195693 0.8720277 ],2,2,"[0.12510589654033621, 0.8965698096876326]",3,4
699,[0.07805719 0.92963296],2,2,"[0.12510589654033621, 0.8965698096876326]",3,-1
700,[0.04212143 0.90991636],2,-1,-1,3,-1
701,[0.15867065 0.85147559],2,2,"[0.12510589654033621, 0.8965698096876326]",3,-1
702,[0.1831364  0.93364581],2,2,"[0.12510589654033621, 0.8965698096876326]",3,-1
703,[0.07039116 0.92485619],2,2,"[0.12510589654033621, 0.8965698096876326]",3,-1
704,[0.06470167 0.93927752],2,-1,-1,3,-1
705,[0.09614787 0.86162585],2,2,"[0.12510589654033621, 0.8965698096876326]",3,-1
706,[0.14238997 0.93733165],2,2,"[0.12510589654033621, 0.8965698096876326]",3,-1
707,[0.12748931 0.88053992],2,2,"[0.12510589654033621, 0.8965698096876326]",3,-1
708,[0.14316659 0.90617907],2,2,"[0.12510589654033621, 0.8965698096876326]",3,-1
709,[0.03618442 0.88915525],2,-1,-1,3,-1
710,[0.0535473  0.90726451],2,-1,-1,3,-1
711,[0.15731313 0.8760805 ],2,2,"[0.12510589654033621, 0.8965698096876326]",3,3
712,[0.16430254 0.89721221],2,2,"[0.12510589654033621, 0.8965698096876326]",3,-1
713,[0.11585139 0.9133499 ],2,2,"[0.12510589654033621, 0.8965698096876326]",3,-1
714,[0.05227011 0.90889458],2,-1,-1,3,-1
715,[0.14351204 0.864066  ],2,2,"[0.12510589654033621, 0.8965698096876326]",3,3
716,[0.23912819 0.89218416],2,-1,-1,-1,-1
717,[0.11121492 0.94907893],2,2,"[0.12510589654033621, 0.8965698096876326]",3,-1
718,[0.13561761 1.        ],2,-1,-1,3,-1
719,[0.05439511 0.8321584 ],2,-1,-1,-1,-1
720,[0.1691666  0.90381329],2,2,"[0.12510589654033621, 0.8965698096876326]",3,-1
721,[0.08760892 0.87320527],2,2,"[0.12510589654033621, 0.8965698096876326]",3,-1
722,[0.09524787 0.85509132],2,2,"[0.12510589654033621, 0.8965698096876326]",3,-1
723,[0.11427131 0.89352287],2,2,"[0.12510589654033621, 0.8965698096876326]",3,4
724,[0.16528305 0.90285632],2,2,"[0.12510589654033621, 0.8965698096876326]",3,-1
725,[0.03451805 0.89719859],2,-1,-1,3,-1
726,[0.09349967 0.91577466],2,2,"[0.12510589654033621, 0.8965698096876326]",3,-1
727,[0.11569238 0.87314764],2,2,"[0.12510589654033621, 0.8965698096876326]",3,-1
728,[0.04827912 0.85524498],2,-1,-1,3,-1
729,[0.14912916 0.90373164],2,2,"[0.12510589654033621, 0.8965698096876326]",3,-1
730,[0.12742319 0.84099883],2,2,"[0.12510589654033621, 0.8965698096876326]",3,-1
731,[0.1628014  0.82751918],2,-1,-1,3,-1
732,[0.09897318 0.89891195],2,2,"[0.12510589654033621, 0.8965698096876326]",3,-1
733,[0.14195628 0.92486798],2,2,"[0.12510589654033621, 0.8965698096876326]",3,-1
734,[0.27328687 0.94636042],2,-1,-1,-1,-1
735,[0.18589644 0.90586395],2,2,"[0.12510589654033621, 0.8965698096876326]",3,-1
736,[0.14630255 0.94148553],2,2,"[0.12510589654033621, 0.8965698096876326]",3,-1
737,[0.15632657 0.88422778],2,2,"[0.12510589654033621, 0.8965698096876326]",3,3
738,[0.1053434  0.89647298],2,2,"[0.12510589654033621, 0.8965698096876326]",3,-1
739,[0.16640276 0.80173923],2,-1,-1,-1,-1
740,[0.14253455 0.93158336],2,2,"[0.12510589654033621, 0.8965698096876326]",3,-1
741,[0.14471458 0.93647929],2,2,"[0.12510589654033621, 0.8965698096876326]",3,-1
742,[0.20086445 0.89441804],2,-1,-1,3,-1
743,[0.09195922 0.90382434],2,2,"[0.12510589654033621, 0.8965698096876326]",3,-1
744,[0.18733742 0.89214295],2,2,"[0.12510589654033621, 0.8965698096876326]",3,-1
745,[0.14762368 0.85834365],2,2,"[0.12510589654033621, 0.8965698096876326]",3,3
746,[0.14407025 0.99509312],2,-1,-1,3,-1
747,[0.13547036 0.90765835],2,2,"[0.12510589654033621, 0.8965698096876326]",3,-1
748,[0.16040052 0.96818748],2,-1,-1,3,-1
749,[0.17496177 0.90611659],2,2,"[0.12510589654033621, 0.8965698096876326]",3,-1
750,[0.83874355 0.7908727 ],3,3,"[0.805496546420753, 0.7933001113701136]",1,1
751,[0.81655618 0.68551073],3,-1,-1,1,1
752,[0.81531756 0.68957939],3,-1,-1,1,1
753,[0.76587582 0.69073737],3,-1,-1,1,1
754,[0.73735062 0.79189194],3,3,"[0.805496546420753, 0.7933001113701136]",1,1
755,[0.72431931 0.82557603],3,-1,-1,1,1
756,[0.79773029 0.73339284],3,3,"[0.805496546420753, 0.7933001113701136]",1,1
757,[0.77054262 0.81696254],3,3,"[0.805496546420753, 0.7933001113701136]",1,1
758,[0.83891665 0.81323878],3,3,"[0.805496546420753, 0.7933001113701136]",1,1
759,[0.64642602 0.75741076],3,-1,-1,1,1
760,[0.80155435 0.76426691],3,3,"[0.805496546420753, 0.7933001113701136]",1,1
761,[0.76961362 0.83076279],3,3,"[0.805496546420753, 0.7933001113701136]",1,1
762,[0.75291279 0.80487461],3,3,"[0.805496546420753, 0.7933001113701136]",1,1
763,[0.79417268 0.79355724],3,3,"[0.805496546420753, 0.7933001113701136]",1,1
764,[0.75633203 0.79992508],3,3,"[0.805496546420753, 0.7933001113701136]",1,1
765,[0.77174604 0.87283668],3,-1,-1,1,1
766,[0.88273935 0.76830489],3,-1,-1,1,1
767,[0.77898396 0.72887419],3,3,"[0.805496546420753, 0.7933001113701136]",1,1
768,[0.85253427 0.77826763],3,3,"[0.805496546420753, 0.7933001113701136]",1,1
769,[0.78596683 0.83708641],3,3,"[0.805496546420753, 0.7933001113701136]",1,1
770,[0.77694844 0.68537446],3,-1,-1,1,1
771,[0.74409168 0.76600042],3,3,"[0.805496546420753, 0.7933001113701136]",1,1
772,[0.81082354 0.71248708],3,-1,-1,1,1
773,[0.80810349 0.76605893],3,3,"[0.805496546420753, 0.7933001113701136]",1,1
774,[0.80978082 0.76638931],3,3,"[0.805496546420753, 0.7933001113701136]",1,1
775,[0.90058445 0.81286421],3,-1,-1,1,1
776,[0.82246426 0.85157988],3,3,"[0.805496546420753, 0.7933001113701136]",1,1
777,[0.83451268 0.7997318 ],3,3,"[0.805496546420753, 0.7933001113701136]",1,1
778,[0.84254594 0.76580036],3,3,"[0.805496546420753, 0.7933001113701136]",1,1
779,[0.7880109  0.80137342],3,3,"[0.805496546420753, 0.7933001113701136]",1,1
780,[0.78166852 0.7868589 ],3,3,"[0.805496546420753, 0.7933001113701136]",1,1
781,[0.79773291 0.79095639],3,3,"[0.805496546420753, 0.7933001113701136]",1,1
782,[0.73176697 0.76623161],3,-1,-1,1,1
783,[0.76837682 0.81530392],3,3,"[0.805496546420753, 0.7933001113701136]",1,1
784,[0.79564636 0.7511353 ],3,3,"[0.805496546420753, 0.7933001113701136]",1,1
785,[0.75550932 0.81286   ],3,3,"[0.805496546420753, 0.7933001113701136]",1,1
786,[0.75968896 0.79076453],3,3,"[0.805496546420753, 0.7933001113701136]",1,1
787,[0.79439485 0.84120636],3,3,"[0.805496546420753, 0.7933001113701136]",1,1
788,[0.80679802 0.8599339 ],3,3,"[0.805496546420753, 0.7933001113701136]",1,1
789,[0.87207266 0.84616889],3,-1,-1,1,1
790,[0.79262078 0.73517583],3,3,"[0.805496546420753, 0.7933001113701136]",1,1
791,[0.88909858 0.72543453],3,-1,-1,1,1
792,[0.80743184 0.80614927],3,3,"[0.805496546420753, 0.7933001113701136]",1,1
793,[0.7967113  0.79161219],3,3,"[0.805496546420753, 0.7933001113701136]",1,1
794,[0.92116844 0.79592097],3,-1,-1,1,1
795,[0.79929811 0.74861984],3,3,"[0.805496546420753, 0.7933001113701136]",1,1
796,[0.82734152 0.83386827],3,3,"[0.805496546420753, 0.7933001113701136]",1,1
797,[0.86742118 0.81490173],3,3,"[0.805496546420753, 0.7933001113701136]",1,1
798,[0.78816553 0.74198358],3,3,"[0.805496546420753, 0.7933001113701136]",1,1
799,[0.82845322 0.77256308],3,3,"[0.805496546420753, 0.7933001113701136]",1,1
800,[0.81565144 0.8048765 ],3,3,"[0.805496546420753, 0.7933001113701136]",1,1
801,[0.8761609  0.76688407],3,-1,-1,1,1
802,[0.74023262 0.82431787],3,-1,-1,1,1
803,[0.83765122 0.78674723],3,3,"[0.805496546420753, 0.7933001113701136]",1,1
804,[0.73342615 0.75427473],3,-1,-1,1,1
805,[0.78282145 0.83135015],3,3,"[0.805496546420753, 0.7933001113701136]",1,1
806,[0.76551552 0.77746304],3,3,"[0.805496546420753, 0.7933001113701136]",1,1
807,[0.85154849 0.77343421],3,3,"[0.805496546420753, 0.7933001113701136]",1,1
808,[0.79716284 0.83472523],3,3,"[0.805496546420753, 0.7933001113701136]",1,1
809,[0.86410939 0.78145969],3,3,"[0.805496546420753, 0.7933001113701136]",1,1
810,[0.68119528 0.80505195],3,-1,-1,1,1
811,[0.79857433 0.77245209],3,3,"[0.805496546420753, 0.7933001113701136]",1,1
812,[0.70593209 0.82897259],3,-1,-1,1,1
813,[0.80201337 0.79508535],3,3,"[0.805496546420753, 0.7933001113701136]",1,1
814,[0.79547738 0.70660231],3,-1,-1,1,1
815,[0.86848898 0.87333773],3,-1,-1,1,1
816,[0.80312508 0.71405196],3,-1,-1,1,1
817,[0.82462293 0.8270975 ],3,3,"[0.805496546420753, 0.7933001113701136]",1,1
818,[0.82312017 0.79762306],3,3,"[0.805496546420753, 0.7933001113701136]",1,1
819,[0.87028727 0.7664597 ],3,-1,-1,1,1
820,[0.72505478 0.84101659],3,-1,-1,1,1
821,[0.75526943 0.78431878],3,3,"[0.805496546420753, 0.7933001113701136]",1,1
822,[0.74786608 0.84443947],3,-1,-1,1,1
823,[0.85017274 0.81499539],3,3,"[0.805496546420753, 0.7933001113701136]",1,1
824,[0.79656948 0.82419607],3,3,"[0.805496546420753, 0.7933001113701136]",1,1
825,[0.7610631  0.80468743],3,3,"[0.805496546420753, 0.7933001113701136]",1,1
826,[0.77368575 0.83210005],3,3,"[0.805496546420753, 0.7933001113701136]",1,1
827,[0.80345667 0.73653861],3,3,"[0.805496546420753, 0.7933001113701136]",1,1
828,[0.78245087 0.83316647],3,3,"[0.805496546420753, 0.7933001113701136]",1,1
829,[0.78443989 0.77157942],3,3,"[0.805496546420753, 0.7933001113701136]",1,1
830,[0.81767012 0.82997256],3,3,"[0.805496546420753, 0.7933001113701136]",1,1
831,[0.85001211 0.77052691],3,3,"[0.805496546420753, 0.7933001113701136]",1,1
832,[0.83647945 0.8234109 ],3,3,"[0.805496546420753, 0.7933001113701136]",1,1
833,[0.7677966  0.80093524],3,3,"[0.805496546420753, 0.7933001113701136]",1,1
834,[0.87637026 0.80672735],3,-1,-1,1,1
835,[0.84382239 0.87655725],3,-1,-1,1,1
836,[0.76047415 0.85943339],3,-1,-1,1,1
837,[0.80163224 0.81518301],3,3,"[0.805496546420753, 0.7933001113701136]",1,1
838,[0.71015979 0.84967356],3,-1,-1,1,1
839,[0.81286458 0.85926157],3,3,"[0.805496546420753, 0.7933001113701136]",1,1
840,[0.79429082 0.85956381],3,3,"[0.805496546420753, 0.7933001113701136]",1,1
841,[0.83192388 0.76924451],3,3,"[0.805496546420753, 0.7933001113701136]",1,1
842,[0.81013635 0.85565076],3,3,"[0.805496546420753, 0.7933001113701136]",1,1
843,[0.7893104  0.74898459],3,3,"[0.805496546420753, 0.7933001113701136]",1,1
844,[0.76409861 0.86006931],3,-1,-1,1,1
845,[0.73171589 0.81378816],3,-1,-1,1,1
846,[0.75665194 0.76262917],3,3,"[0.805496546420753, 0.7933001113701136]",1,1
847,[0.80542317 0.8539685 ],3,3,"[0.805496546420753, 0.7933001113701136]",1,1
848,[0.79736452 0.78918543],3,3,"[0.805496546420753, 0.7933001113701136]",1,1
849,[0.7528638 0.7945457],3,3,"[0.805496546420753, 0.7933001113701136]",1,1
850,[0.89441646 0.82709731],3,-1,-1,1,1
851,[0.79935548 0.90463682],3,-1,-1,1,1
852,[0.71805006 0.76401239],3,-1,-1,1,1
853,[0.75858275 0.82385664],3,3,"[0.805496546420753, 0.7933001113701136]",1,1
854,[0.8253312  0.79131023],3,3,"[0.805496546420753, 0.7933001113701136]",1,1
855,[0.79411884 0.76346542],3,3,"[0.805496546420753, 0.7933001113701136]",1,1
856,[0.85173408 0.7866081 ],3,3,"[0.805496546420753, 0.7933001113701136]",1,1
857,[0.85065373 0.80100463],3,3,"[0.805496546420753, 0.7933001113701136]",1,1
858,[0.8316548  0.85452709],3,3,"[0.805496546420753, 0.7933001113701136]",1,1
859,[0.80633956 0.79777325],3,3,"[0.805496546420753, 0.7933001113701136]",1,1
860,[0.81506542 0.76303344],3,3,"[0.805496546420753, 0.7933001113701136]",1,1
861,[0.80975767 0.80436495],3,3,"[0.805496546420753, 0.7933001113701136]",1,1
862,[0.8391416  0.74328937],3,3,"[0.805496546420753, 0.7933001113701136]",1,1
863,[0.79003007 0.80553628],3,3,"[0.805496546420753, 0.7933001113701136]",1,1
864,[0.81998507 0.86097234],3,3,"[0.805496546420753, 0.7933001113701136]",1,1
865,[0.82491911 0.76454149],3,3,"[0.805496546420753, 0.7933001113701136]",1,1
866,[0.82936372 0.79285129],3,3,"[0.805496546420753, 0.7933001113701136]",1,1
867,[0.82615861 0.76644356],3,3,"[0.805496546420753, 0.7933001113701136]",1,1
868,[0.75714979 0.76389764],3,3,"[0.805496546420753, 0.7933001113701136]",1,1
869,[0.78483839 0.81418855],3,3,"[0.805496546420753, 0.7933001113701136]",1,1
870,[0.80962734 0.77969454],3,3,"[0.805496546420753, 0.7933001113701136]",1,1
871,[0.72487007 0.76535111],3,-1,-1,1,1
872,[0.81933967 0.88885082],3,-1,-1,1,1
873,[0.80780779 0.82710604],3,3,"[0.805496546420753, 0.7933001113701136]",1,1
874,[0.85246946 0.80399864],3,3,"[0.805496546420753, 0.7933001113701136]",1,1
875,[0.84385378 0.71982158],3,-1,-1,1,1
876,[0.76277867 0.73643315],3,-1,-1,1,1
877,[0.87135567 0.70923379],3,-1,-1,1,1
878,[0.89836356 0.7752128 ],3,-1,-1,1,1
879,[0.77603767 0.79961386],3,3,"[0.805496546420753, 0.7933001113701136]",1,1
880,[0.83786018 0.74419861],3,3,"[0.805496546420753, 0.7933001113701136]",1,1
881,[0.79000722 0.73606022],3,3,"[0.805496546420753, 0.7933001113701136]",1,1
882,[0.8171821  0.77906497],3,3,"[0.805496546420753, 0.7933001113701136]",1,1
883,[0.77824455 0.70638858],3,-1,-1,1,1
884,[0.81811864 0.7632664 ],3,3,"[0.805496546420753, 0.7933001113701136]",1,1
885,[0.78325917 0.85183567],3,3,"[0.805496546420753, 0.7933001113701136]",1,1
886,[0.75415325 0.85265019],3,-1,-1,1,1
887,[0.86219773 0.84597111],3,-1,-1,1,1
888,[0.84942232 0.83802248],3,3,"[0.805496546420753, 0.7933001113701136]",1,1
889,[0.83376597 0.71073727],3,-1,-1,1,1
890,[0.77917452 0.75106033],3,3,"[0.805496546420753, 0.7933001113701136]",1,1
891,[0.72533789 0.80407254],3,-1,-1,1,1
892,[0.72558852 0.75174046],3,-1,-1,1,1
893,[0.8298819  0.70825888],3,-1,-1,1,1
894,[0.70153925 0.77439686],3,-1,-1,1,1
895,[0.8104015  0.71015177],3,-1,-1,1,1
896,[0.77799141 0.78763491],3,3,"[0.805496546420753, 0.7933001113701136]",1,1
897,[0.8412125  0.78871792],3,3,"[0.805496546420753, 0.7933001113701136]",1,1
898,[0.74198426 0.87192993],3,-1,-1,1,1
899,[0.78476895 0.759213  ],3,3,"[0.805496546420753, 0.7933001113701136]",1,1
900,[0.7732088  0.81118171],3,3,"[0.805496546420753, 0.7933001113701136]",1,1
901,[0.81659876 0.8354908 ],3,3,"[0.805496546420753, 0.7933001113701136]",1,1
902,[0.77019637 0.83072882],3,3,"[0.805496546420753, 0.7933001113701136]",1,1
903,[0.84664333 0.75262552],3,3,"[0.805496546420753, 0.7933001113701136]",1,1
904,[0.82177098 0.83595678],3,3,"[0.805496546420753, 0.7933001113701136]",1,1
905,[0.83917677 0.78482581],3,3,"[0.805496546420753, 0.7933001113701136]",1,1
906,[0.93227686 0.7816207 ],3,-1,-1,1,1
907,[0.79437788 0.80311997],3,3,"[0.805496546420753, 0.7933001113701136]",1,1
908,[0.82088166 0.87059933],3,-1,-1,1,1
909,[0.85766267 0.76081414],3,3,"[0.805496546420753, 0.7933001113701136]",1,1
910,[0.80211013 0.75327287],3,3,"[0.805496546420753, 0.7933001113701136]",1,1
911,[0.84828211 0.81906357],3,3,"[0.805496546420753, 0.7933001113701136]",1,1
912,[0.77944595 0.81167348],3,3,"[0.805496546420753, 0.7933001113701136]",1,1
913,[0.78396743 0.73145985],3,3,"[0.805496546420753, 0.7933001113701136]",1,1
914,[0.80330377 0.77909936],3,3,"[0.805496546420753, 0.7933001113701136]",1,1
915,[0.79299456 0.75696847],3,3,"[0.805496546420753, 0.7933001113701136]",1,1
916,[0.78169707 0.73856089],3,3,"[0.805496546420753, 0.7933001113701136]",1,1
917,[0.83771828 0.72858486],3,-1,-1,1,1
918,[0.82828116 0.88384642],3,-1,-1,1,1
919,[0.8284193  0.81140481],3,3,"[0.805496546420753, 0.7933001113701136]",1,1
920,[0.79414254 0.84638288],3,3,"[0.805496546420753, 0.7933001113701136]",1,1
921,[0.88432388 0.83632548],3,-1,-1,1,1
922,[0.81635248 0.79853485],3,3,"[0.805496546420753, 0.7933001113701136]",1,1
923,[0.78316927 0.8212762 ],3,3,"[0.805496546420753, 0.7933001113701136]",1,1
924,[0.79714694 0.83758271],3,3,"[0.805496546420753, 0.7933001113701136]",1,1
925,[0.83450361 0.76571524],3,3,"[0.805496546420753, 0.7933001113701136]",1,1
926,[0.84689616 0.68989288],3,-1,-1,1,1
927,[0.76732628 0.77879908],3,3,"[0.805496546420753, 0.7933001113701136]",1,1
928,[0.81518553 0.78758163],3,3,"[0.805496546420753, 0.7933001113701136]",1,1
929,[0.80218436 0.75053329],3,3,"[0.805496546420753, 0.7933001113701136]",1,1
930,[0.87233083 0.8101756 ],3,3,"[0.805496546420753, 0.7933001113701136]",1,1
931,[0.7653379  0.82664088],3,3,"[0.805496546420753, 0.7933001113701136]",1,1
932,[0.78624827 0.78846118],3,3,"[0.805496546420753, 0.7933001113701136]",1,1
933,[0.84353797 0.81801852],3,3,"[0.805496546420753, 0.7933001113701136]",1,1
934,[0.74679769 0.70161319],3,-1,-1,1,1
935,[0.76604903 0.81182521],3,3,"[0.805496546420753, 0.7933001113701136]",1,1
936,[0.91972911 0.80547322],3,-1,-1,1,1
937,[0.86822935 0.76244095],3,3,"[0.805496546420753, 0.7933001113701136]",1,1
938,[0.8433026  0.87498275],3,-1,-1,1,1
939,[0.74936651 0.80941295],3,3,"[0.805496546420753, 0.7933001113701136]",1,1
940,[0.8385907  0.78858603],3,3,"[0.805496546420753, 0.7933001113701136]",1,1
941,[0.81219513 0.84410686],3,3,"[0.805496546420753, 0.7933001113701136]",1,1
942,[0.85298269 0.76152018],3,3,"[0.805496546420753, 0.7933001113701136]",1,1
943,[0.82802886 0.78650699],3,3,"[0.805496546420753, 0.7933001113701136]",1,1
944,[0.76642543 0.81628339],3,3,"[0.805496546420753, 0.7933001113701136]",1,1
945,[0.84120738 0.76523512],3,3,"[0.805496546420753, 0.7933001113701136]",1,1
946,[0.81205531 0.83324953],3,3,"[0.805496546420753, 0.7933001113701136]",1,1
947,[0.8484436  0.72088636],3,-1,-1,1,1
948,[0.76121129 0.90089458],3,-1,-1,1,1
949,[0.83851697 0.82310013],3,3,"[0.805496546420753, 0.7933001113701136]",1,1
950,[0.83336069 0.86775689],3,-1,-1,1,1
951,[0.80256934 0.92939204],3,-1,-1,1,1
952,[0.85706033 0.75358717],3,3,"[0.805496546420753, 0.7933001113701136]",1,1
953,[0.80105597 0.78922656],3,3,"[0.805496546420753, 0.7933001113701136]",1,1
954,[0.78199124 0.81192091],3,3,"[0.805496546420753, 0.7933001113701136]",1,1
955,[0.81404845 0.75117037],3,3,"[0.805496546420753, 0.7933001113701136]",1,1
956,[0.7666609  0.79741103],3,3,"[0.805496546420753, 0.7933001113701136]",1,1
957,[0.79385167 0.69565018],3,-1,-1,1,1
958,[0.8348204  0.80644948],3,3,"[0.805496546420753, 0.7933001113701136]",1,1
959,[0.83725114 0.76537506],3,3,"[0.805496546420753, 0.7933001113701136]",1,1
960,[0.84122443 0.753358  ],3,3,"[0.805496546420753, 0.7933001113701136]",1,1
961,[0.77904517 0.79793942],3,3,"[0.805496546420753, 0.7933001113701136]",1,1
962,[0.72778105 0.8504371 ],3,-1,-1,1,1
963,[0.78613152 0.81070747],3,3,"[0.805496546420753, 0.7933001113701136]",1,1
964,[0.7717715  0.79208067],3,3,"[0.805496546420753, 0.7933001113701136]",1,1
965,[0.82345455 0.73166775],3,3,"[0.805496546420753, 0.7933001113701136]",1,1
966,[0.74828588 0.85577223],3,-1,-1,1,1
967,[0.87956382 0.78088967],3,-1,-1,1,1
968,[0.7995726  0.77326434],3,3,"[0.805496546420753, 0.7933001113701136]",1,1
969,[0.87777074 0.77577187],3,-1,-1,1,1
970,[0.83724078 0.75690735],3,3,"[0.805496546420753, 0.7933001113701136]",1,1
971,[0.77817017 0.80187214],3,3,"[0.805496546420753, 0.7933001113701136]",1,1
972,[0.82941302 0.74295611],3,3,"[0.805496546420753, 0.7933001113701136]",1,1
973,[0.79828834 0.80192524],3,3,"[0.805496546420753, 0.7933001113701136]",1,1
974,[0.8684077  0.84955504],3,-1,-1,1,1
975,[0.8202896  0.80313017],3,3,"[0.805496546420753, 0.7933001113701136]",1,1
976,[0.79240801 0.80549653],3,3,"[0.805496546420753, 0.7933001113701136]",1,1
977,[0.88096586 0.78548223],3,-1,-1,1,1
978,[0.78758259 0.75556977],3,3,"[0.805496546420753, 0.7933001113701136]",1,1
979,[0.8311734  0.82952447],3,3,"[0.805496546420753, 0.7933001113701136]",1,1
980,[0.799098   0.81304771],3,3,"[0.805496546420753, 0.7933001113701136]",1,1
981,[0.75245522 0.81371616],3,3,"[0.805496546420753, 0.7933001113701136]",1,1
982,[0.75744428 0.80507197],3,3,"[0.805496546420753, 0.7933001113701136]",1,1
983,[0.78980356 0.75978532],3,3,"[0.805496546420753, 0.7933001113701136]",1,1
984,[0.72531003 0.79487419],3,-1,-1,1,1
985,[0.84105328 0.87659098],3,-1,-1,1,1
986,[0.90219611 0.75065999],3,-1,-1,1,1
987,[0.77749613 0.72398208],3,-1,-1,1,1
988,[0.81447414 0.82557461],3,3,"[0.805496546420753, 0.7933001113701136]",1,1
989,[0.78704605 0.83924701],3,3,"[0.805496546420753, 0.7933001113701136]",1,1
990,[0.85103416 0.76498336],3,3,"[0.805496546420753, 0.7933001113701136]",1,1
991,[0.85162449 0.74848671],3,3,"[0.805496546420753, 0.7933001113701136]",1,1
992,[0.86998851 0.85283652],3,-1,-1,1,1
993,[0.80527606 0.85121702],3,3,"[0.805496546420753, 0.7933001113701136]",1,1
994,[0.82060649 0.81960004],3,3,"[0.805496546420753, 0.7933001113701136]",1,1
995,[0.81349354 0.76982855],3,3,"[0.805496546420753, 0.7933001113701136]",1,1
996,[0.79591026 0.79503957],3,3,"[0.805496546420753, 0.7933001113701136]",1,1
997,[0.88331807 0.76951392],3,-1,-1,1,1
998,[0.73891373 0.74296917],3,-1,-1,1,1
999,[0.77453685 0.77086507],3,3,"[0.805496546420753, 0.7933001113701136]",1,1
