,datum,blob,snowball_label,snowball_center,hdbscan_eom_label,hdbscan_leaf_label
0,[0.32000509 0.1547566 ],1,2,"[0.294379027732062, 0.1921773781634303]",0,0
1,[0.27154446 0.17286907],1,2,"[0.294379027732062, 0.1921773781634303]",0,0
2,[0.40528498 0.59372269],0,1,"[0.37965276877051146, 0.575157747726818]",1,-1
3,[0.37171429 0.57918963],0,1,"[0.37965276877051146, 0.575157747726818]",1,1
4,[0.67081351 0.60788864],3,3,"[0.6601234827680622, 0.6109507568947781]",1,-1
5,[0.47133928 0.57832805],0,-1,-1,1,-1
6,[0.72052222 0.63273128],3,3,"[0.6601234827680622, 0.6109507568947781]",1,-1
7,[0.31664693 0.53177435],0,-1,-1,1,-1
8,[0.83702173 0.7576354 ],2,-1,-1,1,-1
9,[0.62662583 0.63263408],3,3,"[0.6601234827680622, 0.6109507568947781]",1,-1
10,[0.37891368 0.62926813],0,1,"[0.37965276877051146, 0.575157747726818]",1,-1
11,[0.74689095 0.65793983],3,0,"[0.7890750777399501, 0.6799557517006445]",1,-1
12,[0.83793743 0.79084181],2,-1,-1,1,-1
13,[0.15625426 0.18953022],1,-1,-1,0,0
14,[0.4023688  0.54950155],0,1,"[0.37965276877051146, 0.575157747726818]",1,-1
15,[0.24656022 0.15271882],1,2,"[0.294379027732062, 0.1921773781634303]",0,0
16,[0.84771873 0.67686129],2,0,"[0.7890750777399501, 0.6799557517006445]",1,-1
17,[0.82156833 0.71321802],2,0,"[0.7890750777399501, 0.6799557517006445]",1,-1
18,[0.36062547 0.47655745],0,-1,-1,1,-1
19,[0.17271106 0.1963488 ],1,-1,-1,0,0
20,[0.37409247 0.53225336],0,1,"[0.37965276877051146, 0.575157747726818]",1,-1
21,[0.44630978 0.63958922],0,-1,-1,1,-1
22,[0.2698237  0.22832886],1,2,"[0.294379027732062, 0.1921773781634303]",0,0
23,[0.81043921 0.62363609],2,0,"[0.7890750777399501, 0.6799557517006445]",1,-1
24,[0.42313411 0.43215796],0,-1,-1,1,-1
25,[0.68955603 0.5187634 ],3,-1,-1,1,-1
26,[0.45631475 0.55935132],0,-1,-1,1,-1
27,[0.41858678 0.6031125 ],0,1,"[0.37965276877051146, 0.575157747726818]",1,-1
28,[0.77817632 0.64804383],2,0,"[0.7890750777399501, 0.6799557517006445]",1,-1
29,[0.72237483 0.56466194],3,-1,-1,1,-1
30,[0.44523017 0.49789991],0,-1,-1,1,-1
31,[0.30954702 0.1604998 ],1,2,"[0.294379027732062, 0.1921773781634303]",0,0
32,[0.39347289 0.54493355],0,1,"[0.37965276877051146, 0.575157747726818]",1,-1
33,[0.3288022  0.20647039],1,2,"[0.294379027732062, 0.1921773781634303]",0,0
34,[0.74305579 0.65383156],2,0,"[0.7890750777399501, 0.6799557517006445]",1,-1
35,[0.25598768 0.1574983 ],1,2,"[0.294379027732062, 0.1921773781634303]",0,0
36,[0.36283247 0.53990129],0,1,"[0.37965276877051146, 0.575157747726818]",1,-1
37,[0.28616259 0.17028677],1,2,"[0.294379027732062, 0.1921773781634303]",0,0
38,[0.3668371  0.53958173],0,1,"[0.37965276877051146, 0.575157747726818]",1,-1
39,[0.81892013 0.64990773],2,0,"[0.7890750777399501, 0.6799557517006445]",1,-1
40,[0.81955711 0.65271951],2,0,"[0.7890750777399501, 0.6799557517006445]",1,-1
41,[0.43601231 0.51404792],0,-1,-1,1,-1
42,[0.38905532 0.5171753 ],0,1,"[0.37965276877051146, 0.575157747726818]",1,-1
43,[0.30691341 0.23198513],1,2,"[0.294379027732062, 0.1921773781634303]",0,0
44,[0.81245207 0.67447959],2,0,"[0.7890750777399501, 0.6799557517006445]",1,-1
45,[0.28788388 0.22905579],1,2,"[0.294379027732062, 0.1921773781634303]",0,0
46,[0.35292692 0.19384661],1,2,"[0.294379027732062, 0.1921773781634303]",0,0
47,[0.6859028  0.63460252],2,3,"[0.6601234827680622, 0.6109507568947781]",1,-1
48,[0.71852343 0.71813196],2,-1,-1,1,-1
49,[0.24241909 0.1573472 ],1,2,"[0.294379027732062, 0.1921773781634303]",0,0
50,[0.71434606 0.58134872],3,3,"[0.6601234827680622, 0.6109507568947781]",1,-1
51,[0.69105643 0.5304346 ],3,-1,-1,1,-1
52,[0.67207316 0.62982121],3,3,"[0.6601234827680622, 0.6109507568947781]",1,7
53,[0.338788  0.5717813],0,1,"[0.37965276877051146, 0.575157747726818]",1,-1
54,[0.83515203 0.63854415],2,0,"[0.7890750777399501, 0.6799557517006445]",1,-1
55,[0.27144057 0.18567552],1,2,"[0.294379027732062, 0.1921773781634303]",0,0
56,[0.27323453 0.14686182],1,2,"[0.294379027732062, 0.1921773781634303]",0,0
57,[0.81254828 0.68760412],2,0,"[0.7890750777399501, 0.6799557517006445]",1,4
58,[0.32060048 0.51473918],0,-1,-1,1,-1
59,[0.24089149 0.22640173],1,2,"[0.294379027732062, 0.1921773781634303]",0,0
60,[0.43263896 0.17762055],1,-1,-1,0,0
61,[0.30116506 0.14471676],1,2,"[0.294379027732062, 0.1921773781634303]",0,0
62,[0.78780475 0.69311451],2,0,"[0.7890750777399501, 0.6799557517006445]",1,-1
63,[0.27595982 0.17269034],1,2,"[0.294379027732062, 0.1921773781634303]",0,0
64,[0.63423347 0.64239741],3,3,"[0.6601234827680622, 0.6109507568947781]",1,-1
65,[0.76465495 0.7023931 ],2,0,"[0.7890750777399501, 0.6799557517006445]",1,-1
66,[0.67141011 0.61920602],3,3,"[0.6601234827680622, 0.6109507568947781]",1,-1
67,[0.53694178 0.52233674],0,-1,-1,1,-1
68,[0.32889742 0.28757882],1,-1,-1,0,0
69,[0.69454487 0.57033318],3,3,"[0.6601234827680622, 0.6109507568947781]",1,-1
70,[0.76602256 0.69761433],2,0,"[0.7890750777399501, 0.6799557517006445]",1,4
71,[0.33514527 0.58184894],0,1,"[0.37965276877051146, 0.575157747726818]",1,-1
72,[0.35167429 0.11736463],1,-1,-1,0,0
73,[0.67427273 0.67520142],3,3,"[0.6601234827680622, 0.6109507568947781]",1,-1
74,[0.7157927  0.67576243],2,-1,-1,1,-1
75,[0.59066522 0.56659859],3,-1,-1,1,-1
76,[0.68481055 0.60125992],3,3,"[0.6601234827680622, 0.6109507568947781]",1,5
77,[0.38668339 0.55429052],0,1,"[0.37965276877051146, 0.575157747726818]",1,-1
78,[0.38385241 0.49572424],0,-1,-1,1,-1
79,[0.32941157 0.59334058],0,1,"[0.37965276877051146, 0.575157747726818]",1,-1
80,[0.35730656 0.21819164],1,2,"[0.294379027732062, 0.1921773781634303]",0,0
81,[0.77050683 0.58390498],2,-1,-1,1,-1
82,[0.6935342  0.62397179],3,3,"[0.6601234827680622, 0.6109507568947781]",1,7
83,[0.38669102 0.53270009],0,1,"[0.37965276877051146, 0.575157747726818]",1,-1
84,[0.40850522 0.50089799],0,-1,-1,1,-1
85,[0.32985541 0.15683533],1,2,"[0.294379027732062, 0.1921773781634303]",0,0
86,[0.38037095 0.6176532 ],0,1,"[0.37965276877051146, 0.575157747726818]",1,-1
87,[0.76008333 0.72338513],2,0,"[0.7890750777399501, 0.6799557517006445]",1,-1
88,[0.70038618 0.76492606],2,-1,-1,1,-1
89,[0.40535753 0.56509405],0,1,"[0.37965276877051146, 0.575157747726818]",1,2
90,[0.33337232 0.15079833],1,2,"[0.294379027732062, 0.1921773781634303]",0,0
91,[0.68161186 0.55753446],3,3,"[0.6601234827680622, 0.6109507568947781]",1,-1
92,[0.41281529 0.61979348],0,1,"[0.37965276877051146, 0.575157747726818]",1,-1
93,[0.71980449 0.66755628],3,-1,-1,1,-1
94,[0.30938831 0.14824104],1,2,"[0.294379027732062, 0.1921773781634303]",0,0
95,[0.62012387 0.68342863],3,-1,-1,1,-1
96,[0.62527502 0.62826169],3,3,"[0.6601234827680622, 0.6109507568947781]",1,-1
97,[0.27230054 0.07480924],1,-1,-1,0,0
98,[0.6498269  0.54976213],3,3,"[0.6601234827680622, 0.6109507568947781]",1,-1
99,[0.74453555 0.51286851],3,-1,-1,1,-1
100,[0.8168581  0.73646676],2,0,"[0.7890750777399501, 0.6799557517006445]",1,-1
101,[0.39820139 0.4740283 ],0,-1,-1,1,-1
102,[0.80802368 0.62460585],2,0,"[0.7890750777399501, 0.6799557517006445]",1,-1
103,[0.84742141 0.6476944 ],2,0,"[0.7890750777399501, 0.6799557517006445]",1,-1
104,[0.80388139 0.69937617],2,0,"[0.7890750777399501, 0.6799557517006445]",1,-1
105,[0.20279919 0.27515952],1,-1,-1,0,0
106,[0.79246142 0.63514449],2,0,"[0.7890750777399501, 0.6799557517006445]",1,-1
107,[0.38655787 0.18050957],1,-1,-1,0,0
108,[0.64365269 0.64459545],3,3,"[0.6601234827680622, 0.6109507568947781]",1,-1
109,[0.40262878 0.48468162],0,-1,-1,1,-1
110,[0.78279849 0.75302795],2,-1,-1,1,-1
111,[0.34624922 0.51302948],0,-1,-1,1,-1
112,[0.42241654 0.59015967],0,1,"[0.37965276877051146, 0.575157747726818]",1,-1
113,[0.37315331 0.56763332],0,1,"[0.37965276877051146, 0.575157747726818]",1,1
114,[0.48362607 0.55682407],0,-1,-1,1,-1
115,[0.39040228 0.54701837],0,1,"[0.37965276877051146, 0.575157747726818]",1,-1
116,[0.31831469 0.20536086],1,2,"[0.294379027732062, 0.1921773781634303]",0,0
117,[0.27768171 0.13939737],1,2,"[0.294379027732062, 0.1921773781634303]",0,0
118,[0.40045044 0.62712204],0,1,"[0.37965276877051146, 0.575157747726818]",1,-1
119,[0.37113905 0.1694563 ],1,-1,-1,0,0
120,[0.37938241 0.46931378],0,-1,-1,1,-1
121,[0.30027591 0.18900966],1,2,"[0.294379027732062, 0.1921773781634303]",0,0
122,[0.33208929 0.21313178],1,2,"[0.294379027732062, 0.1921773781634303]",0,0
123,[0.35651573 0.59184853],0,1,"[0.37965276877051146, 0.575157747726818]",1,-1
124,[0.35890148 0.18095921],1,2,"[0.294379027732062, 0.1921773781634303]",0,0
125,[0.86107609 0.72535598],2,-1,-1,1,-1
126,[0.66750165 0.62390741],3,3,"[0.6601234827680622, 0.6109507568947781]",1,7
127,[0.27742769 0.28579903],1,-1,-1,0,0
128,[0.89653492 0.70314071],2,-1,-1,1,-1
129,[0.49961379 0.54100533],0,-1,-1,1,-1
130,[0.46737701 0.55094176],0,-1,-1,1,-1
131,[0.38045379 0.21765079],1,-1,-1,0,0
132,[0.83562548 0.65564601],2,0,"[0.7890750777399501, 0.6799557517006445]",1,-1
133,[0.47365469 0.54990933],0,-1,-1,1,-1
134,[0.33443861 0.1369187 ],1,2,"[0.294379027732062, 0.1921773781634303]",0,0
135,[0.25667363 0.22606634],1,2,"[0.294379027732062, 0.1921773781634303]",0,0
136,[0.32723483 0.573209  ],0,1,"[0.37965276877051146, 0.575157747726818]",1,-1
137,[0.67719804 0.65844213],3,3,"[0.6601234827680622, 0.6109507568947781]",1,-1
138,[0.39403259 0.6363256 ],0,1,"[0.37965276877051146, 0.575157747726818]",1,-1
139,[0.70473169 0.56705522],3,3,"[0.6601234827680622, 0.6109507568947781]",1,-1
140,[0.17194628 0.23252221],1,-1,-1,0,0
141,[0.36534921 0.56315768],0,1,"[0.37965276877051146, 0.575157747726818]",1,-1
142,[0.81122529 0.68899488],2,0,"[0.7890750777399501, 0.6799557517006445]",1,4
143,[0.85514666 0.7157268 ],2,-1,-1,1,-1
144,[0.30787191 0.15905587],1,2,"[0.294379027732062, 0.1921773781634303]",0,0
145,[0.68370989 0.66269396],3,3,"[0.6601234827680622, 0.6109507568947781]",1,-1
146,[0.1929001  0.22388076],1,-1,-1,0,0
147,[0.76505247 0.76987751],2,-1,-1,1,-1
148,[0.5772577  0.55560477],3,-1,-1,1,-1
149,[0.79377802 0.78771524],2,-1,-1,1,-1
150,[0.65884866 0.49819311],3,-1,-1,1,-1
151,[0.3484905  0.59566136],0,1,"[0.37965276877051146, 0.575157747726818]",1,-1
152,[0.31839034 0.13740309],1,2,"[0.294379027732062, 0.1921773781634303]",0,0
153,[0.27819259 0.15560553],1,2,"[0.294379027732062, 0.1921773781634303]",0,0
154,[0.36837885 0.18757085],1,-1,-1,0,0
155,[0.42680746 0.48664562],0,-1,-1,1,-1
156,[0.68849589 0.58879521],3,3,"[0.6601234827680622, 0.6109507568947781]",1,5
157,[0.79238942 0.59817731],3,-1,-1,1,-1
158,[0.46215454 0.4975813 ],0,-1,-1,1,-1
159,[0.66634297 0.70140012],3,-1,-1,1,-1
160,[0.68132634 0.60026807],3,3,"[0.6601234827680622, 0.6109507568947781]",1,5
161,[0.29094956 0.61468936],0,-1,-1,1,-1
162,[0.39484314 0.57779573],0,1,"[0.37965276877051146, 0.575157747726818]",1,-1
163,[0.28082536 0.51315086],0,-1,-1,1,-1
164,[0.36931229 0.26403723],1,-1,-1,0,0
165,[0.34035927 0.61952428],0,1,"[0.37965276877051146, 0.575157747726818]",1,-1
166,[0.2312845  0.22571695],1,-1,-1,0,0
167,[0.65397481 0.64515315],3,3,"[0.6601234827680622, 0.6109507568947781]",1,-1
168,[0.34951923 0.55410252],0,1,"[0.37965276877051146, 0.575157747726818]",1,-1
169,[0.82561545 0.62502117],2,0,"[0.7890750777399501, 0.6799557517006445]",1,-1
170,[0.20473855 0.1951355 ],1,-1,-1,0,0
171,[0.86159533 0.76363444],2,-1,-1,1,-1
172,[0.32243453 0.58119454],0,1,"[0.37965276877051146, 0.575157747726818]",1,-1
173,[0.24563416 0.14166824],1,-1,-1,0,0
174,[0.31299282 0.52902416],0,-1,-1,1,-1
175,[0.39016791 0.22069849],1,-1,-1,0,0
176,[0.68907613 0.57163071],3,3,"[0.6601234827680622, 0.6109507568947781]",1,-1
177,[0.86223831 0.64345359],2,-1,-1,1,-1
178,[0.67411219 0.66992094],3,3,"[0.6601234827680622, 0.6109507568947781]",1,-1
179,[0.35967448 0.68630911],0,-1,-1,1,-1
180,[0.44889792 0.56187463],0,-1,-1,1,-1
181,[0.19904045 0.17433509],1,-1,-1,0,0
182,[0.76410641 0.65708466],2,0,"[0.7890750777399501, 0.6799557517006445]",1,3
183,[0.39594596 0.54339361],0,1,"[0.37965276877051146, 0.575157747726818]",1,-1
184,[0.66916912 0.67006689],3,3,"[0.6601234827680622, 0.6109507568947781]",1,-1
185,[0.62228243 0.60129856],3,3,"[0.6601234827680622, 0.6109507568947781]",1,-1
186,[0.29397384 0.5736806 ],0,-1,-1,1,-1
187,[0.66511013 0.60658869],3,3,"[0.6601234827680622, 0.6109507568947781]",1,-1
188,[0.77764469 0.71345886],2,0,"[0.7890750777399501, 0.6799557517006445]",1,-1
189,[0.8524969  0.68156511],2,0,"[0.7890750777399501, 0.6799557517006445]",1,-1
190,[0.84913544 0.72832343],2,-1,-1,1,-1
191,[0.22693974 0.24291904],1,-1,-1,0,0
192,[0.28110155 0.17090382],1,2,"[0.294379027732062, 0.1921773781634303]",0,0
193,[0.29096829 0.20554182],1,2,"[0.294379027732062, 0.1921773781634303]",0,0
194,[0.70349017 0.66833019],2,-1,-1,1,-1
195,[0.16532579 0.24369476],1,-1,-1,0,0
196,[0.75875604 0.56054056],3,-1,-1,1,-1
197,[0.31150615 0.66326537],0,-1,-1,1,-1
198,[0.4048201  0.60473232],0,1,"[0.37965276877051146, 0.575157747726818]",1,-1
199,[0.61792757 0.57066242],3,3,"[0.6601234827680622, 0.6109507568947781]",1,-1
200,[0.86587307 0.70811063],2,-1,-1,1,-1
201,[0.61635755 0.63040073],3,3,"[0.6601234827680622, 0.6109507568947781]",1,-1
202,[0.63042504 0.59658814],3,3,"[0.6601234827680622, 0.6109507568947781]",1,-1
203,[0.58548007 0.64255413],3,-1,-1,1,-1
204,[0.63984917 0.65638272],3,3,"[0.6601234827680622, 0.6109507568947781]",1,-1
205,[0.25214971 0.16169245],1,2,"[0.294379027732062, 0.1921773781634303]",0,0
206,[0.38632687 0.56440553],0,1,"[0.37965276877051146, 0.575157747726818]",1,-1
207,[0.62729458 0.55564244],3,3,"[0.6601234827680622, 0.6109507568947781]",1,-1
208,[0.77220244 0.76231414],2,-1,-1,1,-1
209,[0.74375551 0.55787093],3,-1,-1,1,-1
210,[0.42190657 0.52623451],0,1,"[0.37965276877051146, 0.575157747726818]",1,-1
211,[0.79932447 0.60939274],2,-1,-1,1,-1
212,[0.7258549  0.55037159],3,-1,-1,1,-1
213,[0.77644253 0.70058439],2,0,"[0.7890750777399501, 0.6799557517006445]",1,-1
214,[0.77803316 0.65683272],2,0,"[0.7890750777399501, 0.6799557517006445]",1,-1
215,[0.83116833 0.63675644],2,0,"[0.7890750777399501, 0.6799557517006445]",1,-1
216,[0.29258326 0.51242395],0,-1,-1,1,-1
217,[0.83340358 0.66866466],2,0,"[0.7890750777399501, 0.6799557517006445]",1,-1
218,[0.36371546 0.66851003],0,-1,-1,1,-1
219,[0.82027411 0.68569311],2,0,"[0.7890750777399501, 0.6799557517006445]",1,-1
220,[0.67659138 0.71722422],2,-1,-1,1,-1
221,[0.79830704 0.70527408],2,0,"[0.7890750777399501, 0.6799557517006445]",1,-1
222,[0.78395526 0.72501931],2,0,"[0.7890750777399501, 0.6799557517006445]",1,-1
223,[0.79484631 0.57538454],2,-1,-1,1,-1
224,[0.43503951 0.57241376],0,1,"[0.37965276877051146, 0.575157747726818]",1,-1
225,[0.40463202 0.58103816],0,1,"[0.37965276877051146, 0.575157747726818]",1,-1
226,[0.66485654 0.61064564],3,3,"[0.6601234827680622, 0.6109507568947781]",1,-1
227,[0.61287277 0.57906683],3,3,"[0.6601234827680622, 0.6109507568947781]",1,-1
228,[0.37540035 0.54471554],0,1,"[0.37965276877051146, 0.575157747726818]",1,-1
229,[0.61701952 0.60073881],3,3,"[0.6601234827680622, 0.6109507568947781]",1,-1
230,[0.69084008 0.62205887],3,3,"[0.6601234827680622, 0.6109507568947781]",1,-1
231,[0.80542218 0.62794773],2,0,"[0.7890750777399501, 0.6799557517006445]",1,-1
232,[0.86032317 0.71673318],2,-1,-1,1,-1
233,[0.27404508 0.58812593],0,-1,-1,1,-1
234,[0.67446939 0.5663373 ],3,3,"[0.6601234827680622, 0.6109507568947781]",1,-1
235,[0.70543876 0.58376938],3,3,"[0.6601234827680622, 0.6109507568947781]",1,-1
236,[0.37337849 0.1690706 ],1,-1,-1,0,0
237,[0.63501219 0.58607094],3,3,"[0.6601234827680622, 0.6109507568947781]",1,-1
238,[0.66320053 0.663288  ],3,3,"[0.6601234827680622, 0.6109507568947781]",1,-1
239,[0.69091645 0.56172331],3,3,"[0.6601234827680622, 0.6109507568947781]",1,-1
240,[0.30665177 0.58307345],0,-1,-1,1,-1
241,[0.39244214 0.54031682],0,1,"[0.37965276877051146, 0.575157747726818]",1,-1
242,[0.7914895  0.67621043],2,0,"[0.7890750777399501, 0.6799557517006445]",1,4
243,[0.76376539 0.69160617],2,0,"[0.7890750777399501, 0.6799557517006445]",1,-1
244,[0.27805376 0.24965502],1,2,"[0.294379027732062, 0.1921773781634303]",0,0
245,[0.42956988 0.54531637],0,1,"[0.37965276877051146, 0.575157747726818]",1,-1
246,[0.27000934 0.60401343],0,-1,-1,1,-1
247,[0.34017673 0.16334518],1,2,"[0.294379027732062, 0.1921773781634303]",0,0
248,[0.27185623 0.25209798],1,2,"[0.294379027732062, 0.1921773781634303]",0,0
249,[0.75537042 0.63669048],3,0,"[0.7890750777399501, 0.6799557517006445]",1,-1
250,[0.25021695 0.19335884],1,2,"[0.294379027732062, 0.1921773781634303]",0,0
251,[0.60194723 0.5146694 ],3,-1,-1,1,-1
252,[0.57304157 0.58571076],3,-1,-1,1,-1
253,[0.81476999 0.60888541],2,-1,-1,1,-1
254,[0.36804604 0.20274856],1,-1,-1,0,0
255,[0.63898132 0.59789031],3,3,"[0.6601234827680622, 0.6109507568947781]",1,-1
256,[0.32343597 0.52333168],0,-1,-1,1,-1
257,[0.2704921 0.2844988],1,-1,-1,0,0
258,[0.85259978 0.68092059],2,0,"[0.7890750777399501, 0.6799557517006445]",1,-1
259,[0.63921971 0.54965617],3,3,"[0.6601234827680622, 0.6109507568947781]",1,-1
260,[0.32779143 0.26336612],1,-1,-1,0,0
261,[0.42668774 0.65228787],0,-1,-1,1,-1
262,[0.32240736 0.63923865],0,-1,-1,1,-1
263,[0.63967    0.60603598],3,3,"[0.6601234827680622, 0.6109507568947781]",1,-1
264,[0.34109457 0.68764586],0,-1,-1,1,-1
265,[0.61725711 0.64412677],3,3,"[0.6601234827680622, 0.6109507568947781]",1,-1
266,[0.33981698 0.11350132],1,-1,-1,0,0
267,[0.83994007 0.67506991],2,0,"[0.7890750777399501, 0.6799557517006445]",1,-1
268,[0.62199783 0.66758225],3,3,"[0.6601234827680622, 0.6109507568947781]",1,-1
269,[0.27655941 0.19645148],1,2,"[0.294379027732062, 0.1921773781634303]",0,0
270,[0.33067945 0.22075624],1,2,"[0.294379027732062, 0.1921773781634303]",0,0
271,[0.68606826 0.71547458],2,-1,-1,1,-1
272,[0.3159797  0.51665584],0,-1,-1,1,-1
273,[0.8185654  0.76255204],2,-1,-1,1,-1
274,[0.72887504 0.68588137],2,0,"[0.7890750777399501, 0.6799557517006445]",1,-1
275,[0.28613717 0.14172739],1,2,"[0.294379027732062, 0.1921773781634303]",0,0
276,[0.41580626 0.57343038],0,1,"[0.37965276877051146, 0.575157747726818]",1,2
277,[0.41638378 0.52510165],0,1,"[0.37965276877051146, 0.575157747726818]",1,-1
278,[0.26337015 0.22627325],1,2,"[0.294379027732062, 0.1921773781634303]",0,0
279,[0.31148739 0.19189512],1,2,"[0.294379027732062, 0.1921773781634303]",0,0
280,[0.75152674 0.65428366],2,0,"[0.7890750777399501, 0.6799557517006445]",1,-1
281,[0.83837926 0.65050391],2,0,"[0.7890750777399501, 0.6799557517006445]",1,-1
282,[0.36028973 0.57477142],0,1,"[0.37965276877051146, 0.575157747726818]",1,-1
283,[0.66265308 0.68662721],2,-1,-1,1,-1
284,[0.42296954 0.50701854],0,-1,-1,1,-1
285,[0.20839315 0.19021048],1,-1,-1,0,0
286,[0.29520507 0.16981732],1,2,"[0.294379027732062, 0.1921773781634303]",0,0
287,[0.32035009 0.16531761],1,2,"[0.294379027732062, 0.1921773781634303]",0,0
288,[0.74018606 0.63971068],2,0,"[0.7890750777399501, 0.6799557517006445]",1,-1
289,[0.73461255 0.54166231],3,-1,-1,1,-1
290,[0.30723424 0.20389033],1,2,"[0.294379027732062, 0.1921773781634303]",0,0
291,[0.35846416 0.31274172],1,-1,-1,0,0
292,[0.34647392 0.55050515],0,1,"[0.37965276877051146, 0.575157747726818]",1,-1
293,[0.70395527 0.59679118],3,3,"[0.6601234827680622, 0.6109507568947781]",1,-1
294,[0.29708471 0.11258121],1,-1,-1,0,0
295,[0.7789473  0.61136706],3,0,"[0.7890750777399501, 0.6799557517006445]",1,-1
296,[0.67678294 0.55499764],3,3,"[0.6601234827680622, 0.6109507568947781]",1,-1
297,[0.372714   0.52027169],0,1,"[0.37965276877051146, 0.575157747726818]",1,-1
298,[0.24737117 0.14305198],1,2,"[0.294379027732062, 0.1921773781634303]",0,0
299,[0.61650251 0.66218767],3,3,"[0.6601234827680622, 0.6109507568947781]",1,-1
300,[0.25720169 0.21694636],1,2,"[0.294379027732062, 0.1921773781634303]",0,0
301,[0.30066911 0.21237331],1,2,"[0.294379027732062, 0.1921773781634303]",0,0
302,[0.34880104 0.64617254],0,-1,-1,1,-1
303,[0.70912984 0.52804219],3,-1,-1,1,-1
304,[0.38552101 0.17088987],1,-1,-1,0,0
305,[0.24061847 0.15863081],1,2,"[0.294379027732062, 0.1921773781634303]",0,0
306,[0.66292443 0.54623434],3,3,"[0.6601234827680622, 0.6109507568947781]",1,-1
307,[0.82530514 0.74013394],2,-1,-1,1,-1
308,[0.33956567 0.23319354],1,2,"[0.294379027732062, 0.1921773781634303]",0,0
309,[0.30168644 0.31007489],1,-1,-1,0,0
310,[0.20770831 0.22914346],1,-1,-1,0,0
311,[0.21510203 0.19653003],1,-1,-1,0,0
312,[0.68266973 0.68711005],2,-1,-1,1,-1
313,[0.73750092 0.74536912],2,-1,-1,1,-1
314,[0.2684081  0.13823167],1,2,"[0.294379027732062, 0.1921773781634303]",0,0
315,[0.32245177 0.62675951],0,-1,-1,1,-1
316,[0.64257748 0.59318648],3,3,"[0.6601234827680622, 0.6109507568947781]",1,-1
317,[0.680212   0.69196519],3,-1,-1,1,-1
318,[0.3692469  0.60947542],0,1,"[0.37965276877051146, 0.575157747726818]",1,-1
319,[0.67245319 0.60780708],2,3,"[0.6601234827680622, 0.6109507568947781]",1,-1
320,[0.64552222 0.64246267],3,3,"[0.6601234827680622, 0.6109507568947781]",1,-1
321,[0.75357748 0.6534354 ],3,0,"[0.7890750777399501, 0.6799557517006445]",1,-1
322,[0.36380135 0.50472127],0,-1,-1,1,-1
323,[0.78549235 0.57428243],2,-1,-1,1,-1
324,[0.39485395 0.52355056],0,1,"[0.37965276877051146, 0.575157747726818]",1,-1
325,[0.7237468  0.54947724],3,-1,-1,1,-1
326,[0.71443469 0.52858222],3,-1,-1,1,-1
327,[0.66168922 0.59378938],3,3,"[0.6601234827680622, 0.6109507568947781]",1,-1
328,[0.81022904 0.65589922],2,0,"[0.7890750777399501, 0.6799557517006445]",1,-1
329,[0.39059281 0.61544245],0,1,"[0.37965276877051146, 0.575157747726818]",1,-1
330,[0.27702043 0.21205563],1,2,"[0.294379027732062, 0.1921773781634303]",0,0
331,[0.65748708 0.65684198],3,3,"[0.6601234827680622, 0.6109507568947781]",1,-1
332,[0.47423426 0.61064255],0,-1,-1,1,-1
333,[0.48559298 0.56332508],0,-1,-1,1,-1
334,[0.384594   0.09333057],1,-1,-1,0,0
335,[0.62302226 0.6426614 ],3,3,"[0.6601234827680622, 0.6109507568947781]",1,-1
336,[0.78359695 0.63955985],2,0,"[0.7890750777399501, 0.6799557517006445]",1,-1
337,[0.42508424 0.61930659],0,1,"[0.37965276877051146, 0.575157747726818]",1,-1
338,[0.44687231 0.5041207 ],0,-1,-1,1,-1
339,[0.70353429 0.65149943],2,3,"[0.6601234827680622, 0.6109507568947781]",1,-1
340,[0.22526229 0.24321033],1,-1,-1,0,0
341,[0.33231591 0.27941942],1,-1,-1,0,0
342,[0.7670288  0.55467815],3,-1,-1,1,-1
343,[0.74659108 0.59878229],2,-1,-1,1,-1
344,[0.28569675 0.15995808],1,2,"[0.294379027732062, 0.1921773781634303]",0,0
345,[0.69790657 0.59971476],2,3,"[0.6601234827680622, 0.6109507568947781]",1,-1
346,[0.90859725 0.67750994],2,-1,-1,1,-1
347,[0.40365913 0.13243953],1,-1,-1,0,0
348,[0.80546825 0.60855148],3,-1,-1,1,-1
349,[0.28964958 0.30953253],1,-1,-1,0,0
350,[0.38867717 0.52304056],0,1,"[0.37965276877051146, 0.575157747726818]",1,-1
351,[0.23922684 0.25170994],1,-1,-1,0,0
352,[0.28154693 0.18612706],1,2,"[0.294379027732062, 0.1921773781634303]",0,0
353,[0.78727664 0.59590152],2,-1,-1,1,-1
354,[0.45123815 0.58575049],0,-1,-1,1,-1
355,[0.34406645 0.53192015],0,1,"[0.37965276877051146, 0.575157747726818]",1,-1
356,[0.3375148  0.63058689],0,1,"[0.37965276877051146, 0.575157747726818]",1,-1
357,[0.34015744 0.53258637],0,1,"[0.37965276877051146, 0.575157747726818]",1,-1
358,[0.86490738 0.73270893],2,-1,-1,1,-1
359,[0.64732113 0.72343032],3,-1,-1,1,-1
360,[0.25051976 0.23684383],1,2,"[0.294379027732062, 0.1921773781634303]",0,0
361,[0.39804808 0.64535626],0,-1,-1,1,-1
362,[0.43996851 0.5723388 ],0,1,"[0.37965276877051146, 0.575157747726818]",1,-1
363,[0.68453649 0.60467265],3,3,"[0.6601234827680622, 0.6109507568947781]",1,5
364,[0.89476064 0.63277908],2,-1,-1,1,-1
365,[0.6763383  0.60127693],3,3,"[0.6601234827680622, 0.6109507568947781]",1,-1
366,[0.27092518 0.18809961],1,2,"[0.294379027732062, 0.1921773781634303]",0,0
367,[0.24488297 0.17098022],1,2,"[0.294379027732062, 0.1921773781634303]",0,0
368,[0.31267205 0.53943563],0,-1,-1,1,-1
369,[0.64718754 0.65340274],3,3,"[0.6601234827680622, 0.6109507568947781]",1,-1
370,[0.38353576 0.54955493],0,1,"[0.37965276877051146, 0.575157747726818]",1,-1
371,[0.77422033 0.76189813],2,-1,-1,1,-1
372,[0.25080065 0.19973371],1,2,"[0.294379027732062, 0.1921773781634303]",0,0
373,[0.68147319 0.66109903],3,3,"[0.6601234827680622, 0.6109507568947781]",1,-1
374,[0.70859259 0.66829894],3,-1,-1,1,-1
375,[0.81941905 0.73537137],2,0,"[0.7890750777399501, 0.6799557517006445]",1,-1
376,[0.25473165 0.15412642],1,2,"[0.294379027732062, 0.1921773781634303]",0,0
377,[0.60170164 0.62125941],3,3,"[0.6601234827680622, 0.6109507568947781]",1,-1
378,[0.7833359 0.7449467],2,0,"[0.7890750777399501, 0.6799557517006445]",1,-1
379,[0.82287568 0.74102447],2,0,"[0.7890750777399501, 0.6799557517006445]",1,-1
380,[0.15554287 0.17958779],1,-1,-1,0,0
381,[0.22894893 0.18459506],1,2,"[0.294379027732062, 0.1921773781634303]",0,0
382,[0.7239872  0.64008526],3,-1,-1,1,-1
383,[0.73726179 0.73664136],2,-1,-1,1,-1
384,[0.33786523 0.53237801],0,1,"[0.37965276877051146, 0.575157747726818]",1,-1
385,[0.72388839 0.57337439],3,-1,-1,1,-1
386,[0.39296313 0.5626388 ],0,1,"[0.37965276877051146, 0.575157747726818]",1,-1
387,[0.79609281 0.66020419],2,0,"[0.7890750777399501, 0.6799557517006445]",1,-1
388,[0.28604144 0.7410884 ],0,-1,-1,1,-1
389,[0.78690483 0.70330119],2,0,"[0.7890750777399501, 0.6799557517006445]",1,-1
390,[0.3121936  0.54311463],0,-1,-1,1,-1
391,[0.35605193 0.59470518],0,1,"[0.37965276877051146, 0.575157747726818]",1,-1
392,[0.65031891 0.66950281],3,3,"[0.6601234827680622, 0.6109507568947781]",1,-1
393,[0.67928338 0.61859824],3,3,"[0.6601234827680622, 0.6109507568947781]",1,-1
394,[0.25926578 0.20569171],1,2,"[0.294379027732062, 0.1921773781634303]",0,0
395,[0.77016109 0.69667667],2,0,"[0.7890750777399501, 0.6799557517006445]",1,-1
396,[0.66810934 0.60349912],3,3,"[0.6601234827680622, 0.6109507568947781]",1,-1
397,[0.73493586 0.60775574],3,-1,-1,1,-1
398,[0.80064686 0.66535462],2,0,"[0.7890750777399501, 0.6799557517006445]",1,-1
399,[0.7022198  0.63040221],3,3,"[0.6601234827680622, 0.6109507568947781]",1,-1
400,[0.76999166 0.69523895],2,0,"[0.7890750777399501, 0.6799557517006445]",1,-1
401,[0.89700394 0.74634326],2,-1,-1,1,-1
402,[0.45169169 0.57091705],0,-1,-1,1,-1
403,[0.39282819 0.56019223],0,1,"[0.37965276877051146, 0.575157747726818]",1,-1
404,[0.78416409 0.74353722],2,0,"[0.7890750777399501, 0.6799557517006445]",1,-1
405,[0.79154647 0.63564791],2,0,"[0.7890750777399501, 0.6799557517006445]",1,-1
406,[0.7753494  0.60386826],3,-1,-1,1,-1
407,[0.25813221 0.12322178],1,-1,-1,0,0
408,[0.68148538 0.69553185],3,-1,-1,1,-1
409,[0.30855165 0.19669235],1,2,"[0.294379027732062, 0.1921773781634303]",0,0
410,[0.29400455 0.19309396],1,2,"[0.294379027732062, 0.1921773781634303]",0,0
411,[0.68468647 0.56512988],3,3,"[0.6601234827680622, 0.6109507568947781]",1,-1
412,[0.73891291 0.64199168],2,0,"[0.7890750777399501, 0.6799557517006445]",1,-1
413,[0.75573883 0.63860009],2,0,"[0.7890750777399501, 0.6799557517006445]",1,-1
414,[0.30890471 0.13094324],1,2,"[0.294379027732062, 0.1921773781634303]",0,0
415,[0.68193722 0.62676256],3,3,"[0.6601234827680622, 0.6109507568947781]",1,7
416,[0.42296357 0.53466781],0,1,"[0.37965276877051146, 0.575157747726818]",1,-1
417,[0.84889687 0.67570216],2,0,"[0.7890750777399501, 0.6799557517006445]",1,-1
418,[0.75782913 0.62291054],2,0,"[0.7890750777399501, 0.6799557517006445]",1,-1
419,[0.38833777 0.58757889],0,1,"[0.37965276877051146, 0.575157747726818]",1,-1
420,[0.3826744 0.190877 ],1,-1,-1,0,0
421,[0.3036186  0.17079959],1,2,"[0.294379027732062, 0.1921773781634303]",0,0
422,[0.37003665 0.64690609],0,-1,-1,1,-1
423,[0.75631368 0.73508527],2,0,"[0.7890750777399501, 0.6799557517006445]",1,-1
424,[0.17015363 0.15054393],1,-1,-1,0,0
425,[0.34803941 0.52667096],0,1,"[0.37965276877051146, 0.575157747726818]",1,-1
426,[0.4443857  0.53755942],0,-1,-1,1,-1
427,[0.69297812 0.68037105],2,-1,-1,1,-1
428,[0.82791026 0.70180754],2,0,"[0.7890750777399501, 0.6799557517006445]",1,-1
429,[0.84467201 0.76733498],2,-1,-1,1,-1
430,[0.37282759 0.57039504],0,1,"[0.37965276877051146, 0.575157747726818]",1,1
431,[0.4370227  0.62812147],0,-1,-1,1,-1
432,[0.63472633 0.56551186],3,3,"[0.6601234827680622, 0.6109507568947781]",1,-1
433,[0.37597583 0.21754386],1,-1,-1,0,0
434,[0.61928969 0.58968938],3,3,"[0.6601234827680622, 0.6109507568947781]",1,-1
435,[0.38412871 0.60096794],0,1,"[0.37965276877051146, 0.575157747726818]",1,-1
436,[0.25339595 0.61098168],0,-1,-1,1,-1
437,[0.74809853 0.77232436],2,-1,-1,1,-1
438,[0.29168395 0.17362085],1,2,"[0.294379027732062, 0.1921773781634303]",0,0
439,[0.41463509 0.57644894],0,1,"[0.37965276877051146, 0.575157747726818]",1,2
440,[0.32292892 0.25262581],1,2,"[0.294379027732062, 0.1921773781634303]",0,0
441,[0.40610449 0.23790115],1,-1,-1,0,0
442,[0.68469519 0.53974942],3,-1,-1,1,-1
443,[0.26623616 0.15679035],1,2,"[0.294379027732062, 0.1921773781634303]",0,0
444,[0.34025538 0.51976505],0,1,"[0.37965276877051146, 0.575157747726818]",1,-1
445,[0.702928   0.63731621],2,3,"[0.6601234827680622, 0.6109507568947781]",1,-1
446,[0.20195525 0.10753479],1,-1,-1,0,0
447,[0.70978702 0.53789956],3,-1,-1,1,-1
448,[0.33716161 0.58965155],0,1,"[0.37965276877051146, 0.575157747726818]",1,-1
449,[0.33513081 0.1733445 ],1,2,"[0.294379027732062, 0.1921773781634303]",0,0
450,[0.30586201 0.12222874],1,-1,-1,0,0
451,[0.34924703 0.14485267],1,-1,-1,0,0
452,[0.34237184 0.11619776],1,-1,-1,0,0
453,[0.29748481 0.16482364],1,2,"[0.294379027732062, 0.1921773781634303]",0,0
454,[0.40507583 0.57109755],0,1,"[0.37965276877051146, 0.575157747726818]",1,2
455,[0.88010293 0.63579447],2,-1,-1,1,-1
456,[0.43759341 0.60904473],0,1,"[0.37965276877051146, 0.575157747726818]",1,-1
457,[0.32066803 0.19435476],1,2,"[0.294379027732062, 0.1921773781634303]",0,0
458,[0.69144562 0.75437642],2,-1,-1,1,-1
459,[0.80835989 0.68262461],2,0,"[0.7890750777399501, 0.6799557517006445]",1,-1
460,[0.20638534 0.24107891],1,-1,-1,0,0
461,[0.27542595 0.58046321],0,-1,-1,1,-1
462,[0.73003225 0.5554814 ],3,-1,-1,1,-1
463,[0.71341795 0.63529713],2,3,"[0.6601234827680622, 0.6109507568947781]",1,-1
464,[0.39386537 0.69036381],0,-1,-1,1,-1
465,[0.33040302 0.15112573],1,2,"[0.294379027732062, 0.1921773781634303]",0,0
466,[0.39407906 0.60956753],0,1,"[0.37965276877051146, 0.575157747726818]",1,-1
467,[0.727067   0.58279549],3,-1,-1,1,-1
468,[0.68714707 0.67752338],3,-1,-1,1,-1
469,[0.61367157 0.56739081],3,3,"[0.6601234827680622, 0.6109507568947781]",1,-1
470,[0.34933526 0.59894036],0,1,"[0.37965276877051146, 0.575157747726818]",1,-1
471,[0.2692085  0.18276324],1,2,"[0.294379027732062, 0.1921773781634303]",0,0
472,[0.5869427  0.63475173],3,-1,-1,1,-1
473,[0.71465003 0.56882082],3,3,"[0.6601234827680622, 0.6109507568947781]",1,-1
474,[0.68382176 0.61623265],3,3,"[0.6601234827680622, 0.6109507568947781]",1,-1
475,[0.78518714 0.54600921],2,-1,-1,1,-1
476,[0.84956927 0.77080249],2,-1,-1,1,-1
477,[0.38383595 0.54756491],0,1,"[0.37965276877051146, 0.575157747726818]",1,-1
478,[0.31171269 0.47630446],0,-1,-1,1,-1
479,[0.27154382 0.14813845],1,2,"[0.294379027732062, 0.1921773781634303]",0,0
480,[0.66049271 0.57960826],3,3,"[0.6601234827680622, 0.6109507568947781]",1,-1
481,[0.30341574 0.26438483],1,-1,-1,0,0
482,[0.65454687 0.61849384],3,3,"[0.6601234827680622, 0.6109507568947781]",1,7
483,[0.81902395 0.64156306],2,0,"[0.7890750777399501, 0.6799557517006445]",1,-1
484,[0.44814847 0.50182092],0,-1,-1,1,-1
485,[0.26083646 0.23061683],1,2,"[0.294379027732062, 0.1921773781634303]",0,0
486,[0.81139737 0.69270544],2,0,"[0.7890750777399501, 0.6799557517006445]",1,-1
487,[0.84527588 0.68163377],2,0,"[0.7890750777399501, 0.6799557517006445]",1,-1
488,[0.83124066 0.69617435],2,0,"[0.7890750777399501, 0.6799557517006445]",1,-1
489,[0.34515473 0.23649202],1,2,"[0.294379027732062, 0.1921773781634303]",0,0
490,[0.74935257 0.54262528],2,-1,-1,1,-1
491,[0.26486226 0.26559928],1,-1,-1,0,0
492,[0.23456737 0.22270734],1,2,"[0.294379027732062, 0.1921773781634303]",0,0
493,[0.6576222  0.67678306],3,3,"[0.6601234827680622, 0.6109507568947781]",1,-1
494,[0.72319598 0.62936207],2,3,"[0.6601234827680622, 0.6109507568947781]",1,-1
495,[0.34907382 0.61358748],0,1,"[0.37965276877051146, 0.575157747726818]",1,-1
496,[0.8123417  0.76337575],2,-1,-1,1,-1
497,[0.6730163  0.64905918],3,3,"[0.6601234827680622, 0.6109507568947781]",1,-1
498,[0.70057228 0.64164429],3,3,"[0.6601234827680622, 0.6109507568947781]",1,-1
499,[0.35561645 0.13041485],1,-1,-1,0,0
500,[0.68297813 0.56938311],3,3,"[0.6601234827680622, 0.6109507568947781]",1,-1
501,[0.77069692 0.65912141],2,0,"[0.7890750777399501, 0.6799557517006445]",1,3
502,[0.67022925 0.59717717],3,3,"[0.6601234827680622, 0.6109507568947781]",1,-1
503,[0.37337282 0.19427939],1,-1,-1,0,0
504,[0.28427846 0.54095596],0,-1,-1,1,-1
505,[0.63274546 0.59072542],3,3,"[0.6601234827680622, 0.6109507568947781]",1,-1
506,[0.38036004 0.54967523],0,1,"[0.37965276877051146, 0.575157747726818]",1,-1
507,[0.55060686 0.64389976],3,-1,-1,1,-1
508,[0.34461884 0.60281457],0,1,"[0.37965276877051146, 0.575157747726818]",1,-1
509,[0.37990381 0.56257953],0,1,"[0.37965276877051146, 0.575157747726818]",1,-1
510,[0.72454866 0.61439127],3,3,"[0.6601234827680622, 0.6109507568947781]",1,-1
511,[0.63948068 0.6025664 ],3,3,"[0.6601234827680622, 0.6109507568947781]",1,-1
512,[0.30697257 0.254255  ],1,2,"[0.294379027732062, 0.1921773781634303]",0,0
513,[0.2867951  0.22302153],1,2,"[0.294379027732062, 0.1921773781634303]",0,0
514,[0.83627243 0.70721887],2,0,"[0.7890750777399501, 0.6799557517006445]",1,-1
515,[0.63420582 0.61596999],3,3,"[0.6601234827680622, 0.6109507568947781]",1,-1
516,[0.35082771 0.53859374],0,1,"[0.37965276877051146, 0.575157747726818]",1,-1
517,[0.80178169 0.6654466 ],2,0,"[0.7890750777399501, 0.6799557517006445]",1,4
518,[0.64917788 0.5915199 ],3,3,"[0.6601234827680622, 0.6109507568947781]",1,-1
519,[0.41397261 0.50284964],0,-1,-1,1,-1
520,[0.41903479 0.57915995],0,1,"[0.37965276877051146, 0.575157747726818]",1,-1
521,[0.8484682 0.7320185],2,-1,-1,1,-1
522,[0.67850683 0.63995141],3,3,"[0.6601234827680622, 0.6109507568947781]",1,-1
523,[0.62845981 0.573593  ],3,3,"[0.6601234827680622, 0.6109507568947781]",1,-1
524,[0.3784039  0.54885735],0,1,"[0.37965276877051146, 0.575157747726818]",1,-1
525,[0.6576646  0.67119054],2,3,"[0.6601234827680622, 0.6109507568947781]",1,-1
526,[0.67867533 0.518515  ],3,-1,-1,1,-1
527,[0.70621063 0.52758219],3,-1,-1,1,-1
528,[0.61150921 0.60779432],3,3,"[0.6601234827680622, 0.6109507568947781]",1,-1
529,[0.78741186 0.66267494],2,0,"[0.7890750777399501, 0.6799557517006445]",1,-1
530,[0.40287973 0.59181605],0,1,"[0.37965276877051146, 0.575157747726818]",1,-1
531,[0.34474708 0.57073412],0,1,"[0.37965276877051146, 0.575157747726818]",1,-1
532,[0.33671153 0.17447695],1,2,"[0.294379027732062, 0.1921773781634303]",0,0
533,[0.41592538 0.57509241],0,1,"[0.37965276877051146, 0.575157747726818]",1,-1
534,[0.70082047 0.57396579],2,3,"[0.6601234827680622, 0.6109507568947781]",1,-1
535,[0.70251326 0.64135667],3,3,"[0.6601234827680622, 0.6109507568947781]",1,-1
536,[0.73705074 0.59119286],2,-1,-1,1,-1
537,[0.34399085 0.22260837],1,2,"[0.294379027732062, 0.1921773781634303]",0,0
538,[0.3741363  0.62279673],0,1,"[0.37965276877051146, 0.575157747726818]",1,-1
539,[0.79274439 0.61020803],3,0,"[0.7890750777399501, 0.6799557517006445]",1,-1
540,[0.32128321 0.1554002 ],1,2,"[0.294379027732062, 0.1921773781634303]",0,0
541,[0.64695712 0.67021167],3,3,"[0.6601234827680622, 0.6109507568947781]",1,-1
542,[0.30439599 0.61590544],0,-1,-1,1,-1
543,[0.35419016 0.19009212],1,2,"[0.294379027732062, 0.1921773781634303]",0,0
544,[0.26616193 0.24557014],1,2,"[0.294379027732062, 0.1921773781634303]",0,0
545,[0.23467074 0.16311481],1,2,"[0.294379027732062, 0.1921773781634303]",0,0
546,[0.21173147 0.16860568],1,-1,-1,0,0
547,[0.64873242 0.57430994],3,3,"[0.6601234827680622, 0.6109507568947781]",1,-1
548,[0.80780331 0.7434008 ],2,0,"[0.7890750777399501, 0.6799557517006445]",1,-1
549,[0.45531396 0.58705533],0,-1,-1,1,-1
550,[0.38595734 0.63843432],0,1,"[0.37965276877051146, 0.575157747726818]",1,-1
551,[0.69153897 0.62702424],3,3,"[0.6601234827680622, 0.6109507568947781]",1,7
552,[0.40424219 0.62012017],0,1,"[0.37965276877051146, 0.575157747726818]",1,-1
553,[0.41254187 0.58082324],0,1,"[0.37965276877051146, 0.575157747726818]",1,2
554,[0.65643853 0.57104049],3,3,"[0.6601234827680622, 0.6109507568947781]",1,-1
555,[0.39688449 0.65478809],0,-1,-1,1,-1
556,[0.3464269  0.61309884],0,1,"[0.37965276877051146, 0.575157747726818]",1,-1
557,[0.69199601 0.63879901],3,3,"[0.6601234827680622, 0.6109507568947781]",1,-1
558,[0.2989847  0.23695824],1,2,"[0.294379027732062, 0.1921773781634303]",0,0
559,[0.62246486 0.6056058 ],3,3,"[0.6601234827680622, 0.6109507568947781]",1,-1
560,[0.640511   0.61882212],3,3,"[0.6601234827680622, 0.6109507568947781]",1,-1
561,[0.6892469  0.71776237],2,-1,-1,1,-1
562,[0.72941328 0.62405428],3,-1,-1,1,-1
563,[0.35057183 0.52271254],0,1,"[0.37965276877051146, 0.575157747726818]",1,-1
564,[0.2536782  0.20390688],1,2,"[0.294379027732062, 0.1921773781634303]",0,0
565,[0.72264106 0.60431284],3,3,"[0.6601234827680622, 0.6109507568947781]",1,-1
566,[0.67410579 0.60174716],3,3,"[0.6601234827680622, 0.6109507568947781]",1,-1
567,[0.77587555 0.67006294],2,0,"[0.7890750777399501, 0.6799557517006445]",1,-1
568,[0.25369417 0.16542009],1,2,"[0.294379027732062, 0.1921773781634303]",0,0
569,[0.27532736 0.57053493],0,-1,-1,1,-1
570,[0.68343003 0.62353958],3,3,"[0.6601234827680622, 0.6109507568947781]",1,7
571,[0.26264697 0.12284791],1,-1,-1,0,0
572,[0.34329921 0.15431326],1,2,"[0.294379027732062, 0.1921773781634303]",0,0
573,[0.37041247 0.55784686],0,1,"[0.37965276877051146, 0.575157747726818]",1,-1
574,[0.29664433 0.17888252],1,2,"[0.294379027732062, 0.1921773781634303]",0,0
575,[0.274377   0.22007699],1,2,"[0.294379027732062, 0.1921773781634303]",0,0
576,[0.77396217 0.7163251 ],2,0,"[0.7890750777399501, 0.6799557517006445]",1,-1
577,[0.3458234  0.16998707],1,2,"[0.294379027732062, 0.1921773781634303]",0,0
578,[0.36628557 0.16975992],1,-1,-1,0,0
579,[0.59333114 0.51039123],3,-1,-1,1,-1
580,[0.32948992 0.16521744],1,2,"[0.294379027732062, 0.1921773781634303]",0,0
581,[0.28188479 0.29667483],1,-1,-1,0,0
582,[0.21589103 0.20460655],1,-1,-1,0,0
583,[0.21635296 0.22767925],1,-1,-1,0,0
584,[0.34909506 0.5497727 ],0,1,"[0.37965276877051146, 0.575157747726818]",1,-1
585,[0.28935999 0.53068892],0,-1,-1,1,-1
586,[0.66704873 0.60599537],3,3,"[0.6601234827680622, 0.6109507568947781]",1,-1
587,[0.31717375 0.11969567],1,-1,-1,0,0
588,[0.29741445 0.53808568],0,-1,-1,1,-1
589,[0.36433551 0.61161878],0,1,"[0.37965276877051146, 0.575157747726818]",1,-1
590,[0.81418178 0.75162227],2,-1,-1,1,-1
591,[0.35663974 0.23552491],1,-1,-1,0,0
592,[0.65133223 0.55466955],3,3,"[0.6601234827680622, 0.6109507568947781]",1,-1
593,[0.69402063 0.62208576],3,3,"[0.6601234827680622, 0.6109507568947781]",1,-1
594,[0.42271857 0.6111152 ],0,1,"[0.37965276877051146, 0.575157747726818]",1,-1
595,[0.87866446 0.77484156],2,-1,-1,1,-1
596,[0.41093981 0.09205542],1,-1,-1,0,0
597,[0.65867533 0.6566698 ],3,3,"[0.6601234827680622, 0.6109507568947781]",1,-1
598,[0.37995678 0.58887148],0,1,"[0.37965276877051146, 0.575157747726818]",1,-1
599,[0.73091547 0.68912559],2,0,"[0.7890750777399501, 0.6799557517006445]",1,-1
600,[0.25926829 0.18893455],1,2,"[0.294379027732062, 0.1921773781634303]",0,0
601,[0.38042921 0.60226115],0,1,"[0.37965276877051146, 0.575157747726818]",1,-1
602,[0.76331868 0.58457729],2,-1,-1,1,-1
603,[0.58181336 0.6161279 ],3,-1,-1,1,-1
604,[0.78873442 0.69438319],2,0,"[0.7890750777399501, 0.6799557517006445]",1,-1
605,[0.69209966 0.65472183],3,3,"[0.6601234827680622, 0.6109507568947781]",1,-1
606,[0.3375922  0.14654658],1,2,"[0.294379027732062, 0.1921773781634303]",0,0
607,[0.76881663 0.69557757],2,0,"[0.7890750777399501, 0.6799557517006445]",1,-1
608,[0.74573764 0.61412941],3,-1,-1,1,-1
609,[0.84959833 0.66354555],2,0,"[0.7890750777399501, 0.6799557517006445]",1,-1
610,[0.7329621 0.547598 ],3,-1,-1,1,-1
611,[0.33868069 0.50498276],0,-1,-1,1,-1
612,[0.2776393  0.18508264],1,2,"[0.294379027732062, 0.1921773781634303]",0,0
613,[0.66420984 0.59209132],3,3,"[0.6601234827680622, 0.6109507568947781]",1,-1
614,[0.85918685 0.67363434],2,-1,-1,1,-1
615,[0.32890911 0.28806776],1,-1,-1,0,0
616,[0.35446471 0.55639043],0,1,"[0.37965276877051146, 0.575157747726818]",1,-1
617,[0.34504527 0.6025905 ],0,1,"[0.37965276877051146, 0.575157747726818]",1,-1
618,[0.82464816 0.63009084],2,0,"[0.7890750777399501, 0.6799557517006445]",1,-1
619,[0.72549694 0.6611091 ],3,0,"[0.7890750777399501, 0.6799557517006445]",1,-1
620,[0.27285737 0.22930952],1,2,"[0.294379027732062, 0.1921773781634303]",0,0
621,[0.38589322 0.52099403],0,1,"[0.37965276877051146, 0.575157747726818]",1,-1
622,[0.6514218  0.59662631],3,3,"[0.6601234827680622, 0.6109507568947781]",1,-1
623,[0.36687975 0.56376545],0,1,"[0.37965276877051146, 0.575157747726818]",1,1
624,[0.326756   0.13842656],1,2,"[0.294379027732062, 0.1921773781634303]",0,0
625,[0.43370061 0.60887508],0,1,"[0.37965276877051146, 0.575157747726818]",1,-1
626,[0.66803648 0.60257184],3,3,"[0.6601234827680622, 0.6109507568947781]",1,-1
627,[0.34636893 0.53879808],0,1,"[0.37965276877051146, 0.575157747726818]",1,-1
628,[0.37125766 0.63136911],0,1,"[0.37965276877051146, 0.575157747726818]",1,-1
629,[0.31628547 0.2636964 ],1,-1,-1,0,0
630,[0.77958084 0.68881556],2,0,"[0.7890750777399501, 0.6799557517006445]",1,-1
631,[0.3071455  0.17286062],1,2,"[0.294379027732062, 0.1921773781634303]",0,0
632,[0.59646533 0.56198506],3,-1,-1,1,-1
633,[0.73061165 0.6514699 ],2,0,"[0.7890750777399501, 0.6799557517006445]",1,-1
634,[0.48127291 0.48608484],0,-1,-1,1,-1
635,[0.79168208 0.74181712],2,0,"[0.7890750777399501, 0.6799557517006445]",1,-1
636,[0.27098182 0.15099704],1,2,"[0.294379027732062, 0.1921773781634303]",0,0
637,[0.37394701 0.47583862],0,-1,-1,1,-1
638,[0.34186967 0.02592789],1,-1,-1,0,-1
639,[0.61278581 0.63161398],3,3,"[0.6601234827680622, 0.6109507568947781]",1,-1
640,[0.67131322 0.60756128],3,3,"[0.6601234827680622, 0.6109507568947781]",1,-1
641,[0.84652382 0.67364737],2,0,"[0.7890750777399501, 0.6799557517006445]",1,-1
642,[0.34485665 0.18855002],1,2,"[0.294379027732062, 0.1921773781634303]",0,0
643,[0.64124405 0.59400596],3,3,"[0.6601234827680622, 0.6109507568947781]",1,-1
644,[0.32710093 0.54235743],0,1,"[0.37965276877051146, 0.575157747726818]",1,-1
645,[0.30397163 0.5798276 ],0,-1,-1,1,-1
646,[0.29707071 0.19771024],1,2,"[0.294379027732062, 0.1921773781634303]",0,0
647,[0.71890466 0.54190375],3,-1,-1,1,-1
648,[0.27665655 0.15370741],1,2,"[0.294379027732062, 0.1921773781634303]",0,0
649,[0.86471214 0.66532158],2,-1,-1,1,-1
650,[0.60525289 0.61102239],3,3,"[0.6601234827680622, 0.6109507568947781]",1,-1
651,[0.61994813 0.66611038],3,3,"[0.6601234827680622, 0.6109507568947781]",1,-1
652,[0.6639499  0.58271335],3,3,"[0.6601234827680622, 0.6109507568947781]",1,6
653,[0.78166652 0.68470145],2,0,"[0.7890750777399501, 0.6799557517006445]",1,-1
654,[0.39405365 0.58495624],0,1,"[0.37965276877051146, 0.575157747726818]",1,-1
655,[0.49061405 0.59909427],0,-1,-1,1,-1
656,[0.39567468 0.58490551],0,1,"[0.37965276877051146, 0.575157747726818]",1,-1
657,[0.34932182 0.17211934],1,2,"[0.294379027732062, 0.1921773781634303]",0,0
658,[0.46414864 0.5793215 ],0,-1,-1,1,-1
659,[0.28807455 0.16607503],1,2,"[0.294379027732062, 0.1921773781634303]",0,0
660,[0.60569609 0.58802884],3,3,"[0.6601234827680622, 0.6109507568947781]",1,-1
661,[0.63677017 0.64581255],3,3,"[0.6601234827680622, 0.6109507568947781]",1,-1
662,[0.42542584 0.649209  ],0,-1,-1,1,-1
663,[0.29757849 0.13951897],1,2,"[0.294379027732062, 0.1921773781634303]",0,0
664,[0.31015733 0.23908991],1,2,"[0.294379027732062, 0.1921773781634303]",0,0
665,[0.58747377 0.55169104],3,-1,-1,1,-1
666,[0.66158292 0.69151306],3,-1,-1,1,-1
667,[0.32103671 0.56382131],0,1,"[0.37965276877051146, 0.575157747726818]",1,-1
668,[0.76808006 0.59909663],2,-1,-1,1,-1
669,[0.69368405 0.59056594],3,3,"[0.6601234827680622, 0.6109507568947781]",1,-1
670,[0.28104339 0.59998302],0,-1,-1,1,-1
671,[0.74177501 0.74467507],2,-1,-1,1,-1
672,[0.67625383 0.60563094],3,3,"[0.6601234827680622, 0.6109507568947781]",1,5
673,[0.60398288 0.59837618],3,3,"[0.6601234827680622, 0.6109507568947781]",1,-1
674,[0.76986876 0.76863463],2,-1,-1,1,-1
675,[0.32910385 0.17908096],1,2,"[0.294379027732062, 0.1921773781634303]",0,0
676,[0.70181753 0.74839217],2,-1,-1,1,-1
677,[0.77987128 0.77414301],2,-1,-1,1,-1
678,[0.2607664  0.17627083],1,2,"[0.294379027732062, 0.1921773781634303]",0,0
679,[0.84311146 0.68641011],2,0,"[0.7890750777399501, 0.6799557517006445]",1,-1
680,[0.64545744 0.60569881],3,3,"[0.6601234827680622, 0.6109507568947781]",1,-1
681,[0.27840308 0.13751281],1,2,"[0.294379027732062, 0.1921773781634303]",0,0
682,[0.25252297 0.24674613],1,2,"[0.294379027732062, 0.1921773781634303]",0,0
683,[0.42135877 0.57620468],0,1,"[0.37965276877051146, 0.575157747726818]",1,-1
684,[0.89625644 0.66704994],2,-1,-1,1,-1
685,[0.3485224 0.5526606],0,1,"[0.37965276877051146, 0.575157747726818]",1,-1
686,[0.38406231 0.62100017],0,1,"[0.37965276877051146, 0.575157747726818]",1,-1
687,[0.22929101 0.25065546],1,-1,-1,0,0
688,[0.64422735 0.61212727],3,3,"[0.6601234827680622, 0.6109507568947781]",1,6
689,[0.70776473 0.67737981],2,-1,-1,1,-1
690,[0.26461406 0.20410317],1,2,"[0.294379027732062, 0.1921773781634303]",0,0
691,[0.58429307 0.63002259],3,-1,-1,1,-1
692,[0.72884767 0.73437659],2,-1,-1,1,-1
693,[0.39867693 0.60277699],0,1,"[0.37965276877051146, 0.575157747726818]",1,-1
694,[0.31891017 0.52069581],0,-1,-1,1,-1
695,[0.73872514 0.71964633],2,0,"[0.7890750777399501, 0.6799557517006445]",1,-1
696,[0.73686636 0.72244851],2,0,"[0.7890750777399501, 0.6799557517006445]",1,-1
697,[0.35048836 0.17476639],1,2,"[0.294379027732062, 0.1921773781634303]",0,0
698,[0.31137787 0.11880747],1,-1,-1,0,0
699,[0.76321742 0.61906826],2,0,"[0.7890750777399501, 0.6799557517006445]",1,-1
700,[0.4187615  0.55535067],0,1,"[0.37965276877051146, 0.575157747726818]",1,-1
701,[0.34785111 0.14796257],1,2,"[0.294379027732062, 0.1921773781634303]",0,0
702,[0.43680407 0.51588472],0,-1,-1,1,-1
703,[0.88876958 0.68979736],2,-1,-1,1,-1
704,[0.37177331 0.1646824 ],1,-1,-1,0,0
705,[0.67387551 0.63127517],3,3,"[0.6601234827680622, 0.6109507568947781]",1,7
706,[0.73959154 0.60320664],3,-1,-1,1,-1
707,[0.7748138  0.72609471],2,0,"[0.7890750777399501, 0.6799557517006445]",1,-1
708,[0.38646052 0.63613057],0,1,"[0.37965276877051146, 0.575157747726818]",1,-1
709,[0.85129977 0.7193592 ],2,-1,-1,1,-1
710,[0.71275992 0.65094339],3,3,"[0.6601234827680622, 0.6109507568947781]",1,-1
711,[0.39625962 0.63090866],0,1,"[0.37965276877051146, 0.575157747726818]",1,-1
712,[0.26571444 0.20186443],1,2,"[0.294379027732062, 0.1921773781634303]",0,0
713,[0.40173713 0.57960004],0,1,"[0.37965276877051146, 0.575157747726818]",1,-1
714,[0.67719286 0.58294924],3,3,"[0.6601234827680622, 0.6109507568947781]",1,-1
715,[0.40905704 0.55320192],0,1,"[0.37965276877051146, 0.575157747726818]",1,-1
716,[0.74193981 0.66376444],2,0,"[0.7890750777399501, 0.6799557517006445]",1,-1
717,[0.81227955 0.58615442],2,-1,-1,1,-1
718,[0.69441516 0.7870602 ],3,-1,-1,1,-1
719,[0.37386077 0.19432826],1,-1,-1,0,0
720,[0.32322914 0.25402941],1,2,"[0.294379027732062, 0.1921773781634303]",0,0
721,[0.81534669 0.69270593],2,0,"[0.7890750777399501, 0.6799557517006445]",1,-1
722,[0.79377367 0.72677238],2,0,"[0.7890750777399501, 0.6799557517006445]",1,-1
723,[0.36779151 0.16237353],1,-1,-1,0,0
724,[0.71069188 0.66700496],2,-1,-1,1,-1
725,[0.31360835 0.17196246],1,2,"[0.294379027732062, 0.1921773781634303]",0,0
726,[0.64110273 0.59523487],3,3,"[0.6601234827680622, 0.6109507568947781]",1,-1
727,[0.17254827 0.26043582],1,-1,-1,0,0
728,[0.16837025 0.10843991],1,-1,-1,0,0
729,[0.40693371 0.52285954],0,1,"[0.37965276877051146, 0.575157747726818]",1,-1
730,[0.42705707 0.52878494],0,1,"[0.37965276877051146, 0.575157747726818]",1,-1
731,[0.38893832 0.4930674 ],0,-1,-1,1,-1
732,[0.20500352 0.28301214],1,-1,-1,0,0
733,[0.77380952 0.69982964],2,0,"[0.7890750777399501, 0.6799557517006445]",1,-1
734,[0.74912923 0.58764359],3,-1,-1,1,-1
735,[0.84972605 0.70587411],2,0,"[0.7890750777399501, 0.6799557517006445]",1,-1
736,[0.65893774 0.56955414],3,3,"[0.6601234827680622, 0.6109507568947781]",1,-1
737,[0.68165672 0.62054585],3,3,"[0.6601234827680622, 0.6109507568947781]",1,7
738,[0.62046845 0.64883831],3,3,"[0.6601234827680622, 0.6109507568947781]",1,-1
739,[0.67848869 0.59887803],3,3,"[0.6601234827680622, 0.6109507568947781]",1,-1
740,[0.70522159 0.65762694],3,3,"[0.6601234827680622, 0.6109507568947781]",1,-1
741,[0.3087205  0.50940347],0,-1,-1,1,-1
742,[0.78153288 0.70336384],2,0,"[0.7890750777399501, 0.6799557517006445]",1,-1
743,[0.29988286 0.59797735],0,-1,-1,1,-1
744,[0.6776729  0.52481608],3,-1,-1,1,-1
745,[0.68568601 0.6242332 ],2,3,"[0.6601234827680622, 0.6109507568947781]",1,7
746,[0.30573234 0.22880255],1,2,"[0.294379027732062, 0.1921773781634303]",0,0
747,[0.60612952 0.57975301],3,3,"[0.6601234827680622, 0.6109507568947781]",1,-1
748,[0.75918685 0.71580546],2,0,"[0.7890750777399501, 0.6799557517006445]",1,-1
749,[0.74317194 0.70406368],2,0,"[0.7890750777399501, 0.6799557517006445]",1,-1
750,[0.75086096 0.7210148 ],2,0,"[0.7890750777399501, 0.6799557517006445]",1,-1
751,[0.16746565 0.14672529],1,-1,-1,0,0
752,[0.3490878  0.18960273],1,2,"[0.294379027732062, 0.1921773781634303]",0,0
753,[0.43525295 0.54859305],0,1,"[0.37965276877051146, 0.575157747726818]",1,-1
754,[0.3198429  0.15674827],1,2,"[0.294379027732062, 0.1921773781634303]",0,0
755,[0.22673679 0.16868775],1,-1,-1,0,0
756,[0.78433839 0.74302537],2,0,"[0.7890750777399501, 0.6799557517006445]",1,-1
757,[0.39773779 0.55617314],0,1,"[0.37965276877051146, 0.575157747726818]",1,-1
758,[0.2821709  0.21167274],1,2,"[0.294379027732062, 0.1921773781634303]",0,0
759,[0.3371488  0.53057772],0,1,"[0.37965276877051146, 0.575157747726818]",1,-1
760,[0.38393265 0.17910485],1,-1,-1,0,0
761,[0.77509314 0.73467836],2,0,"[0.7890750777399501, 0.6799557517006445]",1,-1
762,[0.65278863 0.60454024],3,3,"[0.6601234827680622, 0.6109507568947781]",1,6
763,[0.35845785 0.60153659],0,1,"[0.37965276877051146, 0.575157747726818]",1,-1
764,[0.23208655 0.1895147 ],1,2,"[0.294379027732062, 0.1921773781634303]",0,0
765,[0.40175502 0.4410682 ],0,-1,-1,1,-1
766,[0.64189624 0.49703949],3,-1,-1,1,-1
767,[0.76908402 0.65707231],2,0,"[0.7890750777399501, 0.6799557517006445]",1,-1
768,[0.63776804 0.58630372],3,3,"[0.6601234827680622, 0.6109507568947781]",1,-1
769,[0.26269886 0.28143555],1,-1,-1,0,0
770,[0.6875072  0.56137506],3,3,"[0.6601234827680622, 0.6109507568947781]",1,-1
771,[0.25984509 0.29003454],1,-1,-1,0,0
772,[0.18101235 0.31046174],1,-1,-1,0,0
773,[0.38783482 0.56467529],0,1,"[0.37965276877051146, 0.575157747726818]",1,-1
774,[0.34244336 0.16914299],1,2,"[0.294379027732062, 0.1921773781634303]",0,0
775,[0.34844526 0.58011674],0,1,"[0.37965276877051146, 0.575157747726818]",1,-1
776,[0.44205329 0.59277936],0,1,"[0.37965276877051146, 0.575157747726818]",1,-1
777,[0.35767486 0.50639508],0,-1,-1,1,-1
778,[0.60751885 0.53357182],3,-1,-1,1,-1
779,[0.22227688 0.20006951],1,-1,-1,0,0
780,[0.79016347 0.61018467],2,0,"[0.7890750777399501, 0.6799557517006445]",1,-1
781,[0.38861316 0.22877964],1,-1,-1,0,0
782,[0.39187768 0.58658886],0,1,"[0.37965276877051146, 0.575157747726818]",1,-1
783,[0.78659872 0.64351433],2,0,"[0.7890750777399501, 0.6799557517006445]",1,-1
784,[0.38355795 0.54109316],0,1,"[0.37965276877051146, 0.575157747726818]",1,-1
785,[0.20529294 0.16381014],1,-1,-1,0,0
786,[0.76422089 0.68283288],2,0,"[0.7890750777399501, 0.6799557517006445]",1,-1
787,[0.63875026 0.65479585],3,3,"[0.6601234827680622, 0.6109507568947781]",1,-1
788,[0.66034361 0.63389966],3,3,"[0.6601234827680622, 0.6109507568947781]",1,-1
789,[0.87510238 0.65098594],2,-1,-1,1,-1
790,[0.6773697  0.67183387],3,3,"[0.6601234827680622, 0.6109507568947781]",1,-1
791,[0.71555493 0.70294325],2,-1,-1,1,-1
792,[0.71861629 0.58376842],3,3,"[0.6601234827680622, 0.6109507568947781]",1,-1
793,[0.37423428 0.57885229],0,1,"[0.37965276877051146, 0.575157747726818]",1,1
794,[0.27701503 0.2011974 ],1,2,"[0.294379027732062, 0.1921773781634303]",0,0
795,[0.71896164 0.55955163],3,-1,-1,1,-1
796,[0.84164301 0.6559999 ],2,0,"[0.7890750777399501, 0.6799557517006445]",1,-1
797,[0.27110701 0.15639966],1,2,"[0.294379027732062, 0.1921773781634303]",0,0
798,[0.69170169 0.58833653],3,3,"[0.6601234827680622, 0.6109507568947781]",1,-1
799,[0.70108214 0.68031558],3,-1,-1,1,-1
800,[0.75458839 0.67073187],2,0,"[0.7890750777399501, 0.6799557517006445]",1,-1
801,[0.27202439 0.08576363],1,-1,-1,0,0
802,[0.45896266 0.61010271],0,-1,-1,1,-1
803,[0.26253884 0.26914096],1,-1,-1,0,0
804,[0.34371445 0.25182262],1,-1,-1,0,0
805,[0.83863323 0.63266083],2,0,"[0.7890750777399501, 0.6799557517006445]",1,-1
806,[0.1462359  0.15604258],1,-1,-1,0,0
807,[0.25066325 0.21421287],1,2,"[0.294379027732062, 0.1921773781634303]",0,0
808,[0.36795918 0.22006909],1,-1,-1,0,0
809,[0.39790181 0.51533445],0,1,"[0.37965276877051146, 0.575157747726818]",1,-1
810,[0.36474259 0.25824156],1,-1,-1,0,0
811,[0.32045013 0.65912687],0,-1,-1,1,-1
812,[0.33006949 0.19629652],1,2,"[0.294379027732062, 0.1921773781634303]",0,0
813,[0.368255   0.53265291],0,1,"[0.37965276877051146, 0.575157747726818]",1,-1
814,[0.28410891 0.17113049],1,2,"[0.294379027732062, 0.1921773781634303]",0,0
815,[0.72107923 0.76470898],2,-1,-1,1,-1
816,[0.34947974 0.21103757],1,2,"[0.294379027732062, 0.1921773781634303]",0,0
817,[0.64654529 0.57718077],3,3,"[0.6601234827680622, 0.6109507568947781]",1,-1
818,[0.37806134 0.21607491],1,-1,-1,0,0
819,[0.71535404 0.64705944],3,3,"[0.6601234827680622, 0.6109507568947781]",1,-1
820,[0.83824211 0.62277085],2,-1,-1,1,-1
821,[0.29781299 0.20174196],1,2,"[0.294379027732062, 0.1921773781634303]",0,0
822,[0.30655407 0.15391089],1,2,"[0.294379027732062, 0.1921773781634303]",0,0
823,[0.68839695 0.7589198 ],3,-1,-1,1,-1
824,[0.77573589 0.64071575],2,0,"[0.7890750777399501, 0.6799557517006445]",1,-1
825,[0.81423838 0.73596823],2,0,"[0.7890750777399501, 0.6799557517006445]",1,-1
826,[0.44118988 0.53154449],0,-1,-1,1,-1
827,[0.73075024 0.64346877],3,0,"[0.7890750777399501, 0.6799557517006445]",1,-1
828,[0.38638155 0.28849549],1,-1,-1,0,0
829,[0.62419017 0.61512714],3,3,"[0.6601234827680622, 0.6109507568947781]",1,-1
830,[0.6608108  0.60873895],3,3,"[0.6601234827680622, 0.6109507568947781]",1,-1
831,[0.69611695 0.74402366],2,-1,-1,1,-1
832,[0.41400029 0.60109797],0,1,"[0.37965276877051146, 0.575157747726818]",1,-1
833,[0.87419159 0.65807689],2,-1,-1,1,-1
834,[0.32409332 0.56673951],0,1,"[0.37965276877051146, 0.575157747726818]",1,-1
835,[0.37675553 0.57604947],0,1,"[0.37965276877051146, 0.575157747726818]",1,1
836,[0.32471448 0.18035659],1,2,"[0.294379027732062, 0.1921773781634303]",0,0
837,[0.73625243 0.67422192],2,0,"[0.7890750777399501, 0.6799557517006445]",1,-1
838,[0.64523068 0.58402453],3,3,"[0.6601234827680622, 0.6109507568947781]",1,-1
839,[0.37353531 0.26620016],1,-1,-1,0,0
840,[0.4335374  0.57716027],0,1,"[0.37965276877051146, 0.575157747726818]",1,-1
841,[0.42448654 0.65288801],0,-1,-1,1,-1
842,[0.85110061 0.67650567],2,0,"[0.7890750777399501, 0.6799557517006445]",1,-1
843,[0.65291744 0.6218011 ],3,3,"[0.6601234827680622, 0.6109507568947781]",1,7
844,[0.72851716 0.69661334],3,0,"[0.7890750777399501, 0.6799557517006445]",1,-1
845,[0.5965412  0.57235297],3,-1,-1,1,-1
846,[0.86988841 0.65158757],2,-1,-1,1,-1
847,[0.18120455 0.17374775],1,-1,-1,0,0
848,[0.65993855 0.67918128],3,3,"[0.6601234827680622, 0.6109507568947781]",1,-1
849,[0.73285477 0.58407908],2,-1,-1,1,-1
850,[0.73099447 0.70471381],2,0,"[0.7890750777399501, 0.6799557517006445]",1,-1
851,[0.66094043 0.46270842],3,-1,-1,1,-1
852,[0.76619001 0.70979444],2,0,"[0.7890750777399501, 0.6799557517006445]",1,-1
853,[0.68818549 0.56137246],3,3,"[0.6601234827680622, 0.6109507568947781]",1,-1
854,[0.3901335  0.60467389],0,1,"[0.37965276877051146, 0.575157747726818]",1,-1
855,[0.58519938 0.61034797],3,-1,-1,1,-1
856,[0.79409547 0.75064171],2,-1,-1,1,-1
857,[0.65735657 0.58392135],3,3,"[0.6601234827680622, 0.6109507568947781]",1,-1
858,[0.6653446  0.58214455],3,3,"[0.6601234827680622, 0.6109507568947781]",1,-1
859,[0.69342346 0.57564729],3,3,"[0.6601234827680622, 0.6109507568947781]",1,-1
860,[0.75208894 0.70282531],2,0,"[0.7890750777399501, 0.6799557517006445]",1,-1
861,[0.67152722 0.62260088],3,3,"[0.6601234827680622, 0.6109507568947781]",1,7
862,[0.77573971 0.73203011],2,0,"[0.7890750777399501, 0.6799557517006445]",1,-1
863,[0.28649488 0.23463594],1,2,"[0.294379027732062, 0.1921773781634303]",0,0
864,[0.2726456  0.56887097],0,-1,-1,1,-1
865,[0.40255547 0.59957375],0,1,"[0.37965276877051146, 0.575157747726818]",1,-1
866,[0.66015572 0.59278989],3,3,"[0.6601234827680622, 0.6109507568947781]",1,-1
867,[0.34590295 0.63350259],0,1,"[0.37965276877051146, 0.575157747726818]",1,-1
868,[0.27334044 0.09290359],1,-1,-1,0,0
869,[0.40026931 0.53192703],0,1,"[0.37965276877051146, 0.575157747726818]",1,-1
870,[0.84253864 0.62665845],2,-1,-1,1,-1
871,[0.80534053 0.66306199],2,0,"[0.7890750777399501, 0.6799557517006445]",1,-1
872,[0.888942  0.7107109],2,-1,-1,1,-1
873,[0.73516738 0.59953958],3,-1,-1,1,-1
874,[0.78434228 0.65756513],2,0,"[0.7890750777399501, 0.6799557517006445]",1,-1
875,[0.23203769 0.21137769],1,2,"[0.294379027732062, 0.1921773781634303]",0,0
876,[0.77007309 0.74107279],2,0,"[0.7890750777399501, 0.6799557517006445]",1,-1
877,[0.70753439 0.62300372],3,3,"[0.6601234827680622, 0.6109507568947781]",1,-1
878,[0.67548344 0.61765367],3,3,"[0.6601234827680622, 0.6109507568947781]",1,-1
879,[0.68850247 0.4526593 ],3,-1,-1,1,-1
880,[0.71736677 0.62342711],3,3,"[0.6601234827680622, 0.6109507568947781]",1,-1
881,[0.40261395 0.56944582],0,1,"[0.37965276877051146, 0.575157747726818]",1,2
882,[0.3572027  0.51731402],0,1,"[0.37965276877051146, 0.575157747726818]",1,-1
883,[0.23193559 0.26966648],1,-1,-1,0,0
884,[0.32183083 0.18831995],1,2,"[0.294379027732062, 0.1921773781634303]",0,0
885,[0.83045112 0.70952973],2,0,"[0.7890750777399501, 0.6799557517006445]",1,-1
886,[0.26344187 0.17185025],1,2,"[0.294379027732062, 0.1921773781634303]",0,0
887,[0.3080199  0.18763916],1,2,"[0.294379027732062, 0.1921773781634303]",0,0
888,[0.30375532 0.25923085],1,2,"[0.294379027732062, 0.1921773781634303]",0,0
889,[0.78184347 0.75957589],2,-1,-1,1,-1
890,[0.25057665 0.13493195],1,-1,-1,0,0
891,[0.40056001 0.49797736],0,-1,-1,1,-1
892,[0.41203136 0.58973637],0,1,"[0.37965276877051146, 0.575157747726818]",1,-1
893,[0.60847785 0.59953843],3,3,"[0.6601234827680622, 0.6109507568947781]",1,-1
894,[0.44811539 0.64379292],0,-1,-1,1,-1
895,[0.85891317 0.73594836],2,-1,-1,1,-1
896,[0.63046792 0.57294192],3,3,"[0.6601234827680622, 0.6109507568947781]",1,-1
897,[0.26181464 0.22010881],1,2,"[0.294379027732062, 0.1921773781634303]",0,0
898,[0.81228378 0.66465612],2,0,"[0.7890750777399501, 0.6799557517006445]",1,-1
899,[0.36192914 0.48155034],0,-1,-1,1,-1
900,[0.26954851 0.14057204],1,2,"[0.294379027732062, 0.1921773781634303]",0,0
901,[0.39547991 0.60245577],0,1,"[0.37965276877051146, 0.575157747726818]",1,-1
902,[0.32371452 0.14133283],1,2,"[0.294379027732062, 0.1921773781634303]",0,0
903,[0.36594039 0.5570519 ],0,1,"[0.37965276877051146, 0.575157747726818]",1,1
904,[0.30729387 0.63271432],0,-1,-1,1,-1
905,[0.37108804 0.17170883],1,-1,-1,0,0
906,[0.34407047 0.25297039],1,-1,-1,0,0
907,[0.73470369 0.63304137],2,-1,-1,1,-1
908,[0.57784039 0.58673711],3,-1,-1,1,-1
909,[0.59292331 0.58073945],3,-1,-1,1,-1
910,[0.29568284 0.22536406],1,2,"[0.294379027732062, 0.1921773781634303]",0,0
911,[0.23488462 0.08379442],1,-1,-1,0,0
912,[0.44141056 0.6256129 ],0,-1,-1,1,-1
913,[0.74934413 0.68119869],2,0,"[0.7890750777399501, 0.6799557517006445]",1,-1
914,[0.32626867 0.62221756],0,-1,-1,1,-1
915,[0.35897308 0.6764943 ],0,-1,-1,1,-1
916,[0.71972487 0.57316957],3,-1,-1,1,-1
917,[0.667979   0.62479371],3,3,"[0.6601234827680622, 0.6109507568947781]",1,7
918,[0.34323798 0.29535658],1,-1,-1,0,0
919,[0.37579078 0.30796849],1,-1,-1,0,0
920,[0.64743815 0.5968822 ],3,3,"[0.6601234827680622, 0.6109507568947781]",1,-1
921,[0.70860166 0.68634088],3,-1,-1,1,-1
922,[0.2510238  0.22230376],1,2,"[0.294379027732062, 0.1921773781634303]",0,0
923,[0.65841252 0.68235189],3,-1,-1,1,-1
924,[0.43588857 0.61437415],0,1,"[0.37965276877051146, 0.575157747726818]",1,-1
925,[0.2809433  0.17255892],1,2,"[0.294379027732062, 0.1921773781634303]",0,0
926,[0.77332672 0.65860517],2,0,"[0.7890750777399501, 0.6799557517006445]",1,3
927,[0.31210749 0.53833724],0,-1,-1,1,-1
928,[0.36157749 0.52075302],0,1,"[0.37965276877051146, 0.575157747726818]",1,-1
929,[0.79266874 0.70156037],2,0,"[0.7890750777399501, 0.6799557517006445]",1,-1
930,[0.62621093 0.61059002],3,3,"[0.6601234827680622, 0.6109507568947781]",1,-1
931,[0.39681069 0.62252447],0,1,"[0.37965276877051146, 0.575157747726818]",1,-1
932,[0.3478163  0.55076086],0,1,"[0.37965276877051146, 0.575157747726818]",1,-1
933,[0.17507952 0.09970485],1,-1,-1,0,0
934,[0.41880591 0.704813  ],0,-1,-1,1,-1
935,[0.38245736 0.54062032],0,1,"[0.37965276877051146, 0.575157747726818]",1,-1
936,[0.35583769 0.60525206],0,1,"[0.37965276877051146, 0.575157747726818]",1,-1
937,[0.35602191 0.67803187],0,-1,-1,1,-1
938,[0.72127453 0.62771861],2,3,"[0.6601234827680622, 0.6109507568947781]",1,-1
939,[0.65988833 0.63441487],3,3,"[0.6601234827680622, 0.6109507568947781]",1,-1
940,[0.65847047 0.64894251],3,3,"[0.6601234827680622, 0.6109507568947781]",1,-1
941,[0.70127549 0.66373285],3,3,"[0.6601234827680622, 0.6109507568947781]",1,-1
942,[0.24737558 0.1550805 ],1,2,"[0.294379027732062, 0.1921773781634303]",0,0
943,[0.78750375 0.76223133],2,-1,-1,1,-1
944,[0.25253862 0.16376788],1,2,"[0.294379027732062, 0.1921773781634303]",0,0
945,[0.41758126 0.58185346],0,1,"[0.37965276877051146, 0.575157747726818]",1,-1
946,[0.31944565 0.16822354],1,2,"[0.294379027732062, 0.1921773781634303]",0,0
947,[0.85708291 0.746442  ],2,-1,-1,1,-1
948,[0.28364544 0.64555952],0,-1,-1,1,-1
949,[0.78292452 0.68144293],2,0,"[0.7890750777399501, 0.6799557517006445]",1,4
950,[0.33677186 0.5718628 ],0,1,"[0.37965276877051146, 0.575157747726818]",1,-1
951,[0.6946561  0.66973231],2,3,"[0.6601234827680622, 0.6109507568947781]",1,-1
952,[0.40584234 0.55365545],0,1,"[0.37965276877051146, 0.575157747726818]",1,-1
953,[0.77247983 0.63875003],2,0,"[0.7890750777399501, 0.6799557517006445]",1,-1
954,[0.72270305 0.64446337],3,-1,-1,1,-1
955,[0.33627879 0.14829469],1,2,"[0.294379027732062, 0.1921773781634303]",0,0
956,[0.37636173 0.61476472],0,1,"[0.37965276877051146, 0.575157747726818]",1,-1
957,[0.3964428  0.55184512],0,1,"[0.37965276877051146, 0.575157747726818]",1,-1
958,[0.33975697 0.14356216],1,2,"[0.294379027732062, 0.1921773781634303]",0,0
959,[0.58435938 0.65032907],3,-1,-1,1,-1
960,[0.32946983 0.53695084],0,1,"[0.37965276877051146, 0.575157747726818]",1,-1
961,[0.25495979 0.2125521 ],1,2,"[0.294379027732062, 0.1921773781634303]",0,0
962,[0.90312397 0.78485337],2,-1,-1,1,-1
963,[0.27218594 0.14504441],1,2,"[0.294379027732062, 0.1921773781634303]",0,0
964,[0.78491227 0.61070172],2,0,"[0.7890750777399501, 0.6799557517006445]",1,-1
965,[0.24015717 0.20163851],1,2,"[0.294379027732062, 0.1921773781634303]",0,0
966,[0.3809689 0.4933617],0,-1,-1,1,-1
967,[0.37755619 0.63469349],0,1,"[0.37965276877051146, 0.575157747726818]",1,-1
968,[0.30986147 0.20562055],1,2,"[0.294379027732062, 0.1921773781634303]",0,0
969,[0.65970868 0.59880052],3,3,"[0.6601234827680622, 0.6109507568947781]",1,6
970,[0.71830471 0.7411719 ],2,-1,-1,1,-1
971,[0.75502133 0.66750169],2,0,"[0.7890750777399501, 0.6799557517006445]",1,-1
972,[0.2740203  0.19086596],1,2,"[0.294379027732062, 0.1921773781634303]",0,0
973,[0.39109923 0.53705038],0,1,"[0.37965276877051146, 0.575157747726818]",1,-1
974,[0.58483397 0.59824066],3,-1,-1,1,-1
975,[0.64506703 0.60204914],3,3,"[0.6601234827680622, 0.6109507568947781]",1,-1
976,[0.61640545 0.62454156],3,3,"[0.6601234827680622, 0.6109507568947781]",1,-1
977,[0.34935312 0.52564592],0,1,"[0.37965276877051146, 0.575157747726818]",1,-1
978,[0.80886244 0.65570575],2,0,"[0.7890750777399501, 0.6799557517006445]",1,-1
979,[0.69527709 0.69701295],3,-1,-1,1,-1
980,[0.37061007 0.59105482],0,1,"[0.37965276877051146, 0.575157747726818]",1,-1
981,[0.68866174 0.57042905],3,3,"[0.6601234827680622, 0.6109507568947781]",1,-1
982,[0.84131924 0.62303216],2,-1,-1,1,-1
983,[0.8086592  0.60486912],2,-1,-1,1,-1
984,[0.38274934 0.53264947],0,1,"[0.37965276877051146, 0.575157747726818]",1,-1
985,[0.65746102 0.68336615],3,-1,-1,1,-1
986,[0.53839837 0.59527465],3,-1,-1,1,-1
987,[0.35330322 0.59381219],0,1,"[0.37965276877051146, 0.575157747726818]",1,-1
988,[0.84775858 0.70121449],2,0,"[0.7890750777399501, 0.6799557517006445]",1,-1
989,[0.34928717 0.64106331],0,-1,-1,1,-1
990,[0.33343591 0.28178984],1,-1,-1,0,0
991,[0.68397836 0.6043478 ],3,3,"[0.6601234827680622, 0.6109507568947781]",1,5
992,[0.31178821 0.22087859],1,2,"[0.294379027732062, 0.1921773781634303]",0,0
993,[0.60234738 0.59042699],3,3,"[0.6601234827680622, 0.6109507568947781]",1,-1
994,[0.31377135 0.17344995],1,2,"[0.294379027732062, 0.1921773781634303]",0,0
995,[0.63258113 0.66087276],3,3,"[0.6601234827680622, 0.6109507568947781]",1,-1
996,[0.62341842 0.59509147],3,3,"[0.6601234827680622, 0.6109507568947781]",1,-1
997,[0.40814101 0.5827356 ],0,1,"[0.37965276877051146, 0.575157747726818]",1,-1
998,[0.27340382 0.19695352],1,2,"[0.294379027732062, 0.1921773781634303]",0,0
999,[0.30599817 0.60855612],0,-1,-1,1,-1
1000,[0.30429006 0.11729226],1,-1,-1,0,0
1001,[0.78506788 0.72522541],2,0,"[0.7890750777399501, 0.6799557517006445]",1,-1
1002,[0.33991761 0.54669778],0,1,"[0.37965276877051146, 0.575157747726818]",1,-1
1003,[0.42795484 0.64847048],0,-1,-1,1,-1
1004,[0.34446157 0.57241065],0,1,"[0.37965276877051146, 0.575157747726818]",1,-1
1005,[0.72283819 0.6003496 ],3,3,"[0.6601234827680622, 0.6109507568947781]",1,-1
1006,[0.63761438 0.65505295],3,3,"[0.6601234827680622, 0.6109507568947781]",1,-1
1007,[0.76591805 0.73698493],2,0,"[0.7890750777399501, 0.6799557517006445]",1,-1
1008,[0.63510835 0.65725957],3,3,"[0.6601234827680622, 0.6109507568947781]",1,-1
1009,[0.26590401 0.24284506],1,2,"[0.294379027732062, 0.1921773781634303]",0,0
1010,[0.40162742 0.56158051],0,1,"[0.37965276877051146, 0.575157747726818]",1,-1
1011,[0.47563082 0.61622764],0,-1,-1,1,-1
1012,[0.84617243 0.68973789],2,0,"[0.7890750777399501, 0.6799557517006445]",1,-1
1013,[0.33284173 0.16183308],1,2,"[0.294379027732062, 0.1921773781634303]",0,0
1014,[0.31744632 0.25101177],1,2,"[0.294379027732062, 0.1921773781634303]",0,0
1015,[0.24024396 0.09439427],1,-1,-1,0,0
1016,[0.32544674 0.2541789 ],1,2,"[0.294379027732062, 0.1921773781634303]",0,0
1017,[0.35944736 0.15240594],1,-1,-1,0,0
1018,[0.77237321 0.61611054],2,0,"[0.7890750777399501, 0.6799557517006445]",1,-1
1019,[0.66627295 0.61967747],3,3,"[0.6601234827680622, 0.6109507568947781]",1,7
1020,[0.72661529 0.63909381],2,-1,-1,1,-1
1021,[0.34751535 0.13353102],1,-1,-1,0,0
1022,[0.63368276 0.62924948],3,3,"[0.6601234827680622, 0.6109507568947781]",1,-1
1023,[0.32273668 0.17722954],1,2,"[0.294379027732062, 0.1921773781634303]",0,0
1024,[0.64245901 0.61240027],3,3,"[0.6601234827680622, 0.6109507568947781]",1,-1
1025,[0.67498275 0.59741193],3,3,"[0.6601234827680622, 0.6109507568947781]",1,-1
1026,[0.7733467  0.78226582],2,-1,-1,1,-1
1027,[0.78808465 0.7203649 ],2,0,"[0.7890750777399501, 0.6799557517006445]",1,-1
1028,[0.67517018 0.55627145],3,3,"[0.6601234827680622, 0.6109507568947781]",1,-1
1029,[0.25548278 0.17356446],1,2,"[0.294379027732062, 0.1921773781634303]",0,0
1030,[0.27530728 0.14420923],1,2,"[0.294379027732062, 0.1921773781634303]",0,0
1031,[0.3016624 0.2083923],1,2,"[0.294379027732062, 0.1921773781634303]",0,0
1032,[0.26877188 0.21955016],1,2,"[0.294379027732062, 0.1921773781634303]",0,0
1033,[0.41304719 0.45374508],0,-1,-1,1,-1
1034,[0.39308189 0.53701641],0,1,"[0.37965276877051146, 0.575157747726818]",1,-1
1035,[0.78081121 0.63197261],2,0,"[0.7890750777399501, 0.6799557517006445]",1,-1
1036,[0.42464701 0.50119902],0,-1,-1,1,-1
1037,[0.33704379 0.13846123],1,2,"[0.294379027732062, 0.1921773781634303]",0,0
1038,[0.31049142 0.1621476 ],1,2,"[0.294379027732062, 0.1921773781634303]",0,0
1039,[0.62540416 0.65093511],3,3,"[0.6601234827680622, 0.6109507568947781]",1,-1
1040,[0.66840894 0.57994701],3,3,"[0.6601234827680622, 0.6109507568947781]",1,-1
1041,[0.72992807 0.6248388 ],3,-1,-1,1,-1
1042,[0.77908886 0.64463415],2,0,"[0.7890750777399501, 0.6799557517006445]",1,-1
1043,[0.66656791 0.69565646],2,-1,-1,1,-1
1044,[0.64930732 0.59108185],3,3,"[0.6601234827680622, 0.6109507568947781]",1,-1
1045,[0.80374476 0.68626404],2,0,"[0.7890750777399501, 0.6799557517006445]",1,-1
1046,[0.35568717 0.61865427],0,1,"[0.37965276877051146, 0.575157747726818]",1,-1
1047,[0.29661955 0.68611664],0,-1,-1,1,-1
1048,[0.69728259 0.66572974],2,3,"[0.6601234827680622, 0.6109507568947781]",1,-1
1049,[0.69453055 0.57579029],3,3,"[0.6601234827680622, 0.6109507568947781]",1,-1
1050,[0.25077245 0.25696666],1,-1,-1,0,0
1051,[0.33959566 0.53322309],0,1,"[0.37965276877051146, 0.575157747726818]",1,-1
1052,[0.19806539 0.17323638],1,-1,-1,0,0
1053,[0.28368295 0.5578171 ],0,-1,-1,1,-1
1054,[0.31227113 0.12488243],1,2,"[0.294379027732062, 0.1921773781634303]",0,0
1055,[0.79557506 0.77034469],2,-1,-1,1,-1
1056,[0.31710383 0.14839202],1,2,"[0.294379027732062, 0.1921773781634303]",0,0
1057,[0.37474827 0.60130707],0,1,"[0.37965276877051146, 0.575157747726818]",1,-1
1058,[0.75505301 0.55858097],2,-1,-1,1,-1
1059,[0.8366254  0.65801431],2,0,"[0.7890750777399501, 0.6799557517006445]",1,-1
1060,[0.69993312 0.64651033],3,3,"[0.6601234827680622, 0.6109507568947781]",1,-1
1061,[0.75677051 0.68324719],2,0,"[0.7890750777399501, 0.6799557517006445]",1,-1
1062,[0.8657669  0.68079726],2,-1,-1,1,-1
1063,[0.27076515 0.15936812],1,2,"[0.294379027732062, 0.1921773781634303]",0,0
1064,[0.41116533 0.5468824 ],0,1,"[0.37965276877051146, 0.575157747726818]",1,-1
1065,[0.68076924 0.59666623],3,3,"[0.6601234827680622, 0.6109507568947781]",1,-1
1066,[0.39439621 0.49230304],0,-1,-1,1,-1
1067,[0.63461386 0.56685015],3,3,"[0.6601234827680622, 0.6109507568947781]",1,-1
1068,[0.64156829 0.66713675],3,3,"[0.6601234827680622, 0.6109507568947781]",1,-1
1069,[0.40682135 0.65871202],0,-1,-1,1,-1
1070,[0.46869598 0.61240879],0,-1,-1,1,-1
1071,[0.643399   0.59407687],3,3,"[0.6601234827680622, 0.6109507568947781]",1,-1
1072,[0.35617326 0.55121708],0,1,"[0.37965276877051146, 0.575157747726818]",1,-1
1073,[0.74432172 0.60969409],3,-1,-1,1,-1
1074,[0.62690734 0.61331808],3,3,"[0.6601234827680622, 0.6109507568947781]",1,-1
1075,[0.78058929 0.69999182],2,0,"[0.7890750777399501, 0.6799557517006445]",1,-1
1076,[0.77763642 0.69886676],2,0,"[0.7890750777399501, 0.6799557517006445]",1,-1
1077,[0.25055275 0.18322541],1,2,"[0.294379027732062, 0.1921773781634303]",0,0
1078,[0.44237681 0.64267365],0,-1,-1,1,-1
1079,[0.34738795 0.20096614],1,2,"[0.294379027732062, 0.1921773781634303]",0,0
1080,[0.62982766 0.66745326],3,3,"[0.6601234827680622, 0.6109507568947781]",1,-1
1081,[0.32710489 0.53387102],0,1,"[0.37965276877051146, 0.575157747726818]",1,-1
1082,[0.71958299 0.62786291],3,3,"[0.6601234827680622, 0.6109507568947781]",1,-1
1083,[0.85209121 0.59899129],2,-1,-1,1,-1
1084,[0.68777613 0.67870254],3,-1,-1,1,-1
1085,[0.33960539 0.55242837],0,1,"[0.37965276877051146, 0.575157747726818]",1,-1
1086,[0.35134281 0.15304233],1,2,"[0.294379027732062, 0.1921773781634303]",0,0
1087,[0.65948121 0.58490584],3,3,"[0.6601234827680622, 0.6109507568947781]",1,-1
1088,[0.65983637 0.61038462],3,3,"[0.6601234827680622, 0.6109507568947781]",1,-1
1089,[0.36319533 0.55686727],0,1,"[0.37965276877051146, 0.575157747726818]",1,1
1090,[0.70393389 0.63090247],3,3,"[0.6601234827680622, 0.6109507568947781]",1,-1
1091,[0.79166274 0.68618188],2,0,"[0.7890750777399501, 0.6799557517006445]",1,-1
1092,[0.5807029 0.5813309],3,-1,-1,1,-1
1093,[0.70416276 0.71850544],2,-1,-1,1,-1
1094,[0.24314934 0.19670666],1,2,"[0.294379027732062, 0.1921773781634303]",0,0
1095,[0.82580217 0.65124804],2,0,"[0.7890750777399501, 0.6799557517006445]",1,-1
1096,[0.26960972 0.16166314],1,2,"[0.294379027732062, 0.1921773781634303]",0,0
1097,[0.82813528 0.73328235],2,0,"[0.7890750777399501, 0.6799557517006445]",1,-1
1098,[0.47984396 0.60188132],0,-1,-1,1,-1
1099,[0.42900241 0.63604287],0,-1,-1,1,-1
1100,[0.72068538 0.70660674],2,-1,-1,1,-1
1101,[0.29004426 0.63543947],0,-1,-1,1,-1
1102,[0.33962529 0.52719196],0,1,"[0.37965276877051146, 0.575157747726818]",1,-1
1103,[0.86449824 0.68603191],2,-1,-1,1,-1
1104,[0.27941965 0.22985419],1,2,"[0.294379027732062, 0.1921773781634303]",0,0
1105,[0.20488752 0.13030793],1,-1,-1,0,0
1106,[0.34599849 0.10179798],1,-1,-1,0,0
1107,[0.75747012 0.68647996],3,0,"[0.7890750777399501, 0.6799557517006445]",1,-1
1108,[0.35222147 0.55963846],0,1,"[0.37965276877051146, 0.575157747726818]",1,-1
1109,[0.39708417 0.54260436],0,1,"[0.37965276877051146, 0.575157747726818]",1,-1
1110,[0.25710414 0.1632097 ],1,2,"[0.294379027732062, 0.1921773781634303]",0,0
1111,[0.37862572 0.56807877],0,1,"[0.37965276877051146, 0.575157747726818]",1,-1
1112,[0.78000727 0.73522571],2,0,"[0.7890750777399501, 0.6799557517006445]",1,-1
1113,[0.47989973 0.55666675],0,-1,-1,1,-1
1114,[0.2606593  0.29922393],1,-1,-1,0,0
1115,[0.60896042 0.62729795],3,3,"[0.6601234827680622, 0.6109507568947781]",1,-1
1116,[0.38031278 0.51680131],0,1,"[0.37965276877051146, 0.575157747726818]",1,-1
1117,[0.6407203  0.62626048],3,3,"[0.6601234827680622, 0.6109507568947781]",1,-1
1118,[0.26311884 0.18892948],1,2,"[0.294379027732062, 0.1921773781634303]",0,0
1119,[0.66933757 0.55091577],3,3,"[0.6601234827680622, 0.6109507568947781]",1,-1
1120,[0.8110914  0.67624386],2,0,"[0.7890750777399501, 0.6799557517006445]",1,-1
1121,[0.58823776 0.72870369],3,-1,-1,1,-1
1122,[0.67764606 0.61098656],3,3,"[0.6601234827680622, 0.6109507568947781]",1,-1
1123,[0.6466907  0.63480962],3,3,"[0.6601234827680622, 0.6109507568947781]",1,-1
1124,[0.28785373 0.20563502],1,2,"[0.294379027732062, 0.1921773781634303]",0,0
1125,[0.5948742  0.57812987],3,-1,-1,1,-1
1126,[0.30777461 0.1794774 ],1,2,"[0.294379027732062, 0.1921773781634303]",0,0
1127,[0.79899976 0.69761472],2,0,"[0.7890750777399501, 0.6799557517006445]",1,-1
1128,[0.43726279 0.68388161],0,-1,-1,1,-1
1129,[0.71046033 0.55422694],3,-1,-1,1,-1
1130,[0.26428881 0.25326062],1,2,"[0.294379027732062, 0.1921773781634303]",0,0
1131,[0.37731912 0.12345207],1,-1,-1,0,0
1132,[0.42413241 0.58963815],0,1,"[0.37965276877051146, 0.575157747726818]",1,-1
1133,[0.3474305  0.55717489],0,1,"[0.37965276877051146, 0.575157747726818]",1,-1
1134,[0.81117026 0.69222891],2,0,"[0.7890750777399501, 0.6799557517006445]",1,-1
1135,[0.44734387 0.60547782],0,-1,-1,1,-1
1136,[0.30489834 0.15346095],1,2,"[0.294379027732062, 0.1921773781634303]",0,0
1137,[0.27164391 0.25787004],1,2,"[0.294379027732062, 0.1921773781634303]",0,0
1138,[0.40349679 0.20998766],1,-1,-1,0,0
1139,[0.69184293 0.60446775],3,3,"[0.6601234827680622, 0.6109507568947781]",1,-1
1140,[0.29689744 0.60133835],0,-1,-1,1,-1
1141,[0.72092193 0.66070999],3,-1,-1,1,-1
1142,[0.84647626 0.69373947],2,0,"[0.7890750777399501, 0.6799557517006445]",1,-1
1143,[0.36873085 0.56186275],0,1,"[0.37965276877051146, 0.575157747726818]",1,1
1144,[0.37217468 0.55023399],0,1,"[0.37965276877051146, 0.575157747726818]",1,-1
1145,[0.39783858 0.2155735 ],1,-1,-1,0,0
1146,[0.30369769 0.22577162],1,2,"[0.294379027732062, 0.1921773781634303]",0,0
1147,[0.3984245  0.58829769],0,1,"[0.37965276877051146, 0.575157747726818]",1,-1
1148,[0.71534562 0.59865976],3,3,"[0.6601234827680622, 0.6109507568947781]",1,-1
1149,[0.7715805  0.68382447],2,0,"[0.7890750777399501, 0.6799557517006445]",1,4
1150,[0.34742992 0.54184042],0,1,"[0.37965276877051146, 0.575157747726818]",1,-1
1151,[0.48794405 0.63554801],0,-1,-1,1,-1
1152,[0.60619446 0.54010671],3,-1,-1,1,-1
1153,[0.32372431 0.15978276],1,2,"[0.294379027732062, 0.1921773781634303]",0,0
1154,[0.61831629 0.61071034],3,3,"[0.6601234827680622, 0.6109507568947781]",1,-1
1155,[0.38696669 0.55062316],0,1,"[0.37965276877051146, 0.575157747726818]",1,-1
1156,[0.61148874 0.70055662],3,-1,-1,1,-1
1157,[0.4253491  0.61923678],0,1,"[0.37965276877051146, 0.575157747726818]",1,-1
1158,[0.7745081  0.76323417],2,-1,-1,1,-1
1159,[0.76584761 0.61578647],2,0,"[0.7890750777399501, 0.6799557517006445]",1,-1
1160,[0.75116197 0.57098943],2,-1,-1,1,-1
1161,[0.40751988 0.50966407],0,-1,-1,1,-1
1162,[0.67122132 0.47161143],3,-1,-1,1,-1
1163,[0.50548537 0.59737386],0,-1,-1,1,-1
1164,[0.66070017 0.54262625],3,3,"[0.6601234827680622, 0.6109507568947781]",1,-1
1165,[0.73488727 0.7028754 ],2,0,"[0.7890750777399501, 0.6799557517006445]",1,-1
1166,[0.37565305 0.59500757],0,1,"[0.37965276877051146, 0.575157747726818]",1,-1
1167,[0.35760173 0.61630051],0,1,"[0.37965276877051146, 0.575157747726818]",1,-1
1168,[0.80437098 0.69762407],2,0,"[0.7890750777399501, 0.6799557517006445]",1,-1
1169,[0.60429381 0.6030862 ],3,3,"[0.6601234827680622, 0.6109507568947781]",1,-1
1170,[0.30854376 0.54564674],0,-1,-1,1,-1
1171,[0.62252713 0.56179783],3,3,"[0.6601234827680622, 0.6109507568947781]",1,-1
1172,[0.33875678 0.20079539],1,2,"[0.294379027732062, 0.1921773781634303]",0,0
1173,[0.31696868 0.15438668],1,2,"[0.294379027732062, 0.1921773781634303]",0,0
1174,[0.37087483 0.4851596 ],0,-1,-1,1,-1
1175,[0.75495729 0.65399648],2,0,"[0.7890750777399501, 0.6799557517006445]",1,-1
1176,[0.33667879 0.5602169 ],0,1,"[0.37965276877051146, 0.575157747726818]",1,-1
1177,[0.23870583 0.19846107],1,2,"[0.294379027732062, 0.1921773781634303]",0,0
1178,[0.23581379 0.11212809],1,-1,-1,0,0
1179,[0.35947292 0.10527343],1,-1,-1,0,0
1180,[0.62026059 0.65281774],3,3,"[0.6601234827680622, 0.6109507568947781]",1,-1
1181,[0.30316372 0.10628116],1,-1,-1,0,0
1182,[0.63487797 0.62196022],3,3,"[0.6601234827680622, 0.6109507568947781]",1,-1
1183,[0.66719837 0.60969228],3,3,"[0.6601234827680622, 0.6109507568947781]",1,-1
1184,[0.35824236 0.54876481],0,1,"[0.37965276877051146, 0.575157747726818]",1,-1
1185,[0.67151856 0.56858567],3,3,"[0.6601234827680622, 0.6109507568947781]",1,-1
1186,[0.78840761 0.68370191],2,0,"[0.7890750777399501, 0.6799557517006445]",1,-1
1187,[0.43829211 0.64830433],0,-1,-1,1,-1
1188,[0.31907531 0.15178924],1,2,"[0.294379027732062, 0.1921773781634303]",0,0
1189,[0.36840204 0.58050087],0,1,"[0.37965276877051146, 0.575157747726818]",1,-1
1190,[0.85833686 0.71371876],2,-1,-1,1,-1
1191,[0.82077534 0.71672545],2,0,"[0.7890750777399501, 0.6799557517006445]",1,-1
1192,[0.32525708 0.20429449],1,2,"[0.294379027732062, 0.1921773781634303]",0,0
1193,[0.35970989 0.64230178],0,-1,-1,1,-1
1194,[0.80344091 0.72030236],2,0,"[0.7890750777399501, 0.6799557517006445]",1,-1
1195,[0.40662162 0.50545136],0,-1,-1,1,-1
1196,[0.80347314 0.67653586],2,0,"[0.7890750777399501, 0.6799557517006445]",1,4
1197,[0.31251056 0.57362873],0,1,"[0.37965276877051146, 0.575157747726818]",1,-1
1198,[0.28617145 0.20065574],1,2,"[0.294379027732062, 0.1921773781634303]",0,0
1199,[0.27225692 0.0914754 ],1,-1,-1,0,0
1200,[0.37484038 0.28022654],1,-1,-1,0,0
1201,[0.41203801 0.62093868],0,1,"[0.37965276877051146, 0.575157747726818]",1,-1
1202,[0.36316678 0.53757652],0,1,"[0.37965276877051146, 0.575157747726818]",1,-1
1203,[0.45002452 0.62357273],0,-1,-1,1,-1
1204,[0.21525845 0.10267099],1,-1,-1,0,0
1205,[0.33506558 0.606603  ],0,1,"[0.37965276877051146, 0.575157747726818]",1,-1
1206,[0.34175968 0.14110083],1,2,"[0.294379027732062, 0.1921773781634303]",0,0
1207,[0.36574621 0.57246197],0,1,"[0.37965276877051146, 0.575157747726818]",1,-1
1208,[0.62543442 0.63892653],3,3,"[0.6601234827680622, 0.6109507568947781]",1,-1
1209,[0.32740368 0.54746845],0,1,"[0.37965276877051146, 0.575157747726818]",1,-1
1210,[0.81743581 0.60001649],2,-1,-1,1,-1
1211,[0.2516252  0.24976177],1,-1,-1,0,0
1212,[0.72412873 0.7060366 ],2,0,"[0.7890750777399501, 0.6799557517006445]",1,-1
1213,[0.73113835 0.64327927],2,0,"[0.7890750777399501, 0.6799557517006445]",1,-1
1214,[0.3934588  0.67606179],0,-1,-1,1,-1
1215,[0.7896807  0.67959511],2,0,"[0.7890750777399501, 0.6799557517006445]",1,4
1216,[0.33624613 0.5757343 ],0,1,"[0.37965276877051146, 0.575157747726818]",1,-1
1217,[0.61990978 0.55544174],3,3,"[0.6601234827680622, 0.6109507568947781]",1,-1
1218,[0.38976743 0.58928302],0,1,"[0.37965276877051146, 0.575157747726818]",1,-1
1219,[0.28510448 0.31599732],1,-1,-1,0,0
1220,[0.82842913 0.66424552],2,0,"[0.7890750777399501, 0.6799557517006445]",1,-1
1221,[0.34219091 0.56108739],0,1,"[0.37965276877051146, 0.575157747726818]",1,-1
1222,[0.62825251 0.5940245 ],3,3,"[0.6601234827680622, 0.6109507568947781]",1,-1
1223,[0.3225904  0.21456768],1,2,"[0.294379027732062, 0.1921773781634303]",0,0
1224,[0.30689485 0.18628478],1,2,"[0.294379027732062, 0.1921773781634303]",0,0
1225,[0.39616103 0.60861428],0,1,"[0.37965276877051146, 0.575157747726818]",1,-1
1226,[0.32623755 0.18682575],1,2,"[0.294379027732062, 0.1921773781634303]",0,0
1227,[0.74626684 0.80027305],2,-1,-1,1,-1
1228,[0.69339259 0.58948551],3,3,"[0.6601234827680622, 0.6109507568947781]",1,-1
1229,[0.34679817 0.17663843],1,2,"[0.294379027732062, 0.1921773781634303]",0,0
1230,[0.87874593 0.73063291],2,-1,-1,1,-1
1231,[0.24900752 0.24134359],1,2,"[0.294379027732062, 0.1921773781634303]",0,0
1232,[0.31303668 0.20855494],1,2,"[0.294379027732062, 0.1921773781634303]",0,0
1233,[0.74245073 0.6052677 ],2,-1,-1,1,-1
1234,[0.62459945 0.60343958],3,3,"[0.6601234827680622, 0.6109507568947781]",1,-1
1235,[0.69564382 0.54829022],3,-1,-1,1,-1
1236,[0.75385179 0.57472457],2,-1,-1,1,-1
1237,[0.27840914 0.24493887],1,2,"[0.294379027732062, 0.1921773781634303]",0,0
1238,[0.36118656 0.53316053],0,1,"[0.37965276877051146, 0.575157747726818]",1,-1
1239,[0.33754427 0.58726415],0,1,"[0.37965276877051146, 0.575157747726818]",1,-1
1240,[0.78771812 0.67530008],2,0,"[0.7890750777399501, 0.6799557517006445]",1,4
1241,[0.38122813 0.59711307],0,1,"[0.37965276877051146, 0.575157747726818]",1,-1
1242,[0.6537067  0.57540673],3,3,"[0.6601234827680622, 0.6109507568947781]",1,-1
1243,[0.37826483 0.60830569],0,1,"[0.37965276877051146, 0.575157747726818]",1,-1
1244,[0.31653998 0.15949773],1,2,"[0.294379027732062, 0.1921773781634303]",0,0
1245,[0.34082652 0.54865959],0,1,"[0.37965276877051146, 0.575157747726818]",1,-1
1246,[0.28498238 0.1635003 ],1,2,"[0.294379027732062, 0.1921773781634303]",0,0
1247,[0.61154018 0.62560708],3,3,"[0.6601234827680622, 0.6109507568947781]",1,-1
1248,[0.24208621 0.29703028],1,-1,-1,0,0
1249,[0.40177068 0.53002862],0,1,"[0.37965276877051146, 0.575157747726818]",1,-1
1250,[0.35312284 0.51465374],0,1,"[0.37965276877051146, 0.575157747726818]",1,-1
1251,[0.82259685 0.66364821],2,0,"[0.7890750777399501, 0.6799557517006445]",1,-1
1252,[0.44848325 0.53386593],0,-1,-1,1,-1
1253,[0.32371034 0.16582295],1,2,"[0.294379027732062, 0.1921773781634303]",0,0
1254,[0.67232668 0.59864526],3,3,"[0.6601234827680622, 0.6109507568947781]",1,-1
1255,[0.28251866 0.17609549],1,2,"[0.294379027732062, 0.1921773781634303]",0,0
1256,[0.80086785 0.76419271],2,-1,-1,1,-1
1257,[0.35100273 0.09963072],1,-1,-1,0,0
1258,[0.77557809 0.66458588],2,0,"[0.7890750777399501, 0.6799557517006445]",1,-1
1259,[0.72735758 0.62368123],3,3,"[0.6601234827680622, 0.6109507568947781]",1,-1
1260,[0.83064312 0.59219635],2,-1,-1,1,-1
1261,[0.59903267 0.62458429],3,3,"[0.6601234827680622, 0.6109507568947781]",1,-1
1262,[0.58445574 0.73377752],3,-1,-1,1,-1
1263,[0.47140078 0.51328458],0,-1,-1,1,-1
1264,[0.32620907 0.21785854],1,2,"[0.294379027732062, 0.1921773781634303]",0,0
1265,[0.40448471 0.59133513],0,1,"[0.37965276877051146, 0.575157747726818]",1,-1
1266,[0.38294639 0.59436008],0,1,"[0.37965276877051146, 0.575157747726818]",1,-1
1267,[0.85921117 0.8113968 ],2,-1,-1,1,-1
1268,[0.78040097 0.65741381],2,0,"[0.7890750777399501, 0.6799557517006445]",1,-1
1269,[0.33901107 0.54033996],0,1,"[0.37965276877051146, 0.575157747726818]",1,-1
1270,[0.75577984 0.65212202],2,0,"[0.7890750777399501, 0.6799557517006445]",1,-1
1271,[0.69675502 0.5510214 ],3,-1,-1,1,-1
1272,[0.2865696  0.29434423],1,-1,-1,0,0
1273,[0.45612372 0.6624354 ],0,-1,-1,1,-1
1274,[0.75199712 0.62605047],3,0,"[0.7890750777399501, 0.6799557517006445]",1,-1
1275,[0.23758637 0.18292534],1,2,"[0.294379027732062, 0.1921773781634303]",0,0
1276,[0.7125111 0.5229343],3,-1,-1,1,-1
1277,[0.23283397 0.191532  ],1,2,"[0.294379027732062, 0.1921773781634303]",0,0
1278,[0.82845481 0.73284358],2,0,"[0.7890750777399501, 0.6799557517006445]",1,-1
1279,[0.37276398 0.67747788],0,-1,-1,1,-1
1280,[0.43981131 0.74982765],0,-1,-1,1,-1
1281,[0.8011029  0.70772008],2,0,"[0.7890750777399501, 0.6799557517006445]",1,-1
1282,[0.85597817 0.72333265],2,-1,-1,1,-1
1283,[0.68842143 0.55492727],3,3,"[0.6601234827680622, 0.6109507568947781]",1,-1
1284,[0.27904887 0.20248264],1,2,"[0.294379027732062, 0.1921773781634303]",0,0
1285,[0.32336898 0.5764811 ],0,1,"[0.37965276877051146, 0.575157747726818]",1,-1
1286,[0.32946651 0.47822679],0,-1,-1,1,-1
1287,[0.77429416 0.71811804],2,0,"[0.7890750777399501, 0.6799557517006445]",1,-1
1288,[0.32972072 0.16628069],1,2,"[0.294379027732062, 0.1921773781634303]",0,0
1289,[0.595752   0.61985591],3,3,"[0.6601234827680622, 0.6109507568947781]",1,-1
1290,[0.4011601  0.60210083],0,1,"[0.37965276877051146, 0.575157747726818]",1,-1
1291,[0.22100943 0.19440463],1,-1,-1,0,0
1292,[0.38480394 0.52904848],0,1,"[0.37965276877051146, 0.575157747726818]",1,-1
1293,[0.33861543 0.21076244],1,2,"[0.294379027732062, 0.1921773781634303]",0,0
1294,[0.77034311 0.71638725],2,0,"[0.7890750777399501, 0.6799557517006445]",1,-1
1295,[0.29886858 0.11911095],1,-1,-1,0,0
1296,[0.71474754 0.70893034],2,-1,-1,1,-1
1297,[0.68196844 0.56940229],3,3,"[0.6601234827680622, 0.6109507568947781]",1,-1
1298,[0.42029866 0.57019699],0,1,"[0.37965276877051146, 0.575157747726818]",1,-1
1299,[0.756435   0.60720865],2,-1,-1,1,-1
1300,[0.34176712 0.14774928],1,2,"[0.294379027732062, 0.1921773781634303]",0,0
1301,[0.61820853 0.60275978],3,3,"[0.6601234827680622, 0.6109507568947781]",1,-1
1302,[0.70429375 0.74996208],3,-1,-1,1,-1
1303,[0.83088051 0.76378088],2,-1,-1,1,-1
1304,[0.79769305 0.71973042],2,0,"[0.7890750777399501, 0.6799557517006445]",1,-1
1305,[0.3127743  0.27785654],1,-1,-1,0,0
1306,[0.77979151 0.64274352],2,0,"[0.7890750777399501, 0.6799557517006445]",1,-1
1307,[0.86528237 0.7186947 ],2,-1,-1,1,-1
1308,[0.69712404 0.60131666],3,3,"[0.6601234827680622, 0.6109507568947781]",1,-1
1309,[0.70875439 0.65998266],2,3,"[0.6601234827680622, 0.6109507568947781]",1,-1
1310,[0.65963715 0.60737085],3,3,"[0.6601234827680622, 0.6109507568947781]",1,-1
1311,[0.68506477 0.62945973],3,3,"[0.6601234827680622, 0.6109507568947781]",1,7
1312,[0.87040193 0.64242297],2,-1,-1,1,-1
1313,[0.86830282 0.68433465],2,-1,-1,1,-1
1314,[0.70315373 0.73632277],2,-1,-1,1,-1
1315,[0.5868588 0.6298562],3,-1,-1,1,-1
1316,[0.45459412 0.59378288],0,-1,-1,1,-1
1317,[0.38647928 0.60933378],0,1,"[0.37965276877051146, 0.575157747726818]",1,-1
1318,[0.77638582 0.75227654],2,-1,-1,1,-1
1319,[0.3653791  0.54969449],0,1,"[0.37965276877051146, 0.575157747726818]",1,-1
1320,[0.42727168 0.25376814],1,-1,-1,0,0
1321,[0.65974469 0.69163773],3,-1,-1,1,-1
1322,[0.37534433 0.16717997],1,-1,-1,0,0
1323,[0.7719824  0.74513765],2,0,"[0.7890750777399501, 0.6799557517006445]",1,-1
1324,[0.71034043 0.56253272],3,3,"[0.6601234827680622, 0.6109507568947781]",1,-1
1325,[0.31357776 0.21964348],1,2,"[0.294379027732062, 0.1921773781634303]",0,0
1326,[0.70854717 0.68141161],2,-1,-1,1,-1
1327,[0.25025353 0.2375354 ],1,2,"[0.294379027732062, 0.1921773781634303]",0,0
1328,[0.31493167 0.11667846],1,-1,-1,0,0
1329,[0.75404331 0.67169694],2,0,"[0.7890750777399501, 0.6799557517006445]",1,-1
1330,[0.58882082 0.5302312 ],3,-1,-1,1,-1
1331,[0.71214249 0.53501686],3,-1,-1,1,-1
1332,[0.68605772 0.72510402],3,-1,-1,1,-1
1333,[0.26302157 0.21471747],1,2,"[0.294379027732062, 0.1921773781634303]",0,0
1334,[0.27056305 0.15701554],1,2,"[0.294379027732062, 0.1921773781634303]",0,0
1335,[0.3611989  0.53250413],0,1,"[0.37965276877051146, 0.575157747726818]",1,-1
1336,[0.22068946 0.25728764],1,-1,-1,0,0
1337,[0.32316188 0.21511514],1,2,"[0.294379027732062, 0.1921773781634303]",0,0
1338,[0.83600211 0.71212504],2,0,"[0.7890750777399501, 0.6799557517006445]",1,-1
1339,[0.39787621 0.18287599],1,-1,-1,0,0
1340,[0.39202419 0.47746327],0,-1,-1,1,-1
1341,[0.3936949  0.51052461],0,1,"[0.37965276877051146, 0.575157747726818]",1,-1
1342,[0.74392643 0.69409983],3,0,"[0.7890750777399501, 0.6799557517006445]",1,-1
1343,[0.29418706 0.21539658],1,2,"[0.294379027732062, 0.1921773781634303]",0,0
1344,[0.75211931 0.6023513 ],3,-1,-1,1,-1
1345,[0.32551864 0.2727779 ],1,-1,-1,0,0
1346,[0.6713024  0.52991884],3,-1,-1,1,-1
1347,[0.67531101 0.74778001],3,-1,-1,1,-1
1348,[0.4126408  0.54734173],0,1,"[0.37965276877051146, 0.575157747726818]",1,-1
1349,[0.29425402 0.12546891],1,2,"[0.294379027732062, 0.1921773781634303]",0,0
1350,[0.64355242 0.58191987],3,3,"[0.6601234827680622, 0.6109507568947781]",1,-1
1351,[0.78192076 0.64518675],2,0,"[0.7890750777399501, 0.6799557517006445]",1,-1
1352,[0.41045321 0.26570028],1,-1,-1,0,0
1353,[0.33968463 0.55080608],0,1,"[0.37965276877051146, 0.575157747726818]",1,-1
1354,[0.68518397 0.61893906],3,3,"[0.6601234827680622, 0.6109507568947781]",1,7
1355,[0.42590315 0.50132004],0,-1,-1,1,-1
1356,[0.74946108 0.71227493],2,0,"[0.7890750777399501, 0.6799557517006445]",1,-1
1357,[0.46013157 0.55766779],0,-1,-1,1,-1
1358,[0.93540401 0.71653542],2,-1,-1,1,-1
1359,[0.77860157 0.59811787],2,-1,-1,1,-1
1360,[0.7527169  0.61213105],2,-1,-1,1,-1
1361,[0.18471817 0.16373938],1,-1,-1,0,0
1362,[0.92307748 0.6244694 ],2,-1,-1,1,-1
1363,[0.68558275 0.52890357],3,-1,-1,1,-1
1364,[0.6709418 0.6589662],3,3,"[0.6601234827680622, 0.6109507568947781]",1,-1
1365,[0.29962048 0.15677409],1,2,"[0.294379027732062, 0.1921773781634303]",0,0
1366,[0.39593501 0.65987201],0,-1,-1,1,-1
1367,[0.30586539 0.16498621],1,2,"[0.294379027732062, 0.1921773781634303]",0,0
1368,[0.60349367 0.56138578],3,-1,-1,1,-1
1369,[0.88260372 0.73599968],2,-1,-1,1,-1
1370,[0.7112439  0.56396773],3,3,"[0.6601234827680622, 0.6109507568947781]",1,-1
1371,[0.33746173 0.22386711],1,2,"[0.294379027732062, 0.1921773781634303]",0,0
1372,[0.3882198 0.6258958],0,1,"[0.37965276877051146, 0.575157747726818]",1,-1
1373,[0.28508678 0.24872678],1,2,"[0.294379027732062, 0.1921773781634303]",0,0
1374,[0.80825355 0.67231589],2,0,"[0.7890750777399501, 0.6799557517006445]",1,-1
1375,[0.27855687 0.12250265],1,-1,-1,0,0
1376,[0.215485   0.18127003],1,-1,-1,0,0
1377,[0.57871261 0.57967995],3,-1,-1,1,-1
1378,[0.40953793 0.50247132],0,-1,-1,1,-1
1379,[0.77747999 0.65577005],2,0,"[0.7890750777399501, 0.6799557517006445]",1,-1
1380,[0.63422984 0.61959733],3,3,"[0.6601234827680622, 0.6109507568947781]",1,-1
1381,[0.75664072 0.62876704],3,0,"[0.7890750777399501, 0.6799557517006445]",1,-1
1382,[0.66049548 0.64463331],3,3,"[0.6601234827680622, 0.6109507568947781]",1,-1
1383,[0.26092273 0.20111904],1,2,"[0.294379027732062, 0.1921773781634303]",0,0
1384,[0.31484494 0.14153308],1,2,"[0.294379027732062, 0.1921773781634303]",0,0
1385,[0.25748224 0.22687164],1,2,"[0.294379027732062, 0.1921773781634303]",0,0
1386,[0.22238007 0.16514731],1,-1,-1,0,0
1387,[0.359506   0.58876029],0,1,"[0.37965276877051146, 0.575157747726818]",1,-1
1388,[0.29852067 0.60225439],0,-1,-1,1,-1
1389,[0.7464069  0.63529316],2,0,"[0.7890750777399501, 0.6799557517006445]",1,-1
1390,[0.65814523 0.63301585],3,3,"[0.6601234827680622, 0.6109507568947781]",1,-1
1391,[0.38913244 0.52047324],0,1,"[0.37965276877051146, 0.575157747726818]",1,-1
1392,[0.37280129 0.18217272],1,-1,-1,0,0
1393,[0.32626114 0.24693469],1,2,"[0.294379027732062, 0.1921773781634303]",0,0
1394,[0.27479623 0.27060698],1,-1,-1,0,0
1395,[0.39831767 0.65800814],0,-1,-1,1,-1
1396,[0.78118711 0.70734983],2,0,"[0.7890750777399501, 0.6799557517006445]",1,-1
1397,[0.66274299 0.54117363],3,3,"[0.6601234827680622, 0.6109507568947781]",1,-1
1398,[0.38275655 0.56186418],0,1,"[0.37965276877051146, 0.575157747726818]",1,-1
1399,[0.34386006 0.21785149],1,2,"[0.294379027732062, 0.1921773781634303]",0,0
1400,[0.32895616 0.13463752],1,2,"[0.294379027732062, 0.1921773781634303]",0,0
1401,[0.82947314 0.56883413],2,-1,-1,1,-1
1402,[0.31281457 0.26616724],1,-1,-1,0,0
1403,[0.68468189 0.55169304],3,3,"[0.6601234827680622, 0.6109507568947781]",1,-1
1404,[0.36909912 0.17337035],1,-1,-1,0,0
1405,[0.40368394 0.58156388],0,1,"[0.37965276877051146, 0.575157747726818]",1,2
1406,[0.67752794 0.70964026],2,-1,-1,1,-1
1407,[0.73221496 0.65061011],2,0,"[0.7890750777399501, 0.6799557517006445]",1,-1
1408,[0.81930971 0.70504632],2,0,"[0.7890750777399501, 0.6799557517006445]",1,-1
1409,[0.41594771 0.58089654],0,1,"[0.37965276877051146, 0.575157747726818]",1,-1
1410,[0.39933428 0.63213316],0,1,"[0.37965276877051146, 0.575157747726818]",1,-1
1411,[0.70777261 0.60759555],3,3,"[0.6601234827680622, 0.6109507568947781]",1,-1
1412,[0.74992617 0.6790799 ],2,0,"[0.7890750777399501, 0.6799557517006445]",1,-1
1413,[0.65643907 0.50246692],3,-1,-1,1,-1
1414,[0.64719478 0.65864659],3,3,"[0.6601234827680622, 0.6109507568947781]",1,-1
1415,[0.86022324 0.64183068],2,-1,-1,1,-1
1416,[0.78383113 0.69597469],2,0,"[0.7890750777399501, 0.6799557517006445]",1,-1
1417,[0.67559408 0.62498676],3,3,"[0.6601234827680622, 0.6109507568947781]",1,-1
1418,[0.83909173 0.6349098 ],2,0,"[0.7890750777399501, 0.6799557517006445]",1,-1
1419,[0.62644996 0.66398708],3,3,"[0.6601234827680622, 0.6109507568947781]",1,-1
1420,[0.72601951 0.6786212 ],2,0,"[0.7890750777399501, 0.6799557517006445]",1,-1
1421,[0.41095383 0.60191232],0,1,"[0.37965276877051146, 0.575157747726818]",1,-1
1422,[0.27596678 0.13802649],1,2,"[0.294379027732062, 0.1921773781634303]",0,0
1423,[0.35775134 0.59323409],0,1,"[0.37965276877051146, 0.575157747726818]",1,-1
1424,[0.83543852 0.722227  ],2,0,"[0.7890750777399501, 0.6799557517006445]",1,-1
1425,[0.74906165 0.6826763 ],3,0,"[0.7890750777399501, 0.6799557517006445]",1,-1
1426,[0.32690184 0.19063452],1,2,"[0.294379027732062, 0.1921773781634303]",0,0
1427,[0.44310459 0.65601472],0,-1,-1,1,-1
1428,[0.61439859 0.64556678],3,3,"[0.6601234827680622, 0.6109507568947781]",1,-1
1429,[0.30293818 0.56964419],0,-1,-1,1,-1
1430,[0.33492693 0.19783331],1,2,"[0.294379027732062, 0.1921773781634303]",0,0
1431,[0.72901339 0.69319511],2,0,"[0.7890750777399501, 0.6799557517006445]",1,-1
1432,[0.65696024 0.68535038],3,-1,-1,1,-1
1433,[0.3675592  0.23994346],1,-1,-1,0,0
1434,[0.634269   0.52332676],3,-1,-1,1,-1
1435,[0.7347641  0.71397054],2,0,"[0.7890750777399501, 0.6799557517006445]",1,-1
1436,[0.29708031 0.16094303],1,2,"[0.294379027732062, 0.1921773781634303]",0,0
1437,[0.37678886 0.59605815],0,1,"[0.37965276877051146, 0.575157747726818]",1,-1
1438,[0.31257171 0.1703076 ],1,2,"[0.294379027732062, 0.1921773781634303]",0,0
1439,[0.36146085 0.58725475],0,1,"[0.37965276877051146, 0.575157747726818]",1,-1
1440,[0.63256088 0.60873163],3,3,"[0.6601234827680622, 0.6109507568947781]",1,-1
1441,[0.34643282 0.2480169 ],1,-1,-1,0,0
1442,[0.41127202 0.57778955],0,1,"[0.37965276877051146, 0.575157747726818]",1,2
1443,[0.71418497 0.57523306],2,3,"[0.6601234827680622, 0.6109507568947781]",1,-1
1444,[0.71732836 0.54058348],3,-1,-1,1,-1
1445,[0.31555927 0.30221519],1,-1,-1,0,0
1446,[0.31992708 0.20715068],1,2,"[0.294379027732062, 0.1921773781634303]",0,0
1447,[0.25589811 0.21196221],1,2,"[0.294379027732062, 0.1921773781634303]",0,0
1448,[0.81324244 0.71561792],2,0,"[0.7890750777399501, 0.6799557517006445]",1,-1
1449,[0.36326812 0.62368576],0,1,"[0.37965276877051146, 0.575157747726818]",1,-1
1450,[0.27671264 0.23254434],1,2,"[0.294379027732062, 0.1921773781634303]",0,0
1451,[0.76405913 0.56728274],2,-1,-1,1,-1
1452,[0.84851859 0.70610859],2,0,"[0.7890750777399501, 0.6799557517006445]",1,-1
1453,[0.89714662 0.73686522],2,-1,-1,1,-1
1454,[0.33081867 0.18190278],1,2,"[0.294379027732062, 0.1921773781634303]",0,0
1455,[0.27325365 0.19752517],1,2,"[0.294379027732062, 0.1921773781634303]",0,0
1456,[0.79115907 0.65789439],2,0,"[0.7890750777399501, 0.6799557517006445]",1,-1
1457,[0.23229055 0.10516733],1,-1,-1,0,0
1458,[0.2689367  0.09991215],1,-1,-1,0,0
1459,[0.31679127 0.2270385 ],1,2,"[0.294379027732062, 0.1921773781634303]",0,0
1460,[0.31180431 0.19184699],1,2,"[0.294379027732062, 0.1921773781634303]",0,0
1461,[0.82621973 0.76521057],2,-1,-1,1,-1
1462,[0.7580641  0.78149489],2,-1,-1,1,-1
1463,[0.42537677 0.5844699 ],0,1,"[0.37965276877051146, 0.575157747726818]",1,-1
1464,[0.38922338 0.4777437 ],0,-1,-1,1,-1
1465,[0.41056975 0.53006682],0,1,"[0.37965276877051146, 0.575157747726818]",1,-1
1466,[0.69261049 0.64574859],3,3,"[0.6601234827680622, 0.6109507568947781]",1,-1
1467,[0.80010802 0.6680064 ],2,0,"[0.7890750777399501, 0.6799557517006445]",1,4
1468,[0.47218836 0.56593811],0,-1,-1,1,-1
1469,[0.66635537 0.59560577],3,3,"[0.6601234827680622, 0.6109507568947781]",1,-1
1470,[0.27419063 0.20625309],1,2,"[0.294379027732062, 0.1921773781634303]",0,0
1471,[0.30672353 0.64333913],0,-1,-1,1,-1
1472,[0.6498928  0.61326552],3,3,"[0.6601234827680622, 0.6109507568947781]",1,6
1473,[0.67987058 0.62430118],3,3,"[0.6601234827680622, 0.6109507568947781]",1,-1
1474,[0.8008293  0.64929957],2,0,"[0.7890750777399501, 0.6799557517006445]",1,-1
1475,[0.40615024 0.63869461],0,1,"[0.37965276877051146, 0.575157747726818]",1,-1
1476,[0.33873593 0.2285734 ],1,2,"[0.294379027732062, 0.1921773781634303]",0,0
1477,[0.73587362 0.74717218],2,-1,-1,1,-1
1478,[0.34294594 0.16937913],1,2,"[0.294379027732062, 0.1921773781634303]",0,0
1479,[0.37281168 0.59222559],0,1,"[0.37965276877051146, 0.575157747726818]",1,-1
1480,[0.67216301 0.57875196],3,3,"[0.6601234827680622, 0.6109507568947781]",1,-1
1481,[0.40989887 0.58260367],0,1,"[0.37965276877051146, 0.575157747726818]",1,-1
1482,[0.76672805 0.62308595],3,0,"[0.7890750777399501, 0.6799557517006445]",1,-1
1483,[0.30957923 0.56980063],0,-1,-1,1,-1
1484,[0.65397249 0.60631229],3,3,"[0.6601234827680622, 0.6109507568947781]",1,-1
1485,[0.61533477 0.65535993],3,3,"[0.6601234827680622, 0.6109507568947781]",1,-1
1486,[0.81735328 0.67125721],2,0,"[0.7890750777399501, 0.6799557517006445]",1,-1
1487,[0.68442593 0.76742049],2,-1,-1,1,-1
1488,[0.2418755  0.17604869],1,2,"[0.294379027732062, 0.1921773781634303]",0,0
1489,[0.67439017 0.62259968],2,3,"[0.6601234827680622, 0.6109507568947781]",1,7
1490,[0.30833254 0.23371535],1,2,"[0.294379027732062, 0.1921773781634303]",0,0
1491,[0.30788239 0.25847185],1,2,"[0.294379027732062, 0.1921773781634303]",0,0
1492,[0.66364914 0.6461518 ],3,3,"[0.6601234827680622, 0.6109507568947781]",1,-1
1493,[0.76889307 0.65377412],2,0,"[0.7890750777399501, 0.6799557517006445]",1,3
1494,[0.2345267  0.20560767],1,2,"[0.294379027732062, 0.1921773781634303]",0,0
1495,[0.65425468 0.59910029],3,3,"[0.6601234827680622, 0.6109507568947781]",1,-1
1496,[0.6914838  0.60373347],3,3,"[0.6601234827680622, 0.6109507568947781]",1,-1
1497,[0.27769993 0.20380116],1,2,"[0.294379027732062, 0.1921773781634303]",0,0
1498,[0.73220858 0.59939814],3,-1,-1,1,-1
1499,[0.82904389 0.643913  ],3,0,"[0.7890750777399501, 0.6799557517006445]",1,-1
1500,[0.63543624 0.621621  ],3,3,"[0.6601234827680622, 0.6109507568947781]",1,-1
1501,[0.35102249 0.54404651],0,1,"[0.37965276877051146, 0.575157747726818]",1,-1
1502,[0.26716693 0.51918456],0,-1,-1,1,-1
1503,[0.80960892 0.75280685],2,-1,-1,1,-1
1504,[0.36035644 0.46870074],0,-1,-1,1,-1
1505,[0.71248676 0.68402636],2,-1,-1,1,-1
1506,[0.68729394 0.64248413],3,3,"[0.6601234827680622, 0.6109507568947781]",1,-1
1507,[0.78634802 0.70469565],2,0,"[0.7890750777399501, 0.6799557517006445]",1,-1
1508,[0.17962851 0.27369056],1,-1,-1,0,0
1509,[0.76142571 0.63477968],2,0,"[0.7890750777399501, 0.6799557517006445]",1,-1
1510,[0.7255253 0.6480221],3,-1,-1,1,-1
1511,[0.70871994 0.57008174],3,3,"[0.6601234827680622, 0.6109507568947781]",1,-1
1512,[0.73720993 0.67187842],2,0,"[0.7890750777399501, 0.6799557517006445]",1,-1
1513,[0.80709785 0.64062583],2,0,"[0.7890750777399501, 0.6799557517006445]",1,-1
1514,[0.76156466 0.67907076],2,0,"[0.7890750777399501, 0.6799557517006445]",1,-1
1515,[0.33498395 0.55797785],0,1,"[0.37965276877051146, 0.575157747726818]",1,-1
1516,[0.36708688 0.63314509],0,1,"[0.37965276877051146, 0.575157747726818]",1,-1
1517,[0.29601944 0.19235395],1,2,"[0.294379027732062, 0.1921773781634303]",0,0
1518,[0.35076422 0.11240124],1,-1,-1,0,0
1519,[0.42895395 0.58282135],0,1,"[0.37965276877051146, 0.575157747726818]",1,-1
1520,[0.31039805 0.2383794 ],1,2,"[0.294379027732062, 0.1921773781634303]",0,0
1521,[0.65547713 0.63942883],3,3,"[0.6601234827680622, 0.6109507568947781]",1,-1
1522,[0.74302579 0.62749209],2,0,"[0.7890750777399501, 0.6799557517006445]",1,-1
1523,[0.69663741 0.72963762],2,-1,-1,1,-1
1524,[0.36174348 0.57472981],0,1,"[0.37965276877051146, 0.575157747726818]",1,-1
1525,[0.31943535 0.15632691],1,2,"[0.294379027732062, 0.1921773781634303]",0,0
1526,[0.74833828 0.59260613],3,-1,-1,1,-1
1527,[0.28407297 0.20286694],1,2,"[0.294379027732062, 0.1921773781634303]",0,0
1528,[0.28682867 0.2878318 ],1,-1,-1,0,0
1529,[0.30273995 0.21274503],1,2,"[0.294379027732062, 0.1921773781634303]",0,0
1530,[0.31502325 0.55747601],0,1,"[0.37965276877051146, 0.575157747726818]",1,-1
1531,[0.25724386 0.28593649],1,-1,-1,0,0
1532,[0.71879726 0.64193338],3,3,"[0.6601234827680622, 0.6109507568947781]",1,-1
1533,[0.72191007 0.79467177],2,-1,-1,1,-1
1534,[0.57365219 0.6919952 ],3,-1,-1,1,-1
1535,[0.19789279 0.2544371 ],1,-1,-1,0,0
1536,[0.40898406 0.59236535],0,1,"[0.37965276877051146, 0.575157747726818]",1,-1
1537,[0.65164342 0.60652311],3,3,"[0.6601234827680622, 0.6109507568947781]",1,6
1538,[0.28031132 0.60515078],0,-1,-1,1,-1
1539,[0.31222662 0.20842787],1,2,"[0.294379027732062, 0.1921773781634303]",0,0
1540,[0.21661317 0.14827741],1,-1,-1,0,0
1541,[0.23398039 0.13349412],1,-1,-1,0,0
1542,[0.35700768 0.15627425],1,-1,-1,0,0
1543,[0.6256474  0.60938498],3,3,"[0.6601234827680622, 0.6109507568947781]",1,-1
1544,[0.31003231 0.19709657],1,2,"[0.294379027732062, 0.1921773781634303]",0,0
1545,[0.65030391 0.61788932],3,3,"[0.6601234827680622, 0.6109507568947781]",1,-1
1546,[0.79694927 0.63750973],2,0,"[0.7890750777399501, 0.6799557517006445]",1,-1
1547,[0.66368006 0.60923852],3,3,"[0.6601234827680622, 0.6109507568947781]",1,-1
1548,[0.31486998 0.21307846],1,2,"[0.294379027732062, 0.1921773781634303]",0,0
1549,[0.33197173 0.51407181],0,-1,-1,1,-1
1550,[0.63801618 0.66464232],3,3,"[0.6601234827680622, 0.6109507568947781]",1,-1
1551,[0.77818416 0.67457975],2,0,"[0.7890750777399501, 0.6799557517006445]",1,-1
1552,[0.69504885 0.71078038],2,-1,-1,1,-1
1553,[0.81247157 0.65983869],2,0,"[0.7890750777399501, 0.6799557517006445]",1,-1
1554,[0.42065955 0.57654301],0,1,"[0.37965276877051146, 0.575157747726818]",1,-1
1555,[0.82876324 0.60723432],2,-1,-1,1,-1
1556,[0.666592   0.62886947],3,3,"[0.6601234827680622, 0.6109507568947781]",1,7
1557,[0.82494974 0.68565529],2,0,"[0.7890750777399501, 0.6799557517006445]",1,-1
1558,[0.75585039 0.68484065],2,0,"[0.7890750777399501, 0.6799557517006445]",1,-1
1559,[0.56587749 0.64071197],3,-1,-1,1,-1
1560,[0.28393832 0.60213327],0,-1,-1,1,-1
1561,[0.23336832 0.20523821],1,2,"[0.294379027732062, 0.1921773781634303]",0,0
1562,[0.45994062 0.56557078],0,-1,-1,1,-1
1563,[0.83679474 0.71231595],2,0,"[0.7890750777399501, 0.6799557517006445]",1,-1
1564,[0.70031265 0.61126202],3,3,"[0.6601234827680622, 0.6109507568947781]",1,-1
1565,[0.78217877 0.6602408 ],2,0,"[0.7890750777399501, 0.6799557517006445]",1,-1
1566,[0.77387637 0.69654958],2,0,"[0.7890750777399501, 0.6799557517006445]",1,-1
1567,[0.3009251  0.18524978],1,2,"[0.294379027732062, 0.1921773781634303]",0,0
1568,[0.3129684  0.17638171],1,2,"[0.294379027732062, 0.1921773781634303]",0,0
1569,[0.30841496 0.17487806],1,2,"[0.294379027732062, 0.1921773781634303]",0,0
1570,[0.82658374 0.70477153],2,0,"[0.7890750777399501, 0.6799557517006445]",1,-1
1571,[0.73737741 0.74423306],2,-1,-1,1,-1
1572,[0.74563289 0.6435837 ],2,0,"[0.7890750777399501, 0.6799557517006445]",1,-1
1573,[0.67811521 0.60195654],3,3,"[0.6601234827680622, 0.6109507568947781]",1,5
1574,[0.69578553 0.63613484],3,3,"[0.6601234827680622, 0.6109507568947781]",1,-1
1575,[0.78897095 0.73467885],2,0,"[0.7890750777399501, 0.6799557517006445]",1,-1
1576,[0.24133372 0.15437466],1,2,"[0.294379027732062, 0.1921773781634303]",0,0
1577,[0.25945562 0.1492075 ],1,2,"[0.294379027732062, 0.1921773781634303]",0,0
1578,[0.31031849 0.19050689],1,2,"[0.294379027732062, 0.1921773781634303]",0,0
1579,[0.81612827 0.66847626],2,0,"[0.7890750777399501, 0.6799557517006445]",1,-1
1580,[0.84654081 0.66457836],2,0,"[0.7890750777399501, 0.6799557517006445]",1,-1
1581,[0.31040487 0.54422498],0,-1,-1,1,-1
1582,[0.41356195 0.19473249],1,-1,-1,0,0
1583,[0.40256395 0.5216189 ],0,1,"[0.37965276877051146, 0.575157747726818]",1,-1
1584,[0.71524992 0.69879693],2,-1,-1,1,-1
1585,[0.27393671 0.16018176],1,2,"[0.294379027732062, 0.1921773781634303]",0,0
1586,[0.31174416 0.15198663],1,2,"[0.294379027732062, 0.1921773781634303]",0,0
1587,[0.31393908 0.29578526],1,-1,-1,0,0
1588,[0.78067793 0.65134707],2,0,"[0.7890750777399501, 0.6799557517006445]",1,3
1589,[0.42754906 0.58777166],0,1,"[0.37965276877051146, 0.575157747726818]",1,-1
1590,[0.39804741 0.59701687],0,1,"[0.37965276877051146, 0.575157747726818]",1,-1
1591,[0.68842807 0.60888728],3,3,"[0.6601234827680622, 0.6109507568947781]",1,5
1592,[0.79743489 0.69933205],2,0,"[0.7890750777399501, 0.6799557517006445]",1,-1
1593,[0.7088955  0.61247763],3,3,"[0.6601234827680622, 0.6109507568947781]",1,-1
1594,[0.90861378 0.51851157],2,-1,-1,1,-1
1595,[0.65487595 0.73401111],3,-1,-1,1,-1
1596,[0.28269384 0.2230578 ],1,2,"[0.294379027732062, 0.1921773781634303]",0,0
1597,[0.73121054 0.55263084],3,-1,-1,1,-1
1598,[0.40549223 0.58089671],0,1,"[0.37965276877051146, 0.575157747726818]",1,-1
1599,[0.40755754 0.51849919],0,1,"[0.37965276877051146, 0.575157747726818]",1,-1
1600,[0.68476174 0.63158414],3,3,"[0.6601234827680622, 0.6109507568947781]",1,-1
1601,[0.75442485 0.66413653],2,0,"[0.7890750777399501, 0.6799557517006445]",1,3
1602,[0.29636878 0.60440039],0,-1,-1,1,-1
1603,[0.67095295 0.59481692],3,3,"[0.6601234827680622, 0.6109507568947781]",1,-1
1604,[0.69257206 0.58899197],3,3,"[0.6601234827680622, 0.6109507568947781]",1,-1
1605,[0.62328276 0.66786854],3,3,"[0.6601234827680622, 0.6109507568947781]",1,-1
1606,[0.33138939 0.13073536],1,-1,-1,0,0
1607,[0.25826508 0.20999586],1,2,"[0.294379027732062, 0.1921773781634303]",0,0
1608,[0.38657632 0.53744005],0,1,"[0.37965276877051146, 0.575157747726818]",1,-1
1609,[0.42890734 0.6144333 ],0,1,"[0.37965276877051146, 0.575157747726818]",1,-1
1610,[0.37883498 0.55792478],0,1,"[0.37965276877051146, 0.575157747726818]",1,-1
1611,[0.84016705 0.72427468],2,0,"[0.7890750777399501, 0.6799557517006445]",1,-1
1612,[0.35869703 0.20262926],1,2,"[0.294379027732062, 0.1921773781634303]",0,0
1613,[0.33789341 0.62966064],0,1,"[0.37965276877051146, 0.575157747726818]",1,-1
1614,[0.36579947 0.63902843],0,1,"[0.37965276877051146, 0.575157747726818]",1,-1
1615,[0.78651365 0.67139736],2,0,"[0.7890750777399501, 0.6799557517006445]",1,4
1616,[0.45332474 0.59758966],0,-1,-1,1,-1
1617,[0.39129913 0.55352879],0,1,"[0.37965276877051146, 0.575157747726818]",1,-1
1618,[0.34659403 0.56416205],0,1,"[0.37965276877051146, 0.575157747726818]",1,-1
1619,[0.33127681 0.11036084],1,-1,-1,0,0
1620,[0.5643223  0.52972399],3,-1,-1,1,-1
1621,[0.65956744 0.6743024 ],3,3,"[0.6601234827680622, 0.6109507568947781]",1,-1
1622,[0.55803494 0.62483192],3,-1,-1,1,-1
1623,[0.63698265 0.55025552],3,3,"[0.6601234827680622, 0.6109507568947781]",1,-1
1624,[0.39881776 0.51409846],0,1,"[0.37965276877051146, 0.575157747726818]",1,-1
1625,[0.76375522 0.68590311],2,0,"[0.7890750777399501, 0.6799557517006445]",1,-1
1626,[0.40690204 0.5228443 ],0,1,"[0.37965276877051146, 0.575157747726818]",1,-1
1627,[0.30227926 0.16907595],1,2,"[0.294379027732062, 0.1921773781634303]",0,0
1628,[0.31124795 0.16068243],1,2,"[0.294379027732062, 0.1921773781634303]",0,0
1629,[0.86593484 0.76049229],2,-1,-1,1,-1
1630,[0.69135665 0.65380833],3,3,"[0.6601234827680622, 0.6109507568947781]",1,-1
1631,[0.74834784 0.59177953],3,-1,-1,1,-1
1632,[0.29868657 0.04976406],1,-1,-1,0,0
1633,[0.68701233 0.62934229],3,3,"[0.6601234827680622, 0.6109507568947781]",1,7
1634,[0.29560216 0.1902668 ],1,2,"[0.294379027732062, 0.1921773781634303]",0,0
1635,[0.7552385  0.67564907],2,0,"[0.7890750777399501, 0.6799557517006445]",1,-1
1636,[0.39441039 0.53750279],0,1,"[0.37965276877051146, 0.575157747726818]",1,-1
1637,[0.70204587 0.6244157 ],3,3,"[0.6601234827680622, 0.6109507568947781]",1,-1
1638,[0.34226084 0.60942353],0,1,"[0.37965276877051146, 0.575157747726818]",1,-1
1639,[0.40707688 0.63099159],0,1,"[0.37965276877051146, 0.575157747726818]",1,-1
1640,[0.37159805 0.61565574],0,1,"[0.37965276877051146, 0.575157747726818]",1,-1
1641,[0.25984527 0.28961929],1,-1,-1,0,0
1642,[0.62625628 0.66377151],3,3,"[0.6601234827680622, 0.6109507568947781]",1,-1
1643,[0.22741883 0.18813592],1,2,"[0.294379027732062, 0.1921773781634303]",0,0
1644,[0.65394303 0.6173928 ],3,3,"[0.6601234827680622, 0.6109507568947781]",1,7
1645,[0.24166289 0.2906863 ],1,-1,-1,0,0
1646,[0.73888743 0.7731325 ],2,-1,-1,1,-1
1647,[0.27475225 0.08878965],1,-1,-1,0,0
1648,[0.65088966 0.63521396],3,3,"[0.6601234827680622, 0.6109507568947781]",1,-1
1649,[0.23756249 0.19049124],1,2,"[0.294379027732062, 0.1921773781634303]",0,0
1650,[0.32788099 0.20128996],1,2,"[0.294379027732062, 0.1921773781634303]",0,0
1651,[0.72949666 0.54776724],3,-1,-1,1,-1
1652,[0.73126047 0.61058454],2,-1,-1,1,-1
1653,[0.67302324 0.65211582],3,3,"[0.6601234827680622, 0.6109507568947781]",1,-1
1654,[0.25179397 0.13327153],1,-1,-1,0,0
1655,[0.63781719 0.61783219],3,3,"[0.6601234827680622, 0.6109507568947781]",1,-1
1656,[0.73464225 0.67764711],3,0,"[0.7890750777399501, 0.6799557517006445]",1,-1
1657,[0.24173824 0.2111484 ],1,2,"[0.294379027732062, 0.1921773781634303]",0,0
1658,[0.27504689 0.20800838],1,2,"[0.294379027732062, 0.1921773781634303]",0,0
1659,[0.32232181 0.15295181],1,2,"[0.294379027732062, 0.1921773781634303]",0,0
1660,[0.82220084 0.75121794],2,-1,-1,1,-1
1661,[0.20763202 0.23156872],1,-1,-1,0,0
1662,[0.25597947 0.17393441],1,2,"[0.294379027732062, 0.1921773781634303]",0,0
1663,[0.66204686 0.57407141],3,3,"[0.6601234827680622, 0.6109507568947781]",1,-1
1664,[0.40383657 0.64081924],0,1,"[0.37965276877051146, 0.575157747726818]",1,-1
1665,[0.84470161 0.70258282],2,0,"[0.7890750777399501, 0.6799557517006445]",1,-1
1666,[0.44760272 0.60912849],0,-1,-1,1,-1
1667,[0.78260218 0.62948379],2,0,"[0.7890750777399501, 0.6799557517006445]",1,-1
1668,[0.31223479 0.2045145 ],1,2,"[0.294379027732062, 0.1921773781634303]",0,0
1669,[0.27150792 0.22750677],1,2,"[0.294379027732062, 0.1921773781634303]",0,0
1670,[0.7368683  0.76330992],2,-1,-1,1,-1
1671,[0.14255109 0.11357249],1,-1,-1,0,0
1672,[0.26748895 0.17611477],1,2,"[0.294379027732062, 0.1921773781634303]",0,0
1673,[0.85972358 0.75368427],2,-1,-1,1,-1
1674,[0.61316185 0.65087102],3,3,"[0.6601234827680622, 0.6109507568947781]",1,-1
1675,[0.31016649 0.14282913],1,2,"[0.294379027732062, 0.1921773781634303]",0,0
1676,[0.26364974 0.2527358 ],1,2,"[0.294379027732062, 0.1921773781634303]",0,0
1677,[0.75454513 0.66085116],2,0,"[0.7890750777399501, 0.6799557517006445]",1,3
1678,[0.36257633 0.26085494],1,-1,-1,0,0
1679,[0.83386365 0.60369833],2,-1,-1,1,-1
1680,[0.419892   0.52142051],0,1,"[0.37965276877051146, 0.575157747726818]",1,-1
1681,[0.63869296 0.54914259],3,3,"[0.6601234827680622, 0.6109507568947781]",1,-1
1682,[0.43002867 0.53047479],0,1,"[0.37965276877051146, 0.575157747726818]",1,-1
1683,[0.35839643 0.53415598],0,1,"[0.37965276877051146, 0.575157747726818]",1,-1
1684,[0.31154388 0.55917898],0,1,"[0.37965276877051146, 0.575157747726818]",1,-1
1685,[0.61528815 0.63623929],3,3,"[0.6601234827680622, 0.6109507568947781]",1,-1
1686,[0.83885365 0.56760934],2,-1,-1,1,-1
1687,[0.70242373 0.6213194 ],3,3,"[0.6601234827680622, 0.6109507568947781]",1,-1
1688,[0.41674565 0.55800976],0,1,"[0.37965276877051146, 0.575157747726818]",1,-1
1689,[0.19290913 0.20528406],1,-1,-1,0,0
1690,[0.31700789 0.55271511],0,1,"[0.37965276877051146, 0.575157747726818]",1,-1
1691,[0.64312805 0.74693756],2,-1,-1,1,-1
1692,[0.31338408 0.60596323],0,-1,-1,1,-1
1693,[0.72011602 0.5929491 ],2,3,"[0.6601234827680622, 0.6109507568947781]",1,-1
1694,[0.61974083 0.6102287 ],3,3,"[0.6601234827680622, 0.6109507568947781]",1,-1
1695,[0.75536805 0.65027804],2,0,"[0.7890750777399501, 0.6799557517006445]",1,-1
1696,[0.71515166 0.67038398],3,-1,-1,1,-1
1697,[0.61916878 0.58519476],3,3,"[0.6601234827680622, 0.6109507568947781]",1,-1
1698,[0.70937158 0.57833507],3,3,"[0.6601234827680622, 0.6109507568947781]",1,-1
1699,[0.4178761 0.5456496],0,1,"[0.37965276877051146, 0.575157747726818]",1,-1
1700,[0.40782689 0.46001334],0,-1,-1,1,-1
1701,[0.82302231 0.65612178],2,0,"[0.7890750777399501, 0.6799557517006445]",1,-1
1702,[0.39219876 0.569495  ],0,1,"[0.37965276877051146, 0.575157747726818]",1,-1
1703,[0.62721818 0.51972057],3,-1,-1,1,-1
1704,[0.77624787 0.63849027],2,0,"[0.7890750777399501, 0.6799557517006445]",1,-1
1705,[0.60056305 0.58068318],3,3,"[0.6601234827680622, 0.6109507568947781]",1,-1
1706,[0.80922173 0.67552252],2,0,"[0.7890750777399501, 0.6799557517006445]",1,-1
1707,[0.2771949  0.54871202],0,-1,-1,1,-1
1708,[0.69354811 0.71208008],2,-1,-1,1,-1
1709,[0.37776759 0.18123895],1,-1,-1,0,0
1710,[0.36913195 0.56658812],0,1,"[0.37965276877051146, 0.575157747726818]",1,1
1711,[0.31677025 0.6119771 ],0,-1,-1,1,-1
1712,[0.25430282 0.17866472],1,2,"[0.294379027732062, 0.1921773781634303]",0,0
1713,[0.65278605 0.54493666],3,3,"[0.6601234827680622, 0.6109507568947781]",1,-1
1714,[0.35607154 0.25933606],1,-1,-1,0,0
1715,[0.32606541 0.60526935],0,1,"[0.37965276877051146, 0.575157747726818]",1,-1
1716,[0.66456085 0.60388004],3,3,"[0.6601234827680622, 0.6109507568947781]",1,-1
1717,[0.63811777 0.68152995],3,-1,-1,1,-1
1718,[0.30382714 0.51685394],0,-1,-1,1,-1
1719,[0.75927538 0.77564585],2,-1,-1,1,-1
1720,[0.32654757 0.55478774],0,1,"[0.37965276877051146, 0.575157747726818]",1,-1
1721,[0.55227894 0.60799825],3,-1,-1,1,-1
1722,[0.25962381 0.11185539],1,-1,-1,0,0
1723,[0.83547229 0.62853417],2,0,"[0.7890750777399501, 0.6799557517006445]",1,-1
1724,[0.6124218  0.61248387],3,3,"[0.6601234827680622, 0.6109507568947781]",1,-1
1725,[0.26283923 0.17752119],1,2,"[0.294379027732062, 0.1921773781634303]",0,0
1726,[0.6439929  0.66736675],3,3,"[0.6601234827680622, 0.6109507568947781]",1,-1
1727,[0.36971234 0.61957921],0,1,"[0.37965276877051146, 0.575157747726818]",1,-1
1728,[0.2245457  0.20293053],1,-1,-1,0,0
1729,[0.33994397 0.19100875],1,2,"[0.294379027732062, 0.1921773781634303]",0,0
1730,[0.30698499 0.24477258],1,2,"[0.294379027732062, 0.1921773781634303]",0,0
1731,[0.32339938 0.18452595],1,2,"[0.294379027732062, 0.1921773781634303]",0,0
1732,[0.67122863 0.54240632],3,3,"[0.6601234827680622, 0.6109507568947781]",1,-1
1733,[0.37454129 0.63494258],0,1,"[0.37965276877051146, 0.575157747726818]",1,-1
1734,[0.37249385 0.60570045],0,1,"[0.37965276877051146, 0.575157747726818]",1,-1
1735,[0.6486673  0.61835219],3,3,"[0.6601234827680622, 0.6109507568947781]",1,-1
1736,[0.72715493 0.58680919],3,-1,-1,1,-1
1737,[0.64176389 0.55279205],3,3,"[0.6601234827680622, 0.6109507568947781]",1,-1
1738,[0.72153259 0.56894824],3,-1,-1,1,-1
1739,[0.75697225 0.68294921],2,0,"[0.7890750777399501, 0.6799557517006445]",1,-1
1740,[0.29489881 0.64322946],0,-1,-1,1,-1
1741,[0.38261823 0.52908674],0,1,"[0.37965276877051146, 0.575157747726818]",1,-1
1742,[0.28012624 0.16637851],1,2,"[0.294379027732062, 0.1921773781634303]",0,0
1743,[0.44861673 0.54469075],0,-1,-1,1,-1
1744,[0.23770338 0.23330395],1,-1,-1,0,0
1745,[0.4101696  0.54814158],0,1,"[0.37965276877051146, 0.575157747726818]",1,-1
1746,[0.63494377 0.56204463],3,3,"[0.6601234827680622, 0.6109507568947781]",1,-1
1747,[0.74831696 0.59173082],2,-1,-1,1,-1
1748,[0.36450755 0.56288689],0,1,"[0.37965276877051146, 0.575157747726818]",1,-1
1749,[0.28000852 0.23295542],1,2,"[0.294379027732062, 0.1921773781634303]",0,0
1750,[0.27395914 0.23901082],1,2,"[0.294379027732062, 0.1921773781634303]",0,0
1751,[0.35616756 0.55326659],0,1,"[0.37965276877051146, 0.575157747726818]",1,-1
1752,[0.34561212 0.61684517],0,1,"[0.37965276877051146, 0.575157747726818]",1,-1
1753,[0.64839801 0.53213027],3,-1,-1,1,-1
1754,[0.64820314 0.61065891],3,3,"[0.6601234827680622, 0.6109507568947781]",1,6
1755,[0.84632683 0.64214369],2,0,"[0.7890750777399501, 0.6799557517006445]",1,-1
1756,[0.721002   0.67358672],2,0,"[0.7890750777399501, 0.6799557517006445]",1,-1
1757,[0.31047368 0.27420105],1,-1,-1,0,0
1758,[0.3026505  0.14523291],1,2,"[0.294379027732062, 0.1921773781634303]",0,0
1759,[0.25937421 0.23619261],1,2,"[0.294379027732062, 0.1921773781634303]",0,0
1760,[0.37073674 0.61689672],0,1,"[0.37965276877051146, 0.575157747726818]",1,-1
1761,[0.60228546 0.6619398 ],3,-1,-1,1,-1
1762,[0.75057585 0.62751542],3,0,"[0.7890750777399501, 0.6799557517006445]",1,-1
1763,[0.81061302 0.72112667],2,0,"[0.7890750777399501, 0.6799557517006445]",1,-1
1764,[0.76956088 0.67308829],2,0,"[0.7890750777399501, 0.6799557517006445]",1,-1
1765,[0.79641208 0.72869119],2,0,"[0.7890750777399501, 0.6799557517006445]",1,-1
1766,[0.28170234 0.16680457],1,2,"[0.294379027732062, 0.1921773781634303]",0,0
1767,[0.79309726 0.67182432],2,0,"[0.7890750777399501, 0.6799557517006445]",1,4
1768,[0.26753588 0.14881618],1,2,"[0.294379027732062, 0.1921773781634303]",0,0
1769,[0.76989407 0.70529037],2,0,"[0.7890750777399501, 0.6799557517006445]",1,-1
1770,[0.68163484 0.62428546],3,3,"[0.6601234827680622, 0.6109507568947781]",1,7
1771,[0.65226521 0.57846343],3,3,"[0.6601234827680622, 0.6109507568947781]",1,-1
1772,[0.38236135 0.62358166],0,1,"[0.37965276877051146, 0.575157747726818]",1,-1
1773,[0.41622158 0.65962243],0,-1,-1,1,-1
1774,[0.72447263 0.57531954],3,-1,-1,1,-1
1775,[0.34233637 0.48912418],0,-1,-1,1,-1
1776,[0.36532282 0.57829385],0,1,"[0.37965276877051146, 0.575157747726818]",1,-1
1777,[0.75159838 0.7613689 ],2,-1,-1,1,-1
1778,[0.36588093 0.20024824],1,-1,-1,0,0
1779,[0.7794501  0.61507378],2,0,"[0.7890750777399501, 0.6799557517006445]",1,-1
1780,[0.72932936 0.57870469],3,-1,-1,1,-1
1781,[0.75075985 0.78562101],2,-1,-1,1,-1
1782,[0.43590858 0.64187562],0,-1,-1,1,-1
1783,[0.66731833 0.57532583],3,3,"[0.6601234827680622, 0.6109507568947781]",1,-1
1784,[0.80065656 0.69499069],2,0,"[0.7890750777399501, 0.6799557517006445]",1,-1
1785,[0.19418771 0.18512248],1,-1,-1,0,0
1786,[0.71516365 0.63684181],3,3,"[0.6601234827680622, 0.6109507568947781]",1,-1
1787,[0.27964319 0.17648334],1,2,"[0.294379027732062, 0.1921773781634303]",0,0
1788,[0.258295   0.11151407],1,-1,-1,0,0
1789,[0.43881672 0.57124002],0,1,"[0.37965276877051146, 0.575157747726818]",1,-1
1790,[0.32865856 0.42798599],0,-1,-1,1,-1
1791,[0.28788873 0.54302183],0,-1,-1,1,-1
1792,[0.60039786 0.62036493],3,3,"[0.6601234827680622, 0.6109507568947781]",1,-1
1793,[0.41018004 0.56989676],0,1,"[0.37965276877051146, 0.575157747726818]",1,2
1794,[0.77417184 0.67283473],2,0,"[0.7890750777399501, 0.6799557517006445]",1,-1
1795,[0.31416767 0.17572344],1,2,"[0.294379027732062, 0.1921773781634303]",0,0
1796,[0.34382351 0.13511244],1,-1,-1,0,0
1797,[0.34577969 0.6698141 ],0,-1,-1,1,-1
1798,[0.78953117 0.72969072],2,0,"[0.7890750777399501, 0.6799557517006445]",1,-1
1799,[0.68405766 0.71096999],2,-1,-1,1,-1
1800,[0.78588744 0.65410346],2,0,"[0.7890750777399501, 0.6799557517006445]",1,-1
1801,[0.45738779 0.58404132],0,-1,-1,1,-1
1802,[0.30937467 0.15722285],1,2,"[0.294379027732062, 0.1921773781634303]",0,0
1803,[0.63298308 0.56317694],3,3,"[0.6601234827680622, 0.6109507568947781]",1,-1
1804,[0.30915496 0.27490458],1,-1,-1,0,0
1805,[0.75658092 0.66832314],2,0,"[0.7890750777399501, 0.6799557517006445]",1,-1
1806,[0.73616391 0.57994619],3,-1,-1,1,-1
1807,[0.31881607 0.19267792],1,2,"[0.294379027732062, 0.1921773781634303]",0,0
1808,[0.57443417 0.69126012],3,-1,-1,1,-1
1809,[0.73575197 0.57597268],3,-1,-1,1,-1
1810,[0.3901932  0.65940091],0,-1,-1,1,-1
1811,[0.7825305 0.6051153],2,-1,-1,1,-1
1812,[0.57594054 0.62665157],3,-1,-1,1,-1
1813,[0.67690102 0.74964915],2,-1,-1,1,-1
1814,[0.39924291 0.5501094 ],0,1,"[0.37965276877051146, 0.575157747726818]",1,-1
1815,[0.30787081 0.62352142],0,-1,-1,1,-1
1816,[0.61591094 0.58936062],3,3,"[0.6601234827680622, 0.6109507568947781]",1,-1
1817,[0.25168334 0.20354782],1,2,"[0.294379027732062, 0.1921773781634303]",0,0
1818,[0.88497976 0.66497131],2,-1,-1,1,-1
1819,[0.81986345 0.69165202],2,0,"[0.7890750777399501, 0.6799557517006445]",1,-1
1820,[0.63020879 0.52527014],3,-1,-1,1,-1
1821,[0.32394065 0.60952527],0,1,"[0.37965276877051146, 0.575157747726818]",1,-1
1822,[0.26417638 0.1910645 ],1,2,"[0.294379027732062, 0.1921773781634303]",0,0
1823,[0.31160245 0.57284096],0,1,"[0.37965276877051146, 0.575157747726818]",1,-1
1824,[0.28668223 0.15839644],1,2,"[0.294379027732062, 0.1921773781634303]",0,0
1825,[0.73520879 0.68069988],2,0,"[0.7890750777399501, 0.6799557517006445]",1,-1
1826,[0.63238245 0.60239673],3,3,"[0.6601234827680622, 0.6109507568947781]",1,-1
1827,[0.21625813 0.1914919 ],1,-1,-1,0,0
1828,[0.70152166 0.58254613],3,3,"[0.6601234827680622, 0.6109507568947781]",1,-1
1829,[0.71699555 0.64915303],3,3,"[0.6601234827680622, 0.6109507568947781]",1,-1
1830,[0.66348676 0.63685173],3,3,"[0.6601234827680622, 0.6109507568947781]",1,-1
1831,[0.26375032 0.19888612],1,2,"[0.294379027732062, 0.1921773781634303]",0,0
1832,[0.38638741 0.27052755],1,-1,-1,0,0
1833,[0.69462336 0.64702823],3,3,"[0.6601234827680622, 0.6109507568947781]",1,-1
1834,[0.79591993 0.64222472],2,0,"[0.7890750777399501, 0.6799557517006445]",1,-1
1835,[0.22821034 0.24960238],1,-1,-1,0,0
1836,[0.67523417 0.60862189],3,3,"[0.6601234827680622, 0.6109507568947781]",1,-1
1837,[0.27419881 0.57729363],0,-1,-1,1,-1
1838,[0.29315035 0.31712302],1,-1,-1,0,0
1839,[0.38204677 0.66093419],0,-1,-1,1,-1
1840,[0.34537606 0.50398433],0,-1,-1,1,-1
1841,[0.63412847 0.65989395],3,3,"[0.6601234827680622, 0.6109507568947781]",1,-1
1842,[0.56661402 0.62559554],3,-1,-1,1,-1
1843,[0.71662856 0.49723113],3,-1,-1,1,-1
1844,[0.232533   0.25639243],1,-1,-1,0,0
1845,[0.36480008 0.15996742],1,-1,-1,0,0
1846,[0.35741871 0.51866357],0,1,"[0.37965276877051146, 0.575157747726818]",1,-1
1847,[0.71557019 0.71625873],3,-1,-1,1,-1
1848,[0.3651423  0.62176499],0,1,"[0.37965276877051146, 0.575157747726818]",1,-1
1849,[0.75122519 0.66855439],2,0,"[0.7890750777399501, 0.6799557517006445]",1,-1
1850,[0.27592756 0.15860832],1,2,"[0.294379027732062, 0.1921773781634303]",0,0
1851,[0.82169505 0.66832943],2,0,"[0.7890750777399501, 0.6799557517006445]",1,-1
1852,[0.3097943  0.22680118],1,2,"[0.294379027732062, 0.1921773781634303]",0,0
1853,[0.2913596  0.23146195],1,2,"[0.294379027732062, 0.1921773781634303]",0,0
1854,[0.65333698 0.5486035 ],3,3,"[0.6601234827680622, 0.6109507568947781]",1,-1
1855,[0.79296602 0.66673203],2,0,"[0.7890750777399501, 0.6799557517006445]",1,-1
1856,[0.70112322 0.66104072],2,3,"[0.6601234827680622, 0.6109507568947781]",1,-1
1857,[0.68451377 0.60439148],3,3,"[0.6601234827680622, 0.6109507568947781]",1,5
1858,[0.36781589 0.64216733],0,1,"[0.37965276877051146, 0.575157747726818]",1,-1
1859,[0.26048243 0.60634221],0,-1,-1,1,-1
1860,[0.30270783 0.16264417],1,2,"[0.294379027732062, 0.1921773781634303]",0,0
1861,[0.36256979 0.61297067],0,1,"[0.37965276877051146, 0.575157747726818]",1,-1
1862,[0.41802528 0.61681905],0,1,"[0.37965276877051146, 0.575157747726818]",1,-1
1863,[0.24197528 0.11922622],1,-1,-1,0,0
1864,[0.71864424 0.76517255],2,-1,-1,1,-1
1865,[0.61428444 0.67347405],3,-1,-1,1,-1
1866,[0.70385258 0.63861341],3,3,"[0.6601234827680622, 0.6109507568947781]",1,-1
1867,[0.41223749 0.44224847],0,-1,-1,1,-1
1868,[0.36022624 0.52825227],0,1,"[0.37965276877051146, 0.575157747726818]",1,-1
1869,[0.8467335  0.66631144],2,0,"[0.7890750777399501, 0.6799557517006445]",1,-1
1870,[0.37930261 0.23185306],1,-1,-1,0,0
1871,[0.39642481 0.61450962],0,1,"[0.37965276877051146, 0.575157747726818]",1,-1
1872,[0.41694996 0.56364643],0,1,"[0.37965276877051146, 0.575157747726818]",1,-1
1873,[0.27292028 0.20980375],1,2,"[0.294379027732062, 0.1921773781634303]",0,0
1874,[0.66516956 0.5920131 ],3,3,"[0.6601234827680622, 0.6109507568947781]",1,-1
1875,[0.29046681 0.18583577],1,2,"[0.294379027732062, 0.1921773781634303]",0,0
1876,[0.39586654 0.25031584],1,-1,-1,0,0
1877,[0.33467115 0.15622575],1,2,"[0.294379027732062, 0.1921773781634303]",0,0
1878,[0.32348605 0.16722974],1,2,"[0.294379027732062, 0.1921773781634303]",0,0
1879,[0.78557021 0.66852926],2,0,"[0.7890750777399501, 0.6799557517006445]",1,-1
1880,[0.7666157  0.63037123],3,0,"[0.7890750777399501, 0.6799557517006445]",1,-1
1881,[0.5527542  0.63209973],3,-1,-1,1,-1
1882,[0.75169669 0.62368544],2,0,"[0.7890750777399501, 0.6799557517006445]",1,-1
1883,[0.36578053 0.65666119],0,-1,-1,1,-1
1884,[0.33601515 0.22231863],1,2,"[0.294379027732062, 0.1921773781634303]",0,0
1885,[0.40775792 0.57059799],0,1,"[0.37965276877051146, 0.575157747726818]",1,2
1886,[0.70076337 0.63587496],2,3,"[0.6601234827680622, 0.6109507568947781]",1,-1
1887,[0.25267864 0.17872521],1,2,"[0.294379027732062, 0.1921773781634303]",0,0
1888,[0.30645146 0.20970164],1,2,"[0.294379027732062, 0.1921773781634303]",0,0
1889,[0.41285806 0.48706662],0,-1,-1,1,-1
1890,[0.38452232 0.59923328],0,1,"[0.37965276877051146, 0.575157747726818]",1,-1
1891,[0.82339797 0.62257033],2,0,"[0.7890750777399501, 0.6799557517006445]",1,-1
1892,[0.39885995 0.50373411],0,-1,-1,1,-1
1893,[0.46967972 0.56488336],0,-1,-1,1,-1
1894,[0.69910872 0.66710186],2,3,"[0.6601234827680622, 0.6109507568947781]",1,-1
1895,[0.65234238 0.69725302],3,-1,-1,1,-1
1896,[0.33149146 0.58979983],0,1,"[0.37965276877051146, 0.575157747726818]",1,-1
1897,[0.39029802 0.18339669],1,-1,-1,0,0
1898,[0.63905405 0.6516846 ],3,3,"[0.6601234827680622, 0.6109507568947781]",1,-1
1899,[0.65120776 0.70283009],3,-1,-1,1,-1
1900,[0.85202753 0.6122341 ],2,-1,-1,1,-1
1901,[0.38206182 0.58588551],0,1,"[0.37965276877051146, 0.575157747726818]",1,-1
1902,[0.44849039 0.4669664 ],0,-1,-1,1,-1
1903,[0.29407474 0.20862881],1,2,"[0.294379027732062, 0.1921773781634303]",0,0
1904,[0.83666681 0.70153059],2,0,"[0.7890750777399501, 0.6799557517006445]",1,-1
1905,[0.85078048 0.71138192],2,0,"[0.7890750777399501, 0.6799557517006445]",1,-1
1906,[0.75335856 0.62247353],2,0,"[0.7890750777399501, 0.6799557517006445]",1,-1
1907,[0.72717138 0.60651959],3,3,"[0.6601234827680622, 0.6109507568947781]",1,-1
1908,[0.38181105 0.09570093],1,-1,-1,0,0
1909,[0.376106  0.5142714],0,1,"[0.37965276877051146, 0.575157747726818]",1,-1
1910,[0.29231484 0.16783729],1,2,"[0.294379027732062, 0.1921773781634303]",0,0
1911,[0.60815523 0.61806837],3,3,"[0.6601234827680622, 0.6109507568947781]",1,-1
1912,[0.74973063 0.55427416],3,-1,-1,1,-1
1913,[0.33408504 0.55256377],0,1,"[0.37965276877051146, 0.575157747726818]",1,-1
1914,[0.29301148 0.13620438],1,2,"[0.294379027732062, 0.1921773781634303]",0,0
1915,[0.67023392 0.56649821],3,3,"[0.6601234827680622, 0.6109507568947781]",1,-1
1916,[0.83538681 0.66779333],2,0,"[0.7890750777399501, 0.6799557517006445]",1,-1
1917,[0.32423302 0.18302908],1,2,"[0.294379027732062, 0.1921773781634303]",0,0
1918,[0.80778153 0.82223688],2,-1,-1,1,-1
1919,[0.42769199 0.55019649],0,1,"[0.37965276877051146, 0.575157747726818]",1,-1
1920,[0.80268448 0.64059076],2,0,"[0.7890750777399501, 0.6799557517006445]",1,-1
1921,[0.80378423 0.71664587],2,0,"[0.7890750777399501, 0.6799557517006445]",1,-1
1922,[0.61145103 0.61773549],3,3,"[0.6601234827680622, 0.6109507568947781]",1,-1
1923,[0.6394128  0.71607687],3,-1,-1,1,-1
1924,[0.2952767 0.1439598],1,2,"[0.294379027732062, 0.1921773781634303]",0,0
1925,[0.75515375 0.74967231],2,-1,-1,1,-1
1926,[0.35986589 0.54611843],0,1,"[0.37965276877051146, 0.575157747726818]",1,-1
1927,[0.58944028 0.69906389],3,-1,-1,1,-1
1928,[0.78164925 0.75610209],2,-1,-1,1,-1
1929,[0.30863532 0.15148683],1,2,"[0.294379027732062, 0.1921773781634303]",0,0
1930,[0.3086998  0.13008072],1,2,"[0.294379027732062, 0.1921773781634303]",0,0
1931,[0.24369028 0.20266598],1,2,"[0.294379027732062, 0.1921773781634303]",0,0
1932,[0.81307114 0.64100935],2,0,"[0.7890750777399501, 0.6799557517006445]",1,-1
1933,[0.37355474 0.59868639],0,1,"[0.37965276877051146, 0.575157747726818]",1,-1
1934,[0.69879385 0.67683409],2,-1,-1,1,-1
1935,[0.81717615 0.63718488],2,0,"[0.7890750777399501, 0.6799557517006445]",1,-1
1936,[0.55566153 0.63148637],3,-1,-1,1,-1
1937,[0.79227546 0.72285654],2,0,"[0.7890750777399501, 0.6799557517006445]",1,-1
1938,[0.35315056 0.59697757],0,1,"[0.37965276877051146, 0.575157747726818]",1,-1
1939,[0.34491093 0.51391033],0,-1,-1,1,-1
1940,[0.80596655 0.66940928],2,0,"[0.7890750777399501, 0.6799557517006445]",1,-1
1941,[0.68509132 0.63551769],3,3,"[0.6601234827680622, 0.6109507568947781]",1,-1
1942,[0.23137233 0.13221868],1,-1,-1,0,0
1943,[0.39435572 0.62754308],0,1,"[0.37965276877051146, 0.575157747726818]",1,-1
1944,[0.64971417 0.55114421],3,3,"[0.6601234827680622, 0.6109507568947781]",1,-1
1945,[0.78726181 0.74148607],2,0,"[0.7890750777399501, 0.6799557517006445]",1,-1
1946,[0.60167831 0.61525478],3,3,"[0.6601234827680622, 0.6109507568947781]",1,-1
1947,[0.27581126 0.19365928],1,2,"[0.294379027732062, 0.1921773781634303]",0,0
1948,[0.63043613 0.62342124],3,3,"[0.6601234827680622, 0.6109507568947781]",1,-1
1949,[0.35478296 0.61627839],0,1,"[0.37965276877051146, 0.575157747726818]",1,-1
1950,[0.37683356 0.5221274 ],0,1,"[0.37965276877051146, 0.575157747726818]",1,-1
1951,[0.76610549 0.7526397 ],2,-1,-1,1,-1
1952,[0.26042242 0.13788727],1,2,"[0.294379027732062, 0.1921773781634303]",0,0
1953,[0.26383556 0.17774705],1,2,"[0.294379027732062, 0.1921773781634303]",0,0
1954,[0.6434491  0.61362931],3,3,"[0.6601234827680622, 0.6109507568947781]",1,-1
1955,[0.7913324  0.67777793],2,0,"[0.7890750777399501, 0.6799557517006445]",1,4
1956,[0.39061407 0.55918677],0,1,"[0.37965276877051146, 0.575157747726818]",1,-1
1957,[0.3263918  0.23101529],1,2,"[0.294379027732062, 0.1921773781634303]",0,0
1958,[0.8482968  0.71082911],2,0,"[0.7890750777399501, 0.6799557517006445]",1,-1
1959,[0.65238601 0.62251815],3,3,"[0.6601234827680622, 0.6109507568947781]",1,7
1960,[0.71535081 0.55320942],3,-1,-1,1,-1
1961,[0.24017827 0.30164981],1,-1,-1,0,0
1962,[0.80786009 0.66856154],2,0,"[0.7890750777399501, 0.6799557517006445]",1,-1
1963,[0.70403373 0.60167542],3,3,"[0.6601234827680622, 0.6109507568947781]",1,-1
1964,[0.25861485 0.2391698 ],1,2,"[0.294379027732062, 0.1921773781634303]",0,0
1965,[0.73089474 0.62647767],2,-1,-1,1,-1
1966,[0.35452503 0.56854417],0,1,"[0.37965276877051146, 0.575157747726818]",1,-1
1967,[0.66425317 0.54999176],3,3,"[0.6601234827680622, 0.6109507568947781]",1,-1
1968,[0.58821432 0.57447423],3,-1,-1,1,-1
1969,[0.35950455 0.54346987],0,1,"[0.37965276877051146, 0.575157747726818]",1,-1
1970,[0.32088277 0.13934118],1,2,"[0.294379027732062, 0.1921773781634303]",0,0
1971,[0.7025435  0.70771928],2,-1,-1,1,-1
1972,[0.54385144 0.60557449],3,-1,-1,1,-1
1973,[0.79868414 0.67959138],2,0,"[0.7890750777399501, 0.6799557517006445]",1,-1
1974,[0.63531312 0.55631094],3,3,"[0.6601234827680622, 0.6109507568947781]",1,-1
1975,[0.82708202 0.6620121 ],2,0,"[0.7890750777399501, 0.6799557517006445]",1,-1
1976,[0.6734411  0.62825536],3,3,"[0.6601234827680622, 0.6109507568947781]",1,-1
1977,[0.68719507 0.62942638],3,3,"[0.6601234827680622, 0.6109507568947781]",1,7
1978,[0.45730426 0.53432726],0,-1,-1,1,-1
1979,[0.47880077 0.6502326 ],0,-1,-1,1,-1
1980,[0.37827623 0.55607004],0,1,"[0.37965276877051146, 0.575157747726818]",1,-1
1981,[0.65201085 0.57308446],3,3,"[0.6601234827680622, 0.6109507568947781]",1,-1
1982,[0.65779962 0.50020731],3,-1,-1,1,-1
1983,[0.46590869 0.5959791 ],0,-1,-1,1,-1
1984,[0.6607263  0.57800134],3,3,"[0.6601234827680622, 0.6109507568947781]",1,-1
1985,[0.34524302 0.51306079],0,-1,-1,1,-1
1986,[0.32798899 0.12251946],1,-1,-1,0,0
1987,[0.39947479 0.57838267],0,1,"[0.37965276877051146, 0.575157747726818]",1,-1
1988,[0.83532994 0.55423765],2,-1,-1,1,-1
1989,[0.81345651 0.61227919],2,-1,-1,1,-1
1990,[0.76548007 0.5437832 ],3,-1,-1,1,-1
1991,[0.78746389 0.60344252],3,-1,-1,1,-1
1992,[0.43990091 0.60132788],0,1,"[0.37965276877051146, 0.575157747726818]",1,-1
1993,[0.74675154 0.57824435],2,-1,-1,1,-1
1994,[0.22019817 0.25178603],1,-1,-1,0,0
1995,[0.74206199 0.60748043],3,-1,-1,1,-1
1996,[0.33123675 0.62901731],0,-1,-1,1,-1
1997,[0.81187939 0.62858864],2,0,"[0.7890750777399501, 0.6799557517006445]",1,-1
1998,[0.35430656 0.57278457],0,1,"[0.37965276877051146, 0.575157747726818]",1,-1
1999,[0.43397303 0.61823555],0,1,"[0.37965276877051146, 0.575157747726818]",1,-1
2000,[0.77888453 0.63043751],2,0,"[0.7890750777399501, 0.6799557517006445]",1,-1
2001,[0.54877    0.61925144],0,-1,-1,1,-1
2002,[0.36970265 0.60863355],0,1,"[0.37965276877051146, 0.575157747726818]",1,-1
2003,[0.37197222 0.62595338],0,1,"[0.37965276877051146, 0.575157747726818]",1,-1
2004,[0.47573816 0.54625469],0,-1,-1,1,-1
2005,[0.5513395  0.60052445],3,-1,-1,1,-1
2006,[0.35042458 0.58948805],0,1,"[0.37965276877051146, 0.575157747726818]",1,-1
2007,[0.84297193 0.66548073],2,0,"[0.7890750777399501, 0.6799557517006445]",1,-1
2008,[0.70683757 0.59617388],2,3,"[0.6601234827680622, 0.6109507568947781]",1,-1
2009,[0.32472172 0.58547529],0,1,"[0.37965276877051146, 0.575157747726818]",1,-1
2010,[0.32988589 0.13547519],1,2,"[0.294379027732062, 0.1921773781634303]",0,0
2011,[0.68045548 0.6187013 ],3,3,"[0.6601234827680622, 0.6109507568947781]",1,-1
2012,[0.28332487 0.14362419],1,2,"[0.294379027732062, 0.1921773781634303]",0,0
2013,[0.87334574 0.7556866 ],2,-1,-1,1,-1
2014,[0.39568938 0.25576439],1,-1,-1,0,0
2015,[0.43120424 0.57541836],0,1,"[0.37965276877051146, 0.575157747726818]",1,-1
2016,[0.87204331 0.62584607],2,-1,-1,1,-1
2017,[0.41116848 0.4746865 ],0,-1,-1,1,-1
2018,[0.40430557 0.5007985 ],0,-1,-1,1,-1
2019,[0.38041246 0.15259216],1,-1,-1,0,0
2020,[0.36693507 0.64530155],0,-1,-1,1,-1
2021,[0.31873099 0.49521004],0,-1,-1,1,-1
2022,[0.85189118 0.62189101],2,-1,-1,1,-1
2023,[0.28675714 0.18208509],1,2,"[0.294379027732062, 0.1921773781634303]",0,0
2024,[0.66433888 0.58234115],3,3,"[0.6601234827680622, 0.6109507568947781]",1,-1
2025,[0.75549674 0.59294008],2,-1,-1,1,-1
2026,[0.25938892 0.53572837],0,-1,-1,1,-1
2027,[0.43021545 0.66480702],0,-1,-1,1,-1
2028,[0.34542111 0.16705031],1,2,"[0.294379027732062, 0.1921773781634303]",0,0
2029,[0.36517986 0.54901859],0,1,"[0.37965276877051146, 0.575157747726818]",1,-1
2030,[0.63700761 0.64755153],3,3,"[0.6601234827680622, 0.6109507568947781]",1,-1
2031,[0.68150958 0.67061897],2,3,"[0.6601234827680622, 0.6109507568947781]",1,-1
2032,[0.28487645 0.24939169],1,2,"[0.294379027732062, 0.1921773781634303]",0,0
2033,[0.26319803 0.48661518],0,-1,-1,1,-1
2034,[0.30081681 0.16142645],1,2,"[0.294379027732062, 0.1921773781634303]",0,0
2035,[0.79046589 0.70763769],2,0,"[0.7890750777399501, 0.6799557517006445]",1,-1
2036,[0.72316536 0.66112283],3,0,"[0.7890750777399501, 0.6799557517006445]",1,-1
2037,[0.84723534 0.67661186],2,0,"[0.7890750777399501, 0.6799557517006445]",1,-1
2038,[0.23959217 0.22590152],1,2,"[0.294379027732062, 0.1921773781634303]",0,0
2039,[0.2114283  0.24214508],1,-1,-1,0,0
2040,[0.3786263  0.59699511],0,1,"[0.37965276877051146, 0.575157747726818]",1,-1
2041,[0.24587265 0.13839887],1,-1,-1,0,0
2042,[0.28409304 0.1686042 ],1,2,"[0.294379027732062, 0.1921773781634303]",0,0
2043,[0.31929123 0.58832635],0,1,"[0.37965276877051146, 0.575157747726818]",1,-1
2044,[0.83168891 0.68354841],2,0,"[0.7890750777399501, 0.6799557517006445]",1,-1
2045,[0.62394003 0.60892803],3,3,"[0.6601234827680622, 0.6109507568947781]",1,-1
2046,[0.42097682 0.60029673],0,1,"[0.37965276877051146, 0.575157747726818]",1,-1
2047,[0.34237226 0.55098343],0,1,"[0.37965276877051146, 0.575157747726818]",1,-1
2048,[0.32284163 0.21286577],1,2,"[0.294379027732062, 0.1921773781634303]",0,0
2049,[0.37087874 0.20915461],1,-1,-1,0,0
2050,[0.40630091 0.57277008],0,1,"[0.37965276877051146, 0.575157747726818]",1,2
2051,[0.81972862 0.62059233],2,0,"[0.7890750777399501, 0.6799557517006445]",1,-1
2052,[0.69621729 0.60313902],3,3,"[0.6601234827680622, 0.6109507568947781]",1,-1
2053,[0.32111853 0.59038932],0,1,"[0.37965276877051146, 0.575157747726818]",1,-1
2054,[0.27851491 0.20589907],1,2,"[0.294379027732062, 0.1921773781634303]",0,0
2055,[0.61424175 0.65997028],3,3,"[0.6601234827680622, 0.6109507568947781]",1,-1
2056,[0.35118435 0.61967555],0,1,"[0.37965276877051146, 0.575157747726818]",1,-1
2057,[0.74786759 0.5778831 ],2,-1,-1,1,-1
2058,[0.33393353 0.5579422 ],0,1,"[0.37965276877051146, 0.575157747726818]",1,-1
2059,[0.7666378  0.77769656],2,-1,-1,1,-1
2060,[0.71960788 0.71709734],2,-1,-1,1,-1
2061,[0.2493516  0.24956168],1,-1,-1,0,0
2062,[0.35214269 0.12042822],1,-1,-1,0,0
2063,[0.38947163 0.57415517],0,1,"[0.37965276877051146, 0.575157747726818]",1,2
2064,[0.78959584 0.65347644],2,0,"[0.7890750777399501, 0.6799557517006445]",1,-1
2065,[0.58766036 0.67522019],3,-1,-1,1,-1
2066,[0.33507763 0.15510277],1,2,"[0.294379027732062, 0.1921773781634303]",0,0
2067,[0.31826726 0.57537113],0,1,"[0.37965276877051146, 0.575157747726818]",1,-1
2068,[0.26801279 0.26356969],1,-1,-1,0,0
2069,[0.41582727 0.56748258],0,1,"[0.37965276877051146, 0.575157747726818]",1,-1
2070,[0.76022323 0.62362487],2,0,"[0.7890750777399501, 0.6799557517006445]",1,-1
2071,[0.4094015  0.57384518],0,1,"[0.37965276877051146, 0.575157747726818]",1,2
2072,[0.80327648 0.68847648],2,0,"[0.7890750777399501, 0.6799557517006445]",1,-1
2073,[0.67381317 0.62551547],3,3,"[0.6601234827680622, 0.6109507568947781]",1,7
2074,[0.74765051 0.61973391],2,-1,-1,1,-1
2075,[0.63091129 0.66311004],3,3,"[0.6601234827680622, 0.6109507568947781]",1,-1
2076,[0.27192817 0.12756999],1,2,"[0.294379027732062, 0.1921773781634303]",0,0
2077,[0.2855363  0.13776192],1,2,"[0.294379027732062, 0.1921773781634303]",0,0
2078,[0.80302598 0.71104108],2,0,"[0.7890750777399501, 0.6799557517006445]",1,-1
2079,[0.40582603 0.50837266],0,-1,-1,1,-1
2080,[0.24143139 0.14958562],1,2,"[0.294379027732062, 0.1921773781634303]",0,0
2081,[0.81291724 0.64890304],2,0,"[0.7890750777399501, 0.6799557517006445]",1,-1
2082,[0.79049082 0.71029152],2,0,"[0.7890750777399501, 0.6799557517006445]",1,-1
2083,[0.30781444 0.20075515],1,2,"[0.294379027732062, 0.1921773781634303]",0,0
2084,[0.73871596 0.66230948],2,0,"[0.7890750777399501, 0.6799557517006445]",1,-1
2085,[0.66024398 0.60340828],3,3,"[0.6601234827680622, 0.6109507568947781]",1,-1
2086,[0.40466629 0.61407729],0,1,"[0.37965276877051146, 0.575157747726818]",1,-1
2087,[0.33972429 0.19604531],1,2,"[0.294379027732062, 0.1921773781634303]",0,0
2088,[0.21898929 0.12838435],1,-1,-1,0,0
2089,[0.40789065 0.58621736],0,1,"[0.37965276877051146, 0.575157747726818]",1,-1
2090,[0.36407495 0.17857536],1,-1,-1,0,0
2091,[0.73785425 0.54467672],3,-1,-1,1,-1
2092,[0.26018807 0.15533237],1,2,"[0.294379027732062, 0.1921773781634303]",0,0
2093,[0.24842616 0.22907755],1,2,"[0.294379027732062, 0.1921773781634303]",0,0
2094,[0.73349355 0.63322091],2,-1,-1,1,-1
2095,[0.36175251 0.28259911],1,-1,-1,0,0
2096,[0.60761219 0.70699574],3,-1,-1,1,-1
2097,[0.2854489 0.2413099],1,2,"[0.294379027732062, 0.1921773781634303]",0,0
2098,[0.37640208 0.53808974],0,1,"[0.37965276877051146, 0.575157747726818]",1,-1
2099,[0.44404396 0.64273061],0,-1,-1,1,-1
2100,[0.33936359 0.08317222],1,-1,-1,0,0
2101,[0.68451771 0.62604992],3,3,"[0.6601234827680622, 0.6109507568947781]",1,7
2102,[0.32331538 0.56787799],0,1,"[0.37965276877051146, 0.575157747726818]",1,-1
2103,[0.43507498 0.60411116],0,1,"[0.37965276877051146, 0.575157747726818]",1,-1
2104,[0.78707777 0.66680878],2,0,"[0.7890750777399501, 0.6799557517006445]",1,-1
2105,[0.76675943 0.70842078],2,0,"[0.7890750777399501, 0.6799557517006445]",1,-1
2106,[0.35228846 0.63500727],0,1,"[0.37965276877051146, 0.575157747726818]",1,-1
2107,[0.22543301 0.1543378 ],1,-1,-1,0,0
2108,[0.37355135 0.06035713],1,-1,-1,0,0
2109,[0.74522689 0.59594863],2,-1,-1,1,-1
2110,[0.7121928  0.60669785],2,3,"[0.6601234827680622, 0.6109507568947781]",1,-1
2111,[0.25531529 0.21767297],1,2,"[0.294379027732062, 0.1921773781634303]",0,0
2112,[0.24636831 0.15384154],1,2,"[0.294379027732062, 0.1921773781634303]",0,0
2113,[0.74854695 0.68731342],2,0,"[0.7890750777399501, 0.6799557517006445]",1,-1
2114,[0.42837015 0.65979365],0,-1,-1,1,-1
2115,[0.66598654 0.60755492],3,3,"[0.6601234827680622, 0.6109507568947781]",1,-1
2116,[0.45358308 0.59018116],0,-1,-1,1,-1
2117,[0.31116026 0.23970981],1,2,"[0.294379027732062, 0.1921773781634303]",0,0
2118,[0.18202578 0.13611439],1,-1,-1,0,0
2119,[0.50646328 0.61692026],0,-1,-1,1,-1
2120,[0.31308401 0.58378036],0,1,"[0.37965276877051146, 0.575157747726818]",1,-1
2121,[0.44833517 0.48135194],0,-1,-1,1,-1
2122,[0.29685176 0.28504617],1,-1,-1,0,0
2123,[0.28792831 0.17705249],1,2,"[0.294379027732062, 0.1921773781634303]",0,0
2124,[0.73581146 0.7241093 ],2,0,"[0.7890750777399501, 0.6799557517006445]",1,-1
2125,[0.60982615 0.6357051 ],3,3,"[0.6601234827680622, 0.6109507568947781]",1,-1
2126,[0.29125083 0.20954751],1,2,"[0.294379027732062, 0.1921773781634303]",0,0
2127,[0.39578221 0.56721054],0,1,"[0.37965276877051146, 0.575157747726818]",1,2
2128,[0.61023075 0.59943068],3,3,"[0.6601234827680622, 0.6109507568947781]",1,-1
2129,[0.62527711 0.69532928],3,-1,-1,1,-1
2130,[0.28083169 0.16410954],1,2,"[0.294379027732062, 0.1921773781634303]",0,0
2131,[0.70496458 0.55723797],3,3,"[0.6601234827680622, 0.6109507568947781]",1,-1
2132,[0.21273977 0.18249351],1,-1,-1,0,0
2133,[0.3495664  0.66059148],0,-1,-1,1,-1
2134,[0.35532045 0.60103588],0,1,"[0.37965276877051146, 0.575157747726818]",1,-1
2135,[0.85262739 0.70090093],2,0,"[0.7890750777399501, 0.6799557517006445]",1,-1
2136,[0.32526614 0.1294261 ],1,2,"[0.294379027732062, 0.1921773781634303]",0,0
2137,[0.30614203 0.16385004],1,2,"[0.294379027732062, 0.1921773781634303]",0,0
2138,[0.27183773 0.14673479],1,2,"[0.294379027732062, 0.1921773781634303]",0,0
2139,[0.76848158 0.70880149],2,0,"[0.7890750777399501, 0.6799557517006445]",1,-1
2140,[0.8125944 0.6127991],2,-1,-1,1,-1
2141,[0.38577485 0.61733165],0,1,"[0.37965276877051146, 0.575157747726818]",1,-1
2142,[0.81863995 0.68139014],2,0,"[0.7890750777399501, 0.6799557517006445]",1,-1
2143,[0.81686857 0.66704303],2,0,"[0.7890750777399501, 0.6799557517006445]",1,-1
2144,[0.67925422 0.75099048],2,-1,-1,1,-1
2145,[0.54420185 0.63505829],3,-1,-1,1,-1
2146,[0.64067697 0.62078954],3,3,"[0.6601234827680622, 0.6109507568947781]",1,6
2147,[0.21090398 0.22436047],1,-1,-1,0,0
2148,[0.33416212 0.67040768],0,-1,-1,1,-1
2149,[0.44522855 0.57701073],0,1,"[0.37965276877051146, 0.575157747726818]",1,-1
2150,[0.26043556 0.2419743 ],1,2,"[0.294379027732062, 0.1921773781634303]",0,0
2151,[0.29758773 0.22493751],1,2,"[0.294379027732062, 0.1921773781634303]",0,0
2152,[0.33911176 0.51926967],0,1,"[0.37965276877051146, 0.575157747726818]",1,-1
2153,[0.7627424  0.73403526],2,0,"[0.7890750777399501, 0.6799557517006445]",1,-1
2154,[0.67881723 0.62217763],3,3,"[0.6601234827680622, 0.6109507568947781]",1,7
2155,[0.64628233 0.52821965],3,-1,-1,1,-1
2156,[0.74207731 0.61564442],3,-1,-1,1,-1
2157,[0.41343677 0.61953633],0,1,"[0.37965276877051146, 0.575157747726818]",1,-1
2158,[0.71302925 0.76220805],2,-1,-1,1,-1
2159,[0.70793868 0.56201451],2,3,"[0.6601234827680622, 0.6109507568947781]",1,-1
2160,[0.27295094 0.16164164],1,2,"[0.294379027732062, 0.1921773781634303]",0,0
2161,[0.32097115 0.17375291],1,2,"[0.294379027732062, 0.1921773781634303]",0,0
2162,[0.67261954 0.59381595],3,3,"[0.6601234827680622, 0.6109507568947781]",1,-1
2163,[0.74826853 0.72241368],2,0,"[0.7890750777399501, 0.6799557517006445]",1,-1
2164,[0.70622981 0.56195425],3,3,"[0.6601234827680622, 0.6109507568947781]",1,-1
2165,[0.35294864 0.64453264],0,-1,-1,1,-1
2166,[0.65837113 0.62357157],2,3,"[0.6601234827680622, 0.6109507568947781]",1,7
2167,[0.5920345  0.64350111],3,-1,-1,1,-1
2168,[0.30830439 0.24327239],1,2,"[0.294379027732062, 0.1921773781634303]",0,0
2169,[0.61716385 0.58992558],3,3,"[0.6601234827680622, 0.6109507568947781]",1,-1
2170,[0.63802096 0.65663622],3,3,"[0.6601234827680622, 0.6109507568947781]",1,-1
2171,[0.24459261 0.22249677],1,2,"[0.294379027732062, 0.1921773781634303]",0,0
2172,[0.73928586 0.67821655],2,0,"[0.7890750777399501, 0.6799557517006445]",1,-1
2173,[0.27749209 0.18992329],1,2,"[0.294379027732062, 0.1921773781634303]",0,0
2174,[0.40051169 0.51069572],0,1,"[0.37965276877051146, 0.575157747726818]",1,-1
2175,[0.57901469 0.6896122 ],3,-1,-1,1,-1
2176,[0.35694311 0.20014869],1,2,"[0.294379027732062, 0.1921773781634303]",0,0
2177,[0.3737084  0.60429094],0,1,"[0.37965276877051146, 0.575157747726818]",1,-1
2178,[0.66157702 0.68123354],3,-1,-1,1,-1
2179,[0.72452449 0.62875787],3,3,"[0.6601234827680622, 0.6109507568947781]",1,-1
2180,[0.67121695 0.63469567],3,3,"[0.6601234827680622, 0.6109507568947781]",1,7
2181,[0.44098907 0.58809745],0,1,"[0.37965276877051146, 0.575157747726818]",1,-1
2182,[0.75384301 0.6708776 ],2,0,"[0.7890750777399501, 0.6799557517006445]",1,-1
2183,[0.74393533 0.63832792],2,0,"[0.7890750777399501, 0.6799557517006445]",1,-1
2184,[0.68321143 0.6110748 ],3,3,"[0.6601234827680622, 0.6109507568947781]",1,5
2185,[0.23454402 0.22610936],1,2,"[0.294379027732062, 0.1921773781634303]",0,0
2186,[0.40285311 0.63296639],0,1,"[0.37965276877051146, 0.575157747726818]",1,-1
2187,[0.29819783 0.09750038],1,-1,-1,0,0
2188,[0.43200633 0.63006526],0,-1,-1,1,-1
2189,[0.65082922 0.61675941],3,3,"[0.6601234827680622, 0.6109507568947781]",1,-1
2190,[0.8760318  0.70098309],2,-1,-1,1,-1
2191,[0.62910547 0.55729336],3,3,"[0.6601234827680622, 0.6109507568947781]",1,-1
2192,[0.33886316 0.66230948],0,-1,-1,1,-1
2193,[0.68047807 0.56953841],3,3,"[0.6601234827680622, 0.6109507568947781]",1,-1
2194,[0.66103733 0.55868589],3,3,"[0.6601234827680622, 0.6109507568947781]",1,-1
2195,[0.64109688 0.65472832],3,3,"[0.6601234827680622, 0.6109507568947781]",1,-1
2196,[0.31205405 0.28195827],1,-1,-1,0,0
2197,[0.65390415 0.58653801],3,3,"[0.6601234827680622, 0.6109507568947781]",1,-1
2198,[0.64269397 0.66048229],3,3,"[0.6601234827680622, 0.6109507568947781]",1,-1
2199,[0.76135028 0.62868498],3,0,"[0.7890750777399501, 0.6799557517006445]",1,-1
2200,[0.38937486 0.52095651],0,1,"[0.37965276877051146, 0.575157747726818]",1,-1
2201,[0.59820309 0.5936948 ],3,3,"[0.6601234827680622, 0.6109507568947781]",1,-1
2202,[0.22682591 0.22372907],1,-1,-1,0,0
2203,[0.72684307 0.55091189],2,-1,-1,1,-1
2204,[0.25097135 0.1934566 ],1,2,"[0.294379027732062, 0.1921773781634303]",0,0
2205,[0.4225678  0.53302387],0,1,"[0.37965276877051146, 0.575157747726818]",1,-1
2206,[0.34127844 0.56489949],0,1,"[0.37965276877051146, 0.575157747726818]",1,-1
2207,[0.8316875  0.65730715],2,0,"[0.7890750777399501, 0.6799557517006445]",1,-1
2208,[0.64847907 0.56860661],3,3,"[0.6601234827680622, 0.6109507568947781]",1,-1
2209,[0.69929722 0.62269994],3,3,"[0.6601234827680622, 0.6109507568947781]",1,-1
2210,[0.29683843 0.18149548],1,2,"[0.294379027732062, 0.1921773781634303]",0,0
2211,[0.76744104 0.69361432],2,0,"[0.7890750777399501, 0.6799557517006445]",1,-1
2212,[0.33653287 0.48022104],0,-1,-1,1,-1
2213,[0.66913448 0.68200563],3,-1,-1,1,-1
2214,[0.77548047 0.66871451],2,0,"[0.7890750777399501, 0.6799557517006445]",1,3
2215,[0.76056536 0.7536737 ],2,-1,-1,1,-1
2216,[0.36768124 0.1826454 ],1,-1,-1,0,0
2217,[0.60589918 0.64963037],3,3,"[0.6601234827680622, 0.6109507568947781]",1,-1
2218,[0.31830692 0.62846551],0,-1,-1,1,-1
2219,[0.63942702 0.65925535],3,3,"[0.6601234827680622, 0.6109507568947781]",1,-1
2220,[0.71207933 0.65676706],3,3,"[0.6601234827680622, 0.6109507568947781]",1,-1
2221,[0.35309026 0.5907512 ],0,1,"[0.37965276877051146, 0.575157747726818]",1,-1
2222,[0.62550738 0.58668402],3,3,"[0.6601234827680622, 0.6109507568947781]",1,-1
2223,[0.80971406 0.72758363],2,0,"[0.7890750777399501, 0.6799557517006445]",1,-1
2224,[0.70223597 0.67820302],3,-1,-1,1,-1
2225,[0.71904828 0.65971221],3,-1,-1,1,-1
2226,[0.69608064 0.64098207],2,3,"[0.6601234827680622, 0.6109507568947781]",1,-1
2227,[0.74370808 0.71790773],2,0,"[0.7890750777399501, 0.6799557517006445]",1,-1
2228,[0.5426317  0.59050422],3,-1,-1,1,-1
2229,[0.28214327 0.18266432],1,2,"[0.294379027732062, 0.1921773781634303]",0,0
2230,[0.69127482 0.59311607],3,3,"[0.6601234827680622, 0.6109507568947781]",1,-1
2231,[0.79278929 0.68854767],2,0,"[0.7890750777399501, 0.6799557517006445]",1,-1
2232,[0.36518339 0.5207441 ],0,1,"[0.37965276877051146, 0.575157747726818]",1,-1
2233,[0.88522873 0.69099152],2,-1,-1,1,-1
2234,[0.79368965 0.60360463],3,-1,-1,1,-1
2235,[0.5511232  0.68036797],3,-1,-1,1,-1
2236,[0.35922605 0.1506788 ],1,-1,-1,0,0
2237,[0.39533936 0.260702  ],1,-1,-1,0,0
2238,[0.77352587 0.65479673],2,0,"[0.7890750777399501, 0.6799557517006445]",1,3
2239,[0.42083676 0.63794002],0,-1,-1,1,-1
2240,[0.7577762  0.63437303],2,0,"[0.7890750777399501, 0.6799557517006445]",1,-1
2241,[0.64513451 0.61295182],3,3,"[0.6601234827680622, 0.6109507568947781]",1,6
2242,[0.84921304 0.73489711],2,-1,-1,1,-1
2243,[0.34753026 0.64046555],0,-1,-1,1,-1
2244,[0.28557712 0.22635106],1,2,"[0.294379027732062, 0.1921773781634303]",0,0
2245,[0.8381845  0.73846564],2,-1,-1,1,-1
2246,[0.73711924 0.60603644],3,-1,-1,1,-1
2247,[0.27849731 0.20823779],1,2,"[0.294379027732062, 0.1921773781634303]",0,0
2248,[0.691075   0.59901795],3,3,"[0.6601234827680622, 0.6109507568947781]",1,-1
2249,[0.37245861 0.53048165],0,1,"[0.37965276877051146, 0.575157747726818]",1,-1
2250,[0.34863359 0.47904286],0,-1,-1,1,-1
2251,[0.29423922 0.23803611],1,2,"[0.294379027732062, 0.1921773781634303]",0,0
2252,[0.39103681 0.53383546],0,1,"[0.37965276877051146, 0.575157747726818]",1,-1
2253,[0.25281224 0.56500235],0,-1,-1,1,-1
2254,[0.32990707 0.2518012 ],1,2,"[0.294379027732062, 0.1921773781634303]",0,0
2255,[0.37888807 0.54036108],0,1,"[0.37965276877051146, 0.575157747726818]",1,-1
2256,[0.35396741 0.16349193],1,2,"[0.294379027732062, 0.1921773781634303]",0,0
2257,[0.365159   0.56382215],0,1,"[0.37965276877051146, 0.575157747726818]",1,-1
2258,[0.81646221 0.66672981],2,0,"[0.7890750777399501, 0.6799557517006445]",1,-1
2259,[0.30870415 0.19882724],1,2,"[0.294379027732062, 0.1921773781634303]",0,0
2260,[0.43005117 0.63657676],0,-1,-1,1,-1
2261,[0.80713346 0.66825764],2,0,"[0.7890750777399501, 0.6799557517006445]",1,-1
2262,[0.25620178 0.13572718],1,2,"[0.294379027732062, 0.1921773781634303]",0,0
2263,[0.88798523 0.65375466],2,-1,-1,1,-1
2264,[0.74985868 0.62197991],2,0,"[0.7890750777399501, 0.6799557517006445]",1,-1
2265,[0.24157636 0.26103501],1,-1,-1,0,0
2266,[0.35551015 0.67718774],0,-1,-1,1,-1
2267,[0.7774984 0.7115432],2,0,"[0.7890750777399501, 0.6799557517006445]",1,-1
2268,[0.76088455 0.70490039],2,0,"[0.7890750777399501, 0.6799557517006445]",1,-1
2269,[0.60351706 0.54081713],3,-1,-1,1,-1
2270,[0.607797   0.59984471],3,3,"[0.6601234827680622, 0.6109507568947781]",1,-1
2271,[0.35657521 0.6235662 ],0,1,"[0.37965276877051146, 0.575157747726818]",1,-1
2272,[0.59061071 0.68614395],3,-1,-1,1,-1
2273,[0.34897976 0.52291566],0,1,"[0.37965276877051146, 0.575157747726818]",1,-1
2274,[0.80893618 0.59775926],2,-1,-1,1,-1
2275,[0.76180531 0.67575757],3,0,"[0.7890750777399501, 0.6799557517006445]",1,-1
2276,[0.36158089 0.62030946],0,1,"[0.37965276877051146, 0.575157747726818]",1,-1
2277,[0.79436704 0.68213888],2,0,"[0.7890750777399501, 0.6799557517006445]",1,-1
2278,[0.4857559  0.59525914],0,-1,-1,1,-1
2279,[0.36524963 0.55628755],0,1,"[0.37965276877051146, 0.575157747726818]",1,1
2280,[0.77021614 0.71307681],2,0,"[0.7890750777399501, 0.6799557517006445]",1,-1
2281,[0.72105019 0.59186566],3,3,"[0.6601234827680622, 0.6109507568947781]",1,-1
2282,[0.72910189 0.60318231],3,3,"[0.6601234827680622, 0.6109507568947781]",1,-1
2283,[0.36037555 0.56964044],0,1,"[0.37965276877051146, 0.575157747726818]",1,-1
2284,[0.37862169 0.58552943],0,1,"[0.37965276877051146, 0.575157747726818]",1,-1
2285,[0.73249905 0.65195867],3,0,"[0.7890750777399501, 0.6799557517006445]",1,-1
2286,[0.6868826  0.62860249],3,3,"[0.6601234827680622, 0.6109507568947781]",1,7
2287,[0.33709988 0.57529237],0,1,"[0.37965276877051146, 0.575157747726818]",1,-1
2288,[0.29009036 0.24725514],1,2,"[0.294379027732062, 0.1921773781634303]",0,0
2289,[0.31510007 0.20182655],1,2,"[0.294379027732062, 0.1921773781634303]",0,0
2290,[0.60177607 0.60062289],3,3,"[0.6601234827680622, 0.6109507568947781]",1,-1
2291,[0.37129402 0.67908317],0,-1,-1,1,-1
2292,[0.77747468 0.68717882],2,0,"[0.7890750777399501, 0.6799557517006445]",1,-1
2293,[0.68865601 0.82669748],2,-1,-1,1,-1
2294,[0.2693107  0.11805151],1,-1,-1,0,0
2295,[0.63650665 0.57104213],3,3,"[0.6601234827680622, 0.6109507568947781]",1,-1
2296,[0.63472663 0.7279185 ],2,-1,-1,1,-1
2297,[0.75320564 0.54272623],2,-1,-1,1,-1
2298,[0.33703354 0.16164578],1,2,"[0.294379027732062, 0.1921773781634303]",0,0
2299,[0.67341824 0.64196017],3,3,"[0.6601234827680622, 0.6109507568947781]",1,-1
2300,[0.30796966 0.18159499],1,2,"[0.294379027732062, 0.1921773781634303]",0,0
2301,[0.29491786 0.17663149],1,2,"[0.294379027732062, 0.1921773781634303]",0,0
2302,[0.36566225 0.61393397],0,1,"[0.37965276877051146, 0.575157747726818]",1,-1
2303,[0.40596925 0.58922334],0,1,"[0.37965276877051146, 0.575157747726818]",1,-1
2304,[0.75272031 0.64067734],2,0,"[0.7890750777399501, 0.6799557517006445]",1,-1
2305,[0.61469752 0.62375065],3,3,"[0.6601234827680622, 0.6109507568947781]",1,-1
2306,[0.76984447 0.68474724],2,0,"[0.7890750777399501, 0.6799557517006445]",1,4
2307,[0.27969375 0.23134099],1,2,"[0.294379027732062, 0.1921773781634303]",0,0
2308,[0.29099658 0.24433358],1,2,"[0.294379027732062, 0.1921773781634303]",0,0
2309,[0.35114865 0.53919726],0,1,"[0.37965276877051146, 0.575157747726818]",1,-1
2310,[0.43372764 0.57796653],0,1,"[0.37965276877051146, 0.575157747726818]",1,-1
2311,[0.69182186 0.53279842],3,-1,-1,1,-1
2312,[0.73996586 0.65490233],2,0,"[0.7890750777399501, 0.6799557517006445]",1,-1
2313,[0.68676383 0.65742563],3,3,"[0.6601234827680622, 0.6109507568947781]",1,-1
2314,[0.27810356 0.64103356],0,-1,-1,1,-1
2315,[0.25929149 0.23562861],1,2,"[0.294379027732062, 0.1921773781634303]",0,0
2316,[0.442951   0.60117208],0,1,"[0.37965276877051146, 0.575157747726818]",1,-1
2317,[0.77637272 0.73325252],2,0,"[0.7890750777399501, 0.6799557517006445]",1,-1
2318,[0.75309965 0.64651817],2,0,"[0.7890750777399501, 0.6799557517006445]",1,-1
2319,[0.22104369 0.17629371],1,-1,-1,0,0
2320,[0.83001617 0.70326082],2,0,"[0.7890750777399501, 0.6799557517006445]",1,-1
2321,[0.35900344 0.18688315],1,2,"[0.294379027732062, 0.1921773781634303]",0,0
2322,[0.71481609 0.63680169],3,3,"[0.6601234827680622, 0.6109507568947781]",1,-1
2323,[0.357275   0.66553208],0,-1,-1,1,-1
2324,[0.81968785 0.61313803],2,-1,-1,1,-1
2325,[0.77463955 0.68841488],2,0,"[0.7890750777399501, 0.6799557517006445]",1,-1
2326,[0.74846989 0.6198779 ],2,-1,-1,1,-1
2327,[0.72531795 0.63734175],3,-1,-1,1,-1
2328,[0.6788701  0.62740139],3,3,"[0.6601234827680622, 0.6109507568947781]",1,-1
2329,[0.76525857 0.71994302],2,0,"[0.7890750777399501, 0.6799557517006445]",1,-1
2330,[0.36566607 0.23589027],1,-1,-1,0,0
2331,[0.69079399 0.61512891],2,3,"[0.6601234827680622, 0.6109507568947781]",1,-1
2332,[0.7827828  0.67143421],2,0,"[0.7890750777399501, 0.6799557517006445]",1,4
2333,[0.79436721 0.68632874],2,0,"[0.7890750777399501, 0.6799557517006445]",1,-1
2334,[0.61232799 0.66951417],3,-1,-1,1,-1
2335,[0.85639061 0.7172757 ],2,-1,-1,1,-1
2336,[0.80030578 0.67602056],2,0,"[0.7890750777399501, 0.6799557517006445]",1,4
2337,[0.28109043 0.19311391],1,2,"[0.294379027732062, 0.1921773781634303]",0,0
2338,[0.29949389 0.19421756],1,2,"[0.294379027732062, 0.1921773781634303]",0,0
2339,[0.26766828 0.1921033 ],1,2,"[0.294379027732062, 0.1921773781634303]",0,0
2340,[0.29073725 0.22958619],1,2,"[0.294379027732062, 0.1921773781634303]",0,0
2341,[0.80912113 0.77152944],2,-1,-1,1,-1
2342,[0.18452506 0.20184078],1,-1,-1,0,0
2343,[0.59073616 0.61351901],3,3,"[0.6601234827680622, 0.6109507568947781]",1,-1
2344,[0.27158505 0.2130536 ],1,2,"[0.294379027732062, 0.1921773781634303]",0,0
2345,[0.46547421 0.72040829],0,-1,-1,1,-1
2346,[0.57556218 0.59557958],3,-1,-1,1,-1
2347,[0.29347782 0.5618786 ],0,-1,-1,1,-1
2348,[0.27250444 0.27231925],1,-1,-1,0,0
2349,[0.78694774 0.71949096],2,0,"[0.7890750777399501, 0.6799557517006445]",1,-1
2350,[0.61765067 0.67742518],3,-1,-1,1,-1
2351,[0.31562621 0.11856377],1,-1,-1,0,0
2352,[0.62605546 0.6083437 ],3,3,"[0.6601234827680622, 0.6109507568947781]",1,-1
2353,[0.77089933 0.58388383],2,-1,-1,1,-1
2354,[0.82382125 0.53934571],3,-1,-1,1,-1
2355,[0.25595295 0.13069193],1,-1,-1,0,0
2356,[0.63653662 0.62547897],3,3,"[0.6601234827680622, 0.6109507568947781]",1,-1
2357,[0.7869912  0.74246347],2,0,"[0.7890750777399501, 0.6799557517006445]",1,-1
2358,[0.43959665 0.52070757],0,-1,-1,1,-1
2359,[0.77029171 0.65799379],2,0,"[0.7890750777399501, 0.6799557517006445]",1,-1
2360,[0.2458745  0.13068083],1,-1,-1,0,0
2361,[0.30994108 0.19111789],1,2,"[0.294379027732062, 0.1921773781634303]",0,0
2362,[0.80252873 0.72711865],2,0,"[0.7890750777399501, 0.6799557517006445]",1,-1
2363,[0.82973056 0.6280699 ],2,0,"[0.7890750777399501, 0.6799557517006445]",1,-1
2364,[0.32905701 0.23433346],1,2,"[0.294379027732062, 0.1921773781634303]",0,0
2365,[0.65307384 0.51403701],3,-1,-1,1,-1
2366,[0.25811482 0.13461307],1,2,"[0.294379027732062, 0.1921773781634303]",0,0
2367,[0.67824576 0.57328165],3,3,"[0.6601234827680622, 0.6109507568947781]",1,-1
2368,[0.32780317 0.49936176],0,-1,-1,1,-1
2369,[0.35230799 0.49312806],0,-1,-1,1,-1
2370,[0.73138775 0.62229147],3,-1,-1,1,-1
2371,[0.27088166 0.20631372],1,2,"[0.294379027732062, 0.1921773781634303]",0,0
2372,[0.29918911 0.17736997],1,2,"[0.294379027732062, 0.1921773781634303]",0,0
2373,[0.78045434 0.70666437],2,0,"[0.7890750777399501, 0.6799557517006445]",1,-1
2374,[0.29266838 0.17763359],1,2,"[0.294379027732062, 0.1921773781634303]",0,0
2375,[0.8127253 0.7095567],2,0,"[0.7890750777399501, 0.6799557517006445]",1,-1
2376,[0.24395174 0.20141231],1,2,"[0.294379027732062, 0.1921773781634303]",0,0
2377,[0.40403092 0.54226464],0,1,"[0.37965276877051146, 0.575157747726818]",1,-1
2378,[0.36852413 0.55375648],0,1,"[0.37965276877051146, 0.575157747726818]",1,-1
2379,[0.79052518 0.71997463],2,0,"[0.7890750777399501, 0.6799557517006445]",1,-1
2380,[0.39366397 0.19878183],1,-1,-1,0,0
2381,[0.24067593 0.16455179],1,2,"[0.294379027732062, 0.1921773781634303]",0,0
2382,[0.81716573 0.61741418],2,0,"[0.7890750777399501, 0.6799557517006445]",1,-1
2383,[0.27129254 0.27538028],1,-1,-1,0,0
2384,[0.71719614 0.73128658],2,-1,-1,1,-1
2385,[0.31414296 0.53242877],0,-1,-1,1,-1
2386,[0.40043114 0.56683495],0,1,"[0.37965276877051146, 0.575157747726818]",1,2
2387,[0.75860309 0.73489364],2,0,"[0.7890750777399501, 0.6799557517006445]",1,-1
2388,[0.4738838  0.65427071],0,-1,-1,1,-1
2389,[0.28010095 0.19096144],1,2,"[0.294379027732062, 0.1921773781634303]",0,0
2390,[0.3008073  0.17114017],1,2,"[0.294379027732062, 0.1921773781634303]",0,0
2391,[0.460947   0.52805851],0,-1,-1,1,-1
2392,[0.64890076 0.55605214],3,3,"[0.6601234827680622, 0.6109507568947781]",1,-1
2393,[0.82986879 0.68073701],2,0,"[0.7890750777399501, 0.6799557517006445]",1,-1
2394,[0.33559097 0.61000498],0,1,"[0.37965276877051146, 0.575157747726818]",1,-1
2395,[0.6447745  0.63727092],3,3,"[0.6601234827680622, 0.6109507568947781]",1,-1
2396,[0.66061041 0.62221115],3,3,"[0.6601234827680622, 0.6109507568947781]",1,7
2397,[0.86050509 0.62529205],2,-1,-1,1,-1
2398,[0.37985518 0.54017238],0,1,"[0.37965276877051146, 0.575157747726818]",1,-1
2399,[0.74309266 0.62020044],3,-1,-1,1,-1
2400,[0.68156773 0.66689337],3,3,"[0.6601234827680622, 0.6109507568947781]",1,-1
2401,[0.62151546 0.50705176],3,-1,-1,1,-1
2402,[0.30264119 0.15470868],1,2,"[0.294379027732062, 0.1921773781634303]",0,0
2403,[0.35448735 0.19472415],1,2,"[0.294379027732062, 0.1921773781634303]",0,0
2404,[0.36173103 0.13040415],1,-1,-1,0,0
2405,[0.7253325  0.65717886],3,0,"[0.7890750777399501, 0.6799557517006445]",1,-1
2406,[0.44785484 0.51588485],0,-1,-1,1,-1
2407,[0.27823767 0.19154348],1,2,"[0.294379027732062, 0.1921773781634303]",0,0
2408,[0.24719805 0.11303747],1,-1,-1,0,0
2409,[0.77158594 0.69036064],2,0,"[0.7890750777399501, 0.6799557517006445]",1,-1
2410,[0.70784881 0.67717023],3,-1,-1,1,-1
2411,[0.4030133 0.5187354],0,1,"[0.37965276877051146, 0.575157747726818]",1,-1
2412,[0.64768792 0.6509459 ],3,3,"[0.6601234827680622, 0.6109507568947781]",1,-1
2413,[0.29714512 0.59702654],0,-1,-1,1,-1
2414,[0.3151334 0.5281059],0,-1,-1,1,-1
2415,[0.6724057  0.51130456],3,-1,-1,1,-1
2416,[0.33326312 0.19023627],1,2,"[0.294379027732062, 0.1921773781634303]",0,0
2417,[0.74028015 0.61561884],3,-1,-1,1,-1
2418,[0.66457808 0.6948523 ],2,-1,-1,1,-1
2419,[0.4701953 0.6599613],0,-1,-1,1,-1
2420,[0.40700173 0.14641763],1,-1,-1,0,0
2421,[0.65777345 0.61180871],3,3,"[0.6601234827680622, 0.6109507568947781]",1,-1
2422,[0.7943868  0.64283997],2,0,"[0.7890750777399501, 0.6799557517006445]",1,-1
2423,[0.28254866 0.25618888],1,2,"[0.294379027732062, 0.1921773781634303]",0,0
2424,[0.35647185 0.54826478],0,1,"[0.37965276877051146, 0.575157747726818]",1,-1
2425,[0.76476819 0.74229595],2,0,"[0.7890750777399501, 0.6799557517006445]",1,-1
2426,[0.87178189 0.68697862],2,-1,-1,1,-1
2427,[0.77609777 0.76899599],2,-1,-1,1,-1
2428,[0.67519789 0.5792745 ],3,3,"[0.6601234827680622, 0.6109507568947781]",1,-1
2429,[0.23126886 0.24084375],1,-1,-1,0,0
2430,[0.22475238 0.14308315],1,-1,-1,0,0
2431,[0.82240844 0.7129002 ],2,0,"[0.7890750777399501, 0.6799557517006445]",1,-1
2432,[0.29095302 0.18301609],1,2,"[0.294379027732062, 0.1921773781634303]",0,0
2433,[0.38429123 0.58398923],0,1,"[0.37965276877051146, 0.575157747726818]",1,-1
2434,[0.24222777 0.12892448],1,-1,-1,0,0
2435,[0.30305694 0.55850035],0,-1,-1,1,-1
2436,[0.69020666 0.55041084],3,3,"[0.6601234827680622, 0.6109507568947781]",1,-1
2437,[0.62807497 0.55912126],3,3,"[0.6601234827680622, 0.6109507568947781]",1,-1
2438,[0.33736276 0.13359714],1,-1,-1,0,0
2439,[0.8009321  0.74238318],2,0,"[0.7890750777399501, 0.6799557517006445]",1,-1
2440,[0.65478142 0.70687978],3,-1,-1,1,-1
2441,[0.76068369 0.595742  ],3,-1,-1,1,-1
2442,[0.35772981 0.16206186],1,-1,-1,0,0
2443,[0.74653371 0.71045763],2,0,"[0.7890750777399501, 0.6799557517006445]",1,-1
2444,[0.89936425 0.67429842],2,-1,-1,1,-1
2445,[0.62143229 0.65643695],3,3,"[0.6601234827680622, 0.6109507568947781]",1,-1
2446,[0.37074682 0.5798417 ],0,1,"[0.37965276877051146, 0.575157747726818]",1,1
2447,[0.2471375  0.24987714],1,-1,-1,0,0
2448,[0.63838089 0.55163948],3,3,"[0.6601234827680622, 0.6109507568947781]",1,-1
2449,[0.3246509  0.62136561],0,-1,-1,1,-1
2450,[0.38638186 0.53314599],0,1,"[0.37965276877051146, 0.575157747726818]",1,-1
2451,[0.21373111 0.19213194],1,-1,-1,0,0
2452,[0.75312872 0.71655695],2,0,"[0.7890750777399501, 0.6799557517006445]",1,-1
2453,[0.63774974 0.70815587],3,-1,-1,1,-1
2454,[0.37311142 0.51568425],0,1,"[0.37965276877051146, 0.575157747726818]",1,-1
2455,[0.41983879 0.60719001],0,1,"[0.37965276877051146, 0.575157747726818]",1,-1
2456,[0.76537002 0.67991941],2,0,"[0.7890750777399501, 0.6799557517006445]",1,4
2457,[0.69366656 0.63123165],2,3,"[0.6601234827680622, 0.6109507568947781]",1,-1
2458,[0.34477819 0.56398319],0,1,"[0.37965276877051146, 0.575157747726818]",1,-1
2459,[0.58675552 0.54505494],3,-1,-1,1,-1
2460,[0.44527585 0.59544553],0,1,"[0.37965276877051146, 0.575157747726818]",1,-1
2461,[0.85625742 0.64158155],2,-1,-1,1,-1
2462,[0.66885506 0.60817085],3,3,"[0.6601234827680622, 0.6109507568947781]",1,-1
2463,[0.67473012 0.60310406],3,3,"[0.6601234827680622, 0.6109507568947781]",1,-1
2464,[0.76582993 0.69432677],2,0,"[0.7890750777399501, 0.6799557517006445]",1,-1
2465,[0.31623293 0.03592724],1,-1,-1,0,0
2466,[0.47445736 0.61738429],0,-1,-1,1,-1
2467,[0.41276236 0.61170136],0,1,"[0.37965276877051146, 0.575157747726818]",1,-1
2468,[0.41429275 0.55200618],0,1,"[0.37965276877051146, 0.575157747726818]",1,-1
2469,[0.40424568 0.52907266],0,1,"[0.37965276877051146, 0.575157747726818]",1,-1
2470,[0.80920989 0.62468205],2,0,"[0.7890750777399501, 0.6799557517006445]",1,-1
2471,[0.39220292 0.56027611],0,1,"[0.37965276877051146, 0.575157747726818]",1,-1
2472,[0.25965864 0.16728281],1,2,"[0.294379027732062, 0.1921773781634303]",0,0
2473,[0.4092351  0.59977004],0,1,"[0.37965276877051146, 0.575157747726818]",1,-1
2474,[0.38277705 0.54669379],0,1,"[0.37965276877051146, 0.575157747726818]",1,-1
2475,[0.79132384 0.74372572],2,0,"[0.7890750777399501, 0.6799557517006445]",1,-1
2476,[0.75721368 0.67764735],2,0,"[0.7890750777399501, 0.6799557517006445]",1,-1
2477,[0.5801828  0.65653009],3,-1,-1,1,-1
2478,[0.75821796 0.68086654],2,0,"[0.7890750777399501, 0.6799557517006445]",1,-1
2479,[0.49995469 0.51509364],0,-1,-1,1,-1
2480,[0.72769478 0.68883773],3,0,"[0.7890750777399501, 0.6799557517006445]",1,-1
2481,[0.36792581 0.61732761],0,1,"[0.37965276877051146, 0.575157747726818]",1,-1
2482,[0.82546908 0.74275023],2,-1,-1,1,-1
2483,[0.30445151 0.61523369],0,-1,-1,1,-1
2484,[0.77758356 0.72899183],2,0,"[0.7890750777399501, 0.6799557517006445]",1,-1
2485,[0.24013934 0.15456122],1,2,"[0.294379027732062, 0.1921773781634303]",0,0
2486,[0.77312809 0.77355049],2,-1,-1,1,-1
2487,[0.74854374 0.66998277],2,0,"[0.7890750777399501, 0.6799557517006445]",1,-1
2488,[0.77986172 0.54983196],2,-1,-1,1,-1
2489,[0.2985184 0.1703368],1,2,"[0.294379027732062, 0.1921773781634303]",0,0
2490,[0.68072311 0.61422097],3,3,"[0.6601234827680622, 0.6109507568947781]",1,5
2491,[0.43484005 0.57091772],0,1,"[0.37965276877051146, 0.575157747726818]",1,-1
2492,[0.82874475 0.67403329],2,0,"[0.7890750777399501, 0.6799557517006445]",1,-1
2493,[0.36162893 0.18597452],1,2,"[0.294379027732062, 0.1921773781634303]",0,0
2494,[0.8188625  0.61252931],2,-1,-1,1,-1
2495,[0.33255432 0.60577962],0,1,"[0.37965276877051146, 0.575157747726818]",1,-1
2496,[0.4314521  0.50382469],0,-1,-1,1,-1
2497,[0.70364692 0.63865934],3,3,"[0.6601234827680622, 0.6109507568947781]",1,-1
2498,[0.37078942 0.06719353],1,-1,-1,0,0
2499,[0.56637058 0.58577443],3,-1,-1,1,-1
2500,[0.32090503 0.65019233],0,-1,-1,1,-1
2501,[0.57922578 0.59775763],3,-1,-1,1,-1
2502,[0.34537865 0.55259921],0,1,"[0.37965276877051146, 0.575157747726818]",1,-1
2503,[0.27551536 0.11411913],1,-1,-1,0,0
2504,[0.83538606 0.72716621],2,0,"[0.7890750777399501, 0.6799557517006445]",1,-1
2505,[0.22811301 0.20615458],1,2,"[0.294379027732062, 0.1921773781634303]",0,0
2506,[0.38343138 0.53218083],0,1,"[0.37965276877051146, 0.575157747726818]",1,-1
2507,[0.38230928 0.56594656],0,1,"[0.37965276877051146, 0.575157747726818]",1,-1
2508,[0.35031958 0.5407496 ],0,1,"[0.37965276877051146, 0.575157747726818]",1,-1
2509,[0.3450011  0.23743692],1,2,"[0.294379027732062, 0.1921773781634303]",0,0
2510,[0.28968869 0.12944993],1,2,"[0.294379027732062, 0.1921773781634303]",0,0
2511,[0.81441678 0.78282683],2,-1,-1,1,-1
2512,[0.32129115 0.2587456 ],1,-1,-1,0,0
2513,[0.6904108 0.5917952],3,3,"[0.6601234827680622, 0.6109507568947781]",1,-1
2514,[0.78151183 0.70819711],2,0,"[0.7890750777399501, 0.6799557517006445]",1,-1
2515,[0.2146202  0.18138188],1,-1,-1,0,0
2516,[0.42200172 0.62292226],0,1,"[0.37965276877051146, 0.575157747726818]",1,-1
2517,[0.74427214 0.69305094],2,0,"[0.7890750777399501, 0.6799557517006445]",1,-1
2518,[0.32288461 0.18607233],1,2,"[0.294379027732062, 0.1921773781634303]",0,0
2519,[0.61258214 0.59471803],3,3,"[0.6601234827680622, 0.6109507568947781]",1,-1
2520,[0.31840316 0.25515124],1,2,"[0.294379027732062, 0.1921773781634303]",0,0
2521,[0.67433947 0.56015094],3,3,"[0.6601234827680622, 0.6109507568947781]",1,-1
2522,[0.7137466  0.64317535],3,3,"[0.6601234827680622, 0.6109507568947781]",1,-1
2523,[0.78410238 0.65550032],2,0,"[0.7890750777399501, 0.6799557517006445]",1,-1
2524,[0.69778312 0.64711157],3,3,"[0.6601234827680622, 0.6109507568947781]",1,-1
2525,[0.24196571 0.27828217],1,-1,-1,0,0
2526,[0.36448572 0.55061177],0,1,"[0.37965276877051146, 0.575157747726818]",1,-1
2527,[0.32333428 0.61010894],0,1,"[0.37965276877051146, 0.575157747726818]",1,-1
2528,[0.36279906 0.58717738],0,1,"[0.37965276877051146, 0.575157747726818]",1,-1
2529,[0.41944791 0.57246663],0,1,"[0.37965276877051146, 0.575157747726818]",1,-1
2530,[0.65988046 0.60558217],3,3,"[0.6601234827680622, 0.6109507568947781]",1,-1
2531,[0.45122349 0.47659249],0,-1,-1,1,-1
2532,[0.4627496  0.55724675],0,-1,-1,1,-1
2533,[0.36827999 0.16076007],1,-1,-1,0,0
2534,[0.37006702 0.61418776],0,1,"[0.37965276877051146, 0.575157747726818]",1,-1
2535,[0.70785188 0.53204187],3,-1,-1,1,-1
2536,[0.34969316 0.65073124],0,-1,-1,1,-1
2537,[0.69665971 0.61579941],3,3,"[0.6601234827680622, 0.6109507568947781]",1,-1
2538,[0.67212194 0.53882449],3,-1,-1,1,-1
2539,[0.36700583 0.69237715],0,-1,-1,1,-1
2540,[0.8168223  0.65694192],2,0,"[0.7890750777399501, 0.6799557517006445]",1,-1
2541,[0.68992196 0.62668201],3,3,"[0.6601234827680622, 0.6109507568947781]",1,7
2542,[0.74433143 0.63355193],2,0,"[0.7890750777399501, 0.6799557517006445]",1,-1
2543,[0.38431305 0.55732157],0,1,"[0.37965276877051146, 0.575157747726818]",1,-1
2544,[0.30061953 0.69966939],0,-1,-1,1,-1
2545,[0.30388591 0.5856634 ],0,-1,-1,1,-1
2546,[0.2712526  0.56404077],0,-1,-1,1,-1
2547,[0.78340669 0.66349411],2,0,"[0.7890750777399501, 0.6799557517006445]",1,-1
2548,[0.7801594  0.68942105],2,0,"[0.7890750777399501, 0.6799557517006445]",1,-1
2549,[0.7739707  0.63661718],2,0,"[0.7890750777399501, 0.6799557517006445]",1,-1
2550,[0.78972978 0.65001828],2,0,"[0.7890750777399501, 0.6799557517006445]",1,-1
2551,[0.61534997 0.58283155],3,3,"[0.6601234827680622, 0.6109507568947781]",1,-1
2552,[0.30638551 0.21090791],1,2,"[0.294379027732062, 0.1921773781634303]",0,0
2553,[0.77698505 0.64082359],2,0,"[0.7890750777399501, 0.6799557517006445]",1,-1
2554,[0.45095635 0.53295313],0,-1,-1,1,-1
2555,[0.41962724 0.59130856],0,1,"[0.37965276877051146, 0.575157747726818]",1,-1
2556,[0.32608552 0.56315436],0,1,"[0.37965276877051146, 0.575157747726818]",1,-1
2557,[0.31831969 0.21336013],1,2,"[0.294379027732062, 0.1921773781634303]",0,0
2558,[0.3473618  0.15142314],1,2,"[0.294379027732062, 0.1921773781634303]",0,0
2559,[0.22196324 0.15033125],1,-1,-1,0,0
2560,[0.35332276 0.57469481],0,1,"[0.37965276877051146, 0.575157747726818]",1,-1
2561,[0.47139868 0.67822456],0,-1,-1,1,-1
2562,[0.95800751 0.73257652],2,-1,-1,1,-1
2563,[0.22373289 0.17776107],1,-1,-1,0,0
2564,[0.16231241 0.13344503],1,-1,-1,0,0
2565,[0.32359275 0.57872076],0,1,"[0.37965276877051146, 0.575157747726818]",1,-1
2566,[0.72032742 0.62279624],3,3,"[0.6601234827680622, 0.6109507568947781]",1,-1
2567,[0.38169985 0.20864123],1,-1,-1,0,0
2568,[0.84661317 0.70936345],2,0,"[0.7890750777399501, 0.6799557517006445]",1,-1
2569,[0.76297398 0.72762184],2,0,"[0.7890750777399501, 0.6799557517006445]",1,-1
2570,[0.32169545 0.64232465],0,-1,-1,1,-1
2571,[0.24831806 0.12022925],1,-1,-1,0,0
2572,[0.70238799 0.66838077],3,-1,-1,1,-1
2573,[0.41784749 0.51954347],0,1,"[0.37965276877051146, 0.575157747726818]",1,-1
2574,[0.71131527 0.52475005],3,-1,-1,1,-1
2575,[0.33494291 0.17592304],1,2,"[0.294379027732062, 0.1921773781634303]",0,0
2576,[0.7947659  0.61199935],2,0,"[0.7890750777399501, 0.6799557517006445]",1,-1
2577,[0.6929409  0.67313825],3,-1,-1,1,-1
2578,[0.43979686 0.60091117],0,1,"[0.37965276877051146, 0.575157747726818]",1,-1
2579,[0.3342635  0.50511105],0,-1,-1,1,-1
2580,[0.38787358 0.57805734],0,1,"[0.37965276877051146, 0.575157747726818]",1,-1
2581,[0.72013735 0.69131359],2,0,"[0.7890750777399501, 0.6799557517006445]",1,-1
2582,[0.77274087 0.62914017],2,0,"[0.7890750777399501, 0.6799557517006445]",1,-1
2583,[0.25389406 0.19595303],1,2,"[0.294379027732062, 0.1921773781634303]",0,0
2584,[0.65429926 0.67695913],3,3,"[0.6601234827680622, 0.6109507568947781]",1,-1
2585,[0.41149642 0.63237121],0,1,"[0.37965276877051146, 0.575157747726818]",1,-1
2586,[0.80582413 0.74104363],2,0,"[0.7890750777399501, 0.6799557517006445]",1,-1
2587,[0.42053781 0.57205421],0,1,"[0.37965276877051146, 0.575157747726818]",1,-1
2588,[0.30267297 0.49164542],0,-1,-1,1,-1
2589,[0.427654   0.48527848],0,-1,-1,1,-1
2590,[0.64932346 0.60488717],3,3,"[0.6601234827680622, 0.6109507568947781]",1,6
2591,[0.86189453 0.73670615],2,-1,-1,1,-1
2592,[0.36052968 0.50449704],0,-1,-1,1,-1
2593,[0.66952349 0.63085861],3,3,"[0.6601234827680622, 0.6109507568947781]",1,7
2594,[0.73054165 0.69352919],2,0,"[0.7890750777399501, 0.6799557517006445]",1,-1
2595,[0.73178136 0.64947593],2,0,"[0.7890750777399501, 0.6799557517006445]",1,-1
2596,[0.8261599  0.72754347],2,0,"[0.7890750777399501, 0.6799557517006445]",1,-1
2597,[0.73259593 0.56628759],3,-1,-1,1,-1
2598,[0.33812805 0.20039018],1,2,"[0.294379027732062, 0.1921773781634303]",0,0
2599,[0.73742861 0.57052404],3,-1,-1,1,-1
2600,[0.33434404 0.20184277],1,2,"[0.294379027732062, 0.1921773781634303]",0,0
2601,[0.30315394 0.14590098],1,2,"[0.294379027732062, 0.1921773781634303]",0,0
2602,[0.27850947 0.19643951],1,2,"[0.294379027732062, 0.1921773781634303]",0,0
2603,[0.77604074 0.7047872 ],2,0,"[0.7890750777399501, 0.6799557517006445]",1,-1
2604,[0.69649968 0.60495531],3,3,"[0.6601234827680622, 0.6109507568947781]",1,-1
2605,[0.69595843 0.65767812],3,3,"[0.6601234827680622, 0.6109507568947781]",1,-1
2606,[0.216646   0.26093895],1,-1,-1,0,0
2607,[0.70018576 0.68904758],2,-1,-1,1,-1
2608,[0.34604367 0.53696191],0,1,"[0.37965276877051146, 0.575157747726818]",1,-1
2609,[0.75890869 0.55584919],2,-1,-1,1,-1
2610,[0.72187548 0.70928765],2,-1,-1,1,-1
2611,[0.83786408 0.76197276],2,-1,-1,1,-1
2612,[0.60800278 0.70490069],3,-1,-1,1,-1
2613,[0.35818059 0.48840794],0,-1,-1,1,-1
2614,[0.5376071  0.66958971],3,-1,-1,1,-1
2615,[0.57322548 0.66107812],3,-1,-1,1,-1
2616,[0.77064955 0.75930412],2,-1,-1,1,-1
2617,[0.66032352 0.63786783],3,3,"[0.6601234827680622, 0.6109507568947781]",1,-1
2618,[0.80793559 0.67689963],2,0,"[0.7890750777399501, 0.6799557517006445]",1,4
2619,[0.30206717 0.20385336],1,2,"[0.294379027732062, 0.1921773781634303]",0,0
2620,[0.32449848 0.27432618],1,-1,-1,0,0
2621,[0.35976531 0.61703536],0,1,"[0.37965276877051146, 0.575157747726818]",1,-1
2622,[0.78806478 0.72364543],2,0,"[0.7890750777399501, 0.6799557517006445]",1,-1
2623,[0.39861009 0.33431519],1,-1,-1,0,-1
2624,[0.59078779 0.67500564],3,-1,-1,1,-1
2625,[0.316991   0.23327297],1,2,"[0.294379027732062, 0.1921773781634303]",0,0
2626,[0.72437773 0.59883891],3,3,"[0.6601234827680622, 0.6109507568947781]",1,-1
2627,[0.32897112 0.22261123],1,2,"[0.294379027732062, 0.1921773781634303]",0,0
2628,[0.30997243 0.19068143],1,2,"[0.294379027732062, 0.1921773781634303]",0,0
2629,[0.39490413 0.48275214],0,-1,-1,1,-1
2630,[0.80402053 0.75526939],2,-1,-1,1,-1
2631,[0.7434742  0.66997314],2,0,"[0.7890750777399501, 0.6799557517006445]",1,-1
2632,[0.30285846 0.14730641],1,2,"[0.294379027732062, 0.1921773781634303]",0,0
2633,[0.32954197 0.61499565],0,1,"[0.37965276877051146, 0.575157747726818]",1,-1
2634,[0.56189996 0.61566422],3,-1,-1,1,-1
2635,[0.64195924 0.53761962],3,-1,-1,1,-1
2636,[0.38726782 0.21209934],1,-1,-1,0,0
2637,[0.23237714 0.24226812],1,-1,-1,0,0
2638,[0.36023786 0.55532125],0,1,"[0.37965276877051146, 0.575157747726818]",1,-1
2639,[0.84270079 0.66966519],2,0,"[0.7890750777399501, 0.6799557517006445]",1,-1
2640,[0.73299977 0.6743293 ],3,0,"[0.7890750777399501, 0.6799557517006445]",1,-1
2641,[0.6840002  0.64201715],3,3,"[0.6601234827680622, 0.6109507568947781]",1,-1
2642,[0.57745522 0.63073404],3,-1,-1,1,-1
2643,[0.38774477 0.61498432],0,1,"[0.37965276877051146, 0.575157747726818]",1,-1
2644,[0.62929184 0.60015262],3,3,"[0.6601234827680622, 0.6109507568947781]",1,-1
2645,[0.83107889 0.66680093],2,0,"[0.7890750777399501, 0.6799557517006445]",1,-1
2646,[0.64076014 0.63031563],3,3,"[0.6601234827680622, 0.6109507568947781]",1,-1
2647,[0.25014109 0.29835914],1,-1,-1,0,0
2648,[0.2941829  0.15344274],1,2,"[0.294379027732062, 0.1921773781634303]",0,0
2649,[0.29004405 0.53726433],0,-1,-1,1,-1
2650,[0.38923899 0.66302091],0,-1,-1,1,-1
2651,[0.39130524 0.53158359],0,1,"[0.37965276877051146, 0.575157747726818]",1,-1
2652,[0.67166432 0.55307058],3,3,"[0.6601234827680622, 0.6109507568947781]",1,-1
2653,[0.31808589 0.54014436],0,-1,-1,1,-1
2654,[0.27820222 0.18588816],1,2,"[0.294379027732062, 0.1921773781634303]",0,0
2655,[0.38584214 0.51648238],0,1,"[0.37965276877051146, 0.575157747726818]",1,-1
2656,[0.33766224 0.52727458],0,1,"[0.37965276877051146, 0.575157747726818]",1,-1
2657,[0.39733552 0.53808747],0,1,"[0.37965276877051146, 0.575157747726818]",1,-1
2658,[0.61968411 0.57608328],3,3,"[0.6601234827680622, 0.6109507568947781]",1,-1
2659,[0.32406943 0.58316264],0,1,"[0.37965276877051146, 0.575157747726818]",1,-1
2660,[0.33463165 0.64283452],0,-1,-1,1,-1
2661,[0.40906693 0.57580489],0,1,"[0.37965276877051146, 0.575157747726818]",1,2
2662,[0.76645299 0.66755781],2,0,"[0.7890750777399501, 0.6799557517006445]",1,-1
2663,[0.425322   0.20272955],1,-1,-1,0,0
2664,[0.73158892 0.66935472],2,0,"[0.7890750777399501, 0.6799557517006445]",1,-1
2665,[0.36163597 0.56205209],0,1,"[0.37965276877051146, 0.575157747726818]",1,-1
2666,[0.72372621 0.63055972],2,3,"[0.6601234827680622, 0.6109507568947781]",1,-1
2667,[0.30446191 0.17754269],1,2,"[0.294379027732062, 0.1921773781634303]",0,0
2668,[0.76313411 0.7005835 ],2,0,"[0.7890750777399501, 0.6799557517006445]",1,-1
2669,[0.24287451 0.24110013],1,-1,-1,0,0
2670,[0.39692825 0.4823201 ],0,-1,-1,1,-1
2671,[0.70865133 0.72857953],3,-1,-1,1,-1
2672,[0.28276442 0.2041117 ],1,2,"[0.294379027732062, 0.1921773781634303]",0,0
2673,[0.70471502 0.70174611],3,-1,-1,1,-1
2674,[0.77032298 0.6634347 ],2,0,"[0.7890750777399501, 0.6799557517006445]",1,3
2675,[0.7100693  0.52372555],3,-1,-1,1,-1
2676,[0.35430454 0.04424477],1,-1,-1,0,0
2677,[0.31932691 0.56083482],0,1,"[0.37965276877051146, 0.575157747726818]",1,-1
2678,[0.73712342 0.72984585],2,-1,-1,1,-1
2679,[0.32911772 0.60107384],0,1,"[0.37965276877051146, 0.575157747726818]",1,-1
2680,[0.32719274 0.26145731],1,-1,-1,0,0
2681,[0.30563223 0.54981732],0,-1,-1,1,-1
2682,[0.80820351 0.59079603],2,-1,-1,1,-1
2683,[0.81322241 0.73207995],2,0,"[0.7890750777399501, 0.6799557517006445]",1,-1
2684,[0.41660583 0.57457745],0,1,"[0.37965276877051146, 0.575157747726818]",1,-1
2685,[0.64502531 0.68852867],3,-1,-1,1,-1
2686,[0.30855574 0.18574307],1,2,"[0.294379027732062, 0.1921773781634303]",0,0
2687,[0.39154423 0.25617204],1,-1,-1,0,0
2688,[0.63040145 0.60178863],3,3,"[0.6601234827680622, 0.6109507568947781]",1,-1
2689,[0.67275287 0.62876534],3,3,"[0.6601234827680622, 0.6109507568947781]",1,-1
2690,[0.57620205 0.58684639],3,-1,-1,1,-1
2691,[0.37733072 0.53279813],0,1,"[0.37965276877051146, 0.575157747726818]",1,-1
2692,[0.35304627 0.17825033],1,2,"[0.294379027732062, 0.1921773781634303]",0,0
2693,[0.42735134 0.57241937],0,1,"[0.37965276877051146, 0.575157747726818]",1,-1
2694,[0.30419484 0.13693606],1,2,"[0.294379027732062, 0.1921773781634303]",0,0
2695,[0.6687884  0.68458041],3,-1,-1,1,-1
2696,[0.34223585 0.22930596],1,2,"[0.294379027732062, 0.1921773781634303]",0,0
2697,[0.90253254 0.68913908],2,-1,-1,1,-1
2698,[0.72687439 0.65341107],2,0,"[0.7890750777399501, 0.6799557517006445]",1,-1
2699,[0.36025576 0.58718003],0,1,"[0.37965276877051146, 0.575157747726818]",1,-1
2700,[0.6293539  0.64601966],3,3,"[0.6601234827680622, 0.6109507568947781]",1,-1
2701,[0.31934354 0.26752537],1,-1,-1,0,0
2702,[0.45577341 0.69719269],0,-1,-1,1,-1
2703,[0.27430383 0.20857919],1,2,"[0.294379027732062, 0.1921773781634303]",0,0
2704,[0.29626937 0.11808451],1,-1,-1,0,0
2705,[0.25471064 0.18263109],1,2,"[0.294379027732062, 0.1921773781634303]",0,0
2706,[0.81807648 0.72523212],2,0,"[0.7890750777399501, 0.6799557517006445]",1,-1
2707,[0.2231566  0.55457104],0,-1,-1,1,-1
2708,[0.81011323 0.67735925],2,0,"[0.7890750777399501, 0.6799557517006445]",1,-1
2709,[0.31333756 0.22907701],1,2,"[0.294379027732062, 0.1921773781634303]",0,0
2710,[0.73394134 0.59684985],3,-1,-1,1,-1
2711,[0.71304987 0.56645549],3,3,"[0.6601234827680622, 0.6109507568947781]",1,-1
2712,[0.50061964 0.57112104],0,-1,-1,1,-1
2713,[0.4350653  0.17094523],1,-1,-1,0,0
2714,[0.61183408 0.55288395],3,-1,-1,1,-1
2715,[0.65642192 0.64743107],3,3,"[0.6601234827680622, 0.6109507568947781]",1,-1
2716,[0.40696993 0.59127107],0,1,"[0.37965276877051146, 0.575157747726818]",1,-1
2717,[0.2866657  0.15771583],1,2,"[0.294379027732062, 0.1921773781634303]",0,0
2718,[0.79388599 0.68889639],2,0,"[0.7890750777399501, 0.6799557517006445]",1,-1
2719,[0.34932419 0.65703565],0,-1,-1,1,-1
2720,[0.34105361 0.15680152],1,2,"[0.294379027732062, 0.1921773781634303]",0,0
2721,[0.31996853 0.60092999],0,1,"[0.37965276877051146, 0.575157747726818]",1,-1
2722,[0.40524212 0.52578664],0,1,"[0.37965276877051146, 0.575157747726818]",1,-1
2723,[0.825113   0.76328226],2,-1,-1,1,-1
2724,[0.23721441 0.14098903],1,-1,-1,0,0
2725,[0.3324454  0.21712792],1,2,"[0.294379027732062, 0.1921773781634303]",0,0
2726,[0.79949565 0.60012398],2,-1,-1,1,-1
2727,[0.29595182 0.14297762],1,2,"[0.294379027732062, 0.1921773781634303]",0,0
2728,[0.76115679 0.69624483],2,0,"[0.7890750777399501, 0.6799557517006445]",1,-1
2729,[0.21782818 0.20298302],1,-1,-1,0,0
2730,[0.84040769 0.68261838],2,0,"[0.7890750777399501, 0.6799557517006445]",1,-1
2731,[0.31042671 0.59661698],0,-1,-1,1,-1
2732,[0.35809656 0.31286764],1,-1,-1,0,0
2733,[0.4459254  0.56636139],0,1,"[0.37965276877051146, 0.575157747726818]",1,-1
2734,[0.40044766 0.54008931],0,1,"[0.37965276877051146, 0.575157747726818]",1,-1
2735,[0.45636697 0.61171549],0,-1,-1,1,-1
2736,[0.33913891 0.62709363],0,1,"[0.37965276877051146, 0.575157747726818]",1,-1
2737,[0.36520654 0.56167582],0,1,"[0.37965276877051146, 0.575157747726818]",1,-1
2738,[0.29217362 0.20180831],1,2,"[0.294379027732062, 0.1921773781634303]",0,0
2739,[0.72060384 0.6418406 ],3,3,"[0.6601234827680622, 0.6109507568947781]",1,-1
2740,[0.65483444 0.62928995],3,3,"[0.6601234827680622, 0.6109507568947781]",1,-1
2741,[0.71928983 0.68658161],2,-1,-1,1,-1
2742,[0.34068182 0.59134077],0,1,"[0.37965276877051146, 0.575157747726818]",1,-1
2743,[0.37259938 0.54379879],0,1,"[0.37965276877051146, 0.575157747726818]",1,-1
2744,[0.79391812 0.7109929 ],2,0,"[0.7890750777399501, 0.6799557517006445]",1,-1
2745,[0.75456249 0.61304829],2,-1,-1,1,-1
2746,[0.2368309 0.2091577],1,2,"[0.294379027732062, 0.1921773781634303]",0,0
2747,[0.80610411 0.67058039],2,0,"[0.7890750777399501, 0.6799557517006445]",1,4
2748,[0.41701493 0.6685023 ],0,-1,-1,1,-1
2749,[0.73137597 0.555731  ],3,-1,-1,1,-1
2750,[0.34837383 0.54705461],0,1,"[0.37965276877051146, 0.575157747726818]",1,-1
2751,[0.33016352 0.19697268],1,2,"[0.294379027732062, 0.1921773781634303]",0,0
2752,[0.61262912 0.6127629 ],3,3,"[0.6601234827680622, 0.6109507568947781]",1,-1
2753,[0.64803918 0.58865192],3,3,"[0.6601234827680622, 0.6109507568947781]",1,-1
2754,[0.67354108 0.55722901],3,3,"[0.6601234827680622, 0.6109507568947781]",1,-1
2755,[0.75157861 0.56447543],3,-1,-1,1,-1
2756,[0.40882419 0.15850692],1,-1,-1,0,0
2757,[0.77613185 0.63781421],2,0,"[0.7890750777399501, 0.6799557517006445]",1,-1
2758,[0.41074755 0.58221457],0,1,"[0.37965276877051146, 0.575157747726818]",1,-1
2759,[0.81337439 0.72177042],2,0,"[0.7890750777399501, 0.6799557517006445]",1,-1
2760,[0.37420131 0.12858447],1,-1,-1,0,0
2761,[0.62343274 0.619011  ],3,3,"[0.6601234827680622, 0.6109507568947781]",1,-1
2762,[0.29364343 0.17872036],1,2,"[0.294379027732062, 0.1921773781634303]",0,0
2763,[0.38617849 0.61543235],0,1,"[0.37965276877051146, 0.575157747726818]",1,-1
2764,[0.26639139 0.07423282],1,-1,-1,0,0
2765,[0.34981212 0.160694  ],1,2,"[0.294379027732062, 0.1921773781634303]",0,0
2766,[0.38027042 0.56059019],0,1,"[0.37965276877051146, 0.575157747726818]",1,-1
2767,[0.62108313 0.63027647],3,3,"[0.6601234827680622, 0.6109507568947781]",1,-1
2768,[0.35782293 0.15324796],1,-1,-1,0,0
2769,[0.69532823 0.58013912],3,3,"[0.6601234827680622, 0.6109507568947781]",1,-1
2770,[0.29070003 0.07415874],1,-1,-1,0,0
2771,[0.45491862 0.57556619],0,-1,-1,1,-1
2772,[0.6874431  0.63050053],3,3,"[0.6601234827680622, 0.6109507568947781]",1,7
2773,[0.34526085 0.24703045],1,-1,-1,0,0
2774,[0.423794   0.57347071],0,1,"[0.37965276877051146, 0.575157747726818]",1,-1
2775,[0.38202346 0.57659126],0,1,"[0.37965276877051146, 0.575157747726818]",1,2
2776,[0.45150518 0.48566577],0,-1,-1,1,-1
2777,[0.23428329 0.14409837],1,-1,-1,0,0
2778,[0.29194248 0.20711863],1,2,"[0.294379027732062, 0.1921773781634303]",0,0
2779,[0.2614256  0.16511413],1,2,"[0.294379027732062, 0.1921773781634303]",0,0
2780,[0.67945451 0.59987188],3,3,"[0.6601234827680622, 0.6109507568947781]",1,-1
2781,[0.81467755 0.66992238],2,0,"[0.7890750777399501, 0.6799557517006445]",1,-1
2782,[0.42084724 0.58232429],0,1,"[0.37965276877051146, 0.575157747726818]",1,-1
2783,[0.43140348 0.53984963],0,1,"[0.37965276877051146, 0.575157747726818]",1,-1
2784,[0.64232376 0.64312167],3,3,"[0.6601234827680622, 0.6109507568947781]",1,-1
2785,[0.53163806 0.58951407],3,-1,-1,1,-1
2786,[0.23850724 0.19530946],1,2,"[0.294379027732062, 0.1921773781634303]",0,0
2787,[0.37338682 0.48204558],0,-1,-1,1,-1
2788,[0.23431829 0.20187737],1,2,"[0.294379027732062, 0.1921773781634303]",0,0
2789,[0.28077197 0.2084502 ],1,2,"[0.294379027732062, 0.1921773781634303]",0,0
2790,[0.8056081  0.67171927],2,0,"[0.7890750777399501, 0.6799557517006445]",1,4
2791,[0.66486495 0.64012708],2,3,"[0.6601234827680622, 0.6109507568947781]",1,-1
2792,[0.25860827 0.16267568],1,2,"[0.294379027732062, 0.1921773781634303]",0,0
2793,[0.43369612 0.15813939],1,-1,-1,0,0
2794,[0.24931712 0.2338283 ],1,2,"[0.294379027732062, 0.1921773781634303]",0,0
2795,[0.65875696 0.63246493],3,3,"[0.6601234827680622, 0.6109507568947781]",1,-1
2796,[0.6599492  0.63909998],3,3,"[0.6601234827680622, 0.6109507568947781]",1,-1
2797,[0.34417521 0.14919878],1,2,"[0.294379027732062, 0.1921773781634303]",0,0
2798,[0.38068381 0.59173699],0,1,"[0.37965276877051146, 0.575157747726818]",1,-1
2799,[0.2787205  0.17911577],1,2,"[0.294379027732062, 0.1921773781634303]",0,0
2800,[0.75816703 0.61007918],3,-1,-1,1,-1
2801,[0.26347683 0.25359291],1,2,"[0.294379027732062, 0.1921773781634303]",0,0
2802,[0.64837546 0.72069208],3,-1,-1,1,-1
2803,[0.79779318 0.67799633],2,0,"[0.7890750777399501, 0.6799557517006445]",1,-1
2804,[0.83126623 0.6947798 ],2,0,"[0.7890750777399501, 0.6799557517006445]",1,-1
2805,[0.67746624 0.60673714],3,3,"[0.6601234827680622, 0.6109507568947781]",1,5
2806,[0.26837724 0.29499488],1,-1,-1,0,0
2807,[0.28272194 0.22725014],1,2,"[0.294379027732062, 0.1921773781634303]",0,0
2808,[0.70845144 0.55652094],3,-1,-1,1,-1
2809,[0.27750878 0.16200279],1,2,"[0.294379027732062, 0.1921773781634303]",0,0
2810,[0.71763179 0.69477643],2,-1,-1,1,-1
2811,[0.30448791 0.2359837 ],1,2,"[0.294379027732062, 0.1921773781634303]",0,0
2812,[0.85614303 0.65327636],2,-1,-1,1,-1
2813,[0.26772972 0.15676508],1,2,"[0.294379027732062, 0.1921773781634303]",0,0
2814,[0.70536138 0.71007047],2,-1,-1,1,-1
2815,[0.39146702 0.60738943],0,1,"[0.37965276877051146, 0.575157747726818]",1,-1
2816,[0.91092719 0.68689803],2,-1,-1,1,-1
2817,[0.36634191 0.49498293],0,-1,-1,1,-1
2818,[0.6866234  0.62623979],3,3,"[0.6601234827680622, 0.6109507568947781]",1,7
2819,[0.6520826  0.54524797],3,3,"[0.6601234827680622, 0.6109507568947781]",1,-1
2820,[0.33894362 0.62088265],0,1,"[0.37965276877051146, 0.575157747726818]",1,-1
2821,[0.31958666 0.23467007],1,2,"[0.294379027732062, 0.1921773781634303]",0,0
2822,[0.3223241  0.19277431],1,2,"[0.294379027732062, 0.1921773781634303]",0,0
2823,[0.38390687 0.57404622],0,1,"[0.37965276877051146, 0.575157747726818]",1,-1
2824,[0.28670577 0.57422681],0,-1,-1,1,-1
2825,[0.34249862 0.51920032],0,1,"[0.37965276877051146, 0.575157747726818]",1,-1
2826,[0.39989284 0.6006375 ],0,1,"[0.37965276877051146, 0.575157747726818]",1,-1
2827,[0.88030401 0.67388472],2,-1,-1,1,-1
2828,[0.721567   0.69296619],2,0,"[0.7890750777399501, 0.6799557517006445]",1,-1
2829,[0.79121328 0.72125704],2,0,"[0.7890750777399501, 0.6799557517006445]",1,-1
2830,[0.62301195 0.66035658],3,3,"[0.6601234827680622, 0.6109507568947781]",1,-1
2831,[0.41200144 0.56926867],0,1,"[0.37965276877051146, 0.575157747726818]",1,2
2832,[0.41876347 0.56766599],0,1,"[0.37965276877051146, 0.575157747726818]",1,-1
2833,[0.27434643 0.23882377],1,2,"[0.294379027732062, 0.1921773781634303]",0,0
2834,[0.36798217 0.70374098],0,-1,-1,1,-1
2835,[0.69388827 0.67889703],3,-1,-1,1,-1
2836,[0.29398794 0.15842194],1,2,"[0.294379027732062, 0.1921773781634303]",0,0
2837,[0.28770983 0.60766523],0,-1,-1,1,-1
2838,[0.47410504 0.64592521],0,-1,-1,1,-1
2839,[0.67587748 0.65571947],3,3,"[0.6601234827680622, 0.6109507568947781]",1,-1
2840,[0.81025491 0.71532496],2,0,"[0.7890750777399501, 0.6799557517006445]",1,-1
2841,[0.67679043 0.62502926],3,3,"[0.6601234827680622, 0.6109507568947781]",1,7
2842,[0.24169563 0.21017288],1,2,"[0.294379027732062, 0.1921773781634303]",0,0
2843,[0.2517909  0.21795233],1,2,"[0.294379027732062, 0.1921773781634303]",0,0
2844,[0.23846448 0.15634336],1,2,"[0.294379027732062, 0.1921773781634303]",0,0
2845,[0.36289423 0.22162326],1,-1,-1,0,0
2846,[0.64157993 0.64063004],3,3,"[0.6601234827680622, 0.6109507568947781]",1,-1
2847,[0.36668276 0.14234182],1,-1,-1,0,0
2848,[0.28448877 0.19459347],1,2,"[0.294379027732062, 0.1921773781634303]",0,0
2849,[0.59109663 0.68646691],3,-1,-1,1,-1
2850,[0.4337778 0.5881172],0,1,"[0.37965276877051146, 0.575157747726818]",1,-1
2851,[0.70255473 0.5863077 ],3,3,"[0.6601234827680622, 0.6109507568947781]",1,-1
2852,[0.36306161 0.2373669 ],1,-1,-1,0,0
2853,[0.30031517 0.16671891],1,2,"[0.294379027732062, 0.1921773781634303]",0,0
2854,[0.67801505 0.51678096],3,-1,-1,1,-1
2855,[0.47738404 0.54213563],0,-1,-1,1,-1
2856,[0.70590817 0.56151417],3,3,"[0.6601234827680622, 0.6109507568947781]",1,-1
2857,[0.78747176 0.64896257],2,0,"[0.7890750777399501, 0.6799557517006445]",1,-1
2858,[0.34967543 0.52963809],0,1,"[0.37965276877051146, 0.575157747726818]",1,-1
2859,[0.60147462 0.59574894],3,3,"[0.6601234827680622, 0.6109507568947781]",1,-1
2860,[0.63799313 0.54981648],3,3,"[0.6601234827680622, 0.6109507568947781]",1,-1
2861,[0.24054441 0.21299403],1,2,"[0.294379027732062, 0.1921773781634303]",0,0
2862,[0.29763966 0.149511  ],1,2,"[0.294379027732062, 0.1921773781634303]",0,0
2863,[0.85355708 0.6677098 ],2,0,"[0.7890750777399501, 0.6799557517006445]",1,-1
2864,[0.7341112  0.77562841],2,-1,-1,1,-1
2865,[0.3523064  0.53322674],0,1,"[0.37965276877051146, 0.575157747726818]",1,-1
2866,[0.643394   0.55715925],3,3,"[0.6601234827680622, 0.6109507568947781]",1,-1
2867,[0.45644059 0.56644724],0,-1,-1,1,-1
2868,[0.65458771 0.65846778],3,3,"[0.6601234827680622, 0.6109507568947781]",1,-1
2869,[0.79436233 0.6464424 ],2,0,"[0.7890750777399501, 0.6799557517006445]",1,-1
2870,[0.70980984 0.52621539],3,-1,-1,1,-1
2871,[0.34321571 0.18438219],1,2,"[0.294379027732062, 0.1921773781634303]",0,0
2872,[0.37582026 0.60907058],0,1,"[0.37965276877051146, 0.575157747726818]",1,-1
2873,[0.67345143 0.59382561],3,3,"[0.6601234827680622, 0.6109507568947781]",1,-1
2874,[0.61758651 0.53445817],3,-1,-1,1,-1
2875,[0.68186769 0.5778596 ],3,3,"[0.6601234827680622, 0.6109507568947781]",1,-1
2876,[0.83218027 0.74332087],2,-1,-1,1,-1
2877,[0.29472002 0.58080546],0,-1,-1,1,-1
2878,[0.84139965 0.69867072],2,0,"[0.7890750777399501, 0.6799557517006445]",1,-1
2879,[0.69393935 0.65437763],3,3,"[0.6601234827680622, 0.6109507568947781]",1,-1
2880,[0.38333888 0.59763635],0,1,"[0.37965276877051146, 0.575157747726818]",1,-1
2881,[0.34760521 0.3089613 ],1,-1,-1,0,0
2882,[0.59079483 0.51888692],3,-1,-1,1,-1
2883,[0.32674047 0.23430669],1,2,"[0.294379027732062, 0.1921773781634303]",0,0
2884,[0.75253117 0.61886464],2,-1,-1,1,-1
2885,[0.23376172 0.10509672],1,-1,-1,0,0
2886,[0.45206908 0.7487332 ],0,-1,-1,1,-1
2887,[0.37263372 0.53169101],0,1,"[0.37965276877051146, 0.575157747726818]",1,-1
2888,[0.78713631 0.66707614],2,0,"[0.7890750777399501, 0.6799557517006445]",1,-1
2889,[0.37388409 0.26359989],1,-1,-1,0,0
2890,[0.22209235 0.18618504],1,-1,-1,0,0
2891,[0.31648429 0.2013783 ],1,2,"[0.294379027732062, 0.1921773781634303]",0,0
2892,[0.57995427 0.6163496 ],3,-1,-1,1,-1
2893,[0.7423871  0.66605307],2,0,"[0.7890750777399501, 0.6799557517006445]",1,-1
2894,[0.81692498 0.57021966],2,-1,-1,1,-1
2895,[0.40599124 0.67469272],0,-1,-1,1,-1
2896,[0.35598261 0.68116645],0,-1,-1,1,-1
2897,[0.86014777 0.62765741],2,-1,-1,1,-1
2898,[0.35793458 0.26022338],1,-1,-1,0,0
2899,[0.72315915 0.64525806],3,-1,-1,1,-1
2900,[0.40361877 0.58474482],0,1,"[0.37965276877051146, 0.575157747726818]",1,-1
2901,[0.68190759 0.59092163],3,3,"[0.6601234827680622, 0.6109507568947781]",1,-1
2902,[0.66206271 0.59527435],3,3,"[0.6601234827680622, 0.6109507568947781]",1,-1
2903,[0.33959364 0.19080459],1,2,"[0.294379027732062, 0.1921773781634303]",0,0
2904,[0.81438538 0.71878877],2,0,"[0.7890750777399501, 0.6799557517006445]",1,-1
2905,[0.39400174 0.57090138],0,1,"[0.37965276877051146, 0.575157747726818]",1,-1
2906,[0.65054383 0.62516231],3,3,"[0.6601234827680622, 0.6109507568947781]",1,-1
2907,[0.75221932 0.74343456],2,-1,-1,1,-1
2908,[0.42221099 0.58589097],0,1,"[0.37965276877051146, 0.575157747726818]",1,-1
2909,[0.44908938 0.54616048],0,-1,-1,1,-1
2910,[0.31359065 0.34644395],1,-1,-1,0,0
2911,[0.69039856 0.65795177],3,3,"[0.6601234827680622, 0.6109507568947781]",1,-1
2912,[0.28573803 0.29394545],1,-1,-1,0,0
2913,[0.37286817 0.25913273],1,-1,-1,0,0
2914,[0.26984369 0.14422737],1,2,"[0.294379027732062, 0.1921773781634303]",0,0
2915,[0.40204212 0.56661558],0,1,"[0.37965276877051146, 0.575157747726818]",1,2
2916,[0.3074257  0.10624521],1,-1,-1,0,0
2917,[0.39390174 0.62123404],0,1,"[0.37965276877051146, 0.575157747726818]",1,-1
2918,[0.71369086 0.62564505],3,3,"[0.6601234827680622, 0.6109507568947781]",1,-1
2919,[0.22349463 0.20920556],1,-1,-1,0,0
2920,[0.81328237 0.67596671],2,0,"[0.7890750777399501, 0.6799557517006445]",1,-1
2921,[0.68793584 0.61326799],3,3,"[0.6601234827680622, 0.6109507568947781]",1,5
2922,[0.60831833 0.61079555],3,3,"[0.6601234827680622, 0.6109507568947781]",1,-1
2923,[0.7750331  0.66118166],2,0,"[0.7890750777399501, 0.6799557517006445]",1,-1
2924,[0.3453102  0.26172206],1,-1,-1,0,0
2925,[0.3206832  0.58118824],0,1,"[0.37965276877051146, 0.575157747726818]",1,-1
2926,[0.32129929 0.09275434],1,-1,-1,0,0
2927,[0.64849795 0.62783979],3,3,"[0.6601234827680622, 0.6109507568947781]",1,-1
2928,[0.29934639 0.51409291],0,-1,-1,1,-1
2929,[0.28192794 0.61650515],0,-1,-1,1,-1
2930,[0.74311185 0.74906741],2,-1,-1,1,-1
2931,[0.71450399 0.63237474],3,3,"[0.6601234827680622, 0.6109507568947781]",1,-1
2932,[0.59301658 0.57751893],3,-1,-1,1,-1
2933,[0.73519062 0.53397277],3,-1,-1,1,-1
2934,[0.3695651  0.52003107],0,1,"[0.37965276877051146, 0.575157747726818]",1,-1
2935,[0.29751137 0.20796951],1,2,"[0.294379027732062, 0.1921773781634303]",0,0
2936,[0.87887356 0.67202443],2,-1,-1,1,-1
2937,[0.86641139 0.67436825],2,-1,-1,1,-1
2938,[0.22147789 0.32743901],1,-1,-1,0,0
2939,[0.70408073 0.65941088],3,3,"[0.6601234827680622, 0.6109507568947781]",1,-1
2940,[0.75034289 0.70034544],2,0,"[0.7890750777399501, 0.6799557517006445]",1,-1
2941,[0.25632087 0.1581534 ],1,2,"[0.294379027732062, 0.1921773781634303]",0,0
2942,[0.83427677 0.65469807],2,0,"[0.7890750777399501, 0.6799557517006445]",1,-1
2943,[0.78349209 0.73782764],2,0,"[0.7890750777399501, 0.6799557517006445]",1,-1
2944,[0.36614966 0.56227256],0,1,"[0.37965276877051146, 0.575157747726818]",1,1
2945,[0.32333772 0.16554435],1,2,"[0.294379027732062, 0.1921773781634303]",0,0
2946,[0.26655472 0.19203198],1,2,"[0.294379027732062, 0.1921773781634303]",0,0
2947,[0.84888755 0.58700819],2,-1,-1,1,-1
2948,[0.35132908 0.59090869],0,1,"[0.37965276877051146, 0.575157747726818]",1,-1
2949,[0.39618289 0.57546344],0,1,"[0.37965276877051146, 0.575157747726818]",1,-1
2950,[0.80924541 0.73628878],2,0,"[0.7890750777399501, 0.6799557517006445]",1,-1
2951,[0.20343306 0.2128371 ],1,-1,-1,0,0
2952,[0.3544413  0.53185051],0,1,"[0.37965276877051146, 0.575157747726818]",1,-1
2953,[0.79521278 0.66826795],2,0,"[0.7890750777399501, 0.6799557517006445]",1,4
2954,[0.25927442 0.51176684],0,-1,-1,1,-1
2955,[0.27981563 0.09743888],1,-1,-1,0,0
2956,[0.41026402 0.55932607],0,1,"[0.37965276877051146, 0.575157747726818]",1,-1
2957,[0.85399224 0.66665934],2,0,"[0.7890750777399501, 0.6799557517006445]",1,-1
2958,[0.31770524 0.16339586],1,2,"[0.294379027732062, 0.1921773781634303]",0,0
2959,[0.73305734 0.64673313],2,0,"[0.7890750777399501, 0.6799557517006445]",1,-1
2960,[0.37028714 0.2053285 ],1,-1,-1,0,0
2961,[0.27434253 0.19379738],1,2,"[0.294379027732062, 0.1921773781634303]",0,0
2962,[0.80389439 0.61132755],2,-1,-1,1,-1
2963,[0.6285116  0.58376735],3,3,"[0.6601234827680622, 0.6109507568947781]",1,-1
2964,[0.81573008 0.71136363],2,0,"[0.7890750777399501, 0.6799557517006445]",1,-1
2965,[0.7623411  0.68380333],2,0,"[0.7890750777399501, 0.6799557517006445]",1,-1
2966,[0.33678164 0.21922245],1,2,"[0.294379027732062, 0.1921773781634303]",0,0
2967,[0.73133866 0.72869931],3,-1,-1,1,-1
2968,[0.72202046 0.64212756],3,3,"[0.6601234827680622, 0.6109507568947781]",1,-1
2969,[0.34990235 0.58682542],0,1,"[0.37965276877051146, 0.575157747726818]",1,-1
2970,[0.40733525 0.65412509],0,-1,-1,1,-1
2971,[0.71158639 0.72267388],2,-1,-1,1,-1
2972,[0.64855304 0.62654231],3,3,"[0.6601234827680622, 0.6109507568947781]",1,-1
2973,[0.79520927 0.61112823],2,0,"[0.7890750777399501, 0.6799557517006445]",1,-1
2974,[0.31166081 0.17748233],1,2,"[0.294379027732062, 0.1921773781634303]",0,0
2975,[0.26867774 0.2754474 ],1,-1,-1,0,0
2976,[0.36705406 0.1992892 ],1,-1,-1,0,0
2977,[0.75325015 0.64665448],2,0,"[0.7890750777399501, 0.6799557517006445]",1,-1
2978,[0.69913254 0.60388486],2,3,"[0.6601234827680622, 0.6109507568947781]",1,-1
2979,[0.24220514 0.16539145],1,2,"[0.294379027732062, 0.1921773781634303]",0,0
2980,[0.42870283 0.56005838],0,1,"[0.37965276877051146, 0.575157747726818]",1,-1
2981,[0.35151957 0.58799554],0,1,"[0.37965276877051146, 0.575157747726818]",1,-1
2982,[0.79586441 0.69752503],2,0,"[0.7890750777399501, 0.6799557517006445]",1,-1
2983,[0.33310244 0.17456233],1,2,"[0.294379027732062, 0.1921773781634303]",0,0
2984,[0.80955312 0.72606182],2,0,"[0.7890750777399501, 0.6799557517006445]",1,-1
2985,[0.46929466 0.57821968],0,-1,-1,1,-1
2986,[0.59825602 0.64912588],3,-1,-1,1,-1
2987,[0.26626491 0.22221187],1,2,"[0.294379027732062, 0.1921773781634303]",0,0
2988,[0.67387663 0.4820292 ],3,-1,-1,1,-1
2989,[0.40497212 0.64377022],0,-1,-1,1,-1
2990,[0.83705552 0.65461799],2,0,"[0.7890750777399501, 0.6799557517006445]",1,-1
2991,[0.43719019 0.46723435],0,-1,-1,1,-1
2992,[0.34439579 0.14054411],1,-1,-1,0,0
2993,[0.20634435 0.16966657],1,-1,-1,0,0
2994,[0.77871301 0.61311013],2,0,"[0.7890750777399501, 0.6799557517006445]",1,-1
2995,[0.79549299 0.6060693 ],2,-1,-1,1,-1
2996,[0.31007014 0.16542515],1,2,"[0.294379027732062, 0.1921773781634303]",0,0
2997,[0.5883429  0.57471745],3,-1,-1,1,-1
2998,[0.81574151 0.69904018],2,0,"[0.7890750777399501, 0.6799557517006445]",1,-1
2999,[0.32316943 0.21719917],1,2,"[0.294379027732062, 0.1921773781634303]",0,0
3000,[0.24387481 0.23943951],1,2,"[0.294379027732062, 0.1921773781634303]",0,0
3001,[0.34033451 0.18404578],1,2,"[0.294379027732062, 0.1921773781634303]",0,0
3002,[0.84419234 0.69838965],2,0,"[0.7890750777399501, 0.6799557517006445]",1,-1
3003,[0.29857048 0.23884356],1,2,"[0.294379027732062, 0.1921773781634303]",0,0
3004,[0.78570038 0.69486319],2,0,"[0.7890750777399501, 0.6799557517006445]",1,-1
3005,[0.43923398 0.6272259 ],0,-1,-1,1,-1
3006,[0.3003887  0.17074319],1,2,"[0.294379027732062, 0.1921773781634303]",0,0
3007,[0.33473995 0.26416494],1,-1,-1,0,0
3008,[0.65727961 0.59974011],3,3,"[0.6601234827680622, 0.6109507568947781]",1,6
3009,[0.2629297  0.18582718],1,2,"[0.294379027732062, 0.1921773781634303]",0,0
3010,[0.31720467 0.20967843],1,2,"[0.294379027732062, 0.1921773781634303]",0,0
3011,[0.37634687 0.61611969],0,1,"[0.37965276877051146, 0.575157747726818]",1,-1
3012,[0.81486403 0.61175174],2,-1,-1,1,-1
3013,[0.39856679 0.61193869],0,1,"[0.37965276877051146, 0.575157747726818]",1,-1
3014,[0.43071848 0.64037011],0,-1,-1,1,-1
3015,[0.36420166 0.56606466],0,1,"[0.37965276877051146, 0.575157747726818]",1,-1
3016,[0.62653221 0.58198792],3,3,"[0.6601234827680622, 0.6109507568947781]",1,-1
3017,[0.33020417 0.24415924],1,2,"[0.294379027732062, 0.1921773781634303]",0,0
3018,[0.43751569 0.62502265],0,-1,-1,1,-1
3019,[0.27897275 0.18533485],1,2,"[0.294379027732062, 0.1921773781634303]",0,0
3020,[0.79955987 0.64330175],2,0,"[0.7890750777399501, 0.6799557517006445]",1,-1
3021,[0.70894003 0.6586839 ],2,3,"[0.6601234827680622, 0.6109507568947781]",1,-1
3022,[0.21230108 0.26946428],1,-1,-1,0,0
3023,[0.34468471 0.20655201],1,2,"[0.294379027732062, 0.1921773781634303]",0,0
3024,[0.27979834 0.22105423],1,2,"[0.294379027732062, 0.1921773781634303]",0,0
3025,[0.29090486 0.13025203],1,2,"[0.294379027732062, 0.1921773781634303]",0,0
3026,[0.3462319  0.20196295],1,2,"[0.294379027732062, 0.1921773781634303]",0,0
3027,[0.33568388 0.61639552],0,1,"[0.37965276877051146, 0.575157747726818]",1,-1
3028,[0.72134301 0.55478294],2,-1,-1,1,-1
3029,[0.66947037 0.61315295],2,3,"[0.6601234827680622, 0.6109507568947781]",1,-1
3030,[0.7382381  0.66148426],2,0,"[0.7890750777399501, 0.6799557517006445]",1,-1
3031,[0.39218172 0.569364  ],0,1,"[0.37965276877051146, 0.575157747726818]",1,-1
3032,[0.35335806 0.21040619],1,2,"[0.294379027732062, 0.1921773781634303]",0,0
3033,[0.78661187 0.64841925],2,0,"[0.7890750777399501, 0.6799557517006445]",1,-1
3034,[0.82701321 0.69673426],2,0,"[0.7890750777399501, 0.6799557517006445]",1,-1
3035,[0.44363394 0.54893384],0,1,"[0.37965276877051146, 0.575157747726818]",1,-1
3036,[0.41654208 0.56581879],0,1,"[0.37965276877051146, 0.575157747726818]",1,-1
3037,[0.76912673 0.63883362],3,0,"[0.7890750777399501, 0.6799557517006445]",1,-1
3038,[0.83918812 0.63353573],2,0,"[0.7890750777399501, 0.6799557517006445]",1,-1
3039,[0.2847002  0.16754697],1,2,"[0.294379027732062, 0.1921773781634303]",0,0
3040,[0.38069504 0.51134978],0,1,"[0.37965276877051146, 0.575157747726818]",1,-1
3041,[0.39250879 0.20269102],1,-1,-1,0,0
3042,[0.26552663 0.16004881],1,2,"[0.294379027732062, 0.1921773781634303]",0,0
3043,[0.27794765 0.2955616 ],1,-1,-1,0,0
3044,[0.71333607 0.6983704 ],2,-1,-1,1,-1
3045,[0.26470821 0.22270528],1,2,"[0.294379027732062, 0.1921773781634303]",0,0
3046,[0.34840415 0.20613336],1,2,"[0.294379027732062, 0.1921773781634303]",0,0
3047,[0.27714275 0.14886901],1,2,"[0.294379027732062, 0.1921773781634303]",0,0
3048,[0.91474968 0.64700278],2,-1,-1,1,-1
3049,[0.29087571 0.21760601],1,2,"[0.294379027732062, 0.1921773781634303]",0,0
3050,[0.74067089 0.59249145],3,-1,-1,1,-1
3051,[0.64561796 0.63133406],3,3,"[0.6601234827680622, 0.6109507568947781]",1,-1
3052,[0.36389272 0.28953861],1,-1,-1,0,0
3053,[0.27634251 0.25479671],1,2,"[0.294379027732062, 0.1921773781634303]",0,0
3054,[0.71422892 0.50286365],3,-1,-1,1,-1
3055,[0.30092925 0.59307327],0,-1,-1,1,-1
3056,[0.35378784 0.19818197],1,2,"[0.294379027732062, 0.1921773781634303]",0,0
3057,[0.7987195  0.69287131],2,0,"[0.7890750777399501, 0.6799557517006445]",1,-1
3058,[0.34539295 0.58539361],0,1,"[0.37965276877051146, 0.575157747726818]",1,-1
3059,[0.7174357  0.57375516],3,3,"[0.6601234827680622, 0.6109507568947781]",1,-1
3060,[0.73980084 0.62120076],2,-1,-1,1,-1
3061,[0.77889487 0.65574094],2,0,"[0.7890750777399501, 0.6799557517006445]",1,-1
3062,[0.69678476 0.59855802],3,3,"[0.6601234827680622, 0.6109507568947781]",1,-1
3063,[0.85806336 0.65267363],2,-1,-1,1,-1
3064,[0.37733024 0.26508653],1,-1,-1,0,0
3065,[0.34932705 0.58897796],0,1,"[0.37965276877051146, 0.575157747726818]",1,-1
3066,[0.32181573 0.2261405 ],1,2,"[0.294379027732062, 0.1921773781634303]",0,0
3067,[0.63137234 0.62507286],3,3,"[0.6601234827680622, 0.6109507568947781]",1,-1
3068,[0.77332606 0.54982915],2,-1,-1,1,-1
3069,[0.32191698 0.206371  ],1,2,"[0.294379027732062, 0.1921773781634303]",0,0
3070,[0.74409959 0.70157917],2,0,"[0.7890750777399501, 0.6799557517006445]",1,-1
3071,[0.32980838 0.22043095],1,2,"[0.294379027732062, 0.1921773781634303]",0,0
3072,[0.32360463 0.11239017],1,-1,-1,0,0
3073,[0.32630145 0.14635987],1,2,"[0.294379027732062, 0.1921773781634303]",0,0
3074,[0.31970022 0.15344699],1,2,"[0.294379027732062, 0.1921773781634303]",0,0
3075,[0.58308398 0.52253653],3,-1,-1,1,-1
3076,[0.69343958 0.66687029],3,3,"[0.6601234827680622, 0.6109507568947781]",1,-1
3077,[0.67412811 0.56550023],3,3,"[0.6601234827680622, 0.6109507568947781]",1,-1
3078,[0.7881098  0.71717379],2,0,"[0.7890750777399501, 0.6799557517006445]",1,-1
3079,[0.80874405 0.71676126],2,0,"[0.7890750777399501, 0.6799557517006445]",1,-1
3080,[0.74452873 0.66133427],2,0,"[0.7890750777399501, 0.6799557517006445]",1,-1
3081,[0.81023854 0.70345521],2,0,"[0.7890750777399501, 0.6799557517006445]",1,-1
3082,[0.80260832 0.70018478],2,0,"[0.7890750777399501, 0.6799557517006445]",1,-1
3083,[0.67170921 0.69094534],3,-1,-1,1,-1
3084,[0.44244657 0.63790556],0,-1,-1,1,-1
3085,[0.70511069 0.66787811],2,-1,-1,1,-1
3086,[0.37997876 0.23378836],1,-1,-1,0,0
3087,[0.85833934 0.62211301],2,-1,-1,1,-1
3088,[0.57994388 0.65634792],3,-1,-1,1,-1
3089,[0.60576198 0.6817596 ],3,-1,-1,1,-1
3090,[0.29153022 0.21850763],1,2,"[0.294379027732062, 0.1921773781634303]",0,0
3091,[0.2537352  0.20184291],1,2,"[0.294379027732062, 0.1921773781634303]",0,0
3092,[0.85604071 0.62848669],2,-1,-1,1,-1
3093,[0.26863355 0.19961408],1,2,"[0.294379027732062, 0.1921773781634303]",0,0
3094,[0.26395289 0.20577378],1,2,"[0.294379027732062, 0.1921773781634303]",0,0
3095,[0.24076787 0.24308247],1,-1,-1,0,0
3096,[0.34141748 0.15273524],1,2,"[0.294379027732062, 0.1921773781634303]",0,0
3097,[0.24097793 0.21838833],1,2,"[0.294379027732062, 0.1921773781634303]",0,0
3098,[0.25586022 0.25688225],1,-1,-1,0,0
3099,[0.40128177 0.53768279],0,1,"[0.37965276877051146, 0.575157747726818]",1,-1
3100,[0.67671796 0.67529651],2,3,"[0.6601234827680622, 0.6109507568947781]",1,-1
3101,[0.68183227 0.64861593],3,3,"[0.6601234827680622, 0.6109507568947781]",1,-1
3102,[0.55528842 0.57817865],0,-1,-1,1,-1
3103,[0.7598117  0.62222598],2,0,"[0.7890750777399501, 0.6799557517006445]",1,-1
3104,[0.42697683 0.6545758 ],0,-1,-1,1,-1
3105,[0.7679965  0.65275134],2,0,"[0.7890750777399501, 0.6799557517006445]",1,-1
3106,[0.32569986 0.61771244],0,1,"[0.37965276877051146, 0.575157747726818]",1,-1
3107,[0.78344955 0.69398548],2,0,"[0.7890750777399501, 0.6799557517006445]",1,-1
3108,[0.39408335 0.5079558 ],0,1,"[0.37965276877051146, 0.575157747726818]",1,-1
3109,[0.81926357 0.706575  ],2,0,"[0.7890750777399501, 0.6799557517006445]",1,-1
3110,[0.83465361 0.68405725],2,0,"[0.7890750777399501, 0.6799557517006445]",1,-1
3111,[0.32036029 0.2021404 ],1,2,"[0.294379027732062, 0.1921773781634303]",0,0
3112,[0.35936607 0.65508523],0,-1,-1,1,-1
3113,[0.36380111 0.54524655],0,1,"[0.37965276877051146, 0.575157747726818]",1,-1
3114,[0.30410709 0.142884  ],1,2,"[0.294379027732062, 0.1921773781634303]",0,0
3115,[0.77882105 0.59387214],2,-1,-1,1,-1
3116,[0.86409129 0.71935277],2,-1,-1,1,-1
3117,[0.67812519 0.61832426],3,3,"[0.6601234827680622, 0.6109507568947781]",1,-1
3118,[0.791549   0.66882911],2,0,"[0.7890750777399501, 0.6799557517006445]",1,4
3119,[0.6974022 0.5766027],3,3,"[0.6601234827680622, 0.6109507568947781]",1,-1
3120,[0.75789587 0.80083912],2,-1,-1,1,-1
3121,[0.28790672 0.06203858],1,-1,-1,0,0
3122,[0.71617279 0.65760269],3,-1,-1,1,-1
3123,[0.23577554 0.22484565],1,2,"[0.294379027732062, 0.1921773781634303]",0,0
3124,[0.7994616 0.6894485],2,0,"[0.7890750777399501, 0.6799557517006445]",1,-1
3125,[0.68251696 0.58020337],3,3,"[0.6601234827680622, 0.6109507568947781]",1,-1
3126,[0.81813514 0.67297805],2,0,"[0.7890750777399501, 0.6799557517006445]",1,-1
3127,[0.83606267 0.59750576],2,-1,-1,1,-1
3128,[0.69262957 0.63223179],3,3,"[0.6601234827680622, 0.6109507568947781]",1,-1
3129,[0.26101851 0.5806345 ],0,-1,-1,1,-1
3130,[0.19922132 0.08030237],1,-1,-1,0,0
3131,[0.39381833 0.60491752],0,1,"[0.37965276877051146, 0.575157747726818]",1,-1
3132,[0.32545781 0.18015745],1,2,"[0.294379027732062, 0.1921773781634303]",0,0
3133,[0.38102727 0.55949123],0,1,"[0.37965276877051146, 0.575157747726818]",1,-1
3134,[0.6678293  0.61820461],3,3,"[0.6601234827680622, 0.6109507568947781]",1,7
3135,[0.66291793 0.67329303],3,3,"[0.6601234827680622, 0.6109507568947781]",1,-1
3136,[0.27417041 0.5654047 ],0,-1,-1,1,-1
3137,[0.26911927 0.11917665],1,-1,-1,0,0
3138,[0.56431932 0.66003249],0,-1,-1,1,-1
3139,[0.72333481 0.66195268],2,0,"[0.7890750777399501, 0.6799557517006445]",1,-1
3140,[0.72544825 0.56668304],3,-1,-1,1,-1
3141,[0.37938649 0.2098628 ],1,-1,-1,0,0
3142,[0.66775613 0.6986022 ],3,-1,-1,1,-1
3143,[0.30348554 0.24370791],1,2,"[0.294379027732062, 0.1921773781634303]",0,0
3144,[0.79389829 0.70080162],2,0,"[0.7890750777399501, 0.6799557517006445]",1,-1
3145,[0.82867143 0.70900448],2,0,"[0.7890750777399501, 0.6799557517006445]",1,-1
3146,[0.4236402  0.51984316],0,-1,-1,1,-1
3147,[0.25817212 0.10370229],1,-1,-1,0,0
3148,[0.36783562 0.5677971 ],0,1,"[0.37965276877051146, 0.575157747726818]",1,-1
3149,[0.57959947 0.58520953],3,-1,-1,1,-1
3150,[0.22423718 0.23424132],1,-1,-1,0,0
3151,[0.69703209 0.6638767 ],3,3,"[0.6601234827680622, 0.6109507568947781]",1,-1
3152,[0.68751215 0.63647834],3,3,"[0.6601234827680622, 0.6109507568947781]",1,-1
3153,[0.20883715 0.09883333],1,-1,-1,0,0
3154,[0.68656939 0.61505724],3,3,"[0.6601234827680622, 0.6109507568947781]",1,5
3155,[0.36795809 0.64005058],0,1,"[0.37965276877051146, 0.575157747726818]",1,-1
3156,[0.82382575 0.61884437],2,-1,-1,1,-1
3157,[0.23824091 0.18023032],1,2,"[0.294379027732062, 0.1921773781634303]",0,0
3158,[0.69251685 0.57707853],3,3,"[0.6601234827680622, 0.6109507568947781]",1,-1
3159,[0.77777451 0.70677332],2,0,"[0.7890750777399501, 0.6799557517006445]",1,-1
3160,[0.28002786 0.23062302],1,2,"[0.294379027732062, 0.1921773781634303]",0,0
3161,[0.66933732 0.58118184],3,3,"[0.6601234827680622, 0.6109507568947781]",1,-1
3162,[0.5981115  0.61120466],3,3,"[0.6601234827680622, 0.6109507568947781]",1,-1
3163,[0.39507594 0.5450615 ],0,1,"[0.37965276877051146, 0.575157747726818]",1,-1
3164,[0.68621223 0.57507791],3,3,"[0.6601234827680622, 0.6109507568947781]",1,-1
3165,[0.73729198 0.66774043],2,0,"[0.7890750777399501, 0.6799557517006445]",1,-1
3166,[0.32334413 0.62696923],0,-1,-1,1,-1
3167,[0.25570382 0.19885748],1,2,"[0.294379027732062, 0.1921773781634303]",0,0
3168,[0.79673094 0.68140972],2,0,"[0.7890750777399501, 0.6799557517006445]",1,-1
3169,[0.41483991 0.65859603],0,-1,-1,1,-1
3170,[0.82713713 0.78408109],2,-1,-1,1,-1
3171,[0.30382156 0.18446517],1,2,"[0.294379027732062, 0.1921773781634303]",0,0
3172,[0.42214955 0.59266521],0,1,"[0.37965276877051146, 0.575157747726818]",1,-1
3173,[0.71088359 0.57448867],3,3,"[0.6601234827680622, 0.6109507568947781]",1,-1
3174,[0.33684118 0.68831416],0,-1,-1,1,-1
3175,[0.18785426 0.16344224],1,-1,-1,0,0
3176,[0.76987899 0.74327702],2,0,"[0.7890750777399501, 0.6799557517006445]",1,-1
3177,[0.38727069 0.51972782],0,1,"[0.37965276877051146, 0.575157747726818]",1,-1
3178,[0.26860655 0.29312758],1,-1,-1,0,0
3179,[0.66587903 0.50856954],3,-1,-1,1,-1
3180,[0.79238243 0.62366837],2,0,"[0.7890750777399501, 0.6799557517006445]",1,-1
3181,[0.59624843 0.61129675],3,3,"[0.6601234827680622, 0.6109507568947781]",1,-1
3182,[0.84125552 0.69774951],2,0,"[0.7890750777399501, 0.6799557517006445]",1,-1
3183,[0.79498499 0.75754719],2,-1,-1,1,-1
3184,[0.82721767 0.72057734],2,0,"[0.7890750777399501, 0.6799557517006445]",1,-1
3185,[0.26827579 0.16378107],1,2,"[0.294379027732062, 0.1921773781634303]",0,0
3186,[0.30027977 0.245754  ],1,2,"[0.294379027732062, 0.1921773781634303]",0,0
3187,[0.41049694 0.57435055],0,1,"[0.37965276877051146, 0.575157747726818]",1,2
3188,[0.87693895 0.59786224],2,-1,-1,1,-1
3189,[0.61988517 0.62735278],3,3,"[0.6601234827680622, 0.6109507568947781]",1,-1
3190,[0.66115443 0.59204214],3,3,"[0.6601234827680622, 0.6109507568947781]",1,-1
3191,[0.30779918 0.20131875],1,2,"[0.294379027732062, 0.1921773781634303]",0,0
3192,[0.78539376 0.67719416],2,0,"[0.7890750777399501, 0.6799557517006445]",1,4
3193,[0.20239456 0.2014003 ],1,-1,-1,0,0
3194,[0.83590959 0.74717044],2,-1,-1,1,-1
3195,[0.26266236 0.14335185],1,2,"[0.294379027732062, 0.1921773781634303]",0,0
3196,[0.57897735 0.58479833],3,-1,-1,1,-1
3197,[0.4330067  0.55263265],0,1,"[0.37965276877051146, 0.575157747726818]",1,-1
3198,[0.64271821 0.58769337],3,3,"[0.6601234827680622, 0.6109507568947781]",1,-1
3199,[0.65877477 0.64676012],3,3,"[0.6601234827680622, 0.6109507568947781]",1,-1
3200,[0.7645644  0.62473919],3,0,"[0.7890750777399501, 0.6799557517006445]",1,-1
3201,[0.62481841 0.60418643],3,3,"[0.6601234827680622, 0.6109507568947781]",1,-1
3202,[0.71307763 0.60483669],3,3,"[0.6601234827680622, 0.6109507568947781]",1,-1
3203,[0.38909864 0.20424473],1,-1,-1,0,0
3204,[0.80320582 0.63746718],2,0,"[0.7890750777399501, 0.6799557517006445]",1,-1
3205,[0.41844359 0.54216367],0,1,"[0.37965276877051146, 0.575157747726818]",1,-1
3206,[0.7009415  0.65910862],3,3,"[0.6601234827680622, 0.6109507568947781]",1,-1
3207,[0.73853083 0.53021144],3,-1,-1,1,-1
3208,[0.71763377 0.60252409],2,3,"[0.6601234827680622, 0.6109507568947781]",1,-1
3209,[0.38122503 0.67320953],0,-1,-1,1,-1
3210,[0.76725895 0.66742659],2,0,"[0.7890750777399501, 0.6799557517006445]",1,-1
3211,[0.20236469 0.52304436],0,-1,-1,1,-1
3212,[0.85123543 0.73941337],2,-1,-1,1,-1
3213,[0.63125273 0.58204961],3,3,"[0.6601234827680622, 0.6109507568947781]",1,-1
3214,[0.69680116 0.64732681],2,3,"[0.6601234827680622, 0.6109507568947781]",1,-1
3215,[0.33923298 0.60767392],0,1,"[0.37965276877051146, 0.575157747726818]",1,-1
3216,[0.70580533 0.66260632],2,3,"[0.6601234827680622, 0.6109507568947781]",1,-1
3217,[0.72159419 0.58674731],3,3,"[0.6601234827680622, 0.6109507568947781]",1,-1
3218,[0.36423749 0.47122677],0,-1,-1,1,-1
3219,[0.29038325 0.12861513],1,2,"[0.294379027732062, 0.1921773781634303]",0,0
3220,[0.62111374 0.64770685],3,3,"[0.6601234827680622, 0.6109507568947781]",1,-1
3221,[0.62916322 0.60400151],3,3,"[0.6601234827680622, 0.6109507568947781]",1,-1
3222,[0.27251484 0.17023126],1,2,"[0.294379027732062, 0.1921773781634303]",0,0
3223,[0.66860715 0.67554899],3,3,"[0.6601234827680622, 0.6109507568947781]",1,-1
3224,[0.71521971 0.66682302],2,-1,-1,1,-1
3225,[0.68909047 0.67730467],3,-1,-1,1,-1
3226,[0.33768244 0.51954645],0,1,"[0.37965276877051146, 0.575157747726818]",1,-1
3227,[0.27931653 0.26017115],1,2,"[0.294379027732062, 0.1921773781634303]",0,0
3228,[0.27408902 0.12617978],1,2,"[0.294379027732062, 0.1921773781634303]",0,0
3229,[0.76581856 0.7689213 ],2,-1,-1,1,-1
3230,[0.34104866 0.25507039],1,-1,-1,0,0
3231,[0.87535445 0.6708982 ],2,-1,-1,1,-1
3232,[0.26835744 0.21147897],1,2,"[0.294379027732062, 0.1921773781634303]",0,0
3233,[0.66317894 0.62777686],3,3,"[0.6601234827680622, 0.6109507568947781]",1,-1
3234,[0.7710791  0.77449028],2,-1,-1,1,-1
3235,[0.272309   0.19016096],1,2,"[0.294379027732062, 0.1921773781634303]",0,0
3236,[0.72917028 0.64287794],3,-1,-1,1,-1
3237,[0.83281527 0.72176696],2,0,"[0.7890750777399501, 0.6799557517006445]",1,-1
3238,[0.70718419 0.67714141],3,-1,-1,1,-1
3239,[0.33339382 0.65435952],0,-1,-1,1,-1
3240,[0.33530125 0.22428573],1,2,"[0.294379027732062, 0.1921773781634303]",0,0
3241,[0.84735606 0.73522478],2,-1,-1,1,-1
3242,[0.826741   0.63132028],2,0,"[0.7890750777399501, 0.6799557517006445]",1,-1
3243,[0.44124827 0.60988481],0,-1,-1,1,-1
3244,[0.37523437 0.18550396],1,-1,-1,0,0
3245,[0.67908123 0.6404751 ],3,3,"[0.6601234827680622, 0.6109507568947781]",1,-1
3246,[0.80789062 0.66633199],2,0,"[0.7890750777399501, 0.6799557517006445]",1,-1
3247,[0.29601726 0.17042451],1,2,"[0.294379027732062, 0.1921773781634303]",0,0
3248,[0.78498636 0.70887704],2,0,"[0.7890750777399501, 0.6799557517006445]",1,-1
3249,[0.40011882 0.49864058],0,-1,-1,1,-1
3250,[0.64417963 0.64009476],3,3,"[0.6601234827680622, 0.6109507568947781]",1,-1
3251,[0.61898473 0.62735321],3,3,"[0.6601234827680622, 0.6109507568947781]",1,-1
3252,[0.33869572 0.19110041],1,2,"[0.294379027732062, 0.1921773781634303]",0,0
3253,[0.38165399 0.55094278],0,1,"[0.37965276877051146, 0.575157747726818]",1,-1
3254,[0.72930823 0.61359556],2,3,"[0.6601234827680622, 0.6109507568947781]",1,-1
3255,[0.68206053 0.55702274],3,3,"[0.6601234827680622, 0.6109507568947781]",1,-1
3256,[0.85947134 0.61846833],2,-1,-1,1,-1
3257,[0.3233878  0.57515049],0,1,"[0.37965276877051146, 0.575157747726818]",1,-1
3258,[0.24260816 0.25403436],1,-1,-1,0,0
3259,[0.28348283 0.14859062],1,2,"[0.294379027732062, 0.1921773781634303]",0,0
3260,[0.37354849 0.60192121],0,1,"[0.37965276877051146, 0.575157747726818]",1,-1
3261,[0.7851961  0.67539816],2,0,"[0.7890750777399501, 0.6799557517006445]",1,4
3262,[0.56864384 0.61009651],3,-1,-1,1,-1
3263,[0.74686156 0.615733  ],3,-1,-1,1,-1
3264,[0.29814045 0.23499642],1,2,"[0.294379027732062, 0.1921773781634303]",0,0
3265,[0.35617112 0.23008231],1,-1,-1,0,0
3266,[0.218947  0.2451553],1,-1,-1,0,0
3267,[0.35718173 0.60791154],0,1,"[0.37965276877051146, 0.575157747726818]",1,-1
3268,[0.58746727 0.65314566],3,-1,-1,1,-1
3269,[0.71026418 0.54781101],3,-1,-1,1,-1
3270,[0.87877532 0.63954376],2,-1,-1,1,-1
3271,[0.38754394 0.55000557],0,1,"[0.37965276877051146, 0.575157747726818]",1,-1
3272,[0.76503951 0.72195713],2,0,"[0.7890750777399501, 0.6799557517006445]",1,-1
3273,[0.3231488  0.20277408],1,2,"[0.294379027732062, 0.1921773781634303]",0,0
3274,[0.35943205 0.58099395],0,1,"[0.37965276877051146, 0.575157747726818]",1,-1
3275,[0.67658377 0.6440387 ],3,3,"[0.6601234827680622, 0.6109507568947781]",1,-1
3276,[0.70508055 0.62198928],3,3,"[0.6601234827680622, 0.6109507568947781]",1,-1
3277,[0.83279813 0.68791522],2,0,"[0.7890750777399501, 0.6799557517006445]",1,-1
3278,[0.24434935 0.2075312 ],1,2,"[0.294379027732062, 0.1921773781634303]",0,0
3279,[0.80895009 0.72248493],2,0,"[0.7890750777399501, 0.6799557517006445]",1,-1
3280,[0.36307313 0.14407473],1,-1,-1,0,0
3281,[0.60676609 0.65296478],3,3,"[0.6601234827680622, 0.6109507568947781]",1,-1
3282,[0.82336112 0.62291599],2,0,"[0.7890750777399501, 0.6799557517006445]",1,-1
3283,[0.62193135 0.68441873],3,-1,-1,1,-1
3284,[0.84311445 0.70270407],2,0,"[0.7890750777399501, 0.6799557517006445]",1,-1
3285,[0.39712268 0.6318161 ],0,1,"[0.37965276877051146, 0.575157747726818]",1,-1
3286,[0.35126964 0.20801802],1,2,"[0.294379027732062, 0.1921773781634303]",0,0
3287,[0.66038646 0.69667132],3,-1,-1,1,-1
3288,[0.55756924 0.58233571],3,-1,-1,1,-1
3289,[0.57854901 0.52592203],3,-1,-1,1,-1
3290,[0.29670759 0.18141785],1,2,"[0.294379027732062, 0.1921773781634303]",0,0
3291,[0.61669973 0.54405907],3,-1,-1,1,-1
3292,[0.70919671 0.60757805],3,3,"[0.6601234827680622, 0.6109507568947781]",1,-1
3293,[0.28860545 0.16861761],1,2,"[0.294379027732062, 0.1921773781634303]",0,0
3294,[0.80335651 0.72796944],2,0,"[0.7890750777399501, 0.6799557517006445]",1,-1
3295,[0.39018789 0.53026214],0,1,"[0.37965276877051146, 0.575157747726818]",1,-1
3296,[0.83295796 0.73753566],2,-1,-1,1,-1
3297,[0.63108498 0.59439114],3,3,"[0.6601234827680622, 0.6109507568947781]",1,-1
3298,[0.70892938 0.69114672],3,-1,-1,1,-1
3299,[0.36057355 0.57121751],0,1,"[0.37965276877051146, 0.575157747726818]",1,-1
3300,[0.32345881 0.59458478],0,1,"[0.37965276877051146, 0.575157747726818]",1,-1
3301,[0.3868082  0.55289167],0,1,"[0.37965276877051146, 0.575157747726818]",1,-1
3302,[0.34407626 0.12076895],1,-1,-1,0,0
3303,[0.35566928 0.59964354],0,1,"[0.37965276877051146, 0.575157747726818]",1,-1
3304,[0.58764499 0.65216884],3,-1,-1,1,-1
3305,[0.62790644 0.56371315],3,3,"[0.6601234827680622, 0.6109507568947781]",1,-1
3306,[0.38303483 0.56228447],0,1,"[0.37965276877051146, 0.575157747726818]",1,-1
3307,[0.28392002 0.22185748],1,2,"[0.294379027732062, 0.1921773781634303]",0,0
3308,[0.32904513 0.4787347 ],0,-1,-1,1,-1
3309,[0.22596321 0.22472626],1,-1,-1,0,0
3310,[0.60475613 0.603189  ],3,3,"[0.6601234827680622, 0.6109507568947781]",1,-1
3311,[0.65968362 0.61957182],3,3,"[0.6601234827680622, 0.6109507568947781]",1,7
3312,[0.27300223 0.25890296],1,-1,-1,0,0
3313,[0.35099873 0.6074821 ],0,1,"[0.37965276877051146, 0.575157747726818]",1,-1
3314,[0.81274702 0.62665056],2,0,"[0.7890750777399501, 0.6799557517006445]",1,-1
3315,[0.2627723  0.26770796],1,-1,-1,0,0
3316,[0.58351585 0.65226452],3,-1,-1,1,-1
3317,[0.61464498 0.58478499],3,3,"[0.6601234827680622, 0.6109507568947781]",1,-1
3318,[0.87441674 0.61563722],2,-1,-1,1,-1
3319,[0.33138389 0.54329159],0,1,"[0.37965276877051146, 0.575157747726818]",1,-1
3320,[0.32406188 0.63095072],0,-1,-1,1,-1
3321,[0.65829485 0.71234124],2,-1,-1,1,-1
3322,[0.63847645 0.47228213],3,-1,-1,1,-1
3323,[0.73040081 0.68578241],3,0,"[0.7890750777399501, 0.6799557517006445]",1,-1
3324,[0.71571523 0.6638444 ],2,-1,-1,1,-1
3325,[0.69758896 0.59686372],3,3,"[0.6601234827680622, 0.6109507568947781]",1,-1
3326,[0.28656618 0.19502333],1,2,"[0.294379027732062, 0.1921773781634303]",0,0
3327,[0.66044138 0.5761974 ],3,3,"[0.6601234827680622, 0.6109507568947781]",1,-1
3328,[0.33569555 0.26071287],1,-1,-1,0,0
3329,[0.59218598 0.67086694],3,-1,-1,1,-1
3330,[0.69624537 0.69566948],2,-1,-1,1,-1
3331,[0.77283479 0.74194467],2,0,"[0.7890750777399501, 0.6799557517006445]",1,-1
3332,[0.67190733 0.57312981],3,3,"[0.6601234827680622, 0.6109507568947781]",1,-1
3333,[0.59721186 0.66487706],3,-1,-1,1,-1
3334,[0.34654094 0.22622075],1,2,"[0.294379027732062, 0.1921773781634303]",0,0
3335,[0.59934953 0.62432485],3,3,"[0.6601234827680622, 0.6109507568947781]",1,-1
3336,[0.22863479 0.20782327],1,2,"[0.294379027732062, 0.1921773781634303]",0,0
3337,[0.7655596  0.60766947],2,-1,-1,1,-1
3338,[0.31298807 0.25629467],1,2,"[0.294379027732062, 0.1921773781634303]",0,0
3339,[0.30999784 0.23818528],1,2,"[0.294379027732062, 0.1921773781634303]",0,0
3340,[0.39191391 0.19822271],1,-1,-1,0,0
3341,[0.37064038 0.636091  ],0,1,"[0.37965276877051146, 0.575157747726818]",1,-1
3342,[0.32315238 0.54716181],0,1,"[0.37965276877051146, 0.575157747726818]",1,-1
3343,[0.78436379 0.73530923],2,0,"[0.7890750777399501, 0.6799557517006445]",1,-1
3344,[0.76911101 0.54300562],2,-1,-1,1,-1
3345,[0.56526816 0.65203533],3,-1,-1,1,-1
3346,[0.5703271  0.53871239],3,-1,-1,1,-1
3347,[0.64499034 0.60814366],3,3,"[0.6601234827680622, 0.6109507568947781]",1,6
3348,[0.71446875 0.7201514 ],2,-1,-1,1,-1
3349,[0.36752622 0.58867028],0,1,"[0.37965276877051146, 0.575157747726818]",1,-1
3350,[0.82658252 0.631461  ],2,0,"[0.7890750777399501, 0.6799557517006445]",1,-1
3351,[0.46613939 0.62875104],0,-1,-1,1,-1
3352,[0.8073497  0.69501729],2,0,"[0.7890750777399501, 0.6799557517006445]",1,-1
3353,[0.84813554 0.59965948],2,-1,-1,1,-1
3354,[0.70110216 0.6341541 ],3,3,"[0.6601234827680622, 0.6109507568947781]",1,-1
3355,[0.82225979 0.67150316],2,0,"[0.7890750777399501, 0.6799557517006445]",1,-1
3356,[0.55689364 0.60911129],3,-1,-1,1,-1
3357,[0.29452452 0.19031982],1,2,"[0.294379027732062, 0.1921773781634303]",0,0
3358,[0.41999552 0.58625431],0,1,"[0.37965276877051146, 0.575157747726818]",1,-1
3359,[0.69794065 0.55480609],2,3,"[0.6601234827680622, 0.6109507568947781]",1,-1
3360,[0.73879678 0.58032198],2,-1,-1,1,-1
3361,[0.40888089 0.54829862],0,1,"[0.37965276877051146, 0.575157747726818]",1,-1
3362,[0.42048916 0.6107476 ],0,1,"[0.37965276877051146, 0.575157747726818]",1,-1
3363,[0.35686346 0.2032745 ],1,2,"[0.294379027732062, 0.1921773781634303]",0,0
3364,[0.43125158 0.60405407],0,1,"[0.37965276877051146, 0.575157747726818]",1,-1
3365,[0.68254652 0.68547705],3,-1,-1,1,-1
3366,[0.26765893 0.21999355],1,2,"[0.294379027732062, 0.1921773781634303]",0,0
3367,[0.2661566  0.17754136],1,2,"[0.294379027732062, 0.1921773781634303]",0,0
3368,[0.60347056 0.66818654],3,-1,-1,1,-1
3369,[0.65657186 0.55700761],3,3,"[0.6601234827680622, 0.6109507568947781]",1,-1
3370,[0.64767299 0.59185799],3,3,"[0.6601234827680622, 0.6109507568947781]",1,-1
3371,[0.62083924 0.60217704],3,3,"[0.6601234827680622, 0.6109507568947781]",1,-1
3372,[0.32562776 0.23665119],1,2,"[0.294379027732062, 0.1921773781634303]",0,0
3373,[0.438535   0.59766878],0,1,"[0.37965276877051146, 0.575157747726818]",1,-1
3374,[0.83489859 0.67312711],2,0,"[0.7890750777399501, 0.6799557517006445]",1,-1
3375,[0.32425055 0.54185964],0,1,"[0.37965276877051146, 0.575157747726818]",1,-1
3376,[0.2773811  0.60034728],0,-1,-1,1,-1
3377,[0.65047589 0.55485647],3,3,"[0.6601234827680622, 0.6109507568947781]",1,-1
3378,[0.76092328 0.60440443],2,-1,-1,1,-1
3379,[0.40409442 0.41335018],0,-1,-1,1,-1
3380,[0.77386928 0.66555169],2,0,"[0.7890750777399501, 0.6799557517006445]",1,3
3381,[0.76683216 0.70729029],2,0,"[0.7890750777399501, 0.6799557517006445]",1,-1
3382,[0.68598724 0.63412958],3,3,"[0.6601234827680622, 0.6109507568947781]",1,-1
3383,[0.2642599  0.21902837],1,2,"[0.294379027732062, 0.1921773781634303]",0,0
3384,[0.70287398 0.62641315],3,3,"[0.6601234827680622, 0.6109507568947781]",1,7
3385,[0.62003782 0.61788611],3,3,"[0.6601234827680622, 0.6109507568947781]",1,-1
3386,[0.45955981 0.50777702],0,-1,-1,1,-1
3387,[0.82734339 0.70590837],2,0,"[0.7890750777399501, 0.6799557517006445]",1,-1
3388,[0.26102048 0.08845409],1,-1,-1,0,0
3389,[0.36235639 0.54464361],0,1,"[0.37965276877051146, 0.575157747726818]",1,-1
3390,[0.35669055 0.58840783],0,1,"[0.37965276877051146, 0.575157747726818]",1,-1
3391,[0.3217423  0.19610722],1,2,"[0.294379027732062, 0.1921773781634303]",0,0
3392,[0.29670796 0.13836083],1,2,"[0.294379027732062, 0.1921773781634303]",0,0
3393,[0.40772987 0.57402269],0,1,"[0.37965276877051146, 0.575157747726818]",1,2
3394,[0.54068412 0.574641  ],3,-1,-1,1,-1
3395,[0.63276805 0.65932503],3,3,"[0.6601234827680622, 0.6109507568947781]",1,-1
3396,[0.66293312 0.69285257],3,-1,-1,1,-1
3397,[0.34210586 0.49622424],0,-1,-1,1,-1
3398,[0.32554838 0.52428202],0,-1,-1,1,-1
3399,[0.72611185 0.57211184],3,-1,-1,1,-1
3400,[0.69627354 0.63111006],3,3,"[0.6601234827680622, 0.6109507568947781]",1,-1
3401,[0.2258172  0.13199087],1,-1,-1,0,0
3402,[0.78447724 0.63861527],2,0,"[0.7890750777399501, 0.6799557517006445]",1,-1
3403,[0.69827787 0.65556698],3,3,"[0.6601234827680622, 0.6109507568947781]",1,-1
3404,[0.30157417 0.12408845],1,2,"[0.294379027732062, 0.1921773781634303]",0,0
3405,[0.84113769 0.68741336],2,0,"[0.7890750777399501, 0.6799557517006445]",1,-1
3406,[0.57065221 0.63316745],3,-1,-1,1,-1
3407,[0.48222301 0.49981094],0,-1,-1,1,-1
3408,[0.60306528 0.56576842],3,-1,-1,1,-1
3409,[0.65737912 0.64817343],3,3,"[0.6601234827680622, 0.6109507568947781]",1,-1
3410,[0.72506577 0.68220123],3,0,"[0.7890750777399501, 0.6799557517006445]",1,-1
3411,[0.6773227 0.549516 ],3,3,"[0.6601234827680622, 0.6109507568947781]",1,-1
3412,[0.68648091 0.65500133],3,3,"[0.6601234827680622, 0.6109507568947781]",1,-1
3413,[0.57880178 0.54779626],3,-1,-1,1,-1
3414,[0.72956354 0.69160759],2,0,"[0.7890750777399501, 0.6799557517006445]",1,-1
3415,[0.77526106 0.68487463],2,0,"[0.7890750777399501, 0.6799557517006445]",1,-1
3416,[0.63742317 0.68162209],3,-1,-1,1,-1
3417,[0.37175362 0.61609661],0,1,"[0.37965276877051146, 0.575157747726818]",1,-1
3418,[0.31073702 0.17833626],1,2,"[0.294379027732062, 0.1921773781634303]",0,0
3419,[0.30190044 0.15393133],1,2,"[0.294379027732062, 0.1921773781634303]",0,0
3420,[0.39849016 0.58201202],0,1,"[0.37965276877051146, 0.575157747726818]",1,-1
3421,[0.37594746 0.62620066],0,1,"[0.37965276877051146, 0.575157747726818]",1,-1
3422,[0.78594938 0.74443862],2,0,"[0.7890750777399501, 0.6799557517006445]",1,-1
3423,[0.30126642 0.15791334],1,2,"[0.294379027732062, 0.1921773781634303]",0,0
3424,[0.37528578 0.57633882],0,1,"[0.37965276877051146, 0.575157747726818]",1,1
3425,[0.69090271 0.61233513],3,3,"[0.6601234827680622, 0.6109507568947781]",1,-1
3426,[0.42058823 0.25353608],1,-1,-1,0,0
3427,[0.42743527 0.61142173],0,1,"[0.37965276877051146, 0.575157747726818]",1,-1
3428,[0.31317761 0.18342502],1,2,"[0.294379027732062, 0.1921773781634303]",0,0
3429,[0.79828024 0.69480463],2,0,"[0.7890750777399501, 0.6799557517006445]",1,-1
3430,[0.27407144 0.20532568],1,2,"[0.294379027732062, 0.1921773781634303]",0,0
3431,[0.41313854 0.56984631],0,1,"[0.37965276877051146, 0.575157747726818]",1,2
3432,[0.58522155 0.62853315],3,-1,-1,1,-1
3433,[0.40278578 0.60111036],0,1,"[0.37965276877051146, 0.575157747726818]",1,-1
3434,[0.76142176 0.6417821 ],2,0,"[0.7890750777399501, 0.6799557517006445]",1,-1
3435,[0.67379442 0.55986779],3,3,"[0.6601234827680622, 0.6109507568947781]",1,-1
3436,[0.27130031 0.21272099],1,2,"[0.294379027732062, 0.1921773781634303]",0,0
3437,[0.65978986 0.59034788],3,3,"[0.6601234827680622, 0.6109507568947781]",1,-1
3438,[0.24852206 0.23878634],1,2,"[0.294379027732062, 0.1921773781634303]",0,0
3439,[0.84332752 0.69021019],2,0,"[0.7890750777399501, 0.6799557517006445]",1,-1
3440,[0.5962352  0.61783444],3,3,"[0.6601234827680622, 0.6109507568947781]",1,-1
3441,[0.35622066 0.23284314],1,-1,-1,0,0
3442,[0.79780736 0.71680123],2,0,"[0.7890750777399501, 0.6799557517006445]",1,-1
3443,[0.3144167  0.21121892],1,2,"[0.294379027732062, 0.1921773781634303]",0,0
3444,[0.60329345 0.59019778],3,3,"[0.6601234827680622, 0.6109507568947781]",1,-1
3445,[0.79219761 0.68191068],2,0,"[0.7890750777399501, 0.6799557517006445]",1,-1
3446,[0.31430504 0.18766925],1,2,"[0.294379027732062, 0.1921773781634303]",0,0
3447,[0.30750705 0.11283557],1,-1,-1,0,0
3448,[0.70062597 0.68096735],2,-1,-1,1,-1
3449,[0.7669214  0.68168326],2,0,"[0.7890750777399501, 0.6799557517006445]",1,-1
3450,[0.41173859 0.15171766],1,-1,-1,0,0
3451,[0.39298417 0.60139306],0,1,"[0.37965276877051146, 0.575157747726818]",1,-1
3452,[0.75112116 0.57751538],2,-1,-1,1,-1
3453,[0.36264384 0.49860914],0,-1,-1,1,-1
3454,[0.70745425 0.61872491],3,3,"[0.6601234827680622, 0.6109507568947781]",1,-1
3455,[0.39572436 0.13775572],1,-1,-1,0,0
3456,[0.3171122  0.20700719],1,2,"[0.294379027732062, 0.1921773781634303]",0,0
3457,[0.31260238 0.27470031],1,-1,-1,0,0
3458,[0.60863558 0.62468099],3,3,"[0.6601234827680622, 0.6109507568947781]",1,-1
3459,[0.24721209 0.14345358],1,2,"[0.294379027732062, 0.1921773781634303]",0,0
3460,[0.24471096 0.1627617 ],1,2,"[0.294379027732062, 0.1921773781634303]",0,0
3461,[0.47649648 0.47559446],0,-1,-1,1,-1
3462,[0.2525149  0.21844901],1,2,"[0.294379027732062, 0.1921773781634303]",0,0
3463,[0.34594402 0.57062017],0,1,"[0.37965276877051146, 0.575157747726818]",1,-1
3464,[0.70857727 0.57550829],3,3,"[0.6601234827680622, 0.6109507568947781]",1,-1
3465,[0.60478624 0.64830708],3,3,"[0.6601234827680622, 0.6109507568947781]",1,-1
3466,[0.82454314 0.70880425],2,0,"[0.7890750777399501, 0.6799557517006445]",1,-1
3467,[0.76164073 0.56367165],3,-1,-1,1,-1
3468,[0.7616225  0.69942178],2,0,"[0.7890750777399501, 0.6799557517006445]",1,-1
3469,[0.73097348 0.6684401 ],2,0,"[0.7890750777399501, 0.6799557517006445]",1,-1
3470,[0.36900898 0.5089761 ],0,1,"[0.37965276877051146, 0.575157747726818]",1,-1
3471,[0.27802312 0.14343075],1,2,"[0.294379027732062, 0.1921773781634303]",0,0
3472,[0.32123578 0.16399872],1,2,"[0.294379027732062, 0.1921773781634303]",0,0
3473,[0.35016107 0.30484625],1,-1,-1,0,0
3474,[0.29076053 0.09334086],1,-1,-1,0,0
3475,[0.31783241 0.66129275],0,-1,-1,1,-1
3476,[0.64940716 0.60943833],3,3,"[0.6601234827680622, 0.6109507568947781]",1,6
3477,[0.36851189 0.63951136],0,1,"[0.37965276877051146, 0.575157747726818]",1,-1
3478,[0.4830446  0.60803557],0,-1,-1,1,-1
3479,[0.42038409 0.63283385],0,-1,-1,1,-1
3480,[0.60885344 0.63651348],3,3,"[0.6601234827680622, 0.6109507568947781]",1,-1
3481,[0.79509339 0.73873145],2,0,"[0.7890750777399501, 0.6799557517006445]",1,-1
3482,[0.72576668 0.7036425 ],2,0,"[0.7890750777399501, 0.6799557517006445]",1,-1
3483,[0.80991706 0.67952356],2,0,"[0.7890750777399501, 0.6799557517006445]",1,4
3484,[0.33682899 0.56462203],0,1,"[0.37965276877051146, 0.575157747726818]",1,-1
3485,[0.36903385 0.57736978],0,1,"[0.37965276877051146, 0.575157747726818]",1,1
3486,[0.64981733 0.58486007],3,3,"[0.6601234827680622, 0.6109507568947781]",1,-1
3487,[0.7300432  0.74969473],2,-1,-1,1,-1
3488,[0.62673111 0.52392576],3,-1,-1,1,-1
3489,[0.59226605 0.56806419],3,-1,-1,1,-1
3490,[0.77789168 0.62054227],2,0,"[0.7890750777399501, 0.6799557517006445]",1,-1
3491,[0.63707295 0.61725115],3,3,"[0.6601234827680622, 0.6109507568947781]",1,-1
3492,[0.59149547 0.66372851],3,-1,-1,1,-1
3493,[0.63597556 0.60644189],3,3,"[0.6601234827680622, 0.6109507568947781]",1,-1
3494,[0.351273   0.64034552],0,-1,-1,1,-1
3495,[0.84811063 0.67746049],2,0,"[0.7890750777399501, 0.6799557517006445]",1,-1
3496,[0.4878609  0.45667991],0,-1,-1,1,-1
3497,[0.33513607 0.21797326],1,2,"[0.294379027732062, 0.1921773781634303]",0,0
3498,[0.84246047 0.71554434],2,0,"[0.7890750777399501, 0.6799557517006445]",1,-1
3499,[0.26380956 0.51783063],0,-1,-1,1,-1
3500,[0.36629224 0.49807539],0,-1,-1,1,-1
3501,[0.35086633 0.21029809],1,2,"[0.294379027732062, 0.1921773781634303]",0,0
3502,[0.37278835 0.51704146],0,1,"[0.37965276877051146, 0.575157747726818]",1,-1
3503,[0.67676387 0.62082253],3,3,"[0.6601234827680622, 0.6109507568947781]",1,7
3504,[0.22827623 0.17011371],1,2,"[0.294379027732062, 0.1921773781634303]",0,0
3505,[0.68098793 0.64539597],3,3,"[0.6601234827680622, 0.6109507568947781]",1,-1
3506,[0.76429734 0.67515724],3,0,"[0.7890750777399501, 0.6799557517006445]",1,-1
3507,[0.3937017  0.57008519],0,1,"[0.37965276877051146, 0.575157747726818]",1,2
3508,[0.79103707 0.58979362],2,-1,-1,1,-1
3509,[0.29302546 0.25894648],1,2,"[0.294379027732062, 0.1921773781634303]",0,0
3510,[0.81383495 0.59112767],2,-1,-1,1,-1
3511,[0.37952896 0.62379682],0,1,"[0.37965276877051146, 0.575157747726818]",1,-1
3512,[0.68111896 0.73328619],3,-1,-1,1,-1
3513,[0.75496534 0.59581421],2,-1,-1,1,-1
3514,[0.20590752 0.22466107],1,-1,-1,0,0
3515,[0.36177193 0.21350926],1,-1,-1,0,0
3516,[0.76639515 0.75329586],2,-1,-1,1,-1
3517,[0.38076084 0.55934118],0,1,"[0.37965276877051146, 0.575157747726818]",1,-1
3518,[0.36560965 0.24782064],1,-1,-1,0,0
3519,[0.41301259 0.5882493 ],0,1,"[0.37965276877051146, 0.575157747726818]",1,-1
3520,[0.67416805 0.60626568],3,3,"[0.6601234827680622, 0.6109507568947781]",1,-1
3521,[0.27800359 0.18684244],1,2,"[0.294379027732062, 0.1921773781634303]",0,0
3522,[0.75644291 0.72988474],2,0,"[0.7890750777399501, 0.6799557517006445]",1,-1
3523,[0.86706859 0.66989119],2,-1,-1,1,-1
3524,[0.73061052 0.79498433],2,-1,-1,1,-1
3525,[0.40578767 0.57413389],0,1,"[0.37965276877051146, 0.575157747726818]",1,2
3526,[0.58318501 0.61571636],3,-1,-1,1,-1
3527,[0.76996133 0.6568245 ],2,0,"[0.7890750777399501, 0.6799557517006445]",1,-1
3528,[0.33510265 0.53438024],0,1,"[0.37965276877051146, 0.575157747726818]",1,-1
3529,[0.80957725 0.76474925],2,-1,-1,1,-1
3530,[0.63312747 0.53522235],3,-1,-1,1,-1
3531,[0.80208425 0.60129327],2,-1,-1,1,-1
3532,[0.24129241 0.18608254],1,2,"[0.294379027732062, 0.1921773781634303]",0,0
3533,[0.80451245 0.66094183],2,0,"[0.7890750777399501, 0.6799557517006445]",1,-1
3534,[0.68593571 0.60315589],3,3,"[0.6601234827680622, 0.6109507568947781]",1,5
3535,[0.80698293 0.73706859],2,0,"[0.7890750777399501, 0.6799557517006445]",1,-1
3536,[0.79170371 0.67612421],2,0,"[0.7890750777399501, 0.6799557517006445]",1,4
3537,[0.81842279 0.67313611],2,0,"[0.7890750777399501, 0.6799557517006445]",1,-1
3538,[0.65850497 0.61673508],3,3,"[0.6601234827680622, 0.6109507568947781]",1,-1
3539,[0.28036486 0.15412249],1,2,"[0.294379027732062, 0.1921773781634303]",0,0
3540,[0.43125197 0.59133276],0,1,"[0.37965276877051146, 0.575157747726818]",1,-1
3541,[0.3503256  0.27441652],1,-1,-1,0,0
3542,[0.4243755  0.61899555],0,1,"[0.37965276877051146, 0.575157747726818]",1,-1
3543,[0.38210119 0.56190385],0,1,"[0.37965276877051146, 0.575157747726818]",1,-1
3544,[0.32795796 0.65657146],0,-1,-1,1,-1
3545,[0.74051855 0.74546498],2,-1,-1,1,-1
3546,[0.39854425 0.59817709],0,1,"[0.37965276877051146, 0.575157747726818]",1,-1
3547,[0.77195607 0.62885965],2,0,"[0.7890750777399501, 0.6799557517006445]",1,-1
3548,[0.39804971 0.64048642],0,1,"[0.37965276877051146, 0.575157747726818]",1,-1
3549,[0.42812855 0.64144511],0,-1,-1,1,-1
3550,[0.61183946 0.59188664],3,3,"[0.6601234827680622, 0.6109507568947781]",1,-1
3551,[0.40970999 0.59992043],0,1,"[0.37965276877051146, 0.575157747726818]",1,-1
3552,[0.6301404  0.56337234],3,3,"[0.6601234827680622, 0.6109507568947781]",1,-1
3553,[0.75247743 0.66411644],2,0,"[0.7890750777399501, 0.6799557517006445]",1,-1
3554,[0.40717939 0.50179681],0,-1,-1,1,-1
3555,[0.80328449 0.66981363],2,0,"[0.7890750777399501, 0.6799557517006445]",1,4
3556,[0.27454671 0.20933395],1,2,"[0.294379027732062, 0.1921773781634303]",0,0
3557,[0.58359569 0.64010898],3,-1,-1,1,-1
3558,[0.8482645  0.68102624],2,0,"[0.7890750777399501, 0.6799557517006445]",1,-1
3559,[0.64095821 0.69502315],3,-1,-1,1,-1
3560,[0.34725474 0.17543099],1,2,"[0.294379027732062, 0.1921773781634303]",0,0
3561,[0.6540778  0.76965362],3,-1,-1,1,-1
3562,[0.60710634 0.6213851 ],3,3,"[0.6601234827680622, 0.6109507568947781]",1,-1
3563,[0.60167682 0.59495579],3,3,"[0.6601234827680622, 0.6109507568947781]",1,-1
3564,[0.68268934 0.58701016],3,3,"[0.6601234827680622, 0.6109507568947781]",1,-1
3565,[0.31625871 0.16986671],1,2,"[0.294379027732062, 0.1921773781634303]",0,0
3566,[0.36642744 0.61488915],0,1,"[0.37965276877051146, 0.575157747726818]",1,-1
3567,[0.38560812 0.57085814],0,1,"[0.37965276877051146, 0.575157747726818]",1,-1
3568,[0.30969363 0.19544521],1,2,"[0.294379027732062, 0.1921773781634303]",0,0
3569,[0.27240004 0.1935166 ],1,2,"[0.294379027732062, 0.1921773781634303]",0,0
3570,[0.6563874  0.63043505],3,3,"[0.6601234827680622, 0.6109507568947781]",1,-1
3571,[0.63854509 0.61835585],3,3,"[0.6601234827680622, 0.6109507568947781]",1,-1
3572,[0.33466889 0.50792399],0,-1,-1,1,-1
3573,[0.46474228 0.49902136],0,-1,-1,1,-1
3574,[0.78781178 0.61786354],2,0,"[0.7890750777399501, 0.6799557517006445]",1,-1
3575,[0.30283833 0.1611492 ],1,2,"[0.294379027732062, 0.1921773781634303]",0,0
3576,[0.75835118 0.58326008],3,-1,-1,1,-1
3577,[0.69286846 0.72921248],3,-1,-1,1,-1
3578,[0.41996706 0.57620993],0,1,"[0.37965276877051146, 0.575157747726818]",1,-1
3579,[0.23632136 0.14135826],1,-1,-1,0,0
3580,[0.64820308 0.65944923],2,3,"[0.6601234827680622, 0.6109507568947781]",1,-1
3581,[0.25463548 0.17968   ],1,2,"[0.294379027732062, 0.1921773781634303]",0,0
3582,[0.60748467 0.66691773],3,-1,-1,1,-1
3583,[0.72245771 0.66043872],2,0,"[0.7890750777399501, 0.6799557517006445]",1,-1
3584,[0.3384685  0.17540236],1,2,"[0.294379027732062, 0.1921773781634303]",0,0
3585,[0.42522474 0.61027325],0,1,"[0.37965276877051146, 0.575157747726818]",1,-1
3586,[0.76854313 0.60772335],2,-1,-1,1,-1
3587,[0.41702255 0.6660012 ],0,-1,-1,1,-1
3588,[0.42630577 0.62775496],0,-1,-1,1,-1
3589,[0.41494997 0.65349481],0,-1,-1,1,-1
3590,[0.70110551 0.63551129],2,3,"[0.6601234827680622, 0.6109507568947781]",1,-1
3591,[0.40867195 0.56962615],0,1,"[0.37965276877051146, 0.575157747726818]",1,2
3592,[0.72288489 0.56939835],2,-1,-1,1,-1
3593,[0.86977866 0.66904019],2,-1,-1,1,-1
3594,[0.57803964 0.66040185],3,-1,-1,1,-1
3595,[0.30729003 0.59547789],0,-1,-1,1,-1
3596,[0.395328   0.54822419],0,1,"[0.37965276877051146, 0.575157747726818]",1,-1
3597,[0.45925927 0.56207039],0,-1,-1,1,-1
3598,[0.84984607 0.60189591],2,-1,-1,1,-1
3599,[0.78990793 0.65205191],2,0,"[0.7890750777399501, 0.6799557517006445]",1,-1
3600,[0.33802388 0.17570347],1,2,"[0.294379027732062, 0.1921773781634303]",0,0
3601,[0.2550452  0.15826288],1,2,"[0.294379027732062, 0.1921773781634303]",0,0
3602,[0.80055298 0.73661589],2,0,"[0.7890750777399501, 0.6799557517006445]",1,-1
3603,[0.32481199 0.20239712],1,2,"[0.294379027732062, 0.1921773781634303]",0,0
3604,[0.24288463 0.19566241],1,2,"[0.294379027732062, 0.1921773781634303]",0,0
3605,[0.26845599 0.21188491],1,2,"[0.294379027732062, 0.1921773781634303]",0,0
3606,[0.73841597 0.70420337],3,0,"[0.7890750777399501, 0.6799557517006445]",1,-1
3607,[0.33090316 0.62553853],0,-1,-1,1,-1
3608,[0.65748508 0.77320391],3,-1,-1,1,-1
3609,[0.25629426 0.14156733],1,2,"[0.294379027732062, 0.1921773781634303]",0,0
3610,[0.21321963 0.20262269],1,-1,-1,0,0
3611,[0.46679696 0.56547836],0,-1,-1,1,-1
3612,[0.39032451 0.57570016],0,1,"[0.37965276877051146, 0.575157747726818]",1,-1
3613,[0.40882741 0.1823067 ],1,-1,-1,0,0
3614,[0.81854969 0.70078958],2,0,"[0.7890750777399501, 0.6799557517006445]",1,-1
3615,[0.22988227 0.18475203],1,2,"[0.294379027732062, 0.1921773781634303]",0,0
3616,[0.60951154 0.52146653],3,-1,-1,1,-1
3617,[0.32208203 0.14260075],1,2,"[0.294379027732062, 0.1921773781634303]",0,0
3618,[0.89879223 0.70978703],2,-1,-1,1,-1
3619,[0.80148819 0.64772832],2,0,"[0.7890750777399501, 0.6799557517006445]",1,-1
3620,[0.39056651 0.63471568],0,1,"[0.37965276877051146, 0.575157747726818]",1,-1
3621,[0.5702531  0.68195766],3,-1,-1,1,-1
3622,[0.79216698 0.64441456],2,0,"[0.7890750777399501, 0.6799557517006445]",1,-1
3623,[0.81647541 0.765026  ],2,-1,-1,1,-1
3624,[0.30536191 0.18810948],1,2,"[0.294379027732062, 0.1921773781634303]",0,0
3625,[0.64204002 0.69311476],3,-1,-1,1,-1
3626,[0.30111358 0.21032532],1,2,"[0.294379027732062, 0.1921773781634303]",0,0
3627,[0.66172755 0.58241621],3,3,"[0.6601234827680622, 0.6109507568947781]",1,-1
3628,[0.34677546 0.15028995],1,2,"[0.294379027732062, 0.1921773781634303]",0,0
3629,[0.54071647 0.64935631],3,-1,-1,1,-1
3630,[0.31680966 0.26575484],1,-1,-1,0,0
3631,[0.93649349 0.62115762],2,-1,-1,1,-1
3632,[0.84947802 0.71803889],2,-1,-1,1,-1
3633,[0.23695863 0.15909684],1,2,"[0.294379027732062, 0.1921773781634303]",0,0
3634,[0.41528726 0.55199743],0,1,"[0.37965276877051146, 0.575157747726818]",1,-1
3635,[0.86448135 0.69264694],2,-1,-1,1,-1
3636,[0.76356363 0.5952817 ],3,-1,-1,1,-1
3637,[0.77652756 0.65241618],2,0,"[0.7890750777399501, 0.6799557517006445]",1,-1
3638,[0.71383477 0.66839152],3,-1,-1,1,-1
3639,[0.39929683 0.19174328],1,-1,-1,0,0
3640,[0.36815429 0.55340895],0,1,"[0.37965276877051146, 0.575157747726818]",1,-1
3641,[0.29070747 0.17264006],1,2,"[0.294379027732062, 0.1921773781634303]",0,0
3642,[0.33226498 0.05257362],1,-1,-1,0,0
3643,[0.75323472 0.7579885 ],2,-1,-1,1,-1
3644,[0.25031649 0.1523685 ],1,2,"[0.294379027732062, 0.1921773781634303]",0,0
3645,[0.77861254 0.68011691],2,0,"[0.7890750777399501, 0.6799557517006445]",1,4
3646,[0.37877216 0.60126293],0,1,"[0.37965276877051146, 0.575157747726818]",1,-1
3647,[0.69515135 0.53937723],3,-1,-1,1,-1
3648,[0.36925312 0.57884319],0,1,"[0.37965276877051146, 0.575157747726818]",1,1
3649,[0.53746715 0.57876333],3,-1,-1,1,-1
3650,[0.33704861 0.22537584],1,2,"[0.294379027732062, 0.1921773781634303]",0,0
3651,[0.43355974 0.54021881],0,1,"[0.37965276877051146, 0.575157747726818]",1,-1
3652,[0.2262979  0.19123011],1,2,"[0.294379027732062, 0.1921773781634303]",0,0
3653,[0.77388932 0.68254486],2,0,"[0.7890750777399501, 0.6799557517006445]",1,4
3654,[0.75361005 0.78836692],2,-1,-1,1,-1
3655,[0.65665704 0.57606506],3,3,"[0.6601234827680622, 0.6109507568947781]",1,-1
3656,[0.72468948 0.64951355],3,-1,-1,1,-1
3657,[0.3789943  0.50646744],0,1,"[0.37965276877051146, 0.575157747726818]",1,-1
3658,[0.61853669 0.60192433],3,3,"[0.6601234827680622, 0.6109507568947781]",1,-1
3659,[0.76087709 0.66273557],2,0,"[0.7890750777399501, 0.6799557517006445]",1,-1
3660,[0.7153557  0.62349384],3,3,"[0.6601234827680622, 0.6109507568947781]",1,-1
3661,[0.64103011 0.60817202],3,3,"[0.6601234827680622, 0.6109507568947781]",1,-1
3662,[0.80427004 0.65747417],2,0,"[0.7890750777399501, 0.6799557517006445]",1,-1
3663,[0.61871103 0.49588138],3,-1,-1,1,-1
3664,[0.76133513 0.69464399],2,0,"[0.7890750777399501, 0.6799557517006445]",1,-1
3665,[0.43671257 0.54316193],0,1,"[0.37965276877051146, 0.575157747726818]",1,-1
3666,[0.3864786  0.19156117],1,-1,-1,0,0
3667,[0.79761292 0.70257277],2,0,"[0.7890750777399501, 0.6799557517006445]",1,-1
3668,[0.37329842 0.58590215],0,1,"[0.37965276877051146, 0.575157747726818]",1,-1
3669,[0.39531478 0.62396193],0,1,"[0.37965276877051146, 0.575157747726818]",1,-1
3670,[0.77250784 0.66458097],2,0,"[0.7890750777399501, 0.6799557517006445]",1,3
3671,[0.31813264 0.19223387],1,2,"[0.294379027732062, 0.1921773781634303]",0,0
3672,[0.34135487 0.58769946],0,1,"[0.37965276877051146, 0.575157747726818]",1,-1
3673,[0.34152233 0.55792322],0,1,"[0.37965276877051146, 0.575157747726818]",1,-1
3674,[0.67702261 0.58010674],3,3,"[0.6601234827680622, 0.6109507568947781]",1,-1
3675,[0.7790652  0.64149323],2,0,"[0.7890750777399501, 0.6799557517006445]",1,-1
3676,[0.60479447 0.64976789],3,3,"[0.6601234827680622, 0.6109507568947781]",1,-1
3677,[0.21339898 0.2070312 ],1,-1,-1,0,0
3678,[0.7618949  0.73572712],2,0,"[0.7890750777399501, 0.6799557517006445]",1,-1
3679,[0.25889699 0.10683088],1,-1,-1,0,0
3680,[0.83071902 0.65126394],2,0,"[0.7890750777399501, 0.6799557517006445]",1,-1
3681,[0.26844135 0.18176031],1,2,"[0.294379027732062, 0.1921773781634303]",0,0
3682,[0.68820797 0.69425179],3,-1,-1,1,-1
3683,[0.3993332  0.58579905],0,1,"[0.37965276877051146, 0.575157747726818]",1,-1
3684,[0.72558585 0.74800355],2,-1,-1,1,-1
3685,[0.29697929 0.17862243],1,2,"[0.294379027732062, 0.1921773781634303]",0,0
3686,[0.30085393 0.1826416 ],1,2,"[0.294379027732062, 0.1921773781634303]",0,0
3687,[0.369916   0.17383381],1,-1,-1,0,0
3688,[0.67050085 0.57498592],3,3,"[0.6601234827680622, 0.6109507568947781]",1,-1
3689,[0.30287574 0.19343191],1,2,"[0.294379027732062, 0.1921773781634303]",0,0
3690,[0.70041239 0.63099783],3,3,"[0.6601234827680622, 0.6109507568947781]",1,-1
3691,[0.35094533 0.61627392],0,1,"[0.37965276877051146, 0.575157747726818]",1,-1
3692,[0.33264629 0.22179702],1,2,"[0.294379027732062, 0.1921773781634303]",0,0
3693,[0.32742244 0.18657357],1,2,"[0.294379027732062, 0.1921773781634303]",0,0
3694,[0.82734069 0.61567984],2,-1,-1,1,-1
3695,[0.64545361 0.597298  ],3,3,"[0.6601234827680622, 0.6109507568947781]",1,-1
3696,[0.69787704 0.64553753],3,3,"[0.6601234827680622, 0.6109507568947781]",1,-1
3697,[0.83607564 0.65108821],2,0,"[0.7890750777399501, 0.6799557517006445]",1,-1
3698,[0.42254961 0.58920618],0,1,"[0.37965276877051146, 0.575157747726818]",1,-1
3699,[0.58768416 0.65821157],3,-1,-1,1,-1
3700,[0.40126742 0.48524459],0,-1,-1,1,-1
3701,[0.31411126 0.60592133],0,-1,-1,1,-1
3702,[0.64051155 0.69314762],3,-1,-1,1,-1
3703,[0.41251441 0.49861521],0,-1,-1,1,-1
3704,[0.35908251 0.55785773],0,1,"[0.37965276877051146, 0.575157747726818]",1,-1
3705,[0.39839535 0.61523312],0,1,"[0.37965276877051146, 0.575157747726818]",1,-1
3706,[0.71165625 0.68190545],2,-1,-1,1,-1
3707,[0.6242099  0.69393856],3,-1,-1,1,-1
3708,[0.75575784 0.65621957],2,0,"[0.7890750777399501, 0.6799557517006445]",1,3
3709,[0.48839404 0.46935711],0,-1,-1,1,-1
3710,[0.23808231 0.12854299],1,-1,-1,0,0
3711,[0.77677017 0.69443864],2,0,"[0.7890750777399501, 0.6799557517006445]",1,-1
3712,[0.61927496 0.58536529],3,3,"[0.6601234827680622, 0.6109507568947781]",1,-1
3713,[0.6401789 0.5754051],3,3,"[0.6601234827680622, 0.6109507568947781]",1,-1
3714,[0.34774293 0.57337294],0,1,"[0.37965276877051146, 0.575157747726818]",1,-1
3715,[0.82320904 0.72580499],2,0,"[0.7890750777399501, 0.6799557517006445]",1,-1
3716,[0.28909737 0.22032848],1,2,"[0.294379027732062, 0.1921773781634303]",0,0
3717,[0.36354205 0.28487707],1,-1,-1,0,0
3718,[0.87013285 0.64205378],2,-1,-1,1,-1
3719,[0.74428052 0.69032995],2,0,"[0.7890750777399501, 0.6799557517006445]",1,-1
3720,[0.42202457 0.51343804],0,-1,-1,1,-1
3721,[0.58840739 0.54276597],3,-1,-1,1,-1
3722,[0.77505326 0.71524796],2,0,"[0.7890750777399501, 0.6799557517006445]",1,-1
3723,[0.28128595 0.12192025],1,-1,-1,0,0
3724,[0.83338749 0.68551892],2,0,"[0.7890750777399501, 0.6799557517006445]",1,-1
3725,[0.3378236  0.64930856],0,-1,-1,1,-1
3726,[0.36857591 0.11661204],1,-1,-1,0,0
3727,[0.77232024 0.58426515],3,-1,-1,1,-1
3728,[0.43223438 0.59910889],0,1,"[0.37965276877051146, 0.575157747726818]",1,-1
3729,[0.8444173  0.64392052],2,0,"[0.7890750777399501, 0.6799557517006445]",1,-1
3730,[0.81450109 0.68375953],2,0,"[0.7890750777399501, 0.6799557517006445]",1,4
3731,[0.30953392 0.6193446 ],0,-1,-1,1,-1
3732,[0.57489662 0.56169373],3,-1,-1,1,-1
3733,[0.6436908  0.58280669],3,3,"[0.6601234827680622, 0.6109507568947781]",1,-1
3734,[0.73678426 0.66336671],3,0,"[0.7890750777399501, 0.6799557517006445]",1,-1
3735,[0.66461151 0.6115765 ],3,3,"[0.6601234827680622, 0.6109507568947781]",1,-1
3736,[0.73450165 0.72409064],2,-1,-1,1,-1
3737,[0.27269524 0.18958641],1,2,"[0.294379027732062, 0.1921773781634303]",0,0
3738,[0.71701001 0.53642301],3,-1,-1,1,-1
3739,[0.71238471 0.54310518],3,-1,-1,1,-1
3740,[0.65849996 0.55613218],3,3,"[0.6601234827680622, 0.6109507568947781]",1,-1
3741,[0.352551   0.52255154],0,1,"[0.37965276877051146, 0.575157747726818]",1,-1
3742,[0.43751261 0.51443227],0,-1,-1,1,-1
3743,[0.29694273 0.13300239],1,2,"[0.294379027732062, 0.1921773781634303]",0,0
3744,[0.37393931 0.58035387],0,1,"[0.37965276877051146, 0.575157747726818]",1,1
3745,[0.26116677 0.19271893],1,2,"[0.294379027732062, 0.1921773781634303]",0,0
3746,[0.67259919 0.55860007],3,3,"[0.6601234827680622, 0.6109507568947781]",1,-1
3747,[0.72893434 0.82333231],2,-1,-1,1,-1
3748,[0.24227168 0.19857565],1,2,"[0.294379027732062, 0.1921773781634303]",0,0
3749,[0.2517586  0.24104737],1,2,"[0.294379027732062, 0.1921773781634303]",0,0
3750,[0.33608852 0.55484682],0,1,"[0.37965276877051146, 0.575157747726818]",1,-1
3751,[0.41241322 0.59338147],0,1,"[0.37965276877051146, 0.575157747726818]",1,-1
3752,[0.70801599 0.48680167],3,-1,-1,1,-1
3753,[0.31661186 0.14538866],1,2,"[0.294379027732062, 0.1921773781634303]",0,0
3754,[0.36408965 0.23006484],1,-1,-1,0,0
3755,[0.41749817 0.5892385 ],0,1,"[0.37965276877051146, 0.575157747726818]",1,-1
3756,[0.22551188 0.26110326],1,-1,-1,0,0
3757,[0.25265398 0.22036022],1,2,"[0.294379027732062, 0.1921773781634303]",0,0
3758,[0.2332303  0.18478085],1,2,"[0.294379027732062, 0.1921773781634303]",0,0
3759,[0.7345071  0.73422163],2,-1,-1,1,-1
3760,[0.67662061 0.56197426],3,3,"[0.6601234827680622, 0.6109507568947781]",1,-1
3761,[0.40392    0.64784609],0,-1,-1,1,-1
3762,[0.8315969  0.61545253],2,-1,-1,1,-1
3763,[0.39311776 0.56217656],0,1,"[0.37965276877051146, 0.575157747726818]",1,-1
3764,[0.23988486 0.20406848],1,2,"[0.294379027732062, 0.1921773781634303]",0,0
3765,[0.78690571 0.60758737],2,-1,-1,1,-1
3766,[0.72717929 0.64568895],3,-1,-1,1,-1
3767,[0.27701448 0.19804788],1,2,"[0.294379027732062, 0.1921773781634303]",0,0
3768,[0.47179386 0.5418964 ],0,-1,-1,1,-1
3769,[0.74043518 0.63229921],2,0,"[0.7890750777399501, 0.6799557517006445]",1,-1
3770,[0.21055951 0.17477005],1,-1,-1,0,0
3771,[0.38870806 0.59285892],0,1,"[0.37965276877051146, 0.575157747726818]",1,-1
3772,[0.4162665  0.56529969],0,1,"[0.37965276877051146, 0.575157747726818]",1,-1
3773,[0.29742417 0.59185032],0,-1,-1,1,-1
3774,[0.34425722 0.23187226],1,2,"[0.294379027732062, 0.1921773781634303]",0,0
3775,[0.36687838 0.12801682],1,-1,-1,0,0
3776,[0.23877553 0.2111984 ],1,2,"[0.294379027732062, 0.1921773781634303]",0,0
3777,[0.71682547 0.67363185],3,-1,-1,1,-1
3778,[0.6445746 0.5686496],3,3,"[0.6601234827680622, 0.6109507568947781]",1,-1
3779,[0.71272327 0.67040865],3,-1,-1,1,-1
3780,[0.56443625 0.57749234],3,-1,-1,1,-1
3781,[0.61216215 0.60708433],3,3,"[0.6601234827680622, 0.6109507568947781]",1,-1
3782,[0.31214275 0.21941059],1,2,"[0.294379027732062, 0.1921773781634303]",0,0
3783,[0.29716662 0.20809118],1,2,"[0.294379027732062, 0.1921773781634303]",0,0
3784,[0.25207406 0.15875848],1,2,"[0.294379027732062, 0.1921773781634303]",0,0
3785,[0.37207327 0.19229161],1,-1,-1,0,0
3786,[0.37220774 0.60871603],0,1,"[0.37965276877051146, 0.575157747726818]",1,-1
3787,[0.371726   0.61382985],0,1,"[0.37965276877051146, 0.575157747726818]",1,-1
3788,[0.89181932 0.69467064],2,-1,-1,1,-1
3789,[0.70351204 0.61776838],3,3,"[0.6601234827680622, 0.6109507568947781]",1,-1
3790,[0.6971934  0.62501908],3,3,"[0.6601234827680622, 0.6109507568947781]",1,-1
3791,[0.28752374 0.20192558],1,2,"[0.294379027732062, 0.1921773781634303]",0,0
3792,[0.63845122 0.62757129],3,3,"[0.6601234827680622, 0.6109507568947781]",1,-1
3793,[0.80503956 0.77000119],2,-1,-1,1,-1
3794,[0.37152331 0.5665914 ],0,1,"[0.37965276877051146, 0.575157747726818]",1,1
3795,[0.6923019  0.60971196],3,3,"[0.6601234827680622, 0.6109507568947781]",1,-1
3796,[0.38841628 0.54502301],0,1,"[0.37965276877051146, 0.575157747726818]",1,-1
3797,[0.76947546 0.63674232],2,0,"[0.7890750777399501, 0.6799557517006445]",1,-1
3798,[0.43933467 0.59414535],0,1,"[0.37965276877051146, 0.575157747726818]",1,-1
3799,[0.64941895 0.60855349],3,3,"[0.6601234827680622, 0.6109507568947781]",1,6
3800,[0.83221197 0.58325679],2,-1,-1,1,-1
3801,[0.2529007  0.26156691],1,-1,-1,0,0
3802,[0.29300744 0.23134425],1,2,"[0.294379027732062, 0.1921773781634303]",0,0
3803,[0.23710949 0.23258189],1,-1,-1,0,0
3804,[0.64875828 0.71559085],3,-1,-1,1,-1
3805,[0.30163395 0.22677787],1,2,"[0.294379027732062, 0.1921773781634303]",0,0
3806,[0.73944477 0.61923143],3,-1,-1,1,-1
3807,[0.79771247 0.65382422],2,0,"[0.7890750777399501, 0.6799557517006445]",1,-1
3808,[0.34127591 0.19342724],1,2,"[0.294379027732062, 0.1921773781634303]",0,0
3809,[0.29636739 0.14131694],1,2,"[0.294379027732062, 0.1921773781634303]",0,0
3810,[0.71065206 0.51442024],3,-1,-1,1,-1
3811,[0.39168704 0.13829688],1,-1,-1,0,0
3812,[0.40217719 0.63322208],0,1,"[0.37965276877051146, 0.575157747726818]",1,-1
3813,[0.85085112 0.67099849],2,0,"[0.7890750777399501, 0.6799557517006445]",1,-1
3814,[0.6527393  0.63442861],3,3,"[0.6601234827680622, 0.6109507568947781]",1,-1
3815,[0.68235663 0.61182889],3,3,"[0.6601234827680622, 0.6109507568947781]",1,5
3816,[0.34182013 0.62030535],0,1,"[0.37965276877051146, 0.575157747726818]",1,-1
3817,[0.78483719 0.64762065],2,0,"[0.7890750777399501, 0.6799557517006445]",1,-1
3818,[0.31399797 0.5136682 ],0,-1,-1,1,-1
3819,[0.67833164 0.66359783],2,3,"[0.6601234827680622, 0.6109507568947781]",1,-1
3820,[0.31097013 0.1950213 ],1,2,"[0.294379027732062, 0.1921773781634303]",0,0
3821,[0.34864788 0.61043378],0,1,"[0.37965276877051146, 0.575157747726818]",1,-1
3822,[0.6772854  0.60088039],3,3,"[0.6601234827680622, 0.6109507568947781]",1,-1
3823,[0.3646889  0.50930685],0,1,"[0.37965276877051146, 0.575157747726818]",1,-1
3824,[0.31517904 0.1708939 ],1,2,"[0.294379027732062, 0.1921773781634303]",0,0
3825,[0.43386339 0.63872336],0,-1,-1,1,-1
3826,[0.23293268 0.19991895],1,2,"[0.294379027732062, 0.1921773781634303]",0,0
3827,[0.64805283 0.53812532],3,-1,-1,1,-1
3828,[0.40043716 0.50609849],0,-1,-1,1,-1
3829,[0.36304931 0.18542553],1,2,"[0.294379027732062, 0.1921773781634303]",0,0
3830,[0.66550353 0.67219204],3,3,"[0.6601234827680622, 0.6109507568947781]",1,-1
3831,[0.29553852 0.25917773],1,2,"[0.294379027732062, 0.1921773781634303]",0,0
3832,[0.63827234 0.5926951 ],3,3,"[0.6601234827680622, 0.6109507568947781]",1,-1
3833,[0.69804091 0.66179723],3,3,"[0.6601234827680622, 0.6109507568947781]",1,-1
3834,[0.24830335 0.27000919],1,-1,-1,0,0
3835,[0.31126628 0.18965628],1,2,"[0.294379027732062, 0.1921773781634303]",0,0
3836,[0.82069369 0.65312161],2,0,"[0.7890750777399501, 0.6799557517006445]",1,-1
3837,[0.46862913 0.60316623],0,-1,-1,1,-1
3838,[0.88014109 0.64507606],2,-1,-1,1,-1
3839,[0.68515744 0.5881918 ],3,3,"[0.6601234827680622, 0.6109507568947781]",1,-1
3840,[0.80297448 0.61877899],2,0,"[0.7890750777399501, 0.6799557517006445]",1,-1
3841,[0.36578854 0.55355189],0,1,"[0.37965276877051146, 0.575157747726818]",1,-1
3842,[0.34369658 0.25974698],1,-1,-1,0,0
3843,[0.40384782 0.64860674],0,-1,-1,1,-1
3844,[0.75672365 0.77370146],2,-1,-1,1,-1
3845,[0.24101772 0.18192507],1,2,"[0.294379027732062, 0.1921773781634303]",0,0
3846,[0.43701312 0.55858967],0,1,"[0.37965276877051146, 0.575157747726818]",1,-1
3847,[0.72110933 0.68787316],2,0,"[0.7890750777399501, 0.6799557517006445]",1,-1
3848,[0.31478596 0.14890411],1,2,"[0.294379027732062, 0.1921773781634303]",0,0
3849,[0.79533224 0.61391737],2,0,"[0.7890750777399501, 0.6799557517006445]",1,-1
3850,[0.78318826 0.6484952 ],2,0,"[0.7890750777399501, 0.6799557517006445]",1,-1
3851,[0.58649581 0.6513943 ],3,-1,-1,1,-1
3852,[0.30476375 0.25237497],1,2,"[0.294379027732062, 0.1921773781634303]",0,0
3853,[0.28077803 0.59333105],0,-1,-1,1,-1
3854,[0.31195993 0.49493325],0,-1,-1,1,-1
3855,[0.89253969 0.62142706],2,-1,-1,1,-1
3856,[0.63125229 0.58285011],3,3,"[0.6601234827680622, 0.6109507568947781]",1,-1
3857,[0.31301083 0.33896498],1,-1,-1,0,0
3858,[0.26065852 0.13911904],1,2,"[0.294379027732062, 0.1921773781634303]",0,0
3859,[0.76700093 0.70346646],2,0,"[0.7890750777399501, 0.6799557517006445]",1,-1
3860,[0.83298083 0.67552935],2,0,"[0.7890750777399501, 0.6799557517006445]",1,-1
3861,[0.34942528 0.23424609],1,2,"[0.294379027732062, 0.1921773781634303]",0,0
3862,[0.58154512 0.63683803],3,-1,-1,1,-1
3863,[0.42645179 0.24963997],1,-1,-1,0,0
3864,[0.67143706 0.49954463],3,-1,-1,1,-1
3865,[0.2535997  0.09141109],1,-1,-1,0,0
3866,[0.84626257 0.67097847],2,0,"[0.7890750777399501, 0.6799557517006445]",1,-1
3867,[0.27878463 0.16725691],1,2,"[0.294379027732062, 0.1921773781634303]",0,0
3868,[0.75749933 0.66142677],2,0,"[0.7890750777399501, 0.6799557517006445]",1,3
3869,[0.27071962 0.29671531],1,-1,-1,0,0
3870,[0.72922384 0.61616233],3,3,"[0.6601234827680622, 0.6109507568947781]",1,-1
3871,[0.32588751 0.19296483],1,2,"[0.294379027732062, 0.1921773781634303]",0,0
3872,[0.66373899 0.66319453],3,3,"[0.6601234827680622, 0.6109507568947781]",1,-1
3873,[0.3740955  0.56035417],0,1,"[0.37965276877051146, 0.575157747726818]",1,-1
3874,[0.81167384 0.66217001],2,0,"[0.7890750777399501, 0.6799557517006445]",1,-1
3875,[0.42032497 0.6119357 ],0,1,"[0.37965276877051146, 0.575157747726818]",1,-1
3876,[0.35005881 0.1987504 ],1,2,"[0.294379027732062, 0.1921773781634303]",0,0
3877,[0.70085136 0.64112871],3,3,"[0.6601234827680622, 0.6109507568947781]",1,-1
3878,[0.78650045 0.66928955],2,0,"[0.7890750777399501, 0.6799557517006445]",1,-1
3879,[0.38125909 0.58590188],0,1,"[0.37965276877051146, 0.575157747726818]",1,-1
3880,[0.69564892 0.67359126],2,-1,-1,1,-1
3881,[0.59318909 0.64156708],3,-1,-1,1,-1
3882,[0.64452926 0.6236968 ],3,3,"[0.6601234827680622, 0.6109507568947781]",1,-1
3883,[0.73364964 0.74266928],2,-1,-1,1,-1
3884,[0.4146156  0.59677674],0,1,"[0.37965276877051146, 0.575157747726818]",1,-1
3885,[0.61597512 0.62910381],3,3,"[0.6601234827680622, 0.6109507568947781]",1,-1
3886,[0.73114442 0.63196209],3,-1,-1,1,-1
3887,[0.7960403 0.6602658],2,0,"[0.7890750777399501, 0.6799557517006445]",1,-1
3888,[0.35612745 0.56269108],0,1,"[0.37965276877051146, 0.575157747726818]",1,-1
3889,[0.45213893 0.53585758],0,-1,-1,1,-1
3890,[0.26526792 0.23341947],1,2,"[0.294379027732062, 0.1921773781634303]",0,0
3891,[0.53419989 0.69602619],3,-1,-1,1,-1
3892,[0.39600179 0.48600764],0,-1,-1,1,-1
3893,[0.80843404 0.62124759],2,0,"[0.7890750777399501, 0.6799557517006445]",1,-1
3894,[0.82948605 0.69737303],2,0,"[0.7890750777399501, 0.6799557517006445]",1,-1
3895,[0.38844731 0.19283243],1,-1,-1,0,0
3896,[0.25948655 0.13820805],1,2,"[0.294379027732062, 0.1921773781634303]",0,0
3897,[0.51318956 0.51334203],0,-1,-1,1,-1
3898,[0.45373432 0.56430181],0,-1,-1,1,-1
3899,[0.71863325 0.66515949],2,-1,-1,1,-1
3900,[0.25760169 0.07831604],1,-1,-1,0,0
3901,[0.72586843 0.7273339 ],2,-1,-1,1,-1
3902,[0.37544673 0.12018137],1,-1,-1,0,0
3903,[0.6188823  0.60138798],3,3,"[0.6601234827680622, 0.6109507568947781]",1,-1
3904,[0.22741035 0.04934909],1,-1,-1,0,0
3905,[0.64507242 0.58227152],3,3,"[0.6601234827680622, 0.6109507568947781]",1,-1
3906,[0.69602035 0.57780357],3,3,"[0.6601234827680622, 0.6109507568947781]",1,-1
3907,[0.31105958 0.59464366],0,-1,-1,1,-1
3908,[0.40051373 0.48200268],0,-1,-1,1,-1
3909,[0.44414972 0.57603949],0,1,"[0.37965276877051146, 0.575157747726818]",1,-1
3910,[0.31211753 0.13566469],1,2,"[0.294379027732062, 0.1921773781634303]",0,0
3911,[0.40065916 0.56156162],0,1,"[0.37965276877051146, 0.575157747726818]",1,-1
3912,[0.87275791 0.704858  ],2,-1,-1,1,-1
3913,[0.77493217 0.64593571],2,0,"[0.7890750777399501, 0.6799557517006445]",1,-1
3914,[0.72176283 0.60680819],2,3,"[0.6601234827680622, 0.6109507568947781]",1,-1
3915,[0.79733038 0.59890462],2,-1,-1,1,-1
3916,[0.85383145 0.73338061],2,-1,-1,1,-1
3917,[0.43318989 0.56270501],0,1,"[0.37965276877051146, 0.575157747726818]",1,-1
3918,[0.58321547 0.69372609],3,-1,-1,1,-1
3919,[0.73422727 0.62050813],3,-1,-1,1,-1
3920,[0.32838819 0.20696234],1,2,"[0.294379027732062, 0.1921773781634303]",0,0
3921,[0.72292453 0.56593449],3,-1,-1,1,-1
3922,[0.34352143 0.55706689],0,1,"[0.37965276877051146, 0.575157747726818]",1,-1
3923,[0.69693923 0.59238313],3,3,"[0.6601234827680622, 0.6109507568947781]",1,-1
3924,[0.66340831 0.53424818],3,-1,-1,1,-1
3925,[0.46339563 0.53199999],0,-1,-1,1,-1
3926,[0.33311602 0.21628694],1,2,"[0.294379027732062, 0.1921773781634303]",0,0
3927,[0.35786332 0.49680802],0,-1,-1,1,-1
3928,[0.63748564 0.58555489],3,3,"[0.6601234827680622, 0.6109507568947781]",1,-1
3929,[0.62100279 0.66025402],3,3,"[0.6601234827680622, 0.6109507568947781]",1,-1
3930,[0.22535043 0.20605765],1,-1,-1,0,0
3931,[0.40997847 0.64577471],0,-1,-1,1,-1
3932,[0.75435929 0.72830651],2,0,"[0.7890750777399501, 0.6799557517006445]",1,-1
3933,[0.81713677 0.68260728],2,0,"[0.7890750777399501, 0.6799557517006445]",1,-1
3934,[0.44332359 0.53986501],0,-1,-1,1,-1
3935,[0.39642026 0.57428042],0,1,"[0.37965276877051146, 0.575157747726818]",1,-1
3936,[0.41674949 0.5843851 ],0,1,"[0.37965276877051146, 0.575157747726818]",1,-1
3937,[0.79682323 0.64699654],2,0,"[0.7890750777399501, 0.6799557517006445]",1,-1
3938,[0.29372333 0.21271467],1,2,"[0.294379027732062, 0.1921773781634303]",0,0
3939,[0.45298619 0.48228907],0,-1,-1,1,-1
3940,[0.84997783 0.67558828],2,0,"[0.7890750777399501, 0.6799557517006445]",1,-1
3941,[0.42087425 0.59861656],0,1,"[0.37965276877051146, 0.575157747726818]",1,-1
3942,[0.77635688 0.63234774],2,0,"[0.7890750777399501, 0.6799557517006445]",1,-1
3943,[0.82873666 0.69084504],2,0,"[0.7890750777399501, 0.6799557517006445]",1,-1
3944,[0.72239114 0.58267907],2,3,"[0.6601234827680622, 0.6109507568947781]",1,-1
3945,[0.40120529 0.57016803],0,1,"[0.37965276877051146, 0.575157747726818]",1,2
3946,[0.38195651 0.60016724],0,1,"[0.37965276877051146, 0.575157747726818]",1,-1
3947,[0.2897461  0.23370219],1,2,"[0.294379027732062, 0.1921773781634303]",0,0
3948,[0.23611804 0.17766699],1,2,"[0.294379027732062, 0.1921773781634303]",0,0
3949,[0.8507654  0.59968038],2,-1,-1,1,-1
3950,[0.60742619 0.54019348],3,-1,-1,1,-1
3951,[0.32171284 0.19502777],1,2,"[0.294379027732062, 0.1921773781634303]",0,0
3952,[0.70306618 0.55474309],3,-1,-1,1,-1
3953,[0.88915584 0.70117072],2,-1,-1,1,-1
3954,[0.85686861 0.71204806],2,-1,-1,1,-1
3955,[0.77124999 0.65181148],2,0,"[0.7890750777399501, 0.6799557517006445]",1,-1
3956,[0.31999319 0.21929413],1,2,"[0.294379027732062, 0.1921773781634303]",0,0
3957,[0.33322143 0.57224497],0,1,"[0.37965276877051146, 0.575157747726818]",1,-1
3958,[0.64791994 0.60022216],3,3,"[0.6601234827680622, 0.6109507568947781]",1,-1
3959,[0.33231146 0.22274223],1,2,"[0.294379027732062, 0.1921773781634303]",0,0
3960,[0.79376289 0.66847314],2,0,"[0.7890750777399501, 0.6799557517006445]",1,4
3961,[0.34414558 0.61818169],0,1,"[0.37965276877051146, 0.575157747726818]",1,-1
3962,[0.38216733 0.59342573],0,1,"[0.37965276877051146, 0.575157747726818]",1,-1
3963,[0.26000322 0.20913184],1,2,"[0.294379027732062, 0.1921773781634303]",0,0
3964,[0.83681687 0.59702061],2,-1,-1,1,-1
3965,[0.23552798 0.20858815],1,2,"[0.294379027732062, 0.1921773781634303]",0,0
3966,[0.2980841  0.59279646],0,-1,-1,1,-1
3967,[0.39268381 0.18420546],1,-1,-1,0,0
3968,[0.36082441 0.60183252],0,1,"[0.37965276877051146, 0.575157747726818]",1,-1
3969,[0.67253726 0.65278009],3,3,"[0.6601234827680622, 0.6109507568947781]",1,-1
3970,[0.2912545  0.18538372],1,2,"[0.294379027732062, 0.1921773781634303]",0,0
3971,[0.24079434 0.14575945],1,-1,-1,0,0
3972,[0.37289768 0.16857766],1,-1,-1,0,0
3973,[0.35581514 0.56691356],0,1,"[0.37965276877051146, 0.575157747726818]",1,-1
3974,[0.36027332 0.55673667],0,1,"[0.37965276877051146, 0.575157747726818]",1,-1
3975,[0.26140457 0.27085072],1,-1,-1,0,0
3976,[0.7744993  0.72239087],2,0,"[0.7890750777399501, 0.6799557517006445]",1,-1
3977,[0.42109396 0.52722368],0,1,"[0.37965276877051146, 0.575157747726818]",1,-1
3978,[0.78572189 0.7548742 ],2,-1,-1,1,-1
3979,[0.77564259 0.66969452],2,0,"[0.7890750777399501, 0.6799557517006445]",1,-1
3980,[0.27287663 0.19394534],1,2,"[0.294379027732062, 0.1921773781634303]",0,0
3981,[0.78147812 0.71186976],2,0,"[0.7890750777399501, 0.6799557517006445]",1,-1
3982,[0.70300116 0.63449573],2,3,"[0.6601234827680622, 0.6109507568947781]",1,-1
3983,[0.42334328 0.62031377],0,1,"[0.37965276877051146, 0.575157747726818]",1,-1
3984,[0.79324024 0.69261231],2,0,"[0.7890750777399501, 0.6799557517006445]",1,-1
3985,[0.25822656 0.53071872],0,-1,-1,1,-1
3986,[0.73816051 0.73464947],2,-1,-1,1,-1
3987,[0.31636132 0.70834739],0,-1,-1,1,-1
3988,[0.36388985 0.60974237],0,1,"[0.37965276877051146, 0.575157747726818]",1,-1
3989,[0.84986638 0.66086641],2,0,"[0.7890750777399501, 0.6799557517006445]",1,-1
3990,[0.70275549 0.60930073],3,3,"[0.6601234827680622, 0.6109507568947781]",1,-1
3991,[0.68409378 0.63910138],2,3,"[0.6601234827680622, 0.6109507568947781]",1,-1
3992,[0.35250627 0.5548178 ],0,1,"[0.37965276877051146, 0.575157747726818]",1,-1
3993,[0.79462726 0.81517354],2,-1,-1,1,-1
3994,[0.2472063  0.21381555],1,2,"[0.294379027732062, 0.1921773781634303]",0,0
3995,[0.68708985 0.60677029],3,3,"[0.6601234827680622, 0.6109507568947781]",1,5
3996,[0.63491636 0.61875809],3,3,"[0.6601234827680622, 0.6109507568947781]",1,-1
3997,[0.28027792 0.18555672],1,2,"[0.294379027732062, 0.1921773781634303]",0,0
3998,[0.89723458 0.63702702],2,-1,-1,1,-1
3999,[0.85238791 0.65712402],2,0,"[0.7890750777399501, 0.6799557517006445]",1,-1
4000,[0.31368501 0.17935152],1,2,"[0.294379027732062, 0.1921773781634303]",0,0
4001,[0.33158582 0.17439562],1,2,"[0.294379027732062, 0.1921773781634303]",0,0
4002,[0.64705285 0.57771374],3,3,"[0.6601234827680622, 0.6109507568947781]",1,-1
4003,[0.6714215  0.66607619],2,3,"[0.6601234827680622, 0.6109507568947781]",1,-1
4004,[0.40577441 0.59457388],0,1,"[0.37965276877051146, 0.575157747726818]",1,-1
4005,[0.35256933 0.52521554],0,1,"[0.37965276877051146, 0.575157747726818]",1,-1
4006,[0.69232492 0.6547998 ],3,3,"[0.6601234827680622, 0.6109507568947781]",1,-1
4007,[0.69491161 0.65497498],3,3,"[0.6601234827680622, 0.6109507568947781]",1,-1
4008,[0.72144778 0.63812273],2,3,"[0.6601234827680622, 0.6109507568947781]",1,-1
4009,[0.22575225 0.26138702],1,-1,-1,0,0
4010,[0.274765   0.51539677],0,-1,-1,1,-1
4011,[0.79816225 0.64994553],2,0,"[0.7890750777399501, 0.6799557517006445]",1,-1
4012,[0.26466641 0.23117636],1,2,"[0.294379027732062, 0.1921773781634303]",0,0
4013,[0.38548329 0.56769832],0,1,"[0.37965276877051146, 0.575157747726818]",1,2
4014,[0.32094156 0.16467607],1,2,"[0.294379027732062, 0.1921773781634303]",0,0
4015,[0.37578056 0.5677115 ],0,1,"[0.37965276877051146, 0.575157747726818]",1,1
4016,[0.69538825 0.58624459],3,3,"[0.6601234827680622, 0.6109507568947781]",1,-1
4017,[0.78216365 0.66671594],2,0,"[0.7890750777399501, 0.6799557517006445]",1,-1
4018,[0.79040575 0.56864662],2,-1,-1,1,-1
4019,[0.78190504 0.67315178],2,0,"[0.7890750777399501, 0.6799557517006445]",1,4
4020,[0.28918756 0.28569462],1,-1,-1,0,0
4021,[0.25399906 0.219661  ],1,2,"[0.294379027732062, 0.1921773781634303]",0,0
4022,[0.28473992 0.53104718],0,-1,-1,1,-1
4023,[0.59541915 0.59069851],3,3,"[0.6601234827680622, 0.6109507568947781]",1,-1
4024,[0.31543844 0.59853457],0,1,"[0.37965276877051146, 0.575157747726818]",1,-1
4025,[0.70635124 0.61820203],3,3,"[0.6601234827680622, 0.6109507568947781]",1,-1
4026,[0.37572512 0.59292825],0,1,"[0.37965276877051146, 0.575157747726818]",1,-1
4027,[0.70184537 0.64702035],3,3,"[0.6601234827680622, 0.6109507568947781]",1,-1
4028,[0.25334249 0.28549341],1,-1,-1,0,0
4029,[0.79666934 0.69807813],2,0,"[0.7890750777399501, 0.6799557517006445]",1,-1
4030,[0.63603537 0.56283579],3,3,"[0.6601234827680622, 0.6109507568947781]",1,-1
4031,[0.28193606 0.12327391],1,-1,-1,0,0
4032,[0.77430584 0.65124551],3,0,"[0.7890750777399501, 0.6799557517006445]",1,-1
4033,[0.81055212 0.63320789],2,0,"[0.7890750777399501, 0.6799557517006445]",1,-1
4034,[0.40329198 0.49206987],0,-1,-1,1,-1
4035,[0.34759185 0.58265688],0,1,"[0.37965276877051146, 0.575157747726818]",1,-1
4036,[0.39765457 0.62455828],0,1,"[0.37965276877051146, 0.575157747726818]",1,-1
4037,[0.3099938  0.16727493],1,2,"[0.294379027732062, 0.1921773781634303]",0,0
4038,[0.31578814 0.5316169 ],0,-1,-1,1,-1
4039,[0.41733271 0.57975511],0,1,"[0.37965276877051146, 0.575157747726818]",1,-1
4040,[0.33698851 0.26240985],1,-1,-1,0,0
4041,[0.83144332 0.71030041],2,0,"[0.7890750777399501, 0.6799557517006445]",1,-1
4042,[0.44769724 0.60444607],0,-1,-1,1,-1
4043,[0.6988909  0.60532701],3,3,"[0.6601234827680622, 0.6109507568947781]",1,-1
4044,[0.32037487 0.2104892 ],1,2,"[0.294379027732062, 0.1921773781634303]",0,0
4045,[0.63024884 0.4568098 ],3,-1,-1,1,-1
4046,[0.26648621 0.19486906],1,2,"[0.294379027732062, 0.1921773781634303]",0,0
4047,[0.84176796 0.70385201],2,0,"[0.7890750777399501, 0.6799557517006445]",1,-1
4048,[0.7849995  0.72098491],2,0,"[0.7890750777399501, 0.6799557517006445]",1,-1
4049,[0.73815051 0.68412753],2,0,"[0.7890750777399501, 0.6799557517006445]",1,-1
4050,[0.73006305 0.65051558],3,0,"[0.7890750777399501, 0.6799557517006445]",1,-1
4051,[0.37937948 0.64387602],0,1,"[0.37965276877051146, 0.575157747726818]",1,-1
4052,[0.17884    0.17954567],1,-1,-1,0,0
4053,[0.84694463 0.70201198],2,0,"[0.7890750777399501, 0.6799557517006445]",1,-1
4054,[0.64520638 0.59394764],3,3,"[0.6601234827680622, 0.6109507568947781]",1,-1
4055,[0.31402376 0.156025  ],1,2,"[0.294379027732062, 0.1921773781634303]",0,0
4056,[0.6293872  0.60414136],3,3,"[0.6601234827680622, 0.6109507568947781]",1,-1
4057,[0.33998707 0.60132623],0,1,"[0.37965276877051146, 0.575157747726818]",1,-1
4058,[0.80906837 0.6747073 ],3,0,"[0.7890750777399501, 0.6799557517006445]",1,4
4059,[0.29382136 0.2383016 ],1,2,"[0.294379027732062, 0.1921773781634303]",0,0
4060,[0.76748181 0.65625511],2,0,"[0.7890750777399501, 0.6799557517006445]",1,-1
4061,[0.71675501 0.6615499 ],2,-1,-1,1,-1
4062,[0.77890351 0.59529677],3,-1,-1,1,-1
4063,[0.34427283 0.47595294],0,-1,-1,1,-1
4064,[0.69851882 0.64495564],3,3,"[0.6601234827680622, 0.6109507568947781]",1,-1
4065,[0.33142863 0.20203292],1,2,"[0.294379027732062, 0.1921773781634303]",0,0
4066,[0.5756947  0.64113968],3,-1,-1,1,-1
4067,[0.47187812 0.62823392],0,-1,-1,1,-1
4068,[0.48274396 0.478037  ],0,-1,-1,1,-1
4069,[0.82708022 0.75142436],2,-1,-1,1,-1
4070,[0.74309283 0.64318872],2,0,"[0.7890750777399501, 0.6799557517006445]",1,-1
4071,[0.36298053 0.57730456],0,1,"[0.37965276877051146, 0.575157747726818]",1,-1
4072,[0.7504562  0.76222051],2,-1,-1,1,-1
4073,[0.40471465 0.5594702 ],0,1,"[0.37965276877051146, 0.575157747726818]",1,-1
4074,[0.27209192 0.16339263],1,2,"[0.294379027732062, 0.1921773781634303]",0,0
4075,[0.39730574 0.600753  ],0,1,"[0.37965276877051146, 0.575157747726818]",1,-1
4076,[0.64658397 0.58695164],3,3,"[0.6601234827680622, 0.6109507568947781]",1,-1
4077,[0.78817809 0.70340419],2,0,"[0.7890750777399501, 0.6799557517006445]",1,-1
4078,[0.3024881  0.54307301],0,-1,-1,1,-1
4079,[0.41832078 0.59075657],0,1,"[0.37965276877051146, 0.575157747726818]",1,-1
4080,[0.17198262 0.19308168],1,-1,-1,0,0
4081,[0.65196444 0.5992621 ],3,3,"[0.6601234827680622, 0.6109507568947781]",1,-1
4082,[0.28938163 0.22964968],1,2,"[0.294379027732062, 0.1921773781634303]",0,0
4083,[0.64404206 0.54295225],3,3,"[0.6601234827680622, 0.6109507568947781]",1,-1
4084,[0.29580784 0.22885582],1,2,"[0.294379027732062, 0.1921773781634303]",0,0
4085,[0.36106926 0.52748283],0,1,"[0.37965276877051146, 0.575157747726818]",1,-1
4086,[0.3273217  0.64792886],0,-1,-1,1,-1
4087,[0.75158613 0.65922028],2,0,"[0.7890750777399501, 0.6799557517006445]",1,-1
4088,[0.28020196 0.55667125],0,-1,-1,1,-1
4089,[0.46166615 0.65078337],0,-1,-1,1,-1
4090,[0.85180854 0.59717752],2,-1,-1,1,-1
4091,[0.29992961 0.6623112 ],0,-1,-1,1,-1
4092,[0.85990941 0.60032233],3,-1,-1,1,-1
4093,[0.76657299 0.60311751],2,-1,-1,1,-1
4094,[0.30175853 0.21880114],1,2,"[0.294379027732062, 0.1921773781634303]",0,0
4095,[0.40660045 0.6076211 ],0,1,"[0.37965276877051146, 0.575157747726818]",1,-1
4096,[0.6407833  0.66953555],3,3,"[0.6601234827680622, 0.6109507568947781]",1,-1
4097,[0.29632662 0.11303064],1,-1,-1,0,0
4098,[0.80573488 0.63424818],2,0,"[0.7890750777399501, 0.6799557517006445]",1,-1
4099,[0.80763637 0.7321167 ],2,0,"[0.7890750777399501, 0.6799557517006445]",1,-1
4100,[0.20941482 0.19633051],1,-1,-1,0,0
4101,[0.44874277 0.65509785],0,-1,-1,1,-1
4102,[0.72328409 0.60959538],2,3,"[0.6601234827680622, 0.6109507568947781]",1,-1
4103,[0.69631754 0.5674943 ],3,3,"[0.6601234827680622, 0.6109507568947781]",1,-1
4104,[0.80021459 0.66315598],2,0,"[0.7890750777399501, 0.6799557517006445]",1,-1
4105,[0.78435046 0.63417498],2,0,"[0.7890750777399501, 0.6799557517006445]",1,-1
4106,[0.19436088 0.16054389],1,-1,-1,0,0
4107,[0.78221838 0.71056135],2,0,"[0.7890750777399501, 0.6799557517006445]",1,-1
4108,[0.64800615 0.58931094],3,3,"[0.6601234827680622, 0.6109507568947781]",1,-1
4109,[0.49813572 0.54945852],0,-1,-1,1,-1
4110,[0.73836646 0.65204024],2,0,"[0.7890750777399501, 0.6799557517006445]",1,-1
4111,[0.34205427 0.20132818],1,2,"[0.294379027732062, 0.1921773781634303]",0,0
4112,[0.36311455 0.51438116],0,1,"[0.37965276877051146, 0.575157747726818]",1,-1
4113,[0.3351941  0.21035845],1,2,"[0.294379027732062, 0.1921773781634303]",0,0
4114,[0.65907593 0.5262816 ],3,-1,-1,1,-1
4115,[0.3261271  0.65746292],0,-1,-1,1,-1
4116,[0.69051817 0.67469498],3,-1,-1,1,-1
4117,[0.67264813 0.62723691],3,3,"[0.6601234827680622, 0.6109507568947781]",1,7
4118,[0.32834951 0.52007709],0,-1,-1,1,-1
4119,[0.64180993 0.63229561],3,3,"[0.6601234827680622, 0.6109507568947781]",1,-1
4120,[0.85470164 0.71975199],2,-1,-1,1,-1
4121,[0.85094335 0.69855243],2,0,"[0.7890750777399501, 0.6799557517006445]",1,-1
4122,[0.26807371 0.64356151],0,-1,-1,1,-1
4123,[0.82828581 0.63625601],2,0,"[0.7890750777399501, 0.6799557517006445]",1,-1
4124,[0.64976467 0.61087311],3,3,"[0.6601234827680622, 0.6109507568947781]",1,6
4125,[0.76248917 0.74285637],2,0,"[0.7890750777399501, 0.6799557517006445]",1,-1
4126,[0.18045186 0.24748797],1,-1,-1,0,0
4127,[0.42962069 0.61829605],0,1,"[0.37965276877051146, 0.575157747726818]",1,-1
4128,[0.66044551 0.54736034],3,3,"[0.6601234827680622, 0.6109507568947781]",1,-1
4129,[0.76635123 0.63544756],2,0,"[0.7890750777399501, 0.6799557517006445]",1,-1
4130,[0.41513738 0.57574436],0,1,"[0.37965276877051146, 0.575157747726818]",1,2
4131,[0.32968863 0.26942092],1,-1,-1,0,0
4132,[0.36387307 0.10962205],1,-1,-1,0,0
4133,[0.25094722 0.11608122],1,-1,-1,0,0
4134,[0.68401635 0.63428325],2,3,"[0.6601234827680622, 0.6109507568947781]",1,-1
4135,[0.58939283 0.5529224 ],3,-1,-1,1,-1
4136,[0.72049442 0.62775656],2,3,"[0.6601234827680622, 0.6109507568947781]",1,-1
4137,[0.84005783 0.68579316],2,0,"[0.7890750777399501, 0.6799557517006445]",1,-1
4138,[0.29086242 0.58277493],0,-1,-1,1,-1
4139,[0.73978613 0.5942955 ],3,-1,-1,1,-1
4140,[0.65811053 0.57584699],3,3,"[0.6601234827680622, 0.6109507568947781]",1,-1
4141,[0.67389761 0.57315127],3,3,"[0.6601234827680622, 0.6109507568947781]",1,-1
4142,[0.32268199 0.24380218],1,2,"[0.294379027732062, 0.1921773781634303]",0,0
4143,[0.65770915 0.66385381],3,3,"[0.6601234827680622, 0.6109507568947781]",1,-1
4144,[0.36059929 0.15813296],1,-1,-1,0,0
4145,[0.59299568 0.5619541 ],3,-1,-1,1,-1
4146,[0.22958584 0.21966157],1,-1,-1,0,0
4147,[0.34656716 0.13729083],1,-1,-1,0,0
4148,[0.36485482 0.1522368 ],1,-1,-1,0,0
4149,[0.64979002 0.65260302],3,3,"[0.6601234827680622, 0.6109507568947781]",1,-1
4150,[0.35460375 0.56808681],0,1,"[0.37965276877051146, 0.575157747726818]",1,-1
4151,[0.70164303 0.64907215],3,3,"[0.6601234827680622, 0.6109507568947781]",1,-1
4152,[0.41880854 0.12140652],1,-1,-1,0,0
4153,[0.28172602 0.18143738],1,2,"[0.294379027732062, 0.1921773781634303]",0,0
4154,[0.21176448 0.22443626],1,-1,-1,0,0
4155,[0.72783698 0.58612159],2,-1,-1,1,-1
4156,[0.44924085 0.59662063],0,-1,-1,1,-1
4157,[0.39037815 0.59642249],0,1,"[0.37965276877051146, 0.575157747726818]",1,-1
4158,[0.28667597 0.50659175],0,-1,-1,1,-1
4159,[0.39414823 0.55636022],0,1,"[0.37965276877051146, 0.575157747726818]",1,-1
4160,[0.32294114 0.15829887],1,2,"[0.294379027732062, 0.1921773781634303]",0,0
4161,[0.46425293 0.52613356],0,-1,-1,1,-1
4162,[0.75620217 0.54780618],2,-1,-1,1,-1
4163,[0.27496086 0.18359083],1,2,"[0.294379027732062, 0.1921773781634303]",0,0
4164,[0.75087344 0.64739261],2,0,"[0.7890750777399501, 0.6799557517006445]",1,-1
4165,[0.70552742 0.62683465],3,3,"[0.6601234827680622, 0.6109507568947781]",1,-1
4166,[0.34466039 0.59832237],0,1,"[0.37965276877051146, 0.575157747726818]",1,-1
4167,[0.60909507 0.6239497 ],3,3,"[0.6601234827680622, 0.6109507568947781]",1,-1
4168,[0.72657452 0.62936112],2,3,"[0.6601234827680622, 0.6109507568947781]",1,-1
4169,[0.31841044 0.53699645],0,-1,-1,1,-1
4170,[0.20012358 0.27376647],1,-1,-1,0,0
4171,[0.38120634 0.68236145],0,-1,-1,1,-1
4172,[0.29386015 0.56313581],0,-1,-1,1,-1
4173,[0.38864477 0.59784456],0,1,"[0.37965276877051146, 0.575157747726818]",1,-1
4174,[0.77408971 0.65282757],2,0,"[0.7890750777399501, 0.6799557517006445]",1,3
4175,[0.24097842 0.18476649],1,2,"[0.294379027732062, 0.1921773781634303]",0,0
4176,[0.60700424 0.61318706],3,3,"[0.6601234827680622, 0.6109507568947781]",1,-1
4177,[0.65482376 0.64241588],3,3,"[0.6601234827680622, 0.6109507568947781]",1,-1
4178,[0.39653869 0.51736522],0,1,"[0.37965276877051146, 0.575157747726818]",1,-1
4179,[0.39769036 0.54880158],0,1,"[0.37965276877051146, 0.575157747726818]",1,-1
4180,[0.26299739 0.18086037],1,2,"[0.294379027732062, 0.1921773781634303]",0,0
4181,[0.86559816 0.5748167 ],2,-1,-1,1,-1
4182,[0.36959205 0.573436  ],0,1,"[0.37965276877051146, 0.575157747726818]",1,1
4183,[0.64482248 0.66373869],3,3,"[0.6601234827680622, 0.6109507568947781]",1,-1
4184,[0.38744719 0.28976665],1,-1,-1,0,0
4185,[0.63207929 0.64631921],3,3,"[0.6601234827680622, 0.6109507568947781]",1,-1
4186,[0.63235309 0.60649619],3,3,"[0.6601234827680622, 0.6109507568947781]",1,-1
4187,[0.32814322 0.20956569],1,2,"[0.294379027732062, 0.1921773781634303]",0,0
4188,[0.33420714 0.50184364],0,-1,-1,1,-1
4189,[0.71190722 0.63137155],2,3,"[0.6601234827680622, 0.6109507568947781]",1,-1
4190,[0.82339872 0.65713721],2,0,"[0.7890750777399501, 0.6799557517006445]",1,-1
4191,[0.26286732 0.15642644],1,2,"[0.294379027732062, 0.1921773781634303]",0,0
4192,[0.3657959  0.52268295],0,1,"[0.37965276877051146, 0.575157747726818]",1,-1
4193,[0.64885491 0.6835869 ],3,-1,-1,1,-1
4194,[0.28472394 0.18756068],1,2,"[0.294379027732062, 0.1921773781634303]",0,0
4195,[0.64417429 0.57755231],3,3,"[0.6601234827680622, 0.6109507568947781]",1,-1
4196,[0.70597739 0.6595314 ],2,3,"[0.6601234827680622, 0.6109507568947781]",1,-1
4197,[0.34152698 0.66885484],0,-1,-1,1,-1
4198,[0.30688028 0.17450225],1,2,"[0.294379027732062, 0.1921773781634303]",0,0
4199,[0.76138753 0.59722046],2,-1,-1,1,-1
4200,[0.79196234 0.67860068],2,0,"[0.7890750777399501, 0.6799557517006445]",1,4
4201,[0.20013656 0.22571384],1,-1,-1,0,0
4202,[0.28633978 0.19900365],1,2,"[0.294379027732062, 0.1921773781634303]",0,0
4203,[0.7333487  0.68591186],2,0,"[0.7890750777399501, 0.6799557517006445]",1,-1
4204,[0.88025481 0.62982936],2,-1,-1,1,-1
4205,[0.3467328  0.59359895],0,1,"[0.37965276877051146, 0.575157747726818]",1,-1
4206,[0.60620076 0.55598411],3,-1,-1,1,-1
4207,[0.77362111 0.64581013],2,0,"[0.7890750777399501, 0.6799557517006445]",1,-1
4208,[0.80947268 0.68455251],2,0,"[0.7890750777399501, 0.6799557517006445]",1,-1
4209,[0.67205923 0.55206118],3,3,"[0.6601234827680622, 0.6109507568947781]",1,-1
4210,[0.34608854 0.54905139],0,1,"[0.37965276877051146, 0.575157747726818]",1,-1
4211,[0.80898969 0.61938611],2,0,"[0.7890750777399501, 0.6799557517006445]",1,-1
4212,[0.29276184 0.19747143],1,2,"[0.294379027732062, 0.1921773781634303]",0,0
4213,[0.33139863 0.55510068],0,1,"[0.37965276877051146, 0.575157747726818]",1,-1
4214,[0.28742664 0.22715925],1,2,"[0.294379027732062, 0.1921773781634303]",0,0
4215,[0.72968895 0.56046829],3,-1,-1,1,-1
4216,[0.73249719 0.58631212],2,-1,-1,1,-1
4217,[0.73428764 0.64127641],2,0,"[0.7890750777399501, 0.6799557517006445]",1,-1
4218,[0.28472918 0.16354857],1,2,"[0.294379027732062, 0.1921773781634303]",0,0
4219,[0.79753334 0.66826386],2,0,"[0.7890750777399501, 0.6799557517006445]",1,4
4220,[0.32145363 0.11914917],1,-1,-1,0,0
4221,[0.32138612 0.52817242],0,-1,-1,1,-1
4222,[0.19213379 0.15924708],1,-1,-1,0,0
4223,[0.36596887 0.48160691],0,-1,-1,1,-1
4224,[0.25415058 0.22229558],1,2,"[0.294379027732062, 0.1921773781634303]",0,0
4225,[0.26734453 0.17165785],1,2,"[0.294379027732062, 0.1921773781634303]",0,0
4226,[0.76728713 0.65344465],2,0,"[0.7890750777399501, 0.6799557517006445]",1,-1
4227,[0.35635089 0.14145481],1,-1,-1,0,0
4228,[0.77625087 0.55862366],2,-1,-1,1,-1
4229,[0.70183276 0.54120488],3,-1,-1,1,-1
4230,[0.65712123 0.67186627],3,3,"[0.6601234827680622, 0.6109507568947781]",1,-1
4231,[0.80617447 0.65747681],2,0,"[0.7890750777399501, 0.6799557517006445]",1,-1
4232,[0.80643096 0.81821178],2,-1,-1,1,-1
4233,[0.67144288 0.5834156 ],3,3,"[0.6601234827680622, 0.6109507568947781]",1,-1
4234,[0.62618672 0.55358153],3,3,"[0.6601234827680622, 0.6109507568947781]",1,-1
4235,[0.36854025 0.67889844],0,-1,-1,1,-1
4236,[0.68463981 0.67704774],3,-1,-1,1,-1
4237,[0.61347051 0.56034987],3,3,"[0.6601234827680622, 0.6109507568947781]",1,-1
4238,[0.2663896  0.23602713],1,2,"[0.294379027732062, 0.1921773781634303]",0,0
4239,[0.73901838 0.68537962],2,0,"[0.7890750777399501, 0.6799557517006445]",1,-1
4240,[0.37873247 0.5502035 ],0,1,"[0.37965276877051146, 0.575157747726818]",1,-1
4241,[0.72329251 0.71145683],2,-1,-1,1,-1
4242,[0.33314442 0.46767004],0,-1,-1,1,-1
4243,[0.34372848 0.28105559],1,-1,-1,0,0
4244,[0.82717342 0.58885887],2,-1,-1,1,-1
4245,[0.84360052 0.73858758],2,-1,-1,1,-1
4246,[0.2211187  0.48863639],0,-1,-1,1,-1
4247,[0.77312203 0.63041746],2,0,"[0.7890750777399501, 0.6799557517006445]",1,-1
4248,[0.75050521 0.61732578],2,-1,-1,1,-1
4249,[0.34979958 0.54333274],0,1,"[0.37965276877051146, 0.575157747726818]",1,-1
4250,[0.2577614  0.15071534],1,2,"[0.294379027732062, 0.1921773781634303]",0,0
4251,[0.64978483 0.63577428],3,3,"[0.6601234827680622, 0.6109507568947781]",1,-1
4252,[0.7848181  0.72577024],2,0,"[0.7890750777399501, 0.6799557517006445]",1,-1
4253,[0.23474872 0.14047648],1,-1,-1,0,0
4254,[0.32645247 0.54866016],0,1,"[0.37965276877051146, 0.575157747726818]",1,-1
4255,[0.7657521  0.60906415],2,-1,-1,1,-1
4256,[0.74215749 0.74339645],3,-1,-1,1,-1
4257,[0.80877738 0.66577132],2,0,"[0.7890750777399501, 0.6799557517006445]",1,-1
4258,[0.47315198 0.62084564],0,-1,-1,1,-1
4259,[0.68977173 0.54154632],3,-1,-1,1,-1
4260,[0.37529182 0.62457253],0,1,"[0.37965276877051146, 0.575157747726818]",1,-1
4261,[0.72011728 0.68253231],2,0,"[0.7890750777399501, 0.6799557517006445]",1,-1
4262,[0.38477509 0.6062484 ],0,1,"[0.37965276877051146, 0.575157747726818]",1,-1
4263,[0.77105471 0.74641405],2,0,"[0.7890750777399501, 0.6799557517006445]",1,-1
4264,[0.7833448  0.69794616],2,0,"[0.7890750777399501, 0.6799557517006445]",1,-1
4265,[0.39442411 0.54178495],0,1,"[0.37965276877051146, 0.575157747726818]",1,-1
4266,[0.71117875 0.59562177],3,3,"[0.6601234827680622, 0.6109507568947781]",1,-1
4267,[0.77606826 0.7505142 ],2,-1,-1,1,-1
4268,[0.36306815 0.60030812],0,1,"[0.37965276877051146, 0.575157747726818]",1,-1
4269,[0.69797807 0.58424263],3,3,"[0.6601234827680622, 0.6109507568947781]",1,-1
4270,[0.31512534 0.1915014 ],1,2,"[0.294379027732062, 0.1921773781634303]",0,0
4271,[0.34820385 0.63763955],0,1,"[0.37965276877051146, 0.575157747726818]",1,-1
4272,[0.87645309 0.67789446],2,-1,-1,1,-1
4273,[0.7660017  0.68927278],2,0,"[0.7890750777399501, 0.6799557517006445]",1,-1
4274,[0.55812618 0.62671191],3,-1,-1,1,-1
4275,[0.37987725 0.56495691],0,1,"[0.37965276877051146, 0.575157747726818]",1,-1
4276,[0.84352251 0.70095306],2,0,"[0.7890750777399501, 0.6799557517006445]",1,-1
4277,[0.3319307  0.26821494],1,-1,-1,0,0
4278,[0.8111409  0.62299941],2,0,"[0.7890750777399501, 0.6799557517006445]",1,-1
4279,[0.7112016  0.62244526],3,3,"[0.6601234827680622, 0.6109507568947781]",1,-1
4280,[0.28536119 0.21613082],1,2,"[0.294379027732062, 0.1921773781634303]",0,0
4281,[0.27651692 0.1517509 ],1,2,"[0.294379027732062, 0.1921773781634303]",0,0
4282,[0.37128497 0.57787886],0,1,"[0.37965276877051146, 0.575157747726818]",1,1
4283,[0.28940374 0.61409085],0,-1,-1,1,-1
4284,[0.37029332 0.22308291],1,-1,-1,0,0
4285,[0.27009076 0.18902972],1,2,"[0.294379027732062, 0.1921773781634303]",0,0
4286,[0.63234293 0.63498335],2,3,"[0.6601234827680622, 0.6109507568947781]",1,-1
4287,[0.33155027 0.1476203 ],1,2,"[0.294379027732062, 0.1921773781634303]",0,0
4288,[0.36171248 0.6086539 ],0,1,"[0.37965276877051146, 0.575157747726818]",1,-1
4289,[0.61666314 0.63117686],3,3,"[0.6601234827680622, 0.6109507568947781]",1,-1
4290,[0.62682053 0.63737193],3,3,"[0.6601234827680622, 0.6109507568947781]",1,-1
4291,[0.21777704 0.146166  ],1,-1,-1,0,0
4292,[0.62175331 0.60194614],3,3,"[0.6601234827680622, 0.6109507568947781]",1,-1
4293,[0.67377371 0.57460652],3,3,"[0.6601234827680622, 0.6109507568947781]",1,-1
4294,[0.68125994 0.70407358],3,-1,-1,1,-1
4295,[0.337423   0.12384303],1,-1,-1,0,0
4296,[0.26983248 0.13108849],1,2,"[0.294379027732062, 0.1921773781634303]",0,0
4297,[0.37460894 0.49538766],0,-1,-1,1,-1
4298,[0.70554812 0.64627329],3,3,"[0.6601234827680622, 0.6109507568947781]",1,-1
4299,[0.33255033 0.15607993],1,2,"[0.294379027732062, 0.1921773781634303]",0,0
4300,[0.66676012 0.62433402],3,3,"[0.6601234827680622, 0.6109507568947781]",1,7
4301,[0.29270592 0.15350956],1,2,"[0.294379027732062, 0.1921773781634303]",0,0
4302,[0.36874239 0.55330707],0,1,"[0.37965276877051146, 0.575157747726818]",1,-1
4303,[0.57872463 0.73029031],3,-1,-1,1,-1
4304,[0.39837118 0.56936449],0,1,"[0.37965276877051146, 0.575157747726818]",1,2
4305,[0.69584442 0.54793914],3,-1,-1,1,-1
4306,[0.37071528 0.62144043],0,1,"[0.37965276877051146, 0.575157747726818]",1,-1
4307,[0.26834523 0.22825767],1,2,"[0.294379027732062, 0.1921773781634303]",0,0
4308,[0.65228794 0.68476229],3,-1,-1,1,-1
4309,[0.31213994 0.16853901],1,2,"[0.294379027732062, 0.1921773781634303]",0,0
4310,[0.30060154 0.24025383],1,2,"[0.294379027732062, 0.1921773781634303]",0,0
4311,[0.30579914 0.11657894],1,-1,-1,0,0
4312,[0.37009392 0.68486589],0,-1,-1,1,-1
4313,[0.62930769 0.59484414],3,3,"[0.6601234827680622, 0.6109507568947781]",1,-1
4314,[0.17966093 0.14071914],1,-1,-1,0,0
4315,[0.35966996 0.61037707],0,1,"[0.37965276877051146, 0.575157747726818]",1,-1
4316,[0.77135918 0.70659531],2,0,"[0.7890750777399501, 0.6799557517006445]",1,-1
4317,[0.40560091 0.60809522],0,1,"[0.37965276877051146, 0.575157747726818]",1,-1
4318,[0.30586409 0.62833074],0,-1,-1,1,-1
4319,[0.43427018 0.64736583],0,-1,-1,1,-1
4320,[0.41608186 0.56013336],0,1,"[0.37965276877051146, 0.575157747726818]",1,-1
4321,[0.8861054  0.67414299],2,-1,-1,1,-1
4322,[0.63537596 0.57491515],3,3,"[0.6601234827680622, 0.6109507568947781]",1,-1
4323,[0.69775746 0.63665587],3,3,"[0.6601234827680622, 0.6109507568947781]",1,-1
4324,[0.76329218 0.78098546],2,-1,-1,1,-1
4325,[0.37650984 0.52937701],0,1,"[0.37965276877051146, 0.575157747726818]",1,-1
4326,[0.78550921 0.71061695],2,0,"[0.7890750777399501, 0.6799557517006445]",1,-1
4327,[0.368917   0.13404688],1,-1,-1,0,0
4328,[0.71793181 0.55021886],3,-1,-1,1,-1
4329,[0.86587207 0.65533723],2,-1,-1,1,-1
4330,[0.64580967 0.65628542],3,3,"[0.6601234827680622, 0.6109507568947781]",1,-1
4331,[0.38923948 0.5539407 ],0,1,"[0.37965276877051146, 0.575157747726818]",1,-1
4332,[0.85923627 0.6819504 ],2,-1,-1,1,-1
4333,[0.30284622 0.21268289],1,2,"[0.294379027732062, 0.1921773781634303]",0,0
4334,[0.73570052 0.60623881],3,-1,-1,1,-1
4335,[0.41940748 0.53161082],0,1,"[0.37965276877051146, 0.575157747726818]",1,-1
4336,[0.6496803  0.66562837],3,3,"[0.6601234827680622, 0.6109507568947781]",1,-1
4337,[0.26247259 0.57672695],0,-1,-1,1,-1
4338,[0.37624828 0.56578508],0,1,"[0.37965276877051146, 0.575157747726818]",1,-1
4339,[0.44467667 0.58042592],0,1,"[0.37965276877051146, 0.575157747726818]",1,-1
4340,[0.25308597 0.12576038],1,-1,-1,0,0
4341,[0.32512932 0.61404817],0,1,"[0.37965276877051146, 0.575157747726818]",1,-1
4342,[0.76259215 0.59931652],2,-1,-1,1,-1
4343,[0.23518784 0.16699772],1,2,"[0.294379027732062, 0.1921773781634303]",0,0
4344,[0.22468073 0.23349949],1,-1,-1,0,0
4345,[0.40395489 0.56914648],0,1,"[0.37965276877051146, 0.575157747726818]",1,2
4346,[0.76148806 0.73700384],2,0,"[0.7890750777399501, 0.6799557517006445]",1,-1
4347,[0.80921363 0.59031343],2,-1,-1,1,-1
4348,[0.25960785 0.60475586],0,-1,-1,1,-1
4349,[0.8116431  0.69376289],2,0,"[0.7890750777399501, 0.6799557517006445]",1,-1
4350,[0.83804681 0.68143252],2,0,"[0.7890750777399501, 0.6799557517006445]",1,-1
4351,[0.35983066 0.17706004],1,2,"[0.294379027732062, 0.1921773781634303]",0,0
4352,[0.7969673 0.636514 ],2,0,"[0.7890750777399501, 0.6799557517006445]",1,-1
4353,[0.78068171 0.68783459],2,0,"[0.7890750777399501, 0.6799557517006445]",1,-1
4354,[0.3738938  0.61668634],0,1,"[0.37965276877051146, 0.575157747726818]",1,-1
4355,[0.85761267 0.73933952],2,-1,-1,1,-1
4356,[0.34542148 0.44469703],0,-1,-1,1,-1
4357,[0.25939309 0.15959901],1,2,"[0.294379027732062, 0.1921773781634303]",0,0
4358,[0.6885227  0.60268488],3,3,"[0.6601234827680622, 0.6109507568947781]",1,5
4359,[0.2376136 0.1255848],1,-1,-1,0,0
4360,[0.58146561 0.62842533],3,-1,-1,1,-1
4361,[0.37731218 0.60454668],0,1,"[0.37965276877051146, 0.575157747726818]",1,-1
4362,[0.3625354  0.15946893],1,-1,-1,0,0
4363,[0.26806145 0.18358633],1,2,"[0.294379027732062, 0.1921773781634303]",0,0
4364,[0.34569956 0.52053773],0,1,"[0.37965276877051146, 0.575157747726818]",1,-1
4365,[0.40456285 0.63918344],0,1,"[0.37965276877051146, 0.575157747726818]",1,-1
4366,[0.7335191  0.57839894],2,-1,-1,1,-1
4367,[0.32258699 0.54699077],0,1,"[0.37965276877051146, 0.575157747726818]",1,-1
4368,[0.7750924  0.73915524],2,0,"[0.7890750777399501, 0.6799557517006445]",1,-1
4369,[0.18777085 0.17595034],1,-1,-1,0,0
4370,[0.28967187 0.16397711],1,2,"[0.294379027732062, 0.1921773781634303]",0,0
4371,[0.47335335 0.62046194],0,-1,-1,1,-1
4372,[0.3591877  0.59386155],0,1,"[0.37965276877051146, 0.575157747726818]",1,-1
4373,[0.74578817 0.7289325 ],2,0,"[0.7890750777399501, 0.6799557517006445]",1,-1
4374,[0.42022014 0.60790715],0,1,"[0.37965276877051146, 0.575157747726818]",1,-1
4375,[0.67117557 0.55045992],3,3,"[0.6601234827680622, 0.6109507568947781]",1,-1
4376,[0.23384492 0.21718818],1,2,"[0.294379027732062, 0.1921773781634303]",0,0
4377,[0.32389792 0.57931168],0,1,"[0.37965276877051146, 0.575157747726818]",1,-1
4378,[0.66440091 0.69193076],3,-1,-1,1,-1
4379,[0.6609989  0.66631255],3,3,"[0.6601234827680622, 0.6109507568947781]",1,-1
4380,[0.75592294 0.62855507],2,0,"[0.7890750777399501, 0.6799557517006445]",1,-1
4381,[0.59419526 0.53291331],3,-1,-1,1,-1
4382,[0.66342014 0.6113658 ],3,3,"[0.6601234827680622, 0.6109507568947781]",1,-1
4383,[0.79036182 0.77107916],2,-1,-1,1,-1
4384,[0.6783149  0.66298304],3,3,"[0.6601234827680622, 0.6109507568947781]",1,-1
4385,[0.40132174 0.55736908],0,1,"[0.37965276877051146, 0.575157747726818]",1,-1
4386,[0.35646924 0.55590417],0,1,"[0.37965276877051146, 0.575157747726818]",1,-1
4387,[0.71603412 0.53824148],2,-1,-1,1,-1
4388,[0.27287832 0.16012137],1,2,"[0.294379027732062, 0.1921773781634303]",0,0
4389,[0.3186169  0.11842043],1,-1,-1,0,0
4390,[0.6057736  0.66802447],3,-1,-1,1,-1
4391,[0.36544605 0.65305317],0,-1,-1,1,-1
4392,[0.90301858 0.74641745],2,-1,-1,1,-1
4393,[0.31108351 0.171531  ],1,2,"[0.294379027732062, 0.1921773781634303]",0,0
4394,[0.36372616 0.56076824],0,1,"[0.37965276877051146, 0.575157747726818]",1,-1
4395,[0.60021978 0.65619463],3,-1,-1,1,-1
4396,[0.46240159 0.57761834],0,-1,-1,1,-1
4397,[0.72010041 0.53839025],3,-1,-1,1,-1
4398,[0.27519891 0.17037406],1,2,"[0.294379027732062, 0.1921773781634303]",0,0
4399,[0.72468204 0.69801727],2,0,"[0.7890750777399501, 0.6799557517006445]",1,-1
4400,[0.29017666 0.167959  ],1,2,"[0.294379027732062, 0.1921773781634303]",0,0
4401,[0.41225716 0.66702619],0,-1,-1,1,-1
4402,[0.20967226 0.21843835],1,-1,-1,0,0
4403,[0.28719382 0.13459595],1,2,"[0.294379027732062, 0.1921773781634303]",0,0
4404,[0.28074799 0.16861762],1,2,"[0.294379027732062, 0.1921773781634303]",0,0
4405,[0.75255022 0.71168026],2,0,"[0.7890750777399501, 0.6799557517006445]",1,-1
4406,[0.31794249 0.52689661],0,-1,-1,1,-1
4407,[0.34281997 0.5899609 ],0,1,"[0.37965276877051146, 0.575157747726818]",1,-1
4408,[0.87782707 0.73655932],2,-1,-1,1,-1
4409,[0.23451134 0.22011076],1,2,"[0.294379027732062, 0.1921773781634303]",0,0
4410,[0.42081909 0.49593421],0,-1,-1,1,-1
4411,[0.30619398 0.15530408],1,2,"[0.294379027732062, 0.1921773781634303]",0,0
4412,[0.3379786  0.17954653],1,2,"[0.294379027732062, 0.1921773781634303]",0,0
4413,[0.30644852 0.13284391],1,2,"[0.294379027732062, 0.1921773781634303]",0,0
4414,[0.52543115 0.68954417],3,-1,-1,1,-1
4415,[0.2008612 0.2017412],1,-1,-1,0,0
4416,[0.82465659 0.74678739],2,-1,-1,1,-1
4417,[0.77355111 0.74623819],2,0,"[0.7890750777399501, 0.6799557517006445]",1,-1
4418,[0.30024117 0.21276163],1,2,"[0.294379027732062, 0.1921773781634303]",0,0
4419,[0.82281682 0.6705068 ],2,0,"[0.7890750777399501, 0.6799557517006445]",1,-1
4420,[0.30283367 0.24364047],1,2,"[0.294379027732062, 0.1921773781634303]",0,0
4421,[0.38487502 0.52407087],0,1,"[0.37965276877051146, 0.575157747726818]",1,-1
4422,[0.76926797 0.55651395],3,-1,-1,1,-1
4423,[0.28923844 0.25328548],1,2,"[0.294379027732062, 0.1921773781634303]",0,0
4424,[0.26229362 0.19967476],1,2,"[0.294379027732062, 0.1921773781634303]",0,0
4425,[0.26799877 0.23674596],1,2,"[0.294379027732062, 0.1921773781634303]",0,0
4426,[0.333322   0.15311562],1,2,"[0.294379027732062, 0.1921773781634303]",0,0
4427,[0.40302507 0.19801598],1,-1,-1,0,0
4428,[0.37357104 0.58054628],0,1,"[0.37965276877051146, 0.575157747726818]",1,1
4429,[0.32575212 0.52114065],0,-1,-1,1,-1
4430,[0.33458647 0.67317602],0,-1,-1,1,-1
4431,[0.37770782 0.54350518],0,1,"[0.37965276877051146, 0.575157747726818]",1,-1
4432,[0.30634127 0.20106081],1,2,"[0.294379027732062, 0.1921773781634303]",0,0
4433,[0.83076086 0.67686292],2,0,"[0.7890750777399501, 0.6799557517006445]",1,-1
4434,[0.64894428 0.65029364],3,3,"[0.6601234827680622, 0.6109507568947781]",1,-1
4435,[0.32498421 0.17261364],1,2,"[0.294379027732062, 0.1921773781634303]",0,0
4436,[0.82600665 0.64140307],2,0,"[0.7890750777399501, 0.6799557517006445]",1,-1
4437,[0.32963105 0.25950027],1,-1,-1,0,0
4438,[0.21649717 0.20060971],1,-1,-1,0,0
4439,[0.38117264 0.61630531],0,1,"[0.37965276877051146, 0.575157747726818]",1,-1
4440,[0.75790459 0.64672169],2,0,"[0.7890750777399501, 0.6799557517006445]",1,-1
4441,[0.66895772 0.6714944 ],3,3,"[0.6601234827680622, 0.6109507568947781]",1,-1
4442,[0.35293017 0.45079983],0,-1,-1,1,-1
4443,[0.75155178 0.81264692],2,-1,-1,1,-1
4444,[0.70893614 0.62884377],2,3,"[0.6601234827680622, 0.6109507568947781]",1,-1
4445,[0.29184579 0.20389504],1,2,"[0.294379027732062, 0.1921773781634303]",0,0
4446,[0.65799883 0.58236348],3,3,"[0.6601234827680622, 0.6109507568947781]",1,-1
4447,[0.39852388 0.64099157],0,1,"[0.37965276877051146, 0.575157747726818]",1,-1
4448,[0.79401777 0.71436127],2,0,"[0.7890750777399501, 0.6799557517006445]",1,-1
4449,[0.78417281 0.54431378],3,-1,-1,1,-1
4450,[0.87235242 0.58952523],2,-1,-1,1,-1
4451,[0.69277071 0.6272585 ],3,3,"[0.6601234827680622, 0.6109507568947781]",1,7
4452,[0.80663052 0.66854052],2,0,"[0.7890750777399501, 0.6799557517006445]",1,-1
4453,[0.73891996 0.65626509],3,0,"[0.7890750777399501, 0.6799557517006445]",1,-1
4454,[0.32926566 0.18469939],1,2,"[0.294379027732062, 0.1921773781634303]",0,0
4455,[0.29758938 0.17333638],1,2,"[0.294379027732062, 0.1921773781634303]",0,0
4456,[0.28142608 0.22978364],1,2,"[0.294379027732062, 0.1921773781634303]",0,0
4457,[0.64798394 0.63431642],3,3,"[0.6601234827680622, 0.6109507568947781]",1,-1
4458,[0.81392637 0.63393014],2,0,"[0.7890750777399501, 0.6799557517006445]",1,-1
4459,[0.72258077 0.68439021],3,0,"[0.7890750777399501, 0.6799557517006445]",1,-1
4460,[0.37866876 0.63608368],0,1,"[0.37965276877051146, 0.575157747726818]",1,-1
4461,[0.67376634 0.65369003],3,3,"[0.6601234827680622, 0.6109507568947781]",1,-1
4462,[0.35134443 0.18500886],1,2,"[0.294379027732062, 0.1921773781634303]",0,0
4463,[0.66542111 0.53783842],3,-1,-1,1,-1
4464,[0.83868639 0.6971147 ],2,0,"[0.7890750777399501, 0.6799557517006445]",1,-1
4465,[0.37063377 0.63425188],0,1,"[0.37965276877051146, 0.575157747726818]",1,-1
4466,[0.40469539 0.65071493],0,-1,-1,1,-1
4467,[0.22140557 0.19262515],1,-1,-1,0,0
4468,[0.27218135 0.16235689],1,2,"[0.294379027732062, 0.1921773781634303]",0,0
4469,[0.39090735 0.21234337],1,-1,-1,0,0
4470,[0.18029651 0.13812323],1,-1,-1,0,0
4471,[0.77181191 0.71618794],2,0,"[0.7890750777399501, 0.6799557517006445]",1,-1
4472,[0.66464509 0.69330131],3,-1,-1,1,-1
4473,[0.24318245 0.26197929],1,-1,-1,0,0
4474,[0.65744845 0.61483252],3,3,"[0.6601234827680622, 0.6109507568947781]",1,-1
4475,[0.75403931 0.68888412],2,0,"[0.7890750777399501, 0.6799557517006445]",1,-1
4476,[0.4038969  0.21078505],1,-1,-1,0,0
4477,[0.33009276 0.15413656],1,2,"[0.294379027732062, 0.1921773781634303]",0,0
4478,[0.41585148 0.59908175],0,1,"[0.37965276877051146, 0.575157747726818]",1,-1
4479,[0.34329715 0.61184558],0,1,"[0.37965276877051146, 0.575157747726818]",1,-1
4480,[0.610665   0.58486456],3,3,"[0.6601234827680622, 0.6109507568947781]",1,-1
4481,[0.68902236 0.56616798],3,3,"[0.6601234827680622, 0.6109507568947781]",1,-1
4482,[0.72453752 0.58509453],3,3,"[0.6601234827680622, 0.6109507568947781]",1,-1
4483,[0.31882332 0.58451281],0,1,"[0.37965276877051146, 0.575157747726818]",1,-1
4484,[0.43171172 0.58495643],0,1,"[0.37965276877051146, 0.575157747726818]",1,-1
4485,[0.64630277 0.60647588],3,3,"[0.6601234827680622, 0.6109507568947781]",1,6
4486,[0.65106808 0.5920178 ],3,3,"[0.6601234827680622, 0.6109507568947781]",1,-1
4487,[0.43913555 0.52674307],0,-1,-1,1,-1
4488,[0.82151887 0.60065585],2,-1,-1,1,-1
4489,[0.80333892 0.65936771],2,0,"[0.7890750777399501, 0.6799557517006445]",1,-1
4490,[0.5560761 0.5871258],3,-1,-1,1,-1
4491,[0.26743817 0.18828753],1,2,"[0.294379027732062, 0.1921773781634303]",0,0
4492,[0.36276547 0.12499118],1,-1,-1,0,0
4493,[0.4281839  0.56100248],0,1,"[0.37965276877051146, 0.575157747726818]",1,-1
4494,[0.35585926 0.60724758],0,1,"[0.37965276877051146, 0.575157747726818]",1,-1
4495,[0.33280159 0.52264831],0,-1,-1,1,-1
4496,[0.29959054 0.15090392],1,2,"[0.294379027732062, 0.1921773781634303]",0,0
4497,[0.42124184 0.50245994],0,-1,-1,1,-1
4498,[0.72225396 0.62237032],3,3,"[0.6601234827680622, 0.6109507568947781]",1,-1
4499,[0.68679254 0.63230958],3,3,"[0.6601234827680622, 0.6109507568947781]",1,-1
4500,[0.8402316  0.67013924],2,0,"[0.7890750777399501, 0.6799557517006445]",1,-1
4501,[0.35813833 0.5950048 ],0,1,"[0.37965276877051146, 0.575157747726818]",1,-1
4502,[0.8598763  0.62380195],2,-1,-1,1,-1
4503,[0.35866797 0.57626079],0,1,"[0.37965276877051146, 0.575157747726818]",1,-1
4504,[0.56750513 0.63298139],3,-1,-1,1,-1
4505,[0.76136039 0.76555398],2,-1,-1,1,-1
4506,[0.365265   0.19572861],1,-1,-1,0,0
4507,[0.39514465 0.49467201],0,-1,-1,1,-1
4508,[0.25243213 0.13708916],1,2,"[0.294379027732062, 0.1921773781634303]",0,0
4509,[0.72498261 0.69426659],3,0,"[0.7890750777399501, 0.6799557517006445]",1,-1
4510,[0.82949132 0.67389711],2,0,"[0.7890750777399501, 0.6799557517006445]",1,-1
4511,[0.20332529 0.22270312],1,-1,-1,0,0
4512,[0.76583076 0.66775268],2,0,"[0.7890750777399501, 0.6799557517006445]",1,-1
4513,[0.26793039 0.20574872],1,2,"[0.294379027732062, 0.1921773781634303]",0,0
4514,[0.2517721  0.22186709],1,2,"[0.294379027732062, 0.1921773781634303]",0,0
4515,[0.60534446 0.62274823],3,3,"[0.6601234827680622, 0.6109507568947781]",1,-1
4516,[0.87527804 0.65654154],2,-1,-1,1,-1
4517,[0.37849236 0.46631765],0,-1,-1,1,-1
4518,[0.36233891 0.5210275 ],0,1,"[0.37965276877051146, 0.575157747726818]",1,-1
4519,[0.31997963 0.20572262],1,2,"[0.294379027732062, 0.1921773781634303]",0,0
4520,[0.29070456 0.15052829],1,2,"[0.294379027732062, 0.1921773781634303]",0,0
4521,[0.84163753 0.71908075],2,0,"[0.7890750777399501, 0.6799557517006445]",1,-1
4522,[0.22630023 0.07320383],1,-1,-1,0,0
4523,[0.83775911 0.64613105],2,0,"[0.7890750777399501, 0.6799557517006445]",1,-1
4524,[0.64132498 0.62727232],3,3,"[0.6601234827680622, 0.6109507568947781]",1,-1
4525,[0.23966796 0.23259385],1,2,"[0.294379027732062, 0.1921773781634303]",0,0
4526,[0.44090662 0.56736119],0,1,"[0.37965276877051146, 0.575157747726818]",1,-1
4527,[0.64862274 0.57552635],3,3,"[0.6601234827680622, 0.6109507568947781]",1,-1
4528,[0.73526254 0.79066379],2,-1,-1,1,-1
4529,[0.22853019 0.15047927],1,-1,-1,0,0
4530,[0.53707436 0.5932458 ],3,-1,-1,1,-1
4531,[0.61924632 0.60163743],3,3,"[0.6601234827680622, 0.6109507568947781]",1,-1
4532,[0.2296888  0.16388166],1,-1,-1,0,0
4533,[0.37341987 0.56178329],0,1,"[0.37965276877051146, 0.575157747726818]",1,-1
4534,[0.5910634  0.69234556],3,-1,-1,1,-1
4535,[0.28544619 0.19349585],1,2,"[0.294379027732062, 0.1921773781634303]",0,0
4536,[0.39779127 0.64709142],0,-1,-1,1,-1
4537,[0.64539881 0.56334151],3,3,"[0.6601234827680622, 0.6109507568947781]",1,-1
4538,[0.35894805 0.09154655],1,-1,-1,0,0
4539,[0.8941634  0.67710354],2,-1,-1,1,-1
4540,[0.81456129 0.61651114],2,0,"[0.7890750777399501, 0.6799557517006445]",1,-1
4541,[0.7242364  0.59430356],3,3,"[0.6601234827680622, 0.6109507568947781]",1,-1
4542,[0.29749777 0.56744352],0,-1,-1,1,-1
4543,[0.23102031 0.28808964],1,-1,-1,0,0
4544,[0.71898534 0.60347789],3,3,"[0.6601234827680622, 0.6109507568947781]",1,-1
4545,[0.59762373 0.64448436],3,-1,-1,1,-1
4546,[0.32932992 0.57095508],0,1,"[0.37965276877051146, 0.575157747726818]",1,-1
4547,[0.68370796 0.5970068 ],3,3,"[0.6601234827680622, 0.6109507568947781]",1,5
4548,[0.38178685 0.55804201],0,1,"[0.37965276877051146, 0.575157747726818]",1,-1
4549,[0.25427789 0.18153529],1,2,"[0.294379027732062, 0.1921773781634303]",0,0
4550,[0.26923085 0.23801345],1,2,"[0.294379027732062, 0.1921773781634303]",0,0
4551,[0.4674144 0.6087257],0,-1,-1,1,-1
4552,[0.63781323 0.62052483],3,3,"[0.6601234827680622, 0.6109507568947781]",1,6
4553,[0.25487974 0.19538498],1,2,"[0.294379027732062, 0.1921773781634303]",0,0
4554,[0.34543585 0.52426781],0,1,"[0.37965276877051146, 0.575157747726818]",1,-1
4555,[0.65859083 0.52659739],3,-1,-1,1,-1
4556,[0.70902835 0.53919709],3,-1,-1,1,-1
4557,[0.58599478 0.57415131],3,-1,-1,1,-1
4558,[0.46402677 0.44637067],0,-1,-1,1,-1
4559,[0.64344511 0.53611262],3,-1,-1,1,-1
4560,[0.33816659 0.56124929],0,1,"[0.37965276877051146, 0.575157747726818]",1,-1
4561,[0.80406373 0.69664438],2,0,"[0.7890750777399501, 0.6799557517006445]",1,-1
4562,[0.43717547 0.55981656],0,1,"[0.37965276877051146, 0.575157747726818]",1,-1
4563,[0.33424016 0.10228524],1,-1,-1,0,0
4564,[0.3402285  0.14639655],1,2,"[0.294379027732062, 0.1921773781634303]",0,0
4565,[0.31472471 0.22128574],1,2,"[0.294379027732062, 0.1921773781634303]",0,0
4566,[0.31853154 0.12022576],1,-1,-1,0,0
4567,[0.34396758 0.59876088],0,1,"[0.37965276877051146, 0.575157747726818]",1,-1
4568,[0.33890681 0.60675111],0,1,"[0.37965276877051146, 0.575157747726818]",1,-1
4569,[0.34642756 0.14915047],1,2,"[0.294379027732062, 0.1921773781634303]",0,0
4570,[0.6764683 0.6479606],3,3,"[0.6601234827680622, 0.6109507568947781]",1,-1
4571,[0.73772969 0.60942024],3,-1,-1,1,-1
4572,[0.23422569 0.25240091],1,-1,-1,0,0
4573,[0.88331263 0.71854645],2,-1,-1,1,-1
4574,[0.46530109 0.59580048],0,-1,-1,1,-1
4575,[0.41642022 0.61022293],0,1,"[0.37965276877051146, 0.575157747726818]",1,-1
4576,[0.78907449 0.71839478],2,0,"[0.7890750777399501, 0.6799557517006445]",1,-1
4577,[0.23150523 0.1317859 ],1,-1,-1,0,0
4578,[0.75031881 0.64263462],2,0,"[0.7890750777399501, 0.6799557517006445]",1,-1
4579,[0.77495587 0.80245992],2,-1,-1,1,-1
4580,[0.36125214 0.52122103],0,1,"[0.37965276877051146, 0.575157747726818]",1,-1
4581,[0.67300762 0.64668883],3,3,"[0.6601234827680622, 0.6109507568947781]",1,-1
4582,[0.73935262 0.73548713],2,-1,-1,1,-1
4583,[0.27742867 0.14028197],1,2,"[0.294379027732062, 0.1921773781634303]",0,0
4584,[0.4286983  0.58228985],0,1,"[0.37965276877051146, 0.575157747726818]",1,-1
4585,[0.41197717 0.58541705],0,1,"[0.37965276877051146, 0.575157747726818]",1,-1
4586,[0.76276907 0.53636382],3,-1,-1,1,-1
4587,[0.287206   0.15682943],1,2,"[0.294379027732062, 0.1921773781634303]",0,0
4588,[0.37067987 0.28932627],1,-1,-1,0,0
4589,[0.21313824 0.220844  ],1,-1,-1,0,0
4590,[0.72203488 0.67212335],3,0,"[0.7890750777399501, 0.6799557517006445]",1,-1
4591,[0.3082164  0.14707065],1,2,"[0.294379027732062, 0.1921773781634303]",0,0
4592,[0.69406659 0.56287868],3,3,"[0.6601234827680622, 0.6109507568947781]",1,-1
4593,[0.61068153 0.58288465],3,3,"[0.6601234827680622, 0.6109507568947781]",1,-1
4594,[0.57959945 0.53397905],3,-1,-1,1,-1
4595,[0.8623338  0.69355821],2,-1,-1,1,-1
4596,[0.39186837 0.56681516],0,1,"[0.37965276877051146, 0.575157747726818]",1,-1
4597,[0.78172167 0.67782794],2,0,"[0.7890750777399501, 0.6799557517006445]",1,4
4598,[0.81265957 0.68120131],2,0,"[0.7890750777399501, 0.6799557517006445]",1,4
4599,[0.76736584 0.6170789 ],2,0,"[0.7890750777399501, 0.6799557517006445]",1,-1
4600,[0.40931554 0.54759338],0,1,"[0.37965276877051146, 0.575157747726818]",1,-1
4601,[0.80808558 0.75158065],2,-1,-1,1,-1
4602,[0.7422093  0.65124684],2,0,"[0.7890750777399501, 0.6799557517006445]",1,-1
4603,[0.70395998 0.60097489],2,3,"[0.6601234827680622, 0.6109507568947781]",1,-1
4604,[0.38778498 0.60358123],0,1,"[0.37965276877051146, 0.575157747726818]",1,-1
4605,[0.68756831 0.70775106],3,-1,-1,1,-1
4606,[0.21854744 0.17001704],1,-1,-1,0,0
4607,[0.22229147 0.11943811],1,-1,-1,0,0
4608,[0.7470759  0.71594314],2,0,"[0.7890750777399501, 0.6799557517006445]",1,-1
4609,[0.31109269 0.21566257],1,2,"[0.294379027732062, 0.1921773781634303]",0,0
4610,[0.85510383 0.72089482],2,-1,-1,1,-1
4611,[0.36599336 0.20747836],1,-1,-1,0,0
4612,[0.73204571 0.72853844],2,-1,-1,1,-1
4613,[0.41301914 0.50364536],0,-1,-1,1,-1
4614,[0.23012978 0.12472   ],1,-1,-1,0,0
4615,[0.26758493 0.19723317],1,2,"[0.294379027732062, 0.1921773781634303]",0,0
4616,[0.29091535 0.16041645],1,2,"[0.294379027732062, 0.1921773781634303]",0,0
4617,[0.3689609  0.17762801],1,-1,-1,0,0
4618,[0.45474517 0.56437167],0,-1,-1,1,-1
4619,[0.70784564 0.58120893],2,3,"[0.6601234827680622, 0.6109507568947781]",1,-1
4620,[0.33468727 0.57296184],0,1,"[0.37965276877051146, 0.575157747726818]",1,-1
4621,[0.76221183 0.71784371],2,0,"[0.7890750777399501, 0.6799557517006445]",1,-1
4622,[0.80174461 0.65499358],2,0,"[0.7890750777399501, 0.6799557517006445]",1,-1
4623,[0.22286447 0.13724266],1,-1,-1,0,0
4624,[0.55769154 0.67009151],3,-1,-1,1,-1
4625,[0.2905315  0.22095745],1,2,"[0.294379027732062, 0.1921773781634303]",0,0
4626,[0.7673628  0.66087515],2,0,"[0.7890750777399501, 0.6799557517006445]",1,3
4627,[0.41887456 0.50808879],0,-1,-1,1,-1
4628,[0.65637169 0.59995254],3,3,"[0.6601234827680622, 0.6109507568947781]",1,6
4629,[0.75794601 0.70513306],2,0,"[0.7890750777399501, 0.6799557517006445]",1,-1
4630,[0.68415986 0.65940405],3,3,"[0.6601234827680622, 0.6109507568947781]",1,-1
4631,[0.29758883 0.26417311],1,-1,-1,0,0
4632,[0.84340828 0.6436407 ],2,0,"[0.7890750777399501, 0.6799557517006445]",1,-1
4633,[0.66497316 0.63514067],3,3,"[0.6601234827680622, 0.6109507568947781]",1,7
4634,[0.34204924 0.53009747],0,1,"[0.37965276877051146, 0.575157747726818]",1,-1
4635,[0.26575529 0.08651167],1,-1,-1,0,0
4636,[0.89962159 0.73635764],2,-1,-1,1,-1
4637,[0.36357275 0.18574943],1,2,"[0.294379027732062, 0.1921773781634303]",0,0
4638,[0.81062142 0.71463609],2,0,"[0.7890750777399501, 0.6799557517006445]",1,-1
4639,[0.8548905  0.73670827],2,-1,-1,1,-1
4640,[0.82315604 0.61635102],2,-1,-1,1,-1
4641,[0.27062388 0.5774982 ],0,-1,-1,1,-1
4642,[0.33454334 0.17111609],1,2,"[0.294379027732062, 0.1921773781634303]",0,0
4643,[0.78159069 0.66244326],2,0,"[0.7890750777399501, 0.6799557517006445]",1,-1
4644,[0.21928195 0.10715582],1,-1,-1,0,0
4645,[0.32453041 0.58559478],0,1,"[0.37965276877051146, 0.575157747726818]",1,-1
4646,[0.42019689 0.5889165 ],0,1,"[0.37965276877051146, 0.575157747726818]",1,-1
4647,[0.3293708  0.55533317],0,1,"[0.37965276877051146, 0.575157747726818]",1,-1
4648,[0.33694446 0.13280521],1,-1,-1,0,0
4649,[0.37850175 0.60113039],0,1,"[0.37965276877051146, 0.575157747726818]",1,-1
4650,[0.80885116 0.647341  ],2,0,"[0.7890750777399501, 0.6799557517006445]",1,-1
4651,[0.67336747 0.5682476 ],3,3,"[0.6601234827680622, 0.6109507568947781]",1,-1
4652,[0.78191233 0.63429246],2,0,"[0.7890750777399501, 0.6799557517006445]",1,-1
4653,[0.36285161 0.6647379 ],0,-1,-1,1,-1
4654,[0.31407016 0.12469133],1,-1,-1,0,0
4655,[0.36493105 0.56016648],0,1,"[0.37965276877051146, 0.575157747726818]",1,1
4656,[0.65143503 0.73599418],3,-1,-1,1,-1
4657,[0.37236283 0.586731  ],0,1,"[0.37965276877051146, 0.575157747726818]",1,-1
4658,[0.65266748 0.55234514],3,3,"[0.6601234827680622, 0.6109507568947781]",1,-1
4659,[0.30254703 0.55057754],0,-1,-1,1,-1
4660,[0.65571357 0.63709766],3,3,"[0.6601234827680622, 0.6109507568947781]",1,-1
4661,[0.69910374 0.63159034],3,3,"[0.6601234827680622, 0.6109507568947781]",1,-1
4662,[0.75088054 0.61191846],2,-1,-1,1,-1
4663,[0.59317476 0.58222652],3,-1,-1,1,-1
4664,[0.17144315 0.21203178],1,-1,-1,0,0
4665,[0.37413079 0.12530327],1,-1,-1,0,0
4666,[0.72016739 0.72022919],2,-1,-1,1,-1
4667,[0.77002499 0.75252562],2,-1,-1,1,-1
4668,[0.35304262 0.2014474 ],1,2,"[0.294379027732062, 0.1921773781634303]",0,0
4669,[0.38175706 0.53940405],0,1,"[0.37965276877051146, 0.575157747726818]",1,-1
4670,[0.38790028 0.52711373],0,1,"[0.37965276877051146, 0.575157747726818]",1,-1
4671,[0.84728887 0.67775217],2,0,"[0.7890750777399501, 0.6799557517006445]",1,-1
4672,[0.79078858 0.76349674],2,-1,-1,1,-1
4673,[0.79175684 0.69252542],2,0,"[0.7890750777399501, 0.6799557517006445]",1,-1
4674,[0.71302096 0.6972332 ],2,-1,-1,1,-1
4675,[0.37195085 0.53861686],0,1,"[0.37965276877051146, 0.575157747726818]",1,-1
4676,[0.75649009 0.73304031],2,0,"[0.7890750777399501, 0.6799557517006445]",1,-1
4677,[0.63108604 0.68858688],3,-1,-1,1,-1
4678,[0.32077129 0.14116071],1,2,"[0.294379027732062, 0.1921773781634303]",0,0
4679,[0.34887669 0.53618104],0,1,"[0.37965276877051146, 0.575157747726818]",1,-1
4680,[0.64210971 0.56446934],3,3,"[0.6601234827680622, 0.6109507568947781]",1,-1
4681,[0.34439889 0.61630598],0,1,"[0.37965276877051146, 0.575157747726818]",1,-1
4682,[0.33726889 0.58746357],0,1,"[0.37965276877051146, 0.575157747726818]",1,-1
4683,[0.26882237 0.09971078],1,-1,-1,0,0
4684,[0.86617396 0.70218698],2,-1,-1,1,-1
4685,[0.26451752 0.14814768],1,2,"[0.294379027732062, 0.1921773781634303]",0,0
4686,[0.32358042 0.61258192],0,1,"[0.37965276877051146, 0.575157747726818]",1,-1
4687,[0.91139548 0.64923849],2,-1,-1,1,-1
4688,[0.32989489 0.18833962],1,2,"[0.294379027732062, 0.1921773781634303]",0,0
4689,[0.40556537 0.53737884],0,1,"[0.37965276877051146, 0.575157747726818]",1,-1
4690,[0.44731465 0.56879973],0,1,"[0.37965276877051146, 0.575157747726818]",1,-1
4691,[0.76907981 0.58997775],2,-1,-1,1,-1
4692,[0.4312383  0.56344821],0,1,"[0.37965276877051146, 0.575157747726818]",1,-1
4693,[0.5388223  0.60539613],3,-1,-1,1,-1
4694,[0.33425577 0.23751432],1,2,"[0.294379027732062, 0.1921773781634303]",0,0
4695,[0.26064041 0.58909031],0,-1,-1,1,-1
4696,[0.71785567 0.63609301],3,3,"[0.6601234827680622, 0.6109507568947781]",1,-1
4697,[0.75559971 0.67422362],3,0,"[0.7890750777399501, 0.6799557517006445]",1,-1
4698,[0.64600535 0.63600564],3,3,"[0.6601234827680622, 0.6109507568947781]",1,-1
4699,[0.39497745 0.6907757 ],0,-1,-1,1,-1
4700,[0.76449878 0.65274985],2,0,"[0.7890750777399501, 0.6799557517006445]",1,-1
4701,[0.78327111 0.60600639],2,-1,-1,1,-1
4702,[0.79388131 0.68924352],2,0,"[0.7890750777399501, 0.6799557517006445]",1,-1
4703,[0.43303002 0.42393027],0,-1,-1,1,-1
4704,[0.29099945 0.10888647],1,-1,-1,0,0
4705,[0.78085703 0.702825  ],2,0,"[0.7890750777399501, 0.6799557517006445]",1,-1
4706,[0.8468636 0.6856051],2,0,"[0.7890750777399501, 0.6799557517006445]",1,-1
4707,[0.76671018 0.64489018],3,0,"[0.7890750777399501, 0.6799557517006445]",1,-1
4708,[0.34227254 0.2474217 ],1,-1,-1,0,0
4709,[0.32474539 0.63698231],0,-1,-1,1,-1
4710,[0.34305959 0.13650745],1,-1,-1,0,0
4711,[0.74708731 0.64210622],3,0,"[0.7890750777399501, 0.6799557517006445]",1,-1
4712,[0.28615618 0.23816898],1,2,"[0.294379027732062, 0.1921773781634303]",0,0
4713,[0.33801442 0.17474485],1,2,"[0.294379027732062, 0.1921773781634303]",0,0
4714,[0.39612834 0.68304908],0,-1,-1,1,-1
4715,[0.37519352 0.15005973],1,-1,-1,0,0
4716,[0.82218853 0.81866783],2,-1,-1,1,-1
4717,[0.2646234  0.17876436],1,2,"[0.294379027732062, 0.1921773781634303]",0,0
4718,[0.18020425 0.20761655],1,-1,-1,0,0
4719,[0.62781384 0.58205922],3,3,"[0.6601234827680622, 0.6109507568947781]",1,-1
4720,[0.70333114 0.60424943],3,3,"[0.6601234827680622, 0.6109507568947781]",1,-1
4721,[0.79039426 0.66954768],2,0,"[0.7890750777399501, 0.6799557517006445]",1,4
4722,[0.76367523 0.58191227],2,-1,-1,1,-1
4723,[0.24311381 0.23031332],1,2,"[0.294379027732062, 0.1921773781634303]",0,0
4724,[0.78452753 0.71968918],2,0,"[0.7890750777399501, 0.6799557517006445]",1,-1
4725,[0.64969038 0.65724103],3,3,"[0.6601234827680622, 0.6109507568947781]",1,-1
4726,[0.72804674 0.62930632],3,-1,-1,1,-1
4727,[0.36080781 0.24024796],1,-1,-1,0,0
4728,[0.31167703 0.21545669],1,2,"[0.294379027732062, 0.1921773781634303]",0,0
4729,[0.40710205 0.60231174],0,1,"[0.37965276877051146, 0.575157747726818]",1,-1
4730,[0.73072796 0.66071134],2,0,"[0.7890750777399501, 0.6799557517006445]",1,-1
4731,[0.1973014  0.16197382],1,-1,-1,0,0
4732,[0.62530567 0.59274074],3,3,"[0.6601234827680622, 0.6109507568947781]",1,-1
4733,[0.66757018 0.6683818 ],2,3,"[0.6601234827680622, 0.6109507568947781]",1,-1
4734,[0.81616871 0.58357666],2,-1,-1,1,-1
4735,[0.64261424 0.5794154 ],3,3,"[0.6601234827680622, 0.6109507568947781]",1,-1
4736,[0.79543893 0.68242176],2,0,"[0.7890750777399501, 0.6799557517006445]",1,-1
4737,[0.2844692  0.60151895],0,-1,-1,1,-1
4738,[0.62197987 0.57769671],3,3,"[0.6601234827680622, 0.6109507568947781]",1,-1
4739,[0.2624222  0.25500251],1,-1,-1,0,0
4740,[0.24636306 0.14002864],1,-1,-1,0,0
4741,[0.70157529 0.64358245],3,3,"[0.6601234827680622, 0.6109507568947781]",1,-1
4742,[0.21781942 0.04357485],1,-1,-1,0,0
4743,[0.246986   0.08662155],1,-1,-1,0,0
4744,[0.81098405 0.68363372],2,0,"[0.7890750777399501, 0.6799557517006445]",1,-1
4745,[0.63259525 0.63284789],3,3,"[0.6601234827680622, 0.6109507568947781]",1,-1
4746,[0.89434142 0.78374633],2,-1,-1,1,-1
4747,[0.79058412 0.64858702],2,0,"[0.7890750777399501, 0.6799557517006445]",1,-1
4748,[0.75276641 0.65612444],2,0,"[0.7890750777399501, 0.6799557517006445]",1,-1
4749,[0.38439811 0.5903379 ],0,1,"[0.37965276877051146, 0.575157747726818]",1,-1
4750,[0.6371722  0.61853354],3,3,"[0.6601234827680622, 0.6109507568947781]",1,-1
4751,[0.39538964 0.2100674 ],1,-1,-1,0,0
4752,[0.41754493 0.55098757],0,1,"[0.37965276877051146, 0.575157747726818]",1,-1
4753,[0.25901835 0.16368824],1,2,"[0.294379027732062, 0.1921773781634303]",0,0
4754,[0.73467069 0.61087342],3,-1,-1,1,-1
4755,[0.268962   0.19692968],1,2,"[0.294379027732062, 0.1921773781634303]",0,0
4756,[0.80444087 0.72443689],2,0,"[0.7890750777399501, 0.6799557517006445]",1,-1
4757,[0.80666353 0.64593493],2,0,"[0.7890750777399501, 0.6799557517006445]",1,-1
4758,[0.84683319 0.65148016],2,0,"[0.7890750777399501, 0.6799557517006445]",1,-1
4759,[0.72997667 0.70388838],2,0,"[0.7890750777399501, 0.6799557517006445]",1,-1
4760,[0.35299165 0.24550681],1,-1,-1,0,0
4761,[0.7189441  0.68913372],2,-1,-1,1,-1
4762,[0.34445387 0.17542248],1,2,"[0.294379027732062, 0.1921773781634303]",0,0
4763,[0.80092807 0.7684009 ],2,-1,-1,1,-1
4764,[0.40271013 0.58770252],0,1,"[0.37965276877051146, 0.575157747726818]",1,-1
4765,[0.74778158 0.65483232],2,0,"[0.7890750777399501, 0.6799557517006445]",1,-1
4766,[0.22333943 0.23689563],1,-1,-1,0,0
4767,[0.75826095 0.7554665 ],2,-1,-1,1,-1
4768,[0.75925333 0.5969021 ],2,-1,-1,1,-1
4769,[0.63467613 0.50820871],3,-1,-1,1,-1
4770,[0.33611879 0.16714582],1,2,"[0.294379027732062, 0.1921773781634303]",0,0
4771,[0.31679814 0.17027021],1,2,"[0.294379027732062, 0.1921773781634303]",0,0
4772,[0.41870474 0.49479424],0,-1,-1,1,-1
4773,[0.40345912 0.55620209],0,1,"[0.37965276877051146, 0.575157747726818]",1,-1
4774,[0.42537843 0.52249979],0,1,"[0.37965276877051146, 0.575157747726818]",1,-1
4775,[0.75734593 0.70301345],2,0,"[0.7890750777399501, 0.6799557517006445]",1,-1
4776,[0.33787544 0.1844793 ],1,2,"[0.294379027732062, 0.1921773781634303]",0,0
4777,[0.65118456 0.60161219],3,3,"[0.6601234827680622, 0.6109507568947781]",1,6
4778,[0.78071547 0.67622178],2,0,"[0.7890750777399501, 0.6799557517006445]",1,4
4779,[0.64318711 0.54620615],3,3,"[0.6601234827680622, 0.6109507568947781]",1,-1
4780,[0.37184601 0.21255489],1,-1,-1,0,0
4781,[0.23314885 0.28815408],1,-1,-1,0,0
4782,[0.23679288 0.54368002],0,-1,-1,1,-1
4783,[0.31071326 0.59913907],0,-1,-1,1,-1
4784,[0.3115207  0.18449326],1,2,"[0.294379027732062, 0.1921773781634303]",0,0
4785,[0.24614869 0.17397524],1,2,"[0.294379027732062, 0.1921773781634303]",0,0
4786,[0.15607338 0.10979657],1,-1,-1,0,0
4787,[0.71892797 0.57524751],3,3,"[0.6601234827680622, 0.6109507568947781]",1,-1
4788,[0.27322208 0.16042287],1,2,"[0.294379027732062, 0.1921773781634303]",0,0
4789,[0.7305216  0.70988015],2,0,"[0.7890750777399501, 0.6799557517006445]",1,-1
4790,[0.35494592 0.54181244],0,1,"[0.37965276877051146, 0.575157747726818]",1,-1
4791,[0.69845528 0.65784893],3,3,"[0.6601234827680622, 0.6109507568947781]",1,-1
4792,[0.68665481 0.61502558],3,3,"[0.6601234827680622, 0.6109507568947781]",1,5
4793,[0.34287836 0.13865963],1,-1,-1,0,0
4794,[0.71231403 0.63159204],3,3,"[0.6601234827680622, 0.6109507568947781]",1,-1
4795,[0.37423241 0.17758532],1,-1,-1,0,0
4796,[0.83194765 0.68337336],2,0,"[0.7890750777399501, 0.6799557517006445]",1,-1
4797,[0.75189708 0.69156279],2,0,"[0.7890750777399501, 0.6799557517006445]",1,-1
4798,[0.35532901 0.58738529],0,1,"[0.37965276877051146, 0.575157747726818]",1,-1
4799,[0.71641846 0.66860214],3,-1,-1,1,-1
4800,[0.34257601 0.62483787],0,1,"[0.37965276877051146, 0.575157747726818]",1,-1
4801,[0.34680663 0.18781505],1,2,"[0.294379027732062, 0.1921773781634303]",0,0
4802,[0.70657173 0.68449281],2,-1,-1,1,-1
4803,[0.62436073 0.67813458],3,-1,-1,1,-1
4804,[0.60993975 0.63205196],3,3,"[0.6601234827680622, 0.6109507568947781]",1,-1
4805,[0.31036334 0.12586887],1,2,"[0.294379027732062, 0.1921773781634303]",0,0
4806,[0.43255189 0.5488022 ],0,1,"[0.37965276877051146, 0.575157747726818]",1,-1
4807,[0.29207439 0.22709313],1,2,"[0.294379027732062, 0.1921773781634303]",0,0
4808,[0.36108828 0.50895032],0,1,"[0.37965276877051146, 0.575157747726818]",1,-1
4809,[0.27872643 0.20001221],1,2,"[0.294379027732062, 0.1921773781634303]",0,0
4810,[0.62769549 0.68811957],3,-1,-1,1,-1
4811,[0.37273267 0.55050025],0,1,"[0.37965276877051146, 0.575157747726818]",1,-1
4812,[0.37312599 0.6170803 ],0,1,"[0.37965276877051146, 0.575157747726818]",1,-1
4813,[0.7222393  0.73607373],3,-1,-1,1,-1
4814,[0.86306778 0.69737609],2,-1,-1,1,-1
4815,[0.33940669 0.16659099],1,2,"[0.294379027732062, 0.1921773781634303]",0,0
4816,[0.43480572 0.57727407],0,1,"[0.37965276877051146, 0.575157747726818]",1,-1
4817,[0.27876643 0.59753806],0,-1,-1,1,-1
4818,[0.66713364 0.65365631],3,3,"[0.6601234827680622, 0.6109507568947781]",1,-1
4819,[0.33705851 0.25042678],1,-1,-1,0,0
4820,[0.79860383 0.74637771],2,0,"[0.7890750777399501, 0.6799557517006445]",1,-1
4821,[0.34443731 0.10345099],1,-1,-1,0,0
4822,[0.77766907 0.67978528],2,0,"[0.7890750777399501, 0.6799557517006445]",1,-1
4823,[0.69003394 0.62969948],3,3,"[0.6601234827680622, 0.6109507568947781]",1,7
4824,[0.74928545 0.72380987],2,0,"[0.7890750777399501, 0.6799557517006445]",1,-1
4825,[0.40190485 0.57289569],0,1,"[0.37965276877051146, 0.575157747726818]",1,-1
4826,[0.2324058  0.28086797],1,-1,-1,0,0
4827,[0.72697481 0.67577021],3,0,"[0.7890750777399501, 0.6799557517006445]",1,-1
4828,[0.81252648 0.65283229],2,0,"[0.7890750777399501, 0.6799557517006445]",1,-1
4829,[0.27214164 0.28905327],1,-1,-1,0,0
4830,[0.70075493 0.53856036],3,-1,-1,1,-1
4831,[0.4064498  0.58271077],0,1,"[0.37965276877051146, 0.575157747726818]",1,-1
4832,[0.37649074 0.56245412],0,1,"[0.37965276877051146, 0.575157747726818]",1,1
4833,[0.78957426 0.71364922],2,0,"[0.7890750777399501, 0.6799557517006445]",1,-1
4834,[0.20572934 0.24187014],1,-1,-1,0,0
4835,[0.86613052 0.63955629],2,-1,-1,1,-1
4836,[0.3218243 0.6380809],0,-1,-1,1,-1
4837,[0.27670698 0.26826901],1,-1,-1,0,0
4838,[0.76134871 0.69762406],2,0,"[0.7890750777399501, 0.6799557517006445]",1,-1
4839,[0.39832111 0.5345255 ],0,1,"[0.37965276877051146, 0.575157747726818]",1,-1
4840,[0.36549228 0.55618312],0,1,"[0.37965276877051146, 0.575157747726818]",1,1
4841,[0.74790246 0.64176654],2,0,"[0.7890750777399501, 0.6799557517006445]",1,-1
4842,[0.81127858 0.61124007],2,-1,-1,1,-1
4843,[0.33988199 0.60172906],0,1,"[0.37965276877051146, 0.575157747726818]",1,-1
4844,[0.37431553 0.17779019],1,-1,-1,0,0
4845,[0.79212147 0.64974172],2,0,"[0.7890750777399501, 0.6799557517006445]",1,-1
4846,[0.61277511 0.70022641],3,-1,-1,1,-1
4847,[0.4029492  0.62609415],0,1,"[0.37965276877051146, 0.575157747726818]",1,-1
4848,[0.33887859 0.1479119 ],1,2,"[0.294379027732062, 0.1921773781634303]",0,0
4849,[0.75450108 0.68223107],2,0,"[0.7890750777399501, 0.6799557517006445]",1,-1
4850,[0.43843216 0.60832648],0,1,"[0.37965276877051146, 0.575157747726818]",1,-1
4851,[0.22603582 0.29725339],1,-1,-1,0,0
4852,[0.41087395 0.60466602],0,1,"[0.37965276877051146, 0.575157747726818]",1,-1
4853,[0.7655084  0.68330051],2,0,"[0.7890750777399501, 0.6799557517006445]",1,-1
4854,[0.40873447 0.6156527 ],0,1,"[0.37965276877051146, 0.575157747726818]",1,-1
4855,[0.77504234 0.69555645],2,0,"[0.7890750777399501, 0.6799557517006445]",1,-1
4856,[0.31651735 0.12715007],1,2,"[0.294379027732062, 0.1921773781634303]",0,0
4857,[0.78880137 0.83928682],2,-1,-1,1,-1
4858,[0.25772933 0.22537859],1,2,"[0.294379027732062, 0.1921773781634303]",0,0
4859,[0.65376302 0.67400652],3,3,"[0.6601234827680622, 0.6109507568947781]",1,-1
4860,[0.33623847 0.20908227],1,2,"[0.294379027732062, 0.1921773781634303]",0,0
4861,[0.76922658 0.61998704],2,0,"[0.7890750777399501, 0.6799557517006445]",1,-1
4862,[0.7063342  0.56132003],3,3,"[0.6601234827680622, 0.6109507568947781]",1,-1
4863,[0.74002279 0.66291423],3,0,"[0.7890750777399501, 0.6799557517006445]",1,-1
4864,[0.73739699 0.7151117 ],2,0,"[0.7890750777399501, 0.6799557517006445]",1,-1
4865,[0.32718277 0.19258468],1,2,"[0.294379027732062, 0.1921773781634303]",0,0
4866,[0.66194029 0.59902333],3,3,"[0.6601234827680622, 0.6109507568947781]",1,6
4867,[0.35963817 0.23009629],1,-1,-1,0,0
4868,[0.7971348  0.68082611],2,0,"[0.7890750777399501, 0.6799557517006445]",1,-1
4869,[0.74418543 0.64664386],2,0,"[0.7890750777399501, 0.6799557517006445]",1,-1
4870,[0.73436246 0.69168842],2,0,"[0.7890750777399501, 0.6799557517006445]",1,-1
4871,[0.61127603 0.70409285],3,-1,-1,1,-1
4872,[0.68358192 0.68987179],3,-1,-1,1,-1
4873,[0.30038272 0.53467306],0,-1,-1,1,-1
4874,[0.79042112 0.65269402],2,0,"[0.7890750777399501, 0.6799557517006445]",1,-1
4875,[0.4110214  0.56921825],0,1,"[0.37965276877051146, 0.575157747726818]",1,2
4876,[0.34546454 0.10008456],1,-1,-1,0,0
4877,[0.39943778 0.49135663],0,-1,-1,1,-1
4878,[0.42965444 0.51865296],0,-1,-1,1,-1
4879,[0.26668153 0.20315881],1,2,"[0.294379027732062, 0.1921773781634303]",0,0
4880,[0.73367027 0.71009883],2,0,"[0.7890750777399501, 0.6799557517006445]",1,-1
4881,[0.85191903 0.71488677],2,-1,-1,1,-1
4882,[0.70535494 0.67509423],3,-1,-1,1,-1
4883,[0.73131472 0.60296991],3,-1,-1,1,-1
4884,[0.74962221 0.64486237],2,0,"[0.7890750777399501, 0.6799557517006445]",1,-1
4885,[0.35744421 0.60546479],0,1,"[0.37965276877051146, 0.575157747726818]",1,-1
4886,[0.3388632  0.23686712],1,2,"[0.294379027732062, 0.1921773781634303]",0,0
4887,[0.71016004 0.61351315],3,3,"[0.6601234827680622, 0.6109507568947781]",1,-1
4888,[0.72568642 0.53891087],3,-1,-1,1,-1
4889,[0.34240024 0.51600025],0,1,"[0.37965276877051146, 0.575157747726818]",1,-1
4890,[0.32871256 0.63384212],0,-1,-1,1,-1
4891,[0.39609026 0.65511025],0,-1,-1,1,-1
4892,[0.65576404 0.61567363],3,3,"[0.6601234827680622, 0.6109507568947781]",1,-1
4893,[0.37789039 0.54940103],0,1,"[0.37965276877051146, 0.575157747726818]",1,-1
4894,[0.27654672 0.20025339],1,2,"[0.294379027732062, 0.1921773781634303]",0,0
4895,[0.33158446 0.18420608],1,2,"[0.294379027732062, 0.1921773781634303]",0,0
4896,[0.23969672 0.11959338],1,-1,-1,0,0
4897,[0.28511408 0.49050077],0,-1,-1,1,-1
4898,[0.85608423 0.6972231 ],2,0,"[0.7890750777399501, 0.6799557517006445]",1,-1
4899,[0.39844819 0.64796728],0,-1,-1,1,-1
4900,[0.25711484 0.19354367],1,2,"[0.294379027732062, 0.1921773781634303]",0,0
4901,[0.82284738 0.70965154],2,0,"[0.7890750777399501, 0.6799557517006445]",1,-1
4902,[0.38808327 0.61993358],0,1,"[0.37965276877051146, 0.575157747726818]",1,-1
4903,[0.3130274  0.61736415],0,-1,-1,1,-1
4904,[0.58987903 0.61360791],3,-1,-1,1,-1
4905,[0.63478643 0.53362408],3,-1,-1,1,-1
4906,[0.64480598 0.64300414],3,3,"[0.6601234827680622, 0.6109507568947781]",1,-1
4907,[0.31798651 0.16308566],1,2,"[0.294379027732062, 0.1921773781634303]",0,0
4908,[0.26550405 0.22828822],1,2,"[0.294379027732062, 0.1921773781634303]",0,0
4909,[0.6941312  0.60876503],3,3,"[0.6601234827680622, 0.6109507568947781]",1,-1
4910,[0.60361748 0.6020799 ],3,3,"[0.6601234827680622, 0.6109507568947781]",1,-1
4911,[0.41059066 0.55788302],0,1,"[0.37965276877051146, 0.575157747726818]",1,-1
4912,[0.35604444 0.21877439],1,2,"[0.294379027732062, 0.1921773781634303]",0,0
4913,[0.26178299 0.186301  ],1,2,"[0.294379027732062, 0.1921773781634303]",0,0
4914,[0.33545112 0.55167667],0,1,"[0.37965276877051146, 0.575157747726818]",1,-1
4915,[0.73293824 0.76857184],2,-1,-1,1,-1
4916,[0.68275026 0.56943233],3,3,"[0.6601234827680622, 0.6109507568947781]",1,-1
4917,[0.41492322 0.65057225],0,-1,-1,1,-1
4918,[0.40028214 0.4944982 ],0,-1,-1,1,-1
4919,[0.74002404 0.62144663],3,-1,-1,1,-1
4920,[0.62493505 0.62757491],3,3,"[0.6601234827680622, 0.6109507568947781]",1,-1
4921,[0.45847342 0.48151642],0,-1,-1,1,-1
4922,[0.71032539 0.67667006],3,-1,-1,1,-1
4923,[0.38335893 0.16932036],1,-1,-1,0,0
4924,[0.34692866 0.17443564],1,2,"[0.294379027732062, 0.1921773781634303]",0,0
4925,[0.28809447 0.58839338],0,-1,-1,1,-1
4926,[0.30567558 0.19402007],1,2,"[0.294379027732062, 0.1921773781634303]",0,0
4927,[0.31450384 0.21936733],1,2,"[0.294379027732062, 0.1921773781634303]",0,0
4928,[0.75830892 0.50893532],3,-1,-1,1,-1
4929,[0.79396506 0.72437118],2,0,"[0.7890750777399501, 0.6799557517006445]",1,-1
4930,[0.26670915 0.149666  ],1,2,"[0.294379027732062, 0.1921773781634303]",0,0
4931,[0.33779566 0.55144727],0,1,"[0.37965276877051146, 0.575157747726818]",1,-1
4932,[0.70797598 0.67319362],3,-1,-1,1,-1
4933,[0.76704624 0.63176958],2,0,"[0.7890750777399501, 0.6799557517006445]",1,-1
4934,[0.28384425 0.56446568],0,-1,-1,1,-1
4935,[0.59864137 0.63097301],3,3,"[0.6601234827680622, 0.6109507568947781]",1,-1
4936,[0.23693036 0.1596426 ],1,2,"[0.294379027732062, 0.1921773781634303]",0,0
4937,[0.28897482 0.22530926],1,2,"[0.294379027732062, 0.1921773781634303]",0,0
4938,[0.38103191 0.645357  ],0,-1,-1,1,-1
4939,[0.57830117 0.68338565],3,-1,-1,1,-1
4940,[0.25238379 0.07860166],1,-1,-1,0,0
4941,[0.42178901 0.51907845],0,-1,-1,1,-1
4942,[0.40025424 0.5489533 ],0,1,"[0.37965276877051146, 0.575157747726818]",1,-1
4943,[0.2911894  0.16853004],1,2,"[0.294379027732062, 0.1921773781634303]",0,0
4944,[0.68007029 0.70217131],3,-1,-1,1,-1
4945,[0.69079825 0.64949361],3,3,"[0.6601234827680622, 0.6109507568947781]",1,-1
4946,[0.60310213 0.63238897],3,3,"[0.6601234827680622, 0.6109507568947781]",1,-1
4947,[0.69524677 0.62704965],3,3,"[0.6601234827680622, 0.6109507568947781]",1,-1
4948,[0.78330857 0.58817672],3,-1,-1,1,-1
4949,[0.70728578 0.68181417],3,-1,-1,1,-1
4950,[0.744969   0.53441557],3,-1,-1,1,-1
4951,[0.3632484  0.53437485],0,1,"[0.37965276877051146, 0.575157747726818]",1,-1
4952,[0.40192398 0.62965597],0,1,"[0.37965276877051146, 0.575157747726818]",1,-1
4953,[0.40340486 0.56762029],0,1,"[0.37965276877051146, 0.575157747726818]",1,2
4954,[0.75854799 0.74682294],2,-1,-1,1,-1
4955,[0.32411188 0.55977379],0,1,"[0.37965276877051146, 0.575157747726818]",1,-1
4956,[0.6328565  0.63537601],3,3,"[0.6601234827680622, 0.6109507568947781]",1,-1
4957,[0.33543496 0.20527848],1,2,"[0.294379027732062, 0.1921773781634303]",0,0
4958,[0.27103716 0.08565703],1,-1,-1,0,0
4959,[0.2488707  0.20658092],1,2,"[0.294379027732062, 0.1921773781634303]",0,0
4960,[0.19966504 0.19710515],1,-1,-1,0,0
4961,[0.39708918 0.56902339],0,1,"[0.37965276877051146, 0.575157747726818]",1,2
4962,[0.31437201 0.55552494],0,1,"[0.37965276877051146, 0.575157747726818]",1,-1
4963,[0.78265427 0.69224693],2,0,"[0.7890750777399501, 0.6799557517006445]",1,-1
4964,[0.87361188 0.75483747],2,-1,-1,1,-1
4965,[0.67585757 0.72825094],3,-1,-1,1,-1
4966,[0.61585888 0.66934067],3,-1,-1,1,-1
4967,[0.39263006 0.58516825],0,1,"[0.37965276877051146, 0.575157747726818]",1,-1
4968,[0.81187438 0.74283081],2,0,"[0.7890750777399501, 0.6799557517006445]",1,-1
4969,[0.3168767  0.22266644],1,2,"[0.294379027732062, 0.1921773781634303]",0,0
4970,[0.78898998 0.75754767],2,-1,-1,1,-1
4971,[0.52833021 0.65525494],3,-1,-1,1,-1
4972,[0.32874938 0.17514964],1,2,"[0.294379027732062, 0.1921773781634303]",0,0
4973,[0.41664436 0.60315497],0,1,"[0.37965276877051146, 0.575157747726818]",1,-1
4974,[0.68425111 0.58540181],3,3,"[0.6601234827680622, 0.6109507568947781]",1,-1
4975,[0.73010244 0.55409199],3,-1,-1,1,-1
4976,[0.25588534 0.20073526],1,2,"[0.294379027732062, 0.1921773781634303]",0,0
4977,[0.46084535 0.58207035],0,-1,-1,1,-1
4978,[0.37258954 0.54530214],0,1,"[0.37965276877051146, 0.575157747726818]",1,-1
4979,[0.33845735 0.10066686],1,-1,-1,0,0
4980,[0.78487478 0.67749983],2,0,"[0.7890750777399501, 0.6799557517006445]",1,4
4981,[0.30019338 0.21296065],1,2,"[0.294379027732062, 0.1921773781634303]",0,0
4982,[0.34294759 0.24739755],1,-1,-1,0,0
4983,[0.68531496 0.61087737],3,3,"[0.6601234827680622, 0.6109507568947781]",1,5
4984,[0.41278353 0.56672618],0,1,"[0.37965276877051146, 0.575157747726818]",1,-1
4985,[0.78578352 0.73180055],2,0,"[0.7890750777399501, 0.6799557517006445]",1,-1
4986,[0.61359259 0.62826424],3,3,"[0.6601234827680622, 0.6109507568947781]",1,-1
4987,[0.65276982 0.67112234],3,3,"[0.6601234827680622, 0.6109507568947781]",1,-1
4988,[0.76737276 0.64220787],2,0,"[0.7890750777399501, 0.6799557517006445]",1,-1
4989,[0.7579168  0.78061683],2,-1,-1,1,-1
4990,[0.32707506 0.64731275],0,-1,-1,1,-1
4991,[0.49115926 0.57324462],0,-1,-1,1,-1
4992,[0.30984602 0.21377904],1,2,"[0.294379027732062, 0.1921773781634303]",0,0
4993,[0.42101647 0.19582136],1,-1,-1,0,0
4994,[0.37328623 0.28336683],1,-1,-1,0,0
4995,[0.42375634 0.52580965],0,1,"[0.37965276877051146, 0.575157747726818]",1,-1
4996,[0.64893542 0.66681124],3,3,"[0.6601234827680622, 0.6109507568947781]",1,-1
4997,[0.81966933 0.6489765 ],2,0,"[0.7890750777399501, 0.6799557517006445]",1,-1
4998,[0.31025707 0.23697722],1,2,"[0.294379027732062, 0.1921773781634303]",0,0
4999,[0.3745437  0.19333996],1,-1,-1,0,0
5000,[0.72144161 0.70725946],3,-1,-1,1,-1
5001,[0.38004559 0.56613889],0,1,"[0.37965276877051146, 0.575157747726818]",1,-1
5002,[0.77992565 0.69390217],2,0,"[0.7890750777399501, 0.6799557517006445]",1,-1
5003,[0.82299349 0.67875351],2,0,"[0.7890750777399501, 0.6799557517006445]",1,-1
5004,[0.32905894 0.16806481],1,2,"[0.294379027732062, 0.1921773781634303]",0,0
5005,[0.72555861 0.66200297],3,0,"[0.7890750777399501, 0.6799557517006445]",1,-1
5006,[0.30776956 0.59185557],0,-1,-1,1,-1
5007,[0.36581701 0.63272855],0,1,"[0.37965276877051146, 0.575157747726818]",1,-1
5008,[0.28831529 0.15027995],1,2,"[0.294379027732062, 0.1921773781634303]",0,0
5009,[0.6138009  0.54491242],3,-1,-1,1,-1
5010,[0.70287901 0.53552478],3,-1,-1,1,-1
5011,[0.42589917 0.57680178],0,1,"[0.37965276877051146, 0.575157747726818]",1,-1
5012,[0.67578068 0.63560125],3,3,"[0.6601234827680622, 0.6109507568947781]",1,-1
5013,[0.6381698  0.66166999],3,3,"[0.6601234827680622, 0.6109507568947781]",1,-1
5014,[0.81589106 0.61079622],2,-1,-1,1,-1
5015,[0.80537654 0.60785194],2,-1,-1,1,-1
5016,[0.53978559 0.60205381],3,-1,-1,1,-1
5017,[0.81106415 0.67331795],2,0,"[0.7890750777399501, 0.6799557517006445]",1,-1
5018,[0.72444483 0.68794903],2,0,"[0.7890750777399501, 0.6799557517006445]",1,-1
5019,[0.32232414 0.19767006],1,2,"[0.294379027732062, 0.1921773781634303]",0,0
5020,[0.39373371 0.47907332],0,-1,-1,1,-1
5021,[0.66855126 0.61127156],3,3,"[0.6601234827680622, 0.6109507568947781]",1,-1
5022,[0.66525527 0.63287986],3,3,"[0.6601234827680622, 0.6109507568947781]",1,7
5023,[0.80702413 0.69355639],2,0,"[0.7890750777399501, 0.6799557517006445]",1,-1
5024,[0.80454155 0.58674983],2,-1,-1,1,-1
5025,[0.65595821 0.71082064],3,-1,-1,1,-1
5026,[0.48573847 0.50960567],0,-1,-1,1,-1
5027,[0.3631641 0.2152253],1,-1,-1,0,0
5028,[0.76709712 0.73596996],2,0,"[0.7890750777399501, 0.6799557517006445]",1,-1
5029,[0.72224889 0.58314553],3,3,"[0.6601234827680622, 0.6109507568947781]",1,-1
5030,[0.29912101 0.23292664],1,2,"[0.294379027732062, 0.1921773781634303]",0,0
5031,[0.70902889 0.54279169],3,-1,-1,1,-1
5032,[0.37400228 0.58986656],0,1,"[0.37965276877051146, 0.575157747726818]",1,-1
5033,[0.38918825 0.21736717],1,-1,-1,0,0
5034,[0.35480305 0.52057769],0,1,"[0.37965276877051146, 0.575157747726818]",1,-1
5035,[0.68822117 0.60752812],3,3,"[0.6601234827680622, 0.6109507568947781]",1,5
5036,[0.35540661 0.51463055],0,1,"[0.37965276877051146, 0.575157747726818]",1,-1
5037,[0.24590685 0.17681338],1,2,"[0.294379027732062, 0.1921773781634303]",0,0
5038,[0.20823592 0.2437824 ],1,-1,-1,0,0
5039,[0.74273337 0.65016435],2,0,"[0.7890750777399501, 0.6799557517006445]",1,-1
5040,[0.35842919 0.57458707],0,1,"[0.37965276877051146, 0.575157747726818]",1,-1
5041,[0.44637442 0.19663336],1,-1,-1,0,0
5042,[0.3107711  0.21502664],1,2,"[0.294379027732062, 0.1921773781634303]",0,0
5043,[0.36915287 0.19170407],1,-1,-1,0,0
5044,[0.27100137 0.16523678],1,2,"[0.294379027732062, 0.1921773781634303]",0,0
5045,[0.81513147 0.60236946],2,-1,-1,1,-1
5046,[0.62931417 0.53697825],3,-1,-1,1,-1
5047,[0.61041072 0.61353043],3,3,"[0.6601234827680622, 0.6109507568947781]",1,-1
5048,[0.37841862 0.54882949],0,1,"[0.37965276877051146, 0.575157747726818]",1,-1
5049,[0.28996551 0.22792885],1,2,"[0.294379027732062, 0.1921773781634303]",0,0
5050,[0.33316075 0.15210623],1,2,"[0.294379027732062, 0.1921773781634303]",0,0
5051,[0.71954421 0.60315259],3,3,"[0.6601234827680622, 0.6109507568947781]",1,-1
5052,[0.38246598 0.56039098],0,1,"[0.37965276877051146, 0.575157747726818]",1,-1
5053,[0.70219592 0.6668696 ],3,3,"[0.6601234827680622, 0.6109507568947781]",1,-1
5054,[0.71679648 0.66577218],3,-1,-1,1,-1
5055,[0.26474172 0.21349529],1,2,"[0.294379027732062, 0.1921773781634303]",0,0
5056,[0.3991974 0.6158008],0,1,"[0.37965276877051146, 0.575157747726818]",1,-1
5057,[0.37819807 0.17398953],1,-1,-1,0,0
5058,[0.44917198 0.58606184],0,-1,-1,1,-1
5059,[0.64088782 0.58820204],3,3,"[0.6601234827680622, 0.6109507568947781]",1,-1
5060,[0.36084602 0.57718764],0,1,"[0.37965276877051146, 0.575157747726818]",1,-1
5061,[0.36408577 0.62377033],0,1,"[0.37965276877051146, 0.575157747726818]",1,-1
5062,[0.59274851 0.55305705],3,-1,-1,1,-1
5063,[0.40853334 0.59056987],0,1,"[0.37965276877051146, 0.575157747726818]",1,-1
5064,[0.54147033 0.66833711],3,-1,-1,1,-1
5065,[0.77019329 0.71207856],2,0,"[0.7890750777399501, 0.6799557517006445]",1,-1
5066,[0.80589451 0.72435869],2,0,"[0.7890750777399501, 0.6799557517006445]",1,-1
5067,[0.38817918 0.653098  ],0,-1,-1,1,-1
5068,[0.6592167  0.70727597],3,-1,-1,1,-1
5069,[0.83001607 0.66749259],2,0,"[0.7890750777399501, 0.6799557517006445]",1,-1
5070,[0.81032769 0.67570951],2,0,"[0.7890750777399501, 0.6799557517006445]",1,-1
5071,[0.39318876 0.25556142],1,-1,-1,0,0
5072,[0.74681867 0.71022737],2,0,"[0.7890750777399501, 0.6799557517006445]",1,-1
5073,[0.63426147 0.60806348],3,3,"[0.6601234827680622, 0.6109507568947781]",1,-1
5074,[0.29788145 0.54543066],0,-1,-1,1,-1
5075,[0.56675875 0.56819026],3,-1,-1,1,-1
5076,[0.63556489 0.61657282],3,3,"[0.6601234827680622, 0.6109507568947781]",1,-1
5077,[0.63666508 0.64342303],3,3,"[0.6601234827680622, 0.6109507568947781]",1,-1
5078,[0.667439   0.61738759],3,3,"[0.6601234827680622, 0.6109507568947781]",1,-1
5079,[0.44506758 0.61815952],0,-1,-1,1,-1
5080,[0.26677182 0.17745893],1,2,"[0.294379027732062, 0.1921773781634303]",0,0
5081,[0.38751953 0.51685144],0,1,"[0.37965276877051146, 0.575157747726818]",1,-1
5082,[0.66266711 0.60541197],3,3,"[0.6601234827680622, 0.6109507568947781]",1,-1
5083,[0.26762971 0.28916254],1,-1,-1,0,0
5084,[0.40029883 0.5656089 ],0,1,"[0.37965276877051146, 0.575157747726818]",1,-1
5085,[0.51602624 0.58069643],0,-1,-1,1,-1
5086,[0.43749029 0.60045951],0,1,"[0.37965276877051146, 0.575157747726818]",1,-1
5087,[0.83629521 0.69856443],2,0,"[0.7890750777399501, 0.6799557517006445]",1,-1
5088,[0.34329712 0.55506048],0,1,"[0.37965276877051146, 0.575157747726818]",1,-1
5089,[0.3641771  0.50897568],0,1,"[0.37965276877051146, 0.575157747726818]",1,-1
5090,[0.38260843 0.49545829],0,-1,-1,1,-1
5091,[0.62919744 0.59512979],3,3,"[0.6601234827680622, 0.6109507568947781]",1,-1
5092,[0.76553538 0.68129743],2,0,"[0.7890750777399501, 0.6799557517006445]",1,-1
5093,[0.77959125 0.68136253],2,0,"[0.7890750777399501, 0.6799557517006445]",1,-1
5094,[0.38853174 0.14205752],1,-1,-1,0,0
5095,[0.36804858 0.44877138],0,-1,-1,1,-1
5096,[0.88174511 0.70103114],2,-1,-1,1,-1
5097,[0.324367  0.6281258],0,-1,-1,1,-1
5098,[0.74527877 0.67093542],2,0,"[0.7890750777399501, 0.6799557517006445]",1,-1
5099,[0.38887901 0.55525036],0,1,"[0.37965276877051146, 0.575157747726818]",1,-1
5100,[0.3116712 0.6306206],0,-1,-1,1,-1
5101,[0.40382643 0.5724354 ],0,1,"[0.37965276877051146, 0.575157747726818]",1,-1
5102,[0.36486423 0.57571303],0,1,"[0.37965276877051146, 0.575157747726818]",1,-1
5103,[0.36244534 0.49182019],0,-1,-1,1,-1
5104,[0.74927252 0.58835384],2,-1,-1,1,-1
5105,[0.644893   0.59502123],3,3,"[0.6601234827680622, 0.6109507568947781]",1,-1
5106,[0.31875824 0.13236805],1,2,"[0.294379027732062, 0.1921773781634303]",0,0
5107,[0.70601379 0.62439996],3,3,"[0.6601234827680622, 0.6109507568947781]",1,-1
5108,[0.3159531  0.18136999],1,2,"[0.294379027732062, 0.1921773781634303]",0,0
5109,[0.74680891 0.8100667 ],2,-1,-1,1,-1
5110,[0.63954623 0.64198951],3,3,"[0.6601234827680622, 0.6109507568947781]",1,-1
5111,[0.79777821 0.67967597],2,0,"[0.7890750777399501, 0.6799557517006445]",1,-1
5112,[0.68560579 0.59316011],3,3,"[0.6601234827680622, 0.6109507568947781]",1,-1
5113,[0.35332245 0.51721366],0,1,"[0.37965276877051146, 0.575157747726818]",1,-1
5114,[0.69489186 0.61770925],3,3,"[0.6601234827680622, 0.6109507568947781]",1,-1
5115,[0.4487301  0.47539434],0,-1,-1,1,-1
5116,[0.7265884 0.6701142],2,0,"[0.7890750777399501, 0.6799557517006445]",1,-1
5117,[0.60735351 0.68119211],3,-1,-1,1,-1
5118,[0.69179871 0.6240348 ],3,3,"[0.6601234827680622, 0.6109507568947781]",1,7
5119,[0.33362871 0.61263883],0,1,"[0.37965276877051146, 0.575157747726818]",1,-1
5120,[0.32498357 0.59747001],0,1,"[0.37965276877051146, 0.575157747726818]",1,-1
5121,[0.32964663 0.66978566],0,-1,-1,1,-1
5122,[0.38234944 0.57923732],0,1,"[0.37965276877051146, 0.575157747726818]",1,-1
5123,[0.33363621 0.27837269],1,-1,-1,0,0
5124,[0.642926   0.63617207],3,3,"[0.6601234827680622, 0.6109507568947781]",1,-1
5125,[0.41537716 0.61416828],0,1,"[0.37965276877051146, 0.575157747726818]",1,-1
5126,[0.63381066 0.57826302],3,3,"[0.6601234827680622, 0.6109507568947781]",1,-1
5127,[0.29204702 0.18948926],1,2,"[0.294379027732062, 0.1921773781634303]",0,0
5128,[0.38204414 0.53303184],0,1,"[0.37965276877051146, 0.575157747726818]",1,-1
5129,[0.38408334 0.16226251],1,-1,-1,0,0
5130,[0.41711901 0.63334138],0,1,"[0.37965276877051146, 0.575157747726818]",1,-1
5131,[0.33848332 0.19054708],1,2,"[0.294379027732062, 0.1921773781634303]",0,0
5132,[0.6523939  0.62578102],2,3,"[0.6601234827680622, 0.6109507568947781]",1,-1
5133,[0.30661268 0.15659862],1,2,"[0.294379027732062, 0.1921773781634303]",0,0
5134,[0.34946346 0.16989633],1,2,"[0.294379027732062, 0.1921773781634303]",0,0
5135,[0.24515775 0.14675053],1,2,"[0.294379027732062, 0.1921773781634303]",0,0
5136,[0.79301904 0.80233604],2,-1,-1,1,-1
5137,[0.3860036  0.62682767],0,1,"[0.37965276877051146, 0.575157747726818]",1,-1
5138,[0.61786597 0.62170234],3,3,"[0.6601234827680622, 0.6109507568947781]",1,-1
5139,[0.72884927 0.64061546],3,-1,-1,1,-1
5140,[0.61916852 0.57644953],3,3,"[0.6601234827680622, 0.6109507568947781]",1,-1
5141,[0.33748147 0.56046788],0,1,"[0.37965276877051146, 0.575157747726818]",1,-1
5142,[0.77820559 0.65718227],3,0,"[0.7890750777399501, 0.6799557517006445]",1,-1
5143,[0.7966964  0.67783363],2,0,"[0.7890750777399501, 0.6799557517006445]",1,-1
5144,[0.66904151 0.74787008],2,-1,-1,1,-1
5145,[0.26810029 0.24688148],1,2,"[0.294379027732062, 0.1921773781634303]",0,0
5146,[0.87150532 0.73599089],2,-1,-1,1,-1
5147,[0.41249327 0.57104226],0,1,"[0.37965276877051146, 0.575157747726818]",1,2
5148,[0.882719   0.61310356],2,-1,-1,1,-1
5149,[0.30666189 0.62020377],0,-1,-1,1,-1
5150,[0.41431148 0.63733031],0,-1,-1,1,-1
5151,[0.45141022 0.6203951 ],0,-1,-1,1,-1
5152,[0.7335287  0.50519006],3,-1,-1,1,-1
5153,[0.26313733 0.1114506 ],1,-1,-1,0,0
5154,[0.86071555 0.66099598],2,-1,-1,1,-1
5155,[0.56949675 0.57699818],3,-1,-1,1,-1
5156,[0.68418608 0.68702178],3,-1,-1,1,-1
5157,[0.69549008 0.62891633],3,3,"[0.6601234827680622, 0.6109507568947781]",1,-1
5158,[0.77919267 0.73329543],2,0,"[0.7890750777399501, 0.6799557517006445]",1,-1
5159,[0.31769523 0.20411017],1,2,"[0.294379027732062, 0.1921773781634303]",0,0
5160,[0.74938061 0.74450782],2,-1,-1,1,-1
5161,[0.61154754 0.63418786],3,3,"[0.6601234827680622, 0.6109507568947781]",1,-1
5162,[0.33591306 0.63075448],0,-1,-1,1,-1
5163,[0.34692986 0.2186743 ],1,2,"[0.294379027732062, 0.1921773781634303]",0,0
5164,[0.38306918 0.57304765],0,1,"[0.37965276877051146, 0.575157747726818]",1,-1
5165,[0.330831   0.24298858],1,2,"[0.294379027732062, 0.1921773781634303]",0,0
5166,[0.60451793 0.57779704],3,3,"[0.6601234827680622, 0.6109507568947781]",1,-1
5167,[0.86153059 0.66373108],2,-1,-1,1,-1
5168,[0.31160348 0.64393072],0,-1,-1,1,-1
5169,[0.75481595 0.64359317],2,0,"[0.7890750777399501, 0.6799557517006445]",1,-1
5170,[0.36889347 0.21489636],1,-1,-1,0,0
5171,[0.33071471 0.61469225],0,1,"[0.37965276877051146, 0.575157747726818]",1,-1
5172,[0.64116808 0.64943721],3,3,"[0.6601234827680622, 0.6109507568947781]",1,-1
5173,[0.61492789 0.68665988],3,-1,-1,1,-1
5174,[0.27568662 0.15414418],1,2,"[0.294379027732062, 0.1921773781634303]",0,0
5175,[0.76265307 0.66159589],2,0,"[0.7890750777399501, 0.6799557517006445]",1,3
5176,[0.33461838 0.59977109],0,1,"[0.37965276877051146, 0.575157747726818]",1,-1
5177,[0.41980006 0.62938222],0,1,"[0.37965276877051146, 0.575157747726818]",1,-1
5178,[0.61345268 0.5695978 ],3,3,"[0.6601234827680622, 0.6109507568947781]",1,-1
5179,[0.37528629 0.14673874],1,-1,-1,0,0
5180,[0.34398915 0.5831891 ],0,1,"[0.37965276877051146, 0.575157747726818]",1,-1
5181,[0.24557427 0.53915504],0,-1,-1,1,-1
5182,[0.27609224 0.15080058],1,2,"[0.294379027732062, 0.1921773781634303]",0,0
5183,[0.82067175 0.59531579],2,-1,-1,1,-1
5184,[0.74212567 0.60589579],3,-1,-1,1,-1
5185,[0.41000395 0.5763384 ],0,1,"[0.37965276877051146, 0.575157747726818]",1,2
5186,[0.35552346 0.09545522],1,-1,-1,0,0
5187,[0.28769103 0.22202149],1,2,"[0.294379027732062, 0.1921773781634303]",0,0
5188,[0.75115872 0.64038885],2,0,"[0.7890750777399501, 0.6799557517006445]",1,-1
5189,[0.28375426 0.12861048],1,2,"[0.294379027732062, 0.1921773781634303]",0,0
5190,[0.29802927 0.14659051],1,2,"[0.294379027732062, 0.1921773781634303]",0,0
5191,[0.34427922 0.65963756],0,-1,-1,1,-1
5192,[0.37096162 0.24743751],1,-1,-1,0,0
5193,[0.44290376 0.63325224],0,-1,-1,1,-1
5194,[0.79186326 0.58900805],3,-1,-1,1,-1
5195,[0.43828183 0.55561705],0,1,"[0.37965276877051146, 0.575157747726818]",1,-1
5196,[0.60913117 0.60504774],3,3,"[0.6601234827680622, 0.6109507568947781]",1,-1
5197,[0.67048587 0.63998064],3,3,"[0.6601234827680622, 0.6109507568947781]",1,-1
5198,[0.8334114 0.7365382],2,-1,-1,1,-1
5199,[0.75555362 0.67404921],2,0,"[0.7890750777399501, 0.6799557517006445]",1,-1
5200,[0.37717023 0.55889944],0,1,"[0.37965276877051146, 0.575157747726818]",1,-1
5201,[0.80579739 0.77874012],2,-1,-1,1,-1
5202,[0.65783344 0.68106781],3,-1,-1,1,-1
5203,[0.6452027  0.55184845],3,3,"[0.6601234827680622, 0.6109507568947781]",1,-1
5204,[0.29268231 0.53174282],0,-1,-1,1,-1
5205,[0.65346422 0.62991221],3,3,"[0.6601234827680622, 0.6109507568947781]",1,-1
5206,[0.66615031 0.62766638],3,3,"[0.6601234827680622, 0.6109507568947781]",1,7
5207,[0.72949873 0.64981179],2,0,"[0.7890750777399501, 0.6799557517006445]",1,-1
5208,[0.30867998 0.14053916],1,2,"[0.294379027732062, 0.1921773781634303]",0,0
5209,[0.27942122 0.20010067],1,2,"[0.294379027732062, 0.1921773781634303]",0,0
5210,[0.29085633 0.16375957],1,2,"[0.294379027732062, 0.1921773781634303]",0,0
5211,[0.76400505 0.64928777],2,0,"[0.7890750777399501, 0.6799557517006445]",1,-1
5212,[0.29777719 0.17189743],1,2,"[0.294379027732062, 0.1921773781634303]",0,0
5213,[0.37037442 0.66463339],0,-1,-1,1,-1
5214,[0.35229495 0.19128381],1,2,"[0.294379027732062, 0.1921773781634303]",0,0
5215,[0.27383441 0.14236442],1,2,"[0.294379027732062, 0.1921773781634303]",0,0
5216,[0.3663361  0.58132927],0,1,"[0.37965276877051146, 0.575157747726818]",1,-1
5217,[0.6671447  0.67779372],3,3,"[0.6601234827680622, 0.6109507568947781]",1,-1
5218,[0.77570511 0.64460582],2,0,"[0.7890750777399501, 0.6799557517006445]",1,-1
5219,[0.28805642 0.17500054],1,2,"[0.294379027732062, 0.1921773781634303]",0,0
5220,[0.75167301 0.658252  ],2,0,"[0.7890750777399501, 0.6799557517006445]",1,-1
5221,[0.63598695 0.59911133],3,3,"[0.6601234827680622, 0.6109507568947781]",1,-1
5222,[0.30403541 0.12696611],1,2,"[0.294379027732062, 0.1921773781634303]",0,0
5223,[0.86479386 0.61826813],2,-1,-1,1,-1
5224,[0.29880717 0.53922405],0,-1,-1,1,-1
5225,[0.67614351 0.5993348 ],3,3,"[0.6601234827680622, 0.6109507568947781]",1,-1
5226,[0.63655801 0.69754768],3,-1,-1,1,-1
5227,[0.41436918 0.51835215],0,1,"[0.37965276877051146, 0.575157747726818]",1,-1
5228,[0.69298938 0.63026793],3,3,"[0.6601234827680622, 0.6109507568947781]",1,7
5229,[0.24894788 0.29248427],1,-1,-1,0,0
5230,[0.41669339 0.58964489],0,1,"[0.37965276877051146, 0.575157747726818]",1,-1
5231,[0.42214502 0.52978642],0,1,"[0.37965276877051146, 0.575157747726818]",1,-1
5232,[0.4162425  0.51415062],0,-1,-1,1,-1
5233,[0.81188694 0.67289861],2,0,"[0.7890750777399501, 0.6799557517006445]",1,-1
5234,[0.7634317 0.7368097],2,0,"[0.7890750777399501, 0.6799557517006445]",1,-1
5235,[0.59824458 0.63596385],3,3,"[0.6601234827680622, 0.6109507568947781]",1,-1
5236,[0.71641049 0.52676344],3,-1,-1,1,-1
5237,[0.66005709 0.70450846],3,-1,-1,1,-1
5238,[0.39061197 0.56969622],0,1,"[0.37965276877051146, 0.575157747726818]",1,-1
5239,[0.13328711 0.24805981],1,-1,-1,0,-1
5240,[0.20128797 0.12182662],1,-1,-1,0,0
5241,[0.45811639 0.52622535],0,-1,-1,1,-1
5242,[0.28506098 0.15273609],1,2,"[0.294379027732062, 0.1921773781634303]",0,0
5243,[0.37611049 0.54245385],0,1,"[0.37965276877051146, 0.575157747726818]",1,-1
5244,[0.69721566 0.52695887],3,-1,-1,1,-1
5245,[0.68487309 0.6475197 ],3,3,"[0.6601234827680622, 0.6109507568947781]",1,-1
5246,[0.40510672 0.59893834],0,1,"[0.37965276877051146, 0.575157747726818]",1,-1
5247,[0.25543237 0.15386451],1,2,"[0.294379027732062, 0.1921773781634303]",0,0
5248,[0.3411378  0.61784777],0,1,"[0.37965276877051146, 0.575157747726818]",1,-1
5249,[0.63170077 0.52582421],3,-1,-1,1,-1
5250,[0.29661645 0.25639409],1,2,"[0.294379027732062, 0.1921773781634303]",0,0
5251,[0.61422268 0.60589301],3,3,"[0.6601234827680622, 0.6109507568947781]",1,-1
5252,[0.43805182 0.55471126],0,1,"[0.37965276877051146, 0.575157747726818]",1,-1
5253,[0.3377634  0.23790074],1,2,"[0.294379027732062, 0.1921773781634303]",0,0
5254,[0.32435454 0.16097323],1,2,"[0.294379027732062, 0.1921773781634303]",0,0
5255,[0.47507095 0.61479734],0,-1,-1,1,-1
5256,[0.6306267 0.5764586],3,3,"[0.6601234827680622, 0.6109507568947781]",1,-1
5257,[0.71358074 0.67854163],2,-1,-1,1,-1
5258,[0.3176835  0.23084831],1,2,"[0.294379027732062, 0.1921773781634303]",0,0
5259,[0.67757817 0.55596962],3,3,"[0.6601234827680622, 0.6109507568947781]",1,-1
5260,[0.38413482 0.16060017],1,-1,-1,0,0
5261,[0.66351193 0.65553993],3,3,"[0.6601234827680622, 0.6109507568947781]",1,-1
5262,[0.48727302 0.48418036],0,-1,-1,1,-1
5263,[0.36267503 0.56631299],0,1,"[0.37965276877051146, 0.575157747726818]",1,-1
5264,[0.75690482 0.77727095],2,-1,-1,1,-1
5265,[0.71882267 0.70610457],2,-1,-1,1,-1
5266,[0.7969784  0.53862329],2,-1,-1,1,-1
5267,[0.19652284 0.17901115],1,-1,-1,0,0
5268,[0.33302658 0.23173162],1,2,"[0.294379027732062, 0.1921773781634303]",0,0
5269,[0.72132938 0.61844793],3,3,"[0.6601234827680622, 0.6109507568947781]",1,-1
5270,[0.36699415 0.51022636],0,1,"[0.37965276877051146, 0.575157747726818]",1,-1
5271,[0.36357202 0.18120259],1,-1,-1,0,0
5272,[0.68711603 0.61358639],3,3,"[0.6601234827680622, 0.6109507568947781]",1,5
5273,[0.63759873 0.6298203 ],3,3,"[0.6601234827680622, 0.6109507568947781]",1,-1
5274,[0.41619058 0.53574144],0,1,"[0.37965276877051146, 0.575157747726818]",1,-1
5275,[0.61651869 0.59689372],3,3,"[0.6601234827680622, 0.6109507568947781]",1,-1
5276,[0.76263955 0.60226756],2,-1,-1,1,-1
5277,[0.29309696 0.17634637],1,2,"[0.294379027732062, 0.1921773781634303]",0,0
5278,[0.66722962 0.62029602],3,3,"[0.6601234827680622, 0.6109507568947781]",1,7
5279,[0.67568312 0.54057877],3,-1,-1,1,-1
5280,[0.36852812 0.12083783],1,-1,-1,0,0
5281,[0.63688997 0.65002046],3,3,"[0.6601234827680622, 0.6109507568947781]",1,-1
5282,[0.42108468 0.61569094],0,1,"[0.37965276877051146, 0.575157747726818]",1,-1
5283,[0.31783221 0.10651808],1,-1,-1,0,0
5284,[0.22984206 0.1518622 ],1,-1,-1,0,0
5285,[0.29252047 0.17696352],1,2,"[0.294379027732062, 0.1921773781634303]",0,0
5286,[0.32993596 0.58494689],0,1,"[0.37965276877051146, 0.575157747726818]",1,-1
5287,[0.29323342 0.24917029],1,2,"[0.294379027732062, 0.1921773781634303]",0,0
5288,[0.32011281 0.53728486],0,-1,-1,1,-1
5289,[0.77578852 0.56664391],3,-1,-1,1,-1
5290,[0.76304112 0.65403795],3,0,"[0.7890750777399501, 0.6799557517006445]",1,-1
5291,[0.86005969 0.65573055],2,-1,-1,1,-1
5292,[0.64012546 0.46355718],3,-1,-1,1,-1
5293,[0.88338834 0.75727752],2,-1,-1,1,-1
5294,[0.63416838 0.65959654],3,3,"[0.6601234827680622, 0.6109507568947781]",1,-1
5295,[0.60918932 0.60755518],3,3,"[0.6601234827680622, 0.6109507568947781]",1,-1
5296,[0.24176967 0.23007391],1,2,"[0.294379027732062, 0.1921773781634303]",0,0
5297,[0.38786107 0.60501109],0,1,"[0.37965276877051146, 0.575157747726818]",1,-1
5298,[0.35001016 0.63180799],0,1,"[0.37965276877051146, 0.575157747726818]",1,-1
5299,[0.33051603 0.18248529],1,2,"[0.294379027732062, 0.1921773781634303]",0,0
5300,[0.2658015  0.25658007],1,-1,-1,0,0
5301,[0.68383267 0.73414988],2,-1,-1,1,-1
5302,[0.69624471 0.72581823],3,-1,-1,1,-1
5303,[0.63133674 0.46520845],3,-1,-1,1,-1
5304,[0.72037759 0.74661408],2,-1,-1,1,-1
5305,[0.45780281 0.52426955],0,-1,-1,1,-1
5306,[0.39174145 0.5053407 ],0,-1,-1,1,-1
5307,[0.70240687 0.59659748],3,3,"[0.6601234827680622, 0.6109507568947781]",1,-1
5308,[0.85469192 0.7670696 ],2,-1,-1,1,-1
5309,[0.33247932 0.54527725],0,1,"[0.37965276877051146, 0.575157747726818]",1,-1
5310,[0.37221393 0.66685695],0,-1,-1,1,-1
5311,[0.43961527 0.66920986],0,-1,-1,1,-1
5312,[0.27920127 0.13799553],1,2,"[0.294379027732062, 0.1921773781634303]",0,0
5313,[0.33960105 0.26804779],1,-1,-1,0,0
5314,[0.73779534 0.70976992],2,0,"[0.7890750777399501, 0.6799557517006445]",1,-1
5315,[0.37661242 0.47398181],0,-1,-1,1,-1
5316,[0.33448135 0.52089178],0,-1,-1,1,-1
5317,[0.67913025 0.76243258],3,-1,-1,1,-1
5318,[0.29630443 0.18706144],1,2,"[0.294379027732062, 0.1921773781634303]",0,0
5319,[0.632424   0.65859826],3,3,"[0.6601234827680622, 0.6109507568947781]",1,-1
5320,[0.30048962 0.25897208],1,2,"[0.294379027732062, 0.1921773781634303]",0,0
5321,[0.67332427 0.58159541],3,3,"[0.6601234827680622, 0.6109507568947781]",1,-1
5322,[0.72197109 0.6812353 ],3,0,"[0.7890750777399501, 0.6799557517006445]",1,-1
5323,[0.74771576 0.77386268],2,-1,-1,1,-1
5324,[0.69733546 0.66379392],3,3,"[0.6601234827680622, 0.6109507568947781]",1,-1
5325,[0.34566343 0.57776141],0,1,"[0.37965276877051146, 0.575157747726818]",1,-1
5326,[0.37279603 0.21678535],1,-1,-1,0,0
5327,[0.3677518  0.59903054],0,1,"[0.37965276877051146, 0.575157747726818]",1,-1
5328,[0.33251413 0.11438508],1,-1,-1,0,0
5329,[0.33370534 0.20520196],1,2,"[0.294379027732062, 0.1921773781634303]",0,0
5330,[0.83348321 0.73142455],2,0,"[0.7890750777399501, 0.6799557517006445]",1,-1
5331,[0.63812755 0.6059059 ],3,3,"[0.6601234827680622, 0.6109507568947781]",1,-1
5332,[0.27499608 0.14166617],1,2,"[0.294379027732062, 0.1921773781634303]",0,0
5333,[0.40599279 0.6261484 ],0,1,"[0.37965276877051146, 0.575157747726818]",1,-1
5334,[0.31817743 0.18867411],1,2,"[0.294379027732062, 0.1921773781634303]",0,0
5335,[0.42113079 0.44743879],0,-1,-1,1,-1
5336,[0.21233762 0.13733064],1,-1,-1,0,0
5337,[0.34775329 0.56227581],0,1,"[0.37965276877051146, 0.575157747726818]",1,-1
5338,[0.4048957  0.63903849],0,1,"[0.37965276877051146, 0.575157747726818]",1,-1
5339,[0.81539545 0.61587939],2,0,"[0.7890750777399501, 0.6799557517006445]",1,-1
5340,[0.26226304 0.15440071],1,2,"[0.294379027732062, 0.1921773781634303]",0,0
5341,[0.72240089 0.59284892],3,3,"[0.6601234827680622, 0.6109507568947781]",1,-1
5342,[0.34713215 0.1828332 ],1,2,"[0.294379027732062, 0.1921773781634303]",0,0
5343,[0.40301919 0.60387446],0,1,"[0.37965276877051146, 0.575157747726818]",1,-1
5344,[0.32240452 0.25364699],1,2,"[0.294379027732062, 0.1921773781634303]",0,0
5345,[0.26697082 0.15330917],1,2,"[0.294379027732062, 0.1921773781634303]",0,0
5346,[0.38537919 0.61424407],0,1,"[0.37965276877051146, 0.575157747726818]",1,-1
5347,[0.88932829 0.67122056],2,-1,-1,1,-1
5348,[0.39370354 0.21111096],1,-1,-1,0,0
5349,[0.63455327 0.57000227],3,3,"[0.6601234827680622, 0.6109507568947781]",1,-1
5350,[0.60534301 0.65241592],3,3,"[0.6601234827680622, 0.6109507568947781]",1,-1
5351,[0.79821455 0.72475805],2,0,"[0.7890750777399501, 0.6799557517006445]",1,-1
5352,[0.3007413  0.13758015],1,2,"[0.294379027732062, 0.1921773781634303]",0,0
5353,[0.85679494 0.56517807],2,-1,-1,1,-1
5354,[0.38550887 0.14129325],1,-1,-1,0,0
5355,[0.41280508 0.47746157],0,-1,-1,1,-1
5356,[0.76110297 0.72020499],2,0,"[0.7890750777399501, 0.6799557517006445]",1,-1
5357,[0.496158   0.55652129],0,-1,-1,1,-1
5358,[0.26181259 0.11517309],1,-1,-1,0,0
5359,[0.43246612 0.63776475],0,-1,-1,1,-1
5360,[0.29475053 0.1382836 ],1,2,"[0.294379027732062, 0.1921773781634303]",0,0
5361,[0.77315546 0.69758607],2,0,"[0.7890750777399501, 0.6799557517006445]",1,-1
5362,[0.22572274 0.28451499],1,-1,-1,0,0
5363,[0.75694349 0.67345026],2,0,"[0.7890750777399501, 0.6799557517006445]",1,-1
5364,[0.72225534 0.60816013],2,3,"[0.6601234827680622, 0.6109507568947781]",1,-1
5365,[0.38355044 0.54492798],0,1,"[0.37965276877051146, 0.575157747726818]",1,-1
5366,[0.340208   0.15330507],1,2,"[0.294379027732062, 0.1921773781634303]",0,0
5367,[0.33399961 0.24770224],1,2,"[0.294379027732062, 0.1921773781634303]",0,0
5368,[0.80321028 0.64041804],2,0,"[0.7890750777399501, 0.6799557517006445]",1,-1
5369,[0.32988004 0.19215531],1,2,"[0.294379027732062, 0.1921773781634303]",0,0
5370,[0.37631897 0.60463302],0,1,"[0.37965276877051146, 0.575157747726818]",1,-1
5371,[0.59203884 0.58873687],3,-1,-1,1,-1
5372,[0.31473317 0.59843936],0,1,"[0.37965276877051146, 0.575157747726818]",1,-1
5373,[0.3428477  0.62044339],0,1,"[0.37965276877051146, 0.575157747726818]",1,-1
5374,[0.24925151 0.17447532],1,2,"[0.294379027732062, 0.1921773781634303]",0,0
5375,[0.81144512 0.76166535],2,-1,-1,1,-1
5376,[0.71973021 0.6895942 ],2,-1,-1,1,-1
5377,[0.78757989 0.68295307],2,0,"[0.7890750777399501, 0.6799557517006445]",1,-1
5378,[0.69761717 0.66458494],3,3,"[0.6601234827680622, 0.6109507568947781]",1,-1
5379,[0.46516644 0.6038676 ],0,-1,-1,1,-1
5380,[0.41462939 0.62141697],0,1,"[0.37965276877051146, 0.575157747726818]",1,-1
5381,[0.68254192 0.67766943],3,-1,-1,1,-1
5382,[0.67236715 0.6350996 ],3,3,"[0.6601234827680622, 0.6109507568947781]",1,-1
5383,[0.7963298 0.6579642],2,0,"[0.7890750777399501, 0.6799557517006445]",1,-1
5384,[0.22120408 0.16930684],1,-1,-1,0,0
5385,[0.78188841 0.57323702],2,-1,-1,1,-1
5386,[0.32299034 0.65243721],0,-1,-1,1,-1
5387,[0.72058353 0.58780557],3,3,"[0.6601234827680622, 0.6109507568947781]",1,-1
5388,[0.76708603 0.65138522],2,0,"[0.7890750777399501, 0.6799557517006445]",1,-1
5389,[0.80439175 0.77649904],2,-1,-1,1,-1
5390,[0.21523492 0.18113375],1,-1,-1,0,0
5391,[0.28192293 0.2011535 ],1,2,"[0.294379027732062, 0.1921773781634303]",0,0
5392,[0.4605282  0.55323704],0,-1,-1,1,-1
5393,[0.63134091 0.69415835],3,-1,-1,1,-1
5394,[0.63396584 0.54919691],3,3,"[0.6601234827680622, 0.6109507568947781]",1,-1
5395,[0.68648435 0.69313053],3,-1,-1,1,-1
5396,[0.27829158 0.61231098],0,-1,-1,1,-1
5397,[0.63629286 0.62462019],3,3,"[0.6601234827680622, 0.6109507568947781]",1,-1
5398,[0.63484959 0.59968193],3,3,"[0.6601234827680622, 0.6109507568947781]",1,-1
5399,[0.79713315 0.67841623],2,0,"[0.7890750777399501, 0.6799557517006445]",1,-1
5400,[0.72817163 0.58410143],2,-1,-1,1,-1
5401,[0.26483129 0.1597299 ],1,2,"[0.294379027732062, 0.1921773781634303]",0,0
5402,[0.76951893 0.49514513],3,-1,-1,1,-1
5403,[0.81149637 0.66913387],2,0,"[0.7890750777399501, 0.6799557517006445]",1,-1
5404,[0.29176595 0.13523543],1,2,"[0.294379027732062, 0.1921773781634303]",0,0
5405,[0.79294262 0.71797487],2,0,"[0.7890750777399501, 0.6799557517006445]",1,-1
5406,[0.83678808 0.66655453],2,0,"[0.7890750777399501, 0.6799557517006445]",1,-1
5407,[0.68333716 0.59816936],3,3,"[0.6601234827680622, 0.6109507568947781]",1,5
5408,[0.62996991 0.61364221],3,3,"[0.6601234827680622, 0.6109507568947781]",1,-1
5409,[0.73350033 0.68810516],2,0,"[0.7890750777399501, 0.6799557517006445]",1,-1
5410,[0.39745935 0.5710465 ],0,1,"[0.37965276877051146, 0.575157747726818]",1,-1
5411,[0.62255567 0.60188146],3,3,"[0.6601234827680622, 0.6109507568947781]",1,-1
5412,[0.30666912 0.19723844],1,2,"[0.294379027732062, 0.1921773781634303]",0,0
5413,[0.36483551 0.57475295],0,1,"[0.37965276877051146, 0.575157747726818]",1,-1
5414,[0.76485131 0.64565569],2,0,"[0.7890750777399501, 0.6799557517006445]",1,-1
5415,[0.40997481 0.5939828 ],0,1,"[0.37965276877051146, 0.575157747726818]",1,-1
5416,[0.21391615 0.16534707],1,-1,-1,0,0
5417,[0.21895888 0.16688953],1,-1,-1,0,0
5418,[0.40206175 0.5961533 ],0,1,"[0.37965276877051146, 0.575157747726818]",1,-1
5419,[0.45682725 0.54578147],0,-1,-1,1,-1
5420,[0.77489599 0.63239401],2,0,"[0.7890750777399501, 0.6799557517006445]",1,-1
5421,[0.23594905 0.13850686],1,-1,-1,0,0
5422,[0.26831419 0.11789095],1,-1,-1,0,0
5423,[0.76714689 0.67854395],2,0,"[0.7890750777399501, 0.6799557517006445]",1,4
5424,[0.23536341 0.08452558],1,-1,-1,0,0
5425,[0.69793569 0.52090225],3,-1,-1,1,-1
5426,[0.61380232 0.58423143],3,3,"[0.6601234827680622, 0.6109507568947781]",1,-1
5427,[0.3836597  0.49379634],0,-1,-1,1,-1
5428,[0.64205529 0.66870367],3,3,"[0.6601234827680622, 0.6109507568947781]",1,-1
5429,[0.81770673 0.72680434],2,0,"[0.7890750777399501, 0.6799557517006445]",1,-1
5430,[0.33494468 0.19129888],1,2,"[0.294379027732062, 0.1921773781634303]",0,0
5431,[0.34445381 0.22891318],1,2,"[0.294379027732062, 0.1921773781634303]",0,0
5432,[0.24041885 0.15902611],1,2,"[0.294379027732062, 0.1921773781634303]",0,0
5433,[0.28090132 0.21271951],1,2,"[0.294379027732062, 0.1921773781634303]",0,0
5434,[0.78884487 0.6423327 ],2,0,"[0.7890750777399501, 0.6799557517006445]",1,-1
5435,[0.44318431 0.54485706],0,-1,-1,1,-1
5436,[0.27616926 0.19870312],1,2,"[0.294379027732062, 0.1921773781634303]",0,0
5437,[0.3987231  0.60211214],0,1,"[0.37965276877051146, 0.575157747726818]",1,-1
5438,[0.3174758  0.22628103],1,2,"[0.294379027732062, 0.1921773781634303]",0,0
5439,[0.36303439 0.58222445],0,1,"[0.37965276877051146, 0.575157747726818]",1,-1
5440,[0.67450634 0.65110792],3,3,"[0.6601234827680622, 0.6109507568947781]",1,-1
5441,[0.82067727 0.68710853],2,0,"[0.7890750777399501, 0.6799557517006445]",1,-1
5442,[0.34026726 0.17006015],1,2,"[0.294379027732062, 0.1921773781634303]",0,0
5443,[0.3398117 0.2285734],1,2,"[0.294379027732062, 0.1921773781634303]",0,0
5444,[0.74192596 0.60036207],2,-1,-1,1,-1
5445,[0.28825384 0.56653544],0,-1,-1,1,-1
5446,[0.8648697  0.69478864],2,-1,-1,1,-1
5447,[0.73356858 0.70465837],2,0,"[0.7890750777399501, 0.6799557517006445]",1,-1
5448,[0.61729604 0.61244555],3,3,"[0.6601234827680622, 0.6109507568947781]",1,-1
5449,[0.62608291 0.58872093],3,3,"[0.6601234827680622, 0.6109507568947781]",1,-1
5450,[0.78842263 0.65471083],2,0,"[0.7890750777399501, 0.6799557517006445]",1,-1
5451,[0.73309961 0.53073705],3,-1,-1,1,-1
5452,[0.36222307 0.15304299],1,-1,-1,0,0
5453,[0.61150314 0.57824178],3,3,"[0.6601234827680622, 0.6109507568947781]",1,-1
5454,[0.69914646 0.60722464],3,3,"[0.6601234827680622, 0.6109507568947781]",1,-1
5455,[0.85547262 0.66240132],2,0,"[0.7890750777399501, 0.6799557517006445]",1,-1
5456,[0.30096253 0.17257855],1,2,"[0.294379027732062, 0.1921773781634303]",0,0
5457,[0.37979201 0.6308408 ],0,1,"[0.37965276877051146, 0.575157747726818]",1,-1
5458,[0.33860389 0.54532528],0,1,"[0.37965276877051146, 0.575157747726818]",1,-1
5459,[0.69165682 0.63218632],2,3,"[0.6601234827680622, 0.6109507568947781]",1,7
5460,[0.36780982 0.54748445],0,1,"[0.37965276877051146, 0.575157747726818]",1,-1
5461,[0.44567817 0.62402661],0,-1,-1,1,-1
5462,[0.85209327 0.66492541],2,0,"[0.7890750777399501, 0.6799557517006445]",1,-1
5463,[0.81628188 0.69326311],2,0,"[0.7890750777399501, 0.6799557517006445]",1,-1
5464,[0.71240861 0.56438485],3,-1,-1,1,-1
5465,[0.33140895 0.59076198],0,1,"[0.37965276877051146, 0.575157747726818]",1,-1
5466,[0.81002241 0.68345353],2,0,"[0.7890750777399501, 0.6799557517006445]",1,-1
5467,[0.39320897 0.60426213],0,1,"[0.37965276877051146, 0.575157747726818]",1,-1
5468,[0.59916638 0.57383067],3,-1,-1,1,-1
5469,[0.6792734 0.5909889],3,3,"[0.6601234827680622, 0.6109507568947781]",1,-1
5470,[0.86899198 0.66523453],2,-1,-1,1,-1
5471,[0.76894477 0.68883979],2,0,"[0.7890750777399501, 0.6799557517006445]",1,-1
5472,[0.82121147 0.71772804],2,0,"[0.7890750777399501, 0.6799557517006445]",1,-1
5473,[0.7391925  0.57715752],3,-1,-1,1,-1
5474,[0.76567677 0.67536179],2,0,"[0.7890750777399501, 0.6799557517006445]",1,-1
5475,[0.27031807 0.15620287],1,2,"[0.294379027732062, 0.1921773781634303]",0,0
5476,[0.37632144 0.54584386],0,1,"[0.37965276877051146, 0.575157747726818]",1,-1
5477,[0.41927988 0.58738352],0,1,"[0.37965276877051146, 0.575157747726818]",1,-1
5478,[0.35447261 0.58264337],0,1,"[0.37965276877051146, 0.575157747726818]",1,-1
5479,[0.43603261 0.66144052],0,-1,-1,1,-1
5480,[0.69090653 0.57241603],3,3,"[0.6601234827680622, 0.6109507568947781]",1,-1
5481,[0.5830071  0.58814568],3,-1,-1,1,-1
5482,[0.82632092 0.66500029],2,0,"[0.7890750777399501, 0.6799557517006445]",1,-1
5483,[0.67056693 0.65930128],3,3,"[0.6601234827680622, 0.6109507568947781]",1,-1
5484,[0.37661477 0.61612743],0,1,"[0.37965276877051146, 0.575157747726818]",1,-1
5485,[0.43946922 0.52209194],0,-1,-1,1,-1
5486,[0.60810886 0.65265715],3,3,"[0.6601234827680622, 0.6109507568947781]",1,-1
5487,[0.69027265 0.55897283],3,3,"[0.6601234827680622, 0.6109507568947781]",1,-1
5488,[0.3069145  0.14760579],1,2,"[0.294379027732062, 0.1921773781634303]",0,0
5489,[0.38825581 0.55104437],0,1,"[0.37965276877051146, 0.575157747726818]",1,-1
5490,[0.77966283 0.71278936],2,0,"[0.7890750777399501, 0.6799557517006445]",1,-1
5491,[0.37402364 0.18145804],1,-1,-1,0,0
5492,[0.34384631 0.23041898],1,2,"[0.294379027732062, 0.1921773781634303]",0,0
5493,[0.42593149 0.68356005],0,-1,-1,1,-1
5494,[0.60870372 0.61188437],3,3,"[0.6601234827680622, 0.6109507568947781]",1,-1
5495,[0.80847275 0.65895257],2,0,"[0.7890750777399501, 0.6799557517006445]",1,-1
5496,[0.65003607 0.64488027],3,3,"[0.6601234827680622, 0.6109507568947781]",1,-1
5497,[0.82999499 0.76045171],2,-1,-1,1,-1
5498,[0.32913711 0.26705777],1,-1,-1,0,0
5499,[0.74901684 0.52622252],3,-1,-1,1,-1
5500,[0.84022939 0.70954327],2,0,"[0.7890750777399501, 0.6799557517006445]",1,-1
5501,[0.63370692 0.59138326],3,3,"[0.6601234827680622, 0.6109507568947781]",1,-1
5502,[0.71068299 0.72491176],2,-1,-1,1,-1
5503,[0.71109329 0.69289532],2,-1,-1,1,-1
5504,[0.77698674 0.74923979],2,-1,-1,1,-1
5505,[0.2801804 0.1841204],1,2,"[0.294379027732062, 0.1921773781634303]",0,0
5506,[0.24362237 0.21019052],1,2,"[0.294379027732062, 0.1921773781634303]",0,0
5507,[0.60109115 0.59912885],3,3,"[0.6601234827680622, 0.6109507568947781]",1,-1
5508,[0.34897259 0.21895808],1,2,"[0.294379027732062, 0.1921773781634303]",0,0
5509,[0.23071414 0.51970665],0,-1,-1,1,-1
5510,[0.26988111 0.22192567],1,2,"[0.294379027732062, 0.1921773781634303]",0,0
5511,[0.28583602 0.29264744],1,-1,-1,0,0
5512,[0.73537884 0.68099292],2,0,"[0.7890750777399501, 0.6799557517006445]",1,-1
5513,[0.40942983 0.16194836],1,-1,-1,0,0
5514,[0.47471543 0.52885812],0,-1,-1,1,-1
5515,[0.37271946 0.21927944],1,-1,-1,0,0
5516,[0.57052458 0.60731426],3,-1,-1,1,-1
5517,[0.2945235  0.12729374],1,2,"[0.294379027732062, 0.1921773781634303]",0,0
5518,[0.27894326 0.24540179],1,2,"[0.294379027732062, 0.1921773781634303]",0,0
5519,[0.38037088 0.56981242],0,1,"[0.37965276877051146, 0.575157747726818]",1,-1
5520,[0.32573122 0.53957851],0,1,"[0.37965276877051146, 0.575157747726818]",1,-1
5521,[0.79415572 0.67085857],2,0,"[0.7890750777399501, 0.6799557517006445]",1,4
5522,[0.66977319 0.59707031],3,3,"[0.6601234827680622, 0.6109507568947781]",1,-1
5523,[0.24913478 0.14237991],1,2,"[0.294379027732062, 0.1921773781634303]",0,0
5524,[0.79920815 0.64618095],2,0,"[0.7890750777399501, 0.6799557517006445]",1,-1
5525,[0.80460055 0.71403332],2,0,"[0.7890750777399501, 0.6799557517006445]",1,-1
5526,[0.30285363 0.24627689],1,2,"[0.294379027732062, 0.1921773781634303]",0,0
5527,[0.26025894 0.28958714],1,-1,-1,0,0
5528,[0.28660487 0.24551546],1,2,"[0.294379027732062, 0.1921773781634303]",0,0
5529,[0.40085809 0.68698413],0,-1,-1,1,-1
5530,[0.70357107 0.61169673],3,3,"[0.6601234827680622, 0.6109507568947781]",1,-1
5531,[0.6913198  0.59804965],3,3,"[0.6601234827680622, 0.6109507568947781]",1,-1
5532,[0.24349623 0.23700265],1,2,"[0.294379027732062, 0.1921773781634303]",0,0
5533,[0.66453488 0.58889411],3,3,"[0.6601234827680622, 0.6109507568947781]",1,6
5534,[0.33879386 0.24249056],1,2,"[0.294379027732062, 0.1921773781634303]",0,0
5535,[0.39379809 0.56821092],0,1,"[0.37965276877051146, 0.575157747726818]",1,-1
5536,[0.73443847 0.70054838],2,0,"[0.7890750777399501, 0.6799557517006445]",1,-1
5537,[0.26377476 0.22482295],1,2,"[0.294379027732062, 0.1921773781634303]",0,0
5538,[0.58327232 0.61063379],3,-1,-1,1,-1
5539,[0.31347171 0.11831076],1,-1,-1,0,0
5540,[0.76397292 0.72683186],2,0,"[0.7890750777399501, 0.6799557517006445]",1,-1
5541,[0.62028869 0.6318191 ],3,3,"[0.6601234827680622, 0.6109507568947781]",1,-1
5542,[0.46176702 0.5439453 ],0,-1,-1,1,-1
5543,[0.85474835 0.66377012],2,0,"[0.7890750777399501, 0.6799557517006445]",1,-1
5544,[0.38004699 0.55388657],0,1,"[0.37965276877051146, 0.575157747726818]",1,-1
5545,[0.36736595 0.59397965],0,1,"[0.37965276877051146, 0.575157747726818]",1,-1
5546,[0.78387989 0.60323894],2,-1,-1,1,-1
5547,[0.65816151 0.71352778],3,-1,-1,1,-1
5548,[0.35253767 0.60437652],0,1,"[0.37965276877051146, 0.575157747726818]",1,-1
5549,[0.7061732 0.6694979],3,-1,-1,1,-1
5550,[0.25966804 0.24895403],1,2,"[0.294379027732062, 0.1921773781634303]",0,0
5551,[0.43635647 0.55235862],0,1,"[0.37965276877051146, 0.575157747726818]",1,-1
5552,[0.24640777 0.11954245],1,-1,-1,0,0
5553,[0.62856674 0.65877923],3,3,"[0.6601234827680622, 0.6109507568947781]",1,-1
5554,[0.27311692 0.14635327],1,2,"[0.294379027732062, 0.1921773781634303]",0,0
5555,[0.36281043 0.57945786],0,1,"[0.37965276877051146, 0.575157747726818]",1,-1
5556,[0.38926685 0.58888228],0,1,"[0.37965276877051146, 0.575157747726818]",1,-1
5557,[0.32042246 0.48542428],0,-1,-1,1,-1
5558,[0.73317201 0.714829  ],2,0,"[0.7890750777399501, 0.6799557517006445]",1,-1
5559,[0.62320745 0.63230795],3,3,"[0.6601234827680622, 0.6109507568947781]",1,-1
5560,[0.69499539 0.59516244],3,3,"[0.6601234827680622, 0.6109507568947781]",1,-1
5561,[0.29460171 0.206906  ],1,2,"[0.294379027732062, 0.1921773781634303]",0,0
5562,[0.31857414 0.25782341],1,2,"[0.294379027732062, 0.1921773781634303]",0,0
5563,[0.85787049 0.65121709],2,-1,-1,1,-1
5564,[0.3240808  0.60132602],0,1,"[0.37965276877051146, 0.575157747726818]",1,-1
5565,[0.74930961 0.67107822],3,0,"[0.7890750777399501, 0.6799557517006445]",1,-1
5566,[0.6662678 0.715962 ],3,-1,-1,1,-1
5567,[0.25468416 0.16354569],1,2,"[0.294379027732062, 0.1921773781634303]",0,0
5568,[0.47176626 0.66970388],0,-1,-1,1,-1
5569,[0.38795232 0.58470006],0,1,"[0.37965276877051146, 0.575157747726818]",1,-1
5570,[0.84069724 0.65175095],2,0,"[0.7890750777399501, 0.6799557517006445]",1,-1
5571,[0.76792077 0.50139112],3,-1,-1,1,-1
5572,[0.73379369 0.69717283],3,0,"[0.7890750777399501, 0.6799557517006445]",1,-1
5573,[0.65210871 0.53887085],3,-1,-1,1,-1
5574,[0.78197041 0.66936469],2,0,"[0.7890750777399501, 0.6799557517006445]",1,-1
5575,[0.1676254  0.13235747],1,-1,-1,0,0
5576,[0.67838681 0.54418333],3,3,"[0.6601234827680622, 0.6109507568947781]",1,-1
5577,[0.76363466 0.53603322],2,-1,-1,1,-1
5578,[0.66170897 0.59888215],3,3,"[0.6601234827680622, 0.6109507568947781]",1,-1
5579,[0.28462184 0.20289555],1,2,"[0.294379027732062, 0.1921773781634303]",0,0
5580,[0.67254473 0.54192999],3,-1,-1,1,-1
5581,[0.24575278 0.16545768],1,2,"[0.294379027732062, 0.1921773781634303]",0,0
5582,[0.40703728 0.63536094],0,1,"[0.37965276877051146, 0.575157747726818]",1,-1
5583,[0.63074097 0.59577977],3,3,"[0.6601234827680622, 0.6109507568947781]",1,-1
5584,[0.77191962 0.69725058],2,0,"[0.7890750777399501, 0.6799557517006445]",1,-1
5585,[0.39521606 0.51317131],0,1,"[0.37965276877051146, 0.575157747726818]",1,-1
5586,[0.34442428 0.22305297],1,2,"[0.294379027732062, 0.1921773781634303]",0,0
5587,[0.80853391 0.60367766],2,-1,-1,1,-1
5588,[0.76239348 0.70711933],3,0,"[0.7890750777399501, 0.6799557517006445]",1,-1
5589,[0.84486996 0.66596032],2,0,"[0.7890750777399501, 0.6799557517006445]",1,-1
5590,[0.32910997 0.57125229],0,1,"[0.37965276877051146, 0.575157747726818]",1,-1
5591,[0.4250524  0.60645384],0,1,"[0.37965276877051146, 0.575157747726818]",1,-1
5592,[0.68242813 0.62533633],3,3,"[0.6601234827680622, 0.6109507568947781]",1,7
5593,[0.30546043 0.22639018],1,2,"[0.294379027732062, 0.1921773781634303]",0,0
5594,[0.66250811 0.52022192],3,-1,-1,1,-1
5595,[0.61813634 0.57581977],3,3,"[0.6601234827680622, 0.6109507568947781]",1,-1
5596,[0.77659407 0.64583468],2,0,"[0.7890750777399501, 0.6799557517006445]",1,-1
5597,[0.26063779 0.25611498],1,-1,-1,0,0
5598,[0.69133025 0.59222349],3,3,"[0.6601234827680622, 0.6109507568947781]",1,-1
5599,[0.32537755 0.56349648],0,1,"[0.37965276877051146, 0.575157747726818]",1,-1
5600,[0.81328704 0.71081103],2,0,"[0.7890750777399501, 0.6799557517006445]",1,-1
5601,[0.79637736 0.60521463],2,-1,-1,1,-1
5602,[0.35649167 0.57526922],0,1,"[0.37965276877051146, 0.575157747726818]",1,-1
5603,[0.85375802 0.72357141],2,-1,-1,1,-1
5604,[0.78598301 0.59919146],2,-1,-1,1,-1
5605,[0.77695148 0.67249619],2,0,"[0.7890750777399501, 0.6799557517006445]",1,-1
5606,[0.67206833 0.65275374],3,3,"[0.6601234827680622, 0.6109507568947781]",1,-1
5607,[0.70561904 0.67792062],3,-1,-1,1,-1
5608,[0.72484964 0.72690219],2,-1,-1,1,-1
5609,[0.6578651  0.60219874],3,3,"[0.6601234827680622, 0.6109507568947781]",1,6
5610,[0.71655647 0.62336613],3,3,"[0.6601234827680622, 0.6109507568947781]",1,-1
5611,[0.78302119 0.71533344],2,0,"[0.7890750777399501, 0.6799557517006445]",1,-1
5612,[0.40665626 0.57699271],0,1,"[0.37965276877051146, 0.575157747726818]",1,2
5613,[0.58257821 0.59720825],3,-1,-1,1,-1
5614,[0.44795648 0.58185857],0,1,"[0.37965276877051146, 0.575157747726818]",1,-1
5615,[0.36316794 0.18833559],1,2,"[0.294379027732062, 0.1921773781634303]",0,0
5616,[0.70718741 0.61893167],3,3,"[0.6601234827680622, 0.6109507568947781]",1,-1
5617,[0.29590491 0.24146939],1,2,"[0.294379027732062, 0.1921773781634303]",0,0
5618,[0.76019668 0.65717727],2,0,"[0.7890750777399501, 0.6799557517006445]",1,3
5619,[0.39737037 0.54910271],0,1,"[0.37965276877051146, 0.575157747726818]",1,-1
5620,[0.37649731 0.55675379],0,1,"[0.37965276877051146, 0.575157747726818]",1,-1
5621,[0.32293736 0.61481062],0,1,"[0.37965276877051146, 0.575157747726818]",1,-1
5622,[0.30056988 0.17429128],1,2,"[0.294379027732062, 0.1921773781634303]",0,0
5623,[0.89781458 0.68910235],2,-1,-1,1,-1
5624,[0.34295361 0.28149785],1,-1,-1,0,0
5625,[0.74966278 0.68308899],2,0,"[0.7890750777399501, 0.6799557517006445]",1,-1
5626,[0.75725753 0.72062762],2,0,"[0.7890750777399501, 0.6799557517006445]",1,-1
5627,[0.70016673 0.60034912],2,3,"[0.6601234827680622, 0.6109507568947781]",1,-1
5628,[0.88306836 0.63039722],2,-1,-1,1,-1
5629,[0.37135348 0.56723072],0,1,"[0.37965276877051146, 0.575157747726818]",1,1
5630,[0.34812682 0.58743741],0,1,"[0.37965276877051146, 0.575157747726818]",1,-1
5631,[0.35919515 0.27785228],1,-1,-1,0,0
5632,[0.33215173 0.5574591 ],0,1,"[0.37965276877051146, 0.575157747726818]",1,-1
5633,[0.76388205 0.61182207],2,-1,-1,1,-1
5634,[0.42660255 0.61904911],0,1,"[0.37965276877051146, 0.575157747726818]",1,-1
5635,[0.74784979 0.60070734],3,-1,-1,1,-1
5636,[0.41386465 0.53918243],0,1,"[0.37965276877051146, 0.575157747726818]",1,-1
5637,[0.46021942 0.63197921],0,-1,-1,1,-1
5638,[0.20937063 0.20183829],1,-1,-1,0,0
5639,[0.4395746  0.56923459],0,1,"[0.37965276877051146, 0.575157747726818]",1,-1
5640,[0.83058751 0.64676647],2,0,"[0.7890750777399501, 0.6799557517006445]",1,-1
5641,[0.36578388 0.66879173],0,-1,-1,1,-1
5642,[0.35818846 0.51498606],0,1,"[0.37965276877051146, 0.575157747726818]",1,-1
5643,[0.8277675  0.66859831],2,0,"[0.7890750777399501, 0.6799557517006445]",1,-1
5644,[0.28659265 0.18863253],1,2,"[0.294379027732062, 0.1921773781634303]",0,0
5645,[0.39106074 0.20646981],1,-1,-1,0,0
5646,[0.40191302 0.47689702],0,-1,-1,1,-1
5647,[0.71585012 0.57892099],3,3,"[0.6601234827680622, 0.6109507568947781]",1,-1
5648,[0.60010287 0.60175332],3,3,"[0.6601234827680622, 0.6109507568947781]",1,-1
5649,[0.33509243 0.63369257],0,-1,-1,1,-1
5650,[0.32174192 0.54844921],0,1,"[0.37965276877051146, 0.575157747726818]",1,-1
5651,[0.33667006 0.54709758],0,1,"[0.37965276877051146, 0.575157747726818]",1,-1
5652,[0.3501578  0.55683588],0,1,"[0.37965276877051146, 0.575157747726818]",1,-1
5653,[0.6510689  0.62259244],3,3,"[0.6601234827680622, 0.6109507568947781]",1,7
5654,[0.61809446 0.61631624],3,3,"[0.6601234827680622, 0.6109507568947781]",1,-1
5655,[0.23538263 0.22829078],1,2,"[0.294379027732062, 0.1921773781634303]",0,0
5656,[0.29793239 0.12662056],1,2,"[0.294379027732062, 0.1921773781634303]",0,0
5657,[0.47007763 0.53579795],0,-1,-1,1,-1
5658,[0.70736732 0.63724972],3,3,"[0.6601234827680622, 0.6109507568947781]",1,-1
5659,[0.19247833 0.30221025],1,-1,-1,0,0
5660,[0.37590838 0.58399941],0,1,"[0.37965276877051146, 0.575157747726818]",1,-1
5661,[0.71988778 0.73551701],3,-1,-1,1,-1
5662,[0.32643133 0.46127449],0,-1,-1,1,-1
5663,[0.41976883 0.59828196],0,1,"[0.37965276877051146, 0.575157747726818]",1,-1
5664,[0.35844081 0.54855653],0,1,"[0.37965276877051146, 0.575157747726818]",1,-1
5665,[0.63644845 0.63216552],3,3,"[0.6601234827680622, 0.6109507568947781]",1,-1
5666,[0.76364034 0.77200465],2,-1,-1,1,-1
5667,[0.25103651 0.23371546],1,2,"[0.294379027732062, 0.1921773781634303]",0,0
5668,[0.62008201 0.5237272 ],3,-1,-1,1,-1
5669,[0.76909544 0.59654909],2,-1,-1,1,-1
5670,[0.36867206 0.22757681],1,-1,-1,0,0
5671,[0.80536206 0.73668465],2,0,"[0.7890750777399501, 0.6799557517006445]",1,-1
5672,[0.28877366 0.1512308 ],1,2,"[0.294379027732062, 0.1921773781634303]",0,0
5673,[0.225551   0.27016645],1,-1,-1,0,0
5674,[0.75358727 0.54603172],3,-1,-1,1,-1
5675,[0.71236624 0.58853866],3,3,"[0.6601234827680622, 0.6109507568947781]",1,-1
5676,[0.67509194 0.70404717],3,-1,-1,1,-1
5677,[0.35848405 0.49850443],0,-1,-1,1,-1
5678,[0.23990271 0.17431562],1,2,"[0.294379027732062, 0.1921773781634303]",0,0
5679,[0.37674495 0.2440027 ],1,-1,-1,0,0
5680,[0.41640805 0.63439379],0,1,"[0.37965276877051146, 0.575157747726818]",1,-1
5681,[0.35239632 0.56391651],0,1,"[0.37965276877051146, 0.575157747726818]",1,-1
5682,[0.22644642 0.19711956],1,2,"[0.294379027732062, 0.1921773781634303]",0,0
5683,[0.62879505 0.61043696],3,3,"[0.6601234827680622, 0.6109507568947781]",1,-1
5684,[0.7006633  0.65734964],3,3,"[0.6601234827680622, 0.6109507568947781]",1,-1
5685,[0.35332944 0.31010725],1,-1,-1,0,0
5686,[0.67291083 0.58802474],3,3,"[0.6601234827680622, 0.6109507568947781]",1,-1
5687,[0.30353395 0.58878218],0,-1,-1,1,-1
5688,[0.20996713 0.1301377 ],1,-1,-1,0,0
5689,[0.28546367 0.22986817],1,2,"[0.294379027732062, 0.1921773781634303]",0,0
5690,[0.35139145 0.19120086],1,2,"[0.294379027732062, 0.1921773781634303]",0,0
5691,[0.34838305 0.55816383],0,1,"[0.37965276877051146, 0.575157747726818]",1,-1
5692,[0.45265231 0.51428532],0,-1,-1,1,-1
5693,[0.32768751 0.56684796],0,1,"[0.37965276877051146, 0.575157747726818]",1,-1
5694,[0.35402192 0.53713976],0,1,"[0.37965276877051146, 0.575157747726818]",1,-1
5695,[0.72304921 0.6117664 ],3,3,"[0.6601234827680622, 0.6109507568947781]",1,-1
5696,[0.31657787 0.58858461],0,1,"[0.37965276877051146, 0.575157747726818]",1,-1
5697,[0.36218288 0.57662844],0,1,"[0.37965276877051146, 0.575157747726818]",1,-1
5698,[0.33423009 0.57955309],0,1,"[0.37965276877051146, 0.575157747726818]",1,-1
5699,[0.38340295 0.49709675],0,-1,-1,1,-1
5700,[0.73781498 0.69347545],2,0,"[0.7890750777399501, 0.6799557517006445]",1,-1
5701,[0.27599055 0.23128308],1,2,"[0.294379027732062, 0.1921773781634303]",0,0
5702,[0.59760722 0.59815333],3,3,"[0.6601234827680622, 0.6109507568947781]",1,-1
5703,[0.32135055 0.10332491],1,-1,-1,0,0
5704,[0.39816611 0.55068095],0,1,"[0.37965276877051146, 0.575157747726818]",1,-1
5705,[0.57513754 0.56260122],3,-1,-1,1,-1
5706,[0.3132349  0.16923567],1,2,"[0.294379027732062, 0.1921773781634303]",0,0
5707,[0.7404607  0.60887277],3,-1,-1,1,-1
5708,[0.28143644 0.26043822],1,2,"[0.294379027732062, 0.1921773781634303]",0,0
5709,[0.37746134 0.46780658],0,-1,-1,1,-1
5710,[0.34538587 0.20848299],1,2,"[0.294379027732062, 0.1921773781634303]",0,0
5711,[0.44665696 0.57431214],0,1,"[0.37965276877051146, 0.575157747726818]",1,-1
5712,[0.37789597 0.29194358],1,-1,-1,0,0
5713,[0.40169115 0.52363701],0,1,"[0.37965276877051146, 0.575157747726818]",1,-1
5714,[0.5755099  0.62248944],3,-1,-1,1,-1
5715,[0.39653521 0.60494672],0,1,"[0.37965276877051146, 0.575157747726818]",1,-1
5716,[0.65858067 0.66805919],3,3,"[0.6601234827680622, 0.6109507568947781]",1,-1
5717,[0.64777881 0.51488138],3,-1,-1,1,-1
5718,[0.39889861 0.53869512],0,1,"[0.37965276877051146, 0.575157747726818]",1,-1
5719,[0.3158041  0.19376551],1,2,"[0.294379027732062, 0.1921773781634303]",0,0
5720,[0.66482804 0.62650279],3,3,"[0.6601234827680622, 0.6109507568947781]",1,7
5721,[0.61658191 0.51155622],3,-1,-1,1,-1
5722,[0.78975037 0.61884652],2,0,"[0.7890750777399501, 0.6799557517006445]",1,-1
5723,[0.678708   0.68020606],2,-1,-1,1,-1
5724,[0.75702287 0.73715009],2,0,"[0.7890750777399501, 0.6799557517006445]",1,-1
5725,[0.81617683 0.6745971 ],2,0,"[0.7890750777399501, 0.6799557517006445]",1,-1
5726,[0.71495132 0.70193974],2,-1,-1,1,-1
5727,[0.318404  0.5957896],0,1,"[0.37965276877051146, 0.575157747726818]",1,-1
5728,[0.61368805 0.63695552],3,3,"[0.6601234827680622, 0.6109507568947781]",1,-1
5729,[0.80853715 0.65447857],2,0,"[0.7890750777399501, 0.6799557517006445]",1,-1
5730,[0.32111425 0.62773925],0,-1,-1,1,-1
5731,[0.69738651 0.54210815],3,-1,-1,1,-1
5732,[0.28140217 0.25410717],1,2,"[0.294379027732062, 0.1921773781634303]",0,0
5733,[0.33771514 0.53393336],0,1,"[0.37965276877051146, 0.575157747726818]",1,-1
5734,[0.78913575 0.73884459],2,0,"[0.7890750777399501, 0.6799557517006445]",1,-1
5735,[0.38678993 0.57249249],0,1,"[0.37965276877051146, 0.575157747726818]",1,2
5736,[0.40181502 0.56447308],0,1,"[0.37965276877051146, 0.575157747726818]",1,2
5737,[0.78559989 0.72705413],2,0,"[0.7890750777399501, 0.6799557517006445]",1,-1
5738,[0.36717142 0.60710917],0,1,"[0.37965276877051146, 0.575157747726818]",1,-1
5739,[0.66071493 0.75629471],2,-1,-1,1,-1
5740,[0.78535604 0.57866642],3,-1,-1,1,-1
5741,[0.31905981 0.18112879],1,2,"[0.294379027732062, 0.1921773781634303]",0,0
5742,[0.85531109 0.5844488 ],2,-1,-1,1,-1
5743,[0.75306319 0.47646743],3,-1,-1,1,-1
5744,[0.23023778 0.54496697],0,-1,-1,1,-1
5745,[0.37121328 0.4809696 ],0,-1,-1,1,-1
5746,[0.69761351 0.64727005],2,3,"[0.6601234827680622, 0.6109507568947781]",1,-1
5747,[0.70991809 0.59165248],3,3,"[0.6601234827680622, 0.6109507568947781]",1,-1
5748,[0.29618864 0.17115466],1,2,"[0.294379027732062, 0.1921773781634303]",0,0
5749,[0.44247873 0.62787405],0,-1,-1,1,-1
5750,[0.77127372 0.73269344],2,0,"[0.7890750777399501, 0.6799557517006445]",1,-1
5751,[0.25293219 0.23182751],1,2,"[0.294379027732062, 0.1921773781634303]",0,0
5752,[0.4414774  0.64129167],0,-1,-1,1,-1
5753,[0.34882431 0.49908107],0,-1,-1,1,-1
5754,[0.76520412 0.67492653],2,0,"[0.7890750777399501, 0.6799557517006445]",1,-1
5755,[0.76507873 0.64210624],2,0,"[0.7890750777399501, 0.6799557517006445]",1,-1
5756,[0.78183026 0.69128314],2,0,"[0.7890750777399501, 0.6799557517006445]",1,-1
5757,[0.34345683 0.48075321],0,-1,-1,1,-1
5758,[0.80473159 0.738653  ],2,0,"[0.7890750777399501, 0.6799557517006445]",1,-1
5759,[0.69314017 0.63574158],3,3,"[0.6601234827680622, 0.6109507568947781]",1,-1
5760,[0.79959367 0.67697981],2,0,"[0.7890750777399501, 0.6799557517006445]",1,-1
5761,[0.38772284 0.57334506],0,1,"[0.37965276877051146, 0.575157747726818]",1,2
5762,[0.70469718 0.73515693],2,-1,-1,1,-1
5763,[0.74678496 0.64991954],2,0,"[0.7890750777399501, 0.6799557517006445]",1,-1
5764,[0.8233021  0.66935652],2,0,"[0.7890750777399501, 0.6799557517006445]",1,-1
5765,[0.33438102 0.54288727],0,1,"[0.37965276877051146, 0.575157747726818]",1,-1
5766,[0.36378141 0.66701888],0,-1,-1,1,-1
5767,[0.42999951 0.55930417],0,1,"[0.37965276877051146, 0.575157747726818]",1,-1
5768,[0.23078625 0.14584636],1,-1,-1,0,0
5769,[0.92528777 0.65942418],2,-1,-1,1,-1
5770,[0.82001341 0.66321305],2,0,"[0.7890750777399501, 0.6799557517006445]",1,-1
5771,[0.29178601 0.24442603],1,2,"[0.294379027732062, 0.1921773781634303]",0,0
5772,[0.25866614 0.26979269],1,-1,-1,0,0
5773,[0.31144362 0.17841221],1,2,"[0.294379027732062, 0.1921773781634303]",0,0
5774,[0.36717684 0.56004658],0,1,"[0.37965276877051146, 0.575157747726818]",1,-1
5775,[0.36725533 0.61797526],0,1,"[0.37965276877051146, 0.575157747726818]",1,-1
5776,[0.26730455 0.18283195],1,2,"[0.294379027732062, 0.1921773781634303]",0,0
5777,[0.29126694 0.15835232],1,2,"[0.294379027732062, 0.1921773781634303]",0,0
5778,[0.340529   0.13946448],1,-1,-1,0,0
5779,[0.36671787 0.58004031],0,1,"[0.37965276877051146, 0.575157747726818]",1,1
5780,[0.20224518 0.23085976],1,-1,-1,0,0
5781,[0.2876165 0.1076027],1,-1,-1,0,0
5782,[0.68968861 0.71665018],3,-1,-1,1,-1
5783,[0.74787537 0.61774969],2,-1,-1,1,-1
5784,[0.79332111 0.6725375 ],2,0,"[0.7890750777399501, 0.6799557517006445]",1,4
5785,[0.81923837 0.72222883],2,0,"[0.7890750777399501, 0.6799557517006445]",1,-1
5786,[0.73910249 0.56955301],3,-1,-1,1,-1
5787,[0.30623292 0.16865934],1,2,"[0.294379027732062, 0.1921773781634303]",0,0
5788,[0.76250709 0.63483552],2,0,"[0.7890750777399501, 0.6799557517006445]",1,-1
5789,[0.41294046 0.62521173],0,1,"[0.37965276877051146, 0.575157747726818]",1,-1
5790,[0.34969689 0.60318142],0,1,"[0.37965276877051146, 0.575157747726818]",1,-1
5791,[0.74524691 0.70535775],3,0,"[0.7890750777399501, 0.6799557517006445]",1,-1
5792,[0.31186812 0.1970239 ],1,2,"[0.294379027732062, 0.1921773781634303]",0,0
5793,[0.34436064 0.51918177],0,1,"[0.37965276877051146, 0.575157747726818]",1,-1
5794,[0.37306094 0.57148441],0,1,"[0.37965276877051146, 0.575157747726818]",1,1
5795,[0.74916405 0.66035201],2,0,"[0.7890750777399501, 0.6799557517006445]",1,-1
5796,[0.28023568 0.20398924],1,2,"[0.294379027732062, 0.1921773781634303]",0,0
5797,[0.67178493 0.60236727],3,3,"[0.6601234827680622, 0.6109507568947781]",1,-1
5798,[0.81805628 0.64319455],2,0,"[0.7890750777399501, 0.6799557517006445]",1,-1
5799,[0.43470102 0.50744646],0,-1,-1,1,-1
5800,[0.28958125 0.22694614],1,2,"[0.294379027732062, 0.1921773781634303]",0,0
5801,[0.83461619 0.74785184],2,-1,-1,1,-1
5802,[0.81958995 0.67139418],2,0,"[0.7890750777399501, 0.6799557517006445]",1,-1
5803,[0.19101309 0.19248526],1,-1,-1,0,0
5804,[0.77724971 0.60041105],2,-1,-1,1,-1
5805,[0.43149041 0.59725065],0,1,"[0.37965276877051146, 0.575157747726818]",1,-1
5806,[0.30666635 0.21989914],1,2,"[0.294379027732062, 0.1921773781634303]",0,0
5807,[0.3706567  0.56645065],0,1,"[0.37965276877051146, 0.575157747726818]",1,1
5808,[0.6958292  0.67713368],2,-1,-1,1,-1
5809,[0.42295505 0.61848559],0,1,"[0.37965276877051146, 0.575157747726818]",1,-1
5810,[0.42994315 0.49918988],0,-1,-1,1,-1
5811,[0.84009947 0.7023424 ],2,0,"[0.7890750777399501, 0.6799557517006445]",1,-1
5812,[0.65068012 0.61095009],3,3,"[0.6601234827680622, 0.6109507568947781]",1,6
5813,[0.30978194 0.2243326 ],1,2,"[0.294379027732062, 0.1921773781634303]",0,0
5814,[0.67594435 0.54869781],3,3,"[0.6601234827680622, 0.6109507568947781]",1,-1
5815,[0.28649217 0.16764163],1,2,"[0.294379027732062, 0.1921773781634303]",0,0
5816,[0.33559014 0.20999714],1,2,"[0.294379027732062, 0.1921773781634303]",0,0
5817,[0.68686558 0.7090468 ],2,-1,-1,1,-1
5818,[0.36240323 0.46973929],0,-1,-1,1,-1
5819,[0.64023677 0.5752225 ],3,3,"[0.6601234827680622, 0.6109507568947781]",1,-1
5820,[0.617465   0.56223221],3,3,"[0.6601234827680622, 0.6109507568947781]",1,-1
5821,[0.66301701 0.61938846],3,3,"[0.6601234827680622, 0.6109507568947781]",1,7
5822,[0.73490767 0.63321393],2,-1,-1,1,-1
5823,[0.67583206 0.63673375],3,3,"[0.6601234827680622, 0.6109507568947781]",1,-1
5824,[0.30056966 0.21239482],1,2,"[0.294379027732062, 0.1921773781634303]",0,0
5825,[0.38147812 0.60736384],0,1,"[0.37965276877051146, 0.575157747726818]",1,-1
5826,[0.85080088 0.68517453],2,0,"[0.7890750777399501, 0.6799557517006445]",1,-1
5827,[0.38750498 0.64986595],0,-1,-1,1,-1
5828,[0.34988255 0.60111984],0,1,"[0.37965276877051146, 0.575157747726818]",1,-1
5829,[0.31253232 0.18146138],1,2,"[0.294379027732062, 0.1921773781634303]",0,0
5830,[0.59989176 0.57918899],3,3,"[0.6601234827680622, 0.6109507568947781]",1,-1
5831,[0.78311885 0.57100327],2,-1,-1,1,-1
5832,[0.19060519 0.24902048],1,-1,-1,0,0
5833,[0.63077679 0.60661454],3,3,"[0.6601234827680622, 0.6109507568947781]",1,-1
5834,[0.68378979 0.59495095],3,3,"[0.6601234827680622, 0.6109507568947781]",1,-1
5835,[0.62726729 0.65826036],3,3,"[0.6601234827680622, 0.6109507568947781]",1,-1
5836,[0.31545714 0.20940002],1,2,"[0.294379027732062, 0.1921773781634303]",0,0
5837,[0.63464496 0.65206275],3,3,"[0.6601234827680622, 0.6109507568947781]",1,-1
5838,[0.37891262 0.5402913 ],0,1,"[0.37965276877051146, 0.575157747726818]",1,-1
5839,[0.66474134 0.5269145 ],3,-1,-1,1,-1
5840,[0.29330832 0.23814795],1,2,"[0.294379027732062, 0.1921773781634303]",0,0
5841,[0.3683711  0.57913472],0,1,"[0.37965276877051146, 0.575157747726818]",1,-1
5842,[0.30914701 0.50614902],0,-1,-1,1,-1
5843,[0.78980041 0.56830762],3,-1,-1,1,-1
5844,[0.40759755 0.65048829],0,-1,-1,1,-1
5845,[0.37497017 0.59884997],0,1,"[0.37965276877051146, 0.575157747726818]",1,-1
5846,[0.61824269 0.62747463],3,3,"[0.6601234827680622, 0.6109507568947781]",1,-1
5847,[0.37909247 0.56627093],0,1,"[0.37965276877051146, 0.575157747726818]",1,-1
5848,[0.79056183 0.69371635],2,0,"[0.7890750777399501, 0.6799557517006445]",1,-1
5849,[0.23730044 0.10959031],1,-1,-1,0,0
5850,[0.69962593 0.62566665],3,3,"[0.6601234827680622, 0.6109507568947781]",1,-1
5851,[0.33498206 0.22013261],1,2,"[0.294379027732062, 0.1921773781634303]",0,0
5852,[0.68479829 0.69307967],3,-1,-1,1,-1
5853,[0.76707607 0.61183774],3,-1,-1,1,-1
5854,[0.60740141 0.59746967],3,3,"[0.6601234827680622, 0.6109507568947781]",1,-1
5855,[0.82159642 0.66587554],2,0,"[0.7890750777399501, 0.6799557517006445]",1,-1
5856,[0.34841662 0.16445296],1,2,"[0.294379027732062, 0.1921773781634303]",0,0
5857,[0.8703265  0.64411409],2,-1,-1,1,-1
5858,[0.75128698 0.64943755],3,0,"[0.7890750777399501, 0.6799557517006445]",1,-1
5859,[0.38669103 0.59003019],0,1,"[0.37965276877051146, 0.575157747726818]",1,-1
5860,[0.83051901 0.68409451],2,0,"[0.7890750777399501, 0.6799557517006445]",1,-1
5861,[0.6206035  0.61328629],3,3,"[0.6601234827680622, 0.6109507568947781]",1,-1
5862,[0.40850128 0.59008608],0,1,"[0.37965276877051146, 0.575157747726818]",1,-1
5863,[0.30119807 0.22343734],1,2,"[0.294379027732062, 0.1921773781634303]",0,0
5864,[0.43048226 0.49994432],0,-1,-1,1,-1
5865,[0.29303885 0.23504792],1,2,"[0.294379027732062, 0.1921773781634303]",0,0
5866,[0.64664639 0.61514271],3,3,"[0.6601234827680622, 0.6109507568947781]",1,6
5867,[0.7539872  0.63819611],2,0,"[0.7890750777399501, 0.6799557517006445]",1,-1
5868,[0.6121568  0.47901375],3,-1,-1,1,-1
5869,[0.31008959 0.18462103],1,2,"[0.294379027732062, 0.1921773781634303]",0,0
5870,[0.3888811 0.6256219],0,1,"[0.37965276877051146, 0.575157747726818]",1,-1
5871,[0.75172435 0.68956341],2,0,"[0.7890750777399501, 0.6799557517006445]",1,-1
5872,[0.72171353 0.71305974],2,-1,-1,1,-1
5873,[0.25237999 0.25624106],1,-1,-1,0,0
5874,[0.30386598 0.15422728],1,2,"[0.294379027732062, 0.1921773781634303]",0,0
5875,[0.30133479 0.18175263],1,2,"[0.294379027732062, 0.1921773781634303]",0,0
5876,[0.25901499 0.16705089],1,2,"[0.294379027732062, 0.1921773781634303]",0,0
5877,[0.66448397 0.63368748],3,3,"[0.6601234827680622, 0.6109507568947781]",1,-1
5878,[0.39774699 0.58119847],0,1,"[0.37965276877051146, 0.575157747726818]",1,-1
5879,[0.28558593 0.14713308],1,2,"[0.294379027732062, 0.1921773781634303]",0,0
5880,[0.77960208 0.63307759],2,0,"[0.7890750777399501, 0.6799557517006445]",1,-1
5881,[0.894718   0.72334549],2,-1,-1,1,-1
5882,[0.81098277 0.68390218],2,0,"[0.7890750777399501, 0.6799557517006445]",1,4
5883,[0.30206722 0.18325653],1,2,"[0.294379027732062, 0.1921773781634303]",0,0
5884,[0.81790616 0.65972297],2,0,"[0.7890750777399501, 0.6799557517006445]",1,-1
5885,[0.19352668 0.2008045 ],1,-1,-1,0,0
5886,[0.35615265 0.64186736],0,-1,-1,1,-1
5887,[0.37008854 0.15696919],1,-1,-1,0,0
5888,[0.73503676 0.70396914],2,0,"[0.7890750777399501, 0.6799557517006445]",1,-1
5889,[0.80695768 0.62197223],2,0,"[0.7890750777399501, 0.6799557517006445]",1,-1
5890,[0.66323182 0.68951462],3,-1,-1,1,-1
5891,[0.73113111 0.59150375],2,-1,-1,1,-1
5892,[0.80005425 0.71403812],2,0,"[0.7890750777399501, 0.6799557517006445]",1,-1
5893,[0.31636492 0.11650585],1,-1,-1,0,0
5894,[0.37250044 0.4975182 ],0,-1,-1,1,-1
5895,[0.2904131  0.18433297],1,2,"[0.294379027732062, 0.1921773781634303]",0,0
5896,[0.34934823 0.60202976],0,1,"[0.37965276877051146, 0.575157747726818]",1,-1
5897,[0.50248011 0.57548051],0,-1,-1,1,-1
5898,[0.62948933 0.584049  ],3,3,"[0.6601234827680622, 0.6109507568947781]",1,-1
5899,[0.36317251 0.21715923],1,-1,-1,0,0
5900,[0.58882441 0.55019078],3,-1,-1,1,-1
5901,[0.65972206 0.55048411],3,3,"[0.6601234827680622, 0.6109507568947781]",1,-1
5902,[0.33096652 0.18294101],1,2,"[0.294379027732062, 0.1921773781634303]",0,0
5903,[0.36536946 0.20096293],1,-1,-1,0,0
5904,[0.3991018  0.55789161],0,1,"[0.37965276877051146, 0.575157747726818]",1,-1
5905,[0.25271299 0.15243024],1,2,"[0.294379027732062, 0.1921773781634303]",0,0
5906,[0.67618086 0.74050106],2,-1,-1,1,-1
5907,[0.23592639 0.27823857],1,-1,-1,0,0
5908,[0.70228312 0.7032133 ],2,-1,-1,1,-1
5909,[0.77317145 0.68427267],2,0,"[0.7890750777399501, 0.6799557517006445]",1,-1
5910,[0.58743698 0.60275265],3,-1,-1,1,-1
5911,[0.74905323 0.78711995],2,-1,-1,1,-1
5912,[0.35075071 0.54162975],0,1,"[0.37965276877051146, 0.575157747726818]",1,-1
5913,[0.82389995 0.69443276],2,0,"[0.7890750777399501, 0.6799557517006445]",1,-1
5914,[0.58906083 0.54220019],3,-1,-1,1,-1
5915,[0.62892554 0.57792551],3,3,"[0.6601234827680622, 0.6109507568947781]",1,-1
5916,[0.65967364 0.67780737],3,3,"[0.6601234827680622, 0.6109507568947781]",1,-1
5917,[0.4058777  0.49233879],0,-1,-1,1,-1
5918,[0.78311821 0.72798653],2,0,"[0.7890750777399501, 0.6799557517006445]",1,-1
5919,[0.63229646 0.58153189],3,3,"[0.6601234827680622, 0.6109507568947781]",1,-1
5920,[0.37258267 0.26487083],1,-1,-1,0,0
5921,[0.30721035 0.26990383],1,-1,-1,0,0
5922,[0.36773394 0.244878  ],1,-1,-1,0,0
5923,[0.36551071 0.26990128],1,-1,-1,0,0
5924,[0.65380426 0.69589931],2,-1,-1,1,-1
5925,[0.29954222 0.55425208],0,-1,-1,1,-1
5926,[0.26528419 0.25351927],1,2,"[0.294379027732062, 0.1921773781634303]",0,0
5927,[0.37320025 0.47146159],0,-1,-1,1,-1
5928,[0.71576644 0.64815797],3,3,"[0.6601234827680622, 0.6109507568947781]",1,-1
5929,[0.63571485 0.62223554],3,3,"[0.6601234827680622, 0.6109507568947781]",1,-1
5930,[0.67347674 0.64309064],3,3,"[0.6601234827680622, 0.6109507568947781]",1,-1
5931,[0.33908937 0.52770258],0,1,"[0.37965276877051146, 0.575157747726818]",1,-1
5932,[0.26798155 0.20400785],1,2,"[0.294379027732062, 0.1921773781634303]",0,0
5933,[0.81379059 0.70020131],2,0,"[0.7890750777399501, 0.6799557517006445]",1,-1
5934,[0.28419277 0.21294023],1,2,"[0.294379027732062, 0.1921773781634303]",0,0
5935,[0.6340475  0.61653038],3,3,"[0.6601234827680622, 0.6109507568947781]",1,-1
5936,[0.78111056 0.60975348],2,-1,-1,1,-1
5937,[0.3249289  0.12510771],1,-1,-1,0,0
5938,[0.7989732  0.69919493],2,0,"[0.7890750777399501, 0.6799557517006445]",1,-1
5939,[0.3173467  0.11243149],1,-1,-1,0,0
5940,[0.5923419  0.58176125],3,-1,-1,1,-1
5941,[0.78534566 0.64692532],2,0,"[0.7890750777399501, 0.6799557517006445]",1,-1
5942,[0.62956912 0.59997836],3,3,"[0.6601234827680622, 0.6109507568947781]",1,-1
5943,[0.61153812 0.57961002],3,3,"[0.6601234827680622, 0.6109507568947781]",1,-1
5944,[0.40154439 0.62675663],0,1,"[0.37965276877051146, 0.575157747726818]",1,-1
5945,[0.18375425 0.14405466],1,-1,-1,0,0
5946,[0.27901864 0.26079607],1,-1,-1,0,0
5947,[0.29027427 0.62596893],0,-1,-1,1,-1
5948,[0.24222878 0.20964053],1,2,"[0.294379027732062, 0.1921773781634303]",0,0
5949,[0.61158276 0.61134181],3,3,"[0.6601234827680622, 0.6109507568947781]",1,-1
5950,[0.63819126 0.58965821],3,3,"[0.6601234827680622, 0.6109507568947781]",1,-1
5951,[0.4178285  0.57978499],0,1,"[0.37965276877051146, 0.575157747726818]",1,-1
5952,[0.23924908 0.12269127],1,-1,-1,0,0
5953,[0.84524763 0.66957248],2,0,"[0.7890750777399501, 0.6799557517006445]",1,-1
5954,[0.85560311 0.7163677 ],2,-1,-1,1,-1
5955,[0.83607262 0.62003054],2,-1,-1,1,-1
5956,[0.75265365 0.66710592],2,0,"[0.7890750777399501, 0.6799557517006445]",1,-1
5957,[0.43156342 0.56332881],0,1,"[0.37965276877051146, 0.575157747726818]",1,-1
5958,[0.78660559 0.70449485],2,0,"[0.7890750777399501, 0.6799557517006445]",1,-1
5959,[0.24950696 0.19984171],1,2,"[0.294379027732062, 0.1921773781634303]",0,0
5960,[0.36462487 0.20079735],1,-1,-1,0,0
5961,[0.29455047 0.22039716],1,2,"[0.294379027732062, 0.1921773781634303]",0,0
5962,[0.30703867 0.24271682],1,2,"[0.294379027732062, 0.1921773781634303]",0,0
5963,[0.33083796 0.11718863],1,-1,-1,0,0
5964,[0.71296056 0.5739257 ],3,3,"[0.6601234827680622, 0.6109507568947781]",1,-1
5965,[0.33902717 0.173619  ],1,2,"[0.294379027732062, 0.1921773781634303]",0,0
5966,[0.68417442 0.67552267],3,3,"[0.6601234827680622, 0.6109507568947781]",1,-1
5967,[0.45755537 0.65589369],0,-1,-1,1,-1
5968,[0.37635056 0.17769978],1,-1,-1,0,0
5969,[0.56094565 0.62841539],3,-1,-1,1,-1
5970,[0.33699465 0.15990584],1,2,"[0.294379027732062, 0.1921773781634303]",0,0
5971,[0.45340084 0.59891296],0,-1,-1,1,-1
5972,[0.33981714 0.17687691],1,2,"[0.294379027732062, 0.1921773781634303]",0,0
5973,[0.59044105 0.61756605],3,3,"[0.6601234827680622, 0.6109507568947781]",1,-1
5974,[0.40937745 0.61134232],0,1,"[0.37965276877051146, 0.575157747726818]",1,-1
5975,[0.66860727 0.61647856],3,3,"[0.6601234827680622, 0.6109507568947781]",1,-1
5976,[0.6754    0.6400804],3,3,"[0.6601234827680622, 0.6109507568947781]",1,-1
5977,[0.3974923  0.19710604],1,-1,-1,0,0
5978,[0.64553931 0.55400972],3,3,"[0.6601234827680622, 0.6109507568947781]",1,-1
5979,[0.32101161 0.50649924],0,-1,-1,1,-1
5980,[0.63348272 0.59260725],3,3,"[0.6601234827680622, 0.6109507568947781]",1,-1
5981,[0.82572705 0.64307119],2,0,"[0.7890750777399501, 0.6799557517006445]",1,-1
5982,[0.77465179 0.74135022],2,0,"[0.7890750777399501, 0.6799557517006445]",1,-1
5983,[0.3995055  0.54644723],0,1,"[0.37965276877051146, 0.575157747726818]",1,-1
5984,[0.62888058 0.61511351],3,3,"[0.6601234827680622, 0.6109507568947781]",1,-1
5985,[0.30010112 0.28094518],1,-1,-1,0,0
5986,[0.63905478 0.51112246],3,-1,-1,1,-1
5987,[0.34008504 0.59022059],0,1,"[0.37965276877051146, 0.575157747726818]",1,-1
5988,[0.41090159 0.61993304],0,1,"[0.37965276877051146, 0.575157747726818]",1,-1
5989,[0.29700779 0.19347453],1,2,"[0.294379027732062, 0.1921773781634303]",0,0
5990,[0.63936269 0.64324369],3,3,"[0.6601234827680622, 0.6109507568947781]",1,-1
5991,[0.71927992 0.60966259],3,3,"[0.6601234827680622, 0.6109507568947781]",1,-1
5992,[0.82996919 0.66217797],2,0,"[0.7890750777399501, 0.6799557517006445]",1,-1
5993,[0.27114991 0.13420205],1,2,"[0.294379027732062, 0.1921773781634303]",0,0
5994,[0.76916726 0.70716315],2,0,"[0.7890750777399501, 0.6799557517006445]",1,-1
5995,[0.66441377 0.59609512],3,3,"[0.6601234827680622, 0.6109507568947781]",1,-1
5996,[0.62753937 0.622531  ],3,3,"[0.6601234827680622, 0.6109507568947781]",1,-1
5997,[0.77861718 0.67762743],2,0,"[0.7890750777399501, 0.6799557517006445]",1,-1
5998,[0.28254211 0.15299263],1,2,"[0.294379027732062, 0.1921773781634303]",0,0
5999,[0.83480244 0.62290092],2,-1,-1,1,-1
6000,[0.41029061 0.62198656],0,1,"[0.37965276877051146, 0.575157747726818]",1,-1
6001,[0.32224364 0.68841461],0,-1,-1,1,-1
6002,[0.73997918 0.69716075],2,0,"[0.7890750777399501, 0.6799557517006445]",1,-1
6003,[0.71773332 0.60422533],3,3,"[0.6601234827680622, 0.6109507568947781]",1,-1
6004,[0.31987549 0.6537636 ],0,-1,-1,1,-1
6005,[0.3442877  0.14174653],1,-1,-1,0,0
6006,[0.66769296 0.61271086],3,3,"[0.6601234827680622, 0.6109507568947781]",1,-1
6007,[0.39637083 0.53673559],0,1,"[0.37965276877051146, 0.575157747726818]",1,-1
6008,[0.31451946 0.1178729 ],1,-1,-1,0,0
6009,[0.61981843 0.59318913],3,3,"[0.6601234827680622, 0.6109507568947781]",1,-1
6010,[0.77331667 0.59090867],2,-1,-1,1,-1
6011,[0.43433062 0.63184047],0,-1,-1,1,-1
6012,[0.75544278 0.66801148],2,0,"[0.7890750777399501, 0.6799557517006445]",1,-1
6013,[0.25930343 0.20257447],1,2,"[0.294379027732062, 0.1921773781634303]",0,0
6014,[0.32155821 0.49640071],0,-1,-1,1,-1
6015,[0.68070898 0.65069781],3,3,"[0.6601234827680622, 0.6109507568947781]",1,-1
6016,[0.82821147 0.63749175],2,0,"[0.7890750777399501, 0.6799557517006445]",1,-1
6017,[0.35355721 0.5241295 ],0,1,"[0.37965276877051146, 0.575157747726818]",1,-1
6018,[0.38041186 0.65558413],0,-1,-1,1,-1
6019,[0.33499603 0.57406987],0,1,"[0.37965276877051146, 0.575157747726818]",1,-1
6020,[0.36545559 0.12328372],1,-1,-1,0,0
6021,[0.68173528 0.612275  ],3,3,"[0.6601234827680622, 0.6109507568947781]",1,5
6022,[0.80924302 0.76694524],2,-1,-1,1,-1
6023,[0.34976347 0.51687108],0,1,"[0.37965276877051146, 0.575157747726818]",1,-1
6024,[0.32785411 0.51095158],0,-1,-1,1,-1
6025,[0.33300101 0.22378933],1,2,"[0.294379027732062, 0.1921773781634303]",0,0
6026,[0.82692944 0.57484204],2,-1,-1,1,-1
6027,[0.3763472  0.57733457],0,1,"[0.37965276877051146, 0.575157747726818]",1,1
6028,[0.48465389 0.45785082],0,-1,-1,1,-1
6029,[0.3019621  0.30643391],1,-1,-1,0,0
6030,[0.41220136 0.59322292],0,1,"[0.37965276877051146, 0.575157747726818]",1,-1
6031,[0.34065976 0.46430593],0,-1,-1,1,-1
6032,[0.70292459 0.59517307],3,3,"[0.6601234827680622, 0.6109507568947781]",1,-1
6033,[0.25472405 0.23617694],1,2,"[0.294379027732062, 0.1921773781634303]",0,0
6034,[0.34444002 0.67308144],0,-1,-1,1,-1
6035,[0.80358325 0.70887537],2,0,"[0.7890750777399501, 0.6799557517006445]",1,-1
6036,[0.77087458 0.73900757],2,0,"[0.7890750777399501, 0.6799557517006445]",1,-1
6037,[0.66622359 0.65087101],3,3,"[0.6601234827680622, 0.6109507568947781]",1,-1
6038,[0.73396922 0.68304474],2,0,"[0.7890750777399501, 0.6799557517006445]",1,-1
6039,[0.30113717 0.1098646 ],1,-1,-1,0,0
6040,[0.75989679 0.72010268],2,0,"[0.7890750777399501, 0.6799557517006445]",1,-1
6041,[0.22598818 0.18730591],1,2,"[0.294379027732062, 0.1921773781634303]",0,0
6042,[0.26254299 0.10669931],1,-1,-1,0,0
6043,[0.18265643 0.15717488],1,-1,-1,0,0
6044,[0.31433427 0.22857924],1,2,"[0.294379027732062, 0.1921773781634303]",0,0
6045,[0.32189174 0.60570801],0,1,"[0.37965276877051146, 0.575157747726818]",1,-1
6046,[0.25926163 0.09763632],1,-1,-1,0,0
6047,[0.78086559 0.68653201],2,0,"[0.7890750777399501, 0.6799557517006445]",1,-1
6048,[0.6434793  0.57686957],3,3,"[0.6601234827680622, 0.6109507568947781]",1,-1
6049,[0.88041015 0.6490409 ],2,-1,-1,1,-1
6050,[0.4051169  0.65875952],0,-1,-1,1,-1
6051,[0.66335577 0.56906264],3,3,"[0.6601234827680622, 0.6109507568947781]",1,-1
6052,[0.69233213 0.60152847],3,3,"[0.6601234827680622, 0.6109507568947781]",1,-1
6053,[0.67042469 0.52873759],3,-1,-1,1,-1
6054,[0.35016539 0.53949067],0,1,"[0.37965276877051146, 0.575157747726818]",1,-1
6055,[0.69069981 0.61015258],3,3,"[0.6601234827680622, 0.6109507568947781]",1,-1
6056,[0.64728327 0.58159755],3,3,"[0.6601234827680622, 0.6109507568947781]",1,-1
6057,[0.72660101 0.4831794 ],3,-1,-1,1,-1
6058,[0.74094295 0.69177766],3,0,"[0.7890750777399501, 0.6799557517006445]",1,-1
6059,[0.74566112 0.57678063],3,-1,-1,1,-1
6060,[0.4050194  0.64258828],0,-1,-1,1,-1
6061,[0.32217216 0.60424123],0,1,"[0.37965276877051146, 0.575157747726818]",1,-1
6062,[0.35738805 0.59173912],0,1,"[0.37965276877051146, 0.575157747726818]",1,-1
6063,[0.75166921 0.64416236],2,0,"[0.7890750777399501, 0.6799557517006445]",1,-1
6064,[0.27620775 0.18990683],1,2,"[0.294379027732062, 0.1921773781634303]",0,0
6065,[0.31602028 0.14605842],1,2,"[0.294379027732062, 0.1921773781634303]",0,0
6066,[0.60761236 0.65399456],3,3,"[0.6601234827680622, 0.6109507568947781]",1,-1
6067,[0.81453715 0.727745  ],2,0,"[0.7890750777399501, 0.6799557517006445]",1,-1
6068,[0.69557086 0.69146119],2,-1,-1,1,-1
6069,[0.61010999 0.56141981],3,-1,-1,1,-1
6070,[0.78735182 0.62075109],2,0,"[0.7890750777399501, 0.6799557517006445]",1,-1
6071,[0.26147112 0.14135161],1,2,"[0.294379027732062, 0.1921773781634303]",0,0
6072,[0.81410695 0.69021463],2,0,"[0.7890750777399501, 0.6799557517006445]",1,-1
6073,[0.30494291 0.11076839],1,-1,-1,0,0
6074,[0.76289023 0.66810623],2,0,"[0.7890750777399501, 0.6799557517006445]",1,-1
6075,[0.30774983 0.17233741],1,2,"[0.294379027732062, 0.1921773781634303]",0,0
6076,[0.87121804 0.70505125],2,-1,-1,1,-1
6077,[0.63135062 0.63512899],3,3,"[0.6601234827680622, 0.6109507568947781]",1,-1
6078,[0.79158796 0.74070368],2,0,"[0.7890750777399501, 0.6799557517006445]",1,-1
6079,[0.84767844 0.63477206],2,-1,-1,1,-1
6080,[0.24815817 0.16399798],1,2,"[0.294379027732062, 0.1921773781634303]",0,0
6081,[0.71843609 0.67287397],3,-1,-1,1,-1
6082,[0.37330944 0.58712918],0,1,"[0.37965276877051146, 0.575157747726818]",1,-1
6083,[0.59633092 0.62140237],3,3,"[0.6601234827680622, 0.6109507568947781]",1,-1
6084,[0.30210466 0.2757073 ],1,-1,-1,0,0
6085,[0.78946696 0.63401711],2,0,"[0.7890750777399501, 0.6799557517006445]",1,-1
6086,[0.32552243 0.51483192],0,-1,-1,1,-1
6087,[0.71791928 0.58372652],3,3,"[0.6601234827680622, 0.6109507568947781]",1,-1
6088,[0.33327148 0.21075809],1,2,"[0.294379027732062, 0.1921773781634303]",0,0
6089,[0.37736875 0.5590734 ],0,1,"[0.37965276877051146, 0.575157747726818]",1,-1
6090,[0.24340295 0.15802459],1,2,"[0.294379027732062, 0.1921773781634303]",0,0
6091,[0.79896654 0.67369063],2,0,"[0.7890750777399501, 0.6799557517006445]",1,4
6092,[0.65630239 0.65601679],3,3,"[0.6601234827680622, 0.6109507568947781]",1,-1
6093,[0.29070806 0.10023904],1,-1,-1,0,0
6094,[0.70984336 0.62306806],3,3,"[0.6601234827680622, 0.6109507568947781]",1,-1
6095,[0.86103953 0.63766377],2,-1,-1,1,-1
6096,[0.6098402  0.69335111],3,-1,-1,1,-1
6097,[0.32951444 0.5330532 ],0,1,"[0.37965276877051146, 0.575157747726818]",1,-1
6098,[0.5817149  0.56229919],3,-1,-1,1,-1
6099,[0.28075658 0.2122583 ],1,2,"[0.294379027732062, 0.1921773781634303]",0,0
6100,[0.63589726 0.55621028],3,3,"[0.6601234827680622, 0.6109507568947781]",1,-1
6101,[0.24892952 0.17652869],1,2,"[0.294379027732062, 0.1921773781634303]",0,0
6102,[0.37413923 0.56584038],0,1,"[0.37965276877051146, 0.575157747726818]",1,1
6103,[0.2153827  0.24791111],1,-1,-1,0,0
6104,[0.28801275 0.20213907],1,2,"[0.294379027732062, 0.1921773781634303]",0,0
6105,[0.40642287 0.65327922],0,-1,-1,1,-1
6106,[0.88860128 0.74046728],2,-1,-1,1,-1
6107,[0.51819246 0.64122169],3,-1,-1,1,-1
6108,[0.65987265 0.6643123 ],3,3,"[0.6601234827680622, 0.6109507568947781]",1,-1
6109,[0.29438079 0.09260717],1,-1,-1,0,0
6110,[0.32889955 0.13599461],1,2,"[0.294379027732062, 0.1921773781634303]",0,0
6111,[0.70488501 0.61463225],3,3,"[0.6601234827680622, 0.6109507568947781]",1,-1
6112,[0.77539537 0.76989053],2,-1,-1,1,-1
6113,[0.30685444 0.25622281],1,2,"[0.294379027732062, 0.1921773781634303]",0,0
6114,[0.26714783 0.27232115],1,-1,-1,0,0
6115,[0.87506656 0.62339471],2,-1,-1,1,-1
6116,[0.73003241 0.69280803],2,0,"[0.7890750777399501, 0.6799557517006445]",1,-1
6117,[0.6835979  0.57580917],3,3,"[0.6601234827680622, 0.6109507568947781]",1,-1
6118,[0.74727916 0.67444719],2,0,"[0.7890750777399501, 0.6799557517006445]",1,-1
6119,[0.33293176 0.55611536],0,1,"[0.37965276877051146, 0.575157747726818]",1,-1
6120,[0.32088948 0.12343093],1,-1,-1,0,0
6121,[0.38587826 0.63804627],0,1,"[0.37965276877051146, 0.575157747726818]",1,-1
6122,[0.75021553 0.66594398],2,0,"[0.7890750777399501, 0.6799557517006445]",1,-1
6123,[0.30890925 0.59023985],0,-1,-1,1,-1
6124,[0.38651025 0.64387648],0,1,"[0.37965276877051146, 0.575157747726818]",1,-1
6125,[0.72914143 0.70548461],2,0,"[0.7890750777399501, 0.6799557517006445]",1,-1
6126,[0.40003951 0.51685238],0,1,"[0.37965276877051146, 0.575157747726818]",1,-1
6127,[0.61876144 0.61223622],3,3,"[0.6601234827680622, 0.6109507568947781]",1,-1
6128,[0.4686075  0.57919515],0,-1,-1,1,-1
6129,[0.33531781 0.5291934 ],0,1,"[0.37965276877051146, 0.575157747726818]",1,-1
6130,[0.84417164 0.60224354],2,-1,-1,1,-1
6131,[0.80498666 0.67777827],2,0,"[0.7890750777399501, 0.6799557517006445]",1,-1
6132,[0.69478376 0.66969911],2,3,"[0.6601234827680622, 0.6109507568947781]",1,-1
6133,[0.78105665 0.67200849],2,0,"[0.7890750777399501, 0.6799557517006445]",1,-1
6134,[0.69948986 0.57976133],3,3,"[0.6601234827680622, 0.6109507568947781]",1,-1
6135,[0.7695109  0.64321504],3,0,"[0.7890750777399501, 0.6799557517006445]",1,-1
6136,[0.67446141 0.60139286],3,3,"[0.6601234827680622, 0.6109507568947781]",1,-1
6137,[0.34282791 0.19793873],1,2,"[0.294379027732062, 0.1921773781634303]",0,0
6138,[0.68744046 0.64374769],3,3,"[0.6601234827680622, 0.6109507568947781]",1,-1
6139,[0.74576479 0.66782596],2,0,"[0.7890750777399501, 0.6799557517006445]",1,-1
6140,[0.65860647 0.59930994],3,3,"[0.6601234827680622, 0.6109507568947781]",1,6
6141,[0.77607272 0.61143058],2,0,"[0.7890750777399501, 0.6799557517006445]",1,-1
6142,[0.42770005 0.62213962],0,1,"[0.37965276877051146, 0.575157747726818]",1,-1
6143,[0.17682336 0.21339521],1,-1,-1,0,0
6144,[0.31177588 0.46950659],0,-1,-1,1,-1
6145,[0.7830394  0.70292283],2,0,"[0.7890750777399501, 0.6799557517006445]",1,-1
6146,[0.39116689 0.56407074],0,1,"[0.37965276877051146, 0.575157747726818]",1,2
6147,[0.38356891 0.53882701],0,1,"[0.37965276877051146, 0.575157747726818]",1,-1
6148,[0.69283468 0.64443685],2,3,"[0.6601234827680622, 0.6109507568947781]",1,-1
6149,[0.66453174 0.70677204],3,-1,-1,1,-1
6150,[0.69685814 0.67706048],3,-1,-1,1,-1
6151,[0.36657768 0.54442304],0,1,"[0.37965276877051146, 0.575157747726818]",1,-1
6152,[0.65159738 0.55386038],3,3,"[0.6601234827680622, 0.6109507568947781]",1,-1
6153,[0.43219426 0.67011716],0,-1,-1,1,-1
6154,[0.39351902 0.40804984],0,-1,-1,1,-1
6155,[0.68436339 0.76031377],2,-1,-1,1,-1
6156,[0.37585921 0.61478559],0,1,"[0.37965276877051146, 0.575157747726818]",1,-1
6157,[0.77563107 0.75091319],2,-1,-1,1,-1
6158,[0.30543328 0.18720081],1,2,"[0.294379027732062, 0.1921773781634303]",0,0
6159,[0.77108671 0.69535699],2,0,"[0.7890750777399501, 0.6799557517006445]",1,-1
6160,[0.32054086 0.24445659],1,2,"[0.294379027732062, 0.1921773781634303]",0,0
6161,[0.81269811 0.60628629],2,-1,-1,1,-1
6162,[0.29529482 0.2382042 ],1,2,"[0.294379027732062, 0.1921773781634303]",0,0
6163,[0.6384186  0.63754591],3,3,"[0.6601234827680622, 0.6109507568947781]",1,-1
6164,[0.3842493  0.56684031],0,1,"[0.37965276877051146, 0.575157747726818]",1,-1
6165,[0.42282443 0.65753807],0,-1,-1,1,-1
6166,[0.40907956 0.55978695],0,1,"[0.37965276877051146, 0.575157747726818]",1,-1
6167,[0.36559981 0.17285714],1,-1,-1,0,0
6168,[0.89505513 0.61443453],2,-1,-1,1,-1
6169,[0.69117717 0.61613178],3,3,"[0.6601234827680622, 0.6109507568947781]",1,-1
6170,[0.46989558 0.59551127],0,-1,-1,1,-1
6171,[0.80368102 0.68446187],2,0,"[0.7890750777399501, 0.6799557517006445]",1,-1
6172,[0.47600467 0.58915585],0,-1,-1,1,-1
6173,[0.65457444 0.60885085],3,3,"[0.6601234827680622, 0.6109507568947781]",1,-1
6174,[0.36394743 0.59853995],0,1,"[0.37965276877051146, 0.575157747726818]",1,-1
6175,[0.25872374 0.26241108],1,-1,-1,0,0
6176,[0.41063458 0.63940735],0,-1,-1,1,-1
6177,[0.38338251 0.50904698],0,1,"[0.37965276877051146, 0.575157747726818]",1,-1
6178,[0.7326268  0.56206996],3,-1,-1,1,-1
6179,[0.37152341 0.64582136],0,-1,-1,1,-1
6180,[0.37458496 0.53645958],0,1,"[0.37965276877051146, 0.575157747726818]",1,-1
6181,[0.32567564 0.59991642],0,1,"[0.37965276877051146, 0.575157747726818]",1,-1
6182,[0.26119245 0.18781495],1,2,"[0.294379027732062, 0.1921773781634303]",0,0
6183,[0.67503981 0.55839371],3,3,"[0.6601234827680622, 0.6109507568947781]",1,-1
6184,[0.65920175 0.62082476],3,3,"[0.6601234827680622, 0.6109507568947781]",1,7
6185,[0.68291442 0.58652026],3,3,"[0.6601234827680622, 0.6109507568947781]",1,-1
6186,[0.67477641 0.53962322],3,-1,-1,1,-1
6187,[0.72332073 0.6482233 ],2,-1,-1,1,-1
6188,[0.2401096  0.25735916],1,-1,-1,0,0
6189,[0.2271436  0.16339166],1,-1,-1,0,0
6190,[0.6124001  0.67355079],3,-1,-1,1,-1
6191,[0.37312036 0.20076994],1,-1,-1,0,0
6192,[0.70785689 0.69546104],3,-1,-1,1,-1
6193,[0.40659176 0.54367586],0,1,"[0.37965276877051146, 0.575157747726818]",1,-1
6194,[0.31111693 0.53351501],0,-1,-1,1,-1
6195,[0.30423275 0.14282925],1,2,"[0.294379027732062, 0.1921773781634303]",0,0
6196,[0.76627081 0.61164504],2,-1,-1,1,-1
6197,[0.40791478 0.56197756],0,1,"[0.37965276877051146, 0.575157747726818]",1,-1
6198,[0.23802232 0.20969866],1,2,"[0.294379027732062, 0.1921773781634303]",0,0
6199,[0.37101103 0.4939046 ],0,-1,-1,1,-1
6200,[0.6258197 0.6123563],3,3,"[0.6601234827680622, 0.6109507568947781]",1,-1
6201,[0.87412457 0.68225767],2,-1,-1,1,-1
6202,[0.68024504 0.69549804],3,-1,-1,1,-1
6203,[0.27694827 0.16134643],1,2,"[0.294379027732062, 0.1921773781634303]",0,0
6204,[0.76635786 0.65061041],2,0,"[0.7890750777399501, 0.6799557517006445]",1,-1
6205,[0.36293217 0.55277847],0,1,"[0.37965276877051146, 0.575157747726818]",1,-1
6206,[0.34418545 0.58936235],0,1,"[0.37965276877051146, 0.575157747726818]",1,-1
6207,[0.67632434 0.51510364],3,-1,-1,1,-1
6208,[0.42138511 0.60612743],0,1,"[0.37965276877051146, 0.575157747726818]",1,-1
6209,[0.67314665 0.62880883],3,3,"[0.6601234827680622, 0.6109507568947781]",1,7
6210,[0.70954811 0.66955407],3,-1,-1,1,-1
6211,[0.33180555 0.60625829],0,1,"[0.37965276877051146, 0.575157747726818]",1,-1
6212,[0.68969835 0.62841591],3,3,"[0.6601234827680622, 0.6109507568947781]",1,7
6213,[0.33454809 0.28253046],1,-1,-1,0,0
6214,[0.69704903 0.64147383],2,3,"[0.6601234827680622, 0.6109507568947781]",1,-1
6215,[0.42434862 0.64034664],0,-1,-1,1,-1
6216,[0.36651685 0.59422812],0,1,"[0.37965276877051146, 0.575157747726818]",1,-1
6217,[0.37008229 0.18593893],1,-1,-1,0,0
6218,[0.18325882 0.14156794],1,-1,-1,0,0
6219,[0.4272818  0.58699438],0,1,"[0.37965276877051146, 0.575157747726818]",1,-1
6220,[0.76665964 0.72771093],2,0,"[0.7890750777399501, 0.6799557517006445]",1,-1
6221,[0.68188645 0.56227291],3,3,"[0.6601234827680622, 0.6109507568947781]",1,-1
6222,[0.30821051 0.11987322],1,-1,-1,0,0
6223,[0.40264196 0.54682684],0,1,"[0.37965276877051146, 0.575157747726818]",1,-1
6224,[0.66896928 0.62855164],3,3,"[0.6601234827680622, 0.6109507568947781]",1,7
6225,[0.63277661 0.61030877],2,3,"[0.6601234827680622, 0.6109507568947781]",1,-1
6226,[0.26813277 0.59032325],0,-1,-1,1,-1
6227,[0.3092574  0.16634054],1,2,"[0.294379027732062, 0.1921773781634303]",0,0
6228,[0.33678653 0.56565241],0,1,"[0.37965276877051146, 0.575157747726818]",1,-1
6229,[0.32115688 0.63900649],0,-1,-1,1,-1
6230,[0.34045834 0.1959133 ],1,2,"[0.294379027732062, 0.1921773781634303]",0,0
6231,[0.73122879 0.67993677],2,0,"[0.7890750777399501, 0.6799557517006445]",1,-1
6232,[0.40407615 0.57994361],0,1,"[0.37965276877051146, 0.575157747726818]",1,-1
6233,[0.77938961 0.5975729 ],3,-1,-1,1,-1
6234,[0.68170968 0.69268169],3,-1,-1,1,-1
6235,[0.31069494 0.17839888],1,2,"[0.294379027732062, 0.1921773781634303]",0,0
6236,[0.31709383 0.12333493],1,-1,-1,0,0
6237,[0.60184828 0.66733462],3,-1,-1,1,-1
6238,[0.81013448 0.66527064],2,0,"[0.7890750777399501, 0.6799557517006445]",1,-1
6239,[0.4417302 0.5270183],0,-1,-1,1,-1
6240,[0.81360822 0.65893044],2,0,"[0.7890750777399501, 0.6799557517006445]",1,-1
6241,[0.40413301 0.5981898 ],0,1,"[0.37965276877051146, 0.575157747726818]",1,-1
6242,[0.85476763 0.68759345],2,0,"[0.7890750777399501, 0.6799557517006445]",1,-1
6243,[0.42764609 0.55958459],0,1,"[0.37965276877051146, 0.575157747726818]",1,-1
6244,[0.77717713 0.69338815],2,0,"[0.7890750777399501, 0.6799557517006445]",1,-1
6245,[0.71776602 0.73174416],2,-1,-1,1,-1
6246,[0.42701045 0.56749434],0,1,"[0.37965276877051146, 0.575157747726818]",1,-1
6247,[0.67749143 0.61755688],3,3,"[0.6601234827680622, 0.6109507568947781]",1,-1
6248,[0.25931688 0.18217327],1,2,"[0.294379027732062, 0.1921773781634303]",0,0
6249,[0.37539749 0.63606688],0,1,"[0.37965276877051146, 0.575157747726818]",1,-1
6250,[0.65282194 0.54077191],3,-1,-1,1,-1
6251,[0.75157312 0.66250606],2,0,"[0.7890750777399501, 0.6799557517006445]",1,-1
6252,[0.30383388 0.1169285 ],1,-1,-1,0,0
6253,[0.38329099 0.57260318],0,1,"[0.37965276877051146, 0.575157747726818]",1,-1
6254,[0.33632862 0.57845835],0,1,"[0.37965276877051146, 0.575157747726818]",1,-1
6255,[0.40667132 0.51167602],0,1,"[0.37965276877051146, 0.575157747726818]",1,-1
6256,[0.32429052 0.58854895],0,1,"[0.37965276877051146, 0.575157747726818]",1,-1
6257,[0.28966911 0.21321153],1,2,"[0.294379027732062, 0.1921773781634303]",0,0
6258,[0.7583544 0.6715287],2,0,"[0.7890750777399501, 0.6799557517006445]",1,-1
6259,[0.73545573 0.63111746],3,-1,-1,1,-1
6260,[0.25016884 0.24774718],1,-1,-1,0,0
6261,[0.35959397 0.23914269],1,-1,-1,0,0
6262,[0.74157397 0.70531248],2,0,"[0.7890750777399501, 0.6799557517006445]",1,-1
6263,[0.28924619 0.18487838],1,2,"[0.294379027732062, 0.1921773781634303]",0,0
6264,[0.74303413 0.66913534],3,0,"[0.7890750777399501, 0.6799557517006445]",1,-1
6265,[0.76271995 0.69192565],2,0,"[0.7890750777399501, 0.6799557517006445]",1,-1
6266,[0.72209882 0.64307807],3,3,"[0.6601234827680622, 0.6109507568947781]",1,-1
6267,[0.41215668 0.57073197],0,1,"[0.37965276877051146, 0.575157747726818]",1,2
6268,[0.35990688 0.17154192],1,2,"[0.294379027732062, 0.1921773781634303]",0,0
6269,[0.45300912 0.55852287],0,-1,-1,1,-1
6270,[0.31387512 0.22505276],1,2,"[0.294379027732062, 0.1921773781634303]",0,0
6271,[0.58193545 0.63682852],3,-1,-1,1,-1
6272,[0.81842175 0.65050395],2,0,"[0.7890750777399501, 0.6799557517006445]",1,-1
6273,[0.31225176 0.24119265],1,2,"[0.294379027732062, 0.1921773781634303]",0,0
6274,[0.18638377 0.17008033],1,-1,-1,0,0
6275,[0.6224408  0.56966408],3,3,"[0.6601234827680622, 0.6109507568947781]",1,-1
6276,[0.62422622 0.63539947],3,3,"[0.6601234827680622, 0.6109507568947781]",1,-1
6277,[0.86280654 0.6698367 ],2,-1,-1,1,-1
6278,[0.68608851 0.60398477],3,3,"[0.6601234827680622, 0.6109507568947781]",1,5
6279,[0.43254876 0.61475228],0,1,"[0.37965276877051146, 0.575157747726818]",1,-1
6280,[0.63618498 0.64484085],3,3,"[0.6601234827680622, 0.6109507568947781]",1,-1
6281,[0.77379616 0.65370999],2,0,"[0.7890750777399501, 0.6799557517006445]",1,3
6282,[0.29405948 0.61383091],0,-1,-1,1,-1
6283,[0.44846177 0.57322443],0,1,"[0.37965276877051146, 0.575157747726818]",1,-1
6284,[0.45385943 0.56361191],0,-1,-1,1,-1
6285,[0.42269338 0.45661516],0,-1,-1,1,-1
6286,[0.36652199 0.12827287],1,-1,-1,0,0
6287,[0.39966278 0.4577901 ],0,-1,-1,1,-1
6288,[0.42479593 0.5579036 ],0,1,"[0.37965276877051146, 0.575157747726818]",1,-1
6289,[0.28105216 0.08195202],1,-1,-1,0,0
6290,[0.80385158 0.65662686],2,0,"[0.7890750777399501, 0.6799557517006445]",1,-1
6291,[0.79227555 0.63475715],2,0,"[0.7890750777399501, 0.6799557517006445]",1,-1
6292,[0.22797103 0.15288908],1,-1,-1,0,0
6293,[0.27528998 0.17454199],1,2,"[0.294379027732062, 0.1921773781634303]",0,0
6294,[0.40820035 0.59937972],0,1,"[0.37965276877051146, 0.575157747726818]",1,-1
6295,[0.37859032 0.51410936],0,1,"[0.37965276877051146, 0.575157747726818]",1,-1
6296,[0.35000175 0.55044508],0,1,"[0.37965276877051146, 0.575157747726818]",1,-1
6297,[0.38746293 0.53371982],0,1,"[0.37965276877051146, 0.575157747726818]",1,-1
6298,[0.39493336 0.18781471],1,-1,-1,0,0
6299,[0.6091234  0.59626758],3,3,"[0.6601234827680622, 0.6109507568947781]",1,-1
6300,[0.77067696 0.67885156],2,0,"[0.7890750777399501, 0.6799557517006445]",1,-1
6301,[0.56217133 0.71721348],3,-1,-1,1,-1
6302,[0.64053398 0.5511623 ],3,3,"[0.6601234827680622, 0.6109507568947781]",1,-1
6303,[0.66721095 0.64416414],3,3,"[0.6601234827680622, 0.6109507568947781]",1,-1
6304,[0.65351464 0.63480595],3,3,"[0.6601234827680622, 0.6109507568947781]",1,-1
6305,[0.82733923 0.72028785],2,0,"[0.7890750777399501, 0.6799557517006445]",1,-1
6306,[0.35718156 0.48965113],0,-1,-1,1,-1
6307,[0.32155152 0.59375305],0,1,"[0.37965276877051146, 0.575157747726818]",1,-1
6308,[0.63903304 0.60629354],3,3,"[0.6601234827680622, 0.6109507568947781]",1,-1
6309,[0.82763841 0.62007558],2,-1,-1,1,-1
6310,[0.75634707 0.70496609],2,0,"[0.7890750777399501, 0.6799557517006445]",1,-1
6311,[0.7965543 0.6450763],2,0,"[0.7890750777399501, 0.6799557517006445]",1,-1
6312,[0.4249972  0.54813201],0,1,"[0.37965276877051146, 0.575157747726818]",1,-1
6313,[0.30960091 0.51683984],0,-1,-1,1,-1
6314,[0.6671041  0.59915127],3,3,"[0.6601234827680622, 0.6109507568947781]",1,-1
6315,[0.43009965 0.54414617],0,1,"[0.37965276877051146, 0.575157747726818]",1,-1
6316,[0.30295728 0.17023759],1,2,"[0.294379027732062, 0.1921773781634303]",0,0
6317,[0.35449422 0.47550981],0,-1,-1,1,-1
6318,[0.57817163 0.66309817],3,-1,-1,1,-1
6319,[0.37306211 0.71074946],0,-1,-1,1,-1
6320,[0.78923682 0.67529281],2,0,"[0.7890750777399501, 0.6799557517006445]",1,4
6321,[0.73139607 0.58045501],2,-1,-1,1,-1
6322,[0.34177885 0.14952132],1,2,"[0.294379027732062, 0.1921773781634303]",0,0
6323,[0.57730367 0.51852981],3,-1,-1,1,-1
6324,[0.28729296 0.07824248],1,-1,-1,0,0
6325,[0.7517842  0.71892498],2,0,"[0.7890750777399501, 0.6799557517006445]",1,-1
6326,[0.86657024 0.66535758],2,-1,-1,1,-1
6327,[0.65421369 0.64286468],3,3,"[0.6601234827680622, 0.6109507568947781]",1,-1
6328,[0.44111711 0.48295262],0,-1,-1,1,-1
6329,[0.73930792 0.60745739],3,-1,-1,1,-1
6330,[0.259679   0.30070684],1,-1,-1,0,0
6331,[0.43032385 0.48617226],0,-1,-1,1,-1
6332,[0.84182433 0.73242017],2,-1,-1,1,-1
6333,[0.32446665 0.53657243],0,1,"[0.37965276877051146, 0.575157747726818]",1,-1
6334,[0.44385034 0.57790296],0,1,"[0.37965276877051146, 0.575157747726818]",1,-1
6335,[0.41781768 0.59911873],0,1,"[0.37965276877051146, 0.575157747726818]",1,-1
6336,[0.35957953 0.3145059 ],1,-1,-1,0,0
6337,[0.70111875 0.58289454],2,3,"[0.6601234827680622, 0.6109507568947781]",1,-1
6338,[0.38405326 0.52391773],0,1,"[0.37965276877051146, 0.575157747726818]",1,-1
6339,[0.32063832 0.6095533 ],0,1,"[0.37965276877051146, 0.575157747726818]",1,-1
6340,[0.42434464 0.61518905],0,1,"[0.37965276877051146, 0.575157747726818]",1,-1
6341,[0.46567489 0.57335172],0,-1,-1,1,-1
6342,[0.77841257 0.64208863],2,0,"[0.7890750777399501, 0.6799557517006445]",1,-1
6343,[0.78629203 0.62886456],2,0,"[0.7890750777399501, 0.6799557517006445]",1,-1
6344,[0.86316954 0.6090523 ],2,-1,-1,1,-1
6345,[0.29281022 0.2864052 ],1,-1,-1,0,0
6346,[0.74123676 0.59546273],2,-1,-1,1,-1
6347,[0.8110763  0.71342282],2,0,"[0.7890750777399501, 0.6799557517006445]",1,-1
6348,[0.36402202 0.53815142],0,1,"[0.37965276877051146, 0.575157747726818]",1,-1
6349,[0.25495807 0.17408462],1,2,"[0.294379027732062, 0.1921773781634303]",0,0
6350,[0.78582462 0.70061289],2,0,"[0.7890750777399501, 0.6799557517006445]",1,-1
6351,[0.63591444 0.57035788],3,3,"[0.6601234827680622, 0.6109507568947781]",1,-1
6352,[0.76761347 0.66528377],2,0,"[0.7890750777399501, 0.6799557517006445]",1,-1
6353,[0.41700649 0.61331997],0,1,"[0.37965276877051146, 0.575157747726818]",1,-1
6354,[0.77396265 0.60453474],3,-1,-1,1,-1
6355,[0.63708927 0.5940983 ],3,3,"[0.6601234827680622, 0.6109507568947781]",1,-1
6356,[0.30111237 0.22914312],1,2,"[0.294379027732062, 0.1921773781634303]",0,0
6357,[0.7997037 0.7171236],2,0,"[0.7890750777399501, 0.6799557517006445]",1,-1
6358,[0.31680446 0.40810425],0,-1,-1,1,-1
6359,[0.38359624 0.17315428],1,-1,-1,0,0
6360,[0.64299401 0.66415757],3,3,"[0.6601234827680622, 0.6109507568947781]",1,-1
6361,[0.66576397 0.71945791],2,-1,-1,1,-1
6362,[0.24687814 0.12443647],1,-1,-1,0,0
6363,[0.58708685 0.64617039],3,-1,-1,1,-1
6364,[0.56795932 0.54559404],3,-1,-1,1,-1
6365,[0.30716733 0.18913185],1,2,"[0.294379027732062, 0.1921773781634303]",0,0
6366,[0.7101023 0.5722733],3,3,"[0.6601234827680622, 0.6109507568947781]",1,-1
6367,[0.73220525 0.67215502],2,0,"[0.7890750777399501, 0.6799557517006445]",1,-1
6368,[0.30474824 0.1775879 ],1,2,"[0.294379027732062, 0.1921773781634303]",0,0
6369,[0.82938311 0.70808913],2,0,"[0.7890750777399501, 0.6799557517006445]",1,-1
6370,[0.3443526  0.13962892],1,-1,-1,0,0
6371,[0.66911269 0.58436548],3,3,"[0.6601234827680622, 0.6109507568947781]",1,-1
6372,[0.37549459 0.53833049],0,1,"[0.37965276877051146, 0.575157747726818]",1,-1
6373,[0.40914248 0.56786804],0,1,"[0.37965276877051146, 0.575157747726818]",1,2
6374,[0.63310391 0.56408274],3,3,"[0.6601234827680622, 0.6109507568947781]",1,-1
6375,[0.30322111 0.20140981],1,2,"[0.294379027732062, 0.1921773781634303]",0,0
6376,[0.32988022 0.22054172],1,2,"[0.294379027732062, 0.1921773781634303]",0,0
6377,[0.21153959 0.2436396 ],1,-1,-1,0,0
6378,[0.74843557 0.67169519],2,0,"[0.7890750777399501, 0.6799557517006445]",1,-1
6379,[0.30584718 0.60431612],0,-1,-1,1,-1
6380,[0.80670136 0.70320653],2,0,"[0.7890750777399501, 0.6799557517006445]",1,-1
6381,[0.77821345 0.65521304],2,0,"[0.7890750777399501, 0.6799557517006445]",1,-1
6382,[0.35220253 0.64265164],0,-1,-1,1,-1
6383,[0.43180446 0.57878397],0,1,"[0.37965276877051146, 0.575157747726818]",1,-1
6384,[0.82484379 0.73085236],2,0,"[0.7890750777399501, 0.6799557517006445]",1,-1
6385,[0.80165062 0.61730256],2,0,"[0.7890750777399501, 0.6799557517006445]",1,-1
6386,[0.36669655 0.5644623 ],0,1,"[0.37965276877051146, 0.575157747726818]",1,-1
6387,[0.42303708 0.52638045],0,1,"[0.37965276877051146, 0.575157747726818]",1,-1
6388,[0.83133188 0.79000989],2,-1,-1,1,-1
6389,[0.35382851 0.2229001 ],1,2,"[0.294379027732062, 0.1921773781634303]",0,0
6390,[0.74727213 0.62920325],2,0,"[0.7890750777399501, 0.6799557517006445]",1,-1
6391,[0.79979538 0.65752503],2,0,"[0.7890750777399501, 0.6799557517006445]",1,-1
6392,[0.39484881 0.56747745],0,1,"[0.37965276877051146, 0.575157747726818]",1,2
6393,[0.29089506 0.60084463],0,-1,-1,1,-1
6394,[0.69721532 0.6667729 ],2,3,"[0.6601234827680622, 0.6109507568947781]",1,-1
6395,[0.29616448 0.22176339],1,2,"[0.294379027732062, 0.1921773781634303]",0,0
6396,[0.35684303 0.58626918],0,1,"[0.37965276877051146, 0.575157747726818]",1,-1
6397,[0.75226944 0.6883986 ],2,0,"[0.7890750777399501, 0.6799557517006445]",1,-1
6398,[0.73589088 0.65209492],2,0,"[0.7890750777399501, 0.6799557517006445]",1,-1
6399,[0.40296363 0.59731414],0,1,"[0.37965276877051146, 0.575157747726818]",1,-1
6400,[0.42256489 0.5049685 ],0,-1,-1,1,-1
6401,[0.39943888 0.60632661],0,1,"[0.37965276877051146, 0.575157747726818]",1,-1
6402,[0.87163135 0.79862626],2,-1,-1,1,-1
6403,[0.66516945 0.59349411],3,3,"[0.6601234827680622, 0.6109507568947781]",1,-1
6404,[0.23495614 0.18887911],1,2,"[0.294379027732062, 0.1921773781634303]",0,0
6405,[0.29972539 0.49726637],0,-1,-1,1,-1
6406,[0.29304808 0.20793096],1,2,"[0.294379027732062, 0.1921773781634303]",0,0
6407,[0.38395896 0.53400963],0,1,"[0.37965276877051146, 0.575157747726818]",1,-1
6408,[0.71553888 0.66515943],3,-1,-1,1,-1
6409,[0.69664734 0.62358011],3,3,"[0.6601234827680622, 0.6109507568947781]",1,-1
6410,[0.3833218  0.53241298],0,1,"[0.37965276877051146, 0.575157747726818]",1,-1
6411,[0.63418604 0.66781566],3,3,"[0.6601234827680622, 0.6109507568947781]",1,-1
6412,[0.42689748 0.52078471],0,-1,-1,1,-1
6413,[0.32852004 0.21402978],1,2,"[0.294379027732062, 0.1921773781634303]",0,0
6414,[0.65072962 0.70315434],3,-1,-1,1,-1
6415,[0.81483319 0.64510636],3,0,"[0.7890750777399501, 0.6799557517006445]",1,-1
6416,[0.77330999 0.65283359],2,0,"[0.7890750777399501, 0.6799557517006445]",1,3
6417,[0.28534167 0.18738246],1,2,"[0.294379027732062, 0.1921773781634303]",0,0
6418,[0.7500406  0.68406586],2,0,"[0.7890750777399501, 0.6799557517006445]",1,-1
6419,[0.73946856 0.64976467],2,0,"[0.7890750777399501, 0.6799557517006445]",1,-1
6420,[0.85134181 0.72193203],2,-1,-1,1,-1
6421,[0.70144292 0.61029063],3,3,"[0.6601234827680622, 0.6109507568947781]",1,-1
6422,[0.31340077 0.14596022],1,2,"[0.294379027732062, 0.1921773781634303]",0,0
6423,[0.67827771 0.5409528 ],3,-1,-1,1,-1
6424,[0.44020048 0.58240045],0,1,"[0.37965276877051146, 0.575157747726818]",1,-1
6425,[0.761654   0.70520506],2,0,"[0.7890750777399501, 0.6799557517006445]",1,-1
6426,[0.75405399 0.74087145],2,-1,-1,1,-1
6427,[0.43056805 0.52054199],0,-1,-1,1,-1
6428,[0.77223809 0.64681002],2,0,"[0.7890750777399501, 0.6799557517006445]",1,-1
6429,[0.62864295 0.68278175],3,-1,-1,1,-1
6430,[0.22382864 0.17667607],1,-1,-1,0,0
6431,[0.29351648 0.10242881],1,-1,-1,0,0
6432,[0.44844323 0.6053326 ],0,-1,-1,1,-1
6433,[0.79459715 0.63612739],2,0,"[0.7890750777399501, 0.6799557517006445]",1,-1
6434,[0.79532218 0.74643276],2,0,"[0.7890750777399501, 0.6799557517006445]",1,-1
6435,[0.7692944  0.63619173],3,0,"[0.7890750777399501, 0.6799557517006445]",1,-1
6436,[0.22692717 0.12218657],1,-1,-1,0,0
6437,[0.38426583 0.18864613],1,-1,-1,0,0
6438,[0.45758216 0.55030629],0,-1,-1,1,-1
6439,[0.67703312 0.77480972],3,-1,-1,1,-1
6440,[0.27442055 0.20199518],1,2,"[0.294379027732062, 0.1921773781634303]",0,0
6441,[0.2895167  0.16275425],1,2,"[0.294379027732062, 0.1921773781634303]",0,0
6442,[0.43267731 0.55412568],0,1,"[0.37965276877051146, 0.575157747726818]",1,-1
6443,[0.78377788 0.72465495],2,0,"[0.7890750777399501, 0.6799557517006445]",1,-1
6444,[0.33042157 0.20378216],1,2,"[0.294379027732062, 0.1921773781634303]",0,0
6445,[0.39763186 0.5430194 ],0,1,"[0.37965276877051146, 0.575157747726818]",1,-1
6446,[0.78646229 0.57192607],3,-1,-1,1,-1
6447,[0.40127792 0.64503437],0,-1,-1,1,-1
6448,[0.8776862 0.6406441],2,-1,-1,1,-1
6449,[0.7453767  0.76279757],2,-1,-1,1,-1
6450,[0.61582604 0.57976994],3,3,"[0.6601234827680622, 0.6109507568947781]",1,-1
6451,[0.33072648 0.57232202],0,1,"[0.37965276877051146, 0.575157747726818]",1,-1
6452,[0.38961128 0.65816576],0,-1,-1,1,-1
6453,[0.68131064 0.57111026],3,3,"[0.6601234827680622, 0.6109507568947781]",1,-1
6454,[0.30023172 0.54511896],0,-1,-1,1,-1
6455,[0.57664658 0.61891883],3,-1,-1,1,-1
6456,[0.69092485 0.55144026],3,3,"[0.6601234827680622, 0.6109507568947781]",1,-1
6457,[0.1897318  0.16416676],1,-1,-1,0,0
6458,[0.61555088 0.63803755],3,3,"[0.6601234827680622, 0.6109507568947781]",1,-1
6459,[0.26313065 0.23235485],1,2,"[0.294379027732062, 0.1921773781634303]",0,0
6460,[0.39591129 0.2063801 ],1,-1,-1,0,0
6461,[0.32773503 0.15984123],1,2,"[0.294379027732062, 0.1921773781634303]",0,0
6462,[0.44411828 0.58540842],0,1,"[0.37965276877051146, 0.575157747726818]",1,-1
6463,[0.24395355 0.23507468],1,2,"[0.294379027732062, 0.1921773781634303]",0,0
6464,[0.3980419 0.5961209],0,1,"[0.37965276877051146, 0.575157747726818]",1,-1
6465,[0.76084629 0.68718636],2,0,"[0.7890750777399501, 0.6799557517006445]",1,4
6466,[0.74167098 0.65522901],2,0,"[0.7890750777399501, 0.6799557517006445]",1,-1
6467,[0.74883287 0.63152076],3,0,"[0.7890750777399501, 0.6799557517006445]",1,-1
6468,[0.33403702 0.15841096],1,2,"[0.294379027732062, 0.1921773781634303]",0,0
6469,[0.72862308 0.54109441],3,-1,-1,1,-1
6470,[0.37999142 0.53719802],0,1,"[0.37965276877051146, 0.575157747726818]",1,-1
6471,[0.33419427 0.13860099],1,2,"[0.294379027732062, 0.1921773781634303]",0,0
6472,[0.75104951 0.57117564],3,-1,-1,1,-1
6473,[0.92667766 0.63982152],2,-1,-1,1,-1
6474,[0.38531211 0.57822586],0,1,"[0.37965276877051146, 0.575157747726818]",1,-1
6475,[0.64383082 0.71345754],3,-1,-1,1,-1
6476,[0.30502827 0.17777153],1,2,"[0.294379027732062, 0.1921773781634303]",0,0
6477,[0.78256069 0.70624336],2,0,"[0.7890750777399501, 0.6799557517006445]",1,-1
6478,[0.78920019 0.73018435],2,0,"[0.7890750777399501, 0.6799557517006445]",1,-1
6479,[0.44826787 0.60496787],0,-1,-1,1,-1
6480,[0.36525637 0.33684866],1,-1,-1,0,0
6481,[0.68161459 0.61270327],3,3,"[0.6601234827680622, 0.6109507568947781]",1,5
6482,[0.22565861 0.20793086],1,-1,-1,0,0
6483,[0.6914233  0.67789959],3,-1,-1,1,-1
6484,[0.30758375 0.33553426],1,-1,-1,0,0
6485,[0.37683088 0.65875242],0,-1,-1,1,-1
6486,[0.58815777 0.69968911],3,-1,-1,1,-1
6487,[0.74258098 0.61896969],2,-1,-1,1,-1
6488,[0.36371721 0.62852885],0,1,"[0.37965276877051146, 0.575157747726818]",1,-1
6489,[0.34810157 0.60273366],0,1,"[0.37965276877051146, 0.575157747726818]",1,-1
6490,[0.75071708 0.63563202],2,0,"[0.7890750777399501, 0.6799557517006445]",1,-1
6491,[0.36082953 0.17181951],1,2,"[0.294379027732062, 0.1921773781634303]",0,0
6492,[0.76399751 0.65204049],2,0,"[0.7890750777399501, 0.6799557517006445]",1,-1
6493,[0.382572   0.18700157],1,-1,-1,0,0
6494,[0.79880591 0.66544628],2,0,"[0.7890750777399501, 0.6799557517006445]",1,4
6495,[0.58483221 0.56560431],3,-1,-1,1,-1
6496,[0.32920193 0.24527861],1,2,"[0.294379027732062, 0.1921773781634303]",0,0
6497,[0.72308295 0.71728308],2,-1,-1,1,-1
6498,[0.79667601 0.62150261],2,0,"[0.7890750777399501, 0.6799557517006445]",1,-1
6499,[0.85441159 0.69280127],2,0,"[0.7890750777399501, 0.6799557517006445]",1,-1
6500,[0.42466284 0.59131979],0,1,"[0.37965276877051146, 0.575157747726818]",1,-1
6501,[0.71521073 0.66630001],3,-1,-1,1,-1
6502,[0.36759004 0.61245765],0,1,"[0.37965276877051146, 0.575157747726818]",1,-1
6503,[0.30515745 0.534665  ],0,-1,-1,1,-1
6504,[0.66223997 0.64881214],3,3,"[0.6601234827680622, 0.6109507568947781]",1,-1
6505,[0.4437332  0.53979141],0,-1,-1,1,-1
6506,[0.30356633 0.2010769 ],1,2,"[0.294379027732062, 0.1921773781634303]",0,0
6507,[0.7095215  0.60530397],3,3,"[0.6601234827680622, 0.6109507568947781]",1,-1
6508,[0.82519239 0.6761854 ],2,0,"[0.7890750777399501, 0.6799557517006445]",1,-1
6509,[0.28504583 0.19655345],1,2,"[0.294379027732062, 0.1921773781634303]",0,0
6510,[0.27211422 0.19391773],1,2,"[0.294379027732062, 0.1921773781634303]",0,0
6511,[0.79512616 0.73310236],2,0,"[0.7890750777399501, 0.6799557517006445]",1,-1
6512,[0.67612803 0.66199211],3,3,"[0.6601234827680622, 0.6109507568947781]",1,-1
6513,[0.33031131 0.62108337],0,1,"[0.37965276877051146, 0.575157747726818]",1,-1
6514,[0.70909497 0.65108699],3,3,"[0.6601234827680622, 0.6109507568947781]",1,-1
6515,[0.264241   0.22784179],1,2,"[0.294379027732062, 0.1921773781634303]",0,0
6516,[0.25443664 0.12964399],1,-1,-1,0,0
6517,[0.36561019 0.55245775],0,1,"[0.37965276877051146, 0.575157747726818]",1,-1
6518,[0.70371594 0.60550059],3,3,"[0.6601234827680622, 0.6109507568947781]",1,-1
6519,[0.83356473 0.64397939],2,0,"[0.7890750777399501, 0.6799557517006445]",1,-1
6520,[0.79745489 0.69526038],2,0,"[0.7890750777399501, 0.6799557517006445]",1,-1
6521,[0.69076609 0.63105943],3,3,"[0.6601234827680622, 0.6109507568947781]",1,7
6522,[0.77328824 0.6318151 ],2,0,"[0.7890750777399501, 0.6799557517006445]",1,-1
6523,[0.22703064 0.19340535],1,2,"[0.294379027732062, 0.1921773781634303]",0,0
6524,[0.72432285 0.56409044],3,-1,-1,1,-1
6525,[0.85088927 0.74547506],2,-1,-1,1,-1
6526,[0.29388932 0.19580273],1,2,"[0.294379027732062, 0.1921773781634303]",0,0
6527,[0.35903102 0.55524954],0,1,"[0.37965276877051146, 0.575157747726818]",1,-1
6528,[0.3154313  0.20221354],1,2,"[0.294379027732062, 0.1921773781634303]",0,0
6529,[0.40892555 0.60718741],0,1,"[0.37965276877051146, 0.575157747726818]",1,-1
6530,[0.81345072 0.68981301],2,0,"[0.7890750777399501, 0.6799557517006445]",1,-1
6531,[0.73922161 0.6773275 ],2,0,"[0.7890750777399501, 0.6799557517006445]",1,-1
6532,[0.85619364 0.68432013],2,0,"[0.7890750777399501, 0.6799557517006445]",1,-1
6533,[0.68723533 0.6031627 ],3,3,"[0.6601234827680622, 0.6109507568947781]",1,5
6534,[0.28114198 0.16181548],1,2,"[0.294379027732062, 0.1921773781634303]",0,0
6535,[0.81772931 0.82985991],2,-1,-1,1,-1
6536,[0.89250733 0.76659729],2,-1,-1,1,-1
6537,[0.41015853 0.02952504],1,-1,-1,0,-1
6538,[0.31901622 0.62999596],0,-1,-1,1,-1
6539,[0.27799274 0.16124244],1,2,"[0.294379027732062, 0.1921773781634303]",0,0
6540,[0.74781355 0.67029375],2,0,"[0.7890750777399501, 0.6799557517006445]",1,-1
6541,[0.36075606 0.62471643],0,1,"[0.37965276877051146, 0.575157747726818]",1,-1
6542,[0.29948656 0.23727473],1,2,"[0.294379027732062, 0.1921773781634303]",0,0
6543,[0.80435975 0.73136457],2,0,"[0.7890750777399501, 0.6799557517006445]",1,-1
6544,[0.26306324 0.10361138],1,-1,-1,0,0
6545,[0.24954769 0.10311992],1,-1,-1,0,0
6546,[0.26218065 0.07969452],1,-1,-1,0,0
6547,[0.5860628  0.65094728],3,-1,-1,1,-1
6548,[0.76318597 0.6659542 ],2,0,"[0.7890750777399501, 0.6799557517006445]",1,-1
6549,[0.61594213 0.53627346],3,-1,-1,1,-1
6550,[0.8514865  0.67619804],2,0,"[0.7890750777399501, 0.6799557517006445]",1,-1
6551,[0.66337571 0.64870003],3,3,"[0.6601234827680622, 0.6109507568947781]",1,-1
6552,[0.76870139 0.71661074],2,0,"[0.7890750777399501, 0.6799557517006445]",1,-1
6553,[0.346431   0.23483909],1,2,"[0.294379027732062, 0.1921773781634303]",0,0
6554,[0.3777043 0.25883  ],1,-1,-1,0,0
6555,[0.77757725 0.58867355],3,-1,-1,1,-1
6556,[0.81297973 0.66416607],2,0,"[0.7890750777399501, 0.6799557517006445]",1,-1
6557,[0.62856157 0.62734235],3,3,"[0.6601234827680622, 0.6109507568947781]",1,-1
6558,[0.33723591 0.50110631],0,-1,-1,1,-1
6559,[0.80719917 0.70462829],2,0,"[0.7890750777399501, 0.6799557517006445]",1,-1
6560,[0.62855446 0.50950231],3,-1,-1,1,-1
6561,[0.28235073 0.1908405 ],1,2,"[0.294379027732062, 0.1921773781634303]",0,0
6562,[0.70211996 0.62490811],3,3,"[0.6601234827680622, 0.6109507568947781]",1,-1
6563,[0.37481049 0.23527498],1,-1,-1,0,0
6564,[0.43099686 0.51111062],0,-1,-1,1,-1
6565,[0.74348945 0.71750049],2,0,"[0.7890750777399501, 0.6799557517006445]",1,-1
6566,[0.23153742 0.17515814],1,2,"[0.294379027732062, 0.1921773781634303]",0,0
6567,[0.84112122 0.62095893],2,-1,-1,1,-1
6568,[0.83870884 0.71572389],2,0,"[0.7890750777399501, 0.6799557517006445]",1,-1
6569,[0.85534276 0.70225032],2,0,"[0.7890750777399501, 0.6799557517006445]",1,-1
6570,[0.33247772 0.20789476],1,2,"[0.294379027732062, 0.1921773781634303]",0,0
6571,[0.3674105 0.5283066],0,1,"[0.37965276877051146, 0.575157747726818]",1,-1
6572,[0.25978371 0.5903084 ],0,-1,-1,1,-1
6573,[0.20005307 0.1460507 ],1,-1,-1,0,0
6574,[0.31633004 0.12646912],1,2,"[0.294379027732062, 0.1921773781634303]",0,0
6575,[0.41090117 0.57441004],0,1,"[0.37965276877051146, 0.575157747726818]",1,2
6576,[0.64731881 0.53646229],3,-1,-1,1,-1
6577,[0.71589187 0.62809154],2,3,"[0.6601234827680622, 0.6109507568947781]",1,-1
6578,[0.71564317 0.68539479],2,-1,-1,1,-1
6579,[0.3073026  0.19321639],1,2,"[0.294379027732062, 0.1921773781634303]",0,0
6580,[0.25191656 0.1252931 ],1,-1,-1,0,0
6581,[0.3251     0.30151977],1,-1,-1,0,0
6582,[0.64875623 0.51134757],3,-1,-1,1,-1
6583,[0.32713181 0.56033742],0,1,"[0.37965276877051146, 0.575157747726818]",1,-1
6584,[0.54631567 0.61627085],3,-1,-1,1,-1
6585,[0.70280299 0.70150233],2,-1,-1,1,-1
6586,[0.80815488 0.73196273],2,0,"[0.7890750777399501, 0.6799557517006445]",1,-1
6587,[0.69666146 0.59061511],3,3,"[0.6601234827680622, 0.6109507568947781]",1,-1
6588,[0.35318374 0.59144773],0,1,"[0.37965276877051146, 0.575157747726818]",1,-1
6589,[0.28821752 0.25978484],1,2,"[0.294379027732062, 0.1921773781634303]",0,0
6590,[0.75334686 0.6984695 ],2,0,"[0.7890750777399501, 0.6799557517006445]",1,-1
6591,[0.77788091 0.82303215],2,-1,-1,1,-1
6592,[0.74766717 0.75499004],2,-1,-1,1,-1
6593,[0.65358854 0.63739346],3,3,"[0.6601234827680622, 0.6109507568947781]",1,-1
6594,[0.38000662 0.19885296],1,-1,-1,0,0
6595,[0.75657897 0.71076826],2,0,"[0.7890750777399501, 0.6799557517006445]",1,-1
6596,[0.75542224 0.72365078],2,0,"[0.7890750777399501, 0.6799557517006445]",1,-1
6597,[0.55233938 0.60885145],3,-1,-1,1,-1
6598,[0.66806074 0.68173989],3,-1,-1,1,-1
6599,[0.83259205 0.76442221],2,-1,-1,1,-1
6600,[0.31308808 0.2363251 ],1,2,"[0.294379027732062, 0.1921773781634303]",0,0
6601,[0.39496491 0.55240098],0,1,"[0.37965276877051146, 0.575157747726818]",1,-1
6602,[0.66934245 0.6951141 ],3,-1,-1,1,-1
6603,[0.44934602 0.71620545],0,-1,-1,1,-1
6604,[0.68062593 0.60279608],3,3,"[0.6601234827680622, 0.6109507568947781]",1,5
6605,[0.62122405 0.57907969],3,3,"[0.6601234827680622, 0.6109507568947781]",1,-1
6606,[0.80256817 0.65838124],2,0,"[0.7890750777399501, 0.6799557517006445]",1,-1
6607,[0.279964   0.24487501],1,2,"[0.294379027732062, 0.1921773781634303]",0,0
6608,[0.40328385 0.63774436],0,1,"[0.37965276877051146, 0.575157747726818]",1,-1
6609,[0.31927879 0.18237216],1,2,"[0.294379027732062, 0.1921773781634303]",0,0
6610,[0.27442401 0.56569532],0,-1,-1,1,-1
6611,[0.8380497  0.73887504],2,-1,-1,1,-1
6612,[0.36197582 0.58304452],0,1,"[0.37965276877051146, 0.575157747726818]",1,-1
6613,[0.80234154 0.71223828],2,0,"[0.7890750777399501, 0.6799557517006445]",1,-1
6614,[0.69261086 0.61641741],3,3,"[0.6601234827680622, 0.6109507568947781]",1,-1
6615,[0.28558175 0.53813228],0,-1,-1,1,-1
6616,[0.66853765 0.63663959],3,3,"[0.6601234827680622, 0.6109507568947781]",1,-1
6617,[0.28766335 0.58826811],0,-1,-1,1,-1
6618,[0.39654821 0.58350869],0,1,"[0.37965276877051146, 0.575157747726818]",1,-1
6619,[0.40943369 0.66996591],0,-1,-1,1,-1
6620,[0.45775331 0.51754211],0,-1,-1,1,-1
6621,[0.60854494 0.65769566],3,3,"[0.6601234827680622, 0.6109507568947781]",1,-1
6622,[0.40947047 0.61301697],0,1,"[0.37965276877051146, 0.575157747726818]",1,-1
6623,[0.35190414 0.61122781],0,1,"[0.37965276877051146, 0.575157747726818]",1,-1
6624,[0.71813633 0.66000558],2,-1,-1,1,-1
6625,[0.41772931 0.54383475],0,1,"[0.37965276877051146, 0.575157747726818]",1,-1
6626,[0.4058131  0.51385593],0,1,"[0.37965276877051146, 0.575157747726818]",1,-1
6627,[0.32889331 0.17089977],1,2,"[0.294379027732062, 0.1921773781634303]",0,0
6628,[0.88261205 0.65757961],2,-1,-1,1,-1
6629,[0.58325377 0.55652674],3,-1,-1,1,-1
6630,[0.25500296 0.23655491],1,2,"[0.294379027732062, 0.1921773781634303]",0,0
6631,[0.68196655 0.61722409],3,3,"[0.6601234827680622, 0.6109507568947781]",1,5
6632,[0.76086971 0.74964426],2,-1,-1,1,-1
6633,[0.57930368 0.62429915],3,-1,-1,1,-1
6634,[0.39791016 0.58359304],0,1,"[0.37965276877051146, 0.575157747726818]",1,-1
6635,[0.47027077 0.53939002],0,-1,-1,1,-1
6636,[0.56702688 0.57615369],3,-1,-1,1,-1
6637,[0.26333988 0.08538199],1,-1,-1,0,0
6638,[0.3258249  0.24079112],1,2,"[0.294379027732062, 0.1921773781634303]",0,0
6639,[0.40518526 0.52583278],0,1,"[0.37965276877051146, 0.575157747726818]",1,-1
6640,[0.25311762 0.16752567],1,2,"[0.294379027732062, 0.1921773781634303]",0,0
6641,[0.31213013 0.2716284 ],1,-1,-1,0,0
6642,[0.61229178 0.60034401],3,3,"[0.6601234827680622, 0.6109507568947781]",1,-1
6643,[0.74354387 0.63709101],2,0,"[0.7890750777399501, 0.6799557517006445]",1,-1
6644,[0.26687829 0.14009306],1,2,"[0.294379027732062, 0.1921773781634303]",0,0
6645,[0.80907884 0.67574722],2,0,"[0.7890750777399501, 0.6799557517006445]",1,-1
6646,[0.3176222  0.23108159],1,2,"[0.294379027732062, 0.1921773781634303]",0,0
6647,[0.75810643 0.74345572],2,-1,-1,1,-1
6648,[0.69229241 0.65531857],3,3,"[0.6601234827680622, 0.6109507568947781]",1,-1
6649,[0.40660103 0.5699055 ],0,1,"[0.37965276877051146, 0.575157747726818]",1,2
6650,[0.26515295 0.21301572],1,2,"[0.294379027732062, 0.1921773781634303]",0,0
6651,[0.25316171 0.19173214],1,2,"[0.294379027732062, 0.1921773781634303]",0,0
6652,[0.84244908 0.67816385],2,0,"[0.7890750777399501, 0.6799557517006445]",1,-1
6653,[0.71315445 0.70268427],2,-1,-1,1,-1
6654,[0.2872322  0.24060662],1,2,"[0.294379027732062, 0.1921773781634303]",0,0
6655,[0.79893721 0.66043171],2,0,"[0.7890750777399501, 0.6799557517006445]",1,-1
6656,[0.31887496 0.14131389],1,2,"[0.294379027732062, 0.1921773781634303]",0,0
6657,[0.77616334 0.66734622],2,0,"[0.7890750777399501, 0.6799557517006445]",1,3
6658,[0.60720655 0.54790477],3,-1,-1,1,-1
6659,[0.3215646  0.21505962],1,2,"[0.294379027732062, 0.1921773781634303]",0,0
6660,[0.69375338 0.61617605],3,3,"[0.6601234827680622, 0.6109507568947781]",1,-1
6661,[0.65673095 0.61306687],3,3,"[0.6601234827680622, 0.6109507568947781]",1,-1
6662,[0.39826169 0.55424618],0,1,"[0.37965276877051146, 0.575157747726818]",1,-1
6663,[0.84330721 0.67365347],2,0,"[0.7890750777399501, 0.6799557517006445]",1,-1
6664,[0.76046986 0.69366081],2,0,"[0.7890750777399501, 0.6799557517006445]",1,-1
6665,[0.81548716 0.7496847 ],2,-1,-1,1,-1
6666,[0.74945138 0.73656071],2,0,"[0.7890750777399501, 0.6799557517006445]",1,-1
6667,[0.45903362 0.59351632],0,-1,-1,1,-1
6668,[0.50724635 0.60436514],0,-1,-1,1,-1
6669,[0.32778692 0.13424594],1,2,"[0.294379027732062, 0.1921773781634303]",0,0
6670,[0.2614077  0.15918275],1,2,"[0.294379027732062, 0.1921773781634303]",0,0
6671,[0.67211349 0.52153153],3,-1,-1,1,-1
6672,[0.64601622 0.51937701],3,-1,-1,1,-1
6673,[0.37513425 0.6034817 ],0,1,"[0.37965276877051146, 0.575157747726818]",1,-1
6674,[0.30143514 0.56247788],0,-1,-1,1,-1
6675,[0.37719613 0.63647229],0,1,"[0.37965276877051146, 0.575157747726818]",1,-1
6676,[0.38526718 0.60944551],0,1,"[0.37965276877051146, 0.575157747726818]",1,-1
6677,[0.21488166 0.11388523],1,-1,-1,0,0
6678,[0.69930723 0.62475395],3,3,"[0.6601234827680622, 0.6109507568947781]",1,-1
6679,[0.31696639 0.63563411],0,-1,-1,1,-1
6680,[0.32459254 0.53231495],0,1,"[0.37965276877051146, 0.575157747726818]",1,-1
6681,[0.76549005 0.7238128 ],2,0,"[0.7890750777399501, 0.6799557517006445]",1,-1
6682,[0.41687657 0.55037127],0,1,"[0.37965276877051146, 0.575157747726818]",1,-1
6683,[0.67594493 0.67149149],3,3,"[0.6601234827680622, 0.6109507568947781]",1,-1
6684,[0.35574999 0.13245374],1,-1,-1,0,0
6685,[0.80183764 0.65870721],2,0,"[0.7890750777399501, 0.6799557517006445]",1,-1
6686,[0.35316051 0.67044174],0,-1,-1,1,-1
6687,[0.76924909 0.75332359],2,-1,-1,1,-1
6688,[0.70928068 0.59506674],3,3,"[0.6601234827680622, 0.6109507568947781]",1,-1
6689,[0.67598576 0.62568259],2,3,"[0.6601234827680622, 0.6109507568947781]",1,7
6690,[0.28743532 0.18273156],1,2,"[0.294379027732062, 0.1921773781634303]",0,0
6691,[0.25718051 0.17693315],1,2,"[0.294379027732062, 0.1921773781634303]",0,0
6692,[0.86832205 0.77231304],2,-1,-1,1,-1
6693,[0.33653183 0.42928164],0,-1,-1,1,-1
6694,[0.36954699 0.57045676],0,1,"[0.37965276877051146, 0.575157747726818]",1,-1
6695,[0.63870053 0.63151334],3,3,"[0.6601234827680622, 0.6109507568947781]",1,-1
6696,[0.75163785 0.76938726],2,-1,-1,1,-1
6697,[0.26180822 0.22155571],1,2,"[0.294379027732062, 0.1921773781634303]",0,0
6698,[0.38227071 0.53023089],0,1,"[0.37965276877051146, 0.575157747726818]",1,-1
6699,[0.64595573 0.63577107],3,3,"[0.6601234827680622, 0.6109507568947781]",1,-1
6700,[0.43696684 0.5346216 ],0,-1,-1,1,-1
6701,[0.26703091 0.28323636],1,-1,-1,0,0
6702,[0.76962571 0.71868672],2,0,"[0.7890750777399501, 0.6799557517006445]",1,-1
6703,[0.40681837 0.56575604],0,1,"[0.37965276877051146, 0.575157747726818]",1,-1
6704,[0.22033093 0.23409335],1,-1,-1,0,0
6705,[0.83474827 0.7117814 ],2,0,"[0.7890750777399501, 0.6799557517006445]",1,-1
6706,[0.79190169 0.65862703],2,0,"[0.7890750777399501, 0.6799557517006445]",1,-1
6707,[0.37137123 0.56862594],0,1,"[0.37965276877051146, 0.575157747726818]",1,1
6708,[0.36097109 0.56866792],0,1,"[0.37965276877051146, 0.575157747726818]",1,-1
6709,[0.34287055 0.24489336],1,-1,-1,0,0
6710,[0.34675486 0.61320866],0,1,"[0.37965276877051146, 0.575157747726818]",1,-1
6711,[0.39188086 0.61086492],0,1,"[0.37965276877051146, 0.575157747726818]",1,-1
6712,[0.32001439 0.54641173],0,1,"[0.37965276877051146, 0.575157747726818]",1,-1
6713,[0.7927732  0.65256175],2,0,"[0.7890750777399501, 0.6799557517006445]",1,-1
6714,[0.23641924 0.16383996],1,2,"[0.294379027732062, 0.1921773781634303]",0,0
6715,[0.40470778 0.64825743],0,-1,-1,1,-1
6716,[0.72800747 0.59598644],2,3,"[0.6601234827680622, 0.6109507568947781]",1,-1
6717,[0.69299303 0.65850193],3,3,"[0.6601234827680622, 0.6109507568947781]",1,-1
6718,[0.41532879 0.53755277],0,1,"[0.37965276877051146, 0.575157747726818]",1,-1
6719,[0.39790183 0.54374746],0,1,"[0.37965276877051146, 0.575157747726818]",1,-1
6720,[0.33085615 0.22260995],1,2,"[0.294379027732062, 0.1921773781634303]",0,0
6721,[0.86198291 0.6474389 ],2,-1,-1,1,-1
6722,[0.38243241 0.57552988],0,1,"[0.37965276877051146, 0.575157747726818]",1,-1
6723,[0.21947474 0.17509834],1,-1,-1,0,0
6724,[0.3590684  0.28302695],1,-1,-1,0,0
6725,[0.21239389 0.25422497],1,-1,-1,0,0
6726,[0.63641587 0.58503675],3,3,"[0.6601234827680622, 0.6109507568947781]",1,-1
6727,[0.38630937 0.69314727],0,-1,-1,1,-1
6728,[0.60532546 0.69863596],3,-1,-1,1,-1
6729,[0.77797228 0.77164751],2,-1,-1,1,-1
6730,[0.6754718  0.66926208],3,3,"[0.6601234827680622, 0.6109507568947781]",1,-1
6731,[0.83977255 0.66936522],2,0,"[0.7890750777399501, 0.6799557517006445]",1,-1
6732,[0.66835522 0.60709679],3,3,"[0.6601234827680622, 0.6109507568947781]",1,-1
6733,[0.84243921 0.69980106],2,0,"[0.7890750777399501, 0.6799557517006445]",1,-1
6734,[0.8071108  0.69148449],2,0,"[0.7890750777399501, 0.6799557517006445]",1,-1
6735,[0.26471161 0.16073249],1,2,"[0.294379027732062, 0.1921773781634303]",0,0
6736,[0.46694676 0.51523347],0,-1,-1,1,-1
6737,[0.72239229 0.65192969],2,-1,-1,1,-1
6738,[0.86250311 0.67965373],2,-1,-1,1,-1
6739,[0.71421786 0.63519067],3,3,"[0.6601234827680622, 0.6109507568947781]",1,-1
6740,[0.80768591 0.72553961],2,0,"[0.7890750777399501, 0.6799557517006445]",1,-1
6741,[0.6356349  0.62514192],3,3,"[0.6601234827680622, 0.6109507568947781]",1,-1
6742,[0.7622783  0.60656129],2,-1,-1,1,-1
6743,[0.7925459  0.61903478],2,0,"[0.7890750777399501, 0.6799557517006445]",1,-1
6744,[0.79956474 0.60541608],2,-1,-1,1,-1
6745,[0.83315496 0.69551062],2,0,"[0.7890750777399501, 0.6799557517006445]",1,-1
6746,[0.3833303 0.6467865],0,-1,-1,1,-1
6747,[0.26569594 0.23053648],1,2,"[0.294379027732062, 0.1921773781634303]",0,0
6748,[0.40357931 0.54654354],0,1,"[0.37965276877051146, 0.575157747726818]",1,-1
6749,[0.32378833 0.63147539],0,-1,-1,1,-1
6750,[0.61517347 0.53540927],3,-1,-1,1,-1
6751,[0.80898803 0.69585771],2,0,"[0.7890750777399501, 0.6799557517006445]",1,-1
6752,[0.38221507 0.58986706],0,1,"[0.37965276877051146, 0.575157747726818]",1,-1
6753,[0.39784097 0.56097127],0,1,"[0.37965276877051146, 0.575157747726818]",1,-1
6754,[0.22395286 0.13555414],1,-1,-1,0,0
6755,[0.40376959 0.58593038],0,1,"[0.37965276877051146, 0.575157747726818]",1,2
6756,[0.70193896 0.66592119],2,3,"[0.6601234827680622, 0.6109507568947781]",1,-1
6757,[0.40675235 0.58180772],0,1,"[0.37965276877051146, 0.575157747726818]",1,-1
6758,[0.51553852 0.59057676],0,-1,-1,1,-1
6759,[0.83089222 0.74718688],2,-1,-1,1,-1
6760,[0.18804378 0.19255297],1,-1,-1,0,0
6761,[0.27742715 0.21128014],1,2,"[0.294379027732062, 0.1921773781634303]",0,0
6762,[0.77027933 0.71824797],2,0,"[0.7890750777399501, 0.6799557517006445]",1,-1
6763,[0.83118688 0.5044345 ],2,-1,-1,1,-1
6764,[0.32338576 0.56554386],0,1,"[0.37965276877051146, 0.575157747726818]",1,-1
6765,[0.67840185 0.63052065],3,3,"[0.6601234827680622, 0.6109507568947781]",1,-1
6766,[0.38763356 0.63524585],0,1,"[0.37965276877051146, 0.575157747726818]",1,-1
6767,[0.31281401 0.17292385],1,2,"[0.294379027732062, 0.1921773781634303]",0,0
6768,[0.69135019 0.67074792],3,3,"[0.6601234827680622, 0.6109507568947781]",1,-1
6769,[0.64529102 0.64669728],3,3,"[0.6601234827680622, 0.6109507568947781]",1,-1
6770,[0.58349737 0.60921629],3,-1,-1,1,-1
6771,[0.39210746 0.55549103],0,1,"[0.37965276877051146, 0.575157747726818]",1,-1
6772,[0.30231965 0.62410608],0,-1,-1,1,-1
6773,[0.8345224  0.64384416],2,0,"[0.7890750777399501, 0.6799557517006445]",1,-1
6774,[0.45267767 0.59367903],0,-1,-1,1,-1
6775,[0.33887705 0.46914762],0,-1,-1,1,-1
6776,[0.76607634 0.7131126 ],2,0,"[0.7890750777399501, 0.6799557517006445]",1,-1
6777,[0.25635691 0.20338965],1,2,"[0.294379027732062, 0.1921773781634303]",0,0
6778,[0.76316924 0.6516165 ],2,0,"[0.7890750777399501, 0.6799557517006445]",1,-1
6779,[0.29118467 0.51198017],0,-1,-1,1,-1
6780,[0.37455256 0.60287112],0,1,"[0.37965276877051146, 0.575157747726818]",1,-1
6781,[0.33354557 0.50524941],0,-1,-1,1,-1
6782,[0.37801694 0.63025685],0,1,"[0.37965276877051146, 0.575157747726818]",1,-1
6783,[0.31313998 0.55875475],0,1,"[0.37965276877051146, 0.575157747726818]",1,-1
6784,[0.78762676 0.66435837],2,0,"[0.7890750777399501, 0.6799557517006445]",1,-1
6785,[0.25990883 0.28817096],1,-1,-1,0,0
6786,[0.70014927 0.62078579],3,3,"[0.6601234827680622, 0.6109507568947781]",1,-1
6787,[0.18238861 0.14283923],1,-1,-1,0,0
6788,[0.66487002 0.56654112],3,3,"[0.6601234827680622, 0.6109507568947781]",1,-1
6789,[0.75747771 0.61309628],2,-1,-1,1,-1
6790,[0.75205747 0.61229902],2,-1,-1,1,-1
6791,[0.33371588 0.1913507 ],1,2,"[0.294379027732062, 0.1921773781634303]",0,0
6792,[0.3167662  0.21461912],1,2,"[0.294379027732062, 0.1921773781634303]",0,0
6793,[0.25989426 0.20413298],1,2,"[0.294379027732062, 0.1921773781634303]",0,0
6794,[0.73164671 0.69986951],2,0,"[0.7890750777399501, 0.6799557517006445]",1,-1
6795,[0.42216679 0.58845852],0,1,"[0.37965276877051146, 0.575157747726818]",1,-1
6796,[0.73540846 0.52363713],3,-1,-1,1,-1
6797,[0.63791512 0.68841492],3,-1,-1,1,-1
6798,[0.3446773  0.52363578],0,1,"[0.37965276877051146, 0.575157747726818]",1,-1
6799,[0.19135739 0.23620265],1,-1,-1,0,0
6800,[0.78768139 0.58863802],2,-1,-1,1,-1
6801,[0.79410604 0.65012783],2,0,"[0.7890750777399501, 0.6799557517006445]",1,-1
6802,[0.70140078 0.56493844],3,3,"[0.6601234827680622, 0.6109507568947781]",1,-1
6803,[0.32747683 0.61254694],0,1,"[0.37965276877051146, 0.575157747726818]",1,-1
6804,[0.47295202 0.53513817],0,-1,-1,1,-1
6805,[0.51925949 0.52484057],0,-1,-1,1,-1
6806,[0.61791687 0.61050276],3,3,"[0.6601234827680622, 0.6109507568947781]",1,-1
6807,[0.33360548 0.25075357],1,-1,-1,0,0
6808,[0.7775555  0.62760427],2,0,"[0.7890750777399501, 0.6799557517006445]",1,-1
6809,[0.27303545 0.55400953],0,-1,-1,1,-1
6810,[0.79458853 0.73644071],2,0,"[0.7890750777399501, 0.6799557517006445]",1,-1
6811,[0.38026606 0.51938213],0,1,"[0.37965276877051146, 0.575157747726818]",1,-1
6812,[0.79845568 0.55706643],2,-1,-1,1,-1
6813,[0.63734044 0.619486  ],3,3,"[0.6601234827680622, 0.6109507568947781]",1,-1
6814,[0.74977263 0.69716836],2,0,"[0.7890750777399501, 0.6799557517006445]",1,-1
6815,[0.68770232 0.64773023],3,3,"[0.6601234827680622, 0.6109507568947781]",1,-1
6816,[0.22717073 0.17695726],1,2,"[0.294379027732062, 0.1921773781634303]",0,0
6817,[0.51260908 0.5735946 ],0,-1,-1,1,-1
6818,[0.81831987 0.68288178],2,0,"[0.7890750777399501, 0.6799557517006445]",1,-1
6819,[0.35168089 0.62747632],0,1,"[0.37965276877051146, 0.575157747726818]",1,-1
6820,[0.78384569 0.70898598],2,0,"[0.7890750777399501, 0.6799557517006445]",1,-1
6821,[0.69599592 0.6192118 ],3,3,"[0.6601234827680622, 0.6109507568947781]",1,-1
6822,[0.62754534 0.60954017],3,3,"[0.6601234827680622, 0.6109507568947781]",1,-1
6823,[0.72375093 0.60887537],2,3,"[0.6601234827680622, 0.6109507568947781]",1,-1
6824,[0.3543484  0.17046542],1,2,"[0.294379027732062, 0.1921773781634303]",0,0
6825,[0.55645788 0.62181727],3,-1,-1,1,-1
6826,[0.74122695 0.58390354],3,-1,-1,1,-1
6827,[0.66530255 0.6967826 ],3,-1,-1,1,-1
6828,[0.81862443 0.72657346],2,0,"[0.7890750777399501, 0.6799557517006445]",1,-1
6829,[0.77468998 0.65782922],2,0,"[0.7890750777399501, 0.6799557517006445]",1,-1
6830,[0.74758766 0.65186343],2,0,"[0.7890750777399501, 0.6799557517006445]",1,-1
6831,[0.84307221 0.71871198],2,0,"[0.7890750777399501, 0.6799557517006445]",1,-1
6832,[0.82448911 0.67977763],2,0,"[0.7890750777399501, 0.6799557517006445]",1,-1
6833,[0.63575869 0.68041684],3,-1,-1,1,-1
6834,[0.38895177 0.52611556],0,1,"[0.37965276877051146, 0.575157747726818]",1,-1
6835,[0.72684198 0.66729086],2,0,"[0.7890750777399501, 0.6799557517006445]",1,-1
6836,[0.30414779 0.22719276],1,2,"[0.294379027732062, 0.1921773781634303]",0,0
6837,[0.37665522 0.54894497],0,1,"[0.37965276877051146, 0.575157747726818]",1,-1
6838,[0.62008319 0.50293326],3,-1,-1,1,-1
6839,[0.38051548 0.62707998],0,1,"[0.37965276877051146, 0.575157747726818]",1,-1
6840,[0.32210681 0.22114541],1,2,"[0.294379027732062, 0.1921773781634303]",0,0
6841,[0.35858669 0.58516348],0,1,"[0.37965276877051146, 0.575157747726818]",1,-1
6842,[0.74434333 0.75303753],2,-1,-1,1,-1
6843,[0.69881456 0.62895697],3,3,"[0.6601234827680622, 0.6109507568947781]",1,-1
6844,[0.32384672 0.09752276],1,-1,-1,0,0
6845,[0.71684366 0.60477048],2,3,"[0.6601234827680622, 0.6109507568947781]",1,-1
6846,[0.64933187 0.59116815],3,3,"[0.6601234827680622, 0.6109507568947781]",1,-1
6847,[0.73281861 0.73835302],2,-1,-1,1,-1
6848,[0.30309857 0.21926028],1,2,"[0.294379027732062, 0.1921773781634303]",0,0
6849,[0.30902879 0.23796997],1,2,"[0.294379027732062, 0.1921773781634303]",0,0
6850,[0.35798243 0.53380031],0,1,"[0.37965276877051146, 0.575157747726818]",1,-1
6851,[0.80146682 0.61151495],2,0,"[0.7890750777399501, 0.6799557517006445]",1,-1
6852,[0.34178615 0.16438446],1,2,"[0.294379027732062, 0.1921773781634303]",0,0
6853,[0.61005563 0.54855189],3,-1,-1,1,-1
6854,[0.81822039 0.70286563],2,0,"[0.7890750777399501, 0.6799557517006445]",1,-1
6855,[0.79365484 0.62926249],2,0,"[0.7890750777399501, 0.6799557517006445]",1,-1
6856,[0.80495153 0.67763448],2,0,"[0.7890750777399501, 0.6799557517006445]",1,-1
6857,[0.46236191 0.58953568],0,-1,-1,1,-1
6858,[0.83173501 0.70485285],2,0,"[0.7890750777399501, 0.6799557517006445]",1,-1
6859,[0.26506623 0.12370213],1,-1,-1,0,0
6860,[0.2672349  0.14776502],1,2,"[0.294379027732062, 0.1921773781634303]",0,0
6861,[0.83060489 0.7260736 ],2,0,"[0.7890750777399501, 0.6799557517006445]",1,-1
6862,[0.76182248 0.84572461],2,-1,-1,1,-1
6863,[0.36649742 0.57769775],0,1,"[0.37965276877051146, 0.575157747726818]",1,-1
6864,[0.32307299 0.59025587],0,1,"[0.37965276877051146, 0.575157747726818]",1,-1
6865,[0.69110678 0.62194215],3,3,"[0.6601234827680622, 0.6109507568947781]",1,-1
6866,[0.70281595 0.59594363],2,3,"[0.6601234827680622, 0.6109507568947781]",1,-1
6867,[0.24002901 0.54220971],0,-1,-1,1,-1
6868,[0.22801542 0.31928234],1,-1,-1,0,0
6869,[0.80195239 0.77156383],2,-1,-1,1,-1
6870,[0.31129783 0.66316347],0,-1,-1,1,-1
6871,[0.26539962 0.17990756],1,2,"[0.294379027732062, 0.1921773781634303]",0,0
6872,[0.43602713 0.59869533],0,1,"[0.37965276877051146, 0.575157747726818]",1,-1
6873,[0.3281516  0.11006039],1,-1,-1,0,0
6874,[0.75038237 0.60989151],3,-1,-1,1,-1
6875,[0.28678528 0.15878347],1,2,"[0.294379027732062, 0.1921773781634303]",0,0
6876,[0.60326488 0.68486503],3,-1,-1,1,-1
6877,[0.3304803  0.14158302],1,2,"[0.294379027732062, 0.1921773781634303]",0,0
6878,[0.25010777 0.18748913],1,2,"[0.294379027732062, 0.1921773781634303]",0,0
6879,[0.43799426 0.65537097],0,-1,-1,1,-1
6880,[0.69796743 0.5555016 ],3,3,"[0.6601234827680622, 0.6109507568947781]",1,-1
6881,[0.31153688 0.2193818 ],1,2,"[0.294379027732062, 0.1921773781634303]",0,0
6882,[0.29425156 0.20407501],1,2,"[0.294379027732062, 0.1921773781634303]",0,0
6883,[0.68514451 0.60220782],3,3,"[0.6601234827680622, 0.6109507568947781]",1,5
6884,[0.64386416 0.55054062],3,3,"[0.6601234827680622, 0.6109507568947781]",1,-1
6885,[0.84310291 0.67480802],2,0,"[0.7890750777399501, 0.6799557517006445]",1,-1
6886,[0.77603782 0.66585348],2,0,"[0.7890750777399501, 0.6799557517006445]",1,-1
6887,[0.38099953 0.55085488],0,1,"[0.37965276877051146, 0.575157747726818]",1,-1
6888,[0.44134533 0.52445634],0,-1,-1,1,-1
6889,[0.7341987  0.70582978],2,0,"[0.7890750777399501, 0.6799557517006445]",1,-1
6890,[0.62766573 0.65426385],3,3,"[0.6601234827680622, 0.6109507568947781]",1,-1
6891,[0.27487966 0.56769818],0,-1,-1,1,-1
6892,[0.39691512 0.54516306],0,1,"[0.37965276877051146, 0.575157747726818]",1,-1
6893,[0.56706066 0.59548792],3,-1,-1,1,-1
6894,[0.65642963 0.53102174],3,-1,-1,1,-1
6895,[0.89195316 0.70559955],2,-1,-1,1,-1
6896,[0.78033245 0.66351346],2,0,"[0.7890750777399501, 0.6799557517006445]",1,-1
6897,[0.72176631 0.68953138],2,0,"[0.7890750777399501, 0.6799557517006445]",1,-1
6898,[0.69745511 0.60226057],3,3,"[0.6601234827680622, 0.6109507568947781]",1,-1
6899,[0.44705847 0.47786911],0,-1,-1,1,-1
6900,[0.41824725 0.49904224],0,-1,-1,1,-1
6901,[0.86024749 0.66376074],2,-1,-1,1,-1
6902,[0.830241   0.69877962],2,0,"[0.7890750777399501, 0.6799557517006445]",1,-1
6903,[0.85518217 0.67584376],2,0,"[0.7890750777399501, 0.6799557517006445]",1,-1
6904,[0.63810307 0.67044045],3,3,"[0.6601234827680622, 0.6109507568947781]",1,-1
6905,[0.7102209  0.59149238],2,3,"[0.6601234827680622, 0.6109507568947781]",1,-1
6906,[0.80550737 0.6303805 ],2,0,"[0.7890750777399501, 0.6799557517006445]",1,-1
6907,[0.7898697  0.75376297],2,-1,-1,1,-1
6908,[0.2605044  0.15684263],1,2,"[0.294379027732062, 0.1921773781634303]",0,0
6909,[0.42838045 0.54149194],0,1,"[0.37965276877051146, 0.575157747726818]",1,-1
6910,[0.73182591 0.701194  ],2,0,"[0.7890750777399501, 0.6799557517006445]",1,-1
6911,[0.67194751 0.56043712],3,3,"[0.6601234827680622, 0.6109507568947781]",1,-1
6912,[0.76215349 0.73775889],2,0,"[0.7890750777399501, 0.6799557517006445]",1,-1
6913,[0.61003666 0.63958122],3,3,"[0.6601234827680622, 0.6109507568947781]",1,-1
6914,[0.70768582 0.50027797],3,-1,-1,1,-1
6915,[0.2911959  0.13512603],1,2,"[0.294379027732062, 0.1921773781634303]",0,0
6916,[0.81681903 0.55457729],2,-1,-1,1,-1
6917,[0.63035877 0.65913104],3,3,"[0.6601234827680622, 0.6109507568947781]",1,-1
6918,[0.3984102  0.58920248],0,1,"[0.37965276877051146, 0.575157747726818]",1,-1
6919,[0.71708692 0.71747226],2,-1,-1,1,-1
6920,[0.68718342 0.59341481],3,3,"[0.6601234827680622, 0.6109507568947781]",1,-1
6921,[0.6188297  0.71951918],3,-1,-1,1,-1
6922,[0.39833767 0.13748875],1,-1,-1,0,0
6923,[0.62520468 0.59977517],3,3,"[0.6601234827680622, 0.6109507568947781]",1,-1
6924,[0.75162102 0.71236621],2,0,"[0.7890750777399501, 0.6799557517006445]",1,-1
6925,[0.34218935 0.22973529],1,2,"[0.294379027732062, 0.1921773781634303]",0,0
6926,[0.60304912 0.59842904],3,3,"[0.6601234827680622, 0.6109507568947781]",1,-1
6927,[0.67106584 0.6996773 ],2,-1,-1,1,-1
6928,[0.79445873 0.65496693],2,0,"[0.7890750777399501, 0.6799557517006445]",1,-1
6929,[0.85286893 0.6788807 ],2,0,"[0.7890750777399501, 0.6799557517006445]",1,-1
6930,[0.70995826 0.65322548],3,3,"[0.6601234827680622, 0.6109507568947781]",1,-1
6931,[0.82530527 0.69707422],2,0,"[0.7890750777399501, 0.6799557517006445]",1,-1
6932,[0.4113584  0.55215368],0,1,"[0.37965276877051146, 0.575157747726818]",1,-1
6933,[0.31697939 0.24344319],1,2,"[0.294379027732062, 0.1921773781634303]",0,0
6934,[0.29032169 0.49454876],0,-1,-1,1,-1
6935,[0.45864677 0.59120472],0,-1,-1,1,-1
6936,[0.28753859 0.21449568],1,2,"[0.294379027732062, 0.1921773781634303]",0,0
6937,[0.46558878 0.54262296],0,-1,-1,1,-1
6938,[0.28764627 0.16856679],1,2,"[0.294379027732062, 0.1921773781634303]",0,0
6939,[0.79169344 0.65994224],2,0,"[0.7890750777399501, 0.6799557517006445]",1,-1
6940,[0.31429259 0.24172373],1,2,"[0.294379027732062, 0.1921773781634303]",0,0
6941,[0.30316544 0.56577953],0,-1,-1,1,-1
6942,[0.5585343  0.63300363],3,-1,-1,1,-1
6943,[0.72229023 0.67879747],2,0,"[0.7890750777399501, 0.6799557517006445]",1,-1
6944,[0.36101036 0.59376131],0,1,"[0.37965276877051146, 0.575157747726818]",1,-1
6945,[0.7473335  0.63908146],2,0,"[0.7890750777399501, 0.6799557517006445]",1,-1
6946,[0.78857012 0.78792406],2,-1,-1,1,-1
6947,[0.7363695  0.68652783],2,0,"[0.7890750777399501, 0.6799557517006445]",1,-1
6948,[0.27099328 0.23746193],1,2,"[0.294379027732062, 0.1921773781634303]",0,0
6949,[0.23994119 0.17871965],1,2,"[0.294379027732062, 0.1921773781634303]",0,0
6950,[0.35177637 0.67255963],0,-1,-1,1,-1
6951,[0.5987576  0.59723768],3,3,"[0.6601234827680622, 0.6109507568947781]",1,-1
6952,[0.4842581  0.57639116],0,-1,-1,1,-1
6953,[0.61775727 0.61838975],3,3,"[0.6601234827680622, 0.6109507568947781]",1,-1
6954,[0.6819584  0.66093036],3,3,"[0.6601234827680622, 0.6109507568947781]",1,-1
6955,[0.28969072 0.64493341],0,-1,-1,1,-1
6956,[0.66421512 0.62644856],3,3,"[0.6601234827680622, 0.6109507568947781]",1,7
6957,[0.82947744 0.75071427],2,-1,-1,1,-1
6958,[0.85538472 0.70875464],2,-1,-1,1,-1
6959,[0.80317637 0.6424389 ],2,0,"[0.7890750777399501, 0.6799557517006445]",1,-1
6960,[0.69336306 0.65546915],3,3,"[0.6601234827680622, 0.6109507568947781]",1,-1
6961,[0.61509636 0.65812001],3,3,"[0.6601234827680622, 0.6109507568947781]",1,-1
6962,[0.36493223 0.49825533],0,-1,-1,1,-1
6963,[0.86830801 0.65968039],2,-1,-1,1,-1
6964,[0.22602869 0.25680886],1,-1,-1,0,0
6965,[0.2586633  0.56227591],0,-1,-1,1,-1
6966,[0.35621269 0.59611965],0,1,"[0.37965276877051146, 0.575157747726818]",1,-1
6967,[0.27530364 0.14101689],1,2,"[0.294379027732062, 0.1921773781634303]",0,0
6968,[0.26647088 0.18654705],1,2,"[0.294379027732062, 0.1921773781634303]",0,0
6969,[0.35009942 0.44226299],0,-1,-1,1,-1
6970,[0.3254934  0.11295446],1,-1,-1,0,0
6971,[0.28948489 0.17889681],1,2,"[0.294379027732062, 0.1921773781634303]",0,0
6972,[0.85844385 0.75322137],2,-1,-1,1,-1
6973,[0.42192941 0.52361449],0,1,"[0.37965276877051146, 0.575157747726818]",1,-1
6974,[0.27123422 0.21019419],1,2,"[0.294379027732062, 0.1921773781634303]",0,0
6975,[0.66331473 0.57049923],3,3,"[0.6601234827680622, 0.6109507568947781]",1,-1
6976,[0.64968529 0.64826935],3,3,"[0.6601234827680622, 0.6109507568947781]",1,-1
6977,[0.4786102  0.56715366],0,-1,-1,1,-1
6978,[0.25722215 0.21563655],1,2,"[0.294379027732062, 0.1921773781634303]",0,0
6979,[0.33141404 0.5973912 ],0,1,"[0.37965276877051146, 0.575157747726818]",1,-1
6980,[0.3713063  0.17023798],1,-1,-1,0,0
6981,[0.72249603 0.68115047],3,0,"[0.7890750777399501, 0.6799557517006445]",1,-1
6982,[0.79318145 0.60130844],2,-1,-1,1,-1
6983,[0.82535808 0.62818748],2,0,"[0.7890750777399501, 0.6799557517006445]",1,-1
6984,[0.32175119 0.16756699],1,2,"[0.294379027732062, 0.1921773781634303]",0,0
6985,[0.35207515 0.51087389],0,1,"[0.37965276877051146, 0.575157747726818]",1,-1
6986,[0.36662678 0.56401959],0,1,"[0.37965276877051146, 0.575157747726818]",1,-1
6987,[0.32597086 0.22095945],1,2,"[0.294379027732062, 0.1921773781634303]",0,0
6988,[0.32833899 0.58768898],0,1,"[0.37965276877051146, 0.575157747726818]",1,-1
6989,[0.29461341 0.22277995],1,2,"[0.294379027732062, 0.1921773781634303]",0,0
6990,[0.66167913 0.63549517],3,3,"[0.6601234827680622, 0.6109507568947781]",1,-1
6991,[0.68333399 0.60109783],3,3,"[0.6601234827680622, 0.6109507568947781]",1,5
6992,[0.43942487 0.57543226],0,1,"[0.37965276877051146, 0.575157747726818]",1,-1
6993,[0.6937734  0.59442749],3,3,"[0.6601234827680622, 0.6109507568947781]",1,-1
6994,[0.37494163 0.54408166],0,1,"[0.37965276877051146, 0.575157747726818]",1,-1
6995,[0.64401054 0.70786903],3,-1,-1,1,-1
6996,[0.86083654 0.69321014],2,-1,-1,1,-1
6997,[0.7632873  0.68359977],2,0,"[0.7890750777399501, 0.6799557517006445]",1,-1
6998,[0.31348558 0.23627252],1,2,"[0.294379027732062, 0.1921773781634303]",0,0
6999,[0.3070596  0.28137089],1,-1,-1,0,0
7000,[0.22742756 0.11261081],1,-1,-1,0,0
7001,[0.63758682 0.62099035],3,3,"[0.6601234827680622, 0.6109507568947781]",1,-1
7002,[0.60301795 0.65366893],3,-1,-1,1,-1
7003,[0.79310356 0.67616308],2,0,"[0.7890750777399501, 0.6799557517006445]",1,4
7004,[0.33787879 0.28199007],1,-1,-1,0,0
7005,[0.24301319 0.5768683 ],0,-1,-1,1,-1
7006,[0.22947757 0.2698412 ],1,-1,-1,0,0
7007,[0.70991598 0.59307811],3,3,"[0.6601234827680622, 0.6109507568947781]",1,-1
7008,[0.64685252 0.60113796],3,3,"[0.6601234827680622, 0.6109507568947781]",1,-1
7009,[0.76262577 0.75325098],2,-1,-1,1,-1
7010,[0.20510748 0.15850153],1,-1,-1,0,0
7011,[0.23173331 0.1974334 ],1,2,"[0.294379027732062, 0.1921773781634303]",0,0
7012,[0.7498082  0.71732055],2,0,"[0.7890750777399501, 0.6799557517006445]",1,-1
7013,[0.37500649 0.12746798],1,-1,-1,0,0
7014,[0.36528256 0.50502745],0,-1,-1,1,-1
7015,[0.38558201 0.55414633],0,1,"[0.37965276877051146, 0.575157747726818]",1,-1
7016,[0.33410513 0.61931774],0,1,"[0.37965276877051146, 0.575157747726818]",1,-1
7017,[0.40637212 0.55123772],0,1,"[0.37965276877051146, 0.575157747726818]",1,-1
7018,[0.63167556 0.63021515],3,3,"[0.6601234827680622, 0.6109507568947781]",1,-1
7019,[0.48923639 0.57165462],0,-1,-1,1,-1
7020,[0.80230842 0.69199656],2,0,"[0.7890750777399501, 0.6799557517006445]",1,-1
7021,[0.72080563 0.53120878],3,-1,-1,1,-1
7022,[0.41023039 0.52986228],0,1,"[0.37965276877051146, 0.575157747726818]",1,-1
7023,[0.41960405 0.44969232],0,-1,-1,1,-1
7024,[0.39173103 0.623342  ],0,1,"[0.37965276877051146, 0.575157747726818]",1,-1
7025,[0.40649497 0.64799001],0,-1,-1,1,-1
7026,[0.3857356  0.48415878],0,-1,-1,1,-1
7027,[0.35897458 0.59947904],0,1,"[0.37965276877051146, 0.575157747726818]",1,-1
7028,[0.56627075 0.6108353 ],3,-1,-1,1,-1
7029,[0.26373014 0.20870959],1,2,"[0.294379027732062, 0.1921773781634303]",0,0
7030,[0.23295046 0.22521437],1,2,"[0.294379027732062, 0.1921773781634303]",0,0
7031,[0.89745799 0.65536989],2,-1,-1,1,-1
7032,[0.32817212 0.23993901],1,2,"[0.294379027732062, 0.1921773781634303]",0,0
7033,[0.65202019 0.66211721],3,3,"[0.6601234827680622, 0.6109507568947781]",1,-1
7034,[0.82870359 0.75116347],2,-1,-1,1,-1
7035,[0.18780486 0.19612346],1,-1,-1,0,0
7036,[0.34501842 0.61638298],0,1,"[0.37965276877051146, 0.575157747726818]",1,-1
7037,[0.42168366 0.61368302],0,1,"[0.37965276877051146, 0.575157747726818]",1,-1
7038,[0.28315066 0.21894887],1,2,"[0.294379027732062, 0.1921773781634303]",0,0
7039,[0.65152932 0.63335534],3,3,"[0.6601234827680622, 0.6109507568947781]",1,-1
7040,[0.36502846 0.61946179],0,1,"[0.37965276877051146, 0.575157747726818]",1,-1
7041,[0.87955627 0.68935141],2,-1,-1,1,-1
7042,[0.32107199 0.25510731],1,2,"[0.294379027732062, 0.1921773781634303]",0,0
7043,[0.73734222 0.70643392],2,0,"[0.7890750777399501, 0.6799557517006445]",1,-1
7044,[0.42840869 0.62032092],0,1,"[0.37965276877051146, 0.575157747726818]",1,-1
7045,[0.37403733 0.53451889],0,1,"[0.37965276877051146, 0.575157747726818]",1,-1
7046,[0.754028   0.70644804],2,0,"[0.7890750777399501, 0.6799557517006445]",1,-1
7047,[0.76036673 0.75150525],2,-1,-1,1,-1
7048,[0.19532024 0.18754817],1,-1,-1,0,0
7049,[0.70353951 0.70482291],3,-1,-1,1,-1
7050,[0.33153466 0.18333105],1,2,"[0.294379027732062, 0.1921773781634303]",0,0
7051,[0.78363451 0.63627761],2,0,"[0.7890750777399501, 0.6799557517006445]",1,-1
7052,[0.27861781 0.58980449],0,-1,-1,1,-1
7053,[0.40435651 0.60633295],0,1,"[0.37965276877051146, 0.575157747726818]",1,-1
7054,[0.78553992 0.62581238],2,0,"[0.7890750777399501, 0.6799557517006445]",1,-1
7055,[0.28568724 0.17334922],1,2,"[0.294379027732062, 0.1921773781634303]",0,0
7056,[0.67724975 0.68724369],3,-1,-1,1,-1
7057,[0.62825749 0.50841533],3,-1,-1,1,-1
7058,[0.37764211 0.52722517],0,1,"[0.37965276877051146, 0.575157747726818]",1,-1
7059,[0.84513323 0.69656153],2,0,"[0.7890750777399501, 0.6799557517006445]",1,-1
7060,[0.29332284 0.57839732],0,-1,-1,1,-1
7061,[0.87345059 0.72285484],2,-1,-1,1,-1
7062,[0.34496526 0.21628144],1,2,"[0.294379027732062, 0.1921773781634303]",0,0
7063,[0.22879982 0.22164492],1,-1,-1,0,0
7064,[0.30868623 0.24928663],1,2,"[0.294379027732062, 0.1921773781634303]",0,0
7065,[0.57634527 0.47875553],3,-1,-1,1,-1
7066,[0.68213355 0.55765268],3,3,"[0.6601234827680622, 0.6109507568947781]",1,-1
7067,[0.27672292 0.2073558 ],1,2,"[0.294379027732062, 0.1921773781634303]",0,0
7068,[0.59307549 0.57867418],3,-1,-1,1,-1
7069,[0.82398113 0.61223228],2,-1,-1,1,-1
7070,[0.29851502 0.62885793],0,-1,-1,1,-1
7071,[0.34550511 0.58207836],0,1,"[0.37965276877051146, 0.575157747726818]",1,-1
7072,[0.29444854 0.18488259],1,2,"[0.294379027732062, 0.1921773781634303]",0,0
7073,[0.77465546 0.60860859],2,-1,-1,1,-1
7074,[0.77002615 0.71539742],2,0,"[0.7890750777399501, 0.6799557517006445]",1,-1
7075,[0.6908289  0.52619378],3,-1,-1,1,-1
7076,[0.71574116 0.70952392],2,-1,-1,1,-1
7077,[0.68641313 0.66078047],3,3,"[0.6601234827680622, 0.6109507568947781]",1,-1
7078,[0.59878374 0.57564437],3,-1,-1,1,-1
7079,[0.65722329 0.67251575],3,3,"[0.6601234827680622, 0.6109507568947781]",1,-1
7080,[0.1904088  0.17597694],1,-1,-1,0,0
7081,[0.7539435  0.68552825],3,0,"[0.7890750777399501, 0.6799557517006445]",1,-1
7082,[0.31065146 0.21081996],1,2,"[0.294379027732062, 0.1921773781634303]",0,0
7083,[0.43560387 0.52267884],0,-1,-1,1,-1
7084,[0.3854266  0.51142138],0,1,"[0.37965276877051146, 0.575157747726818]",1,-1
7085,[0.28728496 0.22571193],1,2,"[0.294379027732062, 0.1921773781634303]",0,0
7086,[0.70225532 0.73967628],2,-1,-1,1,-1
7087,[0.4081331  0.56481037],0,1,"[0.37965276877051146, 0.575157747726818]",1,-1
7088,[0.78415281 0.61738557],2,0,"[0.7890750777399501, 0.6799557517006445]",1,-1
7089,[0.29581034 0.21764769],1,2,"[0.294379027732062, 0.1921773781634303]",0,0
7090,[0.67023743 0.66146322],2,3,"[0.6601234827680622, 0.6109507568947781]",1,-1
7091,[0.41324461 0.56480897],0,1,"[0.37965276877051146, 0.575157747726818]",1,-1
7092,[0.27455126 0.23978762],1,2,"[0.294379027732062, 0.1921773781634303]",0,0
7093,[0.41375446 0.47054363],0,-1,-1,1,-1
7094,[0.77495404 0.67007224],3,0,"[0.7890750777399501, 0.6799557517006445]",1,3
7095,[0.64714043 0.53839729],3,-1,-1,1,-1
7096,[0.76694068 0.65071372],2,0,"[0.7890750777399501, 0.6799557517006445]",1,-1
7097,[0.65546698 0.63961092],3,3,"[0.6601234827680622, 0.6109507568947781]",1,-1
7098,[0.28226547 0.12599911],1,2,"[0.294379027732062, 0.1921773781634303]",0,0
7099,[0.33371326 0.19969347],1,2,"[0.294379027732062, 0.1921773781634303]",0,0
7100,[0.43105318 0.58159255],0,1,"[0.37965276877051146, 0.575157747726818]",1,-1
7101,[0.75359004 0.64536923],2,0,"[0.7890750777399501, 0.6799557517006445]",1,-1
7102,[0.6919384  0.60273212],3,3,"[0.6601234827680622, 0.6109507568947781]",1,-1
7103,[0.82745155 0.64094006],2,0,"[0.7890750777399501, 0.6799557517006445]",1,-1
7104,[0.8117433  0.75599269],2,-1,-1,1,-1
7105,[0.32858031 0.19957758],1,2,"[0.294379027732062, 0.1921773781634303]",0,0
7106,[0.8336692  0.70723582],2,0,"[0.7890750777399501, 0.6799557517006445]",1,-1
7107,[0.70601146 0.54791417],3,-1,-1,1,-1
7108,[0.35892986 0.63342002],0,1,"[0.37965276877051146, 0.575157747726818]",1,-1
7109,[0.23922249 0.1653288 ],1,2,"[0.294379027732062, 0.1921773781634303]",0,0
7110,[0.76000917 0.64588337],2,0,"[0.7890750777399501, 0.6799557517006445]",1,-1
7111,[0.72211563 0.56000449],3,-1,-1,1,-1
7112,[0.72560125 0.65325058],3,0,"[0.7890750777399501, 0.6799557517006445]",1,-1
7113,[0.41076891 0.53925245],0,1,"[0.37965276877051146, 0.575157747726818]",1,-1
7114,[0.24693505 0.25595252],1,-1,-1,0,0
7115,[0.39015989 0.57483931],0,1,"[0.37965276877051146, 0.575157747726818]",1,-1
7116,[0.64470284 0.65682448],3,3,"[0.6601234827680622, 0.6109507568947781]",1,-1
7117,[0.31808611 0.6363189 ],0,-1,-1,1,-1
7118,[0.30710847 0.17035826],1,2,"[0.294379027732062, 0.1921773781634303]",0,0
7119,[0.27545745 0.24582352],1,2,"[0.294379027732062, 0.1921773781634303]",0,0
7120,[0.78832453 0.79321921],2,-1,-1,1,-1
7121,[0.71382117 0.62667378],2,3,"[0.6601234827680622, 0.6109507568947781]",1,-1
7122,[0.75444161 0.69069313],2,0,"[0.7890750777399501, 0.6799557517006445]",1,-1
7123,[0.31558792 0.22350214],1,2,"[0.294379027732062, 0.1921773781634303]",0,0
7124,[0.65666828 0.68119968],3,-1,-1,1,-1
7125,[0.67749273 0.65845299],3,3,"[0.6601234827680622, 0.6109507568947781]",1,-1
7126,[0.85512478 0.66184782],2,0,"[0.7890750777399501, 0.6799557517006445]",1,-1
7127,[0.75342244 0.66101235],2,0,"[0.7890750777399501, 0.6799557517006445]",1,3
7128,[0.83915315 0.57209712],2,-1,-1,1,-1
7129,[0.36276965 0.58531579],0,1,"[0.37965276877051146, 0.575157747726818]",1,-1
7130,[0.27335636 0.12356291],1,-1,-1,0,0
7131,[0.80146054 0.63717296],2,0,"[0.7890750777399501, 0.6799557517006445]",1,-1
7132,[0.3153992  0.59143304],0,1,"[0.37965276877051146, 0.575157747726818]",1,-1
7133,[0.25599182 0.48967352],0,-1,-1,1,-1
7134,[0.40984475 0.65776316],0,-1,-1,1,-1
7135,[0.75093264 0.71927901],2,0,"[0.7890750777399501, 0.6799557517006445]",1,-1
7136,[0.39136483 0.49592177],0,-1,-1,1,-1
7137,[0.28007974 0.182471  ],1,2,"[0.294379027732062, 0.1921773781634303]",0,0
7138,[0.81147235 0.6580908 ],2,0,"[0.7890750777399501, 0.6799557517006445]",1,-1
7139,[0.2682253  0.14305549],1,2,"[0.294379027732062, 0.1921773781634303]",0,0
7140,[0.77030101 0.58462771],2,-1,-1,1,-1
7141,[0.2229313  0.12114021],1,-1,-1,0,0
7142,[0.44950313 0.51487363],0,-1,-1,1,-1
7143,[0.65913413 0.62552829],3,3,"[0.6601234827680622, 0.6109507568947781]",1,-1
7144,[0.8817164  0.60926118],2,-1,-1,1,-1
7145,[0.67109622 0.68272132],3,-1,-1,1,-1
7146,[0.33022176 0.63763666],0,-1,-1,1,-1
7147,[0.63405189 0.65943242],3,3,"[0.6601234827680622, 0.6109507568947781]",1,-1
7148,[0.3906092  0.62470385],0,1,"[0.37965276877051146, 0.575157747726818]",1,-1
7149,[0.30665738 0.55721527],0,-1,-1,1,-1
7150,[0.74389486 0.64085045],2,0,"[0.7890750777399501, 0.6799557517006445]",1,-1
7151,[0.2954427 0.1634825],1,2,"[0.294379027732062, 0.1921773781634303]",0,0
7152,[0.73841934 0.66501858],3,0,"[0.7890750777399501, 0.6799557517006445]",1,-1
7153,[0.38670171 0.60414041],0,1,"[0.37965276877051146, 0.575157747726818]",1,-1
7154,[0.36334239 0.55493768],0,1,"[0.37965276877051146, 0.575157747726818]",1,-1
7155,[0.67447735 0.62391868],3,3,"[0.6601234827680622, 0.6109507568947781]",1,-1
7156,[0.27715544 0.21950063],1,2,"[0.294379027732062, 0.1921773781634303]",0,0
7157,[0.40007901 0.59065968],0,1,"[0.37965276877051146, 0.575157747726818]",1,-1
7158,[0.26895404 0.17078301],1,2,"[0.294379027732062, 0.1921773781634303]",0,0
7159,[0.4283387  0.59378007],0,1,"[0.37965276877051146, 0.575157747726818]",1,-1
7160,[0.63591856 0.68388426],3,-1,-1,1,-1
7161,[0.66222328 0.59138774],3,3,"[0.6601234827680622, 0.6109507568947781]",1,-1
7162,[0.30762542 0.18929848],1,2,"[0.294379027732062, 0.1921773781634303]",0,0
7163,[0.62314772 0.65816492],3,3,"[0.6601234827680622, 0.6109507568947781]",1,-1
7164,[0.20396102 0.27783738],1,-1,-1,0,0
7165,[0.44279676 0.55749822],0,1,"[0.37965276877051146, 0.575157747726818]",1,-1
7166,[0.46565263 0.57272454],0,-1,-1,1,-1
7167,[0.76853016 0.66867964],2,0,"[0.7890750777399501, 0.6799557517006445]",1,-1
7168,[0.71911637 0.54996546],3,-1,-1,1,-1
7169,[0.39029837 0.49993425],0,-1,-1,1,-1
7170,[0.42547488 0.62339514],0,1,"[0.37965276877051146, 0.575157747726818]",1,-1
7171,[0.7406613  0.60114988],2,-1,-1,1,-1
7172,[0.6521744  0.61793167],3,3,"[0.6601234827680622, 0.6109507568947781]",1,-1
7173,[0.76809071 0.68072766],2,0,"[0.7890750777399501, 0.6799557517006445]",1,4
7174,[0.25360475 0.21579282],1,2,"[0.294379027732062, 0.1921773781634303]",0,0
7175,[0.3473764 0.1823137],1,2,"[0.294379027732062, 0.1921773781634303]",0,0
7176,[0.61402075 0.64195588],3,3,"[0.6601234827680622, 0.6109507568947781]",1,-1
7177,[0.28727094 0.19386574],1,2,"[0.294379027732062, 0.1921773781634303]",0,0
7178,[0.69936776 0.58927384],3,3,"[0.6601234827680622, 0.6109507568947781]",1,-1
7179,[0.66136761 0.59602371],3,3,"[0.6601234827680622, 0.6109507568947781]",1,6
7180,[0.25890366 0.2872818 ],1,-1,-1,0,0
7181,[0.68760587 0.61048324],3,3,"[0.6601234827680622, 0.6109507568947781]",1,5
7182,[0.68464603 0.66744131],3,3,"[0.6601234827680622, 0.6109507568947781]",1,-1
7183,[0.28785257 0.21960744],1,2,"[0.294379027732062, 0.1921773781634303]",0,0
7184,[0.85969522 0.70311699],2,-1,-1,1,-1
7185,[0.80555475 0.67238512],2,0,"[0.7890750777399501, 0.6799557517006445]",1,4
7186,[0.26001629 0.20610695],1,2,"[0.294379027732062, 0.1921773781634303]",0,0
7187,[0.31181064 0.17444135],1,2,"[0.294379027732062, 0.1921773781634303]",0,0
7188,[0.37395616 0.59188118],0,1,"[0.37965276877051146, 0.575157747726818]",1,-1
7189,[0.4192561  0.60325843],0,1,"[0.37965276877051146, 0.575157747726818]",1,-1
7190,[0.64868488 0.64780669],3,3,"[0.6601234827680622, 0.6109507568947781]",1,-1
7191,[0.4217587  0.61658501],0,1,"[0.37965276877051146, 0.575157747726818]",1,-1
7192,[0.77243486 0.74340817],2,0,"[0.7890750777399501, 0.6799557517006445]",1,-1
7193,[0.68746978 0.58538026],3,3,"[0.6601234827680622, 0.6109507568947781]",1,-1
7194,[0.80342495 0.67974155],2,0,"[0.7890750777399501, 0.6799557517006445]",1,-1
7195,[0.31753929 0.25217426],1,2,"[0.294379027732062, 0.1921773781634303]",0,0
7196,[0.29200591 0.15687808],1,2,"[0.294379027732062, 0.1921773781634303]",0,0
7197,[0.27728298 0.28466282],1,-1,-1,0,0
7198,[0.87628145 0.57299871],2,-1,-1,1,-1
7199,[0.75332365 0.70162195],2,0,"[0.7890750777399501, 0.6799557517006445]",1,-1
7200,[0.34289719 0.16197916],1,2,"[0.294379027732062, 0.1921773781634303]",0,0
7201,[0.59086499 0.57900172],3,-1,-1,1,-1
7202,[0.34721918 0.50420327],0,-1,-1,1,-1
7203,[0.33691039 0.26161767],1,-1,-1,0,0
7204,[0.30120943 0.14304427],1,2,"[0.294379027732062, 0.1921773781634303]",0,0
7205,[0.69716185 0.55218168],3,3,"[0.6601234827680622, 0.6109507568947781]",1,-1
7206,[0.7088082  0.62366812],3,3,"[0.6601234827680622, 0.6109507568947781]",1,-1
7207,[0.29490141 0.19354115],1,2,"[0.294379027732062, 0.1921773781634303]",0,0
7208,[0.27733854 0.17497567],1,2,"[0.294379027732062, 0.1921773781634303]",0,0
7209,[0.2803445  0.23527683],1,2,"[0.294379027732062, 0.1921773781634303]",0,0
7210,[0.74991959 0.6537077 ],2,0,"[0.7890750777399501, 0.6799557517006445]",1,-1
7211,[0.38290644 0.52378347],0,1,"[0.37965276877051146, 0.575157747726818]",1,-1
7212,[0.85488013 0.72481029],2,-1,-1,1,-1
7213,[0.64331762 0.57682336],3,3,"[0.6601234827680622, 0.6109507568947781]",1,-1
7214,[0.69079035 0.55412434],3,3,"[0.6601234827680622, 0.6109507568947781]",1,-1
7215,[0.31192138 0.63147682],0,-1,-1,1,-1
7216,[0.71341428 0.64923312],2,3,"[0.6601234827680622, 0.6109507568947781]",1,-1
7217,[0.64741676 0.63376021],3,3,"[0.6601234827680622, 0.6109507568947781]",1,-1
7218,[0.36422379 0.68253593],0,-1,-1,1,-1
7219,[0.4384474  0.55371321],0,1,"[0.37965276877051146, 0.575157747726818]",1,-1
7220,[0.32597246 0.13831969],1,2,"[0.294379027732062, 0.1921773781634303]",0,0
7221,[0.33351398 0.58158738],0,1,"[0.37965276877051146, 0.575157747726818]",1,-1
7222,[0.42286205 0.47328779],0,-1,-1,1,-1
7223,[0.68951557 0.60849084],2,3,"[0.6601234827680622, 0.6109507568947781]",1,-1
7224,[0.77336149 0.73973918],2,0,"[0.7890750777399501, 0.6799557517006445]",1,-1
7225,[0.82206455 0.63276954],2,0,"[0.7890750777399501, 0.6799557517006445]",1,-1
7226,[0.59982257 0.5894222 ],3,3,"[0.6601234827680622, 0.6109507568947781]",1,-1
7227,[0.73984931 0.68116985],2,0,"[0.7890750777399501, 0.6799557517006445]",1,-1
7228,[0.80252634 0.67023058],2,0,"[0.7890750777399501, 0.6799557517006445]",1,4
7229,[0.74237942 0.56975391],2,-1,-1,1,-1
7230,[0.72195949 0.63542374],3,3,"[0.6601234827680622, 0.6109507568947781]",1,-1
7231,[0.72542616 0.68324555],2,0,"[0.7890750777399501, 0.6799557517006445]",1,-1
7232,[0.33906702 0.30144615],1,-1,-1,0,0
7233,[0.37452416 0.56318745],0,1,"[0.37965276877051146, 0.575157747726818]",1,1
7234,[0.35833328 0.63730803],0,1,"[0.37965276877051146, 0.575157747726818]",1,-1
7235,[0.3268872  0.21438596],1,2,"[0.294379027732062, 0.1921773781634303]",0,0
7236,[0.26549454 0.17769123],1,2,"[0.294379027732062, 0.1921773781634303]",0,0
7237,[0.7839048  0.62906688],2,0,"[0.7890750777399501, 0.6799557517006445]",1,-1
7238,[0.42064753 0.60370499],0,1,"[0.37965276877051146, 0.575157747726818]",1,-1
7239,[0.62257272 0.60208185],3,3,"[0.6601234827680622, 0.6109507568947781]",1,-1
7240,[0.33493291 0.14032557],1,2,"[0.294379027732062, 0.1921773781634303]",0,0
7241,[0.81831564 0.78142612],2,-1,-1,1,-1
7242,[0.72920009 0.70688925],2,0,"[0.7890750777399501, 0.6799557517006445]",1,-1
7243,[0.38621878 0.58301004],0,1,"[0.37965276877051146, 0.575157747726818]",1,-1
7244,[0.67990213 0.58019253],3,3,"[0.6601234827680622, 0.6109507568947781]",1,-1
7245,[0.66958576 0.52394403],3,-1,-1,1,-1
7246,[0.4504     0.59934828],0,-1,-1,1,-1
7247,[0.75178993 0.56970606],3,-1,-1,1,-1
7248,[0.70753784 0.56086518],3,3,"[0.6601234827680622, 0.6109507568947781]",1,-1
7249,[0.31544863 0.6266112 ],0,-1,-1,1,-1
7250,[0.24963727 0.12197704],1,-1,-1,0,0
7251,[0.80884482 0.73519845],2,0,"[0.7890750777399501, 0.6799557517006445]",1,-1
7252,[0.46716151 0.57160796],0,-1,-1,1,-1
7253,[0.40384447 0.5581478 ],0,1,"[0.37965276877051146, 0.575157747726818]",1,-1
7254,[0.69113151 0.56728241],3,3,"[0.6601234827680622, 0.6109507568947781]",1,-1
7255,[0.60063156 0.56847583],3,-1,-1,1,-1
7256,[0.2334669  0.22997468],1,-1,-1,0,0
7257,[0.6604483  0.59869076],3,3,"[0.6601234827680622, 0.6109507568947781]",1,6
7258,[0.68416516 0.68641221],3,-1,-1,1,-1
7259,[0.8076982 0.690014 ],2,0,"[0.7890750777399501, 0.6799557517006445]",1,-1
7260,[0.68532017 0.5366398 ],3,-1,-1,1,-1
7261,[0.3201372  0.35946288],1,-1,-1,0,0
7262,[0.85266054 0.69976052],2,0,"[0.7890750777399501, 0.6799557517006445]",1,-1
7263,[0.58158363 0.55292767],3,-1,-1,1,-1
7264,[0.60142021 0.56966775],3,-1,-1,1,-1
7265,[0.32307321 0.50866203],0,-1,-1,1,-1
7266,[0.31011105 0.55405372],0,-1,-1,1,-1
7267,[0.77970094 0.65438789],2,0,"[0.7890750777399501, 0.6799557517006445]",1,-1
7268,[0.82624068 0.72795072],2,0,"[0.7890750777399501, 0.6799557517006445]",1,-1
7269,[0.76478187 0.68563395],2,0,"[0.7890750777399501, 0.6799557517006445]",1,-1
7270,[0.7342985  0.57172354],3,-1,-1,1,-1
7271,[0.77782209 0.5604541 ],3,-1,-1,1,-1
7272,[0.70931717 0.68730526],2,-1,-1,1,-1
7273,[0.41409675 0.53627065],0,1,"[0.37965276877051146, 0.575157747726818]",1,-1
7274,[0.70251553 0.63356975],2,3,"[0.6601234827680622, 0.6109507568947781]",1,-1
7275,[0.42927694 0.64675512],0,-1,-1,1,-1
7276,[0.32775361 0.27670166],1,-1,-1,0,0
7277,[0.27569605 0.59378737],0,-1,-1,1,-1
7278,[0.65299059 0.50425158],3,-1,-1,1,-1
7279,[0.40484185 0.64135762],0,-1,-1,1,-1
7280,[0.24355068 0.19966625],1,2,"[0.294379027732062, 0.1921773781634303]",0,0
7281,[0.65700965 0.59781451],3,3,"[0.6601234827680622, 0.6109507568947781]",1,-1
7282,[0.37470226 0.26704779],1,-1,-1,0,0
7283,[0.30645408 0.54532508],0,-1,-1,1,-1
7284,[0.32013    0.20960492],1,2,"[0.294379027732062, 0.1921773781634303]",0,0
7285,[0.73897101 0.61170796],3,-1,-1,1,-1
7286,[0.77428682 0.64672666],2,0,"[0.7890750777399501, 0.6799557517006445]",1,-1
7287,[0.84311357 0.61359739],2,-1,-1,1,-1
7288,[0.64553801 0.63066935],3,3,"[0.6601234827680622, 0.6109507568947781]",1,-1
7289,[0.30231132 0.23064217],1,2,"[0.294379027732062, 0.1921773781634303]",0,0
7290,[0.74055298 0.60705438],3,-1,-1,1,-1
7291,[0.76018698 0.71996913],2,0,"[0.7890750777399501, 0.6799557517006445]",1,-1
7292,[0.21570986 0.14298746],1,-1,-1,0,0
7293,[0.30169338 0.12502833],1,2,"[0.294379027732062, 0.1921773781634303]",0,0
7294,[0.33693043 0.52632707],0,1,"[0.37965276877051146, 0.575157747726818]",1,-1
7295,[0.26567776 0.21009225],1,2,"[0.294379027732062, 0.1921773781634303]",0,0
7296,[0.40499856 0.61006831],0,1,"[0.37965276877051146, 0.575157747726818]",1,-1
7297,[0.63107945 0.59120184],3,3,"[0.6601234827680622, 0.6109507568947781]",1,-1
7298,[0.4154258  0.61962478],0,1,"[0.37965276877051146, 0.575157747726818]",1,-1
7299,[0.71107899 0.73944462],2,-1,-1,1,-1
7300,[0.31431916 0.51700597],0,-1,-1,1,-1
7301,[0.65167721 0.61183831],3,3,"[0.6601234827680622, 0.6109507568947781]",1,6
7302,[0.34861125 0.19384898],1,2,"[0.294379027732062, 0.1921773781634303]",0,0
7303,[0.8580148  0.64842193],2,-1,-1,1,-1
7304,[0.33949627 0.25374069],1,-1,-1,0,0
7305,[0.39514448 0.54092151],0,1,"[0.37965276877051146, 0.575157747726818]",1,-1
7306,[0.2609278 0.2442938],1,2,"[0.294379027732062, 0.1921773781634303]",0,0
7307,[0.84325407 0.6678541 ],2,0,"[0.7890750777399501, 0.6799557517006445]",1,-1
7308,[0.35633365 0.65495011],0,-1,-1,1,-1
7309,[0.35110555 0.17329289],1,2,"[0.294379027732062, 0.1921773781634303]",0,0
7310,[0.72403338 0.62204154],3,3,"[0.6601234827680622, 0.6109507568947781]",1,-1
7311,[0.30173339 0.11928321],1,-1,-1,0,0
7312,[0.70256124 0.59105794],2,3,"[0.6601234827680622, 0.6109507568947781]",1,-1
7313,[0.31183713 0.1338035 ],1,2,"[0.294379027732062, 0.1921773781634303]",0,0
7314,[0.39293698 0.62153446],0,1,"[0.37965276877051146, 0.575157747726818]",1,-1
7315,[0.65150857 0.50053196],3,-1,-1,1,-1
7316,[0.35490723 0.54265261],0,1,"[0.37965276877051146, 0.575157747726818]",1,-1
7317,[0.2935408  0.16668909],1,2,"[0.294379027732062, 0.1921773781634303]",0,0
7318,[0.37649352 0.63254716],0,1,"[0.37965276877051146, 0.575157747726818]",1,-1
7319,[0.25825564 0.25045345],1,2,"[0.294379027732062, 0.1921773781634303]",0,0
7320,[0.76201638 0.70487233],2,0,"[0.7890750777399501, 0.6799557517006445]",1,-1
7321,[0.6971861  0.66288546],3,3,"[0.6601234827680622, 0.6109507568947781]",1,-1
7322,[0.86680964 0.78379867],2,-1,-1,1,-1
7323,[0.36447651 0.56074681],0,1,"[0.37965276877051146, 0.575157747726818]",1,1
7324,[0.40622119 0.56698861],0,1,"[0.37965276877051146, 0.575157747726818]",1,2
7325,[0.84233268 0.72493472],2,0,"[0.7890750777399501, 0.6799557517006445]",1,-1
7326,[0.71255078 0.54191253],3,-1,-1,1,-1
7327,[0.29219415 0.53376021],0,-1,-1,1,-1
7328,[0.67968426 0.66414699],3,3,"[0.6601234827680622, 0.6109507568947781]",1,-1
7329,[0.80016193 0.688662  ],2,0,"[0.7890750777399501, 0.6799557517006445]",1,-1
7330,[0.39598172 0.19436545],1,-1,-1,0,0
7331,[0.72697915 0.60919975],2,3,"[0.6601234827680622, 0.6109507568947781]",1,-1
7332,[0.82477148 0.64712668],2,0,"[0.7890750777399501, 0.6799557517006445]",1,-1
7333,[0.35329008 0.48413763],0,-1,-1,1,-1
7334,[0.73603745 0.63198831],2,-1,-1,1,-1
7335,[0.31646433 0.21291275],1,2,"[0.294379027732062, 0.1921773781634303]",0,0
7336,[0.72550488 0.64676458],2,-1,-1,1,-1
7337,[0.83722388 0.7539203 ],2,-1,-1,1,-1
7338,[0.78553599 0.75390188],2,-1,-1,1,-1
7339,[0.60758107 0.63717401],3,3,"[0.6601234827680622, 0.6109507568947781]",1,-1
7340,[0.63013201 0.72150874],3,-1,-1,1,-1
7341,[0.72592013 0.62667425],2,3,"[0.6601234827680622, 0.6109507568947781]",1,-1
7342,[0.76239284 0.57607529],2,-1,-1,1,-1
7343,[0.42963543 0.19893243],1,-1,-1,0,0
7344,[0.24138891 0.28310335],1,-1,-1,0,0
7345,[0.32712355 0.14198872],1,2,"[0.294379027732062, 0.1921773781634303]",0,0
7346,[0.81123866 0.68752432],2,0,"[0.7890750777399501, 0.6799557517006445]",1,4
7347,[0.27121296 0.21220953],1,2,"[0.294379027732062, 0.1921773781634303]",0,0
7348,[0.37502182 0.21504382],1,-1,-1,0,0
7349,[0.78652846 0.67628117],2,0,"[0.7890750777399501, 0.6799557517006445]",1,4
7350,[0.79227827 0.69375471],2,0,"[0.7890750777399501, 0.6799557517006445]",1,-1
7351,[0.90538828 0.6352871 ],2,-1,-1,1,-1
7352,[0.71892456 0.62765806],3,3,"[0.6601234827680622, 0.6109507568947781]",1,-1
7353,[0.75835299 0.68634557],2,0,"[0.7890750777399501, 0.6799557517006445]",1,-1
7354,[0.43319342 0.46617213],0,-1,-1,1,-1
7355,[0.44501683 0.5466499 ],0,-1,-1,1,-1
7356,[0.38864491 0.13741185],1,-1,-1,0,0
7357,[0.24967356 0.23312309],1,2,"[0.294379027732062, 0.1921773781634303]",0,0
7358,[0.7112813  0.73691934],2,-1,-1,1,-1
7359,[0.31596753 0.19976487],1,2,"[0.294379027732062, 0.1921773781634303]",0,0
7360,[0.29873656 0.15349275],1,2,"[0.294379027732062, 0.1921773781634303]",0,0
7361,[0.30460437 0.58660396],0,-1,-1,1,-1
7362,[0.37571325 0.57715476],0,1,"[0.37965276877051146, 0.575157747726818]",1,1
7363,[0.25393603 0.17947304],1,2,"[0.294379027732062, 0.1921773781634303]",0,0
7364,[0.32323808 0.16459072],1,2,"[0.294379027732062, 0.1921773781634303]",0,0
7365,[0.23597609 0.27652884],1,-1,-1,0,0
7366,[0.6864913  0.61406811],3,3,"[0.6601234827680622, 0.6109507568947781]",1,5
7367,[0.60807751 0.59448713],3,3,"[0.6601234827680622, 0.6109507568947781]",1,-1
7368,[0.31258962 0.16378845],1,2,"[0.294379027732062, 0.1921773781634303]",0,0
7369,[0.7826135  0.59443256],2,-1,-1,1,-1
7370,[0.64189346 0.64801334],3,3,"[0.6601234827680622, 0.6109507568947781]",1,-1
7371,[0.34116183 0.13834979],1,-1,-1,0,0
7372,[0.38986988 0.56775517],0,1,"[0.37965276877051146, 0.575157747726818]",1,2
7373,[0.83405135 0.67876649],2,0,"[0.7890750777399501, 0.6799557517006445]",1,-1
7374,[0.42853314 0.55305703],0,1,"[0.37965276877051146, 0.575157747726818]",1,-1
7375,[0.89655515 0.63009521],3,-1,-1,1,-1
7376,[0.30017251 0.21052893],1,2,"[0.294379027732062, 0.1921773781634303]",0,0
7377,[0.25765327 0.11805769],1,-1,-1,0,0
7378,[0.72641314 0.70904939],2,0,"[0.7890750777399501, 0.6799557517006445]",1,-1
7379,[0.39445902 0.16705796],1,-1,-1,0,0
7380,[0.7837586  0.70684709],2,0,"[0.7890750777399501, 0.6799557517006445]",1,-1
7381,[0.42683546 0.61003567],0,1,"[0.37965276877051146, 0.575157747726818]",1,-1
7382,[0.37062347 0.21919313],1,-1,-1,0,0
7383,[0.86340848 0.64661538],2,-1,-1,1,-1
7384,[0.40183674 0.56911269],0,1,"[0.37965276877051146, 0.575157747726818]",1,2
7385,[0.82099028 0.74634707],2,-1,-1,1,-1
7386,[0.14289866 0.20697516],1,-1,-1,0,0
7387,[0.65776961 0.59124707],3,3,"[0.6601234827680622, 0.6109507568947781]",1,-1
7388,[0.60717646 0.62980103],3,3,"[0.6601234827680622, 0.6109507568947781]",1,-1
7389,[0.44782158 0.47763222],0,-1,-1,1,-1
7390,[0.7269296 0.7101602],2,0,"[0.7890750777399501, 0.6799557517006445]",1,-1
7391,[0.67452224 0.60185   ],3,3,"[0.6601234827680622, 0.6109507568947781]",1,-1
7392,[0.67439041 0.6701334 ],3,3,"[0.6601234827680622, 0.6109507568947781]",1,-1
7393,[0.73224889 0.52936927],3,-1,-1,1,-1
7394,[0.30679882 0.14909068],1,2,"[0.294379027732062, 0.1921773781634303]",0,0
7395,[0.39269743 0.58139775],0,1,"[0.37965276877051146, 0.575157747726818]",1,-1
7396,[0.46183206 0.47654151],0,-1,-1,1,-1
7397,[0.75134566 0.60267405],2,-1,-1,1,-1
7398,[0.36964716 0.50538316],0,-1,-1,1,-1
7399,[0.65838258 0.60585384],3,3,"[0.6601234827680622, 0.6109507568947781]",1,-1
7400,[0.68298698 0.66447214],3,3,"[0.6601234827680622, 0.6109507568947781]",1,-1
7401,[0.79097561 0.65600172],2,0,"[0.7890750777399501, 0.6799557517006445]",1,-1
7402,[0.32050044 0.64131428],0,-1,-1,1,-1
7403,[0.58852882 0.68305549],3,-1,-1,1,-1
7404,[0.67281393 0.60630457],3,3,"[0.6601234827680622, 0.6109507568947781]",1,-1
7405,[0.58002143 0.51517363],3,-1,-1,1,-1
7406,[0.31872123 0.66158458],0,-1,-1,1,-1
7407,[0.40777579 0.58040698],0,1,"[0.37965276877051146, 0.575157747726818]",1,2
7408,[0.63431477 0.54291841],3,-1,-1,1,-1
7409,[0.38541392 0.54780796],0,1,"[0.37965276877051146, 0.575157747726818]",1,-1
7410,[0.31862907 0.54385423],0,1,"[0.37965276877051146, 0.575157747726818]",1,-1
7411,[0.79924666 0.59259732],2,-1,-1,1,-1
7412,[0.30542505 0.1941055 ],1,2,"[0.294379027732062, 0.1921773781634303]",0,0
7413,[0.75294111 0.69298954],2,0,"[0.7890750777399501, 0.6799557517006445]",1,-1
7414,[0.8113539  0.64096512],2,0,"[0.7890750777399501, 0.6799557517006445]",1,-1
7415,[0.62973312 0.52313349],3,-1,-1,1,-1
7416,[0.79184511 0.6213017 ],2,0,"[0.7890750777399501, 0.6799557517006445]",1,-1
7417,[0.39329105 0.63188956],0,1,"[0.37965276877051146, 0.575157747726818]",1,-1
7418,[0.62897433 0.65945863],3,3,"[0.6601234827680622, 0.6109507568947781]",1,-1
7419,[0.45258192 0.55879679],0,-1,-1,1,-1
7420,[0.54601447 0.54504961],3,-1,-1,1,-1
7421,[0.85374623 0.76621442],2,-1,-1,1,-1
7422,[0.30764075 0.18573011],1,2,"[0.294379027732062, 0.1921773781634303]",0,0
7423,[0.31285963 0.13545806],1,2,"[0.294379027732062, 0.1921773781634303]",0,0
7424,[0.69326872 0.71446718],3,-1,-1,1,-1
7425,[0.4709943  0.63763858],0,-1,-1,1,-1
7426,[0.37753753 0.22954327],1,-1,-1,0,0
7427,[0.3224754  0.59481397],0,1,"[0.37965276877051146, 0.575157747726818]",1,-1
7428,[0.79875551 0.58972012],2,-1,-1,1,-1
7429,[0.3105645 0.1913188],1,2,"[0.294379027732062, 0.1921773781634303]",0,0
7430,[0.27613255 0.17145463],1,2,"[0.294379027732062, 0.1921773781634303]",0,0
7431,[0.67261181 0.69913081],2,-1,-1,1,-1
7432,[0.30742766 0.28400811],1,-1,-1,0,0
7433,[0.77168664 0.70394371],2,0,"[0.7890750777399501, 0.6799557517006445]",1,-1
7434,[0.35076767 0.1378481 ],1,-1,-1,0,0
7435,[0.45196331 0.55582591],0,-1,-1,1,-1
7436,[0.4191656  0.50677367],0,-1,-1,1,-1
7437,[0.70857912 0.78787054],2,-1,-1,1,-1
7438,[0.6947075 0.6376642],3,3,"[0.6601234827680622, 0.6109507568947781]",1,-1
7439,[0.78672176 0.77611268],2,-1,-1,1,-1
7440,[0.27107387 0.22631917],1,2,"[0.294379027732062, 0.1921773781634303]",0,0
7441,[0.66638468 0.62985146],3,3,"[0.6601234827680622, 0.6109507568947781]",1,7
7442,[0.6072951  0.61155901],3,3,"[0.6601234827680622, 0.6109507568947781]",1,-1
7443,[0.65635048 0.61373602],3,3,"[0.6601234827680622, 0.6109507568947781]",1,-1
7444,[0.62928031 0.54953744],3,3,"[0.6601234827680622, 0.6109507568947781]",1,-1
7445,[0.67029796 0.56300541],3,3,"[0.6601234827680622, 0.6109507568947781]",1,-1
7446,[0.55403728 0.51446337],3,-1,-1,1,-1
7447,[0.34045643 0.27653157],1,-1,-1,0,0
7448,[0.81578105 0.64674504],2,0,"[0.7890750777399501, 0.6799557517006445]",1,-1
7449,[0.29511192 0.16694731],1,2,"[0.294379027732062, 0.1921773781634303]",0,0
7450,[0.30633485 0.13269715],1,2,"[0.294379027732062, 0.1921773781634303]",0,0
7451,[0.34854171 0.15269973],1,2,"[0.294379027732062, 0.1921773781634303]",0,0
7452,[0.31998511 0.47238215],0,-1,-1,1,-1
7453,[0.42194599 0.58106333],0,1,"[0.37965276877051146, 0.575157747726818]",1,-1
7454,[0.81889151 0.74639964],2,-1,-1,1,-1
7455,[0.7147142  0.55234937],3,-1,-1,1,-1
7456,[0.65711306 0.67201635],3,3,"[0.6601234827680622, 0.6109507568947781]",1,-1
7457,[0.35946247 0.59348979],0,1,"[0.37965276877051146, 0.575157747726818]",1,-1
7458,[0.71159557 0.59095715],3,3,"[0.6601234827680622, 0.6109507568947781]",1,-1
7459,[0.67138769 0.71116723],3,-1,-1,1,-1
7460,[0.75016766 0.66949903],2,0,"[0.7890750777399501, 0.6799557517006445]",1,-1
7461,[0.68447797 0.56644669],3,3,"[0.6601234827680622, 0.6109507568947781]",1,-1
7462,[0.25046101 0.19461293],1,2,"[0.294379027732062, 0.1921773781634303]",0,0
7463,[0.31176703 0.5556562 ],0,-1,-1,1,-1
7464,[0.24159479 0.19929548],1,2,"[0.294379027732062, 0.1921773781634303]",0,0
7465,[0.33276414 0.59324793],0,1,"[0.37965276877051146, 0.575157747726818]",1,-1
7466,[0.76739385 0.71197553],2,0,"[0.7890750777399501, 0.6799557517006445]",1,-1
7467,[0.68383207 0.56638967],3,3,"[0.6601234827680622, 0.6109507568947781]",1,-1
7468,[0.76464676 0.71185558],2,0,"[0.7890750777399501, 0.6799557517006445]",1,-1
7469,[0.66850357 0.61630121],3,3,"[0.6601234827680622, 0.6109507568947781]",1,-1
7470,[0.59150885 0.55173895],3,-1,-1,1,-1
7471,[0.28676628 0.26604533],1,-1,-1,0,0
7472,[0.68325738 0.59132076],3,3,"[0.6601234827680622, 0.6109507568947781]",1,-1
7473,[0.39991355 0.57630851],0,1,"[0.37965276877051146, 0.575157747726818]",1,-1
7474,[0.29666659 0.12504521],1,2,"[0.294379027732062, 0.1921773781634303]",0,0
7475,[0.67556414 0.63500225],2,3,"[0.6601234827680622, 0.6109507568947781]",1,-1
7476,[0.21811152 0.31351918],1,-1,-1,0,0
7477,[0.39218818 0.63195507],0,1,"[0.37965276877051146, 0.575157747726818]",1,-1
7478,[0.34201187 0.25396579],1,-1,-1,0,0
7479,[0.7824836  0.76032222],2,-1,-1,1,-1
7480,[0.3415363  0.58808607],0,1,"[0.37965276877051146, 0.575157747726818]",1,-1
7481,[0.28721279 0.07026956],1,-1,-1,0,0
7482,[0.42031341 0.4994578 ],0,-1,-1,1,-1
7483,[0.24119695 0.24060442],1,-1,-1,0,0
7484,[0.68954735 0.63134683],3,3,"[0.6601234827680622, 0.6109507568947781]",1,7
7485,[0.6372011  0.72274132],3,-1,-1,1,-1
7486,[0.42776892 0.58947722],0,1,"[0.37965276877051146, 0.575157747726818]",1,-1
7487,[0.38596474 0.62181002],0,1,"[0.37965276877051146, 0.575157747726818]",1,-1
7488,[0.2714795  0.61490565],0,-1,-1,1,-1
7489,[0.77524606 0.73137184],2,0,"[0.7890750777399501, 0.6799557517006445]",1,-1
7490,[0.39015468 0.64688674],0,-1,-1,1,-1
7491,[0.22692166 0.24611274],1,-1,-1,0,0
7492,[0.32596496 0.146259  ],1,2,"[0.294379027732062, 0.1921773781634303]",0,0
7493,[0.77917355 0.70702559],2,0,"[0.7890750777399501, 0.6799557517006445]",1,-1
7494,[0.82490887 0.70913696],2,0,"[0.7890750777399501, 0.6799557517006445]",1,-1
7495,[0.84402935 0.70287056],2,0,"[0.7890750777399501, 0.6799557517006445]",1,-1
7496,[0.71002272 0.66795588],3,-1,-1,1,-1
7497,[0.3429691  0.53130518],0,1,"[0.37965276877051146, 0.575157747726818]",1,-1
7498,[0.23863377 0.29354441],1,-1,-1,0,0
7499,[0.67660657 0.71424434],3,-1,-1,1,-1
7500,[0.68569024 0.56108847],3,3,"[0.6601234827680622, 0.6109507568947781]",1,-1
7501,[0.41778059 0.54180159],0,1,"[0.37965276877051146, 0.575157747726818]",1,-1
7502,[0.70716164 0.55530138],3,-1,-1,1,-1
7503,[0.38388987 0.63380612],0,1,"[0.37965276877051146, 0.575157747726818]",1,-1
7504,[0.24431848 0.10501099],1,-1,-1,0,0
7505,[0.3266692  0.18003784],1,2,"[0.294379027732062, 0.1921773781634303]",0,0
7506,[0.67807646 0.61182505],3,3,"[0.6601234827680622, 0.6109507568947781]",1,-1
7507,[0.30268489 0.19652322],1,2,"[0.294379027732062, 0.1921773781634303]",0,0
7508,[0.33944811 0.49831136],0,-1,-1,1,-1
7509,[0.39878395 0.23569245],1,-1,-1,0,0
7510,[0.64123943 0.59867583],3,3,"[0.6601234827680622, 0.6109507568947781]",1,-1
7511,[0.24922081 0.1384995 ],1,-1,-1,0,0
7512,[0.63002517 0.62622144],3,3,"[0.6601234827680622, 0.6109507568947781]",1,-1
7513,[0.73495122 0.73015774],2,-1,-1,1,-1
7514,[0.70693647 0.72374818],2,-1,-1,1,-1
7515,[0.34809149 0.18141594],1,2,"[0.294379027732062, 0.1921773781634303]",0,0
7516,[0.62742928 0.68996358],3,-1,-1,1,-1
7517,[0.3795807  0.55554912],0,1,"[0.37965276877051146, 0.575157747726818]",1,-1
7518,[0.7536378  0.64886917],3,0,"[0.7890750777399501, 0.6799557517006445]",1,-1
7519,[0.62117218 0.71244968],3,-1,-1,1,-1
7520,[0.79594341 0.64068932],2,0,"[0.7890750777399501, 0.6799557517006445]",1,-1
7521,[0.68481437 0.7358917 ],2,-1,-1,1,-1
7522,[0.65558515 0.64680201],3,3,"[0.6601234827680622, 0.6109507568947781]",1,-1
7523,[0.76534931 0.65938769],2,0,"[0.7890750777399501, 0.6799557517006445]",1,3
7524,[0.62395704 0.64519846],3,3,"[0.6601234827680622, 0.6109507568947781]",1,-1
7525,[0.72839902 0.60085248],3,3,"[0.6601234827680622, 0.6109507568947781]",1,-1
7526,[0.81782582 0.65825835],2,0,"[0.7890750777399501, 0.6799557517006445]",1,-1
7527,[0.62006433 0.55448152],3,3,"[0.6601234827680622, 0.6109507568947781]",1,-1
7528,[0.78267059 0.6889579 ],2,0,"[0.7890750777399501, 0.6799557517006445]",1,-1
7529,[0.55287096 0.56757271],3,-1,-1,1,-1
7530,[0.29686158 0.22294044],1,2,"[0.294379027732062, 0.1921773781634303]",0,0
7531,[0.75885832 0.69905393],2,0,"[0.7890750777399501, 0.6799557517006445]",1,-1
7532,[0.31020429 0.08614708],1,-1,-1,0,0
7533,[0.73602181 0.7043219 ],2,0,"[0.7890750777399501, 0.6799557517006445]",1,-1
7534,[0.72838742 0.6902637 ],3,0,"[0.7890750777399501, 0.6799557517006445]",1,-1
7535,[0.3866207  0.56730546],0,1,"[0.37965276877051146, 0.575157747726818]",1,-1
7536,[0.84565852 0.63692373],2,-1,-1,1,-1
7537,[0.63076468 0.66994192],3,3,"[0.6601234827680622, 0.6109507568947781]",1,-1
7538,[0.58209764 0.5490233 ],3,-1,-1,1,-1
7539,[0.75715896 0.63599656],2,0,"[0.7890750777399501, 0.6799557517006445]",1,-1
7540,[0.38016617 0.68929331],0,-1,-1,1,-1
7541,[0.31032851 0.10994238],1,-1,-1,0,0
7542,[0.23132953 0.20590387],1,2,"[0.294379027732062, 0.1921773781634303]",0,0
7543,[0.64109921 0.60953512],3,3,"[0.6601234827680622, 0.6109507568947781]",1,-1
7544,[0.72808001 0.6818604 ],2,0,"[0.7890750777399501, 0.6799557517006445]",1,-1
7545,[0.68342068 0.60198494],3,3,"[0.6601234827680622, 0.6109507568947781]",1,5
7546,[0.62481761 0.59444522],3,3,"[0.6601234827680622, 0.6109507568947781]",1,-1
7547,[0.27084966 0.15369018],1,2,"[0.294379027732062, 0.1921773781634303]",0,0
7548,[0.80264753 0.52973653],2,-1,-1,1,-1
7549,[0.45315874 0.50528276],0,-1,-1,1,-1
7550,[0.46195999 0.5814802 ],0,-1,-1,1,-1
7551,[0.47109458 0.59917594],0,-1,-1,1,-1
7552,[0.69603486 0.63310132],3,3,"[0.6601234827680622, 0.6109507568947781]",1,-1
7553,[0.38386848 0.57287146],0,1,"[0.37965276877051146, 0.575157747726818]",1,-1
7554,[0.31318013 0.56483369],0,1,"[0.37965276877051146, 0.575157747726818]",1,-1
7555,[0.31474922 0.2202177 ],1,2,"[0.294379027732062, 0.1921773781634303]",0,0
7556,[0.37077412 0.10853516],1,-1,-1,0,0
7557,[0.8622288  0.63203845],2,-1,-1,1,-1
7558,[0.7287797  0.57965959],3,-1,-1,1,-1
7559,[0.26565302 0.22050303],1,2,"[0.294379027732062, 0.1921773781634303]",0,0
7560,[0.36467001 0.48186306],0,-1,-1,1,-1
7561,[0.27847188 0.20707912],1,2,"[0.294379027732062, 0.1921773781634303]",0,0
7562,[0.2543824  0.62373441],0,-1,-1,1,-1
7563,[0.22121801 0.18774469],1,-1,-1,0,0
7564,[0.29134743 0.64865407],0,-1,-1,1,-1
7565,[0.77447767 0.72445661],2,0,"[0.7890750777399501, 0.6799557517006445]",1,-1
7566,[0.6327473  0.66504398],3,3,"[0.6601234827680622, 0.6109507568947781]",1,-1
7567,[0.74241248 0.73776261],2,-1,-1,1,-1
7568,[0.6432714  0.59234759],3,3,"[0.6601234827680622, 0.6109507568947781]",1,-1
7569,[0.38119587 0.54995441],0,1,"[0.37965276877051146, 0.575157747726818]",1,-1
7570,[0.3694478  0.52612871],0,1,"[0.37965276877051146, 0.575157747726818]",1,-1
7571,[0.33543491 0.48635518],0,-1,-1,1,-1
7572,[0.69220185 0.68045684],3,-1,-1,1,-1
7573,[0.39376077 0.57607407],0,1,"[0.37965276877051146, 0.575157747726818]",1,-1
7574,[0.78741705 0.62844734],2,0,"[0.7890750777399501, 0.6799557517006445]",1,-1
7575,[0.30946642 0.08763125],1,-1,-1,0,0
7576,[0.70038168 0.60822768],3,3,"[0.6601234827680622, 0.6109507568947781]",1,-1
7577,[0.32440193 0.18264265],1,2,"[0.294379027732062, 0.1921773781634303]",0,0
7578,[0.63603178 0.57239108],3,3,"[0.6601234827680622, 0.6109507568947781]",1,-1
7579,[0.69017165 0.61382033],3,3,"[0.6601234827680622, 0.6109507568947781]",1,-1
7580,[0.80433216 0.7796458 ],2,-1,-1,1,-1
7581,[0.39287164 0.58959371],0,1,"[0.37965276877051146, 0.575157747726818]",1,-1
7582,[0.23737577 0.17538962],1,2,"[0.294379027732062, 0.1921773781634303]",0,0
7583,[0.91650982 0.71673983],2,-1,-1,1,-1
7584,[0.41669513 0.56263432],0,1,"[0.37965276877051146, 0.575157747726818]",1,-1
7585,[0.72926117 0.55199017],3,-1,-1,1,-1
7586,[0.68002743 0.71342567],3,-1,-1,1,-1
7587,[0.32247933 0.09616907],1,-1,-1,0,0
7588,[0.81007569 0.6271585 ],2,0,"[0.7890750777399501, 0.6799557517006445]",1,-1
7589,[0.84252123 0.80851683],2,-1,-1,1,-1
7590,[0.67284461 0.65209272],3,3,"[0.6601234827680622, 0.6109507568947781]",1,-1
7591,[0.84048911 0.66308264],2,0,"[0.7890750777399501, 0.6799557517006445]",1,-1
7592,[0.66098184 0.66666363],3,3,"[0.6601234827680622, 0.6109507568947781]",1,-1
7593,[0.77043705 0.73315296],2,0,"[0.7890750777399501, 0.6799557517006445]",1,-1
7594,[0.33705607 0.56651673],0,1,"[0.37965276877051146, 0.575157747726818]",1,-1
7595,[0.68180115 0.61184613],3,3,"[0.6601234827680622, 0.6109507568947781]",1,5
7596,[0.31584409 0.56482556],0,1,"[0.37965276877051146, 0.575157747726818]",1,-1
7597,[0.8412287  0.67116504],2,0,"[0.7890750777399501, 0.6799557517006445]",1,-1
7598,[0.3607893  0.60936696],0,1,"[0.37965276877051146, 0.575157747726818]",1,-1
7599,[0.33845117 0.18698993],1,2,"[0.294379027732062, 0.1921773781634303]",0,0
7600,[0.33000366 0.2439627 ],1,2,"[0.294379027732062, 0.1921773781634303]",0,0
7601,[0.29611139 0.24594572],1,2,"[0.294379027732062, 0.1921773781634303]",0,0
7602,[0.35164853 0.17163643],1,2,"[0.294379027732062, 0.1921773781634303]",0,0
7603,[0.33149407 0.20388903],1,2,"[0.294379027732062, 0.1921773781634303]",0,0
7604,[0.28138916 0.1860966 ],1,2,"[0.294379027732062, 0.1921773781634303]",0,0
7605,[0.33522761 0.60287037],0,1,"[0.37965276877051146, 0.575157747726818]",1,-1
7606,[0.73270927 0.66102432],2,0,"[0.7890750777399501, 0.6799557517006445]",1,-1
7607,[0.40271864 0.62116052],0,1,"[0.37965276877051146, 0.575157747726818]",1,-1
7608,[0.39930148 0.56583953],0,1,"[0.37965276877051146, 0.575157747726818]",1,2
7609,[0.83033172 0.63159571],2,0,"[0.7890750777399501, 0.6799557517006445]",1,-1
7610,[0.27506826 0.17304234],1,2,"[0.294379027732062, 0.1921773781634303]",0,0
7611,[0.34360964 0.10896213],1,-1,-1,0,0
7612,[0.63660159 0.67186769],3,3,"[0.6601234827680622, 0.6109507568947781]",1,-1
7613,[0.41841492 0.61544435],0,1,"[0.37965276877051146, 0.575157747726818]",1,-1
7614,[0.77995264 0.5831285 ],2,-1,-1,1,-1
7615,[0.2809707  0.23009342],1,2,"[0.294379027732062, 0.1921773781634303]",0,0
7616,[0.30402193 0.16742459],1,2,"[0.294379027732062, 0.1921773781634303]",0,0
7617,[0.48496577 0.62769783],0,-1,-1,1,-1
7618,[0.72934096 0.61577922],3,3,"[0.6601234827680622, 0.6109507568947781]",1,-1
7619,[0.25525709 0.21600338],1,2,"[0.294379027732062, 0.1921773781634303]",0,0
7620,[0.83374999 0.74060537],2,-1,-1,1,-1
7621,[0.59582013 0.60691256],3,3,"[0.6601234827680622, 0.6109507568947781]",1,-1
7622,[0.78217425 0.66290185],2,0,"[0.7890750777399501, 0.6799557517006445]",1,-1
7623,[0.30824564 0.2447868 ],1,2,"[0.294379027732062, 0.1921773781634303]",0,0
7624,[0.24991441 0.13009879],1,-1,-1,0,0
7625,[0.75346945 0.63953628],2,0,"[0.7890750777399501, 0.6799557517006445]",1,-1
7626,[0.77421334 0.66045409],2,0,"[0.7890750777399501, 0.6799557517006445]",1,-1
7627,[0.85367441 0.64034617],2,-1,-1,1,-1
7628,[0.7810898  0.73963873],2,0,"[0.7890750777399501, 0.6799557517006445]",1,-1
7629,[0.57385436 0.63517349],3,-1,-1,1,-1
7630,[0.69262383 0.63976463],3,3,"[0.6601234827680622, 0.6109507568947781]",1,-1
7631,[0.71552659 0.60059689],2,3,"[0.6601234827680622, 0.6109507568947781]",1,-1
7632,[0.30031951 0.22769009],1,2,"[0.294379027732062, 0.1921773781634303]",0,0
7633,[0.7270322  0.61589076],3,3,"[0.6601234827680622, 0.6109507568947781]",1,-1
7634,[0.2879841  0.21713485],1,2,"[0.294379027732062, 0.1921773781634303]",0,0
7635,[0.87241219 0.64828875],2,-1,-1,1,-1
7636,[0.80736636 0.69177829],2,0,"[0.7890750777399501, 0.6799557517006445]",1,-1
7637,[0.66334497 0.59012674],3,3,"[0.6601234827680622, 0.6109507568947781]",1,-1
7638,[0.28959402 0.17882321],1,2,"[0.294379027732062, 0.1921773781634303]",0,0
7639,[0.45257133 0.56878368],0,-1,-1,1,-1
7640,[0.26179208 0.16156146],1,2,"[0.294379027732062, 0.1921773781634303]",0,0
7641,[0.65348207 0.62462908],3,3,"[0.6601234827680622, 0.6109507568947781]",1,-1
7642,[0.31355038 0.18430704],1,2,"[0.294379027732062, 0.1921773781634303]",0,0
7643,[0.72499495 0.5844605 ],3,-1,-1,1,-1
7644,[0.32527037 0.59449801],0,1,"[0.37965276877051146, 0.575157747726818]",1,-1
7645,[0.78314383 0.65006127],2,0,"[0.7890750777399501, 0.6799557517006445]",1,-1
7646,[0.33559396 0.08088716],1,-1,-1,0,0
7647,[0.63306532 0.60021818],3,3,"[0.6601234827680622, 0.6109507568947781]",1,-1
7648,[0.68022904 0.59752963],3,3,"[0.6601234827680622, 0.6109507568947781]",1,-1
7649,[0.71164203 0.7866569 ],2,-1,-1,1,-1
7650,[0.7809586  0.69432547],2,0,"[0.7890750777399501, 0.6799557517006445]",1,-1
7651,[0.31316285 0.63400829],0,-1,-1,1,-1
7652,[0.66511789 0.630262  ],3,3,"[0.6601234827680622, 0.6109507568947781]",1,-1
7653,[0.79959094 0.63424626],2,0,"[0.7890750777399501, 0.6799557517006445]",1,-1
7654,[0.37713375 0.1948341 ],1,-1,-1,0,0
7655,[0.29844429 0.23545791],1,2,"[0.294379027732062, 0.1921773781634303]",0,0
7656,[0.7982324  0.71939363],2,0,"[0.7890750777399501, 0.6799557517006445]",1,-1
7657,[0.85471225 0.62325283],2,-1,-1,1,-1
7658,[0.34254593 0.52280129],0,1,"[0.37965276877051146, 0.575157747726818]",1,-1
7659,[0.25124322 0.19039001],1,2,"[0.294379027732062, 0.1921773781634303]",0,0
7660,[0.26822247 0.15546449],1,2,"[0.294379027732062, 0.1921773781634303]",0,0
7661,[0.79791198 0.7209239 ],2,0,"[0.7890750777399501, 0.6799557517006445]",1,-1
7662,[0.71217632 0.62845294],3,3,"[0.6601234827680622, 0.6109507568947781]",1,-1
7663,[0.81780687 0.69648535],2,0,"[0.7890750777399501, 0.6799557517006445]",1,-1
7664,[0.34326576 0.52254351],0,1,"[0.37965276877051146, 0.575157747726818]",1,-1
7665,[0.8657718  0.66114901],2,-1,-1,1,-1
7666,[0.57428388 0.59610981],3,-1,-1,1,-1
7667,[0.64099963 0.63023649],3,3,"[0.6601234827680622, 0.6109507568947781]",1,-1
7668,[0.21309403 0.11886548],1,-1,-1,0,0
7669,[0.84684599 0.79566774],2,-1,-1,1,-1
7670,[0.32855075 0.58692914],0,1,"[0.37965276877051146, 0.575157747726818]",1,-1
7671,[0.28559058 0.171399  ],1,2,"[0.294379027732062, 0.1921773781634303]",0,0
7672,[0.4659896  0.52442704],0,-1,-1,1,-1
7673,[0.33178234 0.19400102],1,2,"[0.294379027732062, 0.1921773781634303]",0,0
7674,[0.36164911 0.19909004],1,2,"[0.294379027732062, 0.1921773781634303]",0,0
7675,[0.27698002 0.17289043],1,2,"[0.294379027732062, 0.1921773781634303]",0,0
7676,[0.78592754 0.67311902],2,0,"[0.7890750777399501, 0.6799557517006445]",1,4
7677,[0.76873121 0.68995911],2,0,"[0.7890750777399501, 0.6799557517006445]",1,-1
7678,[0.30509482 0.21936175],1,2,"[0.294379027732062, 0.1921773781634303]",0,0
7679,[0.59449647 0.58087539],3,-1,-1,1,-1
7680,[0.79610093 0.66942729],2,0,"[0.7890750777399501, 0.6799557517006445]",1,4
7681,[0.38732381 0.57097509],0,1,"[0.37965276877051146, 0.575157747726818]",1,2
7682,[0.88329081 0.64368991],2,-1,-1,1,-1
7683,[0.2532898  0.11672527],1,-1,-1,0,0
7684,[0.38334331 0.56756929],0,1,"[0.37965276877051146, 0.575157747726818]",1,-1
7685,[0.2644088  0.65700767],0,-1,-1,1,-1
7686,[0.76210655 0.68126148],2,0,"[0.7890750777399501, 0.6799557517006445]",1,-1
7687,[0.66040775 0.56075593],3,3,"[0.6601234827680622, 0.6109507568947781]",1,-1
7688,[0.7515303  0.67088567],2,0,"[0.7890750777399501, 0.6799557517006445]",1,-1
7689,[0.30405115 0.14068393],1,2,"[0.294379027732062, 0.1921773781634303]",0,0
7690,[0.25175417 0.28760802],1,-1,-1,0,0
7691,[0.3964698  0.61453609],0,1,"[0.37965276877051146, 0.575157747726818]",1,-1
7692,[0.33621877 0.59720591],0,1,"[0.37965276877051146, 0.575157747726818]",1,-1
7693,[0.61552287 0.63603717],3,3,"[0.6601234827680622, 0.6109507568947781]",1,-1
7694,[0.48502148 0.51802156],0,-1,-1,1,-1
7695,[0.64824499 0.61553761],3,3,"[0.6601234827680622, 0.6109507568947781]",1,-1
7696,[0.26398217 0.19921756],1,2,"[0.294379027732062, 0.1921773781634303]",0,0
7697,[0.41547907 0.58806459],0,1,"[0.37965276877051146, 0.575157747726818]",1,-1
7698,[0.40549853 0.51796404],0,1,"[0.37965276877051146, 0.575157747726818]",1,-1
7699,[0.78697578 0.65503512],2,0,"[0.7890750777399501, 0.6799557517006445]",1,-1
7700,[0.69505018 0.72101774],2,-1,-1,1,-1
7701,[0.30113998 0.13419833],1,2,"[0.294379027732062, 0.1921773781634303]",0,0
7702,[0.30644779 0.15604232],1,2,"[0.294379027732062, 0.1921773781634303]",0,0
7703,[0.39263456 0.59298611],0,1,"[0.37965276877051146, 0.575157747726818]",1,-1
7704,[0.22511887 0.2981497 ],1,-1,-1,0,0
7705,[0.35241464 0.22148603],1,2,"[0.294379027732062, 0.1921773781634303]",0,0
7706,[0.68284625 0.63416685],3,3,"[0.6601234827680622, 0.6109507568947781]",1,-1
7707,[0.42422126 0.54136993],0,1,"[0.37965276877051146, 0.575157747726818]",1,-1
7708,[0.80098574 0.68273717],2,0,"[0.7890750777399501, 0.6799557517006445]",1,-1
7709,[0.35541658 0.20515773],1,2,"[0.294379027732062, 0.1921773781634303]",0,0
7710,[0.35736613 0.61702069],0,1,"[0.37965276877051146, 0.575157747726818]",1,-1
7711,[0.34039477 0.13384283],1,-1,-1,0,0
7712,[0.70118421 0.76386771],2,-1,-1,1,-1
7713,[0.21273828 0.16316274],1,-1,-1,0,0
7714,[0.65953917 0.68869654],3,-1,-1,1,-1
7715,[0.6402949  0.58321995],3,3,"[0.6601234827680622, 0.6109507568947781]",1,-1
7716,[0.75027118 0.74998578],2,-1,-1,1,-1
7717,[0.6258059  0.69805666],3,-1,-1,1,-1
7718,[0.58529636 0.59206779],3,-1,-1,1,-1
7719,[0.77451755 0.70367845],2,0,"[0.7890750777399501, 0.6799557517006445]",1,-1
7720,[0.37294363 0.68232595],0,-1,-1,1,-1
7721,[0.76780481 0.67467453],2,0,"[0.7890750777399501, 0.6799557517006445]",1,-1
7722,[0.73240899 0.61669729],3,-1,-1,1,-1
7723,[0.73241616 0.71186144],2,0,"[0.7890750777399501, 0.6799557517006445]",1,-1
7724,[0.35979997 0.47423941],0,-1,-1,1,-1
7725,[0.72042314 0.59517764],2,3,"[0.6601234827680622, 0.6109507568947781]",1,-1
7726,[0.75431904 0.79723072],2,-1,-1,1,-1
7727,[0.29924147 0.15960852],1,2,"[0.294379027732062, 0.1921773781634303]",0,0
7728,[0.26135014 0.18894471],1,2,"[0.294379027732062, 0.1921773781634303]",0,0
7729,[0.23618984 0.22393655],1,2,"[0.294379027732062, 0.1921773781634303]",0,0
7730,[0.27462363 0.23296036],1,2,"[0.294379027732062, 0.1921773781634303]",0,0
7731,[0.66907519 0.62395805],3,3,"[0.6601234827680622, 0.6109507568947781]",1,7
7732,[0.43123368 0.62503403],0,-1,-1,1,-1
7733,[0.23207475 0.20266303],1,2,"[0.294379027732062, 0.1921773781634303]",0,0
7734,[0.6408733  0.69820625],3,-1,-1,1,-1
7735,[0.69835131 0.51176978],3,-1,-1,1,-1
7736,[0.83658919 0.62742087],2,-1,-1,1,-1
7737,[0.35321199 0.26386914],1,-1,-1,0,0
7738,[0.31808953 0.18806304],1,2,"[0.294379027732062, 0.1921773781634303]",0,0
7739,[0.3363992  0.51769972],0,-1,-1,1,-1
7740,[0.79164211 0.70055787],2,0,"[0.7890750777399501, 0.6799557517006445]",1,-1
7741,[0.3658986  0.57596009],0,1,"[0.37965276877051146, 0.575157747726818]",1,1
7742,[0.28771699 0.16483151],1,2,"[0.294379027732062, 0.1921773781634303]",0,0
7743,[0.69223224 0.57039089],3,3,"[0.6601234827680622, 0.6109507568947781]",1,-1
7744,[0.39933853 0.61952985],0,1,"[0.37965276877051146, 0.575157747726818]",1,-1
7745,[0.33247569 0.63844164],0,-1,-1,1,-1
7746,[0.31905506 0.280723  ],1,-1,-1,0,0
7747,[0.66032154 0.58896019],3,3,"[0.6601234827680622, 0.6109507568947781]",1,-1
7748,[0.62079091 0.57165633],3,3,"[0.6601234827680622, 0.6109507568947781]",1,-1
7749,[0.82145145 0.6747301 ],2,0,"[0.7890750777399501, 0.6799557517006445]",1,-1
7750,[0.40332958 0.60184543],0,1,"[0.37965276877051146, 0.575157747726818]",1,-1
7751,[0.3143393  0.11690827],1,-1,-1,0,0
7752,[0.41310391 0.1936067 ],1,-1,-1,0,0
7753,[0.59093002 0.61562131],3,3,"[0.6601234827680622, 0.6109507568947781]",1,-1
7754,[0.88377099 0.66254518],2,-1,-1,1,-1
7755,[0.77299513 0.68248352],2,0,"[0.7890750777399501, 0.6799557517006445]",1,-1
7756,[0.7127726  0.59877915],2,3,"[0.6601234827680622, 0.6109507568947781]",1,-1
7757,[0.2335706  0.18049887],1,2,"[0.294379027732062, 0.1921773781634303]",0,0
7758,[0.81947612 0.7539334 ],2,-1,-1,1,-1
7759,[0.63291668 0.53369173],3,-1,-1,1,-1
7760,[0.38037629 0.59238524],0,1,"[0.37965276877051146, 0.575157747726818]",1,-1
7761,[0.32090241 0.19529689],1,2,"[0.294379027732062, 0.1921773781634303]",0,0
7762,[0.79289678 0.67793725],2,0,"[0.7890750777399501, 0.6799557517006445]",1,4
7763,[0.4467803  0.68587474],0,-1,-1,1,-1
7764,[0.74444409 0.68620914],2,0,"[0.7890750777399501, 0.6799557517006445]",1,-1
7765,[0.20965459 0.21244886],1,-1,-1,0,0
7766,[0.76222511 0.72120722],2,0,"[0.7890750777399501, 0.6799557517006445]",1,-1
7767,[0.29571648 0.19668201],1,2,"[0.294379027732062, 0.1921773781634303]",0,0
7768,[0.76136982 0.6489246 ],2,0,"[0.7890750777399501, 0.6799557517006445]",1,-1
7769,[0.63924831 0.6153751 ],3,3,"[0.6601234827680622, 0.6109507568947781]",1,-1
7770,[0.75774913 0.56731381],3,-1,-1,1,-1
7771,[0.73069963 0.69831949],2,0,"[0.7890750777399501, 0.6799557517006445]",1,-1
7772,[0.46502507 0.4751    ],0,-1,-1,1,-1
7773,[0.35458139 0.57163453],0,1,"[0.37965276877051146, 0.575157747726818]",1,-1
7774,[0.30941394 0.20931645],1,2,"[0.294379027732062, 0.1921773781634303]",0,0
7775,[0.27552131 0.24376034],1,2,"[0.294379027732062, 0.1921773781634303]",0,0
7776,[0.77304921 0.62561878],2,0,"[0.7890750777399501, 0.6799557517006445]",1,-1
7777,[0.39039426 0.5817897 ],0,1,"[0.37965276877051146, 0.575157747726818]",1,-1
7778,[0.6272481  0.59450081],3,3,"[0.6601234827680622, 0.6109507568947781]",1,-1
7779,[0.32933806 0.21104067],1,2,"[0.294379027732062, 0.1921773781634303]",0,0
7780,[0.78339191 0.64320582],2,0,"[0.7890750777399501, 0.6799557517006445]",1,-1
7781,[0.31067418 0.0651059 ],1,-1,-1,0,0
7782,[0.29284014 0.32931364],1,-1,-1,0,0
7783,[0.74937013 0.71563243],2,0,"[0.7890750777399501, 0.6799557517006445]",1,-1
7784,[0.39475394 0.5440053 ],0,1,"[0.37965276877051146, 0.575157747726818]",1,-1
7785,[0.34119988 0.22360883],1,2,"[0.294379027732062, 0.1921773781634303]",0,0
7786,[0.31489578 0.12826883],1,2,"[0.294379027732062, 0.1921773781634303]",0,0
7787,[0.45326575 0.58416494],0,-1,-1,1,-1
7788,[0.30889134 0.17571511],1,2,"[0.294379027732062, 0.1921773781634303]",0,0
7789,[0.6406469  0.55642419],3,3,"[0.6601234827680622, 0.6109507568947781]",1,-1
7790,[0.31098655 0.57848439],0,1,"[0.37965276877051146, 0.575157747726818]",1,-1
7791,[0.44729256 0.54503483],0,-1,-1,1,-1
7792,[0.46043784 0.59853113],0,-1,-1,1,-1
7793,[0.70908985 0.58171309],3,3,"[0.6601234827680622, 0.6109507568947781]",1,-1
7794,[0.81395724 0.59477745],2,-1,-1,1,-1
7795,[0.55891411 0.59805957],3,-1,-1,1,-1
7796,[0.66843313 0.66249878],3,3,"[0.6601234827680622, 0.6109507568947781]",1,-1
7797,[0.76758634 0.70618511],2,0,"[0.7890750777399501, 0.6799557517006445]",1,-1
7798,[0.76286136 0.57833702],3,-1,-1,1,-1
7799,[0.37868522 0.53049083],0,1,"[0.37965276877051146, 0.575157747726818]",1,-1
7800,[0.30371182 0.30081499],1,-1,-1,0,0
7801,[0.60661816 0.51704302],3,-1,-1,1,-1
7802,[0.81937017 0.63100708],2,0,"[0.7890750777399501, 0.6799557517006445]",1,-1
7803,[0.745022   0.69539107],2,0,"[0.7890750777399501, 0.6799557517006445]",1,-1
7804,[0.28594527 0.15176629],1,2,"[0.294379027732062, 0.1921773781634303]",0,0
7805,[0.75709869 0.62463574],2,0,"[0.7890750777399501, 0.6799557517006445]",1,-1
7806,[0.31993592 0.22260902],1,2,"[0.294379027732062, 0.1921773781634303]",0,0
7807,[0.19854052 0.12838457],1,-1,-1,0,0
7808,[0.27601649 0.24526886],1,2,"[0.294379027732062, 0.1921773781634303]",0,0
7809,[0.71920957 0.6892736 ],2,-1,-1,1,-1
7810,[0.91151062 0.65934887],2,-1,-1,1,-1
7811,[0.41361248 0.58409475],0,1,"[0.37965276877051146, 0.575157747726818]",1,-1
7812,[0.66463883 0.63438398],3,3,"[0.6601234827680622, 0.6109507568947781]",1,7
7813,[0.66590373 0.58488923],3,3,"[0.6601234827680622, 0.6109507568947781]",1,-1
7814,[0.74925998 0.64678138],2,0,"[0.7890750777399501, 0.6799557517006445]",1,-1
7815,[0.66430201 0.69433996],3,-1,-1,1,-1
7816,[0.35844378 0.62490712],0,1,"[0.37965276877051146, 0.575157747726818]",1,-1
7817,[0.78462114 0.57322198],2,-1,-1,1,-1
7818,[0.75383907 0.5502507 ],3,-1,-1,1,-1
7819,[0.40618013 0.53292012],0,1,"[0.37965276877051146, 0.575157747726818]",1,-1
7820,[0.36094167 0.64502956],0,-1,-1,1,-1
7821,[0.41460146 0.63380506],0,1,"[0.37965276877051146, 0.575157747726818]",1,-1
7822,[0.85607757 0.74052783],2,-1,-1,1,-1
7823,[0.77603943 0.69434162],2,0,"[0.7890750777399501, 0.6799557517006445]",1,-1
7824,[0.66301372 0.73789202],2,-1,-1,1,-1
7825,[0.29910083 0.19589578],1,2,"[0.294379027732062, 0.1921773781634303]",0,0
7826,[0.7307383  0.67866647],3,0,"[0.7890750777399501, 0.6799557517006445]",1,-1
7827,[0.85346154 0.63509403],2,-1,-1,1,-1
7828,[0.73601851 0.57952894],3,-1,-1,1,-1
7829,[0.8205803  0.69486356],2,0,"[0.7890750777399501, 0.6799557517006445]",1,-1
7830,[0.63962734 0.51025269],3,-1,-1,1,-1
7831,[0.35050843 0.14193264],1,-1,-1,0,0
7832,[0.8097876  0.68446533],2,0,"[0.7890750777399501, 0.6799557517006445]",1,-1
7833,[0.67587498 0.64679731],3,3,"[0.6601234827680622, 0.6109507568947781]",1,-1
7834,[0.75317946 0.68758465],2,0,"[0.7890750777399501, 0.6799557517006445]",1,-1
7835,[0.24992137 0.20308144],1,2,"[0.294379027732062, 0.1921773781634303]",0,0
7836,[0.26272267 0.19507805],1,2,"[0.294379027732062, 0.1921773781634303]",0,0
7837,[0.62920455 0.57538197],3,3,"[0.6601234827680622, 0.6109507568947781]",1,-1
7838,[0.28590614 0.23566835],1,2,"[0.294379027732062, 0.1921773781634303]",0,0
7839,[0.33917621 0.12695852],1,-1,-1,0,0
7840,[0.36788303 0.4873758 ],0,-1,-1,1,-1
7841,[0.30743225 0.51234341],0,-1,-1,1,-1
7842,[0.66109309 0.57227544],3,3,"[0.6601234827680622, 0.6109507568947781]",1,-1
7843,[0.60094156 0.56448805],3,-1,-1,1,-1
7844,[0.71699197 0.6853575 ],3,-1,-1,1,-1
7845,[0.36212028 0.594402  ],0,1,"[0.37965276877051146, 0.575157747726818]",1,-1
7846,[0.67210116 0.59490871],3,3,"[0.6601234827680622, 0.6109507568947781]",1,-1
7847,[0.29213635 0.16023737],1,2,"[0.294379027732062, 0.1921773781634303]",0,0
7848,[0.83427993 0.5971024 ],2,-1,-1,1,-1
7849,[0.80186686 0.69765026],2,0,"[0.7890750777399501, 0.6799557517006445]",1,-1
7850,[0.34912209 0.13177944],1,-1,-1,0,0
7851,[0.37695378 0.62698919],0,1,"[0.37965276877051146, 0.575157747726818]",1,-1
7852,[0.38022029 0.56904224],0,1,"[0.37965276877051146, 0.575157747726818]",1,-1
7853,[0.23294809 0.12797094],1,-1,-1,0,0
7854,[0.63604812 0.58881066],3,3,"[0.6601234827680622, 0.6109507568947781]",1,-1
7855,[0.29351223 0.17967934],1,2,"[0.294379027732062, 0.1921773781634303]",0,0
7856,[0.74776952 0.78531949],2,-1,-1,1,-1
7857,[0.83089129 0.64757519],2,0,"[0.7890750777399501, 0.6799557517006445]",1,-1
7858,[0.72517846 0.75405893],2,-1,-1,1,-1
7859,[0.71549781 0.62331745],3,3,"[0.6601234827680622, 0.6109507568947781]",1,-1
7860,[0.26477915 0.1866462 ],1,2,"[0.294379027732062, 0.1921773781634303]",0,0
7861,[0.18099954 0.12941153],1,-1,-1,0,0
7862,[0.40646763 0.57790932],0,1,"[0.37965276877051146, 0.575157747726818]",1,2
7863,[0.77274349 0.70799409],2,0,"[0.7890750777399501, 0.6799557517006445]",1,-1
7864,[0.35493534 0.55640817],0,1,"[0.37965276877051146, 0.575157747726818]",1,-1
7865,[0.36014844 0.56274992],0,1,"[0.37965276877051146, 0.575157747726818]",1,-1
7866,[0.67427629 0.6688181 ],3,3,"[0.6601234827680622, 0.6109507568947781]",1,-1
7867,[0.86043936 0.68306513],2,-1,-1,1,-1
7868,[0.25446892 0.15914516],1,2,"[0.294379027732062, 0.1921773781634303]",0,0
7869,[0.34972709 0.54532761],0,1,"[0.37965276877051146, 0.575157747726818]",1,-1
7870,[0.28397188 0.11247927],1,-1,-1,0,0
7871,[0.6983099  0.57969626],3,3,"[0.6601234827680622, 0.6109507568947781]",1,-1
7872,[0.875282   0.72834324],2,-1,-1,1,-1
7873,[0.82418646 0.67402627],2,0,"[0.7890750777399501, 0.6799557517006445]",1,-1
7874,[0.8539912  0.67466218],2,0,"[0.7890750777399501, 0.6799557517006445]",1,-1
7875,[0.29394798 0.64539071],0,-1,-1,1,-1
7876,[0.38281322 0.51404609],0,1,"[0.37965276877051146, 0.575157747726818]",1,-1
7877,[0.35355612 0.52047658],0,1,"[0.37965276877051146, 0.575157747726818]",1,-1
7878,[0.80265672 0.62759241],2,0,"[0.7890750777399501, 0.6799557517006445]",1,-1
7879,[0.64192937 0.58436267],3,3,"[0.6601234827680622, 0.6109507568947781]",1,-1
7880,[0.70219656 0.66880792],3,-1,-1,1,-1
7881,[0.32385337 0.22201909],1,2,"[0.294379027732062, 0.1921773781634303]",0,0
7882,[0.79289754 0.60955789],2,-1,-1,1,-1
7883,[0.75767748 0.64473601],2,0,"[0.7890750777399501, 0.6799557517006445]",1,-1
7884,[0.43323564 0.57548594],0,1,"[0.37965276877051146, 0.575157747726818]",1,-1
7885,[0.78790433 0.73121643],2,0,"[0.7890750777399501, 0.6799557517006445]",1,-1
7886,[0.60439001 0.59207499],3,3,"[0.6601234827680622, 0.6109507568947781]",1,-1
7887,[0.70406966 0.56216917],3,3,"[0.6601234827680622, 0.6109507568947781]",1,-1
7888,[0.78912165 0.76697417],2,-1,-1,1,-1
7889,[0.63064281 0.59003826],3,3,"[0.6601234827680622, 0.6109507568947781]",1,-1
7890,[0.80577417 0.66465727],2,0,"[0.7890750777399501, 0.6799557517006445]",1,-1
7891,[0.37741404 0.44391639],0,-1,-1,1,-1
7892,[0.70890077 0.62858407],3,3,"[0.6601234827680622, 0.6109507568947781]",1,-1
7893,[0.57920172 0.58525114],3,-1,-1,1,-1
7894,[0.41784849 0.59534212],0,1,"[0.37965276877051146, 0.575157747726818]",1,-1
7895,[0.4158085 0.4869001],0,-1,-1,1,-1
7896,[0.62731233 0.62769465],3,3,"[0.6601234827680622, 0.6109507568947781]",1,-1
7897,[0.72798627 0.64361442],2,-1,-1,1,-1
7898,[0.6981284  0.66626315],3,3,"[0.6601234827680622, 0.6109507568947781]",1,-1
7899,[0.66636189 0.61115988],3,3,"[0.6601234827680622, 0.6109507568947781]",1,-1
7900,[0.36679362 0.19081843],1,-1,-1,0,0
7901,[0.81571301 0.6810134 ],2,0,"[0.7890750777399501, 0.6799557517006445]",1,-1
7902,[0.22250932 0.22491942],1,-1,-1,0,0
7903,[0.64238972 0.60517748],3,3,"[0.6601234827680622, 0.6109507568947781]",1,-1
7904,[0.29010795 0.19445138],1,2,"[0.294379027732062, 0.1921773781634303]",0,0
7905,[0.40064713 0.53049869],0,1,"[0.37965276877051146, 0.575157747726818]",1,-1
7906,[0.81073664 0.68816179],2,0,"[0.7890750777399501, 0.6799557517006445]",1,4
7907,[0.66350224 0.58284205],3,3,"[0.6601234827680622, 0.6109507568947781]",1,6
7908,[0.27942379 0.18195083],1,2,"[0.294379027732062, 0.1921773781634303]",0,0
7909,[0.67018424 0.55835238],3,3,"[0.6601234827680622, 0.6109507568947781]",1,-1
7910,[0.62621738 0.64370985],3,3,"[0.6601234827680622, 0.6109507568947781]",1,-1
7911,[0.33934575 0.10423207],1,-1,-1,0,0
7912,[0.72448052 0.67129278],3,0,"[0.7890750777399501, 0.6799557517006445]",1,-1
7913,[0.29236913 0.15729052],1,2,"[0.294379027732062, 0.1921773781634303]",0,0
7914,[0.26302345 0.1483579 ],1,2,"[0.294379027732062, 0.1921773781634303]",0,0
7915,[0.34174945 0.54407846],0,1,"[0.37965276877051146, 0.575157747726818]",1,-1
7916,[0.75159833 0.54649166],2,-1,-1,1,-1
7917,[0.76390215 0.5748651 ],3,-1,-1,1,-1
7918,[0.6619343 0.5386424],3,-1,-1,1,-1
7919,[0.28428287 0.65233542],0,-1,-1,1,-1
7920,[0.32323689 0.58788303],0,1,"[0.37965276877051146, 0.575157747726818]",1,-1
7921,[0.68281552 0.565617  ],3,3,"[0.6601234827680622, 0.6109507568947781]",1,-1
7922,[0.29267272 0.21990391],1,2,"[0.294379027732062, 0.1921773781634303]",0,0
7923,[0.67649065 0.63084663],3,3,"[0.6601234827680622, 0.6109507568947781]",1,-1
7924,[0.68138532 0.63652574],3,3,"[0.6601234827680622, 0.6109507568947781]",1,-1
7925,[0.8262311  0.71833097],2,0,"[0.7890750777399501, 0.6799557517006445]",1,-1
7926,[0.36599759 0.54191673],0,1,"[0.37965276877051146, 0.575157747726818]",1,-1
7927,[0.3632192  0.57118558],0,1,"[0.37965276877051146, 0.575157747726818]",1,-1
7928,[0.61267746 0.59653456],3,3,"[0.6601234827680622, 0.6109507568947781]",1,-1
7929,[0.34971599 0.59794098],0,1,"[0.37965276877051146, 0.575157747726818]",1,-1
7930,[0.71580955 0.60132396],3,3,"[0.6601234827680622, 0.6109507568947781]",1,-1
7931,[0.27405657 0.24813322],1,2,"[0.294379027732062, 0.1921773781634303]",0,0
7932,[0.32366607 0.55421425],0,1,"[0.37965276877051146, 0.575157747726818]",1,-1
7933,[0.37365071 0.58720773],0,1,"[0.37965276877051146, 0.575157747726818]",1,-1
7934,[0.71409657 0.59631927],3,3,"[0.6601234827680622, 0.6109507568947781]",1,-1
7935,[0.39586128 0.60511675],0,1,"[0.37965276877051146, 0.575157747726818]",1,-1
7936,[0.81280179 0.76435744],2,-1,-1,1,-1
7937,[0.42596123 0.56715016],0,1,"[0.37965276877051146, 0.575157747726818]",1,-1
7938,[0.70211578 0.69598542],3,-1,-1,1,-1
7939,[0.6207178  0.54739035],3,-1,-1,1,-1
7940,[0.26379022 0.14832835],1,2,"[0.294379027732062, 0.1921773781634303]",0,0
7941,[0.30255505 0.22660558],1,2,"[0.294379027732062, 0.1921773781634303]",0,0
7942,[0.36599455 0.11193322],1,-1,-1,0,0
7943,[0.32675361 0.22580356],1,2,"[0.294379027732062, 0.1921773781634303]",0,0
7944,[0.68043459 0.58775631],3,3,"[0.6601234827680622, 0.6109507568947781]",1,-1
7945,[0.36646982 0.18656505],1,-1,-1,0,0
7946,[0.22234111 0.25938259],1,-1,-1,0,0
7947,[0.78787263 0.72567561],2,0,"[0.7890750777399501, 0.6799557517006445]",1,-1
7948,[0.82021378 0.68894646],2,0,"[0.7890750777399501, 0.6799557517006445]",1,-1
7949,[0.2931888 0.1450142],1,2,"[0.294379027732062, 0.1921773781634303]",0,0
7950,[0.8123983  0.65729882],2,0,"[0.7890750777399501, 0.6799557517006445]",1,-1
7951,[0.29829078 0.20057882],1,2,"[0.294379027732062, 0.1921773781634303]",0,0
7952,[0.32384723 0.143663  ],1,2,"[0.294379027732062, 0.1921773781634303]",0,0
7953,[0.42557934 0.54071581],0,1,"[0.37965276877051146, 0.575157747726818]",1,-1
7954,[0.73772343 0.5304511 ],3,-1,-1,1,-1
7955,[0.66911504 0.58205838],3,3,"[0.6601234827680622, 0.6109507568947781]",1,-1
7956,[0.59346669 0.60215079],3,3,"[0.6601234827680622, 0.6109507568947781]",1,-1
7957,[0.45384142 0.61702542],0,-1,-1,1,-1
7958,[0.78153079 0.63400892],2,0,"[0.7890750777399501, 0.6799557517006445]",1,-1
7959,[0.30358737 0.12960255],1,2,"[0.294379027732062, 0.1921773781634303]",0,0
7960,[0.77451497 0.79858668],2,-1,-1,1,-1
7961,[0.72012733 0.61879231],2,3,"[0.6601234827680622, 0.6109507568947781]",1,-1
7962,[0.32771752 0.18326037],1,2,"[0.294379027732062, 0.1921773781634303]",0,0
7963,[0.27634383 0.1950502 ],1,2,"[0.294379027732062, 0.1921773781634303]",0,0
7964,[0.67243939 0.53766024],3,-1,-1,1,-1
7965,[0.2462953  0.22322626],1,2,"[0.294379027732062, 0.1921773781634303]",0,0
7966,[0.76864647 0.72985707],2,0,"[0.7890750777399501, 0.6799557517006445]",1,-1
7967,[0.47099016 0.59169219],0,-1,-1,1,-1
7968,[0.65573573 0.6417242 ],3,3,"[0.6601234827680622, 0.6109507568947781]",1,-1
7969,[0.75565571 0.59082624],3,-1,-1,1,-1
7970,[0.3054674  0.27089902],1,-1,-1,0,0
7971,[0.31787781 0.30002922],1,-1,-1,0,0
7972,[0.5647339  0.63041217],3,-1,-1,1,-1
7973,[0.32117451 0.54921036],0,1,"[0.37965276877051146, 0.575157747726818]",1,-1
7974,[0.74754804 0.65646237],3,0,"[0.7890750777399501, 0.6799557517006445]",1,-1
7975,[0.75099891 0.75123278],2,-1,-1,1,-1
7976,[0.737885   0.67664516],2,0,"[0.7890750777399501, 0.6799557517006445]",1,-1
7977,[0.65314563 0.67054622],3,3,"[0.6601234827680622, 0.6109507568947781]",1,-1
7978,[0.27222273 0.17439339],1,2,"[0.294379027732062, 0.1921773781634303]",0,0
7979,[0.34775547 0.14435018],1,-1,-1,0,0
7980,[0.36022633 0.17412868],1,2,"[0.294379027732062, 0.1921773781634303]",0,0
7981,[0.640542   0.61897848],3,3,"[0.6601234827680622, 0.6109507568947781]",1,-1
7982,[0.71285333 0.63258042],3,3,"[0.6601234827680622, 0.6109507568947781]",1,-1
7983,[0.36036148 0.69796457],0,-1,-1,1,-1
7984,[0.35256004 0.6071275 ],0,1,"[0.37965276877051146, 0.575157747726818]",1,-1
7985,[0.35922619 0.63073817],0,1,"[0.37965276877051146, 0.575157747726818]",1,-1
7986,[0.65369351 0.60249381],3,3,"[0.6601234827680622, 0.6109507568947781]",1,6
7987,[0.30360823 0.58198037],0,-1,-1,1,-1
7988,[0.82686383 0.68753239],2,0,"[0.7890750777399501, 0.6799557517006445]",1,-1
7989,[0.21063968 0.12083254],1,-1,-1,0,0
7990,[0.71633298 0.68560203],2,-1,-1,1,-1
7991,[0.67609455 0.57870883],3,3,"[0.6601234827680622, 0.6109507568947781]",1,-1
7992,[0.59859496 0.63447292],3,3,"[0.6601234827680622, 0.6109507568947781]",1,-1
7993,[0.62388966 0.54618166],3,-1,-1,1,-1
7994,[0.85685986 0.6703642 ],2,0,"[0.7890750777399501, 0.6799557517006445]",1,-1
7995,[0.38407205 0.53631128],0,1,"[0.37965276877051146, 0.575157747726818]",1,-1
7996,[0.62800977 0.55323645],3,3,"[0.6601234827680622, 0.6109507568947781]",1,-1
7997,[0.78101459 0.63396106],2,0,"[0.7890750777399501, 0.6799557517006445]",1,-1
7998,[0.314635   0.20484514],1,2,"[0.294379027732062, 0.1921773781634303]",0,0
7999,[0.36608533 0.24425367],1,-1,-1,0,0
8000,[0.59369317 0.6695568 ],3,-1,-1,1,-1
8001,[0.79889199 0.67194468],2,0,"[0.7890750777399501, 0.6799557517006445]",1,4
8002,[0.37187454 0.5455629 ],0,1,"[0.37965276877051146, 0.575157747726818]",1,-1
8003,[0.37042528 0.55341421],0,1,"[0.37965276877051146, 0.575157747726818]",1,-1
8004,[0.38396318 0.62938947],0,1,"[0.37965276877051146, 0.575157747726818]",1,-1
8005,[0.34317018 0.54159761],0,1,"[0.37965276877051146, 0.575157747726818]",1,-1
8006,[0.6513864 0.6712982],3,3,"[0.6601234827680622, 0.6109507568947781]",1,-1
8007,[0.26824374 0.14294219],1,2,"[0.294379027732062, 0.1921773781634303]",0,0
8008,[0.41250052 0.53615415],0,1,"[0.37965276877051146, 0.575157747726818]",1,-1
8009,[0.66558676 0.54417003],3,3,"[0.6601234827680622, 0.6109507568947781]",1,-1
8010,[0.28852973 0.22234346],1,2,"[0.294379027732062, 0.1921773781634303]",0,0
8011,[0.28040411 0.23887159],1,2,"[0.294379027732062, 0.1921773781634303]",0,0
8012,[0.65562841 0.5845998 ],3,3,"[0.6601234827680622, 0.6109507568947781]",1,-1
8013,[0.24098853 0.19166267],1,2,"[0.294379027732062, 0.1921773781634303]",0,0
8014,[0.32764134 0.51332672],0,-1,-1,1,-1
8015,[0.8582275  0.72568454],2,-1,-1,1,-1
8016,[0.33959059 0.56986601],0,1,"[0.37965276877051146, 0.575157747726818]",1,-1
8017,[0.36004189 0.11582116],1,-1,-1,0,0
8018,[0.29847627 0.12710888],1,2,"[0.294379027732062, 0.1921773781634303]",0,0
8019,[0.34377843 0.54093964],0,1,"[0.37965276877051146, 0.575157747726818]",1,-1
8020,[0.21267474 0.1116325 ],1,-1,-1,0,0
8021,[0.76717307 0.74822359],2,-1,-1,1,-1
8022,[0.65913525 0.58492119],3,3,"[0.6601234827680622, 0.6109507568947781]",1,-1
8023,[0.3517873  0.63509917],0,1,"[0.37965276877051146, 0.575157747726818]",1,-1
8024,[0.68493107 0.59423406],3,3,"[0.6601234827680622, 0.6109507568947781]",1,-1
8025,[0.82518626 0.66286089],2,0,"[0.7890750777399501, 0.6799557517006445]",1,-1
8026,[0.42063683 0.593152  ],0,1,"[0.37965276877051146, 0.575157747726818]",1,-1
8027,[0.86540856 0.67680475],2,-1,-1,1,-1
8028,[0.38472097 0.59740029],0,1,"[0.37965276877051146, 0.575157747726818]",1,-1
8029,[0.70956877 0.6608901 ],3,-1,-1,1,-1
8030,[0.38901828 0.5222487 ],0,1,"[0.37965276877051146, 0.575157747726818]",1,-1
8031,[0.22257714 0.1967435 ],1,-1,-1,0,0
8032,[0.26497888 0.15840476],1,2,"[0.294379027732062, 0.1921773781634303]",0,0
8033,[0.60617951 0.66389094],3,-1,-1,1,-1
8034,[0.66958706 0.64632362],3,3,"[0.6601234827680622, 0.6109507568947781]",1,-1
8035,[0.64780594 0.72206845],3,-1,-1,1,-1
8036,[0.65515958 0.55553707],3,3,"[0.6601234827680622, 0.6109507568947781]",1,-1
8037,[0.26747884 0.22157457],1,2,"[0.294379027732062, 0.1921773781634303]",0,0
8038,[0.33628552 0.60342218],0,1,"[0.37965276877051146, 0.575157747726818]",1,-1
8039,[0.24263089 0.12853438],1,-1,-1,0,0
8040,[0.81548472 0.66986933],2,0,"[0.7890750777399501, 0.6799557517006445]",1,-1
8041,[0.39473507 0.51475437],0,1,"[0.37965276877051146, 0.575157747726818]",1,-1
8042,[0.63768449 0.6160578 ],3,3,"[0.6601234827680622, 0.6109507568947781]",1,-1
8043,[0.32783455 0.13502701],1,2,"[0.294379027732062, 0.1921773781634303]",0,0
8044,[0.36797257 0.58807716],0,1,"[0.37965276877051146, 0.575157747726818]",1,-1
8045,[0.74097919 0.62477962],3,-1,-1,1,-1
8046,[0.39058901 0.69530895],0,-1,-1,1,-1
8047,[0.66819667 0.55506547],3,3,"[0.6601234827680622, 0.6109507568947781]",1,-1
8048,[0.68710938 0.600448  ],3,3,"[0.6601234827680622, 0.6109507568947781]",1,5
8049,[0.78861712 0.71655303],2,0,"[0.7890750777399501, 0.6799557517006445]",1,-1
8050,[0.74468759 0.66102543],2,0,"[0.7890750777399501, 0.6799557517006445]",1,-1
8051,[0.39890529 0.60068018],0,1,"[0.37965276877051146, 0.575157747726818]",1,-1
8052,[0.33475944 0.25753625],1,-1,-1,0,0
8053,[0.32665422 0.57255002],0,1,"[0.37965276877051146, 0.575157747726818]",1,-1
8054,[0.79135415 0.617412  ],2,0,"[0.7890750777399501, 0.6799557517006445]",1,-1
8055,[0.59987999 0.6149339 ],3,3,"[0.6601234827680622, 0.6109507568947781]",1,-1
8056,[0.76027433 0.52717102],3,-1,-1,1,-1
8057,[0.74628545 0.8011344 ],2,-1,-1,1,-1
8058,[0.36434772 0.18477253],1,-1,-1,0,0
8059,[0.37407004 0.56384656],0,1,"[0.37965276877051146, 0.575157747726818]",1,1
8060,[0.15011421 0.24085055],1,-1,-1,0,0
8061,[0.77545777 0.75458564],2,-1,-1,1,-1
8062,[0.77392461 0.66507711],2,0,"[0.7890750777399501, 0.6799557517006445]",1,3
8063,[0.65193562 0.54667265],3,3,"[0.6601234827680622, 0.6109507568947781]",1,-1
8064,[0.29104366 0.5448509 ],0,-1,-1,1,-1
8065,[0.67440541 0.6960365 ],2,-1,-1,1,-1
8066,[0.38675632 0.64139616],0,1,"[0.37965276877051146, 0.575157747726818]",1,-1
8067,[0.27465349 0.21494739],1,2,"[0.294379027732062, 0.1921773781634303]",0,0
8068,[0.73041037 0.64873428],2,0,"[0.7890750777399501, 0.6799557517006445]",1,-1
8069,[0.69676704 0.56937102],3,3,"[0.6601234827680622, 0.6109507568947781]",1,-1
8070,[0.37946033 0.16216912],1,-1,-1,0,0
8071,[0.73478739 0.63167491],2,-1,-1,1,-1
8072,[0.27974304 0.29144202],1,-1,-1,0,0
8073,[0.70737635 0.60650422],2,3,"[0.6601234827680622, 0.6109507568947781]",1,-1
8074,[0.69238501 0.57828073],3,3,"[0.6601234827680622, 0.6109507568947781]",1,-1
8075,[0.72380645 0.70892426],2,-1,-1,1,-1
8076,[0.34908953 0.50546807],0,-1,-1,1,-1
8077,[0.32220404 0.18503774],1,2,"[0.294379027732062, 0.1921773781634303]",0,0
8078,[0.37992786 0.52068359],0,1,"[0.37965276877051146, 0.575157747726818]",1,-1
8079,[0.44458683 0.61597699],0,-1,-1,1,-1
8080,[0.38000681 0.16487803],1,-1,-1,0,0
8081,[0.30669838 0.12690576],1,2,"[0.294379027732062, 0.1921773781634303]",0,0
8082,[0.40156668 0.54496582],0,1,"[0.37965276877051146, 0.575157747726818]",1,-1
8083,[0.26380881 0.21276442],1,2,"[0.294379027732062, 0.1921773781634303]",0,0
8084,[0.83857487 0.80744056],2,-1,-1,1,-1
8085,[0.30677985 0.18014738],1,2,"[0.294379027732062, 0.1921773781634303]",0,0
8086,[0.64745541 0.68913574],3,-1,-1,1,-1
8087,[0.64574999 0.6122238 ],3,3,"[0.6601234827680622, 0.6109507568947781]",1,6
8088,[0.3252014  0.15351113],1,2,"[0.294379027732062, 0.1921773781634303]",0,0
8089,[0.66304486 0.63462584],3,3,"[0.6601234827680622, 0.6109507568947781]",1,-1
8090,[0.38829336 0.54254354],0,1,"[0.37965276877051146, 0.575157747726818]",1,-1
8091,[0.57923003 0.640397  ],3,-1,-1,1,-1
8092,[0.67234604 0.62081222],3,3,"[0.6601234827680622, 0.6109507568947781]",1,7
8093,[0.27842196 0.17540288],1,2,"[0.294379027732062, 0.1921773781634303]",0,0
8094,[0.64105119 0.63525325],3,3,"[0.6601234827680622, 0.6109507568947781]",1,-1
8095,[0.32535533 0.54084324],0,1,"[0.37965276877051146, 0.575157747726818]",1,-1
8096,[0.88227647 0.68964059],2,-1,-1,1,-1
8097,[0.38653905 0.62835663],0,1,"[0.37965276877051146, 0.575157747726818]",1,-1
8098,[0.27607538 0.18360572],1,2,"[0.294379027732062, 0.1921773781634303]",0,0
8099,[0.32954403 0.16391192],1,2,"[0.294379027732062, 0.1921773781634303]",0,0
8100,[0.71180079 0.55783557],3,-1,-1,1,-1
8101,[0.61809462 0.65115307],3,3,"[0.6601234827680622, 0.6109507568947781]",1,-1
8102,[0.14962983 0.22314693],1,-1,-1,0,0
8103,[0.44612604 0.59393157],0,1,"[0.37965276877051146, 0.575157747726818]",1,-1
8104,[0.25210044 0.22393103],1,2,"[0.294379027732062, 0.1921773781634303]",0,0
8105,[0.81282667 0.64816615],2,0,"[0.7890750777399501, 0.6799557517006445]",1,-1
8106,[0.73059927 0.57735855],3,-1,-1,1,-1
8107,[0.32109023 0.55315841],0,1,"[0.37965276877051146, 0.575157747726818]",1,-1
8108,[0.69366896 0.48282543],3,-1,-1,1,-1
8109,[0.42335601 0.51067274],0,-1,-1,1,-1
8110,[0.27183946 0.1188718 ],1,-1,-1,0,0
8111,[0.23859052 0.06045066],1,-1,-1,0,0
8112,[0.80607011 0.56811583],2,-1,-1,1,-1
8113,[0.40352902 0.62418951],0,1,"[0.37965276877051146, 0.575157747726818]",1,-1
8114,[0.69894808 0.68617281],2,-1,-1,1,-1
8115,[0.31762359 0.59252662],0,1,"[0.37965276877051146, 0.575157747726818]",1,-1
8116,[0.91454654 0.67528356],2,-1,-1,1,-1
8117,[0.50120785 0.63379393],0,-1,-1,1,-1
8118,[0.71826183 0.70923315],2,-1,-1,1,-1
8119,[0.76746656 0.7399862 ],2,0,"[0.7890750777399501, 0.6799557517006445]",1,-1
8120,[0.43783587 0.53593179],0,-1,-1,1,-1
8121,[0.68804185 0.55301078],3,3,"[0.6601234827680622, 0.6109507568947781]",1,-1
8122,[0.81640939 0.61416563],2,-1,-1,1,-1
8123,[0.78465615 0.64424668],2,0,"[0.7890750777399501, 0.6799557517006445]",1,-1
8124,[0.31286455 0.6220893 ],0,-1,-1,1,-1
8125,[0.62738984 0.58001013],3,3,"[0.6601234827680622, 0.6109507568947781]",1,-1
8126,[0.72766127 0.7099121 ],2,0,"[0.7890750777399501, 0.6799557517006445]",1,-1
8127,[0.68660993 0.61655927],3,3,"[0.6601234827680622, 0.6109507568947781]",1,5
8128,[0.63150145 0.63947404],3,3,"[0.6601234827680622, 0.6109507568947781]",1,-1
8129,[0.74028701 0.5689958 ],3,-1,-1,1,-1
8130,[0.86961334 0.69242024],2,-1,-1,1,-1
8131,[0.45719501 0.58858167],0,-1,-1,1,-1
8132,[0.30138228 0.63203256],0,-1,-1,1,-1
8133,[0.63048713 0.63597194],3,3,"[0.6601234827680622, 0.6109507568947781]",1,-1
8134,[0.35142431 0.2482685 ],1,-1,-1,0,0
8135,[0.88937717 0.56952953],2,-1,-1,1,-1
8136,[0.67323182 0.67009826],3,3,"[0.6601234827680622, 0.6109507568947781]",1,-1
8137,[0.38878565 0.56606102],0,1,"[0.37965276877051146, 0.575157747726818]",1,-1
8138,[0.70198689 0.60545618],3,3,"[0.6601234827680622, 0.6109507568947781]",1,-1
8139,[0.22035079 0.25768647],1,-1,-1,0,0
8140,[0.79612183 0.69149017],2,0,"[0.7890750777399501, 0.6799557517006445]",1,-1
8141,[0.66826397 0.62108897],3,3,"[0.6601234827680622, 0.6109507568947781]",1,7
8142,[0.60582984 0.56886979],3,3,"[0.6601234827680622, 0.6109507568947781]",1,-1
8143,[0.6653228  0.59454705],3,3,"[0.6601234827680622, 0.6109507568947781]",1,-1
8144,[0.36220787 0.62849613],0,1,"[0.37965276877051146, 0.575157747726818]",1,-1
8145,[0.69109975 0.74772858],3,-1,-1,1,-1
8146,[0.72732449 0.66543882],2,0,"[0.7890750777399501, 0.6799557517006445]",1,-1
8147,[0.34792373 0.56403313],0,1,"[0.37965276877051146, 0.575157747726818]",1,-1
8148,[0.62878538 0.59565957],3,3,"[0.6601234827680622, 0.6109507568947781]",1,-1
8149,[0.82992559 0.60199956],2,-1,-1,1,-1
8150,[0.81834695 0.73351794],2,0,"[0.7890750777399501, 0.6799557517006445]",1,-1
8151,[0.33029938 0.62558745],0,-1,-1,1,-1
8152,[0.38520511 0.58321746],0,1,"[0.37965276877051146, 0.575157747726818]",1,-1
8153,[0.26707725 0.57753625],0,-1,-1,1,-1
8154,[0.78836699 0.64346298],2,0,"[0.7890750777399501, 0.6799557517006445]",1,-1
8155,[0.75173602 0.74719526],2,-1,-1,1,-1
8156,[0.78625905 0.67917604],2,0,"[0.7890750777399501, 0.6799557517006445]",1,4
8157,[0.55117376 0.68614015],3,-1,-1,1,-1
8158,[0.36654026 0.58838732],0,1,"[0.37965276877051146, 0.575157747726818]",1,-1
8159,[0.67395    0.67278061],3,3,"[0.6601234827680622, 0.6109507568947781]",1,-1
8160,[0.68828451 0.56943021],3,3,"[0.6601234827680622, 0.6109507568947781]",1,-1
8161,[0.34410124 0.55995186],0,1,"[0.37965276877051146, 0.575157747726818]",1,-1
8162,[0.23644994 0.08607829],1,-1,-1,0,0
8163,[0.36746035 0.55807299],0,1,"[0.37965276877051146, 0.575157747726818]",1,-1
8164,[0.78446812 0.66069873],2,0,"[0.7890750777399501, 0.6799557517006445]",1,-1
8165,[0.27124703 0.26232523],1,-1,-1,0,0
8166,[0.4005091  0.65603682],0,-1,-1,1,-1
8167,[0.3140701  0.15761261],1,2,"[0.294379027732062, 0.1921773781634303]",0,0
8168,[0.339984   0.58200339],0,1,"[0.37965276877051146, 0.575157747726818]",1,-1
8169,[0.35736582 0.18682574],1,2,"[0.294379027732062, 0.1921773781634303]",0,0
8170,[0.72246714 0.61839518],3,3,"[0.6601234827680622, 0.6109507568947781]",1,-1
8171,[0.78009171 0.5858933 ],2,-1,-1,1,-1
8172,[0.72033213 0.59030442],3,3,"[0.6601234827680622, 0.6109507568947781]",1,-1
8173,[0.6394195 0.6204243],3,3,"[0.6601234827680622, 0.6109507568947781]",1,6
8174,[0.6359978  0.62837668],3,3,"[0.6601234827680622, 0.6109507568947781]",1,-1
8175,[0.6628295  0.61160648],3,3,"[0.6601234827680622, 0.6109507568947781]",1,-1
8176,[0.77660092 0.76067636],2,-1,-1,1,-1
8177,[0.45189649 0.56595993],0,-1,-1,1,-1
8178,[0.85456695 0.72645775],2,-1,-1,1,-1
8179,[0.32372178 0.60698215],0,1,"[0.37965276877051146, 0.575157747726818]",1,-1
8180,[0.35275563 0.21004845],1,2,"[0.294379027732062, 0.1921773781634303]",0,0
8181,[0.38381374 0.53020079],0,1,"[0.37965276877051146, 0.575157747726818]",1,-1
8182,[0.71752865 0.66224308],3,-1,-1,1,-1
8183,[0.63248414 0.58098223],3,3,"[0.6601234827680622, 0.6109507568947781]",1,-1
8184,[0.34428596 0.59190498],0,1,"[0.37965276877051146, 0.575157747726818]",1,-1
8185,[0.39540146 0.58438473],0,1,"[0.37965276877051146, 0.575157747726818]",1,-1
8186,[0.35753942 0.26020899],1,-1,-1,0,0
8187,[0.42676192 0.59864657],0,1,"[0.37965276877051146, 0.575157747726818]",1,-1
8188,[0.25175577 0.18356818],1,2,"[0.294379027732062, 0.1921773781634303]",0,0
8189,[0.71064234 0.71497308],3,-1,-1,1,-1
8190,[0.69436217 0.70187503],3,-1,-1,1,-1
8191,[0.70006114 0.65535439],3,3,"[0.6601234827680622, 0.6109507568947781]",1,-1
8192,[0.68329435 0.65645823],3,3,"[0.6601234827680622, 0.6109507568947781]",1,-1
8193,[0.70415278 0.58504431],3,3,"[0.6601234827680622, 0.6109507568947781]",1,-1
8194,[0.61142801 0.60944345],3,3,"[0.6601234827680622, 0.6109507568947781]",1,-1
8195,[0.41672855 0.58230033],0,1,"[0.37965276877051146, 0.575157747726818]",1,-1
8196,[0.7209298  0.66415809],3,0,"[0.7890750777399501, 0.6799557517006445]",1,-1
8197,[0.32063994 0.2398744 ],1,2,"[0.294379027732062, 0.1921773781634303]",0,0
8198,[0.32450714 0.5738056 ],0,1,"[0.37965276877051146, 0.575157747726818]",1,-1
8199,[0.34992598 0.55460112],0,1,"[0.37965276877051146, 0.575157747726818]",1,-1
8200,[0.27657777 0.20520928],1,2,"[0.294379027732062, 0.1921773781634303]",0,0
8201,[0.33772197 0.57896451],0,1,"[0.37965276877051146, 0.575157747726818]",1,-1
8202,[0.66692444 0.61328979],3,3,"[0.6601234827680622, 0.6109507568947781]",1,-1
8203,[0.39347185 0.587096  ],0,1,"[0.37965276877051146, 0.575157747726818]",1,-1
8204,[0.2205599 0.1530659],1,-1,-1,0,0
8205,[0.4523251  0.54210562],0,-1,-1,1,-1
8206,[0.33664206 0.6335442 ],0,-1,-1,1,-1
8207,[0.43651956 0.48925152],0,-1,-1,1,-1
8208,[0.34217373 0.27098789],1,-1,-1,0,0
8209,[0.27601508 0.20908087],1,2,"[0.294379027732062, 0.1921773781634303]",0,0
8210,[0.33254535 0.62286821],0,1,"[0.37965276877051146, 0.575157747726818]",1,-1
8211,[0.26408962 0.13765906],1,2,"[0.294379027732062, 0.1921773781634303]",0,0
8212,[0.67683094 0.62229599],3,3,"[0.6601234827680622, 0.6109507568947781]",1,7
8213,[0.63061908 0.60920653],3,3,"[0.6601234827680622, 0.6109507568947781]",1,-1
8214,[0.75752671 0.66494979],2,0,"[0.7890750777399501, 0.6799557517006445]",1,-1
8215,[0.84776547 0.68475121],2,0,"[0.7890750777399501, 0.6799557517006445]",1,-1
8216,[0.29366605 0.64125136],0,-1,-1,1,-1
8217,[0.83823619 0.6238529 ],2,-1,-1,1,-1
8218,[0.4124828  0.60060346],0,1,"[0.37965276877051146, 0.575157747726818]",1,-1
8219,[0.62493599 0.5609533 ],3,3,"[0.6601234827680622, 0.6109507568947781]",1,-1
8220,[0.38336718 0.23686715],1,-1,-1,0,0
8221,[0.50033286 0.53753929],0,-1,-1,1,-1
8222,[0.30653254 0.15480936],1,2,"[0.294379027732062, 0.1921773781634303]",0,0
8223,[0.28448363 0.1591049 ],1,2,"[0.294379027732062, 0.1921773781634303]",0,0
8224,[0.31818495 0.6234421 ],0,-1,-1,1,-1
8225,[0.39220588 0.57653486],0,1,"[0.37965276877051146, 0.575157747726818]",1,-1
8226,[0.40272207 0.61384897],0,1,"[0.37965276877051146, 0.575157747726818]",1,-1
8227,[0.82188585 0.72581389],2,0,"[0.7890750777399501, 0.6799557517006445]",1,-1
8228,[0.32544149 0.19591673],1,2,"[0.294379027732062, 0.1921773781634303]",0,0
8229,[0.61752098 0.61546321],3,3,"[0.6601234827680622, 0.6109507568947781]",1,-1
8230,[0.77396972 0.73579037],2,0,"[0.7890750777399501, 0.6799557517006445]",1,-1
8231,[0.8477782  0.73673683],2,-1,-1,1,-1
8232,[0.36294244 0.55042603],0,1,"[0.37965276877051146, 0.575157747726818]",1,-1
8233,[0.268185   0.21730029],1,2,"[0.294379027732062, 0.1921773781634303]",0,0
8234,[0.35624293 0.53981818],0,1,"[0.37965276877051146, 0.575157747726818]",1,-1
8235,[0.74445545 0.6054656 ],2,-1,-1,1,-1
8236,[0.6559011  0.59562001],3,3,"[0.6601234827680622, 0.6109507568947781]",1,-1
8237,[0.413522   0.61548712],0,1,"[0.37965276877051146, 0.575157747726818]",1,-1
8238,[0.65663155 0.52671573],3,-1,-1,1,-1
8239,[0.24789638 0.17958773],1,2,"[0.294379027732062, 0.1921773781634303]",0,0
8240,[0.72326919 0.58907188],3,3,"[0.6601234827680622, 0.6109507568947781]",1,-1
8241,[0.81852114 0.63246505],2,0,"[0.7890750777399501, 0.6799557517006445]",1,-1
8242,[0.3884917  0.59978741],0,1,"[0.37965276877051146, 0.575157747726818]",1,-1
8243,[0.64254982 0.58504837],3,3,"[0.6601234827680622, 0.6109507568947781]",1,-1
8244,[0.18608923 0.11548224],1,-1,-1,0,0
8245,[0.32639262 0.12834561],1,-1,-1,0,0
8246,[0.84425487 0.68941425],2,0,"[0.7890750777399501, 0.6799557517006445]",1,-1
8247,[0.60089121 0.64923937],3,-1,-1,1,-1
8248,[0.31756801 0.56770211],0,1,"[0.37965276877051146, 0.575157747726818]",1,-1
8249,[0.75263542 0.74629479],2,-1,-1,1,-1
8250,[0.29402274 0.13273115],1,2,"[0.294379027732062, 0.1921773781634303]",0,0
8251,[0.33015961 0.62154862],0,1,"[0.37965276877051146, 0.575157747726818]",1,-1
8252,[0.41425184 0.55327787],0,1,"[0.37965276877051146, 0.575157747726818]",1,-1
8253,[0.84680025 0.59865037],2,-1,-1,1,-1
8254,[0.23458573 0.1633738 ],1,2,"[0.294379027732062, 0.1921773781634303]",0,0
8255,[0.86262007 0.65484944],2,-1,-1,1,-1
8256,[0.3829821  0.12912748],1,-1,-1,0,0
8257,[0.62009962 0.63286759],3,3,"[0.6601234827680622, 0.6109507568947781]",1,-1
8258,[0.33969973 0.58248352],0,1,"[0.37965276877051146, 0.575157747726818]",1,-1
8259,[0.72774189 0.6719605 ],2,0,"[0.7890750777399501, 0.6799557517006445]",1,-1
8260,[0.61938869 0.63070951],3,3,"[0.6601234827680622, 0.6109507568947781]",1,-1
8261,[0.16292651 0.13542523],1,-1,-1,0,0
8262,[0.65308888 0.64616942],3,3,"[0.6601234827680622, 0.6109507568947781]",1,-1
8263,[0.7092084  0.60773473],3,3,"[0.6601234827680622, 0.6109507568947781]",1,-1
8264,[0.65244106 0.69049467],3,-1,-1,1,-1
8265,[0.70911661 0.60717878],3,3,"[0.6601234827680622, 0.6109507568947781]",1,-1
8266,[0.4022669  0.54648249],0,1,"[0.37965276877051146, 0.575157747726818]",1,-1
8267,[0.60870199 0.61905229],3,3,"[0.6601234827680622, 0.6109507568947781]",1,-1
8268,[0.73599027 0.80346177],2,-1,-1,1,-1
8269,[0.65512053 0.54083343],3,-1,-1,1,-1
8270,[0.31830808 0.19677352],1,2,"[0.294379027732062, 0.1921773781634303]",0,0
8271,[0.31556202 0.21263051],1,2,"[0.294379027732062, 0.1921773781634303]",0,0
8272,[0.39937937 0.65597125],0,-1,-1,1,-1
8273,[0.34615987 0.57724974],0,1,"[0.37965276877051146, 0.575157747726818]",1,-1
8274,[0.23096339 0.20647393],1,2,"[0.294379027732062, 0.1921773781634303]",0,0
8275,[0.37438932 0.55699336],0,1,"[0.37965276877051146, 0.575157747726818]",1,-1
8276,[0.3374687  0.21056193],1,2,"[0.294379027732062, 0.1921773781634303]",0,0
8277,[0.24152045 0.18606948],1,2,"[0.294379027732062, 0.1921773781634303]",0,0
8278,[0.35256014 0.2865202 ],1,-1,-1,0,0
8279,[0.40073806 0.57892181],0,1,"[0.37965276877051146, 0.575157747726818]",1,-1
8280,[0.29290201 0.1916506 ],1,2,"[0.294379027732062, 0.1921773781634303]",0,0
8281,[0.68240644 0.5643479 ],3,3,"[0.6601234827680622, 0.6109507568947781]",1,-1
8282,[0.3617933  0.57223952],0,1,"[0.37965276877051146, 0.575157747726818]",1,-1
8283,[0.80246741 0.7553852 ],2,-1,-1,1,-1
8284,[0.64752284 0.57812242],3,3,"[0.6601234827680622, 0.6109507568947781]",1,-1
8285,[0.81448416 0.59353085],2,-1,-1,1,-1
8286,[0.74150813 0.61131062],3,-1,-1,1,-1
8287,[0.81538466 0.73359026],2,0,"[0.7890750777399501, 0.6799557517006445]",1,-1
8288,[0.56858526 0.58640902],3,-1,-1,1,-1
8289,[0.25843536 0.20279499],1,2,"[0.294379027732062, 0.1921773781634303]",0,0
8290,[0.40966395 0.5542334 ],0,1,"[0.37965276877051146, 0.575157747726818]",1,-1
8291,[0.31609032 0.64494822],0,-1,-1,1,-1
8292,[0.83432649 0.68151741],2,0,"[0.7890750777399501, 0.6799557517006445]",1,-1
8293,[0.25387091 0.13254086],1,-1,-1,0,0
8294,[0.65736753 0.51131273],3,-1,-1,1,-1
8295,[0.83304958 0.69187567],2,0,"[0.7890750777399501, 0.6799557517006445]",1,-1
8296,[0.79980197 0.65541091],2,0,"[0.7890750777399501, 0.6799557517006445]",1,-1
8297,[0.82657622 0.60797732],2,-1,-1,1,-1
8298,[0.70827554 0.63012314],2,3,"[0.6601234827680622, 0.6109507568947781]",1,-1
8299,[0.61754594 0.56004026],3,3,"[0.6601234827680622, 0.6109507568947781]",1,-1
8300,[0.44375854 0.53648079],0,-1,-1,1,-1
8301,[0.29084425 0.18641077],1,2,"[0.294379027732062, 0.1921773781634303]",0,0
8302,[0.74447968 0.66235172],2,0,"[0.7890750777399501, 0.6799557517006445]",1,-1
8303,[0.71980835 0.62592456],3,3,"[0.6601234827680622, 0.6109507568947781]",1,-1
8304,[0.84900981 0.68717654],2,0,"[0.7890750777399501, 0.6799557517006445]",1,-1
8305,[0.37186377 0.61269434],0,1,"[0.37965276877051146, 0.575157747726818]",1,-1
8306,[0.23964999 0.21310348],1,2,"[0.294379027732062, 0.1921773781634303]",0,0
8307,[0.2894227  0.17700662],1,2,"[0.294379027732062, 0.1921773781634303]",0,0
8308,[0.79898879 0.71632362],2,0,"[0.7890750777399501, 0.6799557517006445]",1,-1
8309,[0.39053823 0.58690481],0,1,"[0.37965276877051146, 0.575157747726818]",1,-1
8310,[0.680213  0.6110081],3,3,"[0.6601234827680622, 0.6109507568947781]",1,-1
8311,[0.40234774 0.23881294],1,-1,-1,0,0
8312,[0.67078063 0.71933056],3,-1,-1,1,-1
8313,[0.88406183 0.69243976],2,-1,-1,1,-1
8314,[0.63741747 0.637526  ],3,3,"[0.6601234827680622, 0.6109507568947781]",1,-1
8315,[0.73373591 0.71165594],2,0,"[0.7890750777399501, 0.6799557517006445]",1,-1
8316,[0.25346124 0.13264085],1,-1,-1,0,0
8317,[0.45886121 0.53184968],0,-1,-1,1,-1
8318,[0.33411704 0.54018338],0,1,"[0.37965276877051146, 0.575157747726818]",1,-1
8319,[0.3180108  0.59432273],0,1,"[0.37965276877051146, 0.575157747726818]",1,-1
8320,[0.7590349  0.66409585],2,0,"[0.7890750777399501, 0.6799557517006445]",1,-1
8321,[0.23798633 0.18750328],1,2,"[0.294379027732062, 0.1921773781634303]",0,0
8322,[0.65663791 0.55393151],3,3,"[0.6601234827680622, 0.6109507568947781]",1,-1
8323,[0.6634722  0.63836533],2,3,"[0.6601234827680622, 0.6109507568947781]",1,-1
8324,[0.30966623 0.09887614],1,-1,-1,0,0
8325,[0.68464144 0.64293454],3,3,"[0.6601234827680622, 0.6109507568947781]",1,-1
8326,[0.69268228 0.56153331],3,3,"[0.6601234827680622, 0.6109507568947781]",1,-1
8327,[0.61257514 0.62108419],3,3,"[0.6601234827680622, 0.6109507568947781]",1,-1
8328,[0.33829332 0.18088349],1,2,"[0.294379027732062, 0.1921773781634303]",0,0
8329,[0.40579536 0.63725762],0,1,"[0.37965276877051146, 0.575157747726818]",1,-1
8330,[0.32401437 0.55431111],0,1,"[0.37965276877051146, 0.575157747726818]",1,-1
8331,[0.38757162 0.14874994],1,-1,-1,0,0
8332,[0.33543703 0.58365164],0,1,"[0.37965276877051146, 0.575157747726818]",1,-1
8333,[0.62965429 0.61738434],3,3,"[0.6601234827680622, 0.6109507568947781]",1,-1
8334,[0.35028988 0.20568106],1,2,"[0.294379027732062, 0.1921773781634303]",0,0
8335,[0.26065738 0.27375493],1,-1,-1,0,0
8336,[0.34436143 0.53984591],0,1,"[0.37965276877051146, 0.575157747726818]",1,-1
8337,[0.20833912 0.21243618],1,-1,-1,0,0
8338,[0.61706175 0.54209807],3,-1,-1,1,-1
8339,[0.39227506 0.57757203],0,1,"[0.37965276877051146, 0.575157747726818]",1,-1
8340,[0.65765936 0.59928053],3,3,"[0.6601234827680622, 0.6109507568947781]",1,-1
8341,[0.36896863 0.23078892],1,-1,-1,0,0
8342,[0.84935856 0.68256274],2,0,"[0.7890750777399501, 0.6799557517006445]",1,-1
8343,[0.83091876 0.68083893],2,0,"[0.7890750777399501, 0.6799557517006445]",1,-1
8344,[0.68063736 0.59859629],3,3,"[0.6601234827680622, 0.6109507568947781]",1,-1
8345,[0.76658349 0.65463156],2,0,"[0.7890750777399501, 0.6799557517006445]",1,-1
8346,[0.76344134 0.73086987],2,0,"[0.7890750777399501, 0.6799557517006445]",1,-1
8347,[0.83212452 0.66223255],2,0,"[0.7890750777399501, 0.6799557517006445]",1,-1
8348,[0.67166662 0.6005252 ],3,3,"[0.6601234827680622, 0.6109507568947781]",1,-1
8349,[0.27056379 0.20360319],1,2,"[0.294379027732062, 0.1921773781634303]",0,0
8350,[0.79262417 0.59045542],2,-1,-1,1,-1
8351,[0.72314417 0.65451428],2,-1,-1,1,-1
8352,[0.71851535 0.653375  ],2,-1,-1,1,-1
8353,[0.61802443 0.60527939],3,3,"[0.6601234827680622, 0.6109507568947781]",1,-1
8354,[0.74233834 0.67940569],2,0,"[0.7890750777399501, 0.6799557517006445]",1,-1
8355,[0.26678611 0.13501398],1,2,"[0.294379027732062, 0.1921773781634303]",0,0
8356,[0.55358953 0.60437128],3,-1,-1,1,-1
8357,[0.31321015 0.59787933],0,-1,-1,1,-1
8358,[0.24062788 0.26893019],1,-1,-1,0,0
8359,[0.73258737 0.6599999 ],3,0,"[0.7890750777399501, 0.6799557517006445]",1,-1
8360,[0.31273379 0.17412815],1,2,"[0.294379027732062, 0.1921773781634303]",0,0
8361,[0.34617571 0.51575807],0,1,"[0.37965276877051146, 0.575157747726818]",1,-1
8362,[0.80080388 0.58640506],2,-1,-1,1,-1
8363,[0.75516732 0.71875134],2,0,"[0.7890750777399501, 0.6799557517006445]",1,-1
8364,[0.32442024 0.52103766],0,-1,-1,1,-1
8365,[0.40020065 0.53833768],0,1,"[0.37965276877051146, 0.575157747726818]",1,-1
8366,[0.87745715 0.68183469],2,-1,-1,1,-1
8367,[0.29006648 0.19382505],1,2,"[0.294379027732062, 0.1921773781634303]",0,0
8368,[0.45378947 0.55122474],0,-1,-1,1,-1
8369,[0.72730186 0.61429425],3,3,"[0.6601234827680622, 0.6109507568947781]",1,-1
8370,[0.33238176 0.12200687],1,-1,-1,0,0
8371,[0.45687494 0.63234019],0,-1,-1,1,-1
8372,[0.75978661 0.66939487],2,0,"[0.7890750777399501, 0.6799557517006445]",1,-1
8373,[0.711158   0.69407697],3,-1,-1,1,-1
8374,[0.69270858 0.698846  ],3,-1,-1,1,-1
8375,[0.68904378 0.63401439],3,3,"[0.6601234827680622, 0.6109507568947781]",1,-1
8376,[0.31193275 0.22105748],1,2,"[0.294379027732062, 0.1921773781634303]",0,0
8377,[0.37472512 0.18692899],1,-1,-1,0,0
8378,[0.75672949 0.73039696],2,0,"[0.7890750777399501, 0.6799557517006445]",1,-1
8379,[0.63445013 0.61658934],3,3,"[0.6601234827680622, 0.6109507568947781]",1,-1
8380,[0.42861884 0.62654704],0,-1,-1,1,-1
8381,[0.80874312 0.70842328],2,0,"[0.7890750777399501, 0.6799557517006445]",1,-1
8382,[0.75006127 0.5661412 ],3,-1,-1,1,-1
8383,[0.34256316 0.63645097],0,-1,-1,1,-1
8384,[0.32525689 0.09244958],1,-1,-1,0,0
8385,[0.4090703  0.55181065],0,1,"[0.37965276877051146, 0.575157747726818]",1,-1
8386,[0.30928556 0.56479034],0,-1,-1,1,-1
8387,[0.68713811 0.56431744],3,3,"[0.6601234827680622, 0.6109507568947781]",1,-1
8388,[0.25714992 0.20910631],1,2,"[0.294379027732062, 0.1921773781634303]",0,0
8389,[0.36527706 0.54057509],0,1,"[0.37965276877051146, 0.575157747726818]",1,-1
8390,[0.69051467 0.67602921],3,-1,-1,1,-1
8391,[0.81937489 0.54638636],2,-1,-1,1,-1
8392,[0.31489216 0.6631451 ],0,-1,-1,1,-1
8393,[0.69002967 0.63735496],3,3,"[0.6601234827680622, 0.6109507568947781]",1,-1
8394,[0.89122992 0.66023337],2,-1,-1,1,-1
8395,[0.40701492 0.5482233 ],0,1,"[0.37965276877051146, 0.575157747726818]",1,-1
8396,[0.41345911 0.60066873],0,1,"[0.37965276877051146, 0.575157747726818]",1,-1
8397,[0.74626341 0.59126602],3,-1,-1,1,-1
8398,[0.42062759 0.15769038],1,-1,-1,0,0
8399,[0.63752539 0.58521772],3,3,"[0.6601234827680622, 0.6109507568947781]",1,-1
8400,[0.6605561  0.63435872],3,3,"[0.6601234827680622, 0.6109507568947781]",1,-1
8401,[0.85764617 0.65616739],2,-1,-1,1,-1
8402,[0.8032476  0.58997859],2,-1,-1,1,-1
8403,[0.66053641 0.65196004],3,3,"[0.6601234827680622, 0.6109507568947781]",1,-1
8404,[0.75308154 0.72924932],2,0,"[0.7890750777399501, 0.6799557517006445]",1,-1
8405,[0.36025174 0.5800823 ],0,1,"[0.37965276877051146, 0.575157747726818]",1,-1
8406,[0.55302721 0.64290282],3,-1,-1,1,-1
8407,[0.66609444 0.59281717],3,3,"[0.6601234827680622, 0.6109507568947781]",1,-1
8408,[0.33457225 0.20008151],1,2,"[0.294379027732062, 0.1921773781634303]",0,0
8409,[0.77049447 0.61734499],2,0,"[0.7890750777399501, 0.6799557517006445]",1,-1
8410,[0.31099524 0.19691922],1,2,"[0.294379027732062, 0.1921773781634303]",0,0
8411,[0.55529041 0.62234393],3,-1,-1,1,-1
8412,[0.72108003 0.63564804],2,3,"[0.6601234827680622, 0.6109507568947781]",1,-1
8413,[0.77641747 0.76978954],2,-1,-1,1,-1
8414,[0.39271505 0.60701606],0,1,"[0.37965276877051146, 0.575157747726818]",1,-1
8415,[0.28717578 0.24378922],1,2,"[0.294379027732062, 0.1921773781634303]",0,0
8416,[0.71355793 0.58238612],3,3,"[0.6601234827680622, 0.6109507568947781]",1,-1
8417,[0.70177367 0.5884865 ],3,3,"[0.6601234827680622, 0.6109507568947781]",1,-1
8418,[0.43988414 0.52921919],0,-1,-1,1,-1
8419,[0.4270446  0.54236512],0,1,"[0.37965276877051146, 0.575157747726818]",1,-1
8420,[0.61942824 0.61788244],3,3,"[0.6601234827680622, 0.6109507568947781]",1,-1
8421,[0.37187918 0.56414912],0,1,"[0.37965276877051146, 0.575157747726818]",1,1
8422,[0.6403336  0.60072256],3,3,"[0.6601234827680622, 0.6109507568947781]",1,-1
8423,[0.73334572 0.60122676],3,-1,-1,1,-1
8424,[0.74484481 0.79950681],2,-1,-1,1,-1
8425,[0.75332754 0.74775745],2,-1,-1,1,-1
8426,[0.74896477 0.64159347],2,0,"[0.7890750777399501, 0.6799557517006445]",1,-1
8427,[0.81810495 0.75371573],2,-1,-1,1,-1
8428,[0.87238493 0.70058372],2,-1,-1,1,-1
8429,[0.28705517 0.22634661],1,2,"[0.294379027732062, 0.1921773781634303]",0,0
8430,[0.46869346 0.56936198],0,-1,-1,1,-1
8431,[0.78931298 0.6341139 ],2,0,"[0.7890750777399501, 0.6799557517006445]",1,-1
8432,[0.36575885 0.60764836],0,1,"[0.37965276877051146, 0.575157747726818]",1,-1
8433,[0.84274354 0.6851767 ],2,0,"[0.7890750777399501, 0.6799557517006445]",1,-1
8434,[0.81775605 0.72778739],2,0,"[0.7890750777399501, 0.6799557517006445]",1,-1
8435,[0.3618998  0.60369266],0,1,"[0.37965276877051146, 0.575157747726818]",1,-1
8436,[0.45908957 0.48917225],0,-1,-1,1,-1
8437,[0.85504803 0.6880349 ],2,0,"[0.7890750777399501, 0.6799557517006445]",1,-1
8438,[0.33981899 0.20365744],1,2,"[0.294379027732062, 0.1921773781634303]",0,0
8439,[0.30213965 0.21581901],1,2,"[0.294379027732062, 0.1921773781634303]",0,0
8440,[0.80104618 0.69637541],2,0,"[0.7890750777399501, 0.6799557517006445]",1,-1
8441,[0.68605885 0.67726914],3,-1,-1,1,-1
8442,[0.81643426 0.62671459],2,0,"[0.7890750777399501, 0.6799557517006445]",1,-1
8443,[0.61468529 0.64762152],3,3,"[0.6601234827680622, 0.6109507568947781]",1,-1
8444,[0.40742982 0.57281547],0,1,"[0.37965276877051146, 0.575157747726818]",1,2
8445,[0.36583115 0.67157829],0,-1,-1,1,-1
8446,[0.28469421 0.24627379],1,2,"[0.294379027732062, 0.1921773781634303]",0,0
8447,[0.70981989 0.67418717],2,-1,-1,1,-1
8448,[0.46803304 0.66019557],0,-1,-1,1,-1
8449,[0.79294219 0.65873967],2,0,"[0.7890750777399501, 0.6799557517006445]",1,-1
8450,[0.71601447 0.64830752],3,3,"[0.6601234827680622, 0.6109507568947781]",1,-1
8451,[0.2803443 0.2716952],1,-1,-1,0,0
8452,[0.85469117 0.67122242],2,0,"[0.7890750777399501, 0.6799557517006445]",1,-1
8453,[0.2887983  0.60691821],0,-1,-1,1,-1
8454,[0.32627827 0.19473573],1,2,"[0.294379027732062, 0.1921773781634303]",0,0
8455,[0.70187651 0.58904036],3,3,"[0.6601234827680622, 0.6109507568947781]",1,-1
8456,[0.64317291 0.57707459],3,3,"[0.6601234827680622, 0.6109507568947781]",1,-1
8457,[0.21182039 0.16291486],1,-1,-1,0,0
8458,[0.33977519 0.6217389 ],0,1,"[0.37965276877051146, 0.575157747726818]",1,-1
8459,[0.69505645 0.62157975],3,3,"[0.6601234827680622, 0.6109507568947781]",1,-1
8460,[0.61171447 0.51832155],3,-1,-1,1,-1
8461,[0.37973586 0.55631152],0,1,"[0.37965276877051146, 0.575157747726818]",1,-1
8462,[0.23542784 0.22461139],1,2,"[0.294379027732062, 0.1921773781634303]",0,0
8463,[0.6653521 0.6325638],3,3,"[0.6601234827680622, 0.6109507568947781]",1,7
8464,[0.30465938 0.6032481 ],0,-1,-1,1,-1
8465,[0.6841396  0.62244465],3,3,"[0.6601234827680622, 0.6109507568947781]",1,7
8466,[0.75098512 0.66419351],2,0,"[0.7890750777399501, 0.6799557517006445]",1,-1
8467,[0.60172629 0.63461616],3,3,"[0.6601234827680622, 0.6109507568947781]",1,-1
8468,[0.73687724 0.6270897 ],2,-1,-1,1,-1
8469,[0.31417436 0.55906705],0,1,"[0.37965276877051146, 0.575157747726818]",1,-1
8470,[0.23742018 0.21432499],1,2,"[0.294379027732062, 0.1921773781634303]",0,0
8471,[0.3212754  0.12281222],1,-1,-1,0,0
8472,[0.63606693 0.60066016],3,3,"[0.6601234827680622, 0.6109507568947781]",1,-1
8473,[0.31694967 0.6611796 ],0,-1,-1,1,-1
8474,[0.27682365 0.26980852],1,-1,-1,0,0
8475,[0.85207849 0.7291095 ],2,-1,-1,1,-1
8476,[0.34789286 0.62352116],0,1,"[0.37965276877051146, 0.575157747726818]",1,-1
8477,[0.83456543 0.60980732],2,-1,-1,1,-1
8478,[0.80745389 0.75990298],2,-1,-1,1,-1
8479,[0.74684208 0.67796614],2,0,"[0.7890750777399501, 0.6799557517006445]",1,-1
8480,[0.22709398 0.29645558],1,-1,-1,0,0
8481,[0.70926557 0.6548364 ],2,3,"[0.6601234827680622, 0.6109507568947781]",1,-1
8482,[0.76405759 0.60082306],2,-1,-1,1,-1
8483,[0.69859597 0.73485575],2,-1,-1,1,-1
8484,[0.30785179 0.23340434],1,2,"[0.294379027732062, 0.1921773781634303]",0,0
8485,[0.23634    0.25803588],1,-1,-1,0,0
8486,[0.34076554 0.13768539],1,-1,-1,0,0
8487,[0.3499738  0.54590928],0,1,"[0.37965276877051146, 0.575157747726818]",1,-1
8488,[0.3773696  0.56528467],0,1,"[0.37965276877051146, 0.575157747726818]",1,-1
8489,[0.72430282 0.63888931],3,3,"[0.6601234827680622, 0.6109507568947781]",1,-1
8490,[0.27706874 0.22157721],1,2,"[0.294379027732062, 0.1921773781634303]",0,0
8491,[0.34363965 0.07528524],1,-1,-1,0,0
8492,[0.67714    0.60764976],3,3,"[0.6601234827680622, 0.6109507568947781]",1,5
8493,[0.38787394 0.57100784],0,1,"[0.37965276877051146, 0.575157747726818]",1,2
8494,[0.35988522 0.30869508],1,-1,-1,0,0
8495,[0.65453435 0.57184752],3,3,"[0.6601234827680622, 0.6109507568947781]",1,-1
8496,[0.30929395 0.25189257],1,2,"[0.294379027732062, 0.1921773781634303]",0,0
8497,[0.72678746 0.70164028],2,0,"[0.7890750777399501, 0.6799557517006445]",1,-1
8498,[0.3209893  0.19168811],1,2,"[0.294379027732062, 0.1921773781634303]",0,0
8499,[0.66261096 0.63596717],3,3,"[0.6601234827680622, 0.6109507568947781]",1,-1
8500,[0.34822922 0.10429301],1,-1,-1,0,0
8501,[0.37357645 0.59884164],0,1,"[0.37965276877051146, 0.575157747726818]",1,-1
8502,[0.29429689 0.17825973],1,2,"[0.294379027732062, 0.1921773781634303]",0,0
8503,[0.85940302 0.69113764],2,-1,-1,1,-1
8504,[0.87299496 0.68174497],2,-1,-1,1,-1
8505,[0.32822915 0.19143543],1,2,"[0.294379027732062, 0.1921773781634303]",0,0
8506,[0.30804241 0.18151248],1,2,"[0.294379027732062, 0.1921773781634303]",0,0
8507,[0.20576739 0.2061462 ],1,-1,-1,0,0
8508,[0.28868449 0.1634773 ],1,2,"[0.294379027732062, 0.1921773781634303]",0,0
8509,[0.32626696 0.19554518],1,2,"[0.294379027732062, 0.1921773781634303]",0,0
8510,[0.81906886 0.74247455],2,0,"[0.7890750777399501, 0.6799557517006445]",1,-1
8511,[0.8134783  0.71966275],2,0,"[0.7890750777399501, 0.6799557517006445]",1,-1
8512,[0.39012484 0.58794864],0,1,"[0.37965276877051146, 0.575157747726818]",1,-1
8513,[0.68605823 0.6042129 ],3,3,"[0.6601234827680622, 0.6109507568947781]",1,5
8514,[0.31339501 0.62615945],0,-1,-1,1,-1
8515,[0.66224912 0.59874596],2,3,"[0.6601234827680622, 0.6109507568947781]",1,6
8516,[0.3371799  0.60546796],0,1,"[0.37965276877051146, 0.575157747726818]",1,-1
8517,[0.22763917 0.28331408],1,-1,-1,0,0
8518,[0.80323515 0.63766865],2,0,"[0.7890750777399501, 0.6799557517006445]",1,-1
8519,[0.30191155 0.20333884],1,2,"[0.294379027732062, 0.1921773781634303]",0,0
8520,[0.80024037 0.66484322],2,0,"[0.7890750777399501, 0.6799557517006445]",1,4
8521,[0.74704815 0.71908057],2,0,"[0.7890750777399501, 0.6799557517006445]",1,-1
8522,[0.78044914 0.62348288],2,0,"[0.7890750777399501, 0.6799557517006445]",1,-1
8523,[0.67651465 0.630596  ],3,3,"[0.6601234827680622, 0.6109507568947781]",1,-1
8524,[0.71229053 0.66707558],3,-1,-1,1,-1
8525,[0.44651254 0.56707379],0,1,"[0.37965276877051146, 0.575157747726818]",1,-1
8526,[0.4430721  0.58656153],0,1,"[0.37965276877051146, 0.575157747726818]",1,-1
8527,[0.60093173 0.66112006],3,-1,-1,1,-1
8528,[0.320521   0.17876518],1,2,"[0.294379027732062, 0.1921773781634303]",0,0
8529,[0.36759253 0.58685727],0,1,"[0.37965276877051146, 0.575157747726818]",1,-1
8530,[0.80218458 0.75415731],2,-1,-1,1,-1
8531,[0.3737497  0.56402852],0,1,"[0.37965276877051146, 0.575157747726818]",1,1
8532,[0.35344772 0.17816763],1,2,"[0.294379027732062, 0.1921773781634303]",0,0
8533,[0.2796133  0.17012813],1,2,"[0.294379027732062, 0.1921773781634303]",0,0
8534,[0.76551113 0.66494825],2,0,"[0.7890750777399501, 0.6799557517006445]",1,-1
8535,[0.38641064 0.57241967],0,1,"[0.37965276877051146, 0.575157747726818]",1,2
8536,[0.73477036 0.70322528],3,0,"[0.7890750777399501, 0.6799557517006445]",1,-1
8537,[0.39793746 0.56409409],0,1,"[0.37965276877051146, 0.575157747726818]",1,2
8538,[0.74009005 0.68668203],2,0,"[0.7890750777399501, 0.6799557517006445]",1,-1
8539,[0.35695367 0.55123721],0,1,"[0.37965276877051146, 0.575157747726818]",1,-1
8540,[0.66952971 0.6335995 ],3,3,"[0.6601234827680622, 0.6109507568947781]",1,7
8541,[0.38842783 0.59486386],0,1,"[0.37965276877051146, 0.575157747726818]",1,-1
8542,[0.73239063 0.72700037],2,-1,-1,1,-1
8543,[0.31687005 0.13942937],1,2,"[0.294379027732062, 0.1921773781634303]",0,0
8544,[0.68732813 0.60212094],3,3,"[0.6601234827680622, 0.6109507568947781]",1,5
8545,[0.78966792 0.75265795],2,-1,-1,1,-1
8546,[0.25925059 0.1792286 ],1,2,"[0.294379027732062, 0.1921773781634303]",0,0
8547,[0.38221433 0.51366438],0,1,"[0.37965276877051146, 0.575157747726818]",1,-1
8548,[0.77806803 0.7460047 ],2,0,"[0.7890750777399501, 0.6799557517006445]",1,-1
8549,[0.82111971 0.73363276],2,0,"[0.7890750777399501, 0.6799557517006445]",1,-1
8550,[0.71216603 0.64568605],2,3,"[0.6601234827680622, 0.6109507568947781]",1,-1
8551,[0.79217152 0.72968769],2,0,"[0.7890750777399501, 0.6799557517006445]",1,-1
8552,[0.69290135 0.51032036],3,-1,-1,1,-1
8553,[0.42742313 0.55793206],0,1,"[0.37965276877051146, 0.575157747726818]",1,-1
8554,[0.26848493 0.23494168],1,2,"[0.294379027732062, 0.1921773781634303]",0,0
8555,[0.78348005 0.73568732],2,0,"[0.7890750777399501, 0.6799557517006445]",1,-1
8556,[0.84677116 0.66002833],2,0,"[0.7890750777399501, 0.6799557517006445]",1,-1
8557,[0.40628452 0.48533835],0,-1,-1,1,-1
8558,[0.62820789 0.58049442],3,3,"[0.6601234827680622, 0.6109507568947781]",1,-1
8559,[0.35415716 0.556385  ],0,1,"[0.37965276877051146, 0.575157747726818]",1,-1
8560,[0.73715225 0.74429724],2,-1,-1,1,-1
8561,[0.36833494 0.58040007],0,1,"[0.37965276877051146, 0.575157747726818]",1,-1
8562,[0.40963317 0.56731263],0,1,"[0.37965276877051146, 0.575157747726818]",1,2
8563,[0.25955529 0.2396738 ],1,2,"[0.294379027732062, 0.1921773781634303]",0,0
8564,[0.32042349 0.13558177],1,2,"[0.294379027732062, 0.1921773781634303]",0,0
8565,[0.80995642 0.62414577],2,0,"[0.7890750777399501, 0.6799557517006445]",1,-1
8566,[0.37889377 0.55364013],0,1,"[0.37965276877051146, 0.575157747726818]",1,-1
8567,[0.43484364 0.56807095],0,1,"[0.37965276877051146, 0.575157747726818]",1,-1
8568,[0.64220015 0.65112307],3,3,"[0.6601234827680622, 0.6109507568947781]",1,-1
8569,[0.76790515 0.69423534],2,0,"[0.7890750777399501, 0.6799557517006445]",1,4
8570,[0.23944091 0.11367921],1,-1,-1,0,0
8571,[0.55270742 0.68467313],0,-1,-1,1,-1
8572,[0.74545607 0.57715031],3,-1,-1,1,-1
8573,[0.65503599 0.58369836],3,3,"[0.6601234827680622, 0.6109507568947781]",1,-1
8574,[0.77045023 0.65621201],2,0,"[0.7890750777399501, 0.6799557517006445]",1,-1
8575,[0.26749358 0.15978226],1,2,"[0.294379027732062, 0.1921773781634303]",0,0
8576,[0.32995625 0.25931797],1,-1,-1,0,0
8577,[0.64394157 0.61839704],3,3,"[0.6601234827680622, 0.6109507568947781]",1,-1
8578,[0.31264088 0.48522691],0,-1,-1,1,-1
8579,[0.38884898 0.533659  ],0,1,"[0.37965276877051146, 0.575157747726818]",1,-1
8580,[0.67343179 0.53016688],3,-1,-1,1,-1
8581,[0.65224658 0.6412804 ],3,3,"[0.6601234827680622, 0.6109507568947781]",1,-1
8582,[0.72002054 0.72469307],3,-1,-1,1,-1
8583,[0.70613928 0.68309373],3,-1,-1,1,-1
8584,[0.80184066 0.71639534],2,0,"[0.7890750777399501, 0.6799557517006445]",1,-1
8585,[0.82865326 0.66993896],2,0,"[0.7890750777399501, 0.6799557517006445]",1,-1
8586,[0.76768603 0.68010633],2,0,"[0.7890750777399501, 0.6799557517006445]",1,4
8587,[0.35027257 0.19063703],1,2,"[0.294379027732062, 0.1921773781634303]",0,0
8588,[0.6804469  0.58884999],3,3,"[0.6601234827680622, 0.6109507568947781]",1,-1
8589,[0.64352842 0.5999365 ],3,3,"[0.6601234827680622, 0.6109507568947781]",1,-1
8590,[0.87520194 0.6684981 ],2,-1,-1,1,-1
8591,[0.4093457  0.68394875],0,-1,-1,1,-1
8592,[0.7806177  0.63738365],2,0,"[0.7890750777399501, 0.6799557517006445]",1,-1
8593,[0.33180957 0.16020458],1,2,"[0.294379027732062, 0.1921773781634303]",0,0
8594,[0.79519611 0.64118556],2,0,"[0.7890750777399501, 0.6799557517006445]",1,-1
8595,[0.6113253  0.59221048],3,3,"[0.6601234827680622, 0.6109507568947781]",1,-1
8596,[0.30818645 0.65032793],0,-1,-1,1,-1
8597,[0.57766482 0.55948293],3,-1,-1,1,-1
8598,[0.24523936 0.18221325],1,2,"[0.294379027732062, 0.1921773781634303]",0,0
8599,[0.379144   0.59525991],0,1,"[0.37965276877051146, 0.575157747726818]",1,-1
8600,[0.39619553 0.52017008],0,1,"[0.37965276877051146, 0.575157747726818]",1,-1
8601,[0.63634953 0.61371233],3,3,"[0.6601234827680622, 0.6109507568947781]",1,-1
8602,[0.64395831 0.70978857],3,-1,-1,1,-1
8603,[0.3232098  0.56838402],0,1,"[0.37965276877051146, 0.575157747726818]",1,-1
8604,[0.34409189 0.22931613],1,2,"[0.294379027732062, 0.1921773781634303]",0,0
8605,[0.75167614 0.63811704],3,0,"[0.7890750777399501, 0.6799557517006445]",1,-1
8606,[0.8428893  0.77254799],2,-1,-1,1,-1
8607,[0.81643871 0.71455519],2,0,"[0.7890750777399501, 0.6799557517006445]",1,-1
8608,[0.4185108  0.51219053],0,-1,-1,1,-1
8609,[0.79563524 0.64165957],2,0,"[0.7890750777399501, 0.6799557517006445]",1,-1
8610,[0.30942168 0.19705732],1,2,"[0.294379027732062, 0.1921773781634303]",0,0
8611,[0.68685087 0.65383707],3,3,"[0.6601234827680622, 0.6109507568947781]",1,-1
8612,[0.27551648 0.13499019],1,2,"[0.294379027732062, 0.1921773781634303]",0,0
8613,[0.47938157 0.46553176],0,-1,-1,1,-1
8614,[0.69531835 0.60566131],3,3,"[0.6601234827680622, 0.6109507568947781]",1,-1
8615,[0.36484789 0.63626239],0,1,"[0.37965276877051146, 0.575157747726818]",1,-1
8616,[0.27905456 0.26113138],1,-1,-1,0,0
8617,[0.37597121 0.1071794 ],1,-1,-1,0,0
8618,[0.79165996 0.66319735],2,0,"[0.7890750777399501, 0.6799557517006445]",1,-1
8619,[0.34678993 0.1190696 ],1,-1,-1,0,0
8620,[0.73553841 0.63739939],2,0,"[0.7890750777399501, 0.6799557517006445]",1,-1
8621,[0.79031063 0.62128069],2,0,"[0.7890750777399501, 0.6799557517006445]",1,-1
8622,[0.34470874 0.61400234],0,1,"[0.37965276877051146, 0.575157747726818]",1,-1
8623,[0.71939713 0.59487761],3,3,"[0.6601234827680622, 0.6109507568947781]",1,-1
8624,[0.29426454 0.23263189],1,2,"[0.294379027732062, 0.1921773781634303]",0,0
8625,[0.43699134 0.54982226],0,1,"[0.37965276877051146, 0.575157747726818]",1,-1
8626,[0.40532695 0.57374105],0,1,"[0.37965276877051146, 0.575157747726818]",1,2
8627,[0.31726726 0.20659566],1,2,"[0.294379027732062, 0.1921773781634303]",0,0
8628,[0.80059131 0.6490678 ],2,0,"[0.7890750777399501, 0.6799557517006445]",1,-1
8629,[0.85316234 0.65021598],2,-1,-1,1,-1
8630,[0.47306485 0.65593884],0,-1,-1,1,-1
8631,[0.29879185 0.16279998],1,2,"[0.294379027732062, 0.1921773781634303]",0,0
8632,[0.72028973 0.65248617],3,-1,-1,1,-1
8633,[0.83185449 0.63728361],2,0,"[0.7890750777399501, 0.6799557517006445]",1,-1
8634,[0.8507165 0.7054045],2,0,"[0.7890750777399501, 0.6799557517006445]",1,-1
8635,[0.32440405 0.58842225],0,1,"[0.37965276877051146, 0.575157747726818]",1,-1
8636,[0.71030321 0.65168432],3,3,"[0.6601234827680622, 0.6109507568947781]",1,-1
8637,[0.63461279 0.55821999],3,3,"[0.6601234827680622, 0.6109507568947781]",1,-1
8638,[0.30537623 0.22806297],1,2,"[0.294379027732062, 0.1921773781634303]",0,0
8639,[0.26500668 0.21133316],1,2,"[0.294379027732062, 0.1921773781634303]",0,0
8640,[0.34631656 0.53937766],0,1,"[0.37965276877051146, 0.575157747726818]",1,-1
8641,[0.64080867 0.65475579],3,3,"[0.6601234827680622, 0.6109507568947781]",1,-1
8642,[0.61085818 0.72326395],3,-1,-1,1,-1
8643,[0.73407538 0.61272614],3,-1,-1,1,-1
8644,[0.32167663 0.70866066],0,-1,-1,1,-1
8645,[0.75910587 0.73783933],2,0,"[0.7890750777399501, 0.6799557517006445]",1,-1
8646,[0.38031616 0.58157602],0,1,"[0.37965276877051146, 0.575157747726818]",1,-1
8647,[0.98624866 0.70270151],2,-1,-1,1,-1
8648,[0.63284838 0.65203003],3,3,"[0.6601234827680622, 0.6109507568947781]",1,-1
8649,[0.36328879 0.57773031],0,1,"[0.37965276877051146, 0.575157747726818]",1,-1
8650,[0.68192133 0.65328983],2,3,"[0.6601234827680622, 0.6109507568947781]",1,-1
8651,[0.28148608 0.09135323],1,-1,-1,0,0
8652,[0.66442919 0.61253117],3,3,"[0.6601234827680622, 0.6109507568947781]",1,-1
8653,[0.38369709 0.68893587],0,-1,-1,1,-1
8654,[0.65020164 0.59521463],3,3,"[0.6601234827680622, 0.6109507568947781]",1,-1
8655,[0.38467393 0.50114771],0,-1,-1,1,-1
8656,[0.73118577 0.68384171],2,0,"[0.7890750777399501, 0.6799557517006445]",1,-1
8657,[0.79100869 0.73170683],2,0,"[0.7890750777399501, 0.6799557517006445]",1,-1
8658,[0.72561638 0.66304393],2,0,"[0.7890750777399501, 0.6799557517006445]",1,-1
8659,[0.79694636 0.67949142],2,0,"[0.7890750777399501, 0.6799557517006445]",1,-1
8660,[0.40326009 0.58267415],0,1,"[0.37965276877051146, 0.575157747726818]",1,2
8661,[0.83301194 0.71371389],2,0,"[0.7890750777399501, 0.6799557517006445]",1,-1
8662,[0.24267589 0.13666649],1,-1,-1,0,0
8663,[0.69935502 0.59626899],3,3,"[0.6601234827680622, 0.6109507568947781]",1,-1
8664,[0.71839851 0.66270957],2,-1,-1,1,-1
8665,[0.44503277 0.56896061],0,1,"[0.37965276877051146, 0.575157747726818]",1,-1
8666,[0.80092891 0.73567799],2,0,"[0.7890750777399501, 0.6799557517006445]",1,-1
8667,[0.39167577 0.31368347],1,-1,-1,0,0
8668,[0.7918358  0.75878284],2,-1,-1,1,-1
8669,[0.32213371 0.16725391],1,2,"[0.294379027732062, 0.1921773781634303]",0,0
8670,[0.75903351 0.66965261],3,0,"[0.7890750777399501, 0.6799557517006445]",1,-1
8671,[0.74518818 0.67917229],2,0,"[0.7890750777399501, 0.6799557517006445]",1,-1
8672,[0.70458276 0.65476647],3,3,"[0.6601234827680622, 0.6109507568947781]",1,-1
8673,[0.32683424 0.56171796],0,1,"[0.37965276877051146, 0.575157747726818]",1,-1
8674,[0.86058606 0.78305503],2,-1,-1,1,-1
8675,[0.58623726 0.56578175],3,-1,-1,1,-1
8676,[0.30949862 0.27891605],1,-1,-1,0,0
8677,[0.27408924 0.11856154],1,-1,-1,0,0
8678,[0.60659949 0.6081345 ],3,3,"[0.6601234827680622, 0.6109507568947781]",1,-1
8679,[0.25008029 0.25567714],1,-1,-1,0,0
8680,[0.42912133 0.55207753],0,1,"[0.37965276877051146, 0.575157747726818]",1,-1
8681,[0.85486602 0.71265104],2,-1,-1,1,-1
8682,[0.7996452  0.67685087],2,0,"[0.7890750777399501, 0.6799557517006445]",1,4
8683,[0.38483066 0.53127175],0,1,"[0.37965276877051146, 0.575157747726818]",1,-1
8684,[0.39551129 0.18646257],1,-1,-1,0,0
8685,[0.74471158 0.68571874],2,0,"[0.7890750777399501, 0.6799557517006445]",1,-1
8686,[0.38003027 0.58150294],0,1,"[0.37965276877051146, 0.575157747726818]",1,-1
8687,[0.33001135 0.21102523],1,2,"[0.294379027732062, 0.1921773781634303]",0,0
8688,[0.35250135 0.21032846],1,2,"[0.294379027732062, 0.1921773781634303]",0,0
8689,[0.2212506  0.24218531],1,-1,-1,0,0
8690,[0.4269082  0.58981394],0,1,"[0.37965276877051146, 0.575157747726818]",1,-1
8691,[0.18053799 0.17681652],1,-1,-1,0,0
8692,[0.85702364 0.6676951 ],2,0,"[0.7890750777399501, 0.6799557517006445]",1,-1
8693,[0.36961865 0.57618833],0,1,"[0.37965276877051146, 0.575157747726818]",1,1
8694,[0.6648061  0.75195923],3,-1,-1,1,-1
8695,[0.38146137 0.54633379],0,1,"[0.37965276877051146, 0.575157747726818]",1,-1
8696,[0.70950003 0.5622535 ],3,3,"[0.6601234827680622, 0.6109507568947781]",1,-1
8697,[0.28833579 0.27639836],1,-1,-1,0,0
8698,[0.86294281 0.71787723],2,-1,-1,1,-1
8699,[0.72016737 0.64582191],3,3,"[0.6601234827680622, 0.6109507568947781]",1,-1
8700,[0.37648995 0.09195063],1,-1,-1,0,0
8701,[0.38727311 0.61522339],0,1,"[0.37965276877051146, 0.575157747726818]",1,-1
8702,[0.20254817 0.12537293],1,-1,-1,0,0
8703,[0.68483577 0.65042313],3,3,"[0.6601234827680622, 0.6109507568947781]",1,-1
8704,[0.2643826  0.18924371],1,2,"[0.294379027732062, 0.1921773781634303]",0,0
8705,[0.37614587 0.60524355],0,1,"[0.37965276877051146, 0.575157747726818]",1,-1
8706,[0.40989904 0.57298927],0,1,"[0.37965276877051146, 0.575157747726818]",1,2
8707,[0.67433589 0.69050566],3,-1,-1,1,-1
8708,[0.65790377 0.7149524 ],3,-1,-1,1,-1
8709,[0.31975423 0.19124231],1,2,"[0.294379027732062, 0.1921773781634303]",0,0
8710,[0.6905676  0.67052843],3,3,"[0.6601234827680622, 0.6109507568947781]",1,-1
8711,[0.82804851 0.63802688],2,0,"[0.7890750777399501, 0.6799557517006445]",1,-1
8712,[0.55959968 0.5732278 ],3,-1,-1,1,-1
8713,[0.28759122 0.18277144],1,2,"[0.294379027732062, 0.1921773781634303]",0,0
8714,[0.71888294 0.62182706],3,3,"[0.6601234827680622, 0.6109507568947781]",1,-1
8715,[0.43118004 0.64874025],0,-1,-1,1,-1
8716,[0.8390874  0.73829628],2,-1,-1,1,-1
8717,[0.67830375 0.65787653],3,3,"[0.6601234827680622, 0.6109507568947781]",1,-1
8718,[0.29532498 0.20002277],1,2,"[0.294379027732062, 0.1921773781634303]",0,0
8719,[0.25403558 0.23781264],1,2,"[0.294379027732062, 0.1921773781634303]",0,0
8720,[0.78602521 0.5856463 ],3,-1,-1,1,-1
8721,[0.77685553 0.75653468],2,-1,-1,1,-1
8722,[0.74937961 0.60349011],2,-1,-1,1,-1
8723,[0.29915754 0.17078118],1,2,"[0.294379027732062, 0.1921773781634303]",0,0
8724,[0.20807323 0.18709178],1,-1,-1,0,0
8725,[0.63014305 0.61733727],3,3,"[0.6601234827680622, 0.6109507568947781]",1,-1
8726,[0.28608317 0.23378593],1,2,"[0.294379027732062, 0.1921773781634303]",0,0
8727,[0.76645297 0.5975355 ],3,-1,-1,1,-1
8728,[0.29496182 0.19728191],1,2,"[0.294379027732062, 0.1921773781634303]",0,0
8729,[0.77425235 0.76489522],2,-1,-1,1,-1
8730,[0.23751101 0.16497075],1,2,"[0.294379027732062, 0.1921773781634303]",0,0
8731,[0.75940881 0.69938482],2,0,"[0.7890750777399501, 0.6799557517006445]",1,-1
8732,[0.79021494 0.78583626],2,-1,-1,1,-1
8733,[0.73570175 0.76566266],2,-1,-1,1,-1
8734,[0.6514317  0.57313688],3,3,"[0.6601234827680622, 0.6109507568947781]",1,-1
8735,[0.64314979 0.56887536],3,3,"[0.6601234827680622, 0.6109507568947781]",1,-1
8736,[0.69620725 0.69547804],3,-1,-1,1,-1
8737,[0.34727667 0.61797131],0,1,"[0.37965276877051146, 0.575157747726818]",1,-1
8738,[0.27473341 0.08607892],1,-1,-1,0,0
8739,[0.37810902 0.57864759],0,1,"[0.37965276877051146, 0.575157747726818]",1,-1
8740,[0.66207865 0.61783489],3,3,"[0.6601234827680622, 0.6109507568947781]",1,-1
8741,[0.73788004 0.64166393],3,0,"[0.7890750777399501, 0.6799557517006445]",1,-1
8742,[0.84764704 0.7178101 ],2,0,"[0.7890750777399501, 0.6799557517006445]",1,-1
8743,[0.38305079 0.63135968],0,1,"[0.37965276877051146, 0.575157747726818]",1,-1
8744,[0.74979597 0.70490181],2,0,"[0.7890750777399501, 0.6799557517006445]",1,-1
8745,[0.36544071 0.55910168],0,1,"[0.37965276877051146, 0.575157747726818]",1,1
8746,[0.6630103  0.59903409],3,3,"[0.6601234827680622, 0.6109507568947781]",1,-1
8747,[0.35361305 0.1720425 ],1,2,"[0.294379027732062, 0.1921773781634303]",0,0
8748,[0.27294661 0.12702879],1,2,"[0.294379027732062, 0.1921773781634303]",0,0
8749,[0.70777866 0.62529687],3,3,"[0.6601234827680622, 0.6109507568947781]",1,-1
8750,[0.75779057 0.64570577],2,0,"[0.7890750777399501, 0.6799557517006445]",1,-1
8751,[0.30962761 0.21804986],1,2,"[0.294379027732062, 0.1921773781634303]",0,0
8752,[0.34143457 0.63053514],0,1,"[0.37965276877051146, 0.575157747726818]",1,-1
8753,[0.20406586 0.19270566],1,-1,-1,0,0
8754,[0.29874747 0.17047652],1,2,"[0.294379027732062, 0.1921773781634303]",0,0
8755,[0.86687381 0.65456706],2,-1,-1,1,-1
8756,[0.8493221  0.65145889],2,0,"[0.7890750777399501, 0.6799557517006445]",1,-1
8757,[0.71637192 0.56895007],3,-1,-1,1,-1
8758,[0.38215854 0.57263578],0,1,"[0.37965276877051146, 0.575157747726818]",1,1
8759,[0.63542661 0.61977315],3,3,"[0.6601234827680622, 0.6109507568947781]",1,-1
8760,[0.39987183 0.53642362],0,1,"[0.37965276877051146, 0.575157747726818]",1,-1
8761,[0.34457199 0.61750079],0,1,"[0.37965276877051146, 0.575157747726818]",1,-1
8762,[0.36722864 0.50505665],0,-1,-1,1,-1
8763,[0.34414565 0.56646997],0,1,"[0.37965276877051146, 0.575157747726818]",1,-1
8764,[0.76292443 0.73471308],2,0,"[0.7890750777399501, 0.6799557517006445]",1,-1
8765,[0.64980987 0.71428708],3,-1,-1,1,-1
8766,[0.64749818 0.6228434 ],3,3,"[0.6601234827680622, 0.6109507568947781]",1,-1
8767,[0.74444438 0.60290457],3,-1,-1,1,-1
8768,[0.69499711 0.57947284],3,3,"[0.6601234827680622, 0.6109507568947781]",1,-1
8769,[0.57318447 0.67820097],3,-1,-1,1,-1
8770,[0.73108696 0.60968578],3,-1,-1,1,-1
8771,[0.83580324 0.69263464],2,0,"[0.7890750777399501, 0.6799557517006445]",1,-1
8772,[0.73206751 0.6224976 ],2,-1,-1,1,-1
8773,[0.41239882 0.5718104 ],0,1,"[0.37965276877051146, 0.575157747726818]",1,2
8774,[0.59341513 0.63181849],3,3,"[0.6601234827680622, 0.6109507568947781]",1,-1
8775,[0.76622561 0.70955748],2,0,"[0.7890750777399501, 0.6799557517006445]",1,-1
8776,[0.4168129  0.47864252],0,-1,-1,1,-1
8777,[0.5979219  0.61799935],3,3,"[0.6601234827680622, 0.6109507568947781]",1,-1
8778,[0.74286136 0.57522015],2,-1,-1,1,-1
8779,[0.36090134 0.68663663],0,-1,-1,1,-1
8780,[0.24531368 0.19301796],1,2,"[0.294379027732062, 0.1921773781634303]",0,0
8781,[0.43039215 0.55124404],0,1,"[0.37965276877051146, 0.575157747726818]",1,-1
8782,[0.38304823 0.60715812],0,1,"[0.37965276877051146, 0.575157747726818]",1,-1
8783,[0.34691953 0.62238793],0,1,"[0.37965276877051146, 0.575157747726818]",1,-1
8784,[0.60840591 0.60727638],3,3,"[0.6601234827680622, 0.6109507568947781]",1,-1
8785,[0.38621648 0.59086134],0,1,"[0.37965276877051146, 0.575157747726818]",1,-1
8786,[0.81275983 0.69119192],2,0,"[0.7890750777399501, 0.6799557517006445]",1,-1
8787,[0.34580862 0.23861895],1,2,"[0.294379027732062, 0.1921773781634303]",0,0
8788,[0.47253366 0.60876359],0,-1,-1,1,-1
8789,[0.83754651 0.64529893],2,0,"[0.7890750777399501, 0.6799557517006445]",1,-1
8790,[0.31335367 0.59657851],0,1,"[0.37965276877051146, 0.575157747726818]",1,-1
8791,[0.33503292 0.49287058],0,-1,-1,1,-1
8792,[0.79011495 0.71046399],2,0,"[0.7890750777399501, 0.6799557517006445]",1,-1
8793,[0.46205213 0.52256912],0,-1,-1,1,-1
8794,[0.33574229 0.5471986 ],0,1,"[0.37965276877051146, 0.575157747726818]",1,-1
8795,[0.60650755 0.48760932],3,-1,-1,1,-1
8796,[0.34981381 0.18660726],1,2,"[0.294379027732062, 0.1921773781634303]",0,0
8797,[0.42103098 0.56226451],0,1,"[0.37965276877051146, 0.575157747726818]",1,-1
8798,[0.8028984 0.6569051],2,0,"[0.7890750777399501, 0.6799557517006445]",1,-1
8799,[0.84769209 0.68052021],2,0,"[0.7890750777399501, 0.6799557517006445]",1,-1
8800,[0.66502426 0.55753417],3,3,"[0.6601234827680622, 0.6109507568947781]",1,-1
8801,[0.26590831 0.27510657],1,-1,-1,0,0
8802,[0.45101636 0.61199659],0,-1,-1,1,-1
8803,[0.66719321 0.58884115],3,3,"[0.6601234827680622, 0.6109507568947781]",1,-1
8804,[0.37129893 0.59299366],0,1,"[0.37965276877051146, 0.575157747726818]",1,-1
8805,[0.27874173 0.14538814],1,2,"[0.294379027732062, 0.1921773781634303]",0,0
8806,[0.3530729  0.19984355],1,2,"[0.294379027732062, 0.1921773781634303]",0,0
8807,[0.73715819 0.74036437],2,-1,-1,1,-1
8808,[0.41620775 0.63596348],0,-1,-1,1,-1
8809,[0.76737909 0.70184528],2,0,"[0.7890750777399501, 0.6799557517006445]",1,-1
8810,[0.32761515 0.19051941],1,2,"[0.294379027732062, 0.1921773781634303]",0,0
8811,[0.79340341 0.72651279],2,0,"[0.7890750777399501, 0.6799557517006445]",1,-1
8812,[0.278922   0.25133949],1,2,"[0.294379027732062, 0.1921773781634303]",0,0
8813,[0.35671793 0.61692894],0,1,"[0.37965276877051146, 0.575157747726818]",1,-1
8814,[0.39375066 0.54668853],0,1,"[0.37965276877051146, 0.575157747726818]",1,-1
8815,[0.82718871 0.64807709],2,0,"[0.7890750777399501, 0.6799557517006445]",1,-1
8816,[0.34769269 0.50663574],0,-1,-1,1,-1
8817,[0.47432871 0.54704919],0,-1,-1,1,-1
8818,[0.32282126 0.15697798],1,2,"[0.294379027732062, 0.1921773781634303]",0,0
8819,[0.57962232 0.72520994],3,-1,-1,1,-1
8820,[0.83972562 0.64446145],2,0,"[0.7890750777399501, 0.6799557517006445]",1,-1
8821,[0.36665827 0.55399222],0,1,"[0.37965276877051146, 0.575157747726818]",1,-1
8822,[0.76336139 0.62311335],2,0,"[0.7890750777399501, 0.6799557517006445]",1,-1
8823,[0.75592329 0.67480489],2,0,"[0.7890750777399501, 0.6799557517006445]",1,-1
8824,[0.34100765 0.18781796],1,2,"[0.294379027732062, 0.1921773781634303]",0,0
8825,[0.25209491 0.17148046],1,2,"[0.294379027732062, 0.1921773781634303]",0,0
8826,[0.35784934 0.19092766],1,2,"[0.294379027732062, 0.1921773781634303]",0,0
8827,[0.85240789 0.66347965],2,0,"[0.7890750777399501, 0.6799557517006445]",1,-1
8828,[0.36457076 0.68330967],0,-1,-1,1,-1
8829,[0.25482787 0.22302917],1,2,"[0.294379027732062, 0.1921773781634303]",0,0
8830,[0.36530007 0.56928   ],0,1,"[0.37965276877051146, 0.575157747726818]",1,-1
8831,[0.32454784 0.24137321],1,2,"[0.294379027732062, 0.1921773781634303]",0,0
8832,[0.74350407 0.77575658],2,-1,-1,1,-1
8833,[0.3113439  0.13499316],1,2,"[0.294379027732062, 0.1921773781634303]",0,0
8834,[0.36327067 0.57625059],0,1,"[0.37965276877051146, 0.575157747726818]",1,-1
8835,[0.43914872 0.18561894],1,-1,-1,0,0
8836,[0.34366605 0.25115049],1,-1,-1,0,0
8837,[0.81023763 0.68620001],2,0,"[0.7890750777399501, 0.6799557517006445]",1,4
8838,[0.43376741 0.67268645],0,-1,-1,1,-1
8839,[0.32902984 0.19864705],1,2,"[0.294379027732062, 0.1921773781634303]",0,0
8840,[0.28932486 0.18101793],1,2,"[0.294379027732062, 0.1921773781634303]",0,0
8841,[0.59330389 0.51523693],3,-1,-1,1,-1
8842,[0.27862128 0.2208186 ],1,2,"[0.294379027732062, 0.1921773781634303]",0,0
8843,[0.33404298 0.60634429],0,1,"[0.37965276877051146, 0.575157747726818]",1,-1
8844,[0.70338144 0.61848807],3,3,"[0.6601234827680622, 0.6109507568947781]",1,-1
8845,[0.29131636 0.1205247 ],1,-1,-1,0,0
8846,[0.8216299  0.66472932],2,0,"[0.7890750777399501, 0.6799557517006445]",1,-1
8847,[0.77179019 0.65377148],2,0,"[0.7890750777399501, 0.6799557517006445]",1,3
8848,[0.2478746  0.15713589],1,2,"[0.294379027732062, 0.1921773781634303]",0,0
8849,[0.38505429 0.59032489],0,1,"[0.37965276877051146, 0.575157747726818]",1,-1
8850,[0.27311165 0.18205053],1,2,"[0.294379027732062, 0.1921773781634303]",0,0
8851,[0.69867251 0.60343067],3,3,"[0.6601234827680622, 0.6109507568947781]",1,-1
8852,[0.39937166 0.5321074 ],0,1,"[0.37965276877051146, 0.575157747726818]",1,-1
8853,[0.74947915 0.65942751],2,0,"[0.7890750777399501, 0.6799557517006445]",1,-1
8854,[0.7909716  0.55283128],3,-1,-1,1,-1
8855,[0.65582043 0.57198285],3,3,"[0.6601234827680622, 0.6109507568947781]",1,-1
8856,[0.69823663 0.54600893],3,-1,-1,1,-1
8857,[0.78422671 0.63413712],2,0,"[0.7890750777399501, 0.6799557517006445]",1,-1
8858,[0.71686413 0.57329487],2,3,"[0.6601234827680622, 0.6109507568947781]",1,-1
8859,[0.68526605 0.69690717],2,-1,-1,1,-1
8860,[0.2122224  0.18231904],1,-1,-1,0,0
8861,[0.37816997 0.5412358 ],0,1,"[0.37965276877051146, 0.575157747726818]",1,-1
8862,[0.35208207 0.59016433],0,1,"[0.37965276877051146, 0.575157747726818]",1,-1
8863,[0.36039094 0.62070557],0,1,"[0.37965276877051146, 0.575157747726818]",1,-1
8864,[0.81599032 0.63666105],2,0,"[0.7890750777399501, 0.6799557517006445]",1,-1
8865,[0.71299873 0.55703631],3,-1,-1,1,-1
8866,[0.77968537 0.63428965],2,0,"[0.7890750777399501, 0.6799557517006445]",1,-1
8867,[0.62905951 0.71864976],3,-1,-1,1,-1
8868,[0.69865854 0.65029027],3,3,"[0.6601234827680622, 0.6109507568947781]",1,-1
8869,[0.8422735  0.62640534],2,-1,-1,1,-1
8870,[0.82569888 0.72127328],2,0,"[0.7890750777399501, 0.6799557517006445]",1,-1
8871,[0.65129876 0.71811688],3,-1,-1,1,-1
8872,[0.32382225 0.55359817],0,1,"[0.37965276877051146, 0.575157747726818]",1,-1
8873,[0.38804847 0.58831176],0,1,"[0.37965276877051146, 0.575157747726818]",1,-1
8874,[0.28126897 0.56356119],0,-1,-1,1,-1
8875,[0.70279292 0.69672204],3,-1,-1,1,-1
8876,[0.67837803 0.62834608],3,3,"[0.6601234827680622, 0.6109507568947781]",1,-1
8877,[0.84464574 0.72574762],2,-1,-1,1,-1
8878,[0.30142787 0.19444943],1,2,"[0.294379027732062, 0.1921773781634303]",0,0
8879,[0.70735428 0.56623005],3,3,"[0.6601234827680622, 0.6109507568947781]",1,-1
8880,[0.25879932 0.55931485],0,-1,-1,1,-1
8881,[0.41991176 0.60306803],0,1,"[0.37965276877051146, 0.575157747726818]",1,-1
8882,[0.31439482 0.17259022],1,2,"[0.294379027732062, 0.1921773781634303]",0,0
8883,[0.75897485 0.68053778],2,0,"[0.7890750777399501, 0.6799557517006445]",1,-1
8884,[0.61144925 0.63762307],3,3,"[0.6601234827680622, 0.6109507568947781]",1,-1
8885,[0.6364763  0.55337954],3,3,"[0.6601234827680622, 0.6109507568947781]",1,-1
8886,[0.69185194 0.6245704 ],3,3,"[0.6601234827680622, 0.6109507568947781]",1,7
8887,[0.2797859  0.15285667],1,2,"[0.294379027732062, 0.1921773781634303]",0,0
8888,[0.68481678 0.63151902],3,3,"[0.6601234827680622, 0.6109507568947781]",1,-1
8889,[0.37200873 0.70509833],0,-1,-1,1,-1
8890,[0.33214575 0.20524714],1,2,"[0.294379027732062, 0.1921773781634303]",0,0
8891,[0.44393751 0.59707091],0,1,"[0.37965276877051146, 0.575157747726818]",1,-1
8892,[0.76365887 0.65841652],2,0,"[0.7890750777399501, 0.6799557517006445]",1,-1
8893,[0.36671395 0.56272979],0,1,"[0.37965276877051146, 0.575157747726818]",1,1
8894,[0.81969966 0.72656407],2,0,"[0.7890750777399501, 0.6799557517006445]",1,-1
8895,[0.4136663  0.55936719],0,1,"[0.37965276877051146, 0.575157747726818]",1,-1
8896,[0.31133807 0.14067362],1,2,"[0.294379027732062, 0.1921773781634303]",0,0
8897,[0.69036875 0.61829659],3,3,"[0.6601234827680622, 0.6109507568947781]",1,-1
8898,[0.319296   0.51025419],0,-1,-1,1,-1
8899,[0.3561355 0.5460616],0,1,"[0.37965276877051146, 0.575157747726818]",1,-1
8900,[0.4472601  0.50661683],0,-1,-1,1,-1
8901,[0.36951573 0.6016916 ],0,1,"[0.37965276877051146, 0.575157747726818]",1,-1
8902,[0.7807191  0.67725566],2,0,"[0.7890750777399501, 0.6799557517006445]",1,4
8903,[0.80961754 0.71107522],2,0,"[0.7890750777399501, 0.6799557517006445]",1,-1
8904,[0.63823843 0.55012443],3,3,"[0.6601234827680622, 0.6109507568947781]",1,-1
8905,[0.42009704 0.17415671],1,-1,-1,0,0
8906,[0.60533106 0.58672723],3,3,"[0.6601234827680622, 0.6109507568947781]",1,-1
8907,[0.28064036 0.14818904],1,2,"[0.294379027732062, 0.1921773781634303]",0,0
8908,[0.64382094 0.62820074],3,3,"[0.6601234827680622, 0.6109507568947781]",1,-1
8909,[0.36379856 0.65048112],0,-1,-1,1,-1
8910,[0.63316412 0.66810039],3,3,"[0.6601234827680622, 0.6109507568947781]",1,-1
8911,[0.66086458 0.69312687],3,-1,-1,1,-1
8912,[0.41452144 0.5984781 ],0,1,"[0.37965276877051146, 0.575157747726818]",1,-1
8913,[0.64077808 0.5773003 ],3,3,"[0.6601234827680622, 0.6109507568947781]",1,-1
8914,[0.61180275 0.67101329],3,-1,-1,1,-1
8915,[0.7539894 0.7113988],3,0,"[0.7890750777399501, 0.6799557517006445]",1,-1
8916,[0.83781988 0.72696917],2,0,"[0.7890750777399501, 0.6799557517006445]",1,-1
8917,[0.82327607 0.75014441],2,-1,-1,1,-1
8918,[0.6532415  0.58519207],3,3,"[0.6601234827680622, 0.6109507568947781]",1,-1
8919,[0.61994259 0.58797397],3,3,"[0.6601234827680622, 0.6109507568947781]",1,-1
8920,[0.57365608 0.57914274],3,-1,-1,1,-1
8921,[0.64687875 0.611376  ],3,3,"[0.6601234827680622, 0.6109507568947781]",1,-1
8922,[0.65855616 0.56529579],3,3,"[0.6601234827680622, 0.6109507568947781]",1,-1
8923,[0.3847227  0.16436918],1,-1,-1,0,0
8924,[0.75658354 0.70219076],2,0,"[0.7890750777399501, 0.6799557517006445]",1,-1
8925,[0.28825577 0.26111632],1,2,"[0.294379027732062, 0.1921773781634303]",0,0
8926,[0.42533586 0.58771643],0,1,"[0.37965276877051146, 0.575157747726818]",1,-1
8927,[0.7607054  0.78470052],2,-1,-1,1,-1
8928,[0.67162528 0.65589987],3,3,"[0.6601234827680622, 0.6109507568947781]",1,-1
8929,[0.43902307 0.57646434],0,1,"[0.37965276877051146, 0.575157747726818]",1,-1
8930,[0.594252   0.60627473],3,3,"[0.6601234827680622, 0.6109507568947781]",1,-1
8931,[0.61175426 0.66898046],3,-1,-1,1,-1
8932,[0.44618356 0.6353468 ],0,-1,-1,1,-1
8933,[0.29952258 0.18481175],1,2,"[0.294379027732062, 0.1921773781634303]",0,0
8934,[0.7351099 0.7065927],2,0,"[0.7890750777399501, 0.6799557517006445]",1,-1
8935,[0.35095903 0.61239268],0,1,"[0.37965276877051146, 0.575157747726818]",1,-1
8936,[0.68159067 0.61140876],3,3,"[0.6601234827680622, 0.6109507568947781]",1,5
8937,[0.37263292 0.571892  ],0,1,"[0.37965276877051146, 0.575157747726818]",1,1
8938,[0.67343808 0.68769944],3,-1,-1,1,-1
8939,[0.39384975 0.56648667],0,1,"[0.37965276877051146, 0.575157747726818]",1,2
8940,[0.36120771 0.63678074],0,1,"[0.37965276877051146, 0.575157747726818]",1,-1
8941,[0.3661161  0.62817509],0,1,"[0.37965276877051146, 0.575157747726818]",1,-1
8942,[0.39108531 0.54370875],0,1,"[0.37965276877051146, 0.575157747726818]",1,-1
8943,[0.70346038 0.68486927],3,-1,-1,1,-1
8944,[0.88647917 0.67177951],2,-1,-1,1,-1
8945,[0.35975541 0.27791534],1,-1,-1,0,0
8946,[0.40005646 0.17734652],1,-1,-1,0,0
8947,[0.36900874 0.54476198],0,1,"[0.37965276877051146, 0.575157747726818]",1,-1
8948,[0.34977612 0.52867812],0,1,"[0.37965276877051146, 0.575157747726818]",1,-1
8949,[0.41812468 0.57748453],0,1,"[0.37965276877051146, 0.575157747726818]",1,-1
8950,[0.42198927 0.68118969],0,-1,-1,1,-1
8951,[0.33596504 0.61496213],0,1,"[0.37965276877051146, 0.575157747726818]",1,-1
8952,[0.63018964 0.58194829],3,3,"[0.6601234827680622, 0.6109507568947781]",1,-1
8953,[0.60593008 0.63039021],3,3,"[0.6601234827680622, 0.6109507568947781]",1,-1
8954,[0.34350741 0.14133097],1,-1,-1,0,0
8955,[0.63526104 0.65210523],3,3,"[0.6601234827680622, 0.6109507568947781]",1,-1
8956,[0.66142417 0.65037181],3,3,"[0.6601234827680622, 0.6109507568947781]",1,-1
8957,[0.33993382 0.53645762],0,1,"[0.37965276877051146, 0.575157747726818]",1,-1
8958,[0.86370887 0.70037392],2,-1,-1,1,-1
8959,[0.72189447 0.65450333],2,-1,-1,1,-1
8960,[0.68872018 0.62498512],3,3,"[0.6601234827680622, 0.6109507568947781]",1,7
8961,[0.21796164 0.15779394],1,-1,-1,0,0
8962,[0.85535059 0.68067022],2,0,"[0.7890750777399501, 0.6799557517006445]",1,-1
8963,[0.82139174 0.72450208],2,0,"[0.7890750777399501, 0.6799557517006445]",1,-1
8964,[0.7857017  0.66967652],2,0,"[0.7890750777399501, 0.6799557517006445]",1,-1
8965,[0.75589987 0.66669503],2,0,"[0.7890750777399501, 0.6799557517006445]",1,-1
8966,[0.76037585 0.66515403],2,0,"[0.7890750777399501, 0.6799557517006445]",1,-1
8967,[0.7735451  0.68534962],2,0,"[0.7890750777399501, 0.6799557517006445]",1,-1
8968,[0.35637387 0.16642254],1,2,"[0.294379027732062, 0.1921773781634303]",0,0
8969,[0.709634   0.64424289],2,3,"[0.6601234827680622, 0.6109507568947781]",1,-1
8970,[0.35147028 0.68713245],0,-1,-1,1,-1
8971,[0.64126917 0.55963026],3,3,"[0.6601234827680622, 0.6109507568947781]",1,-1
8972,[0.435794   0.59844623],0,1,"[0.37965276877051146, 0.575157747726818]",1,-1
8973,[0.8265242  0.60129289],2,-1,-1,1,-1
8974,[0.26053344 0.22133227],1,2,"[0.294379027732062, 0.1921773781634303]",0,0
8975,[0.68954356 0.62253803],3,3,"[0.6601234827680622, 0.6109507568947781]",1,-1
8976,[0.29078551 0.66071251],0,-1,-1,1,-1
8977,[0.68247884 0.506132  ],3,-1,-1,1,-1
8978,[0.39234342 0.54949046],0,1,"[0.37965276877051146, 0.575157747726818]",1,-1
8979,[0.45131008 0.63131765],0,-1,-1,1,-1
8980,[0.65779894 0.66368805],3,3,"[0.6601234827680622, 0.6109507568947781]",1,-1
8981,[0.40605871 0.60651357],0,1,"[0.37965276877051146, 0.575157747726818]",1,-1
8982,[0.72198323 0.59569773],3,3,"[0.6601234827680622, 0.6109507568947781]",1,-1
8983,[0.81101975 0.74429229],2,0,"[0.7890750777399501, 0.6799557517006445]",1,-1
8984,[0.82778716 0.71897207],2,0,"[0.7890750777399501, 0.6799557517006445]",1,-1
8985,[0.65494999 0.61780707],3,3,"[0.6601234827680622, 0.6109507568947781]",1,7
8986,[0.32163621 0.50729642],0,-1,-1,1,-1
8987,[0.75474923 0.7914845 ],2,-1,-1,1,-1
8988,[0.42803865 0.55712424],0,1,"[0.37965276877051146, 0.575157747726818]",1,-1
8989,[0.21481687 0.18187971],1,-1,-1,0,0
8990,[0.68296249 0.66475527],3,3,"[0.6601234827680622, 0.6109507568947781]",1,-1
8991,[0.76210619 0.65542516],2,0,"[0.7890750777399501, 0.6799557517006445]",1,3
8992,[0.7860057  0.63147365],2,0,"[0.7890750777399501, 0.6799557517006445]",1,-1
8993,[0.31377582 0.25630806],1,2,"[0.294379027732062, 0.1921773781634303]",0,0
8994,[0.36494411 0.54820445],0,1,"[0.37965276877051146, 0.575157747726818]",1,-1
8995,[0.25137512 0.09672874],1,-1,-1,0,0
8996,[0.32896009 0.18177642],1,2,"[0.294379027732062, 0.1921773781634303]",0,0
8997,[0.2054703  0.27196382],1,-1,-1,0,0
8998,[0.33677078 0.25575581],1,-1,-1,0,0
8999,[0.85728186 0.59204392],2,-1,-1,1,-1
9000,[0.69461561 0.64175182],3,3,"[0.6601234827680622, 0.6109507568947781]",1,-1
9001,[0.90895654 0.71221542],2,-1,-1,1,-1
9002,[0.3602689 0.5656085],0,1,"[0.37965276877051146, 0.575157747726818]",1,-1
9003,[0.81554622 0.65308951],2,0,"[0.7890750777399501, 0.6799557517006445]",1,-1
9004,[0.27637089 0.17918781],1,2,"[0.294379027732062, 0.1921773781634303]",0,0
9005,[0.64757565 0.6119553 ],3,3,"[0.6601234827680622, 0.6109507568947781]",1,-1
9006,[0.55188488 0.55320775],0,-1,-1,1,-1
9007,[0.73647869 0.72184908],2,0,"[0.7890750777399501, 0.6799557517006445]",1,-1
9008,[0.91700288 0.78088772],2,-1,-1,1,-1
9009,[0.31658255 0.47064963],0,-1,-1,1,-1
9010,[0.62139812 0.63877486],3,3,"[0.6601234827680622, 0.6109507568947781]",1,-1
9011,[0.2062397  0.15411787],1,-1,-1,0,0
9012,[0.72748291 0.63569366],3,-1,-1,1,-1
9013,[0.74522498 0.62916009],2,0,"[0.7890750777399501, 0.6799557517006445]",1,-1
9014,[0.30955443 0.23033995],1,2,"[0.294379027732062, 0.1921773781634303]",0,0
9015,[0.74703409 0.70497152],2,0,"[0.7890750777399501, 0.6799557517006445]",1,-1
9016,[0.35584427 0.21271227],1,2,"[0.294379027732062, 0.1921773781634303]",0,0
9017,[0.39586404 0.61774814],0,1,"[0.37965276877051146, 0.575157747726818]",1,-1
9018,[0.77123615 0.69863655],2,0,"[0.7890750777399501, 0.6799557517006445]",1,-1
9019,[0.25770245 0.21459501],1,2,"[0.294379027732062, 0.1921773781634303]",0,0
9020,[0.28081006 0.16717983],1,2,"[0.294379027732062, 0.1921773781634303]",0,0
9021,[0.82528983 0.71231956],2,0,"[0.7890750777399501, 0.6799557517006445]",1,-1
9022,[0.58082387 0.64209525],3,-1,-1,1,-1
9023,[0.78631519 0.7401149 ],2,0,"[0.7890750777399501, 0.6799557517006445]",1,-1
9024,[0.63121986 0.60284669],3,3,"[0.6601234827680622, 0.6109507568947781]",1,-1
9025,[0.41351578 0.61218677],0,1,"[0.37965276877051146, 0.575157747726818]",1,-1
9026,[0.32677212 0.22678349],1,2,"[0.294379027732062, 0.1921773781634303]",0,0
9027,[0.27574127 0.14845897],1,2,"[0.294379027732062, 0.1921773781634303]",0,0
9028,[0.6803228  0.57616048],3,3,"[0.6601234827680622, 0.6109507568947781]",1,-1
9029,[0.24957308 0.23079909],1,2,"[0.294379027732062, 0.1921773781634303]",0,0
9030,[0.77452412 0.59118951],2,-1,-1,1,-1
9031,[0.86357062 0.63553059],2,-1,-1,1,-1
9032,[0.28401319 0.10843373],1,-1,-1,0,0
9033,[0.18963421 0.21121922],1,-1,-1,0,0
9034,[0.34070788 0.2525274 ],1,-1,-1,0,0
9035,[0.7627397  0.60521143],2,-1,-1,1,-1
9036,[0.85421629 0.64427806],2,-1,-1,1,-1
9037,[0.34367459 0.25737562],1,-1,-1,0,0
9038,[0.29191193 0.23189852],1,2,"[0.294379027732062, 0.1921773781634303]",0,0
9039,[0.66178115 0.58399924],3,3,"[0.6601234827680622, 0.6109507568947781]",1,6
9040,[0.33399578 0.19606562],1,2,"[0.294379027732062, 0.1921773781634303]",0,0
9041,[0.75790789 0.65317968],2,0,"[0.7890750777399501, 0.6799557517006445]",1,-1
9042,[0.23449651 0.19629178],1,2,"[0.294379027732062, 0.1921773781634303]",0,0
9043,[0.2647536  0.14952832],1,2,"[0.294379027732062, 0.1921773781634303]",0,0
9044,[0.61045654 0.57500564],3,3,"[0.6601234827680622, 0.6109507568947781]",1,-1
9045,[0.29382073 0.2250176 ],1,2,"[0.294379027732062, 0.1921773781634303]",0,0
9046,[0.78258188 0.67935772],2,0,"[0.7890750777399501, 0.6799557517006445]",1,4
9047,[0.72470036 0.60541337],2,3,"[0.6601234827680622, 0.6109507568947781]",1,-1
9048,[0.38077064 0.68077043],0,-1,-1,1,-1
9049,[0.830773   0.62206635],2,-1,-1,1,-1
9050,[0.70414028 0.56091686],3,3,"[0.6601234827680622, 0.6109507568947781]",1,-1
9051,[0.68275585 0.65836862],3,3,"[0.6601234827680622, 0.6109507568947781]",1,-1
9052,[0.35088756 0.1760803 ],1,2,"[0.294379027732062, 0.1921773781634303]",0,0
9053,[0.75865009 0.59735412],2,-1,-1,1,-1
9054,[0.37739614 0.60290071],0,1,"[0.37965276877051146, 0.575157747726818]",1,-1
9055,[0.68693714 0.63051947],3,3,"[0.6601234827680622, 0.6109507568947781]",1,7
9056,[0.32805795 0.5841439 ],0,1,"[0.37965276877051146, 0.575157747726818]",1,-1
9057,[0.79600911 0.70028991],2,0,"[0.7890750777399501, 0.6799557517006445]",1,-1
9058,[0.71560583 0.66765441],2,-1,-1,1,-1
9059,[0.32921023 0.56722867],0,1,"[0.37965276877051146, 0.575157747726818]",1,-1
9060,[0.38680697 0.48349232],0,-1,-1,1,-1
9061,[0.75218327 0.71087442],2,0,"[0.7890750777399501, 0.6799557517006445]",1,-1
9062,[0.31392329 0.24150852],1,2,"[0.294379027732062, 0.1921773781634303]",0,0
9063,[0.47755427 0.63935227],0,-1,-1,1,-1
9064,[0.39386411 0.5037372 ],0,-1,-1,1,-1
9065,[0.69635506 0.63380505],3,3,"[0.6601234827680622, 0.6109507568947781]",1,-1
9066,[0.42497122 0.63282062],0,-1,-1,1,-1
9067,[0.38042857 0.50741516],0,1,"[0.37965276877051146, 0.575157747726818]",1,-1
9068,[0.34558823 0.55436437],0,1,"[0.37965276877051146, 0.575157747726818]",1,-1
9069,[0.74269873 0.55579901],3,-1,-1,1,-1
9070,[0.70383766 0.68848176],2,-1,-1,1,-1
9071,[0.46390423 0.53918975],0,-1,-1,1,-1
9072,[0.40068657 0.55123983],0,1,"[0.37965276877051146, 0.575157747726818]",1,-1
9073,[0.33558412 0.21859814],1,2,"[0.294379027732062, 0.1921773781634303]",0,0
9074,[0.22780705 0.21125452],1,2,"[0.294379027732062, 0.1921773781634303]",0,0
9075,[0.64414913 0.56133617],3,3,"[0.6601234827680622, 0.6109507568947781]",1,-1
9076,[0.2922121  0.21087045],1,2,"[0.294379027732062, 0.1921773781634303]",0,0
9077,[0.22637439 0.2259839 ],1,-1,-1,0,0
9078,[0.38106842 0.57209368],0,1,"[0.37965276877051146, 0.575157747726818]",1,-1
9079,[0.76275232 0.71252573],2,0,"[0.7890750777399501, 0.6799557517006445]",1,-1
9080,[0.33057538 0.62065009],0,1,"[0.37965276877051146, 0.575157747726818]",1,-1
9081,[0.28752164 0.15022763],1,2,"[0.294379027732062, 0.1921773781634303]",0,0
9082,[0.59631022 0.63150975],3,3,"[0.6601234827680622, 0.6109507568947781]",1,-1
9083,[0.38042461 0.52187582],0,1,"[0.37965276877051146, 0.575157747726818]",1,-1
9084,[0.62843913 0.65022925],3,3,"[0.6601234827680622, 0.6109507568947781]",1,-1
9085,[0.46320816 0.49985733],0,-1,-1,1,-1
9086,[0.78855319 0.69077603],2,0,"[0.7890750777399501, 0.6799557517006445]",1,-1
9087,[0.69796547 0.62665769],2,3,"[0.6601234827680622, 0.6109507568947781]",1,7
9088,[0.63416581 0.64849278],3,3,"[0.6601234827680622, 0.6109507568947781]",1,-1
9089,[0.74025913 0.78738244],2,-1,-1,1,-1
9090,[0.58390462 0.63513969],3,-1,-1,1,-1
9091,[0.69013282 0.59787124],3,3,"[0.6601234827680622, 0.6109507568947781]",1,5
9092,[0.35746664 0.64275849],0,-1,-1,1,-1
9093,[0.7894914  0.64166654],2,0,"[0.7890750777399501, 0.6799557517006445]",1,-1
9094,[0.69595085 0.75455047],2,-1,-1,1,-1
9095,[0.74185482 0.57160081],3,-1,-1,1,-1
9096,[0.22651094 0.19176766],1,2,"[0.294379027732062, 0.1921773781634303]",0,0
9097,[0.40995095 0.58009339],0,1,"[0.37965276877051146, 0.575157747726818]",1,2
9098,[0.28698042 0.0725856 ],1,-1,-1,0,0
9099,[0.32986814 0.57640694],0,1,"[0.37965276877051146, 0.575157747726818]",1,-1
9100,[0.28807763 0.15428047],1,2,"[0.294379027732062, 0.1921773781634303]",0,0
9101,[0.84095585 0.65080788],2,0,"[0.7890750777399501, 0.6799557517006445]",1,-1
9102,[0.79856026 0.63791717],2,0,"[0.7890750777399501, 0.6799557517006445]",1,-1
9103,[0.37263496 0.15989231],1,-1,-1,0,0
9104,[0.72563913 0.62503094],3,3,"[0.6601234827680622, 0.6109507568947781]",1,-1
9105,[0.63628541 0.5440599 ],3,-1,-1,1,-1
9106,[0.37828565 0.53392425],0,1,"[0.37965276877051146, 0.575157747726818]",1,-1
9107,[0.77564719 0.69293015],2,0,"[0.7890750777399501, 0.6799557517006445]",1,-1
9108,[0.29964632 0.13449415],1,2,"[0.294379027732062, 0.1921773781634303]",0,0
9109,[0.31029511 0.53083919],0,-1,-1,1,-1
9110,[0.60538766 0.58944932],3,3,"[0.6601234827680622, 0.6109507568947781]",1,-1
9111,[0.67028332 0.63907883],3,3,"[0.6601234827680622, 0.6109507568947781]",1,-1
9112,[0.71812354 0.65389179],2,-1,-1,1,-1
9113,[0.39883482 0.54154148],0,1,"[0.37965276877051146, 0.575157747726818]",1,-1
9114,[0.25364703 0.23027661],1,2,"[0.294379027732062, 0.1921773781634303]",0,0
9115,[0.40472061 0.56297852],0,1,"[0.37965276877051146, 0.575157747726818]",1,-1
9116,[0.76113193 0.60928434],3,-1,-1,1,-1
9117,[0.4850039  0.50733466],0,-1,-1,1,-1
9118,[0.67582947 0.56354749],3,3,"[0.6601234827680622, 0.6109507568947781]",1,-1
9119,[0.28323007 0.23640117],1,2,"[0.294379027732062, 0.1921773781634303]",0,0
9120,[0.32115856 0.13598351],1,2,"[0.294379027732062, 0.1921773781634303]",0,0
9121,[0.44167534 0.52600313],0,-1,-1,1,-1
9122,[0.24408493 0.24216719],1,-1,-1,0,0
9123,[0.29306484 0.11657067],1,-1,-1,0,0
9124,[0.84530438 0.62200165],2,-1,-1,1,-1
9125,[0.4657474  0.60164649],0,-1,-1,1,-1
9126,[0.26650422 0.17490052],1,2,"[0.294379027732062, 0.1921773781634303]",0,0
9127,[0.77894995 0.64273598],2,0,"[0.7890750777399501, 0.6799557517006445]",1,-1
9128,[0.45029406 0.54719663],0,-1,-1,1,-1
9129,[0.75368588 0.62940348],2,0,"[0.7890750777399501, 0.6799557517006445]",1,-1
9130,[0.65867428 0.61710806],3,3,"[0.6601234827680622, 0.6109507568947781]",1,-1
9131,[0.34596171 0.63505484],0,1,"[0.37965276877051146, 0.575157747726818]",1,-1
9132,[0.68029201 0.67148962],2,3,"[0.6601234827680622, 0.6109507568947781]",1,-1
9133,[0.67322083 0.66569817],3,3,"[0.6601234827680622, 0.6109507568947781]",1,-1
9134,[0.71144115 0.61543663],3,3,"[0.6601234827680622, 0.6109507568947781]",1,-1
9135,[0.34584235 0.59544017],0,1,"[0.37965276877051146, 0.575157747726818]",1,-1
9136,[0.26651257 0.24127163],1,2,"[0.294379027732062, 0.1921773781634303]",0,0
9137,[0.39890149 0.52262874],0,1,"[0.37965276877051146, 0.575157747726818]",1,-1
9138,[0.30241044 0.16810517],1,2,"[0.294379027732062, 0.1921773781634303]",0,0
9139,[0.7650019  0.67459266],2,0,"[0.7890750777399501, 0.6799557517006445]",1,-1
9140,[0.6963985 0.6827643],3,-1,-1,1,-1
9141,[0.42176847 0.58796551],0,1,"[0.37965276877051146, 0.575157747726818]",1,-1
9142,[0.72536482 0.56197366],3,-1,-1,1,-1
9143,[0.82012162 0.66997884],2,0,"[0.7890750777399501, 0.6799557517006445]",1,-1
9144,[0.87235022 0.6753662 ],2,-1,-1,1,-1
9145,[0.33810823 0.23213727],1,2,"[0.294379027732062, 0.1921773781634303]",0,0
9146,[0.73744945 0.65258399],2,0,"[0.7890750777399501, 0.6799557517006445]",1,-1
9147,[0.81609468 0.63823526],2,0,"[0.7890750777399501, 0.6799557517006445]",1,-1
9148,[0.21489462 0.12538743],1,-1,-1,0,0
9149,[0.35601565 0.20722149],1,2,"[0.294379027732062, 0.1921773781634303]",0,0
9150,[0.82064235 0.69464427],2,0,"[0.7890750777399501, 0.6799557517006445]",1,-1
9151,[0.63442047 0.57208387],3,3,"[0.6601234827680622, 0.6109507568947781]",1,-1
9152,[0.74043668 0.65169843],3,0,"[0.7890750777399501, 0.6799557517006445]",1,-1
9153,[0.27186335 0.1967907 ],1,2,"[0.294379027732062, 0.1921773781634303]",0,0
9154,[0.8707267  0.67394701],2,-1,-1,1,-1
9155,[0.73587738 0.64104547],2,0,"[0.7890750777399501, 0.6799557517006445]",1,-1
9156,[0.64552463 0.51385305],3,-1,-1,1,-1
9157,[0.31706649 0.53159009],0,-1,-1,1,-1
9158,[0.73517632 0.71975625],2,0,"[0.7890750777399501, 0.6799557517006445]",1,-1
9159,[0.75979404 0.59563423],3,-1,-1,1,-1
9160,[0.63428814 0.67116036],3,3,"[0.6601234827680622, 0.6109507568947781]",1,-1
9161,[0.78536242 0.68078642],2,0,"[0.7890750777399501, 0.6799557517006445]",1,-1
9162,[0.29258202 0.14396505],1,2,"[0.294379027732062, 0.1921773781634303]",0,0
9163,[0.34686608 0.1265709 ],1,-1,-1,0,0
9164,[0.82393324 0.65052776],2,0,"[0.7890750777399501, 0.6799557517006445]",1,-1
9165,[0.63974042 0.63401533],3,3,"[0.6601234827680622, 0.6109507568947781]",1,-1
9166,[0.41516965 0.54540619],0,1,"[0.37965276877051146, 0.575157747726818]",1,-1
9167,[0.25632306 0.58644174],0,-1,-1,1,-1
9168,[0.37427613 0.62975935],0,1,"[0.37965276877051146, 0.575157747726818]",1,-1
9169,[0.66540942 0.61938739],3,3,"[0.6601234827680622, 0.6109507568947781]",1,7
9170,[0.27690663 0.15474135],1,2,"[0.294379027732062, 0.1921773781634303]",0,0
9171,[0.31973157 0.4981575 ],0,-1,-1,1,-1
9172,[0.8267761  0.72310412],2,0,"[0.7890750777399501, 0.6799557517006445]",1,-1
9173,[0.3576654  0.61792085],0,1,"[0.37965276877051146, 0.575157747726818]",1,-1
9174,[0.55924149 0.51048483],3,-1,-1,1,-1
9175,[0.80273801 0.66107516],2,0,"[0.7890750777399501, 0.6799557517006445]",1,-1
9176,[0.23228131 0.17683555],1,2,"[0.294379027732062, 0.1921773781634303]",0,0
9177,[0.78137185 0.70728829],2,0,"[0.7890750777399501, 0.6799557517006445]",1,-1
9178,[0.24104149 0.54497061],0,-1,-1,1,-1
9179,[0.81443662 0.72451112],2,0,"[0.7890750777399501, 0.6799557517006445]",1,-1
9180,[0.72867124 0.5777604 ],3,-1,-1,1,-1
9181,[0.77497474 0.63103903],2,0,"[0.7890750777399501, 0.6799557517006445]",1,-1
9182,[0.62310956 0.62532953],3,3,"[0.6601234827680622, 0.6109507568947781]",1,-1
9183,[0.37436708 0.24495757],1,-1,-1,0,0
9184,[0.35434423 0.62380302],0,1,"[0.37965276877051146, 0.575157747726818]",1,-1
9185,[0.74741416 0.69538961],2,0,"[0.7890750777399501, 0.6799557517006445]",1,-1
9186,[0.26205183 0.13069675],1,2,"[0.294379027732062, 0.1921773781634303]",0,0
9187,[0.44904177 0.55575093],0,-1,-1,1,-1
9188,[0.76690091 0.61972366],2,0,"[0.7890750777399501, 0.6799557517006445]",1,-1
9189,[0.39979373 0.51754248],0,1,"[0.37965276877051146, 0.575157747726818]",1,-1
9190,[0.61988795 0.5677149 ],3,3,"[0.6601234827680622, 0.6109507568947781]",1,-1
9191,[0.35463936 0.54381601],0,1,"[0.37965276877051146, 0.575157747726818]",1,-1
9192,[0.70925241 0.66584903],3,-1,-1,1,-1
9193,[0.67424744 0.6047624 ],3,3,"[0.6601234827680622, 0.6109507568947781]",1,-1
9194,[0.338769  0.1154122],1,-1,-1,0,0
9195,[0.2400668  0.17775277],1,2,"[0.294379027732062, 0.1921773781634303]",0,0
9196,[0.74132261 0.73501723],2,-1,-1,1,-1
9197,[0.29412659 0.26098722],1,2,"[0.294379027732062, 0.1921773781634303]",0,0
9198,[0.86740704 0.73712973],2,-1,-1,1,-1
9199,[0.68807372 0.59463747],3,3,"[0.6601234827680622, 0.6109507568947781]",1,-1
9200,[0.3929924  0.46848476],0,-1,-1,1,-1
9201,[0.66486961 0.6341619 ],3,3,"[0.6601234827680622, 0.6109507568947781]",1,7
9202,[0.63775058 0.58443114],3,3,"[0.6601234827680622, 0.6109507568947781]",1,-1
9203,[0.65077762 0.55446204],3,3,"[0.6601234827680622, 0.6109507568947781]",1,-1
9204,[0.35767751 0.60772337],0,1,"[0.37965276877051146, 0.575157747726818]",1,-1
9205,[0.45298217 0.59994352],0,-1,-1,1,-1
9206,[0.76892295 0.64186334],2,0,"[0.7890750777399501, 0.6799557517006445]",1,-1
9207,[0.36855886 0.53472594],0,1,"[0.37965276877051146, 0.575157747726818]",1,-1
9208,[0.61431992 0.65036114],3,3,"[0.6601234827680622, 0.6109507568947781]",1,-1
9209,[0.38214173 0.6445545 ],0,1,"[0.37965276877051146, 0.575157747726818]",1,-1
9210,[0.63854443 0.54765814],3,3,"[0.6601234827680622, 0.6109507568947781]",1,-1
9211,[0.38182055 0.49975306],0,-1,-1,1,-1
9212,[0.83016355 0.6763712 ],2,0,"[0.7890750777399501, 0.6799557517006445]",1,-1
9213,[0.38727143 0.57962259],0,1,"[0.37965276877051146, 0.575157747726818]",1,-1
9214,[0.67929509 0.58717254],3,3,"[0.6601234827680622, 0.6109507568947781]",1,-1
9215,[0.73116505 0.65170185],2,0,"[0.7890750777399501, 0.6799557517006445]",1,-1
9216,[0.64749359 0.66086668],3,3,"[0.6601234827680622, 0.6109507568947781]",1,-1
9217,[0.63588483 0.62260356],3,3,"[0.6601234827680622, 0.6109507568947781]",1,-1
9218,[0.63851763 0.59987845],3,3,"[0.6601234827680622, 0.6109507568947781]",1,-1
9219,[0.77235805 0.64085672],2,0,"[0.7890750777399501, 0.6799557517006445]",1,-1
9220,[0.34368079 0.56952229],0,1,"[0.37965276877051146, 0.575157747726818]",1,-1
9221,[0.78780016 0.68023902],2,0,"[0.7890750777399501, 0.6799557517006445]",1,-1
9222,[0.30209046 0.13878628],1,2,"[0.294379027732062, 0.1921773781634303]",0,0
9223,[0.7566989 0.6875908],3,0,"[0.7890750777399501, 0.6799557517006445]",1,-1
9224,[0.79596376 0.60708394],2,-1,-1,1,-1
9225,[0.67307068 0.68339303],3,-1,-1,1,-1
9226,[0.29506034 0.165967  ],1,2,"[0.294379027732062, 0.1921773781634303]",0,0
9227,[0.55871602 0.6748491 ],3,-1,-1,1,-1
9228,[0.3092787  0.53546483],0,-1,-1,1,-1
9229,[0.44100677 0.50881208],0,-1,-1,1,-1
9230,[0.26973499 0.17459066],1,2,"[0.294379027732062, 0.1921773781634303]",0,0
9231,[0.32763665 0.60017597],0,1,"[0.37965276877051146, 0.575157747726818]",1,-1
9232,[0.84914958 0.7096288 ],2,0,"[0.7890750777399501, 0.6799557517006445]",1,-1
9233,[0.73960907 0.7505589 ],2,-1,-1,1,-1
9234,[0.27389036 0.18836938],1,2,"[0.294379027732062, 0.1921773781634303]",0,0
9235,[0.3804718  0.59544272],0,1,"[0.37965276877051146, 0.575157747726818]",1,-1
9236,[0.79436958 0.71482761],2,0,"[0.7890750777399501, 0.6799557517006445]",1,-1
9237,[0.77588796 0.81090819],2,-1,-1,1,-1
9238,[0.34956877 0.57944135],0,1,"[0.37965276877051146, 0.575157747726818]",1,-1
9239,[0.24149026 0.11286121],1,-1,-1,0,0
9240,[0.27654996 0.20252774],1,2,"[0.294379027732062, 0.1921773781634303]",0,0
9241,[0.37392669 0.5600142 ],0,1,"[0.37965276877051146, 0.575157747726818]",1,-1
9242,[0.36841779 0.58911154],0,1,"[0.37965276877051146, 0.575157747726818]",1,-1
9243,[0.21586731 0.16380985],1,-1,-1,0,0
9244,[0.7014504  0.72428217],2,-1,-1,1,-1
9245,[0.28564657 0.48729886],0,-1,-1,1,-1
9246,[0.32724028 0.21146212],1,2,"[0.294379027732062, 0.1921773781634303]",0,0
9247,[0.58495181 0.52328878],3,-1,-1,1,-1
9248,[0.30789575 0.06405824],1,-1,-1,0,0
9249,[0.29878517 0.55026504],0,-1,-1,1,-1
9250,[0.37010259 0.61140444],0,1,"[0.37965276877051146, 0.575157747726818]",1,-1
9251,[0.28407311 0.24702514],1,2,"[0.294379027732062, 0.1921773781634303]",0,0
9252,[0.74795445 0.64629317],2,0,"[0.7890750777399501, 0.6799557517006445]",1,-1
9253,[0.34088536 0.58664097],0,1,"[0.37965276877051146, 0.575157747726818]",1,-1
9254,[0.18875246 0.21951572],1,-1,-1,0,0
9255,[0.82984756 0.65903984],2,0,"[0.7890750777399501, 0.6799557517006445]",1,-1
9256,[0.72883211 0.61892452],3,3,"[0.6601234827680622, 0.6109507568947781]",1,-1
9257,[0.22997802 0.12197875],1,-1,-1,0,0
9258,[0.63477333 0.59417811],3,3,"[0.6601234827680622, 0.6109507568947781]",1,-1
9259,[0.63931958 0.67134633],3,3,"[0.6601234827680622, 0.6109507568947781]",1,-1
9260,[0.29563892 0.20561366],1,2,"[0.294379027732062, 0.1921773781634303]",0,0
9261,[0.30843068 0.11423405],1,-1,-1,0,0
9262,[0.71849565 0.6436143 ],2,3,"[0.6601234827680622, 0.6109507568947781]",1,-1
9263,[0.19421121 0.22390509],1,-1,-1,0,0
9264,[0.74809518 0.68720923],2,0,"[0.7890750777399501, 0.6799557517006445]",1,-1
9265,[0.75819987 0.66777406],3,0,"[0.7890750777399501, 0.6799557517006445]",1,-1
9266,[0.74638252 0.6240711 ],2,-1,-1,1,-1
9267,[0.4208245 0.5034012],0,-1,-1,1,-1
9268,[0.42560964 0.63740406],0,-1,-1,1,-1
9269,[0.77497701 0.69772039],2,0,"[0.7890750777399501, 0.6799557517006445]",1,-1
9270,[0.26644771 0.15950361],1,2,"[0.294379027732062, 0.1921773781634303]",0,0
9271,[0.42434476 0.62071845],0,1,"[0.37965276877051146, 0.575157747726818]",1,-1
9272,[0.42072711 0.61632459],0,1,"[0.37965276877051146, 0.575157747726818]",1,-1
9273,[0.31557947 0.1423668 ],1,2,"[0.294379027732062, 0.1921773781634303]",0,0
9274,[0.79854165 0.72000105],2,0,"[0.7890750777399501, 0.6799557517006445]",1,-1
9275,[0.24983854 0.31126352],1,-1,-1,0,0
9276,[0.73333118 0.65422817],2,0,"[0.7890750777399501, 0.6799557517006445]",1,-1
9277,[0.65511348 0.54438286],3,3,"[0.6601234827680622, 0.6109507568947781]",1,-1
9278,[0.85970834 0.66883404],2,-1,-1,1,-1
9279,[0.70258497 0.64922315],3,3,"[0.6601234827680622, 0.6109507568947781]",1,-1
9280,[0.65437683 0.72826812],3,-1,-1,1,-1
9281,[0.67194291 0.60337914],3,3,"[0.6601234827680622, 0.6109507568947781]",1,-1
9282,[0.80425299 0.78657376],2,-1,-1,1,-1
9283,[0.6332371 0.6450922],3,3,"[0.6601234827680622, 0.6109507568947781]",1,-1
9284,[0.70695041 0.62069291],3,3,"[0.6601234827680622, 0.6109507568947781]",1,-1
9285,[0.77256519 0.60901226],2,-1,-1,1,-1
9286,[0.30398323 0.25686717],1,2,"[0.294379027732062, 0.1921773781634303]",0,0
9287,[0.85930975 0.66795035],2,-1,-1,1,-1
9288,[0.5864475  0.60610547],3,-1,-1,1,-1
9289,[0.40220664 0.57497631],0,1,"[0.37965276877051146, 0.575157747726818]",1,-1
9290,[0.38868291 0.47913968],0,-1,-1,1,-1
9291,[0.29993387 0.13449902],1,2,"[0.294379027732062, 0.1921773781634303]",0,0
9292,[0.3840185  0.50886997],0,1,"[0.37965276877051146, 0.575157747726818]",1,-1
9293,[0.30472632 0.19447112],1,2,"[0.294379027732062, 0.1921773781634303]",0,0
9294,[0.70106195 0.61956719],3,3,"[0.6601234827680622, 0.6109507568947781]",1,-1
9295,[0.74071474 0.62082485],3,-1,-1,1,-1
9296,[0.33519946 0.5507437 ],0,1,"[0.37965276877051146, 0.575157747726818]",1,-1
9297,[0.43157271 0.61222072],0,1,"[0.37965276877051146, 0.575157747726818]",1,-1
9298,[0.72862102 0.54257076],2,-1,-1,1,-1
9299,[0.31769672 0.16911572],1,2,"[0.294379027732062, 0.1921773781634303]",0,0
9300,[0.46344912 0.54921454],0,-1,-1,1,-1
9301,[0.75495061 0.67100896],2,0,"[0.7890750777399501, 0.6799557517006445]",1,-1
9302,[0.89815873 0.65773101],2,-1,-1,1,-1
9303,[0.74213135 0.65961139],2,0,"[0.7890750777399501, 0.6799557517006445]",1,-1
9304,[0.87730652 0.64860447],2,-1,-1,1,-1
9305,[0.29660196 0.25135249],1,2,"[0.294379027732062, 0.1921773781634303]",0,0
9306,[0.78744064 0.64748474],2,0,"[0.7890750777399501, 0.6799557517006445]",1,-1
9307,[0.87242538 0.64524719],2,-1,-1,1,-1
9308,[0.35381958 0.10933581],1,-1,-1,0,0
9309,[0.25930362 0.26549309],1,-1,-1,0,0
9310,[0.28665252 0.2163154 ],1,2,"[0.294379027732062, 0.1921773781634303]",0,0
9311,[0.31316607 0.2854615 ],1,-1,-1,0,0
9312,[0.31603771 0.22892464],1,2,"[0.294379027732062, 0.1921773781634303]",0,0
9313,[0.62593291 0.63855891],3,3,"[0.6601234827680622, 0.6109507568947781]",1,-1
9314,[0.79920232 0.61555795],2,0,"[0.7890750777399501, 0.6799557517006445]",1,-1
9315,[0.19423754 0.20575697],1,-1,-1,0,0
9316,[0.47163847 0.63442824],0,-1,-1,1,-1
9317,[0.60921974 0.63220426],3,3,"[0.6601234827680622, 0.6109507568947781]",1,-1
9318,[0.80479798 0.71907007],2,0,"[0.7890750777399501, 0.6799557517006445]",1,-1
9319,[0.78852537 0.74140805],2,0,"[0.7890750777399501, 0.6799557517006445]",1,-1
9320,[0.31595968 0.16377205],1,2,"[0.294379027732062, 0.1921773781634303]",0,0
9321,[0.70365607 0.58761047],3,3,"[0.6601234827680622, 0.6109507568947781]",1,-1
9322,[0.85287537 0.61858965],2,-1,-1,1,-1
9323,[0.72643945 0.65626215],2,0,"[0.7890750777399501, 0.6799557517006445]",1,-1
9324,[0.39002637 0.61526438],0,1,"[0.37965276877051146, 0.575157747726818]",1,-1
9325,[0.77825273 0.77516425],2,-1,-1,1,-1
9326,[0.8608103  0.66573593],2,-1,-1,1,-1
9327,[0.86611884 0.65745804],2,-1,-1,1,-1
9328,[0.39421581 0.31198717],1,-1,-1,0,0
9329,[0.78553887 0.6021626 ],2,-1,-1,1,-1
9330,[0.40714426 0.56333386],0,1,"[0.37965276877051146, 0.575157747726818]",1,-1
9331,[0.7064404  0.63485793],3,3,"[0.6601234827680622, 0.6109507568947781]",1,-1
9332,[0.71093145 0.54194546],3,-1,-1,1,-1
9333,[0.78675859 0.63587458],2,0,"[0.7890750777399501, 0.6799557517006445]",1,-1
9334,[0.68464987 0.61569819],3,3,"[0.6601234827680622, 0.6109507568947781]",1,-1
9335,[0.82650071 0.68643743],2,0,"[0.7890750777399501, 0.6799557517006445]",1,-1
9336,[0.76164547 0.63730996],3,0,"[0.7890750777399501, 0.6799557517006445]",1,-1
9337,[0.79696494 0.66782968],2,0,"[0.7890750777399501, 0.6799557517006445]",1,4
9338,[0.74806886 0.63104587],2,0,"[0.7890750777399501, 0.6799557517006445]",1,-1
9339,[0.25509663 0.597531  ],0,-1,-1,1,-1
9340,[0.19480644 0.17375554],1,-1,-1,0,0
9341,[0.7876654  0.74286725],2,0,"[0.7890750777399501, 0.6799557517006445]",1,-1
9342,[0.41090459 0.56054023],0,1,"[0.37965276877051146, 0.575157747726818]",1,-1
9343,[0.68183929 0.52116545],3,-1,-1,1,-1
9344,[0.63786153 0.59530779],3,3,"[0.6601234827680622, 0.6109507568947781]",1,-1
9345,[0.74246363 0.59649593],3,-1,-1,1,-1
9346,[0.37151779 0.63116885],0,1,"[0.37965276877051146, 0.575157747726818]",1,-1
9347,[0.81505444 0.67323104],2,0,"[0.7890750777399501, 0.6799557517006445]",1,-1
9348,[0.28965719 0.30474825],1,-1,-1,0,0
9349,[0.65096569 0.64765206],3,3,"[0.6601234827680622, 0.6109507568947781]",1,-1
9350,[0.3127659  0.26367901],1,-1,-1,0,0
9351,[0.3457876  0.61594933],0,1,"[0.37965276877051146, 0.575157747726818]",1,-1
9352,[0.66563259 0.63793412],3,3,"[0.6601234827680622, 0.6109507568947781]",1,-1
9353,[0.73336105 0.70556146],2,0,"[0.7890750777399501, 0.6799557517006445]",1,-1
9354,[0.31096613 0.230934  ],1,2,"[0.294379027732062, 0.1921773781634303]",0,0
9355,[0.71022689 0.7300783 ],2,-1,-1,1,-1
9356,[0.8166227  0.68884871],2,0,"[0.7890750777399501, 0.6799557517006445]",1,4
9357,[0.67335773 0.56596733],3,3,"[0.6601234827680622, 0.6109507568947781]",1,-1
9358,[0.70602815 0.61571402],3,3,"[0.6601234827680622, 0.6109507568947781]",1,-1
9359,[0.46368426 0.5919064 ],0,-1,-1,1,-1
9360,[0.7091746  0.68603499],2,-1,-1,1,-1
9361,[0.68276552 0.60181987],3,3,"[0.6601234827680622, 0.6109507568947781]",1,5
9362,[0.76675465 0.62966659],2,0,"[0.7890750777399501, 0.6799557517006445]",1,-1
9363,[0.28342394 0.16314141],1,2,"[0.294379027732062, 0.1921773781634303]",0,0
9364,[0.16839356 0.22754015],1,-1,-1,0,0
9365,[0.75683266 0.71073245],2,0,"[0.7890750777399501, 0.6799557517006445]",1,-1
9366,[0.86039462 0.65145144],2,-1,-1,1,-1
9367,[0.21858737 0.16537809],1,-1,-1,0,0
9368,[0.71620019 0.68533278],2,-1,-1,1,-1
9369,[0.32617787 0.65999745],0,-1,-1,1,-1
9370,[0.80546562 0.6771826 ],2,0,"[0.7890750777399501, 0.6799557517006445]",1,-1
9371,[0.65689663 0.56922927],3,3,"[0.6601234827680622, 0.6109507568947781]",1,-1
9372,[0.45170974 0.63920145],0,-1,-1,1,-1
9373,[0.7157736  0.60260632],3,3,"[0.6601234827680622, 0.6109507568947781]",1,-1
9374,[0.3414374  0.59410675],0,1,"[0.37965276877051146, 0.575157747726818]",1,-1
9375,[0.68677901 0.53994087],3,-1,-1,1,-1
9376,[0.25845443 0.21308014],1,2,"[0.294379027732062, 0.1921773781634303]",0,0
9377,[0.38350118 0.53055154],0,1,"[0.37965276877051146, 0.575157747726818]",1,-1
9378,[0.20073116 0.2017277 ],1,-1,-1,0,0
9379,[0.67768545 0.57515943],3,3,"[0.6601234827680622, 0.6109507568947781]",1,-1
9380,[0.4414426  0.51329505],0,-1,-1,1,-1
9381,[0.28795676 0.57475017],0,-1,-1,1,-1
9382,[0.70326182 0.61742499],3,3,"[0.6601234827680622, 0.6109507568947781]",1,-1
9383,[0.82357862 0.70404581],2,0,"[0.7890750777399501, 0.6799557517006445]",1,-1
9384,[0.85690734 0.60363994],2,-1,-1,1,-1
9385,[0.41422188 0.62927277],0,1,"[0.37965276877051146, 0.575157747726818]",1,-1
9386,[0.35640612 0.62203015],0,1,"[0.37965276877051146, 0.575157747726818]",1,-1
9387,[0.71921275 0.59304441],3,3,"[0.6601234827680622, 0.6109507568947781]",1,-1
9388,[0.71649792 0.60127456],3,3,"[0.6601234827680622, 0.6109507568947781]",1,-1
9389,[0.34811437 0.59590343],0,1,"[0.37965276877051146, 0.575157747726818]",1,-1
9390,[0.66639768 0.68200603],3,-1,-1,1,-1
9391,[0.31862146 0.26666034],1,-1,-1,0,0
9392,[0.32670366 0.18015886],1,2,"[0.294379027732062, 0.1921773781634303]",0,0
9393,[0.23954417 0.22083326],1,2,"[0.294379027732062, 0.1921773781634303]",0,0
9394,[0.27057603 0.2596263 ],1,-1,-1,0,0
9395,[0.62946868 0.57045502],3,3,"[0.6601234827680622, 0.6109507568947781]",1,-1
9396,[0.3517166  0.52041892],0,1,"[0.37965276877051146, 0.575157747726818]",1,-1
9397,[0.81839463 0.67541469],2,0,"[0.7890750777399501, 0.6799557517006445]",1,-1
9398,[0.38506648 0.52543056],0,1,"[0.37965276877051146, 0.575157747726818]",1,-1
9399,[0.80398065 0.76955196],2,-1,-1,1,-1
9400,[0.25669336 0.55922813],0,-1,-1,1,-1
9401,[0.74325733 0.75106073],2,-1,-1,1,-1
9402,[0.8802354  0.74630854],2,-1,-1,1,-1
9403,[0.34790574 0.18510619],1,2,"[0.294379027732062, 0.1921773781634303]",0,0
9404,[0.64314799 0.63219847],3,3,"[0.6601234827680622, 0.6109507568947781]",1,-1
9405,[0.6777658  0.66246452],3,3,"[0.6601234827680622, 0.6109507568947781]",1,-1
9406,[0.33565119 0.61848149],0,1,"[0.37965276877051146, 0.575157747726818]",1,-1
9407,[0.81799132 0.691066  ],2,0,"[0.7890750777399501, 0.6799557517006445]",1,-1
9408,[0.65117217 0.58569786],3,3,"[0.6601234827680622, 0.6109507568947781]",1,-1
9409,[0.32132477 0.56541953],0,1,"[0.37965276877051146, 0.575157747726818]",1,-1
9410,[0.59788364 0.57064301],3,-1,-1,1,-1
9411,[0.64738389 0.57180982],3,3,"[0.6601234827680622, 0.6109507568947781]",1,-1
9412,[0.7398751  0.66318577],3,0,"[0.7890750777399501, 0.6799557517006445]",1,-1
9413,[0.6987631  0.66526786],3,3,"[0.6601234827680622, 0.6109507568947781]",1,-1
9414,[0.83414135 0.61432666],2,-1,-1,1,-1
9415,[0.38598952 0.22431378],1,-1,-1,0,0
9416,[0.29470768 0.18667027],1,2,"[0.294379027732062, 0.1921773781634303]",0,0
9417,[0.74844107 0.72009461],2,0,"[0.7890750777399501, 0.6799557517006445]",1,-1
9418,[0.31641677 0.13014463],1,2,"[0.294379027732062, 0.1921773781634303]",0,0
9419,[0.59665949 0.5587828 ],3,-1,-1,1,-1
9420,[0.69964703 0.58574872],3,3,"[0.6601234827680622, 0.6109507568947781]",1,-1
9421,[0.60950999 0.62658362],3,3,"[0.6601234827680622, 0.6109507568947781]",1,-1
9422,[0.60755113 0.62340966],3,3,"[0.6601234827680622, 0.6109507568947781]",1,-1
9423,[0.4614168  0.55825658],0,-1,-1,1,-1
9424,[0.71294669 0.71586509],2,-1,-1,1,-1
9425,[0.7192755  0.65129685],3,-1,-1,1,-1
9426,[0.70517593 0.69254116],3,-1,-1,1,-1
9427,[0.22604751 0.24679783],1,-1,-1,0,0
9428,[0.61539262 0.64938415],3,3,"[0.6601234827680622, 0.6109507568947781]",1,-1
9429,[0.38372583 0.23433359],1,-1,-1,0,0
9430,[0.63101762 0.59010966],3,3,"[0.6601234827680622, 0.6109507568947781]",1,-1
9431,[0.58713333 0.64104162],3,-1,-1,1,-1
9432,[0.71137878 0.62685161],2,3,"[0.6601234827680622, 0.6109507568947781]",1,-1
9433,[0.66307632 0.62407407],3,3,"[0.6601234827680622, 0.6109507568947781]",1,7
9434,[0.66605545 0.63762027],3,3,"[0.6601234827680622, 0.6109507568947781]",1,-1
9435,[0.31427226 0.53528015],0,-1,-1,1,-1
9436,[0.62727958 0.55430977],3,3,"[0.6601234827680622, 0.6109507568947781]",1,-1
9437,[0.29984331 0.21809543],1,2,"[0.294379027732062, 0.1921773781634303]",0,0
9438,[0.28288229 0.18286004],1,2,"[0.294379027732062, 0.1921773781634303]",0,0
9439,[0.6594339  0.67172653],3,3,"[0.6601234827680622, 0.6109507568947781]",1,-1
9440,[0.43185902 0.54526583],0,1,"[0.37965276877051146, 0.575157747726818]",1,-1
9441,[0.36215455 0.57010913],0,1,"[0.37965276877051146, 0.575157747726818]",1,-1
9442,[0.73755642 0.692823  ],2,0,"[0.7890750777399501, 0.6799557517006445]",1,-1
9443,[0.25559247 0.15031545],1,2,"[0.294379027732062, 0.1921773781634303]",0,0
9444,[0.4109289  0.69592761],0,-1,-1,1,-1
9445,[0.27060215 0.15835172],1,2,"[0.294379027732062, 0.1921773781634303]",0,0
9446,[0.42400022 0.53430355],0,1,"[0.37965276877051146, 0.575157747726818]",1,-1
9447,[0.28895196 0.22430043],1,2,"[0.294379027732062, 0.1921773781634303]",0,0
9448,[0.68388501 0.56312915],3,3,"[0.6601234827680622, 0.6109507568947781]",1,-1
9449,[0.70817388 0.6077294 ],2,3,"[0.6601234827680622, 0.6109507568947781]",1,-1
9450,[0.28122286 0.68309907],0,-1,-1,1,-1
9451,[0.23224973 0.17420319],1,2,"[0.294379027732062, 0.1921773781634303]",0,0
9452,[0.38622517 0.53939425],0,1,"[0.37965276877051146, 0.575157747726818]",1,-1
9453,[0.32869263 0.23535062],1,2,"[0.294379027732062, 0.1921773781634303]",0,0
9454,[0.71562226 0.59881998],3,3,"[0.6601234827680622, 0.6109507568947781]",1,-1
9455,[0.72109471 0.61602754],3,3,"[0.6601234827680622, 0.6109507568947781]",1,-1
9456,[0.69078519 0.621305  ],3,3,"[0.6601234827680622, 0.6109507568947781]",1,7
9457,[0.25179089 0.14356858],1,2,"[0.294379027732062, 0.1921773781634303]",0,0
9458,[0.34135296 0.5076995 ],0,-1,-1,1,-1
9459,[0.34926533 0.17467405],1,2,"[0.294379027732062, 0.1921773781634303]",0,0
9460,[0.37654897 0.55295076],0,1,"[0.37965276877051146, 0.575157747726818]",1,-1
9461,[0.29246845 0.1075983 ],1,-1,-1,0,0
9462,[0.31884862 0.22318353],1,2,"[0.294379027732062, 0.1921773781634303]",0,0
9463,[0.66982409 0.54740145],3,3,"[0.6601234827680622, 0.6109507568947781]",1,-1
9464,[0.83790257 0.70221121],2,0,"[0.7890750777399501, 0.6799557517006445]",1,-1
9465,[0.72026781 0.51552122],3,-1,-1,1,-1
9466,[0.64096723 0.56411653],3,3,"[0.6601234827680622, 0.6109507568947781]",1,-1
9467,[0.76824049 0.67981513],2,0,"[0.7890750777399501, 0.6799557517006445]",1,4
9468,[0.62085941 0.64236692],3,3,"[0.6601234827680622, 0.6109507568947781]",1,-1
9469,[0.6551321  0.62372645],3,3,"[0.6601234827680622, 0.6109507568947781]",1,7
9470,[0.79280364 0.72164167],2,0,"[0.7890750777399501, 0.6799557517006445]",1,-1
9471,[0.32987756 0.60403237],0,1,"[0.37965276877051146, 0.575157747726818]",1,-1
9472,[0.81177429 0.60757133],2,-1,-1,1,-1
9473,[0.80242535 0.69011979],2,0,"[0.7890750777399501, 0.6799557517006445]",1,-1
9474,[0.62756558 0.6018299 ],3,3,"[0.6601234827680622, 0.6109507568947781]",1,-1
9475,[0.24108778 0.17288459],1,2,"[0.294379027732062, 0.1921773781634303]",0,0
9476,[0.78935157 0.61904075],2,0,"[0.7890750777399501, 0.6799557517006445]",1,-1
9477,[0.8295323  0.74061461],2,-1,-1,1,-1
9478,[0.60376035 0.57459562],3,3,"[0.6601234827680622, 0.6109507568947781]",1,-1
9479,[0.43622301 0.56363432],0,1,"[0.37965276877051146, 0.575157747726818]",1,-1
9480,[0.30487507 0.22122371],1,2,"[0.294379027732062, 0.1921773781634303]",0,0
9481,[0.86223471 0.67231746],2,-1,-1,1,-1
9482,[0.41918268 0.5837533 ],0,1,"[0.37965276877051146, 0.575157747726818]",1,-1
9483,[0.25678141 0.26789625],1,-1,-1,0,0
9484,[0.82437166 0.6069973 ],2,-1,-1,1,-1
9485,[0.37171699 0.57287633],0,1,"[0.37965276877051146, 0.575157747726818]",1,1
9486,[0.74799158 0.63990776],2,0,"[0.7890750777399501, 0.6799557517006445]",1,-1
9487,[0.70522198 0.60624312],3,3,"[0.6601234827680622, 0.6109507568947781]",1,-1
9488,[0.40651716 0.22569723],1,-1,-1,0,0
9489,[0.7905648  0.70067373],2,0,"[0.7890750777399501, 0.6799557517006445]",1,-1
9490,[0.37335431 0.64391297],0,1,"[0.37965276877051146, 0.575157747726818]",1,-1
9491,[0.27850643 0.2357875 ],1,2,"[0.294379027732062, 0.1921773781634303]",0,0
9492,[0.2336603  0.13593169],1,-1,-1,0,0
9493,[0.79100343 0.59004575],2,-1,-1,1,-1
9494,[0.33664451 0.531596  ],0,1,"[0.37965276877051146, 0.575157747726818]",1,-1
9495,[0.74641559 0.62962278],3,0,"[0.7890750777399501, 0.6799557517006445]",1,-1
9496,[0.36611218 0.60013612],0,1,"[0.37965276877051146, 0.575157747726818]",1,-1
9497,[0.33631121 0.15034311],1,2,"[0.294379027732062, 0.1921773781634303]",0,0
9498,[0.37375808 0.56798556],0,1,"[0.37965276877051146, 0.575157747726818]",1,1
9499,[0.36669138 0.6029795 ],0,1,"[0.37965276877051146, 0.575157747726818]",1,-1
9500,[0.72040002 0.61590108],3,3,"[0.6601234827680622, 0.6109507568947781]",1,-1
9501,[0.2780229 0.1706912],1,2,"[0.294379027732062, 0.1921773781634303]",0,0
9502,[0.27907487 0.1697192 ],1,2,"[0.294379027732062, 0.1921773781634303]",0,0
9503,[0.34610067 0.53849704],0,1,"[0.37965276877051146, 0.575157747726818]",1,-1
9504,[0.63692511 0.67129186],3,3,"[0.6601234827680622, 0.6109507568947781]",1,-1
9505,[0.46966576 0.59876138],0,-1,-1,1,-1
9506,[0.79356117 0.64661007],2,0,"[0.7890750777399501, 0.6799557517006445]",1,-1
9507,[0.76923058 0.72644956],2,0,"[0.7890750777399501, 0.6799557517006445]",1,-1
9508,[0.72778656 0.62433599],2,3,"[0.6601234827680622, 0.6109507568947781]",1,-1
9509,[0.80263744 0.75184559],2,-1,-1,1,-1
9510,[0.35854032 0.22373474],1,-1,-1,0,0
9511,[0.63454866 0.63726382],3,3,"[0.6601234827680622, 0.6109507568947781]",1,-1
9512,[0.36488286 0.22677298],1,-1,-1,0,0
9513,[0.72661802 0.57454277],2,-1,-1,1,-1
9514,[0.64763441 0.58546775],3,3,"[0.6601234827680622, 0.6109507568947781]",1,-1
9515,[0.83128375 0.60274447],2,-1,-1,1,-1
9516,[0.61619799 0.64119667],3,3,"[0.6601234827680622, 0.6109507568947781]",1,-1
9517,[0.27393413 0.12678631],1,2,"[0.294379027732062, 0.1921773781634303]",0,0
9518,[0.69750879 0.7257507 ],2,-1,-1,1,-1
9519,[0.71432453 0.68309704],3,-1,-1,1,-1
9520,[0.8199653  0.77598426],2,-1,-1,1,-1
9521,[0.23027613 0.21320017],1,2,"[0.294379027732062, 0.1921773781634303]",0,0
9522,[0.3773286  0.59177672],0,1,"[0.37965276877051146, 0.575157747726818]",1,-1
9523,[0.70859898 0.60642182],2,3,"[0.6601234827680622, 0.6109507568947781]",1,-1
9524,[0.61509024 0.64042129],3,3,"[0.6601234827680622, 0.6109507568947781]",1,-1
9525,[0.71949195 0.55670806],3,-1,-1,1,-1
9526,[0.27347523 0.13772785],1,2,"[0.294379027732062, 0.1921773781634303]",0,0
9527,[0.80711856 0.67092359],2,0,"[0.7890750777399501, 0.6799557517006445]",1,4
9528,[0.68287432 0.65271816],3,3,"[0.6601234827680622, 0.6109507568947781]",1,-1
9529,[0.4084176  0.58496427],0,1,"[0.37965276877051146, 0.575157747726818]",1,-1
9530,[0.80468508 0.69118461],2,0,"[0.7890750777399501, 0.6799557517006445]",1,-1
9531,[0.70410487 0.76318589],2,-1,-1,1,-1
9532,[0.79997333 0.74175302],2,0,"[0.7890750777399501, 0.6799557517006445]",1,-1
9533,[0.2654416  0.17443965],1,2,"[0.294379027732062, 0.1921773781634303]",0,0
9534,[0.30671336 0.18939287],1,2,"[0.294379027732062, 0.1921773781634303]",0,0
9535,[0.39328172 0.63426839],0,1,"[0.37965276877051146, 0.575157747726818]",1,-1
9536,[0.8140145  0.67484782],2,0,"[0.7890750777399501, 0.6799557517006445]",1,-1
9537,[0.59213925 0.64236599],3,-1,-1,1,-1
9538,[0.73088114 0.72633538],3,-1,-1,1,-1
9539,[0.6900624  0.53791461],3,-1,-1,1,-1
9540,[0.44742535 0.53890107],0,-1,-1,1,-1
9541,[0.61962379 0.57495257],3,3,"[0.6601234827680622, 0.6109507568947781]",1,-1
9542,[0.31481231 0.28444169],1,-1,-1,0,0
9543,[0.23448728 0.21636447],1,2,"[0.294379027732062, 0.1921773781634303]",0,0
9544,[0.58218993 0.62934792],3,-1,-1,1,-1
9545,[0.35901595 0.27925052],1,-1,-1,0,0
9546,[0.31610643 0.57795232],0,1,"[0.37965276877051146, 0.575157747726818]",1,-1
9547,[0.33947255 0.16802996],1,2,"[0.294379027732062, 0.1921773781634303]",0,0
9548,[0.68237717 0.59512695],3,3,"[0.6601234827680622, 0.6109507568947781]",1,-1
9549,[0.58848994 0.60984058],3,-1,-1,1,-1
9550,[0.63615989 0.61573389],3,3,"[0.6601234827680622, 0.6109507568947781]",1,-1
9551,[0.18942935 0.22654563],1,-1,-1,0,0
9552,[0.75056769 0.67095922],2,0,"[0.7890750777399501, 0.6799557517006445]",1,-1
9553,[0.40709813 0.58360294],0,1,"[0.37965276877051146, 0.575157747726818]",1,-1
9554,[0.36323797 0.18088397],1,2,"[0.294379027732062, 0.1921773781634303]",0,0
9555,[0.85070291 0.67713538],2,0,"[0.7890750777399501, 0.6799557517006445]",1,-1
9556,[0.68137027 0.56209748],3,3,"[0.6601234827680622, 0.6109507568947781]",1,-1
9557,[0.69698667 0.58030942],3,3,"[0.6601234827680622, 0.6109507568947781]",1,-1
9558,[0.24402011 0.29356313],1,-1,-1,0,0
9559,[0.79377237 0.64229788],2,0,"[0.7890750777399501, 0.6799557517006445]",1,-1
9560,[0.81964161 0.60735678],2,-1,-1,1,-1
9561,[0.29975992 0.24035111],1,2,"[0.294379027732062, 0.1921773781634303]",0,0
9562,[0.72931164 0.5849164 ],3,-1,-1,1,-1
9563,[0.5939532  0.50954297],3,-1,-1,1,-1
9564,[0.81601865 0.81228892],2,-1,-1,1,-1
9565,[0.84294845 0.72851021],2,-1,-1,1,-1
9566,[0.70130105 0.63204045],2,3,"[0.6601234827680622, 0.6109507568947781]",1,-1
9567,[0.23096984 0.17875033],1,2,"[0.294379027732062, 0.1921773781634303]",0,0
9568,[0.26502497 0.19035864],1,2,"[0.294379027732062, 0.1921773781634303]",0,0
9569,[0.80938963 0.62933465],2,0,"[0.7890750777399501, 0.6799557517006445]",1,-1
9570,[0.30906122 0.2330983 ],1,2,"[0.294379027732062, 0.1921773781634303]",0,0
9571,[0.59694705 0.64849309],3,-1,-1,1,-1
9572,[0.67490727 0.61345367],3,3,"[0.6601234827680622, 0.6109507568947781]",1,-1
9573,[0.24044304 0.18423156],1,2,"[0.294379027732062, 0.1921773781634303]",0,0
9574,[0.33639471 0.15437298],1,2,"[0.294379027732062, 0.1921773781634303]",0,0
9575,[0.71325186 0.53037777],3,-1,-1,1,-1
9576,[0.37094859 0.5805412 ],0,1,"[0.37965276877051146, 0.575157747726818]",1,1
9577,[0.23976005 0.18399333],1,2,"[0.294379027732062, 0.1921773781634303]",0,0
9578,[0.34420718 0.66362959],0,-1,-1,1,-1
9579,[0.86999817 0.71882607],2,-1,-1,1,-1
9580,[0.83838728 0.64196942],2,0,"[0.7890750777399501, 0.6799557517006445]",1,-1
9581,[0.23385392 0.16482462],1,2,"[0.294379027732062, 0.1921773781634303]",0,0
9582,[0.6524393  0.59653836],3,3,"[0.6601234827680622, 0.6109507568947781]",1,-1
9583,[0.70089121 0.65128816],3,3,"[0.6601234827680622, 0.6109507568947781]",1,-1
9584,[0.2812698  0.25029538],1,2,"[0.294379027732062, 0.1921773781634303]",0,0
9585,[0.32213744 0.20348006],1,2,"[0.294379027732062, 0.1921773781634303]",0,0
9586,[0.36048895 0.18195769],1,2,"[0.294379027732062, 0.1921773781634303]",0,0
9587,[0.2945587  0.15094323],1,2,"[0.294379027732062, 0.1921773781634303]",0,0
9588,[0.27472212 0.12289105],1,-1,-1,0,0
9589,[0.81519939 0.6471427 ],2,0,"[0.7890750777399501, 0.6799557517006445]",1,-1
9590,[0.86997722 0.73245586],2,-1,-1,1,-1
9591,[0.22604418 0.14103997],1,-1,-1,0,0
9592,[0.39790821 0.64464437],0,-1,-1,1,-1
9593,[0.70070876 0.66455804],2,3,"[0.6601234827680622, 0.6109507568947781]",1,-1
9594,[0.62706503 0.64277224],3,3,"[0.6601234827680622, 0.6109507568947781]",1,-1
9595,[0.3222378  0.59428755],0,1,"[0.37965276877051146, 0.575157747726818]",1,-1
9596,[0.49611217 0.70010637],0,-1,-1,1,-1
9597,[0.78190789 0.75211342],2,-1,-1,1,-1
9598,[0.81523572 0.59699454],2,-1,-1,1,-1
9599,[0.37699667 0.57141426],0,1,"[0.37965276877051146, 0.575157747726818]",1,1
9600,[0.67661196 0.61846885],3,3,"[0.6601234827680622, 0.6109507568947781]",1,-1
9601,[0.75575214 0.66427063],3,0,"[0.7890750777399501, 0.6799557517006445]",1,3
9602,[0.4002592  0.42718238],0,-1,-1,1,-1
9603,[0.42254118 0.5425722 ],0,1,"[0.37965276877051146, 0.575157747726818]",1,-1
9604,[0.43345361 0.60766164],0,1,"[0.37965276877051146, 0.575157747726818]",1,-1
9605,[0.31744872 0.08473945],1,-1,-1,0,0
9606,[0.75857189 0.63564699],2,0,"[0.7890750777399501, 0.6799557517006445]",1,-1
9607,[0.26204141 0.1145242 ],1,-1,-1,0,0
9608,[0.6958729  0.61283615],3,3,"[0.6601234827680622, 0.6109507568947781]",1,-1
9609,[0.34087205 0.51553236],0,-1,-1,1,-1
9610,[0.80641614 0.68335098],2,0,"[0.7890750777399501, 0.6799557517006445]",1,-1
9611,[0.2396663  0.55986906],0,-1,-1,1,-1
9612,[0.74803598 0.73873825],2,-1,-1,1,-1
9613,[0.27146984 0.14068482],1,2,"[0.294379027732062, 0.1921773781634303]",0,0
9614,[0.4028679  0.19387506],1,-1,-1,0,0
9615,[0.76924577 0.68035111],2,0,"[0.7890750777399501, 0.6799557517006445]",1,-1
9616,[0.73810917 0.71905474],2,0,"[0.7890750777399501, 0.6799557517006445]",1,-1
9617,[0.46525387 0.57710073],0,-1,-1,1,-1
9618,[0.68588147 0.70344964],2,-1,-1,1,-1
9619,[0.37877389 0.2478964 ],1,-1,-1,0,0
9620,[0.37948821 0.50823508],0,1,"[0.37965276877051146, 0.575157747726818]",1,-1
9621,[0.25458805 0.26091481],1,-1,-1,0,0
9622,[0.6858143 0.6620625],3,3,"[0.6601234827680622, 0.6109507568947781]",1,-1
9623,[0.69420913 0.58424562],3,3,"[0.6601234827680622, 0.6109507568947781]",1,-1
9624,[0.34856867 0.10819243],1,-1,-1,0,0
9625,[0.81433899 0.63088433],2,0,"[0.7890750777399501, 0.6799557517006445]",1,-1
9626,[0.65991959 0.60847725],3,3,"[0.6601234827680622, 0.6109507568947781]",1,-1
9627,[0.60627073 0.65047766],3,3,"[0.6601234827680622, 0.6109507568947781]",1,-1
9628,[0.60237335 0.67761841],3,-1,-1,1,-1
9629,[0.78736587 0.75684426],2,-1,-1,1,-1
9630,[0.45053066 0.61481862],0,-1,-1,1,-1
9631,[0.8142584 0.6034659],2,-1,-1,1,-1
9632,[0.23924756 0.13389871],1,-1,-1,0,0
9633,[0.55461527 0.60480522],3,-1,-1,1,-1
9634,[0.23811008 0.10441403],1,-1,-1,0,0
9635,[0.29311346 0.19795029],1,2,"[0.294379027732062, 0.1921773781634303]",0,0
9636,[0.22729921 0.15092337],1,-1,-1,0,0
9637,[0.70149005 0.69311548],2,-1,-1,1,-1
9638,[0.2873286  0.14954588],1,2,"[0.294379027732062, 0.1921773781634303]",0,0
9639,[0.43671152 0.57229166],0,1,"[0.37965276877051146, 0.575157747726818]",1,-1
9640,[0.70051781 0.68938226],2,-1,-1,1,-1
9641,[0.79438035 0.70762966],2,0,"[0.7890750777399501, 0.6799557517006445]",1,-1
9642,[0.44376934 0.66493982],0,-1,-1,1,-1
9643,[0.58215995 0.60756354],3,-1,-1,1,-1
9644,[0.28509017 0.17434835],1,2,"[0.294379027732062, 0.1921773781634303]",0,0
9645,[0.33314006 0.27665648],1,-1,-1,0,0
9646,[0.75414339 0.68756389],2,0,"[0.7890750777399501, 0.6799557517006445]",1,-1
9647,[0.37105221 0.27710776],1,-1,-1,0,0
9648,[0.75459958 0.63742643],2,0,"[0.7890750777399501, 0.6799557517006445]",1,-1
9649,[0.30612177 0.56001063],0,-1,-1,1,-1
9650,[0.33159837 0.1606835 ],1,2,"[0.294379027732062, 0.1921773781634303]",0,0
9651,[0.43168114 0.60916777],0,1,"[0.37965276877051146, 0.575157747726818]",1,-1
9652,[0.62084437 0.59606068],3,3,"[0.6601234827680622, 0.6109507568947781]",1,-1
9653,[0.50879373 0.71675714],3,-1,-1,1,-1
9654,[0.24557673 0.18420159],1,2,"[0.294379027732062, 0.1921773781634303]",0,0
9655,[0.33310164 0.58498905],0,1,"[0.37965276877051146, 0.575157747726818]",1,-1
9656,[0.87630679 0.68488901],2,-1,-1,1,-1
9657,[0.65017544 0.60683716],3,3,"[0.6601234827680622, 0.6109507568947781]",1,6
9658,[0.81648214 0.64938168],2,0,"[0.7890750777399501, 0.6799557517006445]",1,-1
9659,[0.69464116 0.63746744],3,3,"[0.6601234827680622, 0.6109507568947781]",1,-1
9660,[0.35347402 0.53284566],0,1,"[0.37965276877051146, 0.575157747726818]",1,-1
9661,[0.3054477  0.21747786],1,2,"[0.294379027732062, 0.1921773781634303]",0,0
9662,[0.79145814 0.64182051],2,0,"[0.7890750777399501, 0.6799557517006445]",1,-1
9663,[0.31620103 0.22130839],1,2,"[0.294379027732062, 0.1921773781634303]",0,0
9664,[0.28293123 0.2349308 ],1,2,"[0.294379027732062, 0.1921773781634303]",0,0
9665,[0.83589855 0.61961687],2,-1,-1,1,-1
9666,[0.23836472 0.28389943],1,-1,-1,0,0
9667,[0.37497611 0.53271313],0,1,"[0.37965276877051146, 0.575157747726818]",1,-1
9668,[0.69689939 0.58442636],3,3,"[0.6601234827680622, 0.6109507568947781]",1,-1
9669,[0.67510683 0.64594502],3,3,"[0.6601234827680622, 0.6109507568947781]",1,-1
9670,[0.41859436 0.51955969],0,1,"[0.37965276877051146, 0.575157747726818]",1,-1
9671,[0.65328726 0.60741934],3,3,"[0.6601234827680622, 0.6109507568947781]",1,6
9672,[0.40550526 0.58020832],0,1,"[0.37965276877051146, 0.575157747726818]",1,-1
9673,[0.33728792 0.22319398],1,2,"[0.294379027732062, 0.1921773781634303]",0,0
9674,[0.36486359 0.60699158],0,1,"[0.37965276877051146, 0.575157747726818]",1,-1
9675,[0.27477476 0.2311765 ],1,2,"[0.294379027732062, 0.1921773781634303]",0,0
9676,[0.75794861 0.67236379],3,0,"[0.7890750777399501, 0.6799557517006445]",1,-1
9677,[0.28688042 0.1991308 ],1,2,"[0.294379027732062, 0.1921773781634303]",0,0
9678,[0.7994201  0.64442154],2,0,"[0.7890750777399501, 0.6799557517006445]",1,-1
9679,[0.60533201 0.69441176],3,-1,-1,1,-1
9680,[0.83892329 0.73630772],2,-1,-1,1,-1
9681,[0.82829588 0.72281963],2,0,"[0.7890750777399501, 0.6799557517006445]",1,-1
9682,[0.24377708 0.27122055],1,-1,-1,0,0
9683,[0.34264123 0.68739128],0,-1,-1,1,-1
9684,[0.35804495 0.19471118],1,2,"[0.294379027732062, 0.1921773781634303]",0,0
9685,[0.3269434  0.21280114],1,2,"[0.294379027732062, 0.1921773781634303]",0,0
9686,[0.7391607  0.71413577],2,0,"[0.7890750777399501, 0.6799557517006445]",1,-1
9687,[0.62801801 0.62256349],3,3,"[0.6601234827680622, 0.6109507568947781]",1,-1
9688,[0.75003634 0.75166668],2,-1,-1,1,-1
9689,[0.67252065 0.59265449],3,3,"[0.6601234827680622, 0.6109507568947781]",1,-1
9690,[0.24630331 0.2086749 ],1,2,"[0.294379027732062, 0.1921773781634303]",0,0
9691,[0.34766438 0.54171026],0,1,"[0.37965276877051146, 0.575157747726818]",1,-1
9692,[0.28085766 0.17149964],1,2,"[0.294379027732062, 0.1921773781634303]",0,0
9693,[0.64423957 0.54264194],3,-1,-1,1,-1
9694,[0.30065176 0.16731464],1,2,"[0.294379027732062, 0.1921773781634303]",0,0
9695,[0.39962688 0.66326915],0,-1,-1,1,-1
9696,[0.27057465 0.14733854],1,2,"[0.294379027732062, 0.1921773781634303]",0,0
9697,[0.33284746 0.5727222 ],0,1,"[0.37965276877051146, 0.575157747726818]",1,-1
9698,[0.31168645 0.60122316],0,-1,-1,1,-1
9699,[0.29430818 0.59585942],0,-1,-1,1,-1
9700,[0.3632393  0.53871626],0,1,"[0.37965276877051146, 0.575157747726818]",1,-1
9701,[0.27723471 0.19926943],1,2,"[0.294379027732062, 0.1921773781634303]",0,0
9702,[0.82360301 0.69064581],2,0,"[0.7890750777399501, 0.6799557517006445]",1,-1
9703,[0.33163298 0.1723529 ],1,2,"[0.294379027732062, 0.1921773781634303]",0,0
9704,[0.28456944 0.5834603 ],0,-1,-1,1,-1
9705,[0.3554912  0.24081819],1,-1,-1,0,0
9706,[0.44117898 0.60193404],0,1,"[0.37965276877051146, 0.575157747726818]",1,-1
9707,[0.73436122 0.61405619],2,-1,-1,1,-1
9708,[0.41217363 0.53880955],0,1,"[0.37965276877051146, 0.575157747726818]",1,-1
9709,[0.4518318  0.58088542],0,-1,-1,1,-1
9710,[0.31585419 0.0930456 ],1,-1,-1,0,0
9711,[0.24715685 0.21118029],1,2,"[0.294379027732062, 0.1921773781634303]",0,0
9712,[0.47460904 0.48863507],0,-1,-1,1,-1
9713,[0.15687112 0.18839796],1,-1,-1,0,0
9714,[0.26896145 0.23856715],1,2,"[0.294379027732062, 0.1921773781634303]",0,0
9715,[0.3711429  0.22646855],1,-1,-1,0,0
9716,[0.74904666 0.7444589 ],2,-1,-1,1,-1
9717,[0.64815757 0.56984673],3,3,"[0.6601234827680622, 0.6109507568947781]",1,-1
9718,[0.76505329 0.66465106],2,0,"[0.7890750777399501, 0.6799557517006445]",1,-1
9719,[0.25386393 0.18809551],1,2,"[0.294379027732062, 0.1921773781634303]",0,0
9720,[0.579569   0.65074513],3,-1,-1,1,-1
9721,[0.68851356 0.6346942 ],3,3,"[0.6601234827680622, 0.6109507568947781]",1,-1
9722,[0.31747278 0.63404756],0,-1,-1,1,-1
9723,[0.37117171 0.63729866],0,1,"[0.37965276877051146, 0.575157747726818]",1,-1
9724,[0.79980029 0.6720995 ],2,0,"[0.7890750777399501, 0.6799557517006445]",1,4
9725,[0.84176111 0.77499232],2,-1,-1,1,-1
9726,[0.3175694  0.21312003],1,2,"[0.294379027732062, 0.1921773781634303]",0,0
9727,[0.76540995 0.75121673],2,-1,-1,1,-1
9728,[0.60279487 0.58613337],3,3,"[0.6601234827680622, 0.6109507568947781]",1,-1
9729,[0.71818034 0.67224444],3,-1,-1,1,-1
9730,[0.25631948 0.18512783],1,2,"[0.294379027732062, 0.1921773781634303]",0,0
9731,[0.29834193 0.25143733],1,2,"[0.294379027732062, 0.1921773781634303]",0,0
9732,[0.73392994 0.6485019 ],3,0,"[0.7890750777399501, 0.6799557517006445]",1,-1
9733,[0.29799832 0.14248612],1,2,"[0.294379027732062, 0.1921773781634303]",0,0
9734,[0.46513865 0.56558977],0,-1,-1,1,-1
9735,[0.25697044 0.18037789],1,2,"[0.294379027732062, 0.1921773781634303]",0,0
9736,[0.63353237 0.62729158],3,3,"[0.6601234827680622, 0.6109507568947781]",1,-1
9737,[0.35566806 0.59640753],0,1,"[0.37965276877051146, 0.575157747726818]",1,-1
9738,[0.34174742 0.55010027],0,1,"[0.37965276877051146, 0.575157747726818]",1,-1
9739,[0.22976588 0.23570557],1,-1,-1,0,0
9740,[0.68933611 0.57986688],3,3,"[0.6601234827680622, 0.6109507568947781]",1,-1
9741,[0.8256235  0.61951136],2,-1,-1,1,-1
9742,[0.4200565  0.62276069],0,1,"[0.37965276877051146, 0.575157747726818]",1,-1
9743,[0.40733418 0.49379162],0,-1,-1,1,-1
9744,[0.40888896 0.59860862],0,1,"[0.37965276877051146, 0.575157747726818]",1,-1
9745,[0.64893593 0.59319423],3,3,"[0.6601234827680622, 0.6109507568947781]",1,-1
9746,[0.65561206 0.66878468],3,3,"[0.6601234827680622, 0.6109507568947781]",1,-1
9747,[0.65727945 0.64021922],3,3,"[0.6601234827680622, 0.6109507568947781]",1,-1
9748,[0.24545853 0.1374281 ],1,-1,-1,0,0
9749,[0.78624425 0.73411765],2,0,"[0.7890750777399501, 0.6799557517006445]",1,-1
9750,[0.30205254 0.26626717],1,-1,-1,0,0
9751,[0.63497855 0.57539591],3,3,"[0.6601234827680622, 0.6109507568947781]",1,-1
9752,[0.7211277  0.67037609],2,0,"[0.7890750777399501, 0.6799557517006445]",1,-1
9753,[0.35567789 0.55145249],0,1,"[0.37965276877051146, 0.575157747726818]",1,-1
9754,[0.36268111 0.28932186],1,-1,-1,0,0
9755,[0.29634233 0.19967061],1,2,"[0.294379027732062, 0.1921773781634303]",0,0
9756,[0.29207631 0.20525387],1,2,"[0.294379027732062, 0.1921773781634303]",0,0
9757,[0.77976386 0.72933892],2,0,"[0.7890750777399501, 0.6799557517006445]",1,-1
9758,[0.37887833 0.68478422],0,-1,-1,1,-1
9759,[0.65880382 0.67814872],3,3,"[0.6601234827680622, 0.6109507568947781]",1,-1
9760,[0.85441374 0.60233003],2,-1,-1,1,-1
9761,[0.46793445 0.54746778],0,-1,-1,1,-1
9762,[0.64927799 0.65082196],3,3,"[0.6601234827680622, 0.6109507568947781]",1,-1
9763,[0.38335199 0.52552935],0,1,"[0.37965276877051146, 0.575157747726818]",1,-1
9764,[0.28675977 0.24725727],1,2,"[0.294379027732062, 0.1921773781634303]",0,0
9765,[0.79298209 0.76157809],2,-1,-1,1,-1
9766,[0.21386916 0.28132568],1,-1,-1,0,0
9767,[0.63791954 0.49770843],3,-1,-1,1,-1
9768,[0.3449369 0.5500225],0,1,"[0.37965276877051146, 0.575157747726818]",1,-1
9769,[0.42589196 0.58779539],0,1,"[0.37965276877051146, 0.575157747726818]",1,-1
9770,[0.32772867 0.24090616],1,2,"[0.294379027732062, 0.1921773781634303]",0,0
9771,[0.41740382 0.60954308],0,1,"[0.37965276877051146, 0.575157747726818]",1,-1
9772,[0.63240624 0.72928595],3,-1,-1,1,-1
9773,[0.41608602 0.51337161],0,-1,-1,1,-1
9774,[0.37963476 0.49248754],0,-1,-1,1,-1
9775,[0.37128724 0.15328606],1,-1,-1,0,0
9776,[0.65310934 0.65906695],3,3,"[0.6601234827680622, 0.6109507568947781]",1,-1
9777,[0.30997944 0.22639704],1,2,"[0.294379027732062, 0.1921773781634303]",0,0
9778,[0.70720197 0.52766072],3,-1,-1,1,-1
9779,[0.42422022 0.63326717],0,-1,-1,1,-1
9780,[0.30657515 0.22858248],1,2,"[0.294379027732062, 0.1921773781634303]",0,0
9781,[0.46336615 0.6114451 ],0,-1,-1,1,-1
9782,[0.40252514 0.58953502],0,1,"[0.37965276877051146, 0.575157747726818]",1,-1
9783,[0.30573342 0.19405962],1,2,"[0.294379027732062, 0.1921773781634303]",0,0
9784,[0.32822604 0.23658614],1,2,"[0.294379027732062, 0.1921773781634303]",0,0
9785,[0.62578616 0.6529326 ],3,3,"[0.6601234827680622, 0.6109507568947781]",1,-1
9786,[0.65009198 0.69392642],3,-1,-1,1,-1
9787,[0.39121081 0.55020601],0,1,"[0.37965276877051146, 0.575157747726818]",1,-1
9788,[0.43915327 0.52545524],0,-1,-1,1,-1
9789,[0.71394456 0.59989776],3,3,"[0.6601234827680622, 0.6109507568947781]",1,-1
9790,[0.67611916 0.63836324],3,3,"[0.6601234827680622, 0.6109507568947781]",1,-1
9791,[0.72225204 0.66777238],3,0,"[0.7890750777399501, 0.6799557517006445]",1,-1
9792,[0.46210511 0.6044891 ],0,-1,-1,1,-1
9793,[0.21099755 0.16826722],1,-1,-1,0,0
9794,[0.7653915  0.58640088],2,-1,-1,1,-1
9795,[0.25740209 0.19526545],1,2,"[0.294379027732062, 0.1921773781634303]",0,0
9796,[0.29306412 0.18477633],1,2,"[0.294379027732062, 0.1921773781634303]",0,0
9797,[0.73904324 0.64176369],2,0,"[0.7890750777399501, 0.6799557517006445]",1,-1
9798,[0.84509146 0.65258209],2,0,"[0.7890750777399501, 0.6799557517006445]",1,-1
9799,[0.41103072 0.62349534],0,1,"[0.37965276877051146, 0.575157747726818]",1,-1
9800,[0.74833628 0.64718536],2,0,"[0.7890750777399501, 0.6799557517006445]",1,-1
9801,[0.48919432 0.60987238],0,-1,-1,1,-1
9802,[0.2303739 0.2252975],1,-1,-1,0,0
9803,[0.63680166 0.68633214],3,-1,-1,1,-1
9804,[0.7647319 0.6407473],2,0,"[0.7890750777399501, 0.6799557517006445]",1,-1
9805,[0.38768261 0.57909245],0,1,"[0.37965276877051146, 0.575157747726818]",1,-1
9806,[0.69097684 0.7009039 ],3,-1,-1,1,-1
9807,[0.70846299 0.57704973],3,3,"[0.6601234827680622, 0.6109507568947781]",1,-1
9808,[0.64631026 0.55875345],3,3,"[0.6601234827680622, 0.6109507568947781]",1,-1
9809,[0.43348805 0.559863  ],0,1,"[0.37965276877051146, 0.575157747726818]",1,-1
9810,[0.39903499 0.55922353],0,1,"[0.37965276877051146, 0.575157747726818]",1,-1
9811,[0.55356881 0.61702509],3,-1,-1,1,-1
9812,[0.74771063 0.75665509],2,-1,-1,1,-1
9813,[0.29698031 0.25197329],1,2,"[0.294379027732062, 0.1921773781634303]",0,0
9814,[0.63693176 0.62597769],3,3,"[0.6601234827680622, 0.6109507568947781]",1,-1
9815,[0.76489654 0.7146278 ],2,0,"[0.7890750777399501, 0.6799557517006445]",1,-1
9816,[0.47461893 0.58906214],0,-1,-1,1,-1
9817,[0.30781912 0.23842456],1,2,"[0.294379027732062, 0.1921773781634303]",0,0
9818,[0.7337405  0.66203447],2,0,"[0.7890750777399501, 0.6799557517006445]",1,-1
9819,[0.38514988 0.55180589],0,1,"[0.37965276877051146, 0.575157747726818]",1,-1
9820,[0.55692479 0.61849934],3,-1,-1,1,-1
9821,[0.60629039 0.52386343],3,-1,-1,1,-1
9822,[0.79982654 0.69206267],2,0,"[0.7890750777399501, 0.6799557517006445]",1,-1
9823,[0.33736201 0.61798696],0,1,"[0.37965276877051146, 0.575157747726818]",1,-1
9824,[0.28003874 0.15898454],1,2,"[0.294379027732062, 0.1921773781634303]",0,0
9825,[0.66261088 0.62167334],3,3,"[0.6601234827680622, 0.6109507568947781]",1,7
9826,[0.76000821 0.66136404],2,0,"[0.7890750777399501, 0.6799557517006445]",1,-1
9827,[0.75647135 0.70708773],2,0,"[0.7890750777399501, 0.6799557517006445]",1,-1
9828,[0.82580859 0.64563675],2,0,"[0.7890750777399501, 0.6799557517006445]",1,-1
9829,[0.46544032 0.49649879],0,-1,-1,1,-1
9830,[0.24822268 0.14232938],1,2,"[0.294379027732062, 0.1921773781634303]",0,0
9831,[0.76320553 0.71942308],3,0,"[0.7890750777399501, 0.6799557517006445]",1,-1
9832,[0.82921954 0.65391678],2,0,"[0.7890750777399501, 0.6799557517006445]",1,-1
9833,[0.63512871 0.62985015],3,3,"[0.6601234827680622, 0.6109507568947781]",1,-1
9834,[0.78107218 0.5988752 ],2,-1,-1,1,-1
9835,[0.75156201 0.70416092],2,0,"[0.7890750777399501, 0.6799557517006445]",1,-1
9836,[0.71402897 0.59120933],3,3,"[0.6601234827680622, 0.6109507568947781]",1,-1
9837,[0.34536064 0.15261599],1,2,"[0.294379027732062, 0.1921773781634303]",0,0
9838,[0.31660752 0.18142746],1,2,"[0.294379027732062, 0.1921773781634303]",0,0
9839,[0.70169075 0.62498527],3,3,"[0.6601234827680622, 0.6109507568947781]",1,-1
9840,[0.43324339 0.55263316],0,1,"[0.37965276877051146, 0.575157747726818]",1,-1
9841,[0.27416812 0.250029  ],1,2,"[0.294379027732062, 0.1921773781634303]",0,0
9842,[0.80929994 0.66348   ],2,0,"[0.7890750777399501, 0.6799557517006445]",1,-1
9843,[0.29190717 0.23158177],1,2,"[0.294379027732062, 0.1921773781634303]",0,0
9844,[0.51332699 0.60939525],0,-1,-1,1,-1
9845,[0.70313782 0.56509234],3,3,"[0.6601234827680622, 0.6109507568947781]",1,-1
9846,[0.22147199 0.24144361],1,-1,-1,0,0
9847,[0.80737401 0.6591027 ],2,0,"[0.7890750777399501, 0.6799557517006445]",1,-1
9848,[0.24527548 0.21209936],1,2,"[0.294379027732062, 0.1921773781634303]",0,0
9849,[0.27126942 0.15624804],1,2,"[0.294379027732062, 0.1921773781634303]",0,0
9850,[0.79611438 0.62256573],2,0,"[0.7890750777399501, 0.6799557517006445]",1,-1
9851,[0.28472995 0.22998315],1,2,"[0.294379027732062, 0.1921773781634303]",0,0
9852,[0.66517878 0.5841236 ],3,3,"[0.6601234827680622, 0.6109507568947781]",1,-1
9853,[0.35789736 0.2568466 ],1,-1,-1,0,0
9854,[0.40438393 0.53982446],0,1,"[0.37965276877051146, 0.575157747726818]",1,-1
9855,[0.23674196 0.24843173],1,-1,-1,0,0
9856,[0.63184779 0.63235172],3,3,"[0.6601234827680622, 0.6109507568947781]",1,-1
9857,[0.84522758 0.68273597],2,0,"[0.7890750777399501, 0.6799557517006445]",1,-1
9858,[0.43413194 0.54041078],0,1,"[0.37965276877051146, 0.575157747726818]",1,-1
9859,[0.27570978 0.20441727],1,2,"[0.294379027732062, 0.1921773781634303]",0,0
9860,[0.70624123 0.66984499],2,-1,-1,1,-1
9861,[0.81099363 0.62406838],2,0,"[0.7890750777399501, 0.6799557517006445]",1,-1
9862,[0.67980262 0.64250954],3,3,"[0.6601234827680622, 0.6109507568947781]",1,-1
9863,[0.71888176 0.6935452 ],3,-1,-1,1,-1
9864,[0.34901888 0.56649227],0,1,"[0.37965276877051146, 0.575157747726818]",1,-1
9865,[0.31464027 0.08890921],1,-1,-1,0,0
9866,[0.25903706 0.2107924 ],1,2,"[0.294379027732062, 0.1921773781634303]",0,0
9867,[0.35788059 0.60408426],0,1,"[0.37965276877051146, 0.575157747726818]",1,-1
9868,[0.74291423 0.63870439],2,0,"[0.7890750777399501, 0.6799557517006445]",1,-1
9869,[0.32352501 0.66930497],0,-1,-1,1,-1
9870,[0.49640486 0.59034576],0,-1,-1,1,-1
9871,[0.29430591 0.18997471],1,2,"[0.294379027732062, 0.1921773781634303]",0,0
9872,[0.28720633 0.59829368],0,-1,-1,1,-1
9873,[0.56614953 0.59176855],3,-1,-1,1,-1
9874,[0.77433249 0.65793725],2,0,"[0.7890750777399501, 0.6799557517006445]",1,-1
9875,[0.39742204 0.56496691],0,1,"[0.37965276877051146, 0.575157747726818]",1,2
9876,[0.76024618 0.65279202],2,0,"[0.7890750777399501, 0.6799557517006445]",1,-1
9877,[0.27544543 0.17747955],1,2,"[0.294379027732062, 0.1921773781634303]",0,0
9878,[0.55209846 0.65065677],3,-1,-1,1,-1
9879,[0.30492092 0.21174105],1,2,"[0.294379027732062, 0.1921773781634303]",0,0
9880,[0.34572658 0.61294156],0,1,"[0.37965276877051146, 0.575157747726818]",1,-1
9881,[0.3881197  0.56452726],0,1,"[0.37965276877051146, 0.575157747726818]",1,-1
9882,[0.7501449 0.6896985],2,0,"[0.7890750777399501, 0.6799557517006445]",1,-1
9883,[0.41338066 0.60270886],0,1,"[0.37965276877051146, 0.575157747726818]",1,-1
9884,[0.35736811 0.54406646],0,1,"[0.37965276877051146, 0.575157747726818]",1,-1
9885,[0.76617376 0.72426574],2,0,"[0.7890750777399501, 0.6799557517006445]",1,-1
9886,[0.36804093 0.53374892],0,1,"[0.37965276877051146, 0.575157747726818]",1,-1
9887,[0.68318678 0.6708253 ],2,3,"[0.6601234827680622, 0.6109507568947781]",1,-1
9888,[0.39869353 0.6056141 ],0,1,"[0.37965276877051146, 0.575157747726818]",1,-1
9889,[0.69968138 0.66741267],3,3,"[0.6601234827680622, 0.6109507568947781]",1,-1
9890,[0.45108749 0.67008324],0,-1,-1,1,-1
9891,[0.3155347  0.30566392],1,-1,-1,0,0
9892,[0.74938169 0.71776652],3,0,"[0.7890750777399501, 0.6799557517006445]",1,-1
9893,[0.75336325 0.6596852 ],2,0,"[0.7890750777399501, 0.6799557517006445]",1,-1
9894,[0.72308951 0.6689764 ],3,0,"[0.7890750777399501, 0.6799557517006445]",1,-1
9895,[0.62849742 0.58998328],3,3,"[0.6601234827680622, 0.6109507568947781]",1,-1
9896,[0.44166941 0.55265629],0,1,"[0.37965276877051146, 0.575157747726818]",1,-1
9897,[0.27215959 0.24669131],1,2,"[0.294379027732062, 0.1921773781634303]",0,0
9898,[0.62959239 0.62201827],3,3,"[0.6601234827680622, 0.6109507568947781]",1,-1
9899,[0.74882802 0.64478045],2,0,"[0.7890750777399501, 0.6799557517006445]",1,-1
9900,[0.81270838 0.70161375],2,0,"[0.7890750777399501, 0.6799557517006445]",1,-1
9901,[0.29549024 0.15578708],1,2,"[0.294379027732062, 0.1921773781634303]",0,0
9902,[0.35983667 0.21665428],1,2,"[0.294379027732062, 0.1921773781634303]",0,0
9903,[0.81723822 0.7482173 ],2,-1,-1,1,-1
9904,[0.68094248 0.55383895],3,3,"[0.6601234827680622, 0.6109507568947781]",1,-1
9905,[0.7095325  0.58496492],2,3,"[0.6601234827680622, 0.6109507568947781]",1,-1
9906,[0.3573787 0.5394619],0,1,"[0.37965276877051146, 0.575157747726818]",1,-1
9907,[0.43012159 0.56202479],0,1,"[0.37965276877051146, 0.575157747726818]",1,-1
9908,[0.43919459 0.55430608],0,1,"[0.37965276877051146, 0.575157747726818]",1,-1
9909,[0.81173311 0.59971305],2,-1,-1,1,-1
9910,[0.64808643 0.62746659],3,3,"[0.6601234827680622, 0.6109507568947781]",1,-1
9911,[0.59406168 0.6362965 ],3,-1,-1,1,-1
9912,[0.36014757 0.59273145],0,1,"[0.37965276877051146, 0.575157747726818]",1,-1
9913,[0.26812635 0.56980821],0,-1,-1,1,-1
9914,[0.71736023 0.65111103],2,3,"[0.6601234827680622, 0.6109507568947781]",1,-1
9915,[0.23759526 0.19718612],1,2,"[0.294379027732062, 0.1921773781634303]",0,0
9916,[0.38804879 0.53978649],0,1,"[0.37965276877051146, 0.575157747726818]",1,-1
9917,[0.80137625 0.75125813],2,-1,-1,1,-1
9918,[0.33975852 0.25949161],1,-1,-1,0,0
9919,[0.66190612 0.70070435],3,-1,-1,1,-1
9920,[0.36241065 0.495536  ],0,-1,-1,1,-1
9921,[0.85483483 0.72638577],2,-1,-1,1,-1
9922,[0.78998058 0.69717248],2,0,"[0.7890750777399501, 0.6799557517006445]",1,-1
9923,[0.65755439 0.57378159],3,3,"[0.6601234827680622, 0.6109507568947781]",1,-1
9924,[0.42057662 0.64012071],0,-1,-1,1,-1
9925,[0.28274955 0.1591242 ],1,2,"[0.294379027732062, 0.1921773781634303]",0,0
9926,[0.71886376 0.48993325],3,-1,-1,1,-1
9927,[0.78754231 0.69591699],2,0,"[0.7890750777399501, 0.6799557517006445]",1,-1
9928,[0.36959603 0.6233005 ],0,1,"[0.37965276877051146, 0.575157747726818]",1,-1
9929,[0.34586416 0.56582574],0,1,"[0.37965276877051146, 0.575157747726818]",1,-1
9930,[0.37374339 0.66856231],0,-1,-1,1,-1
9931,[0.80062609 0.65205774],2,0,"[0.7890750777399501, 0.6799557517006445]",1,-1
9932,[0.27453461 0.139917  ],1,2,"[0.294379027732062, 0.1921773781634303]",0,0
9933,[0.78439174 0.75587996],2,-1,-1,1,-1
9934,[0.29556779 0.18615415],1,2,"[0.294379027732062, 0.1921773781634303]",0,0
9935,[0.33338685 0.59789654],0,1,"[0.37965276877051146, 0.575157747726818]",1,-1
9936,[0.38809622 0.63485222],0,1,"[0.37965276877051146, 0.575157747726818]",1,-1
9937,[0.78436669 0.6500598 ],2,0,"[0.7890750777399501, 0.6799557517006445]",1,-1
9938,[0.28802687 0.14126592],1,2,"[0.294379027732062, 0.1921773781634303]",0,0
9939,[0.74473136 0.64931001],2,0,"[0.7890750777399501, 0.6799557517006445]",1,-1
9940,[0.25342647 0.2669717 ],1,-1,-1,0,0
9941,[0.37195685 0.593841  ],0,1,"[0.37965276877051146, 0.575157747726818]",1,-1
9942,[0.82034046 0.67386708],2,0,"[0.7890750777399501, 0.6799557517006445]",1,-1
9943,[0.26533903 0.21558381],1,2,"[0.294379027732062, 0.1921773781634303]",0,0
9944,[0.33622198 0.56443784],0,1,"[0.37965276877051146, 0.575157747726818]",1,-1
9945,[0.23869132 0.09771212],1,-1,-1,0,0
9946,[0.30387313 0.20136331],1,2,"[0.294379027732062, 0.1921773781634303]",0,0
9947,[0.36254712 0.56723263],0,1,"[0.37965276877051146, 0.575157747726818]",1,-1
9948,[0.40112693 0.54510096],0,1,"[0.37965276877051146, 0.575157747726818]",1,-1
9949,[0.84996105 0.69357977],2,0,"[0.7890750777399501, 0.6799557517006445]",1,-1
9950,[0.39337306 0.51726839],0,1,"[0.37965276877051146, 0.575157747726818]",1,-1
9951,[0.37109632 0.66584737],0,-1,-1,1,-1
9952,[0.31008877 0.28963534],1,-1,-1,0,0
9953,[0.87270664 0.75602245],2,-1,-1,1,-1
9954,[0.36198262 0.50856503],0,1,"[0.37965276877051146, 0.575157747726818]",1,-1
9955,[0.36720776 0.49160033],0,-1,-1,1,-1
9956,[0.65047385 0.52316644],3,-1,-1,1,-1
9957,[0.41218054 0.5477874 ],0,1,"[0.37965276877051146, 0.575157747726818]",1,-1
9958,[0.39328183 0.65459281],0,-1,-1,1,-1
9959,[0.4127993  0.51615785],0,1,"[0.37965276877051146, 0.575157747726818]",1,-1
9960,[0.2910135  0.27640488],1,-1,-1,0,0
9961,[0.64216345 0.72968072],3,-1,-1,1,-1
9962,[0.65529489 0.60935223],3,3,"[0.6601234827680622, 0.6109507568947781]",1,-1
9963,[0.2973477  0.57242821],0,-1,-1,1,-1
9964,[0.34149061 0.2505733 ],1,-1,-1,0,0
9965,[0.69807032 0.62480262],3,3,"[0.6601234827680622, 0.6109507568947781]",1,-1
9966,[0.79083272 0.58193003],2,-1,-1,1,-1
9967,[0.80838366 0.60943849],2,-1,-1,1,-1
9968,[0.76946451 0.63554009],2,0,"[0.7890750777399501, 0.6799557517006445]",1,-1
9969,[0.76888274 0.68387191],2,0,"[0.7890750777399501, 0.6799557517006445]",1,4
9970,[0.69675946 0.63774415],3,3,"[0.6601234827680622, 0.6109507568947781]",1,-1
9971,[0.34361472 0.51473225],0,-1,-1,1,-1
9972,[0.79801301 0.60095521],2,-1,-1,1,-1
9973,[0.38234379 0.64585365],0,-1,-1,1,-1
9974,[0.39835235 0.61569546],0,1,"[0.37965276877051146, 0.575157747726818]",1,-1
9975,[0.82723903 0.66878084],2,0,"[0.7890750777399501, 0.6799557517006445]",1,-1
9976,[0.64809256 0.64301245],3,3,"[0.6601234827680622, 0.6109507568947781]",1,-1
9977,[0.73571406 0.64227355],2,0,"[0.7890750777399501, 0.6799557517006445]",1,-1
9978,[0.42894028 0.49135264],0,-1,-1,1,-1
9979,[0.25048063 0.20023809],1,2,"[0.294379027732062, 0.1921773781634303]",0,0
9980,[0.78000519 0.59214825],2,-1,-1,1,-1
9981,[0.59401898 0.54129098],3,-1,-1,1,-1
9982,[0.24632655 0.10370342],1,-1,-1,0,0
9983,[0.78483021 0.70845394],2,0,"[0.7890750777399501, 0.6799557517006445]",1,-1
9984,[0.35696686 0.54126699],0,1,"[0.37965276877051146, 0.575157747726818]",1,-1
9985,[0.35754845 0.62965738],0,1,"[0.37965276877051146, 0.575157747726818]",1,-1
9986,[0.59732315 0.59934761],3,3,"[0.6601234827680622, 0.6109507568947781]",1,-1
9987,[0.82385411 0.70917422],2,0,"[0.7890750777399501, 0.6799557517006445]",1,-1
9988,[0.27195173 0.08561228],1,-1,-1,0,0
9989,[0.77499228 0.62967791],2,0,"[0.7890750777399501, 0.6799557517006445]",1,-1
9990,[0.23699456 0.23962533],1,-1,-1,0,0
9991,[0.25481826 0.14809707],1,2,"[0.294379027732062, 0.1921773781634303]",0,0
9992,[0.44239584 0.59225432],0,1,"[0.37965276877051146, 0.575157747726818]",1,-1
9993,[0.33968447 0.17320129],1,2,"[0.294379027732062, 0.1921773781634303]",0,0
9994,[0.70575604 0.6969523 ],2,-1,-1,1,-1
9995,[0.33422056 0.16948502],1,2,"[0.294379027732062, 0.1921773781634303]",0,0
9996,[0.80130942 0.60286776],2,-1,-1,1,-1
9997,[0.31201464 0.17250266],1,2,"[0.294379027732062, 0.1921773781634303]",0,0
9998,[0.28668333 0.08383657],1,-1,-1,0,0
9999,[0.87426894 0.73614838],2,-1,-1,1,-1
10000,[0.39827847 0.47522635],0,-1,-1,1,-1
10001,[0.88259921 0.6276589 ],2,-1,-1,1,-1
10002,[0.2761945  0.57839947],0,-1,-1,1,-1
10003,[0.37475734 0.55802266],0,1,"[0.37965276877051146, 0.575157747726818]",1,-1
10004,[0.80088592 0.57487248],2,-1,-1,1,-1
10005,[0.44792165 0.59423782],0,-1,-1,1,-1
10006,[0.71932886 0.66062492],2,-1,-1,1,-1
10007,[0.66024044 0.58724929],3,3,"[0.6601234827680622, 0.6109507568947781]",1,-1
10008,[0.44245459 0.63165333],0,-1,-1,1,-1
10009,[0.5588955  0.66769866],3,-1,-1,1,-1
10010,[0.271103   0.21933547],1,2,"[0.294379027732062, 0.1921773781634303]",0,0
10011,[0.33786079 0.10207463],1,-1,-1,0,0
10012,[0.34118099 0.58213629],0,1,"[0.37965276877051146, 0.575157747726818]",1,-1
10013,[0.45075507 0.61761627],0,-1,-1,1,-1
10014,[0.83205908 0.70110852],2,0,"[0.7890750777399501, 0.6799557517006445]",1,-1
10015,[0.71533327 0.60198077],3,3,"[0.6601234827680622, 0.6109507568947781]",1,-1
10016,[0.3675922  0.21116072],1,-1,-1,0,0
10017,[0.81142367 0.62727566],2,0,"[0.7890750777399501, 0.6799557517006445]",1,-1
10018,[0.82273293 0.63767264],2,0,"[0.7890750777399501, 0.6799557517006445]",1,-1
10019,[0.60330251 0.53852266],3,-1,-1,1,-1
10020,[0.69916082 0.60215892],3,3,"[0.6601234827680622, 0.6109507568947781]",1,-1
10021,[0.25642227 0.24484673],1,2,"[0.294379027732062, 0.1921773781634303]",0,0
10022,[0.36201905 0.52222482],0,1,"[0.37965276877051146, 0.575157747726818]",1,-1
10023,[0.77845471 0.67845699],3,0,"[0.7890750777399501, 0.6799557517006445]",1,4
10024,[0.31281128 0.54029541],0,-1,-1,1,-1
10025,[0.69914965 0.6459313 ],3,3,"[0.6601234827680622, 0.6109507568947781]",1,-1
10026,[0.64020776 0.63577431],3,3,"[0.6601234827680622, 0.6109507568947781]",1,-1
10027,[0.37685175 0.55671939],0,1,"[0.37965276877051146, 0.575157747726818]",1,-1
10028,[0.68545027 0.59761717],3,3,"[0.6601234827680622, 0.6109507568947781]",1,5
10029,[0.24016463 0.22400797],1,2,"[0.294379027732062, 0.1921773781634303]",0,0
10030,[0.37607127 0.62024874],0,1,"[0.37965276877051146, 0.575157747726818]",1,-1
10031,[0.86928589 0.55181664],2,-1,-1,1,-1
10032,[0.26189526 0.24563975],1,2,"[0.294379027732062, 0.1921773781634303]",0,0
10033,[0.68132754 0.68473833],3,-1,-1,1,-1
10034,[0.35793103 0.15975369],1,-1,-1,0,0
10035,[0.22028097 0.22678276],1,-1,-1,0,0
10036,[0.78717619 0.63067369],2,0,"[0.7890750777399501, 0.6799557517006445]",1,-1
10037,[0.26892799 0.30955576],1,-1,-1,0,0
10038,[0.33634476 0.18164132],1,2,"[0.294379027732062, 0.1921773781634303]",0,0
10039,[0.4566934  0.51080296],0,-1,-1,1,-1
10040,[0.84635392 0.65337371],2,0,"[0.7890750777399501, 0.6799557517006445]",1,-1
10041,[0.63716348 0.63820981],3,3,"[0.6601234827680622, 0.6109507568947781]",1,-1
10042,[0.84397323 0.68121735],2,0,"[0.7890750777399501, 0.6799557517006445]",1,-1
10043,[0.33541899 0.52144097],0,1,"[0.37965276877051146, 0.575157747726818]",1,-1
10044,[0.60157386 0.60779725],3,3,"[0.6601234827680622, 0.6109507568947781]",1,-1
10045,[0.4142176  0.54876891],0,1,"[0.37965276877051146, 0.575157747726818]",1,-1
10046,[0.40127417 0.56045129],0,1,"[0.37965276877051146, 0.575157747726818]",1,-1
10047,[0.80602838 0.65531631],2,0,"[0.7890750777399501, 0.6799557517006445]",1,-1
10048,[0.26022229 0.21387476],1,2,"[0.294379027732062, 0.1921773781634303]",0,0
10049,[0.3420366  0.55824262],0,1,"[0.37965276877051146, 0.575157747726818]",1,-1
10050,[0.3789611  0.51994778],0,1,"[0.37965276877051146, 0.575157747726818]",1,-1
10051,[0.36405946 0.53683083],0,1,"[0.37965276877051146, 0.575157747726818]",1,-1
10052,[0.25864786 0.23815018],1,2,"[0.294379027732062, 0.1921773781634303]",0,0
10053,[0.44157065 0.64145582],0,-1,-1,1,-1
10054,[0.19259699 0.2474988 ],1,-1,-1,0,0
10055,[0.82174545 0.57254121],3,-1,-1,1,-1
10056,[0.79157491 0.60537433],2,-1,-1,1,-1
10057,[0.64126948 0.61629766],3,3,"[0.6601234827680622, 0.6109507568947781]",1,-1
10058,[0.26198164 0.17531241],1,2,"[0.294379027732062, 0.1921773781634303]",0,0
10059,[0.8111026  0.63822066],2,0,"[0.7890750777399501, 0.6799557517006445]",1,-1
10060,[0.80286364 0.60822791],2,-1,-1,1,-1
10061,[0.20694376 0.21552602],1,-1,-1,0,0
10062,[0.6081649  0.61380113],3,3,"[0.6601234827680622, 0.6109507568947781]",1,-1
10063,[0.65755433 0.66193311],3,3,"[0.6601234827680622, 0.6109507568947781]",1,-1
10064,[0.63901088 0.67179132],3,3,"[0.6601234827680622, 0.6109507568947781]",1,-1
10065,[0.30062412 0.110851  ],1,-1,-1,0,0
10066,[0.7929639  0.69088071],2,0,"[0.7890750777399501, 0.6799557517006445]",1,-1
10067,[0.72861915 0.64399586],3,-1,-1,1,-1
10068,[0.4317561  0.64511422],0,-1,-1,1,-1
10069,[0.67136822 0.60653774],3,3,"[0.6601234827680622, 0.6109507568947781]",1,-1
10070,[0.36457165 0.54118062],0,1,"[0.37965276877051146, 0.575157747726818]",1,-1
10071,[0.40322139 0.57404945],0,1,"[0.37965276877051146, 0.575157747726818]",1,-1
10072,[0.41747851 0.59363728],0,1,"[0.37965276877051146, 0.575157747726818]",1,-1
10073,[0.74841776 0.66912797],2,0,"[0.7890750777399501, 0.6799557517006445]",1,-1
10074,[0.66491385 0.71563803],3,-1,-1,1,-1
10075,[0.73915727 0.59306788],3,-1,-1,1,-1
10076,[0.6673636  0.60220145],3,3,"[0.6601234827680622, 0.6109507568947781]",1,-1
10077,[0.38418277 0.09949843],1,-1,-1,0,0
10078,[0.32433982 0.23185668],1,2,"[0.294379027732062, 0.1921773781634303]",0,0
10079,[0.82934248 0.69969157],2,0,"[0.7890750777399501, 0.6799557517006445]",1,-1
10080,[0.38947792 0.53941696],0,1,"[0.37965276877051146, 0.575157747726818]",1,-1
10081,[0.77388789 0.67944105],2,0,"[0.7890750777399501, 0.6799557517006445]",1,-1
10082,[0.76350699 0.66571053],2,0,"[0.7890750777399501, 0.6799557517006445]",1,-1
10083,[0.65688571 0.62341176],3,3,"[0.6601234827680622, 0.6109507568947781]",1,7
10084,[0.33992719 0.51015689],0,-1,-1,1,-1
10085,[0.35025333 0.18741921],1,2,"[0.294379027732062, 0.1921773781634303]",0,0
10086,[0.73027381 0.68395524],2,0,"[0.7890750777399501, 0.6799557517006445]",1,-1
10087,[0.31626327 0.65122548],0,-1,-1,1,-1
10088,[0.34070562 0.22450127],1,2,"[0.294379027732062, 0.1921773781634303]",0,0
10089,[0.30253612 0.65359277],0,-1,-1,1,-1
10090,[0.44069115 0.52295602],0,-1,-1,1,-1
10091,[0.86073703 0.66654109],2,-1,-1,1,-1
10092,[0.37702803 0.56870317],0,1,"[0.37965276877051146, 0.575157747726818]",1,1
10093,[0.32875308 0.24359277],1,2,"[0.294379027732062, 0.1921773781634303]",0,0
10094,[0.27035207 0.27094375],1,-1,-1,0,0
10095,[0.33082941 0.60339713],0,1,"[0.37965276877051146, 0.575157747726818]",1,-1
10096,[0.63857775 0.54235627],3,-1,-1,1,-1
10097,[0.2496349  0.13117495],1,-1,-1,0,0
10098,[0.63228663 0.64920045],3,3,"[0.6601234827680622, 0.6109507568947781]",1,-1
10099,[0.83751837 0.6620333 ],2,0,"[0.7890750777399501, 0.6799557517006445]",1,-1
10100,[0.73232019 0.62758539],2,-1,-1,1,-1
10101,[0.67494063 0.68472356],2,-1,-1,1,-1
10102,[0.67586169 0.63240611],3,3,"[0.6601234827680622, 0.6109507568947781]",1,-1
10103,[0.22390411 0.21115345],1,-1,-1,0,0
10104,[0.31685714 0.58579494],0,1,"[0.37965276877051146, 0.575157747726818]",1,-1
10105,[0.61890288 0.60991461],3,3,"[0.6601234827680622, 0.6109507568947781]",1,-1
10106,[0.63847006 0.66111666],3,3,"[0.6601234827680622, 0.6109507568947781]",1,-1
10107,[0.73426094 0.57504998],2,-1,-1,1,-1
10108,[0.66145775 0.58564515],3,3,"[0.6601234827680622, 0.6109507568947781]",1,6
10109,[0.34023748 0.55935505],0,1,"[0.37965276877051146, 0.575157747726818]",1,-1
10110,[0.28592725 0.1572152 ],1,2,"[0.294379027732062, 0.1921773781634303]",0,0
10111,[0.70215825 0.65209999],3,3,"[0.6601234827680622, 0.6109507568947781]",1,-1
10112,[0.46757278 0.57075926],0,-1,-1,1,-1
10113,[0.37079614 0.5217192 ],0,1,"[0.37965276877051146, 0.575157747726818]",1,-1
10114,[0.68088729 0.58502652],3,3,"[0.6601234827680622, 0.6109507568947781]",1,-1
10115,[0.32274225 0.20250735],1,2,"[0.294379027732062, 0.1921773781634303]",0,0
10116,[0.25205939 0.59739275],0,-1,-1,1,-1
10117,[0.37962075 0.58026647],0,1,"[0.37965276877051146, 0.575157747726818]",1,-1
10118,[0.68956773 0.5096969 ],3,-1,-1,1,-1
10119,[0.70692719 0.62213476],3,3,"[0.6601234827680622, 0.6109507568947781]",1,-1
10120,[0.30610071 0.2343795 ],1,2,"[0.294379027732062, 0.1921773781634303]",0,0
10121,[0.48560208 0.55867607],0,-1,-1,1,-1
10122,[0.64431347 0.58184764],3,3,"[0.6601234827680622, 0.6109507568947781]",1,-1
10123,[0.76258427 0.74506849],2,-1,-1,1,-1
10124,[0.70408395 0.49702618],3,-1,-1,1,-1
10125,[0.69104519 0.60329718],3,3,"[0.6601234827680622, 0.6109507568947781]",1,-1
10126,[0.80809879 0.69136061],2,0,"[0.7890750777399501, 0.6799557517006445]",1,-1
10127,[0.27342574 0.26166195],1,-1,-1,0,0
10128,[0.34954685 0.10833462],1,-1,-1,0,0
10129,[0.20312996 0.19107146],1,-1,-1,0,0
10130,[0.26772767 0.20380353],1,2,"[0.294379027732062, 0.1921773781634303]",0,0
10131,[0.61366431 0.6053002 ],3,3,"[0.6601234827680622, 0.6109507568947781]",1,-1
10132,[0.2710941  0.16466297],1,2,"[0.294379027732062, 0.1921773781634303]",0,0
10133,[0.65521908 0.6242599 ],3,3,"[0.6601234827680622, 0.6109507568947781]",1,7
10134,[0.37158731 0.10284797],1,-1,-1,0,0
10135,[0.80208918 0.69863755],2,0,"[0.7890750777399501, 0.6799557517006445]",1,-1
10136,[0.31460019 0.65504913],0,-1,-1,1,-1
10137,[0.40277757 0.61206922],0,1,"[0.37965276877051146, 0.575157747726818]",1,-1
10138,[0.31997947 0.2188058 ],1,2,"[0.294379027732062, 0.1921773781634303]",0,0
10139,[0.56036685 0.61276854],3,-1,-1,1,-1
10140,[0.76066747 0.64820995],2,0,"[0.7890750777399501, 0.6799557517006445]",1,-1
10141,[0.74100053 0.62307287],2,-1,-1,1,-1
10142,[0.64499033 0.55782865],3,3,"[0.6601234827680622, 0.6109507568947781]",1,-1
10143,[0.85160138 0.68334454],2,0,"[0.7890750777399501, 0.6799557517006445]",1,-1
10144,[0.38550563 0.52917102],0,1,"[0.37965276877051146, 0.575157747726818]",1,-1
10145,[0.78473761 0.66781279],2,0,"[0.7890750777399501, 0.6799557517006445]",1,4
10146,[0.30965793 0.23335943],1,2,"[0.294379027732062, 0.1921773781634303]",0,0
10147,[0.88870605 0.63015641],2,-1,-1,1,-1
10148,[0.19508204 0.17222808],1,-1,-1,0,0
10149,[0.90836815 0.71437858],2,-1,-1,1,-1
10150,[0.74515376 0.66093403],2,0,"[0.7890750777399501, 0.6799557517006445]",1,-1
10151,[0.74990698 0.67142108],2,0,"[0.7890750777399501, 0.6799557517006445]",1,-1
10152,[0.3513915  0.17387029],1,2,"[0.294379027732062, 0.1921773781634303]",0,0
10153,[0.65386809 0.65298339],3,3,"[0.6601234827680622, 0.6109507568947781]",1,-1
10154,[0.33818037 0.64246847],0,-1,-1,1,-1
10155,[0.75415828 0.66010409],2,0,"[0.7890750777399501, 0.6799557517006445]",1,3
10156,[0.39299613 0.54150657],0,1,"[0.37965276877051146, 0.575157747726818]",1,-1
10157,[0.21806265 0.15135152],1,-1,-1,0,0
10158,[0.36666015 0.57818096],0,1,"[0.37965276877051146, 0.575157747726818]",1,-1
10159,[0.61294498 0.53452792],3,-1,-1,1,-1
10160,[0.65731646 0.6895169 ],3,-1,-1,1,-1
10161,[0.78899283 0.59923919],2,-1,-1,1,-1
10162,[0.83172346 0.67302074],2,0,"[0.7890750777399501, 0.6799557517006445]",1,-1
10163,[0.57728186 0.58514472],3,-1,-1,1,-1
10164,[0.44673899 0.12040625],1,-1,-1,0,0
10165,[0.70128611 0.77759539],2,-1,-1,1,-1
10166,[0.6905582  0.60881753],2,3,"[0.6601234827680622, 0.6109507568947781]",1,-1
10167,[0.437995   0.56724921],0,1,"[0.37965276877051146, 0.575157747726818]",1,-1
10168,[0.36063371 0.55128929],0,1,"[0.37965276877051146, 0.575157747726818]",1,-1
10169,[0.33611844 0.24082282],1,2,"[0.294379027732062, 0.1921773781634303]",0,0
10170,[0.643445   0.55925098],3,3,"[0.6601234827680622, 0.6109507568947781]",1,-1
10171,[0.38251552 0.16107129],1,-1,-1,0,0
10172,[0.62663923 0.6826797 ],3,-1,-1,1,-1
10173,[0.82632611 0.66182404],2,0,"[0.7890750777399501, 0.6799557517006445]",1,-1
10174,[0.69269342 0.60217397],3,3,"[0.6601234827680622, 0.6109507568947781]",1,-1
10175,[0.41138119 0.58168306],0,1,"[0.37965276877051146, 0.575157747726818]",1,2
10176,[0.6947808  0.68291437],2,-1,-1,1,-1
10177,[0.74272063 0.58488527],2,-1,-1,1,-1
10178,[0.41186215 0.61303362],0,1,"[0.37965276877051146, 0.575157747726818]",1,-1
10179,[0.73562798 0.61476137],2,-1,-1,1,-1
10180,[0.43771909 0.51512124],0,-1,-1,1,-1
10181,[0.60411367 0.68359346],3,-1,-1,1,-1
10182,[0.79901148 0.62463551],2,0,"[0.7890750777399501, 0.6799557517006445]",1,-1
10183,[0.69120546 0.55672942],3,3,"[0.6601234827680622, 0.6109507568947781]",1,-1
10184,[0.3576372  0.60765989],0,1,"[0.37965276877051146, 0.575157747726818]",1,-1
10185,[0.38455832 0.57091084],0,1,"[0.37965276877051146, 0.575157747726818]",1,-1
10186,[0.26655743 0.29013799],1,-1,-1,0,0
10187,[0.67527564 0.67083041],3,3,"[0.6601234827680622, 0.6109507568947781]",1,-1
10188,[0.38035085 0.25374178],1,-1,-1,0,0
10189,[0.64391197 0.5604871 ],3,3,"[0.6601234827680622, 0.6109507568947781]",1,-1
10190,[0.23630838 0.19147665],1,2,"[0.294379027732062, 0.1921773781634303]",0,0
10191,[0.59931811 0.55462864],3,-1,-1,1,-1
10192,[0.84285112 0.65289136],2,0,"[0.7890750777399501, 0.6799557517006445]",1,-1
10193,[0.65414536 0.64907136],3,3,"[0.6601234827680622, 0.6109507568947781]",1,-1
10194,[0.40718992 0.53505509],0,1,"[0.37965276877051146, 0.575157747726818]",1,-1
10195,[0.796937   0.74669293],2,0,"[0.7890750777399501, 0.6799557517006445]",1,-1
10196,[0.7208929  0.57671265],3,3,"[0.6601234827680622, 0.6109507568947781]",1,-1
10197,[0.34479469 0.51570178],0,1,"[0.37965276877051146, 0.575157747726818]",1,-1
10198,[0.23300553 0.25565081],1,-1,-1,0,0
10199,[0.80758951 0.68893395],2,0,"[0.7890750777399501, 0.6799557517006445]",1,-1
10200,[0.67621275 0.58223746],3,3,"[0.6601234827680622, 0.6109507568947781]",1,-1
10201,[0.31804039 0.47661492],0,-1,-1,1,-1
10202,[0.87553665 0.67827204],2,-1,-1,1,-1
10203,[0.40149064 0.60678442],0,1,"[0.37965276877051146, 0.575157747726818]",1,-1
10204,[0.37082592 0.57396505],0,1,"[0.37965276877051146, 0.575157747726818]",1,1
10205,[0.29326103 0.16175115],1,2,"[0.294379027732062, 0.1921773781634303]",0,0
10206,[0.44159226 0.57713711],0,1,"[0.37965276877051146, 0.575157747726818]",1,-1
10207,[0.80116195 0.77278715],2,-1,-1,1,-1
10208,[0.39722379 0.57522051],0,1,"[0.37965276877051146, 0.575157747726818]",1,-1
10209,[0.40091758 0.55098544],0,1,"[0.37965276877051146, 0.575157747726818]",1,-1
10210,[0.4239569  0.56627773],0,1,"[0.37965276877051146, 0.575157747726818]",1,-1
10211,[0.64817084 0.61109531],3,3,"[0.6601234827680622, 0.6109507568947781]",1,6
10212,[0.38186716 0.140075  ],1,-1,-1,0,0
10213,[0.2448133  0.14991623],1,2,"[0.294379027732062, 0.1921773781634303]",0,0
10214,[0.85468808 0.62390847],2,-1,-1,1,-1
10215,[0.40951508 0.56992884],0,1,"[0.37965276877051146, 0.575157747726818]",1,2
10216,[0.36881469 0.61070197],0,1,"[0.37965276877051146, 0.575157747726818]",1,-1
10217,[0.28149249 0.27710145],1,-1,-1,0,0
10218,[0.78363801 0.66040784],2,0,"[0.7890750777399501, 0.6799557517006445]",1,-1
10219,[0.31673007 0.63671626],0,-1,-1,1,-1
10220,[0.29737312 0.21461238],1,2,"[0.294379027732062, 0.1921773781634303]",0,0
10221,[0.81359448 0.66056176],2,0,"[0.7890750777399501, 0.6799557517006445]",1,-1
10222,[0.29063572 0.17407109],1,2,"[0.294379027732062, 0.1921773781634303]",0,0
10223,[0.32282121 0.25796522],1,-1,-1,0,0
10224,[0.68151585 0.58780667],3,3,"[0.6601234827680622, 0.6109507568947781]",1,-1
10225,[0.81804597 0.63689206],2,0,"[0.7890750777399501, 0.6799557517006445]",1,-1
10226,[0.68175942 0.62019238],3,3,"[0.6601234827680622, 0.6109507568947781]",1,7
10227,[0.27775248 0.24235883],1,2,"[0.294379027732062, 0.1921773781634303]",0,0
10228,[0.28543647 0.22033384],1,2,"[0.294379027732062, 0.1921773781634303]",0,0
10229,[0.43654022 0.55628801],0,1,"[0.37965276877051146, 0.575157747726818]",1,-1
10230,[0.64198233 0.57737762],3,3,"[0.6601234827680622, 0.6109507568947781]",1,-1
10231,[0.32988217 0.52565144],0,-1,-1,1,-1
10232,[0.79366856 0.6383888 ],2,0,"[0.7890750777399501, 0.6799557517006445]",1,-1
10233,[0.23230112 0.24489122],1,-1,-1,0,0
10234,[0.68236116 0.61434027],3,3,"[0.6601234827680622, 0.6109507568947781]",1,5
10235,[0.62441512 0.6899538 ],3,-1,-1,1,-1
10236,[0.80999787 0.56394022],2,-1,-1,1,-1
10237,[0.63987124 0.54287971],3,-1,-1,1,-1
10238,[0.32618026 0.1641746 ],1,2,"[0.294379027732062, 0.1921773781634303]",0,0
10239,[0.39117629 0.57496342],0,1,"[0.37965276877051146, 0.575157747726818]",1,-1
10240,[0.38793103 0.57518578],0,1,"[0.37965276877051146, 0.575157747726818]",1,-1
10241,[0.29628268 0.22587868],1,2,"[0.294379027732062, 0.1921773781634303]",0,0
10242,[0.39991338 0.21781391],1,-1,-1,0,0
10243,[0.40846597 0.68561723],0,-1,-1,1,-1
10244,[0.30366331 0.66732603],0,-1,-1,1,-1
10245,[0.2475513  0.55930412],0,-1,-1,1,-1
10246,[0.33510934 0.13421619],1,-1,-1,0,0
10247,[0.64777075 0.62253976],3,3,"[0.6601234827680622, 0.6109507568947781]",1,6
10248,[0.6808671 0.5144211],3,-1,-1,1,-1
10249,[0.39009485 0.62077859],0,1,"[0.37965276877051146, 0.575157747726818]",1,-1
10250,[0.35365371 0.48999112],0,-1,-1,1,-1
10251,[0.35465748 0.23641836],1,-1,-1,0,0
10252,[0.78110709 0.68320809],2,0,"[0.7890750777399501, 0.6799557517006445]",1,4
10253,[0.40349072 0.66723959],0,-1,-1,1,-1
10254,[0.71834991 0.63468993],3,3,"[0.6601234827680622, 0.6109507568947781]",1,-1
10255,[0.78799146 0.67135364],2,0,"[0.7890750777399501, 0.6799557517006445]",1,4
10256,[0.44791271 0.6298645 ],0,-1,-1,1,-1
10257,[0.35514197 0.25379401],1,-1,-1,0,0
10258,[0.43766156 0.5865094 ],0,1,"[0.37965276877051146, 0.575157747726818]",1,-1
10259,[0.29012277 0.15074159],1,2,"[0.294379027732062, 0.1921773781634303]",0,0
10260,[0.69412759 0.56237235],2,3,"[0.6601234827680622, 0.6109507568947781]",1,-1
10261,[0.77941844 0.65824027],2,0,"[0.7890750777399501, 0.6799557517006445]",1,-1
10262,[0.34181347 0.54318532],0,1,"[0.37965276877051146, 0.575157747726818]",1,-1
10263,[0.64192111 0.55284275],3,3,"[0.6601234827680622, 0.6109507568947781]",1,-1
10264,[0.41342828 0.57519943],0,1,"[0.37965276877051146, 0.575157747726818]",1,2
10265,[0.45340613 0.58612495],0,-1,-1,1,-1
10266,[0.80858869 0.64726044],2,0,"[0.7890750777399501, 0.6799557517006445]",1,-1
10267,[0.7789268  0.72281551],2,0,"[0.7890750777399501, 0.6799557517006445]",1,-1
10268,[0.8418056  0.74854261],2,-1,-1,1,-1
10269,[0.39517891 0.42775138],0,-1,-1,1,-1
10270,[0.6329517  0.62374925],3,3,"[0.6601234827680622, 0.6109507568947781]",1,-1
10271,[0.38567618 0.24835529],1,-1,-1,0,0
10272,[0.70857671 0.63338508],3,3,"[0.6601234827680622, 0.6109507568947781]",1,-1
10273,[0.33749677 0.6460917 ],0,-1,-1,1,-1
10274,[0.79512017 0.7089895 ],2,0,"[0.7890750777399501, 0.6799557517006445]",1,-1
10275,[0.29482297 0.23750799],1,2,"[0.294379027732062, 0.1921773781634303]",0,0
10276,[0.26851303 0.19328777],1,2,"[0.294379027732062, 0.1921773781634303]",0,0
10277,[0.80473816 0.7873925 ],2,-1,-1,1,-1
10278,[0.32516099 0.26014901],1,-1,-1,0,0
10279,[0.67553179 0.58731191],3,3,"[0.6601234827680622, 0.6109507568947781]",1,-1
10280,[0.70624543 0.56585103],3,3,"[0.6601234827680622, 0.6109507568947781]",1,-1
10281,[0.58357268 0.70362255],3,-1,-1,1,-1
10282,[0.77643127 0.7249485 ],2,0,"[0.7890750777399501, 0.6799557517006445]",1,-1
10283,[0.22377409 0.19124183],1,-1,-1,0,0
10284,[0.61568159 0.6459693 ],3,3,"[0.6601234827680622, 0.6109507568947781]",1,-1
10285,[0.76872836 0.60462654],2,-1,-1,1,-1
10286,[0.62023383 0.54735148],3,-1,-1,1,-1
10287,[0.74997992 0.61502432],2,-1,-1,1,-1
10288,[0.79749024 0.58184775],2,-1,-1,1,-1
10289,[0.6031898  0.56291998],3,-1,-1,1,-1
10290,[0.32940153 0.18050527],1,2,"[0.294379027732062, 0.1921773781634303]",0,0
10291,[0.26074481 0.25830373],1,-1,-1,0,0
10292,[0.26964336 0.21503109],1,2,"[0.294379027732062, 0.1921773781634303]",0,0
10293,[0.4036469  0.51878933],0,1,"[0.37965276877051146, 0.575157747726818]",1,-1
10294,[0.63583471 0.61135365],3,3,"[0.6601234827680622, 0.6109507568947781]",1,-1
10295,[0.64424404 0.59611924],3,3,"[0.6601234827680622, 0.6109507568947781]",1,-1
10296,[0.68079626 0.53919033],3,-1,-1,1,-1
10297,[0.77501679 0.75931074],2,-1,-1,1,-1
10298,[0.61600496 0.63491459],3,3,"[0.6601234827680622, 0.6109507568947781]",1,-1
10299,[0.26436157 0.22019074],1,2,"[0.294379027732062, 0.1921773781634303]",0,0
10300,[0.36930116 0.61588481],0,1,"[0.37965276877051146, 0.575157747726818]",1,-1
10301,[0.81779323 0.62976531],2,0,"[0.7890750777399501, 0.6799557517006445]",1,-1
10302,[0.35092533 0.2050642 ],1,2,"[0.294379027732062, 0.1921773781634303]",0,0
10303,[0.46701003 0.60368514],0,-1,-1,1,-1
10304,[0.34709715 0.27297278],1,-1,-1,0,0
10305,[0.34172338 0.50586157],0,-1,-1,1,-1
10306,[0.40919421 0.55854025],0,1,"[0.37965276877051146, 0.575157747726818]",1,-1
10307,[0.75894655 0.66499119],2,0,"[0.7890750777399501, 0.6799557517006445]",1,-1
10308,[0.73189534 0.65523737],2,0,"[0.7890750777399501, 0.6799557517006445]",1,-1
10309,[0.39986737 0.63426964],0,1,"[0.37965276877051146, 0.575157747726818]",1,-1
10310,[0.30173047 0.23309515],1,2,"[0.294379027732062, 0.1921773781634303]",0,0
10311,[0.3007444 0.1156632],1,-1,-1,0,0
10312,[0.74536507 0.61191883],2,-1,-1,1,-1
10313,[0.85925665 0.73903967],2,-1,-1,1,-1
10314,[0.68202571 0.60303082],3,3,"[0.6601234827680622, 0.6109507568947781]",1,5
10315,[0.74451774 0.6148991 ],2,-1,-1,1,-1
10316,[0.32238778 0.21904154],1,2,"[0.294379027732062, 0.1921773781634303]",0,0
10317,[0.33146023 0.62453014],0,1,"[0.37965276877051146, 0.575157747726818]",1,-1
10318,[0.28873829 0.17864542],1,2,"[0.294379027732062, 0.1921773781634303]",0,0
10319,[0.24261847 0.15798243],1,2,"[0.294379027732062, 0.1921773781634303]",0,0
10320,[0.69941364 0.73043062],2,-1,-1,1,-1
10321,[0.28374405 0.22706905],1,2,"[0.294379027732062, 0.1921773781634303]",0,0
10322,[0.26756993 0.16935045],1,2,"[0.294379027732062, 0.1921773781634303]",0,0
10323,[0.82169752 0.69004061],2,0,"[0.7890750777399501, 0.6799557517006445]",1,-1
10324,[0.70256761 0.61048071],3,3,"[0.6601234827680622, 0.6109507568947781]",1,-1
10325,[0.32306447 0.53526674],0,1,"[0.37965276877051146, 0.575157747726818]",1,-1
10326,[0.32848704 0.49911936],0,-1,-1,1,-1
10327,[0.83266412 0.7511054 ],2,-1,-1,1,-1
10328,[0.27068364 0.24204529],1,2,"[0.294379027732062, 0.1921773781634303]",0,0
10329,[0.26909556 0.15556059],1,2,"[0.294379027732062, 0.1921773781634303]",0,0
10330,[0.76157684 0.55296798],3,-1,-1,1,-1
10331,[0.76497029 0.72095119],2,0,"[0.7890750777399501, 0.6799557517006445]",1,-1
10332,[0.83741132 0.62613957],2,-1,-1,1,-1
10333,[0.31646096 0.5184055 ],0,-1,-1,1,-1
10334,[0.2641817  0.54165683],0,-1,-1,1,-1
10335,[0.73653253 0.6211199 ],2,-1,-1,1,-1
10336,[0.62609663 0.70254056],3,-1,-1,1,-1
10337,[0.21152579 0.17437397],1,-1,-1,0,0
10338,[0.46217729 0.58447929],0,-1,-1,1,-1
10339,[0.64948256 0.58867393],3,3,"[0.6601234827680622, 0.6109507568947781]",1,-1
10340,[0.63180219 0.51247504],3,-1,-1,1,-1
10341,[0.22794745 0.23671945],1,-1,-1,0,0
10342,[0.72272114 0.60476918],3,3,"[0.6601234827680622, 0.6109507568947781]",1,-1
10343,[0.34552418 0.58063239],0,1,"[0.37965276877051146, 0.575157747726818]",1,-1
10344,[0.38277695 0.5673187 ],0,1,"[0.37965276877051146, 0.575157747726818]",1,-1
10345,[0.39584461 0.53769695],0,1,"[0.37965276877051146, 0.575157747726818]",1,-1
10346,[0.60524055 0.62812445],3,3,"[0.6601234827680622, 0.6109507568947781]",1,-1
10347,[0.41683592 0.58894855],0,1,"[0.37965276877051146, 0.575157747726818]",1,-1
10348,[0.66905737 0.59586124],3,3,"[0.6601234827680622, 0.6109507568947781]",1,-1
10349,[0.40295153 0.66158412],0,-1,-1,1,-1
10350,[0.24574949 0.19369456],1,2,"[0.294379027732062, 0.1921773781634303]",0,0
10351,[0.41385067 0.51180498],0,-1,-1,1,-1
10352,[0.34638899 0.11878272],1,-1,-1,0,0
10353,[0.63891228 0.62170815],3,3,"[0.6601234827680622, 0.6109507568947781]",1,6
10354,[0.70930699 0.67262453],2,-1,-1,1,-1
10355,[0.64743073 0.61647077],3,3,"[0.6601234827680622, 0.6109507568947781]",1,-1
10356,[0.59083373 0.65216194],3,-1,-1,1,-1
10357,[0.3819173  0.62189229],0,1,"[0.37965276877051146, 0.575157747726818]",1,-1
10358,[0.3852331  0.59862083],0,1,"[0.37965276877051146, 0.575157747726818]",1,-1
10359,[0.77051942 0.60432295],3,-1,-1,1,-1
10360,[0.34499056 0.25348145],1,-1,-1,0,0
10361,[0.6053773  0.64671773],3,3,"[0.6601234827680622, 0.6109507568947781]",1,-1
10362,[0.69411072 0.55502696],3,3,"[0.6601234827680622, 0.6109507568947781]",1,-1
10363,[0.23404353 0.16940655],1,2,"[0.294379027732062, 0.1921773781634303]",0,0
10364,[0.84087624 0.71687362],2,0,"[0.7890750777399501, 0.6799557517006445]",1,-1
10365,[0.28266016 0.14352968],1,2,"[0.294379027732062, 0.1921773781634303]",0,0
10366,[0.75145181 0.69496223],2,0,"[0.7890750777399501, 0.6799557517006445]",1,-1
10367,[0.88289842 0.72524453],2,-1,-1,1,-1
10368,[0.77425501 0.72948245],2,0,"[0.7890750777399501, 0.6799557517006445]",1,-1
10369,[0.68219008 0.73627382],2,-1,-1,1,-1
10370,[0.74199923 0.59987364],2,-1,-1,1,-1
10371,[0.65622997 0.61726377],3,3,"[0.6601234827680622, 0.6109507568947781]",1,7
10372,[0.30396712 0.50414412],0,-1,-1,1,-1
10373,[0.32866741 0.17542445],1,2,"[0.294379027732062, 0.1921773781634303]",0,0
10374,[0.44932269 0.69053324],0,-1,-1,1,-1
10375,[0.29215033 0.27113067],1,-1,-1,0,0
10376,[0.31212011 0.25882918],1,2,"[0.294379027732062, 0.1921773781634303]",0,0
10377,[0.36399161 0.5656289 ],0,1,"[0.37965276877051146, 0.575157747726818]",1,-1
10378,[0.43692049 0.61915328],0,-1,-1,1,-1
10379,[0.73997693 0.70699692],2,0,"[0.7890750777399501, 0.6799557517006445]",1,-1
10380,[0.57739342 0.65681657],3,-1,-1,1,-1
10381,[0.29535183 0.16363607],1,2,"[0.294379027732062, 0.1921773781634303]",0,0
10382,[0.83449074 0.68658375],2,0,"[0.7890750777399501, 0.6799557517006445]",1,-1
10383,[0.77123761 0.70441578],2,0,"[0.7890750777399501, 0.6799557517006445]",1,-1
10384,[0.85481908 0.7107916 ],2,-1,-1,1,-1
10385,[0.34136429 0.58772897],0,1,"[0.37965276877051146, 0.575157747726818]",1,-1
10386,[0.74844921 0.67542345],3,0,"[0.7890750777399501, 0.6799557517006445]",1,-1
10387,[0.24845551 0.12235766],1,-1,-1,0,0
10388,[0.37720166 0.57342783],0,1,"[0.37965276877051146, 0.575157747726818]",1,1
10389,[0.68741126 0.60887655],3,3,"[0.6601234827680622, 0.6109507568947781]",1,5
10390,[0.25876223 0.0904865 ],1,-1,-1,0,0
10391,[0.67309736 0.65225433],3,3,"[0.6601234827680622, 0.6109507568947781]",1,-1
10392,[0.35186467 0.21803251],1,2,"[0.294379027732062, 0.1921773781634303]",0,0
10393,[0.36689893 0.5715232 ],0,1,"[0.37965276877051146, 0.575157747726818]",1,1
10394,[0.79251142 0.66237784],2,0,"[0.7890750777399501, 0.6799557517006445]",1,-1
10395,[0.32944223 0.21531952],1,2,"[0.294379027732062, 0.1921773781634303]",0,0
10396,[0.29106476 0.53148603],0,-1,-1,1,-1
10397,[0.82737493 0.73272708],2,0,"[0.7890750777399501, 0.6799557517006445]",1,-1
10398,[0.75321522 0.58158418],3,-1,-1,1,-1
10399,[0.32394522 0.55420112],0,1,"[0.37965276877051146, 0.575157747726818]",1,-1
10400,[0.35127107 0.55282541],0,1,"[0.37965276877051146, 0.575157747726818]",1,-1
10401,[0.38409307 0.57924458],0,1,"[0.37965276877051146, 0.575157747726818]",1,-1
10402,[0.68463113 0.61899143],3,3,"[0.6601234827680622, 0.6109507568947781]",1,7
10403,[0.84142533 0.79302074],2,-1,-1,1,-1
10404,[0.25620519 0.23805972],1,2,"[0.294379027732062, 0.1921773781634303]",0,0
10405,[0.68873459 0.70961472],2,-1,-1,1,-1
10406,[0.66050064 0.63039075],3,3,"[0.6601234827680622, 0.6109507568947781]",1,-1
10407,[0.36672585 0.14345007],1,-1,-1,0,0
10408,[0.41691945 0.65417192],0,-1,-1,1,-1
10409,[0.28058207 0.15408001],1,2,"[0.294379027732062, 0.1921773781634303]",0,0
10410,[0.35905771 0.54007419],0,1,"[0.37965276877051146, 0.575157747726818]",1,-1
10411,[0.24617136 0.18739048],1,2,"[0.294379027732062, 0.1921773781634303]",0,0
10412,[0.17649092 0.18196327],1,-1,-1,0,0
10413,[0.71743753 0.63468704],3,3,"[0.6601234827680622, 0.6109507568947781]",1,-1
10414,[0.32258139 0.60664425],0,1,"[0.37965276877051146, 0.575157747726818]",1,-1
10415,[0.67195232 0.64203687],3,3,"[0.6601234827680622, 0.6109507568947781]",1,-1
10416,[0.55537863 0.63488233],3,-1,-1,1,-1
10417,[0.7030671  0.54284149],3,-1,-1,1,-1
10418,[0.31363878 0.22781826],1,2,"[0.294379027732062, 0.1921773781634303]",0,0
10419,[0.66416271 0.58341837],3,3,"[0.6601234827680622, 0.6109507568947781]",1,6
10420,[0.74416671 0.62007603],2,-1,-1,1,-1
10421,[0.77863038 0.63602087],2,0,"[0.7890750777399501, 0.6799557517006445]",1,-1
10422,[0.3615313  0.51032391],0,1,"[0.37965276877051146, 0.575157747726818]",1,-1
10423,[0.6149445  0.65946462],3,3,"[0.6601234827680622, 0.6109507568947781]",1,-1
10424,[0.33275669 0.60033891],0,1,"[0.37965276877051146, 0.575157747726818]",1,-1
10425,[0.38925338 0.62126621],0,1,"[0.37965276877051146, 0.575157747726818]",1,-1
10426,[0.77445117 0.76717695],2,-1,-1,1,-1
10427,[0.72234042 0.63660449],3,3,"[0.6601234827680622, 0.6109507568947781]",1,-1
10428,[0.40819462 0.55611337],0,1,"[0.37965276877051146, 0.575157747726818]",1,-1
10429,[0.61263878 0.61316233],3,3,"[0.6601234827680622, 0.6109507568947781]",1,-1
10430,[0.86348194 0.66949739],2,-1,-1,1,-1
10431,[0.77123471 0.75445521],2,-1,-1,1,-1
10432,[0.28862093 0.23171503],1,2,"[0.294379027732062, 0.1921773781634303]",0,0
10433,[0.29919961 0.14315227],1,2,"[0.294379027732062, 0.1921773781634303]",0,0
10434,[0.26281828 0.22504492],1,2,"[0.294379027732062, 0.1921773781634303]",0,0
10435,[0.24472159 0.24946567],1,-1,-1,0,0
10436,[0.67739233 0.65436495],2,3,"[0.6601234827680622, 0.6109507568947781]",1,-1
10437,[0.25666407 0.17109404],1,2,"[0.294379027732062, 0.1921773781634303]",0,0
10438,[0.28045863 0.23818672],1,2,"[0.294379027732062, 0.1921773781634303]",0,0
10439,[0.82506788 0.68771813],2,0,"[0.7890750777399501, 0.6799557517006445]",1,-1
10440,[0.24982791 0.22916662],1,2,"[0.294379027732062, 0.1921773781634303]",0,0
10441,[0.75693926 0.67006022],2,0,"[0.7890750777399501, 0.6799557517006445]",1,-1
10442,[0.59671881 0.67157726],3,-1,-1,1,-1
10443,[0.35732907 0.59064621],0,1,"[0.37965276877051146, 0.575157747726818]",1,-1
10444,[0.29262037 0.13343947],1,2,"[0.294379027732062, 0.1921773781634303]",0,0
10445,[0.38671869 0.26471494],1,-1,-1,0,0
10446,[0.61655093 0.63055036],3,3,"[0.6601234827680622, 0.6109507568947781]",1,-1
10447,[0.46345083 0.60077442],0,-1,-1,1,-1
10448,[0.38579384 0.60527513],0,1,"[0.37965276877051146, 0.575157747726818]",1,-1
10449,[0.31593581 0.08849535],1,-1,-1,0,0
10450,[0.40995721 0.15062789],1,-1,-1,0,0
10451,[0.64666944 0.59162028],3,3,"[0.6601234827680622, 0.6109507568947781]",1,-1
10452,[0.38205462 0.66289701],0,-1,-1,1,-1
10453,[0.48069603 0.55391518],0,-1,-1,1,-1
10454,[0.68374338 0.58230247],3,3,"[0.6601234827680622, 0.6109507568947781]",1,-1
10455,[0.80269797 0.63046716],2,0,"[0.7890750777399501, 0.6799557517006445]",1,-1
10456,[0.90452721 0.74485261],2,-1,-1,1,-1
10457,[0.73263944 0.7196783 ],3,0,"[0.7890750777399501, 0.6799557517006445]",1,-1
10458,[0.72553106 0.60406303],3,3,"[0.6601234827680622, 0.6109507568947781]",1,-1
10459,[0.61492659 0.73882697],3,-1,-1,1,-1
10460,[0.34305917 0.58114595],0,1,"[0.37965276877051146, 0.575157747726818]",1,-1
10461,[0.24016411 0.22612859],1,2,"[0.294379027732062, 0.1921773781634303]",0,0
10462,[0.37704988 0.52203926],0,1,"[0.37965276877051146, 0.575157747726818]",1,-1
10463,[0.81337524 0.68195733],2,0,"[0.7890750777399501, 0.6799557517006445]",1,-1
10464,[0.81946335 0.69632351],2,0,"[0.7890750777399501, 0.6799557517006445]",1,-1
10465,[0.64424699 0.48124637],3,-1,-1,1,-1
10466,[0.36032911 0.58137249],0,1,"[0.37965276877051146, 0.575157747726818]",1,-1
10467,[0.37564491 0.27134118],1,-1,-1,0,0
10468,[0.75397379 0.70722526],2,0,"[0.7890750777399501, 0.6799557517006445]",1,-1
10469,[0.68792831 0.72186562],2,-1,-1,1,-1
10470,[0.38237287 0.63053111],0,1,"[0.37965276877051146, 0.575157747726818]",1,-1
10471,[0.30851704 0.28437879],1,-1,-1,0,0
10472,[0.34595358 0.60291705],0,1,"[0.37965276877051146, 0.575157747726818]",1,-1
10473,[0.36140543 0.55243517],0,1,"[0.37965276877051146, 0.575157747726818]",1,-1
10474,[0.3349073  0.18759905],1,2,"[0.294379027732062, 0.1921773781634303]",0,0
10475,[0.71100357 0.71810524],2,-1,-1,1,-1
10476,[0.63130364 0.58453314],3,3,"[0.6601234827680622, 0.6109507568947781]",1,-1
10477,[0.37611563 0.20534792],1,-1,-1,0,0
10478,[0.62105361 0.6254702 ],3,3,"[0.6601234827680622, 0.6109507568947781]",1,-1
10479,[0.69084062 0.60392007],3,3,"[0.6601234827680622, 0.6109507568947781]",1,-1
10480,[0.8427888  0.71572078],2,0,"[0.7890750777399501, 0.6799557517006445]",1,-1
10481,[0.39920717 0.50040435],0,-1,-1,1,-1
10482,[0.35378005 0.23244566],1,-1,-1,0,0
10483,[0.64880631 0.71351653],3,-1,-1,1,-1
10484,[0.61706303 0.59910561],3,3,"[0.6601234827680622, 0.6109507568947781]",1,-1
10485,[0.38635794 0.54097912],0,1,"[0.37965276877051146, 0.575157747726818]",1,-1
10486,[0.32354376 0.64205887],0,-1,-1,1,-1
10487,[0.77855481 0.77604918],2,-1,-1,1,-1
10488,[0.36493093 0.25766078],1,-1,-1,0,0
10489,[0.26917173 0.20399538],1,2,"[0.294379027732062, 0.1921773781634303]",0,0
10490,[0.73753536 0.60419054],3,-1,-1,1,-1
10491,[0.75837181 0.56014085],3,-1,-1,1,-1
10492,[0.29818841 0.16164636],1,2,"[0.294379027732062, 0.1921773781634303]",0,0
10493,[0.63892075 0.69142357],3,-1,-1,1,-1
10494,[0.78572824 0.67648777],2,0,"[0.7890750777399501, 0.6799557517006445]",1,4
10495,[0.77184892 0.57924304],2,-1,-1,1,-1
10496,[0.32571254 0.19487707],1,2,"[0.294379027732062, 0.1921773781634303]",0,0
10497,[0.32304648 0.54636428],0,1,"[0.37965276877051146, 0.575157747726818]",1,-1
10498,[0.82897961 0.61635772],2,-1,-1,1,-1
10499,[0.28818818 0.21922232],1,2,"[0.294379027732062, 0.1921773781634303]",0,0
10500,[0.38890582 0.52655455],0,1,"[0.37965276877051146, 0.575157747726818]",1,-1
10501,[0.32881419 0.19584351],1,2,"[0.294379027732062, 0.1921773781634303]",0,0
10502,[0.41724802 0.6131013 ],0,1,"[0.37965276877051146, 0.575157747726818]",1,-1
10503,[0.32637677 0.54302638],0,1,"[0.37965276877051146, 0.575157747726818]",1,-1
10504,[0.43735768 0.60576615],0,1,"[0.37965276877051146, 0.575157747726818]",1,-1
10505,[0.3636485  0.14676789],1,-1,-1,0,0
10506,[0.61778025 0.60287006],3,3,"[0.6601234827680622, 0.6109507568947781]",1,-1
10507,[0.71809567 0.63559095],3,3,"[0.6601234827680622, 0.6109507568947781]",1,-1
10508,[0.4154345 0.6796144],0,-1,-1,1,-1
10509,[0.65829499 0.6425239 ],3,3,"[0.6601234827680622, 0.6109507568947781]",1,-1
10510,[0.37043228 0.51297802],0,1,"[0.37965276877051146, 0.575157747726818]",1,-1
10511,[0.39893417 0.60846153],0,1,"[0.37965276877051146, 0.575157747726818]",1,-1
10512,[0.65317164 0.58384713],3,3,"[0.6601234827680622, 0.6109507568947781]",1,-1
10513,[0.33941553 0.5862382 ],0,1,"[0.37965276877051146, 0.575157747726818]",1,-1
10514,[0.38528243 0.54612795],0,1,"[0.37965276877051146, 0.575157747726818]",1,-1
10515,[0.25705302 0.18055355],1,2,"[0.294379027732062, 0.1921773781634303]",0,0
10516,[0.70424842 0.48763233],3,-1,-1,1,-1
10517,[0.37122523 0.58045045],0,1,"[0.37965276877051146, 0.575157747726818]",1,1
10518,[0.34529115 0.52375066],0,1,"[0.37965276877051146, 0.575157747726818]",1,-1
10519,[0.3564376 0.6558892],0,-1,-1,1,-1
10520,[0.67470949 0.70250792],3,-1,-1,1,-1
10521,[0.69870644 0.54749496],3,-1,-1,1,-1
10522,[0.34146697 0.15408483],1,2,"[0.294379027732062, 0.1921773781634303]",0,0
10523,[0.42211759 0.65608344],0,-1,-1,1,-1
10524,[0.60942017 0.65573983],3,3,"[0.6601234827680622, 0.6109507568947781]",1,-1
10525,[0.4095951  0.59739309],0,1,"[0.37965276877051146, 0.575157747726818]",1,-1
10526,[0.34456017 0.19570059],1,2,"[0.294379027732062, 0.1921773781634303]",0,0
10527,[0.25106576 0.20413982],1,2,"[0.294379027732062, 0.1921773781634303]",0,0
10528,[0.84403109 0.81509474],2,-1,-1,1,-1
10529,[0.31916274 0.57463319],0,1,"[0.37965276877051146, 0.575157747726818]",1,-1
10530,[0.37364605 0.54836952],0,1,"[0.37965276877051146, 0.575157747726818]",1,-1
10531,[0.84629718 0.64577747],2,0,"[0.7890750777399501, 0.6799557517006445]",1,-1
10532,[0.2956542  0.15066188],1,2,"[0.294379027732062, 0.1921773781634303]",0,0
10533,[0.78044608 0.69342508],2,0,"[0.7890750777399501, 0.6799557517006445]",1,-1
10534,[0.23141969 0.20806915],1,2,"[0.294379027732062, 0.1921773781634303]",0,0
10535,[0.45661352 0.57407138],0,-1,-1,1,-1
10536,[0.73554965 0.60241874],3,-1,-1,1,-1
10537,[0.74366685 0.67545843],3,0,"[0.7890750777399501, 0.6799557517006445]",1,-1
10538,[0.42496733 0.54770791],0,1,"[0.37965276877051146, 0.575157747726818]",1,-1
10539,[0.74084414 0.66856236],2,0,"[0.7890750777399501, 0.6799557517006445]",1,-1
10540,[0.28836155 0.20678989],1,2,"[0.294379027732062, 0.1921773781634303]",0,0
10541,[0.76872307 0.60390219],2,-1,-1,1,-1
10542,[0.40031097 0.56855057],0,1,"[0.37965276877051146, 0.575157747726818]",1,2
10543,[0.8220751  0.65540878],2,0,"[0.7890750777399501, 0.6799557517006445]",1,-1
10544,[0.75458346 0.63514883],2,0,"[0.7890750777399501, 0.6799557517006445]",1,-1
10545,[0.66485521 0.58516185],3,3,"[0.6601234827680622, 0.6109507568947781]",1,6
10546,[0.7422748  0.62566571],3,-1,-1,1,-1
10547,[0.72155427 0.62114934],2,3,"[0.6601234827680622, 0.6109507568947781]",1,-1
10548,[0.45373564 0.56719829],0,-1,-1,1,-1
10549,[0.86208302 0.62970076],2,-1,-1,1,-1
10550,[0.26811762 0.22450501],1,2,"[0.294379027732062, 0.1921773781634303]",0,0
10551,[0.61842384 0.57666776],3,3,"[0.6601234827680622, 0.6109507568947781]",1,-1
10552,[0.33935557 0.26770887],1,-1,-1,0,0
10553,[0.64923924 0.60878153],3,3,"[0.6601234827680622, 0.6109507568947781]",1,6
10554,[0.71457342 0.70801882],3,-1,-1,1,-1
10555,[0.3853244  0.70451483],0,-1,-1,1,-1
10556,[0.45338827 0.56840254],0,-1,-1,1,-1
10557,[0.31671662 0.22050336],1,2,"[0.294379027732062, 0.1921773781634303]",0,0
10558,[0.45393499 0.5782836 ],0,-1,-1,1,-1
10559,[0.80558337 0.59336753],2,-1,-1,1,-1
10560,[0.28275138 0.12651302],1,2,"[0.294379027732062, 0.1921773781634303]",0,0
10561,[0.41446265 0.59507849],0,1,"[0.37965276877051146, 0.575157747726818]",1,-1
10562,[0.63353607 0.61023744],3,3,"[0.6601234827680622, 0.6109507568947781]",1,-1
10563,[0.35481076 0.71833544],0,-1,-1,1,-1
10564,[0.77204687 0.55636053],3,-1,-1,1,-1
10565,[0.67692903 0.61030107],3,3,"[0.6601234827680622, 0.6109507568947781]",1,-1
10566,[0.78384047 0.66517792],2,0,"[0.7890750777399501, 0.6799557517006445]",1,-1
10567,[0.27098583 0.16753024],1,2,"[0.294379027732062, 0.1921773781634303]",0,0
10568,[0.80172162 0.68285948],3,0,"[0.7890750777399501, 0.6799557517006445]",1,-1
10569,[0.32974247 0.24292183],1,2,"[0.294379027732062, 0.1921773781634303]",0,0
10570,[0.41212616 0.52874911],0,1,"[0.37965276877051146, 0.575157747726818]",1,-1
10571,[0.25970254 0.29016592],1,-1,-1,0,0
10572,[0.41670311 0.62091784],0,1,"[0.37965276877051146, 0.575157747726818]",1,-1
10573,[0.26137578 0.23442239],1,2,"[0.294379027732062, 0.1921773781634303]",0,0
10574,[0.76627016 0.68091087],2,0,"[0.7890750777399501, 0.6799557517006445]",1,4
10575,[0.30288713 0.63681038],0,-1,-1,1,-1
10576,[0.38307673 0.62089146],0,1,"[0.37965276877051146, 0.575157747726818]",1,-1
10577,[0.39688985 0.54471042],0,1,"[0.37965276877051146, 0.575157747726818]",1,-1
10578,[0.2291268  0.13566376],1,-1,-1,0,0
10579,[0.68183703 0.57362239],3,3,"[0.6601234827680622, 0.6109507568947781]",1,-1
10580,[0.40728047 0.56230122],0,1,"[0.37965276877051146, 0.575157747726818]",1,-1
10581,[0.42543646 0.56591338],0,1,"[0.37965276877051146, 0.575157747726818]",1,-1
10582,[0.35420071 0.60074651],0,1,"[0.37965276877051146, 0.575157747726818]",1,-1
10583,[0.33513297 0.56194862],0,1,"[0.37965276877051146, 0.575157747726818]",1,-1
10584,[0.82783948 0.72063786],2,0,"[0.7890750777399501, 0.6799557517006445]",1,-1
10585,[0.78456391 0.64096391],2,0,"[0.7890750777399501, 0.6799557517006445]",1,-1
10586,[0.39875992 0.6055106 ],0,1,"[0.37965276877051146, 0.575157747726818]",1,-1
10587,[0.3111137 0.5110238],0,-1,-1,1,-1
10588,[0.8571045 0.6256221],2,-1,-1,1,-1
10589,[0.32026524 0.16473163],1,2,"[0.294379027732062, 0.1921773781634303]",0,0
10590,[0.41427994 0.48110436],0,-1,-1,1,-1
10591,[0.41353807 0.62165831],0,1,"[0.37965276877051146, 0.575157747726818]",1,-1
10592,[0.62329907 0.52598916],3,-1,-1,1,-1
10593,[0.51624735 0.59305115],0,-1,-1,1,-1
10594,[0.2107212  0.25948317],1,-1,-1,0,0
10595,[0.38080159 0.16809986],1,-1,-1,0,0
10596,[0.86284325 0.71560453],2,-1,-1,1,-1
10597,[0.20955684 0.16668729],1,-1,-1,0,0
10598,[0.72003739 0.56275858],3,-1,-1,1,-1
10599,[0.76116555 0.69825951],2,0,"[0.7890750777399501, 0.6799557517006445]",1,-1
10600,[0.43514527 0.55880479],0,1,"[0.37965276877051146, 0.575157747726818]",1,-1
10601,[0.75789286 0.63427305],2,0,"[0.7890750777399501, 0.6799557517006445]",1,-1
10602,[0.7689981  0.61737077],2,0,"[0.7890750777399501, 0.6799557517006445]",1,-1
10603,[0.79969965 0.61530359],2,0,"[0.7890750777399501, 0.6799557517006445]",1,-1
10604,[0.22371565 0.07972242],1,-1,-1,0,0
10605,[0.41321792 0.53409069],0,1,"[0.37965276877051146, 0.575157747726818]",1,-1
10606,[0.70643289 0.64797692],3,3,"[0.6601234827680622, 0.6109507568947781]",1,-1
10607,[0.78321659 0.60536802],2,-1,-1,1,-1
10608,[0.71856808 0.61718817],2,3,"[0.6601234827680622, 0.6109507568947781]",1,-1
10609,[0.73071226 0.65865269],3,0,"[0.7890750777399501, 0.6799557517006445]",1,-1
10610,[0.371728   0.54182387],0,1,"[0.37965276877051146, 0.575157747726818]",1,-1
10611,[0.34542365 0.5816686 ],0,1,"[0.37965276877051146, 0.575157747726818]",1,-1
10612,[0.35675233 0.14956147],1,-1,-1,0,0
10613,[0.29828988 0.51992887],0,-1,-1,1,-1
10614,[0.75555897 0.65510867],2,0,"[0.7890750777399501, 0.6799557517006445]",1,-1
10615,[0.8119197  0.65294034],2,0,"[0.7890750777399501, 0.6799557517006445]",1,-1
10616,[0.75873349 0.6604752 ],2,0,"[0.7890750777399501, 0.6799557517006445]",1,3
10617,[0.49461824 0.53697629],0,-1,-1,1,-1
10618,[0.23622009 0.25754062],1,-1,-1,0,0
10619,[0.32397092 0.17418223],1,2,"[0.294379027732062, 0.1921773781634303]",0,0
10620,[0.70172717 0.7543331 ],2,-1,-1,1,-1
10621,[0.84625676 0.67275858],2,0,"[0.7890750777399501, 0.6799557517006445]",1,-1
10622,[0.35211436 0.61904289],0,1,"[0.37965276877051146, 0.575157747726818]",1,-1
10623,[0.7285197  0.54273174],3,-1,-1,1,-1
10624,[0.24464586 0.12408911],1,-1,-1,0,0
10625,[0.3111439  0.20544551],1,2,"[0.294379027732062, 0.1921773781634303]",0,0
10626,[0.26837689 0.18536783],1,2,"[0.294379027732062, 0.1921773781634303]",0,0
10627,[0.42546963 0.53471036],0,1,"[0.37965276877051146, 0.575157747726818]",1,-1
10628,[0.31735787 0.04835291],1,-1,-1,0,0
10629,[0.70970392 0.63465999],3,3,"[0.6601234827680622, 0.6109507568947781]",1,-1
10630,[0.66873274 0.63165415],3,3,"[0.6601234827680622, 0.6109507568947781]",1,7
10631,[0.65110862 0.59694109],3,3,"[0.6601234827680622, 0.6109507568947781]",1,-1
10632,[0.35913533 0.63565464],0,1,"[0.37965276877051146, 0.575157747726818]",1,-1
10633,[0.35177093 0.54829209],0,1,"[0.37965276877051146, 0.575157747726818]",1,-1
10634,[0.78619024 0.66208336],2,0,"[0.7890750777399501, 0.6799557517006445]",1,-1
10635,[0.33640848 0.22471685],1,2,"[0.294379027732062, 0.1921773781634303]",0,0
10636,[0.77704028 0.71918264],2,0,"[0.7890750777399501, 0.6799557517006445]",1,-1
10637,[0.31465345 0.54343269],0,-1,-1,1,-1
10638,[0.57049817 0.68453421],3,-1,-1,1,-1
10639,[0.27645657 0.17303738],1,2,"[0.294379027732062, 0.1921773781634303]",0,0
10640,[0.63731763 0.66688079],3,3,"[0.6601234827680622, 0.6109507568947781]",1,-1
10641,[0.70555874 0.64768629],3,3,"[0.6601234827680622, 0.6109507568947781]",1,-1
10642,[0.42780028 0.65350346],0,-1,-1,1,-1
10643,[0.35377169 0.11844538],1,-1,-1,0,0
10644,[0.76387892 0.56948148],3,-1,-1,1,-1
10645,[0.30705676 0.5714449 ],0,-1,-1,1,-1
10646,[0.26817481 0.27801617],1,-1,-1,0,0
10647,[0.79911848 0.68349138],2,0,"[0.7890750777399501, 0.6799557517006445]",1,-1
10648,[0.68480754 0.59491757],3,3,"[0.6601234827680622, 0.6109507568947781]",1,-1
10649,[0.31748416 0.57256889],0,1,"[0.37965276877051146, 0.575157747726818]",1,-1
10650,[0.35464364 0.58097777],0,1,"[0.37965276877051146, 0.575157747726818]",1,-1
10651,[0.6598666  0.63374446],3,3,"[0.6601234827680622, 0.6109507568947781]",1,-1
10652,[0.26550723 0.20510176],1,2,"[0.294379027732062, 0.1921773781634303]",0,0
10653,[0.37355476 0.61093797],0,1,"[0.37965276877051146, 0.575157747726818]",1,-1
10654,[0.23753094 0.14452115],1,-1,-1,0,0
10655,[0.32321716 0.17368546],1,2,"[0.294379027732062, 0.1921773781634303]",0,0
10656,[0.27713665 0.1611998 ],1,2,"[0.294379027732062, 0.1921773781634303]",0,0
10657,[0.31331825 0.57734284],0,1,"[0.37965276877051146, 0.575157747726818]",1,-1
10658,[0.25898877 0.24656665],1,2,"[0.294379027732062, 0.1921773781634303]",0,0
10659,[0.41895568 0.58643732],0,1,"[0.37965276877051146, 0.575157747726818]",1,-1
10660,[0.37665193 0.65251513],0,-1,-1,1,-1
10661,[0.59784905 0.5695487 ],3,-1,-1,1,-1
10662,[0.82266099 0.75015552],2,-1,-1,1,-1
10663,[0.82492128 0.72781062],2,0,"[0.7890750777399501, 0.6799557517006445]",1,-1
10664,[0.31343594 0.23862251],1,2,"[0.294379027732062, 0.1921773781634303]",0,0
10665,[0.81714306 0.71146953],2,0,"[0.7890750777399501, 0.6799557517006445]",1,-1
10666,[0.69439734 0.56381377],3,3,"[0.6601234827680622, 0.6109507568947781]",1,-1
10667,[0.32536722 0.21485554],1,2,"[0.294379027732062, 0.1921773781634303]",0,0
10668,[0.69045397 0.59021807],3,3,"[0.6601234827680622, 0.6109507568947781]",1,-1
10669,[0.22219649 0.2043619 ],1,-1,-1,0,0
10670,[0.45362724 0.52782346],0,-1,-1,1,-1
10671,[0.27636824 0.56032222],0,-1,-1,1,-1
10672,[0.70222207 0.6327241 ],3,3,"[0.6601234827680622, 0.6109507568947781]",1,-1
10673,[0.79605793 0.67886557],2,0,"[0.7890750777399501, 0.6799557517006445]",1,-1
10674,[0.22379254 0.22166335],1,-1,-1,0,0
10675,[0.2777186 0.2592789],1,2,"[0.294379027732062, 0.1921773781634303]",0,0
10676,[0.82997327 0.70234303],2,0,"[0.7890750777399501, 0.6799557517006445]",1,-1
10677,[0.72011685 0.73030045],2,-1,-1,1,-1
10678,[0.27282766 0.15003843],1,2,"[0.294379027732062, 0.1921773781634303]",0,0
10679,[0.77681438 0.73452028],2,0,"[0.7890750777399501, 0.6799557517006445]",1,-1
10680,[0.81532933 0.66515028],2,0,"[0.7890750777399501, 0.6799557517006445]",1,-1
10681,[0.39956258 0.54540346],0,1,"[0.37965276877051146, 0.575157747726818]",1,-1
10682,[0.30974105 0.26923913],1,-1,-1,0,0
10683,[0.13365881 0.24140023],1,-1,-1,0,0
10684,[0.74760075 0.57105199],3,-1,-1,1,-1
10685,[0.30521111 0.59141764],0,-1,-1,1,-1
10686,[0.76950997 0.76217652],2,-1,-1,1,-1
10687,[0.6112621  0.71221181],3,-1,-1,1,-1
10688,[0.37450832 0.5574832 ],0,1,"[0.37965276877051146, 0.575157747726818]",1,-1
10689,[0.65671489 0.60088763],3,3,"[0.6601234827680622, 0.6109507568947781]",1,6
10690,[0.2556324  0.23049305],1,2,"[0.294379027732062, 0.1921773781634303]",0,0
10691,[0.25625787 0.17328453],1,2,"[0.294379027732062, 0.1921773781634303]",0,0
10692,[0.7648803  0.64681749],2,0,"[0.7890750777399501, 0.6799557517006445]",1,-1
10693,[0.70834291 0.61905154],3,3,"[0.6601234827680622, 0.6109507568947781]",1,-1
10694,[0.89485527 0.6663379 ],2,-1,-1,1,-1
10695,[0.80697048 0.62839092],2,0,"[0.7890750777399501, 0.6799557517006445]",1,-1
10696,[0.38263772 0.52796534],0,1,"[0.37965276877051146, 0.575157747726818]",1,-1
10697,[0.66837214 0.64893161],3,3,"[0.6601234827680622, 0.6109507568947781]",1,-1
10698,[0.33593848 0.17826632],1,2,"[0.294379027732062, 0.1921773781634303]",0,0
10699,[0.68923489 0.63016716],3,3,"[0.6601234827680622, 0.6109507568947781]",1,7
10700,[0.61477547 0.41341137],3,-1,-1,1,-1
10701,[0.31273945 0.15280675],1,2,"[0.294379027732062, 0.1921773781634303]",0,0
10702,[0.34196747 0.64765097],0,-1,-1,1,-1
10703,[0.68132339 0.76331422],2,-1,-1,1,-1
10704,[0.31322081 0.24580475],1,2,"[0.294379027732062, 0.1921773781634303]",0,0
10705,[0.24599033 0.22962967],1,2,"[0.294379027732062, 0.1921773781634303]",0,0
10706,[0.7741164  0.68455579],2,0,"[0.7890750777399501, 0.6799557517006445]",1,-1
10707,[0.69337643 0.58700888],3,3,"[0.6601234827680622, 0.6109507568947781]",1,-1
10708,[0.45170624 0.62412388],0,-1,-1,1,-1
10709,[0.80024725 0.62601146],2,0,"[0.7890750777399501, 0.6799557517006445]",1,-1
10710,[0.21541583 0.15817384],1,-1,-1,0,0
10711,[0.60667806 0.64753071],3,3,"[0.6601234827680622, 0.6109507568947781]",1,-1
10712,[0.78427174 0.67910853],2,0,"[0.7890750777399501, 0.6799557517006445]",1,4
10713,[0.81919755 0.73521864],2,0,"[0.7890750777399501, 0.6799557517006445]",1,-1
10714,[0.39142542 0.58601308],0,1,"[0.37965276877051146, 0.575157747726818]",1,-1
10715,[0.73919163 0.73349141],2,-1,-1,1,-1
10716,[0.36471527 0.51776407],0,1,"[0.37965276877051146, 0.575157747726818]",1,-1
10717,[0.85169288 0.63314068],2,-1,-1,1,-1
10718,[0.31100793 0.17340191],1,2,"[0.294379027732062, 0.1921773781634303]",0,0
10719,[0.26189278 0.15899492],1,2,"[0.294379027732062, 0.1921773781634303]",0,0
10720,[0.37375084 0.57841256],0,1,"[0.37965276877051146, 0.575157747726818]",1,1
10721,[0.81256586 0.71470335],2,0,"[0.7890750777399501, 0.6799557517006445]",1,-1
10722,[0.31974303 0.19422363],1,2,"[0.294379027732062, 0.1921773781634303]",0,0
10723,[0.40357304 0.6707733 ],0,-1,-1,1,-1
10724,[0.62990626 0.54302756],3,-1,-1,1,-1
10725,[0.47158902 0.55644382],0,-1,-1,1,-1
10726,[0.82212501 0.6763384 ],2,0,"[0.7890750777399501, 0.6799557517006445]",1,-1
10727,[0.27748648 0.20463379],1,2,"[0.294379027732062, 0.1921773781634303]",0,0
10728,[0.83734432 0.66429745],2,0,"[0.7890750777399501, 0.6799557517006445]",1,-1
10729,[0.72216977 0.70257343],2,-1,-1,1,-1
10730,[0.92422555 0.65477599],2,-1,-1,1,-1
10731,[0.51338331 0.58425982],0,-1,-1,1,-1
10732,[0.43720177 0.5928025 ],0,1,"[0.37965276877051146, 0.575157747726818]",1,-1
10733,[0.29733448 0.1416208 ],1,2,"[0.294379027732062, 0.1921773781634303]",0,0
10734,[0.28731392 0.15528055],1,2,"[0.294379027732062, 0.1921773781634303]",0,0
10735,[0.79170566 0.53955986],2,-1,-1,1,-1
10736,[0.62734108 0.68111204],3,-1,-1,1,-1
10737,[0.28814218 0.55223198],0,-1,-1,1,-1
10738,[0.34177633 0.22026888],1,2,"[0.294379027732062, 0.1921773781634303]",0,0
10739,[0.34182036 0.56049184],0,1,"[0.37965276877051146, 0.575157747726818]",1,-1
10740,[0.85977305 0.70188879],2,-1,-1,1,-1
10741,[0.81713895 0.7347207 ],2,0,"[0.7890750777399501, 0.6799557517006445]",1,-1
10742,[0.38526687 0.55643847],0,1,"[0.37965276877051146, 0.575157747726818]",1,-1
10743,[0.29681585 0.21076998],1,2,"[0.294379027732062, 0.1921773781634303]",0,0
10744,[0.68843409 0.63786576],3,3,"[0.6601234827680622, 0.6109507568947781]",1,-1
10745,[0.69144021 0.65647425],3,3,"[0.6601234827680622, 0.6109507568947781]",1,-1
10746,[0.37509211 0.56691023],0,1,"[0.37965276877051146, 0.575157747726818]",1,1
10747,[0.46821846 0.6107083 ],0,-1,-1,1,-1
10748,[0.344895   0.56547875],0,1,"[0.37965276877051146, 0.575157747726818]",1,-1
10749,[0.37047355 0.54436834],0,1,"[0.37965276877051146, 0.575157747726818]",1,-1
10750,[0.34289812 0.5956087 ],0,1,"[0.37965276877051146, 0.575157747726818]",1,-1
10751,[0.65599409 0.59419814],3,3,"[0.6601234827680622, 0.6109507568947781]",1,-1
10752,[0.37267394 0.62985006],0,1,"[0.37965276877051146, 0.575157747726818]",1,-1
10753,[0.64752943 0.6542818 ],3,3,"[0.6601234827680622, 0.6109507568947781]",1,-1
10754,[0.88188395 0.61845539],2,-1,-1,1,-1
10755,[0.836909   0.66524745],2,0,"[0.7890750777399501, 0.6799557517006445]",1,-1
10756,[0.25939891 0.10589485],1,-1,-1,0,0
10757,[0.32898414 0.15128821],1,2,"[0.294379027732062, 0.1921773781634303]",0,0
10758,[0.84774546 0.81909413],2,-1,-1,1,-1
10759,[0.6391246  0.68015198],3,-1,-1,1,-1
10760,[0.70489181 0.61527274],2,3,"[0.6601234827680622, 0.6109507568947781]",1,-1
10761,[0.71704106 0.62684333],3,3,"[0.6601234827680622, 0.6109507568947781]",1,-1
10762,[0.7342393 0.6085002],3,-1,-1,1,-1
10763,[0.6868998  0.54831878],3,3,"[0.6601234827680622, 0.6109507568947781]",1,-1
10764,[0.42994878 0.44544714],0,-1,-1,1,-1
10765,[0.66537464 0.62264794],3,3,"[0.6601234827680622, 0.6109507568947781]",1,7
10766,[0.78080548 0.70625701],2,0,"[0.7890750777399501, 0.6799557517006445]",1,-1
10767,[0.59709718 0.67185493],3,-1,-1,1,-1
10768,[0.42696977 0.58219405],0,1,"[0.37965276877051146, 0.575157747726818]",1,-1
10769,[0.38082461 0.57897184],0,1,"[0.37965276877051146, 0.575157747726818]",1,-1
10770,[0.38275203 0.55295234],0,1,"[0.37965276877051146, 0.575157747726818]",1,-1
10771,[0.84154249 0.68871379],2,0,"[0.7890750777399501, 0.6799557517006445]",1,-1
10772,[0.2286203  0.23733598],1,-1,-1,0,0
10773,[0.30961621 0.24519003],1,2,"[0.294379027732062, 0.1921773781634303]",0,0
10774,[0.33084207 0.17752181],1,2,"[0.294379027732062, 0.1921773781634303]",0,0
10775,[0.67395447 0.53465934],3,-1,-1,1,-1
10776,[0.25199237 0.19298161],1,2,"[0.294379027732062, 0.1921773781634303]",0,0
10777,[0.40145438 0.1996664 ],1,-1,-1,0,0
10778,[0.29461247 0.08674671],1,-1,-1,0,0
10779,[0.79546068 0.58675073],2,-1,-1,1,-1
10780,[0.68089079 0.59979278],3,3,"[0.6601234827680622, 0.6109507568947781]",1,5
10781,[0.78878952 0.67589172],2,0,"[0.7890750777399501, 0.6799557517006445]",1,4
10782,[0.35978329 0.16184962],1,-1,-1,0,0
10783,[0.33403803 0.60589582],0,1,"[0.37965276877051146, 0.575157747726818]",1,-1
10784,[0.77886887 0.55933598],2,-1,-1,1,-1
10785,[0.86750755 0.75182944],2,-1,-1,1,-1
10786,[0.38847951 0.1332344 ],1,-1,-1,0,0
10787,[0.66679978 0.58709992],3,3,"[0.6601234827680622, 0.6109507568947781]",1,-1
10788,[0.29254817 0.19222384],1,2,"[0.294379027732062, 0.1921773781634303]",0,0
10789,[0.59965977 0.66445824],3,-1,-1,1,-1
10790,[0.80833062 0.6305117 ],2,0,"[0.7890750777399501, 0.6799557517006445]",1,-1
10791,[0.69862831 0.61297167],3,3,"[0.6601234827680622, 0.6109507568947781]",1,-1
10792,[0.80234957 0.60811241],2,-1,-1,1,-1
10793,[0.20064405 0.22348691],1,-1,-1,0,0
10794,[0.26175195 0.27834667],1,-1,-1,0,0
10795,[0.65991462 0.50713266],3,-1,-1,1,-1
10796,[0.66116479 0.6375499 ],3,3,"[0.6601234827680622, 0.6109507568947781]",1,-1
10797,[0.38740187 0.59411258],0,1,"[0.37965276877051146, 0.575157747726818]",1,-1
10798,[0.34307812 0.1976876 ],1,2,"[0.294379027732062, 0.1921773781634303]",0,0
10799,[0.42958719 0.64465036],0,-1,-1,1,-1
10800,[0.85653734 0.69830332],2,0,"[0.7890750777399501, 0.6799557517006445]",1,-1
10801,[0.66650606 0.59562523],3,3,"[0.6601234827680622, 0.6109507568947781]",1,-1
10802,[0.76770674 0.65985878],2,0,"[0.7890750777399501, 0.6799557517006445]",1,-1
10803,[0.33250995 0.21891048],1,2,"[0.294379027732062, 0.1921773781634303]",0,0
10804,[0.3029857  0.22979181],1,2,"[0.294379027732062, 0.1921773781634303]",0,0
10805,[0.59453068 0.65647255],3,-1,-1,1,-1
10806,[0.88017149 0.69747831],2,-1,-1,1,-1
10807,[0.62847568 0.64583776],3,3,"[0.6601234827680622, 0.6109507568947781]",1,-1
10808,[0.62435003 0.59294982],3,3,"[0.6601234827680622, 0.6109507568947781]",1,-1
10809,[0.34123342 0.23014711],1,2,"[0.294379027732062, 0.1921773781634303]",0,0
10810,[0.79139724 0.67433335],2,0,"[0.7890750777399501, 0.6799557517006445]",1,4
10811,[0.70075137 0.61085568],3,3,"[0.6601234827680622, 0.6109507568947781]",1,-1
10812,[0.30951704 0.63284912],0,-1,-1,1,-1
10813,[0.78268236 0.70730664],2,0,"[0.7890750777399501, 0.6799557517006445]",1,-1
10814,[0.65327723 0.65432242],3,3,"[0.6601234827680622, 0.6109507568947781]",1,-1
10815,[0.24560772 0.29116006],1,-1,-1,0,0
10816,[0.3044921  0.27108179],1,-1,-1,0,0
10817,[0.82223542 0.60839607],2,-1,-1,1,-1
10818,[0.66218136 0.70160357],3,-1,-1,1,-1
10819,[0.28530976 0.25310131],1,2,"[0.294379027732062, 0.1921773781634303]",0,0
10820,[0.29767189 0.15866772],1,2,"[0.294379027732062, 0.1921773781634303]",0,0
10821,[0.38464479 0.57730824],0,1,"[0.37965276877051146, 0.575157747726818]",1,2
10822,[0.70135815 0.57587723],3,3,"[0.6601234827680622, 0.6109507568947781]",1,-1
10823,[0.44852423 0.57579464],0,1,"[0.37965276877051146, 0.575157747726818]",1,-1
10824,[0.62290386 0.5251699 ],3,-1,-1,1,-1
10825,[0.70376839 0.50524861],3,-1,-1,1,-1
10826,[0.32535008 0.62195147],0,-1,-1,1,-1
10827,[0.32075784 0.24844882],1,2,"[0.294379027732062, 0.1921773781634303]",0,0
10828,[0.77555642 0.74875815],2,-1,-1,1,-1
10829,[0.57661345 0.59874753],3,-1,-1,1,-1
10830,[0.67583727 0.64926731],3,3,"[0.6601234827680622, 0.6109507568947781]",1,-1
10831,[0.38798563 0.50039036],0,-1,-1,1,-1
10832,[0.79738224 0.73077891],2,0,"[0.7890750777399501, 0.6799557517006445]",1,-1
10833,[0.6227543  0.62776842],3,3,"[0.6601234827680622, 0.6109507568947781]",1,-1
10834,[0.66213713 0.5756659 ],3,3,"[0.6601234827680622, 0.6109507568947781]",1,-1
10835,[0.63184597 0.57797177],3,3,"[0.6601234827680622, 0.6109507568947781]",1,-1
10836,[0.85265857 0.65805327],2,0,"[0.7890750777399501, 0.6799557517006445]",1,-1
10837,[0.3990014  0.63558461],0,1,"[0.37965276877051146, 0.575157747726818]",1,-1
10838,[0.69022487 0.73029064],2,-1,-1,1,-1
10839,[0.79999563 0.66519544],2,0,"[0.7890750777399501, 0.6799557517006445]",1,4
10840,[0.42618097 0.53143331],0,1,"[0.37965276877051146, 0.575157747726818]",1,-1
10841,[0.7766708  0.66962615],3,0,"[0.7890750777399501, 0.6799557517006445]",1,-1
10842,[0.71807762 0.52998171],3,-1,-1,1,-1
10843,[0.78027876 0.70408202],2,0,"[0.7890750777399501, 0.6799557517006445]",1,-1
10844,[0.81891378 0.69777333],2,0,"[0.7890750777399501, 0.6799557517006445]",1,-1
10845,[0.82307054 0.78330291],2,-1,-1,1,-1
10846,[0.37102251 0.6092657 ],0,1,"[0.37965276877051146, 0.575157747726818]",1,-1
10847,[0.36325854 0.10642522],1,-1,-1,0,0
10848,[0.76386965 0.72922487],2,0,"[0.7890750777399501, 0.6799557517006445]",1,-1
10849,[0.44626737 0.60482926],0,-1,-1,1,-1
10850,[0.69709501 0.56919227],3,3,"[0.6601234827680622, 0.6109507568947781]",1,-1
10851,[0.28951721 0.14258599],1,2,"[0.294379027732062, 0.1921773781634303]",0,0
10852,[0.24785721 0.07642045],1,-1,-1,0,0
10853,[0.85074075 0.70769723],2,0,"[0.7890750777399501, 0.6799557517006445]",1,-1
10854,[0.69341771 0.70462108],3,-1,-1,1,-1
10855,[0.30724953 0.55418352],0,-1,-1,1,-1
10856,[0.30397866 0.51701726],0,-1,-1,1,-1
10857,[0.18086502 0.1908614 ],1,-1,-1,0,0
10858,[0.69700014 0.59950922],3,3,"[0.6601234827680622, 0.6109507568947781]",1,-1
10859,[0.24676795 0.19396484],1,2,"[0.294379027732062, 0.1921773781634303]",0,0
10860,[0.40866987 0.58375016],0,1,"[0.37965276877051146, 0.575157747726818]",1,-1
10861,[0.79205588 0.74606186],2,0,"[0.7890750777399501, 0.6799557517006445]",1,-1
10862,[0.28471469 0.15849149],1,2,"[0.294379027732062, 0.1921773781634303]",0,0
10863,[0.29435191 0.17238204],1,2,"[0.294379027732062, 0.1921773781634303]",0,0
10864,[0.31875573 0.1665233 ],1,2,"[0.294379027732062, 0.1921773781634303]",0,0
10865,[0.71672832 0.56320435],3,-1,-1,1,-1
10866,[0.64137991 0.60458499],3,3,"[0.6601234827680622, 0.6109507568947781]",1,-1
10867,[0.30696206 0.55504619],0,-1,-1,1,-1
10868,[0.3382008  0.63751291],0,-1,-1,1,-1
10869,[0.47769547 0.69318439],0,-1,-1,1,-1
10870,[0.37025957 0.54527874],0,1,"[0.37965276877051146, 0.575157747726818]",1,-1
10871,[0.80816133 0.74250708],2,0,"[0.7890750777399501, 0.6799557517006445]",1,-1
10872,[0.28032191 0.58761023],0,-1,-1,1,-1
10873,[0.27404169 0.50950912],0,-1,-1,1,-1
10874,[0.37179835 0.21848359],1,-1,-1,0,0
10875,[0.40455255 0.61155837],0,1,"[0.37965276877051146, 0.575157747726818]",1,-1
10876,[0.6543994  0.61087808],3,3,"[0.6601234827680622, 0.6109507568947781]",1,-1
10877,[0.42542923 0.50354463],0,-1,-1,1,-1
10878,[0.80088814 0.75725661],2,-1,-1,1,-1
10879,[0.80628986 0.65076828],2,0,"[0.7890750777399501, 0.6799557517006445]",1,-1
10880,[0.32473951 0.50140356],0,-1,-1,1,-1
10881,[0.65678016 0.55994149],3,3,"[0.6601234827680622, 0.6109507568947781]",1,-1
10882,[0.21308793 0.17179977],1,-1,-1,0,0
10883,[0.65469273 0.66831267],3,3,"[0.6601234827680622, 0.6109507568947781]",1,-1
10884,[0.74454353 0.69350229],2,0,"[0.7890750777399501, 0.6799557517006445]",1,-1
10885,[0.59704951 0.6703676 ],3,-1,-1,1,-1
10886,[0.61717626 0.62558995],3,3,"[0.6601234827680622, 0.6109507568947781]",1,-1
10887,[0.61809856 0.69227378],3,-1,-1,1,-1
10888,[0.84499143 0.68017342],2,0,"[0.7890750777399501, 0.6799557517006445]",1,-1
10889,[0.28776512 0.17200595],1,2,"[0.294379027732062, 0.1921773781634303]",0,0
10890,[0.60360188 0.5953155 ],3,3,"[0.6601234827680622, 0.6109507568947781]",1,-1
10891,[0.75962198 0.63548552],3,0,"[0.7890750777399501, 0.6799557517006445]",1,-1
10892,[0.90695416 0.72472905],2,-1,-1,1,-1
10893,[0.33502577 0.1930319 ],1,2,"[0.294379027732062, 0.1921773781634303]",0,0
10894,[0.65210692 0.59407608],3,3,"[0.6601234827680622, 0.6109507568947781]",1,-1
10895,[0.9004751  0.70045975],2,-1,-1,1,-1
10896,[0.49914959 0.54428795],0,-1,-1,1,-1
10897,[0.63264415 0.59780407],3,3,"[0.6601234827680622, 0.6109507568947781]",1,-1
10898,[0.42689508 0.60930206],0,1,"[0.37965276877051146, 0.575157747726818]",1,-1
10899,[0.82126225 0.6463899 ],2,0,"[0.7890750777399501, 0.6799557517006445]",1,-1
10900,[0.59526636 0.59632292],3,3,"[0.6601234827680622, 0.6109507568947781]",1,-1
10901,[0.69165748 0.55095253],3,3,"[0.6601234827680622, 0.6109507568947781]",1,-1
10902,[0.76042549 0.62981633],3,0,"[0.7890750777399501, 0.6799557517006445]",1,-1
10903,[0.29126499 0.2131472 ],1,2,"[0.294379027732062, 0.1921773781634303]",0,0
10904,[0.35752325 0.21732191],1,2,"[0.294379027732062, 0.1921773781634303]",0,0
10905,[0.37996865 0.61460655],0,1,"[0.37965276877051146, 0.575157747726818]",1,-1
10906,[0.38451326 0.45449027],0,-1,-1,1,-1
10907,[0.31198416 0.25825389],1,2,"[0.294379027732062, 0.1921773781634303]",0,0
10908,[0.25404544 0.23528584],1,2,"[0.294379027732062, 0.1921773781634303]",0,0
10909,[0.41628091 0.59950926],0,1,"[0.37965276877051146, 0.575157747726818]",1,-1
10910,[0.64175509 0.60554102],3,3,"[0.6601234827680622, 0.6109507568947781]",1,-1
10911,[0.43671977 0.617852  ],0,-1,-1,1,-1
10912,[0.7653281  0.62953103],2,0,"[0.7890750777399501, 0.6799557517006445]",1,-1
10913,[0.86068335 0.7378444 ],2,-1,-1,1,-1
10914,[0.4039599  0.62665328],0,1,"[0.37965276877051146, 0.575157747726818]",1,-1
10915,[0.67143032 0.64811127],3,3,"[0.6601234827680622, 0.6109507568947781]",1,-1
10916,[0.79245852 0.60863527],2,-1,-1,1,-1
10917,[0.68648157 0.70126975],2,-1,-1,1,-1
10918,[0.68939573 0.64403864],3,3,"[0.6601234827680622, 0.6109507568947781]",1,-1
10919,[0.75364751 0.61629243],3,-1,-1,1,-1
10920,[0.37837453 0.51001563],0,1,"[0.37965276877051146, 0.575157747726818]",1,-1
10921,[0.80069506 0.67108572],2,0,"[0.7890750777399501, 0.6799557517006445]",1,4
10922,[0.36991926 0.62366309],0,1,"[0.37965276877051146, 0.575157747726818]",1,-1
10923,[0.34657358 0.61993749],0,1,"[0.37965276877051146, 0.575157747726818]",1,-1
10924,[0.623394   0.68383243],3,-1,-1,1,-1
10925,[0.8084368  0.60101727],2,-1,-1,1,-1
10926,[0.681418   0.65682996],3,3,"[0.6601234827680622, 0.6109507568947781]",1,-1
10927,[0.24902768 0.23385287],1,2,"[0.294379027732062, 0.1921773781634303]",0,0
10928,[0.78005455 0.64516322],2,0,"[0.7890750777399501, 0.6799557517006445]",1,-1
10929,[0.85488371 0.64186445],2,-1,-1,1,-1
10930,[0.37893976 0.15005001],1,-1,-1,0,0
10931,[0.695619   0.68492237],3,-1,-1,1,-1
10932,[0.35336617 0.23569564],1,-1,-1,0,0
10933,[0.3704644  0.29435586],1,-1,-1,0,0
10934,[0.66404031 0.628028  ],3,3,"[0.6601234827680622, 0.6109507568947781]",1,7
10935,[0.68914465 0.66365704],3,3,"[0.6601234827680622, 0.6109507568947781]",1,-1
10936,[0.31991446 0.30964431],1,-1,-1,0,0
10937,[0.31961643 0.20593372],1,2,"[0.294379027732062, 0.1921773781634303]",0,0
10938,[0.36362784 0.54887863],0,1,"[0.37965276877051146, 0.575157747726818]",1,-1
10939,[0.30423848 0.16991838],1,2,"[0.294379027732062, 0.1921773781634303]",0,0
10940,[0.62975651 0.62652585],3,3,"[0.6601234827680622, 0.6109507568947781]",1,-1
10941,[0.89987796 0.66283183],2,-1,-1,1,-1
10942,[0.31365907 0.57771865],0,1,"[0.37965276877051146, 0.575157747726818]",1,-1
10943,[0.82730118 0.72276182],2,0,"[0.7890750777399501, 0.6799557517006445]",1,-1
10944,[0.27484156 0.25738206],1,2,"[0.294379027732062, 0.1921773781634303]",0,0
10945,[0.34088214 0.20106117],1,2,"[0.294379027732062, 0.1921773781634303]",0,0
10946,[0.25653692 0.20816917],1,2,"[0.294379027732062, 0.1921773781634303]",0,0
10947,[0.43740201 0.56467384],0,1,"[0.37965276877051146, 0.575157747726818]",1,-1
10948,[0.67532863 0.59146931],3,3,"[0.6601234827680622, 0.6109507568947781]",1,-1
10949,[0.32690843 0.11689851],1,-1,-1,0,0
10950,[0.81819569 0.73265821],2,0,"[0.7890750777399501, 0.6799557517006445]",1,-1
10951,[0.68988465 0.68585183],3,-1,-1,1,-1
10952,[0.34853527 0.5428201 ],0,1,"[0.37965276877051146, 0.575157747726818]",1,-1
10953,[0.29065191 0.17131014],1,2,"[0.294379027732062, 0.1921773781634303]",0,0
10954,[0.8565227 0.5725893],2,-1,-1,1,-1
10955,[0.45316714 0.54392273],0,-1,-1,1,-1
10956,[0.69961476 0.63073369],2,3,"[0.6601234827680622, 0.6109507568947781]",1,-1
10957,[0.32087196 0.23525168],1,2,"[0.294379027732062, 0.1921773781634303]",0,0
10958,[0.28338573 0.20180635],1,2,"[0.294379027732062, 0.1921773781634303]",0,0
10959,[0.38042853 0.16283741],1,-1,-1,0,0
10960,[0.387072   0.59231138],0,1,"[0.37965276877051146, 0.575157747726818]",1,-1
10961,[0.83498965 0.84874476],2,-1,-1,1,-1
10962,[0.62592081 0.6166921 ],3,3,"[0.6601234827680622, 0.6109507568947781]",1,-1
10963,[0.62883962 0.57149322],3,3,"[0.6601234827680622, 0.6109507568947781]",1,-1
10964,[0.79498956 0.64992257],2,0,"[0.7890750777399501, 0.6799557517006445]",1,-1
10965,[0.60949877 0.62560816],3,3,"[0.6601234827680622, 0.6109507568947781]",1,-1
10966,[0.759846   0.72047784],2,0,"[0.7890750777399501, 0.6799557517006445]",1,-1
10967,[0.40203393 0.55262783],0,1,"[0.37965276877051146, 0.575157747726818]",1,-1
10968,[0.58670632 0.65715129],3,-1,-1,1,-1
10969,[0.76137423 0.61693858],2,0,"[0.7890750777399501, 0.6799557517006445]",1,-1
10970,[0.40585954 0.5357307 ],0,1,"[0.37965276877051146, 0.575157747726818]",1,-1
10971,[0.6998203  0.77128254],2,-1,-1,1,-1
10972,[0.79188207 0.71238348],2,0,"[0.7890750777399501, 0.6799557517006445]",1,-1
10973,[0.34679098 0.60991024],0,1,"[0.37965276877051146, 0.575157747726818]",1,-1
10974,[0.32900067 0.29264453],1,-1,-1,0,0
10975,[0.316274   0.13029417],1,2,"[0.294379027732062, 0.1921773781634303]",0,0
10976,[0.33176579 0.1937095 ],1,2,"[0.294379027732062, 0.1921773781634303]",0,0
10977,[0.4087903 0.5375298],0,1,"[0.37965276877051146, 0.575157747726818]",1,-1
10978,[0.41402881 0.57780905],0,1,"[0.37965276877051146, 0.575157747726818]",1,2
10979,[0.26358408 0.16333232],1,2,"[0.294379027732062, 0.1921773781634303]",0,0
10980,[0.38770902 0.57754045],0,1,"[0.37965276877051146, 0.575157747726818]",1,-1
10981,[0.85812151 0.65558795],2,-1,-1,1,-1
10982,[0.4046323 0.5870045],0,1,"[0.37965276877051146, 0.575157747726818]",1,-1
10983,[0.30390256 0.15836395],1,2,"[0.294379027732062, 0.1921773781634303]",0,0
10984,[0.34046708 0.20981785],1,2,"[0.294379027732062, 0.1921773781634303]",0,0
10985,[0.27050867 0.23503558],1,2,"[0.294379027732062, 0.1921773781634303]",0,0
10986,[0.2851006  0.19742083],1,2,"[0.294379027732062, 0.1921773781634303]",0,0
10987,[0.80710153 0.73180551],2,0,"[0.7890750777399501, 0.6799557517006445]",1,-1
10988,[0.65133652 0.68296267],3,-1,-1,1,-1
10989,[0.26691611 0.1622463 ],1,2,"[0.294379027732062, 0.1921773781634303]",0,0
10990,[0.61904843 0.69071502],3,-1,-1,1,-1
10991,[0.3311807  0.58003801],0,1,"[0.37965276877051146, 0.575157747726818]",1,-1
10992,[0.83216708 0.68308247],2,0,"[0.7890750777399501, 0.6799557517006445]",1,-1
10993,[0.3658865  0.61008742],0,1,"[0.37965276877051146, 0.575157747726818]",1,-1
10994,[0.25352492 0.16255803],1,2,"[0.294379027732062, 0.1921773781634303]",0,0
10995,[0.73398565 0.61966271],3,-1,-1,1,-1
10996,[0.73764725 0.76339593],2,-1,-1,1,-1
10997,[0.4175859  0.60191457],0,1,"[0.37965276877051146, 0.575157747726818]",1,-1
10998,[0.28596011 0.21220487],1,2,"[0.294379027732062, 0.1921773781634303]",0,0
10999,[0.39159976 0.50479244],0,-1,-1,1,-1
11000,[0.25963806 0.14125358],1,2,"[0.294379027732062, 0.1921773781634303]",0,0
11001,[0.38665727 0.62262066],0,1,"[0.37965276877051146, 0.575157747726818]",1,-1
11002,[0.81111761 0.67013475],2,0,"[0.7890750777399501, 0.6799557517006445]",1,-1
11003,[0.32073662 0.52076993],0,-1,-1,1,-1
11004,[0.7354781  0.63163263],3,-1,-1,1,-1
11005,[0.81855811 0.68517037],2,0,"[0.7890750777399501, 0.6799557517006445]",1,-1
11006,[0.37942813 0.28422525],1,-1,-1,0,0
11007,[0.38405272 0.65508543],0,-1,-1,1,-1
11008,[0.747744   0.62164515],3,-1,-1,1,-1
11009,[0.67993946 0.60264184],3,3,"[0.6601234827680622, 0.6109507568947781]",1,5
11010,[0.69450155 0.61177486],3,3,"[0.6601234827680622, 0.6109507568947781]",1,-1
11011,[0.23492979 0.17909706],1,2,"[0.294379027732062, 0.1921773781634303]",0,0
11012,[0.33527204 0.14052987],1,2,"[0.294379027732062, 0.1921773781634303]",0,0
11013,[0.78174177 0.73253061],2,0,"[0.7890750777399501, 0.6799557517006445]",1,-1
11014,[0.3055793  0.58677476],0,-1,-1,1,-1
11015,[0.31435367 0.63538034],0,-1,-1,1,-1
11016,[0.80452455 0.79625001],2,-1,-1,1,-1
11017,[0.62573717 0.59006622],3,3,"[0.6601234827680622, 0.6109507568947781]",1,-1
11018,[0.66808384 0.71467515],2,-1,-1,1,-1
11019,[0.77042507 0.60729958],2,-1,-1,1,-1
11020,[0.25352572 0.20133672],1,2,"[0.294379027732062, 0.1921773781634303]",0,0
11021,[0.68221588 0.55045108],3,3,"[0.6601234827680622, 0.6109507568947781]",1,-1
11022,[0.7767153  0.73521833],2,0,"[0.7890750777399501, 0.6799557517006445]",1,-1
11023,[0.85215112 0.72764176],2,-1,-1,1,-1
11024,[0.78281093 0.70170894],2,0,"[0.7890750777399501, 0.6799557517006445]",1,-1
11025,[0.73966966 0.59673059],3,-1,-1,1,-1
11026,[0.35364311 0.59606852],0,1,"[0.37965276877051146, 0.575157747726818]",1,-1
11027,[0.42147772 0.54031771],0,1,"[0.37965276877051146, 0.575157747726818]",1,-1
11028,[0.37093064 0.56236837],0,1,"[0.37965276877051146, 0.575157747726818]",1,1
11029,[0.29520698 0.2157182 ],1,2,"[0.294379027732062, 0.1921773781634303]",0,0
11030,[0.41841918 0.56526912],0,1,"[0.37965276877051146, 0.575157747726818]",1,-1
11031,[0.37756102 0.60970621],0,1,"[0.37965276877051146, 0.575157747726818]",1,-1
11032,[0.36656945 0.56727599],0,1,"[0.37965276877051146, 0.575157747726818]",1,-1
11033,[0.7902651  0.58904511],2,-1,-1,1,-1
11034,[0.67649048 0.64430049],2,3,"[0.6601234827680622, 0.6109507568947781]",1,-1
11035,[0.35128498 0.59914499],0,1,"[0.37965276877051146, 0.575157747726818]",1,-1
11036,[0.36408355 0.20626005],1,-1,-1,0,0
11037,[0.60554197 0.59382962],3,3,"[0.6601234827680622, 0.6109507568947781]",1,-1
11038,[0.75561554 0.75229751],2,-1,-1,1,-1
11039,[0.41908108 0.58499847],0,1,"[0.37965276877051146, 0.575157747726818]",1,-1
11040,[0.64943876 0.58464369],3,3,"[0.6601234827680622, 0.6109507568947781]",1,-1
11041,[0.37022081 0.55533457],0,1,"[0.37965276877051146, 0.575157747726818]",1,-1
11042,[0.61380309 0.55433363],3,-1,-1,1,-1
11043,[0.76740748 0.7170628 ],2,0,"[0.7890750777399501, 0.6799557517006445]",1,-1
11044,[0.47375212 0.52882314],0,-1,-1,1,-1
11045,[0.39981597 0.24252462],1,-1,-1,0,0
11046,[0.73118189 0.7306508 ],2,-1,-1,1,-1
11047,[0.35910764 0.64981008],0,-1,-1,1,-1
11048,[0.68274869 0.70950336],3,-1,-1,1,-1
11049,[0.48258472 0.62696142],0,-1,-1,1,-1
11050,[0.18962005 0.24009598],1,-1,-1,0,0
11051,[0.74189169 0.60566443],2,-1,-1,1,-1
11052,[0.23528353 0.2437493 ],1,-1,-1,0,0
11053,[0.37942233 0.4629411 ],0,-1,-1,1,-1
11054,[0.77049169 0.70309197],2,0,"[0.7890750777399501, 0.6799557517006445]",1,-1
11055,[0.3029476  0.61894188],0,-1,-1,1,-1
11056,[0.82477912 0.72792882],2,0,"[0.7890750777399501, 0.6799557517006445]",1,-1
11057,[0.3795382  0.54435606],0,1,"[0.37965276877051146, 0.575157747726818]",1,-1
11058,[0.6980689  0.58984358],3,3,"[0.6601234827680622, 0.6109507568947781]",1,-1
11059,[0.86935502 0.74872418],2,-1,-1,1,-1
11060,[0.34941225 0.57728431],0,1,"[0.37965276877051146, 0.575157747726818]",1,-1
11061,[0.82368411 0.65405804],2,0,"[0.7890750777399501, 0.6799557517006445]",1,-1
11062,[0.29095912 0.07837698],1,-1,-1,0,0
11063,[0.71583798 0.64022478],3,3,"[0.6601234827680622, 0.6109507568947781]",1,-1
11064,[0.72479419 0.68397339],3,0,"[0.7890750777399501, 0.6799557517006445]",1,-1
11065,[0.67150941 0.6172423 ],3,3,"[0.6601234827680622, 0.6109507568947781]",1,-1
11066,[0.68885326 0.62073381],3,3,"[0.6601234827680622, 0.6109507568947781]",1,-1
11067,[0.79686821 0.72887336],2,0,"[0.7890750777399501, 0.6799557517006445]",1,-1
11068,[0.61479201 0.70311191],3,-1,-1,1,-1
11069,[0.63536248 0.70640094],3,-1,-1,1,-1
11070,[0.70421275 0.5663713 ],3,3,"[0.6601234827680622, 0.6109507568947781]",1,-1
11071,[0.79118068 0.84144375],2,-1,-1,1,-1
11072,[0.80220118 0.66849204],3,0,"[0.7890750777399501, 0.6799557517006445]",1,4
11073,[0.29514748 0.54240598],0,-1,-1,1,-1
11074,[0.38814265 0.5513583 ],0,1,"[0.37965276877051146, 0.575157747726818]",1,-1
11075,[0.81986362 0.62161364],2,0,"[0.7890750777399501, 0.6799557517006445]",1,-1
11076,[0.37452641 0.59583019],0,1,"[0.37965276877051146, 0.575157747726818]",1,-1
11077,[0.68577599 0.56127797],3,3,"[0.6601234827680622, 0.6109507568947781]",1,-1
11078,[0.2326294  0.20054901],1,2,"[0.294379027732062, 0.1921773781634303]",0,0
11079,[0.23475863 0.23003889],1,-1,-1,0,0
11080,[0.79433979 0.77698273],2,-1,-1,1,-1
11081,[0.56827449 0.65334286],3,-1,-1,1,-1
11082,[0.66709957 0.58533644],3,3,"[0.6601234827680622, 0.6109507568947781]",1,-1
11083,[0.74836648 0.67803741],2,0,"[0.7890750777399501, 0.6799557517006445]",1,-1
11084,[0.75350565 0.73477401],2,0,"[0.7890750777399501, 0.6799557517006445]",1,-1
11085,[0.71966272 0.72367626],3,-1,-1,1,-1
11086,[0.65995889 0.63307558],3,3,"[0.6601234827680622, 0.6109507568947781]",1,-1
11087,[0.67782723 0.54740233],3,3,"[0.6601234827680622, 0.6109507568947781]",1,-1
11088,[0.73013237 0.6356082 ],3,-1,-1,1,-1
11089,[0.3792336  0.14255598],1,-1,-1,0,0
11090,[0.66923284 0.61491876],3,3,"[0.6601234827680622, 0.6109507568947781]",1,-1
11091,[0.40007215 0.51088155],0,1,"[0.37965276877051146, 0.575157747726818]",1,-1
11092,[0.78078087 0.65452059],2,0,"[0.7890750777399501, 0.6799557517006445]",1,-1
11093,[0.64308494 0.62006217],3,3,"[0.6601234827680622, 0.6109507568947781]",1,-1
11094,[0.8025757  0.70545987],2,0,"[0.7890750777399501, 0.6799557517006445]",1,-1
11095,[0.40069939 0.61515154],0,1,"[0.37965276877051146, 0.575157747726818]",1,-1
11096,[0.23357096 0.26079528],1,-1,-1,0,0
11097,[0.2942138  0.12894342],1,2,"[0.294379027732062, 0.1921773781634303]",0,0
11098,[0.73868256 0.6396185 ],2,0,"[0.7890750777399501, 0.6799557517006445]",1,-1
11099,[0.65600901 0.63863042],3,3,"[0.6601234827680622, 0.6109507568947781]",1,-1
11100,[0.32059101 0.19902485],1,2,"[0.294379027732062, 0.1921773781634303]",0,0
11101,[0.41912063 0.55863964],0,1,"[0.37965276877051146, 0.575157747726818]",1,-1
11102,[0.32969691 0.0656566 ],1,-1,-1,0,0
11103,[0.74937466 0.74895174],2,-1,-1,1,-1
11104,[0.84346845 0.80466306],2,-1,-1,1,-1
11105,[0.83101642 0.73286038],2,0,"[0.7890750777399501, 0.6799557517006445]",1,-1
11106,[0.37320049 0.42650604],0,-1,-1,1,-1
11107,[0.70863786 0.60266639],3,3,"[0.6601234827680622, 0.6109507568947781]",1,-1
11108,[0.84318246 0.68161932],2,0,"[0.7890750777399501, 0.6799557517006445]",1,-1
11109,[0.33576216 0.60989052],0,1,"[0.37965276877051146, 0.575157747726818]",1,-1
11110,[0.34054448 0.56540522],0,1,"[0.37965276877051146, 0.575157747726818]",1,-1
11111,[0.25376155 0.16328087],1,2,"[0.294379027732062, 0.1921773781634303]",0,0
11112,[0.412176   0.63226801],0,1,"[0.37965276877051146, 0.575157747726818]",1,-1
11113,[0.37381949 0.50452937],0,-1,-1,1,-1
11114,[0.24138348 0.22864269],1,2,"[0.294379027732062, 0.1921773781634303]",0,0
11115,[0.39067886 0.47167885],0,-1,-1,1,-1
11116,[0.66424315 0.56679415],3,3,"[0.6601234827680622, 0.6109507568947781]",1,-1
11117,[0.73135816 0.62869352],2,-1,-1,1,-1
11118,[0.23101918 0.11493301],1,-1,-1,0,0
11119,[0.5588076  0.60239921],3,-1,-1,1,-1
11120,[0.73048088 0.66741598],2,0,"[0.7890750777399501, 0.6799557517006445]",1,-1
11121,[0.30399846 0.23399751],1,2,"[0.294379027732062, 0.1921773781634303]",0,0
11122,[0.35494474 0.62018381],0,1,"[0.37965276877051146, 0.575157747726818]",1,-1
11123,[0.44665503 0.57479279],0,1,"[0.37965276877051146, 0.575157747726818]",1,-1
11124,[0.73115992 0.66765514],3,0,"[0.7890750777399501, 0.6799557517006445]",1,-1
11125,[0.69229253 0.64379206],3,3,"[0.6601234827680622, 0.6109507568947781]",1,-1
11126,[0.34127107 0.68915384],0,-1,-1,1,-1
11127,[0.7627312  0.74611219],2,-1,-1,1,-1
11128,[0.83578907 0.59564233],2,-1,-1,1,-1
11129,[0.78573783 0.68591313],2,0,"[0.7890750777399501, 0.6799557517006445]",1,-1
11130,[0.66917448 0.62432144],3,3,"[0.6601234827680622, 0.6109507568947781]",1,7
11131,[0.84607993 0.65192578],2,0,"[0.7890750777399501, 0.6799557517006445]",1,-1
11132,[0.7895138  0.65105705],2,0,"[0.7890750777399501, 0.6799557517006445]",1,-1
11133,[0.87208247 0.62784001],2,-1,-1,1,-1
11134,[0.6105001  0.60796905],3,3,"[0.6601234827680622, 0.6109507568947781]",1,-1
11135,[0.715936   0.58781712],3,3,"[0.6601234827680622, 0.6109507568947781]",1,-1
11136,[0.35288175 0.51809541],0,1,"[0.37965276877051146, 0.575157747726818]",1,-1
11137,[0.33560965 0.17264535],1,2,"[0.294379027732062, 0.1921773781634303]",0,0
11138,[0.72303058 0.71904258],3,-1,-1,1,-1
11139,[0.29500435 0.55812141],0,-1,-1,1,-1
11140,[0.79632355 0.66708638],2,0,"[0.7890750777399501, 0.6799557517006445]",1,4
11141,[0.65339568 0.70816283],3,-1,-1,1,-1
11142,[0.79981865 0.73501845],2,0,"[0.7890750777399501, 0.6799557517006445]",1,-1
11143,[0.74309319 0.76933935],2,-1,-1,1,-1
11144,[0.37162011 0.49764881],0,-1,-1,1,-1
11145,[0.52020779 0.54268277],0,-1,-1,1,-1
11146,[0.79653386 0.66476799],2,0,"[0.7890750777399501, 0.6799557517006445]",1,-1
11147,[0.22308781 0.11591045],1,-1,-1,0,0
11148,[0.30239146 0.27114703],1,-1,-1,0,0
11149,[0.29261757 0.21958903],1,2,"[0.294379027732062, 0.1921773781634303]",0,0
11150,[0.38600252 0.61751924],0,1,"[0.37965276877051146, 0.575157747726818]",1,-1
11151,[0.38003802 0.50889576],0,1,"[0.37965276877051146, 0.575157747726818]",1,-1
11152,[0.77184938 0.66260888],2,0,"[0.7890750777399501, 0.6799557517006445]",1,-1
11153,[0.75652176 0.65305393],2,0,"[0.7890750777399501, 0.6799557517006445]",1,-1
11154,[0.67911935 0.62630735],3,3,"[0.6601234827680622, 0.6109507568947781]",1,-1
11155,[0.61489293 0.56562194],3,3,"[0.6601234827680622, 0.6109507568947781]",1,-1
11156,[0.65479514 0.53316173],3,-1,-1,1,-1
11157,[0.39643917 0.67126595],0,-1,-1,1,-1
11158,[0.691457   0.64309729],3,3,"[0.6601234827680622, 0.6109507568947781]",1,-1
11159,[0.69408156 0.64086827],3,3,"[0.6601234827680622, 0.6109507568947781]",1,-1
11160,[0.65532595 0.53304418],3,-1,-1,1,-1
11161,[0.43535662 0.5658742 ],0,1,"[0.37965276877051146, 0.575157747726818]",1,-1
11162,[0.43175914 0.54267942],0,1,"[0.37965276877051146, 0.575157747726818]",1,-1
11163,[0.42257486 0.5552124 ],0,1,"[0.37965276877051146, 0.575157747726818]",1,-1
11164,[0.25968074 0.52894408],0,-1,-1,1,-1
11165,[0.33147798 0.48271468],0,-1,-1,1,-1
11166,[0.34545259 0.1771847 ],1,2,"[0.294379027732062, 0.1921773781634303]",0,0
11167,[0.69811742 0.6906977 ],3,-1,-1,1,-1
11168,[0.55463759 0.61906955],3,-1,-1,1,-1
11169,[0.75830354 0.72288478],2,0,"[0.7890750777399501, 0.6799557517006445]",1,-1
11170,[0.41991639 0.54715577],0,1,"[0.37965276877051146, 0.575157747726818]",1,-1
11171,[0.83801369 0.69622815],2,0,"[0.7890750777399501, 0.6799557517006445]",1,-1
11172,[0.22448255 0.22818725],1,-1,-1,0,0
11173,[0.72278245 0.66313831],3,0,"[0.7890750777399501, 0.6799557517006445]",1,-1
11174,[0.70584498 0.55260838],3,-1,-1,1,-1
11175,[0.63003017 0.63223583],3,3,"[0.6601234827680622, 0.6109507568947781]",1,-1
11176,[0.25640442 0.04349343],1,-1,-1,0,0
11177,[0.33481204 0.52625913],0,1,"[0.37965276877051146, 0.575157747726818]",1,-1
11178,[0.24512354 0.20050895],1,2,"[0.294379027732062, 0.1921773781634303]",0,0
11179,[0.70126209 0.55335644],3,-1,-1,1,-1
11180,[0.64937615 0.66426977],3,3,"[0.6601234827680622, 0.6109507568947781]",1,-1
11181,[0.67083248 0.69886173],3,-1,-1,1,-1
11182,[0.2158879  0.22031514],1,-1,-1,0,0
11183,[0.27298451 0.18085228],1,2,"[0.294379027732062, 0.1921773781634303]",0,0
11184,[0.77342045 0.72109787],2,0,"[0.7890750777399501, 0.6799557517006445]",1,-1
11185,[0.82356455 0.62098462],2,0,"[0.7890750777399501, 0.6799557517006445]",1,-1
11186,[0.84096511 0.73033921],2,-1,-1,1,-1
11187,[0.6237849 0.6609741],3,3,"[0.6601234827680622, 0.6109507568947781]",1,-1
11188,[0.30033972 0.16761304],1,2,"[0.294379027732062, 0.1921773781634303]",0,0
11189,[0.22306262 0.1889542 ],1,-1,-1,0,0
11190,[0.69949517 0.63763176],3,3,"[0.6601234827680622, 0.6109507568947781]",1,-1
11191,[0.69615613 0.73715126],2,-1,-1,1,-1
11192,[0.28701171 0.6344465 ],0,-1,-1,1,-1
11193,[0.34191251 0.25027736],1,-1,-1,0,0
11194,[0.6560125  0.71295731],2,-1,-1,1,-1
11195,[0.74426961 0.59449817],3,-1,-1,1,-1
11196,[0.75987733 0.65691198],2,0,"[0.7890750777399501, 0.6799557517006445]",1,3
11197,[0.80312264 0.58499046],2,-1,-1,1,-1
11198,[0.36207642 0.20004104],1,2,"[0.294379027732062, 0.1921773781634303]",0,0
11199,[0.36326032 0.29650016],1,-1,-1,0,0
11200,[0.33140654 0.56828242],0,1,"[0.37965276877051146, 0.575157747726818]",1,-1
11201,[0.33705543 0.31013915],1,-1,-1,0,0
11202,[0.60771367 0.65542113],3,3,"[0.6601234827680622, 0.6109507568947781]",1,-1
11203,[0.81782169 0.63916299],2,0,"[0.7890750777399501, 0.6799557517006445]",1,-1
11204,[0.38064675 0.51716368],0,1,"[0.37965276877051146, 0.575157747726818]",1,-1
11205,[0.75911361 0.65910173],2,0,"[0.7890750777399501, 0.6799557517006445]",1,3
11206,[0.38007465 0.28148777],1,-1,-1,0,0
11207,[0.39230965 0.64253956],0,1,"[0.37965276877051146, 0.575157747726818]",1,-1
11208,[0.74846732 0.69395861],2,0,"[0.7890750777399501, 0.6799557517006445]",1,-1
11209,[0.85180574 0.74364015],2,-1,-1,1,-1
11210,[0.61230775 0.6528388 ],3,3,"[0.6601234827680622, 0.6109507568947781]",1,-1
11211,[0.27535625 0.1550786 ],1,2,"[0.294379027732062, 0.1921773781634303]",0,0
11212,[0.61224376 0.59347171],3,3,"[0.6601234827680622, 0.6109507568947781]",1,-1
11213,[0.30239331 0.13642668],1,2,"[0.294379027732062, 0.1921773781634303]",0,0
11214,[0.6701633  0.62517649],3,3,"[0.6601234827680622, 0.6109507568947781]",1,7
11215,[0.23535394 0.27080845],1,-1,-1,0,0
11216,[0.75424354 0.6700429 ],2,0,"[0.7890750777399501, 0.6799557517006445]",1,-1
11217,[0.23700307 0.15063651],1,-1,-1,0,0
11218,[0.64770449 0.52276435],3,-1,-1,1,-1
11219,[0.30896545 0.14120293],1,2,"[0.294379027732062, 0.1921773781634303]",0,0
11220,[0.68368351 0.68477287],2,-1,-1,1,-1
11221,[0.38916311 0.63087501],0,1,"[0.37965276877051146, 0.575157747726818]",1,-1
11222,[0.76554162 0.62571066],2,0,"[0.7890750777399501, 0.6799557517006445]",1,-1
11223,[0.41244215 0.52725538],0,1,"[0.37965276877051146, 0.575157747726818]",1,-1
11224,[0.22213678 0.2070603 ],1,-1,-1,0,0
11225,[0.33925489 0.52026764],0,1,"[0.37965276877051146, 0.575157747726818]",1,-1
11226,[0.35322669 0.58793232],0,1,"[0.37965276877051146, 0.575157747726818]",1,-1
11227,[0.3651961  0.55875492],0,1,"[0.37965276877051146, 0.575157747726818]",1,1
11228,[0.63137055 0.517968  ],3,-1,-1,1,-1
11229,[0.24022413 0.15663891],1,2,"[0.294379027732062, 0.1921773781634303]",0,0
11230,[0.81186941 0.73460089],2,0,"[0.7890750777399501, 0.6799557517006445]",1,-1
11231,[0.74124435 0.51973865],3,-1,-1,1,-1
11232,[0.33878899 0.22075063],1,2,"[0.294379027732062, 0.1921773781634303]",0,0
11233,[0.57647739 0.62861144],3,-1,-1,1,-1
11234,[0.42217013 0.60764255],0,1,"[0.37965276877051146, 0.575157747726818]",1,-1
11235,[0.69069441 0.63107555],3,3,"[0.6601234827680622, 0.6109507568947781]",1,7
11236,[0.62106891 0.69325192],3,-1,-1,1,-1
11237,[0.33965751 0.25776323],1,-1,-1,0,0
11238,[0.78760933 0.66245075],2,0,"[0.7890750777399501, 0.6799557517006445]",1,-1
11239,[0.33558727 0.58872492],0,1,"[0.37965276877051146, 0.575157747726818]",1,-1
11240,[0.84746376 0.62296882],2,-1,-1,1,-1
11241,[0.68383291 0.74042102],3,-1,-1,1,-1
11242,[0.43472549 0.64077527],0,-1,-1,1,-1
11243,[0.33065731 0.48438221],0,-1,-1,1,-1
11244,[0.72232564 0.68827077],3,0,"[0.7890750777399501, 0.6799557517006445]",1,-1
11245,[0.33553939 0.66736629],0,-1,-1,1,-1
11246,[0.20931907 0.14770858],1,-1,-1,0,0
11247,[0.4417381  0.56427156],0,1,"[0.37965276877051146, 0.575157747726818]",1,-1
11248,[0.60245838 0.67315594],3,-1,-1,1,-1
11249,[0.60025812 0.55249506],3,-1,-1,1,-1
11250,[0.69509269 0.58624451],3,3,"[0.6601234827680622, 0.6109507568947781]",1,-1
11251,[0.29348013 0.18839158],1,2,"[0.294379027732062, 0.1921773781634303]",0,0
11252,[0.28330851 0.50528816],0,-1,-1,1,-1
11253,[0.35924507 0.60720059],0,1,"[0.37965276877051146, 0.575157747726818]",1,-1
11254,[0.6098831  0.61801552],3,3,"[0.6601234827680622, 0.6109507568947781]",1,-1
11255,[0.29985213 0.09810838],1,-1,-1,0,0
11256,[0.66578491 0.66409956],3,3,"[0.6601234827680622, 0.6109507568947781]",1,-1
11257,[0.76661798 0.718923  ],3,0,"[0.7890750777399501, 0.6799557517006445]",1,-1
11258,[0.36744065 0.2070706 ],1,-1,-1,0,0
11259,[0.82153873 0.69040572],2,0,"[0.7890750777399501, 0.6799557517006445]",1,-1
11260,[0.74134024 0.68745726],3,0,"[0.7890750777399501, 0.6799557517006445]",1,-1
11261,[0.29305016 0.17227845],1,2,"[0.294379027732062, 0.1921773781634303]",0,0
11262,[0.7649501  0.78436451],2,-1,-1,1,-1
11263,[0.85383332 0.75401132],2,-1,-1,1,-1
11264,[0.79335207 0.74300677],2,0,"[0.7890750777399501, 0.6799557517006445]",1,-1
11265,[0.68580492 0.59328188],2,3,"[0.6601234827680622, 0.6109507568947781]",1,-1
11266,[0.3626858  0.55027376],0,1,"[0.37965276877051146, 0.575157747726818]",1,1
11267,[0.77241953 0.73111759],2,0,"[0.7890750777399501, 0.6799557517006445]",1,-1
11268,[0.22447325 0.20633174],1,-1,-1,0,0
11269,[0.59019954 0.66769015],3,-1,-1,1,-1
11270,[0.66379705 0.60034524],3,3,"[0.6601234827680622, 0.6109507568947781]",1,-1
11271,[0.77419006 0.75144096],2,-1,-1,1,-1
11272,[0.68501856 0.60638902],3,3,"[0.6601234827680622, 0.6109507568947781]",1,5
11273,[0.76734897 0.65407449],3,0,"[0.7890750777399501, 0.6799557517006445]",1,-1
11274,[0.82456818 0.79094228],2,-1,-1,1,-1
11275,[0.79686434 0.74154386],2,0,"[0.7890750777399501, 0.6799557517006445]",1,-1
11276,[0.82165015 0.60948256],2,-1,-1,1,-1
11277,[0.38737163 0.60077399],0,1,"[0.37965276877051146, 0.575157747726818]",1,-1
11278,[0.42135425 0.59262927],0,1,"[0.37965276877051146, 0.575157747726818]",1,-1
11279,[0.39195197 0.45743177],0,-1,-1,1,-1
11280,[0.38662077 0.19125787],1,-1,-1,0,0
11281,[0.26922836 0.25838128],1,-1,-1,0,0
11282,[0.26080747 0.09788193],1,-1,-1,0,0
11283,[0.26174388 0.16555348],1,2,"[0.294379027732062, 0.1921773781634303]",0,0
11284,[0.69839058 0.54812659],3,-1,-1,1,-1
11285,[0.80811922 0.67310681],2,0,"[0.7890750777399501, 0.6799557517006445]",1,4
11286,[0.80768745 0.59232521],2,-1,-1,1,-1
11287,[0.28659467 0.18536265],1,2,"[0.294379027732062, 0.1921773781634303]",0,0
11288,[0.29168445 0.19727962],1,2,"[0.294379027732062, 0.1921773781634303]",0,0
11289,[0.84110056 0.76177086],2,-1,-1,1,-1
11290,[0.74226953 0.67337985],3,0,"[0.7890750777399501, 0.6799557517006445]",1,-1
11291,[0.67171611 0.58414537],3,3,"[0.6601234827680622, 0.6109507568947781]",1,-1
11292,[0.32604549 0.18770796],1,2,"[0.294379027732062, 0.1921773781634303]",0,0
11293,[0.77757735 0.7754852 ],2,-1,-1,1,-1
11294,[0.4327903  0.60550115],0,1,"[0.37965276877051146, 0.575157747726818]",1,-1
11295,[0.64400598 0.59331146],3,3,"[0.6601234827680622, 0.6109507568947781]",1,-1
11296,[0.85980695 0.66401427],2,-1,-1,1,-1
11297,[0.80405983 0.67891579],2,0,"[0.7890750777399501, 0.6799557517006445]",1,-1
11298,[0.77179271 0.81351895],2,-1,-1,1,-1
11299,[0.45521356 0.54148381],0,-1,-1,1,-1
11300,[0.47496557 0.58213374],0,-1,-1,1,-1
11301,[0.25506289 0.25518007],1,-1,-1,0,0
11302,[0.911173   0.63711893],2,-1,-1,1,-1
11303,[0.32681422 0.2019428 ],1,2,"[0.294379027732062, 0.1921773781634303]",0,0
11304,[0.20318218 0.18148127],1,-1,-1,0,0
11305,[0.81835291 0.67432915],2,0,"[0.7890750777399501, 0.6799557517006445]",1,-1
11306,[0.84065588 0.74926201],2,-1,-1,1,-1
11307,[0.3357687  0.63863089],0,-1,-1,1,-1
11308,[0.38517488 0.59885753],0,1,"[0.37965276877051146, 0.575157747726818]",1,-1
11309,[0.26832264 0.18576288],1,2,"[0.294379027732062, 0.1921773781634303]",0,0
11310,[0.32293349 0.51973442],0,-1,-1,1,-1
11311,[0.76662199 0.66234399],3,0,"[0.7890750777399501, 0.6799557517006445]",1,3
11312,[0.62459321 0.65034655],3,3,"[0.6601234827680622, 0.6109507568947781]",1,-1
11313,[0.60885731 0.5844708 ],3,3,"[0.6601234827680622, 0.6109507568947781]",1,-1
11314,[0.26290857 0.16708405],1,2,"[0.294379027732062, 0.1921773781634303]",0,0
11315,[0.41144631 0.59037481],0,1,"[0.37965276877051146, 0.575157747726818]",1,-1
11316,[0.28373942 0.24865646],1,2,"[0.294379027732062, 0.1921773781634303]",0,0
11317,[0.70497924 0.68346282],3,-1,-1,1,-1
11318,[0.81127514 0.73190975],2,0,"[0.7890750777399501, 0.6799557517006445]",1,-1
11319,[0.70068404 0.57827673],3,3,"[0.6601234827680622, 0.6109507568947781]",1,-1
11320,[0.27472749 0.17274973],1,2,"[0.294379027732062, 0.1921773781634303]",0,0
11321,[0.33179554 0.58663395],0,1,"[0.37965276877051146, 0.575157747726818]",1,-1
11322,[0.34617307 0.57275397],0,1,"[0.37965276877051146, 0.575157747726818]",1,-1
11323,[0.76373469 0.6472999 ],3,0,"[0.7890750777399501, 0.6799557517006445]",1,-1
11324,[0.28219552 0.61059491],0,-1,-1,1,-1
11325,[0.22825598 0.23331483],1,-1,-1,0,0
11326,[0.28261279 0.53876377],0,-1,-1,1,-1
11327,[0.79837024 0.63357187],2,0,"[0.7890750777399501, 0.6799557517006445]",1,-1
11328,[0.70268499 0.70061149],2,-1,-1,1,-1
11329,[0.46028489 0.57606162],0,-1,-1,1,-1
11330,[0.32503613 0.52972102],0,-1,-1,1,-1
11331,[0.70904249 0.66077869],3,3,"[0.6601234827680622, 0.6109507568947781]",1,-1
11332,[0.71637274 0.72117913],2,-1,-1,1,-1
11333,[0.66132706 0.63869232],3,3,"[0.6601234827680622, 0.6109507568947781]",1,-1
11334,[0.77530497 0.74090843],2,0,"[0.7890750777399501, 0.6799557517006445]",1,-1
11335,[0.32045625 0.22651743],1,2,"[0.294379027732062, 0.1921773781634303]",0,0
11336,[0.73012098 0.55584251],3,-1,-1,1,-1
11337,[0.75636461 0.69882498],2,0,"[0.7890750777399501, 0.6799557517006445]",1,-1
11338,[0.44817119 0.61265738],0,-1,-1,1,-1
11339,[0.38445598 0.53882884],0,1,"[0.37965276877051146, 0.575157747726818]",1,-1
11340,[0.74075935 0.7071908 ],2,0,"[0.7890750777399501, 0.6799557517006445]",1,-1
11341,[0.80436499 0.67944597],2,0,"[0.7890750777399501, 0.6799557517006445]",1,-1
11342,[0.38286962 0.21172865],1,-1,-1,0,0
11343,[0.66141046 0.59131073],3,3,"[0.6601234827680622, 0.6109507568947781]",1,-1
11344,[0.73238626 0.63046424],3,-1,-1,1,-1
11345,[0.76945096 0.66569775],2,0,"[0.7890750777399501, 0.6799557517006445]",1,-1
11346,[0.67697219 0.69614393],2,-1,-1,1,-1
11347,[0.40302251 0.19293692],1,-1,-1,0,0
11348,[0.63364309 0.56795644],3,3,"[0.6601234827680622, 0.6109507568947781]",1,-1
11349,[0.28373927 0.23213634],1,2,"[0.294379027732062, 0.1921773781634303]",0,0
11350,[0.69734766 0.5501271 ],3,-1,-1,1,-1
11351,[0.41042735 0.60511936],0,1,"[0.37965276877051146, 0.575157747726818]",1,-1
11352,[0.25651222 0.14927244],1,2,"[0.294379027732062, 0.1921773781634303]",0,0
11353,[0.73822486 0.65516343],2,0,"[0.7890750777399501, 0.6799557517006445]",1,-1
11354,[0.31456527 0.6316481 ],0,-1,-1,1,-1
11355,[0.81513623 0.70313164],2,0,"[0.7890750777399501, 0.6799557517006445]",1,-1
11356,[0.34973951 0.63439341],0,1,"[0.37965276877051146, 0.575157747726818]",1,-1
11357,[0.79099253 0.65304478],2,0,"[0.7890750777399501, 0.6799557517006445]",1,-1
11358,[0.31606894 0.16886089],1,2,"[0.294379027732062, 0.1921773781634303]",0,0
11359,[0.78217414 0.69462426],2,0,"[0.7890750777399501, 0.6799557517006445]",1,-1
11360,[0.25251208 0.19901517],1,2,"[0.294379027732062, 0.1921773781634303]",0,0
11361,[0.60802817 0.48259854],3,-1,-1,1,-1
11362,[0.43352807 0.54830287],0,1,"[0.37965276877051146, 0.575157747726818]",1,-1
11363,[0.42457209 0.56293521],0,1,"[0.37965276877051146, 0.575157747726818]",1,-1
11364,[0.41010701 0.53418413],0,1,"[0.37965276877051146, 0.575157747726818]",1,-1
11365,[0.32109715 0.16357659],1,2,"[0.294379027732062, 0.1921773781634303]",0,0
11366,[0.4936075  0.63977969],0,-1,-1,1,-1
11367,[0.26107451 0.23839325],1,2,"[0.294379027732062, 0.1921773781634303]",0,0
11368,[0.24307143 0.15064066],1,2,"[0.294379027732062, 0.1921773781634303]",0,0
11369,[0.86526262 0.59730378],2,-1,-1,1,-1
11370,[0.80834564 0.74000313],2,0,"[0.7890750777399501, 0.6799557517006445]",1,-1
11371,[0.58028573 0.57887181],3,-1,-1,1,-1
11372,[0.28408075 0.2097949 ],1,2,"[0.294379027732062, 0.1921773781634303]",0,0
11373,[0.64688889 0.55102948],3,3,"[0.6601234827680622, 0.6109507568947781]",1,-1
11374,[0.78607168 0.71911908],2,0,"[0.7890750777399501, 0.6799557517006445]",1,-1
11375,[0.63274704 0.59879456],3,3,"[0.6601234827680622, 0.6109507568947781]",1,-1
11376,[0.24334999 0.25525559],1,-1,-1,0,0
11377,[0.72955214 0.67738541],3,0,"[0.7890750777399501, 0.6799557517006445]",1,-1
11378,[0.34428072 0.54698305],0,1,"[0.37965276877051146, 0.575157747726818]",1,-1
11379,[0.27459299 0.13281981],1,2,"[0.294379027732062, 0.1921773781634303]",0,0
11380,[0.76431309 0.64717647],2,0,"[0.7890750777399501, 0.6799557517006445]",1,-1
11381,[0.319427  0.0854049],1,-1,-1,0,0
11382,[0.71492936 0.52088588],3,-1,-1,1,-1
11383,[0.32141476 0.47143869],0,-1,-1,1,-1
11384,[0.60857756 0.62314139],3,3,"[0.6601234827680622, 0.6109507568947781]",1,-1
11385,[0.79024504 0.61215737],2,0,"[0.7890750777399501, 0.6799557517006445]",1,-1
11386,[0.72172563 0.65295489],2,-1,-1,1,-1
11387,[0.22064625 0.31534631],1,-1,-1,0,0
11388,[0.63604103 0.59009347],3,3,"[0.6601234827680622, 0.6109507568947781]",1,-1
11389,[0.37161271 0.57388445],0,1,"[0.37965276877051146, 0.575157747726818]",1,1
11390,[0.39738865 0.56548483],0,1,"[0.37965276877051146, 0.575157747726818]",1,2
11391,[0.30685305 0.21392947],1,2,"[0.294379027732062, 0.1921773781634303]",0,0
11392,[0.40174346 0.59395347],0,1,"[0.37965276877051146, 0.575157747726818]",1,-1
11393,[0.26804989 0.23187788],1,2,"[0.294379027732062, 0.1921773781634303]",0,0
11394,[0.60082423 0.59365848],3,3,"[0.6601234827680622, 0.6109507568947781]",1,-1
11395,[0.81700298 0.7391965 ],2,0,"[0.7890750777399501, 0.6799557517006445]",1,-1
11396,[0.68315588 0.64983596],3,3,"[0.6601234827680622, 0.6109507568947781]",1,-1
11397,[0.77903935 0.66145422],2,0,"[0.7890750777399501, 0.6799557517006445]",1,3
11398,[0.57776751 0.51316112],3,-1,-1,1,-1
11399,[0.36360044 0.55501808],0,1,"[0.37965276877051146, 0.575157747726818]",1,-1
11400,[0.23516566 0.2627839 ],1,-1,-1,0,0
11401,[0.75638053 0.6013677 ],2,-1,-1,1,-1
11402,[0.74671668 0.61218786],2,-1,-1,1,-1
11403,[0.33928129 0.24058745],1,2,"[0.294379027732062, 0.1921773781634303]",0,0
11404,[0.37615187 0.5303685 ],0,1,"[0.37965276877051146, 0.575157747726818]",1,-1
11405,[0.65255269 0.59916721],3,3,"[0.6601234827680622, 0.6109507568947781]",1,-1
11406,[0.41251761 0.60014613],0,1,"[0.37965276877051146, 0.575157747726818]",1,-1
11407,[0.39346796 0.65936748],0,-1,-1,1,-1
11408,[0.64011972 0.62060673],3,3,"[0.6601234827680622, 0.6109507568947781]",1,6
11409,[0.34778006 0.27140098],1,-1,-1,0,0
11410,[0.81120567 0.65060807],2,0,"[0.7890750777399501, 0.6799557517006445]",1,-1
11411,[0.416945   0.54889377],0,1,"[0.37965276877051146, 0.575157747726818]",1,-1
11412,[0.77248209 0.70748205],2,0,"[0.7890750777399501, 0.6799557517006445]",1,-1
11413,[0.4064515 0.2161055],1,-1,-1,0,0
11414,[0.76650732 0.74120796],2,0,"[0.7890750777399501, 0.6799557517006445]",1,-1
11415,[0.41376968 0.52024692],0,1,"[0.37965276877051146, 0.575157747726818]",1,-1
11416,[0.6240127  0.62805789],3,3,"[0.6601234827680622, 0.6109507568947781]",1,-1
11417,[0.69787089 0.50901258],3,-1,-1,1,-1
11418,[0.28255299 0.21659868],1,2,"[0.294379027732062, 0.1921773781634303]",0,0
11419,[0.71430523 0.66457456],2,-1,-1,1,-1
11420,[0.42465664 0.58505822],0,1,"[0.37965276877051146, 0.575157747726818]",1,-1
11421,[0.8059092  0.72257425],2,0,"[0.7890750777399501, 0.6799557517006445]",1,-1
11422,[0.68430634 0.58859359],3,3,"[0.6601234827680622, 0.6109507568947781]",1,-1
11423,[0.39947455 0.63329923],0,1,"[0.37965276877051146, 0.575157747726818]",1,-1
11424,[0.75200555 0.70184693],2,0,"[0.7890750777399501, 0.6799557517006445]",1,-1
11425,[0.69399176 0.59706357],2,3,"[0.6601234827680622, 0.6109507568947781]",1,-1
11426,[0.30853536 0.06514291],1,-1,-1,0,0
11427,[0.29679564 0.20269073],1,2,"[0.294379027732062, 0.1921773781634303]",0,0
11428,[0.3171023 0.1903677],1,2,"[0.294379027732062, 0.1921773781634303]",0,0
11429,[0.68152725 0.60772164],3,3,"[0.6601234827680622, 0.6109507568947781]",1,5
11430,[0.43317035 0.59560217],0,1,"[0.37965276877051146, 0.575157747726818]",1,-1
11431,[0.28101223 0.1950716 ],1,2,"[0.294379027732062, 0.1921773781634303]",0,0
11432,[0.41595894 0.65642613],0,-1,-1,1,-1
11433,[0.30022047 0.2342178 ],1,2,"[0.294379027732062, 0.1921773781634303]",0,0
11434,[0.3687209  0.21372359],1,-1,-1,0,0
11435,[0.37561807 0.43458284],0,-1,-1,1,-1
11436,[0.79021234 0.64745437],2,0,"[0.7890750777399501, 0.6799557517006445]",1,-1
11437,[0.36294294 0.48863899],0,-1,-1,1,-1
11438,[0.2806624  0.21905303],1,2,"[0.294379027732062, 0.1921773781634303]",0,0
11439,[0.43330129 0.56834741],0,1,"[0.37965276877051146, 0.575157747726818]",1,-1
11440,[0.64451364 0.63932055],3,3,"[0.6601234827680622, 0.6109507568947781]",1,-1
11441,[0.36652052 0.47127563],0,-1,-1,1,-1
11442,[0.61772722 0.63454636],3,3,"[0.6601234827680622, 0.6109507568947781]",1,-1
11443,[0.25662595 0.19633819],1,2,"[0.294379027732062, 0.1921773781634303]",0,0
11444,[0.37623251 0.59440382],0,1,"[0.37965276877051146, 0.575157747726818]",1,-1
11445,[0.72886357 0.54398914],3,-1,-1,1,-1
11446,[0.72938606 0.55630445],3,-1,-1,1,-1
11447,[0.69354146 0.65988178],3,3,"[0.6601234827680622, 0.6109507568947781]",1,-1
11448,[0.31901584 0.14573685],1,2,"[0.294379027732062, 0.1921773781634303]",0,0
11449,[0.58637442 0.64716691],3,-1,-1,1,-1
11450,[0.74249443 0.76485352],2,-1,-1,1,-1
11451,[0.26820592 0.13422016],1,2,"[0.294379027732062, 0.1921773781634303]",0,0
11452,[0.72436886 0.60449304],2,3,"[0.6601234827680622, 0.6109507568947781]",1,-1
11453,[0.2707573  0.19058668],1,2,"[0.294379027732062, 0.1921773781634303]",0,0
11454,[0.78312277 0.72305563],2,0,"[0.7890750777399501, 0.6799557517006445]",1,-1
11455,[0.38610125 0.61245591],0,1,"[0.37965276877051146, 0.575157747726818]",1,-1
11456,[0.6608597 0.5969839],3,3,"[0.6601234827680622, 0.6109507568947781]",1,6
11457,[0.26694601 0.22211544],1,2,"[0.294379027732062, 0.1921773781634303]",0,0
11458,[0.25019344 0.15120717],1,2,"[0.294379027732062, 0.1921773781634303]",0,0
11459,[0.75742106 0.72389676],2,0,"[0.7890750777399501, 0.6799557517006445]",1,-1
11460,[0.45739306 0.59699056],0,-1,-1,1,-1
11461,[0.39418579 0.54419433],0,1,"[0.37965276877051146, 0.575157747726818]",1,-1
11462,[0.63851778 0.63483444],3,3,"[0.6601234827680622, 0.6109507568947781]",1,-1
11463,[0.28273758 0.18978652],1,2,"[0.294379027732062, 0.1921773781634303]",0,0
11464,[0.7660735  0.70893694],2,0,"[0.7890750777399501, 0.6799557517006445]",1,-1
11465,[0.79571158 0.64352201],2,0,"[0.7890750777399501, 0.6799557517006445]",1,-1
11466,[0.74248595 0.61638831],3,-1,-1,1,-1
11467,[0.39080378 0.59855175],0,1,"[0.37965276877051146, 0.575157747726818]",1,-1
11468,[0.31044859 0.26996868],1,-1,-1,0,0
11469,[0.86932243 0.62687805],2,-1,-1,1,-1
11470,[0.38732507 0.57648671],0,1,"[0.37965276877051146, 0.575157747726818]",1,-1
11471,[0.67530053 0.64795684],3,3,"[0.6601234827680622, 0.6109507568947781]",1,-1
11472,[0.48742899 0.59907846],0,-1,-1,1,-1
11473,[0.67281419 0.62777648],3,3,"[0.6601234827680622, 0.6109507568947781]",1,-1
11474,[0.3129953  0.18353566],1,2,"[0.294379027732062, 0.1921773781634303]",0,0
11475,[0.74766499 0.78982599],2,-1,-1,1,-1
11476,[0.24951754 0.28585295],1,-1,-1,0,0
11477,[0.57933722 0.64065258],3,-1,-1,1,-1
11478,[0.46533698 0.58996733],0,-1,-1,1,-1
11479,[0.81743534 0.68999108],2,0,"[0.7890750777399501, 0.6799557517006445]",1,4
11480,[0.33742999 0.57839037],0,1,"[0.37965276877051146, 0.575157747726818]",1,-1
11481,[0.9378859  0.62561163],2,-1,-1,1,-1
11482,[0.75244908 0.59666411],3,-1,-1,1,-1
11483,[0.26066408 0.16604315],1,2,"[0.294379027732062, 0.1921773781634303]",0,0
11484,[0.78800207 0.57617703],2,-1,-1,1,-1
11485,[0.34829269 0.74190764],0,-1,-1,1,-1
11486,[0.84583745 0.72613763],2,-1,-1,1,-1
11487,[0.28885352 0.16928602],1,2,"[0.294379027732062, 0.1921773781634303]",0,0
11488,[0.32254802 0.10659058],1,-1,-1,0,0
11489,[0.824858   0.69948852],2,0,"[0.7890750777399501, 0.6799557517006445]",1,-1
11490,[0.67127592 0.58198233],3,3,"[0.6601234827680622, 0.6109507568947781]",1,-1
11491,[0.35394405 0.2093048 ],1,2,"[0.294379027732062, 0.1921773781634303]",0,0
11492,[0.24911405 0.13856781],1,-1,-1,0,0
11493,[0.67811314 0.64426013],3,3,"[0.6601234827680622, 0.6109507568947781]",1,-1
11494,[0.25480307 0.23292047],1,2,"[0.294379027732062, 0.1921773781634303]",0,0
11495,[0.84959181 0.70759236],2,0,"[0.7890750777399501, 0.6799557517006445]",1,-1
11496,[0.65205295 0.6467787 ],3,3,"[0.6601234827680622, 0.6109507568947781]",1,-1
11497,[0.6420513  0.62158737],3,3,"[0.6601234827680622, 0.6109507568947781]",1,-1
11498,[0.82624389 0.6747949 ],2,0,"[0.7890750777399501, 0.6799557517006445]",1,-1
11499,[0.70011159 0.66479009],3,3,"[0.6601234827680622, 0.6109507568947781]",1,-1
11500,[0.58133403 0.7210274 ],3,-1,-1,1,-1
11501,[0.83448323 0.62568684],2,-1,-1,1,-1
11502,[0.30831835 0.60120092],0,-1,-1,1,-1
11503,[0.74535716 0.58026108],2,-1,-1,1,-1
11504,[0.69280028 0.66002432],3,3,"[0.6601234827680622, 0.6109507568947781]",1,-1
11505,[0.22762573 0.16701862],1,-1,-1,0,0
11506,[0.68202146 0.61629138],3,3,"[0.6601234827680622, 0.6109507568947781]",1,5
11507,[0.78608969 0.62451808],2,0,"[0.7890750777399501, 0.6799557517006445]",1,-1
11508,[0.84427921 0.64807288],2,0,"[0.7890750777399501, 0.6799557517006445]",1,-1
11509,[0.78313397 0.72939859],2,0,"[0.7890750777399501, 0.6799557517006445]",1,-1
11510,[0.68083325 0.61873224],3,3,"[0.6601234827680622, 0.6109507568947781]",1,-1
11511,[0.26603062 0.18914278],1,2,"[0.294379027732062, 0.1921773781634303]",0,0
11512,[0.26629929 0.17525693],1,2,"[0.294379027732062, 0.1921773781634303]",0,0
11513,[0.70716124 0.50954074],3,-1,-1,1,-1
11514,[0.70932548 0.60879355],3,3,"[0.6601234827680622, 0.6109507568947781]",1,-1
11515,[0.37369233 0.53708407],0,1,"[0.37965276877051146, 0.575157747726818]",1,-1
11516,[0.20859852 0.14157336],1,-1,-1,0,0
11517,[0.3773414  0.53639667],0,1,"[0.37965276877051146, 0.575157747726818]",1,-1
11518,[0.7901869  0.71288894],2,0,"[0.7890750777399501, 0.6799557517006445]",1,-1
11519,[0.70389948 0.75665334],2,-1,-1,1,-1
11520,[0.70465798 0.68135297],2,-1,-1,1,-1
11521,[0.6429832  0.61566781],3,3,"[0.6601234827680622, 0.6109507568947781]",1,-1
11522,[0.27984041 0.26094771],1,-1,-1,0,0
11523,[0.33735781 0.59868513],0,1,"[0.37965276877051146, 0.575157747726818]",1,-1
11524,[0.87506691 0.63313112],2,-1,-1,1,-1
11525,[0.80165663 0.60506131],2,-1,-1,1,-1
11526,[0.27408114 0.18605509],1,2,"[0.294379027732062, 0.1921773781634303]",0,0
11527,[0.39041899 0.52379843],0,1,"[0.37965276877051146, 0.575157747726818]",1,-1
11528,[0.36529061 0.11233868],1,-1,-1,0,0
11529,[0.3439921  0.55694811],0,1,"[0.37965276877051146, 0.575157747726818]",1,-1
11530,[0.71923634 0.64235853],2,3,"[0.6601234827680622, 0.6109507568947781]",1,-1
11531,[0.29955528 0.2178844 ],1,2,"[0.294379027732062, 0.1921773781634303]",0,0
11532,[0.67191495 0.53986752],3,-1,-1,1,-1
11533,[0.31140005 0.50094624],0,-1,-1,1,-1
11534,[0.74594043 0.70924679],2,0,"[0.7890750777399501, 0.6799557517006445]",1,-1
11535,[0.30372497 0.15938147],1,2,"[0.294379027732062, 0.1921773781634303]",0,0
11536,[0.27952885 0.28340389],1,-1,-1,0,0
11537,[0.44210972 0.61324582],0,-1,-1,1,-1
11538,[0.32765375 0.5754391 ],0,1,"[0.37965276877051146, 0.575157747726818]",1,-1
11539,[0.80350516 0.64345769],2,0,"[0.7890750777399501, 0.6799557517006445]",1,-1
11540,[0.81998807 0.62374673],2,0,"[0.7890750777399501, 0.6799557517006445]",1,-1
11541,[0.38856579 0.55722547],0,1,"[0.37965276877051146, 0.575157747726818]",1,-1
11542,[0.43046354 0.55992033],0,1,"[0.37965276877051146, 0.575157747726818]",1,-1
11543,[0.38083871 0.54851972],0,1,"[0.37965276877051146, 0.575157747726818]",1,-1
11544,[0.86124813 0.71680325],2,-1,-1,1,-1
11545,[0.81172686 0.54068373],2,-1,-1,1,-1
11546,[0.35645072 0.47825538],0,-1,-1,1,-1
11547,[0.64003317 0.63540307],3,3,"[0.6601234827680622, 0.6109507568947781]",1,-1
11548,[0.46422351 0.66490758],0,-1,-1,1,-1
11549,[0.35986952 0.48895411],0,-1,-1,1,-1
11550,[0.32551949 0.53881257],0,1,"[0.37965276877051146, 0.575157747726818]",1,-1
11551,[0.30913148 0.11357937],1,-1,-1,0,0
11552,[0.39840554 0.48301266],0,-1,-1,1,-1
11553,[0.76049927 0.70920345],2,0,"[0.7890750777399501, 0.6799557517006445]",1,-1
11554,[0.62209646 0.60660564],3,3,"[0.6601234827680622, 0.6109507568947781]",1,-1
11555,[0.69331135 0.60104234],2,3,"[0.6601234827680622, 0.6109507568947781]",1,-1
11556,[0.22546398 0.19315395],1,2,"[0.294379027732062, 0.1921773781634303]",0,0
11557,[0.82038017 0.70524237],2,0,"[0.7890750777399501, 0.6799557517006445]",1,-1
11558,[0.64861251 0.65912339],3,3,"[0.6601234827680622, 0.6109507568947781]",1,-1
11559,[0.65560527 0.62186387],3,3,"[0.6601234827680622, 0.6109507568947781]",1,7
11560,[0.31291719 0.56554096],0,1,"[0.37965276877051146, 0.575157747726818]",1,-1
11561,[0.67789818 0.62528249],3,3,"[0.6601234827680622, 0.6109507568947781]",1,7
11562,[0.72876393 0.55622327],3,-1,-1,1,-1
11563,[0.82654106 0.72702761],2,0,"[0.7890750777399501, 0.6799557517006445]",1,-1
11564,[0.34137639 0.62057477],0,1,"[0.37965276877051146, 0.575157747726818]",1,-1
11565,[0.55099149 0.61300465],3,-1,-1,1,-1
11566,[0.36766923 0.61122413],0,1,"[0.37965276877051146, 0.575157747726818]",1,-1
11567,[0.24359059 0.17077325],1,2,"[0.294379027732062, 0.1921773781634303]",0,0
11568,[0.86243712 0.68604297],2,-1,-1,1,-1
11569,[0.34030644 0.18306202],1,2,"[0.294379027732062, 0.1921773781634303]",0,0
11570,[0.64628691 0.66662516],3,3,"[0.6601234827680622, 0.6109507568947781]",1,-1
11571,[0.42791978 0.60960923],0,1,"[0.37965276877051146, 0.575157747726818]",1,-1
11572,[0.33386924 0.18101003],1,2,"[0.294379027732062, 0.1921773781634303]",0,0
11573,[0.80927414 0.65648881],2,0,"[0.7890750777399501, 0.6799557517006445]",1,-1
11574,[0.79141876 0.59270926],2,-1,-1,1,-1
11575,[0.62138143 0.58087751],3,3,"[0.6601234827680622, 0.6109507568947781]",1,-1
11576,[0.37910641 0.55457567],0,1,"[0.37965276877051146, 0.575157747726818]",1,-1
11577,[0.78338263 0.68256488],2,0,"[0.7890750777399501, 0.6799557517006445]",1,-1
11578,[0.86805609 0.78538994],2,-1,-1,1,-1
11579,[0.6674346 0.7098831],3,-1,-1,1,-1
11580,[0.36535779 0.54832181],0,1,"[0.37965276877051146, 0.575157747726818]",1,-1
11581,[0.41119303 0.15118749],1,-1,-1,0,0
11582,[0.78885805 0.66141328],2,0,"[0.7890750777399501, 0.6799557517006445]",1,-1
11583,[0.73239444 0.68660637],3,0,"[0.7890750777399501, 0.6799557517006445]",1,-1
11584,[0.68991287 0.66884174],2,3,"[0.6601234827680622, 0.6109507568947781]",1,-1
11585,[0.80358255 0.65798803],2,0,"[0.7890750777399501, 0.6799557517006445]",1,-1
11586,[0.34080466 0.07851915],1,-1,-1,0,0
11587,[0.59139722 0.57319232],3,-1,-1,1,-1
11588,[0.77935872 0.66876606],2,0,"[0.7890750777399501, 0.6799557517006445]",1,3
11589,[0.40422288 0.52143082],0,1,"[0.37965276877051146, 0.575157747726818]",1,-1
11590,[0.78758415 0.67768176],2,0,"[0.7890750777399501, 0.6799557517006445]",1,4
11591,[0.70514359 0.74864487],2,-1,-1,1,-1
11592,[0.38774202 0.59100104],0,1,"[0.37965276877051146, 0.575157747726818]",1,-1
11593,[0.33220039 0.55376688],0,1,"[0.37965276877051146, 0.575157747726818]",1,-1
11594,[0.29222436 0.15167244],1,2,"[0.294379027732062, 0.1921773781634303]",0,0
11595,[0.3547412  0.56886942],0,1,"[0.37965276877051146, 0.575157747726818]",1,-1
11596,[0.76862188 0.49760403],3,-1,-1,1,-1
11597,[0.66828343 0.67504693],3,3,"[0.6601234827680622, 0.6109507568947781]",1,-1
11598,[0.28090187 0.2136341 ],1,2,"[0.294379027732062, 0.1921773781634303]",0,0
11599,[0.80391483 0.66150611],2,0,"[0.7890750777399501, 0.6799557517006445]",1,-1
11600,[0.37968258 0.61829506],0,1,"[0.37965276877051146, 0.575157747726818]",1,-1
11601,[0.70582307 0.68251335],3,-1,-1,1,-1
11602,[0.24797936 0.1729444 ],1,2,"[0.294379027732062, 0.1921773781634303]",0,0
11603,[0.87372122 0.66033387],2,-1,-1,1,-1
11604,[0.65613034 0.60107481],3,3,"[0.6601234827680622, 0.6109507568947781]",1,6
11605,[0.31126083 0.13042438],1,2,"[0.294379027732062, 0.1921773781634303]",0,0
11606,[0.33872744 0.57505177],0,1,"[0.37965276877051146, 0.575157747726818]",1,-1
11607,[0.78831043 0.66208888],2,0,"[0.7890750777399501, 0.6799557517006445]",1,-1
11608,[0.76339295 0.68314137],2,0,"[0.7890750777399501, 0.6799557517006445]",1,-1
11609,[0.7440586  0.70511414],2,0,"[0.7890750777399501, 0.6799557517006445]",1,-1
11610,[0.27346611 0.14240429],1,2,"[0.294379027732062, 0.1921773781634303]",0,0
11611,[0.73308061 0.69747116],2,0,"[0.7890750777399501, 0.6799557517006445]",1,-1
11612,[0.63546482 0.70015414],3,-1,-1,1,-1
11613,[0.65168984 0.70113777],3,-1,-1,1,-1
11614,[0.26631081 0.29138446],1,-1,-1,0,0
11615,[0.43646574 0.54023965],0,1,"[0.37965276877051146, 0.575157747726818]",1,-1
11616,[0.66954479 0.64710019],3,3,"[0.6601234827680622, 0.6109507568947781]",1,-1
11617,[0.41063907 0.59159924],0,1,"[0.37965276877051146, 0.575157747726818]",1,-1
11618,[0.64310665 0.59584577],3,3,"[0.6601234827680622, 0.6109507568947781]",1,-1
11619,[0.65986592 0.65105737],3,3,"[0.6601234827680622, 0.6109507568947781]",1,-1
11620,[0.26209803 0.18195321],1,2,"[0.294379027732062, 0.1921773781634303]",0,0
11621,[0.70625611 0.56754764],3,3,"[0.6601234827680622, 0.6109507568947781]",1,-1
11622,[0.65665403 0.58317969],3,3,"[0.6601234827680622, 0.6109507568947781]",1,-1
11623,[0.34383579 0.59755659],0,1,"[0.37965276877051146, 0.575157747726818]",1,-1
11624,[0.33429533 0.27700646],1,-1,-1,0,0
11625,[0.46169554 0.57704404],0,-1,-1,1,-1
11626,[0.66128458 0.63503366],3,3,"[0.6601234827680622, 0.6109507568947781]",1,-1
11627,[0.62097799 0.62364036],3,3,"[0.6601234827680622, 0.6109507568947781]",1,-1
11628,[0.86666445 0.70001275],2,-1,-1,1,-1
11629,[0.73640971 0.63350278],2,-1,-1,1,-1
11630,[0.74667684 0.69980783],2,0,"[0.7890750777399501, 0.6799557517006445]",1,-1
11631,[0.80366467 0.70515867],2,0,"[0.7890750777399501, 0.6799557517006445]",1,-1
11632,[0.30576984 0.24628952],1,2,"[0.294379027732062, 0.1921773781634303]",0,0
11633,[0.2367363  0.20363895],1,2,"[0.294379027732062, 0.1921773781634303]",0,0
11634,[0.42793607 0.56338792],0,1,"[0.37965276877051146, 0.575157747726818]",1,-1
11635,[0.29810359 0.57573837],0,-1,-1,1,-1
11636,[0.87603957 0.69357082],2,-1,-1,1,-1
11637,[0.78086471 0.70704057],2,0,"[0.7890750777399501, 0.6799557517006445]",1,-1
11638,[0.69647962 0.66098361],3,3,"[0.6601234827680622, 0.6109507568947781]",1,-1
11639,[0.32329209 0.27643814],1,-1,-1,0,0
11640,[0.8615222  0.68471166],2,-1,-1,1,-1
11641,[0.65504639 0.5877274 ],3,3,"[0.6601234827680622, 0.6109507568947781]",1,-1
11642,[0.69150208 0.60258752],3,3,"[0.6601234827680622, 0.6109507568947781]",1,-1
11643,[0.41146735 0.57598229],0,1,"[0.37965276877051146, 0.575157747726818]",1,2
11644,[0.76305454 0.61875903],2,0,"[0.7890750777399501, 0.6799557517006445]",1,-1
11645,[0.32015928 0.54168638],0,1,"[0.37965276877051146, 0.575157747726818]",1,-1
11646,[0.42519298 0.68187387],0,-1,-1,1,-1
11647,[0.71730414 0.65326435],3,-1,-1,1,-1
11648,[0.30114583 0.18951496],1,2,"[0.294379027732062, 0.1921773781634303]",0,0
11649,[0.45133644 0.56276542],0,-1,-1,1,-1
11650,[0.86379159 0.74128434],2,-1,-1,1,-1
11651,[0.86136415 0.68999997],2,-1,-1,1,-1
11652,[0.2684313  0.55002591],0,-1,-1,1,-1
11653,[0.78261219 0.65074026],2,0,"[0.7890750777399501, 0.6799557517006445]",1,-1
11654,[0.29828565 0.26637801],1,-1,-1,0,0
11655,[0.58800768 0.62224273],3,-1,-1,1,-1
11656,[0.28967955 0.17505864],1,2,"[0.294379027732062, 0.1921773781634303]",0,0
11657,[0.27983507 0.23558582],1,2,"[0.294379027732062, 0.1921773781634303]",0,0
11658,[0.76744306 0.69336716],2,0,"[0.7890750777399501, 0.6799557517006445]",1,-1
11659,[0.83775208 0.75601156],2,-1,-1,1,-1
11660,[0.2938224  0.17507552],1,2,"[0.294379027732062, 0.1921773781634303]",0,0
11661,[0.65030529 0.65236512],3,3,"[0.6601234827680622, 0.6109507568947781]",1,-1
11662,[0.38418543 0.59395577],0,1,"[0.37965276877051146, 0.575157747726818]",1,-1
11663,[0.42591435 0.6194638 ],0,1,"[0.37965276877051146, 0.575157747726818]",1,-1
11664,[0.76170301 0.54105986],3,-1,-1,1,-1
11665,[0.76296306 0.6805923 ],2,0,"[0.7890750777399501, 0.6799557517006445]",1,-1
11666,[0.77645084 0.64832181],2,0,"[0.7890750777399501, 0.6799557517006445]",1,-1
11667,[0.27909091 0.60013712],0,-1,-1,1,-1
11668,[0.80587312 0.58993974],2,-1,-1,1,-1
11669,[0.35877387 0.62290597],0,1,"[0.37965276877051146, 0.575157747726818]",1,-1
11670,[0.69950704 0.70505267],2,-1,-1,1,-1
11671,[0.74722439 0.60865477],2,-1,-1,1,-1
11672,[0.4675845  0.51299975],0,-1,-1,1,-1
11673,[0.81496243 0.73094196],2,0,"[0.7890750777399501, 0.6799557517006445]",1,-1
11674,[0.76953215 0.64205537],2,0,"[0.7890750777399501, 0.6799557517006445]",1,-1
11675,[0.81322258 0.69807818],2,0,"[0.7890750777399501, 0.6799557517006445]",1,-1
11676,[0.73498712 0.66614076],2,0,"[0.7890750777399501, 0.6799557517006445]",1,-1
11677,[0.38375819 0.6468054 ],0,-1,-1,1,-1
11678,[0.80491858 0.66923767],2,0,"[0.7890750777399501, 0.6799557517006445]",1,-1
11679,[0.45564671 0.62268387],0,-1,-1,1,-1
11680,[0.32797379 0.12445325],1,-1,-1,0,0
11681,[0.80842862 0.72201698],2,0,"[0.7890750777399501, 0.6799557517006445]",1,-1
11682,[0.74654541 0.66957407],2,0,"[0.7890750777399501, 0.6799557517006445]",1,-1
11683,[0.29412294 0.58831165],0,-1,-1,1,-1
11684,[0.32264299 0.25333972],1,2,"[0.294379027732062, 0.1921773781634303]",0,0
11685,[0.59302766 0.64066741],3,-1,-1,1,-1
11686,[0.63382338 0.55873648],3,3,"[0.6601234827680622, 0.6109507568947781]",1,-1
11687,[0.318506   0.22726557],1,2,"[0.294379027732062, 0.1921773781634303]",0,0
11688,[0.77733992 0.61101233],3,0,"[0.7890750777399501, 0.6799557517006445]",1,-1
11689,[0.60089195 0.6688664 ],3,-1,-1,1,-1
11690,[0.46570724 0.70818199],0,-1,-1,1,-1
11691,[0.79871685 0.67972184],2,0,"[0.7890750777399501, 0.6799557517006445]",1,-1
11692,[0.77005241 0.6430394 ],2,0,"[0.7890750777399501, 0.6799557517006445]",1,-1
11693,[0.35008612 0.66136564],0,-1,-1,1,-1
11694,[0.51412076 0.58950354],0,-1,-1,1,-1
11695,[0.77835019 0.65958483],2,0,"[0.7890750777399501, 0.6799557517006445]",1,-1
11696,[0.64846253 0.68709921],3,-1,-1,1,-1
11697,[0.66225032 0.6644211 ],3,3,"[0.6601234827680622, 0.6109507568947781]",1,-1
11698,[0.72841106 0.53328709],3,-1,-1,1,-1
11699,[0.25322423 0.22757185],1,2,"[0.294379027732062, 0.1921773781634303]",0,0
11700,[0.83145028 0.74748423],2,-1,-1,1,-1
11701,[0.4418318  0.55886886],0,1,"[0.37965276877051146, 0.575157747726818]",1,-1
11702,[0.62350786 0.55741788],3,3,"[0.6601234827680622, 0.6109507568947781]",1,-1
11703,[0.69032707 0.65288336],3,3,"[0.6601234827680622, 0.6109507568947781]",1,-1
11704,[0.62208982 0.55589029],3,3,"[0.6601234827680622, 0.6109507568947781]",1,-1
11705,[0.37763974 0.57581104],0,1,"[0.37965276877051146, 0.575157747726818]",1,1
11706,[0.27032757 0.25433161],1,2,"[0.294379027732062, 0.1921773781634303]",0,0
11707,[0.26259481 0.12251691],1,-1,-1,0,0
11708,[0.44765442 0.55099498],0,-1,-1,1,-1
11709,[0.84743183 0.68182548],2,0,"[0.7890750777399501, 0.6799557517006445]",1,-1
11710,[0.34213963 0.60079437],0,1,"[0.37965276877051146, 0.575157747726818]",1,-1
11711,[0.64893728 0.52856967],3,-1,-1,1,-1
11712,[0.33182602 0.18742763],1,2,"[0.294379027732062, 0.1921773781634303]",0,0
11713,[0.70134873 0.61292146],3,3,"[0.6601234827680622, 0.6109507568947781]",1,-1
11714,[0.79363239 0.69267596],2,0,"[0.7890750777399501, 0.6799557517006445]",1,-1
11715,[0.3359646  0.56517998],0,1,"[0.37965276877051146, 0.575157747726818]",1,-1
11716,[0.35310032 0.15150079],1,-1,-1,0,0
11717,[0.2280101  0.10450834],1,-1,-1,0,0
11718,[0.74881194 0.6393486 ],2,0,"[0.7890750777399501, 0.6799557517006445]",1,-1
11719,[0.79263061 0.64996848],2,0,"[0.7890750777399501, 0.6799557517006445]",1,-1
11720,[0.84047809 0.73645829],2,-1,-1,1,-1
11721,[0.75593696 0.6194602 ],3,0,"[0.7890750777399501, 0.6799557517006445]",1,-1
11722,[0.79871646 0.66673052],2,0,"[0.7890750777399501, 0.6799557517006445]",1,4
11723,[0.30757019 0.19758655],1,2,"[0.294379027732062, 0.1921773781634303]",0,0
11724,[0.68522333 0.74116658],2,-1,-1,1,-1
11725,[0.38314656 0.58652153],0,1,"[0.37965276877051146, 0.575157747726818]",1,-1
11726,[0.31120003 0.47680863],0,-1,-1,1,-1
11727,[0.32098828 0.59991287],0,1,"[0.37965276877051146, 0.575157747726818]",1,-1
11728,[0.37511915 0.64798062],0,-1,-1,1,-1
11729,[0.58507775 0.60635274],3,-1,-1,1,-1
11730,[0.62271258 0.57288261],3,3,"[0.6601234827680622, 0.6109507568947781]",1,-1
11731,[0.13782933 0.16525281],1,-1,-1,0,0
11732,[0.67774933 0.60216285],3,3,"[0.6601234827680622, 0.6109507568947781]",1,5
11733,[0.69902651 0.63199033],3,3,"[0.6601234827680622, 0.6109507568947781]",1,-1
11734,[0.55740362 0.57051619],3,-1,-1,1,-1
11735,[0.8759892  0.69062552],2,-1,-1,1,-1
11736,[0.80791361 0.71547644],2,0,"[0.7890750777399501, 0.6799557517006445]",1,-1
11737,[0.76197642 0.65748505],2,0,"[0.7890750777399501, 0.6799557517006445]",1,3
11738,[0.74751386 0.68503767],2,0,"[0.7890750777399501, 0.6799557517006445]",1,-1
11739,[0.69165503 0.68187119],3,-1,-1,1,-1
11740,[0.34106155 0.60234074],0,1,"[0.37965276877051146, 0.575157747726818]",1,-1
11741,[0.79391063 0.66645935],2,0,"[0.7890750777399501, 0.6799557517006445]",1,-1
11742,[0.37748973 0.22146528],1,-1,-1,0,0
11743,[0.32697128 0.23721183],1,2,"[0.294379027732062, 0.1921773781634303]",0,0
11744,[0.63917585 0.56305619],3,3,"[0.6601234827680622, 0.6109507568947781]",1,-1
11745,[0.60741135 0.60504533],3,3,"[0.6601234827680622, 0.6109507568947781]",1,-1
11746,[0.80712791 0.68359113],2,0,"[0.7890750777399501, 0.6799557517006445]",1,-1
11747,[0.69113699 0.5729265 ],3,3,"[0.6601234827680622, 0.6109507568947781]",1,-1
11748,[0.29262061 0.23874472],1,2,"[0.294379027732062, 0.1921773781634303]",0,0
11749,[0.80836199 0.69405366],2,0,"[0.7890750777399501, 0.6799557517006445]",1,-1
11750,[0.37113801 0.51734282],0,1,"[0.37965276877051146, 0.575157747726818]",1,-1
11751,[0.3268566  0.16033451],1,2,"[0.294379027732062, 0.1921773781634303]",0,0
11752,[0.76986363 0.73517595],2,0,"[0.7890750777399501, 0.6799557517006445]",1,-1
11753,[0.82272424 0.69203183],2,0,"[0.7890750777399501, 0.6799557517006445]",1,-1
11754,[0.37591859 0.62926285],0,1,"[0.37965276877051146, 0.575157747726818]",1,-1
11755,[0.26407927 0.13513023],1,2,"[0.294379027732062, 0.1921773781634303]",0,0
11756,[0.73154133 0.6081189 ],3,-1,-1,1,-1
11757,[0.7473145  0.73450987],2,0,"[0.7890750777399501, 0.6799557517006445]",1,-1
11758,[0.78581206 0.6711089 ],2,0,"[0.7890750777399501, 0.6799557517006445]",1,4
11759,[0.75869762 0.71600781],2,0,"[0.7890750777399501, 0.6799557517006445]",1,-1
11760,[0.68775674 0.65333728],3,3,"[0.6601234827680622, 0.6109507568947781]",1,-1
11761,[0.22956653 0.21140469],1,2,"[0.294379027732062, 0.1921773781634303]",0,0
11762,[0.65646183 0.61775277],3,3,"[0.6601234827680622, 0.6109507568947781]",1,7
11763,[0.73341189 0.63740136],2,-1,-1,1,-1
11764,[0.39338314 0.57201122],0,1,"[0.37965276877051146, 0.575157747726818]",1,-1
11765,[0.66214502 0.58264538],3,3,"[0.6601234827680622, 0.6109507568947781]",1,-1
11766,[0.29498167 0.20699528],1,2,"[0.294379027732062, 0.1921773781634303]",0,0
11767,[0.40008968 0.13488682],1,-1,-1,0,0
11768,[0.29024483 0.10062634],1,-1,-1,0,0
11769,[0.78348094 0.75810881],2,-1,-1,1,-1
11770,[0.31088442 0.17001911],1,2,"[0.294379027732062, 0.1921773781634303]",0,0
11771,[0.83815042 0.77692909],2,-1,-1,1,-1
11772,[0.27229394 0.22528675],1,2,"[0.294379027732062, 0.1921773781634303]",0,0
11773,[0.7596283 0.726211 ],2,0,"[0.7890750777399501, 0.6799557517006445]",1,-1
11774,[0.58597441 0.5941063 ],3,-1,-1,1,-1
11775,[0.69854123 0.54679268],3,-1,-1,1,-1
11776,[0.41290995 0.57873092],0,1,"[0.37965276877051146, 0.575157747726818]",1,2
11777,[0.59296162 0.55267153],3,-1,-1,1,-1
11778,[0.60927462 0.60926484],3,3,"[0.6601234827680622, 0.6109507568947781]",1,-1
11779,[0.19307447 0.2756445 ],1,-1,-1,0,0
11780,[0.3749834  0.57545664],0,1,"[0.37965276877051146, 0.575157747726818]",1,1
11781,[0.80266922 0.74385633],2,0,"[0.7890750777399501, 0.6799557517006445]",1,-1
11782,[0.78678667 0.69713964],2,0,"[0.7890750777399501, 0.6799557517006445]",1,-1
11783,[0.26914337 0.22380538],1,2,"[0.294379027732062, 0.1921773781634303]",0,0
11784,[0.70542016 0.54602078],3,-1,-1,1,-1
11785,[0.85703843 0.69405241],2,0,"[0.7890750777399501, 0.6799557517006445]",1,-1
11786,[0.31652065 0.64123008],0,-1,-1,1,-1
11787,[0.40674228 0.53116241],0,1,"[0.37965276877051146, 0.575157747726818]",1,-1
11788,[0.72274231 0.75866344],3,-1,-1,1,-1
11789,[0.76735772 0.70516552],2,0,"[0.7890750777399501, 0.6799557517006445]",1,-1
11790,[0.26693233 0.2269723 ],1,2,"[0.294379027732062, 0.1921773781634303]",0,0
11791,[0.87996968 0.67764933],2,-1,-1,1,-1
11792,[0.36146039 0.21399871],1,-1,-1,0,0
11793,[0.25518142 0.13734782],1,2,"[0.294379027732062, 0.1921773781634303]",0,0
11794,[0.77078978 0.63434424],2,0,"[0.7890750777399501, 0.6799557517006445]",1,-1
11795,[0.68684928 0.59365081],3,3,"[0.6601234827680622, 0.6109507568947781]",1,-1
11796,[0.25649446 0.58532481],0,-1,-1,1,-1
11797,[0.31081409 0.26123036],1,-1,-1,0,0
11798,[0.69968997 0.66878314],2,-1,-1,1,-1
11799,[0.34079982 0.20748932],1,2,"[0.294379027732062, 0.1921773781634303]",0,0
11800,[0.79625682 0.63658634],2,0,"[0.7890750777399501, 0.6799557517006445]",1,-1
11801,[0.76007117 0.70156547],2,0,"[0.7890750777399501, 0.6799557517006445]",1,-1
11802,[0.26329026 0.25900416],1,-1,-1,0,0
11803,[0.76738355 0.68526408],2,0,"[0.7890750777399501, 0.6799557517006445]",1,-1
11804,[0.2835981  0.14201042],1,2,"[0.294379027732062, 0.1921773781634303]",0,0
11805,[0.38256297 0.53508888],0,1,"[0.37965276877051146, 0.575157747726818]",1,-1
11806,[0.67949251 0.690467  ],2,-1,-1,1,-1
11807,[0.33311056 0.49778096],0,-1,-1,1,-1
11808,[0.28620759 0.20965382],1,2,"[0.294379027732062, 0.1921773781634303]",0,0
11809,[0.65606492 0.68571184],3,-1,-1,1,-1
11810,[0.21855324 0.20069677],1,-1,-1,0,0
11811,[0.72611725 0.71465596],2,-1,-1,1,-1
11812,[0.7698194  0.61759328],2,0,"[0.7890750777399501, 0.6799557517006445]",1,-1
11813,[0.32236898 0.63514141],0,-1,-1,1,-1
11814,[0.33331739 0.12557301],1,-1,-1,0,0
11815,[0.23256013 0.15545415],1,-1,-1,0,0
11816,[0.77892766 0.73174228],2,0,"[0.7890750777399501, 0.6799557517006445]",1,-1
11817,[0.36933025 0.69662039],0,-1,-1,1,-1
11818,[0.33324788 0.56489661],0,1,"[0.37965276877051146, 0.575157747726818]",1,-1
11819,[0.37264927 0.56700785],0,1,"[0.37965276877051146, 0.575157747726818]",1,1
11820,[0.42743955 0.5858027 ],0,1,"[0.37965276877051146, 0.575157747726818]",1,-1
11821,[0.73959993 0.69400311],2,0,"[0.7890750777399501, 0.6799557517006445]",1,-1
11822,[0.6036127  0.63724602],3,3,"[0.6601234827680622, 0.6109507568947781]",1,-1
11823,[0.31757358 0.25859973],1,-1,-1,0,0
11824,[0.66507337 0.55833789],3,3,"[0.6601234827680622, 0.6109507568947781]",1,-1
11825,[0.86482202 0.71689543],2,-1,-1,1,-1
11826,[0.42915087 0.58808864],0,1,"[0.37965276877051146, 0.575157747726818]",1,-1
11827,[0.40921246 0.66084566],0,-1,-1,1,-1
11828,[0.70733856 0.48166672],3,-1,-1,1,-1
11829,[0.61152113 0.62212062],3,3,"[0.6601234827680622, 0.6109507568947781]",1,-1
11830,[0.45318265 0.61571651],0,-1,-1,1,-1
11831,[0.37311141 0.5736112 ],0,1,"[0.37965276877051146, 0.575157747726818]",1,1
11832,[0.38766524 0.56986543],0,1,"[0.37965276877051146, 0.575157747726818]",1,2
11833,[0.7542168  0.70755503],2,0,"[0.7890750777399501, 0.6799557517006445]",1,-1
11834,[0.33734739 0.61872258],0,1,"[0.37965276877051146, 0.575157747726818]",1,-1
11835,[0.78845617 0.64144925],2,0,"[0.7890750777399501, 0.6799557517006445]",1,-1
11836,[0.73939561 0.68818457],3,0,"[0.7890750777399501, 0.6799557517006445]",1,-1
11837,[0.16969858 0.23210253],1,-1,-1,0,0
11838,[0.7353782  0.68329393],2,0,"[0.7890750777399501, 0.6799557517006445]",1,-1
11839,[0.79577382 0.68018272],2,0,"[0.7890750777399501, 0.6799557517006445]",1,-1
11840,[0.2995705  0.24494315],1,2,"[0.294379027732062, 0.1921773781634303]",0,0
11841,[0.62542472 0.58592869],3,3,"[0.6601234827680622, 0.6109507568947781]",1,-1
11842,[0.26595309 0.21118272],1,2,"[0.294379027732062, 0.1921773781634303]",0,0
11843,[0.6654655  0.68056782],3,3,"[0.6601234827680622, 0.6109507568947781]",1,-1
11844,[0.41052465 0.61553735],0,1,"[0.37965276877051146, 0.575157747726818]",1,-1
11845,[0.31421877 0.10077897],1,-1,-1,0,0
11846,[0.74673564 0.80220034],2,-1,-1,1,-1
11847,[0.70459406 0.6073528 ],2,3,"[0.6601234827680622, 0.6109507568947781]",1,-1
11848,[0.67763444 0.64104162],3,3,"[0.6601234827680622, 0.6109507568947781]",1,-1
11849,[0.70643378 0.66393222],2,-1,-1,1,-1
11850,[0.31365258 0.51760966],0,-1,-1,1,-1
11851,[0.65859455 0.58634448],3,3,"[0.6601234827680622, 0.6109507568947781]",1,-1
11852,[0.66947001 0.56706487],3,3,"[0.6601234827680622, 0.6109507568947781]",1,-1
11853,[0.80658249 0.71711032],2,0,"[0.7890750777399501, 0.6799557517006445]",1,-1
11854,[0.31571239 0.10840476],1,-1,-1,0,0
11855,[0.32083875 0.64585653],0,-1,-1,1,-1
11856,[0.31948211 0.18828092],1,2,"[0.294379027732062, 0.1921773781634303]",0,0
11857,[0.40091203 0.55593765],0,1,"[0.37965276877051146, 0.575157747726818]",1,-1
11858,[0.66788317 0.59636057],3,3,"[0.6601234827680622, 0.6109507568947781]",1,6
11859,[0.70769321 0.60808003],3,3,"[0.6601234827680622, 0.6109507568947781]",1,-1
11860,[0.73542829 0.68895958],3,0,"[0.7890750777399501, 0.6799557517006445]",1,-1
11861,[0.62536454 0.63909124],3,3,"[0.6601234827680622, 0.6109507568947781]",1,-1
11862,[0.76688091 0.72777249],2,0,"[0.7890750777399501, 0.6799557517006445]",1,-1
11863,[0.24933764 0.22603142],1,2,"[0.294379027732062, 0.1921773781634303]",0,0
11864,[0.75818596 0.70013612],2,0,"[0.7890750777399501, 0.6799557517006445]",1,-1
11865,[0.72159296 0.63721871],3,3,"[0.6601234827680622, 0.6109507568947781]",1,-1
11866,[0.40152993 0.5483297 ],0,1,"[0.37965276877051146, 0.575157747726818]",1,-1
11867,[0.34231015 0.52115179],0,1,"[0.37965276877051146, 0.575157747726818]",1,-1
11868,[0.32466701 0.64147161],0,-1,-1,1,-1
11869,[0.31901344 0.23748053],1,2,"[0.294379027732062, 0.1921773781634303]",0,0
11870,[0.81251778 0.60706206],2,-1,-1,1,-1
11871,[0.2731586  0.19748973],1,2,"[0.294379027732062, 0.1921773781634303]",0,0
11872,[0.40445172 0.56878979],0,1,"[0.37965276877051146, 0.575157747726818]",1,2
11873,[0.82497426 0.64225441],2,0,"[0.7890750777399501, 0.6799557517006445]",1,-1
11874,[0.37040093 0.20471055],1,-1,-1,0,0
11875,[0.6843205  0.65458292],3,3,"[0.6601234827680622, 0.6109507568947781]",1,-1
11876,[0.79211375 0.69238159],2,0,"[0.7890750777399501, 0.6799557517006445]",1,-1
11877,[0.21363394 0.18890403],1,-1,-1,0,0
11878,[0.59255893 0.54615168],3,-1,-1,1,-1
11879,[0.80948433 0.68344624],2,0,"[0.7890750777399501, 0.6799557517006445]",1,-1
11880,[0.21821168 0.22052635],1,-1,-1,0,0
11881,[0.39390806 0.50562444],0,-1,-1,1,-1
11882,[0.81017201 0.69789849],2,0,"[0.7890750777399501, 0.6799557517006445]",1,-1
11883,[0.55143116 0.64387038],3,-1,-1,1,-1
11884,[0.33905413 0.59143827],0,1,"[0.37965276877051146, 0.575157747726818]",1,-1
11885,[0.34597366 0.58923907],0,1,"[0.37965276877051146, 0.575157747726818]",1,-1
11886,[0.60138586 0.57342882],3,3,"[0.6601234827680622, 0.6109507568947781]",1,-1
11887,[0.20262353 0.11652372],1,-1,-1,0,0
11888,[0.35328392 0.58796651],0,1,"[0.37965276877051146, 0.575157747726818]",1,-1
11889,[0.31283032 0.14661261],1,2,"[0.294379027732062, 0.1921773781634303]",0,0
11890,[0.28007031 0.20153131],1,2,"[0.294379027732062, 0.1921773781634303]",0,0
11891,[0.31887537 0.1187159 ],1,-1,-1,0,0
11892,[0.27967451 0.18178248],1,2,"[0.294379027732062, 0.1921773781634303]",0,0
11893,[0.75171127 0.66956702],2,0,"[0.7890750777399501, 0.6799557517006445]",1,-1
11894,[0.81219288 0.61397183],2,0,"[0.7890750777399501, 0.6799557517006445]",1,-1
11895,[0.41719532 0.5714632 ],0,1,"[0.37965276877051146, 0.575157747726818]",1,-1
11896,[0.27752713 0.24894457],1,2,"[0.294379027732062, 0.1921773781634303]",0,0
11897,[0.26418095 0.22617042],1,2,"[0.294379027732062, 0.1921773781634303]",0,0
11898,[0.66934091 0.69994463],3,-1,-1,1,-1
11899,[0.29531781 0.28770748],1,-1,-1,0,0
11900,[0.34958937 0.58803251],0,1,"[0.37965276877051146, 0.575157747726818]",1,-1
11901,[0.75448105 0.64793348],2,0,"[0.7890750777399501, 0.6799557517006445]",1,-1
11902,[0.39201921 0.67954325],0,-1,-1,1,-1
11903,[0.60347374 0.60446748],3,3,"[0.6601234827680622, 0.6109507568947781]",1,-1
11904,[0.24397878 0.15634363],1,2,"[0.294379027732062, 0.1921773781634303]",0,0
11905,[0.59638367 0.56031872],3,-1,-1,1,-1
11906,[0.80482209 0.74406318],2,0,"[0.7890750777399501, 0.6799557517006445]",1,-1
11907,[0.36073128 0.16085929],1,-1,-1,0,0
11908,[0.72664728 0.69605178],2,0,"[0.7890750777399501, 0.6799557517006445]",1,-1
11909,[0.68591611 0.61119129],3,3,"[0.6601234827680622, 0.6109507568947781]",1,5
11910,[0.62399501 0.6455487 ],3,3,"[0.6601234827680622, 0.6109507568947781]",1,-1
11911,[0.37198537 0.60968078],0,1,"[0.37965276877051146, 0.575157747726818]",1,-1
11912,[0.36908951 0.51372675],0,1,"[0.37965276877051146, 0.575157747726818]",1,-1
11913,[0.19255943 0.1687799 ],1,-1,-1,0,0
11914,[0.31483237 0.21514355],1,2,"[0.294379027732062, 0.1921773781634303]",0,0
11915,[0.79892298 0.71888387],2,0,"[0.7890750777399501, 0.6799557517006445]",1,-1
11916,[0.83070279 0.68231587],2,0,"[0.7890750777399501, 0.6799557517006445]",1,-1
11917,[0.36836425 0.5425899 ],0,1,"[0.37965276877051146, 0.575157747726818]",1,-1
11918,[0.82390189 0.66165154],2,0,"[0.7890750777399501, 0.6799557517006445]",1,-1
11919,[0.71791475 0.59369988],3,3,"[0.6601234827680622, 0.6109507568947781]",1,-1
11920,[0.31220005 0.09486352],1,-1,-1,0,0
11921,[0.30337407 0.23225543],1,2,"[0.294379027732062, 0.1921773781634303]",0,0
11922,[0.7002944  0.64181626],3,3,"[0.6601234827680622, 0.6109507568947781]",1,-1
11923,[0.73943243 0.57306124],3,-1,-1,1,-1
11924,[0.24124815 0.23904965],1,-1,-1,0,0
11925,[0.70021068 0.58938456],3,3,"[0.6601234827680622, 0.6109507568947781]",1,-1
11926,[0.31081542 0.60313842],0,-1,-1,1,-1
11927,[0.41328028 0.60448748],0,1,"[0.37965276877051146, 0.575157747726818]",1,-1
11928,[0.39194351 0.58983549],0,1,"[0.37965276877051146, 0.575157747726818]",1,-1
11929,[0.71361392 0.60858579],3,3,"[0.6601234827680622, 0.6109507568947781]",1,-1
11930,[0.30793583 0.16880555],1,2,"[0.294379027732062, 0.1921773781634303]",0,0
11931,[0.39925814 0.51159948],0,1,"[0.37965276877051146, 0.575157747726818]",1,-1
11932,[0.66835725 0.51285082],3,-1,-1,1,-1
11933,[0.5564868  0.56779693],3,-1,-1,1,-1
11934,[0.23812122 0.22533184],1,2,"[0.294379027732062, 0.1921773781634303]",0,0
11935,[0.70988103 0.61592809],3,3,"[0.6601234827680622, 0.6109507568947781]",1,-1
11936,[0.68346749 0.67731435],3,-1,-1,1,-1
11937,[0.77570185 0.59072308],2,-1,-1,1,-1
11938,[0.5909958  0.71011509],3,-1,-1,1,-1
11939,[0.74621351 0.63358477],2,0,"[0.7890750777399501, 0.6799557517006445]",1,-1
11940,[0.69395915 0.66820549],3,3,"[0.6601234827680622, 0.6109507568947781]",1,-1
11941,[0.76955982 0.70657192],2,0,"[0.7890750777399501, 0.6799557517006445]",1,-1
11942,[0.38714189 0.62406189],0,1,"[0.37965276877051146, 0.575157747726818]",1,-1
11943,[0.261908   0.17244536],1,2,"[0.294379027732062, 0.1921773781634303]",0,0
11944,[0.81966799 0.60371423],2,-1,-1,1,-1
11945,[0.69415822 0.54315102],3,-1,-1,1,-1
11946,[0.68747048 0.59490179],3,3,"[0.6601234827680622, 0.6109507568947781]",1,-1
11947,[0.65791789 0.55258924],3,3,"[0.6601234827680622, 0.6109507568947781]",1,-1
11948,[0.68786591 0.65530184],3,3,"[0.6601234827680622, 0.6109507568947781]",1,-1
11949,[0.70870671 0.66751406],3,-1,-1,1,-1
11950,[0.7355547  0.64078858],2,0,"[0.7890750777399501, 0.6799557517006445]",1,-1
11951,[0.45684786 0.59418947],0,-1,-1,1,-1
11952,[0.85699418 0.68721497],2,0,"[0.7890750777399501, 0.6799557517006445]",1,-1
11953,[0.30613376 0.21527681],1,2,"[0.294379027732062, 0.1921773781634303]",0,0
11954,[0.43552782 0.59306394],0,1,"[0.37965276877051146, 0.575157747726818]",1,-1
11955,[0.71247228 0.65231302],2,3,"[0.6601234827680622, 0.6109507568947781]",1,-1
11956,[0.33986119 0.62483256],0,1,"[0.37965276877051146, 0.575157747726818]",1,-1
11957,[0.37507876 0.56639073],0,1,"[0.37965276877051146, 0.575157747726818]",1,1
11958,[0.78969368 0.68761992],2,0,"[0.7890750777399501, 0.6799557517006445]",1,-1
11959,[0.30279567 0.11072312],1,-1,-1,0,0
11960,[0.29751833 0.17656856],1,2,"[0.294379027732062, 0.1921773781634303]",0,0
11961,[0.44613876 0.69728029],0,-1,-1,1,-1
11962,[0.83500702 0.61815655],2,-1,-1,1,-1
11963,[0.33001335 0.23665546],1,2,"[0.294379027732062, 0.1921773781634303]",0,0
11964,[0.35688935 0.21710224],1,2,"[0.294379027732062, 0.1921773781634303]",0,0
11965,[0.81924835 0.72498807],2,0,"[0.7890750777399501, 0.6799557517006445]",1,-1
11966,[0.63165855 0.65616334],3,3,"[0.6601234827680622, 0.6109507568947781]",1,-1
11967,[0.36464064 0.1932914 ],1,-1,-1,0,0
11968,[0.34205787 0.27287069],1,-1,-1,0,0
11969,[0.65759596 0.61158585],3,3,"[0.6601234827680622, 0.6109507568947781]",1,-1
11970,[0.29575337 0.24834973],1,2,"[0.294379027732062, 0.1921773781634303]",0,0
11971,[0.8013528  0.76400906],2,-1,-1,1,-1
11972,[0.69934557 0.647639  ],3,3,"[0.6601234827680622, 0.6109507568947781]",1,-1
11973,[0.35697644 0.57032574],0,1,"[0.37965276877051146, 0.575157747726818]",1,-1
11974,[0.86149865 0.68722194],2,-1,-1,1,-1
11975,[0.3573381  0.50519582],0,-1,-1,1,-1
11976,[0.26215034 0.60268265],0,-1,-1,1,-1
11977,[0.7606196  0.62099364],2,0,"[0.7890750777399501, 0.6799557517006445]",1,-1
11978,[0.89093444 0.6194688 ],2,-1,-1,1,-1
11979,[0.72023054 0.57678053],3,3,"[0.6601234827680622, 0.6109507568947781]",1,-1
11980,[0.27730941 0.23002386],1,2,"[0.294379027732062, 0.1921773781634303]",0,0
11981,[0.87011791 0.6634024 ],2,-1,-1,1,-1
11982,[0.30262553 0.16880174],1,2,"[0.294379027732062, 0.1921773781634303]",0,0
11983,[0.3379099  0.10127371],1,-1,-1,0,0
11984,[0.32180178 0.1042419 ],1,-1,-1,0,0
11985,[0.27048761 0.19158222],1,2,"[0.294379027732062, 0.1921773781634303]",0,0
11986,[0.31764776 0.53816383],0,-1,-1,1,-1
11987,[0.79202862 0.74240293],2,0,"[0.7890750777399501, 0.6799557517006445]",1,-1
11988,[0.73665502 0.57751989],3,-1,-1,1,-1
11989,[0.30826678 0.6184826 ],0,-1,-1,1,-1
11990,[0.76634394 0.62519929],2,0,"[0.7890750777399501, 0.6799557517006445]",1,-1
11991,[0.41483968 0.53767708],0,1,"[0.37965276877051146, 0.575157747726818]",1,-1
11992,[0.62125625 0.63174839],3,3,"[0.6601234827680622, 0.6109507568947781]",1,-1
11993,[0.68159297 0.65285764],3,3,"[0.6601234827680622, 0.6109507568947781]",1,-1
11994,[0.33981558 0.17794978],1,2,"[0.294379027732062, 0.1921773781634303]",0,0
11995,[0.35382054 0.11161563],1,-1,-1,0,0
11996,[0.75548086 0.61246974],2,-1,-1,1,-1
11997,[0.36869604 0.53818084],0,1,"[0.37965276877051146, 0.575157747726818]",1,-1
11998,[0.2688211  0.18505949],1,2,"[0.294379027732062, 0.1921773781634303]",0,0
11999,[0.38519471 0.26668302],1,-1,-1,0,0
12000,[0.37006161 0.67368385],0,-1,-1,1,-1
12001,[0.8445391 0.6867462],2,0,"[0.7890750777399501, 0.6799557517006445]",1,-1
12002,[0.26206566 0.24509115],1,2,"[0.294379027732062, 0.1921773781634303]",0,0
12003,[0.88949074 0.67566923],2,-1,-1,1,-1
12004,[0.74385928 0.67702606],2,0,"[0.7890750777399501, 0.6799557517006445]",1,-1
12005,[0.30646814 0.51117245],0,-1,-1,1,-1
12006,[0.63958004 0.61452431],3,3,"[0.6601234827680622, 0.6109507568947781]",1,-1
12007,[0.28807342 0.14775711],1,2,"[0.294379027732062, 0.1921773781634303]",0,0
12008,[0.3222388  0.13071096],1,2,"[0.294379027732062, 0.1921773781634303]",0,0
12009,[0.43782438 0.5503566 ],0,1,"[0.37965276877051146, 0.575157747726818]",1,-1
12010,[0.29429425 0.57745456],0,-1,-1,1,-1
12011,[0.30447824 0.68102381],0,-1,-1,1,-1
12012,[0.67515108 0.53211535],3,-1,-1,1,-1
12013,[0.4329931  0.61417095],0,1,"[0.37965276877051146, 0.575157747726818]",1,-1
12014,[0.29706244 0.13976569],1,2,"[0.294379027732062, 0.1921773781634303]",0,0
12015,[0.46089633 0.55524293],0,-1,-1,1,-1
12016,[0.36422621 0.12829243],1,-1,-1,0,0
12017,[0.33442284 0.5371873 ],0,1,"[0.37965276877051146, 0.575157747726818]",1,-1
12018,[0.3445246  0.53354555],0,1,"[0.37965276877051146, 0.575157747726818]",1,-1
12019,[0.40236567 0.54620765],0,1,"[0.37965276877051146, 0.575157747726818]",1,-1
12020,[0.79096736 0.67469905],2,0,"[0.7890750777399501, 0.6799557517006445]",1,4
12021,[0.82400637 0.56940854],2,-1,-1,1,-1
12022,[0.67450636 0.54695388],3,3,"[0.6601234827680622, 0.6109507568947781]",1,-1
12023,[0.78606857 0.662059  ],2,0,"[0.7890750777399501, 0.6799557517006445]",1,-1
12024,[0.68392421 0.60078601],3,3,"[0.6601234827680622, 0.6109507568947781]",1,5
12025,[0.57813797 0.49524341],3,-1,-1,1,-1
12026,[0.69315325 0.55457034],3,3,"[0.6601234827680622, 0.6109507568947781]",1,-1
12027,[0.61876033 0.62348349],3,3,"[0.6601234827680622, 0.6109507568947781]",1,-1
12028,[0.77690205 0.70526431],2,0,"[0.7890750777399501, 0.6799557517006445]",1,-1
12029,[0.74854138 0.68234398],2,0,"[0.7890750777399501, 0.6799557517006445]",1,-1
12030,[0.78280448 0.6353361 ],3,0,"[0.7890750777399501, 0.6799557517006445]",1,-1
12031,[0.39308893 0.62287294],0,1,"[0.37965276877051146, 0.575157747726818]",1,-1
12032,[0.20352759 0.2024518 ],1,-1,-1,0,0
12033,[0.72875046 0.65270886],2,0,"[0.7890750777399501, 0.6799557517006445]",1,-1
12034,[0.39991685 0.57172538],0,1,"[0.37965276877051146, 0.575157747726818]",1,-1
12035,[0.68424415 0.66528295],3,3,"[0.6601234827680622, 0.6109507568947781]",1,-1
12036,[0.31461195 0.49431813],0,-1,-1,1,-1
12037,[0.66545141 0.60573909],3,3,"[0.6601234827680622, 0.6109507568947781]",1,-1
12038,[0.78217081 0.62305892],2,0,"[0.7890750777399501, 0.6799557517006445]",1,-1
12039,[0.35506565 0.25856051],1,-1,-1,0,0
12040,[0.25223972 0.29024185],1,-1,-1,0,0
12041,[0.67464358 0.54888095],3,3,"[0.6601234827680622, 0.6109507568947781]",1,-1
12042,[0.66512715 0.59651496],3,3,"[0.6601234827680622, 0.6109507568947781]",1,-1
12043,[0.73710492 0.69179848],3,0,"[0.7890750777399501, 0.6799557517006445]",1,-1
12044,[0.17677716 0.07894653],1,-1,-1,0,0
12045,[0.84131059 0.72385326],2,0,"[0.7890750777399501, 0.6799557517006445]",1,-1
12046,[0.40717381 0.61606992],0,1,"[0.37965276877051146, 0.575157747726818]",1,-1
12047,[0.29795197 0.60019006],0,-1,-1,1,-1
12048,[0.78981471 0.66546013],2,0,"[0.7890750777399501, 0.6799557517006445]",1,-1
12049,[0.77418327 0.70130077],2,0,"[0.7890750777399501, 0.6799557517006445]",1,-1
12050,[0.74047225 0.67275484],2,0,"[0.7890750777399501, 0.6799557517006445]",1,-1
12051,[0.60700282 0.74475892],3,-1,-1,1,-1
12052,[0.36239173 0.15080242],1,-1,-1,0,0
12053,[0.36612343 0.551309  ],0,1,"[0.37965276877051146, 0.575157747726818]",1,-1
12054,[0.30439016 0.22739071],1,2,"[0.294379027732062, 0.1921773781634303]",0,0
12055,[0.3070441 0.258867 ],1,2,"[0.294379027732062, 0.1921773781634303]",0,0
12056,[0.35715481 0.60225565],0,1,"[0.37965276877051146, 0.575157747726818]",1,-1
12057,[0.35209028 0.58602518],0,1,"[0.37965276877051146, 0.575157747726818]",1,-1
12058,[0.71381743 0.68192601],2,-1,-1,1,-1
12059,[0.84719821 0.60660115],2,-1,-1,1,-1
12060,[0.4119894 0.5432951],0,1,"[0.37965276877051146, 0.575157747726818]",1,-1
12061,[0.82068378 0.74416138],2,-1,-1,1,-1
12062,[0.22295708 0.14660012],1,-1,-1,0,0
12063,[0.26513869 0.214912  ],1,2,"[0.294379027732062, 0.1921773781634303]",0,0
12064,[0.39512641 0.18831507],1,-1,-1,0,0
12065,[0.79015373 0.71958608],2,0,"[0.7890750777399501, 0.6799557517006445]",1,-1
12066,[0.30992312 0.4640248 ],0,-1,-1,1,-1
12067,[0.38592881 0.56059956],0,1,"[0.37965276877051146, 0.575157747726818]",1,-1
12068,[0.38894025 0.31724585],1,-1,-1,0,0
12069,[0.30317814 0.56208635],0,-1,-1,1,-1
12070,[0.80409825 0.6652145 ],2,0,"[0.7890750777399501, 0.6799557517006445]",1,-1
12071,[0.73386377 0.56780456],3,-1,-1,1,-1
12072,[0.6205152  0.64792696],3,3,"[0.6601234827680622, 0.6109507568947781]",1,-1
12073,[0.70331988 0.61141676],3,3,"[0.6601234827680622, 0.6109507568947781]",1,-1
12074,[0.36026214 0.55576477],0,1,"[0.37965276877051146, 0.575157747726818]",1,1
12075,[0.62864341 0.61805705],3,3,"[0.6601234827680622, 0.6109507568947781]",1,-1
12076,[0.42733834 0.64363139],0,-1,-1,1,-1
12077,[0.26588639 0.19688339],1,2,"[0.294379027732062, 0.1921773781634303]",0,0
12078,[0.75143005 0.71326319],2,0,"[0.7890750777399501, 0.6799557517006445]",1,-1
12079,[0.36311483 0.18557576],1,2,"[0.294379027732062, 0.1921773781634303]",0,0
12080,[0.61706563 0.61180758],3,3,"[0.6601234827680622, 0.6109507568947781]",1,-1
12081,[0.31986858 0.2481296 ],1,2,"[0.294379027732062, 0.1921773781634303]",0,0
12082,[0.2812779  0.18995896],1,2,"[0.294379027732062, 0.1921773781634303]",0,0
12083,[0.35478286 0.20764406],1,2,"[0.294379027732062, 0.1921773781634303]",0,0
12084,[0.33955703 0.25750795],1,-1,-1,0,0
12085,[0.26829541 0.19800298],1,2,"[0.294379027732062, 0.1921773781634303]",0,0
12086,[0.26043833 0.18073682],1,2,"[0.294379027732062, 0.1921773781634303]",0,0
12087,[0.37702887 0.58401677],0,1,"[0.37965276877051146, 0.575157747726818]",1,-1
12088,[0.32883855 0.53096642],0,1,"[0.37965276877051146, 0.575157747726818]",1,-1
12089,[0.75889771 0.65931519],2,0,"[0.7890750777399501, 0.6799557517006445]",1,3
12090,[0.77490651 0.60209953],2,-1,-1,1,-1
12091,[0.2912022  0.24646641],1,2,"[0.294379027732062, 0.1921773781634303]",0,0
12092,[0.28396714 0.2758369 ],1,-1,-1,0,0
12093,[0.23401545 0.11220658],1,-1,-1,0,0
12094,[0.29940877 0.16532049],1,2,"[0.294379027732062, 0.1921773781634303]",0,0
12095,[0.59023628 0.5786084 ],3,-1,-1,1,-1
12096,[0.84296231 0.56226776],2,-1,-1,1,-1
12097,[0.19485022 0.26778373],1,-1,-1,0,0
12098,[0.20317336 0.10251587],1,-1,-1,0,0
12099,[0.72328054 0.62509772],3,3,"[0.6601234827680622, 0.6109507568947781]",1,-1
12100,[0.39172765 0.58715821],0,1,"[0.37965276877051146, 0.575157747726818]",1,-1
12101,[0.75788809 0.66561068],2,0,"[0.7890750777399501, 0.6799557517006445]",1,-1
12102,[0.36673237 0.58548902],0,1,"[0.37965276877051146, 0.575157747726818]",1,-1
12103,[0.63549323 0.62882913],3,3,"[0.6601234827680622, 0.6109507568947781]",1,-1
12104,[0.29236494 0.49583969],0,-1,-1,1,-1
12105,[0.40191947 0.55147138],0,1,"[0.37965276877051146, 0.575157747726818]",1,-1
12106,[0.63232538 0.60199439],3,3,"[0.6601234827680622, 0.6109507568947781]",1,-1
12107,[0.64858032 0.52358375],3,-1,-1,1,-1
12108,[0.77764916 0.61486629],2,0,"[0.7890750777399501, 0.6799557517006445]",1,-1
12109,[0.21987259 0.19875823],1,-1,-1,0,0
12110,[0.21411798 0.20083455],1,-1,-1,0,0
12111,[0.76593272 0.67520013],2,0,"[0.7890750777399501, 0.6799557517006445]",1,-1
12112,[0.41500983 0.51796283],0,1,"[0.37965276877051146, 0.575157747726818]",1,-1
12113,[0.27881097 0.55945642],0,-1,-1,1,-1
12114,[0.85726555 0.64465874],2,-1,-1,1,-1
12115,[0.32642789 0.19911133],1,2,"[0.294379027732062, 0.1921773781634303]",0,0
12116,[0.8122205  0.63571489],2,0,"[0.7890750777399501, 0.6799557517006445]",1,-1
12117,[0.48234533 0.70868561],0,-1,-1,1,-1
12118,[0.73637897 0.65746164],2,0,"[0.7890750777399501, 0.6799557517006445]",1,-1
12119,[0.66821957 0.63473495],3,3,"[0.6601234827680622, 0.6109507568947781]",1,7
12120,[0.68113064 0.64024717],3,3,"[0.6601234827680622, 0.6109507568947781]",1,-1
12121,[0.20834688 0.2017947 ],1,-1,-1,0,0
12122,[0.31356291 0.17156902],1,2,"[0.294379027732062, 0.1921773781634303]",0,0
12123,[0.86923254 0.68542808],2,-1,-1,1,-1
12124,[0.29072735 0.2203125 ],1,2,"[0.294379027732062, 0.1921773781634303]",0,0
12125,[0.61318042 0.6279856 ],3,3,"[0.6601234827680622, 0.6109507568947781]",1,-1
12126,[0.65372866 0.69867988],3,-1,-1,1,-1
12127,[0.34608791 0.62757831],0,1,"[0.37965276877051146, 0.575157747726818]",1,-1
12128,[0.83388702 0.71234516],2,0,"[0.7890750777399501, 0.6799557517006445]",1,-1
12129,[0.77390169 0.64190122],2,0,"[0.7890750777399501, 0.6799557517006445]",1,-1
12130,[0.67505509 0.63843416],3,3,"[0.6601234827680622, 0.6109507568947781]",1,-1
12131,[0.6933809  0.59102968],3,3,"[0.6601234827680622, 0.6109507568947781]",1,-1
12132,[0.28431892 0.13614232],1,2,"[0.294379027732062, 0.1921773781634303]",0,0
12133,[0.32593053 0.64741526],0,-1,-1,1,-1
12134,[0.33337575 0.59554966],0,1,"[0.37965276877051146, 0.575157747726818]",1,-1
12135,[0.79944567 0.58029419],3,-1,-1,1,-1
12136,[0.21719208 0.1548741 ],1,-1,-1,0,0
12137,[0.20175527 0.24030181],1,-1,-1,0,0
12138,[0.28086281 0.22965854],1,2,"[0.294379027732062, 0.1921773781634303]",0,0
12139,[0.4086606  0.54494033],0,1,"[0.37965276877051146, 0.575157747726818]",1,-1
12140,[0.41798365 0.50517311],0,-1,-1,1,-1
12141,[0.41045995 0.20009258],1,-1,-1,0,0
12142,[0.84290487 0.69514934],2,0,"[0.7890750777399501, 0.6799557517006445]",1,-1
12143,[0.32169939 0.63082534],0,-1,-1,1,-1
12144,[0.37415547 0.56759276],0,1,"[0.37965276877051146, 0.575157747726818]",1,1
12145,[0.60850845 0.60461074],3,3,"[0.6601234827680622, 0.6109507568947781]",1,-1
12146,[0.64213065 0.52061932],3,-1,-1,1,-1
12147,[0.2607694  0.09686904],1,-1,-1,0,0
12148,[0.66426938 0.59196328],3,3,"[0.6601234827680622, 0.6109507568947781]",1,-1
12149,[0.76682624 0.69070285],2,0,"[0.7890750777399501, 0.6799557517006445]",1,4
12150,[0.2667936  0.24419652],1,2,"[0.294379027732062, 0.1921773781634303]",0,0
12151,[0.6710727  0.67045481],2,3,"[0.6601234827680622, 0.6109507568947781]",1,-1
12152,[0.6503421 0.5737765],3,3,"[0.6601234827680622, 0.6109507568947781]",1,-1
12153,[0.72750095 0.6705685 ],3,0,"[0.7890750777399501, 0.6799557517006445]",1,-1
12154,[0.72447903 0.68334727],2,0,"[0.7890750777399501, 0.6799557517006445]",1,-1
12155,[0.66786466 0.5915442 ],3,3,"[0.6601234827680622, 0.6109507568947781]",1,-1
12156,[0.72535346 0.56789591],3,-1,-1,1,-1
12157,[0.21257028 0.16576154],1,-1,-1,0,0
12158,[0.33084421 0.6284429 ],0,-1,-1,1,-1
12159,[0.82140261 0.67963304],2,0,"[0.7890750777399501, 0.6799557517006445]",1,-1
12160,[0.60259059 0.57208892],3,3,"[0.6601234827680622, 0.6109507568947781]",1,-1
12161,[0.71077674 0.5817943 ],2,3,"[0.6601234827680622, 0.6109507568947781]",1,-1
12162,[0.41938612 0.59164984],0,1,"[0.37965276877051146, 0.575157747726818]",1,-1
12163,[0.64785    0.58258755],3,3,"[0.6601234827680622, 0.6109507568947781]",1,-1
12164,[0.74175953 0.7400606 ],2,-1,-1,1,-1
12165,[0.34251518 0.17186222],1,2,"[0.294379027732062, 0.1921773781634303]",0,0
12166,[0.85270968 0.59506129],2,-1,-1,1,-1
12167,[0.76635722 0.54805531],3,-1,-1,1,-1
12168,[0.34362644 0.64179835],0,-1,-1,1,-1
12169,[0.30099149 0.2145219 ],1,2,"[0.294379027732062, 0.1921773781634303]",0,0
12170,[0.62016557 0.65862761],3,3,"[0.6601234827680622, 0.6109507568947781]",1,-1
12171,[0.7821792  0.76400077],2,-1,-1,1,-1
12172,[0.30964972 0.21284728],1,2,"[0.294379027732062, 0.1921773781634303]",0,0
12173,[0.62324499 0.6117859 ],3,3,"[0.6601234827680622, 0.6109507568947781]",1,-1
12174,[0.73323687 0.70656994],2,0,"[0.7890750777399501, 0.6799557517006445]",1,-1
12175,[0.2783449  0.20999422],1,2,"[0.294379027732062, 0.1921773781634303]",0,0
12176,[0.40414096 0.67287945],0,-1,-1,1,-1
12177,[0.42248632 0.68441613],0,-1,-1,1,-1
12178,[0.68162978 0.62411105],3,3,"[0.6601234827680622, 0.6109507568947781]",1,7
12179,[0.5118954  0.57589505],3,-1,-1,1,-1
12180,[0.4377572  0.43735859],0,-1,-1,1,-1
12181,[0.37113044 0.615384  ],0,1,"[0.37965276877051146, 0.575157747726818]",1,-1
12182,[0.30846811 0.51671305],0,-1,-1,1,-1
12183,[0.39793926 0.50238029],0,-1,-1,1,-1
12184,[0.82999122 0.670446  ],2,0,"[0.7890750777399501, 0.6799557517006445]",1,-1
12185,[0.31072297 0.2369768 ],1,2,"[0.294379027732062, 0.1921773781634303]",0,0
12186,[0.34869679 0.55515004],0,1,"[0.37965276877051146, 0.575157747726818]",1,-1
12187,[0.31143737 0.20988521],1,2,"[0.294379027732062, 0.1921773781634303]",0,0
12188,[0.67739313 0.640804  ],3,3,"[0.6601234827680622, 0.6109507568947781]",1,-1
12189,[0.33305475 0.18325444],1,2,"[0.294379027732062, 0.1921773781634303]",0,0
12190,[0.41891591 0.63163909],0,1,"[0.37965276877051146, 0.575157747726818]",1,-1
12191,[0.68093108 0.76671857],2,-1,-1,1,-1
12192,[0.3719189 0.1898697],1,-1,-1,0,0
12193,[0.82516308 0.55566562],2,-1,-1,1,-1
12194,[0.40726743 0.50654338],0,-1,-1,1,-1
12195,[0.76051506 0.70468273],2,0,"[0.7890750777399501, 0.6799557517006445]",1,-1
12196,[0.81017733 0.68975337],2,0,"[0.7890750777399501, 0.6799557517006445]",1,4
12197,[0.72367655 0.61925734],2,3,"[0.6601234827680622, 0.6109507568947781]",1,-1
12198,[0.78840966 0.64295695],2,0,"[0.7890750777399501, 0.6799557517006445]",1,-1
12199,[0.68570313 0.57661657],3,3,"[0.6601234827680622, 0.6109507568947781]",1,-1
12200,[0.26794926 0.18889741],1,2,"[0.294379027732062, 0.1921773781634303]",0,0
12201,[0.82271241 0.65409573],2,0,"[0.7890750777399501, 0.6799557517006445]",1,-1
12202,[0.64853502 0.62714695],3,3,"[0.6601234827680622, 0.6109507568947781]",1,-1
12203,[0.33937645 0.18740438],1,2,"[0.294379027732062, 0.1921773781634303]",0,0
12204,[0.78707639 0.73740088],2,0,"[0.7890750777399501, 0.6799557517006445]",1,-1
12205,[0.66027323 0.60370008],3,3,"[0.6601234827680622, 0.6109507568947781]",1,-1
12206,[0.79646762 0.73363311],2,0,"[0.7890750777399501, 0.6799557517006445]",1,-1
12207,[0.37572805 0.59026772],0,1,"[0.37965276877051146, 0.575157747726818]",1,-1
12208,[0.59198712 0.57013721],3,-1,-1,1,-1
12209,[0.65322113 0.60816037],3,3,"[0.6601234827680622, 0.6109507568947781]",1,-1
12210,[0.7513304  0.65551646],3,0,"[0.7890750777399501, 0.6799557517006445]",1,-1
12211,[0.8162071  0.62607956],2,0,"[0.7890750777399501, 0.6799557517006445]",1,-1
12212,[0.25291359 0.27679082],1,-1,-1,0,0
12213,[0.40788233 0.57423233],0,1,"[0.37965276877051146, 0.575157747726818]",1,2
12214,[0.33607086 0.54869308],0,1,"[0.37965276877051146, 0.575157747726818]",1,-1
12215,[0.32477819 0.2259591 ],1,2,"[0.294379027732062, 0.1921773781634303]",0,0
12216,[0.29871188 0.19518153],1,2,"[0.294379027732062, 0.1921773781634303]",0,0
12217,[0.74693612 0.55746684],3,-1,-1,1,-1
12218,[0.43333176 0.52343813],0,-1,-1,1,-1
12219,[0.39621191 0.55231577],0,1,"[0.37965276877051146, 0.575157747726818]",1,-1
12220,[0.2497734  0.19335642],1,2,"[0.294379027732062, 0.1921773781634303]",0,0
12221,[0.67274607 0.57353919],3,3,"[0.6601234827680622, 0.6109507568947781]",1,-1
12222,[0.8258444  0.75992576],2,-1,-1,1,-1
12223,[0.70688414 0.64276011],3,3,"[0.6601234827680622, 0.6109507568947781]",1,-1
12224,[0.34347744 0.16319338],1,2,"[0.294379027732062, 0.1921773781634303]",0,0
12225,[0.31181684 0.15125537],1,2,"[0.294379027732062, 0.1921773781634303]",0,0
12226,[0.62269992 0.74050985],3,-1,-1,1,-1
12227,[0.26033108 0.1999539 ],1,2,"[0.294379027732062, 0.1921773781634303]",0,0
12228,[0.27991042 0.14584116],1,2,"[0.294379027732062, 0.1921773781634303]",0,0
12229,[0.71309068 0.65130266],3,3,"[0.6601234827680622, 0.6109507568947781]",1,-1
12230,[0.37288851 0.22042891],1,-1,-1,0,0
12231,[0.8975976  0.67438706],2,-1,-1,1,-1
12232,[0.3287628 0.1542328],1,2,"[0.294379027732062, 0.1921773781634303]",0,0
12233,[0.28563305 0.17646894],1,2,"[0.294379027732062, 0.1921773781634303]",0,0
12234,[0.72627899 0.69048251],3,0,"[0.7890750777399501, 0.6799557517006445]",1,-1
12235,[0.4104087  0.59609825],0,1,"[0.37965276877051146, 0.575157747726818]",1,-1
12236,[0.64377344 0.65229398],3,3,"[0.6601234827680622, 0.6109507568947781]",1,-1
12237,[0.81808935 0.65665905],2,0,"[0.7890750777399501, 0.6799557517006445]",1,-1
12238,[0.79080899 0.74151527],2,0,"[0.7890750777399501, 0.6799557517006445]",1,-1
12239,[0.35784407 0.64139846],0,1,"[0.37965276877051146, 0.575157747726818]",1,-1
12240,[0.67465518 0.63737994],3,3,"[0.6601234827680622, 0.6109507568947781]",1,-1
12241,[0.27543266 0.15181122],1,2,"[0.294379027732062, 0.1921773781634303]",0,0
12242,[0.38866732 0.25223753],1,-1,-1,0,0
12243,[0.75669713 0.68681524],2,0,"[0.7890750777399501, 0.6799557517006445]",1,-1
12244,[0.54529071 0.58082823],3,-1,-1,1,-1
12245,[0.65032692 0.59821122],3,3,"[0.6601234827680622, 0.6109507568947781]",1,-1
12246,[0.44058964 0.62458848],0,-1,-1,1,-1
12247,[0.66472844 0.66318253],3,3,"[0.6601234827680622, 0.6109507568947781]",1,-1
12248,[0.81640961 0.7501138 ],2,-1,-1,1,-1
12249,[0.26304988 0.15677251],1,2,"[0.294379027732062, 0.1921773781634303]",0,0
12250,[0.65814851 0.68022195],3,3,"[0.6601234827680622, 0.6109507568947781]",1,-1
12251,[0.79780471 0.67249384],2,0,"[0.7890750777399501, 0.6799557517006445]",1,4
12252,[0.83195378 0.63558075],2,0,"[0.7890750777399501, 0.6799557517006445]",1,-1
12253,[0.67029802 0.6013246 ],3,3,"[0.6601234827680622, 0.6109507568947781]",1,-1
12254,[0.22875052 0.14046981],1,-1,-1,0,0
12255,[0.25658432 0.18191734],1,2,"[0.294379027732062, 0.1921773781634303]",0,0
12256,[0.78713436 0.60763624],2,-1,-1,1,-1
12257,[0.41116385 0.52993539],0,1,"[0.37965276877051146, 0.575157747726818]",1,-1
12258,[0.28787227 0.17035048],1,2,"[0.294379027732062, 0.1921773781634303]",0,0
12259,[0.84649441 0.66869673],2,0,"[0.7890750777399501, 0.6799557517006445]",1,-1
12260,[0.43089426 0.5802399 ],0,1,"[0.37965276877051146, 0.575157747726818]",1,-1
12261,[0.7146515  0.72226143],2,-1,-1,1,-1
12262,[0.41918953 0.61294876],0,1,"[0.37965276877051146, 0.575157747726818]",1,-1
12263,[0.65844922 0.55303455],3,3,"[0.6601234827680622, 0.6109507568947781]",1,-1
12264,[0.83607519 0.67119499],2,0,"[0.7890750777399501, 0.6799557517006445]",1,-1
12265,[0.80393714 0.68304089],2,0,"[0.7890750777399501, 0.6799557517006445]",1,-1
12266,[0.30916167 0.22315378],1,2,"[0.294379027732062, 0.1921773781634303]",0,0
12267,[0.80896201 0.62588026],2,0,"[0.7890750777399501, 0.6799557517006445]",1,-1
12268,[0.87817395 0.6716005 ],2,-1,-1,1,-1
12269,[0.72889066 0.66039287],3,0,"[0.7890750777399501, 0.6799557517006445]",1,-1
12270,[0.34495906 0.51797551],0,1,"[0.37965276877051146, 0.575157747726818]",1,-1
12271,[0.44553211 0.63945477],0,-1,-1,1,-1
12272,[0.57345246 0.56217509],3,-1,-1,1,-1
12273,[0.26508589 0.16932223],1,2,"[0.294379027732062, 0.1921773781634303]",0,0
12274,[0.8001779  0.74139236],2,0,"[0.7890750777399501, 0.6799557517006445]",1,-1
12275,[0.80031934 0.63218379],2,0,"[0.7890750777399501, 0.6799557517006445]",1,-1
12276,[0.81963596 0.66571078],2,0,"[0.7890750777399501, 0.6799557517006445]",1,-1
12277,[0.35956635 0.59006542],0,1,"[0.37965276877051146, 0.575157747726818]",1,-1
12278,[0.30089426 0.21370017],1,2,"[0.294379027732062, 0.1921773781634303]",0,0
12279,[0.33067471 0.54742918],0,1,"[0.37965276877051146, 0.575157747726818]",1,-1
12280,[0.39729692 0.52663059],0,1,"[0.37965276877051146, 0.575157747726818]",1,-1
12281,[0.32425508 0.22935638],1,2,"[0.294379027732062, 0.1921773781634303]",0,0
12282,[0.57189584 0.61737559],3,-1,-1,1,-1
12283,[0.71138362 0.60224309],3,3,"[0.6601234827680622, 0.6109507568947781]",1,-1
12284,[0.27049459 0.26693171],1,-1,-1,0,0
12285,[0.30494648 0.13983979],1,2,"[0.294379027732062, 0.1921773781634303]",0,0
12286,[0.42487726 0.59580276],0,1,"[0.37965276877051146, 0.575157747726818]",1,-1
12287,[0.22836435 0.55194257],0,-1,-1,1,-1
12288,[0.66799616 0.64467656],2,3,"[0.6601234827680622, 0.6109507568947781]",1,-1
12289,[0.85033274 0.67915602],2,0,"[0.7890750777399501, 0.6799557517006445]",1,-1
12290,[0.29549442 0.24607793],1,2,"[0.294379027732062, 0.1921773781634303]",0,0
12291,[0.43059615 0.57046758],0,1,"[0.37965276877051146, 0.575157747726818]",1,-1
12292,[0.26766058 0.15919429],1,2,"[0.294379027732062, 0.1921773781634303]",0,0
12293,[0.33489069 0.23013869],1,2,"[0.294379027732062, 0.1921773781634303]",0,0
12294,[0.68786    0.58064103],3,3,"[0.6601234827680622, 0.6109507568947781]",1,-1
12295,[0.64418013 0.63006981],3,3,"[0.6601234827680622, 0.6109507568947781]",1,-1
12296,[0.4297568  0.16418851],1,-1,-1,0,0
12297,[0.5674323  0.50630974],0,-1,-1,1,-1
12298,[0.76885339 0.70208934],2,0,"[0.7890750777399501, 0.6799557517006445]",1,-1
12299,[0.61683185 0.66224965],3,3,"[0.6601234827680622, 0.6109507568947781]",1,-1
12300,[0.85974582 0.73262608],2,-1,-1,1,-1
12301,[0.64864018 0.61304901],3,3,"[0.6601234827680622, 0.6109507568947781]",1,6
12302,[0.38591704 0.50794026],0,1,"[0.37965276877051146, 0.575157747726818]",1,-1
12303,[0.68341527 0.56430532],3,3,"[0.6601234827680622, 0.6109507568947781]",1,-1
12304,[0.35913565 0.54438168],0,1,"[0.37965276877051146, 0.575157747726818]",1,-1
12305,[0.25099849 0.23206223],1,2,"[0.294379027732062, 0.1921773781634303]",0,0
12306,[0.66749016 0.64343949],3,3,"[0.6601234827680622, 0.6109507568947781]",1,-1
12307,[0.35689996 0.11425809],1,-1,-1,0,0
12308,[0.68629444 0.59889475],3,3,"[0.6601234827680622, 0.6109507568947781]",1,5
12309,[0.33310862 0.58454463],0,1,"[0.37965276877051146, 0.575157747726818]",1,-1
12310,[0.30303963 0.26976869],1,-1,-1,0,0
12311,[0.30920836 0.53702672],0,-1,-1,1,-1
12312,[0.7054271  0.69351612],2,-1,-1,1,-1
12313,[0.37577314 0.52928525],0,1,"[0.37965276877051146, 0.575157747726818]",1,-1
12314,[0.75054591 0.61523045],3,-1,-1,1,-1
12315,[0.79534736 0.64794829],2,0,"[0.7890750777399501, 0.6799557517006445]",1,-1
12316,[0.40211195 0.55954953],0,1,"[0.37965276877051146, 0.575157747726818]",1,-1
12317,[0.38183665 0.29587513],1,-1,-1,0,0
12318,[0.8030997  0.60269738],2,-1,-1,1,-1
12319,[0.76322345 0.63673365],2,0,"[0.7890750777399501, 0.6799557517006445]",1,-1
12320,[0.58879976 0.69003311],3,-1,-1,1,-1
12321,[0.62538    0.55363794],3,3,"[0.6601234827680622, 0.6109507568947781]",1,-1
12322,[0.64066107 0.57735185],3,3,"[0.6601234827680622, 0.6109507568947781]",1,-1
12323,[0.67398472 0.70007683],3,-1,-1,1,-1
12324,[0.60103706 0.65640872],3,-1,-1,1,-1
12325,[0.31658632 0.51431488],0,-1,-1,1,-1
12326,[0.35013858 0.09783718],1,-1,-1,0,0
12327,[0.8401165  0.76014346],2,-1,-1,1,-1
12328,[0.38317031 0.55663036],0,1,"[0.37965276877051146, 0.575157747726818]",1,-1
12329,[0.62760887 0.63800526],3,3,"[0.6601234827680622, 0.6109507568947781]",1,-1
12330,[0.82439305 0.73556687],2,0,"[0.7890750777399501, 0.6799557517006445]",1,-1
12331,[0.62775879 0.58004303],3,3,"[0.6601234827680622, 0.6109507568947781]",1,-1
12332,[0.34108097 0.54514303],0,1,"[0.37965276877051146, 0.575157747726818]",1,-1
12333,[0.6281191  0.64153687],3,3,"[0.6601234827680622, 0.6109507568947781]",1,-1
12334,[0.76975593 0.63223262],3,0,"[0.7890750777399501, 0.6799557517006445]",1,-1
12335,[0.34250072 0.58644265],0,1,"[0.37965276877051146, 0.575157747726818]",1,-1
12336,[0.45554523 0.61370364],0,-1,-1,1,-1
12337,[0.81639156 0.72497634],2,0,"[0.7890750777399501, 0.6799557517006445]",1,-1
12338,[0.36519544 0.54830807],0,1,"[0.37965276877051146, 0.575157747726818]",1,-1
12339,[0.23730381 0.18525274],1,2,"[0.294379027732062, 0.1921773781634303]",0,0
12340,[0.68213522 0.66378153],3,3,"[0.6601234827680622, 0.6109507568947781]",1,-1
12341,[0.30870169 0.56913721],0,-1,-1,1,-1
12342,[0.35088823 0.56447791],0,1,"[0.37965276877051146, 0.575157747726818]",1,-1
12343,[0.32580858 0.17456296],1,2,"[0.294379027732062, 0.1921773781634303]",0,0
12344,[0.42408585 0.5846038 ],0,1,"[0.37965276877051146, 0.575157747726818]",1,-1
12345,[0.68494013 0.70671296],2,-1,-1,1,-1
12346,[0.29436722 0.20710795],1,2,"[0.294379027732062, 0.1921773781634303]",0,0
12347,[0.70858454 0.69368355],2,-1,-1,1,-1
12348,[0.40801051 0.49978412],0,-1,-1,1,-1
12349,[0.76630547 0.65823733],3,0,"[0.7890750777399501, 0.6799557517006445]",1,-1
12350,[0.35976869 0.52523958],0,1,"[0.37965276877051146, 0.575157747726818]",1,-1
12351,[0.87490095 0.70195158],2,-1,-1,1,-1
12352,[0.29419125 0.21873399],1,2,"[0.294379027732062, 0.1921773781634303]",0,0
12353,[0.46756577 0.62791489],0,-1,-1,1,-1
12354,[0.7983672  0.66506947],2,0,"[0.7890750777399501, 0.6799557517006445]",1,-1
12355,[0.30372943 0.12994507],1,2,"[0.294379027732062, 0.1921773781634303]",0,0
12356,[0.30153952 0.13320308],1,2,"[0.294379027732062, 0.1921773781634303]",0,0
12357,[0.39078379 0.59466591],0,1,"[0.37965276877051146, 0.575157747726818]",1,-1
12358,[0.76763181 0.64983334],2,0,"[0.7890750777399501, 0.6799557517006445]",1,-1
12359,[0.31684549 0.55233365],0,1,"[0.37965276877051146, 0.575157747726818]",1,-1
12360,[0.35369079 0.5783596 ],0,1,"[0.37965276877051146, 0.575157747726818]",1,-1
12361,[0.43894933 0.56045818],0,1,"[0.37965276877051146, 0.575157747726818]",1,-1
12362,[0.2313747  0.17252276],1,2,"[0.294379027732062, 0.1921773781634303]",0,0
12363,[0.65193688 0.5147694 ],3,-1,-1,1,-1
12364,[0.29735751 0.17429136],1,2,"[0.294379027732062, 0.1921773781634303]",0,0
12365,[0.2912908  0.16187851],1,2,"[0.294379027732062, 0.1921773781634303]",0,0
12366,[0.51520539 0.56422816],0,-1,-1,1,-1
12367,[0.86017858 0.58025175],2,-1,-1,1,-1
12368,[0.75831723 0.69099672],2,0,"[0.7890750777399501, 0.6799557517006445]",1,-1
12369,[0.32501738 0.20120693],1,2,"[0.294379027732062, 0.1921773781634303]",0,0
12370,[0.56853932 0.60405659],3,-1,-1,1,-1
12371,[0.33808523 0.51332456],0,-1,-1,1,-1
12372,[0.28852902 0.14584663],1,2,"[0.294379027732062, 0.1921773781634303]",0,0
12373,[0.28995755 0.14905398],1,2,"[0.294379027732062, 0.1921773781634303]",0,0
12374,[0.33242971 0.50779273],0,-1,-1,1,-1
12375,[0.4246335  0.59635032],0,1,"[0.37965276877051146, 0.575157747726818]",1,-1
12376,[0.40440353 0.59457285],0,1,"[0.37965276877051146, 0.575157747726818]",1,-1
12377,[0.87479856 0.71525772],2,-1,-1,1,-1
12378,[0.79054418 0.68658609],2,0,"[0.7890750777399501, 0.6799557517006445]",1,-1
12379,[0.73257265 0.63318294],3,-1,-1,1,-1
12380,[0.64418744 0.5484147 ],3,3,"[0.6601234827680622, 0.6109507568947781]",1,-1
12381,[0.3632671  0.22263815],1,-1,-1,0,0
12382,[0.62714675 0.56542885],3,3,"[0.6601234827680622, 0.6109507568947781]",1,-1
12383,[0.87153122 0.67208802],2,-1,-1,1,-1
12384,[0.41449628 0.53939591],0,1,"[0.37965276877051146, 0.575157747726818]",1,-1
12385,[0.3098887  0.49654085],0,-1,-1,1,-1
12386,[0.31926065 0.29200369],1,-1,-1,0,0
12387,[0.3584852  0.21319201],1,2,"[0.294379027732062, 0.1921773781634303]",0,0
12388,[0.76492053 0.65168295],2,0,"[0.7890750777399501, 0.6799557517006445]",1,-1
12389,[0.81433904 0.63365166],2,0,"[0.7890750777399501, 0.6799557517006445]",1,-1
12390,[0.74384985 0.57712148],3,-1,-1,1,-1
12391,[0.36350428 0.61692047],0,1,"[0.37965276877051146, 0.575157747726818]",1,-1
12392,[0.1888718  0.15051803],1,-1,-1,0,0
12393,[0.29836723 0.21200403],1,2,"[0.294379027732062, 0.1921773781634303]",0,0
12394,[0.30076493 0.24907485],1,2,"[0.294379027732062, 0.1921773781634303]",0,0
12395,[0.87998812 0.75203587],2,-1,-1,1,-1
12396,[0.40212367 0.63535564],0,1,"[0.37965276877051146, 0.575157747726818]",1,-1
12397,[0.2857529 0.2164999],1,2,"[0.294379027732062, 0.1921773781634303]",0,0
12398,[0.79285316 0.66617548],2,0,"[0.7890750777399501, 0.6799557517006445]",1,-1
12399,[0.29261723 0.14804842],1,2,"[0.294379027732062, 0.1921773781634303]",0,0
12400,[0.35394628 0.58537838],0,1,"[0.37965276877051146, 0.575157747726818]",1,-1
12401,[0.66171722 0.63260763],2,3,"[0.6601234827680622, 0.6109507568947781]",1,-1
12402,[0.64949065 0.59700224],3,3,"[0.6601234827680622, 0.6109507568947781]",1,-1
12403,[0.81135424 0.74986562],2,-1,-1,1,-1
12404,[0.34089525 0.20085652],1,2,"[0.294379027732062, 0.1921773781634303]",0,0
12405,[0.73964516 0.58524872],2,-1,-1,1,-1
12406,[0.66303715 0.67018849],3,3,"[0.6601234827680622, 0.6109507568947781]",1,-1
12407,[0.3413511  0.59474017],0,1,"[0.37965276877051146, 0.575157747726818]",1,-1
12408,[0.65535637 0.55371783],3,3,"[0.6601234827680622, 0.6109507568947781]",1,-1
12409,[0.30863522 0.15569407],1,2,"[0.294379027732062, 0.1921773781634303]",0,0
12410,[0.76560213 0.62253854],2,0,"[0.7890750777399501, 0.6799557517006445]",1,-1
12411,[0.2907735  0.56376941],0,-1,-1,1,-1
12412,[0.72157707 0.65578856],3,-1,-1,1,-1
12413,[0.78156942 0.62198683],2,0,"[0.7890750777399501, 0.6799557517006445]",1,-1
12414,[0.31226851 0.2083746 ],1,2,"[0.294379027732062, 0.1921773781634303]",0,0
12415,[0.78860626 0.75757916],2,-1,-1,1,-1
12416,[0.79395736 0.59592706],2,-1,-1,1,-1
12417,[0.6400273  0.64375113],3,3,"[0.6601234827680622, 0.6109507568947781]",1,-1
12418,[0.29767724 0.19515382],1,2,"[0.294379027732062, 0.1921773781634303]",0,0
12419,[0.41232289 0.48191032],0,-1,-1,1,-1
12420,[0.24751705 0.11466626],1,-1,-1,0,0
12421,[0.28888571 0.20338919],1,2,"[0.294379027732062, 0.1921773781634303]",0,0
12422,[0.6587695  0.57567763],3,3,"[0.6601234827680622, 0.6109507568947781]",1,-1
12423,[0.39360039 0.53020613],0,1,"[0.37965276877051146, 0.575157747726818]",1,-1
12424,[0.32978894 0.25545501],1,-1,-1,0,0
12425,[0.74206526 0.68199295],2,0,"[0.7890750777399501, 0.6799557517006445]",1,-1
12426,[0.65540647 0.65639808],3,3,"[0.6601234827680622, 0.6109507568947781]",1,-1
12427,[0.64891725 0.60653267],3,3,"[0.6601234827680622, 0.6109507568947781]",1,6
12428,[0.74009146 0.72547957],2,0,"[0.7890750777399501, 0.6799557517006445]",1,-1
12429,[0.82262988 0.68691538],2,0,"[0.7890750777399501, 0.6799557517006445]",1,-1
12430,[0.32465266 0.17111589],1,2,"[0.294379027732062, 0.1921773781634303]",0,0
12431,[0.38594516 0.62786126],0,1,"[0.37965276877051146, 0.575157747726818]",1,-1
12432,[0.41624025 0.46682652],0,-1,-1,1,-1
12433,[0.23125994 0.17669714],1,2,"[0.294379027732062, 0.1921773781634303]",0,0
12434,[0.66703097 0.701775  ],3,-1,-1,1,-1
12435,[0.38202952 0.65526664],0,-1,-1,1,-1
12436,[0.64440989 0.61264943],3,3,"[0.6601234827680622, 0.6109507568947781]",1,6
12437,[0.33725896 0.58257945],0,1,"[0.37965276877051146, 0.575157747726818]",1,-1
12438,[0.626524   0.56765796],3,3,"[0.6601234827680622, 0.6109507568947781]",1,-1
12439,[0.66092533 0.56750743],3,3,"[0.6601234827680622, 0.6109507568947781]",1,-1
12440,[0.24591868 0.1618554 ],1,2,"[0.294379027732062, 0.1921773781634303]",0,0
12441,[0.38944746 0.63725597],0,1,"[0.37965276877051146, 0.575157747726818]",1,-1
12442,[0.83247622 0.75699707],2,-1,-1,1,-1
12443,[0.59480201 0.5825131 ],3,-1,-1,1,-1
12444,[0.60530284 0.54919602],3,-1,-1,1,-1
12445,[0.60711476 0.53624393],3,-1,-1,1,-1
12446,[0.77057918 0.59903661],3,-1,-1,1,-1
12447,[0.68976207 0.64062596],3,3,"[0.6601234827680622, 0.6109507568947781]",1,-1
12448,[0.2764204  0.14994427],1,2,"[0.294379027732062, 0.1921773781634303]",0,0
12449,[0.66684294 0.62440341],3,3,"[0.6601234827680622, 0.6109507568947781]",1,7
12450,[0.3383625 0.5346216],0,1,"[0.37965276877051146, 0.575157747726818]",1,-1
12451,[0.67863392 0.56738566],3,3,"[0.6601234827680622, 0.6109507568947781]",1,-1
12452,[0.61595814 0.64857818],3,3,"[0.6601234827680622, 0.6109507568947781]",1,-1
12453,[0.41936753 0.57592816],0,1,"[0.37965276877051146, 0.575157747726818]",1,-1
12454,[0.56541208 0.62148495],3,-1,-1,1,-1
12455,[0.32592999 0.30165864],1,-1,-1,0,0
12456,[0.34352595 0.56802268],0,1,"[0.37965276877051146, 0.575157747726818]",1,-1
12457,[0.35880599 0.53913442],0,1,"[0.37965276877051146, 0.575157747726818]",1,-1
12458,[0.25655855 0.20869499],1,2,"[0.294379027732062, 0.1921773781634303]",0,0
12459,[0.55376388 0.68074948],3,-1,-1,1,-1
12460,[0.84569001 0.67033694],2,0,"[0.7890750777399501, 0.6799557517006445]",1,-1
12461,[0.27166452 0.16166958],1,2,"[0.294379027732062, 0.1921773781634303]",0,0
12462,[0.82152305 0.6657745 ],2,0,"[0.7890750777399501, 0.6799557517006445]",1,-1
12463,[0.35043198 0.65278857],0,-1,-1,1,-1
12464,[0.39743849 0.60512844],0,1,"[0.37965276877051146, 0.575157747726818]",1,-1
12465,[0.84973677 0.68437658],2,0,"[0.7890750777399501, 0.6799557517006445]",1,-1
12466,[0.53019335 0.62680699],3,-1,-1,1,-1
12467,[0.28321005 0.16455688],1,2,"[0.294379027732062, 0.1921773781634303]",0,0
12468,[0.30322845 0.63584163],0,-1,-1,1,-1
12469,[0.6854985 0.676187 ],3,3,"[0.6601234827680622, 0.6109507568947781]",1,-1
12470,[0.25161941 0.19676026],1,2,"[0.294379027732062, 0.1921773781634303]",0,0
12471,[0.71030325 0.59342321],3,3,"[0.6601234827680622, 0.6109507568947781]",1,-1
12472,[0.79700781 0.55515133],2,-1,-1,1,-1
12473,[0.34942976 0.47643736],0,-1,-1,1,-1
12474,[0.28660934 0.16708106],1,2,"[0.294379027732062, 0.1921773781634303]",0,0
12475,[0.28931927 0.13007944],1,2,"[0.294379027732062, 0.1921773781634303]",0,0
12476,[0.32081007 0.66450328],0,-1,-1,1,-1
12477,[0.36813626 0.61297394],0,1,"[0.37965276877051146, 0.575157747726818]",1,-1
12478,[0.86762005 0.61521782],2,-1,-1,1,-1
12479,[0.65906057 0.58992161],3,3,"[0.6601234827680622, 0.6109507568947781]",1,-1
12480,[0.23739058 0.20868663],1,2,"[0.294379027732062, 0.1921773781634303]",0,0
12481,[0.79277182 0.68480766],2,0,"[0.7890750777399501, 0.6799557517006445]",1,-1
12482,[0.42952029 0.5914725 ],0,1,"[0.37965276877051146, 0.575157747726818]",1,-1
12483,[0.32488428 0.22626479],1,2,"[0.294379027732062, 0.1921773781634303]",0,0
12484,[0.70685008 0.60624801],3,3,"[0.6601234827680622, 0.6109507568947781]",1,-1
12485,[0.34083798 0.56206401],0,1,"[0.37965276877051146, 0.575157747726818]",1,-1
12486,[0.84726817 0.62309927],2,-1,-1,1,-1
12487,[0.636265   0.56803635],3,3,"[0.6601234827680622, 0.6109507568947781]",1,-1
12488,[0.73716219 0.58695556],3,-1,-1,1,-1
12489,[0.42751897 0.59637651],0,1,"[0.37965276877051146, 0.575157747726818]",1,-1
12490,[0.34720372 0.62046669],0,1,"[0.37965276877051146, 0.575157747726818]",1,-1
12491,[0.72461901 0.72210956],2,-1,-1,1,-1
12492,[0.78245167 0.70159797],2,0,"[0.7890750777399501, 0.6799557517006445]",1,-1
12493,[0.786155   0.72049324],2,0,"[0.7890750777399501, 0.6799557517006445]",1,-1
12494,[0.68986562 0.60437353],3,3,"[0.6601234827680622, 0.6109507568947781]",1,5
12495,[0.38103767 0.22954112],1,-1,-1,0,0
12496,[0.83373821 0.65121381],2,0,"[0.7890750777399501, 0.6799557517006445]",1,-1
12497,[0.65328042 0.58094137],3,3,"[0.6601234827680622, 0.6109507568947781]",1,-1
12498,[0.30999569 0.17952232],1,2,"[0.294379027732062, 0.1921773781634303]",0,0
12499,[0.61269466 0.57461382],3,3,"[0.6601234827680622, 0.6109507568947781]",1,-1
12500,[0.39564721 0.53407488],0,1,"[0.37965276877051146, 0.575157747726818]",1,-1
12501,[0.3958562  0.50535808],0,-1,-1,1,-1
12502,[0.71095759 0.6252517 ],3,3,"[0.6601234827680622, 0.6109507568947781]",1,-1
12503,[0.30340212 0.15366388],1,2,"[0.294379027732062, 0.1921773781634303]",0,0
12504,[0.68693746 0.81261401],2,-1,-1,1,-1
12505,[0.60692697 0.68860653],3,-1,-1,1,-1
12506,[0.44263991 0.5665702 ],0,1,"[0.37965276877051146, 0.575157747726818]",1,-1
12507,[0.8448947  0.61138232],2,-1,-1,1,-1
12508,[0.76138436 0.60429055],2,-1,-1,1,-1
12509,[0.81518314 0.64042582],2,0,"[0.7890750777399501, 0.6799557517006445]",1,-1
12510,[0.39027932 0.56811274],0,1,"[0.37965276877051146, 0.575157747726818]",1,-1
12511,[0.45011383 0.62271646],0,-1,-1,1,-1
12512,[0.76376377 0.69321186],2,0,"[0.7890750777399501, 0.6799557517006445]",1,-1
12513,[0.79422744 0.69783488],2,0,"[0.7890750777399501, 0.6799557517006445]",1,-1
12514,[0.8284402  0.71840629],2,0,"[0.7890750777399501, 0.6799557517006445]",1,-1
12515,[0.21615305 0.26965448],1,-1,-1,0,0
12516,[0.31607945 0.1696093 ],1,2,"[0.294379027732062, 0.1921773781634303]",0,0
12517,[0.30878269 0.15862497],1,2,"[0.294379027732062, 0.1921773781634303]",0,0
12518,[0.34068559 0.60425211],0,1,"[0.37965276877051146, 0.575157747726818]",1,-1
12519,[0.76208855 0.59953306],2,-1,-1,1,-1
12520,[0.37770657 0.58378536],0,1,"[0.37965276877051146, 0.575157747726818]",1,-1
12521,[0.29039708 0.21404229],1,2,"[0.294379027732062, 0.1921773781634303]",0,0
12522,[0.71066847 0.62748851],3,3,"[0.6601234827680622, 0.6109507568947781]",1,-1
12523,[0.41623125 0.72185863],0,-1,-1,1,-1
12524,[0.34211769 0.18291947],1,2,"[0.294379027732062, 0.1921773781634303]",0,0
12525,[0.42143925 0.52938098],0,1,"[0.37965276877051146, 0.575157747726818]",1,-1
12526,[0.83319078 0.65075135],2,0,"[0.7890750777399501, 0.6799557517006445]",1,-1
12527,[0.35186088 0.54475997],0,1,"[0.37965276877051146, 0.575157747726818]",1,-1
12528,[0.83914782 0.6963383 ],2,0,"[0.7890750777399501, 0.6799557517006445]",1,-1
12529,[0.30806779 0.12654112],1,2,"[0.294379027732062, 0.1921773781634303]",0,0
12530,[0.41867707 0.54007723],0,1,"[0.37965276877051146, 0.575157747726818]",1,-1
12531,[0.73727784 0.572843  ],3,-1,-1,1,-1
12532,[0.8582617  0.60246206],2,-1,-1,1,-1
12533,[0.67427835 0.57032648],3,3,"[0.6601234827680622, 0.6109507568947781]",1,-1
12534,[0.71464743 0.63415727],3,3,"[0.6601234827680622, 0.6109507568947781]",1,-1
12535,[0.37773116 0.58803142],0,1,"[0.37965276877051146, 0.575157747726818]",1,-1
12536,[0.39997099 0.55171259],0,1,"[0.37965276877051146, 0.575157747726818]",1,-1
12537,[0.68479539 0.606352  ],3,3,"[0.6601234827680622, 0.6109507568947781]",1,5
12538,[0.2612689  0.17706918],1,2,"[0.294379027732062, 0.1921773781634303]",0,0
12539,[0.65046751 0.6184165 ],3,3,"[0.6601234827680622, 0.6109507568947781]",1,-1
12540,[0.81988921 0.66143909],2,0,"[0.7890750777399501, 0.6799557517006445]",1,-1
12541,[0.73548413 0.58730495],2,-1,-1,1,-1
12542,[0.34547958 0.10904695],1,-1,-1,0,0
12543,[0.33458759 0.68151871],0,-1,-1,1,-1
12544,[0.31493985 0.17207936],1,2,"[0.294379027732062, 0.1921773781634303]",0,0
12545,[0.25647969 0.11072332],1,-1,-1,0,0
12546,[0.79505294 0.62412446],2,0,"[0.7890750777399501, 0.6799557517006445]",1,-1
12547,[0.66744306 0.54711712],3,3,"[0.6601234827680622, 0.6109507568947781]",1,-1
12548,[0.38822583 0.61246393],0,1,"[0.37965276877051146, 0.575157747726818]",1,-1
12549,[0.4315377  0.55718046],0,1,"[0.37965276877051146, 0.575157747726818]",1,-1
12550,[0.74699506 0.60249983],2,-1,-1,1,-1
12551,[0.43644925 0.53032575],0,-1,-1,1,-1
12552,[0.67325967 0.56691646],3,3,"[0.6601234827680622, 0.6109507568947781]",1,-1
12553,[0.78489744 0.65331034],2,0,"[0.7890750777399501, 0.6799557517006445]",1,-1
12554,[0.31766353 0.62383822],0,-1,-1,1,-1
12555,[0.82577147 0.66294144],2,0,"[0.7890750777399501, 0.6799557517006445]",1,-1
12556,[0.39163334 0.59976921],0,1,"[0.37965276877051146, 0.575157747726818]",1,-1
12557,[0.67925702 0.58222891],3,3,"[0.6601234827680622, 0.6109507568947781]",1,-1
12558,[0.30584649 0.16169019],1,2,"[0.294379027732062, 0.1921773781634303]",0,0
12559,[0.67967306 0.50545372],3,-1,-1,1,-1
12560,[0.30318716 0.21681286],1,2,"[0.294379027732062, 0.1921773781634303]",0,0
12561,[0.32915287 0.65655558],0,-1,-1,1,-1
12562,[0.77366953 0.69299539],2,0,"[0.7890750777399501, 0.6799557517006445]",1,-1
12563,[0.64878555 0.59931803],3,3,"[0.6601234827680622, 0.6109507568947781]",1,-1
12564,[0.86784481 0.71798305],2,-1,-1,1,-1
12565,[0.66423308 0.64348619],3,3,"[0.6601234827680622, 0.6109507568947781]",1,-1
12566,[0.4065272  0.59169703],0,1,"[0.37965276877051146, 0.575157747726818]",1,-1
12567,[0.36217758 0.61848   ],0,1,"[0.37965276877051146, 0.575157747726818]",1,-1
12568,[0.85599629 0.71948483],2,-1,-1,1,-1
12569,[0.67502281 0.6011315 ],3,3,"[0.6601234827680622, 0.6109507568947781]",1,5
12570,[0.23504303 0.1516625 ],1,-1,-1,0,0
12571,[0.650557   0.59809288],3,3,"[0.6601234827680622, 0.6109507568947781]",1,-1
12572,[0.62278016 0.64944959],3,3,"[0.6601234827680622, 0.6109507568947781]",1,-1
12573,[0.37082588 0.56096235],0,1,"[0.37965276877051146, 0.575157747726818]",1,1
12574,[0.34308822 0.54599237],0,1,"[0.37965276877051146, 0.575157747726818]",1,-1
12575,[0.57718043 0.54021539],3,-1,-1,1,-1
12576,[0.76900696 0.59387693],3,-1,-1,1,-1
12577,[0.7934675  0.76361957],2,-1,-1,1,-1
12578,[0.73074335 0.75252961],2,-1,-1,1,-1
12579,[0.79166703 0.68098197],2,0,"[0.7890750777399501, 0.6799557517006445]",1,-1
12580,[0.3115799  0.24857593],1,2,"[0.294379027732062, 0.1921773781634303]",0,0
12581,[0.30767918 0.15950826],1,2,"[0.294379027732062, 0.1921773781634303]",0,0
12582,[0.63625491 0.59073735],3,3,"[0.6601234827680622, 0.6109507568947781]",1,-1
12583,[0.30823025 0.18430192],1,2,"[0.294379027732062, 0.1921773781634303]",0,0
12584,[0.29310042 0.24913081],1,2,"[0.294379027732062, 0.1921773781634303]",0,0
12585,[0.30031862 0.48868256],0,-1,-1,1,-1
12586,[0.76301939 0.67260359],2,0,"[0.7890750777399501, 0.6799557517006445]",1,-1
12587,[0.30127378 0.53095105],0,-1,-1,1,-1
12588,[0.61310827 0.56943719],3,3,"[0.6601234827680622, 0.6109507568947781]",1,-1
12589,[0.59062337 0.6014867 ],3,-1,-1,1,-1
12590,[0.32410388 0.17341919],1,2,"[0.294379027732062, 0.1921773781634303]",0,0
12591,[0.32480576 0.54120013],0,1,"[0.37965276877051146, 0.575157747726818]",1,-1
12592,[0.2342298  0.26768861],1,-1,-1,0,0
12593,[0.37115718 0.5260606 ],0,1,"[0.37965276877051146, 0.575157747726818]",1,-1
12594,[0.29657131 0.57777772],0,-1,-1,1,-1
12595,[0.77825265 0.59166028],2,-1,-1,1,-1
12596,[0.2584889  0.65919193],0,-1,-1,1,-1
12597,[0.73461621 0.6467059 ],2,0,"[0.7890750777399501, 0.6799557517006445]",1,-1
12598,[0.21386395 0.1599303 ],1,-1,-1,0,0
12599,[0.64810455 0.60965109],3,3,"[0.6601234827680622, 0.6109507568947781]",1,6
12600,[0.32023714 0.56712092],0,1,"[0.37965276877051146, 0.575157747726818]",1,-1
12601,[0.60790969 0.62566749],3,3,"[0.6601234827680622, 0.6109507568947781]",1,-1
12602,[0.80636492 0.64069894],2,0,"[0.7890750777399501, 0.6799557517006445]",1,-1
12603,[0.72427932 0.66100735],2,0,"[0.7890750777399501, 0.6799557517006445]",1,-1
12604,[0.26201026 0.59738708],0,-1,-1,1,-1
12605,[0.33702777 0.56041468],0,1,"[0.37965276877051146, 0.575157747726818]",1,-1
12606,[0.67377877 0.68182293],2,-1,-1,1,-1
12607,[0.2161786  0.26312581],1,-1,-1,0,0
12608,[0.36755815 0.51332179],0,1,"[0.37965276877051146, 0.575157747726818]",1,-1
12609,[0.24623913 0.22438406],1,2,"[0.294379027732062, 0.1921773781634303]",0,0
12610,[0.2317675  0.13657952],1,-1,-1,0,0
12611,[0.72998382 0.69939098],2,0,"[0.7890750777399501, 0.6799557517006445]",1,-1
12612,[0.25874525 0.20460204],1,2,"[0.294379027732062, 0.1921773781634303]",0,0
12613,[0.75101007 0.73439691],2,0,"[0.7890750777399501, 0.6799557517006445]",1,-1
12614,[0.4249228  0.56482567],0,1,"[0.37965276877051146, 0.575157747726818]",1,-1
12615,[0.37935693 0.19050157],1,-1,-1,0,0
12616,[0.7867489  0.61929539],2,0,"[0.7890750777399501, 0.6799557517006445]",1,-1
12617,[0.29383535 0.17185999],1,2,"[0.294379027732062, 0.1921773781634303]",0,0
12618,[0.85260181 0.7045047 ],2,0,"[0.7890750777399501, 0.6799557517006445]",1,-1
12619,[0.63442915 0.67122291],3,3,"[0.6601234827680622, 0.6109507568947781]",1,-1
12620,[0.34800621 0.25322433],1,-1,-1,0,0
12621,[0.2706955  0.13173188],1,2,"[0.294379027732062, 0.1921773781634303]",0,0
12622,[0.68134851 0.62336422],3,3,"[0.6601234827680622, 0.6109507568947781]",1,7
12623,[0.24213593 0.32538682],1,-1,-1,0,0
12624,[0.69273077 0.59773434],3,3,"[0.6601234827680622, 0.6109507568947781]",1,-1
12625,[0.63570284 0.6166343 ],3,3,"[0.6601234827680622, 0.6109507568947781]",1,-1
12626,[0.29754126 0.26141853],1,2,"[0.294379027732062, 0.1921773781634303]",0,0
12627,[0.68228409 0.57627606],3,3,"[0.6601234827680622, 0.6109507568947781]",1,-1
12628,[0.22894424 0.20302285],1,2,"[0.294379027732062, 0.1921773781634303]",0,0
12629,[0.75700139 0.62342484],2,0,"[0.7890750777399501, 0.6799557517006445]",1,-1
12630,[0.69427531 0.60093469],3,3,"[0.6601234827680622, 0.6109507568947781]",1,-1
12631,[0.2992559  0.16605894],1,2,"[0.294379027732062, 0.1921773781634303]",0,0
12632,[0.37063412 0.55537373],0,1,"[0.37965276877051146, 0.575157747726818]",1,-1
12633,[0.34526327 0.55878891],0,1,"[0.37965276877051146, 0.575157747726818]",1,-1
12634,[0.26477995 0.19975333],1,2,"[0.294379027732062, 0.1921773781634303]",0,0
12635,[0.7810334  0.61221113],2,0,"[0.7890750777399501, 0.6799557517006445]",1,-1
12636,[0.75041933 0.70935198],2,0,"[0.7890750777399501, 0.6799557517006445]",1,-1
12637,[0.61365564 0.66435281],3,-1,-1,1,-1
12638,[0.61212868 0.67744865],3,-1,-1,1,-1
12639,[0.67251134 0.64682094],3,3,"[0.6601234827680622, 0.6109507568947781]",1,-1
12640,[0.84083675 0.64472104],2,0,"[0.7890750777399501, 0.6799557517006445]",1,-1
12641,[0.71413818 0.74167117],2,-1,-1,1,-1
12642,[0.43081993 0.61485019],0,1,"[0.37965276877051146, 0.575157747726818]",1,-1
12643,[0.31623534 0.65700113],0,-1,-1,1,-1
12644,[0.36825436 0.57972453],0,1,"[0.37965276877051146, 0.575157747726818]",1,-1
12645,[0.4534646  0.53819423],0,-1,-1,1,-1
12646,[0.41468845 0.53554   ],0,1,"[0.37965276877051146, 0.575157747726818]",1,-1
12647,[0.51714177 0.63898505],3,-1,-1,1,-1
12648,[0.26215846 0.17140354],1,2,"[0.294379027732062, 0.1921773781634303]",0,0
12649,[0.70412281 0.62276884],3,3,"[0.6601234827680622, 0.6109507568947781]",1,-1
12650,[0.32634573 0.12567236],1,-1,-1,0,0
12651,[0.77998579 0.76346633],2,-1,-1,1,-1
12652,[0.78862494 0.69110019],2,0,"[0.7890750777399501, 0.6799557517006445]",1,-1
12653,[0.24843225 0.17289077],1,2,"[0.294379027732062, 0.1921773781634303]",0,0
12654,[0.51047543 0.54801151],0,-1,-1,1,-1
12655,[0.7432389  0.61981911],2,-1,-1,1,-1
12656,[0.22209629 0.09675976],1,-1,-1,0,0
12657,[0.79535631 0.75786669],2,-1,-1,1,-1
12658,[0.82529159 0.7327927 ],2,0,"[0.7890750777399501, 0.6799557517006445]",1,-1
12659,[0.76030511 0.59154721],2,-1,-1,1,-1
12660,[0.6934554  0.55174459],3,3,"[0.6601234827680622, 0.6109507568947781]",1,-1
12661,[0.29661663 0.15274189],1,2,"[0.294379027732062, 0.1921773781634303]",0,0
12662,[0.66395156 0.66384687],3,3,"[0.6601234827680622, 0.6109507568947781]",1,-1
12663,[0.85313927 0.57616556],2,-1,-1,1,-1
12664,[0.34038683 0.49738789],0,-1,-1,1,-1
12665,[0.4657385  0.59998382],0,-1,-1,1,-1
12666,[0.38765799 0.19919203],1,-1,-1,0,0
12667,[0.39889719 0.55723843],0,1,"[0.37965276877051146, 0.575157747726818]",1,-1
12668,[0.26498975 0.62246548],0,-1,-1,1,-1
12669,[0.74393553 0.65207345],2,0,"[0.7890750777399501, 0.6799557517006445]",1,-1
12670,[0.27457376 0.1680234 ],1,2,"[0.294379027732062, 0.1921773781634303]",0,0
12671,[0.26938995 0.23914116],1,2,"[0.294379027732062, 0.1921773781634303]",0,0
12672,[0.33965535 0.47972988],0,-1,-1,1,-1
12673,[0.76962063 0.56428651],2,-1,-1,1,-1
12674,[0.68239907 0.57823655],3,3,"[0.6601234827680622, 0.6109507568947781]",1,-1
12675,[0.39608589 0.68752263],0,-1,-1,1,-1
12676,[0.35002001 0.23417911],1,2,"[0.294379027732062, 0.1921773781634303]",0,0
12677,[0.29849896 0.62062998],0,-1,-1,1,-1
12678,[0.21638672 0.56368658],0,-1,-1,1,-1
12679,[0.80384459 0.68420498],2,0,"[0.7890750777399501, 0.6799557517006445]",1,-1
12680,[0.65132573 0.59799894],3,3,"[0.6601234827680622, 0.6109507568947781]",1,-1
12681,[0.35553435 0.58517897],0,1,"[0.37965276877051146, 0.575157747726818]",1,-1
12682,[0.27593054 0.17477861],1,2,"[0.294379027732062, 0.1921773781634303]",0,0
12683,[0.81548269 0.7561031 ],2,-1,-1,1,-1
12684,[0.35605441 0.51964012],0,1,"[0.37965276877051146, 0.575157747726818]",1,-1
12685,[0.81830442 0.62696932],2,0,"[0.7890750777399501, 0.6799557517006445]",1,-1
12686,[0.32573506 0.66103817],0,-1,-1,1,-1
12687,[0.30118776 0.54539772],0,-1,-1,1,-1
12688,[0.45401125 0.57639923],0,-1,-1,1,-1
12689,[0.41222738 0.59338966],0,1,"[0.37965276877051146, 0.575157747726818]",1,-1
12690,[0.29667401 0.55802587],0,-1,-1,1,-1
12691,[0.81508468 0.69101854],2,0,"[0.7890750777399501, 0.6799557517006445]",1,-1
12692,[0.83704144 0.63721162],2,0,"[0.7890750777399501, 0.6799557517006445]",1,-1
12693,[0.40511882 0.58039124],0,1,"[0.37965276877051146, 0.575157747726818]",1,-1
12694,[0.31803005 0.19520493],1,2,"[0.294379027732062, 0.1921773781634303]",0,0
12695,[0.81131393 0.68462208],2,0,"[0.7890750777399501, 0.6799557517006445]",1,4
12696,[0.82953978 0.6224156 ],2,-1,-1,1,-1
12697,[0.64208709 0.66066481],3,3,"[0.6601234827680622, 0.6109507568947781]",1,-1
12698,[0.83494821 0.69166703],2,0,"[0.7890750777399501, 0.6799557517006445]",1,-1
12699,[0.69296356 0.56026555],3,3,"[0.6601234827680622, 0.6109507568947781]",1,-1
12700,[0.65007435 0.54768524],3,3,"[0.6601234827680622, 0.6109507568947781]",1,-1
12701,[0.32392737 0.2147843 ],1,2,"[0.294379027732062, 0.1921773781634303]",0,0
12702,[0.87612435 0.65202817],2,-1,-1,1,-1
12703,[0.72708021 0.71861292],2,-1,-1,1,-1
12704,[0.28982741 0.19150809],1,2,"[0.294379027732062, 0.1921773781634303]",0,0
12705,[0.37197065 0.51335815],0,1,"[0.37965276877051146, 0.575157747726818]",1,-1
12706,[0.77646171 0.80034794],2,-1,-1,1,-1
12707,[0.16243206 0.11108572],1,-1,-1,0,0
12708,[0.61057883 0.67053125],3,-1,-1,1,-1
12709,[0.780485  0.6747786],2,0,"[0.7890750777399501, 0.6799557517006445]",1,4
12710,[0.72922299 0.73276158],2,-1,-1,1,-1
12711,[0.31097266 0.54251212],0,-1,-1,1,-1
12712,[0.76198629 0.67621522],3,0,"[0.7890750777399501, 0.6799557517006445]",1,-1
12713,[0.38594927 0.54131458],0,1,"[0.37965276877051146, 0.575157747726818]",1,-1
12714,[0.65910594 0.72764418],3,-1,-1,1,-1
12715,[0.65935909 0.58406979],3,3,"[0.6601234827680622, 0.6109507568947781]",1,-1
12716,[0.73610892 0.74441003],2,-1,-1,1,-1
12717,[0.67397985 0.6460605 ],3,3,"[0.6601234827680622, 0.6109507568947781]",1,-1
12718,[0.6631369  0.58341271],3,3,"[0.6601234827680622, 0.6109507568947781]",1,6
12719,[0.3436314  0.51746677],0,1,"[0.37965276877051146, 0.575157747726818]",1,-1
12720,[0.69045057 0.59335987],3,3,"[0.6601234827680622, 0.6109507568947781]",1,-1
12721,[0.36884054 0.61483278],0,1,"[0.37965276877051146, 0.575157747726818]",1,-1
12722,[0.27758578 0.22856947],1,2,"[0.294379027732062, 0.1921773781634303]",0,0
12723,[0.69633711 0.63364183],3,3,"[0.6601234827680622, 0.6109507568947781]",1,-1
12724,[0.74874713 0.61841303],3,-1,-1,1,-1
12725,[0.64824202 0.55688628],3,3,"[0.6601234827680622, 0.6109507568947781]",1,-1
12726,[0.76210899 0.69113541],2,0,"[0.7890750777399501, 0.6799557517006445]",1,4
12727,[0.71078472 0.63927939],2,3,"[0.6601234827680622, 0.6109507568947781]",1,-1
12728,[0.81657736 0.54230781],2,-1,-1,1,-1
12729,[0.34012418 0.26523364],1,-1,-1,0,0
12730,[0.3646557  0.64642288],0,-1,-1,1,-1
12731,[0.29530514 0.51374601],0,-1,-1,1,-1
12732,[0.78727401 0.6431646 ],2,0,"[0.7890750777399501, 0.6799557517006445]",1,-1
12733,[0.64035739 0.65077362],3,3,"[0.6601234827680622, 0.6109507568947781]",1,-1
12734,[0.61978391 0.61880165],3,3,"[0.6601234827680622, 0.6109507568947781]",1,-1
12735,[0.82589699 0.70110721],2,0,"[0.7890750777399501, 0.6799557517006445]",1,-1
12736,[0.41862204 0.5544501 ],0,1,"[0.37965276877051146, 0.575157747726818]",1,-1
12737,[0.59309098 0.6411926 ],3,-1,-1,1,-1
12738,[0.62170875 0.60745055],3,3,"[0.6601234827680622, 0.6109507568947781]",1,-1
12739,[0.27997142 0.16271061],1,2,"[0.294379027732062, 0.1921773781634303]",0,0
12740,[0.28428459 0.20955168],1,2,"[0.294379027732062, 0.1921773781634303]",0,0
12741,[0.72145892 0.63465836],3,3,"[0.6601234827680622, 0.6109507568947781]",1,-1
12742,[0.31892994 0.24482672],1,2,"[0.294379027732062, 0.1921773781634303]",0,0
12743,[0.79697324 0.6419625 ],2,0,"[0.7890750777399501, 0.6799557517006445]",1,-1
12744,[0.78891361 0.77391517],2,-1,-1,1,-1
12745,[0.41266476 0.55153534],0,1,"[0.37965276877051146, 0.575157747726818]",1,-1
12746,[0.66560811 0.6511006 ],3,3,"[0.6601234827680622, 0.6109507568947781]",1,-1
12747,[0.32216992 0.19214684],1,2,"[0.294379027732062, 0.1921773781634303]",0,0
12748,[0.20528164 0.18525681],1,-1,-1,0,0
12749,[0.32911152 0.16104492],1,2,"[0.294379027732062, 0.1921773781634303]",0,0
12750,[0.62010223 0.57954566],3,3,"[0.6601234827680622, 0.6109507568947781]",1,-1
12751,[0.36832295 0.54864808],0,1,"[0.37965276877051146, 0.575157747726818]",1,-1
12752,[0.7764194  0.68586377],2,0,"[0.7890750777399501, 0.6799557517006445]",1,-1
12753,[0.37544097 0.17035863],1,-1,-1,0,0
12754,[0.31989996 0.12329754],1,-1,-1,0,0
12755,[0.27450693 0.12649327],1,2,"[0.294379027732062, 0.1921773781634303]",0,0
12756,[0.67626869 0.63343372],3,3,"[0.6601234827680622, 0.6109507568947781]",1,-1
12757,[0.32312606 0.25778577],1,-1,-1,0,0
12758,[0.36888313 0.21656061],1,-1,-1,0,0
12759,[0.40217053 0.52620504],0,1,"[0.37965276877051146, 0.575157747726818]",1,-1
12760,[0.81326106 0.61360776],2,-1,-1,1,-1
12761,[0.40440795 0.69637378],0,-1,-1,1,-1
12762,[0.33482066 0.2299589 ],1,2,"[0.294379027732062, 0.1921773781634303]",0,0
12763,[0.64088094 0.64397974],3,3,"[0.6601234827680622, 0.6109507568947781]",1,-1
12764,[0.77467307 0.70288456],2,0,"[0.7890750777399501, 0.6799557517006445]",1,-1
12765,[0.74521547 0.58220951],2,-1,-1,1,-1
12766,[0.7724786 0.6041796],2,-1,-1,1,-1
12767,[0.83987971 0.64568364],2,0,"[0.7890750777399501, 0.6799557517006445]",1,-1
12768,[0.36153055 0.21192981],1,2,"[0.294379027732062, 0.1921773781634303]",0,0
12769,[0.44114963 0.65226667],0,-1,-1,1,-1
12770,[0.76692893 0.6314261 ],2,0,"[0.7890750777399501, 0.6799557517006445]",1,-1
12771,[0.56533425 0.58024743],3,-1,-1,1,-1
12772,[0.83716045 0.69578381],2,0,"[0.7890750777399501, 0.6799557517006445]",1,-1
12773,[0.32554378 0.53845957],0,1,"[0.37965276877051146, 0.575157747726818]",1,-1
12774,[0.83963482 0.68268314],2,0,"[0.7890750777399501, 0.6799557517006445]",1,-1
12775,[0.28755087 0.20934031],1,2,"[0.294379027732062, 0.1921773781634303]",0,0
12776,[0.29894508 0.17115375],1,2,"[0.294379027732062, 0.1921773781634303]",0,0
12777,[0.69318515 0.73053872],2,-1,-1,1,-1
12778,[0.69076919 0.63540658],2,3,"[0.6601234827680622, 0.6109507568947781]",1,-1
12779,[0.62108866 0.71828616],3,-1,-1,1,-1
12780,[0.71105296 0.55147225],3,-1,-1,1,-1
12781,[0.19197821 0.23156484],1,-1,-1,0,0
12782,[0.40455024 0.59197348],0,1,"[0.37965276877051146, 0.575157747726818]",1,-1
12783,[0.26126546 0.29297061],1,-1,-1,0,0
12784,[0.81768272 0.72680362],2,0,"[0.7890750777399501, 0.6799557517006445]",1,-1
12785,[0.86120772 0.71218859],2,-1,-1,1,-1
12786,[0.7348283  0.59283268],3,-1,-1,1,-1
12787,[0.23726702 0.18559273],1,2,"[0.294379027732062, 0.1921773781634303]",0,0
12788,[0.32953023 0.52661533],0,1,"[0.37965276877051146, 0.575157747726818]",1,-1
12789,[0.70627433 0.63894603],3,3,"[0.6601234827680622, 0.6109507568947781]",1,-1
12790,[0.72248053 0.62997933],3,3,"[0.6601234827680622, 0.6109507568947781]",1,-1
12791,[0.63124836 0.61721571],3,3,"[0.6601234827680622, 0.6109507568947781]",1,-1
12792,[0.77094691 0.63151512],2,0,"[0.7890750777399501, 0.6799557517006445]",1,-1
12793,[0.73132756 0.65867812],2,0,"[0.7890750777399501, 0.6799557517006445]",1,-1
12794,[0.67661246 0.63125485],3,3,"[0.6601234827680622, 0.6109507568947781]",1,-1
12795,[0.73458468 0.6251552 ],3,-1,-1,1,-1
12796,[0.3388858  0.53862391],0,1,"[0.37965276877051146, 0.575157747726818]",1,-1
12797,[0.66131704 0.66316735],3,3,"[0.6601234827680622, 0.6109507568947781]",1,-1
12798,[0.78156399 0.68291512],2,0,"[0.7890750777399501, 0.6799557517006445]",1,4
12799,[0.73541145 0.59093425],3,-1,-1,1,-1
12800,[0.26845903 0.19592715],1,2,"[0.294379027732062, 0.1921773781634303]",0,0
12801,[0.44217856 0.60446796],0,1,"[0.37965276877051146, 0.575157747726818]",1,-1
12802,[0.32824794 0.58810867],0,1,"[0.37965276877051146, 0.575157747726818]",1,-1
12803,[0.32196207 0.18846316],1,2,"[0.294379027732062, 0.1921773781634303]",0,0
12804,[0.31312213 0.22339808],1,2,"[0.294379027732062, 0.1921773781634303]",0,0
12805,[0.43686024 0.46950319],0,-1,-1,1,-1
12806,[0.63127436 0.61745808],3,3,"[0.6601234827680622, 0.6109507568947781]",1,-1
12807,[0.81221015 0.66933416],2,0,"[0.7890750777399501, 0.6799557517006445]",1,-1
12808,[0.38557833 0.53530634],0,1,"[0.37965276877051146, 0.575157747726818]",1,-1
12809,[0.78453307 0.70137862],2,0,"[0.7890750777399501, 0.6799557517006445]",1,-1
12810,[0.27963166 0.1167126 ],1,-1,-1,0,0
12811,[0.80765115 0.65506289],2,0,"[0.7890750777399501, 0.6799557517006445]",1,-1
12812,[0.32444354 0.15344168],1,2,"[0.294379027732062, 0.1921773781634303]",0,0
12813,[0.2854515  0.22554131],1,2,"[0.294379027732062, 0.1921773781634303]",0,0
12814,[0.36754325 0.70443739],0,-1,-1,1,-1
12815,[0.36105075 0.59452152],0,1,"[0.37965276877051146, 0.575157747726818]",1,-1
12816,[0.75383962 0.49420056],3,-1,-1,1,-1
12817,[0.7793824  0.65752635],2,0,"[0.7890750777399501, 0.6799557517006445]",1,-1
12818,[0.28386262 0.19618269],1,2,"[0.294379027732062, 0.1921773781634303]",0,0
12819,[0.34009262 0.56043232],0,1,"[0.37965276877051146, 0.575157747726818]",1,-1
12820,[0.77878629 0.72587621],2,0,"[0.7890750777399501, 0.6799557517006445]",1,-1
12821,[0.29708763 0.4696147 ],0,-1,-1,1,-1
12822,[0.35667453 0.63381607],0,1,"[0.37965276877051146, 0.575157747726818]",1,-1
12823,[0.30183557 0.16060244],1,2,"[0.294379027732062, 0.1921773781634303]",0,0
12824,[0.36531335 0.59709995],0,1,"[0.37965276877051146, 0.575157747726818]",1,-1
12825,[0.43131104 0.60904077],0,1,"[0.37965276877051146, 0.575157747726818]",1,-1
12826,[0.78016555 0.58707216],3,-1,-1,1,-1
12827,[0.69906674 0.59882364],3,3,"[0.6601234827680622, 0.6109507568947781]",1,-1
12828,[0.37213887 0.51437977],0,1,"[0.37965276877051146, 0.575157747726818]",1,-1
12829,[0.80879413 0.63396919],2,0,"[0.7890750777399501, 0.6799557517006445]",1,-1
12830,[0.36386191 0.57740481],0,1,"[0.37965276877051146, 0.575157747726818]",1,-1
12831,[0.68559352 0.62802468],3,3,"[0.6601234827680622, 0.6109507568947781]",1,7
12832,[0.32330484 0.52123033],0,-1,-1,1,-1
12833,[0.72256841 0.67264883],2,0,"[0.7890750777399501, 0.6799557517006445]",1,-1
12834,[0.84695622 0.67186331],2,0,"[0.7890750777399501, 0.6799557517006445]",1,-1
12835,[0.33770205 0.18037182],1,2,"[0.294379027732062, 0.1921773781634303]",0,0
12836,[0.27666164 0.21074511],1,2,"[0.294379027732062, 0.1921773781634303]",0,0
12837,[0.42816105 0.56717109],0,1,"[0.37965276877051146, 0.575157747726818]",1,-1
12838,[0.80033805 0.70985479],2,0,"[0.7890750777399501, 0.6799557517006445]",1,-1
12839,[0.41099865 0.63511225],0,1,"[0.37965276877051146, 0.575157747726818]",1,-1
12840,[0.8295321  0.65648615],2,0,"[0.7890750777399501, 0.6799557517006445]",1,-1
12841,[0.71364091 0.53323918],3,-1,-1,1,-1
12842,[0.45982534 0.63009231],0,-1,-1,1,-1
12843,[0.3927886  0.60114291],0,1,"[0.37965276877051146, 0.575157747726818]",1,-1
12844,[0.48884199 0.52979129],0,-1,-1,1,-1
12845,[0.69096164 0.59512184],2,3,"[0.6601234827680622, 0.6109507568947781]",1,-1
12846,[0.86381826 0.7249437 ],2,-1,-1,1,-1
12847,[0.39475716 0.63215509],0,1,"[0.37965276877051146, 0.575157747726818]",1,-1
12848,[0.38072378 0.52772632],0,1,"[0.37965276877051146, 0.575157747726818]",1,-1
12849,[0.3579538  0.52183637],0,1,"[0.37965276877051146, 0.575157747726818]",1,-1
12850,[0.40810503 0.5237082 ],0,1,"[0.37965276877051146, 0.575157747726818]",1,-1
12851,[0.71045271 0.73279577],2,-1,-1,1,-1
12852,[0.72587209 0.6688662 ],3,0,"[0.7890750777399501, 0.6799557517006445]",1,-1
12853,[0.65585336 0.6235877 ],3,3,"[0.6601234827680622, 0.6109507568947781]",1,7
12854,[0.83498364 0.66589217],2,0,"[0.7890750777399501, 0.6799557517006445]",1,-1
12855,[0.43845229 0.61515159],0,-1,-1,1,-1
12856,[0.66847799 0.61413576],3,3,"[0.6601234827680622, 0.6109507568947781]",1,-1
12857,[0.81165778 0.70007256],2,0,"[0.7890750777399501, 0.6799557517006445]",1,-1
12858,[0.29756263 0.19036523],1,2,"[0.294379027732062, 0.1921773781634303]",0,0
12859,[0.34531547 0.48861992],0,-1,-1,1,-1
12860,[0.68838973 0.6234764 ],3,3,"[0.6601234827680622, 0.6109507568947781]",1,-1
12861,[0.83211375 0.60460995],2,-1,-1,1,-1
12862,[0.23455449 0.2139649 ],1,2,"[0.294379027732062, 0.1921773781634303]",0,0
12863,[0.3888214  0.63468891],0,1,"[0.37965276877051146, 0.575157747726818]",1,-1
12864,[0.58509678 0.61047027],3,-1,-1,1,-1
12865,[0.60913389 0.61604172],3,3,"[0.6601234827680622, 0.6109507568947781]",1,-1
12866,[0.82930833 0.71190384],2,0,"[0.7890750777399501, 0.6799557517006445]",1,-1
12867,[0.74572121 0.70134034],2,0,"[0.7890750777399501, 0.6799557517006445]",1,-1
12868,[0.76793004 0.7923459 ],2,-1,-1,1,-1
12869,[0.31457227 0.26132692],1,-1,-1,0,0
12870,[0.66545805 0.60632533],3,3,"[0.6601234827680622, 0.6109507568947781]",1,-1
12871,[0.81130167 0.63321207],2,0,"[0.7890750777399501, 0.6799557517006445]",1,-1
12872,[0.68200377 0.67155512],3,3,"[0.6601234827680622, 0.6109507568947781]",1,-1
12873,[0.40699672 0.62582366],0,1,"[0.37965276877051146, 0.575157747726818]",1,-1
12874,[0.77009585 0.614318  ],3,0,"[0.7890750777399501, 0.6799557517006445]",1,-1
12875,[0.2987142  0.24028576],1,2,"[0.294379027732062, 0.1921773781634303]",0,0
12876,[0.24033399 0.25364136],1,-1,-1,0,0
12877,[0.77417196 0.70246756],2,0,"[0.7890750777399501, 0.6799557517006445]",1,-1
12878,[0.13787179 0.13117685],1,-1,-1,0,0
12879,[0.34458418 0.61717178],0,1,"[0.37965276877051146, 0.575157747726818]",1,-1
12880,[0.75576858 0.68748154],2,0,"[0.7890750777399501, 0.6799557517006445]",1,-1
12881,[0.60422139 0.59567865],3,3,"[0.6601234827680622, 0.6109507568947781]",1,-1
12882,[0.79109266 0.71379904],2,0,"[0.7890750777399501, 0.6799557517006445]",1,-1
12883,[0.67231763 0.67971743],3,3,"[0.6601234827680622, 0.6109507568947781]",1,-1
12884,[0.34535033 0.24938896],1,-1,-1,0,0
12885,[0.28899252 0.17762211],1,2,"[0.294379027732062, 0.1921773781634303]",0,0
12886,[0.46506398 0.60188101],0,-1,-1,1,-1
12887,[0.32822085 0.10341773],1,-1,-1,0,0
12888,[0.57741565 0.62899928],3,-1,-1,1,-1
12889,[0.59749531 0.67078225],3,-1,-1,1,-1
12890,[0.68516277 0.66874576],3,3,"[0.6601234827680622, 0.6109507568947781]",1,-1
12891,[0.76416656 0.61697195],2,0,"[0.7890750777399501, 0.6799557517006445]",1,-1
12892,[0.62563731 0.57287758],3,3,"[0.6601234827680622, 0.6109507568947781]",1,-1
12893,[0.22904262 0.16573209],1,-1,-1,0,0
12894,[0.26806962 0.19309936],1,2,"[0.294379027732062, 0.1921773781634303]",0,0
12895,[0.29974547 0.1710536 ],1,2,"[0.294379027732062, 0.1921773781634303]",0,0
12896,[0.78876881 0.73820546],2,0,"[0.7890750777399501, 0.6799557517006445]",1,-1
12897,[0.69175301 0.70017786],2,-1,-1,1,-1
12898,[0.62968669 0.63086348],3,3,"[0.6601234827680622, 0.6109507568947781]",1,-1
12899,[0.33207218 0.1800631 ],1,2,"[0.294379027732062, 0.1921773781634303]",0,0
12900,[0.70621639 0.64666113],2,3,"[0.6601234827680622, 0.6109507568947781]",1,-1
12901,[0.38205108 0.61944039],0,1,"[0.37965276877051146, 0.575157747726818]",1,-1
12902,[0.280064   0.19517962],1,2,"[0.294379027732062, 0.1921773781634303]",0,0
12903,[0.36562259 0.47989016],0,-1,-1,1,-1
12904,[0.64230484 0.61286781],3,3,"[0.6601234827680622, 0.6109507568947781]",1,-1
12905,[0.20928491 0.30435163],1,-1,-1,0,0
12906,[0.34898535 0.5817765 ],0,1,"[0.37965276877051146, 0.575157747726818]",1,-1
12907,[0.43438976 0.61882839],0,-1,-1,1,-1
12908,[0.33203244 0.21757098],1,2,"[0.294379027732062, 0.1921773781634303]",0,0
12909,[0.27167367 0.27297975],1,-1,-1,0,0
12910,[0.18466881 0.29107128],1,-1,-1,0,0
12911,[0.26470184 0.19575744],1,2,"[0.294379027732062, 0.1921773781634303]",0,0
12912,[0.78572729 0.62701276],2,0,"[0.7890750777399501, 0.6799557517006445]",1,-1
12913,[0.38615746 0.57746074],0,1,"[0.37965276877051146, 0.575157747726818]",1,2
12914,[0.29047024 0.22795211],1,2,"[0.294379027732062, 0.1921773781634303]",0,0
12915,[0.81251869 0.7236814 ],2,0,"[0.7890750777399501, 0.6799557517006445]",1,-1
12916,[0.3133256  0.14555049],1,2,"[0.294379027732062, 0.1921773781634303]",0,0
12917,[0.44102932 0.62257592],0,-1,-1,1,-1
12918,[0.29442777 0.14733274],1,2,"[0.294379027732062, 0.1921773781634303]",0,0
12919,[0.29870386 0.16058403],1,2,"[0.294379027732062, 0.1921773781634303]",0,0
12920,[0.63017187 0.63275052],3,3,"[0.6601234827680622, 0.6109507568947781]",1,-1
12921,[0.75855515 0.66702856],2,0,"[0.7890750777399501, 0.6799557517006445]",1,-1
12922,[0.70296064 0.63120736],3,3,"[0.6601234827680622, 0.6109507568947781]",1,-1
12923,[0.32599847 0.56402687],0,1,"[0.37965276877051146, 0.575157747726818]",1,-1
12924,[0.58633149 0.65632669],3,-1,-1,1,-1
12925,[0.67657181 0.62107399],3,3,"[0.6601234827680622, 0.6109507568947781]",1,7
12926,[0.57430597 0.63994631],3,-1,-1,1,-1
12927,[0.81861611 0.6756593 ],2,0,"[0.7890750777399501, 0.6799557517006445]",1,-1
12928,[0.33934985 0.23960024],1,2,"[0.294379027732062, 0.1921773781634303]",0,0
12929,[0.84049051 0.64966239],2,0,"[0.7890750777399501, 0.6799557517006445]",1,-1
12930,[0.39266194 0.54504764],0,1,"[0.37965276877051146, 0.575157747726818]",1,-1
12931,[0.35325062 0.54991607],0,1,"[0.37965276877051146, 0.575157747726818]",1,-1
12932,[0.87938202 0.7082055 ],2,-1,-1,1,-1
12933,[0.32541745 0.60387715],0,1,"[0.37965276877051146, 0.575157747726818]",1,-1
12934,[0.82492462 0.69809641],2,0,"[0.7890750777399501, 0.6799557517006445]",1,-1
12935,[0.41524559 0.5753248 ],0,1,"[0.37965276877051146, 0.575157747726818]",1,-1
12936,[0.72453752 0.64883007],3,-1,-1,1,-1
12937,[0.35931496 0.181918  ],1,2,"[0.294379027732062, 0.1921773781634303]",0,0
12938,[0.70177273 0.55635614],3,3,"[0.6601234827680622, 0.6109507568947781]",1,-1
12939,[0.70261195 0.70913371],2,-1,-1,1,-1
12940,[0.30171163 0.1142864 ],1,-1,-1,0,0
12941,[0.63638867 0.70619649],3,-1,-1,1,-1
12942,[0.40917501 0.56382521],0,1,"[0.37965276877051146, 0.575157747726818]",1,-1
12943,[0.50729901 0.54619782],0,-1,-1,1,-1
12944,[0.63283087 0.65490679],3,3,"[0.6601234827680622, 0.6109507568947781]",1,-1
12945,[0.73948538 0.7068966 ],2,0,"[0.7890750777399501, 0.6799557517006445]",1,-1
12946,[0.3040384  0.19361849],1,2,"[0.294379027732062, 0.1921773781634303]",0,0
12947,[0.29110512 0.20510411],1,2,"[0.294379027732062, 0.1921773781634303]",0,0
12948,[0.65523284 0.5237977 ],3,-1,-1,1,-1
12949,[0.74629856 0.63858811],3,0,"[0.7890750777399501, 0.6799557517006445]",1,-1
12950,[0.79121583 0.62408672],2,0,"[0.7890750777399501, 0.6799557517006445]",1,-1
12951,[0.844784   0.66358346],2,0,"[0.7890750777399501, 0.6799557517006445]",1,-1
12952,[0.33640501 0.22011831],1,2,"[0.294379027732062, 0.1921773781634303]",0,0
12953,[0.69405756 0.58512523],3,3,"[0.6601234827680622, 0.6109507568947781]",1,-1
12954,[0.70060021 0.68568182],2,-1,-1,1,-1
12955,[0.82944411 0.68253294],2,0,"[0.7890750777399501, 0.6799557517006445]",1,-1
12956,[0.75914007 0.62475107],2,0,"[0.7890750777399501, 0.6799557517006445]",1,-1
12957,[0.76753459 0.57339775],3,-1,-1,1,-1
12958,[0.67654707 0.51477491],3,-1,-1,1,-1
12959,[0.44387928 0.51418262],0,-1,-1,1,-1
12960,[0.63867605 0.64322697],3,3,"[0.6601234827680622, 0.6109507568947781]",1,-1
12961,[0.29446883 0.13076643],1,2,"[0.294379027732062, 0.1921773781634303]",0,0
12962,[0.30963794 0.25754786],1,2,"[0.294379027732062, 0.1921773781634303]",0,0
12963,[0.35964079 0.57180931],0,1,"[0.37965276877051146, 0.575157747726818]",1,-1
12964,[0.56794489 0.57225774],3,-1,-1,1,-1
12965,[0.86167551 0.63178219],2,-1,-1,1,-1
12966,[0.26435992 0.18837478],1,2,"[0.294379027732062, 0.1921773781634303]",0,0
12967,[0.70136184 0.68751883],2,-1,-1,1,-1
12968,[0.59061563 0.57903193],3,-1,-1,1,-1
12969,[0.83147633 0.77152866],2,-1,-1,1,-1
12970,[0.63385906 0.60715857],3,3,"[0.6601234827680622, 0.6109507568947781]",1,-1
12971,[0.36430671 0.14009771],1,-1,-1,0,0
12972,[0.39292203 0.68922056],0,-1,-1,1,-1
12973,[0.35400695 0.55831898],0,1,"[0.37965276877051146, 0.575157747726818]",1,-1
12974,[0.69783114 0.53635639],3,-1,-1,1,-1
12975,[0.75832421 0.73021644],2,0,"[0.7890750777399501, 0.6799557517006445]",1,-1
12976,[0.37437005 0.24886482],1,-1,-1,0,0
12977,[0.28173922 0.16898303],1,2,"[0.294379027732062, 0.1921773781634303]",0,0
12978,[0.17041977 0.18586154],1,-1,-1,0,0
12979,[0.6612147  0.65548417],3,3,"[0.6601234827680622, 0.6109507568947781]",1,-1
12980,[0.28878642 0.25586225],1,2,"[0.294379027732062, 0.1921773781634303]",0,0
12981,[0.87876273 0.62919533],2,-1,-1,1,-1
12982,[0.78212406 0.65853594],2,0,"[0.7890750777399501, 0.6799557517006445]",1,-1
12983,[0.37603721 0.17611964],1,-1,-1,0,0
12984,[0.32882618 0.23098772],1,2,"[0.294379027732062, 0.1921773781634303]",0,0
12985,[0.38654559 0.49164167],0,-1,-1,1,-1
12986,[0.41466269 0.58614901],0,1,"[0.37965276877051146, 0.575157747726818]",1,-1
12987,[0.87852555 0.64647049],2,-1,-1,1,-1
12988,[0.79215901 0.70483439],2,0,"[0.7890750777399501, 0.6799557517006445]",1,-1
12989,[0.36346123 0.19164746],1,2,"[0.294379027732062, 0.1921773781634303]",0,0
12990,[0.30126001 0.17999787],1,2,"[0.294379027732062, 0.1921773781634303]",0,0
12991,[0.70561785 0.5441722 ],3,-1,-1,1,-1
12992,[0.28579724 0.13328249],1,2,"[0.294379027732062, 0.1921773781634303]",0,0
12993,[0.6640235 0.7181291],3,-1,-1,1,-1
12994,[0.23049064 0.26855007],1,-1,-1,0,0
12995,[0.77979289 0.67094558],2,0,"[0.7890750777399501, 0.6799557517006445]",1,3
12996,[0.36013199 0.52602572],0,1,"[0.37965276877051146, 0.575157747726818]",1,-1
12997,[0.63838883 0.65337404],3,3,"[0.6601234827680622, 0.6109507568947781]",1,-1
12998,[0.66292139 0.66707103],3,3,"[0.6601234827680622, 0.6109507568947781]",1,-1
12999,[0.38397988 0.59752222],0,1,"[0.37965276877051146, 0.575157747726818]",1,-1
13000,[0.76086911 0.65111424],2,0,"[0.7890750777399501, 0.6799557517006445]",1,-1
13001,[0.79293962 0.6794235 ],2,0,"[0.7890750777399501, 0.6799557517006445]",1,-1
13002,[0.33720768 0.64187676],0,-1,-1,1,-1
13003,[0.11701446 0.24690848],1,-1,-1,0,-1
13004,[0.6892728  0.72349423],2,-1,-1,1,-1
13005,[0.23940696 0.22266635],1,2,"[0.294379027732062, 0.1921773781634303]",0,0
13006,[0.64715445 0.55731349],3,3,"[0.6601234827680622, 0.6109507568947781]",1,-1
13007,[0.33255101 0.12027226],1,-1,-1,0,0
13008,[0.85222458 0.57304394],2,-1,-1,1,-1
13009,[0.7175947  0.54271448],3,-1,-1,1,-1
13010,[0.78964746 0.72313278],2,0,"[0.7890750777399501, 0.6799557517006445]",1,-1
13011,[0.6974211  0.63395232],3,3,"[0.6601234827680622, 0.6109507568947781]",1,-1
13012,[0.32798684 0.13750655],1,2,"[0.294379027732062, 0.1921773781634303]",0,0
13013,[0.24688074 0.1793435 ],1,2,"[0.294379027732062, 0.1921773781634303]",0,0
13014,[0.35823402 0.53741913],0,1,"[0.37965276877051146, 0.575157747726818]",1,-1
13015,[0.27850131 0.62948102],0,-1,-1,1,-1
13016,[0.80808311 0.70152083],2,0,"[0.7890750777399501, 0.6799557517006445]",1,-1
13017,[0.64069917 0.59704314],3,3,"[0.6601234827680622, 0.6109507568947781]",1,-1
13018,[0.67230314 0.64902242],3,3,"[0.6601234827680622, 0.6109507568947781]",1,-1
13019,[0.60550399 0.5756436 ],3,3,"[0.6601234827680622, 0.6109507568947781]",1,-1
13020,[0.27777345 0.18001321],1,2,"[0.294379027732062, 0.1921773781634303]",0,0
13021,[0.31074535 0.33165091],1,-1,-1,0,0
13022,[0.62297837 0.64368549],3,3,"[0.6601234827680622, 0.6109507568947781]",1,-1
13023,[0.73605049 0.60125559],3,-1,-1,1,-1
13024,[0.41801496 0.53811199],0,1,"[0.37965276877051146, 0.575157747726818]",1,-1
13025,[0.65146596 0.60418392],3,3,"[0.6601234827680622, 0.6109507568947781]",1,6
13026,[0.86075769 0.64819747],2,-1,-1,1,-1
13027,[0.77552276 0.72686464],2,0,"[0.7890750777399501, 0.6799557517006445]",1,-1
13028,[0.48456717 0.64115187],0,-1,-1,1,-1
13029,[0.38203583 0.15376221],1,-1,-1,0,0
13030,[0.42864298 0.56859184],0,1,"[0.37965276877051146, 0.575157747726818]",1,-1
13031,[0.69377662 0.60346516],3,3,"[0.6601234827680622, 0.6109507568947781]",1,-1
13032,[0.81095897 0.60267303],2,-1,-1,1,-1
13033,[0.62289581 0.64548562],3,3,"[0.6601234827680622, 0.6109507568947781]",1,-1
13034,[0.33366206 0.62349401],0,1,"[0.37965276877051146, 0.575157747726818]",1,-1
13035,[0.66240797 0.66066173],3,3,"[0.6601234827680622, 0.6109507568947781]",1,-1
13036,[0.39953222 0.61267065],0,1,"[0.37965276877051146, 0.575157747726818]",1,-1
13037,[0.41757127 0.46354783],0,-1,-1,1,-1
13038,[0.31810903 0.58606911],0,1,"[0.37965276877051146, 0.575157747726818]",1,-1
13039,[0.68486354 0.66223941],3,3,"[0.6601234827680622, 0.6109507568947781]",1,-1
13040,[0.28327817 0.24913881],1,2,"[0.294379027732062, 0.1921773781634303]",0,0
13041,[0.72673925 0.65767325],2,0,"[0.7890750777399501, 0.6799557517006445]",1,-1
13042,[0.73770085 0.6388606 ],2,0,"[0.7890750777399501, 0.6799557517006445]",1,-1
13043,[0.30794355 0.56487598],0,-1,-1,1,-1
13044,[0.34762818 0.19155997],1,2,"[0.294379027732062, 0.1921773781634303]",0,0
13045,[0.35284363 0.5946953 ],0,1,"[0.37965276877051146, 0.575157747726818]",1,-1
13046,[0.65657099 0.60598475],3,3,"[0.6601234827680622, 0.6109507568947781]",1,-1
13047,[0.84690274 0.73384644],2,-1,-1,1,-1
13048,[0.36811222 0.53759546],0,1,"[0.37965276877051146, 0.575157747726818]",1,-1
13049,[0.72529217 0.70737496],2,0,"[0.7890750777399501, 0.6799557517006445]",1,-1
13050,[0.42143666 0.60101169],0,1,"[0.37965276877051146, 0.575157747726818]",1,-1
13051,[0.80364689 0.66233629],2,0,"[0.7890750777399501, 0.6799557517006445]",1,-1
13052,[0.59281931 0.58006054],3,-1,-1,1,-1
13053,[0.34346848 0.61521473],0,1,"[0.37965276877051146, 0.575157747726818]",1,-1
13054,[0.31837417 0.5768744 ],0,1,"[0.37965276877051146, 0.575157747726818]",1,-1
13055,[0.57909821 0.67827009],3,-1,-1,1,-1
13056,[0.65883957 0.59756026],3,3,"[0.6601234827680622, 0.6109507568947781]",1,6
13057,[0.81271331 0.69808375],2,0,"[0.7890750777399501, 0.6799557517006445]",1,-1
13058,[0.73416077 0.65713895],2,0,"[0.7890750777399501, 0.6799557517006445]",1,-1
13059,[0.73963294 0.80271145],2,-1,-1,1,-1
13060,[0.57439734 0.61252071],3,-1,-1,1,-1
13061,[0.61859864 0.72471704],3,-1,-1,1,-1
13062,[0.64221497 0.57078267],3,3,"[0.6601234827680622, 0.6109507568947781]",1,-1
13063,[0.70734131 0.64765856],3,3,"[0.6601234827680622, 0.6109507568947781]",1,-1
13064,[0.74169705 0.71327375],2,0,"[0.7890750777399501, 0.6799557517006445]",1,-1
13065,[0.38073259 0.61771803],0,1,"[0.37965276877051146, 0.575157747726818]",1,-1
13066,[0.57619222 0.54678348],3,-1,-1,1,-1
13067,[0.71489936 0.59378645],3,3,"[0.6601234827680622, 0.6109507568947781]",1,-1
13068,[0.35298682 0.26777337],1,-1,-1,0,0
13069,[0.35859791 0.58539634],0,1,"[0.37965276877051146, 0.575157747726818]",1,-1
13070,[0.80611867 0.55573447],2,-1,-1,1,-1
13071,[0.27280707 0.18822973],1,2,"[0.294379027732062, 0.1921773781634303]",0,0
13072,[0.26196989 0.13788791],1,2,"[0.294379027732062, 0.1921773781634303]",0,0
13073,[0.81213088 0.68582253],2,0,"[0.7890750777399501, 0.6799557517006445]",1,4
13074,[0.67646846 0.66807175],3,3,"[0.6601234827680622, 0.6109507568947781]",1,-1
13075,[0.65576229 0.72743678],3,-1,-1,1,-1
13076,[0.74836178 0.73940449],2,-1,-1,1,-1
13077,[0.63293328 0.57968016],3,3,"[0.6601234827680622, 0.6109507568947781]",1,-1
13078,[0.28184976 0.14803237],1,2,"[0.294379027732062, 0.1921773781634303]",0,0
13079,[0.3559327  0.24097988],1,-1,-1,0,0
13080,[0.78360626 0.68742737],2,0,"[0.7890750777399501, 0.6799557517006445]",1,-1
13081,[0.39855401 0.59875533],0,1,"[0.37965276877051146, 0.575157747726818]",1,-1
13082,[0.73963752 0.65740022],2,0,"[0.7890750777399501, 0.6799557517006445]",1,-1
13083,[0.2619607  0.16097028],1,2,"[0.294379027732062, 0.1921773781634303]",0,0
13084,[0.2995411  0.26907156],1,-1,-1,0,0
13085,[0.79078862 0.73694097],2,0,"[0.7890750777399501, 0.6799557517006445]",1,-1
13086,[0.82459485 0.68203648],2,0,"[0.7890750777399501, 0.6799557517006445]",1,-1
13087,[0.62956118 0.6307303 ],3,3,"[0.6601234827680622, 0.6109507568947781]",1,-1
13088,[0.20006502 0.23207429],1,-1,-1,0,0
13089,[0.67304576 0.65235189],3,3,"[0.6601234827680622, 0.6109507568947781]",1,-1
13090,[0.62948614 0.61630187],3,3,"[0.6601234827680622, 0.6109507568947781]",1,-1
13091,[0.65792675 0.5674545 ],3,3,"[0.6601234827680622, 0.6109507568947781]",1,-1
13092,[0.66323774 0.600873  ],3,3,"[0.6601234827680622, 0.6109507568947781]",1,-1
13093,[0.76500461 0.68322303],2,0,"[0.7890750777399501, 0.6799557517006445]",1,-1
13094,[0.80299854 0.6785063 ],2,0,"[0.7890750777399501, 0.6799557517006445]",1,-1
13095,[0.33746697 0.28596803],1,-1,-1,0,0
13096,[0.80955072 0.68559125],2,0,"[0.7890750777399501, 0.6799557517006445]",1,-1
13097,[0.3286685 0.2190911],1,2,"[0.294379027732062, 0.1921773781634303]",0,0
13098,[0.77357542 0.65104126],2,0,"[0.7890750777399501, 0.6799557517006445]",1,-1
13099,[0.63148426 0.69963287],3,-1,-1,1,-1
13100,[0.31106726 0.15000007],1,2,"[0.294379027732062, 0.1921773781634303]",0,0
13101,[0.68156418 0.60950167],3,3,"[0.6601234827680622, 0.6109507568947781]",1,5
13102,[0.76789956 0.64059699],3,0,"[0.7890750777399501, 0.6799557517006445]",1,-1
13103,[0.82314476 0.6168773 ],2,-1,-1,1,-1
13104,[0.30810655 0.12281916],1,-1,-1,0,0
13105,[0.29910727 0.18960529],1,2,"[0.294379027732062, 0.1921773781634303]",0,0
13106,[0.28966432 0.17138034],1,2,"[0.294379027732062, 0.1921773781634303]",0,0
13107,[0.65513689 0.68995639],3,-1,-1,1,-1
13108,[0.77572236 0.68765767],2,0,"[0.7890750777399501, 0.6799557517006445]",1,-1
13109,[0.38337862 0.53633501],0,1,"[0.37965276877051146, 0.575157747726818]",1,-1
13110,[0.32165325 0.199947  ],1,2,"[0.294379027732062, 0.1921773781634303]",0,0
13111,[0.81246145 0.66215855],2,0,"[0.7890750777399501, 0.6799557517006445]",1,-1
13112,[0.38049778 0.21323222],1,-1,-1,0,0
13113,[0.60931228 0.51780495],3,-1,-1,1,-1
13114,[0.74662798 0.67077105],2,0,"[0.7890750777399501, 0.6799557517006445]",1,-1
13115,[0.24013795 0.19254824],1,2,"[0.294379027732062, 0.1921773781634303]",0,0
13116,[0.28485296 0.27720304],1,-1,-1,0,0
13117,[0.76526794 0.69160623],2,0,"[0.7890750777399501, 0.6799557517006445]",1,4
13118,[0.76079209 0.60864306],2,-1,-1,1,-1
13119,[0.34265512 0.29858727],1,-1,-1,0,0
13120,[0.64030334 0.57940138],3,3,"[0.6601234827680622, 0.6109507568947781]",1,-1
13121,[0.38967683 0.59698852],0,1,"[0.37965276877051146, 0.575157747726818]",1,-1
13122,[0.24824002 0.19870039],1,2,"[0.294379027732062, 0.1921773781634303]",0,0
13123,[0.29172517 0.30637555],1,-1,-1,0,0
13124,[0.72338977 0.56194892],3,-1,-1,1,-1
13125,[0.8219496  0.71083415],2,0,"[0.7890750777399501, 0.6799557517006445]",1,-1
13126,[0.80620402 0.63895134],2,0,"[0.7890750777399501, 0.6799557517006445]",1,-1
13127,[0.81051551 0.64430119],2,0,"[0.7890750777399501, 0.6799557517006445]",1,-1
13128,[0.36532842 0.25151537],1,-1,-1,0,0
13129,[0.64862692 0.56928379],3,3,"[0.6601234827680622, 0.6109507568947781]",1,-1
13130,[0.35190811 0.61393342],0,1,"[0.37965276877051146, 0.575157747726818]",1,-1
13131,[0.70897898 0.62098889],2,3,"[0.6601234827680622, 0.6109507568947781]",1,-1
13132,[0.83256712 0.73958706],2,-1,-1,1,-1
13133,[0.76596492 0.69975297],2,0,"[0.7890750777399501, 0.6799557517006445]",1,-1
13134,[0.29816402 0.16627748],1,2,"[0.294379027732062, 0.1921773781634303]",0,0
13135,[0.45380856 0.57573438],0,-1,-1,1,-1
13136,[0.34724341 0.53444803],0,1,"[0.37965276877051146, 0.575157747726818]",1,-1
13137,[0.40067806 0.57120145],0,1,"[0.37965276877051146, 0.575157747726818]",1,-1
13138,[0.64162093 0.56155996],3,3,"[0.6601234827680622, 0.6109507568947781]",1,-1
13139,[0.63650936 0.63443085],3,3,"[0.6601234827680622, 0.6109507568947781]",1,-1
13140,[0.32162534 0.19734457],1,2,"[0.294379027732062, 0.1921773781634303]",0,0
13141,[0.83963477 0.73012976],2,-1,-1,1,-1
13142,[0.23183637 0.24930307],1,-1,-1,0,0
13143,[0.68848334 0.57660797],3,3,"[0.6601234827680622, 0.6109507568947781]",1,-1
13144,[0.23366376 0.17380073],1,2,"[0.294379027732062, 0.1921773781634303]",0,0
13145,[0.60091483 0.65916338],3,-1,-1,1,-1
13146,[0.34179003 0.17711635],1,2,"[0.294379027732062, 0.1921773781634303]",0,0
13147,[0.36723529 0.16697963],1,-1,-1,0,0
13148,[0.79181503 0.59934485],2,-1,-1,1,-1
13149,[0.45504713 0.50549578],0,-1,-1,1,-1
13150,[0.54398251 0.58038769],0,-1,-1,1,-1
13151,[0.79756032 0.66292193],2,0,"[0.7890750777399501, 0.6799557517006445]",1,-1
13152,[0.3292331  0.51545181],0,-1,-1,1,-1
13153,[0.46311124 0.52900242],0,-1,-1,1,-1
13154,[0.62491149 0.59915232],3,3,"[0.6601234827680622, 0.6109507568947781]",1,-1
13155,[0.24716981 0.26954402],1,-1,-1,0,0
13156,[0.72561947 0.59013237],2,3,"[0.6601234827680622, 0.6109507568947781]",1,-1
13157,[0.38642309 0.62596758],0,1,"[0.37965276877051146, 0.575157747726818]",1,-1
13158,[0.81572114 0.70413303],2,0,"[0.7890750777399501, 0.6799557517006445]",1,-1
13159,[0.80778642 0.73551985],2,0,"[0.7890750777399501, 0.6799557517006445]",1,-1
13160,[0.59642728 0.6194052 ],3,3,"[0.6601234827680622, 0.6109507568947781]",1,-1
13161,[0.44724576 0.54474706],0,-1,-1,1,-1
13162,[0.39317103 0.51373363],0,1,"[0.37965276877051146, 0.575157747726818]",1,-1
13163,[0.24557889 0.21780245],1,2,"[0.294379027732062, 0.1921773781634303]",0,0
13164,[0.79676012 0.6093665 ],2,-1,-1,1,-1
13165,[0.23802029 0.56843979],0,-1,-1,1,-1
13166,[0.31899263 0.6254307 ],0,-1,-1,1,-1
13167,[0.23326458 0.19034841],1,2,"[0.294379027732062, 0.1921773781634303]",0,0
13168,[0.31966679 0.55193773],0,1,"[0.37965276877051146, 0.575157747726818]",1,-1
13169,[0.44953553 0.61134596],0,-1,-1,1,-1
13170,[0.74353357 0.68260869],2,0,"[0.7890750777399501, 0.6799557517006445]",1,-1
13171,[0.74166199 0.65056012],2,0,"[0.7890750777399501, 0.6799557517006445]",1,-1
13172,[0.66545872 0.57302288],3,3,"[0.6601234827680622, 0.6109507568947781]",1,-1
13173,[0.64014918 0.60086839],3,3,"[0.6601234827680622, 0.6109507568947781]",1,-1
13174,[0.42865429 0.63530701],0,-1,-1,1,-1
13175,[0.7002545  0.61002606],3,3,"[0.6601234827680622, 0.6109507568947781]",1,-1
13176,[0.74564147 0.58957647],3,-1,-1,1,-1
13177,[0.86173744 0.81157979],2,-1,-1,1,-1
13178,[0.26487983 0.23393136],1,2,"[0.294379027732062, 0.1921773781634303]",0,0
13179,[0.27671154 0.53967823],0,-1,-1,1,-1
13180,[0.65605835 0.69591872],3,-1,-1,1,-1
13181,[0.57953369 0.74153191],3,-1,-1,1,-1
13182,[0.34933306 0.53921953],0,1,"[0.37965276877051146, 0.575157747726818]",1,-1
13183,[0.20985344 0.20234319],1,-1,-1,0,0
13184,[0.41707363 0.57142004],0,1,"[0.37965276877051146, 0.575157747726818]",1,-1
13185,[0.7255984  0.70956405],2,-1,-1,1,-1
13186,[0.63284994 0.610397  ],3,3,"[0.6601234827680622, 0.6109507568947781]",1,-1
13187,[0.69912459 0.65208008],3,3,"[0.6601234827680622, 0.6109507568947781]",1,-1
13188,[0.857025  0.7200831],2,-1,-1,1,-1
13189,[0.35544681 0.12356601],1,-1,-1,0,0
13190,[0.7066793  0.57398459],3,3,"[0.6601234827680622, 0.6109507568947781]",1,-1
13191,[0.73750281 0.65112648],2,0,"[0.7890750777399501, 0.6799557517006445]",1,-1
13192,[0.29875947 0.27735568],1,-1,-1,0,0
13193,[0.69580398 0.64695287],3,3,"[0.6601234827680622, 0.6109507568947781]",1,-1
13194,[0.64381125 0.58254043],3,3,"[0.6601234827680622, 0.6109507568947781]",1,-1
13195,[0.30742196 0.14771812],1,2,"[0.294379027732062, 0.1921773781634303]",0,0
13196,[0.28697049 0.19655086],1,2,"[0.294379027732062, 0.1921773781634303]",0,0
13197,[0.34896014 0.55685308],0,1,"[0.37965276877051146, 0.575157747726818]",1,-1
13198,[0.48017664 0.62470311],0,-1,-1,1,-1
13199,[0.80624316 0.68757817],2,0,"[0.7890750777399501, 0.6799557517006445]",1,-1
13200,[0.35280284 0.25065673],1,-1,-1,0,0
13201,[0.69976724 0.67095637],3,-1,-1,1,-1
13202,[0.40986154 0.67757896],0,-1,-1,1,-1
13203,[0.77981045 0.62435123],2,0,"[0.7890750777399501, 0.6799557517006445]",1,-1
13204,[0.62554426 0.6188044 ],3,3,"[0.6601234827680622, 0.6109507568947781]",1,-1
13205,[0.85386571 0.66010946],2,0,"[0.7890750777399501, 0.6799557517006445]",1,-1
13206,[0.64212363 0.6737526 ],3,3,"[0.6601234827680622, 0.6109507568947781]",1,-1
13207,[0.82128425 0.63179756],2,0,"[0.7890750777399501, 0.6799557517006445]",1,-1
13208,[0.34177684 0.13906441],1,-1,-1,0,0
13209,[0.74884565 0.66474417],3,0,"[0.7890750777399501, 0.6799557517006445]",1,-1
13210,[0.38051787 0.5932145 ],0,1,"[0.37965276877051146, 0.575157747726818]",1,-1
13211,[0.32886107 0.62299227],0,1,"[0.37965276877051146, 0.575157747726818]",1,-1
13212,[0.47137675 0.63892837],0,-1,-1,1,-1
13213,[0.28519693 0.24303221],1,2,"[0.294379027732062, 0.1921773781634303]",0,0
13214,[0.74571771 0.64762289],2,0,"[0.7890750777399501, 0.6799557517006445]",1,-1
13215,[0.77856405 0.6311571 ],2,0,"[0.7890750777399501, 0.6799557517006445]",1,-1
13216,[0.72502713 0.71205457],2,-1,-1,1,-1
13217,[0.71526558 0.67855145],2,-1,-1,1,-1
13218,[0.74529292 0.68680034],2,0,"[0.7890750777399501, 0.6799557517006445]",1,-1
13219,[0.73873756 0.6907181 ],2,0,"[0.7890750777399501, 0.6799557517006445]",1,-1
13220,[0.25675771 0.28503766],1,-1,-1,0,0
13221,[0.39930654 0.66466031],0,-1,-1,1,-1
13222,[0.25861867 0.16078989],1,2,"[0.294379027732062, 0.1921773781634303]",0,0
13223,[0.63189538 0.6869531 ],3,-1,-1,1,-1
13224,[0.7484283  0.64091741],2,0,"[0.7890750777399501, 0.6799557517006445]",1,-1
13225,[0.80028391 0.73141768],2,0,"[0.7890750777399501, 0.6799557517006445]",1,-1
13226,[0.83654838 0.71346737],2,0,"[0.7890750777399501, 0.6799557517006445]",1,-1
13227,[0.38359048 0.54257028],0,1,"[0.37965276877051146, 0.575157747726818]",1,-1
13228,[0.78881411 0.62090631],2,0,"[0.7890750777399501, 0.6799557517006445]",1,-1
13229,[0.38404868 0.52661344],0,1,"[0.37965276877051146, 0.575157747726818]",1,-1
13230,[0.38574041 0.24882615],1,-1,-1,0,0
13231,[0.64490404 0.56152552],3,3,"[0.6601234827680622, 0.6109507568947781]",1,-1
13232,[0.64121799 0.57852069],3,3,"[0.6601234827680622, 0.6109507568947781]",1,-1
13233,[0.63820337 0.52678273],3,-1,-1,1,-1
13234,[0.72237827 0.58906495],3,3,"[0.6601234827680622, 0.6109507568947781]",1,-1
13235,[0.839411   0.69265993],2,0,"[0.7890750777399501, 0.6799557517006445]",1,-1
13236,[0.65881754 0.50355932],3,-1,-1,1,-1
13237,[0.26022186 0.14560985],1,2,"[0.294379027732062, 0.1921773781634303]",0,0
13238,[0.41455938 0.55053523],0,1,"[0.37965276877051146, 0.575157747726818]",1,-1
13239,[0.79640471 0.61847766],2,0,"[0.7890750777399501, 0.6799557517006445]",1,-1
13240,[0.65522411 0.61458283],3,3,"[0.6601234827680622, 0.6109507568947781]",1,-1
13241,[0.41692566 0.49529685],0,-1,-1,1,-1
13242,[0.5705731  0.66674502],3,-1,-1,1,-1
13243,[0.32341792 0.16896339],1,2,"[0.294379027732062, 0.1921773781634303]",0,0
13244,[0.66231481 0.69736515],3,-1,-1,1,-1
13245,[0.70645995 0.64340241],2,3,"[0.6601234827680622, 0.6109507568947781]",1,-1
13246,[0.66851041 0.67267026],3,3,"[0.6601234827680622, 0.6109507568947781]",1,-1
13247,[0.39799203 0.52796495],0,1,"[0.37965276877051146, 0.575157747726818]",1,-1
13248,[0.37299354 0.60710286],0,1,"[0.37965276877051146, 0.575157747726818]",1,-1
13249,[0.76653156 0.66245469],2,0,"[0.7890750777399501, 0.6799557517006445]",1,3
13250,[0.41380332 0.44364283],0,-1,-1,1,-1
13251,[0.33607078 0.5420892 ],0,1,"[0.37965276877051146, 0.575157747726818]",1,-1
13252,[0.66824617 0.60030124],3,3,"[0.6601234827680622, 0.6109507568947781]",1,-1
13253,[0.24297604 0.18860164],1,2,"[0.294379027732062, 0.1921773781634303]",0,0
13254,[0.41719132 0.62530728],0,1,"[0.37965276877051146, 0.575157747726818]",1,-1
13255,[0.57961997 0.62856962],3,-1,-1,1,-1
13256,[0.28550993 0.5486522 ],0,-1,-1,1,-1
13257,[0.6695134  0.62076565],3,3,"[0.6601234827680622, 0.6109507568947781]",1,-1
13258,[0.63342189 0.57660347],3,3,"[0.6601234827680622, 0.6109507568947781]",1,-1
13259,[0.73757166 0.56323589],3,-1,-1,1,-1
13260,[0.36620303 0.13758311],1,-1,-1,0,0
13261,[0.78978031 0.69000884],2,0,"[0.7890750777399501, 0.6799557517006445]",1,-1
13262,[0.31580971 0.20773336],1,2,"[0.294379027732062, 0.1921773781634303]",0,0
13263,[0.64406805 0.65192777],3,3,"[0.6601234827680622, 0.6109507568947781]",1,-1
13264,[0.65468154 0.66989031],3,3,"[0.6601234827680622, 0.6109507568947781]",1,-1
13265,[0.66099532 0.67016633],3,3,"[0.6601234827680622, 0.6109507568947781]",1,-1
13266,[0.80223825 0.70049764],2,0,"[0.7890750777399501, 0.6799557517006445]",1,-1
13267,[0.6379057  0.64792963],3,3,"[0.6601234827680622, 0.6109507568947781]",1,-1
13268,[0.37688006 0.63138082],0,1,"[0.37965276877051146, 0.575157747726818]",1,-1
13269,[0.24129674 0.18237247],1,2,"[0.294379027732062, 0.1921773781634303]",0,0
13270,[0.31254774 0.18885453],1,2,"[0.294379027732062, 0.1921773781634303]",0,0
13271,[0.60975333 0.63416554],3,3,"[0.6601234827680622, 0.6109507568947781]",1,-1
13272,[0.66636136 0.54619366],2,3,"[0.6601234827680622, 0.6109507568947781]",1,-1
13273,[0.73265309 0.70391808],2,0,"[0.7890750777399501, 0.6799557517006445]",1,-1
13274,[0.28694201 0.18436706],1,2,"[0.294379027732062, 0.1921773781634303]",0,0
13275,[0.71982339 0.73083651],2,-1,-1,1,-1
13276,[0.40397088 0.58531178],0,1,"[0.37965276877051146, 0.575157747726818]",1,2
13277,[0.22048029 0.17171614],1,-1,-1,0,0
13278,[0.77358687 0.71124758],2,0,"[0.7890750777399501, 0.6799557517006445]",1,-1
13279,[0.73969655 0.59824933],3,-1,-1,1,-1
13280,[0.45107309 0.6272991 ],0,-1,-1,1,-1
13281,[0.3242901 0.6109819],0,1,"[0.37965276877051146, 0.575157747726818]",1,-1
13282,[0.40022038 0.50745697],0,-1,-1,1,-1
13283,[0.78719607 0.68570998],2,0,"[0.7890750777399501, 0.6799557517006445]",1,-1
13284,[0.38689641 0.59377207],0,1,"[0.37965276877051146, 0.575157747726818]",1,-1
13285,[0.41642133 0.52335772],0,1,"[0.37965276877051146, 0.575157747726818]",1,-1
13286,[0.30448514 0.22737439],1,2,"[0.294379027732062, 0.1921773781634303]",0,0
13287,[0.65371234 0.63179052],3,3,"[0.6601234827680622, 0.6109507568947781]",1,-1
13288,[0.29851067 0.21633139],1,2,"[0.294379027732062, 0.1921773781634303]",0,0
13289,[0.65038884 0.53146215],3,-1,-1,1,-1
13290,[0.31438126 0.17882305],1,2,"[0.294379027732062, 0.1921773781634303]",0,0
13291,[0.29488019 0.23215467],1,2,"[0.294379027732062, 0.1921773781634303]",0,0
13292,[0.60722457 0.6871366 ],3,-1,-1,1,-1
13293,[0.2514506  0.54204216],0,-1,-1,1,-1
13294,[0.62592041 0.58916129],3,3,"[0.6601234827680622, 0.6109507568947781]",1,-1
13295,[0.37507984 0.0931145 ],1,-1,-1,0,0
13296,[0.3903829  0.66112433],0,-1,-1,1,-1
13297,[0.66265147 0.48885735],3,-1,-1,1,-1
13298,[0.42433476 0.54699735],0,1,"[0.37965276877051146, 0.575157747726818]",1,-1
13299,[0.68007389 0.63034135],3,3,"[0.6601234827680622, 0.6109507568947781]",1,-1
13300,[0.37783145 0.48729757],0,-1,-1,1,-1
13301,[0.7540345  0.67792925],2,0,"[0.7890750777399501, 0.6799557517006445]",1,-1
13302,[0.82687875 0.68074214],2,0,"[0.7890750777399501, 0.6799557517006445]",1,-1
13303,[0.71872955 0.71245767],3,-1,-1,1,-1
13304,[0.35876976 0.54029277],0,1,"[0.37965276877051146, 0.575157747726818]",1,-1
13305,[0.33542022 0.17334828],1,2,"[0.294379027732062, 0.1921773781634303]",0,0
13306,[0.29031307 0.19770029],1,2,"[0.294379027732062, 0.1921773781634303]",0,0
13307,[0.33128904 0.20866378],1,2,"[0.294379027732062, 0.1921773781634303]",0,0
13308,[0.76844532 0.70511037],2,0,"[0.7890750777399501, 0.6799557517006445]",1,-1
13309,[0.76570784 0.76468851],2,-1,-1,1,-1
13310,[0.75268422 0.65811834],2,0,"[0.7890750777399501, 0.6799557517006445]",1,-1
13311,[0.63009981 0.57387596],3,3,"[0.6601234827680622, 0.6109507568947781]",1,-1
13312,[0.42706181 0.58608501],0,1,"[0.37965276877051146, 0.575157747726818]",1,-1
13313,[0.65938229 0.7487394 ],2,-1,-1,1,-1
13314,[0.63197202 0.63593276],3,3,"[0.6601234827680622, 0.6109507568947781]",1,-1
13315,[0.71394481 0.76452535],2,-1,-1,1,-1
13316,[0.39442222 0.61792053],0,1,"[0.37965276877051146, 0.575157747726818]",1,-1
13317,[0.6989052  0.59590298],3,3,"[0.6601234827680622, 0.6109507568947781]",1,-1
13318,[0.79259065 0.55047907],2,-1,-1,1,-1
13319,[0.23672941 0.19404356],1,2,"[0.294379027732062, 0.1921773781634303]",0,0
13320,[0.34806004 0.16020604],1,2,"[0.294379027732062, 0.1921773781634303]",0,0
13321,[0.32807279 0.20836967],1,2,"[0.294379027732062, 0.1921773781634303]",0,0
13322,[0.77262771 0.72675227],2,0,"[0.7890750777399501, 0.6799557517006445]",1,-1
13323,[0.33214798 0.19612968],1,2,"[0.294379027732062, 0.1921773781634303]",0,0
13324,[0.75933536 0.69435175],2,0,"[0.7890750777399501, 0.6799557517006445]",1,-1
13325,[0.3005739 0.2884608],1,-1,-1,0,0
13326,[0.36911121 0.54097875],0,1,"[0.37965276877051146, 0.575157747726818]",1,-1
13327,[0.76773673 0.73088105],2,0,"[0.7890750777399501, 0.6799557517006445]",1,-1
13328,[0.6517848  0.58497934],3,3,"[0.6601234827680622, 0.6109507568947781]",1,-1
13329,[0.6632051 0.6330839],3,3,"[0.6601234827680622, 0.6109507568947781]",1,-1
13330,[0.33837011 0.62239838],0,1,"[0.37965276877051146, 0.575157747726818]",1,-1
13331,[0.75416968 0.73581385],2,0,"[0.7890750777399501, 0.6799557517006445]",1,-1
13332,[0.4712407  0.56944974],0,-1,-1,1,-1
13333,[0.64538353 0.63274023],3,3,"[0.6601234827680622, 0.6109507568947781]",1,-1
13334,[0.26228198 0.49684008],0,-1,-1,1,-1
13335,[0.61518365 0.53709671],3,-1,-1,1,-1
13336,[0.24262492 0.2132171 ],1,2,"[0.294379027732062, 0.1921773781634303]",0,0
13337,[0.65586485 0.69546119],3,-1,-1,1,-1
13338,[0.35042116 0.23346407],1,2,"[0.294379027732062, 0.1921773781634303]",0,0
13339,[0.39261366 0.57939392],0,1,"[0.37965276877051146, 0.575157747726818]",1,-1
13340,[0.27402104 0.25319588],1,2,"[0.294379027732062, 0.1921773781634303]",0,0
13341,[0.83781755 0.66086675],2,0,"[0.7890750777399501, 0.6799557517006445]",1,-1
13342,[0.61606783 0.55062626],3,-1,-1,1,-1
13343,[0.66265347 0.57651616],3,3,"[0.6601234827680622, 0.6109507568947781]",1,-1
13344,[0.29509651 0.58007632],0,-1,-1,1,-1
13345,[0.75087757 0.78574143],2,-1,-1,1,-1
13346,[0.85573898 0.61276951],2,-1,-1,1,-1
13347,[0.81714131 0.76970707],2,-1,-1,1,-1
13348,[0.32532203 0.25297118],1,2,"[0.294379027732062, 0.1921773781634303]",0,0
13349,[0.28645096 0.16194237],1,2,"[0.294379027732062, 0.1921773781634303]",0,0
13350,[0.34386622 0.48478189],0,-1,-1,1,-1
13351,[0.3804818  0.59651162],0,1,"[0.37965276877051146, 0.575157747726818]",1,-1
13352,[0.81865809 0.57499799],2,-1,-1,1,-1
13353,[0.23547895 0.19523585],1,2,"[0.294379027732062, 0.1921773781634303]",0,0
13354,[0.6525019  0.56454456],3,3,"[0.6601234827680622, 0.6109507568947781]",1,-1
13355,[0.69883174 0.62708469],3,3,"[0.6601234827680622, 0.6109507568947781]",1,-1
13356,[0.64844176 0.67124578],3,3,"[0.6601234827680622, 0.6109507568947781]",1,-1
13357,[0.43276923 0.59956344],0,1,"[0.37965276877051146, 0.575157747726818]",1,-1
13358,[0.33560966 0.17797627],1,2,"[0.294379027732062, 0.1921773781634303]",0,0
13359,[0.28389085 0.10943211],1,-1,-1,0,0
13360,[0.7362712  0.62712551],3,-1,-1,1,-1
13361,[0.7005885  0.68086231],2,-1,-1,1,-1
13362,[0.24755472 0.19537537],1,2,"[0.294379027732062, 0.1921773781634303]",0,0
13363,[0.36672585 0.47536946],0,-1,-1,1,-1
13364,[0.66251203 0.57910614],3,3,"[0.6601234827680622, 0.6109507568947781]",1,-1
13365,[0.82116375 0.61734274],2,-1,-1,1,-1
13366,[0.31714798 0.12414922],1,-1,-1,0,0
13367,[0.28821561 0.21331009],1,2,"[0.294379027732062, 0.1921773781634303]",0,0
13368,[0.6790942  0.66627154],3,3,"[0.6601234827680622, 0.6109507568947781]",1,-1
13369,[0.40711133 0.60604464],0,1,"[0.37965276877051146, 0.575157747726818]",1,-1
13370,[0.6894444  0.61291543],3,3,"[0.6601234827680622, 0.6109507568947781]",1,-1
13371,[0.32832048 0.18086237],1,2,"[0.294379027732062, 0.1921773781634303]",0,0
13372,[0.64826921 0.64628129],3,3,"[0.6601234827680622, 0.6109507568947781]",1,-1
13373,[0.67742611 0.6035667 ],3,3,"[0.6601234827680622, 0.6109507568947781]",1,5
13374,[0.24041177 0.19316527],1,2,"[0.294379027732062, 0.1921773781634303]",0,0
13375,[0.30004702 0.14855143],1,2,"[0.294379027732062, 0.1921773781634303]",0,0
13376,[0.36415279 0.50042225],0,-1,-1,1,-1
13377,[0.36651797 0.5477404 ],0,1,"[0.37965276877051146, 0.575157747726818]",1,-1
13378,[0.30965147 0.25886852],1,2,"[0.294379027732062, 0.1921773781634303]",0,0
13379,[0.36265805 0.54567223],0,1,"[0.37965276877051146, 0.575157747726818]",1,-1
13380,[0.79596827 0.69719343],2,0,"[0.7890750777399501, 0.6799557517006445]",1,-1
13381,[0.31538672 0.17134657],1,2,"[0.294379027732062, 0.1921773781634303]",0,0
13382,[0.44053644 0.60850882],0,1,"[0.37965276877051146, 0.575157747726818]",1,-1
13383,[0.39873465 0.53880231],0,1,"[0.37965276877051146, 0.575157747726818]",1,-1
13384,[0.34261349 0.53850371],0,1,"[0.37965276877051146, 0.575157747726818]",1,-1
13385,[0.45871659 0.5970537 ],0,-1,-1,1,-1
13386,[0.35596598 0.51253907],0,1,"[0.37965276877051146, 0.575157747726818]",1,-1
13387,[0.4383593  0.65028099],0,-1,-1,1,-1
13388,[0.35468098 0.56481728],0,1,"[0.37965276877051146, 0.575157747726818]",1,-1
13389,[0.29296064 0.21624629],1,2,"[0.294379027732062, 0.1921773781634303]",0,0
13390,[0.39089067 0.57743268],0,1,"[0.37965276877051146, 0.575157747726818]",1,-1
13391,[0.38033907 0.5196151 ],0,1,"[0.37965276877051146, 0.575157747726818]",1,-1
13392,[0.78804019 0.67400431],2,0,"[0.7890750777399501, 0.6799557517006445]",1,4
13393,[0.35651145 0.56973288],0,1,"[0.37965276877051146, 0.575157747726818]",1,-1
13394,[0.70358863 0.63228328],2,3,"[0.6601234827680622, 0.6109507568947781]",1,-1
13395,[0.29913168 0.21262063],1,2,"[0.294379027732062, 0.1921773781634303]",0,0
13396,[0.82927093 0.62041194],2,-1,-1,1,-1
13397,[0.26255793 0.0877524 ],1,-1,-1,0,0
13398,[0.31351897 0.25321324],1,2,"[0.294379027732062, 0.1921773781634303]",0,0
13399,[0.67300702 0.67519041],3,3,"[0.6601234827680622, 0.6109507568947781]",1,-1
13400,[0.8054909 0.6867987],2,0,"[0.7890750777399501, 0.6799557517006445]",1,-1
13401,[0.76573987 0.62134   ],2,0,"[0.7890750777399501, 0.6799557517006445]",1,-1
13402,[0.36832353 0.2526769 ],1,-1,-1,0,0
13403,[0.69351889 0.59550555],3,3,"[0.6601234827680622, 0.6109507568947781]",1,-1
13404,[0.31112934 0.13472855],1,2,"[0.294379027732062, 0.1921773781634303]",0,0
13405,[0.79899721 0.7777871 ],2,-1,-1,1,-1
13406,[0.38502281 0.58263586],0,1,"[0.37965276877051146, 0.575157747726818]",1,-1
13407,[0.33495847 0.18680515],1,2,"[0.294379027732062, 0.1921773781634303]",0,0
13408,[0.29966602 0.15786974],1,2,"[0.294379027732062, 0.1921773781634303]",0,0
13409,[0.43459289 0.54399734],0,1,"[0.37965276877051146, 0.575157747726818]",1,-1
13410,[0.36195872 0.26075051],1,-1,-1,0,0
13411,[0.69927171 0.65815385],3,3,"[0.6601234827680622, 0.6109507568947781]",1,-1
13412,[0.26327791 0.25598621],1,-1,-1,0,0
13413,[0.19081092 0.28083928],1,-1,-1,0,0
13414,[0.81021952 0.64649895],2,0,"[0.7890750777399501, 0.6799557517006445]",1,-1
13415,[0.30490154 0.15108062],1,2,"[0.294379027732062, 0.1921773781634303]",0,0
13416,[0.34103878 0.15746044],1,2,"[0.294379027732062, 0.1921773781634303]",0,0
13417,[0.69369594 0.65634031],3,3,"[0.6601234827680622, 0.6109507568947781]",1,-1
13418,[0.67896483 0.6587472 ],3,3,"[0.6601234827680622, 0.6109507568947781]",1,-1
13419,[0.37871323 0.60920938],0,1,"[0.37965276877051146, 0.575157747726818]",1,-1
13420,[0.68954929 0.60397271],3,3,"[0.6601234827680622, 0.6109507568947781]",1,5
13421,[0.33567381 0.60361724],0,1,"[0.37965276877051146, 0.575157747726818]",1,-1
13422,[0.40479421 0.50147186],0,-1,-1,1,-1
13423,[0.81926406 0.66743486],2,0,"[0.7890750777399501, 0.6799557517006445]",1,-1
13424,[0.32397166 0.57427397],0,1,"[0.37965276877051146, 0.575157747726818]",1,-1
13425,[0.64963548 0.63305313],3,3,"[0.6601234827680622, 0.6109507568947781]",1,-1
13426,[0.6573602  0.60090769],3,3,"[0.6601234827680622, 0.6109507568947781]",1,6
13427,[0.39682473 0.57776436],0,1,"[0.37965276877051146, 0.575157747726818]",1,-1
13428,[0.83542094 0.66904695],2,0,"[0.7890750777399501, 0.6799557517006445]",1,-1
13429,[0.66455468 0.61005529],3,3,"[0.6601234827680622, 0.6109507568947781]",1,-1
13430,[0.29516578 0.15277907],1,2,"[0.294379027732062, 0.1921773781634303]",0,0
13431,[0.38609691 0.55042678],0,1,"[0.37965276877051146, 0.575157747726818]",1,-1
13432,[0.30374148 0.20814503],1,2,"[0.294379027732062, 0.1921773781634303]",0,0
13433,[0.34598739 0.52268178],0,1,"[0.37965276877051146, 0.575157747726818]",1,-1
13434,[0.82942155 0.64596985],2,0,"[0.7890750777399501, 0.6799557517006445]",1,-1
13435,[0.3704997  0.15794129],1,-1,-1,0,0
13436,[0.73812565 0.77995205],2,-1,-1,1,-1
13437,[0.34142057 0.58137635],0,1,"[0.37965276877051146, 0.575157747726818]",1,-1
13438,[0.37338126 0.54458261],0,1,"[0.37965276877051146, 0.575157747726818]",1,-1
13439,[0.41226038 0.45608363],0,-1,-1,1,-1
13440,[0.34353454 0.31382295],1,-1,-1,0,0
13441,[0.76609822 0.71880626],2,0,"[0.7890750777399501, 0.6799557517006445]",1,-1
13442,[0.6876468  0.57860193],3,3,"[0.6601234827680622, 0.6109507568947781]",1,-1
13443,[0.42630459 0.54619809],0,1,"[0.37965276877051146, 0.575157747726818]",1,-1
13444,[0.61941321 0.70079084],3,-1,-1,1,-1
13445,[0.61458876 0.66231591],3,3,"[0.6601234827680622, 0.6109507568947781]",1,-1
13446,[0.73461801 0.6951582 ],2,0,"[0.7890750777399501, 0.6799557517006445]",1,-1
13447,[0.52085775 0.59904536],0,-1,-1,1,-1
13448,[0.83274319 0.61995343],2,-1,-1,1,-1
13449,[0.77163243 0.72948448],2,0,"[0.7890750777399501, 0.6799557517006445]",1,-1
13450,[0.86578358 0.62571111],2,-1,-1,1,-1
13451,[0.67238961 0.69729447],3,-1,-1,1,-1
13452,[0.77095947 0.67966326],2,0,"[0.7890750777399501, 0.6799557517006445]",1,-1
13453,[0.72305925 0.60254667],3,3,"[0.6601234827680622, 0.6109507568947781]",1,-1
13454,[0.43686739 0.5410552 ],0,1,"[0.37965276877051146, 0.575157747726818]",1,-1
13455,[0.4185383  0.63978513],0,-1,-1,1,-1
13456,[0.34722306 0.11915433],1,-1,-1,0,0
13457,[0.31008875 0.13118219],1,2,"[0.294379027732062, 0.1921773781634303]",0,0
13458,[0.24898601 0.20963158],1,2,"[0.294379027732062, 0.1921773781634303]",0,0
13459,[0.39657548 0.62843127],0,1,"[0.37965276877051146, 0.575157747726818]",1,-1
13460,[0.8306672  0.73054511],2,0,"[0.7890750777399501, 0.6799557517006445]",1,-1
13461,[0.27430884 0.52987389],0,-1,-1,1,-1
13462,[0.62143315 0.63806486],3,3,"[0.6601234827680622, 0.6109507568947781]",1,-1
13463,[0.61188468 0.65049726],3,3,"[0.6601234827680622, 0.6109507568947781]",1,-1
13464,[0.6439527  0.54103213],3,-1,-1,1,-1
13465,[0.70309773 0.57644159],3,3,"[0.6601234827680622, 0.6109507568947781]",1,-1
13466,[0.68598903 0.58440828],3,3,"[0.6601234827680622, 0.6109507568947781]",1,-1
13467,[0.66493903 0.65634342],3,3,"[0.6601234827680622, 0.6109507568947781]",1,-1
13468,[0.31173161 0.61939552],0,-1,-1,1,-1
13469,[0.37228533 0.58295021],0,1,"[0.37965276877051146, 0.575157747726818]",1,1
13470,[0.71985341 0.67128961],3,0,"[0.7890750777399501, 0.6799557517006445]",1,-1
13471,[0.34539482 0.22722994],1,2,"[0.294379027732062, 0.1921773781634303]",0,0
13472,[0.38870744 0.59542911],0,1,"[0.37965276877051146, 0.575157747726818]",1,-1
13473,[0.41539896 0.55200125],0,1,"[0.37965276877051146, 0.575157747726818]",1,-1
13474,[0.37081155 0.12564277],1,-1,-1,0,0
13475,[0.78889397 0.71717461],2,0,"[0.7890750777399501, 0.6799557517006445]",1,-1
13476,[0.86240325 0.71831585],2,-1,-1,1,-1
13477,[0.29479894 0.1797709 ],1,2,"[0.294379027732062, 0.1921773781634303]",0,0
13478,[0.29944014 0.19367926],1,2,"[0.294379027732062, 0.1921773781634303]",0,0
13479,[0.42266518 0.62885767],0,1,"[0.37965276877051146, 0.575157747726818]",1,-1
13480,[0.70116565 0.58265978],2,3,"[0.6601234827680622, 0.6109507568947781]",1,-1
13481,[0.64296438 0.68491116],2,-1,-1,1,-1
13482,[0.67409263 0.56656086],3,3,"[0.6601234827680622, 0.6109507568947781]",1,-1
13483,[0.62361822 0.56590822],3,3,"[0.6601234827680622, 0.6109507568947781]",1,-1
13484,[0.81091336 0.62335708],2,0,"[0.7890750777399501, 0.6799557517006445]",1,-1
13485,[0.40106872 0.62273912],0,1,"[0.37965276877051146, 0.575157747726818]",1,-1
13486,[0.68815476 0.58005029],3,3,"[0.6601234827680622, 0.6109507568947781]",1,-1
13487,[0.6040198  0.70398157],3,-1,-1,1,-1
13488,[0.77245954 0.81572059],2,-1,-1,1,-1
13489,[0.80537722 0.66195901],2,0,"[0.7890750777399501, 0.6799557517006445]",1,-1
13490,[0.80498329 0.69708083],2,0,"[0.7890750777399501, 0.6799557517006445]",1,-1
13491,[0.74253844 0.88513285],2,-1,-1,1,-1
13492,[0.40149097 0.56399786],0,1,"[0.37965276877051146, 0.575157747726818]",1,2
13493,[0.66823408 0.6393632 ],3,3,"[0.6601234827680622, 0.6109507568947781]",1,-1
13494,[0.30925278 0.24469347],1,2,"[0.294379027732062, 0.1921773781634303]",0,0
13495,[0.36488949 0.59194441],0,1,"[0.37965276877051146, 0.575157747726818]",1,-1
13496,[0.78834311 0.68986782],2,0,"[0.7890750777399501, 0.6799557517006445]",1,-1
13497,[0.72433666 0.57600547],3,-1,-1,1,-1
13498,[0.30491561 0.1800469 ],1,2,"[0.294379027732062, 0.1921773781634303]",0,0
13499,[0.27679776 0.16007473],1,2,"[0.294379027732062, 0.1921773781634303]",0,0
13500,[0.34310806 0.54947546],0,1,"[0.37965276877051146, 0.575157747726818]",1,-1
13501,[0.625765   0.52482525],3,-1,-1,1,-1
13502,[0.3244401  0.65134022],0,-1,-1,1,-1
13503,[0.81530323 0.71023664],2,0,"[0.7890750777399501, 0.6799557517006445]",1,-1
13504,[0.84636174 0.6521275 ],2,0,"[0.7890750777399501, 0.6799557517006445]",1,-1
13505,[0.63679761 0.61269112],3,3,"[0.6601234827680622, 0.6109507568947781]",1,-1
13506,[0.73577861 0.68608179],3,0,"[0.7890750777399501, 0.6799557517006445]",1,-1
13507,[0.79666341 0.66284046],2,0,"[0.7890750777399501, 0.6799557517006445]",1,-1
13508,[0.65756404 0.6248375 ],3,3,"[0.6601234827680622, 0.6109507568947781]",1,7
13509,[0.57986707 0.62075273],3,-1,-1,1,-1
13510,[0.40217896 0.61560552],0,1,"[0.37965276877051146, 0.575157747726818]",1,-1
13511,[0.37209328 0.65004181],0,-1,-1,1,-1
13512,[0.24960452 0.2198385 ],1,2,"[0.294379027732062, 0.1921773781634303]",0,0
13513,[0.45363921 0.60092523],0,-1,-1,1,-1
13514,[0.35293099 0.53273977],0,1,"[0.37965276877051146, 0.575157747726818]",1,-1
13515,[0.27460662 0.30945882],1,-1,-1,0,0
13516,[0.83802438 0.7158743 ],2,0,"[0.7890750777399501, 0.6799557517006445]",1,-1
13517,[0.44570808 0.59265334],0,1,"[0.37965276877051146, 0.575157747726818]",1,-1
13518,[0.3438794  0.54593588],0,1,"[0.37965276877051146, 0.575157747726818]",1,-1
13519,[0.62610334 0.5434292 ],3,-1,-1,1,-1
13520,[0.27503812 0.21890191],1,2,"[0.294379027732062, 0.1921773781634303]",0,0
13521,[0.62917513 0.63677859],3,3,"[0.6601234827680622, 0.6109507568947781]",1,-1
13522,[0.83109015 0.61638718],2,-1,-1,1,-1
13523,[0.36729242 0.5602738 ],0,1,"[0.37965276877051146, 0.575157747726818]",1,-1
13524,[0.58588864 0.63960966],3,-1,-1,1,-1
13525,[0.32753531 0.1945725 ],1,2,"[0.294379027732062, 0.1921773781634303]",0,0
13526,[0.78779465 0.73698929],2,0,"[0.7890750777399501, 0.6799557517006445]",1,-1
13527,[0.32840434 0.20970175],1,2,"[0.294379027732062, 0.1921773781634303]",0,0
13528,[0.30822966 0.55158734],0,-1,-1,1,-1
13529,[0.78074155 0.61715624],2,0,"[0.7890750777399501, 0.6799557517006445]",1,-1
13530,[0.76401743 0.72851189],2,0,"[0.7890750777399501, 0.6799557517006445]",1,-1
13531,[0.74295194 0.72043824],2,0,"[0.7890750777399501, 0.6799557517006445]",1,-1
13532,[0.27515366 0.26687049],1,-1,-1,0,0
13533,[0.88056677 0.62011943],2,-1,-1,1,-1
13534,[0.23940476 0.15529931],1,2,"[0.294379027732062, 0.1921773781634303]",0,0
13535,[0.6399958  0.59315019],3,3,"[0.6601234827680622, 0.6109507568947781]",1,-1
13536,[0.35663391 0.27685382],1,-1,-1,0,0
13537,[0.30232003 0.27257037],1,-1,-1,0,0
13538,[0.29520156 0.13966051],1,2,"[0.294379027732062, 0.1921773781634303]",0,0
13539,[0.37016429 0.23796768],1,-1,-1,0,0
13540,[0.61618436 0.49050108],3,-1,-1,1,-1
13541,[0.66028727 0.57897152],3,3,"[0.6601234827680622, 0.6109507568947781]",1,-1
13542,[0.60395643 0.67613451],3,-1,-1,1,-1
13543,[0.31218218 0.15204935],1,2,"[0.294379027732062, 0.1921773781634303]",0,0
13544,[0.3925633  0.58519352],0,1,"[0.37965276877051146, 0.575157747726818]",1,-1
13545,[0.39508478 0.57495623],0,1,"[0.37965276877051146, 0.575157747726818]",1,-1
13546,[0.24563945 0.1799362 ],1,2,"[0.294379027732062, 0.1921773781634303]",0,0
13547,[0.78111977 0.68809193],2,0,"[0.7890750777399501, 0.6799557517006445]",1,-1
13548,[0.68766944 0.62682354],3,3,"[0.6601234827680622, 0.6109507568947781]",1,7
13549,[0.28457537 0.14809951],1,2,"[0.294379027732062, 0.1921773781634303]",0,0
13550,[0.68593181 0.60984738],3,3,"[0.6601234827680622, 0.6109507568947781]",1,5
13551,[0.74952991 0.65326709],2,0,"[0.7890750777399501, 0.6799557517006445]",1,-1
13552,[0.38158359 0.67712243],0,-1,-1,1,-1
13553,[0.27318933 0.16625177],1,2,"[0.294379027732062, 0.1921773781634303]",0,0
13554,[0.73764914 0.62895558],3,-1,-1,1,-1
13555,[0.62732364 0.52860082],3,-1,-1,1,-1
13556,[0.27399974 0.20774293],1,2,"[0.294379027732062, 0.1921773781634303]",0,0
13557,[0.62473263 0.60065608],3,3,"[0.6601234827680622, 0.6109507568947781]",1,-1
13558,[0.31321722 0.17960564],1,2,"[0.294379027732062, 0.1921773781634303]",0,0
13559,[0.81370448 0.73112063],2,0,"[0.7890750777399501, 0.6799557517006445]",1,-1
13560,[0.38852328 0.20956197],1,-1,-1,0,0
13561,[0.33264332 0.53536317],0,1,"[0.37965276877051146, 0.575157747726818]",1,-1
13562,[0.32919078 0.5453752 ],0,1,"[0.37965276877051146, 0.575157747726818]",1,-1
13563,[0.67322492 0.61769777],3,3,"[0.6601234827680622, 0.6109507568947781]",1,-1
13564,[0.28072301 0.21560196],1,2,"[0.294379027732062, 0.1921773781634303]",0,0
13565,[0.68411077 0.61257032],3,3,"[0.6601234827680622, 0.6109507568947781]",1,5
13566,[0.76839683 0.65216159],3,0,"[0.7890750777399501, 0.6799557517006445]",1,-1
13567,[0.2557605  0.10578458],1,-1,-1,0,0
13568,[0.33667748 0.55231219],0,1,"[0.37965276877051146, 0.575157747726818]",1,-1
13569,[0.33816834 0.49711474],0,-1,-1,1,-1
13570,[0.30909308 0.19770428],1,2,"[0.294379027732062, 0.1921773781634303]",0,0
13571,[0.66280637 0.63911515],3,3,"[0.6601234827680622, 0.6109507568947781]",1,-1
13572,[0.40933141 0.55227289],0,1,"[0.37965276877051146, 0.575157747726818]",1,-1
13573,[0.28844621 0.18452201],1,2,"[0.294379027732062, 0.1921773781634303]",0,0
13574,[0.37077101 0.66284288],0,-1,-1,1,-1
13575,[0.79767156 0.76224144],2,-1,-1,1,-1
13576,[0.62511892 0.6045816 ],3,3,"[0.6601234827680622, 0.6109507568947781]",1,-1
13577,[0.31487707 0.60886699],0,-1,-1,1,-1
13578,[0.83471951 0.74868554],2,-1,-1,1,-1
13579,[0.70094548 0.6487837 ],3,3,"[0.6601234827680622, 0.6109507568947781]",1,-1
13580,[0.62538182 0.62150504],3,3,"[0.6601234827680622, 0.6109507568947781]",1,-1
13581,[0.63568489 0.50807875],3,-1,-1,1,-1
13582,[0.29791493 0.22066691],1,2,"[0.294379027732062, 0.1921773781634303]",0,0
13583,[0.26996382 0.17529337],1,2,"[0.294379027732062, 0.1921773781634303]",0,0
13584,[0.3931051 0.5700074],0,1,"[0.37965276877051146, 0.575157747726818]",1,-1
13585,[0.78460601 0.69032724],2,0,"[0.7890750777399501, 0.6799557517006445]",1,-1
13586,[0.66070661 0.64928095],3,3,"[0.6601234827680622, 0.6109507568947781]",1,-1
13587,[0.26485969 0.25731365],1,-1,-1,0,0
13588,[0.46728667 0.64406943],0,-1,-1,1,-1
13589,[0.85069884 0.69198608],2,0,"[0.7890750777399501, 0.6799557517006445]",1,-1
13590,[0.81942274 0.68009644],2,0,"[0.7890750777399501, 0.6799557517006445]",1,-1
13591,[0.63929144 0.64363526],3,3,"[0.6601234827680622, 0.6109507568947781]",1,-1
13592,[0.36327568 0.2317167 ],1,-1,-1,0,0
13593,[0.2685048  0.18390799],1,2,"[0.294379027732062, 0.1921773781634303]",0,0
13594,[0.76467494 0.79504037],2,-1,-1,1,-1
13595,[0.2467396  0.17438651],1,2,"[0.294379027732062, 0.1921773781634303]",0,0
13596,[0.69790338 0.70352291],2,-1,-1,1,-1
13597,[0.83173673 0.65756663],2,0,"[0.7890750777399501, 0.6799557517006445]",1,-1
13598,[0.85043483 0.64142632],2,-1,-1,1,-1
13599,[0.72246801 0.60559256],3,3,"[0.6601234827680622, 0.6109507568947781]",1,-1
13600,[0.87463776 0.67484227],2,-1,-1,1,-1
13601,[0.60334473 0.61146704],3,3,"[0.6601234827680622, 0.6109507568947781]",1,-1
13602,[0.34629601 0.15962031],1,2,"[0.294379027732062, 0.1921773781634303]",0,0
13603,[0.2638106  0.21069353],1,2,"[0.294379027732062, 0.1921773781634303]",0,0
13604,[0.64592714 0.49616434],3,-1,-1,1,-1
13605,[0.38758893 0.62161012],0,1,"[0.37965276877051146, 0.575157747726818]",1,-1
13606,[0.81713061 0.63868697],2,0,"[0.7890750777399501, 0.6799557517006445]",1,-1
13607,[0.56196282 0.69733712],3,-1,-1,1,-1
13608,[0.27939699 0.23023719],1,2,"[0.294379027732062, 0.1921773781634303]",0,0
13609,[0.41509696 0.53568592],0,1,"[0.37965276877051146, 0.575157747726818]",1,-1
13610,[0.24745719 0.17550696],1,2,"[0.294379027732062, 0.1921773781634303]",0,0
13611,[0.35042997 0.65295973],0,-1,-1,1,-1
13612,[0.30988319 0.23751528],1,2,"[0.294379027732062, 0.1921773781634303]",0,0
13613,[0.63925495 0.68401504],3,-1,-1,1,-1
13614,[0.77516673 0.69614843],2,0,"[0.7890750777399501, 0.6799557517006445]",1,-1
13615,[0.27368215 0.25787352],1,2,"[0.294379027732062, 0.1921773781634303]",0,0
13616,[0.59487269 0.70115299],3,-1,-1,1,-1
13617,[0.73574712 0.63346439],2,-1,-1,1,-1
13618,[0.43043453 0.60402083],0,1,"[0.37965276877051146, 0.575157747726818]",1,-1
13619,[0.42391145 0.62998998],0,-1,-1,1,-1
13620,[0.59853356 0.53844863],3,-1,-1,1,-1
13621,[0.31857899 0.52284374],0,-1,-1,1,-1
13622,[0.66588294 0.55822988],3,3,"[0.6601234827680622, 0.6109507568947781]",1,-1
13623,[0.28500731 0.22235513],1,2,"[0.294379027732062, 0.1921773781634303]",0,0
13624,[0.68175322 0.71073699],3,-1,-1,1,-1
13625,[0.8317179  0.67185884],2,0,"[0.7890750777399501, 0.6799557517006445]",1,-1
13626,[0.33025649 0.59980423],0,1,"[0.37965276877051146, 0.575157747726818]",1,-1
13627,[0.69577615 0.61888123],3,3,"[0.6601234827680622, 0.6109507568947781]",1,-1
13628,[0.64997838 0.74454412],3,-1,-1,1,-1
13629,[0.77985297 0.70477654],2,0,"[0.7890750777399501, 0.6799557517006445]",1,-1
13630,[0.76212035 0.62948846],2,0,"[0.7890750777399501, 0.6799557517006445]",1,-1
13631,[0.60255764 0.64518928],3,3,"[0.6601234827680622, 0.6109507568947781]",1,-1
13632,[0.26279811 0.22101156],1,2,"[0.294379027732062, 0.1921773781634303]",0,0
13633,[0.23992712 0.22800829],1,2,"[0.294379027732062, 0.1921773781634303]",0,0
13634,[0.37555716 0.59306358],0,1,"[0.37965276877051146, 0.575157747726818]",1,-1
13635,[0.74671866 0.60378535],2,-1,-1,1,-1
13636,[0.34022287 0.1842323 ],1,2,"[0.294379027732062, 0.1921773781634303]",0,0
13637,[0.77859035 0.6950723 ],2,0,"[0.7890750777399501, 0.6799557517006445]",1,-1
13638,[0.7839641  0.60150066],2,-1,-1,1,-1
13639,[0.25090264 0.14994169],1,2,"[0.294379027732062, 0.1921773781634303]",0,0
13640,[0.83622254 0.66774464],2,0,"[0.7890750777399501, 0.6799557517006445]",1,-1
13641,[0.40659569 0.64923773],0,-1,-1,1,-1
13642,[0.37839995 0.61913277],0,1,"[0.37965276877051146, 0.575157747726818]",1,-1
13643,[0.39065109 0.55799938],0,1,"[0.37965276877051146, 0.575157747726818]",1,-1
13644,[0.36552937 0.5580396 ],0,1,"[0.37965276877051146, 0.575157747726818]",1,1
13645,[0.63072625 0.61530539],3,3,"[0.6601234827680622, 0.6109507568947781]",1,-1
13646,[0.86159461 0.72829746],2,-1,-1,1,-1
13647,[0.31330514 0.23870691],1,2,"[0.294379027732062, 0.1921773781634303]",0,0
13648,[0.34366032 0.46884083],0,-1,-1,1,-1
13649,[0.7193268  0.58724993],3,3,"[0.6601234827680622, 0.6109507568947781]",1,-1
13650,[0.4413597  0.62850222],0,-1,-1,1,-1
13651,[0.83383191 0.6874198 ],2,0,"[0.7890750777399501, 0.6799557517006445]",1,-1
13652,[0.75926049 0.64617602],2,0,"[0.7890750777399501, 0.6799557517006445]",1,-1
13653,[0.71990033 0.57653982],3,3,"[0.6601234827680622, 0.6109507568947781]",1,-1
13654,[0.68928239 0.6499383 ],3,3,"[0.6601234827680622, 0.6109507568947781]",1,-1
13655,[0.85335276 0.69720992],2,0,"[0.7890750777399501, 0.6799557517006445]",1,-1
13656,[0.73179338 0.66184806],2,0,"[0.7890750777399501, 0.6799557517006445]",1,-1
13657,[0.85552247 0.66550275],2,0,"[0.7890750777399501, 0.6799557517006445]",1,-1
13658,[0.85366672 0.68605969],2,0,"[0.7890750777399501, 0.6799557517006445]",1,-1
13659,[0.33210189 0.15882258],1,2,"[0.294379027732062, 0.1921773781634303]",0,0
13660,[0.2896691  0.19016519],1,2,"[0.294379027732062, 0.1921773781634303]",0,0
13661,[0.84095678 0.72074544],2,0,"[0.7890750777399501, 0.6799557517006445]",1,-1
13662,[0.21715235 0.15788328],1,-1,-1,0,0
13663,[0.39568768 0.53060239],0,1,"[0.37965276877051146, 0.575157747726818]",1,-1
13664,[0.83502521 0.68775495],2,0,"[0.7890750777399501, 0.6799557517006445]",1,-1
13665,[0.32477821 0.57860522],0,1,"[0.37965276877051146, 0.575157747726818]",1,-1
13666,[0.68529136 0.6344227 ],3,3,"[0.6601234827680622, 0.6109507568947781]",1,-1
13667,[0.40623308 0.60566191],0,1,"[0.37965276877051146, 0.575157747726818]",1,-1
13668,[0.78021552 0.74321032],2,0,"[0.7890750777399501, 0.6799557517006445]",1,-1
13669,[0.35350193 0.52131278],0,1,"[0.37965276877051146, 0.575157747726818]",1,-1
13670,[0.28051641 0.19393375],1,2,"[0.294379027732062, 0.1921773781634303]",0,0
13671,[0.81830023 0.7178527 ],2,0,"[0.7890750777399501, 0.6799557517006445]",1,-1
13672,[0.75433989 0.6382293 ],3,0,"[0.7890750777399501, 0.6799557517006445]",1,-1
13673,[0.75166841 0.58243991],2,-1,-1,1,-1
13674,[0.69011516 0.6275521 ],3,3,"[0.6601234827680622, 0.6109507568947781]",1,7
13675,[0.38892376 0.60775623],0,1,"[0.37965276877051146, 0.575157747726818]",1,-1
13676,[0.43396149 0.58910161],0,1,"[0.37965276877051146, 0.575157747726818]",1,-1
13677,[0.40127377 0.19889849],1,-1,-1,0,0
13678,[0.73509186 0.72204049],2,0,"[0.7890750777399501, 0.6799557517006445]",1,-1
13679,[0.48479435 0.58666893],0,-1,-1,1,-1
13680,[0.26876244 0.23504518],1,2,"[0.294379027732062, 0.1921773781634303]",0,0
13681,[0.63415543 0.57661794],3,3,"[0.6601234827680622, 0.6109507568947781]",1,-1
13682,[0.8807948  0.83270586],2,-1,-1,1,-1
13683,[0.71667176 0.59665566],3,3,"[0.6601234827680622, 0.6109507568947781]",1,-1
13684,[0.77430776 0.68647327],2,0,"[0.7890750777399501, 0.6799557517006445]",1,-1
13685,[0.68043741 0.61731249],3,3,"[0.6601234827680622, 0.6109507568947781]",1,5
13686,[0.28016009 0.22511346],1,2,"[0.294379027732062, 0.1921773781634303]",0,0
13687,[0.26078627 0.49506059],0,-1,-1,1,-1
13688,[0.70386075 0.67064157],2,-1,-1,1,-1
13689,[0.75492745 0.77945258],2,-1,-1,1,-1
13690,[0.67616275 0.64141811],3,3,"[0.6601234827680622, 0.6109507568947781]",1,-1
13691,[0.64511151 0.6256619 ],3,3,"[0.6601234827680622, 0.6109507568947781]",1,-1
13692,[0.73945946 0.63348299],3,0,"[0.7890750777399501, 0.6799557517006445]",1,-1
13693,[0.25948795 0.14371602],1,2,"[0.294379027732062, 0.1921773781634303]",0,0
13694,[0.63220299 0.69036684],3,-1,-1,1,-1
13695,[0.31261592 0.19383183],1,2,"[0.294379027732062, 0.1921773781634303]",0,0
13696,[0.65813973 0.65907059],3,3,"[0.6601234827680622, 0.6109507568947781]",1,-1
13697,[0.81195871 0.68710622],2,0,"[0.7890750777399501, 0.6799557517006445]",1,4
13698,[0.38055714 0.6337419 ],0,1,"[0.37965276877051146, 0.575157747726818]",1,-1
13699,[0.79738539 0.7314415 ],2,0,"[0.7890750777399501, 0.6799557517006445]",1,-1
13700,[0.39935416 0.17113988],1,-1,-1,0,0
13701,[0.3798505  0.22149815],1,-1,-1,0,0
13702,[0.40852862 0.57253701],0,1,"[0.37965276877051146, 0.575157747726818]",1,2
13703,[0.43108335 0.57066386],0,1,"[0.37965276877051146, 0.575157747726818]",1,-1
13704,[0.77082365 0.71692355],2,0,"[0.7890750777399501, 0.6799557517006445]",1,-1
13705,[0.6730955  0.58207537],3,3,"[0.6601234827680622, 0.6109507568947781]",1,-1
13706,[0.69671409 0.71122209],2,-1,-1,1,-1
13707,[0.75936042 0.73840207],2,0,"[0.7890750777399501, 0.6799557517006445]",1,-1
13708,[0.37027448 0.55493417],0,1,"[0.37965276877051146, 0.575157747726818]",1,-1
13709,[0.6446387  0.60286259],3,3,"[0.6601234827680622, 0.6109507568947781]",1,-1
13710,[0.40166053 0.58440683],0,1,"[0.37965276877051146, 0.575157747726818]",1,-1
13711,[0.39289213 0.53890349],0,1,"[0.37965276877051146, 0.575157747726818]",1,-1
13712,[0.62251266 0.64042254],3,3,"[0.6601234827680622, 0.6109507568947781]",1,-1
13713,[0.266899   0.20472746],1,2,"[0.294379027732062, 0.1921773781634303]",0,0
13714,[0.62918677 0.70276237],3,-1,-1,1,-1
13715,[0.32595207 0.14965172],1,2,"[0.294379027732062, 0.1921773781634303]",0,0
13716,[0.70985159 0.69215188],2,-1,-1,1,-1
13717,[0.27477372 0.14319356],1,2,"[0.294379027732062, 0.1921773781634303]",0,0
13718,[0.66003431 0.52710881],3,-1,-1,1,-1
13719,[0.35396248 0.55895595],0,1,"[0.37965276877051146, 0.575157747726818]",1,-1
13720,[0.36642212 0.14797885],1,-1,-1,0,0
13721,[0.28761655 0.18556629],1,2,"[0.294379027732062, 0.1921773781634303]",0,0
13722,[0.83946681 0.76441129],2,-1,-1,1,-1
13723,[0.27841737 0.18805018],1,2,"[0.294379027732062, 0.1921773781634303]",0,0
13724,[0.68889083 0.60341409],3,3,"[0.6601234827680622, 0.6109507568947781]",1,5
13725,[0.30323252 0.27058073],1,-1,-1,0,0
13726,[0.63468327 0.58496849],3,3,"[0.6601234827680622, 0.6109507568947781]",1,-1
13727,[0.36901251 0.57135298],0,1,"[0.37965276877051146, 0.575157747726818]",1,-1
13728,[0.32888408 0.48139334],0,-1,-1,1,-1
13729,[0.83166235 0.70527072],2,0,"[0.7890750777399501, 0.6799557517006445]",1,-1
13730,[0.25490737 0.06719781],1,-1,-1,0,0
13731,[0.59925876 0.70455106],3,-1,-1,1,-1
13732,[0.28860476 0.58900685],0,-1,-1,1,-1
13733,[0.21564219 0.22400922],1,-1,-1,0,0
13734,[0.4078962  0.64442578],0,-1,-1,1,-1
13735,[0.65890083 0.62131679],3,3,"[0.6601234827680622, 0.6109507568947781]",1,7
13736,[0.78738174 0.68983519],2,0,"[0.7890750777399501, 0.6799557517006445]",1,-1
13737,[0.39634816 0.64561342],0,-1,-1,1,-1
13738,[0.35166614 0.08727567],1,-1,-1,0,0
13739,[0.2537325  0.15977419],1,2,"[0.294379027732062, 0.1921773781634303]",0,0
13740,[0.32773035 0.16187803],1,2,"[0.294379027732062, 0.1921773781634303]",0,0
13741,[0.61171771 0.58627712],3,3,"[0.6601234827680622, 0.6109507568947781]",1,-1
13742,[0.20710057 0.17785657],1,-1,-1,0,0
13743,[0.81676687 0.63908385],2,0,"[0.7890750777399501, 0.6799557517006445]",1,-1
13744,[0.45892834 0.61607271],0,-1,-1,1,-1
13745,[0.30305945 0.17876184],1,2,"[0.294379027732062, 0.1921773781634303]",0,0
13746,[0.32792798 0.17259462],1,2,"[0.294379027732062, 0.1921773781634303]",0,0
13747,[0.50281426 0.66767358],0,-1,-1,1,-1
13748,[0.60181002 0.64287527],3,3,"[0.6601234827680622, 0.6109507568947781]",1,-1
13749,[0.71761517 0.54712347],3,-1,-1,1,-1
13750,[0.28468914 0.55487464],0,-1,-1,1,-1
13751,[0.28043267 0.24787181],1,2,"[0.294379027732062, 0.1921773781634303]",0,0
13752,[0.64155799 0.5684344 ],3,3,"[0.6601234827680622, 0.6109507568947781]",1,-1
13753,[0.40810925 0.70691208],0,-1,-1,1,-1
13754,[0.36975578 0.21367917],1,-1,-1,0,0
13755,[0.69348956 0.6081334 ],3,3,"[0.6601234827680622, 0.6109507568947781]",1,-1
13756,[0.32320427 0.16640341],1,2,"[0.294379027732062, 0.1921773781634303]",0,0
13757,[0.62900746 0.54262616],3,-1,-1,1,-1
13758,[0.27947222 0.21771169],1,2,"[0.294379027732062, 0.1921773781634303]",0,0
13759,[0.69936532 0.61386971],3,3,"[0.6601234827680622, 0.6109507568947781]",1,-1
13760,[0.29869424 0.15637767],1,2,"[0.294379027732062, 0.1921773781634303]",0,0
13761,[0.35070044 0.50450642],0,-1,-1,1,-1
13762,[0.76346651 0.65330296],2,0,"[0.7890750777399501, 0.6799557517006445]",1,-1
13763,[0.37365617 0.60563961],0,1,"[0.37965276877051146, 0.575157747726818]",1,-1
13764,[0.35044992 0.14609812],1,-1,-1,0,0
13765,[0.18629415 0.15500879],1,-1,-1,0,0
13766,[0.64617181 0.61628564],3,3,"[0.6601234827680622, 0.6109507568947781]",1,-1
13767,[0.83632623 0.81090557],2,-1,-1,1,-1
13768,[0.81419073 0.64949597],2,0,"[0.7890750777399501, 0.6799557517006445]",1,-1
13769,[0.38865773 0.66034312],0,-1,-1,1,-1
13770,[0.46638336 0.56738108],0,-1,-1,1,-1
13771,[0.60847619 0.70018808],3,-1,-1,1,-1
13772,[0.71392366 0.73628647],3,-1,-1,1,-1
13773,[0.33042481 0.59990251],0,1,"[0.37965276877051146, 0.575157747726818]",1,-1
13774,[0.29446046 0.08297373],1,-1,-1,0,0
13775,[0.22148808 0.19723465],1,-1,-1,0,0
13776,[0.46903268 0.56731297],0,-1,-1,1,-1
13777,[0.31588317 0.18569113],1,2,"[0.294379027732062, 0.1921773781634303]",0,0
13778,[0.64232069 0.67059958],3,3,"[0.6601234827680622, 0.6109507568947781]",1,-1
13779,[0.39564336 0.12236365],1,-1,-1,0,0
13780,[0.69741124 0.64053092],2,3,"[0.6601234827680622, 0.6109507568947781]",1,-1
13781,[0.25038917 0.25324552],1,-1,-1,0,0
13782,[0.84651644 0.63929394],2,-1,-1,1,-1
13783,[0.7747573  0.70154098],2,0,"[0.7890750777399501, 0.6799557517006445]",1,-1
13784,[0.22793571 0.08873868],1,-1,-1,0,0
13785,[0.66544481 0.6296261 ],3,3,"[0.6601234827680622, 0.6109507568947781]",1,-1
13786,[0.71969813 0.71914625],2,-1,-1,1,-1
13787,[0.87674151 0.61316024],2,-1,-1,1,-1
13788,[0.77777009 0.69578883],2,0,"[0.7890750777399501, 0.6799557517006445]",1,-1
13789,[0.59944171 0.62977554],3,3,"[0.6601234827680622, 0.6109507568947781]",1,-1
13790,[0.37879163 0.69074145],0,-1,-1,1,-1
13791,[0.64128661 0.60074572],3,3,"[0.6601234827680622, 0.6109507568947781]",1,-1
13792,[0.31376697 0.18645356],1,2,"[0.294379027732062, 0.1921773781634303]",0,0
13793,[0.71825177 0.66229996],3,-1,-1,1,-1
13794,[0.36176408 0.24075381],1,-1,-1,0,0
13795,[0.77146925 0.73758952],2,0,"[0.7890750777399501, 0.6799557517006445]",1,-1
13796,[0.7316244 0.5878615],3,-1,-1,1,-1
13797,[0.77661497 0.59991226],3,-1,-1,1,-1
13798,[0.28061618 0.23004255],1,2,"[0.294379027732062, 0.1921773781634303]",0,0
13799,[0.64022851 0.716823  ],3,-1,-1,1,-1
13800,[0.70798521 0.65913868],2,3,"[0.6601234827680622, 0.6109507568947781]",1,-1
13801,[0.28165516 0.19235438],1,2,"[0.294379027732062, 0.1921773781634303]",0,0
13802,[0.70097242 0.7641848 ],2,-1,-1,1,-1
13803,[0.47657981 0.52946253],0,-1,-1,1,-1
13804,[0.14874105 0.27065019],1,-1,-1,0,0
13805,[0.85271277 0.67787716],2,0,"[0.7890750777399501, 0.6799557517006445]",1,-1
13806,[0.34480052 0.63232648],0,1,"[0.37965276877051146, 0.575157747726818]",1,-1
13807,[0.29338443 0.13499999],1,2,"[0.294379027732062, 0.1921773781634303]",0,0
13808,[0.66809932 0.67210331],3,3,"[0.6601234827680622, 0.6109507568947781]",1,-1
13809,[0.59067575 0.65779436],3,-1,-1,1,-1
13810,[0.6392576  0.60628019],3,3,"[0.6601234827680622, 0.6109507568947781]",1,-1
13811,[0.37026647 0.5902694 ],0,1,"[0.37965276877051146, 0.575157747726818]",1,-1
13812,[0.41278425 0.62334668],0,1,"[0.37965276877051146, 0.575157747726818]",1,-1
13813,[0.39099981 0.58430825],0,1,"[0.37965276877051146, 0.575157747726818]",1,-1
13814,[0.75001563 0.7240716 ],2,0,"[0.7890750777399501, 0.6799557517006445]",1,-1
13815,[0.44244469 0.54684221],0,1,"[0.37965276877051146, 0.575157747726818]",1,-1
13816,[0.86226878 0.74146242],2,-1,-1,1,-1
13817,[0.64775201 0.61388073],3,3,"[0.6601234827680622, 0.6109507568947781]",1,6
13818,[0.71930331 0.59686979],2,3,"[0.6601234827680622, 0.6109507568947781]",1,-1
13819,[0.6584725  0.53122469],3,-1,-1,1,-1
13820,[0.70764137 0.52330983],3,-1,-1,1,-1
13821,[0.26706701 0.26259261],1,-1,-1,0,0
13822,[0.70869084 0.64602309],3,3,"[0.6601234827680622, 0.6109507568947781]",1,-1
13823,[0.71500535 0.62532041],3,3,"[0.6601234827680622, 0.6109507568947781]",1,-1
13824,[0.39585041 0.65245983],0,-1,-1,1,-1
13825,[0.83037348 0.60887975],2,-1,-1,1,-1
13826,[0.64780489 0.57025879],3,3,"[0.6601234827680622, 0.6109507568947781]",1,-1
13827,[0.57522917 0.56169152],3,-1,-1,1,-1
13828,[0.77478569 0.6653821 ],2,0,"[0.7890750777399501, 0.6799557517006445]",1,-1
13829,[0.43093328 0.55984098],0,1,"[0.37965276877051146, 0.575157747726818]",1,-1
13830,[0.72438675 0.58092705],3,-1,-1,1,-1
13831,[0.77265184 0.75905441],2,-1,-1,1,-1
13832,[0.77904106 0.67420242],2,0,"[0.7890750777399501, 0.6799557517006445]",1,-1
13833,[0.74271061 0.73572965],2,-1,-1,1,-1
13834,[0.41260599 0.64786786],0,-1,-1,1,-1
13835,[0.25377727 0.19092209],1,2,"[0.294379027732062, 0.1921773781634303]",0,0
13836,[0.77324394 0.68662917],2,0,"[0.7890750777399501, 0.6799557517006445]",1,-1
13837,[0.69171505 0.5687355 ],3,3,"[0.6601234827680622, 0.6109507568947781]",1,-1
13838,[0.73607158 0.71809582],2,0,"[0.7890750777399501, 0.6799557517006445]",1,-1
13839,[0.3621913  0.55192556],0,1,"[0.37965276877051146, 0.575157747726818]",1,1
13840,[0.29594164 0.31417696],1,-1,-1,0,0
13841,[0.62890134 0.61218545],3,3,"[0.6601234827680622, 0.6109507568947781]",1,-1
13842,[0.32231418 0.22902756],1,2,"[0.294379027732062, 0.1921773781634303]",0,0
13843,[0.64606072 0.65961787],3,3,"[0.6601234827680622, 0.6109507568947781]",1,-1
13844,[0.80968527 0.67977163],2,0,"[0.7890750777399501, 0.6799557517006445]",1,4
13845,[0.576665  0.5876353],3,-1,-1,1,-1
13846,[0.43565905 0.58799898],0,1,"[0.37965276877051146, 0.575157747726818]",1,-1
13847,[0.41129707 0.51550741],0,1,"[0.37965276877051146, 0.575157747726818]",1,-1
13848,[0.45021896 0.56733685],0,-1,-1,1,-1
13849,[0.68145744 0.61109103],3,3,"[0.6601234827680622, 0.6109507568947781]",1,5
13850,[0.74384665 0.619638  ],2,-1,-1,1,-1
13851,[0.20325752 0.19631625],1,-1,-1,0,0
13852,[0.73628746 0.60691829],3,-1,-1,1,-1
13853,[0.27522752 0.12892592],1,2,"[0.294379027732062, 0.1921773781634303]",0,0
13854,[0.75945059 0.71059906],2,0,"[0.7890750777399501, 0.6799557517006445]",1,-1
13855,[0.41099813 0.5741303 ],0,1,"[0.37965276877051146, 0.575157747726818]",1,2
13856,[0.3398945  0.58381927],0,1,"[0.37965276877051146, 0.575157747726818]",1,-1
13857,[0.2239074  0.16599782],1,-1,-1,0,0
13858,[0.75506693 0.70323218],2,0,"[0.7890750777399501, 0.6799557517006445]",1,-1
13859,[0.36735839 0.60841178],0,1,"[0.37965276877051146, 0.575157747726818]",1,-1
13860,[0.34703653 0.59790316],0,1,"[0.37965276877051146, 0.575157747726818]",1,-1
13861,[0.31886744 0.21355304],1,2,"[0.294379027732062, 0.1921773781634303]",0,0
13862,[0.34643134 0.23641571],1,2,"[0.294379027732062, 0.1921773781634303]",0,0
13863,[0.80928788 0.6457846 ],2,0,"[0.7890750777399501, 0.6799557517006445]",1,-1
13864,[0.78708945 0.75208012],2,-1,-1,1,-1
13865,[0.85274314 0.62661957],2,-1,-1,1,-1
13866,[0.430607   0.57639849],0,1,"[0.37965276877051146, 0.575157747726818]",1,-1
13867,[0.46600263 0.60824107],0,-1,-1,1,-1
13868,[0.75400689 0.69147155],2,0,"[0.7890750777399501, 0.6799557517006445]",1,-1
13869,[0.42958985 0.59734976],0,1,"[0.37965276877051146, 0.575157747726818]",1,-1
13870,[0.4063233  0.09583242],1,-1,-1,0,0
13871,[0.84992767 0.68672356],2,0,"[0.7890750777399501, 0.6799557517006445]",1,-1
13872,[0.73386621 0.64057511],3,0,"[0.7890750777399501, 0.6799557517006445]",1,-1
13873,[0.85635409 0.67834727],2,0,"[0.7890750777399501, 0.6799557517006445]",1,-1
13874,[0.48250357 0.60497479],0,-1,-1,1,-1
13875,[0.86457136 0.62081529],2,-1,-1,1,-1
13876,[0.34320776 0.18149382],1,2,"[0.294379027732062, 0.1921773781634303]",0,0
13877,[0.6090783  0.61088209],3,3,"[0.6601234827680622, 0.6109507568947781]",1,-1
13878,[0.67103565 0.68049276],3,-1,-1,1,-1
13879,[0.82001785 0.6719192 ],2,0,"[0.7890750777399501, 0.6799557517006445]",1,-1
13880,[0.69938719 0.61777718],3,3,"[0.6601234827680622, 0.6109507568947781]",1,-1
13881,[0.26416795 0.21570577],1,2,"[0.294379027732062, 0.1921773781634303]",0,0
13882,[0.26901276 0.58101982],0,-1,-1,1,-1
13883,[0.35421078 0.25006179],1,-1,-1,0,0
13884,[0.75373727 0.64179982],2,0,"[0.7890750777399501, 0.6799557517006445]",1,-1
13885,[0.30347923 0.54875558],0,-1,-1,1,-1
13886,[0.63396149 0.6692672 ],3,3,"[0.6601234827680622, 0.6109507568947781]",1,-1
13887,[0.87587996 0.65254358],2,-1,-1,1,-1
13888,[0.57133434 0.57272284],3,-1,-1,1,-1
13889,[0.77738374 0.6510166 ],3,0,"[0.7890750777399501, 0.6799557517006445]",1,3
13890,[0.33733574 0.15077625],1,2,"[0.294379027732062, 0.1921773781634303]",0,0
13891,[0.38724494 0.52417436],0,1,"[0.37965276877051146, 0.575157747726818]",1,-1
13892,[0.24736302 0.54420401],0,-1,-1,1,-1
13893,[0.35963964 0.56290555],0,1,"[0.37965276877051146, 0.575157747726818]",1,-1
13894,[0.63239067 0.60884619],3,3,"[0.6601234827680622, 0.6109507568947781]",1,-1
13895,[0.32787002 0.56962588],0,1,"[0.37965276877051146, 0.575157747726818]",1,-1
13896,[0.39255865 0.59293308],0,1,"[0.37965276877051146, 0.575157747726818]",1,-1
13897,[0.33831394 0.137697  ],1,2,"[0.294379027732062, 0.1921773781634303]",0,0
13898,[0.27195276 0.17985536],1,2,"[0.294379027732062, 0.1921773781634303]",0,0
13899,[0.65384103 0.61171623],3,3,"[0.6601234827680622, 0.6109507568947781]",1,-1
13900,[0.62605676 0.63312   ],3,3,"[0.6601234827680622, 0.6109507568947781]",1,-1
13901,[0.73091412 0.73471481],2,-1,-1,1,-1
13902,[0.74805878 0.68044538],2,0,"[0.7890750777399501, 0.6799557517006445]",1,-1
13903,[0.20350591 0.19251056],1,-1,-1,0,0
13904,[0.70448715 0.6207278 ],2,3,"[0.6601234827680622, 0.6109507568947781]",1,-1
13905,[0.49070324 0.5533723 ],0,-1,-1,1,-1
13906,[0.29659774 0.58458263],0,-1,-1,1,-1
13907,[0.56331317 0.63315072],3,-1,-1,1,-1
13908,[0.74351162 0.69171091],2,0,"[0.7890750777399501, 0.6799557517006445]",1,-1
13909,[0.65158022 0.72594675],2,-1,-1,1,-1
13910,[0.86472966 0.69716808],2,-1,-1,1,-1
13911,[0.36172623 0.6140814 ],0,1,"[0.37965276877051146, 0.575157747726818]",1,-1
13912,[0.44107291 0.62429646],0,-1,-1,1,-1
13913,[0.60755825 0.57794776],3,3,"[0.6601234827680622, 0.6109507568947781]",1,-1
13914,[0.4427819  0.54147259],0,-1,-1,1,-1
13915,[0.22340972 0.12174805],1,-1,-1,0,0
13916,[0.27379236 0.18787194],1,2,"[0.294379027732062, 0.1921773781634303]",0,0
13917,[0.70388643 0.54942088],3,-1,-1,1,-1
13918,[0.82923421 0.72113105],2,0,"[0.7890750777399501, 0.6799557517006445]",1,-1
13919,[0.44005852 0.48617408],0,-1,-1,1,-1
13920,[0.76552809 0.66842748],2,0,"[0.7890750777399501, 0.6799557517006445]",1,-1
13921,[0.67478078 0.63880347],3,3,"[0.6601234827680622, 0.6109507568947781]",1,-1
13922,[0.67186982 0.62320639],3,3,"[0.6601234827680622, 0.6109507568947781]",1,7
13923,[0.37893619 0.61507018],0,1,"[0.37965276877051146, 0.575157747726818]",1,-1
13924,[0.73050799 0.58610758],3,-1,-1,1,-1
13925,[0.40739606 0.52806708],0,1,"[0.37965276877051146, 0.575157747726818]",1,-1
13926,[0.73408157 0.65619628],2,0,"[0.7890750777399501, 0.6799557517006445]",1,-1
13927,[0.63782661 0.55249019],3,3,"[0.6601234827680622, 0.6109507568947781]",1,-1
13928,[0.33867045 0.56102277],0,1,"[0.37965276877051146, 0.575157747726818]",1,-1
13929,[0.36504301 0.16810119],1,-1,-1,0,0
13930,[0.83443792 0.69979482],2,0,"[0.7890750777399501, 0.6799557517006445]",1,-1
13931,[0.6633293  0.66038191],3,3,"[0.6601234827680622, 0.6109507568947781]",1,-1
13932,[0.30558822 0.26625365],1,-1,-1,0,0
13933,[0.7333723  0.64807394],2,0,"[0.7890750777399501, 0.6799557517006445]",1,-1
13934,[0.36127177 0.58948465],0,1,"[0.37965276877051146, 0.575157747726818]",1,-1
13935,[0.79382173 0.67063147],2,0,"[0.7890750777399501, 0.6799557517006445]",1,4
13936,[0.2436969 0.1524858],1,2,"[0.294379027732062, 0.1921773781634303]",0,0
13937,[0.45087921 0.51670983],0,-1,-1,1,-1
13938,[0.78659285 0.69850413],2,0,"[0.7890750777399501, 0.6799557517006445]",1,-1
13939,[0.37745177 0.57542426],0,1,"[0.37965276877051146, 0.575157747726818]",1,1
13940,[0.25115407 0.21989973],1,2,"[0.294379027732062, 0.1921773781634303]",0,0
13941,[0.44889711 0.56699629],0,1,"[0.37965276877051146, 0.575157747726818]",1,-1
13942,[0.61641852 0.5148313 ],3,-1,-1,1,-1
13943,[0.76143135 0.70223928],2,0,"[0.7890750777399501, 0.6799557517006445]",1,-1
13944,[0.67106937 0.68091856],2,-1,-1,1,-1
13945,[0.34364289 0.5927579 ],0,1,"[0.37965276877051146, 0.575157747726818]",1,-1
13946,[0.42376729 0.61015806],0,1,"[0.37965276877051146, 0.575157747726818]",1,-1
13947,[0.25982259 0.24187105],1,2,"[0.294379027732062, 0.1921773781634303]",0,0
13948,[0.63517165 0.57637394],3,3,"[0.6601234827680622, 0.6109507568947781]",1,-1
13949,[0.84525162 0.74164191],2,-1,-1,1,-1
13950,[0.70270594 0.56510676],3,3,"[0.6601234827680622, 0.6109507568947781]",1,-1
13951,[0.80121721 0.69650049],2,0,"[0.7890750777399501, 0.6799557517006445]",1,-1
13952,[0.30388082 0.24279138],1,2,"[0.294379027732062, 0.1921773781634303]",0,0
13953,[0.42645058 0.60567888],0,1,"[0.37965276877051146, 0.575157747726818]",1,-1
13954,[0.39570936 0.56274188],0,1,"[0.37965276877051146, 0.575157747726818]",1,2
13955,[0.23056709 0.21820426],1,2,"[0.294379027732062, 0.1921773781634303]",0,0
13956,[0.76965315 0.67192519],2,0,"[0.7890750777399501, 0.6799557517006445]",1,-1
13957,[0.26605778 0.61433023],0,-1,-1,1,-1
13958,[0.61215838 0.56461454],3,3,"[0.6601234827680622, 0.6109507568947781]",1,-1
13959,[0.39876686 0.1583327 ],1,-1,-1,0,0
13960,[0.80915226 0.64870876],2,0,"[0.7890750777399501, 0.6799557517006445]",1,-1
13961,[0.33310625 0.24572396],1,2,"[0.294379027732062, 0.1921773781634303]",0,0
13962,[0.7864765  0.60863276],2,-1,-1,1,-1
13963,[0.31473837 0.61857236],0,-1,-1,1,-1
13964,[0.41050548 0.53749599],0,1,"[0.37965276877051146, 0.575157747726818]",1,-1
13965,[0.32982817 0.21350192],1,2,"[0.294379027732062, 0.1921773781634303]",0,0
13966,[0.75606351 0.72309235],2,0,"[0.7890750777399501, 0.6799557517006445]",1,-1
13967,[0.72033091 0.71500417],2,-1,-1,1,-1
13968,[0.7899352  0.70142252],2,0,"[0.7890750777399501, 0.6799557517006445]",1,-1
13969,[0.32872682 0.6348466 ],0,-1,-1,1,-1
13970,[0.27981103 0.13944813],1,2,"[0.294379027732062, 0.1921773781634303]",0,0
13971,[0.25766572 0.09375259],1,-1,-1,0,0
13972,[0.38180085 0.5718232 ],0,1,"[0.37965276877051146, 0.575157747726818]",1,-1
13973,[0.27182824 0.26247851],1,-1,-1,0,0
13974,[0.75535716 0.66485779],2,0,"[0.7890750777399501, 0.6799557517006445]",1,3
13975,[0.24177279 0.11171297],1,-1,-1,0,0
13976,[0.85728474 0.6872254 ],2,0,"[0.7890750777399501, 0.6799557517006445]",1,-1
13977,[0.46008079 0.50838356],0,-1,-1,1,-1
13978,[0.32399627 0.2578334 ],1,-1,-1,0,0
13979,[0.64963106 0.59536372],3,3,"[0.6601234827680622, 0.6109507568947781]",1,-1
13980,[0.75847277 0.62526696],2,0,"[0.7890750777399501, 0.6799557517006445]",1,-1
13981,[0.8739803  0.76955543],2,-1,-1,1,-1
13982,[0.28803782 0.15026676],1,2,"[0.294379027732062, 0.1921773781634303]",0,0
13983,[0.34454439 0.55775706],0,1,"[0.37965276877051146, 0.575157747726818]",1,-1
13984,[0.87981199 0.66007945],2,-1,-1,1,-1
13985,[0.66500783 0.54915623],3,3,"[0.6601234827680622, 0.6109507568947781]",1,-1
13986,[0.60545414 0.60307715],3,3,"[0.6601234827680622, 0.6109507568947781]",1,-1
13987,[0.2288271  0.66542201],0,-1,-1,1,-1
13988,[0.80577111 0.74353996],2,0,"[0.7890750777399501, 0.6799557517006445]",1,-1
13989,[0.28463849 0.24060228],1,2,"[0.294379027732062, 0.1921773781634303]",0,0
13990,[0.25989559 0.12776057],1,-1,-1,0,0
13991,[0.76494069 0.54690641],3,-1,-1,1,-1
13992,[0.32412408 0.63489726],0,-1,-1,1,-1
13993,[0.38704279 0.66537265],0,-1,-1,1,-1
13994,[0.23920306 0.06022442],1,-1,-1,0,0
13995,[0.32598485 0.18283009],1,2,"[0.294379027732062, 0.1921773781634303]",0,0
13996,[0.67938227 0.63225305],3,3,"[0.6601234827680622, 0.6109507568947781]",1,-1
13997,[0.32753121 0.14793659],1,2,"[0.294379027732062, 0.1921773781634303]",0,0
13998,[0.63454704 0.54353057],3,-1,-1,1,-1
13999,[0.87002783 0.71039118],2,-1,-1,1,-1
14000,[0.81851803 0.69461783],2,0,"[0.7890750777399501, 0.6799557517006445]",1,-1
14001,[0.58640282 0.58090655],3,-1,-1,1,-1
14002,[0.76402445 0.68778025],2,0,"[0.7890750777399501, 0.6799557517006445]",1,-1
14003,[0.33092704 0.55009038],0,1,"[0.37965276877051146, 0.575157747726818]",1,-1
14004,[0.68519582 0.65699363],2,3,"[0.6601234827680622, 0.6109507568947781]",1,-1
14005,[0.81910347 0.76543981],2,-1,-1,1,-1
14006,[0.28677273 0.21040286],1,2,"[0.294379027732062, 0.1921773781634303]",0,0
14007,[0.44006364 0.5287224 ],0,-1,-1,1,-1
14008,[0.82600978 0.66938502],2,0,"[0.7890750777399501, 0.6799557517006445]",1,-1
14009,[0.39932814 0.5114156 ],0,1,"[0.37965276877051146, 0.575157747726818]",1,-1
14010,[0.62593307 0.60718769],3,3,"[0.6601234827680622, 0.6109507568947781]",1,-1
14011,[0.7029762  0.59096612],3,3,"[0.6601234827680622, 0.6109507568947781]",1,-1
14012,[0.31745361 0.60687601],0,1,"[0.37965276877051146, 0.575157747726818]",1,-1
14013,[0.39750111 0.5447867 ],0,1,"[0.37965276877051146, 0.575157747726818]",1,-1
14014,[0.73462659 0.50977444],3,-1,-1,1,-1
14015,[0.78179363 0.70444826],2,0,"[0.7890750777399501, 0.6799557517006445]",1,-1
14016,[0.82532918 0.74368965],2,-1,-1,1,-1
14017,[0.27500898 0.24438524],1,2,"[0.294379027732062, 0.1921773781634303]",0,0
14018,[0.89691409 0.670601  ],2,-1,-1,1,-1
14019,[0.74015925 0.67699467],2,0,"[0.7890750777399501, 0.6799557517006445]",1,-1
14020,[0.32935845 0.50166988],0,-1,-1,1,-1
14021,[0.38274977 0.60475999],0,1,"[0.37965276877051146, 0.575157747726818]",1,-1
14022,[0.39007436 0.48090035],0,-1,-1,1,-1
14023,[0.31744105 0.60889112],0,-1,-1,1,-1
14024,[0.33013899 0.16947367],1,2,"[0.294379027732062, 0.1921773781634303]",0,0
14025,[0.28158794 0.28463032],1,-1,-1,0,0
14026,[0.28742108 0.26598083],1,-1,-1,0,0
14027,[0.73544155 0.68847226],2,0,"[0.7890750777399501, 0.6799557517006445]",1,-1
14028,[0.28636426 0.51760154],0,-1,-1,1,-1
14029,[0.30588272 0.61558198],0,-1,-1,1,-1
14030,[0.36296471 0.10961744],1,-1,-1,0,0
14031,[0.34752042 0.49601669],0,-1,-1,1,-1
14032,[0.29027494 0.08318434],1,-1,-1,0,0
14033,[0.43050811 0.54996463],0,1,"[0.37965276877051146, 0.575157747726818]",1,-1
14034,[0.65971177 0.67476431],2,3,"[0.6601234827680622, 0.6109507568947781]",1,-1
14035,[0.68796367 0.53341762],3,-1,-1,1,-1
14036,[0.63096459 0.56150179],3,3,"[0.6601234827680622, 0.6109507568947781]",1,-1
14037,[0.28931211 0.07605638],1,-1,-1,0,0
14038,[0.29020396 0.06394517],1,-1,-1,0,0
14039,[0.74837114 0.60711912],2,-1,-1,1,-1
14040,[0.35312645 0.59453283],0,1,"[0.37965276877051146, 0.575157747726818]",1,-1
14041,[0.70340187 0.61357592],3,3,"[0.6601234827680622, 0.6109507568947781]",1,-1
14042,[0.74107704 0.75219427],2,-1,-1,1,-1
14043,[0.77747591 0.76369265],2,-1,-1,1,-1
14044,[0.28833301 0.59599251],0,-1,-1,1,-1
14045,[0.60409226 0.56774356],3,-1,-1,1,-1
14046,[0.79407588 0.59967707],2,-1,-1,1,-1
14047,[0.7064224  0.68412154],3,-1,-1,1,-1
14048,[0.7483277  0.65832492],2,0,"[0.7890750777399501, 0.6799557517006445]",1,-1
14049,[0.65817189 0.61720669],3,3,"[0.6601234827680622, 0.6109507568947781]",1,-1
14050,[0.86066533 0.66764969],2,-1,-1,1,-1
14051,[0.22599973 0.23166381],1,-1,-1,0,0
14052,[0.65297562 0.65008454],3,3,"[0.6601234827680622, 0.6109507568947781]",1,-1
14053,[0.71612179 0.64933517],3,3,"[0.6601234827680622, 0.6109507568947781]",1,-1
14054,[0.45050727 0.54605131],0,-1,-1,1,-1
14055,[0.3480542  0.63787357],0,-1,-1,1,-1
14056,[0.65941233 0.53293585],3,-1,-1,1,-1
14057,[0.81813327 0.58526969],2,-1,-1,1,-1
14058,[0.42805026 0.57293395],0,1,"[0.37965276877051146, 0.575157747726818]",1,-1
14059,[0.59579268 0.62273392],3,3,"[0.6601234827680622, 0.6109507568947781]",1,-1
14060,[0.36990985 0.66511542],0,-1,-1,1,-1
14061,[0.66829443 0.62926307],3,3,"[0.6601234827680622, 0.6109507568947781]",1,7
14062,[0.63984468 0.58892303],3,3,"[0.6601234827680622, 0.6109507568947781]",1,-1
14063,[0.31494607 0.58779522],0,1,"[0.37965276877051146, 0.575157747726818]",1,-1
14064,[0.77415391 0.61132709],2,-1,-1,1,-1
14065,[0.43604782 0.51492558],0,-1,-1,1,-1
14066,[0.2966474  0.14469487],1,2,"[0.294379027732062, 0.1921773781634303]",0,0
14067,[0.34652159 0.22226047],1,2,"[0.294379027732062, 0.1921773781634303]",0,0
14068,[0.26580593 0.20544836],1,2,"[0.294379027732062, 0.1921773781634303]",0,0
14069,[0.35527206 0.15684001],1,-1,-1,0,0
14070,[0.65436095 0.54567013],3,3,"[0.6601234827680622, 0.6109507568947781]",1,-1
14071,[0.28632299 0.13211324],1,2,"[0.294379027732062, 0.1921773781634303]",0,0
14072,[0.33142747 0.53093472],0,1,"[0.37965276877051146, 0.575157747726818]",1,-1
14073,[0.41182031 0.57463493],0,1,"[0.37965276877051146, 0.575157747726818]",1,2
14074,[0.30939709 0.61806616],0,-1,-1,1,-1
14075,[0.7136382  0.58806881],2,3,"[0.6601234827680622, 0.6109507568947781]",1,-1
14076,[0.69223155 0.57861713],3,3,"[0.6601234827680622, 0.6109507568947781]",1,-1
14077,[0.7719017  0.66277608],2,0,"[0.7890750777399501, 0.6799557517006445]",1,-1
14078,[0.62676665 0.5620915 ],3,3,"[0.6601234827680622, 0.6109507568947781]",1,-1
14079,[0.71317499 0.61570007],3,3,"[0.6601234827680622, 0.6109507568947781]",1,-1
14080,[0.65575964 0.73541523],3,-1,-1,1,-1
14081,[0.23303135 0.22916782],1,-1,-1,0,0
14082,[0.28412378 0.16536585],1,2,"[0.294379027732062, 0.1921773781634303]",0,0
14083,[0.24045724 0.23909941],1,-1,-1,0,0
14084,[0.80616483 0.70273131],2,0,"[0.7890750777399501, 0.6799557517006445]",1,-1
14085,[0.59525583 0.58206183],3,-1,-1,1,-1
14086,[0.36516827 0.55334038],0,1,"[0.37965276877051146, 0.575157747726818]",1,-1
14087,[0.82666199 0.6719079 ],2,0,"[0.7890750777399501, 0.6799557517006445]",1,-1
14088,[0.69215536 0.60235124],3,3,"[0.6601234827680622, 0.6109507568947781]",1,-1
14089,[0.87247125 0.6746294 ],2,-1,-1,1,-1
14090,[0.43134672 0.65992936],0,-1,-1,1,-1
14091,[0.79138618 0.73171375],2,0,"[0.7890750777399501, 0.6799557517006445]",1,-1
14092,[0.23234595 0.22301803],1,2,"[0.294379027732062, 0.1921773781634303]",0,0
14093,[0.29760177 0.16863266],1,2,"[0.294379027732062, 0.1921773781634303]",0,0
14094,[0.87624481 0.68786359],2,-1,-1,1,-1
14095,[0.35418266 0.13598919],1,-1,-1,0,0
14096,[0.29801294 0.14398295],1,2,"[0.294379027732062, 0.1921773781634303]",0,0
14097,[0.38070095 0.53686821],0,1,"[0.37965276877051146, 0.575157747726818]",1,-1
14098,[0.71081774 0.69473905],3,-1,-1,1,-1
14099,[0.33450479 0.27600772],1,-1,-1,0,0
14100,[0.82749798 0.72338431],2,0,"[0.7890750777399501, 0.6799557517006445]",1,-1
14101,[0.28661699 0.28398014],1,-1,-1,0,0
14102,[0.36665521 0.10882253],1,-1,-1,0,0
14103,[0.71105171 0.53198543],3,-1,-1,1,-1
14104,[0.32537022 0.12768863],1,-1,-1,0,0
14105,[0.8077135  0.67659886],2,0,"[0.7890750777399501, 0.6799557517006445]",1,4
14106,[0.32314526 0.15941627],1,2,"[0.294379027732062, 0.1921773781634303]",0,0
14107,[0.75364939 0.59043961],3,-1,-1,1,-1
14108,[0.88090517 0.60330391],2,-1,-1,1,-1
14109,[0.74186424 0.68580547],2,0,"[0.7890750777399501, 0.6799557517006445]",1,-1
14110,[0.60548704 0.5810465 ],3,3,"[0.6601234827680622, 0.6109507568947781]",1,-1
14111,[0.30122747 0.13255359],1,2,"[0.294379027732062, 0.1921773781634303]",0,0
14112,[0.30273964 0.14872599],1,2,"[0.294379027732062, 0.1921773781634303]",0,0
14113,[0.28161017 0.55087457],0,-1,-1,1,-1
14114,[0.25547113 0.21987623],1,2,"[0.294379027732062, 0.1921773781634303]",0,0
14115,[0.27594462 0.11913613],1,-1,-1,0,0
14116,[0.82925197 0.61801147],2,-1,-1,1,-1
14117,[0.41593589 0.56684564],0,1,"[0.37965276877051146, 0.575157747726818]",1,-1
14118,[0.34283432 0.56671234],0,1,"[0.37965276877051146, 0.575157747726818]",1,-1
14119,[0.67305636 0.62072544],3,3,"[0.6601234827680622, 0.6109507568947781]",1,-1
14120,[0.70823628 0.57876389],3,3,"[0.6601234827680622, 0.6109507568947781]",1,-1
14121,[0.57405739 0.63805591],3,-1,-1,1,-1
14122,[0.32028589 0.2433216 ],1,2,"[0.294379027732062, 0.1921773781634303]",0,0
14123,[0.27361156 0.21840339],1,2,"[0.294379027732062, 0.1921773781634303]",0,0
14124,[0.71478698 0.7417936 ],2,-1,-1,1,-1
14125,[0.65102914 0.6191926 ],3,3,"[0.6601234827680622, 0.6109507568947781]",1,7
14126,[0.29209362 0.12537765],1,2,"[0.294379027732062, 0.1921773781634303]",0,0
14127,[0.7536627  0.62874051],3,0,"[0.7890750777399501, 0.6799557517006445]",1,-1
14128,[0.35413026 0.48621286],0,-1,-1,1,-1
14129,[0.22877435 0.08277653],1,-1,-1,0,0
14130,[0.36632772 0.68441231],0,-1,-1,1,-1
14131,[0.77485813 0.65271556],2,0,"[0.7890750777399501, 0.6799557517006445]",1,3
14132,[0.42399519 0.56251618],0,1,"[0.37965276877051146, 0.575157747726818]",1,-1
14133,[0.36213326 0.57043886],0,1,"[0.37965276877051146, 0.575157747726818]",1,-1
14134,[0.64587878 0.6645063 ],2,3,"[0.6601234827680622, 0.6109507568947781]",1,-1
14135,[0.29970843 0.14007769],1,2,"[0.294379027732062, 0.1921773781634303]",0,0
14136,[0.6341331  0.62745384],3,3,"[0.6601234827680622, 0.6109507568947781]",1,-1
14137,[0.38916117 0.56944208],0,1,"[0.37965276877051146, 0.575157747726818]",1,2
14138,[0.31476277 0.27918664],1,-1,-1,0,0
14139,[0.24697046 0.1349636 ],1,-1,-1,0,0
14140,[0.26575692 0.11711866],1,-1,-1,0,0
14141,[0.65826699 0.70234256],3,-1,-1,1,-1
14142,[0.33955997 0.5736034 ],0,1,"[0.37965276877051146, 0.575157747726818]",1,-1
14143,[0.82343133 0.82983813],2,-1,-1,1,-1
14144,[0.70266367 0.67948742],2,-1,-1,1,-1
14145,[0.74580543 0.72124098],2,0,"[0.7890750777399501, 0.6799557517006445]",1,-1
14146,[0.33610714 0.49459478],0,-1,-1,1,-1
14147,[0.2370812  0.21546607],1,2,"[0.294379027732062, 0.1921773781634303]",0,0
14148,[0.6974868  0.65614924],3,3,"[0.6601234827680622, 0.6109507568947781]",1,-1
14149,[0.83673853 0.62847854],2,-1,-1,1,-1
14150,[0.52138666 0.62541534],3,-1,-1,1,-1
14151,[0.86676033 0.70904306],2,-1,-1,1,-1
14152,[0.31653638 0.26752445],1,-1,-1,0,0
14153,[0.84657942 0.76522977],2,-1,-1,1,-1
14154,[0.72799206 0.7262481 ],2,-1,-1,1,-1
14155,[0.29003411 0.18192203],1,2,"[0.294379027732062, 0.1921773781634303]",0,0
14156,[0.64406386 0.67919432],3,-1,-1,1,-1
14157,[0.67914345 0.60735326],3,3,"[0.6601234827680622, 0.6109507568947781]",1,5
14158,[0.62165298 0.57968065],3,3,"[0.6601234827680622, 0.6109507568947781]",1,-1
14159,[0.36634027 0.56716616],0,1,"[0.37965276877051146, 0.575157747726818]",1,-1
14160,[0.79971081 0.65310306],2,0,"[0.7890750777399501, 0.6799557517006445]",1,-1
14161,[0.7035831  0.53290254],3,-1,-1,1,-1
14162,[0.35579822 0.54652882],0,1,"[0.37965276877051146, 0.575157747726818]",1,-1
14163,[0.26097705 0.15404145],1,2,"[0.294379027732062, 0.1921773781634303]",0,0
14164,[0.31303611 0.58946708],0,1,"[0.37965276877051146, 0.575157747726818]",1,-1
14165,[0.84408095 0.61724224],2,-1,-1,1,-1
14166,[0.3884751  0.53944641],0,1,"[0.37965276877051146, 0.575157747726818]",1,-1
14167,[0.33206436 0.12734911],1,-1,-1,0,0
14168,[0.71311562 0.614556  ],2,3,"[0.6601234827680622, 0.6109507568947781]",1,-1
14169,[0.29944857 0.5621219 ],0,-1,-1,1,-1
14170,[0.27693309 0.25328963],1,2,"[0.294379027732062, 0.1921773781634303]",0,0
14171,[0.25921463 0.20570834],1,2,"[0.294379027732062, 0.1921773781634303]",0,0
14172,[0.78549158 0.63791648],2,0,"[0.7890750777399501, 0.6799557517006445]",1,-1
14173,[0.82362064 0.686048  ],2,0,"[0.7890750777399501, 0.6799557517006445]",1,-1
14174,[0.58818842 0.6510255 ],3,-1,-1,1,-1
14175,[0.330543   0.17935205],1,2,"[0.294379027732062, 0.1921773781634303]",0,0
14176,[0.71462446 0.55250836],2,-1,-1,1,-1
14177,[0.35320774 0.59099414],0,1,"[0.37965276877051146, 0.575157747726818]",1,-1
14178,[0.41722419 0.58019671],0,1,"[0.37965276877051146, 0.575157747726818]",1,-1
14179,[0.43674134 0.6800507 ],0,-1,-1,1,-1
14180,[0.74761725 0.62381313],2,0,"[0.7890750777399501, 0.6799557517006445]",1,-1
14181,[0.28829652 0.19200139],1,2,"[0.294379027732062, 0.1921773781634303]",0,0
14182,[0.62577427 0.63097921],3,3,"[0.6601234827680622, 0.6109507568947781]",1,-1
14183,[0.80398418 0.67552545],2,0,"[0.7890750777399501, 0.6799557517006445]",1,4
14184,[0.35612009 0.165668  ],1,2,"[0.294379027732062, 0.1921773781634303]",0,0
14185,[0.3945566  0.16387323],1,-1,-1,0,0
14186,[0.61995171 0.50115587],3,-1,-1,1,-1
14187,[0.38396376 0.62555237],0,1,"[0.37965276877051146, 0.575157747726818]",1,-1
14188,[0.27200155 0.17665066],1,2,"[0.294379027732062, 0.1921773781634303]",0,0
14189,[0.83619323 0.78362307],2,-1,-1,1,-1
14190,[0.37406406 0.51162617],0,1,"[0.37965276877051146, 0.575157747726818]",1,-1
14191,[0.6713888  0.62661517],3,3,"[0.6601234827680622, 0.6109507568947781]",1,7
14192,[0.83364111 0.75390039],2,-1,-1,1,-1
14193,[0.3093317  0.17591465],1,2,"[0.294379027732062, 0.1921773781634303]",0,0
14194,[0.70702338 0.58099523],3,3,"[0.6601234827680622, 0.6109507568947781]",1,-1
14195,[0.27304968 0.16833103],1,2,"[0.294379027732062, 0.1921773781634303]",0,0
14196,[0.61099055 0.65891266],3,3,"[0.6601234827680622, 0.6109507568947781]",1,-1
14197,[0.64586905 0.56717039],3,3,"[0.6601234827680622, 0.6109507568947781]",1,-1
14198,[0.62684513 0.56913923],3,3,"[0.6601234827680622, 0.6109507568947781]",1,-1
14199,[0.19694188 0.19618851],1,-1,-1,0,0
14200,[0.29605333 0.14354012],1,2,"[0.294379027732062, 0.1921773781634303]",0,0
14201,[0.3697976  0.62246025],0,1,"[0.37965276877051146, 0.575157747726818]",1,-1
14202,[0.34966987 0.49669955],0,-1,-1,1,-1
14203,[0.43410594 0.5843168 ],0,1,"[0.37965276877051146, 0.575157747726818]",1,-1
14204,[0.79493265 0.63155041],2,0,"[0.7890750777399501, 0.6799557517006445]",1,-1
14205,[0.82600391 0.76277164],2,-1,-1,1,-1
14206,[0.39049275 0.59298454],0,1,"[0.37965276877051146, 0.575157747726818]",1,-1
14207,[0.72822694 0.61712351],3,3,"[0.6601234827680622, 0.6109507568947781]",1,-1
14208,[0.75068159 0.70165283],2,0,"[0.7890750777399501, 0.6799557517006445]",1,-1
14209,[0.6352002  0.64703181],3,3,"[0.6601234827680622, 0.6109507568947781]",1,-1
14210,[0.45342197 0.50591251],0,-1,-1,1,-1
14211,[0.78423776 0.70572922],2,0,"[0.7890750777399501, 0.6799557517006445]",1,-1
14212,[0.34759881 0.66344792],0,-1,-1,1,-1
14213,[0.78640018 0.69500209],2,0,"[0.7890750777399501, 0.6799557517006445]",1,-1
14214,[0.25191665 0.21510655],1,2,"[0.294379027732062, 0.1921773781634303]",0,0
14215,[0.3264016  0.27199736],1,-1,-1,0,0
14216,[0.60269708 0.58941363],3,3,"[0.6601234827680622, 0.6109507568947781]",1,-1
14217,[0.62440358 0.72015773],3,-1,-1,1,-1
14218,[0.72707878 0.62293723],2,3,"[0.6601234827680622, 0.6109507568947781]",1,-1
14219,[0.37979357 0.58521493],0,1,"[0.37965276877051146, 0.575157747726818]",1,1
14220,[0.61916372 0.53319174],3,-1,-1,1,-1
14221,[0.65998152 0.63494703],3,3,"[0.6601234827680622, 0.6109507568947781]",1,-1
14222,[0.33578527 0.5741866 ],0,1,"[0.37965276877051146, 0.575157747726818]",1,-1
14223,[0.37993423 0.52233605],0,1,"[0.37965276877051146, 0.575157747726818]",1,-1
14224,[0.74549568 0.63430007],2,0,"[0.7890750777399501, 0.6799557517006445]",1,-1
14225,[0.25866513 0.20606049],1,2,"[0.294379027732062, 0.1921773781634303]",0,0
14226,[0.6955266  0.51460886],3,-1,-1,1,-1
14227,[0.63786656 0.59691891],3,3,"[0.6601234827680622, 0.6109507568947781]",1,-1
14228,[0.34734445 0.25391682],1,-1,-1,0,0
14229,[0.25747945 0.19872002],1,2,"[0.294379027732062, 0.1921773781634303]",0,0
14230,[0.33690977 0.53642831],0,1,"[0.37965276877051146, 0.575157747726818]",1,-1
14231,[0.81642082 0.61907361],2,0,"[0.7890750777399501, 0.6799557517006445]",1,-1
14232,[0.6472642 0.5339749],3,-1,-1,1,-1
14233,[0.3985091  0.60949963],0,1,"[0.37965276877051146, 0.575157747726818]",1,-1
14234,[0.33640452 0.22471196],1,2,"[0.294379027732062, 0.1921773781634303]",0,0
14235,[0.37010595 0.14720507],1,-1,-1,0,0
14236,[0.34268022 0.58696825],0,1,"[0.37965276877051146, 0.575157747726818]",1,-1
14237,[0.21717805 0.20378332],1,-1,-1,0,0
14238,[0.79188205 0.72393292],2,0,"[0.7890750777399501, 0.6799557517006445]",1,-1
14239,[0.28038948 0.15770881],1,2,"[0.294379027732062, 0.1921773781634303]",0,0
14240,[0.25986005 0.13317952],1,2,"[0.294379027732062, 0.1921773781634303]",0,0
14241,[0.31813205 0.20095692],1,2,"[0.294379027732062, 0.1921773781634303]",0,0
14242,[0.65751391 0.61941725],3,3,"[0.6601234827680622, 0.6109507568947781]",1,7
14243,[0.44510905 0.69773348],0,-1,-1,1,-1
14244,[0.36020191 0.55432756],0,1,"[0.37965276877051146, 0.575157747726818]",1,1
14245,[0.45172526 0.60024215],0,-1,-1,1,-1
14246,[0.37002414 0.54803437],0,1,"[0.37965276877051146, 0.575157747726818]",1,-1
14247,[0.77322763 0.63874613],2,0,"[0.7890750777399501, 0.6799557517006445]",1,-1
14248,[0.41051555 0.56792523],0,1,"[0.37965276877051146, 0.575157747726818]",1,2
14249,[0.32596525 0.1483151 ],1,2,"[0.294379027732062, 0.1921773781634303]",0,0
14250,[0.9188533  0.62109375],2,-1,-1,1,-1
14251,[0.40404024 0.64946722],0,-1,-1,1,-1
14252,[0.27101949 0.23063843],1,2,"[0.294379027732062, 0.1921773781634303]",0,0
14253,[0.66511444 0.51825823],3,-1,-1,1,-1
14254,[0.86299095 0.71879212],2,-1,-1,1,-1
14255,[0.76033216 0.63115405],2,0,"[0.7890750777399501, 0.6799557517006445]",1,-1
14256,[0.41569455 0.56120755],0,1,"[0.37965276877051146, 0.575157747726818]",1,-1
14257,[0.30525572 0.23374176],1,2,"[0.294379027732062, 0.1921773781634303]",0,0
14258,[0.82199934 0.76960262],2,-1,-1,1,-1
14259,[0.8786782  0.64932141],2,-1,-1,1,-1
14260,[0.29034749 0.1947735 ],1,2,"[0.294379027732062, 0.1921773781634303]",0,0
14261,[0.2772455  0.20266148],1,2,"[0.294379027732062, 0.1921773781634303]",0,0
14262,[0.77294828 0.75576165],2,-1,-1,1,-1
14263,[0.2267914 0.2252817],1,-1,-1,0,0
14264,[0.77998112 0.70778462],2,0,"[0.7890750777399501, 0.6799557517006445]",1,-1
14265,[0.36090852 0.54912357],0,1,"[0.37965276877051146, 0.575157747726818]",1,-1
14266,[0.23111228 0.17955214],1,2,"[0.294379027732062, 0.1921773781634303]",0,0
14267,[0.70826875 0.66059555],2,3,"[0.6601234827680622, 0.6109507568947781]",1,-1
14268,[0.72553595 0.72531835],2,-1,-1,1,-1
14269,[0.2757839  0.56266821],0,-1,-1,1,-1
14270,[0.62518502 0.63366182],3,3,"[0.6601234827680622, 0.6109507568947781]",1,-1
14271,[0.72727451 0.61715863],3,3,"[0.6601234827680622, 0.6109507568947781]",1,-1
14272,[0.32524906 0.55186387],0,1,"[0.37965276877051146, 0.575157747726818]",1,-1
14273,[0.85484591 0.70113842],2,0,"[0.7890750777399501, 0.6799557517006445]",1,-1
14274,[0.41043199 0.53184009],0,1,"[0.37965276877051146, 0.575157747726818]",1,-1
14275,[0.22739995 0.26587825],1,-1,-1,0,0
14276,[0.46774738 0.66374504],0,-1,-1,1,-1
14277,[0.60705546 0.64198873],3,3,"[0.6601234827680622, 0.6109507568947781]",1,-1
14278,[0.1778406  0.12764333],1,-1,-1,0,0
14279,[0.33951236 0.54655102],0,1,"[0.37965276877051146, 0.575157747726818]",1,-1
14280,[0.33273196 0.19242646],1,2,"[0.294379027732062, 0.1921773781634303]",0,0
14281,[0.36239215 0.6173717 ],0,1,"[0.37965276877051146, 0.575157747726818]",1,-1
14282,[0.32239041 0.1545172 ],1,2,"[0.294379027732062, 0.1921773781634303]",0,0
14283,[0.36516277 0.61990719],0,1,"[0.37965276877051146, 0.575157747726818]",1,-1
14284,[0.39755852 0.2336339 ],1,-1,-1,0,0
14285,[0.82650811 0.62790424],2,0,"[0.7890750777399501, 0.6799557517006445]",1,-1
14286,[0.81848312 0.64443656],2,0,"[0.7890750777399501, 0.6799557517006445]",1,-1
14287,[0.33284962 0.11201319],1,-1,-1,0,0
14288,[0.59732409 0.58575795],2,3,"[0.6601234827680622, 0.6109507568947781]",1,-1
14289,[0.79283708 0.69934564],2,0,"[0.7890750777399501, 0.6799557517006445]",1,-1
14290,[0.79870051 0.70264389],2,0,"[0.7890750777399501, 0.6799557517006445]",1,-1
14291,[0.70923988 0.6635725 ],3,-1,-1,1,-1
14292,[0.73802644 0.70157429],2,0,"[0.7890750777399501, 0.6799557517006445]",1,-1
14293,[0.31303726 0.58409235],0,1,"[0.37965276877051146, 0.575157747726818]",1,-1
14294,[0.35054103 0.15565588],1,2,"[0.294379027732062, 0.1921773781634303]",0,0
14295,[0.87122189 0.70511812],2,-1,-1,1,-1
14296,[0.30658507 0.17095283],1,2,"[0.294379027732062, 0.1921773781634303]",0,0
14297,[0.46851349 0.60576874],0,-1,-1,1,-1
14298,[0.8003827  0.71782675],2,0,"[0.7890750777399501, 0.6799557517006445]",1,-1
14299,[0.74826019 0.65182312],2,0,"[0.7890750777399501, 0.6799557517006445]",1,-1
14300,[0.30490163 0.15706373],1,2,"[0.294379027732062, 0.1921773781634303]",0,0
14301,[0.35810021 0.61885591],0,1,"[0.37965276877051146, 0.575157747726818]",1,-1
14302,[0.37907685 0.55771146],0,1,"[0.37965276877051146, 0.575157747726818]",1,-1
14303,[0.45020484 0.557562  ],0,-1,-1,1,-1
14304,[0.6238306  0.53520356],3,-1,-1,1,-1
14305,[0.6077727  0.66312311],3,-1,-1,1,-1
14306,[0.45793833 0.62303844],0,-1,-1,1,-1
14307,[0.19797899 0.13304269],1,-1,-1,0,0
14308,[0.72590576 0.71031788],3,-1,-1,1,-1
14309,[0.59976594 0.59874001],3,3,"[0.6601234827680622, 0.6109507568947781]",1,-1
14310,[0.77058426 0.56515375],2,-1,-1,1,-1
14311,[0.76463374 0.6855559 ],2,0,"[0.7890750777399501, 0.6799557517006445]",1,-1
14312,[0.27934662 0.12447538],1,2,"[0.294379027732062, 0.1921773781634303]",0,0
14313,[0.38155684 0.61819139],0,1,"[0.37965276877051146, 0.575157747726818]",1,-1
14314,[0.33436728 0.60424015],0,1,"[0.37965276877051146, 0.575157747726818]",1,-1
14315,[0.48530915 0.58080863],0,-1,-1,1,-1
14316,[0.32476707 0.16467648],1,2,"[0.294379027732062, 0.1921773781634303]",0,0
14317,[0.79738818 0.75486573],2,-1,-1,1,-1
14318,[0.71317197 0.65316674],3,3,"[0.6601234827680622, 0.6109507568947781]",1,-1
14319,[0.65782667 0.6229671 ],3,3,"[0.6601234827680622, 0.6109507568947781]",1,7
14320,[0.65302034 0.69271294],3,-1,-1,1,-1
14321,[0.65294607 0.56018878],3,3,"[0.6601234827680622, 0.6109507568947781]",1,-1
14322,[0.30835573 0.63226133],0,-1,-1,1,-1
14323,[0.69574538 0.58136892],3,3,"[0.6601234827680622, 0.6109507568947781]",1,-1
14324,[0.2995106  0.17830377],1,2,"[0.294379027732062, 0.1921773781634303]",0,0
14325,[0.73259909 0.70211015],2,0,"[0.7890750777399501, 0.6799557517006445]",1,-1
14326,[0.79891421 0.7966151 ],2,-1,-1,1,-1
14327,[0.2879221  0.18773266],1,2,"[0.294379027732062, 0.1921773781634303]",0,0
14328,[0.74973036 0.64553046],3,0,"[0.7890750777399501, 0.6799557517006445]",1,-1
14329,[0.81120609 0.6424029 ],2,0,"[0.7890750777399501, 0.6799557517006445]",1,-1
14330,[0.74466815 0.63859246],2,0,"[0.7890750777399501, 0.6799557517006445]",1,-1
14331,[0.87750663 0.70719923],2,-1,-1,1,-1
14332,[0.42971311 0.63288181],0,-1,-1,1,-1
14333,[0.79448587 0.63322139],2,0,"[0.7890750777399501, 0.6799557517006445]",1,-1
14334,[0.74532534 0.69176417],2,0,"[0.7890750777399501, 0.6799557517006445]",1,-1
14335,[0.71753981 0.66361184],3,-1,-1,1,-1
14336,[0.6943605  0.52156463],3,-1,-1,1,-1
14337,[0.73574615 0.63649931],2,0,"[0.7890750777399501, 0.6799557517006445]",1,-1
14338,[0.63689081 0.53588506],3,-1,-1,1,-1
14339,[0.44447585 0.58670233],0,1,"[0.37965276877051146, 0.575157747726818]",1,-1
14340,[0.59092501 0.67664633],3,-1,-1,1,-1
14341,[0.35229393 0.19984461],1,2,"[0.294379027732062, 0.1921773781634303]",0,0
14342,[0.21484394 0.1937525 ],1,-1,-1,0,0
14343,[0.19633447 0.17381064],1,-1,-1,0,0
14344,[0.74652463 0.6637385 ],2,0,"[0.7890750777399501, 0.6799557517006445]",1,-1
14345,[0.62397961 0.53347379],3,-1,-1,1,-1
14346,[0.69523093 0.61588602],3,3,"[0.6601234827680622, 0.6109507568947781]",1,-1
14347,[0.2921705  0.20682379],1,2,"[0.294379027732062, 0.1921773781634303]",0,0
14348,[0.74546978 0.58857805],3,-1,-1,1,-1
14349,[0.34200344 0.17628443],1,2,"[0.294379027732062, 0.1921773781634303]",0,0
14350,[0.77759495 0.6581699 ],2,0,"[0.7890750777399501, 0.6799557517006445]",1,-1
14351,[0.29198507 0.25836769],1,2,"[0.294379027732062, 0.1921773781634303]",0,0
14352,[0.85507633 0.62580221],2,-1,-1,1,-1
14353,[0.54960792 0.59674563],3,-1,-1,1,-1
14354,[0.42167041 0.58463494],0,1,"[0.37965276877051146, 0.575157747726818]",1,-1
14355,[0.66384601 0.62110907],3,3,"[0.6601234827680622, 0.6109507568947781]",1,7
14356,[0.70717353 0.69843659],3,-1,-1,1,-1
14357,[0.67453213 0.52269912],3,-1,-1,1,-1
14358,[0.28509074 0.17783019],1,2,"[0.294379027732062, 0.1921773781634303]",0,0
14359,[0.43887853 0.52436204],0,-1,-1,1,-1
14360,[0.75317426 0.66375387],2,0,"[0.7890750777399501, 0.6799557517006445]",1,-1
14361,[0.25962384 0.10063329],1,-1,-1,0,0
14362,[0.83770847 0.6571314 ],2,0,"[0.7890750777399501, 0.6799557517006445]",1,-1
14363,[0.39130061 0.58664889],0,1,"[0.37965276877051146, 0.575157747726818]",1,-1
14364,[0.41676942 0.59219891],0,1,"[0.37965276877051146, 0.575157747726818]",1,-1
14365,[0.68820856 0.61153591],2,3,"[0.6601234827680622, 0.6109507568947781]",1,5
14366,[0.37519434 0.61429502],0,1,"[0.37965276877051146, 0.575157747726818]",1,-1
14367,[0.82372245 0.75755859],2,-1,-1,1,-1
14368,[0.31206892 0.29729894],1,-1,-1,0,0
14369,[0.64121504 0.58877374],3,3,"[0.6601234827680622, 0.6109507568947781]",1,-1
14370,[0.8745486  0.69251389],2,-1,-1,1,-1
14371,[0.31553805 0.13964203],1,2,"[0.294379027732062, 0.1921773781634303]",0,0
14372,[0.32674669 0.60318107],0,1,"[0.37965276877051146, 0.575157747726818]",1,-1
14373,[0.27940555 0.21922931],1,2,"[0.294379027732062, 0.1921773781634303]",0,0
14374,[0.73941159 0.61601681],2,-1,-1,1,-1
14375,[0.74244139 0.70978143],2,0,"[0.7890750777399501, 0.6799557517006445]",1,-1
14376,[0.41474512 0.64385949],0,-1,-1,1,-1
14377,[0.64775149 0.65578486],3,3,"[0.6601234827680622, 0.6109507568947781]",1,-1
14378,[0.73359131 0.60620349],3,-1,-1,1,-1
14379,[0.62840847 0.62442265],3,3,"[0.6601234827680622, 0.6109507568947781]",1,-1
14380,[0.29712838 0.19414646],1,2,"[0.294379027732062, 0.1921773781634303]",0,0
14381,[0.74354502 0.65173595],2,0,"[0.7890750777399501, 0.6799557517006445]",1,-1
14382,[0.26066699 0.25728039],1,-1,-1,0,0
14383,[0.7197202 0.5137585],3,-1,-1,1,-1
14384,[0.21772365 0.12434706],1,-1,-1,0,0
14385,[0.30755846 0.17686176],1,2,"[0.294379027732062, 0.1921773781634303]",0,0
14386,[0.3780134  0.61752526],0,1,"[0.37965276877051146, 0.575157747726818]",1,-1
14387,[0.75634099 0.73814361],2,0,"[0.7890750777399501, 0.6799557517006445]",1,-1
14388,[0.84517331 0.65745016],2,0,"[0.7890750777399501, 0.6799557517006445]",1,-1
14389,[0.40752373 0.50153647],0,-1,-1,1,-1
14390,[0.78604098 0.74495859],2,0,"[0.7890750777399501, 0.6799557517006445]",1,-1
14391,[0.33760798 0.52562158],0,1,"[0.37965276877051146, 0.575157747726818]",1,-1
14392,[0.44038582 0.61094243],0,-1,-1,1,-1
14393,[0.64098859 0.58152996],3,3,"[0.6601234827680622, 0.6109507568947781]",1,-1
14394,[0.47099092 0.58070973],0,-1,-1,1,-1
14395,[0.71382217 0.62385804],3,3,"[0.6601234827680622, 0.6109507568947781]",1,-1
14396,[0.64985081 0.66592471],3,3,"[0.6601234827680622, 0.6109507568947781]",1,-1
14397,[0.6147076  0.62696422],3,3,"[0.6601234827680622, 0.6109507568947781]",1,-1
14398,[0.26664366 0.22503429],1,2,"[0.294379027732062, 0.1921773781634303]",0,0
14399,[0.40846667 0.65236573],0,-1,-1,1,-1
14400,[0.40297309 0.64433764],0,-1,-1,1,-1
14401,[0.33923124 0.53916367],0,1,"[0.37965276877051146, 0.575157747726818]",1,-1
14402,[0.80035592 0.63697411],3,0,"[0.7890750777399501, 0.6799557517006445]",1,-1
14403,[0.72281927 0.64330417],2,-1,-1,1,-1
14404,[0.29328689 0.10910046],1,-1,-1,0,0
14405,[0.22398691 0.10326443],1,-1,-1,0,0
14406,[0.70349905 0.62312682],3,3,"[0.6601234827680622, 0.6109507568947781]",1,-1
14407,[0.6630994 0.5498705],3,3,"[0.6601234827680622, 0.6109507568947781]",1,-1
14408,[0.82923006 0.61540969],2,-1,-1,1,-1
14409,[0.2398116  0.29806376],1,-1,-1,0,0
14410,[0.33776445 0.47513774],0,-1,-1,1,-1
14411,[0.63026154 0.6174412 ],3,3,"[0.6601234827680622, 0.6109507568947781]",1,-1
14412,[0.75818219 0.67621673],2,0,"[0.7890750777399501, 0.6799557517006445]",1,-1
14413,[0.65508733 0.631224  ],3,3,"[0.6601234827680622, 0.6109507568947781]",1,-1
14414,[0.82130065 0.6642224 ],2,0,"[0.7890750777399501, 0.6799557517006445]",1,-1
14415,[0.36859058 0.20148772],1,-1,-1,0,0
14416,[0.6246758  0.55904364],3,3,"[0.6601234827680622, 0.6109507568947781]",1,-1
14417,[0.74930204 0.72388667],2,0,"[0.7890750777399501, 0.6799557517006445]",1,-1
14418,[0.24266021 0.17469106],1,2,"[0.294379027732062, 0.1921773781634303]",0,0
14419,[0.75198292 0.78181506],2,-1,-1,1,-1
14420,[0.33774336 0.61325797],0,1,"[0.37965276877051146, 0.575157747726818]",1,-1
14421,[0.81841466 0.70429242],2,0,"[0.7890750777399501, 0.6799557517006445]",1,-1
14422,[0.30078646 0.22398726],1,2,"[0.294379027732062, 0.1921773781634303]",0,0
14423,[0.64121781 0.53775767],3,-1,-1,1,-1
14424,[0.767083   0.74809505],2,-1,-1,1,-1
14425,[0.69888796 0.59707255],3,3,"[0.6601234827680622, 0.6109507568947781]",1,-1
14426,[0.70566338 0.56777147],3,3,"[0.6601234827680622, 0.6109507568947781]",1,-1
14427,[0.69671275 0.57356818],3,3,"[0.6601234827680622, 0.6109507568947781]",1,-1
14428,[0.59811008 0.60690726],3,3,"[0.6601234827680622, 0.6109507568947781]",1,-1
14429,[0.39867779 0.140116  ],1,-1,-1,0,0
14430,[0.34951085 0.5858243 ],0,1,"[0.37965276877051146, 0.575157747726818]",1,-1
14431,[0.63812509 0.60753963],3,3,"[0.6601234827680622, 0.6109507568947781]",1,-1
14432,[0.55120314 0.68466655],3,-1,-1,1,-1
14433,[0.69319898 0.65479006],2,3,"[0.6601234827680622, 0.6109507568947781]",1,-1
14434,[0.7991444  0.64419468],2,0,"[0.7890750777399501, 0.6799557517006445]",1,-1
14435,[0.37983131 0.16350272],1,-1,-1,0,0
14436,[0.68571445 0.56151829],3,3,"[0.6601234827680622, 0.6109507568947781]",1,-1
14437,[0.63801686 0.60174852],3,3,"[0.6601234827680622, 0.6109507568947781]",1,-1
14438,[0.28925519 0.54975318],0,-1,-1,1,-1
14439,[0.60267264 0.62596848],3,3,"[0.6601234827680622, 0.6109507568947781]",1,-1
14440,[0.80550663 0.64563544],2,0,"[0.7890750777399501, 0.6799557517006445]",1,-1
14441,[0.26975566 0.2061952 ],1,2,"[0.294379027732062, 0.1921773781634303]",0,0
14442,[0.61040504 0.61811675],3,3,"[0.6601234827680622, 0.6109507568947781]",1,-1
14443,[0.34937309 0.58606045],0,1,"[0.37965276877051146, 0.575157747726818]",1,-1
14444,[0.44570428 0.60806046],0,-1,-1,1,-1
14445,[0.28277681 0.20792327],1,2,"[0.294379027732062, 0.1921773781634303]",0,0
14446,[0.68824363 0.55090986],3,3,"[0.6601234827680622, 0.6109507568947781]",1,-1
14447,[0.74890416 0.67457233],2,0,"[0.7890750777399501, 0.6799557517006445]",1,-1
14448,[0.3773327  0.59013332],0,1,"[0.37965276877051146, 0.575157747726818]",1,-1
14449,[0.76101362 0.64939512],2,0,"[0.7890750777399501, 0.6799557517006445]",1,-1
14450,[0.67182908 0.69007393],3,-1,-1,1,-1
14451,[0.85333699 0.6767753 ],2,0,"[0.7890750777399501, 0.6799557517006445]",1,-1
14452,[0.33978133 0.20175074],1,2,"[0.294379027732062, 0.1921773781634303]",0,0
14453,[0.31727954 0.17824538],1,2,"[0.294379027732062, 0.1921773781634303]",0,0
14454,[0.43518282 0.5404044 ],0,1,"[0.37965276877051146, 0.575157747726818]",1,-1
14455,[0.4249764  0.67336593],0,-1,-1,1,-1
14456,[0.23298141 0.19277104],1,2,"[0.294379027732062, 0.1921773781634303]",0,0
14457,[0.64976666 0.5485656 ],3,3,"[0.6601234827680622, 0.6109507568947781]",1,-1
14458,[0.67369043 0.50546216],3,-1,-1,1,-1
14459,[0.71509013 0.61115302],3,3,"[0.6601234827680622, 0.6109507568947781]",1,-1
14460,[0.46156108 0.60143931],0,-1,-1,1,-1
14461,[0.42911724 0.5384967 ],0,1,"[0.37965276877051146, 0.575157747726818]",1,-1
14462,[0.31958368 0.56116222],0,1,"[0.37965276877051146, 0.575157747726818]",1,-1
14463,[0.37350109 0.58683295],0,1,"[0.37965276877051146, 0.575157747726818]",1,-1
14464,[0.29890743 0.17880186],1,2,"[0.294379027732062, 0.1921773781634303]",0,0
14465,[0.30216539 0.25676353],1,2,"[0.294379027732062, 0.1921773781634303]",0,0
14466,[0.78731132 0.67568028],2,0,"[0.7890750777399501, 0.6799557517006445]",1,4
14467,[0.75314897 0.61138937],3,-1,-1,1,-1
14468,[0.40797977 0.57281904],0,1,"[0.37965276877051146, 0.575157747726818]",1,2
14469,[0.3620467  0.60612913],0,1,"[0.37965276877051146, 0.575157747726818]",1,-1
14470,[0.36531024 0.18435534],1,-1,-1,0,0
14471,[0.75623419 0.72364759],2,0,"[0.7890750777399501, 0.6799557517006445]",1,-1
14472,[0.64386298 0.53402987],3,-1,-1,1,-1
14473,[0.26782015 0.17638294],1,2,"[0.294379027732062, 0.1921773781634303]",0,0
14474,[0.37281241 0.59735905],0,1,"[0.37965276877051146, 0.575157747726818]",1,-1
14475,[0.38644058 0.59385763],0,1,"[0.37965276877051146, 0.575157747726818]",1,-1
14476,[0.22848611 0.21882704],1,-1,-1,0,0
14477,[0.76640513 0.61622943],2,0,"[0.7890750777399501, 0.6799557517006445]",1,-1
14478,[0.32244565 0.42525782],0,-1,-1,1,-1
14479,[0.28997302 0.18815031],1,2,"[0.294379027732062, 0.1921773781634303]",0,0
14480,[0.38262995 0.57191103],0,1,"[0.37965276877051146, 0.575157747726818]",1,-1
14481,[0.80547701 0.60319289],2,-1,-1,1,-1
14482,[0.29677886 0.53988886],0,-1,-1,1,-1
14483,[0.22507262 0.21175028],1,-1,-1,0,0
14484,[0.38459002 0.58805995],0,1,"[0.37965276877051146, 0.575157747726818]",1,-1
14485,[0.29796134 0.08767872],1,-1,-1,0,0
14486,[0.34451521 0.54064626],0,1,"[0.37965276877051146, 0.575157747726818]",1,-1
14487,[0.6944627  0.64581856],3,3,"[0.6601234827680622, 0.6109507568947781]",1,-1
14488,[0.73915053 0.70877786],2,0,"[0.7890750777399501, 0.6799557517006445]",1,-1
14489,[0.72144052 0.55970449],3,-1,-1,1,-1
14490,[0.41731409 0.50661914],0,-1,-1,1,-1
14491,[0.66413669 0.58113983],3,3,"[0.6601234827680622, 0.6109507568947781]",1,-1
14492,[0.25569189 0.21705428],1,2,"[0.294379027732062, 0.1921773781634303]",0,0
14493,[0.66784745 0.62510054],3,3,"[0.6601234827680622, 0.6109507568947781]",1,7
14494,[0.86311958 0.63730115],2,-1,-1,1,-1
14495,[0.78483406 0.7880417 ],2,-1,-1,1,-1
14496,[0.55390414 0.61497541],3,-1,-1,1,-1
14497,[0.30879123 0.14856616],1,2,"[0.294379027732062, 0.1921773781634303]",0,0
14498,[0.40850327 0.56833651],0,1,"[0.37965276877051146, 0.575157747726818]",1,2
14499,[0.40541582 0.64836745],0,-1,-1,1,-1
14500,[0.38781267 0.13480428],1,-1,-1,0,0
14501,[0.60394775 0.61561005],3,3,"[0.6601234827680622, 0.6109507568947781]",1,-1
14502,[0.26749579 0.20896272],1,2,"[0.294379027732062, 0.1921773781634303]",0,0
14503,[0.84753464 0.71852684],2,-1,-1,1,-1
14504,[0.73576117 0.71949781],2,0,"[0.7890750777399501, 0.6799557517006445]",1,-1
14505,[0.35339184 0.6284575 ],0,1,"[0.37965276877051146, 0.575157747726818]",1,-1
14506,[0.64405555 0.62239646],3,3,"[0.6601234827680622, 0.6109507568947781]",1,-1
14507,[0.5821077  0.54043101],3,-1,-1,1,-1
14508,[0.87673062 0.75865359],2,-1,-1,1,-1
14509,[0.29741258 0.1077896 ],1,-1,-1,0,0
14510,[0.82939391 0.68990777],2,0,"[0.7890750777399501, 0.6799557517006445]",1,-1
14511,[0.6904156  0.55719777],3,3,"[0.6601234827680622, 0.6109507568947781]",1,-1
14512,[0.60567876 0.74364542],3,-1,-1,1,-1
14513,[0.62303059 0.6378088 ],3,3,"[0.6601234827680622, 0.6109507568947781]",1,-1
14514,[0.33561711 0.18013635],1,2,"[0.294379027732062, 0.1921773781634303]",0,0
14515,[0.70102352 0.62472791],2,3,"[0.6601234827680622, 0.6109507568947781]",1,-1
14516,[0.30605414 0.15957306],1,2,"[0.294379027732062, 0.1921773781634303]",0,0
14517,[0.59039178 0.57859101],3,-1,-1,1,-1
14518,[0.76171813 0.64523393],2,0,"[0.7890750777399501, 0.6799557517006445]",1,-1
14519,[0.34013236 0.49258023],0,-1,-1,1,-1
14520,[0.3734338  0.70172575],0,-1,-1,1,-1
14521,[0.24509223 0.19188486],1,2,"[0.294379027732062, 0.1921773781634303]",0,0
14522,[0.37729104 0.49207222],0,-1,-1,1,-1
14523,[0.3993222  0.51092811],0,1,"[0.37965276877051146, 0.575157747726818]",1,-1
14524,[0.34290348 0.15457291],1,2,"[0.294379027732062, 0.1921773781634303]",0,0
14525,[0.64367377 0.60132514],3,3,"[0.6601234827680622, 0.6109507568947781]",1,-1
14526,[0.68522476 0.58386406],3,3,"[0.6601234827680622, 0.6109507568947781]",1,-1
14527,[0.75056488 0.69579562],2,0,"[0.7890750777399501, 0.6799557517006445]",1,-1
14528,[0.77076604 0.78832613],2,-1,-1,1,-1
14529,[0.7662406  0.64326345],2,0,"[0.7890750777399501, 0.6799557517006445]",1,-1
14530,[0.74194456 0.65069104],2,0,"[0.7890750777399501, 0.6799557517006445]",1,-1
14531,[0.78066776 0.74706193],2,0,"[0.7890750777399501, 0.6799557517006445]",1,-1
14532,[0.34129819 0.63599825],0,-1,-1,1,-1
14533,[0.79990536 0.63454062],2,0,"[0.7890750777399501, 0.6799557517006445]",1,-1
14534,[0.30675414 0.25616774],1,2,"[0.294379027732062, 0.1921773781634303]",0,0
14535,[0.75087783 0.74615351],3,-1,-1,1,-1
14536,[0.36230062 0.2026678 ],1,2,"[0.294379027732062, 0.1921773781634303]",0,0
14537,[0.83558154 0.67690186],2,0,"[0.7890750777399501, 0.6799557517006445]",1,-1
14538,[0.7416713  0.58166473],3,-1,-1,1,-1
14539,[0.26129235 0.25887137],1,-1,-1,0,0
14540,[0.47337566 0.54841328],0,-1,-1,1,-1
14541,[0.27892451 0.22667698],1,2,"[0.294379027732062, 0.1921773781634303]",0,0
14542,[0.67235865 0.67399351],3,3,"[0.6601234827680622, 0.6109507568947781]",1,-1
14543,[0.30345854 0.15033476],1,2,"[0.294379027732062, 0.1921773781634303]",0,0
14544,[0.62775577 0.56919389],3,3,"[0.6601234827680622, 0.6109507568947781]",1,-1
14545,[0.71614715 0.68214678],2,-1,-1,1,-1
14546,[0.32758061 0.20906894],1,2,"[0.294379027732062, 0.1921773781634303]",0,0
14547,[0.37067358 0.50629288],0,1,"[0.37965276877051146, 0.575157747726818]",1,-1
14548,[0.66319941 0.58734242],3,3,"[0.6601234827680622, 0.6109507568947781]",1,6
14549,[0.6472409  0.60340837],3,3,"[0.6601234827680622, 0.6109507568947781]",1,-1
14550,[0.2308516  0.24202754],1,-1,-1,0,0
14551,[0.29565283 0.17897862],1,2,"[0.294379027732062, 0.1921773781634303]",0,0
14552,[0.77877243 0.65084316],2,0,"[0.7890750777399501, 0.6799557517006445]",1,3
14553,[0.39308839 0.59866548],0,1,"[0.37965276877051146, 0.575157747726818]",1,-1
14554,[0.36195119 0.20734916],1,2,"[0.294379027732062, 0.1921773781634303]",0,0
14555,[0.30595993 0.67918778],0,-1,-1,1,-1
14556,[0.78074514 0.67722599],2,0,"[0.7890750777399501, 0.6799557517006445]",1,4
14557,[0.29375346 0.5485229 ],0,-1,-1,1,-1
14558,[0.68779204 0.53485539],3,-1,-1,1,-1
14559,[0.23233229 0.23077328],1,-1,-1,0,0
14560,[0.67169544 0.63221255],3,3,"[0.6601234827680622, 0.6109507568947781]",1,-1
14561,[0.45998035 0.59652103],0,-1,-1,1,-1
14562,[0.22002154 0.19301711],1,-1,-1,0,0
14563,[0.26795645 0.25438421],1,2,"[0.294379027732062, 0.1921773781634303]",0,0
14564,[0.72687462 0.72280882],2,-1,-1,1,-1
14565,[0.48448953 0.58008122],3,-1,-1,1,-1
14566,[0.58522836 0.65273439],3,-1,-1,1,-1
14567,[0.34151074 0.57756134],0,1,"[0.37965276877051146, 0.575157747726818]",1,-1
14568,[0.81471495 0.64515969],2,0,"[0.7890750777399501, 0.6799557517006445]",1,-1
14569,[0.39297974 0.49145475],0,-1,-1,1,-1
14570,[0.69471345 0.54433224],3,-1,-1,1,-1
14571,[0.39533032 0.63731385],0,1,"[0.37965276877051146, 0.575157747726818]",1,-1
14572,[0.64767884 0.65678461],3,3,"[0.6601234827680622, 0.6109507568947781]",1,-1
14573,[0.29923401 0.62134759],0,-1,-1,1,-1
14574,[0.28974605 0.21986514],1,2,"[0.294379027732062, 0.1921773781634303]",0,0
14575,[0.83967077 0.69420679],2,0,"[0.7890750777399501, 0.6799557517006445]",1,-1
14576,[0.81478443 0.69248702],2,0,"[0.7890750777399501, 0.6799557517006445]",1,-1
14577,[0.79585357 0.6714669 ],3,0,"[0.7890750777399501, 0.6799557517006445]",1,4
14578,[0.76997415 0.70583799],2,0,"[0.7890750777399501, 0.6799557517006445]",1,-1
14579,[0.77165493 0.75669972],2,-1,-1,1,-1
14580,[0.46707194 0.58263005],0,-1,-1,1,-1
14581,[0.31753172 0.27158133],1,-1,-1,0,0
14582,[0.74318296 0.67668003],2,0,"[0.7890750777399501, 0.6799557517006445]",1,-1
14583,[0.34774762 0.20935665],1,2,"[0.294379027732062, 0.1921773781634303]",0,0
14584,[0.77152071 0.57815874],3,-1,-1,1,-1
14585,[0.3897083 0.5455429],0,1,"[0.37965276877051146, 0.575157747726818]",1,-1
14586,[0.67638505 0.62706147],3,3,"[0.6601234827680622, 0.6109507568947781]",1,-1
14587,[0.67779876 0.63944969],3,3,"[0.6601234827680622, 0.6109507568947781]",1,-1
14588,[0.80836155 0.64272405],2,0,"[0.7890750777399501, 0.6799557517006445]",1,-1
14589,[0.29633984 0.18325865],1,2,"[0.294379027732062, 0.1921773781634303]",0,0
14590,[0.8219174  0.67011148],2,0,"[0.7890750777399501, 0.6799557517006445]",1,-1
14591,[0.65240484 0.57915243],3,3,"[0.6601234827680622, 0.6109507568947781]",1,-1
14592,[0.32934474 0.09911378],1,-1,-1,0,0
14593,[0.64091138 0.66865953],3,3,"[0.6601234827680622, 0.6109507568947781]",1,-1
14594,[0.64286138 0.65081252],3,3,"[0.6601234827680622, 0.6109507568947781]",1,-1
14595,[0.30445873 0.58272277],0,-1,-1,1,-1
14596,[0.27476354 0.18943715],1,2,"[0.294379027732062, 0.1921773781634303]",0,0
14597,[0.82710407 0.67870409],2,0,"[0.7890750777399501, 0.6799557517006445]",1,-1
14598,[0.6213901  0.64581735],3,3,"[0.6601234827680622, 0.6109507568947781]",1,-1
14599,[0.74340892 0.61739389],3,-1,-1,1,-1
14600,[0.35779967 0.68275645],0,-1,-1,1,-1
14601,[0.81508129 0.71542019],2,0,"[0.7890750777399501, 0.6799557517006445]",1,-1
14602,[0.33674435 0.56664964],0,1,"[0.37965276877051146, 0.575157747726818]",1,-1
14603,[0.65769201 0.68976896],3,-1,-1,1,-1
14604,[0.34836543 0.55012427],0,1,"[0.37965276877051146, 0.575157747726818]",1,-1
14605,[0.83929362 0.63312465],2,0,"[0.7890750777399501, 0.6799557517006445]",1,-1
14606,[0.77521981 0.60727299],2,-1,-1,1,-1
14607,[0.40446519 0.54530469],0,1,"[0.37965276877051146, 0.575157747726818]",1,-1
14608,[0.74472236 0.74314774],2,-1,-1,1,-1
14609,[0.30615549 0.16758452],1,2,"[0.294379027732062, 0.1921773781634303]",0,0
14610,[0.76858728 0.72065471],2,0,"[0.7890750777399501, 0.6799557517006445]",1,-1
14611,[0.86949141 0.74312768],2,-1,-1,1,-1
14612,[0.31502119 0.22048203],1,2,"[0.294379027732062, 0.1921773781634303]",0,0
14613,[0.20594752 0.18765412],1,-1,-1,0,0
14614,[0.7815749  0.66778607],2,0,"[0.7890750777399501, 0.6799557517006445]",1,-1
14615,[0.68736847 0.58036929],3,3,"[0.6601234827680622, 0.6109507568947781]",1,-1
14616,[0.28300821 0.16145428],1,2,"[0.294379027732062, 0.1921773781634303]",0,0
14617,[0.36567785 0.5310316 ],0,1,"[0.37965276877051146, 0.575157747726818]",1,-1
14618,[0.42905312 0.56946303],0,1,"[0.37965276877051146, 0.575157747726818]",1,-1
14619,[0.61044314 0.57205742],3,3,"[0.6601234827680622, 0.6109507568947781]",1,-1
14620,[0.65085742 0.54420782],3,3,"[0.6601234827680622, 0.6109507568947781]",1,-1
14621,[0.32634255 0.59944864],0,1,"[0.37965276877051146, 0.575157747726818]",1,-1
14622,[0.70938898 0.59335302],3,3,"[0.6601234827680622, 0.6109507568947781]",1,-1
14623,[0.79872667 0.68771744],2,0,"[0.7890750777399501, 0.6799557517006445]",1,-1
14624,[0.61893457 0.54232145],3,-1,-1,1,-1
14625,[0.64740559 0.62734593],3,3,"[0.6601234827680622, 0.6109507568947781]",1,-1
14626,[0.28720679 0.53737201],0,-1,-1,1,-1
14627,[0.64260635 0.61549476],3,3,"[0.6601234827680622, 0.6109507568947781]",1,-1
14628,[0.39050897 0.65310806],0,-1,-1,1,-1
14629,[0.8409764  0.68002963],2,0,"[0.7890750777399501, 0.6799557517006445]",1,-1
14630,[0.27852801 0.20488398],1,2,"[0.294379027732062, 0.1921773781634303]",0,0
14631,[0.82689101 0.74590195],2,-1,-1,1,-1
14632,[0.33221889 0.52022991],0,-1,-1,1,-1
14633,[0.56480664 0.6728434 ],3,-1,-1,1,-1
14634,[0.80151873 0.67686597],2,0,"[0.7890750777399501, 0.6799557517006445]",1,-1
14635,[0.86185166 0.65495419],2,-1,-1,1,-1
14636,[0.74590244 0.68916599],2,0,"[0.7890750777399501, 0.6799557517006445]",1,-1
14637,[0.72352164 0.54759428],3,-1,-1,1,-1
14638,[0.63450982 0.61876986],3,3,"[0.6601234827680622, 0.6109507568947781]",1,-1
14639,[0.35429103 0.20971308],1,2,"[0.294379027732062, 0.1921773781634303]",0,0
14640,[0.59846356 0.69304416],3,-1,-1,1,-1
14641,[0.77510767 0.64191098],2,0,"[0.7890750777399501, 0.6799557517006445]",1,-1
14642,[0.78767626 0.72813927],2,0,"[0.7890750777399501, 0.6799557517006445]",1,-1
14643,[0.24177817 0.24060963],1,-1,-1,0,0
14644,[0.24040349 0.22738433],1,2,"[0.294379027732062, 0.1921773781634303]",0,0
14645,[0.85358925 0.69660661],2,0,"[0.7890750777399501, 0.6799557517006445]",1,-1
14646,[0.31479743 0.51483865],0,-1,-1,1,-1
14647,[0.66496191 0.64950956],2,3,"[0.6601234827680622, 0.6109507568947781]",1,-1
14648,[0.27453683 0.17489987],1,2,"[0.294379027732062, 0.1921773781634303]",0,0
14649,[0.30111646 0.19572881],1,2,"[0.294379027732062, 0.1921773781634303]",0,0
14650,[0.32329122 0.11648518],1,-1,-1,0,0
14651,[0.34355773 0.23282066],1,2,"[0.294379027732062, 0.1921773781634303]",0,0
14652,[0.30589453 0.22528379],1,2,"[0.294379027732062, 0.1921773781634303]",0,0
14653,[0.41510632 0.60389845],0,1,"[0.37965276877051146, 0.575157747726818]",1,-1
14654,[0.69942074 0.53696518],3,-1,-1,1,-1
14655,[0.33209226 0.11038028],1,-1,-1,0,0
14656,[0.21986965 0.16520451],1,-1,-1,0,0
14657,[0.34471529 0.55161445],0,1,"[0.37965276877051146, 0.575157747726818]",1,-1
14658,[0.7424483  0.70303711],3,0,"[0.7890750777399501, 0.6799557517006445]",1,-1
14659,[0.77291741 0.70699408],2,0,"[0.7890750777399501, 0.6799557517006445]",1,-1
14660,[0.66515539 0.5913047 ],3,3,"[0.6601234827680622, 0.6109507568947781]",1,-1
14661,[0.77627548 0.66852177],2,0,"[0.7890750777399501, 0.6799557517006445]",1,3
14662,[0.74779635 0.68892864],2,0,"[0.7890750777399501, 0.6799557517006445]",1,-1
14663,[0.35258218 0.17549094],1,2,"[0.294379027732062, 0.1921773781634303]",0,0
14664,[0.74116713 0.66994254],2,0,"[0.7890750777399501, 0.6799557517006445]",1,-1
14665,[0.81994941 0.61074525],2,-1,-1,1,-1
14666,[0.30045344 0.10507139],1,-1,-1,0,0
14667,[0.78670606 0.57983071],2,-1,-1,1,-1
14668,[0.22043467 0.22084674],1,-1,-1,0,0
14669,[0.79675549 0.67131769],2,0,"[0.7890750777399501, 0.6799557517006445]",1,4
14670,[0.7655643  0.62858499],2,0,"[0.7890750777399501, 0.6799557517006445]",1,-1
14671,[0.73355766 0.76179193],2,-1,-1,1,-1
14672,[0.73087939 0.6105975 ],3,-1,-1,1,-1
14673,[0.69710914 0.70184391],2,-1,-1,1,-1
14674,[0.75363868 0.70994476],3,0,"[0.7890750777399501, 0.6799557517006445]",1,-1
14675,[0.62796726 0.62337504],3,3,"[0.6601234827680622, 0.6109507568947781]",1,-1
14676,[0.64039918 0.55090669],3,3,"[0.6601234827680622, 0.6109507568947781]",1,-1
14677,[0.67880739 0.77137425],3,-1,-1,1,-1
14678,[0.77050563 0.78516049],2,-1,-1,1,-1
14679,[0.72029727 0.57925635],3,3,"[0.6601234827680622, 0.6109507568947781]",1,-1
14680,[0.70640528 0.7193513 ],2,-1,-1,1,-1
14681,[0.445605   0.58495844],0,1,"[0.37965276877051146, 0.575157747726818]",1,-1
14682,[0.30077472 0.58175432],0,-1,-1,1,-1
14683,[0.62096447 0.70480899],3,-1,-1,1,-1
14684,[0.51273509 0.631779  ],0,-1,-1,1,-1
14685,[0.30974874 0.24310358],1,2,"[0.294379027732062, 0.1921773781634303]",0,0
14686,[0.28831099 0.24161109],1,2,"[0.294379027732062, 0.1921773781634303]",0,0
14687,[0.89178722 0.60960247],2,-1,-1,1,-1
14688,[0.70922573 0.48550088],3,-1,-1,1,-1
14689,[0.41495912 0.54783528],0,1,"[0.37965276877051146, 0.575157747726818]",1,-1
14690,[0.3477254  0.57051868],0,1,"[0.37965276877051146, 0.575157747726818]",1,-1
14691,[0.31841574 0.66634694],0,-1,-1,1,-1
14692,[0.3239404  0.16547439],1,2,"[0.294379027732062, 0.1921773781634303]",0,0
14693,[0.42541058 0.58060903],0,1,"[0.37965276877051146, 0.575157747726818]",1,-1
14694,[0.53945395 0.57240758],3,-1,-1,1,-1
14695,[0.61620705 0.57467734],3,3,"[0.6601234827680622, 0.6109507568947781]",1,-1
14696,[0.78184609 0.75268237],2,-1,-1,1,-1
14697,[0.67875527 0.65475175],2,3,"[0.6601234827680622, 0.6109507568947781]",1,-1
14698,[0.43101969 0.61847204],0,1,"[0.37965276877051146, 0.575157747726818]",1,-1
14699,[0.37312542 0.57068535],0,1,"[0.37965276877051146, 0.575157747726818]",1,1
14700,[0.31563183 0.5738342 ],0,1,"[0.37965276877051146, 0.575157747726818]",1,-1
14701,[0.27614289 0.24764988],1,2,"[0.294379027732062, 0.1921773781634303]",0,0
14702,[0.82567062 0.66457826],2,0,"[0.7890750777399501, 0.6799557517006445]",1,-1
14703,[0.61700346 0.57599527],3,3,"[0.6601234827680622, 0.6109507568947781]",1,-1
14704,[0.36506066 0.51879641],0,1,"[0.37965276877051146, 0.575157747726818]",1,-1
14705,[0.29653637 0.17145091],1,2,"[0.294379027732062, 0.1921773781634303]",0,0
14706,[0.25285897 0.19833564],1,2,"[0.294379027732062, 0.1921773781634303]",0,0
14707,[0.39277796 0.60324774],0,1,"[0.37965276877051146, 0.575157747726818]",1,-1
14708,[0.36768262 0.51797311],0,1,"[0.37965276877051146, 0.575157747726818]",1,-1
14709,[0.34085168 0.18047159],1,2,"[0.294379027732062, 0.1921773781634303]",0,0
14710,[0.34688398 0.59371997],0,1,"[0.37965276877051146, 0.575157747726818]",1,-1
14711,[0.31159787 0.50467167],0,-1,-1,1,-1
14712,[0.72117956 0.64442411],3,3,"[0.6601234827680622, 0.6109507568947781]",1,-1
14713,[0.28846343 0.25716554],1,2,"[0.294379027732062, 0.1921773781634303]",0,0
14714,[0.83763386 0.69309932],2,0,"[0.7890750777399501, 0.6799557517006445]",1,-1
14715,[0.27971368 0.16974151],1,2,"[0.294379027732062, 0.1921773781634303]",0,0
14716,[0.85609664 0.58637797],2,-1,-1,1,-1
14717,[0.87985443 0.7212839 ],2,-1,-1,1,-1
14718,[0.81962462 0.67225592],2,0,"[0.7890750777399501, 0.6799557517006445]",1,-1
14719,[0.77090808 0.71453141],2,0,"[0.7890750777399501, 0.6799557517006445]",1,-1
14720,[0.44905714 0.51707228],0,-1,-1,1,-1
14721,[0.31875659 0.14830455],1,2,"[0.294379027732062, 0.1921773781634303]",0,0
14722,[0.36461587 0.65907798],0,-1,-1,1,-1
14723,[0.73267934 0.55622294],3,-1,-1,1,-1
14724,[0.41805009 0.59135272],0,1,"[0.37965276877051146, 0.575157747726818]",1,-1
14725,[0.20777112 0.10973597],1,-1,-1,0,0
14726,[0.82210872 0.62729932],2,0,"[0.7890750777399501, 0.6799557517006445]",1,-1
14727,[0.36955176 0.5372607 ],0,1,"[0.37965276877051146, 0.575157747726818]",1,-1
14728,[0.31920574 0.13861917],1,2,"[0.294379027732062, 0.1921773781634303]",0,0
14729,[0.83320027 0.60539309],2,-1,-1,1,-1
14730,[0.26198074 0.22430624],1,2,"[0.294379027732062, 0.1921773781634303]",0,0
14731,[0.62101566 0.53086914],3,-1,-1,1,-1
14732,[0.68685035 0.61618833],3,3,"[0.6601234827680622, 0.6109507568947781]",1,-1
14733,[0.83076285 0.64528289],2,0,"[0.7890750777399501, 0.6799557517006445]",1,-1
14734,[0.65545684 0.59958202],3,3,"[0.6601234827680622, 0.6109507568947781]",1,6
14735,[0.77204852 0.65923045],2,0,"[0.7890750777399501, 0.6799557517006445]",1,3
14736,[0.64142226 0.61745861],3,3,"[0.6601234827680622, 0.6109507568947781]",1,-1
14737,[0.74461594 0.63645235],2,0,"[0.7890750777399501, 0.6799557517006445]",1,-1
14738,[0.43532086 0.56847111],0,1,"[0.37965276877051146, 0.575157747726818]",1,-1
14739,[0.66182234 0.57516304],3,3,"[0.6601234827680622, 0.6109507568947781]",1,-1
14740,[0.21845007 0.17248729],1,-1,-1,0,0
14741,[0.7315548  0.54384647],3,-1,-1,1,-1
14742,[0.38199816 0.19906782],1,-1,-1,0,0
14743,[0.79608131 0.64847123],2,0,"[0.7890750777399501, 0.6799557517006445]",1,-1
14744,[0.27903233 0.22663254],1,2,"[0.294379027732062, 0.1921773781634303]",0,0
14745,[0.72178025 0.70764214],2,-1,-1,1,-1
14746,[0.37007912 0.51301891],0,1,"[0.37965276877051146, 0.575157747726818]",1,-1
14747,[0.42540739 0.53377205],0,1,"[0.37965276877051146, 0.575157747726818]",1,-1
14748,[0.69140896 0.55979611],3,3,"[0.6601234827680622, 0.6109507568947781]",1,-1
14749,[0.73985509 0.65359674],2,0,"[0.7890750777399501, 0.6799557517006445]",1,-1
14750,[0.71243995 0.61528776],3,3,"[0.6601234827680622, 0.6109507568947781]",1,-1
14751,[0.80566844 0.68060917],2,0,"[0.7890750777399501, 0.6799557517006445]",1,-1
14752,[0.33204065 0.60285587],0,1,"[0.37965276877051146, 0.575157747726818]",1,-1
14753,[0.31899496 0.53092406],0,-1,-1,1,-1
14754,[0.31276851 0.21684643],1,2,"[0.294379027732062, 0.1921773781634303]",0,0
14755,[0.35136657 0.58993945],0,1,"[0.37965276877051146, 0.575157747726818]",1,-1
14756,[0.25165707 0.07554274],1,-1,-1,0,0
14757,[0.34912764 0.22698908],1,2,"[0.294379027732062, 0.1921773781634303]",0,0
14758,[0.81071982 0.7450784 ],2,0,"[0.7890750777399501, 0.6799557517006445]",1,-1
14759,[0.37266104 0.64060238],0,1,"[0.37965276877051146, 0.575157747726818]",1,-1
14760,[0.2759073  0.59536301],0,-1,-1,1,-1
14761,[0.30926157 0.13161297],1,2,"[0.294379027732062, 0.1921773781634303]",0,0
14762,[0.75738181 0.65727201],2,0,"[0.7890750777399501, 0.6799557517006445]",1,-1
14763,[0.27152029 0.16613508],1,2,"[0.294379027732062, 0.1921773781634303]",0,0
14764,[0.73497355 0.56598736],2,-1,-1,1,-1
14765,[0.32937367 0.55408771],0,1,"[0.37965276877051146, 0.575157747726818]",1,-1
14766,[0.69067766 0.54342039],3,-1,-1,1,-1
14767,[0.27940093 0.14176547],1,2,"[0.294379027732062, 0.1921773781634303]",0,0
14768,[0.42037075 0.59453323],0,1,"[0.37965276877051146, 0.575157747726818]",1,-1
14769,[0.73311575 0.57447384],3,-1,-1,1,-1
14770,[0.35077957 0.26365477],1,-1,-1,0,0
14771,[0.75158714 0.65265435],2,0,"[0.7890750777399501, 0.6799557517006445]",1,-1
14772,[0.80052686 0.64432025],2,0,"[0.7890750777399501, 0.6799557517006445]",1,-1
14773,[0.80313989 0.65090095],2,0,"[0.7890750777399501, 0.6799557517006445]",1,-1
14774,[0.31126741 0.23246869],1,2,"[0.294379027732062, 0.1921773781634303]",0,0
14775,[0.33027075 0.07189697],1,-1,-1,0,0
14776,[0.80546274 0.62074148],3,0,"[0.7890750777399501, 0.6799557517006445]",1,-1
14777,[0.8751122  0.64792738],2,-1,-1,1,-1
14778,[0.38425018 0.5184352 ],0,1,"[0.37965276877051146, 0.575157747726818]",1,-1
14779,[0.89378134 0.77956126],2,-1,-1,1,-1
14780,[0.76394433 0.66884243],2,0,"[0.7890750777399501, 0.6799557517006445]",1,-1
14781,[0.72877642 0.59402836],3,-1,-1,1,-1
14782,[0.25563058 0.21415385],1,2,"[0.294379027732062, 0.1921773781634303]",0,0
14783,[0.31334875 0.20847538],1,2,"[0.294379027732062, 0.1921773781634303]",0,0
14784,[0.77671027 0.61548163],2,0,"[0.7890750777399501, 0.6799557517006445]",1,-1
14785,[0.7749915  0.68212126],2,0,"[0.7890750777399501, 0.6799557517006445]",1,4
14786,[0.25513625 0.16273679],1,2,"[0.294379027732062, 0.1921773781634303]",0,0
14787,[0.78344645 0.71329319],2,0,"[0.7890750777399501, 0.6799557517006445]",1,-1
14788,[0.69730328 0.57049811],3,3,"[0.6601234827680622, 0.6109507568947781]",1,-1
14789,[0.77976827 0.72341268],2,0,"[0.7890750777399501, 0.6799557517006445]",1,-1
14790,[0.82443894 0.67214808],2,0,"[0.7890750777399501, 0.6799557517006445]",1,-1
14791,[0.30792742 0.60582506],0,-1,-1,1,-1
14792,[0.44338248 0.49723288],0,-1,-1,1,-1
14793,[0.34435682 0.64941435],0,-1,-1,1,-1
14794,[0.76216537 0.63830919],2,0,"[0.7890750777399501, 0.6799557517006445]",1,-1
14795,[0.33483463 0.10857122],1,-1,-1,0,0
14796,[0.64146262 0.57533919],3,3,"[0.6601234827680622, 0.6109507568947781]",1,-1
14797,[0.2461817  0.21666073],1,2,"[0.294379027732062, 0.1921773781634303]",0,0
14798,[0.79713798 0.68668663],2,0,"[0.7890750777399501, 0.6799557517006445]",1,-1
14799,[0.8932153  0.64140451],2,-1,-1,1,-1
14800,[0.56625977 0.60658679],3,-1,-1,1,-1
14801,[0.29239408 0.09185767],1,-1,-1,0,0
14802,[0.64051516 0.6060562 ],3,3,"[0.6601234827680622, 0.6109507568947781]",1,-1
14803,[0.44917477 0.53899747],0,-1,-1,1,-1
14804,[0.69938324 0.65331604],2,3,"[0.6601234827680622, 0.6109507568947781]",1,-1
14805,[0.32580047 0.20341229],1,2,"[0.294379027732062, 0.1921773781634303]",0,0
14806,[0.62302614 0.57069292],3,3,"[0.6601234827680622, 0.6109507568947781]",1,-1
14807,[0.17725587 0.13052856],1,-1,-1,0,0
14808,[0.27921679 0.14155806],1,2,"[0.294379027732062, 0.1921773781634303]",0,0
14809,[0.76001685 0.70256564],2,0,"[0.7890750777399501, 0.6799557517006445]",1,-1
14810,[0.4018134  0.52357477],0,1,"[0.37965276877051146, 0.575157747726818]",1,-1
14811,[0.29085261 0.22800023],1,2,"[0.294379027732062, 0.1921773781634303]",0,0
14812,[0.8074413  0.71440018],2,0,"[0.7890750777399501, 0.6799557517006445]",1,-1
14813,[0.61126969 0.65066079],3,3,"[0.6601234827680622, 0.6109507568947781]",1,-1
14814,[0.73565663 0.67498632],2,0,"[0.7890750777399501, 0.6799557517006445]",1,-1
14815,[0.68163018 0.59849706],3,3,"[0.6601234827680622, 0.6109507568947781]",1,5
14816,[0.40938222 0.53884984],0,1,"[0.37965276877051146, 0.575157747726818]",1,-1
14817,[0.34574348 0.52768282],0,1,"[0.37965276877051146, 0.575157747726818]",1,-1
14818,[0.40072907 0.57585062],0,1,"[0.37965276877051146, 0.575157747726818]",1,-1
14819,[0.4160882  0.58117066],0,1,"[0.37965276877051146, 0.575157747726818]",1,-1
14820,[0.64342517 0.67508445],3,3,"[0.6601234827680622, 0.6109507568947781]",1,-1
14821,[0.26263233 0.23469503],1,2,"[0.294379027732062, 0.1921773781634303]",0,0
14822,[0.32540165 0.228925  ],1,2,"[0.294379027732062, 0.1921773781634303]",0,0
14823,[0.47527391 0.56674523],0,-1,-1,1,-1
14824,[0.19026263 0.21489697],1,-1,-1,0,0
14825,[0.79085155 0.66645679],2,0,"[0.7890750777399501, 0.6799557517006445]",1,-1
14826,[0.69092593 0.58574218],3,3,"[0.6601234827680622, 0.6109507568947781]",1,-1
14827,[0.75185207 0.70121942],2,0,"[0.7890750777399501, 0.6799557517006445]",1,-1
14828,[0.78500759 0.63103774],2,0,"[0.7890750777399501, 0.6799557517006445]",1,-1
14829,[0.30761725 0.14235596],1,2,"[0.294379027732062, 0.1921773781634303]",0,0
14830,[0.7322316  0.58874042],2,-1,-1,1,-1
14831,[0.32152046 0.08083675],1,-1,-1,0,0
14832,[0.34111173 0.24188046],1,2,"[0.294379027732062, 0.1921773781634303]",0,0
14833,[0.18277396 0.15059933],1,-1,-1,0,0
14834,[0.40468981 0.57083184],0,1,"[0.37965276877051146, 0.575157747726818]",1,2
14835,[0.81799498 0.70165876],2,0,"[0.7890750777399501, 0.6799557517006445]",1,-1
14836,[0.41584504 0.08105297],1,-1,-1,0,0
14837,[0.29102135 0.60821755],0,-1,-1,1,-1
14838,[0.31755178 0.18952578],1,2,"[0.294379027732062, 0.1921773781634303]",0,0
14839,[0.30054132 0.60092223],0,-1,-1,1,-1
14840,[0.29320588 0.17960237],1,2,"[0.294379027732062, 0.1921773781634303]",0,0
14841,[0.26482696 0.16009696],1,2,"[0.294379027732062, 0.1921773781634303]",0,0
14842,[0.73499894 0.64250068],2,0,"[0.7890750777399501, 0.6799557517006445]",1,-1
14843,[0.72391133 0.69328426],2,0,"[0.7890750777399501, 0.6799557517006445]",1,-1
14844,[0.27817523 0.63969792],0,-1,-1,1,-1
14845,[0.63896257 0.6648214 ],3,3,"[0.6601234827680622, 0.6109507568947781]",1,-1
14846,[0.66995388 0.6050968 ],3,3,"[0.6601234827680622, 0.6109507568947781]",1,-1
14847,[0.6700585  0.65157867],3,3,"[0.6601234827680622, 0.6109507568947781]",1,-1
14848,[0.41114788 0.5928703 ],0,1,"[0.37965276877051146, 0.575157747726818]",1,-1
14849,[0.80088379 0.6095817 ],3,-1,-1,1,-1
14850,[0.32551862 0.6153235 ],0,1,"[0.37965276877051146, 0.575157747726818]",1,-1
14851,[0.69905653 0.65108336],2,3,"[0.6601234827680622, 0.6109507568947781]",1,-1
14852,[0.44493061 0.59578715],0,1,"[0.37965276877051146, 0.575157747726818]",1,-1
14853,[0.69897972 0.57673322],3,3,"[0.6601234827680622, 0.6109507568947781]",1,-1
14854,[0.44144394 0.66471038],0,-1,-1,1,-1
14855,[0.43753275 0.56201401],0,1,"[0.37965276877051146, 0.575157747726818]",1,-1
14856,[0.37140332 0.69114429],0,-1,-1,1,-1
14857,[0.39549207 0.53621218],0,1,"[0.37965276877051146, 0.575157747726818]",1,-1
14858,[0.22966356 0.17480486],1,2,"[0.294379027732062, 0.1921773781634303]",0,0
14859,[0.74903352 0.62747847],2,0,"[0.7890750777399501, 0.6799557517006445]",1,-1
14860,[0.30087471 0.63758745],0,-1,-1,1,-1
14861,[0.75607719 0.5471155 ],3,-1,-1,1,-1
14862,[0.24836957 0.52885137],0,-1,-1,1,-1
14863,[0.22158492 0.19594277],1,-1,-1,0,0
14864,[0.81264862 0.64482685],2,0,"[0.7890750777399501, 0.6799557517006445]",1,-1
14865,[0.66746005 0.63845588],3,3,"[0.6601234827680622, 0.6109507568947781]",1,-1
14866,[0.35772349 0.18558899],1,2,"[0.294379027732062, 0.1921773781634303]",0,0
14867,[0.8275092  0.69325278],2,0,"[0.7890750777399501, 0.6799557517006445]",1,-1
14868,[0.63612555 0.60463987],3,3,"[0.6601234827680622, 0.6109507568947781]",1,-1
14869,[0.79447818 0.74115912],3,0,"[0.7890750777399501, 0.6799557517006445]",1,-1
14870,[0.3090221  0.31518183],1,-1,-1,0,0
14871,[0.66804364 0.65694292],3,3,"[0.6601234827680622, 0.6109507568947781]",1,-1
14872,[0.3475553 0.5804335],0,1,"[0.37965276877051146, 0.575157747726818]",1,-1
14873,[0.33012535 0.27064974],1,-1,-1,0,0
14874,[0.82303424 0.83745988],2,-1,-1,1,-1
14875,[0.33361329 0.22702089],1,2,"[0.294379027732062, 0.1921773781634303]",0,0
14876,[0.35933957 0.1871291 ],1,2,"[0.294379027732062, 0.1921773781634303]",0,0
14877,[0.44940939 0.5551942 ],0,-1,-1,1,-1
14878,[0.76956025 0.77562321],2,-1,-1,1,-1
14879,[0.74173138 0.60517211],3,-1,-1,1,-1
14880,[0.27581753 0.29264689],1,-1,-1,0,0
14881,[0.73396818 0.69892665],2,0,"[0.7890750777399501, 0.6799557517006445]",1,-1
14882,[0.30503152 0.22166356],1,2,"[0.294379027732062, 0.1921773781634303]",0,0
14883,[0.36478373 0.18227338],1,-1,-1,0,0
14884,[0.30540969 0.18113479],1,2,"[0.294379027732062, 0.1921773781634303]",0,0
14885,[0.22771238 0.62666464],0,-1,-1,1,-1
14886,[0.40169926 0.60875851],0,1,"[0.37965276877051146, 0.575157747726818]",1,-1
14887,[0.35846595 0.56788044],0,1,"[0.37965276877051146, 0.575157747726818]",1,-1
14888,[0.27149591 0.21921542],1,2,"[0.294379027732062, 0.1921773781634303]",0,0
14889,[0.85875987 0.64722802],2,-1,-1,1,-1
14890,[0.73939418 0.70136641],3,0,"[0.7890750777399501, 0.6799557517006445]",1,-1
14891,[0.66060143 0.57234536],3,3,"[0.6601234827680622, 0.6109507568947781]",1,-1
14892,[0.22594977 0.20080752],1,2,"[0.294379027732062, 0.1921773781634303]",0,0
14893,[0.22090305 0.1363873 ],1,-1,-1,0,0
14894,[0.37072106 0.53258038],0,1,"[0.37965276877051146, 0.575157747726818]",1,-1
14895,[0.31893762 0.52773099],0,-1,-1,1,-1
14896,[0.74253137 0.66460225],3,0,"[0.7890750777399501, 0.6799557517006445]",1,-1
14897,[0.84344175 0.65039018],2,0,"[0.7890750777399501, 0.6799557517006445]",1,-1
14898,[0.27018888 0.2346977 ],1,2,"[0.294379027732062, 0.1921773781634303]",0,0
14899,[0.67993017 0.72492808],3,-1,-1,1,-1
14900,[0.29980187 0.23056122],1,2,"[0.294379027732062, 0.1921773781634303]",0,0
14901,[0.36438453 0.1797742 ],1,-1,-1,0,0
14902,[0.29181244 0.23058854],1,2,"[0.294379027732062, 0.1921773781634303]",0,0
14903,[0.33278036 0.46272253],0,-1,-1,1,-1
14904,[0.18981777 0.13527467],1,-1,-1,0,0
14905,[0.40191746 0.63287078],0,1,"[0.37965276877051146, 0.575157747726818]",1,-1
14906,[0.68294903 0.52985019],3,-1,-1,1,-1
14907,[0.42141928 0.52688782],0,1,"[0.37965276877051146, 0.575157747726818]",1,-1
14908,[0.69820102 0.63335263],3,3,"[0.6601234827680622, 0.6109507568947781]",1,-1
14909,[0.29038543 0.58981214],0,-1,-1,1,-1
14910,[0.28836714 0.21884615],1,2,"[0.294379027732062, 0.1921773781634303]",0,0
14911,[0.37926016 0.41226453],0,-1,-1,1,-1
14912,[0.34666566 0.09124983],1,-1,-1,0,0
14913,[0.31750196 0.2088257 ],1,2,"[0.294379027732062, 0.1921773781634303]",0,0
14914,[0.72622703 0.51960948],3,-1,-1,1,-1
14915,[0.79973668 0.72948367],2,0,"[0.7890750777399501, 0.6799557517006445]",1,-1
14916,[0.30360135 0.14398738],1,2,"[0.294379027732062, 0.1921773781634303]",0,0
14917,[0.28000132 0.2341975 ],1,2,"[0.294379027732062, 0.1921773781634303]",0,0
14918,[0.32478255 0.27776783],1,-1,-1,0,0
14919,[0.60300135 0.64574522],3,3,"[0.6601234827680622, 0.6109507568947781]",1,-1
14920,[0.295728   0.57962973],0,-1,-1,1,-1
14921,[0.26894864 0.15279493],1,2,"[0.294379027732062, 0.1921773781634303]",0,0
14922,[0.44844918 0.63183095],0,-1,-1,1,-1
14923,[0.71190654 0.51680725],3,-1,-1,1,-1
14924,[0.79143832 0.63847956],2,0,"[0.7890750777399501, 0.6799557517006445]",1,-1
14925,[0.26513036 0.12784193],1,-1,-1,0,0
14926,[0.73149243 0.58345125],3,-1,-1,1,-1
14927,[0.87432925 0.58408747],2,-1,-1,1,-1
14928,[0.87663177 0.65256417],2,-1,-1,1,-1
14929,[0.88288114 0.69781671],2,-1,-1,1,-1
14930,[0.70900544 0.72845683],2,-1,-1,1,-1
14931,[0.64601349 0.59038318],3,3,"[0.6601234827680622, 0.6109507568947781]",1,-1
14932,[0.76997914 0.67528808],2,0,"[0.7890750777399501, 0.6799557517006445]",1,-1
14933,[0.32391738 0.13132213],1,2,"[0.294379027732062, 0.1921773781634303]",0,0
14934,[0.35275459 0.20361408],1,2,"[0.294379027732062, 0.1921773781634303]",0,0
14935,[0.61415852 0.56560638],3,3,"[0.6601234827680622, 0.6109507568947781]",1,-1
14936,[0.79109127 0.7258538 ],2,0,"[0.7890750777399501, 0.6799557517006445]",1,-1
14937,[0.82089511 0.72151915],2,0,"[0.7890750777399501, 0.6799557517006445]",1,-1
14938,[0.3865239  0.59058844],0,1,"[0.37965276877051146, 0.575157747726818]",1,-1
14939,[0.44077294 0.60261946],0,1,"[0.37965276877051146, 0.575157747726818]",1,-1
14940,[0.26684032 0.24686912],1,2,"[0.294379027732062, 0.1921773781634303]",0,0
14941,[0.32829501 0.3082018 ],1,-1,-1,0,0
14942,[0.28031611 0.58992301],0,-1,-1,1,-1
14943,[0.38040684 0.57780746],0,1,"[0.37965276877051146, 0.575157747726818]",1,-1
14944,[0.67292311 0.7277188 ],3,-1,-1,1,-1
14945,[0.69406102 0.7103057 ],2,-1,-1,1,-1
14946,[0.32543162 0.58546499],0,1,"[0.37965276877051146, 0.575157747726818]",1,-1
14947,[0.44528865 0.60330848],0,-1,-1,1,-1
14948,[0.61043482 0.71370216],3,-1,-1,1,-1
14949,[0.80455535 0.71572468],2,0,"[0.7890750777399501, 0.6799557517006445]",1,-1
14950,[0.61145784 0.6848512 ],3,-1,-1,1,-1
14951,[0.28916822 0.56201091],0,-1,-1,1,-1
14952,[0.29463224 0.55624535],0,-1,-1,1,-1
14953,[0.82124586 0.68667149],2,0,"[0.7890750777399501, 0.6799557517006445]",1,-1
14954,[0.32709567 0.18856272],1,2,"[0.294379027732062, 0.1921773781634303]",0,0
14955,[0.3909729 0.5474896],0,1,"[0.37965276877051146, 0.575157747726818]",1,-1
14956,[0.82068574 0.73184255],2,0,"[0.7890750777399501, 0.6799557517006445]",1,-1
14957,[0.31292062 0.19497966],1,2,"[0.294379027732062, 0.1921773781634303]",0,0
14958,[0.30617772 0.16370883],1,2,"[0.294379027732062, 0.1921773781634303]",0,0
14959,[0.81018516 0.72797018],2,0,"[0.7890750777399501, 0.6799557517006445]",1,-1
14960,[0.37661855 0.23964091],1,-1,-1,0,0
14961,[0.6610666  0.57525625],3,3,"[0.6601234827680622, 0.6109507568947781]",1,-1
14962,[0.71729475 0.61771275],3,3,"[0.6601234827680622, 0.6109507568947781]",1,-1
14963,[0.56460942 0.50021285],3,-1,-1,1,-1
14964,[0.764074   0.74022518],2,0,"[0.7890750777399501, 0.6799557517006445]",1,-1
14965,[0.35841607 0.53588599],0,1,"[0.37965276877051146, 0.575157747726818]",1,-1
14966,[0.75777453 0.6413129 ],2,0,"[0.7890750777399501, 0.6799557517006445]",1,-1
14967,[0.30949619 0.16667992],1,2,"[0.294379027732062, 0.1921773781634303]",0,0
14968,[0.36564872 0.55184343],0,1,"[0.37965276877051146, 0.575157747726818]",1,-1
14969,[0.41056078 0.62126108],0,1,"[0.37965276877051146, 0.575157747726818]",1,-1
14970,[0.31205593 0.50256486],0,-1,-1,1,-1
14971,[0.35437664 0.1183557 ],1,-1,-1,0,0
14972,[0.90502969 0.74117379],2,-1,-1,1,-1
14973,[0.6527886  0.62213432],3,3,"[0.6601234827680622, 0.6109507568947781]",1,7
14974,[0.37542455 0.13959833],1,-1,-1,0,0
14975,[0.35202846 0.16950554],1,2,"[0.294379027732062, 0.1921773781634303]",0,0
14976,[0.43485224 0.64996991],0,-1,-1,1,-1
14977,[0.36969896 0.52686645],0,1,"[0.37965276877051146, 0.575157747726818]",1,-1
14978,[0.71284014 0.59695866],3,3,"[0.6601234827680622, 0.6109507568947781]",1,-1
14979,[0.33159144 0.14881468],1,2,"[0.294379027732062, 0.1921773781634303]",0,0
14980,[0.64254512 0.5258364 ],3,-1,-1,1,-1
14981,[0.65765284 0.65112197],3,3,"[0.6601234827680622, 0.6109507568947781]",1,-1
14982,[0.77187787 0.70504659],2,0,"[0.7890750777399501, 0.6799557517006445]",1,-1
14983,[0.75393438 0.64267421],3,0,"[0.7890750777399501, 0.6799557517006445]",1,-1
14984,[0.63220975 0.67112398],3,3,"[0.6601234827680622, 0.6109507568947781]",1,-1
14985,[0.88736046 0.68553177],2,-1,-1,1,-1
14986,[0.68421128 0.66343918],2,3,"[0.6601234827680622, 0.6109507568947781]",1,-1
14987,[0.73098429 0.60276231],3,-1,-1,1,-1
14988,[0.34988414 0.12451459],1,-1,-1,0,0
14989,[0.79856009 0.67195217],2,0,"[0.7890750777399501, 0.6799557517006445]",1,-1
14990,[0.75046797 0.77494035],2,-1,-1,1,-1
14991,[0.70948112 0.55269621],3,-1,-1,1,-1
14992,[0.39789422 0.63163348],0,1,"[0.37965276877051146, 0.575157747726818]",1,-1
14993,[0.82800586 0.74726222],2,-1,-1,1,-1
14994,[0.67501194 0.53799979],3,-1,-1,1,-1
14995,[0.43475567 0.51435474],0,-1,-1,1,-1
14996,[0.73026264 0.77868161],2,-1,-1,1,-1
14997,[0.37232679 0.55490714],0,1,"[0.37965276877051146, 0.575157747726818]",1,-1
14998,[0.35109671 0.5859707 ],0,1,"[0.37965276877051146, 0.575157747726818]",1,-1
14999,[0.65724767 0.65207364],3,3,"[0.6601234827680622, 0.6109507568947781]",1,-1
15000,[0.78519004 0.63824354],2,0,"[0.7890750777399501, 0.6799557517006445]",1,-1
15001,[0.82947988 0.70252763],2,0,"[0.7890750777399501, 0.6799557517006445]",1,-1
15002,[0.31754728 0.16219113],1,2,"[0.294379027732062, 0.1921773781634303]",0,0
15003,[0.81084711 0.67364179],2,0,"[0.7890750777399501, 0.6799557517006445]",1,-1
15004,[0.23959382 0.16559736],1,2,"[0.294379027732062, 0.1921773781634303]",0,0
15005,[0.53198094 0.60170279],3,-1,-1,1,-1
15006,[0.42004115 0.46955899],0,-1,-1,1,-1
15007,[0.76199425 0.6933868 ],2,0,"[0.7890750777399501, 0.6799557517006445]",1,-1
15008,[0.67686798 0.61676212],3,3,"[0.6601234827680622, 0.6109507568947781]",1,-1
15009,[0.37925038 0.17590989],1,-1,-1,0,0
15010,[0.50056215 0.58992562],0,-1,-1,1,-1
15011,[0.31564072 0.54537971],0,-1,-1,1,-1
15012,[0.71000868 0.58095893],2,3,"[0.6601234827680622, 0.6109507568947781]",1,-1
15013,[0.37047924 0.60953376],0,1,"[0.37965276877051146, 0.575157747726818]",1,-1
15014,[0.68582629 0.51269258],3,-1,-1,1,-1
15015,[0.81301769 0.67556211],2,0,"[0.7890750777399501, 0.6799557517006445]",1,-1
15016,[0.16309682 0.10039188],1,-1,-1,0,0
15017,[0.86419278 0.71592457],2,-1,-1,1,-1
15018,[0.22038429 0.27381716],1,-1,-1,0,0
15019,[0.3631583  0.11473669],1,-1,-1,0,0
15020,[0.63381637 0.62206798],3,3,"[0.6601234827680622, 0.6109507568947781]",1,6
15021,[0.82810622 0.70700111],2,0,"[0.7890750777399501, 0.6799557517006445]",1,-1
15022,[0.86224388 0.52455312],2,-1,-1,1,-1
15023,[0.34806161 0.50503498],0,-1,-1,1,-1
15024,[0.36874293 0.22022619],1,-1,-1,0,0
15025,[0.67766921 0.61204962],3,3,"[0.6601234827680622, 0.6109507568947781]",1,-1
15026,[0.32107637 0.18369893],1,2,"[0.294379027732062, 0.1921773781634303]",0,0
15027,[0.35055371 0.50041379],0,-1,-1,1,-1
15028,[0.30863953 0.16161976],1,2,"[0.294379027732062, 0.1921773781634303]",0,0
15029,[0.34922773 0.54526381],0,1,"[0.37965276877051146, 0.575157747726818]",1,-1
15030,[0.79271416 0.64689521],2,0,"[0.7890750777399501, 0.6799557517006445]",1,-1
15031,[0.27862332 0.10274853],1,-1,-1,0,0
15032,[0.8723305  0.70266088],2,-1,-1,1,-1
15033,[0.44137613 0.58742919],0,1,"[0.37965276877051146, 0.575157747726818]",1,-1
15034,[0.44569752 0.55138744],0,-1,-1,1,-1
15035,[0.6340802  0.55354756],3,3,"[0.6601234827680622, 0.6109507568947781]",1,-1
15036,[0.36954487 0.31550079],1,-1,-1,0,0
15037,[0.71836846 0.74189627],2,-1,-1,1,-1
15038,[0.41476034 0.60199944],0,1,"[0.37965276877051146, 0.575157747726818]",1,-1
15039,[0.30780704 0.21625185],1,2,"[0.294379027732062, 0.1921773781634303]",0,0
15040,[0.71736003 0.6507655 ],3,3,"[0.6601234827680622, 0.6109507568947781]",1,-1
15041,[0.42417345 0.64568881],0,-1,-1,1,-1
15042,[0.65989204 0.45556923],3,-1,-1,1,-1
15043,[0.34582866 0.14213761],1,-1,-1,0,0
15044,[0.87872866 0.73374917],2,-1,-1,1,-1
15045,[0.40764335 0.55480579],0,1,"[0.37965276877051146, 0.575157747726818]",1,-1
15046,[0.65760547 0.68303291],3,-1,-1,1,-1
15047,[0.7785614 0.6433036],2,0,"[0.7890750777399501, 0.6799557517006445]",1,-1
15048,[0.28323359 0.17378877],1,2,"[0.294379027732062, 0.1921773781634303]",0,0
15049,[0.79037296 0.65421776],3,0,"[0.7890750777399501, 0.6799557517006445]",1,-1
15050,[0.32972961 0.11106464],1,-1,-1,0,0
15051,[0.33537091 0.27279327],1,-1,-1,0,0
15052,[0.32287894 0.5024203 ],0,-1,-1,1,-1
15053,[0.46633179 0.55549638],0,-1,-1,1,-1
15054,[0.43107073 0.50615831],0,-1,-1,1,-1
15055,[0.69590017 0.61357219],3,3,"[0.6601234827680622, 0.6109507568947781]",1,-1
15056,[0.46999681 0.55636311],0,-1,-1,1,-1
15057,[0.32619198 0.2195323 ],1,2,"[0.294379027732062, 0.1921773781634303]",0,0
15058,[0.66266183 0.60279154],3,3,"[0.6601234827680622, 0.6109507568947781]",1,-1
15059,[0.31547448 0.29177348],1,-1,-1,0,0
15060,[0.61570606 0.59996169],3,3,"[0.6601234827680622, 0.6109507568947781]",1,-1
15061,[0.8225839 0.6772885],2,0,"[0.7890750777399501, 0.6799557517006445]",1,-1
15062,[0.33205638 0.11219465],1,-1,-1,0,0
15063,[0.35731429 0.61096353],0,1,"[0.37965276877051146, 0.575157747726818]",1,-1
15064,[0.70738953 0.60828102],3,3,"[0.6601234827680622, 0.6109507568947781]",1,-1
15065,[0.80367374 0.7384677 ],2,0,"[0.7890750777399501, 0.6799557517006445]",1,-1
15066,[0.31304337 0.67611081],0,-1,-1,1,-1
15067,[0.35202074 0.55761322],0,1,"[0.37965276877051146, 0.575157747726818]",1,-1
15068,[0.42305548 0.55603744],0,1,"[0.37965276877051146, 0.575157747726818]",1,-1
15069,[0.289919   0.26382995],1,-1,-1,0,0
15070,[0.71650705 0.70933531],2,-1,-1,1,-1
15071,[0.7146505  0.75934747],2,-1,-1,1,-1
15072,[0.70173155 0.72569334],3,-1,-1,1,-1
15073,[0.78316721 0.66286119],2,0,"[0.7890750777399501, 0.6799557517006445]",1,-1
15074,[0.7644183  0.60049774],3,-1,-1,1,-1
15075,[0.34505593 0.182181  ],1,2,"[0.294379027732062, 0.1921773781634303]",0,0
15076,[0.90341051 0.69874403],2,-1,-1,1,-1
15077,[0.35500214 0.69123431],0,-1,-1,1,-1
15078,[0.67172346 0.5937455 ],3,3,"[0.6601234827680622, 0.6109507568947781]",1,-1
15079,[0.42629227 0.64214786],0,-1,-1,1,-1
15080,[0.40460775 0.46967695],0,-1,-1,1,-1
15081,[0.80630116 0.67949042],2,0,"[0.7890750777399501, 0.6799557517006445]",1,-1
15082,[0.77412538 0.65218019],2,0,"[0.7890750777399501, 0.6799557517006445]",1,3
15083,[0.27087841 0.25901985],1,-1,-1,0,0
15084,[0.35084775 0.22219943],1,2,"[0.294379027732062, 0.1921773781634303]",0,0
15085,[0.5956372  0.51919677],3,-1,-1,1,-1
15086,[0.76336988 0.64570063],2,0,"[0.7890750777399501, 0.6799557517006445]",1,-1
15087,[0.34537597 0.22596774],1,2,"[0.294379027732062, 0.1921773781634303]",0,0
15088,[0.62636851 0.53751688],3,-1,-1,1,-1
15089,[0.80580049 0.58750797],2,-1,-1,1,-1
15090,[0.37975584 0.53270998],0,1,"[0.37965276877051146, 0.575157747726818]",1,-1
15091,[0.29506651 0.59865764],0,-1,-1,1,-1
15092,[0.63479139 0.6602165 ],3,3,"[0.6601234827680622, 0.6109507568947781]",1,-1
15093,[0.78389548 0.73065226],2,0,"[0.7890750777399501, 0.6799557517006445]",1,-1
15094,[0.24461044 0.26317017],1,-1,-1,0,0
15095,[0.71477093 0.66489119],3,-1,-1,1,-1
15096,[0.619409   0.67744203],3,-1,-1,1,-1
15097,[0.33671918 0.15531944],1,2,"[0.294379027732062, 0.1921773781634303]",0,0
15098,[0.3277104 0.1391653],1,2,"[0.294379027732062, 0.1921773781634303]",0,0
15099,[0.38148251 0.58066891],0,1,"[0.37965276877051146, 0.575157747726818]",1,-1
15100,[0.37097461 0.47033655],0,-1,-1,1,-1
15101,[0.30614556 0.26041548],1,2,"[0.294379027732062, 0.1921773781634303]",0,0
15102,[0.2800138  0.15856174],1,2,"[0.294379027732062, 0.1921773781634303]",0,0
15103,[0.48412724 0.47630889],0,-1,-1,1,-1
15104,[0.79206484 0.71045844],2,0,"[0.7890750777399501, 0.6799557517006445]",1,-1
15105,[0.38399847 0.66844594],0,-1,-1,1,-1
15106,[0.79476872 0.60505215],2,-1,-1,1,-1
15107,[0.25239825 0.20984422],1,2,"[0.294379027732062, 0.1921773781634303]",0,0
15108,[0.77378109 0.57645052],3,-1,-1,1,-1
15109,[0.4161192  0.56563112],0,1,"[0.37965276877051146, 0.575157747726818]",1,-1
15110,[0.67523505 0.66594482],3,3,"[0.6601234827680622, 0.6109507568947781]",1,-1
15111,[0.71405378 0.628999  ],3,3,"[0.6601234827680622, 0.6109507568947781]",1,-1
15112,[0.39333449 0.49434556],0,-1,-1,1,-1
15113,[0.67687597 0.61768681],3,3,"[0.6601234827680622, 0.6109507568947781]",1,-1
15114,[0.35423042 0.53557128],0,1,"[0.37965276877051146, 0.575157747726818]",1,-1
15115,[0.30847191 0.59280144],0,-1,-1,1,-1
15116,[0.1974954  0.21101508],1,-1,-1,0,0
15117,[0.34656225 0.52974879],0,1,"[0.37965276877051146, 0.575157747726818]",1,-1
15118,[0.35158332 0.53353896],0,1,"[0.37965276877051146, 0.575157747726818]",1,-1
15119,[0.72994809 0.79432806],2,-1,-1,1,-1
15120,[0.30875428 0.24776438],1,2,"[0.294379027732062, 0.1921773781634303]",0,0
15121,[0.69924688 0.60628431],3,3,"[0.6601234827680622, 0.6109507568947781]",1,-1
15122,[0.29203792 0.18820286],1,2,"[0.294379027732062, 0.1921773781634303]",0,0
15123,[0.72800416 0.60864157],3,3,"[0.6601234827680622, 0.6109507568947781]",1,-1
15124,[0.71662601 0.68179286],3,-1,-1,1,-1
15125,[0.82641827 0.66666708],2,0,"[0.7890750777399501, 0.6799557517006445]",1,-1
15126,[0.81578222 0.71392876],2,0,"[0.7890750777399501, 0.6799557517006445]",1,-1
15127,[0.77065495 0.72514481],2,0,"[0.7890750777399501, 0.6799557517006445]",1,-1
15128,[0.76228967 0.68277924],2,0,"[0.7890750777399501, 0.6799557517006445]",1,-1
15129,[0.73753462 0.78832361],2,-1,-1,1,-1
15130,[0.19473812 0.138808  ],1,-1,-1,0,0
15131,[0.58741893 0.60818955],3,-1,-1,1,-1
15132,[0.69030441 0.66581858],3,3,"[0.6601234827680622, 0.6109507568947781]",1,-1
15133,[0.27757094 0.2348272 ],1,2,"[0.294379027732062, 0.1921773781634303]",0,0
15134,[0.87077086 0.61984834],2,-1,-1,1,-1
15135,[0.81111123 0.72635171],2,0,"[0.7890750777399501, 0.6799557517006445]",1,-1
15136,[0.63545205 0.60140623],3,3,"[0.6601234827680622, 0.6109507568947781]",1,-1
15137,[0.35079821 0.23614993],1,-1,-1,0,0
15138,[0.76926572 0.7142609 ],2,0,"[0.7890750777399501, 0.6799557517006445]",1,-1
15139,[0.32541153 0.23323247],1,2,"[0.294379027732062, 0.1921773781634303]",0,0
15140,[0.3091291  0.17430848],1,2,"[0.294379027732062, 0.1921773781634303]",0,0
15141,[0.38458704 0.52701269],0,1,"[0.37965276877051146, 0.575157747726818]",1,-1
15142,[0.78006649 0.66789338],2,0,"[0.7890750777399501, 0.6799557517006445]",1,3
15143,[0.66747349 0.61010555],3,3,"[0.6601234827680622, 0.6109507568947781]",1,-1
15144,[0.32293486 0.15146718],1,2,"[0.294379027732062, 0.1921773781634303]",0,0
15145,[0.60692246 0.66141287],3,-1,-1,1,-1
15146,[0.75366337 0.63197412],2,0,"[0.7890750777399501, 0.6799557517006445]",1,-1
15147,[0.36258281 0.5993672 ],0,1,"[0.37965276877051146, 0.575157747726818]",1,-1
15148,[0.34862108 0.50260318],0,-1,-1,1,-1
15149,[0.85306137 0.68745464],2,0,"[0.7890750777399501, 0.6799557517006445]",1,-1
15150,[0.33776479 0.58742281],0,1,"[0.37965276877051146, 0.575157747726818]",1,-1
15151,[0.25015393 0.17662822],1,2,"[0.294379027732062, 0.1921773781634303]",0,0
15152,[0.29539407 0.15758887],1,2,"[0.294379027732062, 0.1921773781634303]",0,0
15153,[0.77659779 0.70439168],2,0,"[0.7890750777399501, 0.6799557517006445]",1,-1
15154,[0.76882027 0.65021576],2,0,"[0.7890750777399501, 0.6799557517006445]",1,-1
15155,[0.82650252 0.73615592],2,0,"[0.7890750777399501, 0.6799557517006445]",1,-1
15156,[0.6262637 0.5607236],3,3,"[0.6601234827680622, 0.6109507568947781]",1,-1
15157,[0.65164715 0.61767016],3,3,"[0.6601234827680622, 0.6109507568947781]",1,-1
15158,[0.20610153 0.2468703 ],1,-1,-1,0,0
15159,[0.64049182 0.58010051],3,3,"[0.6601234827680622, 0.6109507568947781]",1,-1
15160,[0.82875023 0.69066399],2,0,"[0.7890750777399501, 0.6799557517006445]",1,-1
15161,[0.38011334 0.55076967],0,1,"[0.37965276877051146, 0.575157747726818]",1,-1
15162,[0.64562077 0.54167774],3,-1,-1,1,-1
15163,[0.81642268 0.6291257 ],2,0,"[0.7890750777399501, 0.6799557517006445]",1,-1
15164,[0.74554552 0.59670441],3,-1,-1,1,-1
15165,[0.34986568 0.58035587],0,1,"[0.37965276877051146, 0.575157747726818]",1,-1
15166,[0.72475794 0.60206803],3,3,"[0.6601234827680622, 0.6109507568947781]",1,-1
15167,[0.81753198 0.75335513],2,-1,-1,1,-1
15168,[0.7218396  0.66703218],2,0,"[0.7890750777399501, 0.6799557517006445]",1,-1
15169,[0.29439167 0.60356017],0,-1,-1,1,-1
15170,[0.30619383 0.26052605],1,2,"[0.294379027732062, 0.1921773781634303]",0,0
15171,[0.25395219 0.11912956],1,-1,-1,0,0
15172,[0.686684  0.6554627],3,3,"[0.6601234827680622, 0.6109507568947781]",1,-1
15173,[0.33003999 0.60022851],0,1,"[0.37965276877051146, 0.575157747726818]",1,-1
15174,[0.83746522 0.58053313],2,-1,-1,1,-1
15175,[0.81242551 0.70778788],2,0,"[0.7890750777399501, 0.6799557517006445]",1,-1
15176,[0.36573589 0.61067697],0,1,"[0.37965276877051146, 0.575157747726818]",1,-1
15177,[0.63371578 0.58756579],3,3,"[0.6601234827680622, 0.6109507568947781]",1,-1
15178,[0.75677085 0.64983662],2,0,"[0.7890750777399501, 0.6799557517006445]",1,-1
15179,[0.68306489 0.57085902],3,3,"[0.6601234827680622, 0.6109507568947781]",1,-1
15180,[0.26169644 0.30208423],1,-1,-1,0,0
15181,[0.65124124 0.58700101],3,3,"[0.6601234827680622, 0.6109507568947781]",1,-1
15182,[0.45338716 0.50862242],0,-1,-1,1,-1
15183,[0.80691663 0.64901022],2,0,"[0.7890750777399501, 0.6799557517006445]",1,-1
15184,[0.62225453 0.63035612],3,3,"[0.6601234827680622, 0.6109507568947781]",1,-1
15185,[0.67383649 0.55409485],2,3,"[0.6601234827680622, 0.6109507568947781]",1,-1
15186,[0.26963133 0.11822105],1,-1,-1,0,0
15187,[0.39658656 0.59236596],0,1,"[0.37965276877051146, 0.575157747726818]",1,-1
15188,[0.77219486 0.79056581],2,-1,-1,1,-1
15189,[0.30480185 0.20631961],1,2,"[0.294379027732062, 0.1921773781634303]",0,0
15190,[0.64774102 0.61142891],3,3,"[0.6601234827680622, 0.6109507568947781]",1,-1
15191,[0.25372017 0.21278014],1,2,"[0.294379027732062, 0.1921773781634303]",0,0
15192,[0.75113234 0.67763293],2,0,"[0.7890750777399501, 0.6799557517006445]",1,-1
15193,[0.38925829 0.61041896],0,1,"[0.37965276877051146, 0.575157747726818]",1,-1
15194,[0.83420263 0.73003078],2,0,"[0.7890750777399501, 0.6799557517006445]",1,-1
15195,[0.88157174 0.73576933],2,-1,-1,1,-1
15196,[0.24559316 0.20785492],1,2,"[0.294379027732062, 0.1921773781634303]",0,0
15197,[0.69573039 0.71331779],3,-1,-1,1,-1
15198,[0.66085388 0.55994565],3,3,"[0.6601234827680622, 0.6109507568947781]",1,-1
15199,[0.38762477 0.60162451],0,1,"[0.37965276877051146, 0.575157747726818]",1,-1
15200,[0.31501746 0.25131533],1,2,"[0.294379027732062, 0.1921773781634303]",0,0
15201,[0.31278522 0.21186988],1,2,"[0.294379027732062, 0.1921773781634303]",0,0
15202,[0.42583314 0.51388411],0,-1,-1,1,-1
15203,[0.20634081 0.25849119],1,-1,-1,0,0
15204,[0.81606878 0.63017909],2,0,"[0.7890750777399501, 0.6799557517006445]",1,-1
15205,[0.60561499 0.60525869],3,3,"[0.6601234827680622, 0.6109507568947781]",1,-1
15206,[0.25238541 0.21379511],1,2,"[0.294379027732062, 0.1921773781634303]",0,0
15207,[0.81669855 0.6620684 ],2,0,"[0.7890750777399501, 0.6799557517006445]",1,-1
15208,[0.63418989 0.60999218],3,3,"[0.6601234827680622, 0.6109507568947781]",1,-1
15209,[0.8381354  0.63435455],2,0,"[0.7890750777399501, 0.6799557517006445]",1,-1
15210,[0.17297694 0.28927918],1,-1,-1,0,0
15211,[0.26405795 0.1444265 ],1,2,"[0.294379027732062, 0.1921773781634303]",0,0
15212,[0.80855664 0.65636875],2,0,"[0.7890750777399501, 0.6799557517006445]",1,-1
15213,[0.70419784 0.67096268],3,-1,-1,1,-1
15214,[0.52369234 0.58787717],3,-1,-1,1,-1
15215,[0.28805313 0.16642175],1,2,"[0.294379027732062, 0.1921773781634303]",0,0
15216,[0.35285542 0.58396532],0,1,"[0.37965276877051146, 0.575157747726818]",1,-1
15217,[0.39258054 0.59152891],0,1,"[0.37965276877051146, 0.575157747726818]",1,-1
15218,[0.35771353 0.61235947],0,1,"[0.37965276877051146, 0.575157747726818]",1,-1
15219,[0.22621861 0.17606339],1,-1,-1,0,0
15220,[0.32991477 0.48736767],0,-1,-1,1,-1
15221,[0.3305509  0.17788002],1,2,"[0.294379027732062, 0.1921773781634303]",0,0
15222,[0.41496862 0.46947269],0,-1,-1,1,-1
15223,[0.21060187 0.22453412],1,-1,-1,0,0
15224,[0.23665115 0.20765237],1,2,"[0.294379027732062, 0.1921773781634303]",0,0
15225,[0.85111712 0.69262287],2,0,"[0.7890750777399501, 0.6799557517006445]",1,-1
15226,[0.37865047 0.67656677],0,-1,-1,1,-1
15227,[0.37558594 0.12839166],1,-1,-1,0,0
15228,[0.3167075 0.1956324],1,2,"[0.294379027732062, 0.1921773781634303]",0,0
15229,[0.77476995 0.67457567],2,0,"[0.7890750777399501, 0.6799557517006445]",1,-1
15230,[0.37533554 0.68422824],0,-1,-1,1,-1
15231,[0.30499069 0.18706084],1,2,"[0.294379027732062, 0.1921773781634303]",0,0
15232,[0.67583861 0.66939424],3,3,"[0.6601234827680622, 0.6109507568947781]",1,-1
15233,[0.70461992 0.66522143],3,-1,-1,1,-1
15234,[0.78333778 0.6307431 ],2,0,"[0.7890750777399501, 0.6799557517006445]",1,-1
15235,[0.67226408 0.56665207],3,3,"[0.6601234827680622, 0.6109507568947781]",1,-1
15236,[0.67635996 0.63514708],3,3,"[0.6601234827680622, 0.6109507568947781]",1,-1
15237,[0.26066776 0.14871176],1,2,"[0.294379027732062, 0.1921773781634303]",0,0
15238,[0.33836001 0.29702138],1,-1,-1,0,0
15239,[0.33666533 0.15954587],1,2,"[0.294379027732062, 0.1921773781634303]",0,0
15240,[0.34580183 0.58998013],0,1,"[0.37965276877051146, 0.575157747726818]",1,-1
15241,[0.58531336 0.56165529],3,-1,-1,1,-1
15242,[0.68703093 0.59366171],3,3,"[0.6601234827680622, 0.6109507568947781]",1,-1
15243,[0.33973293 0.2287127 ],1,2,"[0.294379027732062, 0.1921773781634303]",0,0
15244,[0.82217317 0.73987753],2,0,"[0.7890750777399501, 0.6799557517006445]",1,-1
15245,[0.36848774 0.56264393],0,1,"[0.37965276877051146, 0.575157747726818]",1,1
15246,[0.45849885 0.50248391],0,-1,-1,1,-1
15247,[0.60620653 0.57679496],3,3,"[0.6601234827680622, 0.6109507568947781]",1,-1
15248,[0.22398582 0.19878672],1,-1,-1,0,0
15249,[0.38721802 0.52992628],0,1,"[0.37965276877051146, 0.575157747726818]",1,-1
15250,[0.63239214 0.66786302],3,3,"[0.6601234827680622, 0.6109507568947781]",1,-1
15251,[0.6434581  0.64489169],3,3,"[0.6601234827680622, 0.6109507568947781]",1,-1
15252,[0.3978955  0.51828138],0,1,"[0.37965276877051146, 0.575157747726818]",1,-1
15253,[0.36606952 0.49680197],0,-1,-1,1,-1
15254,[0.32184912 0.15747716],1,2,"[0.294379027732062, 0.1921773781634303]",0,0
15255,[0.41510959 0.6039344 ],0,1,"[0.37965276877051146, 0.575157747726818]",1,-1
15256,[0.79435107 0.71514146],2,0,"[0.7890750777399501, 0.6799557517006445]",1,-1
15257,[0.36035904 0.60569472],0,1,"[0.37965276877051146, 0.575157747726818]",1,-1
15258,[0.72630142 0.57216514],3,-1,-1,1,-1
15259,[0.38877048 0.22967532],1,-1,-1,0,0
15260,[0.60433635 0.63924796],3,3,"[0.6601234827680622, 0.6109507568947781]",1,-1
15261,[0.64044506 0.63774328],3,3,"[0.6601234827680622, 0.6109507568947781]",1,-1
15262,[0.37239311 0.58977338],0,1,"[0.37965276877051146, 0.575157747726818]",1,-1
15263,[0.60379572 0.60845278],3,3,"[0.6601234827680622, 0.6109507568947781]",1,-1
15264,[0.81428858 0.73114064],2,0,"[0.7890750777399501, 0.6799557517006445]",1,-1
15265,[0.57704298 0.68607861],3,-1,-1,1,-1
15266,[0.76786563 0.68615759],2,0,"[0.7890750777399501, 0.6799557517006445]",1,-1
15267,[0.80715572 0.68605497],2,0,"[0.7890750777399501, 0.6799557517006445]",1,-1
15268,[0.33843288 0.56556261],0,1,"[0.37965276877051146, 0.575157747726818]",1,-1
15269,[0.67221936 0.63282268],3,3,"[0.6601234827680622, 0.6109507568947781]",1,-1
15270,[0.71856635 0.63333569],3,3,"[0.6601234827680622, 0.6109507568947781]",1,-1
15271,[0.6913588  0.68001622],3,-1,-1,1,-1
15272,[0.35097459 0.24008473],1,-1,-1,0,0
15273,[0.71483557 0.54226254],3,-1,-1,1,-1
15274,[0.3082201  0.17809941],1,2,"[0.294379027732062, 0.1921773781634303]",0,0
15275,[0.73696573 0.66593483],2,0,"[0.7890750777399501, 0.6799557517006445]",1,-1
15276,[0.76567882 0.72600233],2,0,"[0.7890750777399501, 0.6799557517006445]",1,-1
15277,[0.31702633 0.49712499],0,-1,-1,1,-1
15278,[0.74774449 0.69362069],2,0,"[0.7890750777399501, 0.6799557517006445]",1,-1
15279,[0.39583559 0.57539064],0,1,"[0.37965276877051146, 0.575157747726818]",1,-1
15280,[0.86714871 0.71587883],2,-1,-1,1,-1
15281,[0.3379303  0.18603843],1,2,"[0.294379027732062, 0.1921773781634303]",0,0
15282,[0.59045639 0.55484191],3,-1,-1,1,-1
15283,[0.63238539 0.57230031],3,3,"[0.6601234827680622, 0.6109507568947781]",1,-1
15284,[0.75490141 0.71737759],2,0,"[0.7890750777399501, 0.6799557517006445]",1,-1
15285,[0.77305541 0.5807807 ],2,-1,-1,1,-1
15286,[0.63872473 0.54602957],3,3,"[0.6601234827680622, 0.6109507568947781]",1,-1
15287,[0.71535581 0.47010462],3,-1,-1,1,-1
15288,[0.3905147  0.62299204],0,1,"[0.37965276877051146, 0.575157747726818]",1,-1
15289,[0.80924515 0.71940493],2,0,"[0.7890750777399501, 0.6799557517006445]",1,-1
15290,[0.81336293 0.61530774],2,0,"[0.7890750777399501, 0.6799557517006445]",1,-1
15291,[0.5639803  0.62801297],3,-1,-1,1,-1
15292,[0.40367647 0.70897282],0,-1,-1,1,-1
15293,[0.59588367 0.5233543 ],3,-1,-1,1,-1
15294,[0.62318748 0.63202022],3,3,"[0.6601234827680622, 0.6109507568947781]",1,-1
15295,[0.83985972 0.65875627],2,0,"[0.7890750777399501, 0.6799557517006445]",1,-1
15296,[0.2238656  0.19689868],1,-1,-1,0,0
15297,[0.23615291 0.18935478],1,2,"[0.294379027732062, 0.1921773781634303]",0,0
15298,[0.3841521  0.59874831],0,1,"[0.37965276877051146, 0.575157747726818]",1,-1
15299,[0.45713273 0.60465872],0,-1,-1,1,-1
15300,[0.36824837 0.49248332],0,-1,-1,1,-1
15301,[0.37658706 0.65291892],0,-1,-1,1,-1
15302,[0.38746895 0.61157102],0,1,"[0.37965276877051146, 0.575157747726818]",1,-1
15303,[0.72573482 0.61846101],3,3,"[0.6601234827680622, 0.6109507568947781]",1,-1
15304,[0.28339856 0.26454897],1,-1,-1,0,0
15305,[0.38620617 0.68002475],0,-1,-1,1,-1
15306,[0.35821597 0.2070623 ],1,2,"[0.294379027732062, 0.1921773781634303]",0,0
15307,[0.43679332 0.55981883],0,1,"[0.37965276877051146, 0.575157747726818]",1,-1
15308,[0.72288154 0.60552507],3,3,"[0.6601234827680622, 0.6109507568947781]",1,-1
15309,[0.201821   0.19959596],1,-1,-1,0,0
15310,[0.69831885 0.61597421],2,3,"[0.6601234827680622, 0.6109507568947781]",1,-1
15311,[0.76568518 0.66552613],2,0,"[0.7890750777399501, 0.6799557517006445]",1,-1
15312,[0.35693985 0.26550098],1,-1,-1,0,0
15313,[0.84203466 0.6819872 ],2,0,"[0.7890750777399501, 0.6799557517006445]",1,-1
15314,[0.29582848 0.53583008],0,-1,-1,1,-1
15315,[0.41818133 0.54481953],0,1,"[0.37965276877051146, 0.575157747726818]",1,-1
15316,[0.33985856 0.5009114 ],0,-1,-1,1,-1
15317,[0.82621254 0.77033448],2,-1,-1,1,-1
15318,[0.34216888 0.2000287 ],1,2,"[0.294379027732062, 0.1921773781634303]",0,0
15319,[0.31248509 0.19562597],1,2,"[0.294379027732062, 0.1921773781634303]",0,0
15320,[0.86930287 0.82162195],2,-1,-1,1,-1
15321,[0.25721181 0.15179604],1,2,"[0.294379027732062, 0.1921773781634303]",0,0
15322,[0.79464011 0.68801046],2,0,"[0.7890750777399501, 0.6799557517006445]",1,-1
15323,[0.76560493 0.69134535],2,0,"[0.7890750777399501, 0.6799557517006445]",1,-1
15324,[0.37194644 0.50877109],0,1,"[0.37965276877051146, 0.575157747726818]",1,-1
15325,[0.1847624  0.17617725],1,-1,-1,0,0
15326,[0.7961581  0.65335251],2,0,"[0.7890750777399501, 0.6799557517006445]",1,-1
15327,[0.67272979 0.53408361],3,-1,-1,1,-1
15328,[0.34705823 0.66158883],0,-1,-1,1,-1
15329,[0.32417719 0.65483307],0,-1,-1,1,-1
15330,[0.65215133 0.68478686],3,-1,-1,1,-1
15331,[0.36156732 0.24002695],1,-1,-1,0,0
15332,[0.28450807 0.18732636],1,2,"[0.294379027732062, 0.1921773781634303]",0,0
15333,[0.3454913  0.28637312],1,-1,-1,0,0
15334,[0.40715128 0.60436284],0,1,"[0.37965276877051146, 0.575157747726818]",1,-1
15335,[0.27669041 0.14335521],1,2,"[0.294379027732062, 0.1921773781634303]",0,0
15336,[0.27418787 0.22408485],1,2,"[0.294379027732062, 0.1921773781634303]",0,0
15337,[0.31360886 0.11460758],1,-1,-1,0,0
15338,[0.83348827 0.60351768],2,-1,-1,1,-1
15339,[0.56880413 0.57951074],3,-1,-1,1,-1
15340,[0.36478967 0.53047644],0,1,"[0.37965276877051146, 0.575157747726818]",1,-1
15341,[0.67453311 0.66931078],2,3,"[0.6601234827680622, 0.6109507568947781]",1,-1
15342,[0.28161687 0.1435767 ],1,2,"[0.294379027732062, 0.1921773781634303]",0,0
15343,[0.38425249 0.5807738 ],0,1,"[0.37965276877051146, 0.575157747726818]",1,-1
15344,[0.63180566 0.55954512],3,3,"[0.6601234827680622, 0.6109507568947781]",1,-1
15345,[0.44549211 0.49078649],0,-1,-1,1,-1
15346,[0.74913197 0.68277789],2,0,"[0.7890750777399501, 0.6799557517006445]",1,-1
15347,[0.719514   0.53259756],3,-1,-1,1,-1
15348,[0.61466341 0.68761856],3,-1,-1,1,-1
15349,[0.7799109  0.60717072],2,-1,-1,1,-1
15350,[0.39029911 0.49914732],0,-1,-1,1,-1
15351,[0.75812536 0.76219315],2,-1,-1,1,-1
15352,[0.34942207 0.14574792],1,-1,-1,0,0
15353,[0.67355184 0.6352447 ],3,3,"[0.6601234827680622, 0.6109507568947781]",1,-1
15354,[0.73036504 0.62773416],2,-1,-1,1,-1
15355,[0.20942672 0.22017498],1,-1,-1,0,0
15356,[0.79708622 0.72850861],2,0,"[0.7890750777399501, 0.6799557517006445]",1,-1
15357,[0.69375599 0.5370086 ],3,-1,-1,1,-1
15358,[0.70671121 0.6081122 ],3,3,"[0.6601234827680622, 0.6109507568947781]",1,-1
15359,[0.42074738 0.56245227],0,1,"[0.37965276877051146, 0.575157747726818]",1,-1
15360,[0.6418535  0.60836359],2,3,"[0.6601234827680622, 0.6109507568947781]",1,-1
15361,[0.40574863 0.60906956],0,1,"[0.37965276877051146, 0.575157747726818]",1,-1
15362,[0.35192146 0.58216399],0,1,"[0.37965276877051146, 0.575157747726818]",1,-1
15363,[0.21948612 0.17785219],1,-1,-1,0,0
15364,[0.2616302  0.15615526],1,2,"[0.294379027732062, 0.1921773781634303]",0,0
15365,[0.64719264 0.56612676],3,3,"[0.6601234827680622, 0.6109507568947781]",1,-1
15366,[0.73884552 0.67461057],2,0,"[0.7890750777399501, 0.6799557517006445]",1,-1
15367,[0.31688747 0.60678788],0,-1,-1,1,-1
15368,[0.29639021 0.21139475],1,2,"[0.294379027732062, 0.1921773781634303]",0,0
15369,[0.3947149  0.28360953],1,-1,-1,0,0
15370,[0.7141567  0.60376416],3,3,"[0.6601234827680622, 0.6109507568947781]",1,-1
15371,[0.44118639 0.58888745],0,1,"[0.37965276877051146, 0.575157747726818]",1,-1
15372,[0.48097187 0.54404994],0,-1,-1,1,-1
15373,[0.25223261 0.25251406],1,-1,-1,0,0
15374,[0.70447614 0.66490967],3,3,"[0.6601234827680622, 0.6109507568947781]",1,-1
15375,[0.85969488 0.68883776],2,-1,-1,1,-1
15376,[0.79379761 0.6458227 ],2,0,"[0.7890750777399501, 0.6799557517006445]",1,-1
15377,[0.73753992 0.67123549],2,0,"[0.7890750777399501, 0.6799557517006445]",1,-1
15378,[0.27005348 0.13671437],1,2,"[0.294379027732062, 0.1921773781634303]",0,0
15379,[0.77943416 0.73247219],2,0,"[0.7890750777399501, 0.6799557517006445]",1,-1
15380,[0.29143213 0.55357314],0,-1,-1,1,-1
15381,[0.66309299 0.53560589],3,-1,-1,1,-1
15382,[0.69019871 0.62735338],3,3,"[0.6601234827680622, 0.6109507568947781]",1,7
15383,[0.82394634 0.70001626],2,0,"[0.7890750777399501, 0.6799557517006445]",1,-1
15384,[0.78508704 0.67658172],3,0,"[0.7890750777399501, 0.6799557517006445]",1,4
15385,[0.79293836 0.71859486],2,0,"[0.7890750777399501, 0.6799557517006445]",1,-1
15386,[0.63502438 0.53548823],3,-1,-1,1,-1
15387,[0.29566519 0.15065518],1,2,"[0.294379027732062, 0.1921773781634303]",0,0
15388,[0.7809601  0.70171243],2,0,"[0.7890750777399501, 0.6799557517006445]",1,-1
15389,[0.37788304 0.53514157],0,1,"[0.37965276877051146, 0.575157747726818]",1,-1
15390,[0.7957555  0.67763965],2,0,"[0.7890750777399501, 0.6799557517006445]",1,-1
15391,[0.86108008 0.74360918],2,-1,-1,1,-1
15392,[0.27987881 0.26652488],1,-1,-1,0,0
15393,[0.42648634 0.5695138 ],0,1,"[0.37965276877051146, 0.575157747726818]",1,-1
15394,[0.67386107 0.69350448],3,-1,-1,1,-1
15395,[0.41512775 0.48724229],0,-1,-1,1,-1
15396,[0.62408886 0.57537975],3,3,"[0.6601234827680622, 0.6109507568947781]",1,-1
15397,[0.77235004 0.65677878],2,0,"[0.7890750777399501, 0.6799557517006445]",1,-1
15398,[0.29459209 0.20829178],1,2,"[0.294379027732062, 0.1921773781634303]",0,0
15399,[0.72348517 0.70879155],2,-1,-1,1,-1
15400,[0.60850743 0.59804737],3,3,"[0.6601234827680622, 0.6109507568947781]",1,-1
15401,[0.27444897 0.18891118],1,2,"[0.294379027732062, 0.1921773781634303]",0,0
15402,[0.69262174 0.61504335],3,3,"[0.6601234827680622, 0.6109507568947781]",1,-1
15403,[0.29777096 0.25731327],1,2,"[0.294379027732062, 0.1921773781634303]",0,0
15404,[0.69734546 0.74169179],2,-1,-1,1,-1
15405,[0.34837056 0.55624209],0,1,"[0.37965276877051146, 0.575157747726818]",1,-1
15406,[0.59425017 0.70485854],3,-1,-1,1,-1
15407,[0.75212446 0.62873242],2,0,"[0.7890750777399501, 0.6799557517006445]",1,-1
15408,[0.83760641 0.62513336],2,-1,-1,1,-1
15409,[0.30631399 0.6057974 ],0,-1,-1,1,-1
15410,[0.71470943 0.53467261],3,-1,-1,1,-1
15411,[0.32814928 0.62980318],0,-1,-1,1,-1
15412,[0.67871079 0.54731628],3,3,"[0.6601234827680622, 0.6109507568947781]",1,-1
15413,[0.41059421 0.59397666],0,1,"[0.37965276877051146, 0.575157747726818]",1,-1
15414,[0.67041333 0.61969781],3,3,"[0.6601234827680622, 0.6109507568947781]",1,-1
15415,[0.71724288 0.56234514],3,-1,-1,1,-1
15416,[0.40011555 0.5625666 ],0,1,"[0.37965276877051146, 0.575157747726818]",1,-1
15417,[0.32918021 0.1439163 ],1,2,"[0.294379027732062, 0.1921773781634303]",0,0
15418,[0.77281797 0.69998748],3,0,"[0.7890750777399501, 0.6799557517006445]",1,-1
15419,[0.28883845 0.20841237],1,2,"[0.294379027732062, 0.1921773781634303]",0,0
15420,[0.42279823 0.59862442],0,1,"[0.37965276877051146, 0.575157747726818]",1,-1
15421,[0.37531369 0.53677986],0,1,"[0.37965276877051146, 0.575157747726818]",1,-1
15422,[0.75114523 0.69401362],2,0,"[0.7890750777399501, 0.6799557517006445]",1,-1
15423,[0.34066885 0.56088251],0,1,"[0.37965276877051146, 0.575157747726818]",1,-1
15424,[0.36705001 0.47787154],0,-1,-1,1,-1
15425,[0.83417256 0.63116108],2,0,"[0.7890750777399501, 0.6799557517006445]",1,-1
15426,[0.30027847 0.2453648 ],1,2,"[0.294379027732062, 0.1921773781634303]",0,0
15427,[0.8995183  0.66649781],2,-1,-1,1,-1
15428,[0.697819   0.57619919],3,3,"[0.6601234827680622, 0.6109507568947781]",1,-1
15429,[0.78547056 0.60597826],2,-1,-1,1,-1
15430,[0.78842813 0.6509988 ],2,0,"[0.7890750777399501, 0.6799557517006445]",1,-1
15431,[0.74815931 0.63716498],3,0,"[0.7890750777399501, 0.6799557517006445]",1,-1
15432,[0.30607542 0.16396688],1,2,"[0.294379027732062, 0.1921773781634303]",0,0
15433,[0.35157339 0.53050372],0,1,"[0.37965276877051146, 0.575157747726818]",1,-1
15434,[0.72149917 0.67221729],3,0,"[0.7890750777399501, 0.6799557517006445]",1,-1
15435,[0.23755923 0.18877063],1,2,"[0.294379027732062, 0.1921773781634303]",0,0
15436,[0.65810164 0.66993157],3,3,"[0.6601234827680622, 0.6109507568947781]",1,-1
15437,[0.25053495 0.22521407],1,2,"[0.294379027732062, 0.1921773781634303]",0,0
15438,[0.34958061 0.51716222],0,1,"[0.37965276877051146, 0.575157747726818]",1,-1
15439,[0.23679766 0.59393164],0,-1,-1,1,-1
15440,[0.55361813 0.60752746],3,-1,-1,1,-1
15441,[0.75108521 0.72719298],2,0,"[0.7890750777399501, 0.6799557517006445]",1,-1
15442,[0.3404382  0.21763031],1,2,"[0.294379027732062, 0.1921773781634303]",0,0
15443,[0.291204   0.14229434],1,2,"[0.294379027732062, 0.1921773781634303]",0,0
15444,[0.3533563  0.22005367],1,2,"[0.294379027732062, 0.1921773781634303]",0,0
15445,[0.35715895 0.6109264 ],0,1,"[0.37965276877051146, 0.575157747726818]",1,-1
15446,[0.22978343 0.20982335],1,2,"[0.294379027732062, 0.1921773781634303]",0,0
15447,[0.34572596 0.58543575],0,1,"[0.37965276877051146, 0.575157747726818]",1,-1
15448,[0.37938712 0.2405647 ],1,-1,-1,0,0
15449,[0.74710976 0.60327408],3,-1,-1,1,-1
15450,[0.59800758 0.65865355],3,-1,-1,1,-1
15451,[0.29323077 0.23303936],1,2,"[0.294379027732062, 0.1921773781634303]",0,0
15452,[0.40132088 0.58331073],0,1,"[0.37965276877051146, 0.575157747726818]",1,-1
15453,[0.41176426 0.61042368],0,1,"[0.37965276877051146, 0.575157747726818]",1,-1
15454,[0.28723501 0.25283536],1,2,"[0.294379027732062, 0.1921773781634303]",0,0
15455,[0.34825305 0.16733522],1,2,"[0.294379027732062, 0.1921773781634303]",0,0
15456,[0.38816111 0.18433385],1,-1,-1,0,0
15457,[0.36681422 0.22384654],1,-1,-1,0,0
15458,[0.48420459 0.58695159],0,-1,-1,1,-1
15459,[0.31894536 0.1625257 ],1,2,"[0.294379027732062, 0.1921773781634303]",0,0
15460,[0.29610341 0.15769665],1,2,"[0.294379027732062, 0.1921773781634303]",0,0
15461,[0.78497831 0.75716667],2,-1,-1,1,-1
15462,[0.43863254 0.57401069],0,1,"[0.37965276877051146, 0.575157747726818]",1,-1
15463,[0.78531621 0.67163366],2,0,"[0.7890750777399501, 0.6799557517006445]",1,4
15464,[0.32247668 0.24017368],1,2,"[0.294379027732062, 0.1921773781634303]",0,0
15465,[0.32351071 0.28406501],1,-1,-1,0,0
15466,[0.41896899 0.6017642 ],0,1,"[0.37965276877051146, 0.575157747726818]",1,-1
15467,[0.31261329 0.64437759],0,-1,-1,1,-1
15468,[0.26734517 0.16824068],1,2,"[0.294379027732062, 0.1921773781634303]",0,0
15469,[0.59008543 0.57376706],3,-1,-1,1,-1
15470,[0.61202544 0.62558967],3,3,"[0.6601234827680622, 0.6109507568947781]",1,-1
15471,[0.39594086 0.56411109],0,1,"[0.37965276877051146, 0.575157747726818]",1,2
15472,[0.70211268 0.56786963],3,3,"[0.6601234827680622, 0.6109507568947781]",1,-1
15473,[0.70867769 0.65304298],2,3,"[0.6601234827680622, 0.6109507568947781]",1,-1
15474,[0.76145979 0.69480265],2,0,"[0.7890750777399501, 0.6799557517006445]",1,-1
15475,[0.68472221 0.63652712],2,3,"[0.6601234827680622, 0.6109507568947781]",1,-1
15476,[0.83057629 0.67097126],2,0,"[0.7890750777399501, 0.6799557517006445]",1,-1
15477,[0.32816904 0.13859451],1,2,"[0.294379027732062, 0.1921773781634303]",0,0
15478,[0.7668214  0.73661456],2,0,"[0.7890750777399501, 0.6799557517006445]",1,-1
15479,[0.28120329 0.23622964],1,2,"[0.294379027732062, 0.1921773781634303]",0,0
15480,[0.75784901 0.57083757],2,-1,-1,1,-1
15481,[0.81964123 0.67684894],2,0,"[0.7890750777399501, 0.6799557517006445]",1,-1
15482,[0.33776399 0.51623836],0,-1,-1,1,-1
15483,[0.41920715 0.56448982],0,1,"[0.37965276877051146, 0.575157747726818]",1,-1
15484,[0.40054538 0.68681486],0,-1,-1,1,-1
15485,[0.67017299 0.57817666],3,3,"[0.6601234827680622, 0.6109507568947781]",1,-1
15486,[0.37770972 0.62992821],0,1,"[0.37965276877051146, 0.575157747726818]",1,-1
15487,[0.32479243 0.5402897 ],0,1,"[0.37965276877051146, 0.575157747726818]",1,-1
15488,[0.69215243 0.64189084],3,3,"[0.6601234827680622, 0.6109507568947781]",1,-1
15489,[0.28120015 0.52215148],0,-1,-1,1,-1
15490,[0.2287621  0.13583619],1,-1,-1,0,0
15491,[0.6433502  0.74250612],2,-1,-1,1,-1
15492,[0.69032455 0.59893038],3,3,"[0.6601234827680622, 0.6109507568947781]",1,5
15493,[0.36871236 0.67971623],0,-1,-1,1,-1
15494,[0.45032475 0.58305792],0,-1,-1,1,-1
15495,[0.86211346 0.65273397],2,-1,-1,1,-1
15496,[0.40320454 0.70436166],0,-1,-1,1,-1
15497,[0.78259602 0.64824072],2,0,"[0.7890750777399501, 0.6799557517006445]",1,-1
15498,[0.77087219 0.69852546],2,0,"[0.7890750777399501, 0.6799557517006445]",1,-1
15499,[0.75929815 0.66411189],2,0,"[0.7890750777399501, 0.6799557517006445]",1,-1
15500,[0.69873167 0.62262472],3,3,"[0.6601234827680622, 0.6109507568947781]",1,-1
15501,[0.88482806 0.64760496],2,-1,-1,1,-1
15502,[0.64986448 0.61093261],3,3,"[0.6601234827680622, 0.6109507568947781]",1,6
15503,[0.32772629 0.58936051],0,1,"[0.37965276877051146, 0.575157747726818]",1,-1
15504,[0.28397276 0.21552902],1,2,"[0.294379027732062, 0.1921773781634303]",0,0
15505,[0.29990761 0.14634045],1,2,"[0.294379027732062, 0.1921773781634303]",0,0
15506,[0.19397659 0.17952352],1,-1,-1,0,0
15507,[0.7341145  0.69407533],2,0,"[0.7890750777399501, 0.6799557517006445]",1,-1
15508,[0.21568579 0.18352935],1,-1,-1,0,0
15509,[0.83780823 0.68088367],2,0,"[0.7890750777399501, 0.6799557517006445]",1,-1
15510,[0.32528508 0.27043307],1,-1,-1,0,0
15511,[0.37054875 0.44152341],0,-1,-1,1,-1
15512,[0.39957011 0.55886947],0,1,"[0.37965276877051146, 0.575157747726818]",1,-1
15513,[0.35607229 0.5285182 ],0,1,"[0.37965276877051146, 0.575157747726818]",1,-1
15514,[0.67101436 0.51235072],3,-1,-1,1,-1
15515,[0.61354816 0.6172144 ],3,3,"[0.6601234827680622, 0.6109507568947781]",1,-1
15516,[0.26773538 0.1798579 ],1,2,"[0.294379027732062, 0.1921773781634303]",0,0
15517,[0.45797154 0.58857769],0,-1,-1,1,-1
15518,[0.74874637 0.76102054],2,-1,-1,1,-1
15519,[0.29950785 0.53796013],0,-1,-1,1,-1
15520,[0.84885093 0.80616242],2,-1,-1,1,-1
15521,[0.68542337 0.5591964 ],3,3,"[0.6601234827680622, 0.6109507568947781]",1,-1
15522,[0.35981808 0.60664434],0,1,"[0.37965276877051146, 0.575157747726818]",1,-1
15523,[0.39231081 0.22004406],1,-1,-1,0,0
15524,[0.35986757 0.54754058],0,1,"[0.37965276877051146, 0.575157747726818]",1,-1
15525,[0.30357348 0.22736613],1,2,"[0.294379027732062, 0.1921773781634303]",0,0
15526,[0.66912413 0.58661749],3,3,"[0.6601234827680622, 0.6109507568947781]",1,-1
15527,[0.66701479 0.5287998 ],3,-1,-1,1,-1
15528,[0.22866556 0.22101508],1,-1,-1,0,0
15529,[0.35139527 0.17433859],1,2,"[0.294379027732062, 0.1921773781634303]",0,0
15530,[0.80621219 0.61637145],2,0,"[0.7890750777399501, 0.6799557517006445]",1,-1
15531,[0.74799196 0.68257782],2,0,"[0.7890750777399501, 0.6799557517006445]",1,-1
15532,[0.38701687 0.60909467],0,1,"[0.37965276877051146, 0.575157747726818]",1,-1
15533,[0.76070071 0.64690782],3,0,"[0.7890750777399501, 0.6799557517006445]",1,-1
15534,[0.35649557 0.23167812],1,-1,-1,0,0
15535,[0.4291108 0.640275 ],0,-1,-1,1,-1
15536,[0.362551  0.5140917],0,1,"[0.37965276877051146, 0.575157747726818]",1,-1
15537,[0.6849571  0.64994231],2,3,"[0.6601234827680622, 0.6109507568947781]",1,-1
15538,[0.40850365 0.53188655],0,1,"[0.37965276877051146, 0.575157747726818]",1,-1
15539,[0.6703663  0.66171699],3,3,"[0.6601234827680622, 0.6109507568947781]",1,-1
15540,[0.77075096 0.67035397],2,0,"[0.7890750777399501, 0.6799557517006445]",1,-1
15541,[0.26584415 0.16116783],1,2,"[0.294379027732062, 0.1921773781634303]",0,0
15542,[0.68614431 0.56318165],3,3,"[0.6601234827680622, 0.6109507568947781]",1,-1
15543,[0.35564373 0.54085532],0,1,"[0.37965276877051146, 0.575157747726818]",1,-1
15544,[0.66377828 0.54269689],3,3,"[0.6601234827680622, 0.6109507568947781]",1,-1
15545,[0.66851024 0.70558996],2,-1,-1,1,-1
15546,[0.77188138 0.74264855],2,0,"[0.7890750777399501, 0.6799557517006445]",1,-1
15547,[0.56451013 0.51550822],3,-1,-1,1,-1
15548,[0.78600208 0.68418699],2,0,"[0.7890750777399501, 0.6799557517006445]",1,-1
15549,[0.78775227 0.63822954],3,0,"[0.7890750777399501, 0.6799557517006445]",1,-1
15550,[0.71370267 0.6627771 ],2,-1,-1,1,-1
15551,[0.35187233 0.55736744],0,1,"[0.37965276877051146, 0.575157747726818]",1,-1
15552,[0.37371371 0.62452964],0,1,"[0.37965276877051146, 0.575157747726818]",1,-1
15553,[0.87376676 0.57112555],2,-1,-1,1,-1
15554,[0.33299347 0.13485076],1,2,"[0.294379027732062, 0.1921773781634303]",0,0
15555,[0.80389092 0.7909472 ],2,-1,-1,1,-1
15556,[0.67951842 0.60602119],3,3,"[0.6601234827680622, 0.6109507568947781]",1,5
15557,[0.27611829 0.11797109],1,-1,-1,0,0
15558,[0.3040225  0.05793061],1,-1,-1,0,0
15559,[0.65085985 0.62438282],3,3,"[0.6601234827680622, 0.6109507568947781]",1,-1
15560,[0.31222504 0.21177854],1,2,"[0.294379027732062, 0.1921773781634303]",0,0
15561,[0.24232188 0.2340237 ],1,2,"[0.294379027732062, 0.1921773781634303]",0,0
15562,[0.37698078 0.18307255],1,-1,-1,0,0
15563,[0.38976847 0.63201331],0,1,"[0.37965276877051146, 0.575157747726818]",1,-1
15564,[0.27896152 0.18274984],1,2,"[0.294379027732062, 0.1921773781634303]",0,0
15565,[0.41590193 0.57714464],0,1,"[0.37965276877051146, 0.575157747726818]",1,-1
15566,[0.37252094 0.56031252],0,1,"[0.37965276877051146, 0.575157747726818]",1,-1
15567,[0.57656742 0.73241046],3,-1,-1,1,-1
15568,[0.57405717 0.59231039],3,-1,-1,1,-1
15569,[0.40020297 0.6944285 ],0,-1,-1,1,-1
15570,[0.83065225 0.72419774],2,0,"[0.7890750777399501, 0.6799557517006445]",1,-1
15571,[0.57456367 0.69707864],3,-1,-1,1,-1
15572,[0.62094363 0.6918506 ],3,-1,-1,1,-1
15573,[0.40321064 0.53473814],0,1,"[0.37965276877051146, 0.575157747726818]",1,-1
15574,[0.19632452 0.2283385 ],1,-1,-1,0,0
15575,[0.71678181 0.71477541],3,-1,-1,1,-1
15576,[0.26538054 0.21983956],1,2,"[0.294379027732062, 0.1921773781634303]",0,0
15577,[0.31473966 0.18348279],1,2,"[0.294379027732062, 0.1921773781634303]",0,0
15578,[0.4045081  0.57540444],0,1,"[0.37965276877051146, 0.575157747726818]",1,-1
15579,[0.24292932 0.56771777],0,-1,-1,1,-1
15580,[0.67008457 0.58900426],3,3,"[0.6601234827680622, 0.6109507568947781]",1,-1
15581,[0.77995551 0.80242522],2,-1,-1,1,-1
15582,[0.32185672 0.18179373],1,2,"[0.294379027732062, 0.1921773781634303]",0,0
15583,[0.58636905 0.64098898],3,-1,-1,1,-1
15584,[0.64880589 0.60273839],3,3,"[0.6601234827680622, 0.6109507568947781]",1,6
15585,[0.63334365 0.66428813],3,3,"[0.6601234827680622, 0.6109507568947781]",1,-1
15586,[0.21555472 0.1623522 ],1,-1,-1,0,0
15587,[0.77404864 0.67426276],2,0,"[0.7890750777399501, 0.6799557517006445]",1,-1
15588,[0.35061354 0.58329815],0,1,"[0.37965276877051146, 0.575157747726818]",1,-1
15589,[0.36003416 0.54732441],0,1,"[0.37965276877051146, 0.575157747726818]",1,-1
15590,[0.27297339 0.59946633],0,-1,-1,1,-1
15591,[0.35535611 0.24033373],1,-1,-1,0,0
15592,[0.65919843 0.60301656],3,3,"[0.6601234827680622, 0.6109507568947781]",1,-1
15593,[0.2878279  0.09942612],1,-1,-1,0,0
15594,[0.33430324 0.5991719 ],0,1,"[0.37965276877051146, 0.575157747726818]",1,-1
15595,[0.41876666 0.56214099],0,1,"[0.37965276877051146, 0.575157747726818]",1,-1
15596,[0.75002386 0.76344164],2,-1,-1,1,-1
15597,[0.33098225 0.56847351],0,1,"[0.37965276877051146, 0.575157747726818]",1,-1
15598,[0.33825215 0.57640095],0,1,"[0.37965276877051146, 0.575157747726818]",1,-1
15599,[0.78649178 0.68125787],2,0,"[0.7890750777399501, 0.6799557517006445]",1,-1
15600,[0.36067678 0.58584134],0,1,"[0.37965276877051146, 0.575157747726818]",1,-1
15601,[0.83038211 0.69870647],2,0,"[0.7890750777399501, 0.6799557517006445]",1,-1
15602,[0.35070442 0.61939661],0,1,"[0.37965276877051146, 0.575157747726818]",1,-1
15603,[0.78942885 0.64766701],2,0,"[0.7890750777399501, 0.6799557517006445]",1,-1
15604,[0.33387223 0.600547  ],0,1,"[0.37965276877051146, 0.575157747726818]",1,-1
15605,[0.86731051 0.68994472],2,-1,-1,1,-1
15606,[0.69462719 0.74894324],2,-1,-1,1,-1
15607,[0.6514196  0.59024977],3,3,"[0.6601234827680622, 0.6109507568947781]",1,-1
15608,[0.74499851 0.76073069],2,-1,-1,1,-1
15609,[0.6844217  0.60586483],3,3,"[0.6601234827680622, 0.6109507568947781]",1,5
15610,[0.37433774 0.55835453],0,1,"[0.37965276877051146, 0.575157747726818]",1,-1
15611,[0.88133051 0.59878126],2,-1,-1,1,-1
15612,[0.60943379 0.6217858 ],3,3,"[0.6601234827680622, 0.6109507568947781]",1,-1
15613,[0.42774273 0.4634169 ],0,-1,-1,1,-1
15614,[0.44800388 0.58136282],0,1,"[0.37965276877051146, 0.575157747726818]",1,-1
15615,[0.79686308 0.59921481],2,-1,-1,1,-1
15616,[0.80290775 0.59672135],2,-1,-1,1,-1
15617,[0.76545539 0.68082446],2,0,"[0.7890750777399501, 0.6799557517006445]",1,-1
15618,[0.72045372 0.64737185],2,-1,-1,1,-1
15619,[0.31551087 0.20881855],1,2,"[0.294379027732062, 0.1921773781634303]",0,0
15620,[0.32147878 0.15457002],1,2,"[0.294379027732062, 0.1921773781634303]",0,0
15621,[0.79325063 0.56169107],2,-1,-1,1,-1
15622,[0.70374506 0.51643742],3,-1,-1,1,-1
15623,[0.83160582 0.70678178],2,0,"[0.7890750777399501, 0.6799557517006445]",1,-1
15624,[0.60374015 0.5831361 ],3,3,"[0.6601234827680622, 0.6109507568947781]",1,-1
15625,[0.65684841 0.65115808],3,3,"[0.6601234827680622, 0.6109507568947781]",1,-1
15626,[0.65065492 0.70070174],3,-1,-1,1,-1
15627,[0.18191649 0.19456612],1,-1,-1,0,0
15628,[0.3038143  0.59991158],0,-1,-1,1,-1
15629,[0.43367114 0.57507244],0,1,"[0.37965276877051146, 0.575157747726818]",1,-1
15630,[0.71806945 0.55196936],3,-1,-1,1,-1
15631,[0.3149689  0.18781662],1,2,"[0.294379027732062, 0.1921773781634303]",0,0
15632,[0.73514161 0.54396168],3,-1,-1,1,-1
15633,[0.29623942 0.23146323],1,2,"[0.294379027732062, 0.1921773781634303]",0,0
15634,[0.37987197 0.17243801],1,-1,-1,0,0
15635,[0.2708009  0.27858693],1,-1,-1,0,0
15636,[0.80965473 0.66500595],2,0,"[0.7890750777399501, 0.6799557517006445]",1,-1
15637,[0.57582858 0.68222781],3,-1,-1,1,-1
15638,[0.35045857 0.23741944],1,-1,-1,0,0
15639,[0.73287268 0.63644351],3,-1,-1,1,-1
15640,[0.72415958 0.61644043],3,3,"[0.6601234827680622, 0.6109507568947781]",1,-1
15641,[0.36899014 0.09462144],1,-1,-1,0,0
15642,[0.82470747 0.6668661 ],2,0,"[0.7890750777399501, 0.6799557517006445]",1,-1
15643,[0.3000652  0.20776908],1,2,"[0.294379027732062, 0.1921773781634303]",0,0
15644,[0.79586645 0.69330178],2,0,"[0.7890750777399501, 0.6799557517006445]",1,-1
15645,[0.35637898 0.20760779],1,2,"[0.294379027732062, 0.1921773781634303]",0,0
15646,[0.61749776 0.65845275],3,3,"[0.6601234827680622, 0.6109507568947781]",1,-1
15647,[0.34202171 0.23442658],1,2,"[0.294379027732062, 0.1921773781634303]",0,0
15648,[0.33374212 0.62250881],0,1,"[0.37965276877051146, 0.575157747726818]",1,-1
15649,[0.65410041 0.66694002],3,3,"[0.6601234827680622, 0.6109507568947781]",1,-1
15650,[0.39130196 0.57166223],0,1,"[0.37965276877051146, 0.575157747726818]",1,2
15651,[0.83923481 0.64492019],2,0,"[0.7890750777399501, 0.6799557517006445]",1,-1
15652,[0.7596906  0.68048543],2,0,"[0.7890750777399501, 0.6799557517006445]",1,-1
15653,[0.77705562 0.62923806],3,0,"[0.7890750777399501, 0.6799557517006445]",1,-1
15654,[0.44655514 0.63165937],0,-1,-1,1,-1
15655,[0.33544141 0.58481348],0,1,"[0.37965276877051146, 0.575157747726818]",1,-1
15656,[0.66970486 0.582475  ],3,3,"[0.6601234827680622, 0.6109507568947781]",1,-1
15657,[0.80052163 0.62417364],2,0,"[0.7890750777399501, 0.6799557517006445]",1,-1
15658,[0.32506315 0.63886885],0,-1,-1,1,-1
15659,[0.7762863  0.54418852],3,-1,-1,1,-1
15660,[0.72990839 0.69861772],2,0,"[0.7890750777399501, 0.6799557517006445]",1,-1
15661,[0.63178697 0.59380214],3,3,"[0.6601234827680622, 0.6109507568947781]",1,-1
15662,[0.374872   0.20116123],1,-1,-1,0,0
15663,[0.41050545 0.64079681],0,-1,-1,1,-1
15664,[0.79299628 0.7230525 ],2,0,"[0.7890750777399501, 0.6799557517006445]",1,-1
15665,[0.64627356 0.65756816],3,3,"[0.6601234827680622, 0.6109507568947781]",1,-1
15666,[0.76377256 0.67777911],2,0,"[0.7890750777399501, 0.6799557517006445]",1,-1
15667,[0.82826895 0.70201524],2,0,"[0.7890750777399501, 0.6799557517006445]",1,-1
15668,[0.65453902 0.55445974],3,3,"[0.6601234827680622, 0.6109507568947781]",1,-1
15669,[0.80478629 0.7623986 ],2,-1,-1,1,-1
15670,[0.35766589 0.52285685],0,1,"[0.37965276877051146, 0.575157747726818]",1,-1
15671,[0.86079211 0.77176518],2,-1,-1,1,-1
15672,[0.80761354 0.7055707 ],2,0,"[0.7890750777399501, 0.6799557517006445]",1,-1
15673,[0.65142827 0.53101961],3,-1,-1,1,-1
15674,[0.27196199 0.16925063],1,2,"[0.294379027732062, 0.1921773781634303]",0,0
15675,[0.64280138 0.58219784],3,3,"[0.6601234827680622, 0.6109507568947781]",1,-1
15676,[0.35927197 0.66991346],0,-1,-1,1,-1
15677,[0.72909902 0.56426446],3,-1,-1,1,-1
15678,[0.44493319 0.62683046],0,-1,-1,1,-1
15679,[0.3681912  0.48222441],0,-1,-1,1,-1
15680,[0.26190375 0.20334852],1,2,"[0.294379027732062, 0.1921773781634303]",0,0
15681,[0.7766214  0.62907316],2,0,"[0.7890750777399501, 0.6799557517006445]",1,-1
15682,[0.58614424 0.60370047],3,-1,-1,1,-1
15683,[0.29896252 0.54618073],0,-1,-1,1,-1
15684,[0.3141706  0.22792296],1,2,"[0.294379027732062, 0.1921773781634303]",0,0
15685,[0.34237929 0.47517882],0,-1,-1,1,-1
15686,[0.43897192 0.5338908 ],0,-1,-1,1,-1
15687,[0.34293553 0.49966284],0,-1,-1,1,-1
15688,[0.34252548 0.5928691 ],0,1,"[0.37965276877051146, 0.575157747726818]",1,-1
15689,[0.81614444 0.69968426],2,0,"[0.7890750777399501, 0.6799557517006445]",1,-1
15690,[0.23633658 0.26441746],1,-1,-1,0,0
15691,[0.36019283 0.57957959],0,1,"[0.37965276877051146, 0.575157747726818]",1,-1
15692,[0.31230262 0.23384189],1,2,"[0.294379027732062, 0.1921773781634303]",0,0
15693,[0.64103206 0.69568377],3,-1,-1,1,-1
15694,[0.60799044 0.57530747],3,3,"[0.6601234827680622, 0.6109507568947781]",1,-1
15695,[0.66177093 0.61661773],3,3,"[0.6601234827680622, 0.6109507568947781]",1,7
15696,[0.34828009 0.52152997],0,1,"[0.37965276877051146, 0.575157747726818]",1,-1
15697,[0.73782416 0.7597488 ],2,-1,-1,1,-1
15698,[0.81597127 0.63862195],2,0,"[0.7890750777399501, 0.6799557517006445]",1,-1
15699,[0.63343933 0.58073351],3,3,"[0.6601234827680622, 0.6109507568947781]",1,-1
15700,[0.82733337 0.62368712],2,0,"[0.7890750777399501, 0.6799557517006445]",1,-1
15701,[0.32411302 0.5362646 ],0,1,"[0.37965276877051146, 0.575157747726818]",1,-1
15702,[0.26889331 0.20240992],1,2,"[0.294379027732062, 0.1921773781634303]",0,0
15703,[0.44118589 0.55506149],0,1,"[0.37965276877051146, 0.575157747726818]",1,-1
15704,[0.33709302 0.60124976],0,1,"[0.37965276877051146, 0.575157747726818]",1,-1
15705,[0.83314101 0.72524661],2,0,"[0.7890750777399501, 0.6799557517006445]",1,-1
15706,[0.84457951 0.55953175],2,-1,-1,1,-1
15707,[0.38826373 0.62602242],0,1,"[0.37965276877051146, 0.575157747726818]",1,-1
15708,[0.33697083 0.52862341],0,1,"[0.37965276877051146, 0.575157747726818]",1,-1
15709,[0.37448344 0.59980166],0,1,"[0.37965276877051146, 0.575157747726818]",1,-1
15710,[0.502392   0.60923343],3,-1,-1,1,-1
15711,[0.36379604 0.54588166],0,1,"[0.37965276877051146, 0.575157747726818]",1,-1
15712,[0.66962976 0.56125263],3,3,"[0.6601234827680622, 0.6109507568947781]",1,-1
15713,[0.85661188 0.70981391],2,-1,-1,1,-1
15714,[0.35696829 0.17062666],1,2,"[0.294379027732062, 0.1921773781634303]",0,0
15715,[0.3287783  0.22363525],1,2,"[0.294379027732062, 0.1921773781634303]",0,0
15716,[0.41848211 0.18980793],1,-1,-1,0,0
15717,[0.26288924 0.17468896],1,2,"[0.294379027732062, 0.1921773781634303]",0,0
15718,[0.6458026  0.62452831],3,3,"[0.6601234827680622, 0.6109507568947781]",1,-1
15719,[0.40505181 0.59476825],0,1,"[0.37965276877051146, 0.575157747726818]",1,-1
15720,[0.65807329 0.70318671],2,-1,-1,1,-1
15721,[0.37335841 0.56653518],0,1,"[0.37965276877051146, 0.575157747726818]",1,1
15722,[0.63610211 0.6530359 ],3,3,"[0.6601234827680622, 0.6109507568947781]",1,-1
15723,[0.7120456  0.62633809],3,3,"[0.6601234827680622, 0.6109507568947781]",1,-1
15724,[0.38818564 0.48436261],0,-1,-1,1,-1
15725,[0.29033622 0.58133284],0,-1,-1,1,-1
15726,[0.28355348 0.24270666],1,2,"[0.294379027732062, 0.1921773781634303]",0,0
15727,[0.66542908 0.54901398],3,3,"[0.6601234827680622, 0.6109507568947781]",1,-1
15728,[0.65381692 0.66478577],3,3,"[0.6601234827680622, 0.6109507568947781]",1,-1
15729,[0.85743257 0.6882529 ],2,0,"[0.7890750777399501, 0.6799557517006445]",1,-1
15730,[0.69404682 0.73969727],3,-1,-1,1,-1
15731,[0.29441222 0.29658932],1,-1,-1,0,0
15732,[0.7847931  0.65272759],2,0,"[0.7890750777399501, 0.6799557517006445]",1,-1
15733,[0.78799957 0.61849095],3,0,"[0.7890750777399501, 0.6799557517006445]",1,-1
15734,[0.84972324 0.66134186],2,0,"[0.7890750777399501, 0.6799557517006445]",1,-1
15735,[0.41057975 0.60819011],0,1,"[0.37965276877051146, 0.575157747726818]",1,-1
15736,[0.82680378 0.6857198 ],2,0,"[0.7890750777399501, 0.6799557517006445]",1,-1
15737,[0.34065416 0.53705654],0,1,"[0.37965276877051146, 0.575157747726818]",1,-1
15738,[0.61328067 0.60940864],3,3,"[0.6601234827680622, 0.6109507568947781]",1,-1
15739,[0.39387147 0.6029999 ],0,1,"[0.37965276877051146, 0.575157747726818]",1,-1
15740,[0.83898055 0.61644622],2,-1,-1,1,-1
15741,[0.40701269 0.56202338],0,1,"[0.37965276877051146, 0.575157747726818]",1,-1
15742,[0.70216563 0.62772375],3,3,"[0.6601234827680622, 0.6109507568947781]",1,-1
15743,[0.80609267 0.66514143],2,0,"[0.7890750777399501, 0.6799557517006445]",1,-1
15744,[0.40149679 0.54915276],0,1,"[0.37965276877051146, 0.575157747726818]",1,-1
15745,[0.30029438 0.17618654],1,2,"[0.294379027732062, 0.1921773781634303]",0,0
15746,[0.21795365 0.25823176],1,-1,-1,0,0
15747,[0.75448525 0.66166537],2,0,"[0.7890750777399501, 0.6799557517006445]",1,3
15748,[0.68136603 0.59425384],3,3,"[0.6601234827680622, 0.6109507568947781]",1,-1
15749,[0.68671404 0.56930225],3,3,"[0.6601234827680622, 0.6109507568947781]",1,-1
15750,[0.79595713 0.66302694],2,0,"[0.7890750777399501, 0.6799557517006445]",1,-1
15751,[0.40356705 0.61457956],0,1,"[0.37965276877051146, 0.575157747726818]",1,-1
15752,[0.8303695  0.63559452],2,0,"[0.7890750777399501, 0.6799557517006445]",1,-1
15753,[0.37971986 0.52757598],0,1,"[0.37965276877051146, 0.575157747726818]",1,-1
15754,[0.34176437 0.2105123 ],1,2,"[0.294379027732062, 0.1921773781634303]",0,0
15755,[0.78648039 0.76833063],2,-1,-1,1,-1
15756,[0.1976917  0.21757865],1,-1,-1,0,0
15757,[0.33572558 0.2185591 ],1,2,"[0.294379027732062, 0.1921773781634303]",0,0
15758,[0.73900657 0.66311485],2,0,"[0.7890750777399501, 0.6799557517006445]",1,-1
15759,[0.30394813 0.26638457],1,-1,-1,0,0
15760,[0.4616007  0.58946579],0,-1,-1,1,-1
15761,[0.35895522 0.5992463 ],0,1,"[0.37965276877051146, 0.575157747726818]",1,-1
15762,[0.51528178 0.60584622],0,-1,-1,1,-1
15763,[0.25745612 0.1602875 ],1,2,"[0.294379027732062, 0.1921773781634303]",0,0
15764,[0.33417716 0.50252437],0,-1,-1,1,-1
15765,[0.73577846 0.70948977],2,0,"[0.7890750777399501, 0.6799557517006445]",1,-1
15766,[0.74973503 0.68409958],2,0,"[0.7890750777399501, 0.6799557517006445]",1,-1
15767,[0.27999273 0.20035239],1,2,"[0.294379027732062, 0.1921773781634303]",0,0
15768,[0.33863313 0.65989928],0,-1,-1,1,-1
15769,[0.38349715 0.57737196],0,1,"[0.37965276877051146, 0.575157747726818]",1,-1
15770,[0.31046309 0.14097208],1,2,"[0.294379027732062, 0.1921773781634303]",0,0
15771,[0.32652935 0.13747291],1,2,"[0.294379027732062, 0.1921773781634303]",0,0
15772,[0.43167473 0.55887801],0,1,"[0.37965276877051146, 0.575157747726818]",1,-1
15773,[0.81901072 0.69199235],2,0,"[0.7890750777399501, 0.6799557517006445]",1,-1
15774,[0.68799287 0.53674294],3,-1,-1,1,-1
15775,[0.33088874 0.53247935],0,1,"[0.37965276877051146, 0.575157747726818]",1,-1
15776,[0.25188516 0.08729052],1,-1,-1,0,0
15777,[0.62207661 0.56594665],3,3,"[0.6601234827680622, 0.6109507568947781]",1,-1
15778,[0.66374512 0.58486263],3,3,"[0.6601234827680622, 0.6109507568947781]",1,6
15779,[0.73042206 0.56316862],3,-1,-1,1,-1
15780,[0.71549184 0.74922821],2,-1,-1,1,-1
15781,[0.67583443 0.62284696],3,3,"[0.6601234827680622, 0.6109507568947781]",1,7
15782,[0.42378023 0.55468982],0,1,"[0.37965276877051146, 0.575157747726818]",1,-1
15783,[0.41911121 0.21917881],1,-1,-1,0,0
15784,[0.71916716 0.63230506],2,3,"[0.6601234827680622, 0.6109507568947781]",1,-1
15785,[0.79676664 0.62509788],2,0,"[0.7890750777399501, 0.6799557517006445]",1,-1
15786,[0.26277432 0.27719913],1,-1,-1,0,0
15787,[0.84380331 0.67776055],2,0,"[0.7890750777399501, 0.6799557517006445]",1,-1
15788,[0.68785191 0.50876338],3,-1,-1,1,-1
15789,[0.4391282 0.5234927],0,-1,-1,1,-1
15790,[0.3171115  0.28919423],1,-1,-1,0,0
15791,[0.70913353 0.68547691],2,-1,-1,1,-1
15792,[0.43343058 0.56933607],0,1,"[0.37965276877051146, 0.575157747726818]",1,-1
15793,[0.27059517 0.21026258],1,2,"[0.294379027732062, 0.1921773781634303]",0,0
15794,[0.38336693 0.55840045],0,1,"[0.37965276877051146, 0.575157747726818]",1,-1
15795,[0.84629849 0.7868636 ],2,-1,-1,1,-1
15796,[0.87873392 0.75197379],2,-1,-1,1,-1
15797,[0.77158434 0.64860609],2,0,"[0.7890750777399501, 0.6799557517006445]",1,-1
15798,[0.45977769 0.69500708],0,-1,-1,1,-1
15799,[0.4274454  0.58707958],0,1,"[0.37965276877051146, 0.575157747726818]",1,-1
15800,[0.40025043 0.58701564],0,1,"[0.37965276877051146, 0.575157747726818]",1,-1
15801,[0.64311377 0.58631625],3,3,"[0.6601234827680622, 0.6109507568947781]",1,-1
15802,[0.78378871 0.66929265],2,0,"[0.7890750777399501, 0.6799557517006445]",1,-1
15803,[0.76414334 0.65699332],2,0,"[0.7890750777399501, 0.6799557517006445]",1,3
15804,[0.74994278 0.65069889],2,0,"[0.7890750777399501, 0.6799557517006445]",1,-1
15805,[0.73153552 0.71747565],2,0,"[0.7890750777399501, 0.6799557517006445]",1,-1
15806,[0.32224929 0.59069295],0,1,"[0.37965276877051146, 0.575157747726818]",1,-1
15807,[0.23379893 0.23910018],1,-1,-1,0,0
15808,[0.34341683 0.16456036],1,2,"[0.294379027732062, 0.1921773781634303]",0,0
15809,[0.68528096 0.62652567],3,3,"[0.6601234827680622, 0.6109507568947781]",1,7
15810,[0.34252206 0.64832644],0,-1,-1,1,-1
15811,[0.81143612 0.65861882],2,0,"[0.7890750777399501, 0.6799557517006445]",1,-1
15812,[0.75689494 0.65691   ],3,0,"[0.7890750777399501, 0.6799557517006445]",1,-1
15813,[0.8287854  0.67897411],2,0,"[0.7890750777399501, 0.6799557517006445]",1,-1
15814,[0.2733546  0.13707709],1,2,"[0.294379027732062, 0.1921773781634303]",0,0
15815,[0.74478329 0.7604046 ],2,-1,-1,1,-1
15816,[0.36855582 0.52872463],0,1,"[0.37965276877051146, 0.575157747726818]",1,-1
15817,[0.38353593 0.63441998],0,1,"[0.37965276877051146, 0.575157747726818]",1,-1
15818,[0.72822785 0.74639475],2,-1,-1,1,-1
15819,[0.32191148 0.22142373],1,2,"[0.294379027732062, 0.1921773781634303]",0,0
15820,[0.35820702 0.56973229],0,1,"[0.37965276877051146, 0.575157747726818]",1,-1
15821,[0.83219553 0.67763808],2,0,"[0.7890750777399501, 0.6799557517006445]",1,-1
15822,[0.45695704 0.56776175],0,-1,-1,1,-1
15823,[0.40743497 0.51726591],0,1,"[0.37965276877051146, 0.575157747726818]",1,-1
15824,[0.68028916 0.63698519],3,3,"[0.6601234827680622, 0.6109507568947781]",1,-1
15825,[0.31832295 0.11673532],1,-1,-1,0,0
15826,[0.28874072 0.13285116],1,2,"[0.294379027732062, 0.1921773781634303]",0,0
15827,[0.65525817 0.63907231],3,3,"[0.6601234827680622, 0.6109507568947781]",1,-1
15828,[0.3095406  0.19340336],1,2,"[0.294379027732062, 0.1921773781634303]",0,0
15829,[0.21798071 0.19359344],1,-1,-1,0,0
15830,[0.3186276  0.16907696],1,2,"[0.294379027732062, 0.1921773781634303]",0,0
15831,[0.29254785 0.23068647],1,2,"[0.294379027732062, 0.1921773781634303]",0,0
15832,[0.70876731 0.66479876],3,-1,-1,1,-1
15833,[0.327522   0.64228795],0,-1,-1,1,-1
15834,[0.23295704 0.21809334],1,2,"[0.294379027732062, 0.1921773781634303]",0,0
15835,[0.29721464 0.17164903],1,2,"[0.294379027732062, 0.1921773781634303]",0,0
15836,[0.73171057 0.66369514],2,0,"[0.7890750777399501, 0.6799557517006445]",1,-1
15837,[0.64266622 0.62656963],3,3,"[0.6601234827680622, 0.6109507568947781]",1,-1
15838,[0.8069666  0.69060251],2,0,"[0.7890750777399501, 0.6799557517006445]",1,-1
15839,[0.70267213 0.64148412],3,3,"[0.6601234827680622, 0.6109507568947781]",1,-1
15840,[0.67211905 0.62502779],3,3,"[0.6601234827680622, 0.6109507568947781]",1,7
15841,[0.27957307 0.23827772],1,2,"[0.294379027732062, 0.1921773781634303]",0,0
15842,[0.67031781 0.60928698],3,3,"[0.6601234827680622, 0.6109507568947781]",1,-1
15843,[0.58241086 0.65146006],3,-1,-1,1,-1
15844,[0.40010034 0.58684803],0,1,"[0.37965276877051146, 0.575157747726818]",1,-1
15845,[0.81077122 0.6812363 ],2,0,"[0.7890750777399501, 0.6799557517006445]",1,4
15846,[0.369437   0.53542754],0,1,"[0.37965276877051146, 0.575157747726818]",1,-1
15847,[0.6154978  0.65260978],3,3,"[0.6601234827680622, 0.6109507568947781]",1,-1
15848,[0.76010648 0.65314032],2,0,"[0.7890750777399501, 0.6799557517006445]",1,-1
15849,[0.78982964 0.66661045],2,0,"[0.7890750777399501, 0.6799557517006445]",1,-1
15850,[0.75432182 0.71934809],2,0,"[0.7890750777399501, 0.6799557517006445]",1,-1
15851,[0.33355864 0.51113246],0,-1,-1,1,-1
15852,[0.69241652 0.58559232],3,3,"[0.6601234827680622, 0.6109507568947781]",1,-1
15853,[0.63201222 0.64570525],3,3,"[0.6601234827680622, 0.6109507568947781]",1,-1
15854,[0.33189977 0.67827117],0,-1,-1,1,-1
15855,[0.22325209 0.16718667],1,-1,-1,0,0
15856,[0.41689426 0.2013388 ],1,-1,-1,0,0
15857,[0.6466861  0.60000291],3,3,"[0.6601234827680622, 0.6109507568947781]",1,-1
15858,[0.53996267 0.55944784],3,-1,-1,1,-1
15859,[0.608519   0.63770745],3,3,"[0.6601234827680622, 0.6109507568947781]",1,-1
15860,[0.74579966 0.67564077],2,0,"[0.7890750777399501, 0.6799557517006445]",1,-1
15861,[0.82686443 0.7294904 ],2,0,"[0.7890750777399501, 0.6799557517006445]",1,-1
15862,[0.4148106  0.56381152],0,1,"[0.37965276877051146, 0.575157747726818]",1,-1
15863,[0.64719591 0.57552965],3,3,"[0.6601234827680622, 0.6109507568947781]",1,-1
15864,[0.70725817 0.66282607],3,-1,-1,1,-1
15865,[0.43271759 0.53675058],0,1,"[0.37965276877051146, 0.575157747726818]",1,-1
15866,[0.69215079 0.62767115],3,3,"[0.6601234827680622, 0.6109507568947781]",1,7
15867,[0.25140081 0.12058539],1,-1,-1,0,0
15868,[0.75383001 0.68478068],2,0,"[0.7890750777399501, 0.6799557517006445]",1,-1
15869,[0.70377794 0.65175509],2,3,"[0.6601234827680622, 0.6109507568947781]",1,-1
15870,[0.18089116 0.21365428],1,-1,-1,0,0
15871,[0.68144816 0.62995234],3,3,"[0.6601234827680622, 0.6109507568947781]",1,-1
15872,[0.29878184 0.16913212],1,2,"[0.294379027732062, 0.1921773781634303]",0,0
15873,[0.80435442 0.74810388],2,0,"[0.7890750777399501, 0.6799557517006445]",1,-1
15874,[0.34449022 0.59506165],0,1,"[0.37965276877051146, 0.575157747726818]",1,-1
15875,[0.32471555 0.18730444],1,2,"[0.294379027732062, 0.1921773781634303]",0,0
15876,[0.28583939 0.54971561],0,-1,-1,1,-1
15877,[0.80174812 0.71086048],2,0,"[0.7890750777399501, 0.6799557517006445]",1,-1
15878,[0.35941581 0.58719673],0,1,"[0.37965276877051146, 0.575157747726818]",1,-1
15879,[0.77468597 0.5862526 ],3,-1,-1,1,-1
15880,[0.73633572 0.66298522],2,0,"[0.7890750777399501, 0.6799557517006445]",1,-1
15881,[0.26034282 0.2667912 ],1,-1,-1,0,0
15882,[0.40765364 0.61235405],0,1,"[0.37965276877051146, 0.575157747726818]",1,-1
15883,[0.29045434 0.26478359],1,-1,-1,0,0
15884,[0.31181865 0.11744695],1,-1,-1,0,0
15885,[0.44786711 0.56639424],0,1,"[0.37965276877051146, 0.575157747726818]",1,-1
15886,[0.82984672 0.7355733 ],2,0,"[0.7890750777399501, 0.6799557517006445]",1,-1
15887,[0.87524526 0.5645621 ],2,-1,-1,1,-1
15888,[0.82128288 0.67189141],2,0,"[0.7890750777399501, 0.6799557517006445]",1,-1
15889,[0.83900348 0.75302435],2,-1,-1,1,-1
15890,[0.2164301  0.19146953],1,-1,-1,0,0
15891,[0.69260953 0.67394624],3,-1,-1,1,-1
15892,[0.7935    0.7372677],2,0,"[0.7890750777399501, 0.6799557517006445]",1,-1
15893,[0.79444607 0.67609735],2,0,"[0.7890750777399501, 0.6799557517006445]",1,4
15894,[0.66527532 0.56016436],3,3,"[0.6601234827680622, 0.6109507568947781]",1,-1
15895,[0.72977318 0.63622859],2,-1,-1,1,-1
15896,[0.2911096 0.1932221],1,2,"[0.294379027732062, 0.1921773781634303]",0,0
15897,[0.67486895 0.65105685],3,3,"[0.6601234827680622, 0.6109507568947781]",1,-1
15898,[0.75534109 0.72216804],2,0,"[0.7890750777399501, 0.6799557517006445]",1,-1
15899,[0.85696157 0.61451128],2,-1,-1,1,-1
15900,[0.77582735 0.62346661],3,0,"[0.7890750777399501, 0.6799557517006445]",1,-1
15901,[0.77617963 0.6711994 ],2,0,"[0.7890750777399501, 0.6799557517006445]",1,-1
15902,[0.61226338 0.62298195],3,3,"[0.6601234827680622, 0.6109507568947781]",1,-1
15903,[0.75416421 0.68205746],2,0,"[0.7890750777399501, 0.6799557517006445]",1,-1
15904,[0.3539028  0.54780132],0,1,"[0.37965276877051146, 0.575157747726818]",1,-1
15905,[0.30654735 0.20619326],1,2,"[0.294379027732062, 0.1921773781634303]",0,0
15906,[0.38852014 0.63813696],0,1,"[0.37965276877051146, 0.575157747726818]",1,-1
15907,[0.73882829 0.53567182],3,-1,-1,1,-1
15908,[0.74691159 0.7216384 ],2,0,"[0.7890750777399501, 0.6799557517006445]",1,-1
15909,[0.31045363 0.19802096],1,2,"[0.294379027732062, 0.1921773781634303]",0,0
15910,[0.74473672 0.71336824],2,0,"[0.7890750777399501, 0.6799557517006445]",1,-1
15911,[0.33349466 0.66136934],0,-1,-1,1,-1
15912,[0.33371699 0.22067227],1,2,"[0.294379027732062, 0.1921773781634303]",0,0
15913,[0.67849231 0.5619837 ],3,3,"[0.6601234827680622, 0.6109507568947781]",1,-1
15914,[0.42673203 0.48784624],0,-1,-1,1,-1
15915,[0.33159239 0.18160111],1,2,"[0.294379027732062, 0.1921773781634303]",0,0
15916,[0.80161911 0.65073953],2,0,"[0.7890750777399501, 0.6799557517006445]",1,-1
15917,[0.26602969 0.59245553],0,-1,-1,1,-1
15918,[0.27897574 0.54618962],0,-1,-1,1,-1
15919,[0.78079274 0.78964727],2,-1,-1,1,-1
15920,[0.58042402 0.58300028],3,-1,-1,1,-1
15921,[0.75264121 0.57661792],3,-1,-1,1,-1
15922,[0.34650611 0.67064189],0,-1,-1,1,-1
15923,[0.31965298 0.63841728],0,-1,-1,1,-1
15924,[0.38691578 0.65114643],0,-1,-1,1,-1
15925,[0.75892995 0.68735038],2,0,"[0.7890750777399501, 0.6799557517006445]",1,-1
15926,[0.35223397 0.14665161],1,-1,-1,0,0
15927,[0.67202245 0.5836737 ],3,3,"[0.6601234827680622, 0.6109507568947781]",1,-1
15928,[0.35944247 0.23261308],1,-1,-1,0,0
15929,[0.63877457 0.62895621],3,3,"[0.6601234827680622, 0.6109507568947781]",1,-1
15930,[0.78941665 0.6749752 ],2,0,"[0.7890750777399501, 0.6799557517006445]",1,4
15931,[0.37576982 0.52318772],0,1,"[0.37965276877051146, 0.575157747726818]",1,-1
15932,[0.34842214 0.17722028],1,2,"[0.294379027732062, 0.1921773781634303]",0,0
15933,[0.7592281  0.77002373],2,-1,-1,1,-1
15934,[0.63852857 0.60974805],3,3,"[0.6601234827680622, 0.6109507568947781]",1,-1
15935,[0.40076779 0.17507623],1,-1,-1,0,0
15936,[0.37572528 0.5807232 ],0,1,"[0.37965276877051146, 0.575157747726818]",1,1
15937,[0.28750465 0.16643533],1,2,"[0.294379027732062, 0.1921773781634303]",0,0
15938,[0.36990703 0.5900738 ],0,1,"[0.37965276877051146, 0.575157747726818]",1,-1
15939,[0.6624455  0.55706245],3,3,"[0.6601234827680622, 0.6109507568947781]",1,-1
15940,[0.6072235  0.63867888],3,3,"[0.6601234827680622, 0.6109507568947781]",1,-1
15941,[0.68912569 0.63929785],3,3,"[0.6601234827680622, 0.6109507568947781]",1,-1
15942,[0.31871605 0.17271754],1,2,"[0.294379027732062, 0.1921773781634303]",0,0
15943,[0.35627614 0.1858025 ],1,2,"[0.294379027732062, 0.1921773781634303]",0,0
15944,[0.59520783 0.58468202],3,-1,-1,1,-1
15945,[0.64687264 0.60804162],3,3,"[0.6601234827680622, 0.6109507568947781]",1,6
15946,[0.71587974 0.60056174],3,3,"[0.6601234827680622, 0.6109507568947781]",1,-1
15947,[0.31800295 0.56286823],0,1,"[0.37965276877051146, 0.575157747726818]",1,-1
15948,[0.74810766 0.76616722],2,-1,-1,1,-1
15949,[0.6424095  0.70138638],3,-1,-1,1,-1
15950,[0.66353826 0.5989539 ],3,3,"[0.6601234827680622, 0.6109507568947781]",1,6
15951,[0.25957742 0.24636708],1,2,"[0.294379027732062, 0.1921773781634303]",0,0
15952,[0.6116077 0.753556 ],3,-1,-1,1,-1
15953,[0.76466941 0.71389227],2,0,"[0.7890750777399501, 0.6799557517006445]",1,-1
15954,[0.36119477 0.19329782],1,2,"[0.294379027732062, 0.1921773781634303]",0,0
15955,[0.29939235 0.09792403],1,-1,-1,0,0
15956,[0.66654175 0.6315724 ],3,3,"[0.6601234827680622, 0.6109507568947781]",1,7
15957,[0.40134759 0.58950298],0,1,"[0.37965276877051146, 0.575157747726818]",1,-1
15958,[0.41660515 0.57143764],0,1,"[0.37965276877051146, 0.575157747726818]",1,-1
15959,[0.36431681 0.63181286],0,1,"[0.37965276877051146, 0.575157747726818]",1,-1
15960,[0.28145291 0.23018688],1,2,"[0.294379027732062, 0.1921773781634303]",0,0
15961,[0.76502001 0.74353046],2,0,"[0.7890750777399501, 0.6799557517006445]",1,-1
15962,[0.6571013  0.61353722],3,3,"[0.6601234827680622, 0.6109507568947781]",1,-1
15963,[0.65801826 0.62313843],3,3,"[0.6601234827680622, 0.6109507568947781]",1,7
15964,[0.40279649 0.61304967],0,1,"[0.37965276877051146, 0.575157747726818]",1,-1
15965,[0.30891619 0.22889725],1,2,"[0.294379027732062, 0.1921773781634303]",0,0
15966,[0.26379192 0.15151971],1,2,"[0.294379027732062, 0.1921773781634303]",0,0
15967,[0.74371063 0.70968332],2,0,"[0.7890750777399501, 0.6799557517006445]",1,-1
15968,[0.59723279 0.59590202],3,3,"[0.6601234827680622, 0.6109507568947781]",1,-1
15969,[0.29634238 0.22327439],1,2,"[0.294379027732062, 0.1921773781634303]",0,0
15970,[0.33396316 0.55422081],0,1,"[0.37965276877051146, 0.575157747726818]",1,-1
15971,[0.22468895 0.16619713],1,-1,-1,0,0
15972,[0.23790419 0.13651994],1,-1,-1,0,0
15973,[0.6944421  0.66921351],3,3,"[0.6601234827680622, 0.6109507568947781]",1,-1
15974,[0.38479706 0.22494984],1,-1,-1,0,0
15975,[0.59272693 0.6566849 ],3,-1,-1,1,-1
15976,[0.66357782 0.66295689],3,3,"[0.6601234827680622, 0.6109507568947781]",1,-1
15977,[0.72905995 0.62457315],3,-1,-1,1,-1
15978,[0.42958174 0.63794059],0,-1,-1,1,-1
15979,[0.4131461  0.56321293],0,1,"[0.37965276877051146, 0.575157747726818]",1,-1
15980,[0.4751285  0.57233418],0,-1,-1,1,-1
15981,[0.67961978 0.62405958],3,3,"[0.6601234827680622, 0.6109507568947781]",1,-1
15982,[0.20698151 0.17566518],1,-1,-1,0,0
15983,[0.65011216 0.62177825],3,3,"[0.6601234827680622, 0.6109507568947781]",1,7
15984,[0.79640667 0.65816641],2,0,"[0.7890750777399501, 0.6799557517006445]",1,-1
15985,[0.71712779 0.66478141],2,-1,-1,1,-1
15986,[0.26191318 0.09909554],1,-1,-1,0,0
15987,[0.7280659  0.60084817],2,3,"[0.6601234827680622, 0.6109507568947781]",1,-1
15988,[0.80051952 0.71554226],2,0,"[0.7890750777399501, 0.6799557517006445]",1,-1
15989,[0.26458554 0.22017681],1,2,"[0.294379027732062, 0.1921773781634303]",0,0
15990,[0.64851917 0.58474152],3,3,"[0.6601234827680622, 0.6109507568947781]",1,-1
15991,[0.60232305 0.63604664],3,3,"[0.6601234827680622, 0.6109507568947781]",1,-1
15992,[0.30493559 0.61572777],0,-1,-1,1,-1
15993,[0.7605956  0.67462199],2,0,"[0.7890750777399501, 0.6799557517006445]",1,-1
15994,[0.62847014 0.49383415],3,-1,-1,1,-1
15995,[0.30696462 0.16647276],1,2,"[0.294379027732062, 0.1921773781634303]",0,0
15996,[0.66914649 0.63064441],3,3,"[0.6601234827680622, 0.6109507568947781]",1,7
15997,[0.29494054 0.13182922],1,2,"[0.294379027732062, 0.1921773781634303]",0,0
15998,[0.42562593 0.55478381],0,1,"[0.37965276877051146, 0.575157747726818]",1,-1
15999,[0.69893252 0.59889634],3,3,"[0.6601234827680622, 0.6109507568947781]",1,-1
16000,[0.27602773 0.27053952],1,-1,-1,0,0
16001,[0.4132016  0.64850348],0,-1,-1,1,-1
16002,[0.69071872 0.48175519],3,-1,-1,1,-1
16003,[0.71460082 0.61171243],3,3,"[0.6601234827680622, 0.6109507568947781]",1,-1
16004,[0.39254429 0.53260524],0,1,"[0.37965276877051146, 0.575157747726818]",1,-1
16005,[0.35828062 0.3252131 ],1,-1,-1,0,0
16006,[0.22376245 0.2079429 ],1,-1,-1,0,0
16007,[0.66559691 0.65727307],3,3,"[0.6601234827680622, 0.6109507568947781]",1,-1
16008,[0.29630623 0.15152098],1,2,"[0.294379027732062, 0.1921773781634303]",0,0
16009,[0.33672807 0.59865423],0,1,"[0.37965276877051146, 0.575157747726818]",1,-1
16010,[0.6036388  0.64064643],3,3,"[0.6601234827680622, 0.6109507568947781]",1,-1
16011,[0.2750306 0.1912482],1,2,"[0.294379027732062, 0.1921773781634303]",0,0
16012,[0.32463611 0.18507043],1,2,"[0.294379027732062, 0.1921773781634303]",0,0
16013,[0.63958413 0.67506369],2,3,"[0.6601234827680622, 0.6109507568947781]",1,-1
16014,[0.27191579 0.11250347],1,-1,-1,0,0
16015,[0.21556011 0.23155673],1,-1,-1,0,0
16016,[0.34928321 0.53761797],0,1,"[0.37965276877051146, 0.575157747726818]",1,-1
16017,[0.76544337 0.58990765],2,-1,-1,1,-1
16018,[0.41570615 0.50336838],0,-1,-1,1,-1
16019,[0.73595336 0.67866649],3,0,"[0.7890750777399501, 0.6799557517006445]",1,-1
16020,[0.7735452  0.72807791],2,0,"[0.7890750777399501, 0.6799557517006445]",1,-1
16021,[0.6730613  0.62828383],3,3,"[0.6601234827680622, 0.6109507568947781]",1,-1
16022,[0.64589344 0.65976053],3,3,"[0.6601234827680622, 0.6109507568947781]",1,-1
16023,[0.79931459 0.69081231],2,0,"[0.7890750777399501, 0.6799557517006445]",1,-1
16024,[0.80652507 0.62067147],2,0,"[0.7890750777399501, 0.6799557517006445]",1,-1
16025,[0.78104679 0.68432521],2,0,"[0.7890750777399501, 0.6799557517006445]",1,4
16026,[0.67098515 0.62242579],3,3,"[0.6601234827680622, 0.6109507568947781]",1,7
16027,[0.65655606 0.68659864],3,-1,-1,1,-1
16028,[0.61268598 0.59268331],3,3,"[0.6601234827680622, 0.6109507568947781]",1,-1
16029,[0.44386291 0.5490868 ],0,1,"[0.37965276877051146, 0.575157747726818]",1,-1
16030,[0.60050395 0.60881619],3,3,"[0.6601234827680622, 0.6109507568947781]",1,-1
16031,[0.25920943 0.17813272],1,2,"[0.294379027732062, 0.1921773781634303]",0,0
16032,[0.73556313 0.62081504],3,-1,-1,1,-1
16033,[0.32599872 0.50018296],0,-1,-1,1,-1
16034,[0.66575171 0.66508903],3,3,"[0.6601234827680622, 0.6109507568947781]",1,-1
16035,[0.34046324 0.68011547],0,-1,-1,1,-1
16036,[0.77731444 0.6778587 ],2,0,"[0.7890750777399501, 0.6799557517006445]",1,-1
16037,[0.33749314 0.52168922],0,1,"[0.37965276877051146, 0.575157747726818]",1,-1
16038,[0.73036328 0.65187536],3,0,"[0.7890750777399501, 0.6799557517006445]",1,-1
16039,[0.26151155 0.21952387],1,2,"[0.294379027732062, 0.1921773781634303]",0,0
16040,[0.44469357 0.57725096],0,1,"[0.37965276877051146, 0.575157747726818]",1,-1
16041,[0.71951305 0.67679729],2,0,"[0.7890750777399501, 0.6799557517006445]",1,-1
16042,[0.70755095 0.59484738],3,3,"[0.6601234827680622, 0.6109507568947781]",1,-1
16043,[0.35929082 0.58082597],0,1,"[0.37965276877051146, 0.575157747726818]",1,-1
16044,[0.27286404 0.22725921],1,2,"[0.294379027732062, 0.1921773781634303]",0,0
16045,[0.4926268  0.56481643],0,-1,-1,1,-1
16046,[0.30816258 0.27267837],1,-1,-1,0,0
16047,[0.61540742 0.6345754 ],3,3,"[0.6601234827680622, 0.6109507568947781]",1,-1
16048,[0.57609804 0.64543547],3,-1,-1,1,-1
16049,[0.26349807 0.20379387],1,2,"[0.294379027732062, 0.1921773781634303]",0,0
16050,[0.78659701 0.58583146],2,-1,-1,1,-1
16051,[0.20848697 0.20096993],1,-1,-1,0,0
16052,[0.80411705 0.56589532],2,-1,-1,1,-1
16053,[0.76388155 0.57357326],3,-1,-1,1,-1
16054,[0.6503197  0.67758042],3,3,"[0.6601234827680622, 0.6109507568947781]",1,-1
16055,[0.77320714 0.6076475 ],2,-1,-1,1,-1
16056,[0.62530364 0.68364291],3,-1,-1,1,-1
16057,[0.20934295 0.21054029],1,-1,-1,0,0
16058,[0.87679682 0.72362167],2,-1,-1,1,-1
16059,[0.3932012  0.64717505],0,-1,-1,1,-1
16060,[0.68705407 0.56038054],3,3,"[0.6601234827680622, 0.6109507568947781]",1,-1
16061,[0.8516086  0.74534558],2,-1,-1,1,-1
16062,[0.2820364  0.22619697],1,2,"[0.294379027732062, 0.1921773781634303]",0,0
16063,[0.39341489 0.53828941],0,1,"[0.37965276877051146, 0.575157747726818]",1,-1
16064,[0.6929354  0.57256487],3,3,"[0.6601234827680622, 0.6109507568947781]",1,-1
16065,[0.2800925  0.18537856],1,2,"[0.294379027732062, 0.1921773781634303]",0,0
16066,[0.81641379 0.68333988],2,0,"[0.7890750777399501, 0.6799557517006445]",1,-1
16067,[0.39669362 0.653523  ],0,-1,-1,1,-1
16068,[0.73377849 0.74361183],2,-1,-1,1,-1
16069,[0.74085071 0.64983747],2,0,"[0.7890750777399501, 0.6799557517006445]",1,-1
16070,[0.85963989 0.6955131 ],2,-1,-1,1,-1
16071,[0.35640893 0.5773979 ],0,1,"[0.37965276877051146, 0.575157747726818]",1,-1
16072,[0.39974665 0.49877954],0,-1,-1,1,-1
16073,[0.31505677 0.20956367],1,2,"[0.294379027732062, 0.1921773781634303]",0,0
16074,[0.36693617 0.57637938],0,1,"[0.37965276877051146, 0.575157747726818]",1,1
16075,[0.33164811 0.63035591],0,-1,-1,1,-1
16076,[0.20404208 0.15963786],1,-1,-1,0,0
16077,[0.33086182 0.1679971 ],1,2,"[0.294379027732062, 0.1921773781634303]",0,0
16078,[0.32696487 0.17638449],1,2,"[0.294379027732062, 0.1921773781634303]",0,0
16079,[0.83062476 0.66989279],2,0,"[0.7890750777399501, 0.6799557517006445]",1,-1
16080,[0.29421304 0.28417577],1,-1,-1,0,0
16081,[0.34733723 0.21118295],1,2,"[0.294379027732062, 0.1921773781634303]",0,0
16082,[0.72950862 0.72243673],2,-1,-1,1,-1
16083,[0.57206259 0.52948034],3,-1,-1,1,-1
16084,[0.30771101 0.21925292],1,2,"[0.294379027732062, 0.1921773781634303]",0,0
16085,[0.4062721  0.58393025],0,1,"[0.37965276877051146, 0.575157747726818]",1,-1
16086,[0.7174414  0.58200455],3,3,"[0.6601234827680622, 0.6109507568947781]",1,-1
16087,[0.63517125 0.53737858],3,-1,-1,1,-1
16088,[0.36446867 0.55038216],0,1,"[0.37965276877051146, 0.575157747726818]",1,-1
16089,[0.82783502 0.62232501],2,0,"[0.7890750777399501, 0.6799557517006445]",1,-1
16090,[0.28718276 0.20800874],1,2,"[0.294379027732062, 0.1921773781634303]",0,0
16091,[0.32376264 0.19058398],1,2,"[0.294379027732062, 0.1921773781634303]",0,0
16092,[0.67632732 0.67790891],3,3,"[0.6601234827680622, 0.6109507568947781]",1,-1
16093,[0.73139913 0.65664167],2,0,"[0.7890750777399501, 0.6799557517006445]",1,-1
16094,[0.24520845 0.20368664],1,2,"[0.294379027732062, 0.1921773781634303]",0,0
16095,[0.66951423 0.62120357],3,3,"[0.6601234827680622, 0.6109507568947781]",1,-1
16096,[0.38824409 0.13391698],1,-1,-1,0,0
16097,[0.41162673 0.54367678],0,1,"[0.37965276877051146, 0.575157747726818]",1,-1
16098,[0.62604872 0.62428771],3,3,"[0.6601234827680622, 0.6109507568947781]",1,-1
16099,[0.28074103 0.17966147],1,2,"[0.294379027732062, 0.1921773781634303]",0,0
16100,[0.78459775 0.6896805 ],2,0,"[0.7890750777399501, 0.6799557517006445]",1,-1
16101,[0.57174651 0.65556538],3,-1,-1,1,-1
16102,[0.81571945 0.68465664],2,0,"[0.7890750777399501, 0.6799557517006445]",1,4
16103,[0.2995338  0.59622426],0,-1,-1,1,-1
16104,[0.22399794 0.25275853],1,-1,-1,0,0
16105,[0.70084322 0.67327522],3,-1,-1,1,-1
16106,[0.68275952 0.60454977],3,3,"[0.6601234827680622, 0.6109507568947781]",1,5
16107,[0.40098944 0.46740926],0,-1,-1,1,-1
16108,[0.73825697 0.76340749],2,-1,-1,1,-1
16109,[0.86515968 0.66910932],2,-1,-1,1,-1
16110,[0.7641764 0.5803003],3,-1,-1,1,-1
16111,[0.66800899 0.68418263],3,-1,-1,1,-1
16112,[0.85795787 0.61499988],2,-1,-1,1,-1
16113,[0.7954146  0.71074266],2,0,"[0.7890750777399501, 0.6799557517006445]",1,-1
16114,[0.33637044 0.56167359],0,1,"[0.37965276877051146, 0.575157747726818]",1,-1
16115,[0.2207559  0.23785469],1,-1,-1,0,0
16116,[0.40294005 0.22208246],1,-1,-1,0,0
16117,[0.75257844 0.72565777],2,0,"[0.7890750777399501, 0.6799557517006445]",1,-1
16118,[0.65457219 0.57033489],3,3,"[0.6601234827680622, 0.6109507568947781]",1,-1
16119,[0.371258   0.21148292],1,-1,-1,0,0
16120,[0.73843725 0.58468627],2,-1,-1,1,-1
16121,[0.7388281  0.67054512],3,0,"[0.7890750777399501, 0.6799557517006445]",1,-1
16122,[0.38623354 0.61216488],0,1,"[0.37965276877051146, 0.575157747726818]",1,-1
16123,[0.28433295 0.19799101],1,2,"[0.294379027732062, 0.1921773781634303]",0,0
16124,[0.34750793 0.16607401],1,2,"[0.294379027732062, 0.1921773781634303]",0,0
16125,[0.86300197 0.67707336],2,-1,-1,1,-1
16126,[0.69617972 0.59304302],3,3,"[0.6601234827680622, 0.6109507568947781]",1,-1
16127,[0.34993712 0.552146  ],0,1,"[0.37965276877051146, 0.575157747726818]",1,-1
16128,[0.39443244 0.52887679],0,1,"[0.37965276877051146, 0.575157747726818]",1,-1
16129,[0.6658108  0.56324412],3,3,"[0.6601234827680622, 0.6109507568947781]",1,-1
16130,[0.2889394  0.20023944],1,2,"[0.294379027732062, 0.1921773781634303]",0,0
16131,[0.70997689 0.70529143],2,-1,-1,1,-1
16132,[0.6702133  0.64147279],3,3,"[0.6601234827680622, 0.6109507568947781]",1,-1
16133,[0.66808572 0.60682927],3,3,"[0.6601234827680622, 0.6109507568947781]",1,-1
16134,[0.37468879 0.60181749],0,1,"[0.37965276877051146, 0.575157747726818]",1,-1
16135,[0.66658587 0.69501704],3,-1,-1,1,-1
16136,[0.88692449 0.7516088 ],2,-1,-1,1,-1
16137,[0.84575121 0.68192033],2,0,"[0.7890750777399501, 0.6799557517006445]",1,-1
16138,[0.21856137 0.24420771],1,-1,-1,0,0
16139,[0.37589946 0.57434338],0,1,"[0.37965276877051146, 0.575157747726818]",1,1
16140,[0.34211785 0.18632833],1,2,"[0.294379027732062, 0.1921773781634303]",0,0
16141,[0.38696917 0.18887364],1,-1,-1,0,0
16142,[0.28735866 0.16825138],1,2,"[0.294379027732062, 0.1921773781634303]",0,0
16143,[0.19356227 0.21043644],1,-1,-1,0,0
16144,[0.39311881 0.04785301],1,-1,-1,0,-1
16145,[0.26746979 0.22532129],1,2,"[0.294379027732062, 0.1921773781634303]",0,0
16146,[0.39454381 0.57254259],0,1,"[0.37965276877051146, 0.575157747726818]",1,-1
16147,[0.84711149 0.76483672],2,-1,-1,1,-1
16148,[0.29261541 0.19196755],1,2,"[0.294379027732062, 0.1921773781634303]",0,0
16149,[0.36649765 0.57853036],0,1,"[0.37965276877051146, 0.575157747726818]",1,-1
16150,[0.41443234 0.52541136],0,1,"[0.37965276877051146, 0.575157747726818]",1,-1
16151,[0.67677862 0.63539958],3,3,"[0.6601234827680622, 0.6109507568947781]",1,-1
16152,[0.24814734 0.15183453],1,2,"[0.294379027732062, 0.1921773781634303]",0,0
16153,[0.65419457 0.58366566],3,3,"[0.6601234827680622, 0.6109507568947781]",1,-1
16154,[0.66480395 0.65092783],3,3,"[0.6601234827680622, 0.6109507568947781]",1,-1
16155,[0.26975506 0.19992674],1,2,"[0.294379027732062, 0.1921773781634303]",0,0
16156,[0.81376426 0.63675764],2,0,"[0.7890750777399501, 0.6799557517006445]",1,-1
16157,[0.70481532 0.63510172],2,3,"[0.6601234827680622, 0.6109507568947781]",1,-1
16158,[0.34295686 0.56725819],0,1,"[0.37965276877051146, 0.575157747726818]",1,-1
16159,[0.2542258  0.19662796],1,2,"[0.294379027732062, 0.1921773781634303]",0,0
16160,[0.34204947 0.52277344],0,1,"[0.37965276877051146, 0.575157747726818]",1,-1
16161,[0.84208157 0.75192012],2,-1,-1,1,-1
16162,[0.77434975 0.64863808],2,0,"[0.7890750777399501, 0.6799557517006445]",1,-1
16163,[0.78955115 0.62067547],2,0,"[0.7890750777399501, 0.6799557517006445]",1,-1
16164,[0.84758767 0.7155252 ],2,0,"[0.7890750777399501, 0.6799557517006445]",1,-1
16165,[0.49533072 0.59958195],0,-1,-1,1,-1
16166,[0.80271958 0.74660482],2,0,"[0.7890750777399501, 0.6799557517006445]",1,-1
16167,[0.678714   0.55160249],3,3,"[0.6601234827680622, 0.6109507568947781]",1,-1
16168,[0.72420242 0.57226049],3,-1,-1,1,-1
16169,[0.34302309 0.32785588],1,-1,-1,0,0
16170,[0.33003188 0.21085918],1,2,"[0.294379027732062, 0.1921773781634303]",0,0
16171,[0.67292365 0.65556409],3,3,"[0.6601234827680622, 0.6109507568947781]",1,-1
16172,[0.50236969 0.55705489],0,-1,-1,1,-1
16173,[0.28121626 0.64086052],0,-1,-1,1,-1
16174,[0.28257274 0.53807874],0,-1,-1,1,-1
16175,[0.43686624 0.56603412],0,1,"[0.37965276877051146, 0.575157747726818]",1,-1
16176,[0.39700329 0.53737472],0,1,"[0.37965276877051146, 0.575157747726818]",1,-1
16177,[0.70261117 0.71316429],2,-1,-1,1,-1
16178,[0.78247514 0.65740606],2,0,"[0.7890750777399501, 0.6799557517006445]",1,-1
16179,[0.80030341 0.68771865],2,0,"[0.7890750777399501, 0.6799557517006445]",1,-1
16180,[0.31347156 0.53367421],0,-1,-1,1,-1
16181,[0.57520352 0.61307147],3,-1,-1,1,-1
16182,[0.62070421 0.64858321],3,3,"[0.6601234827680622, 0.6109507568947781]",1,-1
16183,[0.77049176 0.64639438],2,0,"[0.7890750777399501, 0.6799557517006445]",1,-1
16184,[0.62990843 0.59853247],3,3,"[0.6601234827680622, 0.6109507568947781]",1,-1
16185,[0.26343747 0.12152024],1,-1,-1,0,0
16186,[0.79473522 0.66953227],2,0,"[0.7890750777399501, 0.6799557517006445]",1,4
16187,[0.29617812 0.25311806],1,2,"[0.294379027732062, 0.1921773781634303]",0,0
16188,[0.77375754 0.63785292],2,0,"[0.7890750777399501, 0.6799557517006445]",1,-1
16189,[0.79828134 0.74595668],2,0,"[0.7890750777399501, 0.6799557517006445]",1,-1
16190,[0.39983412 0.53191723],0,1,"[0.37965276877051146, 0.575157747726818]",1,-1
16191,[0.30154319 0.22904511],1,2,"[0.294379027732062, 0.1921773781634303]",0,0
16192,[0.38596305 0.6380087 ],0,1,"[0.37965276877051146, 0.575157747726818]",1,-1
16193,[0.67769808 0.54503122],3,3,"[0.6601234827680622, 0.6109507568947781]",1,-1
16194,[0.35575853 0.48778126],0,-1,-1,1,-1
16195,[0.69390146 0.62733905],2,3,"[0.6601234827680622, 0.6109507568947781]",1,7
16196,[0.82356943 0.628979  ],2,0,"[0.7890750777399501, 0.6799557517006445]",1,-1
16197,[0.43215243 0.55139096],0,1,"[0.37965276877051146, 0.575157747726818]",1,-1
16198,[0.28989372 0.20072501],1,2,"[0.294379027732062, 0.1921773781634303]",0,0
16199,[0.60174855 0.67796283],3,-1,-1,1,-1
16200,[0.36051735 0.61252439],0,1,"[0.37965276877051146, 0.575157747726818]",1,-1
16201,[0.77842555 0.66880035],2,0,"[0.7890750777399501, 0.6799557517006445]",1,3
16202,[0.34316993 0.19190866],1,2,"[0.294379027732062, 0.1921773781634303]",0,0
16203,[0.39355133 0.17183562],1,-1,-1,0,0
16204,[0.87384054 0.64633892],2,-1,-1,1,-1
16205,[0.32784209 0.25407154],1,-1,-1,0,0
16206,[0.83963519 0.70247951],2,0,"[0.7890750777399501, 0.6799557517006445]",1,-1
16207,[0.42881008 0.64916283],0,-1,-1,1,-1
16208,[0.3827126 0.6523858],0,-1,-1,1,-1
16209,[0.76731398 0.72496585],2,0,"[0.7890750777399501, 0.6799557517006445]",1,-1
16210,[0.60286213 0.62232089],3,3,"[0.6601234827680622, 0.6109507568947781]",1,-1
16211,[0.85821352 0.72281109],2,-1,-1,1,-1
16212,[0.41880896 0.52596057],0,1,"[0.37965276877051146, 0.575157747726818]",1,-1
16213,[0.26248834 0.6156108 ],0,-1,-1,1,-1
16214,[0.30802114 0.15418697],1,2,"[0.294379027732062, 0.1921773781634303]",0,0
16215,[0.27329179 0.20072181],1,2,"[0.294379027732062, 0.1921773781634303]",0,0
16216,[0.32061646 0.51972313],0,-1,-1,1,-1
16217,[0.6430579  0.65575001],3,3,"[0.6601234827680622, 0.6109507568947781]",1,-1
16218,[0.64457753 0.64279468],3,3,"[0.6601234827680622, 0.6109507568947781]",1,-1
16219,[0.29499875 0.1186247 ],1,-1,-1,0,0
16220,[0.67394302 0.55910914],3,3,"[0.6601234827680622, 0.6109507568947781]",1,-1
16221,[0.30607893 0.26034421],1,2,"[0.294379027732062, 0.1921773781634303]",0,0
16222,[0.35886307 0.52099316],0,1,"[0.37965276877051146, 0.575157747726818]",1,-1
16223,[0.72941253 0.59861013],2,-1,-1,1,-1
16224,[0.87559432 0.76361414],2,-1,-1,1,-1
16225,[0.86938309 0.73690458],2,-1,-1,1,-1
16226,[0.74279661 0.61938471],2,-1,-1,1,-1
16227,[0.34271496 0.13653318],1,-1,-1,0,0
16228,[0.66102501 0.63169799],3,3,"[0.6601234827680622, 0.6109507568947781]",1,-1
16229,[0.73658687 0.65749464],3,0,"[0.7890750777399501, 0.6799557517006445]",1,-1
16230,[0.20336267 0.2206913 ],1,-1,-1,0,0
16231,[0.31617961 0.240179  ],1,2,"[0.294379027732062, 0.1921773781634303]",0,0
16232,[0.65654321 0.51453732],3,-1,-1,1,-1
16233,[0.25426541 0.17305293],1,2,"[0.294379027732062, 0.1921773781634303]",0,0
16234,[0.36876176 0.22210001],1,-1,-1,0,0
16235,[0.80189743 0.68885262],2,0,"[0.7890750777399501, 0.6799557517006445]",1,-1
16236,[0.55584617 0.6673598 ],3,-1,-1,1,-1
16237,[0.33562766 0.53180351],0,1,"[0.37965276877051146, 0.575157747726818]",1,-1
16238,[0.61385453 0.53790255],3,-1,-1,1,-1
16239,[0.70971447 0.55218099],3,-1,-1,1,-1
16240,[0.80215184 0.71378305],2,0,"[0.7890750777399501, 0.6799557517006445]",1,-1
16241,[0.31160293 0.18072833],1,2,"[0.294379027732062, 0.1921773781634303]",0,0
16242,[0.46776857 0.57959289],0,-1,-1,1,-1
16243,[0.34510449 0.6012349 ],0,1,"[0.37965276877051146, 0.575157747726818]",1,-1
16244,[0.40468725 0.52626169],0,1,"[0.37965276877051146, 0.575157747726818]",1,-1
16245,[0.85245881 0.65857114],2,0,"[0.7890750777399501, 0.6799557517006445]",1,-1
16246,[0.7547618  0.69151192],2,0,"[0.7890750777399501, 0.6799557517006445]",1,-1
16247,[0.7963599  0.62846513],2,0,"[0.7890750777399501, 0.6799557517006445]",1,-1
16248,[0.41525089 0.66368286],0,-1,-1,1,-1
16249,[0.70947959 0.70162404],2,-1,-1,1,-1
16250,[0.66517097 0.58448354],3,3,"[0.6601234827680622, 0.6109507568947781]",1,-1
16251,[0.62189535 0.64834339],3,3,"[0.6601234827680622, 0.6109507568947781]",1,-1
16252,[0.76324286 0.63984313],2,0,"[0.7890750777399501, 0.6799557517006445]",1,-1
16253,[0.78430952 0.70090029],2,0,"[0.7890750777399501, 0.6799557517006445]",1,-1
16254,[0.73289536 0.6797506 ],2,0,"[0.7890750777399501, 0.6799557517006445]",1,-1
16255,[0.31252113 0.2199356 ],1,2,"[0.294379027732062, 0.1921773781634303]",0,0
16256,[0.36259671 0.57629483],0,1,"[0.37965276877051146, 0.575157747726818]",1,-1
16257,[0.35219026 0.61695699],0,1,"[0.37965276877051146, 0.575157747726818]",1,-1
16258,[0.4529585  0.58985495],0,-1,-1,1,-1
16259,[0.20654944 0.2162548 ],1,-1,-1,0,0
16260,[0.28976682 0.19526899],1,2,"[0.294379027732062, 0.1921773781634303]",0,0
16261,[0.22889091 0.20114639],1,2,"[0.294379027732062, 0.1921773781634303]",0,0
16262,[0.37273169 0.60092304],0,1,"[0.37965276877051146, 0.575157747726818]",1,-1
16263,[0.6667393  0.61806984],3,3,"[0.6601234827680622, 0.6109507568947781]",1,-1
16264,[0.72953027 0.57329114],3,-1,-1,1,-1
16265,[0.41182834 0.60942133],0,1,"[0.37965276877051146, 0.575157747726818]",1,-1
16266,[0.35631133 0.53664157],0,1,"[0.37965276877051146, 0.575157747726818]",1,-1
16267,[0.49712055 0.66085996],0,-1,-1,1,-1
16268,[0.29129506 0.13361969],1,2,"[0.294379027732062, 0.1921773781634303]",0,0
16269,[0.62436198 0.59351799],3,3,"[0.6601234827680622, 0.6109507568947781]",1,-1
16270,[0.68291263 0.60791139],3,3,"[0.6601234827680622, 0.6109507568947781]",1,5
16271,[0.35372532 0.1473293 ],1,-1,-1,0,0
16272,[0.25723125 0.20800415],1,2,"[0.294379027732062, 0.1921773781634303]",0,0
16273,[0.84205783 0.70489013],2,0,"[0.7890750777399501, 0.6799557517006445]",1,-1
16274,[0.28985318 0.71139108],0,-1,-1,1,-1
16275,[0.33695617 0.54216337],0,1,"[0.37965276877051146, 0.575157747726818]",1,-1
16276,[0.73863974 0.58687227],3,-1,-1,1,-1
16277,[0.30579268 0.61155322],0,-1,-1,1,-1
16278,[0.6670797  0.63115119],3,3,"[0.6601234827680622, 0.6109507568947781]",1,7
16279,[0.3731153  0.25475452],1,-1,-1,0,0
16280,[0.80898937 0.64217795],2,0,"[0.7890750777399501, 0.6799557517006445]",1,-1
16281,[0.25508478 0.16698625],1,2,"[0.294379027732062, 0.1921773781634303]",0,0
16282,[0.32639272 0.58486996],0,1,"[0.37965276877051146, 0.575157747726818]",1,-1
16283,[0.81325057 0.64518831],2,0,"[0.7890750777399501, 0.6799557517006445]",1,-1
16284,[0.79310544 0.67658935],2,0,"[0.7890750777399501, 0.6799557517006445]",1,4
16285,[0.64858655 0.58269727],3,3,"[0.6601234827680622, 0.6109507568947781]",1,-1
16286,[0.55522685 0.5820737 ],3,-1,-1,1,-1
16287,[0.75947675 0.6567541 ],2,0,"[0.7890750777399501, 0.6799557517006445]",1,3
16288,[0.79155993 0.70321167],2,0,"[0.7890750777399501, 0.6799557517006445]",1,-1
16289,[0.316159   0.21077404],1,2,"[0.294379027732062, 0.1921773781634303]",0,0
16290,[0.44462444 0.60373137],0,-1,-1,1,-1
16291,[0.77656587 0.66920862],2,0,"[0.7890750777399501, 0.6799557517006445]",1,-1
16292,[0.40491038 0.56117756],0,1,"[0.37965276877051146, 0.575157747726818]",1,-1
16293,[0.589553   0.54450876],3,-1,-1,1,-1
16294,[0.73030009 0.67813899],2,0,"[0.7890750777399501, 0.6799557517006445]",1,-1
16295,[0.73487616 0.65134837],2,0,"[0.7890750777399501, 0.6799557517006445]",1,-1
16296,[0.29132347 0.61834027],0,-1,-1,1,-1
16297,[0.69771025 0.64755961],3,3,"[0.6601234827680622, 0.6109507568947781]",1,-1
16298,[0.63988167 0.63484753],3,3,"[0.6601234827680622, 0.6109507568947781]",1,-1
16299,[0.2820819  0.17913935],1,2,"[0.294379027732062, 0.1921773781634303]",0,0
16300,[0.29105465 0.63936836],0,-1,-1,1,-1
16301,[0.79469123 0.6796023 ],2,0,"[0.7890750777399501, 0.6799557517006445]",1,-1
16302,[0.95663602 0.64332348],2,-1,-1,1,-1
16303,[0.34064515 0.14581719],1,2,"[0.294379027732062, 0.1921773781634303]",0,0
16304,[0.36672992 0.53838027],0,1,"[0.37965276877051146, 0.575157747726818]",1,-1
16305,[0.28346542 0.25430799],1,2,"[0.294379027732062, 0.1921773781634303]",0,0
16306,[0.75213598 0.72317575],2,0,"[0.7890750777399501, 0.6799557517006445]",1,-1
16307,[0.82901484 0.68082355],2,0,"[0.7890750777399501, 0.6799557517006445]",1,-1
16308,[0.77522067 0.70269411],2,0,"[0.7890750777399501, 0.6799557517006445]",1,-1
16309,[0.34207447 0.62183376],0,1,"[0.37965276877051146, 0.575157747726818]",1,-1
16310,[0.34589101 0.64014706],0,-1,-1,1,-1
16311,[0.34100737 0.64718092],0,-1,-1,1,-1
16312,[0.76772602 0.72290687],2,0,"[0.7890750777399501, 0.6799557517006445]",1,-1
16313,[0.35015322 0.19984834],1,2,"[0.294379027732062, 0.1921773781634303]",0,0
16314,[0.39062324 0.51639697],0,1,"[0.37965276877051146, 0.575157747726818]",1,-1
16315,[0.4002535 0.5667399],0,1,"[0.37965276877051146, 0.575157747726818]",1,2
16316,[0.32691042 0.5148741 ],0,-1,-1,1,-1
16317,[0.63847901 0.6140745 ],3,3,"[0.6601234827680622, 0.6109507568947781]",1,-1
16318,[0.76485293 0.6485553 ],2,0,"[0.7890750777399501, 0.6799557517006445]",1,-1
16319,[0.4164272  0.56508703],0,1,"[0.37965276877051146, 0.575157747726818]",1,-1
16320,[0.66001292 0.64882801],3,3,"[0.6601234827680622, 0.6109507568947781]",1,-1
16321,[0.28884492 0.23117752],1,2,"[0.294379027732062, 0.1921773781634303]",0,0
16322,[0.72729708 0.68405972],2,0,"[0.7890750777399501, 0.6799557517006445]",1,-1
16323,[0.38940842 0.49842979],0,-1,-1,1,-1
16324,[0.50516258 0.57657911],0,-1,-1,1,-1
16325,[0.63600381 0.58744284],3,3,"[0.6601234827680622, 0.6109507568947781]",1,-1
16326,[0.36694854 0.11107901],1,-1,-1,0,0
16327,[0.75467054 0.74373695],2,-1,-1,1,-1
16328,[0.2988644  0.17948565],1,2,"[0.294379027732062, 0.1921773781634303]",0,0
16329,[0.31789245 0.21953843],1,2,"[0.294379027732062, 0.1921773781634303]",0,0
16330,[0.38382679 0.45674732],0,-1,-1,1,-1
16331,[0.60605303 0.60507514],3,3,"[0.6601234827680622, 0.6109507568947781]",1,-1
16332,[0.6510093  0.59705046],3,3,"[0.6601234827680622, 0.6109507568947781]",1,-1
16333,[0.63441247 0.65521912],3,3,"[0.6601234827680622, 0.6109507568947781]",1,-1
16334,[0.39320616 0.51578062],0,1,"[0.37965276877051146, 0.575157747726818]",1,-1
16335,[0.27728046 0.18366649],1,2,"[0.294379027732062, 0.1921773781634303]",0,0
16336,[0.84006509 0.71535709],2,0,"[0.7890750777399501, 0.6799557517006445]",1,-1
16337,[0.49312346 0.57070669],0,-1,-1,1,-1
16338,[0.60524311 0.60907899],3,3,"[0.6601234827680622, 0.6109507568947781]",1,-1
16339,[0.8029038  0.71958564],2,0,"[0.7890750777399501, 0.6799557517006445]",1,-1
16340,[0.66319199 0.62117282],3,3,"[0.6601234827680622, 0.6109507568947781]",1,7
16341,[0.81177764 0.66413563],2,0,"[0.7890750777399501, 0.6799557517006445]",1,-1
16342,[0.33761724 0.62437234],0,1,"[0.37965276877051146, 0.575157747726818]",1,-1
16343,[0.29262594 0.53286082],0,-1,-1,1,-1
16344,[0.66575184 0.64985204],3,3,"[0.6601234827680622, 0.6109507568947781]",1,-1
16345,[0.34554446 0.59831236],0,1,"[0.37965276877051146, 0.575157747726818]",1,-1
16346,[0.7598398  0.63707176],3,0,"[0.7890750777399501, 0.6799557517006445]",1,-1
16347,[0.33086581 0.16154071],1,2,"[0.294379027732062, 0.1921773781634303]",0,0
16348,[0.38396206 0.55144654],0,1,"[0.37965276877051146, 0.575157747726818]",1,-1
16349,[0.3281208  0.25451958],1,-1,-1,0,0
16350,[0.38117851 0.60912946],0,1,"[0.37965276877051146, 0.575157747726818]",1,-1
16351,[0.63569538 0.65242169],3,3,"[0.6601234827680622, 0.6109507568947781]",1,-1
16352,[0.69324736 0.59774976],3,3,"[0.6601234827680622, 0.6109507568947781]",1,-1
16353,[0.73064879 0.5902054 ],3,-1,-1,1,-1
16354,[0.45668383 0.5570991 ],0,-1,-1,1,-1
16355,[0.72012954 0.68996505],2,0,"[0.7890750777399501, 0.6799557517006445]",1,-1
16356,[0.26943344 0.2351708 ],1,2,"[0.294379027732062, 0.1921773781634303]",0,0
16357,[0.68032029 0.64362516],3,3,"[0.6601234827680622, 0.6109507568947781]",1,-1
16358,[0.2392283  0.16369167],1,2,"[0.294379027732062, 0.1921773781634303]",0,0
16359,[0.31432727 0.56751939],0,1,"[0.37965276877051146, 0.575157747726818]",1,-1
16360,[0.670553   0.64243956],3,3,"[0.6601234827680622, 0.6109507568947781]",1,-1
16361,[0.7893852  0.68055682],2,0,"[0.7890750777399501, 0.6799557517006445]",1,4
16362,[0.81094513 0.63659625],2,0,"[0.7890750777399501, 0.6799557517006445]",1,-1
16363,[0.48064782 0.60844519],0,-1,-1,1,-1
16364,[0.80696881 0.67417883],2,0,"[0.7890750777399501, 0.6799557517006445]",1,4
16365,[0.40115318 0.61987484],0,1,"[0.37965276877051146, 0.575157747726818]",1,-1
16366,[0.75593185 0.56232142],3,-1,-1,1,-1
16367,[0.2669129  0.23461051],1,2,"[0.294379027732062, 0.1921773781634303]",0,0
16368,[0.37716071 0.62055775],0,1,"[0.37965276877051146, 0.575157747726818]",1,-1
16369,[0.34434845 0.59216175],0,1,"[0.37965276877051146, 0.575157747726818]",1,-1
16370,[0.5913369 0.5890576],3,-1,-1,1,-1
16371,[0.38118878 0.62228638],0,1,"[0.37965276877051146, 0.575157747726818]",1,-1
16372,[0.65288121 0.57817814],3,3,"[0.6601234827680622, 0.6109507568947781]",1,-1
16373,[0.70383211 0.48210926],3,-1,-1,1,-1
16374,[0.36893537 0.56994667],0,1,"[0.37965276877051146, 0.575157747726818]",1,-1
16375,[0.64351112 0.65690804],3,3,"[0.6601234827680622, 0.6109507568947781]",1,-1
16376,[0.75209251 0.63269238],2,0,"[0.7890750777399501, 0.6799557517006445]",1,-1
16377,[0.29727991 0.19972303],1,2,"[0.294379027732062, 0.1921773781634303]",0,0
16378,[0.35942731 0.21012751],1,2,"[0.294379027732062, 0.1921773781634303]",0,0
16379,[0.35795769 0.53891452],0,1,"[0.37965276877051146, 0.575157747726818]",1,-1
16380,[0.72303846 0.64183113],2,-1,-1,1,-1
16381,[0.32548233 0.54268499],0,1,"[0.37965276877051146, 0.575157747726818]",1,-1
16382,[0.44294847 0.57536489],0,1,"[0.37965276877051146, 0.575157747726818]",1,-1
16383,[0.29003441 0.12464617],1,2,"[0.294379027732062, 0.1921773781634303]",0,0
16384,[0.67126943 0.50115771],3,-1,-1,1,-1
16385,[0.43398484 0.65714073],0,-1,-1,1,-1
16386,[0.65708447 0.4966824 ],3,-1,-1,1,-1
16387,[0.83117547 0.67794495],2,0,"[0.7890750777399501, 0.6799557517006445]",1,-1
16388,[0.26238117 0.20326943],1,2,"[0.294379027732062, 0.1921773781634303]",0,0
16389,[0.41801656 0.57206565],0,1,"[0.37965276877051146, 0.575157747726818]",1,-1
16390,[0.81293062 0.65794181],2,0,"[0.7890750777399501, 0.6799557517006445]",1,-1
16391,[0.44757524 0.58564389],0,1,"[0.37965276877051146, 0.575157747726818]",1,-1
16392,[0.3321555  0.15665116],1,2,"[0.294379027732062, 0.1921773781634303]",0,0
16393,[0.43734926 0.47611177],0,-1,-1,1,-1
16394,[0.18323943 0.22020795],1,-1,-1,0,0
16395,[0.8273213  0.66937354],2,0,"[0.7890750777399501, 0.6799557517006445]",1,-1
16396,[0.27669693 0.2117792 ],1,2,"[0.294379027732062, 0.1921773781634303]",0,0
16397,[0.28913758 0.28839497],1,-1,-1,0,0
16398,[0.3102151  0.52515612],0,-1,-1,1,-1
16399,[0.68110212 0.74867597],2,-1,-1,1,-1
16400,[0.31064123 0.12379989],1,-1,-1,0,0
16401,[0.23967056 0.24362988],1,-1,-1,0,0
16402,[0.3680867  0.63044387],0,1,"[0.37965276877051146, 0.575157747726818]",1,-1
16403,[0.38524687 0.147781  ],1,-1,-1,0,0
16404,[0.82036209 0.73554889],2,0,"[0.7890750777399501, 0.6799557517006445]",1,-1
16405,[0.65569469 0.5886942 ],3,3,"[0.6601234827680622, 0.6109507568947781]",1,-1
16406,[0.28807799 0.24829184],1,2,"[0.294379027732062, 0.1921773781634303]",0,0
16407,[0.32655964 0.22851213],1,2,"[0.294379027732062, 0.1921773781634303]",0,0
16408,[0.33462257 0.25644627],1,-1,-1,0,0
16409,[0.41131583 0.47751882],0,-1,-1,1,-1
16410,[0.27990342 0.23747557],1,2,"[0.294379027732062, 0.1921773781634303]",0,0
16411,[0.78163798 0.74087729],2,0,"[0.7890750777399501, 0.6799557517006445]",1,-1
16412,[0.28706214 0.22092472],1,2,"[0.294379027732062, 0.1921773781634303]",0,0
16413,[0.71082068 0.71916796],2,-1,-1,1,-1
16414,[0.55567366 0.677098  ],3,-1,-1,1,-1
16415,[0.84308466 0.76640745],2,-1,-1,1,-1
16416,[0.29850665 0.25059266],1,2,"[0.294379027732062, 0.1921773781634303]",0,0
16417,[0.3628257  0.48432281],0,-1,-1,1,-1
16418,[0.72970705 0.64221878],2,-1,-1,1,-1
16419,[0.29200114 0.22039661],1,2,"[0.294379027732062, 0.1921773781634303]",0,0
16420,[0.299433   0.13931954],1,2,"[0.294379027732062, 0.1921773781634303]",0,0
16421,[0.28594652 0.56362238],0,-1,-1,1,-1
16422,[0.66134698 0.54456629],3,3,"[0.6601234827680622, 0.6109507568947781]",1,-1
16423,[0.67501644 0.59396425],3,3,"[0.6601234827680622, 0.6109507568947781]",1,-1
16424,[0.64164081 0.63170294],3,3,"[0.6601234827680622, 0.6109507568947781]",1,-1
16425,[0.27611158 0.13126075],1,2,"[0.294379027732062, 0.1921773781634303]",0,0
16426,[0.63292798 0.58726462],3,3,"[0.6601234827680622, 0.6109507568947781]",1,-1
16427,[0.35835075 0.20175229],1,2,"[0.294379027732062, 0.1921773781634303]",0,0
16428,[0.38686009 0.52982862],0,1,"[0.37965276877051146, 0.575157747726818]",1,-1
16429,[0.55483342 0.57841132],3,-1,-1,1,-1
16430,[0.69157554 0.62715215],3,3,"[0.6601234827680622, 0.6109507568947781]",1,7
16431,[0.73685916 0.66863289],2,0,"[0.7890750777399501, 0.6799557517006445]",1,-1
16432,[0.62982464 0.58833022],3,3,"[0.6601234827680622, 0.6109507568947781]",1,-1
16433,[0.77545131 0.58357587],2,-1,-1,1,-1
16434,[0.67876546 0.64908849],3,3,"[0.6601234827680622, 0.6109507568947781]",1,-1
16435,[0.75010471 0.71832703],2,0,"[0.7890750777399501, 0.6799557517006445]",1,-1
16436,[0.70538221 0.75763045],2,-1,-1,1,-1
16437,[0.70169387 0.56210724],3,3,"[0.6601234827680622, 0.6109507568947781]",1,-1
16438,[0.77356104 0.72932228],2,0,"[0.7890750777399501, 0.6799557517006445]",1,-1
16439,[0.23533358 0.15487474],1,2,"[0.294379027732062, 0.1921773781634303]",0,0
16440,[0.72093441 0.54544342],3,-1,-1,1,-1
16441,[0.73401709 0.74484536],2,-1,-1,1,-1
16442,[0.77727977 0.67977198],3,0,"[0.7890750777399501, 0.6799557517006445]",1,-1
16443,[0.72934443 0.59563954],2,-1,-1,1,-1
16444,[0.74418609 0.65279596],2,0,"[0.7890750777399501, 0.6799557517006445]",1,-1
16445,[0.261068  0.2740898],1,-1,-1,0,0
16446,[0.23608262 0.19270585],1,2,"[0.294379027732062, 0.1921773781634303]",0,0
16447,[0.48129894 0.53640014],0,-1,-1,1,-1
16448,[0.69508211 0.53168604],3,-1,-1,1,-1
16449,[0.29537014 0.11134558],1,-1,-1,0,0
16450,[0.86431747 0.65297047],2,-1,-1,1,-1
16451,[0.76165899 0.71042942],2,0,"[0.7890750777399501, 0.6799557517006445]",1,-1
16452,[0.74513187 0.61273202],3,-1,-1,1,-1
16453,[0.71421718 0.64719417],3,3,"[0.6601234827680622, 0.6109507568947781]",1,-1
16454,[0.8492965  0.73452548],2,-1,-1,1,-1
16455,[0.35513975 0.15667339],1,-1,-1,0,0
16456,[0.3198265  0.64335179],0,-1,-1,1,-1
16457,[0.30430886 0.22093725],1,2,"[0.294379027732062, 0.1921773781634303]",0,0
16458,[0.71564505 0.53239176],3,-1,-1,1,-1
16459,[0.84134961 0.69353541],2,0,"[0.7890750777399501, 0.6799557517006445]",1,-1
16460,[0.65133085 0.4975183 ],3,-1,-1,1,-1
16461,[0.3728936  0.56278561],0,1,"[0.37965276877051146, 0.575157747726818]",1,-1
16462,[0.41761675 0.50869925],0,-1,-1,1,-1
16463,[0.36065852 0.15552788],1,-1,-1,0,0
16464,[0.40978763 0.59684337],0,1,"[0.37965276877051146, 0.575157747726818]",1,-1
16465,[0.78204172 0.697534  ],2,0,"[0.7890750777399501, 0.6799557517006445]",1,-1
16466,[0.70770978 0.65224199],3,3,"[0.6601234827680622, 0.6109507568947781]",1,-1
16467,[0.18405236 0.16395102],1,-1,-1,0,0
16468,[0.42295147 0.56310404],0,1,"[0.37965276877051146, 0.575157747726818]",1,-1
16469,[0.75264839 0.69845285],3,0,"[0.7890750777399501, 0.6799557517006445]",1,-1
16470,[0.74914808 0.68969014],2,0,"[0.7890750777399501, 0.6799557517006445]",1,-1
16471,[0.36561702 0.54073944],0,1,"[0.37965276877051146, 0.575157747726818]",1,-1
16472,[0.7554908  0.56654023],2,-1,-1,1,-1
16473,[0.74260802 0.60220097],3,-1,-1,1,-1
16474,[0.67692848 0.59502451],3,3,"[0.6601234827680622, 0.6109507568947781]",1,-1
16475,[0.24139923 0.1945961 ],1,2,"[0.294379027732062, 0.1921773781634303]",0,0
16476,[0.39515962 0.52850736],0,1,"[0.37965276877051146, 0.575157747726818]",1,-1
16477,[0.30678476 0.15810495],1,2,"[0.294379027732062, 0.1921773781634303]",0,0
16478,[0.67090302 0.54544496],3,3,"[0.6601234827680622, 0.6109507568947781]",1,-1
16479,[0.61448183 0.65148222],3,3,"[0.6601234827680622, 0.6109507568947781]",1,-1
16480,[0.33863477 0.17393019],1,2,"[0.294379027732062, 0.1921773781634303]",0,0
16481,[0.38100514 0.63716462],0,1,"[0.37965276877051146, 0.575157747726818]",1,-1
16482,[0.75873484 0.59599668],3,-1,-1,1,-1
16483,[0.26000356 0.04874646],1,-1,-1,0,0
16484,[0.73928219 0.59092012],3,-1,-1,1,-1
16485,[0.29240436 0.2288461 ],1,2,"[0.294379027732062, 0.1921773781634303]",0,0
16486,[0.31962272 0.19482107],1,2,"[0.294379027732062, 0.1921773781634303]",0,0
16487,[0.72624752 0.66484889],2,0,"[0.7890750777399501, 0.6799557517006445]",1,-1
16488,[0.26680593 0.15231919],1,2,"[0.294379027732062, 0.1921773781634303]",0,0
16489,[0.36813137 0.64407271],0,1,"[0.37965276877051146, 0.575157747726818]",1,-1
16490,[0.29504902 0.18413363],1,2,"[0.294379027732062, 0.1921773781634303]",0,0
16491,[0.40032585 0.65570881],0,-1,-1,1,-1
16492,[0.42112377 0.54140828],0,1,"[0.37965276877051146, 0.575157747726818]",1,-1
16493,[0.23999676 0.18328011],1,2,"[0.294379027732062, 0.1921773781634303]",0,0
16494,[0.3971117 0.5458422],0,1,"[0.37965276877051146, 0.575157747726818]",1,-1
16495,[0.33546738 0.55431843],0,1,"[0.37965276877051146, 0.575157747726818]",1,-1
16496,[0.80755513 0.57512074],2,-1,-1,1,-1
16497,[0.22296124 0.31372955],1,-1,-1,0,0
16498,[0.43515222 0.49580291],0,-1,-1,1,-1
16499,[0.41665345 0.55536715],0,1,"[0.37965276877051146, 0.575157747726818]",1,-1
16500,[0.83309923 0.6317799 ],2,0,"[0.7890750777399501, 0.6799557517006445]",1,-1
16501,[0.43353407 0.5949133 ],0,1,"[0.37965276877051146, 0.575157747726818]",1,-1
16502,[0.82674397 0.73461987],2,0,"[0.7890750777399501, 0.6799557517006445]",1,-1
16503,[0.6165533  0.62742227],3,3,"[0.6601234827680622, 0.6109507568947781]",1,-1
16504,[0.86710005 0.72831281],2,-1,-1,1,-1
16505,[0.23730542 0.1641295 ],1,2,"[0.294379027732062, 0.1921773781634303]",0,0
16506,[0.63172062 0.73777365],3,-1,-1,1,-1
16507,[0.38540215 0.56369512],0,1,"[0.37965276877051146, 0.575157747726818]",1,-1
16508,[0.67801774 0.59992623],3,3,"[0.6601234827680622, 0.6109507568947781]",1,5
16509,[0.651266  0.6432377],3,3,"[0.6601234827680622, 0.6109507568947781]",1,-1
16510,[0.22978992 0.20024291],1,2,"[0.294379027732062, 0.1921773781634303]",0,0
16511,[0.78558458 0.75365793],2,-1,-1,1,-1
16512,[0.65008636 0.5175946 ],3,-1,-1,1,-1
16513,[0.41627698 0.54034533],0,1,"[0.37965276877051146, 0.575157747726818]",1,-1
16514,[0.7488053  0.73729738],2,-1,-1,1,-1
16515,[0.71483268 0.57121781],3,3,"[0.6601234827680622, 0.6109507568947781]",1,-1
16516,[0.71026403 0.59731582],3,3,"[0.6601234827680622, 0.6109507568947781]",1,-1
16517,[0.6741325  0.58061287],3,3,"[0.6601234827680622, 0.6109507568947781]",1,-1
16518,[0.65231443 0.58308436],3,3,"[0.6601234827680622, 0.6109507568947781]",1,-1
16519,[0.34723397 0.54729511],0,1,"[0.37965276877051146, 0.575157747726818]",1,-1
16520,[0.27438833 0.09976094],1,-1,-1,0,0
16521,[0.39387345 0.57978968],0,1,"[0.37965276877051146, 0.575157747726818]",1,-1
16522,[0.38904511 0.62112187],0,1,"[0.37965276877051146, 0.575157747726818]",1,-1
16523,[0.33419097 0.11667347],1,-1,-1,0,0
16524,[0.66142611 0.74482107],3,-1,-1,1,-1
16525,[0.72669607 0.5989138 ],3,3,"[0.6601234827680622, 0.6109507568947781]",1,-1
16526,[0.68268617 0.62482817],3,3,"[0.6601234827680622, 0.6109507568947781]",1,7
16527,[0.72238082 0.7198976 ],2,-1,-1,1,-1
16528,[0.25217136 0.18854501],1,2,"[0.294379027732062, 0.1921773781634303]",0,0
16529,[0.67181784 0.62697161],3,3,"[0.6601234827680622, 0.6109507568947781]",1,7
16530,[0.26014908 0.18535562],1,2,"[0.294379027732062, 0.1921773781634303]",0,0
16531,[0.7123907  0.71868913],2,-1,-1,1,-1
16532,[0.62530232 0.61628288],3,3,"[0.6601234827680622, 0.6109507568947781]",1,-1
16533,[0.63980108 0.64487935],3,3,"[0.6601234827680622, 0.6109507568947781]",1,-1
16534,[0.23418684 0.22770129],1,2,"[0.294379027732062, 0.1921773781634303]",0,0
16535,[0.65041796 0.57094354],3,3,"[0.6601234827680622, 0.6109507568947781]",1,-1
16536,[0.7181333  0.54386726],3,-1,-1,1,-1
16537,[0.25543046 0.27819403],1,-1,-1,0,0
16538,[0.27891623 0.1791674 ],1,2,"[0.294379027732062, 0.1921773781634303]",0,0
16539,[0.82603189 0.71255039],2,0,"[0.7890750777399501, 0.6799557517006445]",1,-1
16540,[0.2409007  0.12613055],1,-1,-1,0,0
16541,[0.7581068  0.67126487],2,0,"[0.7890750777399501, 0.6799557517006445]",1,-1
16542,[0.34153529 0.51127991],0,-1,-1,1,-1
16543,[0.44695766 0.5778736 ],0,1,"[0.37965276877051146, 0.575157747726818]",1,-1
16544,[0.26512635 0.1889221 ],1,2,"[0.294379027732062, 0.1921773781634303]",0,0
16545,[0.4797405  0.56207032],0,-1,-1,1,-1
16546,[0.35773382 0.63029169],0,1,"[0.37965276877051146, 0.575157747726818]",1,-1
16547,[0.74631951 0.66442158],2,0,"[0.7890750777399501, 0.6799557517006445]",1,-1
16548,[0.3457035  0.49800913],0,-1,-1,1,-1
16549,[0.31843397 0.25505029],1,2,"[0.294379027732062, 0.1921773781634303]",0,0
16550,[0.74265216 0.6878603 ],3,0,"[0.7890750777399501, 0.6799557517006445]",1,-1
16551,[0.2828623  0.12040182],1,-1,-1,0,0
16552,[0.38036246 0.61218998],0,1,"[0.37965276877051146, 0.575157747726818]",1,-1
16553,[0.6692674  0.65007849],3,3,"[0.6601234827680622, 0.6109507568947781]",1,-1
16554,[0.34942931 0.49758962],0,-1,-1,1,-1
16555,[0.77272866 0.70477245],2,0,"[0.7890750777399501, 0.6799557517006445]",1,-1
16556,[0.8130902  0.73229575],2,0,"[0.7890750777399501, 0.6799557517006445]",1,-1
16557,[0.37774776 0.62827511],0,1,"[0.37965276877051146, 0.575157747726818]",1,-1
16558,[0.29768629 0.14494695],1,2,"[0.294379027732062, 0.1921773781634303]",0,0
16559,[0.72964348 0.59115532],3,-1,-1,1,-1
16560,[0.79298172 0.631623  ],2,0,"[0.7890750777399501, 0.6799557517006445]",1,-1
16561,[0.86572751 0.6517579 ],2,-1,-1,1,-1
16562,[0.68095192 0.65965441],3,3,"[0.6601234827680622, 0.6109507568947781]",1,-1
16563,[0.36959072 0.66559731],0,-1,-1,1,-1
16564,[0.80728501 0.64881688],2,0,"[0.7890750777399501, 0.6799557517006445]",1,-1
16565,[0.64592619 0.58247407],3,3,"[0.6601234827680622, 0.6109507568947781]",1,-1
16566,[0.27502348 0.18664448],1,2,"[0.294379027732062, 0.1921773781634303]",0,0
16567,[0.6539436  0.65996443],3,3,"[0.6601234827680622, 0.6109507568947781]",1,-1
16568,[0.2213271  0.22201405],1,-1,-1,0,0
16569,[0.82211846 0.6081585 ],2,-1,-1,1,-1
16570,[0.35007764 0.56529883],0,1,"[0.37965276877051146, 0.575157747726818]",1,-1
16571,[0.70518452 0.5895707 ],3,3,"[0.6601234827680622, 0.6109507568947781]",1,-1
16572,[0.9308953  0.61795342],2,-1,-1,1,-1
16573,[0.30453478 0.54922417],0,-1,-1,1,-1
16574,[0.70216222 0.65255465],3,3,"[0.6601234827680622, 0.6109507568947781]",1,-1
16575,[0.71159044 0.77592359],2,-1,-1,1,-1
16576,[0.44679904 0.61856542],0,-1,-1,1,-1
16577,[0.65860037 0.64437416],3,3,"[0.6601234827680622, 0.6109507568947781]",1,-1
16578,[0.69630794 0.56530588],3,3,"[0.6601234827680622, 0.6109507568947781]",1,-1
16579,[0.43908747 0.66373569],0,-1,-1,1,-1
16580,[0.40953216 0.58582562],0,1,"[0.37965276877051146, 0.575157747726818]",1,-1
16581,[0.38027341 0.57899124],0,1,"[0.37965276877051146, 0.575157747726818]",1,-1
16582,[0.33180618 0.19259819],1,2,"[0.294379027732062, 0.1921773781634303]",0,0
16583,[0.68515857 0.54585764],3,3,"[0.6601234827680622, 0.6109507568947781]",1,-1
16584,[0.35086471 0.5693218 ],0,1,"[0.37965276877051146, 0.575157747726818]",1,-1
16585,[0.69070828 0.59445706],3,3,"[0.6601234827680622, 0.6109507568947781]",1,-1
16586,[0.65082475 0.56297988],3,3,"[0.6601234827680622, 0.6109507568947781]",1,-1
16587,[0.79299223 0.71842153],2,0,"[0.7890750777399501, 0.6799557517006445]",1,-1
16588,[0.27298093 0.21539355],1,2,"[0.294379027732062, 0.1921773781634303]",0,0
16589,[0.80203708 0.65723717],2,0,"[0.7890750777399501, 0.6799557517006445]",1,-1
16590,[0.6332092  0.57353534],3,3,"[0.6601234827680622, 0.6109507568947781]",1,-1
16591,[0.70018715 0.59148368],3,3,"[0.6601234827680622, 0.6109507568947781]",1,-1
16592,[0.28743533 0.09135643],1,-1,-1,0,0
16593,[0.63967258 0.64184783],3,3,"[0.6601234827680622, 0.6109507568947781]",1,-1
16594,[0.64731502 0.60646469],3,3,"[0.6601234827680622, 0.6109507568947781]",1,6
16595,[0.28623396 0.16563185],1,2,"[0.294379027732062, 0.1921773781634303]",0,0
16596,[0.35298133 0.53642195],0,1,"[0.37965276877051146, 0.575157747726818]",1,-1
16597,[0.67651737 0.63624002],3,3,"[0.6601234827680622, 0.6109507568947781]",1,-1
16598,[0.62615074 0.49293938],3,-1,-1,1,-1
16599,[0.80161167 0.67599237],2,0,"[0.7890750777399501, 0.6799557517006445]",1,4
16600,[0.36375519 0.2435798 ],1,-1,-1,0,0
16601,[0.29216097 0.23077273],1,2,"[0.294379027732062, 0.1921773781634303]",0,0
16602,[0.32106576 0.15630316],1,2,"[0.294379027732062, 0.1921773781634303]",0,0
16603,[0.61411139 0.63718194],3,3,"[0.6601234827680622, 0.6109507568947781]",1,-1
16604,[0.69807623 0.53739158],3,-1,-1,1,-1
16605,[0.80424941 0.69673894],2,0,"[0.7890750777399501, 0.6799557517006445]",1,-1
16606,[0.50821165 0.57523098],0,-1,-1,1,-1
16607,[0.35584149 0.1883702 ],1,2,"[0.294379027732062, 0.1921773781634303]",0,0
16608,[0.62624866 0.58926683],3,3,"[0.6601234827680622, 0.6109507568947781]",1,-1
16609,[0.77559137 0.59353009],3,-1,-1,1,-1
16610,[0.36027996 0.54938022],0,1,"[0.37965276877051146, 0.575157747726818]",1,-1
16611,[0.25711518 0.12697443],1,-1,-1,0,0
16612,[0.74574286 0.72862551],2,0,"[0.7890750777399501, 0.6799557517006445]",1,-1
16613,[0.42234588 0.61954323],0,1,"[0.37965276877051146, 0.575157747726818]",1,-1
16614,[0.60726789 0.49920523],3,-1,-1,1,-1
16615,[0.65422248 0.60057045],3,3,"[0.6601234827680622, 0.6109507568947781]",1,6
16616,[0.67593567 0.62704303],3,3,"[0.6601234827680622, 0.6109507568947781]",1,7
16617,[0.34951685 0.17112482],1,2,"[0.294379027732062, 0.1921773781634303]",0,0
16618,[0.67781171 0.6631405 ],3,3,"[0.6601234827680622, 0.6109507568947781]",1,-1
16619,[0.68866131 0.63087186],3,3,"[0.6601234827680622, 0.6109507568947781]",1,7
16620,[0.34172256 0.59180902],0,1,"[0.37965276877051146, 0.575157747726818]",1,-1
16621,[0.77982016 0.59720354],2,-1,-1,1,-1
16622,[0.39724895 0.51466918],0,1,"[0.37965276877051146, 0.575157747726818]",1,-1
16623,[0.70392467 0.5846883 ],3,3,"[0.6601234827680622, 0.6109507568947781]",1,-1
16624,[0.82062786 0.70094905],2,0,"[0.7890750777399501, 0.6799557517006445]",1,-1
16625,[0.76492075 0.71165128],2,0,"[0.7890750777399501, 0.6799557517006445]",1,-1
16626,[0.72584785 0.71720379],2,-1,-1,1,-1
16627,[0.23947572 0.16070113],1,2,"[0.294379027732062, 0.1921773781634303]",0,0
16628,[0.71156683 0.534205  ],3,-1,-1,1,-1
16629,[0.31064786 0.16221191],1,2,"[0.294379027732062, 0.1921773781634303]",0,0
16630,[0.90214894 0.66399297],2,-1,-1,1,-1
16631,[0.59832878 0.54551578],3,-1,-1,1,-1
16632,[0.35826724 0.55893063],0,1,"[0.37965276877051146, 0.575157747726818]",1,-1
16633,[0.73825909 0.61315274],2,-1,-1,1,-1
16634,[0.35558328 0.6059368 ],0,1,"[0.37965276877051146, 0.575157747726818]",1,-1
16635,[0.74825589 0.71457399],2,0,"[0.7890750777399501, 0.6799557517006445]",1,-1
16636,[0.71502763 0.65656262],3,-1,-1,1,-1
16637,[0.86525033 0.66558065],2,-1,-1,1,-1
16638,[0.58080525 0.58365839],3,-1,-1,1,-1
16639,[0.83568627 0.66236809],2,0,"[0.7890750777399501, 0.6799557517006445]",1,-1
16640,[0.35452133 0.62429602],0,1,"[0.37965276877051146, 0.575157747726818]",1,-1
16641,[0.84016084 0.72819897],2,-1,-1,1,-1
16642,[0.65185214 0.6457359 ],3,3,"[0.6601234827680622, 0.6109507568947781]",1,-1
16643,[0.35894688 0.27266245],1,-1,-1,0,0
16644,[0.64358828 0.57559276],3,3,"[0.6601234827680622, 0.6109507568947781]",1,-1
16645,[0.59530992 0.68225598],3,-1,-1,1,-1
16646,[0.33297856 0.20942013],1,2,"[0.294379027732062, 0.1921773781634303]",0,0
16647,[0.83203888 0.73853499],2,-1,-1,1,-1
16648,[0.38885468 0.61750927],0,1,"[0.37965276877051146, 0.575157747726818]",1,-1
16649,[0.6943114  0.53824352],3,-1,-1,1,-1
16650,[0.67892786 0.5915819 ],3,3,"[0.6601234827680622, 0.6109507568947781]",1,-1
16651,[0.44489187 0.63085292],0,-1,-1,1,-1
16652,[0.43348053 0.6050635 ],0,1,"[0.37965276877051146, 0.575157747726818]",1,-1
16653,[0.63401015 0.47676681],3,-1,-1,1,-1
16654,[0.79478261 0.68918708],2,0,"[0.7890750777399501, 0.6799557517006445]",1,-1
16655,[0.27573602 0.53623915],0,-1,-1,1,-1
16656,[0.74921881 0.72138111],2,0,"[0.7890750777399501, 0.6799557517006445]",1,-1
16657,[0.62465837 0.65712416],3,3,"[0.6601234827680622, 0.6109507568947781]",1,-1
16658,[0.7745558  0.55492088],2,-1,-1,1,-1
16659,[0.39579564 0.49839149],0,-1,-1,1,-1
16660,[0.40830208 0.65761154],0,-1,-1,1,-1
16661,[0.69765737 0.64894671],3,3,"[0.6601234827680622, 0.6109507568947781]",1,-1
16662,[0.65693029 0.59732644],3,3,"[0.6601234827680622, 0.6109507568947781]",1,-1
16663,[0.65503877 0.60019358],3,3,"[0.6601234827680622, 0.6109507568947781]",1,6
16664,[0.68560564 0.58311245],3,3,"[0.6601234827680622, 0.6109507568947781]",1,-1
16665,[0.72279517 0.7204508 ],2,-1,-1,1,-1
16666,[0.3040212  0.17559918],1,2,"[0.294379027732062, 0.1921773781634303]",0,0
16667,[0.6708936  0.58199608],3,3,"[0.6601234827680622, 0.6109507568947781]",1,-1
16668,[0.76297124 0.48791687],3,-1,-1,1,-1
16669,[0.72542236 0.66607689],2,0,"[0.7890750777399501, 0.6799557517006445]",1,-1
16670,[0.37286952 0.65898089],0,-1,-1,1,-1
16671,[0.41933376 0.64320336],0,-1,-1,1,-1
16672,[0.22449495 0.21177572],1,-1,-1,0,0
16673,[0.30859814 0.16249181],1,2,"[0.294379027732062, 0.1921773781634303]",0,0
16674,[0.32719859 0.18572131],1,2,"[0.294379027732062, 0.1921773781634303]",0,0
16675,[0.67324302 0.65093758],3,3,"[0.6601234827680622, 0.6109507568947781]",1,-1
16676,[0.37015519 0.20163292],1,-1,-1,0,0
16677,[0.38720617 0.17848459],1,-1,-1,0,0
16678,[0.26701377 0.18086181],1,2,"[0.294379027732062, 0.1921773781634303]",0,0
16679,[0.65405201 0.69494957],3,-1,-1,1,-1
16680,[0.82791949 0.74614756],2,-1,-1,1,-1
16681,[0.68046527 0.74682975],3,-1,-1,1,-1
16682,[0.63552537 0.62676894],3,3,"[0.6601234827680622, 0.6109507568947781]",1,-1
16683,[0.35946074 0.63873667],0,1,"[0.37965276877051146, 0.575157747726818]",1,-1
16684,[0.32932011 0.59489454],0,1,"[0.37965276877051146, 0.575157747726818]",1,-1
16685,[0.77047184 0.71588953],2,0,"[0.7890750777399501, 0.6799557517006445]",1,-1
16686,[0.30146924 0.19427052],1,2,"[0.294379027732062, 0.1921773781634303]",0,0
16687,[0.94049798 0.72348728],2,-1,-1,1,-1
16688,[0.88679168 0.65420283],2,-1,-1,1,-1
16689,[0.86011995 0.64494435],2,-1,-1,1,-1
16690,[0.77370716 0.69961683],2,0,"[0.7890750777399501, 0.6799557517006445]",1,-1
16691,[0.429472   0.63600646],0,-1,-1,1,-1
16692,[0.78587153 0.71900897],2,0,"[0.7890750777399501, 0.6799557517006445]",1,-1
16693,[0.39176821 0.14740911],1,-1,-1,0,0
16694,[0.78383045 0.61562566],2,0,"[0.7890750777399501, 0.6799557517006445]",1,-1
16695,[0.77223982 0.64329379],2,0,"[0.7890750777399501, 0.6799557517006445]",1,-1
16696,[0.36289808 0.58445407],0,1,"[0.37965276877051146, 0.575157747726818]",1,-1
16697,[0.76724375 0.66426339],2,0,"[0.7890750777399501, 0.6799557517006445]",1,-1
16698,[0.36960393 0.20634111],1,-1,-1,0,0
16699,[0.82712637 0.6684814 ],2,0,"[0.7890750777399501, 0.6799557517006445]",1,-1
16700,[0.81209161 0.57341678],2,-1,-1,1,-1
16701,[0.64582211 0.61133544],3,3,"[0.6601234827680622, 0.6109507568947781]",1,6
16702,[0.61497435 0.50446106],3,-1,-1,1,-1
16703,[0.36991575 0.58935064],0,1,"[0.37965276877051146, 0.575157747726818]",1,-1
16704,[0.71295286 0.60954315],3,3,"[0.6601234827680622, 0.6109507568947781]",1,-1
16705,[0.48599119 0.55473891],0,-1,-1,1,-1
16706,[0.31666264 0.55618142],0,1,"[0.37965276877051146, 0.575157747726818]",1,-1
16707,[0.7438082  0.61434673],3,-1,-1,1,-1
16708,[0.44506635 0.62301545],0,-1,-1,1,-1
16709,[0.81353112 0.71665885],2,0,"[0.7890750777399501, 0.6799557517006445]",1,-1
16710,[0.7525279  0.67118538],2,0,"[0.7890750777399501, 0.6799557517006445]",1,-1
16711,[0.34654633 0.63074894],0,1,"[0.37965276877051146, 0.575157747726818]",1,-1
16712,[0.25890662 0.15438561],1,2,"[0.294379027732062, 0.1921773781634303]",0,0
16713,[0.57235482 0.63033425],3,-1,-1,1,-1
16714,[0.70315007 0.60301243],3,3,"[0.6601234827680622, 0.6109507568947781]",1,-1
16715,[0.32530376 0.57376257],0,1,"[0.37965276877051146, 0.575157747726818]",1,-1
16716,[0.74934541 0.63202059],2,0,"[0.7890750777399501, 0.6799557517006445]",1,-1
16717,[0.86974975 0.7250208 ],2,-1,-1,1,-1
16718,[0.43966776 0.634314  ],0,-1,-1,1,-1
16719,[0.80179698 0.71488449],2,0,"[0.7890750777399501, 0.6799557517006445]",1,-1
16720,[0.79502848 0.67991812],2,0,"[0.7890750777399501, 0.6799557517006445]",1,-1
16721,[0.39746422 0.18859883],1,-1,-1,0,0
16722,[0.70288666 0.69043063],2,-1,-1,1,-1
16723,[0.7518289  0.72299509],2,0,"[0.7890750777399501, 0.6799557517006445]",1,-1
16724,[0.71154283 0.62043644],3,3,"[0.6601234827680622, 0.6109507568947781]",1,-1
16725,[0.65950529 0.66264904],3,3,"[0.6601234827680622, 0.6109507568947781]",1,-1
16726,[0.30202137 0.20321421],1,2,"[0.294379027732062, 0.1921773781634303]",0,0
16727,[0.28167892 0.26264603],1,-1,-1,0,0
16728,[0.67011279 0.62457466],3,3,"[0.6601234827680622, 0.6109507568947781]",1,7
16729,[0.61629483 0.64320836],3,3,"[0.6601234827680622, 0.6109507568947781]",1,-1
16730,[0.39354976 0.60223646],0,1,"[0.37965276877051146, 0.575157747726818]",1,-1
16731,[0.35667096 0.60603206],0,1,"[0.37965276877051146, 0.575157747726818]",1,-1
16732,[0.84517214 0.65286583],2,0,"[0.7890750777399501, 0.6799557517006445]",1,-1
16733,[0.78961877 0.62766859],2,0,"[0.7890750777399501, 0.6799557517006445]",1,-1
16734,[0.75583323 0.70777164],2,0,"[0.7890750777399501, 0.6799557517006445]",1,-1
16735,[0.75306849 0.64402854],2,0,"[0.7890750777399501, 0.6799557517006445]",1,-1
16736,[0.3784592  0.64910555],0,-1,-1,1,-1
16737,[0.22591744 0.16765526],1,-1,-1,0,0
16738,[0.62548798 0.60469057],3,3,"[0.6601234827680622, 0.6109507568947781]",1,-1
16739,[0.75981094 0.66077574],2,0,"[0.7890750777399501, 0.6799557517006445]",1,3
16740,[0.32214124 0.47429158],0,-1,-1,1,-1
16741,[0.76888906 0.75937499],2,-1,-1,1,-1
16742,[0.22610319 0.17478456],1,-1,-1,0,0
16743,[0.29032224 0.18222866],1,2,"[0.294379027732062, 0.1921773781634303]",0,0
16744,[0.38279164 0.55488299],0,1,"[0.37965276877051146, 0.575157747726818]",1,-1
16745,[0.31970749 0.22499266],1,2,"[0.294379027732062, 0.1921773781634303]",0,0
16746,[0.35612201 0.22534853],1,-1,-1,0,0
16747,[0.41804879 0.54595563],0,1,"[0.37965276877051146, 0.575157747726818]",1,-1
16748,[0.74336477 0.66125912],2,0,"[0.7890750777399501, 0.6799557517006445]",1,-1
16749,[0.18732221 0.16995506],1,-1,-1,0,0
16750,[0.45800784 0.63935152],0,-1,-1,1,-1
16751,[0.28285346 0.14819383],1,2,"[0.294379027732062, 0.1921773781634303]",0,0
16752,[0.75837233 0.63302988],2,0,"[0.7890750777399501, 0.6799557517006445]",1,-1
16753,[0.77538623 0.59428042],2,-1,-1,1,-1
16754,[0.62390085 0.61446349],3,3,"[0.6601234827680622, 0.6109507568947781]",1,-1
16755,[0.26696916 0.11822621],1,-1,-1,0,0
16756,[0.3541681  0.53400684],0,1,"[0.37965276877051146, 0.575157747726818]",1,-1
16757,[0.87933807 0.74953833],2,-1,-1,1,-1
16758,[0.63987678 0.56824254],3,3,"[0.6601234827680622, 0.6109507568947781]",1,-1
16759,[0.8564463  0.71047284],2,-1,-1,1,-1
16760,[0.67758868 0.64834854],3,3,"[0.6601234827680622, 0.6109507568947781]",1,-1
16761,[0.5907287  0.71302556],3,-1,-1,1,-1
16762,[0.84323919 0.66514498],2,0,"[0.7890750777399501, 0.6799557517006445]",1,-1
16763,[0.36578431 0.61092101],0,1,"[0.37965276877051146, 0.575157747726818]",1,-1
16764,[0.57749864 0.59653886],3,-1,-1,1,-1
16765,[0.72653092 0.65366265],2,0,"[0.7890750777399501, 0.6799557517006445]",1,-1
16766,[0.69611045 0.61569877],3,3,"[0.6601234827680622, 0.6109507568947781]",1,-1
16767,[0.78517155 0.71976461],2,0,"[0.7890750777399501, 0.6799557517006445]",1,-1
16768,[0.65123595 0.60374685],3,3,"[0.6601234827680622, 0.6109507568947781]",1,6
16769,[0.88356514 0.66593433],2,-1,-1,1,-1
16770,[0.83531258 0.64886918],2,0,"[0.7890750777399501, 0.6799557517006445]",1,-1
16771,[0.73007857 0.65851815],2,0,"[0.7890750777399501, 0.6799557517006445]",1,-1
16772,[0.31844041 0.18024201],1,2,"[0.294379027732062, 0.1921773781634303]",0,0
16773,[0.63839887 0.63400958],3,3,"[0.6601234827680622, 0.6109507568947781]",1,-1
16774,[0.6594551  0.57164249],3,3,"[0.6601234827680622, 0.6109507568947781]",1,-1
16775,[0.77083373 0.66219057],2,0,"[0.7890750777399501, 0.6799557517006445]",1,3
16776,[0.35297292 0.58256317],0,1,"[0.37965276877051146, 0.575157747726818]",1,-1
16777,[0.70678667 0.6623831 ],3,3,"[0.6601234827680622, 0.6109507568947781]",1,-1
16778,[0.35331295 0.22667274],1,2,"[0.294379027732062, 0.1921773781634303]",0,0
16779,[0.38513888 0.67486081],0,-1,-1,1,-1
16780,[0.73269851 0.5957683 ],3,-1,-1,1,-1
16781,[0.70808192 0.6249662 ],3,3,"[0.6601234827680622, 0.6109507568947781]",1,-1
16782,[0.70218922 0.72628587],3,-1,-1,1,-1
16783,[0.41126835 0.54083712],0,1,"[0.37965276877051146, 0.575157747726818]",1,-1
16784,[0.26825704 0.21420393],1,2,"[0.294379027732062, 0.1921773781634303]",0,0
16785,[0.57435066 0.65732434],3,-1,-1,1,-1
16786,[0.78714462 0.64969219],2,0,"[0.7890750777399501, 0.6799557517006445]",1,-1
16787,[0.85294198 0.7762852 ],2,-1,-1,1,-1
16788,[0.69311982 0.6809138 ],3,-1,-1,1,-1
16789,[0.37234976 0.52011214],0,1,"[0.37965276877051146, 0.575157747726818]",1,-1
16790,[0.43815386 0.6671076 ],0,-1,-1,1,-1
16791,[0.37609337 0.56604859],0,1,"[0.37965276877051146, 0.575157747726818]",1,1
16792,[0.66178098 0.57836172],3,3,"[0.6601234827680622, 0.6109507568947781]",1,-1
16793,[0.34825408 0.14851909],1,2,"[0.294379027732062, 0.1921773781634303]",0,0
16794,[0.68395327 0.53769994],3,-1,-1,1,-1
16795,[0.82084348 0.68068804],2,0,"[0.7890750777399501, 0.6799557517006445]",1,-1
16796,[0.32899734 0.63789375],0,-1,-1,1,-1
16797,[0.40512075 0.57095698],0,1,"[0.37965276877051146, 0.575157747726818]",1,2
16798,[0.34528618 0.62343717],0,1,"[0.37965276877051146, 0.575157747726818]",1,-1
16799,[0.72295581 0.79429698],2,-1,-1,1,-1
16800,[0.37765213 0.58346606],0,1,"[0.37965276877051146, 0.575157747726818]",1,-1
16801,[0.38823587 0.69837263],0,-1,-1,1,-1
16802,[0.30060186 0.51307404],0,-1,-1,1,-1
16803,[0.74117548 0.71814396],2,0,"[0.7890750777399501, 0.6799557517006445]",1,-1
16804,[0.63677682 0.57938827],3,3,"[0.6601234827680622, 0.6109507568947781]",1,-1
16805,[0.64546604 0.64521495],3,3,"[0.6601234827680622, 0.6109507568947781]",1,-1
16806,[0.62796438 0.72233989],3,-1,-1,1,-1
16807,[0.68861123 0.63037269],3,3,"[0.6601234827680622, 0.6109507568947781]",1,7
16808,[0.7575074  0.69387919],2,0,"[0.7890750777399501, 0.6799557517006445]",1,-1
16809,[0.68846155 0.6530535 ],3,3,"[0.6601234827680622, 0.6109507568947781]",1,-1
16810,[0.29321404 0.58407337],0,-1,-1,1,-1
16811,[0.25501112 0.10727271],1,-1,-1,0,0
16812,[0.75515994 0.59921194],3,-1,-1,1,-1
16813,[0.35997313 0.63232697],0,1,"[0.37965276877051146, 0.575157747726818]",1,-1
16814,[0.24234418 0.22569654],1,2,"[0.294379027732062, 0.1921773781634303]",0,0
16815,[0.38708138 0.60313166],0,1,"[0.37965276877051146, 0.575157747726818]",1,-1
16816,[0.74845714 0.6089865 ],3,-1,-1,1,-1
16817,[0.31430455 0.19250836],1,2,"[0.294379027732062, 0.1921773781634303]",0,0
16818,[0.79476509 0.72728734],2,0,"[0.7890750777399501, 0.6799557517006445]",1,-1
16819,[0.71723935 0.63734581],2,3,"[0.6601234827680622, 0.6109507568947781]",1,-1
16820,[0.46940222 0.62119807],0,-1,-1,1,-1
16821,[0.28960044 0.21421023],1,2,"[0.294379027732062, 0.1921773781634303]",0,0
16822,[0.70847266 0.70526747],3,-1,-1,1,-1
16823,[0.37619803 0.59878502],0,1,"[0.37965276877051146, 0.575157747726818]",1,-1
16824,[0.28033178 0.56421371],0,-1,-1,1,-1
16825,[0.38747907 0.65554512],0,-1,-1,1,-1
16826,[0.40635614 0.61683915],0,1,"[0.37965276877051146, 0.575157747726818]",1,-1
16827,[0.40456664 0.62717166],0,1,"[0.37965276877051146, 0.575157747726818]",1,-1
16828,[0.80679085 0.76901397],2,-1,-1,1,-1
16829,[0.68905372 0.62407272],3,3,"[0.6601234827680622, 0.6109507568947781]",1,-1
16830,[0.7906198  0.67213384],2,0,"[0.7890750777399501, 0.6799557517006445]",1,4
16831,[0.27118079 0.23886858],1,2,"[0.294379027732062, 0.1921773781634303]",0,0
16832,[0.72909683 0.58503382],3,-1,-1,1,-1
16833,[0.92649117 0.58870883],2,-1,-1,1,-1
16834,[0.58969348 0.61996346],3,-1,-1,1,-1
16835,[0.28711107 0.28249064],1,-1,-1,0,0
16836,[0.75165616 0.76197214],2,-1,-1,1,-1
16837,[0.32840343 0.25542249],1,-1,-1,0,0
16838,[0.67025271 0.62540393],3,3,"[0.6601234827680622, 0.6109507568947781]",1,7
16839,[0.86822034 0.72822441],2,-1,-1,1,-1
16840,[0.69049448 0.69217362],2,-1,-1,1,-1
16841,[0.77322393 0.73078351],2,0,"[0.7890750777399501, 0.6799557517006445]",1,-1
16842,[0.59167163 0.56605104],3,-1,-1,1,-1
16843,[0.3708769  0.59973541],0,1,"[0.37965276877051146, 0.575157747726818]",1,-1
16844,[0.79950907 0.67203816],2,0,"[0.7890750777399501, 0.6799557517006445]",1,4
16845,[0.30729905 0.21687168],1,2,"[0.294379027732062, 0.1921773781634303]",0,0
16846,[0.29776763 0.17997043],1,2,"[0.294379027732062, 0.1921773781634303]",0,0
16847,[0.47916443 0.55708648],0,-1,-1,1,-1
16848,[0.72512806 0.5669955 ],3,-1,-1,1,-1
16849,[0.74277726 0.62600788],3,-1,-1,1,-1
16850,[0.32251587 0.48957058],0,-1,-1,1,-1
16851,[0.67352637 0.64177022],3,3,"[0.6601234827680622, 0.6109507568947781]",1,-1
16852,[0.32907442 0.21560531],1,2,"[0.294379027732062, 0.1921773781634303]",0,0
16853,[0.27539324 0.18306565],1,2,"[0.294379027732062, 0.1921773781634303]",0,0
16854,[0.69784614 0.60729055],3,3,"[0.6601234827680622, 0.6109507568947781]",1,-1
16855,[0.81334798 0.61437025],2,0,"[0.7890750777399501, 0.6799557517006445]",1,-1
16856,[0.33338672 0.10288876],1,-1,-1,0,0
16857,[0.67193791 0.68881506],3,-1,-1,1,-1
16858,[0.74436352 0.68892921],3,0,"[0.7890750777399501, 0.6799557517006445]",1,-1
16859,[0.64538894 0.6660759 ],3,3,"[0.6601234827680622, 0.6109507568947781]",1,-1
16860,[0.40171437 0.14641797],1,-1,-1,0,0
16861,[0.84493509 0.60573016],2,-1,-1,1,-1
16862,[0.26156433 0.15947618],1,2,"[0.294379027732062, 0.1921773781634303]",0,0
16863,[0.39551719 0.56263356],0,1,"[0.37965276877051146, 0.575157747726818]",1,2
16864,[0.43351906 0.57443669],0,1,"[0.37965276877051146, 0.575157747726818]",1,-1
16865,[0.59478114 0.54646741],3,-1,-1,1,-1
16866,[0.33569317 0.6025499 ],0,1,"[0.37965276877051146, 0.575157747726818]",1,-1
16867,[0.65419123 0.61204404],3,3,"[0.6601234827680622, 0.6109507568947781]",1,-1
16868,[0.31658974 0.12607089],1,2,"[0.294379027732062, 0.1921773781634303]",0,0
16869,[0.38630072 0.49949017],0,-1,-1,1,-1
16870,[0.78711537 0.66063761],2,0,"[0.7890750777399501, 0.6799557517006445]",1,-1
16871,[0.32473092 0.12568592],1,-1,-1,0,0
16872,[0.29027002 0.253376  ],1,2,"[0.294379027732062, 0.1921773781634303]",0,0
16873,[0.75854119 0.62870251],3,0,"[0.7890750777399501, 0.6799557517006445]",1,-1
16874,[0.75005987 0.61748991],2,-1,-1,1,-1
16875,[0.25969577 0.16139485],1,2,"[0.294379027732062, 0.1921773781634303]",0,0
16876,[0.27825963 0.15723168],1,2,"[0.294379027732062, 0.1921773781634303]",0,0
16877,[0.27814684 0.19226339],1,2,"[0.294379027732062, 0.1921773781634303]",0,0
16878,[0.52425179 0.59903268],3,-1,-1,1,-1
16879,[0.32521138 0.08461109],1,-1,-1,0,0
16880,[0.30428654 0.11237588],1,-1,-1,0,0
16881,[0.37770759 0.56528663],0,1,"[0.37965276877051146, 0.575157747726818]",1,-1
16882,[0.39167612 0.52149644],0,1,"[0.37965276877051146, 0.575157747726818]",1,-1
16883,[0.7586458  0.69424667],2,0,"[0.7890750777399501, 0.6799557517006445]",1,-1
16884,[0.63431799 0.65130703],3,3,"[0.6601234827680622, 0.6109507568947781]",1,-1
16885,[0.34264186 0.55102496],0,1,"[0.37965276877051146, 0.575157747726818]",1,-1
16886,[0.43695762 0.58104844],0,1,"[0.37965276877051146, 0.575157747726818]",1,-1
16887,[0.55528505 0.55234147],3,-1,-1,1,-1
16888,[0.69300704 0.57077632],3,3,"[0.6601234827680622, 0.6109507568947781]",1,-1
16889,[0.78204235 0.7363856 ],2,0,"[0.7890750777399501, 0.6799557517006445]",1,-1
16890,[0.73570879 0.61341853],2,-1,-1,1,-1
16891,[0.68983086 0.56046104],3,3,"[0.6601234827680622, 0.6109507568947781]",1,-1
16892,[0.37599776 0.53956613],0,1,"[0.37965276877051146, 0.575157747726818]",1,-1
16893,[0.34270254 0.52252183],0,1,"[0.37965276877051146, 0.575157747726818]",1,-1
16894,[0.87974583 0.78626947],2,-1,-1,1,-1
16895,[0.59829881 0.56675571],3,-1,-1,1,-1
16896,[0.3782667  0.55661407],0,1,"[0.37965276877051146, 0.575157747726818]",1,-1
16897,[0.77794907 0.72309018],2,0,"[0.7890750777399501, 0.6799557517006445]",1,-1
16898,[0.33206176 0.63752525],0,-1,-1,1,-1
16899,[0.59612814 0.60601259],3,3,"[0.6601234827680622, 0.6109507568947781]",1,-1
16900,[0.2811702  0.22595395],1,2,"[0.294379027732062, 0.1921773781634303]",0,0
16901,[0.81152144 0.72658367],2,0,"[0.7890750777399501, 0.6799557517006445]",1,-1
16902,[0.26644587 0.63415463],0,-1,-1,1,-1
16903,[0.23360864 0.13217495],1,-1,-1,0,0
16904,[0.79336162 0.68074656],2,0,"[0.7890750777399501, 0.6799557517006445]",1,-1
16905,[0.85721451 0.69881122],2,-1,-1,1,-1
16906,[0.81640934 0.75131446],2,-1,-1,1,-1
16907,[0.28238194 0.15842474],1,2,"[0.294379027732062, 0.1921773781634303]",0,0
16908,[0.66114167 0.66749527],3,3,"[0.6601234827680622, 0.6109507568947781]",1,-1
16909,[0.82042735 0.71831239],2,0,"[0.7890750777399501, 0.6799557517006445]",1,-1
16910,[0.72656343 0.7074253 ],2,0,"[0.7890750777399501, 0.6799557517006445]",1,-1
16911,[0.24940963 0.2390317 ],1,2,"[0.294379027732062, 0.1921773781634303]",0,0
16912,[0.25732906 0.15078502],1,2,"[0.294379027732062, 0.1921773781634303]",0,0
16913,[0.5970341  0.53083931],3,-1,-1,1,-1
16914,[0.8092715  0.74376295],2,0,"[0.7890750777399501, 0.6799557517006445]",1,-1
16915,[0.31269803 0.59455844],0,1,"[0.37965276877051146, 0.575157747726818]",1,-1
16916,[0.82265531 0.80010346],2,-1,-1,1,-1
16917,[0.19827796 0.23562021],1,-1,-1,0,0
16918,[0.35397476 0.56867267],0,1,"[0.37965276877051146, 0.575157747726818]",1,-1
16919,[0.72165525 0.71940718],2,-1,-1,1,-1
16920,[0.54556166 0.623274  ],3,-1,-1,1,-1
16921,[0.68517006 0.57374814],3,3,"[0.6601234827680622, 0.6109507568947781]",1,-1
16922,[0.30639584 0.55593584],0,-1,-1,1,-1
16923,[0.92838401 0.60227804],2,-1,-1,1,-1
16924,[0.30562639 0.16233367],1,2,"[0.294379027732062, 0.1921773781634303]",0,0
16925,[0.79880188 0.74265617],2,0,"[0.7890750777399501, 0.6799557517006445]",1,-1
16926,[0.7323501  0.67173822],2,0,"[0.7890750777399501, 0.6799557517006445]",1,-1
16927,[0.3714872  0.59070517],0,1,"[0.37965276877051146, 0.575157747726818]",1,-1
16928,[0.64610719 0.51598623],3,-1,-1,1,-1
16929,[0.29689127 0.45001512],0,-1,-1,1,-1
16930,[0.77160168 0.70554104],2,0,"[0.7890750777399501, 0.6799557517006445]",1,-1
16931,[0.6082647  0.50030416],3,-1,-1,1,-1
16932,[0.37792256 0.14664978],1,-1,-1,0,0
16933,[0.26628765 0.21716031],1,2,"[0.294379027732062, 0.1921773781634303]",0,0
16934,[0.77564629 0.70272687],2,0,"[0.7890750777399501, 0.6799557517006445]",1,-1
16935,[0.81382483 0.56130972],2,-1,-1,1,-1
16936,[0.88890828 0.65446208],2,-1,-1,1,-1
16937,[0.77108203 0.68172114],2,0,"[0.7890750777399501, 0.6799557517006445]",1,-1
16938,[0.37742621 0.13354717],1,-1,-1,0,0
16939,[0.71193529 0.72332826],3,-1,-1,1,-1
16940,[0.3104037  0.23553037],1,2,"[0.294379027732062, 0.1921773781634303]",0,0
16941,[0.79275452 0.6837739 ],2,0,"[0.7890750777399501, 0.6799557517006445]",1,-1
16942,[0.24159019 0.18155976],1,2,"[0.294379027732062, 0.1921773781634303]",0,0
16943,[0.58762512 0.58073964],3,-1,-1,1,-1
16944,[0.36005533 0.15431698],1,-1,-1,0,0
16945,[0.65227726 0.59682232],3,3,"[0.6601234827680622, 0.6109507568947781]",1,-1
16946,[0.81131641 0.5432724 ],2,-1,-1,1,-1
16947,[0.40916232 0.52700815],0,1,"[0.37965276877051146, 0.575157747726818]",1,-1
16948,[0.81018923 0.59496921],2,-1,-1,1,-1
16949,[0.26231023 0.23074364],1,2,"[0.294379027732062, 0.1921773781634303]",0,0
16950,[0.30666021 0.25547295],1,2,"[0.294379027732062, 0.1921773781634303]",0,0
16951,[0.68175296 0.6493232 ],3,3,"[0.6601234827680622, 0.6109507568947781]",1,-1
16952,[0.6481238  0.58511869],3,3,"[0.6601234827680622, 0.6109507568947781]",1,-1
16953,[0.74641165 0.62477575],2,0,"[0.7890750777399501, 0.6799557517006445]",1,-1
16954,[0.46081293 0.60722977],0,-1,-1,1,-1
16955,[0.31247116 0.16955447],1,2,"[0.294379027732062, 0.1921773781634303]",0,0
16956,[0.66831134 0.53989412],3,-1,-1,1,-1
16957,[0.79052931 0.68388492],2,0,"[0.7890750777399501, 0.6799557517006445]",1,-1
16958,[0.58137866 0.54216298],3,-1,-1,1,-1
16959,[0.42897139 0.59080862],0,1,"[0.37965276877051146, 0.575157747726818]",1,-1
16960,[0.81673826 0.74768054],2,-1,-1,1,-1
16961,[0.67529164 0.55718328],3,3,"[0.6601234827680622, 0.6109507568947781]",1,-1
16962,[0.3553123  0.23367858],1,-1,-1,0,0
16963,[0.77558457 0.75848537],2,-1,-1,1,-1
16964,[0.36589337 0.24287604],1,-1,-1,0,0
16965,[0.26249202 0.26287111],1,-1,-1,0,0
16966,[0.76568758 0.70829586],2,0,"[0.7890750777399501, 0.6799557517006445]",1,-1
16967,[0.75238686 0.57890695],2,-1,-1,1,-1
16968,[0.76576255 0.61532809],2,0,"[0.7890750777399501, 0.6799557517006445]",1,-1
16969,[0.82656277 0.66092225],2,0,"[0.7890750777399501, 0.6799557517006445]",1,-1
16970,[0.30437211 0.11657206],1,-1,-1,0,0
16971,[0.34988071 0.48335503],0,-1,-1,1,-1
16972,[0.35832791 0.16605074],1,2,"[0.294379027732062, 0.1921773781634303]",0,0
16973,[0.31688795 0.22470376],1,2,"[0.294379027732062, 0.1921773781634303]",0,0
16974,[0.74421756 0.67331496],2,0,"[0.7890750777399501, 0.6799557517006445]",1,-1
16975,[0.6807773 0.625806 ],3,3,"[0.6601234827680622, 0.6109507568947781]",1,-1
16976,[0.32579476 0.21782056],1,2,"[0.294379027732062, 0.1921773781634303]",0,0
16977,[0.30130743 0.1334699 ],1,2,"[0.294379027732062, 0.1921773781634303]",0,0
16978,[0.74154791 0.60571911],2,-1,-1,1,-1
16979,[0.24121813 0.24918856],1,-1,-1,0,0
16980,[0.36318873 0.56225169],0,1,"[0.37965276877051146, 0.575157747726818]",1,-1
16981,[0.42810865 0.50481767],0,-1,-1,1,-1
16982,[0.26085005 0.10145177],1,-1,-1,0,0
16983,[0.32872404 0.58997869],0,1,"[0.37965276877051146, 0.575157747726818]",1,-1
16984,[0.81844595 0.63309268],2,0,"[0.7890750777399501, 0.6799557517006445]",1,-1
16985,[0.30813074 0.15919567],1,2,"[0.294379027732062, 0.1921773781634303]",0,0
16986,[0.37885983 0.59900694],0,1,"[0.37965276877051146, 0.575157747726818]",1,-1
16987,[0.35256127 0.50554074],0,-1,-1,1,-1
16988,[0.37650752 0.5381425 ],0,1,"[0.37965276877051146, 0.575157747726818]",1,-1
16989,[0.78756108 0.67344842],2,0,"[0.7890750777399501, 0.6799557517006445]",1,4
16990,[0.27422339 0.22827581],1,2,"[0.294379027732062, 0.1921773781634303]",0,0
16991,[0.76908596 0.70039032],2,0,"[0.7890750777399501, 0.6799557517006445]",1,-1
16992,[0.68025757 0.59969791],3,3,"[0.6601234827680622, 0.6109507568947781]",1,5
16993,[0.35230687 0.60522581],0,1,"[0.37965276877051146, 0.575157747726818]",1,-1
16994,[0.75676256 0.65948876],2,0,"[0.7890750777399501, 0.6799557517006445]",1,3
16995,[0.27866931 0.22293165],1,2,"[0.294379027732062, 0.1921773781634303]",0,0
16996,[0.40049464 0.49203474],0,-1,-1,1,-1
16997,[0.72291156 0.68178915],2,0,"[0.7890750777399501, 0.6799557517006445]",1,-1
16998,[0.68069008 0.57965581],3,3,"[0.6601234827680622, 0.6109507568947781]",1,-1
16999,[0.64721328 0.67006183],3,3,"[0.6601234827680622, 0.6109507568947781]",1,-1
17000,[0.80922374 0.64624501],2,0,"[0.7890750777399501, 0.6799557517006445]",1,-1
17001,[0.82299697 0.65218733],2,0,"[0.7890750777399501, 0.6799557517006445]",1,-1
17002,[0.60444591 0.64235346],3,3,"[0.6601234827680622, 0.6109507568947781]",1,-1
17003,[0.22121713 0.15239315],1,-1,-1,0,0
17004,[0.22416592 0.17376827],1,-1,-1,0,0
17005,[0.32328939 0.1753408 ],1,2,"[0.294379027732062, 0.1921773781634303]",0,0
17006,[0.33131568 0.67805336],0,-1,-1,1,-1
17007,[0.66502485 0.5358914 ],3,-1,-1,1,-1
17008,[0.32863054 0.54082108],0,1,"[0.37965276877051146, 0.575157747726818]",1,-1
17009,[0.64955609 0.60906706],3,3,"[0.6601234827680622, 0.6109507568947781]",1,6
17010,[0.24709281 0.2898025 ],1,-1,-1,0,0
17011,[0.254703   0.25076787],1,-1,-1,0,0
17012,[0.31220163 0.21989712],1,2,"[0.294379027732062, 0.1921773781634303]",0,0
17013,[0.34866144 0.50486246],0,-1,-1,1,-1
17014,[0.64316747 0.62240168],3,3,"[0.6601234827680622, 0.6109507568947781]",1,-1
17015,[0.86131777 0.7179669 ],2,-1,-1,1,-1
17016,[0.25048249 0.20185687],1,2,"[0.294379027732062, 0.1921773781634303]",0,0
17017,[0.62265514 0.62631098],3,3,"[0.6601234827680622, 0.6109507568947781]",1,-1
17018,[0.40230943 0.64175337],0,-1,-1,1,-1
17019,[0.7582849  0.68747556],2,0,"[0.7890750777399501, 0.6799557517006445]",1,-1
17020,[0.63931358 0.66636249],3,3,"[0.6601234827680622, 0.6109507568947781]",1,-1
17021,[0.63084353 0.78022054],3,-1,-1,1,-1
17022,[0.27410597 0.19856941],1,2,"[0.294379027732062, 0.1921773781634303]",0,0
17023,[0.59898716 0.61527021],3,3,"[0.6601234827680622, 0.6109507568947781]",1,-1
17024,[0.32083954 0.65260848],0,-1,-1,1,-1
17025,[0.76009019 0.70043725],3,0,"[0.7890750777399501, 0.6799557517006445]",1,-1
17026,[0.82943178 0.68926035],2,0,"[0.7890750777399501, 0.6799557517006445]",1,-1
17027,[0.62986925 0.59727356],3,3,"[0.6601234827680622, 0.6109507568947781]",1,-1
17028,[0.6999545  0.68396034],2,-1,-1,1,-1
17029,[0.70977939 0.58431762],3,3,"[0.6601234827680622, 0.6109507568947781]",1,-1
17030,[0.63380668 0.64190113],3,3,"[0.6601234827680622, 0.6109507568947781]",1,-1
17031,[0.7649162  0.66521564],2,0,"[0.7890750777399501, 0.6799557517006445]",1,-1
17032,[0.42005884 0.68575883],0,-1,-1,1,-1
17033,[0.24390677 0.2495273 ],1,-1,-1,0,0
17034,[0.44726315 0.60103092],0,-1,-1,1,-1
17035,[0.28865424 0.11308533],1,-1,-1,0,0
17036,[0.69695694 0.68357324],3,-1,-1,1,-1
17037,[0.80794851 0.73345284],2,0,"[0.7890750777399501, 0.6799557517006445]",1,-1
17038,[0.36487814 0.15286412],1,-1,-1,0,0
17039,[0.26353018 0.16255419],1,2,"[0.294379027732062, 0.1921773781634303]",0,0
17040,[0.29178488 0.18218888],1,2,"[0.294379027732062, 0.1921773781634303]",0,0
17041,[0.25151372 0.11308558],1,-1,-1,0,0
17042,[0.39820871 0.57860895],0,1,"[0.37965276877051146, 0.575157747726818]",1,-1
17043,[0.2749499  0.10191476],1,-1,-1,0,0
17044,[0.65333252 0.54851547],3,3,"[0.6601234827680622, 0.6109507568947781]",1,-1
17045,[0.34628073 0.17608316],1,2,"[0.294379027732062, 0.1921773781634303]",0,0
17046,[0.76941815 0.68065214],2,0,"[0.7890750777399501, 0.6799557517006445]",1,-1
17047,[0.29468059 0.24024567],1,2,"[0.294379027732062, 0.1921773781634303]",0,0
17048,[0.39861355 0.60327685],0,1,"[0.37965276877051146, 0.575157747726818]",1,-1
17049,[0.80177865 0.54591071],3,-1,-1,1,-1
17050,[0.33742358 0.24369237],1,2,"[0.294379027732062, 0.1921773781634303]",0,0
17051,[0.32581597 0.58383398],0,1,"[0.37965276877051146, 0.575157747726818]",1,-1
17052,[0.32115945 0.22987844],1,2,"[0.294379027732062, 0.1921773781634303]",0,0
17053,[0.80627662 0.74899068],2,-1,-1,1,-1
17054,[0.70768553 0.6904478 ],2,-1,-1,1,-1
17055,[0.35312511 0.5208293 ],0,1,"[0.37965276877051146, 0.575157747726818]",1,-1
17056,[0.79304947 0.71895814],2,0,"[0.7890750777399501, 0.6799557517006445]",1,-1
17057,[0.79684329 0.75860642],2,-1,-1,1,-1
17058,[0.29138537 0.59825785],0,-1,-1,1,-1
17059,[0.38363378 0.1399933 ],1,-1,-1,0,0
17060,[0.65568666 0.61401611],3,3,"[0.6601234827680622, 0.6109507568947781]",1,-1
17061,[0.34304264 0.63783844],0,-1,-1,1,-1
17062,[0.33569337 0.60494492],0,1,"[0.37965276877051146, 0.575157747726818]",1,-1
17063,[0.72443709 0.73086274],2,-1,-1,1,-1
17064,[0.61767947 0.5455145 ],3,-1,-1,1,-1
17065,[0.74114937 0.52040868],3,-1,-1,1,-1
17066,[0.75747573 0.63544679],2,0,"[0.7890750777399501, 0.6799557517006445]",1,-1
17067,[0.7194032  0.65157791],2,-1,-1,1,-1
17068,[0.6527811  0.58980242],3,3,"[0.6601234827680622, 0.6109507568947781]",1,-1
17069,[0.74228005 0.63734996],3,0,"[0.7890750777399501, 0.6799557517006445]",1,-1
17070,[0.36177971 0.60154978],0,1,"[0.37965276877051146, 0.575157747726818]",1,-1
17071,[0.42845212 0.58508304],0,1,"[0.37965276877051146, 0.575157747726818]",1,-1
17072,[0.5927372  0.62886294],3,3,"[0.6601234827680622, 0.6109507568947781]",1,-1
17073,[0.2568524  0.62157618],0,-1,-1,1,-1
17074,[0.72339982 0.70493534],2,-1,-1,1,-1
17075,[0.25983171 0.25556055],1,-1,-1,0,0
17076,[0.79337597 0.56659656],3,-1,-1,1,-1
17077,[0.23892769 0.1258952 ],1,-1,-1,0,0
17078,[0.35871945 0.54829105],0,1,"[0.37965276877051146, 0.575157747726818]",1,-1
17079,[0.75156385 0.6785323 ],2,0,"[0.7890750777399501, 0.6799557517006445]",1,-1
17080,[0.59703219 0.63031566],3,3,"[0.6601234827680622, 0.6109507568947781]",1,-1
17081,[0.73918649 0.63630769],2,0,"[0.7890750777399501, 0.6799557517006445]",1,-1
17082,[0.25649776 0.16917205],1,2,"[0.294379027732062, 0.1921773781634303]",0,0
17083,[0.82516034 0.71833357],2,0,"[0.7890750777399501, 0.6799557517006445]",1,-1
17084,[0.29217219 0.51046011],0,-1,-1,1,-1
17085,[0.80054473 0.70158204],2,0,"[0.7890750777399501, 0.6799557517006445]",1,-1
17086,[0.80336548 0.67525335],2,0,"[0.7890750777399501, 0.6799557517006445]",1,4
17087,[0.63729806 0.60127879],3,3,"[0.6601234827680622, 0.6109507568947781]",1,-1
17088,[0.67884092 0.68734009],3,-1,-1,1,-1
17089,[0.57379394 0.73660949],3,-1,-1,1,-1
17090,[0.44238467 0.57474663],0,1,"[0.37965276877051146, 0.575157747726818]",1,-1
17091,[0.65005174 0.60102338],3,3,"[0.6601234827680622, 0.6109507568947781]",1,6
17092,[0.82326499 0.66102234],2,0,"[0.7890750777399501, 0.6799557517006445]",1,-1
17093,[0.63328872 0.63469116],3,3,"[0.6601234827680622, 0.6109507568947781]",1,-1
17094,[0.38830482 0.56163671],0,1,"[0.37965276877051146, 0.575157747726818]",1,-1
17095,[0.3752283  0.63921096],0,1,"[0.37965276877051146, 0.575157747726818]",1,-1
17096,[0.75914687 0.7116537 ],2,0,"[0.7890750777399501, 0.6799557517006445]",1,-1
17097,[0.34169829 0.26419886],1,-1,-1,0,0
17098,[0.7385248  0.74320827],2,-1,-1,1,-1
17099,[0.84793117 0.63187881],2,-1,-1,1,-1
17100,[0.67889937 0.65763099],3,3,"[0.6601234827680622, 0.6109507568947781]",1,-1
17101,[0.42637982 0.60860816],0,1,"[0.37965276877051146, 0.575157747726818]",1,-1
17102,[0.41642267 0.50790391],0,-1,-1,1,-1
17103,[0.35643444 0.10271976],1,-1,-1,0,0
17104,[0.69961595 0.6554281 ],2,3,"[0.6601234827680622, 0.6109507568947781]",1,-1
17105,[0.3753616  0.53705515],0,1,"[0.37965276877051146, 0.575157747726818]",1,-1
17106,[0.36403787 0.5083589 ],0,1,"[0.37965276877051146, 0.575157747726818]",1,-1
17107,[0.27910468 0.17557028],1,2,"[0.294379027732062, 0.1921773781634303]",0,0
17108,[0.35587225 0.65105415],0,-1,-1,1,-1
17109,[0.65810945 0.5789232 ],3,3,"[0.6601234827680622, 0.6109507568947781]",1,-1
17110,[0.72102419 0.62234854],3,3,"[0.6601234827680622, 0.6109507568947781]",1,-1
17111,[0.85744539 0.56877942],2,-1,-1,1,-1
17112,[0.40624266 0.63714638],0,1,"[0.37965276877051146, 0.575157747726818]",1,-1
17113,[0.3017039  0.26132912],1,2,"[0.294379027732062, 0.1921773781634303]",0,0
17114,[0.3091133 0.1435181],1,2,"[0.294379027732062, 0.1921773781634303]",0,0
17115,[0.32464532 0.17273015],1,2,"[0.294379027732062, 0.1921773781634303]",0,0
17116,[0.33872549 0.59341296],0,1,"[0.37965276877051146, 0.575157747726818]",1,-1
17117,[0.79973538 0.68482758],2,0,"[0.7890750777399501, 0.6799557517006445]",1,-1
17118,[0.14652101 0.0757863 ],1,-1,-1,0,-1
17119,[0.30278573 0.17860987],1,2,"[0.294379027732062, 0.1921773781634303]",0,0
17120,[0.70273264 0.58085391],3,3,"[0.6601234827680622, 0.6109507568947781]",1,-1
17121,[0.8133877  0.62927082],2,0,"[0.7890750777399501, 0.6799557517006445]",1,-1
17122,[0.72167611 0.54956747],3,-1,-1,1,-1
17123,[0.28865124 0.20555619],1,2,"[0.294379027732062, 0.1921773781634303]",0,0
17124,[0.27695816 0.18406171],1,2,"[0.294379027732062, 0.1921773781634303]",0,0
17125,[0.58758997 0.67566573],3,-1,-1,1,-1
17126,[0.6798627  0.52719887],3,-1,-1,1,-1
17127,[0.6433767  0.58921156],3,3,"[0.6601234827680622, 0.6109507568947781]",1,-1
17128,[0.23820552 0.21026846],1,2,"[0.294379027732062, 0.1921773781634303]",0,0
17129,[0.62272959 0.55764608],3,3,"[0.6601234827680622, 0.6109507568947781]",1,-1
17130,[0.38627928 0.55281508],0,1,"[0.37965276877051146, 0.575157747726818]",1,-1
17131,[0.75465297 0.72865862],2,0,"[0.7890750777399501, 0.6799557517006445]",1,-1
17132,[0.6344416  0.58735542],3,3,"[0.6601234827680622, 0.6109507568947781]",1,-1
17133,[0.32370326 0.19293317],1,2,"[0.294379027732062, 0.1921773781634303]",0,0
17134,[0.79711993 0.69256903],2,0,"[0.7890750777399501, 0.6799557517006445]",1,-1
17135,[0.29448801 0.19394244],1,2,"[0.294379027732062, 0.1921773781634303]",0,0
17136,[0.65836462 0.58205539],3,3,"[0.6601234827680622, 0.6109507568947781]",1,-1
17137,[0.67873209 0.66616072],3,3,"[0.6601234827680622, 0.6109507568947781]",1,-1
17138,[0.38869643 0.57539713],0,1,"[0.37965276877051146, 0.575157747726818]",1,2
17139,[0.27623815 0.22026877],1,2,"[0.294379027732062, 0.1921773781634303]",0,0
17140,[0.32910323 0.63219787],0,-1,-1,1,-1
17141,[0.74857798 0.65333092],3,0,"[0.7890750777399501, 0.6799557517006445]",1,-1
17142,[0.1622482  0.17682421],1,-1,-1,0,0
17143,[0.75065698 0.65037604],2,0,"[0.7890750777399501, 0.6799557517006445]",1,-1
17144,[0.62759713 0.61130767],3,3,"[0.6601234827680622, 0.6109507568947781]",1,-1
17145,[0.24613243 0.148491  ],1,2,"[0.294379027732062, 0.1921773781634303]",0,0
17146,[0.3189526  0.24660343],1,2,"[0.294379027732062, 0.1921773781634303]",0,0
17147,[0.73126668 0.66891331],2,0,"[0.7890750777399501, 0.6799557517006445]",1,-1
17148,[0.44900527 0.55883552],0,-1,-1,1,-1
17149,[0.73262331 0.67519527],2,0,"[0.7890750777399501, 0.6799557517006445]",1,-1
17150,[0.70552891 0.60900499],3,3,"[0.6601234827680622, 0.6109507568947781]",1,-1
17151,[0.34959722 0.14600038],1,-1,-1,0,0
17152,[0.8360182  0.64241458],2,0,"[0.7890750777399501, 0.6799557517006445]",1,-1
17153,[0.65151245 0.55424835],3,3,"[0.6601234827680622, 0.6109507568947781]",1,-1
17154,[0.69675546 0.65906782],3,3,"[0.6601234827680622, 0.6109507568947781]",1,-1
17155,[0.43650956 0.57060554],0,1,"[0.37965276877051146, 0.575157747726818]",1,-1
17156,[0.35629536 0.54260186],0,1,"[0.37965276877051146, 0.575157747726818]",1,-1
17157,[0.84731997 0.70037543],2,0,"[0.7890750777399501, 0.6799557517006445]",1,-1
17158,[0.23482987 0.22120029],1,2,"[0.294379027732062, 0.1921773781634303]",0,0
17159,[0.31260466 0.08255439],1,-1,-1,0,0
17160,[0.78568833 0.64792969],2,0,"[0.7890750777399501, 0.6799557517006445]",1,-1
17161,[0.79481354 0.64909044],2,0,"[0.7890750777399501, 0.6799557517006445]",1,-1
17162,[0.50090012 0.54323598],0,-1,-1,1,-1
17163,[0.66259143 0.64158567],3,3,"[0.6601234827680622, 0.6109507568947781]",1,-1
17164,[0.40555097 0.6034001 ],0,1,"[0.37965276877051146, 0.575157747726818]",1,-1
17165,[0.25650197 0.18024658],1,2,"[0.294379027732062, 0.1921773781634303]",0,0
17166,[0.46833103 0.53476893],0,-1,-1,1,-1
17167,[0.63827448 0.58945302],3,3,"[0.6601234827680622, 0.6109507568947781]",1,-1
17168,[0.76680627 0.61468493],2,0,"[0.7890750777399501, 0.6799557517006445]",1,-1
17169,[0.73488832 0.66671747],2,0,"[0.7890750777399501, 0.6799557517006445]",1,-1
17170,[0.2326018  0.12292768],1,-1,-1,0,0
17171,[0.68037664 0.62179974],3,3,"[0.6601234827680622, 0.6109507568947781]",1,7
17172,[0.87961734 0.80550193],2,-1,-1,1,-1
17173,[0.75100083 0.68263981],2,0,"[0.7890750777399501, 0.6799557517006445]",1,-1
17174,[0.38887108 0.15016386],1,-1,-1,0,0
17175,[0.41534017 0.61456354],0,1,"[0.37965276877051146, 0.575157747726818]",1,-1
17176,[0.65753248 0.55095844],3,3,"[0.6601234827680622, 0.6109507568947781]",1,-1
17177,[0.39991492 0.49754932],0,-1,-1,1,-1
17178,[0.78525295 0.69760736],2,0,"[0.7890750777399501, 0.6799557517006445]",1,-1
17179,[0.78081555 0.63587865],2,0,"[0.7890750777399501, 0.6799557517006445]",1,-1
17180,[0.41305051 0.60330582],0,1,"[0.37965276877051146, 0.575157747726818]",1,-1
17181,[0.60148292 0.54938928],3,-1,-1,1,-1
17182,[0.25594759 0.22186727],1,2,"[0.294379027732062, 0.1921773781634303]",0,0
17183,[0.35475166 0.18626582],1,2,"[0.294379027732062, 0.1921773781634303]",0,0
17184,[0.622289   0.60270788],3,3,"[0.6601234827680622, 0.6109507568947781]",1,-1
17185,[0.44643213 0.64923541],0,-1,-1,1,-1
17186,[0.8011752 0.5772533],2,-1,-1,1,-1
17187,[0.40921071 0.5079282 ],0,-1,-1,1,-1
17188,[0.76454025 0.77735062],2,-1,-1,1,-1
17189,[0.84745281 0.67340189],2,0,"[0.7890750777399501, 0.6799557517006445]",1,-1
17190,[0.37548539 0.57943735],0,1,"[0.37965276877051146, 0.575157747726818]",1,1
17191,[0.32533116 0.21086791],1,2,"[0.294379027732062, 0.1921773781634303]",0,0
17192,[0.78106752 0.75070196],2,-1,-1,1,-1
17193,[0.81472927 0.711638  ],2,0,"[0.7890750777399501, 0.6799557517006445]",1,-1
17194,[0.30501025 0.11952873],1,-1,-1,0,0
17195,[0.4468325  0.48401545],0,-1,-1,1,-1
17196,[0.79738516 0.68991395],2,0,"[0.7890750777399501, 0.6799557517006445]",1,-1
17197,[0.34360332 0.59151777],0,1,"[0.37965276877051146, 0.575157747726818]",1,-1
17198,[0.72207881 0.67484408],3,0,"[0.7890750777399501, 0.6799557517006445]",1,-1
17199,[0.38222757 0.557776  ],0,1,"[0.37965276877051146, 0.575157747726818]",1,-1
17200,[0.39108792 0.57717567],0,1,"[0.37965276877051146, 0.575157747726818]",1,-1
17201,[0.397679  0.5805996],0,1,"[0.37965276877051146, 0.575157747726818]",1,-1
17202,[0.72934166 0.58057998],3,-1,-1,1,-1
17203,[0.25793309 0.18006086],1,2,"[0.294379027732062, 0.1921773781634303]",0,0
17204,[0.70691954 0.65278791],2,3,"[0.6601234827680622, 0.6109507568947781]",1,-1
17205,[0.15126903 0.25830808],1,-1,-1,0,0
17206,[0.68511566 0.57907749],3,3,"[0.6601234827680622, 0.6109507568947781]",1,-1
17207,[0.62852097 0.63831599],3,3,"[0.6601234827680622, 0.6109507568947781]",1,-1
17208,[0.63945828 0.59845572],3,3,"[0.6601234827680622, 0.6109507568947781]",1,-1
17209,[0.65423773 0.67658014],3,3,"[0.6601234827680622, 0.6109507568947781]",1,-1
17210,[0.81832096 0.65419405],2,0,"[0.7890750777399501, 0.6799557517006445]",1,-1
17211,[0.24138446 0.22280432],1,2,"[0.294379027732062, 0.1921773781634303]",0,0
17212,[0.25511389 0.14561293],1,2,"[0.294379027732062, 0.1921773781634303]",0,0
17213,[0.63737357 0.56367744],3,3,"[0.6601234827680622, 0.6109507568947781]",1,-1
17214,[0.83241948 0.75135483],2,-1,-1,1,-1
17215,[0.45351799 0.637328  ],0,-1,-1,1,-1
17216,[0.64845161 0.65945246],3,3,"[0.6601234827680622, 0.6109507568947781]",1,-1
17217,[0.65473208 0.62360745],3,3,"[0.6601234827680622, 0.6109507568947781]",1,7
17218,[0.45444354 0.58763613],0,-1,-1,1,-1
17219,[0.81858512 0.68514271],2,0,"[0.7890750777399501, 0.6799557517006445]",1,-1
17220,[0.7217395  0.63734042],3,3,"[0.6601234827680622, 0.6109507568947781]",1,-1
17221,[0.4334019  0.65449646],0,-1,-1,1,-1
17222,[0.86572304 0.67607804],2,-1,-1,1,-1
17223,[0.34329396 0.57008295],0,1,"[0.37965276877051146, 0.575157747726818]",1,-1
17224,[0.87101566 0.69824718],2,-1,-1,1,-1
17225,[0.3297711  0.21014369],1,2,"[0.294379027732062, 0.1921773781634303]",0,0
17226,[0.61346587 0.61011629],3,3,"[0.6601234827680622, 0.6109507568947781]",1,-1
17227,[0.35328654 0.45413854],0,-1,-1,1,-1
17228,[0.30097071 0.56711011],0,-1,-1,1,-1
17229,[0.25251602 0.18494264],1,2,"[0.294379027732062, 0.1921773781634303]",0,0
17230,[0.63705005 0.54149063],3,-1,-1,1,-1
17231,[0.73370391 0.69660872],2,0,"[0.7890750777399501, 0.6799557517006445]",1,-1
17232,[0.82288943 0.64513796],2,0,"[0.7890750777399501, 0.6799557517006445]",1,-1
17233,[0.79420317 0.73159343],2,0,"[0.7890750777399501, 0.6799557517006445]",1,-1
17234,[0.3256338  0.11938203],1,-1,-1,0,0
17235,[0.81629382 0.63056534],2,0,"[0.7890750777399501, 0.6799557517006445]",1,-1
17236,[0.67662114 0.63161873],3,3,"[0.6601234827680622, 0.6109507568947781]",1,-1
17237,[0.31707445 0.27378691],1,-1,-1,0,0
17238,[0.43724129 0.61443525],0,1,"[0.37965276877051146, 0.575157747726818]",1,-1
17239,[0.75893395 0.69253636],2,0,"[0.7890750777399501, 0.6799557517006445]",1,-1
17240,[0.43245089 0.56615751],0,1,"[0.37965276877051146, 0.575157747726818]",1,-1
17241,[0.70786779 0.62289407],3,3,"[0.6601234827680622, 0.6109507568947781]",1,-1
17242,[0.35821487 0.32116264],1,-1,-1,0,0
17243,[0.43532892 0.46692146],0,-1,-1,1,-1
17244,[0.79653801 0.66730647],2,0,"[0.7890750777399501, 0.6799557517006445]",1,4
17245,[0.30204376 0.19571443],1,2,"[0.294379027732062, 0.1921773781634303]",0,0
17246,[0.70828101 0.52669248],3,-1,-1,1,-1
17247,[0.89937228 0.73621488],2,-1,-1,1,-1
17248,[0.33911692 0.27405959],1,-1,-1,0,0
17249,[0.62975188 0.59124043],3,3,"[0.6601234827680622, 0.6109507568947781]",1,-1
17250,[0.47634322 0.49335082],0,-1,-1,1,-1
17251,[0.35369445 0.5421869 ],0,1,"[0.37965276877051146, 0.575157747726818]",1,-1
17252,[0.34822101 0.14429844],1,-1,-1,0,0
17253,[0.28535697 0.26270974],1,-1,-1,0,0
17254,[0.73195693 0.57847138],3,-1,-1,1,-1
17255,[0.33416223 0.53653324],0,1,"[0.37965276877051146, 0.575157747726818]",1,-1
17256,[0.28670233 0.1926211 ],1,2,"[0.294379027732062, 0.1921773781634303]",0,0
17257,[0.36476106 0.56032519],0,1,"[0.37965276877051146, 0.575157747726818]",1,-1
17258,[0.27718531 0.20241206],1,2,"[0.294379027732062, 0.1921773781634303]",0,0
17259,[0.34199357 0.49613033],0,-1,-1,1,-1
17260,[0.76971831 0.66306749],2,0,"[0.7890750777399501, 0.6799557517006445]",1,-1
17261,[0.72407471 0.57384221],2,-1,-1,1,-1
17262,[0.7866197  0.72942887],2,0,"[0.7890750777399501, 0.6799557517006445]",1,-1
17263,[0.7302335 0.619146 ],3,-1,-1,1,-1
17264,[0.31650302 0.22295264],1,2,"[0.294379027732062, 0.1921773781634303]",0,0
17265,[0.79998212 0.63526351],2,0,"[0.7890750777399501, 0.6799557517006445]",1,-1
17266,[0.77976048 0.69092307],2,0,"[0.7890750777399501, 0.6799557517006445]",1,-1
17267,[0.77597319 0.64539521],2,0,"[0.7890750777399501, 0.6799557517006445]",1,-1
17268,[0.33564094 0.61070733],0,1,"[0.37965276877051146, 0.575157747726818]",1,-1
17269,[0.37399394 0.64683146],0,-1,-1,1,-1
17270,[0.41716256 0.62222902],0,1,"[0.37965276877051146, 0.575157747726818]",1,-1
17271,[0.68304328 0.65992983],3,3,"[0.6601234827680622, 0.6109507568947781]",1,-1
17272,[0.40168113 0.55810245],0,1,"[0.37965276877051146, 0.575157747726818]",1,-1
17273,[0.27867924 0.17390614],1,2,"[0.294379027732062, 0.1921773781634303]",0,0
17274,[0.42757098 0.65389194],0,-1,-1,1,-1
17275,[0.86453454 0.67078165],2,-1,-1,1,-1
17276,[0.41017505 0.59811759],0,1,"[0.37965276877051146, 0.575157747726818]",1,-1
17277,[0.36801987 0.57134985],0,1,"[0.37965276877051146, 0.575157747726818]",1,-1
17278,[0.32406121 0.2910281 ],1,-1,-1,0,0
17279,[0.28131773 0.160727  ],1,2,"[0.294379027732062, 0.1921773781634303]",0,0
17280,[0.74669458 0.69337094],2,0,"[0.7890750777399501, 0.6799557517006445]",1,-1
17281,[0.72563639 0.69318575],2,0,"[0.7890750777399501, 0.6799557517006445]",1,-1
17282,[0.7539562  0.66349062],2,0,"[0.7890750777399501, 0.6799557517006445]",1,3
17283,[0.80603859 0.68929494],2,0,"[0.7890750777399501, 0.6799557517006445]",1,-1
17284,[0.78136979 0.76571866],2,-1,-1,1,-1
17285,[0.40593467 0.64085348],0,-1,-1,1,-1
17286,[0.79804054 0.64186764],2,0,"[0.7890750777399501, 0.6799557517006445]",1,-1
17287,[0.54200415 0.64062809],3,-1,-1,1,-1
17288,[0.65541142 0.57717787],3,3,"[0.6601234827680622, 0.6109507568947781]",1,-1
17289,[0.78393605 0.77037687],2,-1,-1,1,-1
17290,[0.37831559 0.5989113 ],0,1,"[0.37965276877051146, 0.575157747726818]",1,-1
17291,[0.64494486 0.67720828],2,3,"[0.6601234827680622, 0.6109507568947781]",1,-1
17292,[0.83347882 0.67571774],2,0,"[0.7890750777399501, 0.6799557517006445]",1,-1
17293,[0.35707589 0.17235632],1,2,"[0.294379027732062, 0.1921773781634303]",0,0
17294,[0.67241918 0.54150633],3,-1,-1,1,-1
17295,[0.46064429 0.62105511],0,-1,-1,1,-1
17296,[0.33682223 0.19946203],1,2,"[0.294379027732062, 0.1921773781634303]",0,0
17297,[0.83995935 0.61620281],2,-1,-1,1,-1
17298,[0.7069588 0.680706 ],3,-1,-1,1,-1
17299,[0.37835279 0.58511622],0,1,"[0.37965276877051146, 0.575157747726818]",1,-1
17300,[0.31531693 0.30919957],1,-1,-1,0,0
17301,[0.75860621 0.66211885],2,0,"[0.7890750777399501, 0.6799557517006445]",1,-1
17302,[0.44709052 0.549715  ],0,-1,-1,1,-1
17303,[0.75786076 0.599646  ],2,-1,-1,1,-1
17304,[0.72341766 0.59736526],3,3,"[0.6601234827680622, 0.6109507568947781]",1,-1
17305,[0.41418707 0.52425923],0,1,"[0.37965276877051146, 0.575157747726818]",1,-1
17306,[0.60765159 0.55840173],3,-1,-1,1,-1
17307,[0.32818937 0.62212959],0,1,"[0.37965276877051146, 0.575157747726818]",1,-1
17308,[0.37736457 0.58412895],0,1,"[0.37965276877051146, 0.575157747726818]",1,-1
17309,[0.25646879 0.17265909],1,2,"[0.294379027732062, 0.1921773781634303]",0,0
17310,[0.81985242 0.52958251],3,-1,-1,1,-1
17311,[0.33976213 0.18531256],1,2,"[0.294379027732062, 0.1921773781634303]",0,0
17312,[0.6704919  0.49135723],3,-1,-1,1,-1
17313,[0.20714566 0.18448932],1,-1,-1,0,0
17314,[0.64974101 0.5739007 ],3,3,"[0.6601234827680622, 0.6109507568947781]",1,-1
17315,[0.26214943 0.16214324],1,2,"[0.294379027732062, 0.1921773781634303]",0,0
17316,[0.26278244 0.18126396],1,2,"[0.294379027732062, 0.1921773781634303]",0,0
17317,[0.87869131 0.74155915],2,-1,-1,1,-1
17318,[0.38161457 0.63734676],0,1,"[0.37965276877051146, 0.575157747726818]",1,-1
17319,[0.38496431 0.55276009],0,1,"[0.37965276877051146, 0.575157747726818]",1,-1
17320,[0.40424944 0.50747663],0,-1,-1,1,-1
17321,[0.17468895 0.16575459],1,-1,-1,0,0
17322,[0.76439644 0.72868363],2,0,"[0.7890750777399501, 0.6799557517006445]",1,-1
17323,[0.72418847 0.58366736],2,3,"[0.6601234827680622, 0.6109507568947781]",1,-1
17324,[0.46045285 0.60152203],0,-1,-1,1,-1
17325,[0.39813617 0.42473758],0,-1,-1,1,-1
17326,[0.2996313  0.19732862],1,2,"[0.294379027732062, 0.1921773781634303]",0,0
17327,[0.28882706 0.23511249],1,2,"[0.294379027732062, 0.1921773781634303]",0,0
17328,[0.77559102 0.59798699],2,-1,-1,1,-1
17329,[0.28022653 0.25200135],1,2,"[0.294379027732062, 0.1921773781634303]",0,0
17330,[0.35438058 0.25065947],1,-1,-1,0,0
17331,[0.56821864 0.57201226],3,-1,-1,1,-1
17332,[0.21055965 0.15897608],1,-1,-1,0,0
17333,[0.75068778 0.6192593 ],3,-1,-1,1,-1
17334,[0.33331626 0.4873883 ],0,-1,-1,1,-1
17335,[0.28018003 0.17009228],1,2,"[0.294379027732062, 0.1921773781634303]",0,0
17336,[0.39525411 0.17736222],1,-1,-1,0,0
17337,[0.27242067 0.19048505],1,2,"[0.294379027732062, 0.1921773781634303]",0,0
17338,[0.39168296 0.5413767 ],0,1,"[0.37965276877051146, 0.575157747726818]",1,-1
17339,[0.27301421 0.1538776 ],1,2,"[0.294379027732062, 0.1921773781634303]",0,0
17340,[0.3408167  0.21102871],1,2,"[0.294379027732062, 0.1921773781634303]",0,0
17341,[0.29274607 0.20819493],1,2,"[0.294379027732062, 0.1921773781634303]",0,0
17342,[0.74690035 0.58714833],3,-1,-1,1,-1
17343,[0.38568239 0.49138234],0,-1,-1,1,-1
17344,[0.66061872 0.66028123],3,3,"[0.6601234827680622, 0.6109507568947781]",1,-1
17345,[0.38147394 0.62611391],0,1,"[0.37965276877051146, 0.575157747726818]",1,-1
17346,[0.88820081 0.62665234],2,-1,-1,1,-1
17347,[0.32280978 0.2418493 ],1,2,"[0.294379027732062, 0.1921773781634303]",0,0
17348,[0.35640364 0.5746553 ],0,1,"[0.37965276877051146, 0.575157747726818]",1,-1
17349,[0.66557099 0.48339621],3,-1,-1,1,-1
17350,[0.79664081 0.78173743],2,-1,-1,1,-1
17351,[0.73008428 0.713176  ],2,0,"[0.7890750777399501, 0.6799557517006445]",1,-1
17352,[0.24244488 0.17761458],1,2,"[0.294379027732062, 0.1921773781634303]",0,0
17353,[0.40582336 0.47234071],0,-1,-1,1,-1
17354,[0.70158245 0.5710772 ],3,3,"[0.6601234827680622, 0.6109507568947781]",1,-1
17355,[0.31367332 0.23703818],1,2,"[0.294379027732062, 0.1921773781634303]",0,0
17356,[0.37161027 0.46365792],0,-1,-1,1,-1
17357,[0.78484458 0.68018189],2,0,"[0.7890750777399501, 0.6799557517006445]",1,-1
17358,[0.831635   0.68844031],2,0,"[0.7890750777399501, 0.6799557517006445]",1,-1
17359,[0.83396268 0.63037608],2,0,"[0.7890750777399501, 0.6799557517006445]",1,-1
17360,[0.81898849 0.75937468],2,-1,-1,1,-1
17361,[0.75876654 0.72556594],2,0,"[0.7890750777399501, 0.6799557517006445]",1,-1
17362,[0.41521216 0.61732595],0,1,"[0.37965276877051146, 0.575157747726818]",1,-1
17363,[0.3471962  0.20090274],1,2,"[0.294379027732062, 0.1921773781634303]",0,0
17364,[0.68836274 0.59584131],3,3,"[0.6601234827680622, 0.6109507568947781]",1,-1
17365,[0.80721339 0.70158795],2,0,"[0.7890750777399501, 0.6799557517006445]",1,-1
17366,[0.69397261 0.6505162 ],3,3,"[0.6601234827680622, 0.6109507568947781]",1,-1
17367,[0.60435508 0.65158142],3,3,"[0.6601234827680622, 0.6109507568947781]",1,-1
17368,[0.78791901 0.72701146],2,0,"[0.7890750777399501, 0.6799557517006445]",1,-1
17369,[0.31274581 0.16230522],1,2,"[0.294379027732062, 0.1921773781634303]",0,0
17370,[0.70977766 0.75366903],2,-1,-1,1,-1
17371,[0.89705345 0.72368841],2,-1,-1,1,-1
17372,[0.75817851 0.72569461],2,0,"[0.7890750777399501, 0.6799557517006445]",1,-1
17373,[0.30685173 0.20185727],1,2,"[0.294379027732062, 0.1921773781634303]",0,0
17374,[0.38448498 0.58921122],0,1,"[0.37965276877051146, 0.575157747726818]",1,-1
17375,[0.3879045  0.59473724],0,1,"[0.37965276877051146, 0.575157747726818]",1,-1
17376,[0.83488776 0.70520245],2,0,"[0.7890750777399501, 0.6799557517006445]",1,-1
17377,[0.72063506 0.60762277],3,3,"[0.6601234827680622, 0.6109507568947781]",1,-1
17378,[0.75402256 0.69323354],2,0,"[0.7890750777399501, 0.6799557517006445]",1,-1
17379,[0.83820222 0.68599483],2,0,"[0.7890750777399501, 0.6799557517006445]",1,-1
17380,[0.43488253 0.63468455],0,-1,-1,1,-1
17381,[0.82963514 0.71012361],2,0,"[0.7890750777399501, 0.6799557517006445]",1,-1
17382,[0.71342533 0.73012233],2,-1,-1,1,-1
17383,[0.78227496 0.73743062],2,0,"[0.7890750777399501, 0.6799557517006445]",1,-1
17384,[0.36283935 0.17414491],1,-1,-1,0,0
17385,[0.63417937 0.62875543],3,3,"[0.6601234827680622, 0.6109507568947781]",1,-1
17386,[0.32878698 0.13978378],1,2,"[0.294379027732062, 0.1921773781634303]",0,0
17387,[0.306096   0.68813979],0,-1,-1,1,-1
17388,[0.61986654 0.63714675],3,3,"[0.6601234827680622, 0.6109507568947781]",1,-1
17389,[0.82768938 0.74732443],2,-1,-1,1,-1
17390,[0.31859853 0.23165679],1,2,"[0.294379027732062, 0.1921773781634303]",0,0
17391,[0.76953023 0.72895605],2,0,"[0.7890750777399501, 0.6799557517006445]",1,-1
17392,[0.3060174  0.13030854],1,2,"[0.294379027732062, 0.1921773781634303]",0,0
17393,[0.41416173 0.59874259],0,1,"[0.37965276877051146, 0.575157747726818]",1,-1
17394,[0.8103124  0.73030459],2,0,"[0.7890750777399501, 0.6799557517006445]",1,-1
17395,[0.38776339 0.64758041],0,-1,-1,1,-1
17396,[0.82595742 0.6397938 ],2,0,"[0.7890750777399501, 0.6799557517006445]",1,-1
17397,[0.78169747 0.6212911 ],2,0,"[0.7890750777399501, 0.6799557517006445]",1,-1
17398,[0.82696429 0.64977354],2,0,"[0.7890750777399501, 0.6799557517006445]",1,-1
17399,[0.28174126 0.22918245],1,2,"[0.294379027732062, 0.1921773781634303]",0,0
17400,[0.20948523 0.1874884 ],1,-1,-1,0,0
17401,[0.79760097 0.68798619],2,0,"[0.7890750777399501, 0.6799557517006445]",1,-1
17402,[0.74662768 0.76279948],2,-1,-1,1,-1
17403,[0.62840607 0.60021198],3,3,"[0.6601234827680622, 0.6109507568947781]",1,-1
17404,[0.68797956 0.64931286],3,3,"[0.6601234827680622, 0.6109507568947781]",1,-1
17405,[0.6153975  0.56319799],3,3,"[0.6601234827680622, 0.6109507568947781]",1,-1
17406,[0.32470411 0.22967907],1,2,"[0.294379027732062, 0.1921773781634303]",0,0
17407,[0.7083901  0.67524188],2,-1,-1,1,-1
17408,[0.4064021  0.56869585],0,1,"[0.37965276877051146, 0.575157747726818]",1,2
17409,[0.66786009 0.67880811],3,3,"[0.6601234827680622, 0.6109507568947781]",1,-1
17410,[0.39609598 0.6539988 ],0,-1,-1,1,-1
17411,[0.73730635 0.76677561],2,-1,-1,1,-1
17412,[0.80289265 0.68058734],2,0,"[0.7890750777399501, 0.6799557517006445]",1,-1
17413,[0.6417727  0.56473819],3,3,"[0.6601234827680622, 0.6109507568947781]",1,-1
17414,[0.26245194 0.05512478],1,-1,-1,0,0
17415,[0.72609697 0.61152337],2,3,"[0.6601234827680622, 0.6109507568947781]",1,-1
17416,[0.32320882 0.68143074],0,-1,-1,1,-1
17417,[0.69712896 0.52751437],3,-1,-1,1,-1
17418,[0.67137503 0.74544323],2,-1,-1,1,-1
17419,[0.58900566 0.5334882 ],3,-1,-1,1,-1
17420,[0.34554503 0.46712938],0,-1,-1,1,-1
17421,[0.39665487 0.51975046],0,1,"[0.37965276877051146, 0.575157747726818]",1,-1
17422,[0.63122103 0.55142987],3,3,"[0.6601234827680622, 0.6109507568947781]",1,-1
17423,[0.26197213 0.1506861 ],1,2,"[0.294379027732062, 0.1921773781634303]",0,0
17424,[0.35422388 0.62038586],0,1,"[0.37965276877051146, 0.575157747726818]",1,-1
17425,[0.32263047 0.24177228],1,2,"[0.294379027732062, 0.1921773781634303]",0,0
17426,[0.34789015 0.54167686],0,1,"[0.37965276877051146, 0.575157747726818]",1,-1
17427,[0.74873941 0.73380638],2,0,"[0.7890750777399501, 0.6799557517006445]",1,-1
17428,[0.25556155 0.18246642],1,2,"[0.294379027732062, 0.1921773781634303]",0,0
17429,[0.40564749 0.62866919],0,1,"[0.37965276877051146, 0.575157747726818]",1,-1
17430,[0.27625483 0.18483843],1,2,"[0.294379027732062, 0.1921773781634303]",0,0
17431,[0.38535402 0.57586144],0,1,"[0.37965276877051146, 0.575157747726818]",1,-1
17432,[0.84691649 0.69589473],2,0,"[0.7890750777399501, 0.6799557517006445]",1,-1
17433,[0.73999447 0.68877114],3,0,"[0.7890750777399501, 0.6799557517006445]",1,-1
17434,[0.6165559  0.69802422],3,-1,-1,1,-1
17435,[0.38716204 0.6321508 ],0,1,"[0.37965276877051146, 0.575157747726818]",1,-1
17436,[0.45945665 0.58218212],0,-1,-1,1,-1
17437,[0.19793202 0.14172355],1,-1,-1,0,0
17438,[0.67387937 0.64969914],3,3,"[0.6601234827680622, 0.6109507568947781]",1,-1
17439,[0.31124265 0.13725072],1,2,"[0.294379027732062, 0.1921773781634303]",0,0
17440,[0.65933525 0.62166524],3,3,"[0.6601234827680622, 0.6109507568947781]",1,7
17441,[0.22556192 0.15757656],1,-1,-1,0,0
17442,[0.80414063 0.71076617],2,0,"[0.7890750777399501, 0.6799557517006445]",1,-1
17443,[0.4812225  0.55370339],0,-1,-1,1,-1
17444,[0.61146858 0.57589652],3,3,"[0.6601234827680622, 0.6109507568947781]",1,-1
17445,[0.31643063 0.60856081],0,-1,-1,1,-1
17446,[0.38676132 0.54073882],0,1,"[0.37965276877051146, 0.575157747726818]",1,-1
17447,[0.43260414 0.63628546],0,-1,-1,1,-1
17448,[0.3390827  0.23261734],1,2,"[0.294379027732062, 0.1921773781634303]",0,0
17449,[0.65848293 0.54531408],3,3,"[0.6601234827680622, 0.6109507568947781]",1,-1
17450,[0.78704094 0.67636978],2,0,"[0.7890750777399501, 0.6799557517006445]",1,4
17451,[0.67167172 0.54839745],3,3,"[0.6601234827680622, 0.6109507568947781]",1,-1
17452,[0.74151297 0.61707603],2,-1,-1,1,-1
17453,[0.60053527 0.61929604],3,3,"[0.6601234827680622, 0.6109507568947781]",1,-1
17454,[0.70041068 0.73502507],2,-1,-1,1,-1
17455,[0.65200854 0.66788173],3,3,"[0.6601234827680622, 0.6109507568947781]",1,-1
17456,[0.6325422 0.6457918],3,3,"[0.6601234827680622, 0.6109507568947781]",1,-1
17457,[0.72454806 0.65607826],3,0,"[0.7890750777399501, 0.6799557517006445]",1,-1
17458,[0.37609423 0.50784126],0,1,"[0.37965276877051146, 0.575157747726818]",1,-1
17459,[0.31544145 0.21439678],1,2,"[0.294379027732062, 0.1921773781634303]",0,0
17460,[0.34515068 0.61748505],0,1,"[0.37965276877051146, 0.575157747726818]",1,-1
17461,[0.78405373 0.71564964],2,0,"[0.7890750777399501, 0.6799557517006445]",1,-1
17462,[0.33944373 0.55637389],0,1,"[0.37965276877051146, 0.575157747726818]",1,-1
17463,[0.43444563 0.44185407],0,-1,-1,1,-1
17464,[0.28374361 0.20673203],1,2,"[0.294379027732062, 0.1921773781634303]",0,0
17465,[0.38105752 0.55828328],0,1,"[0.37965276877051146, 0.575157747726818]",1,-1
17466,[0.25085914 0.18811909],1,2,"[0.294379027732062, 0.1921773781634303]",0,0
17467,[0.63826342 0.65779461],3,3,"[0.6601234827680622, 0.6109507568947781]",1,-1
17468,[0.24994296 0.08074788],1,-1,-1,0,0
17469,[0.66185153 0.6603134 ],3,3,"[0.6601234827680622, 0.6109507568947781]",1,-1
17470,[0.79547108 0.63124758],2,0,"[0.7890750777399501, 0.6799557517006445]",1,-1
17471,[0.41089968 0.60025067],0,1,"[0.37965276877051146, 0.575157747726818]",1,-1
17472,[0.352998   0.23010551],1,2,"[0.294379027732062, 0.1921773781634303]",0,0
17473,[0.74111297 0.63687837],3,0,"[0.7890750777399501, 0.6799557517006445]",1,-1
17474,[0.70827152 0.65591259],2,3,"[0.6601234827680622, 0.6109507568947781]",1,-1
17475,[0.75654556 0.69958235],2,0,"[0.7890750777399501, 0.6799557517006445]",1,-1
17476,[0.63862818 0.61066786],3,3,"[0.6601234827680622, 0.6109507568947781]",1,-1
17477,[0.67988405 0.56348374],3,3,"[0.6601234827680622, 0.6109507568947781]",1,-1
17478,[0.26960818 0.176879  ],1,2,"[0.294379027732062, 0.1921773781634303]",0,0
17479,[0.31326331 0.13568415],1,2,"[0.294379027732062, 0.1921773781634303]",0,0
17480,[0.60961008 0.59363098],3,3,"[0.6601234827680622, 0.6109507568947781]",1,-1
17481,[0.86463233 0.75214523],2,-1,-1,1,-1
17482,[0.2930055  0.15550358],1,2,"[0.294379027732062, 0.1921773781634303]",0,0
17483,[0.31459673 0.15124134],1,2,"[0.294379027732062, 0.1921773781634303]",0,0
17484,[0.33886096 0.24367572],1,2,"[0.294379027732062, 0.1921773781634303]",0,0
17485,[0.3190312  0.08515082],1,-1,-1,0,0
17486,[0.68400599 0.66097446],3,3,"[0.6601234827680622, 0.6109507568947781]",1,-1
17487,[0.25874247 0.19402573],1,2,"[0.294379027732062, 0.1921773781634303]",0,0
17488,[0.32458434 0.56859582],0,1,"[0.37965276877051146, 0.575157747726818]",1,-1
17489,[0.81002397 0.54975814],2,-1,-1,1,-1
17490,[0.38917233 0.5430264 ],0,1,"[0.37965276877051146, 0.575157747726818]",1,-1
17491,[0.34166153 0.57857258],0,1,"[0.37965276877051146, 0.575157747726818]",1,-1
17492,[0.27998803 0.52681941],0,-1,-1,1,-1
17493,[0.70784484 0.67807393],3,-1,-1,1,-1
17494,[0.61713362 0.55403111],3,-1,-1,1,-1
17495,[0.13959664 0.18201267],1,-1,-1,0,0
17496,[0.28511644 0.22921798],1,2,"[0.294379027732062, 0.1921773781634303]",0,0
17497,[0.88331854 0.72688906],2,-1,-1,1,-1
17498,[0.35681586 0.5184089 ],0,1,"[0.37965276877051146, 0.575157747726818]",1,-1
17499,[0.35359971 0.53506877],0,1,"[0.37965276877051146, 0.575157747726818]",1,-1
17500,[0.71705251 0.66776815],2,-1,-1,1,-1
17501,[0.34757786 0.20924882],1,2,"[0.294379027732062, 0.1921773781634303]",0,0
17502,[0.33198857 0.58645251],0,1,"[0.37965276877051146, 0.575157747726818]",1,-1
17503,[0.29511583 0.28280095],1,-1,-1,0,0
17504,[0.28517125 0.61466827],0,-1,-1,1,-1
17505,[0.75675873 0.65508683],2,0,"[0.7890750777399501, 0.6799557517006445]",1,-1
17506,[0.68186803 0.62347824],3,3,"[0.6601234827680622, 0.6109507568947781]",1,7
17507,[0.79067865 0.69354199],2,0,"[0.7890750777399501, 0.6799557517006445]",1,-1
17508,[0.71331732 0.69717269],2,-1,-1,1,-1
17509,[0.65940716 0.69205615],3,-1,-1,1,-1
17510,[0.7972599 0.6571748],2,0,"[0.7890750777399501, 0.6799557517006445]",1,-1
17511,[0.23709308 0.22446231],1,2,"[0.294379027732062, 0.1921773781634303]",0,0
17512,[0.78258635 0.57797746],2,-1,-1,1,-1
17513,[0.73963706 0.69209051],2,0,"[0.7890750777399501, 0.6799557517006445]",1,-1
17514,[0.81952291 0.63360768],2,0,"[0.7890750777399501, 0.6799557517006445]",1,-1
17515,[0.6964625  0.62173232],3,3,"[0.6601234827680622, 0.6109507568947781]",1,-1
17516,[0.33133035 0.4742531 ],0,-1,-1,1,-1
17517,[0.59847583 0.52927232],3,-1,-1,1,-1
17518,[0.37203012 0.63386442],0,1,"[0.37965276877051146, 0.575157747726818]",1,-1
17519,[0.63643476 0.60343798],3,3,"[0.6601234827680622, 0.6109507568947781]",1,-1
17520,[0.71586935 0.56182919],3,-1,-1,1,-1
17521,[0.25467689 0.20234895],1,2,"[0.294379027732062, 0.1921773781634303]",0,0
17522,[0.32660085 0.22744079],1,2,"[0.294379027732062, 0.1921773781634303]",0,0
17523,[0.66247518 0.64636246],3,3,"[0.6601234827680622, 0.6109507568947781]",1,-1
17524,[0.57478996 0.65099544],3,-1,-1,1,-1
17525,[0.43467724 0.51278749],0,-1,-1,1,-1
17526,[0.38583351 0.56190031],0,1,"[0.37965276877051146, 0.575157747726818]",1,-1
17527,[0.31564223 0.25726815],1,2,"[0.294379027732062, 0.1921773781634303]",0,0
17528,[0.85431057 0.68992476],2,0,"[0.7890750777399501, 0.6799557517006445]",1,-1
17529,[0.83898696 0.68324294],2,0,"[0.7890750777399501, 0.6799557517006445]",1,-1
17530,[0.27362617 0.14318948],1,2,"[0.294379027732062, 0.1921773781634303]",0,0
17531,[0.33648314 0.2096508 ],1,2,"[0.294379027732062, 0.1921773781634303]",0,0
17532,[0.59209922 0.6667582 ],3,-1,-1,1,-1
17533,[0.26680352 0.55259667],0,-1,-1,1,-1
17534,[0.37825225 0.55023319],0,1,"[0.37965276877051146, 0.575157747726818]",1,-1
17535,[0.7280156  0.61311218],3,3,"[0.6601234827680622, 0.6109507568947781]",1,-1
17536,[0.26648452 0.18691988],1,2,"[0.294379027732062, 0.1921773781634303]",0,0
17537,[0.33703299 0.21760782],1,2,"[0.294379027732062, 0.1921773781634303]",0,0
17538,[0.37357882 0.58824799],0,1,"[0.37965276877051146, 0.575157747726818]",1,-1
17539,[0.34597356 0.53741735],0,1,"[0.37965276877051146, 0.575157747726818]",1,-1
17540,[0.25953166 0.17308749],1,2,"[0.294379027732062, 0.1921773781634303]",0,0
17541,[0.8152117  0.73466168],2,0,"[0.7890750777399501, 0.6799557517006445]",1,-1
17542,[0.7576088  0.65860315],2,0,"[0.7890750777399501, 0.6799557517006445]",1,3
17543,[0.71685832 0.65976749],2,-1,-1,1,-1
17544,[0.33831196 0.15248973],1,2,"[0.294379027732062, 0.1921773781634303]",0,0
17545,[0.6683972  0.64208007],3,3,"[0.6601234827680622, 0.6109507568947781]",1,-1
17546,[0.68366633 0.71527635],3,-1,-1,1,-1
17547,[0.7550873  0.70328429],3,0,"[0.7890750777399501, 0.6799557517006445]",1,-1
17548,[0.69323046 0.65008108],3,3,"[0.6601234827680622, 0.6109507568947781]",1,-1
17549,[0.30207328 0.10951633],1,-1,-1,0,0
17550,[0.3745592 0.1629798],1,-1,-1,0,0
17551,[0.32914539 0.64955032],0,-1,-1,1,-1
17552,[0.39682099 0.5211284 ],0,1,"[0.37965276877051146, 0.575157747726818]",1,-1
17553,[0.68088508 0.59439016],3,3,"[0.6601234827680622, 0.6109507568947781]",1,-1
17554,[0.31740991 0.20789534],1,2,"[0.294379027732062, 0.1921773781634303]",0,0
17555,[0.3364156  0.49088848],0,-1,-1,1,-1
17556,[0.41796136 0.03489489],1,-1,-1,0,-1
17557,[0.80887983 0.62429661],2,0,"[0.7890750777399501, 0.6799557517006445]",1,-1
17558,[0.38533981 0.56610006],0,1,"[0.37965276877051146, 0.575157747726818]",1,-1
17559,[0.6274144  0.69111553],3,-1,-1,1,-1
17560,[0.66710304 0.6060617 ],3,3,"[0.6601234827680622, 0.6109507568947781]",1,-1
17561,[0.593847   0.70913718],3,-1,-1,1,-1
17562,[0.65578939 0.62844937],3,3,"[0.6601234827680622, 0.6109507568947781]",1,-1
17563,[0.77033177 0.69185789],2,0,"[0.7890750777399501, 0.6799557517006445]",1,-1
17564,[0.73023135 0.52687278],3,-1,-1,1,-1
17565,[0.3715583  0.57629619],0,1,"[0.37965276877051146, 0.575157747726818]",1,1
17566,[0.74295766 0.70441582],2,0,"[0.7890750777399501, 0.6799557517006445]",1,-1
17567,[0.75416488 0.63041463],2,0,"[0.7890750777399501, 0.6799557517006445]",1,-1
17568,[0.78300619 0.7056551 ],2,0,"[0.7890750777399501, 0.6799557517006445]",1,-1
17569,[0.6592502  0.65228361],3,3,"[0.6601234827680622, 0.6109507568947781]",1,-1
17570,[0.21250173 0.14552254],1,-1,-1,0,0
17571,[0.67323304 0.65783192],3,3,"[0.6601234827680622, 0.6109507568947781]",1,-1
17572,[0.69438475 0.59606307],3,3,"[0.6601234827680622, 0.6109507568947781]",1,-1
17573,[0.64316022 0.67112306],3,3,"[0.6601234827680622, 0.6109507568947781]",1,-1
17574,[0.3685704  0.57025052],0,1,"[0.37965276877051146, 0.575157747726818]",1,-1
17575,[0.69991998 0.6675621 ],3,3,"[0.6601234827680622, 0.6109507568947781]",1,-1
17576,[0.79544732 0.69989375],2,0,"[0.7890750777399501, 0.6799557517006445]",1,-1
17577,[0.71417527 0.60964058],3,3,"[0.6601234827680622, 0.6109507568947781]",1,-1
17578,[0.31142372 0.28362925],1,-1,-1,0,0
17579,[0.43438668 0.56799141],0,1,"[0.37965276877051146, 0.575157747726818]",1,-1
17580,[0.38081683 0.58614383],0,1,"[0.37965276877051146, 0.575157747726818]",1,-1
17581,[0.82857911 0.65415574],2,0,"[0.7890750777399501, 0.6799557517006445]",1,-1
17582,[0.28940857 0.5815006 ],0,-1,-1,1,-1
17583,[0.72163967 0.66341487],2,0,"[0.7890750777399501, 0.6799557517006445]",1,-1
17584,[0.63104546 0.54805696],3,3,"[0.6601234827680622, 0.6109507568947781]",1,-1
17585,[0.26970535 0.24997738],1,2,"[0.294379027732062, 0.1921773781634303]",0,0
17586,[0.28337241 0.17236061],1,2,"[0.294379027732062, 0.1921773781634303]",0,0
17587,[0.85187883 0.73371081],2,-1,-1,1,-1
17588,[0.55518243 0.66001811],3,-1,-1,1,-1
17589,[0.70794575 0.607716  ],3,3,"[0.6601234827680622, 0.6109507568947781]",1,-1
17590,[0.30466265 0.18462503],1,2,"[0.294379027732062, 0.1921773781634303]",0,0
17591,[0.40092927 0.62717181],0,1,"[0.37965276877051146, 0.575157747726818]",1,-1
17592,[0.29670053 0.31235325],1,-1,-1,0,0
17593,[0.74509595 0.72428902],2,0,"[0.7890750777399501, 0.6799557517006445]",1,-1
17594,[0.71606864 0.52611587],3,-1,-1,1,-1
17595,[0.28114711 0.17975847],1,2,"[0.294379027732062, 0.1921773781634303]",0,0
17596,[0.37583216 0.65585668],0,-1,-1,1,-1
17597,[0.72351125 0.57012042],2,-1,-1,1,-1
17598,[0.38921759 0.47972975],0,-1,-1,1,-1
17599,[0.71695386 0.64599856],3,3,"[0.6601234827680622, 0.6109507568947781]",1,-1
17600,[0.45270532 0.59254974],0,-1,-1,1,-1
17601,[0.32515493 0.54854053],0,1,"[0.37965276877051146, 0.575157747726818]",1,-1
17602,[0.39467046 0.50909252],0,1,"[0.37965276877051146, 0.575157747726818]",1,-1
17603,[0.38647958 0.67606486],0,-1,-1,1,-1
17604,[0.32800123 0.61782401],0,1,"[0.37965276877051146, 0.575157747726818]",1,-1
17605,[0.27112613 0.1028783 ],1,-1,-1,0,0
17606,[0.29112521 0.16266134],1,2,"[0.294379027732062, 0.1921773781634303]",0,0
17607,[0.29381618 0.18962287],1,2,"[0.294379027732062, 0.1921773781634303]",0,0
17608,[0.37322526 0.58134848],0,1,"[0.37965276877051146, 0.575157747726818]",1,1
17609,[0.28812672 0.29889814],1,-1,-1,0,0
17610,[0.80741806 0.72824964],2,0,"[0.7890750777399501, 0.6799557517006445]",1,-1
17611,[0.72688796 0.70682342],2,0,"[0.7890750777399501, 0.6799557517006445]",1,-1
17612,[0.43776957 0.53736964],0,1,"[0.37965276877051146, 0.575157747726818]",1,-1
17613,[0.69392178 0.59926613],3,3,"[0.6601234827680622, 0.6109507568947781]",1,-1
17614,[0.4285161  0.58575646],0,1,"[0.37965276877051146, 0.575157747726818]",1,-1
17615,[0.80447184 0.6993738 ],2,0,"[0.7890750777399501, 0.6799557517006445]",1,-1
17616,[0.34544034 0.61135388],0,1,"[0.37965276877051146, 0.575157747726818]",1,-1
17617,[0.71068166 0.6289959 ],3,3,"[0.6601234827680622, 0.6109507568947781]",1,-1
17618,[0.65172489 0.73559902],2,-1,-1,1,-1
17619,[0.81109581 0.75066887],2,-1,-1,1,-1
17620,[0.54299226 0.62838605],3,-1,-1,1,-1
17621,[0.8432813  0.61750391],2,-1,-1,1,-1
17622,[0.34727921 0.12389588],1,-1,-1,0,0
17623,[0.7872253 0.703214 ],2,0,"[0.7890750777399501, 0.6799557517006445]",1,-1
17624,[0.68862488 0.58965721],3,3,"[0.6601234827680622, 0.6109507568947781]",1,-1
17625,[0.761329   0.67088693],2,0,"[0.7890750777399501, 0.6799557517006445]",1,-1
17626,[0.37936067 0.67051387],0,-1,-1,1,-1
17627,[0.78086866 0.61275005],2,0,"[0.7890750777399501, 0.6799557517006445]",1,-1
17628,[0.3431519  0.24758748],1,-1,-1,0,0
17629,[0.4293159 0.612467 ],0,1,"[0.37965276877051146, 0.575157747726818]",1,-1
17630,[0.34945995 0.58672256],0,1,"[0.37965276877051146, 0.575157747726818]",1,-1
17631,[0.3083107  0.18715376],1,2,"[0.294379027732062, 0.1921773781634303]",0,0
17632,[0.63570409 0.55478764],3,3,"[0.6601234827680622, 0.6109507568947781]",1,-1
17633,[0.73089125 0.63939947],3,-1,-1,1,-1
17634,[0.29552975 0.24054191],1,2,"[0.294379027732062, 0.1921773781634303]",0,0
17635,[0.28586448 0.25039212],1,2,"[0.294379027732062, 0.1921773781634303]",0,0
17636,[0.67181815 0.61500922],3,3,"[0.6601234827680622, 0.6109507568947781]",1,-1
17637,[0.80448717 0.52650986],2,-1,-1,1,-1
17638,[0.92384067 0.69614626],2,-1,-1,1,-1
17639,[0.83660235 0.72153994],2,0,"[0.7890750777399501, 0.6799557517006445]",1,-1
17640,[0.80081398 0.5935437 ],2,-1,-1,1,-1
17641,[0.27988477 0.15870322],1,2,"[0.294379027732062, 0.1921773781634303]",0,0
17642,[0.25267027 0.17458379],1,2,"[0.294379027732062, 0.1921773781634303]",0,0
17643,[0.32019641 0.15066356],1,2,"[0.294379027732062, 0.1921773781634303]",0,0
17644,[0.67477788 0.62126577],3,3,"[0.6601234827680622, 0.6109507568947781]",1,7
17645,[0.68304604 0.60802709],3,3,"[0.6601234827680622, 0.6109507568947781]",1,5
17646,[0.35325506 0.64026768],0,-1,-1,1,-1
17647,[0.34142048 0.24014324],1,2,"[0.294379027732062, 0.1921773781634303]",0,0
17648,[0.68708662 0.76729075],3,-1,-1,1,-1
17649,[0.31765372 0.64987676],0,-1,-1,1,-1
17650,[0.33891834 0.54176431],0,1,"[0.37965276877051146, 0.575157747726818]",1,-1
17651,[0.38871762 0.53821433],0,1,"[0.37965276877051146, 0.575157747726818]",1,-1
17652,[0.700973  0.6070483],3,3,"[0.6601234827680622, 0.6109507568947781]",1,-1
17653,[0.28339475 0.13602688],1,2,"[0.294379027732062, 0.1921773781634303]",0,0
17654,[0.76238161 0.60742955],2,-1,-1,1,-1
17655,[0.26260247 0.17795503],1,2,"[0.294379027732062, 0.1921773781634303]",0,0
17656,[0.7791774  0.58218174],3,-1,-1,1,-1
17657,[0.4075278  0.53829463],0,1,"[0.37965276877051146, 0.575157747726818]",1,-1
17658,[0.62080311 0.62915082],3,3,"[0.6601234827680622, 0.6109507568947781]",1,-1
17659,[0.25676342 0.17712399],1,2,"[0.294379027732062, 0.1921773781634303]",0,0
17660,[0.1971347  0.20501485],1,-1,-1,0,0
17661,[0.67507859 0.58230799],3,3,"[0.6601234827680622, 0.6109507568947781]",1,-1
17662,[0.83654167 0.60326889],2,-1,-1,1,-1
17663,[0.28164179 0.11368435],1,-1,-1,0,0
17664,[0.59359512 0.5193024 ],3,-1,-1,1,-1
17665,[0.7192376  0.68275329],3,0,"[0.7890750777399501, 0.6799557517006445]",1,-1
17666,[0.72183339 0.67484103],2,0,"[0.7890750777399501, 0.6799557517006445]",1,-1
17667,[0.78370844 0.74688311],2,0,"[0.7890750777399501, 0.6799557517006445]",1,-1
17668,[0.83247024 0.70452984],2,0,"[0.7890750777399501, 0.6799557517006445]",1,-1
17669,[0.78203887 0.67786889],2,0,"[0.7890750777399501, 0.6799557517006445]",1,4
17670,[0.84043775 0.57583894],2,-1,-1,1,-1
17671,[0.81192513 0.68316758],2,0,"[0.7890750777399501, 0.6799557517006445]",1,-1
17672,[0.33256321 0.23285657],1,2,"[0.294379027732062, 0.1921773781634303]",0,0
17673,[0.43704949 0.46964128],0,-1,-1,1,-1
17674,[0.28495048 0.13990855],1,2,"[0.294379027732062, 0.1921773781634303]",0,0
17675,[0.26093862 0.24026621],1,2,"[0.294379027732062, 0.1921773781634303]",0,0
17676,[0.69272854 0.54159447],3,-1,-1,1,-1
17677,[0.23396633 0.34078748],1,-1,-1,0,0
17678,[0.36208608 0.50351311],0,-1,-1,1,-1
17679,[0.62830751 0.55380939],3,3,"[0.6601234827680622, 0.6109507568947781]",1,-1
17680,[0.71583761 0.65518481],2,-1,-1,1,-1
17681,[0.7027309  0.53745319],3,-1,-1,1,-1
17682,[0.81486391 0.51651131],3,-1,-1,1,-1
17683,[0.41853567 0.56694338],0,1,"[0.37965276877051146, 0.575157747726818]",1,-1
17684,[0.74832753 0.56602177],3,-1,-1,1,-1
17685,[0.59235771 0.58713902],3,-1,-1,1,-1
17686,[0.87966684 0.61567671],2,-1,-1,1,-1
17687,[0.37990773 0.60294861],0,1,"[0.37965276877051146, 0.575157747726818]",1,-1
17688,[0.58473568 0.62040962],3,-1,-1,1,-1
17689,[0.44497327 0.57687962],0,1,"[0.37965276877051146, 0.575157747726818]",1,-1
17690,[0.41526359 0.61843298],0,1,"[0.37965276877051146, 0.575157747726818]",1,-1
17691,[0.81407883 0.656699  ],2,0,"[0.7890750777399501, 0.6799557517006445]",1,-1
17692,[0.69786061 0.58136216],3,3,"[0.6601234827680622, 0.6109507568947781]",1,-1
17693,[0.39658828 0.65237505],0,-1,-1,1,-1
17694,[0.72162279 0.70487879],3,-1,-1,1,-1
17695,[0.71004484 0.50274689],3,-1,-1,1,-1
17696,[0.29005313 0.30228329],1,-1,-1,0,0
17697,[0.64991326 0.6352374 ],3,3,"[0.6601234827680622, 0.6109507568947781]",1,-1
17698,[0.22618049 0.19585651],1,2,"[0.294379027732062, 0.1921773781634303]",0,0
17699,[0.26021575 0.60062057],0,-1,-1,1,-1
17700,[0.74894993 0.75127091],2,-1,-1,1,-1
17701,[0.24800398 0.04383265],1,-1,-1,0,0
17702,[0.66076773 0.58875052],3,3,"[0.6601234827680622, 0.6109507568947781]",1,-1
17703,[0.28358838 0.18354778],1,2,"[0.294379027732062, 0.1921773781634303]",0,0
17704,[0.24538032 0.24945735],1,-1,-1,0,0
17705,[0.18017672 0.1817565 ],1,-1,-1,0,0
17706,[0.37362998 0.57384905],0,1,"[0.37965276877051146, 0.575157747726818]",1,1
17707,[0.35115221 0.51085088],0,-1,-1,1,-1
17708,[0.79957573 0.68234524],2,0,"[0.7890750777399501, 0.6799557517006445]",1,-1
17709,[0.30012516 0.15061827],1,2,"[0.294379027732062, 0.1921773781634303]",0,0
17710,[0.40742883 0.59130678],0,1,"[0.37965276877051146, 0.575157747726818]",1,-1
17711,[0.41148114 0.54341506],0,1,"[0.37965276877051146, 0.575157747726818]",1,-1
17712,[0.7213786  0.56922151],3,-1,-1,1,-1
17713,[0.35304817 0.57438159],0,1,"[0.37965276877051146, 0.575157747726818]",1,-1
17714,[0.84271015 0.64157186],2,0,"[0.7890750777399501, 0.6799557517006445]",1,-1
17715,[0.2739759  0.15452528],1,2,"[0.294379027732062, 0.1921773781634303]",0,0
17716,[0.66307907 0.64448131],3,3,"[0.6601234827680622, 0.6109507568947781]",1,-1
17717,[0.26289167 0.22001332],1,2,"[0.294379027732062, 0.1921773781634303]",0,0
17718,[0.33114048 0.12127178],1,-1,-1,0,0
17719,[0.74127243 0.56217782],3,-1,-1,1,-1
17720,[0.33504202 0.11147029],1,-1,-1,0,0
17721,[0.77077903 0.68878745],2,0,"[0.7890750777399501, 0.6799557517006445]",1,-1
17722,[0.36039574 0.60327771],0,1,"[0.37965276877051146, 0.575157747726818]",1,-1
17723,[0.32778264 0.18894714],1,2,"[0.294379027732062, 0.1921773781634303]",0,0
17724,[0.68917706 0.55331316],3,3,"[0.6601234827680622, 0.6109507568947781]",1,-1
17725,[0.65873168 0.58270598],3,3,"[0.6601234827680622, 0.6109507568947781]",1,-1
17726,[0.33399692 0.20241997],1,2,"[0.294379027732062, 0.1921773781634303]",0,0
17727,[0.25005948 0.23961364],1,2,"[0.294379027732062, 0.1921773781634303]",0,0
17728,[0.84965287 0.64227593],2,-1,-1,1,-1
17729,[0.18690817 0.22081421],1,-1,-1,0,0
17730,[0.88157383 0.66178495],2,-1,-1,1,-1
17731,[0.22792779 0.25851709],1,-1,-1,0,0
17732,[0.80337132 0.77482559],2,-1,-1,1,-1
17733,[0.65125054 0.60266132],3,3,"[0.6601234827680622, 0.6109507568947781]",1,6
17734,[0.79447967 0.73216016],2,0,"[0.7890750777399501, 0.6799557517006445]",1,-1
17735,[0.75975925 0.56849463],3,-1,-1,1,-1
17736,[0.63101846 0.59680598],3,3,"[0.6601234827680622, 0.6109507568947781]",1,-1
17737,[0.28691318 0.210615  ],1,2,"[0.294379027732062, 0.1921773781634303]",0,0
17738,[0.75137571 0.66888736],3,0,"[0.7890750777399501, 0.6799557517006445]",1,-1
17739,[0.35237053 0.21924317],1,2,"[0.294379027732062, 0.1921773781634303]",0,0
17740,[0.51614474 0.54446779],3,-1,-1,1,-1
17741,[0.71982912 0.70383621],2,-1,-1,1,-1
17742,[0.65145999 0.58734856],3,3,"[0.6601234827680622, 0.6109507568947781]",1,-1
17743,[0.34730804 0.25097743],1,-1,-1,0,0
17744,[0.45723528 0.57671433],0,-1,-1,1,-1
17745,[0.64297427 0.59910131],3,3,"[0.6601234827680622, 0.6109507568947781]",1,-1
17746,[0.39520889 0.5580354 ],0,1,"[0.37965276877051146, 0.575157747726818]",1,-1
17747,[0.2863557  0.17384426],1,2,"[0.294379027732062, 0.1921773781634303]",0,0
17748,[0.42769293 0.59380455],0,1,"[0.37965276877051146, 0.575157747726818]",1,-1
17749,[0.6240405  0.56876855],3,3,"[0.6601234827680622, 0.6109507568947781]",1,-1
17750,[0.74920554 0.63762083],2,0,"[0.7890750777399501, 0.6799557517006445]",1,-1
17751,[0.46473665 0.57495287],0,-1,-1,1,-1
17752,[0.37611937 0.56067633],0,1,"[0.37965276877051146, 0.575157747726818]",1,-1
17753,[0.3036483  0.15684385],1,2,"[0.294379027732062, 0.1921773781634303]",0,0
17754,[0.24316227 0.26845651],1,-1,-1,0,0
17755,[0.83294814 0.65906934],2,0,"[0.7890750777399501, 0.6799557517006445]",1,-1
17756,[0.34813574 0.56650685],0,1,"[0.37965276877051146, 0.575157747726818]",1,-1
17757,[0.35210453 0.64656833],0,-1,-1,1,-1
17758,[0.5576118  0.61787221],3,-1,-1,1,-1
17759,[0.26281886 0.19839022],1,2,"[0.294379027732062, 0.1921773781634303]",0,0
17760,[0.33795513 0.24038036],1,2,"[0.294379027732062, 0.1921773781634303]",0,0
17761,[0.67236137 0.54268958],3,3,"[0.6601234827680622, 0.6109507568947781]",1,-1
17762,[0.27082469 0.1702045 ],1,2,"[0.294379027732062, 0.1921773781634303]",0,0
17763,[0.78420741 0.71498646],2,0,"[0.7890750777399501, 0.6799557517006445]",1,-1
17764,[0.34175397 0.16956195],1,2,"[0.294379027732062, 0.1921773781634303]",0,0
17765,[0.35084896 0.48557236],0,-1,-1,1,-1
17766,[0.33733021 0.25408266],1,-1,-1,0,0
17767,[0.82139346 0.6910753 ],2,0,"[0.7890750777399501, 0.6799557517006445]",1,-1
17768,[0.75534666 0.71155599],2,0,"[0.7890750777399501, 0.6799557517006445]",1,-1
17769,[0.64042424 0.61548649],3,3,"[0.6601234827680622, 0.6109507568947781]",1,-1
17770,[0.65224142 0.62556088],3,3,"[0.6601234827680622, 0.6109507568947781]",1,-1
17771,[0.33184159 0.65427314],0,-1,-1,1,-1
17772,[0.72501383 0.65158538],2,-1,-1,1,-1
17773,[0.5692322 0.4693965],3,-1,-1,1,-1
17774,[0.66225109 0.53860888],3,-1,-1,1,-1
17775,[0.65779522 0.59592269],3,3,"[0.6601234827680622, 0.6109507568947781]",1,-1
17776,[0.38865222 0.19713816],1,-1,-1,0,0
17777,[0.8618596  0.59827332],2,-1,-1,1,-1
17778,[0.33447394 0.23301894],1,2,"[0.294379027732062, 0.1921773781634303]",0,0
17779,[0.6790356  0.59586685],3,3,"[0.6601234827680622, 0.6109507568947781]",1,-1
17780,[0.81827812 0.72389599],2,0,"[0.7890750777399501, 0.6799557517006445]",1,-1
17781,[0.77351057 0.75916866],2,-1,-1,1,-1
17782,[0.42770119 0.5923723 ],0,1,"[0.37965276877051146, 0.575157747726818]",1,-1
17783,[0.6960827  0.71680776],2,-1,-1,1,-1
17784,[0.5832873  0.53632718],3,-1,-1,1,-1
17785,[0.8288824 0.767427 ],2,-1,-1,1,-1
17786,[0.33434392 0.50717191],0,-1,-1,1,-1
17787,[0.3061166  0.18605429],1,2,"[0.294379027732062, 0.1921773781634303]",0,0
17788,[0.6399817  0.63717837],3,3,"[0.6601234827680622, 0.6109507568947781]",1,-1
17789,[0.68284528 0.7400305 ],2,-1,-1,1,-1
17790,[0.35607887 0.5895028 ],0,1,"[0.37965276877051146, 0.575157747726818]",1,-1
17791,[0.64662137 0.52402042],3,-1,-1,1,-1
17792,[0.31144016 0.61563704],0,-1,-1,1,-1
17793,[0.37917951 0.54873956],0,1,"[0.37965276877051146, 0.575157747726818]",1,-1
17794,[0.69548937 0.66174888],3,3,"[0.6601234827680622, 0.6109507568947781]",1,-1
17795,[0.67246654 0.71313284],3,-1,-1,1,-1
17796,[0.29084252 0.16736559],1,2,"[0.294379027732062, 0.1921773781634303]",0,0
17797,[0.72713658 0.65993221],2,0,"[0.7890750777399501, 0.6799557517006445]",1,-1
17798,[0.69722424 0.7359695 ],2,-1,-1,1,-1
17799,[0.76740403 0.67224465],2,0,"[0.7890750777399501, 0.6799557517006445]",1,-1
17800,[0.71863437 0.65044649],3,-1,-1,1,-1
17801,[0.76779983 0.72579006],2,0,"[0.7890750777399501, 0.6799557517006445]",1,-1
17802,[0.33751252 0.60714167],0,1,"[0.37965276877051146, 0.575157747726818]",1,-1
17803,[0.6194023  0.55499029],3,3,"[0.6601234827680622, 0.6109507568947781]",1,-1
17804,[0.34111917 0.69123282],0,-1,-1,1,-1
17805,[0.21920838 0.1532682 ],1,-1,-1,0,0
17806,[0.39415467 0.55810437],0,1,"[0.37965276877051146, 0.575157747726818]",1,-1
17807,[0.30459287 0.15631434],1,2,"[0.294379027732062, 0.1921773781634303]",0,0
17808,[0.30629922 0.63001963],0,-1,-1,1,-1
17809,[0.81549294 0.68234237],2,0,"[0.7890750777399501, 0.6799557517006445]",1,-1
17810,[0.43247136 0.59070108],0,1,"[0.37965276877051146, 0.575157747726818]",1,-1
17811,[0.69727   0.5689069],3,3,"[0.6601234827680622, 0.6109507568947781]",1,-1
17812,[0.36767306 0.64002634],0,1,"[0.37965276877051146, 0.575157747726818]",1,-1
17813,[0.21134591 0.27048338],1,-1,-1,0,0
17814,[0.79175621 0.72615906],2,0,"[0.7890750777399501, 0.6799557517006445]",1,-1
17815,[0.27772337 0.19685622],1,2,"[0.294379027732062, 0.1921773781634303]",0,0
17816,[0.66969798 0.62175984],3,3,"[0.6601234827680622, 0.6109507568947781]",1,-1
17817,[0.41536259 0.49726611],0,-1,-1,1,-1
17818,[0.3421863  0.51955627],0,1,"[0.37965276877051146, 0.575157747726818]",1,-1
17819,[0.35845793 0.65376005],0,-1,-1,1,-1
17820,[0.59376931 0.6097303 ],3,3,"[0.6601234827680622, 0.6109507568947781]",1,-1
17821,[0.31889415 0.60072937],0,1,"[0.37965276877051146, 0.575157747726818]",1,-1
17822,[0.46835564 0.59730691],0,-1,-1,1,-1
17823,[0.66582332 0.63273164],3,3,"[0.6601234827680622, 0.6109507568947781]",1,7
17824,[0.68471636 0.69976193],3,-1,-1,1,-1
17825,[0.66214331 0.60289579],3,3,"[0.6601234827680622, 0.6109507568947781]",1,-1
17826,[0.79079432 0.64854381],2,0,"[0.7890750777399501, 0.6799557517006445]",1,-1
17827,[0.62196479 0.67746742],3,-1,-1,1,-1
17828,[0.77422364 0.65445989],2,0,"[0.7890750777399501, 0.6799557517006445]",1,3
17829,[0.4213152  0.65377399],0,-1,-1,1,-1
17830,[0.27807554 0.11913381],1,-1,-1,0,0
17831,[0.67400646 0.56672534],3,3,"[0.6601234827680622, 0.6109507568947781]",1,-1
17832,[0.30344045 0.18565474],1,2,"[0.294379027732062, 0.1921773781634303]",0,0
17833,[0.69182027 0.66012866],3,3,"[0.6601234827680622, 0.6109507568947781]",1,-1
17834,[0.68113935 0.60337884],3,3,"[0.6601234827680622, 0.6109507568947781]",1,5
17835,[0.30667924 0.19063744],1,2,"[0.294379027732062, 0.1921773781634303]",0,0
17836,[0.34778181 0.6166581 ],0,1,"[0.37965276877051146, 0.575157747726818]",1,-1
17837,[0.82990367 0.69672874],2,0,"[0.7890750777399501, 0.6799557517006445]",1,-1
17838,[0.25122625 0.21833432],1,2,"[0.294379027732062, 0.1921773781634303]",0,0
17839,[0.3337363  0.61656919],0,1,"[0.37965276877051146, 0.575157747726818]",1,-1
17840,[0.26407499 0.54786208],0,-1,-1,1,-1
17841,[0.6744445  0.68798122],3,-1,-1,1,-1
17842,[0.34899012 0.62010712],0,1,"[0.37965276877051146, 0.575157747726818]",1,-1
17843,[0.36588142 0.56154528],0,1,"[0.37965276877051146, 0.575157747726818]",1,1
17844,[0.76722047 0.57229174],2,-1,-1,1,-1
17845,[0.34182573 0.19613096],1,2,"[0.294379027732062, 0.1921773781634303]",0,0
17846,[0.69622929 0.64190025],3,3,"[0.6601234827680622, 0.6109507568947781]",1,-1
17847,[0.63084596 0.57060039],3,3,"[0.6601234827680622, 0.6109507568947781]",1,-1
17848,[0.79520231 0.59366639],2,-1,-1,1,-1
17849,[0.80985233 0.72007444],2,0,"[0.7890750777399501, 0.6799557517006445]",1,-1
17850,[0.7127476  0.68883766],2,-1,-1,1,-1
17851,[0.26602351 0.23601952],1,2,"[0.294379027732062, 0.1921773781634303]",0,0
17852,[0.28668088 0.10336485],1,-1,-1,0,0
17853,[0.38420044 0.52323578],0,1,"[0.37965276877051146, 0.575157747726818]",1,-1
17854,[0.27525024 0.19922463],1,2,"[0.294379027732062, 0.1921773781634303]",0,0
17855,[0.31891219 0.2338993 ],1,2,"[0.294379027732062, 0.1921773781634303]",0,0
17856,[0.33662449 0.17195009],1,2,"[0.294379027732062, 0.1921773781634303]",0,0
17857,[0.31781845 0.58195067],0,1,"[0.37965276877051146, 0.575157747726818]",1,-1
17858,[0.39198749 0.52793401],0,1,"[0.37965276877051146, 0.575157747726818]",1,-1
17859,[0.33927399 0.51966213],0,1,"[0.37965276877051146, 0.575157747726818]",1,-1
17860,[0.32299819 0.29738276],1,-1,-1,0,0
17861,[0.71234799 0.61188532],3,3,"[0.6601234827680622, 0.6109507568947781]",1,-1
17862,[0.82506355 0.65975122],2,0,"[0.7890750777399501, 0.6799557517006445]",1,-1
17863,[0.60563496 0.64980844],3,3,"[0.6601234827680622, 0.6109507568947781]",1,-1
17864,[0.41408151 0.23427396],1,-1,-1,0,0
17865,[0.85587297 0.65370318],2,-1,-1,1,-1
17866,[0.29227072 0.21899232],1,2,"[0.294379027732062, 0.1921773781634303]",0,0
17867,[0.84200312 0.62531329],2,-1,-1,1,-1
17868,[0.62139043 0.5671349 ],3,3,"[0.6601234827680622, 0.6109507568947781]",1,-1
17869,[0.54868749 0.63734578],3,-1,-1,1,-1
17870,[0.37848602 0.59377525],0,1,"[0.37965276877051146, 0.575157747726818]",1,-1
17871,[0.69185794 0.51871927],3,-1,-1,1,-1
17872,[0.60741196 0.55421265],3,-1,-1,1,-1
17873,[0.61220383 0.62119093],3,3,"[0.6601234827680622, 0.6109507568947781]",1,-1
17874,[0.77850129 0.60868546],2,-1,-1,1,-1
17875,[0.79268227 0.77391267],2,-1,-1,1,-1
17876,[0.3307935  0.19982554],1,2,"[0.294379027732062, 0.1921773781634303]",0,0
17877,[0.4073615  0.56480642],0,1,"[0.37965276877051146, 0.575157747726818]",1,-1
17878,[0.68814859 0.5878438 ],3,3,"[0.6601234827680622, 0.6109507568947781]",1,-1
17879,[0.39047011 0.53347892],0,1,"[0.37965276877051146, 0.575157747726818]",1,-1
17880,[0.59533783 0.64257843],3,-1,-1,1,-1
17881,[0.32262469 0.52016951],0,-1,-1,1,-1
17882,[0.60669736 0.54158944],3,-1,-1,1,-1
17883,[0.76352127 0.69283306],2,0,"[0.7890750777399501, 0.6799557517006445]",1,-1
17884,[0.70540076 0.64207757],3,3,"[0.6601234827680622, 0.6109507568947781]",1,-1
17885,[0.30478359 0.52633818],0,-1,-1,1,-1
17886,[0.87748077 0.68478161],2,-1,-1,1,-1
17887,[0.77384258 0.67235979],2,0,"[0.7890750777399501, 0.6799557517006445]",1,-1
17888,[0.51937524 0.62455297],3,-1,-1,1,-1
17889,[0.42681618 0.53726997],0,1,"[0.37965276877051146, 0.575157747726818]",1,-1
17890,[0.40207565 0.19363529],1,-1,-1,0,0
17891,[0.85694354 0.74219951],2,-1,-1,1,-1
17892,[0.79100936 0.76024322],2,-1,-1,1,-1
17893,[0.65446281 0.585034  ],3,3,"[0.6601234827680622, 0.6109507568947781]",1,-1
17894,[0.72434052 0.58292153],2,-1,-1,1,-1
17895,[0.24541977 0.26210499],1,-1,-1,0,0
17896,[0.372603   0.64346431],0,1,"[0.37965276877051146, 0.575157747726818]",1,-1
17897,[0.30340761 0.17806127],1,2,"[0.294379027732062, 0.1921773781634303]",0,0
17898,[0.79687632 0.63554807],2,0,"[0.7890750777399501, 0.6799557517006445]",1,-1
17899,[0.7819846  0.57973877],2,-1,-1,1,-1
17900,[0.23803145 0.16331139],1,2,"[0.294379027732062, 0.1921773781634303]",0,0
17901,[0.76086415 0.67880881],2,0,"[0.7890750777399501, 0.6799557517006445]",1,-1
17902,[0.84144377 0.66109554],2,0,"[0.7890750777399501, 0.6799557517006445]",1,-1
17903,[0.64078224 0.58282573],3,3,"[0.6601234827680622, 0.6109507568947781]",1,-1
17904,[0.37791816 0.66294998],0,-1,-1,1,-1
17905,[0.3379108  0.63914408],0,-1,-1,1,-1
17906,[0.40640619 0.555611  ],0,1,"[0.37965276877051146, 0.575157747726818]",1,-1
17907,[0.77684414 0.71529007],2,0,"[0.7890750777399501, 0.6799557517006445]",1,-1
17908,[0.31145925 0.22283664],1,2,"[0.294379027732062, 0.1921773781634303]",0,0
17909,[0.43971303 0.58366204],0,1,"[0.37965276877051146, 0.575157747726818]",1,-1
17910,[0.77816686 0.73813605],2,0,"[0.7890750777399501, 0.6799557517006445]",1,-1
17911,[0.7292229  0.69807178],2,0,"[0.7890750777399501, 0.6799557517006445]",1,-1
17912,[0.27080279 0.11489373],1,-1,-1,0,0
17913,[0.3943959 0.5013776],0,-1,-1,1,-1
17914,[0.31295154 0.50578049],0,-1,-1,1,-1
17915,[0.3740745  0.51796505],0,1,"[0.37965276877051146, 0.575157747726818]",1,-1
17916,[0.68437258 0.63061203],2,3,"[0.6601234827680622, 0.6109507568947781]",1,-1
17917,[0.35686491 0.2467861 ],1,-1,-1,0,0
17918,[0.37010007 0.58015833],0,1,"[0.37965276877051146, 0.575157747726818]",1,-1
17919,[0.6030482  0.64248498],3,3,"[0.6601234827680622, 0.6109507568947781]",1,-1
17920,[0.81400252 0.77208419],2,-1,-1,1,-1
17921,[0.86340764 0.64147691],2,-1,-1,1,-1
17922,[0.58834687 0.54545559],3,-1,-1,1,-1
17923,[0.75313019 0.59753609],2,-1,-1,1,-1
17924,[0.41552199 0.57216382],0,1,"[0.37965276877051146, 0.575157747726818]",1,2
17925,[0.66494488 0.58360874],3,3,"[0.6601234827680622, 0.6109507568947781]",1,-1
17926,[0.75344058 0.68319254],2,0,"[0.7890750777399501, 0.6799557517006445]",1,-1
17927,[0.63635585 0.63323499],3,3,"[0.6601234827680622, 0.6109507568947781]",1,-1
17928,[0.79396677 0.71668315],2,0,"[0.7890750777399501, 0.6799557517006445]",1,-1
17929,[0.71899657 0.59359084],3,3,"[0.6601234827680622, 0.6109507568947781]",1,-1
17930,[0.73367525 0.61256768],2,-1,-1,1,-1
17931,[0.62552834 0.56735445],3,3,"[0.6601234827680622, 0.6109507568947781]",1,-1
17932,[0.3457625  0.57980182],0,1,"[0.37965276877051146, 0.575157747726818]",1,-1
17933,[0.63215702 0.71839542],3,-1,-1,1,-1
17934,[0.81736898 0.60768606],2,-1,-1,1,-1
17935,[0.36621618 0.18055981],1,-1,-1,0,0
17936,[0.36257348 0.58900204],0,1,"[0.37965276877051146, 0.575157747726818]",1,-1
17937,[0.70684048 0.58512759],2,3,"[0.6601234827680622, 0.6109507568947781]",1,-1
17938,[0.68808488 0.61656785],3,3,"[0.6601234827680622, 0.6109507568947781]",1,-1
17939,[0.61632778 0.68374885],3,-1,-1,1,-1
17940,[0.65549018 0.65316444],3,3,"[0.6601234827680622, 0.6109507568947781]",1,-1
17941,[0.31630134 0.14819689],1,2,"[0.294379027732062, 0.1921773781634303]",0,0
17942,[0.2164173  0.30744204],1,-1,-1,0,0
17943,[0.31000424 0.57799663],0,1,"[0.37965276877051146, 0.575157747726818]",1,-1
17944,[0.54137654 0.717974  ],3,-1,-1,1,-1
17945,[0.25733234 0.55590916],0,-1,-1,1,-1
17946,[0.36068509 0.59530047],0,1,"[0.37965276877051146, 0.575157747726818]",1,-1
17947,[0.36598931 0.15409387],1,-1,-1,0,0
17948,[0.70523253 0.60131926],3,3,"[0.6601234827680622, 0.6109507568947781]",1,-1
17949,[0.75075569 0.71938556],2,0,"[0.7890750777399501, 0.6799557517006445]",1,-1
17950,[0.79443804 0.70333873],2,0,"[0.7890750777399501, 0.6799557517006445]",1,-1
17951,[0.73165139 0.66877111],2,0,"[0.7890750777399501, 0.6799557517006445]",1,-1
17952,[0.38636964 0.52975006],0,1,"[0.37965276877051146, 0.575157747726818]",1,-1
17953,[0.70059036 0.73164903],2,-1,-1,1,-1
17954,[0.32607838 0.55718632],0,1,"[0.37965276877051146, 0.575157747726818]",1,-1
17955,[0.5821532  0.66023241],3,-1,-1,1,-1
17956,[0.74323439 0.62589448],3,-1,-1,1,-1
17957,[0.3397548 0.6103622],0,1,"[0.37965276877051146, 0.575157747726818]",1,-1
17958,[0.43165842 0.54438588],0,1,"[0.37965276877051146, 0.575157747726818]",1,-1
17959,[0.73414763 0.69849825],2,0,"[0.7890750777399501, 0.6799557517006445]",1,-1
17960,[0.73516779 0.65935632],3,0,"[0.7890750777399501, 0.6799557517006445]",1,-1
17961,[0.78555783 0.71205471],2,0,"[0.7890750777399501, 0.6799557517006445]",1,-1
17962,[0.35040497 0.52771139],0,1,"[0.37965276877051146, 0.575157747726818]",1,-1
17963,[0.42699264 0.55113839],0,1,"[0.37965276877051146, 0.575157747726818]",1,-1
17964,[0.2872885  0.60812759],0,-1,-1,1,-1
17965,[0.77649651 0.66536214],2,0,"[0.7890750777399501, 0.6799557517006445]",1,-1
17966,[0.32982526 0.18036775],1,2,"[0.294379027732062, 0.1921773781634303]",0,0
17967,[0.69779907 0.60796794],3,3,"[0.6601234827680622, 0.6109507568947781]",1,-1
17968,[0.35046446 0.56051597],0,1,"[0.37965276877051146, 0.575157747726818]",1,-1
17969,[0.29473696 0.24050774],1,2,"[0.294379027732062, 0.1921773781634303]",0,0
17970,[0.65146865 0.62387782],2,3,"[0.6601234827680622, 0.6109507568947781]",1,-1
17971,[0.87335687 0.65858702],2,-1,-1,1,-1
17972,[0.63551242 0.56678459],3,3,"[0.6601234827680622, 0.6109507568947781]",1,-1
17973,[0.32146241 0.20641141],1,2,"[0.294379027732062, 0.1921773781634303]",0,0
17974,[0.3019376  0.31400708],1,-1,-1,0,0
17975,[0.71352328 0.61979968],3,3,"[0.6601234827680622, 0.6109507568947781]",1,-1
17976,[0.40709538 0.57020016],0,1,"[0.37965276877051146, 0.575157747726818]",1,2
17977,[0.82269889 0.58026628],2,-1,-1,1,-1
17978,[0.65741409 0.59970609],3,3,"[0.6601234827680622, 0.6109507568947781]",1,6
17979,[0.33288195 0.58269015],0,1,"[0.37965276877051146, 0.575157747726818]",1,-1
17980,[0.290256   0.26842264],1,-1,-1,0,0
17981,[0.28690511 0.13269993],1,2,"[0.294379027732062, 0.1921773781634303]",0,0
17982,[0.82586612 0.79876208],2,-1,-1,1,-1
17983,[0.6177663  0.57779172],3,3,"[0.6601234827680622, 0.6109507568947781]",1,-1
17984,[0.37486505 0.51718222],0,1,"[0.37965276877051146, 0.575157747726818]",1,-1
17985,[0.41136462 0.58374984],0,1,"[0.37965276877051146, 0.575157747726818]",1,-1
17986,[0.31824149 0.58280653],0,1,"[0.37965276877051146, 0.575157747726818]",1,-1
17987,[0.59420097 0.63898048],3,-1,-1,1,-1
17988,[0.7134208 0.6432365],3,3,"[0.6601234827680622, 0.6109507568947781]",1,-1
17989,[0.57573959 0.58653174],3,-1,-1,1,-1
17990,[0.38874432 0.52854606],0,1,"[0.37965276877051146, 0.575157747726818]",1,-1
17991,[0.71367328 0.64488241],3,3,"[0.6601234827680622, 0.6109507568947781]",1,-1
17992,[0.69259225 0.58548724],3,3,"[0.6601234827680622, 0.6109507568947781]",1,-1
17993,[0.38587235 0.54267818],0,1,"[0.37965276877051146, 0.575157747726818]",1,-1
17994,[0.80979033 0.68281179],2,0,"[0.7890750777399501, 0.6799557517006445]",1,4
17995,[0.80452718 0.72641236],2,0,"[0.7890750777399501, 0.6799557517006445]",1,-1
17996,[0.29502668 0.58034874],0,-1,-1,1,-1
17997,[0.33317894 0.15317083],1,2,"[0.294379027732062, 0.1921773781634303]",0,0
17998,[0.70299088 0.6613183 ],2,3,"[0.6601234827680622, 0.6109507568947781]",1,-1
17999,[0.32364527 0.20798067],1,2,"[0.294379027732062, 0.1921773781634303]",0,0
18000,[0.37846511 0.59977821],0,1,"[0.37965276877051146, 0.575157747726818]",1,-1
18001,[0.64459359 0.70119977],3,-1,-1,1,-1
18002,[0.27677605 0.20635955],1,2,"[0.294379027732062, 0.1921773781634303]",0,0
18003,[0.76420332 0.68087481],2,0,"[0.7890750777399501, 0.6799557517006445]",1,-1
18004,[0.7181294  0.66889932],2,-1,-1,1,-1
18005,[0.60537778 0.57361357],3,3,"[0.6601234827680622, 0.6109507568947781]",1,-1
18006,[0.26378746 0.44308626],0,-1,-1,1,-1
18007,[0.80081412 0.707107  ],2,0,"[0.7890750777399501, 0.6799557517006445]",1,-1
18008,[0.35869549 0.18846751],1,2,"[0.294379027732062, 0.1921773781634303]",0,0
18009,[0.37540132 0.59505749],0,1,"[0.37965276877051146, 0.575157747726818]",1,-1
18010,[0.80538189 0.67306637],2,0,"[0.7890750777399501, 0.6799557517006445]",1,4
18011,[0.36043881 0.57016023],0,1,"[0.37965276877051146, 0.575157747726818]",1,-1
18012,[0.66651291 0.58528018],3,3,"[0.6601234827680622, 0.6109507568947781]",1,-1
18013,[0.62762485 0.60239188],3,3,"[0.6601234827680622, 0.6109507568947781]",1,-1
18014,[0.74442324 0.78465654],2,-1,-1,1,-1
18015,[0.36574933 0.16772558],1,-1,-1,0,0
18016,[0.26285466 0.18682184],1,2,"[0.294379027732062, 0.1921773781634303]",0,0
18017,[0.79791918 0.74682522],2,0,"[0.7890750777399501, 0.6799557517006445]",1,-1
18018,[0.64202581 0.54188265],3,-1,-1,1,-1
18019,[0.48674665 0.58943335],0,-1,-1,1,-1
18020,[0.63250049 0.719505  ],3,-1,-1,1,-1
18021,[0.35204806 0.54405674],0,1,"[0.37965276877051146, 0.575157747726818]",1,-1
18022,[0.37432185 0.53752329],0,1,"[0.37965276877051146, 0.575157747726818]",1,-1
18023,[0.58712909 0.68187766],3,-1,-1,1,-1
18024,[0.68287397 0.64613794],3,3,"[0.6601234827680622, 0.6109507568947781]",1,-1
18025,[0.37030149 0.56216486],0,1,"[0.37965276877051146, 0.575157747726818]",1,1
18026,[0.35443808 0.15269356],1,-1,-1,0,0
18027,[0.65865293 0.65616479],3,3,"[0.6601234827680622, 0.6109507568947781]",1,-1
18028,[0.36789811 0.59087722],0,1,"[0.37965276877051146, 0.575157747726818]",1,-1
18029,[0.36621357 0.17324929],1,-1,-1,0,0
18030,[0.67335495 0.61726857],3,3,"[0.6601234827680622, 0.6109507568947781]",1,-1
18031,[0.60875806 0.61011889],3,3,"[0.6601234827680622, 0.6109507568947781]",1,-1
18032,[0.65444428 0.53170934],3,-1,-1,1,-1
18033,[0.79357594 0.67401179],2,0,"[0.7890750777399501, 0.6799557517006445]",1,4
18034,[0.24608813 0.24706413],1,-1,-1,0,0
18035,[0.30422985 0.18968897],1,2,"[0.294379027732062, 0.1921773781634303]",0,0
18036,[0.73930178 0.65425834],2,0,"[0.7890750777399501, 0.6799557517006445]",1,-1
18037,[0.33194865 0.51381491],0,-1,-1,1,-1
18038,[0.62086626 0.62142081],3,3,"[0.6601234827680622, 0.6109507568947781]",1,-1
18039,[0.24914225 0.18318527],1,2,"[0.294379027732062, 0.1921773781634303]",0,0
18040,[0.85618154 0.70140648],2,-1,-1,1,-1
18041,[0.32734821 0.2785195 ],1,-1,-1,0,0
18042,[0.76810491 0.71431064],3,0,"[0.7890750777399501, 0.6799557517006445]",1,-1
18043,[0.29192455 0.19800694],1,2,"[0.294379027732062, 0.1921773781634303]",0,0
18044,[0.3582917  0.59223229],0,1,"[0.37965276877051146, 0.575157747726818]",1,-1
18045,[0.22472469 0.28736183],1,-1,-1,0,0
18046,[0.74458025 0.73419329],2,-1,-1,1,-1
18047,[0.70147468 0.66869195],3,-1,-1,1,-1
18048,[0.34063161 0.14258675],1,2,"[0.294379027732062, 0.1921773781634303]",0,0
18049,[0.82437291 0.70568355],2,0,"[0.7890750777399501, 0.6799557517006445]",1,-1
18050,[0.32360318 0.18337252],1,2,"[0.294379027732062, 0.1921773781634303]",0,0
18051,[0.74033201 0.76045176],2,-1,-1,1,-1
18052,[0.24386257 0.5519582 ],0,-1,-1,1,-1
18053,[0.75630819 0.63458764],2,0,"[0.7890750777399501, 0.6799557517006445]",1,-1
18054,[0.43165755 0.64033735],0,-1,-1,1,-1
18055,[0.30833623 0.19938331],1,2,"[0.294379027732062, 0.1921773781634303]",0,0
18056,[0.83518395 0.74456031],2,-1,-1,1,-1
18057,[0.21156727 0.14733036],1,-1,-1,0,0
18058,[0.45095583 0.55234892],0,-1,-1,1,-1
18059,[0.38807203 0.66580643],0,-1,-1,1,-1
18060,[0.34265839 0.18437987],1,2,"[0.294379027732062, 0.1921773781634303]",0,0
18061,[0.33876299 0.64282297],0,-1,-1,1,-1
18062,[0.82883703 0.69966904],2,0,"[0.7890750777399501, 0.6799557517006445]",1,-1
18063,[0.71530052 0.70412949],2,-1,-1,1,-1
18064,[0.41475775 0.56323848],0,1,"[0.37965276877051146, 0.575157747726818]",1,-1
18065,[0.69724873 0.63061369],3,3,"[0.6601234827680622, 0.6109507568947781]",1,-1
18066,[0.29013245 0.11489682],1,-1,-1,0,0
18067,[0.65970097 0.55238634],3,3,"[0.6601234827680622, 0.6109507568947781]",1,-1
18068,[0.60431352 0.52737076],3,-1,-1,1,-1
18069,[0.27261811 0.58558035],0,-1,-1,1,-1
18070,[0.67281373 0.58778475],3,3,"[0.6601234827680622, 0.6109507568947781]",1,-1
18071,[0.32382066 0.61125493],0,1,"[0.37965276877051146, 0.575157747726818]",1,-1
18072,[0.28348892 0.15679152],1,2,"[0.294379027732062, 0.1921773781634303]",0,0
18073,[0.32925633 0.22664502],1,2,"[0.294379027732062, 0.1921773781634303]",0,0
18074,[0.22874428 0.18171324],1,2,"[0.294379027732062, 0.1921773781634303]",0,0
18075,[0.8601582 0.6866039],2,-1,-1,1,-1
18076,[0.79837786 0.66801511],2,0,"[0.7890750777399501, 0.6799557517006445]",1,4
18077,[0.30353818 0.52694257],0,-1,-1,1,-1
18078,[0.62258517 0.57051978],3,3,"[0.6601234827680622, 0.6109507568947781]",1,-1
18079,[0.35665996 0.67028942],0,-1,-1,1,-1
18080,[0.53025865 0.56556597],3,-1,-1,1,-1
18081,[0.27178694 0.24341488],1,2,"[0.294379027732062, 0.1921773781634303]",0,0
18082,[0.38351277 0.23992143],1,-1,-1,0,0
18083,[0.66395399 0.6221727 ],3,3,"[0.6601234827680622, 0.6109507568947781]",1,7
18084,[0.38843656 0.53585459],0,1,"[0.37965276877051146, 0.575157747726818]",1,-1
18085,[0.40723033 0.50757449],0,-1,-1,1,-1
18086,[0.69110424 0.53704795],3,-1,-1,1,-1
18087,[0.29594558 0.12877721],1,2,"[0.294379027732062, 0.1921773781634303]",0,0
18088,[0.63479693 0.5632505 ],3,3,"[0.6601234827680622, 0.6109507568947781]",1,-1
18089,[0.79070487 0.66921296],2,0,"[0.7890750777399501, 0.6799557517006445]",1,4
18090,[0.40157843 0.51489144],0,1,"[0.37965276877051146, 0.575157747726818]",1,-1
18091,[0.74121863 0.61948715],2,-1,-1,1,-1
18092,[0.3430377  0.25293277],1,-1,-1,0,0
18093,[0.79223484 0.71631173],2,0,"[0.7890750777399501, 0.6799557517006445]",1,-1
18094,[0.41223868 0.50108199],0,-1,-1,1,-1
18095,[0.82697436 0.70019039],2,0,"[0.7890750777399501, 0.6799557517006445]",1,-1
18096,[0.429457   0.63559866],0,-1,-1,1,-1
18097,[0.6975687  0.46001796],3,-1,-1,1,-1
18098,[0.64709663 0.58307027],3,3,"[0.6601234827680622, 0.6109507568947781]",1,-1
18099,[0.3559392 0.1446698],1,-1,-1,0,0
18100,[0.76781476 0.69193307],2,0,"[0.7890750777399501, 0.6799557517006445]",1,-1
18101,[0.38276843 0.60368932],0,1,"[0.37965276877051146, 0.575157747726818]",1,-1
18102,[0.71436609 0.61550087],3,3,"[0.6601234827680622, 0.6109507568947781]",1,-1
18103,[0.69429795 0.52207516],3,-1,-1,1,-1
18104,[0.36970112 0.17978015],1,-1,-1,0,0
18105,[0.69119645 0.53582117],3,-1,-1,1,-1
18106,[0.67560697 0.69271465],3,-1,-1,1,-1
18107,[0.68154033 0.57663482],3,3,"[0.6601234827680622, 0.6109507568947781]",1,-1
18108,[0.71924102 0.49812556],3,-1,-1,1,-1
18109,[0.43291115 0.4894395 ],0,-1,-1,1,-1
18110,[0.41395822 0.11243464],1,-1,-1,0,0
18111,[0.84105951 0.64495748],2,0,"[0.7890750777399501, 0.6799557517006445]",1,-1
18112,[0.29036899 0.65951487],0,-1,-1,1,-1
18113,[0.7274455  0.62211954],3,3,"[0.6601234827680622, 0.6109507568947781]",1,-1
18114,[0.29024537 0.07519892],1,-1,-1,0,0
18115,[0.81385848 0.61744889],2,0,"[0.7890750777399501, 0.6799557517006445]",1,-1
18116,[0.3104788  0.19335548],1,2,"[0.294379027732062, 0.1921773781634303]",0,0
18117,[0.57280647 0.57758985],3,-1,-1,1,-1
18118,[0.61112921 0.62047302],3,3,"[0.6601234827680622, 0.6109507568947781]",1,-1
18119,[0.66754768 0.58567346],3,3,"[0.6601234827680622, 0.6109507568947781]",1,-1
18120,[0.43489159 0.49149092],0,-1,-1,1,-1
18121,[0.62938657 0.69909803],3,-1,-1,1,-1
18122,[0.28489142 0.14975387],1,2,"[0.294379027732062, 0.1921773781634303]",0,0
18123,[0.60496274 0.71084661],3,-1,-1,1,-1
18124,[0.79671798 0.68599821],2,0,"[0.7890750777399501, 0.6799557517006445]",1,-1
18125,[0.78033468 0.75807488],2,-1,-1,1,-1
18126,[0.32589218 0.17658452],1,2,"[0.294379027732062, 0.1921773781634303]",0,0
18127,[0.32569792 0.23060007],1,2,"[0.294379027732062, 0.1921773781634303]",0,0
18128,[0.75039227 0.64407789],2,0,"[0.7890750777399501, 0.6799557517006445]",1,-1
18129,[0.33225107 0.29926184],1,-1,-1,0,0
18130,[0.3921202  0.65142222],0,-1,-1,1,-1
18131,[0.39779119 0.56481824],0,1,"[0.37965276877051146, 0.575157747726818]",1,2
18132,[0.75513339 0.6585591 ],2,0,"[0.7890750777399501, 0.6799557517006445]",1,-1
18133,[0.74948994 0.82802969],2,-1,-1,1,-1
18134,[0.24886004 0.11794589],1,-1,-1,0,0
18135,[0.76854485 0.67930659],2,0,"[0.7890750777399501, 0.6799557517006445]",1,4
18136,[0.66183935 0.66795605],3,3,"[0.6601234827680622, 0.6109507568947781]",1,-1
18137,[0.27189565 0.23032933],1,2,"[0.294379027732062, 0.1921773781634303]",0,0
18138,[0.29392228 0.23311214],1,2,"[0.294379027732062, 0.1921773781634303]",0,0
18139,[0.58933578 0.58840459],3,-1,-1,1,-1
18140,[0.77399728 0.72192868],2,0,"[0.7890750777399501, 0.6799557517006445]",1,-1
18141,[0.40506451 0.56372531],0,1,"[0.37965276877051146, 0.575157747726818]",1,2
18142,[0.73569297 0.73811638],2,-1,-1,1,-1
18143,[0.38489071 0.60533248],0,1,"[0.37965276877051146, 0.575157747726818]",1,-1
18144,[0.36046175 0.24488168],1,-1,-1,0,0
18145,[0.38040065 0.59223007],0,1,"[0.37965276877051146, 0.575157747726818]",1,-1
18146,[0.23777668 0.21556836],1,2,"[0.294379027732062, 0.1921773781634303]",0,0
18147,[0.32276676 0.64412398],0,-1,-1,1,-1
18148,[0.73450262 0.73978081],2,-1,-1,1,-1
18149,[0.79767547 0.6525347 ],2,0,"[0.7890750777399501, 0.6799557517006445]",1,-1
18150,[0.78701107 0.62688846],2,0,"[0.7890750777399501, 0.6799557517006445]",1,-1
18151,[0.83442951 0.65171549],2,0,"[0.7890750777399501, 0.6799557517006445]",1,-1
18152,[0.63410578 0.63518105],3,3,"[0.6601234827680622, 0.6109507568947781]",1,-1
18153,[0.7309088  0.56772481],3,-1,-1,1,-1
18154,[0.26358896 0.22538893],1,2,"[0.294379027732062, 0.1921773781634303]",0,0
18155,[0.35848945 0.62591953],0,1,"[0.37965276877051146, 0.575157747726818]",1,-1
18156,[0.79347327 0.65952034],2,0,"[0.7890750777399501, 0.6799557517006445]",1,-1
18157,[0.30060293 0.20052189],1,2,"[0.294379027732062, 0.1921773781634303]",0,0
18158,[0.30180092 0.25136488],1,2,"[0.294379027732062, 0.1921773781634303]",0,0
18159,[0.610545   0.71581595],3,-1,-1,1,-1
18160,[0.38854883 0.56367931],0,1,"[0.37965276877051146, 0.575157747726818]",1,-1
18161,[0.36992816 0.58656002],0,1,"[0.37965276877051146, 0.575157747726818]",1,-1
18162,[0.70056676 0.5533273 ],3,-1,-1,1,-1
18163,[0.28990826 0.14057753],1,2,"[0.294379027732062, 0.1921773781634303]",0,0
18164,[0.68026949 0.71388559],3,-1,-1,1,-1
18165,[0.20296901 0.17276687],1,-1,-1,0,0
18166,[0.65803549 0.69741233],3,-1,-1,1,-1
18167,[0.28307764 0.22481486],1,2,"[0.294379027732062, 0.1921773781634303]",0,0
18168,[0.67801387 0.6342554 ],3,3,"[0.6601234827680622, 0.6109507568947781]",1,-1
18169,[0.74495719 0.68068935],2,0,"[0.7890750777399501, 0.6799557517006445]",1,-1
18170,[0.35356898 0.1817734 ],1,2,"[0.294379027732062, 0.1921773781634303]",0,0
18171,[0.67055014 0.62881687],3,3,"[0.6601234827680622, 0.6109507568947781]",1,7
18172,[0.63980889 0.51838198],3,-1,-1,1,-1
18173,[0.67140028 0.57826484],3,3,"[0.6601234827680622, 0.6109507568947781]",1,-1
18174,[0.31662174 0.19522497],1,2,"[0.294379027732062, 0.1921773781634303]",0,0
18175,[0.77578169 0.7583667 ],2,-1,-1,1,-1
18176,[0.69041839 0.57805843],3,3,"[0.6601234827680622, 0.6109507568947781]",1,-1
18177,[0.41515375 0.59036073],0,1,"[0.37965276877051146, 0.575157747726818]",1,-1
18178,[0.5997854  0.57446441],3,-1,-1,1,-1
18179,[0.37880951 0.47828109],0,-1,-1,1,-1
18180,[0.64817831 0.6743967 ],3,3,"[0.6601234827680622, 0.6109507568947781]",1,-1
18181,[0.30853228 0.24345675],1,2,"[0.294379027732062, 0.1921773781634303]",0,0
18182,[0.2798897  0.16373101],1,2,"[0.294379027732062, 0.1921773781634303]",0,0
18183,[0.83404268 0.63431176],2,0,"[0.7890750777399501, 0.6799557517006445]",1,-1
18184,[0.81957204 0.64931179],2,0,"[0.7890750777399501, 0.6799557517006445]",1,-1
18185,[0.21282225 0.60077787],0,-1,-1,1,-1
18186,[0.30242223 0.18777621],1,2,"[0.294379027732062, 0.1921773781634303]",0,0
18187,[0.41077463 0.60378995],0,1,"[0.37965276877051146, 0.575157747726818]",1,-1
18188,[0.79360434 0.68630068],3,0,"[0.7890750777399501, 0.6799557517006445]",1,-1
18189,[0.62347893 0.66932495],3,3,"[0.6601234827680622, 0.6109507568947781]",1,-1
18190,[0.40004131 0.50369108],0,-1,-1,1,-1
18191,[0.78158384 0.7121967 ],2,0,"[0.7890750777399501, 0.6799557517006445]",1,-1
18192,[0.50230055 0.5753193 ],0,-1,-1,1,-1
18193,[0.67302259 0.54349787],3,3,"[0.6601234827680622, 0.6109507568947781]",1,-1
18194,[0.8499604  0.62809701],2,-1,-1,1,-1
18195,[0.7937921  0.70867982],2,0,"[0.7890750777399501, 0.6799557517006445]",1,-1
18196,[0.37112731 0.60012001],0,1,"[0.37965276877051146, 0.575157747726818]",1,-1
18197,[0.29988552 0.61640231],0,-1,-1,1,-1
18198,[0.68535298 0.61943437],3,3,"[0.6601234827680622, 0.6109507568947781]",1,7
18199,[0.26575035 0.24675926],1,2,"[0.294379027732062, 0.1921773781634303]",0,0
18200,[0.7356429  0.55194241],3,-1,-1,1,-1
18201,[0.39746556 0.58081814],0,1,"[0.37965276877051146, 0.575157747726818]",1,-1
18202,[0.43223395 0.59203134],0,1,"[0.37965276877051146, 0.575157747726818]",1,-1
18203,[0.72989822 0.67484732],2,0,"[0.7890750777399501, 0.6799557517006445]",1,-1
18204,[0.31847656 0.54049982],0,-1,-1,1,-1
18205,[0.21820164 0.27315277],1,-1,-1,0,0
18206,[0.33622205 0.49555979],0,-1,-1,1,-1
18207,[0.55991494 0.60255477],3,-1,-1,1,-1
18208,[0.60427174 0.55954292],3,-1,-1,1,-1
18209,[0.29559514 0.55471013],0,-1,-1,1,-1
18210,[0.72486125 0.64517727],3,-1,-1,1,-1
18211,[0.76692599 0.63531646],2,0,"[0.7890750777399501, 0.6799557517006445]",1,-1
18212,[0.73376909 0.74387936],2,-1,-1,1,-1
18213,[0.66254513 0.56038442],3,3,"[0.6601234827680622, 0.6109507568947781]",1,-1
18214,[0.41310692 0.59838098],0,1,"[0.37965276877051146, 0.575157747726818]",1,-1
18215,[0.69325253 0.49925235],3,-1,-1,1,-1
18216,[0.31102876 0.27534564],1,-1,-1,0,0
18217,[0.37562873 0.59953351],0,1,"[0.37965276877051146, 0.575157747726818]",1,-1
18218,[0.3747021  0.62561862],0,1,"[0.37965276877051146, 0.575157747726818]",1,-1
18219,[0.90328487 0.61256069],2,-1,-1,1,-1
18220,[0.65557275 0.75918496],3,-1,-1,1,-1
18221,[0.4480631  0.59979317],0,-1,-1,1,-1
18222,[0.3159952  0.14738958],1,2,"[0.294379027732062, 0.1921773781634303]",0,0
18223,[0.6344624 0.6199084],3,3,"[0.6601234827680622, 0.6109507568947781]",1,-1
18224,[0.26501231 0.25339451],1,2,"[0.294379027732062, 0.1921773781634303]",0,0
18225,[0.79102993 0.66663365],2,0,"[0.7890750777399501, 0.6799557517006445]",1,-1
18226,[0.81379133 0.68457392],2,0,"[0.7890750777399501, 0.6799557517006445]",1,4
18227,[0.77453564 0.54541601],2,-1,-1,1,-1
18228,[0.75804167 0.6620367 ],2,0,"[0.7890750777399501, 0.6799557517006445]",1,-1
18229,[0.74289011 0.67201554],2,0,"[0.7890750777399501, 0.6799557517006445]",1,-1
18230,[0.43861639 0.56585134],0,1,"[0.37965276877051146, 0.575157747726818]",1,-1
18231,[0.26645267 0.13937321],1,2,"[0.294379027732062, 0.1921773781634303]",0,0
18232,[0.76003867 0.6308986 ],2,0,"[0.7890750777399501, 0.6799557517006445]",1,-1
18233,[0.36366469 0.22771632],1,-1,-1,0,0
18234,[0.24235776 0.18039233],1,2,"[0.294379027732062, 0.1921773781634303]",0,0
18235,[0.25602564 0.21096833],1,2,"[0.294379027732062, 0.1921773781634303]",0,0
18236,[0.44969151 0.67437701],0,-1,-1,1,-1
18237,[0.33739537 0.24205847],1,2,"[0.294379027732062, 0.1921773781634303]",0,0
18238,[0.25314017 0.22523022],1,2,"[0.294379027732062, 0.1921773781634303]",0,0
18239,[0.44570849 0.60863646],0,-1,-1,1,-1
18240,[0.33610195 0.17129397],1,2,"[0.294379027732062, 0.1921773781634303]",0,0
18241,[0.29561676 0.20062853],1,2,"[0.294379027732062, 0.1921773781634303]",0,0
18242,[0.38652208 0.57127445],0,1,"[0.37965276877051146, 0.575157747726818]",1,2
18243,[0.35554903 0.65821002],0,-1,-1,1,-1
18244,[0.37551329 0.46770952],0,-1,-1,1,-1
18245,[0.39546851 0.63995257],0,1,"[0.37965276877051146, 0.575157747726818]",1,-1
18246,[0.73749474 0.69520196],2,0,"[0.7890750777399501, 0.6799557517006445]",1,-1
18247,[0.64593538 0.58859826],3,3,"[0.6601234827680622, 0.6109507568947781]",1,-1
18248,[0.67024483 0.62982566],3,3,"[0.6601234827680622, 0.6109507568947781]",1,7
18249,[0.3391192  0.62654087],0,1,"[0.37965276877051146, 0.575157747726818]",1,-1
18250,[0.81359076 0.72071137],2,0,"[0.7890750777399501, 0.6799557517006445]",1,-1
18251,[0.90734723 0.74223423],2,-1,-1,1,-1
18252,[0.55322673 0.58633259],3,-1,-1,1,-1
18253,[0.41831915 0.51895251],0,1,"[0.37965276877051146, 0.575157747726818]",1,-1
18254,[0.75264158 0.65430674],2,0,"[0.7890750777399501, 0.6799557517006445]",1,-1
18255,[0.8102769  0.71540929],2,0,"[0.7890750777399501, 0.6799557517006445]",1,-1
18256,[0.68748922 0.65151907],3,3,"[0.6601234827680622, 0.6109507568947781]",1,-1
18257,[0.34566367 0.18785833],1,2,"[0.294379027732062, 0.1921773781634303]",0,0
18258,[0.78164957 0.65598798],2,0,"[0.7890750777399501, 0.6799557517006445]",1,-1
18259,[0.66420502 0.61782221],3,3,"[0.6601234827680622, 0.6109507568947781]",1,7
18260,[0.36144509 0.27324635],1,-1,-1,0,0
18261,[0.40315963 0.62897568],0,1,"[0.37965276877051146, 0.575157747726818]",1,-1
18262,[0.82164032 0.63919926],2,0,"[0.7890750777399501, 0.6799557517006445]",1,-1
18263,[0.65133746 0.68660246],3,-1,-1,1,-1
18264,[0.31027164 0.15479409],1,2,"[0.294379027732062, 0.1921773781634303]",0,0
18265,[0.67011974 0.739657  ],3,-1,-1,1,-1
18266,[0.39268849 0.59019945],0,1,"[0.37965276877051146, 0.575157747726818]",1,-1
18267,[0.40476108 0.22340561],1,-1,-1,0,0
18268,[0.84517891 0.64808911],2,0,"[0.7890750777399501, 0.6799557517006445]",1,-1
18269,[0.22500438 0.19022633],1,2,"[0.294379027732062, 0.1921773781634303]",0,0
18270,[0.361836   0.12525949],1,-1,-1,0,0
18271,[0.40733834 0.56774608],0,1,"[0.37965276877051146, 0.575157747726818]",1,2
18272,[0.78010331 0.69672987],2,0,"[0.7890750777399501, 0.6799557517006445]",1,-1
18273,[0.67017621 0.59278171],3,3,"[0.6601234827680622, 0.6109507568947781]",1,-1
18274,[0.71908264 0.615077  ],3,3,"[0.6601234827680622, 0.6109507568947781]",1,-1
18275,[0.31141623 0.19249179],1,2,"[0.294379027732062, 0.1921773781634303]",0,0
18276,[0.2847245  0.13170928],1,2,"[0.294379027732062, 0.1921773781634303]",0,0
18277,[0.77285243 0.66347245],3,0,"[0.7890750777399501, 0.6799557517006445]",1,-1
18278,[0.84747328 0.63398876],2,-1,-1,1,-1
18279,[0.81280075 0.70863712],2,0,"[0.7890750777399501, 0.6799557517006445]",1,-1
18280,[0.34479802 0.22102224],1,2,"[0.294379027732062, 0.1921773781634303]",0,0
18281,[0.76122743 0.72665438],2,0,"[0.7890750777399501, 0.6799557517006445]",1,-1
18282,[0.6026341 0.5767271],3,3,"[0.6601234827680622, 0.6109507568947781]",1,-1
18283,[0.71861281 0.76795689],2,-1,-1,1,-1
18284,[0.63274288 0.57711174],3,3,"[0.6601234827680622, 0.6109507568947781]",1,-1
18285,[0.81145481 0.72166322],2,0,"[0.7890750777399501, 0.6799557517006445]",1,-1
18286,[0.40308079 0.55241088],0,1,"[0.37965276877051146, 0.575157747726818]",1,-1
18287,[0.30127795 0.59504657],0,-1,-1,1,-1
18288,[0.75326965 0.58327239],2,-1,-1,1,-1
18289,[0.75452574 0.67312597],2,0,"[0.7890750777399501, 0.6799557517006445]",1,-1
18290,[0.68185951 0.62479029],3,3,"[0.6601234827680622, 0.6109507568947781]",1,7
18291,[0.72701932 0.60559279],3,3,"[0.6601234827680622, 0.6109507568947781]",1,-1
18292,[0.77199162 0.69159781],2,0,"[0.7890750777399501, 0.6799557517006445]",1,-1
18293,[0.31111039 0.19633608],1,2,"[0.294379027732062, 0.1921773781634303]",0,0
18294,[0.81557995 0.67465304],2,0,"[0.7890750777399501, 0.6799557517006445]",1,-1
18295,[0.34291809 0.57282717],0,1,"[0.37965276877051146, 0.575157747726818]",1,-1
18296,[0.81850445 0.72614196],2,0,"[0.7890750777399501, 0.6799557517006445]",1,-1
18297,[0.65036592 0.59714778],3,3,"[0.6601234827680622, 0.6109507568947781]",1,-1
18298,[0.37245181 0.57872429],0,1,"[0.37965276877051146, 0.575157747726818]",1,1
18299,[0.26367291 0.11762567],1,-1,-1,0,0
18300,[0.63798078 0.5953056 ],3,3,"[0.6601234827680622, 0.6109507568947781]",1,-1
18301,[0.61170885 0.65367673],3,3,"[0.6601234827680622, 0.6109507568947781]",1,-1
18302,[0.34337551 0.19629837],1,2,"[0.294379027732062, 0.1921773781634303]",0,0
18303,[0.26249628 0.2109145 ],1,2,"[0.294379027732062, 0.1921773781634303]",0,0
18304,[0.79507825 0.66041288],2,0,"[0.7890750777399501, 0.6799557517006445]",1,-1
18305,[0.92595661 0.78204545],2,-1,-1,1,-1
18306,[0.78926107 0.64712779],2,0,"[0.7890750777399501, 0.6799557517006445]",1,-1
18307,[0.66138435 0.62631522],3,3,"[0.6601234827680622, 0.6109507568947781]",1,-1
18308,[0.67806143 0.55382399],3,3,"[0.6601234827680622, 0.6109507568947781]",1,-1
18309,[0.69917321 0.53228928],3,-1,-1,1,-1
18310,[0.63100879 0.55506989],3,3,"[0.6601234827680622, 0.6109507568947781]",1,-1
18311,[0.28726898 0.25080727],1,2,"[0.294379027732062, 0.1921773781634303]",0,0
18312,[0.80726963 0.75756198],2,-1,-1,1,-1
18313,[0.78953472 0.63038678],2,0,"[0.7890750777399501, 0.6799557517006445]",1,-1
18314,[0.25008559 0.2266586 ],1,2,"[0.294379027732062, 0.1921773781634303]",0,0
18315,[0.35086439 0.54717733],0,1,"[0.37965276877051146, 0.575157747726818]",1,-1
18316,[0.46825635 0.53781552],0,-1,-1,1,-1
18317,[0.38386577 0.55891249],0,1,"[0.37965276877051146, 0.575157747726818]",1,-1
18318,[0.79413076 0.65580562],2,0,"[0.7890750777399501, 0.6799557517006445]",1,-1
18319,[0.24727867 0.14920766],1,2,"[0.294379027732062, 0.1921773781634303]",0,0
18320,[0.39901866 0.55445267],0,1,"[0.37965276877051146, 0.575157747726818]",1,-1
18321,[0.39842897 0.50170808],0,-1,-1,1,-1
18322,[0.40043974 0.58621172],0,1,"[0.37965276877051146, 0.575157747726818]",1,-1
18323,[0.36127607 0.53968474],0,1,"[0.37965276877051146, 0.575157747726818]",1,-1
18324,[0.81094288 0.67874544],2,0,"[0.7890750777399501, 0.6799557517006445]",1,4
18325,[0.71956229 0.61199768],2,3,"[0.6601234827680622, 0.6109507568947781]",1,-1
18326,[0.67666501 0.57682252],3,3,"[0.6601234827680622, 0.6109507568947781]",1,-1
18327,[0.28273526 0.19161475],1,2,"[0.294379027732062, 0.1921773781634303]",0,0
18328,[0.25545229 0.26741583],1,-1,-1,0,0
18329,[0.71389609 0.69104867],2,-1,-1,1,-1
18330,[0.26209077 0.20650485],1,2,"[0.294379027732062, 0.1921773781634303]",0,0
18331,[0.76399644 0.67087053],2,0,"[0.7890750777399501, 0.6799557517006445]",1,-1
18332,[0.22886838 0.22510408],1,-1,-1,0,0
18333,[0.34961762 0.59145302],0,1,"[0.37965276877051146, 0.575157747726818]",1,-1
18334,[0.38870416 0.63472284],0,1,"[0.37965276877051146, 0.575157747726818]",1,-1
18335,[0.38997072 0.55234096],0,1,"[0.37965276877051146, 0.575157747726818]",1,-1
18336,[0.36493654 0.21911988],1,-1,-1,0,0
18337,[0.26628322 0.19983194],1,2,"[0.294379027732062, 0.1921773781634303]",0,0
18338,[0.31655586 0.19336052],1,2,"[0.294379027732062, 0.1921773781634303]",0,0
18339,[0.32015677 0.58307789],0,1,"[0.37965276877051146, 0.575157747726818]",1,-1
18340,[0.62783906 0.65589762],3,3,"[0.6601234827680622, 0.6109507568947781]",1,-1
18341,[0.28756073 0.51781775],0,-1,-1,1,-1
18342,[0.77621455 0.59584879],2,-1,-1,1,-1
18343,[0.35661594 0.57688613],0,1,"[0.37965276877051146, 0.575157747726818]",1,-1
18344,[0.25870409 0.24543005],1,2,"[0.294379027732062, 0.1921773781634303]",0,0
18345,[0.88235486 0.6578466 ],2,-1,-1,1,-1
18346,[0.60458982 0.59628736],3,3,"[0.6601234827680622, 0.6109507568947781]",1,-1
18347,[0.68403491 0.62382857],3,3,"[0.6601234827680622, 0.6109507568947781]",1,7
18348,[0.36019568 0.55314752],0,1,"[0.37965276877051146, 0.575157747726818]",1,1
18349,[0.34948491 0.21406755],1,2,"[0.294379027732062, 0.1921773781634303]",0,0
18350,[0.2394112 0.1767748],1,2,"[0.294379027732062, 0.1921773781634303]",0,0
18351,[0.34480112 0.22214581],1,2,"[0.294379027732062, 0.1921773781634303]",0,0
18352,[0.25032449 0.23862003],1,2,"[0.294379027732062, 0.1921773781634303]",0,0
18353,[0.71154564 0.51500734],3,-1,-1,1,-1
18354,[0.19257735 0.12080226],1,-1,-1,0,0
18355,[0.34349797 0.64245472],0,-1,-1,1,-1
18356,[0.65717242 0.58903686],3,3,"[0.6601234827680622, 0.6109507568947781]",1,-1
18357,[0.70226176 0.63699593],2,3,"[0.6601234827680622, 0.6109507568947781]",1,-1
18358,[0.27348348 0.62266491],0,-1,-1,1,-1
18359,[0.67084335 0.57405244],3,3,"[0.6601234827680622, 0.6109507568947781]",1,-1
18360,[0.68497356 0.68399345],3,-1,-1,1,-1
18361,[0.27103993 0.11013308],1,-1,-1,0,0
18362,[0.82410974 0.6155306 ],2,-1,-1,1,-1
18363,[0.4234617  0.64157864],0,-1,-1,1,-1
18364,[0.60440233 0.65358687],3,-1,-1,1,-1
18365,[0.31096788 0.18256641],1,2,"[0.294379027732062, 0.1921773781634303]",0,0
18366,[0.85685126 0.60468551],2,-1,-1,1,-1
18367,[0.70534292 0.55924679],3,3,"[0.6601234827680622, 0.6109507568947781]",1,-1
18368,[0.32590624 0.18704422],1,2,"[0.294379027732062, 0.1921773781634303]",0,0
18369,[0.74361465 0.68141129],2,0,"[0.7890750777399501, 0.6799557517006445]",1,-1
18370,[0.2353314  0.09828577],1,-1,-1,0,0
18371,[0.43632038 0.66347242],0,-1,-1,1,-1
18372,[0.40764298 0.5270899 ],0,1,"[0.37965276877051146, 0.575157747726818]",1,-1
18373,[0.30395343 0.18708021],1,2,"[0.294379027732062, 0.1921773781634303]",0,0
18374,[0.77031523 0.72400501],2,0,"[0.7890750777399501, 0.6799557517006445]",1,-1
18375,[0.72957101 0.56029632],3,-1,-1,1,-1
18376,[0.43216182 0.61595733],0,1,"[0.37965276877051146, 0.575157747726818]",1,-1
18377,[0.87470802 0.66699267],2,-1,-1,1,-1
18378,[0.19235749 0.21106775],1,-1,-1,0,0
18379,[0.72576445 0.64151516],2,-1,-1,1,-1
18380,[0.33950515 0.53031635],0,1,"[0.37965276877051146, 0.575157747726818]",1,-1
18381,[0.75175237 0.8048564 ],2,-1,-1,1,-1
18382,[0.23544042 0.19198193],1,2,"[0.294379027732062, 0.1921773781634303]",0,0
18383,[0.38656735 0.57530191],0,1,"[0.37965276877051146, 0.575157747726818]",1,-1
18384,[0.38887737 0.21836999],1,-1,-1,0,0
18385,[0.42002671 0.54243395],0,1,"[0.37965276877051146, 0.575157747726818]",1,-1
18386,[0.82205697 0.71369365],2,0,"[0.7890750777399501, 0.6799557517006445]",1,-1
18387,[0.72221426 0.6828028 ],2,0,"[0.7890750777399501, 0.6799557517006445]",1,-1
18388,[0.70375772 0.60371337],3,3,"[0.6601234827680622, 0.6109507568947781]",1,-1
18389,[0.80322146 0.64171956],2,0,"[0.7890750777399501, 0.6799557517006445]",1,-1
18390,[0.78219051 0.69010692],2,0,"[0.7890750777399501, 0.6799557517006445]",1,-1
18391,[0.19685075 0.17561199],1,-1,-1,0,0
18392,[0.80827408 0.61528563],3,0,"[0.7890750777399501, 0.6799557517006445]",1,-1
18393,[0.27376543 0.13360885],1,2,"[0.294379027732062, 0.1921773781634303]",0,0
18394,[0.42702825 0.51380904],0,-1,-1,1,-1
18395,[0.35252435 0.61899666],0,1,"[0.37965276877051146, 0.575157747726818]",1,-1
18396,[0.20938583 0.11937312],1,-1,-1,0,0
18397,[0.67324057 0.59218201],3,3,"[0.6601234827680622, 0.6109507568947781]",1,-1
18398,[0.54999124 0.59973695],3,-1,-1,1,-1
18399,[0.65758476 0.64845113],3,3,"[0.6601234827680622, 0.6109507568947781]",1,-1
18400,[0.78244183 0.66812167],2,0,"[0.7890750777399501, 0.6799557517006445]",1,-1
18401,[0.74520129 0.70218195],2,0,"[0.7890750777399501, 0.6799557517006445]",1,-1
18402,[0.79285844 0.72889351],2,0,"[0.7890750777399501, 0.6799557517006445]",1,-1
18403,[0.35720856 0.67341758],0,-1,-1,1,-1
18404,[0.32829135 0.49556217],0,-1,-1,1,-1
18405,[0.62411314 0.61306958],3,3,"[0.6601234827680622, 0.6109507568947781]",1,-1
18406,[0.79042421 0.73773662],2,0,"[0.7890750777399501, 0.6799557517006445]",1,-1
18407,[0.72482298 0.57098158],3,-1,-1,1,-1
18408,[0.68311207 0.67590451],3,3,"[0.6601234827680622, 0.6109507568947781]",1,-1
18409,[0.39683979 0.61255981],0,1,"[0.37965276877051146, 0.575157747726818]",1,-1
18410,[0.79597404 0.65013228],2,0,"[0.7890750777399501, 0.6799557517006445]",1,-1
18411,[0.25906173 0.19266973],1,2,"[0.294379027732062, 0.1921773781634303]",0,0
18412,[0.79176377 0.63252363],2,0,"[0.7890750777399501, 0.6799557517006445]",1,-1
18413,[0.48093091 0.61624778],0,-1,-1,1,-1
18414,[0.40949422 0.60471677],0,1,"[0.37965276877051146, 0.575157747726818]",1,-1
18415,[0.67120888 0.54158187],3,-1,-1,1,-1
18416,[0.76328699 0.5862627 ],3,-1,-1,1,-1
18417,[0.29703924 0.1846786 ],1,2,"[0.294379027732062, 0.1921773781634303]",0,0
18418,[0.33497587 0.51661721],0,-1,-1,1,-1
18419,[0.71563604 0.6543454 ],3,-1,-1,1,-1
18420,[0.42451079 0.45400634],0,-1,-1,1,-1
18421,[0.32727058 0.63436176],0,-1,-1,1,-1
18422,[0.20502953 0.20634434],1,-1,-1,0,0
18423,[0.41378842 0.5669262 ],0,1,"[0.37965276877051146, 0.575157747726818]",1,-1
18424,[0.68905937 0.62459782],3,3,"[0.6601234827680622, 0.6109507568947781]",1,-1
18425,[0.38183448 0.4750523 ],0,-1,-1,1,-1
18426,[0.66210123 0.64803557],3,3,"[0.6601234827680622, 0.6109507568947781]",1,-1
18427,[0.2868495  0.21902372],1,2,"[0.294379027732062, 0.1921773781634303]",0,0
18428,[0.496711   0.66843321],0,-1,-1,1,-1
18429,[0.73731696 0.64781545],3,0,"[0.7890750777399501, 0.6799557517006445]",1,-1
18430,[0.81519225 0.7490088 ],2,-1,-1,1,-1
18431,[0.30100513 0.14341924],1,2,"[0.294379027732062, 0.1921773781634303]",0,0
18432,[0.62591508 0.65161259],3,3,"[0.6601234827680622, 0.6109507568947781]",1,-1
18433,[0.35391161 0.15678254],1,2,"[0.294379027732062, 0.1921773781634303]",0,0
18434,[0.64040828 0.56676855],3,3,"[0.6601234827680622, 0.6109507568947781]",1,-1
18435,[0.31240329 0.18812093],1,2,"[0.294379027732062, 0.1921773781634303]",0,0
18436,[0.66845469 0.61218308],3,3,"[0.6601234827680622, 0.6109507568947781]",1,-1
18437,[0.44680457 0.58016531],0,1,"[0.37965276877051146, 0.575157747726818]",1,-1
18438,[0.2045238  0.17413919],1,-1,-1,0,0
18439,[0.27431107 0.21009782],1,2,"[0.294379027732062, 0.1921773781634303]",0,0
18440,[0.81337818 0.69800369],2,0,"[0.7890750777399501, 0.6799557517006445]",1,-1
18441,[0.59738279 0.65677257],3,-1,-1,1,-1
18442,[0.64307979 0.66566553],3,3,"[0.6601234827680622, 0.6109507568947781]",1,-1
18443,[0.69820901 0.53715737],3,-1,-1,1,-1
18444,[0.32325317 0.20125172],1,2,"[0.294379027732062, 0.1921773781634303]",0,0
18445,[0.63508315 0.65635285],3,3,"[0.6601234827680622, 0.6109507568947781]",1,-1
18446,[0.44216199 0.53260963],0,-1,-1,1,-1
18447,[0.75914239 0.62862986],2,0,"[0.7890750777399501, 0.6799557517006445]",1,-1
18448,[0.26939471 0.17263941],1,2,"[0.294379027732062, 0.1921773781634303]",0,0
18449,[0.29290701 0.26674271],1,-1,-1,0,0
18450,[0.33320569 0.56007898],0,1,"[0.37965276877051146, 0.575157747726818]",1,-1
18451,[0.78782929 0.76018763],2,-1,-1,1,-1
18452,[0.31108906 0.16070447],1,2,"[0.294379027732062, 0.1921773781634303]",0,0
18453,[0.36116452 0.66229358],0,-1,-1,1,-1
18454,[0.4181308  0.18315355],1,-1,-1,0,0
18455,[0.33614152 0.20455889],1,2,"[0.294379027732062, 0.1921773781634303]",0,0
18456,[0.80408111 0.62743056],2,0,"[0.7890750777399501, 0.6799557517006445]",1,-1
18457,[0.75527234 0.6309698 ],3,0,"[0.7890750777399501, 0.6799557517006445]",1,-1
18458,[0.7860518  0.70996691],2,0,"[0.7890750777399501, 0.6799557517006445]",1,-1
18459,[0.77468271 0.67952823],2,0,"[0.7890750777399501, 0.6799557517006445]",1,-1
18460,[0.71233486 0.65241496],2,3,"[0.6601234827680622, 0.6109507568947781]",1,-1
18461,[0.6068025  0.53901431],3,-1,-1,1,-1
18462,[0.70763229 0.58947157],3,3,"[0.6601234827680622, 0.6109507568947781]",1,-1
18463,[0.36535983 0.66609972],0,-1,-1,1,-1
18464,[0.58310981 0.66930471],3,-1,-1,1,-1
18465,[0.26468536 0.12778942],1,-1,-1,0,0
18466,[0.61191511 0.57159003],3,3,"[0.6601234827680622, 0.6109507568947781]",1,-1
18467,[0.26404305 0.13892873],1,2,"[0.294379027732062, 0.1921773781634303]",0,0
18468,[0.63769524 0.59647144],3,3,"[0.6601234827680622, 0.6109507568947781]",1,-1
18469,[0.28829304 0.21868595],1,2,"[0.294379027732062, 0.1921773781634303]",0,0
18470,[0.38593524 0.64423272],0,1,"[0.37965276877051146, 0.575157747726818]",1,-1
18471,[0.77122304 0.54715017],2,-1,-1,1,-1
18472,[0.10071613 0.21594367],1,-1,-1,0,-1
18473,[0.80417928 0.7131908 ],2,0,"[0.7890750777399501, 0.6799557517006445]",1,-1
18474,[0.27213294 0.19681095],1,2,"[0.294379027732062, 0.1921773781634303]",0,0
18475,[0.31222701 0.53917411],0,-1,-1,1,-1
18476,[0.82087546 0.65733679],2,0,"[0.7890750777399501, 0.6799557517006445]",1,-1
18477,[0.29887958 0.12926338],1,2,"[0.294379027732062, 0.1921773781634303]",0,0
18478,[0.28030698 0.25079013],1,2,"[0.294379027732062, 0.1921773781634303]",0,0
18479,[0.3560238  0.48968559],0,-1,-1,1,-1
18480,[0.77500375 0.72318666],2,0,"[0.7890750777399501, 0.6799557517006445]",1,-1
18481,[0.66585262 0.57874366],3,3,"[0.6601234827680622, 0.6109507568947781]",1,-1
18482,[0.25813503 0.13796217],1,2,"[0.294379027732062, 0.1921773781634303]",0,0
18483,[0.4318312  0.59577603],0,1,"[0.37965276877051146, 0.575157747726818]",1,-1
18484,[0.79029793 0.6020125 ],2,-1,-1,1,-1
18485,[0.62472027 0.53369622],3,-1,-1,1,-1
18486,[0.28097451 0.21458728],1,2,"[0.294379027732062, 0.1921773781634303]",0,0
18487,[0.3863133  0.61158671],0,1,"[0.37965276877051146, 0.575157747726818]",1,-1
18488,[0.26877764 0.28082241],1,-1,-1,0,0
18489,[0.42194922 0.61281689],0,1,"[0.37965276877051146, 0.575157747726818]",1,-1
18490,[0.70504256 0.55887345],3,3,"[0.6601234827680622, 0.6109507568947781]",1,-1
18491,[0.68956589 0.61327562],3,3,"[0.6601234827680622, 0.6109507568947781]",1,-1
18492,[0.24099277 0.20783683],1,2,"[0.294379027732062, 0.1921773781634303]",0,0
18493,[0.28117163 0.1538848 ],1,2,"[0.294379027732062, 0.1921773781634303]",0,0
18494,[0.73942681 0.6253412 ],3,-1,-1,1,-1
18495,[0.25120788 0.24353447],1,2,"[0.294379027732062, 0.1921773781634303]",0,0
18496,[0.65232088 0.61809098],3,3,"[0.6601234827680622, 0.6109507568947781]",1,7
18497,[0.7408833  0.67129956],2,0,"[0.7890750777399501, 0.6799557517006445]",1,-1
18498,[0.68074559 0.62934755],3,3,"[0.6601234827680622, 0.6109507568947781]",1,-1
18499,[0.7720956  0.69415769],2,0,"[0.7890750777399501, 0.6799557517006445]",1,-1
18500,[0.80661073 0.64889896],2,0,"[0.7890750777399501, 0.6799557517006445]",1,-1
18501,[0.75038104 0.65543987],2,0,"[0.7890750777399501, 0.6799557517006445]",1,-1
18502,[0.78770727 0.70730026],2,0,"[0.7890750777399501, 0.6799557517006445]",1,-1
18503,[0.24658401 0.20301083],1,2,"[0.294379027732062, 0.1921773781634303]",0,0
18504,[0.23823596 0.11975075],1,-1,-1,0,0
18505,[0.67683685 0.61842759],2,3,"[0.6601234827680622, 0.6109507568947781]",1,-1
18506,[0.73700036 0.56393383],3,-1,-1,1,-1
18507,[0.30983128 0.53206873],0,-1,-1,1,-1
18508,[0.60910045 0.59062448],3,3,"[0.6601234827680622, 0.6109507568947781]",1,-1
18509,[0.65084598 0.60032196],3,3,"[0.6601234827680622, 0.6109507568947781]",1,-1
18510,[0.6628293 0.6517865],3,3,"[0.6601234827680622, 0.6109507568947781]",1,-1
18511,[0.44067715 0.56865589],0,1,"[0.37965276877051146, 0.575157747726818]",1,-1
18512,[0.3351475  0.22191255],1,2,"[0.294379027732062, 0.1921773781634303]",0,0
18513,[0.60637215 0.55403642],3,-1,-1,1,-1
18514,[0.27503933 0.19793456],1,2,"[0.294379027732062, 0.1921773781634303]",0,0
18515,[0.76120915 0.60771467],2,-1,-1,1,-1
18516,[0.42375379 0.62490333],0,1,"[0.37965276877051146, 0.575157747726818]",1,-1
18517,[0.6063076  0.56190567],3,-1,-1,1,-1
18518,[0.41165626 0.55866793],0,1,"[0.37965276877051146, 0.575157747726818]",1,-1
18519,[0.24511105 0.1250068 ],1,-1,-1,0,0
18520,[0.7558195  0.68369005],2,0,"[0.7890750777399501, 0.6799557517006445]",1,-1
18521,[0.85668254 0.68484932],2,0,"[0.7890750777399501, 0.6799557517006445]",1,-1
18522,[0.20431397 0.21866934],1,-1,-1,0,0
18523,[0.42201537 0.58472825],0,1,"[0.37965276877051146, 0.575157747726818]",1,-1
18524,[0.32812861 0.61842654],0,1,"[0.37965276877051146, 0.575157747726818]",1,-1
18525,[0.3099393 0.1749244],1,2,"[0.294379027732062, 0.1921773781634303]",0,0
18526,[0.38650187 0.67103584],0,-1,-1,1,-1
18527,[0.3355373  0.14018627],1,2,"[0.294379027732062, 0.1921773781634303]",0,0
18528,[0.27561789 0.22867549],1,2,"[0.294379027732062, 0.1921773781634303]",0,0
18529,[0.28081945 0.12052236],1,-1,-1,0,0
18530,[0.30912194 0.6184581 ],0,-1,-1,1,-1
18531,[0.32579717 0.65218542],0,-1,-1,1,-1
18532,[0.65804768 0.64967031],3,3,"[0.6601234827680622, 0.6109507568947781]",1,-1
18533,[0.72661471 0.63514977],2,-1,-1,1,-1
18534,[0.42853238 0.57321803],0,1,"[0.37965276877051146, 0.575157747726818]",1,-1
18535,[0.66328387 0.58579989],3,3,"[0.6601234827680622, 0.6109507568947781]",1,6
18536,[0.31317655 0.21939436],1,2,"[0.294379027732062, 0.1921773781634303]",0,0
18537,[0.24265199 0.23376062],1,2,"[0.294379027732062, 0.1921773781634303]",0,0
18538,[0.469561   0.61675864],0,-1,-1,1,-1
18539,[0.7620726  0.64943668],2,0,"[0.7890750777399501, 0.6799557517006445]",1,-1
18540,[0.77427231 0.54067062],3,-1,-1,1,-1
18541,[0.6534103  0.63159539],3,3,"[0.6601234827680622, 0.6109507568947781]",1,-1
18542,[0.33956744 0.27891053],1,-1,-1,0,0
18543,[0.79227255 0.74763613],2,0,"[0.7890750777399501, 0.6799557517006445]",1,-1
18544,[0.84051618 0.61780078],2,-1,-1,1,-1
18545,[0.79276523 0.63282769],2,0,"[0.7890750777399501, 0.6799557517006445]",1,-1
18546,[0.36424308 0.54825538],0,1,"[0.37965276877051146, 0.575157747726818]",1,-1
18547,[0.81279307 0.78498823],2,-1,-1,1,-1
18548,[0.48797    0.63274866],0,-1,-1,1,-1
18549,[0.65275523 0.60836423],3,3,"[0.6601234827680622, 0.6109507568947781]",1,6
18550,[0.70201875 0.64757303],3,3,"[0.6601234827680622, 0.6109507568947781]",1,-1
18551,[0.70525056 0.52632377],3,-1,-1,1,-1
18552,[0.4621366  0.63440135],0,-1,-1,1,-1
18553,[0.71894167 0.75099954],2,-1,-1,1,-1
18554,[0.76783517 0.5974165 ],2,-1,-1,1,-1
18555,[0.68052333 0.60092755],3,3,"[0.6601234827680622, 0.6109507568947781]",1,5
18556,[0.27732025 0.22667263],1,2,"[0.294379027732062, 0.1921773781634303]",0,0
18557,[0.67330097 0.59586965],3,3,"[0.6601234827680622, 0.6109507568947781]",1,-1
18558,[0.62241472 0.64484946],3,3,"[0.6601234827680622, 0.6109507568947781]",1,-1
18559,[0.79796155 0.78012895],2,-1,-1,1,-1
18560,[0.60684486 0.63889661],3,3,"[0.6601234827680622, 0.6109507568947781]",1,-1
18561,[0.62207786 0.62512346],3,3,"[0.6601234827680622, 0.6109507568947781]",1,-1
18562,[0.70108367 0.57362898],3,3,"[0.6601234827680622, 0.6109507568947781]",1,-1
18563,[0.68929001 0.60930297],3,3,"[0.6601234827680622, 0.6109507568947781]",1,-1
18564,[0.79750037 0.68914456],2,0,"[0.7890750777399501, 0.6799557517006445]",1,-1
18565,[0.6663178  0.63292106],3,3,"[0.6601234827680622, 0.6109507568947781]",1,7
18566,[0.65485477 0.54531481],3,3,"[0.6601234827680622, 0.6109507568947781]",1,-1
18567,[0.42923785 0.54779583],0,1,"[0.37965276877051146, 0.575157747726818]",1,-1
18568,[0.77395687 0.62765504],2,0,"[0.7890750777399501, 0.6799557517006445]",1,-1
18569,[0.76413395 0.73849093],2,0,"[0.7890750777399501, 0.6799557517006445]",1,-1
18570,[0.67977758 0.53619159],3,-1,-1,1,-1
18571,[0.75082182 0.67608148],2,0,"[0.7890750777399501, 0.6799557517006445]",1,-1
18572,[0.36509977 0.21053834],1,-1,-1,0,0
18573,[0.30510202 0.20168682],1,2,"[0.294379027732062, 0.1921773781634303]",0,0
18574,[0.74661635 0.69620747],2,0,"[0.7890750777399501, 0.6799557517006445]",1,-1
18575,[0.34698273 0.56539197],0,1,"[0.37965276877051146, 0.575157747726818]",1,-1
18576,[0.276807 0.218597],1,2,"[0.294379027732062, 0.1921773781634303]",0,0
18577,[0.82121604 0.68294359],2,0,"[0.7890750777399501, 0.6799557517006445]",1,-1
18578,[0.77307345 0.56823225],3,-1,-1,1,-1
18579,[0.86964436 0.6740178 ],2,-1,-1,1,-1
18580,[0.3416257  0.14742574],1,2,"[0.294379027732062, 0.1921773781634303]",0,0
18581,[0.68731827 0.73334078],3,-1,-1,1,-1
18582,[0.70585269 0.69142695],3,-1,-1,1,-1
18583,[0.59500122 0.57885556],3,-1,-1,1,-1
18584,[0.67850841 0.71956159],3,-1,-1,1,-1
18585,[0.78874462 0.68663125],2,0,"[0.7890750777399501, 0.6799557517006445]",1,-1
18586,[0.32395766 0.17639933],1,2,"[0.294379027732062, 0.1921773781634303]",0,0
18587,[0.30814753 0.58924305],0,-1,-1,1,-1
18588,[0.76932931 0.71676957],2,0,"[0.7890750777399501, 0.6799557517006445]",1,-1
18589,[0.59119461 0.51994702],3,-1,-1,1,-1
18590,[0.67323095 0.65921217],3,3,"[0.6601234827680622, 0.6109507568947781]",1,-1
18591,[0.748464   0.62365481],3,0,"[0.7890750777399501, 0.6799557517006445]",1,-1
18592,[0.65686387 0.69428591],3,-1,-1,1,-1
18593,[0.59113725 0.53344943],3,-1,-1,1,-1
18594,[0.79034486 0.77631352],2,-1,-1,1,-1
18595,[0.3574389  0.54221015],0,1,"[0.37965276877051146, 0.575157747726818]",1,-1
18596,[0.6488154  0.63550656],3,3,"[0.6601234827680622, 0.6109507568947781]",1,-1
18597,[0.47068962 0.57511763],0,-1,-1,1,-1
18598,[0.41155319 0.57156205],0,1,"[0.37965276877051146, 0.575157747726818]",1,2
18599,[0.80197242 0.72270133],2,0,"[0.7890750777399501, 0.6799557517006445]",1,-1
18600,[0.42989366 0.65200844],0,-1,-1,1,-1
18601,[0.8585217  0.70433541],2,-1,-1,1,-1
18602,[0.35440907 0.54279156],0,1,"[0.37965276877051146, 0.575157747726818]",1,-1
18603,[0.6856514  0.62870192],3,3,"[0.6601234827680622, 0.6109507568947781]",1,7
18604,[0.69428499 0.60590086],3,3,"[0.6601234827680622, 0.6109507568947781]",1,-1
18605,[0.63402205 0.58645342],3,3,"[0.6601234827680622, 0.6109507568947781]",1,-1
18606,[0.35861533 0.1560008 ],1,-1,-1,0,0
18607,[0.32365769 0.1852784 ],1,2,"[0.294379027732062, 0.1921773781634303]",0,0
18608,[0.73712143 0.57752564],2,-1,-1,1,-1
18609,[0.78151983 0.61934292],2,0,"[0.7890750777399501, 0.6799557517006445]",1,-1
18610,[0.31370139 0.1477312 ],1,2,"[0.294379027732062, 0.1921773781634303]",0,0
18611,[0.34597922 0.23313457],1,2,"[0.294379027732062, 0.1921773781634303]",0,0
18612,[0.34847523 0.20800527],1,2,"[0.294379027732062, 0.1921773781634303]",0,0
18613,[0.6979067  0.57855869],3,3,"[0.6601234827680622, 0.6109507568947781]",1,-1
18614,[0.73385945 0.61841354],3,-1,-1,1,-1
18615,[0.33695091 0.55850305],0,1,"[0.37965276877051146, 0.575157747726818]",1,-1
18616,[0.38912634 0.58141458],0,1,"[0.37965276877051146, 0.575157747726818]",1,-1
18617,[0.6618775  0.66573899],3,3,"[0.6601234827680622, 0.6109507568947781]",1,-1
18618,[0.41271331 0.56680632],0,1,"[0.37965276877051146, 0.575157747726818]",1,-1
18619,[0.32990381 0.54939373],0,1,"[0.37965276877051146, 0.575157747726818]",1,-1
18620,[0.45531543 0.61774043],0,-1,-1,1,-1
18621,[0.83619656 0.63356035],2,0,"[0.7890750777399501, 0.6799557517006445]",1,-1
18622,[0.73505575 0.66746793],2,0,"[0.7890750777399501, 0.6799557517006445]",1,-1
18623,[0.72292829 0.60767807],3,3,"[0.6601234827680622, 0.6109507568947781]",1,-1
18624,[0.27326814 0.20563054],1,2,"[0.294379027732062, 0.1921773781634303]",0,0
18625,[0.29401075 0.21782151],1,2,"[0.294379027732062, 0.1921773781634303]",0,0
18626,[0.33960347 0.27593956],1,-1,-1,0,0
18627,[0.22573209 0.16897608],1,-1,-1,0,0
18628,[0.7746991  0.65230282],2,0,"[0.7890750777399501, 0.6799557517006445]",1,3
18629,[0.40299247 0.55208136],0,1,"[0.37965276877051146, 0.575157747726818]",1,-1
18630,[0.61809733 0.66250341],3,3,"[0.6601234827680622, 0.6109507568947781]",1,-1
18631,[0.30959765 0.53758173],0,-1,-1,1,-1
18632,[0.34748826 0.68514649],0,-1,-1,1,-1
18633,[0.72078252 0.66916631],2,0,"[0.7890750777399501, 0.6799557517006445]",1,-1
18634,[0.30685117 0.10575482],1,-1,-1,0,0
18635,[0.64465997 0.63674594],3,3,"[0.6601234827680622, 0.6109507568947781]",1,-1
18636,[0.3369142  0.15309377],1,2,"[0.294379027732062, 0.1921773781634303]",0,0
18637,[0.82966731 0.69637739],2,0,"[0.7890750777399501, 0.6799557517006445]",1,-1
18638,[0.66734458 0.63637324],3,3,"[0.6601234827680622, 0.6109507568947781]",1,-1
18639,[0.70017149 0.62147761],3,3,"[0.6601234827680622, 0.6109507568947781]",1,-1
18640,[0.8335579  0.65265343],2,0,"[0.7890750777399501, 0.6799557517006445]",1,-1
18641,[0.57943859 0.66837928],3,-1,-1,1,-1
18642,[0.65389935 0.64716001],3,3,"[0.6601234827680622, 0.6109507568947781]",1,-1
18643,[0.6747826  0.61085183],3,3,"[0.6601234827680622, 0.6109507568947781]",1,-1
18644,[0.21563354 0.1708232 ],1,-1,-1,0,0
18645,[0.57474403 0.66719799],3,-1,-1,1,-1
18646,[0.68977303 0.54536736],3,-1,-1,1,-1
18647,[0.77651952 0.67968718],2,0,"[0.7890750777399501, 0.6799557517006445]",1,-1
18648,[0.69432204 0.60072675],3,3,"[0.6601234827680622, 0.6109507568947781]",1,-1
18649,[0.42395133 0.55029195],0,1,"[0.37965276877051146, 0.575157747726818]",1,-1
18650,[0.57481181 0.47984628],3,-1,-1,1,-1
18651,[0.44085794 0.60091167],0,1,"[0.37965276877051146, 0.575157747726818]",1,-1
18652,[0.65300287 0.59351984],3,3,"[0.6601234827680622, 0.6109507568947781]",1,-1
18653,[0.75941334 0.62692796],2,0,"[0.7890750777399501, 0.6799557517006445]",1,-1
18654,[0.35198896 0.68191275],0,-1,-1,1,-1
18655,[0.24468506 0.5677775 ],0,-1,-1,1,-1
18656,[0.66508055 0.58856952],3,3,"[0.6601234827680622, 0.6109507568947781]",1,6
18657,[0.69852925 0.61140607],2,3,"[0.6601234827680622, 0.6109507568947781]",1,-1
18658,[0.37671775 0.5555767 ],0,1,"[0.37965276877051146, 0.575157747726818]",1,-1
18659,[0.5896036  0.64174569],3,-1,-1,1,-1
18660,[0.72544167 0.61331189],3,3,"[0.6601234827680622, 0.6109507568947781]",1,-1
18661,[0.55010553 0.5852997 ],3,-1,-1,1,-1
18662,[0.42733234 0.51211379],0,-1,-1,1,-1
18663,[0.65088289 0.62095431],3,3,"[0.6601234827680622, 0.6109507568947781]",1,-1
18664,[0.61146854 0.63259087],3,3,"[0.6601234827680622, 0.6109507568947781]",1,-1
18665,[0.33204324 0.54493738],0,1,"[0.37965276877051146, 0.575157747726818]",1,-1
18666,[0.41180343 0.51449218],0,1,"[0.37965276877051146, 0.575157747726818]",1,-1
18667,[0.78733843 0.71057706],2,0,"[0.7890750777399501, 0.6799557517006445]",1,-1
18668,[0.24920324 0.19955511],1,2,"[0.294379027732062, 0.1921773781634303]",0,0
18669,[0.26108688 0.19610941],1,2,"[0.294379027732062, 0.1921773781634303]",0,0
18670,[0.37842598 0.18756791],1,-1,-1,0,0
18671,[0.74386809 0.7679651 ],2,-1,-1,1,-1
18672,[0.36729629 0.57052434],0,1,"[0.37965276877051146, 0.575157747726818]",1,-1
18673,[0.35142104 0.24306131],1,-1,-1,0,0
18674,[0.65924746 0.60075259],3,3,"[0.6601234827680622, 0.6109507568947781]",1,6
18675,[0.72309451 0.59192213],3,3,"[0.6601234827680622, 0.6109507568947781]",1,-1
18676,[0.81555898 0.66998305],2,0,"[0.7890750777399501, 0.6799557517006445]",1,-1
18677,[0.29378995 0.17188848],1,2,"[0.294379027732062, 0.1921773781634303]",0,0
18678,[0.60344913 0.55952784],3,-1,-1,1,-1
18679,[0.80914846 0.67500751],2,0,"[0.7890750777399501, 0.6799557517006445]",1,4
18680,[0.58870445 0.62076474],3,-1,-1,1,-1
18681,[0.17986136 0.23717319],1,-1,-1,0,0
18682,[0.84858267 0.73557568],2,-1,-1,1,-1
18683,[0.35473532 0.21272679],1,2,"[0.294379027732062, 0.1921773781634303]",0,0
18684,[0.62842755 0.56002933],3,3,"[0.6601234827680622, 0.6109507568947781]",1,-1
18685,[0.47097622 0.57549131],0,-1,-1,1,-1
18686,[0.65147647 0.62361486],3,3,"[0.6601234827680622, 0.6109507568947781]",1,-1
18687,[0.32034285 0.61945388],0,-1,-1,1,-1
18688,[0.76668675 0.63838084],2,0,"[0.7890750777399501, 0.6799557517006445]",1,-1
18689,[0.82220965 0.75150282],2,-1,-1,1,-1
18690,[0.23344016 0.15832154],1,2,"[0.294379027732062, 0.1921773781634303]",0,0
18691,[0.31639714 0.13683875],1,2,"[0.294379027732062, 0.1921773781634303]",0,0
18692,[0.80864526 0.78764612],2,-1,-1,1,-1
18693,[0.86971941 0.73126003],2,-1,-1,1,-1
18694,[0.74400571 0.63788347],2,0,"[0.7890750777399501, 0.6799557517006445]",1,-1
18695,[0.26662446 0.21769211],1,2,"[0.294379027732062, 0.1921773781634303]",0,0
18696,[0.4357939  0.57661321],0,1,"[0.37965276877051146, 0.575157747726818]",1,-1
18697,[0.40013977 0.49839785],0,-1,-1,1,-1
18698,[0.77322308 0.59429932],2,-1,-1,1,-1
18699,[0.33455782 0.17168207],1,2,"[0.294379027732062, 0.1921773781634303]",0,0
18700,[0.77246484 0.70508903],2,0,"[0.7890750777399501, 0.6799557517006445]",1,-1
18701,[0.35255473 0.51875567],0,1,"[0.37965276877051146, 0.575157747726818]",1,-1
18702,[0.41947944 0.60901332],0,1,"[0.37965276877051146, 0.575157747726818]",1,-1
18703,[0.27534996 0.5537276 ],0,-1,-1,1,-1
18704,[0.5890046  0.61885835],3,-1,-1,1,-1
18705,[0.76836149 0.62322991],2,0,"[0.7890750777399501, 0.6799557517006445]",1,-1
18706,[0.33619213 0.26342998],1,-1,-1,0,0
18707,[0.17395174 0.2565073 ],1,-1,-1,0,0
18708,[0.28554696 0.20637274],1,2,"[0.294379027732062, 0.1921773781634303]",0,0
18709,[0.27884439 0.58599495],0,-1,-1,1,-1
18710,[0.77364975 0.57066517],2,-1,-1,1,-1
18711,[0.70455688 0.57143818],3,3,"[0.6601234827680622, 0.6109507568947781]",1,-1
18712,[0.67288882 0.57721438],3,3,"[0.6601234827680622, 0.6109507568947781]",1,-1
18713,[0.69625559 0.70818518],2,-1,-1,1,-1
18714,[0.40326301 0.56419765],0,1,"[0.37965276877051146, 0.575157747726818]",1,2
18715,[0.73300816 0.65974462],3,0,"[0.7890750777399501, 0.6799557517006445]",1,-1
18716,[0.31974899 0.52303628],0,-1,-1,1,-1
18717,[0.31279448 0.25170216],1,2,"[0.294379027732062, 0.1921773781634303]",0,0
18718,[0.74236797 0.67329226],2,0,"[0.7890750777399501, 0.6799557517006445]",1,-1
18719,[0.68402399 0.63895447],3,3,"[0.6601234827680622, 0.6109507568947781]",1,-1
18720,[0.314558   0.12400932],1,-1,-1,0,0
18721,[0.61852732 0.63893416],3,3,"[0.6601234827680622, 0.6109507568947781]",1,-1
18722,[0.83061634 0.6926865 ],2,0,"[0.7890750777399501, 0.6799557517006445]",1,-1
18723,[0.87261818 0.617195  ],2,-1,-1,1,-1
18724,[0.32590359 0.15588962],1,2,"[0.294379027732062, 0.1921773781634303]",0,0
18725,[0.87425128 0.6076471 ],2,-1,-1,1,-1
18726,[0.56286619 0.6508048 ],3,-1,-1,1,-1
18727,[0.74750919 0.62949717],2,0,"[0.7890750777399501, 0.6799557517006445]",1,-1
18728,[0.19451438 0.19024222],1,-1,-1,0,0
18729,[0.66841689 0.59748726],3,3,"[0.6601234827680622, 0.6109507568947781]",1,-1
18730,[0.23052885 0.15558845],1,-1,-1,0,0
18731,[0.68447449 0.58954556],3,3,"[0.6601234827680622, 0.6109507568947781]",1,-1
18732,[0.33960228 0.20111747],1,2,"[0.294379027732062, 0.1921773781634303]",0,0
18733,[0.27611859 0.21675637],1,2,"[0.294379027732062, 0.1921773781634303]",0,0
18734,[0.87375928 0.6234677 ],2,-1,-1,1,-1
18735,[0.88704733 0.68026785],2,-1,-1,1,-1
18736,[0.27682824 0.23183318],1,2,"[0.294379027732062, 0.1921773781634303]",0,0
18737,[0.70011657 0.54147397],3,-1,-1,1,-1
18738,[0.74007493 0.65769324],2,0,"[0.7890750777399501, 0.6799557517006445]",1,-1
18739,[0.4599826  0.48029899],0,-1,-1,1,-1
18740,[0.66665803 0.64494338],3,3,"[0.6601234827680622, 0.6109507568947781]",1,-1
18741,[0.31877727 0.59669849],0,1,"[0.37965276877051146, 0.575157747726818]",1,-1
18742,[0.77738324 0.65859817],2,0,"[0.7890750777399501, 0.6799557517006445]",1,-1
18743,[0.42736457 0.47926449],0,-1,-1,1,-1
18744,[0.61771995 0.54161869],3,-1,-1,1,-1
18745,[0.67893582 0.56158734],3,3,"[0.6601234827680622, 0.6109507568947781]",1,-1
18746,[0.80878343 0.73061412],2,0,"[0.7890750777399501, 0.6799557517006445]",1,-1
18747,[0.78159228 0.65686984],2,0,"[0.7890750777399501, 0.6799557517006445]",1,-1
18748,[0.34852613 0.63592383],0,1,"[0.37965276877051146, 0.575157747726818]",1,-1
18749,[0.66589331 0.62820172],3,3,"[0.6601234827680622, 0.6109507568947781]",1,7
18750,[0.87456324 0.65773912],2,-1,-1,1,-1
18751,[0.38051256 0.61245504],0,1,"[0.37965276877051146, 0.575157747726818]",1,-1
18752,[0.25357458 0.19991855],1,2,"[0.294379027732062, 0.1921773781634303]",0,0
18753,[0.61582917 0.51975425],3,-1,-1,1,-1
18754,[0.33251766 0.15530777],1,2,"[0.294379027732062, 0.1921773781634303]",0,0
18755,[0.62952079 0.67715086],3,-1,-1,1,-1
18756,[0.30717464 0.15403811],1,2,"[0.294379027732062, 0.1921773781634303]",0,0
18757,[0.42589689 0.51342528],0,-1,-1,1,-1
18758,[0.66128072 0.71210805],2,-1,-1,1,-1
18759,[0.31312103 0.18365667],1,2,"[0.294379027732062, 0.1921773781634303]",0,0
18760,[0.78529021 0.72763933],2,0,"[0.7890750777399501, 0.6799557517006445]",1,-1
18761,[0.40807312 0.57624152],0,1,"[0.37965276877051146, 0.575157747726818]",1,2
18762,[0.71258999 0.54712964],3,-1,-1,1,-1
18763,[0.41932169 0.51605267],0,-1,-1,1,-1
18764,[0.81892786 0.70865821],2,0,"[0.7890750777399501, 0.6799557517006445]",1,-1
18765,[0.4154281  0.58745994],0,1,"[0.37965276877051146, 0.575157747726818]",1,-1
18766,[0.41394175 0.4341456 ],0,-1,-1,1,-1
18767,[0.33809281 0.22847534],1,2,"[0.294379027732062, 0.1921773781634303]",0,0
18768,[0.65162766 0.58344418],3,3,"[0.6601234827680622, 0.6109507568947781]",1,-1
18769,[0.58890764 0.66760879],3,-1,-1,1,-1
18770,[0.25190876 0.28292412],1,-1,-1,0,0
18771,[0.71246366 0.6241748 ],2,3,"[0.6601234827680622, 0.6109507568947781]",1,-1
18772,[0.27003571 0.07597174],1,-1,-1,0,0
18773,[0.82150588 0.71094831],2,0,"[0.7890750777399501, 0.6799557517006445]",1,-1
18774,[0.75202526 0.76842799],2,-1,-1,1,-1
18775,[0.30541553 0.13734634],1,2,"[0.294379027732062, 0.1921773781634303]",0,0
18776,[0.41570241 0.60177073],0,1,"[0.37965276877051146, 0.575157747726818]",1,-1
18777,[0.23756668 0.12821177],1,-1,-1,0,0
18778,[0.81190377 0.65758452],2,0,"[0.7890750777399501, 0.6799557517006445]",1,-1
18779,[0.31148474 0.10891378],1,-1,-1,0,0
18780,[0.44629532 0.54699877],0,-1,-1,1,-1
18781,[0.35911743 0.52614039],0,1,"[0.37965276877051146, 0.575157747726818]",1,-1
18782,[0.26087607 0.14271162],1,2,"[0.294379027732062, 0.1921773781634303]",0,0
18783,[0.70637089 0.55629409],2,-1,-1,1,-1
18784,[0.38475143 0.53578902],0,1,"[0.37965276877051146, 0.575157747726818]",1,-1
18785,[0.79558256 0.62376894],3,0,"[0.7890750777399501, 0.6799557517006445]",1,-1
18786,[0.37560318 0.44160216],0,-1,-1,1,-1
18787,[0.34524075 0.52780699],0,1,"[0.37965276877051146, 0.575157747726818]",1,-1
18788,[0.6525752  0.66755785],3,3,"[0.6601234827680622, 0.6109507568947781]",1,-1
18789,[0.83072992 0.67940433],2,0,"[0.7890750777399501, 0.6799557517006445]",1,-1
18790,[0.40627014 0.53402262],0,1,"[0.37965276877051146, 0.575157747726818]",1,-1
18791,[0.34821699 0.11968573],1,-1,-1,0,0
18792,[0.28976571 0.08276952],1,-1,-1,0,0
18793,[0.30408644 0.2867682 ],1,-1,-1,0,0
18794,[0.80398936 0.56933438],2,-1,-1,1,-1
18795,[0.43091618 0.59640502],0,1,"[0.37965276877051146, 0.575157747726818]",1,-1
18796,[0.35164472 0.15920631],1,2,"[0.294379027732062, 0.1921773781634303]",0,0
18797,[0.38346964 0.62993595],0,1,"[0.37965276877051146, 0.575157747726818]",1,-1
18798,[0.31066892 0.47722259],0,-1,-1,1,-1
18799,[0.25749439 0.05491609],1,-1,-1,0,0
18800,[0.35914385 0.22594826],1,-1,-1,0,0
18801,[0.28197722 0.18229091],1,2,"[0.294379027732062, 0.1921773781634303]",0,0
18802,[0.39275999 0.58428735],0,1,"[0.37965276877051146, 0.575157747726818]",1,-1
18803,[0.68713458 0.68799548],3,-1,-1,1,-1
18804,[0.77897683 0.71233387],2,0,"[0.7890750777399501, 0.6799557517006445]",1,-1
18805,[0.28944093 0.13965223],1,2,"[0.294379027732062, 0.1921773781634303]",0,0
18806,[0.36223805 0.23881706],1,-1,-1,0,0
18807,[0.34387865 0.20499493],1,2,"[0.294379027732062, 0.1921773781634303]",0,0
18808,[0.76092553 0.69662373],2,0,"[0.7890750777399501, 0.6799557517006445]",1,-1
18809,[0.61773315 0.55015316],3,-1,-1,1,-1
18810,[0.86592989 0.72033297],2,-1,-1,1,-1
18811,[0.39900809 0.26893192],1,-1,-1,0,0
18812,[0.73117324 0.59594181],3,-1,-1,1,-1
18813,[0.76061477 0.74929472],2,-1,-1,1,-1
18814,[0.29363608 0.30915687],1,-1,-1,0,0
18815,[0.38427729 0.53756196],0,1,"[0.37965276877051146, 0.575157747726818]",1,-1
18816,[0.61637396 0.69363079],3,-1,-1,1,-1
18817,[0.40228835 0.564789  ],0,1,"[0.37965276877051146, 0.575157747726818]",1,2
18818,[0.63464529 0.60848044],3,3,"[0.6601234827680622, 0.6109507568947781]",1,-1
18819,[0.24762992 0.18607589],1,2,"[0.294379027732062, 0.1921773781634303]",0,0
18820,[0.37253152 0.48865928],0,-1,-1,1,-1
18821,[0.63394326 0.5876763 ],3,3,"[0.6601234827680622, 0.6109507568947781]",1,-1
18822,[0.1930397  0.19517127],1,-1,-1,0,0
18823,[0.74123805 0.78507854],2,-1,-1,1,-1
18824,[0.36690588 0.61652068],0,1,"[0.37965276877051146, 0.575157747726818]",1,-1
18825,[0.37554608 0.73732995],0,-1,-1,1,-1
18826,[0.83675283 0.71490168],2,0,"[0.7890750777399501, 0.6799557517006445]",1,-1
18827,[0.42817726 0.50769799],0,-1,-1,1,-1
18828,[0.33145484 0.57087259],0,1,"[0.37965276877051146, 0.575157747726818]",1,-1
18829,[0.27159311 0.21368998],1,2,"[0.294379027732062, 0.1921773781634303]",0,0
18830,[0.85801802 0.61753374],2,-1,-1,1,-1
18831,[0.2610287 0.1926019],1,2,"[0.294379027732062, 0.1921773781634303]",0,0
18832,[0.63604496 0.57279994],3,3,"[0.6601234827680622, 0.6109507568947781]",1,-1
18833,[0.33293517 0.59737396],0,1,"[0.37965276877051146, 0.575157747726818]",1,-1
18834,[0.71027357 0.74740139],2,-1,-1,1,-1
18835,[0.76764996 0.68347144],2,0,"[0.7890750777399501, 0.6799557517006445]",1,4
18836,[0.68004658 0.53632091],3,-1,-1,1,-1
18837,[0.3942457  0.58395481],0,1,"[0.37965276877051146, 0.575157747726818]",1,-1
18838,[0.42451688 0.49541552],0,-1,-1,1,-1
18839,[0.75620008 0.59920009],2,-1,-1,1,-1
18840,[0.65905668 0.61465764],3,3,"[0.6601234827680622, 0.6109507568947781]",1,-1
18841,[0.62652729 0.63087317],3,3,"[0.6601234827680622, 0.6109507568947781]",1,-1
18842,[0.80171516 0.69641741],2,0,"[0.7890750777399501, 0.6799557517006445]",1,-1
18843,[0.73505646 0.70409772],2,0,"[0.7890750777399501, 0.6799557517006445]",1,-1
18844,[0.43842198 0.53461187],0,-1,-1,1,-1
18845,[0.24706687 0.17416801],1,2,"[0.294379027732062, 0.1921773781634303]",0,0
18846,[0.65268193 0.58337441],3,3,"[0.6601234827680622, 0.6109507568947781]",1,-1
18847,[0.66260872 0.61676998],3,3,"[0.6601234827680622, 0.6109507568947781]",1,7
18848,[0.76552501 0.65283629],2,0,"[0.7890750777399501, 0.6799557517006445]",1,-1
18849,[0.71159026 0.63405335],3,3,"[0.6601234827680622, 0.6109507568947781]",1,-1
18850,[0.63847161 0.59879875],3,3,"[0.6601234827680622, 0.6109507568947781]",1,-1
18851,[0.42817896 0.6186993 ],0,1,"[0.37965276877051146, 0.575157747726818]",1,-1
18852,[0.25361484 0.24628037],1,2,"[0.294379027732062, 0.1921773781634303]",0,0
18853,[0.83582326 0.73005421],2,0,"[0.7890750777399501, 0.6799557517006445]",1,-1
18854,[0.67681762 0.61190337],3,3,"[0.6601234827680622, 0.6109507568947781]",1,-1
18855,[0.79518026 0.75833724],2,-1,-1,1,-1
18856,[0.34835814 0.18964766],1,2,"[0.294379027732062, 0.1921773781634303]",0,0
18857,[0.75729309 0.66512425],2,0,"[0.7890750777399501, 0.6799557517006445]",1,-1
18858,[0.81136688 0.65116143],2,0,"[0.7890750777399501, 0.6799557517006445]",1,-1
18859,[0.24056778 0.21385823],1,2,"[0.294379027732062, 0.1921773781634303]",0,0
18860,[0.62024546 0.69115433],3,-1,-1,1,-1
18861,[0.34496212 0.1534645 ],1,2,"[0.294379027732062, 0.1921773781634303]",0,0
18862,[0.66569284 0.59362772],3,3,"[0.6601234827680622, 0.6109507568947781]",1,-1
18863,[0.39128879 0.55738221],0,1,"[0.37965276877051146, 0.575157747726818]",1,-1
18864,[0.33328537 0.61571042],0,1,"[0.37965276877051146, 0.575157747726818]",1,-1
18865,[0.26065846 0.25682779],1,-1,-1,0,0
18866,[0.35453637 0.66154927],0,-1,-1,1,-1
18867,[0.32689339 0.55871901],0,1,"[0.37965276877051146, 0.575157747726818]",1,-1
18868,[0.83762108 0.67233909],2,0,"[0.7890750777399501, 0.6799557517006445]",1,-1
18869,[0.71390714 0.69461298],2,-1,-1,1,-1
18870,[0.70775028 0.62465688],2,3,"[0.6601234827680622, 0.6109507568947781]",1,-1
18871,[0.35736368 0.59665441],0,1,"[0.37965276877051146, 0.575157747726818]",1,-1
18872,[0.80610482 0.6321958 ],2,0,"[0.7890750777399501, 0.6799557517006445]",1,-1
18873,[0.70505264 0.68348409],3,-1,-1,1,-1
18874,[0.73643889 0.69495437],2,0,"[0.7890750777399501, 0.6799557517006445]",1,-1
18875,[0.28570043 0.16177362],1,2,"[0.294379027732062, 0.1921773781634303]",0,0
18876,[0.65292255 0.64131346],3,3,"[0.6601234827680622, 0.6109507568947781]",1,-1
18877,[0.81620468 0.69056531],2,0,"[0.7890750777399501, 0.6799557517006445]",1,4
18878,[0.68959422 0.58763964],3,3,"[0.6601234827680622, 0.6109507568947781]",1,-1
18879,[0.7180449  0.59985065],3,3,"[0.6601234827680622, 0.6109507568947781]",1,-1
18880,[0.25116094 0.20744147],1,2,"[0.294379027732062, 0.1921773781634303]",0,0
18881,[0.65427351 0.54945426],3,3,"[0.6601234827680622, 0.6109507568947781]",1,-1
18882,[0.59069989 0.63028032],3,-1,-1,1,-1
18883,[0.68982857 0.58062533],3,3,"[0.6601234827680622, 0.6109507568947781]",1,-1
18884,[0.35161283 0.58023348],0,1,"[0.37965276877051146, 0.575157747726818]",1,-1
18885,[0.40615593 0.53131975],0,1,"[0.37965276877051146, 0.575157747726818]",1,-1
18886,[0.34535128 0.18107797],1,2,"[0.294379027732062, 0.1921773781634303]",0,0
18887,[0.3683349  0.52427806],0,1,"[0.37965276877051146, 0.575157747726818]",1,-1
18888,[0.45050326 0.61867714],0,-1,-1,1,-1
18889,[0.38981485 0.5881733 ],0,1,"[0.37965276877051146, 0.575157747726818]",1,-1
18890,[0.40725309 0.54704392],0,1,"[0.37965276877051146, 0.575157747726818]",1,-1
18891,[0.37425055 0.65857661],0,-1,-1,1,-1
18892,[0.27456027 0.14587263],1,2,"[0.294379027732062, 0.1921773781634303]",0,0
18893,[0.35185347 0.60296896],0,1,"[0.37965276877051146, 0.575157747726818]",1,-1
18894,[0.82530172 0.73214023],2,0,"[0.7890750777399501, 0.6799557517006445]",1,-1
18895,[0.82170488 0.7383836 ],2,0,"[0.7890750777399501, 0.6799557517006445]",1,-1
18896,[0.29157635 0.56226408],0,-1,-1,1,-1
18897,[0.30715986 0.2462452 ],1,2,"[0.294379027732062, 0.1921773781634303]",0,0
18898,[0.59994484 0.67571621],3,-1,-1,1,-1
18899,[0.26731699 0.09251419],1,-1,-1,0,0
18900,[0.28380294 0.2096843 ],1,2,"[0.294379027732062, 0.1921773781634303]",0,0
18901,[0.80494171 0.62018233],2,0,"[0.7890750777399501, 0.6799557517006445]",1,-1
18902,[0.70637388 0.55828098],3,-1,-1,1,-1
18903,[0.30205824 0.15356772],1,2,"[0.294379027732062, 0.1921773781634303]",0,0
18904,[0.21401094 0.1943979 ],1,-1,-1,0,0
18905,[0.20210487 0.22874003],1,-1,-1,0,0
18906,[0.57448454 0.63650691],3,-1,-1,1,-1
18907,[0.71954806 0.61665341],3,3,"[0.6601234827680622, 0.6109507568947781]",1,-1
18908,[0.30350581 0.16143875],1,2,"[0.294379027732062, 0.1921773781634303]",0,0
18909,[0.46340149 0.63450237],0,-1,-1,1,-1
18910,[0.59398428 0.65531509],3,-1,-1,1,-1
18911,[0.80333973 0.7216341 ],2,0,"[0.7890750777399501, 0.6799557517006445]",1,-1
18912,[0.33195138 0.21298902],1,2,"[0.294379027732062, 0.1921773781634303]",0,0
18913,[0.65811721 0.58235231],3,3,"[0.6601234827680622, 0.6109507568947781]",1,-1
18914,[0.80892851 0.80513755],2,-1,-1,1,-1
18915,[0.67980822 0.56150538],3,3,"[0.6601234827680622, 0.6109507568947781]",1,-1
18916,[0.24978034 0.21751509],1,2,"[0.294379027732062, 0.1921773781634303]",0,0
18917,[0.40348007 0.63363299],0,1,"[0.37965276877051146, 0.575157747726818]",1,-1
18918,[0.28954821 0.21171562],1,2,"[0.294379027732062, 0.1921773781634303]",0,0
18919,[0.30180062 0.55198156],0,-1,-1,1,-1
18920,[0.33776203 0.60749982],0,1,"[0.37965276877051146, 0.575157747726818]",1,-1
18921,[0.26542427 0.20430237],1,2,"[0.294379027732062, 0.1921773781634303]",0,0
18922,[0.67668362 0.60780239],3,3,"[0.6601234827680622, 0.6109507568947781]",1,5
18923,[0.26727285 0.14351264],1,2,"[0.294379027732062, 0.1921773781634303]",0,0
18924,[0.42543686 0.51337664],0,-1,-1,1,-1
18925,[0.62224745 0.54084419],3,-1,-1,1,-1
18926,[0.80887127 0.63904788],2,0,"[0.7890750777399501, 0.6799557517006445]",1,-1
18927,[0.67088334 0.5925427 ],3,3,"[0.6601234827680622, 0.6109507568947781]",1,-1
18928,[0.68677387 0.64102689],3,3,"[0.6601234827680622, 0.6109507568947781]",1,-1
18929,[0.56777688 0.6075602 ],3,-1,-1,1,-1
18930,[0.76388479 0.57047825],3,-1,-1,1,-1
18931,[0.29788562 0.20509986],1,2,"[0.294379027732062, 0.1921773781634303]",0,0
18932,[0.26227761 0.14825306],1,2,"[0.294379027732062, 0.1921773781634303]",0,0
18933,[0.34322815 0.5978879 ],0,1,"[0.37965276877051146, 0.575157747726818]",1,-1
18934,[0.6209726  0.57523818],3,3,"[0.6601234827680622, 0.6109507568947781]",1,-1
18935,[0.41181    0.52936291],0,1,"[0.37965276877051146, 0.575157747726818]",1,-1
18936,[0.594919   0.62679407],3,3,"[0.6601234827680622, 0.6109507568947781]",1,-1
18937,[0.42424651 0.67577276],0,-1,-1,1,-1
18938,[0.86746695 0.64873875],2,-1,-1,1,-1
18939,[0.33134842 0.21510721],1,2,"[0.294379027732062, 0.1921773781634303]",0,0
18940,[0.72372455 0.58806945],3,3,"[0.6601234827680622, 0.6109507568947781]",1,-1
18941,[0.62977688 0.59541424],3,3,"[0.6601234827680622, 0.6109507568947781]",1,-1
18942,[0.8149558  0.72551205],2,0,"[0.7890750777399501, 0.6799557517006445]",1,-1
18943,[0.24988776 0.15312304],1,2,"[0.294379027732062, 0.1921773781634303]",0,0
18944,[0.3050628  0.18951188],1,2,"[0.294379027732062, 0.1921773781634303]",0,0
18945,[0.71582484 0.67877543],2,-1,-1,1,-1
18946,[0.81520171 0.7438093 ],2,0,"[0.7890750777399501, 0.6799557517006445]",1,-1
18947,[0.3776753  0.54203173],0,1,"[0.37965276877051146, 0.575157747726818]",1,-1
18948,[0.30473687 0.24747453],1,2,"[0.294379027732062, 0.1921773781634303]",0,0
18949,[0.80376897 0.65452463],2,0,"[0.7890750777399501, 0.6799557517006445]",1,-1
18950,[0.38712337 0.5962621 ],0,1,"[0.37965276877051146, 0.575157747726818]",1,-1
18951,[0.70497516 0.60129152],3,3,"[0.6601234827680622, 0.6109507568947781]",1,-1
18952,[0.39567167 0.53151028],0,1,"[0.37965276877051146, 0.575157747726818]",1,-1
18953,[0.85223609 0.70065962],2,0,"[0.7890750777399501, 0.6799557517006445]",1,-1
18954,[0.66570215 0.62530781],3,3,"[0.6601234827680622, 0.6109507568947781]",1,7
18955,[0.34054585 0.52501084],0,1,"[0.37965276877051146, 0.575157747726818]",1,-1
18956,[0.21198517 0.15574163],1,-1,-1,0,0
18957,[0.76758899 0.6917844 ],2,0,"[0.7890750777399501, 0.6799557517006445]",1,-1
18958,[0.27176294 0.25968134],1,-1,-1,0,0
18959,[0.62259994 0.61323665],3,3,"[0.6601234827680622, 0.6109507568947781]",1,-1
18960,[0.25270087 0.2268539 ],1,2,"[0.294379027732062, 0.1921773781634303]",0,0
18961,[0.42062068 0.59158282],0,1,"[0.37965276877051146, 0.575157747726818]",1,-1
18962,[0.7498179  0.67405199],2,0,"[0.7890750777399501, 0.6799557517006445]",1,-1
18963,[0.68195635 0.61742841],3,3,"[0.6601234827680622, 0.6109507568947781]",1,5
18964,[0.30037719 0.60373871],0,-1,-1,1,-1
18965,[0.41001101 0.57371765],0,1,"[0.37965276877051146, 0.575157747726818]",1,2
18966,[0.38225864 0.48923708],0,-1,-1,1,-1
18967,[0.35078858 0.54482919],0,1,"[0.37965276877051146, 0.575157747726818]",1,-1
18968,[0.85622987 0.76345549],2,-1,-1,1,-1
18969,[0.33191856 0.27602744],1,-1,-1,0,0
18970,[0.72190554 0.61774822],2,3,"[0.6601234827680622, 0.6109507568947781]",1,-1
18971,[0.72684297 0.59995299],3,3,"[0.6601234827680622, 0.6109507568947781]",1,-1
18972,[0.39859944 0.68150643],0,-1,-1,1,-1
18973,[0.67775837 0.60298093],3,3,"[0.6601234827680622, 0.6109507568947781]",1,5
18974,[0.67953589 0.61962068],3,3,"[0.6601234827680622, 0.6109507568947781]",1,7
18975,[0.36943108 0.10574868],1,-1,-1,0,0
18976,[0.51214682 0.63261085],0,-1,-1,1,-1
18977,[0.83169201 0.74312394],2,-1,-1,1,-1
18978,[0.31891201 0.56985345],0,1,"[0.37965276877051146, 0.575157747726818]",1,-1
18979,[0.75632687 0.59201453],2,-1,-1,1,-1
18980,[0.75547923 0.64916296],2,0,"[0.7890750777399501, 0.6799557517006445]",1,-1
18981,[0.40335067 0.62346676],0,1,"[0.37965276877051146, 0.575157747726818]",1,-1
18982,[0.29840082 0.20962774],1,2,"[0.294379027732062, 0.1921773781634303]",0,0
18983,[0.28557439 0.24854774],1,2,"[0.294379027732062, 0.1921773781634303]",0,0
18984,[0.43852042 0.58884123],0,1,"[0.37965276877051146, 0.575157747726818]",1,-1
18985,[0.27739342 0.18699392],1,2,"[0.294379027732062, 0.1921773781634303]",0,0
18986,[0.41453927 0.60621174],0,1,"[0.37965276877051146, 0.575157747726818]",1,-1
18987,[0.56567759 0.66554143],3,-1,-1,1,-1
18988,[0.22873798 0.16746677],1,-1,-1,0,0
18989,[0.30474575 0.30603925],1,-1,-1,0,0
18990,[0.76887988 0.64255674],2,0,"[0.7890750777399501, 0.6799557517006445]",1,-1
18991,[0.81430764 0.66171006],2,0,"[0.7890750777399501, 0.6799557517006445]",1,-1
18992,[0.42765336 0.63532383],0,-1,-1,1,-1
18993,[0.44002645 0.65430085],0,-1,-1,1,-1
18994,[0.78407274 0.56122469],2,-1,-1,1,-1
18995,[0.36245626 0.20242769],1,2,"[0.294379027732062, 0.1921773781634303]",0,0
18996,[0.75021715 0.63283479],2,0,"[0.7890750777399501, 0.6799557517006445]",1,-1
18997,[0.68814485 0.60892578],3,3,"[0.6601234827680622, 0.6109507568947781]",1,5
18998,[0.31631682 0.16837004],1,2,"[0.294379027732062, 0.1921773781634303]",0,0
18999,[0.55647689 0.59205754],3,-1,-1,1,-1
19000,[0.38932737 0.53345189],0,1,"[0.37965276877051146, 0.575157747726818]",1,-1
19001,[0.81217836 0.70359165],2,0,"[0.7890750777399501, 0.6799557517006445]",1,-1
19002,[0.35880517 0.58202894],0,1,"[0.37965276877051146, 0.575157747726818]",1,-1
19003,[0.26460498 0.24331331],1,2,"[0.294379027732062, 0.1921773781634303]",0,0
19004,[0.37982922 0.60943385],0,1,"[0.37965276877051146, 0.575157747726818]",1,-1
19005,[0.2997633  0.52939771],0,-1,-1,1,-1
19006,[0.82797008 0.69556627],2,0,"[0.7890750777399501, 0.6799557517006445]",1,-1
19007,[0.77979089 0.63634333],2,0,"[0.7890750777399501, 0.6799557517006445]",1,-1
19008,[0.27280451 0.09789705],1,-1,-1,0,0
19009,[0.71277573 0.63128566],3,3,"[0.6601234827680622, 0.6109507568947781]",1,-1
19010,[0.77304652 0.69912251],2,0,"[0.7890750777399501, 0.6799557517006445]",1,-1
19011,[0.26117725 0.19694393],1,2,"[0.294379027732062, 0.1921773781634303]",0,0
19012,[0.81750547 0.66931615],2,0,"[0.7890750777399501, 0.6799557517006445]",1,-1
19013,[0.79663368 0.55167129],2,-1,-1,1,-1
19014,[0.61523981 0.55758245],3,3,"[0.6601234827680622, 0.6109507568947781]",1,-1
19015,[0.44140492 0.53449364],0,-1,-1,1,-1
19016,[0.67194518 0.66364709],3,3,"[0.6601234827680622, 0.6109507568947781]",1,-1
19017,[0.66009175 0.52731644],3,-1,-1,1,-1
19018,[0.73989853 0.75511216],2,-1,-1,1,-1
19019,[0.77164463 0.7680183 ],2,-1,-1,1,-1
19020,[0.79916939 0.67006372],2,0,"[0.7890750777399501, 0.6799557517006445]",1,4
19021,[0.60576377 0.56028642],3,-1,-1,1,-1
19022,[0.73413434 0.62509758],3,-1,-1,1,-1
19023,[0.71118609 0.62673512],3,3,"[0.6601234827680622, 0.6109507568947781]",1,-1
19024,[0.77449406 0.65434898],2,0,"[0.7890750777399501, 0.6799557517006445]",1,-1
19025,[0.40150161 0.57891643],0,1,"[0.37965276877051146, 0.575157747726818]",1,-1
19026,[0.78013354 0.67207609],2,0,"[0.7890750777399501, 0.6799557517006445]",1,3
19027,[0.44418419 0.6195899 ],0,-1,-1,1,-1
19028,[0.67904017 0.54291681],3,-1,-1,1,-1
19029,[0.30344704 0.51898734],0,-1,-1,1,-1
19030,[0.74072037 0.68469265],2,0,"[0.7890750777399501, 0.6799557517006445]",1,-1
19031,[0.32601147 0.57017884],0,1,"[0.37965276877051146, 0.575157747726818]",1,-1
19032,[0.6388269 0.5997224],3,3,"[0.6601234827680622, 0.6109507568947781]",1,-1
19033,[0.14279735 0.18881609],1,-1,-1,0,0
19034,[0.39535899 0.25615615],1,-1,-1,0,0
19035,[0.68434991 0.57984957],3,3,"[0.6601234827680622, 0.6109507568947781]",1,-1
19036,[0.82764188 0.683562  ],2,0,"[0.7890750777399501, 0.6799557517006445]",1,-1
19037,[0.32002734 0.54114085],0,1,"[0.37965276877051146, 0.575157747726818]",1,-1
19038,[0.25008156 0.22520629],1,2,"[0.294379027732062, 0.1921773781634303]",0,0
19039,[0.41399575 0.50555077],0,-1,-1,1,-1
19040,[0.34627414 0.20531369],1,2,"[0.294379027732062, 0.1921773781634303]",0,0
19041,[0.69709628 0.57326664],3,3,"[0.6601234827680622, 0.6109507568947781]",1,-1
19042,[0.46515577 0.60700755],0,-1,-1,1,-1
19043,[0.62135338 0.67378699],3,-1,-1,1,-1
19044,[0.34417924 0.19635543],1,2,"[0.294379027732062, 0.1921773781634303]",0,0
19045,[0.58477508 0.5954751 ],3,-1,-1,1,-1
19046,[0.63084674 0.58329797],3,3,"[0.6601234827680622, 0.6109507568947781]",1,-1
19047,[0.75685235 0.65656057],2,0,"[0.7890750777399501, 0.6799557517006445]",1,3
19048,[0.3777046  0.53607905],0,1,"[0.37965276877051146, 0.575157747726818]",1,-1
19049,[0.67997248 0.56227972],3,3,"[0.6601234827680622, 0.6109507568947781]",1,-1
19050,[0.78724317 0.69495828],2,0,"[0.7890750777399501, 0.6799557517006445]",1,-1
19051,[0.67461606 0.60938273],3,3,"[0.6601234827680622, 0.6109507568947781]",1,-1
19052,[0.24416843 0.15258955],1,2,"[0.294379027732062, 0.1921773781634303]",0,0
19053,[0.34493101 0.57694704],0,1,"[0.37965276877051146, 0.575157747726818]",1,-1
19054,[0.69440536 0.57844767],3,3,"[0.6601234827680622, 0.6109507568947781]",1,-1
19055,[0.31560609 0.25708064],1,2,"[0.294379027732062, 0.1921773781634303]",0,0
19056,[0.65777216 0.50803986],3,-1,-1,1,-1
19057,[0.33155954 0.55958226],0,1,"[0.37965276877051146, 0.575157747726818]",1,-1
19058,[0.24987906 0.13957235],1,2,"[0.294379027732062, 0.1921773781634303]",0,0
19059,[0.72246106 0.61797645],3,3,"[0.6601234827680622, 0.6109507568947781]",1,-1
19060,[0.35847558 0.15192762],1,-1,-1,0,0
19061,[0.4686583  0.64595706],0,-1,-1,1,-1
19062,[0.40558403 0.52864629],0,1,"[0.37965276877051146, 0.575157747726818]",1,-1
19063,[0.42328055 0.65677055],0,-1,-1,1,-1
19064,[0.47523976 0.66803187],0,-1,-1,1,-1
19065,[0.23399443 0.18772422],1,2,"[0.294379027732062, 0.1921773781634303]",0,0
19066,[0.63202089 0.53300645],3,-1,-1,1,-1
19067,[0.29055881 0.14600336],1,2,"[0.294379027732062, 0.1921773781634303]",0,0
19068,[0.32359855 0.13234395],1,2,"[0.294379027732062, 0.1921773781634303]",0,0
19069,[0.7281017  0.65090315],3,0,"[0.7890750777399501, 0.6799557517006445]",1,-1
19070,[0.36269978 0.18399724],1,2,"[0.294379027732062, 0.1921773781634303]",0,0
19071,[0.60115529 0.5838128 ],3,3,"[0.6601234827680622, 0.6109507568947781]",1,-1
19072,[0.36790493 0.59553182],0,1,"[0.37965276877051146, 0.575157747726818]",1,-1
19073,[0.30631537 0.26112011],1,2,"[0.294379027732062, 0.1921773781634303]",0,0
19074,[0.67671636 0.6041728 ],3,3,"[0.6601234827680622, 0.6109507568947781]",1,5
19075,[0.66898918 0.69870505],2,-1,-1,1,-1
19076,[0.23191359 0.13083575],1,-1,-1,0,0
19077,[0.60062677 0.54638394],3,-1,-1,1,-1
19078,[0.42265159 0.62596345],0,1,"[0.37965276877051146, 0.575157747726818]",1,-1
19079,[0.40371758 0.63879098],0,1,"[0.37965276877051146, 0.575157747726818]",1,-1
19080,[0.77480325 0.56756042],3,-1,-1,1,-1
19081,[0.2739616  0.12804423],1,2,"[0.294379027732062, 0.1921773781634303]",0,0
19082,[0.653978   0.52470294],3,-1,-1,1,-1
19083,[0.66003054 0.51360895],3,-1,-1,1,-1
19084,[0.83428943 0.6325214 ],2,0,"[0.7890750777399501, 0.6799557517006445]",1,-1
19085,[0.67686725 0.59056482],3,3,"[0.6601234827680622, 0.6109507568947781]",1,-1
19086,[0.19594771 0.16620565],1,-1,-1,0,0
19087,[0.82577824 0.63581496],2,0,"[0.7890750777399501, 0.6799557517006445]",1,-1
19088,[0.28925149 0.66192101],0,-1,-1,1,-1
19089,[0.39121732 0.58798034],0,1,"[0.37965276877051146, 0.575157747726818]",1,-1
19090,[0.6606186  0.61882863],3,3,"[0.6601234827680622, 0.6109507568947781]",1,-1
19091,[0.77907903 0.73694819],2,0,"[0.7890750777399501, 0.6799557517006445]",1,-1
19092,[0.7548171  0.74589223],2,-1,-1,1,-1
19093,[0.62021573 0.5337105 ],3,-1,-1,1,-1
19094,[0.71302012 0.64772491],3,3,"[0.6601234827680622, 0.6109507568947781]",1,-1
19095,[0.4123209 0.6112696],0,1,"[0.37965276877051146, 0.575157747726818]",1,-1
19096,[0.4012785  0.58495232],0,1,"[0.37965276877051146, 0.575157747726818]",1,-1
19097,[0.3508485  0.54767763],0,1,"[0.37965276877051146, 0.575157747726818]",1,-1
19098,[0.66010335 0.55825128],3,3,"[0.6601234827680622, 0.6109507568947781]",1,-1
19099,[0.81815507 0.71927582],2,0,"[0.7890750777399501, 0.6799557517006445]",1,-1
19100,[0.69429621 0.63564671],3,3,"[0.6601234827680622, 0.6109507568947781]",1,-1
19101,[0.72161963 0.61309662],3,3,"[0.6601234827680622, 0.6109507568947781]",1,-1
19102,[0.41793992 0.61342147],0,1,"[0.37965276877051146, 0.575157747726818]",1,-1
19103,[0.35597918 0.14807132],1,-1,-1,0,0
19104,[0.3359031  0.07419757],1,-1,-1,0,0
19105,[0.66483814 0.61831981],3,3,"[0.6601234827680622, 0.6109507568947781]",1,7
19106,[0.80181535 0.69531799],2,0,"[0.7890750777399501, 0.6799557517006445]",1,-1
19107,[0.76100002 0.65184776],2,0,"[0.7890750777399501, 0.6799557517006445]",1,-1
19108,[0.71695944 0.55517348],3,-1,-1,1,-1
19109,[0.65756116 0.59716521],3,3,"[0.6601234827680622, 0.6109507568947781]",1,-1
19110,[0.38865918 0.62536424],0,1,"[0.37965276877051146, 0.575157747726818]",1,-1
19111,[0.64887548 0.67030043],3,3,"[0.6601234827680622, 0.6109507568947781]",1,-1
19112,[0.75248427 0.70592326],2,0,"[0.7890750777399501, 0.6799557517006445]",1,-1
19113,[0.84080626 0.80831525],2,-1,-1,1,-1
19114,[0.82070062 0.70663981],2,0,"[0.7890750777399501, 0.6799557517006445]",1,-1
19115,[0.46196841 0.48881928],0,-1,-1,1,-1
19116,[0.39098711 0.13647529],1,-1,-1,0,0
19117,[0.35899244 0.18089477],1,2,"[0.294379027732062, 0.1921773781634303]",0,0
19118,[0.43215449 0.55432403],0,1,"[0.37965276877051146, 0.575157747726818]",1,-1
19119,[0.27654238 0.24882642],1,2,"[0.294379027732062, 0.1921773781634303]",0,0
19120,[0.71045669 0.58281278],3,3,"[0.6601234827680622, 0.6109507568947781]",1,-1
19121,[0.7459069  0.60719893],2,-1,-1,1,-1
19122,[0.4091944  0.50160723],0,-1,-1,1,-1
19123,[0.41355744 0.59513013],0,1,"[0.37965276877051146, 0.575157747726818]",1,-1
19124,[0.25958882 0.17848982],1,2,"[0.294379027732062, 0.1921773781634303]",0,0
19125,[0.34158067 0.18459532],1,2,"[0.294379027732062, 0.1921773781634303]",0,0
19126,[0.77487671 0.6677091 ],3,0,"[0.7890750777399501, 0.6799557517006445]",1,3
19127,[0.35118499 0.50763171],0,-1,-1,1,-1
19128,[0.73066104 0.66627948],2,0,"[0.7890750777399501, 0.6799557517006445]",1,-1
19129,[0.34763275 0.54083433],0,1,"[0.37965276877051146, 0.575157747726818]",1,-1
19130,[0.72353103 0.69414106],2,0,"[0.7890750777399501, 0.6799557517006445]",1,-1
19131,[0.38161032 0.63157724],0,1,"[0.37965276877051146, 0.575157747726818]",1,-1
19132,[0.23403299 0.1637922 ],1,2,"[0.294379027732062, 0.1921773781634303]",0,0
19133,[0.29796399 0.20316418],1,2,"[0.294379027732062, 0.1921773781634303]",0,0
19134,[0.90654634 0.62725953],2,-1,-1,1,-1
19135,[0.3632605  0.18639051],1,2,"[0.294379027732062, 0.1921773781634303]",0,0
19136,[0.24149035 0.188987  ],1,2,"[0.294379027732062, 0.1921773781634303]",0,0
19137,[0.75319353 0.63254999],2,0,"[0.7890750777399501, 0.6799557517006445]",1,-1
19138,[0.27186117 0.18085296],1,2,"[0.294379027732062, 0.1921773781634303]",0,0
19139,[0.41702837 0.56368165],0,1,"[0.37965276877051146, 0.575157747726818]",1,-1
19140,[0.80324145 0.69629756],2,0,"[0.7890750777399501, 0.6799557517006445]",1,-1
19141,[0.74986596 0.63650325],2,0,"[0.7890750777399501, 0.6799557517006445]",1,-1
19142,[0.70198528 0.62537587],3,3,"[0.6601234827680622, 0.6109507568947781]",1,-1
19143,[0.24275789 0.28622141],1,-1,-1,0,0
19144,[0.39162933 0.6454697 ],0,-1,-1,1,-1
19145,[0.67568622 0.54869347],3,3,"[0.6601234827680622, 0.6109507568947781]",1,-1
19146,[0.67061615 0.63591583],3,3,"[0.6601234827680622, 0.6109507568947781]",1,-1
19147,[0.70743078 0.70605261],2,-1,-1,1,-1
19148,[0.24489622 0.19498554],1,2,"[0.294379027732062, 0.1921773781634303]",0,0
19149,[0.38842742 0.54711074],0,1,"[0.37965276877051146, 0.575157747726818]",1,-1
19150,[0.77809214 0.66472645],2,0,"[0.7890750777399501, 0.6799557517006445]",1,3
19151,[0.65568585 0.52608758],3,-1,-1,1,-1
19152,[0.44016508 0.60774129],0,1,"[0.37965276877051146, 0.575157747726818]",1,-1
19153,[0.36547494 0.57431431],0,1,"[0.37965276877051146, 0.575157747726818]",1,-1
19154,[0.27840147 0.14972613],1,2,"[0.294379027732062, 0.1921773781634303]",0,0
19155,[0.36270659 0.58043517],0,1,"[0.37965276877051146, 0.575157747726818]",1,-1
19156,[0.33396276 0.21466408],1,2,"[0.294379027732062, 0.1921773781634303]",0,0
19157,[0.57736481 0.69162786],3,-1,-1,1,-1
19158,[0.79480985 0.64844036],2,0,"[0.7890750777399501, 0.6799557517006445]",1,-1
19159,[0.35986809 0.04704025],1,-1,-1,0,0
19160,[0.35047596 0.6156752 ],0,1,"[0.37965276877051146, 0.575157747726818]",1,-1
19161,[0.6930845  0.61964336],3,3,"[0.6601234827680622, 0.6109507568947781]",1,-1
19162,[0.35290579 0.18512817],1,2,"[0.294379027732062, 0.1921773781634303]",0,0
19163,[0.38372594 0.60006415],0,1,"[0.37965276877051146, 0.575157747726818]",1,-1
19164,[0.76433802 0.73821233],2,0,"[0.7890750777399501, 0.6799557517006445]",1,-1
19165,[0.74964665 0.63840681],2,0,"[0.7890750777399501, 0.6799557517006445]",1,-1
19166,[0.40807345 0.52209385],0,1,"[0.37965276877051146, 0.575157747726818]",1,-1
19167,[0.77289101 0.60635898],3,-1,-1,1,-1
19168,[0.72757887 0.61820152],2,3,"[0.6601234827680622, 0.6109507568947781]",1,-1
19169,[0.6877827  0.66862919],3,3,"[0.6601234827680622, 0.6109507568947781]",1,-1
19170,[0.7061645  0.57660309],3,3,"[0.6601234827680622, 0.6109507568947781]",1,-1
19171,[0.28048038 0.16032407],1,2,"[0.294379027732062, 0.1921773781634303]",0,0
19172,[0.24929143 0.1941812 ],1,2,"[0.294379027732062, 0.1921773781634303]",0,0
19173,[0.30256202 0.58285685],0,-1,-1,1,-1
19174,[0.88316137 0.606865  ],2,-1,-1,1,-1
19175,[0.65634809 0.53115271],3,-1,-1,1,-1
19176,[0.32923544 0.53858553],0,1,"[0.37965276877051146, 0.575157747726818]",1,-1
19177,[0.26984084 0.0876499 ],1,-1,-1,0,0
19178,[0.61797002 0.51980152],3,-1,-1,1,-1
19179,[0.27360809 0.25478879],1,2,"[0.294379027732062, 0.1921773781634303]",0,0
19180,[0.75278992 0.68346607],2,0,"[0.7890750777399501, 0.6799557517006445]",1,-1
19181,[0.51930198 0.54915058],0,-1,-1,1,-1
19182,[0.37883572 0.23484223],1,-1,-1,0,0
19183,[0.79911359 0.59387466],2,-1,-1,1,-1
19184,[0.28991507 0.13035169],1,2,"[0.294379027732062, 0.1921773781634303]",0,0
19185,[0.32178617 0.19792664],1,2,"[0.294379027732062, 0.1921773781634303]",0,0
19186,[0.32520715 0.5352539 ],0,1,"[0.37965276877051146, 0.575157747726818]",1,-1
19187,[0.82308226 0.61728336],2,-1,-1,1,-1
19188,[0.37798657 0.56785199],0,1,"[0.37965276877051146, 0.575157747726818]",1,-1
19189,[0.34053447 0.60316544],0,1,"[0.37965276877051146, 0.575157747726818]",1,-1
19190,[0.74294543 0.73213267],2,0,"[0.7890750777399501, 0.6799557517006445]",1,-1
19191,[0.41856384 0.53738898],0,1,"[0.37965276877051146, 0.575157747726818]",1,-1
19192,[0.76958532 0.74020215],2,0,"[0.7890750777399501, 0.6799557517006445]",1,-1
19193,[0.41919434 0.59037157],0,1,"[0.37965276877051146, 0.575157747726818]",1,-1
19194,[0.83426577 0.68776408],2,0,"[0.7890750777399501, 0.6799557517006445]",1,-1
19195,[0.32559447 0.56209736],0,1,"[0.37965276877051146, 0.575157747726818]",1,-1
19196,[0.81874578 0.63591723],2,0,"[0.7890750777399501, 0.6799557517006445]",1,-1
19197,[0.67321899 0.65614469],3,3,"[0.6601234827680622, 0.6109507568947781]",1,-1
19198,[0.85807192 0.74358766],2,-1,-1,1,-1
19199,[0.3491581 0.1222617],1,-1,-1,0,0
19200,[0.6846821  0.64916222],3,3,"[0.6601234827680622, 0.6109507568947781]",1,-1
19201,[0.67422165 0.64749589],3,3,"[0.6601234827680622, 0.6109507568947781]",1,-1
19202,[0.80786309 0.63999659],2,0,"[0.7890750777399501, 0.6799557517006445]",1,-1
19203,[0.82355625 0.69769668],2,0,"[0.7890750777399501, 0.6799557517006445]",1,-1
19204,[0.77498915 0.65126111],2,0,"[0.7890750777399501, 0.6799557517006445]",1,-1
19205,[0.59777606 0.55628381],3,-1,-1,1,-1
19206,[0.65099846 0.58303237],3,3,"[0.6601234827680622, 0.6109507568947781]",1,-1
19207,[0.16989028 0.18243793],1,-1,-1,0,0
19208,[0.30631237 0.17516635],1,2,"[0.294379027732062, 0.1921773781634303]",0,0
19209,[0.68292    0.59121209],3,3,"[0.6601234827680622, 0.6109507568947781]",1,-1
19210,[0.80133365 0.71510073],2,0,"[0.7890750777399501, 0.6799557517006445]",1,-1
19211,[0.66337643 0.59159765],3,3,"[0.6601234827680622, 0.6109507568947781]",1,-1
19212,[0.64658262 0.56749835],3,3,"[0.6601234827680622, 0.6109507568947781]",1,-1
19213,[0.69726801 0.72420804],3,-1,-1,1,-1
19214,[0.3775125  0.18602195],1,-1,-1,0,0
19215,[0.32653974 0.15914651],1,2,"[0.294379027732062, 0.1921773781634303]",0,0
19216,[0.6935823  0.63755328],3,3,"[0.6601234827680622, 0.6109507568947781]",1,-1
19217,[0.70330769 0.66880144],3,-1,-1,1,-1
19218,[0.63222254 0.74751046],3,-1,-1,1,-1
19219,[0.40015419 0.61451042],0,1,"[0.37965276877051146, 0.575157747726818]",1,-1
19220,[0.80573023 0.58660296],2,-1,-1,1,-1
19221,[0.69334357 0.55745555],3,3,"[0.6601234827680622, 0.6109507568947781]",1,-1
19222,[0.81672267 0.63005495],2,0,"[0.7890750777399501, 0.6799557517006445]",1,-1
19223,[0.33353016 0.47168927],0,-1,-1,1,-1
19224,[0.45961909 0.52990425],0,-1,-1,1,-1
19225,[0.63953127 0.67837142],3,-1,-1,1,-1
19226,[0.36572318 0.55815903],0,1,"[0.37965276877051146, 0.575157747726818]",1,1
19227,[0.31448704 0.21894709],1,2,"[0.294379027732062, 0.1921773781634303]",0,0
19228,[0.70519726 0.63382453],3,3,"[0.6601234827680622, 0.6109507568947781]",1,-1
19229,[0.7087237  0.54976994],3,-1,-1,1,-1
19230,[0.27421627 0.11877869],1,-1,-1,0,0
19231,[0.69677162 0.62210403],3,3,"[0.6601234827680622, 0.6109507568947781]",1,-1
19232,[0.72534291 0.6922366 ],2,0,"[0.7890750777399501, 0.6799557517006445]",1,-1
19233,[0.25987192 0.20199312],1,2,"[0.294379027732062, 0.1921773781634303]",0,0
19234,[0.67685687 0.73194859],2,-1,-1,1,-1
19235,[0.2580913  0.23762172],1,2,"[0.294379027732062, 0.1921773781634303]",0,0
19236,[0.40534241 0.6110245 ],0,1,"[0.37965276877051146, 0.575157747726818]",1,-1
19237,[0.34884539 0.60413246],0,1,"[0.37965276877051146, 0.575157747726818]",1,-1
19238,[0.31427396 0.16176116],1,2,"[0.294379027732062, 0.1921773781634303]",0,0
19239,[0.28046526 0.22687046],1,2,"[0.294379027732062, 0.1921773781634303]",0,0
19240,[0.30176284 0.22615167],1,2,"[0.294379027732062, 0.1921773781634303]",0,0
19241,[0.76900367 0.6845187 ],2,0,"[0.7890750777399501, 0.6799557517006445]",1,4
19242,[0.7492504  0.56520715],2,-1,-1,1,-1
19243,[0.85383378 0.63106089],2,-1,-1,1,-1
19244,[0.80890047 0.75772699],2,-1,-1,1,-1
19245,[0.27763022 0.19554388],1,2,"[0.294379027732062, 0.1921773781634303]",0,0
19246,[0.85622873 0.72165799],2,-1,-1,1,-1
19247,[0.31233503 0.17915771],1,2,"[0.294379027732062, 0.1921773781634303]",0,0
19248,[0.73151222 0.64345096],2,0,"[0.7890750777399501, 0.6799557517006445]",1,-1
19249,[0.3039435  0.14800846],1,2,"[0.294379027732062, 0.1921773781634303]",0,0
19250,[0.68514566 0.51538231],3,-1,-1,1,-1
19251,[0.28834104 0.16813617],1,2,"[0.294379027732062, 0.1921773781634303]",0,0
19252,[0.79654283 0.70810809],2,0,"[0.7890750777399501, 0.6799557517006445]",1,-1
19253,[0.82511779 0.68126836],2,0,"[0.7890750777399501, 0.6799557517006445]",1,-1
19254,[0.80842195 0.66984939],2,0,"[0.7890750777399501, 0.6799557517006445]",1,4
19255,[0.27153606 0.22669702],1,2,"[0.294379027732062, 0.1921773781634303]",0,0
19256,[0.30172585 0.23188686],1,2,"[0.294379027732062, 0.1921773781634303]",0,0
19257,[0.65756422 0.60826926],3,3,"[0.6601234827680622, 0.6109507568947781]",1,-1
19258,[0.64022775 0.57425429],3,3,"[0.6601234827680622, 0.6109507568947781]",1,-1
19259,[0.32258433 0.16091736],1,2,"[0.294379027732062, 0.1921773781634303]",0,0
19260,[0.9562299  0.76334032],2,-1,-1,1,-1
19261,[0.38424232 0.16723865],1,-1,-1,0,0
19262,[0.37812748 0.17635632],1,-1,-1,0,0
19263,[0.32967591 0.2035158 ],1,2,"[0.294379027732062, 0.1921773781634303]",0,0
19264,[0.71703419 0.72278061],2,-1,-1,1,-1
19265,[0.63061256 0.57643891],3,3,"[0.6601234827680622, 0.6109507568947781]",1,-1
19266,[0.27014553 0.27600405],1,-1,-1,0,0
19267,[0.28493684 0.22329556],1,2,"[0.294379027732062, 0.1921773781634303]",0,0
19268,[0.28726923 0.2627095 ],1,-1,-1,0,0
19269,[0.27550978 0.17213634],1,2,"[0.294379027732062, 0.1921773781634303]",0,0
19270,[0.33463528 0.20793212],1,2,"[0.294379027732062, 0.1921773781634303]",0,0
19271,[0.73130018 0.67997751],3,0,"[0.7890750777399501, 0.6799557517006445]",1,-1
19272,[0.76300021 0.59646993],2,-1,-1,1,-1
19273,[0.6137903  0.57569365],3,3,"[0.6601234827680622, 0.6109507568947781]",1,-1
19274,[0.6601866  0.54429859],3,3,"[0.6601234827680622, 0.6109507568947781]",1,-1
19275,[0.41756484 0.59774145],0,1,"[0.37965276877051146, 0.575157747726818]",1,-1
19276,[0.27888238 0.20036434],1,2,"[0.294379027732062, 0.1921773781634303]",0,0
19277,[0.72095038 0.65435771],3,-1,-1,1,-1
19278,[0.40008853 0.59360153],0,1,"[0.37965276877051146, 0.575157747726818]",1,-1
19279,[0.31369586 0.20329168],1,2,"[0.294379027732062, 0.1921773781634303]",0,0
19280,[0.40511498 0.63946558],0,1,"[0.37965276877051146, 0.575157747726818]",1,-1
19281,[0.78196905 0.69457596],2,0,"[0.7890750777399501, 0.6799557517006445]",1,-1
19282,[0.42154658 0.60477744],0,1,"[0.37965276877051146, 0.575157747726818]",1,-1
19283,[0.80869744 0.72724868],2,0,"[0.7890750777399501, 0.6799557517006445]",1,-1
19284,[0.7647054  0.68351231],2,0,"[0.7890750777399501, 0.6799557517006445]",1,-1
19285,[0.40061981 0.54883792],0,1,"[0.37965276877051146, 0.575157747726818]",1,-1
19286,[0.32780145 0.2252512 ],1,2,"[0.294379027732062, 0.1921773781634303]",0,0
19287,[0.82673424 0.66080699],2,0,"[0.7890750777399501, 0.6799557517006445]",1,-1
19288,[0.7919598  0.61714574],2,0,"[0.7890750777399501, 0.6799557517006445]",1,-1
19289,[0.70285823 0.59712105],3,3,"[0.6601234827680622, 0.6109507568947781]",1,-1
19290,[0.68350041 0.60655989],3,3,"[0.6601234827680622, 0.6109507568947781]",1,5
19291,[0.31263232 0.23507343],1,2,"[0.294379027732062, 0.1921773781634303]",0,0
19292,[0.68768318 0.58407539],3,3,"[0.6601234827680622, 0.6109507568947781]",1,-1
19293,[0.46634647 0.60358958],0,-1,-1,1,-1
19294,[0.29070077 0.51913376],0,-1,-1,1,-1
19295,[0.61665325 0.5986967 ],3,3,"[0.6601234827680622, 0.6109507568947781]",1,-1
19296,[0.31780474 0.15274613],1,2,"[0.294379027732062, 0.1921773781634303]",0,0
19297,[0.73919812 0.70633609],2,0,"[0.7890750777399501, 0.6799557517006445]",1,-1
19298,[0.22211204 0.20270559],1,-1,-1,0,0
19299,[0.42873348 0.53983138],0,1,"[0.37965276877051146, 0.575157747726818]",1,-1
19300,[0.60789552 0.65072995],3,3,"[0.6601234827680622, 0.6109507568947781]",1,-1
19301,[0.29449912 0.1495891 ],1,2,"[0.294379027732062, 0.1921773781634303]",0,0
19302,[0.76251245 0.70982754],2,0,"[0.7890750777399501, 0.6799557517006445]",1,-1
19303,[0.30586144 0.55987363],0,-1,-1,1,-1
19304,[0.79472355 0.71114568],2,0,"[0.7890750777399501, 0.6799557517006445]",1,-1
19305,[0.40950318 0.50899006],0,-1,-1,1,-1
19306,[0.4418072  0.62146312],0,-1,-1,1,-1
19307,[0.23565147 0.21057018],1,2,"[0.294379027732062, 0.1921773781634303]",0,0
19308,[0.22933788 0.20491591],1,2,"[0.294379027732062, 0.1921773781634303]",0,0
19309,[0.73396368 0.73272215],2,-1,-1,1,-1
19310,[0.87879209 0.67708145],2,-1,-1,1,-1
19311,[0.3475219  0.56013838],0,1,"[0.37965276877051146, 0.575157747726818]",1,-1
19312,[0.6911971  0.58497194],3,3,"[0.6601234827680622, 0.6109507568947781]",1,-1
19313,[0.7074687  0.68239937],3,-1,-1,1,-1
19314,[0.66497079 0.58970198],3,3,"[0.6601234827680622, 0.6109507568947781]",1,-1
19315,[0.71466807 0.53595574],3,-1,-1,1,-1
19316,[0.41851299 0.55622023],0,1,"[0.37965276877051146, 0.575157747726818]",1,-1
19317,[0.73695944 0.56043086],3,-1,-1,1,-1
19318,[0.64016596 0.56311943],3,3,"[0.6601234827680622, 0.6109507568947781]",1,-1
19319,[0.38126535 0.54694931],0,1,"[0.37965276877051146, 0.575157747726818]",1,-1
19320,[0.78334042 0.64685244],2,0,"[0.7890750777399501, 0.6799557517006445]",1,-1
19321,[0.66449836 0.61169791],3,3,"[0.6601234827680622, 0.6109507568947781]",1,-1
19322,[0.34577641 0.25649992],1,-1,-1,0,0
19323,[0.63642676 0.56119737],3,3,"[0.6601234827680622, 0.6109507568947781]",1,-1
19324,[0.67549139 0.6472039 ],3,3,"[0.6601234827680622, 0.6109507568947781]",1,-1
19325,[0.69921482 0.66569439],3,3,"[0.6601234827680622, 0.6109507568947781]",1,-1
19326,[0.6482615  0.48652241],3,-1,-1,1,-1
19327,[0.69260423 0.68387676],3,-1,-1,1,-1
19328,[0.63419931 0.56956265],3,3,"[0.6601234827680622, 0.6109507568947781]",1,-1
19329,[0.76532255 0.6794257 ],2,0,"[0.7890750777399501, 0.6799557517006445]",1,-1
19330,[0.79580483 0.7023307 ],2,0,"[0.7890750777399501, 0.6799557517006445]",1,-1
19331,[0.8603736  0.75180245],2,-1,-1,1,-1
19332,[0.79850296 0.70013938],2,0,"[0.7890750777399501, 0.6799557517006445]",1,-1
19333,[0.61163168 0.61955308],3,3,"[0.6601234827680622, 0.6109507568947781]",1,-1
19334,[0.75066016 0.56848844],3,-1,-1,1,-1
19335,[0.83583132 0.61894861],2,-1,-1,1,-1
19336,[0.80597708 0.66468595],2,0,"[0.7890750777399501, 0.6799557517006445]",1,-1
19337,[0.3351908  0.12963174],1,-1,-1,0,0
19338,[0.63367038 0.70622408],3,-1,-1,1,-1
19339,[0.77308504 0.61065568],3,-1,-1,1,-1
19340,[0.78512394 0.7283946 ],2,0,"[0.7890750777399501, 0.6799557517006445]",1,-1
19341,[0.93336732 0.80305034],2,-1,-1,1,-1
19342,[0.72844398 0.60643082],3,3,"[0.6601234827680622, 0.6109507568947781]",1,-1
19343,[0.65076006 0.60563003],3,3,"[0.6601234827680622, 0.6109507568947781]",1,6
19344,[0.85790576 0.621612  ],2,-1,-1,1,-1
19345,[0.43162154 0.19485726],1,-1,-1,0,0
19346,[0.24581978 0.21624852],1,2,"[0.294379027732062, 0.1921773781634303]",0,0
19347,[0.85871121 0.67828055],2,0,"[0.7890750777399501, 0.6799557517006445]",1,-1
19348,[0.54233839 0.60720135],3,-1,-1,1,-1
19349,[0.59776142 0.63408631],3,3,"[0.6601234827680622, 0.6109507568947781]",1,-1
19350,[0.87309809 0.74971781],2,-1,-1,1,-1
19351,[0.2704898  0.18969476],1,2,"[0.294379027732062, 0.1921773781634303]",0,0
19352,[0.75764085 0.70719612],2,0,"[0.7890750777399501, 0.6799557517006445]",1,-1
19353,[0.74264795 0.61408573],2,-1,-1,1,-1
19354,[0.6821247  0.66518295],3,3,"[0.6601234827680622, 0.6109507568947781]",1,-1
19355,[0.61909852 0.64225663],3,3,"[0.6601234827680622, 0.6109507568947781]",1,-1
19356,[0.28449769 0.12078937],1,-1,-1,0,0
19357,[0.27350974 0.14410142],1,2,"[0.294379027732062, 0.1921773781634303]",0,0
19358,[0.40617788 0.25783119],1,-1,-1,0,0
19359,[0.27977323 0.20078757],1,2,"[0.294379027732062, 0.1921773781634303]",0,0
19360,[0.3439599  0.19731291],1,2,"[0.294379027732062, 0.1921773781634303]",0,0
19361,[0.22913937 0.1993271 ],1,2,"[0.294379027732062, 0.1921773781634303]",0,0
19362,[0.28237396 0.26286533],1,-1,-1,0,0
19363,[0.80958262 0.59956602],2,-1,-1,1,-1
19364,[0.83266381 0.66572383],2,0,"[0.7890750777399501, 0.6799557517006445]",1,-1
19365,[0.15521459 0.29508715],1,-1,-1,0,-1
19366,[0.84948289 0.68391959],2,0,"[0.7890750777399501, 0.6799557517006445]",1,-1
19367,[0.66660701 0.65066712],3,3,"[0.6601234827680622, 0.6109507568947781]",1,-1
19368,[0.27723686 0.26414437],1,-1,-1,0,0
19369,[0.30387432 0.43983134],0,-1,-1,1,-1
19370,[0.42456475 0.53189704],0,1,"[0.37965276877051146, 0.575157747726818]",1,-1
19371,[0.42596497 0.67909804],0,-1,-1,1,-1
19372,[0.71293312 0.65866834],3,-1,-1,1,-1
19373,[0.30185817 0.26576305],1,-1,-1,0,0
19374,[0.80548426 0.6595311 ],2,0,"[0.7890750777399501, 0.6799557517006445]",1,-1
19375,[0.35154044 0.6061235 ],0,1,"[0.37965276877051146, 0.575157747726818]",1,-1
19376,[0.82851448 0.73727426],2,0,"[0.7890750777399501, 0.6799557517006445]",1,-1
19377,[0.83672448 0.74243109],2,-1,-1,1,-1
19378,[0.42644472 0.54896492],0,1,"[0.37965276877051146, 0.575157747726818]",1,-1
19379,[0.29820043 0.23894225],1,2,"[0.294379027732062, 0.1921773781634303]",0,0
19380,[0.70295792 0.66147255],2,3,"[0.6601234827680622, 0.6109507568947781]",1,-1
19381,[0.60986527 0.58591864],3,3,"[0.6601234827680622, 0.6109507568947781]",1,-1
19382,[0.38482441 0.64936539],0,-1,-1,1,-1
19383,[0.30095374 0.12372763],1,2,"[0.294379027732062, 0.1921773781634303]",0,0
19384,[0.83498186 0.62454867],2,-1,-1,1,-1
19385,[0.81538545 0.67334786],2,0,"[0.7890750777399501, 0.6799557517006445]",1,-1
19386,[0.62274584 0.59370919],3,3,"[0.6601234827680622, 0.6109507568947781]",1,-1
19387,[0.22174247 0.23810575],1,-1,-1,0,0
19388,[0.38451975 0.6107059 ],0,1,"[0.37965276877051146, 0.575157747726818]",1,-1
19389,[0.43291088 0.57884296],0,1,"[0.37965276877051146, 0.575157747726818]",1,-1
19390,[0.28575417 0.16345488],1,2,"[0.294379027732062, 0.1921773781634303]",0,0
19391,[0.35595142 0.60081074],0,1,"[0.37965276877051146, 0.575157747726818]",1,-1
19392,[0.27852539 0.13631263],1,2,"[0.294379027732062, 0.1921773781634303]",0,0
19393,[0.28933126 0.13818798],1,2,"[0.294379027732062, 0.1921773781634303]",0,0
19394,[0.88385288 0.72621102],2,-1,-1,1,-1
19395,[0.42744481 0.57582281],0,1,"[0.37965276877051146, 0.575157747726818]",1,-1
19396,[0.33014343 0.10343409],1,-1,-1,0,0
19397,[0.77858737 0.81369276],2,-1,-1,1,-1
19398,[0.84790205 0.64983879],2,0,"[0.7890750777399501, 0.6799557517006445]",1,-1
19399,[0.66843875 0.62042288],3,3,"[0.6601234827680622, 0.6109507568947781]",1,-1
19400,[0.64860689 0.6679522 ],3,3,"[0.6601234827680622, 0.6109507568947781]",1,-1
19401,[0.33696473 0.58310344],0,1,"[0.37965276877051146, 0.575157747726818]",1,-1
19402,[0.62821423 0.62080672],3,3,"[0.6601234827680622, 0.6109507568947781]",1,-1
19403,[0.73665943 0.59760906],3,-1,-1,1,-1
19404,[0.42074046 0.64458733],0,-1,-1,1,-1
19405,[0.36169137 0.63088339],0,1,"[0.37965276877051146, 0.575157747726818]",1,-1
19406,[0.32966357 0.58142339],0,1,"[0.37965276877051146, 0.575157747726818]",1,-1
19407,[0.40330201 0.59349559],0,1,"[0.37965276877051146, 0.575157747726818]",1,-1
19408,[0.67807249 0.64310045],3,3,"[0.6601234827680622, 0.6109507568947781]",1,-1
19409,[0.31578254 0.13367423],1,2,"[0.294379027732062, 0.1921773781634303]",0,0
19410,[0.80750275 0.63472556],2,0,"[0.7890750777399501, 0.6799557517006445]",1,-1
19411,[0.37595699 0.52670672],0,1,"[0.37965276877051146, 0.575157747726818]",1,-1
19412,[0.24966886 0.24417929],1,2,"[0.294379027732062, 0.1921773781634303]",0,0
19413,[0.3130067  0.58342665],0,1,"[0.37965276877051146, 0.575157747726818]",1,-1
19414,[0.6235334  0.62081462],3,3,"[0.6601234827680622, 0.6109507568947781]",1,-1
19415,[0.31556459 0.55818182],0,1,"[0.37965276877051146, 0.575157747726818]",1,-1
19416,[0.65233179 0.57404599],3,3,"[0.6601234827680622, 0.6109507568947781]",1,-1
19417,[0.32969201 0.57076261],0,1,"[0.37965276877051146, 0.575157747726818]",1,-1
19418,[0.374086   0.66156321],0,-1,-1,1,-1
19419,[0.73729318 0.67980144],3,0,"[0.7890750777399501, 0.6799557517006445]",1,-1
19420,[0.34541412 0.60079734],0,1,"[0.37965276877051146, 0.575157747726818]",1,-1
19421,[0.81550119 0.74729577],2,-1,-1,1,-1
19422,[0.41907292 0.58316106],0,1,"[0.37965276877051146, 0.575157747726818]",1,-1
19423,[0.45637864 0.48962836],0,-1,-1,1,-1
19424,[0.74473949 0.61399926],3,-1,-1,1,-1
19425,[0.41251272 0.46508602],0,-1,-1,1,-1
19426,[0.26964872 0.18412008],1,2,"[0.294379027732062, 0.1921773781634303]",0,0
19427,[0.29023601 0.10234267],1,-1,-1,0,0
19428,[0.77167892 0.60677065],2,-1,-1,1,-1
19429,[0.84348547 0.71712463],2,0,"[0.7890750777399501, 0.6799557517006445]",1,-1
19430,[0.35037353 0.65802495],0,-1,-1,1,-1
19431,[0.8091434  0.65019696],2,0,"[0.7890750777399501, 0.6799557517006445]",1,-1
19432,[0.33899434 0.54267866],0,1,"[0.37965276877051146, 0.575157747726818]",1,-1
19433,[0.21331225 0.26068514],1,-1,-1,0,0
19434,[0.35642586 0.09164591],1,-1,-1,0,0
19435,[0.24279454 0.09736635],1,-1,-1,0,0
19436,[0.78093675 0.67603575],2,0,"[0.7890750777399501, 0.6799557517006445]",1,-1
19437,[0.40370156 0.55592032],0,1,"[0.37965276877051146, 0.575157747726818]",1,-1
19438,[0.65519902 0.53007262],3,-1,-1,1,-1
19439,[0.6857674  0.60235847],3,3,"[0.6601234827680622, 0.6109507568947781]",1,5
19440,[0.664917   0.59882843],3,3,"[0.6601234827680622, 0.6109507568947781]",1,-1
19441,[0.62505679 0.61474987],3,3,"[0.6601234827680622, 0.6109507568947781]",1,-1
19442,[0.70285864 0.59283778],3,3,"[0.6601234827680622, 0.6109507568947781]",1,-1
19443,[0.32815738 0.61987542],0,1,"[0.37965276877051146, 0.575157747726818]",1,-1
19444,[0.62212637 0.64297612],3,3,"[0.6601234827680622, 0.6109507568947781]",1,-1
19445,[0.26757755 0.12466638],1,-1,-1,0,0
19446,[0.35844239 0.59925311],0,1,"[0.37965276877051146, 0.575157747726818]",1,-1
19447,[0.70250469 0.71363105],2,-1,-1,1,-1
19448,[0.46595824 0.56527767],0,-1,-1,1,-1
19449,[0.21393576 0.0766696 ],1,-1,-1,0,0
19450,[0.31576136 0.57842594],0,1,"[0.37965276877051146, 0.575157747726818]",1,-1
19451,[0.68561191 0.61582812],3,3,"[0.6601234827680622, 0.6109507568947781]",1,5
19452,[0.35932696 0.58374649],0,1,"[0.37965276877051146, 0.575157747726818]",1,-1
19453,[0.6847431  0.58448421],3,3,"[0.6601234827680622, 0.6109507568947781]",1,-1
19454,[0.30160024 0.51907431],0,-1,-1,1,-1
19455,[0.23015527 0.11520598],1,-1,-1,0,0
19456,[0.34887666 0.09808662],1,-1,-1,0,0
19457,[0.61971004 0.57584685],3,3,"[0.6601234827680622, 0.6109507568947781]",1,-1
19458,[0.58323495 0.61184406],3,-1,-1,1,-1
19459,[0.43038181 0.65787888],0,-1,-1,1,-1
19460,[0.36449319 0.58541742],0,1,"[0.37965276877051146, 0.575157747726818]",1,-1
19461,[0.77055142 0.67052821],2,0,"[0.7890750777399501, 0.6799557517006445]",1,-1
19462,[0.36299135 0.14021763],1,-1,-1,0,0
19463,[0.77534894 0.62902535],2,0,"[0.7890750777399501, 0.6799557517006445]",1,-1
19464,[0.25512304 0.16735612],1,2,"[0.294379027732062, 0.1921773781634303]",0,0
19465,[0.29631211 0.54991159],0,-1,-1,1,-1
19466,[0.32332618 0.56880052],0,1,"[0.37965276877051146, 0.575157747726818]",1,-1
19467,[0.39370558 0.56468351],0,1,"[0.37965276877051146, 0.575157747726818]",1,2
19468,[0.1765445  0.22299791],1,-1,-1,0,0
19469,[0.71818538 0.68199854],3,-1,-1,1,-1
19470,[0.77193484 0.61573197],3,0,"[0.7890750777399501, 0.6799557517006445]",1,-1
19471,[0.22753703 0.29047621],1,-1,-1,0,0
19472,[0.31737417 0.21497629],1,2,"[0.294379027732062, 0.1921773781634303]",0,0
19473,[0.36258806 0.5400572 ],0,1,"[0.37965276877051146, 0.575157747726818]",1,-1
19474,[0.42265933 0.58009798],0,1,"[0.37965276877051146, 0.575157747726818]",1,-1
19475,[0.61687385 0.52690781],3,-1,-1,1,-1
19476,[0.36825636 0.58205805],0,1,"[0.37965276877051146, 0.575157747726818]",1,1
19477,[0.17391689 0.18544697],1,-1,-1,0,0
19478,[0.24233749 0.20633174],1,2,"[0.294379027732062, 0.1921773781634303]",0,0
19479,[0.32432765 0.25410017],1,2,"[0.294379027732062, 0.1921773781634303]",0,0
19480,[0.40352643 0.49573242],0,-1,-1,1,-1
19481,[0.32452967 0.25493352],1,2,"[0.294379027732062, 0.1921773781634303]",0,0
19482,[0.65204446 0.52903511],3,-1,-1,1,-1
19483,[0.66192214 0.55581631],3,3,"[0.6601234827680622, 0.6109507568947781]",1,-1
19484,[0.29836067 0.24982877],1,2,"[0.294379027732062, 0.1921773781634303]",0,0
19485,[0.27075783 0.13441809],1,2,"[0.294379027732062, 0.1921773781634303]",0,0
19486,[0.78520354 0.73339574],2,0,"[0.7890750777399501, 0.6799557517006445]",1,-1
19487,[0.31087615 0.50718306],0,-1,-1,1,-1
19488,[0.73092913 0.69249056],2,0,"[0.7890750777399501, 0.6799557517006445]",1,-1
19489,[0.25266619 0.23231889],1,2,"[0.294379027732062, 0.1921773781634303]",0,0
19490,[0.42665995 0.47169092],0,-1,-1,1,-1
19491,[0.57882344 0.6075507 ],3,-1,-1,1,-1
19492,[0.71395059 0.62366145],3,3,"[0.6601234827680622, 0.6109507568947781]",1,-1
19493,[0.33923749 0.59045313],0,1,"[0.37965276877051146, 0.575157747726818]",1,-1
19494,[0.3532825  0.15618646],1,2,"[0.294379027732062, 0.1921773781634303]",0,0
19495,[0.27069796 0.6177137 ],0,-1,-1,1,-1
19496,[0.82944989 0.62781389],2,0,"[0.7890750777399501, 0.6799557517006445]",1,-1
19497,[0.25352268 0.25447475],1,-1,-1,0,0
19498,[0.33265969 0.20394171],1,2,"[0.294379027732062, 0.1921773781634303]",0,0
19499,[0.36383793 0.18816961],1,2,"[0.294379027732062, 0.1921773781634303]",0,0
19500,[0.31547539 0.24677626],1,2,"[0.294379027732062, 0.1921773781634303]",0,0
19501,[0.34983075 0.54518886],0,1,"[0.37965276877051146, 0.575157747726818]",1,-1
19502,[0.85942469 0.59726443],2,-1,-1,1,-1
19503,[0.2929838  0.48036202],0,-1,-1,1,-1
19504,[0.74745797 0.71120686],2,0,"[0.7890750777399501, 0.6799557517006445]",1,-1
19505,[0.30228025 0.61415319],0,-1,-1,1,-1
19506,[0.37927285 0.54222008],0,1,"[0.37965276877051146, 0.575157747726818]",1,-1
19507,[0.32802734 0.13524273],1,2,"[0.294379027732062, 0.1921773781634303]",0,0
19508,[0.45216289 0.54011186],0,-1,-1,1,-1
19509,[0.77324469 0.65350201],2,0,"[0.7890750777399501, 0.6799557517006445]",1,3
19510,[0.76690673 0.74200607],2,0,"[0.7890750777399501, 0.6799557517006445]",1,-1
19511,[0.26270369 0.19271829],1,2,"[0.294379027732062, 0.1921773781634303]",0,0
19512,[0.85970306 0.68771306],2,-1,-1,1,-1
19513,[0.82358412 0.71611242],2,0,"[0.7890750777399501, 0.6799557517006445]",1,-1
19514,[0.69690542 0.60856638],3,3,"[0.6601234827680622, 0.6109507568947781]",1,-1
19515,[0.36294588 0.14626535],1,-1,-1,0,0
19516,[0.73719429 0.62856805],3,-1,-1,1,-1
19517,[0.32045483 0.53099907],0,-1,-1,1,-1
19518,[0.24326884 0.23664151],1,2,"[0.294379027732062, 0.1921773781634303]",0,0
19519,[0.78509928 0.64256352],2,0,"[0.7890750777399501, 0.6799557517006445]",1,-1
19520,[0.20705084 0.18757462],1,-1,-1,0,0
19521,[0.25369382 0.10755502],1,-1,-1,0,0
19522,[0.27990464 0.17447145],1,2,"[0.294379027732062, 0.1921773781634303]",0,0
19523,[0.3750412  0.56771564],0,1,"[0.37965276877051146, 0.575157747726818]",1,1
19524,[0.38047401 0.72649336],0,-1,-1,1,-1
19525,[0.35882828 0.2294129 ],1,-1,-1,0,0
19526,[0.31373194 0.16603657],1,2,"[0.294379027732062, 0.1921773781634303]",0,0
19527,[0.64935807 0.62461854],3,3,"[0.6601234827680622, 0.6109507568947781]",1,-1
19528,[0.43468811 0.52874844],0,-1,-1,1,-1
19529,[0.33142555 0.10407957],1,-1,-1,0,0
19530,[0.24936225 0.19053289],1,2,"[0.294379027732062, 0.1921773781634303]",0,0
19531,[0.40520532 0.5785756 ],0,1,"[0.37965276877051146, 0.575157747726818]",1,-1
19532,[0.70751315 0.59077359],3,3,"[0.6601234827680622, 0.6109507568947781]",1,-1
19533,[0.25152995 0.24821008],1,-1,-1,0,0
19534,[0.29512845 0.30434672],1,-1,-1,0,0
19535,[0.23505608 0.15083612],1,-1,-1,0,0
19536,[0.34787011 0.62329884],0,1,"[0.37965276877051146, 0.575157747726818]",1,-1
19537,[0.83580806 0.76029943],2,-1,-1,1,-1
19538,[0.30425674 0.17668964],1,2,"[0.294379027732062, 0.1921773781634303]",0,0
19539,[0.36109817 0.17163163],1,2,"[0.294379027732062, 0.1921773781634303]",0,0
19540,[0.61684172 0.74287778],3,-1,-1,1,-1
19541,[0.86493756 0.6852294 ],2,-1,-1,1,-1
19542,[0.39983746 0.56611093],0,1,"[0.37965276877051146, 0.575157747726818]",1,-1
19543,[0.80959299 0.69645178],2,0,"[0.7890750777399501, 0.6799557517006445]",1,-1
19544,[0.72236458 0.62572557],2,3,"[0.6601234827680622, 0.6109507568947781]",1,-1
19545,[0.68409916 0.60347645],3,3,"[0.6601234827680622, 0.6109507568947781]",1,5
19546,[0.7200342  0.62281766],2,3,"[0.6601234827680622, 0.6109507568947781]",1,-1
19547,[0.72721324 0.6792795 ],3,0,"[0.7890750777399501, 0.6799557517006445]",1,-1
19548,[0.75412757 0.68955216],3,0,"[0.7890750777399501, 0.6799557517006445]",1,-1
19549,[0.79268275 0.6642673 ],2,0,"[0.7890750777399501, 0.6799557517006445]",1,-1
19550,[0.22829703 0.282154  ],1,-1,-1,0,0
19551,[0.41339611 0.58618908],0,1,"[0.37965276877051146, 0.575157747726818]",1,-1
19552,[0.30783407 0.13942193],1,2,"[0.294379027732062, 0.1921773781634303]",0,0
19553,[0.26077093 0.1935381 ],1,2,"[0.294379027732062, 0.1921773781634303]",0,0
19554,[0.27723335 0.16764482],1,2,"[0.294379027732062, 0.1921773781634303]",0,0
19555,[0.67967432 0.67675089],3,3,"[0.6601234827680622, 0.6109507568947781]",1,-1
19556,[0.67526952 0.57364547],3,3,"[0.6601234827680622, 0.6109507568947781]",1,-1
19557,[0.6448777  0.65020189],3,3,"[0.6601234827680622, 0.6109507568947781]",1,-1
19558,[0.69170804 0.55916544],3,3,"[0.6601234827680622, 0.6109507568947781]",1,-1
19559,[0.31969475 0.49279271],0,-1,-1,1,-1
19560,[0.36209435 0.58066582],0,1,"[0.37965276877051146, 0.575157747726818]",1,-1
19561,[0.36343135 0.62195022],0,1,"[0.37965276877051146, 0.575157747726818]",1,-1
19562,[0.19331686 0.14554287],1,-1,-1,0,0
19563,[0.66465859 0.61949938],3,3,"[0.6601234827680622, 0.6109507568947781]",1,7
19564,[0.77804905 0.73531401],2,0,"[0.7890750777399501, 0.6799557517006445]",1,-1
19565,[0.71733189 0.5797864 ],3,3,"[0.6601234827680622, 0.6109507568947781]",1,-1
19566,[0.8010752  0.65516874],2,0,"[0.7890750777399501, 0.6799557517006445]",1,-1
19567,[0.41743517 0.58007913],0,1,"[0.37965276877051146, 0.575157747726818]",1,-1
19568,[0.38948796 0.5590741 ],0,1,"[0.37965276877051146, 0.575157747726818]",1,-1
19569,[0.35032975 0.54483519],0,1,"[0.37965276877051146, 0.575157747726818]",1,-1
19570,[0.23665658 0.24141263],1,-1,-1,0,0
19571,[0.33275011 0.62755346],0,-1,-1,1,-1
19572,[0.83810159 0.67596284],2,0,"[0.7890750777399501, 0.6799557517006445]",1,-1
19573,[0.76103614 0.75328212],2,-1,-1,1,-1
19574,[0.32925942 0.20057831],1,2,"[0.294379027732062, 0.1921773781634303]",0,0
19575,[0.33078987 0.27679249],1,-1,-1,0,0
19576,[0.25703735 0.23528297],1,2,"[0.294379027732062, 0.1921773781634303]",0,0
19577,[0.63810418 0.55867982],3,3,"[0.6601234827680622, 0.6109507568947781]",1,-1
19578,[0.32210628 0.18806384],1,2,"[0.294379027732062, 0.1921773781634303]",0,0
19579,[0.70035687 0.54183142],3,-1,-1,1,-1
19580,[0.35617504 0.59799596],0,1,"[0.37965276877051146, 0.575157747726818]",1,-1
19581,[0.3198889  0.20915063],1,2,"[0.294379027732062, 0.1921773781634303]",0,0
19582,[0.28381371 0.19337681],1,2,"[0.294379027732062, 0.1921773781634303]",0,0
19583,[0.30965404 0.49041445],0,-1,-1,1,-1
19584,[0.37664934 0.60370691],0,1,"[0.37965276877051146, 0.575157747726818]",1,-1
19585,[0.69961244 0.63680204],3,3,"[0.6601234827680622, 0.6109507568947781]",1,-1
19586,[0.28948496 0.1693505 ],1,2,"[0.294379027732062, 0.1921773781634303]",0,0
19587,[0.76581869 0.62216199],2,0,"[0.7890750777399501, 0.6799557517006445]",1,-1
19588,[0.25237196 0.15537427],1,2,"[0.294379027732062, 0.1921773781634303]",0,0
19589,[0.66912846 0.62897863],3,3,"[0.6601234827680622, 0.6109507568947781]",1,7
19590,[0.32194471 0.12132981],1,-1,-1,0,0
19591,[0.28216943 0.19769333],1,2,"[0.294379027732062, 0.1921773781634303]",0,0
19592,[0.87423207 0.66014055],2,-1,-1,1,-1
19593,[0.41019797 0.59574409],0,1,"[0.37965276877051146, 0.575157747726818]",1,-1
19594,[0.33902316 0.30467127],1,-1,-1,0,0
19595,[0.33930916 0.22959052],1,2,"[0.294379027732062, 0.1921773781634303]",0,0
19596,[0.72288984 0.61992744],3,3,"[0.6601234827680622, 0.6109507568947781]",1,-1
19597,[0.61030001 0.6081789 ],3,3,"[0.6601234827680622, 0.6109507568947781]",1,-1
19598,[0.276212   0.11415276],1,-1,-1,0,0
19599,[0.69458927 0.58872059],3,3,"[0.6601234827680622, 0.6109507568947781]",1,-1
19600,[0.38836523 0.53084796],0,1,"[0.37965276877051146, 0.575157747726818]",1,-1
19601,[0.28777528 0.56568554],0,-1,-1,1,-1
19602,[0.61881931 0.54273194],3,-1,-1,1,-1
19603,[0.69638388 0.55616337],3,3,"[0.6601234827680622, 0.6109507568947781]",1,-1
19604,[0.32268184 0.18997441],1,2,"[0.294379027732062, 0.1921773781634303]",0,0
19605,[0.40160466 0.61117533],0,1,"[0.37965276877051146, 0.575157747726818]",1,-1
19606,[0.379459   0.17713407],1,-1,-1,0,0
19607,[0.22197559 0.22973247],1,-1,-1,0,0
19608,[0.90115944 0.72165855],2,-1,-1,1,-1
19609,[0.2879052  0.21854543],1,2,"[0.294379027732062, 0.1921773781634303]",0,0
19610,[0.39088669 0.20902221],1,-1,-1,0,0
19611,[0.73702617 0.70078964],3,0,"[0.7890750777399501, 0.6799557517006445]",1,-1
19612,[0.66563063 0.57458997],3,3,"[0.6601234827680622, 0.6109507568947781]",1,-1
19613,[0.31379411 0.12694413],1,2,"[0.294379027732062, 0.1921773781634303]",0,0
19614,[0.77127714 0.75805099],2,-1,-1,1,-1
19615,[0.20078462 0.19348902],1,-1,-1,0,0
19616,[0.40130604 0.58873921],0,1,"[0.37965276877051146, 0.575157747726818]",1,-1
19617,[0.23525465 0.1923676 ],1,2,"[0.294379027732062, 0.1921773781634303]",0,0
19618,[0.30616794 0.59590212],0,-1,-1,1,-1
19619,[0.3536208  0.24471093],1,-1,-1,0,0
19620,[0.31402893 0.57163803],0,1,"[0.37965276877051146, 0.575157747726818]",1,-1
19621,[0.65974965 0.62142881],3,3,"[0.6601234827680622, 0.6109507568947781]",1,7
19622,[0.34314172 0.10665672],1,-1,-1,0,0
19623,[0.74829469 0.56586273],3,-1,-1,1,-1
19624,[0.86430608 0.69536203],2,-1,-1,1,-1
19625,[0.28983032 0.61359712],0,-1,-1,1,-1
19626,[0.71280701 0.68910781],2,-1,-1,1,-1
19627,[0.34954104 0.49068005],0,-1,-1,1,-1
19628,[0.77441501 0.63203992],2,0,"[0.7890750777399501, 0.6799557517006445]",1,-1
19629,[0.61238535 0.54714775],3,-1,-1,1,-1
19630,[0.30208276 0.15391687],1,2,"[0.294379027732062, 0.1921773781634303]",0,0
19631,[0.82592572 0.68584218],2,0,"[0.7890750777399501, 0.6799557517006445]",1,-1
19632,[0.31475314 0.54562635],0,-1,-1,1,-1
19633,[0.71290735 0.62137106],3,3,"[0.6601234827680622, 0.6109507568947781]",1,-1
19634,[0.37858753 0.5290972 ],0,1,"[0.37965276877051146, 0.575157747726818]",1,-1
19635,[0.7196422  0.58991934],3,3,"[0.6601234827680622, 0.6109507568947781]",1,-1
19636,[0.27991914 0.19982177],1,2,"[0.294379027732062, 0.1921773781634303]",0,0
19637,[0.73192133 0.67024204],2,0,"[0.7890750777399501, 0.6799557517006445]",1,-1
19638,[0.71725123 0.63178424],2,3,"[0.6601234827680622, 0.6109507568947781]",1,-1
19639,[0.3852768 0.5634045],0,1,"[0.37965276877051146, 0.575157747726818]",1,-1
19640,[0.1704484  0.18699342],1,-1,-1,0,0
19641,[0.71384237 0.62553876],2,3,"[0.6601234827680622, 0.6109507568947781]",1,-1
19642,[0.68876445 0.53418291],3,-1,-1,1,-1
19643,[0.67972261 0.61888032],3,3,"[0.6601234827680622, 0.6109507568947781]",1,-1
19644,[0.30924995 0.20820045],1,2,"[0.294379027732062, 0.1921773781634303]",0,0
19645,[0.19014413 0.21785832],1,-1,-1,0,0
19646,[0.76660261 0.69197986],2,0,"[0.7890750777399501, 0.6799557517006445]",1,-1
19647,[0.33501263 0.59468051],0,1,"[0.37965276877051146, 0.575157747726818]",1,-1
19648,[0.38471173 0.66579447],0,-1,-1,1,-1
19649,[0.73342886 0.60356699],2,-1,-1,1,-1
19650,[0.77818938 0.78314828],2,-1,-1,1,-1
19651,[0.58937896 0.54071992],3,-1,-1,1,-1
19652,[0.87061901 0.65188989],2,-1,-1,1,-1
19653,[0.32200176 0.22685593],1,2,"[0.294379027732062, 0.1921773781634303]",0,0
19654,[0.30362282 0.13045863],1,2,"[0.294379027732062, 0.1921773781634303]",0,0
19655,[0.30363807 0.1716624 ],1,2,"[0.294379027732062, 0.1921773781634303]",0,0
19656,[0.27564352 0.50792971],0,-1,-1,1,-1
19657,[0.66437155 0.58594899],3,3,"[0.6601234827680622, 0.6109507568947781]",1,6
19658,[0.37261195 0.5878603 ],0,1,"[0.37965276877051146, 0.575157747726818]",1,-1
19659,[0.2944201  0.14049162],1,2,"[0.294379027732062, 0.1921773781634303]",0,0
19660,[0.74681525 0.73042172],2,0,"[0.7890750777399501, 0.6799557517006445]",1,-1
19661,[0.46598593 0.56491879],0,-1,-1,1,-1
19662,[0.67550709 0.65017908],3,3,"[0.6601234827680622, 0.6109507568947781]",1,-1
19663,[0.74820569 0.6468332 ],3,0,"[0.7890750777399501, 0.6799557517006445]",1,-1
19664,[0.34051971 0.58962304],0,1,"[0.37965276877051146, 0.575157747726818]",1,-1
19665,[0.23820471 0.18017256],1,2,"[0.294379027732062, 0.1921773781634303]",0,0
19666,[0.69554387 0.62280705],3,3,"[0.6601234827680622, 0.6109507568947781]",1,-1
19667,[0.65463319 0.4816196 ],3,-1,-1,1,-1
19668,[0.70861451 0.66318486],2,-1,-1,1,-1
19669,[0.79376727 0.73077747],2,0,"[0.7890750777399501, 0.6799557517006445]",1,-1
19670,[0.56057547 0.59631528],3,-1,-1,1,-1
19671,[0.26490847 0.17704066],1,2,"[0.294379027732062, 0.1921773781634303]",0,0
19672,[0.37763649 0.49198058],0,-1,-1,1,-1
19673,[0.27541133 0.20222786],1,2,"[0.294379027732062, 0.1921773781634303]",0,0
19674,[0.35317325 0.65124218],0,-1,-1,1,-1
19675,[0.37675122 0.17963114],1,-1,-1,0,0
19676,[0.80149484 0.69979011],2,0,"[0.7890750777399501, 0.6799557517006445]",1,-1
19677,[0.66831539 0.57561816],3,3,"[0.6601234827680622, 0.6109507568947781]",1,-1
19678,[0.68517272 0.60818464],3,3,"[0.6601234827680622, 0.6109507568947781]",1,5
19679,[0.66981324 0.63493458],3,3,"[0.6601234827680622, 0.6109507568947781]",1,-1
19680,[0.35061377 0.53952973],0,1,"[0.37965276877051146, 0.575157747726818]",1,-1
19681,[0.29445219 0.17471233],1,2,"[0.294379027732062, 0.1921773781634303]",0,0
19682,[0.34434783 0.62154751],0,1,"[0.37965276877051146, 0.575157747726818]",1,-1
19683,[0.67355859 0.70034651],3,-1,-1,1,-1
19684,[0.22055322 0.12633546],1,-1,-1,0,0
19685,[0.33250638 0.15818333],1,2,"[0.294379027732062, 0.1921773781634303]",0,0
19686,[0.70152953 0.72681201],2,-1,-1,1,-1
19687,[0.34839935 0.23348528],1,2,"[0.294379027732062, 0.1921773781634303]",0,0
19688,[0.64372508 0.52332477],3,-1,-1,1,-1
19689,[0.30726423 0.55439222],0,-1,-1,1,-1
19690,[0.3994957  0.52977518],0,1,"[0.37965276877051146, 0.575157747726818]",1,-1
19691,[0.41608305 0.55578468],0,1,"[0.37965276877051146, 0.575157747726818]",1,-1
19692,[0.30020598 0.26772386],1,-1,-1,0,0
19693,[0.67304565 0.50111382],2,-1,-1,1,-1
19694,[0.34400999 0.48884269],0,-1,-1,1,-1
19695,[0.81907948 0.62555107],2,0,"[0.7890750777399501, 0.6799557517006445]",1,-1
19696,[0.73798544 0.68340544],3,0,"[0.7890750777399501, 0.6799557517006445]",1,-1
19697,[0.85749706 0.67742803],2,0,"[0.7890750777399501, 0.6799557517006445]",1,-1
19698,[0.39772576 0.58772372],0,1,"[0.37965276877051146, 0.575157747726818]",1,-1
19699,[0.70354396 0.46017144],3,-1,-1,1,-1
19700,[0.35040192 0.15759822],1,2,"[0.294379027732062, 0.1921773781634303]",0,0
19701,[0.63465049 0.62496832],3,3,"[0.6601234827680622, 0.6109507568947781]",1,-1
19702,[0.20264992 0.12213296],1,-1,-1,0,0
19703,[0.76681618 0.75109036],2,-1,-1,1,-1
19704,[0.65560709 0.62483323],3,3,"[0.6601234827680622, 0.6109507568947781]",1,-1
19705,[0.76668455 0.59953851],3,-1,-1,1,-1
19706,[0.6803115  0.59139152],3,3,"[0.6601234827680622, 0.6109507568947781]",1,-1
19707,[0.65071274 0.58362626],3,3,"[0.6601234827680622, 0.6109507568947781]",1,-1
19708,[0.62046995 0.66404618],3,3,"[0.6601234827680622, 0.6109507568947781]",1,-1
19709,[0.66226831 0.56185512],3,3,"[0.6601234827680622, 0.6109507568947781]",1,-1
19710,[0.43585685 0.62893697],0,-1,-1,1,-1
19711,[0.39154955 0.60409901],0,1,"[0.37965276877051146, 0.575157747726818]",1,-1
19712,[0.80790686 0.60263301],2,-1,-1,1,-1
19713,[0.38260188 0.11585349],1,-1,-1,0,0
19714,[0.29162914 0.64050094],0,-1,-1,1,-1
19715,[0.33486103 0.24083155],1,2,"[0.294379027732062, 0.1921773781634303]",0,0
19716,[0.23918075 0.66945452],0,-1,-1,1,-1
19717,[0.43757001 0.57870179],0,1,"[0.37965276877051146, 0.575157747726818]",1,-1
19718,[0.65320682 0.73724919],3,-1,-1,1,-1
19719,[0.24578075 0.16604829],1,2,"[0.294379027732062, 0.1921773781634303]",0,0
19720,[0.3407309  0.49064955],0,-1,-1,1,-1
19721,[0.34698645 0.61031341],0,1,"[0.37965276877051146, 0.575157747726818]",1,-1
19722,[0.6217522  0.61974001],3,3,"[0.6601234827680622, 0.6109507568947781]",1,-1
19723,[0.27792327 0.62957241],0,-1,-1,1,-1
19724,[0.29423041 0.19655782],1,2,"[0.294379027732062, 0.1921773781634303]",0,0
19725,[0.78847335 0.73186642],2,0,"[0.7890750777399501, 0.6799557517006445]",1,-1
19726,[0.80437738 0.64657091],2,0,"[0.7890750777399501, 0.6799557517006445]",1,-1
19727,[0.5597564  0.62746664],3,-1,-1,1,-1
19728,[0.30379135 0.23640102],1,2,"[0.294379027732062, 0.1921773781634303]",0,0
19729,[0.36066063 0.15011257],1,-1,-1,0,0
19730,[0.75396859 0.70225195],2,0,"[0.7890750777399501, 0.6799557517006445]",1,-1
19731,[0.16208788 0.26209078],1,-1,-1,0,0
19732,[0.81427019 0.62057138],2,0,"[0.7890750777399501, 0.6799557517006445]",1,-1
19733,[0.22445206 0.12583546],1,-1,-1,0,0
19734,[0.29848568 0.20060731],1,2,"[0.294379027732062, 0.1921773781634303]",0,0
19735,[0.70652589 0.70731151],2,-1,-1,1,-1
19736,[0.31722076 0.23713962],1,2,"[0.294379027732062, 0.1921773781634303]",0,0
19737,[0.6444828  0.63319929],3,3,"[0.6601234827680622, 0.6109507568947781]",1,-1
19738,[0.40232632 0.60857077],0,1,"[0.37965276877051146, 0.575157747726818]",1,-1
19739,[0.34553807 0.19796091],1,2,"[0.294379027732062, 0.1921773781634303]",0,0
19740,[0.83430889 0.73619437],2,-1,-1,1,-1
19741,[0.84496284 0.67287524],2,0,"[0.7890750777399501, 0.6799557517006445]",1,-1
19742,[0.76866708 0.7120314 ],2,0,"[0.7890750777399501, 0.6799557517006445]",1,-1
19743,[0.40197243 0.64000294],0,1,"[0.37965276877051146, 0.575157747726818]",1,-1
19744,[0.45903177 0.53028285],0,-1,-1,1,-1
19745,[0.71689274 0.70693591],2,-1,-1,1,-1
19746,[0.80289437 0.68813457],2,0,"[0.7890750777399501, 0.6799557517006445]",1,-1
19747,[0.82242946 0.70845779],2,0,"[0.7890750777399501, 0.6799557517006445]",1,-1
19748,[0.64239322 0.51882566],3,-1,-1,1,-1
19749,[0.24993598 0.17504587],1,2,"[0.294379027732062, 0.1921773781634303]",0,0
19750,[0.70200643 0.65403885],3,3,"[0.6601234827680622, 0.6109507568947781]",1,-1
19751,[0.40153968 0.59873269],0,1,"[0.37965276877051146, 0.575157747726818]",1,-1
19752,[0.76152692 0.7199058 ],2,0,"[0.7890750777399501, 0.6799557517006445]",1,-1
19753,[0.29966888 0.22166709],1,2,"[0.294379027732062, 0.1921773781634303]",0,0
19754,[0.84825395 0.65963828],2,0,"[0.7890750777399501, 0.6799557517006445]",1,-1
19755,[0.33455945 0.14244239],1,2,"[0.294379027732062, 0.1921773781634303]",0,0
19756,[0.36675093 0.17545705],1,-1,-1,0,0
19757,[0.33539644 0.51528147],0,-1,-1,1,-1
19758,[0.22370549 0.1589054 ],1,-1,-1,0,0
19759,[0.35559571 0.20177148],1,2,"[0.294379027732062, 0.1921773781634303]",0,0
19760,[0.68955042 0.54088098],3,-1,-1,1,-1
19761,[0.36813031 0.55699964],0,1,"[0.37965276877051146, 0.575157747726818]",1,-1
19762,[0.75865413 0.6057211 ],2,-1,-1,1,-1
19763,[0.63984474 0.61953611],3,3,"[0.6601234827680622, 0.6109507568947781]",1,6
19764,[0.34384179 0.57255949],0,1,"[0.37965276877051146, 0.575157747726818]",1,-1
19765,[0.69153299 0.6850614 ],3,-1,-1,1,-1
19766,[0.83678191 0.6806359 ],2,0,"[0.7890750777399501, 0.6799557517006445]",1,-1
19767,[0.31863913 0.57773598],0,1,"[0.37965276877051146, 0.575157747726818]",1,-1
19768,[0.87601409 0.69558337],2,-1,-1,1,-1
19769,[0.30079315 0.55616755],0,-1,-1,1,-1
19770,[0.74144182 0.73967156],2,-1,-1,1,-1
19771,[0.63907313 0.61893666],3,3,"[0.6601234827680622, 0.6109507568947781]",1,6
19772,[0.38452945 0.17807378],1,-1,-1,0,0
19773,[0.31698114 0.08074037],1,-1,-1,0,0
19774,[0.39841905 0.58197286],0,1,"[0.37965276877051146, 0.575157747726818]",1,-1
19775,[0.78811306 0.75223021],2,-1,-1,1,-1
19776,[0.20830902 0.18446269],1,-1,-1,0,0
19777,[0.69272438 0.56367279],3,3,"[0.6601234827680622, 0.6109507568947781]",1,-1
19778,[0.23793425 0.27257017],1,-1,-1,0,0
19779,[0.37690054 0.14551461],1,-1,-1,0,0
19780,[0.3880382  0.54505876],0,1,"[0.37965276877051146, 0.575157747726818]",1,-1
19781,[0.69210394 0.58643367],3,3,"[0.6601234827680622, 0.6109507568947781]",1,-1
19782,[0.81354361 0.71928526],2,0,"[0.7890750777399501, 0.6799557517006445]",1,-1
19783,[0.25622634 0.13635557],1,2,"[0.294379027732062, 0.1921773781634303]",0,0
19784,[0.70049598 0.6679144 ],3,3,"[0.6601234827680622, 0.6109507568947781]",1,-1
19785,[0.59303048 0.58815839],3,-1,-1,1,-1
19786,[0.35803365 0.65077196],0,-1,-1,1,-1
19787,[0.78400197 0.59857721],2,-1,-1,1,-1
19788,[0.81843017 0.63897987],2,0,"[0.7890750777399501, 0.6799557517006445]",1,-1
19789,[0.32312933 0.19256966],1,2,"[0.294379027732062, 0.1921773781634303]",0,0
19790,[0.6481156 0.6195091],3,3,"[0.6601234827680622, 0.6109507568947781]",1,-1
19791,[0.59463214 0.66437777],3,-1,-1,1,-1
19792,[0.73611815 0.63668848],2,0,"[0.7890750777399501, 0.6799557517006445]",1,-1
19793,[0.58812947 0.66279129],3,-1,-1,1,-1
19794,[0.27645108 0.22574666],1,2,"[0.294379027732062, 0.1921773781634303]",0,0
19795,[0.40647305 0.58725893],0,1,"[0.37965276877051146, 0.575157747726818]",1,-1
19796,[0.31680977 0.22937967],1,2,"[0.294379027732062, 0.1921773781634303]",0,0
19797,[0.36524912 0.63170787],0,1,"[0.37965276877051146, 0.575157747726818]",1,-1
19798,[0.37657778 0.60277999],0,1,"[0.37965276877051146, 0.575157747726818]",1,-1
19799,[0.71110697 0.57246987],3,3,"[0.6601234827680622, 0.6109507568947781]",1,-1
19800,[0.58205772 0.5674596 ],3,-1,-1,1,-1
19801,[0.33725312 0.24846136],1,-1,-1,0,0
19802,[0.37944789 0.51730471],0,1,"[0.37965276877051146, 0.575157747726818]",1,-1
19803,[0.27245593 0.19803377],1,2,"[0.294379027732062, 0.1921773781634303]",0,0
19804,[0.35560625 0.59841675],0,1,"[0.37965276877051146, 0.575157747726818]",1,-1
19805,[0.26531067 0.11072056],1,-1,-1,0,0
19806,[0.36049618 0.55746106],0,1,"[0.37965276877051146, 0.575157747726818]",1,-1
19807,[0.3323666  0.20950505],1,2,"[0.294379027732062, 0.1921773781634303]",0,0
19808,[0.72446863 0.68458532],2,0,"[0.7890750777399501, 0.6799557517006445]",1,-1
19809,[0.24869878 0.17144828],1,2,"[0.294379027732062, 0.1921773781634303]",0,0
19810,[0.23414246 0.20339963],1,2,"[0.294379027732062, 0.1921773781634303]",0,0
19811,[0.49159698 0.5524904 ],0,-1,-1,1,-1
19812,[0.40688941 0.48724886],0,-1,-1,1,-1
19813,[0.71768196 0.67525412],2,-1,-1,1,-1
19814,[0.68940099 0.68465713],3,-1,-1,1,-1
19815,[0.40101639 0.50587388],0,-1,-1,1,-1
19816,[0.64257634 0.55809923],3,3,"[0.6601234827680622, 0.6109507568947781]",1,-1
19817,[0.3393337  0.15275394],1,2,"[0.294379027732062, 0.1921773781634303]",0,0
19818,[0.32627322 0.22925268],1,2,"[0.294379027732062, 0.1921773781634303]",0,0
19819,[0.68873647 0.68229261],3,-1,-1,1,-1
19820,[0.65085219 0.6641465 ],3,3,"[0.6601234827680622, 0.6109507568947781]",1,-1
19821,[0.40450455 0.22659014],1,-1,-1,0,0
19822,[0.34480815 0.57932443],0,1,"[0.37965276877051146, 0.575157747726818]",1,-1
19823,[0.32468776 0.61011031],0,1,"[0.37965276877051146, 0.575157747726818]",1,-1
19824,[0.3187748  0.18751143],1,2,"[0.294379027732062, 0.1921773781634303]",0,0
19825,[0.33738706 0.16710426],1,2,"[0.294379027732062, 0.1921773781634303]",0,0
19826,[0.61561973 0.5931315 ],3,3,"[0.6601234827680622, 0.6109507568947781]",1,-1
19827,[0.30841342 0.17051035],1,2,"[0.294379027732062, 0.1921773781634303]",0,0
19828,[0.38824269 0.57311437],0,1,"[0.37965276877051146, 0.575157747726818]",1,2
19829,[0.78700432 0.70447663],2,0,"[0.7890750777399501, 0.6799557517006445]",1,-1
19830,[0.3484575  0.18522812],1,2,"[0.294379027732062, 0.1921773781634303]",0,0
19831,[0.34320621 0.24189668],1,2,"[0.294379027732062, 0.1921773781634303]",0,0
19832,[0.55467641 0.64251138],3,-1,-1,1,-1
19833,[0.67493673 0.63506476],3,3,"[0.6601234827680622, 0.6109507568947781]",1,-1
19834,[0.70325231 0.61408772],3,3,"[0.6601234827680622, 0.6109507568947781]",1,-1
19835,[0.80427211 0.71733477],2,0,"[0.7890750777399501, 0.6799557517006445]",1,-1
19836,[0.38071625 0.63428436],0,1,"[0.37965276877051146, 0.575157747726818]",1,-1
19837,[0.89996353 0.58070487],2,-1,-1,1,-1
19838,[0.26707815 0.13358633],1,2,"[0.294379027732062, 0.1921773781634303]",0,0
19839,[0.6773694 0.7289547],2,-1,-1,1,-1
19840,[0.39674541 0.53696677],0,1,"[0.37965276877051146, 0.575157747726818]",1,-1
19841,[0.85020265 0.6886217 ],2,0,"[0.7890750777399501, 0.6799557517006445]",1,-1
19842,[0.78718901 0.67977196],2,0,"[0.7890750777399501, 0.6799557517006445]",1,-1
19843,[0.64518481 0.53744846],3,-1,-1,1,-1
19844,[0.34629077 0.17513147],1,2,"[0.294379027732062, 0.1921773781634303]",0,0
19845,[0.7457191  0.78064455],2,-1,-1,1,-1
19846,[0.48896316 0.51483124],0,-1,-1,1,-1
19847,[0.36904921 0.5736589 ],0,1,"[0.37965276877051146, 0.575157747726818]",1,1
19848,[0.27667559 0.13624328],1,2,"[0.294379027732062, 0.1921773781634303]",0,0
19849,[0.69424391 0.64035257],3,3,"[0.6601234827680622, 0.6109507568947781]",1,-1
19850,[0.23491221 0.12549399],1,-1,-1,0,0
19851,[0.81708723 0.64953536],2,0,"[0.7890750777399501, 0.6799557517006445]",1,-1
19852,[0.65224248 0.6811007 ],3,-1,-1,1,-1
19853,[0.23200546 0.20834782],1,2,"[0.294379027732062, 0.1921773781634303]",0,0
19854,[0.67135632 0.7110388 ],3,-1,-1,1,-1
19855,[0.35878605 0.53744564],0,1,"[0.37965276877051146, 0.575157747726818]",1,-1
19856,[0.27778461 0.25705415],1,2,"[0.294379027732062, 0.1921773781634303]",0,0
19857,[0.3475837  0.48182025],0,-1,-1,1,-1
19858,[0.3481137  0.56070883],0,1,"[0.37965276877051146, 0.575157747726818]",1,-1
19859,[0.3993949  0.49997011],0,-1,-1,1,-1
19860,[0.80369943 0.77120485],2,-1,-1,1,-1
19861,[0.22922562 0.17581565],1,2,"[0.294379027732062, 0.1921773781634303]",0,0
19862,[0.67559485 0.56724156],3,3,"[0.6601234827680622, 0.6109507568947781]",1,-1
19863,[0.29119261 0.17421556],1,2,"[0.294379027732062, 0.1921773781634303]",0,0
19864,[0.78079771 0.69796744],2,0,"[0.7890750777399501, 0.6799557517006445]",1,-1
19865,[0.24190875 0.25479007],1,-1,-1,0,0
19866,[0.84844613 0.67993085],2,0,"[0.7890750777399501, 0.6799557517006445]",1,-1
19867,[0.32177291 0.27590743],1,-1,-1,0,0
19868,[0.43435172 0.62581951],0,-1,-1,1,-1
19869,[0.61040498 0.6388009 ],3,3,"[0.6601234827680622, 0.6109507568947781]",1,-1
19870,[0.70124791 0.56055966],3,3,"[0.6601234827680622, 0.6109507568947781]",1,-1
19871,[0.36166623 0.48213801],0,-1,-1,1,-1
19872,[0.54902931 0.62778816],0,-1,-1,1,-1
19873,[0.7467151  0.71865694],3,0,"[0.7890750777399501, 0.6799557517006445]",1,-1
19874,[0.68210772 0.65867816],3,3,"[0.6601234827680622, 0.6109507568947781]",1,-1
19875,[0.40805497 0.61672401],0,1,"[0.37965276877051146, 0.575157747726818]",1,-1
19876,[0.59604081 0.63823408],3,3,"[0.6601234827680622, 0.6109507568947781]",1,-1
19877,[0.27832388 0.1804584 ],1,2,"[0.294379027732062, 0.1921773781634303]",0,0
19878,[0.29911088 0.12436737],1,2,"[0.294379027732062, 0.1921773781634303]",0,0
19879,[0.26958186 0.1727465 ],1,2,"[0.294379027732062, 0.1921773781634303]",0,0
19880,[0.75216268 0.62473447],2,0,"[0.7890750777399501, 0.6799557517006445]",1,-1
19881,[0.29442801 0.213772  ],1,2,"[0.294379027732062, 0.1921773781634303]",0,0
19882,[0.33198462 0.2563418 ],1,-1,-1,0,0
19883,[0.34575902 0.52594184],0,1,"[0.37965276877051146, 0.575157747726818]",1,-1
19884,[0.40811925 0.55299775],0,1,"[0.37965276877051146, 0.575157747726818]",1,-1
19885,[0.29074057 0.18977533],1,2,"[0.294379027732062, 0.1921773781634303]",0,0
19886,[0.71557622 0.6142333 ],3,3,"[0.6601234827680622, 0.6109507568947781]",1,-1
19887,[0.37383843 0.15375765],1,-1,-1,0,0
19888,[0.39194515 0.12971237],1,-1,-1,0,0
19889,[0.81933812 0.75995696],2,-1,-1,1,-1
19890,[0.78625292 0.72116368],2,0,"[0.7890750777399501, 0.6799557517006445]",1,-1
19891,[0.2590359  0.63478602],0,-1,-1,1,-1
19892,[0.36538056 0.61689108],0,1,"[0.37965276877051146, 0.575157747726818]",1,-1
19893,[0.41472969 0.50364089],0,-1,-1,1,-1
19894,[0.69427779 0.6537116 ],3,3,"[0.6601234827680622, 0.6109507568947781]",1,-1
19895,[0.29939147 0.24010196],1,2,"[0.294379027732062, 0.1921773781634303]",0,0
19896,[0.83456873 0.71705978],2,0,"[0.7890750777399501, 0.6799557517006445]",1,-1
19897,[0.48572093 0.60977675],0,-1,-1,1,-1
19898,[0.71492967 0.66534208],3,-1,-1,1,-1
19899,[0.60446127 0.59617742],3,3,"[0.6601234827680622, 0.6109507568947781]",1,-1
19900,[0.36557353 0.53172627],0,1,"[0.37965276877051146, 0.575157747726818]",1,-1
19901,[0.73030281 0.62901745],3,-1,-1,1,-1
19902,[0.74236449 0.58289472],3,-1,-1,1,-1
19903,[0.73641068 0.69532665],3,0,"[0.7890750777399501, 0.6799557517006445]",1,-1
19904,[0.31472968 0.64378703],0,-1,-1,1,-1
19905,[0.85179478 0.64593715],2,-1,-1,1,-1
19906,[0.42204895 0.55725885],0,1,"[0.37965276877051146, 0.575157747726818]",1,-1
19907,[0.40640191 0.62354142],0,1,"[0.37965276877051146, 0.575157747726818]",1,-1
19908,[0.45347814 0.48344015],0,-1,-1,1,-1
19909,[0.40370045 0.47370153],0,-1,-1,1,-1
19910,[0.6806476  0.61921011],3,3,"[0.6601234827680622, 0.6109507568947781]",1,-1
19911,[0.79286241 0.74423399],2,0,"[0.7890750777399501, 0.6799557517006445]",1,-1
19912,[0.62817433 0.60614423],3,3,"[0.6601234827680622, 0.6109507568947781]",1,-1
19913,[0.34855352 0.51140101],0,-1,-1,1,-1
19914,[0.80450205 0.66240759],2,0,"[0.7890750777399501, 0.6799557517006445]",1,-1
19915,[0.22185738 0.18536886],1,-1,-1,0,0
19916,[0.35796884 0.54890383],0,1,"[0.37965276877051146, 0.575157747726818]",1,-1
19917,[0.64674175 0.53625012],3,-1,-1,1,-1
19918,[0.70889853 0.64035715],2,3,"[0.6601234827680622, 0.6109507568947781]",1,-1
19919,[0.7420622  0.58559937],2,-1,-1,1,-1
19920,[0.74051868 0.74388023],2,-1,-1,1,-1
19921,[0.22129667 0.17032545],1,-1,-1,0,0
19922,[0.69279908 0.62552052],3,3,"[0.6601234827680622, 0.6109507568947781]",1,7
19923,[0.17748305 0.28405709],1,-1,-1,0,0
19924,[0.67471999 0.61049403],3,3,"[0.6601234827680622, 0.6109507568947781]",1,-1
19925,[0.39394201 0.54974482],0,1,"[0.37965276877051146, 0.575157747726818]",1,-1
19926,[0.31784521 0.56590429],0,1,"[0.37965276877051146, 0.575157747726818]",1,-1
19927,[0.68493835 0.61607013],3,3,"[0.6601234827680622, 0.6109507568947781]",1,5
19928,[0.6407902  0.55905208],3,3,"[0.6601234827680622, 0.6109507568947781]",1,-1
19929,[0.31406726 0.60454896],0,-1,-1,1,-1
19930,[0.27903622 0.22407755],1,2,"[0.294379027732062, 0.1921773781634303]",0,0
19931,[0.21985817 0.17009797],1,-1,-1,0,0
19932,[0.77456175 0.74591809],2,0,"[0.7890750777399501, 0.6799557517006445]",1,-1
19933,[0.22501602 0.24990808],1,-1,-1,0,0
19934,[0.62333746 0.67876224],3,-1,-1,1,-1
19935,[0.20967885 0.18730329],1,-1,-1,0,0
19936,[0.65137966 0.61048166],3,3,"[0.6601234827680622, 0.6109507568947781]",1,6
19937,[0.3553331  0.54852552],0,1,"[0.37965276877051146, 0.575157747726818]",1,-1
19938,[0.65867458 0.59418673],3,3,"[0.6601234827680622, 0.6109507568947781]",1,-1
19939,[0.381443   0.61253637],0,1,"[0.37965276877051146, 0.575157747726818]",1,-1
19940,[0.33840158 0.26415191],1,-1,-1,0,0
19941,[0.3830365  0.62020601],0,1,"[0.37965276877051146, 0.575157747726818]",1,-1
19942,[0.69648809 0.55860175],3,3,"[0.6601234827680622, 0.6109507568947781]",1,-1
19943,[0.77271454 0.69017218],2,0,"[0.7890750777399501, 0.6799557517006445]",1,-1
19944,[0.35656619 0.58804405],0,1,"[0.37965276877051146, 0.575157747726818]",1,-1
19945,[0.67605984 0.70037895],3,-1,-1,1,-1
19946,[0.40179845 0.58010204],0,1,"[0.37965276877051146, 0.575157747726818]",1,-1
19947,[0.29854049 0.52684943],0,-1,-1,1,-1
19948,[0.83046269 0.70893945],2,0,"[0.7890750777399501, 0.6799557517006445]",1,-1
19949,[0.2431     0.11202268],1,-1,-1,0,0
19950,[0.64338522 0.63879736],3,3,"[0.6601234827680622, 0.6109507568947781]",1,-1
19951,[0.63898302 0.62538905],3,3,"[0.6601234827680622, 0.6109507568947781]",1,-1
19952,[0.30356651 0.22043181],1,2,"[0.294379027732062, 0.1921773781634303]",0,0
19953,[0.37017251 0.5782218 ],0,1,"[0.37965276877051146, 0.575157747726818]",1,1
19954,[0.33706789 0.17618221],1,2,"[0.294379027732062, 0.1921773781634303]",0,0
19955,[0.42836346 0.5156887 ],0,-1,-1,1,-1
19956,[0.74143832 0.69565146],2,0,"[0.7890750777399501, 0.6799557517006445]",1,-1
19957,[0.64062284 0.60326713],3,3,"[0.6601234827680622, 0.6109507568947781]",1,-1
19958,[0.34290232 0.23563717],1,2,"[0.294379027732062, 0.1921773781634303]",0,0
19959,[0.40121909 0.57373446],0,1,"[0.37965276877051146, 0.575157747726818]",1,-1
19960,[0.83571911 0.74237455],2,-1,-1,1,-1
19961,[0.28091899 0.59928577],0,-1,-1,1,-1
19962,[0.25711884 0.1625952 ],1,2,"[0.294379027732062, 0.1921773781634303]",0,0
19963,[0.690944   0.64233451],3,3,"[0.6601234827680622, 0.6109507568947781]",1,-1
19964,[0.36078183 0.20063934],1,2,"[0.294379027732062, 0.1921773781634303]",0,0
19965,[0.36051037 0.54531752],0,1,"[0.37965276877051146, 0.575157747726818]",1,1
19966,[0.84247227 0.61767014],2,-1,-1,1,-1
19967,[0.77842816 0.66873387],2,0,"[0.7890750777399501, 0.6799557517006445]",1,3
19968,[0.59505321 0.64258527],3,-1,-1,1,-1
19969,[0.38657011 0.54552162],0,1,"[0.37965276877051146, 0.575157747726818]",1,-1
19970,[0.5889307  0.75997188],3,-1,-1,1,-1
19971,[0.36642014 0.24207331],1,-1,-1,0,0
19972,[0.27355873 0.11045775],1,-1,-1,0,0
19973,[0.25568457 0.25481979],1,-1,-1,0,0
19974,[0.32877845 0.6463772 ],0,-1,-1,1,-1
19975,[0.34532309 0.55580523],0,1,"[0.37965276877051146, 0.575157747726818]",1,-1
19976,[0.38299497 0.20861093],1,-1,-1,0,0
19977,[0.66296234 0.68980733],3,-1,-1,1,-1
19978,[0.3910503  0.57762621],0,1,"[0.37965276877051146, 0.575157747726818]",1,-1
19979,[0.31307156 0.15680225],1,2,"[0.294379027732062, 0.1921773781634303]",0,0
19980,[0.88665824 0.67064589],2,-1,-1,1,-1
19981,[0.59917024 0.55580768],3,-1,-1,1,-1
19982,[0.69469245 0.58142589],3,3,"[0.6601234827680622, 0.6109507568947781]",1,-1
19983,[0.77457254 0.60596351],2,-1,-1,1,-1
19984,[0.4178013  0.61444765],0,1,"[0.37965276877051146, 0.575157747726818]",1,-1
19985,[0.67819444 0.64990669],3,3,"[0.6601234827680622, 0.6109507568947781]",1,-1
19986,[0.26575708 0.21851148],1,2,"[0.294379027732062, 0.1921773781634303]",0,0
19987,[0.25138834 0.1266713 ],1,-1,-1,0,0
19988,[0.40084147 0.52622117],0,1,"[0.37965276877051146, 0.575157747726818]",1,-1
19989,[0.68792894 0.62422256],3,3,"[0.6601234827680622, 0.6109507568947781]",1,7
19990,[0.32523469 0.5929508 ],0,1,"[0.37965276877051146, 0.575157747726818]",1,-1
19991,[0.79132659 0.67160445],2,0,"[0.7890750777399501, 0.6799557517006445]",1,4
19992,[0.64645267 0.62750093],3,3,"[0.6601234827680622, 0.6109507568947781]",1,-1
19993,[0.32939065 0.23271991],1,2,"[0.294379027732062, 0.1921773781634303]",0,0
19994,[0.30569709 0.65266734],0,-1,-1,1,-1
19995,[0.36756129 0.60605789],0,1,"[0.37965276877051146, 0.575157747726818]",1,-1
19996,[0.21432054 0.140315  ],1,-1,-1,0,0
19997,[0.36294348 0.22448028],1,-1,-1,0,0
19998,[0.38093658 0.60106392],0,1,"[0.37965276877051146, 0.575157747726818]",1,-1
19999,[0.85798911 0.67594986],2,0,"[0.7890750777399501, 0.6799557517006445]",1,-1
20000,[0.73080798 0.63876197],3,-1,-1,1,-1
20001,[0.33091058 0.12291375],1,-1,-1,0,0
20002,[0.27407204 0.26168759],1,-1,-1,0,0
20003,[0.3635606  0.67480747],0,-1,-1,1,-1
20004,[0.7927946  0.66570244],2,0,"[0.7890750777399501, 0.6799557517006445]",1,-1
20005,[0.72451071 0.68947004],3,0,"[0.7890750777399501, 0.6799557517006445]",1,-1
20006,[0.72242114 0.69689408],2,0,"[0.7890750777399501, 0.6799557517006445]",1,-1
20007,[0.7480701  0.65263074],2,0,"[0.7890750777399501, 0.6799557517006445]",1,-1
20008,[0.34085306 0.52202509],0,1,"[0.37965276877051146, 0.575157747726818]",1,-1
20009,[0.81818295 0.67159377],2,0,"[0.7890750777399501, 0.6799557517006445]",1,-1
20010,[0.35640161 0.60608149],0,1,"[0.37965276877051146, 0.575157747726818]",1,-1
20011,[0.37296309 0.57838257],0,1,"[0.37965276877051146, 0.575157747726818]",1,1
20012,[0.81153235 0.69202101],2,0,"[0.7890750777399501, 0.6799557517006445]",1,-1
20013,[0.36063011 0.26780751],1,-1,-1,0,0
20014,[0.84497982 0.68053708],2,0,"[0.7890750777399501, 0.6799557517006445]",1,-1
20015,[0.65714191 0.6754773 ],3,3,"[0.6601234827680622, 0.6109507568947781]",1,-1
20016,[0.34359405 0.54046041],0,1,"[0.37965276877051146, 0.575157747726818]",1,-1
20017,[0.86253059 0.72551886],2,-1,-1,1,-1
20018,[0.41646797 0.58025488],0,1,"[0.37965276877051146, 0.575157747726818]",1,-1
20019,[0.82010782 0.68360606],2,0,"[0.7890750777399501, 0.6799557517006445]",1,-1
20020,[0.70789174 0.62408264],3,3,"[0.6601234827680622, 0.6109507568947781]",1,-1
20021,[0.78872743 0.69719012],2,0,"[0.7890750777399501, 0.6799557517006445]",1,-1
20022,[0.34047632 0.62184613],0,1,"[0.37965276877051146, 0.575157747726818]",1,-1
20023,[0.35763534 0.56370905],0,1,"[0.37965276877051146, 0.575157747726818]",1,-1
20024,[0.67703581 0.64108619],3,3,"[0.6601234827680622, 0.6109507568947781]",1,-1
20025,[0.63760895 0.51067823],3,-1,-1,1,-1
20026,[0.30370771 0.13327631],1,2,"[0.294379027732062, 0.1921773781634303]",0,0
20027,[0.82453687 0.6577868 ],2,0,"[0.7890750777399501, 0.6799557517006445]",1,-1
20028,[0.25596342 0.19427558],1,2,"[0.294379027732062, 0.1921773781634303]",0,0
20029,[0.389086   0.57330335],0,1,"[0.37965276877051146, 0.575157747726818]",1,2
20030,[0.34698946 0.59495155],0,1,"[0.37965276877051146, 0.575157747726818]",1,-1
20031,[0.30476712 0.07833884],1,-1,-1,0,0
20032,[0.30712873 0.592438  ],0,-1,-1,1,-1
20033,[0.91637721 0.75744257],2,-1,-1,1,-1
20034,[0.26944558 0.26877243],1,-1,-1,0,0
20035,[0.30641036 0.55134159],0,-1,-1,1,-1
20036,[0.30682248 0.60024093],0,-1,-1,1,-1
20037,[0.72928044 0.62186245],3,-1,-1,1,-1
20038,[0.6338591  0.51731831],3,-1,-1,1,-1
20039,[0.77773403 0.64439006],2,0,"[0.7890750777399501, 0.6799557517006445]",1,-1
20040,[0.38513378 0.48870239],0,-1,-1,1,-1
20041,[0.73510064 0.6275792 ],2,-1,-1,1,-1
20042,[0.41431506 0.49436059],0,-1,-1,1,-1
20043,[0.38364506 0.55108596],0,1,"[0.37965276877051146, 0.575157747726818]",1,-1
20044,[0.23013385 0.2624539 ],1,-1,-1,0,0
20045,[0.75304842 0.6494283 ],2,0,"[0.7890750777399501, 0.6799557517006445]",1,-1
20046,[0.79319001 0.67790955],2,0,"[0.7890750777399501, 0.6799557517006445]",1,4
20047,[0.31482028 0.20305629],1,2,"[0.294379027732062, 0.1921773781634303]",0,0
20048,[0.64078616 0.72349676],3,-1,-1,1,-1
20049,[0.75129723 0.62102824],3,0,"[0.7890750777399501, 0.6799557517006445]",1,-1
20050,[0.67620536 0.59012717],3,3,"[0.6601234827680622, 0.6109507568947781]",1,-1
20051,[0.28880526 0.09825261],1,-1,-1,0,0
20052,[0.25080005 0.21370199],1,2,"[0.294379027732062, 0.1921773781634303]",0,0
20053,[0.39389281 0.60952048],0,1,"[0.37965276877051146, 0.575157747726818]",1,-1
20054,[0.74220264 0.68136741],2,0,"[0.7890750777399501, 0.6799557517006445]",1,-1
20055,[0.67793844 0.59645763],3,3,"[0.6601234827680622, 0.6109507568947781]",1,-1
20056,[0.81412055 0.68965274],2,0,"[0.7890750777399501, 0.6799557517006445]",1,4
20057,[0.88942522 0.6387294 ],2,-1,-1,1,-1
20058,[0.26974233 0.2602293 ],1,-1,-1,0,0
20059,[0.33115367 0.17578576],1,2,"[0.294379027732062, 0.1921773781634303]",0,0
20060,[0.7996947  0.68486161],2,0,"[0.7890750777399501, 0.6799557517006445]",1,-1
20061,[0.80528213 0.67387737],2,0,"[0.7890750777399501, 0.6799557517006445]",1,4
20062,[0.37783989 0.19547893],1,-1,-1,0,0
20063,[0.75595639 0.68063682],2,0,"[0.7890750777399501, 0.6799557517006445]",1,-1
20064,[0.67039798 0.62418021],3,3,"[0.6601234827680622, 0.6109507568947781]",1,7
20065,[0.24941835 0.19550035],1,2,"[0.294379027732062, 0.1921773781634303]",0,0
20066,[0.23980426 0.18798204],1,2,"[0.294379027732062, 0.1921773781634303]",0,0
20067,[0.33271579 0.51595445],0,-1,-1,1,-1
20068,[0.27537807 0.19846859],1,2,"[0.294379027732062, 0.1921773781634303]",0,0
20069,[0.77628317 0.70382403],2,0,"[0.7890750777399501, 0.6799557517006445]",1,-1
20070,[0.58518472 0.64873093],3,-1,-1,1,-1
20071,[0.87847558 0.63116925],2,-1,-1,1,-1
20072,[0.68883014 0.68471453],2,-1,-1,1,-1
20073,[0.82295891 0.64638377],2,0,"[0.7890750777399501, 0.6799557517006445]",1,-1
20074,[0.3562068  0.16515969],1,2,"[0.294379027732062, 0.1921773781634303]",0,0
20075,[0.79855917 0.67508892],2,0,"[0.7890750777399501, 0.6799557517006445]",1,-1
20076,[0.22592226 0.16226076],1,-1,-1,0,0
20077,[0.36616294 0.20935066],1,-1,-1,0,0
20078,[0.63643023 0.52713219],3,-1,-1,1,-1
20079,[0.66297963 0.60117085],3,3,"[0.6601234827680622, 0.6109507568947781]",1,-1
20080,[0.16260209 0.124681  ],1,-1,-1,0,0
20081,[0.2969552  0.21368555],1,2,"[0.294379027732062, 0.1921773781634303]",0,0
20082,[0.68859147 0.51963951],3,-1,-1,1,-1
20083,[0.68543266 0.54006776],3,-1,-1,1,-1
20084,[0.84412993 0.71233186],2,0,"[0.7890750777399501, 0.6799557517006445]",1,-1
20085,[0.68099991 0.56137107],3,3,"[0.6601234827680622, 0.6109507568947781]",1,-1
20086,[0.43146538 0.63433045],0,-1,-1,1,-1
20087,[0.26759163 0.22373623],1,2,"[0.294379027732062, 0.1921773781634303]",0,0
20088,[0.58920092 0.51290121],3,-1,-1,1,-1
20089,[0.78121809 0.73020739],2,0,"[0.7890750777399501, 0.6799557517006445]",1,-1
20090,[0.65716839 0.62365337],3,3,"[0.6601234827680622, 0.6109507568947781]",1,7
20091,[0.74384903 0.74058382],2,-1,-1,1,-1
20092,[0.3634851  0.57212596],0,1,"[0.37965276877051146, 0.575157747726818]",1,-1
20093,[0.65063269 0.58940723],3,3,"[0.6601234827680622, 0.6109507568947781]",1,-1
20094,[0.79256435 0.6405201 ],2,0,"[0.7890750777399501, 0.6799557517006445]",1,-1
20095,[0.7996688  0.66093856],2,0,"[0.7890750777399501, 0.6799557517006445]",1,-1
20096,[0.70699479 0.64678621],3,3,"[0.6601234827680622, 0.6109507568947781]",1,-1
20097,[0.86269587 0.72807778],2,-1,-1,1,-1
20098,[0.32044903 0.07919771],1,-1,-1,0,0
20099,[0.35413709 0.19505498],1,2,"[0.294379027732062, 0.1921773781634303]",0,0
20100,[0.76919052 0.65102341],2,0,"[0.7890750777399501, 0.6799557517006445]",1,-1
20101,[0.30571544 0.21426271],1,2,"[0.294379027732062, 0.1921773781634303]",0,0
20102,[0.53626108 0.5701812 ],3,-1,-1,1,-1
20103,[1.         0.62704075],2,-1,-1,1,-1
20104,[0.81901201 0.71551354],2,0,"[0.7890750777399501, 0.6799557517006445]",1,-1
20105,[0.3332543  0.58839329],0,1,"[0.37965276877051146, 0.575157747726818]",1,-1
20106,[0.39188737 0.56047144],0,1,"[0.37965276877051146, 0.575157747726818]",1,-1
20107,[0.76321046 0.58119079],3,-1,-1,1,-1
20108,[0.59596094 0.59407786],3,3,"[0.6601234827680622, 0.6109507568947781]",1,-1
20109,[0.81804223 0.71252109],2,0,"[0.7890750777399501, 0.6799557517006445]",1,-1
20110,[0.612338   0.61707996],3,3,"[0.6601234827680622, 0.6109507568947781]",1,-1
20111,[0.65413466 0.6225375 ],3,3,"[0.6601234827680622, 0.6109507568947781]",1,7
20112,[0.85418608 0.71098857],2,-1,-1,1,-1
20113,[0.72148332 0.60332273],2,3,"[0.6601234827680622, 0.6109507568947781]",1,-1
20114,[0.35191854 0.52633569],0,1,"[0.37965276877051146, 0.575157747726818]",1,-1
20115,[0.73862631 0.71837095],3,0,"[0.7890750777399501, 0.6799557517006445]",1,-1
20116,[0.3432726  0.63358384],0,1,"[0.37965276877051146, 0.575157747726818]",1,-1
20117,[0.30504843 0.28839474],1,-1,-1,0,0
20118,[0.81040501 0.67422118],2,0,"[0.7890750777399501, 0.6799557517006445]",1,-1
20119,[0.7129451  0.66172338],3,-1,-1,1,-1
20120,[0.29797417 0.2173706 ],1,2,"[0.294379027732062, 0.1921773781634303]",0,0
20121,[0.59529263 0.70642645],3,-1,-1,1,-1
20122,[0.6526848  0.63790583],3,3,"[0.6601234827680622, 0.6109507568947781]",1,-1
20123,[0.82490404 0.7781886 ],2,-1,-1,1,-1
20124,[0.68530381 0.54238125],3,-1,-1,1,-1
20125,[0.38215326 0.56905802],0,1,"[0.37965276877051146, 0.575157747726818]",1,1
20126,[0.67935102 0.68385953],3,-1,-1,1,-1
20127,[0.79969215 0.7064349 ],2,0,"[0.7890750777399501, 0.6799557517006445]",1,-1
20128,[0.59282036 0.57447638],3,-1,-1,1,-1
20129,[0.32466683 0.53154479],0,-1,-1,1,-1
20130,[0.37400029 0.69717657],0,-1,-1,1,-1
20131,[0.77474815 0.58095251],3,-1,-1,1,-1
20132,[0.24139853 0.20563884],1,2,"[0.294379027732062, 0.1921773781634303]",0,0
20133,[0.6396142  0.63098969],3,3,"[0.6601234827680622, 0.6109507568947781]",1,-1
20134,[0.27687915 0.1775634 ],1,2,"[0.294379027732062, 0.1921773781634303]",0,0
20135,[0.77544067 0.60918861],2,-1,-1,1,-1
20136,[0.76096473 0.65223453],2,0,"[0.7890750777399501, 0.6799557517006445]",1,-1
20137,[0.35376934 0.25384432],1,-1,-1,0,0
20138,[0.79336722 0.66740999],2,0,"[0.7890750777399501, 0.6799557517006445]",1,-1
20139,[0.88473942 0.77369789],2,-1,-1,1,-1
20140,[0.6065855  0.57591865],3,3,"[0.6601234827680622, 0.6109507568947781]",1,-1
20141,[0.79137397 0.70738758],2,0,"[0.7890750777399501, 0.6799557517006445]",1,-1
20142,[0.33758759 0.17750628],1,2,"[0.294379027732062, 0.1921773781634303]",0,0
20143,[0.36568141 0.14578457],1,-1,-1,0,0
20144,[0.35786215 0.18641637],1,2,"[0.294379027732062, 0.1921773781634303]",0,0
20145,[0.34650831 0.58193633],0,1,"[0.37965276877051146, 0.575157747726818]",1,-1
20146,[0.61804783 0.61556565],3,3,"[0.6601234827680622, 0.6109507568947781]",1,-1
20147,[0.35012799 0.16439434],1,2,"[0.294379027732062, 0.1921773781634303]",0,0
20148,[0.81053684 0.68462169],2,0,"[0.7890750777399501, 0.6799557517006445]",1,-1
20149,[0.65985272 0.64337243],3,3,"[0.6601234827680622, 0.6109507568947781]",1,-1
20150,[0.83321458 0.70660904],2,0,"[0.7890750777399501, 0.6799557517006445]",1,-1
20151,[0.67541383 0.65225877],3,3,"[0.6601234827680622, 0.6109507568947781]",1,-1
20152,[0.82677683 0.68245704],2,0,"[0.7890750777399501, 0.6799557517006445]",1,-1
20153,[0.38556277 0.57409108],0,1,"[0.37965276877051146, 0.575157747726818]",1,-1
20154,[0.73929974 0.72356617],2,0,"[0.7890750777399501, 0.6799557517006445]",1,-1
20155,[0.79984284 0.67766596],2,0,"[0.7890750777399501, 0.6799557517006445]",1,-1
20156,[0.43701818 0.47925229],0,-1,-1,1,-1
20157,[0.7473834  0.73373022],2,0,"[0.7890750777399501, 0.6799557517006445]",1,-1
20158,[0.31219812 0.63083308],0,-1,-1,1,-1
20159,[0.87059859 0.67041235],2,-1,-1,1,-1
20160,[0.87676947 0.76065461],2,-1,-1,1,-1
20161,[0.29734083 0.1364246 ],1,2,"[0.294379027732062, 0.1921773781634303]",0,0
20162,[0.25387453 0.12546137],1,-1,-1,0,0
20163,[0.20641918 0.2673582 ],1,-1,-1,0,0
20164,[0.2975553  0.23330192],1,2,"[0.294379027732062, 0.1921773781634303]",0,0
20165,[0.36842232 0.1639738 ],1,-1,-1,0,0
20166,[0.29483704 0.27133953],1,-1,-1,0,0
20167,[0.39147774 0.64323931],0,1,"[0.37965276877051146, 0.575157747726818]",1,-1
20168,[0.68843212 0.56534406],3,3,"[0.6601234827680622, 0.6109507568947781]",1,-1
20169,[0.70849347 0.56401936],3,3,"[0.6601234827680622, 0.6109507568947781]",1,-1
20170,[0.79111635 0.74515462],2,0,"[0.7890750777399501, 0.6799557517006445]",1,-1
20171,[0.7650615  0.66829631],3,0,"[0.7890750777399501, 0.6799557517006445]",1,-1
20172,[0.71698657 0.6427758 ],3,3,"[0.6601234827680622, 0.6109507568947781]",1,-1
20173,[0.59490865 0.58773711],3,3,"[0.6601234827680622, 0.6109507568947781]",1,-1
20174,[0.74215542 0.70814062],2,0,"[0.7890750777399501, 0.6799557517006445]",1,-1
20175,[0.68300257 0.61716577],3,3,"[0.6601234827680622, 0.6109507568947781]",1,-1
20176,[0.28104528 0.07359873],1,-1,-1,0,0
20177,[0.41976411 0.53173886],0,1,"[0.37965276877051146, 0.575157747726818]",1,-1
20178,[0.43853407 0.67310014],0,-1,-1,1,-1
20179,[0.71200028 0.60881207],3,3,"[0.6601234827680622, 0.6109507568947781]",1,-1
20180,[0.58208582 0.60740889],3,-1,-1,1,-1
20181,[0.2899515  0.15866753],1,2,"[0.294379027732062, 0.1921773781634303]",0,0
20182,[0.490266   0.60679694],0,-1,-1,1,-1
20183,[0.61149034 0.5203213 ],3,-1,-1,1,-1
20184,[0.33851369 0.57529576],0,1,"[0.37965276877051146, 0.575157747726818]",1,-1
20185,[0.81141167 0.77849863],2,-1,-1,1,-1
20186,[0.42514808 0.58404345],0,1,"[0.37965276877051146, 0.575157747726818]",1,-1
20187,[0.60222243 0.54485381],3,-1,-1,1,-1
20188,[0.38318837 0.61023811],0,1,"[0.37965276877051146, 0.575157747726818]",1,-1
20189,[0.65358719 0.68588779],3,-1,-1,1,-1
20190,[0.3389499  0.50323743],0,-1,-1,1,-1
20191,[0.41617142 0.54463727],0,1,"[0.37965276877051146, 0.575157747726818]",1,-1
20192,[0.42473935 0.50382701],0,-1,-1,1,-1
20193,[0.6867901 0.6441123],3,3,"[0.6601234827680622, 0.6109507568947781]",1,-1
20194,[0.2911843  0.18597522],1,2,"[0.294379027732062, 0.1921773781634303]",0,0
20195,[0.34132611 0.12809128],1,-1,-1,0,0
20196,[0.68178612 0.67789582],2,-1,-1,1,-1
20197,[0.29404789 0.13277223],1,2,"[0.294379027732062, 0.1921773781634303]",0,0
20198,[0.68706601 0.62741303],3,3,"[0.6601234827680622, 0.6109507568947781]",1,7
20199,[0.66627968 0.64617791],3,3,"[0.6601234827680622, 0.6109507568947781]",1,-1
20200,[0.8502214  0.64482925],2,-1,-1,1,-1
20201,[0.94465129 0.64333164],2,-1,-1,1,-1
20202,[0.86357596 0.73779442],2,-1,-1,1,-1
20203,[0.67542769 0.60866815],3,3,"[0.6601234827680622, 0.6109507568947781]",1,-1
20204,[0.29077721 0.20005191],1,2,"[0.294379027732062, 0.1921773781634303]",0,0
20205,[0.66103418 0.66159711],3,3,"[0.6601234827680622, 0.6109507568947781]",1,-1
20206,[0.75803518 0.65533905],2,0,"[0.7890750777399501, 0.6799557517006445]",1,-1
20207,[0.47470454 0.51092427],0,-1,-1,1,-1
20208,[0.21778024 0.14927958],1,-1,-1,0,0
20209,[0.3034471  0.19482686],1,2,"[0.294379027732062, 0.1921773781634303]",0,0
20210,[0.39409979 0.55376573],0,1,"[0.37965276877051146, 0.575157747726818]",1,-1
20211,[0.61284792 0.61794641],3,3,"[0.6601234827680622, 0.6109507568947781]",1,-1
20212,[0.41866957 0.56076893],0,1,"[0.37965276877051146, 0.575157747726818]",1,-1
20213,[0.30749135 0.52081145],0,-1,-1,1,-1
20214,[0.25367133 0.16569414],1,2,"[0.294379027732062, 0.1921773781634303]",0,0
20215,[0.32370792 0.15677119],1,2,"[0.294379027732062, 0.1921773781634303]",0,0
20216,[0.63425486 0.58062576],3,3,"[0.6601234827680622, 0.6109507568947781]",1,-1
20217,[0.26714695 0.19664119],1,2,"[0.294379027732062, 0.1921773781634303]",0,0
20218,[0.30726536 0.5694164 ],0,-1,-1,1,-1
20219,[0.33984176 0.61699823],0,1,"[0.37965276877051146, 0.575157747726818]",1,-1
20220,[0.30153598 0.18970262],1,2,"[0.294379027732062, 0.1921773781634303]",0,0
20221,[0.83689704 0.68015507],2,0,"[0.7890750777399501, 0.6799557517006445]",1,-1
20222,[0.44790005 0.55662582],0,-1,-1,1,-1
20223,[0.73515299 0.5730561 ],3,-1,-1,1,-1
20224,[0.28306648 0.52780069],0,-1,-1,1,-1
20225,[0.41871553 0.53299198],0,1,"[0.37965276877051146, 0.575157747726818]",1,-1
20226,[0.32907956 0.17231544],1,2,"[0.294379027732062, 0.1921773781634303]",0,0
20227,[0.27029587 0.26957554],1,-1,-1,0,0
20228,[0.30824242 0.52513617],0,-1,-1,1,-1
20229,[0.4124881  0.61176504],0,1,"[0.37965276877051146, 0.575157747726818]",1,-1
20230,[0.52527783 0.63591196],3,-1,-1,1,-1
20231,[0.27190264 0.17978905],1,2,"[0.294379027732062, 0.1921773781634303]",0,0
20232,[0.77351649 0.66762413],2,0,"[0.7890750777399501, 0.6799557517006445]",1,3
20233,[0.60513593 0.56176686],3,-1,-1,1,-1
20234,[0.26325958 0.16755701],1,2,"[0.294379027732062, 0.1921773781634303]",0,0
20235,[0.46432968 0.61200038],0,-1,-1,1,-1
20236,[0.80104967 0.66957745],2,0,"[0.7890750777399501, 0.6799557517006445]",1,4
20237,[0.6719691  0.56917244],3,3,"[0.6601234827680622, 0.6109507568947781]",1,-1
20238,[0.74216687 0.75097028],2,-1,-1,1,-1
20239,[0.38808713 0.52475863],0,1,"[0.37965276877051146, 0.575157747726818]",1,-1
20240,[0.78878344 0.64126699],2,0,"[0.7890750777399501, 0.6799557517006445]",1,-1
20241,[0.64085616 0.60936093],3,3,"[0.6601234827680622, 0.6109507568947781]",1,-1
20242,[0.32133159 0.24279861],1,2,"[0.294379027732062, 0.1921773781634303]",0,0
20243,[0.46999291 0.48468758],0,-1,-1,1,-1
20244,[0.31905428 0.19649067],1,2,"[0.294379027732062, 0.1921773781634303]",0,0
20245,[0.60902992 0.65489121],3,3,"[0.6601234827680622, 0.6109507568947781]",1,-1
20246,[0.79385175 0.72485798],2,0,"[0.7890750777399501, 0.6799557517006445]",1,-1
20247,[0.84088137 0.61735121],2,-1,-1,1,-1
20248,[0.43118121 0.59560436],0,1,"[0.37965276877051146, 0.575157747726818]",1,-1
20249,[0.72025939 0.64686683],2,-1,-1,1,-1
20250,[0.64480462 0.56716707],3,3,"[0.6601234827680622, 0.6109507568947781]",1,-1
20251,[0.80267398 0.75490165],2,-1,-1,1,-1
20252,[0.41454464 0.45455082],0,-1,-1,1,-1
20253,[0.68119716 0.5423944 ],3,-1,-1,1,-1
20254,[0.83454394 0.66896407],2,0,"[0.7890750777399501, 0.6799557517006445]",1,-1
20255,[0.2866682  0.26101712],1,2,"[0.294379027732062, 0.1921773781634303]",0,0
20256,[0.21950053 0.179793  ],1,-1,-1,0,0
20257,[0.6787867  0.56681649],3,3,"[0.6601234827680622, 0.6109507568947781]",1,-1
20258,[0.79848505 0.63445111],2,0,"[0.7890750777399501, 0.6799557517006445]",1,-1
20259,[0.84489068 0.67129123],2,0,"[0.7890750777399501, 0.6799557517006445]",1,-1
20260,[0.30648859 0.16093251],1,2,"[0.294379027732062, 0.1921773781634303]",0,0
20261,[0.74868024 0.54408766],3,-1,-1,1,-1
20262,[0.32911773 0.17240387],1,2,"[0.294379027732062, 0.1921773781634303]",0,0
20263,[0.74407433 0.73799046],3,-1,-1,1,-1
20264,[0.86609576 0.61088971],2,-1,-1,1,-1
20265,[0.34347514 0.62482531],0,1,"[0.37965276877051146, 0.575157747726818]",1,-1
20266,[0.42200992 0.55305296],0,1,"[0.37965276877051146, 0.575157747726818]",1,-1
20267,[0.64713751 0.60347107],3,3,"[0.6601234827680622, 0.6109507568947781]",1,-1
20268,[0.56698675 0.65207654],3,-1,-1,1,-1
20269,[0.2804216  0.57679824],0,-1,-1,1,-1
20270,[0.81944143 0.69295399],2,0,"[0.7890750777399501, 0.6799557517006445]",1,-1
20271,[0.33529735 0.63287293],0,-1,-1,1,-1
20272,[0.70144995 0.62544891],3,3,"[0.6601234827680622, 0.6109507568947781]",1,-1
20273,[0.75809581 0.77916171],2,-1,-1,1,-1
20274,[0.30178831 0.68174156],0,-1,-1,1,-1
20275,[0.37597828 0.11011879],1,-1,-1,0,0
20276,[0.78741808 0.67088163],2,0,"[0.7890750777399501, 0.6799557517006445]",1,-1
20277,[0.74859004 0.64090519],2,0,"[0.7890750777399501, 0.6799557517006445]",1,-1
20278,[0.35274466 0.25245304],1,-1,-1,0,0
20279,[0.59525463 0.65653708],3,-1,-1,1,-1
20280,[0.31918776 0.48980962],0,-1,-1,1,-1
20281,[0.82045228 0.70635728],2,0,"[0.7890750777399501, 0.6799557517006445]",1,-1
20282,[0.39903922 0.54846839],0,1,"[0.37965276877051146, 0.575157747726818]",1,-1
20283,[0.29888012 0.17448375],1,2,"[0.294379027732062, 0.1921773781634303]",0,0
20284,[0.34738849 0.07314476],1,-1,-1,0,0
20285,[0.3016618  0.18388449],1,2,"[0.294379027732062, 0.1921773781634303]",0,0
20286,[0.2986336  0.62318179],0,-1,-1,1,-1
20287,[0.43896084 0.56724417],0,1,"[0.37965276877051146, 0.575157747726818]",1,-1
20288,[0.68364833 0.55558021],3,3,"[0.6601234827680622, 0.6109507568947781]",1,-1
20289,[0.30212423 0.25571107],1,2,"[0.294379027732062, 0.1921773781634303]",0,0
20290,[0.74118822 0.62171681],2,-1,-1,1,-1
20291,[0.6990208  0.66036173],3,3,"[0.6601234827680622, 0.6109507568947781]",1,-1
20292,[0.42764727 0.57773201],0,1,"[0.37965276877051146, 0.575157747726818]",1,-1
20293,[0.83115219 0.75583068],2,-1,-1,1,-1
20294,[0.83822476 0.75029429],2,-1,-1,1,-1
20295,[0.30599695 0.23937053],1,2,"[0.294379027732062, 0.1921773781634303]",0,0
20296,[0.60354899 0.63645015],3,3,"[0.6601234827680622, 0.6109507568947781]",1,-1
20297,[0.28312089 0.18631764],1,2,"[0.294379027732062, 0.1921773781634303]",0,0
20298,[0.67357967 0.54206433],3,-1,-1,1,-1
20299,[0.83350852 0.69313135],2,0,"[0.7890750777399501, 0.6799557517006445]",1,-1
20300,[0.82549428 0.51472993],2,-1,-1,1,-1
20301,[0.28196306 0.12125402],1,-1,-1,0,0
20302,[0.74431611 0.64283039],2,0,"[0.7890750777399501, 0.6799557517006445]",1,-1
20303,[0.89389281 0.75045472],2,-1,-1,1,-1
20304,[0.65881747 0.58155501],3,3,"[0.6601234827680622, 0.6109507568947781]",1,-1
20305,[0.30984959 0.19465434],1,2,"[0.294379027732062, 0.1921773781634303]",0,0
20306,[0.73631603 0.60108922],3,-1,-1,1,-1
20307,[0.39596649 0.52632077],0,1,"[0.37965276877051146, 0.575157747726818]",1,-1
20308,[0.36075029 0.30457948],1,-1,-1,0,0
20309,[0.36244128 0.11057206],1,-1,-1,0,0
20310,[0.68395802 0.58185559],3,3,"[0.6601234827680622, 0.6109507568947781]",1,-1
20311,[0.27359975 0.16183608],1,2,"[0.294379027732062, 0.1921773781634303]",0,0
20312,[0.4041008  0.53294742],0,1,"[0.37965276877051146, 0.575157747726818]",1,-1
20313,[0.75403158 0.67323957],2,0,"[0.7890750777399501, 0.6799557517006445]",1,-1
20314,[0.33581763 0.50926929],0,-1,-1,1,-1
20315,[0.74141278 0.68989698],2,0,"[0.7890750777399501, 0.6799557517006445]",1,-1
20316,[0.2889989  0.20837486],1,2,"[0.294379027732062, 0.1921773781634303]",0,0
20317,[0.27566568 0.14246369],1,2,"[0.294379027732062, 0.1921773781634303]",0,0
20318,[0.76769473 0.6645114 ],2,0,"[0.7890750777399501, 0.6799557517006445]",1,-1
20319,[0.80924666 0.60221736],2,-1,-1,1,-1
20320,[0.31994622 0.67945728],0,-1,-1,1,-1
20321,[0.21395507 0.16690888],1,-1,-1,0,0
20322,[0.84852048 0.70165808],2,0,"[0.7890750777399501, 0.6799557517006445]",1,-1
20323,[0.77104428 0.58596704],2,-1,-1,1,-1
20324,[0.86403526 0.72139796],2,-1,-1,1,-1
20325,[0.89051473 0.65517961],2,-1,-1,1,-1
20326,[0.27651205 0.174552  ],1,2,"[0.294379027732062, 0.1921773781634303]",0,0
20327,[0.58436379 0.51071579],3,-1,-1,1,-1
20328,[0.69274613 0.63561306],3,3,"[0.6601234827680622, 0.6109507568947781]",1,-1
20329,[0.35812854 0.54753331],0,1,"[0.37965276877051146, 0.575157747726818]",1,-1
20330,[0.28901632 0.22065693],1,2,"[0.294379027732062, 0.1921773781634303]",0,0
20331,[0.78400166 0.60639195],2,-1,-1,1,-1
20332,[0.74841064 0.66255877],2,0,"[0.7890750777399501, 0.6799557517006445]",1,-1
20333,[0.38199895 0.6256607 ],0,1,"[0.37965276877051146, 0.575157747726818]",1,-1
20334,[0.26843688 0.14531457],1,2,"[0.294379027732062, 0.1921773781634303]",0,0
20335,[0.3615331  0.65191977],0,-1,-1,1,-1
20336,[0.48974722 0.40650468],0,-1,-1,1,-1
20337,[0.60113329 0.6230731 ],3,3,"[0.6601234827680622, 0.6109507568947781]",1,-1
20338,[0.2122208  0.18069099],1,-1,-1,0,0
20339,[0.38263115 0.49647812],0,-1,-1,1,-1
20340,[0.41663925 0.64056886],0,-1,-1,1,-1
20341,[0.76712946 0.71626107],2,0,"[0.7890750777399501, 0.6799557517006445]",1,-1
20342,[0.79863081 0.58161683],3,-1,-1,1,-1
20343,[0.87975476 0.75722258],2,-1,-1,1,-1
20344,[0.77983859 0.69093988],2,0,"[0.7890750777399501, 0.6799557517006445]",1,-1
20345,[0.31090136 0.25701666],1,2,"[0.294379027732062, 0.1921773781634303]",0,0
20346,[0.75557856 0.59871364],2,-1,-1,1,-1
20347,[0.76162349 0.65170662],3,0,"[0.7890750777399501, 0.6799557517006445]",1,-1
20348,[0.32695165 0.59021234],0,1,"[0.37965276877051146, 0.575157747726818]",1,-1
20349,[0.84326961 0.75817032],2,-1,-1,1,-1
20350,[0.85592575 0.61572262],2,-1,-1,1,-1
20351,[0.39954938 0.18644329],1,-1,-1,0,0
20352,[0.68643114 0.58617483],3,3,"[0.6601234827680622, 0.6109507568947781]",1,-1
20353,[0.75452258 0.69427049],2,0,"[0.7890750777399501, 0.6799557517006445]",1,-1
20354,[0.67939775 0.56036748],3,3,"[0.6601234827680622, 0.6109507568947781]",1,-1
20355,[0.75827431 0.63967998],2,0,"[0.7890750777399501, 0.6799557517006445]",1,-1
20356,[0.67974574 0.69305425],3,-1,-1,1,-1
20357,[0.30204942 0.53945529],0,-1,-1,1,-1
20358,[0.60999406 0.51085844],3,-1,-1,1,-1
20359,[0.64044158 0.59640087],3,3,"[0.6601234827680622, 0.6109507568947781]",1,-1
20360,[0.46193666 0.46058821],0,-1,-1,1,-1
20361,[0.25277947 0.2679113 ],1,-1,-1,0,0
20362,[0.75732665 0.69064817],2,0,"[0.7890750777399501, 0.6799557517006445]",1,-1
20363,[0.43284761 0.57717431],0,1,"[0.37965276877051146, 0.575157747726818]",1,-1
20364,[0.34246302 0.26141115],1,-1,-1,0,0
20365,[0.23981134 0.1911523 ],1,2,"[0.294379027732062, 0.1921773781634303]",0,0
20366,[0.27723293 0.18301395],1,2,"[0.294379027732062, 0.1921773781634303]",0,0
20367,[0.46117264 0.53090357],0,-1,-1,1,-1
20368,[0.28161753 0.17140723],1,2,"[0.294379027732062, 0.1921773781634303]",0,0
20369,[0.83058954 0.6829787 ],2,0,"[0.7890750777399501, 0.6799557517006445]",1,-1
20370,[0.44531776 0.52845637],0,-1,-1,1,-1
20371,[0.20725429 0.1951388 ],1,-1,-1,0,0
20372,[0.35985656 0.57240895],0,1,"[0.37965276877051146, 0.575157747726818]",1,-1
20373,[0.31008493 0.61812804],0,-1,-1,1,-1
20374,[0.72771152 0.70751449],3,0,"[0.7890750777399501, 0.6799557517006445]",1,-1
20375,[0.45127583 0.6070067 ],0,-1,-1,1,-1
20376,[0.32372106 0.5832125 ],0,1,"[0.37965276877051146, 0.575157747726818]",1,-1
20377,[0.28410936 0.24749264],1,2,"[0.294379027732062, 0.1921773781634303]",0,0
20378,[0.74293215 0.80492261],2,-1,-1,1,-1
20379,[0.24666678 0.12909283],1,-1,-1,0,0
20380,[0.34741696 0.14723277],1,2,"[0.294379027732062, 0.1921773781634303]",0,0
20381,[0.42724889 0.67634029],0,-1,-1,1,-1
20382,[0.26995709 0.21311996],1,2,"[0.294379027732062, 0.1921773781634303]",0,0
20383,[0.25303116 0.21053368],1,2,"[0.294379027732062, 0.1921773781634303]",0,0
20384,[0.27358822 0.16470112],1,2,"[0.294379027732062, 0.1921773781634303]",0,0
20385,[0.32988281 0.13658136],1,2,"[0.294379027732062, 0.1921773781634303]",0,0
20386,[0.87955406 0.72139645],2,-1,-1,1,-1
20387,[0.76527102 0.77889866],2,-1,-1,1,-1
20388,[0.77713299 0.71982718],2,0,"[0.7890750777399501, 0.6799557517006445]",1,-1
20389,[0.66762132 0.61877713],3,3,"[0.6601234827680622, 0.6109507568947781]",1,7
20390,[0.66886971 0.62177945],3,3,"[0.6601234827680622, 0.6109507568947781]",1,7
20391,[0.86788678 0.72436393],2,-1,-1,1,-1
20392,[0.29784866 0.18020934],1,2,"[0.294379027732062, 0.1921773781634303]",0,0
20393,[0.26908099 0.17138276],1,2,"[0.294379027732062, 0.1921773781634303]",0,0
20394,[0.43596649 0.6064563 ],0,1,"[0.37965276877051146, 0.575157747726818]",1,-1
20395,[0.28361923 0.11012505],1,-1,-1,0,0
20396,[0.79028021 0.64869721],2,0,"[0.7890750777399501, 0.6799557517006445]",1,-1
20397,[0.74541919 0.56129505],3,-1,-1,1,-1
20398,[0.31747122 0.22118086],1,2,"[0.294379027732062, 0.1921773781634303]",0,0
20399,[0.83985906 0.65939792],2,0,"[0.7890750777399501, 0.6799557517006445]",1,-1
20400,[0.38885197 0.56343085],0,1,"[0.37965276877051146, 0.575157747726818]",1,-1
20401,[0.76393227 0.70507029],2,0,"[0.7890750777399501, 0.6799557517006445]",1,-1
20402,[0.77885729 0.71890123],2,0,"[0.7890750777399501, 0.6799557517006445]",1,-1
20403,[0.34347587 0.51561387],0,1,"[0.37965276877051146, 0.575157747726818]",1,-1
20404,[0.71366472 0.77975502],2,-1,-1,1,-1
20405,[0.4338283  0.50939955],0,-1,-1,1,-1
20406,[0.42288677 0.56314961],0,1,"[0.37965276877051146, 0.575157747726818]",1,-1
20407,[0.35438583 0.18571763],1,2,"[0.294379027732062, 0.1921773781634303]",0,0
20408,[0.71243346 0.69957909],3,-1,-1,1,-1
20409,[0.26046045 0.2313144 ],1,2,"[0.294379027732062, 0.1921773781634303]",0,0
20410,[0.28363757 0.2378354 ],1,2,"[0.294379027732062, 0.1921773781634303]",0,0
20411,[0.24797905 0.22922674],1,2,"[0.294379027732062, 0.1921773781634303]",0,0
20412,[0.34033183 0.5833669 ],0,1,"[0.37965276877051146, 0.575157747726818]",1,-1
20413,[0.23242474 0.22621019],1,-1,-1,0,0
20414,[0.3756555  0.21661416],1,-1,-1,0,0
20415,[0.41836448 0.66933766],0,-1,-1,1,-1
20416,[0.69356126 0.62093169],3,3,"[0.6601234827680622, 0.6109507568947781]",1,-1
20417,[0.73128329 0.67076189],2,0,"[0.7890750777399501, 0.6799557517006445]",1,-1
20418,[0.28743528 0.19139028],1,2,"[0.294379027732062, 0.1921773781634303]",0,0
20419,[0.77237152 0.70382096],2,0,"[0.7890750777399501, 0.6799557517006445]",1,-1
20420,[0.34281456 0.20762017],1,2,"[0.294379027732062, 0.1921773781634303]",0,0
20421,[0.3292144  0.20279285],1,2,"[0.294379027732062, 0.1921773781634303]",0,0
20422,[0.67422705 0.67576735],3,3,"[0.6601234827680622, 0.6109507568947781]",1,-1
20423,[0.78379932 0.71882002],2,0,"[0.7890750777399501, 0.6799557517006445]",1,-1
20424,[0.61049316 0.64661277],3,3,"[0.6601234827680622, 0.6109507568947781]",1,-1
20425,[0.2908027  0.16095916],1,2,"[0.294379027732062, 0.1921773781634303]",0,0
20426,[0.8146002  0.74073384],2,0,"[0.7890750777399501, 0.6799557517006445]",1,-1
20427,[0.65747736 0.60479016],3,3,"[0.6601234827680622, 0.6109507568947781]",1,-1
20428,[0.7129836  0.68716322],2,-1,-1,1,-1
20429,[0.58423531 0.54908604],3,-1,-1,1,-1
20430,[0.34186906 0.55910456],0,1,"[0.37965276877051146, 0.575157747726818]",1,-1
20431,[0.33961652 0.56624981],0,1,"[0.37965276877051146, 0.575157747726818]",1,-1
20432,[0.77276468 0.67885335],2,0,"[0.7890750777399501, 0.6799557517006445]",1,-1
20433,[0.40970793 0.62603032],0,1,"[0.37965276877051146, 0.575157747726818]",1,-1
20434,[0.81743903 0.71390009],2,0,"[0.7890750777399501, 0.6799557517006445]",1,-1
20435,[0.71807313 0.65475853],3,-1,-1,1,-1
20436,[0.19587886 0.18815431],1,-1,-1,0,0
20437,[0.35648124 0.62011043],0,1,"[0.37965276877051146, 0.575157747726818]",1,-1
20438,[0.67612406 0.6485735 ],3,3,"[0.6601234827680622, 0.6109507568947781]",1,-1
20439,[0.28475725 0.18134308],1,2,"[0.294379027732062, 0.1921773781634303]",0,0
20440,[0.38019884 0.53337093],0,1,"[0.37965276877051146, 0.575157747726818]",1,-1
20441,[0.61883697 0.55315051],3,-1,-1,1,-1
20442,[0.56867655 0.54437412],3,-1,-1,1,-1
20443,[0.4435526  0.55509755],0,1,"[0.37965276877051146, 0.575157747726818]",1,-1
20444,[0.71543486 0.56366662],3,-1,-1,1,-1
20445,[0.41288944 0.60443057],0,1,"[0.37965276877051146, 0.575157747726818]",1,-1
20446,[0.42921203 0.67220014],0,-1,-1,1,-1
20447,[0.37572671 0.09288474],1,-1,-1,0,0
20448,[0.75930492 0.6677409 ],2,0,"[0.7890750777399501, 0.6799557517006445]",1,-1
20449,[0.72801187 0.60859804],3,3,"[0.6601234827680622, 0.6109507568947781]",1,-1
20450,[0.40734757 0.15458791],1,-1,-1,0,0
20451,[0.72151681 0.70093467],2,-1,-1,1,-1
20452,[0.73059465 0.78223601],2,-1,-1,1,-1
20453,[0.27235172 0.26935356],1,-1,-1,0,0
20454,[0.38189081 0.65167723],0,-1,-1,1,-1
20455,[0.69213421 0.55841975],3,3,"[0.6601234827680622, 0.6109507568947781]",1,-1
20456,[0.27831728 0.2143538 ],1,2,"[0.294379027732062, 0.1921773781634303]",0,0
20457,[0.40552308 0.7013073 ],0,-1,-1,1,-1
20458,[0.63731353 0.66557797],2,3,"[0.6601234827680622, 0.6109507568947781]",1,-1
20459,[0.37298224 0.20085063],1,-1,-1,0,0
20460,[0.28502917 0.20981713],1,2,"[0.294379027732062, 0.1921773781634303]",0,0
20461,[0.65267992 0.59976759],3,3,"[0.6601234827680622, 0.6109507568947781]",1,6
20462,[0.45019487 0.59383011],0,-1,-1,1,-1
20463,[0.86918104 0.64195047],2,-1,-1,1,-1
20464,[0.45518413 0.57348304],0,-1,-1,1,-1
20465,[0.25871755 0.25343474],1,-1,-1,0,0
20466,[0.69359226 0.76857648],2,-1,-1,1,-1
20467,[0.32023111 0.58549115],0,1,"[0.37965276877051146, 0.575157747726818]",1,-1
20468,[0.28989218 0.4724333 ],0,-1,-1,1,-1
20469,[0.25482153 0.18129676],1,2,"[0.294379027732062, 0.1921773781634303]",0,0
20470,[0.27936827 0.53723307],0,-1,-1,1,-1
20471,[0.52707046 0.53875669],0,-1,-1,1,-1
20472,[0.75865705 0.75199152],2,-1,-1,1,-1
20473,[0.36696755 0.63554118],0,1,"[0.37965276877051146, 0.575157747726818]",1,-1
20474,[0.44146131 0.54901442],0,1,"[0.37965276877051146, 0.575157747726818]",1,-1
20475,[0.87310198 0.75056175],2,-1,-1,1,-1
20476,[0.31218767 0.25659368],1,2,"[0.294379027732062, 0.1921773781634303]",0,0
20477,[0.34930915 0.5797326 ],0,1,"[0.37965276877051146, 0.575157747726818]",1,-1
20478,[0.37159912 0.57253867],0,1,"[0.37965276877051146, 0.575157747726818]",1,1
20479,[0.31954242 0.20917044],1,2,"[0.294379027732062, 0.1921773781634303]",0,0
20480,[0.83706809 0.58713693],2,-1,-1,1,-1
20481,[0.42437232 0.57921143],0,1,"[0.37965276877051146, 0.575157747726818]",1,-1
20482,[0.26944483 0.18835758],1,2,"[0.294379027732062, 0.1921773781634303]",0,0
20483,[0.41152482 0.14121049],1,-1,-1,0,0
20484,[0.20312399 0.14308952],1,-1,-1,0,0
20485,[0.81160328 0.65804292],2,0,"[0.7890750777399501, 0.6799557517006445]",1,-1
20486,[0.35980836 0.56289542],0,1,"[0.37965276877051146, 0.575157747726818]",1,-1
20487,[0.61996139 0.54028808],3,-1,-1,1,-1
20488,[0.72093656 0.65719016],2,-1,-1,1,-1
20489,[0.69846753 0.59919773],3,3,"[0.6601234827680622, 0.6109507568947781]",1,-1
20490,[0.63843761 0.64350111],3,3,"[0.6601234827680622, 0.6109507568947781]",1,-1
20491,[0.33978392 0.5980228 ],0,1,"[0.37965276877051146, 0.575157747726818]",1,-1
20492,[0.40948579 0.4787054 ],0,-1,-1,1,-1
20493,[0.78112795 0.71020271],2,0,"[0.7890750777399501, 0.6799557517006445]",1,-1
20494,[0.34903263 0.6209477 ],0,1,"[0.37965276877051146, 0.575157747726818]",1,-1
20495,[0.81225578 0.57922752],2,-1,-1,1,-1
20496,[0.81749285 0.72037677],2,0,"[0.7890750777399501, 0.6799557517006445]",1,-1
20497,[0.61566907 0.60944582],3,3,"[0.6601234827680622, 0.6109507568947781]",1,-1
20498,[0.41548006 0.62316088],0,1,"[0.37965276877051146, 0.575157747726818]",1,-1
20499,[0.75610892 0.53145452],3,-1,-1,1,-1
20500,[0.73813433 0.72467085],2,0,"[0.7890750777399501, 0.6799557517006445]",1,-1
20501,[0.79769886 0.65544207],2,0,"[0.7890750777399501, 0.6799557517006445]",1,-1
20502,[0.4744219  0.58423925],0,-1,-1,1,-1
20503,[0.36690154 0.70171956],0,-1,-1,1,-1
20504,[0.7070648  0.62127349],3,3,"[0.6601234827680622, 0.6109507568947781]",1,-1
20505,[0.63355486 0.65802416],3,3,"[0.6601234827680622, 0.6109507568947781]",1,-1
20506,[0.27626304 0.16107879],1,2,"[0.294379027732062, 0.1921773781634303]",0,0
20507,[0.26330883 0.24090098],1,2,"[0.294379027732062, 0.1921773781634303]",0,0
20508,[0.84839801 0.64463018],2,0,"[0.7890750777399501, 0.6799557517006445]",1,-1
20509,[0.28355816 0.10047166],1,-1,-1,0,0
20510,[0.75102741 0.71774657],2,0,"[0.7890750777399501, 0.6799557517006445]",1,-1
20511,[0.37695799 0.60481595],0,1,"[0.37965276877051146, 0.575157747726818]",1,-1
20512,[0.43186534 0.61606182],0,1,"[0.37965276877051146, 0.575157747726818]",1,-1
20513,[0.42199653 0.5532882 ],0,1,"[0.37965276877051146, 0.575157747726818]",1,-1
20514,[0.29682799 0.1990899 ],1,2,"[0.294379027732062, 0.1921773781634303]",0,0
20515,[0.59252603 0.60388573],3,3,"[0.6601234827680622, 0.6109507568947781]",1,-1
20516,[0.39465754 0.517563  ],0,1,"[0.37965276877051146, 0.575157747726818]",1,-1
20517,[0.3095497  0.17807949],1,2,"[0.294379027732062, 0.1921773781634303]",0,0
20518,[0.40516005 0.17909361],1,-1,-1,0,0
20519,[0.31138144 0.17549587],1,2,"[0.294379027732062, 0.1921773781634303]",0,0
20520,[0.66111498 0.61378571],3,3,"[0.6601234827680622, 0.6109507568947781]",1,-1
20521,[0.19460873 0.23489098],1,-1,-1,0,0
20522,[0.66294516 0.66382332],3,3,"[0.6601234827680622, 0.6109507568947781]",1,-1
20523,[0.4302485  0.60594628],0,1,"[0.37965276877051146, 0.575157747726818]",1,-1
20524,[0.35286916 0.66874522],0,-1,-1,1,-1
20525,[0.69328811 0.6367724 ],3,3,"[0.6601234827680622, 0.6109507568947781]",1,-1
20526,[0.37866102 0.55412097],0,1,"[0.37965276877051146, 0.575157747726818]",1,-1
20527,[0.45162636 0.55826678],0,-1,-1,1,-1
20528,[0.2949676  0.21466768],1,2,"[0.294379027732062, 0.1921773781634303]",0,0
20529,[0.72618649 0.6328865 ],3,3,"[0.6601234827680622, 0.6109507568947781]",1,-1
20530,[0.77909786 0.67972065],2,0,"[0.7890750777399501, 0.6799557517006445]",1,-1
20531,[0.47815655 0.65236384],0,-1,-1,1,-1
20532,[0.39958278 0.56276614],0,1,"[0.37965276877051146, 0.575157747726818]",1,2
20533,[0.69626067 0.67072697],3,3,"[0.6601234827680622, 0.6109507568947781]",1,-1
20534,[0.33397262 0.63374349],0,-1,-1,1,-1
20535,[0.7632767  0.67606348],2,0,"[0.7890750777399501, 0.6799557517006445]",1,-1
20536,[0.74070024 0.67697361],3,0,"[0.7890750777399501, 0.6799557517006445]",1,-1
20537,[0.76032261 0.71310388],2,0,"[0.7890750777399501, 0.6799557517006445]",1,-1
20538,[0.29022459 0.59671668],0,-1,-1,1,-1
20539,[0.35995317 0.59040639],0,1,"[0.37965276877051146, 0.575157747726818]",1,-1
20540,[0.66985182 0.69091999],3,-1,-1,1,-1
20541,[0.36816645 0.5983457 ],0,1,"[0.37965276877051146, 0.575157747726818]",1,-1
20542,[0.72177997 0.53249903],3,-1,-1,1,-1
20543,[0.8550293  0.68130183],2,0,"[0.7890750777399501, 0.6799557517006445]",1,-1
20544,[0.84230699 0.62913506],2,-1,-1,1,-1
20545,[0.76830767 0.64253496],2,0,"[0.7890750777399501, 0.6799557517006445]",1,-1
20546,[0.65107499 0.51677414],3,-1,-1,1,-1
20547,[0.29068342 0.13445652],1,2,"[0.294379027732062, 0.1921773781634303]",0,0
20548,[0.62275265 0.7047666 ],3,-1,-1,1,-1
20549,[0.74360222 0.66420004],2,0,"[0.7890750777399501, 0.6799557517006445]",1,-1
20550,[0.2480704  0.18441495],1,2,"[0.294379027732062, 0.1921773781634303]",0,0
20551,[0.32721456 0.57735047],0,1,"[0.37965276877051146, 0.575157747726818]",1,-1
20552,[0.3288799  0.22494123],1,2,"[0.294379027732062, 0.1921773781634303]",0,0
20553,[0.34528906 0.60501427],0,1,"[0.37965276877051146, 0.575157747726818]",1,-1
20554,[0.45418132 0.61352749],0,-1,-1,1,-1
20555,[0.70539626 0.64738921],3,3,"[0.6601234827680622, 0.6109507568947781]",1,-1
20556,[0.37856937 0.59770342],0,1,"[0.37965276877051146, 0.575157747726818]",1,-1
20557,[0.38770011 0.48513712],0,-1,-1,1,-1
20558,[0.30161241 0.15346886],1,2,"[0.294379027732062, 0.1921773781634303]",0,0
20559,[0.75548464 0.71799839],2,0,"[0.7890750777399501, 0.6799557517006445]",1,-1
20560,[0.66588737 0.62964029],3,3,"[0.6601234827680622, 0.6109507568947781]",1,7
20561,[0.64853852 0.67561997],3,3,"[0.6601234827680622, 0.6109507568947781]",1,-1
20562,[0.77965206 0.67052388],2,0,"[0.7890750777399501, 0.6799557517006445]",1,-1
20563,[0.76799236 0.70012008],2,0,"[0.7890750777399501, 0.6799557517006445]",1,-1
20564,[0.38890398 0.60172136],0,1,"[0.37965276877051146, 0.575157747726818]",1,-1
20565,[0.66480899 0.61492168],3,3,"[0.6601234827680622, 0.6109507568947781]",1,-1
20566,[0.66797515 0.51656404],3,-1,-1,1,-1
20567,[0.36550605 0.66314531],0,-1,-1,1,-1
20568,[0.44432627 0.5198981 ],0,-1,-1,1,-1
20569,[0.67338416 0.55081764],3,3,"[0.6601234827680622, 0.6109507568947781]",1,-1
20570,[0.76216279 0.6630539 ],2,0,"[0.7890750777399501, 0.6799557517006445]",1,3
20571,[0.32432897 0.5449171 ],0,1,"[0.37965276877051146, 0.575157747726818]",1,-1
20572,[0.31085506 0.16307627],1,2,"[0.294379027732062, 0.1921773781634303]",0,0
20573,[0.29737319 0.20873511],1,2,"[0.294379027732062, 0.1921773781634303]",0,0
20574,[0.81449313 0.75862433],2,-1,-1,1,-1
20575,[0.42692125 0.5126171 ],0,-1,-1,1,-1
20576,[0.27098658 0.22562648],1,2,"[0.294379027732062, 0.1921773781634303]",0,0
20577,[0.64071811 0.58046529],3,3,"[0.6601234827680622, 0.6109507568947781]",1,-1
20578,[0.31430268 0.51888688],0,-1,-1,1,-1
20579,[0.74293026 0.69389028],2,0,"[0.7890750777399501, 0.6799557517006445]",1,-1
20580,[0.68790676 0.50327748],3,-1,-1,1,-1
20581,[0.6876158  0.76392871],2,-1,-1,1,-1
20582,[0.30814853 0.12310369],1,-1,-1,0,0
20583,[0.62208522 0.58006927],3,3,"[0.6601234827680622, 0.6109507568947781]",1,-1
20584,[0.31154316 0.19641069],1,2,"[0.294379027732062, 0.1921773781634303]",0,0
20585,[0.41218206 0.58425826],0,1,"[0.37965276877051146, 0.575157747726818]",1,-1
20586,[0.68616236 0.63303824],3,3,"[0.6601234827680622, 0.6109507568947781]",1,-1
20587,[0.36103924 0.69541544],0,-1,-1,1,-1
20588,[0.62233725 0.61245548],3,3,"[0.6601234827680622, 0.6109507568947781]",1,-1
20589,[0.81360964 0.74645374],2,-1,-1,1,-1
20590,[0.80408288 0.64559192],2,0,"[0.7890750777399501, 0.6799557517006445]",1,-1
20591,[0.3273219  0.17445078],1,2,"[0.294379027732062, 0.1921773781634303]",0,0
20592,[0.54930497 0.60659868],3,-1,-1,1,-1
20593,[0.42798173 0.56287697],0,1,"[0.37965276877051146, 0.575157747726818]",1,-1
20594,[0.30168594 0.60131652],0,-1,-1,1,-1
20595,[0.24153974 0.08587941],1,-1,-1,0,0
20596,[0.35154815 0.50397188],0,-1,-1,1,-1
20597,[0.71660627 0.53704278],3,-1,-1,1,-1
20598,[0.84731555 0.66522287],2,0,"[0.7890750777399501, 0.6799557517006445]",1,-1
20599,[0.31668853 0.25463229],1,2,"[0.294379027732062, 0.1921773781634303]",0,0
20600,[0.29518092 0.53096027],0,-1,-1,1,-1
20601,[0.3792229  0.60347104],0,1,"[0.37965276877051146, 0.575157747726818]",1,-1
20602,[0.69231381 0.75443733],3,-1,-1,1,-1
20603,[0.66869569 0.63848414],3,3,"[0.6601234827680622, 0.6109507568947781]",1,-1
20604,[0.35089702 0.60571912],0,1,"[0.37965276877051146, 0.575157747726818]",1,-1
20605,[0.21005554 0.15700525],1,-1,-1,0,0
20606,[0.40716289 0.53753028],0,1,"[0.37965276877051146, 0.575157747726818]",1,-1
20607,[0.36170713 0.13983487],1,-1,-1,0,0
20608,[0.6632368  0.64605734],3,3,"[0.6601234827680622, 0.6109507568947781]",1,-1
20609,[0.3612758  0.60794773],0,1,"[0.37965276877051146, 0.575157747726818]",1,-1
20610,[0.3053446  0.11232844],1,-1,-1,0,0
20611,[0.81387648 0.77516298],2,-1,-1,1,-1
20612,[0.6585761  0.58636513],3,3,"[0.6601234827680622, 0.6109507568947781]",1,-1
20613,[0.79550123 0.65580159],2,0,"[0.7890750777399501, 0.6799557517006445]",1,-1
20614,[0.38976232 0.28011421],1,-1,-1,0,0
20615,[0.72978714 0.67194691],3,0,"[0.7890750777399501, 0.6799557517006445]",1,-1
20616,[0.62319667 0.56990253],3,3,"[0.6601234827680622, 0.6109507568947781]",1,-1
20617,[0.45518756 0.54493492],0,-1,-1,1,-1
20618,[0.81190064 0.63472142],2,0,"[0.7890750777399501, 0.6799557517006445]",1,-1
20619,[0.86697634 0.60763862],2,-1,-1,1,-1
20620,[0.31131966 0.12342757],1,-1,-1,0,0
20621,[0.31289405 0.11879894],1,-1,-1,0,0
20622,[0.33098703 0.27132073],1,-1,-1,0,0
20623,[0.29538441 0.23874488],1,2,"[0.294379027732062, 0.1921773781634303]",0,0
20624,[0.70034843 0.58965328],3,3,"[0.6601234827680622, 0.6109507568947781]",1,-1
20625,[0.21342169 0.14783705],1,-1,-1,0,0
20626,[0.76582672 0.71375262],2,0,"[0.7890750777399501, 0.6799557517006445]",1,-1
20627,[0.668232   0.64453333],3,3,"[0.6601234827680622, 0.6109507568947781]",1,-1
20628,[0.80138109 0.54867871],2,-1,-1,1,-1
20629,[0.84797578 0.62493659],2,-1,-1,1,-1
20630,[0.37531703 0.53711231],0,1,"[0.37965276877051146, 0.575157747726818]",1,-1
20631,[0.27238712 0.24370636],1,2,"[0.294379027732062, 0.1921773781634303]",0,0
20632,[0.71161764 0.68456735],2,-1,-1,1,-1
20633,[0.35761088 0.62893902],0,1,"[0.37965276877051146, 0.575157747726818]",1,-1
20634,[0.74358518 0.55576643],3,-1,-1,1,-1
20635,[0.22068832 0.19667312],1,-1,-1,0,0
20636,[0.31820916 0.56431259],0,1,"[0.37965276877051146, 0.575157747726818]",1,-1
20637,[0.80707983 0.52545252],2,-1,-1,1,-1
20638,[0.66244974 0.58699463],3,3,"[0.6601234827680622, 0.6109507568947781]",1,6
20639,[0.65435439 0.59614358],3,3,"[0.6601234827680622, 0.6109507568947781]",1,-1
20640,[0.70267292 0.61977957],3,3,"[0.6601234827680622, 0.6109507568947781]",1,-1
20641,[0.35147616 0.54337003],0,1,"[0.37965276877051146, 0.575157747726818]",1,-1
20642,[0.68442186 0.67210884],3,3,"[0.6601234827680622, 0.6109507568947781]",1,-1
20643,[0.71336797 0.67392753],3,-1,-1,1,-1
20644,[0.69438064 0.59660806],3,3,"[0.6601234827680622, 0.6109507568947781]",1,-1
20645,[0.23162266 0.20070784],1,2,"[0.294379027732062, 0.1921773781634303]",0,0
20646,[0.68665235 0.6060298 ],3,3,"[0.6601234827680622, 0.6109507568947781]",1,5
20647,[0.26636319 0.17927294],1,2,"[0.294379027732062, 0.1921773781634303]",0,0
20648,[0.67962887 0.57547546],3,3,"[0.6601234827680622, 0.6109507568947781]",1,-1
20649,[0.2651018  0.29165524],1,-1,-1,0,0
20650,[0.26853798 0.14925478],1,2,"[0.294379027732062, 0.1921773781634303]",0,0
20651,[0.40616446 0.46942927],0,-1,-1,1,-1
20652,[0.53694968 0.61434457],3,-1,-1,1,-1
20653,[0.68986062 0.64602311],3,3,"[0.6601234827680622, 0.6109507568947781]",1,-1
20654,[0.69639555 0.62399659],3,3,"[0.6601234827680622, 0.6109507568947781]",1,-1
20655,[0.70302552 0.55848231],3,3,"[0.6601234827680622, 0.6109507568947781]",1,-1
20656,[0.66558899 0.69344156],3,-1,-1,1,-1
20657,[0.39512935 0.57110787],0,1,"[0.37965276877051146, 0.575157747726818]",1,-1
20658,[0.77269326 0.67728924],2,0,"[0.7890750777399501, 0.6799557517006445]",1,-1
20659,[0.87576337 0.60143061],2,-1,-1,1,-1
20660,[0.4419882 0.5605728],0,1,"[0.37965276877051146, 0.575157747726818]",1,-1
20661,[0.6576798  0.52086332],3,-1,-1,1,-1
20662,[0.8302648  0.73893899],2,-1,-1,1,-1
20663,[0.67354639 0.6344713 ],3,3,"[0.6601234827680622, 0.6109507568947781]",1,-1
20664,[0.45087588 0.62780955],0,-1,-1,1,-1
20665,[0.69676221 0.51143999],3,-1,-1,1,-1
20666,[0.32377955 0.17224147],1,2,"[0.294379027732062, 0.1921773781634303]",0,0
20667,[0.38431737 0.61907021],0,1,"[0.37965276877051146, 0.575157747726818]",1,-1
20668,[0.29011342 0.1607401 ],1,2,"[0.294379027732062, 0.1921773781634303]",0,0
20669,[0.62990276 0.64094846],3,3,"[0.6601234827680622, 0.6109507568947781]",1,-1
20670,[0.39273492 0.64900482],0,-1,-1,1,-1
20671,[0.2698144  0.58689223],0,-1,-1,1,-1
20672,[0.77717389 0.61047379],2,-1,-1,1,-1
20673,[0.29171518 0.11510804],1,-1,-1,0,0
20674,[0.35450573 0.623887  ],0,1,"[0.37965276877051146, 0.575157747726818]",1,-1
20675,[0.34835408 0.53315164],0,1,"[0.37965276877051146, 0.575157747726818]",1,-1
20676,[0.63838404 0.65548227],3,3,"[0.6601234827680622, 0.6109507568947781]",1,-1
20677,[0.37067504 0.57758555],0,1,"[0.37965276877051146, 0.575157747726818]",1,1
20678,[0.83871199 0.62724932],2,-1,-1,1,-1
20679,[0.69203465 0.62196512],3,3,"[0.6601234827680622, 0.6109507568947781]",1,7
20680,[0.41185823 0.60057351],0,1,"[0.37965276877051146, 0.575157747726818]",1,-1
20681,[0.27741162 0.25419806],1,2,"[0.294379027732062, 0.1921773781634303]",0,0
20682,[0.31429138 0.59327001],0,1,"[0.37965276877051146, 0.575157747726818]",1,-1
20683,[0.27329245 0.24950526],1,2,"[0.294379027732062, 0.1921773781634303]",0,0
20684,[0.23061317 0.24069369],1,-1,-1,0,0
20685,[0.76380193 0.66717769],2,0,"[0.7890750777399501, 0.6799557517006445]",1,-1
20686,[0.40499691 0.61503776],0,1,"[0.37965276877051146, 0.575157747726818]",1,-1
20687,[0.82807394 0.58819058],2,-1,-1,1,-1
20688,[0.72106757 0.64340842],2,3,"[0.6601234827680622, 0.6109507568947781]",1,-1
20689,[0.33168379 0.16565581],1,2,"[0.294379027732062, 0.1921773781634303]",0,0
20690,[0.77219033 0.70944978],2,0,"[0.7890750777399501, 0.6799557517006445]",1,-1
20691,[0.39984022 0.45575509],0,-1,-1,1,-1
20692,[0.72434446 0.67598564],3,0,"[0.7890750777399501, 0.6799557517006445]",1,-1
20693,[0.58156264 0.54850672],3,-1,-1,1,-1
20694,[0.7446396  0.69688993],3,0,"[0.7890750777399501, 0.6799557517006445]",1,-1
20695,[0.75739161 0.62429285],2,0,"[0.7890750777399501, 0.6799557517006445]",1,-1
20696,[0.30074977 0.19763898],1,2,"[0.294379027732062, 0.1921773781634303]",0,0
20697,[0.44980209 0.66962896],0,-1,-1,1,-1
20698,[0.34953274 0.10113625],1,-1,-1,0,0
20699,[0.65982943 0.6359524 ],3,3,"[0.6601234827680622, 0.6109507568947781]",1,-1
20700,[0.63165552 0.66847445],3,3,"[0.6601234827680622, 0.6109507568947781]",1,-1
20701,[0.86089728 0.63893894],2,-1,-1,1,-1
20702,[0.67526047 0.64390342],3,3,"[0.6601234827680622, 0.6109507568947781]",1,-1
20703,[0.85975913 0.7760199 ],2,-1,-1,1,-1
20704,[0.76719542 0.64051961],2,0,"[0.7890750777399501, 0.6799557517006445]",1,-1
20705,[0.39901264 0.60187412],0,1,"[0.37965276877051146, 0.575157747726818]",1,-1
20706,[0.84804122 0.54946817],2,-1,-1,1,-1
20707,[0.33404982 0.31579231],1,-1,-1,0,0
20708,[0.65925526 0.65968632],3,3,"[0.6601234827680622, 0.6109507568947781]",1,-1
20709,[0.24005344 0.18186551],1,2,"[0.294379027732062, 0.1921773781634303]",0,0
20710,[0.34665244 0.19582205],1,2,"[0.294379027732062, 0.1921773781634303]",0,0
20711,[0.45918561 0.60610521],0,-1,-1,1,-1
20712,[0.4297061  0.60213881],0,1,"[0.37965276877051146, 0.575157747726818]",1,-1
20713,[0.81326634 0.61568783],2,0,"[0.7890750777399501, 0.6799557517006445]",1,-1
20714,[0.30703877 0.54727561],0,-1,-1,1,-1
20715,[0.6907592  0.57670848],3,3,"[0.6601234827680622, 0.6109507568947781]",1,-1
20716,[0.71356928 0.73155602],2,-1,-1,1,-1
20717,[0.40332191 0.53990898],0,1,"[0.37965276877051146, 0.575157747726818]",1,-1
20718,[0.77593301 0.68935882],2,0,"[0.7890750777399501, 0.6799557517006445]",1,-1
20719,[0.36601184 0.64071131],0,1,"[0.37965276877051146, 0.575157747726818]",1,-1
20720,[0.78990791 0.7047314 ],2,0,"[0.7890750777399501, 0.6799557517006445]",1,-1
20721,[0.63084798 0.6762063 ],3,-1,-1,1,-1
20722,[0.69969405 0.59819172],3,3,"[0.6601234827680622, 0.6109507568947781]",1,-1
20723,[0.22498971 0.08862512],1,-1,-1,0,0
20724,[0.2459097  0.20941244],1,2,"[0.294379027732062, 0.1921773781634303]",0,0
20725,[0.2756001 0.2994088],1,-1,-1,0,0
20726,[0.42274406 0.56254966],0,1,"[0.37965276877051146, 0.575157747726818]",1,-1
20727,[0.2184336  0.52996798],0,-1,-1,1,-1
20728,[0.45526758 0.58851206],0,-1,-1,1,-1
20729,[0.41810019 0.57276546],0,1,"[0.37965276877051146, 0.575157747726818]",1,-1
20730,[0.615342   0.59407057],3,3,"[0.6601234827680622, 0.6109507568947781]",1,-1
20731,[0.68760684 0.68350559],3,-1,-1,1,-1
20732,[0.79858536 0.65838066],2,0,"[0.7890750777399501, 0.6799557517006445]",1,-1
20733,[0.25299326 0.19988338],1,2,"[0.294379027732062, 0.1921773781634303]",0,0
20734,[0.30510128 0.24334516],1,2,"[0.294379027732062, 0.1921773781634303]",0,0
20735,[0.42416481 0.52645671],0,1,"[0.37965276877051146, 0.575157747726818]",1,-1
20736,[0.76927883 0.64496471],2,0,"[0.7890750777399501, 0.6799557517006445]",1,-1
20737,[0.33222058 0.15803604],1,2,"[0.294379027732062, 0.1921773781634303]",0,0
20738,[0.66766423 0.61233321],3,3,"[0.6601234827680622, 0.6109507568947781]",1,-1
20739,[0.76268651 0.72794737],2,0,"[0.7890750777399501, 0.6799557517006445]",1,-1
20740,[0.79173674 0.72883739],2,0,"[0.7890750777399501, 0.6799557517006445]",1,-1
20741,[0.79617195 0.77847327],2,-1,-1,1,-1
20742,[0.18424162 0.18003135],1,-1,-1,0,0
20743,[0.66760707 0.61810424],3,3,"[0.6601234827680622, 0.6109507568947781]",1,-1
20744,[0.73642288 0.52811596],3,-1,-1,1,-1
20745,[0.58070949 0.60377308],3,-1,-1,1,-1
20746,[0.30171672 0.23096211],1,2,"[0.294379027732062, 0.1921773781634303]",0,0
20747,[0.78222907 0.75111775],2,-1,-1,1,-1
20748,[0.72520597 0.50053382],3,-1,-1,1,-1
20749,[0.7040164  0.67380649],3,-1,-1,1,-1
20750,[0.23953881 0.158603  ],1,2,"[0.294379027732062, 0.1921773781634303]",0,0
20751,[0.64582502 0.56539078],3,3,"[0.6601234827680622, 0.6109507568947781]",1,-1
20752,[0.30458928 0.22127696],1,2,"[0.294379027732062, 0.1921773781634303]",0,0
20753,[0.81571101 0.68328994],2,0,"[0.7890750777399501, 0.6799557517006445]",1,4
20754,[0.33953125 0.1851849 ],1,2,"[0.294379027732062, 0.1921773781634303]",0,0
20755,[0.22848552 0.25496232],1,-1,-1,0,0
20756,[0.62033189 0.61906985],3,3,"[0.6601234827680622, 0.6109507568947781]",1,-1
20757,[0.3006767  0.25433389],1,2,"[0.294379027732062, 0.1921773781634303]",0,0
20758,[0.37360677 0.55829291],0,1,"[0.37965276877051146, 0.575157747726818]",1,-1
20759,[0.65894767 0.57679029],3,3,"[0.6601234827680622, 0.6109507568947781]",1,-1
20760,[0.62396306 0.61834831],3,3,"[0.6601234827680622, 0.6109507568947781]",1,-1
20761,[0.6756543 0.6101165],3,3,"[0.6601234827680622, 0.6109507568947781]",1,-1
20762,[0.90226122 0.75845484],2,-1,-1,1,-1
20763,[0.60548087 0.5592499 ],3,-1,-1,1,-1
20764,[0.84670565 0.73448042],2,-1,-1,1,-1
20765,[0.68865183 0.60180469],3,3,"[0.6601234827680622, 0.6109507568947781]",1,5
20766,[0.35589046 0.62393658],0,1,"[0.37965276877051146, 0.575157747726818]",1,-1
20767,[0.68718376 0.57374257],3,3,"[0.6601234827680622, 0.6109507568947781]",1,-1
20768,[0.27100002 0.24228586],1,2,"[0.294379027732062, 0.1921773781634303]",0,0
20769,[0.81220172 0.70039643],2,0,"[0.7890750777399501, 0.6799557517006445]",1,-1
20770,[0.73622139 0.6240649 ],3,-1,-1,1,-1
20771,[0.3263594  0.51090471],0,-1,-1,1,-1
20772,[0.23932444 0.16867579],1,2,"[0.294379027732062, 0.1921773781634303]",0,0
20773,[0.68972108 0.59824152],3,3,"[0.6601234827680622, 0.6109507568947781]",1,5
20774,[0.43441006 0.55695752],0,1,"[0.37965276877051146, 0.575157747726818]",1,-1
20775,[0.82129465 0.66759873],2,0,"[0.7890750777399501, 0.6799557517006445]",1,-1
20776,[0.40517528 0.56525242],0,1,"[0.37965276877051146, 0.575157747726818]",1,2
20777,[0.43767309 0.54216609],0,1,"[0.37965276877051146, 0.575157747726818]",1,-1
20778,[0.81528444 0.65987436],2,0,"[0.7890750777399501, 0.6799557517006445]",1,-1
20779,[0.39831767 0.6378335 ],0,1,"[0.37965276877051146, 0.575157747726818]",1,-1
20780,[0.67003884 0.59752885],3,3,"[0.6601234827680622, 0.6109507568947781]",1,-1
20781,[0.44634921 0.58180308],0,1,"[0.37965276877051146, 0.575157747726818]",1,-1
20782,[0.66976383 0.57278448],2,3,"[0.6601234827680622, 0.6109507568947781]",1,-1
20783,[0.35307426 0.59976066],0,1,"[0.37965276877051146, 0.575157747726818]",1,-1
20784,[0.34626659 0.19750584],1,2,"[0.294379027732062, 0.1921773781634303]",0,0
20785,[0.8349569  0.66229391],2,0,"[0.7890750777399501, 0.6799557517006445]",1,-1
20786,[0.87620013 0.69141784],2,-1,-1,1,-1
20787,[0.36841812 0.20277456],1,-1,-1,0,0
20788,[0.81534241 0.72992275],2,0,"[0.7890750777399501, 0.6799557517006445]",1,-1
20789,[0.67923657 0.67157369],3,3,"[0.6601234827680622, 0.6109507568947781]",1,-1
20790,[0.28403066 0.14313744],1,2,"[0.294379027732062, 0.1921773781634303]",0,0
20791,[0.3789735  0.61006658],0,1,"[0.37965276877051146, 0.575157747726818]",1,-1
20792,[0.69100779 0.65823689],3,3,"[0.6601234827680622, 0.6109507568947781]",1,-1
20793,[0.22322021 0.17444361],1,-1,-1,0,0
20794,[0.70835797 0.58447471],2,3,"[0.6601234827680622, 0.6109507568947781]",1,-1
20795,[0.41540908 0.57548707],0,1,"[0.37965276877051146, 0.575157747726818]",1,2
20796,[0.25994408 0.27706089],1,-1,-1,0,0
20797,[0.38551569 0.6446909 ],0,1,"[0.37965276877051146, 0.575157747726818]",1,-1
20798,[0.36676056 0.59571261],0,1,"[0.37965276877051146, 0.575157747726818]",1,-1
20799,[0.67014464 0.59324151],3,3,"[0.6601234827680622, 0.6109507568947781]",1,-1
20800,[0.6524498  0.72433432],3,-1,-1,1,-1
20801,[0.30565676 0.15627698],1,2,"[0.294379027732062, 0.1921773781634303]",0,0
20802,[0.56966267 0.64278117],3,-1,-1,1,-1
20803,[0.7425941  0.67969915],2,0,"[0.7890750777399501, 0.6799557517006445]",1,-1
20804,[0.22871491 0.23683521],1,-1,-1,0,0
20805,[0.6923889  0.60293549],3,3,"[0.6601234827680622, 0.6109507568947781]",1,-1
20806,[0.33203774 0.15769478],1,2,"[0.294379027732062, 0.1921773781634303]",0,0
20807,[0.41121792 0.16264021],1,-1,-1,0,0
20808,[0.69475977 0.61074223],3,3,"[0.6601234827680622, 0.6109507568947781]",1,-1
20809,[0.3889324  0.53433309],0,1,"[0.37965276877051146, 0.575157747726818]",1,-1
20810,[0.40101888 0.61775951],0,1,"[0.37965276877051146, 0.575157747726818]",1,-1
20811,[0.34716619 0.54669508],0,1,"[0.37965276877051146, 0.575157747726818]",1,-1
20812,[0.25409698 0.21148299],1,2,"[0.294379027732062, 0.1921773781634303]",0,0
20813,[0.33883432 0.60625178],0,1,"[0.37965276877051146, 0.575157747726818]",1,-1
20814,[0.42301287 0.55098566],0,1,"[0.37965276877051146, 0.575157747726818]",1,-1
20815,[0.24507365 0.19156837],1,2,"[0.294379027732062, 0.1921773781634303]",0,0
20816,[0.61059425 0.66304266],3,-1,-1,1,-1
20817,[0.39318162 0.49681748],0,-1,-1,1,-1
20818,[0.28680915 0.20451728],1,2,"[0.294379027732062, 0.1921773781634303]",0,0
20819,[0.7822524 0.726076 ],2,0,"[0.7890750777399501, 0.6799557517006445]",1,-1
20820,[0.38172642 0.61221616],0,1,"[0.37965276877051146, 0.575157747726818]",1,-1
20821,[0.59781673 0.6915824 ],3,-1,-1,1,-1
20822,[0.32058172 0.58131202],0,1,"[0.37965276877051146, 0.575157747726818]",1,-1
20823,[0.40818249 0.55731147],0,1,"[0.37965276877051146, 0.575157747726818]",1,-1
20824,[0.79428642 0.7398501 ],2,0,"[0.7890750777399501, 0.6799557517006445]",1,-1
20825,[0.81650137 0.66857045],2,0,"[0.7890750777399501, 0.6799557517006445]",1,-1
20826,[0.78420688 0.55894582],3,-1,-1,1,-1
20827,[0.4383363  0.55890303],0,1,"[0.37965276877051146, 0.575157747726818]",1,-1
20828,[0.22647931 0.15847986],1,-1,-1,0,0
20829,[0.34156065 0.16963427],1,2,"[0.294379027732062, 0.1921773781634303]",0,0
20830,[0.33211334 0.68372954],0,-1,-1,1,-1
20831,[0.39268873 0.14790779],1,-1,-1,0,0
20832,[0.29479361 0.18365358],1,2,"[0.294379027732062, 0.1921773781634303]",0,0
20833,[0.25243279 0.13646672],1,2,"[0.294379027732062, 0.1921773781634303]",0,0
20834,[0.21302207 0.24642025],1,-1,-1,0,0
20835,[0.84945326 0.62887383],2,-1,-1,1,-1
20836,[0.37002839 0.60578261],0,1,"[0.37965276877051146, 0.575157747726818]",1,-1
20837,[0.65871043 0.64266717],3,3,"[0.6601234827680622, 0.6109507568947781]",1,-1
20838,[0.58028499 0.55878828],3,-1,-1,1,-1
20839,[0.67995565 0.61987506],3,3,"[0.6601234827680622, 0.6109507568947781]",1,7
20840,[0.78797774 0.64921638],2,0,"[0.7890750777399501, 0.6799557517006445]",1,-1
20841,[0.43104877 0.59157346],0,1,"[0.37965276877051146, 0.575157747726818]",1,-1
20842,[0.8198527  0.68743862],2,0,"[0.7890750777399501, 0.6799557517006445]",1,-1
20843,[0.36223946 0.17386733],1,-1,-1,0,0
20844,[0.69037152 0.62564165],3,3,"[0.6601234827680622, 0.6109507568947781]",1,-1
20845,[0.6213015  0.64525012],3,3,"[0.6601234827680622, 0.6109507568947781]",1,-1
20846,[0.33729787 0.11963112],1,-1,-1,0,0
20847,[0.28864858 0.60341101],0,-1,-1,1,-1
20848,[0.77541922 0.61459993],2,0,"[0.7890750777399501, 0.6799557517006445]",1,-1
20849,[0.86933784 0.72182949],2,-1,-1,1,-1
20850,[0.34543482 0.22043472],1,2,"[0.294379027732062, 0.1921773781634303]",0,0
20851,[0.36253994 0.15970481],1,-1,-1,0,0
20852,[0.21242656 0.12242935],1,-1,-1,0,0
20853,[0.35003448 0.19970742],1,2,"[0.294379027732062, 0.1921773781634303]",0,0
20854,[0.32823988 0.50613815],0,-1,-1,1,-1
20855,[0.34745121 0.17324724],1,2,"[0.294379027732062, 0.1921773781634303]",0,0
20856,[0.28245477 0.19094004],1,2,"[0.294379027732062, 0.1921773781634303]",0,0
20857,[0.26212184 0.18761762],1,2,"[0.294379027732062, 0.1921773781634303]",0,0
20858,[0.72624367 0.60214527],3,3,"[0.6601234827680622, 0.6109507568947781]",1,-1
20859,[0.78274661 0.70497086],2,0,"[0.7890750777399501, 0.6799557517006445]",1,-1
20860,[0.6482318  0.68029138],3,-1,-1,1,-1
20861,[0.32883549 0.6547347 ],0,-1,-1,1,-1
20862,[0.81100047 0.63928302],2,0,"[0.7890750777399501, 0.6799557517006445]",1,-1
20863,[0.42823448 0.60172362],0,1,"[0.37965276877051146, 0.575157747726818]",1,-1
20864,[0.77434121 0.71939124],2,0,"[0.7890750777399501, 0.6799557517006445]",1,-1
20865,[0.69121738 0.61249221],3,3,"[0.6601234827680622, 0.6109507568947781]",1,-1
20866,[0.29819809 0.16614416],1,2,"[0.294379027732062, 0.1921773781634303]",0,0
20867,[0.8744608  0.66588281],2,-1,-1,1,-1
20868,[0.74866788 0.58409805],2,-1,-1,1,-1
20869,[0.34514616 0.52838379],0,1,"[0.37965276877051146, 0.575157747726818]",1,-1
20870,[0.44940754 0.52988372],0,-1,-1,1,-1
20871,[0.32964802 0.20353803],1,2,"[0.294379027732062, 0.1921773781634303]",0,0
20872,[0.79995745 0.68699554],2,0,"[0.7890750777399501, 0.6799557517006445]",1,-1
20873,[0.19291729 0.22725418],1,-1,-1,0,0
20874,[0.60317072 0.58023566],3,3,"[0.6601234827680622, 0.6109507568947781]",1,-1
20875,[0.35512228 0.50127839],0,-1,-1,1,-1
20876,[0.71455238 0.7414389 ],3,-1,-1,1,-1
20877,[0.67256377 0.64700441],3,3,"[0.6601234827680622, 0.6109507568947781]",1,-1
20878,[0.38434214 0.20885982],1,-1,-1,0,0
20879,[0.66828381 0.56085849],3,3,"[0.6601234827680622, 0.6109507568947781]",1,-1
20880,[0.62402654 0.67084878],3,3,"[0.6601234827680622, 0.6109507568947781]",1,-1
20881,[0.34955209 0.18529989],1,2,"[0.294379027732062, 0.1921773781634303]",0,0
20882,[0.66715319 0.55361941],3,3,"[0.6601234827680622, 0.6109507568947781]",1,-1
20883,[0.42943762 0.56529177],0,1,"[0.37965276877051146, 0.575157747726818]",1,-1
20884,[0.39991819 0.57529403],0,1,"[0.37965276877051146, 0.575157747726818]",1,-1
20885,[0.81261757 0.71458506],2,0,"[0.7890750777399501, 0.6799557517006445]",1,-1
20886,[0.70655268 0.64467969],3,3,"[0.6601234827680622, 0.6109507568947781]",1,-1
20887,[0.3073702  0.20263539],1,2,"[0.294379027732062, 0.1921773781634303]",0,0
20888,[0.45569131 0.552173  ],0,-1,-1,1,-1
20889,[0.32229052 0.51125631],0,-1,-1,1,-1
20890,[0.7437273  0.62546307],3,-1,-1,1,-1
20891,[0.44224244 0.55928299],0,1,"[0.37965276877051146, 0.575157747726818]",1,-1
20892,[0.32372492 0.56157106],0,1,"[0.37965276877051146, 0.575157747726818]",1,-1
20893,[0.61166462 0.56230252],3,3,"[0.6601234827680622, 0.6109507568947781]",1,-1
20894,[0.4517571  0.52434516],0,-1,-1,1,-1
20895,[0.23000083 0.24553186],1,-1,-1,0,0
20896,[0.35263856 0.58748661],0,1,"[0.37965276877051146, 0.575157747726818]",1,-1
20897,[0.28466336 0.20295407],1,2,"[0.294379027732062, 0.1921773781634303]",0,0
20898,[0.67817126 0.6610343 ],3,3,"[0.6601234827680622, 0.6109507568947781]",1,-1
20899,[0.371901   0.19271603],1,-1,-1,0,0
20900,[0.77970865 0.68090904],2,0,"[0.7890750777399501, 0.6799557517006445]",1,-1
20901,[0.75040528 0.57879197],3,-1,-1,1,-1
20902,[0.36890744 0.55986397],0,1,"[0.37965276877051146, 0.575157747726818]",1,1
20903,[0.28704007 0.21266493],1,2,"[0.294379027732062, 0.1921773781634303]",0,0
20904,[0.41420211 0.6473871 ],0,-1,-1,1,-1
20905,[0.37353626 0.57385108],0,1,"[0.37965276877051146, 0.575157747726818]",1,1
20906,[0.34744543 0.15488833],1,2,"[0.294379027732062, 0.1921773781634303]",0,0
20907,[0.29293947 0.11062955],1,-1,-1,0,0
20908,[0.7569673 0.6678517],3,0,"[0.7890750777399501, 0.6799557517006445]",1,-1
20909,[0.39065459 0.19521421],1,-1,-1,0,0
20910,[0.30129647 0.14035975],1,2,"[0.294379027732062, 0.1921773781634303]",0,0
20911,[0.62680762 0.64034955],3,3,"[0.6601234827680622, 0.6109507568947781]",1,-1
20912,[0.60928765 0.67058689],3,-1,-1,1,-1
20913,[0.33518822 0.20017593],1,2,"[0.294379027732062, 0.1921773781634303]",0,0
20914,[0.77468111 0.66508909],2,0,"[0.7890750777399501, 0.6799557517006445]",1,-1
20915,[0.73887891 0.62563406],2,-1,-1,1,-1
20916,[0.78744262 0.56117063],2,-1,-1,1,-1
20917,[0.26680415 0.20894704],1,2,"[0.294379027732062, 0.1921773781634303]",0,0
20918,[0.40184765 0.2111119 ],1,-1,-1,0,0
20919,[0.31751789 0.59926805],0,1,"[0.37965276877051146, 0.575157747726818]",1,-1
20920,[0.84940923 0.6471705 ],2,0,"[0.7890750777399501, 0.6799557517006445]",1,-1
20921,[0.37399531 0.60801487],0,1,"[0.37965276877051146, 0.575157747726818]",1,-1
20922,[0.32886697 0.60924022],0,1,"[0.37965276877051146, 0.575157747726818]",1,-1
20923,[0.68501803 0.55498299],2,3,"[0.6601234827680622, 0.6109507568947781]",1,-1
20924,[0.47519011 0.6015157 ],0,-1,-1,1,-1
20925,[0.65642889 0.65331604],3,3,"[0.6601234827680622, 0.6109507568947781]",1,-1
20926,[0.28615614 0.16113474],1,2,"[0.294379027732062, 0.1921773781634303]",0,0
20927,[0.345511   0.61256493],0,1,"[0.37965276877051146, 0.575157747726818]",1,-1
20928,[0.81230797 0.70097754],2,0,"[0.7890750777399501, 0.6799557517006445]",1,-1
20929,[0.62900085 0.62913994],3,3,"[0.6601234827680622, 0.6109507568947781]",1,-1
20930,[0.66452284 0.56996267],3,3,"[0.6601234827680622, 0.6109507568947781]",1,-1
20931,[0.41076141 0.62088087],0,1,"[0.37965276877051146, 0.575157747726818]",1,-1
20932,[0.42768763 0.44615816],0,-1,-1,1,-1
20933,[0.344167   0.54421708],0,1,"[0.37965276877051146, 0.575157747726818]",1,-1
20934,[0.32553231 0.24573757],1,2,"[0.294379027732062, 0.1921773781634303]",0,0
20935,[0.28286576 0.22746555],1,2,"[0.294379027732062, 0.1921773781634303]",0,0
20936,[0.67867028 0.64697085],3,3,"[0.6601234827680622, 0.6109507568947781]",1,-1
20937,[0.29997801 0.228506  ],1,2,"[0.294379027732062, 0.1921773781634303]",0,0
20938,[0.85188365 0.63442076],2,-1,-1,1,-1
20939,[0.64730825 0.6826852 ],3,-1,-1,1,-1
20940,[0.37843741 0.64864204],0,-1,-1,1,-1
20941,[0.34660405 0.20984216],1,2,"[0.294379027732062, 0.1921773781634303]",0,0
20942,[0.28022933 0.28620748],1,-1,-1,0,0
20943,[0.31297656 0.21400645],1,2,"[0.294379027732062, 0.1921773781634303]",0,0
20944,[0.70549172 0.68496281],3,-1,-1,1,-1
20945,[0.63092571 0.57210561],3,3,"[0.6601234827680622, 0.6109507568947781]",1,-1
20946,[0.3804284  0.64597651],0,-1,-1,1,-1
20947,[0.8532187  0.69011748],2,0,"[0.7890750777399501, 0.6799557517006445]",1,-1
20948,[0.41204877 0.62220343],0,1,"[0.37965276877051146, 0.575157747726818]",1,-1
20949,[0.45384957 0.52614019],0,-1,-1,1,-1
20950,[0.86784675 0.73272006],2,-1,-1,1,-1
20951,[0.79854877 0.56486053],3,-1,-1,1,-1
20952,[0.33825508 0.27332811],1,-1,-1,0,0
20953,[0.30869087 0.27019126],1,-1,-1,0,0
20954,[0.22705839 0.22917447],1,-1,-1,0,0
20955,[0.51924108 0.58395862],0,-1,-1,1,-1
20956,[0.36607294 0.11631193],1,-1,-1,0,0
20957,[0.26163813 0.61773191],0,-1,-1,1,-1
20958,[0.75196604 0.67538326],2,0,"[0.7890750777399501, 0.6799557517006445]",1,-1
20959,[0.68828393 0.62910927],3,3,"[0.6601234827680622, 0.6109507568947781]",1,7
20960,[0.66147775 0.69636978],3,-1,-1,1,-1
20961,[0.36196762 0.54814882],0,1,"[0.37965276877051146, 0.575157747726818]",1,-1
20962,[0.60748494 0.60036337],3,3,"[0.6601234827680622, 0.6109507568947781]",1,-1
20963,[0.63168015 0.60909305],3,3,"[0.6601234827680622, 0.6109507568947781]",1,-1
20964,[0.73619949 0.71418555],2,0,"[0.7890750777399501, 0.6799557517006445]",1,-1
20965,[0.59795245 0.60747299],3,3,"[0.6601234827680622, 0.6109507568947781]",1,-1
20966,[0.41545829 0.51654168],0,1,"[0.37965276877051146, 0.575157747726818]",1,-1
20967,[0.43299591 0.5631288 ],0,1,"[0.37965276877051146, 0.575157747726818]",1,-1
20968,[0.39210386 0.25289407],1,-1,-1,0,0
20969,[0.71687053 0.70405315],2,-1,-1,1,-1
20970,[0.68247059 0.62901921],3,3,"[0.6601234827680622, 0.6109507568947781]",1,7
20971,[0.23484458 0.18813744],1,2,"[0.294379027732062, 0.1921773781634303]",0,0
20972,[0.70990333 0.64932178],3,3,"[0.6601234827680622, 0.6109507568947781]",1,-1
20973,[0.8473276  0.73593536],2,-1,-1,1,-1
20974,[0.83113605 0.70857746],2,0,"[0.7890750777399501, 0.6799557517006445]",1,-1
20975,[0.66975736 0.60696028],3,3,"[0.6601234827680622, 0.6109507568947781]",1,-1
20976,[0.7089831 0.6075965],3,3,"[0.6601234827680622, 0.6109507568947781]",1,-1
20977,[0.60814115 0.62802714],3,3,"[0.6601234827680622, 0.6109507568947781]",1,-1
20978,[0.80137713 0.63770731],2,0,"[0.7890750777399501, 0.6799557517006445]",1,-1
20979,[0.30925651 0.18358672],1,2,"[0.294379027732062, 0.1921773781634303]",0,0
20980,[0.59031728 0.57043637],3,-1,-1,1,-1
20981,[0.66061928 0.60853143],3,3,"[0.6601234827680622, 0.6109507568947781]",1,-1
20982,[0.75546463 0.59174596],2,-1,-1,1,-1
20983,[0.40726379 0.55330595],0,1,"[0.37965276877051146, 0.575157747726818]",1,-1
20984,[0.87150618 0.61742829],2,-1,-1,1,-1
20985,[0.3084379  0.19118139],1,2,"[0.294379027732062, 0.1921773781634303]",0,0
20986,[0.71030996 0.54647387],3,-1,-1,1,-1
20987,[0.62616765 0.57010449],3,3,"[0.6601234827680622, 0.6109507568947781]",1,-1
20988,[0.73805322 0.61724979],3,-1,-1,1,-1
20989,[0.79457823 0.74590874],2,0,"[0.7890750777399501, 0.6799557517006445]",1,-1
20990,[0.34623963 0.13783509],1,-1,-1,0,0
20991,[0.61621322 0.60093317],3,3,"[0.6601234827680622, 0.6109507568947781]",1,-1
20992,[0.30665364 0.24646716],1,2,"[0.294379027732062, 0.1921773781634303]",0,0
20993,[0.40653888 0.09786105],1,-1,-1,0,0
20994,[0.72163881 0.62010052],3,3,"[0.6601234827680622, 0.6109507568947781]",1,-1
20995,[0.71780908 0.61224752],3,3,"[0.6601234827680622, 0.6109507568947781]",1,-1
20996,[0.34872253 0.28881278],1,-1,-1,0,0
20997,[0.61419961 0.54650699],3,-1,-1,1,-1
20998,[0.80573208 0.71038476],2,0,"[0.7890750777399501, 0.6799557517006445]",1,-1
20999,[0.37911144 0.66926032],0,-1,-1,1,-1
21000,[0.27151198 0.23108677],1,2,"[0.294379027732062, 0.1921773781634303]",0,0
21001,[0.32147867 0.51136941],0,-1,-1,1,-1
21002,[0.27849087 0.27862891],1,-1,-1,0,0
21003,[0.38180731 0.63757   ],0,1,"[0.37965276877051146, 0.575157747726818]",1,-1
21004,[0.31430158 0.28308714],1,-1,-1,0,0
21005,[0.28714581 0.21517386],1,2,"[0.294379027732062, 0.1921773781634303]",0,0
21006,[0.83944047 0.77472051],2,-1,-1,1,-1
21007,[0.77464181 0.64615963],2,0,"[0.7890750777399501, 0.6799557517006445]",1,-1
21008,[0.64284692 0.62045577],3,3,"[0.6601234827680622, 0.6109507568947781]",1,-1
21009,[0.71285341 0.67214211],2,-1,-1,1,-1
21010,[0.75831419 0.7308485 ],2,0,"[0.7890750777399501, 0.6799557517006445]",1,-1
21011,[0.74612627 0.71634384],2,0,"[0.7890750777399501, 0.6799557517006445]",1,-1
21012,[0.24930101 0.1355279 ],1,-1,-1,0,0
21013,[0.37680785 0.53081059],0,1,"[0.37965276877051146, 0.575157747726818]",1,-1
21014,[0.67640779 0.5914257 ],3,3,"[0.6601234827680622, 0.6109507568947781]",1,-1
21015,[0.56885385 0.65171554],3,-1,-1,1,-1
21016,[0.84099257 0.58852428],2,-1,-1,1,-1
21017,[0.23563433 0.20550085],1,2,"[0.294379027732062, 0.1921773781634303]",0,0
21018,[0.4796144  0.60045327],0,-1,-1,1,-1
21019,[0.76672523 0.66646837],2,0,"[0.7890750777399501, 0.6799557517006445]",1,-1
21020,[0.46138268 0.60982283],0,-1,-1,1,-1
21021,[0.64746912 0.53878937],3,-1,-1,1,-1
21022,[0.4692204  0.57803662],0,-1,-1,1,-1
21023,[0.82398623 0.64123873],2,0,"[0.7890750777399501, 0.6799557517006445]",1,-1
21024,[0.44873746 0.69404003],0,-1,-1,1,-1
21025,[0.31156219 0.17618818],1,2,"[0.294379027732062, 0.1921773781634303]",0,0
21026,[0.30742712 0.23893955],1,2,"[0.294379027732062, 0.1921773781634303]",0,0
21027,[0.79268812 0.67560952],2,0,"[0.7890750777399501, 0.6799557517006445]",1,4
21028,[0.81685416 0.71767447],2,0,"[0.7890750777399501, 0.6799557517006445]",1,-1
21029,[0.41519606 0.63050517],0,1,"[0.37965276877051146, 0.575157747726818]",1,-1
21030,[0.77681828 0.63395303],2,0,"[0.7890750777399501, 0.6799557517006445]",1,-1
21031,[0.42121923 0.44285725],0,-1,-1,1,-1
21032,[0.79714643 0.70780992],2,0,"[0.7890750777399501, 0.6799557517006445]",1,-1
21033,[0.77386938 0.65037572],2,0,"[0.7890750777399501, 0.6799557517006445]",1,-1
21034,[0.70092117 0.60075893],2,3,"[0.6601234827680622, 0.6109507568947781]",1,-1
21035,[0.41906999 0.63987932],0,-1,-1,1,-1
21036,[0.33050769 0.15936223],1,2,"[0.294379027732062, 0.1921773781634303]",0,0
21037,[0.6495165 0.6025856],3,3,"[0.6601234827680622, 0.6109507568947781]",1,6
21038,[0.86172397 0.69416025],2,-1,-1,1,-1
21039,[0.85248004 0.71348892],2,-1,-1,1,-1
21040,[0.38144362 0.58154182],0,1,"[0.37965276877051146, 0.575157747726818]",1,-1
21041,[0.77743996 0.64613924],2,0,"[0.7890750777399501, 0.6799557517006445]",1,-1
21042,[0.43266842 0.51850456],0,-1,-1,1,-1
21043,[0.56892221 0.67784235],3,-1,-1,1,-1
21044,[0.46420687 0.59561342],0,-1,-1,1,-1
21045,[0.74251582 0.73903139],2,-1,-1,1,-1
21046,[0.48580677 0.61755259],0,-1,-1,1,-1
21047,[0.692047   0.69400964],2,-1,-1,1,-1
21048,[0.28126966 0.18517096],1,2,"[0.294379027732062, 0.1921773781634303]",0,0
21049,[0.68684269 0.57530203],3,3,"[0.6601234827680622, 0.6109507568947781]",1,-1
21050,[0.22554395 0.12326683],1,-1,-1,0,0
21051,[0.84817504 0.63240234],2,-1,-1,1,-1
21052,[0.28337547 0.14471238],1,2,"[0.294379027732062, 0.1921773781634303]",0,0
21053,[0.32008465 0.2237053 ],1,2,"[0.294379027732062, 0.1921773781634303]",0,0
21054,[0.33330284 0.1961917 ],1,2,"[0.294379027732062, 0.1921773781634303]",0,0
21055,[0.5875152  0.47804434],3,-1,-1,1,-1
21056,[0.35747533 0.13634214],1,-1,-1,0,0
21057,[0.77028264 0.62384458],2,0,"[0.7890750777399501, 0.6799557517006445]",1,-1
21058,[0.29918077 0.20049809],1,2,"[0.294379027732062, 0.1921773781634303]",0,0
21059,[0.21393595 0.14274026],1,-1,-1,0,0
21060,[0.16168507 0.23342485],1,-1,-1,0,0
21061,[0.34470334 0.56683836],0,1,"[0.37965276877051146, 0.575157747726818]",1,-1
21062,[0.21323369 0.20860081],1,-1,-1,0,0
21063,[0.78543015 0.56190629],2,-1,-1,1,-1
21064,[0.77340645 0.65393594],3,0,"[0.7890750777399501, 0.6799557517006445]",1,3
21065,[0.40091863 0.58411994],0,1,"[0.37965276877051146, 0.575157747726818]",1,-1
21066,[0.34976555 0.20668743],1,2,"[0.294379027732062, 0.1921773781634303]",0,0
21067,[0.83370305 0.71679628],2,0,"[0.7890750777399501, 0.6799557517006445]",1,-1
21068,[0.7535288  0.63941789],3,0,"[0.7890750777399501, 0.6799557517006445]",1,-1
21069,[0.7336702  0.64947645],3,0,"[0.7890750777399501, 0.6799557517006445]",1,-1
21070,[0.3504398  0.56661037],0,1,"[0.37965276877051146, 0.575157747726818]",1,-1
21071,[0.68197281 0.64850695],3,3,"[0.6601234827680622, 0.6109507568947781]",1,-1
21072,[0.31725751 0.25505011],1,2,"[0.294379027732062, 0.1921773781634303]",0,0
21073,[0.88955944 0.60880816],2,-1,-1,1,-1
21074,[0.28395827 0.1677138 ],1,2,"[0.294379027732062, 0.1921773781634303]",0,0
21075,[0.73915613 0.66007854],2,0,"[0.7890750777399501, 0.6799557517006445]",1,-1
21076,[0.31572439 0.17771153],1,2,"[0.294379027732062, 0.1921773781634303]",0,0
21077,[0.32530808 0.20200545],1,2,"[0.294379027732062, 0.1921773781634303]",0,0
21078,[0.32942807 0.21436278],1,2,"[0.294379027732062, 0.1921773781634303]",0,0
21079,[0.83595315 0.74337735],2,-1,-1,1,-1
21080,[0.17784224 0.19264056],1,-1,-1,0,0
21081,[0.43350215 0.56138752],0,1,"[0.37965276877051146, 0.575157747726818]",1,-1
21082,[0.28846235 0.57818185],0,-1,-1,1,-1
21083,[0.75023784 0.69600402],2,0,"[0.7890750777399501, 0.6799557517006445]",1,-1
21084,[0.78206016 0.60200717],2,-1,-1,1,-1
21085,[0.35909758 0.58286688],0,1,"[0.37965276877051146, 0.575157747726818]",1,-1
21086,[0.70568835 0.67694854],3,-1,-1,1,-1
21087,[0.62847323 0.67876487],3,-1,-1,1,-1
21088,[0.42850262 0.54726924],0,1,"[0.37965276877051146, 0.575157747726818]",1,-1
21089,[0.59818988 0.59365568],3,3,"[0.6601234827680622, 0.6109507568947781]",1,-1
21090,[0.76409396 0.70331472],2,0,"[0.7890750777399501, 0.6799557517006445]",1,-1
21091,[0.2679403  0.25356564],1,2,"[0.294379027732062, 0.1921773781634303]",0,0
21092,[0.44159546 0.64206362],0,-1,-1,1,-1
21093,[0.62300018 0.62676618],3,3,"[0.6601234827680622, 0.6109507568947781]",1,-1
21094,[0.60590792 0.52196725],3,-1,-1,1,-1
21095,[0.68542955 0.66347953],3,3,"[0.6601234827680622, 0.6109507568947781]",1,-1
21096,[0.28875362 0.24445847],1,2,"[0.294379027732062, 0.1921773781634303]",0,0
21097,[0.2954705  0.20598537],1,2,"[0.294379027732062, 0.1921773781634303]",0,0
21098,[0.80745331 0.69228889],2,0,"[0.7890750777399501, 0.6799557517006445]",1,-1
21099,[0.42511503 0.52808488],0,1,"[0.37965276877051146, 0.575157747726818]",1,-1
21100,[0.3419083  0.24753084],1,-1,-1,0,0
21101,[0.59132595 0.57948122],3,-1,-1,1,-1
21102,[0.74907322 0.64031783],2,0,"[0.7890750777399501, 0.6799557517006445]",1,-1
21103,[0.67817818 0.61149445],2,3,"[0.6601234827680622, 0.6109507568947781]",1,-1
21104,[0.24125415 0.12270331],1,-1,-1,0,0
21105,[0.6452921  0.59397761],3,3,"[0.6601234827680622, 0.6109507568947781]",1,-1
21106,[0.21704313 0.14405054],1,-1,-1,0,0
21107,[0.39616257 0.53339862],0,1,"[0.37965276877051146, 0.575157747726818]",1,-1
21108,[0.56700743 0.66513971],3,-1,-1,1,-1
21109,[0.66250734 0.61626603],3,3,"[0.6601234827680622, 0.6109507568947781]",1,7
21110,[0.28716688 0.46969237],0,-1,-1,1,-1
21111,[0.79874185 0.7003915 ],2,0,"[0.7890750777399501, 0.6799557517006445]",1,-1
21112,[0.72222345 0.6113173 ],2,3,"[0.6601234827680622, 0.6109507568947781]",1,-1
21113,[0.41342704 0.6009273 ],0,1,"[0.37965276877051146, 0.575157747726818]",1,-1
21114,[0.72330205 0.59361121],2,3,"[0.6601234827680622, 0.6109507568947781]",1,-1
21115,[0.44685387 0.57453276],0,1,"[0.37965276877051146, 0.575157747726818]",1,-1
21116,[0.34892848 0.52332704],0,1,"[0.37965276877051146, 0.575157747726818]",1,-1
21117,[0.60170928 0.71357374],3,-1,-1,1,-1
21118,[0.48809681 0.53784316],0,-1,-1,1,-1
21119,[0.31497739 0.18283841],1,2,"[0.294379027732062, 0.1921773781634303]",0,0
21120,[0.33377334 0.63824663],0,-1,-1,1,-1
21121,[0.33175653 0.18021246],1,2,"[0.294379027732062, 0.1921773781634303]",0,0
21122,[0.35524442 0.63913566],0,1,"[0.37965276877051146, 0.575157747726818]",1,-1
21123,[0.69434325 0.64941016],2,3,"[0.6601234827680622, 0.6109507568947781]",1,-1
21124,[0.24115743 0.20103676],1,2,"[0.294379027732062, 0.1921773781634303]",0,0
21125,[0.30727586 0.26568351],1,-1,-1,0,0
21126,[0.29483744 0.23178143],1,2,"[0.294379027732062, 0.1921773781634303]",0,0
21127,[0.7707421  0.72552957],2,0,"[0.7890750777399501, 0.6799557517006445]",1,-1
21128,[0.34859982 0.52363893],0,1,"[0.37965276877051146, 0.575157747726818]",1,-1
21129,[0.75394218 0.67553125],2,0,"[0.7890750777399501, 0.6799557517006445]",1,-1
21130,[0.65889317 0.62873703],3,3,"[0.6601234827680622, 0.6109507568947781]",1,-1
21131,[0.58079562 0.59286787],3,-1,-1,1,-1
21132,[0.28975893 0.20100166],1,2,"[0.294379027732062, 0.1921773781634303]",0,0
21133,[0.64210692 0.71524702],3,-1,-1,1,-1
21134,[0.2788725  0.14892311],1,2,"[0.294379027732062, 0.1921773781634303]",0,0
21135,[0.6950925  0.54803726],3,-1,-1,1,-1
21136,[0.30873102 0.56890967],0,-1,-1,1,-1
21137,[0.29875338 0.2425022 ],1,2,"[0.294379027732062, 0.1921773781634303]",0,0
21138,[0.6872815  0.53226414],3,-1,-1,1,-1
21139,[0.40054149 0.50733891],0,-1,-1,1,-1
21140,[0.71941584 0.68137678],2,0,"[0.7890750777399501, 0.6799557517006445]",1,-1
21141,[0.66050133 0.58029926],3,3,"[0.6601234827680622, 0.6109507568947781]",1,-1
21142,[0.41936532 0.65611108],0,-1,-1,1,-1
21143,[0.3486614  0.51202639],0,-1,-1,1,-1
21144,[0.80171904 0.63744026],2,0,"[0.7890750777399501, 0.6799557517006445]",1,-1
21145,[0.3714297  0.21536882],1,-1,-1,0,0
21146,[0.44114078 0.58800901],0,1,"[0.37965276877051146, 0.575157747726818]",1,-1
21147,[0.72308377 0.63341257],2,3,"[0.6601234827680622, 0.6109507568947781]",1,-1
21148,[0.3538857  0.13027472],1,-1,-1,0,0
21149,[0.28001205 0.5877953 ],0,-1,-1,1,-1
21150,[0.32309227 0.25598568],1,2,"[0.294379027732062, 0.1921773781634303]",0,0
21151,[0.40703879 0.58094504],0,1,"[0.37965276877051146, 0.575157747726818]",1,2
21152,[0.65465028 0.56836708],3,3,"[0.6601234827680622, 0.6109507568947781]",1,-1
21153,[0.40407844 0.51528057],0,1,"[0.37965276877051146, 0.575157747726818]",1,-1
21154,[0.73283634 0.65459614],3,0,"[0.7890750777399501, 0.6799557517006445]",1,-1
21155,[0.26876331 0.19608196],1,2,"[0.294379027732062, 0.1921773781634303]",0,0
21156,[0.68940559 0.6593876 ],2,3,"[0.6601234827680622, 0.6109507568947781]",1,-1
21157,[0.69470817 0.52655878],3,-1,-1,1,-1
21158,[0.29906213 0.17491916],1,2,"[0.294379027732062, 0.1921773781634303]",0,0
21159,[0.244632   0.18797692],1,2,"[0.294379027732062, 0.1921773781634303]",0,0
21160,[0.62763438 0.56729547],3,3,"[0.6601234827680622, 0.6109507568947781]",1,-1
21161,[0.2917077  0.11302179],1,-1,-1,0,0
21162,[0.23856905 0.18134499],1,2,"[0.294379027732062, 0.1921773781634303]",0,0
21163,[0.38011653 0.28865416],1,-1,-1,0,0
21164,[0.77572911 0.69866202],2,0,"[0.7890750777399501, 0.6799557517006445]",1,-1
21165,[0.28516688 0.11838241],1,-1,-1,0,0
21166,[0.74815448 0.62003482],2,-1,-1,1,-1
21167,[0.34550157 0.2326668 ],1,2,"[0.294379027732062, 0.1921773781634303]",0,0
21168,[0.82053923 0.67195037],2,0,"[0.7890750777399501, 0.6799557517006445]",1,-1
21169,[0.6471249  0.60890262],3,3,"[0.6601234827680622, 0.6109507568947781]",1,6
21170,[0.75428698 0.7254705 ],2,0,"[0.7890750777399501, 0.6799557517006445]",1,-1
21171,[0.29856667 0.20730661],1,2,"[0.294379027732062, 0.1921773781634303]",0,0
21172,[0.3462432  0.71485083],0,-1,-1,1,-1
21173,[0.36430009 0.15891709],1,-1,-1,0,0
21174,[0.73684252 0.66663378],3,0,"[0.7890750777399501, 0.6799557517006445]",1,-1
21175,[0.35321136 0.17338539],1,2,"[0.294379027732062, 0.1921773781634303]",0,0
21176,[0.37092574 0.6525799 ],0,-1,-1,1,-1
21177,[0.39268401 0.52408231],0,1,"[0.37965276877051146, 0.575157747726818]",1,-1
21178,[0.72539504 0.74818837],2,-1,-1,1,-1
21179,[0.66876509 0.64218049],3,3,"[0.6601234827680622, 0.6109507568947781]",1,-1
21180,[0.67954302 0.67087408],3,3,"[0.6601234827680622, 0.6109507568947781]",1,-1
21181,[0.61709837 0.57234062],3,3,"[0.6601234827680622, 0.6109507568947781]",1,-1
21182,[0.74334988 0.73249803],2,0,"[0.7890750777399501, 0.6799557517006445]",1,-1
21183,[0.66715263 0.5723021 ],3,3,"[0.6601234827680622, 0.6109507568947781]",1,-1
21184,[0.38300656 0.51142768],0,1,"[0.37965276877051146, 0.575157747726818]",1,-1
21185,[0.69904133 0.58705303],3,3,"[0.6601234827680622, 0.6109507568947781]",1,-1
21186,[0.76535486 0.65672704],2,0,"[0.7890750777399501, 0.6799557517006445]",1,3
21187,[0.46298545 0.5078546 ],0,-1,-1,1,-1
21188,[0.69246844 0.6139324 ],3,3,"[0.6601234827680622, 0.6109507568947781]",1,-1
21189,[0.83853655 0.67837418],2,0,"[0.7890750777399501, 0.6799557517006445]",1,-1
21190,[0.45970948 0.61831256],0,-1,-1,1,-1
21191,[0.39732013 0.52769991],0,1,"[0.37965276877051146, 0.575157747726818]",1,-1
21192,[0.84184427 0.66630818],2,0,"[0.7890750777399501, 0.6799557517006445]",1,-1
21193,[0.86149785 0.75469855],2,-1,-1,1,-1
21194,[0.20613261 0.16693775],1,-1,-1,0,0
21195,[0.67301316 0.60761052],3,3,"[0.6601234827680622, 0.6109507568947781]",1,-1
21196,[0.35877781 0.19857782],1,2,"[0.294379027732062, 0.1921773781634303]",0,0
21197,[0.63672144 0.63047303],3,3,"[0.6601234827680622, 0.6109507568947781]",1,-1
21198,[0.32660267 0.19413238],1,2,"[0.294379027732062, 0.1921773781634303]",0,0
21199,[0.84575369 0.69163237],2,0,"[0.7890750777399501, 0.6799557517006445]",1,-1
21200,[0.77859115 0.69957178],2,0,"[0.7890750777399501, 0.6799557517006445]",1,-1
21201,[0.72002753 0.63351824],2,3,"[0.6601234827680622, 0.6109507568947781]",1,-1
21202,[0.29066487 0.15125268],1,2,"[0.294379027732062, 0.1921773781634303]",0,0
21203,[0.254856   0.62216401],0,-1,-1,1,-1
21204,[0.28387131 0.18840575],1,2,"[0.294379027732062, 0.1921773781634303]",0,0
21205,[0.33995439 0.59488245],0,1,"[0.37965276877051146, 0.575157747726818]",1,-1
21206,[0.73343684 0.56572835],3,-1,-1,1,-1
21207,[0.85025703 0.69091509],2,0,"[0.7890750777399501, 0.6799557517006445]",1,-1
21208,[0.32814333 0.23158316],1,2,"[0.294379027732062, 0.1921773781634303]",0,0
21209,[0.34897806 0.61117323],0,1,"[0.37965276877051146, 0.575157747726818]",1,-1
21210,[0.66929325 0.66562396],3,3,"[0.6601234827680622, 0.6109507568947781]",1,-1
21211,[0.8257504  0.67337386],2,0,"[0.7890750777399501, 0.6799557517006445]",1,-1
21212,[0.32527709 0.21075515],1,2,"[0.294379027732062, 0.1921773781634303]",0,0
21213,[0.74303475 0.68596465],2,0,"[0.7890750777399501, 0.6799557517006445]",1,-1
21214,[0.39322814 0.21130424],1,-1,-1,0,0
21215,[0.37230357 0.57911684],0,1,"[0.37965276877051146, 0.575157747726818]",1,1
21216,[0.73001237 0.72862437],2,-1,-1,1,-1
21217,[0.66209753 0.62291935],3,3,"[0.6601234827680622, 0.6109507568947781]",1,7
21218,[0.35026772 0.21180206],1,2,"[0.294379027732062, 0.1921773781634303]",0,0
21219,[0.68913578 0.65992299],3,3,"[0.6601234827680622, 0.6109507568947781]",1,-1
21220,[0.65070335 0.50306875],3,-1,-1,1,-1
21221,[0.57346466 0.66794401],3,-1,-1,1,-1
21222,[0.73590529 0.60360242],3,-1,-1,1,-1
21223,[0.178262   0.15458433],1,-1,-1,0,0
21224,[0.68643227 0.63317597],3,3,"[0.6601234827680622, 0.6109507568947781]",1,-1
21225,[0.73501997 0.53126898],3,-1,-1,1,-1
21226,[0.34424761 0.60311996],0,1,"[0.37965276877051146, 0.575157747726818]",1,-1
21227,[0.64637779 0.52713031],3,-1,-1,1,-1
21228,[0.68436597 0.58030448],3,3,"[0.6601234827680622, 0.6109507568947781]",1,-1
21229,[0.68098137 0.56953745],3,3,"[0.6601234827680622, 0.6109507568947781]",1,-1
21230,[0.69236388 0.60532937],3,3,"[0.6601234827680622, 0.6109507568947781]",1,-1
21231,[0.63009121 0.60107536],3,3,"[0.6601234827680622, 0.6109507568947781]",1,-1
21232,[0.26850357 0.16165954],1,2,"[0.294379027732062, 0.1921773781634303]",0,0
21233,[0.08672513 0.21548112],1,-1,-1,0,-1
21234,[0.34227007 0.5581336 ],0,1,"[0.37965276877051146, 0.575157747726818]",1,-1
21235,[0.26708341 0.18007713],1,2,"[0.294379027732062, 0.1921773781634303]",0,0
21236,[0.5959506  0.64828196],3,-1,-1,1,-1
21237,[0.28363014 0.23212998],1,2,"[0.294379027732062, 0.1921773781634303]",0,0
21238,[0.23856865 0.11923838],1,-1,-1,0,0
21239,[0.32478817 0.67760882],0,-1,-1,1,-1
21240,[0.37929134 0.47369358],0,-1,-1,1,-1
21241,[0.23787041 0.18739   ],1,2,"[0.294379027732062, 0.1921773781634303]",0,0
21242,[0.82984071 0.68501981],2,0,"[0.7890750777399501, 0.6799557517006445]",1,-1
21243,[0.38658415 0.55247499],0,1,"[0.37965276877051146, 0.575157747726818]",1,-1
21244,[0.23654817 0.08906821],1,-1,-1,0,0
21245,[0.80962857 0.72966816],2,0,"[0.7890750777399501, 0.6799557517006445]",1,-1
21246,[0.7993112  0.66420632],2,0,"[0.7890750777399501, 0.6799557517006445]",1,-1
21247,[0.27824842 0.22751416],1,2,"[0.294379027732062, 0.1921773781634303]",0,0
21248,[0.44230362 0.51240196],0,-1,-1,1,-1
21249,[0.63253585 0.56709135],3,3,"[0.6601234827680622, 0.6109507568947781]",1,-1
21250,[0.25524671 0.174944  ],1,2,"[0.294379027732062, 0.1921773781634303]",0,0
21251,[0.62428702 0.57877272],3,3,"[0.6601234827680622, 0.6109507568947781]",1,-1
21252,[0.28345953 0.13065334],1,2,"[0.294379027732062, 0.1921773781634303]",0,0
21253,[0.55748474 0.48838513],3,-1,-1,1,-1
21254,[0.84058125 0.70202067],2,0,"[0.7890750777399501, 0.6799557517006445]",1,-1
21255,[0.29968462 0.58265969],0,-1,-1,1,-1
21256,[0.70637378 0.61405458],3,3,"[0.6601234827680622, 0.6109507568947781]",1,-1
21257,[0.6191767  0.68980797],3,-1,-1,1,-1
21258,[0.38318811 0.11885142],1,-1,-1,0,0
21259,[0.6398304  0.66771477],3,3,"[0.6601234827680622, 0.6109507568947781]",1,-1
21260,[0.8103164  0.62417696],2,0,"[0.7890750777399501, 0.6799557517006445]",1,-1
21261,[0.81765756 0.67568427],2,0,"[0.7890750777399501, 0.6799557517006445]",1,-1
21262,[0.68030378 0.59521726],3,3,"[0.6601234827680622, 0.6109507568947781]",1,-1
21263,[0.74325582 0.71186354],2,0,"[0.7890750777399501, 0.6799557517006445]",1,-1
21264,[0.78657393 0.73487602],2,0,"[0.7890750777399501, 0.6799557517006445]",1,-1
21265,[0.64830388 0.61723547],3,3,"[0.6601234827680622, 0.6109507568947781]",1,-1
21266,[0.27814685 0.21827041],1,2,"[0.294379027732062, 0.1921773781634303]",0,0
21267,[0.319742   0.57854439],0,1,"[0.37965276877051146, 0.575157747726818]",1,-1
21268,[0.34210058 0.20827329],1,2,"[0.294379027732062, 0.1921773781634303]",0,0
21269,[0.3075232  0.61619345],0,-1,-1,1,-1
21270,[0.26538108 0.1907768 ],1,2,"[0.294379027732062, 0.1921773781634303]",0,0
21271,[0.65170111 0.61850541],3,3,"[0.6601234827680622, 0.6109507568947781]",1,-1
21272,[0.79491609 0.71825907],2,0,"[0.7890750777399501, 0.6799557517006445]",1,-1
21273,[0.83232033 0.71187328],2,0,"[0.7890750777399501, 0.6799557517006445]",1,-1
21274,[0.72238089 0.68544215],3,0,"[0.7890750777399501, 0.6799557517006445]",1,-1
21275,[0.39067371 0.56944832],0,1,"[0.37965276877051146, 0.575157747726818]",1,-1
21276,[0.62645971 0.65803812],3,3,"[0.6601234827680622, 0.6109507568947781]",1,-1
21277,[0.39835989 0.22488879],1,-1,-1,0,0
21278,[0.33061445 0.64363742],0,-1,-1,1,-1
21279,[0.24794091 0.21249101],1,2,"[0.294379027732062, 0.1921773781634303]",0,0
21280,[0.59608764 0.56361316],3,-1,-1,1,-1
21281,[0.69179615 0.56316455],3,3,"[0.6601234827680622, 0.6109507568947781]",1,-1
21282,[0.83239588 0.64520691],2,0,"[0.7890750777399501, 0.6799557517006445]",1,-1
21283,[0.34185296 0.19437725],1,2,"[0.294379027732062, 0.1921773781634303]",0,0
21284,[0.37657574 0.57810402],0,1,"[0.37965276877051146, 0.575157747726818]",1,1
21285,[0.42033438 0.59776574],0,1,"[0.37965276877051146, 0.575157747726818]",1,-1
21286,[0.74770583 0.62760397],2,0,"[0.7890750777399501, 0.6799557517006445]",1,-1
21287,[0.65927046 0.59715942],3,3,"[0.6601234827680622, 0.6109507568947781]",1,-1
21288,[0.37667774 0.64074717],0,1,"[0.37965276877051146, 0.575157747726818]",1,-1
21289,[0.341581   0.20622391],1,2,"[0.294379027732062, 0.1921773781634303]",0,0
21290,[0.70606643 0.65672703],3,3,"[0.6601234827680622, 0.6109507568947781]",1,-1
21291,[0.76572261 0.64312813],2,0,"[0.7890750777399501, 0.6799557517006445]",1,-1
21292,[0.72559847 0.70392724],2,0,"[0.7890750777399501, 0.6799557517006445]",1,-1
21293,[0.75212419 0.67778827],2,0,"[0.7890750777399501, 0.6799557517006445]",1,-1
21294,[0.63347186 0.66275445],3,3,"[0.6601234827680622, 0.6109507568947781]",1,-1
21295,[0.39847669 0.52520259],0,1,"[0.37965276877051146, 0.575157747726818]",1,-1
21296,[0.29227807 0.20869728],1,2,"[0.294379027732062, 0.1921773781634303]",0,0
21297,[0.86839407 0.67116127],2,-1,-1,1,-1
21298,[0.85350218 0.7085269 ],2,-1,-1,1,-1
21299,[0.32492354 0.4330005 ],0,-1,-1,1,-1
21300,[0.71273578 0.72886721],2,-1,-1,1,-1
21301,[0.38227859 0.57648826],0,1,"[0.37965276877051146, 0.575157747726818]",1,-1
21302,[0.21615653 0.16029335],1,-1,-1,0,0
21303,[0.25017586 0.26887052],1,-1,-1,0,0
21304,[0.25941523 0.2944912 ],1,-1,-1,0,0
21305,[0.65823147 0.5880775 ],3,3,"[0.6601234827680622, 0.6109507568947781]",1,-1
21306,[0.60890135 0.57795686],3,3,"[0.6601234827680622, 0.6109507568947781]",1,-1
21307,[0.34011882 0.151022  ],1,2,"[0.294379027732062, 0.1921773781634303]",0,0
21308,[0.42501293 0.59793015],0,1,"[0.37965276877051146, 0.575157747726818]",1,-1
21309,[0.31846553 0.56113739],0,1,"[0.37965276877051146, 0.575157747726818]",1,-1
21310,[0.40272763 0.19868453],1,-1,-1,0,0
21311,[0.34370308 0.46983235],0,-1,-1,1,-1
21312,[0.61567041 0.62623495],3,3,"[0.6601234827680622, 0.6109507568947781]",1,-1
21313,[0.24364402 0.17495543],1,2,"[0.294379027732062, 0.1921773781634303]",0,0
21314,[0.32499381 0.22690321],1,2,"[0.294379027732062, 0.1921773781634303]",0,0
21315,[0.25680461 0.10194678],1,-1,-1,0,0
21316,[0.43894667 0.58418267],0,1,"[0.37965276877051146, 0.575157747726818]",1,-1
21317,[0.69404425 0.63860708],3,3,"[0.6601234827680622, 0.6109507568947781]",1,-1
21318,[0.78950041 0.67582478],2,0,"[0.7890750777399501, 0.6799557517006445]",1,4
21319,[0.43579277 0.63296051],0,-1,-1,1,-1
21320,[0.4061695  0.15535352],1,-1,-1,0,0
21321,[0.36441222 0.50349997],0,-1,-1,1,-1
21322,[0.64297799 0.58621174],3,3,"[0.6601234827680622, 0.6109507568947781]",1,-1
21323,[0.33423431 0.55579409],0,1,"[0.37965276877051146, 0.575157747726818]",1,-1
21324,[0.5668743  0.60887344],3,-1,-1,1,-1
21325,[0.33220203 0.56392546],0,1,"[0.37965276877051146, 0.575157747726818]",1,-1
21326,[0.79698265 0.53728762],2,-1,-1,1,-1
21327,[0.42970778 0.5543188 ],0,1,"[0.37965276877051146, 0.575157747726818]",1,-1
21328,[0.35115558 0.18586531],1,2,"[0.294379027732062, 0.1921773781634303]",0,0
21329,[0.39012756 0.57241412],0,1,"[0.37965276877051146, 0.575157747726818]",1,-1
21330,[0.8323598  0.61141159],2,-1,-1,1,-1
21331,[0.42138604 0.64151555],0,-1,-1,1,-1
21332,[0.3719148 0.6439892],0,1,"[0.37965276877051146, 0.575157747726818]",1,-1
21333,[0.24680154 0.18631936],1,2,"[0.294379027732062, 0.1921773781634303]",0,0
21334,[0.2296004 0.1609308],1,-1,-1,0,0
21335,[0.38870878 0.16939453],1,-1,-1,0,0
21336,[0.8402764  0.69556053],2,0,"[0.7890750777399501, 0.6799557517006445]",1,-1
21337,[0.34225997 0.55044   ],0,1,"[0.37965276877051146, 0.575157747726818]",1,-1
21338,[0.32377063 0.16448607],1,2,"[0.294379027732062, 0.1921773781634303]",0,0
21339,[0.7359769  0.55187807],2,-1,-1,1,-1
21340,[0.69202786 0.61048692],3,3,"[0.6601234827680622, 0.6109507568947781]",1,-1
21341,[0.43409163 0.59672966],0,1,"[0.37965276877051146, 0.575157747726818]",1,-1
21342,[0.26675839 0.11379926],1,-1,-1,0,0
21343,[0.27242175 0.21071251],1,2,"[0.294379027732062, 0.1921773781634303]",0,0
21344,[0.37586881 0.24944847],1,-1,-1,0,0
21345,[0.79896988 0.65415523],2,0,"[0.7890750777399501, 0.6799557517006445]",1,-1
21346,[0.39310152 0.55983957],0,1,"[0.37965276877051146, 0.575157747726818]",1,-1
21347,[0.71443084 0.56194803],3,-1,-1,1,-1
21348,[0.81169274 0.70595855],2,0,"[0.7890750777399501, 0.6799557517006445]",1,-1
21349,[0.62063516 0.62079722],3,3,"[0.6601234827680622, 0.6109507568947781]",1,-1
21350,[0.58803433 0.51729687],3,-1,-1,1,-1
21351,[0.78347124 0.65361066],2,0,"[0.7890750777399501, 0.6799557517006445]",1,-1
21352,[0.63607128 0.58042826],3,3,"[0.6601234827680622, 0.6109507568947781]",1,-1
21353,[0.27806411 0.19551919],1,2,"[0.294379027732062, 0.1921773781634303]",0,0
21354,[0.5142083  0.53281317],0,-1,-1,1,-1
21355,[0.77169733 0.77499152],2,-1,-1,1,-1
21356,[0.80452501 0.79904125],2,-1,-1,1,-1
21357,[0.2693717  0.21501065],1,2,"[0.294379027732062, 0.1921773781634303]",0,0
21358,[0.14073425 0.16137929],1,-1,-1,0,0
21359,[0.71885788 0.57089665],2,-1,-1,1,-1
21360,[0.40599121 0.56516186],0,1,"[0.37965276877051146, 0.575157747726818]",1,2
21361,[0.5920185 0.5914012],3,-1,-1,1,-1
21362,[0.83828961 0.68644065],2,0,"[0.7890750777399501, 0.6799557517006445]",1,-1
21363,[0.34648655 0.20701212],1,2,"[0.294379027732062, 0.1921773781634303]",0,0
21364,[0.35731727 0.13247739],1,-1,-1,0,0
21365,[0.61961082 0.59576313],3,3,"[0.6601234827680622, 0.6109507568947781]",1,-1
21366,[0.42703511 0.71557799],0,-1,-1,1,-1
21367,[0.27335814 0.13328653],1,2,"[0.294379027732062, 0.1921773781634303]",0,0
21368,[0.6189981  0.50002482],3,-1,-1,1,-1
21369,[0.19748468 0.23491744],1,-1,-1,0,0
21370,[0.91405087 0.63773931],2,-1,-1,1,-1
21371,[0.3745513  0.63703743],0,1,"[0.37965276877051146, 0.575157747726818]",1,-1
21372,[0.33647313 0.1295636 ],1,-1,-1,0,0
21373,[0.32329424 0.52563398],0,-1,-1,1,-1
21374,[0.46600334 0.61553349],0,-1,-1,1,-1
21375,[0.41359835 0.56408929],0,1,"[0.37965276877051146, 0.575157747726818]",1,-1
21376,[0.29113422 0.24325412],1,2,"[0.294379027732062, 0.1921773781634303]",0,0
21377,[0.22067628 0.23897965],1,-1,-1,0,0
21378,[0.28285065 0.20553013],1,2,"[0.294379027732062, 0.1921773781634303]",0,0
21379,[0.402212   0.59836867],0,1,"[0.37965276877051146, 0.575157747726818]",1,-1
21380,[0.34352321 0.24181834],1,2,"[0.294379027732062, 0.1921773781634303]",0,0
21381,[0.77968092 0.67845585],2,0,"[0.7890750777399501, 0.6799557517006445]",1,4
21382,[0.66399215 0.59407112],3,3,"[0.6601234827680622, 0.6109507568947781]",1,-1
21383,[0.789542   0.77464872],2,-1,-1,1,-1
21384,[0.78047273 0.61945751],2,0,"[0.7890750777399501, 0.6799557517006445]",1,-1
21385,[0.78629009 0.68603735],2,0,"[0.7890750777399501, 0.6799557517006445]",1,-1
21386,[0.7986281  0.67252797],2,0,"[0.7890750777399501, 0.6799557517006445]",1,4
21387,[0.79594023 0.64332302],2,0,"[0.7890750777399501, 0.6799557517006445]",1,-1
21388,[0.30023934 0.21283138],1,2,"[0.294379027732062, 0.1921773781634303]",0,0
21389,[0.832507   0.62021428],2,-1,-1,1,-1
21390,[0.71511853 0.67186094],2,-1,-1,1,-1
21391,[0.69544207 0.63132506],3,3,"[0.6601234827680622, 0.6109507568947781]",1,-1
21392,[0.34340872 0.58318661],0,1,"[0.37965276877051146, 0.575157747726818]",1,-1
21393,[0.40527282 0.56439411],0,1,"[0.37965276877051146, 0.575157747726818]",1,2
21394,[0.34961859 0.15681288],1,2,"[0.294379027732062, 0.1921773781634303]",0,0
21395,[0.36964348 0.59754166],0,1,"[0.37965276877051146, 0.575157747726818]",1,-1
21396,[0.62684589 0.58168495],3,3,"[0.6601234827680622, 0.6109507568947781]",1,-1
21397,[0.7228065  0.66804788],2,0,"[0.7890750777399501, 0.6799557517006445]",1,-1
21398,[0.3599399  0.52886712],0,1,"[0.37965276877051146, 0.575157747726818]",1,-1
21399,[0.26545887 0.2339985 ],1,2,"[0.294379027732062, 0.1921773781634303]",0,0
21400,[0.71942862 0.61710799],3,3,"[0.6601234827680622, 0.6109507568947781]",1,-1
21401,[0.70219292 0.61010528],3,3,"[0.6601234827680622, 0.6109507568947781]",1,-1
21402,[0.71666288 0.68565956],2,-1,-1,1,-1
21403,[0.65950059 0.59127463],3,3,"[0.6601234827680622, 0.6109507568947781]",1,-1
21404,[0.2836768  0.05987991],1,-1,-1,0,0
21405,[0.61603374 0.61298507],3,3,"[0.6601234827680622, 0.6109507568947781]",1,-1
21406,[0.86353006 0.7313828 ],2,-1,-1,1,-1
21407,[0.37166749 0.57309341],0,1,"[0.37965276877051146, 0.575157747726818]",1,1
21408,[0.43753827 0.62237438],0,-1,-1,1,-1
21409,[0.84083837 0.73521769],2,-1,-1,1,-1
21410,[0.36676013 0.45257936],0,-1,-1,1,-1
21411,[0.57926189 0.57348562],3,-1,-1,1,-1
21412,[0.34556419 0.22665265],1,2,"[0.294379027732062, 0.1921773781634303]",0,0
21413,[0.92142559 0.70409255],2,-1,-1,1,-1
21414,[0.74360274 0.68922531],2,0,"[0.7890750777399501, 0.6799557517006445]",1,-1
21415,[0.37124741 0.55439505],0,1,"[0.37965276877051146, 0.575157747726818]",1,-1
21416,[0.33778825 0.21041093],1,2,"[0.294379027732062, 0.1921773781634303]",0,0
21417,[0.32295965 0.23487696],1,2,"[0.294379027732062, 0.1921773781634303]",0,0
21418,[0.65672124 0.64537635],3,3,"[0.6601234827680622, 0.6109507568947781]",1,-1
21419,[0.71029184 0.63939041],3,3,"[0.6601234827680622, 0.6109507568947781]",1,-1
21420,[0.74863147 0.6195372 ],2,-1,-1,1,-1
21421,[0.35082868 0.5456504 ],0,1,"[0.37965276877051146, 0.575157747726818]",1,-1
21422,[0.40986214 0.58303958],0,1,"[0.37965276877051146, 0.575157747726818]",1,-1
21423,[0.27614456 0.60002123],0,-1,-1,1,-1
21424,[0.64799856 0.63220649],3,3,"[0.6601234827680622, 0.6109507568947781]",1,-1
21425,[0.35157482 0.61228103],0,1,"[0.37965276877051146, 0.575157747726818]",1,-1
21426,[0.84075947 0.70377172],2,0,"[0.7890750777399501, 0.6799557517006445]",1,-1
21427,[0.30676275 0.14026459],1,2,"[0.294379027732062, 0.1921773781634303]",0,0
21428,[0.26024263 0.24673199],1,2,"[0.294379027732062, 0.1921773781634303]",0,0
21429,[0.6486152  0.54479739],3,3,"[0.6601234827680622, 0.6109507568947781]",1,-1
21430,[0.35141423 0.57745822],0,1,"[0.37965276877051146, 0.575157747726818]",1,-1
21431,[0.62348193 0.6405311 ],3,3,"[0.6601234827680622, 0.6109507568947781]",1,-1
21432,[0.31149508 0.65335656],0,-1,-1,1,-1
21433,[0.32514651 0.61787592],0,1,"[0.37965276877051146, 0.575157747726818]",1,-1
21434,[0.75446793 0.68813494],2,0,"[0.7890750777399501, 0.6799557517006445]",1,-1
21435,[0.25508641 0.20707083],1,2,"[0.294379027732062, 0.1921773781634303]",0,0
21436,[0.62506999 0.56723532],3,3,"[0.6601234827680622, 0.6109507568947781]",1,-1
21437,[0.38283359 0.63234094],0,1,"[0.37965276877051146, 0.575157747726818]",1,-1
21438,[0.34198055 0.24389498],1,-1,-1,0,0
21439,[0.43390927 0.53080443],0,-1,-1,1,-1
21440,[0.86048299 0.64670623],2,-1,-1,1,-1
21441,[0.3691096 0.5353142],0,1,"[0.37965276877051146, 0.575157747726818]",1,-1
21442,[0.39356579 0.66308047],0,-1,-1,1,-1
21443,[0.22835553 0.2927785 ],1,-1,-1,0,0
21444,[0.79426193 0.68468498],2,0,"[0.7890750777399501, 0.6799557517006445]",1,-1
21445,[0.27468016 0.19810165],1,2,"[0.294379027732062, 0.1921773781634303]",0,0
21446,[0.79231881 0.68455004],2,0,"[0.7890750777399501, 0.6799557517006445]",1,-1
21447,[0.79977585 0.68072769],2,0,"[0.7890750777399501, 0.6799557517006445]",1,-1
21448,[0.43554153 0.49640087],0,-1,-1,1,-1
21449,[0.21167301 0.22082235],1,-1,-1,0,0
21450,[0.30978092 0.15042173],1,2,"[0.294379027732062, 0.1921773781634303]",0,0
21451,[0.76775293 0.61006827],2,-1,-1,1,-1
21452,[0.65843216 0.69529839],3,-1,-1,1,-1
21453,[0.26200623 0.15726384],1,2,"[0.294379027732062, 0.1921773781634303]",0,0
21454,[0.28906658 0.20232114],1,2,"[0.294379027732062, 0.1921773781634303]",0,0
21455,[0.75926278 0.62329421],2,0,"[0.7890750777399501, 0.6799557517006445]",1,-1
21456,[0.72216816 0.62035792],3,3,"[0.6601234827680622, 0.6109507568947781]",1,-1
21457,[0.3103437  0.16222773],1,2,"[0.294379027732062, 0.1921773781634303]",0,0
21458,[0.77837034 0.63526753],2,0,"[0.7890750777399501, 0.6799557517006445]",1,-1
21459,[0.35084266 0.59907638],0,1,"[0.37965276877051146, 0.575157747726818]",1,-1
21460,[0.3507833 0.5184289],0,1,"[0.37965276877051146, 0.575157747726818]",1,-1
21461,[0.65542882 0.50412149],3,-1,-1,1,-1
21462,[0.83169901 0.58216424],2,-1,-1,1,-1
21463,[0.2897189  0.24245928],1,2,"[0.294379027732062, 0.1921773781634303]",0,0
21464,[0.3364935  0.13652724],1,2,"[0.294379027732062, 0.1921773781634303]",0,0
21465,[0.25137395 0.51017345],0,-1,-1,1,-1
21466,[0.6854614  0.60679935],3,3,"[0.6601234827680622, 0.6109507568947781]",1,5
21467,[0.72297832 0.75301841],2,-1,-1,1,-1
21468,[0.26310029 0.1931706 ],1,2,"[0.294379027732062, 0.1921773781634303]",0,0
21469,[0.20434719 0.1592849 ],1,-1,-1,0,0
21470,[0.31536468 0.20062799],1,2,"[0.294379027732062, 0.1921773781634303]",0,0
21471,[0.23501152 0.19328709],1,2,"[0.294379027732062, 0.1921773781634303]",0,0
21472,[0.39111825 0.63934676],0,1,"[0.37965276877051146, 0.575157747726818]",1,-1
21473,[0.23313837 0.23151659],1,-1,-1,0,0
21474,[0.80168431 0.6625548 ],2,0,"[0.7890750777399501, 0.6799557517006445]",1,-1
21475,[0.7764782  0.56755988],2,-1,-1,1,-1
21476,[0.21594436 0.18101608],1,-1,-1,0,0
21477,[0.37021363 0.65400532],0,-1,-1,1,-1
21478,[0.40675726 0.53329817],0,1,"[0.37965276877051146, 0.575157747726818]",1,-1
21479,[0.33338496 0.69822173],0,-1,-1,1,-1
21480,[0.76930942 0.6546716 ],2,0,"[0.7890750777399501, 0.6799557517006445]",1,3
21481,[0.24843639 0.19135626],1,2,"[0.294379027732062, 0.1921773781634303]",0,0
21482,[0.68781839 0.59042295],3,3,"[0.6601234827680622, 0.6109507568947781]",1,-1
21483,[0.68577113 0.72853669],3,-1,-1,1,-1
21484,[0.23401868 0.21167923],1,2,"[0.294379027732062, 0.1921773781634303]",0,0
21485,[0.94558538 0.73535313],2,-1,-1,1,-1
21486,[0.2813943  0.26507766],1,-1,-1,0,0
21487,[0.81116664 0.624427  ],2,0,"[0.7890750777399501, 0.6799557517006445]",1,-1
21488,[0.65223333 0.66389658],3,3,"[0.6601234827680622, 0.6109507568947781]",1,-1
21489,[0.35186617 0.51212503],0,1,"[0.37965276877051146, 0.575157747726818]",1,-1
21490,[0.76049772 0.73542168],2,0,"[0.7890750777399501, 0.6799557517006445]",1,-1
21491,[0.82401578 0.7101249 ],2,0,"[0.7890750777399501, 0.6799557517006445]",1,-1
21492,[0.78220034 0.63392868],2,0,"[0.7890750777399501, 0.6799557517006445]",1,-1
21493,[0.41329518 0.64058197],0,-1,-1,1,-1
21494,[0.26267125 0.11804927],1,-1,-1,0,0
21495,[0.42201507 0.57071658],0,1,"[0.37965276877051146, 0.575157747726818]",1,-1
21496,[0.8060409  0.63311526],2,0,"[0.7890750777399501, 0.6799557517006445]",1,-1
21497,[0.80568171 0.69431312],2,0,"[0.7890750777399501, 0.6799557517006445]",1,-1
21498,[0.75961534 0.68582255],2,0,"[0.7890750777399501, 0.6799557517006445]",1,-1
21499,[0.25968855 0.21345616],1,2,"[0.294379027732062, 0.1921773781634303]",0,0
21500,[0.32604099 0.45877088],0,-1,-1,1,-1
21501,[0.74620641 0.49361849],3,-1,-1,1,-1
21502,[0.59550519 0.54534395],3,-1,-1,1,-1
21503,[0.41178452 0.45148958],0,-1,-1,1,-1
21504,[0.72508969 0.54564003],3,-1,-1,1,-1
21505,[0.41518248 0.52969127],0,1,"[0.37965276877051146, 0.575157747726818]",1,-1
21506,[0.31154832 0.17355948],1,2,"[0.294379027732062, 0.1921773781634303]",0,0
21507,[0.34062695 0.55552355],0,1,"[0.37965276877051146, 0.575157747726818]",1,-1
21508,[0.64531998 0.56509877],3,3,"[0.6601234827680622, 0.6109507568947781]",1,-1
21509,[0.67533134 0.58466142],3,3,"[0.6601234827680622, 0.6109507568947781]",1,-1
21510,[0.32034057 0.53696761],0,-1,-1,1,-1
21511,[0.21449339 0.13552642],1,-1,-1,0,0
21512,[0.38276306 0.17098623],1,-1,-1,0,0
21513,[0.30195616 0.13883793],1,2,"[0.294379027732062, 0.1921773781634303]",0,0
21514,[0.83473137 0.66000341],2,0,"[0.7890750777399501, 0.6799557517006445]",1,-1
21515,[0.67940117 0.60065809],3,3,"[0.6601234827680622, 0.6109507568947781]",1,5
21516,[0.73349517 0.64655497],2,0,"[0.7890750777399501, 0.6799557517006445]",1,-1
21517,[0.44537373 0.54777275],0,-1,-1,1,-1
21518,[0.34799279 0.54252408],0,1,"[0.37965276877051146, 0.575157747726818]",1,-1
21519,[0.29994681 0.27566193],1,-1,-1,0,0
21520,[0.30562362 0.18079064],1,2,"[0.294379027732062, 0.1921773781634303]",0,0
21521,[0.25293526 0.22966708],1,2,"[0.294379027732062, 0.1921773781634303]",0,0
21522,[0.65981245 0.57389062],3,3,"[0.6601234827680622, 0.6109507568947781]",1,-1
21523,[0.78615592 0.57726325],2,-1,-1,1,-1
21524,[0.78068353 0.66367993],2,0,"[0.7890750777399501, 0.6799557517006445]",1,-1
21525,[0.20753351 0.1821033 ],1,-1,-1,0,0
21526,[0.39056219 0.23558751],1,-1,-1,0,0
21527,[0.35803994 0.19561556],1,2,"[0.294379027732062, 0.1921773781634303]",0,0
21528,[0.4023342  0.58376934],0,1,"[0.37965276877051146, 0.575157747726818]",1,-1
21529,[0.35189573 0.59817942],0,1,"[0.37965276877051146, 0.575157747726818]",1,-1
21530,[0.31137199 0.55826707],0,-1,-1,1,-1
21531,[0.40150183 0.20925013],1,-1,-1,0,0
21532,[0.80606344 0.69902171],2,0,"[0.7890750777399501, 0.6799557517006445]",1,-1
21533,[0.36299139 0.6215161 ],0,1,"[0.37965276877051146, 0.575157747726818]",1,-1
21534,[0.2988623 0.1884346],1,2,"[0.294379027732062, 0.1921773781634303]",0,0
21535,[0.75684976 0.71117459],2,0,"[0.7890750777399501, 0.6799557517006445]",1,-1
21536,[0.4317221 0.536231 ],0,1,"[0.37965276877051146, 0.575157747726818]",1,-1
21537,[0.23251958 0.25343321],1,-1,-1,0,0
21538,[0.41147152 0.62938418],0,1,"[0.37965276877051146, 0.575157747726818]",1,-1
21539,[0.66396552 0.53721644],3,-1,-1,1,-1
21540,[0.35288719 0.60423853],0,1,"[0.37965276877051146, 0.575157747726818]",1,-1
21541,[0.62685407 0.63131798],3,3,"[0.6601234827680622, 0.6109507568947781]",1,-1
21542,[0.36832142 0.2205752 ],1,-1,-1,0,0
21543,[0.32463491 0.17173456],1,2,"[0.294379027732062, 0.1921773781634303]",0,0
21544,[0.4353105  0.59744052],0,1,"[0.37965276877051146, 0.575157747726818]",1,-1
21545,[0.76078582 0.70813982],2,0,"[0.7890750777399501, 0.6799557517006445]",1,-1
21546,[0.62914387 0.62153114],3,3,"[0.6601234827680622, 0.6109507568947781]",1,-1
21547,[0.22186094 0.1149861 ],1,-1,-1,0,0
21548,[0.79406338 0.68884423],2,0,"[0.7890750777399501, 0.6799557517006445]",1,-1
21549,[0.35759611 0.51386985],0,1,"[0.37965276877051146, 0.575157747726818]",1,-1
21550,[0.64421638 0.55371189],3,3,"[0.6601234827680622, 0.6109507568947781]",1,-1
21551,[0.36291249 0.61863487],0,1,"[0.37965276877051146, 0.575157747726818]",1,-1
21552,[0.33178422 0.25017715],1,2,"[0.294379027732062, 0.1921773781634303]",0,0
21553,[0.34415208 0.21421737],1,2,"[0.294379027732062, 0.1921773781634303]",0,0
21554,[0.71972252 0.60013456],2,3,"[0.6601234827680622, 0.6109507568947781]",1,-1
21555,[0.29602135 0.19334864],1,2,"[0.294379027732062, 0.1921773781634303]",0,0
21556,[0.84849148 0.73409501],2,-1,-1,1,-1
21557,[0.48240969 0.56573266],0,-1,-1,1,-1
21558,[0.75635652 0.68346279],2,0,"[0.7890750777399501, 0.6799557517006445]",1,-1
21559,[0.6477087 0.6863287],3,-1,-1,1,-1
21560,[0.72138221 0.58405817],3,3,"[0.6601234827680622, 0.6109507568947781]",1,-1
21561,[0.73931145 0.6545542 ],3,0,"[0.7890750777399501, 0.6799557517006445]",1,-1
21562,[0.38555012 0.54905954],0,1,"[0.37965276877051146, 0.575157747726818]",1,-1
21563,[0.34962942 0.1606791 ],1,2,"[0.294379027732062, 0.1921773781634303]",0,0
21564,[0.77071921 0.69398225],2,0,"[0.7890750777399501, 0.6799557517006445]",1,-1
21565,[0.25333216 0.64832979],0,-1,-1,1,-1
21566,[0.65572973 0.60130305],3,3,"[0.6601234827680622, 0.6109507568947781]",1,6
21567,[0.743527   0.57444663],3,-1,-1,1,-1
21568,[0.32210351 0.2328186 ],1,2,"[0.294379027732062, 0.1921773781634303]",0,0
21569,[0.88664429 0.75549194],2,-1,-1,1,-1
21570,[0.4332622  0.53323953],0,1,"[0.37965276877051146, 0.575157747726818]",1,-1
21571,[0.80506349 0.67877039],2,0,"[0.7890750777399501, 0.6799557517006445]",1,-1
21572,[0.68269997 0.60650267],3,3,"[0.6601234827680622, 0.6109507568947781]",1,5
21573,[0.21669835 0.14910454],1,-1,-1,0,0
21574,[0.84908665 0.72095146],2,-1,-1,1,-1
21575,[0.68221543 0.60817834],3,3,"[0.6601234827680622, 0.6109507568947781]",1,5
21576,[0.37124438 0.55835535],0,1,"[0.37965276877051146, 0.575157747726818]",1,-1
21577,[0.60060144 0.65437408],3,-1,-1,1,-1
21578,[0.32290602 0.14939747],1,2,"[0.294379027732062, 0.1921773781634303]",0,0
21579,[0.38240564 0.52179606],0,1,"[0.37965276877051146, 0.575157747726818]",1,-1
21580,[0.33413524 0.64997757],0,-1,-1,1,-1
21581,[0.41551817 0.50168545],0,-1,-1,1,-1
21582,[0.44664156 0.53336505],0,-1,-1,1,-1
21583,[0.3110214  0.19823198],1,2,"[0.294379027732062, 0.1921773781634303]",0,0
21584,[0.30765324 0.07773223],1,-1,-1,0,0
21585,[0.81856128 0.59345817],2,-1,-1,1,-1
21586,[0.40973368 0.51648273],0,1,"[0.37965276877051146, 0.575157747726818]",1,-1
21587,[0.2641378  0.21556835],1,2,"[0.294379027732062, 0.1921773781634303]",0,0
21588,[0.36241118 0.52521274],0,1,"[0.37965276877051146, 0.575157747726818]",1,-1
21589,[0.7462709 0.6656901],2,0,"[0.7890750777399501, 0.6799557517006445]",1,-1
21590,[0.24110893 0.18611876],1,2,"[0.294379027732062, 0.1921773781634303]",0,0
21591,[0.4200173  0.55236854],0,1,"[0.37965276877051146, 0.575157747726818]",1,-1
21592,[0.81825375 0.63006023],2,0,"[0.7890750777399501, 0.6799557517006445]",1,-1
21593,[0.66395747 0.63839734],3,3,"[0.6601234827680622, 0.6109507568947781]",1,-1
21594,[0.31754045 0.56299321],0,1,"[0.37965276877051146, 0.575157747726818]",1,-1
21595,[0.86985569 0.71310848],2,-1,-1,1,-1
21596,[0.4061355  0.54473581],0,1,"[0.37965276877051146, 0.575157747726818]",1,-1
21597,[0.79196862 0.64774814],2,0,"[0.7890750777399501, 0.6799557517006445]",1,-1
21598,[0.80588434 0.70809273],2,0,"[0.7890750777399501, 0.6799557517006445]",1,-1
21599,[0.7748343  0.67314304],2,0,"[0.7890750777399501, 0.6799557517006445]",1,-1
21600,[0.18571925 0.21442124],1,-1,-1,0,0
21601,[0.70063675 0.65531831],3,3,"[0.6601234827680622, 0.6109507568947781]",1,-1
21602,[0.68657065 0.65457693],3,3,"[0.6601234827680622, 0.6109507568947781]",1,-1
21603,[0.48709452 0.60274689],0,-1,-1,1,-1
21604,[0.44248308 0.54941382],0,1,"[0.37965276877051146, 0.575157747726818]",1,-1
21605,[0.75713112 0.64144896],2,0,"[0.7890750777399501, 0.6799557517006445]",1,-1
21606,[0.21855632 0.15702559],1,-1,-1,0,0
21607,[0.69259071 0.67801074],2,-1,-1,1,-1
21608,[0.32270752 0.56284857],0,1,"[0.37965276877051146, 0.575157747726818]",1,-1
21609,[0.33836893 0.25676845],1,-1,-1,0,0
21610,[0.23121188 0.13019079],1,-1,-1,0,0
21611,[0.49285192 0.57317207],0,-1,-1,1,-1
21612,[0.74717073 0.63762885],3,0,"[0.7890750777399501, 0.6799557517006445]",1,-1
21613,[0.44967119 0.62151234],0,-1,-1,1,-1
21614,[0.34145157 0.24186835],1,2,"[0.294379027732062, 0.1921773781634303]",0,0
21615,[0.26313108 0.65107792],0,-1,-1,1,-1
21616,[0.33834564 0.18794694],1,2,"[0.294379027732062, 0.1921773781634303]",0,0
21617,[0.73484362 0.64809741],3,0,"[0.7890750777399501, 0.6799557517006445]",1,-1
21618,[0.2376914  0.29171152],1,-1,-1,0,0
21619,[0.71593116 0.64709461],3,3,"[0.6601234827680622, 0.6109507568947781]",1,-1
21620,[0.27584804 0.10718983],1,-1,-1,0,0
21621,[0.71378085 0.5918928 ],3,3,"[0.6601234827680622, 0.6109507568947781]",1,-1
21622,[0.6211799 0.6610732],3,3,"[0.6601234827680622, 0.6109507568947781]",1,-1
21623,[0.80756627 0.74422198],2,0,"[0.7890750777399501, 0.6799557517006445]",1,-1
21624,[0.33325856 0.52582308],0,1,"[0.37965276877051146, 0.575157747726818]",1,-1
21625,[0.79680231 0.64373725],2,0,"[0.7890750777399501, 0.6799557517006445]",1,-1
21626,[0.64589818 0.60650519],3,3,"[0.6601234827680622, 0.6109507568947781]",1,-1
21627,[0.64759451 0.56541372],3,3,"[0.6601234827680622, 0.6109507568947781]",1,-1
21628,[0.41920511 0.5293529 ],0,1,"[0.37965276877051146, 0.575157747726818]",1,-1
21629,[0.8155668  0.68849483],2,0,"[0.7890750777399501, 0.6799557517006445]",1,4
21630,[0.83322814 0.70478697],2,0,"[0.7890750777399501, 0.6799557517006445]",1,-1
21631,[0.69353573 0.71971273],2,-1,-1,1,-1
21632,[0.68706942 0.59202447],3,3,"[0.6601234827680622, 0.6109507568947781]",1,-1
21633,[0.3787227  0.55928281],0,1,"[0.37965276877051146, 0.575157747726818]",1,-1
21634,[0.2820974  0.60615267],0,-1,-1,1,-1
21635,[0.24127263 0.22278316],1,2,"[0.294379027732062, 0.1921773781634303]",0,0
21636,[0.41797026 0.58382021],0,1,"[0.37965276877051146, 0.575157747726818]",1,-1
21637,[0.81970322 0.62170685],2,0,"[0.7890750777399501, 0.6799557517006445]",1,-1
21638,[0.28311442 0.20374034],1,2,"[0.294379027732062, 0.1921773781634303]",0,0
21639,[0.25740249 0.26590851],1,-1,-1,0,0
21640,[0.83656823 0.67086977],2,0,"[0.7890750777399501, 0.6799557517006445]",1,-1
21641,[0.34033212 0.19391745],1,2,"[0.294379027732062, 0.1921773781634303]",0,0
21642,[0.73998097 0.66666063],2,0,"[0.7890750777399501, 0.6799557517006445]",1,-1
21643,[0.67807321 0.61013624],3,3,"[0.6601234827680622, 0.6109507568947781]",1,-1
21644,[0.62997742 0.61682667],3,3,"[0.6601234827680622, 0.6109507568947781]",1,-1
21645,[0.67701606 0.58570241],3,3,"[0.6601234827680622, 0.6109507568947781]",1,-1
21646,[0.35457434 0.55773106],0,1,"[0.37965276877051146, 0.575157747726818]",1,-1
21647,[0.78821751 0.76246249],2,-1,-1,1,-1
21648,[0.59535068 0.58068012],3,-1,-1,1,-1
21649,[0.38602513 0.55799857],0,1,"[0.37965276877051146, 0.575157747726818]",1,-1
21650,[0.77074277 0.71737532],2,0,"[0.7890750777399501, 0.6799557517006445]",1,-1
21651,[0.65740994 0.51550565],3,-1,-1,1,-1
21652,[0.72965973 0.67948255],3,0,"[0.7890750777399501, 0.6799557517006445]",1,-1
21653,[0.88556189 0.65868807],2,-1,-1,1,-1
21654,[0.79417846 0.66464935],2,0,"[0.7890750777399501, 0.6799557517006445]",1,-1
21655,[0.78520385 0.71336654],2,0,"[0.7890750777399501, 0.6799557517006445]",1,-1
21656,[0.62127316 0.69228127],3,-1,-1,1,-1
21657,[0.77099367 0.69655134],2,0,"[0.7890750777399501, 0.6799557517006445]",1,-1
21658,[0.38588316 0.53297228],0,1,"[0.37965276877051146, 0.575157747726818]",1,-1
21659,[0.24944456 0.13999925],1,2,"[0.294379027732062, 0.1921773781634303]",0,0
21660,[0.38742851 0.13529458],1,-1,-1,0,0
21661,[0.82071639 0.60837535],2,-1,-1,1,-1
21662,[0.68668923 0.66973012],3,3,"[0.6601234827680622, 0.6109507568947781]",1,-1
21663,[0.81027965 0.70593297],2,0,"[0.7890750777399501, 0.6799557517006445]",1,-1
21664,[0.39687663 0.63053235],0,1,"[0.37965276877051146, 0.575157747726818]",1,-1
21665,[0.2515835  0.19859989],1,2,"[0.294379027732062, 0.1921773781634303]",0,0
21666,[0.68614887 0.56262635],3,3,"[0.6601234827680622, 0.6109507568947781]",1,-1
21667,[0.75558443 0.64717111],2,0,"[0.7890750777399501, 0.6799557517006445]",1,-1
21668,[0.38609904 0.60061532],0,1,"[0.37965276877051146, 0.575157747726818]",1,-1
21669,[0.40968069 0.25442133],1,-1,-1,0,0
21670,[0.35821062 0.63426686],0,1,"[0.37965276877051146, 0.575157747726818]",1,-1
21671,[0.3399593  0.08695897],1,-1,-1,0,0
21672,[0.85112992 0.73556524],2,-1,-1,1,-1
21673,[0.43205706 0.54788674],0,1,"[0.37965276877051146, 0.575157747726818]",1,-1
21674,[0.66716792 0.63994254],3,3,"[0.6601234827680622, 0.6109507568947781]",1,-1
21675,[0.28344696 0.18292516],1,2,"[0.294379027732062, 0.1921773781634303]",0,0
21676,[0.68307805 0.57557096],3,3,"[0.6601234827680622, 0.6109507568947781]",1,-1
21677,[0.22196694 0.16017793],1,-1,-1,0,0
21678,[0.2583023  0.22389805],1,2,"[0.294379027732062, 0.1921773781634303]",0,0
21679,[0.33997647 0.5592527 ],0,1,"[0.37965276877051146, 0.575157747726818]",1,-1
21680,[0.3890523  0.59321359],0,1,"[0.37965276877051146, 0.575157747726818]",1,-1
21681,[0.76024243 0.64928006],2,0,"[0.7890750777399501, 0.6799557517006445]",1,-1
21682,[0.39466663 0.54651605],0,1,"[0.37965276877051146, 0.575157747726818]",1,-1
21683,[0.83466526 0.6852895 ],2,0,"[0.7890750777399501, 0.6799557517006445]",1,-1
21684,[0.78518698 0.63750052],2,0,"[0.7890750777399501, 0.6799557517006445]",1,-1
21685,[0.71496926 0.62772291],3,3,"[0.6601234827680622, 0.6109507568947781]",1,-1
21686,[0.81565096 0.59161291],3,-1,-1,1,-1
21687,[0.39328746 0.69095053],0,-1,-1,1,-1
21688,[0.32441262 0.16906672],1,2,"[0.294379027732062, 0.1921773781634303]",0,0
21689,[0.24380712 0.09079595],1,-1,-1,0,0
21690,[0.65232645 0.66985577],3,3,"[0.6601234827680622, 0.6109507568947781]",1,-1
21691,[0.33081252 0.21538186],1,2,"[0.294379027732062, 0.1921773781634303]",0,0
21692,[0.38670536 0.5838275 ],0,1,"[0.37965276877051146, 0.575157747726818]",1,-1
21693,[0.64355864 0.6417248 ],3,3,"[0.6601234827680622, 0.6109507568947781]",1,-1
21694,[0.43722858 0.62851719],0,-1,-1,1,-1
21695,[0.20845937 0.16692135],1,-1,-1,0,0
21696,[0.64481524 0.54035186],3,-1,-1,1,-1
21697,[0.41664004 0.61670824],0,1,"[0.37965276877051146, 0.575157747726818]",1,-1
21698,[0.31420973 0.60724644],0,-1,-1,1,-1
21699,[0.3712619  0.60382737],0,1,"[0.37965276877051146, 0.575157747726818]",1,-1
21700,[0.21891378 0.19959889],1,-1,-1,0,0
21701,[0.35365798 0.64307203],0,-1,-1,1,-1
21702,[0.2991369  0.14187174],1,2,"[0.294379027732062, 0.1921773781634303]",0,0
21703,[0.34358089 0.25801799],1,-1,-1,0,0
21704,[0.49233163 0.49054998],0,-1,-1,1,-1
21705,[0.32709493 0.59022064],0,1,"[0.37965276877051146, 0.575157747726818]",1,-1
21706,[0.36459224 0.61880431],0,1,"[0.37965276877051146, 0.575157747726818]",1,-1
21707,[0.64822427 0.65587959],3,3,"[0.6601234827680622, 0.6109507568947781]",1,-1
21708,[0.27943751 0.20900035],1,2,"[0.294379027732062, 0.1921773781634303]",0,0
21709,[0.82647149 0.67740074],2,0,"[0.7890750777399501, 0.6799557517006445]",1,-1
21710,[0.79146745 0.70065751],2,0,"[0.7890750777399501, 0.6799557517006445]",1,-1
21711,[0.87288525 0.59998572],2,-1,-1,1,-1
21712,[0.92366239 0.70891905],2,-1,-1,1,-1
21713,[0.30002509 0.15699785],1,2,"[0.294379027732062, 0.1921773781634303]",0,0
21714,[0.81320077 0.66789988],2,0,"[0.7890750777399501, 0.6799557517006445]",1,-1
21715,[0.24710725 0.19970331],1,2,"[0.294379027732062, 0.1921773781634303]",0,0
21716,[0.7265533  0.62022075],2,3,"[0.6601234827680622, 0.6109507568947781]",1,-1
21717,[0.64213571 0.59886389],3,3,"[0.6601234827680622, 0.6109507568947781]",1,-1
21718,[0.3995321  0.54531466],0,1,"[0.37965276877051146, 0.575157747726818]",1,-1
21719,[0.37147501 0.64028735],0,1,"[0.37965276877051146, 0.575157747726818]",1,-1
21720,[0.32045357 0.22276604],1,2,"[0.294379027732062, 0.1921773781634303]",0,0
21721,[0.61871375 0.57387868],3,3,"[0.6601234827680622, 0.6109507568947781]",1,-1
21722,[0.8459961  0.60796745],2,-1,-1,1,-1
21723,[0.80278226 0.63340727],2,0,"[0.7890750777399501, 0.6799557517006445]",1,-1
21724,[0.74625174 0.69866148],3,0,"[0.7890750777399501, 0.6799557517006445]",1,-1
21725,[0.28847029 0.29190268],1,-1,-1,0,0
21726,[0.36398275 0.19667581],1,2,"[0.294379027732062, 0.1921773781634303]",0,0
21727,[0.40963699 0.17989826],1,-1,-1,0,0
21728,[0.68561426 0.65366251],3,3,"[0.6601234827680622, 0.6109507568947781]",1,-1
21729,[0.41860804 0.61640487],0,1,"[0.37965276877051146, 0.575157747726818]",1,-1
21730,[0.39572932 0.67143182],0,-1,-1,1,-1
21731,[0.74659291 0.61323891],3,-1,-1,1,-1
21732,[0.67002162 0.58372622],3,3,"[0.6601234827680622, 0.6109507568947781]",1,-1
21733,[0.58469213 0.70740821],3,-1,-1,1,-1
21734,[0.28917207 0.52321884],0,-1,-1,1,-1
21735,[0.62476714 0.57512888],3,3,"[0.6601234827680622, 0.6109507568947781]",1,-1
21736,[0.38401532 0.5603828 ],0,1,"[0.37965276877051146, 0.575157747726818]",1,-1
21737,[0.30834529 0.55534111],0,-1,-1,1,-1
21738,[0.64847279 0.57608023],3,3,"[0.6601234827680622, 0.6109507568947781]",1,-1
21739,[0.72337621 0.69597733],2,0,"[0.7890750777399501, 0.6799557517006445]",1,-1
21740,[0.54924371 0.65597043],3,-1,-1,1,-1
21741,[0.35156733 0.53186718],0,1,"[0.37965276877051146, 0.575157747726818]",1,-1
21742,[0.36966624 0.50891665],0,1,"[0.37965276877051146, 0.575157747726818]",1,-1
21743,[0.71199387 0.6659166 ],2,-1,-1,1,-1
21744,[0.36084713 0.51752205],0,1,"[0.37965276877051146, 0.575157747726818]",1,-1
21745,[0.31538214 0.21286969],1,2,"[0.294379027732062, 0.1921773781634303]",0,0
21746,[0.84410128 0.68572179],2,0,"[0.7890750777399501, 0.6799557517006445]",1,-1
21747,[0.32331007 0.59148205],0,1,"[0.37965276877051146, 0.575157747726818]",1,-1
21748,[0.68370652 0.67236481],3,3,"[0.6601234827680622, 0.6109507568947781]",1,-1
21749,[0.35878823 0.55731817],0,1,"[0.37965276877051146, 0.575157747726818]",1,-1
21750,[0.67017143 0.6464361 ],3,3,"[0.6601234827680622, 0.6109507568947781]",1,-1
21751,[0.40170823 0.57560326],0,1,"[0.37965276877051146, 0.575157747726818]",1,-1
21752,[0.67787952 0.63916128],3,3,"[0.6601234827680622, 0.6109507568947781]",1,-1
21753,[0.3398514  0.29155505],1,-1,-1,0,0
21754,[0.3794019 0.0966996],1,-1,-1,0,0
21755,[0.36645384 0.64106689],0,1,"[0.37965276877051146, 0.575157747726818]",1,-1
21756,[0.74867975 0.67499551],3,0,"[0.7890750777399501, 0.6799557517006445]",1,-1
21757,[0.7461024 0.7822815],2,-1,-1,1,-1
21758,[0.88988495 0.62266168],2,-1,-1,1,-1
21759,[0.30732709 0.17318417],1,2,"[0.294379027732062, 0.1921773781634303]",0,0
21760,[0.43361279 0.58674924],0,1,"[0.37965276877051146, 0.575157747726818]",1,-1
21761,[0.41867405 0.46536919],0,-1,-1,1,-1
21762,[0.7460384  0.66659832],2,0,"[0.7890750777399501, 0.6799557517006445]",1,-1
21763,[0.77940625 0.69746827],2,0,"[0.7890750777399501, 0.6799557517006445]",1,-1
21764,[0.65256084 0.58086881],3,3,"[0.6601234827680622, 0.6109507568947781]",1,-1
21765,[0.65387464 0.69463964],3,-1,-1,1,-1
21766,[0.65218165 0.68183083],3,-1,-1,1,-1
21767,[0.34956658 0.16001545],1,2,"[0.294379027732062, 0.1921773781634303]",0,0
21768,[0.7987066  0.76219229],2,-1,-1,1,-1
21769,[0.73045187 0.61226759],3,-1,-1,1,-1
21770,[0.36136726 0.1938443 ],1,2,"[0.294379027732062, 0.1921773781634303]",0,0
21771,[0.80472561 0.70927489],2,0,"[0.7890750777399501, 0.6799557517006445]",1,-1
21772,[0.71703692 0.63753932],2,3,"[0.6601234827680622, 0.6109507568947781]",1,-1
21773,[0.36748609 0.53253706],0,1,"[0.37965276877051146, 0.575157747726818]",1,-1
21774,[0.28349602 0.29402759],1,-1,-1,0,0
21775,[0.75177163 0.66059598],2,0,"[0.7890750777399501, 0.6799557517006445]",1,-1
21776,[0.36501661 0.64669607],0,-1,-1,1,-1
21777,[0.47832054 0.53236339],0,-1,-1,1,-1
21778,[0.3430963 0.6670756],0,-1,-1,1,-1
21779,[0.61988295 0.74350251],3,-1,-1,1,-1
21780,[0.76914076 0.6884766 ],2,0,"[0.7890750777399501, 0.6799557517006445]",1,-1
21781,[0.31663625 0.20468299],1,2,"[0.294379027732062, 0.1921773781634303]",0,0
21782,[0.72481248 0.63512037],2,3,"[0.6601234827680622, 0.6109507568947781]",1,-1
21783,[0.32465577 0.66542747],0,-1,-1,1,-1
21784,[0.41828735 0.62409614],0,1,"[0.37965276877051146, 0.575157747726818]",1,-1
21785,[0.79373828 0.70312649],2,0,"[0.7890750777399501, 0.6799557517006445]",1,-1
21786,[0.3021646  0.18991372],1,2,"[0.294379027732062, 0.1921773781634303]",0,0
21787,[0.79992688 0.69508959],2,0,"[0.7890750777399501, 0.6799557517006445]",1,-1
21788,[0.33223074 0.18434783],1,2,"[0.294379027732062, 0.1921773781634303]",0,0
21789,[0.63601974 0.62161614],3,3,"[0.6601234827680622, 0.6109507568947781]",1,-1
21790,[0.46069937 0.65509636],0,-1,-1,1,-1
21791,[0.64726223 0.60579782],3,3,"[0.6601234827680622, 0.6109507568947781]",1,6
21792,[0.59282024 0.59505861],3,3,"[0.6601234827680622, 0.6109507568947781]",1,-1
21793,[0.29945212 0.22931155],1,2,"[0.294379027732062, 0.1921773781634303]",0,0
21794,[0.37436428 0.25696409],1,-1,-1,0,0
21795,[0.60174037 0.65037064],3,-1,-1,1,-1
21796,[0.73961026 0.71442978],2,0,"[0.7890750777399501, 0.6799557517006445]",1,-1
21797,[0.38647921 0.60110362],0,1,"[0.37965276877051146, 0.575157747726818]",1,-1
21798,[0.70761067 0.53356035],3,-1,-1,1,-1
21799,[0.73137821 0.74265569],2,-1,-1,1,-1
21800,[0.42492891 0.64426073],0,-1,-1,1,-1
21801,[0.76864536 0.66266944],2,0,"[0.7890750777399501, 0.6799557517006445]",1,3
21802,[0.41366617 0.54099109],0,1,"[0.37965276877051146, 0.575157747726818]",1,-1
21803,[0.4706672  0.58511524],0,-1,-1,1,-1
21804,[0.75222489 0.67511411],2,0,"[0.7890750777399501, 0.6799557517006445]",1,-1
21805,[0.76284398 0.71677269],2,0,"[0.7890750777399501, 0.6799557517006445]",1,-1
21806,[0.2356646  0.23757738],1,-1,-1,0,0
21807,[0.79074612 0.60161027],2,-1,-1,1,-1
21808,[0.72545445 0.61813856],3,3,"[0.6601234827680622, 0.6109507568947781]",1,-1
21809,[0.41956137 0.54520008],0,1,"[0.37965276877051146, 0.575157747726818]",1,-1
21810,[0.47715709 0.5512668 ],0,-1,-1,1,-1
21811,[0.78946628 0.69908435],2,0,"[0.7890750777399501, 0.6799557517006445]",1,-1
21812,[0.35588878 0.5575759 ],0,1,"[0.37965276877051146, 0.575157747726818]",1,-1
21813,[0.42181516 0.65203601],0,-1,-1,1,-1
21814,[0.84715016 0.69752764],2,0,"[0.7890750777399501, 0.6799557517006445]",1,-1
21815,[0.38035316 0.61488146],0,1,"[0.37965276877051146, 0.575157747726818]",1,-1
21816,[0.66117992 0.57064972],3,3,"[0.6601234827680622, 0.6109507568947781]",1,-1
21817,[0.71261292 0.70956182],3,-1,-1,1,-1
21818,[0.78752537 0.70520862],2,0,"[0.7890750777399501, 0.6799557517006445]",1,-1
21819,[0.71998653 0.60296517],3,3,"[0.6601234827680622, 0.6109507568947781]",1,-1
21820,[0.74804707 0.61587396],2,-1,-1,1,-1
21821,[0.30958506 0.28715743],1,-1,-1,0,0
21822,[0.42014528 0.60238782],0,1,"[0.37965276877051146, 0.575157747726818]",1,-1
21823,[0.2999507  0.55894043],0,-1,-1,1,-1
21824,[0.29682095 0.18206591],1,2,"[0.294379027732062, 0.1921773781634303]",0,0
21825,[0.77082891 0.65287024],2,0,"[0.7890750777399501, 0.6799557517006445]",1,-1
21826,[0.67534555 0.64169856],3,3,"[0.6601234827680622, 0.6109507568947781]",1,-1
21827,[0.32378063 0.20120394],1,2,"[0.294379027732062, 0.1921773781634303]",0,0
21828,[0.55252556 0.59740088],3,-1,-1,1,-1
21829,[0.71339294 0.63008631],3,3,"[0.6601234827680622, 0.6109507568947781]",1,-1
21830,[0.654451   0.54621501],3,3,"[0.6601234827680622, 0.6109507568947781]",1,-1
21831,[0.40202739 0.68852282],0,-1,-1,1,-1
21832,[0.70943578 0.5605081 ],3,-1,-1,1,-1
21833,[0.2768901  0.25274634],1,2,"[0.294379027732062, 0.1921773781634303]",0,0
21834,[0.28993974 0.17883211],1,2,"[0.294379027732062, 0.1921773781634303]",0,0
21835,[0.59306092 0.61426058],3,3,"[0.6601234827680622, 0.6109507568947781]",1,-1
21836,[0.40048842 0.58622443],0,1,"[0.37965276877051146, 0.575157747726818]",1,-1
21837,[0.38836411 0.58139771],0,1,"[0.37965276877051146, 0.575157747726818]",1,-1
21838,[0.78769073 0.7284971 ],2,0,"[0.7890750777399501, 0.6799557517006445]",1,-1
21839,[0.80989042 0.59497784],2,-1,-1,1,-1
21840,[0.62898095 0.53500176],3,-1,-1,1,-1
21841,[0.38138591 0.59065713],0,1,"[0.37965276877051146, 0.575157747726818]",1,-1
21842,[0.58039212 0.63282662],3,-1,-1,1,-1
21843,[0.37863104 0.58551605],0,1,"[0.37965276877051146, 0.575157747726818]",1,-1
21844,[0.64185426 0.58838991],3,3,"[0.6601234827680622, 0.6109507568947781]",1,-1
21845,[0.26692322 0.15998896],1,2,"[0.294379027732062, 0.1921773781634303]",0,0
21846,[0.61669268 0.59381323],3,3,"[0.6601234827680622, 0.6109507568947781]",1,-1
21847,[0.64377128 0.55948478],3,3,"[0.6601234827680622, 0.6109507568947781]",1,-1
21848,[0.47077834 0.51323367],0,-1,-1,1,-1
21849,[0.74726626 0.59793807],3,-1,-1,1,-1
21850,[0.84460391 0.71166538],2,0,"[0.7890750777399501, 0.6799557517006445]",1,-1
21851,[0.72819786 0.72514159],2,-1,-1,1,-1
21852,[0.67697982 0.54668307],3,3,"[0.6601234827680622, 0.6109507568947781]",1,-1
21853,[0.68653204 0.62707252],3,3,"[0.6601234827680622, 0.6109507568947781]",1,7
21854,[0.38792174 0.58696883],0,1,"[0.37965276877051146, 0.575157747726818]",1,-1
21855,[0.66379887 0.61347862],3,3,"[0.6601234827680622, 0.6109507568947781]",1,-1
21856,[0.79578119 0.61532934],2,0,"[0.7890750777399501, 0.6799557517006445]",1,-1
21857,[0.32493602 0.20198754],1,2,"[0.294379027732062, 0.1921773781634303]",0,0
21858,[0.29512979 0.25681278],1,2,"[0.294379027732062, 0.1921773781634303]",0,0
21859,[0.21274821 0.27756864],1,-1,-1,0,0
21860,[0.28255111 0.2314562 ],1,2,"[0.294379027732062, 0.1921773781634303]",0,0
21861,[0.65927665 0.65577844],3,3,"[0.6601234827680622, 0.6109507568947781]",1,-1
21862,[0.37538192 0.240282  ],1,-1,-1,0,0
21863,[0.30375568 0.2058807 ],1,2,"[0.294379027732062, 0.1921773781634303]",0,0
21864,[0.40481083 0.5374054 ],0,1,"[0.37965276877051146, 0.575157747726818]",1,-1
21865,[0.76766857 0.64083945],3,0,"[0.7890750777399501, 0.6799557517006445]",1,-1
21866,[0.39580636 0.65184787],0,-1,-1,1,-1
21867,[0.29759466 0.58772796],0,-1,-1,1,-1
21868,[0.2983837  0.16033311],1,2,"[0.294379027732062, 0.1921773781634303]",0,0
21869,[0.3045019  0.24098175],1,2,"[0.294379027732062, 0.1921773781634303]",0,0
21870,[0.7466462  0.58877685],2,-1,-1,1,-1
21871,[0.75185416 0.60606327],2,-1,-1,1,-1
21872,[0.86588289 0.61272216],2,-1,-1,1,-1
21873,[0.66975083 0.58138195],3,3,"[0.6601234827680622, 0.6109507568947781]",1,-1
21874,[0.33940037 0.20324914],1,2,"[0.294379027732062, 0.1921773781634303]",0,0
21875,[0.73086987 0.62477984],3,-1,-1,1,-1
21876,[0.23827773 0.19870788],1,2,"[0.294379027732062, 0.1921773781634303]",0,0
21877,[0.41192595 0.53840977],0,1,"[0.37965276877051146, 0.575157747726818]",1,-1
21878,[0.59100187 0.58502416],3,-1,-1,1,-1
21879,[0.85116345 0.59994171],2,-1,-1,1,-1
21880,[0.29713497 0.1741457 ],1,2,"[0.294379027732062, 0.1921773781634303]",0,0
21881,[0.63993454 0.68821323],2,-1,-1,1,-1
21882,[0.80609399 0.72837425],2,0,"[0.7890750777399501, 0.6799557517006445]",1,-1
21883,[0.69028214 0.60912471],3,3,"[0.6601234827680622, 0.6109507568947781]",1,-1
21884,[0.62698745 0.54022494],3,-1,-1,1,-1
21885,[0.37619463 0.53117849],0,1,"[0.37965276877051146, 0.575157747726818]",1,-1
21886,[0.40380799 0.58545536],0,1,"[0.37965276877051146, 0.575157747726818]",1,2
21887,[0.76438153 0.72831326],2,0,"[0.7890750777399501, 0.6799557517006445]",1,-1
21888,[0.27406691 0.67498561],0,-1,-1,1,-1
21889,[0.78456611 0.66110555],2,0,"[0.7890750777399501, 0.6799557517006445]",1,-1
21890,[0.34932126 0.30051469],1,-1,-1,0,0
21891,[0.29215071 0.21256594],1,2,"[0.294379027732062, 0.1921773781634303]",0,0
21892,[0.84426463 0.76239675],2,-1,-1,1,-1
21893,[0.78092874 0.68609079],2,0,"[0.7890750777399501, 0.6799557517006445]",1,-1
21894,[0.69445656 0.60016216],3,3,"[0.6601234827680622, 0.6109507568947781]",1,-1
21895,[0.43152677 0.62421315],0,-1,-1,1,-1
21896,[0.89511888 0.74372279],2,-1,-1,1,-1
21897,[0.39776304 0.49108295],0,-1,-1,1,-1
21898,[0.79386116 0.70501973],2,0,"[0.7890750777399501, 0.6799557517006445]",1,-1
21899,[0.70054112 0.64005262],3,3,"[0.6601234827680622, 0.6109507568947781]",1,-1
21900,[0.68703964 0.61267603],3,3,"[0.6601234827680622, 0.6109507568947781]",1,5
21901,[0.81458966 0.60839857],2,-1,-1,1,-1
21902,[0.8778704  0.68446265],2,-1,-1,1,-1
21903,[0.65517482 0.59207488],3,3,"[0.6601234827680622, 0.6109507568947781]",1,-1
21904,[0.6875748  0.63191426],3,3,"[0.6601234827680622, 0.6109507568947781]",1,-1
21905,[0.35450371 0.20259637],1,2,"[0.294379027732062, 0.1921773781634303]",0,0
21906,[0.76796199 0.68397034],2,0,"[0.7890750777399501, 0.6799557517006445]",1,4
21907,[0.40011961 0.5155057 ],0,1,"[0.37965276877051146, 0.575157747726818]",1,-1
21908,[0.80532831 0.69329998],2,0,"[0.7890750777399501, 0.6799557517006445]",1,-1
21909,[0.69664668 0.57138434],3,3,"[0.6601234827680622, 0.6109507568947781]",1,-1
21910,[0.31437142 0.17110477],1,2,"[0.294379027732062, 0.1921773781634303]",0,0
21911,[0.34975097 0.20722218],1,2,"[0.294379027732062, 0.1921773781634303]",0,0
21912,[0.66716958 0.60435026],3,3,"[0.6601234827680622, 0.6109507568947781]",1,-1
21913,[0.58414715 0.61988007],3,-1,-1,1,-1
21914,[0.47533888 0.58672303],0,-1,-1,1,-1
21915,[0.82310233 0.66315253],2,0,"[0.7890750777399501, 0.6799557517006445]",1,-1
21916,[0.74099519 0.66269057],2,0,"[0.7890750777399501, 0.6799557517006445]",1,-1
21917,[0.62338749 0.62540337],3,3,"[0.6601234827680622, 0.6109507568947781]",1,-1
21918,[0.6962252  0.61353585],3,3,"[0.6601234827680622, 0.6109507568947781]",1,-1
21919,[0.36083831 0.63365653],0,1,"[0.37965276877051146, 0.575157747726818]",1,-1
21920,[0.69379118 0.62675156],3,3,"[0.6601234827680622, 0.6109507568947781]",1,-1
21921,[0.32405248 0.65661236],0,-1,-1,1,-1
21922,[0.67349726 0.6422742 ],3,3,"[0.6601234827680622, 0.6109507568947781]",1,-1
21923,[0.73868483 0.71148757],3,0,"[0.7890750777399501, 0.6799557517006445]",1,-1
21924,[0.47953694 0.55616426],0,-1,-1,1,-1
21925,[0.30603322 0.27391728],1,-1,-1,0,0
21926,[0.59985379 0.65281783],3,-1,-1,1,-1
21927,[0.26845284 0.07898336],1,-1,-1,0,0
21928,[0.72177873 0.73420276],2,-1,-1,1,-1
21929,[0.79485268 0.64867699],3,0,"[0.7890750777399501, 0.6799557517006445]",1,-1
21930,[0.28250237 0.22998442],1,2,"[0.294379027732062, 0.1921773781634303]",0,0
21931,[0.61905829 0.68134658],3,-1,-1,1,-1
21932,[0.853069   0.69554486],2,0,"[0.7890750777399501, 0.6799557517006445]",1,-1
21933,[0.32067747 0.18604148],1,2,"[0.294379027732062, 0.1921773781634303]",0,0
21934,[0.62475928 0.55151832],3,3,"[0.6601234827680622, 0.6109507568947781]",1,-1
21935,[0.6050734  0.62156254],3,3,"[0.6601234827680622, 0.6109507568947781]",1,-1
21936,[0.43557456 0.57742777],0,1,"[0.37965276877051146, 0.575157747726818]",1,-1
21937,[0.2299724  0.22619872],1,-1,-1,0,0
21938,[0.46807377 0.53392109],0,-1,-1,1,-1
21939,[0.49952398 0.57953462],0,-1,-1,1,-1
21940,[0.63145263 0.64647605],3,3,"[0.6601234827680622, 0.6109507568947781]",1,-1
21941,[0.78713762 0.67626153],2,0,"[0.7890750777399501, 0.6799557517006445]",1,4
21942,[0.3389783 0.6319196],0,1,"[0.37965276877051146, 0.575157747726818]",1,-1
21943,[0.36304043 0.57717842],0,1,"[0.37965276877051146, 0.575157747726818]",1,-1
21944,[0.83190955 0.61824205],2,-1,-1,1,-1
21945,[0.23090726 0.22634011],1,-1,-1,0,0
21946,[0.28698225 0.18406693],1,2,"[0.294379027732062, 0.1921773781634303]",0,0
21947,[0.29841202 0.12311982],1,2,"[0.294379027732062, 0.1921773781634303]",0,0
21948,[0.39527181 0.53524332],0,1,"[0.37965276877051146, 0.575157747726818]",1,-1
21949,[0.79293074 0.67385452],2,0,"[0.7890750777399501, 0.6799557517006445]",1,4
21950,[0.74496739 0.72373807],2,0,"[0.7890750777399501, 0.6799557517006445]",1,-1
21951,[0.71022443 0.62629819],3,3,"[0.6601234827680622, 0.6109507568947781]",1,-1
21952,[0.64250496 0.58222442],3,3,"[0.6601234827680622, 0.6109507568947781]",1,-1
21953,[0.27251064 0.2774237 ],1,-1,-1,0,0
21954,[0.36222514 0.54822273],0,1,"[0.37965276877051146, 0.575157747726818]",1,-1
21955,[0.8078502  0.74450671],2,0,"[0.7890750777399501, 0.6799557517006445]",1,-1
21956,[0.29081685 0.16909871],1,2,"[0.294379027732062, 0.1921773781634303]",0,0
21957,[0.28953749 0.19597258],1,2,"[0.294379027732062, 0.1921773781634303]",0,0
21958,[0.764772   0.69556175],2,0,"[0.7890750777399501, 0.6799557517006445]",1,-1
21959,[0.84568712 0.71903353],2,0,"[0.7890750777399501, 0.6799557517006445]",1,-1
21960,[0.82682621 0.68445463],2,0,"[0.7890750777399501, 0.6799557517006445]",1,-1
21961,[0.7401889  0.63789248],2,0,"[0.7890750777399501, 0.6799557517006445]",1,-1
21962,[0.33643552 0.1413923 ],1,2,"[0.294379027732062, 0.1921773781634303]",0,0
21963,[0.59788676 0.61398051],3,3,"[0.6601234827680622, 0.6109507568947781]",1,-1
21964,[0.32490509 0.2880034 ],1,-1,-1,0,0
21965,[0.67842601 0.60559962],3,3,"[0.6601234827680622, 0.6109507568947781]",1,5
21966,[0.38413223 0.60795304],0,1,"[0.37965276877051146, 0.575157747726818]",1,-1
21967,[0.29495713 0.2318474 ],1,2,"[0.294379027732062, 0.1921773781634303]",0,0
21968,[0.72901683 0.57918861],2,-1,-1,1,-1
21969,[0.79644076 0.66600341],2,0,"[0.7890750777399501, 0.6799557517006445]",1,4
21970,[0.40119858 0.12178231],1,-1,-1,0,0
21971,[0.38652424 0.63315336],0,1,"[0.37965276877051146, 0.575157747726818]",1,-1
21972,[0.31349223 0.2128843 ],1,2,"[0.294379027732062, 0.1921773781634303]",0,0
21973,[0.36575971 0.58492238],0,1,"[0.37965276877051146, 0.575157747726818]",1,-1
21974,[0.84265678 0.61788428],2,-1,-1,1,-1
21975,[0.76723813 0.63869399],2,0,"[0.7890750777399501, 0.6799557517006445]",1,-1
21976,[0.77745945 0.69853647],2,0,"[0.7890750777399501, 0.6799557517006445]",1,-1
21977,[0.69336025 0.68321496],3,-1,-1,1,-1
21978,[0.74287333 0.67498578],3,0,"[0.7890750777399501, 0.6799557517006445]",1,-1
21979,[0.76126284 0.65700976],2,0,"[0.7890750777399501, 0.6799557517006445]",1,3
21980,[0.83487428 0.72464456],2,0,"[0.7890750777399501, 0.6799557517006445]",1,-1
21981,[0.80555182 0.68487529],2,0,"[0.7890750777399501, 0.6799557517006445]",1,4
21982,[0.39232472 0.59550745],0,1,"[0.37965276877051146, 0.575157747726818]",1,-1
21983,[0.31639881 0.54739809],0,1,"[0.37965276877051146, 0.575157747726818]",1,-1
21984,[0.6529362  0.64786806],3,3,"[0.6601234827680622, 0.6109507568947781]",1,-1
21985,[0.74754483 0.7060586 ],2,0,"[0.7890750777399501, 0.6799557517006445]",1,-1
21986,[0.81703019 0.71503351],2,0,"[0.7890750777399501, 0.6799557517006445]",1,-1
21987,[0.20690967 0.17126794],1,-1,-1,0,0
21988,[0.34371896 0.26226481],1,-1,-1,0,0
21989,[0.84956566 0.67144284],2,0,"[0.7890750777399501, 0.6799557517006445]",1,-1
21990,[0.65498817 0.62582614],3,3,"[0.6601234827680622, 0.6109507568947781]",1,-1
21991,[0.67401889 0.57360648],3,3,"[0.6601234827680622, 0.6109507568947781]",1,-1
21992,[0.22467044 0.15476085],1,-1,-1,0,0
21993,[0.42941001 0.58115038],0,1,"[0.37965276877051146, 0.575157747726818]",1,-1
21994,[0.29782592 0.53321824],0,-1,-1,1,-1
21995,[0.42700301 0.61652954],0,1,"[0.37965276877051146, 0.575157747726818]",1,-1
21996,[0.33866965 0.54684815],0,1,"[0.37965276877051146, 0.575157747726818]",1,-1
21997,[0.6875548  0.57389982],3,3,"[0.6601234827680622, 0.6109507568947781]",1,-1
21998,[0.32160846 0.1988929 ],1,2,"[0.294379027732062, 0.1921773781634303]",0,0
21999,[0.61645605 0.62067359],3,3,"[0.6601234827680622, 0.6109507568947781]",1,-1
22000,[0.73917104 0.62584501],2,-1,-1,1,-1
22001,[0.30883962 0.25303154],1,2,"[0.294379027732062, 0.1921773781634303]",0,0
22002,[0.38737218 0.59847131],0,1,"[0.37965276877051146, 0.575157747726818]",1,-1
22003,[0.31619394 0.1637989 ],1,2,"[0.294379027732062, 0.1921773781634303]",0,0
22004,[0.30326814 0.11327333],1,-1,-1,0,0
22005,[0.30226236 0.25739018],1,2,"[0.294379027732062, 0.1921773781634303]",0,0
22006,[0.67105206 0.57177508],3,3,"[0.6601234827680622, 0.6109507568947781]",1,-1
22007,[0.23090664 0.18141673],1,2,"[0.294379027732062, 0.1921773781634303]",0,0
22008,[0.47528509 0.51804112],0,-1,-1,1,-1
22009,[0.26629982 0.19826497],1,2,"[0.294379027732062, 0.1921773781634303]",0,0
22010,[0.78344033 0.68485129],2,0,"[0.7890750777399501, 0.6799557517006445]",1,4
22011,[0.76499678 0.63605191],2,0,"[0.7890750777399501, 0.6799557517006445]",1,-1
22012,[0.61328275 0.64887945],3,3,"[0.6601234827680622, 0.6109507568947781]",1,-1
22013,[0.81906543 0.67651527],2,0,"[0.7890750777399501, 0.6799557517006445]",1,-1
22014,[0.38917306 0.60463584],0,1,"[0.37965276877051146, 0.575157747726818]",1,-1
22015,[0.34919942 0.5281118 ],0,1,"[0.37965276877051146, 0.575157747726818]",1,-1
22016,[0.33185146 0.20965672],1,2,"[0.294379027732062, 0.1921773781634303]",0,0
22017,[0.66270301 0.66044235],3,3,"[0.6601234827680622, 0.6109507568947781]",1,-1
22018,[0.63803751 0.62180305],3,3,"[0.6601234827680622, 0.6109507568947781]",1,6
22019,[0.66834224 0.60396672],3,3,"[0.6601234827680622, 0.6109507568947781]",1,-1
22020,[0.7060086  0.59173764],3,3,"[0.6601234827680622, 0.6109507568947781]",1,-1
22021,[0.65805647 0.65804788],3,3,"[0.6601234827680622, 0.6109507568947781]",1,-1
22022,[0.62308697 0.57776256],3,3,"[0.6601234827680622, 0.6109507568947781]",1,-1
22023,[0.63245646 0.64177709],3,3,"[0.6601234827680622, 0.6109507568947781]",1,-1
22024,[0.37318379 0.46827089],0,-1,-1,1,-1
22025,[0.82157262 0.70898579],2,0,"[0.7890750777399501, 0.6799557517006445]",1,-1
22026,[0.83444748 0.6403091 ],2,0,"[0.7890750777399501, 0.6799557517006445]",1,-1
22027,[0.68936634 0.53599053],3,-1,-1,1,-1
22028,[0.25300552 0.19234148],1,2,"[0.294379027732062, 0.1921773781634303]",0,0
22029,[0.83202887 0.65067458],2,0,"[0.7890750777399501, 0.6799557517006445]",1,-1
22030,[0.70122662 0.60994406],3,3,"[0.6601234827680622, 0.6109507568947781]",1,-1
22031,[0.77380185 0.67271736],2,0,"[0.7890750777399501, 0.6799557517006445]",1,-1
22032,[0.2270788  0.14202276],1,-1,-1,0,0
22033,[0.32739384 0.61658612],0,1,"[0.37965276877051146, 0.575157747726818]",1,-1
22034,[0.49205532 0.54060681],0,-1,-1,1,-1
22035,[0.30506802 0.26327517],1,-1,-1,0,0
22036,[0.64423677 0.53951744],3,-1,-1,1,-1
22037,[0.59903166 0.69402192],3,-1,-1,1,-1
22038,[0.64201977 0.60713399],3,3,"[0.6601234827680622, 0.6109507568947781]",1,-1
22039,[0.28336919 0.22933848],1,2,"[0.294379027732062, 0.1921773781634303]",0,0
22040,[0.25690383 0.20709658],1,2,"[0.294379027732062, 0.1921773781634303]",0,0
22041,[0.75864629 0.67720395],2,0,"[0.7890750777399501, 0.6799557517006445]",1,-1
22042,[0.39730106 0.2060579 ],1,-1,-1,0,0
22043,[0.34704634 0.15282722],1,2,"[0.294379027732062, 0.1921773781634303]",0,0
22044,[0.37191244 0.26123436],1,-1,-1,0,0
22045,[0.25495656 0.18943851],1,2,"[0.294379027732062, 0.1921773781634303]",0,0
22046,[0.75256652 0.62011168],2,-1,-1,1,-1
22047,[0.71568722 0.67829817],2,-1,-1,1,-1
22048,[0.73004404 0.72621975],2,-1,-1,1,-1
22049,[0.4044787  0.55328135],0,1,"[0.37965276877051146, 0.575157747726818]",1,-1
22050,[0.38670192 0.24185465],1,-1,-1,0,0
22051,[0.39002593 0.5089035 ],0,1,"[0.37965276877051146, 0.575157747726818]",1,-1
22052,[0.65164086 0.63479151],3,3,"[0.6601234827680622, 0.6109507568947781]",1,-1
22053,[0.65361264 0.58756762],3,3,"[0.6601234827680622, 0.6109507568947781]",1,-1
22054,[0.68852991 0.62169758],3,3,"[0.6601234827680622, 0.6109507568947781]",1,-1
22055,[0.72898362 0.77749889],2,-1,-1,1,-1
22056,[0.31855472 0.58434803],0,1,"[0.37965276877051146, 0.575157747726818]",1,-1
22057,[0.78681618 0.64988026],2,0,"[0.7890750777399501, 0.6799557517006445]",1,-1
22058,[0.40834496 0.44671509],0,-1,-1,1,-1
22059,[0.72615995 0.59721949],3,3,"[0.6601234827680622, 0.6109507568947781]",1,-1
22060,[0.70459051 0.65867906],3,3,"[0.6601234827680622, 0.6109507568947781]",1,-1
22061,[0.35659184 0.66800928],0,-1,-1,1,-1
22062,[0.77122157 0.64354624],2,0,"[0.7890750777399501, 0.6799557517006445]",1,-1
22063,[0.27658049 0.15725351],1,2,"[0.294379027732062, 0.1921773781634303]",0,0
22064,[0.31264329 0.20898922],1,2,"[0.294379027732062, 0.1921773781634303]",0,0
22065,[0.61283684 0.58509436],3,3,"[0.6601234827680622, 0.6109507568947781]",1,-1
22066,[0.33177711 0.14714187],1,2,"[0.294379027732062, 0.1921773781634303]",0,0
22067,[0.28027549 0.107206  ],1,-1,-1,0,0
22068,[0.46296688 0.58013417],0,-1,-1,1,-1
22069,[0.26161385 0.02159544],1,-1,-1,0,-1
22070,[0.44965631 0.62673168],0,-1,-1,1,-1
22071,[0.77446612 0.72425216],2,0,"[0.7890750777399501, 0.6799557517006445]",1,-1
22072,[0.2929556  0.21628225],1,2,"[0.294379027732062, 0.1921773781634303]",0,0
22073,[0.74121243 0.71806617],2,0,"[0.7890750777399501, 0.6799557517006445]",1,-1
22074,[0.23564166 0.26726406],1,-1,-1,0,0
22075,[0.77521376 0.647238  ],3,0,"[0.7890750777399501, 0.6799557517006445]",1,-1
22076,[0.81289908 0.69306156],2,0,"[0.7890750777399501, 0.6799557517006445]",1,4
22077,[0.45864624 0.60473061],0,-1,-1,1,-1
22078,[0.30899165 0.15878372],1,2,"[0.294379027732062, 0.1921773781634303]",0,0
22079,[0.39253656 0.50715965],0,1,"[0.37965276877051146, 0.575157747726818]",1,-1
22080,[0.77732946 0.83463652],2,-1,-1,1,-1
22081,[0.81653139 0.60492462],2,-1,-1,1,-1
22082,[0.65659453 0.63000115],3,3,"[0.6601234827680622, 0.6109507568947781]",1,-1
22083,[0.7835073  0.70133569],2,0,"[0.7890750777399501, 0.6799557517006445]",1,-1
22084,[0.36997718 0.60956553],0,1,"[0.37965276877051146, 0.575157747726818]",1,-1
22085,[0.29037728 0.13067454],1,2,"[0.294379027732062, 0.1921773781634303]",0,0
22086,[0.31037385 0.23855454],1,2,"[0.294379027732062, 0.1921773781634303]",0,0
22087,[0.79786338 0.63197644],2,0,"[0.7890750777399501, 0.6799557517006445]",1,-1
22088,[0.45267903 0.60324169],0,-1,-1,1,-1
22089,[0.27029299 0.13016499],1,2,"[0.294379027732062, 0.1921773781634303]",0,0
22090,[0.73905849 0.64724902],2,0,"[0.7890750777399501, 0.6799557517006445]",1,-1
22091,[0.36082617 0.55949305],0,1,"[0.37965276877051146, 0.575157747726818]",1,-1
22092,[0.467949   0.62536568],0,-1,-1,1,-1
22093,[0.21743519 0.11400388],1,-1,-1,0,0
22094,[0.86100086 0.70470136],2,-1,-1,1,-1
22095,[0.78894647 0.59693924],2,-1,-1,1,-1
22096,[0.64592575 0.61112396],3,3,"[0.6601234827680622, 0.6109507568947781]",1,6
22097,[0.72516266 0.69357431],3,0,"[0.7890750777399501, 0.6799557517006445]",1,-1
22098,[0.81076416 0.63160211],2,0,"[0.7890750777399501, 0.6799557517006445]",1,-1
22099,[0.31372148 0.56941725],0,1,"[0.37965276877051146, 0.575157747726818]",1,-1
22100,[0.4355092 0.5432005],0,1,"[0.37965276877051146, 0.575157747726818]",1,-1
22101,[0.45558086 0.62050195],0,-1,-1,1,-1
22102,[0.74442256 0.6125793 ],3,-1,-1,1,-1
22103,[0.45052911 0.54719892],0,-1,-1,1,-1
22104,[0.78005092 0.59539283],2,-1,-1,1,-1
22105,[0.18862904 0.14228852],1,-1,-1,0,0
22106,[0.6369406  0.56656611],3,3,"[0.6601234827680622, 0.6109507568947781]",1,-1
22107,[0.27959896 0.17908691],1,2,"[0.294379027732062, 0.1921773781634303]",0,0
22108,[0.69288033 0.67577642],3,-1,-1,1,-1
22109,[0.40714313 0.54150898],0,1,"[0.37965276877051146, 0.575157747726818]",1,-1
22110,[0.32235371 0.11464147],1,-1,-1,0,0
22111,[0.47825976 0.63220534],0,-1,-1,1,-1
22112,[0.88877926 0.68431587],2,-1,-1,1,-1
22113,[0.80717782 0.69481835],2,0,"[0.7890750777399501, 0.6799557517006445]",1,-1
22114,[0.33118794 0.2272241 ],1,2,"[0.294379027732062, 0.1921773781634303]",0,0
22115,[0.34160813 0.09192098],1,-1,-1,0,0
22116,[0.45308648 0.54446   ],0,-1,-1,1,-1
22117,[0.8083413  0.74130147],2,0,"[0.7890750777399501, 0.6799557517006445]",1,-1
22118,[0.80537579 0.65672294],2,0,"[0.7890750777399501, 0.6799557517006445]",1,-1
22119,[0.34712928 0.60864921],0,1,"[0.37965276877051146, 0.575157747726818]",1,-1
22120,[0.37317963 0.56803004],0,1,"[0.37965276877051146, 0.575157747726818]",1,1
22121,[0.47634387 0.53658271],0,-1,-1,1,-1
22122,[0.79909979 0.70451328],2,0,"[0.7890750777399501, 0.6799557517006445]",1,-1
22123,[0.78228795 0.69762717],2,0,"[0.7890750777399501, 0.6799557517006445]",1,-1
22124,[0.70004117 0.68335348],3,-1,-1,1,-1
22125,[0.30758391 0.59984402],0,-1,-1,1,-1
22126,[0.41177975 0.57710899],0,1,"[0.37965276877051146, 0.575157747726818]",1,2
22127,[0.29351267 0.18245069],1,2,"[0.294379027732062, 0.1921773781634303]",0,0
22128,[0.32568155 0.59539084],0,1,"[0.37965276877051146, 0.575157747726818]",1,-1
22129,[0.40077775 0.55639885],0,1,"[0.37965276877051146, 0.575157747726818]",1,-1
22130,[0.62301814 0.65014099],3,3,"[0.6601234827680622, 0.6109507568947781]",1,-1
22131,[0.30164069 0.1429846 ],1,2,"[0.294379027732062, 0.1921773781634303]",0,0
22132,[0.37702725 0.51511051],0,1,"[0.37965276877051146, 0.575157747726818]",1,-1
22133,[0.70055911 0.57560351],3,3,"[0.6601234827680622, 0.6109507568947781]",1,-1
22134,[0.78503068 0.70241181],2,0,"[0.7890750777399501, 0.6799557517006445]",1,-1
22135,[0.38260755 0.52872051],0,1,"[0.37965276877051146, 0.575157747726818]",1,-1
22136,[0.40332655 0.17408098],1,-1,-1,0,0
22137,[0.65014099 0.63561896],3,3,"[0.6601234827680622, 0.6109507568947781]",1,-1
22138,[0.27033744 0.16942471],1,2,"[0.294379027732062, 0.1921773781634303]",0,0
22139,[0.42906027 0.54232478],0,1,"[0.37965276877051146, 0.575157747726818]",1,-1
22140,[0.75344797 0.68385625],2,0,"[0.7890750777399501, 0.6799557517006445]",1,-1
22141,[0.67279848 0.68275951],3,-1,-1,1,-1
22142,[0.31373065 0.10507341],1,-1,-1,0,0
22143,[0.34166649 0.21709026],1,2,"[0.294379027732062, 0.1921773781634303]",0,0
22144,[0.8458797  0.71337214],2,0,"[0.7890750777399501, 0.6799557517006445]",1,-1
22145,[0.38303883 0.62262919],0,1,"[0.37965276877051146, 0.575157747726818]",1,-1
22146,[0.70469638 0.68908681],3,-1,-1,1,-1
22147,[0.67384719 0.61995433],3,3,"[0.6601234827680622, 0.6109507568947781]",1,-1
22148,[0.30070757 0.13629199],1,2,"[0.294379027732062, 0.1921773781634303]",0,0
22149,[0.28138543 0.57981096],0,-1,-1,1,-1
22150,[0.35891843 0.57825495],0,1,"[0.37965276877051146, 0.575157747726818]",1,-1
22151,[0.81981853 0.75678159],2,-1,-1,1,-1
22152,[0.8001824  0.64086479],2,0,"[0.7890750777399501, 0.6799557517006445]",1,-1
22153,[0.65611785 0.71152251],3,-1,-1,1,-1
22154,[0.64592711 0.67486754],3,3,"[0.6601234827680622, 0.6109507568947781]",1,-1
22155,[0.31943906 0.20588362],1,2,"[0.294379027732062, 0.1921773781634303]",0,0
22156,[0.76202021 0.56713899],3,-1,-1,1,-1
22157,[0.65014932 0.59228817],3,3,"[0.6601234827680622, 0.6109507568947781]",1,-1
22158,[0.68899312 0.75411911],2,-1,-1,1,-1
22159,[0.59019064 0.60360738],3,-1,-1,1,-1
22160,[0.60578694 0.65374917],3,3,"[0.6601234827680622, 0.6109507568947781]",1,-1
22161,[0.36806576 0.51870717],0,1,"[0.37965276877051146, 0.575157747726818]",1,-1
22162,[0.58121575 0.69571492],3,-1,-1,1,-1
22163,[0.37631333 0.55385291],0,1,"[0.37965276877051146, 0.575157747726818]",1,-1
22164,[0.68245921 0.70481809],3,-1,-1,1,-1
22165,[0.32536042 0.6476566 ],0,-1,-1,1,-1
22166,[0.71808686 0.55911441],3,-1,-1,1,-1
22167,[0.74782448 0.61275982],2,-1,-1,1,-1
22168,[0.74672375 0.63960363],2,0,"[0.7890750777399501, 0.6799557517006445]",1,-1
22169,[0.7220439 0.6363369],3,3,"[0.6601234827680622, 0.6109507568947781]",1,-1
22170,[0.60460971 0.63231125],3,3,"[0.6601234827680622, 0.6109507568947781]",1,-1
22171,[0.81904858 0.67097585],2,0,"[0.7890750777399501, 0.6799557517006445]",1,-1
22172,[0.45643236 0.20100933],1,-1,-1,0,0
22173,[0.4100603 0.5951368],0,1,"[0.37965276877051146, 0.575157747726818]",1,-1
22174,[0.2847834 0.1242833],1,2,"[0.294379027732062, 0.1921773781634303]",0,0
22175,[0.26302266 0.22433428],1,2,"[0.294379027732062, 0.1921773781634303]",0,0
22176,[0.34541748 0.61369598],0,1,"[0.37965276877051146, 0.575157747726818]",1,-1
22177,[0.40104259 0.59229257],0,1,"[0.37965276877051146, 0.575157747726818]",1,-1
22178,[0.6746307  0.55568572],3,3,"[0.6601234827680622, 0.6109507568947781]",1,-1
22179,[0.42099101 0.6174187 ],0,1,"[0.37965276877051146, 0.575157747726818]",1,-1
22180,[0.85493552 0.69735223],2,0,"[0.7890750777399501, 0.6799557517006445]",1,-1
22181,[0.35635246 0.22601436],1,-1,-1,0,0
22182,[0.68837953 0.4670771 ],3,-1,-1,1,-1
22183,[0.38981265 0.52083676],0,1,"[0.37965276877051146, 0.575157747726818]",1,-1
22184,[0.77853041 0.69213062],2,0,"[0.7890750777399501, 0.6799557517006445]",1,-1
22185,[0.626222   0.55063273],3,3,"[0.6601234827680622, 0.6109507568947781]",1,-1
22186,[0.66922953 0.58481552],3,3,"[0.6601234827680622, 0.6109507568947781]",1,-1
22187,[0.8331155  0.60441485],2,-1,-1,1,-1
22188,[0.77954377 0.67920995],2,0,"[0.7890750777399501, 0.6799557517006445]",1,-1
22189,[0.30701356 0.23536821],1,2,"[0.294379027732062, 0.1921773781634303]",0,0
22190,[0.29194734 0.19748902],1,2,"[0.294379027732062, 0.1921773781634303]",0,0
22191,[0.76633304 0.61790099],2,0,"[0.7890750777399501, 0.6799557517006445]",1,-1
22192,[0.28366904 0.26968765],1,-1,-1,0,0
22193,[0.66152159 0.58508759],3,3,"[0.6601234827680622, 0.6109507568947781]",1,6
22194,[0.80997776 0.65006456],2,0,"[0.7890750777399501, 0.6799557517006445]",1,-1
22195,[0.74447507 0.55867077],3,-1,-1,1,-1
22196,[0.70810089 0.67325721],2,-1,-1,1,-1
22197,[0.74109027 0.65843147],2,0,"[0.7890750777399501, 0.6799557517006445]",1,-1
22198,[0.40455965 0.51122564],0,1,"[0.37965276877051146, 0.575157747726818]",1,-1
22199,[0.37142171 0.52140134],0,1,"[0.37965276877051146, 0.575157747726818]",1,-1
22200,[0.73279211 0.76512056],2,-1,-1,1,-1
22201,[0.24594732 0.22433286],1,2,"[0.294379027732062, 0.1921773781634303]",0,0
22202,[0.33854619 0.20033774],1,2,"[0.294379027732062, 0.1921773781634303]",0,0
22203,[0.65146622 0.55805879],3,3,"[0.6601234827680622, 0.6109507568947781]",1,-1
22204,[0.8129195  0.73665072],2,0,"[0.7890750777399501, 0.6799557517006445]",1,-1
22205,[0.80608434 0.62933501],2,0,"[0.7890750777399501, 0.6799557517006445]",1,-1
22206,[0.40095368 0.56961518],0,1,"[0.37965276877051146, 0.575157747726818]",1,2
22207,[0.46861802 0.61370029],0,-1,-1,1,-1
22208,[0.59831115 0.67423242],3,-1,-1,1,-1
22209,[0.41335886 0.56996745],0,1,"[0.37965276877051146, 0.575157747726818]",1,2
22210,[0.48407568 0.62151377],0,-1,-1,1,-1
22211,[0.26559071 0.19248644],1,2,"[0.294379027732062, 0.1921773781634303]",0,0
22212,[0.29935789 0.16087349],1,2,"[0.294379027732062, 0.1921773781634303]",0,0
22213,[0.36718395 0.58450387],0,1,"[0.37965276877051146, 0.575157747726818]",1,-1
22214,[0.78254627 0.61750297],2,0,"[0.7890750777399501, 0.6799557517006445]",1,-1
22215,[0.45875848 0.49533325],0,-1,-1,1,-1
22216,[0.83880267 0.62682164],2,-1,-1,1,-1
22217,[0.62718722 0.63974565],3,3,"[0.6601234827680622, 0.6109507568947781]",1,-1
22218,[0.35009314 0.5831734 ],0,1,"[0.37965276877051146, 0.575157747726818]",1,-1
22219,[0.69427244 0.66867819],3,3,"[0.6601234827680622, 0.6109507568947781]",1,-1
22220,[0.61214407 0.6100954 ],3,3,"[0.6601234827680622, 0.6109507568947781]",1,-1
22221,[0.80314256 0.70546805],2,0,"[0.7890750777399501, 0.6799557517006445]",1,-1
22222,[0.3701045  0.20752874],1,-1,-1,0,0
22223,[0.85028109 0.62565496],2,-1,-1,1,-1
22224,[0.43067975 0.59339781],0,1,"[0.37965276877051146, 0.575157747726818]",1,-1
22225,[0.32359288 0.63070693],0,-1,-1,1,-1
22226,[0.82824062 0.6462561 ],2,0,"[0.7890750777399501, 0.6799557517006445]",1,-1
22227,[0.85272047 0.67963119],2,0,"[0.7890750777399501, 0.6799557517006445]",1,-1
22228,[0.69746776 0.65137969],3,3,"[0.6601234827680622, 0.6109507568947781]",1,-1
22229,[0.59767796 0.66497263],3,-1,-1,1,-1
22230,[0.75062569 0.65713217],3,0,"[0.7890750777399501, 0.6799557517006445]",1,-1
22231,[0.75741741 0.6012134 ],2,-1,-1,1,-1
22232,[0.32537206 0.61004295],0,1,"[0.37965276877051146, 0.575157747726818]",1,-1
22233,[0.65414895 0.61561785],3,3,"[0.6601234827680622, 0.6109507568947781]",1,-1
22234,[0.66607867 0.7216985 ],3,-1,-1,1,-1
22235,[0.28201635 0.16443407],1,2,"[0.294379027732062, 0.1921773781634303]",0,0
22236,[0.80500017 0.57954842],2,-1,-1,1,-1
22237,[0.70171432 0.61094133],2,3,"[0.6601234827680622, 0.6109507568947781]",1,-1
22238,[0.64091116 0.64461865],3,3,"[0.6601234827680622, 0.6109507568947781]",1,-1
22239,[0.62932195 0.68682712],3,-1,-1,1,-1
22240,[0.71052911 0.5873845 ],3,3,"[0.6601234827680622, 0.6109507568947781]",1,-1
22241,[0.62512011 0.61044332],3,3,"[0.6601234827680622, 0.6109507568947781]",1,-1
22242,[0.74005223 0.73983779],2,-1,-1,1,-1
22243,[0.83433871 0.6393113 ],2,0,"[0.7890750777399501, 0.6799557517006445]",1,-1
22244,[0.56715425 0.67744232],3,-1,-1,1,-1
22245,[0.69182724 0.58943902],3,3,"[0.6601234827680622, 0.6109507568947781]",1,-1
22246,[0.38619783 0.55276726],0,1,"[0.37965276877051146, 0.575157747726818]",1,-1
22247,[0.28737231 0.30574588],1,-1,-1,0,0
22248,[0.28393535 0.63556536],0,-1,-1,1,-1
22249,[0.39207982 0.54716664],0,1,"[0.37965276877051146, 0.575157747726818]",1,-1
22250,[0.77418782 0.71982243],2,0,"[0.7890750777399501, 0.6799557517006445]",1,-1
22251,[0.62135944 0.53104398],3,-1,-1,1,-1
22252,[0.68805175 0.58302068],3,3,"[0.6601234827680622, 0.6109507568947781]",1,-1
22253,[0.8136248  0.75274603],2,-1,-1,1,-1
22254,[0.77861025 0.68665654],2,0,"[0.7890750777399501, 0.6799557517006445]",1,-1
22255,[0.22476035 0.18536185],1,2,"[0.294379027732062, 0.1921773781634303]",0,0
22256,[0.36888729 0.68560859],0,-1,-1,1,-1
22257,[0.28537773 0.56628455],0,-1,-1,1,-1
22258,[0.29917892 0.18333393],1,2,"[0.294379027732062, 0.1921773781634303]",0,0
22259,[0.82539541 0.62807387],2,0,"[0.7890750777399501, 0.6799557517006445]",1,-1
22260,[0.37510525 0.20500698],1,-1,-1,0,0
22261,[0.74532233 0.67811093],2,0,"[0.7890750777399501, 0.6799557517006445]",1,-1
22262,[0.74243623 0.67062892],2,0,"[0.7890750777399501, 0.6799557517006445]",1,-1
22263,[0.35590234 0.12142877],1,-1,-1,0,0
22264,[0.53044078 0.6250435 ],3,-1,-1,1,-1
22265,[0.40025183 0.56068422],0,1,"[0.37965276877051146, 0.575157747726818]",1,-1
22266,[0.64050112 0.51254301],3,-1,-1,1,-1
22267,[0.27902422 0.28424078],1,-1,-1,0,0
22268,[0.32822734 0.58311371],0,1,"[0.37965276877051146, 0.575157747726818]",1,-1
22269,[0.23532992 0.19079634],1,2,"[0.294379027732062, 0.1921773781634303]",0,0
22270,[0.42727489 0.61052643],0,1,"[0.37965276877051146, 0.575157747726818]",1,-1
22271,[0.74188481 0.64854323],2,0,"[0.7890750777399501, 0.6799557517006445]",1,-1
22272,[0.26729149 0.18705235],1,2,"[0.294379027732062, 0.1921773781634303]",0,0
22273,[0.45084334 0.58161133],0,-1,-1,1,-1
22274,[0.70557643 0.57401012],3,3,"[0.6601234827680622, 0.6109507568947781]",1,-1
22275,[0.63734192 0.571313  ],3,3,"[0.6601234827680622, 0.6109507568947781]",1,-1
22276,[0.31009315 0.55041836],0,-1,-1,1,-1
22277,[0.41059331 0.5738359 ],0,1,"[0.37965276877051146, 0.575157747726818]",1,2
22278,[0.6229723  0.52661357],3,-1,-1,1,-1
22279,[0.36464729 0.22259936],1,-1,-1,0,0
22280,[0.6517754  0.48812699],3,-1,-1,1,-1
22281,[0.79018772 0.67368384],2,0,"[0.7890750777399501, 0.6799557517006445]",1,-1
22282,[0.78801814 0.69728731],2,0,"[0.7890750777399501, 0.6799557517006445]",1,-1
22283,[0.73722284 0.70586179],2,0,"[0.7890750777399501, 0.6799557517006445]",1,-1
22284,[0.30908063 0.1068084 ],1,-1,-1,0,0
22285,[0.76644996 0.69886011],2,0,"[0.7890750777399501, 0.6799557517006445]",1,-1
22286,[0.30768841 0.17963199],1,2,"[0.294379027732062, 0.1921773781634303]",0,0
22287,[0.36260477 0.20181116],1,2,"[0.294379027732062, 0.1921773781634303]",0,0
22288,[0.69402442 0.56024917],3,3,"[0.6601234827680622, 0.6109507568947781]",1,-1
22289,[0.864267   0.67185089],2,-1,-1,1,-1
22290,[0.43106167 0.5526778 ],0,1,"[0.37965276877051146, 0.575157747726818]",1,-1
22291,[0.38454677 0.48412492],0,-1,-1,1,-1
22292,[0.76340772 0.67253058],2,0,"[0.7890750777399501, 0.6799557517006445]",1,-1
22293,[0.63643136 0.61481157],3,3,"[0.6601234827680622, 0.6109507568947781]",1,-1
22294,[0.63016165 0.63010149],3,3,"[0.6601234827680622, 0.6109507568947781]",1,-1
22295,[0.30181556 0.18496256],1,2,"[0.294379027732062, 0.1921773781634303]",0,0
22296,[0.30383954 0.56280197],0,-1,-1,1,-1
22297,[0.40944436 0.21484868],1,-1,-1,0,0
22298,[0.83572787 0.66779431],2,0,"[0.7890750777399501, 0.6799557517006445]",1,-1
22299,[0.68147777 0.57630109],3,3,"[0.6601234827680622, 0.6109507568947781]",1,-1
22300,[0.46512522 0.6109693 ],0,-1,-1,1,-1
22301,[0.71935469 0.74916342],2,-1,-1,1,-1
22302,[0.70763209 0.63288914],3,3,"[0.6601234827680622, 0.6109507568947781]",1,-1
22303,[0.29146447 0.2466404 ],1,2,"[0.294379027732062, 0.1921773781634303]",0,0
22304,[0.28179865 0.19732806],1,2,"[0.294379027732062, 0.1921773781634303]",0,0
22305,[0.21752798 0.1533204 ],1,-1,-1,0,0
22306,[0.36974309 0.62694931],0,1,"[0.37965276877051146, 0.575157747726818]",1,-1
22307,[0.24518281 0.2531434 ],1,-1,-1,0,0
22308,[0.80485515 0.69719635],2,0,"[0.7890750777399501, 0.6799557517006445]",1,-1
22309,[0.38098106 0.53417287],0,1,"[0.37965276877051146, 0.575157747726818]",1,-1
22310,[0.32217372 0.23021367],1,2,"[0.294379027732062, 0.1921773781634303]",0,0
22311,[0.37624352 0.6010158 ],0,1,"[0.37965276877051146, 0.575157747726818]",1,-1
22312,[0.67876527 0.66722281],3,3,"[0.6601234827680622, 0.6109507568947781]",1,-1
22313,[0.71468472 0.68653886],2,-1,-1,1,-1
22314,[0.82536294 0.68877207],2,0,"[0.7890750777399501, 0.6799557517006445]",1,-1
22315,[0.34629559 0.19860741],1,2,"[0.294379027732062, 0.1921773781634303]",0,0
22316,[0.73629439 0.68003836],3,0,"[0.7890750777399501, 0.6799557517006445]",1,-1
22317,[0.29754962 0.12294659],1,2,"[0.294379027732062, 0.1921773781634303]",0,0
22318,[0.34187425 0.57586767],0,1,"[0.37965276877051146, 0.575157747726818]",1,-1
22319,[0.57867776 0.61853487],3,-1,-1,1,-1
22320,[0.75198217 0.72410259],2,0,"[0.7890750777399501, 0.6799557517006445]",1,-1
22321,[0.37044024 0.68584893],0,-1,-1,1,-1
22322,[0.58934871 0.55310742],3,-1,-1,1,-1
22323,[0.43073082 0.58693197],0,1,"[0.37965276877051146, 0.575157747726818]",1,-1
22324,[0.63915566 0.61879251],3,3,"[0.6601234827680622, 0.6109507568947781]",1,6
22325,[0.67588415 0.65675465],3,3,"[0.6601234827680622, 0.6109507568947781]",1,-1
22326,[0.30980199 0.24462076],1,2,"[0.294379027732062, 0.1921773781634303]",0,0
22327,[0.78988471 0.57944129],2,-1,-1,1,-1
22328,[0.39452452 0.62269948],0,1,"[0.37965276877051146, 0.575157747726818]",1,-1
22329,[0.77528134 0.61874094],3,0,"[0.7890750777399501, 0.6799557517006445]",1,-1
22330,[0.7751793  0.67140907],2,0,"[0.7890750777399501, 0.6799557517006445]",1,-1
22331,[0.68770638 0.60992025],3,3,"[0.6601234827680622, 0.6109507568947781]",1,5
22332,[0.86129377 0.62514433],2,-1,-1,1,-1
22333,[0.73826547 0.64359914],2,0,"[0.7890750777399501, 0.6799557517006445]",1,-1
22334,[0.2158157  0.20499975],1,-1,-1,0,0
22335,[0.78361455 0.64676718],2,0,"[0.7890750777399501, 0.6799557517006445]",1,-1
22336,[0.45542155 0.6821685 ],0,-1,-1,1,-1
22337,[0.328791   0.20877783],1,2,"[0.294379027732062, 0.1921773781634303]",0,0
22338,[0.72886704 0.67882263],2,0,"[0.7890750777399501, 0.6799557517006445]",1,-1
22339,[0.84388232 0.66901984],2,0,"[0.7890750777399501, 0.6799557517006445]",1,-1
22340,[0.35996629 0.23305123],1,-1,-1,0,0
22341,[0.27769284 0.23537442],1,2,"[0.294379027732062, 0.1921773781634303]",0,0
22342,[0.71278858 0.66161178],2,-1,-1,1,-1
22343,[0.91013875 0.6823097 ],2,-1,-1,1,-1
22344,[0.79434632 0.71251853],2,0,"[0.7890750777399501, 0.6799557517006445]",1,-1
22345,[0.41117978 0.62705112],0,1,"[0.37965276877051146, 0.575157747726818]",1,-1
22346,[0.25161012 0.24893486],1,-1,-1,0,0
22347,[0.85126133 0.66250663],2,0,"[0.7890750777399501, 0.6799557517006445]",1,-1
22348,[0.36607667 0.54772556],0,1,"[0.37965276877051146, 0.575157747726818]",1,-1
22349,[0.73931529 0.77285799],2,-1,-1,1,-1
22350,[0.82473677 0.6748288 ],2,0,"[0.7890750777399501, 0.6799557517006445]",1,-1
22351,[0.20588115 0.11354259],1,-1,-1,0,0
22352,[0.38392182 0.59249717],0,1,"[0.37965276877051146, 0.575157747726818]",1,-1
22353,[0.68808363 0.66594847],3,3,"[0.6601234827680622, 0.6109507568947781]",1,-1
22354,[0.3069705  0.16732903],1,2,"[0.294379027732062, 0.1921773781634303]",0,0
22355,[0.78752985 0.5824707 ],2,-1,-1,1,-1
22356,[0.29563287 0.10629995],1,-1,-1,0,0
22357,[0.33021146 0.15341309],1,2,"[0.294379027732062, 0.1921773781634303]",0,0
22358,[0.37612686 0.18560325],1,-1,-1,0,0
22359,[0.76818199 0.68187006],2,0,"[0.7890750777399501, 0.6799557517006445]",1,-1
22360,[0.76480718 0.67387529],2,0,"[0.7890750777399501, 0.6799557517006445]",1,-1
22361,[0.81152829 0.67559934],2,0,"[0.7890750777399501, 0.6799557517006445]",1,-1
22362,[0.30100288 0.26153325],1,2,"[0.294379027732062, 0.1921773781634303]",0,0
22363,[0.78219054 0.70242614],2,0,"[0.7890750777399501, 0.6799557517006445]",1,-1
22364,[0.26755219 0.13122651],1,2,"[0.294379027732062, 0.1921773781634303]",0,0
22365,[0.41738563 0.58785287],0,1,"[0.37965276877051146, 0.575157747726818]",1,-1
22366,[0.62696682 0.68623673],3,-1,-1,1,-1
22367,[0.79229166 0.6247318 ],2,0,"[0.7890750777399501, 0.6799557517006445]",1,-1
22368,[0.78380037 0.75021182],2,-1,-1,1,-1
22369,[0.64137981 0.60842561],3,3,"[0.6601234827680622, 0.6109507568947781]",1,-1
22370,[0.64083283 0.65189816],3,3,"[0.6601234827680622, 0.6109507568947781]",1,-1
22371,[0.77932342 0.594222  ],2,-1,-1,1,-1
22372,[0.7141578  0.63297942],3,3,"[0.6601234827680622, 0.6109507568947781]",1,-1
22373,[0.70605831 0.72691271],2,-1,-1,1,-1
22374,[0.82576086 0.69594842],2,0,"[0.7890750777399501, 0.6799557517006445]",1,-1
22375,[0.86664164 0.75493266],2,-1,-1,1,-1
22376,[0.92053588 0.62858277],2,-1,-1,1,-1
22377,[0.38004191 0.65243664],0,-1,-1,1,-1
22378,[0.73918081 0.62212057],3,-1,-1,1,-1
22379,[0.37153333 0.66045156],0,-1,-1,1,-1
22380,[0.31430002 0.20277238],1,2,"[0.294379027732062, 0.1921773781634303]",0,0
22381,[0.77694478 0.62323365],2,0,"[0.7890750777399501, 0.6799557517006445]",1,-1
22382,[0.72094762 0.78764265],2,-1,-1,1,-1
22383,[0.42706312 0.48985848],0,-1,-1,1,-1
22384,[0.43552225 0.52635497],0,-1,-1,1,-1
22385,[0.66553336 0.62791014],3,3,"[0.6601234827680622, 0.6109507568947781]",1,7
22386,[0.30392414 0.21139627],1,2,"[0.294379027732062, 0.1921773781634303]",0,0
22387,[0.37836236 0.18051233],1,-1,-1,0,0
22388,[0.28867753 0.23164223],1,2,"[0.294379027732062, 0.1921773781634303]",0,0
22389,[0.25123906 0.16502713],1,2,"[0.294379027732062, 0.1921773781634303]",0,0
22390,[0.68786038 0.59070608],3,3,"[0.6601234827680622, 0.6109507568947781]",1,-1
22391,[0.57634905 0.63193912],3,-1,-1,1,-1
22392,[0.3714382  0.56762339],0,1,"[0.37965276877051146, 0.575157747726818]",1,1
22393,[0.38529305 0.55453957],0,1,"[0.37965276877051146, 0.575157747726818]",1,-1
22394,[0.66842276 0.55286437],3,3,"[0.6601234827680622, 0.6109507568947781]",1,-1
22395,[0.89290041 0.57700131],2,-1,-1,1,-1
22396,[0.37660422 0.62477719],0,1,"[0.37965276877051146, 0.575157747726818]",1,-1
22397,[0.67891132 0.57784502],3,3,"[0.6601234827680622, 0.6109507568947781]",1,-1
22398,[0.72959658 0.58401447],2,-1,-1,1,-1
22399,[0.6871102  0.68851389],3,-1,-1,1,-1
22400,[0.69765363 0.67808001],3,-1,-1,1,-1
22401,[0.39119849 0.52731568],0,1,"[0.37965276877051146, 0.575157747726818]",1,-1
22402,[0.67228353 0.56788618],3,3,"[0.6601234827680622, 0.6109507568947781]",1,-1
22403,[0.36001472 0.15978697],1,-1,-1,0,0
22404,[0.66168588 0.67972253],3,3,"[0.6601234827680622, 0.6109507568947781]",1,-1
22405,[0.30044417 0.21971595],1,2,"[0.294379027732062, 0.1921773781634303]",0,0
22406,[0.73862392 0.73403732],2,-1,-1,1,-1
22407,[0.60746422 0.53111369],3,-1,-1,1,-1
22408,[0.38823103 0.5448229 ],0,1,"[0.37965276877051146, 0.575157747726818]",1,-1
22409,[0.26958406 0.20056033],1,2,"[0.294379027732062, 0.1921773781634303]",0,0
22410,[0.38224025 0.54729519],0,1,"[0.37965276877051146, 0.575157747726818]",1,-1
22411,[0.39048354 0.53391971],0,1,"[0.37965276877051146, 0.575157747726818]",1,-1
22412,[0.25330621 0.18624624],1,2,"[0.294379027732062, 0.1921773781634303]",0,0
22413,[0.4464802  0.62450762],0,-1,-1,1,-1
22414,[0.36521906 0.52450059],0,1,"[0.37965276877051146, 0.575157747726818]",1,-1
22415,[0.67706839 0.62913872],3,3,"[0.6601234827680622, 0.6109507568947781]",1,-1
22416,[0.21707984 0.14863702],1,-1,-1,0,0
22417,[0.26049006 0.20989504],1,2,"[0.294379027732062, 0.1921773781634303]",0,0
22418,[0.645373   0.61041901],3,3,"[0.6601234827680622, 0.6109507568947781]",1,6
22419,[0.81769203 0.69198726],2,0,"[0.7890750777399501, 0.6799557517006445]",1,-1
22420,[0.28821386 0.21587393],1,2,"[0.294379027732062, 0.1921773781634303]",0,0
22421,[0.29787175 0.58185937],0,-1,-1,1,-1
22422,[0.6631119  0.55859292],3,3,"[0.6601234827680622, 0.6109507568947781]",1,-1
22423,[0.61126695 0.58048309],3,3,"[0.6601234827680622, 0.6109507568947781]",1,-1
22424,[0.64843639 0.61194587],3,3,"[0.6601234827680622, 0.6109507568947781]",1,-1
22425,[0.29424838 0.20547433],1,2,"[0.294379027732062, 0.1921773781634303]",0,0
22426,[0.37622265 0.62173385],0,1,"[0.37965276877051146, 0.575157747726818]",1,-1
22427,[0.66950171 0.60164085],3,3,"[0.6601234827680622, 0.6109507568947781]",1,-1
22428,[0.7767706  0.70366066],2,0,"[0.7890750777399501, 0.6799557517006445]",1,-1
22429,[0.35800115 0.54162337],0,1,"[0.37965276877051146, 0.575157747726818]",1,-1
22430,[0.86306799 0.6850472 ],2,-1,-1,1,-1
22431,[0.68455358 0.61469119],3,3,"[0.6601234827680622, 0.6109507568947781]",1,-1
22432,[0.29173496 0.1744535 ],1,2,"[0.294379027732062, 0.1921773781634303]",0,0
22433,[0.70669158 0.61451704],2,3,"[0.6601234827680622, 0.6109507568947781]",1,-1
22434,[0.67694681 0.53364019],3,-1,-1,1,-1
22435,[0.63919994 0.57752564],3,3,"[0.6601234827680622, 0.6109507568947781]",1,-1
22436,[0.37243072 0.60021839],0,1,"[0.37965276877051146, 0.575157747726818]",1,-1
22437,[0.77128084 0.63545863],2,0,"[0.7890750777399501, 0.6799557517006445]",1,-1
22438,[0.70005776 0.52012039],3,-1,-1,1,-1
22439,[0.72353959 0.62589478],2,3,"[0.6601234827680622, 0.6109507568947781]",1,-1
22440,[0.38224588 0.53774445],0,1,"[0.37965276877051146, 0.575157747726818]",1,-1
22441,[0.39919507 0.48780596],0,-1,-1,1,-1
22442,[0.25681228 0.56347574],0,-1,-1,1,-1
22443,[0.40679887 0.50613518],0,-1,-1,1,-1
22444,[0.31219677 0.17507338],1,2,"[0.294379027732062, 0.1921773781634303]",0,0
22445,[0.4160594  0.42643317],0,-1,-1,1,-1
22446,[0.37358339 0.20884073],1,-1,-1,0,0
22447,[0.59037126 0.61901287],3,-1,-1,1,-1
22448,[0.86241062 0.60362988],2,-1,-1,1,-1
22449,[0.40375975 0.59794787],0,1,"[0.37965276877051146, 0.575157747726818]",1,-1
22450,[0.23819644 0.17963738],1,2,"[0.294379027732062, 0.1921773781634303]",0,0
22451,[0.81549354 0.60450352],2,-1,-1,1,-1
22452,[0.28890299 0.25117543],1,2,"[0.294379027732062, 0.1921773781634303]",0,0
22453,[0.70032554 0.66106343],3,3,"[0.6601234827680622, 0.6109507568947781]",1,-1
22454,[0.24472314 0.25137573],1,-1,-1,0,0
22455,[0.30835477 0.3016419 ],1,-1,-1,0,0
22456,[0.3518063  0.59552085],0,1,"[0.37965276877051146, 0.575157747726818]",1,-1
22457,[0.79559337 0.66166087],2,0,"[0.7890750777399501, 0.6799557517006445]",1,-1
22458,[0.64714742 0.7038527 ],3,-1,-1,1,-1
22459,[0.63737125 0.58334683],3,3,"[0.6601234827680622, 0.6109507568947781]",1,-1
22460,[0.75472474 0.70435616],2,0,"[0.7890750777399501, 0.6799557517006445]",1,-1
22461,[0.38563677 0.53599867],0,1,"[0.37965276877051146, 0.575157747726818]",1,-1
22462,[0.63539351 0.56735101],3,3,"[0.6601234827680622, 0.6109507568947781]",1,-1
22463,[0.39207934 0.56505178],0,1,"[0.37965276877051146, 0.575157747726818]",1,-1
22464,[0.31562357 0.15461833],1,2,"[0.294379027732062, 0.1921773781634303]",0,0
22465,[0.77542081 0.76119258],2,-1,-1,1,-1
22466,[0.61021608 0.66352935],3,-1,-1,1,-1
22467,[0.36202101 0.57326167],0,1,"[0.37965276877051146, 0.575157747726818]",1,-1
22468,[0.45007911 0.6082817 ],0,-1,-1,1,-1
22469,[0.60655868 0.59012764],3,3,"[0.6601234827680622, 0.6109507568947781]",1,-1
22470,[0.75649518 0.66258534],2,0,"[0.7890750777399501, 0.6799557517006445]",1,3
22471,[0.20933062 0.12724888],1,-1,-1,0,0
22472,[0.79123872 0.73032168],2,0,"[0.7890750777399501, 0.6799557517006445]",1,-1
22473,[0.84989871 0.7847065 ],2,-1,-1,1,-1
22474,[0.27658543 0.1914227 ],1,2,"[0.294379027732062, 0.1921773781634303]",0,0
22475,[0.66574915 0.64008886],3,3,"[0.6601234827680622, 0.6109507568947781]",1,-1
22476,[0.30744436 0.187989  ],1,2,"[0.294379027732062, 0.1921773781634303]",0,0
22477,[0.6876702  0.68279732],3,-1,-1,1,-1
22478,[0.30601447 0.18370411],1,2,"[0.294379027732062, 0.1921773781634303]",0,0
22479,[0.79680338 0.61011823],2,-1,-1,1,-1
22480,[0.7903811  0.77859689],2,-1,-1,1,-1
22481,[0.27827713 0.16196192],1,2,"[0.294379027732062, 0.1921773781634303]",0,0
22482,[0.8358577  0.78722259],2,-1,-1,1,-1
22483,[0.27351303 0.17636718],1,2,"[0.294379027732062, 0.1921773781634303]",0,0
22484,[0.41585192 0.59502691],0,1,"[0.37965276877051146, 0.575157747726818]",1,-1
22485,[0.30012561 0.56650369],0,-1,-1,1,-1
22486,[0.70263161 0.71401018],2,-1,-1,1,-1
22487,[0.36952763 0.57150402],0,1,"[0.37965276877051146, 0.575157747726818]",1,1
22488,[0.37478226 0.58974298],0,1,"[0.37965276877051146, 0.575157747726818]",1,-1
22489,[0.85650499 0.66243186],2,0,"[0.7890750777399501, 0.6799557517006445]",1,-1
22490,[0.75570257 0.74635244],2,-1,-1,1,-1
22491,[0.42365493 0.5672659 ],0,1,"[0.37965276877051146, 0.575157747726818]",1,-1
22492,[0.54313441 0.63805625],3,-1,-1,1,-1
22493,[0.5884575  0.65704939],3,-1,-1,1,-1
22494,[0.65948148 0.65039185],3,3,"[0.6601234827680622, 0.6109507568947781]",1,-1
22495,[0.36188163 0.21486922],1,-1,-1,0,0
22496,[0.70779552 0.66812303],3,-1,-1,1,-1
22497,[0.74933884 0.66676942],2,0,"[0.7890750777399501, 0.6799557517006445]",1,-1
22498,[0.24003832 0.47803278],0,-1,-1,1,-1
22499,[0.47880368 0.5498768 ],0,-1,-1,1,-1
22500,[0.66660256 0.59722446],3,3,"[0.6601234827680622, 0.6109507568947781]",1,-1
22501,[0.25816041 0.14814181],1,2,"[0.294379027732062, 0.1921773781634303]",0,0
22502,[0.35593291 0.19472955],1,2,"[0.294379027732062, 0.1921773781634303]",0,0
22503,[0.6678961 0.6771652],3,3,"[0.6601234827680622, 0.6109507568947781]",1,-1
22504,[0.27181449 0.17841896],1,2,"[0.294379027732062, 0.1921773781634303]",0,0
22505,[0.75001671 0.62691407],2,0,"[0.7890750777399501, 0.6799557517006445]",1,-1
22506,[0.74477701 0.72998978],2,0,"[0.7890750777399501, 0.6799557517006445]",1,-1
22507,[0.69036435 0.71998342],2,-1,-1,1,-1
22508,[0.31799965 0.18531065],1,2,"[0.294379027732062, 0.1921773781634303]",0,0
22509,[0.66274121 0.67206626],3,3,"[0.6601234827680622, 0.6109507568947781]",1,-1
22510,[0.73178933 0.61766934],2,-1,-1,1,-1
22511,[0.69600857 0.63256883],3,3,"[0.6601234827680622, 0.6109507568947781]",1,-1
22512,[0.42511718 0.59019147],0,1,"[0.37965276877051146, 0.575157747726818]",1,-1
22513,[0.29546805 0.25346911],1,2,"[0.294379027732062, 0.1921773781634303]",0,0
22514,[0.65275674 0.65890149],3,3,"[0.6601234827680622, 0.6109507568947781]",1,-1
22515,[0.67434362 0.69132714],3,-1,-1,1,-1
22516,[0.70619939 0.6131816 ],3,3,"[0.6601234827680622, 0.6109507568947781]",1,-1
22517,[0.39437347 0.54167014],0,1,"[0.37965276877051146, 0.575157747726818]",1,-1
22518,[0.80989723 0.70646111],2,0,"[0.7890750777399501, 0.6799557517006445]",1,-1
22519,[0.82192154 0.71577698],2,0,"[0.7890750777399501, 0.6799557517006445]",1,-1
22520,[0.36857266 0.56178895],0,1,"[0.37965276877051146, 0.575157747726818]",1,1
22521,[0.28973225 0.12550223],1,2,"[0.294379027732062, 0.1921773781634303]",0,0
22522,[0.36647068 0.52613149],0,1,"[0.37965276877051146, 0.575157747726818]",1,-1
22523,[0.8021193  0.70700072],2,0,"[0.7890750777399501, 0.6799557517006445]",1,-1
22524,[0.59996774 0.50988731],3,-1,-1,1,-1
22525,[0.75521223 0.77759412],2,-1,-1,1,-1
22526,[0.75590222 0.68099876],2,0,"[0.7890750777399501, 0.6799557517006445]",1,-1
22527,[0.63564422 0.65718722],3,3,"[0.6601234827680622, 0.6109507568947781]",1,-1
22528,[0.74218621 0.60524606],2,-1,-1,1,-1
22529,[0.56723177 0.61331579],3,-1,-1,1,-1
22530,[0.61187899 0.66849202],3,-1,-1,1,-1
22531,[0.76288407 0.63844323],3,0,"[0.7890750777399501, 0.6799557517006445]",1,-1
22532,[0.32204703 0.58617336],0,1,"[0.37965276877051146, 0.575157747726818]",1,-1
22533,[0.76523611 0.70993528],2,0,"[0.7890750777399501, 0.6799557517006445]",1,-1
22534,[0.26984391 0.61310265],0,-1,-1,1,-1
22535,[0.30123005 0.16084646],1,2,"[0.294379027732062, 0.1921773781634303]",0,0
22536,[0.45197799 0.61431748],0,-1,-1,1,-1
22537,[0.29477912 0.20540244],1,2,"[0.294379027732062, 0.1921773781634303]",0,0
22538,[0.2964881  0.59100914],0,-1,-1,1,-1
22539,[0.71778579 0.59865407],3,3,"[0.6601234827680622, 0.6109507568947781]",1,-1
22540,[0.69091351 0.54873534],3,3,"[0.6601234827680622, 0.6109507568947781]",1,-1
22541,[0.79011941 0.64476271],2,0,"[0.7890750777399501, 0.6799557517006445]",1,-1
22542,[0.85731721 0.63976669],2,-1,-1,1,-1
22543,[0.69469197 0.65886998],3,3,"[0.6601234827680622, 0.6109507568947781]",1,-1
22544,[0.77170477 0.70781394],2,0,"[0.7890750777399501, 0.6799557517006445]",1,-1
22545,[0.63705504 0.69192459],3,-1,-1,1,-1
22546,[0.7978401  0.72336531],2,0,"[0.7890750777399501, 0.6799557517006445]",1,-1
22547,[0.40177688 0.67982667],0,-1,-1,1,-1
22548,[0.8132426  0.67129205],2,0,"[0.7890750777399501, 0.6799557517006445]",1,-1
22549,[0.2178053  0.23963236],1,-1,-1,0,0
22550,[0.62696459 0.64804471],3,3,"[0.6601234827680622, 0.6109507568947781]",1,-1
22551,[0.39072602 0.54080393],0,1,"[0.37965276877051146, 0.575157747726818]",1,-1
22552,[0.37340128 0.65209851],0,-1,-1,1,-1
22553,[0.25161409 0.57871547],0,-1,-1,1,-1
22554,[0.39805736 0.59358397],0,1,"[0.37965276877051146, 0.575157747726818]",1,-1
22555,[0.39082957 0.6148731 ],0,1,"[0.37965276877051146, 0.575157747726818]",1,-1
22556,[0.83762007 0.58056032],2,-1,-1,1,-1
22557,[0.78622217 0.65354862],2,0,"[0.7890750777399501, 0.6799557517006445]",1,-1
22558,[0.27557203 0.22031149],1,2,"[0.294379027732062, 0.1921773781634303]",0,0
22559,[0.35868328 0.59601624],0,1,"[0.37965276877051146, 0.575157747726818]",1,-1
22560,[0.77116893 0.6537091 ],2,0,"[0.7890750777399501, 0.6799557517006445]",1,3
22561,[0.62204475 0.62960895],3,3,"[0.6601234827680622, 0.6109507568947781]",1,-1
22562,[0.39549142 0.55539842],0,1,"[0.37965276877051146, 0.575157747726818]",1,-1
22563,[0.70218479 0.65779175],3,3,"[0.6601234827680622, 0.6109507568947781]",1,-1
22564,[0.48006788 0.6177802 ],0,-1,-1,1,-1
22565,[0.38289936 0.13163446],1,-1,-1,0,0
22566,[0.34329961 0.26693794],1,-1,-1,0,0
22567,[0.71534846 0.69974659],2,-1,-1,1,-1
22568,[0.31271948 0.2406469 ],1,2,"[0.294379027732062, 0.1921773781634303]",0,0
22569,[0.31035147 0.18647599],1,2,"[0.294379027732062, 0.1921773781634303]",0,0
22570,[0.6750798  0.49109347],3,-1,-1,1,-1
22571,[0.65791738 0.62893004],3,3,"[0.6601234827680622, 0.6109507568947781]",1,-1
22572,[0.86150291 0.62244051],2,-1,-1,1,-1
22573,[0.29823686 0.29475148],1,-1,-1,0,0
22574,[0.4551699  0.57643157],0,-1,-1,1,-1
22575,[0.91243497 0.62652852],2,-1,-1,1,-1
22576,[0.62383109 0.65059151],3,3,"[0.6601234827680622, 0.6109507568947781]",1,-1
22577,[0.76276803 0.77442492],2,-1,-1,1,-1
22578,[0.21850361 0.07938328],1,-1,-1,0,0
22579,[0.84169335 0.65248075],2,0,"[0.7890750777399501, 0.6799557517006445]",1,-1
22580,[0.25009944 0.2290823 ],1,2,"[0.294379027732062, 0.1921773781634303]",0,0
22581,[0.40174627 0.60578096],0,1,"[0.37965276877051146, 0.575157747726818]",1,-1
22582,[0.41215705 0.55576493],0,1,"[0.37965276877051146, 0.575157747726818]",1,-1
22583,[0.42538493 0.52973705],0,1,"[0.37965276877051146, 0.575157747726818]",1,-1
22584,[0.68907915 0.72567414],2,-1,-1,1,-1
22585,[0.29198305 0.5437612 ],0,-1,-1,1,-1
22586,[0.43428944 0.5413632 ],0,1,"[0.37965276877051146, 0.575157747726818]",1,-1
22587,[0.66039352 0.61439637],3,3,"[0.6601234827680622, 0.6109507568947781]",1,-1
22588,[0.21446194 0.12915787],1,-1,-1,0,0
22589,[0.33136122 0.14734699],1,2,"[0.294379027732062, 0.1921773781634303]",0,0
22590,[0.79444069 0.62786411],2,0,"[0.7890750777399501, 0.6799557517006445]",1,-1
22591,[0.64721416 0.51728506],3,-1,-1,1,-1
22592,[0.41042928 0.48966811],0,-1,-1,1,-1
22593,[0.77214226 0.60458878],2,-1,-1,1,-1
22594,[0.39761466 0.54953062],0,1,"[0.37965276877051146, 0.575157747726818]",1,-1
22595,[0.34109992 0.23985491],1,2,"[0.294379027732062, 0.1921773781634303]",0,0
22596,[0.78581955 0.72383317],2,0,"[0.7890750777399501, 0.6799557517006445]",1,-1
22597,[0.35371363 0.57577293],0,1,"[0.37965276877051146, 0.575157747726818]",1,-1
22598,[0.67116133 0.70602928],3,-1,-1,1,-1
22599,[0.76696944 0.65601169],2,0,"[0.7890750777399501, 0.6799557517006445]",1,-1
22600,[0.70229239 0.61574905],3,3,"[0.6601234827680622, 0.6109507568947781]",1,-1
22601,[0.87267343 0.63163538],2,-1,-1,1,-1
22602,[0.71157611 0.644049  ],3,3,"[0.6601234827680622, 0.6109507568947781]",1,-1
22603,[0.68498517 0.53733651],3,-1,-1,1,-1
22604,[0.38317352 0.63585293],0,1,"[0.37965276877051146, 0.575157747726818]",1,-1
22605,[0.3968446  0.56846812],0,1,"[0.37965276877051146, 0.575157747726818]",1,2
22606,[0.80242168 0.62772695],2,0,"[0.7890750777399501, 0.6799557517006445]",1,-1
22607,[0.2296263  0.16701565],1,2,"[0.294379027732062, 0.1921773781634303]",0,0
22608,[0.76647471 0.70239493],2,0,"[0.7890750777399501, 0.6799557517006445]",1,-1
22609,[0.42507333 0.58712592],0,1,"[0.37965276877051146, 0.575157747726818]",1,-1
22610,[0.48480109 0.61688208],0,-1,-1,1,-1
22611,[0.77785742 0.68237288],2,0,"[0.7890750777399501, 0.6799557517006445]",1,4
22612,[0.40879296 0.63628431],0,1,"[0.37965276877051146, 0.575157747726818]",1,-1
22613,[0.65617493 0.57789719],3,3,"[0.6601234827680622, 0.6109507568947781]",1,-1
22614,[0.37121718 0.54808567],0,1,"[0.37965276877051146, 0.575157747726818]",1,-1
22615,[0.84163878 0.71725962],2,0,"[0.7890750777399501, 0.6799557517006445]",1,-1
22616,[0.24181925 0.21226614],1,2,"[0.294379027732062, 0.1921773781634303]",0,0
22617,[0.8663075  0.62610081],2,-1,-1,1,-1
22618,[0.65764877 0.66289215],3,3,"[0.6601234827680622, 0.6109507568947781]",1,-1
22619,[0.30281279 0.64509146],0,-1,-1,1,-1
22620,[0.40986211 0.62831613],0,1,"[0.37965276877051146, 0.575157747726818]",1,-1
22621,[0.46960422 0.49411358],0,-1,-1,1,-1
22622,[0.36909607 0.56574951],0,1,"[0.37965276877051146, 0.575157747726818]",1,1
22623,[0.60437178 0.67682441],3,-1,-1,1,-1
22624,[0.34111803 0.0953033 ],1,-1,-1,0,0
22625,[0.33058902 0.65706112],0,-1,-1,1,-1
22626,[0.83465436 0.65579325],2,0,"[0.7890750777399501, 0.6799557517006445]",1,-1
22627,[0.36062442 0.62348126],0,1,"[0.37965276877051146, 0.575157747726818]",1,-1
22628,[0.33440795 0.62741705],0,1,"[0.37965276877051146, 0.575157747726818]",1,-1
22629,[0.70994061 0.59480142],3,3,"[0.6601234827680622, 0.6109507568947781]",1,-1
22630,[0.37355436 0.2426085 ],1,-1,-1,0,0
22631,[0.45933846 0.62033655],0,-1,-1,1,-1
22632,[0.24551775 0.18067227],1,2,"[0.294379027732062, 0.1921773781634303]",0,0
22633,[0.37348827 0.56321835],0,1,"[0.37965276877051146, 0.575157747726818]",1,-1
22634,[0.79844288 0.63548567],2,0,"[0.7890750777399501, 0.6799557517006445]",1,-1
22635,[0.71810067 0.57227172],3,3,"[0.6601234827680622, 0.6109507568947781]",1,-1
22636,[0.80255984 0.6476055 ],2,0,"[0.7890750777399501, 0.6799557517006445]",1,-1
22637,[0.70844181 0.57473241],3,3,"[0.6601234827680622, 0.6109507568947781]",1,-1
22638,[0.80944271 0.70180728],2,0,"[0.7890750777399501, 0.6799557517006445]",1,-1
22639,[0.78344986 0.67243039],2,0,"[0.7890750777399501, 0.6799557517006445]",1,-1
22640,[0.49499574 0.54767463],0,-1,-1,1,-1
22641,[0.61636604 0.62289078],3,3,"[0.6601234827680622, 0.6109507568947781]",1,-1
22642,[0.68426009 0.75061782],3,-1,-1,1,-1
22643,[0.76851575 0.66629129],2,0,"[0.7890750777399501, 0.6799557517006445]",1,-1
22644,[0.73946499 0.64581856],2,0,"[0.7890750777399501, 0.6799557517006445]",1,-1
22645,[0.73036687 0.75839807],2,-1,-1,1,-1
22646,[0.3649999  0.61247559],0,1,"[0.37965276877051146, 0.575157747726818]",1,-1
22647,[0.80916188 0.66662748],2,0,"[0.7890750777399501, 0.6799557517006445]",1,-1
22648,[0.310631   0.62672141],0,-1,-1,1,-1
22649,[0.75499038 0.60642403],2,-1,-1,1,-1
22650,[0.64845629 0.54663121],3,3,"[0.6601234827680622, 0.6109507568947781]",1,-1
22651,[0.8154583  0.71301954],2,0,"[0.7890750777399501, 0.6799557517006445]",1,-1
22652,[0.8084985  0.72162649],2,0,"[0.7890750777399501, 0.6799557517006445]",1,-1
22653,[0.75349541 0.68366284],2,0,"[0.7890750777399501, 0.6799557517006445]",1,-1
22654,[0.33837876 0.18163588],1,2,"[0.294379027732062, 0.1921773781634303]",0,0
22655,[0.67721961 0.59752527],3,3,"[0.6601234827680622, 0.6109507568947781]",1,-1
22656,[0.57248835 0.69650999],3,-1,-1,1,-1
22657,[0.80153691 0.70638908],2,0,"[0.7890750777399501, 0.6799557517006445]",1,-1
22658,[0.32330148 0.22304719],1,2,"[0.294379027732062, 0.1921773781634303]",0,0
22659,[0.32408776 0.61090752],0,1,"[0.37965276877051146, 0.575157747726818]",1,-1
22660,[0.32925728 0.56957258],0,1,"[0.37965276877051146, 0.575157747726818]",1,-1
22661,[0.75307111 0.75194958],2,-1,-1,1,-1
22662,[0.36014274 0.50866229],0,1,"[0.37965276877051146, 0.575157747726818]",1,-1
22663,[0.718868  0.6166066],3,3,"[0.6601234827680622, 0.6109507568947781]",1,-1
22664,[0.63146801 0.64107288],3,3,"[0.6601234827680622, 0.6109507568947781]",1,-1
22665,[0.38884919 0.60003521],0,1,"[0.37965276877051146, 0.575157747726818]",1,-1
22666,[0.29964152 0.26396648],1,-1,-1,0,0
22667,[0.67242238 0.58018048],3,3,"[0.6601234827680622, 0.6109507568947781]",1,-1
22668,[0.34020019 0.58595121],0,1,"[0.37965276877051146, 0.575157747726818]",1,-1
22669,[0.34129841 0.57739239],0,1,"[0.37965276877051146, 0.575157747726818]",1,-1
22670,[0.69433156 0.66607463],3,3,"[0.6601234827680622, 0.6109507568947781]",1,-1
22671,[0.74164296 0.73688968],2,-1,-1,1,-1
22672,[0.40799376 0.51191595],0,1,"[0.37965276877051146, 0.575157747726818]",1,-1
22673,[0.2518043  0.23872051],1,2,"[0.294379027732062, 0.1921773781634303]",0,0
22674,[0.70281704 0.58084173],3,3,"[0.6601234827680622, 0.6109507568947781]",1,-1
22675,[0.70760698 0.68437743],3,-1,-1,1,-1
22676,[0.85545282 0.66718363],2,0,"[0.7890750777399501, 0.6799557517006445]",1,-1
22677,[0.26076353 0.28098056],1,-1,-1,0,0
22678,[0.76729228 0.74117938],2,0,"[0.7890750777399501, 0.6799557517006445]",1,-1
22679,[0.81521663 0.588567  ],2,-1,-1,1,-1
22680,[0.65160817 0.68609471],3,-1,-1,1,-1
22681,[0.76311736 0.64777113],3,0,"[0.7890750777399501, 0.6799557517006445]",1,-1
22682,[0.7042964  0.61664495],3,3,"[0.6601234827680622, 0.6109507568947781]",1,-1
22683,[0.38829064 0.49938195],0,-1,-1,1,-1
22684,[0.35844972 0.23677275],1,-1,-1,0,0
22685,[0.78408019 0.69630986],2,0,"[0.7890750777399501, 0.6799557517006445]",1,-1
22686,[0.78587067 0.73567059],2,0,"[0.7890750777399501, 0.6799557517006445]",1,-1
22687,[0.75679274 0.70511842],2,0,"[0.7890750777399501, 0.6799557517006445]",1,-1
22688,[0.77232049 0.67809104],2,0,"[0.7890750777399501, 0.6799557517006445]",1,-1
22689,[0.40368351 0.58367037],0,1,"[0.37965276877051146, 0.575157747726818]",1,-1
22690,[0.2644478  0.20159234],1,2,"[0.294379027732062, 0.1921773781634303]",0,0
22691,[0.43888755 0.60476008],0,1,"[0.37965276877051146, 0.575157747726818]",1,-1
22692,[0.36234003 0.62170406],0,1,"[0.37965276877051146, 0.575157747726818]",1,-1
22693,[0.74665952 0.74544091],2,-1,-1,1,-1
22694,[0.74089544 0.66001025],2,0,"[0.7890750777399501, 0.6799557517006445]",1,-1
22695,[0.75029564 0.57958099],2,-1,-1,1,-1
22696,[0.78291892 0.68456943],2,0,"[0.7890750777399501, 0.6799557517006445]",1,-1
22697,[0.7803123  0.68117815],2,0,"[0.7890750777399501, 0.6799557517006445]",1,4
22698,[0.77806364 0.73300635],2,0,"[0.7890750777399501, 0.6799557517006445]",1,-1
22699,[0.31582229 0.60201476],0,1,"[0.37965276877051146, 0.575157747726818]",1,-1
22700,[0.84237843 0.69936188],2,0,"[0.7890750777399501, 0.6799557517006445]",1,-1
22701,[0.32547068 0.23278876],1,2,"[0.294379027732062, 0.1921773781634303]",0,0
22702,[0.48975534 0.60975618],0,-1,-1,1,-1
22703,[0.43436502 0.46959593],0,-1,-1,1,-1
22704,[0.28465156 0.18200956],1,2,"[0.294379027732062, 0.1921773781634303]",0,0
22705,[0.34104292 0.13540369],1,-1,-1,0,0
22706,[0.75402942 0.55775299],3,-1,-1,1,-1
22707,[0.67645151 0.59735505],3,3,"[0.6601234827680622, 0.6109507568947781]",1,-1
22708,[0.47803105 0.56547993],0,-1,-1,1,-1
22709,[0.7017935  0.59744959],3,3,"[0.6601234827680622, 0.6109507568947781]",1,-1
22710,[0.28154935 0.61560234],0,-1,-1,1,-1
22711,[0.68622459 0.50689338],3,-1,-1,1,-1
22712,[0.70187172 0.56194264],3,3,"[0.6601234827680622, 0.6109507568947781]",1,-1
22713,[0.26845185 0.25665444],1,2,"[0.294379027732062, 0.1921773781634303]",0,0
22714,[0.67803259 0.58226296],3,3,"[0.6601234827680622, 0.6109507568947781]",1,-1
22715,[0.2953076  0.55256736],0,-1,-1,1,-1
22716,[0.28834076 0.16444661],1,2,"[0.294379027732062, 0.1921773781634303]",0,0
22717,[0.35633617 0.20550895],1,2,"[0.294379027732062, 0.1921773781634303]",0,0
22718,[0.79382132 0.66366975],2,0,"[0.7890750777399501, 0.6799557517006445]",1,-1
22719,[0.37098737 0.56607509],0,1,"[0.37965276877051146, 0.575157747726818]",1,1
22720,[0.64743937 0.59763612],3,3,"[0.6601234827680622, 0.6109507568947781]",1,-1
22721,[0.79410306 0.64415639],2,0,"[0.7890750777399501, 0.6799557517006445]",1,-1
22722,[0.79722118 0.76096559],2,-1,-1,1,-1
22723,[0.615505   0.69046878],3,-1,-1,1,-1
22724,[0.31099892 0.19918805],1,2,"[0.294379027732062, 0.1921773781634303]",0,0
22725,[0.24061861 0.19238958],1,2,"[0.294379027732062, 0.1921773781634303]",0,0
22726,[0.79081263 0.77443986],2,-1,-1,1,-1
22727,[0.74473862 0.62814193],3,0,"[0.7890750777399501, 0.6799557517006445]",1,-1
22728,[0.81550462 0.68996808],2,0,"[0.7890750777399501, 0.6799557517006445]",1,4
22729,[0.35960676 0.52374752],0,1,"[0.37965276877051146, 0.575157747726818]",1,-1
22730,[0.34721324 0.17072129],1,2,"[0.294379027732062, 0.1921773781634303]",0,0
22731,[0.35518427 0.17536684],1,2,"[0.294379027732062, 0.1921773781634303]",0,0
22732,[0.6174033  0.58715857],3,3,"[0.6601234827680622, 0.6109507568947781]",1,-1
22733,[0.34584486 0.18716318],1,2,"[0.294379027732062, 0.1921773781634303]",0,0
22734,[0.44408797 0.54440421],0,-1,-1,1,-1
22735,[0.39036511 0.21204285],1,-1,-1,0,0
22736,[0.69268228 0.58789029],3,3,"[0.6601234827680622, 0.6109507568947781]",1,-1
22737,[0.81495092 0.66416979],2,0,"[0.7890750777399501, 0.6799557517006445]",1,-1
22738,[0.74496856 0.56434544],3,-1,-1,1,-1
22739,[0.37685308 0.69567284],0,-1,-1,1,-1
22740,[0.69134524 0.55848503],3,3,"[0.6601234827680622, 0.6109507568947781]",1,-1
22741,[0.7523908  0.69619351],2,0,"[0.7890750777399501, 0.6799557517006445]",1,-1
22742,[0.2843654  0.20815374],1,2,"[0.294379027732062, 0.1921773781634303]",0,0
22743,[0.32391681 0.6734203 ],0,-1,-1,1,-1
22744,[0.3869337 0.5265163],0,1,"[0.37965276877051146, 0.575157747726818]",1,-1
22745,[0.83770047 0.64385022],2,0,"[0.7890750777399501, 0.6799557517006445]",1,-1
22746,[0.36508786 0.4576071 ],0,-1,-1,1,-1
22747,[0.7242556 0.6758393],2,0,"[0.7890750777399501, 0.6799557517006445]",1,-1
22748,[0.38863198 0.58465447],0,1,"[0.37965276877051146, 0.575157747726818]",1,-1
22749,[0.75836598 0.68926903],2,0,"[0.7890750777399501, 0.6799557517006445]",1,-1
22750,[0.69495617 0.65608755],3,3,"[0.6601234827680622, 0.6109507568947781]",1,-1
22751,[0.83780112 0.68378178],2,0,"[0.7890750777399501, 0.6799557517006445]",1,-1
22752,[0.79399167 0.71339525],2,0,"[0.7890750777399501, 0.6799557517006445]",1,-1
22753,[0.42204308 0.62012397],0,1,"[0.37965276877051146, 0.575157747726818]",1,-1
22754,[0.28635441 0.53201476],0,-1,-1,1,-1
22755,[0.73984509 0.58590254],3,-1,-1,1,-1
22756,[0.3153462  0.59459728],0,1,"[0.37965276877051146, 0.575157747726818]",1,-1
22757,[0.51733008 0.70175972],0,-1,-1,1,-1
22758,[0.66233481 0.62436929],3,3,"[0.6601234827680622, 0.6109507568947781]",1,7
22759,[0.47702535 0.53775796],0,-1,-1,1,-1
22760,[0.70223973 0.67231986],2,-1,-1,1,-1
22761,[0.32578719 0.13545536],1,2,"[0.294379027732062, 0.1921773781634303]",0,0
22762,[0.22562391 0.20912791],1,-1,-1,0,0
22763,[0.30537093 0.13036205],1,2,"[0.294379027732062, 0.1921773781634303]",0,0
22764,[0.67350142 0.60751078],3,3,"[0.6601234827680622, 0.6109507568947781]",1,-1
22765,[0.7087978  0.64300701],3,3,"[0.6601234827680622, 0.6109507568947781]",1,-1
22766,[0.3134319  0.34471954],1,-1,-1,0,0
22767,[0.35577926 0.21660186],1,2,"[0.294379027732062, 0.1921773781634303]",0,0
22768,[0.38334961 0.18716955],1,-1,-1,0,0
22769,[0.39599977 0.59742973],0,1,"[0.37965276877051146, 0.575157747726818]",1,-1
22770,[0.33542147 0.56124816],0,1,"[0.37965276877051146, 0.575157747726818]",1,-1
22771,[0.34994682 0.65066952],0,-1,-1,1,-1
22772,[0.23566613 0.24171893],1,-1,-1,0,0
22773,[0.24117985 0.10492943],1,-1,-1,0,0
22774,[0.7095429  0.60297358],3,3,"[0.6601234827680622, 0.6109507568947781]",1,-1
22775,[0.81466172 0.67967367],2,0,"[0.7890750777399501, 0.6799557517006445]",1,-1
22776,[0.31975792 0.13813085],1,2,"[0.294379027732062, 0.1921773781634303]",0,0
22777,[0.73739275 0.70175711],2,0,"[0.7890750777399501, 0.6799557517006445]",1,-1
22778,[0.6693337  0.61194639],3,3,"[0.6601234827680622, 0.6109507568947781]",1,-1
22779,[0.73416161 0.61493564],2,-1,-1,1,-1
22780,[0.43321445 0.57818131],0,1,"[0.37965276877051146, 0.575157747726818]",1,-1
22781,[0.73815351 0.68557072],2,0,"[0.7890750777399501, 0.6799557517006445]",1,-1
22782,[0.62024125 0.50321673],3,-1,-1,1,-1
22783,[0.82662706 0.66374013],2,0,"[0.7890750777399501, 0.6799557517006445]",1,-1
22784,[0.6627637  0.60222328],3,3,"[0.6601234827680622, 0.6109507568947781]",1,-1
22785,[0.43852382 0.55452038],0,1,"[0.37965276877051146, 0.575157747726818]",1,-1
22786,[0.28436187 0.20696272],1,2,"[0.294379027732062, 0.1921773781634303]",0,0
22787,[0.69040096 0.58335138],3,3,"[0.6601234827680622, 0.6109507568947781]",1,-1
22788,[0.2558405  0.22792977],1,2,"[0.294379027732062, 0.1921773781634303]",0,0
22789,[0.34065002 0.51271669],0,-1,-1,1,-1
22790,[0.28970826 0.23000145],1,2,"[0.294379027732062, 0.1921773781634303]",0,0
22791,[0.28824852 0.17441327],1,2,"[0.294379027732062, 0.1921773781634303]",0,0
22792,[0.35838939 0.57859066],0,1,"[0.37965276877051146, 0.575157747726818]",1,-1
22793,[0.55711373 0.47246547],0,-1,-1,1,-1
22794,[0.81722684 0.60790455],2,-1,-1,1,-1
22795,[0.75715997 0.72844631],2,0,"[0.7890750777399501, 0.6799557517006445]",1,-1
22796,[0.37415776 0.51133486],0,1,"[0.37965276877051146, 0.575157747726818]",1,-1
22797,[0.75078024 0.68427051],2,0,"[0.7890750777399501, 0.6799557517006445]",1,-1
22798,[0.32210225 0.26408609],1,-1,-1,0,0
22799,[0.75991128 0.63853768],2,0,"[0.7890750777399501, 0.6799557517006445]",1,-1
22800,[0.8003952  0.52596983],2,-1,-1,1,-1
22801,[0.72415554 0.6860808 ],2,0,"[0.7890750777399501, 0.6799557517006445]",1,-1
22802,[0.63773744 0.6069251 ],3,3,"[0.6601234827680622, 0.6109507568947781]",1,-1
22803,[0.33930773 0.58103778],0,1,"[0.37965276877051146, 0.575157747726818]",1,-1
22804,[0.26689471 0.21825472],1,2,"[0.294379027732062, 0.1921773781634303]",0,0
22805,[0.71830813 0.71774643],3,-1,-1,1,-1
22806,[0.38007211 0.60905136],0,1,"[0.37965276877051146, 0.575157747726818]",1,-1
22807,[0.35014361 0.60956843],0,1,"[0.37965276877051146, 0.575157747726818]",1,-1
22808,[0.58119708 0.60221908],3,-1,-1,1,-1
22809,[0.40285451 0.57784952],0,1,"[0.37965276877051146, 0.575157747726818]",1,-1
22810,[0.63423262 0.64675296],3,3,"[0.6601234827680622, 0.6109507568947781]",1,-1
22811,[0.77136495 0.71195668],2,0,"[0.7890750777399501, 0.6799557517006445]",1,-1
22812,[0.38389777 0.15801014],1,-1,-1,0,0
22813,[0.78388747 0.72327913],2,0,"[0.7890750777399501, 0.6799557517006445]",1,-1
22814,[0.73593287 0.59104978],3,-1,-1,1,-1
22815,[0.7734653  0.72547795],2,0,"[0.7890750777399501, 0.6799557517006445]",1,-1
22816,[0.72711932 0.63713238],3,-1,-1,1,-1
22817,[0.31157578 0.03816711],1,-1,-1,0,0
22818,[0.33493729 0.62527033],0,1,"[0.37965276877051146, 0.575157747726818]",1,-1
22819,[0.32030621 0.14764706],1,2,"[0.294379027732062, 0.1921773781634303]",0,0
22820,[0.7970205  0.68195414],2,0,"[0.7890750777399501, 0.6799557517006445]",1,-1
22821,[0.74679327 0.75760373],2,-1,-1,1,-1
22822,[0.67706409 0.56620144],3,3,"[0.6601234827680622, 0.6109507568947781]",1,-1
22823,[0.59771256 0.65251722],3,-1,-1,1,-1
22824,[0.37635128 0.56738594],0,1,"[0.37965276877051146, 0.575157747726818]",1,-1
22825,[0.81890718 0.69452086],2,0,"[0.7890750777399501, 0.6799557517006445]",1,-1
22826,[0.33722545 0.18297216],1,2,"[0.294379027732062, 0.1921773781634303]",0,0
22827,[0.74271959 0.56955459],3,-1,-1,1,-1
22828,[0.29899022 0.21039152],1,2,"[0.294379027732062, 0.1921773781634303]",0,0
22829,[0.34998059 0.27883327],1,-1,-1,0,0
22830,[0.80597796 0.74477094],2,0,"[0.7890750777399501, 0.6799557517006445]",1,-1
22831,[0.77044886 0.61609633],2,0,"[0.7890750777399501, 0.6799557517006445]",1,-1
22832,[0.24614422 0.19619869],1,2,"[0.294379027732062, 0.1921773781634303]",0,0
22833,[0.82821718 0.64454909],2,0,"[0.7890750777399501, 0.6799557517006445]",1,-1
22834,[0.81922728 0.6735961 ],2,0,"[0.7890750777399501, 0.6799557517006445]",1,-1
22835,[0.67648516 0.61158474],3,3,"[0.6601234827680622, 0.6109507568947781]",1,-1
22836,[0.69032759 0.58916421],3,3,"[0.6601234827680622, 0.6109507568947781]",1,-1
22837,[0.28309925 0.26962978],1,-1,-1,0,0
22838,[0.75991792 0.62018151],3,0,"[0.7890750777399501, 0.6799557517006445]",1,-1
22839,[0.3506005  0.20838077],1,2,"[0.294379027732062, 0.1921773781634303]",0,0
22840,[0.34942913 0.44334529],0,-1,-1,1,-1
22841,[0.21552292 0.23193336],1,-1,-1,0,0
22842,[0.27179973 0.25734004],1,2,"[0.294379027732062, 0.1921773781634303]",0,0
22843,[0.82876443 0.80957964],2,-1,-1,1,-1
22844,[0.35371541 0.21853499],1,2,"[0.294379027732062, 0.1921773781634303]",0,0
22845,[0.73577887 0.67567256],2,0,"[0.7890750777399501, 0.6799557517006445]",1,-1
22846,[0.36780136 0.58424301],0,1,"[0.37965276877051146, 0.575157747726818]",1,-1
22847,[0.71537673 0.56271712],3,-1,-1,1,-1
22848,[0.37486445 0.57307533],0,1,"[0.37965276877051146, 0.575157747726818]",1,1
22849,[0.40768487 0.57915744],0,1,"[0.37965276877051146, 0.575157747726818]",1,2
22850,[0.77946801 0.67465699],2,0,"[0.7890750777399501, 0.6799557517006445]",1,4
22851,[0.63082612 0.55643848],3,3,"[0.6601234827680622, 0.6109507568947781]",1,-1
22852,[0.32310883 0.17549488],1,2,"[0.294379027732062, 0.1921773781634303]",0,0
22853,[0.70614401 0.60136087],3,3,"[0.6601234827680622, 0.6109507568947781]",1,-1
22854,[0.32551864 0.57151247],0,1,"[0.37965276877051146, 0.575157747726818]",1,-1
22855,[0.65625308 0.63935144],3,3,"[0.6601234827680622, 0.6109507568947781]",1,-1
22856,[0.39632445 0.57282961],0,1,"[0.37965276877051146, 0.575157747726818]",1,-1
22857,[0.70269666 0.61679002],3,3,"[0.6601234827680622, 0.6109507568947781]",1,-1
22858,[0.25895841 0.24368485],1,2,"[0.294379027732062, 0.1921773781634303]",0,0
22859,[0.72064383 0.62466013],3,3,"[0.6601234827680622, 0.6109507568947781]",1,-1
22860,[0.3217785  0.56117823],0,1,"[0.37965276877051146, 0.575157747726818]",1,-1
22861,[0.63613559 0.67279862],3,3,"[0.6601234827680622, 0.6109507568947781]",1,-1
22862,[0.44582804 0.63395823],0,-1,-1,1,-1
22863,[0.27419338 0.20589363],1,2,"[0.294379027732062, 0.1921773781634303]",0,0
22864,[0.68786364 0.65264303],3,3,"[0.6601234827680622, 0.6109507568947781]",1,-1
22865,[0.74131082 0.62192465],3,-1,-1,1,-1
22866,[0.36871581 0.53959112],0,1,"[0.37965276877051146, 0.575157747726818]",1,-1
22867,[0.31560528 0.26264175],1,-1,-1,0,0
22868,[0.83101821 0.65528765],2,0,"[0.7890750777399501, 0.6799557517006445]",1,-1
22869,[0.38511412 0.64020184],0,1,"[0.37965276877051146, 0.575157747726818]",1,-1
22870,[0.64684572 0.52913008],3,-1,-1,1,-1
22871,[0.76518626 0.71321634],2,0,"[0.7890750777399501, 0.6799557517006445]",1,-1
22872,[0.49836989 0.49115949],0,-1,-1,1,-1
22873,[0.73005238 0.7234647 ],2,-1,-1,1,-1
22874,[0.20266939 0.25360771],1,-1,-1,0,0
22875,[0.4225547  0.53343553],0,1,"[0.37965276877051146, 0.575157747726818]",1,-1
22876,[0.70712084 0.58143511],3,3,"[0.6601234827680622, 0.6109507568947781]",1,-1
22877,[0.82246041 0.65132459],2,0,"[0.7890750777399501, 0.6799557517006445]",1,-1
22878,[0.66246192 0.69631766],3,-1,-1,1,-1
22879,[0.72354596 0.57089479],3,-1,-1,1,-1
22880,[0.26962492 0.22199111],1,2,"[0.294379027732062, 0.1921773781634303]",0,0
22881,[0.26217811 0.22667704],1,2,"[0.294379027732062, 0.1921773781634303]",0,0
22882,[0.79214148 0.68213161],2,0,"[0.7890750777399501, 0.6799557517006445]",1,-1
22883,[0.66084294 0.61614328],3,3,"[0.6601234827680622, 0.6109507568947781]",1,-1
22884,[0.65151195 0.62627199],3,3,"[0.6601234827680622, 0.6109507568947781]",1,-1
22885,[0.67989734 0.64235685],3,3,"[0.6601234827680622, 0.6109507568947781]",1,-1
22886,[0.21885541 0.23578389],1,-1,-1,0,0
22887,[0.3190352  0.19061002],1,2,"[0.294379027732062, 0.1921773781634303]",0,0
22888,[0.257459   0.17303155],1,2,"[0.294379027732062, 0.1921773781634303]",0,0
22889,[0.78977001 0.78025685],2,-1,-1,1,-1
22890,[0.66698189 0.54568779],3,3,"[0.6601234827680622, 0.6109507568947781]",1,-1
22891,[0.81812433 0.75883229],2,-1,-1,1,-1
22892,[0.36501819 0.53343699],0,1,"[0.37965276877051146, 0.575157747726818]",1,-1
22893,[0.35357163 0.13880593],1,-1,-1,0,0
22894,[0.32034062 0.18379789],1,2,"[0.294379027732062, 0.1921773781634303]",0,0
22895,[0.33222529 0.66796087],0,-1,-1,1,-1
22896,[0.79687392 0.60958836],2,-1,-1,1,-1
22897,[0.30589617 0.23136204],1,2,"[0.294379027732062, 0.1921773781634303]",0,0
22898,[0.4045615 0.5574052],0,1,"[0.37965276877051146, 0.575157747726818]",1,-1
22899,[0.30952304 0.23126933],1,2,"[0.294379027732062, 0.1921773781634303]",0,0
22900,[0.22921843 0.19417234],1,2,"[0.294379027732062, 0.1921773781634303]",0,0
22901,[0.29815232 0.57157786],0,-1,-1,1,-1
22902,[0.71778127 0.59476581],3,3,"[0.6601234827680622, 0.6109507568947781]",1,-1
22903,[0.73471751 0.55426855],3,-1,-1,1,-1
22904,[0.87778629 0.67964036],2,-1,-1,1,-1
22905,[0.65518221 0.60633961],3,3,"[0.6601234827680622, 0.6109507568947781]",1,-1
22906,[0.76283387 0.60438847],2,-1,-1,1,-1
22907,[0.23416053 0.13464329],1,-1,-1,0,0
22908,[0.76848889 0.75051507],2,-1,-1,1,-1
22909,[0.83949724 0.71312905],2,0,"[0.7890750777399501, 0.6799557517006445]",1,-1
22910,[0.71276513 0.68748657],2,-1,-1,1,-1
22911,[0.37158873 0.22653021],1,-1,-1,0,0
22912,[0.39526534 0.57580523],0,1,"[0.37965276877051146, 0.575157747726818]",1,-1
22913,[0.30644837 0.59569568],0,-1,-1,1,-1
22914,[0.67763384 0.63574626],3,3,"[0.6601234827680622, 0.6109507568947781]",1,-1
22915,[0.28083056 0.16333126],1,2,"[0.294379027732062, 0.1921773781634303]",0,0
22916,[0.33874714 0.56555836],0,1,"[0.37965276877051146, 0.575157747726818]",1,-1
22917,[0.3630742  0.24510346],1,-1,-1,0,0
22918,[0.20131487 0.18956923],1,-1,-1,0,0
22919,[0.62878005 0.58539152],3,3,"[0.6601234827680622, 0.6109507568947781]",1,-1
22920,[0.23845813 0.33219337],1,-1,-1,0,0
22921,[0.83321862 0.72969546],2,0,"[0.7890750777399501, 0.6799557517006445]",1,-1
22922,[0.71381814 0.58841679],3,3,"[0.6601234827680622, 0.6109507568947781]",1,-1
22923,[0.71329027 0.68460526],2,-1,-1,1,-1
22924,[0.28587722 0.19532365],1,2,"[0.294379027732062, 0.1921773781634303]",0,0
22925,[0.65415292 0.55312811],3,3,"[0.6601234827680622, 0.6109507568947781]",1,-1
22926,[0.37421073 0.58889371],0,1,"[0.37965276877051146, 0.575157747726818]",1,-1
22927,[0.30751073 0.17338339],1,2,"[0.294379027732062, 0.1921773781634303]",0,0
22928,[0.3220246  0.52668682],0,-1,-1,1,-1
22929,[0.27537528 0.31241338],1,-1,-1,0,0
22930,[0.85085368 0.69089645],2,0,"[0.7890750777399501, 0.6799557517006445]",1,-1
22931,[0.75580654 0.62039761],2,0,"[0.7890750777399501, 0.6799557517006445]",1,-1
22932,[0.89659548 0.64053183],2,-1,-1,1,-1
22933,[0.73489317 0.63269408],3,-1,-1,1,-1
22934,[0.35661449 0.22429574],1,-1,-1,0,0
22935,[0.39006036 0.55567138],0,1,"[0.37965276877051146, 0.575157747726818]",1,-1
22936,[0.69769953 0.59745364],3,3,"[0.6601234827680622, 0.6109507568947781]",1,-1
22937,[0.75875989 0.72871744],2,0,"[0.7890750777399501, 0.6799557517006445]",1,-1
22938,[0.38731858 0.56282944],0,1,"[0.37965276877051146, 0.575157747726818]",1,-1
22939,[0.59296971 0.55637305],3,-1,-1,1,-1
22940,[0.71556984 0.70676341],2,-1,-1,1,-1
22941,[0.90236918 0.70628057],2,-1,-1,1,-1
22942,[0.4192273  0.18475394],1,-1,-1,0,0
22943,[0.39511471 0.14175712],1,-1,-1,0,0
22944,[0.72857504 0.56833026],3,-1,-1,1,-1
22945,[0.22911557 0.19858594],1,2,"[0.294379027732062, 0.1921773781634303]",0,0
22946,[0.34275561 0.2261921 ],1,2,"[0.294379027732062, 0.1921773781634303]",0,0
22947,[0.24984346 0.22272005],1,2,"[0.294379027732062, 0.1921773781634303]",0,0
22948,[0.76496739 0.65749617],3,0,"[0.7890750777399501, 0.6799557517006445]",1,3
22949,[0.61186543 0.67007258],3,-1,-1,1,-1
22950,[0.43007955 0.65555274],0,-1,-1,1,-1
22951,[0.30915397 0.11981524],1,-1,-1,0,0
22952,[0.61393694 0.51961981],3,-1,-1,1,-1
22953,[0.31411383 0.54006241],0,-1,-1,1,-1
22954,[0.80000412 0.72139484],2,0,"[0.7890750777399501, 0.6799557517006445]",1,-1
22955,[0.67504578 0.70758444],3,-1,-1,1,-1
22956,[0.74388326 0.60775199],2,-1,-1,1,-1
22957,[0.36986426 0.48290997],0,-1,-1,1,-1
22958,[0.33093968 0.67524225],0,-1,-1,1,-1
22959,[0.32439816 0.52483605],0,-1,-1,1,-1
22960,[0.44133202 0.57264656],0,1,"[0.37965276877051146, 0.575157747726818]",1,-1
22961,[0.60960604 0.6329143 ],3,3,"[0.6601234827680622, 0.6109507568947781]",1,-1
22962,[0.33122829 0.26289286],1,-1,-1,0,0
22963,[0.40594952 0.54993599],0,1,"[0.37965276877051146, 0.575157747726818]",1,-1
22964,[0.78335678 0.67455344],2,0,"[0.7890750777399501, 0.6799557517006445]",1,4
22965,[0.3159068  0.20748964],1,2,"[0.294379027732062, 0.1921773781634303]",0,0
22966,[0.30908466 0.66707524],0,-1,-1,1,-1
22967,[0.36802962 0.11180616],1,-1,-1,0,0
22968,[0.63804501 0.62109647],3,3,"[0.6601234827680622, 0.6109507568947781]",1,6
22969,[0.39907391 0.49745707],0,-1,-1,1,-1
22970,[0.61145595 0.62454506],3,3,"[0.6601234827680622, 0.6109507568947781]",1,-1
22971,[0.65474423 0.65710706],2,3,"[0.6601234827680622, 0.6109507568947781]",1,-1
22972,[0.77729217 0.64813281],2,0,"[0.7890750777399501, 0.6799557517006445]",1,-1
22973,[0.71572347 0.5576018 ],3,-1,-1,1,-1
22974,[0.35865137 0.53257544],0,1,"[0.37965276877051146, 0.575157747726818]",1,-1
22975,[0.33630838 0.18415294],1,2,"[0.294379027732062, 0.1921773781634303]",0,0
22976,[0.26486304 0.16229554],1,2,"[0.294379027732062, 0.1921773781634303]",0,0
22977,[0.28626334 0.13594894],1,2,"[0.294379027732062, 0.1921773781634303]",0,0
22978,[0.43930678 0.57768297],0,1,"[0.37965276877051146, 0.575157747726818]",1,-1
22979,[0.29754887 0.14407231],1,2,"[0.294379027732062, 0.1921773781634303]",0,0
22980,[0.32007106 0.06346469],1,-1,-1,0,0
22981,[0.35706068 0.58307827],0,1,"[0.37965276877051146, 0.575157747726818]",1,-1
22982,[0.3213071  0.17452274],1,2,"[0.294379027732062, 0.1921773781634303]",0,0
22983,[0.88187177 0.66202296],2,-1,-1,1,-1
22984,[0.3990097  0.53454001],0,1,"[0.37965276877051146, 0.575157747726818]",1,-1
22985,[0.76826623 0.72240165],2,0,"[0.7890750777399501, 0.6799557517006445]",1,-1
22986,[0.29433001 0.3808922 ],1,-1,-1,0,-1
22987,[0.34676298 0.53753609],0,1,"[0.37965276877051146, 0.575157747726818]",1,-1
22988,[0.40876296 0.71650735],0,-1,-1,1,-1
22989,[0.91060399 0.65916616],2,-1,-1,1,-1
22990,[0.39473621 0.59878671],0,1,"[0.37965276877051146, 0.575157747726818]",1,-1
22991,[0.80368486 0.71467235],2,0,"[0.7890750777399501, 0.6799557517006445]",1,-1
22992,[0.36138883 0.47051711],0,-1,-1,1,-1
22993,[0.27603145 0.18927859],1,2,"[0.294379027732062, 0.1921773781634303]",0,0
22994,[0.38874142 0.64758846],0,-1,-1,1,-1
22995,[0.28909364 0.18240318],1,2,"[0.294379027732062, 0.1921773781634303]",0,0
22996,[0.81235521 0.6947292 ],2,0,"[0.7890750777399501, 0.6799557517006445]",1,-1
22997,[0.82702479 0.67098746],2,0,"[0.7890750777399501, 0.6799557517006445]",1,-1
22998,[0.39547196 0.55150601],0,1,"[0.37965276877051146, 0.575157747726818]",1,-1
22999,[0.30267196 0.21008284],1,2,"[0.294379027732062, 0.1921773781634303]",0,0
23000,[0.41644841 0.24978952],1,-1,-1,0,0
23001,[0.38413964 0.58439417],0,1,"[0.37965276877051146, 0.575157747726818]",1,-1
23002,[0.2739886  0.23270752],1,2,"[0.294379027732062, 0.1921773781634303]",0,0
23003,[0.76669853 0.63677813],2,0,"[0.7890750777399501, 0.6799557517006445]",1,-1
23004,[0.80651827 0.74740283],2,0,"[0.7890750777399501, 0.6799557517006445]",1,-1
23005,[0.78896978 0.78901782],2,-1,-1,1,-1
23006,[0.37224167 0.6081478 ],0,1,"[0.37965276877051146, 0.575157747726818]",1,-1
23007,[0.35131053 0.56439877],0,1,"[0.37965276877051146, 0.575157747726818]",1,-1
23008,[0.24882465 0.09887607],1,-1,-1,0,0
23009,[0.82985866 0.70569226],2,0,"[0.7890750777399501, 0.6799557517006445]",1,-1
23010,[0.83121628 0.63761256],2,0,"[0.7890750777399501, 0.6799557517006445]",1,-1
23011,[0.32535666 0.64046572],0,-1,-1,1,-1
23012,[0.59263334 0.54039128],3,-1,-1,1,-1
23013,[0.34394388 0.12959653],1,-1,-1,0,0
23014,[0.7071432  0.59102959],3,3,"[0.6601234827680622, 0.6109507568947781]",1,-1
23015,[0.66531072 0.69135886],3,-1,-1,1,-1
23016,[0.3844883  0.61347767],0,1,"[0.37965276877051146, 0.575157747726818]",1,-1
23017,[0.48059063 0.54335985],0,-1,-1,1,-1
23018,[0.29572868 0.59007591],0,-1,-1,1,-1
23019,[0.60426198 0.57356176],3,3,"[0.6601234827680622, 0.6109507568947781]",1,-1
23020,[0.62503792 0.60960204],3,3,"[0.6601234827680622, 0.6109507568947781]",1,-1
23021,[0.73716241 0.73813006],2,-1,-1,1,-1
23022,[0.69009255 0.59503509],3,3,"[0.6601234827680622, 0.6109507568947781]",1,-1
23023,[0.24534769 0.18914733],1,2,"[0.294379027732062, 0.1921773781634303]",0,0
23024,[0.81014925 0.6595203 ],2,0,"[0.7890750777399501, 0.6799557517006445]",1,-1
23025,[0.88371042 0.60458714],2,-1,-1,1,-1
23026,[0.6583426  0.75520088],3,-1,-1,1,-1
23027,[0.29613167 0.24155364],1,2,"[0.294379027732062, 0.1921773781634303]",0,0
23028,[0.74539496 0.67458907],2,0,"[0.7890750777399501, 0.6799557517006445]",1,-1
23029,[0.34551854 0.57868633],0,1,"[0.37965276877051146, 0.575157747726818]",1,-1
23030,[0.31114269 0.61202107],0,-1,-1,1,-1
23031,[0.37634459 0.54722031],0,1,"[0.37965276877051146, 0.575157747726818]",1,-1
23032,[0.38178786 0.25350053],1,-1,-1,0,0
23033,[0.78756458 0.72186142],2,0,"[0.7890750777399501, 0.6799557517006445]",1,-1
23034,[0.60700567 0.66779062],3,-1,-1,1,-1
23035,[0.88666246 0.70937105],2,-1,-1,1,-1
23036,[0.81661227 0.63534749],2,0,"[0.7890750777399501, 0.6799557517006445]",1,-1
23037,[0.67288055 0.71376578],3,-1,-1,1,-1
23038,[0.75108733 0.58156209],3,-1,-1,1,-1
23039,[0.81582232 0.68596401],2,0,"[0.7890750777399501, 0.6799557517006445]",1,4
23040,[0.64281817 0.59264524],3,3,"[0.6601234827680622, 0.6109507568947781]",1,-1
23041,[0.52924821 0.61388934],0,-1,-1,1,-1
23042,[0.71369378 0.57049683],3,3,"[0.6601234827680622, 0.6109507568947781]",1,-1
23043,[0.60658122 0.68658646],3,-1,-1,1,-1
23044,[0.25895095 0.18547971],1,2,"[0.294379027732062, 0.1921773781634303]",0,0
23045,[0.25860766 0.15991096],1,2,"[0.294379027732062, 0.1921773781634303]",0,0
23046,[0.40465876 0.68357774],0,-1,-1,1,-1
23047,[0.66225357 0.65162542],3,3,"[0.6601234827680622, 0.6109507568947781]",1,-1
23048,[0.41662434 0.5774489 ],0,1,"[0.37965276877051146, 0.575157747726818]",1,-1
23049,[0.7076531  0.75662764],2,-1,-1,1,-1
23050,[0.35520911 0.52422746],0,1,"[0.37965276877051146, 0.575157747726818]",1,-1
23051,[0.43588694 0.54630041],0,1,"[0.37965276877051146, 0.575157747726818]",1,-1
23052,[0.68793027 0.66177433],3,3,"[0.6601234827680622, 0.6109507568947781]",1,-1
23053,[0.26507903 0.15246057],1,2,"[0.294379027732062, 0.1921773781634303]",0,0
23054,[0.77869431 0.65041166],2,0,"[0.7890750777399501, 0.6799557517006445]",1,-1
23055,[0.60572528 0.60483692],3,3,"[0.6601234827680622, 0.6109507568947781]",1,-1
23056,[0.68589153 0.63125853],3,3,"[0.6601234827680622, 0.6109507568947781]",1,-1
23057,[0.26480807 0.14964903],1,2,"[0.294379027732062, 0.1921773781634303]",0,0
23058,[0.74007419 0.62572877],2,-1,-1,1,-1
23059,[0.75135838 0.66407073],2,0,"[0.7890750777399501, 0.6799557517006445]",1,-1
23060,[0.79901355 0.77845709],2,-1,-1,1,-1
23061,[0.36460085 0.53108302],0,1,"[0.37965276877051146, 0.575157747726818]",1,-1
23062,[0.25117226 0.56660232],0,-1,-1,1,-1
23063,[0.81764875 0.67517946],2,0,"[0.7890750777399501, 0.6799557517006445]",1,-1
23064,[0.71663659 0.62668581],3,3,"[0.6601234827680622, 0.6109507568947781]",1,-1
23065,[0.64862772 0.5276612 ],3,-1,-1,1,-1
23066,[0.32141934 0.21769887],1,2,"[0.294379027732062, 0.1921773781634303]",0,0
23067,[0.3513619 0.630378 ],0,1,"[0.37965276877051146, 0.575157747726818]",1,-1
23068,[0.38661217 0.59351919],0,1,"[0.37965276877051146, 0.575157747726818]",1,-1
23069,[0.75734037 0.76882957],2,-1,-1,1,-1
23070,[0.28322978 0.24385699],1,2,"[0.294379027732062, 0.1921773781634303]",0,0
23071,[0.43885965 0.60820979],0,1,"[0.37965276877051146, 0.575157747726818]",1,-1
23072,[0.36494267 0.5387721 ],0,1,"[0.37965276877051146, 0.575157747726818]",1,-1
23073,[0.59674524 0.62539332],3,3,"[0.6601234827680622, 0.6109507568947781]",1,-1
23074,[0.82013628 0.65323439],2,0,"[0.7890750777399501, 0.6799557517006445]",1,-1
23075,[0.82060814 0.71868887],2,0,"[0.7890750777399501, 0.6799557517006445]",1,-1
23076,[0.6720438  0.58119081],3,3,"[0.6601234827680622, 0.6109507568947781]",1,-1
23077,[0.37882119 0.23403379],1,-1,-1,0,0
23078,[0.69666407 0.61053543],3,3,"[0.6601234827680622, 0.6109507568947781]",1,-1
23079,[0.62092716 0.61386889],3,3,"[0.6601234827680622, 0.6109507568947781]",1,-1
23080,[0.4118283  0.53370855],0,1,"[0.37965276877051146, 0.575157747726818]",1,-1
23081,[0.6084313  0.65379407],3,3,"[0.6601234827680622, 0.6109507568947781]",1,-1
23082,[0.7631682 0.6617032],2,0,"[0.7890750777399501, 0.6799557517006445]",1,-1
23083,[0.32320685 0.55073792],0,1,"[0.37965276877051146, 0.575157747726818]",1,-1
23084,[0.57861504 0.61810003],3,-1,-1,1,-1
23085,[0.74707654 0.6658225 ],2,0,"[0.7890750777399501, 0.6799557517006445]",1,-1
23086,[0.32514928 0.57319612],0,1,"[0.37965276877051146, 0.575157747726818]",1,-1
23087,[0.69908924 0.56779034],3,3,"[0.6601234827680622, 0.6109507568947781]",1,-1
23088,[0.67727903 0.63392133],3,3,"[0.6601234827680622, 0.6109507568947781]",1,-1
23089,[0.31895022 0.04741152],1,-1,-1,0,0
23090,[0.33007584 0.15082481],1,2,"[0.294379027732062, 0.1921773781634303]",0,0
23091,[0.37673599 0.17553208],1,-1,-1,0,0
23092,[0.75235464 0.60533867],3,-1,-1,1,-1
23093,[0.72299573 0.63590763],3,3,"[0.6601234827680622, 0.6109507568947781]",1,-1
23094,[0.42214621 0.68095956],0,-1,-1,1,-1
23095,[0.78591681 0.64912185],2,0,"[0.7890750777399501, 0.6799557517006445]",1,-1
23096,[0.34819997 0.48997222],0,-1,-1,1,-1
23097,[0.35469265 0.62619841],0,1,"[0.37965276877051146, 0.575157747726818]",1,-1
23098,[0.7893455  0.73179743],2,0,"[0.7890750777399501, 0.6799557517006445]",1,-1
23099,[0.69222545 0.63393622],3,3,"[0.6601234827680622, 0.6109507568947781]",1,-1
23100,[0.44651539 0.60347356],0,-1,-1,1,-1
23101,[0.27039498 0.17242754],1,2,"[0.294379027732062, 0.1921773781634303]",0,0
23102,[0.37716628 0.61222687],0,1,"[0.37965276877051146, 0.575157747726818]",1,-1
23103,[0.65903368 0.58099867],3,3,"[0.6601234827680622, 0.6109507568947781]",1,-1
23104,[0.85177353 0.65993422],2,0,"[0.7890750777399501, 0.6799557517006445]",1,-1
23105,[0.69381493 0.516913  ],3,-1,-1,1,-1
23106,[0.35495536 0.60417865],0,1,"[0.37965276877051146, 0.575157747726818]",1,-1
23107,[0.33714033 0.59121368],0,1,"[0.37965276877051146, 0.575157747726818]",1,-1
23108,[0.25176876 0.19267508],1,2,"[0.294379027732062, 0.1921773781634303]",0,0
23109,[0.79118641 0.67958511],2,0,"[0.7890750777399501, 0.6799557517006445]",1,4
23110,[0.25286055 0.12871164],1,-1,-1,0,0
23111,[0.69910237 0.66032607],2,3,"[0.6601234827680622, 0.6109507568947781]",1,-1
23112,[0.33124544 0.64662999],0,-1,-1,1,-1
23113,[0.82405455 0.65634978],2,0,"[0.7890750777399501, 0.6799557517006445]",1,-1
23114,[0.71137789 0.69669474],2,-1,-1,1,-1
23115,[0.69897204 0.61170825],3,3,"[0.6601234827680622, 0.6109507568947781]",1,-1
23116,[0.31542676 0.22069344],1,2,"[0.294379027732062, 0.1921773781634303]",0,0
23117,[0.34192059 0.16456373],1,2,"[0.294379027732062, 0.1921773781634303]",0,0
23118,[0.66608721 0.46076943],3,-1,-1,1,-1
23119,[0.70813453 0.62712048],3,3,"[0.6601234827680622, 0.6109507568947781]",1,-1
23120,[0.34098584 0.1407921 ],1,2,"[0.294379027732062, 0.1921773781634303]",0,0
23121,[0.38222328 0.56822035],0,1,"[0.37965276877051146, 0.575157747726818]",1,-1
23122,[0.35581049 0.56395485],0,1,"[0.37965276877051146, 0.575157747726818]",1,-1
23123,[0.6380469  0.58244267],3,3,"[0.6601234827680622, 0.6109507568947781]",1,-1
23124,[0.45975047 0.5901763 ],0,-1,-1,1,-1
23125,[0.610781   0.52304542],3,-1,-1,1,-1
23126,[0.72084826 0.68181716],3,0,"[0.7890750777399501, 0.6799557517006445]",1,-1
23127,[0.71052278 0.72043619],2,-1,-1,1,-1
23128,[0.63131182 0.65495515],3,3,"[0.6601234827680622, 0.6109507568947781]",1,-1
23129,[0.26198202 0.24720853],1,2,"[0.294379027732062, 0.1921773781634303]",0,0
23130,[0.74893955 0.70209865],2,0,"[0.7890750777399501, 0.6799557517006445]",1,-1
23131,[0.60553314 0.5994345 ],3,3,"[0.6601234827680622, 0.6109507568947781]",1,-1
23132,[0.28887983 0.13930563],1,2,"[0.294379027732062, 0.1921773781634303]",0,0
23133,[0.62542302 0.64600503],3,3,"[0.6601234827680622, 0.6109507568947781]",1,-1
23134,[0.2894257  0.50540862],0,-1,-1,1,-1
23135,[0.25458057 0.14175296],1,2,"[0.294379027732062, 0.1921773781634303]",0,0
23136,[0.37963584 0.60180613],0,1,"[0.37965276877051146, 0.575157747726818]",1,-1
23137,[0.64022009 0.64019194],3,3,"[0.6601234827680622, 0.6109507568947781]",1,-1
23138,[0.42097555 0.58531534],0,1,"[0.37965276877051146, 0.575157747726818]",1,-1
23139,[0.44036707 0.64331917],0,-1,-1,1,-1
23140,[0.24684254 0.29734077],1,-1,-1,0,0
23141,[0.27554886 0.13291916],1,2,"[0.294379027732062, 0.1921773781634303]",0,0
23142,[0.22972119 0.30820541],1,-1,-1,0,0
23143,[0.35879986 0.57290876],0,1,"[0.37965276877051146, 0.575157747726818]",1,-1
23144,[0.53070901 0.6594326 ],3,-1,-1,1,-1
23145,[0.87979598 0.63470103],2,-1,-1,1,-1
23146,[0.75335198 0.75341059],2,-1,-1,1,-1
23147,[0.41142252 0.6468248 ],0,-1,-1,1,-1
23148,[0.69190867 0.58820468],3,3,"[0.6601234827680622, 0.6109507568947781]",1,-1
23149,[0.61343191 0.61963949],3,3,"[0.6601234827680622, 0.6109507568947781]",1,-1
23150,[0.67289522 0.67382469],3,3,"[0.6601234827680622, 0.6109507568947781]",1,-1
23151,[0.77197321 0.69130867],2,0,"[0.7890750777399501, 0.6799557517006445]",1,-1
23152,[0.33759865 0.55676842],0,1,"[0.37965276877051146, 0.575157747726818]",1,-1
23153,[0.3216762 0.2781906],1,-1,-1,0,0
23154,[0.78293898 0.70059348],2,0,"[0.7890750777399501, 0.6799557517006445]",1,-1
23155,[0.34529679 0.18750326],1,2,"[0.294379027732062, 0.1921773781634303]",0,0
23156,[0.60665749 0.62905142],3,3,"[0.6601234827680622, 0.6109507568947781]",1,-1
23157,[0.63174314 0.6379733 ],3,3,"[0.6601234827680622, 0.6109507568947781]",1,-1
23158,[0.68895097 0.73097123],2,-1,-1,1,-1
23159,[0.35471206 0.15017672],1,-1,-1,0,0
23160,[0.41216456 0.60547036],0,1,"[0.37965276877051146, 0.575157747726818]",1,-1
23161,[0.78328215 0.64950918],2,0,"[0.7890750777399501, 0.6799557517006445]",1,-1
23162,[0.60071603 0.59489921],3,3,"[0.6601234827680622, 0.6109507568947781]",1,-1
23163,[0.70117451 0.67900982],2,-1,-1,1,-1
23164,[0.65559649 0.56452471],3,3,"[0.6601234827680622, 0.6109507568947781]",1,-1
23165,[0.37918253 0.57811822],0,1,"[0.37965276877051146, 0.575157747726818]",1,-1
23166,[0.77660941 0.63843991],2,0,"[0.7890750777399501, 0.6799557517006445]",1,-1
23167,[0.44921209 0.48511069],0,-1,-1,1,-1
23168,[0.77405394 0.69262067],2,0,"[0.7890750777399501, 0.6799557517006445]",1,-1
23169,[0.85932258 0.65046428],2,-1,-1,1,-1
23170,[0.2794137  0.19906046],1,2,"[0.294379027732062, 0.1921773781634303]",0,0
23171,[0.65446084 0.67007917],3,3,"[0.6601234827680622, 0.6109507568947781]",1,-1
23172,[0.34366992 0.50117667],0,-1,-1,1,-1
23173,[0.24444655 0.19242184],1,2,"[0.294379027732062, 0.1921773781634303]",0,0
23174,[0.86329788 0.72839944],2,-1,-1,1,-1
23175,[0.80544078 0.67912379],2,0,"[0.7890750777399501, 0.6799557517006445]",1,-1
23176,[0.62174073 0.54275938],3,-1,-1,1,-1
23177,[0.82291756 0.63634166],2,0,"[0.7890750777399501, 0.6799557517006445]",1,-1
23178,[0.29627259 0.25573735],1,2,"[0.294379027732062, 0.1921773781634303]",0,0
23179,[0.29728846 0.5428962 ],0,-1,-1,1,-1
23180,[0.76202737 0.67302207],2,0,"[0.7890750777399501, 0.6799557517006445]",1,-1
23181,[0.76760766 0.66147634],2,0,"[0.7890750777399501, 0.6799557517006445]",1,-1
23182,[0.76077228 0.68997772],2,0,"[0.7890750777399501, 0.6799557517006445]",1,4
23183,[0.7771461  0.72308589],2,0,"[0.7890750777399501, 0.6799557517006445]",1,-1
23184,[0.62852621 0.50809156],3,-1,-1,1,-1
23185,[0.29053722 0.1450563 ],1,2,"[0.294379027732062, 0.1921773781634303]",0,0
23186,[0.83815253 0.75534949],2,-1,-1,1,-1
23187,[0.32856984 0.13146361],1,2,"[0.294379027732062, 0.1921773781634303]",0,0
23188,[0.81614292 0.66264545],2,0,"[0.7890750777399501, 0.6799557517006445]",1,-1
23189,[0.33138912 0.20996251],1,2,"[0.294379027732062, 0.1921773781634303]",0,0
23190,[0.29174393 0.16400535],1,2,"[0.294379027732062, 0.1921773781634303]",0,0
23191,[0.68152432 0.56760183],3,3,"[0.6601234827680622, 0.6109507568947781]",1,-1
23192,[0.64503102 0.54907183],3,3,"[0.6601234827680622, 0.6109507568947781]",1,-1
23193,[0.32989302 0.11416077],1,-1,-1,0,0
23194,[0.34621836 0.20531361],1,2,"[0.294379027732062, 0.1921773781634303]",0,0
23195,[0.75897358 0.70922598],2,0,"[0.7890750777399501, 0.6799557517006445]",1,-1
23196,[0.41404542 0.55566473],0,1,"[0.37965276877051146, 0.575157747726818]",1,-1
23197,[0.43642778 0.58132231],0,1,"[0.37965276877051146, 0.575157747726818]",1,-1
23198,[0.66380737 0.629252  ],3,3,"[0.6601234827680622, 0.6109507568947781]",1,-1
23199,[0.83298294 0.6886607 ],2,0,"[0.7890750777399501, 0.6799557517006445]",1,-1
23200,[0.32088094 0.58355653],0,1,"[0.37965276877051146, 0.575157747726818]",1,-1
23201,[0.42100631 0.60837059],0,1,"[0.37965276877051146, 0.575157747726818]",1,-1
23202,[0.77760473 0.73124617],2,0,"[0.7890750777399501, 0.6799557517006445]",1,-1
23203,[0.27102068 0.25825398],1,-1,-1,0,0
23204,[0.70392025 0.63910508],2,3,"[0.6601234827680622, 0.6109507568947781]",1,-1
23205,[0.63003334 0.60349697],3,3,"[0.6601234827680622, 0.6109507568947781]",1,-1
23206,[0.4071687  0.58119358],0,1,"[0.37965276877051146, 0.575157747726818]",1,-1
23207,[0.80842549 0.5969326 ],2,-1,-1,1,-1
23208,[0.64546511 0.4994991 ],3,-1,-1,1,-1
23209,[0.79854918 0.80184985],2,-1,-1,1,-1
23210,[0.40503576 0.59676362],0,1,"[0.37965276877051146, 0.575157747726818]",1,-1
23211,[0.79396416 0.78856474],2,-1,-1,1,-1
23212,[0.8148678  0.63227344],2,0,"[0.7890750777399501, 0.6799557517006445]",1,-1
23213,[0.34596906 0.5389037 ],0,1,"[0.37965276877051146, 0.575157747726818]",1,-1
23214,[0.71154566 0.75441888],3,-1,-1,1,-1
23215,[0.85005542 0.60371234],2,-1,-1,1,-1
23216,[0.35166295 0.6723643 ],0,-1,-1,1,-1
23217,[0.85002252 0.6199533 ],2,-1,-1,1,-1
23218,[0.41221991 0.55428926],0,1,"[0.37965276877051146, 0.575157747726818]",1,-1
23219,[0.33755348 0.57587699],0,1,"[0.37965276877051146, 0.575157747726818]",1,-1
23220,[0.76123782 0.75631898],2,-1,-1,1,-1
23221,[0.70864662 0.70466193],3,-1,-1,1,-1
23222,[0.7185476  0.56986125],3,-1,-1,1,-1
23223,[0.81645371 0.68187425],2,0,"[0.7890750777399501, 0.6799557517006445]",1,-1
23224,[0.29723473 0.63866439],0,-1,-1,1,-1
23225,[0.60253457 0.67370559],3,-1,-1,1,-1
23226,[0.85919699 0.64337637],2,-1,-1,1,-1
23227,[0.59265777 0.59989324],3,3,"[0.6601234827680622, 0.6109507568947781]",1,-1
23228,[0.79765838 0.67799468],2,0,"[0.7890750777399501, 0.6799557517006445]",1,-1
23229,[0.71950664 0.68700905],2,0,"[0.7890750777399501, 0.6799557517006445]",1,-1
23230,[0.73726298 0.60268012],3,-1,-1,1,-1
23231,[0.69755316 0.64072199],3,3,"[0.6601234827680622, 0.6109507568947781]",1,-1
23232,[0.27443908 0.18714586],1,2,"[0.294379027732062, 0.1921773781634303]",0,0
23233,[0.34686062 0.59074574],0,1,"[0.37965276877051146, 0.575157747726818]",1,-1
23234,[0.41666342 0.24854738],1,-1,-1,0,0
23235,[0.39508935 0.56730828],0,1,"[0.37965276877051146, 0.575157747726818]",1,2
23236,[0.3517278  0.61634691],0,1,"[0.37965276877051146, 0.575157747726818]",1,-1
23237,[0.23405495 0.13098347],1,-1,-1,0,0
23238,[0.67008781 0.66508578],3,3,"[0.6601234827680622, 0.6109507568947781]",1,-1
23239,[0.30232503 0.56270033],0,-1,-1,1,-1
23240,[0.63510952 0.62136443],3,3,"[0.6601234827680622, 0.6109507568947781]",1,-1
23241,[0.33194761 0.31846991],1,-1,-1,0,0
23242,[0.79237219 0.64483254],2,0,"[0.7890750777399501, 0.6799557517006445]",1,-1
23243,[0.43422596 0.63401663],0,-1,-1,1,-1
23244,[0.42818496 0.58862678],0,1,"[0.37965276877051146, 0.575157747726818]",1,-1
23245,[0.4009345  0.52254212],0,1,"[0.37965276877051146, 0.575157747726818]",1,-1
23246,[0.80860372 0.6393837 ],2,0,"[0.7890750777399501, 0.6799557517006445]",1,-1
23247,[0.87403514 0.73009724],2,-1,-1,1,-1
23248,[0.34514245 0.20527345],1,2,"[0.294379027732062, 0.1921773781634303]",0,0
23249,[0.71357086 0.5759875 ],3,3,"[0.6601234827680622, 0.6109507568947781]",1,-1
23250,[0.42357379 0.54778318],0,1,"[0.37965276877051146, 0.575157747726818]",1,-1
23251,[0.39864231 0.53575754],0,1,"[0.37965276877051146, 0.575157747726818]",1,-1
23252,[0.39112162 0.59695865],0,1,"[0.37965276877051146, 0.575157747726818]",1,-1
23253,[0.46434983 0.57692863],0,-1,-1,1,-1
23254,[0.67053479 0.51792687],3,-1,-1,1,-1
23255,[0.4630409  0.59971867],0,-1,-1,1,-1
23256,[0.91351809 0.67359849],2,-1,-1,1,-1
23257,[0.32992234 0.57522259],0,1,"[0.37965276877051146, 0.575157747726818]",1,-1
23258,[0.78963113 0.65719241],2,0,"[0.7890750777399501, 0.6799557517006445]",1,-1
23259,[0.70297545 0.68015067],3,-1,-1,1,-1
23260,[0.77861035 0.73396544],2,0,"[0.7890750777399501, 0.6799557517006445]",1,-1
23261,[0.40789335 0.54474543],0,1,"[0.37965276877051146, 0.575157747726818]",1,-1
23262,[0.31859047 0.63058012],0,-1,-1,1,-1
23263,[0.73056633 0.64016696],2,-1,-1,1,-1
23264,[0.22620842 0.25059809],1,-1,-1,0,0
23265,[0.7698657  0.58421671],3,-1,-1,1,-1
23266,[0.32021218 0.2004422 ],1,2,"[0.294379027732062, 0.1921773781634303]",0,0
23267,[0.33489531 0.5230898 ],0,1,"[0.37965276877051146, 0.575157747726818]",1,-1
23268,[0.72464307 0.60872525],2,3,"[0.6601234827680622, 0.6109507568947781]",1,-1
23269,[0.33008125 0.49159727],0,-1,-1,1,-1
23270,[0.55995297 0.65332446],3,-1,-1,1,-1
23271,[0.34510214 0.24827778],1,-1,-1,0,0
23272,[0.5108939  0.59622107],3,-1,-1,1,-1
23273,[0.6678403 0.5516136],3,3,"[0.6601234827680622, 0.6109507568947781]",1,-1
23274,[0.78398068 0.6796567 ],2,0,"[0.7890750777399501, 0.6799557517006445]",1,4
23275,[0.67374549 0.62125255],3,3,"[0.6601234827680622, 0.6109507568947781]",1,-1
23276,[0.28929593 0.1891512 ],1,2,"[0.294379027732062, 0.1921773781634303]",0,0
23277,[0.3543726  0.56056982],0,1,"[0.37965276877051146, 0.575157747726818]",1,-1
23278,[0.65211238 0.6690843 ],3,3,"[0.6601234827680622, 0.6109507568947781]",1,-1
23279,[0.64497711 0.6207021 ],3,3,"[0.6601234827680622, 0.6109507568947781]",1,-1
23280,[0.68550887 0.62997144],3,3,"[0.6601234827680622, 0.6109507568947781]",1,7
23281,[0.3548927  0.16001953],1,2,"[0.294379027732062, 0.1921773781634303]",0,0
23282,[0.85576084 0.61658523],2,-1,-1,1,-1
23283,[0.72075971 0.67111523],2,0,"[0.7890750777399501, 0.6799557517006445]",1,-1
23284,[0.78007878 0.66590452],2,0,"[0.7890750777399501, 0.6799557517006445]",1,3
23285,[0.2486149  0.24491074],1,2,"[0.294379027732062, 0.1921773781634303]",0,0
23286,[0.74851225 0.68736689],2,0,"[0.7890750777399501, 0.6799557517006445]",1,-1
23287,[0.79178692 0.74244764],2,0,"[0.7890750777399501, 0.6799557517006445]",1,-1
23288,[0.39757432 0.65103541],0,-1,-1,1,-1
23289,[0.33870581 0.53811925],0,1,"[0.37965276877051146, 0.575157747726818]",1,-1
23290,[0.67455022 0.65161956],3,3,"[0.6601234827680622, 0.6109507568947781]",1,-1
23291,[0.38084463 0.55534223],0,1,"[0.37965276877051146, 0.575157747726818]",1,-1
23292,[0.82552867 0.74247111],2,-1,-1,1,-1
23293,[0.61960366 0.57099298],3,3,"[0.6601234827680622, 0.6109507568947781]",1,-1
23294,[0.65651136 0.63841283],3,3,"[0.6601234827680622, 0.6109507568947781]",1,-1
23295,[0.6174604  0.56237811],3,3,"[0.6601234827680622, 0.6109507568947781]",1,-1
23296,[0.4484999  0.58219275],0,1,"[0.37965276877051146, 0.575157747726818]",1,-1
23297,[0.29163873 0.14543227],1,2,"[0.294379027732062, 0.1921773781634303]",0,0
23298,[0.85451037 0.66684292],2,0,"[0.7890750777399501, 0.6799557517006445]",1,-1
23299,[0.84570595 0.65182252],2,0,"[0.7890750777399501, 0.6799557517006445]",1,-1
23300,[0.20920012 0.19470725],1,-1,-1,0,0
23301,[0.65106025 0.56752712],3,3,"[0.6601234827680622, 0.6109507568947781]",1,-1
23302,[0.70067232 0.61271528],3,3,"[0.6601234827680622, 0.6109507568947781]",1,-1
23303,[0.39102782 0.19886222],1,-1,-1,0,0
23304,[0.64053787 0.58579603],3,3,"[0.6601234827680622, 0.6109507568947781]",1,-1
23305,[0.78337364 0.70159138],2,0,"[0.7890750777399501, 0.6799557517006445]",1,-1
23306,[0.72221739 0.58699918],3,3,"[0.6601234827680622, 0.6109507568947781]",1,-1
23307,[0.65541653 0.60545621],3,3,"[0.6601234827680622, 0.6109507568947781]",1,-1
23308,[0.49639962 0.61457391],0,-1,-1,1,-1
23309,[0.41458957 0.62935825],0,1,"[0.37965276877051146, 0.575157747726818]",1,-1
23310,[0.33013203 0.15838012],1,2,"[0.294379027732062, 0.1921773781634303]",0,0
23311,[0.77087854 0.66399125],2,0,"[0.7890750777399501, 0.6799557517006445]",1,3
23312,[0.41493478 0.17984952],1,-1,-1,0,0
23313,[0.40140877 0.61515961],0,1,"[0.37965276877051146, 0.575157747726818]",1,-1
23314,[0.35012143 0.63175392],0,1,"[0.37965276877051146, 0.575157747726818]",1,-1
23315,[0.21859845 0.10391036],1,-1,-1,0,0
23316,[0.82243683 0.77619051],2,-1,-1,1,-1
23317,[0.33547078 0.13161195],1,-1,-1,0,0
23318,[0.36209847 0.55562329],0,1,"[0.37965276877051146, 0.575157747726818]",1,1
23319,[0.30074619 0.247396  ],1,2,"[0.294379027732062, 0.1921773781634303]",0,0
23320,[0.41801578 0.610659  ],0,1,"[0.37965276877051146, 0.575157747726818]",1,-1
23321,[0.81078203 0.65125378],2,0,"[0.7890750777399501, 0.6799557517006445]",1,-1
23322,[0.4023471  0.61407763],0,1,"[0.37965276877051146, 0.575157747726818]",1,-1
23323,[0.78795888 0.67142856],2,0,"[0.7890750777399501, 0.6799557517006445]",1,4
23324,[0.5928553  0.65340849],3,-1,-1,1,-1
23325,[0.6076504  0.51347347],3,-1,-1,1,-1
23326,[0.44435655 0.5990249 ],0,1,"[0.37965276877051146, 0.575157747726818]",1,-1
23327,[0.26742677 0.14483776],1,2,"[0.294379027732062, 0.1921773781634303]",0,0
23328,[0.78327181 0.61115462],2,0,"[0.7890750777399501, 0.6799557517006445]",1,-1
23329,[0.75953608 0.54682999],3,-1,-1,1,-1
23330,[0.75740935 0.66037194],2,0,"[0.7890750777399501, 0.6799557517006445]",1,3
23331,[0.7712392  0.68185046],2,0,"[0.7890750777399501, 0.6799557517006445]",1,4
23332,[0.72647777 0.64647727],2,-1,-1,1,-1
23333,[0.83144387 0.6767112 ],2,0,"[0.7890750777399501, 0.6799557517006445]",1,-1
23334,[0.33182332 0.10334703],1,-1,-1,0,0
23335,[0.78396012 0.77321774],2,-1,-1,1,-1
23336,[0.26640467 0.18079303],1,2,"[0.294379027732062, 0.1921773781634303]",0,0
23337,[0.26782768 0.20325774],1,2,"[0.294379027732062, 0.1921773781634303]",0,0
23338,[0.76737038 0.59542381],2,-1,-1,1,-1
23339,[0.18845694 0.19470116],1,-1,-1,0,0
23340,[0.24604257 0.20672899],1,2,"[0.294379027732062, 0.1921773781634303]",0,0
23341,[0.26954662 0.21761168],1,2,"[0.294379027732062, 0.1921773781634303]",0,0
23342,[0.68774865 0.65842892],3,3,"[0.6601234827680622, 0.6109507568947781]",1,-1
23343,[0.48884165 0.66100513],0,-1,-1,1,-1
23344,[0.64896277 0.62004374],3,3,"[0.6601234827680622, 0.6109507568947781]",1,-1
23345,[0.19685324 0.29505794],1,-1,-1,0,0
23346,[0.69025393 0.65149883],3,3,"[0.6601234827680622, 0.6109507568947781]",1,-1
23347,[0.69583902 0.67017392],3,3,"[0.6601234827680622, 0.6109507568947781]",1,-1
23348,[0.65207753 0.64107753],3,3,"[0.6601234827680622, 0.6109507568947781]",1,-1
23349,[0.45491951 0.66204641],0,-1,-1,1,-1
23350,[0.73562269 0.71767687],2,0,"[0.7890750777399501, 0.6799557517006445]",1,-1
23351,[0.36526414 0.53329136],0,1,"[0.37965276877051146, 0.575157747726818]",1,-1
23352,[0.31890964 0.21076113],1,2,"[0.294379027732062, 0.1921773781634303]",0,0
23353,[0.2522821  0.17177938],1,2,"[0.294379027732062, 0.1921773781634303]",0,0
23354,[0.81923875 0.66963756],2,0,"[0.7890750777399501, 0.6799557517006445]",1,-1
23355,[0.31402681 0.24397507],1,2,"[0.294379027732062, 0.1921773781634303]",0,0
23356,[0.31153805 0.26669095],1,-1,-1,0,0
23357,[0.2239077  0.17879173],1,-1,-1,0,0
23358,[0.33392507 0.52580938],0,1,"[0.37965276877051146, 0.575157747726818]",1,-1
23359,[0.40462123 0.56339562],0,1,"[0.37965276877051146, 0.575157747726818]",1,-1
23360,[0.36061527 0.57933247],0,1,"[0.37965276877051146, 0.575157747726818]",1,-1
23361,[0.82293401 0.71351465],2,0,"[0.7890750777399501, 0.6799557517006445]",1,-1
23362,[0.40258262 0.54221773],0,1,"[0.37965276877051146, 0.575157747726818]",1,-1
23363,[0.34901866 0.50824874],0,-1,-1,1,-1
23364,[0.3176349  0.24563872],1,2,"[0.294379027732062, 0.1921773781634303]",0,0
23365,[0.27147317 0.15133389],1,2,"[0.294379027732062, 0.1921773781634303]",0,0
23366,[0.29006306 0.17167553],1,2,"[0.294379027732062, 0.1921773781634303]",0,0
23367,[0.90422721 0.61372462],2,-1,-1,1,-1
23368,[0.35561883 0.31987785],1,-1,-1,0,0
23369,[0.79920377 0.75484125],2,-1,-1,1,-1
23370,[0.31842359 0.18969478],1,2,"[0.294379027732062, 0.1921773781634303]",0,0
23371,[0.82990879 0.70762795],2,0,"[0.7890750777399501, 0.6799557517006445]",1,-1
23372,[0.33525903 0.54721533],0,1,"[0.37965276877051146, 0.575157747726818]",1,-1
23373,[0.70747167 0.62093303],3,3,"[0.6601234827680622, 0.6109507568947781]",1,-1
23374,[0.75997047 0.65204411],2,0,"[0.7890750777399501, 0.6799557517006445]",1,-1
23375,[0.40054421 0.54483699],0,1,"[0.37965276877051146, 0.575157747726818]",1,-1
23376,[0.71001996 0.62046209],3,3,"[0.6601234827680622, 0.6109507568947781]",1,-1
23377,[0.79252374 0.59462907],3,-1,-1,1,-1
23378,[0.65522264 0.66116723],3,3,"[0.6601234827680622, 0.6109507568947781]",1,-1
23379,[0.79186883 0.71017247],2,0,"[0.7890750777399501, 0.6799557517006445]",1,-1
23380,[0.35583715 0.57592683],0,1,"[0.37965276877051146, 0.575157747726818]",1,-1
23381,[0.74372246 0.70023242],2,0,"[0.7890750777399501, 0.6799557517006445]",1,-1
23382,[0.41225718 0.56512444],0,1,"[0.37965276877051146, 0.575157747726818]",1,-1
23383,[0.7230916 0.6135104],3,3,"[0.6601234827680622, 0.6109507568947781]",1,-1
23384,[0.36643334 0.20820942],1,-1,-1,0,0
23385,[0.65951244 0.62302387],3,3,"[0.6601234827680622, 0.6109507568947781]",1,7
23386,[0.28740315 0.24114131],1,2,"[0.294379027732062, 0.1921773781634303]",0,0
23387,[0.72016439 0.63215233],3,3,"[0.6601234827680622, 0.6109507568947781]",1,-1
23388,[0.3724557 0.564323 ],0,1,"[0.37965276877051146, 0.575157747726818]",1,1
23389,[0.70787768 0.65981502],3,3,"[0.6601234827680622, 0.6109507568947781]",1,-1
23390,[0.83803782 0.69144467],2,0,"[0.7890750777399501, 0.6799557517006445]",1,-1
23391,[0.3200428  0.52395369],0,-1,-1,1,-1
23392,[0.74176445 0.61236154],2,-1,-1,1,-1
23393,[0.59082978 0.62032683],3,3,"[0.6601234827680622, 0.6109507568947781]",1,-1
23394,[0.76359599 0.68159103],2,0,"[0.7890750777399501, 0.6799557517006445]",1,-1
23395,[0.36249215 0.50691069],0,-1,-1,1,-1
23396,[0.70567486 0.53145689],3,-1,-1,1,-1
23397,[0.29018579 0.23944699],1,2,"[0.294379027732062, 0.1921773781634303]",0,0
23398,[0.27110905 0.1824662 ],1,2,"[0.294379027732062, 0.1921773781634303]",0,0
23399,[0.35917152 0.51829914],0,1,"[0.37965276877051146, 0.575157747726818]",1,-1
23400,[0.32731371 0.55974065],0,1,"[0.37965276877051146, 0.575157747726818]",1,-1
23401,[0.39804046 0.5283182 ],0,1,"[0.37965276877051146, 0.575157747726818]",1,-1
23402,[0.70251983 0.56945589],3,3,"[0.6601234827680622, 0.6109507568947781]",1,-1
23403,[0.35328096 0.62361266],0,1,"[0.37965276877051146, 0.575157747726818]",1,-1
23404,[0.44778863 0.58134383],0,1,"[0.37965276877051146, 0.575157747726818]",1,-1
23405,[0.21283931 0.14116428],1,-1,-1,0,0
23406,[0.3928204  0.53949059],0,1,"[0.37965276877051146, 0.575157747726818]",1,-1
23407,[0.76964983 0.6680698 ],2,0,"[0.7890750777399501, 0.6799557517006445]",1,-1
23408,[0.25598662 0.18807009],1,2,"[0.294379027732062, 0.1921773781634303]",0,0
23409,[0.41643593 0.56049334],0,1,"[0.37965276877051146, 0.575157747726818]",1,-1
23410,[0.82714413 0.67473415],2,0,"[0.7890750777399501, 0.6799557517006445]",1,-1
23411,[0.27706254 0.17425352],1,2,"[0.294379027732062, 0.1921773781634303]",0,0
23412,[0.2577578  0.21474023],1,2,"[0.294379027732062, 0.1921773781634303]",0,0
23413,[0.43910163 0.58407179],0,1,"[0.37965276877051146, 0.575157747726818]",1,-1
23414,[0.84992323 0.59753757],2,-1,-1,1,-1
23415,[0.41186042 0.53892786],0,1,"[0.37965276877051146, 0.575157747726818]",1,-1
23416,[0.45317717 0.52405925],0,-1,-1,1,-1
23417,[0.4479563  0.24517808],1,-1,-1,0,0
23418,[0.29730924 0.18734552],1,2,"[0.294379027732062, 0.1921773781634303]",0,0
23419,[0.80897885 0.69610954],2,0,"[0.7890750777399501, 0.6799557517006445]",1,-1
23420,[0.7230337  0.65045313],3,-1,-1,1,-1
23421,[0.38353546 0.59583319],0,1,"[0.37965276877051146, 0.575157747726818]",1,-1
23422,[0.34605006 0.19568349],1,2,"[0.294379027732062, 0.1921773781634303]",0,0
23423,[0.24142041 0.24010035],1,-1,-1,0,0
23424,[0.45851734 0.60534208],0,-1,-1,1,-1
23425,[0.66247383 0.61053499],3,3,"[0.6601234827680622, 0.6109507568947781]",1,-1
23426,[0.36677248 0.57121104],0,1,"[0.37965276877051146, 0.575157747726818]",1,-1
23427,[0.2597185  0.20737658],1,2,"[0.294379027732062, 0.1921773781634303]",0,0
23428,[0.85385294 0.69119798],2,0,"[0.7890750777399501, 0.6799557517006445]",1,-1
23429,[0.42347517 0.52526651],0,1,"[0.37965276877051146, 0.575157747726818]",1,-1
23430,[0.32603658 0.18787062],1,2,"[0.294379027732062, 0.1921773781634303]",0,0
23431,[0.26477021 0.60012211],0,-1,-1,1,-1
23432,[0.50138381 0.61537801],0,-1,-1,1,-1
23433,[0.2203933  0.58562135],0,-1,-1,1,-1
23434,[0.47996054 0.60658989],0,-1,-1,1,-1
23435,[0.40276976 0.57236316],0,1,"[0.37965276877051146, 0.575157747726818]",1,-1
23436,[0.61597529 0.59033025],3,3,"[0.6601234827680622, 0.6109507568947781]",1,-1
23437,[0.89859389 0.75344202],2,-1,-1,1,-1
23438,[0.31031871 0.30309339],1,-1,-1,0,0
23439,[0.17854838 0.16810155],1,-1,-1,0,0
23440,[0.35329666 0.60390921],0,1,"[0.37965276877051146, 0.575157747726818]",1,-1
23441,[0.31080649 0.21652482],1,2,"[0.294379027732062, 0.1921773781634303]",0,0
23442,[0.34402039 0.21714321],1,2,"[0.294379027732062, 0.1921773781634303]",0,0
23443,[0.57084817 0.68075972],3,-1,-1,1,-1
23444,[0.84003369 0.66962193],2,0,"[0.7890750777399501, 0.6799557517006445]",1,-1
23445,[0.75313031 0.64400707],3,0,"[0.7890750777399501, 0.6799557517006445]",1,-1
23446,[0.36483272 0.63143614],0,1,"[0.37965276877051146, 0.575157747726818]",1,-1
23447,[0.38626343 0.54798084],0,1,"[0.37965276877051146, 0.575157747726818]",1,-1
23448,[0.74069257 0.67973385],2,0,"[0.7890750777399501, 0.6799557517006445]",1,-1
23449,[0.2793517  0.27088941],1,-1,-1,0,0
23450,[0.7432974  0.72690056],2,0,"[0.7890750777399501, 0.6799557517006445]",1,-1
23451,[0.40421466 0.19257186],1,-1,-1,0,0
23452,[0.90779076 0.61742276],2,-1,-1,1,-1
23453,[0.25054377 0.24409665],1,2,"[0.294379027732062, 0.1921773781634303]",0,0
23454,[0.75886075 0.67300718],2,0,"[0.7890750777399501, 0.6799557517006445]",1,-1
23455,[0.74106882 0.62378543],3,-1,-1,1,-1
23456,[0.79208439 0.75841611],2,-1,-1,1,-1
23457,[0.35093887 0.2134636 ],1,2,"[0.294379027732062, 0.1921773781634303]",0,0
23458,[0.77696867 0.59775064],2,-1,-1,1,-1
23459,[0.73010071 0.68307972],2,0,"[0.7890750777399501, 0.6799557517006445]",1,-1
23460,[0.2478556 0.112899 ],1,-1,-1,0,0
23461,[0.20805401 0.2115786 ],1,-1,-1,0,0
23462,[0.39288779 0.64342427],0,1,"[0.37965276877051146, 0.575157747726818]",1,-1
23463,[0.2920463  0.15376428],1,2,"[0.294379027732062, 0.1921773781634303]",0,0
23464,[0.82028141 0.60783274],2,-1,-1,1,-1
23465,[0.6437553 0.6545073],3,3,"[0.6601234827680622, 0.6109507568947781]",1,-1
23466,[0.24771025 0.2676099 ],1,-1,-1,0,0
23467,[0.32836204 0.1073766 ],1,-1,-1,0,0
23468,[0.81030459 0.70367823],2,0,"[0.7890750777399501, 0.6799557517006445]",1,-1
23469,[0.38437281 0.18748137],1,-1,-1,0,0
23470,[0.83346407 0.67256023],2,0,"[0.7890750777399501, 0.6799557517006445]",1,-1
23471,[0.35606238 0.65085198],0,-1,-1,1,-1
23472,[0.81227595 0.63897521],2,0,"[0.7890750777399501, 0.6799557517006445]",1,-1
23473,[0.33103003 0.55591333],0,1,"[0.37965276877051146, 0.575157747726818]",1,-1
23474,[0.22495808 0.20715643],1,-1,-1,0,0
23475,[0.74894354 0.68903492],2,0,"[0.7890750777399501, 0.6799557517006445]",1,-1
23476,[0.67316291 0.61885084],3,3,"[0.6601234827680622, 0.6109507568947781]",1,-1
23477,[0.76705989 0.59784889],3,-1,-1,1,-1
23478,[0.42355192 0.45090571],0,-1,-1,1,-1
23479,[0.41897561 0.6237286 ],0,1,"[0.37965276877051146, 0.575157747726818]",1,-1
23480,[0.36005299 0.55681695],0,1,"[0.37965276877051146, 0.575157747726818]",1,-1
23481,[0.34185058 0.22978797],1,2,"[0.294379027732062, 0.1921773781634303]",0,0
23482,[0.38609818 0.15566832],1,-1,-1,0,0
23483,[0.42668761 0.56436655],0,1,"[0.37965276877051146, 0.575157747726818]",1,-1
23484,[0.73687152 0.61870838],3,-1,-1,1,-1
23485,[0.33442692 0.21684248],1,2,"[0.294379027732062, 0.1921773781634303]",0,0
23486,[0.66044329 0.60439258],3,3,"[0.6601234827680622, 0.6109507568947781]",1,-1
23487,[0.36289075 0.22320858],1,-1,-1,0,0
23488,[0.25994858 0.07879112],1,-1,-1,0,0
23489,[0.30796892 0.18642466],1,2,"[0.294379027732062, 0.1921773781634303]",0,0
23490,[0.64442617 0.70378693],3,-1,-1,1,-1
23491,[0.3421196  0.51719487],0,1,"[0.37965276877051146, 0.575157747726818]",1,-1
23492,[0.73539013 0.63122319],2,-1,-1,1,-1
23493,[0.35985248 0.5915653 ],0,1,"[0.37965276877051146, 0.575157747726818]",1,-1
23494,[0.74386018 0.65513133],2,0,"[0.7890750777399501, 0.6799557517006445]",1,-1
23495,[0.29612542 0.20997261],1,2,"[0.294379027732062, 0.1921773781634303]",0,0
23496,[0.35142789 0.52972826],0,1,"[0.37965276877051146, 0.575157747726818]",1,-1
23497,[0.37862302 0.21054243],1,-1,-1,0,0
23498,[0.38326166 0.57041636],0,1,"[0.37965276877051146, 0.575157747726818]",1,-1
23499,[0.69877429 0.69761381],2,-1,-1,1,-1
23500,[0.54671603 0.59490349],3,-1,-1,1,-1
23501,[0.63731891 0.63657569],3,3,"[0.6601234827680622, 0.6109507568947781]",1,-1
23502,[0.33694782 0.27396676],1,-1,-1,0,0
23503,[0.62072171 0.60998857],3,3,"[0.6601234827680622, 0.6109507568947781]",1,-1
23504,[0.33453539 0.61938818],0,1,"[0.37965276877051146, 0.575157747726818]",1,-1
23505,[0.72722258 0.59298564],2,3,"[0.6601234827680622, 0.6109507568947781]",1,-1
23506,[0.75378543 0.60802295],2,-1,-1,1,-1
23507,[0.39037735 0.54669608],0,1,"[0.37965276877051146, 0.575157747726818]",1,-1
23508,[0.27849919 0.22310708],1,2,"[0.294379027732062, 0.1921773781634303]",0,0
23509,[0.36046633 0.59873904],0,1,"[0.37965276877051146, 0.575157747726818]",1,-1
23510,[0.65412226 0.64642629],3,3,"[0.6601234827680622, 0.6109507568947781]",1,-1
23511,[0.29140389 0.23027572],1,2,"[0.294379027732062, 0.1921773781634303]",0,0
23512,[0.38688271 0.54619359],0,1,"[0.37965276877051146, 0.575157747726818]",1,-1
23513,[0.47724198 0.56489244],0,-1,-1,1,-1
23514,[0.35838399 0.27688457],1,-1,-1,0,0
23515,[0.65022097 0.61405725],3,3,"[0.6601234827680622, 0.6109507568947781]",1,6
23516,[0.35647107 0.18213765],1,2,"[0.294379027732062, 0.1921773781634303]",0,0
23517,[0.37089881 0.56849957],0,1,"[0.37965276877051146, 0.575157747726818]",1,1
23518,[0.3763307 0.5044884],0,-1,-1,1,-1
23519,[0.33927255 0.21515364],1,2,"[0.294379027732062, 0.1921773781634303]",0,0
23520,[0.4117059  0.58103247],0,1,"[0.37965276877051146, 0.575157747726818]",1,2
23521,[0.72749703 0.69520583],2,0,"[0.7890750777399501, 0.6799557517006445]",1,-1
23522,[0.78940197 0.65014053],2,0,"[0.7890750777399501, 0.6799557517006445]",1,-1
23523,[0.7406892  0.65650324],2,0,"[0.7890750777399501, 0.6799557517006445]",1,-1
23524,[0.76008646 0.66041892],2,0,"[0.7890750777399501, 0.6799557517006445]",1,-1
23525,[0.35328568 0.59719036],0,1,"[0.37965276877051146, 0.575157747726818]",1,-1
23526,[0.29772709 0.49120899],0,-1,-1,1,-1
23527,[0.57347873 0.63497082],3,-1,-1,1,-1
23528,[0.39849594 0.48255934],0,-1,-1,1,-1
23529,[0.66008819 0.58077695],3,3,"[0.6601234827680622, 0.6109507568947781]",1,6
23530,[0.62332102 0.50939455],3,-1,-1,1,-1
23531,[0.33718444 0.58754844],0,1,"[0.37965276877051146, 0.575157747726818]",1,-1
23532,[0.32696171 0.58151362],0,1,"[0.37965276877051146, 0.575157747726818]",1,-1
23533,[0.22306591 0.19148585],1,-1,-1,0,0
23534,[0.39857392 0.57437012],0,1,"[0.37965276877051146, 0.575157747726818]",1,-1
23535,[0.83286526 0.65109702],2,0,"[0.7890750777399501, 0.6799557517006445]",1,-1
23536,[0.31413724 0.49337692],0,-1,-1,1,-1
23537,[0.67303138 0.64872301],2,3,"[0.6601234827680622, 0.6109507568947781]",1,-1
23538,[0.30747373 0.59226083],0,-1,-1,1,-1
23539,[0.37078083 0.51341803],0,1,"[0.37965276877051146, 0.575157747726818]",1,-1
23540,[0.75621418 0.70072094],2,0,"[0.7890750777399501, 0.6799557517006445]",1,-1
23541,[0.68872634 0.57590849],3,3,"[0.6601234827680622, 0.6109507568947781]",1,-1
23542,[0.19264705 0.17809938],1,-1,-1,0,0
23543,[0.36651195 0.61440903],0,1,"[0.37965276877051146, 0.575157747726818]",1,-1
23544,[0.31109925 0.18756058],1,2,"[0.294379027732062, 0.1921773781634303]",0,0
23545,[0.33126352 0.5385671 ],0,1,"[0.37965276877051146, 0.575157747726818]",1,-1
23546,[0.63921242 0.5679108 ],3,3,"[0.6601234827680622, 0.6109507568947781]",1,-1
23547,[0.65733257 0.65283936],3,3,"[0.6601234827680622, 0.6109507568947781]",1,-1
23548,[0.66061342 0.55734788],3,3,"[0.6601234827680622, 0.6109507568947781]",1,-1
23549,[0.81771287 0.64838164],2,0,"[0.7890750777399501, 0.6799557517006445]",1,-1
23550,[0.64598484 0.57139907],3,3,"[0.6601234827680622, 0.6109507568947781]",1,-1
23551,[0.41161215 0.49775838],0,-1,-1,1,-1
23552,[0.79192024 0.60611646],2,-1,-1,1,-1
23553,[0.34249415 0.58845367],0,1,"[0.37965276877051146, 0.575157747726818]",1,-1
23554,[0.42279749 0.52799751],0,1,"[0.37965276877051146, 0.575157747726818]",1,-1
23555,[0.30717163 0.20637364],1,2,"[0.294379027732062, 0.1921773781634303]",0,0
23556,[0.84465212 0.65022259],2,0,"[0.7890750777399501, 0.6799557517006445]",1,-1
23557,[0.37230133 0.61293688],0,1,"[0.37965276877051146, 0.575157747726818]",1,-1
23558,[0.42344812 0.64337438],0,-1,-1,1,-1
23559,[0.6120132  0.61517757],3,3,"[0.6601234827680622, 0.6109507568947781]",1,-1
23560,[0.67470076 0.54328855],3,3,"[0.6601234827680622, 0.6109507568947781]",1,-1
23561,[0.6823321  0.54671722],3,3,"[0.6601234827680622, 0.6109507568947781]",1,-1
23562,[0.46065583 0.58069043],0,-1,-1,1,-1
23563,[0.41256164 0.5339325 ],0,1,"[0.37965276877051146, 0.575157747726818]",1,-1
23564,[0.35919159 0.55026005],0,1,"[0.37965276877051146, 0.575157747726818]",1,-1
23565,[0.32772183 0.17561466],1,2,"[0.294379027732062, 0.1921773781634303]",0,0
23566,[0.27909344 0.17162131],1,2,"[0.294379027732062, 0.1921773781634303]",0,0
23567,[0.78512695 0.71565794],2,0,"[0.7890750777399501, 0.6799557517006445]",1,-1
23568,[0.28141686 0.16478129],1,2,"[0.294379027732062, 0.1921773781634303]",0,0
23569,[0.87296399 0.65939858],2,-1,-1,1,-1
23570,[0.38982768 0.5952257 ],0,1,"[0.37965276877051146, 0.575157747726818]",1,-1
23571,[0.41295648 0.56017024],0,1,"[0.37965276877051146, 0.575157747726818]",1,-1
23572,[0.8542125  0.70257121],2,0,"[0.7890750777399501, 0.6799557517006445]",1,-1
23573,[0.52200552 0.65126335],3,-1,-1,1,-1
23574,[0.37777533 0.51815184],0,1,"[0.37965276877051146, 0.575157747726818]",1,-1
23575,[0.7111039  0.58817364],3,3,"[0.6601234827680622, 0.6109507568947781]",1,-1
23576,[0.43346684 0.61149073],0,1,"[0.37965276877051146, 0.575157747726818]",1,-1
23577,[0.8988348  0.65146299],2,-1,-1,1,-1
23578,[0.73120179 0.59193181],3,-1,-1,1,-1
23579,[0.81030889 0.66746966],2,0,"[0.7890750777399501, 0.6799557517006445]",1,-1
23580,[0.72005431 0.64636429],2,3,"[0.6601234827680622, 0.6109507568947781]",1,-1
23581,[0.29432109 0.22473881],1,2,"[0.294379027732062, 0.1921773781634303]",0,0
23582,[0.77205264 0.6485746 ],2,0,"[0.7890750777399501, 0.6799557517006445]",1,-1
23583,[0.80981988 0.68761542],2,0,"[0.7890750777399501, 0.6799557517006445]",1,4
23584,[0.33246462 0.25184545],1,-1,-1,0,0
23585,[0.46261447 0.5636722 ],0,-1,-1,1,-1
23586,[0.74607045 0.58984223],3,-1,-1,1,-1
23587,[0.72622005 0.6219237 ],3,3,"[0.6601234827680622, 0.6109507568947781]",1,-1
23588,[0.24972514 0.52787064],0,-1,-1,1,-1
23589,[0.26083995 0.13197906],1,2,"[0.294379027732062, 0.1921773781634303]",0,0
23590,[0.65262434 0.64651413],3,3,"[0.6601234827680622, 0.6109507568947781]",1,-1
23591,[0.82259292 0.6905395 ],2,0,"[0.7890750777399501, 0.6799557517006445]",1,-1
23592,[0.75021166 0.58641877],2,-1,-1,1,-1
23593,[0.79930937 0.61904307],2,0,"[0.7890750777399501, 0.6799557517006445]",1,-1
23594,[0.66315338 0.59346836],3,3,"[0.6601234827680622, 0.6109507568947781]",1,-1
23595,[0.78247497 0.75939884],2,-1,-1,1,-1
23596,[0.38813602 0.53477439],0,1,"[0.37965276877051146, 0.575157747726818]",1,-1
23597,[0.71546559 0.65189169],2,3,"[0.6601234827680622, 0.6109507568947781]",1,-1
23598,[0.2435359  0.22171148],1,2,"[0.294379027732062, 0.1921773781634303]",0,0
23599,[0.26332252 0.16702955],1,2,"[0.294379027732062, 0.1921773781634303]",0,0
23600,[0.8073351  0.61836846],2,0,"[0.7890750777399501, 0.6799557517006445]",1,-1
23601,[0.28957891 0.20833998],1,2,"[0.294379027732062, 0.1921773781634303]",0,0
23602,[0.42465532 0.53165351],0,1,"[0.37965276877051146, 0.575157747726818]",1,-1
23603,[0.3797085  0.16588038],1,-1,-1,0,0
23604,[0.35278075 0.49633316],0,-1,-1,1,-1
23605,[0.85136845 0.76791226],2,-1,-1,1,-1
23606,[0.39826226 0.50395708],0,-1,-1,1,-1
23607,[0.37307971 0.1919613 ],1,-1,-1,0,0
23608,[0.36176221 0.65514735],0,-1,-1,1,-1
23609,[0.75634011 0.68255303],2,0,"[0.7890750777399501, 0.6799557517006445]",1,-1
23610,[0.73258796 0.73518738],2,-1,-1,1,-1
23611,[0.21579639 0.12251953],1,-1,-1,0,0
23612,[0.69679256 0.61786911],3,3,"[0.6601234827680622, 0.6109507568947781]",1,-1
23613,[0.22941837 0.25201212],1,-1,-1,0,0
23614,[0.90522059 0.59907525],2,-1,-1,1,-1
23615,[0.87074051 0.67951152],2,-1,-1,1,-1
23616,[0.62153168 0.64929907],3,3,"[0.6601234827680622, 0.6109507568947781]",1,-1
23617,[0.79215988 0.76714649],2,-1,-1,1,-1
23618,[0.34947763 0.25056524],1,-1,-1,0,0
23619,[0.3119596  0.15702294],1,2,"[0.294379027732062, 0.1921773781634303]",0,0
23620,[0.36246375 0.1244092 ],1,-1,-1,0,0
23621,[0.2729217  0.19245512],1,2,"[0.294379027732062, 0.1921773781634303]",0,0
23622,[0.26508104 0.11294387],1,-1,-1,0,0
23623,[0.75615934 0.7078799 ],2,0,"[0.7890750777399501, 0.6799557517006445]",1,-1
23624,[0.78901278 0.65931588],2,0,"[0.7890750777399501, 0.6799557517006445]",1,-1
23625,[0.37822638 0.18328433],1,-1,-1,0,0
23626,[0.62557039 0.61783094],3,3,"[0.6601234827680622, 0.6109507568947781]",1,-1
23627,[0.65201922 0.57120254],3,3,"[0.6601234827680622, 0.6109507568947781]",1,-1
23628,[0.81240689 0.72570412],2,0,"[0.7890750777399501, 0.6799557517006445]",1,-1
23629,[0.81828073 0.68689977],2,0,"[0.7890750777399501, 0.6799557517006445]",1,4
23630,[0.64772631 0.58888123],3,3,"[0.6601234827680622, 0.6109507568947781]",1,-1
23631,[0.38744874 0.55372186],0,1,"[0.37965276877051146, 0.575157747726818]",1,-1
23632,[0.58808087 0.54991982],3,-1,-1,1,-1
23633,[0.39877182 0.53605888],0,1,"[0.37965276877051146, 0.575157747726818]",1,-1
23634,[0.85103798 0.61947992],2,-1,-1,1,-1
23635,[0.22550646 0.23806202],1,-1,-1,0,0
23636,[0.3426366 0.5753062],0,1,"[0.37965276877051146, 0.575157747726818]",1,-1
23637,[0.31019366 0.16195123],1,2,"[0.294379027732062, 0.1921773781634303]",0,0
23638,[0.66912506 0.70358673],3,-1,-1,1,-1
23639,[0.35934351 0.62813092],0,1,"[0.37965276877051146, 0.575157747726818]",1,-1
23640,[0.59863375 0.59380031],3,3,"[0.6601234827680622, 0.6109507568947781]",1,-1
23641,[0.65746362 0.60605883],3,3,"[0.6601234827680622, 0.6109507568947781]",1,-1
23642,[0.67848619 0.6443578 ],3,3,"[0.6601234827680622, 0.6109507568947781]",1,-1
23643,[0.67972657 0.59640211],3,3,"[0.6601234827680622, 0.6109507568947781]",1,-1
23644,[0.73951106 0.6808925 ],3,0,"[0.7890750777399501, 0.6799557517006445]",1,-1
23645,[0.37969185 0.5790081 ],0,1,"[0.37965276877051146, 0.575157747726818]",1,-1
23646,[0.40355964 0.55251814],0,1,"[0.37965276877051146, 0.575157747726818]",1,-1
23647,[0.27003105 0.20931847],1,2,"[0.294379027732062, 0.1921773781634303]",0,0
23648,[0.30374699 0.24869495],1,2,"[0.294379027732062, 0.1921773781634303]",0,0
23649,[0.63836493 0.61771959],3,3,"[0.6601234827680622, 0.6109507568947781]",1,-1
23650,[0.7614459 0.6137539],2,-1,-1,1,-1
23651,[0.35028717 0.58944304],0,1,"[0.37965276877051146, 0.575157747726818]",1,-1
23652,[0.82478231 0.66622644],2,0,"[0.7890750777399501, 0.6799557517006445]",1,-1
23653,[0.68318144 0.62383297],3,3,"[0.6601234827680622, 0.6109507568947781]",1,7
23654,[0.7812282  0.78004745],2,-1,-1,1,-1
23655,[0.68916167 0.55553304],3,3,"[0.6601234827680622, 0.6109507568947781]",1,-1
23656,[0.84829324 0.75385965],2,-1,-1,1,-1
23657,[0.39574928 0.53358675],0,1,"[0.37965276877051146, 0.575157747726818]",1,-1
23658,[0.26184888 0.56557526],0,-1,-1,1,-1
23659,[0.84400317 0.6837837 ],2,0,"[0.7890750777399501, 0.6799557517006445]",1,-1
23660,[0.69265846 0.55121889],3,3,"[0.6601234827680622, 0.6109507568947781]",1,-1
23661,[0.7075652  0.56424333],3,3,"[0.6601234827680622, 0.6109507568947781]",1,-1
23662,[0.32020959 0.19599758],1,2,"[0.294379027732062, 0.1921773781634303]",0,0
23663,[0.66274856 0.56274467],3,3,"[0.6601234827680622, 0.6109507568947781]",1,-1
23664,[0.42738188 0.55677387],0,1,"[0.37965276877051146, 0.575157747726818]",1,-1
23665,[0.26948629 0.16175429],1,2,"[0.294379027732062, 0.1921773781634303]",0,0
23666,[0.25296511 0.1928079 ],1,2,"[0.294379027732062, 0.1921773781634303]",0,0
23667,[0.81517589 0.68266072],2,0,"[0.7890750777399501, 0.6799557517006445]",1,4
23668,[0.38191003 0.55904178],0,1,"[0.37965276877051146, 0.575157747726818]",1,-1
23669,[0.42811362 0.53366589],0,1,"[0.37965276877051146, 0.575157747726818]",1,-1
23670,[0.85432615 0.62127179],2,-1,-1,1,-1
23671,[0.71576062 0.61538961],3,3,"[0.6601234827680622, 0.6109507568947781]",1,-1
23672,[0.26235543 0.23746039],1,2,"[0.294379027732062, 0.1921773781634303]",0,0
23673,[0.82305069 0.68960689],2,0,"[0.7890750777399501, 0.6799557517006445]",1,-1
23674,[0.27971031 0.1411629 ],1,2,"[0.294379027732062, 0.1921773781634303]",0,0
23675,[0.35266827 0.5045542 ],0,-1,-1,1,-1
23676,[0.4297386  0.56946636],0,1,"[0.37965276877051146, 0.575157747726818]",1,-1
23677,[0.40375089 0.60243982],0,1,"[0.37965276877051146, 0.575157747726818]",1,-1
23678,[0.2854024  0.27868842],1,-1,-1,0,0
23679,[0.27377062 0.15444411],1,2,"[0.294379027732062, 0.1921773781634303]",0,0
23680,[0.29164776 0.22585758],1,2,"[0.294379027732062, 0.1921773781634303]",0,0
23681,[0.72246667 0.6443417 ],3,-1,-1,1,-1
23682,[0.35687536 0.67936634],0,-1,-1,1,-1
23683,[0.25539539 0.14686295],1,2,"[0.294379027732062, 0.1921773781634303]",0,0
23684,[0.70332786 0.67117123],3,-1,-1,1,-1
23685,[0.87832341 0.70617701],2,-1,-1,1,-1
23686,[0.23155657 0.21483631],1,2,"[0.294379027732062, 0.1921773781634303]",0,0
23687,[0.30340886 0.11425397],1,-1,-1,0,0
23688,[0.27130985 0.20791009],1,2,"[0.294379027732062, 0.1921773781634303]",0,0
23689,[0.74909844 0.67466942],2,0,"[0.7890750777399501, 0.6799557517006445]",1,-1
23690,[0.75453978 0.66613424],2,0,"[0.7890750777399501, 0.6799557517006445]",1,-1
23691,[0.74686923 0.68638643],2,0,"[0.7890750777399501, 0.6799557517006445]",1,-1
23692,[0.3149538 0.2090005],1,2,"[0.294379027732062, 0.1921773781634303]",0,0
23693,[0.7630141  0.65956953],2,0,"[0.7890750777399501, 0.6799557517006445]",1,-1
23694,[0.34374461 0.15624497],1,2,"[0.294379027732062, 0.1921773781634303]",0,0
23695,[0.66230836 0.59746304],3,3,"[0.6601234827680622, 0.6109507568947781]",1,6
23696,[0.33139009 0.21692712],1,2,"[0.294379027732062, 0.1921773781634303]",0,0
23697,[0.94103122 0.64105888],2,-1,-1,1,-1
23698,[0.83606347 0.7408367 ],2,-1,-1,1,-1
23699,[0.19201995 0.21313582],1,-1,-1,0,0
23700,[0.36700808 0.18946136],1,-1,-1,0,0
23701,[0.69001119 0.58242656],3,3,"[0.6601234827680622, 0.6109507568947781]",1,-1
23702,[0.37263373 0.63164303],0,1,"[0.37965276877051146, 0.575157747726818]",1,-1
23703,[0.66597246 0.58334317],3,3,"[0.6601234827680622, 0.6109507568947781]",1,-1
23704,[0.38577992 0.15192993],1,-1,-1,0,0
23705,[0.27135849 0.16747908],1,2,"[0.294379027732062, 0.1921773781634303]",0,0
23706,[0.28978713 0.52866984],0,-1,-1,1,-1
23707,[0.66087942 0.65189698],3,3,"[0.6601234827680622, 0.6109507568947781]",1,-1
23708,[0.78067458 0.68955941],2,0,"[0.7890750777399501, 0.6799557517006445]",1,-1
23709,[0.60713678 0.62269324],3,3,"[0.6601234827680622, 0.6109507568947781]",1,-1
23710,[0.73703182 0.6428398 ],2,0,"[0.7890750777399501, 0.6799557517006445]",1,-1
23711,[0.64205027 0.65530025],3,3,"[0.6601234827680622, 0.6109507568947781]",1,-1
23712,[0.68244004 0.62657316],3,3,"[0.6601234827680622, 0.6109507568947781]",1,7
23713,[0.77778497 0.64134087],2,0,"[0.7890750777399501, 0.6799557517006445]",1,-1
23714,[0.67194751 0.59557977],3,3,"[0.6601234827680622, 0.6109507568947781]",1,-1
23715,[0.76933937 0.64949466],3,0,"[0.7890750777399501, 0.6799557517006445]",1,-1
23716,[0.31133114 0.17732434],1,2,"[0.294379027732062, 0.1921773781634303]",0,0
23717,[0.67370812 0.62091883],3,3,"[0.6601234827680622, 0.6109507568947781]",1,-1
23718,[0.39443124 0.51764368],0,1,"[0.37965276877051146, 0.575157747726818]",1,-1
23719,[0.73402154 0.60986444],3,-1,-1,1,-1
23720,[0.84488819 0.68698676],2,0,"[0.7890750777399501, 0.6799557517006445]",1,-1
23721,[0.28619249 0.50869466],0,-1,-1,1,-1
23722,[0.70214199 0.60027255],3,3,"[0.6601234827680622, 0.6109507568947781]",1,-1
23723,[0.85962161 0.63369217],2,-1,-1,1,-1
23724,[0.35369601 0.56569911],0,1,"[0.37965276877051146, 0.575157747726818]",1,-1
23725,[0.3756214  0.61071196],0,1,"[0.37965276877051146, 0.575157747726818]",1,-1
23726,[0.60035179 0.63153683],3,3,"[0.6601234827680622, 0.6109507568947781]",1,-1
23727,[0.19968135 0.15829195],1,-1,-1,0,0
23728,[0.3554106  0.50618649],0,-1,-1,1,-1
23729,[0.41533994 0.61170075],0,1,"[0.37965276877051146, 0.575157747726818]",1,-1
23730,[0.23373966 0.24493749],1,-1,-1,0,0
23731,[0.35795466 0.67050911],0,-1,-1,1,-1
23732,[0.44337075 0.56859789],0,1,"[0.37965276877051146, 0.575157747726818]",1,-1
23733,[0.44934621 0.53565991],0,-1,-1,1,-1
23734,[0.65891132 0.62567403],3,3,"[0.6601234827680622, 0.6109507568947781]",1,-1
23735,[0.29235906 0.14572192],1,2,"[0.294379027732062, 0.1921773781634303]",0,0
23736,[0.32603638 0.5778459 ],0,1,"[0.37965276877051146, 0.575157747726818]",1,-1
23737,[0.45934659 0.51694832],0,-1,-1,1,-1
23738,[0.78476486 0.61844539],3,0,"[0.7890750777399501, 0.6799557517006445]",1,-1
23739,[0.30671091 0.13366628],1,2,"[0.294379027732062, 0.1921773781634303]",0,0
23740,[0.38275594 0.47683411],0,-1,-1,1,-1
23741,[0.55964802 0.6758086 ],3,-1,-1,1,-1
23742,[0.21607853 0.22359965],1,-1,-1,0,0
23743,[0.77775699 0.69122595],2,0,"[0.7890750777399501, 0.6799557517006445]",1,-1
23744,[0.30124483 0.1423375 ],1,2,"[0.294379027732062, 0.1921773781634303]",0,0
23745,[0.33827704 0.53587562],0,1,"[0.37965276877051146, 0.575157747726818]",1,-1
23746,[0.43317226 0.59461147],0,1,"[0.37965276877051146, 0.575157747726818]",1,-1
23747,[0.71745222 0.63465169],3,3,"[0.6601234827680622, 0.6109507568947781]",1,-1
23748,[0.36380854 0.5348274 ],0,1,"[0.37965276877051146, 0.575157747726818]",1,-1
23749,[0.67972374 0.60555784],3,3,"[0.6601234827680622, 0.6109507568947781]",1,5
23750,[0.30244372 0.16113769],1,2,"[0.294379027732062, 0.1921773781634303]",0,0
23751,[0.41957762 0.61691845],0,1,"[0.37965276877051146, 0.575157747726818]",1,-1
23752,[0.67500361 0.5745864 ],3,3,"[0.6601234827680622, 0.6109507568947781]",1,-1
23753,[0.24482314 0.28338544],1,-1,-1,0,0
23754,[0.81104118 0.66547941],2,0,"[0.7890750777399501, 0.6799557517006445]",1,-1
23755,[0.7063514 0.6739504],3,-1,-1,1,-1
23756,[0.45232912 0.55323685],0,-1,-1,1,-1
23757,[0.75397168 0.57361802],2,-1,-1,1,-1
23758,[0.28808582 0.21594349],1,2,"[0.294379027732062, 0.1921773781634303]",0,0
23759,[0.59810974 0.56243205],3,-1,-1,1,-1
23760,[0.40927443 0.61842227],0,1,"[0.37965276877051146, 0.575157747726818]",1,-1
23761,[0.30311675 0.2067514 ],1,2,"[0.294379027732062, 0.1921773781634303]",0,0
23762,[0.30025056 0.57499705],0,-1,-1,1,-1
23763,[0.36071083 0.55478327],0,1,"[0.37965276877051146, 0.575157747726818]",1,-1
23764,[0.28754718 0.13648456],1,2,"[0.294379027732062, 0.1921773781634303]",0,0
23765,[0.43054288 0.55281104],0,1,"[0.37965276877051146, 0.575157747726818]",1,-1
23766,[0.6976793  0.57060809],3,3,"[0.6601234827680622, 0.6109507568947781]",1,-1
23767,[0.60568875 0.53639435],3,-1,-1,1,-1
23768,[0.70564006 0.63775426],3,3,"[0.6601234827680622, 0.6109507568947781]",1,-1
23769,[0.37268531 0.62227987],0,1,"[0.37965276877051146, 0.575157747726818]",1,-1
23770,[0.37447169 0.51912261],0,1,"[0.37965276877051146, 0.575157747726818]",1,-1
23771,[0.34928829 0.15918256],1,2,"[0.294379027732062, 0.1921773781634303]",0,0
23772,[0.80454134 0.69037744],2,0,"[0.7890750777399501, 0.6799557517006445]",1,-1
23773,[0.38926915 0.5304269 ],0,1,"[0.37965276877051146, 0.575157747726818]",1,-1
23774,[0.22410469 0.18135858],1,-1,-1,0,0
23775,[0.25761328 0.1588459 ],1,2,"[0.294379027732062, 0.1921773781634303]",0,0
23776,[0.75077401 0.70060798],2,0,"[0.7890750777399501, 0.6799557517006445]",1,-1
23777,[0.84425256 0.66155234],2,0,"[0.7890750777399501, 0.6799557517006445]",1,-1
23778,[0.43206139 0.55369749],0,1,"[0.37965276877051146, 0.575157747726818]",1,-1
23779,[0.65656752 0.64225129],3,3,"[0.6601234827680622, 0.6109507568947781]",1,-1
23780,[0.81496738 0.69001178],2,0,"[0.7890750777399501, 0.6799557517006445]",1,4
23781,[0.7633274 0.6914282],2,0,"[0.7890750777399501, 0.6799557517006445]",1,-1
23782,[0.7363837  0.70993506],3,0,"[0.7890750777399501, 0.6799557517006445]",1,-1
23783,[0.77835642 0.66869689],2,0,"[0.7890750777399501, 0.6799557517006445]",1,3
23784,[0.77625996 0.60295152],2,-1,-1,1,-1
23785,[0.40891607 0.57873082],0,1,"[0.37965276877051146, 0.575157747726818]",1,-1
23786,[0.31819182 0.15693937],1,2,"[0.294379027732062, 0.1921773781634303]",0,0
23787,[0.72988503 0.67930183],2,0,"[0.7890750777399501, 0.6799557517006445]",1,-1
23788,[0.37140607 0.49089921],0,-1,-1,1,-1
23789,[0.33168542 0.21905626],1,2,"[0.294379027732062, 0.1921773781634303]",0,0
23790,[0.35330995 0.17329712],1,2,"[0.294379027732062, 0.1921773781634303]",0,0
23791,[0.41122884 0.59380078],0,1,"[0.37965276877051146, 0.575157747726818]",1,-1
23792,[0.30398122 0.14398441],1,2,"[0.294379027732062, 0.1921773781634303]",0,0
23793,[0.66299553 0.62681476],3,3,"[0.6601234827680622, 0.6109507568947781]",1,7
23794,[0.72603423 0.63056833],3,3,"[0.6601234827680622, 0.6109507568947781]",1,-1
23795,[0.81123848 0.73436823],2,0,"[0.7890750777399501, 0.6799557517006445]",1,-1
23796,[0.65901021 0.62742198],3,3,"[0.6601234827680622, 0.6109507568947781]",1,-1
23797,[0.77090965 0.72011215],2,0,"[0.7890750777399501, 0.6799557517006445]",1,-1
23798,[0.83905644 0.69935243],2,0,"[0.7890750777399501, 0.6799557517006445]",1,-1
23799,[0.28335884 0.17660103],1,2,"[0.294379027732062, 0.1921773781634303]",0,0
23800,[0.43014517 0.6206106 ],0,1,"[0.37965276877051146, 0.575157747726818]",1,-1
23801,[0.57070666 0.66860389],3,-1,-1,1,-1
23802,[0.68024596 0.50540625],3,-1,-1,1,-1
23803,[0.80678877 0.67397896],2,0,"[0.7890750777399501, 0.6799557517006445]",1,4
23804,[0.75137353 0.69310961],2,0,"[0.7890750777399501, 0.6799557517006445]",1,-1
23805,[0.81176662 0.70667215],2,0,"[0.7890750777399501, 0.6799557517006445]",1,-1
23806,[0.6172094  0.61539549],3,3,"[0.6601234827680622, 0.6109507568947781]",1,-1
23807,[0.45445861 0.6335922 ],0,-1,-1,1,-1
23808,[0.41808993 0.55469885],0,1,"[0.37965276877051146, 0.575157747726818]",1,-1
23809,[0.25165902 0.19647717],1,2,"[0.294379027732062, 0.1921773781634303]",0,0
23810,[0.5371121  0.58468488],3,-1,-1,1,-1
23811,[0.82957522 0.65761267],2,0,"[0.7890750777399501, 0.6799557517006445]",1,-1
23812,[0.25104705 0.17371753],1,2,"[0.294379027732062, 0.1921773781634303]",0,0
23813,[0.32538472 0.6300569 ],0,-1,-1,1,-1
23814,[0.77947904 0.71630883],2,0,"[0.7890750777399501, 0.6799557517006445]",1,-1
23815,[0.41278593 0.49548269],0,-1,-1,1,-1
23816,[0.89217473 0.72706959],2,-1,-1,1,-1
23817,[0.70425189 0.63242723],3,3,"[0.6601234827680622, 0.6109507568947781]",1,-1
23818,[0.42307255 0.56837673],0,1,"[0.37965276877051146, 0.575157747726818]",1,-1
23819,[0.64756223 0.57563459],3,3,"[0.6601234827680622, 0.6109507568947781]",1,-1
23820,[0.88494228 0.70176371],2,-1,-1,1,-1
23821,[0.30433252 0.17433416],1,2,"[0.294379027732062, 0.1921773781634303]",0,0
23822,[0.54639187 0.62117151],0,-1,-1,1,-1
23823,[0.41862423 0.543795  ],0,1,"[0.37965276877051146, 0.575157747726818]",1,-1
23824,[0.39825811 0.62693706],0,1,"[0.37965276877051146, 0.575157747726818]",1,-1
23825,[0.7127329  0.57830875],3,3,"[0.6601234827680622, 0.6109507568947781]",1,-1
23826,[0.81659069 0.68837731],2,0,"[0.7890750777399501, 0.6799557517006445]",1,4
23827,[0.26031879 0.11035114],1,-1,-1,0,0
23828,[0.3887991  0.55805985],0,1,"[0.37965276877051146, 0.575157747726818]",1,-1
23829,[0.38283948 0.60686457],0,1,"[0.37965276877051146, 0.575157747726818]",1,-1
23830,[0.38259071 0.48845577],0,-1,-1,1,-1
23831,[0.74096442 0.65073536],2,0,"[0.7890750777399501, 0.6799557517006445]",1,-1
23832,[0.23975565 0.26868324],1,-1,-1,0,0
23833,[0.38218316 0.55534703],0,1,"[0.37965276877051146, 0.575157747726818]",1,-1
23834,[0.37226396 0.15897396],1,-1,-1,0,0
23835,[0.68859417 0.5825728 ],3,3,"[0.6601234827680622, 0.6109507568947781]",1,-1
23836,[0.35693628 0.20977317],1,2,"[0.294379027732062, 0.1921773781634303]",0,0
23837,[0.21505413 0.17817799],1,-1,-1,0,0
23838,[0.43420713 0.58713946],0,1,"[0.37965276877051146, 0.575157747726818]",1,-1
23839,[0.25247205 0.23646569],1,2,"[0.294379027732062, 0.1921773781634303]",0,0
23840,[0.26580947 0.18124584],1,2,"[0.294379027732062, 0.1921773781634303]",0,0
23841,[0.27937226 0.26954868],1,-1,-1,0,0
23842,[0.19497988 0.20746577],1,-1,-1,0,0
23843,[0.79235641 0.68300472],2,0,"[0.7890750777399501, 0.6799557517006445]",1,-1
23844,[0.81483628 0.73728134],2,0,"[0.7890750777399501, 0.6799557517006445]",1,-1
23845,[0.33942403 0.26409695],1,-1,-1,0,0
23846,[0.60772826 0.6491549 ],3,3,"[0.6601234827680622, 0.6109507568947781]",1,-1
23847,[0.73119141 0.53927714],3,-1,-1,1,-1
23848,[0.18844443 0.21326927],1,-1,-1,0,0
23849,[0.44591952 0.55056122],0,-1,-1,1,-1
23850,[0.27477425 0.30351693],1,-1,-1,0,0
23851,[0.77458428 0.65354215],2,0,"[0.7890750777399501, 0.6799557517006445]",1,3
23852,[0.67926969 0.62455318],3,3,"[0.6601234827680622, 0.6109507568947781]",1,-1
23853,[0.75917948 0.6852079 ],2,0,"[0.7890750777399501, 0.6799557517006445]",1,-1
23854,[0.38626443 0.60010922],0,1,"[0.37965276877051146, 0.575157747726818]",1,-1
23855,[0.30711628 0.14200394],1,2,"[0.294379027732062, 0.1921773781634303]",0,0
23856,[0.92885113 0.71162841],2,-1,-1,1,-1
23857,[0.66880488 0.68988023],3,-1,-1,1,-1
23858,[0.67697665 0.53712098],3,-1,-1,1,-1
23859,[0.60861328 0.64272027],3,3,"[0.6601234827680622, 0.6109507568947781]",1,-1
23860,[0.43509545 0.14889837],1,-1,-1,0,0
23861,[0.42774618 0.18982996],1,-1,-1,0,0
23862,[0.32669971 0.53727438],0,1,"[0.37965276877051146, 0.575157747726818]",1,-1
23863,[0.75036469 0.59494754],3,-1,-1,1,-1
23864,[0.68814024 0.6758383 ],2,-1,-1,1,-1
23865,[0.47470587 0.62017458],0,-1,-1,1,-1
23866,[0.64140329 0.5492188 ],3,3,"[0.6601234827680622, 0.6109507568947781]",1,-1
23867,[0.80860669 0.6638849 ],2,0,"[0.7890750777399501, 0.6799557517006445]",1,-1
23868,[0.73483296 0.69705564],2,0,"[0.7890750777399501, 0.6799557517006445]",1,-1
23869,[0.4212764 0.5766063],0,1,"[0.37965276877051146, 0.575157747726818]",1,-1
23870,[0.35436337 0.28844631],1,-1,-1,0,0
23871,[0.52517777 0.66344942],3,-1,-1,1,-1
23872,[0.47028237 0.6038514 ],0,-1,-1,1,-1
23873,[0.46590782 0.67369849],0,-1,-1,1,-1
23874,[0.32038675 0.21171905],1,2,"[0.294379027732062, 0.1921773781634303]",0,0
23875,[0.43738084 0.52154645],0,-1,-1,1,-1
23876,[0.64244686 0.67220884],3,3,"[0.6601234827680622, 0.6109507568947781]",1,-1
23877,[0.36159847 0.09684406],1,-1,-1,0,0
23878,[0.25483112 0.18272577],1,2,"[0.294379027732062, 0.1921773781634303]",0,0
23879,[0.35441212 0.46617718],0,-1,-1,1,-1
23880,[0.89797922 0.70620406],2,-1,-1,1,-1
23881,[0.74155772 0.74549919],2,-1,-1,1,-1
23882,[0.27213406 0.07841074],1,-1,-1,0,0
23883,[0.37441906 0.16561364],1,-1,-1,0,0
23884,[0.62687441 0.63115449],3,3,"[0.6601234827680622, 0.6109507568947781]",1,-1
23885,[0.43887361 0.60017121],0,1,"[0.37965276877051146, 0.575157747726818]",1,-1
23886,[0.34901348 0.1660935 ],1,2,"[0.294379027732062, 0.1921773781634303]",0,0
23887,[0.70496841 0.70869654],2,-1,-1,1,-1
23888,[0.26409968 0.11602663],1,-1,-1,0,0
23889,[0.22580923 0.19847321],1,2,"[0.294379027732062, 0.1921773781634303]",0,0
23890,[0.74898887 0.73255736],2,0,"[0.7890750777399501, 0.6799557517006445]",1,-1
23891,[0.80512665 0.70220994],2,0,"[0.7890750777399501, 0.6799557517006445]",1,-1
23892,[0.82395212 0.67889589],2,0,"[0.7890750777399501, 0.6799557517006445]",1,-1
23893,[0.75095525 0.6423815 ],3,0,"[0.7890750777399501, 0.6799557517006445]",1,-1
23894,[0.50209331 0.50905059],0,-1,-1,1,-1
23895,[0.85694415 0.66687446],2,0,"[0.7890750777399501, 0.6799557517006445]",1,-1
23896,[0.28666953 0.17910678],1,2,"[0.294379027732062, 0.1921773781634303]",0,0
23897,[0.31276863 0.14296668],1,2,"[0.294379027732062, 0.1921773781634303]",0,0
23898,[0.7952305  0.67924672],2,0,"[0.7890750777399501, 0.6799557517006445]",1,-1
23899,[0.86166709 0.65203637],2,-1,-1,1,-1
23900,[0.37148305 0.63257241],0,1,"[0.37965276877051146, 0.575157747726818]",1,-1
23901,[0.2424265  0.53615878],0,-1,-1,1,-1
23902,[0.81083013 0.66150737],2,0,"[0.7890750777399501, 0.6799557517006445]",1,-1
23903,[0.37276098 0.57753647],0,1,"[0.37965276877051146, 0.575157747726818]",1,1
23904,[0.6368212  0.57260233],3,3,"[0.6601234827680622, 0.6109507568947781]",1,-1
23905,[0.25818796 0.12128074],1,-1,-1,0,0
23906,[0.30226782 0.27286534],1,-1,-1,0,0
23907,[0.66124921 0.64025097],3,3,"[0.6601234827680622, 0.6109507568947781]",1,-1
23908,[0.61777212 0.64967671],3,3,"[0.6601234827680622, 0.6109507568947781]",1,-1
23909,[0.36688234 0.22033495],1,-1,-1,0,0
23910,[0.41023343 0.56765574],0,1,"[0.37965276877051146, 0.575157747726818]",1,2
23911,[0.25332766 0.174528  ],1,2,"[0.294379027732062, 0.1921773781634303]",0,0
23912,[0.78621866 0.7531433 ],2,-1,-1,1,-1
23913,[0.36192323 0.53963258],0,1,"[0.37965276877051146, 0.575157747726818]",1,-1
23914,[0.22838479 0.24478433],1,-1,-1,0,0
23915,[0.74299596 0.6129685 ],3,-1,-1,1,-1
23916,[0.79898366 0.69472938],2,0,"[0.7890750777399501, 0.6799557517006445]",1,-1
23917,[0.32847249 0.27091051],1,-1,-1,0,0
23918,[0.85913729 0.73398139],2,-1,-1,1,-1
23919,[0.29011118 0.62093998],0,-1,-1,1,-1
23920,[0.33953363 0.54965295],0,1,"[0.37965276877051146, 0.575157747726818]",1,-1
23921,[0.37847779 0.56815159],0,1,"[0.37965276877051146, 0.575157747726818]",1,-1
23922,[0.38025967 0.59101542],0,1,"[0.37965276877051146, 0.575157747726818]",1,-1
23923,[0.22398665 0.24296629],1,-1,-1,0,0
23924,[0.37757486 0.13276196],1,-1,-1,0,0
23925,[0.42954554 0.50471245],0,-1,-1,1,-1
23926,[0.82647181 0.64630995],2,0,"[0.7890750777399501, 0.6799557517006445]",1,-1
23927,[0.43062702 0.59987451],0,1,"[0.37965276877051146, 0.575157747726818]",1,-1
23928,[0.25556367 0.2056585 ],1,2,"[0.294379027732062, 0.1921773781634303]",0,0
23929,[0.83571783 0.64310871],2,0,"[0.7890750777399501, 0.6799557517006445]",1,-1
23930,[0.67265472 0.6087111 ],3,3,"[0.6601234827680622, 0.6109507568947781]",1,-1
23931,[0.39597686 0.55334673],0,1,"[0.37965276877051146, 0.575157747726818]",1,-1
23932,[0.70583289 0.62448102],3,3,"[0.6601234827680622, 0.6109507568947781]",1,-1
23933,[0.32515126 0.13090172],1,2,"[0.294379027732062, 0.1921773781634303]",0,0
23934,[0.15831086 0.12060139],1,-1,-1,0,0
23935,[0.77193889 0.57888692],2,-1,-1,1,-1
23936,[0.42621447 0.20407113],1,-1,-1,0,0
23937,[0.25957923 0.14825709],1,2,"[0.294379027732062, 0.1921773781634303]",0,0
23938,[0.71418812 0.620805  ],3,3,"[0.6601234827680622, 0.6109507568947781]",1,-1
23939,[0.34094699 0.2617101 ],1,-1,-1,0,0
23940,[0.39778506 0.55865684],0,1,"[0.37965276877051146, 0.575157747726818]",1,-1
23941,[0.41708481 0.53796571],0,1,"[0.37965276877051146, 0.575157747726818]",1,-1
23942,[0.76068395 0.75874073],2,-1,-1,1,-1
23943,[0.25428078 0.15212638],1,2,"[0.294379027732062, 0.1921773781634303]",0,0
23944,[0.64829182 0.59718352],3,3,"[0.6601234827680622, 0.6109507568947781]",1,-1
23945,[0.31535308 0.55903633],0,1,"[0.37965276877051146, 0.575157747726818]",1,-1
23946,[0.33938281 0.09080503],1,-1,-1,0,0
23947,[0.81528044 0.68922216],2,0,"[0.7890750777399501, 0.6799557517006445]",1,4
23948,[0.64643723 0.64739331],3,3,"[0.6601234827680622, 0.6109507568947781]",1,-1
23949,[0.38007987 0.60266292],0,1,"[0.37965276877051146, 0.575157747726818]",1,-1
23950,[0.33473503 0.23723687],1,2,"[0.294379027732062, 0.1921773781634303]",0,0
23951,[0.75051542 0.73465047],2,0,"[0.7890750777399501, 0.6799557517006445]",1,-1
23952,[0.30606628 0.46281153],0,-1,-1,1,-1
23953,[0.24987252 0.16917175],1,2,"[0.294379027732062, 0.1921773781634303]",0,0
23954,[0.29208005 0.24113208],1,2,"[0.294379027732062, 0.1921773781634303]",0,0
23955,[0.78477094 0.70264537],2,0,"[0.7890750777399501, 0.6799557517006445]",1,-1
23956,[0.72497366 0.59855832],2,3,"[0.6601234827680622, 0.6109507568947781]",1,-1
23957,[0.32031119 0.20124804],1,2,"[0.294379027732062, 0.1921773781634303]",0,0
23958,[0.62685846 0.57077251],3,3,"[0.6601234827680622, 0.6109507568947781]",1,-1
23959,[0.80569353 0.69142655],2,0,"[0.7890750777399501, 0.6799557517006445]",1,-1
23960,[0.66804767 0.59411435],2,3,"[0.6601234827680622, 0.6109507568947781]",1,-1
23961,[0.78171897 0.67531006],2,0,"[0.7890750777399501, 0.6799557517006445]",1,4
23962,[0.29696857 0.16738324],1,2,"[0.294379027732062, 0.1921773781634303]",0,0
23963,[0.24006202 0.28812892],1,-1,-1,0,0
23964,[0.63035362 0.6635069 ],3,3,"[0.6601234827680622, 0.6109507568947781]",1,-1
23965,[0.61011707 0.66370513],3,-1,-1,1,-1
23966,[0.79648532 0.67761704],2,0,"[0.7890750777399501, 0.6799557517006445]",1,-1
23967,[0.20510337 0.17710782],1,-1,-1,0,0
23968,[0.2179032  0.18803022],1,-1,-1,0,0
23969,[0.75746078 0.56746695],2,-1,-1,1,-1
23970,[0.73111606 0.67556536],2,0,"[0.7890750777399501, 0.6799557517006445]",1,-1
23971,[0.37613016 0.58412608],0,1,"[0.37965276877051146, 0.575157747726818]",1,1
23972,[0.25860652 0.21535857],1,2,"[0.294379027732062, 0.1921773781634303]",0,0
23973,[0.37613722 0.6035565 ],0,1,"[0.37965276877051146, 0.575157747726818]",1,-1
23974,[0.39659899 0.12829106],1,-1,-1,0,0
23975,[0.81502956 0.69672094],2,0,"[0.7890750777399501, 0.6799557517006445]",1,-1
23976,[0.22413933 0.19257399],1,-1,-1,0,0
23977,[0.55049215 0.64318454],3,-1,-1,1,-1
23978,[0.69486954 0.59640694],3,3,"[0.6601234827680622, 0.6109507568947781]",1,-1
23979,[0.71065351 0.70676135],3,-1,-1,1,-1
23980,[0.71663837 0.67332206],2,-1,-1,1,-1
23981,[0.37525438 0.57272057],0,1,"[0.37965276877051146, 0.575157747726818]",1,1
23982,[0.30830797 0.22692265],1,2,"[0.294379027732062, 0.1921773781634303]",0,0
23983,[0.56796356 0.63213306],3,-1,-1,1,-1
23984,[0.34866104 0.06443008],1,-1,-1,0,0
23985,[0.33134862 0.50409511],0,-1,-1,1,-1
23986,[0.69165453 0.64394201],3,3,"[0.6601234827680622, 0.6109507568947781]",1,-1
23987,[0.83293524 0.74463587],2,-1,-1,1,-1
23988,[0.65178572 0.58983331],3,3,"[0.6601234827680622, 0.6109507568947781]",1,-1
23989,[0.81666886 0.73448716],2,0,"[0.7890750777399501, 0.6799557517006445]",1,-1
23990,[0.62493952 0.5825024 ],3,3,"[0.6601234827680622, 0.6109507568947781]",1,-1
23991,[0.76773885 0.67942512],3,0,"[0.7890750777399501, 0.6799557517006445]",1,4
23992,[0.69604576 0.5817083 ],3,3,"[0.6601234827680622, 0.6109507568947781]",1,-1
23993,[0.61285372 0.65549001],3,3,"[0.6601234827680622, 0.6109507568947781]",1,-1
23994,[0.67145384 0.5998987 ],3,3,"[0.6601234827680622, 0.6109507568947781]",1,-1
23995,[0.33033499 0.68811462],0,-1,-1,1,-1
23996,[0.36391222 0.6381981 ],0,1,"[0.37965276877051146, 0.575157747726818]",1,-1
23997,[0.40390379 0.55503652],0,1,"[0.37965276877051146, 0.575157747726818]",1,-1
23998,[0.60937857 0.64724543],3,3,"[0.6601234827680622, 0.6109507568947781]",1,-1
23999,[0.84848844 0.74039476],2,-1,-1,1,-1
24000,[0.72437435 0.64627456],3,-1,-1,1,-1
24001,[0.83780463 0.66877085],2,0,"[0.7890750777399501, 0.6799557517006445]",1,-1
24002,[0.78372855 0.66499229],2,0,"[0.7890750777399501, 0.6799557517006445]",1,-1
24003,[0.45520205 0.56373665],0,-1,-1,1,-1
24004,[0.59014262 0.59517865],3,-1,-1,1,-1
24005,[0.6858634  0.69802301],3,-1,-1,1,-1
24006,[0.73310569 0.60684332],3,-1,-1,1,-1
24007,[0.3723121  0.52004553],0,1,"[0.37965276877051146, 0.575157747726818]",1,-1
24008,[0.66363082 0.51391434],3,-1,-1,1,-1
24009,[0.60132223 0.63430695],3,3,"[0.6601234827680622, 0.6109507568947781]",1,-1
24010,[0.82471344 0.70823644],2,0,"[0.7890750777399501, 0.6799557517006445]",1,-1
24011,[0.66263282 0.68969409],2,-1,-1,1,-1
24012,[0.34432422 0.53277417],0,1,"[0.37965276877051146, 0.575157747726818]",1,-1
24013,[0.61201624 0.49697734],3,-1,-1,1,-1
24014,[0.67524886 0.64539758],2,3,"[0.6601234827680622, 0.6109507568947781]",1,-1
24015,[0.77356591 0.6235059 ],2,0,"[0.7890750777399501, 0.6799557517006445]",1,-1
24016,[0.30695786 0.17928678],1,2,"[0.294379027732062, 0.1921773781634303]",0,0
24017,[0.66014361 0.60182682],3,3,"[0.6601234827680622, 0.6109507568947781]",1,-1
24018,[0.24224172 0.16558526],1,2,"[0.294379027732062, 0.1921773781634303]",0,0
24019,[0.76182487 0.66596639],2,0,"[0.7890750777399501, 0.6799557517006445]",1,-1
24020,[0.36446098 0.59093983],0,1,"[0.37965276877051146, 0.575157747726818]",1,-1
24021,[0.22837728 0.20244419],1,2,"[0.294379027732062, 0.1921773781634303]",0,0
24022,[0.38696287 0.56684031],0,1,"[0.37965276877051146, 0.575157747726818]",1,-1
24023,[0.26859706 0.18202758],1,2,"[0.294379027732062, 0.1921773781634303]",0,0
24024,[0.267517   0.24495994],1,2,"[0.294379027732062, 0.1921773781634303]",0,0
24025,[0.59407455 0.6824971 ],3,-1,-1,1,-1
24026,[0.76068554 0.68309061],2,0,"[0.7890750777399501, 0.6799557517006445]",1,-1
24027,[0.80115982 0.58784967],2,-1,-1,1,-1
24028,[0.58835599 0.54874241],3,-1,-1,1,-1
24029,[0.28095423 0.15293117],1,2,"[0.294379027732062, 0.1921773781634303]",0,0
24030,[0.32250743 0.52586035],0,-1,-1,1,-1
24031,[0.25289179 0.24017367],1,2,"[0.294379027732062, 0.1921773781634303]",0,0
24032,[0.35382685 0.59836388],0,1,"[0.37965276877051146, 0.575157747726818]",1,-1
24033,[0.75384722 0.59547077],2,-1,-1,1,-1
24034,[0.68229431 0.79410831],3,-1,-1,1,-1
24035,[0.7718934  0.68120682],2,0,"[0.7890750777399501, 0.6799557517006445]",1,-1
24036,[0.31961775 0.29213733],1,-1,-1,0,0
24037,[0.35783941 0.59427204],0,1,"[0.37965276877051146, 0.575157747726818]",1,-1
24038,[0.81867257 0.68650246],2,0,"[0.7890750777399501, 0.6799557517006445]",1,4
24039,[0.70435027 0.55384158],3,-1,-1,1,-1
24040,[0.25642018 0.12758449],1,-1,-1,0,0
24041,[0.3827715  0.61020261],0,1,"[0.37965276877051146, 0.575157747726818]",1,-1
24042,[0.39233394 0.60831711],0,1,"[0.37965276877051146, 0.575157747726818]",1,-1
24043,[0.24357922 0.22544097],1,2,"[0.294379027732062, 0.1921773781634303]",0,0
24044,[0.27115249 0.19375948],1,2,"[0.294379027732062, 0.1921773781634303]",0,0
24045,[0.38114259 0.60709225],0,1,"[0.37965276877051146, 0.575157747726818]",1,-1
24046,[0.6562543  0.64228938],3,3,"[0.6601234827680622, 0.6109507568947781]",1,-1
24047,[0.31599686 0.21307441],1,2,"[0.294379027732062, 0.1921773781634303]",0,0
24048,[0.40521281 0.2314411 ],1,-1,-1,0,0
24049,[0.32228656 0.54456676],0,1,"[0.37965276877051146, 0.575157747726818]",1,-1
24050,[0.41677434 0.18485495],1,-1,-1,0,0
24051,[0.59797283 0.60390364],3,3,"[0.6601234827680622, 0.6109507568947781]",1,-1
24052,[0.38059963 0.52595439],0,1,"[0.37965276877051146, 0.575157747726818]",1,-1
24053,[0.3844188 0.5525247],0,1,"[0.37965276877051146, 0.575157747726818]",1,-1
24054,[0.3340192 0.1749176],1,2,"[0.294379027732062, 0.1921773781634303]",0,0
24055,[0.40715911 0.63996855],0,-1,-1,1,-1
24056,[0.82707687 0.64568437],2,0,"[0.7890750777399501, 0.6799557517006445]",1,-1
24057,[0.30882891 0.54267463],0,-1,-1,1,-1
24058,[0.67993596 0.53677015],3,-1,-1,1,-1
24059,[0.32662738 0.50529028],0,-1,-1,1,-1
24060,[0.85314551 0.64718056],2,-1,-1,1,-1
24061,[0.27439136 0.23289904],1,2,"[0.294379027732062, 0.1921773781634303]",0,0
24062,[0.40433837 0.53794592],0,1,"[0.37965276877051146, 0.575157747726818]",1,-1
24063,[0.70264544 0.62670095],2,3,"[0.6601234827680622, 0.6109507568947781]",1,7
24064,[0.32548972 0.57630167],0,1,"[0.37965276877051146, 0.575157747726818]",1,-1
24065,[0.42560487 0.56702918],0,1,"[0.37965276877051146, 0.575157747726818]",1,-1
24066,[0.79531643 0.69554306],2,0,"[0.7890750777399501, 0.6799557517006445]",1,-1
24067,[0.50116026 0.54102057],0,-1,-1,1,-1
24068,[0.29402874 0.26256756],1,-1,-1,0,0
24069,[0.61363611 0.67494814],3,-1,-1,1,-1
24070,[0.40881199 0.53733698],0,1,"[0.37965276877051146, 0.575157747726818]",1,-1
24071,[0.68119988 0.51608219],3,-1,-1,1,-1
24072,[0.63251034 0.65069613],3,3,"[0.6601234827680622, 0.6109507568947781]",1,-1
24073,[0.29308548 0.20284912],1,2,"[0.294379027732062, 0.1921773781634303]",0,0
24074,[0.77757975 0.73524965],2,0,"[0.7890750777399501, 0.6799557517006445]",1,-1
24075,[0.27973306 0.17024662],1,2,"[0.294379027732062, 0.1921773781634303]",0,0
24076,[0.73254371 0.63231512],2,-1,-1,1,-1
24077,[0.7760529  0.63414793],2,0,"[0.7890750777399501, 0.6799557517006445]",1,-1
24078,[0.43939733 0.58647128],0,1,"[0.37965276877051146, 0.575157747726818]",1,-1
24079,[0.79892781 0.64709869],2,0,"[0.7890750777399501, 0.6799557517006445]",1,-1
24080,[0.41037892 0.56480936],0,1,"[0.37965276877051146, 0.575157747726818]",1,-1
24081,[0.88336315 0.63569074],2,-1,-1,1,-1
24082,[0.6478673  0.58734149],3,3,"[0.6601234827680622, 0.6109507568947781]",1,-1
24083,[0.62990998 0.53335256],3,-1,-1,1,-1
24084,[0.82627597 0.71368488],2,0,"[0.7890750777399501, 0.6799557517006445]",1,-1
24085,[0.35876612 0.48544785],0,-1,-1,1,-1
24086,[0.43937601 0.56371815],0,1,"[0.37965276877051146, 0.575157747726818]",1,-1
24087,[0.29549141 0.23638713],1,2,"[0.294379027732062, 0.1921773781634303]",0,0
24088,[0.70344261 0.5609066 ],3,3,"[0.6601234827680622, 0.6109507568947781]",1,-1
24089,[0.77049948 0.65705874],3,0,"[0.7890750777399501, 0.6799557517006445]",1,-1
24090,[0.7592603  0.70346451],2,0,"[0.7890750777399501, 0.6799557517006445]",1,-1
24091,[0.74065951 0.66639482],3,0,"[0.7890750777399501, 0.6799557517006445]",1,-1
24092,[0.61884551 0.56323993],3,3,"[0.6601234827680622, 0.6109507568947781]",1,-1
24093,[0.63481393 0.63075252],3,3,"[0.6601234827680622, 0.6109507568947781]",1,-1
24094,[0.30625151 0.24626925],1,2,"[0.294379027732062, 0.1921773781634303]",0,0
24095,[0.33389024 0.65824976],0,-1,-1,1,-1
24096,[0.30130822 0.24861502],1,2,"[0.294379027732062, 0.1921773781634303]",0,0
24097,[0.67305265 0.57925786],3,3,"[0.6601234827680622, 0.6109507568947781]",1,-1
24098,[0.32418881 0.17283317],1,2,"[0.294379027732062, 0.1921773781634303]",0,0
24099,[0.38687559 0.56379572],0,1,"[0.37965276877051146, 0.575157747726818]",1,-1
24100,[0.66443551 0.59633584],3,3,"[0.6601234827680622, 0.6109507568947781]",1,-1
24101,[0.68826478 0.51418807],3,-1,-1,1,-1
24102,[0.77529014 0.63219496],2,0,"[0.7890750777399501, 0.6799557517006445]",1,-1
24103,[0.81712407 0.6853881 ],2,0,"[0.7890750777399501, 0.6799557517006445]",1,4
24104,[0.26409661 0.08146168],1,-1,-1,0,0
24105,[0.41544931 0.57650443],0,1,"[0.37965276877051146, 0.575157747726818]",1,2
24106,[0.39712914 0.55921726],0,1,"[0.37965276877051146, 0.575157747726818]",1,-1
24107,[0.68010457 0.60196067],3,3,"[0.6601234827680622, 0.6109507568947781]",1,5
24108,[0.68451285 0.62965647],3,3,"[0.6601234827680622, 0.6109507568947781]",1,7
24109,[0.32724416 0.16422944],1,2,"[0.294379027732062, 0.1921773781634303]",0,0
24110,[0.20417871 0.16235879],1,-1,-1,0,0
24111,[0.32332311 0.10109238],1,-1,-1,0,0
24112,[0.48270365 0.62116993],0,-1,-1,1,-1
24113,[0.25592978 0.13960094],1,2,"[0.294379027732062, 0.1921773781634303]",0,0
24114,[0.78226713 0.77863129],2,-1,-1,1,-1
24115,[0.33125646 0.20430801],1,2,"[0.294379027732062, 0.1921773781634303]",0,0
24116,[0.38129726 0.59063778],0,1,"[0.37965276877051146, 0.575157747726818]",1,-1
24117,[0.80988877 0.62028913],2,0,"[0.7890750777399501, 0.6799557517006445]",1,-1
24118,[0.76944101 0.59996376],2,-1,-1,1,-1
24119,[0.29493936 0.18498567],1,2,"[0.294379027732062, 0.1921773781634303]",0,0
24120,[0.79555382 0.67237852],2,0,"[0.7890750777399501, 0.6799557517006445]",1,4
24121,[0.38748944 0.57785299],0,1,"[0.37965276877051146, 0.575157747726818]",1,-1
24122,[0.59754525 0.64595403],3,-1,-1,1,-1
24123,[0.30231153 0.19796491],1,2,"[0.294379027732062, 0.1921773781634303]",0,0
24124,[0.78569293 0.70215919],2,0,"[0.7890750777399501, 0.6799557517006445]",1,-1
24125,[0.66935603 0.61791676],3,3,"[0.6601234827680622, 0.6109507568947781]",1,-1
24126,[0.29134955 0.63559506],0,-1,-1,1,-1
24127,[0.24340714 0.17910673],1,2,"[0.294379027732062, 0.1921773781634303]",0,0
24128,[0.78278252 0.6607206 ],2,0,"[0.7890750777399501, 0.6799557517006445]",1,-1
24129,[0.79973732 0.68618894],2,0,"[0.7890750777399501, 0.6799557517006445]",1,-1
24130,[0.35236664 0.16560145],1,2,"[0.294379027732062, 0.1921773781634303]",0,0
24131,[0.34579465 0.22064288],1,2,"[0.294379027732062, 0.1921773781634303]",0,0
24132,[0.34473159 0.53665775],0,1,"[0.37965276877051146, 0.575157747726818]",1,-1
24133,[0.65909308 0.58814327],3,3,"[0.6601234827680622, 0.6109507568947781]",1,-1
24134,[0.65262612 0.6504123 ],3,3,"[0.6601234827680622, 0.6109507568947781]",1,-1
24135,[0.69684843 0.62679745],3,3,"[0.6601234827680622, 0.6109507568947781]",1,-1
24136,[0.64291873 0.5377789 ],3,-1,-1,1,-1
24137,[0.6753456  0.50300332],3,-1,-1,1,-1
24138,[0.31195037 0.18063639],1,2,"[0.294379027732062, 0.1921773781634303]",0,0
24139,[0.29223909 0.22154096],1,2,"[0.294379027732062, 0.1921773781634303]",0,0
24140,[0.25777447 0.23973778],1,2,"[0.294379027732062, 0.1921773781634303]",0,0
24141,[0.33750713 0.63173184],0,-1,-1,1,-1
24142,[0.86253778 0.74509091],2,-1,-1,1,-1
24143,[0.405784   0.25141883],1,-1,-1,0,0
24144,[0.83201997 0.73847226],2,-1,-1,1,-1
24145,[0.72576079 0.70208935],2,0,"[0.7890750777399501, 0.6799557517006445]",1,-1
24146,[0.28541052 0.1683652 ],1,2,"[0.294379027732062, 0.1921773781634303]",0,0
24147,[0.28407698 0.57918112],0,-1,-1,1,-1
24148,[0.3522939  0.17832245],1,2,"[0.294379027732062, 0.1921773781634303]",0,0
24149,[0.82141956 0.68152369],2,0,"[0.7890750777399501, 0.6799557517006445]",1,-1
24150,[0.25219011 0.17838206],1,2,"[0.294379027732062, 0.1921773781634303]",0,0
24151,[0.45285745 0.51484005],0,-1,-1,1,-1
24152,[0.72128415 0.60800049],2,3,"[0.6601234827680622, 0.6109507568947781]",1,-1
24153,[0.36712835 0.59597863],0,1,"[0.37965276877051146, 0.575157747726818]",1,-1
24154,[0.61910274 0.59933202],3,3,"[0.6601234827680622, 0.6109507568947781]",1,-1
24155,[0.28540662 0.17052456],1,2,"[0.294379027732062, 0.1921773781634303]",0,0
24156,[0.66345285 0.52470724],3,-1,-1,1,-1
24157,[0.71256356 0.72728249],3,-1,-1,1,-1
24158,[0.40555936 0.60910782],0,1,"[0.37965276877051146, 0.575157747726818]",1,-1
24159,[0.80153836 0.65591743],2,0,"[0.7890750777399501, 0.6799557517006445]",1,-1
24160,[0.33965059 0.6365815 ],0,-1,-1,1,-1
24161,[0.78165264 0.65981831],2,0,"[0.7890750777399501, 0.6799557517006445]",1,-1
24162,[0.66428524 0.72827601],3,-1,-1,1,-1
24163,[0.7445771  0.74735052],2,-1,-1,1,-1
24164,[0.33562033 0.21543446],1,2,"[0.294379027732062, 0.1921773781634303]",0,0
24165,[0.67418205 0.61377887],3,3,"[0.6601234827680622, 0.6109507568947781]",1,-1
24166,[0.70130908 0.59855732],3,3,"[0.6601234827680622, 0.6109507568947781]",1,-1
24167,[0.66903701 0.62566912],3,3,"[0.6601234827680622, 0.6109507568947781]",1,7
24168,[0.80536255 0.70310738],2,0,"[0.7890750777399501, 0.6799557517006445]",1,-1
24169,[0.69594114 0.7730724 ],3,-1,-1,1,-1
24170,[0.25299841 0.13748208],1,2,"[0.294379027732062, 0.1921773781634303]",0,0
24171,[0.30466672 0.13817746],1,2,"[0.294379027732062, 0.1921773781634303]",0,0
24172,[0.40451954 0.54551865],0,1,"[0.37965276877051146, 0.575157747726818]",1,-1
24173,[0.85774207 0.74017843],2,-1,-1,1,-1
24174,[0.30644328 0.2327915 ],1,2,"[0.294379027732062, 0.1921773781634303]",0,0
24175,[0.65426959 0.64025158],3,3,"[0.6601234827680622, 0.6109507568947781]",1,-1
24176,[0.32749488 0.1191728 ],1,-1,-1,0,0
24177,[0.5390877  0.60971965],3,-1,-1,1,-1
24178,[0.58304423 0.64833028],3,-1,-1,1,-1
24179,[0.42966472 0.50728489],0,-1,-1,1,-1
24180,[0.26782726 0.12621582],1,-1,-1,0,0
24181,[0.76685027 0.73833881],2,0,"[0.7890750777399501, 0.6799557517006445]",1,-1
24182,[0.19229707 0.1433032 ],1,-1,-1,0,0
24183,[0.27890602 0.14164466],1,2,"[0.294379027732062, 0.1921773781634303]",0,0
24184,[0.62502689 0.61688785],3,3,"[0.6601234827680622, 0.6109507568947781]",1,-1
24185,[0.59971171 0.57757959],3,3,"[0.6601234827680622, 0.6109507568947781]",1,-1
24186,[0.26924782 0.67750746],0,-1,-1,1,-1
24187,[0.75711253 0.67449132],2,0,"[0.7890750777399501, 0.6799557517006445]",1,-1
24188,[0.75348837 0.59361779],2,-1,-1,1,-1
24189,[0.34899731 0.62345654],0,1,"[0.37965276877051146, 0.575157747726818]",1,-1
24190,[0.45223823 0.52244324],0,-1,-1,1,-1
24191,[0.71140451 0.60363519],2,3,"[0.6601234827680622, 0.6109507568947781]",1,-1
24192,[0.68198318 0.61076453],3,3,"[0.6601234827680622, 0.6109507568947781]",1,5
24193,[0.78343783 0.73671137],2,0,"[0.7890750777399501, 0.6799557517006445]",1,-1
24194,[0.7473515  0.57912419],3,-1,-1,1,-1
24195,[0.32923042 0.62181666],0,1,"[0.37965276877051146, 0.575157747726818]",1,-1
24196,[0.67917488 0.59146149],3,3,"[0.6601234827680622, 0.6109507568947781]",1,-1
24197,[0.79789514 0.72216478],2,0,"[0.7890750777399501, 0.6799557517006445]",1,-1
24198,[0.35244587 0.25089078],1,-1,-1,0,0
24199,[0.74885655 0.71442883],3,0,"[0.7890750777399501, 0.6799557517006445]",1,-1
24200,[0.25150793 0.15298419],1,2,"[0.294379027732062, 0.1921773781634303]",0,0
24201,[0.37479326 0.54385502],0,1,"[0.37965276877051146, 0.575157747726818]",1,-1
24202,[0.86480315 0.63259668],2,-1,-1,1,-1
24203,[0.83093875 0.69734481],2,0,"[0.7890750777399501, 0.6799557517006445]",1,-1
24204,[0.67511351 0.54517281],3,3,"[0.6601234827680622, 0.6109507568947781]",1,-1
24205,[0.84652897 0.64400891],2,0,"[0.7890750777399501, 0.6799557517006445]",1,-1
24206,[0.32099506 0.0782132 ],1,-1,-1,0,0
24207,[0.41047629 0.55217327],0,1,"[0.37965276877051146, 0.575157747726818]",1,-1
24208,[0.28305807 0.23078195],1,2,"[0.294379027732062, 0.1921773781634303]",0,0
24209,[0.78011804 0.73154775],2,0,"[0.7890750777399501, 0.6799557517006445]",1,-1
24210,[0.21376775 0.12009959],1,-1,-1,0,0
24211,[0.77532328 0.75079658],2,-1,-1,1,-1
24212,[0.70571401 0.56667329],2,3,"[0.6601234827680622, 0.6109507568947781]",1,-1
24213,[0.23905325 0.15678867],1,2,"[0.294379027732062, 0.1921773781634303]",0,0
24214,[0.33440371 0.59794197],0,1,"[0.37965276877051146, 0.575157747726818]",1,-1
24215,[0.28349484 0.64074357],0,-1,-1,1,-1
24216,[0.44376984 0.60469137],0,-1,-1,1,-1
24217,[0.38865792 0.53788817],0,1,"[0.37965276877051146, 0.575157747726818]",1,-1
24218,[0.70057137 0.7015885 ],2,-1,-1,1,-1
24219,[0.31110738 0.20458626],1,2,"[0.294379027732062, 0.1921773781634303]",0,0
24220,[0.32367293 0.17996196],1,2,"[0.294379027732062, 0.1921773781634303]",0,0
24221,[0.69484658 0.61863245],3,3,"[0.6601234827680622, 0.6109507568947781]",1,-1
24222,[0.30270894 0.21477032],1,2,"[0.294379027732062, 0.1921773781634303]",0,0
24223,[0.85179828 0.71851832],2,-1,-1,1,-1
24224,[0.66504689 0.5950837 ],3,3,"[0.6601234827680622, 0.6109507568947781]",1,-1
24225,[0.81011614 0.62526124],2,0,"[0.7890750777399501, 0.6799557517006445]",1,-1
24226,[0.42291039 0.54919586],0,1,"[0.37965276877051146, 0.575157747726818]",1,-1
24227,[0.33029209 0.62189858],0,1,"[0.37965276877051146, 0.575157747726818]",1,-1
24228,[0.31389009 0.31175895],1,-1,-1,0,0
24229,[0.38059808 0.55413444],0,1,"[0.37965276877051146, 0.575157747726818]",1,-1
24230,[0.33887149 0.53646781],0,1,"[0.37965276877051146, 0.575157747726818]",1,-1
24231,[0.32245984 0.54047111],0,1,"[0.37965276877051146, 0.575157747726818]",1,-1
24232,[0.36593223 0.65793938],0,-1,-1,1,-1
24233,[0.62256408 0.57148008],3,3,"[0.6601234827680622, 0.6109507568947781]",1,-1
24234,[0.61562264 0.56896087],3,3,"[0.6601234827680622, 0.6109507568947781]",1,-1
24235,[0.78647821 0.6293572 ],2,0,"[0.7890750777399501, 0.6799557517006445]",1,-1
24236,[0.66378391 0.63008995],3,3,"[0.6601234827680622, 0.6109507568947781]",1,7
24237,[0.58533112 0.59213072],3,-1,-1,1,-1
24238,[0.45570684 0.61147995],0,-1,-1,1,-1
24239,[0.34125786 0.64120045],0,-1,-1,1,-1
24240,[0.31168802 0.15054223],1,2,"[0.294379027732062, 0.1921773781634303]",0,0
24241,[0.41816352 0.53919255],0,1,"[0.37965276877051146, 0.575157747726818]",1,-1
24242,[0.20903963 0.22904642],1,-1,-1,0,0
24243,[0.35793988 0.61568272],0,1,"[0.37965276877051146, 0.575157747726818]",1,-1
24244,[0.60029779 0.677583  ],3,-1,-1,1,-1
24245,[0.3355505 0.6634905],0,-1,-1,1,-1
24246,[0.44775816 0.51968419],0,-1,-1,1,-1
24247,[0.27244469 0.2095108 ],1,2,"[0.294379027732062, 0.1921773781634303]",0,0
24248,[0.73349408 0.69565855],2,0,"[0.7890750777399501, 0.6799557517006445]",1,-1
24249,[0.41360858 0.54127354],0,1,"[0.37965276877051146, 0.575157747726818]",1,-1
24250,[0.44410893 0.57405725],0,1,"[0.37965276877051146, 0.575157747726818]",1,-1
24251,[0.63017051 0.59758231],3,3,"[0.6601234827680622, 0.6109507568947781]",1,-1
24252,[0.70842288 0.66375476],3,-1,-1,1,-1
24253,[0.46632747 0.51255352],0,-1,-1,1,-1
24254,[0.28568955 0.17253541],1,2,"[0.294379027732062, 0.1921773781634303]",0,0
24255,[0.81065034 0.76672305],2,-1,-1,1,-1
24256,[0.59603064 0.57179722],3,-1,-1,1,-1
24257,[0.37155995 0.4754934 ],0,-1,-1,1,-1
24258,[0.61427644 0.72277404],3,-1,-1,1,-1
24259,[0.2128855 0.1707725],1,-1,-1,0,0
24260,[0.87095897 0.58052961],2,-1,-1,1,-1
24261,[0.3343897  0.59593593],0,1,"[0.37965276877051146, 0.575157747726818]",1,-1
24262,[0.41300382 0.55309695],0,1,"[0.37965276877051146, 0.575157747726818]",1,-1
24263,[0.76385813 0.71792082],2,0,"[0.7890750777399501, 0.6799557517006445]",1,-1
24264,[0.6693701  0.63080912],3,3,"[0.6601234827680622, 0.6109507568947781]",1,7
24265,[0.2385337  0.21024303],1,2,"[0.294379027732062, 0.1921773781634303]",0,0
24266,[0.59021523 0.62953919],3,-1,-1,1,-1
24267,[0.64166702 0.80998436],3,-1,-1,1,-1
24268,[0.76775765 0.6193704 ],2,0,"[0.7890750777399501, 0.6799557517006445]",1,-1
24269,[0.60783286 0.5478889 ],3,-1,-1,1,-1
24270,[0.38734778 0.53030708],0,1,"[0.37965276877051146, 0.575157747726818]",1,-1
24271,[0.44673216 0.59499652],0,1,"[0.37965276877051146, 0.575157747726818]",1,-1
24272,[0.46292654 0.44313828],0,-1,-1,1,-1
24273,[0.3421676  0.47607769],0,-1,-1,1,-1
24274,[0.26852525 0.18238494],1,2,"[0.294379027732062, 0.1921773781634303]",0,0
24275,[0.41452316 0.28667261],1,-1,-1,0,0
24276,[0.85407596 0.65118808],2,-1,-1,1,-1
24277,[0.26257285 0.19424726],1,2,"[0.294379027732062, 0.1921773781634303]",0,0
24278,[0.79584194 0.6465082 ],2,0,"[0.7890750777399501, 0.6799557517006445]",1,-1
24279,[0.37303642 0.61423718],0,1,"[0.37965276877051146, 0.575157747726818]",1,-1
24280,[0.25603955 0.17397665],1,2,"[0.294379027732062, 0.1921773781634303]",0,0
24281,[0.70974908 0.6192856 ],3,3,"[0.6601234827680622, 0.6109507568947781]",1,-1
24282,[0.72711556 0.68190604],2,0,"[0.7890750777399501, 0.6799557517006445]",1,-1
24283,[0.77740759 0.57508434],2,-1,-1,1,-1
24284,[0.3260075  0.57726846],0,1,"[0.37965276877051146, 0.575157747726818]",1,-1
24285,[0.37827831 0.5102662 ],0,1,"[0.37965276877051146, 0.575157747726818]",1,-1
24286,[0.68663199 0.58586807],3,3,"[0.6601234827680622, 0.6109507568947781]",1,-1
24287,[0.79383365 0.69529025],2,0,"[0.7890750777399501, 0.6799557517006445]",1,-1
24288,[0.83166639 0.62272627],2,-1,-1,1,-1
24289,[0.68562017 0.61575365],3,3,"[0.6601234827680622, 0.6109507568947781]",1,5
24290,[0.41896376 0.54111628],0,1,"[0.37965276877051146, 0.575157747726818]",1,-1
24291,[0.28872495 0.11080372],1,-1,-1,0,0
24292,[0.35782468 0.67575159],0,-1,-1,1,-1
24293,[0.39409368 0.59261789],0,1,"[0.37965276877051146, 0.575157747726818]",1,-1
24294,[0.66148012 0.71239422],3,-1,-1,1,-1
24295,[0.65769367 0.68437467],3,-1,-1,1,-1
24296,[0.6932944 0.6038417],3,3,"[0.6601234827680622, 0.6109507568947781]",1,-1
24297,[0.68528759 0.63629117],3,3,"[0.6601234827680622, 0.6109507568947781]",1,-1
24298,[0.67439037 0.68912109],3,-1,-1,1,-1
24299,[0.74224867 0.62481667],2,-1,-1,1,-1
24300,[0.32391116 0.19453382],1,2,"[0.294379027732062, 0.1921773781634303]",0,0
24301,[0.63347105 0.60053396],3,3,"[0.6601234827680622, 0.6109507568947781]",1,-1
24302,[0.3094447  0.18093383],1,2,"[0.294379027732062, 0.1921773781634303]",0,0
24303,[0.74775136 0.7561686 ],2,-1,-1,1,-1
24304,[0.68877349 0.59934392],3,3,"[0.6601234827680622, 0.6109507568947781]",1,5
24305,[0.29709009 0.22833754],1,2,"[0.294379027732062, 0.1921773781634303]",0,0
24306,[0.71100274 0.66964467],2,-1,-1,1,-1
24307,[0.57632761 0.60869024],3,-1,-1,1,-1
24308,[0.71993055 0.57281731],3,-1,-1,1,-1
24309,[0.24787503 0.19616972],1,2,"[0.294379027732062, 0.1921773781634303]",0,0
24310,[0.31505591 0.21298764],1,2,"[0.294379027732062, 0.1921773781634303]",0,0
24311,[0.26217599 0.2668602 ],1,-1,-1,0,0
24312,[0.77154936 0.6896324 ],2,0,"[0.7890750777399501, 0.6799557517006445]",1,-1
24313,[0.31807545 0.22569113],1,2,"[0.294379027732062, 0.1921773781634303]",0,0
24314,[0.29175645 0.11098113],1,-1,-1,0,0
24315,[0.29281636 0.20179619],1,2,"[0.294379027732062, 0.1921773781634303]",0,0
24316,[0.82984783 0.61884837],2,-1,-1,1,-1
24317,[0.70945523 0.57090463],3,3,"[0.6601234827680622, 0.6109507568947781]",1,-1
24318,[0.77398536 0.75814011],2,-1,-1,1,-1
24319,[0.67169067 0.60223118],3,3,"[0.6601234827680622, 0.6109507568947781]",1,-1
24320,[0.28507694 0.270169  ],1,-1,-1,0,0
24321,[0.29089995 0.19712286],1,2,"[0.294379027732062, 0.1921773781634303]",0,0
24322,[0.31371546 0.64587931],0,-1,-1,1,-1
24323,[0.61591606 0.59999191],3,3,"[0.6601234827680622, 0.6109507568947781]",1,-1
24324,[0.65352739 0.6455697 ],3,3,"[0.6601234827680622, 0.6109507568947781]",1,-1
24325,[0.76760561 0.6995146 ],2,0,"[0.7890750777399501, 0.6799557517006445]",1,-1
24326,[0.32468415 0.1776839 ],1,2,"[0.294379027732062, 0.1921773781634303]",0,0
24327,[0.30137067 0.65621699],0,-1,-1,1,-1
24328,[0.27465064 0.22769129],1,2,"[0.294379027732062, 0.1921773781634303]",0,0
24329,[0.67017568 0.64565573],3,3,"[0.6601234827680622, 0.6109507568947781]",1,-1
24330,[0.70829651 0.58966775],3,3,"[0.6601234827680622, 0.6109507568947781]",1,-1
24331,[0.27849478 0.2140353 ],1,2,"[0.294379027732062, 0.1921773781634303]",0,0
24332,[0.69933895 0.61380682],3,3,"[0.6601234827680622, 0.6109507568947781]",1,-1
24333,[0.33961041 0.09786036],1,-1,-1,0,0
24334,[0.3553506  0.08911324],1,-1,-1,0,0
24335,[0.74552896 0.67368187],2,0,"[0.7890750777399501, 0.6799557517006445]",1,-1
24336,[0.51689799 0.66131925],0,-1,-1,1,-1
24337,[0.76003109 0.62057818],2,0,"[0.7890750777399501, 0.6799557517006445]",1,-1
24338,[0.6483369  0.62691135],3,3,"[0.6601234827680622, 0.6109507568947781]",1,-1
24339,[0.73279301 0.68839318],2,0,"[0.7890750777399501, 0.6799557517006445]",1,-1
24340,[0.37960016 0.17378097],1,-1,-1,0,0
24341,[0.66623949 0.59408318],3,3,"[0.6601234827680622, 0.6109507568947781]",1,-1
24342,[0.31699488 0.18841217],1,2,"[0.294379027732062, 0.1921773781634303]",0,0
24343,[0.38907719 0.57668668],0,1,"[0.37965276877051146, 0.575157747726818]",1,-1
24344,[0.41545492 0.5602066 ],0,1,"[0.37965276877051146, 0.575157747726818]",1,-1
24345,[0.76835538 0.67866199],2,0,"[0.7890750777399501, 0.6799557517006445]",1,-1
24346,[0.79995434 0.73304595],2,0,"[0.7890750777399501, 0.6799557517006445]",1,-1
24347,[0.71689337 0.62369978],3,3,"[0.6601234827680622, 0.6109507568947781]",1,-1
24348,[0.39617119 0.56013192],0,1,"[0.37965276877051146, 0.575157747726818]",1,-1
24349,[0.24634794 0.2807258 ],1,-1,-1,0,0
24350,[0.32549983 0.58896465],0,1,"[0.37965276877051146, 0.575157747726818]",1,-1
24351,[0.67721024 0.61287863],3,3,"[0.6601234827680622, 0.6109507568947781]",1,-1
24352,[0.67539179 0.66216094],3,3,"[0.6601234827680622, 0.6109507568947781]",1,-1
24353,[0.38891962 0.58847809],0,1,"[0.37965276877051146, 0.575157747726818]",1,-1
24354,[0.43588022 0.60580588],0,1,"[0.37965276877051146, 0.575157747726818]",1,-1
24355,[0.75327829 0.6354102 ],2,0,"[0.7890750777399501, 0.6799557517006445]",1,-1
24356,[0.3436181  0.66106016],0,-1,-1,1,-1
24357,[0.67510569 0.5663729 ],3,3,"[0.6601234827680622, 0.6109507568947781]",1,-1
24358,[0.67138095 0.63490081],3,3,"[0.6601234827680622, 0.6109507568947781]",1,-1
24359,[0.65328932 0.48188483],3,-1,-1,1,-1
24360,[0.37823426 0.51152799],0,1,"[0.37965276877051146, 0.575157747726818]",1,-1
24361,[0.74539255 0.62603802],3,0,"[0.7890750777399501, 0.6799557517006445]",1,-1
24362,[0.82360555 0.72230862],2,0,"[0.7890750777399501, 0.6799557517006445]",1,-1
24363,[0.35140374 0.53037444],0,1,"[0.37965276877051146, 0.575157747726818]",1,-1
24364,[0.77725924 0.66126049],2,0,"[0.7890750777399501, 0.6799557517006445]",1,-1
24365,[0.36541671 0.56376944],0,1,"[0.37965276877051146, 0.575157747726818]",1,-1
24366,[0.83398319 0.71381936],2,0,"[0.7890750777399501, 0.6799557517006445]",1,-1
24367,[0.63381919 0.54822693],3,3,"[0.6601234827680622, 0.6109507568947781]",1,-1
24368,[0.24759435 0.13292783],1,-1,-1,0,0
24369,[0.24303229 0.2462758 ],1,-1,-1,0,0
24370,[0.67269187 0.55008723],3,3,"[0.6601234827680622, 0.6109507568947781]",1,-1
24371,[0.33664723 0.6074726 ],0,1,"[0.37965276877051146, 0.575157747726818]",1,-1
24372,[0.64728485 0.60421014],3,3,"[0.6601234827680622, 0.6109507568947781]",1,-1
24373,[0.69249155 0.62126707],3,3,"[0.6601234827680622, 0.6109507568947781]",1,-1
24374,[0.30284368 0.20265416],1,2,"[0.294379027732062, 0.1921773781634303]",0,0
24375,[0.24922515 0.2014992 ],1,2,"[0.294379027732062, 0.1921773781634303]",0,0
24376,[0.41575204 0.54496965],0,1,"[0.37965276877051146, 0.575157747726818]",1,-1
24377,[0.65678815 0.49119259],3,-1,-1,1,-1
24378,[0.68813223 0.73294984],3,-1,-1,1,-1
24379,[0.34237528 0.54844251],0,1,"[0.37965276877051146, 0.575157747726818]",1,-1
24380,[0.57386023 0.53802557],3,-1,-1,1,-1
24381,[0.77275803 0.66160028],2,0,"[0.7890750777399501, 0.6799557517006445]",1,-1
24382,[0.78066158 0.74898822],2,0,"[0.7890750777399501, 0.6799557517006445]",1,-1
24383,[0.70949399 0.6950122 ],2,-1,-1,1,-1
24384,[0.26956264 0.16439494],1,2,"[0.294379027732062, 0.1921773781634303]",0,0
24385,[0.40809891 0.59213528],0,1,"[0.37965276877051146, 0.575157747726818]",1,-1
24386,[0.38414728 0.54173176],0,1,"[0.37965276877051146, 0.575157747726818]",1,-1
24387,[0.73829728 0.61355858],3,-1,-1,1,-1
24388,[0.69476027 0.60214278],3,3,"[0.6601234827680622, 0.6109507568947781]",1,-1
24389,[0.30985741 0.58376252],0,-1,-1,1,-1
24390,[0.31279874 0.57060141],0,1,"[0.37965276877051146, 0.575157747726818]",1,-1
24391,[0.81848232 0.65283258],2,0,"[0.7890750777399501, 0.6799557517006445]",1,-1
24392,[0.736989   0.56877057],2,-1,-1,1,-1
24393,[0.66596243 0.62955133],3,3,"[0.6601234827680622, 0.6109507568947781]",1,7
24394,[0.33061943 0.19916979],1,2,"[0.294379027732062, 0.1921773781634303]",0,0
24395,[0.34275029 0.24024931],1,2,"[0.294379027732062, 0.1921773781634303]",0,0
24396,[0.3646041  0.64484775],0,-1,-1,1,-1
24397,[0.39358059 0.57247089],0,1,"[0.37965276877051146, 0.575157747726818]",1,-1
24398,[0.28999656 0.29315419],1,-1,-1,0,0
24399,[0.61332431 0.60037816],3,3,"[0.6601234827680622, 0.6109507568947781]",1,-1
24400,[0.66608912 0.54371232],3,3,"[0.6601234827680622, 0.6109507568947781]",1,-1
24401,[0.79618661 0.63551483],2,0,"[0.7890750777399501, 0.6799557517006445]",1,-1
24402,[0.56912978 0.58799157],3,-1,-1,1,-1
24403,[0.22999173 0.17190621],1,2,"[0.294379027732062, 0.1921773781634303]",0,0
24404,[0.79686347 0.67146724],2,0,"[0.7890750777399501, 0.6799557517006445]",1,4
24405,[0.27754195 0.51288915],0,-1,-1,1,-1
24406,[0.15761322 0.17147686],1,-1,-1,0,0
24407,[0.65315866 0.80412657],2,-1,-1,1,-1
24408,[0.3974028  0.66491995],0,-1,-1,1,-1
24409,[0.41779174 0.57486584],0,1,"[0.37965276877051146, 0.575157747726818]",1,-1
24410,[0.81442954 0.72498066],2,0,"[0.7890750777399501, 0.6799557517006445]",1,-1
24411,[0.38184203 0.18908311],1,-1,-1,0,0
24412,[0.79078602 0.71570664],2,0,"[0.7890750777399501, 0.6799557517006445]",1,-1
24413,[0.64878418 0.67989422],3,3,"[0.6601234827680622, 0.6109507568947781]",1,-1
24414,[0.60459921 0.56230979],3,-1,-1,1,-1
24415,[0.31610451 0.22525959],1,2,"[0.294379027732062, 0.1921773781634303]",0,0
24416,[0.72955227 0.72920728],2,-1,-1,1,-1
24417,[0.74507521 0.75993042],2,-1,-1,1,-1
24418,[0.75331169 0.64825502],2,0,"[0.7890750777399501, 0.6799557517006445]",1,-1
24419,[0.83497311 0.59408545],2,-1,-1,1,-1
24420,[0.68803445 0.65015345],3,3,"[0.6601234827680622, 0.6109507568947781]",1,-1
24421,[0.57991205 0.63733307],3,-1,-1,1,-1
24422,[0.68999658 0.56940019],3,3,"[0.6601234827680622, 0.6109507568947781]",1,-1
24423,[0.31327141 0.19061383],1,2,"[0.294379027732062, 0.1921773781634303]",0,0
24424,[0.66980741 0.65169837],3,3,"[0.6601234827680622, 0.6109507568947781]",1,-1
24425,[0.3770499  0.61974215],0,1,"[0.37965276877051146, 0.575157747726818]",1,-1
24426,[0.65537094 0.67319683],3,3,"[0.6601234827680622, 0.6109507568947781]",1,-1
24427,[0.41764085 0.13498034],1,-1,-1,0,0
24428,[0.30102056 0.20955193],1,2,"[0.294379027732062, 0.1921773781634303]",0,0
24429,[0.80013453 0.692074  ],2,0,"[0.7890750777399501, 0.6799557517006445]",1,-1
24430,[0.82014016 0.72571286],2,0,"[0.7890750777399501, 0.6799557517006445]",1,-1
24431,[0.66676001 0.67957351],3,3,"[0.6601234827680622, 0.6109507568947781]",1,-1
24432,[0.44117035 0.58674014],0,1,"[0.37965276877051146, 0.575157747726818]",1,-1
24433,[0.3290881  0.56376782],0,1,"[0.37965276877051146, 0.575157747726818]",1,-1
24434,[0.32086552 0.59964488],0,1,"[0.37965276877051146, 0.575157747726818]",1,-1
24435,[0.60031624 0.60950431],3,3,"[0.6601234827680622, 0.6109507568947781]",1,-1
24436,[0.23029912 0.16793199],1,2,"[0.294379027732062, 0.1921773781634303]",0,0
24437,[0.22293224 0.14018064],1,-1,-1,0,0
24438,[0.48341809 0.55711649],0,-1,-1,1,-1
24439,[0.83596776 0.60711461],2,-1,-1,1,-1
24440,[0.30299761 0.17924466],1,2,"[0.294379027732062, 0.1921773781634303]",0,0
24441,[0.90732052 0.68833381],2,-1,-1,1,-1
24442,[0.64588981 0.55428153],3,3,"[0.6601234827680622, 0.6109507568947781]",1,-1
24443,[0.70561567 0.67264887],2,-1,-1,1,-1
24444,[0.20427923 0.173381  ],1,-1,-1,0,0
24445,[0.32018867 0.53833962],0,1,"[0.37965276877051146, 0.575157747726818]",1,-1
24446,[0.69833454 0.58738358],3,3,"[0.6601234827680622, 0.6109507568947781]",1,-1
24447,[0.54211202 0.58673036],0,-1,-1,1,-1
24448,[0.34795654 0.57708209],0,1,"[0.37965276877051146, 0.575157747726818]",1,-1
24449,[0.3961701  0.62899558],0,1,"[0.37965276877051146, 0.575157747726818]",1,-1
24450,[0.83245059 0.69252377],2,0,"[0.7890750777399501, 0.6799557517006445]",1,-1
24451,[0.65078196 0.53307639],3,-1,-1,1,-1
24452,[0.35448783 0.11286314],1,-1,-1,0,0
24453,[0.29265034 0.18347087],1,2,"[0.294379027732062, 0.1921773781634303]",0,0
24454,[0.40459414 0.57927492],0,1,"[0.37965276877051146, 0.575157747726818]",1,-1
24455,[0.40164388 0.58589732],0,1,"[0.37965276877051146, 0.575157747726818]",1,-1
24456,[0.58283472 0.58343322],3,-1,-1,1,-1
24457,[0.37219549 0.54570227],0,1,"[0.37965276877051146, 0.575157747726818]",1,-1
24458,[0.81002238 0.6462742 ],2,0,"[0.7890750777399501, 0.6799557517006445]",1,-1
24459,[0.25207378 0.24642448],1,2,"[0.294379027732062, 0.1921773781634303]",0,0
24460,[0.38691522 0.6639554 ],0,-1,-1,1,-1
24461,[0.82562293 0.68529579],2,0,"[0.7890750777399501, 0.6799557517006445]",1,-1
24462,[0.76077757 0.559778  ],2,-1,-1,1,-1
24463,[0.64952739 0.5346112 ],3,-1,-1,1,-1
24464,[0.66117704 0.5800291 ],3,3,"[0.6601234827680622, 0.6109507568947781]",1,-1
24465,[0.66186783 0.61973084],3,3,"[0.6601234827680622, 0.6109507568947781]",1,7
24466,[0.42074355 0.59321687],0,1,"[0.37965276877051146, 0.575157747726818]",1,-1
24467,[0.65944523 0.56982199],3,3,"[0.6601234827680622, 0.6109507568947781]",1,-1
24468,[0.83525339 0.72355199],2,0,"[0.7890750777399501, 0.6799557517006445]",1,-1
24469,[0.28094834 0.21314899],1,2,"[0.294379027732062, 0.1921773781634303]",0,0
24470,[0.79161689 0.63707005],2,0,"[0.7890750777399501, 0.6799557517006445]",1,-1
24471,[0.59988951 0.60841888],3,3,"[0.6601234827680622, 0.6109507568947781]",1,-1
24472,[0.76367508 0.54329389],3,-1,-1,1,-1
24473,[0.70038498 0.6776423 ],2,-1,-1,1,-1
24474,[0.7597271  0.65418719],2,0,"[0.7890750777399501, 0.6799557517006445]",1,-1
24475,[0.33554752 0.26673672],1,-1,-1,0,0
24476,[0.30745647 0.19991735],1,2,"[0.294379027732062, 0.1921773781634303]",0,0
24477,[0.50277805 0.60202731],0,-1,-1,1,-1
24478,[0.35857372 0.56069271],0,1,"[0.37965276877051146, 0.575157747726818]",1,-1
24479,[0.79924607 0.70232863],2,0,"[0.7890750777399501, 0.6799557517006445]",1,-1
24480,[0.27956893 0.17251251],1,2,"[0.294379027732062, 0.1921773781634303]",0,0
24481,[0.6135579  0.58098002],3,3,"[0.6601234827680622, 0.6109507568947781]",1,-1
24482,[0.26550576 0.20023765],1,2,"[0.294379027732062, 0.1921773781634303]",0,0
24483,[0.62452095 0.75550313],3,-1,-1,1,-1
24484,[0.26529866 0.22674506],1,2,"[0.294379027732062, 0.1921773781634303]",0,0
24485,[0.32524639 0.14498707],1,2,"[0.294379027732062, 0.1921773781634303]",0,0
24486,[0.82883683 0.69073469],2,0,"[0.7890750777399501, 0.6799557517006445]",1,-1
24487,[0.26711849 0.47088058],0,-1,-1,1,-1
24488,[0.88020009 0.59507859],2,-1,-1,1,-1
24489,[0.39712251 0.15447593],1,-1,-1,0,0
24490,[0.37615038 0.62675244],0,1,"[0.37965276877051146, 0.575157747726818]",1,-1
24491,[0.39901436 0.08616128],1,-1,-1,0,0
24492,[0.24176972 0.1743557 ],1,2,"[0.294379027732062, 0.1921773781634303]",0,0
24493,[0.74725207 0.59167287],3,-1,-1,1,-1
24494,[0.65252506 0.6134019 ],3,3,"[0.6601234827680622, 0.6109507568947781]",1,6
24495,[0.65782507 0.63516028],3,3,"[0.6601234827680622, 0.6109507568947781]",1,-1
24496,[0.43317627 0.54130171],0,1,"[0.37965276877051146, 0.575157747726818]",1,-1
24497,[0.82120498 0.66762952],2,0,"[0.7890750777399501, 0.6799557517006445]",1,-1
24498,[0.35276094 0.21791165],1,2,"[0.294379027732062, 0.1921773781634303]",0,0
24499,[0.7041134  0.60350392],3,3,"[0.6601234827680622, 0.6109507568947781]",1,-1
24500,[0.46116079 0.48592019],0,-1,-1,1,-1
24501,[0.72381109 0.57586529],3,-1,-1,1,-1
24502,[0.25061662 0.25804473],1,-1,-1,0,0
24503,[0.34518929 0.09392151],1,-1,-1,0,0
24504,[0.25711811 0.19519798],1,2,"[0.294379027732062, 0.1921773781634303]",0,0
24505,[0.83906078 0.63804715],2,0,"[0.7890750777399501, 0.6799557517006445]",1,-1
24506,[0.69998962 0.54079514],3,-1,-1,1,-1
24507,[0.24369676 0.24346232],1,-1,-1,0,0
24508,[0.32060868 0.58207495],0,1,"[0.37965276877051146, 0.575157747726818]",1,-1
24509,[0.31239351 0.22738237],1,2,"[0.294379027732062, 0.1921773781634303]",0,0
24510,[0.6404996  0.63345518],3,3,"[0.6601234827680622, 0.6109507568947781]",1,-1
24511,[0.65950737 0.67713377],3,3,"[0.6601234827680622, 0.6109507568947781]",1,-1
24512,[0.27464884 0.56468418],0,-1,-1,1,-1
24513,[0.64412083 0.54001164],3,-1,-1,1,-1
24514,[0.36014548 0.1768893 ],1,2,"[0.294379027732062, 0.1921773781634303]",0,0
24515,[0.2546588  0.19313919],1,2,"[0.294379027732062, 0.1921773781634303]",0,0
24516,[0.35357052 0.4358599 ],0,-1,-1,1,-1
24517,[0.40821168 0.56523591],0,1,"[0.37965276877051146, 0.575157747726818]",1,-1
24518,[0.73476221 0.74770295],2,-1,-1,1,-1
24519,[0.30869056 0.15416378],1,2,"[0.294379027732062, 0.1921773781634303]",0,0
24520,[0.88571874 0.7179184 ],2,-1,-1,1,-1
24521,[0.84354179 0.61742206],2,-1,-1,1,-1
24522,[0.40743757 0.64835686],0,-1,-1,1,-1
24523,[0.429821   0.52596583],0,-1,-1,1,-1
24524,[0.32107413 0.19530736],1,2,"[0.294379027732062, 0.1921773781634303]",0,0
24525,[0.65653229 0.69724767],3,-1,-1,1,-1
24526,[0.37286102 0.51945901],0,1,"[0.37965276877051146, 0.575157747726818]",1,-1
24527,[0.65658928 0.67163588],3,3,"[0.6601234827680622, 0.6109507568947781]",1,-1
24528,[0.23866592 0.14232957],1,-1,-1,0,0
24529,[0.35078558 0.09600071],1,-1,-1,0,0
24530,[0.66954098 0.570421  ],3,3,"[0.6601234827680622, 0.6109507568947781]",1,-1
24531,[0.72216359 0.64724127],2,-1,-1,1,-1
24532,[0.3275869  0.58986849],0,1,"[0.37965276877051146, 0.575157747726818]",1,-1
24533,[0.25512531 0.2239803 ],1,2,"[0.294379027732062, 0.1921773781634303]",0,0
24534,[0.76663124 0.65591245],2,0,"[0.7890750777399501, 0.6799557517006445]",1,3
24535,[0.83663772 0.75486836],2,-1,-1,1,-1
24536,[0.83706111 0.73012954],2,0,"[0.7890750777399501, 0.6799557517006445]",1,-1
24537,[0.64485399 0.63099702],3,3,"[0.6601234827680622, 0.6109507568947781]",1,-1
24538,[0.84793492 0.67952823],2,0,"[0.7890750777399501, 0.6799557517006445]",1,-1
24539,[0.35902097 0.6152395 ],0,1,"[0.37965276877051146, 0.575157747726818]",1,-1
24540,[0.38200939 0.63610127],0,1,"[0.37965276877051146, 0.575157747726818]",1,-1
24541,[0.3810002  0.09853133],1,-1,-1,0,0
24542,[0.75200186 0.80624603],2,-1,-1,1,-1
24543,[0.75397652 0.57863866],3,-1,-1,1,-1
24544,[0.30347127 0.20108168],1,2,"[0.294379027732062, 0.1921773781634303]",0,0
24545,[0.74088187 0.66190219],2,0,"[0.7890750777399501, 0.6799557517006445]",1,-1
24546,[0.81797226 0.66173175],2,0,"[0.7890750777399501, 0.6799557517006445]",1,-1
24547,[0.59330497 0.6599809 ],3,-1,-1,1,-1
24548,[0.36507505 0.21462781],1,-1,-1,0,0
24549,[0.2603872  0.08875568],1,-1,-1,0,0
24550,[0.73950922 0.66197384],2,0,"[0.7890750777399501, 0.6799557517006445]",1,-1
24551,[0.75112781 0.67388012],2,0,"[0.7890750777399501, 0.6799557517006445]",1,-1
24552,[0.36158343 0.52669852],0,1,"[0.37965276877051146, 0.575157747726818]",1,-1
24553,[0.24769391 0.25010306],1,-1,-1,0,0
24554,[0.76507479 0.73353019],2,0,"[0.7890750777399501, 0.6799557517006445]",1,-1
24555,[0.77886343 0.66583072],2,0,"[0.7890750777399501, 0.6799557517006445]",1,-1
24556,[0.2617004  0.19416925],1,2,"[0.294379027732062, 0.1921773781634303]",0,0
24557,[0.78804025 0.64469058],2,0,"[0.7890750777399501, 0.6799557517006445]",1,-1
24558,[0.72615119 0.66775498],3,0,"[0.7890750777399501, 0.6799557517006445]",1,-1
24559,[0.68435535 0.71005937],3,-1,-1,1,-1
24560,[0.60744906 0.66500091],3,-1,-1,1,-1
24561,[0.26099497 0.26191961],1,-1,-1,0,0
24562,[0.23291156 0.11720059],1,-1,-1,0,0
24563,[0.60085559 0.5750932 ],3,3,"[0.6601234827680622, 0.6109507568947781]",1,-1
24564,[0.25174103 0.20348381],1,2,"[0.294379027732062, 0.1921773781634303]",0,0
24565,[0.83248943 0.63253383],2,0,"[0.7890750777399501, 0.6799557517006445]",1,-1
24566,[0.69574606 0.7030413 ],2,-1,-1,1,-1
24567,[0.75877471 0.69030433],2,0,"[0.7890750777399501, 0.6799557517006445]",1,-1
24568,[0.6813339  0.66002505],3,3,"[0.6601234827680622, 0.6109507568947781]",1,-1
24569,[0.47748848 0.54198376],0,-1,-1,1,-1
24570,[0.26897797 0.22646924],1,2,"[0.294379027732062, 0.1921773781634303]",0,0
24571,[0.69319718 0.67789258],3,-1,-1,1,-1
24572,[0.69582822 0.58551157],3,3,"[0.6601234827680622, 0.6109507568947781]",1,-1
24573,[0.36574105 0.23232951],1,-1,-1,0,0
24574,[0.4274     0.26504265],1,-1,-1,0,0
24575,[0.28361736 0.16114779],1,2,"[0.294379027732062, 0.1921773781634303]",0,0
24576,[0.3353192  0.56301456],0,1,"[0.37965276877051146, 0.575157747726818]",1,-1
24577,[0.64811054 0.62734196],3,3,"[0.6601234827680622, 0.6109507568947781]",1,-1
24578,[0.72975734 0.62640398],2,-1,-1,1,-1
24579,[0.76031341 0.708718  ],2,0,"[0.7890750777399501, 0.6799557517006445]",1,-1
24580,[0.84738934 0.64656081],2,0,"[0.7890750777399501, 0.6799557517006445]",1,-1
24581,[0.35326965 0.54399561],0,1,"[0.37965276877051146, 0.575157747726818]",1,-1
24582,[0.39330823 0.63037759],0,1,"[0.37965276877051146, 0.575157747726818]",1,-1
24583,[0.23493277 0.24675801],1,-1,-1,0,0
24584,[0.7016927  0.65527971],3,3,"[0.6601234827680622, 0.6109507568947781]",1,-1
24585,[0.36719077 0.60363508],0,1,"[0.37965276877051146, 0.575157747726818]",1,-1
24586,[0.68475575 0.75350137],3,-1,-1,1,-1
24587,[0.43056068 0.49810065],0,-1,-1,1,-1
24588,[0.66304927 0.64887347],2,3,"[0.6601234827680622, 0.6109507568947781]",1,-1
24589,[0.69808317 0.56920802],3,3,"[0.6601234827680622, 0.6109507568947781]",1,-1
24590,[0.24213613 0.23627251],1,2,"[0.294379027732062, 0.1921773781634303]",0,0
24591,[0.61449695 0.55922434],3,3,"[0.6601234827680622, 0.6109507568947781]",1,-1
24592,[0.64401317 0.68853113],3,-1,-1,1,-1
24593,[0.68050486 0.61656939],3,3,"[0.6601234827680622, 0.6109507568947781]",1,5
24594,[0.81644813 0.71669603],2,0,"[0.7890750777399501, 0.6799557517006445]",1,-1
24595,[0.3932624  0.64025942],0,1,"[0.37965276877051146, 0.575157747726818]",1,-1
24596,[0.68033891 0.58093291],3,3,"[0.6601234827680622, 0.6109507568947781]",1,-1
24597,[0.79222581 0.72789579],2,0,"[0.7890750777399501, 0.6799557517006445]",1,-1
24598,[0.29116135 0.22366021],1,2,"[0.294379027732062, 0.1921773781634303]",0,0
24599,[0.29367707 0.23566938],1,2,"[0.294379027732062, 0.1921773781634303]",0,0
24600,[0.42119226 0.62027805],0,1,"[0.37965276877051146, 0.575157747726818]",1,-1
24601,[0.29820091 0.28444132],1,-1,-1,0,0
24602,[0.65760254 0.54927784],3,3,"[0.6601234827680622, 0.6109507568947781]",1,-1
24603,[0.41122275 0.53084844],0,1,"[0.37965276877051146, 0.575157747726818]",1,-1
24604,[0.81006491 0.71431723],2,0,"[0.7890750777399501, 0.6799557517006445]",1,-1
24605,[0.34327691 0.50370718],0,-1,-1,1,-1
24606,[0.29206744 0.21206632],1,2,"[0.294379027732062, 0.1921773781634303]",0,0
24607,[0.31800066 0.29021622],1,-1,-1,0,0
24608,[0.7352841  0.64927336],2,0,"[0.7890750777399501, 0.6799557517006445]",1,-1
24609,[0.86715215 0.58759987],2,-1,-1,1,-1
24610,[0.81452119 0.68320339],2,0,"[0.7890750777399501, 0.6799557517006445]",1,4
24611,[0.70306046 0.60542695],3,3,"[0.6601234827680622, 0.6109507568947781]",1,-1
24612,[0.32468283 0.18652423],1,2,"[0.294379027732062, 0.1921773781634303]",0,0
24613,[0.32221589 0.16689814],1,2,"[0.294379027732062, 0.1921773781634303]",0,0
24614,[0.79001422 0.58503493],2,-1,-1,1,-1
24615,[0.29188717 0.1722039 ],1,2,"[0.294379027732062, 0.1921773781634303]",0,0
24616,[0.65551614 0.57236693],3,3,"[0.6601234827680622, 0.6109507568947781]",1,-1
24617,[0.67596303 0.65852211],3,3,"[0.6601234827680622, 0.6109507568947781]",1,-1
24618,[0.27167565 0.24024286],1,2,"[0.294379027732062, 0.1921773781634303]",0,0
24619,[0.41755184 0.63645375],0,-1,-1,1,-1
24620,[0.74610865 0.68058853],2,0,"[0.7890750777399501, 0.6799557517006445]",1,-1
24621,[0.84091178 0.70620929],2,0,"[0.7890750777399501, 0.6799557517006445]",1,-1
24622,[0.36016859 0.59798362],0,1,"[0.37965276877051146, 0.575157747726818]",1,-1
24623,[0.40086104 0.56077333],0,1,"[0.37965276877051146, 0.575157747726818]",1,-1
24624,[0.67444857 0.48644065],3,-1,-1,1,-1
24625,[0.30200772 0.57290094],0,-1,-1,1,-1
24626,[0.70011078 0.55437816],3,3,"[0.6601234827680622, 0.6109507568947781]",1,-1
24627,[0.77098906 0.63233097],3,0,"[0.7890750777399501, 0.6799557517006445]",1,-1
24628,[0.41504854 0.50606678],0,-1,-1,1,-1
24629,[0.76945737 0.69347579],2,0,"[0.7890750777399501, 0.6799557517006445]",1,-1
24630,[0.77915771 0.61901707],3,0,"[0.7890750777399501, 0.6799557517006445]",1,-1
24631,[0.40164288 0.57696783],0,1,"[0.37965276877051146, 0.575157747726818]",1,-1
24632,[0.44683223 0.49851095],0,-1,-1,1,-1
24633,[0.38205584 0.28708127],1,-1,-1,0,0
24634,[0.72394739 0.55533954],3,-1,-1,1,-1
24635,[0.81174894 0.62933367],2,0,"[0.7890750777399501, 0.6799557517006445]",1,-1
24636,[0.62247224 0.62281372],3,3,"[0.6601234827680622, 0.6109507568947781]",1,-1
24637,[0.61125845 0.65236968],3,3,"[0.6601234827680622, 0.6109507568947781]",1,-1
24638,[0.40778288 0.65149175],0,-1,-1,1,-1
24639,[0.79201909 0.67315444],2,0,"[0.7890750777399501, 0.6799557517006445]",1,4
24640,[0.34625407 0.57301329],0,1,"[0.37965276877051146, 0.575157747726818]",1,-1
24641,[0.79198765 0.71341151],2,0,"[0.7890750777399501, 0.6799557517006445]",1,-1
24642,[0.69506217 0.60815999],3,3,"[0.6601234827680622, 0.6109507568947781]",1,-1
24643,[0.31564776 0.23343956],1,2,"[0.294379027732062, 0.1921773781634303]",0,0
24644,[0.41439799 0.47444157],0,-1,-1,1,-1
24645,[0.3789381  0.17539837],1,-1,-1,0,0
24646,[0.42554168 0.59824051],0,1,"[0.37965276877051146, 0.575157747726818]",1,-1
24647,[0.42050823 0.2016802 ],1,-1,-1,0,0
24648,[0.26036417 0.12726581],1,-1,-1,0,0
24649,[0.71528783 0.60996701],3,3,"[0.6601234827680622, 0.6109507568947781]",1,-1
24650,[0.36283277 0.52821821],0,1,"[0.37965276877051146, 0.575157747726818]",1,-1
24651,[0.68603215 0.61262239],3,3,"[0.6601234827680622, 0.6109507568947781]",1,5
24652,[0.23726608 0.17633905],1,2,"[0.294379027732062, 0.1921773781634303]",0,0
24653,[0.76418692 0.67058529],2,0,"[0.7890750777399501, 0.6799557517006445]",1,-1
24654,[0.31285083 0.15577145],1,2,"[0.294379027732062, 0.1921773781634303]",0,0
24655,[0.3221435  0.62098342],0,-1,-1,1,-1
24656,[0.64887503 0.66746249],3,3,"[0.6601234827680622, 0.6109507568947781]",1,-1
24657,[0.44177117 0.14185205],1,-1,-1,0,0
24658,[0.79725772 0.72391757],2,0,"[0.7890750777399501, 0.6799557517006445]",1,-1
24659,[0.69536441 0.54565618],3,-1,-1,1,-1
24660,[0.4410809  0.55631083],0,1,"[0.37965276877051146, 0.575157747726818]",1,-1
24661,[0.16017656 0.25262314],1,-1,-1,0,0
24662,[0.84427018 0.57929561],2,-1,-1,1,-1
24663,[0.26540448 0.63782533],0,-1,-1,1,-1
24664,[0.72745561 0.68270193],2,0,"[0.7890750777399501, 0.6799557517006445]",1,-1
24665,[0.66838327 0.58509747],3,3,"[0.6601234827680622, 0.6109507568947781]",1,-1
24666,[0.33529881 0.6809638 ],0,-1,-1,1,-1
24667,[0.61520218 0.62728579],3,3,"[0.6601234827680622, 0.6109507568947781]",1,-1
24668,[0.41085925 0.57860404],0,1,"[0.37965276877051146, 0.575157747726818]",1,2
24669,[0.30036259 0.14895126],1,2,"[0.294379027732062, 0.1921773781634303]",0,0
24670,[0.67347888 0.69288147],3,-1,-1,1,-1
24671,[0.30748877 0.61919036],0,-1,-1,1,-1
24672,[0.41437723 0.56886017],0,1,"[0.37965276877051146, 0.575157747726818]",1,-1
24673,[0.44324112 0.62165945],0,-1,-1,1,-1
24674,[0.3535729 0.2073199],1,2,"[0.294379027732062, 0.1921773781634303]",0,0
24675,[0.28059222 0.22774881],1,2,"[0.294379027732062, 0.1921773781634303]",0,0
24676,[0.61996834 0.59971254],3,3,"[0.6601234827680622, 0.6109507568947781]",1,-1
24677,[0.34350481 0.24257778],1,-1,-1,0,0
24678,[0.3427523  0.20234912],1,2,"[0.294379027732062, 0.1921773781634303]",0,0
24679,[0.34578004 0.19677879],1,2,"[0.294379027732062, 0.1921773781634303]",0,0
24680,[0.39320623 0.24738655],1,-1,-1,0,0
24681,[0.40359357 0.59290616],0,1,"[0.37965276877051146, 0.575157747726818]",1,-1
24682,[0.73578728 0.55084431],3,-1,-1,1,-1
24683,[0.27497179 0.13226872],1,2,"[0.294379027732062, 0.1921773781634303]",0,0
24684,[0.69411278 0.51393789],3,-1,-1,1,-1
24685,[0.31967916 0.25341253],1,2,"[0.294379027732062, 0.1921773781634303]",0,0
24686,[0.80918453 0.67007636],2,0,"[0.7890750777399501, 0.6799557517006445]",1,-1
24687,[0.67209368 0.56688285],3,3,"[0.6601234827680622, 0.6109507568947781]",1,-1
24688,[0.28826455 0.60547362],0,-1,-1,1,-1
24689,[0.27184948 0.23752373],1,2,"[0.294379027732062, 0.1921773781634303]",0,0
24690,[0.39472639 0.52272139],0,1,"[0.37965276877051146, 0.575157747726818]",1,-1
24691,[0.37891507 0.61209818],0,1,"[0.37965276877051146, 0.575157747726818]",1,-1
24692,[0.73898943 0.73259696],2,-1,-1,1,-1
24693,[0.29580316 0.19819252],1,2,"[0.294379027732062, 0.1921773781634303]",0,0
24694,[0.83537778 0.70523447],2,0,"[0.7890750777399501, 0.6799557517006445]",1,-1
24695,[0.41965963 0.64444613],0,-1,-1,1,-1
24696,[0.66619692 0.63628692],3,3,"[0.6601234827680622, 0.6109507568947781]",1,-1
24697,[0.1651811  0.16377514],1,-1,-1,0,0
24698,[0.23873305 0.20498321],1,2,"[0.294379027732062, 0.1921773781634303]",0,0
24699,[0.80069135 0.72425366],2,0,"[0.7890750777399501, 0.6799557517006445]",1,-1
24700,[0.69557267 0.65664449],2,3,"[0.6601234827680622, 0.6109507568947781]",1,-1
24701,[0.7007699  0.70093464],2,-1,-1,1,-1
24702,[0.32157123 0.49557116],0,-1,-1,1,-1
24703,[0.77480629 0.67457149],2,0,"[0.7890750777399501, 0.6799557517006445]",1,-1
24704,[0.66790864 0.5685049 ],3,3,"[0.6601234827680622, 0.6109507568947781]",1,-1
24705,[0.38312697 0.60599713],0,1,"[0.37965276877051146, 0.575157747726818]",1,-1
24706,[0.80010694 0.74397567],2,0,"[0.7890750777399501, 0.6799557517006445]",1,-1
24707,[0.73129496 0.70433913],2,0,"[0.7890750777399501, 0.6799557517006445]",1,-1
24708,[0.8335712  0.68916724],2,0,"[0.7890750777399501, 0.6799557517006445]",1,-1
24709,[0.77558771 0.61331357],2,0,"[0.7890750777399501, 0.6799557517006445]",1,-1
24710,[0.81447568 0.69902249],2,0,"[0.7890750777399501, 0.6799557517006445]",1,-1
24711,[0.35489732 0.52312928],0,1,"[0.37965276877051146, 0.575157747726818]",1,-1
24712,[0.32286278 0.10304916],1,-1,-1,0,0
24713,[0.76493786 0.68616683],2,0,"[0.7890750777399501, 0.6799557517006445]",1,-1
24714,[0.28831834 0.22034421],1,2,"[0.294379027732062, 0.1921773781634303]",0,0
24715,[0.6163503  0.57582912],3,3,"[0.6601234827680622, 0.6109507568947781]",1,-1
24716,[0.65906462 0.58752607],3,3,"[0.6601234827680622, 0.6109507568947781]",1,-1
24717,[0.6718025  0.64365364],2,3,"[0.6601234827680622, 0.6109507568947781]",1,-1
24718,[0.31670065 0.16874929],1,2,"[0.294379027732062, 0.1921773781634303]",0,0
24719,[0.38319384 0.62119357],0,1,"[0.37965276877051146, 0.575157747726818]",1,-1
24720,[0.37772367 0.58923623],0,1,"[0.37965276877051146, 0.575157747726818]",1,-1
24721,[0.75678082 0.67294784],2,0,"[0.7890750777399501, 0.6799557517006445]",1,-1
24722,[0.70583488 0.71668752],2,-1,-1,1,-1
24723,[0.77320147 0.68384327],2,0,"[0.7890750777399501, 0.6799557517006445]",1,4
24724,[0.65138045 0.65754946],3,3,"[0.6601234827680622, 0.6109507568947781]",1,-1
24725,[0.39847522 0.56224847],0,1,"[0.37965276877051146, 0.575157747726818]",1,2
24726,[0.71553255 0.66601747],2,-1,-1,1,-1
24727,[0.3340991  0.18222406],1,2,"[0.294379027732062, 0.1921773781634303]",0,0
24728,[0.75717956 0.65628716],2,0,"[0.7890750777399501, 0.6799557517006445]",1,3
24729,[0.70094891 0.62618403],3,3,"[0.6601234827680622, 0.6109507568947781]",1,-1
24730,[0.77354782 0.6963987 ],2,0,"[0.7890750777399501, 0.6799557517006445]",1,-1
24731,[0.73541987 0.72265199],2,0,"[0.7890750777399501, 0.6799557517006445]",1,-1
24732,[0.69578928 0.57399379],3,3,"[0.6601234827680622, 0.6109507568947781]",1,-1
24733,[0.56753117 0.70148089],3,-1,-1,1,-1
24734,[0.22000005 0.23025453],1,-1,-1,0,0
24735,[0.37624994 0.51713976],0,1,"[0.37965276877051146, 0.575157747726818]",1,-1
24736,[0.31007928 0.57363902],0,1,"[0.37965276877051146, 0.575157747726818]",1,-1
24737,[0.35662331 0.597751  ],0,1,"[0.37965276877051146, 0.575157747726818]",1,-1
24738,[0.86563892 0.65964746],2,-1,-1,1,-1
24739,[0.63120363 0.59844493],3,3,"[0.6601234827680622, 0.6109507568947781]",1,-1
24740,[0.25338759 0.19928247],1,2,"[0.294379027732062, 0.1921773781634303]",0,0
24741,[0.30758081 0.27198221],1,-1,-1,0,0
24742,[0.23330787 0.17096895],1,2,"[0.294379027732062, 0.1921773781634303]",0,0
24743,[0.38787549 0.21976195],1,-1,-1,0,0
24744,[0.74680741 0.77861449],2,-1,-1,1,-1
24745,[0.70033745 0.67371608],3,-1,-1,1,-1
24746,[0.69840136 0.53697127],3,-1,-1,1,-1
24747,[0.37595452 0.67861034],0,-1,-1,1,-1
24748,[0.47409875 0.56255958],0,-1,-1,1,-1
24749,[0.34494116 0.61089407],0,1,"[0.37965276877051146, 0.575157747726818]",1,-1
24750,[0.26905801 0.22285623],1,2,"[0.294379027732062, 0.1921773781634303]",0,0
24751,[0.75170019 0.71082568],2,0,"[0.7890750777399501, 0.6799557517006445]",1,-1
24752,[0.4006095 0.664128 ],0,-1,-1,1,-1
24753,[0.6648477  0.64914504],3,3,"[0.6601234827680622, 0.6109507568947781]",1,-1
24754,[0.76812046 0.73518221],2,0,"[0.7890750777399501, 0.6799557517006445]",1,-1
24755,[0.3259703  0.64444791],0,-1,-1,1,-1
24756,[0.3600401 0.4209804],0,-1,-1,1,-1
24757,[0.38453542 0.70959112],0,-1,-1,1,-1
24758,[0.44979819 0.54526814],0,-1,-1,1,-1
24759,[0.25476983 0.27721753],1,-1,-1,0,0
24760,[0.25475567 0.14366875],1,2,"[0.294379027732062, 0.1921773781634303]",0,0
24761,[0.27793107 0.2251343 ],1,2,"[0.294379027732062, 0.1921773781634303]",0,0
24762,[0.36279022 0.18110651],1,2,"[0.294379027732062, 0.1921773781634303]",0,0
24763,[0.39053043 0.13791238],1,-1,-1,0,0
24764,[0.38586637 0.23195003],1,-1,-1,0,0
24765,[0.25772329 0.17609548],1,2,"[0.294379027732062, 0.1921773781634303]",0,0
24766,[0.26547779 0.16037417],1,2,"[0.294379027732062, 0.1921773781634303]",0,0
24767,[0.6731253  0.68988819],3,-1,-1,1,-1
24768,[0.33307068 0.57314715],0,1,"[0.37965276877051146, 0.575157747726818]",1,-1
24769,[0.26350952 0.14001749],1,2,"[0.294379027732062, 0.1921773781634303]",0,0
24770,[0.26610354 0.        ],1,-1,-1,0,-1
24771,[0.32016011 0.15783784],1,2,"[0.294379027732062, 0.1921773781634303]",0,0
24772,[0.58796949 0.61067096],3,-1,-1,1,-1
24773,[0.36819657 0.52999944],0,1,"[0.37965276877051146, 0.575157747726818]",1,-1
24774,[0.69558978 0.70071108],2,-1,-1,1,-1
24775,[0.80104146 0.57385589],2,-1,-1,1,-1
24776,[0.59785958 0.57756467],3,-1,-1,1,-1
24777,[0.68202657 0.64636325],3,3,"[0.6601234827680622, 0.6109507568947781]",1,-1
24778,[0.38903256 0.1495878 ],1,-1,-1,0,0
24779,[0.74860426 0.69099546],2,0,"[0.7890750777399501, 0.6799557517006445]",1,-1
24780,[0.70238466 0.68516455],2,-1,-1,1,-1
24781,[0.2760149  0.61250624],0,-1,-1,1,-1
24782,[0.78722145 0.56147272],2,-1,-1,1,-1
24783,[0.79030655 0.72743665],2,0,"[0.7890750777399501, 0.6799557517006445]",1,-1
24784,[0.21696396 0.17007089],1,-1,-1,0,0
24785,[0.61464102 0.56979535],3,3,"[0.6601234827680622, 0.6109507568947781]",1,-1
24786,[0.76341189 0.62165151],3,0,"[0.7890750777399501, 0.6799557517006445]",1,-1
24787,[0.7748755  0.71016436],2,0,"[0.7890750777399501, 0.6799557517006445]",1,-1
24788,[0.78552997 0.74563855],2,0,"[0.7890750777399501, 0.6799557517006445]",1,-1
24789,[0.65669427 0.63589991],3,3,"[0.6601234827680622, 0.6109507568947781]",1,-1
24790,[0.88261774 0.72810312],2,-1,-1,1,-1
24791,[0.63054911 0.61930533],3,3,"[0.6601234827680622, 0.6109507568947781]",1,-1
24792,[0.67355483 0.63779155],2,3,"[0.6601234827680622, 0.6109507568947781]",1,-1
24793,[0.35358879 0.59817369],0,1,"[0.37965276877051146, 0.575157747726818]",1,-1
24794,[0.28855982 0.18800547],1,2,"[0.294379027732062, 0.1921773781634303]",0,0
24795,[0.67423726 0.59269708],3,3,"[0.6601234827680622, 0.6109507568947781]",1,-1
24796,[0.64421268 0.57239532],3,3,"[0.6601234827680622, 0.6109507568947781]",1,-1
24797,[0.66251413 0.60988162],3,3,"[0.6601234827680622, 0.6109507568947781]",1,-1
24798,[0.31259172 0.25495152],1,2,"[0.294379027732062, 0.1921773781634303]",0,0
24799,[0.64280378 0.68689603],3,-1,-1,1,-1
24800,[0.73212457 0.6727517 ],3,0,"[0.7890750777399501, 0.6799557517006445]",1,-1
24801,[0.63619449 0.6306057 ],3,3,"[0.6601234827680622, 0.6109507568947781]",1,-1
24802,[0.73317661 0.6550395 ],2,0,"[0.7890750777399501, 0.6799557517006445]",1,-1
24803,[0.83980658 0.68450488],2,0,"[0.7890750777399501, 0.6799557517006445]",1,-1
24804,[0.28014459 0.22810382],1,2,"[0.294379027732062, 0.1921773781634303]",0,0
24805,[0.70422097 0.63462315],3,3,"[0.6601234827680622, 0.6109507568947781]",1,-1
24806,[0.79544868 0.69512747],2,0,"[0.7890750777399501, 0.6799557517006445]",1,-1
24807,[0.37329755 0.64795435],0,-1,-1,1,-1
24808,[0.62145968 0.65214166],3,3,"[0.6601234827680622, 0.6109507568947781]",1,-1
24809,[0.72552079 0.58771393],3,3,"[0.6601234827680622, 0.6109507568947781]",1,-1
24810,[0.3051842  0.62690587],0,-1,-1,1,-1
24811,[0.6746745  0.61486093],3,3,"[0.6601234827680622, 0.6109507568947781]",1,-1
24812,[0.1653585  0.23627683],1,-1,-1,0,0
24813,[0.34014622 0.60935716],0,1,"[0.37965276877051146, 0.575157747726818]",1,-1
24814,[0.34025329 0.54152435],0,1,"[0.37965276877051146, 0.575157747726818]",1,-1
24815,[0.36562953 0.22407801],1,-1,-1,0,0
24816,[0.66494904 0.59019037],3,3,"[0.6601234827680622, 0.6109507568947781]",1,-1
24817,[0.7041836  0.57499722],3,3,"[0.6601234827680622, 0.6109507568947781]",1,-1
24818,[0.13822394 0.16964934],1,-1,-1,0,0
24819,[0.78736376 0.66215567],2,0,"[0.7890750777399501, 0.6799557517006445]",1,-1
24820,[0.56352098 0.63722113],3,-1,-1,1,-1
24821,[0.79150621 0.72140612],2,0,"[0.7890750777399501, 0.6799557517006445]",1,-1
24822,[0.64223405 0.68963061],3,-1,-1,1,-1
24823,[0.71615701 0.53776203],3,-1,-1,1,-1
24824,[0.33615563 0.66308295],0,-1,-1,1,-1
24825,[0.26568679 0.17673841],1,2,"[0.294379027732062, 0.1921773781634303]",0,0
24826,[0.34018988 0.59819238],0,1,"[0.37965276877051146, 0.575157747726818]",1,-1
24827,[0.31227487 0.21002688],1,2,"[0.294379027732062, 0.1921773781634303]",0,0
24828,[0.29973749 0.20622701],1,2,"[0.294379027732062, 0.1921773781634303]",0,0
24829,[0.73329742 0.6479319 ],2,0,"[0.7890750777399501, 0.6799557517006445]",1,-1
24830,[0.35176614 0.53724452],0,1,"[0.37965276877051146, 0.575157747726818]",1,-1
24831,[0.41822471 0.49947005],0,-1,-1,1,-1
24832,[0.74747989 0.69112684],2,0,"[0.7890750777399501, 0.6799557517006445]",1,-1
24833,[0.79938734 0.71953128],2,0,"[0.7890750777399501, 0.6799557517006445]",1,-1
24834,[0.719036   0.62849262],2,3,"[0.6601234827680622, 0.6109507568947781]",1,-1
24835,[0.88981225 0.64283798],2,-1,-1,1,-1
24836,[0.76665042 0.68017089],2,0,"[0.7890750777399501, 0.6799557517006445]",1,4
24837,[0.3187082 0.2578778],1,-1,-1,0,0
24838,[0.7956261  0.67218346],2,0,"[0.7890750777399501, 0.6799557517006445]",1,4
24839,[0.35593097 0.55388468],0,1,"[0.37965276877051146, 0.575157747726818]",1,-1
24840,[0.73341412 0.62565116],2,-1,-1,1,-1
24841,[0.62422243 0.59379001],3,3,"[0.6601234827680622, 0.6109507568947781]",1,-1
24842,[0.31897491 0.20247591],1,2,"[0.294379027732062, 0.1921773781634303]",0,0
24843,[0.29290612 0.14339272],1,2,"[0.294379027732062, 0.1921773781634303]",0,0
24844,[0.2970933  0.59361351],0,-1,-1,1,-1
24845,[0.5666789  0.63882586],3,-1,-1,1,-1
24846,[0.35821324 0.62346147],0,1,"[0.37965276877051146, 0.575157747726818]",1,-1
24847,[0.77247956 0.65856691],2,0,"[0.7890750777399501, 0.6799557517006445]",1,-1
24848,[0.7938904  0.66960553],2,0,"[0.7890750777399501, 0.6799557517006445]",1,4
24849,[0.75584216 0.74750591],2,-1,-1,1,-1
24850,[0.65672884 0.65770362],3,3,"[0.6601234827680622, 0.6109507568947781]",1,-1
24851,[0.22676708 0.18939934],1,2,"[0.294379027732062, 0.1921773781634303]",0,0
24852,[0.83973101 0.77354967],2,-1,-1,1,-1
24853,[0.31575079 0.18120574],1,2,"[0.294379027732062, 0.1921773781634303]",0,0
24854,[0.75987074 0.76095262],2,-1,-1,1,-1
24855,[0.8372076  0.69824281],2,0,"[0.7890750777399501, 0.6799557517006445]",1,-1
24856,[0.33344496 0.64484815],0,-1,-1,1,-1
24857,[0.72727975 0.69076252],2,0,"[0.7890750777399501, 0.6799557517006445]",1,-1
24858,[0.36303019 0.18138716],1,2,"[0.294379027732062, 0.1921773781634303]",0,0
24859,[0.34923199 0.21183076],1,2,"[0.294379027732062, 0.1921773781634303]",0,0
24860,[0.79428736 0.66777143],2,0,"[0.7890750777399501, 0.6799557517006445]",1,4
24861,[0.7030882  0.65074099],3,3,"[0.6601234827680622, 0.6109507568947781]",1,-1
24862,[0.56239311 0.57973753],3,-1,-1,1,-1
24863,[0.26553469 0.19721357],1,2,"[0.294379027732062, 0.1921773781634303]",0,0
24864,[0.67162515 0.56013866],3,3,"[0.6601234827680622, 0.6109507568947781]",1,-1
24865,[0.81127151 0.68665863],2,0,"[0.7890750777399501, 0.6799557517006445]",1,4
24866,[0.2887293  0.51296983],0,-1,-1,1,-1
24867,[0.97520084 0.78691847],2,-1,-1,1,-1
24868,[0.21758365 0.17842414],1,-1,-1,0,0
24869,[0.26567511 0.19561266],1,2,"[0.294379027732062, 0.1921773781634303]",0,0
24870,[0.84317103 0.61350434],2,-1,-1,1,-1
24871,[0.79452094 0.61806104],2,0,"[0.7890750777399501, 0.6799557517006445]",1,-1
24872,[0.79525416 0.64050609],2,0,"[0.7890750777399501, 0.6799557517006445]",1,-1
24873,[0.29416862 0.17695475],1,2,"[0.294379027732062, 0.1921773781634303]",0,0
24874,[0.73319219 0.59598731],3,-1,-1,1,-1
24875,[0.66569307 0.5668713 ],3,3,"[0.6601234827680622, 0.6109507568947781]",1,-1
24876,[0.63370022 0.67585448],3,-1,-1,1,-1
24877,[0.29586319 0.16071874],1,2,"[0.294379027732062, 0.1921773781634303]",0,0
24878,[0.48167137 0.61095161],0,-1,-1,1,-1
24879,[0.63896449 0.55496375],3,3,"[0.6601234827680622, 0.6109507568947781]",1,-1
24880,[0.82395521 0.70224892],2,0,"[0.7890750777399501, 0.6799557517006445]",1,-1
24881,[0.40382501 0.5579309 ],0,1,"[0.37965276877051146, 0.575157747726818]",1,-1
24882,[0.67019643 0.57749824],3,3,"[0.6601234827680622, 0.6109507568947781]",1,-1
24883,[0.39988874 0.550401  ],0,1,"[0.37965276877051146, 0.575157747726818]",1,-1
24884,[0.8140642  0.66238703],2,0,"[0.7890750777399501, 0.6799557517006445]",1,-1
24885,[0.81172988 0.6380964 ],2,0,"[0.7890750777399501, 0.6799557517006445]",1,-1
24886,[0.40356246 0.6108985 ],0,1,"[0.37965276877051146, 0.575157747726818]",1,-1
24887,[0.71629574 0.72539219],3,-1,-1,1,-1
24888,[0.74299275 0.67671681],2,0,"[0.7890750777399501, 0.6799557517006445]",1,-1
24889,[0.23463954 0.61530991],0,-1,-1,1,-1
24890,[0.39424511 0.53403166],0,1,"[0.37965276877051146, 0.575157747726818]",1,-1
24891,[0.36785249 0.6133361 ],0,1,"[0.37965276877051146, 0.575157747726818]",1,-1
24892,[0.41452118 0.56993368],0,1,"[0.37965276877051146, 0.575157747726818]",1,2
24893,[0.36526499 0.21546223],1,-1,-1,0,0
24894,[0.80884457 0.69262537],2,0,"[0.7890750777399501, 0.6799557517006445]",1,-1
24895,[0.38841477 0.52805028],0,1,"[0.37965276877051146, 0.575157747726818]",1,-1
24896,[0.2577112  0.27723913],1,-1,-1,0,0
24897,[0.43541589 0.58096304],0,1,"[0.37965276877051146, 0.575157747726818]",1,-1
24898,[0.28561725 0.22532314],1,2,"[0.294379027732062, 0.1921773781634303]",0,0
24899,[0.26803896 0.14423095],1,2,"[0.294379027732062, 0.1921773781634303]",0,0
24900,[0.42647501 0.55586114],0,1,"[0.37965276877051146, 0.575157747726818]",1,-1
24901,[0.65681898 0.6610451 ],3,3,"[0.6601234827680622, 0.6109507568947781]",1,-1
24902,[0.80210603 0.64928049],2,0,"[0.7890750777399501, 0.6799557517006445]",1,-1
24903,[0.32656412 0.25232683],1,2,"[0.294379027732062, 0.1921773781634303]",0,0
24904,[0.32204606 0.5814047 ],0,1,"[0.37965276877051146, 0.575157747726818]",1,-1
24905,[0.18530238 0.16676527],1,-1,-1,0,0
24906,[0.87112882 0.65775481],2,-1,-1,1,-1
24907,[0.76299706 0.69291455],2,0,"[0.7890750777399501, 0.6799557517006445]",1,-1
24908,[0.6274125  0.68307959],3,-1,-1,1,-1
24909,[0.2624189  0.21097812],1,2,"[0.294379027732062, 0.1921773781634303]",0,0
24910,[0.28984305 0.18658358],1,2,"[0.294379027732062, 0.1921773781634303]",0,0
24911,[0.31596991 0.25268956],1,2,"[0.294379027732062, 0.1921773781634303]",0,0
24912,[0.30993209 0.22153877],1,2,"[0.294379027732062, 0.1921773781634303]",0,0
24913,[0.31295333 0.16277413],1,2,"[0.294379027732062, 0.1921773781634303]",0,0
24914,[0.63556767 0.53208544],3,-1,-1,1,-1
24915,[0.26731888 0.2190547 ],1,2,"[0.294379027732062, 0.1921773781634303]",0,0
24916,[0.1970981  0.19442988],1,-1,-1,0,0
24917,[0.79115619 0.71144302],2,0,"[0.7890750777399501, 0.6799557517006445]",1,-1
24918,[0.84969703 0.69162692],2,0,"[0.7890750777399501, 0.6799557517006445]",1,-1
24919,[0.44012233 0.59138704],0,1,"[0.37965276877051146, 0.575157747726818]",1,-1
24920,[0.73186044 0.6488652 ],2,0,"[0.7890750777399501, 0.6799557517006445]",1,-1
24921,[0.3308547  0.23808446],1,2,"[0.294379027732062, 0.1921773781634303]",0,0
24922,[0.41373789 0.52402232],0,1,"[0.37965276877051146, 0.575157747726818]",1,-1
24923,[0.30081412 0.53315506],0,-1,-1,1,-1
24924,[0.66911099 0.59519419],3,3,"[0.6601234827680622, 0.6109507568947781]",1,-1
24925,[0.78172441 0.65644871],2,0,"[0.7890750777399501, 0.6799557517006445]",1,-1
24926,[0.80931768 0.67274397],2,0,"[0.7890750777399501, 0.6799557517006445]",1,-1
24927,[0.43295634 0.57982393],0,1,"[0.37965276877051146, 0.575157747726818]",1,-1
24928,[0.70461213 0.60683116],3,3,"[0.6601234827680622, 0.6109507568947781]",1,-1
24929,[0.72740466 0.66595072],3,0,"[0.7890750777399501, 0.6799557517006445]",1,-1
24930,[0.76212702 0.67604993],2,0,"[0.7890750777399501, 0.6799557517006445]",1,-1
24931,[0.84824142 0.67765246],2,0,"[0.7890750777399501, 0.6799557517006445]",1,-1
24932,[0.20226832 0.153495  ],1,-1,-1,0,0
24933,[0.2893419  0.60146813],0,-1,-1,1,-1
24934,[0.74577696 0.67526386],2,0,"[0.7890750777399501, 0.6799557517006445]",1,-1
24935,[0.77841192 0.61703414],2,0,"[0.7890750777399501, 0.6799557517006445]",1,-1
24936,[0.67519448 0.57946091],3,3,"[0.6601234827680622, 0.6109507568947781]",1,-1
24937,[0.76461925 0.66657499],2,0,"[0.7890750777399501, 0.6799557517006445]",1,-1
24938,[0.35785391 0.22057968],1,2,"[0.294379027732062, 0.1921773781634303]",0,0
24939,[0.21019525 0.14594952],1,-1,-1,0,0
24940,[0.74757196 0.55304776],3,-1,-1,1,-1
24941,[0.39251371 0.57040407],0,1,"[0.37965276877051146, 0.575157747726818]",1,2
24942,[0.62288035 0.5355266 ],3,-1,-1,1,-1
24943,[0.44084059 0.58780443],0,1,"[0.37965276877051146, 0.575157747726818]",1,-1
24944,[0.44007228 0.5694864 ],0,1,"[0.37965276877051146, 0.575157747726818]",1,-1
24945,[0.41095593 0.52694055],0,1,"[0.37965276877051146, 0.575157747726818]",1,-1
24946,[0.73698535 0.49180511],3,-1,-1,1,-1
24947,[0.31574355 0.2775852 ],1,-1,-1,0,0
24948,[0.2861021  0.60014242],0,-1,-1,1,-1
24949,[0.63963305 0.67401531],3,3,"[0.6601234827680622, 0.6109507568947781]",1,-1
24950,[0.73441641 0.57718817],3,-1,-1,1,-1
24951,[0.69421214 0.54542459],3,-1,-1,1,-1
24952,[0.42032896 0.62345915],0,1,"[0.37965276877051146, 0.575157747726818]",1,-1
24953,[0.76484681 0.61366456],2,-1,-1,1,-1
24954,[0.7357831  0.65193914],2,0,"[0.7890750777399501, 0.6799557517006445]",1,-1
24955,[0.29320375 0.19457912],1,2,"[0.294379027732062, 0.1921773781634303]",0,0
24956,[0.35268327 0.26677913],1,-1,-1,0,0
24957,[0.26503806 0.09567448],1,-1,-1,0,0
24958,[0.67291951 0.62170807],3,3,"[0.6601234827680622, 0.6109507568947781]",1,7
24959,[0.64259319 0.70813697],3,-1,-1,1,-1
24960,[0.7656133  0.60189899],2,-1,-1,1,-1
24961,[0.24243569 0.15413983],1,2,"[0.294379027732062, 0.1921773781634303]",0,0
24962,[0.39506755 0.6236452 ],0,1,"[0.37965276877051146, 0.575157747726818]",1,-1
24963,[0.78070499 0.73807633],2,0,"[0.7890750777399501, 0.6799557517006445]",1,-1
24964,[0.36350563 0.66761575],0,-1,-1,1,-1
24965,[0.62887664 0.59547119],3,3,"[0.6601234827680622, 0.6109507568947781]",1,-1
24966,[0.62146345 0.5848202 ],3,3,"[0.6601234827680622, 0.6109507568947781]",1,-1
24967,[0.31103845 0.24684261],1,2,"[0.294379027732062, 0.1921773781634303]",0,0
24968,[0.79239969 0.59060466],3,-1,-1,1,-1
24969,[0.32208597 0.58963267],0,1,"[0.37965276877051146, 0.575157747726818]",1,-1
24970,[0.31526442 0.15289306],1,2,"[0.294379027732062, 0.1921773781634303]",0,0
24971,[0.21677589 0.21386048],1,-1,-1,0,0
24972,[0.24924726 0.21412371],1,2,"[0.294379027732062, 0.1921773781634303]",0,0
24973,[0.80465904 0.65748465],2,0,"[0.7890750777399501, 0.6799557517006445]",1,-1
24974,[0.32259301 0.20605575],1,2,"[0.294379027732062, 0.1921773781634303]",0,0
24975,[0.67008307 0.64708076],3,3,"[0.6601234827680622, 0.6109507568947781]",1,-1
24976,[0.72823824 0.62832025],3,-1,-1,1,-1
24977,[0.88513108 0.71143835],2,-1,-1,1,-1
24978,[0.23752092 0.17881028],1,2,"[0.294379027732062, 0.1921773781634303]",0,0
24979,[0.63943021 0.63340914],3,3,"[0.6601234827680622, 0.6109507568947781]",1,-1
24980,[0.41716419 0.51054462],0,-1,-1,1,-1
24981,[0.43161768 0.62621922],0,-1,-1,1,-1
24982,[0.88404394 0.68765097],2,-1,-1,1,-1
24983,[0.24572821 0.18975549],1,2,"[0.294379027732062, 0.1921773781634303]",0,0
24984,[0.35756004 0.18805248],1,2,"[0.294379027732062, 0.1921773781634303]",0,0
24985,[0.34131371 0.12346167],1,-1,-1,0,0
24986,[0.3914888  0.15505918],1,-1,-1,0,0
24987,[0.40634108 0.58791857],0,1,"[0.37965276877051146, 0.575157747726818]",1,-1
24988,[0.5873029  0.60605692],3,-1,-1,1,-1
24989,[0.81355824 0.665004  ],2,0,"[0.7890750777399501, 0.6799557517006445]",1,-1
24990,[0.33234234 0.16710539],1,2,"[0.294379027732062, 0.1921773781634303]",0,0
24991,[0.81826751 0.80347027],2,-1,-1,1,-1
24992,[0.63981302 0.52460697],3,-1,-1,1,-1
24993,[0.67326232 0.55624424],3,3,"[0.6601234827680622, 0.6109507568947781]",1,-1
24994,[0.45361417 0.53217094],0,-1,-1,1,-1
24995,[0.24440903 0.26408895],1,-1,-1,0,0
24996,[0.82943957 0.66537419],2,0,"[0.7890750777399501, 0.6799557517006445]",1,-1
24997,[0.31855438 0.51125031],0,-1,-1,1,-1
24998,[0.30018139 0.19608523],1,2,"[0.294379027732062, 0.1921773781634303]",0,0
24999,[0.30094983 0.14972585],1,2,"[0.294379027732062, 0.1921773781634303]",0,0
25000,[0.82388251 0.71900105],2,0,"[0.7890750777399501, 0.6799557517006445]",1,-1
25001,[0.44639868 0.63131177],0,-1,-1,1,-1
25002,[0.38992197 0.28539479],1,-1,-1,0,0
25003,[0.32342384 0.19429231],1,2,"[0.294379027732062, 0.1921773781634303]",0,0
25004,[0.72677044 0.64227853],2,-1,-1,1,-1
25005,[0.76708384 0.68014814],2,0,"[0.7890750777399501, 0.6799557517006445]",1,4
25006,[0.27557132 0.19366182],1,2,"[0.294379027732062, 0.1921773781634303]",0,0
25007,[0.78175165 0.61310983],2,0,"[0.7890750777399501, 0.6799557517006445]",1,-1
25008,[0.67884075 0.56782468],3,3,"[0.6601234827680622, 0.6109507568947781]",1,-1
25009,[0.70909344 0.70549093],2,-1,-1,1,-1
25010,[0.35551303 0.55377661],0,1,"[0.37965276877051146, 0.575157747726818]",1,-1
25011,[0.73247483 0.60359503],3,-1,-1,1,-1
25012,[0.53651016 0.51421894],3,-1,-1,1,-1
25013,[0.38091843 0.72009111],0,-1,-1,1,-1
25014,[0.7823942  0.72508047],2,0,"[0.7890750777399501, 0.6799557517006445]",1,-1
25015,[0.20646882 0.1859467 ],1,-1,-1,0,0
25016,[0.29419908 0.63138973],0,-1,-1,1,-1
25017,[0.31619491 0.22619305],1,2,"[0.294379027732062, 0.1921773781634303]",0,0
25018,[0.31836619 0.18001932],1,2,"[0.294379027732062, 0.1921773781634303]",0,0
25019,[0.3385758  0.21082549],1,2,"[0.294379027732062, 0.1921773781634303]",0,0
25020,[0.73724082 0.66343436],2,0,"[0.7890750777399501, 0.6799557517006445]",1,-1
25021,[0.41560277 0.65577156],0,-1,-1,1,-1
25022,[0.29843996 0.52809084],0,-1,-1,1,-1
25023,[0.82212407 0.72318674],2,0,"[0.7890750777399501, 0.6799557517006445]",1,-1
25024,[0.2980501  0.13948691],1,2,"[0.294379027732062, 0.1921773781634303]",0,0
25025,[0.28320662 0.52752693],0,-1,-1,1,-1
25026,[0.32412512 0.20261171],1,2,"[0.294379027732062, 0.1921773781634303]",0,0
25027,[0.61105645 0.55475884],3,-1,-1,1,-1
25028,[0.43209457 0.60373944],0,1,"[0.37965276877051146, 0.575157747726818]",1,-1
25029,[0.31526046 0.20720061],1,2,"[0.294379027732062, 0.1921773781634303]",0,0
25030,[0.8602429  0.63804022],2,-1,-1,1,-1
25031,[0.30505511 0.15230233],1,2,"[0.294379027732062, 0.1921773781634303]",0,0
25032,[0.6782512  0.57471221],3,3,"[0.6601234827680622, 0.6109507568947781]",1,-1
25033,[0.28370379 0.598216  ],0,-1,-1,1,-1
25034,[0.30969548 0.18308445],1,2,"[0.294379027732062, 0.1921773781634303]",0,0
25035,[0.28545673 0.08120238],1,-1,-1,0,0
25036,[0.80406665 0.76663646],2,-1,-1,1,-1
25037,[0.34315078 0.5048709 ],0,-1,-1,1,-1
25038,[0.32784282 0.22592284],1,2,"[0.294379027732062, 0.1921773781634303]",0,0
25039,[0.35252215 0.21043108],1,2,"[0.294379027732062, 0.1921773781634303]",0,0
25040,[0.28589758 0.22119282],1,2,"[0.294379027732062, 0.1921773781634303]",0,0
25041,[0.6618405  0.57672061],3,3,"[0.6601234827680622, 0.6109507568947781]",1,-1
25042,[0.33350546 0.25661829],1,-1,-1,0,0
25043,[0.35924282 0.58949764],0,1,"[0.37965276877051146, 0.575157747726818]",1,-1
25044,[0.3426679  0.42341032],0,-1,-1,1,-1
25045,[0.35244729 0.54433087],0,1,"[0.37965276877051146, 0.575157747726818]",1,-1
25046,[0.26480761 0.2276652 ],1,2,"[0.294379027732062, 0.1921773781634303]",0,0
25047,[0.75140551 0.61734598],3,-1,-1,1,-1
25048,[0.79354948 0.61929063],2,0,"[0.7890750777399501, 0.6799557517006445]",1,-1
25049,[0.30971486 0.16574679],1,2,"[0.294379027732062, 0.1921773781634303]",0,0
25050,[0.38507783 0.55372353],0,1,"[0.37965276877051146, 0.575157747726818]",1,-1
25051,[0.42244702 0.65913718],0,-1,-1,1,-1
25052,[0.81785409 0.58837089],2,-1,-1,1,-1
25053,[0.62380086 0.6243005 ],3,3,"[0.6601234827680622, 0.6109507568947781]",1,-1
25054,[0.6356099  0.62420943],3,3,"[0.6601234827680622, 0.6109507568947781]",1,-1
25055,[0.32401018 0.60762265],0,1,"[0.37965276877051146, 0.575157747726818]",1,-1
25056,[0.30010485 0.172917  ],1,2,"[0.294379027732062, 0.1921773781634303]",0,0
25057,[0.35091108 0.63593734],0,1,"[0.37965276877051146, 0.575157747726818]",1,-1
25058,[0.77176889 0.59995244],3,-1,-1,1,-1
25059,[0.64254699 0.61704263],3,3,"[0.6601234827680622, 0.6109507568947781]",1,-1
25060,[0.76004841 0.71123549],2,0,"[0.7890750777399501, 0.6799557517006445]",1,-1
25061,[0.74167652 0.58956372],3,-1,-1,1,-1
25062,[0.62436625 0.61704647],3,3,"[0.6601234827680622, 0.6109507568947781]",1,-1
25063,[0.78426887 0.63828274],3,0,"[0.7890750777399501, 0.6799557517006445]",1,-1
25064,[0.32249318 0.56009679],0,1,"[0.37965276877051146, 0.575157747726818]",1,-1
25065,[0.65191911 0.56212342],3,3,"[0.6601234827680622, 0.6109507568947781]",1,-1
25066,[0.33096812 0.58393813],0,1,"[0.37965276877051146, 0.575157747726818]",1,-1
25067,[0.37163697 0.61899616],0,1,"[0.37965276877051146, 0.575157747726818]",1,-1
25068,[0.20726129 0.20994478],1,-1,-1,0,0
25069,[0.36371129 0.53449711],0,1,"[0.37965276877051146, 0.575157747726818]",1,-1
25070,[0.80419374 0.72188774],2,0,"[0.7890750777399501, 0.6799557517006445]",1,-1
25071,[0.68579024 0.59435579],3,3,"[0.6601234827680622, 0.6109507568947781]",1,-1
25072,[0.43498907 0.63869577],0,-1,-1,1,-1
25073,[0.28583634 0.56451551],0,-1,-1,1,-1
25074,[0.33228531 0.1255186 ],1,-1,-1,0,0
25075,[0.77270576 0.77491359],2,-1,-1,1,-1
25076,[0.41382282 0.60820478],0,1,"[0.37965276877051146, 0.575157747726818]",1,-1
25077,[0.41124278 0.56597571],0,1,"[0.37965276877051146, 0.575157747726818]",1,-1
25078,[0.30796618 0.04445817],1,-1,-1,0,0
25079,[0.66865754 0.69456222],3,-1,-1,1,-1
25080,[0.28193789 0.67756771],0,-1,-1,1,-1
25081,[0.43181159 0.55913596],0,1,"[0.37965276877051146, 0.575157747726818]",1,-1
25082,[0.27889637 0.67126054],0,-1,-1,1,-1
25083,[0.36962613 0.56652445],0,1,"[0.37965276877051146, 0.575157747726818]",1,1
25084,[0.65435948 0.52151544],3,-1,-1,1,-1
25085,[0.39299076 0.53402863],0,1,"[0.37965276877051146, 0.575157747726818]",1,-1
25086,[0.80465746 0.72531513],2,0,"[0.7890750777399501, 0.6799557517006445]",1,-1
25087,[0.32790051 0.52791219],0,-1,-1,1,-1
25088,[0.28934688 0.23120164],1,2,"[0.294379027732062, 0.1921773781634303]",0,0
25089,[0.65677329 0.66613753],3,3,"[0.6601234827680622, 0.6109507568947781]",1,-1
25090,[0.69510252 0.65711687],2,3,"[0.6601234827680622, 0.6109507568947781]",1,-1
25091,[0.78865506 0.64615659],2,0,"[0.7890750777399501, 0.6799557517006445]",1,-1
25092,[0.32087345 0.20648424],1,2,"[0.294379027732062, 0.1921773781634303]",0,0
25093,[0.71728352 0.65609626],2,-1,-1,1,-1
25094,[0.71938967 0.59858648],3,3,"[0.6601234827680622, 0.6109507568947781]",1,-1
25095,[0.35253194 0.65827861],0,-1,-1,1,-1
25096,[0.73930442 0.623345  ],3,-1,-1,1,-1
25097,[0.64346345 0.57588154],3,3,"[0.6601234827680622, 0.6109507568947781]",1,-1
25098,[0.25690619 0.15111713],1,2,"[0.294379027732062, 0.1921773781634303]",0,0
25099,[0.63292891 0.63208158],3,3,"[0.6601234827680622, 0.6109507568947781]",1,-1
25100,[0.2467457  0.15011798],1,2,"[0.294379027732062, 0.1921773781634303]",0,0
25101,[0.39308725 0.62786483],0,1,"[0.37965276877051146, 0.575157747726818]",1,-1
25102,[0.63727453 0.59359642],3,3,"[0.6601234827680622, 0.6109507568947781]",1,-1
25103,[0.32227826 0.56179682],0,1,"[0.37965276877051146, 0.575157747726818]",1,-1
25104,[0.29773633 0.16379245],1,2,"[0.294379027732062, 0.1921773781634303]",0,0
25105,[0.31504559 0.19312184],1,2,"[0.294379027732062, 0.1921773781634303]",0,0
25106,[0.28309355 0.16982874],1,2,"[0.294379027732062, 0.1921773781634303]",0,0
25107,[0.76937572 0.73270194],2,0,"[0.7890750777399501, 0.6799557517006445]",1,-1
25108,[0.75787925 0.68366194],2,0,"[0.7890750777399501, 0.6799557517006445]",1,-1
25109,[0.27886856 0.19327777],1,2,"[0.294379027732062, 0.1921773781634303]",0,0
25110,[0.65524796 0.78819236],3,-1,-1,1,-1
25111,[0.7543737  0.62719542],3,0,"[0.7890750777399501, 0.6799557517006445]",1,-1
25112,[0.32830782 0.13733224],1,2,"[0.294379027732062, 0.1921773781634303]",0,0
25113,[0.39447629 0.17364319],1,-1,-1,0,0
25114,[0.82079108 0.70099277],2,0,"[0.7890750777399501, 0.6799557517006445]",1,-1
25115,[0.6979009  0.64463158],3,3,"[0.6601234827680622, 0.6109507568947781]",1,-1
25116,[0.83192807 0.68617722],2,0,"[0.7890750777399501, 0.6799557517006445]",1,-1
25117,[0.35514141 0.6031911 ],0,1,"[0.37965276877051146, 0.575157747726818]",1,-1
25118,[0.41291034 0.57110225],0,1,"[0.37965276877051146, 0.575157747726818]",1,2
25119,[0.76494936 0.6181011 ],3,0,"[0.7890750777399501, 0.6799557517006445]",1,-1
25120,[0.76603051 0.56861704],3,-1,-1,1,-1
25121,[0.37002376 0.18307382],1,-1,-1,0,0
25122,[0.75069731 0.70907427],2,0,"[0.7890750777399501, 0.6799557517006445]",1,-1
25123,[0.81555178 0.64338239],2,0,"[0.7890750777399501, 0.6799557517006445]",1,-1
25124,[0.47035057 0.58161954],0,-1,-1,1,-1
25125,[0.81174837 0.72018606],2,0,"[0.7890750777399501, 0.6799557517006445]",1,-1
25126,[0.77610389 0.62926329],2,0,"[0.7890750777399501, 0.6799557517006445]",1,-1
25127,[0.45871631 0.59725507],0,-1,-1,1,-1
25128,[0.45997294 0.5857914 ],0,-1,-1,1,-1
25129,[0.44800865 0.49496821],0,-1,-1,1,-1
25130,[0.76133139 0.71699309],2,0,"[0.7890750777399501, 0.6799557517006445]",1,-1
25131,[0.30308781 0.13491414],1,2,"[0.294379027732062, 0.1921773781634303]",0,0
25132,[0.76571469 0.66330102],2,0,"[0.7890750777399501, 0.6799557517006445]",1,-1
25133,[0.60593321 0.60663203],3,3,"[0.6601234827680622, 0.6109507568947781]",1,-1
25134,[0.76608868 0.6193086 ],2,0,"[0.7890750777399501, 0.6799557517006445]",1,-1
25135,[0.7747644  0.73186821],2,0,"[0.7890750777399501, 0.6799557517006445]",1,-1
25136,[0.30009088 0.15624549],1,2,"[0.294379027732062, 0.1921773781634303]",0,0
25137,[0.29956739 0.14948002],1,2,"[0.294379027732062, 0.1921773781634303]",0,0
25138,[0.6624069  0.57476542],3,3,"[0.6601234827680622, 0.6109507568947781]",1,-1
25139,[0.67254093 0.6258416 ],3,3,"[0.6601234827680622, 0.6109507568947781]",1,7
25140,[0.85395313 0.60432982],2,-1,-1,1,-1
25141,[0.75841883 0.68903766],2,0,"[0.7890750777399501, 0.6799557517006445]",1,-1
25142,[0.81106565 0.7614852 ],2,-1,-1,1,-1
25143,[0.62280359 0.58841425],3,3,"[0.6601234827680622, 0.6109507568947781]",1,-1
25144,[0.62808421 0.61702666],3,3,"[0.6601234827680622, 0.6109507568947781]",1,-1
25145,[0.75553989 0.71305583],2,0,"[0.7890750777399501, 0.6799557517006445]",1,-1
25146,[0.74648831 0.71591601],2,0,"[0.7890750777399501, 0.6799557517006445]",1,-1
25147,[0.33780153 0.26109407],1,-1,-1,0,0
25148,[0.38900733 0.1717301 ],1,-1,-1,0,0
25149,[0.27182441 0.28316689],1,-1,-1,0,0
25150,[0.78674643 0.64010364],2,0,"[0.7890750777399501, 0.6799557517006445]",1,-1
25151,[0.30607751 0.66960541],0,-1,-1,1,-1
25152,[0.41625854 0.60965421],0,1,"[0.37965276877051146, 0.575157747726818]",1,-1
25153,[0.72251399 0.58460316],3,3,"[0.6601234827680622, 0.6109507568947781]",1,-1
25154,[0.73874489 0.69432583],2,0,"[0.7890750777399501, 0.6799557517006445]",1,-1
25155,[0.30758709 0.199613  ],1,2,"[0.294379027732062, 0.1921773781634303]",0,0
25156,[0.77981579 0.73998535],2,0,"[0.7890750777399501, 0.6799557517006445]",1,-1
25157,[0.32821495 0.17744038],1,2,"[0.294379027732062, 0.1921773781634303]",0,0
25158,[0.64276849 0.57531452],3,3,"[0.6601234827680622, 0.6109507568947781]",1,-1
25159,[0.45623257 0.62859966],0,-1,-1,1,-1
25160,[0.30684567 0.16796845],1,2,"[0.294379027732062, 0.1921773781634303]",0,0
25161,[0.62757466 0.54221706],3,-1,-1,1,-1
25162,[0.21363823 0.21405914],1,-1,-1,0,0
25163,[0.26759026 0.17926908],1,2,"[0.294379027732062, 0.1921773781634303]",0,0
25164,[0.45420838 0.5389276 ],0,-1,-1,1,-1
25165,[0.69789847 0.59404372],3,3,"[0.6601234827680622, 0.6109507568947781]",1,-1
25166,[0.31127787 0.55727175],0,-1,-1,1,-1
25167,[0.42489267 0.5363231 ],0,1,"[0.37965276877051146, 0.575157747726818]",1,-1
25168,[0.2811498  0.20190017],1,2,"[0.294379027732062, 0.1921773781634303]",0,0
25169,[0.35587051 0.25838089],1,-1,-1,0,0
25170,[0.27343867 0.21089339],1,2,"[0.294379027732062, 0.1921773781634303]",0,0
25171,[0.4173315  0.66755548],0,-1,-1,1,-1
25172,[0.38371432 0.60678768],0,1,"[0.37965276877051146, 0.575157747726818]",1,-1
25173,[0.28665116 0.16076837],1,2,"[0.294379027732062, 0.1921773781634303]",0,0
25174,[0.74511147 0.71591398],2,0,"[0.7890750777399501, 0.6799557517006445]",1,-1
25175,[0.40149549 0.67034284],0,-1,-1,1,-1
25176,[0.65213795 0.66850734],3,3,"[0.6601234827680622, 0.6109507568947781]",1,-1
25177,[0.32748116 0.54279385],0,1,"[0.37965276877051146, 0.575157747726818]",1,-1
25178,[0.59908181 0.63628653],3,3,"[0.6601234827680622, 0.6109507568947781]",1,-1
25179,[0.67459237 0.53297352],3,-1,-1,1,-1
25180,[0.70605655 0.59674537],3,3,"[0.6601234827680622, 0.6109507568947781]",1,-1
25181,[0.39285702 0.61452876],0,1,"[0.37965276877051146, 0.575157747726818]",1,-1
25182,[0.76227704 0.69143683],2,0,"[0.7890750777399501, 0.6799557517006445]",1,-1
25183,[0.36346432 0.56070258],0,1,"[0.37965276877051146, 0.575157747726818]",1,-1
25184,[0.68313626 0.66449414],3,3,"[0.6601234827680622, 0.6109507568947781]",1,-1
25185,[0.72049431 0.65571665],3,-1,-1,1,-1
25186,[0.72163317 0.60355098],3,3,"[0.6601234827680622, 0.6109507568947781]",1,-1
25187,[0.34533096 0.63267493],0,1,"[0.37965276877051146, 0.575157747726818]",1,-1
25188,[0.34133572 0.21432078],1,2,"[0.294379027732062, 0.1921773781634303]",0,0
25189,[0.78322818 0.75096541],2,-1,-1,1,-1
25190,[0.75110026 0.50188198],3,-1,-1,1,-1
25191,[0.29885812 0.16798344],1,2,"[0.294379027732062, 0.1921773781634303]",0,0
25192,[0.55318274 0.54137649],3,-1,-1,1,-1
25193,[0.65820172 0.64485128],3,3,"[0.6601234827680622, 0.6109507568947781]",1,-1
25194,[0.7022776  0.57822682],3,3,"[0.6601234827680622, 0.6109507568947781]",1,-1
25195,[0.71634325 0.64392405],3,3,"[0.6601234827680622, 0.6109507568947781]",1,-1
25196,[0.30170909 0.26647896],1,-1,-1,0,0
25197,[0.80821588 0.69634764],2,0,"[0.7890750777399501, 0.6799557517006445]",1,-1
25198,[0.64193824 0.62834024],2,3,"[0.6601234827680622, 0.6109507568947781]",1,-1
25199,[0.35110885 0.64605794],0,-1,-1,1,-1
25200,[0.82589549 0.57128384],2,-1,-1,1,-1
25201,[0.64521324 0.61321184],3,3,"[0.6601234827680622, 0.6109507568947781]",1,-1
25202,[0.66632507 0.66040377],3,3,"[0.6601234827680622, 0.6109507568947781]",1,-1
25203,[0.6633543  0.64131995],3,3,"[0.6601234827680622, 0.6109507568947781]",1,-1
25204,[0.30783931 0.55059706],0,-1,-1,1,-1
25205,[0.40929529 0.51334758],0,1,"[0.37965276877051146, 0.575157747726818]",1,-1
25206,[0.72985571 0.61356423],3,3,"[0.6601234827680622, 0.6109507568947781]",1,-1
25207,[0.33058526 0.18617316],1,2,"[0.294379027732062, 0.1921773781634303]",0,0
25208,[0.61337865 0.6332538 ],3,3,"[0.6601234827680622, 0.6109507568947781]",1,-1
25209,[0.68888678 0.68334295],3,-1,-1,1,-1
25210,[0.70318291 0.55440352],3,-1,-1,1,-1
25211,[0.35643662 0.57115951],0,1,"[0.37965276877051146, 0.575157747726818]",1,-1
25212,[0.22788018 0.12590505],1,-1,-1,0,0
25213,[0.65865119 0.56177024],3,3,"[0.6601234827680622, 0.6109507568947781]",1,-1
25214,[0.77851633 0.66857788],2,0,"[0.7890750777399501, 0.6799557517006445]",1,3
25215,[0.68691125 0.56965043],3,3,"[0.6601234827680622, 0.6109507568947781]",1,-1
25216,[0.30335709 0.26014113],1,2,"[0.294379027732062, 0.1921773781634303]",0,0
25217,[0.38504566 0.54315513],0,1,"[0.37965276877051146, 0.575157747726818]",1,-1
25218,[0.41125833 0.55488403],0,1,"[0.37965276877051146, 0.575157747726818]",1,-1
25219,[0.75511668 0.68766838],2,0,"[0.7890750777399501, 0.6799557517006445]",1,-1
25220,[0.67544231 0.7025862 ],3,-1,-1,1,-1
25221,[0.62734187 0.54701151],3,-1,-1,1,-1
25222,[0.38680739 0.61392949],0,1,"[0.37965276877051146, 0.575157747726818]",1,-1
25223,[0.71482122 0.52317808],3,-1,-1,1,-1
25224,[0.70137412 0.69216683],2,-1,-1,1,-1
25225,[0.65754648 0.60097345],3,3,"[0.6601234827680622, 0.6109507568947781]",1,6
25226,[0.74841181 0.64103105],3,0,"[0.7890750777399501, 0.6799557517006445]",1,-1
25227,[0.36810631 0.4699122 ],0,-1,-1,1,-1
25228,[0.31106386 0.60685087],0,-1,-1,1,-1
25229,[0.73759888 0.64451373],2,0,"[0.7890750777399501, 0.6799557517006445]",1,-1
25230,[0.34549    0.61017601],0,1,"[0.37965276877051146, 0.575157747726818]",1,-1
25231,[0.30148788 0.16391976],1,2,"[0.294379027732062, 0.1921773781634303]",0,0
25232,[0.24188849 0.2063378 ],1,2,"[0.294379027732062, 0.1921773781634303]",0,0
25233,[0.37705537 0.20021487],1,-1,-1,0,0
25234,[0.61676839 0.55393054],3,-1,-1,1,-1
25235,[0.28787924 0.22047223],1,2,"[0.294379027732062, 0.1921773781634303]",0,0
25236,[0.64769188 0.53077839],3,-1,-1,1,-1
25237,[0.72796903 0.66255061],3,0,"[0.7890750777399501, 0.6799557517006445]",1,-1
25238,[0.78527545 0.65913647],2,0,"[0.7890750777399501, 0.6799557517006445]",1,-1
25239,[0.31425121 0.58970968],0,1,"[0.37965276877051146, 0.575157747726818]",1,-1
25240,[0.33480152 0.58032794],0,1,"[0.37965276877051146, 0.575157747726818]",1,-1
25241,[0.38943286 0.5819493 ],0,1,"[0.37965276877051146, 0.575157747726818]",1,-1
25242,[0.83464592 0.70544718],2,0,"[0.7890750777399501, 0.6799557517006445]",1,-1
25243,[0.82278124 0.72865055],2,0,"[0.7890750777399501, 0.6799557517006445]",1,-1
25244,[0.33856363 0.23026355],1,2,"[0.294379027732062, 0.1921773781634303]",0,0
25245,[0.80462981 0.77109901],2,-1,-1,1,-1
25246,[0.65827629 0.61508333],3,3,"[0.6601234827680622, 0.6109507568947781]",1,-1
25247,[0.35111297 0.50961455],0,-1,-1,1,-1
25248,[0.35619946 0.71078173],0,-1,-1,1,-1
25249,[0.71698937 0.58023322],3,3,"[0.6601234827680622, 0.6109507568947781]",1,-1
25250,[0.23234959 0.0936978 ],1,-1,-1,0,0
25251,[0.37941175 0.59738311],0,1,"[0.37965276877051146, 0.575157747726818]",1,-1
25252,[0.5666528  0.67274529],3,-1,-1,1,-1
25253,[0.64876636 0.59188481],3,3,"[0.6601234827680622, 0.6109507568947781]",1,-1
25254,[0.72925054 0.71938704],2,-1,-1,1,-1
25255,[0.7298256  0.49810402],3,-1,-1,1,-1
25256,[0.73819318 0.75251951],2,-1,-1,1,-1
25257,[0.32871239 0.1499969 ],1,2,"[0.294379027732062, 0.1921773781634303]",0,0
25258,[0.32943781 0.5191918 ],0,-1,-1,1,-1
25259,[0.77941527 0.65114858],2,0,"[0.7890750777399501, 0.6799557517006445]",1,3
25260,[0.78094293 0.70178518],2,0,"[0.7890750777399501, 0.6799557517006445]",1,-1
25261,[0.69989309 0.69044874],2,-1,-1,1,-1
25262,[0.81550993 0.65678247],2,0,"[0.7890750777399501, 0.6799557517006445]",1,-1
25263,[0.76654825 0.63018747],2,0,"[0.7890750777399501, 0.6799557517006445]",1,-1
25264,[0.82552323 0.72660825],2,0,"[0.7890750777399501, 0.6799557517006445]",1,-1
25265,[0.84071268 0.73398944],2,-1,-1,1,-1
25266,[0.73110493 0.63095557],2,-1,-1,1,-1
25267,[0.41335262 0.59338372],0,1,"[0.37965276877051146, 0.575157747726818]",1,-1
25268,[0.74087485 0.63343517],2,0,"[0.7890750777399501, 0.6799557517006445]",1,-1
25269,[0.58136655 0.67219088],3,-1,-1,1,-1
25270,[0.37780295 0.68264331],0,-1,-1,1,-1
25271,[0.45231765 0.56700611],0,-1,-1,1,-1
25272,[0.37366641 0.15828358],1,-1,-1,0,0
25273,[0.49312292 0.5246629 ],0,-1,-1,1,-1
25274,[0.72662869 0.78943692],2,-1,-1,1,-1
25275,[0.29907456 0.24571314],1,2,"[0.294379027732062, 0.1921773781634303]",0,0
25276,[0.43684387 0.53093964],0,-1,-1,1,-1
25277,[0.31419741 0.21022309],1,2,"[0.294379027732062, 0.1921773781634303]",0,0
25278,[0.33717712 0.18717845],1,2,"[0.294379027732062, 0.1921773781634303]",0,0
25279,[0.76038705 0.759291  ],2,-1,-1,1,-1
25280,[0.50233586 0.52318465],0,-1,-1,1,-1
25281,[0.72539092 0.50766848],3,-1,-1,1,-1
25282,[0.70814709 0.66963547],3,-1,-1,1,-1
25283,[0.72919331 0.74131878],2,-1,-1,1,-1
25284,[0.36903952 0.51919767],0,1,"[0.37965276877051146, 0.575157747726818]",1,-1
25285,[0.31558004 0.17699784],1,2,"[0.294379027732062, 0.1921773781634303]",0,0
25286,[0.43979342 0.5576642 ],0,1,"[0.37965276877051146, 0.575157747726818]",1,-1
25287,[0.32084556 0.52165105],0,-1,-1,1,-1
25288,[0.6760563  0.61849576],3,3,"[0.6601234827680622, 0.6109507568947781]",1,-1
25289,[0.42660209 0.48131948],0,-1,-1,1,-1
25290,[0.70132414 0.59348734],3,3,"[0.6601234827680622, 0.6109507568947781]",1,-1
25291,[0.35543188 0.47924345],0,-1,-1,1,-1
25292,[0.69687282 0.64925258],3,3,"[0.6601234827680622, 0.6109507568947781]",1,-1
25293,[0.33519544 0.20916352],1,2,"[0.294379027732062, 0.1921773781634303]",0,0
25294,[0.59543131 0.59183939],3,3,"[0.6601234827680622, 0.6109507568947781]",1,-1
25295,[0.76673713 0.68794173],2,0,"[0.7890750777399501, 0.6799557517006445]",1,-1
25296,[0.44965841 0.61869155],0,-1,-1,1,-1
25297,[0.66658726 0.51470929],3,-1,-1,1,-1
25298,[0.39167035 0.61305135],0,1,"[0.37965276877051146, 0.575157747726818]",1,-1
25299,[0.28492747 0.21288208],1,2,"[0.294379027732062, 0.1921773781634303]",0,0
25300,[0.76884489 0.57518936],3,-1,-1,1,-1
25301,[0.22872013 0.19049218],1,2,"[0.294379027732062, 0.1921773781634303]",0,0
25302,[0.80097872 0.61178109],2,0,"[0.7890750777399501, 0.6799557517006445]",1,-1
25303,[0.73964105 0.61323869],3,-1,-1,1,-1
25304,[0.6046506  0.53291925],3,-1,-1,1,-1
25305,[0.37715189 0.57247374],0,1,"[0.37965276877051146, 0.575157747726818]",1,1
25306,[0.34430261 0.19789677],1,2,"[0.294379027732062, 0.1921773781634303]",0,0
25307,[0.80902122 0.76865012],2,-1,-1,1,-1
25308,[0.67074977 0.52470287],3,-1,-1,1,-1
25309,[0.63793333 0.65935601],3,3,"[0.6601234827680622, 0.6109507568947781]",1,-1
25310,[0.23669374 0.11403546],1,-1,-1,0,0
25311,[0.24599056 0.32768798],1,-1,-1,0,0
25312,[0.62331846 0.66248905],3,3,"[0.6601234827680622, 0.6109507568947781]",1,-1
25313,[0.34467964 0.28432177],1,-1,-1,0,0
25314,[0.40714645 0.56057457],0,1,"[0.37965276877051146, 0.575157747726818]",1,-1
25315,[0.78732152 0.5885377 ],2,-1,-1,1,-1
25316,[0.39307454 0.58681302],0,1,"[0.37965276877051146, 0.575157747726818]",1,-1
25317,[0.83955302 0.62830885],2,-1,-1,1,-1
25318,[0.21201461 0.22737406],1,-1,-1,0,0
25319,[0.63245788 0.58716389],3,3,"[0.6601234827680622, 0.6109507568947781]",1,-1
25320,[0.34147318 0.1084583 ],1,-1,-1,0,0
25321,[0.27153259 0.09536902],1,-1,-1,0,0
25322,[0.31889809 0.60596961],0,1,"[0.37965276877051146, 0.575157747726818]",1,-1
25323,[0.31753603 0.18218687],1,2,"[0.294379027732062, 0.1921773781634303]",0,0
25324,[0.33098596 0.55304487],0,1,"[0.37965276877051146, 0.575157747726818]",1,-1
25325,[0.61741771 0.65935244],3,3,"[0.6601234827680622, 0.6109507568947781]",1,-1
25326,[0.26705202 0.11654265],1,-1,-1,0,0
25327,[0.76366493 0.69180776],2,0,"[0.7890750777399501, 0.6799557517006445]",1,-1
25328,[0.80611746 0.66685541],2,0,"[0.7890750777399501, 0.6799557517006445]",1,-1
25329,[0.60958486 0.54675954],3,-1,-1,1,-1
25330,[0.24972612 0.27839175],1,-1,-1,0,0
25331,[0.29784814 0.59877197],0,-1,-1,1,-1
25332,[0.73436564 0.69206879],2,0,"[0.7890750777399501, 0.6799557517006445]",1,-1
25333,[0.43626955 0.63850627],0,-1,-1,1,-1
25334,[0.69321732 0.5611265 ],3,3,"[0.6601234827680622, 0.6109507568947781]",1,-1
25335,[0.6540724 0.6238327],3,3,"[0.6601234827680622, 0.6109507568947781]",1,7
25336,[0.70620207 0.68562722],2,-1,-1,1,-1
25337,[0.71017792 0.74367678],2,-1,-1,1,-1
25338,[0.77226276 0.60395216],2,-1,-1,1,-1
25339,[0.36549323 0.19023506],1,-1,-1,0,0
25340,[0.29289621 0.19033613],1,2,"[0.294379027732062, 0.1921773781634303]",0,0
25341,[0.31728902 0.56128606],0,1,"[0.37965276877051146, 0.575157747726818]",1,-1
25342,[0.76292155 0.70637106],2,0,"[0.7890750777399501, 0.6799557517006445]",1,-1
25343,[0.25364478 0.23566625],1,2,"[0.294379027732062, 0.1921773781634303]",0,0
25344,[0.31170213 0.58441449],0,1,"[0.37965276877051146, 0.575157747726818]",1,-1
25345,[0.36215367 0.60427855],0,1,"[0.37965276877051146, 0.575157747726818]",1,-1
25346,[0.6902428  0.57667093],3,3,"[0.6601234827680622, 0.6109507568947781]",1,-1
25347,[0.29930709 0.18279364],1,2,"[0.294379027732062, 0.1921773781634303]",0,0
25348,[0.36620897 0.2041061 ],1,-1,-1,0,0
25349,[0.35300162 0.54647647],0,1,"[0.37965276877051146, 0.575157747726818]",1,-1
25350,[0.61806762 0.60640247],3,3,"[0.6601234827680622, 0.6109507568947781]",1,-1
25351,[0.66227206 0.62436645],3,3,"[0.6601234827680622, 0.6109507568947781]",1,7
25352,[0.8683103  0.68763262],2,-1,-1,1,-1
25353,[0.74712787 0.66748762],2,0,"[0.7890750777399501, 0.6799557517006445]",1,-1
25354,[0.38044016 0.24138282],1,-1,-1,0,0
25355,[0.42988238 0.54796478],0,1,"[0.37965276877051146, 0.575157747726818]",1,-1
25356,[0.6015346  0.65131339],3,-1,-1,1,-1
25357,[0.67244953 0.5992545 ],3,3,"[0.6601234827680622, 0.6109507568947781]",1,-1
25358,[0.71491252 0.62554187],2,3,"[0.6601234827680622, 0.6109507568947781]",1,-1
25359,[0.32968766 0.58769527],0,1,"[0.37965276877051146, 0.575157747726818]",1,-1
25360,[0.38089638 0.14505149],1,-1,-1,0,0
25361,[0.42557962 0.5927379 ],0,1,"[0.37965276877051146, 0.575157747726818]",1,-1
25362,[0.68138738 0.62142689],3,3,"[0.6601234827680622, 0.6109507568947781]",1,7
25363,[0.30854532 0.57207726],0,-1,-1,1,-1
25364,[0.31016344 0.23125538],1,2,"[0.294379027732062, 0.1921773781634303]",0,0
25365,[0.33388475 0.11718178],1,-1,-1,0,0
25366,[0.47389597 0.55825314],0,-1,-1,1,-1
25367,[0.32655632 0.57559644],0,1,"[0.37965276877051146, 0.575157747726818]",1,-1
25368,[0.30153118 0.22900233],1,2,"[0.294379027732062, 0.1921773781634303]",0,0
25369,[0.72497015 0.69846875],2,0,"[0.7890750777399501, 0.6799557517006445]",1,-1
25370,[0.76660587 0.71019866],2,0,"[0.7890750777399501, 0.6799557517006445]",1,-1
25371,[0.78472045 0.73630059],2,0,"[0.7890750777399501, 0.6799557517006445]",1,-1
25372,[0.61610439 0.61239897],3,3,"[0.6601234827680622, 0.6109507568947781]",1,-1
25373,[0.29412374 0.59310133],0,-1,-1,1,-1
25374,[0.31135863 0.10013696],1,-1,-1,0,0
25375,[0.75133189 0.61247435],3,-1,-1,1,-1
25376,[0.61355431 0.68315562],3,-1,-1,1,-1
25377,[0.34718432 0.66320702],0,-1,-1,1,-1
25378,[0.30533975 0.59534095],0,-1,-1,1,-1
25379,[0.28597891 0.17261273],1,2,"[0.294379027732062, 0.1921773781634303]",0,0
25380,[0.65870679 0.69467456],2,-1,-1,1,-1
25381,[0.27994499 0.20147921],1,2,"[0.294379027732062, 0.1921773781634303]",0,0
25382,[0.77604712 0.57271992],3,-1,-1,1,-1
25383,[0.83252059 0.70198448],2,0,"[0.7890750777399501, 0.6799557517006445]",1,-1
25384,[0.68025321 0.47254995],3,-1,-1,1,-1
25385,[0.40455227 0.53883174],0,1,"[0.37965276877051146, 0.575157747726818]",1,-1
25386,[0.25271893 0.18699863],1,2,"[0.294379027732062, 0.1921773781634303]",0,0
25387,[0.37637309 0.18110618],1,-1,-1,0,0
25388,[0.33573225 0.57992178],0,1,"[0.37965276877051146, 0.575157747726818]",1,-1
25389,[0.76398992 0.67897768],2,0,"[0.7890750777399501, 0.6799557517006445]",1,-1
25390,[0.3044894 0.1348675],1,2,"[0.294379027732062, 0.1921773781634303]",0,0
25391,[0.64092594 0.56508655],3,3,"[0.6601234827680622, 0.6109507568947781]",1,-1
25392,[0.38098821 0.60683227],0,1,"[0.37965276877051146, 0.575157747726818]",1,-1
25393,[0.33032523 0.21015943],1,2,"[0.294379027732062, 0.1921773781634303]",0,0
25394,[0.38175619 0.59668646],0,1,"[0.37965276877051146, 0.575157747726818]",1,-1
25395,[0.81183269 0.6869005 ],2,0,"[0.7890750777399501, 0.6799557517006445]",1,4
25396,[0.33771492 0.61483217],0,1,"[0.37965276877051146, 0.575157747726818]",1,-1
25397,[0.33114267 0.15015541],1,2,"[0.294379027732062, 0.1921773781634303]",0,0
25398,[0.4153025  0.09477847],1,-1,-1,0,0
25399,[0.77130757 0.65492103],2,0,"[0.7890750777399501, 0.6799557517006445]",1,-1
25400,[0.82494438 0.62706516],2,0,"[0.7890750777399501, 0.6799557517006445]",1,-1
25401,[0.68985462 0.60693298],3,3,"[0.6601234827680622, 0.6109507568947781]",1,-1
25402,[0.86979531 0.7111064 ],2,-1,-1,1,-1
25403,[0.62974034 0.47152142],3,-1,-1,1,-1
25404,[0.31965676 0.17389797],1,2,"[0.294379027732062, 0.1921773781634303]",0,0
25405,[0.27861193 0.50983447],0,-1,-1,1,-1
25406,[0.31046924 0.31558221],1,-1,-1,0,0
25407,[0.26071042 0.20358873],1,2,"[0.294379027732062, 0.1921773781634303]",0,0
25408,[0.2916563  0.28285477],1,-1,-1,0,0
25409,[0.35301893 0.59831586],0,1,"[0.37965276877051146, 0.575157747726818]",1,-1
25410,[0.27547768 0.58582398],0,-1,-1,1,-1
25411,[0.36191116 0.59462695],0,1,"[0.37965276877051146, 0.575157747726818]",1,-1
25412,[0.72499618 0.52899288],3,-1,-1,1,-1
25413,[0.25352444 0.19968147],1,2,"[0.294379027732062, 0.1921773781634303]",0,0
25414,[0.27653304 0.1630826 ],1,2,"[0.294379027732062, 0.1921773781634303]",0,0
25415,[0.4004762  0.58638888],0,1,"[0.37965276877051146, 0.575157747726818]",1,-1
25416,[0.30583394 0.19637155],1,2,"[0.294379027732062, 0.1921773781634303]",0,0
25417,[0.24194102 0.19078367],1,2,"[0.294379027732062, 0.1921773781634303]",0,0
25418,[0.70352698 0.76602437],2,-1,-1,1,-1
25419,[0.73305892 0.6228524 ],2,-1,-1,1,-1
25420,[0.30810587 0.55861287],0,-1,-1,1,-1
25421,[0.78810184 0.66307345],2,0,"[0.7890750777399501, 0.6799557517006445]",1,-1
25422,[0.78485336 0.71144198],2,0,"[0.7890750777399501, 0.6799557517006445]",1,-1
25423,[0.54556322 0.71027935],3,-1,-1,1,-1
25424,[0.30649532 0.14962889],1,2,"[0.294379027732062, 0.1921773781634303]",0,0
25425,[0.30161091 0.15868986],1,2,"[0.294379027732062, 0.1921773781634303]",0,0
25426,[0.67342285 0.52936411],3,-1,-1,1,-1
25427,[0.28745432 0.20653913],1,2,"[0.294379027732062, 0.1921773781634303]",0,0
25428,[0.69563642 0.7534571 ],2,-1,-1,1,-1
25429,[0.30767946 0.27639833],1,-1,-1,0,0
25430,[0.36925894 0.5486153 ],0,1,"[0.37965276877051146, 0.575157747726818]",1,-1
25431,[0.44008478 0.56232705],0,1,"[0.37965276877051146, 0.575157747726818]",1,-1
25432,[0.4053689  0.54069598],0,1,"[0.37965276877051146, 0.575157747726818]",1,-1
25433,[0.78335544 0.59991988],2,-1,-1,1,-1
25434,[0.7119972  0.57139424],3,3,"[0.6601234827680622, 0.6109507568947781]",1,-1
25435,[0.68440309 0.68258917],3,-1,-1,1,-1
25436,[0.3840975  0.55663517],0,1,"[0.37965276877051146, 0.575157747726818]",1,-1
25437,[0.63174266 0.53554663],3,-1,-1,1,-1
25438,[0.33452912 0.27146599],1,-1,-1,0,0
25439,[0.73566789 0.66578127],2,0,"[0.7890750777399501, 0.6799557517006445]",1,-1
25440,[0.61481165 0.7126599 ],3,-1,-1,1,-1
25441,[0.42670108 0.52993679],0,1,"[0.37965276877051146, 0.575157747726818]",1,-1
25442,[0.41859765 0.4949236 ],0,-1,-1,1,-1
25443,[0.5840504  0.64026938],3,-1,-1,1,-1
25444,[0.25996561 0.14607982],1,2,"[0.294379027732062, 0.1921773781634303]",0,0
25445,[0.37659393 0.54812416],0,1,"[0.37965276877051146, 0.575157747726818]",1,-1
25446,[0.67677184 0.55877952],3,3,"[0.6601234827680622, 0.6109507568947781]",1,-1
25447,[0.72486375 0.69448045],2,0,"[0.7890750777399501, 0.6799557517006445]",1,-1
25448,[0.28350768 0.55585723],0,-1,-1,1,-1
25449,[0.83575036 0.59751312],2,-1,-1,1,-1
25450,[0.58662019 0.59342283],3,-1,-1,1,-1
25451,[0.35386795 0.54152562],0,1,"[0.37965276877051146, 0.575157747726818]",1,-1
25452,[0.61804238 0.62956568],3,3,"[0.6601234827680622, 0.6109507568947781]",1,-1
25453,[0.38019913 0.48261469],0,-1,-1,1,-1
25454,[0.7867394  0.69266711],2,0,"[0.7890750777399501, 0.6799557517006445]",1,-1
25455,[0.43737051 0.59614824],0,1,"[0.37965276877051146, 0.575157747726818]",1,-1
25456,[0.36023851 0.52171452],0,1,"[0.37965276877051146, 0.575157747726818]",1,-1
25457,[0.77374867 0.62544826],2,0,"[0.7890750777399501, 0.6799557517006445]",1,-1
25458,[0.29788936 0.25916622],1,2,"[0.294379027732062, 0.1921773781634303]",0,0
25459,[0.86177371 0.64180014],2,-1,-1,1,-1
25460,[0.21676244 0.15646623],1,-1,-1,0,0
25461,[0.6771444 0.6194577],2,3,"[0.6601234827680622, 0.6109507568947781]",1,7
25462,[0.60021407 0.5510866 ],3,-1,-1,1,-1
25463,[0.37527855 0.64020393],0,1,"[0.37965276877051146, 0.575157747726818]",1,-1
25464,[0.76568707 0.65707872],2,0,"[0.7890750777399501, 0.6799557517006445]",1,-1
25465,[0.75510262 0.68050754],2,0,"[0.7890750777399501, 0.6799557517006445]",1,-1
25466,[0.3841385  0.59514408],0,1,"[0.37965276877051146, 0.575157747726818]",1,-1
25467,[0.39400449 0.57417282],0,1,"[0.37965276877051146, 0.575157747726818]",1,-1
25468,[0.39768475 0.19320974],1,-1,-1,0,0
25469,[0.60482672 0.54618315],3,-1,-1,1,-1
25470,[0.34568279 0.20574173],1,2,"[0.294379027732062, 0.1921773781634303]",0,0
25471,[0.73487751 0.55238844],3,-1,-1,1,-1
25472,[0.73192376 0.62679874],3,-1,-1,1,-1
25473,[0.79413464 0.65320561],2,0,"[0.7890750777399501, 0.6799557517006445]",1,-1
25474,[0.2256764  0.22435741],1,-1,-1,0,0
25475,[0.82416985 0.76809802],2,-1,-1,1,-1
25476,[0.41602258 0.5412788 ],0,1,"[0.37965276877051146, 0.575157747726818]",1,-1
25477,[0.21216193 0.21626699],1,-1,-1,0,0
25478,[0.29291056 0.55632585],0,-1,-1,1,-1
25479,[0.76710788 0.67839494],2,0,"[0.7890750777399501, 0.6799557517006445]",1,4
25480,[0.33785102 0.1479074 ],1,2,"[0.294379027732062, 0.1921773781634303]",0,0
25481,[0.4619933  0.14338566],1,-1,-1,0,-1
25482,[0.74724501 0.81195295],2,-1,-1,1,-1
25483,[0.76923237 0.59966229],2,-1,-1,1,-1
25484,[0.5478816  0.66344859],3,-1,-1,1,-1
25485,[0.44024051 0.53623971],0,-1,-1,1,-1
25486,[0.39594433 0.52986139],0,1,"[0.37965276877051146, 0.575157747726818]",1,-1
25487,[0.77323783 0.76038425],2,-1,-1,1,-1
25488,[0.779395   0.70116047],2,0,"[0.7890750777399501, 0.6799557517006445]",1,-1
25489,[0.73963406 0.63141021],2,0,"[0.7890750777399501, 0.6799557517006445]",1,-1
25490,[0.81844126 0.74683147],2,-1,-1,1,-1
25491,[0.21836094 0.22930876],1,-1,-1,0,0
25492,[0.70702431 0.55196289],3,-1,-1,1,-1
25493,[0.71674973 0.58931804],2,3,"[0.6601234827680622, 0.6109507568947781]",1,-1
25494,[0.81658634 0.63669405],2,0,"[0.7890750777399501, 0.6799557517006445]",1,-1
25495,[0.39164761 0.56602866],0,1,"[0.37965276877051146, 0.575157747726818]",1,2
25496,[0.35339006 0.1215637 ],1,-1,-1,0,0
25497,[0.4057235  0.45918623],0,-1,-1,1,-1
25498,[0.85094295 0.65612147],2,0,"[0.7890750777399501, 0.6799557517006445]",1,-1
25499,[0.25968917 0.17443296],1,2,"[0.294379027732062, 0.1921773781634303]",0,0
25500,[0.64967792 0.59050971],3,3,"[0.6601234827680622, 0.6109507568947781]",1,-1
25501,[0.76914853 0.73535319],2,0,"[0.7890750777399501, 0.6799557517006445]",1,-1
25502,[0.72249132 0.65022298],3,-1,-1,1,-1
25503,[0.80897235 0.62483954],2,0,"[0.7890750777399501, 0.6799557517006445]",1,-1
25504,[0.38490905 0.56433148],0,1,"[0.37965276877051146, 0.575157747726818]",1,-1
25505,[0.59598146 0.65429506],3,-1,-1,1,-1
25506,[0.70616159 0.53014352],3,-1,-1,1,-1
25507,[0.80073494 0.70912719],2,0,"[0.7890750777399501, 0.6799557517006445]",1,-1
25508,[0.3657146  0.23518461],1,-1,-1,0,0
25509,[0.81515391 0.73910738],2,0,"[0.7890750777399501, 0.6799557517006445]",1,-1
25510,[0.63615504 0.67159167],3,3,"[0.6601234827680622, 0.6109507568947781]",1,-1
25511,[0.3898411  0.58341613],0,1,"[0.37965276877051146, 0.575157747726818]",1,-1
25512,[0.28783532 0.60644161],0,-1,-1,1,-1
25513,[0.34822269 0.59125066],0,1,"[0.37965276877051146, 0.575157747726818]",1,-1
25514,[0.57411126 0.55333272],3,-1,-1,1,-1
25515,[0.33184651 0.18089006],1,2,"[0.294379027732062, 0.1921773781634303]",0,0
25516,[0.40266533 0.54437854],0,1,"[0.37965276877051146, 0.575157747726818]",1,-1
25517,[0.62763709 0.5825364 ],3,3,"[0.6601234827680622, 0.6109507568947781]",1,-1
25518,[0.81703247 0.74990539],2,-1,-1,1,-1
25519,[0.33683295 0.12461014],1,-1,-1,0,0
25520,[0.68656856 0.5664302 ],3,3,"[0.6601234827680622, 0.6109507568947781]",1,-1
25521,[0.84036147 0.63900697],2,0,"[0.7890750777399501, 0.6799557517006445]",1,-1
25522,[0.70867217 0.71231312],3,-1,-1,1,-1
25523,[0.68730883 0.66315389],3,3,"[0.6601234827680622, 0.6109507568947781]",1,-1
25524,[0.69005685 0.65141728],2,3,"[0.6601234827680622, 0.6109507568947781]",1,-1
25525,[0.57767388 0.60963518],3,-1,-1,1,-1
25526,[0.37512308 0.70763267],0,-1,-1,1,-1
25527,[0.39986981 0.61320315],0,1,"[0.37965276877051146, 0.575157747726818]",1,-1
25528,[0.4863882  0.48256565],0,-1,-1,1,-1
25529,[0.27871831 0.09674412],1,-1,-1,0,0
25530,[0.40063491 0.57338605],0,1,"[0.37965276877051146, 0.575157747726818]",1,-1
25531,[0.36073328 0.56212926],0,1,"[0.37965276877051146, 0.575157747726818]",1,-1
25532,[0.84369705 0.6551827 ],2,0,"[0.7890750777399501, 0.6799557517006445]",1,-1
25533,[0.41023551 0.14387055],1,-1,-1,0,0
25534,[0.79127782 0.67434727],2,0,"[0.7890750777399501, 0.6799557517006445]",1,4
25535,[0.91221122 0.77496682],2,-1,-1,1,-1
25536,[0.68526562 0.56279981],3,3,"[0.6601234827680622, 0.6109507568947781]",1,-1
25537,[0.31299189 0.48550419],0,-1,-1,1,-1
25538,[0.24072543 0.22065197],1,2,"[0.294379027732062, 0.1921773781634303]",0,0
25539,[0.81282261 0.62364877],2,0,"[0.7890750777399501, 0.6799557517006445]",1,-1
25540,[0.30336252 0.16419284],1,2,"[0.294379027732062, 0.1921773781634303]",0,0
25541,[0.4160554  0.58037076],0,1,"[0.37965276877051146, 0.575157747726818]",1,-1
25542,[0.39429538 0.66459318],0,-1,-1,1,-1
25543,[0.69923521 0.67938441],3,-1,-1,1,-1
25544,[0.62971553 0.5910947 ],3,3,"[0.6601234827680622, 0.6109507568947781]",1,-1
25545,[0.63912791 0.63472184],3,3,"[0.6601234827680622, 0.6109507568947781]",1,-1
25546,[0.36809043 0.61819433],0,1,"[0.37965276877051146, 0.575157747726818]",1,-1
25547,[0.38866494 0.64023762],0,1,"[0.37965276877051146, 0.575157747726818]",1,-1
25548,[0.30238422 0.52825653],0,-1,-1,1,-1
25549,[0.84257934 0.61640783],2,-1,-1,1,-1
25550,[0.39455537 0.58057161],0,1,"[0.37965276877051146, 0.575157747726818]",1,-1
25551,[0.35658269 0.60542101],0,1,"[0.37965276877051146, 0.575157747726818]",1,-1
25552,[0.27423105 0.2690508 ],1,-1,-1,0,0
25553,[0.75941359 0.66240888],2,0,"[0.7890750777399501, 0.6799557517006445]",1,3
25554,[0.24398126 0.23819232],1,2,"[0.294379027732062, 0.1921773781634303]",0,0
25555,[0.33711788 0.55540907],0,1,"[0.37965276877051146, 0.575157747726818]",1,-1
25556,[0.22712434 0.16789632],1,-1,-1,0,0
25557,[0.46272203 0.57101037],0,-1,-1,1,-1
25558,[0.77429661 0.6639597 ],2,0,"[0.7890750777399501, 0.6799557517006445]",1,-1
25559,[0.40958515 0.47876501],0,-1,-1,1,-1
25560,[0.69757664 0.5652903 ],3,3,"[0.6601234827680622, 0.6109507568947781]",1,-1
25561,[0.59302847 0.55601624],3,-1,-1,1,-1
25562,[0.29690453 0.16336919],1,2,"[0.294379027732062, 0.1921773781634303]",0,0
25563,[0.17682189 0.18031059],1,-1,-1,0,0
25564,[0.28784671 0.23849443],1,2,"[0.294379027732062, 0.1921773781634303]",0,0
25565,[0.82446336 0.61934861],2,-1,-1,1,-1
25566,[0.40260322 0.15580316],1,-1,-1,0,0
25567,[0.67928685 0.72093332],3,-1,-1,1,-1
25568,[0.68167775 0.66614026],3,3,"[0.6601234827680622, 0.6109507568947781]",1,-1
25569,[0.66624485 0.58613208],3,3,"[0.6601234827680622, 0.6109507568947781]",1,-1
25570,[0.32007101 0.60890731],0,1,"[0.37965276877051146, 0.575157747726818]",1,-1
25571,[0.37700113 0.1393    ],1,-1,-1,0,0
25572,[0.71243151 0.69090938],2,-1,-1,1,-1
25573,[0.51539791 0.66738052],3,-1,-1,1,-1
25574,[0.34969956 0.18070888],1,2,"[0.294379027732062, 0.1921773781634303]",0,0
25575,[0.35181996 0.5573081 ],0,1,"[0.37965276877051146, 0.575157747726818]",1,-1
25576,[0.33185192 0.61449511],0,1,"[0.37965276877051146, 0.575157747726818]",1,-1
25577,[0.82518468 0.78112241],2,-1,-1,1,-1
25578,[0.8017398  0.64974715],2,0,"[0.7890750777399501, 0.6799557517006445]",1,-1
25579,[0.76373409 0.78855719],2,-1,-1,1,-1
25580,[0.28646747 0.07202492],1,-1,-1,0,0
25581,[0.71289126 0.50290684],3,-1,-1,1,-1
25582,[0.7928592  0.70006985],2,0,"[0.7890750777399501, 0.6799557517006445]",1,-1
25583,[0.16363838 0.087668  ],1,-1,-1,0,0
25584,[0.53684212 0.6671038 ],3,-1,-1,1,-1
25585,[0.46558959 0.57540032],0,-1,-1,1,-1
25586,[0.49919742 0.64100695],0,-1,-1,1,-1
25587,[0.62994203 0.6073695 ],3,3,"[0.6601234827680622, 0.6109507568947781]",1,-1
25588,[0.67754146 0.54684079],3,3,"[0.6601234827680622, 0.6109507568947781]",1,-1
25589,[0.29857053 0.19637872],1,2,"[0.294379027732062, 0.1921773781634303]",0,0
25590,[0.75039848 0.68234562],3,0,"[0.7890750777399501, 0.6799557517006445]",1,-1
25591,[0.38124156 0.15109741],1,-1,-1,0,0
25592,[0.68153412 0.59527296],3,3,"[0.6601234827680622, 0.6109507568947781]",1,-1
25593,[0.8033976  0.65138805],2,0,"[0.7890750777399501, 0.6799557517006445]",1,-1
25594,[0.39399676 0.57986108],0,1,"[0.37965276877051146, 0.575157747726818]",1,-1
25595,[0.75003778 0.71079909],2,0,"[0.7890750777399501, 0.6799557517006445]",1,-1
25596,[0.40418877 0.50627406],0,-1,-1,1,-1
25597,[0.3764411  0.57541681],0,1,"[0.37965276877051146, 0.575157747726818]",1,1
25598,[0.6522617  0.55423354],3,3,"[0.6601234827680622, 0.6109507568947781]",1,-1
25599,[0.65606561 0.58708947],3,3,"[0.6601234827680622, 0.6109507568947781]",1,-1
25600,[0.35541681 0.21576548],1,2,"[0.294379027732062, 0.1921773781634303]",0,0
25601,[0.66772766 0.64663739],3,3,"[0.6601234827680622, 0.6109507568947781]",1,-1
25602,[0.34993768 0.49729827],0,-1,-1,1,-1
25603,[0.70417885 0.62766949],3,3,"[0.6601234827680622, 0.6109507568947781]",1,-1
25604,[0.30251758 0.11039208],1,-1,-1,0,0
25605,[0.36991248 0.61958069],0,1,"[0.37965276877051146, 0.575157747726818]",1,-1
25606,[0.80936597 0.70988798],2,0,"[0.7890750777399501, 0.6799557517006445]",1,-1
25607,[0.71831605 0.80597366],2,-1,-1,1,-1
25608,[0.29207931 0.20066995],1,2,"[0.294379027732062, 0.1921773781634303]",0,0
25609,[0.68669373 0.59479397],3,3,"[0.6601234827680622, 0.6109507568947781]",1,-1
25610,[0.85854895 0.66813743],2,-1,-1,1,-1
25611,[0.27362388 0.14306357],1,2,"[0.294379027732062, 0.1921773781634303]",0,0
25612,[0.35667385 0.43560993],0,-1,-1,1,-1
25613,[0.75201281 0.66675498],2,0,"[0.7890750777399501, 0.6799557517006445]",1,-1
25614,[0.39864442 0.57051423],0,1,"[0.37965276877051146, 0.575157747726818]",1,2
25615,[0.51148423 0.71789486],3,-1,-1,1,-1
25616,[0.73423483 0.72366109],2,-1,-1,1,-1
25617,[0.75987972 0.71833764],2,0,"[0.7890750777399501, 0.6799557517006445]",1,-1
25618,[0.73945328 0.63211321],2,0,"[0.7890750777399501, 0.6799557517006445]",1,-1
25619,[0.720969   0.67782753],2,0,"[0.7890750777399501, 0.6799557517006445]",1,-1
25620,[0.72743277 0.64077486],3,-1,-1,1,-1
25621,[0.35918222 0.62839149],0,1,"[0.37965276877051146, 0.575157747726818]",1,-1
25622,[0.41283239 0.54260131],0,1,"[0.37965276877051146, 0.575157747726818]",1,-1
25623,[0.18385801 0.19024802],1,-1,-1,0,0
25624,[0.26934798 0.27595502],1,-1,-1,0,0
25625,[0.8153588  0.61192593],3,-1,-1,1,-1
25626,[0.17486309 0.3210512 ],1,-1,-1,0,-1
25627,[0.84355714 0.65673348],2,0,"[0.7890750777399501, 0.6799557517006445]",1,-1
25628,[0.36238335 0.58633792],0,1,"[0.37965276877051146, 0.575157747726818]",1,-1
25629,[0.28566814 0.11239135],1,-1,-1,0,0
25630,[0.19978372 0.27255258],1,-1,-1,0,0
25631,[0.25561031 0.24290919],1,2,"[0.294379027732062, 0.1921773781634303]",0,0
25632,[0.77195107 0.74592068],2,0,"[0.7890750777399501, 0.6799557517006445]",1,-1
25633,[0.78844067 0.74284995],2,0,"[0.7890750777399501, 0.6799557517006445]",1,-1
25634,[0.86379386 0.66513845],2,-1,-1,1,-1
25635,[0.31138857 0.21204717],1,2,"[0.294379027732062, 0.1921773781634303]",0,0
25636,[0.79976356 0.78047644],2,-1,-1,1,-1
25637,[0.3577492  0.53949304],0,1,"[0.37965276877051146, 0.575157747726818]",1,-1
25638,[0.28580348 0.17107283],1,2,"[0.294379027732062, 0.1921773781634303]",0,0
25639,[0.41516032 0.59065427],0,1,"[0.37965276877051146, 0.575157747726818]",1,-1
25640,[0.43287993 0.55961417],0,1,"[0.37965276877051146, 0.575157747726818]",1,-1
25641,[0.59894696 0.60704249],3,3,"[0.6601234827680622, 0.6109507568947781]",1,-1
25642,[0.57982833 0.64004793],3,-1,-1,1,-1
25643,[0.72246631 0.66020652],3,0,"[0.7890750777399501, 0.6799557517006445]",1,-1
25644,[0.31659782 0.23910298],1,2,"[0.294379027732062, 0.1921773781634303]",0,0
25645,[0.1687832 0.1925909],1,-1,-1,0,0
25646,[0.71208129 0.71239789],2,-1,-1,1,-1
25647,[0.69851719 0.6272485 ],3,3,"[0.6601234827680622, 0.6109507568947781]",1,7
25648,[0.71112606 0.67125868],3,-1,-1,1,-1
25649,[0.26771046 0.173622  ],1,2,"[0.294379027732062, 0.1921773781634303]",0,0
25650,[0.6974266  0.62724716],3,3,"[0.6601234827680622, 0.6109507568947781]",1,7
25651,[0.67382185 0.62464111],3,3,"[0.6601234827680622, 0.6109507568947781]",1,7
25652,[0.22978672 0.16604877],1,2,"[0.294379027732062, 0.1921773781634303]",0,0
25653,[0.20146555 0.17618695],1,-1,-1,0,0
25654,[0.79248376 0.74002961],2,0,"[0.7890750777399501, 0.6799557517006445]",1,-1
25655,[0.69580593 0.66115106],3,3,"[0.6601234827680622, 0.6109507568947781]",1,-1
25656,[0.77830034 0.690889  ],2,0,"[0.7890750777399501, 0.6799557517006445]",1,-1
25657,[0.35320102 0.55383148],0,1,"[0.37965276877051146, 0.575157747726818]",1,-1
25658,[0.6731632  0.61505585],3,3,"[0.6601234827680622, 0.6109507568947781]",1,-1
25659,[0.29584056 0.63296841],0,-1,-1,1,-1
25660,[0.3730745  0.59418754],0,1,"[0.37965276877051146, 0.575157747726818]",1,-1
25661,[0.27931676 0.24732861],1,2,"[0.294379027732062, 0.1921773781634303]",0,0
25662,[0.27516678 0.17585344],1,2,"[0.294379027732062, 0.1921773781634303]",0,0
25663,[0.81377671 0.70615713],2,0,"[0.7890750777399501, 0.6799557517006445]",1,-1
25664,[0.37792125 0.55381813],0,1,"[0.37965276877051146, 0.575157747726818]",1,-1
25665,[0.34657683 0.11281433],1,-1,-1,0,0
25666,[0.26652359 0.60357517],0,-1,-1,1,-1
25667,[0.76534036 0.6662204 ],2,0,"[0.7890750777399501, 0.6799557517006445]",1,-1
25668,[0.75386975 0.70468497],2,0,"[0.7890750777399501, 0.6799557517006445]",1,-1
25669,[0.65789005 0.66355908],3,3,"[0.6601234827680622, 0.6109507568947781]",1,-1
25670,[0.76053184 0.70596597],2,0,"[0.7890750777399501, 0.6799557517006445]",1,-1
25671,[0.29927136 0.14286007],1,2,"[0.294379027732062, 0.1921773781634303]",0,0
25672,[0.72395198 0.69268728],2,0,"[0.7890750777399501, 0.6799557517006445]",1,-1
25673,[0.59227654 0.67405635],3,-1,-1,1,-1
25674,[0.74967703 0.66292813],2,0,"[0.7890750777399501, 0.6799557517006445]",1,-1
25675,[0.83081121 0.70653633],2,0,"[0.7890750777399501, 0.6799557517006445]",1,-1
25676,[0.29574864 0.31920226],1,-1,-1,0,0
25677,[0.31491733 0.15159827],1,2,"[0.294379027732062, 0.1921773781634303]",0,0
25678,[0.40840468 0.58419206],0,1,"[0.37965276877051146, 0.575157747726818]",1,-1
25679,[0.72910996 0.68582034],2,0,"[0.7890750777399501, 0.6799557517006445]",1,-1
25680,[0.2292469 0.1227783],1,-1,-1,0,0
25681,[0.58794337 0.61115653],3,-1,-1,1,-1
25682,[0.78608702 0.69687735],2,0,"[0.7890750777399501, 0.6799557517006445]",1,-1
25683,[0.26273342 0.24475481],1,2,"[0.294379027732062, 0.1921773781634303]",0,0
25684,[0.71175447 0.7461359 ],2,-1,-1,1,-1
25685,[0.32943504 0.14815277],1,2,"[0.294379027732062, 0.1921773781634303]",0,0
25686,[0.6699123  0.61258908],3,3,"[0.6601234827680622, 0.6109507568947781]",1,-1
25687,[0.71522056 0.70778833],2,-1,-1,1,-1
25688,[0.66265624 0.59457725],3,3,"[0.6601234827680622, 0.6109507568947781]",1,-1
25689,[0.29389    0.20056974],1,2,"[0.294379027732062, 0.1921773781634303]",0,0
25690,[0.81540903 0.64949181],2,0,"[0.7890750777399501, 0.6799557517006445]",1,-1
25691,[0.45177614 0.66798476],0,-1,-1,1,-1
25692,[0.79544556 0.65344335],2,0,"[0.7890750777399501, 0.6799557517006445]",1,-1
25693,[0.80638287 0.68049886],2,0,"[0.7890750777399501, 0.6799557517006445]",1,-1
25694,[0.78444582 0.70039045],2,0,"[0.7890750777399501, 0.6799557517006445]",1,-1
25695,[0.29520639 0.14148172],1,2,"[0.294379027732062, 0.1921773781634303]",0,0
25696,[0.48738081 0.53280869],0,-1,-1,1,-1
25697,[0.64204298 0.58187193],3,3,"[0.6601234827680622, 0.6109507568947781]",1,-1
25698,[0.3659667  0.53650517],0,1,"[0.37965276877051146, 0.575157747726818]",1,-1
25699,[0.81013782 0.6763226 ],2,0,"[0.7890750777399501, 0.6799557517006445]",1,-1
25700,[0.76362752 0.61716097],2,0,"[0.7890750777399501, 0.6799557517006445]",1,-1
25701,[0.63410821 0.66324967],3,3,"[0.6601234827680622, 0.6109507568947781]",1,-1
25702,[0.32240413 0.5469626 ],0,1,"[0.37965276877051146, 0.575157747726818]",1,-1
25703,[0.59805807 0.58526579],3,3,"[0.6601234827680622, 0.6109507568947781]",1,-1
25704,[0.59929065 0.65054327],3,-1,-1,1,-1
25705,[0.424338   0.62656019],0,1,"[0.37965276877051146, 0.575157747726818]",1,-1
25706,[0.67641745 0.59835915],3,3,"[0.6601234827680622, 0.6109507568947781]",1,-1
25707,[0.45510929 0.66138742],0,-1,-1,1,-1
25708,[0.72279516 0.73765423],2,-1,-1,1,-1
25709,[0.35470394 0.15495397],1,-1,-1,0,0
25710,[0.39899591 0.49912715],0,-1,-1,1,-1
25711,[0.28537876 0.27840553],1,-1,-1,0,0
25712,[0.30706108 0.18763986],1,2,"[0.294379027732062, 0.1921773781634303]",0,0
25713,[0.33146048 0.2235567 ],1,2,"[0.294379027732062, 0.1921773781634303]",0,0
25714,[0.69630473 0.6283612 ],3,3,"[0.6601234827680622, 0.6109507568947781]",1,-1
25715,[0.65150368 0.57156152],3,3,"[0.6601234827680622, 0.6109507568947781]",1,-1
25716,[0.37439409 0.57958568],0,1,"[0.37965276877051146, 0.575157747726818]",1,1
25717,[0.80286289 0.66086911],2,0,"[0.7890750777399501, 0.6799557517006445]",1,-1
25718,[0.26647741 0.17819928],1,2,"[0.294379027732062, 0.1921773781634303]",0,0
25719,[0.35651374 0.21686451],1,2,"[0.294379027732062, 0.1921773781634303]",0,0
25720,[0.7496993  0.64359516],2,0,"[0.7890750777399501, 0.6799557517006445]",1,-1
25721,[0.78135523 0.69811716],2,0,"[0.7890750777399501, 0.6799557517006445]",1,-1
25722,[0.8055427  0.68015669],2,0,"[0.7890750777399501, 0.6799557517006445]",1,-1
25723,[0.33003441 0.18088608],1,2,"[0.294379027732062, 0.1921773781634303]",0,0
25724,[0.81416074 0.65714094],2,0,"[0.7890750777399501, 0.6799557517006445]",1,-1
25725,[0.82127007 0.73948371],2,0,"[0.7890750777399501, 0.6799557517006445]",1,-1
25726,[0.6473551  0.59629898],2,3,"[0.6601234827680622, 0.6109507568947781]",1,-1
25727,[0.3344022  0.16637241],1,2,"[0.294379027732062, 0.1921773781634303]",0,0
25728,[0.44434275 0.61795679],0,-1,-1,1,-1
25729,[0.74375374 0.69070163],2,0,"[0.7890750777399501, 0.6799557517006445]",1,-1
25730,[0.67518261 0.59220232],3,3,"[0.6601234827680622, 0.6109507568947781]",1,-1
25731,[0.4142662  0.60694782],0,1,"[0.37965276877051146, 0.575157747726818]",1,-1
25732,[0.42795063 0.18428236],1,-1,-1,0,0
25733,[0.40603193 0.55910165],0,1,"[0.37965276877051146, 0.575157747726818]",1,-1
25734,[0.78074671 0.72156064],2,0,"[0.7890750777399501, 0.6799557517006445]",1,-1
25735,[0.36152145 0.57225225],0,1,"[0.37965276877051146, 0.575157747726818]",1,-1
25736,[0.63408755 0.58749526],3,3,"[0.6601234827680622, 0.6109507568947781]",1,-1
25737,[0.80342146 0.69430786],2,0,"[0.7890750777399501, 0.6799557517006445]",1,-1
25738,[0.81149152 0.68740796],2,0,"[0.7890750777399501, 0.6799557517006445]",1,4
25739,[0.6564601  0.65227225],3,3,"[0.6601234827680622, 0.6109507568947781]",1,-1
25740,[0.31350877 0.13916533],1,2,"[0.294379027732062, 0.1921773781634303]",0,0
25741,[0.79076709 0.66989301],2,0,"[0.7890750777399501, 0.6799557517006445]",1,4
25742,[0.72284575 0.68883344],3,0,"[0.7890750777399501, 0.6799557517006445]",1,-1
25743,[0.8002499  0.72530765],2,0,"[0.7890750777399501, 0.6799557517006445]",1,-1
25744,[0.38035608 0.16560349],1,-1,-1,0,0
25745,[0.45265514 0.54698413],0,-1,-1,1,-1
25746,[0.38245804 0.59748022],0,1,"[0.37965276877051146, 0.575157747726818]",1,-1
25747,[0.71155534 0.61442865],3,3,"[0.6601234827680622, 0.6109507568947781]",1,-1
25748,[0.3138723  0.61844178],0,-1,-1,1,-1
25749,[0.60420367 0.61116535],3,3,"[0.6601234827680622, 0.6109507568947781]",1,-1
25750,[0.41513165 0.50511649],0,-1,-1,1,-1
25751,[0.31011855 0.18211842],1,2,"[0.294379027732062, 0.1921773781634303]",0,0
25752,[0.24853958 0.05433215],1,-1,-1,0,0
25753,[0.30598253 0.20474636],1,2,"[0.294379027732062, 0.1921773781634303]",0,0
25754,[0.3353701  0.19734459],1,2,"[0.294379027732062, 0.1921773781634303]",0,0
25755,[0.38636931 0.46466631],0,-1,-1,1,-1
25756,[0.65779509 0.71409302],3,-1,-1,1,-1
25757,[0.42918533 0.58981542],0,1,"[0.37965276877051146, 0.575157747726818]",1,-1
25758,[0.21759471 0.25324908],1,-1,-1,0,0
25759,[0.72930037 0.61822998],3,3,"[0.6601234827680622, 0.6109507568947781]",1,-1
25760,[0.20013476 0.15602447],1,-1,-1,0,0
25761,[0.2739936  0.20773623],1,2,"[0.294379027732062, 0.1921773781634303]",0,0
25762,[0.20707029 0.16784476],1,-1,-1,0,0
25763,[0.64996371 0.61801575],3,3,"[0.6601234827680622, 0.6109507568947781]",1,-1
25764,[0.30851911 0.23738757],1,2,"[0.294379027732062, 0.1921773781634303]",0,0
25765,[0.30912455 0.18038166],1,2,"[0.294379027732062, 0.1921773781634303]",0,0
25766,[0.74796863 0.63305626],2,0,"[0.7890750777399501, 0.6799557517006445]",1,-1
25767,[0.60856037 0.69000376],3,-1,-1,1,-1
25768,[0.80666122 0.63518239],2,0,"[0.7890750777399501, 0.6799557517006445]",1,-1
25769,[0.73214061 0.74349709],2,-1,-1,1,-1
25770,[0.82512203 0.58857215],2,-1,-1,1,-1
25771,[0.65301942 0.52101168],3,-1,-1,1,-1
25772,[0.36686607 0.61782134],0,1,"[0.37965276877051146, 0.575157747726818]",1,-1
25773,[0.6663445  0.74178788],3,-1,-1,1,-1
25774,[0.6908274  0.57457413],3,3,"[0.6601234827680622, 0.6109507568947781]",1,-1
25775,[0.66776012 0.59615362],3,3,"[0.6601234827680622, 0.6109507568947781]",1,6
25776,[0.41024174 0.58588123],0,1,"[0.37965276877051146, 0.575157747726818]",1,-1
25777,[0.78868517 0.64679208],2,0,"[0.7890750777399501, 0.6799557517006445]",1,-1
25778,[0.35698265 0.13018524],1,-1,-1,0,0
25779,[0.65872104 0.64457891],2,3,"[0.6601234827680622, 0.6109507568947781]",1,-1
25780,[0.4086355  0.16871127],1,-1,-1,0,0
25781,[0.74120352 0.58787407],3,-1,-1,1,-1
25782,[0.8031148  0.69720848],2,0,"[0.7890750777399501, 0.6799557517006445]",1,-1
25783,[0.30548887 0.13395932],1,2,"[0.294379027732062, 0.1921773781634303]",0,0
25784,[0.35065993 0.2474785 ],1,-1,-1,0,0
25785,[0.80942561 0.71942918],2,0,"[0.7890750777399501, 0.6799557517006445]",1,-1
25786,[0.28291336 0.61023933],0,-1,-1,1,-1
25787,[0.51085396 0.5381366 ],0,-1,-1,1,-1
25788,[0.79638342 0.58002043],2,-1,-1,1,-1
25789,[0.40364476 0.59744995],0,1,"[0.37965276877051146, 0.575157747726818]",1,-1
25790,[0.66704365 0.61608678],3,3,"[0.6601234827680622, 0.6109507568947781]",1,7
25791,[0.43041116 0.55630704],0,1,"[0.37965276877051146, 0.575157747726818]",1,-1
25792,[0.81984812 0.66458971],2,0,"[0.7890750777399501, 0.6799557517006445]",1,-1
25793,[0.80782279 0.67656195],2,0,"[0.7890750777399501, 0.6799557517006445]",1,4
25794,[0.27904958 0.29604153],1,-1,-1,0,0
25795,[0.24159927 0.0954778 ],1,-1,-1,0,0
25796,[0.30470805 0.20752962],1,2,"[0.294379027732062, 0.1921773781634303]",0,0
25797,[0.86049503 0.68267638],2,-1,-1,1,-1
25798,[0.28401993 0.22116667],1,2,"[0.294379027732062, 0.1921773781634303]",0,0
25799,[0.27773121 0.17248614],1,2,"[0.294379027732062, 0.1921773781634303]",0,0
25800,[0.80741022 0.60708356],2,-1,-1,1,-1
25801,[0.30120963 0.17954893],1,2,"[0.294379027732062, 0.1921773781634303]",0,0
25802,[0.26498307 0.171938  ],1,2,"[0.294379027732062, 0.1921773781634303]",0,0
25803,[0.69976502 0.66986658],3,-1,-1,1,-1
25804,[0.36591434 0.54888197],0,1,"[0.37965276877051146, 0.575157747726818]",1,-1
25805,[0.82371177 0.63870429],2,0,"[0.7890750777399501, 0.6799557517006445]",1,-1
25806,[0.32798591 0.30796717],1,-1,-1,0,0
25807,[0.60505277 0.64243298],3,3,"[0.6601234827680622, 0.6109507568947781]",1,-1
25808,[0.41260391 0.51097332],0,-1,-1,1,-1
25809,[0.45452233 0.53537582],0,-1,-1,1,-1
25810,[0.38998374 0.60620711],0,1,"[0.37965276877051146, 0.575157747726818]",1,-1
25811,[0.60286211 0.71421159],3,-1,-1,1,-1
25812,[0.6884002  0.63288939],3,3,"[0.6601234827680622, 0.6109507568947781]",1,7
25813,[0.36806696 0.534168  ],0,1,"[0.37965276877051146, 0.575157747726818]",1,-1
25814,[0.24744796 0.19896522],1,2,"[0.294379027732062, 0.1921773781634303]",0,0
25815,[0.81499904 0.72126066],2,0,"[0.7890750777399501, 0.6799557517006445]",1,-1
25816,[0.76284006 0.60679529],2,-1,-1,1,-1
25817,[0.79480458 0.75271228],2,-1,-1,1,-1
25818,[0.81321027 0.67867501],2,0,"[0.7890750777399501, 0.6799557517006445]",1,-1
25819,[0.29226497 0.08209435],1,-1,-1,0,0
25820,[0.77606916 0.6659797 ],2,0,"[0.7890750777399501, 0.6799557517006445]",1,-1
25821,[0.38863593 0.65689463],0,-1,-1,1,-1
25822,[0.67838375 0.67567765],3,3,"[0.6601234827680622, 0.6109507568947781]",1,-1
25823,[0.30529342 0.16419109],1,2,"[0.294379027732062, 0.1921773781634303]",0,0
25824,[0.88179265 0.70572178],2,-1,-1,1,-1
25825,[0.35790033 0.2185209 ],1,2,"[0.294379027732062, 0.1921773781634303]",0,0
25826,[0.71535792 0.65115723],3,3,"[0.6601234827680622, 0.6109507568947781]",1,-1
25827,[0.34515161 0.28480142],1,-1,-1,0,0
25828,[0.33886753 0.59742517],0,1,"[0.37965276877051146, 0.575157747726818]",1,-1
25829,[0.68752686 0.6157769 ],3,3,"[0.6601234827680622, 0.6109507568947781]",1,-1
25830,[0.66042729 0.566908  ],3,3,"[0.6601234827680622, 0.6109507568947781]",1,-1
25831,[0.39592365 0.59202992],0,1,"[0.37965276877051146, 0.575157747726818]",1,-1
25832,[0.3524024  0.65430897],0,-1,-1,1,-1
25833,[0.78146509 0.59216263],2,-1,-1,1,-1
25834,[0.68930714 0.71409599],2,-1,-1,1,-1
25835,[0.26186016 0.20648434],1,2,"[0.294379027732062, 0.1921773781634303]",0,0
25836,[0.35854574 0.60571359],0,1,"[0.37965276877051146, 0.575157747726818]",1,-1
25837,[0.64514673 0.71914882],3,-1,-1,1,-1
25838,[0.66605447 0.61396234],3,3,"[0.6601234827680622, 0.6109507568947781]",1,-1
25839,[0.305923   0.16850296],1,2,"[0.294379027732062, 0.1921773781634303]",0,0
25840,[0.6948083  0.55613606],3,3,"[0.6601234827680622, 0.6109507568947781]",1,-1
25841,[0.65743506 0.68542581],3,-1,-1,1,-1
25842,[0.32315571 0.17616655],1,2,"[0.294379027732062, 0.1921773781634303]",0,0
25843,[0.79423664 0.6300989 ],2,0,"[0.7890750777399501, 0.6799557517006445]",1,-1
25844,[0.64199211 0.68449515],3,-1,-1,1,-1
25845,[0.86585057 0.63713374],2,-1,-1,1,-1
25846,[0.19649277 0.17105697],1,-1,-1,0,0
25847,[0.72860533 0.6803305 ],2,0,"[0.7890750777399501, 0.6799557517006445]",1,-1
25848,[0.77890674 0.71303571],2,0,"[0.7890750777399501, 0.6799557517006445]",1,-1
25849,[0.25973307 0.21314346],1,2,"[0.294379027732062, 0.1921773781634303]",0,0
25850,[0.66289598 0.63583292],3,3,"[0.6601234827680622, 0.6109507568947781]",1,-1
25851,[0.40712745 0.63275966],0,1,"[0.37965276877051146, 0.575157747726818]",1,-1
25852,[0.6484658 0.5830844],3,3,"[0.6601234827680622, 0.6109507568947781]",1,-1
25853,[0.66761702 0.66837992],3,3,"[0.6601234827680622, 0.6109507568947781]",1,-1
25854,[0.78520257 0.68361054],2,0,"[0.7890750777399501, 0.6799557517006445]",1,-1
25855,[0.15149175 0.11093139],1,-1,-1,0,0
25856,[0.26870733 0.1760077 ],1,2,"[0.294379027732062, 0.1921773781634303]",0,0
25857,[0.28731471 0.14122062],1,2,"[0.294379027732062, 0.1921773781634303]",0,0
25858,[0.42113981 0.60494163],0,1,"[0.37965276877051146, 0.575157747726818]",1,-1
25859,[0.40883239 0.56152455],0,1,"[0.37965276877051146, 0.575157747726818]",1,-1
25860,[0.33088573 0.1325578 ],1,2,"[0.294379027732062, 0.1921773781634303]",0,0
25861,[0.77984148 0.58714934],2,-1,-1,1,-1
25862,[0.3420629  0.14777936],1,2,"[0.294379027732062, 0.1921773781634303]",0,0
25863,[0.36672392 0.6408678 ],0,1,"[0.37965276877051146, 0.575157747726818]",1,-1
25864,[0.35666521 0.1510121 ],1,-1,-1,0,0
25865,[0.32461231 0.49066184],0,-1,-1,1,-1
25866,[0.62500496 0.61458702],3,3,"[0.6601234827680622, 0.6109507568947781]",1,-1
25867,[0.21817554 0.24590606],1,-1,-1,0,0
25868,[0.62422106 0.59540139],3,3,"[0.6601234827680622, 0.6109507568947781]",1,-1
25869,[0.43543306 0.53305638],0,1,"[0.37965276877051146, 0.575157747726818]",1,-1
25870,[0.40698708 0.63559396],0,1,"[0.37965276877051146, 0.575157747726818]",1,-1
25871,[0.70270151 0.69031725],3,-1,-1,1,-1
25872,[0.83504477 0.6511411 ],2,0,"[0.7890750777399501, 0.6799557517006445]",1,-1
25873,[0.49735794 0.61027474],0,-1,-1,1,-1
25874,[0.39008873 0.543549  ],0,1,"[0.37965276877051146, 0.575157747726818]",1,-1
25875,[0.42161102 0.55491997],0,1,"[0.37965276877051146, 0.575157747726818]",1,-1
25876,[0.25980725 0.16462308],1,2,"[0.294379027732062, 0.1921773781634303]",0,0
25877,[0.75039457 0.70705319],2,0,"[0.7890750777399501, 0.6799557517006445]",1,-1
25878,[0.9268723  0.64191675],2,-1,-1,1,-1
25879,[0.38660979 0.58322535],0,1,"[0.37965276877051146, 0.575157747726818]",1,-1
25880,[0.81661474 0.70268226],2,0,"[0.7890750777399501, 0.6799557517006445]",1,-1
25881,[0.31702162 0.13698491],1,2,"[0.294379027732062, 0.1921773781634303]",0,0
25882,[0.28431027 0.08248214],1,-1,-1,0,0
25883,[0.31344654 0.62493314],0,-1,-1,1,-1
25884,[0.74342687 0.64610365],2,0,"[0.7890750777399501, 0.6799557517006445]",1,-1
25885,[0.28555654 0.20693985],1,2,"[0.294379027732062, 0.1921773781634303]",0,0
25886,[0.67357228 0.63026287],3,3,"[0.6601234827680622, 0.6109507568947781]",1,7
25887,[0.59140223 0.5944874 ],3,-1,-1,1,-1
25888,[0.31460299 0.18905348],1,2,"[0.294379027732062, 0.1921773781634303]",0,0
25889,[0.82682452 0.79250135],2,-1,-1,1,-1
25890,[0.38522723 0.5468421 ],0,1,"[0.37965276877051146, 0.575157747726818]",1,-1
25891,[0.78658277 0.71115501],2,0,"[0.7890750777399501, 0.6799557517006445]",1,-1
25892,[0.7482361 0.6375929],2,0,"[0.7890750777399501, 0.6799557517006445]",1,-1
25893,[0.40789765 0.56429647],0,1,"[0.37965276877051146, 0.575157747726818]",1,-1
25894,[0.62007117 0.6374347 ],3,3,"[0.6601234827680622, 0.6109507568947781]",1,-1
25895,[0.70624718 0.60472954],3,3,"[0.6601234827680622, 0.6109507568947781]",1,-1
25896,[0.30994253 0.22005663],1,2,"[0.294379027732062, 0.1921773781634303]",0,0
25897,[0.39440313 0.60592257],0,1,"[0.37965276877051146, 0.575157747726818]",1,-1
25898,[0.41541774 0.55024785],0,1,"[0.37965276877051146, 0.575157747726818]",1,-1
25899,[0.81120647 0.79688279],2,-1,-1,1,-1
25900,[0.77201559 0.71771616],2,0,"[0.7890750777399501, 0.6799557517006445]",1,-1
25901,[0.41747142 0.52714904],0,1,"[0.37965276877051146, 0.575157747726818]",1,-1
25902,[0.65910647 0.48740408],3,-1,-1,1,-1
25903,[0.29674944 0.09963088],1,-1,-1,0,0
25904,[0.65006512 0.56209516],3,3,"[0.6601234827680622, 0.6109507568947781]",1,-1
25905,[0.79462974 0.69803339],2,0,"[0.7890750777399501, 0.6799557517006445]",1,-1
25906,[0.41913913 0.55743234],0,1,"[0.37965276877051146, 0.575157747726818]",1,-1
25907,[0.3444881  0.09061084],1,-1,-1,0,0
25908,[0.84624461 0.66778252],2,0,"[0.7890750777399501, 0.6799557517006445]",1,-1
25909,[0.33797717 0.23320654],1,2,"[0.294379027732062, 0.1921773781634303]",0,0
25910,[0.28088269 0.64143724],0,-1,-1,1,-1
25911,[0.38583613 0.61174784],0,1,"[0.37965276877051146, 0.575157747726818]",1,-1
25912,[0.37562293 0.22596559],1,-1,-1,0,0
25913,[0.57029894 0.5796239 ],3,-1,-1,1,-1
25914,[0.40822929 0.54162185],0,1,"[0.37965276877051146, 0.575157747726818]",1,-1
25915,[0.64765221 0.64632656],3,3,"[0.6601234827680622, 0.6109507568947781]",1,-1
25916,[0.74263066 0.63763001],2,0,"[0.7890750777399501, 0.6799557517006445]",1,-1
25917,[0.39572674 0.54577168],0,1,"[0.37965276877051146, 0.575157747726818]",1,-1
25918,[0.7836381  0.68540656],2,0,"[0.7890750777399501, 0.6799557517006445]",1,4
25919,[0.68203837 0.57717064],3,3,"[0.6601234827680622, 0.6109507568947781]",1,-1
25920,[0.80574593 0.64190462],2,0,"[0.7890750777399501, 0.6799557517006445]",1,-1
25921,[0.29163356 0.13374068],1,2,"[0.294379027732062, 0.1921773781634303]",0,0
25922,[0.39936971 0.55499965],0,1,"[0.37965276877051146, 0.575157747726818]",1,-1
25923,[0.2650341  0.19402052],1,2,"[0.294379027732062, 0.1921773781634303]",0,0
25924,[0.33616122 0.29504445],1,-1,-1,0,0
25925,[0.31467697 0.30501061],1,-1,-1,0,0
25926,[0.74593147 0.64809333],3,0,"[0.7890750777399501, 0.6799557517006445]",1,-1
25927,[0.74606117 0.63830802],2,0,"[0.7890750777399501, 0.6799557517006445]",1,-1
25928,[0.26498886 0.2534294 ],1,2,"[0.294379027732062, 0.1921773781634303]",0,0
25929,[0.40177444 0.56254028],0,1,"[0.37965276877051146, 0.575157747726818]",1,2
25930,[0.36449196 0.56177322],0,1,"[0.37965276877051146, 0.575157747726818]",1,-1
25931,[0.25677567 0.17070109],1,2,"[0.294379027732062, 0.1921773781634303]",0,0
25932,[0.37420672 0.63498238],0,1,"[0.37965276877051146, 0.575157747726818]",1,-1
25933,[0.71222625 0.6133739 ],3,3,"[0.6601234827680622, 0.6109507568947781]",1,-1
25934,[0.79755535 0.73981186],2,0,"[0.7890750777399501, 0.6799557517006445]",1,-1
25935,[0.21500645 0.16833119],1,-1,-1,0,0
25936,[0.76011159 0.7917261 ],2,-1,-1,1,-1
25937,[0.38450734 0.62610918],0,1,"[0.37965276877051146, 0.575157747726818]",1,-1
25938,[0.27362162 0.25084483],1,2,"[0.294379027732062, 0.1921773781634303]",0,0
25939,[0.72167193 0.6135775 ],3,3,"[0.6601234827680622, 0.6109507568947781]",1,-1
25940,[0.77973021 0.59592267],3,-1,-1,1,-1
25941,[0.28556431 0.13004041],1,2,"[0.294379027732062, 0.1921773781634303]",0,0
25942,[0.72667023 0.75161806],2,-1,-1,1,-1
25943,[0.23151143 0.22850984],1,-1,-1,0,0
25944,[0.22981754 0.18057213],1,2,"[0.294379027732062, 0.1921773781634303]",0,0
25945,[0.40003129 0.52776551],0,1,"[0.37965276877051146, 0.575157747726818]",1,-1
25946,[0.4400927  0.60442278],0,1,"[0.37965276877051146, 0.575157747726818]",1,-1
25947,[0.41426816 0.15756502],1,-1,-1,0,0
25948,[0.72658314 0.62921983],3,3,"[0.6601234827680622, 0.6109507568947781]",1,-1
25949,[0.73122503 0.62975702],2,-1,-1,1,-1
25950,[0.68594271 0.55986417],3,3,"[0.6601234827680622, 0.6109507568947781]",1,-1
25951,[0.62268499 0.58779642],3,3,"[0.6601234827680622, 0.6109507568947781]",1,-1
25952,[0.84995033 0.68422399],2,0,"[0.7890750777399501, 0.6799557517006445]",1,-1
25953,[0.25851972 0.18189859],1,2,"[0.294379027732062, 0.1921773781634303]",0,0
25954,[0.34189603 0.58656888],0,1,"[0.37965276877051146, 0.575157747726818]",1,-1
25955,[0.61224859 0.64159474],3,3,"[0.6601234827680622, 0.6109507568947781]",1,-1
25956,[0.41401659 0.530909  ],0,1,"[0.37965276877051146, 0.575157747726818]",1,-1
25957,[0.63016383 0.54974744],3,3,"[0.6601234827680622, 0.6109507568947781]",1,-1
25958,[0.86995809 0.6805388 ],2,-1,-1,1,-1
25959,[0.71802906 0.61162108],3,3,"[0.6601234827680622, 0.6109507568947781]",1,-1
25960,[0.28966929 0.18414669],1,2,"[0.294379027732062, 0.1921773781634303]",0,0
25961,[0.80461293 0.67827189],2,0,"[0.7890750777399501, 0.6799557517006445]",1,-1
25962,[0.40190923 0.52371666],0,1,"[0.37965276877051146, 0.575157747726818]",1,-1
25963,[0.35229043 0.62633765],0,1,"[0.37965276877051146, 0.575157747726818]",1,-1
25964,[0.84605549 0.66381959],2,0,"[0.7890750777399501, 0.6799557517006445]",1,-1
25965,[0.38971117 0.58200957],0,1,"[0.37965276877051146, 0.575157747726818]",1,-1
25966,[0.44093618 0.64946196],0,-1,-1,1,-1
25967,[0.8015197  0.68691006],2,0,"[0.7890750777399501, 0.6799557517006445]",1,-1
25968,[0.70339152 0.62811073],3,3,"[0.6601234827680622, 0.6109507568947781]",1,-1
25969,[0.72577125 0.53450443],3,-1,-1,1,-1
25970,[0.68987299 0.61722663],3,3,"[0.6601234827680622, 0.6109507568947781]",1,-1
25971,[0.30415891 0.23631697],1,2,"[0.294379027732062, 0.1921773781634303]",0,0
25972,[0.25917735 0.19297846],1,2,"[0.294379027732062, 0.1921773781634303]",0,0
25973,[0.85696229 0.71805902],2,-1,-1,1,-1
25974,[0.37522446 0.57649035],0,1,"[0.37965276877051146, 0.575157747726818]",1,1
25975,[0.6825296  0.69999374],3,-1,-1,1,-1
25976,[0.27630272 0.18502946],1,2,"[0.294379027732062, 0.1921773781634303]",0,0
25977,[0.35798348 0.24201409],1,-1,-1,0,0
25978,[0.65159547 0.63686415],3,3,"[0.6601234827680622, 0.6109507568947781]",1,-1
25979,[0.38620155 0.52887117],0,1,"[0.37965276877051146, 0.575157747726818]",1,-1
25980,[0.59765816 0.59758361],3,3,"[0.6601234827680622, 0.6109507568947781]",1,-1
25981,[0.6860742  0.56151943],3,3,"[0.6601234827680622, 0.6109507568947781]",1,-1
25982,[0.23924091 0.17549652],1,2,"[0.294379027732062, 0.1921773781634303]",0,0
25983,[0.6448791  0.62246312],3,3,"[0.6601234827680622, 0.6109507568947781]",1,-1
25984,[0.39980472 0.58120357],0,1,"[0.37965276877051146, 0.575157747726818]",1,-1
25985,[0.32374025 0.19800771],1,2,"[0.294379027732062, 0.1921773781634303]",0,0
25986,[0.78338516 0.68900763],2,0,"[0.7890750777399501, 0.6799557517006445]",1,-1
25987,[0.73622694 0.56012451],3,-1,-1,1,-1
25988,[0.81242509 0.63033191],2,0,"[0.7890750777399501, 0.6799557517006445]",1,-1
25989,[0.62822537 0.64477216],3,3,"[0.6601234827680622, 0.6109507568947781]",1,-1
25990,[0.82448963 0.63748573],2,0,"[0.7890750777399501, 0.6799557517006445]",1,-1
25991,[0.76939566 0.69773988],2,0,"[0.7890750777399501, 0.6799557517006445]",1,-1
25992,[0.65125443 0.73835268],3,-1,-1,1,-1
25993,[0.79058177 0.67330358],2,0,"[0.7890750777399501, 0.6799557517006445]",1,-1
25994,[0.78381127 0.53857156],2,-1,-1,1,-1
25995,[0.39742411 0.57941641],0,1,"[0.37965276877051146, 0.575157747726818]",1,-1
25996,[0.67956566 0.57544453],3,3,"[0.6601234827680622, 0.6109507568947781]",1,-1
25997,[0.30461998 0.27787662],1,-1,-1,0,0
25998,[0.44199746 0.61566438],0,-1,-1,1,-1
25999,[0.29176753 0.15602486],1,2,"[0.294379027732062, 0.1921773781634303]",0,0
26000,[0.30608404 0.26351179],1,-1,-1,0,0
26001,[0.33812336 0.61313369],0,1,"[0.37965276877051146, 0.575157747726818]",1,-1
26002,[0.78266494 0.56778994],2,-1,-1,1,-1
26003,[0.66646662 0.53870783],3,-1,-1,1,-1
26004,[0.30740228 0.27416743],1,-1,-1,0,0
26005,[0.40591125 0.58709303],0,1,"[0.37965276877051146, 0.575157747726818]",1,-1
26006,[0.78854039 0.52711378],3,-1,-1,1,-1
26007,[0.80802775 0.71166738],2,0,"[0.7890750777399501, 0.6799557517006445]",1,-1
26008,[0.75799169 0.55978761],3,-1,-1,1,-1
26009,[0.7014438 0.6045809],3,3,"[0.6601234827680622, 0.6109507568947781]",1,-1
26010,[0.3140942  0.22433796],1,2,"[0.294379027732062, 0.1921773781634303]",0,0
26011,[0.34064237 0.69618324],0,-1,-1,1,-1
26012,[0.74452293 0.6736981 ],3,0,"[0.7890750777399501, 0.6799557517006445]",1,-1
26013,[0.6643141  0.64497294],3,3,"[0.6601234827680622, 0.6109507568947781]",1,-1
26014,[0.26851662 0.20572176],1,2,"[0.294379027732062, 0.1921773781634303]",0,0
26015,[0.79119822 0.72824781],2,0,"[0.7890750777399501, 0.6799557517006445]",1,-1
26016,[0.33855358 0.16098695],1,2,"[0.294379027732062, 0.1921773781634303]",0,0
26017,[0.72175965 0.67947123],2,0,"[0.7890750777399501, 0.6799557517006445]",1,-1
26018,[0.77933256 0.6890943 ],2,0,"[0.7890750777399501, 0.6799557517006445]",1,-1
26019,[0.33917625 0.1783026 ],1,2,"[0.294379027732062, 0.1921773781634303]",0,0
26020,[0.31995714 0.59265776],0,1,"[0.37965276877051146, 0.575157747726818]",1,-1
26021,[0.3135721  0.21221852],1,2,"[0.294379027732062, 0.1921773781634303]",0,0
26022,[0.28190524 0.19991405],1,2,"[0.294379027732062, 0.1921773781634303]",0,0
26023,[0.64808864 0.68169469],3,-1,-1,1,-1
26024,[0.72830141 0.66225753],2,0,"[0.7890750777399501, 0.6799557517006445]",1,-1
26025,[0.29118975 0.53884857],0,-1,-1,1,-1
26026,[0.28806141 0.11845823],1,-1,-1,0,0
26027,[0.79070424 0.6380418 ],2,0,"[0.7890750777399501, 0.6799557517006445]",1,-1
26028,[0.63604856 0.68475828],3,-1,-1,1,-1
26029,[0.32511277 0.60832157],0,1,"[0.37965276877051146, 0.575157747726818]",1,-1
26030,[0.34700309 0.17813794],1,2,"[0.294379027732062, 0.1921773781634303]",0,0
26031,[0.36340193 0.55358696],0,1,"[0.37965276877051146, 0.575157747726818]",1,-1
26032,[0.33732064 0.56735275],0,1,"[0.37965276877051146, 0.575157747726818]",1,-1
26033,[0.30967048 0.25005402],1,2,"[0.294379027732062, 0.1921773781634303]",0,0
26034,[0.6921007  0.66517762],3,3,"[0.6601234827680622, 0.6109507568947781]",1,-1
26035,[0.65561678 0.64530419],3,3,"[0.6601234827680622, 0.6109507568947781]",1,-1
26036,[0.72820593 0.76760107],2,-1,-1,1,-1
26037,[0.63889577 0.63468315],3,3,"[0.6601234827680622, 0.6109507568947781]",1,-1
26038,[0.83232948 0.74468198],2,-1,-1,1,-1
26039,[0.76407487 0.69281074],2,0,"[0.7890750777399501, 0.6799557517006445]",1,-1
26040,[0.68004612 0.67439494],3,3,"[0.6601234827680622, 0.6109507568947781]",1,-1
26041,[0.22647424 0.07522996],1,-1,-1,0,0
26042,[0.67128808 0.62834186],3,3,"[0.6601234827680622, 0.6109507568947781]",1,7
26043,[0.26475881 0.25391948],1,2,"[0.294379027732062, 0.1921773781634303]",0,0
26044,[0.23519819 0.13850308],1,-1,-1,0,0
26045,[0.743634   0.78202781],2,-1,-1,1,-1
26046,[0.39801659 0.55355199],0,1,"[0.37965276877051146, 0.575157747726818]",1,-1
26047,[0.41833597 0.5637033 ],0,1,"[0.37965276877051146, 0.575157747726818]",1,-1
26048,[0.30774374 0.22643402],1,2,"[0.294379027732062, 0.1921773781634303]",0,0
26049,[0.35422268 0.54669199],0,1,"[0.37965276877051146, 0.575157747726818]",1,-1
26050,[0.37127204 0.56561277],0,1,"[0.37965276877051146, 0.575157747726818]",1,1
26051,[0.75503717 0.75462933],2,-1,-1,1,-1
26052,[0.38962105 0.27791666],1,-1,-1,0,0
26053,[0.57176771 0.55834525],3,-1,-1,1,-1
26054,[0.33759123 0.51874486],0,-1,-1,1,-1
26055,[0.2546046  0.19886939],1,2,"[0.294379027732062, 0.1921773781634303]",0,0
26056,[0.67973418 0.72664352],3,-1,-1,1,-1
26057,[0.27473365 0.22707351],1,2,"[0.294379027732062, 0.1921773781634303]",0,0
26058,[0.72157023 0.5242634 ],3,-1,-1,1,-1
26059,[0.70779504 0.66332423],2,-1,-1,1,-1
26060,[0.65445532 0.60509974],3,3,"[0.6601234827680622, 0.6109507568947781]",1,6
26061,[0.33615862 0.47336447],0,-1,-1,1,-1
26062,[0.43918271 0.57972373],0,1,"[0.37965276877051146, 0.575157747726818]",1,-1
26063,[0.42929437 0.53065402],0,1,"[0.37965276877051146, 0.575157747726818]",1,-1
26064,[0.28700927 0.55693025],0,-1,-1,1,-1
26065,[0.42259586 0.53240522],0,1,"[0.37965276877051146, 0.575157747726818]",1,-1
26066,[0.80480336 0.69451124],2,0,"[0.7890750777399501, 0.6799557517006445]",1,-1
26067,[0.56985106 0.60539802],3,-1,-1,1,-1
26068,[0.25453643 0.12428224],1,-1,-1,0,0
26069,[0.73278216 0.64723059],2,0,"[0.7890750777399501, 0.6799557517006445]",1,-1
26070,[0.6667763  0.62317949],3,3,"[0.6601234827680622, 0.6109507568947781]",1,7
26071,[0.29159195 0.24843246],1,2,"[0.294379027732062, 0.1921773781634303]",0,0
26072,[0.65486357 0.67400431],3,3,"[0.6601234827680622, 0.6109507568947781]",1,-1
26073,[0.27634524 0.18717866],1,2,"[0.294379027732062, 0.1921773781634303]",0,0
26074,[0.3533369  0.61440487],0,1,"[0.37965276877051146, 0.575157747726818]",1,-1
26075,[0.38096437 0.63863038],0,1,"[0.37965276877051146, 0.575157747726818]",1,-1
26076,[0.31481285 0.16901134],1,2,"[0.294379027732062, 0.1921773781634303]",0,0
26077,[0.64053522 0.65150626],3,3,"[0.6601234827680622, 0.6109507568947781]",1,-1
26078,[0.32479052 0.60137279],0,1,"[0.37965276877051146, 0.575157747726818]",1,-1
26079,[0.41659685 0.20383854],1,-1,-1,0,0
26080,[0.8878505 0.6919968],2,-1,-1,1,-1
26081,[0.48286325 0.57097395],0,-1,-1,1,-1
26082,[0.31518818 0.23845499],1,2,"[0.294379027732062, 0.1921773781634303]",0,0
26083,[0.300911   0.18188447],1,2,"[0.294379027732062, 0.1921773781634303]",0,0
26084,[0.36567052 0.62501258],0,1,"[0.37965276877051146, 0.575157747726818]",1,-1
26085,[0.61692766 0.5108089 ],3,-1,-1,1,-1
26086,[0.26216585 0.21192173],1,2,"[0.294379027732062, 0.1921773781634303]",0,0
26087,[0.74864182 0.67410802],2,0,"[0.7890750777399501, 0.6799557517006445]",1,-1
26088,[0.38195979 0.20651434],1,-1,-1,0,0
26089,[0.84018537 0.70583065],2,0,"[0.7890750777399501, 0.6799557517006445]",1,-1
26090,[0.73846345 0.70102213],2,0,"[0.7890750777399501, 0.6799557517006445]",1,-1
26091,[0.73397171 0.72709454],2,-1,-1,1,-1
26092,[0.19374332 0.12394515],1,-1,-1,0,0
26093,[0.32461076 0.17350398],1,2,"[0.294379027732062, 0.1921773781634303]",0,0
26094,[0.30389688 0.21038287],1,2,"[0.294379027732062, 0.1921773781634303]",0,0
26095,[0.77548744 0.66510029],2,0,"[0.7890750777399501, 0.6799557517006445]",1,-1
26096,[0.65932609 0.55652276],3,3,"[0.6601234827680622, 0.6109507568947781]",1,-1
26097,[0.71863966 0.64318432],3,3,"[0.6601234827680622, 0.6109507568947781]",1,-1
26098,[0.68758799 0.5589053 ],3,3,"[0.6601234827680622, 0.6109507568947781]",1,-1
26099,[0.81784998 0.6324864 ],2,0,"[0.7890750777399501, 0.6799557517006445]",1,-1
26100,[0.19303168 0.228836  ],1,-1,-1,0,0
26101,[0.41644203 0.57729268],0,1,"[0.37965276877051146, 0.575157747726818]",1,-1
26102,[0.35025647 0.5859951 ],0,1,"[0.37965276877051146, 0.575157747726818]",1,-1
26103,[0.38249264 0.58943645],0,1,"[0.37965276877051146, 0.575157747726818]",1,-1
26104,[0.26779928 0.22888498],1,2,"[0.294379027732062, 0.1921773781634303]",0,0
26105,[0.24541743 0.22414653],1,2,"[0.294379027732062, 0.1921773781634303]",0,0
26106,[0.7712162  0.71113248],2,0,"[0.7890750777399501, 0.6799557517006445]",1,-1
26107,[0.63641632 0.63191631],3,3,"[0.6601234827680622, 0.6109507568947781]",1,-1
26108,[0.80241969 0.62778049],2,0,"[0.7890750777399501, 0.6799557517006445]",1,-1
26109,[0.68593002 0.61646351],3,3,"[0.6601234827680622, 0.6109507568947781]",1,5
26110,[0.34330401 0.22527314],1,2,"[0.294379027732062, 0.1921773781634303]",0,0
26111,[0.7308068  0.63505722],2,-1,-1,1,-1
26112,[0.83500854 0.6741434 ],2,0,"[0.7890750777399501, 0.6799557517006445]",1,-1
26113,[0.71991875 0.49771552],3,-1,-1,1,-1
26114,[0.26778509 0.23682855],1,2,"[0.294379027732062, 0.1921773781634303]",0,0
26115,[0.32017998 0.64518791],0,-1,-1,1,-1
26116,[0.90350355 0.74690891],2,-1,-1,1,-1
26117,[0.33543844 0.27352554],1,-1,-1,0,0
26118,[0.3973176  0.51624345],0,1,"[0.37965276877051146, 0.575157747726818]",1,-1
26119,[0.4084238  0.58073503],0,1,"[0.37965276877051146, 0.575157747726818]",1,2
26120,[0.35938505 0.53011564],0,1,"[0.37965276877051146, 0.575157747726818]",1,-1
26121,[0.61437551 0.59715472],3,3,"[0.6601234827680622, 0.6109507568947781]",1,-1
26122,[0.40641788 0.53895207],0,1,"[0.37965276877051146, 0.575157747726818]",1,-1
26123,[0.63401692 0.61933297],3,3,"[0.6601234827680622, 0.6109507568947781]",1,-1
26124,[0.36334358 0.20376614],1,2,"[0.294379027732062, 0.1921773781634303]",0,0
26125,[0.31746443 0.18203457],1,2,"[0.294379027732062, 0.1921773781634303]",0,0
26126,[0.35969028 0.52873793],0,1,"[0.37965276877051146, 0.575157747726818]",1,-1
26127,[0.73459728 0.75856823],2,-1,-1,1,-1
26128,[0.26878833 0.14082954],1,2,"[0.294379027732062, 0.1921773781634303]",0,0
26129,[0.73498157 0.53671683],3,-1,-1,1,-1
26130,[0.65308913 0.60983367],3,3,"[0.6601234827680622, 0.6109507568947781]",1,-1
26131,[0.76120399 0.70895107],2,0,"[0.7890750777399501, 0.6799557517006445]",1,-1
26132,[0.74399983 0.67318521],2,0,"[0.7890750777399501, 0.6799557517006445]",1,-1
26133,[0.81113282 0.70292813],2,0,"[0.7890750777399501, 0.6799557517006445]",1,-1
26134,[0.78379729 0.66030341],2,0,"[0.7890750777399501, 0.6799557517006445]",1,-1
26135,[0.45279881 0.51861414],0,-1,-1,1,-1
26136,[0.25538366 0.15597044],1,2,"[0.294379027732062, 0.1921773781634303]",0,0
26137,[0.42071195 0.59524991],0,1,"[0.37965276877051146, 0.575157747726818]",1,-1
26138,[0.27122011 0.12970475],1,2,"[0.294379027732062, 0.1921773781634303]",0,0
26139,[0.74628342 0.69837318],2,0,"[0.7890750777399501, 0.6799557517006445]",1,-1
26140,[0.40964275 0.60430911],0,1,"[0.37965276877051146, 0.575157747726818]",1,-1
26141,[0.29136642 0.15782466],1,2,"[0.294379027732062, 0.1921773781634303]",0,0
26142,[0.35249557 0.29532613],1,-1,-1,0,0
26143,[0.1867932  0.16367083],1,-1,-1,0,0
26144,[0.27081333 0.22228005],1,2,"[0.294379027732062, 0.1921773781634303]",0,0
26145,[0.25411519 0.26643108],1,-1,-1,0,0
26146,[0.725348   0.56730359],3,-1,-1,1,-1
26147,[0.32519141 0.56870541],0,1,"[0.37965276877051146, 0.575157747726818]",1,-1
26148,[0.33675543 0.16095757],1,2,"[0.294379027732062, 0.1921773781634303]",0,0
26149,[0.39176783 0.62576143],0,1,"[0.37965276877051146, 0.575157747726818]",1,-1
26150,[0.36229875 0.17169721],1,-1,-1,0,0
26151,[0.83132706 0.7380509 ],2,-1,-1,1,-1
26152,[0.37201765 0.46058644],0,-1,-1,1,-1
26153,[0.84111375 0.64714411],2,0,"[0.7890750777399501, 0.6799557517006445]",1,-1
26154,[0.86189818 0.66894187],2,-1,-1,1,-1
26155,[0.20475236 0.2510246 ],1,-1,-1,0,0
26156,[0.75808583 0.75803572],2,-1,-1,1,-1
26157,[0.31032556 0.18989919],1,2,"[0.294379027732062, 0.1921773781634303]",0,0
26158,[0.66453864 0.62598928],3,3,"[0.6601234827680622, 0.6109507568947781]",1,7
26159,[0.77836576 0.68216356],2,0,"[0.7890750777399501, 0.6799557517006445]",1,4
26160,[0.33917259 0.57742734],0,1,"[0.37965276877051146, 0.575157747726818]",1,-1
26161,[0.31109665 0.22773256],1,2,"[0.294379027732062, 0.1921773781634303]",0,0
26162,[0.72895828 0.64735961],3,0,"[0.7890750777399501, 0.6799557517006445]",1,-1
26163,[0.29120197 0.19576013],1,2,"[0.294379027732062, 0.1921773781634303]",0,0
26164,[0.6178734  0.62237512],3,3,"[0.6601234827680622, 0.6109507568947781]",1,-1
26165,[0.72103284 0.59035707],3,3,"[0.6601234827680622, 0.6109507568947781]",1,-1
26166,[0.66959568 0.62891252],3,3,"[0.6601234827680622, 0.6109507568947781]",1,7
26167,[0.35079831 0.56496753],0,1,"[0.37965276877051146, 0.575157747726818]",1,-1
26168,[0.32577154 0.07727175],1,-1,-1,0,0
26169,[0.82961927 0.71444655],2,0,"[0.7890750777399501, 0.6799557517006445]",1,-1
26170,[0.30628556 0.53870811],0,-1,-1,1,-1
26171,[0.74671726 0.68917212],3,0,"[0.7890750777399501, 0.6799557517006445]",1,-1
26172,[0.36515406 0.50910344],0,1,"[0.37965276877051146, 0.575157747726818]",1,-1
26173,[0.70353614 0.64537115],2,3,"[0.6601234827680622, 0.6109507568947781]",1,-1
26174,[0.77059105 0.64944934],2,0,"[0.7890750777399501, 0.6799557517006445]",1,-1
26175,[0.67473381 0.6293497 ],3,3,"[0.6601234827680622, 0.6109507568947781]",1,-1
26176,[0.6438085  0.55948222],3,3,"[0.6601234827680622, 0.6109507568947781]",1,-1
26177,[0.42706453 0.5843332 ],0,1,"[0.37965276877051146, 0.575157747726818]",1,-1
26178,[0.33082637 0.1870699 ],1,2,"[0.294379027732062, 0.1921773781634303]",0,0
26179,[0.30390105 0.16143767],1,2,"[0.294379027732062, 0.1921773781634303]",0,0
26180,[0.84180554 0.73201749],2,-1,-1,1,-1
26181,[0.74232072 0.7189844 ],2,0,"[0.7890750777399501, 0.6799557517006445]",1,-1
26182,[0.36949678 0.56465746],0,1,"[0.37965276877051146, 0.575157747726818]",1,1
26183,[0.19739348 0.22371148],1,-1,-1,0,0
26184,[0.30450205 0.67093319],0,-1,-1,1,-1
26185,[0.67201809 0.69041586],2,-1,-1,1,-1
26186,[0.61641291 0.58811903],3,3,"[0.6601234827680622, 0.6109507568947781]",1,-1
26187,[0.37611147 0.22610634],1,-1,-1,0,0
26188,[0.77093262 0.72499526],2,0,"[0.7890750777399501, 0.6799557517006445]",1,-1
26189,[0.81841749 0.7697432 ],2,-1,-1,1,-1
26190,[0.77440766 0.6651338 ],2,0,"[0.7890750777399501, 0.6799557517006445]",1,-1
26191,[0.69832474 0.50438498],3,-1,-1,1,-1
26192,[0.79597868 0.67837104],2,0,"[0.7890750777399501, 0.6799557517006445]",1,-1
26193,[0.31263075 0.2196998 ],1,2,"[0.294379027732062, 0.1921773781634303]",0,0
26194,[0.80222198 0.64865592],2,0,"[0.7890750777399501, 0.6799557517006445]",1,-1
26195,[0.35640161 0.55306858],0,1,"[0.37965276877051146, 0.575157747726818]",1,-1
26196,[0.42788175 0.54337066],0,1,"[0.37965276877051146, 0.575157747726818]",1,-1
26197,[0.33897674 0.54536473],0,1,"[0.37965276877051146, 0.575157747726818]",1,-1
26198,[0.3685281  0.53958678],0,1,"[0.37965276877051146, 0.575157747726818]",1,-1
26199,[0.82482911 0.70219631],2,0,"[0.7890750777399501, 0.6799557517006445]",1,-1
26200,[0.78311864 0.71163996],2,0,"[0.7890750777399501, 0.6799557517006445]",1,-1
26201,[0.77599395 0.62301648],2,0,"[0.7890750777399501, 0.6799557517006445]",1,-1
26202,[0.37979784 0.48724308],0,-1,-1,1,-1
26203,[0.27265979 0.18160431],1,2,"[0.294379027732062, 0.1921773781634303]",0,0
26204,[0.40383457 0.58571042],0,1,"[0.37965276877051146, 0.575157747726818]",1,2
26205,[0.29785913 0.15159591],1,2,"[0.294379027732062, 0.1921773781634303]",0,0
26206,[0.83516508 0.71951611],2,0,"[0.7890750777399501, 0.6799557517006445]",1,-1
26207,[0.37966931 0.48679591],0,-1,-1,1,-1
26208,[0.28641793 0.21039591],1,2,"[0.294379027732062, 0.1921773781634303]",0,0
26209,[0.43161654 0.57632856],0,1,"[0.37965276877051146, 0.575157747726818]",1,-1
26210,[0.78911868 0.62751888],2,0,"[0.7890750777399501, 0.6799557517006445]",1,-1
26211,[0.40984795 0.67847747],0,-1,-1,1,-1
26212,[0.26461115 0.19538437],1,2,"[0.294379027732062, 0.1921773781634303]",0,0
26213,[0.2941579 0.1881387],1,2,"[0.294379027732062, 0.1921773781634303]",0,0
26214,[0.67872302 0.64668647],2,3,"[0.6601234827680622, 0.6109507568947781]",1,-1
26215,[0.50901502 0.55155644],0,-1,-1,1,-1
26216,[0.60430572 0.56758632],3,-1,-1,1,-1
26217,[0.73053233 0.61755112],2,-1,-1,1,-1
26218,[0.36446168 0.50890557],0,1,"[0.37965276877051146, 0.575157747726818]",1,-1
26219,[0.73280178 0.48931563],3,-1,-1,1,-1
26220,[0.77884862 0.65729165],3,0,"[0.7890750777399501, 0.6799557517006445]",1,-1
26221,[0.63835438 0.63592459],3,3,"[0.6601234827680622, 0.6109507568947781]",1,-1
26222,[0.74412927 0.66289916],2,0,"[0.7890750777399501, 0.6799557517006445]",1,-1
26223,[0.3756073  0.60958294],0,1,"[0.37965276877051146, 0.575157747726818]",1,-1
26224,[0.29157831 0.11729798],1,-1,-1,0,0
26225,[0.41715244 0.55087059],0,1,"[0.37965276877051146, 0.575157747726818]",1,-1
26226,[0.42694953 0.54805545],0,1,"[0.37965276877051146, 0.575157747726818]",1,-1
26227,[0.22363205 0.20513444],1,-1,-1,0,0
26228,[0.34564843 0.14072599],1,-1,-1,0,0
26229,[0.25544503 0.27128863],1,-1,-1,0,0
26230,[0.34711153 0.60012509],0,1,"[0.37965276877051146, 0.575157747726818]",1,-1
26231,[0.68948444 0.70227207],3,-1,-1,1,-1
26232,[0.79518212 0.62388906],2,0,"[0.7890750777399501, 0.6799557517006445]",1,-1
26233,[0.31672293 0.26480928],1,-1,-1,0,0
26234,[0.67979472 0.6237797 ],3,3,"[0.6601234827680622, 0.6109507568947781]",1,7
26235,[0.40714892 0.60459512],0,1,"[0.37965276877051146, 0.575157747726818]",1,-1
26236,[0.73903758 0.61832379],2,-1,-1,1,-1
26237,[0.34559599 0.17614343],1,2,"[0.294379027732062, 0.1921773781634303]",0,0
26238,[0.3018293  0.17173885],1,2,"[0.294379027732062, 0.1921773781634303]",0,0
26239,[0.41374118 0.55566549],0,1,"[0.37965276877051146, 0.575157747726818]",1,-1
26240,[0.27919011 0.14024594],1,2,"[0.294379027732062, 0.1921773781634303]",0,0
26241,[0.66751162 0.67095997],3,3,"[0.6601234827680622, 0.6109507568947781]",1,-1
26242,[0.64755173 0.64455756],3,3,"[0.6601234827680622, 0.6109507568947781]",1,-1
26243,[0.77396671 0.60666255],2,-1,-1,1,-1
26244,[0.72128196 0.63618833],3,3,"[0.6601234827680622, 0.6109507568947781]",1,-1
26245,[0.64048222 0.58257012],3,3,"[0.6601234827680622, 0.6109507568947781]",1,-1
26246,[0.68746719 0.72254399],3,-1,-1,1,-1
26247,[0.7366181  0.66236176],3,0,"[0.7890750777399501, 0.6799557517006445]",1,-1
26248,[0.28958383 0.24749923],1,2,"[0.294379027732062, 0.1921773781634303]",0,0
26249,[0.25553266 0.08513497],1,-1,-1,0,0
26250,[0.37574839 0.57007296],0,1,"[0.37965276877051146, 0.575157747726818]",1,1
26251,[0.77138262 0.70100506],2,0,"[0.7890750777399501, 0.6799557517006445]",1,-1
26252,[0.69421388 0.62007254],3,3,"[0.6601234827680622, 0.6109507568947781]",1,-1
26253,[0.28622604 0.11754156],1,-1,-1,0,0
26254,[0.42306978 0.57931707],0,1,"[0.37965276877051146, 0.575157747726818]",1,-1
26255,[0.76625073 0.69728448],2,0,"[0.7890750777399501, 0.6799557517006445]",1,4
26256,[0.3102436  0.22396338],1,2,"[0.294379027732062, 0.1921773781634303]",0,0
26257,[0.28578054 0.57747241],0,-1,-1,1,-1
26258,[0.37804296 0.5688637 ],0,1,"[0.37965276877051146, 0.575157747726818]",1,1
26259,[0.38070127 0.20818281],1,-1,-1,0,0
26260,[0.53529253 0.52355506],0,-1,-1,1,-1
26261,[0.76550963 0.68641333],2,0,"[0.7890750777399501, 0.6799557517006445]",1,-1
26262,[0.40868973 0.52977239],0,1,"[0.37965276877051146, 0.575157747726818]",1,-1
26263,[0.31983826 0.21974775],1,2,"[0.294379027732062, 0.1921773781634303]",0,0
26264,[0.81502264 0.6269335 ],2,0,"[0.7890750777399501, 0.6799557517006445]",1,-1
26265,[0.59725017 0.55839022],3,-1,-1,1,-1
26266,[0.62745197 0.66149503],3,3,"[0.6601234827680622, 0.6109507568947781]",1,-1
26267,[0.79929941 0.69684133],2,0,"[0.7890750777399501, 0.6799557517006445]",1,-1
26268,[0.81754163 0.75394497],2,-1,-1,1,-1
26269,[0.8434272  0.70484921],2,0,"[0.7890750777399501, 0.6799557517006445]",1,-1
26270,[0.88158755 0.65400612],2,-1,-1,1,-1
26271,[0.33977415 0.5547672 ],0,1,"[0.37965276877051146, 0.575157747726818]",1,-1
26272,[0.66471918 0.60190912],3,3,"[0.6601234827680622, 0.6109507568947781]",1,-1
26273,[0.80221094 0.66296781],2,0,"[0.7890750777399501, 0.6799557517006445]",1,-1
26274,[0.41267623 0.54251068],0,1,"[0.37965276877051146, 0.575157747726818]",1,-1
26275,[0.25970473 0.19202281],1,2,"[0.294379027732062, 0.1921773781634303]",0,0
26276,[0.30668581 0.30469043],1,-1,-1,0,0
26277,[0.42691395 0.51662543],0,-1,-1,1,-1
26278,[0.65931053 0.63869328],3,3,"[0.6601234827680622, 0.6109507568947781]",1,-1
26279,[0.59365086 0.6074723 ],3,3,"[0.6601234827680622, 0.6109507568947781]",1,-1
26280,[0.84080755 0.66753637],2,0,"[0.7890750777399501, 0.6799557517006445]",1,-1
26281,[0.83417392 0.65552277],2,0,"[0.7890750777399501, 0.6799557517006445]",1,-1
26282,[0.38528343 0.61508314],0,1,"[0.37965276877051146, 0.575157747726818]",1,-1
26283,[0.69546858 0.72906717],2,-1,-1,1,-1
26284,[0.40391588 0.22021867],1,-1,-1,0,0
26285,[0.27974431 0.20019715],1,2,"[0.294379027732062, 0.1921773781634303]",0,0
26286,[0.4615721  0.54962868],0,-1,-1,1,-1
26287,[0.60192965 0.55594468],3,-1,-1,1,-1
26288,[0.64715249 0.60348482],3,3,"[0.6601234827680622, 0.6109507568947781]",1,-1
26289,[0.62250428 0.47614868],3,-1,-1,1,-1
26290,[0.31567063 0.19739723],1,2,"[0.294379027732062, 0.1921773781634303]",0,0
26291,[0.68727769 0.58376483],3,3,"[0.6601234827680622, 0.6109507568947781]",1,-1
26292,[0.70492694 0.70732235],3,-1,-1,1,-1
26293,[0.27893704 0.19621763],1,2,"[0.294379027732062, 0.1921773781634303]",0,0
26294,[0.72142394 0.66524081],3,0,"[0.7890750777399501, 0.6799557517006445]",1,-1
26295,[0.7922304  0.57061181],2,-1,-1,1,-1
26296,[0.64262248 0.69137755],3,-1,-1,1,-1
26297,[0.30915312 0.23027683],1,2,"[0.294379027732062, 0.1921773781634303]",0,0
26298,[0.38660313 0.66087943],0,-1,-1,1,-1
26299,[0.28192229 0.55551443],0,-1,-1,1,-1
26300,[0.3891678  0.54673279],0,1,"[0.37965276877051146, 0.575157747726818]",1,-1
26301,[0.62419983 0.63135532],3,3,"[0.6601234827680622, 0.6109507568947781]",1,-1
26302,[0.36118973 0.61295813],0,1,"[0.37965276877051146, 0.575157747726818]",1,-1
26303,[0.31054025 0.12786687],1,2,"[0.294379027732062, 0.1921773781634303]",0,0
26304,[0.66627821 0.588568  ],3,3,"[0.6601234827680622, 0.6109507568947781]",1,-1
26305,[0.82215362 0.58328369],2,-1,-1,1,-1
26306,[0.67165669 0.61952061],3,3,"[0.6601234827680622, 0.6109507568947781]",1,-1
26307,[0.7006363  0.60765906],3,3,"[0.6601234827680622, 0.6109507568947781]",1,-1
26308,[0.41061581 0.60303921],0,1,"[0.37965276877051146, 0.575157747726818]",1,-1
26309,[0.86074328 0.74950518],2,-1,-1,1,-1
26310,[0.28994722 0.23862377],1,2,"[0.294379027732062, 0.1921773781634303]",0,0
26311,[0.66713693 0.6423164 ],2,3,"[0.6601234827680622, 0.6109507568947781]",1,-1
26312,[0.83637963 0.71197479],2,0,"[0.7890750777399501, 0.6799557517006445]",1,-1
26313,[0.6494333  0.60817468],3,3,"[0.6601234827680622, 0.6109507568947781]",1,6
26314,[0.67361369 0.60308158],3,3,"[0.6601234827680622, 0.6109507568947781]",1,-1
26315,[0.27278743 0.57013569],0,-1,-1,1,-1
26316,[0.75508025 0.60436544],2,-1,-1,1,-1
26317,[0.60957412 0.57181831],3,3,"[0.6601234827680622, 0.6109507568947781]",1,-1
26318,[0.67054367 0.58486599],3,3,"[0.6601234827680622, 0.6109507568947781]",1,-1
26319,[0.32299384 0.15129126],1,2,"[0.294379027732062, 0.1921773781634303]",0,0
26320,[0.70314158 0.64657335],3,3,"[0.6601234827680622, 0.6109507568947781]",1,-1
26321,[0.66026285 0.56609964],3,3,"[0.6601234827680622, 0.6109507568947781]",1,-1
26322,[0.26129645 0.19366057],1,2,"[0.294379027732062, 0.1921773781634303]",0,0
26323,[0.38605535 0.52584728],0,1,"[0.37965276877051146, 0.575157747726818]",1,-1
26324,[0.8300769  0.77158549],2,-1,-1,1,-1
26325,[0.78628196 0.58229608],2,-1,-1,1,-1
26326,[0.73325865 0.60201152],3,-1,-1,1,-1
26327,[0.42272681 0.64273948],0,-1,-1,1,-1
26328,[0.71166175 0.55684775],3,-1,-1,1,-1
26329,[0.76042084 0.71579399],2,0,"[0.7890750777399501, 0.6799557517006445]",1,-1
26330,[0.42359672 0.61067144],0,1,"[0.37965276877051146, 0.575157747726818]",1,-1
26331,[0.61510663 0.50109135],3,-1,-1,1,-1
26332,[0.38182117 0.50626452],0,1,"[0.37965276877051146, 0.575157747726818]",1,-1
26333,[0.57760094 0.58618549],3,-1,-1,1,-1
26334,[0.3907129  0.59167925],0,1,"[0.37965276877051146, 0.575157747726818]",1,-1
26335,[0.35874159 0.62415929],0,1,"[0.37965276877051146, 0.575157747726818]",1,-1
26336,[0.77451328 0.76774063],2,-1,-1,1,-1
26337,[0.64653251 0.68910193],3,-1,-1,1,-1
26338,[0.57737116 0.51614973],3,-1,-1,1,-1
26339,[0.69208403 0.66427203],3,3,"[0.6601234827680622, 0.6109507568947781]",1,-1
26340,[0.6774142  0.62341788],3,3,"[0.6601234827680622, 0.6109507568947781]",1,7
26341,[0.41283001 0.59878696],0,1,"[0.37965276877051146, 0.575157747726818]",1,-1
26342,[0.70986463 0.57440071],3,3,"[0.6601234827680622, 0.6109507568947781]",1,-1
26343,[0.70012133 0.65453972],3,3,"[0.6601234827680622, 0.6109507568947781]",1,-1
26344,[0.22097287 0.1878466 ],1,-1,-1,0,0
26345,[0.37607441 0.56289492],0,1,"[0.37965276877051146, 0.575157747726818]",1,-1
26346,[0.69631014 0.59949574],2,3,"[0.6601234827680622, 0.6109507568947781]",1,-1
26347,[0.3159513  0.23207922],1,2,"[0.294379027732062, 0.1921773781634303]",0,0
26348,[0.84667743 0.78959773],2,-1,-1,1,-1
26349,[0.68125471 0.54078155],3,-1,-1,1,-1
26350,[0.34239878 0.61119731],0,1,"[0.37965276877051146, 0.575157747726818]",1,-1
26351,[0.2506432  0.08196896],1,-1,-1,0,0
26352,[0.3847115  0.60086995],0,1,"[0.37965276877051146, 0.575157747726818]",1,-1
26353,[0.71972915 0.65306847],2,-1,-1,1,-1
26354,[0.3822386  0.13973755],1,-1,-1,0,0
26355,[0.63137292 0.62364021],3,3,"[0.6601234827680622, 0.6109507568947781]",1,-1
26356,[0.64195951 0.67412366],3,3,"[0.6601234827680622, 0.6109507568947781]",1,-1
26357,[0.69172754 0.72574207],3,-1,-1,1,-1
26358,[0.83990773 0.62360729],2,-1,-1,1,-1
26359,[0.83414251 0.68855309],2,0,"[0.7890750777399501, 0.6799557517006445]",1,-1
26360,[0.65384635 0.62294287],3,3,"[0.6601234827680622, 0.6109507568947781]",1,7
26361,[0.36976798 0.46626367],0,-1,-1,1,-1
26362,[0.5676617  0.61444093],3,-1,-1,1,-1
26363,[0.2717801  0.12716605],1,2,"[0.294379027732062, 0.1921773781634303]",0,0
26364,[0.80139108 0.78631915],2,-1,-1,1,-1
26365,[0.3002387  0.26745495],1,-1,-1,0,0
26366,[0.64464881 0.62286059],3,3,"[0.6601234827680622, 0.6109507568947781]",1,-1
26367,[0.28586402 0.14313171],1,2,"[0.294379027732062, 0.1921773781634303]",0,0
26368,[0.36590638 0.11613709],1,-1,-1,0,0
26369,[0.34238776 0.64374502],0,-1,-1,1,-1
26370,[0.81649833 0.65932441],2,0,"[0.7890750777399501, 0.6799557517006445]",1,-1
26371,[0.31901708 0.22871114],1,2,"[0.294379027732062, 0.1921773781634303]",0,0
26372,[0.85748142 0.74869977],2,-1,-1,1,-1
26373,[0.80534374 0.67628603],2,0,"[0.7890750777399501, 0.6799557517006445]",1,4
26374,[0.76385615 0.6944317 ],2,0,"[0.7890750777399501, 0.6799557517006445]",1,-1
26375,[0.68220037 0.63081018],3,3,"[0.6601234827680622, 0.6109507568947781]",1,-1
26376,[0.46693192 0.50821694],0,-1,-1,1,-1
26377,[0.33706763 0.17657874],1,2,"[0.294379027732062, 0.1921773781634303]",0,0
26378,[0.72751861 0.59336452],3,3,"[0.6601234827680622, 0.6109507568947781]",1,-1
26379,[0.71147722 0.6969297 ],2,-1,-1,1,-1
26380,[0.41486751 0.55630265],0,1,"[0.37965276877051146, 0.575157747726818]",1,-1
26381,[0.60980652 0.60913974],3,3,"[0.6601234827680622, 0.6109507568947781]",1,-1
26382,[0.62370277 0.67845812],3,-1,-1,1,-1
26383,[0.7122525  0.58262095],3,3,"[0.6601234827680622, 0.6109507568947781]",1,-1
26384,[0.30956168 0.16518252],1,2,"[0.294379027732062, 0.1921773781634303]",0,0
26385,[0.30928423 0.54022571],0,-1,-1,1,-1
26386,[0.72354547 0.68012512],3,0,"[0.7890750777399501, 0.6799557517006445]",1,-1
26387,[0.61795725 0.59041174],3,3,"[0.6601234827680622, 0.6109507568947781]",1,-1
26388,[0.46897387 0.60834904],0,-1,-1,1,-1
26389,[0.39697302 0.66598472],0,-1,-1,1,-1
26390,[0.16602103 0.25505145],1,-1,-1,0,0
26391,[0.63757474 0.66380087],3,3,"[0.6601234827680622, 0.6109507568947781]",1,-1
26392,[0.27010467 0.22931039],1,2,"[0.294379027732062, 0.1921773781634303]",0,0
26393,[0.3941963  0.19277074],1,-1,-1,0,0
26394,[0.31956385 0.53477854],0,-1,-1,1,-1
26395,[0.32755141 0.49397898],0,-1,-1,1,-1
26396,[0.42950594 0.48915316],0,-1,-1,1,-1
26397,[0.74428094 0.66263702],3,0,"[0.7890750777399501, 0.6799557517006445]",1,-1
26398,[0.39140298 0.19949873],1,-1,-1,0,0
26399,[0.72723403 0.60923653],3,3,"[0.6601234827680622, 0.6109507568947781]",1,-1
26400,[0.31069499 0.21920456],1,2,"[0.294379027732062, 0.1921773781634303]",0,0
26401,[0.38600614 0.51483331],0,1,"[0.37965276877051146, 0.575157747726818]",1,-1
26402,[0.31867616 0.1164099 ],1,-1,-1,0,0
26403,[0.69305453 0.67197737],3,3,"[0.6601234827680622, 0.6109507568947781]",1,-1
26404,[0.73626239 0.67513795],2,0,"[0.7890750777399501, 0.6799557517006445]",1,-1
26405,[0.75647155 0.74124171],2,0,"[0.7890750777399501, 0.6799557517006445]",1,-1
26406,[0.31229084 0.13339673],1,2,"[0.294379027732062, 0.1921773781634303]",0,0
26407,[0.23338895 0.21226558],1,2,"[0.294379027732062, 0.1921773781634303]",0,0
26408,[0.67724452 0.72725437],2,-1,-1,1,-1
26409,[0.32190856 0.25474767],1,2,"[0.294379027732062, 0.1921773781634303]",0,0
26410,[0.30093376 0.18521319],1,2,"[0.294379027732062, 0.1921773781634303]",0,0
26411,[0.66906807 0.53660721],3,-1,-1,1,-1
26412,[0.69785062 0.63205195],3,3,"[0.6601234827680622, 0.6109507568947781]",1,-1
26413,[0.31637485 0.19177678],1,2,"[0.294379027732062, 0.1921773781634303]",0,0
26414,[0.30083048 0.19419473],1,2,"[0.294379027732062, 0.1921773781634303]",0,0
26415,[0.36933547 0.62705393],0,1,"[0.37965276877051146, 0.575157747726818]",1,-1
26416,[0.83419306 0.63154571],2,0,"[0.7890750777399501, 0.6799557517006445]",1,-1
26417,[0.74783691 0.61803758],2,-1,-1,1,-1
26418,[0.7564409  0.79213259],2,-1,-1,1,-1
26419,[0.27868221 0.21967258],1,2,"[0.294379027732062, 0.1921773781634303]",0,0
26420,[0.70645504 0.58398824],3,3,"[0.6601234827680622, 0.6109507568947781]",1,-1
26421,[0.30480944 0.15664921],1,2,"[0.294379027732062, 0.1921773781634303]",0,0
26422,[0.31816811 0.58555315],0,1,"[0.37965276877051146, 0.575157747726818]",1,-1
26423,[0.72473513 0.66228868],2,0,"[0.7890750777399501, 0.6799557517006445]",1,-1
26424,[0.26651751 0.25912367],1,-1,-1,0,0
26425,[0.75557517 0.68895618],2,0,"[0.7890750777399501, 0.6799557517006445]",1,-1
26426,[0.30403476 0.12496005],1,2,"[0.294379027732062, 0.1921773781634303]",0,0
26427,[0.80613472 0.72624878],2,0,"[0.7890750777399501, 0.6799557517006445]",1,-1
26428,[0.3157393  0.53895524],0,-1,-1,1,-1
26429,[0.29771406 0.57436338],0,-1,-1,1,-1
26430,[0.78486857 0.6533573 ],2,0,"[0.7890750777399501, 0.6799557517006445]",1,-1
26431,[0.26338048 0.1884891 ],1,2,"[0.294379027732062, 0.1921773781634303]",0,0
26432,[0.26232823 0.23639182],1,2,"[0.294379027732062, 0.1921773781634303]",0,0
26433,[0.55745391 0.61428473],3,-1,-1,1,-1
26434,[0.36261272 0.53984549],0,1,"[0.37965276877051146, 0.575157747726818]",1,-1
26435,[0.78378647 0.66180958],2,0,"[0.7890750777399501, 0.6799557517006445]",1,-1
26436,[0.31688985 0.23133365],1,2,"[0.294379027732062, 0.1921773781634303]",0,0
26437,[0.69595928 0.67452013],3,-1,-1,1,-1
26438,[0.21869254 0.1015275 ],1,-1,-1,0,0
26439,[0.41110939 0.48632281],0,-1,-1,1,-1
26440,[0.27424378 0.16279928],1,2,"[0.294379027732062, 0.1921773781634303]",0,0
26441,[0.2885193  0.44062739],0,-1,-1,1,-1
26442,[0.71957923 0.6120503 ],2,3,"[0.6601234827680622, 0.6109507568947781]",1,-1
26443,[0.20402001 0.25864971],1,-1,-1,0,0
26444,[0.7051635  0.75713845],2,-1,-1,1,-1
26445,[0.29615935 0.18982356],1,2,"[0.294379027732062, 0.1921773781634303]",0,0
26446,[0.66581207 0.57797448],3,3,"[0.6601234827680622, 0.6109507568947781]",1,-1
26447,[0.39811146 0.52686047],0,1,"[0.37965276877051146, 0.575157747726818]",1,-1
26448,[0.30933162 0.26188272],1,-1,-1,0,0
26449,[0.25574745 0.16814139],1,2,"[0.294379027732062, 0.1921773781634303]",0,0
26450,[0.41479956 0.59173532],0,1,"[0.37965276877051146, 0.575157747726818]",1,-1
26451,[0.35616519 0.51127385],0,1,"[0.37965276877051146, 0.575157747726818]",1,-1
26452,[0.85217916 0.62085647],2,-1,-1,1,-1
26453,[0.71124303 0.60116047],3,3,"[0.6601234827680622, 0.6109507568947781]",1,-1
26454,[0.87928017 0.70409182],2,-1,-1,1,-1
26455,[0.33004475 0.59077287],0,1,"[0.37965276877051146, 0.575157747726818]",1,-1
26456,[0.8176655  0.72066902],2,0,"[0.7890750777399501, 0.6799557517006445]",1,-1
26457,[0.68656621 0.64564621],3,3,"[0.6601234827680622, 0.6109507568947781]",1,-1
26458,[0.37974582 0.19289177],1,-1,-1,0,0
26459,[0.40514598 0.56044148],0,1,"[0.37965276877051146, 0.575157747726818]",1,-1
26460,[0.82894    0.67933154],2,0,"[0.7890750777399501, 0.6799557517006445]",1,-1
26461,[0.86150372 0.70310312],2,-1,-1,1,-1
26462,[0.6453452  0.61758023],3,3,"[0.6601234827680622, 0.6109507568947781]",1,6
26463,[0.67973396 0.65167257],3,3,"[0.6601234827680622, 0.6109507568947781]",1,-1
26464,[0.71849331 0.70470549],2,-1,-1,1,-1
26465,[0.28476446 0.24371171],1,2,"[0.294379027732062, 0.1921773781634303]",0,0
26466,[0.66204242 0.63085684],3,3,"[0.6601234827680622, 0.6109507568947781]",1,-1
26467,[0.32038767 0.31994934],1,-1,-1,0,0
26468,[0.72004471 0.71872234],3,-1,-1,1,-1
26469,[0.66797401 0.62947761],3,3,"[0.6601234827680622, 0.6109507568947781]",1,7
26470,[0.74462682 0.71453817],2,0,"[0.7890750777399501, 0.6799557517006445]",1,-1
26471,[0.84277828 0.73719959],2,-1,-1,1,-1
26472,[0.78304952 0.62484902],2,0,"[0.7890750777399501, 0.6799557517006445]",1,-1
26473,[0.44705495 0.50473779],0,-1,-1,1,-1
26474,[0.24212333 0.16875552],1,2,"[0.294379027732062, 0.1921773781634303]",0,0
26475,[0.35667578 0.21794926],1,2,"[0.294379027732062, 0.1921773781634303]",0,0
26476,[0.73135742 0.71023109],3,0,"[0.7890750777399501, 0.6799557517006445]",1,-1
26477,[0.7713387  0.72813266],2,0,"[0.7890750777399501, 0.6799557517006445]",1,-1
26478,[0.2920125  0.64837537],0,-1,-1,1,-1
26479,[0.41975819 0.58815108],0,1,"[0.37965276877051146, 0.575157747726818]",1,-1
26480,[0.28986584 0.10394853],1,-1,-1,0,0
26481,[0.37666454 0.5577356 ],0,1,"[0.37965276877051146, 0.575157747726818]",1,-1
26482,[0.74146892 0.72123418],2,0,"[0.7890750777399501, 0.6799557517006445]",1,-1
26483,[0.3058108  0.53284038],0,-1,-1,1,-1
26484,[0.26832526 0.27690857],1,-1,-1,0,0
26485,[0.2840291  0.61490268],0,-1,-1,1,-1
26486,[0.69503492 0.63501578],3,3,"[0.6601234827680622, 0.6109507568947781]",1,-1
26487,[0.86164722 0.68316051],2,-1,-1,1,-1
26488,[0.74585085 0.69597239],2,0,"[0.7890750777399501, 0.6799557517006445]",1,-1
26489,[0.25782623 0.14429519],1,2,"[0.294379027732062, 0.1921773781634303]",0,0
26490,[0.70805395 0.70096602],2,-1,-1,1,-1
26491,[0.32868207 0.67639602],0,-1,-1,1,-1
26492,[0.26272678 0.22928959],1,2,"[0.294379027732062, 0.1921773781634303]",0,0
26493,[0.66396512 0.72312849],3,-1,-1,1,-1
26494,[0.5540512  0.52855497],3,-1,-1,1,-1
26495,[0.31328695 0.56757824],0,1,"[0.37965276877051146, 0.575157747726818]",1,-1
26496,[0.36050926 0.51678586],0,1,"[0.37965276877051146, 0.575157747726818]",1,-1
26497,[0.798195  0.7831752],2,-1,-1,1,-1
26498,[0.66963193 0.66948369],3,3,"[0.6601234827680622, 0.6109507568947781]",1,-1
26499,[0.30557229 0.20937022],1,2,"[0.294379027732062, 0.1921773781634303]",0,0
26500,[0.66470514 0.52845199],3,-1,-1,1,-1
26501,[0.81902631 0.72592878],2,0,"[0.7890750777399501, 0.6799557517006445]",1,-1
26502,[0.60457012 0.61719917],3,3,"[0.6601234827680622, 0.6109507568947781]",1,-1
26503,[0.28878106 0.57084999],0,-1,-1,1,-1
26504,[0.73317769 0.53739877],3,-1,-1,1,-1
26505,[0.69840705 0.55944467],3,3,"[0.6601234827680622, 0.6109507568947781]",1,-1
26506,[0.28183724 0.18267328],1,2,"[0.294379027732062, 0.1921773781634303]",0,0
26507,[0.82537356 0.61925762],2,-1,-1,1,-1
26508,[0.26570951 0.17472997],1,2,"[0.294379027732062, 0.1921773781634303]",0,0
26509,[0.37385465 0.53774931],0,1,"[0.37965276877051146, 0.575157747726818]",1,-1
26510,[0.55783528 0.59899234],3,-1,-1,1,-1
26511,[0.36433245 0.51186269],0,1,"[0.37965276877051146, 0.575157747726818]",1,-1
26512,[0.9141235  0.65844108],2,-1,-1,1,-1
26513,[0.6528606  0.63723907],3,3,"[0.6601234827680622, 0.6109507568947781]",1,-1
26514,[0.44694911 0.63040265],0,-1,-1,1,-1
26515,[0.34097494 0.43853501],0,-1,-1,1,-1
26516,[0.78892651 0.63887788],2,0,"[0.7890750777399501, 0.6799557517006445]",1,-1
26517,[0.81069844 0.57881552],2,-1,-1,1,-1
26518,[0.32523558 0.14135839],1,2,"[0.294379027732062, 0.1921773781634303]",0,0
26519,[0.68157334 0.65902312],3,3,"[0.6601234827680622, 0.6109507568947781]",1,-1
26520,[0.84087866 0.68423727],2,0,"[0.7890750777399501, 0.6799557517006445]",1,-1
26521,[0.74335691 0.62194799],2,-1,-1,1,-1
26522,[0.24488226 0.17440178],1,2,"[0.294379027732062, 0.1921773781634303]",0,0
26523,[0.34829744 0.58304215],0,1,"[0.37965276877051146, 0.575157747726818]",1,-1
26524,[0.78321401 0.7360595 ],2,0,"[0.7890750777399501, 0.6799557517006445]",1,-1
26525,[0.19390172 0.19388229],1,-1,-1,0,0
26526,[0.34310896 0.19238687],1,2,"[0.294379027732062, 0.1921773781634303]",0,0
26527,[0.30949756 0.59594622],0,-1,-1,1,-1
26528,[0.34788133 0.22769516],1,2,"[0.294379027732062, 0.1921773781634303]",0,0
26529,[0.85104857 0.67775379],2,0,"[0.7890750777399501, 0.6799557517006445]",1,-1
26530,[0.7433853  0.66198594],2,0,"[0.7890750777399501, 0.6799557517006445]",1,-1
26531,[0.63566784 0.58283927],3,3,"[0.6601234827680622, 0.6109507568947781]",1,-1
26532,[0.33419851 0.18429758],1,2,"[0.294379027732062, 0.1921773781634303]",0,0
26533,[0.74701475 0.72351548],2,0,"[0.7890750777399501, 0.6799557517006445]",1,-1
26534,[0.78780443 0.77557143],2,-1,-1,1,-1
26535,[0.75093325 0.55784816],3,-1,-1,1,-1
26536,[0.42763512 0.59769054],0,1,"[0.37965276877051146, 0.575157747726818]",1,-1
26537,[0.27273506 0.17778649],1,2,"[0.294379027732062, 0.1921773781634303]",0,0
26538,[0.57056448 0.6294489 ],3,-1,-1,1,-1
26539,[0.36550733 0.59946731],0,1,"[0.37965276877051146, 0.575157747726818]",1,-1
26540,[0.61660869 0.60765446],3,3,"[0.6601234827680622, 0.6109507568947781]",1,-1
26541,[0.34818307 0.5768766 ],0,1,"[0.37965276877051146, 0.575157747726818]",1,-1
26542,[0.79725497 0.60654498],2,-1,-1,1,-1
26543,[0.79020151 0.65937889],2,0,"[0.7890750777399501, 0.6799557517006445]",1,-1
26544,[0.3969141 0.5299436],0,1,"[0.37965276877051146, 0.575157747726818]",1,-1
26545,[0.79061599 0.6419565 ],2,0,"[0.7890750777399501, 0.6799557517006445]",1,-1
26546,[0.77459621 0.7179446 ],2,0,"[0.7890750777399501, 0.6799557517006445]",1,-1
26547,[0.38954742 0.6706666 ],0,-1,-1,1,-1
26548,[0.23919252 0.16653244],1,2,"[0.294379027732062, 0.1921773781634303]",0,0
26549,[0.78043414 0.60996564],3,-1,-1,1,-1
26550,[0.63021256 0.60739359],3,3,"[0.6601234827680622, 0.6109507568947781]",1,-1
26551,[0.67146354 0.55866718],3,3,"[0.6601234827680622, 0.6109507568947781]",1,-1
26552,[0.77527103 0.73179034],2,0,"[0.7890750777399501, 0.6799557517006445]",1,-1
26553,[0.65845691 0.56074217],3,3,"[0.6601234827680622, 0.6109507568947781]",1,-1
26554,[0.33177539 0.2182214 ],1,2,"[0.294379027732062, 0.1921773781634303]",0,0
26555,[0.61680745 0.69054147],3,-1,-1,1,-1
26556,[0.43286014 0.67552697],0,-1,-1,1,-1
26557,[0.26954426 0.1351257 ],1,2,"[0.294379027732062, 0.1921773781634303]",0,0
26558,[0.79883145 0.63524032],2,0,"[0.7890750777399501, 0.6799557517006445]",1,-1
26559,[0.6560016  0.62009442],3,3,"[0.6601234827680622, 0.6109507568947781]",1,7
26560,[0.40088783 0.70148144],0,-1,-1,1,-1
26561,[0.81180576 0.70820014],2,0,"[0.7890750777399501, 0.6799557517006445]",1,-1
26562,[0.68687159 0.57657828],3,3,"[0.6601234827680622, 0.6109507568947781]",1,-1
26563,[0.83877433 0.65372863],2,0,"[0.7890750777399501, 0.6799557517006445]",1,-1
26564,[0.37163572 0.57832046],0,1,"[0.37965276877051146, 0.575157747726818]",1,1
26565,[0.87675171 0.71409234],2,-1,-1,1,-1
26566,[0.69695525 0.63025469],3,3,"[0.6601234827680622, 0.6109507568947781]",1,-1
26567,[0.20669235 0.18615342],1,-1,-1,0,0
26568,[0.64963792 0.64601384],3,3,"[0.6601234827680622, 0.6109507568947781]",1,-1
26569,[0.36102115 0.60964604],0,1,"[0.37965276877051146, 0.575157747726818]",1,-1
26570,[0.25066979 0.19398825],1,2,"[0.294379027732062, 0.1921773781634303]",0,0
26571,[0.30789175 0.63693165],0,-1,-1,1,-1
26572,[0.7214131  0.69634513],2,0,"[0.7890750777399501, 0.6799557517006445]",1,-1
26573,[0.77970082 0.7043108 ],2,0,"[0.7890750777399501, 0.6799557517006445]",1,-1
26574,[0.27081478 0.17132946],1,2,"[0.294379027732062, 0.1921773781634303]",0,0
26575,[0.6587352  0.58695329],3,3,"[0.6601234827680622, 0.6109507568947781]",1,-1
26576,[0.30610256 0.17971158],1,2,"[0.294379027732062, 0.1921773781634303]",0,0
26577,[0.62170297 0.58013962],3,3,"[0.6601234827680622, 0.6109507568947781]",1,-1
26578,[0.29392328 0.16933478],1,2,"[0.294379027732062, 0.1921773781634303]",0,0
26579,[0.74846812 0.57100675],3,-1,-1,1,-1
26580,[0.8329408  0.68847967],2,0,"[0.7890750777399501, 0.6799557517006445]",1,-1
26581,[0.38218054 0.22025182],1,-1,-1,0,0
26582,[0.37103773 0.59568087],0,1,"[0.37965276877051146, 0.575157747726818]",1,-1
26583,[0.31943589 0.2128038 ],1,2,"[0.294379027732062, 0.1921773781634303]",0,0
26584,[0.82785846 0.57667654],2,-1,-1,1,-1
26585,[0.30003935 0.58416417],0,-1,-1,1,-1
26586,[0.32501616 0.1859375 ],1,2,"[0.294379027732062, 0.1921773781634303]",0,0
26587,[0.31547407 0.48593604],0,-1,-1,1,-1
26588,[0.33150343 0.54559145],0,1,"[0.37965276877051146, 0.575157747726818]",1,-1
26589,[0.31060219 0.16647009],1,2,"[0.294379027732062, 0.1921773781634303]",0,0
26590,[0.30558454 0.16031403],1,2,"[0.294379027732062, 0.1921773781634303]",0,0
26591,[0.33481377 0.70425841],0,-1,-1,1,-1
26592,[0.77721716 0.76511078],2,-1,-1,1,-1
26593,[0.30035616 0.54700324],0,-1,-1,1,-1
26594,[0.30392505 0.17014577],1,2,"[0.294379027732062, 0.1921773781634303]",0,0
26595,[0.66416453 0.54378283],3,3,"[0.6601234827680622, 0.6109507568947781]",1,-1
26596,[0.58881531 0.59127892],3,-1,-1,1,-1
26597,[0.28041126 0.20895186],1,2,"[0.294379027732062, 0.1921773781634303]",0,0
26598,[0.83017459 0.69291572],2,0,"[0.7890750777399501, 0.6799557517006445]",1,-1
26599,[0.60592419 0.68842177],3,-1,-1,1,-1
26600,[0.71128139 0.64096639],3,3,"[0.6601234827680622, 0.6109507568947781]",1,-1
26601,[0.3245102  0.26183285],1,-1,-1,0,0
26602,[0.80677703 0.671585  ],2,0,"[0.7890750777399501, 0.6799557517006445]",1,4
26603,[0.35063698 0.24191755],1,-1,-1,0,0
26604,[0.28589077 0.57383365],0,-1,-1,1,-1
26605,[0.77144405 0.63531098],2,0,"[0.7890750777399501, 0.6799557517006445]",1,-1
26606,[0.81608214 0.66435826],2,0,"[0.7890750777399501, 0.6799557517006445]",1,-1
26607,[0.78624594 0.77237797],2,-1,-1,1,-1
26608,[0.24149235 0.11595865],1,-1,-1,0,0
26609,[0.26413882 0.28115362],1,-1,-1,0,0
26610,[0.57987261 0.6227923 ],3,-1,-1,1,-1
26611,[0.43692552 0.46570139],0,-1,-1,1,-1
26612,[0.68061427 0.52323602],3,-1,-1,1,-1
26613,[0.79730576 0.72076673],2,0,"[0.7890750777399501, 0.6799557517006445]",1,-1
26614,[0.31128956 0.14660084],1,2,"[0.294379027732062, 0.1921773781634303]",0,0
26615,[0.76693194 0.63694391],2,0,"[0.7890750777399501, 0.6799557517006445]",1,-1
26616,[0.70144264 0.58486688],3,3,"[0.6601234827680622, 0.6109507568947781]",1,-1
26617,[0.83030809 0.65513575],2,0,"[0.7890750777399501, 0.6799557517006445]",1,-1
26618,[0.40373332 0.66955596],0,-1,-1,1,-1
26619,[0.34955633 0.16298479],1,2,"[0.294379027732062, 0.1921773781634303]",0,0
26620,[0.45096943 0.57400946],0,-1,-1,1,-1
26621,[0.38341268 0.21989281],1,-1,-1,0,0
26622,[0.31951726 0.1777772 ],1,2,"[0.294379027732062, 0.1921773781634303]",0,0
26623,[0.33220346 0.65967475],0,-1,-1,1,-1
26624,[0.21879441 0.1495964 ],1,-1,-1,0,0
26625,[0.41758543 0.63293593],0,1,"[0.37965276877051146, 0.575157747726818]",1,-1
26626,[0.83813059 0.59953782],2,-1,-1,1,-1
26627,[0.69186761 0.70863039],2,-1,-1,1,-1
26628,[0.66705346 0.61384142],3,3,"[0.6601234827680622, 0.6109507568947781]",1,-1
26629,[0.35568838 0.21645864],1,2,"[0.294379027732062, 0.1921773781634303]",0,0
26630,[0.64259807 0.65025297],3,3,"[0.6601234827680622, 0.6109507568947781]",1,-1
26631,[0.41050702 0.55707113],0,1,"[0.37965276877051146, 0.575157747726818]",1,-1
26632,[0.6176763  0.60601451],3,3,"[0.6601234827680622, 0.6109507568947781]",1,-1
26633,[0.36482056 0.54565542],0,1,"[0.37965276877051146, 0.575157747726818]",1,-1
26634,[0.5722136  0.64960778],3,-1,-1,1,-1
26635,[0.83061893 0.71085012],2,0,"[0.7890750777399501, 0.6799557517006445]",1,-1
26636,[0.76084195 0.64282192],2,0,"[0.7890750777399501, 0.6799557517006445]",1,-1
26637,[0.86243165 0.71168091],2,-1,-1,1,-1
26638,[0.60537999 0.59001335],3,3,"[0.6601234827680622, 0.6109507568947781]",1,-1
26639,[0.4335292  0.56058566],0,1,"[0.37965276877051146, 0.575157747726818]",1,-1
26640,[0.3645906  0.47418126],0,-1,-1,1,-1
26641,[0.67307352 0.5159178 ],3,-1,-1,1,-1
26642,[0.57233179 0.60524979],3,-1,-1,1,-1
26643,[0.71111143 0.67245289],2,-1,-1,1,-1
26644,[0.81430916 0.69845523],2,0,"[0.7890750777399501, 0.6799557517006445]",1,-1
26645,[0.32347024 0.25024053],1,2,"[0.294379027732062, 0.1921773781634303]",0,0
26646,[0.36578885 0.53387789],0,1,"[0.37965276877051146, 0.575157747726818]",1,-1
26647,[0.7339505  0.65375482],3,0,"[0.7890750777399501, 0.6799557517006445]",1,-1
26648,[0.76632651 0.60609528],3,-1,-1,1,-1
26649,[0.33505107 0.10524488],1,-1,-1,0,0
26650,[0.81662582 0.65263974],2,0,"[0.7890750777399501, 0.6799557517006445]",1,-1
26651,[0.80871098 0.66165133],2,0,"[0.7890750777399501, 0.6799557517006445]",1,-1
26652,[0.86478787 0.68106217],2,-1,-1,1,-1
26653,[0.63424002 0.70450693],3,-1,-1,1,-1
26654,[0.32503399 0.19949365],1,2,"[0.294379027732062, 0.1921773781634303]",0,0
26655,[0.37179149 0.6237832 ],0,1,"[0.37965276877051146, 0.575157747726818]",1,-1
26656,[0.37412024 0.59767097],0,1,"[0.37965276877051146, 0.575157747726818]",1,-1
26657,[0.76970708 0.72136663],2,0,"[0.7890750777399501, 0.6799557517006445]",1,-1
26658,[0.69747125 0.58082303],3,3,"[0.6601234827680622, 0.6109507568947781]",1,-1
26659,[0.82964415 0.65660636],2,0,"[0.7890750777399501, 0.6799557517006445]",1,-1
26660,[0.29789851 0.25774357],1,2,"[0.294379027732062, 0.1921773781634303]",0,0
26661,[0.77392206 0.71162187],2,0,"[0.7890750777399501, 0.6799557517006445]",1,-1
26662,[0.76230901 0.68628093],2,0,"[0.7890750777399501, 0.6799557517006445]",1,4
26663,[0.7702093 0.5835819],2,-1,-1,1,-1
26664,[0.83180167 0.67294332],2,0,"[0.7890750777399501, 0.6799557517006445]",1,-1
26665,[0.74953382 0.64600066],3,0,"[0.7890750777399501, 0.6799557517006445]",1,-1
26666,[0.65269991 0.58810018],3,3,"[0.6601234827680622, 0.6109507568947781]",1,-1
26667,[0.33692849 0.63791377],0,-1,-1,1,-1
26668,[0.28279409 0.56001442],0,-1,-1,1,-1
26669,[0.2885937  0.23562569],1,2,"[0.294379027732062, 0.1921773781634303]",0,0
26670,[0.86389049 0.80103613],2,-1,-1,1,-1
26671,[0.55370488 0.69415892],3,-1,-1,1,-1
26672,[0.68724207 0.66086644],3,3,"[0.6601234827680622, 0.6109507568947781]",1,-1
26673,[0.53931564 0.57764629],3,-1,-1,1,-1
26674,[0.70708603 0.57194343],3,3,"[0.6601234827680622, 0.6109507568947781]",1,-1
26675,[0.27480745 0.16059922],1,2,"[0.294379027732062, 0.1921773781634303]",0,0
26676,[0.33883833 0.59802374],0,1,"[0.37965276877051146, 0.575157747726818]",1,-1
26677,[0.42746184 0.5768949 ],0,1,"[0.37965276877051146, 0.575157747726818]",1,-1
26678,[0.2431761  0.16138995],1,2,"[0.294379027732062, 0.1921773781634303]",0,0
26679,[0.50178055 0.5689302 ],0,-1,-1,1,-1
26680,[0.29109808 0.53163964],0,-1,-1,1,-1
26681,[0.45219258 0.55574622],0,-1,-1,1,-1
26682,[0.31346337 0.64518238],0,-1,-1,1,-1
26683,[0.44713733 0.58534277],0,1,"[0.37965276877051146, 0.575157747726818]",1,-1
26684,[0.34441129 0.20066573],1,2,"[0.294379027732062, 0.1921773781634303]",0,0
26685,[0.74978579 0.72312482],2,0,"[0.7890750777399501, 0.6799557517006445]",1,-1
26686,[0.66549473 0.5362966 ],3,-1,-1,1,-1
26687,[0.367872   0.20671294],1,-1,-1,0,0
26688,[0.35175023 0.24992269],1,-1,-1,0,0
26689,[0.40341896 0.57789757],0,1,"[0.37965276877051146, 0.575157747726818]",1,-1
26690,[0.69613597 0.66625176],2,3,"[0.6601234827680622, 0.6109507568947781]",1,-1
26691,[0.6793233  0.58737889],3,3,"[0.6601234827680622, 0.6109507568947781]",1,-1
26692,[0.65380735 0.60567525],3,3,"[0.6601234827680622, 0.6109507568947781]",1,6
26693,[0.72485402 0.77978249],2,-1,-1,1,-1
26694,[0.27269766 0.28174773],1,-1,-1,0,0
26695,[0.63715979 0.5735018 ],3,3,"[0.6601234827680622, 0.6109507568947781]",1,-1
26696,[0.61757768 0.63649797],3,3,"[0.6601234827680622, 0.6109507568947781]",1,-1
26697,[0.83655413 0.72047122],2,0,"[0.7890750777399501, 0.6799557517006445]",1,-1
26698,[0.35453331 0.59073542],0,1,"[0.37965276877051146, 0.575157747726818]",1,-1
26699,[0.31168539 0.66524712],0,-1,-1,1,-1
26700,[0.33887475 0.56110251],0,1,"[0.37965276877051146, 0.575157747726818]",1,-1
26701,[0.82197143 0.7050497 ],2,0,"[0.7890750777399501, 0.6799557517006445]",1,-1
26702,[0.75247617 0.76139417],2,-1,-1,1,-1
26703,[0.62674527 0.67550281],3,-1,-1,1,-1
26704,[0.26685071 0.22956813],1,2,"[0.294379027732062, 0.1921773781634303]",0,0
26705,[0.81670023 0.59241093],2,-1,-1,1,-1
26706,[0.82749952 0.64643034],2,0,"[0.7890750777399501, 0.6799557517006445]",1,-1
26707,[0.29289539 0.61764435],0,-1,-1,1,-1
26708,[0.27106364 0.31407518],1,-1,-1,0,0
26709,[0.76813237 0.67627302],2,0,"[0.7890750777399501, 0.6799557517006445]",1,-1
26710,[0.2501228  0.25604774],1,-1,-1,0,0
26711,[0.68836436 0.60520923],3,3,"[0.6601234827680622, 0.6109507568947781]",1,5
26712,[0.78614406 0.74245146],2,0,"[0.7890750777399501, 0.6799557517006445]",1,-1
26713,[0.83918409 0.66213897],2,0,"[0.7890750777399501, 0.6799557517006445]",1,-1
26714,[0.29885671 0.23119973],1,2,"[0.294379027732062, 0.1921773781634303]",0,0
26715,[0.61298086 0.61113422],3,3,"[0.6601234827680622, 0.6109507568947781]",1,-1
26716,[0.40185083 0.62397357],0,1,"[0.37965276877051146, 0.575157747726818]",1,-1
26717,[0.33937935 0.50087996],0,-1,-1,1,-1
26718,[0.74006234 0.60655897],3,-1,-1,1,-1
26719,[0.67060242 0.6182889 ],3,3,"[0.6601234827680622, 0.6109507568947781]",1,-1
26720,[0.34521302 0.20774667],1,2,"[0.294379027732062, 0.1921773781634303]",0,0
26721,[0.38857548 0.58904625],0,1,"[0.37965276877051146, 0.575157747726818]",1,-1
26722,[0.77439474 0.52159297],2,-1,-1,1,-1
26723,[0.68678957 0.57927562],3,3,"[0.6601234827680622, 0.6109507568947781]",1,-1
26724,[0.81302453 0.67844881],2,0,"[0.7890750777399501, 0.6799557517006445]",1,-1
26725,[0.36059271 0.49308664],0,-1,-1,1,-1
26726,[0.28997491 0.18964582],1,2,"[0.294379027732062, 0.1921773781634303]",0,0
26727,[0.28038634 0.14845802],1,2,"[0.294379027732062, 0.1921773781634303]",0,0
26728,[0.31590173 0.24414995],1,2,"[0.294379027732062, 0.1921773781634303]",0,0
26729,[0.21342064 0.16016273],1,-1,-1,0,0
26730,[0.40524207 0.52279467],0,1,"[0.37965276877051146, 0.575157747726818]",1,-1
26731,[0.36333869 0.52974536],0,1,"[0.37965276877051146, 0.575157747726818]",1,-1
26732,[0.41446958 0.1749289 ],1,-1,-1,0,0
26733,[0.72981189 0.66815131],2,0,"[0.7890750777399501, 0.6799557517006445]",1,-1
26734,[0.67105074 0.57409281],3,3,"[0.6601234827680622, 0.6109507568947781]",1,-1
26735,[0.40051987 0.56406155],0,1,"[0.37965276877051146, 0.575157747726818]",1,2
26736,[0.50151765 0.49053286],0,-1,-1,1,-1
26737,[0.4031934  0.65747763],0,-1,-1,1,-1
26738,[0.43189662 0.55873836],0,1,"[0.37965276877051146, 0.575157747726818]",1,-1
26739,[0.39294679 0.62809313],0,1,"[0.37965276877051146, 0.575157747726818]",1,-1
26740,[0.79745365 0.60669872],2,-1,-1,1,-1
26741,[0.64512468 0.55459968],3,3,"[0.6601234827680622, 0.6109507568947781]",1,-1
26742,[0.81018847 0.68508437],2,0,"[0.7890750777399501, 0.6799557517006445]",1,4
26743,[0.39613074 0.57405733],0,1,"[0.37965276877051146, 0.575157747726818]",1,-1
26744,[0.38363836 0.50070068],0,-1,-1,1,-1
26745,[0.63691149 0.69076054],3,-1,-1,1,-1
26746,[0.58293026 0.62279102],3,-1,-1,1,-1
26747,[0.34107453 0.1811709 ],1,2,"[0.294379027732062, 0.1921773781634303]",0,0
26748,[0.87999141 0.67241067],2,-1,-1,1,-1
26749,[0.33631387 0.48733753],0,-1,-1,1,-1
26750,[0.34354889 0.16089194],1,2,"[0.294379027732062, 0.1921773781634303]",0,0
26751,[0.30418535 0.18082001],1,2,"[0.294379027732062, 0.1921773781634303]",0,0
26752,[0.34095702 0.20085768],1,2,"[0.294379027732062, 0.1921773781634303]",0,0
26753,[0.33160484 0.60292741],0,1,"[0.37965276877051146, 0.575157747726818]",1,-1
26754,[0.3123486  0.15244698],1,2,"[0.294379027732062, 0.1921773781634303]",0,0
26755,[0.76645422 0.68386306],2,0,"[0.7890750777399501, 0.6799557517006445]",1,-1
26756,[0.30710598 0.21278545],1,2,"[0.294379027732062, 0.1921773781634303]",0,0
26757,[0.78700288 0.65171446],2,0,"[0.7890750777399501, 0.6799557517006445]",1,-1
26758,[0.59085132 0.66466433],3,-1,-1,1,-1
26759,[0.35447681 0.20061968],1,2,"[0.294379027732062, 0.1921773781634303]",0,0
26760,[0.71791537 0.60092939],2,3,"[0.6601234827680622, 0.6109507568947781]",1,-1
26761,[0.26630852 0.14356346],1,2,"[0.294379027732062, 0.1921773781634303]",0,0
26762,[0.81278444 0.70882661],2,0,"[0.7890750777399501, 0.6799557517006445]",1,-1
26763,[0.33107115 0.56345115],0,1,"[0.37965276877051146, 0.575157747726818]",1,-1
26764,[0.41341135 0.59082623],0,1,"[0.37965276877051146, 0.575157747726818]",1,-1
26765,[0.29415147 0.61564081],0,-1,-1,1,-1
26766,[0.27197373 0.21498963],1,2,"[0.294379027732062, 0.1921773781634303]",0,0
26767,[0.60607417 0.56335656],3,-1,-1,1,-1
26768,[0.30580876 0.63325328],0,-1,-1,1,-1
26769,[0.75396916 0.72172951],2,0,"[0.7890750777399501, 0.6799557517006445]",1,-1
26770,[0.60960048 0.60611987],3,3,"[0.6601234827680622, 0.6109507568947781]",1,-1
26771,[0.74009454 0.62618753],2,-1,-1,1,-1
26772,[0.63285619 0.55477127],3,3,"[0.6601234827680622, 0.6109507568947781]",1,-1
26773,[0.29498131 0.19417066],1,2,"[0.294379027732062, 0.1921773781634303]",0,0
26774,[0.37391904 0.56282117],0,1,"[0.37965276877051146, 0.575157747726818]",1,1
26775,[0.43982592 0.57732148],0,1,"[0.37965276877051146, 0.575157747726818]",1,-1
26776,[0.74202906 0.76257568],2,-1,-1,1,-1
26777,[0.69329701 0.68185955],2,-1,-1,1,-1
26778,[0.3742752  0.55176043],0,1,"[0.37965276877051146, 0.575157747726818]",1,-1
26779,[0.85797151 0.70165449],2,-1,-1,1,-1
26780,[0.34321179 0.17130958],1,2,"[0.294379027732062, 0.1921773781634303]",0,0
26781,[0.82091112 0.70059792],2,0,"[0.7890750777399501, 0.6799557517006445]",1,-1
26782,[0.87656952 0.69903157],2,-1,-1,1,-1
26783,[0.34504996 0.5862229 ],0,1,"[0.37965276877051146, 0.575157747726818]",1,-1
26784,[0.34914505 0.2100635 ],1,2,"[0.294379027732062, 0.1921773781634303]",0,0
26785,[0.44306958 0.64794355],0,-1,-1,1,-1
26786,[0.7958337  0.73166727],2,0,"[0.7890750777399501, 0.6799557517006445]",1,-1
26787,[0.37545989 0.20460938],1,-1,-1,0,0
26788,[0.36750788 0.57581302],0,1,"[0.37965276877051146, 0.575157747726818]",1,1
26789,[0.84462561 0.71919669],2,0,"[0.7890750777399501, 0.6799557517006445]",1,-1
26790,[0.69839141 0.59234106],3,3,"[0.6601234827680622, 0.6109507568947781]",1,-1
26791,[0.25494309 0.61265818],0,-1,-1,1,-1
26792,[0.65346917 0.67678067],3,3,"[0.6601234827680622, 0.6109507568947781]",1,-1
26793,[0.46047632 0.5507521 ],0,-1,-1,1,-1
26794,[0.78885907 0.64593359],2,0,"[0.7890750777399501, 0.6799557517006445]",1,-1
26795,[0.44079125 0.60643765],0,1,"[0.37965276877051146, 0.575157747726818]",1,-1
26796,[0.71099004 0.58985549],3,3,"[0.6601234827680622, 0.6109507568947781]",1,-1
26797,[0.23865383 0.18701942],1,2,"[0.294379027732062, 0.1921773781634303]",0,0
26798,[0.27098266 0.14979853],1,2,"[0.294379027732062, 0.1921773781634303]",0,0
26799,[0.63070341 0.57231101],3,3,"[0.6601234827680622, 0.6109507568947781]",1,-1
26800,[0.3477886  0.56043888],0,1,"[0.37965276877051146, 0.575157747726818]",1,-1
26801,[0.32100192 0.56423757],0,1,"[0.37965276877051146, 0.575157747726818]",1,-1
26802,[0.35897674 0.19540112],1,2,"[0.294379027732062, 0.1921773781634303]",0,0
26803,[0.2919168  0.13419007],1,2,"[0.294379027732062, 0.1921773781634303]",0,0
26804,[0.64026091 0.65296227],3,3,"[0.6601234827680622, 0.6109507568947781]",1,-1
26805,[0.81951937 0.71278483],2,0,"[0.7890750777399501, 0.6799557517006445]",1,-1
26806,[0.70081074 0.63233751],3,3,"[0.6601234827680622, 0.6109507568947781]",1,-1
26807,[0.21186927 0.19746918],1,-1,-1,0,0
26808,[0.36311355 0.52136877],0,1,"[0.37965276877051146, 0.575157747726818]",1,-1
26809,[0.62866811 0.68391281],3,-1,-1,1,-1
26810,[0.67685098 0.61080408],3,3,"[0.6601234827680622, 0.6109507568947781]",1,-1
26811,[0.33013177 0.55091056],0,1,"[0.37965276877051146, 0.575157747726818]",1,-1
26812,[0.74410981 0.68614837],2,0,"[0.7890750777399501, 0.6799557517006445]",1,-1
26813,[0.70364289 0.63736661],2,3,"[0.6601234827680622, 0.6109507568947781]",1,-1
26814,[0.76223542 0.68759688],2,0,"[0.7890750777399501, 0.6799557517006445]",1,-1
26815,[0.33618767 0.11378186],1,-1,-1,0,0
26816,[0.78864356 0.64649801],2,0,"[0.7890750777399501, 0.6799557517006445]",1,-1
26817,[0.33734338 0.52223447],0,1,"[0.37965276877051146, 0.575157747726818]",1,-1
26818,[0.85890243 0.63132628],2,-1,-1,1,-1
26819,[0.37880967 0.61432705],0,1,"[0.37965276877051146, 0.575157747726818]",1,-1
26820,[0.34359526 0.57977207],0,1,"[0.37965276877051146, 0.575157747726818]",1,-1
26821,[0.33604917 0.62814827],0,1,"[0.37965276877051146, 0.575157747726818]",1,-1
26822,[0.58158312 0.66757138],0,-1,-1,1,-1
26823,[0.74074658 0.65416097],2,0,"[0.7890750777399501, 0.6799557517006445]",1,-1
26824,[0.7880518  0.73110641],2,0,"[0.7890750777399501, 0.6799557517006445]",1,-1
26825,[0.25453624 0.19629873],1,2,"[0.294379027732062, 0.1921773781634303]",0,0
26826,[0.28828022 0.13721356],1,2,"[0.294379027732062, 0.1921773781634303]",0,0
26827,[0.37331651 0.17931898],1,-1,-1,0,0
26828,[0.2424558 0.2748503],1,-1,-1,0,0
26829,[0.27854661 0.1953425 ],1,2,"[0.294379027732062, 0.1921773781634303]",0,0
26830,[0.789197   0.65450024],2,0,"[0.7890750777399501, 0.6799557517006445]",1,-1
26831,[0.3255664  0.28237198],1,-1,-1,0,0
26832,[0.36022929 0.25027214],1,-1,-1,0,0
26833,[0.34198703 0.53073151],0,1,"[0.37965276877051146, 0.575157747726818]",1,-1
26834,[0.63583762 0.68171345],3,-1,-1,1,-1
26835,[0.70409571 0.64104286],3,3,"[0.6601234827680622, 0.6109507568947781]",1,-1
26836,[0.27963749 0.19021972],1,2,"[0.294379027732062, 0.1921773781634303]",0,0
26837,[0.39123622 0.50651513],0,1,"[0.37965276877051146, 0.575157747726818]",1,-1
26838,[0.39927411 0.5469477 ],0,1,"[0.37965276877051146, 0.575157747726818]",1,-1
26839,[0.69832128 0.60478953],3,3,"[0.6601234827680622, 0.6109507568947781]",1,-1
26840,[0.76492347 0.60630459],2,-1,-1,1,-1
26841,[0.35798429 0.6285856 ],0,1,"[0.37965276877051146, 0.575157747726818]",1,-1
26842,[0.74919092 0.63526069],2,0,"[0.7890750777399501, 0.6799557517006445]",1,-1
26843,[0.80756976 0.71299274],2,0,"[0.7890750777399501, 0.6799557517006445]",1,-1
26844,[0.74562457 0.64879025],2,0,"[0.7890750777399501, 0.6799557517006445]",1,-1
26845,[0.76807662 0.63567325],2,0,"[0.7890750777399501, 0.6799557517006445]",1,-1
26846,[0.6234678  0.61085323],3,3,"[0.6601234827680622, 0.6109507568947781]",1,-1
26847,[0.37309719 0.6136828 ],0,1,"[0.37965276877051146, 0.575157747726818]",1,-1
26848,[0.32978239 0.19167993],1,2,"[0.294379027732062, 0.1921773781634303]",0,0
26849,[0.71071499 0.60075231],3,3,"[0.6601234827680622, 0.6109507568947781]",1,-1
26850,[0.62913745 0.53723863],3,-1,-1,1,-1
26851,[0.29394489 0.11361764],1,-1,-1,0,0
26852,[0.73636904 0.68781713],2,0,"[0.7890750777399501, 0.6799557517006445]",1,-1
26853,[0.28782597 0.37972026],1,-1,-1,0,-1
26854,[0.37006636 0.57254969],0,1,"[0.37965276877051146, 0.575157747726818]",1,1
26855,[0.81940324 0.67946954],2,0,"[0.7890750777399501, 0.6799557517006445]",1,-1
26856,[0.65534277 0.5946944 ],3,3,"[0.6601234827680622, 0.6109507568947781]",1,-1
26857,[0.38592323 0.6045096 ],0,1,"[0.37965276877051146, 0.575157747726818]",1,-1
26858,[0.63132565 0.64912661],3,3,"[0.6601234827680622, 0.6109507568947781]",1,-1
26859,[0.29660732 0.16528933],1,2,"[0.294379027732062, 0.1921773781634303]",0,0
26860,[0.35085776 0.63954786],0,-1,-1,1,-1
26861,[0.38960459 0.26995144],1,-1,-1,0,0
26862,[0.38383974 0.58367746],0,1,"[0.37965276877051146, 0.575157747726818]",1,-1
26863,[0.69543073 0.71505279],3,-1,-1,1,-1
26864,[0.73421152 0.63222434],2,-1,-1,1,-1
26865,[0.80622017 0.63644177],2,0,"[0.7890750777399501, 0.6799557517006445]",1,-1
26866,[0.78109554 0.70478221],2,0,"[0.7890750777399501, 0.6799557517006445]",1,-1
26867,[0.39661689 0.6041421 ],0,1,"[0.37965276877051146, 0.575157747726818]",1,-1
26868,[0.60677347 0.56307768],3,-1,-1,1,-1
26869,[0.41660342 0.60962001],0,1,"[0.37965276877051146, 0.575157747726818]",1,-1
26870,[0.3231408  0.55319555],0,1,"[0.37965276877051146, 0.575157747726818]",1,-1
26871,[0.78718596 0.69366385],2,0,"[0.7890750777399501, 0.6799557517006445]",1,-1
26872,[0.47479711 0.62212022],0,-1,-1,1,-1
26873,[0.80531178 0.64326721],2,0,"[0.7890750777399501, 0.6799557517006445]",1,-1
26874,[0.62060964 0.61441676],3,3,"[0.6601234827680622, 0.6109507568947781]",1,-1
26875,[0.28607327 0.1112936 ],1,-1,-1,0,0
26876,[0.47341101 0.55579853],0,-1,-1,1,-1
26877,[0.42652634 0.56982444],0,1,"[0.37965276877051146, 0.575157747726818]",1,-1
26878,[0.31099988 0.23316151],1,2,"[0.294379027732062, 0.1921773781634303]",0,0
26879,[0.25632618 0.11979908],1,-1,-1,0,0
26880,[0.79786662 0.69229905],2,0,"[0.7890750777399501, 0.6799557517006445]",1,-1
26881,[0.33372464 0.54321504],0,1,"[0.37965276877051146, 0.575157747726818]",1,-1
26882,[0.60591102 0.51771928],3,-1,-1,1,-1
26883,[0.75296749 0.6380479 ],2,0,"[0.7890750777399501, 0.6799557517006445]",1,-1
26884,[0.72329931 0.62860269],3,3,"[0.6601234827680622, 0.6109507568947781]",1,-1
26885,[0.85852791 0.66563852],2,-1,-1,1,-1
26886,[0.68733861 0.68999878],3,-1,-1,1,-1
26887,[0.32651422 0.24900363],1,2,"[0.294379027732062, 0.1921773781634303]",0,0
26888,[0.79174988 0.65105016],2,0,"[0.7890750777399501, 0.6799557517006445]",1,-1
26889,[0.35282412 0.62598696],0,1,"[0.37965276877051146, 0.575157747726818]",1,-1
26890,[0.39938302 0.59777828],0,1,"[0.37965276877051146, 0.575157747726818]",1,-1
26891,[0.39102023 0.59892091],0,1,"[0.37965276877051146, 0.575157747726818]",1,-1
26892,[0.73248376 0.66262963],3,0,"[0.7890750777399501, 0.6799557517006445]",1,-1
26893,[0.34061157 0.58403086],0,1,"[0.37965276877051146, 0.575157747726818]",1,-1
26894,[0.3198058  0.56941847],0,1,"[0.37965276877051146, 0.575157747726818]",1,-1
26895,[0.3547084  0.24180219],1,-1,-1,0,0
26896,[0.63735581 0.65506274],3,3,"[0.6601234827680622, 0.6109507568947781]",1,-1
26897,[0.29438826 0.21147297],1,2,"[0.294379027732062, 0.1921773781634303]",0,0
26898,[0.73922606 0.63377055],3,0,"[0.7890750777399501, 0.6799557517006445]",1,-1
26899,[0.66712204 0.57479937],3,3,"[0.6601234827680622, 0.6109507568947781]",1,-1
26900,[0.3044314  0.26621827],1,-1,-1,0,0
26901,[0.3173033  0.19741208],1,2,"[0.294379027732062, 0.1921773781634303]",0,0
26902,[0.81712229 0.69121854],2,0,"[0.7890750777399501, 0.6799557517006445]",1,-1
26903,[0.8202014  0.67039363],2,0,"[0.7890750777399501, 0.6799557517006445]",1,-1
26904,[0.34744541 0.55908572],0,1,"[0.37965276877051146, 0.575157747726818]",1,-1
26905,[0.74523684 0.70286405],2,0,"[0.7890750777399501, 0.6799557517006445]",1,-1
26906,[0.19359393 0.2973279 ],1,-1,-1,0,0
26907,[0.80320223 0.64472906],2,0,"[0.7890750777399501, 0.6799557517006445]",1,-1
26908,[0.29238318 0.23578541],1,2,"[0.294379027732062, 0.1921773781634303]",0,0
26909,[0.79192377 0.77847294],2,-1,-1,1,-1
26910,[0.33324469 0.56674948],0,1,"[0.37965276877051146, 0.575157747726818]",1,-1
26911,[0.36606587 0.62832823],0,1,"[0.37965276877051146, 0.575157747726818]",1,-1
26912,[0.27500544 0.28184325],1,-1,-1,0,0
26913,[0.43106535 0.53586003],0,1,"[0.37965276877051146, 0.575157747726818]",1,-1
26914,[0.24151107 0.19557681],1,2,"[0.294379027732062, 0.1921773781634303]",0,0
26915,[0.61455684 0.51782776],3,-1,-1,1,-1
26916,[0.66078666 0.67222403],3,3,"[0.6601234827680622, 0.6109507568947781]",1,-1
26917,[0.36570203 0.22166294],1,-1,-1,0,0
26918,[0.67829769 0.61030227],3,3,"[0.6601234827680622, 0.6109507568947781]",1,-1
26919,[0.74730801 0.67228975],2,0,"[0.7890750777399501, 0.6799557517006445]",1,-1
26920,[0.34465244 0.16403454],1,2,"[0.294379027732062, 0.1921773781634303]",0,0
26921,[0.22954399 0.18655375],1,2,"[0.294379027732062, 0.1921773781634303]",0,0
26922,[0.40364792 0.60151093],0,1,"[0.37965276877051146, 0.575157747726818]",1,-1
26923,[0.73522422 0.60588923],3,-1,-1,1,-1
26924,[0.82850705 0.73490109],2,0,"[0.7890750777399501, 0.6799557517006445]",1,-1
26925,[0.84119131 0.63874314],2,0,"[0.7890750777399501, 0.6799557517006445]",1,-1
26926,[0.60517994 0.65223073],3,3,"[0.6601234827680622, 0.6109507568947781]",1,-1
26927,[0.71583441 0.6508527 ],3,3,"[0.6601234827680622, 0.6109507568947781]",1,-1
26928,[0.62717845 0.57726142],3,3,"[0.6601234827680622, 0.6109507568947781]",1,-1
26929,[0.30167611 0.26184414],1,-1,-1,0,0
26930,[0.6135597 0.6406799],3,3,"[0.6601234827680622, 0.6109507568947781]",1,-1
26931,[0.39632535 0.25782966],1,-1,-1,0,0
26932,[0.71585884 0.67393796],2,-1,-1,1,-1
26933,[0.69116619 0.58301132],3,3,"[0.6601234827680622, 0.6109507568947781]",1,-1
26934,[0.78743258 0.5925482 ],2,-1,-1,1,-1
26935,[0.67028148 0.523146  ],3,-1,-1,1,-1
26936,[0.65290974 0.59272275],3,3,"[0.6601234827680622, 0.6109507568947781]",1,-1
26937,[0.38752963 0.58659033],0,1,"[0.37965276877051146, 0.575157747726818]",1,-1
26938,[0.52204314 0.6521018 ],3,-1,-1,1,-1
26939,[0.24982993 0.33642164],1,-1,-1,0,0
26940,[0.7592215  0.63843351],2,0,"[0.7890750777399501, 0.6799557517006445]",1,-1
26941,[0.66748679 0.64535488],3,3,"[0.6601234827680622, 0.6109507568947781]",1,-1
26942,[0.26786627 0.19780251],1,2,"[0.294379027732062, 0.1921773781634303]",0,0
26943,[0.67377687 0.60946308],3,3,"[0.6601234827680622, 0.6109507568947781]",1,-1
26944,[0.30501805 0.18447116],1,2,"[0.294379027732062, 0.1921773781634303]",0,0
26945,[0.77763688 0.72345017],2,0,"[0.7890750777399501, 0.6799557517006445]",1,-1
26946,[0.79963939 0.69063415],2,0,"[0.7890750777399501, 0.6799557517006445]",1,-1
26947,[0.32836744 0.14992221],1,2,"[0.294379027732062, 0.1921773781634303]",0,0
26948,[0.81269658 0.74781719],2,-1,-1,1,-1
26949,[0.76495133 0.66155262],2,0,"[0.7890750777399501, 0.6799557517006445]",1,3
26950,[0.36515635 0.53462952],0,1,"[0.37965276877051146, 0.575157747726818]",1,-1
26951,[0.79856563 0.66968969],2,0,"[0.7890750777399501, 0.6799557517006445]",1,4
26952,[0.2145672  0.10625937],1,-1,-1,0,0
26953,[0.7423995  0.67731884],3,0,"[0.7890750777399501, 0.6799557517006445]",1,-1
26954,[0.59875728 0.61424215],3,3,"[0.6601234827680622, 0.6109507568947781]",1,-1
26955,[0.69605074 0.68312042],3,-1,-1,1,-1
26956,[0.22946165 0.18529071],1,2,"[0.294379027732062, 0.1921773781634303]",0,0
26957,[0.75425203 0.78880297],2,-1,-1,1,-1
26958,[0.81895219 0.67397832],2,0,"[0.7890750777399501, 0.6799557517006445]",1,-1
26959,[0.37311527 0.55288692],0,1,"[0.37965276877051146, 0.575157747726818]",1,-1
26960,[0.19900564 0.2013283 ],1,-1,-1,0,0
26961,[0.67843139 0.62497419],3,3,"[0.6601234827680622, 0.6109507568947781]",1,7
26962,[0.79424785 0.66246617],2,0,"[0.7890750777399501, 0.6799557517006445]",1,-1
26963,[0.33017767 0.21003104],1,2,"[0.294379027732062, 0.1921773781634303]",0,0
26964,[0.30539745 0.14227356],1,2,"[0.294379027732062, 0.1921773781634303]",0,0
26965,[0.28656857 0.55750942],0,-1,-1,1,-1
26966,[0.71592882 0.55687084],3,-1,-1,1,-1
26967,[0.67832978 0.60011907],3,3,"[0.6601234827680622, 0.6109507568947781]",1,-1
26968,[0.34851672 0.12297882],1,-1,-1,0,0
26969,[0.73847372 0.747331  ],2,-1,-1,1,-1
26970,[0.38727411 0.67470928],0,-1,-1,1,-1
26971,[0.36316445 0.16424899],1,-1,-1,0,0
26972,[0.66628671 0.67878097],3,3,"[0.6601234827680622, 0.6109507568947781]",1,-1
26973,[0.78820144 0.70091979],2,0,"[0.7890750777399501, 0.6799557517006445]",1,-1
26974,[0.71567189 0.57474165],3,3,"[0.6601234827680622, 0.6109507568947781]",1,-1
26975,[0.32704348 0.51131775],0,-1,-1,1,-1
26976,[0.25171566 0.23810667],1,2,"[0.294379027732062, 0.1921773781634303]",0,0
26977,[0.7901407  0.76365695],2,-1,-1,1,-1
26978,[0.31776888 0.6042232 ],0,1,"[0.37965276877051146, 0.575157747726818]",1,-1
26979,[0.22007833 0.21378076],1,-1,-1,0,0
26980,[0.81383285 0.66697654],2,0,"[0.7890750777399501, 0.6799557517006445]",1,-1
26981,[0.40592904 0.64195928],0,-1,-1,1,-1
26982,[0.35704754 0.11362634],1,-1,-1,0,0
26983,[0.38839019 0.61044537],0,1,"[0.37965276877051146, 0.575157747726818]",1,-1
26984,[0.39623708 0.66476252],0,-1,-1,1,-1
26985,[0.80362627 0.62698862],2,0,"[0.7890750777399501, 0.6799557517006445]",1,-1
26986,[0.30715352 0.58220017],0,-1,-1,1,-1
26987,[0.61040956 0.55639856],3,-1,-1,1,-1
26988,[0.79204845 0.63144218],2,0,"[0.7890750777399501, 0.6799557517006445]",1,-1
26989,[0.30022748 0.25090702],1,2,"[0.294379027732062, 0.1921773781634303]",0,0
26990,[0.61721627 0.5286208 ],3,-1,-1,1,-1
26991,[0.70318455 0.64499286],2,3,"[0.6601234827680622, 0.6109507568947781]",1,-1
26992,[0.33131168 0.49088118],0,-1,-1,1,-1
26993,[0.33449543 0.27888742],1,-1,-1,0,0
26994,[0.67790123 0.59557179],3,3,"[0.6601234827680622, 0.6109507568947781]",1,-1
26995,[0.34781885 0.17235671],1,2,"[0.294379027732062, 0.1921773781634303]",0,0
26996,[0.69077908 0.66474884],3,3,"[0.6601234827680622, 0.6109507568947781]",1,-1
26997,[0.56695842 0.5882725 ],3,-1,-1,1,-1
26998,[0.32860783 0.65223159],0,-1,-1,1,-1
26999,[0.72328989 0.62898304],2,3,"[0.6601234827680622, 0.6109507568947781]",1,-1
27000,[0.70723692 0.68162586],3,-1,-1,1,-1
27001,[0.30870432 0.60798471],0,-1,-1,1,-1
27002,[0.24003032 0.17767584],1,2,"[0.294379027732062, 0.1921773781634303]",0,0
27003,[0.63276626 0.62225743],3,3,"[0.6601234827680622, 0.6109507568947781]",1,-1
27004,[0.79292055 0.71082323],2,0,"[0.7890750777399501, 0.6799557517006445]",1,-1
27005,[0.24293031 0.20100128],1,2,"[0.294379027732062, 0.1921773781634303]",0,0
27006,[0.65048105 0.5926423 ],3,3,"[0.6601234827680622, 0.6109507568947781]",1,-1
27007,[0.33261442 0.20282207],1,2,"[0.294379027732062, 0.1921773781634303]",0,0
27008,[0.29318441 0.18215398],1,2,"[0.294379027732062, 0.1921773781634303]",0,0
27009,[0.44689482 0.57786643],0,1,"[0.37965276877051146, 0.575157747726818]",1,-1
27010,[0.31697095 0.17336732],1,2,"[0.294379027732062, 0.1921773781634303]",0,0
27011,[0.70419403 0.66204817],2,3,"[0.6601234827680622, 0.6109507568947781]",1,-1
27012,[0.65069347 0.58084288],3,3,"[0.6601234827680622, 0.6109507568947781]",1,-1
27013,[0.31492279 0.16014137],1,2,"[0.294379027732062, 0.1921773781634303]",0,0
27014,[0.29778817 0.19171739],1,2,"[0.294379027732062, 0.1921773781634303]",0,0
27015,[0.68861544 0.55005998],3,3,"[0.6601234827680622, 0.6109507568947781]",1,-1
27016,[0.81846497 0.63084792],2,0,"[0.7890750777399501, 0.6799557517006445]",1,-1
27017,[0.37835781 0.58450856],0,1,"[0.37965276877051146, 0.575157747726818]",1,1
27018,[0.67400618 0.62112946],3,3,"[0.6601234827680622, 0.6109507568947781]",1,-1
27019,[0.29555252 0.18869234],1,2,"[0.294379027732062, 0.1921773781634303]",0,0
27020,[0.38275391 0.47012205],0,-1,-1,1,-1
27021,[0.28751407 0.21609292],1,2,"[0.294379027732062, 0.1921773781634303]",0,0
27022,[0.68341175 0.60996818],3,3,"[0.6601234827680622, 0.6109507568947781]",1,5
27023,[0.30960265 0.2526685 ],1,2,"[0.294379027732062, 0.1921773781634303]",0,0
27024,[0.29238374 0.12012595],1,-1,-1,0,0
27025,[0.67628116 0.55417819],3,3,"[0.6601234827680622, 0.6109507568947781]",1,-1
27026,[0.65510183 0.64437908],3,3,"[0.6601234827680622, 0.6109507568947781]",1,-1
27027,[0.19693895 0.19388092],1,-1,-1,0,0
27028,[0.80279215 0.62202505],2,0,"[0.7890750777399501, 0.6799557517006445]",1,-1
27029,[0.35982446 0.22261767],1,-1,-1,0,0
27030,[0.27426934 0.18132332],1,2,"[0.294379027732062, 0.1921773781634303]",0,0
27031,[0.31827997 0.1938482 ],1,2,"[0.294379027732062, 0.1921773781634303]",0,0
27032,[0.85367793 0.66820071],2,0,"[0.7890750777399501, 0.6799557517006445]",1,-1
27033,[0.64666822 0.5697016 ],3,3,"[0.6601234827680622, 0.6109507568947781]",1,-1
27034,[0.77242311 0.71432001],2,0,"[0.7890750777399501, 0.6799557517006445]",1,-1
27035,[0.85366743 0.72035017],2,-1,-1,1,-1
27036,[0.71186758 0.69792171],2,-1,-1,1,-1
27037,[0.44065705 0.58648061],0,1,"[0.37965276877051146, 0.575157747726818]",1,-1
27038,[0.3421346  0.49218357],0,-1,-1,1,-1
27039,[0.41217733 0.49243934],0,-1,-1,1,-1
27040,[0.79807362 0.70771247],2,0,"[0.7890750777399501, 0.6799557517006445]",1,-1
27041,[0.3129794  0.13169972],1,2,"[0.294379027732062, 0.1921773781634303]",0,0
27042,[0.64733587 0.53531061],3,-1,-1,1,-1
27043,[0.7342827  0.57599048],3,-1,-1,1,-1
27044,[0.75517084 0.69142001],2,0,"[0.7890750777399501, 0.6799557517006445]",1,-1
27045,[0.31339265 0.09456231],1,-1,-1,0,0
27046,[0.26725542 0.16411447],1,2,"[0.294379027732062, 0.1921773781634303]",0,0
27047,[0.7367667  0.51000899],3,-1,-1,1,-1
27048,[0.3428808  0.49368064],0,-1,-1,1,-1
27049,[0.3681233  0.51748734],0,1,"[0.37965276877051146, 0.575157747726818]",1,-1
27050,[0.62609241 0.65351249],3,3,"[0.6601234827680622, 0.6109507568947781]",1,-1
27051,[0.7688997  0.74648217],2,0,"[0.7890750777399501, 0.6799557517006445]",1,-1
27052,[0.57653563 0.67751418],3,-1,-1,1,-1
27053,[0.65214893 0.65055866],3,3,"[0.6601234827680622, 0.6109507568947781]",1,-1
27054,[0.64527955 0.58003533],3,3,"[0.6601234827680622, 0.6109507568947781]",1,-1
27055,[0.30212    0.55402174],0,-1,-1,1,-1
27056,[0.49629635 0.50109901],0,-1,-1,1,-1
27057,[0.2221669  0.18905385],1,-1,-1,0,0
27058,[0.23845108 0.17318065],1,2,"[0.294379027732062, 0.1921773781634303]",0,0
27059,[0.78164212 0.66319103],2,0,"[0.7890750777399501, 0.6799557517006445]",1,-1
27060,[0.29428317 0.21753588],1,2,"[0.294379027732062, 0.1921773781634303]",0,0
27061,[0.73559637 0.65368115],2,0,"[0.7890750777399501, 0.6799557517006445]",1,-1
27062,[0.81386449 0.59122171],2,-1,-1,1,-1
27063,[0.87256724 0.75418807],2,-1,-1,1,-1
27064,[0.44432907 0.6698867 ],0,-1,-1,1,-1
27065,[0.85251247 0.64160072],2,-1,-1,1,-1
27066,[0.44083109 0.5029362 ],0,-1,-1,1,-1
27067,[0.82836042 0.61124982],2,-1,-1,1,-1
27068,[0.31269177 0.15208294],1,2,"[0.294379027732062, 0.1921773781634303]",0,0
27069,[0.27567318 0.25709483],1,2,"[0.294379027732062, 0.1921773781634303]",0,0
27070,[0.72917867 0.54183748],3,-1,-1,1,-1
27071,[0.36486965 0.52197647],0,1,"[0.37965276877051146, 0.575157747726818]",1,-1
27072,[0.21361039 0.1735456 ],1,-1,-1,0,0
27073,[0.73083833 0.67309722],2,0,"[0.7890750777399501, 0.6799557517006445]",1,-1
27074,[0.81296134 0.63438695],2,0,"[0.7890750777399501, 0.6799557517006445]",1,-1
27075,[0.41046576 0.53769291],0,1,"[0.37965276877051146, 0.575157747726818]",1,-1
27076,[0.64120301 0.5534331 ],3,3,"[0.6601234827680622, 0.6109507568947781]",1,-1
27077,[0.23599528 0.16659368],1,2,"[0.294379027732062, 0.1921773781634303]",0,0
27078,[0.63459273 0.52432434],3,-1,-1,1,-1
27079,[0.32793855 0.6024294 ],0,1,"[0.37965276877051146, 0.575157747726818]",1,-1
27080,[0.8324761  0.64243475],2,0,"[0.7890750777399501, 0.6799557517006445]",1,-1
27081,[0.31206594 0.50702351],0,-1,-1,1,-1
27082,[0.33278636 0.57075362],0,1,"[0.37965276877051146, 0.575157747726818]",1,-1
27083,[0.66826386 0.72909885],3,-1,-1,1,-1
27084,[0.21618361 0.19320323],1,-1,-1,0,0
27085,[0.44877099 0.60317341],0,-1,-1,1,-1
27086,[0.38854963 0.58957627],0,1,"[0.37965276877051146, 0.575157747726818]",1,-1
27087,[0.80427312 0.64299087],2,0,"[0.7890750777399501, 0.6799557517006445]",1,-1
27088,[0.35687776 0.53268487],0,1,"[0.37965276877051146, 0.575157747726818]",1,-1
27089,[0.73516128 0.70726342],2,0,"[0.7890750777399501, 0.6799557517006445]",1,-1
27090,[0.80174908 0.73748989],2,0,"[0.7890750777399501, 0.6799557517006445]",1,-1
27091,[0.26444053 0.17977055],1,2,"[0.294379027732062, 0.1921773781634303]",0,0
27092,[0.36643793 0.61428443],0,1,"[0.37965276877051146, 0.575157747726818]",1,-1
27093,[0.86646009 0.7513636 ],2,-1,-1,1,-1
27094,[0.37842897 0.61752418],0,1,"[0.37965276877051146, 0.575157747726818]",1,-1
27095,[0.75048615 0.61050393],3,-1,-1,1,-1
27096,[0.69281697 0.58853244],3,3,"[0.6601234827680622, 0.6109507568947781]",1,-1
27097,[0.42295553 0.50624379],0,-1,-1,1,-1
27098,[0.72893658 0.68451782],3,0,"[0.7890750777399501, 0.6799557517006445]",1,-1
27099,[0.62385386 0.60245521],3,3,"[0.6601234827680622, 0.6109507568947781]",1,-1
27100,[0.32926972 0.15873292],1,2,"[0.294379027732062, 0.1921773781634303]",0,0
27101,[0.63121292 0.64083774],3,3,"[0.6601234827680622, 0.6109507568947781]",1,-1
27102,[0.63053928 0.60968617],3,3,"[0.6601234827680622, 0.6109507568947781]",1,-1
27103,[0.73368898 0.61805079],2,-1,-1,1,-1
27104,[0.41259174 0.58317374],0,1,"[0.37965276877051146, 0.575157747726818]",1,-1
27105,[0.32503789 0.1983664 ],1,2,"[0.294379027732062, 0.1921773781634303]",0,0
27106,[0.25848018 0.18729612],1,2,"[0.294379027732062, 0.1921773781634303]",0,0
27107,[0.31913137 0.70482945],0,-1,-1,1,-1
27108,[0.27048484 0.18399401],1,2,"[0.294379027732062, 0.1921773781634303]",0,0
27109,[0.33654706 0.20276706],1,2,"[0.294379027732062, 0.1921773781634303]",0,0
27110,[0.27525452 0.24659384],1,2,"[0.294379027732062, 0.1921773781634303]",0,0
27111,[0.25504193 0.21541987],1,2,"[0.294379027732062, 0.1921773781634303]",0,0
27112,[0.36926882 0.61441733],0,1,"[0.37965276877051146, 0.575157747726818]",1,-1
27113,[0.82998333 0.55891649],2,-1,-1,1,-1
27114,[0.68652503 0.65263394],3,3,"[0.6601234827680622, 0.6109507568947781]",1,-1
27115,[0.25575266 0.12152389],1,-1,-1,0,0
27116,[0.78759578 0.61538407],2,0,"[0.7890750777399501, 0.6799557517006445]",1,-1
27117,[0.76002917 0.65925803],2,0,"[0.7890750777399501, 0.6799557517006445]",1,3
27118,[0.36171997 0.56416738],0,1,"[0.37965276877051146, 0.575157747726818]",1,-1
27119,[0.24330221 0.20416755],1,2,"[0.294379027732062, 0.1921773781634303]",0,0
27120,[0.35486875 0.20738747],1,2,"[0.294379027732062, 0.1921773781634303]",0,0
27121,[0.2613489  0.61646463],0,-1,-1,1,-1
27122,[0.66490166 0.60192988],3,3,"[0.6601234827680622, 0.6109507568947781]",1,-1
27123,[0.23753284 0.12464687],1,-1,-1,0,0
27124,[0.32348334 0.10190053],1,-1,-1,0,0
27125,[0.860781   0.57062802],2,-1,-1,1,-1
27126,[0.45543387 0.69960686],0,-1,-1,1,-1
27127,[0.25936786 0.20223067],1,2,"[0.294379027732062, 0.1921773781634303]",0,0
27128,[0.4183251  0.65932151],0,-1,-1,1,-1
27129,[0.33510139 0.60108492],0,1,"[0.37965276877051146, 0.575157747726818]",1,-1
27130,[0.77994496 0.66114714],2,0,"[0.7890750777399501, 0.6799557517006445]",1,-1
27131,[0.5500919  0.61352788],3,-1,-1,1,-1
27132,[0.80449427 0.69153467],2,0,"[0.7890750777399501, 0.6799557517006445]",1,-1
27133,[0.75650082 0.6853738 ],2,0,"[0.7890750777399501, 0.6799557517006445]",1,-1
27134,[0.3796117  0.63579539],0,1,"[0.37965276877051146, 0.575157747726818]",1,-1
27135,[0.43839271 0.54948635],0,1,"[0.37965276877051146, 0.575157747726818]",1,-1
27136,[0.72692486 0.69185379],2,0,"[0.7890750777399501, 0.6799557517006445]",1,-1
27137,[0.35503093 0.22780356],1,-1,-1,0,0
27138,[0.64727072 0.63208228],3,3,"[0.6601234827680622, 0.6109507568947781]",1,-1
27139,[0.25061512 0.15490747],1,2,"[0.294379027732062, 0.1921773781634303]",0,0
27140,[0.37223145 0.55074848],0,1,"[0.37965276877051146, 0.575157747726818]",1,-1
27141,[0.68028552 0.68102029],3,-1,-1,1,-1
27142,[0.3830303  0.57253673],0,1,"[0.37965276877051146, 0.575157747726818]",1,-1
27143,[0.67582063 0.60009081],3,3,"[0.6601234827680622, 0.6109507568947781]",1,-1
27144,[0.44663071 0.57208818],0,1,"[0.37965276877051146, 0.575157747726818]",1,-1
27145,[0.71941668 0.67972519],2,0,"[0.7890750777399501, 0.6799557517006445]",1,-1
27146,[0.35606784 0.61979317],0,1,"[0.37965276877051146, 0.575157747726818]",1,-1
27147,[0.36778172 0.59707423],0,1,"[0.37965276877051146, 0.575157747726818]",1,-1
27148,[0.31214738 0.14093612],1,2,"[0.294379027732062, 0.1921773781634303]",0,0
27149,[0.45456305 0.51701594],0,-1,-1,1,-1
27150,[0.29933891 0.10425077],1,-1,-1,0,0
27151,[0.39824911 0.65626593],0,-1,-1,1,-1
27152,[0.18257992 0.1541064 ],1,-1,-1,0,0
27153,[0.81192702 0.5933943 ],2,-1,-1,1,-1
27154,[0.63476891 0.60369339],3,3,"[0.6601234827680622, 0.6109507568947781]",1,-1
27155,[0.82401008 0.62790571],2,0,"[0.7890750777399501, 0.6799557517006445]",1,-1
27156,[0.35606056 0.26297994],1,-1,-1,0,0
27157,[0.67745351 0.67444535],3,3,"[0.6601234827680622, 0.6109507568947781]",1,-1
27158,[0.39931465 0.13010587],1,-1,-1,0,0
27159,[0.65308353 0.62799872],3,3,"[0.6601234827680622, 0.6109507568947781]",1,-1
27160,[0.64747089 0.57679765],3,3,"[0.6601234827680622, 0.6109507568947781]",1,-1
27161,[0.3730938  0.21350845],1,-1,-1,0,0
27162,[0.76967207 0.66671924],2,0,"[0.7890750777399501, 0.6799557517006445]",1,-1
27163,[0.26629376 0.53055319],0,-1,-1,1,-1
27164,[0.70654407 0.64463627],2,3,"[0.6601234827680622, 0.6109507568947781]",1,-1
27165,[0.35352878 0.19370925],1,2,"[0.294379027732062, 0.1921773781634303]",0,0
27166,[0.60299168 0.62208889],3,3,"[0.6601234827680622, 0.6109507568947781]",1,-1
27167,[0.66623052 0.56672567],3,3,"[0.6601234827680622, 0.6109507568947781]",1,-1
27168,[0.32192446 0.2152443 ],1,2,"[0.294379027732062, 0.1921773781634303]",0,0
27169,[0.67246405 0.61864119],3,3,"[0.6601234827680622, 0.6109507568947781]",1,-1
27170,[0.28984261 0.19659651],1,2,"[0.294379027732062, 0.1921773781634303]",0,0
27171,[0.64727622 0.60534863],3,3,"[0.6601234827680622, 0.6109507568947781]",1,-1
27172,[0.73977615 0.6069844 ],2,-1,-1,1,-1
27173,[0.74407099 0.71149497],3,0,"[0.7890750777399501, 0.6799557517006445]",1,-1
27174,[0.69039433 0.57198291],3,3,"[0.6601234827680622, 0.6109507568947781]",1,-1
27175,[0.71466753 0.67324726],2,-1,-1,1,-1
27176,[0.81158019 0.72077972],2,0,"[0.7890750777399501, 0.6799557517006445]",1,-1
27177,[0.80480109 0.66388295],2,0,"[0.7890750777399501, 0.6799557517006445]",1,-1
27178,[0.30583231 0.18224481],1,2,"[0.294379027732062, 0.1921773781634303]",0,0
27179,[0.73099739 0.73717735],2,-1,-1,1,-1
27180,[0.22916498 0.21989566],1,-1,-1,0,0
27181,[0.62986787 0.54335582],3,-1,-1,1,-1
27182,[0.31651021 0.18486266],1,2,"[0.294379027732062, 0.1921773781634303]",0,0
27183,[0.63827271 0.58939349],3,3,"[0.6601234827680622, 0.6109507568947781]",1,-1
27184,[0.40828798 0.55261562],0,1,"[0.37965276877051146, 0.575157747726818]",1,-1
27185,[0.25601258 0.26880325],1,-1,-1,0,0
27186,[0.84438302 0.57246259],2,-1,-1,1,-1
27187,[0.21130113 0.20913271],1,-1,-1,0,0
27188,[0.57375964 0.58932485],3,-1,-1,1,-1
27189,[0.36986063 0.25905219],1,-1,-1,0,0
27190,[0.79597822 0.57344699],2,-1,-1,1,-1
27191,[0.78553102 0.67094367],2,0,"[0.7890750777399501, 0.6799557517006445]",1,4
27192,[0.25667741 0.1890782 ],1,2,"[0.294379027732062, 0.1921773781634303]",0,0
27193,[0.39975112 0.64893669],0,-1,-1,1,-1
27194,[0.65792219 0.51576195],3,-1,-1,1,-1
27195,[0.63097049 0.61265338],3,3,"[0.6601234827680622, 0.6109507568947781]",1,-1
27196,[0.17312165 0.13132529],1,-1,-1,0,0
27197,[0.35614086 0.53708902],0,1,"[0.37965276877051146, 0.575157747726818]",1,-1
27198,[0.32623357 0.16437156],1,2,"[0.294379027732062, 0.1921773781634303]",0,0
27199,[0.25914929 0.21783521],1,2,"[0.294379027732062, 0.1921773781634303]",0,0
27200,[0.22214918 0.16188577],1,-1,-1,0,0
27201,[0.33117623 0.6444951 ],0,-1,-1,1,-1
27202,[0.71590946 0.72736418],2,-1,-1,1,-1
27203,[0.64349496 0.55808818],3,3,"[0.6601234827680622, 0.6109507568947781]",1,-1
27204,[0.2886271  0.19871279],1,2,"[0.294379027732062, 0.1921773781634303]",0,0
27205,[0.30777968 0.22320097],1,2,"[0.294379027732062, 0.1921773781634303]",0,0
27206,[0.30567177 0.59641896],0,-1,-1,1,-1
27207,[0.33730267 0.49755618],0,-1,-1,1,-1
27208,[0.41175942 0.51458659],0,1,"[0.37965276877051146, 0.575157747726818]",1,-1
27209,[0.71716321 0.64125075],3,3,"[0.6601234827680622, 0.6109507568947781]",1,-1
27210,[0.71852356 0.64156917],2,3,"[0.6601234827680622, 0.6109507568947781]",1,-1
27211,[0.73822383 0.733806  ],2,-1,-1,1,-1
27212,[0.7402523  0.71741366],2,0,"[0.7890750777399501, 0.6799557517006445]",1,-1
27213,[0.30909919 0.14600262],1,2,"[0.294379027732062, 0.1921773781634303]",0,0
27214,[0.37691744 0.45718514],0,-1,-1,1,-1
27215,[0.77656865 0.72482168],2,0,"[0.7890750777399501, 0.6799557517006445]",1,-1
27216,[0.34998045 0.58300854],0,1,"[0.37965276877051146, 0.575157747726818]",1,-1
27217,[0.28781227 0.13612715],1,2,"[0.294379027732062, 0.1921773781634303]",0,0
27218,[0.63414732 0.59404203],3,3,"[0.6601234827680622, 0.6109507568947781]",1,-1
27219,[0.24067885 0.16214414],1,2,"[0.294379027732062, 0.1921773781634303]",0,0
27220,[0.68312357 0.65584477],2,3,"[0.6601234827680622, 0.6109507568947781]",1,-1
27221,[0.63673573 0.49148465],3,-1,-1,1,-1
27222,[0.79911283 0.70288096],2,0,"[0.7890750777399501, 0.6799557517006445]",1,-1
27223,[0.80099002 0.7111944 ],2,0,"[0.7890750777399501, 0.6799557517006445]",1,-1
27224,[0.81674136 0.6552707 ],2,0,"[0.7890750777399501, 0.6799557517006445]",1,-1
27225,[0.2842289  0.20076431],1,2,"[0.294379027732062, 0.1921773781634303]",0,0
27226,[0.36248881 0.56763658],0,1,"[0.37965276877051146, 0.575157747726818]",1,-1
27227,[0.74545142 0.59258107],3,-1,-1,1,-1
27228,[0.62163187 0.5133362 ],3,-1,-1,1,-1
27229,[0.22128894 0.15727643],1,-1,-1,0,0
27230,[0.37350657 0.50390705],0,-1,-1,1,-1
27231,[0.6305578  0.56292411],3,3,"[0.6601234827680622, 0.6109507568947781]",1,-1
27232,[0.25281886 0.13765748],1,2,"[0.294379027732062, 0.1921773781634303]",0,0
27233,[0.84963708 0.70854376],2,0,"[0.7890750777399501, 0.6799557517006445]",1,-1
27234,[0.70854275 0.54094499],3,-1,-1,1,-1
27235,[0.18699567 0.22525864],1,-1,-1,0,0
27236,[0.35285264 0.55746811],0,1,"[0.37965276877051146, 0.575157747726818]",1,-1
27237,[0.22957873 0.28028924],1,-1,-1,0,0
27238,[0.3450276  0.64399738],0,-1,-1,1,-1
27239,[0.44704616 0.5784018 ],0,1,"[0.37965276877051146, 0.575157747726818]",1,-1
27240,[0.78917867 0.72228319],2,0,"[0.7890750777399501, 0.6799557517006445]",1,-1
27241,[0.65423004 0.64739513],3,3,"[0.6601234827680622, 0.6109507568947781]",1,-1
27242,[0.71153511 0.50326699],3,-1,-1,1,-1
27243,[0.70582573 0.62133063],3,3,"[0.6601234827680622, 0.6109507568947781]",1,-1
27244,[0.23646489 0.26011891],1,-1,-1,0,0
27245,[0.77383635 0.57252797],2,-1,-1,1,-1
27246,[0.78003874 0.7022891 ],2,0,"[0.7890750777399501, 0.6799557517006445]",1,-1
27247,[0.91045915 0.66519061],2,-1,-1,1,-1
27248,[0.34326854 0.5279544 ],0,1,"[0.37965276877051146, 0.575157747726818]",1,-1
27249,[0.83204559 0.54669189],2,-1,-1,1,-1
27250,[0.80160502 0.61189667],2,0,"[0.7890750777399501, 0.6799557517006445]",1,-1
27251,[0.30281224 0.55010799],0,-1,-1,1,-1
27252,[0.84596998 0.69094026],2,0,"[0.7890750777399501, 0.6799557517006445]",1,-1
27253,[0.4038953  0.62038753],0,1,"[0.37965276877051146, 0.575157747726818]",1,-1
27254,[0.38732494 0.63519062],0,1,"[0.37965276877051146, 0.575157747726818]",1,-1
27255,[0.45426415 0.5448725 ],0,-1,-1,1,-1
27256,[0.33304125 0.15040219],1,2,"[0.294379027732062, 0.1921773781634303]",0,0
27257,[0.72949506 0.72276863],2,-1,-1,1,-1
27258,[0.34639276 0.59586945],0,1,"[0.37965276877051146, 0.575157747726818]",1,-1
27259,[0.6557425  0.57752899],3,3,"[0.6601234827680622, 0.6109507568947781]",1,-1
27260,[0.69600282 0.58706244],3,3,"[0.6601234827680622, 0.6109507568947781]",1,-1
27261,[0.83309814 0.58261541],2,-1,-1,1,-1
27262,[0.67058271 0.51002554],3,-1,-1,1,-1
27263,[0.72998781 0.58143904],3,-1,-1,1,-1
27264,[0.32250031 0.23834615],1,2,"[0.294379027732062, 0.1921773781634303]",0,0
27265,[0.68787454 0.7105194 ],2,-1,-1,1,-1
27266,[0.34927593 0.32044316],1,-1,-1,0,0
27267,[0.25001222 0.17733806],1,2,"[0.294379027732062, 0.1921773781634303]",0,0
27268,[0.43886662 0.55361975],0,1,"[0.37965276877051146, 0.575157747726818]",1,-1
27269,[0.25061515 0.1709999 ],1,2,"[0.294379027732062, 0.1921773781634303]",0,0
27270,[0.84277359 0.67820253],2,0,"[0.7890750777399501, 0.6799557517006445]",1,-1
27271,[0.73510907 0.59294187],3,-1,-1,1,-1
27272,[0.73060209 0.66211513],2,0,"[0.7890750777399501, 0.6799557517006445]",1,-1
27273,[0.22102985 0.16804238],1,-1,-1,0,0
27274,[0.39909616 0.48345225],0,-1,-1,1,-1
27275,[0.37495528 0.54384187],0,1,"[0.37965276877051146, 0.575157747726818]",1,-1
27276,[0.72821575 0.6243101 ],3,3,"[0.6601234827680622, 0.6109507568947781]",1,-1
27277,[0.79106511 0.73322826],2,0,"[0.7890750777399501, 0.6799557517006445]",1,-1
27278,[0.24661391 0.17471277],1,2,"[0.294379027732062, 0.1921773781634303]",0,0
27279,[0.40349878 0.47210035],0,-1,-1,1,-1
27280,[0.36717655 0.19860574],1,-1,-1,0,0
27281,[0.30113503 0.19517517],1,2,"[0.294379027732062, 0.1921773781634303]",0,0
27282,[0.3527069  0.23679917],1,-1,-1,0,0
27283,[0.65578334 0.59887418],3,3,"[0.6601234827680622, 0.6109507568947781]",1,-1
27284,[0.66733064 0.56471749],3,3,"[0.6601234827680622, 0.6109507568947781]",1,-1
27285,[0.68326747 0.61911575],3,3,"[0.6601234827680622, 0.6109507568947781]",1,-1
27286,[0.44798259 0.63672922],0,-1,-1,1,-1
27287,[0.62418227 0.68942775],3,-1,-1,1,-1
27288,[0.67095065 0.70220413],3,-1,-1,1,-1
27289,[0.42770743 0.53731426],0,1,"[0.37965276877051146, 0.575157747726818]",1,-1
27290,[0.77413303 0.60177898],2,-1,-1,1,-1
27291,[0.27647989 0.14820169],1,2,"[0.294379027732062, 0.1921773781634303]",0,0
27292,[0.43695215 0.55538913],0,1,"[0.37965276877051146, 0.575157747726818]",1,-1
27293,[0.2711213  0.17708883],1,2,"[0.294379027732062, 0.1921773781634303]",0,0
27294,[0.24981847 0.14262483],1,2,"[0.294379027732062, 0.1921773781634303]",0,0
27295,[0.74754562 0.52444827],3,-1,-1,1,-1
27296,[0.69297982 0.60731043],3,3,"[0.6601234827680622, 0.6109507568947781]",1,-1
27297,[0.68686997 0.63105638],2,3,"[0.6601234827680622, 0.6109507568947781]",1,7
27298,[0.22916791 0.17250062],1,2,"[0.294379027732062, 0.1921773781634303]",0,0
27299,[0.39864205 0.64088422],0,1,"[0.37965276877051146, 0.575157747726818]",1,-1
27300,[0.85813067 0.73774171],2,-1,-1,1,-1
27301,[0.67683069 0.70830577],3,-1,-1,1,-1
27302,[0.61551197 0.59916048],3,3,"[0.6601234827680622, 0.6109507568947781]",1,-1
27303,[0.65485796 0.5586852 ],3,3,"[0.6601234827680622, 0.6109507568947781]",1,-1
27304,[0.73885571 0.69754386],2,0,"[0.7890750777399501, 0.6799557517006445]",1,-1
27305,[0.83508532 0.64239883],2,0,"[0.7890750777399501, 0.6799557517006445]",1,-1
27306,[0.43314236 0.63475647],0,-1,-1,1,-1
27307,[0.25581138 0.31752449],1,-1,-1,0,0
27308,[0.28901839 0.21470313],1,2,"[0.294379027732062, 0.1921773781634303]",0,0
27309,[0.60471204 0.58138816],3,3,"[0.6601234827680622, 0.6109507568947781]",1,-1
27310,[0.73902625 0.58187803],2,-1,-1,1,-1
27311,[0.64627539 0.59451109],3,3,"[0.6601234827680622, 0.6109507568947781]",1,-1
27312,[0.25932093 0.18828564],1,2,"[0.294379027732062, 0.1921773781634303]",0,0
27313,[0.77497191 0.73056133],2,0,"[0.7890750777399501, 0.6799557517006445]",1,-1
27314,[0.36493902 0.49642383],0,-1,-1,1,-1
27315,[0.65840232 0.64098626],3,3,"[0.6601234827680622, 0.6109507568947781]",1,-1
27316,[0.18879399 0.2371025 ],1,-1,-1,0,0
27317,[0.8302183  0.60725979],2,-1,-1,1,-1
27318,[0.73318748 0.67611501],2,0,"[0.7890750777399501, 0.6799557517006445]",1,-1
27319,[0.79293088 0.7526307 ],2,-1,-1,1,-1
27320,[0.83950267 0.65755061],2,0,"[0.7890750777399501, 0.6799557517006445]",1,-1
27321,[0.40896288 0.65960388],0,-1,-1,1,-1
27322,[0.42887941 0.49518065],0,-1,-1,1,-1
27323,[0.69161717 0.58959407],3,3,"[0.6601234827680622, 0.6109507568947781]",1,-1
27324,[0.37188863 0.6183421 ],0,1,"[0.37965276877051146, 0.575157747726818]",1,-1
27325,[0.34504765 0.64460358],0,-1,-1,1,-1
27326,[0.68605788 0.63409673],3,3,"[0.6601234827680622, 0.6109507568947781]",1,-1
27327,[0.40308779 0.59053658],0,1,"[0.37965276877051146, 0.575157747726818]",1,-1
27328,[0.38021979 0.54690625],0,1,"[0.37965276877051146, 0.575157747726818]",1,-1
27329,[0.79723434 0.62678879],2,0,"[0.7890750777399501, 0.6799557517006445]",1,-1
27330,[0.61304968 0.63310082],3,3,"[0.6601234827680622, 0.6109507568947781]",1,-1
27331,[0.38164474 0.61786963],0,1,"[0.37965276877051146, 0.575157747726818]",1,-1
27332,[0.44011577 0.5780279 ],0,1,"[0.37965276877051146, 0.575157747726818]",1,-1
27333,[0.77460158 0.74077074],2,0,"[0.7890750777399501, 0.6799557517006445]",1,-1
27334,[0.64552504 0.67538357],3,3,"[0.6601234827680622, 0.6109507568947781]",1,-1
27335,[0.25395878 0.20596932],1,2,"[0.294379027732062, 0.1921773781634303]",0,0
27336,[0.34992188 0.23212458],1,2,"[0.294379027732062, 0.1921773781634303]",0,0
27337,[0.34293138 0.68781848],0,-1,-1,1,-1
27338,[0.69868179 0.52007974],3,-1,-1,1,-1
27339,[0.38206135 0.53462963],0,1,"[0.37965276877051146, 0.575157747726818]",1,-1
27340,[0.74675782 0.71598798],2,0,"[0.7890750777399501, 0.6799557517006445]",1,-1
27341,[0.32275417 0.18419964],1,2,"[0.294379027732062, 0.1921773781634303]",0,0
27342,[0.71200349 0.57723956],3,3,"[0.6601234827680622, 0.6109507568947781]",1,-1
27343,[0.70722047 0.57832432],3,3,"[0.6601234827680622, 0.6109507568947781]",1,-1
27344,[0.33595312 0.61289838],0,1,"[0.37965276877051146, 0.575157747726818]",1,-1
27345,[0.43056539 0.62641753],0,-1,-1,1,-1
27346,[0.35644949 0.55168371],0,1,"[0.37965276877051146, 0.575157747726818]",1,-1
27347,[0.63953717 0.62705671],3,3,"[0.6601234827680622, 0.6109507568947781]",1,-1
27348,[0.63126425 0.60403035],3,3,"[0.6601234827680622, 0.6109507568947781]",1,-1
27349,[0.29091764 0.30016496],1,-1,-1,0,0
27350,[0.25978894 0.14533429],1,2,"[0.294379027732062, 0.1921773781634303]",0,0
27351,[0.69902685 0.53592071],3,-1,-1,1,-1
27352,[0.80883128 0.69695593],2,0,"[0.7890750777399501, 0.6799557517006445]",1,-1
27353,[0.29017418 0.55811356],0,-1,-1,1,-1
27354,[0.36169829 0.62858549],0,1,"[0.37965276877051146, 0.575157747726818]",1,-1
27355,[0.40610679 0.63712349],0,1,"[0.37965276877051146, 0.575157747726818]",1,-1
27356,[0.41367767 0.66530098],0,-1,-1,1,-1
27357,[0.34418221 0.5769871 ],0,1,"[0.37965276877051146, 0.575157747726818]",1,-1
27358,[0.27349169 0.2246646 ],1,2,"[0.294379027732062, 0.1921773781634303]",0,0
27359,[0.73789346 0.70630922],2,0,"[0.7890750777399501, 0.6799557517006445]",1,-1
27360,[0.76338949 0.65120438],2,0,"[0.7890750777399501, 0.6799557517006445]",1,-1
27361,[0.65265517 0.66122472],3,3,"[0.6601234827680622, 0.6109507568947781]",1,-1
27362,[0.81046556 0.63814751],2,0,"[0.7890750777399501, 0.6799557517006445]",1,-1
27363,[0.77185448 0.69249673],2,0,"[0.7890750777399501, 0.6799557517006445]",1,-1
27364,[0.3719616  0.54253685],0,1,"[0.37965276877051146, 0.575157747726818]",1,-1
27365,[0.63127728 0.54550953],3,-1,-1,1,-1
27366,[0.65438258 0.59856772],3,3,"[0.6601234827680622, 0.6109507568947781]",1,-1
27367,[0.65895217 0.63929182],3,3,"[0.6601234827680622, 0.6109507568947781]",1,-1
27368,[0.67817149 0.5889783 ],3,3,"[0.6601234827680622, 0.6109507568947781]",1,-1
27369,[0.86391388 0.60124809],2,-1,-1,1,-1
27370,[0.47695753 0.61381981],0,-1,-1,1,-1
27371,[0.75073768 0.60788443],2,-1,-1,1,-1
27372,[0.3545975  0.18374029],1,2,"[0.294379027732062, 0.1921773781634303]",0,0
27373,[0.79634079 0.71276747],2,0,"[0.7890750777399501, 0.6799557517006445]",1,-1
27374,[0.29526508 0.15244913],1,2,"[0.294379027732062, 0.1921773781634303]",0,0
27375,[0.91036019 0.64951268],2,-1,-1,1,-1
27376,[0.77916541 0.67268482],2,0,"[0.7890750777399501, 0.6799557517006445]",1,-1
27377,[0.34090813 0.30257463],1,-1,-1,0,0
27378,[0.32685887 0.64422907],0,-1,-1,1,-1
27379,[0.68821063 0.59527133],3,3,"[0.6601234827680622, 0.6109507568947781]",1,-1
27380,[0.43939473 0.51535383],0,-1,-1,1,-1
27381,[0.67994182 0.72618984],2,-1,-1,1,-1
27382,[0.63139058 0.51817909],3,-1,-1,1,-1
27383,[0.32559272 0.12561963],1,-1,-1,0,0
27384,[0.82566014 0.6090978 ],2,-1,-1,1,-1
27385,[0.7342754  0.64019051],2,0,"[0.7890750777399501, 0.6799557517006445]",1,-1
27386,[0.82392108 0.60406332],2,-1,-1,1,-1
27387,[0.7480812  0.54212075],3,-1,-1,1,-1
27388,[0.30635455 0.53547181],0,-1,-1,1,-1
27389,[0.67323345 0.6524364 ],3,3,"[0.6601234827680622, 0.6109507568947781]",1,-1
27390,[0.32783075 0.59981524],0,1,"[0.37965276877051146, 0.575157747726818]",1,-1
27391,[0.296969   0.17802046],1,2,"[0.294379027732062, 0.1921773781634303]",0,0
27392,[0.80019535 0.70332879],2,0,"[0.7890750777399501, 0.6799557517006445]",1,-1
27393,[0.66595349 0.72597907],2,-1,-1,1,-1
27394,[0.79973769 0.77267919],2,-1,-1,1,-1
27395,[0.68650135 0.59839675],3,3,"[0.6601234827680622, 0.6109507568947781]",1,5
27396,[0.30891858 0.23673108],1,2,"[0.294379027732062, 0.1921773781634303]",0,0
27397,[0.35247413 0.52157113],0,1,"[0.37965276877051146, 0.575157747726818]",1,-1
27398,[0.25204416 0.19934041],1,2,"[0.294379027732062, 0.1921773781634303]",0,0
27399,[0.30980115 0.1848813 ],1,2,"[0.294379027732062, 0.1921773781634303]",0,0
27400,[0.87224848 0.79785234],2,-1,-1,1,-1
27401,[0.76824327 0.77368493],2,-1,-1,1,-1
27402,[0.69869288 0.64908501],3,3,"[0.6601234827680622, 0.6109507568947781]",1,-1
27403,[0.83641048 0.69549519],2,0,"[0.7890750777399501, 0.6799557517006445]",1,-1
27404,[0.67560765 0.65734287],3,3,"[0.6601234827680622, 0.6109507568947781]",1,-1
27405,[0.27604576 0.19965997],1,2,"[0.294379027732062, 0.1921773781634303]",0,0
27406,[0.34780285 0.18322223],1,2,"[0.294379027732062, 0.1921773781634303]",0,0
27407,[0.33062954 0.59221927],0,1,"[0.37965276877051146, 0.575157747726818]",1,-1
27408,[0.71739488 0.6104114 ],3,3,"[0.6601234827680622, 0.6109507568947781]",1,-1
27409,[0.83192746 0.63587764],2,0,"[0.7890750777399501, 0.6799557517006445]",1,-1
27410,[0.64079517 0.61066957],3,3,"[0.6601234827680622, 0.6109507568947781]",1,-1
27411,[0.86069936 0.70668606],2,-1,-1,1,-1
27412,[0.82669493 0.69322837],2,0,"[0.7890750777399501, 0.6799557517006445]",1,-1
27413,[0.43041175 0.51096529],0,-1,-1,1,-1
27414,[0.71790093 0.78526254],2,-1,-1,1,-1
27415,[0.30271251 0.25017144],1,2,"[0.294379027732062, 0.1921773781634303]",0,0
27416,[0.42652825 0.62667073],0,1,"[0.37965276877051146, 0.575157747726818]",1,-1
27417,[0.69427539 0.61856843],3,3,"[0.6601234827680622, 0.6109507568947781]",1,-1
27418,[0.30133519 0.58985912],0,-1,-1,1,-1
27419,[0.72716602 0.71040361],2,0,"[0.7890750777399501, 0.6799557517006445]",1,-1
27420,[0.36589981 0.51849674],0,1,"[0.37965276877051146, 0.575157747726818]",1,-1
27421,[0.72061523 0.55958049],3,-1,-1,1,-1
27422,[0.71909126 0.52989205],3,-1,-1,1,-1
27423,[0.70536656 0.64757888],3,3,"[0.6601234827680622, 0.6109507568947781]",1,-1
27424,[0.35866892 0.62204212],0,1,"[0.37965276877051146, 0.575157747726818]",1,-1
27425,[0.24769765 0.20462438],1,2,"[0.294379027732062, 0.1921773781634303]",0,0
27426,[0.74893548 0.7125351 ],2,0,"[0.7890750777399501, 0.6799557517006445]",1,-1
27427,[0.40207402 0.61700023],0,1,"[0.37965276877051146, 0.575157747726818]",1,-1
27428,[0.75205175 0.70789237],2,0,"[0.7890750777399501, 0.6799557517006445]",1,-1
27429,[0.76096966 0.73906639],2,0,"[0.7890750777399501, 0.6799557517006445]",1,-1
27430,[0.68505777 0.69460341],3,-1,-1,1,-1
27431,[0.74598775 0.60959525],2,-1,-1,1,-1
27432,[0.68291452 0.63247585],3,3,"[0.6601234827680622, 0.6109507568947781]",1,-1
27433,[0.2610712  0.23490757],1,2,"[0.294379027732062, 0.1921773781634303]",0,0
27434,[0.81549892 0.73395265],2,0,"[0.7890750777399501, 0.6799557517006445]",1,-1
27435,[0.63292494 0.57543569],3,3,"[0.6601234827680622, 0.6109507568947781]",1,-1
27436,[0.76184302 0.60339644],3,-1,-1,1,-1
27437,[0.70852182 0.61511283],3,3,"[0.6601234827680622, 0.6109507568947781]",1,-1
27438,[0.31955921 0.24268423],1,2,"[0.294379027732062, 0.1921773781634303]",0,0
27439,[0.28389983 0.16773471],1,2,"[0.294379027732062, 0.1921773781634303]",0,0
27440,[0.86135624 0.66492081],2,-1,-1,1,-1
27441,[0.63028867 0.5362545 ],3,-1,-1,1,-1
27442,[0.37262801 0.62708487],0,1,"[0.37965276877051146, 0.575157747726818]",1,-1
27443,[0.26557843 0.56333251],0,-1,-1,1,-1
27444,[0.33980641 0.55108885],0,1,"[0.37965276877051146, 0.575157747726818]",1,-1
27445,[0.79429993 0.63731698],2,0,"[0.7890750777399501, 0.6799557517006445]",1,-1
27446,[0.74136887 0.65419331],2,0,"[0.7890750777399501, 0.6799557517006445]",1,-1
27447,[0.75004262 0.74899758],2,-1,-1,1,-1
27448,[0.75482669 0.70306888],2,0,"[0.7890750777399501, 0.6799557517006445]",1,-1
27449,[0.4049975  0.51332979],0,1,"[0.37965276877051146, 0.575157747726818]",1,-1
27450,[0.58642217 0.58163323],3,-1,-1,1,-1
27451,[0.64561097 0.73697089],3,-1,-1,1,-1
27452,[0.72373751 0.61332731],3,3,"[0.6601234827680622, 0.6109507568947781]",1,-1
27453,[0.40328515 0.63099577],0,1,"[0.37965276877051146, 0.575157747726818]",1,-1
27454,[0.34015577 0.56763468],0,1,"[0.37965276877051146, 0.575157747726818]",1,-1
27455,[0.39320916 0.55235638],0,1,"[0.37965276877051146, 0.575157747726818]",1,-1
27456,[0.42807878 0.51435095],0,-1,-1,1,-1
27457,[0.30150004 0.2376628 ],1,2,"[0.294379027732062, 0.1921773781634303]",0,0
27458,[0.85959526 0.66042968],2,-1,-1,1,-1
27459,[0.67929493 0.61634375],3,3,"[0.6601234827680622, 0.6109507568947781]",1,5
27460,[0.73701257 0.69762308],2,0,"[0.7890750777399501, 0.6799557517006445]",1,-1
27461,[0.26832201 0.20356377],1,2,"[0.294379027732062, 0.1921773781634303]",0,0
27462,[0.80491303 0.70477706],2,0,"[0.7890750777399501, 0.6799557517006445]",1,-1
27463,[0.79765693 0.69082113],2,0,"[0.7890750777399501, 0.6799557517006445]",1,-1
27464,[0.35292969 0.22627351],1,2,"[0.294379027732062, 0.1921773781634303]",0,0
27465,[0.29828841 0.25441601],1,2,"[0.294379027732062, 0.1921773781634303]",0,0
27466,[0.25865719 0.21379459],1,2,"[0.294379027732062, 0.1921773781634303]",0,0
27467,[0.29804525 0.12414179],1,2,"[0.294379027732062, 0.1921773781634303]",0,0
27468,[0.79140911 0.68177248],2,0,"[0.7890750777399501, 0.6799557517006445]",1,-1
27469,[0.39439998 0.59808264],0,1,"[0.37965276877051146, 0.575157747726818]",1,-1
27470,[0.3926546  0.54994763],0,1,"[0.37965276877051146, 0.575157747726818]",1,-1
27471,[0.32795562 0.61196552],0,1,"[0.37965276877051146, 0.575157747726818]",1,-1
27472,[0.4111955  0.59640038],0,1,"[0.37965276877051146, 0.575157747726818]",1,-1
27473,[0.74846336 0.67293359],3,0,"[0.7890750777399501, 0.6799557517006445]",1,-1
27474,[0.2962338  0.18243336],1,2,"[0.294379027732062, 0.1921773781634303]",0,0
27475,[0.80105735 0.62565761],2,0,"[0.7890750777399501, 0.6799557517006445]",1,-1
27476,[0.73777289 0.6799305 ],2,0,"[0.7890750777399501, 0.6799557517006445]",1,-1
27477,[0.44043401 0.52464435],0,-1,-1,1,-1
27478,[0.31516093 0.07541092],1,-1,-1,0,0
27479,[0.7256593  0.61765017],2,3,"[0.6601234827680622, 0.6109507568947781]",1,-1
27480,[0.359927   0.59144785],0,1,"[0.37965276877051146, 0.575157747726818]",1,-1
27481,[0.23288067 0.18321948],1,2,"[0.294379027732062, 0.1921773781634303]",0,0
27482,[0.73551861 0.67517226],2,0,"[0.7890750777399501, 0.6799557517006445]",1,-1
27483,[0.39713837 0.51602329],0,1,"[0.37965276877051146, 0.575157747726818]",1,-1
27484,[0.38744164 0.6013996 ],0,1,"[0.37965276877051146, 0.575157747726818]",1,-1
27485,[0.33182114 0.55121259],0,1,"[0.37965276877051146, 0.575157747726818]",1,-1
27486,[0.41838556 0.1820557 ],1,-1,-1,0,0
27487,[0.75486354 0.6141066 ],3,-1,-1,1,-1
27488,[0.61196657 0.735577  ],3,-1,-1,1,-1
27489,[0.83234874 0.65113496],2,0,"[0.7890750777399501, 0.6799557517006445]",1,-1
27490,[0.65346603 0.59926894],3,3,"[0.6601234827680622, 0.6109507568947781]",1,-1
27491,[0.39548948 0.59488922],0,1,"[0.37965276877051146, 0.575157747726818]",1,-1
27492,[0.88653092 0.61877186],2,-1,-1,1,-1
27493,[0.80603825 0.7107687 ],2,0,"[0.7890750777399501, 0.6799557517006445]",1,-1
27494,[0.30650413 0.6334645 ],0,-1,-1,1,-1
27495,[0.85327054 0.67653883],2,0,"[0.7890750777399501, 0.6799557517006445]",1,-1
27496,[0.77956759 0.65448441],2,0,"[0.7890750777399501, 0.6799557517006445]",1,-1
27497,[0.71092441 0.62011877],3,3,"[0.6601234827680622, 0.6109507568947781]",1,-1
27498,[0.26982897 0.58471351],0,-1,-1,1,-1
27499,[0.70476808 0.61197719],2,3,"[0.6601234827680622, 0.6109507568947781]",1,-1
27500,[0.28363008 0.14817857],1,2,"[0.294379027732062, 0.1921773781634303]",0,0
27501,[0.80451128 0.67941668],2,0,"[0.7890750777399501, 0.6799557517006445]",1,-1
27502,[0.6850926  0.60372874],3,3,"[0.6601234827680622, 0.6109507568947781]",1,5
27503,[0.71558857 0.68886133],3,-1,-1,1,-1
27504,[0.28936449 0.22031498],1,2,"[0.294379027732062, 0.1921773781634303]",0,0
27505,[0.58792005 0.58851179],3,-1,-1,1,-1
27506,[0.74020956 0.63599229],2,0,"[0.7890750777399501, 0.6799557517006445]",1,-1
27507,[0.35898579 0.14491309],1,-1,-1,0,0
27508,[0.65607337 0.63271205],3,3,"[0.6601234827680622, 0.6109507568947781]",1,-1
27509,[0.77725383 0.66411852],2,0,"[0.7890750777399501, 0.6799557517006445]",1,-1
27510,[0.21377584 0.21759061],1,-1,-1,0,0
27511,[0.43164099 0.5147306 ],0,-1,-1,1,-1
27512,[0.4084706  0.68072145],0,-1,-1,1,-1
27513,[0.84108518 0.71621624],2,0,"[0.7890750777399501, 0.6799557517006445]",1,-1
27514,[0.33319818 0.22910312],1,2,"[0.294379027732062, 0.1921773781634303]",0,0
27515,[0.6353385  0.59379817],3,3,"[0.6601234827680622, 0.6109507568947781]",1,-1
27516,[0.77437273 0.65258602],2,0,"[0.7890750777399501, 0.6799557517006445]",1,3
27517,[0.20312608 0.17877456],1,-1,-1,0,0
27518,[0.37643662 0.17081171],1,-1,-1,0,0
27519,[0.789911   0.57917953],2,-1,-1,1,-1
27520,[0.63873205 0.59808907],3,3,"[0.6601234827680622, 0.6109507568947781]",1,-1
27521,[0.40914216 0.08520305],1,-1,-1,0,0
27522,[0.76821944 0.74584115],2,0,"[0.7890750777399501, 0.6799557517006445]",1,-1
27523,[0.32897337 0.2138569 ],1,2,"[0.294379027732062, 0.1921773781634303]",0,0
27524,[0.29991235 0.51259949],0,-1,-1,1,-1
27525,[0.80676319 0.65546602],2,0,"[0.7890750777399501, 0.6799557517006445]",1,-1
27526,[0.38927388 0.46802153],0,-1,-1,1,-1
27527,[0.7943802  0.74065867],2,0,"[0.7890750777399501, 0.6799557517006445]",1,-1
27528,[0.37440577 0.49180838],0,-1,-1,1,-1
27529,[0.30692248 0.10894733],1,-1,-1,0,0
27530,[0.61133913 0.64406755],3,3,"[0.6601234827680622, 0.6109507568947781]",1,-1
27531,[0.6938154  0.56432815],3,3,"[0.6601234827680622, 0.6109507568947781]",1,-1
27532,[0.40918354 0.19405494],1,-1,-1,0,0
27533,[0.31715146 0.22400851],1,2,"[0.294379027732062, 0.1921773781634303]",0,0
27534,[0.40972566 0.56573132],0,1,"[0.37965276877051146, 0.575157747726818]",1,-1
27535,[0.35230571 0.21394865],1,2,"[0.294379027732062, 0.1921773781634303]",0,0
27536,[0.65365313 0.64382387],3,3,"[0.6601234827680622, 0.6109507568947781]",1,-1
27537,[0.23419836 0.15116563],1,-1,-1,0,0
27538,[0.76037073 0.68659102],3,0,"[0.7890750777399501, 0.6799557517006445]",1,-1
27539,[0.33672823 0.58216469],0,1,"[0.37965276877051146, 0.575157747726818]",1,-1
27540,[0.83967441 0.56643742],2,-1,-1,1,-1
27541,[0.63989293 0.71770387],3,-1,-1,1,-1
27542,[0.75384399 0.70512786],3,0,"[0.7890750777399501, 0.6799557517006445]",1,-1
27543,[0.65647995 0.59654299],3,3,"[0.6601234827680622, 0.6109507568947781]",1,-1
27544,[0.82320876 0.69577368],2,0,"[0.7890750777399501, 0.6799557517006445]",1,-1
27545,[0.7596634  0.66071844],2,0,"[0.7890750777399501, 0.6799557517006445]",1,-1
27546,[0.26550557 0.17846354],1,2,"[0.294379027732062, 0.1921773781634303]",0,0
27547,[0.3161785  0.15913271],1,2,"[0.294379027732062, 0.1921773781634303]",0,0
27548,[0.45951128 0.58328653],0,-1,-1,1,-1
27549,[0.58814244 0.67564669],3,-1,-1,1,-1
27550,[0.3276732  0.28291438],1,-1,-1,0,0
27551,[0.40022398 0.48140177],0,-1,-1,1,-1
27552,[0.68196173 0.60182856],3,3,"[0.6601234827680622, 0.6109507568947781]",1,5
27553,[0.76798195 0.69770583],2,0,"[0.7890750777399501, 0.6799557517006445]",1,-1
27554,[0.68042269 0.6464202 ],3,3,"[0.6601234827680622, 0.6109507568947781]",1,-1
27555,[0.76104024 0.69982928],2,0,"[0.7890750777399501, 0.6799557517006445]",1,-1
27556,[0.71400101 0.70315912],2,-1,-1,1,-1
27557,[0.27150805 0.17491896],1,2,"[0.294379027732062, 0.1921773781634303]",0,0
27558,[0.35705179 0.22943954],1,-1,-1,0,0
27559,[0.4138941  0.53776031],0,1,"[0.37965276877051146, 0.575157747726818]",1,-1
27560,[0.71083479 0.71758928],3,-1,-1,1,-1
27561,[0.7042964  0.58278253],3,3,"[0.6601234827680622, 0.6109507568947781]",1,-1
27562,[0.42846895 0.54927194],0,1,"[0.37965276877051146, 0.575157747726818]",1,-1
27563,[0.72406736 0.61294296],3,3,"[0.6601234827680622, 0.6109507568947781]",1,-1
27564,[0.41179751 0.5326764 ],0,1,"[0.37965276877051146, 0.575157747726818]",1,-1
27565,[0.43318197 0.58880363],0,1,"[0.37965276877051146, 0.575157747726818]",1,-1
27566,[0.87311698 0.67462139],2,-1,-1,1,-1
27567,[0.67976275 0.54251481],3,-1,-1,1,-1
27568,[0.18850287 0.21150059],1,-1,-1,0,0
27569,[0.40938401 0.61098561],0,1,"[0.37965276877051146, 0.575157747726818]",1,-1
27570,[0.82828069 0.59247385],2,-1,-1,1,-1
27571,[0.3341489 0.5328103],0,1,"[0.37965276877051146, 0.575157747726818]",1,-1
27572,[0.49296532 0.58550572],0,-1,-1,1,-1
27573,[0.23676577 0.15734832],1,2,"[0.294379027732062, 0.1921773781634303]",0,0
27574,[0.77850693 0.70613767],2,0,"[0.7890750777399501, 0.6799557517006445]",1,-1
27575,[0.46133109 0.56652724],0,-1,-1,1,-1
27576,[0.77715294 0.65591862],2,0,"[0.7890750777399501, 0.6799557517006445]",1,-1
27577,[0.2062327  0.25511464],1,-1,-1,0,0
27578,[0.75461073 0.70749628],2,0,"[0.7890750777399501, 0.6799557517006445]",1,-1
27579,[0.34658924 0.50674781],0,-1,-1,1,-1
27580,[0.78993767 0.65830412],2,0,"[0.7890750777399501, 0.6799557517006445]",1,-1
27581,[0.39786198 0.21171541],1,-1,-1,0,0
27582,[0.85768382 0.65587349],2,-1,-1,1,-1
27583,[0.41909414 0.64352604],0,-1,-1,1,-1
27584,[0.39985424 0.56795111],0,1,"[0.37965276877051146, 0.575157747726818]",1,2
27585,[0.35170809 0.26416893],1,-1,-1,0,0
27586,[0.34941391 0.63545454],0,1,"[0.37965276877051146, 0.575157747726818]",1,-1
27587,[0.8169677  0.64617931],2,0,"[0.7890750777399501, 0.6799557517006445]",1,-1
27588,[0.38755775 0.64882109],0,-1,-1,1,-1
27589,[0.37356545 0.50711935],0,1,"[0.37965276877051146, 0.575157747726818]",1,-1
27590,[0.37948072 0.48809111],0,-1,-1,1,-1
27591,[0.61843041 0.640627  ],3,3,"[0.6601234827680622, 0.6109507568947781]",1,-1
27592,[0.8331611  0.69080082],2,0,"[0.7890750777399501, 0.6799557517006445]",1,-1
27593,[0.4062559  0.59513524],0,1,"[0.37965276877051146, 0.575157747726818]",1,-1
27594,[0.74407743 0.71502829],2,0,"[0.7890750777399501, 0.6799557517006445]",1,-1
27595,[0.29968208 0.21266544],1,2,"[0.294379027732062, 0.1921773781634303]",0,0
27596,[0.41976464 0.5603849 ],0,1,"[0.37965276877051146, 0.575157747726818]",1,-1
27597,[0.2895748  0.61365601],0,-1,-1,1,-1
27598,[0.25719768 0.17791448],1,2,"[0.294379027732062, 0.1921773781634303]",0,0
27599,[0.74929517 0.62853525],3,0,"[0.7890750777399501, 0.6799557517006445]",1,-1
27600,[0.72096031 0.67085518],2,0,"[0.7890750777399501, 0.6799557517006445]",1,-1
27601,[0.40873437 0.60824454],0,1,"[0.37965276877051146, 0.575157747726818]",1,-1
27602,[0.30840308 0.5413456 ],0,-1,-1,1,-1
27603,[0.37624368 0.52426487],0,1,"[0.37965276877051146, 0.575157747726818]",1,-1
27604,[0.3843167  0.55505789],0,1,"[0.37965276877051146, 0.575157747726818]",1,-1
27605,[0.28549132 0.21108371],1,2,"[0.294379027732062, 0.1921773781634303]",0,0
27606,[0.38718665 0.50819513],0,1,"[0.37965276877051146, 0.575157747726818]",1,-1
27607,[0.37500153 0.25312059],1,-1,-1,0,0
27608,[0.31446003 0.13369191],1,2,"[0.294379027732062, 0.1921773781634303]",0,0
27609,[0.4528153  0.67254776],0,-1,-1,1,-1
27610,[0.67624511 0.71925975],2,-1,-1,1,-1
27611,[0.38011975 0.59106089],0,1,"[0.37965276877051146, 0.575157747726818]",1,-1
27612,[0.68269769 0.62224151],3,3,"[0.6601234827680622, 0.6109507568947781]",1,7
27613,[0.71745377 0.82915026],2,-1,-1,1,-1
27614,[0.37263653 0.23772518],1,-1,-1,0,0
27615,[0.76989347 0.56679149],3,-1,-1,1,-1
27616,[0.83953153 0.60283226],2,-1,-1,1,-1
27617,[0.62839165 0.59942857],3,3,"[0.6601234827680622, 0.6109507568947781]",1,-1
27618,[0.60527207 0.58773104],3,3,"[0.6601234827680622, 0.6109507568947781]",1,-1
27619,[0.71863294 0.70600331],2,-1,-1,1,-1
27620,[0.74792013 0.61218445],2,-1,-1,1,-1
27621,[0.71065661 0.6140775 ],3,3,"[0.6601234827680622, 0.6109507568947781]",1,-1
27622,[0.64742206 0.56009684],3,3,"[0.6601234827680622, 0.6109507568947781]",1,-1
27623,[0.44937064 0.51944926],0,-1,-1,1,-1
27624,[0.58007241 0.63377417],3,-1,-1,1,-1
27625,[0.65367599 0.60122605],3,3,"[0.6601234827680622, 0.6109507568947781]",1,6
27626,[0.83396382 0.71497989],2,0,"[0.7890750777399501, 0.6799557517006445]",1,-1
27627,[0.27965038 0.23265756],1,2,"[0.294379027732062, 0.1921773781634303]",0,0
27628,[0.80026731 0.62220456],2,0,"[0.7890750777399501, 0.6799557517006445]",1,-1
27629,[0.32404119 0.47145312],0,-1,-1,1,-1
27630,[0.65387508 0.6862143 ],3,-1,-1,1,-1
27631,[0.30139141 0.07889062],1,-1,-1,0,0
27632,[0.67422533 0.6925566 ],3,-1,-1,1,-1
27633,[0.75674936 0.72768561],2,0,"[0.7890750777399501, 0.6799557517006445]",1,-1
27634,[0.65840501 0.64876278],3,3,"[0.6601234827680622, 0.6109507568947781]",1,-1
27635,[0.33107656 0.16678004],1,2,"[0.294379027732062, 0.1921773781634303]",0,0
27636,[0.30809595 0.22996031],1,2,"[0.294379027732062, 0.1921773781634303]",0,0
27637,[0.27275841 0.44995016],0,-1,-1,1,-1
27638,[0.38880096 0.50828505],0,1,"[0.37965276877051146, 0.575157747726818]",1,-1
27639,[0.31726825 0.21668276],1,2,"[0.294379027732062, 0.1921773781634303]",0,0
27640,[0.32503398 0.20949102],1,2,"[0.294379027732062, 0.1921773781634303]",0,0
27641,[0.68509316 0.55670216],3,3,"[0.6601234827680622, 0.6109507568947781]",1,-1
27642,[0.87410522 0.7633375 ],2,-1,-1,1,-1
27643,[0.63984582 0.54802048],3,3,"[0.6601234827680622, 0.6109507568947781]",1,-1
27644,[0.68898573 0.58546625],3,3,"[0.6601234827680622, 0.6109507568947781]",1,-1
27645,[0.33090145 0.28844013],1,-1,-1,0,0
27646,[0.2633206  0.21496107],1,2,"[0.294379027732062, 0.1921773781634303]",0,0
27647,[0.74095278 0.56690471],3,-1,-1,1,-1
27648,[0.65878384 0.62308584],3,3,"[0.6601234827680622, 0.6109507568947781]",1,7
27649,[0.66302197 0.5776077 ],3,3,"[0.6601234827680622, 0.6109507568947781]",1,-1
27650,[0.62339207 0.62540861],3,3,"[0.6601234827680622, 0.6109507568947781]",1,-1
27651,[0.25516228 0.19445241],1,2,"[0.294379027732062, 0.1921773781634303]",0,0
27652,[0.35018697 0.60753687],0,1,"[0.37965276877051146, 0.575157747726818]",1,-1
27653,[0.67784632 0.6898882 ],2,-1,-1,1,-1
27654,[0.44446534 0.60016179],0,1,"[0.37965276877051146, 0.575157747726818]",1,-1
27655,[0.29481956 0.60731343],0,-1,-1,1,-1
27656,[0.77916711 0.64859287],2,0,"[0.7890750777399501, 0.6799557517006445]",1,-1
27657,[0.63184185 0.60268235],3,3,"[0.6601234827680622, 0.6109507568947781]",1,-1
27658,[0.82851536 0.60407192],2,-1,-1,1,-1
27659,[0.23222824 0.2276178 ],1,-1,-1,0,0
27660,[0.37696349 0.6460609 ],0,-1,-1,1,-1
27661,[0.84092612 0.65663982],2,0,"[0.7890750777399501, 0.6799557517006445]",1,-1
27662,[0.76527652 0.71310091],2,0,"[0.7890750777399501, 0.6799557517006445]",1,-1
27663,[0.3060108  0.18566482],1,2,"[0.294379027732062, 0.1921773781634303]",0,0
27664,[0.32105529 0.61052135],0,1,"[0.37965276877051146, 0.575157747726818]",1,-1
27665,[0.83918701 0.6678756 ],2,0,"[0.7890750777399501, 0.6799557517006445]",1,-1
27666,[0.64391231 0.62405851],3,3,"[0.6601234827680622, 0.6109507568947781]",1,-1
27667,[0.36234979 0.18885464],1,2,"[0.294379027732062, 0.1921773781634303]",0,0
27668,[0.3719419  0.14692391],1,-1,-1,0,0
27669,[0.76672545 0.71685336],2,0,"[0.7890750777399501, 0.6799557517006445]",1,-1
27670,[0.71587975 0.56878942],3,3,"[0.6601234827680622, 0.6109507568947781]",1,-1
27671,[0.82335745 0.77216017],2,-1,-1,1,-1
27672,[0.67940968 0.59579828],3,3,"[0.6601234827680622, 0.6109507568947781]",1,-1
27673,[0.38551316 0.60227251],0,1,"[0.37965276877051146, 0.575157747726818]",1,-1
27674,[0.21257938 0.1595811 ],1,-1,-1,0,0
27675,[0.75201097 0.54963457],3,-1,-1,1,-1
27676,[0.39638921 0.4903851 ],0,-1,-1,1,-1
27677,[0.80221511 0.74796154],2,0,"[0.7890750777399501, 0.6799557517006445]",1,-1
27678,[0.59076845 0.53795454],3,-1,-1,1,-1
27679,[0.57627334 0.60610987],3,-1,-1,1,-1
27680,[0.83111265 0.70978   ],2,0,"[0.7890750777399501, 0.6799557517006445]",1,-1
27681,[0.79436846 0.64580597],2,0,"[0.7890750777399501, 0.6799557517006445]",1,-1
27682,[0.25756196 0.24206664],1,2,"[0.294379027732062, 0.1921773781634303]",0,0
27683,[0.36762299 0.60990026],0,1,"[0.37965276877051146, 0.575157747726818]",1,-1
27684,[0.82322268 0.76294354],2,-1,-1,1,-1
27685,[0.73765817 0.71347314],2,0,"[0.7890750777399501, 0.6799557517006445]",1,-1
27686,[0.78599921 0.67823103],2,0,"[0.7890750777399501, 0.6799557517006445]",1,4
27687,[0.38659974 0.57036544],0,1,"[0.37965276877051146, 0.575157747726818]",1,2
27688,[0.74217221 0.63490003],2,0,"[0.7890750777399501, 0.6799557517006445]",1,-1
27689,[0.59634725 0.57508726],3,-1,-1,1,-1
27690,[0.75107951 0.69515548],2,0,"[0.7890750777399501, 0.6799557517006445]",1,-1
27691,[0.70618223 0.46226246],3,-1,-1,1,-1
27692,[0.76439704 0.73501186],2,0,"[0.7890750777399501, 0.6799557517006445]",1,-1
27693,[0.67799213 0.61885038],3,3,"[0.6601234827680622, 0.6109507568947781]",1,-1
27694,[0.24531351 0.14810514],1,2,"[0.294379027732062, 0.1921773781634303]",0,0
27695,[0.21456704 0.20236472],1,-1,-1,0,0
27696,[0.87856718 0.73171764],2,-1,-1,1,-1
27697,[0.35421667 0.57513474],0,1,"[0.37965276877051146, 0.575157747726818]",1,-1
27698,[0.7316554  0.65386362],3,0,"[0.7890750777399501, 0.6799557517006445]",1,-1
27699,[0.34067497 0.59717422],0,1,"[0.37965276877051146, 0.575157747726818]",1,-1
27700,[0.64826342 0.5911517 ],3,3,"[0.6601234827680622, 0.6109507568947781]",1,-1
27701,[0.67065902 0.62659235],3,3,"[0.6601234827680622, 0.6109507568947781]",1,7
27702,[0.36910755 0.59586362],0,1,"[0.37965276877051146, 0.575157747726818]",1,-1
27703,[0.26231395 0.15255713],1,2,"[0.294379027732062, 0.1921773781634303]",0,0
27704,[0.65394058 0.59625652],3,3,"[0.6601234827680622, 0.6109507568947781]",1,-1
27705,[0.38644752 0.6237295 ],0,1,"[0.37965276877051146, 0.575157747726818]",1,-1
27706,[0.27326505 0.49198885],0,-1,-1,1,-1
27707,[0.80487367 0.57281359],2,-1,-1,1,-1
27708,[0.80796669 0.6584942 ],2,0,"[0.7890750777399501, 0.6799557517006445]",1,-1
27709,[0.33569376 0.16593729],1,2,"[0.294379027732062, 0.1921773781634303]",0,0
27710,[0.40396351 0.21947274],1,-1,-1,0,0
27711,[0.22029746 0.16653801],1,-1,-1,0,0
27712,[0.81410435 0.7049328 ],2,0,"[0.7890750777399501, 0.6799557517006445]",1,-1
27713,[0.33903385 0.58839217],0,1,"[0.37965276877051146, 0.575157747726818]",1,-1
27714,[0.31493237 0.24479423],1,2,"[0.294379027732062, 0.1921773781634303]",0,0
27715,[0.58467042 0.63971379],3,-1,-1,1,-1
27716,[0.61675793 0.66462522],3,3,"[0.6601234827680622, 0.6109507568947781]",1,-1
27717,[0.41668891 0.61218149],0,1,"[0.37965276877051146, 0.575157747726818]",1,-1
27718,[0.63416655 0.63715419],3,3,"[0.6601234827680622, 0.6109507568947781]",1,-1
27719,[0.74095607 0.61935039],3,-1,-1,1,-1
27720,[0.32334655 0.58928724],0,1,"[0.37965276877051146, 0.575157747726818]",1,-1
27721,[0.65190091 0.63587029],3,3,"[0.6601234827680622, 0.6109507568947781]",1,-1
27722,[0.86801164 0.67791988],2,-1,-1,1,-1
27723,[0.62466644 0.67995025],3,-1,-1,1,-1
27724,[0.84634273 0.62474844],2,-1,-1,1,-1
27725,[0.80165624 0.67472823],2,0,"[0.7890750777399501, 0.6799557517006445]",1,4
27726,[0.32766807 0.24836929],1,2,"[0.294379027732062, 0.1921773781634303]",0,0
27727,[0.6375235  0.59969723],3,3,"[0.6601234827680622, 0.6109507568947781]",1,-1
27728,[0.80613182 0.68430667],2,0,"[0.7890750777399501, 0.6799557517006445]",1,4
27729,[0.43141109 0.54243164],0,1,"[0.37965276877051146, 0.575157747726818]",1,-1
27730,[0.3571277  0.63566101],0,1,"[0.37965276877051146, 0.575157747726818]",1,-1
27731,[0.2569199  0.19599041],1,2,"[0.294379027732062, 0.1921773781634303]",0,0
27732,[0.31436975 0.16704681],1,2,"[0.294379027732062, 0.1921773781634303]",0,0
27733,[0.30335697 0.16465171],1,2,"[0.294379027732062, 0.1921773781634303]",0,0
27734,[0.21475372 0.14565294],1,-1,-1,0,0
27735,[0.31405118 0.20399249],1,2,"[0.294379027732062, 0.1921773781634303]",0,0
27736,[0.68890637 0.53354299],3,-1,-1,1,-1
27737,[0.21129441 0.2500548 ],1,-1,-1,0,0
27738,[0.76870186 0.70762101],2,0,"[0.7890750777399501, 0.6799557517006445]",1,-1
27739,[0.75387127 0.70164524],2,0,"[0.7890750777399501, 0.6799557517006445]",1,-1
27740,[0.60295713 0.563014  ],3,-1,-1,1,-1
27741,[0.89280892 0.57139527],2,-1,-1,1,-1
27742,[0.66109586 0.52254468],3,-1,-1,1,-1
27743,[0.30875625 0.26932215],1,-1,-1,0,0
27744,[0.29357417 0.17678941],1,2,"[0.294379027732062, 0.1921773781634303]",0,0
27745,[0.27601429 0.13969751],1,2,"[0.294379027732062, 0.1921773781634303]",0,0
27746,[0.33820575 0.1817878 ],1,2,"[0.294379027732062, 0.1921773781634303]",0,0
27747,[0.42091059 0.5885427 ],0,1,"[0.37965276877051146, 0.575157747726818]",1,-1
27748,[0.21091944 0.21839234],1,-1,-1,0,0
27749,[0.33394089 0.59909301],0,1,"[0.37965276877051146, 0.575157747726818]",1,-1
27750,[0.699534   0.67028821],3,-1,-1,1,-1
27751,[0.21853205 0.17885104],1,-1,-1,0,0
27752,[0.7234485  0.72279011],2,-1,-1,1,-1
27753,[0.21875472 0.12488612],1,-1,-1,0,0
27754,[0.43494826 0.68190156],0,-1,-1,1,-1
27755,[0.30055067 0.56421765],0,-1,-1,1,-1
27756,[0.81420707 0.70697405],2,0,"[0.7890750777399501, 0.6799557517006445]",1,-1
27757,[0.8392283  0.64035282],2,0,"[0.7890750777399501, 0.6799557517006445]",1,-1
27758,[0.7754326  0.73674744],2,0,"[0.7890750777399501, 0.6799557517006445]",1,-1
27759,[0.69975744 0.63186833],3,3,"[0.6601234827680622, 0.6109507568947781]",1,-1
27760,[0.58698127 0.55862979],3,-1,-1,1,-1
27761,[0.62801916 0.61992264],3,3,"[0.6601234827680622, 0.6109507568947781]",1,-1
27762,[0.26716359 0.23622801],1,2,"[0.294379027732062, 0.1921773781634303]",0,0
27763,[0.63295331 0.57563531],3,3,"[0.6601234827680622, 0.6109507568947781]",1,-1
27764,[0.64946128 0.65857387],3,3,"[0.6601234827680622, 0.6109507568947781]",1,-1
27765,[0.21333169 0.25467175],1,-1,-1,0,0
27766,[0.76993939 0.61065135],2,-1,-1,1,-1
27767,[0.3786557  0.62077393],0,1,"[0.37965276877051146, 0.575157747726818]",1,-1
27768,[0.33016652 0.29604406],1,-1,-1,0,0
27769,[0.77243475 0.56948445],3,-1,-1,1,-1
27770,[0.71220476 0.67452107],3,-1,-1,1,-1
27771,[0.35662931 0.5345242 ],0,1,"[0.37965276877051146, 0.575157747726818]",1,-1
27772,[0.33537158 0.18080352],1,2,"[0.294379027732062, 0.1921773781634303]",0,0
27773,[0.6102752  0.72394627],3,-1,-1,1,-1
27774,[0.35339495 0.54421027],0,1,"[0.37965276877051146, 0.575157747726818]",1,-1
27775,[0.2810448  0.15093708],1,2,"[0.294379027732062, 0.1921773781634303]",0,0
27776,[0.68944573 0.53678507],3,-1,-1,1,-1
27777,[0.59889456 0.60073573],3,3,"[0.6601234827680622, 0.6109507568947781]",1,-1
27778,[0.23628275 0.15173055],1,-1,-1,0,0
27779,[0.28272189 0.14657863],1,2,"[0.294379027732062, 0.1921773781634303]",0,0
27780,[0.6657922  0.69825862],3,-1,-1,1,-1
27781,[0.30248584 0.21775901],1,2,"[0.294379027732062, 0.1921773781634303]",0,0
27782,[0.66531034 0.63827223],3,3,"[0.6601234827680622, 0.6109507568947781]",1,-1
27783,[0.71987046 0.5272356 ],3,-1,-1,1,-1
27784,[0.22038769 0.22632887],1,-1,-1,0,0
27785,[0.62613017 0.60463222],3,3,"[0.6601234827680622, 0.6109507568947781]",1,-1
27786,[0.36664061 0.66003313],0,-1,-1,1,-1
27787,[0.66988627 0.634382  ],3,3,"[0.6601234827680622, 0.6109507568947781]",1,7
27788,[0.83124891 0.76868803],2,-1,-1,1,-1
27789,[0.45437074 0.56172647],0,-1,-1,1,-1
27790,[0.20411614 0.18937671],1,-1,-1,0,0
27791,[0.82775022 0.69979661],2,0,"[0.7890750777399501, 0.6799557517006445]",1,-1
27792,[0.35498376 0.15198255],1,-1,-1,0,0
27793,[0.38182858 0.63424893],0,1,"[0.37965276877051146, 0.575157747726818]",1,-1
27794,[0.78600372 0.72113511],2,0,"[0.7890750777399501, 0.6799557517006445]",1,-1
27795,[0.41810104 0.58193147],0,1,"[0.37965276877051146, 0.575157747726818]",1,-1
27796,[0.75229187 0.76119648],2,-1,-1,1,-1
27797,[0.23893614 0.20119658],1,2,"[0.294379027732062, 0.1921773781634303]",0,0
27798,[0.68089889 0.7528165 ],2,-1,-1,1,-1
27799,[0.35761322 0.62472077],0,1,"[0.37965276877051146, 0.575157747726818]",1,-1
27800,[0.67682527 0.5437086 ],3,3,"[0.6601234827680622, 0.6109507568947781]",1,-1
27801,[0.77510968 0.67688509],2,0,"[0.7890750777399501, 0.6799557517006445]",1,-1
27802,[0.84434723 0.67904614],2,0,"[0.7890750777399501, 0.6799557517006445]",1,-1
27803,[0.58651429 0.60253452],3,-1,-1,1,-1
27804,[0.67191711 0.6584359 ],3,3,"[0.6601234827680622, 0.6109507568947781]",1,-1
27805,[0.60140407 0.65175263],3,-1,-1,1,-1
27806,[0.31946714 0.56038727],0,1,"[0.37965276877051146, 0.575157747726818]",1,-1
27807,[0.36781575 0.57386193],0,1,"[0.37965276877051146, 0.575157747726818]",1,1
27808,[0.30149489 0.20401072],1,2,"[0.294379027732062, 0.1921773781634303]",0,0
27809,[0.34730637 0.17052171],1,2,"[0.294379027732062, 0.1921773781634303]",0,0
27810,[0.69264227 0.46545806],3,-1,-1,1,-1
27811,[0.4098282  0.64797145],0,-1,-1,1,-1
27812,[0.63639905 0.48935071],3,-1,-1,1,-1
27813,[0.64673712 0.67985658],3,-1,-1,1,-1
27814,[0.76075801 0.73199946],3,0,"[0.7890750777399501, 0.6799557517006445]",1,-1
27815,[0.79673301 0.72226063],2,0,"[0.7890750777399501, 0.6799557517006445]",1,-1
27816,[0.43925196 0.53611134],0,-1,-1,1,-1
27817,[0.62562932 0.66221035],3,3,"[0.6601234827680622, 0.6109507568947781]",1,-1
27818,[0.59957637 0.65048941],3,-1,-1,1,-1
27819,[0.87970998 0.68218245],2,-1,-1,1,-1
27820,[0.59112867 0.65623195],3,-1,-1,1,-1
27821,[0.45557044 0.50875816],0,-1,-1,1,-1
27822,[0.6490859  0.63468006],3,3,"[0.6601234827680622, 0.6109507568947781]",1,-1
27823,[0.38951461 0.27018869],1,-1,-1,0,0
27824,[0.8554086  0.65211264],2,-1,-1,1,-1
27825,[0.24272909 0.24404792],1,-1,-1,0,0
27826,[0.76730751 0.6885386 ],2,0,"[0.7890750777399501, 0.6799557517006445]",1,-1
27827,[0.72617287 0.5840151 ],3,-1,-1,1,-1
27828,[0.31913624 0.62417786],0,-1,-1,1,-1
27829,[0.35084715 0.1961654 ],1,2,"[0.294379027732062, 0.1921773781634303]",0,0
27830,[0.63706292 0.56944495],3,3,"[0.6601234827680622, 0.6109507568947781]",1,-1
27831,[0.63224159 0.65425484],3,3,"[0.6601234827680622, 0.6109507568947781]",1,-1
27832,[0.78738824 0.69255836],2,0,"[0.7890750777399501, 0.6799557517006445]",1,-1
27833,[0.71679872 0.70690905],2,-1,-1,1,-1
27834,[0.20743299 0.15351157],1,-1,-1,0,0
27835,[0.32309164 0.18693082],1,2,"[0.294379027732062, 0.1921773781634303]",0,0
27836,[0.15147769 0.17518369],1,-1,-1,0,0
27837,[0.82924315 0.6469251 ],2,0,"[0.7890750777399501, 0.6799557517006445]",1,-1
27838,[0.33504713 0.13942232],1,2,"[0.294379027732062, 0.1921773781634303]",0,0
27839,[0.42765095 0.51775098],0,-1,-1,1,-1
27840,[0.44862103 0.57701165],0,1,"[0.37965276877051146, 0.575157747726818]",1,-1
27841,[0.58444955 0.64426723],3,-1,-1,1,-1
27842,[0.65360657 0.65760716],3,3,"[0.6601234827680622, 0.6109507568947781]",1,-1
27843,[0.32206623 0.11390317],1,-1,-1,0,0
27844,[0.30766945 0.27638061],1,-1,-1,0,0
27845,[0.37795763 0.61703729],0,1,"[0.37965276877051146, 0.575157747726818]",1,-1
27846,[0.37011462 0.54297233],0,1,"[0.37965276877051146, 0.575157747726818]",1,-1
27847,[0.29440861 0.22918696],1,2,"[0.294379027732062, 0.1921773781634303]",0,0
27848,[0.81618068 0.65993676],2,0,"[0.7890750777399501, 0.6799557517006445]",1,-1
27849,[0.40525618 0.65896385],0,-1,-1,1,-1
27850,[0.50020889 0.58282131],0,-1,-1,1,-1
27851,[0.55179159 0.65469818],3,-1,-1,1,-1
27852,[0.79759807 0.66534596],2,0,"[0.7890750777399501, 0.6799557517006445]",1,-1
27853,[0.38924541 0.54112036],0,1,"[0.37965276877051146, 0.575157747726818]",1,-1
27854,[0.62280607 0.66175954],3,3,"[0.6601234827680622, 0.6109507568947781]",1,-1
27855,[0.31677537 0.5404531 ],0,-1,-1,1,-1
27856,[0.47970082 0.58198547],0,-1,-1,1,-1
27857,[0.80962576 0.64366007],2,0,"[0.7890750777399501, 0.6799557517006445]",1,-1
27858,[0.842764   0.73359555],2,-1,-1,1,-1
27859,[0.70348057 0.60374157],3,3,"[0.6601234827680622, 0.6109507568947781]",1,-1
27860,[0.78189444 0.67176595],2,0,"[0.7890750777399501, 0.6799557517006445]",1,-1
27861,[0.3285677  0.19263225],1,2,"[0.294379027732062, 0.1921773781634303]",0,0
27862,[0.38511991 0.58496856],0,1,"[0.37965276877051146, 0.575157747726818]",1,-1
27863,[0.71653475 0.63044466],3,3,"[0.6601234827680622, 0.6109507568947781]",1,-1
27864,[0.81706989 0.7114262 ],2,0,"[0.7890750777399501, 0.6799557517006445]",1,-1
27865,[0.64679399 0.59746022],3,3,"[0.6601234827680622, 0.6109507568947781]",1,-1
27866,[0.36399067 0.17452059],1,-1,-1,0,0
27867,[0.68831231 0.66970036],2,3,"[0.6601234827680622, 0.6109507568947781]",1,-1
27868,[0.4961969  0.57085273],0,-1,-1,1,-1
27869,[0.30967592 0.17177108],1,2,"[0.294379027732062, 0.1921773781634303]",0,0
27870,[0.74652054 0.71434176],2,0,"[0.7890750777399501, 0.6799557517006445]",1,-1
27871,[0.19973595 0.16035995],1,-1,-1,0,0
27872,[0.19817679 0.23398781],1,-1,-1,0,0
27873,[0.77803424 0.59065288],2,-1,-1,1,-1
27874,[0.32161421 0.18989246],1,2,"[0.294379027732062, 0.1921773781634303]",0,0
27875,[0.30291602 0.61847165],0,-1,-1,1,-1
27876,[0.25540489 0.20648838],1,2,"[0.294379027732062, 0.1921773781634303]",0,0
27877,[0.80750061 0.75503109],2,-1,-1,1,-1
27878,[0.355455   0.64041685],0,1,"[0.37965276877051146, 0.575157747726818]",1,-1
27879,[0.25051873 0.13055318],1,-1,-1,0,0
27880,[0.36715703 0.61606755],0,1,"[0.37965276877051146, 0.575157747726818]",1,-1
27881,[0.82438296 0.68003648],2,0,"[0.7890750777399501, 0.6799557517006445]",1,-1
27882,[0.87081521 0.6548215 ],2,-1,-1,1,-1
27883,[0.67577933 0.55561588],3,3,"[0.6601234827680622, 0.6109507568947781]",1,-1
27884,[0.41029212 0.53028904],0,1,"[0.37965276877051146, 0.575157747726818]",1,-1
27885,[0.39924317 0.58674862],0,1,"[0.37965276877051146, 0.575157747726818]",1,-1
27886,[0.68837849 0.59271189],3,3,"[0.6601234827680622, 0.6109507568947781]",1,-1
27887,[0.68764896 0.62439041],3,3,"[0.6601234827680622, 0.6109507568947781]",1,7
27888,[0.62227554 0.46231242],3,-1,-1,1,-1
27889,[0.66983062 0.54377339],3,3,"[0.6601234827680622, 0.6109507568947781]",1,-1
27890,[0.36764926 0.12549623],1,-1,-1,0,0
27891,[0.36528964 0.53582102],0,1,"[0.37965276877051146, 0.575157747726818]",1,-1
27892,[0.4575947  0.56597455],0,-1,-1,1,-1
27893,[0.27383776 0.19522727],1,2,"[0.294379027732062, 0.1921773781634303]",0,0
27894,[0.24487245 0.21895333],1,2,"[0.294379027732062, 0.1921773781634303]",0,0
27895,[0.37465561 0.59304054],0,1,"[0.37965276877051146, 0.575157747726818]",1,-1
27896,[0.42472528 0.59630876],0,1,"[0.37965276877051146, 0.575157747726818]",1,-1
27897,[0.31151575 0.20391359],1,2,"[0.294379027732062, 0.1921773781634303]",0,0
27898,[0.7308154  0.76848841],2,-1,-1,1,-1
27899,[0.37922211 0.63502226],0,1,"[0.37965276877051146, 0.575157747726818]",1,-1
27900,[0.72709913 0.56301541],3,-1,-1,1,-1
27901,[0.4367655  0.58410967],0,1,"[0.37965276877051146, 0.575157747726818]",1,-1
27902,[0.30358376 0.63047731],0,-1,-1,1,-1
27903,[0.61465016 0.69657244],3,-1,-1,1,-1
27904,[0.33645996 0.15394337],1,2,"[0.294379027732062, 0.1921773781634303]",0,0
27905,[0.22113397 0.18190059],1,-1,-1,0,0
27906,[0.83620145 0.66362502],2,0,"[0.7890750777399501, 0.6799557517006445]",1,-1
27907,[0.22340911 0.14617118],1,-1,-1,0,0
27908,[0.83463508 0.66017125],2,0,"[0.7890750777399501, 0.6799557517006445]",1,-1
27909,[0.30023746 0.19738003],1,2,"[0.294379027732062, 0.1921773781634303]",0,0
27910,[0.43490837 0.56922856],0,1,"[0.37965276877051146, 0.575157747726818]",1,-1
27911,[0.67660081 0.64073382],3,3,"[0.6601234827680622, 0.6109507568947781]",1,-1
27912,[0.64930801 0.53990578],3,-1,-1,1,-1
27913,[0.70293974 0.57709661],3,3,"[0.6601234827680622, 0.6109507568947781]",1,-1
27914,[0.663661   0.59105459],3,3,"[0.6601234827680622, 0.6109507568947781]",1,-1
27915,[0.40740782 0.60979166],0,1,"[0.37965276877051146, 0.575157747726818]",1,-1
27916,[0.28920891 0.2053455 ],1,2,"[0.294379027732062, 0.1921773781634303]",0,0
27917,[0.7992353  0.65088929],2,0,"[0.7890750777399501, 0.6799557517006445]",1,-1
27918,[0.70452048 0.56266752],3,3,"[0.6601234827680622, 0.6109507568947781]",1,-1
27919,[0.8029511  0.69701086],2,0,"[0.7890750777399501, 0.6799557517006445]",1,-1
27920,[0.27141822 0.09253858],1,-1,-1,0,0
27921,[0.29433388 0.19425311],1,2,"[0.294379027732062, 0.1921773781634303]",0,0
27922,[0.7367164  0.59075216],3,-1,-1,1,-1
27923,[0.31252927 0.10426873],1,-1,-1,0,0
27924,[0.65988436 0.49693035],3,-1,-1,1,-1
27925,[0.70439025 0.58465884],3,3,"[0.6601234827680622, 0.6109507568947781]",1,-1
27926,[0.23031334 0.16828977],1,2,"[0.294379027732062, 0.1921773781634303]",0,0
27927,[0.30708999 0.49678092],0,-1,-1,1,-1
27928,[0.67172189 0.61549593],3,3,"[0.6601234827680622, 0.6109507568947781]",1,-1
27929,[0.3102184  0.15764618],1,2,"[0.294379027732062, 0.1921773781634303]",0,0
27930,[0.34923074 0.63506611],0,1,"[0.37965276877051146, 0.575157747726818]",1,-1
27931,[0.39516429 0.52620922],0,1,"[0.37965276877051146, 0.575157747726818]",1,-1
27932,[0.7055604  0.63215612],3,3,"[0.6601234827680622, 0.6109507568947781]",1,-1
27933,[0.39715649 0.56386413],0,1,"[0.37965276877051146, 0.575157747726818]",1,2
27934,[0.20440315 0.22553289],1,-1,-1,0,0
27935,[0.17542803 0.26041608],1,-1,-1,0,0
27936,[0.77602059 0.56070725],2,-1,-1,1,-1
27937,[0.7216765  0.62849645],3,3,"[0.6601234827680622, 0.6109507568947781]",1,-1
27938,[0.67255926 0.6966799 ],3,-1,-1,1,-1
27939,[0.81305194 0.71650956],2,0,"[0.7890750777399501, 0.6799557517006445]",1,-1
27940,[0.77419237 0.71065431],2,0,"[0.7890750777399501, 0.6799557517006445]",1,-1
27941,[0.6578727  0.48618372],3,-1,-1,1,-1
27942,[0.31010958 0.58473021],0,-1,-1,1,-1
27943,[0.67664258 0.6742606 ],3,3,"[0.6601234827680622, 0.6109507568947781]",1,-1
27944,[0.3089602  0.56894887],0,-1,-1,1,-1
27945,[0.63735672 0.6452558 ],3,3,"[0.6601234827680622, 0.6109507568947781]",1,-1
27946,[0.72370454 0.69527521],3,0,"[0.7890750777399501, 0.6799557517006445]",1,-1
27947,[0.85432847 0.7889728 ],2,-1,-1,1,-1
27948,[0.258956   0.24857772],1,2,"[0.294379027732062, 0.1921773781634303]",0,0
27949,[0.81626381 0.66331971],2,0,"[0.7890750777399501, 0.6799557517006445]",1,-1
27950,[0.24552134 0.2200203 ],1,2,"[0.294379027732062, 0.1921773781634303]",0,0
27951,[0.8153706  0.76264277],2,-1,-1,1,-1
27952,[0.40636389 0.60580479],0,1,"[0.37965276877051146, 0.575157747726818]",1,-1
27953,[0.35065459 0.55873939],0,1,"[0.37965276877051146, 0.575157747726818]",1,-1
27954,[0.77166504 0.66505201],2,0,"[0.7890750777399501, 0.6799557517006445]",1,3
27955,[0.75433243 0.68012752],2,0,"[0.7890750777399501, 0.6799557517006445]",1,-1
27956,[0.33154481 0.18835618],1,2,"[0.294379027732062, 0.1921773781634303]",0,0
27957,[0.39162375 0.5518668 ],0,1,"[0.37965276877051146, 0.575157747726818]",1,-1
27958,[0.35058544 0.62048792],0,1,"[0.37965276877051146, 0.575157747726818]",1,-1
27959,[0.76236875 0.65551752],2,0,"[0.7890750777399501, 0.6799557517006445]",1,3
27960,[0.32593095 0.22212547],1,2,"[0.294379027732062, 0.1921773781634303]",0,0
27961,[0.21886627 0.2196845 ],1,-1,-1,0,0
27962,[0.79907786 0.64964318],2,0,"[0.7890750777399501, 0.6799557517006445]",1,-1
27963,[0.65136297 0.61301073],3,3,"[0.6601234827680622, 0.6109507568947781]",1,6
27964,[0.31388737 0.16419304],1,2,"[0.294379027732062, 0.1921773781634303]",0,0
27965,[0.80737882 0.68287847],2,0,"[0.7890750777399501, 0.6799557517006445]",1,-1
27966,[0.42861722 0.5703737 ],0,1,"[0.37965276877051146, 0.575157747726818]",1,-1
27967,[0.79571502 0.72076472],2,0,"[0.7890750777399501, 0.6799557517006445]",1,-1
27968,[0.7668004  0.61940676],3,0,"[0.7890750777399501, 0.6799557517006445]",1,-1
27969,[0.31756938 0.27677685],1,-1,-1,0,0
27970,[0.79853546 0.69778973],2,0,"[0.7890750777399501, 0.6799557517006445]",1,-1
27971,[0.81434265 0.67889552],2,0,"[0.7890750777399501, 0.6799557517006445]",1,-1
27972,[0.71653642 0.68702325],3,-1,-1,1,-1
27973,[0.39625855 0.62056331],0,1,"[0.37965276877051146, 0.575157747726818]",1,-1
27974,[0.87588348 0.605843  ],2,-1,-1,1,-1
27975,[0.33660828 0.16069854],1,2,"[0.294379027732062, 0.1921773781634303]",0,0
27976,[0.74256637 0.70737933],3,0,"[0.7890750777399501, 0.6799557517006445]",1,-1
27977,[0.75134533 0.63904694],2,0,"[0.7890750777399501, 0.6799557517006445]",1,-1
27978,[0.37388484 0.58536366],0,1,"[0.37965276877051146, 0.575157747726818]",1,-1
27979,[0.41588773 0.58515393],0,1,"[0.37965276877051146, 0.575157747726818]",1,-1
27980,[0.37342578 0.57108636],0,1,"[0.37965276877051146, 0.575157747726818]",1,1
27981,[0.51457397 0.57822277],3,-1,-1,1,-1
27982,[0.85677171 0.71329896],2,-1,-1,1,-1
27983,[0.71950881 0.69628705],3,-1,-1,1,-1
27984,[0.23268775 0.14249012],1,-1,-1,0,0
27985,[0.78899371 0.72173898],2,0,"[0.7890750777399501, 0.6799557517006445]",1,-1
27986,[0.3754782  0.11289988],1,-1,-1,0,0
27987,[0.66997393 0.65963312],3,3,"[0.6601234827680622, 0.6109507568947781]",1,-1
27988,[0.35538687 0.60290747],0,1,"[0.37965276877051146, 0.575157747726818]",1,-1
27989,[0.5484716  0.61179953],3,-1,-1,1,-1
27990,[0.83931488 0.61545721],2,-1,-1,1,-1
27991,[0.26600433 0.25743464],1,-1,-1,0,0
27992,[0.40452541 0.55981484],0,1,"[0.37965276877051146, 0.575157747726818]",1,-1
27993,[0.36168098 0.58051577],0,1,"[0.37965276877051146, 0.575157747726818]",1,-1
27994,[0.65637923 0.58500099],3,3,"[0.6601234827680622, 0.6109507568947781]",1,-1
27995,[0.74394355 0.6981009 ],2,0,"[0.7890750777399501, 0.6799557517006445]",1,-1
27996,[0.88924651 0.72074599],2,-1,-1,1,-1
27997,[0.57665656 0.61445108],3,-1,-1,1,-1
27998,[0.81869131 0.7659787 ],2,-1,-1,1,-1
27999,[0.30818665 0.60806465],0,-1,-1,1,-1
28000,[0.61106081 0.58686946],3,3,"[0.6601234827680622, 0.6109507568947781]",1,-1
28001,[0.74365771 0.74367124],2,-1,-1,1,-1
28002,[0.41453506 0.57361462],0,1,"[0.37965276877051146, 0.575157747726818]",1,-1
28003,[0.45450874 0.5920117 ],0,-1,-1,1,-1
28004,[0.65838814 0.64003034],3,3,"[0.6601234827680622, 0.6109507568947781]",1,-1
28005,[0.25113507 0.18572265],1,2,"[0.294379027732062, 0.1921773781634303]",0,0
28006,[0.37182162 0.57834198],0,1,"[0.37965276877051146, 0.575157747726818]",1,1
28007,[0.74445607 0.72113585],2,0,"[0.7890750777399501, 0.6799557517006445]",1,-1
28008,[0.70964527 0.58517038],3,3,"[0.6601234827680622, 0.6109507568947781]",1,-1
28009,[0.26698939 0.18782883],1,2,"[0.294379027732062, 0.1921773781634303]",0,0
28010,[0.21425324 0.16545343],1,-1,-1,0,0
28011,[0.39904242 0.65161311],0,-1,-1,1,-1
28012,[0.3430391  0.15668447],1,2,"[0.294379027732062, 0.1921773781634303]",0,0
28013,[0.41976115 0.15512403],1,-1,-1,0,0
28014,[0.69002102 0.58554497],3,3,"[0.6601234827680622, 0.6109507568947781]",1,-1
28015,[0.68254873 0.61140046],3,3,"[0.6601234827680622, 0.6109507568947781]",1,5
28016,[0.37654901 0.46303002],0,-1,-1,1,-1
28017,[0.83626628 0.76631353],2,-1,-1,1,-1
28018,[0.82056631 0.64287347],2,0,"[0.7890750777399501, 0.6799557517006445]",1,-1
28019,[0.3101991  0.55951018],0,-1,-1,1,-1
28020,[0.25284277 0.21307512],1,2,"[0.294379027732062, 0.1921773781634303]",0,0
28021,[0.67830355 0.51115216],3,-1,-1,1,-1
28022,[0.8729411  0.72057757],2,-1,-1,1,-1
28023,[0.39541627 0.59699069],0,1,"[0.37965276877051146, 0.575157747726818]",1,-1
28024,[0.29830427 0.10532232],1,-1,-1,0,0
28025,[0.68592478 0.66565808],3,3,"[0.6601234827680622, 0.6109507568947781]",1,-1
28026,[0.73278938 0.6292345 ],2,-1,-1,1,-1
28027,[0.82259001 0.72232081],2,0,"[0.7890750777399501, 0.6799557517006445]",1,-1
28028,[0.81920645 0.6947836 ],2,0,"[0.7890750777399501, 0.6799557517006445]",1,-1
28029,[0.61602928 0.54860094],3,-1,-1,1,-1
28030,[0.40275111 0.66193319],0,-1,-1,1,-1
28031,[0.70408604 0.52654363],3,-1,-1,1,-1
28032,[0.6349899  0.60421154],3,3,"[0.6601234827680622, 0.6109507568947781]",1,-1
28033,[0.72351899 0.74439473],2,-1,-1,1,-1
28034,[0.38206709 0.65631797],0,-1,-1,1,-1
28035,[0.77724188 0.64506563],2,0,"[0.7890750777399501, 0.6799557517006445]",1,-1
28036,[0.31295037 0.23486635],1,2,"[0.294379027732062, 0.1921773781634303]",0,0
28037,[0.63901783 0.62269204],3,3,"[0.6601234827680622, 0.6109507568947781]",1,6
28038,[0.75148355 0.54839941],3,-1,-1,1,-1
28039,[0.67560976 0.65034101],3,3,"[0.6601234827680622, 0.6109507568947781]",1,-1
28040,[0.31029487 0.23112088],1,2,"[0.294379027732062, 0.1921773781634303]",0,0
28041,[0.72860008 0.57257536],3,-1,-1,1,-1
28042,[0.3511826  0.23083637],1,2,"[0.294379027732062, 0.1921773781634303]",0,0
28043,[0.78869471 0.6647944 ],2,0,"[0.7890750777399501, 0.6799557517006445]",1,-1
28044,[0.77976951 0.74130736],2,0,"[0.7890750777399501, 0.6799557517006445]",1,-1
28045,[0.64978377 0.58007259],3,3,"[0.6601234827680622, 0.6109507568947781]",1,-1
28046,[0.74836155 0.73289958],2,0,"[0.7890750777399501, 0.6799557517006445]",1,-1
28047,[0.73187145 0.51606068],3,-1,-1,1,-1
28048,[0.30957567 0.15710381],1,2,"[0.294379027732062, 0.1921773781634303]",0,0
28049,[0.69441654 0.54952684],3,-1,-1,1,-1
28050,[0.34511993 0.51545913],0,1,"[0.37965276877051146, 0.575157747726818]",1,-1
28051,[0.73548015 0.66965677],3,0,"[0.7890750777399501, 0.6799557517006445]",1,-1
28052,[0.36609218 0.52586081],0,1,"[0.37965276877051146, 0.575157747726818]",1,-1
28053,[0.33361759 0.19847343],1,2,"[0.294379027732062, 0.1921773781634303]",0,0
28054,[0.37262963 0.55125396],0,1,"[0.37965276877051146, 0.575157747726818]",1,-1
28055,[0.88189011 0.69920803],2,-1,-1,1,-1
28056,[0.77719373 0.7026549 ],2,0,"[0.7890750777399501, 0.6799557517006445]",1,-1
28057,[0.70532285 0.69641194],2,-1,-1,1,-1
28058,[0.34267391 0.53486686],0,1,"[0.37965276877051146, 0.575157747726818]",1,-1
28059,[0.30464558 0.2740411 ],1,-1,-1,0,0
28060,[0.32251462 0.12722534],1,-1,-1,0,0
28061,[0.7960191  0.61041127],2,0,"[0.7890750777399501, 0.6799557517006445]",1,-1
28062,[0.33563022 0.57618594],0,1,"[0.37965276877051146, 0.575157747726818]",1,-1
28063,[0.767029   0.50078084],3,-1,-1,1,-1
28064,[0.71831136 0.58428474],3,3,"[0.6601234827680622, 0.6109507568947781]",1,-1
28065,[0.72883319 0.65113325],2,0,"[0.7890750777399501, 0.6799557517006445]",1,-1
28066,[0.3686857  0.47913548],0,-1,-1,1,-1
28067,[0.74638924 0.65825171],2,0,"[0.7890750777399501, 0.6799557517006445]",1,-1
28068,[0.34080173 0.63354346],0,-1,-1,1,-1
28069,[0.37381072 0.6409628 ],0,1,"[0.37965276877051146, 0.575157747726818]",1,-1
28070,[0.7482323  0.72197961],2,0,"[0.7890750777399501, 0.6799557517006445]",1,-1
28071,[0.77079638 0.70378715],2,0,"[0.7890750777399501, 0.6799557517006445]",1,-1
28072,[0.71699773 0.58947054],3,3,"[0.6601234827680622, 0.6109507568947781]",1,-1
28073,[0.78661462 0.73412629],2,0,"[0.7890750777399501, 0.6799557517006445]",1,-1
28074,[0.40600182 0.59820089],0,1,"[0.37965276877051146, 0.575157747726818]",1,-1
28075,[0.73296014 0.63962451],2,0,"[0.7890750777399501, 0.6799557517006445]",1,-1
28076,[0.69644893 0.64023707],3,3,"[0.6601234827680622, 0.6109507568947781]",1,-1
28077,[0.36117112 0.65138053],0,-1,-1,1,-1
28078,[0.42195622 0.54428454],0,1,"[0.37965276877051146, 0.575157747726818]",1,-1
28079,[0.62002541 0.61066005],3,3,"[0.6601234827680622, 0.6109507568947781]",1,-1
28080,[0.19063599 0.19460676],1,-1,-1,0,0
28081,[0.48079632 0.58614657],0,-1,-1,1,-1
28082,[0.76904309 0.73429066],2,0,"[0.7890750777399501, 0.6799557517006445]",1,-1
28083,[0.77238282 0.52665494],3,-1,-1,1,-1
28084,[0.32063544 0.22372016],1,2,"[0.294379027732062, 0.1921773781634303]",0,0
28085,[0.43174737 0.56301776],0,1,"[0.37965276877051146, 0.575157747726818]",1,-1
28086,[0.37004828 0.23420876],1,-1,-1,0,0
28087,[0.65135698 0.62627857],3,3,"[0.6601234827680622, 0.6109507568947781]",1,-1
28088,[0.40927099 0.6072193 ],0,1,"[0.37965276877051146, 0.575157747726818]",1,-1
28089,[0.29380743 0.18735141],1,2,"[0.294379027732062, 0.1921773781634303]",0,0
28090,[0.68276511 0.58100112],3,3,"[0.6601234827680622, 0.6109507568947781]",1,-1
28091,[0.79060749 0.82328693],2,-1,-1,1,-1
28092,[0.40667293 0.60487637],0,1,"[0.37965276877051146, 0.575157747726818]",1,-1
28093,[0.7325257  0.57258894],3,-1,-1,1,-1
28094,[0.33965518 0.14879788],1,2,"[0.294379027732062, 0.1921773781634303]",0,0
28095,[0.84934683 0.70234649],2,0,"[0.7890750777399501, 0.6799557517006445]",1,-1
28096,[0.63741357 0.67921688],3,-1,-1,1,-1
28097,[0.89230512 0.68072364],2,-1,-1,1,-1
28098,[0.33508864 0.18254358],1,2,"[0.294379027732062, 0.1921773781634303]",0,0
28099,[0.82789557 0.71383742],2,0,"[0.7890750777399501, 0.6799557517006445]",1,-1
28100,[0.68588158 0.56573084],3,3,"[0.6601234827680622, 0.6109507568947781]",1,-1
28101,[0.67704041 0.63104054],3,3,"[0.6601234827680622, 0.6109507568947781]",1,-1
28102,[0.24727325 0.17314441],1,2,"[0.294379027732062, 0.1921773781634303]",0,0
28103,[0.28261174 0.46412416],0,-1,-1,1,-1
28104,[0.32857718 0.18357481],1,2,"[0.294379027732062, 0.1921773781634303]",0,0
28105,[0.39079621 0.21046953],1,-1,-1,0,0
28106,[0.38111057 0.49679215],0,-1,-1,1,-1
28107,[0.83082515 0.57442606],2,-1,-1,1,-1
28108,[0.23188132 0.19571656],1,2,"[0.294379027732062, 0.1921773781634303]",0,0
28109,[0.73324069 0.67109033],3,0,"[0.7890750777399501, 0.6799557517006445]",1,-1
28110,[0.33338673 0.14180388],1,2,"[0.294379027732062, 0.1921773781634303]",0,0
28111,[0.70782586 0.6456947 ],2,3,"[0.6601234827680622, 0.6109507568947781]",1,-1
28112,[0.18094463 0.13201706],1,-1,-1,0,0
28113,[0.70367679 0.62339786],3,3,"[0.6601234827680622, 0.6109507568947781]",1,-1
28114,[0.35876534 0.20857727],1,2,"[0.294379027732062, 0.1921773781634303]",0,0
28115,[0.78626726 0.65061798],2,0,"[0.7890750777399501, 0.6799557517006445]",1,-1
28116,[0.63448151 0.6342759 ],3,3,"[0.6601234827680622, 0.6109507568947781]",1,-1
28117,[0.65850334 0.53823822],3,-1,-1,1,-1
28118,[0.81792824 0.58645709],2,-1,-1,1,-1
28119,[0.82324809 0.69975735],2,0,"[0.7890750777399501, 0.6799557517006445]",1,-1
28120,[0.7584196  0.71632598],2,0,"[0.7890750777399501, 0.6799557517006445]",1,-1
28121,[0.40896779 0.58877906],0,1,"[0.37965276877051146, 0.575157747726818]",1,-1
28122,[0.77972154 0.53420571],3,-1,-1,1,-1
28123,[0.32268823 0.14905404],1,2,"[0.294379027732062, 0.1921773781634303]",0,0
28124,[0.35206913 0.27079289],1,-1,-1,0,0
28125,[0.74338274 0.58891413],2,-1,-1,1,-1
28126,[0.83776131 0.63596564],2,0,"[0.7890750777399501, 0.6799557517006445]",1,-1
28127,[0.37411174 0.5119923 ],0,1,"[0.37965276877051146, 0.575157747726818]",1,-1
28128,[0.34869336 0.21932024],1,2,"[0.294379027732062, 0.1921773781634303]",0,0
28129,[0.79881    0.69953616],2,0,"[0.7890750777399501, 0.6799557517006445]",1,-1
28130,[0.30068996 0.55620813],0,-1,-1,1,-1
28131,[0.35205341 0.11502208],1,-1,-1,0,0
28132,[0.62279066 0.67555739],3,-1,-1,1,-1
28133,[0.3143919  0.57523768],0,1,"[0.37965276877051146, 0.575157747726818]",1,-1
28134,[0.86003732 0.74593891],2,-1,-1,1,-1
28135,[0.81460511 0.69791839],2,0,"[0.7890750777399501, 0.6799557517006445]",1,-1
28136,[0.75234282 0.66853288],2,0,"[0.7890750777399501, 0.6799557517006445]",1,-1
28137,[0.4559047  0.54724084],0,-1,-1,1,-1
28138,[0.38027725 0.53715118],0,1,"[0.37965276877051146, 0.575157747726818]",1,-1
28139,[0.79344408 0.68592472],2,0,"[0.7890750777399501, 0.6799557517006445]",1,-1
28140,[0.27298074 0.2086395 ],1,2,"[0.294379027732062, 0.1921773781634303]",0,0
28141,[0.71455384 0.60201095],3,3,"[0.6601234827680622, 0.6109507568947781]",1,-1
28142,[0.85618192 0.69737829],2,0,"[0.7890750777399501, 0.6799557517006445]",1,-1
28143,[0.80790113 0.697214  ],2,0,"[0.7890750777399501, 0.6799557517006445]",1,-1
28144,[0.35818305 0.59168445],0,1,"[0.37965276877051146, 0.575157747726818]",1,-1
28145,[0.41069034 0.50926137],0,-1,-1,1,-1
28146,[0.38507282 0.52129091],0,1,"[0.37965276877051146, 0.575157747726818]",1,-1
28147,[0.657      0.61735577],3,3,"[0.6601234827680622, 0.6109507568947781]",1,7
28148,[0.77799338 0.64134082],2,0,"[0.7890750777399501, 0.6799557517006445]",1,-1
28149,[0.37822143 0.48284667],0,-1,-1,1,-1
28150,[0.58248084 0.68375293],3,-1,-1,1,-1
28151,[0.79090425 0.64731253],2,0,"[0.7890750777399501, 0.6799557517006445]",1,-1
28152,[0.3482432 0.1382138],1,-1,-1,0,0
28153,[0.37263183 0.68627933],0,-1,-1,1,-1
28154,[0.25239409 0.26382718],1,-1,-1,0,0
28155,[0.61741727 0.72475289],3,-1,-1,1,-1
28156,[0.58231086 0.49249887],3,-1,-1,1,-1
28157,[0.68031212 0.67100782],3,3,"[0.6601234827680622, 0.6109507568947781]",1,-1
28158,[0.68498194 0.60639037],3,3,"[0.6601234827680622, 0.6109507568947781]",1,5
28159,[0.41222014 0.49557613],0,-1,-1,1,-1
28160,[0.81794366 0.71793312],2,0,"[0.7890750777399501, 0.6799557517006445]",1,-1
28161,[0.71807167 0.54051207],3,-1,-1,1,-1
28162,[0.62552687 0.66818688],3,3,"[0.6601234827680622, 0.6109507568947781]",1,-1
28163,[0.6453428  0.59518177],3,3,"[0.6601234827680622, 0.6109507568947781]",1,-1
28164,[0.7645824  0.56760237],3,-1,-1,1,-1
28165,[0.28803381 0.17825214],1,2,"[0.294379027732062, 0.1921773781634303]",0,0
28166,[0.67100091 0.53169804],3,-1,-1,1,-1
28167,[0.30173553 0.61843382],0,-1,-1,1,-1
28168,[0.25984902 0.61147215],0,-1,-1,1,-1
28169,[0.42027363 0.56247185],0,1,"[0.37965276877051146, 0.575157747726818]",1,-1
28170,[0.26427076 0.18458318],1,2,"[0.294379027732062, 0.1921773781634303]",0,0
28171,[0.81356402 0.7762169 ],2,-1,-1,1,-1
28172,[0.7215995  0.60966153],2,3,"[0.6601234827680622, 0.6109507568947781]",1,-1
28173,[0.30800378 0.152147  ],1,2,"[0.294379027732062, 0.1921773781634303]",0,0
28174,[0.35781846 0.22175023],1,2,"[0.294379027732062, 0.1921773781634303]",0,0
28175,[0.3908844  0.59606212],0,1,"[0.37965276877051146, 0.575157747726818]",1,-1
28176,[0.7929889  0.60634991],2,-1,-1,1,-1
28177,[0.78037662 0.59655716],2,-1,-1,1,-1
28178,[0.62949772 0.55868798],3,3,"[0.6601234827680622, 0.6109507568947781]",1,-1
28179,[0.77574201 0.68683381],2,0,"[0.7890750777399501, 0.6799557517006445]",1,-1
28180,[0.62335087 0.58822619],3,3,"[0.6601234827680622, 0.6109507568947781]",1,-1
28181,[0.40637174 0.18634766],1,-1,-1,0,0
28182,[0.34261388 0.1501058 ],1,2,"[0.294379027732062, 0.1921773781634303]",0,0
28183,[0.79710364 0.70856318],2,0,"[0.7890750777399501, 0.6799557517006445]",1,-1
28184,[0.2117792  0.21009633],1,-1,-1,0,0
28185,[0.24786555 0.18064615],1,2,"[0.294379027732062, 0.1921773781634303]",0,0
28186,[0.45167465 0.2862234 ],1,-1,-1,0,-1
28187,[0.22025337 0.20110941],1,-1,-1,0,0
28188,[0.34508411 0.2046622 ],1,2,"[0.294379027732062, 0.1921773781634303]",0,0
28189,[0.72672083 0.6058592 ],3,3,"[0.6601234827680622, 0.6109507568947781]",1,-1
28190,[0.67472472 0.63080165],3,3,"[0.6601234827680622, 0.6109507568947781]",1,7
28191,[0.79066173 0.73248286],2,0,"[0.7890750777399501, 0.6799557517006445]",1,-1
28192,[0.69110071 0.56296415],3,3,"[0.6601234827680622, 0.6109507568947781]",1,-1
28193,[0.37393506 0.56036704],0,1,"[0.37965276877051146, 0.575157747726818]",1,-1
28194,[0.77635961 0.67817691],2,0,"[0.7890750777399501, 0.6799557517006445]",1,-1
28195,[0.79834064 0.57396488],2,-1,-1,1,-1
28196,[0.37888484 0.56915901],0,1,"[0.37965276877051146, 0.575157747726818]",1,-1
28197,[0.75996385 0.77934295],2,-1,-1,1,-1
28198,[0.66394011 0.62891908],3,3,"[0.6601234827680622, 0.6109507568947781]",1,7
28199,[0.76690038 0.69994477],2,0,"[0.7890750777399501, 0.6799557517006445]",1,-1
28200,[0.71123972 0.64341597],3,3,"[0.6601234827680622, 0.6109507568947781]",1,-1
28201,[0.28339248 0.24153352],1,2,"[0.294379027732062, 0.1921773781634303]",0,0
28202,[0.82811566 0.73143275],2,0,"[0.7890750777399501, 0.6799557517006445]",1,-1
28203,[0.80982783 0.65486771],2,0,"[0.7890750777399501, 0.6799557517006445]",1,-1
28204,[0.6751498  0.65002191],3,3,"[0.6601234827680622, 0.6109507568947781]",1,-1
28205,[0.29304858 0.19813108],1,2,"[0.294379027732062, 0.1921773781634303]",0,0
28206,[0.7365635  0.72918485],2,-1,-1,1,-1
28207,[0.56374537 0.6942335 ],3,-1,-1,1,-1
28208,[0.36894271 0.58473184],0,1,"[0.37965276877051146, 0.575157747726818]",1,-1
28209,[0.79248706 0.62644703],2,0,"[0.7890750777399501, 0.6799557517006445]",1,-1
28210,[0.75720003 0.70546539],2,0,"[0.7890750777399501, 0.6799557517006445]",1,-1
28211,[0.61672892 0.5540506 ],3,-1,-1,1,-1
28212,[0.35718919 0.6016811 ],0,1,"[0.37965276877051146, 0.575157747726818]",1,-1
28213,[0.71543391 0.5787361 ],3,3,"[0.6601234827680622, 0.6109507568947781]",1,-1
28214,[0.36968207 0.67767016],0,-1,-1,1,-1
28215,[0.31829055 0.58958452],0,1,"[0.37965276877051146, 0.575157747726818]",1,-1
28216,[0.39479061 0.60084143],0,1,"[0.37965276877051146, 0.575157747726818]",1,-1
28217,[0.3288458  0.15781021],1,2,"[0.294379027732062, 0.1921773781634303]",0,0
28218,[0.76213924 0.61234197],2,-1,-1,1,-1
28219,[0.35261606 0.65226649],0,-1,-1,1,-1
28220,[0.6761545 0.5512953],3,3,"[0.6601234827680622, 0.6109507568947781]",1,-1
28221,[0.73125652 0.61846955],3,-1,-1,1,-1
28222,[0.6557801  0.70624756],3,-1,-1,1,-1
28223,[0.79119627 0.70761875],2,0,"[0.7890750777399501, 0.6799557517006445]",1,-1
28224,[0.39225974 0.60313457],0,1,"[0.37965276877051146, 0.575157747726818]",1,-1
28225,[0.30051811 0.55117017],0,-1,-1,1,-1
28226,[0.62759469 0.50940938],3,-1,-1,1,-1
28227,[0.40796392 0.53708196],0,1,"[0.37965276877051146, 0.575157747726818]",1,-1
28228,[0.37984184 0.57353338],0,1,"[0.37965276877051146, 0.575157747726818]",1,1
28229,[0.39734733 0.5307544 ],0,1,"[0.37965276877051146, 0.575157747726818]",1,-1
28230,[0.28234624 0.11677383],1,-1,-1,0,0
28231,[0.69332323 0.64886645],3,3,"[0.6601234827680622, 0.6109507568947781]",1,-1
28232,[0.39397105 0.16303841],1,-1,-1,0,0
28233,[0.41078386 0.59297497],0,1,"[0.37965276877051146, 0.575157747726818]",1,-1
28234,[0.81233835 0.70586726],2,0,"[0.7890750777399501, 0.6799557517006445]",1,-1
28235,[0.63271297 0.58761335],3,3,"[0.6601234827680622, 0.6109507568947781]",1,-1
28236,[0.26181746 0.21036016],1,2,"[0.294379027732062, 0.1921773781634303]",0,0
28237,[0.59764087 0.62731946],3,3,"[0.6601234827680622, 0.6109507568947781]",1,-1
28238,[0.61416315 0.56887654],3,3,"[0.6601234827680622, 0.6109507568947781]",1,-1
28239,[0.30990531 0.17026362],1,2,"[0.294379027732062, 0.1921773781634303]",0,0
28240,[0.34312205 0.58643834],0,1,"[0.37965276877051146, 0.575157747726818]",1,-1
28241,[0.68839201 0.64514127],3,3,"[0.6601234827680622, 0.6109507568947781]",1,-1
28242,[0.33267835 0.21756919],1,2,"[0.294379027732062, 0.1921773781634303]",0,0
28243,[0.28356837 0.62131762],0,-1,-1,1,-1
28244,[0.29467858 0.22109039],1,2,"[0.294379027732062, 0.1921773781634303]",0,0
28245,[0.89573588 0.70785355],2,-1,-1,1,-1
28246,[0.35973864 0.22097751],1,-1,-1,0,0
28247,[0.76494466 0.60283982],2,-1,-1,1,-1
28248,[0.3712943 0.5199988],0,1,"[0.37965276877051146, 0.575157747726818]",1,-1
28249,[0.75247724 0.66202964],2,0,"[0.7890750777399501, 0.6799557517006445]",1,-1
28250,[0.24133055 0.18675921],1,2,"[0.294379027732062, 0.1921773781634303]",0,0
28251,[0.58627552 0.62931321],3,-1,-1,1,-1
28252,[0.66152999 0.73522529],2,-1,-1,1,-1
28253,[0.262196   0.20899961],1,2,"[0.294379027732062, 0.1921773781634303]",0,0
28254,[0.59250326 0.64314116],3,-1,-1,1,-1
28255,[0.79488612 0.67934215],2,0,"[0.7890750777399501, 0.6799557517006445]",1,-1
28256,[0.42383985 0.59822514],0,1,"[0.37965276877051146, 0.575157747726818]",1,-1
28257,[0.71024009 0.6523973 ],3,3,"[0.6601234827680622, 0.6109507568947781]",1,-1
28258,[0.23906375 0.18071828],1,2,"[0.294379027732062, 0.1921773781634303]",0,0
28259,[0.23163142 0.24201524],1,-1,-1,0,0
28260,[0.30136978 0.08223997],1,-1,-1,0,0
28261,[0.40153047 0.59825973],0,1,"[0.37965276877051146, 0.575157747726818]",1,-1
28262,[0.83589139 0.71909295],2,0,"[0.7890750777399501, 0.6799557517006445]",1,-1
28263,[0.2595092  0.21027619],1,2,"[0.294379027732062, 0.1921773781634303]",0,0
28264,[0.666925   0.61726385],3,3,"[0.6601234827680622, 0.6109507568947781]",1,-1
28265,[0.46361047 0.53991618],0,-1,-1,1,-1
28266,[0.28981935 0.20648727],1,2,"[0.294379027732062, 0.1921773781634303]",0,0
28267,[0.42618549 0.59666501],0,1,"[0.37965276877051146, 0.575157747726818]",1,-1
28268,[0.61381485 0.58247654],3,3,"[0.6601234827680622, 0.6109507568947781]",1,-1
28269,[0.6925491  0.61983562],3,3,"[0.6601234827680622, 0.6109507568947781]",1,-1
28270,[0.85659731 0.70975945],2,-1,-1,1,-1
28271,[0.63237686 0.61842825],3,3,"[0.6601234827680622, 0.6109507568947781]",1,-1
28272,[0.26729669 0.199435  ],1,2,"[0.294379027732062, 0.1921773781634303]",0,0
28273,[0.86925289 0.67383253],2,-1,-1,1,-1
28274,[0.29229726 0.23539114],1,2,"[0.294379027732062, 0.1921773781634303]",0,0
28275,[0.71635106 0.60501383],3,3,"[0.6601234827680622, 0.6109507568947781]",1,-1
28276,[0.8730671  0.65534549],2,-1,-1,1,-1
28277,[0.6393736  0.69068443],3,-1,-1,1,-1
28278,[0.73460386 0.58665889],3,-1,-1,1,-1
28279,[0.63409921 0.62318228],3,3,"[0.6601234827680622, 0.6109507568947781]",1,-1
28280,[0.39957345 0.59024367],0,1,"[0.37965276877051146, 0.575157747726818]",1,-1
28281,[0.37915723 0.52110652],0,1,"[0.37965276877051146, 0.575157747726818]",1,-1
28282,[0.19615638 0.08466364],1,-1,-1,0,0
28283,[0.29416803 0.57444832],0,-1,-1,1,-1
28284,[0.61099505 0.58574718],3,3,"[0.6601234827680622, 0.6109507568947781]",1,-1
28285,[0.34506272 0.62103341],0,1,"[0.37965276877051146, 0.575157747726818]",1,-1
28286,[0.75352893 0.63271482],2,0,"[0.7890750777399501, 0.6799557517006445]",1,-1
28287,[0.2748138  0.12440387],1,-1,-1,0,0
28288,[0.2223985  0.24459227],1,-1,-1,0,0
28289,[0.62883091 0.72591379],2,-1,-1,1,-1
28290,[0.85121903 0.67664086],2,0,"[0.7890750777399501, 0.6799557517006445]",1,-1
28291,[0.21454848 0.20843555],1,-1,-1,0,0
28292,[0.82284358 0.5838484 ],2,-1,-1,1,-1
28293,[0.79487121 0.69711074],2,0,"[0.7890750777399501, 0.6799557517006445]",1,-1
28294,[0.7889168  0.56922409],2,-1,-1,1,-1
28295,[0.26227069 0.17470354],1,2,"[0.294379027732062, 0.1921773781634303]",0,0
28296,[0.69336744 0.51743592],3,-1,-1,1,-1
28297,[0.30586841 0.17950253],1,2,"[0.294379027732062, 0.1921773781634303]",0,0
28298,[0.24315464 0.13328977],1,-1,-1,0,0
28299,[0.27025764 0.24326662],1,2,"[0.294379027732062, 0.1921773781634303]",0,0
28300,[0.40100881 0.55029308],0,1,"[0.37965276877051146, 0.575157747726818]",1,-1
28301,[0.42634028 0.63763371],0,-1,-1,1,-1
28302,[0.375449   0.56453552],0,1,"[0.37965276877051146, 0.575157747726818]",1,-1
28303,[0.72657494 0.62966342],3,3,"[0.6601234827680622, 0.6109507568947781]",1,-1
28304,[0.34383822 0.15838534],1,2,"[0.294379027732062, 0.1921773781634303]",0,0
28305,[0.37425287 0.58516094],0,1,"[0.37965276877051146, 0.575157747726818]",1,-1
28306,[0.71315386 0.72750678],2,-1,-1,1,-1
28307,[0.39876439 0.5961413 ],0,1,"[0.37965276877051146, 0.575157747726818]",1,-1
28308,[0.36346255 0.18210157],1,2,"[0.294379027732062, 0.1921773781634303]",0,0
28309,[0.66650369 0.6090213 ],3,3,"[0.6601234827680622, 0.6109507568947781]",1,-1
28310,[0.83186288 0.70022734],2,0,"[0.7890750777399501, 0.6799557517006445]",1,-1
28311,[0.45299992 0.55681733],0,-1,-1,1,-1
28312,[0.69416924 0.67004529],3,3,"[0.6601234827680622, 0.6109507568947781]",1,-1
28313,[0.23504994 0.20686129],1,2,"[0.294379027732062, 0.1921773781634303]",0,0
28314,[0.77536969 0.73768875],2,0,"[0.7890750777399501, 0.6799557517006445]",1,-1
28315,[0.32957559 0.21324268],1,2,"[0.294379027732062, 0.1921773781634303]",0,0
28316,[0.30166912 0.14710532],1,2,"[0.294379027732062, 0.1921773781634303]",0,0
28317,[0.33515854 0.1443916 ],1,2,"[0.294379027732062, 0.1921773781634303]",0,0
28318,[0.60929835 0.48658656],3,-1,-1,1,-1
28319,[0.40828206 0.59863332],0,1,"[0.37965276877051146, 0.575157747726818]",1,-1
28320,[0.60644042 0.6373739 ],3,3,"[0.6601234827680622, 0.6109507568947781]",1,-1
28321,[0.39021755 0.19206463],1,-1,-1,0,0
28322,[0.76781265 0.75497418],2,-1,-1,1,-1
28323,[0.24948392 0.22648878],1,2,"[0.294379027732062, 0.1921773781634303]",0,0
28324,[0.44513987 0.59011621],0,1,"[0.37965276877051146, 0.575157747726818]",1,-1
28325,[0.38352088 0.53294102],0,1,"[0.37965276877051146, 0.575157747726818]",1,-1
28326,[0.74150306 0.7700281 ],2,-1,-1,1,-1
28327,[0.6506756  0.66427949],3,3,"[0.6601234827680622, 0.6109507568947781]",1,-1
28328,[0.39237025 0.54805437],0,1,"[0.37965276877051146, 0.575157747726818]",1,-1
28329,[0.35061337 0.27263211],1,-1,-1,0,0
28330,[0.34068087 0.60181637],0,1,"[0.37965276877051146, 0.575157747726818]",1,-1
28331,[0.28647961 0.19166745],1,2,"[0.294379027732062, 0.1921773781634303]",0,0
28332,[0.37900635 0.60859487],0,1,"[0.37965276877051146, 0.575157747726818]",1,-1
28333,[0.26090592 0.1285477 ],1,-1,-1,0,0
28334,[0.22121694 0.13936423],1,-1,-1,0,0
28335,[0.81612575 0.72479749],2,0,"[0.7890750777399501, 0.6799557517006445]",1,-1
28336,[0.31137354 0.24410307],1,2,"[0.294379027732062, 0.1921773781634303]",0,0
28337,[0.38066894 0.64023938],0,1,"[0.37965276877051146, 0.575157747726818]",1,-1
28338,[0.80549264 0.57581471],2,-1,-1,1,-1
28339,[0.70338531 0.60405682],2,3,"[0.6601234827680622, 0.6109507568947781]",1,-1
28340,[0.8277188  0.64658606],2,0,"[0.7890750777399501, 0.6799557517006445]",1,-1
28341,[0.39814505 0.61480107],0,1,"[0.37965276877051146, 0.575157747726818]",1,-1
28342,[0.40105882 0.53796071],0,1,"[0.37965276877051146, 0.575157747726818]",1,-1
28343,[0.36463635 0.12314632],1,-1,-1,0,0
28344,[0.42527832 0.52874673],0,1,"[0.37965276877051146, 0.575157747726818]",1,-1
28345,[0.2535843  0.20793899],1,2,"[0.294379027732062, 0.1921773781634303]",0,0
28346,[0.90697551 0.76322027],2,-1,-1,1,-1
28347,[0.72360502 0.57371859],3,-1,-1,1,-1
28348,[0.8522545  0.70638164],2,0,"[0.7890750777399501, 0.6799557517006445]",1,-1
28349,[0.63681804 0.67021391],3,3,"[0.6601234827680622, 0.6109507568947781]",1,-1
28350,[0.39500812 0.59005481],0,1,"[0.37965276877051146, 0.575157747726818]",1,-1
28351,[0.26764954 0.18751891],1,2,"[0.294379027732062, 0.1921773781634303]",0,0
28352,[0.79571348 0.69232709],2,0,"[0.7890750777399501, 0.6799557517006445]",1,-1
28353,[0.22471231 0.14949592],1,-1,-1,0,0
28354,[0.77990495 0.70733271],2,0,"[0.7890750777399501, 0.6799557517006445]",1,-1
28355,[0.37829132 0.61287324],0,1,"[0.37965276877051146, 0.575157747726818]",1,-1
28356,[0.39516097 0.54852047],0,1,"[0.37965276877051146, 0.575157747726818]",1,-1
28357,[0.64937221 0.69439233],3,-1,-1,1,-1
28358,[0.45655437 0.58228646],0,-1,-1,1,-1
28359,[0.89351636 0.64643088],2,-1,-1,1,-1
28360,[0.30246611 0.21545041],1,2,"[0.294379027732062, 0.1921773781634303]",0,0
28361,[0.65065968 0.69632893],3,-1,-1,1,-1
28362,[0.36779582 0.19739434],1,-1,-1,0,0
28363,[0.28437324 0.1278884 ],1,2,"[0.294379027732062, 0.1921773781634303]",0,0
28364,[0.25493713 0.18487734],1,2,"[0.294379027732062, 0.1921773781634303]",0,0
28365,[0.38493154 0.54251746],0,1,"[0.37965276877051146, 0.575157747726818]",1,-1
28366,[0.77617053 0.71247697],2,0,"[0.7890750777399501, 0.6799557517006445]",1,-1
28367,[0.35938025 0.62446855],0,1,"[0.37965276877051146, 0.575157747726818]",1,-1
28368,[0.3206209  0.19738101],1,2,"[0.294379027732062, 0.1921773781634303]",0,0
28369,[0.76196727 0.59474286],3,-1,-1,1,-1
28370,[0.28831743 0.23842298],1,2,"[0.294379027732062, 0.1921773781634303]",0,0
28371,[0.85249061 0.69522049],2,0,"[0.7890750777399501, 0.6799557517006445]",1,-1
28372,[0.4181275  0.53231837],0,1,"[0.37965276877051146, 0.575157747726818]",1,-1
28373,[0.62799487 0.63689408],3,3,"[0.6601234827680622, 0.6109507568947781]",1,-1
28374,[0.3220438  0.57582218],0,1,"[0.37965276877051146, 0.575157747726818]",1,-1
28375,[0.22218804 0.16713805],1,-1,-1,0,0
28376,[0.79497135 0.7114614 ],2,0,"[0.7890750777399501, 0.6799557517006445]",1,-1
28377,[0.35263938 0.29138011],1,-1,-1,0,0
28378,[0.15927259 0.25683206],1,-1,-1,0,0
28379,[0.74833579 0.70016882],2,0,"[0.7890750777399501, 0.6799557517006445]",1,-1
28380,[0.57721269 0.59658896],3,-1,-1,1,-1
28381,[0.79751491 0.72140075],2,0,"[0.7890750777399501, 0.6799557517006445]",1,-1
28382,[0.75822806 0.72202884],2,0,"[0.7890750777399501, 0.6799557517006445]",1,-1
28383,[0.30321183 0.17551099],1,2,"[0.294379027732062, 0.1921773781634303]",0,0
28384,[0.58409232 0.56464091],3,-1,-1,1,-1
28385,[0.24703377 0.23462186],1,2,"[0.294379027732062, 0.1921773781634303]",0,0
28386,[0.71798463 0.66009056],2,-1,-1,1,-1
28387,[0.56182831 0.58304073],3,-1,-1,1,-1
28388,[0.68090257 0.62055478],3,3,"[0.6601234827680622, 0.6109507568947781]",1,7
28389,[0.88585495 0.62371638],2,-1,-1,1,-1
28390,[0.30473266 0.22171047],1,2,"[0.294379027732062, 0.1921773781634303]",0,0
28391,[0.34325163 0.56390077],0,1,"[0.37965276877051146, 0.575157747726818]",1,-1
28392,[0.67960352 0.75314528],2,-1,-1,1,-1
28393,[0.42006607 0.65126214],0,-1,-1,1,-1
28394,[0.63728448 0.58283989],3,3,"[0.6601234827680622, 0.6109507568947781]",1,-1
28395,[0.36366763 0.27417696],1,-1,-1,0,0
28396,[0.34273771 0.22692266],1,2,"[0.294379027732062, 0.1921773781634303]",0,0
28397,[0.25363676 0.14059647],1,2,"[0.294379027732062, 0.1921773781634303]",0,0
28398,[0.42974702 0.59288393],0,1,"[0.37965276877051146, 0.575157747726818]",1,-1
28399,[0.30377502 0.21749271],1,2,"[0.294379027732062, 0.1921773781634303]",0,0
28400,[0.93398508 0.73761627],2,-1,-1,1,-1
28401,[0.41934846 0.5074327 ],0,-1,-1,1,-1
28402,[0.25330865 0.10228223],1,-1,-1,0,0
28403,[0.72108154 0.61100578],3,3,"[0.6601234827680622, 0.6109507568947781]",1,-1
28404,[0.32481873 0.20551898],1,2,"[0.294379027732062, 0.1921773781634303]",0,0
28405,[0.27768725 0.50477453],0,-1,-1,1,-1
28406,[0.34897658 0.20515555],1,2,"[0.294379027732062, 0.1921773781634303]",0,0
28407,[0.39974813 0.63749419],0,1,"[0.37965276877051146, 0.575157747726818]",1,-1
28408,[0.3373191  0.21925715],1,2,"[0.294379027732062, 0.1921773781634303]",0,0
28409,[0.3630768  0.18955022],1,2,"[0.294379027732062, 0.1921773781634303]",0,0
28410,[0.87557686 0.71939955],2,-1,-1,1,-1
28411,[0.28625799 0.1691765 ],1,2,"[0.294379027732062, 0.1921773781634303]",0,0
28412,[0.66154711 0.55185907],3,3,"[0.6601234827680622, 0.6109507568947781]",1,-1
28413,[0.68000002 0.67714823],3,3,"[0.6601234827680622, 0.6109507568947781]",1,-1
28414,[0.83994367 0.71229177],2,0,"[0.7890750777399501, 0.6799557517006445]",1,-1
28415,[0.7515083  0.66590798],2,0,"[0.7890750777399501, 0.6799557517006445]",1,-1
28416,[0.8115277  0.67618366],2,0,"[0.7890750777399501, 0.6799557517006445]",1,-1
28417,[0.86481227 0.67716579],2,-1,-1,1,-1
28418,[0.31360868 0.17232739],1,2,"[0.294379027732062, 0.1921773781634303]",0,0
28419,[0.33229354 0.57102367],0,1,"[0.37965276877051146, 0.575157747726818]",1,-1
28420,[0.6609371  0.63084346],3,3,"[0.6601234827680622, 0.6109507568947781]",1,-1
28421,[0.47723583 0.48130933],0,-1,-1,1,-1
28422,[0.42691242 0.64402669],0,-1,-1,1,-1
28423,[0.77962636 0.71104323],2,0,"[0.7890750777399501, 0.6799557517006445]",1,-1
28424,[0.41908082 0.52946733],0,1,"[0.37965276877051146, 0.575157747726818]",1,-1
28425,[0.26914956 0.19115385],1,2,"[0.294379027732062, 0.1921773781634303]",0,0
28426,[0.33799842 0.1595434 ],1,2,"[0.294379027732062, 0.1921773781634303]",0,0
28427,[0.78798988 0.6210015 ],3,0,"[0.7890750777399501, 0.6799557517006445]",1,-1
28428,[0.79309929 0.75306193],2,-1,-1,1,-1
28429,[0.28500909 0.2543244 ],1,2,"[0.294379027732062, 0.1921773781634303]",0,0
28430,[0.72609353 0.68089868],2,0,"[0.7890750777399501, 0.6799557517006445]",1,-1
28431,[0.74808533 0.76634755],2,-1,-1,1,-1
28432,[0.43442135 0.53258684],0,1,"[0.37965276877051146, 0.575157747726818]",1,-1
28433,[0.58916757 0.59161517],3,-1,-1,1,-1
28434,[0.33930876 0.20150441],1,2,"[0.294379027732062, 0.1921773781634303]",0,0
28435,[0.64515064 0.74765939],3,-1,-1,1,-1
28436,[0.3529836  0.50703485],0,-1,-1,1,-1
28437,[0.27206675 0.21023078],1,2,"[0.294379027732062, 0.1921773781634303]",0,0
28438,[0.76989426 0.61006677],2,-1,-1,1,-1
28439,[0.31357368 0.27580584],1,-1,-1,0,0
28440,[0.29876605 0.12065558],1,-1,-1,0,0
28441,[0.22459713 0.21795469],1,-1,-1,0,0
28442,[0.31189784 0.23167409],1,2,"[0.294379027732062, 0.1921773781634303]",0,0
28443,[0.31179311 0.61393627],0,-1,-1,1,-1
28444,[0.24672866 0.17220182],1,2,"[0.294379027732062, 0.1921773781634303]",0,0
28445,[0.2806988  0.57181055],0,-1,-1,1,-1
28446,[0.39139451 0.13711753],1,-1,-1,0,0
28447,[0.70656811 0.64934666],3,3,"[0.6601234827680622, 0.6109507568947781]",1,-1
28448,[0.65571678 0.65785236],3,3,"[0.6601234827680622, 0.6109507568947781]",1,-1
28449,[0.58886772 0.54252455],3,-1,-1,1,-1
28450,[0.79132935 0.70155937],2,0,"[0.7890750777399501, 0.6799557517006445]",1,-1
28451,[0.36473022 0.15452782],1,-1,-1,0,0
28452,[0.64309246 0.5346411 ],3,-1,-1,1,-1
28453,[0.26318019 0.20982104],1,2,"[0.294379027732062, 0.1921773781634303]",0,0
28454,[0.79986422 0.65236041],2,0,"[0.7890750777399501, 0.6799557517006445]",1,-1
28455,[0.66382874 0.59393815],3,3,"[0.6601234827680622, 0.6109507568947781]",1,-1
28456,[0.28382875 0.55790889],0,-1,-1,1,-1
28457,[0.87001174 0.71629114],2,-1,-1,1,-1
28458,[0.85659725 0.633628  ],2,-1,-1,1,-1
28459,[0.47128859 0.56250048],0,-1,-1,1,-1
28460,[0.35698973 0.16397109],1,2,"[0.294379027732062, 0.1921773781634303]",0,0
28461,[0.81693606 0.69813632],2,0,"[0.7890750777399501, 0.6799557517006445]",1,-1
28462,[0.30242049 0.18531658],1,2,"[0.294379027732062, 0.1921773781634303]",0,0
28463,[0.67014165 0.62160089],3,3,"[0.6601234827680622, 0.6109507568947781]",1,-1
28464,[0.48732811 0.54530432],0,-1,-1,1,-1
28465,[0.37733143 0.51381489],0,1,"[0.37965276877051146, 0.575157747726818]",1,-1
28466,[0.3072159  0.64222809],0,-1,-1,1,-1
28467,[0.51905761 0.55864407],3,-1,-1,1,-1
28468,[0.83645988 0.68598814],2,0,"[0.7890750777399501, 0.6799557517006445]",1,-1
28469,[0.22441828 0.19472459],1,-1,-1,0,0
28470,[0.35098356 0.56818675],0,1,"[0.37965276877051146, 0.575157747726818]",1,-1
28471,[0.60820506 0.56856585],3,3,"[0.6601234827680622, 0.6109507568947781]",1,-1
28472,[0.34157799 0.53051909],0,1,"[0.37965276877051146, 0.575157747726818]",1,-1
28473,[0.60463525 0.65713986],3,-1,-1,1,-1
28474,[0.22063433 0.26121287],1,-1,-1,0,0
28475,[0.80213571 0.73490966],2,0,"[0.7890750777399501, 0.6799557517006445]",1,-1
28476,[0.29987586 0.16516102],1,2,"[0.294379027732062, 0.1921773781634303]",0,0
28477,[0.67218783 0.69212   ],3,-1,-1,1,-1
28478,[0.36991321 0.53314454],0,1,"[0.37965276877051146, 0.575157747726818]",1,-1
28479,[0.73221855 0.68205959],2,0,"[0.7890750777399501, 0.6799557517006445]",1,-1
28480,[0.71817681 0.6838871 ],2,-1,-1,1,-1
28481,[0.25753119 0.2147377 ],1,2,"[0.294379027732062, 0.1921773781634303]",0,0
28482,[0.63589408 0.57441508],3,3,"[0.6601234827680622, 0.6109507568947781]",1,-1
28483,[0.31577496 0.15129529],1,2,"[0.294379027732062, 0.1921773781634303]",0,0
28484,[0.64439501 0.57863714],3,3,"[0.6601234827680622, 0.6109507568947781]",1,-1
28485,[0.60197914 0.58454546],3,3,"[0.6601234827680622, 0.6109507568947781]",1,-1
28486,[0.65501077 0.73071014],2,-1,-1,1,-1
28487,[0.75208455 0.66586122],2,0,"[0.7890750777399501, 0.6799557517006445]",1,-1
28488,[0.72334796 0.61976709],2,3,"[0.6601234827680622, 0.6109507568947781]",1,-1
28489,[0.33850179 0.56170332],0,1,"[0.37965276877051146, 0.575157747726818]",1,-1
28490,[0.36086342 0.24752812],1,-1,-1,0,0
28491,[0.53662786 0.59628638],3,-1,-1,1,-1
28492,[0.25868272 0.23710012],1,2,"[0.294379027732062, 0.1921773781634303]",0,0
28493,[0.58035826 0.58913205],3,-1,-1,1,-1
28494,[0.83743889 0.62061328],2,-1,-1,1,-1
28495,[0.66306614 0.69705305],3,-1,-1,1,-1
28496,[0.37333106 0.58639418],0,1,"[0.37965276877051146, 0.575157747726818]",1,-1
28497,[0.25596348 0.13354363],1,-1,-1,0,0
28498,[0.21334172 0.20299544],1,-1,-1,0,0
28499,[0.3308404  0.13820621],1,2,"[0.294379027732062, 0.1921773781634303]",0,0
28500,[0.38635067 0.57483153],0,1,"[0.37965276877051146, 0.575157747726818]",1,-1
28501,[0.72531172 0.5841595 ],3,-1,-1,1,-1
28502,[0.35841636 0.17340302],1,2,"[0.294379027732062, 0.1921773781634303]",0,0
28503,[0.69771532 0.7042787 ],2,-1,-1,1,-1
28504,[0.78858705 0.66011562],2,0,"[0.7890750777399501, 0.6799557517006445]",1,-1
28505,[0.66016317 0.58520759],3,3,"[0.6601234827680622, 0.6109507568947781]",1,6
28506,[0.69558822 0.64601025],3,3,"[0.6601234827680622, 0.6109507568947781]",1,-1
28507,[0.34018918 0.22204516],1,2,"[0.294379027732062, 0.1921773781634303]",0,0
28508,[0.75412274 0.62919524],2,0,"[0.7890750777399501, 0.6799557517006445]",1,-1
28509,[0.38310212 0.18632625],1,-1,-1,0,0
28510,[0.34996299 0.58942937],0,1,"[0.37965276877051146, 0.575157747726818]",1,-1
28511,[0.7136273  0.70069662],2,-1,-1,1,-1
28512,[0.65646263 0.56373259],3,3,"[0.6601234827680622, 0.6109507568947781]",1,-1
28513,[0.38552127 0.5533728 ],0,1,"[0.37965276877051146, 0.575157747726818]",1,-1
28514,[0.30933366 0.69268981],0,-1,-1,1,-1
28515,[0.29028853 0.25994718],1,2,"[0.294379027732062, 0.1921773781634303]",0,0
28516,[0.65172236 0.52318691],3,-1,-1,1,-1
28517,[0.3162781  0.15286077],1,2,"[0.294379027732062, 0.1921773781634303]",0,0
28518,[0.34221897 0.63551653],0,-1,-1,1,-1
28519,[0.76130762 0.63226041],3,0,"[0.7890750777399501, 0.6799557517006445]",1,-1
28520,[0.58530889 0.5672406 ],3,-1,-1,1,-1
28521,[0.77835012 0.70092401],2,0,"[0.7890750777399501, 0.6799557517006445]",1,-1
28522,[0.6301179  0.64434846],3,3,"[0.6601234827680622, 0.6109507568947781]",1,-1
28523,[0.42858366 0.57010151],0,1,"[0.37965276877051146, 0.575157747726818]",1,-1
28524,[0.38063532 0.61625537],0,1,"[0.37965276877051146, 0.575157747726818]",1,-1
28525,[0.29944336 0.18812416],1,2,"[0.294379027732062, 0.1921773781634303]",0,0
28526,[0.29123653 0.13703246],1,2,"[0.294379027732062, 0.1921773781634303]",0,0
28527,[0.30802719 0.22622577],1,2,"[0.294379027732062, 0.1921773781634303]",0,0
28528,[0.25783115 0.18807536],1,2,"[0.294379027732062, 0.1921773781634303]",0,0
28529,[0.7206068  0.65017777],3,-1,-1,1,-1
28530,[0.60038363 0.52530457],3,-1,-1,1,-1
28531,[0.40473511 0.50662727],0,-1,-1,1,-1
28532,[0.69381712 0.56313066],3,3,"[0.6601234827680622, 0.6109507568947781]",1,-1
28533,[0.3241272  0.26100742],1,-1,-1,0,0
28534,[0.33090644 0.64299424],0,-1,-1,1,-1
28535,[0.66693274 0.56482789],3,3,"[0.6601234827680622, 0.6109507568947781]",1,-1
28536,[0.37113814 0.12171319],1,-1,-1,0,0
28537,[0.79155274 0.60720067],2,-1,-1,1,-1
28538,[0.59770172 0.58348217],3,3,"[0.6601234827680622, 0.6109507568947781]",1,-1
28539,[0.39994139 0.55251117],0,1,"[0.37965276877051146, 0.575157747726818]",1,-1
28540,[0.5803137  0.62171844],3,-1,-1,1,-1
28541,[0.289891   0.18496875],1,2,"[0.294379027732062, 0.1921773781634303]",0,0
28542,[0.29876403 0.171109  ],1,2,"[0.294379027732062, 0.1921773781634303]",0,0
28543,[0.36433998 0.43967927],0,-1,-1,1,-1
28544,[0.41968475 0.20118039],1,-1,-1,0,0
28545,[0.5522525  0.62996223],3,-1,-1,1,-1
28546,[0.7369323  0.56168812],3,-1,-1,1,-1
28547,[0.67962963 0.60377357],3,3,"[0.6601234827680622, 0.6109507568947781]",1,5
28548,[0.21999622 0.15624469],1,-1,-1,0,0
28549,[0.69750607 0.65019539],3,3,"[0.6601234827680622, 0.6109507568947781]",1,-1
28550,[0.41737191 0.54225145],0,1,"[0.37965276877051146, 0.575157747726818]",1,-1
28551,[0.79257428 0.61062319],2,0,"[0.7890750777399501, 0.6799557517006445]",1,-1
28552,[0.54385716 0.57656483],3,-1,-1,1,-1
28553,[0.36417498 0.59211134],0,1,"[0.37965276877051146, 0.575157747726818]",1,-1
28554,[0.60330161 0.63718712],3,3,"[0.6601234827680622, 0.6109507568947781]",1,-1
28555,[0.80405406 0.66132101],2,0,"[0.7890750777399501, 0.6799557517006445]",1,-1
28556,[0.36673806 0.61653732],0,1,"[0.37965276877051146, 0.575157747726818]",1,-1
28557,[0.2991505  0.15908456],1,2,"[0.294379027732062, 0.1921773781634303]",0,0
28558,[0.72580579 0.66977117],2,0,"[0.7890750777399501, 0.6799557517006445]",1,-1
28559,[0.68879376 0.61652602],3,3,"[0.6601234827680622, 0.6109507568947781]",1,-1
28560,[0.69072685 0.64904751],3,3,"[0.6601234827680622, 0.6109507568947781]",1,-1
28561,[0.7773597  0.73335133],2,0,"[0.7890750777399501, 0.6799557517006445]",1,-1
28562,[0.43746227 0.54047389],0,1,"[0.37965276877051146, 0.575157747726818]",1,-1
28563,[0.33613635 0.14980019],1,2,"[0.294379027732062, 0.1921773781634303]",0,0
28564,[0.245023   0.37790678],1,-1,-1,0,-1
28565,[0.37743248 0.1701981 ],1,-1,-1,0,0
28566,[0.32955436 0.625785  ],0,-1,-1,1,-1
28567,[0.30793024 0.17303919],1,2,"[0.294379027732062, 0.1921773781634303]",0,0
28568,[0.65371819 0.6013583 ],3,3,"[0.6601234827680622, 0.6109507568947781]",1,6
28569,[0.28952075 0.18029838],1,2,"[0.294379027732062, 0.1921773781634303]",0,0
28570,[0.68641686 0.65846804],3,3,"[0.6601234827680622, 0.6109507568947781]",1,-1
28571,[0.76018011 0.66410059],2,0,"[0.7890750777399501, 0.6799557517006445]",1,-1
28572,[0.74882359 0.73249095],2,0,"[0.7890750777399501, 0.6799557517006445]",1,-1
28573,[0.6371325 0.6325248],3,3,"[0.6601234827680622, 0.6109507568947781]",1,-1
28574,[0.83312562 0.70130778],2,0,"[0.7890750777399501, 0.6799557517006445]",1,-1
28575,[0.41525082 0.50194715],0,-1,-1,1,-1
28576,[0.67303969 0.60102025],3,3,"[0.6601234827680622, 0.6109507568947781]",1,-1
28577,[0.27183759 0.23517412],1,2,"[0.294379027732062, 0.1921773781634303]",0,0
28578,[0.33694546 0.57127778],0,1,"[0.37965276877051146, 0.575157747726818]",1,-1
28579,[0.77471952 0.66246006],2,0,"[0.7890750777399501, 0.6799557517006445]",1,-1
28580,[0.28194332 0.17633863],1,2,"[0.294379027732062, 0.1921773781634303]",0,0
28581,[0.87251952 0.75909343],2,-1,-1,1,-1
28582,[0.85134561 0.69047335],2,0,"[0.7890750777399501, 0.6799557517006445]",1,-1
28583,[0.78328307 0.57791944],2,-1,-1,1,-1
28584,[0.72401675 0.64592333],2,-1,-1,1,-1
28585,[0.29483526 0.21470457],1,2,"[0.294379027732062, 0.1921773781634303]",0,0
28586,[0.33865869 0.27119129],1,-1,-1,0,0
28587,[0.30831631 0.19074433],1,2,"[0.294379027732062, 0.1921773781634303]",0,0
28588,[0.60829875 0.5967879 ],3,3,"[0.6601234827680622, 0.6109507568947781]",1,-1
28589,[0.25184153 0.16830589],1,2,"[0.294379027732062, 0.1921773781634303]",0,0
28590,[0.45586908 0.65293826],0,-1,-1,1,-1
28591,[0.33500714 0.26455035],1,-1,-1,0,0
28592,[0.70171788 0.6333042 ],3,3,"[0.6601234827680622, 0.6109507568947781]",1,-1
28593,[0.19262214 0.24063324],1,-1,-1,0,0
28594,[0.78239972 0.79088651],2,-1,-1,1,-1
28595,[0.33811576 0.58212553],0,1,"[0.37965276877051146, 0.575157747726818]",1,-1
28596,[0.23691105 0.12750262],1,-1,-1,0,0
28597,[0.80496909 0.62655469],2,0,"[0.7890750777399501, 0.6799557517006445]",1,-1
28598,[0.28297988 0.22038462],1,2,"[0.294379027732062, 0.1921773781634303]",0,0
28599,[0.78297368 0.65343561],2,0,"[0.7890750777399501, 0.6799557517006445]",1,-1
28600,[0.81444925 0.67873261],2,0,"[0.7890750777399501, 0.6799557517006445]",1,-1
28601,[0.40912948 0.51097176],0,-1,-1,1,-1
28602,[0.32178228 0.51345111],0,-1,-1,1,-1
28603,[0.60658455 0.55684333],3,-1,-1,1,-1
28604,[0.66124563 0.66119911],3,3,"[0.6601234827680622, 0.6109507568947781]",1,-1
28605,[0.33590998 0.55133789],0,1,"[0.37965276877051146, 0.575157747726818]",1,-1
28606,[0.23186933 0.23114203],1,-1,-1,0,0
28607,[0.76396417 0.62908263],2,0,"[0.7890750777399501, 0.6799557517006445]",1,-1
28608,[0.84747171 0.68840006],2,0,"[0.7890750777399501, 0.6799557517006445]",1,-1
28609,[0.74854583 0.69076915],2,0,"[0.7890750777399501, 0.6799557517006445]",1,-1
28610,[0.71880399 0.64163281],3,3,"[0.6601234827680622, 0.6109507568947781]",1,-1
28611,[0.27907016 0.12035083],1,-1,-1,0,0
28612,[0.29846349 0.20871774],1,2,"[0.294379027732062, 0.1921773781634303]",0,0
28613,[0.80439202 0.71207608],2,0,"[0.7890750777399501, 0.6799557517006445]",1,-1
28614,[0.29964345 0.24203238],1,2,"[0.294379027732062, 0.1921773781634303]",0,0
28615,[0.67920655 0.57638314],3,3,"[0.6601234827680622, 0.6109507568947781]",1,-1
28616,[0.37738916 0.12680286],1,-1,-1,0,0
28617,[0.38071907 0.55788628],0,1,"[0.37965276877051146, 0.575157747726818]",1,-1
28618,[0.76022808 0.54480756],3,-1,-1,1,-1
28619,[0.55159318 0.70287853],3,-1,-1,1,-1
28620,[0.78114177 0.68867346],2,0,"[0.7890750777399501, 0.6799557517006445]",1,-1
28621,[0.76192736 0.66227363],2,0,"[0.7890750777399501, 0.6799557517006445]",1,3
28622,[0.34451414 0.68305413],0,-1,-1,1,-1
28623,[0.73154555 0.65962868],3,0,"[0.7890750777399501, 0.6799557517006445]",1,-1
28624,[0.81810726 0.6643299 ],2,0,"[0.7890750777399501, 0.6799557517006445]",1,-1
28625,[0.40143147 0.57320226],0,1,"[0.37965276877051146, 0.575157747726818]",1,-1
28626,[0.81147803 0.72539067],2,0,"[0.7890750777399501, 0.6799557517006445]",1,-1
28627,[0.79177551 0.70675644],2,0,"[0.7890750777399501, 0.6799557517006445]",1,-1
28628,[0.45819133 0.68681728],0,-1,-1,1,-1
28629,[0.7682404  0.67439444],2,0,"[0.7890750777399501, 0.6799557517006445]",1,-1
28630,[0.38046823 0.57186534],0,1,"[0.37965276877051146, 0.575157747726818]",1,-1
28631,[0.27481936 0.13170662],1,2,"[0.294379027732062, 0.1921773781634303]",0,0
28632,[0.3590159  0.52253115],0,1,"[0.37965276877051146, 0.575157747726818]",1,-1
28633,[0.43792932 0.61442057],0,-1,-1,1,-1
28634,[0.38143902 0.6003542 ],0,1,"[0.37965276877051146, 0.575157747726818]",1,-1
28635,[0.70225181 0.64846626],3,3,"[0.6601234827680622, 0.6109507568947781]",1,-1
28636,[0.83563226 0.65822542],2,0,"[0.7890750777399501, 0.6799557517006445]",1,-1
28637,[0.70204305 0.54426127],3,-1,-1,1,-1
28638,[0.22473733 0.27206522],1,-1,-1,0,0
28639,[0.38603856 0.65233986],0,-1,-1,1,-1
28640,[0.61271195 0.61189446],3,3,"[0.6601234827680622, 0.6109507568947781]",1,-1
28641,[0.61795213 0.65318943],3,3,"[0.6601234827680622, 0.6109507568947781]",1,-1
28642,[0.44064855 0.49997392],0,-1,-1,1,-1
28643,[0.80280072 0.64509028],2,0,"[0.7890750777399501, 0.6799557517006445]",1,-1
28644,[0.61178154 0.58175227],3,3,"[0.6601234827680622, 0.6109507568947781]",1,-1
28645,[0.41914242 0.66102619],0,-1,-1,1,-1
28646,[0.21031115 0.27585468],1,-1,-1,0,0
28647,[0.26867681 0.25609513],1,2,"[0.294379027732062, 0.1921773781634303]",0,0
28648,[0.2600514  0.20464862],1,2,"[0.294379027732062, 0.1921773781634303]",0,0
28649,[0.36676099 0.24992427],1,-1,-1,0,0
28650,[0.40774935 0.58682635],0,1,"[0.37965276877051146, 0.575157747726818]",1,-1
28651,[0.34973193 0.49903609],0,-1,-1,1,-1
28652,[0.81858245 0.65404864],2,0,"[0.7890750777399501, 0.6799557517006445]",1,-1
28653,[0.68728744 0.66889299],3,3,"[0.6601234827680622, 0.6109507568947781]",1,-1
28654,[0.37260174 0.6534373 ],0,-1,-1,1,-1
28655,[0.718041   0.68680609],2,-1,-1,1,-1
28656,[0.22701756 0.18064049],1,2,"[0.294379027732062, 0.1921773781634303]",0,0
28657,[0.56756702 0.67150581],3,-1,-1,1,-1
28658,[0.71663806 0.63809477],3,3,"[0.6601234827680622, 0.6109507568947781]",1,-1
28659,[0.23317    0.24268743],1,-1,-1,0,0
28660,[0.31264265 0.16430792],1,2,"[0.294379027732062, 0.1921773781634303]",0,0
28661,[0.23032416 0.18307169],1,2,"[0.294379027732062, 0.1921773781634303]",0,0
28662,[0.74461734 0.74574385],2,-1,-1,1,-1
28663,[0.63389907 0.61605446],3,3,"[0.6601234827680622, 0.6109507568947781]",1,-1
28664,[0.68235844 0.6599942 ],3,3,"[0.6601234827680622, 0.6109507568947781]",1,-1
28665,[0.76313909 0.64530098],2,0,"[0.7890750777399501, 0.6799557517006445]",1,-1
28666,[0.81288883 0.61364272],2,-1,-1,1,-1
28667,[0.41229025 0.58377696],0,1,"[0.37965276877051146, 0.575157747726818]",1,-1
28668,[0.33967827 0.58613658],0,1,"[0.37965276877051146, 0.575157747726818]",1,-1
28669,[0.56013571 0.54357228],3,-1,-1,1,-1
28670,[0.25851547 0.29226826],1,-1,-1,0,0
28671,[0.82875591 0.77065851],2,-1,-1,1,-1
28672,[0.64309287 0.6620907 ],3,3,"[0.6601234827680622, 0.6109507568947781]",1,-1
28673,[0.82474846 0.63729283],2,0,"[0.7890750777399501, 0.6799557517006445]",1,-1
28674,[0.70449664 0.63234195],3,3,"[0.6601234827680622, 0.6109507568947781]",1,-1
28675,[0.59282351 0.57877464],3,-1,-1,1,-1
28676,[0.7331936  0.54699737],3,-1,-1,1,-1
28677,[0.30785841 0.17787206],1,2,"[0.294379027732062, 0.1921773781634303]",0,0
28678,[0.18134379 0.22334171],1,-1,-1,0,0
28679,[0.36106849 0.58861709],0,1,"[0.37965276877051146, 0.575157747726818]",1,-1
28680,[0.21513746 0.17713306],1,-1,-1,0,0
28681,[0.34743251 0.17030712],1,2,"[0.294379027732062, 0.1921773781634303]",0,0
28682,[0.71409179 0.64303946],3,3,"[0.6601234827680622, 0.6109507568947781]",1,-1
28683,[0.30723759 0.25043153],1,2,"[0.294379027732062, 0.1921773781634303]",0,0
28684,[0.3630807  0.57569388],0,1,"[0.37965276877051146, 0.575157747726818]",1,-1
28685,[0.29047538 0.190385  ],1,2,"[0.294379027732062, 0.1921773781634303]",0,0
28686,[0.25691353 0.11714241],1,-1,-1,0,0
28687,[0.67342172 0.57552191],3,3,"[0.6601234827680622, 0.6109507568947781]",1,-1
28688,[0.65862598 0.57554958],3,3,"[0.6601234827680622, 0.6109507568947781]",1,-1
28689,[0.26391569 0.22409186],1,2,"[0.294379027732062, 0.1921773781634303]",0,0
28690,[0.29586521 0.20801911],1,2,"[0.294379027732062, 0.1921773781634303]",0,0
28691,[0.30081384 0.63283592],0,-1,-1,1,-1
28692,[0.68576632 0.64206577],3,3,"[0.6601234827680622, 0.6109507568947781]",1,-1
28693,[0.2700233  0.27729783],1,-1,-1,0,0
28694,[0.62467937 0.62394225],3,3,"[0.6601234827680622, 0.6109507568947781]",1,-1
28695,[0.38149261 0.60512082],0,1,"[0.37965276877051146, 0.575157747726818]",1,-1
28696,[0.7428952  0.69938973],2,0,"[0.7890750777399501, 0.6799557517006445]",1,-1
28697,[0.83710442 0.69847066],2,0,"[0.7890750777399501, 0.6799557517006445]",1,-1
28698,[0.63984317 0.61349054],3,3,"[0.6601234827680622, 0.6109507568947781]",1,-1
28699,[0.37571769 0.51407657],0,1,"[0.37965276877051146, 0.575157747726818]",1,-1
28700,[0.64536431 0.62680422],3,3,"[0.6601234827680622, 0.6109507568947781]",1,-1
28701,[0.20142762 0.16855956],1,-1,-1,0,0
28702,[0.30950479 0.22202138],1,2,"[0.294379027732062, 0.1921773781634303]",0,0
28703,[0.36072136 0.71076038],0,-1,-1,1,-1
28704,[0.29955066 0.13665452],1,2,"[0.294379027732062, 0.1921773781634303]",0,0
28705,[0.32029955 0.15957639],1,2,"[0.294379027732062, 0.1921773781634303]",0,0
28706,[0.63975663 0.62325279],3,3,"[0.6601234827680622, 0.6109507568947781]",1,-1
28707,[0.83535337 0.70450532],2,0,"[0.7890750777399501, 0.6799557517006445]",1,-1
28708,[0.36192654 0.24945044],1,-1,-1,0,0
28709,[0.68171336 0.62451193],2,3,"[0.6601234827680622, 0.6109507568947781]",1,7
28710,[0.71877268 0.70076576],2,-1,-1,1,-1
28711,[0.33496717 0.63371221],0,-1,-1,1,-1
28712,[0.27258005 0.14480995],1,2,"[0.294379027732062, 0.1921773781634303]",0,0
28713,[0.77576547 0.71817704],2,0,"[0.7890750777399501, 0.6799557517006445]",1,-1
28714,[0.75787468 0.62611545],2,0,"[0.7890750777399501, 0.6799557517006445]",1,-1
28715,[0.30515928 0.20680611],1,2,"[0.294379027732062, 0.1921773781634303]",0,0
28716,[0.31297433 0.22281733],1,2,"[0.294379027732062, 0.1921773781634303]",0,0
28717,[0.67789937 0.61809118],3,3,"[0.6601234827680622, 0.6109507568947781]",1,-1
28718,[0.80998818 0.71088241],2,0,"[0.7890750777399501, 0.6799557517006445]",1,-1
28719,[0.41222468 0.54014345],0,1,"[0.37965276877051146, 0.575157747726818]",1,-1
28720,[0.2583681  0.18540329],1,2,"[0.294379027732062, 0.1921773781634303]",0,0
28721,[0.29787135 0.57661061],0,-1,-1,1,-1
28722,[0.75732574 0.69156965],2,0,"[0.7890750777399501, 0.6799557517006445]",1,-1
28723,[0.71220611 0.65758932],2,3,"[0.6601234827680622, 0.6109507568947781]",1,-1
28724,[0.71764653 0.59487233],3,3,"[0.6601234827680622, 0.6109507568947781]",1,-1
28725,[0.66514119 0.7137403 ],3,-1,-1,1,-1
28726,[0.50275977 0.65119978],0,-1,-1,1,-1
28727,[0.22891551 0.15477427],1,-1,-1,0,0
28728,[0.20885267 0.21211488],1,-1,-1,0,0
28729,[0.23088034 0.2329704 ],1,-1,-1,0,0
28730,[0.2583406  0.16178789],1,2,"[0.294379027732062, 0.1921773781634303]",0,0
28731,[0.41008539 0.61664971],0,1,"[0.37965276877051146, 0.575157747726818]",1,-1
28732,[0.62157139 0.59479775],3,3,"[0.6601234827680622, 0.6109507568947781]",1,-1
28733,[0.71430761 0.6801308 ],2,-1,-1,1,-1
28734,[0.79633275 0.71984514],2,0,"[0.7890750777399501, 0.6799557517006445]",1,-1
28735,[0.63861038 0.57572553],3,3,"[0.6601234827680622, 0.6109507568947781]",1,-1
28736,[0.25668679 0.31313604],1,-1,-1,0,0
28737,[0.75735176 0.70292734],2,0,"[0.7890750777399501, 0.6799557517006445]",1,-1
28738,[0.3276817  0.63765975],0,-1,-1,1,-1
28739,[0.59164524 0.47223423],3,-1,-1,1,-1
28740,[0.61579474 0.63758361],3,3,"[0.6601234827680622, 0.6109507568947781]",1,-1
28741,[0.60196175 0.5776993 ],3,3,"[0.6601234827680622, 0.6109507568947781]",1,-1
28742,[0.31037302 0.18530304],1,2,"[0.294379027732062, 0.1921773781634303]",0,0
28743,[0.24832932 0.15513011],1,2,"[0.294379027732062, 0.1921773781634303]",0,0
28744,[0.28678884 0.22399472],1,2,"[0.294379027732062, 0.1921773781634303]",0,0
28745,[0.64797009 0.52501284],3,-1,-1,1,-1
28746,[0.69345405 0.7931125 ],2,-1,-1,1,-1
28747,[0.7399325  0.67973324],2,0,"[0.7890750777399501, 0.6799557517006445]",1,-1
28748,[0.76762367 0.66150087],2,0,"[0.7890750777399501, 0.6799557517006445]",1,-1
28749,[0.56778161 0.56854974],3,-1,-1,1,-1
28750,[0.83122841 0.74505503],2,-1,-1,1,-1
28751,[0.83072288 0.6054383 ],2,-1,-1,1,-1
28752,[0.30407566 0.21018786],1,2,"[0.294379027732062, 0.1921773781634303]",0,0
28753,[0.27586891 0.24586959],1,2,"[0.294379027732062, 0.1921773781634303]",0,0
28754,[0.33132714 0.57924357],0,1,"[0.37965276877051146, 0.575157747726818]",1,-1
28755,[0.86163244 0.66144344],2,-1,-1,1,-1
28756,[0.79852442 0.67271654],2,0,"[0.7890750777399501, 0.6799557517006445]",1,4
28757,[0.69669511 0.63134805],3,3,"[0.6601234827680622, 0.6109507568947781]",1,-1
28758,[0.33124016 0.62673298],0,-1,-1,1,-1
28759,[0.36999478 0.10249126],1,-1,-1,0,0
28760,[0.25023282 0.30668824],1,-1,-1,0,0
28761,[0.41558795 0.18316752],1,-1,-1,0,0
28762,[0.68517436 0.61859484],3,3,"[0.6601234827680622, 0.6109507568947781]",1,-1
28763,[0.42797514 0.72164978],0,-1,-1,1,-1
28764,[0.74929043 0.74359605],2,-1,-1,1,-1
28765,[0.67264763 0.65495751],3,3,"[0.6601234827680622, 0.6109507568947781]",1,-1
28766,[0.8210989  0.63844508],2,0,"[0.7890750777399501, 0.6799557517006445]",1,-1
28767,[0.26027877 0.14373993],1,2,"[0.294379027732062, 0.1921773781634303]",0,0
28768,[0.64344977 0.54697883],3,3,"[0.6601234827680622, 0.6109507568947781]",1,-1
28769,[0.7885103  0.72309777],2,0,"[0.7890750777399501, 0.6799557517006445]",1,-1
28770,[0.3609111  0.63691349],0,1,"[0.37965276877051146, 0.575157747726818]",1,-1
28771,[0.23303504 0.2487807 ],1,-1,-1,0,0
28772,[0.62818835 0.57437211],3,3,"[0.6601234827680622, 0.6109507568947781]",1,-1
28773,[0.38918558 0.18244317],1,-1,-1,0,0
28774,[0.22444491 0.18435386],1,-1,-1,0,0
28775,[0.73978231 0.66141092],2,0,"[0.7890750777399501, 0.6799557517006445]",1,-1
28776,[0.21196852 0.15280789],1,-1,-1,0,0
28777,[0.32482727 0.13881105],1,2,"[0.294379027732062, 0.1921773781634303]",0,0
28778,[0.71963588 0.6147453 ],2,3,"[0.6601234827680622, 0.6109507568947781]",1,-1
28779,[0.63465319 0.63154177],3,3,"[0.6601234827680622, 0.6109507568947781]",1,-1
28780,[0.84777799 0.62223358],2,-1,-1,1,-1
28781,[0.33453032 0.53641496],0,1,"[0.37965276877051146, 0.575157747726818]",1,-1
28782,[0.77133309 0.62152923],2,0,"[0.7890750777399501, 0.6799557517006445]",1,-1
28783,[0.29960496 0.19039264],1,2,"[0.294379027732062, 0.1921773781634303]",0,0
28784,[0.74031811 0.63197035],3,0,"[0.7890750777399501, 0.6799557517006445]",1,-1
28785,[0.40841813 0.56472557],0,1,"[0.37965276877051146, 0.575157747726818]",1,-1
28786,[0.72492849 0.64205648],3,-1,-1,1,-1
28787,[0.56798942 0.60169279],3,-1,-1,1,-1
28788,[0.74414126 0.69096605],2,0,"[0.7890750777399501, 0.6799557517006445]",1,-1
28789,[0.27557279 0.08349655],1,-1,-1,0,0
28790,[0.6819176  0.61168685],2,3,"[0.6601234827680622, 0.6109507568947781]",1,5
28791,[0.74365826 0.62443959],2,-1,-1,1,-1
28792,[0.78314935 0.67555024],2,0,"[0.7890750777399501, 0.6799557517006445]",1,4
28793,[0.66499649 0.5994459 ],3,3,"[0.6601234827680622, 0.6109507568947781]",1,-1
28794,[0.2989113  0.23566025],1,2,"[0.294379027732062, 0.1921773781634303]",0,0
28795,[0.15072276 0.2058208 ],1,-1,-1,0,0
28796,[0.77524762 0.6195461 ],2,0,"[0.7890750777399501, 0.6799557517006445]",1,-1
28797,[0.68439655 0.5904515 ],3,3,"[0.6601234827680622, 0.6109507568947781]",1,-1
28798,[0.36545346 0.48095808],0,-1,-1,1,-1
28799,[0.32352213 0.11994154],1,-1,-1,0,0
28800,[0.33284922 0.55057112],0,1,"[0.37965276877051146, 0.575157747726818]",1,-1
28801,[0.76994266 0.69986541],2,0,"[0.7890750777399501, 0.6799557517006445]",1,4
28802,[0.38854107 0.56901011],0,1,"[0.37965276877051146, 0.575157747726818]",1,2
28803,[0.21795884 0.15340682],1,-1,-1,0,0
28804,[0.59601795 0.67731728],3,-1,-1,1,-1
28805,[0.35788757 0.52088542],0,1,"[0.37965276877051146, 0.575157747726818]",1,-1
28806,[0.27736976 0.18201953],1,2,"[0.294379027732062, 0.1921773781634303]",0,0
28807,[0.7590011  0.60803183],2,-1,-1,1,-1
28808,[0.71942739 0.64357161],3,3,"[0.6601234827680622, 0.6109507568947781]",1,-1
28809,[0.3175238  0.17130327],1,2,"[0.294379027732062, 0.1921773781634303]",0,0
28810,[0.33517298 0.28065375],1,-1,-1,0,0
28811,[0.71628337 0.65929636],2,-1,-1,1,-1
28812,[0.74878828 0.68204088],2,0,"[0.7890750777399501, 0.6799557517006445]",1,-1
28813,[0.73378778 0.62649438],2,-1,-1,1,-1
28814,[0.3559774 0.4964997],0,-1,-1,1,-1
28815,[0.26413287 0.23719339],1,2,"[0.294379027732062, 0.1921773781634303]",0,0
28816,[0.65542249 0.58169027],3,3,"[0.6601234827680622, 0.6109507568947781]",1,-1
28817,[0.81162511 0.64844794],2,0,"[0.7890750777399501, 0.6799557517006445]",1,-1
28818,[0.3622097  0.53933218],0,1,"[0.37965276877051146, 0.575157747726818]",1,-1
28819,[0.65638914 0.59671845],3,3,"[0.6601234827680622, 0.6109507568947781]",1,-1
28820,[0.71965253 0.66026417],2,-1,-1,1,-1
28821,[0.71861363 0.69936037],3,-1,-1,1,-1
28822,[0.36599715 0.57794793],0,1,"[0.37965276877051146, 0.575157747726818]",1,-1
28823,[0.61900159 0.64773968],3,3,"[0.6601234827680622, 0.6109507568947781]",1,-1
28824,[0.318639   0.16725845],1,2,"[0.294379027732062, 0.1921773781634303]",0,0
28825,[0.43166669 0.53055401],0,1,"[0.37965276877051146, 0.575157747726818]",1,-1
28826,[0.71289542 0.69610342],2,-1,-1,1,-1
28827,[0.60161952 0.6314528 ],3,3,"[0.6601234827680622, 0.6109507568947781]",1,-1
28828,[0.29391709 0.24197739],1,2,"[0.294379027732062, 0.1921773781634303]",0,0
28829,[0.68769764 0.56658532],3,3,"[0.6601234827680622, 0.6109507568947781]",1,-1
28830,[0.69005226 0.62449591],3,3,"[0.6601234827680622, 0.6109507568947781]",1,-1
28831,[0.40587221 0.62829626],0,1,"[0.37965276877051146, 0.575157747726818]",1,-1
28832,[0.45548266 0.57731989],0,-1,-1,1,-1
28833,[0.53136865 0.62132399],3,-1,-1,1,-1
28834,[0.54287906 0.6493886 ],3,-1,-1,1,-1
28835,[0.35391123 0.48926001],0,-1,-1,1,-1
28836,[0.29636946 0.1896697 ],1,2,"[0.294379027732062, 0.1921773781634303]",0,0
28837,[0.78263997 0.74521267],2,0,"[0.7890750777399501, 0.6799557517006445]",1,-1
28838,[0.43951744 0.52002105],0,-1,-1,1,-1
28839,[0.71101854 0.67569688],2,-1,-1,1,-1
28840,[0.76791227 0.66436626],2,0,"[0.7890750777399501, 0.6799557517006445]",1,-1
28841,[0.36425749 0.26831745],1,-1,-1,0,0
28842,[0.32716    0.20144157],1,2,"[0.294379027732062, 0.1921773781634303]",0,0
28843,[0.77212248 0.69398158],2,0,"[0.7890750777399501, 0.6799557517006445]",1,-1
28844,[0.58387673 0.63662607],3,-1,-1,1,-1
28845,[0.28750477 0.24058167],1,2,"[0.294379027732062, 0.1921773781634303]",0,0
28846,[0.35391483 0.12160961],1,-1,-1,0,0
28847,[0.35743123 0.1534584 ],1,-1,-1,0,0
28848,[0.73910637 0.72609413],2,0,"[0.7890750777399501, 0.6799557517006445]",1,-1
28849,[0.67987117 0.67627771],3,3,"[0.6601234827680622, 0.6109507568947781]",1,-1
28850,[0.38958442 0.6313936 ],0,1,"[0.37965276877051146, 0.575157747726818]",1,-1
28851,[0.65085016 0.53201023],3,-1,-1,1,-1
28852,[0.62965177 0.57008292],3,3,"[0.6601234827680622, 0.6109507568947781]",1,-1
28853,[0.55878169 0.52881385],3,-1,-1,1,-1
28854,[0.84225284 0.76284484],2,-1,-1,1,-1
28855,[0.77182527 0.67760871],3,0,"[0.7890750777399501, 0.6799557517006445]",1,-1
28856,[0.24912577 0.07920482],1,-1,-1,0,0
28857,[0.370259  0.6345479],0,1,"[0.37965276877051146, 0.575157747726818]",1,-1
28858,[0.28713261 0.14098307],1,2,"[0.294379027732062, 0.1921773781634303]",0,0
28859,[0.65834595 0.66037993],3,3,"[0.6601234827680622, 0.6109507568947781]",1,-1
28860,[0.73792506 0.63011092],3,-1,-1,1,-1
28861,[0.37892844 0.53351873],0,1,"[0.37965276877051146, 0.575157747726818]",1,-1
28862,[0.38191167 0.58759415],0,1,"[0.37965276877051146, 0.575157747726818]",1,-1
28863,[0.60887486 0.6295665 ],3,3,"[0.6601234827680622, 0.6109507568947781]",1,-1
28864,[0.65772816 0.69924512],3,-1,-1,1,-1
28865,[0.75529257 0.62027461],3,0,"[0.7890750777399501, 0.6799557517006445]",1,-1
28866,[0.30684604 0.1815665 ],1,2,"[0.294379027732062, 0.1921773781634303]",0,0
28867,[0.30964344 0.18538749],1,2,"[0.294379027732062, 0.1921773781634303]",0,0
28868,[0.6720539  0.63067273],2,3,"[0.6601234827680622, 0.6109507568947781]",1,-1
28869,[0.73598958 0.63556206],2,0,"[0.7890750777399501, 0.6799557517006445]",1,-1
28870,[0.2392798  0.16226666],1,2,"[0.294379027732062, 0.1921773781634303]",0,0
28871,[0.24639632 0.59948291],0,-1,-1,1,-1
28872,[0.6176437  0.67956624],3,-1,-1,1,-1
28873,[0.23489803 0.26829251],1,-1,-1,0,0
28874,[0.40793761 0.54878724],0,1,"[0.37965276877051146, 0.575157747726818]",1,-1
28875,[0.63331579 0.54778976],3,3,"[0.6601234827680622, 0.6109507568947781]",1,-1
28876,[0.34484736 0.18210564],1,2,"[0.294379027732062, 0.1921773781634303]",0,0
28877,[0.30239428 0.12174947],1,-1,-1,0,0
28878,[0.39689978 0.60450917],0,1,"[0.37965276877051146, 0.575157747726818]",1,-1
28879,[0.26489103 0.16721424],1,2,"[0.294379027732062, 0.1921773781634303]",0,0
28880,[0.67379606 0.54061955],3,-1,-1,1,-1
28881,[0.66620024 0.57474793],3,3,"[0.6601234827680622, 0.6109507568947781]",1,-1
28882,[0.26937434 0.19639547],1,2,"[0.294379027732062, 0.1921773781634303]",0,0
28883,[0.32084083 0.19867655],1,2,"[0.294379027732062, 0.1921773781634303]",0,0
28884,[0.69019015 0.69778978],3,-1,-1,1,-1
28885,[0.33639052 0.59523241],0,1,"[0.37965276877051146, 0.575157747726818]",1,-1
28886,[0.7554745  0.60144301],3,-1,-1,1,-1
28887,[0.62764299 0.6113759 ],3,3,"[0.6601234827680622, 0.6109507568947781]",1,-1
28888,[0.26150629 0.24615085],1,2,"[0.294379027732062, 0.1921773781634303]",0,0
28889,[0.63300859 0.55128396],3,3,"[0.6601234827680622, 0.6109507568947781]",1,-1
28890,[0.79498886 0.72506629],2,0,"[0.7890750777399501, 0.6799557517006445]",1,-1
28891,[0.80317258 0.63704871],2,0,"[0.7890750777399501, 0.6799557517006445]",1,-1
28892,[0.70834314 0.64823442],2,3,"[0.6601234827680622, 0.6109507568947781]",1,-1
28893,[0.33542691 0.22924357],1,2,"[0.294379027732062, 0.1921773781634303]",0,0
28894,[0.63154227 0.59856141],3,3,"[0.6601234827680622, 0.6109507568947781]",1,-1
28895,[0.7775265  0.64955916],2,0,"[0.7890750777399501, 0.6799557517006445]",1,-1
28896,[0.75822175 0.58634127],3,-1,-1,1,-1
28897,[0.2608166 0.1960435],1,2,"[0.294379027732062, 0.1921773781634303]",0,0
28898,[0.42959738 0.50281783],0,-1,-1,1,-1
28899,[0.3997028  0.48151611],0,-1,-1,1,-1
28900,[0.80575398 0.69261505],2,0,"[0.7890750777399501, 0.6799557517006445]",1,-1
28901,[0.25420732 0.22059249],1,2,"[0.294379027732062, 0.1921773781634303]",0,0
28902,[0.76616063 0.70512856],2,0,"[0.7890750777399501, 0.6799557517006445]",1,-1
28903,[0.43293094 0.51453066],0,-1,-1,1,-1
28904,[0.23112408 0.23613817],1,-1,-1,0,0
28905,[0.43161646 0.54439832],0,1,"[0.37965276877051146, 0.575157747726818]",1,-1
28906,[0.42704087 0.59356665],0,1,"[0.37965276877051146, 0.575157747726818]",1,-1
28907,[0.7693191  0.68165617],2,0,"[0.7890750777399501, 0.6799557517006445]",1,4
28908,[0.43024172 0.6103    ],0,1,"[0.37965276877051146, 0.575157747726818]",1,-1
28909,[0.24799306 0.25701544],1,-1,-1,0,0
28910,[0.33064544 0.3092084 ],1,-1,-1,0,0
28911,[0.79785527 0.65902209],2,0,"[0.7890750777399501, 0.6799557517006445]",1,-1
28912,[0.23673994 0.11964283],1,-1,-1,0,0
28913,[0.6965203  0.56567419],3,3,"[0.6601234827680622, 0.6109507568947781]",1,-1
28914,[0.32717204 0.22417804],1,2,"[0.294379027732062, 0.1921773781634303]",0,0
28915,[0.31491298 0.14769823],1,2,"[0.294379027732062, 0.1921773781634303]",0,0
28916,[0.67359183 0.54278305],3,3,"[0.6601234827680622, 0.6109507568947781]",1,-1
28917,[0.40336275 0.14357744],1,-1,-1,0,0
28918,[0.18815603 0.20234066],1,-1,-1,0,0
28919,[0.25845975 0.21623988],1,2,"[0.294379027732062, 0.1921773781634303]",0,0
28920,[0.40575999 0.21076007],1,-1,-1,0,0
28921,[0.68913998 0.56764403],3,3,"[0.6601234827680622, 0.6109507568947781]",1,-1
28922,[0.85730561 0.75947036],2,-1,-1,1,-1
28923,[0.79282088 0.68848272],2,0,"[0.7890750777399501, 0.6799557517006445]",1,-1
28924,[0.71384562 0.74452813],2,-1,-1,1,-1
28925,[0.48756385 0.4303746 ],0,-1,-1,1,-1
28926,[0.6962863  0.76751738],2,-1,-1,1,-1
28927,[0.3529393 0.5724528],0,1,"[0.37965276877051146, 0.575157747726818]",1,-1
28928,[0.38335053 0.46771364],0,-1,-1,1,-1
28929,[0.37825683 0.27519316],1,-1,-1,0,0
28930,[0.32477285 0.61250887],0,1,"[0.37965276877051146, 0.575157747726818]",1,-1
28931,[0.77559527 0.70009005],2,0,"[0.7890750777399501, 0.6799557517006445]",1,-1
28932,[0.19490614 0.21081116],1,-1,-1,0,0
28933,[0.60908646 0.58748095],3,3,"[0.6601234827680622, 0.6109507568947781]",1,-1
28934,[0.22531962 0.56460105],0,-1,-1,1,-1
28935,[0.38066462 0.60486886],0,1,"[0.37965276877051146, 0.575157747726818]",1,-1
28936,[0.79907683 0.69402096],2,0,"[0.7890750777399501, 0.6799557517006445]",1,-1
28937,[0.78679881 0.60206923],2,-1,-1,1,-1
28938,[0.78924197 0.57594886],3,-1,-1,1,-1
28939,[0.81875938 0.67448543],3,0,"[0.7890750777399501, 0.6799557517006445]",1,-1
28940,[0.34441851 0.59966919],0,1,"[0.37965276877051146, 0.575157747726818]",1,-1
28941,[0.37275982 0.61823117],0,1,"[0.37965276877051146, 0.575157747726818]",1,-1
28942,[0.23913493 0.21276065],1,2,"[0.294379027732062, 0.1921773781634303]",0,0
28943,[0.31048891 0.16120716],1,2,"[0.294379027732062, 0.1921773781634303]",0,0
28944,[0.64434679 0.55803961],3,3,"[0.6601234827680622, 0.6109507568947781]",1,-1
28945,[0.42901696 0.58291983],0,1,"[0.37965276877051146, 0.575157747726818]",1,-1
28946,[0.75163723 0.72715496],2,0,"[0.7890750777399501, 0.6799557517006445]",1,-1
28947,[0.62223205 0.64138648],3,3,"[0.6601234827680622, 0.6109507568947781]",1,-1
28948,[0.34959684 0.19395837],1,2,"[0.294379027732062, 0.1921773781634303]",0,0
28949,[0.34893846 0.10286858],1,-1,-1,0,0
28950,[0.80660474 0.73020706],2,0,"[0.7890750777399501, 0.6799557517006445]",1,-1
28951,[0.76038798 0.67473462],2,0,"[0.7890750777399501, 0.6799557517006445]",1,-1
28952,[0.32356383 0.19085048],1,2,"[0.294379027732062, 0.1921773781634303]",0,0
28953,[0.70930363 0.56275375],3,3,"[0.6601234827680622, 0.6109507568947781]",1,-1
28954,[0.41042818 0.63264313],0,1,"[0.37965276877051146, 0.575157747726818]",1,-1
28955,[0.26861699 0.20256168],1,2,"[0.294379027732062, 0.1921773781634303]",0,0
28956,[0.33248102 0.13972322],1,2,"[0.294379027732062, 0.1921773781634303]",0,0
28957,[0.7824763 0.6986981],2,0,"[0.7890750777399501, 0.6799557517006445]",1,-1
28958,[0.68942171 0.554702  ],3,3,"[0.6601234827680622, 0.6109507568947781]",1,-1
28959,[0.67722032 0.59187846],3,3,"[0.6601234827680622, 0.6109507568947781]",1,-1
28960,[0.30173117 0.5505805 ],0,-1,-1,1,-1
28961,[0.81950589 0.61128139],2,-1,-1,1,-1
28962,[0.30984258 0.63567216],0,-1,-1,1,-1
28963,[0.30864467 0.19795325],1,2,"[0.294379027732062, 0.1921773781634303]",0,0
28964,[0.87024862 0.59793159],2,-1,-1,1,-1
28965,[0.62803919 0.6446844 ],3,3,"[0.6601234827680622, 0.6109507568947781]",1,-1
28966,[0.66619937 0.59001968],3,3,"[0.6601234827680622, 0.6109507568947781]",1,-1
28967,[0.77049861 0.72884614],3,0,"[0.7890750777399501, 0.6799557517006445]",1,-1
28968,[0.37187945 0.5241022 ],0,1,"[0.37965276877051146, 0.575157747726818]",1,-1
28969,[0.34011285 0.18328567],1,2,"[0.294379027732062, 0.1921773781634303]",0,0
28970,[0.73534641 0.60500335],2,-1,-1,1,-1
28971,[0.63362032 0.61708742],3,3,"[0.6601234827680622, 0.6109507568947781]",1,-1
28972,[0.65791873 0.61575892],3,3,"[0.6601234827680622, 0.6109507568947781]",1,-1
28973,[0.29315124 0.21775748],1,2,"[0.294379027732062, 0.1921773781634303]",0,0
28974,[0.80166174 0.66395732],2,0,"[0.7890750777399501, 0.6799557517006445]",1,-1
28975,[0.3153725  0.20120428],1,2,"[0.294379027732062, 0.1921773781634303]",0,0
28976,[0.81890925 0.64403771],2,0,"[0.7890750777399501, 0.6799557517006445]",1,-1
28977,[0.78740616 0.71571509],2,0,"[0.7890750777399501, 0.6799557517006445]",1,-1
28978,[0.32291557 0.56787097],0,1,"[0.37965276877051146, 0.575157747726818]",1,-1
28979,[0.65212558 0.59648536],3,3,"[0.6601234827680622, 0.6109507568947781]",1,-1
28980,[0.65763386 0.63808178],3,3,"[0.6601234827680622, 0.6109507568947781]",1,-1
28981,[0.35864019 0.60209133],0,1,"[0.37965276877051146, 0.575157747726818]",1,-1
28982,[0.33540659 0.55937938],0,1,"[0.37965276877051146, 0.575157747726818]",1,-1
28983,[0.52871884 0.52373358],3,-1,-1,1,-1
28984,[0.32889234 0.55110266],0,1,"[0.37965276877051146, 0.575157747726818]",1,-1
28985,[0.60774499 0.62937844],3,3,"[0.6601234827680622, 0.6109507568947781]",1,-1
28986,[0.32053632 0.19134332],1,2,"[0.294379027732062, 0.1921773781634303]",0,0
28987,[0.75012053 0.65268664],2,0,"[0.7890750777399501, 0.6799557517006445]",1,-1
28988,[0.30864321 0.18859141],1,2,"[0.294379027732062, 0.1921773781634303]",0,0
28989,[0.57718883 0.56561893],3,-1,-1,1,-1
28990,[0.30364071 0.26632066],1,-1,-1,0,0
28991,[0.64436732 0.62034754],3,3,"[0.6601234827680622, 0.6109507568947781]",1,-1
28992,[0.25494118 0.26918634],1,-1,-1,0,0
28993,[0.73586621 0.666648  ],2,0,"[0.7890750777399501, 0.6799557517006445]",1,-1
28994,[0.38102366 0.6326549 ],0,1,"[0.37965276877051146, 0.575157747726818]",1,-1
28995,[0.64781037 0.62618246],3,3,"[0.6601234827680622, 0.6109507568947781]",1,-1
28996,[0.63860169 0.63780256],3,3,"[0.6601234827680622, 0.6109507568947781]",1,-1
28997,[0.38618109 0.60803425],0,1,"[0.37965276877051146, 0.575157747726818]",1,-1
28998,[0.84819625 0.69486641],2,0,"[0.7890750777399501, 0.6799557517006445]",1,-1
28999,[0.65905871 0.55158003],3,3,"[0.6601234827680622, 0.6109507568947781]",1,-1
29000,[0.29824013 0.13961317],1,2,"[0.294379027732062, 0.1921773781634303]",0,0
29001,[0.61271898 0.61771475],3,3,"[0.6601234827680622, 0.6109507568947781]",1,-1
29002,[0.79095478 0.59967339],3,-1,-1,1,-1
29003,[0.45205221 0.5772276 ],0,-1,-1,1,-1
29004,[0.62369299 0.53994253],3,-1,-1,1,-1
29005,[0.76732299 0.65615839],2,0,"[0.7890750777399501, 0.6799557517006445]",1,-1
29006,[0.36045264 0.1293904 ],1,-1,-1,0,0
29007,[0.28460003 0.14835781],1,2,"[0.294379027732062, 0.1921773781634303]",0,0
29008,[0.61491326 0.64939909],3,3,"[0.6601234827680622, 0.6109507568947781]",1,-1
29009,[0.25711924 0.55891152],0,-1,-1,1,-1
29010,[0.25584555 0.13180541],1,-1,-1,0,0
29011,[0.24338404 0.16357752],1,2,"[0.294379027732062, 0.1921773781634303]",0,0
29012,[0.72355723 0.72269715],2,-1,-1,1,-1
29013,[0.35402439 0.17345282],1,2,"[0.294379027732062, 0.1921773781634303]",0,0
29014,[0.39325754 0.2094417 ],1,-1,-1,0,0
29015,[0.34827094 0.15621438],1,2,"[0.294379027732062, 0.1921773781634303]",0,0
29016,[0.7948552  0.71385946],2,0,"[0.7890750777399501, 0.6799557517006445]",1,-1
29017,[0.8016323  0.68461351],2,0,"[0.7890750777399501, 0.6799557517006445]",1,-1
29018,[0.29421743 0.57749273],0,-1,-1,1,-1
29019,[0.24057053 0.1727996 ],1,2,"[0.294379027732062, 0.1921773781634303]",0,0
29020,[0.37281302 0.55532237],0,1,"[0.37965276877051146, 0.575157747726818]",1,-1
29021,[0.44701153 0.60743517],0,-1,-1,1,-1
29022,[0.72868283 0.69398413],2,0,"[0.7890750777399501, 0.6799557517006445]",1,-1
29023,[0.64677421 0.56867466],3,3,"[0.6601234827680622, 0.6109507568947781]",1,-1
29024,[0.20861331 0.20737901],1,-1,-1,0,0
29025,[0.80619696 0.77491416],2,-1,-1,1,-1
29026,[0.86015131 0.67326166],2,-1,-1,1,-1
29027,[0.29428003 0.58743527],0,-1,-1,1,-1
29028,[0.3338581  0.65586562],0,-1,-1,1,-1
29029,[0.19175554 0.18400344],1,-1,-1,0,0
29030,[0.64805745 0.58484332],3,3,"[0.6601234827680622, 0.6109507568947781]",1,-1
29031,[0.76291439 0.62722223],3,0,"[0.7890750777399501, 0.6799557517006445]",1,-1
29032,[0.7784596  0.64375153],2,0,"[0.7890750777399501, 0.6799557517006445]",1,-1
29033,[0.3298851  0.60671181],0,1,"[0.37965276877051146, 0.575157747726818]",1,-1
29034,[0.60675432 0.67013738],3,-1,-1,1,-1
29035,[0.27554579 0.10152034],1,-1,-1,0,0
29036,[0.82892682 0.59683514],2,-1,-1,1,-1
29037,[0.83405425 0.67381365],2,0,"[0.7890750777399501, 0.6799557517006445]",1,-1
29038,[0.36933484 0.56080643],0,1,"[0.37965276877051146, 0.575157747726818]",1,1
29039,[0.31986315 0.54610496],0,1,"[0.37965276877051146, 0.575157747726818]",1,-1
29040,[0.63506435 0.55652052],3,3,"[0.6601234827680622, 0.6109507568947781]",1,-1
29041,[0.71481011 0.6518355 ],2,3,"[0.6601234827680622, 0.6109507568947781]",1,-1
29042,[0.38734848 0.61743413],0,1,"[0.37965276877051146, 0.575157747726818]",1,-1
29043,[0.61283187 0.61275217],3,3,"[0.6601234827680622, 0.6109507568947781]",1,-1
29044,[0.42273673 0.5917209 ],0,1,"[0.37965276877051146, 0.575157747726818]",1,-1
29045,[0.3111246  0.56740087],0,1,"[0.37965276877051146, 0.575157747726818]",1,-1
29046,[0.81422781 0.64381354],2,0,"[0.7890750777399501, 0.6799557517006445]",1,-1
29047,[0.67232207 0.73761923],2,-1,-1,1,-1
29048,[0.25897264 0.22202918],1,2,"[0.294379027732062, 0.1921773781634303]",0,0
29049,[0.66860878 0.57913541],3,3,"[0.6601234827680622, 0.6109507568947781]",1,-1
29050,[0.85421164 0.58132688],2,-1,-1,1,-1
29051,[0.60979473 0.65043821],3,3,"[0.6601234827680622, 0.6109507568947781]",1,-1
29052,[0.30977255 0.16050307],1,2,"[0.294379027732062, 0.1921773781634303]",0,0
29053,[0.26903108 0.2165708 ],1,2,"[0.294379027732062, 0.1921773781634303]",0,0
29054,[0.6810425  0.55294804],3,3,"[0.6601234827680622, 0.6109507568947781]",1,-1
29055,[0.28738854 0.61379567],0,-1,-1,1,-1
29056,[0.87262243 0.68243055],2,-1,-1,1,-1
29057,[0.2727154  0.21822281],1,2,"[0.294379027732062, 0.1921773781634303]",0,0
29058,[0.7106919  0.67691534],2,-1,-1,1,-1
29059,[0.68698293 0.52100779],3,-1,-1,1,-1
29060,[0.71246381 0.49544166],3,-1,-1,1,-1
29061,[0.74553247 0.57460518],3,-1,-1,1,-1
29062,[0.34354903 0.53779201],0,1,"[0.37965276877051146, 0.575157747726818]",1,-1
29063,[0.38639318 0.55201583],0,1,"[0.37965276877051146, 0.575157747726818]",1,-1
29064,[0.77909546 0.71034181],2,0,"[0.7890750777399501, 0.6799557517006445]",1,-1
29065,[0.21914648 0.20251575],1,-1,-1,0,0
29066,[0.41525104 0.65122693],0,-1,-1,1,-1
29067,[0.27028594 0.12628596],1,-1,-1,0,0
29068,[0.33188615 0.23312452],1,2,"[0.294379027732062, 0.1921773781634303]",0,0
29069,[0.60298486 0.58164727],3,3,"[0.6601234827680622, 0.6109507568947781]",1,-1
29070,[0.24956496 0.19340716],1,2,"[0.294379027732062, 0.1921773781634303]",0,0
29071,[0.34457395 0.15635629],1,2,"[0.294379027732062, 0.1921773781634303]",0,0
29072,[0.68601627 0.63395667],3,3,"[0.6601234827680622, 0.6109507568947781]",1,-1
29073,[0.65543658 0.70431618],3,-1,-1,1,-1
29074,[0.40018402 0.53007154],0,1,"[0.37965276877051146, 0.575157747726818]",1,-1
29075,[0.36805409 0.2299607 ],1,-1,-1,0,0
29076,[0.25071692 0.13501918],1,-1,-1,0,0
29077,[0.71770325 0.74903421],2,-1,-1,1,-1
29078,[0.92274117 0.74936426],2,-1,-1,1,-1
29079,[0.65271035 0.53937376],3,-1,-1,1,-1
29080,[0.67411504 0.60758931],3,3,"[0.6601234827680622, 0.6109507568947781]",1,-1
29081,[0.30759273 0.0776624 ],1,-1,-1,0,0
29082,[0.62759764 0.64192676],3,3,"[0.6601234827680622, 0.6109507568947781]",1,-1
29083,[0.31648146 0.20862757],1,2,"[0.294379027732062, 0.1921773781634303]",0,0
29084,[0.67989514 0.7099561 ],2,-1,-1,1,-1
29085,[0.28760027 0.19713003],1,2,"[0.294379027732062, 0.1921773781634303]",0,0
29086,[0.25140348 0.21984037],1,2,"[0.294379027732062, 0.1921773781634303]",0,0
29087,[0.3187115 0.6124656],0,-1,-1,1,-1
29088,[0.2704777  0.19924512],1,2,"[0.294379027732062, 0.1921773781634303]",0,0
29089,[0.77204324 0.66697451],2,0,"[0.7890750777399501, 0.6799557517006445]",1,3
29090,[0.70267992 0.61161323],3,3,"[0.6601234827680622, 0.6109507568947781]",1,-1
29091,[0.80569803 0.71989985],2,0,"[0.7890750777399501, 0.6799557517006445]",1,-1
29092,[0.37634171 0.57008826],0,1,"[0.37965276877051146, 0.575157747726818]",1,1
29093,[0.78941107 0.72631388],2,0,"[0.7890750777399501, 0.6799557517006445]",1,-1
29094,[0.64991449 0.6095371 ],3,3,"[0.6601234827680622, 0.6109507568947781]",1,6
29095,[0.69120627 0.59839368],3,3,"[0.6601234827680622, 0.6109507568947781]",1,-1
29096,[0.32862525 0.26948846],1,-1,-1,0,0
29097,[0.70229403 0.54698059],3,-1,-1,1,-1
29098,[0.35638906 0.20726058],1,2,"[0.294379027732062, 0.1921773781634303]",0,0
29099,[0.39507288 0.61963389],0,1,"[0.37965276877051146, 0.575157747726818]",1,-1
29100,[0.84918314 0.71997797],2,-1,-1,1,-1
29101,[0.37143269 0.2326835 ],1,-1,-1,0,0
29102,[0.57381905 0.69766851],3,-1,-1,1,-1
29103,[0.81294039 0.72658812],2,0,"[0.7890750777399501, 0.6799557517006445]",1,-1
29104,[0.75483212 0.64348646],2,0,"[0.7890750777399501, 0.6799557517006445]",1,-1
29105,[0.32586888 0.5839899 ],0,1,"[0.37965276877051146, 0.575157747726818]",1,-1
29106,[0.65148891 0.63441092],3,3,"[0.6601234827680622, 0.6109507568947781]",1,-1
29107,[0.44147102 0.63367651],0,-1,-1,1,-1
29108,[0.28503825 0.23149437],1,2,"[0.294379027732062, 0.1921773781634303]",0,0
29109,[0.37978956 0.50224307],0,-1,-1,1,-1
29110,[0.69476172 0.5867867 ],3,3,"[0.6601234827680622, 0.6109507568947781]",1,-1
29111,[0.412591   0.58171274],0,1,"[0.37965276877051146, 0.575157747726818]",1,-1
29112,[0.30970124 0.17804735],1,2,"[0.294379027732062, 0.1921773781634303]",0,0
29113,[0.73854329 0.69971492],3,0,"[0.7890750777399501, 0.6799557517006445]",1,-1
29114,[0.22600791 0.15008999],1,-1,-1,0,0
29115,[0.6071871  0.57030789],3,3,"[0.6601234827680622, 0.6109507568947781]",1,-1
29116,[0.68915758 0.62714375],3,3,"[0.6601234827680622, 0.6109507568947781]",1,7
29117,[0.68462002 0.71957931],2,-1,-1,1,-1
29118,[0.33299975 0.17766416],1,2,"[0.294379027732062, 0.1921773781634303]",0,0
29119,[0.87050271 0.66970727],2,-1,-1,1,-1
29120,[0.32033795 0.61174283],0,1,"[0.37965276877051146, 0.575157747726818]",1,-1
29121,[0.79574409 0.7158356 ],2,0,"[0.7890750777399501, 0.6799557517006445]",1,-1
29122,[0.62412414 0.50996394],3,-1,-1,1,-1
29123,[0.84630534 0.68582432],2,0,"[0.7890750777399501, 0.6799557517006445]",1,-1
29124,[0.34895976 0.51304166],0,1,"[0.37965276877051146, 0.575157747726818]",1,-1
29125,[0.33866317 0.27734132],1,-1,-1,0,0
29126,[0.85755748 0.72751772],2,-1,-1,1,-1
29127,[0.7815768  0.63845038],2,0,"[0.7890750777399501, 0.6799557517006445]",1,-1
29128,[0.33063853 0.61698977],0,1,"[0.37965276877051146, 0.575157747726818]",1,-1
29129,[0.28938912 0.12254929],1,2,"[0.294379027732062, 0.1921773781634303]",0,0
29130,[0.29118774 0.61519149],0,-1,-1,1,-1
29131,[0.35028977 0.23508891],1,-1,-1,0,0
29132,[0.74928103 0.70936889],2,0,"[0.7890750777399501, 0.6799557517006445]",1,-1
29133,[0.68168194 0.6080897 ],3,3,"[0.6601234827680622, 0.6109507568947781]",1,5
29134,[0.74924809 0.64681459],2,0,"[0.7890750777399501, 0.6799557517006445]",1,-1
29135,[0.59066582 0.59728485],3,-1,-1,1,-1
29136,[0.73287752 0.66207633],2,0,"[0.7890750777399501, 0.6799557517006445]",1,-1
29137,[0.25821747 0.15491731],1,2,"[0.294379027732062, 0.1921773781634303]",0,0
29138,[0.61912992 0.57226584],3,3,"[0.6601234827680622, 0.6109507568947781]",1,-1
29139,[0.2825304 0.2384603],1,2,"[0.294379027732062, 0.1921773781634303]",0,0
29140,[0.6709737  0.59657599],3,3,"[0.6601234827680622, 0.6109507568947781]",1,-1
29141,[0.81193196 0.6577151 ],2,0,"[0.7890750777399501, 0.6799557517006445]",1,-1
29142,[0.72449808 0.59567803],3,3,"[0.6601234827680622, 0.6109507568947781]",1,-1
29143,[0.8567938  0.72503149],2,-1,-1,1,-1
29144,[0.88897673 0.60480628],2,-1,-1,1,-1
29145,[0.28039026 0.68116238],0,-1,-1,1,-1
29146,[0.4240979  0.55821912],0,1,"[0.37965276877051146, 0.575157747726818]",1,-1
29147,[0.34400695 0.61851298],0,1,"[0.37965276877051146, 0.575157747726818]",1,-1
29148,[0.20428763 0.14686828],1,-1,-1,0,0
29149,[0.84699576 0.68722087],2,0,"[0.7890750777399501, 0.6799557517006445]",1,-1
29150,[0.66713206 0.65617356],3,3,"[0.6601234827680622, 0.6109507568947781]",1,-1
29151,[0.80525426 0.6182739 ],2,0,"[0.7890750777399501, 0.6799557517006445]",1,-1
29152,[0.66794106 0.60109212],3,3,"[0.6601234827680622, 0.6109507568947781]",1,-1
29153,[0.82368578 0.55242711],2,-1,-1,1,-1
29154,[0.30939323 0.60670086],0,-1,-1,1,-1
29155,[0.42676673 0.47201776],0,-1,-1,1,-1
29156,[0.34030304 0.1148201 ],1,-1,-1,0,0
29157,[0.78861321 0.74480602],2,0,"[0.7890750777399501, 0.6799557517006445]",1,-1
29158,[0.60863631 0.61878438],3,3,"[0.6601234827680622, 0.6109507568947781]",1,-1
29159,[0.32341805 0.50441378],0,-1,-1,1,-1
29160,[0.79495986 0.72765815],2,0,"[0.7890750777399501, 0.6799557517006445]",1,-1
29161,[0.29993724 0.62547587],0,-1,-1,1,-1
29162,[0.22838815 0.21282626],1,2,"[0.294379027732062, 0.1921773781634303]",0,0
29163,[0.68141372 0.56579826],3,3,"[0.6601234827680622, 0.6109507568947781]",1,-1
29164,[0.79179632 0.71398661],2,0,"[0.7890750777399501, 0.6799557517006445]",1,-1
29165,[0.73567693 0.68015439],3,0,"[0.7890750777399501, 0.6799557517006445]",1,-1
29166,[0.4203192  0.52849248],0,1,"[0.37965276877051146, 0.575157747726818]",1,-1
29167,[0.41714043 0.54917992],0,1,"[0.37965276877051146, 0.575157747726818]",1,-1
29168,[0.73051607 0.61983837],3,-1,-1,1,-1
29169,[0.57686568 0.60648062],3,-1,-1,1,-1
29170,[0.33821878 0.25083885],1,-1,-1,0,0
29171,[0.8339734  0.68595852],2,0,"[0.7890750777399501, 0.6799557517006445]",1,-1
29172,[0.40071515 0.46447071],0,-1,-1,1,-1
29173,[0.74655002 0.65174306],2,0,"[0.7890750777399501, 0.6799557517006445]",1,-1
29174,[0.29916524 0.63736611],0,-1,-1,1,-1
29175,[0.37448226 0.54823307],0,1,"[0.37965276877051146, 0.575157747726818]",1,-1
29176,[0.66809023 0.66035872],3,3,"[0.6601234827680622, 0.6109507568947781]",1,-1
29177,[0.3661654  0.50273708],0,-1,-1,1,-1
29178,[0.82729273 0.7165672 ],2,0,"[0.7890750777399501, 0.6799557517006445]",1,-1
29179,[0.74124465 0.69458059],2,0,"[0.7890750777399501, 0.6799557517006445]",1,-1
29180,[0.38010624 0.26317799],1,-1,-1,0,0
29181,[0.28669447 0.12533292],1,2,"[0.294379027732062, 0.1921773781634303]",0,0
29182,[0.72538062 0.65885944],2,0,"[0.7890750777399501, 0.6799557517006445]",1,-1
29183,[0.35389222 0.63305617],0,1,"[0.37965276877051146, 0.575157747726818]",1,-1
29184,[0.38988948 0.5426616 ],0,1,"[0.37965276877051146, 0.575157747726818]",1,-1
29185,[0.25999237 0.17109456],1,2,"[0.294379027732062, 0.1921773781634303]",0,0
29186,[0.75894007 0.59029248],3,-1,-1,1,-1
29187,[0.81625695 0.72752792],2,0,"[0.7890750777399501, 0.6799557517006445]",1,-1
29188,[0.7130276  0.63005781],3,3,"[0.6601234827680622, 0.6109507568947781]",1,-1
29189,[0.62492348 0.56204709],3,3,"[0.6601234827680622, 0.6109507568947781]",1,-1
29190,[0.79074586 0.6417544 ],2,0,"[0.7890750777399501, 0.6799557517006445]",1,-1
29191,[0.30130613 0.27924045],1,-1,-1,0,0
29192,[0.79165072 0.61978224],2,0,"[0.7890750777399501, 0.6799557517006445]",1,-1
29193,[0.35115084 0.53102557],0,1,"[0.37965276877051146, 0.575157747726818]",1,-1
29194,[0.80089814 0.62074935],2,0,"[0.7890750777399501, 0.6799557517006445]",1,-1
29195,[0.61919596 0.61103183],3,3,"[0.6601234827680622, 0.6109507568947781]",1,-1
29196,[0.26229186 0.16826797],1,2,"[0.294379027732062, 0.1921773781634303]",0,0
29197,[0.31286266 0.25500421],1,2,"[0.294379027732062, 0.1921773781634303]",0,0
29198,[0.33278102 0.18380079],1,2,"[0.294379027732062, 0.1921773781634303]",0,0
29199,[0.42974532 0.16813907],1,-1,-1,0,0
29200,[0.38967509 0.52564505],0,1,"[0.37965276877051146, 0.575157747726818]",1,-1
29201,[0.31360314 0.24741016],1,2,"[0.294379027732062, 0.1921773781634303]",0,0
29202,[0.6326249  0.62688787],3,3,"[0.6601234827680622, 0.6109507568947781]",1,-1
29203,[0.78138064 0.65039837],2,0,"[0.7890750777399501, 0.6799557517006445]",1,-1
29204,[0.34816456 0.16141036],1,2,"[0.294379027732062, 0.1921773781634303]",0,0
29205,[0.20809004 0.15179743],1,-1,-1,0,0
29206,[0.29172597 0.18463975],1,2,"[0.294379027732062, 0.1921773781634303]",0,0
29207,[0.76270861 0.64310442],2,0,"[0.7890750777399501, 0.6799557517006445]",1,-1
29208,[0.28857669 0.17186544],1,2,"[0.294379027732062, 0.1921773781634303]",0,0
29209,[0.80956702 0.63369093],2,0,"[0.7890750777399501, 0.6799557517006445]",1,-1
29210,[0.67604623 0.63034658],3,3,"[0.6601234827680622, 0.6109507568947781]",1,-1
29211,[0.70996298 0.64806966],3,3,"[0.6601234827680622, 0.6109507568947781]",1,-1
29212,[0.61717852 0.52934508],3,-1,-1,1,-1
29213,[0.41374846 0.52983055],0,1,"[0.37965276877051146, 0.575157747726818]",1,-1
29214,[0.85726711 0.69328275],2,0,"[0.7890750777399501, 0.6799557517006445]",1,-1
29215,[0.29311824 0.52614641],0,-1,-1,1,-1
29216,[0.30689365 0.10348132],1,-1,-1,0,0
29217,[0.62973612 0.68391479],3,-1,-1,1,-1
29218,[0.34026071 0.63472197],0,-1,-1,1,-1
29219,[0.35778848 0.13825836],1,-1,-1,0,0
29220,[0.33988505 0.05845462],1,-1,-1,0,0
29221,[0.60378326 0.62065411],3,3,"[0.6601234827680622, 0.6109507568947781]",1,-1
29222,[0.2103498  0.18149355],1,-1,-1,0,0
29223,[0.39782702 0.63489808],0,1,"[0.37965276877051146, 0.575157747726818]",1,-1
29224,[0.75676162 0.60345963],2,-1,-1,1,-1
29225,[0.78781818 0.68833876],2,0,"[0.7890750777399501, 0.6799557517006445]",1,-1
29226,[0.71276928 0.72491109],2,-1,-1,1,-1
29227,[0.25298204 0.14043816],1,2,"[0.294379027732062, 0.1921773781634303]",0,0
29228,[0.78613874 0.77340002],2,-1,-1,1,-1
29229,[0.26192278 0.10314759],1,-1,-1,0,0
29230,[0.4370044 0.4761707],0,-1,-1,1,-1
29231,[0.28967071 0.18681331],1,2,"[0.294379027732062, 0.1921773781634303]",0,0
29232,[0.35257249 0.620021  ],0,1,"[0.37965276877051146, 0.575157747726818]",1,-1
29233,[0.30090229 0.19413713],1,2,"[0.294379027732062, 0.1921773781634303]",0,0
29234,[0.47343566 0.50822158],0,-1,-1,1,-1
29235,[0.59986876 0.6582749 ],3,-1,-1,1,-1
29236,[0.77493252 0.61219407],2,0,"[0.7890750777399501, 0.6799557517006445]",1,-1
29237,[0.31683419 0.21821911],1,2,"[0.294379027732062, 0.1921773781634303]",0,0
29238,[0.40097761 0.62139452],0,1,"[0.37965276877051146, 0.575157747726818]",1,-1
29239,[0.44851053 0.47784518],0,-1,-1,1,-1
29240,[0.74505006 0.62678761],3,0,"[0.7890750777399501, 0.6799557517006445]",1,-1
29241,[0.78103838 0.72654635],2,0,"[0.7890750777399501, 0.6799557517006445]",1,-1
29242,[0.31283841 0.27271688],1,-1,-1,0,0
29243,[0.70856062 0.61549611],2,3,"[0.6601234827680622, 0.6109507568947781]",1,-1
29244,[0.37857327 0.6272321 ],0,1,"[0.37965276877051146, 0.575157747726818]",1,-1
29245,[0.36619916 0.54412387],0,1,"[0.37965276877051146, 0.575157747726818]",1,-1
29246,[0.78183648 0.68194684],2,0,"[0.7890750777399501, 0.6799557517006445]",1,4
29247,[0.34049539 0.56152149],0,1,"[0.37965276877051146, 0.575157747726818]",1,-1
29248,[0.30183057 0.21083873],1,2,"[0.294379027732062, 0.1921773781634303]",0,0
29249,[0.28057763 0.16341635],1,2,"[0.294379027732062, 0.1921773781634303]",0,0
29250,[0.57271126 0.57664346],3,-1,-1,1,-1
29251,[0.30528537 0.16549527],1,2,"[0.294379027732062, 0.1921773781634303]",0,0
29252,[0.61349578 0.63988783],3,3,"[0.6601234827680622, 0.6109507568947781]",1,-1
29253,[0.85686696 0.71193936],2,-1,-1,1,-1
29254,[0.58236158 0.62715294],3,-1,-1,1,-1
29255,[0.32269122 0.21090696],1,2,"[0.294379027732062, 0.1921773781634303]",0,0
29256,[0.37247917 0.22573826],1,-1,-1,0,0
29257,[0.28760961 0.21309616],1,2,"[0.294379027732062, 0.1921773781634303]",0,0
29258,[0.36825789 0.23587089],1,-1,-1,0,0
29259,[0.7436254  0.62047461],2,-1,-1,1,-1
29260,[0.66021652 0.61624227],3,3,"[0.6601234827680622, 0.6109507568947781]",1,-1
29261,[0.39648393 0.61042125],0,1,"[0.37965276877051146, 0.575157747726818]",1,-1
29262,[0.35634065 0.5642942 ],0,1,"[0.37965276877051146, 0.575157747726818]",1,-1
29263,[0.30338451 0.16450614],1,2,"[0.294379027732062, 0.1921773781634303]",0,0
29264,[0.26042689 0.21198265],1,2,"[0.294379027732062, 0.1921773781634303]",0,0
29265,[0.32778529 0.22486301],1,2,"[0.294379027732062, 0.1921773781634303]",0,0
29266,[0.694609   0.57503561],3,3,"[0.6601234827680622, 0.6109507568947781]",1,-1
29267,[0.3788666  0.60649863],0,1,"[0.37965276877051146, 0.575157747726818]",1,-1
29268,[0.24984831 0.23553277],1,2,"[0.294379027732062, 0.1921773781634303]",0,0
29269,[0.75423367 0.67061437],2,0,"[0.7890750777399501, 0.6799557517006445]",1,-1
29270,[0.70108347 0.6223428 ],3,3,"[0.6601234827680622, 0.6109507568947781]",1,-1
29271,[0.85042438 0.64636506],2,0,"[0.7890750777399501, 0.6799557517006445]",1,-1
29272,[0.39084567 0.12399321],1,-1,-1,0,0
29273,[0.8277588  0.54043987],2,-1,-1,1,-1
29274,[0.7686383  0.67910632],2,0,"[0.7890750777399501, 0.6799557517006445]",1,4
29275,[0.78359873 0.70984637],2,0,"[0.7890750777399501, 0.6799557517006445]",1,-1
29276,[0.4032123  0.57218597],0,1,"[0.37965276877051146, 0.575157747726818]",1,-1
29277,[0.37962752 0.51459888],0,1,"[0.37965276877051146, 0.575157747726818]",1,-1
29278,[0.70893296 0.61075665],3,3,"[0.6601234827680622, 0.6109507568947781]",1,-1
29279,[0.76242726 0.65371595],2,0,"[0.7890750777399501, 0.6799557517006445]",1,-1
29280,[0.66639217 0.61891029],3,3,"[0.6601234827680622, 0.6109507568947781]",1,-1
29281,[0.33623168 0.54597324],0,1,"[0.37965276877051146, 0.575157747726818]",1,-1
29282,[0.33529035 0.26101851],1,-1,-1,0,0
29283,[0.60900534 0.57076367],3,3,"[0.6601234827680622, 0.6109507568947781]",1,-1
29284,[0.29546106 0.18208965],1,2,"[0.294379027732062, 0.1921773781634303]",0,0
29285,[0.27905258 0.16810339],1,2,"[0.294379027732062, 0.1921773781634303]",0,0
29286,[0.32715629 0.58999292],0,1,"[0.37965276877051146, 0.575157747726818]",1,-1
29287,[0.27291076 0.21202634],1,2,"[0.294379027732062, 0.1921773781634303]",0,0
29288,[0.70794223 0.56473493],2,3,"[0.6601234827680622, 0.6109507568947781]",1,-1
29289,[0.25317149 0.17455524],1,2,"[0.294379027732062, 0.1921773781634303]",0,0
29290,[0.65786641 0.69819588],3,-1,-1,1,-1
29291,[0.62527418 0.5512328 ],3,3,"[0.6601234827680622, 0.6109507568947781]",1,-1
29292,[0.68304424 0.60764535],3,3,"[0.6601234827680622, 0.6109507568947781]",1,5
29293,[0.64657009 0.63964171],3,3,"[0.6601234827680622, 0.6109507568947781]",1,-1
29294,[0.70038809 0.57222668],3,3,"[0.6601234827680622, 0.6109507568947781]",1,-1
29295,[0.84551107 0.68349445],2,0,"[0.7890750777399501, 0.6799557517006445]",1,-1
29296,[0.77074    0.74876415],2,-1,-1,1,-1
29297,[0.33843497 0.14744147],1,2,"[0.294379027732062, 0.1921773781634303]",0,0
29298,[0.67480185 0.59400203],3,3,"[0.6601234827680622, 0.6109507568947781]",1,-1
29299,[0.28744058 0.20093121],1,2,"[0.294379027732062, 0.1921773781634303]",0,0
29300,[0.34572215 0.13493696],1,-1,-1,0,0
29301,[0.36862839 0.62180899],0,1,"[0.37965276877051146, 0.575157747726818]",1,-1
29302,[0.69912228 0.63159337],3,3,"[0.6601234827680622, 0.6109507568947781]",1,-1
29303,[0.41650155 0.72161298],0,-1,-1,1,-1
29304,[0.41712618 0.5561697 ],0,1,"[0.37965276877051146, 0.575157747726818]",1,-1
29305,[0.7693342 0.6361482],2,0,"[0.7890750777399501, 0.6799557517006445]",1,-1
29306,[0.26906821 0.26916668],1,-1,-1,0,0
29307,[0.92033908 0.70738497],2,-1,-1,1,-1
29308,[0.41603848 0.5312221 ],0,1,"[0.37965276877051146, 0.575157747726818]",1,-1
29309,[0.2708351  0.22196449],1,2,"[0.294379027732062, 0.1921773781634303]",0,0
29310,[0.32957198 0.11753971],1,-1,-1,0,0
29311,[0.23155717 0.19082978],1,2,"[0.294379027732062, 0.1921773781634303]",0,0
29312,[0.61941819 0.53809926],3,-1,-1,1,-1
29313,[0.67583212 0.54601451],3,3,"[0.6601234827680622, 0.6109507568947781]",1,-1
29314,[0.70802077 0.6417866 ],3,3,"[0.6601234827680622, 0.6109507568947781]",1,-1
29315,[0.44579553 0.53073694],0,-1,-1,1,-1
29316,[0.29444753 0.13073044],1,2,"[0.294379027732062, 0.1921773781634303]",0,0
29317,[0.70574096 0.54668371],3,-1,-1,1,-1
29318,[0.33921035 0.15217087],1,2,"[0.294379027732062, 0.1921773781634303]",0,0
29319,[0.36929312 0.50883385],0,1,"[0.37965276877051146, 0.575157747726818]",1,-1
29320,[0.70692597 0.66694034],2,-1,-1,1,-1
29321,[0.6620374  0.66773063],3,3,"[0.6601234827680622, 0.6109507568947781]",1,-1
29322,[0.6791819  0.61531141],2,3,"[0.6601234827680622, 0.6109507568947781]",1,5
29323,[0.44994302 0.53472765],0,-1,-1,1,-1
29324,[0.69427066 0.63336211],2,3,"[0.6601234827680622, 0.6109507568947781]",1,-1
29325,[0.64998967 0.60534128],3,3,"[0.6601234827680622, 0.6109507568947781]",1,6
29326,[0.84716771 0.65515746],2,0,"[0.7890750777399501, 0.6799557517006445]",1,-1
29327,[0.35258345 0.61843203],0,1,"[0.37965276877051146, 0.575157747726818]",1,-1
29328,[0.85309574 0.71257563],2,-1,-1,1,-1
29329,[0.26529092 0.23537857],1,2,"[0.294379027732062, 0.1921773781634303]",0,0
29330,[0.57374554 0.58613677],3,-1,-1,1,-1
29331,[0.23072291 0.15572382],1,-1,-1,0,0
29332,[0.35832303 0.54143657],0,1,"[0.37965276877051146, 0.575157747726818]",1,-1
29333,[0.73536508 0.56692918],3,-1,-1,1,-1
29334,[0.66613997 0.59984316],3,3,"[0.6601234827680622, 0.6109507568947781]",1,-1
29335,[0.41536316 0.56541495],0,1,"[0.37965276877051146, 0.575157747726818]",1,-1
29336,[0.94691083 0.68263204],2,-1,-1,1,-1
29337,[0.6722547  0.54543925],3,3,"[0.6601234827680622, 0.6109507568947781]",1,-1
29338,[0.70625336 0.61003167],3,3,"[0.6601234827680622, 0.6109507568947781]",1,-1
29339,[0.90070403 0.65368304],2,-1,-1,1,-1
29340,[0.68251733 0.60871908],3,3,"[0.6601234827680622, 0.6109507568947781]",1,5
29341,[0.71484755 0.61902072],3,3,"[0.6601234827680622, 0.6109507568947781]",1,-1
29342,[0.27550487 0.58318112],0,-1,-1,1,-1
29343,[0.43805302 0.15445021],1,-1,-1,0,0
29344,[0.32080269 0.14766986],1,2,"[0.294379027732062, 0.1921773781634303]",0,0
29345,[0.81417666 0.77770687],2,-1,-1,1,-1
29346,[0.59712091 0.58783768],3,3,"[0.6601234827680622, 0.6109507568947781]",1,-1
29347,[0.72649183 0.56111183],3,-1,-1,1,-1
29348,[0.2936044  0.18736477],1,2,"[0.294379027732062, 0.1921773781634303]",0,0
29349,[0.87449617 0.72590531],2,-1,-1,1,-1
29350,[0.33203132 0.57375022],0,1,"[0.37965276877051146, 0.575157747726818]",1,-1
29351,[0.68045668 0.51291333],3,-1,-1,1,-1
29352,[0.59113944 0.58528249],3,-1,-1,1,-1
29353,[0.22745614 0.22318725],1,-1,-1,0,0
29354,[0.20844056 0.19788333],1,-1,-1,0,0
29355,[0.73792373 0.5273082 ],3,-1,-1,1,-1
29356,[0.41303778 0.55676535],0,1,"[0.37965276877051146, 0.575157747726818]",1,-1
29357,[0.79002964 0.63841744],2,0,"[0.7890750777399501, 0.6799557517006445]",1,-1
29358,[0.61329272 0.61732904],3,3,"[0.6601234827680622, 0.6109507568947781]",1,-1
29359,[0.75448556 0.73645627],2,0,"[0.7890750777399501, 0.6799557517006445]",1,-1
29360,[0.27951804 0.18321147],1,2,"[0.294379027732062, 0.1921773781634303]",0,0
29361,[0.66778418 0.62402251],3,3,"[0.6601234827680622, 0.6109507568947781]",1,7
29362,[0.3671207  0.16934948],1,-1,-1,0,0
29363,[0.78655   0.6458609],2,0,"[0.7890750777399501, 0.6799557517006445]",1,-1
29364,[0.81417725 0.68692674],2,0,"[0.7890750777399501, 0.6799557517006445]",1,4
29365,[0.31901221 0.53599364],0,-1,-1,1,-1
29366,[0.79292985 0.6451018 ],2,0,"[0.7890750777399501, 0.6799557517006445]",1,-1
29367,[0.68098778 0.696202  ],3,-1,-1,1,-1
29368,[0.43782276 0.56438105],0,1,"[0.37965276877051146, 0.575157747726818]",1,-1
29369,[0.71778101 0.69970187],2,-1,-1,1,-1
29370,[0.72310672 0.55938931],3,-1,-1,1,-1
29371,[0.62369429 0.54868479],3,-1,-1,1,-1
29372,[0.83782123 0.71001941],2,0,"[0.7890750777399501, 0.6799557517006445]",1,-1
29373,[0.64267541 0.65864931],3,3,"[0.6601234827680622, 0.6109507568947781]",1,-1
29374,[0.3534288  0.59255466],0,1,"[0.37965276877051146, 0.575157747726818]",1,-1
29375,[0.59717508 0.66792564],3,-1,-1,1,-1
29376,[0.64766375 0.56605619],3,3,"[0.6601234827680622, 0.6109507568947781]",1,-1
29377,[0.75845145 0.57616261],3,-1,-1,1,-1
29378,[0.43767842 0.44532815],0,-1,-1,1,-1
29379,[0.80050107 0.69827401],2,0,"[0.7890750777399501, 0.6799557517006445]",1,-1
29380,[0.34615863 0.19930404],1,2,"[0.294379027732062, 0.1921773781634303]",0,0
29381,[0.7702612  0.74548996],2,0,"[0.7890750777399501, 0.6799557517006445]",1,-1
29382,[0.85897686 0.71316422],2,-1,-1,1,-1
29383,[0.6833922  0.55975855],3,3,"[0.6601234827680622, 0.6109507568947781]",1,-1
29384,[0.79148361 0.61967018],2,0,"[0.7890750777399501, 0.6799557517006445]",1,-1
29385,[0.33629053 0.14606423],1,2,"[0.294379027732062, 0.1921773781634303]",0,0
29386,[0.81584906 0.68311025],2,0,"[0.7890750777399501, 0.6799557517006445]",1,4
29387,[0.27252366 0.17522904],1,2,"[0.294379027732062, 0.1921773781634303]",0,0
29388,[0.3005131  0.14206293],1,2,"[0.294379027732062, 0.1921773781634303]",0,0
29389,[0.34248395 0.16947861],1,2,"[0.294379027732062, 0.1921773781634303]",0,0
29390,[0.64006061 0.60506791],3,3,"[0.6601234827680622, 0.6109507568947781]",1,-1
29391,[0.36319969 0.6159963 ],0,1,"[0.37965276877051146, 0.575157747726818]",1,-1
29392,[0.31641381 0.56194218],0,1,"[0.37965276877051146, 0.575157747726818]",1,-1
29393,[0.38914621 0.53410977],0,1,"[0.37965276877051146, 0.575157747726818]",1,-1
29394,[0.8229311  0.72315277],2,0,"[0.7890750777399501, 0.6799557517006445]",1,-1
29395,[0.29961026 0.14847751],1,2,"[0.294379027732062, 0.1921773781634303]",0,0
29396,[0.68721959 0.5595891 ],3,3,"[0.6601234827680622, 0.6109507568947781]",1,-1
29397,[0.29546189 0.17488837],1,2,"[0.294379027732062, 0.1921773781634303]",0,0
29398,[0.76652263 0.62133116],2,0,"[0.7890750777399501, 0.6799557517006445]",1,-1
29399,[0.66704492 0.53694774],3,-1,-1,1,-1
29400,[0.65088065 0.64796135],3,3,"[0.6601234827680622, 0.6109507568947781]",1,-1
29401,[0.27912189 0.30113647],1,-1,-1,0,0
29402,[0.35113866 0.23961276],1,-1,-1,0,0
29403,[0.35255064 0.26360895],1,-1,-1,0,0
29404,[0.68148311 0.61202145],3,3,"[0.6601234827680622, 0.6109507568947781]",1,-1
29405,[0.41978674 0.57109895],0,1,"[0.37965276877051146, 0.575157747726818]",1,-1
29406,[0.86248639 0.72704156],2,-1,-1,1,-1
29407,[0.6493604  0.62690568],3,3,"[0.6601234827680622, 0.6109507568947781]",1,-1
29408,[0.31322306 0.57452881],0,1,"[0.37965276877051146, 0.575157747726818]",1,-1
29409,[0.66661829 0.62266753],3,3,"[0.6601234827680622, 0.6109507568947781]",1,7
29410,[0.4004169  0.54715943],0,1,"[0.37965276877051146, 0.575157747726818]",1,-1
29411,[0.79628808 0.63611731],2,0,"[0.7890750777399501, 0.6799557517006445]",1,-1
29412,[0.81513043 0.63096164],2,0,"[0.7890750777399501, 0.6799557517006445]",1,-1
29413,[0.33652501 0.17573655],1,2,"[0.294379027732062, 0.1921773781634303]",0,0
29414,[0.49203838 0.50674691],0,-1,-1,1,-1
29415,[0.76490561 0.69484327],2,0,"[0.7890750777399501, 0.6799557517006445]",1,-1
29416,[0.43893686 0.54079401],0,1,"[0.37965276877051146, 0.575157747726818]",1,-1
29417,[0.85463136 0.67770206],2,0,"[0.7890750777399501, 0.6799557517006445]",1,-1
29418,[0.76064018 0.59096558],2,-1,-1,1,-1
29419,[0.80325106 0.67054727],2,0,"[0.7890750777399501, 0.6799557517006445]",1,4
29420,[0.31380933 0.17906309],1,2,"[0.294379027732062, 0.1921773781634303]",0,0
29421,[0.77640438 0.65488294],2,0,"[0.7890750777399501, 0.6799557517006445]",1,-1
29422,[0.68867467 0.56670135],3,3,"[0.6601234827680622, 0.6109507568947781]",1,-1
29423,[0.40510438 0.63694355],0,1,"[0.37965276877051146, 0.575157747726818]",1,-1
29424,[0.39118403 0.53852256],0,1,"[0.37965276877051146, 0.575157747726818]",1,-1
29425,[0.35367002 0.56708673],0,1,"[0.37965276877051146, 0.575157747726818]",1,-1
29426,[0.70768869 0.62887266],2,3,"[0.6601234827680622, 0.6109507568947781]",1,-1
29427,[0.69042495 0.70299066],3,-1,-1,1,-1
29428,[0.65220333 0.60890973],3,3,"[0.6601234827680622, 0.6109507568947781]",1,6
29429,[0.23491966 0.19360476],1,2,"[0.294379027732062, 0.1921773781634303]",0,0
29430,[0.68594109 0.64580037],3,3,"[0.6601234827680622, 0.6109507568947781]",1,-1
29431,[0.38698612 0.67163175],0,-1,-1,1,-1
29432,[0.85640834 0.63427145],2,-1,-1,1,-1
29433,[0.83036184 0.77237627],2,-1,-1,1,-1
29434,[0.31280235 0.22790337],1,2,"[0.294379027732062, 0.1921773781634303]",0,0
29435,[0.66818051 0.73136479],2,-1,-1,1,-1
29436,[0.6783401  0.63779439],3,3,"[0.6601234827680622, 0.6109507568947781]",1,-1
29437,[0.30110597 0.27206941],1,-1,-1,0,0
29438,[0.3006073 0.1373918],1,2,"[0.294379027732062, 0.1921773781634303]",0,0
29439,[0.67406003 0.62071749],3,3,"[0.6601234827680622, 0.6109507568947781]",1,-1
29440,[0.65134329 0.53713052],3,-1,-1,1,-1
29441,[0.79025749 0.65302895],2,0,"[0.7890750777399501, 0.6799557517006445]",1,-1
29442,[0.793563   0.56140688],2,-1,-1,1,-1
29443,[0.77922151 0.68954071],2,0,"[0.7890750777399501, 0.6799557517006445]",1,-1
29444,[0.2979771  0.62678965],0,-1,-1,1,-1
29445,[0.3115775  0.60627448],0,-1,-1,1,-1
29446,[0.44176668 0.60516768],0,1,"[0.37965276877051146, 0.575157747726818]",1,-1
29447,[0.66184633 0.6264118 ],3,3,"[0.6601234827680622, 0.6109507568947781]",1,-1
29448,[0.67322441 0.5977176 ],3,3,"[0.6601234827680622, 0.6109507568947781]",1,-1
29449,[0.36751295 0.56795146],0,1,"[0.37965276877051146, 0.575157747726818]",1,-1
29450,[0.34415784 0.52113113],0,1,"[0.37965276877051146, 0.575157747726818]",1,-1
29451,[0.34776195 0.20174733],1,2,"[0.294379027732062, 0.1921773781634303]",0,0
29452,[0.22612247 0.05404813],1,-1,-1,0,0
29453,[0.77234051 0.65900168],3,0,"[0.7890750777399501, 0.6799557517006445]",1,-1
29454,[0.42183885 0.57393374],0,1,"[0.37965276877051146, 0.575157747726818]",1,-1
29455,[0.60773461 0.60080772],3,3,"[0.6601234827680622, 0.6109507568947781]",1,-1
29456,[0.25590796 0.12847318],1,-1,-1,0,0
29457,[0.35003807 0.62388899],0,1,"[0.37965276877051146, 0.575157747726818]",1,-1
29458,[0.79144199 0.66084125],2,0,"[0.7890750777399501, 0.6799557517006445]",1,-1
29459,[0.41665807 0.59043839],0,1,"[0.37965276877051146, 0.575157747726818]",1,-1
29460,[0.77955609 0.67173378],2,0,"[0.7890750777399501, 0.6799557517006445]",1,-1
29461,[0.34992287 0.21972248],1,2,"[0.294379027732062, 0.1921773781634303]",0,0
29462,[0.26849596 0.17710578],1,2,"[0.294379027732062, 0.1921773781634303]",0,0
29463,[0.62637991 0.61885503],3,3,"[0.6601234827680622, 0.6109507568947781]",1,-1
29464,[0.42300706 0.61682257],0,1,"[0.37965276877051146, 0.575157747726818]",1,-1
29465,[0.29326129 0.64999929],0,-1,-1,1,-1
29466,[0.40236133 0.63983424],0,1,"[0.37965276877051146, 0.575157747726818]",1,-1
29467,[0.34190067 0.24223934],1,2,"[0.294379027732062, 0.1921773781634303]",0,0
29468,[0.46387283 0.60337555],0,-1,-1,1,-1
29469,[0.32048937 0.5147086 ],0,-1,-1,1,-1
29470,[0.82279347 0.67006886],2,0,"[0.7890750777399501, 0.6799557517006445]",1,-1
29471,[0.34474423 0.58174452],0,1,"[0.37965276877051146, 0.575157747726818]",1,-1
29472,[0.37520968 0.52088683],0,1,"[0.37965276877051146, 0.575157747726818]",1,-1
29473,[0.32787443 0.24381359],1,2,"[0.294379027732062, 0.1921773781634303]",0,0
29474,[0.19579025 0.19117009],1,-1,-1,0,0
29475,[0.84496058 0.7116705 ],2,0,"[0.7890750777399501, 0.6799557517006445]",1,-1
29476,[0.61010972 0.61626604],3,3,"[0.6601234827680622, 0.6109507568947781]",1,-1
29477,[0.68306812 0.51541776],3,-1,-1,1,-1
29478,[0.76129941 0.74802572],2,-1,-1,1,-1
29479,[0.25295396 0.54624781],0,-1,-1,1,-1
29480,[0.64626275 0.60877059],3,3,"[0.6601234827680622, 0.6109507568947781]",1,6
29481,[0.36787568 0.22652531],1,-1,-1,0,0
29482,[0.79619478 0.55955912],2,-1,-1,1,-1
29483,[0.41200553 0.61684868],0,1,"[0.37965276877051146, 0.575157747726818]",1,-1
29484,[0.7858299  0.70240715],2,0,"[0.7890750777399501, 0.6799557517006445]",1,-1
29485,[0.78576773 0.67504479],2,0,"[0.7890750777399501, 0.6799557517006445]",1,4
29486,[0.81264418 0.70622635],2,0,"[0.7890750777399501, 0.6799557517006445]",1,-1
29487,[0.71481136 0.63970437],3,3,"[0.6601234827680622, 0.6109507568947781]",1,-1
29488,[0.45309494 0.58499671],0,-1,-1,1,-1
29489,[0.32112206 0.1473414 ],1,2,"[0.294379027732062, 0.1921773781634303]",0,0
29490,[0.38614705 0.51761226],0,1,"[0.37965276877051146, 0.575157747726818]",1,-1
29491,[0.40797884 0.66178995],0,-1,-1,1,-1
29492,[0.73809575 0.63018116],3,-1,-1,1,-1
29493,[0.39197255 0.59347703],0,1,"[0.37965276877051146, 0.575157747726818]",1,-1
29494,[0.2698831  0.14179753],1,2,"[0.294379027732062, 0.1921773781634303]",0,0
29495,[0.62103008 0.55057722],3,-1,-1,1,-1
29496,[0.40426594 0.57253345],0,1,"[0.37965276877051146, 0.575157747726818]",1,-1
29497,[0.69349559 0.62790454],3,3,"[0.6601234827680622, 0.6109507568947781]",1,-1
29498,[0.75215567 0.74057713],2,-1,-1,1,-1
29499,[0.74647191 0.63479338],2,0,"[0.7890750777399501, 0.6799557517006445]",1,-1
29500,[0.44471431 0.58935418],0,1,"[0.37965276877051146, 0.575157747726818]",1,-1
29501,[0.68595284 0.57652308],3,3,"[0.6601234827680622, 0.6109507568947781]",1,-1
29502,[0.75576735 0.65951865],2,0,"[0.7890750777399501, 0.6799557517006445]",1,3
29503,[0.34583492 0.16045429],1,2,"[0.294379027732062, 0.1921773781634303]",0,0
29504,[0.41711343 0.59249936],0,1,"[0.37965276877051146, 0.575157747726818]",1,-1
29505,[0.6509542  0.60304611],3,3,"[0.6601234827680622, 0.6109507568947781]",1,6
29506,[0.7849273  0.72616937],2,0,"[0.7890750777399501, 0.6799557517006445]",1,-1
29507,[0.63478561 0.67608381],3,3,"[0.6601234827680622, 0.6109507568947781]",1,-1
29508,[0.63086334 0.6523168 ],3,3,"[0.6601234827680622, 0.6109507568947781]",1,-1
29509,[0.62616239 0.61569159],3,3,"[0.6601234827680622, 0.6109507568947781]",1,-1
29510,[0.3126318  0.49111931],0,-1,-1,1,-1
29511,[0.72654872 0.58766856],3,-1,-1,1,-1
29512,[0.40594109 0.61125239],0,1,"[0.37965276877051146, 0.575157747726818]",1,-1
29513,[0.36029146 0.60237995],0,1,"[0.37965276877051146, 0.575157747726818]",1,-1
29514,[0.79695385 0.70458266],2,0,"[0.7890750777399501, 0.6799557517006445]",1,-1
29515,[0.65403583 0.5909542 ],3,3,"[0.6601234827680622, 0.6109507568947781]",1,-1
29516,[0.34565939 0.50753872],0,-1,-1,1,-1
29517,[0.7285823  0.66815979],2,0,"[0.7890750777399501, 0.6799557517006445]",1,-1
29518,[0.3150593  0.17079097],1,2,"[0.294379027732062, 0.1921773781634303]",0,0
29519,[0.70891579 0.59890285],3,3,"[0.6601234827680622, 0.6109507568947781]",1,-1
29520,[0.64387114 0.51703192],3,-1,-1,1,-1
29521,[0.68874809 0.69299427],2,-1,-1,1,-1
29522,[0.68207781 0.6269923 ],3,3,"[0.6601234827680622, 0.6109507568947781]",1,7
29523,[0.3385275  0.12857865],1,-1,-1,0,0
29524,[0.23548787 0.17844203],1,2,"[0.294379027732062, 0.1921773781634303]",0,0
29525,[0.72967355 0.73129853],2,-1,-1,1,-1
29526,[0.79877396 0.70381434],2,0,"[0.7890750777399501, 0.6799557517006445]",1,-1
29527,[0.78767117 0.62953598],2,0,"[0.7890750777399501, 0.6799557517006445]",1,-1
29528,[0.37052081 0.23244267],1,-1,-1,0,0
29529,[0.67649561 0.54844814],3,3,"[0.6601234827680622, 0.6109507568947781]",1,-1
29530,[0.46709381 0.65261565],0,-1,-1,1,-1
29531,[0.61407332 0.62392488],3,3,"[0.6601234827680622, 0.6109507568947781]",1,-1
29532,[0.31568488 0.12679483],1,2,"[0.294379027732062, 0.1921773781634303]",0,0
29533,[0.45910343 0.47311057],0,-1,-1,1,-1
29534,[0.62857825 0.60438735],3,3,"[0.6601234827680622, 0.6109507568947781]",1,-1
29535,[0.32370124 0.25960333],1,-1,-1,0,0
29536,[0.75644966 0.67265575],2,0,"[0.7890750777399501, 0.6799557517006445]",1,-1
29537,[0.80602936 0.67640749],2,0,"[0.7890750777399501, 0.6799557517006445]",1,-1
29538,[0.31552487 0.13044273],1,2,"[0.294379027732062, 0.1921773781634303]",0,0
29539,[0.35712884 0.163835  ],1,2,"[0.294379027732062, 0.1921773781634303]",0,0
29540,[0.3371982  0.15715355],1,2,"[0.294379027732062, 0.1921773781634303]",0,0
29541,[0.63471178 0.61525063],3,3,"[0.6601234827680622, 0.6109507568947781]",1,-1
29542,[0.63886705 0.54983681],3,3,"[0.6601234827680622, 0.6109507568947781]",1,-1
29543,[0.26121812 0.13997938],1,2,"[0.294379027732062, 0.1921773781634303]",0,0
29544,[0.6908399  0.54372143],3,-1,-1,1,-1
29545,[0.6566365  0.56470969],3,3,"[0.6601234827680622, 0.6109507568947781]",1,-1
29546,[0.59635269 0.61426023],3,3,"[0.6601234827680622, 0.6109507568947781]",1,-1
29547,[0.349441   0.14139847],1,-1,-1,0,0
29548,[0.82048178 0.65363483],2,0,"[0.7890750777399501, 0.6799557517006445]",1,-1
29549,[0.69084262 0.68625149],3,-1,-1,1,-1
29550,[0.65220947 0.6264398 ],3,3,"[0.6601234827680622, 0.6109507568947781]",1,-1
29551,[0.24500766 0.53449224],0,-1,-1,1,-1
29552,[0.34252621 0.17095484],1,2,"[0.294379027732062, 0.1921773781634303]",0,0
29553,[0.33484779 0.58125393],0,1,"[0.37965276877051146, 0.575157747726818]",1,-1
29554,[0.6643789  0.54323381],3,3,"[0.6601234827680622, 0.6109507568947781]",1,-1
29555,[0.64683177 0.50391707],3,-1,-1,1,-1
29556,[0.2744451  0.12918408],1,2,"[0.294379027732062, 0.1921773781634303]",0,0
29557,[0.73251488 0.56888605],3,-1,-1,1,-1
29558,[0.32069421 0.2495579 ],1,2,"[0.294379027732062, 0.1921773781634303]",0,0
29559,[0.4395992  0.57201155],0,1,"[0.37965276877051146, 0.575157747726818]",1,-1
29560,[0.71115263 0.76681563],2,-1,-1,1,-1
29561,[0.37596371 0.57032134],0,1,"[0.37965276877051146, 0.575157747726818]",1,1
29562,[0.53934973 0.56272538],0,-1,-1,1,-1
29563,[0.63889257 0.54753223],3,3,"[0.6601234827680622, 0.6109507568947781]",1,-1
29564,[0.37621561 0.53409545],0,1,"[0.37965276877051146, 0.575157747726818]",1,-1
29565,[0.70729564 0.61309955],3,3,"[0.6601234827680622, 0.6109507568947781]",1,-1
29566,[0.37396861 0.55906132],0,1,"[0.37965276877051146, 0.575157747726818]",1,-1
29567,[0.90308602 0.65761519],2,-1,-1,1,-1
29568,[0.61852317 0.50464094],3,-1,-1,1,-1
29569,[0.70236052 0.69010649],3,-1,-1,1,-1
29570,[0.31701081 0.54486077],0,1,"[0.37965276877051146, 0.575157747726818]",1,-1
29571,[0.50443766 0.61942574],0,-1,-1,1,-1
29572,[0.80406517 0.60790808],2,-1,-1,1,-1
29573,[0.76754209 0.72289626],2,0,"[0.7890750777399501, 0.6799557517006445]",1,-1
29574,[0.79714658 0.73359925],2,0,"[0.7890750777399501, 0.6799557517006445]",1,-1
29575,[0.72571379 0.73888428],2,-1,-1,1,-1
29576,[0.63217238 0.6615941 ],3,3,"[0.6601234827680622, 0.6109507568947781]",1,-1
29577,[0.41538807 0.51769168],0,1,"[0.37965276877051146, 0.575157747726818]",1,-1
29578,[0.67872084 0.69647755],3,-1,-1,1,-1
29579,[0.70835462 0.62212577],3,3,"[0.6601234827680622, 0.6109507568947781]",1,-1
29580,[0.67381785 0.61959435],3,3,"[0.6601234827680622, 0.6109507568947781]",1,-1
29581,[0.75976107 0.68521981],2,0,"[0.7890750777399501, 0.6799557517006445]",1,-1
29582,[0.89995694 0.63239756],2,-1,-1,1,-1
29583,[0.2972595  0.11251682],1,-1,-1,0,0
29584,[0.3354284  0.65636166],0,-1,-1,1,-1
29585,[0.81377417 0.66007104],2,0,"[0.7890750777399501, 0.6799557517006445]",1,-1
29586,[0.37010883 0.57745003],0,1,"[0.37965276877051146, 0.575157747726818]",1,1
29587,[0.27238931 0.18549847],1,2,"[0.294379027732062, 0.1921773781634303]",0,0
29588,[0.25035916 0.14871094],1,2,"[0.294379027732062, 0.1921773781634303]",0,0
29589,[0.75778594 0.71580794],2,0,"[0.7890750777399501, 0.6799557517006445]",1,-1
29590,[0.61300072 0.60688629],3,3,"[0.6601234827680622, 0.6109507568947781]",1,-1
29591,[0.22090218 0.1588477 ],1,-1,-1,0,0
29592,[0.2996959  0.19763735],1,2,"[0.294379027732062, 0.1921773781634303]",0,0
29593,[0.61511824 0.61973908],3,3,"[0.6601234827680622, 0.6109507568947781]",1,-1
29594,[0.44097754 0.65170596],0,-1,-1,1,-1
29595,[0.30642812 0.58462132],0,-1,-1,1,-1
29596,[0.74262211 0.65759604],2,0,"[0.7890750777399501, 0.6799557517006445]",1,-1
29597,[0.68025664 0.75734034],2,-1,-1,1,-1
29598,[0.61572611 0.5343508 ],3,-1,-1,1,-1
29599,[0.33936348 0.19738967],1,2,"[0.294379027732062, 0.1921773781634303]",0,0
29600,[0.76929624 0.69447605],2,0,"[0.7890750777399501, 0.6799557517006445]",1,-1
29601,[0.3038383  0.18551689],1,2,"[0.294379027732062, 0.1921773781634303]",0,0
29602,[0.53808439 0.67229002],3,-1,-1,1,-1
29603,[0.35915342 0.59622084],0,1,"[0.37965276877051146, 0.575157747726818]",1,-1
29604,[0.33581325 0.51260362],0,-1,-1,1,-1
29605,[0.32662867 0.17865817],1,2,"[0.294379027732062, 0.1921773781634303]",0,0
29606,[0.68999079 0.5734889 ],3,3,"[0.6601234827680622, 0.6109507568947781]",1,-1
29607,[0.78736872 0.75110893],2,-1,-1,1,-1
29608,[0.30496714 0.09908434],1,-1,-1,0,0
29609,[0.71310509 0.69720144],2,-1,-1,1,-1
29610,[0.29053147 0.17489418],1,2,"[0.294379027732062, 0.1921773781634303]",0,0
29611,[0.78926213 0.6976928 ],2,0,"[0.7890750777399501, 0.6799557517006445]",1,-1
29612,[0.20800411 0.24485424],1,-1,-1,0,0
29613,[0.21375834 0.14868924],1,-1,-1,0,0
29614,[0.50378604 0.59254305],0,-1,-1,1,-1
29615,[0.77415655 0.67568793],2,0,"[0.7890750777399501, 0.6799557517006445]",1,-1
29616,[0.70785242 0.56679503],3,3,"[0.6601234827680622, 0.6109507568947781]",1,-1
29617,[0.7688308  0.59201248],2,-1,-1,1,-1
29618,[0.39054769 0.68286559],0,-1,-1,1,-1
29619,[0.74335932 0.66831674],2,0,"[0.7890750777399501, 0.6799557517006445]",1,-1
29620,[0.79871828 0.65736116],2,0,"[0.7890750777399501, 0.6799557517006445]",1,-1
29621,[0.16802157 0.19657811],1,-1,-1,0,0
29622,[0.45373812 0.48183858],0,-1,-1,1,-1
29623,[0.42804796 0.61280554],0,1,"[0.37965276877051146, 0.575157747726818]",1,-1
29624,[0.81355819 0.6635937 ],2,0,"[0.7890750777399501, 0.6799557517006445]",1,-1
29625,[0.75175526 0.66066961],2,0,"[0.7890750777399501, 0.6799557517006445]",1,-1
29626,[0.31277766 0.21380555],1,2,"[0.294379027732062, 0.1921773781634303]",0,0
29627,[0.66072165 0.69119587],3,-1,-1,1,-1
29628,[0.75679788 0.72185964],2,0,"[0.7890750777399501, 0.6799557517006445]",1,-1
29629,[0.27738646 0.13435556],1,2,"[0.294379027732062, 0.1921773781634303]",0,0
29630,[0.78485157 0.70590851],2,0,"[0.7890750777399501, 0.6799557517006445]",1,-1
29631,[0.3057282  0.55489262],0,-1,-1,1,-1
29632,[0.31095435 0.30813479],1,-1,-1,0,0
29633,[0.72961522 0.69669247],2,0,"[0.7890750777399501, 0.6799557517006445]",1,-1
29634,[0.24297506 0.22825815],1,2,"[0.294379027732062, 0.1921773781634303]",0,0
29635,[0.74874618 0.63252309],3,0,"[0.7890750777399501, 0.6799557517006445]",1,-1
29636,[0.68548384 0.51038842],3,-1,-1,1,-1
29637,[0.40022563 0.5806958 ],0,1,"[0.37965276877051146, 0.575157747726818]",1,-1
29638,[0.2943215  0.20328448],1,2,"[0.294379027732062, 0.1921773781634303]",0,0
29639,[0.73027027 0.72102642],2,-1,-1,1,-1
29640,[0.66313107 0.64675066],3,3,"[0.6601234827680622, 0.6109507568947781]",1,-1
29641,[0.28500866 0.2444644 ],1,2,"[0.294379027732062, 0.1921773781634303]",0,0
29642,[0.63089478 0.57663906],3,3,"[0.6601234827680622, 0.6109507568947781]",1,-1
29643,[0.28080619 0.56967757],0,-1,-1,1,-1
29644,[0.4378799  0.52393508],0,-1,-1,1,-1
29645,[0.32133515 0.15246551],1,2,"[0.294379027732062, 0.1921773781634303]",0,0
29646,[0.21300664 0.23455752],1,-1,-1,0,0
29647,[0.69945653 0.62800059],3,3,"[0.6601234827680622, 0.6109507568947781]",1,-1
29648,[0.76736419 0.60654819],2,-1,-1,1,-1
29649,[0.34061183 0.16149815],1,2,"[0.294379027732062, 0.1921773781634303]",0,0
29650,[0.30413869 0.59696199],0,-1,-1,1,-1
29651,[0.6651243  0.69184521],3,-1,-1,1,-1
29652,[0.7387728  0.62767399],3,-1,-1,1,-1
29653,[0.27256811 0.12671013],1,2,"[0.294379027732062, 0.1921773781634303]",0,0
29654,[0.35785416 0.13695571],1,-1,-1,0,0
29655,[0.58253745 0.60649447],3,-1,-1,1,-1
29656,[0.43366983 0.61205877],0,1,"[0.37965276877051146, 0.575157747726818]",1,-1
29657,[0.36066747 0.56048158],0,1,"[0.37965276877051146, 0.575157747726818]",1,-1
29658,[0.8436967 0.6108718],2,-1,-1,1,-1
29659,[0.37446563 0.48789196],0,-1,-1,1,-1
29660,[0.81293461 0.70609729],2,0,"[0.7890750777399501, 0.6799557517006445]",1,-1
29661,[0.75265781 0.65835196],2,0,"[0.7890750777399501, 0.6799557517006445]",1,-1
29662,[0.70191131 0.62801456],3,3,"[0.6601234827680622, 0.6109507568947781]",1,-1
29663,[0.80008599 0.64156982],2,0,"[0.7890750777399501, 0.6799557517006445]",1,-1
29664,[0.70852417 0.60265286],3,3,"[0.6601234827680622, 0.6109507568947781]",1,-1
29665,[0.45783092 0.62451638],0,-1,-1,1,-1
29666,[0.36571277 0.2618991 ],1,-1,-1,0,0
29667,[0.75338112 0.71415831],2,0,"[0.7890750777399501, 0.6799557517006445]",1,-1
29668,[0.75187824 0.69484532],2,0,"[0.7890750777399501, 0.6799557517006445]",1,-1
29669,[0.38535807 0.5265746 ],0,1,"[0.37965276877051146, 0.575157747726818]",1,-1
29670,[0.33434839 0.21435049],1,2,"[0.294379027732062, 0.1921773781634303]",0,0
29671,[0.40900787 0.62738017],0,1,"[0.37965276877051146, 0.575157747726818]",1,-1
29672,[0.26015158 0.21921613],1,2,"[0.294379027732062, 0.1921773781634303]",0,0
29673,[0.58708257 0.68007869],3,-1,-1,1,-1
29674,[0.44366278 0.61816124],0,-1,-1,1,-1
29675,[0.35019196 0.68785851],0,-1,-1,1,-1
29676,[0.25597874 0.20993301],1,2,"[0.294379027732062, 0.1921773781634303]",0,0
29677,[0.36546941 0.12827899],1,-1,-1,0,0
29678,[0.70148365 0.67193661],2,-1,-1,1,-1
29679,[0.30626542 0.08191025],1,-1,-1,0,0
29680,[0.38669622 0.62094375],0,1,"[0.37965276877051146, 0.575157747726818]",1,-1
29681,[0.67847591 0.70918884],3,-1,-1,1,-1
29682,[0.88627093 0.75243406],2,-1,-1,1,-1
29683,[0.31261965 0.23968483],1,2,"[0.294379027732062, 0.1921773781634303]",0,0
29684,[0.64034389 0.56575867],3,3,"[0.6601234827680622, 0.6109507568947781]",1,-1
29685,[0.42054118 0.54371532],0,1,"[0.37965276877051146, 0.575157747726818]",1,-1
29686,[0.39175524 0.60925633],0,1,"[0.37965276877051146, 0.575157747726818]",1,-1
29687,[0.33266957 0.557033  ],0,1,"[0.37965276877051146, 0.575157747726818]",1,-1
29688,[0.78351427 0.72186603],2,0,"[0.7890750777399501, 0.6799557517006445]",1,-1
29689,[0.32629394 0.17535237],1,2,"[0.294379027732062, 0.1921773781634303]",0,0
29690,[0.62622007 0.6759665 ],3,-1,-1,1,-1
29691,[0.6464927  0.60476975],3,3,"[0.6601234827680622, 0.6109507568947781]",1,-1
29692,[0.69649278 0.71185104],2,-1,-1,1,-1
29693,[0.77355681 0.60837531],3,-1,-1,1,-1
29694,[0.80091549 0.60453351],2,-1,-1,1,-1
29695,[0.62261394 0.62940002],3,3,"[0.6601234827680622, 0.6109507568947781]",1,-1
29696,[0.72042903 0.56930156],3,-1,-1,1,-1
29697,[0.36319513 0.64152536],0,1,"[0.37965276877051146, 0.575157747726818]",1,-1
29698,[0.28804629 0.05387067],1,-1,-1,0,0
29699,[0.68009389 0.59951704],3,3,"[0.6601234827680622, 0.6109507568947781]",1,5
29700,[0.7510852 0.6437233],2,0,"[0.7890750777399501, 0.6799557517006445]",1,-1
29701,[0.63433983 0.57947388],3,3,"[0.6601234827680622, 0.6109507568947781]",1,-1
29702,[0.29206182 0.18337929],1,2,"[0.294379027732062, 0.1921773781634303]",0,0
29703,[0.66738159 0.59736992],3,3,"[0.6601234827680622, 0.6109507568947781]",1,6
29704,[0.67128895 0.57325059],3,3,"[0.6601234827680622, 0.6109507568947781]",1,-1
29705,[0.70319901 0.59326413],3,3,"[0.6601234827680622, 0.6109507568947781]",1,-1
29706,[0.32088466 0.15472141],1,2,"[0.294379027732062, 0.1921773781634303]",0,0
29707,[0.60655454 0.6950289 ],3,-1,-1,1,-1
29708,[0.67813098 0.61106126],3,3,"[0.6601234827680622, 0.6109507568947781]",1,-1
29709,[0.77863438 0.68352336],2,0,"[0.7890750777399501, 0.6799557517006445]",1,4
29710,[0.39002404 0.58187984],0,1,"[0.37965276877051146, 0.575157747726818]",1,-1
29711,[0.65349682 0.63443558],3,3,"[0.6601234827680622, 0.6109507568947781]",1,-1
29712,[0.80311002 0.65491079],2,0,"[0.7890750777399501, 0.6799557517006445]",1,-1
29713,[0.74745606 0.67470888],2,0,"[0.7890750777399501, 0.6799557517006445]",1,-1
29714,[0.34903491 0.12061865],1,-1,-1,0,0
29715,[0.70198645 0.67271474],3,-1,-1,1,-1
29716,[0.75599994 0.65934011],2,0,"[0.7890750777399501, 0.6799557517006445]",1,3
29717,[0.77077724 0.61057625],2,-1,-1,1,-1
29718,[0.27038795 0.16674839],1,2,"[0.294379027732062, 0.1921773781634303]",0,0
29719,[0.35674274 0.50237688],0,-1,-1,1,-1
29720,[0.3945089 0.5007992],0,-1,-1,1,-1
29721,[0.66051705 0.68348169],3,-1,-1,1,-1
29722,[0.77337535 0.76704592],2,-1,-1,1,-1
29723,[0.76311577 0.69030402],2,0,"[0.7890750777399501, 0.6799557517006445]",1,4
29724,[0.70206472 0.63906277],3,3,"[0.6601234827680622, 0.6109507568947781]",1,-1
29725,[0.42752289 0.59038082],0,1,"[0.37965276877051146, 0.575157747726818]",1,-1
29726,[0.26803826 0.21362935],1,2,"[0.294379027732062, 0.1921773781634303]",0,0
29727,[0.37454262 0.55374051],0,1,"[0.37965276877051146, 0.575157747726818]",1,-1
29728,[0.66288965 0.54108976],3,3,"[0.6601234827680622, 0.6109507568947781]",1,-1
29729,[0.28860528 0.18026136],1,2,"[0.294379027732062, 0.1921773781634303]",0,0
29730,[0.3193121  0.11690883],1,-1,-1,0,0
29731,[0.80726979 0.71971216],2,0,"[0.7890750777399501, 0.6799557517006445]",1,-1
29732,[0.74049274 0.67898413],2,0,"[0.7890750777399501, 0.6799557517006445]",1,-1
29733,[0.28266825 0.22515336],1,2,"[0.294379027732062, 0.1921773781634303]",0,0
29734,[0.60628925 0.59642238],3,3,"[0.6601234827680622, 0.6109507568947781]",1,-1
29735,[0.67018923 0.64867341],3,3,"[0.6601234827680622, 0.6109507568947781]",1,-1
29736,[0.38537157 0.59655676],0,1,"[0.37965276877051146, 0.575157747726818]",1,-1
29737,[0.25038998 0.20969501],1,2,"[0.294379027732062, 0.1921773781634303]",0,0
29738,[0.41393141 0.48340834],0,-1,-1,1,-1
29739,[0.33973087 0.185684  ],1,2,"[0.294379027732062, 0.1921773781634303]",0,0
29740,[0.3341296  0.22202883],1,2,"[0.294379027732062, 0.1921773781634303]",0,0
29741,[0.36356315 0.60237465],0,1,"[0.37965276877051146, 0.575157747726818]",1,-1
29742,[0.42884239 0.53186222],0,1,"[0.37965276877051146, 0.575157747726818]",1,-1
29743,[0.72061902 0.59329964],3,3,"[0.6601234827680622, 0.6109507568947781]",1,-1
29744,[0.81727944 0.7007365 ],2,0,"[0.7890750777399501, 0.6799557517006445]",1,-1
29745,[0.63516272 0.67481313],3,3,"[0.6601234827680622, 0.6109507568947781]",1,-1
29746,[0.48325988 0.54398882],0,-1,-1,1,-1
29747,[0.75594541 0.57759394],3,-1,-1,1,-1
29748,[0.80498078 0.70916107],2,0,"[0.7890750777399501, 0.6799557517006445]",1,-1
29749,[0.25701959 0.17431499],1,2,"[0.294379027732062, 0.1921773781634303]",0,0
29750,[0.28588115 0.26556797],1,-1,-1,0,0
29751,[0.38968621 0.5527382 ],0,1,"[0.37965276877051146, 0.575157747726818]",1,-1
29752,[0.7534237  0.68054787],2,0,"[0.7890750777399501, 0.6799557517006445]",1,-1
29753,[0.83668591 0.63939418],2,0,"[0.7890750777399501, 0.6799557517006445]",1,-1
29754,[0.26031654 0.139831  ],1,2,"[0.294379027732062, 0.1921773781634303]",0,0
29755,[0.66768618 0.67300544],3,3,"[0.6601234827680622, 0.6109507568947781]",1,-1
29756,[0.63503937 0.61759178],3,3,"[0.6601234827680622, 0.6109507568947781]",1,-1
29757,[0.70041992 0.67761626],3,-1,-1,1,-1
29758,[0.20006194 0.22042563],1,-1,-1,0,0
29759,[0.70864452 0.62019304],3,3,"[0.6601234827680622, 0.6109507568947781]",1,-1
29760,[0.39259241 0.56213651],0,1,"[0.37965276877051146, 0.575157747726818]",1,-1
29761,[0.31161614 0.59952229],0,-1,-1,1,-1
29762,[0.68710839 0.64605567],3,3,"[0.6601234827680622, 0.6109507568947781]",1,-1
29763,[0.84112542 0.75327293],2,-1,-1,1,-1
29764,[0.8578204  0.64704141],2,-1,-1,1,-1
29765,[0.76009254 0.74263855],2,0,"[0.7890750777399501, 0.6799557517006445]",1,-1
29766,[0.44919712 0.6065801 ],0,-1,-1,1,-1
29767,[0.41955895 0.59536614],0,1,"[0.37965276877051146, 0.575157747726818]",1,-1
29768,[0.71449536 0.57436545],3,3,"[0.6601234827680622, 0.6109507568947781]",1,-1
29769,[0.81833975 0.67318533],2,0,"[0.7890750777399501, 0.6799557517006445]",1,-1
29770,[0.83438085 0.6401097 ],2,0,"[0.7890750777399501, 0.6799557517006445]",1,-1
29771,[0.6914063  0.61750665],3,3,"[0.6601234827680622, 0.6109507568947781]",1,-1
29772,[0.36936502 0.61881078],0,1,"[0.37965276877051146, 0.575157747726818]",1,-1
29773,[0.30481079 0.49700253],0,-1,-1,1,-1
29774,[0.64192844 0.61089539],3,3,"[0.6601234827680622, 0.6109507568947781]",1,-1
29775,[0.32819218 0.16479169],1,2,"[0.294379027732062, 0.1921773781634303]",0,0
29776,[0.35790092 0.53427289],0,1,"[0.37965276877051146, 0.575157747726818]",1,-1
29777,[0.30015083 0.24632605],1,2,"[0.294379027732062, 0.1921773781634303]",0,0
29778,[0.68475436 0.61551955],3,3,"[0.6601234827680622, 0.6109507568947781]",1,-1
29779,[0.38399496 0.61872608],0,1,"[0.37965276877051146, 0.575157747726818]",1,-1
29780,[0.27201722 0.17863264],1,2,"[0.294379027732062, 0.1921773781634303]",0,0
29781,[0.33901077 0.5994245 ],0,1,"[0.37965276877051146, 0.575157747726818]",1,-1
29782,[0.32819484 0.57887236],0,1,"[0.37965276877051146, 0.575157747726818]",1,-1
29783,[0.79579115 0.73504992],2,0,"[0.7890750777399501, 0.6799557517006445]",1,-1
29784,[0.36022181 0.56887193],0,1,"[0.37965276877051146, 0.575157747726818]",1,-1
29785,[0.23577833 0.18536665],1,2,"[0.294379027732062, 0.1921773781634303]",0,0
29786,[0.64733783 0.60522075],3,3,"[0.6601234827680622, 0.6109507568947781]",1,-1
29787,[0.26366746 0.13886073],1,2,"[0.294379027732062, 0.1921773781634303]",0,0
29788,[0.22713252 0.1774028 ],1,2,"[0.294379027732062, 0.1921773781634303]",0,0
29789,[0.71763116 0.62506303],2,3,"[0.6601234827680622, 0.6109507568947781]",1,-1
29790,[0.28077497 0.2395981 ],1,2,"[0.294379027732062, 0.1921773781634303]",0,0
29791,[0.407836   0.66587663],0,-1,-1,1,-1
29792,[0.76743146 0.6741404 ],2,0,"[0.7890750777399501, 0.6799557517006445]",1,-1
29793,[0.81708958 0.64040346],2,0,"[0.7890750777399501, 0.6799557517006445]",1,-1
29794,[0.306278   0.11702965],1,-1,-1,0,0
29795,[0.38025629 0.49380972],0,-1,-1,1,-1
29796,[0.42301692 0.53010352],0,1,"[0.37965276877051146, 0.575157747726818]",1,-1
29797,[0.70734241 0.52480882],3,-1,-1,1,-1
29798,[0.25556955 0.2160226 ],1,2,"[0.294379027732062, 0.1921773781634303]",0,0
29799,[0.68203349 0.59197814],3,3,"[0.6601234827680622, 0.6109507568947781]",1,-1
29800,[0.65265574 0.56166146],3,3,"[0.6601234827680622, 0.6109507568947781]",1,-1
29801,[0.17544017 0.16277787],1,-1,-1,0,0
29802,[0.36486867 0.63546498],0,1,"[0.37965276877051146, 0.575157747726818]",1,-1
29803,[0.64454074 0.62979515],3,3,"[0.6601234827680622, 0.6109507568947781]",1,-1
29804,[0.3510429  0.17236019],1,2,"[0.294379027732062, 0.1921773781634303]",0,0
29805,[0.30649539 0.16313456],1,2,"[0.294379027732062, 0.1921773781634303]",0,0
29806,[0.69229367 0.57816004],3,3,"[0.6601234827680622, 0.6109507568947781]",1,-1
29807,[0.80782702 0.7095962 ],2,0,"[0.7890750777399501, 0.6799557517006445]",1,-1
29808,[0.41668604 0.54623587],0,1,"[0.37965276877051146, 0.575157747726818]",1,-1
29809,[0.25015197 0.25443636],1,-1,-1,0,0
29810,[0.33825131 0.26709458],1,-1,-1,0,0
29811,[0.31119868 0.21203647],1,2,"[0.294379027732062, 0.1921773781634303]",0,0
29812,[0.62883075 0.56996108],3,3,"[0.6601234827680622, 0.6109507568947781]",1,-1
29813,[0.76470069 0.66090991],2,0,"[0.7890750777399501, 0.6799557517006445]",1,3
29814,[0.67077128 0.72045628],2,-1,-1,1,-1
29815,[0.71393385 0.59448605],3,3,"[0.6601234827680622, 0.6109507568947781]",1,-1
29816,[0.72571883 0.6404357 ],3,-1,-1,1,-1
29817,[0.36079711 0.68437908],0,-1,-1,1,-1
29818,[0.32978511 0.06842825],1,-1,-1,0,0
29819,[0.79208073 0.67585022],2,0,"[0.7890750777399501, 0.6799557517006445]",1,4
29820,[0.31145095 0.26913218],1,-1,-1,0,0
29821,[0.33360593 0.62054346],0,1,"[0.37965276877051146, 0.575157747726818]",1,-1
29822,[0.45148757 0.60335013],0,-1,-1,1,-1
29823,[0.32851079 0.20468296],1,2,"[0.294379027732062, 0.1921773781634303]",0,0
29824,[0.31135971 0.19632131],1,2,"[0.294379027732062, 0.1921773781634303]",0,0
29825,[0.36317744 0.62607556],0,1,"[0.37965276877051146, 0.575157747726818]",1,-1
29826,[0.64049408 0.62877862],3,3,"[0.6601234827680622, 0.6109507568947781]",1,-1
29827,[0.65220316 0.61351953],3,3,"[0.6601234827680622, 0.6109507568947781]",1,6
29828,[0.31848839 0.51635614],0,-1,-1,1,-1
29829,[0.43533607 0.54099423],0,1,"[0.37965276877051146, 0.575157747726818]",1,-1
29830,[0.80685192 0.66668373],2,0,"[0.7890750777399501, 0.6799557517006445]",1,4
29831,[0.44336199 0.57030699],0,1,"[0.37965276877051146, 0.575157747726818]",1,-1
29832,[0.80434427 0.76494664],2,-1,-1,1,-1
29833,[0.41491089 0.46575836],0,-1,-1,1,-1
29834,[0.65745792 0.65364911],3,3,"[0.6601234827680622, 0.6109507568947781]",1,-1
29835,[0.78083866 0.64323866],2,0,"[0.7890750777399501, 0.6799557517006445]",1,-1
29836,[0.81617635 0.59377738],2,-1,-1,1,-1
29837,[0.77049963 0.65219314],2,0,"[0.7890750777399501, 0.6799557517006445]",1,-1
29838,[0.72778148 0.58208953],3,-1,-1,1,-1
29839,[0.68763972 0.57121438],3,3,"[0.6601234827680622, 0.6109507568947781]",1,-1
29840,[0.270765   0.16851959],1,2,"[0.294379027732062, 0.1921773781634303]",0,0
29841,[0.84556175 0.65676507],2,0,"[0.7890750777399501, 0.6799557517006445]",1,-1
29842,[0.66580039 0.67395764],3,3,"[0.6601234827680622, 0.6109507568947781]",1,-1
29843,[0.26582457 0.62390217],0,-1,-1,1,-1
29844,[0.34267521 0.58272181],0,1,"[0.37965276877051146, 0.575157747726818]",1,-1
29845,[0.1897537 0.1779378],1,-1,-1,0,0
29846,[0.6544515  0.60323143],3,3,"[0.6601234827680622, 0.6109507568947781]",1,6
29847,[0.35180129 0.50359708],0,-1,-1,1,-1
29848,[0.7033876  0.64504578],3,3,"[0.6601234827680622, 0.6109507568947781]",1,-1
29849,[0.72037554 0.67663222],2,0,"[0.7890750777399501, 0.6799557517006445]",1,-1
29850,[0.29260204 0.2135664 ],1,2,"[0.294379027732062, 0.1921773781634303]",0,0
29851,[0.78548694 0.73714619],2,0,"[0.7890750777399501, 0.6799557517006445]",1,-1
29852,[0.35145656 0.6289816 ],0,1,"[0.37965276877051146, 0.575157747726818]",1,-1
29853,[0.37407958 0.53824451],0,1,"[0.37965276877051146, 0.575157747726818]",1,-1
29854,[0.87399268 0.75006209],2,-1,-1,1,-1
29855,[0.31133288 0.53373081],0,-1,-1,1,-1
29856,[0.28931516 0.11333531],1,-1,-1,0,0
29857,[0.83173856 0.65334808],2,0,"[0.7890750777399501, 0.6799557517006445]",1,-1
29858,[0.37551925 0.66270991],0,-1,-1,1,-1
29859,[0.79180673 0.72216448],2,0,"[0.7890750777399501, 0.6799557517006445]",1,-1
29860,[0.79843186 0.60621029],2,-1,-1,1,-1
29861,[0.23954539 0.27047558],1,-1,-1,0,0
29862,[0.23530099 0.14090166],1,-1,-1,0,0
29863,[0.81209859 0.7168851 ],2,0,"[0.7890750777399501, 0.6799557517006445]",1,-1
29864,[0.25662652 0.6537939 ],0,-1,-1,1,-1
29865,[0.36165331 0.19123617],1,2,"[0.294379027732062, 0.1921773781634303]",0,0
29866,[0.44683179 0.57574941],0,1,"[0.37965276877051146, 0.575157747726818]",1,-1
29867,[0.3107044  0.19557131],1,2,"[0.294379027732062, 0.1921773781634303]",0,0
29868,[0.69205729 0.58360483],3,3,"[0.6601234827680622, 0.6109507568947781]",1,-1
29869,[0.37897418 0.46073063],0,-1,-1,1,-1
29870,[0.72502756 0.5813029 ],3,-1,-1,1,-1
29871,[0.29531592 0.4841456 ],0,-1,-1,1,-1
29872,[0.39287297 0.51721096],0,1,"[0.37965276877051146, 0.575157747726818]",1,-1
29873,[0.64147561 0.64724113],3,3,"[0.6601234827680622, 0.6109507568947781]",1,-1
29874,[0.31409926 0.2382189 ],1,2,"[0.294379027732062, 0.1921773781634303]",0,0
29875,[0.39709855 0.51975204],0,1,"[0.37965276877051146, 0.575157747726818]",1,-1
29876,[0.33032911 0.15917831],1,2,"[0.294379027732062, 0.1921773781634303]",0,0
29877,[0.82429914 0.75172928],2,-1,-1,1,-1
29878,[0.41824718 0.60531891],0,1,"[0.37965276877051146, 0.575157747726818]",1,-1
29879,[0.23511543 0.14968752],1,-1,-1,0,0
29880,[0.81795694 0.69444391],2,0,"[0.7890750777399501, 0.6799557517006445]",1,-1
29881,[0.65063165 0.49823337],3,-1,-1,1,-1
29882,[0.38009126 0.27197848],1,-1,-1,0,0
29883,[0.76257491 0.56571614],2,-1,-1,1,-1
29884,[0.31747089 0.20658697],1,2,"[0.294379027732062, 0.1921773781634303]",0,0
29885,[0.62071399 0.52384212],3,-1,-1,1,-1
29886,[0.66644579 0.72858423],2,-1,-1,1,-1
29887,[0.78782357 0.6897645 ],2,0,"[0.7890750777399501, 0.6799557517006445]",1,-1
29888,[0.68081825 0.64326718],3,3,"[0.6601234827680622, 0.6109507568947781]",1,-1
29889,[0.75893758 0.64497478],2,0,"[0.7890750777399501, 0.6799557517006445]",1,-1
29890,[0.16981449 0.16694265],1,-1,-1,0,0
29891,[0.74984456 0.79524198],2,-1,-1,1,-1
29892,[0.64498408 0.63735588],3,3,"[0.6601234827680622, 0.6109507568947781]",1,-1
29893,[0.31277132 0.21363396],1,2,"[0.294379027732062, 0.1921773781634303]",0,0
29894,[0.36930287 0.53286   ],0,1,"[0.37965276877051146, 0.575157747726818]",1,-1
29895,[0.60924018 0.61286696],3,3,"[0.6601234827680622, 0.6109507568947781]",1,-1
29896,[0.41728679 0.58345296],0,1,"[0.37965276877051146, 0.575157747726818]",1,-1
29897,[0.64561719 0.63877789],3,3,"[0.6601234827680622, 0.6109507568947781]",1,-1
29898,[0.65990452 0.66267664],3,3,"[0.6601234827680622, 0.6109507568947781]",1,-1
29899,[0.34260647 0.52240508],0,1,"[0.37965276877051146, 0.575157747726818]",1,-1
29900,[0.30860663 0.27799698],1,-1,-1,0,0
29901,[0.79026658 0.70661609],2,0,"[0.7890750777399501, 0.6799557517006445]",1,-1
29902,[0.34365741 0.60426979],0,1,"[0.37965276877051146, 0.575157747726818]",1,-1
29903,[0.69208345 0.55859518],3,3,"[0.6601234827680622, 0.6109507568947781]",1,-1
29904,[0.81542903 0.6369931 ],2,0,"[0.7890750777399501, 0.6799557517006445]",1,-1
29905,[0.42786089 0.66564053],0,-1,-1,1,-1
29906,[0.76042443 0.64325836],2,0,"[0.7890750777399501, 0.6799557517006445]",1,-1
29907,[0.62812639 0.61929248],3,3,"[0.6601234827680622, 0.6109507568947781]",1,-1
29908,[0.39364029 0.67395903],0,-1,-1,1,-1
29909,[0.78901464 0.77794513],2,-1,-1,1,-1
29910,[0.71647688 0.65965101],2,-1,-1,1,-1
29911,[0.79743038 0.83765054],2,-1,-1,1,-1
29912,[0.28327653 0.1750361 ],1,2,"[0.294379027732062, 0.1921773781634303]",0,0
29913,[0.72516418 0.58487623],3,-1,-1,1,-1
29914,[0.39457869 0.61757804],0,1,"[0.37965276877051146, 0.575157747726818]",1,-1
29915,[0.73999532 0.64493178],2,0,"[0.7890750777399501, 0.6799557517006445]",1,-1
29916,[0.27487129 0.16473757],1,2,"[0.294379027732062, 0.1921773781634303]",0,0
29917,[0.71769486 0.62835442],3,3,"[0.6601234827680622, 0.6109507568947781]",1,-1
29918,[0.73970982 0.69882306],2,0,"[0.7890750777399501, 0.6799557517006445]",1,-1
29919,[0.82113303 0.6713357 ],2,0,"[0.7890750777399501, 0.6799557517006445]",1,-1
29920,[0.71172239 0.61651358],3,3,"[0.6601234827680622, 0.6109507568947781]",1,-1
29921,[0.78178615 0.73646015],2,0,"[0.7890750777399501, 0.6799557517006445]",1,-1
29922,[0.7185624  0.64454432],3,3,"[0.6601234827680622, 0.6109507568947781]",1,-1
29923,[0.40868177 0.55025564],0,1,"[0.37965276877051146, 0.575157747726818]",1,-1
29924,[0.72789149 0.68066276],2,0,"[0.7890750777399501, 0.6799557517006445]",1,-1
29925,[0.62552094 0.62507022],3,3,"[0.6601234827680622, 0.6109507568947781]",1,-1
29926,[0.66502351 0.63218226],3,3,"[0.6601234827680622, 0.6109507568947781]",1,7
29927,[0.60870081 0.52940976],3,-1,-1,1,-1
29928,[0.4112449 0.628746 ],0,1,"[0.37965276877051146, 0.575157747726818]",1,-1
29929,[0.59303918 0.58707871],3,-1,-1,1,-1
29930,[0.3797267  0.57086672],0,1,"[0.37965276877051146, 0.575157747726818]",1,1
29931,[0.31143593 0.2583075 ],1,2,"[0.294379027732062, 0.1921773781634303]",0,0
29932,[0.79164579 0.80974358],2,-1,-1,1,-1
29933,[0.75003273 0.659708  ],2,0,"[0.7890750777399501, 0.6799557517006445]",1,-1
29934,[0.24110585 0.19947947],1,2,"[0.294379027732062, 0.1921773781634303]",0,0
29935,[0.17208311 0.18799816],1,-1,-1,0,0
29936,[0.66554757 0.58248513],3,3,"[0.6601234827680622, 0.6109507568947781]",1,-1
29937,[0.65152322 0.57950509],3,3,"[0.6601234827680622, 0.6109507568947781]",1,-1
29938,[0.69801674 0.56899458],3,3,"[0.6601234827680622, 0.6109507568947781]",1,-1
29939,[0.2493935  0.28430771],1,-1,-1,0,0
29940,[0.27636917 0.23781839],1,2,"[0.294379027732062, 0.1921773781634303]",0,0
29941,[0.58410796 0.53405379],3,-1,-1,1,-1
29942,[0.77017991 0.66666251],2,0,"[0.7890750777399501, 0.6799557517006445]",1,-1
29943,[0.61816176 0.54995307],3,-1,-1,1,-1
29944,[0.70382214 0.6961252 ],2,-1,-1,1,-1
29945,[0.72235813 0.61903064],3,3,"[0.6601234827680622, 0.6109507568947781]",1,-1
29946,[0.42261352 0.66406825],0,-1,-1,1,-1
29947,[0.61305176 0.60507371],3,3,"[0.6601234827680622, 0.6109507568947781]",1,-1
29948,[0.39120632 0.56886286],0,1,"[0.37965276877051146, 0.575157747726818]",1,-1
29949,[0.65839162 0.65923703],3,3,"[0.6601234827680622, 0.6109507568947781]",1,-1
29950,[0.7115061  0.63221758],3,3,"[0.6601234827680622, 0.6109507568947781]",1,-1
29951,[0.40827587 0.56260287],0,1,"[0.37965276877051146, 0.575157747726818]",1,-1
29952,[0.68539991 0.67116718],3,3,"[0.6601234827680622, 0.6109507568947781]",1,-1
29953,[0.8182634  0.70805636],2,0,"[0.7890750777399501, 0.6799557517006445]",1,-1
29954,[0.78835143 0.69488678],2,0,"[0.7890750777399501, 0.6799557517006445]",1,-1
29955,[0.42566294 0.55316635],0,1,"[0.37965276877051146, 0.575157747726818]",1,-1
29956,[0.65075593 0.58367544],3,3,"[0.6601234827680622, 0.6109507568947781]",1,-1
29957,[0.79718435 0.72696177],2,0,"[0.7890750777399501, 0.6799557517006445]",1,-1
29958,[0.36901758 0.62319146],0,1,"[0.37965276877051146, 0.575157747726818]",1,-1
29959,[0.29650604 0.20116119],1,2,"[0.294379027732062, 0.1921773781634303]",0,0
29960,[0.83137463 0.72182572],2,0,"[0.7890750777399501, 0.6799557517006445]",1,-1
29961,[0.39697402 0.58593142],0,1,"[0.37965276877051146, 0.575157747726818]",1,-1
29962,[0.3913194  0.19088821],1,-1,-1,0,0
29963,[0.23400119 0.13504954],1,-1,-1,0,0
29964,[0.26047053 0.14496468],1,2,"[0.294379027732062, 0.1921773781634303]",0,0
29965,[0.76869133 0.70013734],2,0,"[0.7890750777399501, 0.6799557517006445]",1,-1
29966,[0.66761203 0.57030279],3,3,"[0.6601234827680622, 0.6109507568947781]",1,-1
29967,[0.30803462 0.18948583],1,2,"[0.294379027732062, 0.1921773781634303]",0,0
29968,[0.30076462 0.15667916],1,2,"[0.294379027732062, 0.1921773781634303]",0,0
29969,[0.39484816 0.54595739],0,1,"[0.37965276877051146, 0.575157747726818]",1,-1
29970,[0.36086564 0.60529433],0,1,"[0.37965276877051146, 0.575157747726818]",1,-1
29971,[0.80861032 0.7473615 ],2,-1,-1,1,-1
29972,[0.26496716 0.16933611],1,2,"[0.294379027732062, 0.1921773781634303]",0,0
29973,[0.30942323 0.22266614],1,2,"[0.294379027732062, 0.1921773781634303]",0,0
29974,[0.42965073 0.46304722],0,-1,-1,1,-1
29975,[0.62843507 0.60951173],3,3,"[0.6601234827680622, 0.6109507568947781]",1,-1
29976,[0.74940096 0.74513018],2,-1,-1,1,-1
29977,[0.27360405 0.18672447],1,2,"[0.294379027732062, 0.1921773781634303]",0,0
29978,[0.33116275 0.31208947],1,-1,-1,0,0
29979,[0.30701033 0.1532307 ],1,2,"[0.294379027732062, 0.1921773781634303]",0,0
29980,[0.39091764 0.60111398],0,1,"[0.37965276877051146, 0.575157747726818]",1,-1
29981,[0.7637125  0.62139962],2,0,"[0.7890750777399501, 0.6799557517006445]",1,-1
29982,[0.24582284 0.25955165],1,-1,-1,0,0
29983,[0.7577932  0.68536404],2,0,"[0.7890750777399501, 0.6799557517006445]",1,-1
29984,[0.68543743 0.66837415],3,3,"[0.6601234827680622, 0.6109507568947781]",1,-1
29985,[0.79677819 0.68800057],2,0,"[0.7890750777399501, 0.6799557517006445]",1,-1
29986,[0.73605729 0.62246227],3,-1,-1,1,-1
29987,[0.3154339  0.24256443],1,2,"[0.294379027732062, 0.1921773781634303]",0,0
29988,[0.36975965 0.58725324],0,1,"[0.37965276877051146, 0.575157747726818]",1,-1
29989,[0.28416642 0.21424202],1,2,"[0.294379027732062, 0.1921773781634303]",0,0
29990,[0.32405834 0.0590042 ],1,-1,-1,0,0
29991,[0.34502613 0.26359246],1,-1,-1,0,0
29992,[0.79220653 0.7115695 ],2,0,"[0.7890750777399501, 0.6799557517006445]",1,-1
29993,[0.86825479 0.63987857],2,-1,-1,1,-1
29994,[0.62779804 0.64112862],3,3,"[0.6601234827680622, 0.6109507568947781]",1,-1
29995,[0.30865628 0.59284462],0,-1,-1,1,-1
29996,[0.74760527 0.53503131],3,-1,-1,1,-1
29997,[0.75009249 0.70415614],2,0,"[0.7890750777399501, 0.6799557517006445]",1,-1
29998,[0.82321979 0.69215853],2,0,"[0.7890750777399501, 0.6799557517006445]",1,-1
29999,[0.34437253 0.55195338],0,1,"[0.37965276877051146, 0.575157747726818]",1,-1
30000,[0.80254689 0.79051034],2,-1,-1,1,-1
30001,[0.85680743 0.72917031],2,-1,-1,1,-1
30002,[0.62389582 0.51875642],3,-1,-1,1,-1
30003,[0.27467863 0.29396191],1,-1,-1,0,0
30004,[0.42697643 0.61199783],0,1,"[0.37965276877051146, 0.575157747726818]",1,-1
30005,[0.82139264 0.65955067],2,0,"[0.7890750777399501, 0.6799557517006445]",1,-1
30006,[0.28216413 0.15333443],1,2,"[0.294379027732062, 0.1921773781634303]",0,0
30007,[0.78089424 0.77689892],2,-1,-1,1,-1
30008,[0.84193219 0.62368911],2,-1,-1,1,-1
30009,[0.61595729 0.68849223],3,-1,-1,1,-1
30010,[0.86350213 0.62975097],2,-1,-1,1,-1
30011,[0.31198701 0.63191526],0,-1,-1,1,-1
30012,[0.65792217 0.56760581],3,3,"[0.6601234827680622, 0.6109507568947781]",1,-1
30013,[0.41953902 0.59515222],0,1,"[0.37965276877051146, 0.575157747726818]",1,-1
30014,[0.30893115 0.20487232],1,2,"[0.294379027732062, 0.1921773781634303]",0,0
30015,[0.81677125 0.60813008],2,-1,-1,1,-1
30016,[0.32286796 0.22128575],1,2,"[0.294379027732062, 0.1921773781634303]",0,0
30017,[0.70034747 0.58492138],3,3,"[0.6601234827680622, 0.6109507568947781]",1,-1
30018,[0.74936848 0.56189809],3,-1,-1,1,-1
30019,[0.33107415 0.55043356],0,1,"[0.37965276877051146, 0.575157747726818]",1,-1
30020,[0.78817035 0.58244336],2,-1,-1,1,-1
30021,[0.37661358 0.45001808],0,-1,-1,1,-1
30022,[0.26530879 0.22221312],1,2,"[0.294379027732062, 0.1921773781634303]",0,0
30023,[0.74577701 0.65851863],3,0,"[0.7890750777399501, 0.6799557517006445]",1,-1
30024,[0.20832334 0.18684265],1,-1,-1,0,0
30025,[0.24752333 0.19068904],1,2,"[0.294379027732062, 0.1921773781634303]",0,0
30026,[0.38344836 0.47137992],0,-1,-1,1,-1
30027,[0.4116119  0.66002593],0,-1,-1,1,-1
30028,[0.61880352 0.62617283],3,3,"[0.6601234827680622, 0.6109507568947781]",1,-1
30029,[0.30879821 0.06871269],1,-1,-1,0,0
30030,[0.79588192 0.68186524],2,0,"[0.7890750777399501, 0.6799557517006445]",1,-1
30031,[0.17426643 0.23285367],1,-1,-1,0,0
30032,[0.6209759  0.67328539],3,-1,-1,1,-1
30033,[0.30762476 0.11879402],1,-1,-1,0,0
30034,[0.71545446 0.66369949],3,-1,-1,1,-1
30035,[0.74735334 0.67978816],3,0,"[0.7890750777399501, 0.6799557517006445]",1,-1
30036,[0.84053252 0.69847108],2,0,"[0.7890750777399501, 0.6799557517006445]",1,-1
30037,[0.26161378 0.18690327],1,2,"[0.294379027732062, 0.1921773781634303]",0,0
30038,[0.77124678 0.621668  ],2,0,"[0.7890750777399501, 0.6799557517006445]",1,-1
30039,[0.24513599 0.19017393],1,2,"[0.294379027732062, 0.1921773781634303]",0,0
30040,[0.25852066 0.15866865],1,2,"[0.294379027732062, 0.1921773781634303]",0,0
30041,[0.69720705 0.5736878 ],3,3,"[0.6601234827680622, 0.6109507568947781]",1,-1
30042,[0.65525518 0.62678026],3,3,"[0.6601234827680622, 0.6109507568947781]",1,-1
30043,[0.41715227 0.60423051],0,1,"[0.37965276877051146, 0.575157747726818]",1,-1
30044,[0.80610735 0.67868516],2,0,"[0.7890750777399501, 0.6799557517006445]",1,-1
30045,[0.42532559 0.50408786],0,-1,-1,1,-1
30046,[0.78533951 0.54271838],3,-1,-1,1,-1
30047,[0.67745859 0.63556453],3,3,"[0.6601234827680622, 0.6109507568947781]",1,-1
30048,[0.56090364 0.6047127 ],3,-1,-1,1,-1
30049,[0.35207872 0.61446826],0,1,"[0.37965276877051146, 0.575157747726818]",1,-1
30050,[0.29294157 0.15669818],1,2,"[0.294379027732062, 0.1921773781634303]",0,0
30051,[0.70637405 0.67276806],2,-1,-1,1,-1
30052,[0.79938702 0.71576931],2,0,"[0.7890750777399501, 0.6799557517006445]",1,-1
30053,[0.75004942 0.5875349 ],2,-1,-1,1,-1
30054,[0.80054112 0.73422303],2,0,"[0.7890750777399501, 0.6799557517006445]",1,-1
30055,[0.2444036  0.08865459],1,-1,-1,0,0
30056,[0.25923604 0.23554483],1,2,"[0.294379027732062, 0.1921773781634303]",0,0
30057,[0.75859451 0.73155182],2,0,"[0.7890750777399501, 0.6799557517006445]",1,-1
30058,[0.5668128 0.609939 ],3,-1,-1,1,-1
30059,[0.32336927 0.63261848],0,-1,-1,1,-1
30060,[0.32888084 0.59825329],0,1,"[0.37965276877051146, 0.575157747726818]",1,-1
30061,[0.63779872 0.63078003],3,3,"[0.6601234827680622, 0.6109507568947781]",1,-1
30062,[0.66455605 0.59912083],3,3,"[0.6601234827680622, 0.6109507568947781]",1,-1
30063,[0.3175828  0.16927483],1,2,"[0.294379027732062, 0.1921773781634303]",0,0
30064,[0.70107397 0.57581354],3,3,"[0.6601234827680622, 0.6109507568947781]",1,-1
30065,[0.34363469 0.58660308],0,1,"[0.37965276877051146, 0.575157747726818]",1,-1
30066,[0.75730322 0.645255  ],2,0,"[0.7890750777399501, 0.6799557517006445]",1,-1
30067,[0.37842699 0.57529428],0,1,"[0.37965276877051146, 0.575157747726818]",1,1
30068,[0.32586715 0.21346917],1,2,"[0.294379027732062, 0.1921773781634303]",0,0
30069,[0.65520116 0.67199366],3,3,"[0.6601234827680622, 0.6109507568947781]",1,-1
30070,[0.68478516 0.53225524],3,-1,-1,1,-1
30071,[0.43316325 0.5548713 ],0,1,"[0.37965276877051146, 0.575157747726818]",1,-1
30072,[0.31307913 0.15352708],1,2,"[0.294379027732062, 0.1921773781634303]",0,0
30073,[0.42836083 0.62416026],0,1,"[0.37965276877051146, 0.575157747726818]",1,-1
30074,[0.42481392 0.5264    ],0,1,"[0.37965276877051146, 0.575157747726818]",1,-1
30075,[0.29230505 0.15219119],1,2,"[0.294379027732062, 0.1921773781634303]",0,0
30076,[0.41779472 0.50665887],0,-1,-1,1,-1
30077,[0.35979914 0.58782973],0,1,"[0.37965276877051146, 0.575157747726818]",1,-1
30078,[0.28219985 0.16059491],1,2,"[0.294379027732062, 0.1921773781634303]",0,0
30079,[0.87654948 0.64032856],2,-1,-1,1,-1
30080,[0.7295481  0.76846471],2,-1,-1,1,-1
30081,[0.66864009 0.67082784],3,3,"[0.6601234827680622, 0.6109507568947781]",1,-1
30082,[0.33632815 0.12359882],1,-1,-1,0,0
30083,[0.77905751 0.70814864],2,0,"[0.7890750777399501, 0.6799557517006445]",1,-1
30084,[0.37379761 0.60230954],0,1,"[0.37965276877051146, 0.575157747726818]",1,-1
30085,[0.67157719 0.57122299],3,3,"[0.6601234827680622, 0.6109507568947781]",1,-1
30086,[0.69989341 0.62941632],3,3,"[0.6601234827680622, 0.6109507568947781]",1,-1
30087,[0.23003882 0.19574442],1,2,"[0.294379027732062, 0.1921773781634303]",0,0
30088,[0.6377524  0.52901851],3,-1,-1,1,-1
30089,[0.64916415 0.65996167],3,3,"[0.6601234827680622, 0.6109507568947781]",1,-1
30090,[0.68719786 0.57701626],3,3,"[0.6601234827680622, 0.6109507568947781]",1,-1
30091,[0.68047312 0.70794073],3,-1,-1,1,-1
30092,[0.68359908 0.62069057],3,3,"[0.6601234827680622, 0.6109507568947781]",1,7
30093,[0.41214437 0.46233361],0,-1,-1,1,-1
30094,[0.3864908  0.49581244],0,-1,-1,1,-1
30095,[0.80894279 0.6581948 ],2,0,"[0.7890750777399501, 0.6799557517006445]",1,-1
30096,[0.3877666  0.64186287],0,1,"[0.37965276877051146, 0.575157747726818]",1,-1
30097,[0.28608452 0.19608508],1,2,"[0.294379027732062, 0.1921773781634303]",0,0
30098,[0.6657684  0.60194138],3,3,"[0.6601234827680622, 0.6109507568947781]",1,-1
30099,[0.27014061 0.20498897],1,2,"[0.294379027732062, 0.1921773781634303]",0,0
30100,[0.28734865 0.10216509],1,-1,-1,0,0
30101,[0.26609308 0.31072535],1,-1,-1,0,0
30102,[0.27865183 0.18689519],1,2,"[0.294379027732062, 0.1921773781634303]",0,0
30103,[0.3754199  0.13559541],1,-1,-1,0,0
30104,[0.7769213  0.63876964],2,0,"[0.7890750777399501, 0.6799557517006445]",1,-1
30105,[0.4005916  0.54820794],0,1,"[0.37965276877051146, 0.575157747726818]",1,-1
30106,[0.82914662 0.67484295],2,0,"[0.7890750777399501, 0.6799557517006445]",1,-1
30107,[0.77564871 0.68573385],2,0,"[0.7890750777399501, 0.6799557517006445]",1,4
30108,[0.37527244 0.64940879],0,-1,-1,1,-1
30109,[0.32731513 0.23377671],1,2,"[0.294379027732062, 0.1921773781634303]",0,0
30110,[0.83311576 0.66399924],2,0,"[0.7890750777399501, 0.6799557517006445]",1,-1
30111,[0.31057375 0.22289299],1,2,"[0.294379027732062, 0.1921773781634303]",0,0
30112,[0.36581369 0.2487576 ],1,-1,-1,0,0
30113,[0.79779755 0.68400726],2,0,"[0.7890750777399501, 0.6799557517006445]",1,-1
30114,[0.32046734 0.27727053],1,-1,-1,0,0
30115,[0.32570902 0.18884762],1,2,"[0.294379027732062, 0.1921773781634303]",0,0
30116,[0.40038996 0.54782051],0,1,"[0.37965276877051146, 0.575157747726818]",1,-1
30117,[0.38388888 0.54780936],0,1,"[0.37965276877051146, 0.575157747726818]",1,-1
30118,[0.33202591 0.24747199],1,2,"[0.294379027732062, 0.1921773781634303]",0,0
30119,[0.65128119 0.61189697],3,3,"[0.6601234827680622, 0.6109507568947781]",1,6
30120,[0.45419327 0.53100831],0,-1,-1,1,-1
30121,[0.75413126 0.66569376],2,0,"[0.7890750777399501, 0.6799557517006445]",1,-1
30122,[0.67324664 0.73711429],3,-1,-1,1,-1
30123,[0.64833763 0.65881505],3,3,"[0.6601234827680622, 0.6109507568947781]",1,-1
30124,[0.78391535 0.71450309],2,0,"[0.7890750777399501, 0.6799557517006445]",1,-1
30125,[0.27720516 0.15777181],1,2,"[0.294379027732062, 0.1921773781634303]",0,0
30126,[0.34087313 0.42836291],0,-1,-1,1,-1
30127,[0.57250982 0.5080491 ],3,-1,-1,1,-1
30128,[0.33656028 0.23318824],1,2,"[0.294379027732062, 0.1921773781634303]",0,0
30129,[0.76981239 0.63646044],2,0,"[0.7890750777399501, 0.6799557517006445]",1,-1
30130,[0.77148814 0.65918169],2,0,"[0.7890750777399501, 0.6799557517006445]",1,-1
30131,[0.37630894 0.51894192],0,1,"[0.37965276877051146, 0.575157747726818]",1,-1
30132,[0.68369106 0.67064853],3,3,"[0.6601234827680622, 0.6109507568947781]",1,-1
30133,[0.29980283 0.21396194],1,2,"[0.294379027732062, 0.1921773781634303]",0,0
30134,[0.84355245 0.65727668],2,0,"[0.7890750777399501, 0.6799557517006445]",1,-1
30135,[0.41404546 0.54190541],0,1,"[0.37965276877051146, 0.575157747726818]",1,-1
30136,[0.76176097 0.74452683],2,-1,-1,1,-1
30137,[0.82767834 0.68325636],2,0,"[0.7890750777399501, 0.6799557517006445]",1,-1
30138,[0.41426   0.4902038],0,-1,-1,1,-1
30139,[0.77587452 0.67960524],2,0,"[0.7890750777399501, 0.6799557517006445]",1,-1
30140,[0.23976405 0.29595307],1,-1,-1,0,0
30141,[0.30376954 0.59353679],0,-1,-1,1,-1
30142,[0.3090151  0.18554367],1,2,"[0.294379027732062, 0.1921773781634303]",0,0
30143,[0.33845825 0.51337412],0,-1,-1,1,-1
30144,[0.34793185 0.62166083],0,1,"[0.37965276877051146, 0.575157747726818]",1,-1
30145,[0.73613593 0.59547732],3,-1,-1,1,-1
30146,[0.72402377 0.71631208],2,-1,-1,1,-1
30147,[0.73553682 0.60661779],3,-1,-1,1,-1
30148,[0.40990441 0.56342196],0,1,"[0.37965276877051146, 0.575157747726818]",1,-1
30149,[0.81242729 0.65608695],2,0,"[0.7890750777399501, 0.6799557517006445]",1,-1
30150,[0.75209827 0.62988238],3,0,"[0.7890750777399501, 0.6799557517006445]",1,-1
30151,[0.37836493 0.18003918],1,-1,-1,0,0
30152,[0.82741766 0.76552105],2,-1,-1,1,-1
30153,[0.34665685 0.56421447],0,1,"[0.37965276877051146, 0.575157747726818]",1,-1
30154,[0.75693878 0.69190626],2,0,"[0.7890750777399501, 0.6799557517006445]",1,-1
30155,[0.37002365 0.67246594],0,-1,-1,1,-1
30156,[0.44001888 0.53278068],0,-1,-1,1,-1
30157,[0.30316207 0.18905658],1,2,"[0.294379027732062, 0.1921773781634303]",0,0
30158,[0.59397159 0.63195851],3,3,"[0.6601234827680622, 0.6109507568947781]",1,-1
30159,[0.63038862 0.72052731],3,-1,-1,1,-1
30160,[0.82267062 0.67870506],2,0,"[0.7890750777399501, 0.6799557517006445]",1,-1
30161,[0.32680778 0.27069962],1,-1,-1,0,0
30162,[0.41773669 0.60426688],0,1,"[0.37965276877051146, 0.575157747726818]",1,-1
30163,[0.73340685 0.68672605],2,0,"[0.7890750777399501, 0.6799557517006445]",1,-1
30164,[0.33618636 0.19877455],1,2,"[0.294379027732062, 0.1921773781634303]",0,0
30165,[0.43750933 0.59409949],0,1,"[0.37965276877051146, 0.575157747726818]",1,-1
30166,[0.70088091 0.74045736],2,-1,-1,1,-1
30167,[0.73466148 0.67515295],3,0,"[0.7890750777399501, 0.6799557517006445]",1,-1
30168,[0.76596231 0.64058339],2,0,"[0.7890750777399501, 0.6799557517006445]",1,-1
30169,[0.32024264 0.17167211],1,2,"[0.294379027732062, 0.1921773781634303]",0,0
30170,[0.69487808 0.59572724],3,3,"[0.6601234827680622, 0.6109507568947781]",1,-1
30171,[0.36979541 0.55772871],0,1,"[0.37965276877051146, 0.575157747726818]",1,-1
30172,[0.55993613 0.54821871],3,-1,-1,1,-1
30173,[0.24145576 0.14764695],1,2,"[0.294379027732062, 0.1921773781634303]",0,0
30174,[0.60618074 0.68069608],3,-1,-1,1,-1
30175,[0.75612514 0.5995964 ],2,-1,-1,1,-1
30176,[0.32885612 0.59106424],0,1,"[0.37965276877051146, 0.575157747726818]",1,-1
30177,[0.30466682 0.58449363],0,-1,-1,1,-1
30178,[0.29121006 0.59481562],0,-1,-1,1,-1
30179,[0.22295376 0.15717058],1,-1,-1,0,0
30180,[0.61812184 0.67933156],3,-1,-1,1,-1
30181,[0.62202892 0.60078626],3,3,"[0.6601234827680622, 0.6109507568947781]",1,-1
30182,[0.34309856 0.58785539],0,1,"[0.37965276877051146, 0.575157747726818]",1,-1
30183,[0.3825652  0.53510791],0,1,"[0.37965276877051146, 0.575157747726818]",1,-1
30184,[0.89673219 0.67109244],2,-1,-1,1,-1
30185,[0.41411262 0.51855574],0,1,"[0.37965276877051146, 0.575157747726818]",1,-1
30186,[0.52928001 0.60524857],0,-1,-1,1,-1
30187,[0.39309529 0.23922637],1,-1,-1,0,0
30188,[0.21813311 0.22760784],1,-1,-1,0,0
30189,[0.2502892  0.18148249],1,2,"[0.294379027732062, 0.1921773781634303]",0,0
30190,[0.44425965 0.51835413],0,-1,-1,1,-1
30191,[0.26702191 0.15479429],1,2,"[0.294379027732062, 0.1921773781634303]",0,0
30192,[0.34540469 0.19152713],1,2,"[0.294379027732062, 0.1921773781634303]",0,0
30193,[0.29210864 0.17010667],1,2,"[0.294379027732062, 0.1921773781634303]",0,0
30194,[0.23227172 0.10226725],1,-1,-1,0,0
30195,[0.2940993  0.17534887],1,2,"[0.294379027732062, 0.1921773781634303]",0,0
30196,[0.76748145 0.69935894],2,0,"[0.7890750777399501, 0.6799557517006445]",1,-1
30197,[0.32807327 0.18941034],1,2,"[0.294379027732062, 0.1921773781634303]",0,0
30198,[0.8147019  0.65331206],2,0,"[0.7890750777399501, 0.6799557517006445]",1,-1
30199,[0.75750887 0.56320681],2,-1,-1,1,-1
30200,[0.66493499 0.72932847],3,-1,-1,1,-1
30201,[0.48455581 0.5802927 ],0,-1,-1,1,-1
30202,[0.80270038 0.63436565],2,0,"[0.7890750777399501, 0.6799557517006445]",1,-1
30203,[0.79130767 0.60123072],2,-1,-1,1,-1
30204,[0.66869185 0.55750078],3,3,"[0.6601234827680622, 0.6109507568947781]",1,-1
30205,[0.3482521  0.19534889],1,2,"[0.294379027732062, 0.1921773781634303]",0,0
30206,[0.35620124 0.52566806],0,1,"[0.37965276877051146, 0.575157747726818]",1,-1
30207,[0.40619267 0.59178446],0,1,"[0.37965276877051146, 0.575157747726818]",1,-1
30208,[0.22700067 0.12989575],1,-1,-1,0,0
30209,[0.27111927 0.19601007],1,2,"[0.294379027732062, 0.1921773781634303]",0,0
30210,[0.28938635 0.17774875],1,2,"[0.294379027732062, 0.1921773781634303]",0,0
30211,[0.4342399  0.68574658],0,-1,-1,1,-1
30212,[0.27011073 0.11777077],1,-1,-1,0,0
30213,[0.53256049 0.48322938],3,-1,-1,1,-1
30214,[0.24634992 0.25557084],1,-1,-1,0,0
30215,[0.67306707 0.68409866],3,-1,-1,1,-1
30216,[0.21091738 0.1709559 ],1,-1,-1,0,0
30217,[0.64039857 0.57487254],3,3,"[0.6601234827680622, 0.6109507568947781]",1,-1
30218,[0.6782184  0.60487662],3,3,"[0.6601234827680622, 0.6109507568947781]",1,5
30219,[0.72152797 0.63113673],3,3,"[0.6601234827680622, 0.6109507568947781]",1,-1
30220,[0.7971815 0.6687133],2,0,"[0.7890750777399501, 0.6799557517006445]",1,4
30221,[0.75702823 0.71150369],2,0,"[0.7890750777399501, 0.6799557517006445]",1,-1
30222,[0.38635997 0.57246931],0,1,"[0.37965276877051146, 0.575157747726818]",1,2
30223,[0.6400798  0.56980929],3,3,"[0.6601234827680622, 0.6109507568947781]",1,-1
30224,[0.39117499 0.56119739],0,1,"[0.37965276877051146, 0.575157747726818]",1,-1
30225,[0.39537856 0.55201285],0,1,"[0.37965276877051146, 0.575157747726818]",1,-1
30226,[0.85104506 0.71927263],2,-1,-1,1,-1
30227,[0.66701786 0.52865217],3,-1,-1,1,-1
30228,[0.2778247  0.23087851],1,2,"[0.294379027732062, 0.1921773781634303]",0,0
30229,[0.80085924 0.70524109],2,0,"[0.7890750777399501, 0.6799557517006445]",1,-1
30230,[0.35115539 0.62186979],0,1,"[0.37965276877051146, 0.575157747726818]",1,-1
30231,[0.34395539 0.16882106],1,2,"[0.294379027732062, 0.1921773781634303]",0,0
30232,[0.25314898 0.16401648],1,2,"[0.294379027732062, 0.1921773781634303]",0,0
30233,[0.65149909 0.56117035],3,3,"[0.6601234827680622, 0.6109507568947781]",1,-1
30234,[0.26638425 0.23212034],1,2,"[0.294379027732062, 0.1921773781634303]",0,0
30235,[0.7624294  0.72483565],2,0,"[0.7890750777399501, 0.6799557517006445]",1,-1
30236,[0.62452708 0.63940036],3,3,"[0.6601234827680622, 0.6109507568947781]",1,-1
30237,[0.74586592 0.68120761],2,0,"[0.7890750777399501, 0.6799557517006445]",1,-1
30238,[0.67591177 0.61450243],3,3,"[0.6601234827680622, 0.6109507568947781]",1,-1
30239,[0.29886754 0.16774764],1,2,"[0.294379027732062, 0.1921773781634303]",0,0
30240,[0.6152755  0.58936736],3,3,"[0.6601234827680622, 0.6109507568947781]",1,-1
30241,[0.44540834 0.55194933],0,1,"[0.37965276877051146, 0.575157747726818]",1,-1
30242,[0.24753084 0.18835409],1,2,"[0.294379027732062, 0.1921773781634303]",0,0
30243,[0.66865748 0.65905933],3,3,"[0.6601234827680622, 0.6109507568947781]",1,-1
30244,[0.82480204 0.66283296],2,0,"[0.7890750777399501, 0.6799557517006445]",1,-1
30245,[0.80317482 0.67262317],2,0,"[0.7890750777399501, 0.6799557517006445]",1,4
30246,[0.35013735 0.52527712],0,1,"[0.37965276877051146, 0.575157747726818]",1,-1
30247,[0.67437548 0.58493865],3,3,"[0.6601234827680622, 0.6109507568947781]",1,-1
30248,[0.72006922 0.70548923],2,-1,-1,1,-1
30249,[0.35539364 0.21733176],1,2,"[0.294379027732062, 0.1921773781634303]",0,0
30250,[0.37626141 0.12584744],1,-1,-1,0,0
30251,[0.70333451 0.65656668],3,3,"[0.6601234827680622, 0.6109507568947781]",1,-1
30252,[0.28060913 0.285092  ],1,-1,-1,0,0
30253,[0.6187883  0.64576219],3,3,"[0.6601234827680622, 0.6109507568947781]",1,-1
30254,[0.45375919 0.49822398],0,-1,-1,1,-1
30255,[0.33790121 0.56000488],0,1,"[0.37965276877051146, 0.575157747726818]",1,-1
30256,[0.30127973 0.07381778],1,-1,-1,0,0
30257,[0.67260129 0.64678233],3,3,"[0.6601234827680622, 0.6109507568947781]",1,-1
30258,[0.43454908 0.45458966],0,-1,-1,1,-1
30259,[0.27554817 0.18785688],1,2,"[0.294379027732062, 0.1921773781634303]",0,0
30260,[0.67704739 0.54867989],3,3,"[0.6601234827680622, 0.6109507568947781]",1,-1
30261,[0.596918   0.63725509],3,3,"[0.6601234827680622, 0.6109507568947781]",1,-1
30262,[0.39285329 0.22540959],1,-1,-1,0,0
30263,[0.3921463 0.6168784],0,1,"[0.37965276877051146, 0.575157747726818]",1,-1
30264,[0.80315073 0.69848248],2,0,"[0.7890750777399501, 0.6799557517006445]",1,-1
30265,[0.64774071 0.58998317],3,3,"[0.6601234827680622, 0.6109507568947781]",1,-1
30266,[0.22506534 0.15356057],1,-1,-1,0,0
30267,[0.74860546 0.62839617],2,0,"[0.7890750777399501, 0.6799557517006445]",1,-1
30268,[0.63939623 0.64814853],3,3,"[0.6601234827680622, 0.6109507568947781]",1,-1
30269,[0.31952657 0.20998068],1,2,"[0.294379027732062, 0.1921773781634303]",0,0
30270,[0.36344793 0.49316183],0,-1,-1,1,-1
30271,[0.30353294 0.20798794],1,2,"[0.294379027732062, 0.1921773781634303]",0,0
30272,[0.60705833 0.57203247],3,3,"[0.6601234827680622, 0.6109507568947781]",1,-1
30273,[0.27204082 0.54477747],0,-1,-1,1,-1
30274,[0.70747042 0.66785228],3,-1,-1,1,-1
30275,[0.22870216 0.12579428],1,-1,-1,0,0
30276,[0.69003181 0.57861004],3,3,"[0.6601234827680622, 0.6109507568947781]",1,-1
30277,[0.89753467 0.60270722],2,-1,-1,1,-1
30278,[0.41184906 0.67316291],0,-1,-1,1,-1
30279,[0.64509068 0.57920907],3,3,"[0.6601234827680622, 0.6109507568947781]",1,-1
30280,[0.4395642 0.6361927],0,-1,-1,1,-1
30281,[0.62013937 0.67780752],3,-1,-1,1,-1
30282,[0.62180335 0.6755521 ],3,-1,-1,1,-1
30283,[0.78519836 0.63169406],2,0,"[0.7890750777399501, 0.6799557517006445]",1,-1
30284,[0.39980368 0.54909484],0,1,"[0.37965276877051146, 0.575157747726818]",1,-1
30285,[0.66814612 0.60983183],3,3,"[0.6601234827680622, 0.6109507568947781]",1,-1
30286,[0.43373837 0.62026636],0,-1,-1,1,-1
30287,[0.31500357 0.59570616],0,1,"[0.37965276877051146, 0.575157747726818]",1,-1
30288,[0.70485175 0.58573181],3,3,"[0.6601234827680622, 0.6109507568947781]",1,-1
30289,[0.39027742 0.62977422],0,1,"[0.37965276877051146, 0.575157747726818]",1,-1
30290,[0.36044498 0.63583181],0,1,"[0.37965276877051146, 0.575157747726818]",1,-1
30291,[0.36079751 0.63341863],0,1,"[0.37965276877051146, 0.575157747726818]",1,-1
30292,[0.23553073 0.17169466],1,2,"[0.294379027732062, 0.1921773781634303]",0,0
30293,[0.38067091 0.67305188],0,-1,-1,1,-1
30294,[0.75825781 0.70361727],2,0,"[0.7890750777399501, 0.6799557517006445]",1,-1
30295,[0.32424001 0.23322868],1,2,"[0.294379027732062, 0.1921773781634303]",0,0
30296,[0.36021784 0.63026181],0,1,"[0.37965276877051146, 0.575157747726818]",1,-1
30297,[0.87027248 0.64277831],2,-1,-1,1,-1
30298,[0.38191902 0.25786417],1,-1,-1,0,0
30299,[0.41101837 0.5689979 ],0,1,"[0.37965276877051146, 0.575157747726818]",1,2
30300,[0.37859417 0.59495173],0,1,"[0.37965276877051146, 0.575157747726818]",1,-1
30301,[0.77054625 0.57144274],2,-1,-1,1,-1
30302,[0.6625366  0.52406064],3,-1,-1,1,-1
30303,[0.73287193 0.53089677],3,-1,-1,1,-1
30304,[0.24188484 0.16724258],1,2,"[0.294379027732062, 0.1921773781634303]",0,0
30305,[0.82165909 0.57850291],2,-1,-1,1,-1
30306,[0.75262154 0.64339463],2,0,"[0.7890750777399501, 0.6799557517006445]",1,-1
30307,[0.84598054 0.65783451],2,0,"[0.7890750777399501, 0.6799557517006445]",1,-1
30308,[0.73770587 0.70421409],2,0,"[0.7890750777399501, 0.6799557517006445]",1,-1
30309,[0.37840927 0.53179601],0,1,"[0.37965276877051146, 0.575157747726818]",1,-1
30310,[0.37624238 0.50459534],0,-1,-1,1,-1
30311,[0.36702395 0.18391616],1,-1,-1,0,0
30312,[0.84555066 0.68572023],2,0,"[0.7890750777399501, 0.6799557517006445]",1,-1
30313,[0.63974401 0.60753848],3,3,"[0.6601234827680622, 0.6109507568947781]",1,-1
30314,[0.34153561 0.17417887],1,2,"[0.294379027732062, 0.1921773781634303]",0,0
30315,[0.61443531 0.61736761],3,3,"[0.6601234827680622, 0.6109507568947781]",1,-1
30316,[0.38658565 0.62739261],0,1,"[0.37965276877051146, 0.575157747726818]",1,-1
30317,[0.75822586 0.6634711 ],2,0,"[0.7890750777399501, 0.6799557517006445]",1,-1
30318,[0.72675409 0.64776483],3,-1,-1,1,-1
30319,[0.23237158 0.19884974],1,2,"[0.294379027732062, 0.1921773781634303]",0,0
30320,[0.81354898 0.64373291],2,0,"[0.7890750777399501, 0.6799557517006445]",1,-1
30321,[0.75659196 0.64165596],2,0,"[0.7890750777399501, 0.6799557517006445]",1,-1
30322,[0.3875607  0.23900073],1,-1,-1,0,0
30323,[0.63078095 0.61348094],3,3,"[0.6601234827680622, 0.6109507568947781]",1,-1
30324,[0.77994683 0.68077984],2,0,"[0.7890750777399501, 0.6799557517006445]",1,4
30325,[0.3134374  0.22108075],1,2,"[0.294379027732062, 0.1921773781634303]",0,0
30326,[0.43888924 0.56391583],0,1,"[0.37965276877051146, 0.575157747726818]",1,-1
30327,[0.82038716 0.67939996],2,0,"[0.7890750777399501, 0.6799557517006445]",1,-1
30328,[0.4201015  0.42442103],0,-1,-1,1,-1
30329,[0.34983231 0.55708766],0,1,"[0.37965276877051146, 0.575157747726818]",1,-1
30330,[0.6969891  0.62608116],3,3,"[0.6601234827680622, 0.6109507568947781]",1,-1
30331,[0.80087491 0.7005644 ],2,0,"[0.7890750777399501, 0.6799557517006445]",1,-1
30332,[0.38667895 0.6115429 ],0,1,"[0.37965276877051146, 0.575157747726818]",1,-1
30333,[0.84083013 0.65618591],2,0,"[0.7890750777399501, 0.6799557517006445]",1,-1
30334,[0.74664013 0.69965941],3,0,"[0.7890750777399501, 0.6799557517006445]",1,-1
30335,[0.31770153 0.19361895],1,2,"[0.294379027732062, 0.1921773781634303]",0,0
30336,[0.28218431 0.23839823],1,2,"[0.294379027732062, 0.1921773781634303]",0,0
30337,[0.6730716  0.63763235],3,3,"[0.6601234827680622, 0.6109507568947781]",1,-1
30338,[0.59888511 0.66674911],3,-1,-1,1,-1
30339,[0.71027715 0.63135698],3,3,"[0.6601234827680622, 0.6109507568947781]",1,-1
30340,[0.38294718 0.63583491],0,1,"[0.37965276877051146, 0.575157747726818]",1,-1
30341,[0.27056465 0.18847682],1,2,"[0.294379027732062, 0.1921773781634303]",0,0
30342,[0.29905496 0.1646413 ],1,2,"[0.294379027732062, 0.1921773781634303]",0,0
30343,[0.70161383 0.5943975 ],3,3,"[0.6601234827680622, 0.6109507568947781]",1,-1
30344,[0.56733428 0.55757193],3,-1,-1,1,-1
30345,[0.2937283  0.12888767],1,2,"[0.294379027732062, 0.1921773781634303]",0,0
30346,[0.32404759 0.12296855],1,-1,-1,0,0
30347,[0.62267154 0.6073882 ],3,3,"[0.6601234827680622, 0.6109507568947781]",1,-1
30348,[0.66890194 0.62482204],3,3,"[0.6601234827680622, 0.6109507568947781]",1,7
30349,[0.32350928 0.57999576],0,1,"[0.37965276877051146, 0.575157747726818]",1,-1
30350,[0.64975172 0.51628045],3,-1,-1,1,-1
30351,[0.83510997 0.68294612],2,0,"[0.7890750777399501, 0.6799557517006445]",1,-1
30352,[0.91816662 0.73341386],2,-1,-1,1,-1
30353,[0.29202512 0.18338323],1,2,"[0.294379027732062, 0.1921773781634303]",0,0
30354,[0.28877754 0.64126515],0,-1,-1,1,-1
30355,[0.68445657 0.52210561],3,-1,-1,1,-1
30356,[0.67725504 0.61350771],3,3,"[0.6601234827680622, 0.6109507568947781]",1,-1
30357,[0.39307801 0.56337715],0,1,"[0.37965276877051146, 0.575157747726818]",1,2
30358,[0.74082581 0.65242156],2,0,"[0.7890750777399501, 0.6799557517006445]",1,-1
30359,[0.37464693 0.55404005],0,1,"[0.37965276877051146, 0.575157747726818]",1,-1
30360,[0.38527961 0.65421773],0,-1,-1,1,-1
30361,[0.28719271 0.57996923],0,-1,-1,1,-1
30362,[0.69177322 0.66492185],3,3,"[0.6601234827680622, 0.6109507568947781]",1,-1
30363,[0.66765342 0.58005896],3,3,"[0.6601234827680622, 0.6109507568947781]",1,-1
30364,[0.7414108  0.57088036],3,-1,-1,1,-1
30365,[0.60910263 0.58444385],3,3,"[0.6601234827680622, 0.6109507568947781]",1,-1
30366,[0.85297854 0.68960112],2,0,"[0.7890750777399501, 0.6799557517006445]",1,-1
30367,[0.30849537 0.62117866],0,-1,-1,1,-1
30368,[0.7615681  0.73748605],2,0,"[0.7890750777399501, 0.6799557517006445]",1,-1
30369,[0.7824906  0.62531139],2,0,"[0.7890750777399501, 0.6799557517006445]",1,-1
30370,[0.71056493 0.60453057],3,3,"[0.6601234827680622, 0.6109507568947781]",1,-1
30371,[0.29790496 0.20368977],1,2,"[0.294379027732062, 0.1921773781634303]",0,0
30372,[0.72789922 0.67154387],3,0,"[0.7890750777399501, 0.6799557517006445]",1,-1
30373,[0.66862302 0.60228883],3,3,"[0.6601234827680622, 0.6109507568947781]",1,-1
30374,[0.65381048 0.68945135],3,-1,-1,1,-1
30375,[0.64560941 0.57184456],3,3,"[0.6601234827680622, 0.6109507568947781]",1,-1
30376,[0.72848395 0.58031885],3,-1,-1,1,-1
30377,[0.45992688 0.5924707 ],0,-1,-1,1,-1
30378,[0.7661069 0.6967308],2,0,"[0.7890750777399501, 0.6799557517006445]",1,4
30379,[0.37338055 0.20007093],1,-1,-1,0,0
30380,[0.43358736 0.57436681],0,1,"[0.37965276877051146, 0.575157747726818]",1,-1
30381,[0.25005524 0.22970162],1,2,"[0.294379027732062, 0.1921773781634303]",0,0
30382,[0.72473608 0.68745516],2,0,"[0.7890750777399501, 0.6799557517006445]",1,-1
30383,[0.31377293 0.58162841],0,1,"[0.37965276877051146, 0.575157747726818]",1,-1
30384,[0.34645536 0.69456093],0,-1,-1,1,-1
30385,[0.77287341 0.54215437],2,-1,-1,1,-1
30386,[0.39276469 0.55037106],0,1,"[0.37965276877051146, 0.575157747726818]",1,-1
30387,[0.64996924 0.64325139],3,3,"[0.6601234827680622, 0.6109507568947781]",1,-1
30388,[0.69831947 0.65176659],3,3,"[0.6601234827680622, 0.6109507568947781]",1,-1
30389,[0.75139277 0.53175519],3,-1,-1,1,-1
30390,[0.73113359 0.60210926],3,-1,-1,1,-1
30391,[0.29911136 0.6065383 ],0,-1,-1,1,-1
30392,[0.3052188  0.56356142],0,-1,-1,1,-1
30393,[0.39608862 0.55959082],0,1,"[0.37965276877051146, 0.575157747726818]",1,-1
30394,[0.36285362 0.61824543],0,1,"[0.37965276877051146, 0.575157747726818]",1,-1
30395,[0.80335941 0.68436751],2,0,"[0.7890750777399501, 0.6799557517006445]",1,-1
30396,[0.40617119 0.60856491],0,1,"[0.37965276877051146, 0.575157747726818]",1,-1
30397,[0.67922451 0.75025806],3,-1,-1,1,-1
30398,[0.31455025 0.14215938],1,2,"[0.294379027732062, 0.1921773781634303]",0,0
30399,[0.70939067 0.63198641],3,3,"[0.6601234827680622, 0.6109507568947781]",1,-1
30400,[0.30031127 0.19681105],1,2,"[0.294379027732062, 0.1921773781634303]",0,0
30401,[0.79583588 0.78462793],2,-1,-1,1,-1
30402,[0.76513682 0.72002224],2,0,"[0.7890750777399501, 0.6799557517006445]",1,-1
30403,[0.41950753 0.69302912],0,-1,-1,1,-1
30404,[0.42925155 0.5543894 ],0,1,"[0.37965276877051146, 0.575157747726818]",1,-1
30405,[0.61253992 0.48029081],3,-1,-1,1,-1
30406,[0.69175374 0.5846261 ],3,3,"[0.6601234827680622, 0.6109507568947781]",1,-1
30407,[0.71242558 0.6264411 ],3,3,"[0.6601234827680622, 0.6109507568947781]",1,-1
30408,[0.24584291 0.26823352],1,-1,-1,0,0
30409,[0.78782007 0.61842231],2,0,"[0.7890750777399501, 0.6799557517006445]",1,-1
30410,[0.80021148 0.5838371 ],2,-1,-1,1,-1
30411,[0.26589187 0.18154897],1,2,"[0.294379027732062, 0.1921773781634303]",0,0
30412,[0.72329785 0.68437617],2,0,"[0.7890750777399501, 0.6799557517006445]",1,-1
30413,[0.3915427  0.56741522],0,1,"[0.37965276877051146, 0.575157747726818]",1,-1
30414,[0.33706026 0.22718275],1,2,"[0.294379027732062, 0.1921773781634303]",0,0
30415,[0.35826584 0.13715949],1,-1,-1,0,0
30416,[0.33107591 0.63176731],0,-1,-1,1,-1
30417,[0.63622928 0.69357618],3,-1,-1,1,-1
30418,[0.32615444 0.12867342],1,-1,-1,0,0
30419,[0.8481706  0.62443955],2,-1,-1,1,-1
30420,[0.71813282 0.62871271],3,3,"[0.6601234827680622, 0.6109507568947781]",1,-1
30421,[0.48892909 0.58327888],0,-1,-1,1,-1
30422,[0.78911941 0.7014563 ],2,0,"[0.7890750777399501, 0.6799557517006445]",1,-1
30423,[0.3884359 0.5584423],0,1,"[0.37965276877051146, 0.575157747726818]",1,-1
30424,[0.82349315 0.66185848],2,0,"[0.7890750777399501, 0.6799557517006445]",1,-1
30425,[0.83473587 0.68480887],2,0,"[0.7890750777399501, 0.6799557517006445]",1,-1
30426,[0.81746758 0.71470548],2,0,"[0.7890750777399501, 0.6799557517006445]",1,-1
30427,[0.73676154 0.63457934],2,0,"[0.7890750777399501, 0.6799557517006445]",1,-1
30428,[0.68896236 0.59387197],3,3,"[0.6601234827680622, 0.6109507568947781]",1,5
30429,[0.70389824 0.63347193],3,3,"[0.6601234827680622, 0.6109507568947781]",1,-1
30430,[0.6493069  0.54326861],3,3,"[0.6601234827680622, 0.6109507568947781]",1,-1
30431,[0.6835333  0.65994473],2,3,"[0.6601234827680622, 0.6109507568947781]",1,-1
30432,[0.83992968 0.66821346],2,0,"[0.7890750777399501, 0.6799557517006445]",1,-1
30433,[0.24853234 0.27082599],1,-1,-1,0,0
30434,[0.3929097  0.15164858],1,-1,-1,0,0
30435,[0.66258858 0.59651188],3,3,"[0.6601234827680622, 0.6109507568947781]",1,6
30436,[0.73123226 0.6382717 ],2,-1,-1,1,-1
30437,[0.74903502 0.68668858],2,0,"[0.7890750777399501, 0.6799557517006445]",1,-1
30438,[0.24817747 0.22643691],1,2,"[0.294379027732062, 0.1921773781634303]",0,0
30439,[0.28826381 0.20723479],1,2,"[0.294379027732062, 0.1921773781634303]",0,0
30440,[0.37024564 0.51704846],0,1,"[0.37965276877051146, 0.575157747726818]",1,-1
30441,[0.2932977  0.53270685],0,-1,-1,1,-1
30442,[0.74341686 0.79675966],2,-1,-1,1,-1
30443,[0.73026171 0.55567677],3,-1,-1,1,-1
30444,[0.34008999 0.47686397],0,-1,-1,1,-1
30445,[0.41455923 0.52729716],0,1,"[0.37965276877051146, 0.575157747726818]",1,-1
30446,[0.73120879 0.64027531],3,-1,-1,1,-1
30447,[0.34329461 0.17930504],1,2,"[0.294379027732062, 0.1921773781634303]",0,0
30448,[0.39386663 0.51958426],0,1,"[0.37965276877051146, 0.575157747726818]",1,-1
30449,[0.18376764 0.17186367],1,-1,-1,0,0
30450,[0.75074409 0.71611088],2,0,"[0.7890750777399501, 0.6799557517006445]",1,-1
30451,[0.76856755 0.69700885],2,0,"[0.7890750777399501, 0.6799557517006445]",1,4
30452,[0.2624959  0.18062718],1,2,"[0.294379027732062, 0.1921773781634303]",0,0
30453,[0.36717361 0.18601025],1,-1,-1,0,0
30454,[0.83440462 0.69196973],2,0,"[0.7890750777399501, 0.6799557517006445]",1,-1
30455,[0.3640846  0.61873239],0,1,"[0.37965276877051146, 0.575157747726818]",1,-1
30456,[0.82422472 0.73480997],2,0,"[0.7890750777399501, 0.6799557517006445]",1,-1
30457,[0.17337595 0.27759139],1,-1,-1,0,0
30458,[0.57641997 0.62808588],3,-1,-1,1,-1
30459,[0.74944353 0.55499143],2,-1,-1,1,-1
30460,[0.28200953 0.20900702],1,2,"[0.294379027732062, 0.1921773781634303]",0,0
30461,[0.82558822 0.63239902],2,0,"[0.7890750777399501, 0.6799557517006445]",1,-1
30462,[0.62553262 0.61100311],3,3,"[0.6601234827680622, 0.6109507568947781]",1,-1
30463,[0.2883026  0.18534588],1,2,"[0.294379027732062, 0.1921773781634303]",0,0
30464,[0.27632711 0.51664845],0,-1,-1,1,-1
30465,[0.82195688 0.66919054],2,0,"[0.7890750777399501, 0.6799557517006445]",1,-1
30466,[0.79903467 0.7179306 ],2,0,"[0.7890750777399501, 0.6799557517006445]",1,-1
30467,[0.82286388 0.7583282 ],2,-1,-1,1,-1
30468,[0.76316726 0.75153116],2,-1,-1,1,-1
30469,[0.69465321 0.68303199],3,-1,-1,1,-1
30470,[0.73475267 0.65287673],3,0,"[0.7890750777399501, 0.6799557517006445]",1,-1
30471,[0.42582385 0.60690301],0,1,"[0.37965276877051146, 0.575157747726818]",1,-1
30472,[0.1926035  0.24531084],1,-1,-1,0,0
30473,[0.42644667 0.60236966],0,1,"[0.37965276877051146, 0.575157747726818]",1,-1
30474,[0.79120287 0.64990142],2,0,"[0.7890750777399501, 0.6799557517006445]",1,-1
30475,[0.3657037  0.56125493],0,1,"[0.37965276877051146, 0.575157747726818]",1,-1
30476,[0.73139714 0.52017415],3,-1,-1,1,-1
30477,[0.7131123  0.58013982],3,3,"[0.6601234827680622, 0.6109507568947781]",1,-1
30478,[0.3668799  0.52228693],0,1,"[0.37965276877051146, 0.575157747726818]",1,-1
30479,[0.57828175 0.63861121],3,-1,-1,1,-1
30480,[0.35995478 0.2050426 ],1,2,"[0.294379027732062, 0.1921773781634303]",0,0
30481,[0.42842363 0.52142542],0,-1,-1,1,-1
30482,[0.82278576 0.66768248],2,0,"[0.7890750777399501, 0.6799557517006445]",1,-1
30483,[0.64674991 0.60708858],3,3,"[0.6601234827680622, 0.6109507568947781]",1,6
30484,[0.2551286  0.15558317],1,2,"[0.294379027732062, 0.1921773781634303]",0,0
30485,[0.644122   0.63019793],3,3,"[0.6601234827680622, 0.6109507568947781]",1,-1
30486,[0.80950623 0.70866048],2,0,"[0.7890750777399501, 0.6799557517006445]",1,-1
30487,[0.40972028 0.54350182],0,1,"[0.37965276877051146, 0.575157747726818]",1,-1
30488,[0.30438115 0.21537056],1,2,"[0.294379027732062, 0.1921773781634303]",0,0
30489,[0.29275304 0.19148983],1,2,"[0.294379027732062, 0.1921773781634303]",0,0
30490,[0.31332374 0.16620145],1,2,"[0.294379027732062, 0.1921773781634303]",0,0
30491,[0.68611885 0.54775112],3,3,"[0.6601234827680622, 0.6109507568947781]",1,-1
30492,[0.28211419 0.19002465],1,2,"[0.294379027732062, 0.1921773781634303]",0,0
30493,[0.80811188 0.61265001],2,0,"[0.7890750777399501, 0.6799557517006445]",1,-1
30494,[0.58086402 0.5107281 ],3,-1,-1,1,-1
30495,[0.35181801 0.53196756],0,1,"[0.37965276877051146, 0.575157747726818]",1,-1
30496,[0.3666806  0.62211033],0,1,"[0.37965276877051146, 0.575157747726818]",1,-1
30497,[0.87463322 0.83020915],2,-1,-1,1,-1
30498,[0.58440474 0.58231182],3,-1,-1,1,-1
30499,[0.70228381 0.67463741],3,-1,-1,1,-1
30500,[0.4626769  0.59264136],0,-1,-1,1,-1
30501,[0.72995205 0.6508876 ],2,0,"[0.7890750777399501, 0.6799557517006445]",1,-1
30502,[0.25750723 0.18993822],1,2,"[0.294379027732062, 0.1921773781634303]",0,0
30503,[0.74915741 0.72680772],2,0,"[0.7890750777399501, 0.6799557517006445]",1,-1
30504,[0.29622072 0.55298016],0,-1,-1,1,-1
30505,[0.23760243 0.19238406],1,2,"[0.294379027732062, 0.1921773781634303]",0,0
30506,[0.34656353 0.5650174 ],0,1,"[0.37965276877051146, 0.575157747726818]",1,-1
30507,[0.76976539 0.75104815],2,-1,-1,1,-1
30508,[0.62632085 0.64184688],3,3,"[0.6601234827680622, 0.6109507568947781]",1,-1
30509,[0.30854095 0.20631028],1,2,"[0.294379027732062, 0.1921773781634303]",0,0
30510,[0.24581151 0.15769313],1,2,"[0.294379027732062, 0.1921773781634303]",0,0
30511,[0.22615179 0.13550083],1,-1,-1,0,0
30512,[0.32944759 0.18148975],1,2,"[0.294379027732062, 0.1921773781634303]",0,0
30513,[0.21483684 0.14327748],1,-1,-1,0,0
30514,[0.68308868 0.53994798],3,-1,-1,1,-1
30515,[0.72708798 0.58523659],3,-1,-1,1,-1
30516,[0.41588497 0.13203371],1,-1,-1,0,0
30517,[0.4144793  0.52988038],0,1,"[0.37965276877051146, 0.575157747726818]",1,-1
30518,[0.68248583 0.59840983],3,3,"[0.6601234827680622, 0.6109507568947781]",1,5
30519,[0.66399478 0.6253059 ],3,3,"[0.6601234827680622, 0.6109507568947781]",1,7
30520,[0.74296148 0.63060527],3,0,"[0.7890750777399501, 0.6799557517006445]",1,-1
30521,[0.64222589 0.65794775],3,3,"[0.6601234827680622, 0.6109507568947781]",1,-1
30522,[0.40902989 0.63053773],0,1,"[0.37965276877051146, 0.575157747726818]",1,-1
30523,[0.43278609 0.52731808],0,-1,-1,1,-1
30524,[0.8078098  0.70466243],2,0,"[0.7890750777399501, 0.6799557517006445]",1,-1
30525,[0.83928357 0.62480091],2,-1,-1,1,-1
30526,[0.23741216 0.22463365],1,2,"[0.294379027732062, 0.1921773781634303]",0,0
30527,[0.31664183 0.24574495],1,2,"[0.294379027732062, 0.1921773781634303]",0,0
30528,[0.87877163 0.70250439],2,-1,-1,1,-1
30529,[0.38015533 0.43565626],0,-1,-1,1,-1
30530,[0.67090431 0.59015086],3,3,"[0.6601234827680622, 0.6109507568947781]",1,-1
30531,[0.85670881 0.75334736],2,-1,-1,1,-1
30532,[0.367612   0.56222104],0,1,"[0.37965276877051146, 0.575157747726818]",1,1
30533,[0.25534105 0.17708776],1,2,"[0.294379027732062, 0.1921773781634303]",0,0
30534,[0.81140598 0.76738865],2,-1,-1,1,-1
30535,[0.5216148  0.60514506],0,-1,-1,1,-1
30536,[0.22003791 0.13360826],1,-1,-1,0,0
30537,[0.82694291 0.77046744],2,-1,-1,1,-1
30538,[0.75148151 0.6569077 ],2,0,"[0.7890750777399501, 0.6799557517006445]",1,-1
30539,[0.3038262  0.63570634],0,-1,-1,1,-1
30540,[0.62848102 0.5567064 ],3,3,"[0.6601234827680622, 0.6109507568947781]",1,-1
30541,[0.7088225  0.68633076],3,-1,-1,1,-1
30542,[0.37166154 0.53480826],0,1,"[0.37965276877051146, 0.575157747726818]",1,-1
30543,[0.40247084 0.6512075 ],0,-1,-1,1,-1
30544,[0.71630052 0.65710641],3,-1,-1,1,-1
30545,[0.38982631 0.61851106],0,1,"[0.37965276877051146, 0.575157747726818]",1,-1
30546,[0.6648976  0.66810382],3,3,"[0.6601234827680622, 0.6109507568947781]",1,-1
30547,[0.705937   0.58427846],3,3,"[0.6601234827680622, 0.6109507568947781]",1,-1
30548,[0.57508403 0.57166078],3,-1,-1,1,-1
30549,[0.35092007 0.20424188],1,2,"[0.294379027732062, 0.1921773781634303]",0,0
30550,[0.36486468 0.54498365],0,1,"[0.37965276877051146, 0.575157747726818]",1,-1
30551,[0.29236491 0.10117029],1,-1,-1,0,0
30552,[0.79583996 0.82067637],2,-1,-1,1,-1
30553,[0.64791616 0.67889709],3,3,"[0.6601234827680622, 0.6109507568947781]",1,-1
30554,[0.26928175 0.13754341],1,2,"[0.294379027732062, 0.1921773781634303]",0,0
30555,[0.30350674 0.13667704],1,2,"[0.294379027732062, 0.1921773781634303]",0,0
30556,[0.37069011 0.22064495],1,-1,-1,0,0
30557,[0.3980501  0.58082002],0,1,"[0.37965276877051146, 0.575157747726818]",1,-1
30558,[0.66451317 0.76926147],2,-1,-1,1,-1
30559,[0.7860034  0.58977041],3,-1,-1,1,-1
30560,[0.80846561 0.71633759],2,0,"[0.7890750777399501, 0.6799557517006445]",1,-1
30561,[0.81122246 0.76652363],2,-1,-1,1,-1
30562,[0.76788621 0.74141645],2,0,"[0.7890750777399501, 0.6799557517006445]",1,-1
30563,[0.44137105 0.61201037],0,-1,-1,1,-1
30564,[0.1362482 0.1981342],1,-1,-1,0,0
30565,[0.7535609 0.5952882],3,-1,-1,1,-1
30566,[0.67424002 0.71170593],2,-1,-1,1,-1
30567,[0.77726971 0.66742999],2,0,"[0.7890750777399501, 0.6799557517006445]",1,-1
30568,[0.38134017 0.5590011 ],0,1,"[0.37965276877051146, 0.575157747726818]",1,-1
30569,[0.53553485 0.59309743],0,-1,-1,1,-1
30570,[0.80130054 0.62216874],2,0,"[0.7890750777399501, 0.6799557517006445]",1,-1
30571,[0.34569625 0.64676183],0,-1,-1,1,-1
30572,[0.74124734 0.67721109],2,0,"[0.7890750777399501, 0.6799557517006445]",1,-1
30573,[0.72007543 0.66143752],3,-1,-1,1,-1
30574,[0.33409996 0.19464088],1,2,"[0.294379027732062, 0.1921773781634303]",0,0
30575,[0.73810545 0.68793252],2,0,"[0.7890750777399501, 0.6799557517006445]",1,-1
30576,[0.66762482 0.69048739],3,-1,-1,1,-1
30577,[0.36069998 0.62794981],0,1,"[0.37965276877051146, 0.575157747726818]",1,-1
30578,[0.32144759 0.18154248],1,2,"[0.294379027732062, 0.1921773781634303]",0,0
30579,[0.27834307 0.15636537],1,2,"[0.294379027732062, 0.1921773781634303]",0,0
30580,[0.67302368 0.64047044],3,3,"[0.6601234827680622, 0.6109507568947781]",1,-1
30581,[0.36811685 0.55426035],0,1,"[0.37965276877051146, 0.575157747726818]",1,-1
30582,[0.80352868 0.72385974],2,0,"[0.7890750777399501, 0.6799557517006445]",1,-1
30583,[0.35356606 0.49247105],0,-1,-1,1,-1
30584,[0.35887188 0.52323039],0,1,"[0.37965276877051146, 0.575157747726818]",1,-1
30585,[0.75414371 0.71946767],2,0,"[0.7890750777399501, 0.6799557517006445]",1,-1
30586,[0.37228128 0.51030605],0,1,"[0.37965276877051146, 0.575157747726818]",1,-1
30587,[0.23634085 0.16492459],1,2,"[0.294379027732062, 0.1921773781634303]",0,0
30588,[0.37055791 0.61168767],0,1,"[0.37965276877051146, 0.575157747726818]",1,-1
30589,[0.63616689 0.50108699],3,-1,-1,1,-1
30590,[0.39002349 0.23901488],1,-1,-1,0,0
30591,[0.84403761 0.56657125],2,-1,-1,1,-1
30592,[0.38861113 0.40457584],0,-1,-1,1,-1
30593,[0.42583127 0.54606094],0,1,"[0.37965276877051146, 0.575157747726818]",1,-1
30594,[0.48744417 0.59061897],0,-1,-1,1,-1
30595,[0.65007959 0.59078097],3,3,"[0.6601234827680622, 0.6109507568947781]",1,-1
30596,[0.24530732 0.23194793],1,2,"[0.294379027732062, 0.1921773781634303]",0,0
30597,[0.33209859 0.19906148],1,2,"[0.294379027732062, 0.1921773781634303]",0,0
30598,[0.38960516 0.60229823],0,1,"[0.37965276877051146, 0.575157747726818]",1,-1
30599,[0.2762351  0.15197668],1,2,"[0.294379027732062, 0.1921773781634303]",0,0
30600,[0.68753976 0.67804943],3,-1,-1,1,-1
30601,[0.70072714 0.60596735],3,3,"[0.6601234827680622, 0.6109507568947781]",1,-1
30602,[0.34306506 0.21604818],1,2,"[0.294379027732062, 0.1921773781634303]",0,0
30603,[0.77696148 0.59257957],3,-1,-1,1,-1
30604,[0.43443922 0.61586746],0,1,"[0.37965276877051146, 0.575157747726818]",1,-1
30605,[0.80123008 0.6530842 ],2,0,"[0.7890750777399501, 0.6799557517006445]",1,-1
30606,[0.27986764 0.20585841],1,2,"[0.294379027732062, 0.1921773781634303]",0,0
30607,[0.26964033 0.21374266],1,2,"[0.294379027732062, 0.1921773781634303]",0,0
30608,[0.75820731 0.70604616],2,0,"[0.7890750777399501, 0.6799557517006445]",1,-1
30609,[0.25263798 0.16075251],1,2,"[0.294379027732062, 0.1921773781634303]",0,0
30610,[0.33435085 0.53864274],0,1,"[0.37965276877051146, 0.575157747726818]",1,-1
30611,[0.39828445 0.5913822 ],0,1,"[0.37965276877051146, 0.575157747726818]",1,-1
30612,[0.73268707 0.58190501],3,-1,-1,1,-1
30613,[0.89312326 0.65526194],2,-1,-1,1,-1
30614,[0.20608124 0.21236342],1,-1,-1,0,0
30615,[0.6470977  0.56441111],3,3,"[0.6601234827680622, 0.6109507568947781]",1,-1
30616,[0.3797421  0.61631595],0,1,"[0.37965276877051146, 0.575157747726818]",1,-1
30617,[0.28165058 0.2453033 ],1,2,"[0.294379027732062, 0.1921773781634303]",0,0
30618,[0.39454315 0.62336771],0,1,"[0.37965276877051146, 0.575157747726818]",1,-1
30619,[0.39164216 0.56455905],0,1,"[0.37965276877051146, 0.575157747726818]",1,2
30620,[0.28036836 0.21753521],1,2,"[0.294379027732062, 0.1921773781634303]",0,0
30621,[0.68038451 0.57472895],3,3,"[0.6601234827680622, 0.6109507568947781]",1,-1
30622,[0.78822066 0.71061444],2,0,"[0.7890750777399501, 0.6799557517006445]",1,-1
30623,[0.79794354 0.67533312],2,0,"[0.7890750777399501, 0.6799557517006445]",1,4
30624,[0.35016833 0.4794363 ],0,-1,-1,1,-1
30625,[0.27914532 0.23901905],1,2,"[0.294379027732062, 0.1921773781634303]",0,0
30626,[0.80568708 0.71510561],2,0,"[0.7890750777399501, 0.6799557517006445]",1,-1
30627,[0.44251497 0.52330926],0,-1,-1,1,-1
30628,[0.87040994 0.63669926],2,-1,-1,1,-1
30629,[0.27145976 0.22403299],1,2,"[0.294379027732062, 0.1921773781634303]",0,0
30630,[0.80560753 0.56289023],3,-1,-1,1,-1
30631,[0.31711443 0.55418361],0,1,"[0.37965276877051146, 0.575157747726818]",1,-1
30632,[0.65778759 0.626634  ],3,3,"[0.6601234827680622, 0.6109507568947781]",1,-1
30633,[0.64877156 0.5861125 ],3,3,"[0.6601234827680622, 0.6109507568947781]",1,-1
30634,[0.84817004 0.68627032],2,0,"[0.7890750777399501, 0.6799557517006445]",1,-1
30635,[0.37780087 0.23782766],1,-1,-1,0,0
30636,[0.81292155 0.61628701],2,0,"[0.7890750777399501, 0.6799557517006445]",1,-1
30637,[0.96416874 0.64163158],2,-1,-1,1,-1
30638,[0.70400085 0.57116306],2,3,"[0.6601234827680622, 0.6109507568947781]",1,-1
30639,[0.36663685 0.59540227],0,1,"[0.37965276877051146, 0.575157747726818]",1,-1
30640,[0.69040752 0.6322099 ],3,3,"[0.6601234827680622, 0.6109507568947781]",1,7
30641,[0.84293479 0.7541655 ],2,-1,-1,1,-1
30642,[0.34475837 0.59542525],0,1,"[0.37965276877051146, 0.575157747726818]",1,-1
30643,[0.61389254 0.58468615],3,3,"[0.6601234827680622, 0.6109507568947781]",1,-1
30644,[0.37346315 0.61318381],0,1,"[0.37965276877051146, 0.575157747726818]",1,-1
30645,[0.62555329 0.53237859],3,-1,-1,1,-1
30646,[0.60492863 0.56367715],3,-1,-1,1,-1
30647,[0.70184655 0.58419834],3,3,"[0.6601234827680622, 0.6109507568947781]",1,-1
30648,[0.80063904 0.73554977],2,0,"[0.7890750777399501, 0.6799557517006445]",1,-1
30649,[0.58156528 0.65172611],3,-1,-1,1,-1
30650,[0.69689943 0.6211511 ],3,3,"[0.6601234827680622, 0.6109507568947781]",1,-1
30651,[0.24457112 0.15312033],1,2,"[0.294379027732062, 0.1921773781634303]",0,0
30652,[0.68753527 0.63346148],3,3,"[0.6601234827680622, 0.6109507568947781]",1,-1
30653,[0.31225735 0.11965728],1,-1,-1,0,0
30654,[0.70140829 0.46595275],3,-1,-1,1,-1
30655,[0.38041229 0.50268455],0,-1,-1,1,-1
30656,[0.79271335 0.62415834],2,0,"[0.7890750777399501, 0.6799557517006445]",1,-1
30657,[0.78150037 0.64939732],2,0,"[0.7890750777399501, 0.6799557517006445]",1,-1
30658,[0.79694609 0.73339729],2,0,"[0.7890750777399501, 0.6799557517006445]",1,-1
30659,[0.80904104 0.63875561],2,0,"[0.7890750777399501, 0.6799557517006445]",1,-1
30660,[0.79594388 0.64791104],2,0,"[0.7890750777399501, 0.6799557517006445]",1,-1
30661,[0.75462214 0.61869884],3,-1,-1,1,-1
30662,[0.31057625 0.16433759],1,2,"[0.294379027732062, 0.1921773781634303]",0,0
30663,[0.74800212 0.62180126],3,-1,-1,1,-1
30664,[0.26282119 0.24878707],1,2,"[0.294379027732062, 0.1921773781634303]",0,0
30665,[0.3114702  0.16986286],1,2,"[0.294379027732062, 0.1921773781634303]",0,0
30666,[0.64391479 0.66584065],3,3,"[0.6601234827680622, 0.6109507568947781]",1,-1
30667,[0.34758774 0.62973694],0,1,"[0.37965276877051146, 0.575157747726818]",1,-1
30668,[0.31217706 0.24560802],1,2,"[0.294379027732062, 0.1921773781634303]",0,0
30669,[0.21488788 0.16556277],1,-1,-1,0,0
30670,[0.29927017 0.1075321 ],1,-1,-1,0,0
30671,[0.32853882 0.12788787],1,-1,-1,0,0
30672,[0.78497647 0.62192336],2,0,"[0.7890750777399501, 0.6799557517006445]",1,-1
30673,[0.41582782 0.52369657],0,1,"[0.37965276877051146, 0.575157747726818]",1,-1
30674,[0.26367494 0.18778561],1,2,"[0.294379027732062, 0.1921773781634303]",0,0
30675,[0.77092769 0.5439305 ],3,-1,-1,1,-1
30676,[0.34939595 0.53156803],0,1,"[0.37965276877051146, 0.575157747726818]",1,-1
30677,[0.65093312 0.60161318],3,3,"[0.6601234827680622, 0.6109507568947781]",1,6
30678,[0.23527639 0.19146641],1,2,"[0.294379027732062, 0.1921773781634303]",0,0
30679,[0.46731165 0.57783782],0,-1,-1,1,-1
30680,[0.24377657 0.25773091],1,-1,-1,0,0
30681,[0.31011785 0.15308995],1,2,"[0.294379027732062, 0.1921773781634303]",0,0
30682,[0.67383703 0.58508942],3,3,"[0.6601234827680622, 0.6109507568947781]",1,-1
30683,[0.27198725 0.13176394],1,2,"[0.294379027732062, 0.1921773781634303]",0,0
30684,[0.67295003 0.51627499],3,-1,-1,1,-1
30685,[0.29420839 0.15243787],1,2,"[0.294379027732062, 0.1921773781634303]",0,0
30686,[0.71152594 0.5786859 ],3,3,"[0.6601234827680622, 0.6109507568947781]",1,-1
30687,[0.65426272 0.59810592],3,3,"[0.6601234827680622, 0.6109507568947781]",1,-1
30688,[0.3782219  0.64020366],0,1,"[0.37965276877051146, 0.575157747726818]",1,-1
30689,[0.36730292 0.57501141],0,1,"[0.37965276877051146, 0.575157747726818]",1,1
30690,[0.58225674 0.60862209],3,-1,-1,1,-1
30691,[0.70298135 0.63649473],3,3,"[0.6601234827680622, 0.6109507568947781]",1,-1
30692,[0.42102746 0.58632492],0,1,"[0.37965276877051146, 0.575157747726818]",1,-1
30693,[0.63612227 0.60587301],3,3,"[0.6601234827680622, 0.6109507568947781]",1,-1
30694,[0.42998954 0.54569368],0,1,"[0.37965276877051146, 0.575157747726818]",1,-1
30695,[0.75076878 0.65008291],2,0,"[0.7890750777399501, 0.6799557517006445]",1,-1
30696,[0.31308594 0.14966503],1,2,"[0.294379027732062, 0.1921773781634303]",0,0
30697,[0.2949347  0.18107781],1,2,"[0.294379027732062, 0.1921773781634303]",0,0
30698,[0.78151783 0.60297117],2,-1,-1,1,-1
30699,[0.40494249 0.57633973],0,1,"[0.37965276877051146, 0.575157747726818]",1,-1
30700,[0.32571074 0.54109673],0,1,"[0.37965276877051146, 0.575157747726818]",1,-1
30701,[0.65282236 0.53214819],3,-1,-1,1,-1
30702,[0.33461888 0.68878343],0,-1,-1,1,-1
30703,[0.74214708 0.63359506],3,0,"[0.7890750777399501, 0.6799557517006445]",1,-1
30704,[0.44286226 0.51488587],0,-1,-1,1,-1
30705,[0.73085522 0.59549885],3,-1,-1,1,-1
30706,[0.2952317  0.22629263],1,2,"[0.294379027732062, 0.1921773781634303]",0,0
30707,[0.62625523 0.54163708],3,-1,-1,1,-1
30708,[0.24550377 0.05964465],1,-1,-1,0,0
30709,[0.7127018  0.66838619],3,-1,-1,1,-1
30710,[0.37213978 0.61228977],0,1,"[0.37965276877051146, 0.575157747726818]",1,-1
30711,[0.35362863 0.17244682],1,2,"[0.294379027732062, 0.1921773781634303]",0,0
30712,[0.2995179  0.14340967],1,2,"[0.294379027732062, 0.1921773781634303]",0,0
30713,[0.28059    0.59107094],0,-1,-1,1,-1
30714,[0.22124351 0.19144902],1,-1,-1,0,0
30715,[0.60026811 0.68498945],3,-1,-1,1,-1
30716,[0.58421718 0.66252106],3,-1,-1,1,-1
30717,[0.82988466 0.75922347],2,-1,-1,1,-1
30718,[0.68533873 0.59940635],3,3,"[0.6601234827680622, 0.6109507568947781]",1,5
30719,[0.58883847 0.54100867],3,-1,-1,1,-1
30720,[0.31990865 0.55504234],0,1,"[0.37965276877051146, 0.575157747726818]",1,-1
30721,[0.70158545 0.6562635 ],3,3,"[0.6601234827680622, 0.6109507568947781]",1,-1
30722,[0.70445433 0.64167456],3,3,"[0.6601234827680622, 0.6109507568947781]",1,-1
30723,[0.72374363 0.64128944],3,-1,-1,1,-1
30724,[0.35084248 0.67725008],0,-1,-1,1,-1
30725,[0.76438056 0.63023186],2,0,"[0.7890750777399501, 0.6799557517006445]",1,-1
30726,[0.32436459 0.46801637],0,-1,-1,1,-1
30727,[0.29241309 0.57632182],0,-1,-1,1,-1
30728,[0.278551   0.10450649],1,-1,-1,0,0
30729,[0.23971286 0.22203138],1,2,"[0.294379027732062, 0.1921773781634303]",0,0
30730,[0.82045506 0.61162072],2,-1,-1,1,-1
30731,[0.79733859 0.67074948],2,0,"[0.7890750777399501, 0.6799557517006445]",1,4
30732,[0.77110744 0.74930864],2,-1,-1,1,-1
30733,[0.61452857 0.54788175],3,-1,-1,1,-1
30734,[0.76444452 0.64480771],2,0,"[0.7890750777399501, 0.6799557517006445]",1,-1
30735,[0.73081266 0.70638139],2,0,"[0.7890750777399501, 0.6799557517006445]",1,-1
30736,[0.77917154 0.68453538],2,0,"[0.7890750777399501, 0.6799557517006445]",1,4
30737,[0.30086737 0.58946925],0,-1,-1,1,-1
30738,[0.7241222  0.64294168],3,-1,-1,1,-1
30739,[0.86083126 0.6784613 ],2,-1,-1,1,-1
30740,[0.55875762 0.55569841],3,-1,-1,1,-1
30741,[0.31424536 0.27936562],1,-1,-1,0,0
30742,[0.7043703 0.669337 ],3,-1,-1,1,-1
30743,[0.83980136 0.68980593],2,0,"[0.7890750777399501, 0.6799557517006445]",1,-1
30744,[0.38291732 0.61039691],0,1,"[0.37965276877051146, 0.575157747726818]",1,-1
30745,[0.63608569 0.58792242],3,3,"[0.6601234827680622, 0.6109507568947781]",1,-1
30746,[0.73521262 0.65973412],2,0,"[0.7890750777399501, 0.6799557517006445]",1,-1
30747,[0.57584943 0.56561487],3,-1,-1,1,-1
30748,[0.45194198 0.59372605],0,-1,-1,1,-1
30749,[0.69242958 0.61894204],3,3,"[0.6601234827680622, 0.6109507568947781]",1,-1
30750,[0.20911995 0.17469976],1,-1,-1,0,0
30751,[0.42737768 0.58671529],0,1,"[0.37965276877051146, 0.575157747726818]",1,-1
30752,[0.29924277 0.26695825],1,-1,-1,0,0
30753,[0.67199554 0.60956921],3,3,"[0.6601234827680622, 0.6109507568947781]",1,-1
30754,[0.39720607 0.60618249],0,1,"[0.37965276877051146, 0.575157747726818]",1,-1
30755,[0.33658954 0.48082335],0,-1,-1,1,-1
30756,[0.77453441 0.62148688],2,0,"[0.7890750777399501, 0.6799557517006445]",1,-1
30757,[0.41046092 0.55816215],0,1,"[0.37965276877051146, 0.575157747726818]",1,-1
30758,[0.6020293  0.60361228],3,3,"[0.6601234827680622, 0.6109507568947781]",1,-1
30759,[0.35654106 0.55593819],0,1,"[0.37965276877051146, 0.575157747726818]",1,-1
30760,[0.84578079 0.78275685],2,-1,-1,1,-1
30761,[0.83452882 0.71748567],2,0,"[0.7890750777399501, 0.6799557517006445]",1,-1
30762,[0.29351766 0.16951597],1,2,"[0.294379027732062, 0.1921773781634303]",0,0
30763,[0.69883259 0.71708548],2,-1,-1,1,-1
30764,[0.73815489 0.67451238],2,0,"[0.7890750777399501, 0.6799557517006445]",1,-1
30765,[0.32744807 0.62489817],0,-1,-1,1,-1
30766,[0.8082761  0.59168798],3,-1,-1,1,-1
30767,[0.71113624 0.63644348],3,3,"[0.6601234827680622, 0.6109507568947781]",1,-1
30768,[0.43005061 0.60430695],0,1,"[0.37965276877051146, 0.575157747726818]",1,-1
30769,[0.31157263 0.22899907],1,2,"[0.294379027732062, 0.1921773781634303]",0,0
30770,[0.25288453 0.0962337 ],1,-1,-1,0,0
30771,[0.70018858 0.5564586 ],3,3,"[0.6601234827680622, 0.6109507568947781]",1,-1
30772,[0.68630302 0.70357975],3,-1,-1,1,-1
30773,[0.32868531 0.50707373],0,-1,-1,1,-1
30774,[0.67478524 0.66172996],3,3,"[0.6601234827680622, 0.6109507568947781]",1,-1
30775,[0.83053855 0.66134399],2,0,"[0.7890750777399501, 0.6799557517006445]",1,-1
30776,[0.88326105 0.78424804],2,-1,-1,1,-1
30777,[0.79471158 0.67213663],2,0,"[0.7890750777399501, 0.6799557517006445]",1,4
30778,[0.41553592 0.58270844],0,1,"[0.37965276877051146, 0.575157747726818]",1,-1
30779,[0.59093846 0.53147   ],3,-1,-1,1,-1
30780,[0.76433266 0.57282369],3,-1,-1,1,-1
30781,[0.8549862  0.66638507],2,0,"[0.7890750777399501, 0.6799557517006445]",1,-1
30782,[0.34163355 0.56423964],0,1,"[0.37965276877051146, 0.575157747726818]",1,-1
30783,[0.32499388 0.21465558],1,2,"[0.294379027732062, 0.1921773781634303]",0,0
30784,[0.32064413 0.62101253],0,-1,-1,1,-1
30785,[0.38972366 0.62302954],0,1,"[0.37965276877051146, 0.575157747726818]",1,-1
30786,[0.3367886  0.54675653],0,1,"[0.37965276877051146, 0.575157747726818]",1,-1
30787,[0.71032312 0.55420446],3,-1,-1,1,-1
30788,[0.64971423 0.63588772],3,3,"[0.6601234827680622, 0.6109507568947781]",1,-1
30789,[0.65501881 0.57749053],3,3,"[0.6601234827680622, 0.6109507568947781]",1,-1
30790,[0.6478116  0.49344079],3,-1,-1,1,-1
30791,[0.69587498 0.63798347],3,3,"[0.6601234827680622, 0.6109507568947781]",1,-1
30792,[0.28883259 0.53186129],0,-1,-1,1,-1
30793,[0.64316368 0.60397658],3,3,"[0.6601234827680622, 0.6109507568947781]",1,-1
30794,[0.64966678 0.64910457],3,3,"[0.6601234827680622, 0.6109507568947781]",1,-1
30795,[0.64618813 0.60283531],3,3,"[0.6601234827680622, 0.6109507568947781]",1,-1
30796,[0.34764391 0.21067446],1,2,"[0.294379027732062, 0.1921773781634303]",0,0
30797,[0.26624864 0.17546125],1,2,"[0.294379027732062, 0.1921773781634303]",0,0
30798,[0.76643081 0.75807732],2,-1,-1,1,-1
30799,[0.41301597 0.58500232],0,1,"[0.37965276877051146, 0.575157747726818]",1,-1
30800,[0.34107579 0.29290918],1,-1,-1,0,0
30801,[0.33654364 0.5788376 ],0,1,"[0.37965276877051146, 0.575157747726818]",1,-1
30802,[0.36323314 0.18119722],1,2,"[0.294379027732062, 0.1921773781634303]",0,0
30803,[0.75695974 0.6535241 ],2,0,"[0.7890750777399501, 0.6799557517006445]",1,-1
30804,[0.571161   0.65372329],3,-1,-1,1,-1
30805,[0.35123264 0.26277648],1,-1,-1,0,0
30806,[0.3739794  0.48601307],0,-1,-1,1,-1
30807,[0.78089721 0.68630456],2,0,"[0.7890750777399501, 0.6799557517006445]",1,-1
30808,[0.86387537 0.64005971],2,-1,-1,1,-1
30809,[0.67199208 0.65953078],3,3,"[0.6601234827680622, 0.6109507568947781]",1,-1
30810,[0.61882167 0.52810095],3,-1,-1,1,-1
30811,[0.80349869 0.70518777],2,0,"[0.7890750777399501, 0.6799557517006445]",1,-1
30812,[0.80586992 0.65532301],2,0,"[0.7890750777399501, 0.6799557517006445]",1,-1
30813,[0.32461724 0.51625612],0,-1,-1,1,-1
30814,[0.60698845 0.62932029],3,3,"[0.6601234827680622, 0.6109507568947781]",1,-1
30815,[0.39553958 0.62314677],0,1,"[0.37965276877051146, 0.575157747726818]",1,-1
30816,[0.70406982 0.63859135],2,3,"[0.6601234827680622, 0.6109507568947781]",1,-1
30817,[0.69115974 0.65062673],3,3,"[0.6601234827680622, 0.6109507568947781]",1,-1
30818,[0.75106896 0.69819441],2,0,"[0.7890750777399501, 0.6799557517006445]",1,-1
30819,[0.37853445 0.61131628],0,1,"[0.37965276877051146, 0.575157747726818]",1,-1
30820,[0.76508343 0.63710588],2,0,"[0.7890750777399501, 0.6799557517006445]",1,-1
30821,[0.34914014 0.11366004],1,-1,-1,0,0
30822,[0.38832654 0.5713867 ],0,1,"[0.37965276877051146, 0.575157747726818]",1,2
30823,[0.32969038 0.30429111],1,-1,-1,0,0
30824,[0.2686709 0.1714978],1,2,"[0.294379027732062, 0.1921773781634303]",0,0
30825,[0.80849846 0.63281878],2,0,"[0.7890750777399501, 0.6799557517006445]",1,-1
30826,[0.77404323 0.64345041],3,0,"[0.7890750777399501, 0.6799557517006445]",1,-1
30827,[0.87165978 0.77341729],2,-1,-1,1,-1
30828,[0.39096807 0.59854457],0,1,"[0.37965276877051146, 0.575157747726818]",1,-1
30829,[0.80761496 0.65751975],2,0,"[0.7890750777399501, 0.6799557517006445]",1,-1
30830,[0.30163808 0.12869079],1,2,"[0.294379027732062, 0.1921773781634303]",0,0
30831,[0.63326672 0.63109118],3,3,"[0.6601234827680622, 0.6109507568947781]",1,-1
30832,[0.3881186  0.52611452],0,1,"[0.37965276877051146, 0.575157747726818]",1,-1
30833,[0.25339264 0.12589874],1,-1,-1,0,0
30834,[0.13448191 0.22386267],1,-1,-1,0,0
30835,[0.47899597 0.59402239],0,-1,-1,1,-1
30836,[0.73204637 0.59545258],3,-1,-1,1,-1
30837,[0.40748752 0.5965143 ],0,1,"[0.37965276877051146, 0.575157747726818]",1,-1
30838,[0.32376781 0.1056517 ],1,-1,-1,0,0
30839,[0.41371787 0.62677506],0,1,"[0.37965276877051146, 0.575157747726818]",1,-1
30840,[0.29038628 0.52095937],0,-1,-1,1,-1
30841,[0.28939125 0.08909352],1,-1,-1,0,0
30842,[0.69425144 0.67000221],3,3,"[0.6601234827680622, 0.6109507568947781]",1,-1
30843,[0.65501145 0.67938287],2,3,"[0.6601234827680622, 0.6109507568947781]",1,-1
30844,[0.87957914 0.70015607],2,-1,-1,1,-1
30845,[0.35681948 0.5153065 ],0,1,"[0.37965276877051146, 0.575157747726818]",1,-1
30846,[0.84235151 0.67646148],2,0,"[0.7890750777399501, 0.6799557517006445]",1,-1
30847,[0.20512081 0.21904287],1,-1,-1,0,0
30848,[0.62325815 0.62087627],3,3,"[0.6601234827680622, 0.6109507568947781]",1,-1
30849,[0.2403723  0.18707422],1,2,"[0.294379027732062, 0.1921773781634303]",0,0
30850,[0.72372249 0.6195742 ],3,3,"[0.6601234827680622, 0.6109507568947781]",1,-1
30851,[0.676697   0.60684413],3,3,"[0.6601234827680622, 0.6109507568947781]",1,5
30852,[0.79238894 0.63559242],2,0,"[0.7890750777399501, 0.6799557517006445]",1,-1
30853,[0.40015616 0.19138545],1,-1,-1,0,0
30854,[0.68209837 0.56700054],3,3,"[0.6601234827680622, 0.6109507568947781]",1,-1
30855,[0.80828245 0.67979429],2,0,"[0.7890750777399501, 0.6799557517006445]",1,4
30856,[0.28652892 0.60861937],0,-1,-1,1,-1
30857,[0.69071592 0.6751925 ],2,-1,-1,1,-1
30858,[0.37439144 0.65213233],0,-1,-1,1,-1
30859,[0.8118232  0.69281302],2,0,"[0.7890750777399501, 0.6799557517006445]",1,-1
30860,[0.31129963 0.22591349],1,2,"[0.294379027732062, 0.1921773781634303]",0,0
30861,[0.84883548 0.64662396],2,0,"[0.7890750777399501, 0.6799557517006445]",1,-1
30862,[0.68628534 0.5446104 ],3,-1,-1,1,-1
30863,[0.50240896 0.56213961],0,-1,-1,1,-1
30864,[0.57673039 0.70346359],3,-1,-1,1,-1
30865,[0.45811957 0.52332493],0,-1,-1,1,-1
30866,[0.33371092 0.5831391 ],0,1,"[0.37965276877051146, 0.575157747726818]",1,-1
30867,[0.34204532 0.5036592 ],0,-1,-1,1,-1
30868,[0.38609191 0.12481661],1,-1,-1,0,0
30869,[0.35164628 0.52339473],0,1,"[0.37965276877051146, 0.575157747726818]",1,-1
30870,[0.70944414 0.69612368],3,-1,-1,1,-1
30871,[0.18670971 0.15329011],1,-1,-1,0,0
30872,[0.23667132 0.16216415],1,2,"[0.294379027732062, 0.1921773781634303]",0,0
30873,[0.24662651 0.16628626],1,2,"[0.294379027732062, 0.1921773781634303]",0,0
30874,[0.79525528 0.6934925 ],2,0,"[0.7890750777399501, 0.6799557517006445]",1,-1
30875,[0.18433958 0.24800145],1,-1,-1,0,0
30876,[0.7690943  0.69594295],2,0,"[0.7890750777399501, 0.6799557517006445]",1,-1
30877,[0.70183446 0.52847121],3,-1,-1,1,-1
30878,[0.857141   0.62609805],2,-1,-1,1,-1
30879,[0.84808995 0.66494896],2,0,"[0.7890750777399501, 0.6799557517006445]",1,-1
30880,[0.3911334  0.19997136],1,-1,-1,0,0
30881,[0.79951353 0.69411959],2,0,"[0.7890750777399501, 0.6799557517006445]",1,-1
30882,[0.39732295 0.57974842],0,1,"[0.37965276877051146, 0.575157747726818]",1,-1
30883,[0.86922718 0.70841434],2,-1,-1,1,-1
30884,[0.68752265 0.61528521],3,3,"[0.6601234827680622, 0.6109507568947781]",1,-1
30885,[0.39324185 0.15392156],1,-1,-1,0,0
30886,[0.73482544 0.66293969],3,0,"[0.7890750777399501, 0.6799557517006445]",1,-1
30887,[0.7208753  0.63251303],3,3,"[0.6601234827680622, 0.6109507568947781]",1,-1
30888,[0.65859379 0.56786961],3,3,"[0.6601234827680622, 0.6109507568947781]",1,-1
30889,[0.48094439 0.58130872],0,-1,-1,1,-1
30890,[0.87059329 0.74985941],2,-1,-1,1,-1
30891,[0.85524415 0.72964735],2,-1,-1,1,-1
30892,[0.68914593 0.66086789],3,3,"[0.6601234827680622, 0.6109507568947781]",1,-1
30893,[0.42573345 0.60364324],0,1,"[0.37965276877051146, 0.575157747726818]",1,-1
30894,[0.63878866 0.53244913],3,-1,-1,1,-1
30895,[0.68493031 0.64858569],3,3,"[0.6601234827680622, 0.6109507568947781]",1,-1
30896,[0.31655616 0.13788729],1,2,"[0.294379027732062, 0.1921773781634303]",0,0
30897,[0.3567153  0.22047307],1,2,"[0.294379027732062, 0.1921773781634303]",0,0
30898,[0.24695763 0.12606677],1,-1,-1,0,0
30899,[0.27965054 0.18480765],1,2,"[0.294379027732062, 0.1921773781634303]",0,0
30900,[0.89205606 0.65431219],2,-1,-1,1,-1
30901,[0.81685634 0.68682443],2,0,"[0.7890750777399501, 0.6799557517006445]",1,4
30902,[0.75632298 0.62563632],2,0,"[0.7890750777399501, 0.6799557517006445]",1,-1
30903,[0.83204721 0.58347004],2,-1,-1,1,-1
30904,[0.35355333 0.61150701],0,1,"[0.37965276877051146, 0.575157747726818]",1,-1
30905,[0.57976882 0.5753512 ],3,-1,-1,1,-1
30906,[0.6828164  0.59815011],3,3,"[0.6601234827680622, 0.6109507568947781]",1,5
30907,[0.33804549 0.61654656],0,1,"[0.37965276877051146, 0.575157747726818]",1,-1
30908,[0.51719089 0.5591578 ],0,-1,-1,1,-1
30909,[0.42426452 0.60167423],0,1,"[0.37965276877051146, 0.575157747726818]",1,-1
30910,[0.66159259 0.68314789],3,-1,-1,1,-1
30911,[0.3560028  0.20177954],1,2,"[0.294379027732062, 0.1921773781634303]",0,0
30912,[0.42793334 0.56793965],0,1,"[0.37965276877051146, 0.575157747726818]",1,-1
30913,[0.33047895 0.6184875 ],0,1,"[0.37965276877051146, 0.575157747726818]",1,-1
30914,[0.82595083 0.68009195],2,0,"[0.7890750777399501, 0.6799557517006445]",1,-1
30915,[0.35672234 0.56548404],0,1,"[0.37965276877051146, 0.575157747726818]",1,-1
30916,[0.35916114 0.50237009],0,-1,-1,1,-1
30917,[0.74122063 0.57497682],2,-1,-1,1,-1
30918,[0.33816392 0.65175031],0,-1,-1,1,-1
30919,[0.73059927 0.63823245],3,-1,-1,1,-1
30920,[0.7656911  0.58816542],2,-1,-1,1,-1
30921,[0.76989693 0.67714522],2,0,"[0.7890750777399501, 0.6799557517006445]",1,-1
30922,[0.34904232 0.14270935],1,-1,-1,0,0
30923,[0.67254222 0.66731398],3,3,"[0.6601234827680622, 0.6109507568947781]",1,-1
30924,[0.39522473 0.63743081],0,1,"[0.37965276877051146, 0.575157747726818]",1,-1
30925,[0.26322794 0.17273138],1,2,"[0.294379027732062, 0.1921773781634303]",0,0
30926,[0.60940052 0.66153346],3,-1,-1,1,-1
30927,[0.81023945 0.68566922],2,0,"[0.7890750777399501, 0.6799557517006445]",1,4
30928,[0.77609012 0.73211859],2,0,"[0.7890750777399501, 0.6799557517006445]",1,-1
30929,[0.83607399 0.67421509],2,0,"[0.7890750777399501, 0.6799557517006445]",1,-1
30930,[0.64262687 0.60531106],3,3,"[0.6601234827680622, 0.6109507568947781]",1,-1
30931,[0.65061757 0.66887483],3,3,"[0.6601234827680622, 0.6109507568947781]",1,-1
30932,[0.6792539  0.55591729],3,3,"[0.6601234827680622, 0.6109507568947781]",1,-1
30933,[0.68291926 0.53649218],3,-1,-1,1,-1
30934,[0.42288523 0.59551346],0,1,"[0.37965276877051146, 0.575157747726818]",1,-1
30935,[0.6535382  0.61919992],3,3,"[0.6601234827680622, 0.6109507568947781]",1,7
30936,[0.66272244 0.62730005],3,3,"[0.6601234827680622, 0.6109507568947781]",1,-1
30937,[0.25457894 0.26813691],1,-1,-1,0,0
30938,[0.79658239 0.66039455],2,0,"[0.7890750777399501, 0.6799557517006445]",1,-1
30939,[0.67487621 0.50174589],3,-1,-1,1,-1
30940,[0.87175373 0.59322479],2,-1,-1,1,-1
30941,[0.62322001 0.63666486],3,3,"[0.6601234827680622, 0.6109507568947781]",1,-1
30942,[0.7258964  0.67811286],3,0,"[0.7890750777399501, 0.6799557517006445]",1,-1
30943,[0.70884116 0.6863695 ],2,-1,-1,1,-1
30944,[0.82047562 0.65745266],2,0,"[0.7890750777399501, 0.6799557517006445]",1,-1
30945,[0.61117062 0.62334437],3,3,"[0.6601234827680622, 0.6109507568947781]",1,-1
30946,[0.66754726 0.63049328],3,3,"[0.6601234827680622, 0.6109507568947781]",1,7
30947,[0.65444872 0.67215317],3,3,"[0.6601234827680622, 0.6109507568947781]",1,-1
30948,[0.4024758 0.2247782],1,-1,-1,0,0
30949,[0.28418    0.17988638],1,2,"[0.294379027732062, 0.1921773781634303]",0,0
30950,[0.36990366 0.67562182],0,-1,-1,1,-1
30951,[0.42848604 0.56211936],0,1,"[0.37965276877051146, 0.575157747726818]",1,-1
30952,[0.66984769 0.62975774],3,3,"[0.6601234827680622, 0.6109507568947781]",1,7
30953,[0.32532957 0.3152785 ],1,-1,-1,0,0
30954,[0.37341582 0.6156626 ],0,1,"[0.37965276877051146, 0.575157747726818]",1,-1
30955,[0.23394566 0.12274768],1,-1,-1,0,0
30956,[0.73038347 0.66847444],2,0,"[0.7890750777399501, 0.6799557517006445]",1,-1
30957,[0.62767983 0.60070446],3,3,"[0.6601234827680622, 0.6109507568947781]",1,-1
30958,[0.75725416 0.6344282 ],2,0,"[0.7890750777399501, 0.6799557517006445]",1,-1
30959,[0.26054091 0.13484892],1,2,"[0.294379027732062, 0.1921773781634303]",0,0
30960,[0.64449639 0.65556603],3,3,"[0.6601234827680622, 0.6109507568947781]",1,-1
30961,[0.35054661 0.55736745],0,1,"[0.37965276877051146, 0.575157747726818]",1,-1
30962,[0.29918084 0.21070245],1,2,"[0.294379027732062, 0.1921773781634303]",0,0
30963,[0.41060676 0.52912464],0,1,"[0.37965276877051146, 0.575157747726818]",1,-1
30964,[0.59987587 0.58576882],3,3,"[0.6601234827680622, 0.6109507568947781]",1,-1
30965,[0.34652655 0.51989384],0,1,"[0.37965276877051146, 0.575157747726818]",1,-1
30966,[0.83678102 0.62881924],3,0,"[0.7890750777399501, 0.6799557517006445]",1,-1
30967,[0.42838012 0.60236131],0,1,"[0.37965276877051146, 0.575157747726818]",1,-1
30968,[0.3917041  0.57825532],0,1,"[0.37965276877051146, 0.575157747726818]",1,-1
30969,[0.63861895 0.5935743 ],3,3,"[0.6601234827680622, 0.6109507568947781]",1,-1
30970,[0.6390184  0.69011136],3,-1,-1,1,-1
30971,[0.67271397 0.68199167],3,-1,-1,1,-1
30972,[0.74368572 0.79086735],2,-1,-1,1,-1
30973,[0.34045648 0.52124637],0,1,"[0.37965276877051146, 0.575157747726818]",1,-1
30974,[0.33949393 0.49890468],0,-1,-1,1,-1
30975,[0.3234032  0.58028549],0,1,"[0.37965276877051146, 0.575157747726818]",1,-1
30976,[0.62695363 0.61014447],3,3,"[0.6601234827680622, 0.6109507568947781]",1,-1
30977,[0.72267645 0.66466167],2,0,"[0.7890750777399501, 0.6799557517006445]",1,-1
30978,[0.33910063 0.51748952],0,-1,-1,1,-1
30979,[0.75563604 0.59025743],3,-1,-1,1,-1
30980,[0.81556111 0.76797934],2,-1,-1,1,-1
30981,[0.28556317 0.58585802],0,-1,-1,1,-1
30982,[0.35381354 0.53757187],0,1,"[0.37965276877051146, 0.575157747726818]",1,-1
30983,[0.77780537 0.61699678],2,0,"[0.7890750777399501, 0.6799557517006445]",1,-1
30984,[0.75676328 0.61661609],3,-1,-1,1,-1
30985,[0.63445078 0.66151571],3,3,"[0.6601234827680622, 0.6109507568947781]",1,-1
30986,[0.86431002 0.64167101],2,-1,-1,1,-1
30987,[0.86826297 0.67783552],2,-1,-1,1,-1
30988,[0.36142881 0.70519878],0,-1,-1,1,-1
30989,[0.72492138 0.76240676],2,-1,-1,1,-1
30990,[0.71718278 0.58815794],3,3,"[0.6601234827680622, 0.6109507568947781]",1,-1
30991,[0.65441556 0.68094438],3,-1,-1,1,-1
30992,[0.36516794 0.44842677],0,-1,-1,1,-1
30993,[0.70168469 0.66364865],3,3,"[0.6601234827680622, 0.6109507568947781]",1,-1
30994,[0.28737564 0.19077819],1,2,"[0.294379027732062, 0.1921773781634303]",0,0
30995,[0.31202177 0.21056727],1,2,"[0.294379027732062, 0.1921773781634303]",0,0
30996,[0.32514004 0.55236763],0,1,"[0.37965276877051146, 0.575157747726818]",1,-1
30997,[0.78145294 0.76381089],2,-1,-1,1,-1
30998,[0.33496929 0.5406643 ],0,1,"[0.37965276877051146, 0.575157747726818]",1,-1
30999,[0.24924423 0.16484816],1,2,"[0.294379027732062, 0.1921773781634303]",0,0
31000,[0.72012516 0.66683648],2,-1,-1,1,-1
31001,[0.85034444 0.62790447],2,-1,-1,1,-1
31002,[0.85915667 0.69006445],2,-1,-1,1,-1
31003,[0.28334635 0.23574825],1,2,"[0.294379027732062, 0.1921773781634303]",0,0
31004,[0.442837   0.69149275],0,-1,-1,1,-1
31005,[0.75389428 0.73013188],2,0,"[0.7890750777399501, 0.6799557517006445]",1,-1
31006,[0.77758862 0.66536897],2,0,"[0.7890750777399501, 0.6799557517006445]",1,-1
31007,[0.3280583  0.20601271],1,2,"[0.294379027732062, 0.1921773781634303]",0,0
31008,[0.76893859 0.73466438],2,0,"[0.7890750777399501, 0.6799557517006445]",1,-1
31009,[0.77198561 0.64151529],2,0,"[0.7890750777399501, 0.6799557517006445]",1,-1
31010,[0.81038281 0.72837204],2,0,"[0.7890750777399501, 0.6799557517006445]",1,-1
31011,[0.52597277 0.61759657],3,-1,-1,1,-1
31012,[0.78251134 0.61092347],2,0,"[0.7890750777399501, 0.6799557517006445]",1,-1
31013,[0.41356259 0.47854679],0,-1,-1,1,-1
31014,[0.76745636 0.69552587],2,0,"[0.7890750777399501, 0.6799557517006445]",1,-1
31015,[0.75511   0.6731452],3,0,"[0.7890750777399501, 0.6799557517006445]",1,-1
31016,[0.73083539 0.6998053 ],2,0,"[0.7890750777399501, 0.6799557517006445]",1,-1
31017,[0.69983849 0.73073352],2,-1,-1,1,-1
31018,[0.6236924  0.55103392],3,-1,-1,1,-1
31019,[0.278087   0.26649006],1,-1,-1,0,0
31020,[0.38636845 0.5317964 ],0,1,"[0.37965276877051146, 0.575157747726818]",1,-1
31021,[0.31843775 0.15923187],1,2,"[0.294379027732062, 0.1921773781634303]",0,0
31022,[0.33540107 0.62710975],0,1,"[0.37965276877051146, 0.575157747726818]",1,-1
31023,[0.22884659 0.17099035],1,2,"[0.294379027732062, 0.1921773781634303]",0,0
31024,[0.36699597 0.51060488],0,1,"[0.37965276877051146, 0.575157747726818]",1,-1
31025,[0.65367123 0.62829321],3,3,"[0.6601234827680622, 0.6109507568947781]",1,-1
31026,[0.41102185 0.66024734],0,-1,-1,1,-1
31027,[0.15687575 0.27565863],1,-1,-1,0,0
31028,[0.64927047 0.61988234],3,3,"[0.6601234827680622, 0.6109507568947781]",1,-1
31029,[0.40527628 0.44161168],0,-1,-1,1,-1
31030,[0.40109365 0.56155285],0,1,"[0.37965276877051146, 0.575157747726818]",1,-1
31031,[0.30488256 0.16781205],1,2,"[0.294379027732062, 0.1921773781634303]",0,0
31032,[0.38486276 0.55798311],0,1,"[0.37965276877051146, 0.575157747726818]",1,-1
31033,[0.22090024 0.11544766],1,-1,-1,0,0
31034,[0.28693908 0.22385731],1,2,"[0.294379027732062, 0.1921773781634303]",0,0
31035,[0.44451206 0.48873938],0,-1,-1,1,-1
31036,[0.24720426 0.22577257],1,2,"[0.294379027732062, 0.1921773781634303]",0,0
31037,[0.39563719 0.18323935],1,-1,-1,0,0
31038,[0.24078069 0.17443577],1,2,"[0.294379027732062, 0.1921773781634303]",0,0
31039,[0.26202058 0.22479021],1,2,"[0.294379027732062, 0.1921773781634303]",0,0
31040,[0.64089987 0.56159478],3,3,"[0.6601234827680622, 0.6109507568947781]",1,-1
31041,[0.89304538 0.67951337],2,-1,-1,1,-1
31042,[0.30876074 0.15177142],1,2,"[0.294379027732062, 0.1921773781634303]",0,0
31043,[0.70005227 0.70647187],2,-1,-1,1,-1
31044,[0.88291821 0.68895706],2,-1,-1,1,-1
31045,[0.38612619 0.59558161],0,1,"[0.37965276877051146, 0.575157747726818]",1,-1
31046,[0.76097195 0.71087802],2,0,"[0.7890750777399501, 0.6799557517006445]",1,-1
31047,[0.76466673 0.57777831],3,-1,-1,1,-1
31048,[0.78252106 0.65007955],2,0,"[0.7890750777399501, 0.6799557517006445]",1,-1
31049,[0.66022369 0.68575379],3,-1,-1,1,-1
31050,[0.77059719 0.69759641],2,0,"[0.7890750777399501, 0.6799557517006445]",1,-1
31051,[0.62737861 0.6236137 ],3,3,"[0.6601234827680622, 0.6109507568947781]",1,-1
31052,[0.80220302 0.686082  ],2,0,"[0.7890750777399501, 0.6799557517006445]",1,-1
31053,[0.67366318 0.60420535],3,3,"[0.6601234827680622, 0.6109507568947781]",1,-1
31054,[0.3565252  0.16987532],1,2,"[0.294379027732062, 0.1921773781634303]",0,0
31055,[0.33211988 0.61889596],0,1,"[0.37965276877051146, 0.575157747726818]",1,-1
31056,[0.68695653 0.62575167],2,3,"[0.6601234827680622, 0.6109507568947781]",1,7
31057,[0.23140402 0.3087792 ],1,-1,-1,0,0
31058,[0.26603937 0.19965976],1,2,"[0.294379027732062, 0.1921773781634303]",0,0
31059,[0.40721193 0.61736662],0,1,"[0.37965276877051146, 0.575157747726818]",1,-1
31060,[0.31216656 0.17514795],1,2,"[0.294379027732062, 0.1921773781634303]",0,0
31061,[0.79196089 0.60420472],2,-1,-1,1,-1
31062,[0.70971384 0.64463033],3,3,"[0.6601234827680622, 0.6109507568947781]",1,-1
31063,[0.89000712 0.69571391],2,-1,-1,1,-1
31064,[0.29399357 0.59181433],0,-1,-1,1,-1
31065,[0.72088934 0.66415889],3,0,"[0.7890750777399501, 0.6799557517006445]",1,-1
31066,[0.68868214 0.55955094],3,3,"[0.6601234827680622, 0.6109507568947781]",1,-1
31067,[0.62282824 0.52770621],3,-1,-1,1,-1
31068,[0.32901943 0.51218812],0,-1,-1,1,-1
31069,[0.71005478 0.87806994],2,-1,-1,1,-1
31070,[0.33096681 0.68814529],0,-1,-1,1,-1
31071,[0.23174098 0.28790217],1,-1,-1,0,0
31072,[0.29037255 0.21652674],1,2,"[0.294379027732062, 0.1921773781634303]",0,0
31073,[0.41082088 0.59112339],0,1,"[0.37965276877051146, 0.575157747726818]",1,-1
31074,[0.27898758 0.58714673],0,-1,-1,1,-1
31075,[0.72577268 0.75563848],2,-1,-1,1,-1
31076,[0.88932613 0.6306469 ],2,-1,-1,1,-1
31077,[0.24844322 0.14569214],1,2,"[0.294379027732062, 0.1921773781634303]",0,0
31078,[0.7569838  0.69514739],2,0,"[0.7890750777399501, 0.6799557517006445]",1,-1
31079,[0.62935693 0.64584736],3,3,"[0.6601234827680622, 0.6109507568947781]",1,-1
31080,[0.32237904 0.12310609],1,-1,-1,0,0
31081,[0.72506588 0.60615608],3,3,"[0.6601234827680622, 0.6109507568947781]",1,-1
31082,[0.81035257 0.69917846],2,0,"[0.7890750777399501, 0.6799557517006445]",1,-1
31083,[0.34335683 0.60168852],0,1,"[0.37965276877051146, 0.575157747726818]",1,-1
31084,[0.39701299 0.57450287],0,1,"[0.37965276877051146, 0.575157747726818]",1,-1
31085,[0.77370079 0.6163654 ],2,0,"[0.7890750777399501, 0.6799557517006445]",1,-1
31086,[0.80946614 0.68634406],2,0,"[0.7890750777399501, 0.6799557517006445]",1,4
31087,[0.31878294 0.14833338],1,2,"[0.294379027732062, 0.1921773781634303]",0,0
31088,[0.38917803 0.62448263],0,1,"[0.37965276877051146, 0.575157747726818]",1,-1
31089,[0.84940009 0.66299581],2,0,"[0.7890750777399501, 0.6799557517006445]",1,-1
31090,[0.42883794 0.63669151],0,-1,-1,1,-1
31091,[0.58754128 0.63351346],3,-1,-1,1,-1
31092,[0.69647433 0.63676276],3,3,"[0.6601234827680622, 0.6109507568947781]",1,-1
31093,[0.81084711 0.65844536],2,0,"[0.7890750777399501, 0.6799557517006445]",1,-1
31094,[0.27959516 0.25034213],1,2,"[0.294379027732062, 0.1921773781634303]",0,0
31095,[0.26091006 0.13705503],1,2,"[0.294379027732062, 0.1921773781634303]",0,0
31096,[0.77824527 0.65224485],2,0,"[0.7890750777399501, 0.6799557517006445]",1,-1
31097,[0.32508205 0.20969846],1,2,"[0.294379027732062, 0.1921773781634303]",0,0
31098,[0.70630148 0.61771662],3,3,"[0.6601234827680622, 0.6109507568947781]",1,-1
31099,[0.78305835 0.73017597],2,0,"[0.7890750777399501, 0.6799557517006445]",1,-1
31100,[0.44295448 0.57528881],0,1,"[0.37965276877051146, 0.575157747726818]",1,-1
31101,[0.37026183 0.61547177],0,1,"[0.37965276877051146, 0.575157747726818]",1,-1
31102,[0.61085883 0.56930766],3,3,"[0.6601234827680622, 0.6109507568947781]",1,-1
31103,[0.35633484 0.52926188],0,1,"[0.37965276877051146, 0.575157747726818]",1,-1
31104,[0.9358517 0.6908821],2,-1,-1,1,-1
31105,[0.35989838 0.52901422],0,1,"[0.37965276877051146, 0.575157747726818]",1,-1
31106,[0.62611041 0.57434855],3,3,"[0.6601234827680622, 0.6109507568947781]",1,-1
31107,[0.87063563 0.76280125],2,-1,-1,1,-1
31108,[0.83436022 0.74851212],2,-1,-1,1,-1
31109,[0.38354241 0.52567721],0,1,"[0.37965276877051146, 0.575157747726818]",1,-1
31110,[0.86448722 0.72756369],2,-1,-1,1,-1
31111,[0.31819468 0.15835936],1,2,"[0.294379027732062, 0.1921773781634303]",0,0
31112,[0.62196285 0.65768509],3,3,"[0.6601234827680622, 0.6109507568947781]",1,-1
31113,[0.39795619 0.5085328 ],0,1,"[0.37965276877051146, 0.575157747726818]",1,-1
31114,[0.81172025 0.7172102 ],2,0,"[0.7890750777399501, 0.6799557517006445]",1,-1
31115,[0.71720449 0.5275007 ],3,-1,-1,1,-1
31116,[0.7467957  0.70847532],2,0,"[0.7890750777399501, 0.6799557517006445]",1,-1
31117,[0.32447451 0.11219264],1,-1,-1,0,0
31118,[0.81225274 0.64213963],2,0,"[0.7890750777399501, 0.6799557517006445]",1,-1
31119,[0.3699136  0.52899495],0,1,"[0.37965276877051146, 0.575157747726818]",1,-1
31120,[0.59396241 0.56202531],3,-1,-1,1,-1
31121,[0.35144318 0.62689487],0,1,"[0.37965276877051146, 0.575157747726818]",1,-1
31122,[0.23447749 0.10023104],1,-1,-1,0,0
31123,[0.66477292 0.65393448],3,3,"[0.6601234827680622, 0.6109507568947781]",1,-1
31124,[0.72829556 0.7793979 ],2,-1,-1,1,-1
31125,[0.40059902 0.55764853],0,1,"[0.37965276877051146, 0.575157747726818]",1,-1
31126,[0.33421126 0.17105804],1,2,"[0.294379027732062, 0.1921773781634303]",0,0
31127,[0.63209409 0.59302049],3,3,"[0.6601234827680622, 0.6109507568947781]",1,-1
31128,[0.33797597 0.12363088],1,-1,-1,0,0
31129,[0.41138864 0.54371587],0,1,"[0.37965276877051146, 0.575157747726818]",1,-1
31130,[0.75292754 0.76162075],2,-1,-1,1,-1
31131,[0.81924223 0.66725978],2,0,"[0.7890750777399501, 0.6799557517006445]",1,-1
31132,[0.65035602 0.55288752],3,3,"[0.6601234827680622, 0.6109507568947781]",1,-1
31133,[0.70042094 0.54408523],3,-1,-1,1,-1
31134,[0.78223457 0.70202279],2,0,"[0.7890750777399501, 0.6799557517006445]",1,-1
31135,[0.85369632 0.6592474 ],2,0,"[0.7890750777399501, 0.6799557517006445]",1,-1
31136,[0.77234435 0.68727541],2,0,"[0.7890750777399501, 0.6799557517006445]",1,-1
31137,[0.39631017 0.23471265],1,-1,-1,0,0
31138,[0.65501482 0.62442639],3,3,"[0.6601234827680622, 0.6109507568947781]",1,-1
31139,[0.33344671 0.50972331],0,-1,-1,1,-1
31140,[0.70838109 0.63129586],3,3,"[0.6601234827680622, 0.6109507568947781]",1,-1
31141,[0.34235597 0.23931099],1,2,"[0.294379027732062, 0.1921773781634303]",0,0
31142,[0.32072475 0.51896815],0,-1,-1,1,-1
31143,[0.2632148  0.15882174],1,2,"[0.294379027732062, 0.1921773781634303]",0,0
31144,[0.33909651 0.14274328],1,2,"[0.294379027732062, 0.1921773781634303]",0,0
31145,[0.37227747 0.18731074],1,-1,-1,0,0
31146,[0.3013693  0.30990761],1,-1,-1,0,0
31147,[0.76879433 0.73377193],2,0,"[0.7890750777399501, 0.6799557517006445]",1,-1
31148,[0.68520586 0.579447  ],3,3,"[0.6601234827680622, 0.6109507568947781]",1,-1
31149,[0.73043409 0.65591946],2,0,"[0.7890750777399501, 0.6799557517006445]",1,-1
31150,[0.6528487  0.56386265],3,3,"[0.6601234827680622, 0.6109507568947781]",1,-1
31151,[0.83859037 0.67139256],2,0,"[0.7890750777399501, 0.6799557517006445]",1,-1
31152,[0.32161282 0.53212652],0,-1,-1,1,-1
31153,[0.79008302 0.72209142],2,0,"[0.7890750777399501, 0.6799557517006445]",1,-1
31154,[0.27382302 0.21420076],1,2,"[0.294379027732062, 0.1921773781634303]",0,0
31155,[0.26557394 0.147471  ],1,2,"[0.294379027732062, 0.1921773781634303]",0,0
31156,[0.30348003 0.6189788 ],0,-1,-1,1,-1
31157,[0.58366956 0.68254795],3,-1,-1,1,-1
31158,[0.63163091 0.6245755 ],3,3,"[0.6601234827680622, 0.6109507568947781]",1,-1
31159,[0.36835626 0.18419016],1,-1,-1,0,0
31160,[0.30604432 0.30772305],1,-1,-1,0,0
31161,[0.63020113 0.70926505],3,-1,-1,1,-1
31162,[0.27717321 0.58182489],0,-1,-1,1,-1
31163,[0.77123771 0.68960126],2,0,"[0.7890750777399501, 0.6799557517006445]",1,-1
31164,[0.83778597 0.6403023 ],2,0,"[0.7890750777399501, 0.6799557517006445]",1,-1
31165,[0.80154226 0.68563572],2,0,"[0.7890750777399501, 0.6799557517006445]",1,-1
31166,[0.43219946 0.56281932],0,1,"[0.37965276877051146, 0.575157747726818]",1,-1
31167,[0.25862425 0.23097518],1,2,"[0.294379027732062, 0.1921773781634303]",0,0
31168,[0.38961616 0.56535095],0,1,"[0.37965276877051146, 0.575157747726818]",1,-1
31169,[0.77146191 0.74499175],2,0,"[0.7890750777399501, 0.6799557517006445]",1,-1
31170,[0.2487582  0.20485838],1,2,"[0.294379027732062, 0.1921773781634303]",0,0
31171,[0.33618249 0.22547776],1,2,"[0.294379027732062, 0.1921773781634303]",0,0
31172,[0.29067124 0.13293218],1,2,"[0.294379027732062, 0.1921773781634303]",0,0
31173,[0.26312858 0.1499325 ],1,2,"[0.294379027732062, 0.1921773781634303]",0,0
31174,[0.35557416 0.28603564],1,-1,-1,0,0
31175,[0.27870079 0.23817953],1,2,"[0.294379027732062, 0.1921773781634303]",0,0
31176,[0.37055973 0.4730777 ],0,-1,-1,1,-1
31177,[0.16518259 0.2256578 ],1,-1,-1,0,0
31178,[0.37567436 0.66053662],0,-1,-1,1,-1
31179,[0.26902782 0.54613843],0,-1,-1,1,-1
31180,[0.62075674 0.63211406],3,3,"[0.6601234827680622, 0.6109507568947781]",1,-1
31181,[0.28043729 0.23266926],1,2,"[0.294379027732062, 0.1921773781634303]",0,0
31182,[0.42922592 0.63106171],0,-1,-1,1,-1
31183,[0.80903094 0.68936149],2,0,"[0.7890750777399501, 0.6799557517006445]",1,4
31184,[0.31874008 0.15802169],1,2,"[0.294379027732062, 0.1921773781634303]",0,0
31185,[0.6765692  0.55685731],3,3,"[0.6601234827680622, 0.6109507568947781]",1,-1
31186,[0.56289067 0.5548097 ],3,-1,-1,1,-1
31187,[0.37106    0.51681386],0,1,"[0.37965276877051146, 0.575157747726818]",1,-1
31188,[0.34321135 0.17683875],1,2,"[0.294379027732062, 0.1921773781634303]",0,0
31189,[0.67029353 0.56871183],3,3,"[0.6601234827680622, 0.6109507568947781]",1,-1
31190,[0.32666855 0.50768048],0,-1,-1,1,-1
31191,[0.88155738 0.68802155],2,-1,-1,1,-1
31192,[0.77728525 0.70833654],2,0,"[0.7890750777399501, 0.6799557517006445]",1,-1
31193,[0.70369999 0.69791652],2,-1,-1,1,-1
31194,[0.63774953 0.65849052],3,3,"[0.6601234827680622, 0.6109507568947781]",1,-1
31195,[0.79539804 0.67807108],2,0,"[0.7890750777399501, 0.6799557517006445]",1,-1
31196,[0.21508656 0.17006548],1,-1,-1,0,0
31197,[0.65706208 0.62103189],3,3,"[0.6601234827680622, 0.6109507568947781]",1,7
31198,[0.80219834 0.63941785],2,0,"[0.7890750777399501, 0.6799557517006445]",1,-1
31199,[0.31804041 0.1996666 ],1,2,"[0.294379027732062, 0.1921773781634303]",0,0
31200,[0.67921635 0.65822211],3,3,"[0.6601234827680622, 0.6109507568947781]",1,-1
31201,[0.45175527 0.59053271],0,-1,-1,1,-1
31202,[0.71156845 0.65324247],3,3,"[0.6601234827680622, 0.6109507568947781]",1,-1
31203,[0.66755596 0.58637966],3,3,"[0.6601234827680622, 0.6109507568947781]",1,-1
31204,[0.3928994  0.57202913],0,1,"[0.37965276877051146, 0.575157747726818]",1,-1
31205,[0.6833892  0.67772915],3,-1,-1,1,-1
31206,[0.39119959 0.17269773],1,-1,-1,0,0
31207,[0.23748032 0.21102907],1,2,"[0.294379027732062, 0.1921773781634303]",0,0
31208,[0.80086916 0.61066292],2,-1,-1,1,-1
31209,[0.77140612 0.63604831],2,0,"[0.7890750777399501, 0.6799557517006445]",1,-1
31210,[0.80195795 0.70606394],2,0,"[0.7890750777399501, 0.6799557517006445]",1,-1
31211,[0.24895914 0.17874133],1,2,"[0.294379027732062, 0.1921773781634303]",0,0
31212,[0.30125238 0.17339513],1,2,"[0.294379027732062, 0.1921773781634303]",0,0
31213,[0.2757472  0.34777147],1,-1,-1,0,0
31214,[0.40343846 0.59614491],0,1,"[0.37965276877051146, 0.575157747726818]",1,-1
31215,[0.63291447 0.61148419],3,3,"[0.6601234827680622, 0.6109507568947781]",1,-1
31216,[0.78072649 0.70722273],2,0,"[0.7890750777399501, 0.6799557517006445]",1,-1
31217,[0.60311815 0.65903171],3,-1,-1,1,-1
31218,[0.4165763  0.52825561],0,1,"[0.37965276877051146, 0.575157747726818]",1,-1
31219,[0.23319905 0.22417922],1,2,"[0.294379027732062, 0.1921773781634303]",0,0
31220,[0.30763321 0.17595635],1,2,"[0.294379027732062, 0.1921773781634303]",0,0
31221,[0.8229666 0.6502515],2,0,"[0.7890750777399501, 0.6799557517006445]",1,-1
31222,[0.71694269 0.6022213 ],3,3,"[0.6601234827680622, 0.6109507568947781]",1,-1
31223,[0.21212669 0.11736923],1,-1,-1,0,0
31224,[0.88316172 0.73647979],2,-1,-1,1,-1
31225,[0.63346283 0.66091719],3,3,"[0.6601234827680622, 0.6109507568947781]",1,-1
31226,[0.45605157 0.50527041],0,-1,-1,1,-1
31227,[0.63553198 0.68954841],3,-1,-1,1,-1
31228,[0.33887316 0.2570492 ],1,-1,-1,0,0
31229,[0.28375152 0.11167328],1,-1,-1,0,0
31230,[0.77736003 0.66479973],2,0,"[0.7890750777399501, 0.6799557517006445]",1,3
31231,[0.35190327 0.54071468],0,1,"[0.37965276877051146, 0.575157747726818]",1,-1
31232,[0.74276327 0.66518286],3,0,"[0.7890750777399501, 0.6799557517006445]",1,-1
31233,[0.32134711 0.13789312],1,2,"[0.294379027732062, 0.1921773781634303]",0,0
31234,[0.70584286 0.58109952],3,3,"[0.6601234827680622, 0.6109507568947781]",1,-1
31235,[0.65454207 0.62117484],3,3,"[0.6601234827680622, 0.6109507568947781]",1,7
31236,[0.34186926 0.52733327],0,1,"[0.37965276877051146, 0.575157747726818]",1,-1
31237,[0.36977062 0.2538244 ],1,-1,-1,0,0
31238,[0.59402558 0.58382709],3,-1,-1,1,-1
31239,[0.59717405 0.56548052],3,-1,-1,1,-1
31240,[0.80309442 0.70313536],2,0,"[0.7890750777399501, 0.6799557517006445]",1,-1
31241,[0.92405012 0.6027456 ],2,-1,-1,1,-1
31242,[0.56740271 0.5766274 ],3,-1,-1,1,-1
31243,[0.24806101 0.12764076],1,-1,-1,0,0
31244,[0.80438236 0.75839179],2,-1,-1,1,-1
31245,[0.32488439 0.56511018],0,1,"[0.37965276877051146, 0.575157747726818]",1,-1
31246,[0.36854797 0.56062478],0,1,"[0.37965276877051146, 0.575157747726818]",1,1
31247,[0.25117875 0.15164052],1,2,"[0.294379027732062, 0.1921773781634303]",0,0
31248,[0.78921241 0.70118293],2,0,"[0.7890750777399501, 0.6799557517006445]",1,-1
31249,[0.41687711 0.54224972],0,1,"[0.37965276877051146, 0.575157747726818]",1,-1
31250,[0.37241349 0.21183257],1,-1,-1,0,0
31251,[0.74295593 0.68452789],2,0,"[0.7890750777399501, 0.6799557517006445]",1,-1
31252,[0.37049431 0.52990504],0,1,"[0.37965276877051146, 0.575157747726818]",1,-1
31253,[0.2359584  0.22464866],1,2,"[0.294379027732062, 0.1921773781634303]",0,0
31254,[0.66692881 0.59529977],3,3,"[0.6601234827680622, 0.6109507568947781]",1,6
31255,[0.38506531 0.59634959],0,1,"[0.37965276877051146, 0.575157747726818]",1,-1
31256,[0.23312619 0.1515209 ],1,-1,-1,0,0
31257,[0.82814226 0.72248583],2,0,"[0.7890750777399501, 0.6799557517006445]",1,-1
31258,[0.62838457 0.58538158],3,3,"[0.6601234827680622, 0.6109507568947781]",1,-1
31259,[0.23405539 0.18612763],1,2,"[0.294379027732062, 0.1921773781634303]",0,0
31260,[0.78253361 0.63002267],2,0,"[0.7890750777399501, 0.6799557517006445]",1,-1
31261,[0.30741996 0.19134327],1,2,"[0.294379027732062, 0.1921773781634303]",0,0
31262,[0.8118651  0.75408032],2,-1,-1,1,-1
31263,[0.31701031 0.22686103],1,2,"[0.294379027732062, 0.1921773781634303]",0,0
31264,[0.33965269 0.16852456],1,2,"[0.294379027732062, 0.1921773781634303]",0,0
31265,[0.32818366 0.70157529],0,-1,-1,1,-1
31266,[0.27121804 0.29682546],1,-1,-1,0,0
31267,[0.35600506 0.58727906],0,1,"[0.37965276877051146, 0.575157747726818]",1,-1
31268,[0.73921172 0.59193686],3,-1,-1,1,-1
31269,[0.68154802 0.62589535],3,3,"[0.6601234827680622, 0.6109507568947781]",1,-1
31270,[0.73092017 0.57907429],3,-1,-1,1,-1
31271,[0.85185579 0.69585921],2,0,"[0.7890750777399501, 0.6799557517006445]",1,-1
31272,[0.33643789 0.14774373],1,2,"[0.294379027732062, 0.1921773781634303]",0,0
31273,[0.65810264 0.62541592],3,3,"[0.6601234827680622, 0.6109507568947781]",1,7
31274,[0.34388413 0.49645462],0,-1,-1,1,-1
31275,[0.4125179  0.65932496],0,-1,-1,1,-1
31276,[0.61502295 0.55953116],3,3,"[0.6601234827680622, 0.6109507568947781]",1,-1
31277,[0.8211363  0.69585884],2,0,"[0.7890750777399501, 0.6799557517006445]",1,-1
31278,[0.30766825 0.24671111],1,2,"[0.294379027732062, 0.1921773781634303]",0,0
31279,[0.76622112 0.72067175],2,0,"[0.7890750777399501, 0.6799557517006445]",1,-1
31280,[0.32880985 0.18561831],1,2,"[0.294379027732062, 0.1921773781634303]",0,0
31281,[0.66692094 0.54233987],3,3,"[0.6601234827680622, 0.6109507568947781]",1,-1
31282,[0.75983513 0.65984905],2,0,"[0.7890750777399501, 0.6799557517006445]",1,-1
31283,[0.33030232 0.64975555],0,-1,-1,1,-1
31284,[0.70140789 0.6059142 ],3,3,"[0.6601234827680622, 0.6109507568947781]",1,-1
31285,[0.36283486 0.50555668],0,-1,-1,1,-1
31286,[0.61407519 0.57545446],3,3,"[0.6601234827680622, 0.6109507568947781]",1,-1
31287,[0.78725661 0.69525483],2,0,"[0.7890750777399501, 0.6799557517006445]",1,-1
31288,[0.287026   0.30633737],1,-1,-1,0,0
31289,[0.24875529 0.17998023],1,2,"[0.294379027732062, 0.1921773781634303]",0,0
31290,[0.32522962 0.19185384],1,2,"[0.294379027732062, 0.1921773781634303]",0,0
31291,[0.76355011 0.70069217],2,0,"[0.7890750777399501, 0.6799557517006445]",1,-1
31292,[0.71090233 0.60966051],3,3,"[0.6601234827680622, 0.6109507568947781]",1,-1
31293,[0.80430592 0.6659659 ],2,0,"[0.7890750777399501, 0.6799557517006445]",1,-1
31294,[0.40923829 0.61841022],0,1,"[0.37965276877051146, 0.575157747726818]",1,-1
31295,[0.7869174  0.72267764],2,0,"[0.7890750777399501, 0.6799557517006445]",1,-1
31296,[0.4808023  0.49591022],0,-1,-1,1,-1
31297,[0.36814953 0.58467331],0,1,"[0.37965276877051146, 0.575157747726818]",1,-1
31298,[0.77545086 0.67247364],2,0,"[0.7890750777399501, 0.6799557517006445]",1,-1
31299,[0.30738935 0.62992437],0,-1,-1,1,-1
31300,[0.67441605 0.54352799],3,3,"[0.6601234827680622, 0.6109507568947781]",1,-1
31301,[0.39993175 0.54390242],0,1,"[0.37965276877051146, 0.575157747726818]",1,-1
31302,[0.3860346  0.14705519],1,-1,-1,0,0
31303,[0.65210007 0.59105339],3,3,"[0.6601234827680622, 0.6109507568947781]",1,-1
31304,[0.33134594 0.20550662],1,2,"[0.294379027732062, 0.1921773781634303]",0,0
31305,[0.72876077 0.65927302],3,0,"[0.7890750777399501, 0.6799557517006445]",1,-1
31306,[0.76289467 0.6034086 ],3,-1,-1,1,-1
31307,[0.60355151 0.61789415],3,3,"[0.6601234827680622, 0.6109507568947781]",1,-1
31308,[0.62416081 0.56501142],3,3,"[0.6601234827680622, 0.6109507568947781]",1,-1
31309,[0.23980951 0.14604589],1,-1,-1,0,0
31310,[0.47158188 0.58362805],0,-1,-1,1,-1
31311,[0.7972558  0.69459825],2,0,"[0.7890750777399501, 0.6799557517006445]",1,-1
31312,[0.29909305 0.52930023],0,-1,-1,1,-1
31313,[0.35045788 0.60150496],0,1,"[0.37965276877051146, 0.575157747726818]",1,-1
31314,[0.43923334 0.67226273],0,-1,-1,1,-1
31315,[0.41956057 0.5340871 ],0,1,"[0.37965276877051146, 0.575157747726818]",1,-1
31316,[0.22222394 0.19337352],1,-1,-1,0,0
31317,[0.30069914 0.63607618],0,-1,-1,1,-1
31318,[0.29860152 0.69687836],0,-1,-1,1,-1
31319,[0.70927894 0.67593259],3,-1,-1,1,-1
31320,[0.26638349 0.10656794],1,-1,-1,0,0
31321,[0.41352167 0.57267105],0,1,"[0.37965276877051146, 0.575157747726818]",1,2
31322,[0.27281314 0.17882799],1,2,"[0.294379027732062, 0.1921773781634303]",0,0
31323,[0.8339726  0.66343625],2,0,"[0.7890750777399501, 0.6799557517006445]",1,-1
31324,[0.37541496 0.64606221],0,-1,-1,1,-1
31325,[0.32434712 0.54848319],0,1,"[0.37965276877051146, 0.575157747726818]",1,-1
31326,[0.41583582 0.18700863],1,-1,-1,0,0
31327,[0.38854936 0.60981581],0,1,"[0.37965276877051146, 0.575157747726818]",1,-1
31328,[0.38518022 0.64435069],0,1,"[0.37965276877051146, 0.575157747726818]",1,-1
31329,[0.6217407  0.71365168],2,-1,-1,1,-1
31330,[0.56150967 0.65897909],3,-1,-1,1,-1
31331,[0.75438223 0.72248572],2,0,"[0.7890750777399501, 0.6799557517006445]",1,-1
31332,[0.82766926 0.62563145],2,0,"[0.7890750777399501, 0.6799557517006445]",1,-1
31333,[0.26939577 0.08788934],1,-1,-1,0,0
31334,[0.63776668 0.6263208 ],3,3,"[0.6601234827680622, 0.6109507568947781]",1,-1
31335,[0.74921914 0.74384402],2,-1,-1,1,-1
31336,[0.68251148 0.69777662],3,-1,-1,1,-1
31337,[0.41042975 0.57725388],0,1,"[0.37965276877051146, 0.575157747726818]",1,2
31338,[0.4452191  0.52584528],0,-1,-1,1,-1
31339,[0.64229063 0.56477608],3,3,"[0.6601234827680622, 0.6109507568947781]",1,-1
31340,[0.80143046 0.67519392],2,0,"[0.7890750777399501, 0.6799557517006445]",1,4
31341,[0.27797923 0.23957004],1,2,"[0.294379027732062, 0.1921773781634303]",0,0
31342,[0.80741735 0.65998534],2,0,"[0.7890750777399501, 0.6799557517006445]",1,-1
31343,[0.68845078 0.58779744],3,3,"[0.6601234827680622, 0.6109507568947781]",1,-1
31344,[0.70993441 0.70578051],3,-1,-1,1,-1
31345,[0.69713519 0.68097323],3,-1,-1,1,-1
31346,[0.65132787 0.66871842],3,3,"[0.6601234827680622, 0.6109507568947781]",1,-1
31347,[0.27391386 0.13427638],1,2,"[0.294379027732062, 0.1921773781634303]",0,0
31348,[0.26845392 0.1892201 ],1,2,"[0.294379027732062, 0.1921773781634303]",0,0
31349,[0.73220439 0.594826  ],3,-1,-1,1,-1
31350,[0.41815383 0.620302  ],0,1,"[0.37965276877051146, 0.575157747726818]",1,-1
31351,[0.42786131 0.5192085 ],0,-1,-1,1,-1
31352,[0.80024162 0.56167629],2,-1,-1,1,-1
31353,[0.30403235 0.57820846],0,-1,-1,1,-1
31354,[0.35715167 0.2046866 ],1,2,"[0.294379027732062, 0.1921773781634303]",0,0
31355,[0.63180555 0.50335002],3,-1,-1,1,-1
31356,[0.31543731 0.62908674],0,-1,-1,1,-1
31357,[0.35643167 0.23534456],1,-1,-1,0,0
31358,[0.81875691 0.67179535],2,0,"[0.7890750777399501, 0.6799557517006445]",1,-1
31359,[0.83380847 0.68275952],2,0,"[0.7890750777399501, 0.6799557517006445]",1,-1
31360,[0.74613816 0.74741268],2,-1,-1,1,-1
31361,[0.62851133 0.49379879],3,-1,-1,1,-1
31362,[0.36654603 0.5597998 ],0,1,"[0.37965276877051146, 0.575157747726818]",1,-1
31363,[0.74528077 0.6380126 ],2,0,"[0.7890750777399501, 0.6799557517006445]",1,-1
31364,[0.3596881  0.51315617],0,1,"[0.37965276877051146, 0.575157747726818]",1,-1
31365,[0.63650266 0.54878522],3,3,"[0.6601234827680622, 0.6109507568947781]",1,-1
31366,[0.36916814 0.5885531 ],0,1,"[0.37965276877051146, 0.575157747726818]",1,-1
31367,[0.19148273 0.15376832],1,-1,-1,0,0
31368,[0.77915408 0.64568194],2,0,"[0.7890750777399501, 0.6799557517006445]",1,-1
31369,[0.4868541 0.60522  ],0,-1,-1,1,-1
31370,[0.35055063 0.22259805],1,2,"[0.294379027732062, 0.1921773781634303]",0,0
31371,[0.34043883 0.11172874],1,-1,-1,0,0
31372,[0.68632267 0.62312404],3,3,"[0.6601234827680622, 0.6109507568947781]",1,7
31373,[0.7585557  0.65064646],3,0,"[0.7890750777399501, 0.6799557517006445]",1,-1
31374,[0.87011335 0.70570223],2,-1,-1,1,-1
31375,[0.29835116 0.5122991 ],0,-1,-1,1,-1
31376,[0.73320975 0.62446981],2,-1,-1,1,-1
31377,[0.68560565 0.67448059],3,3,"[0.6601234827680622, 0.6109507568947781]",1,-1
31378,[0.41540009 0.51395236],0,-1,-1,1,-1
31379,[0.28099139 0.19650379],1,2,"[0.294379027732062, 0.1921773781634303]",0,0
31380,[0.87614281 0.66934209],2,-1,-1,1,-1
31381,[0.6572432  0.57764912],3,3,"[0.6601234827680622, 0.6109507568947781]",1,-1
31382,[0.40065162 0.5451613 ],0,1,"[0.37965276877051146, 0.575157747726818]",1,-1
31383,[0.6833064 0.5017487],3,-1,-1,1,-1
31384,[0.33094669 0.57580387],0,1,"[0.37965276877051146, 0.575157747726818]",1,-1
31385,[0.25538384 0.25674057],1,-1,-1,0,0
31386,[0.80106561 0.70853161],2,0,"[0.7890750777399501, 0.6799557517006445]",1,-1
31387,[0.34141107 0.64110968],0,-1,-1,1,-1
31388,[0.7821602  0.67581912],2,0,"[0.7890750777399501, 0.6799557517006445]",1,4
31389,[0.64796016 0.66189518],3,3,"[0.6601234827680622, 0.6109507568947781]",1,-1
31390,[0.36568839 0.52290588],0,1,"[0.37965276877051146, 0.575157747726818]",1,-1
31391,[0.28463949 0.50778037],0,-1,-1,1,-1
31392,[0.79927674 0.72282113],2,0,"[0.7890750777399501, 0.6799557517006445]",1,-1
31393,[0.76066874 0.70069292],2,0,"[0.7890750777399501, 0.6799557517006445]",1,-1
31394,[0.70650603 0.65057087],3,3,"[0.6601234827680622, 0.6109507568947781]",1,-1
31395,[0.76298733 0.79914719],2,-1,-1,1,-1
31396,[0.79701347 0.6843222 ],2,0,"[0.7890750777399501, 0.6799557517006445]",1,-1
31397,[0.65703408 0.57336248],3,3,"[0.6601234827680622, 0.6109507568947781]",1,-1
31398,[0.30303074 0.18107538],1,2,"[0.294379027732062, 0.1921773781634303]",0,0
31399,[0.80408146 0.76062927],2,-1,-1,1,-1
31400,[0.32219118 0.11173797],1,-1,-1,0,0
31401,[0.25412247 0.06995496],1,-1,-1,0,0
31402,[0.37486637 0.58212155],0,1,"[0.37965276877051146, 0.575157747726818]",1,1
31403,[0.26786991 0.23748714],1,2,"[0.294379027732062, 0.1921773781634303]",0,0
31404,[0.60681951 0.68193518],3,-1,-1,1,-1
31405,[0.73098093 0.59239019],3,-1,-1,1,-1
31406,[0.855312   0.59817837],2,-1,-1,1,-1
31407,[0.37499436 0.26198716],1,-1,-1,0,0
31408,[0.60431557 0.62598701],3,3,"[0.6601234827680622, 0.6109507568947781]",1,-1
31409,[0.34532936 0.16893118],1,2,"[0.294379027732062, 0.1921773781634303]",0,0
31410,[0.7448413  0.64051072],2,0,"[0.7890750777399501, 0.6799557517006445]",1,-1
31411,[0.77317979 0.7137633 ],2,0,"[0.7890750777399501, 0.6799557517006445]",1,-1
31412,[0.35989931 0.64048494],0,1,"[0.37965276877051146, 0.575157747726818]",1,-1
31413,[0.38408315 0.49881238],0,-1,-1,1,-1
31414,[0.33477697 0.49282612],0,-1,-1,1,-1
31415,[0.38347938 0.52678158],0,1,"[0.37965276877051146, 0.575157747726818]",1,-1
31416,[0.72400141 0.59789394],3,3,"[0.6601234827680622, 0.6109507568947781]",1,-1
31417,[0.63687214 0.67785993],2,-1,-1,1,-1
31418,[0.65459291 0.59676214],3,3,"[0.6601234827680622, 0.6109507568947781]",1,-1
31419,[0.61590548 0.54659954],3,-1,-1,1,-1
31420,[0.67777445 0.6216341 ],3,3,"[0.6601234827680622, 0.6109507568947781]",1,7
31421,[0.43031479 0.6535325 ],0,-1,-1,1,-1
31422,[0.65422637 0.62549472],3,3,"[0.6601234827680622, 0.6109507568947781]",1,-1
31423,[0.70747423 0.66825833],3,-1,-1,1,-1
31424,[0.45275276 0.54460133],0,-1,-1,1,-1
31425,[0.32472865 0.18501729],1,2,"[0.294379027732062, 0.1921773781634303]",0,0
31426,[0.22448982 0.19350597],1,2,"[0.294379027732062, 0.1921773781634303]",0,0
31427,[0.72146332 0.63335576],3,3,"[0.6601234827680622, 0.6109507568947781]",1,-1
31428,[0.87297434 0.67957559],2,-1,-1,1,-1
31429,[0.66811692 0.63787346],3,3,"[0.6601234827680622, 0.6109507568947781]",1,-1
31430,[0.78267699 0.71279785],2,0,"[0.7890750777399501, 0.6799557517006445]",1,-1
31431,[0.70510271 0.64788679],2,3,"[0.6601234827680622, 0.6109507568947781]",1,-1
31432,[0.30739811 0.25163608],1,2,"[0.294379027732062, 0.1921773781634303]",0,0
31433,[0.61470241 0.54520545],3,-1,-1,1,-1
31434,[0.78666704 0.6813906 ],2,0,"[0.7890750777399501, 0.6799557517006445]",1,-1
31435,[0.64475805 0.62602008],3,3,"[0.6601234827680622, 0.6109507568947781]",1,-1
31436,[0.81274303 0.69829184],2,0,"[0.7890750777399501, 0.6799557517006445]",1,-1
31437,[0.68917419 0.5814192 ],3,3,"[0.6601234827680622, 0.6109507568947781]",1,-1
31438,[0.66112036 0.61325903],3,3,"[0.6601234827680622, 0.6109507568947781]",1,-1
31439,[0.78051831 0.69909254],2,0,"[0.7890750777399501, 0.6799557517006445]",1,-1
31440,[0.82245137 0.78574548],2,-1,-1,1,-1
31441,[0.74800777 0.66911788],2,0,"[0.7890750777399501, 0.6799557517006445]",1,-1
31442,[0.74950397 0.67826385],2,0,"[0.7890750777399501, 0.6799557517006445]",1,-1
31443,[0.84742885 0.64139654],2,0,"[0.7890750777399501, 0.6799557517006445]",1,-1
31444,[0.3176652 0.1429436],1,2,"[0.294379027732062, 0.1921773781634303]",0,0
31445,[0.43800162 0.48118546],0,-1,-1,1,-1
31446,[0.25261896 0.12728982],1,-1,-1,0,0
31447,[0.24608215 0.28803029],1,-1,-1,0,0
31448,[0.28794604 0.18728136],1,2,"[0.294379027732062, 0.1921773781634303]",0,0
31449,[0.80645066 0.64629889],2,0,"[0.7890750777399501, 0.6799557517006445]",1,-1
31450,[0.21478338 0.24547194],1,-1,-1,0,0
31451,[0.69449511 0.71843683],3,-1,-1,1,-1
31452,[0.30823962 0.10552019],1,-1,-1,0,0
31453,[0.80559043 0.66495303],2,0,"[0.7890750777399501, 0.6799557517006445]",1,-1
31454,[0.37491327 0.56151281],0,1,"[0.37965276877051146, 0.575157747726818]",1,-1
31455,[0.37841821 0.58368338],0,1,"[0.37965276877051146, 0.575157747726818]",1,-1
31456,[0.81154889 0.63057773],2,0,"[0.7890750777399501, 0.6799557517006445]",1,-1
31457,[0.63303794 0.52778975],3,-1,-1,1,-1
31458,[0.71201204 0.77773713],2,-1,-1,1,-1
31459,[0.64648911 0.59819037],3,3,"[0.6601234827680622, 0.6109507568947781]",1,-1
31460,[0.72875315 0.68926084],2,0,"[0.7890750777399501, 0.6799557517006445]",1,-1
31461,[0.77014085 0.59756206],3,-1,-1,1,-1
31462,[0.33400759 0.3137704 ],1,-1,-1,0,0
31463,[0.63792099 0.6286416 ],3,3,"[0.6601234827680622, 0.6109507568947781]",1,-1
31464,[0.75074465 0.69153883],2,0,"[0.7890750777399501, 0.6799557517006445]",1,-1
31465,[0.39875619 0.54013431],0,1,"[0.37965276877051146, 0.575157747726818]",1,-1
31466,[0.37465825 0.58611668],0,1,"[0.37965276877051146, 0.575157747726818]",1,-1
31467,[0.65402158 0.66169764],3,3,"[0.6601234827680622, 0.6109507568947781]",1,-1
31468,[0.64175264 0.6624968 ],3,3,"[0.6601234827680622, 0.6109507568947781]",1,-1
31469,[0.42021076 0.55736299],0,1,"[0.37965276877051146, 0.575157747726818]",1,-1
31470,[0.80064183 0.67457059],2,0,"[0.7890750777399501, 0.6799557517006445]",1,4
31471,[0.78430461 0.66729527],2,0,"[0.7890750777399501, 0.6799557517006445]",1,-1
31472,[0.74049787 0.70863828],2,0,"[0.7890750777399501, 0.6799557517006445]",1,-1
31473,[0.37647095 0.54728854],0,1,"[0.37965276877051146, 0.575157747726818]",1,-1
31474,[0.40744613 0.58972366],0,1,"[0.37965276877051146, 0.575157747726818]",1,-1
31475,[0.74578372 0.6066562 ],3,-1,-1,1,-1
31476,[0.34482741 0.1898457 ],1,2,"[0.294379027732062, 0.1921773781634303]",0,0
31477,[0.27755024 0.19031971],1,2,"[0.294379027732062, 0.1921773781634303]",0,0
31478,[0.66415286 0.67401201],3,3,"[0.6601234827680622, 0.6109507568947781]",1,-1
31479,[0.6269526  0.70581832],3,-1,-1,1,-1
31480,[0.24605884 0.20056703],1,2,"[0.294379027732062, 0.1921773781634303]",0,0
31481,[0.28434402 0.20545473],1,2,"[0.294379027732062, 0.1921773781634303]",0,0
31482,[0.88383495 0.67560989],2,-1,-1,1,-1
31483,[0.86203792 0.71528811],2,-1,-1,1,-1
31484,[0.77147889 0.63088164],2,0,"[0.7890750777399501, 0.6799557517006445]",1,-1
31485,[0.31547054 0.53054192],0,-1,-1,1,-1
31486,[0.75731297 0.65094349],2,0,"[0.7890750777399501, 0.6799557517006445]",1,-1
31487,[0.26098337 0.28072171],1,-1,-1,0,0
31488,[0.43122355 0.5540186 ],0,1,"[0.37965276877051146, 0.575157747726818]",1,-1
31489,[0.72616888 0.7132346 ],3,-1,-1,1,-1
31490,[0.6339983  0.59031625],3,3,"[0.6601234827680622, 0.6109507568947781]",1,-1
31491,[0.73106976 0.65383392],2,0,"[0.7890750777399501, 0.6799557517006445]",1,-1
31492,[0.25404753 0.18004532],1,2,"[0.294379027732062, 0.1921773781634303]",0,0
31493,[0.74203072 0.67655047],2,0,"[0.7890750777399501, 0.6799557517006445]",1,-1
31494,[0.78391366 0.59120697],3,-1,-1,1,-1
31495,[0.64489093 0.62395446],3,3,"[0.6601234827680622, 0.6109507568947781]",1,-1
31496,[0.26672814 0.22858236],1,2,"[0.294379027732062, 0.1921773781634303]",0,0
31497,[0.69097009 0.56787207],3,3,"[0.6601234827680622, 0.6109507568947781]",1,-1
31498,[0.35420336 0.52514809],0,1,"[0.37965276877051146, 0.575157747726818]",1,-1
31499,[0.39368933 0.11689158],1,-1,-1,0,0
31500,[0.67634995 0.60158171],3,3,"[0.6601234827680622, 0.6109507568947781]",1,5
31501,[0.37342604 0.20747475],1,-1,-1,0,0
31502,[0.76376987 0.63641437],2,0,"[0.7890750777399501, 0.6799557517006445]",1,-1
31503,[0.83862922 0.68411643],2,0,"[0.7890750777399501, 0.6799557517006445]",1,-1
31504,[0.31859691 0.1513236 ],1,2,"[0.294379027732062, 0.1921773781634303]",0,0
31505,[0.80139967 0.73301553],2,0,"[0.7890750777399501, 0.6799557517006445]",1,-1
31506,[0.38994222 0.63903232],0,1,"[0.37965276877051146, 0.575157747726818]",1,-1
31507,[0.63674979 0.58829822],3,3,"[0.6601234827680622, 0.6109507568947781]",1,-1
31508,[0.2130417 0.2289074],1,-1,-1,0,0
31509,[0.46527428 0.54944231],0,-1,-1,1,-1
31510,[0.80003787 0.6748553 ],2,0,"[0.7890750777399501, 0.6799557517006445]",1,4
31511,[0.39685515 0.5605137 ],0,1,"[0.37965276877051146, 0.575157747726818]",1,-1
31512,[0.33051682 0.5594822 ],0,1,"[0.37965276877051146, 0.575157747726818]",1,-1
31513,[0.85213607 0.57837452],2,-1,-1,1,-1
31514,[0.8149121  0.74640609],2,-1,-1,1,-1
31515,[0.33122938 0.19870693],1,2,"[0.294379027732062, 0.1921773781634303]",0,0
31516,[0.37805056 0.58059395],0,1,"[0.37965276877051146, 0.575157747726818]",1,-1
31517,[0.34827099 0.53297885],0,1,"[0.37965276877051146, 0.575157747726818]",1,-1
31518,[0.71050683 0.54810807],3,-1,-1,1,-1
31519,[0.63012495 0.62027157],3,3,"[0.6601234827680622, 0.6109507568947781]",1,-1
31520,[0.29282606 0.32975656],1,-1,-1,0,0
31521,[0.25993636 0.21055673],1,2,"[0.294379027732062, 0.1921773781634303]",0,0
31522,[0.71283937 0.58931901],3,3,"[0.6601234827680622, 0.6109507568947781]",1,-1
31523,[0.34125098 0.59471592],0,1,"[0.37965276877051146, 0.575157747726818]",1,-1
31524,[0.28452946 0.15619521],1,2,"[0.294379027732062, 0.1921773781634303]",0,0
31525,[0.34557565 0.60756774],0,1,"[0.37965276877051146, 0.575157747726818]",1,-1
31526,[0.66708593 0.58044576],3,3,"[0.6601234827680622, 0.6109507568947781]",1,-1
31527,[0.30892189 0.50865242],0,-1,-1,1,-1
31528,[0.7930231  0.69112197],2,0,"[0.7890750777399501, 0.6799557517006445]",1,-1
31529,[0.81837763 0.68532255],2,0,"[0.7890750777399501, 0.6799557517006445]",1,-1
31530,[0.59299336 0.65842642],3,-1,-1,1,-1
31531,[0.70202209 0.68084778],2,-1,-1,1,-1
31532,[0.36037264 0.6154358 ],0,1,"[0.37965276877051146, 0.575157747726818]",1,-1
31533,[0.25881533 0.49892525],0,-1,-1,1,-1
31534,[0.38152394 0.15517769],1,-1,-1,0,0
31535,[0.8392892  0.72534694],2,0,"[0.7890750777399501, 0.6799557517006445]",1,-1
31536,[0.8343232  0.70303382],2,0,"[0.7890750777399501, 0.6799557517006445]",1,-1
31537,[0.36658494 0.10147607],1,-1,-1,0,0
31538,[0.7715705  0.69919088],2,0,"[0.7890750777399501, 0.6799557517006445]",1,-1
31539,[0.42608275 0.50311968],0,-1,-1,1,-1
31540,[0.35360055 0.56153269],0,1,"[0.37965276877051146, 0.575157747726818]",1,-1
31541,[0.33406969 0.22697593],1,2,"[0.294379027732062, 0.1921773781634303]",0,0
31542,[0.34870792 0.57452807],0,1,"[0.37965276877051146, 0.575157747726818]",1,-1
31543,[0.3842129  0.53824444],0,1,"[0.37965276877051146, 0.575157747726818]",1,-1
31544,[0.25394573 0.12348239],1,-1,-1,0,0
31545,[0.7826833  0.70034455],2,0,"[0.7890750777399501, 0.6799557517006445]",1,-1
31546,[0.38349028 0.66093928],0,-1,-1,1,-1
31547,[0.2816953 0.1844136],1,2,"[0.294379027732062, 0.1921773781634303]",0,0
31548,[0.3342234  0.09432136],1,-1,-1,0,0
31549,[0.79813591 0.69723664],2,0,"[0.7890750777399501, 0.6799557517006445]",1,-1
31550,[0.32150722 0.20203868],1,2,"[0.294379027732062, 0.1921773781634303]",0,0
31551,[0.78589385 0.63531845],2,0,"[0.7890750777399501, 0.6799557517006445]",1,-1
31552,[0.84380457 0.62406471],2,-1,-1,1,-1
31553,[0.39174536 0.51899349],0,1,"[0.37965276877051146, 0.575157747726818]",1,-1
31554,[0.68091781 0.64381727],3,3,"[0.6601234827680622, 0.6109507568947781]",1,-1
31555,[0.63006667 0.55053825],3,3,"[0.6601234827680622, 0.6109507568947781]",1,-1
31556,[0.28932821 0.56245734],0,-1,-1,1,-1
31557,[0.30085303 0.16129115],1,2,"[0.294379027732062, 0.1921773781634303]",0,0
31558,[0.28438937 0.6424094 ],0,-1,-1,1,-1
31559,[0.3312429  0.57107387],0,1,"[0.37965276877051146, 0.575157747726818]",1,-1
31560,[0.36007045 0.50971277],0,1,"[0.37965276877051146, 0.575157747726818]",1,-1
31561,[0.5055635  0.56678684],0,-1,-1,1,-1
31562,[0.70622209 0.56791778],3,3,"[0.6601234827680622, 0.6109507568947781]",1,-1
31563,[0.83239594 0.66708567],2,0,"[0.7890750777399501, 0.6799557517006445]",1,-1
31564,[0.6291612  0.62441331],3,3,"[0.6601234827680622, 0.6109507568947781]",1,-1
31565,[0.33654997 0.53537111],0,1,"[0.37965276877051146, 0.575157747726818]",1,-1
31566,[0.59361201 0.63806569],3,-1,-1,1,-1
31567,[0.79278433 0.63897433],2,0,"[0.7890750777399501, 0.6799557517006445]",1,-1
31568,[0.78627204 0.58400609],3,-1,-1,1,-1
31569,[0.33703302 0.20249854],1,2,"[0.294379027732062, 0.1921773781634303]",0,0
31570,[0.31888123 0.24477986],1,2,"[0.294379027732062, 0.1921773781634303]",0,0
31571,[0.8489269  0.70907533],2,0,"[0.7890750777399501, 0.6799557517006445]",1,-1
31572,[0.85225838 0.7551475 ],2,-1,-1,1,-1
31573,[0.44485351 0.57492697],0,1,"[0.37965276877051146, 0.575157747726818]",1,-1
31574,[0.7081413  0.71293537],2,-1,-1,1,-1
31575,[0.31247125 0.24335872],1,2,"[0.294379027732062, 0.1921773781634303]",0,0
31576,[0.31166882 0.4992164 ],0,-1,-1,1,-1
31577,[0.47429302 0.59277554],0,-1,-1,1,-1
31578,[0.3166479  0.21257778],1,2,"[0.294379027732062, 0.1921773781634303]",0,0
31579,[0.67829549 0.61870205],3,3,"[0.6601234827680622, 0.6109507568947781]",1,-1
31580,[0.75312379 0.7057445 ],2,0,"[0.7890750777399501, 0.6799557517006445]",1,-1
31581,[0.36915461 0.58807885],0,1,"[0.37965276877051146, 0.575157747726818]",1,-1
31582,[0.29328321 0.21115078],1,2,"[0.294379027732062, 0.1921773781634303]",0,0
31583,[0.635101   0.57655383],3,3,"[0.6601234827680622, 0.6109507568947781]",1,-1
31584,[0.67768416 0.65784678],3,3,"[0.6601234827680622, 0.6109507568947781]",1,-1
31585,[0.30742441 0.18044058],1,2,"[0.294379027732062, 0.1921773781634303]",0,0
31586,[0.46080003 0.5554192 ],0,-1,-1,1,-1
31587,[0.7555559  0.64031572],2,0,"[0.7890750777399501, 0.6799557517006445]",1,-1
31588,[0.68657239 0.65719471],3,3,"[0.6601234827680622, 0.6109507568947781]",1,-1
31589,[0.69948141 0.58403896],3,3,"[0.6601234827680622, 0.6109507568947781]",1,-1
31590,[0.73555132 0.6153778 ],3,-1,-1,1,-1
31591,[0.29893506 0.14251417],1,2,"[0.294379027732062, 0.1921773781634303]",0,0
31592,[0.35100288 0.15844735],1,2,"[0.294379027732062, 0.1921773781634303]",0,0
31593,[0.69050204 0.61791922],2,3,"[0.6601234827680622, 0.6109507568947781]",1,-1
31594,[0.85510619 0.70909352],2,-1,-1,1,-1
31595,[0.68276273 0.64240096],3,3,"[0.6601234827680622, 0.6109507568947781]",1,-1
31596,[0.86309562 0.69720693],2,-1,-1,1,-1
31597,[0.38915911 0.53534922],0,1,"[0.37965276877051146, 0.575157747726818]",1,-1
31598,[0.31772598 0.21781337],1,2,"[0.294379027732062, 0.1921773781634303]",0,0
31599,[0.38132865 0.59497998],0,1,"[0.37965276877051146, 0.575157747726818]",1,-1
31600,[0.25764864 0.16293855],1,2,"[0.294379027732062, 0.1921773781634303]",0,0
31601,[0.73000736 0.67498621],2,0,"[0.7890750777399501, 0.6799557517006445]",1,-1
31602,[0.61481334 0.64203025],3,3,"[0.6601234827680622, 0.6109507568947781]",1,-1
31603,[0.85544518 0.58524527],2,-1,-1,1,-1
31604,[0.44069284 0.63466772],0,-1,-1,1,-1
31605,[0.7578542  0.63837899],2,0,"[0.7890750777399501, 0.6799557517006445]",1,-1
31606,[0.75457251 0.6473944 ],2,0,"[0.7890750777399501, 0.6799557517006445]",1,-1
31607,[0.76313376 0.76338863],2,-1,-1,1,-1
31608,[0.7971788  0.63301256],2,0,"[0.7890750777399501, 0.6799557517006445]",1,-1
31609,[0.38477935 0.44918287],0,-1,-1,1,-1
31610,[0.62156467 0.6350223 ],3,3,"[0.6601234827680622, 0.6109507568947781]",1,-1
31611,[0.33418787 0.13990157],1,2,"[0.294379027732062, 0.1921773781634303]",0,0
31612,[0.30875025 0.19765293],1,2,"[0.294379027732062, 0.1921773781634303]",0,0
31613,[0.27396136 0.19035836],1,2,"[0.294379027732062, 0.1921773781634303]",0,0
31614,[0.70417363 0.56966021],3,3,"[0.6601234827680622, 0.6109507568947781]",1,-1
31615,[0.70476312 0.51723048],3,-1,-1,1,-1
31616,[0.73548538 0.66461956],2,0,"[0.7890750777399501, 0.6799557517006445]",1,-1
31617,[0.29056899 0.13873101],1,2,"[0.294379027732062, 0.1921773781634303]",0,0
31618,[0.35858383 0.5495908 ],0,1,"[0.37965276877051146, 0.575157747726818]",1,-1
31619,[0.62032093 0.63753923],3,3,"[0.6601234827680622, 0.6109507568947781]",1,-1
31620,[0.29182975 0.09346713],1,-1,-1,0,0
31621,[0.31247562 0.2316487 ],1,2,"[0.294379027732062, 0.1921773781634303]",0,0
31622,[0.84448614 0.61879687],2,-1,-1,1,-1
31623,[0.61838117 0.55824782],3,3,"[0.6601234827680622, 0.6109507568947781]",1,-1
31624,[0.80674394 0.6843249 ],2,0,"[0.7890750777399501, 0.6799557517006445]",1,-1
31625,[0.72116576 0.48023669],3,-1,-1,1,-1
31626,[0.75384803 0.73955702],2,0,"[0.7890750777399501, 0.6799557517006445]",1,-1
31627,[0.69632103 0.67815716],3,-1,-1,1,-1
31628,[0.27354254 0.0558206 ],1,-1,-1,0,0
31629,[0.30235966 0.24515907],1,2,"[0.294379027732062, 0.1921773781634303]",0,0
31630,[0.84056332 0.61157642],2,-1,-1,1,-1
31631,[0.19094646 0.12595077],1,-1,-1,0,0
31632,[0.65049194 0.63232827],3,3,"[0.6601234827680622, 0.6109507568947781]",1,-1
31633,[0.63624767 0.63697101],3,3,"[0.6601234827680622, 0.6109507568947781]",1,-1
31634,[0.3907646  0.49561472],0,-1,-1,1,-1
31635,[0.32116795 0.18969474],1,2,"[0.294379027732062, 0.1921773781634303]",0,0
31636,[0.21351013 0.17402049],1,-1,-1,0,0
31637,[0.33568398 0.5030428 ],0,-1,-1,1,-1
31638,[0.57421919 0.52451969],3,-1,-1,1,-1
31639,[0.36592157 0.5240135 ],0,1,"[0.37965276877051146, 0.575157747726818]",1,-1
31640,[0.46315323 0.49339833],0,-1,-1,1,-1
31641,[0.65685635 0.56971143],3,3,"[0.6601234827680622, 0.6109507568947781]",1,-1
31642,[0.36415858 0.6470215 ],0,-1,-1,1,-1
31643,[0.66527156 0.56591014],3,3,"[0.6601234827680622, 0.6109507568947781]",1,-1
31644,[0.63855807 0.69074922],3,-1,-1,1,-1
31645,[0.61594294 0.63121097],3,3,"[0.6601234827680622, 0.6109507568947781]",1,-1
31646,[0.64836576 0.61674374],3,3,"[0.6601234827680622, 0.6109507568947781]",1,-1
31647,[0.41427754 0.58452899],0,1,"[0.37965276877051146, 0.575157747726818]",1,-1
31648,[0.3231038  0.18224165],1,2,"[0.294379027732062, 0.1921773781634303]",0,0
31649,[0.78512731 0.58994486],2,-1,-1,1,-1
31650,[0.66422343 0.57135826],3,3,"[0.6601234827680622, 0.6109507568947781]",1,-1
31651,[0.25391248 0.1298863 ],1,-1,-1,0,0
31652,[0.67797767 0.54508555],3,3,"[0.6601234827680622, 0.6109507568947781]",1,-1
31653,[0.38806745 0.54499089],0,1,"[0.37965276877051146, 0.575157747726818]",1,-1
31654,[0.69849826 0.72769316],3,-1,-1,1,-1
31655,[0.83185857 0.6588329 ],2,0,"[0.7890750777399501, 0.6799557517006445]",1,-1
31656,[0.28884666 0.19306754],1,2,"[0.294379027732062, 0.1921773781634303]",0,0
31657,[0.63697146 0.57741516],3,3,"[0.6601234827680622, 0.6109507568947781]",1,-1
31658,[0.78935417 0.56530041],2,-1,-1,1,-1
31659,[0.42459181 0.54110399],0,1,"[0.37965276877051146, 0.575157747726818]",1,-1
31660,[0.73871218 0.70963013],2,0,"[0.7890750777399501, 0.6799557517006445]",1,-1
31661,[0.34866602 0.25176089],1,-1,-1,0,0
31662,[0.75214292 0.6325505 ],2,0,"[0.7890750777399501, 0.6799557517006445]",1,-1
31663,[0.8286062  0.67919988],2,0,"[0.7890750777399501, 0.6799557517006445]",1,-1
31664,[0.79672334 0.72095272],2,0,"[0.7890750777399501, 0.6799557517006445]",1,-1
31665,[0.8040874 0.6103012],3,-1,-1,1,-1
31666,[0.84292952 0.70984855],2,0,"[0.7890750777399501, 0.6799557517006445]",1,-1
31667,[0.70274575 0.55333475],3,-1,-1,1,-1
31668,[0.37522153 0.61230476],0,1,"[0.37965276877051146, 0.575157747726818]",1,-1
31669,[0.40155806 0.58114939],0,1,"[0.37965276877051146, 0.575157747726818]",1,-1
31670,[0.75914955 0.70914992],2,0,"[0.7890750777399501, 0.6799557517006445]",1,-1
31671,[0.24257912 0.24795562],1,-1,-1,0,0
31672,[0.20203516 0.15023174],1,-1,-1,0,0
31673,[0.27808414 0.169257  ],1,2,"[0.294379027732062, 0.1921773781634303]",0,0
31674,[0.19591841 0.06818082],1,-1,-1,0,0
31675,[0.68256185 0.63863151],3,3,"[0.6601234827680622, 0.6109507568947781]",1,-1
31676,[0.73321427 0.64401612],3,0,"[0.7890750777399501, 0.6799557517006445]",1,-1
31677,[0.66002902 0.57310047],3,3,"[0.6601234827680622, 0.6109507568947781]",1,-1
31678,[0.70990968 0.71027621],2,-1,-1,1,-1
31679,[0.85621257 0.67990458],2,0,"[0.7890750777399501, 0.6799557517006445]",1,-1
31680,[0.29051471 0.579383  ],0,-1,-1,1,-1
31681,[0.69004357 0.58299661],3,3,"[0.6601234827680622, 0.6109507568947781]",1,-1
31682,[0.77520861 0.66046778],2,0,"[0.7890750777399501, 0.6799557517006445]",1,-1
31683,[0.84629901 0.74002612],2,-1,-1,1,-1
31684,[0.59845112 0.5948446 ],3,3,"[0.6601234827680622, 0.6109507568947781]",1,-1
31685,[0.81711752 0.70102808],2,0,"[0.7890750777399501, 0.6799557517006445]",1,-1
31686,[0.34863357 0.56384124],0,1,"[0.37965276877051146, 0.575157747726818]",1,-1
31687,[0.23713436 0.21100033],1,2,"[0.294379027732062, 0.1921773781634303]",0,0
31688,[0.34175762 0.56507326],0,1,"[0.37965276877051146, 0.575157747726818]",1,-1
31689,[0.64177584 0.63749044],3,3,"[0.6601234827680622, 0.6109507568947781]",1,-1
31690,[0.60897341 0.69540014],3,-1,-1,1,-1
31691,[0.36703602 0.16413337],1,-1,-1,0,0
31692,[0.83082286 0.6972206 ],2,0,"[0.7890750777399501, 0.6799557517006445]",1,-1
31693,[0.73980809 0.75113627],2,-1,-1,1,-1
31694,[0.27296347 0.25216749],1,2,"[0.294379027732062, 0.1921773781634303]",0,0
31695,[0.24521137 0.19144758],1,2,"[0.294379027732062, 0.1921773781634303]",0,0
31696,[0.7976393  0.69638879],2,0,"[0.7890750777399501, 0.6799557517006445]",1,-1
31697,[0.61176174 0.57839194],3,3,"[0.6601234827680622, 0.6109507568947781]",1,-1
31698,[0.66618312 0.56673125],3,3,"[0.6601234827680622, 0.6109507568947781]",1,-1
31699,[0.22987403 0.24634619],1,-1,-1,0,0
31700,[0.30962893 0.23613643],1,2,"[0.294379027732062, 0.1921773781634303]",0,0
31701,[0.33241214 0.59322948],0,1,"[0.37965276877051146, 0.575157747726818]",1,-1
31702,[0.33163447 0.39230904],0,-1,-1,1,-1
31703,[0.29780364 0.29157534],1,-1,-1,0,0
31704,[0.61779722 0.6324599 ],3,3,"[0.6601234827680622, 0.6109507568947781]",1,-1
31705,[0.69265582 0.57870294],3,3,"[0.6601234827680622, 0.6109507568947781]",1,-1
31706,[0.23632696 0.22344956],1,2,"[0.294379027732062, 0.1921773781634303]",0,0
31707,[0.60169439 0.63616311],3,3,"[0.6601234827680622, 0.6109507568947781]",1,-1
31708,[0.58705679 0.51342161],3,-1,-1,1,-1
31709,[0.78571743 0.54510481],3,-1,-1,1,-1
31710,[0.79005947 0.65625752],2,0,"[0.7890750777399501, 0.6799557517006445]",1,-1
31711,[0.33703566 0.1566565 ],1,2,"[0.294379027732062, 0.1921773781634303]",0,0
31712,[0.19943132 0.21508734],1,-1,-1,0,0
31713,[0.24761443 0.1894345 ],1,2,"[0.294379027732062, 0.1921773781634303]",0,0
31714,[0.61544056 0.64643063],3,3,"[0.6601234827680622, 0.6109507568947781]",1,-1
31715,[0.23805293 0.15717642],1,2,"[0.294379027732062, 0.1921773781634303]",0,0
31716,[0.35429348 0.19818515],1,2,"[0.294379027732062, 0.1921773781634303]",0,0
31717,[0.75879547 0.65868589],2,0,"[0.7890750777399501, 0.6799557517006445]",1,3
31718,[0.71542881 0.66518422],3,-1,-1,1,-1
31719,[0.3919515  0.58782998],0,1,"[0.37965276877051146, 0.575157747726818]",1,-1
31720,[0.33011215 0.16401787],1,2,"[0.294379027732062, 0.1921773781634303]",0,0
31721,[0.81630018 0.65377876],2,0,"[0.7890750777399501, 0.6799557517006445]",1,-1
31722,[0.28743037 0.28418224],1,-1,-1,0,0
31723,[0.70983325 0.66797711],3,-1,-1,1,-1
31724,[0.40066556 0.60621419],0,1,"[0.37965276877051146, 0.575157747726818]",1,-1
31725,[0.81513348 0.68505925],2,0,"[0.7890750777399501, 0.6799557517006445]",1,4
31726,[0.3582306  0.15063366],1,-1,-1,0,0
31727,[0.66508338 0.65213148],3,3,"[0.6601234827680622, 0.6109507568947781]",1,-1
31728,[0.56372213 0.58053014],3,-1,-1,1,-1
31729,[0.28023517 0.19709343],1,2,"[0.294379027732062, 0.1921773781634303]",0,0
31730,[0.40404879 0.22887079],1,-1,-1,0,0
31731,[0.38511179 0.51200617],0,1,"[0.37965276877051146, 0.575157747726818]",1,-1
31732,[0.69131852 0.58484308],3,3,"[0.6601234827680622, 0.6109507568947781]",1,-1
31733,[0.81023164 0.70692905],2,0,"[0.7890750777399501, 0.6799557517006445]",1,-1
31734,[0.74022687 0.579692  ],3,-1,-1,1,-1
31735,[0.39806223 0.51531231],0,1,"[0.37965276877051146, 0.575157747726818]",1,-1
31736,[0.41880047 0.54972335],0,1,"[0.37965276877051146, 0.575157747726818]",1,-1
31737,[0.41917338 0.2152255 ],1,-1,-1,0,0
31738,[0.74310167 0.55114345],3,-1,-1,1,-1
31739,[0.36287607 0.5162039 ],0,1,"[0.37965276877051146, 0.575157747726818]",1,-1
31740,[0.82674353 0.66919393],2,0,"[0.7890750777399501, 0.6799557517006445]",1,-1
31741,[0.80472416 0.71400199],2,0,"[0.7890750777399501, 0.6799557517006445]",1,-1
31742,[0.76459351 0.5920233 ],2,-1,-1,1,-1
31743,[0.64264628 0.62262025],3,3,"[0.6601234827680622, 0.6109507568947781]",1,-1
31744,[0.56867278 0.61999078],3,-1,-1,1,-1
31745,[0.40099398 0.60184843],0,1,"[0.37965276877051146, 0.575157747726818]",1,-1
31746,[0.3525452  0.20489589],1,2,"[0.294379027732062, 0.1921773781634303]",0,0
31747,[0.35283687 0.19437879],1,2,"[0.294379027732062, 0.1921773781634303]",0,0
31748,[0.35928114 0.29126084],1,-1,-1,0,0
31749,[0.23975641 0.18253062],1,2,"[0.294379027732062, 0.1921773781634303]",0,0
31750,[0.81201331 0.7307074 ],2,0,"[0.7890750777399501, 0.6799557517006445]",1,-1
31751,[0.36322259 0.55808686],0,1,"[0.37965276877051146, 0.575157747726818]",1,1
31752,[0.35300659 0.08196557],1,-1,-1,0,0
31753,[0.33834777 0.59420417],0,1,"[0.37965276877051146, 0.575157747726818]",1,-1
31754,[0.77064748 0.71080313],2,0,"[0.7890750777399501, 0.6799557517006445]",1,-1
31755,[0.31237087 0.21541128],1,2,"[0.294379027732062, 0.1921773781634303]",0,0
31756,[0.71073049 0.63312949],3,3,"[0.6601234827680622, 0.6109507568947781]",1,-1
31757,[0.32537817 0.17552675],1,2,"[0.294379027732062, 0.1921773781634303]",0,0
31758,[0.69888021 0.52435839],3,-1,-1,1,-1
31759,[0.60762692 0.62091476],3,3,"[0.6601234827680622, 0.6109507568947781]",1,-1
31760,[0.81390158 0.74990602],2,-1,-1,1,-1
31761,[0.73545644 0.73748066],2,-1,-1,1,-1
31762,[0.39073965 0.615943  ],0,1,"[0.37965276877051146, 0.575157747726818]",1,-1
31763,[0.8214553  0.58856458],3,-1,-1,1,-1
31764,[0.90506362 0.70742135],2,-1,-1,1,-1
31765,[0.72542837 0.52015277],3,-1,-1,1,-1
31766,[0.27980435 0.15229721],1,2,"[0.294379027732062, 0.1921773781634303]",0,0
31767,[0.76414799 0.71563827],2,0,"[0.7890750777399501, 0.6799557517006445]",1,-1
31768,[0.28351688 0.19723269],1,2,"[0.294379027732062, 0.1921773781634303]",0,0
31769,[0.71959121 0.56703356],3,-1,-1,1,-1
31770,[0.52389708 0.49761887],3,-1,-1,1,-1
31771,[0.70365822 0.66830525],2,-1,-1,1,-1
31772,[0.27289104 0.26078766],1,-1,-1,0,0
31773,[0.74238394 0.69935414],2,0,"[0.7890750777399501, 0.6799557517006445]",1,-1
31774,[0.73611054 0.59733813],3,-1,-1,1,-1
31775,[0.42966464 0.59467482],0,1,"[0.37965276877051146, 0.575157747726818]",1,-1
31776,[0.33160898 0.66514232],0,-1,-1,1,-1
31777,[0.7018966  0.63755408],3,3,"[0.6601234827680622, 0.6109507568947781]",1,-1
31778,[0.78114795 0.70014061],2,0,"[0.7890750777399501, 0.6799557517006445]",1,-1
31779,[0.32438227 0.5824251 ],0,1,"[0.37965276877051146, 0.575157747726818]",1,-1
31780,[0.39646599 0.53157724],0,1,"[0.37965276877051146, 0.575157747726818]",1,-1
31781,[0.39680919 0.5677693 ],0,1,"[0.37965276877051146, 0.575157747726818]",1,2
31782,[0.69696704 0.56471919],3,3,"[0.6601234827680622, 0.6109507568947781]",1,-1
31783,[0.8238869  0.65643263],2,0,"[0.7890750777399501, 0.6799557517006445]",1,-1
31784,[0.65558474 0.55866207],3,3,"[0.6601234827680622, 0.6109507568947781]",1,-1
31785,[0.29203106 0.22731819],1,2,"[0.294379027732062, 0.1921773781634303]",0,0
31786,[0.22285758 0.3053978 ],1,-1,-1,0,0
31787,[0.47080333 0.56118084],0,-1,-1,1,-1
31788,[0.68673171 0.62570804],3,3,"[0.6601234827680622, 0.6109507568947781]",1,7
31789,[0.4122386  0.55543483],0,1,"[0.37965276877051146, 0.575157747726818]",1,-1
31790,[0.77708417 0.65825319],2,0,"[0.7890750777399501, 0.6799557517006445]",1,-1
31791,[0.65710038 0.60913258],3,3,"[0.6601234827680622, 0.6109507568947781]",1,-1
31792,[0.31485756 0.72526262],0,-1,-1,1,-1
31793,[0.847158   0.70611383],2,0,"[0.7890750777399501, 0.6799557517006445]",1,-1
31794,[0.70599786 0.57237179],3,3,"[0.6601234827680622, 0.6109507568947781]",1,-1
31795,[0.77439974 0.68752011],2,0,"[0.7890750777399501, 0.6799557517006445]",1,-1
31796,[0.30409938 0.20559015],1,2,"[0.294379027732062, 0.1921773781634303]",0,0
31797,[0.28388776 0.19023715],1,2,"[0.294379027732062, 0.1921773781634303]",0,0
31798,[0.69574109 0.73562111],3,-1,-1,1,-1
31799,[0.63182999 0.52853015],3,-1,-1,1,-1
31800,[0.28975374 0.18196332],1,2,"[0.294379027732062, 0.1921773781634303]",0,0
31801,[0.6149253  0.59307109],3,3,"[0.6601234827680622, 0.6109507568947781]",1,-1
31802,[0.80317962 0.66567032],2,0,"[0.7890750777399501, 0.6799557517006445]",1,4
31803,[0.85137361 0.76125598],2,-1,-1,1,-1
31804,[0.8976766  0.74874941],2,-1,-1,1,-1
31805,[0.84679359 0.66865049],2,0,"[0.7890750777399501, 0.6799557517006445]",1,-1
31806,[0.43757803 0.59602811],0,1,"[0.37965276877051146, 0.575157747726818]",1,-1
31807,[0.34679174 0.53084612],0,1,"[0.37965276877051146, 0.575157747726818]",1,-1
31808,[0.33460415 0.20052098],1,2,"[0.294379027732062, 0.1921773781634303]",0,0
31809,[0.24141837 0.11059502],1,-1,-1,0,0
31810,[0.23729308 0.20114966],1,2,"[0.294379027732062, 0.1921773781634303]",0,0
31811,[0.79937737 0.79954342],2,-1,-1,1,-1
31812,[0.3466484  0.54422961],0,1,"[0.37965276877051146, 0.575157747726818]",1,-1
31813,[0.37893136 0.20735474],1,-1,-1,0,0
31814,[0.39040547 0.63848204],0,1,"[0.37965276877051146, 0.575157747726818]",1,-1
31815,[0.69288684 0.64985481],3,3,"[0.6601234827680622, 0.6109507568947781]",1,-1
31816,[0.34624533 0.53220983],0,1,"[0.37965276877051146, 0.575157747726818]",1,-1
31817,[0.35292975 0.61679817],0,1,"[0.37965276877051146, 0.575157747726818]",1,-1
31818,[0.60971726 0.63395541],3,3,"[0.6601234827680622, 0.6109507568947781]",1,-1
31819,[0.66632902 0.60040827],3,3,"[0.6601234827680622, 0.6109507568947781]",1,-1
31820,[0.45194195 0.59613135],0,-1,-1,1,-1
31821,[0.36092925 0.18426032],1,2,"[0.294379027732062, 0.1921773781634303]",0,0
31822,[0.62710523 0.65723622],3,3,"[0.6601234827680622, 0.6109507568947781]",1,-1
31823,[0.22393115 0.24446466],1,-1,-1,0,0
31824,[0.73718068 0.64885555],3,0,"[0.7890750777399501, 0.6799557517006445]",1,-1
31825,[0.30551356 0.21169043],1,2,"[0.294379027732062, 0.1921773781634303]",0,0
31826,[0.86605892 0.73605932],2,-1,-1,1,-1
31827,[0.31706512 0.11933613],1,-1,-1,0,0
31828,[0.8521919 0.6895961],2,0,"[0.7890750777399501, 0.6799557517006445]",1,-1
31829,[0.78542367 0.72775595],2,0,"[0.7890750777399501, 0.6799557517006445]",1,-1
31830,[0.65002309 0.61416041],3,3,"[0.6601234827680622, 0.6109507568947781]",1,6
31831,[0.38285891 0.2194802 ],1,-1,-1,0,0
31832,[0.26419947 0.15056955],1,2,"[0.294379027732062, 0.1921773781634303]",0,0
31833,[0.70930791 0.65799876],3,3,"[0.6601234827680622, 0.6109507568947781]",1,-1
31834,[0.33130249 0.27124798],1,-1,-1,0,0
31835,[0.2913243  0.22782904],1,2,"[0.294379027732062, 0.1921773781634303]",0,0
31836,[0.70758684 0.67018876],2,-1,-1,1,-1
31837,[0.74541627 0.6202431 ],2,-1,-1,1,-1
31838,[0.71800553 0.6265496 ],3,3,"[0.6601234827680622, 0.6109507568947781]",1,-1
31839,[0.483091  0.5102815],0,-1,-1,1,-1
31840,[0.81563641 0.70479759],2,0,"[0.7890750777399501, 0.6799557517006445]",1,-1
31841,[0.74738183 0.63720679],2,0,"[0.7890750777399501, 0.6799557517006445]",1,-1
31842,[0.61845952 0.6034155 ],3,3,"[0.6601234827680622, 0.6109507568947781]",1,-1
31843,[0.71417989 0.6440338 ],2,3,"[0.6601234827680622, 0.6109507568947781]",1,-1
31844,[0.31485827 0.18345818],1,2,"[0.294379027732062, 0.1921773781634303]",0,0
31845,[0.83524569 0.79553694],2,-1,-1,1,-1
31846,[0.3741911  0.58411038],0,1,"[0.37965276877051146, 0.575157747726818]",1,1
31847,[0.36600638 0.61111777],0,1,"[0.37965276877051146, 0.575157747726818]",1,-1
31848,[0.21834336 0.24314914],1,-1,-1,0,0
31849,[0.30023391 0.15554572],1,2,"[0.294379027732062, 0.1921773781634303]",0,0
31850,[0.69941266 0.7501436 ],2,-1,-1,1,-1
31851,[0.38103959 0.58002478],0,1,"[0.37965276877051146, 0.575157747726818]",1,-1
31852,[0.70310233 0.6563494 ],3,3,"[0.6601234827680622, 0.6109507568947781]",1,-1
31853,[0.80787165 0.63562735],3,0,"[0.7890750777399501, 0.6799557517006445]",1,-1
31854,[0.30736823 0.20249613],1,2,"[0.294379027732062, 0.1921773781634303]",0,0
31855,[0.8756706  0.64148748],2,-1,-1,1,-1
31856,[0.42221115 0.56156916],0,1,"[0.37965276877051146, 0.575157747726818]",1,-1
31857,[0.41191871 0.64436548],0,-1,-1,1,-1
31858,[0.67716628 0.65512881],3,3,"[0.6601234827680622, 0.6109507568947781]",1,-1
31859,[0.38583432 0.50904783],0,1,"[0.37965276877051146, 0.575157747726818]",1,-1
31860,[0.2615629  0.27713452],1,-1,-1,0,0
31861,[0.31489792 0.14946508],1,2,"[0.294379027732062, 0.1921773781634303]",0,0
31862,[0.29977049 0.22739612],1,2,"[0.294379027732062, 0.1921773781634303]",0,0
31863,[0.67729925 0.62810464],3,3,"[0.6601234827680622, 0.6109507568947781]",1,-1
31864,[0.31874716 0.21923733],1,2,"[0.294379027732062, 0.1921773781634303]",0,0
31865,[0.39548969 0.43904167],0,-1,-1,1,-1
31866,[0.84412706 0.66322685],2,0,"[0.7890750777399501, 0.6799557517006445]",1,-1
31867,[0.62916485 0.62759505],3,3,"[0.6601234827680622, 0.6109507568947781]",1,-1
31868,[0.22333386 0.1499579 ],1,-1,-1,0,0
31869,[0.68307254 0.60808882],3,3,"[0.6601234827680622, 0.6109507568947781]",1,5
31870,[0.68012666 0.64482932],2,3,"[0.6601234827680622, 0.6109507568947781]",1,-1
31871,[0.36660184 0.6275975 ],0,1,"[0.37965276877051146, 0.575157747726818]",1,-1
31872,[0.3627436  0.15110906],1,-1,-1,0,0
31873,[0.32249679 0.5818127 ],0,1,"[0.37965276877051146, 0.575157747726818]",1,-1
31874,[0.87672322 0.69196724],2,-1,-1,1,-1
31875,[0.80544976 0.67053788],2,0,"[0.7890750777399501, 0.6799557517006445]",1,-1
31876,[0.82929395 0.65397105],2,0,"[0.7890750777399501, 0.6799557517006445]",1,-1
31877,[0.78907051 0.72043845],2,0,"[0.7890750777399501, 0.6799557517006445]",1,-1
31878,[0.79463537 0.64762616],2,0,"[0.7890750777399501, 0.6799557517006445]",1,-1
31879,[0.73556824 0.66772927],2,0,"[0.7890750777399501, 0.6799557517006445]",1,-1
31880,[0.28809957 0.15974177],1,2,"[0.294379027732062, 0.1921773781634303]",0,0
31881,[0.82420168 0.73948076],2,0,"[0.7890750777399501, 0.6799557517006445]",1,-1
31882,[0.28919637 0.58049725],0,-1,-1,1,-1
31883,[0.62310509 0.6042399 ],3,3,"[0.6601234827680622, 0.6109507568947781]",1,-1
31884,[0.35715929 0.17156068],1,2,"[0.294379027732062, 0.1921773781634303]",0,0
31885,[0.38524168 0.20042065],1,-1,-1,0,0
31886,[0.84043924 0.66114175],2,0,"[0.7890750777399501, 0.6799557517006445]",1,-1
31887,[0.81661535 0.76691042],2,-1,-1,1,-1
31888,[0.28599569 0.15441054],1,2,"[0.294379027732062, 0.1921773781634303]",0,0
31889,[0.71476258 0.60860566],3,3,"[0.6601234827680622, 0.6109507568947781]",1,-1
31890,[0.32899749 0.58225432],0,1,"[0.37965276877051146, 0.575157747726818]",1,-1
31891,[0.28223582 0.2191938 ],1,2,"[0.294379027732062, 0.1921773781634303]",0,0
31892,[0.32446036 0.22826683],1,2,"[0.294379027732062, 0.1921773781634303]",0,0
31893,[0.81070324 0.60304172],2,-1,-1,1,-1
31894,[0.66424155 0.6357865 ],3,3,"[0.6601234827680622, 0.6109507568947781]",1,-1
31895,[0.78461333 0.68045695],2,0,"[0.7890750777399501, 0.6799557517006445]",1,-1
31896,[0.75476253 0.68752048],2,0,"[0.7890750777399501, 0.6799557517006445]",1,-1
31897,[0.20093626 0.17750743],1,-1,-1,0,0
31898,[0.4586808  0.66174468],0,-1,-1,1,-1
31899,[0.30138508 0.18899237],1,2,"[0.294379027732062, 0.1921773781634303]",0,0
31900,[0.7065475  0.54786977],3,-1,-1,1,-1
31901,[0.69894107 0.61520764],2,3,"[0.6601234827680622, 0.6109507568947781]",1,-1
31902,[0.8286811  0.62406206],2,0,"[0.7890750777399501, 0.6799557517006445]",1,-1
31903,[0.7347853  0.67526052],2,0,"[0.7890750777399501, 0.6799557517006445]",1,-1
31904,[0.37369484 0.59823269],0,1,"[0.37965276877051146, 0.575157747726818]",1,-1
31905,[0.4467006  0.69728169],0,-1,-1,1,-1
31906,[0.26312367 0.1747632 ],1,2,"[0.294379027732062, 0.1921773781634303]",0,0
31907,[0.81080313 0.65634857],2,0,"[0.7890750777399501, 0.6799557517006445]",1,-1
31908,[0.73395676 0.68178331],3,0,"[0.7890750777399501, 0.6799557517006445]",1,-1
31909,[0.8157132  0.60255741],2,-1,-1,1,-1
31910,[0.73397993 0.65467273],2,0,"[0.7890750777399501, 0.6799557517006445]",1,-1
31911,[0.41914538 0.52110994],0,1,"[0.37965276877051146, 0.575157747726818]",1,-1
31912,[0.77079364 0.63387549],2,0,"[0.7890750777399501, 0.6799557517006445]",1,-1
31913,[0.82147544 0.65863836],2,0,"[0.7890750777399501, 0.6799557517006445]",1,-1
31914,[0.75352252 0.67361265],2,0,"[0.7890750777399501, 0.6799557517006445]",1,-1
31915,[0.2618908  0.13154975],1,2,"[0.294379027732062, 0.1921773781634303]",0,0
31916,[0.67256887 0.54105536],3,-1,-1,1,-1
31917,[0.26697628 0.14142747],1,2,"[0.294379027732062, 0.1921773781634303]",0,0
31918,[0.39657403 0.64995989],0,-1,-1,1,-1
31919,[0.7578861  0.65969817],3,0,"[0.7890750777399501, 0.6799557517006445]",1,3
31920,[0.69680082 0.6051404 ],3,3,"[0.6601234827680622, 0.6109507568947781]",1,-1
31921,[0.26149585 0.21291598],1,2,"[0.294379027732062, 0.1921773781634303]",0,0
31922,[0.78568514 0.65147286],2,0,"[0.7890750777399501, 0.6799557517006445]",1,-1
31923,[0.3199089  0.23288246],1,2,"[0.294379027732062, 0.1921773781634303]",0,0
31924,[0.36298924 0.20155804],1,2,"[0.294379027732062, 0.1921773781634303]",0,0
31925,[0.28624399 0.18535569],1,2,"[0.294379027732062, 0.1921773781634303]",0,0
31926,[0.75997539 0.61620119],3,-1,-1,1,-1
31927,[0.7861716 0.6588705],2,0,"[0.7890750777399501, 0.6799557517006445]",1,-1
31928,[0.60898301 0.5626714 ],3,-1,-1,1,-1
31929,[0.31012268 0.20927189],1,2,"[0.294379027732062, 0.1921773781634303]",0,0
31930,[0.31426152 0.19106643],1,2,"[0.294379027732062, 0.1921773781634303]",0,0
31931,[0.30696677 0.5404543 ],0,-1,-1,1,-1
31932,[0.68061623 0.60925575],3,3,"[0.6601234827680622, 0.6109507568947781]",1,5
31933,[0.67053593 0.59073278],3,3,"[0.6601234827680622, 0.6109507568947781]",1,-1
31934,[0.29773887 0.20025778],1,2,"[0.294379027732062, 0.1921773781634303]",0,0
31935,[0.41720158 0.58255531],0,1,"[0.37965276877051146, 0.575157747726818]",1,-1
31936,[0.85794292 0.75637228],2,-1,-1,1,-1
31937,[0.88927564 0.6348823 ],2,-1,-1,1,-1
31938,[0.43575111 0.74219423],0,-1,-1,1,-1
31939,[0.30271862 0.64686236],0,-1,-1,1,-1
31940,[0.36625156 0.61969197],0,1,"[0.37965276877051146, 0.575157747726818]",1,-1
31941,[0.44080077 0.53824939],0,-1,-1,1,-1
31942,[0.40902252 0.65977045],0,-1,-1,1,-1
31943,[0.42015799 0.52778357],0,1,"[0.37965276877051146, 0.575157747726818]",1,-1
31944,[0.28717599 0.51208983],0,-1,-1,1,-1
31945,[0.62276211 0.54364689],3,-1,-1,1,-1
31946,[0.74597745 0.7363207 ],2,-1,-1,1,-1
31947,[0.58967642 0.57510988],3,-1,-1,1,-1
31948,[0.69168184 0.58038576],3,3,"[0.6601234827680622, 0.6109507568947781]",1,-1
31949,[0.78751866 0.76486719],2,-1,-1,1,-1
31950,[0.46043176 0.64241981],0,-1,-1,1,-1
31951,[0.70567649 0.58185366],3,3,"[0.6601234827680622, 0.6109507568947781]",1,-1
31952,[0.64205721 0.61592523],3,3,"[0.6601234827680622, 0.6109507568947781]",1,-1
31953,[0.31058207 0.63504146],0,-1,-1,1,-1
31954,[0.26750632 0.25023623],1,2,"[0.294379027732062, 0.1921773781634303]",0,0
31955,[0.60648367 0.63885656],3,3,"[0.6601234827680622, 0.6109507568947781]",1,-1
31956,[0.62656118 0.69799812],2,-1,-1,1,-1
31957,[0.65043734 0.66087841],3,3,"[0.6601234827680622, 0.6109507568947781]",1,-1
31958,[0.6309848  0.61417995],3,3,"[0.6601234827680622, 0.6109507568947781]",1,-1
31959,[0.22282839 0.10100138],1,-1,-1,0,0
31960,[0.6908278  0.62208193],3,3,"[0.6601234827680622, 0.6109507568947781]",1,-1
31961,[0.64566563 0.52407846],3,-1,-1,1,-1
31962,[0.21482428 0.15449172],1,-1,-1,0,0
31963,[0.647603   0.61686753],3,3,"[0.6601234827680622, 0.6109507568947781]",1,-1
31964,[0.67108145 0.57374563],3,3,"[0.6601234827680622, 0.6109507568947781]",1,-1
31965,[0.38069763 0.60238233],0,1,"[0.37965276877051146, 0.575157747726818]",1,-1
31966,[0.32773045 0.11101533],1,-1,-1,0,0
31967,[0.30655581 0.55660894],0,-1,-1,1,-1
31968,[0.32504785 0.26220183],1,-1,-1,0,0
31969,[0.36411922 0.54405362],0,1,"[0.37965276877051146, 0.575157747726818]",1,-1
31970,[0.81463071 0.67788755],2,0,"[0.7890750777399501, 0.6799557517006445]",1,-1
31971,[0.43930817 0.57556561],0,1,"[0.37965276877051146, 0.575157747726818]",1,-1
31972,[0.19328547 0.24462255],1,-1,-1,0,0
31973,[0.26968554 0.1354408 ],1,2,"[0.294379027732062, 0.1921773781634303]",0,0
31974,[0.61261114 0.62874104],3,3,"[0.6601234827680622, 0.6109507568947781]",1,-1
31975,[0.41018969 0.56721475],0,1,"[0.37965276877051146, 0.575157747726818]",1,2
31976,[0.40707501 0.7011935 ],0,-1,-1,1,-1
31977,[0.80162933 0.66793091],2,0,"[0.7890750777399501, 0.6799557517006445]",1,4
31978,[0.32556716 0.12114058],1,-1,-1,0,0
31979,[0.33711455 0.16286891],1,2,"[0.294379027732062, 0.1921773781634303]",0,0
31980,[0.32922395 0.12966155],1,-1,-1,0,0
31981,[0.34835565 0.16182392],1,2,"[0.294379027732062, 0.1921773781634303]",0,0
31982,[0.3941696  0.17218147],1,-1,-1,0,0
31983,[0.24760892 0.2006506 ],1,2,"[0.294379027732062, 0.1921773781634303]",0,0
31984,[0.36226725 0.08555297],1,-1,-1,0,0
31985,[0.43172235 0.63607772],0,-1,-1,1,-1
31986,[0.83019961 0.62073928],2,-1,-1,1,-1
31987,[0.67975472 0.63771938],2,3,"[0.6601234827680622, 0.6109507568947781]",1,-1
31988,[0.27832984 0.63655934],0,-1,-1,1,-1
31989,[0.26426265 0.50610065],0,-1,-1,1,-1
31990,[0.25403399 0.24428198],1,2,"[0.294379027732062, 0.1921773781634303]",0,0
31991,[0.3103036  0.21450503],1,2,"[0.294379027732062, 0.1921773781634303]",0,0
31992,[0.40848851 0.61367876],0,1,"[0.37965276877051146, 0.575157747726818]",1,-1
31993,[0.31148483 0.10668152],1,-1,-1,0,0
31994,[0.86742819 0.62911331],2,-1,-1,1,-1
31995,[0.2168637  0.23472426],1,-1,-1,0,0
31996,[0.22474383 0.196912  ],1,2,"[0.294379027732062, 0.1921773781634303]",0,0
31997,[0.39044673 0.61979865],0,1,"[0.37965276877051146, 0.575157747726818]",1,-1
31998,[0.37658542 0.19403388],1,-1,-1,0,0
31999,[0.40301106 0.51667563],0,1,"[0.37965276877051146, 0.575157747726818]",1,-1
32000,[0.70449837 0.69643856],3,-1,-1,1,-1
32001,[0.31013156 0.22289887],1,2,"[0.294379027732062, 0.1921773781634303]",0,0
32002,[0.29023435 0.16816127],1,2,"[0.294379027732062, 0.1921773781634303]",0,0
32003,[0.77274907 0.67644466],2,0,"[0.7890750777399501, 0.6799557517006445]",1,-1
32004,[0.5843722  0.62969008],3,-1,-1,1,-1
32005,[0.35530093 0.67398525],0,-1,-1,1,-1
32006,[0.2826084  0.22036258],1,2,"[0.294379027732062, 0.1921773781634303]",0,0
32007,[0.43539957 0.60715247],0,1,"[0.37965276877051146, 0.575157747726818]",1,-1
32008,[0.41840428 0.49998511],0,-1,-1,1,-1
32009,[0.40005204 0.51451349],0,1,"[0.37965276877051146, 0.575157747726818]",1,-1
32010,[0.79196304 0.73106454],2,0,"[0.7890750777399501, 0.6799557517006445]",1,-1
32011,[0.6245888  0.52608881],3,-1,-1,1,-1
32012,[0.4321873  0.54820626],0,1,"[0.37965276877051146, 0.575157747726818]",1,-1
32013,[0.78082011 0.70372343],2,0,"[0.7890750777399501, 0.6799557517006445]",1,-1
32014,[0.42874933 0.56823623],0,1,"[0.37965276877051146, 0.575157747726818]",1,-1
32015,[0.30730464 0.17947816],1,2,"[0.294379027732062, 0.1921773781634303]",0,0
32016,[0.22932227 0.17487675],1,2,"[0.294379027732062, 0.1921773781634303]",0,0
32017,[0.63919069 0.71694918],3,-1,-1,1,-1
32018,[0.37589953 0.59542862],0,1,"[0.37965276877051146, 0.575157747726818]",1,-1
32019,[0.62812132 0.59247349],3,3,"[0.6601234827680622, 0.6109507568947781]",1,-1
32020,[0.26861982 0.17699961],1,2,"[0.294379027732062, 0.1921773781634303]",0,0
32021,[0.37903191 0.10673809],1,-1,-1,0,0
32022,[0.59516967 0.56378707],3,-1,-1,1,-1
32023,[0.71617939 0.66696412],3,-1,-1,1,-1
32024,[0.75492758 0.68811724],2,0,"[0.7890750777399501, 0.6799557517006445]",1,-1
32025,[0.7971936 0.5934156],2,-1,-1,1,-1
32026,[0.64809277 0.66432408],3,3,"[0.6601234827680622, 0.6109507568947781]",1,-1
32027,[0.68281328 0.65363196],2,3,"[0.6601234827680622, 0.6109507568947781]",1,-1
32028,[0.86289257 0.73303115],2,-1,-1,1,-1
32029,[0.69032922 0.62722332],3,3,"[0.6601234827680622, 0.6109507568947781]",1,7
32030,[0.35199118 0.55009229],0,1,"[0.37965276877051146, 0.575157747726818]",1,-1
32031,[0.42615725 0.57030278],0,1,"[0.37965276877051146, 0.575157747726818]",1,-1
32032,[0.7548907  0.63880029],2,0,"[0.7890750777399501, 0.6799557517006445]",1,-1
32033,[0.79997484 0.72216295],2,0,"[0.7890750777399501, 0.6799557517006445]",1,-1
32034,[0.64873465 0.71751952],3,-1,-1,1,-1
32035,[0.36276669 0.18256908],1,2,"[0.294379027732062, 0.1921773781634303]",0,0
32036,[0.82999403 0.74378319],2,-1,-1,1,-1
32037,[0.30082159 0.19937721],1,2,"[0.294379027732062, 0.1921773781634303]",0,0
32038,[0.26506516 0.10744688],1,-1,-1,0,0
32039,[0.64955854 0.58709077],3,3,"[0.6601234827680622, 0.6109507568947781]",1,-1
32040,[0.36593472 0.53786637],0,1,"[0.37965276877051146, 0.575157747726818]",1,-1
32041,[0.31266205 0.21354279],1,2,"[0.294379027732062, 0.1921773781634303]",0,0
32042,[0.26461964 0.1920942 ],1,2,"[0.294379027732062, 0.1921773781634303]",0,0
32043,[0.70323222 0.69993584],2,-1,-1,1,-1
32044,[0.69152279 0.56992756],3,3,"[0.6601234827680622, 0.6109507568947781]",1,-1
32045,[0.35835037 0.53355524],0,1,"[0.37965276877051146, 0.575157747726818]",1,-1
32046,[0.78864921 0.67833554],2,0,"[0.7890750777399501, 0.6799557517006445]",1,4
32047,[0.44733491 0.4453605 ],0,-1,-1,1,-1
32048,[0.43734843 0.58781656],0,1,"[0.37965276877051146, 0.575157747726818]",1,-1
32049,[0.35763832 0.58324481],0,1,"[0.37965276877051146, 0.575157747726818]",1,-1
32050,[0.66857142 0.68174931],2,-1,-1,1,-1
32051,[0.36539904 0.57111692],0,1,"[0.37965276877051146, 0.575157747726818]",1,-1
32052,[0.18956028 0.25252736],1,-1,-1,0,0
32053,[0.25009847 0.2033067 ],1,2,"[0.294379027732062, 0.1921773781634303]",0,0
32054,[0.28837584 0.21282346],1,2,"[0.294379027732062, 0.1921773781634303]",0,0
32055,[0.614372   0.63457291],3,3,"[0.6601234827680622, 0.6109507568947781]",1,-1
32056,[0.24419952 0.21702781],1,2,"[0.294379027732062, 0.1921773781634303]",0,0
32057,[0.68031797 0.63682153],3,3,"[0.6601234827680622, 0.6109507568947781]",1,-1
32058,[0.25323766 0.2183215 ],1,2,"[0.294379027732062, 0.1921773781634303]",0,0
32059,[0.2743437  0.13384397],1,2,"[0.294379027732062, 0.1921773781634303]",0,0
32060,[0.3292741 0.2059332],1,2,"[0.294379027732062, 0.1921773781634303]",0,0
32061,[0.3935306  0.61923249],0,1,"[0.37965276877051146, 0.575157747726818]",1,-1
32062,[0.35381304 0.14532025],1,-1,-1,0,0
32063,[0.24823159 0.19337922],1,2,"[0.294379027732062, 0.1921773781634303]",0,0
32064,[0.26114081 0.20747547],1,2,"[0.294379027732062, 0.1921773781634303]",0,0
32065,[0.26847286 0.17967446],1,2,"[0.294379027732062, 0.1921773781634303]",0,0
32066,[0.77797576 0.7247964 ],2,0,"[0.7890750777399501, 0.6799557517006445]",1,-1
32067,[0.43763498 0.50087695],0,-1,-1,1,-1
32068,[0.44261761 0.52389264],0,-1,-1,1,-1
32069,[0.6828955  0.60153328],3,3,"[0.6601234827680622, 0.6109507568947781]",1,5
32070,[0.52200358 0.60235841],3,-1,-1,1,-1
32071,[0.39584403 0.55247489],0,1,"[0.37965276877051146, 0.575157747726818]",1,-1
32072,[0.90230728 0.71084097],2,-1,-1,1,-1
32073,[0.30166471 0.21809161],1,2,"[0.294379027732062, 0.1921773781634303]",0,0
32074,[0.5015149 0.6653858],0,-1,-1,1,-1
32075,[0.26580689 0.23663078],1,2,"[0.294379027732062, 0.1921773781634303]",0,0
32076,[0.2270641  0.16478739],1,-1,-1,0,0
32077,[0.80987754 0.74350593],2,0,"[0.7890750777399501, 0.6799557517006445]",1,-1
32078,[0.67443799 0.50018578],3,-1,-1,1,-1
32079,[0.63912826 0.56483031],3,3,"[0.6601234827680622, 0.6109507568947781]",1,-1
32080,[0.69977259 0.61723481],3,3,"[0.6601234827680622, 0.6109507568947781]",1,-1
32081,[0.79382388 0.65388431],2,0,"[0.7890750777399501, 0.6799557517006445]",1,-1
32082,[0.65218581 0.60588941],3,3,"[0.6601234827680622, 0.6109507568947781]",1,6
32083,[0.76343382 0.6797231 ],2,0,"[0.7890750777399501, 0.6799557517006445]",1,-1
32084,[0.29884442 0.20671134],1,2,"[0.294379027732062, 0.1921773781634303]",0,0
32085,[0.73734623 0.7070241 ],2,0,"[0.7890750777399501, 0.6799557517006445]",1,-1
32086,[0.29867383 0.53222733],0,-1,-1,1,-1
32087,[0.79698596 0.62579123],2,0,"[0.7890750777399501, 0.6799557517006445]",1,-1
32088,[0.44281846 0.5302562 ],0,-1,-1,1,-1
32089,[0.80019274 0.80605268],2,-1,-1,1,-1
32090,[0.29931408 0.15368642],1,2,"[0.294379027732062, 0.1921773781634303]",0,0
32091,[0.64887291 0.61762461],3,3,"[0.6601234827680622, 0.6109507568947781]",1,-1
32092,[0.26608997 0.21843605],1,2,"[0.294379027732062, 0.1921773781634303]",0,0
32093,[0.72139049 0.59013363],3,3,"[0.6601234827680622, 0.6109507568947781]",1,-1
32094,[0.77102302 0.70783474],2,0,"[0.7890750777399501, 0.6799557517006445]",1,-1
32095,[0.29072941 0.10610162],1,-1,-1,0,0
32096,[0.38201204 0.54193843],0,1,"[0.37965276877051146, 0.575157747726818]",1,-1
32097,[0.6652097  0.61383405],3,3,"[0.6601234827680622, 0.6109507568947781]",1,-1
32098,[0.76155812 0.70246229],2,0,"[0.7890750777399501, 0.6799557517006445]",1,-1
32099,[0.40700449 0.25413622],1,-1,-1,0,0
32100,[0.27367122 0.07875132],1,-1,-1,0,0
32101,[0.59433731 0.59081049],3,3,"[0.6601234827680622, 0.6109507568947781]",1,-1
32102,[0.7054136  0.72841743],3,-1,-1,1,-1
32103,[0.42456928 0.53861251],0,1,"[0.37965276877051146, 0.575157747726818]",1,-1
32104,[0.64517692 0.65932785],3,3,"[0.6601234827680622, 0.6109507568947781]",1,-1
32105,[0.86855661 0.71894446],2,-1,-1,1,-1
32106,[0.78894669 0.68266605],2,0,"[0.7890750777399501, 0.6799557517006445]",1,-1
32107,[0.36336857 0.5365994 ],0,1,"[0.37965276877051146, 0.575157747726818]",1,-1
32108,[0.34614525 0.20165948],1,2,"[0.294379027732062, 0.1921773781634303]",0,0
32109,[0.65676682 0.59931418],3,3,"[0.6601234827680622, 0.6109507568947781]",1,6
32110,[0.35440188 0.12841041],1,-1,-1,0,0
32111,[0.80114236 0.66984461],2,0,"[0.7890750777399501, 0.6799557517006445]",1,4
32112,[0.74139394 0.6760763 ],2,0,"[0.7890750777399501, 0.6799557517006445]",1,-1
32113,[0.36040158 0.63223453],0,1,"[0.37965276877051146, 0.575157747726818]",1,-1
32114,[0.75168941 0.69127882],2,0,"[0.7890750777399501, 0.6799557517006445]",1,-1
32115,[0.81146144 0.68859045],2,0,"[0.7890750777399501, 0.6799557517006445]",1,4
32116,[0.80323759 0.65906046],2,0,"[0.7890750777399501, 0.6799557517006445]",1,-1
32117,[0.82524455 0.64679656],2,0,"[0.7890750777399501, 0.6799557517006445]",1,-1
32118,[0.82697272 0.66059222],2,0,"[0.7890750777399501, 0.6799557517006445]",1,-1
32119,[0.39447548 0.56186438],0,1,"[0.37965276877051146, 0.575157747726818]",1,-1
32120,[0.67945495 0.62198337],3,3,"[0.6601234827680622, 0.6109507568947781]",1,7
32121,[0.59398806 0.71461128],3,-1,-1,1,-1
32122,[0.34410649 0.15270388],1,2,"[0.294379027732062, 0.1921773781634303]",0,0
32123,[0.29863425 0.12823651],1,2,"[0.294379027732062, 0.1921773781634303]",0,0
32124,[0.33042878 0.62412698],0,1,"[0.37965276877051146, 0.575157747726818]",1,-1
32125,[0.41236693 0.57863892],0,1,"[0.37965276877051146, 0.575157747726818]",1,2
32126,[0.43096517 0.59938934],0,1,"[0.37965276877051146, 0.575157747726818]",1,-1
32127,[0.32623364 0.09199968],1,-1,-1,0,0
32128,[0.71376187 0.67494072],3,-1,-1,1,-1
32129,[0.27218378 0.16727731],1,2,"[0.294379027732062, 0.1921773781634303]",0,0
32130,[0.23756266 0.13772935],1,-1,-1,0,0
32131,[0.70208038 0.70507795],2,-1,-1,1,-1
32132,[0.2628497  0.24141603],1,2,"[0.294379027732062, 0.1921773781634303]",0,0
32133,[0.24618352 0.14516645],1,2,"[0.294379027732062, 0.1921773781634303]",0,0
32134,[0.6116008  0.58934287],3,3,"[0.6601234827680622, 0.6109507568947781]",1,-1
32135,[0.65366048 0.6024412 ],3,3,"[0.6601234827680622, 0.6109507568947781]",1,6
32136,[0.39782365 0.59618331],0,1,"[0.37965276877051146, 0.575157747726818]",1,-1
32137,[0.79822794 0.63705921],2,0,"[0.7890750777399501, 0.6799557517006445]",1,-1
32138,[0.36099484 0.66423238],0,-1,-1,1,-1
32139,[0.71874875 0.59929522],3,3,"[0.6601234827680622, 0.6109507568947781]",1,-1
32140,[0.74755873 0.55780589],2,-1,-1,1,-1
32141,[0.33482631 0.15633371],1,2,"[0.294379027732062, 0.1921773781634303]",0,0
32142,[0.66518043 0.68602122],3,-1,-1,1,-1
32143,[0.64381352 0.61409926],3,3,"[0.6601234827680622, 0.6109507568947781]",1,-1
32144,[0.22026165 0.16467982],1,-1,-1,0,0
32145,[0.35368346 0.64227907],0,-1,-1,1,-1
32146,[0.43827116 0.18156685],1,-1,-1,0,0
32147,[0.77125839 0.57207697],2,-1,-1,1,-1
32148,[0.76817096 0.66330755],2,0,"[0.7890750777399501, 0.6799557517006445]",1,3
32149,[0.25519141 0.20335444],1,2,"[0.294379027732062, 0.1921773781634303]",0,0
32150,[0.45976393 0.53688401],0,-1,-1,1,-1
32151,[0.64602285 0.61176879],3,3,"[0.6601234827680622, 0.6109507568947781]",1,6
32152,[0.22144249 0.22335802],1,-1,-1,0,0
32153,[0.43003301 0.55230646],0,1,"[0.37965276877051146, 0.575157747726818]",1,-1
32154,[0.33096804 0.13333653],1,2,"[0.294379027732062, 0.1921773781634303]",0,0
32155,[0.31361845 0.23173625],1,2,"[0.294379027732062, 0.1921773781634303]",0,0
32156,[0.71617572 0.58128677],3,3,"[0.6601234827680622, 0.6109507568947781]",1,-1
32157,[0.34729315 0.55063966],0,1,"[0.37965276877051146, 0.575157747726818]",1,-1
32158,[0.33764364 0.5095022 ],0,-1,-1,1,-1
32159,[0.26503604 0.6186533 ],0,-1,-1,1,-1
32160,[0.63053618 0.73402688],3,-1,-1,1,-1
32161,[0.31646543 0.12999188],1,2,"[0.294379027732062, 0.1921773781634303]",0,0
32162,[0.81378133 0.67481318],2,0,"[0.7890750777399501, 0.6799557517006445]",1,-1
32163,[0.43453025 0.62766009],0,-1,-1,1,-1
32164,[0.60086313 0.5858593 ],3,3,"[0.6601234827680622, 0.6109507568947781]",1,-1
32165,[0.41572264 0.63048636],0,1,"[0.37965276877051146, 0.575157747726818]",1,-1
32166,[0.76739056 0.57747624],3,-1,-1,1,-1
32167,[0.85464007 0.65850193],2,0,"[0.7890750777399501, 0.6799557517006445]",1,-1
32168,[0.32789666 0.21929576],1,2,"[0.294379027732062, 0.1921773781634303]",0,0
32169,[0.29950971 0.17329325],1,2,"[0.294379027732062, 0.1921773781634303]",0,0
32170,[0.83445105 0.63099469],2,0,"[0.7890750777399501, 0.6799557517006445]",1,-1
32171,[0.60997762 0.54557903],3,-1,-1,1,-1
32172,[0.24904223 0.28057655],1,-1,-1,0,0
32173,[0.49490273 0.65536152],0,-1,-1,1,-1
32174,[0.59162866 0.66567075],3,-1,-1,1,-1
32175,[0.40965403 0.55530812],0,1,"[0.37965276877051146, 0.575157747726818]",1,-1
32176,[0.72760872 0.74617828],3,-1,-1,1,-1
32177,[0.83824918 0.66566785],2,0,"[0.7890750777399501, 0.6799557517006445]",1,-1
32178,[0.32367431 0.57918417],0,1,"[0.37965276877051146, 0.575157747726818]",1,-1
32179,[0.76457943 0.6756902 ],2,0,"[0.7890750777399501, 0.6799557517006445]",1,-1
32180,[0.78493905 0.59394091],2,-1,-1,1,-1
32181,[0.3800487  0.64274584],0,1,"[0.37965276877051146, 0.575157747726818]",1,-1
32182,[0.66384958 0.62719816],3,3,"[0.6601234827680622, 0.6109507568947781]",1,7
32183,[0.37289308 0.55525457],0,1,"[0.37965276877051146, 0.575157747726818]",1,-1
32184,[0.27184542 0.17023223],1,2,"[0.294379027732062, 0.1921773781634303]",0,0
32185,[0.7324073 0.6733531],3,0,"[0.7890750777399501, 0.6799557517006445]",1,-1
32186,[0.63311385 0.67990226],3,-1,-1,1,-1
32187,[0.25395206 0.22128151],1,2,"[0.294379027732062, 0.1921773781634303]",0,0
32188,[0.80926325 0.62051176],2,0,"[0.7890750777399501, 0.6799557517006445]",1,-1
32189,[0.7394847  0.60556855],3,-1,-1,1,-1
32190,[0.33115238 0.25290458],1,-1,-1,0,0
32191,[0.8147577  0.65639458],2,0,"[0.7890750777399501, 0.6799557517006445]",1,-1
32192,[0.27814515 0.20543622],1,2,"[0.294379027732062, 0.1921773781634303]",0,0
32193,[0.73063959 0.69953586],2,0,"[0.7890750777399501, 0.6799557517006445]",1,-1
32194,[0.68222713 0.66123656],3,3,"[0.6601234827680622, 0.6109507568947781]",1,-1
32195,[0.29389376 0.25630064],1,2,"[0.294379027732062, 0.1921773781634303]",0,0
32196,[0.27670917 0.22219412],1,2,"[0.294379027732062, 0.1921773781634303]",0,0
32197,[0.69381863 0.65906228],2,3,"[0.6601234827680622, 0.6109507568947781]",1,-1
32198,[0.64651745 0.59531122],3,3,"[0.6601234827680622, 0.6109507568947781]",1,-1
32199,[0.70396982 0.64238432],3,3,"[0.6601234827680622, 0.6109507568947781]",1,-1
32200,[0.33332411 0.17641089],1,2,"[0.294379027732062, 0.1921773781634303]",0,0
32201,[0.81654311 0.7142128 ],2,0,"[0.7890750777399501, 0.6799557517006445]",1,-1
32202,[0.7525427  0.66723846],3,0,"[0.7890750777399501, 0.6799557517006445]",1,-1
32203,[0.75599092 0.67066037],2,0,"[0.7890750777399501, 0.6799557517006445]",1,-1
32204,[0.2999297  0.07001229],1,-1,-1,0,0
32205,[0.72320713 0.57058866],3,-1,-1,1,-1
32206,[0.78242329 0.72322176],2,0,"[0.7890750777399501, 0.6799557517006445]",1,-1
32207,[0.62162722 0.56002821],3,3,"[0.6601234827680622, 0.6109507568947781]",1,-1
32208,[0.45380711 0.5919808 ],0,-1,-1,1,-1
32209,[0.36331917 0.50442542],0,-1,-1,1,-1
32210,[0.77307996 0.76661322],2,-1,-1,1,-1
32211,[0.26886664 0.23746335],1,2,"[0.294379027732062, 0.1921773781634303]",0,0
32212,[0.42830126 0.69756054],0,-1,-1,1,-1
32213,[0.84602496 0.7314003 ],2,-1,-1,1,-1
32214,[0.61026319 0.63728128],3,3,"[0.6601234827680622, 0.6109507568947781]",1,-1
32215,[0.41340127 0.13096698],1,-1,-1,0,0
32216,[0.32662653 0.60659506],0,1,"[0.37965276877051146, 0.575157747726818]",1,-1
32217,[0.75865856 0.61805027],2,0,"[0.7890750777399501, 0.6799557517006445]",1,-1
32218,[0.78677179 0.64945932],2,0,"[0.7890750777399501, 0.6799557517006445]",1,-1
32219,[0.74496438 0.60292473],2,-1,-1,1,-1
32220,[0.42750149 0.57515855],0,1,"[0.37965276877051146, 0.575157747726818]",1,-1
32221,[0.39624923 0.17164485],1,-1,-1,0,0
32222,[0.27687681 0.12904364],1,2,"[0.294379027732062, 0.1921773781634303]",0,0
32223,[0.34012448 0.58057175],0,1,"[0.37965276877051146, 0.575157747726818]",1,-1
32224,[0.76950075 0.6268312 ],2,0,"[0.7890750777399501, 0.6799557517006445]",1,-1
32225,[0.68735754 0.60888901],3,3,"[0.6601234827680622, 0.6109507568947781]",1,5
32226,[0.69807463 0.60604191],3,3,"[0.6601234827680622, 0.6109507568947781]",1,-1
32227,[0.41619072 0.57763545],0,1,"[0.37965276877051146, 0.575157747726818]",1,-1
32228,[0.72316904 0.51633979],3,-1,-1,1,-1
32229,[0.84865551 0.68102761],2,0,"[0.7890750777399501, 0.6799557517006445]",1,-1
32230,[0.23544183 0.14448154],1,-1,-1,0,0
32231,[0.78196764 0.76648385],2,-1,-1,1,-1
32232,[0.3022087  0.16757556],1,2,"[0.294379027732062, 0.1921773781634303]",0,0
32233,[0.42372194 0.63556931],0,-1,-1,1,-1
32234,[0.26232445 0.1723474 ],1,2,"[0.294379027732062, 0.1921773781634303]",0,0
32235,[0.25777703 0.31050507],1,-1,-1,0,0
32236,[0.78046586 0.60073825],2,-1,-1,1,-1
32237,[0.79599677 0.7142461 ],2,0,"[0.7890750777399501, 0.6799557517006445]",1,-1
32238,[0.69924344 0.54251335],3,-1,-1,1,-1
32239,[0.24914929 0.19435421],1,2,"[0.294379027732062, 0.1921773781634303]",0,0
32240,[0.79810721 0.64339796],2,0,"[0.7890750777399501, 0.6799557517006445]",1,-1
32241,[0.71489525 0.70237218],2,-1,-1,1,-1
32242,[0.75172731 0.78128814],2,-1,-1,1,-1
32243,[0.58083436 0.63047578],3,-1,-1,1,-1
32244,[0.72264967 0.5503636 ],3,-1,-1,1,-1
32245,[0.71865199 0.66237748],2,-1,-1,1,-1
32246,[0.38262616 0.52660746],0,1,"[0.37965276877051146, 0.575157747726818]",1,-1
32247,[0.3273308 0.6278356],0,-1,-1,1,-1
32248,[0.39672276 0.67886475],0,-1,-1,1,-1
32249,[0.43894957 0.55224144],0,1,"[0.37965276877051146, 0.575157747726818]",1,-1
32250,[0.42489621 0.19051205],1,-1,-1,0,0
32251,[0.7499041  0.68337078],2,0,"[0.7890750777399501, 0.6799557517006445]",1,-1
32252,[0.2775414  0.55394656],0,-1,-1,1,-1
32253,[0.63972942 0.73069476],2,-1,-1,1,-1
32254,[0.62668666 0.71435299],3,-1,-1,1,-1
32255,[0.76127493 0.7428014 ],2,0,"[0.7890750777399501, 0.6799557517006445]",1,-1
32256,[0.52056763 0.56838965],0,-1,-1,1,-1
32257,[0.2532625  0.17509756],1,2,"[0.294379027732062, 0.1921773781634303]",0,0
32258,[0.79051066 0.61968808],2,0,"[0.7890750777399501, 0.6799557517006445]",1,-1
32259,[0.62630413 0.73624667],2,-1,-1,1,-1
32260,[0.34695571 0.17299087],1,2,"[0.294379027732062, 0.1921773781634303]",0,0
32261,[0.77451221 0.61466368],2,0,"[0.7890750777399501, 0.6799557517006445]",1,-1
32262,[0.8065542  0.65269847],2,0,"[0.7890750777399501, 0.6799557517006445]",1,-1
32263,[0.66103584 0.66033516],2,3,"[0.6601234827680622, 0.6109507568947781]",1,-1
32264,[0.37418307 0.60293328],0,1,"[0.37965276877051146, 0.575157747726818]",1,-1
32265,[0.68518762 0.69979994],3,-1,-1,1,-1
32266,[0.36165486 0.58685819],0,1,"[0.37965276877051146, 0.575157747726818]",1,-1
32267,[0.66856437 0.6368217 ],3,3,"[0.6601234827680622, 0.6109507568947781]",1,-1
32268,[0.83063512 0.72030696],2,0,"[0.7890750777399501, 0.6799557517006445]",1,-1
32269,[0.61704976 0.64127881],3,3,"[0.6601234827680622, 0.6109507568947781]",1,-1
32270,[0.27318891 0.18997925],1,2,"[0.294379027732062, 0.1921773781634303]",0,0
32271,[0.24550837 0.17356566],1,2,"[0.294379027732062, 0.1921773781634303]",0,0
32272,[0.40049255 0.50230775],0,-1,-1,1,-1
32273,[0.82126844 0.68853971],2,0,"[0.7890750777399501, 0.6799557517006445]",1,-1
32274,[0.33103688 0.60314411],0,1,"[0.37965276877051146, 0.575157747726818]",1,-1
32275,[0.3870176  0.51781722],0,1,"[0.37965276877051146, 0.575157747726818]",1,-1
32276,[0.82295504 0.61451526],2,-1,-1,1,-1
32277,[0.78666081 0.6521581 ],2,0,"[0.7890750777399501, 0.6799557517006445]",1,-1
32278,[0.32905944 0.50667277],0,-1,-1,1,-1
32279,[0.36339487 0.61030513],0,1,"[0.37965276877051146, 0.575157747726818]",1,-1
32280,[0.71628846 0.51615148],3,-1,-1,1,-1
32281,[0.77984243 0.62218915],2,0,"[0.7890750777399501, 0.6799557517006445]",1,-1
32282,[0.80705948 0.6357919 ],2,0,"[0.7890750777399501, 0.6799557517006445]",1,-1
32283,[0.8147944  0.69845553],2,0,"[0.7890750777399501, 0.6799557517006445]",1,-1
32284,[0.64331129 0.61599386],3,3,"[0.6601234827680622, 0.6109507568947781]",1,-1
32285,[0.87095653 0.64701568],2,-1,-1,1,-1
32286,[0.26572397 0.1992194 ],1,2,"[0.294379027732062, 0.1921773781634303]",0,0
32287,[0.72335694 0.6862603 ],2,0,"[0.7890750777399501, 0.6799557517006445]",1,-1
32288,[0.76534246 0.67265996],2,0,"[0.7890750777399501, 0.6799557517006445]",1,-1
32289,[0.31685018 0.16067724],1,2,"[0.294379027732062, 0.1921773781634303]",0,0
32290,[0.30307384 0.21838988],1,2,"[0.294379027732062, 0.1921773781634303]",0,0
32291,[0.31262367 0.13656351],1,2,"[0.294379027732062, 0.1921773781634303]",0,0
32292,[0.58864335 0.56072267],3,-1,-1,1,-1
32293,[0.81812976 0.67049275],2,0,"[0.7890750777399501, 0.6799557517006445]",1,-1
32294,[0.7047021  0.73375706],2,-1,-1,1,-1
32295,[0.40750899 0.61680548],0,1,"[0.37965276877051146, 0.575157747726818]",1,-1
32296,[0.78717703 0.70517368],2,0,"[0.7890750777399501, 0.6799557517006445]",1,-1
32297,[0.2899284  0.14556275],1,2,"[0.294379027732062, 0.1921773781634303]",0,0
32298,[0.75533906 0.66125282],2,0,"[0.7890750777399501, 0.6799557517006445]",1,3
32299,[0.78290438 0.68958142],2,0,"[0.7890750777399501, 0.6799557517006445]",1,-1
32300,[0.46723414 0.64641756],0,-1,-1,1,-1
32301,[0.77285169 0.61073972],2,-1,-1,1,-1
32302,[0.57939018 0.63202769],3,-1,-1,1,-1
32303,[0.72029511 0.58375747],3,3,"[0.6601234827680622, 0.6109507568947781]",1,-1
32304,[0.40293895 0.58368803],0,1,"[0.37965276877051146, 0.575157747726818]",1,-1
32305,[0.29300045 0.26182833],1,2,"[0.294379027732062, 0.1921773781634303]",0,0
32306,[0.62597143 0.60860176],3,3,"[0.6601234827680622, 0.6109507568947781]",1,-1
32307,[0.81101803 0.71474275],2,0,"[0.7890750777399501, 0.6799557517006445]",1,-1
32308,[0.37404251 0.58374168],0,1,"[0.37965276877051146, 0.575157747726818]",1,1
32309,[0.30436751 0.19248908],1,2,"[0.294379027732062, 0.1921773781634303]",0,0
32310,[0.84603632 0.59248606],2,-1,-1,1,-1
32311,[0.66390819 0.67288126],3,3,"[0.6601234827680622, 0.6109507568947781]",1,-1
32312,[0.31100163 0.2561346 ],1,2,"[0.294379027732062, 0.1921773781634303]",0,0
32313,[0.77937187 0.68423038],2,0,"[0.7890750777399501, 0.6799557517006445]",1,4
32314,[0.17541805 0.29089516],1,-1,-1,0,0
32315,[0.37604493 0.47752804],0,-1,-1,1,-1
32316,[0.63522062 0.6765155 ],3,-1,-1,1,-1
32317,[0.82559652 0.65457443],2,0,"[0.7890750777399501, 0.6799557517006445]",1,-1
32318,[0.41006189 0.51214826],0,1,"[0.37965276877051146, 0.575157747726818]",1,-1
32319,[0.64824868 0.58803448],3,3,"[0.6601234827680622, 0.6109507568947781]",1,-1
32320,[0.70369553 0.56318281],3,3,"[0.6601234827680622, 0.6109507568947781]",1,-1
32321,[0.72578474 0.5979919 ],3,3,"[0.6601234827680622, 0.6109507568947781]",1,-1
32322,[0.34598348 0.63754149],0,-1,-1,1,-1
32323,[0.32799625 0.55076583],0,1,"[0.37965276877051146, 0.575157747726818]",1,-1
32324,[0.43366936 0.5151792 ],0,-1,-1,1,-1
32325,[0.68320059 0.55785961],3,3,"[0.6601234827680622, 0.6109507568947781]",1,-1
32326,[0.44122969 0.62301348],0,-1,-1,1,-1
32327,[0.74511214 0.69395506],2,0,"[0.7890750777399501, 0.6799557517006445]",1,-1
32328,[0.69244843 0.67151736],3,3,"[0.6601234827680622, 0.6109507568947781]",1,-1
32329,[0.3535171  0.19323203],1,2,"[0.294379027732062, 0.1921773781634303]",0,0
32330,[0.81387342 0.64107185],2,0,"[0.7890750777399501, 0.6799557517006445]",1,-1
32331,[0.70552275 0.67413483],2,-1,-1,1,-1
32332,[0.90299217 0.57867238],2,-1,-1,1,-1
32333,[0.69665135 0.59896606],2,3,"[0.6601234827680622, 0.6109507568947781]",1,-1
32334,[0.37981641 0.53602248],0,1,"[0.37965276877051146, 0.575157747726818]",1,-1
32335,[0.25161828 0.19568979],1,2,"[0.294379027732062, 0.1921773781634303]",0,0
32336,[0.40441829 0.60368223],0,1,"[0.37965276877051146, 0.575157747726818]",1,-1
32337,[0.34423255 0.18233806],1,2,"[0.294379027732062, 0.1921773781634303]",0,0
32338,[0.78592701 0.62656199],2,0,"[0.7890750777399501, 0.6799557517006445]",1,-1
32339,[0.69025017 0.56988526],3,3,"[0.6601234827680622, 0.6109507568947781]",1,-1
32340,[0.68057593 0.74144675],2,-1,-1,1,-1
32341,[0.80025249 0.69021475],2,0,"[0.7890750777399501, 0.6799557517006445]",1,-1
32342,[0.66070266 0.60190684],3,3,"[0.6601234827680622, 0.6109507568947781]",1,-1
32343,[0.77388165 0.62888139],3,0,"[0.7890750777399501, 0.6799557517006445]",1,-1
32344,[0.83854142 0.68015491],2,0,"[0.7890750777399501, 0.6799557517006445]",1,-1
32345,[0.83281069 0.72144724],2,0,"[0.7890750777399501, 0.6799557517006445]",1,-1
32346,[0.47405954 0.5908308 ],0,-1,-1,1,-1
32347,[0.63213977 0.62924387],3,3,"[0.6601234827680622, 0.6109507568947781]",1,-1
32348,[0.72602285 0.74866881],2,-1,-1,1,-1
32349,[0.36280174 0.2075606 ],1,-1,-1,0,0
32350,[0.25674682 0.1714788 ],1,2,"[0.294379027732062, 0.1921773781634303]",0,0
32351,[0.79202835 0.6781441 ],2,0,"[0.7890750777399501, 0.6799557517006445]",1,4
32352,[0.34140816 0.54561618],0,1,"[0.37965276877051146, 0.575157747726818]",1,-1
32353,[0.32388466 0.24192236],1,2,"[0.294379027732062, 0.1921773781634303]",0,0
32354,[0.34665344 0.55989407],0,1,"[0.37965276877051146, 0.575157747726818]",1,-1
32355,[0.81529648 0.63932182],2,0,"[0.7890750777399501, 0.6799557517006445]",1,-1
32356,[0.80941568 0.70588809],2,0,"[0.7890750777399501, 0.6799557517006445]",1,-1
32357,[0.1448415  0.20653271],1,-1,-1,0,0
32358,[0.3845494  0.61770702],0,1,"[0.37965276877051146, 0.575157747726818]",1,-1
32359,[0.35517388 0.19037901],1,2,"[0.294379027732062, 0.1921773781634303]",0,0
32360,[0.19130946 0.20128264],1,-1,-1,0,0
32361,[0.34847081 0.22248388],1,2,"[0.294379027732062, 0.1921773781634303]",0,0
32362,[0.69336905 0.6630001 ],3,3,"[0.6601234827680622, 0.6109507568947781]",1,-1
32363,[0.74172997 0.63408113],2,0,"[0.7890750777399501, 0.6799557517006445]",1,-1
32364,[0.74387689 0.5897466 ],2,-1,-1,1,-1
32365,[0.29181821 0.20262231],1,2,"[0.294379027732062, 0.1921773781634303]",0,0
32366,[0.85018768 0.68893466],2,0,"[0.7890750777399501, 0.6799557517006445]",1,-1
32367,[0.64258754 0.60226959],3,3,"[0.6601234827680622, 0.6109507568947781]",1,-1
32368,[0.9021022  0.72873433],2,-1,-1,1,-1
32369,[0.34407111 0.55642404],0,1,"[0.37965276877051146, 0.575157747726818]",1,-1
32370,[0.37625579 0.13080642],1,-1,-1,0,0
32371,[0.213315  0.1140903],1,-1,-1,0,0
32372,[0.2120293  0.19810888],1,-1,-1,0,0
32373,[0.32577642 0.56305322],0,1,"[0.37965276877051146, 0.575157747726818]",1,-1
32374,[0.26397211 0.17780807],1,2,"[0.294379027732062, 0.1921773781634303]",0,0
32375,[0.39036774 0.54631305],0,1,"[0.37965276877051146, 0.575157747726818]",1,-1
32376,[0.23166762 0.15398202],1,-1,-1,0,0
32377,[0.64522823 0.58145228],3,3,"[0.6601234827680622, 0.6109507568947781]",1,-1
32378,[0.45096708 0.58393804],0,-1,-1,1,-1
32379,[0.63563724 0.65654065],3,3,"[0.6601234827680622, 0.6109507568947781]",1,-1
32380,[0.36728482 0.50617781],0,-1,-1,1,-1
32381,[0.30206098 0.5177562 ],0,-1,-1,1,-1
32382,[0.28390061 0.28126331],1,-1,-1,0,0
32383,[0.46579298 0.66881788],0,-1,-1,1,-1
32384,[0.28831509 0.2367244 ],1,2,"[0.294379027732062, 0.1921773781634303]",0,0
32385,[0.66014758 0.65559901],3,3,"[0.6601234827680622, 0.6109507568947781]",1,-1
32386,[0.39437942 0.22564607],1,-1,-1,0,0
32387,[0.404773   0.54484663],0,1,"[0.37965276877051146, 0.575157747726818]",1,-1
32388,[0.3083185  0.14540976],1,2,"[0.294379027732062, 0.1921773781634303]",0,0
32389,[0.74077393 0.68387565],2,0,"[0.7890750777399501, 0.6799557517006445]",1,-1
32390,[0.61272978 0.64066476],3,3,"[0.6601234827680622, 0.6109507568947781]",1,-1
32391,[0.82002594 0.60082866],3,-1,-1,1,-1
32392,[0.59678698 0.61553121],3,3,"[0.6601234827680622, 0.6109507568947781]",1,-1
32393,[0.35601403 0.15327929],1,-1,-1,0,0
32394,[0.41808192 0.09931664],1,-1,-1,0,0
32395,[0.49726965 0.48119224],0,-1,-1,1,-1
32396,[0.7779936  0.80326544],2,-1,-1,1,-1
32397,[0.73798865 0.69191114],2,0,"[0.7890750777399501, 0.6799557517006445]",1,-1
32398,[0.32237479 0.22041941],1,2,"[0.294379027732062, 0.1921773781634303]",0,0
32399,[0.67365313 0.64292127],3,3,"[0.6601234827680622, 0.6109507568947781]",1,-1
32400,[0.23217238 0.2048763 ],1,2,"[0.294379027732062, 0.1921773781634303]",0,0
32401,[0.67921773 0.56289967],3,3,"[0.6601234827680622, 0.6109507568947781]",1,-1
32402,[0.86027501 0.6867522 ],2,-1,-1,1,-1
32403,[0.6542001  0.60348106],3,3,"[0.6601234827680622, 0.6109507568947781]",1,6
32404,[0.6520197  0.62388721],3,3,"[0.6601234827680622, 0.6109507568947781]",1,-1
32405,[0.63409411 0.54579912],3,-1,-1,1,-1
32406,[0.78411293 0.70635926],2,0,"[0.7890750777399501, 0.6799557517006445]",1,-1
32407,[0.6515828  0.61329706],3,3,"[0.6601234827680622, 0.6109507568947781]",1,6
32408,[0.79818587 0.66424644],2,0,"[0.7890750777399501, 0.6799557517006445]",1,-1
32409,[0.70045938 0.6373335 ],3,3,"[0.6601234827680622, 0.6109507568947781]",1,-1
32410,[0.43550817 0.50574691],0,-1,-1,1,-1
32411,[0.76974678 0.6805069 ],2,0,"[0.7890750777399501, 0.6799557517006445]",1,-1
32412,[0.347819   0.14774524],1,2,"[0.294379027732062, 0.1921773781634303]",0,0
32413,[0.7901538  0.68098018],2,0,"[0.7890750777399501, 0.6799557517006445]",1,4
32414,[0.75320183 0.61109837],2,-1,-1,1,-1
32415,[0.22683624 0.22364995],1,-1,-1,0,0
32416,[0.78438739 0.80206213],2,-1,-1,1,-1
32417,[0.31358664 0.24903372],1,2,"[0.294379027732062, 0.1921773781634303]",0,0
32418,[0.75416386 0.64340163],2,0,"[0.7890750777399501, 0.6799557517006445]",1,-1
32419,[0.44218368 0.59339539],0,1,"[0.37965276877051146, 0.575157747726818]",1,-1
32420,[0.75239042 0.63215406],3,0,"[0.7890750777399501, 0.6799557517006445]",1,-1
32421,[0.32649898 0.266517  ],1,-1,-1,0,0
32422,[0.26723798 0.19416984],1,2,"[0.294379027732062, 0.1921773781634303]",0,0
32423,[0.60022137 0.58734534],3,3,"[0.6601234827680622, 0.6109507568947781]",1,-1
32424,[0.84786016 0.60712404],2,-1,-1,1,-1
32425,[0.32805578 0.08006258],1,-1,-1,0,0
32426,[0.46466213 0.56492548],0,-1,-1,1,-1
32427,[0.43775855 0.60267744],0,1,"[0.37965276877051146, 0.575157747726818]",1,-1
32428,[0.83440748 0.69292303],2,0,"[0.7890750777399501, 0.6799557517006445]",1,-1
32429,[0.72800784 0.65147156],2,0,"[0.7890750777399501, 0.6799557517006445]",1,-1
32430,[0.69243343 0.66462   ],3,3,"[0.6601234827680622, 0.6109507568947781]",1,-1
32431,[0.80119152 0.73017966],2,0,"[0.7890750777399501, 0.6799557517006445]",1,-1
32432,[0.77300277 0.69397194],2,0,"[0.7890750777399501, 0.6799557517006445]",1,-1
32433,[0.69030578 0.59404314],3,3,"[0.6601234827680622, 0.6109507568947781]",1,-1
32434,[0.69877253 0.61388608],2,3,"[0.6601234827680622, 0.6109507568947781]",1,-1
32435,[0.38504239 0.56678417],0,1,"[0.37965276877051146, 0.575157747726818]",1,-1
32436,[0.25747025 0.13183164],1,-1,-1,0,0
32437,[0.68930773 0.54779811],3,3,"[0.6601234827680622, 0.6109507568947781]",1,-1
32438,[0.74427511 0.61544548],3,-1,-1,1,-1
32439,[0.75925122 0.71341957],2,0,"[0.7890750777399501, 0.6799557517006445]",1,-1
32440,[0.86281228 0.66865264],2,-1,-1,1,-1
32441,[0.72758913 0.61009619],2,3,"[0.6601234827680622, 0.6109507568947781]",1,-1
32442,[0.30381227 0.25488065],1,2,"[0.294379027732062, 0.1921773781634303]",0,0
32443,[0.67868595 0.63144559],2,3,"[0.6601234827680622, 0.6109507568947781]",1,-1
32444,[0.28539457 0.15260211],1,2,"[0.294379027732062, 0.1921773781634303]",0,0
32445,[0.34007167 0.5667181 ],0,1,"[0.37965276877051146, 0.575157747726818]",1,-1
32446,[0.66972906 0.54456849],3,3,"[0.6601234827680622, 0.6109507568947781]",1,-1
32447,[0.32946441 0.16739599],1,2,"[0.294379027732062, 0.1921773781634303]",0,0
32448,[0.7848511 0.5524932],3,-1,-1,1,-1
32449,[0.24659507 0.17389943],1,2,"[0.294379027732062, 0.1921773781634303]",0,0
32450,[0.73451608 0.5856059 ],3,-1,-1,1,-1
32451,[0.3004871 0.1927698],1,2,"[0.294379027732062, 0.1921773781634303]",0,0
32452,[0.30103844 0.21649305],1,2,"[0.294379027732062, 0.1921773781634303]",0,0
32453,[0.64441549 0.7115487 ],3,-1,-1,1,-1
32454,[0.70865382 0.65795328],3,3,"[0.6601234827680622, 0.6109507568947781]",1,-1
32455,[0.29745781 0.20187077],1,2,"[0.294379027732062, 0.1921773781634303]",0,0
32456,[0.80898568 0.65936397],2,0,"[0.7890750777399501, 0.6799557517006445]",1,-1
32457,[0.25975707 0.24163692],1,2,"[0.294379027732062, 0.1921773781634303]",0,0
32458,[0.71014415 0.6879202 ],2,-1,-1,1,-1
32459,[0.70517859 0.50273637],3,-1,-1,1,-1
32460,[0.34544241 0.18123697],1,2,"[0.294379027732062, 0.1921773781634303]",0,0
32461,[0.34705619 0.61528412],0,1,"[0.37965276877051146, 0.575157747726818]",1,-1
32462,[0.77957225 0.70160377],2,0,"[0.7890750777399501, 0.6799557517006445]",1,-1
32463,[0.29831054 0.22620978],1,2,"[0.294379027732062, 0.1921773781634303]",0,0
32464,[0.39701935 0.4433815 ],0,-1,-1,1,-1
32465,[0.34644208 0.51563137],0,1,"[0.37965276877051146, 0.575157747726818]",1,-1
32466,[0.29735087 0.23568214],1,2,"[0.294379027732062, 0.1921773781634303]",0,0
32467,[0.25283378 0.25659951],1,-1,-1,0,0
32468,[0.29197256 0.15819376],1,2,"[0.294379027732062, 0.1921773781634303]",0,0
32469,[0.3725218  0.10243406],1,-1,-1,0,0
32470,[0.34981726 0.08923636],1,-1,-1,0,0
32471,[0.78662662 0.71875732],2,0,"[0.7890750777399501, 0.6799557517006445]",1,-1
32472,[0.69151199 0.56565416],3,3,"[0.6601234827680622, 0.6109507568947781]",1,-1
32473,[0.31094628 0.15584676],1,2,"[0.294379027732062, 0.1921773781634303]",0,0
32474,[0.18456725 0.22419892],1,-1,-1,0,0
32475,[0.38728552 0.52118599],0,1,"[0.37965276877051146, 0.575157747726818]",1,-1
32476,[0.77357912 0.70097841],2,0,"[0.7890750777399501, 0.6799557517006445]",1,-1
32477,[0.65693235 0.51368122],3,-1,-1,1,-1
32478,[0.32646644 0.17253283],1,2,"[0.294379027732062, 0.1921773781634303]",0,0
32479,[0.70271075 0.62539091],3,3,"[0.6601234827680622, 0.6109507568947781]",1,-1
32480,[0.68564982 0.66989791],3,3,"[0.6601234827680622, 0.6109507568947781]",1,-1
32481,[0.28824019 0.57885672],0,-1,-1,1,-1
32482,[0.40265788 0.56554196],0,1,"[0.37965276877051146, 0.575157747726818]",1,2
32483,[0.44865983 0.6553983 ],0,-1,-1,1,-1
32484,[0.7551558  0.73674441],2,0,"[0.7890750777399501, 0.6799557517006445]",1,-1
32485,[0.27074327 0.22664865],1,2,"[0.294379027732062, 0.1921773781634303]",0,0
32486,[0.32408516 0.58879766],0,1,"[0.37965276877051146, 0.575157747726818]",1,-1
32487,[0.7782324  0.66103267],3,0,"[0.7890750777399501, 0.6799557517006445]",1,3
32488,[0.23339356 0.17886364],1,2,"[0.294379027732062, 0.1921773781634303]",0,0
32489,[0.80229164 0.6683549 ],2,0,"[0.7890750777399501, 0.6799557517006445]",1,4
32490,[0.32582412 0.15399585],1,2,"[0.294379027732062, 0.1921773781634303]",0,0
32491,[0.33793207 0.19448909],1,2,"[0.294379027732062, 0.1921773781634303]",0,0
32492,[0.32834316 0.63521269],0,-1,-1,1,-1
32493,[0.3138076  0.16021217],1,2,"[0.294379027732062, 0.1921773781634303]",0,0
32494,[0.43119334 0.5596088 ],0,1,"[0.37965276877051146, 0.575157747726818]",1,-1
32495,[0.7082036  0.59497549],3,3,"[0.6601234827680622, 0.6109507568947781]",1,-1
32496,[0.68630223 0.56045154],3,3,"[0.6601234827680622, 0.6109507568947781]",1,-1
32497,[0.7542152  0.59751369],2,-1,-1,1,-1
32498,[0.76253612 0.80718156],2,-1,-1,1,-1
32499,[0.36402468 0.17016059],1,-1,-1,0,0
32500,[0.35928082 0.50752732],0,-1,-1,1,-1
32501,[0.30749391 0.2146104 ],1,2,"[0.294379027732062, 0.1921773781634303]",0,0
32502,[0.38151746 0.58787688],0,1,"[0.37965276877051146, 0.575157747726818]",1,-1
32503,[0.82414207 0.56677211],2,-1,-1,1,-1
32504,[0.83690056 0.76710116],2,-1,-1,1,-1
32505,[0.77060606 0.65741596],2,0,"[0.7890750777399501, 0.6799557517006445]",1,3
32506,[0.70060701 0.64504811],3,3,"[0.6601234827680622, 0.6109507568947781]",1,-1
32507,[0.67169482 0.73894762],2,-1,-1,1,-1
32508,[0.57554333 0.63968891],3,-1,-1,1,-1
32509,[0.66211036 0.63627641],3,3,"[0.6601234827680622, 0.6109507568947781]",1,-1
32510,[0.82738813 0.69328071],2,0,"[0.7890750777399501, 0.6799557517006445]",1,-1
32511,[0.35057564 0.50407659],0,-1,-1,1,-1
32512,[0.73093104 0.77907362],2,-1,-1,1,-1
32513,[0.43185245 0.63848271],0,-1,-1,1,-1
32514,[0.75964317 0.70120842],2,0,"[0.7890750777399501, 0.6799557517006445]",1,-1
32515,[0.64423617 0.64501197],3,3,"[0.6601234827680622, 0.6109507568947781]",1,-1
32516,[0.30898622 0.57648695],0,-1,-1,1,-1
32517,[0.59502216 0.59726809],3,3,"[0.6601234827680622, 0.6109507568947781]",1,-1
32518,[0.68783086 0.59868403],2,3,"[0.6601234827680622, 0.6109507568947781]",1,5
32519,[0.43201344 0.21510716],1,-1,-1,0,0
32520,[0.26991946 0.55914277],0,-1,-1,1,-1
32521,[0.57916252 0.58564402],3,-1,-1,1,-1
32522,[0.89297375 0.71219621],2,-1,-1,1,-1
32523,[0.82198457 0.72503474],2,0,"[0.7890750777399501, 0.6799557517006445]",1,-1
32524,[0.63467409 0.64730993],3,3,"[0.6601234827680622, 0.6109507568947781]",1,-1
32525,[0.29414643 0.16270378],1,2,"[0.294379027732062, 0.1921773781634303]",0,0
32526,[0.31469289 0.13966946],1,2,"[0.294379027732062, 0.1921773781634303]",0,0
32527,[0.75052479 0.64578122],2,0,"[0.7890750777399501, 0.6799557517006445]",1,-1
32528,[0.79771394 0.60435079],2,-1,-1,1,-1
32529,[0.36665079 0.50360777],0,-1,-1,1,-1
32530,[0.60967628 0.62375961],3,3,"[0.6601234827680622, 0.6109507568947781]",1,-1
32531,[0.74428644 0.71417606],2,0,"[0.7890750777399501, 0.6799557517006445]",1,-1
32532,[0.36547577 0.58639488],0,1,"[0.37965276877051146, 0.575157747726818]",1,-1
32533,[0.46207095 0.55834099],0,-1,-1,1,-1
32534,[0.64497127 0.65112521],3,3,"[0.6601234827680622, 0.6109507568947781]",1,-1
32535,[0.62805707 0.56279381],3,3,"[0.6601234827680622, 0.6109507568947781]",1,-1
32536,[0.31691145 0.15987807],1,2,"[0.294379027732062, 0.1921773781634303]",0,0
32537,[0.56149451 0.58031084],3,-1,-1,1,-1
32538,[0.66168357 0.71948626],2,-1,-1,1,-1
32539,[0.45555377 0.61623349],0,-1,-1,1,-1
32540,[0.4232185  0.51055672],0,-1,-1,1,-1
32541,[0.68269307 0.73256984],2,-1,-1,1,-1
32542,[0.77061011 0.64836439],2,0,"[0.7890750777399501, 0.6799557517006445]",1,-1
32543,[0.32000898 0.52555001],0,-1,-1,1,-1
32544,[0.31854377 0.21201354],1,2,"[0.294379027732062, 0.1921773781634303]",0,0
32545,[0.77475059 0.66605654],2,0,"[0.7890750777399501, 0.6799557517006445]",1,-1
32546,[0.65624433 0.64415444],3,3,"[0.6601234827680622, 0.6109507568947781]",1,-1
32547,[0.72946403 0.67385743],3,0,"[0.7890750777399501, 0.6799557517006445]",1,-1
32548,[0.73525695 0.69548572],3,0,"[0.7890750777399501, 0.6799557517006445]",1,-1
32549,[0.41329349 0.5549047 ],0,1,"[0.37965276877051146, 0.575157747726818]",1,-1
32550,[0.70190529 0.59545918],3,3,"[0.6601234827680622, 0.6109507568947781]",1,-1
32551,[0.26788308 0.19968783],1,2,"[0.294379027732062, 0.1921773781634303]",0,0
32552,[0.75044364 0.64633815],2,0,"[0.7890750777399501, 0.6799557517006445]",1,-1
32553,[0.24459067 0.26295088],1,-1,-1,0,0
32554,[0.7000016  0.48533072],3,-1,-1,1,-1
32555,[0.33617923 0.15569949],1,2,"[0.294379027732062, 0.1921773781634303]",0,0
32556,[0.6523369  0.66106964],2,3,"[0.6601234827680622, 0.6109507568947781]",1,-1
32557,[0.6601805  0.67174155],3,3,"[0.6601234827680622, 0.6109507568947781]",1,-1
32558,[0.80576975 0.71472192],2,0,"[0.7890750777399501, 0.6799557517006445]",1,-1
32559,[0.43205434 0.58110184],0,1,"[0.37965276877051146, 0.575157747726818]",1,-1
32560,[0.82156424 0.78913966],2,-1,-1,1,-1
32561,[0.78978963 0.67169148],2,0,"[0.7890750777399501, 0.6799557517006445]",1,4
32562,[0.37099114 0.58073426],0,1,"[0.37965276877051146, 0.575157747726818]",1,1
32563,[0.68308428 0.60592317],2,3,"[0.6601234827680622, 0.6109507568947781]",1,5
32564,[0.39424299 0.17656201],1,-1,-1,0,0
32565,[0.35382752 0.53349452],0,1,"[0.37965276877051146, 0.575157747726818]",1,-1
32566,[0.32911941 0.56403062],0,1,"[0.37965276877051146, 0.575157747726818]",1,-1
32567,[0.66529901 0.70260414],3,-1,-1,1,-1
32568,[0.64837997 0.61428024],3,3,"[0.6601234827680622, 0.6109507568947781]",1,6
32569,[0.25741696 0.17877838],1,2,"[0.294379027732062, 0.1921773781634303]",0,0
32570,[0.63908901 0.60863564],3,3,"[0.6601234827680622, 0.6109507568947781]",1,-1
32571,[0.82503183 0.61041882],2,-1,-1,1,-1
32572,[0.25421295 0.2348233 ],1,2,"[0.294379027732062, 0.1921773781634303]",0,0
32573,[0.40703547 0.64777732],0,-1,-1,1,-1
32574,[0.7327363 0.7669426],2,-1,-1,1,-1
32575,[0.51114019 0.56390931],0,-1,-1,1,-1
32576,[0.79560046 0.71148522],2,0,"[0.7890750777399501, 0.6799557517006445]",1,-1
32577,[0.34319542 0.26751554],1,-1,-1,0,0
32578,[0.69369592 0.57691296],3,3,"[0.6601234827680622, 0.6109507568947781]",1,-1
32579,[0.69524967 0.54588276],3,-1,-1,1,-1
32580,[0.26491948 0.14802375],1,2,"[0.294379027732062, 0.1921773781634303]",0,0
32581,[0.26068603 0.18442847],1,2,"[0.294379027732062, 0.1921773781634303]",0,0
32582,[0.83120271 0.65577744],2,0,"[0.7890750777399501, 0.6799557517006445]",1,-1
32583,[0.27219403 0.13959568],1,2,"[0.294379027732062, 0.1921773781634303]",0,0
32584,[0.41169478 0.48902142],0,-1,-1,1,-1
32585,[0.44218104 0.5644209 ],0,1,"[0.37965276877051146, 0.575157747726818]",1,-1
32586,[0.35762132 0.21149793],1,2,"[0.294379027732062, 0.1921773781634303]",0,0
32587,[0.2684087  0.17280707],1,2,"[0.294379027732062, 0.1921773781634303]",0,0
32588,[0.36656348 0.55125998],0,1,"[0.37965276877051146, 0.575157747726818]",1,-1
32589,[0.25201216 0.2075092 ],1,2,"[0.294379027732062, 0.1921773781634303]",0,0
32590,[0.68673489 0.59277212],3,3,"[0.6601234827680622, 0.6109507568947781]",1,-1
32591,[0.25526866 0.16837446],1,2,"[0.294379027732062, 0.1921773781634303]",0,0
32592,[0.65859709 0.68378555],3,-1,-1,1,-1
32593,[0.33244501 0.27577465],1,-1,-1,0,0
32594,[0.38331392 0.63880335],0,1,"[0.37965276877051146, 0.575157747726818]",1,-1
32595,[0.33688662 0.20914522],1,2,"[0.294379027732062, 0.1921773781634303]",0,0
32596,[0.78819775 0.59830346],3,-1,-1,1,-1
32597,[0.35878084 0.55353923],0,1,"[0.37965276877051146, 0.575157747726818]",1,-1
32598,[0.66515371 0.68844043],3,-1,-1,1,-1
32599,[0.28260027 0.51494871],0,-1,-1,1,-1
32600,[0.76159789 0.66641014],2,0,"[0.7890750777399501, 0.6799557517006445]",1,-1
32601,[0.34588325 0.50285606],0,-1,-1,1,-1
32602,[0.83953714 0.60315222],2,-1,-1,1,-1
32603,[0.65869283 0.58274432],3,3,"[0.6601234827680622, 0.6109507568947781]",1,-1
32604,[0.41702871 0.56842134],0,1,"[0.37965276877051146, 0.575157747726818]",1,-1
32605,[0.38686827 0.31080762],1,-1,-1,0,0
32606,[0.79949999 0.74021932],2,0,"[0.7890750777399501, 0.6799557517006445]",1,-1
32607,[0.37389957 0.16367582],1,-1,-1,0,0
32608,[0.39459687 0.52594025],0,1,"[0.37965276877051146, 0.575157747726818]",1,-1
32609,[0.72646671 0.56891186],3,-1,-1,1,-1
32610,[0.70968968 0.5810495 ],3,3,"[0.6601234827680622, 0.6109507568947781]",1,-1
32611,[0.75703166 0.72675915],2,0,"[0.7890750777399501, 0.6799557517006445]",1,-1
32612,[0.33944134 0.61263141],0,1,"[0.37965276877051146, 0.575157747726818]",1,-1
32613,[0.31338262 0.15229408],1,2,"[0.294379027732062, 0.1921773781634303]",0,0
32614,[0.80719885 0.64337548],2,0,"[0.7890750777399501, 0.6799557517006445]",1,-1
32615,[0.46100116 0.49529049],0,-1,-1,1,-1
32616,[0.77663385 0.65678339],2,0,"[0.7890750777399501, 0.6799557517006445]",1,-1
32617,[0.34766591 0.57565958],0,1,"[0.37965276877051146, 0.575157747726818]",1,-1
32618,[0.77606888 0.69301712],2,0,"[0.7890750777399501, 0.6799557517006445]",1,-1
32619,[0.34066945 0.20127222],1,2,"[0.294379027732062, 0.1921773781634303]",0,0
32620,[0.42834155 0.55578819],0,1,"[0.37965276877051146, 0.575157747726818]",1,-1
32621,[0.69362321 0.54930585],3,-1,-1,1,-1
32622,[0.83109029 0.71826444],2,0,"[0.7890750777399501, 0.6799557517006445]",1,-1
32623,[0.42456064 0.53433189],0,1,"[0.37965276877051146, 0.575157747726818]",1,-1
32624,[0.76706145 0.70237357],2,0,"[0.7890750777399501, 0.6799557517006445]",1,-1
32625,[0.73762167 0.67144653],2,0,"[0.7890750777399501, 0.6799557517006445]",1,-1
32626,[0.20193026 0.15033066],1,-1,-1,0,0
32627,[0.36237574 0.64742275],0,-1,-1,1,-1
32628,[0.78988441 0.67432117],2,0,"[0.7890750777399501, 0.6799557517006445]",1,-1
32629,[0.82282686 0.63056208],2,0,"[0.7890750777399501, 0.6799557517006445]",1,-1
32630,[0.72551031 0.60368749],2,3,"[0.6601234827680622, 0.6109507568947781]",1,-1
32631,[0.7973082  0.83772408],2,-1,-1,1,-1
32632,[0.38862402 0.54874899],0,1,"[0.37965276877051146, 0.575157747726818]",1,-1
32633,[0.30003152 0.06510846],1,-1,-1,0,0
32634,[0.80350992 0.61900494],2,0,"[0.7890750777399501, 0.6799557517006445]",1,-1
32635,[0.34281058 0.6367715 ],0,-1,-1,1,-1
32636,[0.73355281 0.65728424],2,0,"[0.7890750777399501, 0.6799557517006445]",1,-1
32637,[0.71597904 0.60022002],3,3,"[0.6601234827680622, 0.6109507568947781]",1,-1
32638,[0.26879994 0.1512004 ],1,2,"[0.294379027732062, 0.1921773781634303]",0,0
32639,[0.30999558 0.63330214],0,-1,-1,1,-1
32640,[0.51808625 0.67601472],3,-1,-1,1,-1
32641,[0.65432363 0.65105551],3,3,"[0.6601234827680622, 0.6109507568947781]",1,-1
32642,[0.33148513 0.23038226],1,2,"[0.294379027732062, 0.1921773781634303]",0,0
32643,[0.70740201 0.64893794],3,3,"[0.6601234827680622, 0.6109507568947781]",1,-1
32644,[0.29673187 0.27549041],1,-1,-1,0,0
32645,[0.75035242 0.68230997],2,0,"[0.7890750777399501, 0.6799557517006445]",1,-1
32646,[0.65797188 0.52833479],3,-1,-1,1,-1
32647,[0.68032574 0.6532657 ],3,3,"[0.6601234827680622, 0.6109507568947781]",1,-1
32648,[0.3549666  0.58115495],0,1,"[0.37965276877051146, 0.575157747726818]",1,-1
32649,[0.33672483 0.55779746],0,1,"[0.37965276877051146, 0.575157747726818]",1,-1
32650,[0.40700696 0.62124197],0,1,"[0.37965276877051146, 0.575157747726818]",1,-1
32651,[0.34183351 0.51516556],0,-1,-1,1,-1
32652,[0.66747334 0.62342639],3,3,"[0.6601234827680622, 0.6109507568947781]",1,7
32653,[0.2534256  0.28019313],1,-1,-1,0,0
32654,[0.63058449 0.58965232],3,3,"[0.6601234827680622, 0.6109507568947781]",1,-1
32655,[0.78845475 0.63111523],2,0,"[0.7890750777399501, 0.6799557517006445]",1,-1
32656,[0.317239   0.22027943],1,2,"[0.294379027732062, 0.1921773781634303]",0,0
32657,[0.74792022 0.65107305],2,0,"[0.7890750777399501, 0.6799557517006445]",1,-1
32658,[0.40217324 0.53102972],0,1,"[0.37965276877051146, 0.575157747726818]",1,-1
32659,[0.79491589 0.81455256],2,-1,-1,1,-1
32660,[0.31041046 0.16593606],1,2,"[0.294379027732062, 0.1921773781634303]",0,0
32661,[0.42808753 0.64458417],0,-1,-1,1,-1
32662,[0.3017938  0.16806532],1,2,"[0.294379027732062, 0.1921773781634303]",0,0
32663,[0.79526839 0.77215629],2,-1,-1,1,-1
32664,[0.37839319 0.61703723],0,1,"[0.37965276877051146, 0.575157747726818]",1,-1
32665,[0.57708342 0.5246497 ],3,-1,-1,1,-1
32666,[0.37640969 0.65854955],0,-1,-1,1,-1
32667,[0.81170692 0.72464941],2,0,"[0.7890750777399501, 0.6799557517006445]",1,-1
32668,[0.29086134 0.25306929],1,2,"[0.294379027732062, 0.1921773781634303]",0,0
32669,[0.81377934 0.70622004],2,0,"[0.7890750777399501, 0.6799557517006445]",1,-1
32670,[0.79728098 0.73882787],2,0,"[0.7890750777399501, 0.6799557517006445]",1,-1
32671,[0.33961919 0.54375962],0,1,"[0.37965276877051146, 0.575157747726818]",1,-1
32672,[0.74415556 0.68977628],2,0,"[0.7890750777399501, 0.6799557517006445]",1,-1
32673,[0.78069706 0.60713683],2,-1,-1,1,-1
32674,[0.65708096 0.66892788],3,3,"[0.6601234827680622, 0.6109507568947781]",1,-1
32675,[0.76370856 0.57298514],2,-1,-1,1,-1
32676,[0.72492495 0.5366695 ],3,-1,-1,1,-1
32677,[0.40293376 0.59100577],0,1,"[0.37965276877051146, 0.575157747726818]",1,-1
32678,[0.30329788 0.59887235],0,-1,-1,1,-1
32679,[0.37935609 0.67649627],0,-1,-1,1,-1
32680,[0.78799682 0.64039771],2,0,"[0.7890750777399501, 0.6799557517006445]",1,-1
32681,[0.57243433 0.61328682],3,-1,-1,1,-1
32682,[0.83976845 0.69689903],2,0,"[0.7890750777399501, 0.6799557517006445]",1,-1
32683,[0.75610047 0.73034275],2,0,"[0.7890750777399501, 0.6799557517006445]",1,-1
32684,[0.42383455 0.56562262],0,1,"[0.37965276877051146, 0.575157747726818]",1,-1
32685,[0.84540589 0.61433001],2,-1,-1,1,-1
32686,[0.79014153 0.6663221 ],2,0,"[0.7890750777399501, 0.6799557517006445]",1,-1
32687,[0.66469788 0.55561642],3,3,"[0.6601234827680622, 0.6109507568947781]",1,-1
32688,[0.66645379 0.60606943],3,3,"[0.6601234827680622, 0.6109507568947781]",1,-1
32689,[0.64059194 0.52656493],3,-1,-1,1,-1
32690,[0.27563933 0.19272951],1,2,"[0.294379027732062, 0.1921773781634303]",0,0
32691,[0.86231865 0.73893983],2,-1,-1,1,-1
32692,[0.33631259 0.16207847],1,2,"[0.294379027732062, 0.1921773781634303]",0,0
32693,[0.76334428 0.75740994],2,-1,-1,1,-1
32694,[0.48150654 0.55181138],0,-1,-1,1,-1
32695,[0.3885853  0.49777355],0,-1,-1,1,-1
32696,[0.54667999 0.68642813],3,-1,-1,1,-1
32697,[0.82112769 0.68069693],2,0,"[0.7890750777399501, 0.6799557517006445]",1,-1
32698,[0.80604674 0.66990578],2,0,"[0.7890750777399501, 0.6799557517006445]",1,-1
32699,[0.69506012 0.61916236],3,3,"[0.6601234827680622, 0.6109507568947781]",1,-1
32700,[0.64295068 0.62050995],3,3,"[0.6601234827680622, 0.6109507568947781]",1,-1
32701,[0.88629219 0.66450466],2,-1,-1,1,-1
32702,[0.69639434 0.62887868],3,3,"[0.6601234827680622, 0.6109507568947781]",1,-1
32703,[0.26332281 0.15121449],1,2,"[0.294379027732062, 0.1921773781634303]",0,0
32704,[0.27603028 0.21181526],1,2,"[0.294379027732062, 0.1921773781634303]",0,0
32705,[0.26427579 0.33115778],1,-1,-1,0,0
32706,[0.71840428 0.66146864],2,-1,-1,1,-1
32707,[0.31511468 0.19865662],1,2,"[0.294379027732062, 0.1921773781634303]",0,0
32708,[0.38370062 0.18878741],1,-1,-1,0,0
32709,[0.37974363 0.56472487],0,1,"[0.37965276877051146, 0.575157747726818]",1,-1
32710,[0.7230207  0.67258564],3,0,"[0.7890750777399501, 0.6799557517006445]",1,-1
32711,[0.31364128 0.20776274],1,2,"[0.294379027732062, 0.1921773781634303]",0,0
32712,[0.75675248 0.71145757],2,0,"[0.7890750777399501, 0.6799557517006445]",1,-1
32713,[0.82287972 0.75243869],2,-1,-1,1,-1
32714,[0.68587408 0.60046302],3,3,"[0.6601234827680622, 0.6109507568947781]",1,5
32715,[0.63512789 0.60273094],3,3,"[0.6601234827680622, 0.6109507568947781]",1,-1
32716,[0.75895792 0.68786712],3,0,"[0.7890750777399501, 0.6799557517006445]",1,-1
32717,[0.74283109 0.56734354],3,-1,-1,1,-1
32718,[0.34577058 0.57504546],0,1,"[0.37965276877051146, 0.575157747726818]",1,-1
32719,[0.59291942 0.6060717 ],3,3,"[0.6601234827680622, 0.6109507568947781]",1,-1
32720,[0.68291272 0.64963393],2,3,"[0.6601234827680622, 0.6109507568947781]",1,-1
32721,[0.69143536 0.69917432],2,-1,-1,1,-1
32722,[0.40628749 0.52574588],0,1,"[0.37965276877051146, 0.575157747726818]",1,-1
32723,[0.28235105 0.20084094],1,2,"[0.294379027732062, 0.1921773781634303]",0,0
32724,[0.79074056 0.62577757],2,0,"[0.7890750777399501, 0.6799557517006445]",1,-1
32725,[0.34305753 0.51026451],0,-1,-1,1,-1
32726,[0.40726869 0.6508181 ],0,-1,-1,1,-1
32727,[0.31241692 0.63930013],0,-1,-1,1,-1
32728,[0.63203985 0.56872247],3,3,"[0.6601234827680622, 0.6109507568947781]",1,-1
32729,[0.31662086 0.20732987],1,2,"[0.294379027732062, 0.1921773781634303]",0,0
32730,[0.63129231 0.60659584],3,3,"[0.6601234827680622, 0.6109507568947781]",1,-1
32731,[0.64218283 0.65686741],3,3,"[0.6601234827680622, 0.6109507568947781]",1,-1
32732,[0.64795619 0.72388641],3,-1,-1,1,-1
32733,[0.31210315 0.16611888],1,2,"[0.294379027732062, 0.1921773781634303]",0,0
32734,[0.66515316 0.62109992],3,3,"[0.6601234827680622, 0.6109507568947781]",1,7
32735,[0.62712803 0.59201288],3,3,"[0.6601234827680622, 0.6109507568947781]",1,-1
32736,[0.7724742  0.64956357],2,0,"[0.7890750777399501, 0.6799557517006445]",1,-1
32737,[0.77658282 0.65001389],2,0,"[0.7890750777399501, 0.6799557517006445]",1,-1
32738,[0.35140369 0.25413952],1,-1,-1,0,0
32739,[0.73177688 0.58524344],3,-1,-1,1,-1
32740,[0.73281192 0.62175676],3,-1,-1,1,-1
32741,[0.40096271 0.49990454],0,-1,-1,1,-1
32742,[0.29642028 0.15511623],1,2,"[0.294379027732062, 0.1921773781634303]",0,0
32743,[0.37722633 0.52217053],0,1,"[0.37965276877051146, 0.575157747726818]",1,-1
32744,[0.45566259 0.64940163],0,-1,-1,1,-1
32745,[0.41513695 0.60075618],0,1,"[0.37965276877051146, 0.575157747726818]",1,-1
32746,[0.67355554 0.59623843],3,3,"[0.6601234827680622, 0.6109507568947781]",1,-1
32747,[0.81883611 0.78202363],2,-1,-1,1,-1
32748,[0.78324973 0.67815699],2,0,"[0.7890750777399501, 0.6799557517006445]",1,4
32749,[0.74779588 0.59426954],2,-1,-1,1,-1
32750,[0.74203853 0.67182494],2,0,"[0.7890750777399501, 0.6799557517006445]",1,-1
32751,[0.31830236 0.59273737],0,1,"[0.37965276877051146, 0.575157747726818]",1,-1
32752,[0.65546308 0.66341066],3,3,"[0.6601234827680622, 0.6109507568947781]",1,-1
32753,[0.78420529 0.65532929],2,0,"[0.7890750777399501, 0.6799557517006445]",1,-1
32754,[0.7526974  0.69797433],2,0,"[0.7890750777399501, 0.6799557517006445]",1,-1
32755,[0.19584961 0.23511539],1,-1,-1,0,0
32756,[0.42017132 0.56455297],0,1,"[0.37965276877051146, 0.575157747726818]",1,-1
32757,[0.70026736 0.62568497],3,3,"[0.6601234827680622, 0.6109507568947781]",1,-1
32758,[0.30881292 0.51345826],0,-1,-1,1,-1
32759,[0.64842122 0.61222286],3,3,"[0.6601234827680622, 0.6109507568947781]",1,6
32760,[0.44047509 0.50795378],0,-1,-1,1,-1
32761,[0.29449207 0.15502901],1,2,"[0.294379027732062, 0.1921773781634303]",0,0
32762,[0.60577721 0.63683332],3,3,"[0.6601234827680622, 0.6109507568947781]",1,-1
32763,[0.78697441 0.66701687],2,0,"[0.7890750777399501, 0.6799557517006445]",1,-1
32764,[0.23934234 0.236133  ],1,-1,-1,0,0
32765,[0.38130149 0.63038329],0,1,"[0.37965276877051146, 0.575157747726818]",1,-1
32766,[0.31759739 0.56532688],0,1,"[0.37965276877051146, 0.575157747726818]",1,-1
32767,[0.37761833 0.54549744],0,1,"[0.37965276877051146, 0.575157747726818]",1,-1
32768,[0.43326301 0.52018832],0,-1,-1,1,-1
32769,[0.73274245 0.59491973],3,-1,-1,1,-1
32770,[0.62629806 0.6067897 ],3,3,"[0.6601234827680622, 0.6109507568947781]",1,-1
32771,[0.73333638 0.65097755],2,0,"[0.7890750777399501, 0.6799557517006445]",1,-1
32772,[0.74457208 0.59122839],3,-1,-1,1,-1
32773,[0.36224983 0.58610272],0,1,"[0.37965276877051146, 0.575157747726818]",1,-1
32774,[0.86138145 0.63138915],2,-1,-1,1,-1
32775,[0.66561025 0.63568562],3,3,"[0.6601234827680622, 0.6109507568947781]",1,7
32776,[0.26342803 0.23499948],1,2,"[0.294379027732062, 0.1921773781634303]",0,0
32777,[0.69787421 0.62261087],3,3,"[0.6601234827680622, 0.6109507568947781]",1,-1
32778,[0.83366085 0.64980737],2,0,"[0.7890750777399501, 0.6799557517006445]",1,-1
32779,[0.46065228 0.5892775 ],0,-1,-1,1,-1
32780,[0.38371549 0.62895194],0,1,"[0.37965276877051146, 0.575157747726818]",1,-1
32781,[0.85229385 0.60980734],2,-1,-1,1,-1
32782,[0.23052346 0.22938661],1,-1,-1,0,0
32783,[0.34103256 0.22277062],1,2,"[0.294379027732062, 0.1921773781634303]",0,0
32784,[0.37198164 0.28827577],1,-1,-1,0,0
32785,[0.3484797  0.60125761],0,1,"[0.37965276877051146, 0.575157747726818]",1,-1
32786,[0.63553057 0.55210217],3,3,"[0.6601234827680622, 0.6109507568947781]",1,-1
32787,[0.72545048 0.60459616],3,3,"[0.6601234827680622, 0.6109507568947781]",1,-1
32788,[0.82781489 0.70114615],2,0,"[0.7890750777399501, 0.6799557517006445]",1,-1
32789,[0.66741346 0.66054178],2,3,"[0.6601234827680622, 0.6109507568947781]",1,-1
32790,[0.70564543 0.70600503],2,-1,-1,1,-1
32791,[0.27931514 0.22686229],1,2,"[0.294379027732062, 0.1921773781634303]",0,0
32792,[0.33445298 0.20419069],1,2,"[0.294379027732062, 0.1921773781634303]",0,0
32793,[0.81226712 0.74998245],2,-1,-1,1,-1
32794,[0.35397618 0.61031438],0,1,"[0.37965276877051146, 0.575157747726818]",1,-1
32795,[0.30158294 0.22542462],1,2,"[0.294379027732062, 0.1921773781634303]",0,0
32796,[0.76847086 0.65876915],2,0,"[0.7890750777399501, 0.6799557517006445]",1,-1
32797,[0.36556142 0.5903734 ],0,1,"[0.37965276877051146, 0.575157747726818]",1,-1
32798,[0.30873224 0.234004  ],1,2,"[0.294379027732062, 0.1921773781634303]",0,0
32799,[0.61077147 0.64502184],3,3,"[0.6601234827680622, 0.6109507568947781]",1,-1
32800,[0.80701551 0.63126642],2,0,"[0.7890750777399501, 0.6799557517006445]",1,-1
32801,[0.59525239 0.63182829],3,3,"[0.6601234827680622, 0.6109507568947781]",1,-1
32802,[0.72203524 0.65516128],3,-1,-1,1,-1
32803,[0.64584675 0.54078436],3,-1,-1,1,-1
32804,[0.64795411 0.66945709],3,3,"[0.6601234827680622, 0.6109507568947781]",1,-1
32805,[0.27977993 0.15689891],1,2,"[0.294379027732062, 0.1921773781634303]",0,0
32806,[0.83191696 0.64487001],2,0,"[0.7890750777399501, 0.6799557517006445]",1,-1
32807,[0.89408073 0.64779094],2,-1,-1,1,-1
32808,[0.71250497 0.71050439],2,-1,-1,1,-1
32809,[0.75378289 0.70558328],2,0,"[0.7890750777399501, 0.6799557517006445]",1,-1
32810,[0.79251147 0.69991369],2,0,"[0.7890750777399501, 0.6799557517006445]",1,-1
32811,[0.67228138 0.59366755],3,3,"[0.6601234827680622, 0.6109507568947781]",1,-1
32812,[0.71125375 0.59246376],2,3,"[0.6601234827680622, 0.6109507568947781]",1,-1
32813,[0.2007952  0.13912393],1,-1,-1,0,0
32814,[0.78174108 0.69262269],2,0,"[0.7890750777399501, 0.6799557517006445]",1,-1
32815,[0.31018162 0.55835251],0,-1,-1,1,-1
32816,[0.33268504 0.14905413],1,2,"[0.294379027732062, 0.1921773781634303]",0,0
32817,[0.46841711 0.5800369 ],0,-1,-1,1,-1
32818,[0.47438993 0.48852271],0,-1,-1,1,-1
32819,[0.3503151  0.60399977],0,1,"[0.37965276877051146, 0.575157747726818]",1,-1
32820,[0.23527044 0.24508561],1,-1,-1,0,0
32821,[0.3397913  0.17027486],1,2,"[0.294379027732062, 0.1921773781634303]",0,0
32822,[0.64173532 0.57058616],3,3,"[0.6601234827680622, 0.6109507568947781]",1,-1
32823,[0.58982538 0.65685365],3,-1,-1,1,-1
32824,[0.73111375 0.64262164],2,0,"[0.7890750777399501, 0.6799557517006445]",1,-1
32825,[0.67936502 0.57771476],3,3,"[0.6601234827680622, 0.6109507568947781]",1,-1
32826,[0.71447622 0.58547973],3,3,"[0.6601234827680622, 0.6109507568947781]",1,-1
32827,[0.34974817 0.6689699 ],0,-1,-1,1,-1
32828,[0.37099931 0.60104043],0,1,"[0.37965276877051146, 0.575157747726818]",1,-1
32829,[0.6791778  0.59359597],3,3,"[0.6601234827680622, 0.6109507568947781]",1,-1
32830,[0.38028788 0.20285672],1,-1,-1,0,0
32831,[0.79348468 0.78914714],2,-1,-1,1,-1
32832,[0.28476709 0.10947103],1,-1,-1,0,0
32833,[0.24456543 0.16489815],1,2,"[0.294379027732062, 0.1921773781634303]",0,0
32834,[0.7850597  0.67983594],2,0,"[0.7890750777399501, 0.6799557517006445]",1,-1
32835,[0.35833956 0.63308972],0,1,"[0.37965276877051146, 0.575157747726818]",1,-1
32836,[0.68221607 0.58782943],3,3,"[0.6601234827680622, 0.6109507568947781]",1,-1
32837,[0.36223477 0.27649035],1,-1,-1,0,0
32838,[0.83290337 0.76608966],2,-1,-1,1,-1
32839,[0.67912772 0.5731523 ],3,3,"[0.6601234827680622, 0.6109507568947781]",1,-1
32840,[0.35932101 0.63078105],0,1,"[0.37965276877051146, 0.575157747726818]",1,-1
32841,[0.74660623 0.65726554],2,0,"[0.7890750777399501, 0.6799557517006445]",1,-1
32842,[0.4167307 0.5689233],0,1,"[0.37965276877051146, 0.575157747726818]",1,-1
32843,[0.70575055 0.71551346],3,-1,-1,1,-1
32844,[0.3921743  0.54702532],0,1,"[0.37965276877051146, 0.575157747726818]",1,-1
32845,[0.25641928 0.1802401 ],1,2,"[0.294379027732062, 0.1921773781634303]",0,0
32846,[0.34544347 0.5497992 ],0,1,"[0.37965276877051146, 0.575157747726818]",1,-1
32847,[0.4481481 0.5067484],0,-1,-1,1,-1
32848,[0.82850396 0.61098735],2,-1,-1,1,-1
32849,[0.46598373 0.54514742],0,-1,-1,1,-1
32850,[0.31863464 0.62962425],0,-1,-1,1,-1
32851,[0.21055644 0.21493356],1,-1,-1,0,0
32852,[0.83141188 0.6871084 ],2,0,"[0.7890750777399501, 0.6799557517006445]",1,-1
32853,[0.85005706 0.58933857],2,-1,-1,1,-1
32854,[0.58575412 0.73982498],3,-1,-1,1,-1
32855,[0.38342457 0.57943466],0,1,"[0.37965276877051146, 0.575157747726818]",1,-1
32856,[0.29362761 0.52711141],0,-1,-1,1,-1
32857,[0.77785886 0.62237459],2,0,"[0.7890750777399501, 0.6799557517006445]",1,-1
32858,[0.57934592 0.65384614],3,-1,-1,1,-1
32859,[0.8144544  0.66517556],2,0,"[0.7890750777399501, 0.6799557517006445]",1,-1
32860,[0.61917589 0.64243488],3,3,"[0.6601234827680622, 0.6109507568947781]",1,-1
32861,[0.56017847 0.55959749],3,-1,-1,1,-1
32862,[0.55354126 0.59593768],3,-1,-1,1,-1
32863,[0.81373408 0.68988325],2,0,"[0.7890750777399501, 0.6799557517006445]",1,4
32864,[0.82987974 0.72776063],2,0,"[0.7890750777399501, 0.6799557517006445]",1,-1
32865,[0.34715608 0.63859271],0,-1,-1,1,-1
32866,[0.80953116 0.68516632],2,0,"[0.7890750777399501, 0.6799557517006445]",1,-1
32867,[0.78474953 0.61303261],2,0,"[0.7890750777399501, 0.6799557517006445]",1,-1
32868,[0.68251573 0.673161  ],3,3,"[0.6601234827680622, 0.6109507568947781]",1,-1
32869,[0.2020984  0.22250101],1,-1,-1,0,0
32870,[0.69770799 0.50984919],3,-1,-1,1,-1
32871,[0.38247919 0.16672429],1,-1,-1,0,0
32872,[0.73867746 0.65129479],2,0,"[0.7890750777399501, 0.6799557517006445]",1,-1
32873,[0.78643554 0.60386599],2,-1,-1,1,-1
32874,[0.81324585 0.6199929 ],2,0,"[0.7890750777399501, 0.6799557517006445]",1,-1
32875,[0.7261612  0.53651083],3,-1,-1,1,-1
32876,[0.64044004 0.67744113],3,3,"[0.6601234827680622, 0.6109507568947781]",1,-1
32877,[0.69350485 0.61457141],3,3,"[0.6601234827680622, 0.6109507568947781]",1,-1
32878,[0.71256312 0.66276764],3,-1,-1,1,-1
32879,[0.67519219 0.57424842],3,3,"[0.6601234827680622, 0.6109507568947781]",1,-1
32880,[0.80566995 0.67035093],2,0,"[0.7890750777399501, 0.6799557517006445]",1,4
32881,[0.84826092 0.64205759],2,-1,-1,1,-1
32882,[0.39073292 0.61163994],0,1,"[0.37965276877051146, 0.575157747726818]",1,-1
32883,[0.59493922 0.58973595],3,3,"[0.6601234827680622, 0.6109507568947781]",1,-1
32884,[0.82496989 0.71996965],2,0,"[0.7890750777399501, 0.6799557517006445]",1,-1
32885,[0.87935859 0.71729643],2,-1,-1,1,-1
32886,[0.37040906 0.5747485 ],0,1,"[0.37965276877051146, 0.575157747726818]",1,1
32887,[0.64125444 0.62477986],3,3,"[0.6601234827680622, 0.6109507568947781]",1,-1
32888,[0.69131009 0.62744792],3,3,"[0.6601234827680622, 0.6109507568947781]",1,7
32889,[0.73450592 0.64038064],3,0,"[0.7890750777399501, 0.6799557517006445]",1,-1
32890,[0.63480414 0.56589185],3,3,"[0.6601234827680622, 0.6109507568947781]",1,-1
32891,[0.25255552 0.23566992],1,2,"[0.294379027732062, 0.1921773781634303]",0,0
32892,[0.73158935 0.73256492],2,-1,-1,1,-1
32893,[0.31172788 0.20093766],1,2,"[0.294379027732062, 0.1921773781634303]",0,0
32894,[0.7754128  0.66191675],2,0,"[0.7890750777399501, 0.6799557517006445]",1,-1
32895,[0.75496328 0.52586604],3,-1,-1,1,-1
32896,[0.79289922 0.61037479],2,0,"[0.7890750777399501, 0.6799557517006445]",1,-1
32897,[0.81774894 0.70174659],2,0,"[0.7890750777399501, 0.6799557517006445]",1,-1
32898,[0.29111918 0.20181391],1,2,"[0.294379027732062, 0.1921773781634303]",0,0
32899,[0.65206109 0.61013961],3,3,"[0.6601234827680622, 0.6109507568947781]",1,6
32900,[0.66929398 0.57766026],3,3,"[0.6601234827680622, 0.6109507568947781]",1,-1
32901,[0.38691555 0.50020133],0,-1,-1,1,-1
32902,[0.41413052 0.55210404],0,1,"[0.37965276877051146, 0.575157747726818]",1,-1
32903,[0.76763361 0.65919859],2,0,"[0.7890750777399501, 0.6799557517006445]",1,-1
32904,[0.58066867 0.67539252],3,-1,-1,1,-1
32905,[0.87149243 0.70151993],2,-1,-1,1,-1
32906,[0.6499301  0.58019712],3,3,"[0.6601234827680622, 0.6109507568947781]",1,-1
32907,[0.70896035 0.62364249],2,3,"[0.6601234827680622, 0.6109507568947781]",1,-1
32908,[0.35462545 0.63566649],0,1,"[0.37965276877051146, 0.575157747726818]",1,-1
32909,[0.29966137 0.21775604],1,2,"[0.294379027732062, 0.1921773781634303]",0,0
32910,[0.37522363 0.49222502],0,-1,-1,1,-1
32911,[0.28917041 0.22663318],1,2,"[0.294379027732062, 0.1921773781634303]",0,0
32912,[0.23896436 0.16946014],1,2,"[0.294379027732062, 0.1921773781634303]",0,0
32913,[0.38991839 0.6211122 ],0,1,"[0.37965276877051146, 0.575157747726818]",1,-1
32914,[0.33969438 0.44257101],0,-1,-1,1,-1
32915,[0.3335108  0.59656192],0,1,"[0.37965276877051146, 0.575157747726818]",1,-1
32916,[0.28343739 0.21024854],1,2,"[0.294379027732062, 0.1921773781634303]",0,0
32917,[0.41171393 0.66705926],0,-1,-1,1,-1
32918,[0.25276262 0.16167643],1,2,"[0.294379027732062, 0.1921773781634303]",0,0
32919,[0.69103406 0.63850876],3,3,"[0.6601234827680622, 0.6109507568947781]",1,-1
32920,[0.64902965 0.58434968],3,3,"[0.6601234827680622, 0.6109507568947781]",1,-1
32921,[0.6015896  0.55512346],3,-1,-1,1,-1
32922,[0.31012516 0.6027197 ],0,-1,-1,1,-1
32923,[0.26308002 0.15957075],1,2,"[0.294379027732062, 0.1921773781634303]",0,0
32924,[0.6554447 0.5849019],3,3,"[0.6601234827680622, 0.6109507568947781]",1,-1
32925,[0.30964993 0.24739819],1,2,"[0.294379027732062, 0.1921773781634303]",0,0
32926,[0.56675665 0.57326382],3,-1,-1,1,-1
32927,[0.29049865 0.22426823],1,2,"[0.294379027732062, 0.1921773781634303]",0,0
32928,[0.70400582 0.67326046],3,-1,-1,1,-1
32929,[0.73116911 0.71051408],2,0,"[0.7890750777399501, 0.6799557517006445]",1,-1
32930,[0.87741009 0.67853218],2,-1,-1,1,-1
32931,[0.27908603 0.61018323],0,-1,-1,1,-1
32932,[0.34553954 0.56788818],0,1,"[0.37965276877051146, 0.575157747726818]",1,-1
32933,[0.65307876 0.61123184],3,3,"[0.6601234827680622, 0.6109507568947781]",1,-1
32934,[0.80622439 0.59704665],2,-1,-1,1,-1
32935,[0.3956792  0.59255362],0,1,"[0.37965276877051146, 0.575157747726818]",1,-1
32936,[0.68266645 0.59115249],3,3,"[0.6601234827680622, 0.6109507568947781]",1,-1
32937,[0.64866506 0.64979832],3,3,"[0.6601234827680622, 0.6109507568947781]",1,-1
32938,[0.44051508 0.57370266],0,1,"[0.37965276877051146, 0.575157747726818]",1,-1
32939,[0.30377099 0.15760309],1,2,"[0.294379027732062, 0.1921773781634303]",0,0
32940,[0.74874031 0.66108188],3,0,"[0.7890750777399501, 0.6799557517006445]",1,-1
32941,[0.29580532 0.18487994],1,2,"[0.294379027732062, 0.1921773781634303]",0,0
32942,[0.70062569 0.53213858],3,-1,-1,1,-1
32943,[0.6526543  0.58672884],3,3,"[0.6601234827680622, 0.6109507568947781]",1,-1
32944,[0.40078572 0.54834135],0,1,"[0.37965276877051146, 0.575157747726818]",1,-1
32945,[0.83568088 0.64572261],2,0,"[0.7890750777399501, 0.6799557517006445]",1,-1
32946,[0.78418577 0.68129441],2,0,"[0.7890750777399501, 0.6799557517006445]",1,4
32947,[0.6570198  0.54711239],3,3,"[0.6601234827680622, 0.6109507568947781]",1,-1
32948,[0.36625103 0.12837866],1,-1,-1,0,0
32949,[0.29637481 0.59068051],0,-1,-1,1,-1
32950,[0.65895202 0.54840564],3,3,"[0.6601234827680622, 0.6109507568947781]",1,-1
32951,[0.28421086 0.21262808],1,2,"[0.294379027732062, 0.1921773781634303]",0,0
32952,[0.69398009 0.63053863],3,3,"[0.6601234827680622, 0.6109507568947781]",1,-1
32953,[0.71672391 0.50871164],3,-1,-1,1,-1
32954,[0.79587129 0.66800208],3,0,"[0.7890750777399501, 0.6799557517006445]",1,4
32955,[0.78277273 0.51924495],3,-1,-1,1,-1
32956,[0.30185005 0.19808052],1,2,"[0.294379027732062, 0.1921773781634303]",0,0
32957,[0.41748618 0.50474285],0,-1,-1,1,-1
32958,[0.3677305  0.63927364],0,1,"[0.37965276877051146, 0.575157747726818]",1,-1
32959,[0.32107392 0.20311546],1,2,"[0.294379027732062, 0.1921773781634303]",0,0
32960,[0.24868765 0.18058797],1,2,"[0.294379027732062, 0.1921773781634303]",0,0
32961,[0.69380905 0.66332773],3,3,"[0.6601234827680622, 0.6109507568947781]",1,-1
32962,[0.67961728 0.56651083],3,3,"[0.6601234827680622, 0.6109507568947781]",1,-1
32963,[0.57553888 0.6389431 ],3,-1,-1,1,-1
32964,[0.28634716 0.15036497],1,2,"[0.294379027732062, 0.1921773781634303]",0,0
32965,[0.77442848 0.70052625],2,0,"[0.7890750777399501, 0.6799557517006445]",1,-1
32966,[0.26597996 0.25063634],1,2,"[0.294379027732062, 0.1921773781634303]",0,0
32967,[0.73613903 0.59638415],3,-1,-1,1,-1
32968,[0.57502318 0.60307408],3,-1,-1,1,-1
32969,[0.81646739 0.68343033],2,0,"[0.7890750777399501, 0.6799557517006445]",1,-1
32970,[0.28671956 0.24067266],1,2,"[0.294379027732062, 0.1921773781634303]",0,0
32971,[0.74873006 0.72021305],2,0,"[0.7890750777399501, 0.6799557517006445]",1,-1
32972,[0.2425827  0.27165105],1,-1,-1,0,0
32973,[0.34807187 0.15583285],1,2,"[0.294379027732062, 0.1921773781634303]",0,0
32974,[0.84821613 0.63377992],2,-1,-1,1,-1
32975,[0.32950486 0.59308689],0,1,"[0.37965276877051146, 0.575157747726818]",1,-1
32976,[0.40039539 0.68351949],0,-1,-1,1,-1
32977,[0.2591401 0.1531596],1,2,"[0.294379027732062, 0.1921773781634303]",0,0
32978,[0.33869037 0.5612777 ],0,1,"[0.37965276877051146, 0.575157747726818]",1,-1
32979,[0.77552843 0.66438911],2,0,"[0.7890750777399501, 0.6799557517006445]",1,-1
32980,[0.35643872 0.09063956],1,-1,-1,0,0
32981,[0.27182735 0.09093451],1,-1,-1,0,0
32982,[0.40766726 0.59518406],0,1,"[0.37965276877051146, 0.575157747726818]",1,-1
32983,[0.4399397  0.66219219],0,-1,-1,1,-1
32984,[0.60698575 0.60531642],3,3,"[0.6601234827680622, 0.6109507568947781]",1,-1
32985,[0.87076339 0.70968277],2,-1,-1,1,-1
32986,[0.53691551 0.56748967],3,-1,-1,1,-1
32987,[0.26404789 0.19033274],1,2,"[0.294379027732062, 0.1921773781634303]",0,0
32988,[0.73103224 0.54354139],3,-1,-1,1,-1
32989,[0.23036827 0.15019238],1,-1,-1,0,0
32990,[0.83157683 0.71414205],2,0,"[0.7890750777399501, 0.6799557517006445]",1,-1
32991,[0.3617469  0.58329162],0,1,"[0.37965276877051146, 0.575157747726818]",1,-1
32992,[0.65692114 0.72841577],3,-1,-1,1,-1
32993,[0.39081813 0.61140627],0,1,"[0.37965276877051146, 0.575157747726818]",1,-1
32994,[0.64994638 0.67756802],3,3,"[0.6601234827680622, 0.6109507568947781]",1,-1
32995,[0.80144238 0.62521685],2,0,"[0.7890750777399501, 0.6799557517006445]",1,-1
32996,[0.75930022 0.58262459],3,-1,-1,1,-1
32997,[0.81795558 0.68397159],2,0,"[0.7890750777399501, 0.6799557517006445]",1,-1
32998,[0.33096618 0.19774919],1,2,"[0.294379027732062, 0.1921773781634303]",0,0
32999,[0.27279566 0.17280927],1,2,"[0.294379027732062, 0.1921773781634303]",0,0
33000,[0.26546714 0.23460744],1,2,"[0.294379027732062, 0.1921773781634303]",0,0
33001,[0.34783641 0.65403683],0,-1,-1,1,-1
33002,[0.37203761 0.50495212],0,-1,-1,1,-1
33003,[0.69322496 0.63438   ],2,3,"[0.6601234827680622, 0.6109507568947781]",1,-1
33004,[0.85588902 0.64930585],2,-1,-1,1,-1
33005,[0.83044581 0.67978862],2,0,"[0.7890750777399501, 0.6799557517006445]",1,-1
33006,[0.44679298 0.60666626],0,-1,-1,1,-1
33007,[0.66143395 0.73578941],3,-1,-1,1,-1
33008,[0.39544627 0.66591435],0,-1,-1,1,-1
33009,[0.68881961 0.5989887 ],3,3,"[0.6601234827680622, 0.6109507568947781]",1,5
33010,[0.4000556  0.58303441],0,1,"[0.37965276877051146, 0.575157747726818]",1,-1
33011,[0.25763917 0.15164169],1,2,"[0.294379027732062, 0.1921773781634303]",0,0
33012,[0.78914393 0.62528575],2,0,"[0.7890750777399501, 0.6799557517006445]",1,-1
33013,[0.72362066 0.69123622],3,0,"[0.7890750777399501, 0.6799557517006445]",1,-1
33014,[0.45676294 0.60795465],0,-1,-1,1,-1
33015,[0.93026072 0.60823538],2,-1,-1,1,-1
33016,[0.2441615  0.20434842],1,2,"[0.294379027732062, 0.1921773781634303]",0,0
33017,[0.3344974  0.18310422],1,2,"[0.294379027732062, 0.1921773781634303]",0,0
33018,[0.68217652 0.63912909],3,3,"[0.6601234827680622, 0.6109507568947781]",1,-1
33019,[0.49377406 0.64173563],0,-1,-1,1,-1
33020,[0.30411608 0.55661123],0,-1,-1,1,-1
33021,[0.36123076 0.589105  ],0,1,"[0.37965276877051146, 0.575157747726818]",1,-1
33022,[0.29274521 0.28305129],1,-1,-1,0,0
33023,[0.60219368 0.59083734],3,3,"[0.6601234827680622, 0.6109507568947781]",1,-1
33024,[0.3962942  0.60849298],0,1,"[0.37965276877051146, 0.575157747726818]",1,-1
33025,[0.28250093 0.18401035],1,2,"[0.294379027732062, 0.1921773781634303]",0,0
33026,[0.7839033  0.63257987],2,0,"[0.7890750777399501, 0.6799557517006445]",1,-1
33027,[0.78248821 0.68334536],2,0,"[0.7890750777399501, 0.6799557517006445]",1,-1
33028,[0.66199103 0.59937608],3,3,"[0.6601234827680622, 0.6109507568947781]",1,-1
33029,[0.76964683 0.65099103],2,0,"[0.7890750777399501, 0.6799557517006445]",1,-1
33030,[0.3720114  0.54103689],0,1,"[0.37965276877051146, 0.575157747726818]",1,-1
33031,[0.26565989 0.23733364],1,2,"[0.294379027732062, 0.1921773781634303]",0,0
33032,[0.25919773 0.15084167],1,2,"[0.294379027732062, 0.1921773781634303]",0,0
33033,[0.66181557 0.63700653],3,3,"[0.6601234827680622, 0.6109507568947781]",1,-1
33034,[0.76042256 0.73020204],2,0,"[0.7890750777399501, 0.6799557517006445]",1,-1
33035,[0.32598808 0.68892327],0,-1,-1,1,-1
33036,[0.75192572 0.61649135],2,-1,-1,1,-1
33037,[0.27932528 0.21712175],1,2,"[0.294379027732062, 0.1921773781634303]",0,0
33038,[0.75656897 0.70936054],2,0,"[0.7890750777399501, 0.6799557517006445]",1,-1
33039,[0.32550134 0.20029779],1,2,"[0.294379027732062, 0.1921773781634303]",0,0
33040,[0.64861649 0.68110748],3,-1,-1,1,-1
33041,[0.42046723 0.50752442],0,-1,-1,1,-1
33042,[0.65670981 0.52748549],3,-1,-1,1,-1
33043,[0.28017206 0.57549567],0,-1,-1,1,-1
33044,[0.59555008 0.68926104],3,-1,-1,1,-1
33045,[0.28897356 0.23806294],1,2,"[0.294379027732062, 0.1921773781634303]",0,0
33046,[0.37733218 0.62054072],0,1,"[0.37965276877051146, 0.575157747726818]",1,-1
33047,[0.66506769 0.56675065],3,3,"[0.6601234827680622, 0.6109507568947781]",1,-1
33048,[0.37198095 0.55440172],0,1,"[0.37965276877051146, 0.575157747726818]",1,-1
33049,[0.70585045 0.54736948],3,-1,-1,1,-1
33050,[0.34982254 0.64537761],0,-1,-1,1,-1
33051,[0.34965824 0.15608032],1,2,"[0.294379027732062, 0.1921773781634303]",0,0
33052,[0.33050351 0.15807685],1,2,"[0.294379027732062, 0.1921773781634303]",0,0
33053,[0.58576609 0.62148997],3,-1,-1,1,-1
33054,[0.27126035 0.2296906 ],1,2,"[0.294379027732062, 0.1921773781634303]",0,0
33055,[0.71514921 0.60039438],3,3,"[0.6601234827680622, 0.6109507568947781]",1,-1
33056,[0.39716044 0.15084795],1,-1,-1,0,0
33057,[0.41428826 0.57436637],0,1,"[0.37965276877051146, 0.575157747726818]",1,2
33058,[0.74876252 0.72296694],2,0,"[0.7890750777399501, 0.6799557517006445]",1,-1
33059,[0.37766143 0.57941108],0,1,"[0.37965276877051146, 0.575157747726818]",1,-1
33060,[0.42684632 0.5795988 ],0,1,"[0.37965276877051146, 0.575157747726818]",1,-1
33061,[0.32459836 0.22984549],1,2,"[0.294379027732062, 0.1921773781634303]",0,0
33062,[0.27762101 0.14501742],1,2,"[0.294379027732062, 0.1921773781634303]",0,0
33063,[0.84821986 0.69144087],2,0,"[0.7890750777399501, 0.6799557517006445]",1,-1
33064,[0.32720953 0.1411223 ],1,2,"[0.294379027732062, 0.1921773781634303]",0,0
33065,[0.76927716 0.68357138],2,0,"[0.7890750777399501, 0.6799557517006445]",1,4
33066,[0.78117422 0.64508637],2,0,"[0.7890750777399501, 0.6799557517006445]",1,-1
33067,[0.65914914 0.64471553],3,3,"[0.6601234827680622, 0.6109507568947781]",1,-1
33068,[0.68336065 0.64001652],3,3,"[0.6601234827680622, 0.6109507568947781]",1,-1
33069,[0.87859727 0.62591344],2,-1,-1,1,-1
33070,[0.32111007 0.23259626],1,2,"[0.294379027732062, 0.1921773781634303]",0,0
33071,[0.32255442 0.24699349],1,2,"[0.294379027732062, 0.1921773781634303]",0,0
33072,[0.28276458 0.56127028],0,-1,-1,1,-1
33073,[0.1385493  0.12725067],1,-1,-1,0,0
33074,[0.27330732 0.56102197],0,-1,-1,1,-1
33075,[0.28176529 0.20881498],1,2,"[0.294379027732062, 0.1921773781634303]",0,0
33076,[0.73711631 0.70366544],2,0,"[0.7890750777399501, 0.6799557517006445]",1,-1
33077,[0.86776659 0.75765141],2,-1,-1,1,-1
33078,[0.28500939 0.18747572],1,2,"[0.294379027732062, 0.1921773781634303]",0,0
33079,[0.65009569 0.62776426],3,3,"[0.6601234827680622, 0.6109507568947781]",1,-1
33080,[0.68233418 0.54139243],3,-1,-1,1,-1
33081,[0.34093908 0.12373936],1,-1,-1,0,0
33082,[0.63188318 0.57293497],3,3,"[0.6601234827680622, 0.6109507568947781]",1,-1
33083,[0.68453808 0.72857219],2,-1,-1,1,-1
33084,[0.32117126 0.51604554],0,-1,-1,1,-1
33085,[0.77646748 0.65116064],2,0,"[0.7890750777399501, 0.6799557517006445]",1,-1
33086,[0.33024593 0.63366792],0,-1,-1,1,-1
33087,[0.349245   0.51680852],0,1,"[0.37965276877051146, 0.575157747726818]",1,-1
33088,[0.30165981 0.60818165],0,-1,-1,1,-1
33089,[0.66692849 0.58634486],3,3,"[0.6601234827680622, 0.6109507568947781]",1,-1
33090,[0.32578519 0.14755096],1,2,"[0.294379027732062, 0.1921773781634303]",0,0
33091,[0.34829007 0.50653848],0,-1,-1,1,-1
33092,[0.77135058 0.59818179],2,-1,-1,1,-1
33093,[0.78706246 0.63741532],2,0,"[0.7890750777399501, 0.6799557517006445]",1,-1
33094,[0.19310051 0.16058884],1,-1,-1,0,0
33095,[0.61452915 0.66885755],3,-1,-1,1,-1
33096,[0.38744185 0.51687086],0,1,"[0.37965276877051146, 0.575157747726818]",1,-1
33097,[0.75583103 0.70855958],2,0,"[0.7890750777399501, 0.6799557517006445]",1,-1
33098,[0.34873658 0.55097577],0,1,"[0.37965276877051146, 0.575157747726818]",1,-1
33099,[0.67970576 0.55039802],3,3,"[0.6601234827680622, 0.6109507568947781]",1,-1
33100,[0.25153434 0.21006339],1,2,"[0.294379027732062, 0.1921773781634303]",0,0
33101,[0.39807815 0.50630213],0,-1,-1,1,-1
33102,[0.35819626 0.52183496],0,1,"[0.37965276877051146, 0.575157747726818]",1,-1
33103,[0.79235065 0.79004906],2,-1,-1,1,-1
33104,[0.61151809 0.66357584],3,-1,-1,1,-1
33105,[0.37317022 0.20558613],1,-1,-1,0,0
33106,[0.37943505 0.21739038],1,-1,-1,0,0
33107,[0.40465907 0.12919689],1,-1,-1,0,0
33108,[0.8071911  0.77043267],2,-1,-1,1,-1
33109,[0.31531946 0.14965386],1,2,"[0.294379027732062, 0.1921773781634303]",0,0
33110,[0.38631133 0.62723445],0,1,"[0.37965276877051146, 0.575157747726818]",1,-1
33111,[0.64326148 0.59678381],3,3,"[0.6601234827680622, 0.6109507568947781]",1,-1
33112,[0.67433455 0.60662487],3,3,"[0.6601234827680622, 0.6109507568947781]",1,-1
33113,[0.37235638 0.70039277],0,-1,-1,1,-1
33114,[0.23138416 0.54341021],0,-1,-1,1,-1
33115,[0.36919905 0.57195313],0,1,"[0.37965276877051146, 0.575157747726818]",1,1
33116,[0.2952447  0.15436088],1,2,"[0.294379027732062, 0.1921773781634303]",0,0
33117,[0.73619932 0.58914757],3,-1,-1,1,-1
33118,[0.80435383 0.71336815],2,0,"[0.7890750777399501, 0.6799557517006445]",1,-1
33119,[0.83058108 0.64230042],2,0,"[0.7890750777399501, 0.6799557517006445]",1,-1
33120,[0.38614981 0.58712825],0,1,"[0.37965276877051146, 0.575157747726818]",1,-1
33121,[0.26899411 0.14786448],1,2,"[0.294379027732062, 0.1921773781634303]",0,0
33122,[0.9225872  0.67398198],2,-1,-1,1,-1
33123,[0.28996512 0.21591473],1,2,"[0.294379027732062, 0.1921773781634303]",0,0
33124,[0.79084557 0.69812456],2,0,"[0.7890750777399501, 0.6799557517006445]",1,-1
33125,[0.78681502 0.69071034],2,0,"[0.7890750777399501, 0.6799557517006445]",1,-1
33126,[0.50109034 0.65376329],0,-1,-1,1,-1
33127,[0.77274242 0.70360064],2,0,"[0.7890750777399501, 0.6799557517006445]",1,-1
33128,[0.68822146 0.59937047],3,3,"[0.6601234827680622, 0.6109507568947781]",1,5
33129,[0.43800361 0.60077948],0,1,"[0.37965276877051146, 0.575157747726818]",1,-1
33130,[0.67441031 0.71646534],3,-1,-1,1,-1
33131,[0.84882184 0.66448078],2,0,"[0.7890750777399501, 0.6799557517006445]",1,-1
33132,[0.64513547 0.61777239],3,3,"[0.6601234827680622, 0.6109507568947781]",1,-1
33133,[0.87110795 0.6294726 ],2,-1,-1,1,-1
33134,[0.70501349 0.63729704],3,3,"[0.6601234827680622, 0.6109507568947781]",1,-1
33135,[0.65502675 0.64962099],3,3,"[0.6601234827680622, 0.6109507568947781]",1,-1
33136,[0.40900343 0.58559081],0,1,"[0.37965276877051146, 0.575157747726818]",1,-1
33137,[0.81345807 0.7864915 ],2,-1,-1,1,-1
33138,[0.26433194 0.21122617],1,2,"[0.294379027732062, 0.1921773781634303]",0,0
33139,[0.67473617 0.66878402],3,3,"[0.6601234827680622, 0.6109507568947781]",1,-1
33140,[0.39627657 0.55165358],0,1,"[0.37965276877051146, 0.575157747726818]",1,-1
33141,[0.27819545 0.09680875],1,-1,-1,0,0
33142,[0.61035811 0.5662041 ],3,3,"[0.6601234827680622, 0.6109507568947781]",1,-1
33143,[0.63942094 0.55951356],3,3,"[0.6601234827680622, 0.6109507568947781]",1,-1
33144,[0.36321772 0.52960461],0,1,"[0.37965276877051146, 0.575157747726818]",1,-1
33145,[0.39013241 0.55719161],0,1,"[0.37965276877051146, 0.575157747726818]",1,-1
33146,[0.78810792 0.66755602],2,0,"[0.7890750777399501, 0.6799557517006445]",1,-1
33147,[0.62726634 0.60988558],3,3,"[0.6601234827680622, 0.6109507568947781]",1,-1
33148,[0.74610766 0.63855572],2,0,"[0.7890750777399501, 0.6799557517006445]",1,-1
33149,[0.72684871 0.67337194],2,0,"[0.7890750777399501, 0.6799557517006445]",1,-1
33150,[0.22123998 0.22270639],1,-1,-1,0,0
33151,[0.36123782 0.53473575],0,1,"[0.37965276877051146, 0.575157747726818]",1,-1
33152,[0.76242561 0.62019466],2,0,"[0.7890750777399501, 0.6799557517006445]",1,-1
33153,[0.84710674 0.6642918 ],2,0,"[0.7890750777399501, 0.6799557517006445]",1,-1
33154,[0.78386494 0.58276566],3,-1,-1,1,-1
33155,[0.37751842 0.56046212],0,1,"[0.37965276877051146, 0.575157747726818]",1,-1
33156,[0.72568919 0.69031017],2,0,"[0.7890750777399501, 0.6799557517006445]",1,-1
33157,[0.41868946 0.53803319],0,1,"[0.37965276877051146, 0.575157747726818]",1,-1
33158,[0.57188532 0.64032215],3,-1,-1,1,-1
33159,[0.35351687 0.22283261],1,2,"[0.294379027732062, 0.1921773781634303]",0,0
33160,[0.31894349 0.20880809],1,2,"[0.294379027732062, 0.1921773781634303]",0,0
33161,[0.3767918  0.60589331],0,1,"[0.37965276877051146, 0.575157747726818]",1,-1
33162,[0.67667928 0.56644983],3,3,"[0.6601234827680622, 0.6109507568947781]",1,-1
33163,[0.28461451 0.24037949],1,2,"[0.294379027732062, 0.1921773781634303]",0,0
33164,[0.65534839 0.66314214],3,3,"[0.6601234827680622, 0.6109507568947781]",1,-1
33165,[0.72650083 0.5948313 ],3,3,"[0.6601234827680622, 0.6109507568947781]",1,-1
33166,[0.28553941 0.2542014 ],1,2,"[0.294379027732062, 0.1921773781634303]",0,0
33167,[0.72477183 0.68853459],2,0,"[0.7890750777399501, 0.6799557517006445]",1,-1
33168,[0.6619891  0.56288303],3,3,"[0.6601234827680622, 0.6109507568947781]",1,-1
33169,[0.74621332 0.60646091],2,-1,-1,1,-1
33170,[0.6825844  0.55321171],3,3,"[0.6601234827680622, 0.6109507568947781]",1,-1
33171,[0.6983936  0.52135066],3,-1,-1,1,-1
33172,[0.67285725 0.67467943],3,3,"[0.6601234827680622, 0.6109507568947781]",1,-1
33173,[0.35145793 0.59537539],0,1,"[0.37965276877051146, 0.575157747726818]",1,-1
33174,[0.26062004 0.14597343],1,2,"[0.294379027732062, 0.1921773781634303]",0,0
33175,[0.42247812 0.58615233],0,1,"[0.37965276877051146, 0.575157747726818]",1,-1
33176,[0.30934052 0.13517018],1,2,"[0.294379027732062, 0.1921773781634303]",0,0
33177,[0.82218166 0.7685597 ],2,-1,-1,1,-1
33178,[0.35997733 0.46907886],0,-1,-1,1,-1
33179,[0.62441493 0.60422622],3,3,"[0.6601234827680622, 0.6109507568947781]",1,-1
33180,[0.27823532 0.28986683],1,-1,-1,0,0
33181,[0.30995018 0.54662595],0,-1,-1,1,-1
33182,[0.70702892 0.58139966],3,3,"[0.6601234827680622, 0.6109507568947781]",1,-1
33183,[0.73463048 0.63068377],3,-1,-1,1,-1
33184,[0.71695227 0.67663234],2,-1,-1,1,-1
33185,[0.34543207 0.57275217],0,1,"[0.37965276877051146, 0.575157747726818]",1,-1
33186,[0.32776606 0.27067669],1,-1,-1,0,0
33187,[0.25155148 0.15759488],1,2,"[0.294379027732062, 0.1921773781634303]",0,0
33188,[0.39209443 0.18877407],1,-1,-1,0,0
33189,[0.59819059 0.52961741],3,-1,-1,1,-1
33190,[0.70064974 0.69651712],2,-1,-1,1,-1
33191,[0.43254792 0.54060378],0,1,"[0.37965276877051146, 0.575157747726818]",1,-1
33192,[0.63397511 0.6699688 ],3,3,"[0.6601234827680622, 0.6109507568947781]",1,-1
33193,[0.25245272 0.23328449],1,2,"[0.294379027732062, 0.1921773781634303]",0,0
33194,[0.77501253 0.73960399],2,0,"[0.7890750777399501, 0.6799557517006445]",1,-1
33195,[0.38006001 0.58636708],0,1,"[0.37965276877051146, 0.575157747726818]",1,-1
33196,[0.35157099 0.47473585],0,-1,-1,1,-1
33197,[0.84543741 0.64937834],2,0,"[0.7890750777399501, 0.6799557517006445]",1,-1
33198,[0.75534482 0.67456141],2,0,"[0.7890750777399501, 0.6799557517006445]",1,-1
33199,[0.65891788 0.60819542],3,3,"[0.6601234827680622, 0.6109507568947781]",1,-1
33200,[0.3823835  0.21292493],1,-1,-1,0,0
33201,[0.43468579 0.57141693],0,1,"[0.37965276877051146, 0.575157747726818]",1,-1
33202,[0.41134235 0.59497834],0,1,"[0.37965276877051146, 0.575157747726818]",1,-1
33203,[0.81586668 0.65152686],2,0,"[0.7890750777399501, 0.6799557517006445]",1,-1
33204,[0.59143042 0.65392778],3,-1,-1,1,-1
33205,[0.72651728 0.72839867],2,-1,-1,1,-1
33206,[0.74684585 0.6548064 ],2,0,"[0.7890750777399501, 0.6799557517006445]",1,-1
33207,[0.29372737 0.21610566],1,2,"[0.294379027732062, 0.1921773781634303]",0,0
33208,[0.61368501 0.55453594],3,-1,-1,1,-1
33209,[0.33354134 0.60558233],0,1,"[0.37965276877051146, 0.575157747726818]",1,-1
33210,[0.66401762 0.57588556],3,3,"[0.6601234827680622, 0.6109507568947781]",1,-1
33211,[0.62425668 0.60824733],3,3,"[0.6601234827680622, 0.6109507568947781]",1,-1
33212,[0.62924848 0.6670334 ],3,3,"[0.6601234827680622, 0.6109507568947781]",1,-1
33213,[0.31777097 0.24874756],1,2,"[0.294379027732062, 0.1921773781634303]",0,0
33214,[0.24125728 0.24470541],1,-1,-1,0,0
33215,[0.23781251 0.2206017 ],1,2,"[0.294379027732062, 0.1921773781634303]",0,0
33216,[0.33707718 0.13905352],1,2,"[0.294379027732062, 0.1921773781634303]",0,0
33217,[0.73952704 0.67294043],2,0,"[0.7890750777399501, 0.6799557517006445]",1,-1
33218,[0.81013585 0.60515725],2,-1,-1,1,-1
33219,[0.43000594 0.66672403],0,-1,-1,1,-1
33220,[0.31002479 0.20622194],1,2,"[0.294379027732062, 0.1921773781634303]",0,0
33221,[0.41726723 0.52421611],0,1,"[0.37965276877051146, 0.575157747726818]",1,-1
33222,[0.40907044 0.20198797],1,-1,-1,0,0
33223,[0.3378385  0.56529328],0,1,"[0.37965276877051146, 0.575157747726818]",1,-1
33224,[0.38176568 0.2985011 ],1,-1,-1,0,0
33225,[0.73928707 0.5145414 ],3,-1,-1,1,-1
33226,[0.60359278 0.66236877],3,-1,-1,1,-1
33227,[0.69202666 0.6570953 ],3,3,"[0.6601234827680622, 0.6109507568947781]",1,-1
33228,[0.31610838 0.09948662],1,-1,-1,0,0
33229,[0.63459467 0.62387436],3,3,"[0.6601234827680622, 0.6109507568947781]",1,-1
33230,[0.76258556 0.61983651],2,0,"[0.7890750777399501, 0.6799557517006445]",1,-1
33231,[0.4040064  0.54645411],0,1,"[0.37965276877051146, 0.575157747726818]",1,-1
33232,[0.34969526 0.21994226],1,2,"[0.294379027732062, 0.1921773781634303]",0,0
33233,[0.61750015 0.63536935],3,3,"[0.6601234827680622, 0.6109507568947781]",1,-1
33234,[0.75749362 0.68732401],2,0,"[0.7890750777399501, 0.6799557517006445]",1,-1
33235,[0.67612719 0.53401255],3,-1,-1,1,-1
33236,[0.63390162 0.63125294],3,3,"[0.6601234827680622, 0.6109507568947781]",1,-1
33237,[0.28072251 0.17101483],1,2,"[0.294379027732062, 0.1921773781634303]",0,0
33238,[0.18014577 0.12113507],1,-1,-1,0,0
33239,[0.38664006 0.20724879],1,-1,-1,0,0
33240,[0.73512453 0.62121654],3,-1,-1,1,-1
33241,[0.80922523 0.61683427],2,0,"[0.7890750777399501, 0.6799557517006445]",1,-1
33242,[0.32078217 0.56645998],0,1,"[0.37965276877051146, 0.575157747726818]",1,-1
33243,[0.62203973 0.61678012],3,3,"[0.6601234827680622, 0.6109507568947781]",1,-1
33244,[0.4129957  0.58718212],0,1,"[0.37965276877051146, 0.575157747726818]",1,-1
33245,[0.27529813 0.32596894],1,-1,-1,0,0
33246,[0.2102102  0.15244009],1,-1,-1,0,0
33247,[0.76472505 0.76734601],2,-1,-1,1,-1
33248,[0.66032943 0.61341196],3,3,"[0.6601234827680622, 0.6109507568947781]",1,-1
33249,[0.27556393 0.21926322],1,2,"[0.294379027732062, 0.1921773781634303]",0,0
33250,[0.81658036 0.66726309],2,0,"[0.7890750777399501, 0.6799557517006445]",1,-1
33251,[0.26782593 0.22542283],1,2,"[0.294379027732062, 0.1921773781634303]",0,0
33252,[0.24182839 0.1877704 ],1,2,"[0.294379027732062, 0.1921773781634303]",0,0
33253,[0.69233515 0.58481474],3,3,"[0.6601234827680622, 0.6109507568947781]",1,-1
33254,[0.41149156 0.51128577],0,-1,-1,1,-1
33255,[0.64152965 0.56396205],3,3,"[0.6601234827680622, 0.6109507568947781]",1,-1
33256,[0.31373189 0.21228572],1,2,"[0.294379027732062, 0.1921773781634303]",0,0
33257,[0.43262982 0.57615691],0,1,"[0.37965276877051146, 0.575157747726818]",1,-1
33258,[0.33140758 0.49988636],0,-1,-1,1,-1
33259,[0.8515053  0.69926532],2,0,"[0.7890750777399501, 0.6799557517006445]",1,-1
33260,[0.79819708 0.63824059],2,0,"[0.7890750777399501, 0.6799557517006445]",1,-1
33261,[0.32228343 0.15735104],1,2,"[0.294379027732062, 0.1921773781634303]",0,0
33262,[0.66815392 0.59030992],3,3,"[0.6601234827680622, 0.6109507568947781]",1,-1
33263,[0.25522923 0.12516165],1,-1,-1,0,0
33264,[0.73694072 0.55243776],3,-1,-1,1,-1
33265,[0.33078109 0.55125374],0,1,"[0.37965276877051146, 0.575157747726818]",1,-1
33266,[0.39881853 0.58331404],0,1,"[0.37965276877051146, 0.575157747726818]",1,-1
33267,[0.86856978 0.57617954],2,-1,-1,1,-1
33268,[0.74160087 0.70078776],2,0,"[0.7890750777399501, 0.6799557517006445]",1,-1
33269,[0.3206957  0.19648119],1,2,"[0.294379027732062, 0.1921773781634303]",0,0
33270,[0.20373098 0.18879683],1,-1,-1,0,0
33271,[0.36527549 0.5382489 ],0,1,"[0.37965276877051146, 0.575157747726818]",1,-1
33272,[0.66867132 0.54102243],3,-1,-1,1,-1
33273,[0.29611707 0.14979891],1,2,"[0.294379027732062, 0.1921773781634303]",0,0
33274,[0.69800206 0.62587871],2,3,"[0.6601234827680622, 0.6109507568947781]",1,-1
33275,[0.68860429 0.6030298 ],3,3,"[0.6601234827680622, 0.6109507568947781]",1,5
33276,[0.78817373 0.67760072],2,0,"[0.7890750777399501, 0.6799557517006445]",1,4
33277,[0.30842942 0.18409962],1,2,"[0.294379027732062, 0.1921773781634303]",0,0
33278,[0.6564395  0.61160019],3,3,"[0.6601234827680622, 0.6109507568947781]",1,-1
33279,[0.84115709 0.66899431],2,0,"[0.7890750777399501, 0.6799557517006445]",1,-1
33280,[0.39547897 0.59471051],0,1,"[0.37965276877051146, 0.575157747726818]",1,-1
33281,[0.25219536 0.14498068],1,2,"[0.294379027732062, 0.1921773781634303]",0,0
33282,[0.82215379 0.61673367],2,-1,-1,1,-1
33283,[0.37853629 0.65641105],0,-1,-1,1,-1
33284,[0.370246  0.6019941],0,1,"[0.37965276877051146, 0.575157747726818]",1,-1
33285,[0.68703629 0.68364026],3,-1,-1,1,-1
33286,[0.860944   0.65339458],2,-1,-1,1,-1
33287,[0.74944404 0.68471291],2,0,"[0.7890750777399501, 0.6799557517006445]",1,-1
33288,[0.37020778 0.54914093],0,1,"[0.37965276877051146, 0.575157747726818]",1,-1
33289,[0.8514899 0.6236785],2,-1,-1,1,-1
33290,[0.70658748 0.60283674],3,3,"[0.6601234827680622, 0.6109507568947781]",1,-1
33291,[0.26896965 0.21134205],1,2,"[0.294379027732062, 0.1921773781634303]",0,0
33292,[0.42553356 0.59559287],0,1,"[0.37965276877051146, 0.575157747726818]",1,-1
33293,[0.58269064 0.61466002],3,-1,-1,1,-1
33294,[0.83980127 0.68396598],2,0,"[0.7890750777399501, 0.6799557517006445]",1,-1
33295,[0.84288664 0.71554955],2,0,"[0.7890750777399501, 0.6799557517006445]",1,-1
33296,[0.26813925 0.25266821],1,2,"[0.294379027732062, 0.1921773781634303]",0,0
33297,[0.81581655 0.65499178],2,0,"[0.7890750777399501, 0.6799557517006445]",1,-1
33298,[0.6973726  0.65234913],3,3,"[0.6601234827680622, 0.6109507568947781]",1,-1
33299,[0.29908569 0.53905641],0,-1,-1,1,-1
33300,[0.32427905 0.13854244],1,2,"[0.294379027732062, 0.1921773781634303]",0,0
33301,[0.69637656 0.42624638],3,-1,-1,1,-1
33302,[0.7040782  0.66896896],3,-1,-1,1,-1
33303,[0.31523318 0.17088646],1,2,"[0.294379027732062, 0.1921773781634303]",0,0
33304,[0.22227513 0.09005684],1,-1,-1,0,0
33305,[0.70633099 0.56773655],3,3,"[0.6601234827680622, 0.6109507568947781]",1,-1
33306,[0.80732189 0.61174076],3,-1,-1,1,-1
33307,[0.73560008 0.6156248 ],3,-1,-1,1,-1
33308,[0.30625536 0.20031593],1,2,"[0.294379027732062, 0.1921773781634303]",0,0
33309,[0.37054293 0.5289195 ],0,1,"[0.37965276877051146, 0.575157747726818]",1,-1
33310,[0.80563402 0.6378515 ],2,0,"[0.7890750777399501, 0.6799557517006445]",1,-1
33311,[0.77859964 0.71311683],2,0,"[0.7890750777399501, 0.6799557517006445]",1,-1
33312,[0.43026169 0.54328625],0,1,"[0.37965276877051146, 0.575157747726818]",1,-1
33313,[0.33586353 0.60596937],0,1,"[0.37965276877051146, 0.575157747726818]",1,-1
33314,[0.72768425 0.71333549],2,0,"[0.7890750777399501, 0.6799557517006445]",1,-1
33315,[0.68590953 0.68381278],3,-1,-1,1,-1
33316,[0.36654902 0.60468473],0,1,"[0.37965276877051146, 0.575157747726818]",1,-1
33317,[0.77428708 0.67045992],3,0,"[0.7890750777399501, 0.6799557517006445]",1,-1
33318,[0.66642381 0.62096368],3,3,"[0.6601234827680622, 0.6109507568947781]",1,7
33319,[0.33762289 0.25339903],1,-1,-1,0,0
33320,[0.67373819 0.59467201],3,3,"[0.6601234827680622, 0.6109507568947781]",1,-1
33321,[0.33120093 0.27185569],1,-1,-1,0,0
33322,[0.67634381 0.64752152],2,3,"[0.6601234827680622, 0.6109507568947781]",1,-1
33323,[0.65367232 0.64492971],3,3,"[0.6601234827680622, 0.6109507568947781]",1,-1
33324,[0.67502084 0.72833332],3,-1,-1,1,-1
33325,[0.47304469 0.51009941],0,-1,-1,1,-1
33326,[0.38462618 0.59442081],0,1,"[0.37965276877051146, 0.575157747726818]",1,-1
33327,[0.70398786 0.71390067],2,-1,-1,1,-1
33328,[0.35171592 0.67125242],0,-1,-1,1,-1
33329,[0.93987247 0.62678104],2,-1,-1,1,-1
33330,[0.40007012 0.60025905],0,1,"[0.37965276877051146, 0.575157747726818]",1,-1
33331,[0.66408081 0.56220942],3,3,"[0.6601234827680622, 0.6109507568947781]",1,-1
33332,[0.37287205 0.19956351],1,-1,-1,0,0
33333,[0.77645646 0.618633  ],2,0,"[0.7890750777399501, 0.6799557517006445]",1,-1
33334,[0.68447468 0.65439194],3,3,"[0.6601234827680622, 0.6109507568947781]",1,-1
33335,[0.86619909 0.72747332],2,-1,-1,1,-1
33336,[0.80648081 0.66859968],2,0,"[0.7890750777399501, 0.6799557517006445]",1,-1
33337,[0.38955218 0.57596544],0,1,"[0.37965276877051146, 0.575157747726818]",1,-1
33338,[0.73272037 0.5603705 ],3,-1,-1,1,-1
33339,[0.38167795 0.27151705],1,-1,-1,0,0
33340,[0.36115753 0.49349231],0,-1,-1,1,-1
33341,[0.70691875 0.68628763],2,-1,-1,1,-1
33342,[0.67160441 0.57975936],3,3,"[0.6601234827680622, 0.6109507568947781]",1,-1
33343,[0.30521048 0.12405316],1,2,"[0.294379027732062, 0.1921773781634303]",0,0
33344,[0.29095368 0.19059239],1,2,"[0.294379027732062, 0.1921773781634303]",0,0
33345,[0.41452598 0.57507088],0,1,"[0.37965276877051146, 0.575157747726818]",1,2
33346,[0.36289747 0.1675617 ],1,-1,-1,0,0
33347,[0.31113264 0.22064359],1,2,"[0.294379027732062, 0.1921773781634303]",0,0
33348,[0.37261329 0.53639655],0,1,"[0.37965276877051146, 0.575157747726818]",1,-1
33349,[0.45158975 0.55288303],0,-1,-1,1,-1
33350,[0.37526752 0.20150413],1,-1,-1,0,0
33351,[0.71932346 0.57641256],3,3,"[0.6601234827680622, 0.6109507568947781]",1,-1
33352,[0.29618726 0.24656641],1,2,"[0.294379027732062, 0.1921773781634303]",0,0
33353,[0.65899    0.63445315],3,3,"[0.6601234827680622, 0.6109507568947781]",1,-1
33354,[0.69307222 0.63987438],3,3,"[0.6601234827680622, 0.6109507568947781]",1,-1
33355,[0.45820051 0.65661882],0,-1,-1,1,-1
33356,[0.72155835 0.56781893],3,-1,-1,1,-1
33357,[0.75535858 0.64168469],2,0,"[0.7890750777399501, 0.6799557517006445]",1,-1
33358,[0.35508467 0.61863688],0,1,"[0.37965276877051146, 0.575157747726818]",1,-1
33359,[0.42622464 0.5734598 ],0,1,"[0.37965276877051146, 0.575157747726818]",1,-1
33360,[0.31833428 0.56022639],0,1,"[0.37965276877051146, 0.575157747726818]",1,-1
33361,[0.25786849 0.15407948],1,2,"[0.294379027732062, 0.1921773781634303]",0,0
33362,[0.76078657 0.67142312],2,0,"[0.7890750777399501, 0.6799557517006445]",1,-1
33363,[0.89142972 0.60202071],2,-1,-1,1,-1
33364,[0.74411019 0.74379267],2,-1,-1,1,-1
33365,[0.62540426 0.58993637],3,3,"[0.6601234827680622, 0.6109507568947781]",1,-1
33366,[0.64610214 0.69483034],3,-1,-1,1,-1
33367,[0.32170815 0.23489566],1,2,"[0.294379027732062, 0.1921773781634303]",0,0
33368,[0.24956417 0.20313376],1,2,"[0.294379027732062, 0.1921773781634303]",0,0
33369,[0.7649476  0.69418824],2,0,"[0.7890750777399501, 0.6799557517006445]",1,-1
33370,[0.39953669 0.66002842],0,-1,-1,1,-1
33371,[0.65462032 0.61442137],3,3,"[0.6601234827680622, 0.6109507568947781]",1,-1
33372,[0.68526457 0.54170287],3,-1,-1,1,-1
33373,[0.63795435 0.62533239],3,3,"[0.6601234827680622, 0.6109507568947781]",1,-1
33374,[0.66179514 0.72415409],3,-1,-1,1,-1
33375,[0.29880296 0.24782361],1,2,"[0.294379027732062, 0.1921773781634303]",0,0
33376,[0.6512284  0.66458585],3,3,"[0.6601234827680622, 0.6109507568947781]",1,-1
33377,[0.82232004 0.6705748 ],2,0,"[0.7890750777399501, 0.6799557517006445]",1,-1
33378,[0.78841872 0.74190558],2,0,"[0.7890750777399501, 0.6799557517006445]",1,-1
33379,[0.87854873 0.7064363 ],2,-1,-1,1,-1
33380,[0.84425122 0.63731353],2,0,"[0.7890750777399501, 0.6799557517006445]",1,-1
33381,[0.62516998 0.67815189],2,-1,-1,1,-1
33382,[0.33373259 0.22901898],1,2,"[0.294379027732062, 0.1921773781634303]",0,0
33383,[0.324821   0.08063808],1,-1,-1,0,0
33384,[0.34104696 0.55487932],0,1,"[0.37965276877051146, 0.575157747726818]",1,-1
33385,[0.67452211 0.59692   ],3,3,"[0.6601234827680622, 0.6109507568947781]",1,-1
33386,[0.83414911 0.66114836],2,0,"[0.7890750777399501, 0.6799557517006445]",1,-1
33387,[0.18972556 0.14486845],1,-1,-1,0,0
33388,[0.42273838 0.59684086],0,1,"[0.37965276877051146, 0.575157747726818]",1,-1
33389,[0.34721068 0.24595215],1,-1,-1,0,0
33390,[0.85339646 0.6108874 ],2,-1,-1,1,-1
33391,[0.20807207 0.24015329],1,-1,-1,0,0
33392,[0.24435879 0.16002641],1,2,"[0.294379027732062, 0.1921773781634303]",0,0
33393,[0.73168659 0.65258872],3,0,"[0.7890750777399501, 0.6799557517006445]",1,-1
33394,[0.2700465  0.19224153],1,2,"[0.294379027732062, 0.1921773781634303]",0,0
33395,[0.3451229 0.6044021],0,1,"[0.37965276877051146, 0.575157747726818]",1,-1
33396,[0.61165128 0.67077705],3,-1,-1,1,-1
33397,[0.28335813 0.12758528],1,2,"[0.294379027732062, 0.1921773781634303]",0,0
33398,[0.69777977 0.6618674 ],2,3,"[0.6601234827680622, 0.6109507568947781]",1,-1
33399,[0.20374073 0.17313602],1,-1,-1,0,0
33400,[0.76898955 0.62146606],2,0,"[0.7890750777399501, 0.6799557517006445]",1,-1
33401,[0.68511839 0.67705196],2,-1,-1,1,-1
33402,[0.63952109 0.66058638],3,3,"[0.6601234827680622, 0.6109507568947781]",1,-1
33403,[0.49160936 0.5702445 ],0,-1,-1,1,-1
33404,[0.78932262 0.54560849],3,-1,-1,1,-1
33405,[0.37191611 0.49550797],0,-1,-1,1,-1
33406,[0.60646577 0.58704022],3,3,"[0.6601234827680622, 0.6109507568947781]",1,-1
33407,[0.27229499 0.13571824],1,2,"[0.294379027732062, 0.1921773781634303]",0,0
33408,[0.69674363 0.60889822],3,3,"[0.6601234827680622, 0.6109507568947781]",1,-1
33409,[0.31301569 0.13915729],1,2,"[0.294379027732062, 0.1921773781634303]",0,0
33410,[0.72901277 0.62824486],2,-1,-1,1,-1
33411,[0.28174969 0.18395499],1,2,"[0.294379027732062, 0.1921773781634303]",0,0
33412,[0.81067705 0.7091621 ],2,0,"[0.7890750777399501, 0.6799557517006445]",1,-1
33413,[0.73795272 0.56920239],3,-1,-1,1,-1
33414,[0.59523716 0.71482172],3,-1,-1,1,-1
33415,[0.41537732 0.60159416],0,1,"[0.37965276877051146, 0.575157747726818]",1,-1
33416,[0.3406091 0.6523865],0,-1,-1,1,-1
33417,[0.85904751 0.65615144],2,-1,-1,1,-1
33418,[0.32270556 0.24994575],1,2,"[0.294379027732062, 0.1921773781634303]",0,0
33419,[0.71395857 0.66593478],2,-1,-1,1,-1
33420,[0.66396876 0.62000581],3,3,"[0.6601234827680622, 0.6109507568947781]",1,7
33421,[0.29378995 0.16821341],1,2,"[0.294379027732062, 0.1921773781634303]",0,0
33422,[0.28322589 0.19789696],1,2,"[0.294379027732062, 0.1921773781634303]",0,0
33423,[0.76706234 0.67430926],2,0,"[0.7890750777399501, 0.6799557517006445]",1,-1
33424,[0.6458628  0.63909212],2,3,"[0.6601234827680622, 0.6109507568947781]",1,-1
33425,[0.78573897 0.64521748],2,0,"[0.7890750777399501, 0.6799557517006445]",1,-1
33426,[0.83498078 0.60442813],2,-1,-1,1,-1
33427,[0.39369792 0.50008689],0,-1,-1,1,-1
33428,[0.74669568 0.71156173],2,0,"[0.7890750777399501, 0.6799557517006445]",1,-1
33429,[0.62706312 0.51683345],3,-1,-1,1,-1
33430,[0.38746002 0.46137473],0,-1,-1,1,-1
33431,[0.79616739 0.74723419],2,0,"[0.7890750777399501, 0.6799557517006445]",1,-1
33432,[0.32851774 0.60689435],0,1,"[0.37965276877051146, 0.575157747726818]",1,-1
33433,[0.72598576 0.69420827],2,0,"[0.7890750777399501, 0.6799557517006445]",1,-1
33434,[0.77463958 0.6238174 ],2,0,"[0.7890750777399501, 0.6799557517006445]",1,-1
33435,[0.24970278 0.11200138],1,-1,-1,0,0
33436,[0.83686835 0.66444754],2,0,"[0.7890750777399501, 0.6799557517006445]",1,-1
33437,[0.23658685 0.14990586],1,-1,-1,0,0
33438,[0.71498605 0.63787584],3,3,"[0.6601234827680622, 0.6109507568947781]",1,-1
33439,[0.76378425 0.66079941],2,0,"[0.7890750777399501, 0.6799557517006445]",1,3
33440,[0.62773345 0.6128781 ],3,3,"[0.6601234827680622, 0.6109507568947781]",1,-1
33441,[0.83051044 0.68659664],3,0,"[0.7890750777399501, 0.6799557517006445]",1,-1
33442,[0.78381004 0.78087614],2,-1,-1,1,-1
33443,[0.35408176 0.63961411],0,1,"[0.37965276877051146, 0.575157747726818]",1,-1
33444,[0.39082188 0.57715529],0,1,"[0.37965276877051146, 0.575157747726818]",1,-1
33445,[0.66723851 0.59108047],3,3,"[0.6601234827680622, 0.6109507568947781]",1,-1
33446,[0.64390743 0.62873259],3,3,"[0.6601234827680622, 0.6109507568947781]",1,-1
33447,[0.62790398 0.60917765],3,3,"[0.6601234827680622, 0.6109507568947781]",1,-1
33448,[0.45389802 0.60183769],0,-1,-1,1,-1
33449,[0.60464726 0.70587076],3,-1,-1,1,-1
33450,[0.80116431 0.70272156],2,0,"[0.7890750777399501, 0.6799557517006445]",1,-1
33451,[0.35982069 0.51628245],0,1,"[0.37965276877051146, 0.575157747726818]",1,-1
33452,[0.41052407 0.49863463],0,-1,-1,1,-1
33453,[0.28549822 0.62059221],0,-1,-1,1,-1
33454,[0.78322917 0.65197376],2,0,"[0.7890750777399501, 0.6799557517006445]",1,-1
33455,[0.62862989 0.64763377],3,3,"[0.6601234827680622, 0.6109507568947781]",1,-1
33456,[0.22711882 0.24379771],1,-1,-1,0,0
33457,[0.29692545 0.18210436],1,2,"[0.294379027732062, 0.1921773781634303]",0,0
33458,[0.38432319 0.58800948],0,1,"[0.37965276877051146, 0.575157747726818]",1,-1
33459,[0.64874962 0.67888784],3,3,"[0.6601234827680622, 0.6109507568947781]",1,-1
33460,[0.37842681 0.60176434],0,1,"[0.37965276877051146, 0.575157747726818]",1,-1
33461,[0.66184028 0.59866545],3,3,"[0.6601234827680622, 0.6109507568947781]",1,6
33462,[0.24616128 0.16307254],1,2,"[0.294379027732062, 0.1921773781634303]",0,0
33463,[0.68187845 0.66527861],3,3,"[0.6601234827680622, 0.6109507568947781]",1,-1
33464,[0.32705684 0.58258278],0,1,"[0.37965276877051146, 0.575157747726818]",1,-1
33465,[0.75069709 0.66384431],2,0,"[0.7890750777399501, 0.6799557517006445]",1,-1
33466,[0.66658976 0.59458211],3,3,"[0.6601234827680622, 0.6109507568947781]",1,-1
33467,[0.35895783 0.53252764],0,1,"[0.37965276877051146, 0.575157747726818]",1,-1
33468,[0.46976386 0.64033212],0,-1,-1,1,-1
33469,[0.35709701 0.28239577],1,-1,-1,0,0
33470,[0.22788036 0.10795183],1,-1,-1,0,0
33471,[0.68736026 0.72989387],2,-1,-1,1,-1
33472,[0.27588554 0.13103222],1,2,"[0.294379027732062, 0.1921773781634303]",0,0
33473,[0.65955078 0.52415063],3,-1,-1,1,-1
33474,[0.29703771 0.17384792],1,2,"[0.294379027732062, 0.1921773781634303]",0,0
33475,[0.66357923 0.6496113 ],3,3,"[0.6601234827680622, 0.6109507568947781]",1,-1
33476,[0.75054281 0.68394589],2,0,"[0.7890750777399501, 0.6799557517006445]",1,-1
33477,[0.82963608 0.64532829],2,0,"[0.7890750777399501, 0.6799557517006445]",1,-1
33478,[0.36229178 0.56509687],0,1,"[0.37965276877051146, 0.575157747726818]",1,-1
33479,[0.85656963 0.68381686],2,0,"[0.7890750777399501, 0.6799557517006445]",1,-1
33480,[0.30626072 0.17273009],1,2,"[0.294379027732062, 0.1921773781634303]",0,0
33481,[0.27952909 0.19256012],1,2,"[0.294379027732062, 0.1921773781634303]",0,0
33482,[0.17975537 0.21544959],1,-1,-1,0,0
33483,[0.69122896 0.65660732],3,3,"[0.6601234827680622, 0.6109507568947781]",1,-1
33484,[0.39119489 0.22030517],1,-1,-1,0,0
33485,[0.442913   0.53844225],0,-1,-1,1,-1
33486,[0.33051279 0.24325962],1,2,"[0.294379027732062, 0.1921773781634303]",0,0
33487,[0.62037412 0.65909908],3,3,"[0.6601234827680622, 0.6109507568947781]",1,-1
33488,[0.31917465 0.1383798 ],1,2,"[0.294379027732062, 0.1921773781634303]",0,0
33489,[0.70909683 0.57178732],3,3,"[0.6601234827680622, 0.6109507568947781]",1,-1
33490,[0.71675371 0.56954528],3,-1,-1,1,-1
33491,[0.7253887  0.56357499],3,-1,-1,1,-1
33492,[0.84394068 0.57638585],2,-1,-1,1,-1
33493,[0.31710969 0.22141136],1,2,"[0.294379027732062, 0.1921773781634303]",0,0
33494,[0.43363994 0.58086137],0,1,"[0.37965276877051146, 0.575157747726818]",1,-1
33495,[0.30885634 0.51950067],0,-1,-1,1,-1
33496,[0.74697001 0.54630721],3,-1,-1,1,-1
33497,[0.91921012 0.78933219],2,-1,-1,1,-1
33498,[0.67468242 0.5893929 ],3,3,"[0.6601234827680622, 0.6109507568947781]",1,-1
33499,[0.45985993 0.59524164],0,-1,-1,1,-1
33500,[0.57752114 0.67909727],3,-1,-1,1,-1
33501,[0.81587349 0.66726378],2,0,"[0.7890750777399501, 0.6799557517006445]",1,-1
33502,[0.48590619 0.54355056],0,-1,-1,1,-1
33503,[0.35509118 0.5428166 ],0,1,"[0.37965276877051146, 0.575157747726818]",1,-1
33504,[0.65973387 0.66550038],3,3,"[0.6601234827680622, 0.6109507568947781]",1,-1
33505,[0.5913525 0.6539   ],3,-1,-1,1,-1
33506,[0.36005663 0.65339077],0,-1,-1,1,-1
33507,[0.5720796  0.60230969],3,-1,-1,1,-1
33508,[0.30451698 0.6453068 ],0,-1,-1,1,-1
33509,[0.72805337 0.68356227],2,0,"[0.7890750777399501, 0.6799557517006445]",1,-1
33510,[0.42406269 0.52270892],0,1,"[0.37965276877051146, 0.575157747726818]",1,-1
33511,[0.23048793 0.26326102],1,-1,-1,0,0
33512,[0.36277134 0.10433216],1,-1,-1,0,0
33513,[0.59692216 0.60308919],3,3,"[0.6601234827680622, 0.6109507568947781]",1,-1
33514,[0.75117401 0.67386266],3,0,"[0.7890750777399501, 0.6799557517006445]",1,-1
33515,[0.40093968 0.24363909],1,-1,-1,0,0
33516,[0.76648781 0.80008378],2,-1,-1,1,-1
33517,[0.63728141 0.63882888],3,3,"[0.6601234827680622, 0.6109507568947781]",1,-1
33518,[0.46774442 0.61463246],0,-1,-1,1,-1
33519,[0.72787739 0.76983022],2,-1,-1,1,-1
33520,[0.38769254 0.62556297],0,1,"[0.37965276877051146, 0.575157747726818]",1,-1
33521,[0.27542887 0.25081975],1,2,"[0.294379027732062, 0.1921773781634303]",0,0
33522,[0.37035088 0.5614711 ],0,1,"[0.37965276877051146, 0.575157747726818]",1,-1
33523,[0.30205965 0.65129274],0,-1,-1,1,-1
33524,[0.76894041 0.61457654],2,0,"[0.7890750777399501, 0.6799557517006445]",1,-1
33525,[0.28997827 0.14295049],1,2,"[0.294379027732062, 0.1921773781634303]",0,0
33526,[0.68787735 0.69982046],2,-1,-1,1,-1
33527,[0.68847253 0.67131777],3,3,"[0.6601234827680622, 0.6109507568947781]",1,-1
33528,[0.7868737  0.56619702],3,-1,-1,1,-1
33529,[0.6947957  0.57666161],3,3,"[0.6601234827680622, 0.6109507568947781]",1,-1
33530,[0.39326583 0.6312663 ],0,1,"[0.37965276877051146, 0.575157747726818]",1,-1
33531,[0.47661306 0.67249366],0,-1,-1,1,-1
33532,[0.79503092 0.69810929],2,0,"[0.7890750777399501, 0.6799557517006445]",1,-1
33533,[0.23360321 0.18321246],1,2,"[0.294379027732062, 0.1921773781634303]",0,0
33534,[0.22770341 0.1474352 ],1,-1,-1,0,0
33535,[0.35212511 0.57555484],0,1,"[0.37965276877051146, 0.575157747726818]",1,-1
33536,[0.73250361 0.6511898 ],2,0,"[0.7890750777399501, 0.6799557517006445]",1,-1
33537,[0.80778191 0.5873748 ],2,-1,-1,1,-1
33538,[0.58763851 0.63227051],3,-1,-1,1,-1
33539,[0.3266748  0.52130709],0,-1,-1,1,-1
33540,[0.36080204 0.63518426],0,1,"[0.37965276877051146, 0.575157747726818]",1,-1
33541,[0.33416878 0.09344372],1,-1,-1,0,0
33542,[0.36297152 0.54238014],0,1,"[0.37965276877051146, 0.575157747726818]",1,-1
33543,[0.32242198 0.14788633],1,2,"[0.294379027732062, 0.1921773781634303]",0,0
33544,[0.35695782 0.53390069],0,1,"[0.37965276877051146, 0.575157747726818]",1,-1
33545,[0.36189865 0.14476622],1,-1,-1,0,0
33546,[0.41990533 0.62636239],0,1,"[0.37965276877051146, 0.575157747726818]",1,-1
33547,[0.65835286 0.60480908],3,3,"[0.6601234827680622, 0.6109507568947781]",1,-1
33548,[0.34048184 0.63992213],0,-1,-1,1,-1
33549,[0.32270744 0.16744559],1,2,"[0.294379027732062, 0.1921773781634303]",0,0
33550,[0.65116726 0.58142228],3,3,"[0.6601234827680622, 0.6109507568947781]",1,-1
33551,[0.8474735  0.74923124],2,-1,-1,1,-1
33552,[0.44130109 0.59734806],0,1,"[0.37965276877051146, 0.575157747726818]",1,-1
33553,[0.7230968  0.66250643],2,0,"[0.7890750777399501, 0.6799557517006445]",1,-1
33554,[0.31741521 0.21418463],1,2,"[0.294379027732062, 0.1921773781634303]",0,0
33555,[0.77727307 0.64588413],2,0,"[0.7890750777399501, 0.6799557517006445]",1,-1
33556,[0.32026059 0.21864333],1,2,"[0.294379027732062, 0.1921773781634303]",0,0
33557,[0.73316122 0.71872108],2,0,"[0.7890750777399501, 0.6799557517006445]",1,-1
33558,[0.28032816 0.22054706],1,2,"[0.294379027732062, 0.1921773781634303]",0,0
33559,[0.73111513 0.67966809],2,0,"[0.7890750777399501, 0.6799557517006445]",1,-1
33560,[0.38892995 0.55003271],0,1,"[0.37965276877051146, 0.575157747726818]",1,-1
33561,[0.29723419 0.20456807],1,2,"[0.294379027732062, 0.1921773781634303]",0,0
33562,[0.81581685 0.73409367],2,0,"[0.7890750777399501, 0.6799557517006445]",1,-1
33563,[0.35763457 0.17922174],1,2,"[0.294379027732062, 0.1921773781634303]",0,0
33564,[0.82683824 0.67584831],2,0,"[0.7890750777399501, 0.6799557517006445]",1,-1
33565,[0.67108323 0.60475088],3,3,"[0.6601234827680622, 0.6109507568947781]",1,-1
33566,[0.7696804 0.6184673],3,0,"[0.7890750777399501, 0.6799557517006445]",1,-1
33567,[0.59772065 0.56261466],3,-1,-1,1,-1
33568,[0.82102423 0.60975729],2,-1,-1,1,-1
33569,[0.67368497 0.49885205],3,-1,-1,1,-1
33570,[0.30497486 0.20032906],1,2,"[0.294379027732062, 0.1921773781634303]",0,0
33571,[0.76549363 0.64517427],2,0,"[0.7890750777399501, 0.6799557517006445]",1,-1
33572,[0.82106207 0.69598262],2,0,"[0.7890750777399501, 0.6799557517006445]",1,-1
33573,[0.79869198 0.72307531],2,0,"[0.7890750777399501, 0.6799557517006445]",1,-1
33574,[0.33583737 0.55419745],0,1,"[0.37965276877051146, 0.575157747726818]",1,-1
33575,[0.26689747 0.16417375],1,2,"[0.294379027732062, 0.1921773781634303]",0,0
33576,[0.36484236 0.21198324],1,-1,-1,0,0
33577,[0.81116433 0.77357969],2,-1,-1,1,-1
33578,[0.80209825 0.65098923],2,0,"[0.7890750777399501, 0.6799557517006445]",1,-1
33579,[0.28184049 0.58245365],0,-1,-1,1,-1
33580,[0.80286062 0.60280285],2,-1,-1,1,-1
33581,[0.57630641 0.57683475],3,-1,-1,1,-1
33582,[0.80096932 0.72089863],2,0,"[0.7890750777399501, 0.6799557517006445]",1,-1
33583,[0.67772036 0.65635045],3,3,"[0.6601234827680622, 0.6109507568947781]",1,-1
33584,[0.41263302 0.67298149],0,-1,-1,1,-1
33585,[0.3235419  0.14090259],1,2,"[0.294379027732062, 0.1921773781634303]",0,0
33586,[0.44920744 0.57713577],0,1,"[0.37965276877051146, 0.575157747726818]",1,-1
33587,[0.2922964  0.20874473],1,2,"[0.294379027732062, 0.1921773781634303]",0,0
33588,[0.38099867 0.60556686],0,1,"[0.37965276877051146, 0.575157747726818]",1,-1
33589,[0.78721891 0.57129374],2,-1,-1,1,-1
33590,[0.37453095 0.58187368],0,1,"[0.37965276877051146, 0.575157747726818]",1,1
33591,[0.33829115 0.47663222],0,-1,-1,1,-1
33592,[0.4511024  0.54011697],0,-1,-1,1,-1
33593,[0.78156093 0.67672621],2,0,"[0.7890750777399501, 0.6799557517006445]",1,4
33594,[0.28801756 0.13094695],1,2,"[0.294379027732062, 0.1921773781634303]",0,0
33595,[0.75311437 0.74066684],2,-1,-1,1,-1
33596,[0.78609832 0.65315401],2,0,"[0.7890750777399501, 0.6799557517006445]",1,-1
33597,[0.37000906 0.56727562],0,1,"[0.37965276877051146, 0.575157747726818]",1,1
33598,[0.82454658 0.6439693 ],2,0,"[0.7890750777399501, 0.6799557517006445]",1,-1
33599,[0.28672374 0.18578931],1,2,"[0.294379027732062, 0.1921773781634303]",0,0
33600,[0.84683554 0.70334504],2,0,"[0.7890750777399501, 0.6799557517006445]",1,-1
33601,[0.816163   0.67447383],2,0,"[0.7890750777399501, 0.6799557517006445]",1,-1
33602,[0.34992794 0.58777901],0,1,"[0.37965276877051146, 0.575157747726818]",1,-1
33603,[0.303499   0.22702387],1,2,"[0.294379027732062, 0.1921773781634303]",0,0
33604,[0.33852754 0.21558914],1,2,"[0.294379027732062, 0.1921773781634303]",0,0
33605,[0.70793475 0.71086343],2,-1,-1,1,-1
33606,[0.63368571 0.63097365],3,3,"[0.6601234827680622, 0.6109507568947781]",1,-1
33607,[0.28838636 0.28430081],1,-1,-1,0,0
33608,[0.70613015 0.57449311],3,3,"[0.6601234827680622, 0.6109507568947781]",1,-1
33609,[0.65312312 0.62488182],3,3,"[0.6601234827680622, 0.6109507568947781]",1,-1
33610,[0.65960711 0.64617449],3,3,"[0.6601234827680622, 0.6109507568947781]",1,-1
33611,[0.35345222 0.13189273],1,-1,-1,0,0
33612,[0.32121643 0.19440966],1,2,"[0.294379027732062, 0.1921773781634303]",0,0
33613,[0.40086326 0.53211197],0,1,"[0.37965276877051146, 0.575157747726818]",1,-1
33614,[0.69672243 0.52863661],3,-1,-1,1,-1
33615,[0.69618119 0.54117085],3,-1,-1,1,-1
33616,[0.32046074 0.2048395 ],1,2,"[0.294379027732062, 0.1921773781634303]",0,0
33617,[0.28900944 0.18256292],1,2,"[0.294379027732062, 0.1921773781634303]",0,0
33618,[0.38718348 0.66457186],0,-1,-1,1,-1
33619,[0.80044646 0.72310373],2,0,"[0.7890750777399501, 0.6799557517006445]",1,-1
33620,[0.29627577 0.14429398],1,2,"[0.294379027732062, 0.1921773781634303]",0,0
33621,[0.4281411  0.53158535],0,1,"[0.37965276877051146, 0.575157747726818]",1,-1
33622,[0.56655509 0.65824829],3,-1,-1,1,-1
33623,[0.63959199 0.67390664],3,3,"[0.6601234827680622, 0.6109507568947781]",1,-1
33624,[0.70467477 0.66780597],2,-1,-1,1,-1
33625,[0.78073095 0.66250705],3,0,"[0.7890750777399501, 0.6799557517006445]",1,-1
33626,[0.32400214 0.09318181],1,-1,-1,0,0
33627,[0.4629466  0.53253576],0,-1,-1,1,-1
33628,[0.3328729  0.17524275],1,2,"[0.294379027732062, 0.1921773781634303]",0,0
33629,[0.41108597 0.62890576],0,1,"[0.37965276877051146, 0.575157747726818]",1,-1
33630,[0.33757418 0.52065002],0,1,"[0.37965276877051146, 0.575157747726818]",1,-1
33631,[0.28089376 0.16443528],1,2,"[0.294379027732062, 0.1921773781634303]",0,0
33632,[0.35408128 0.57015287],0,1,"[0.37965276877051146, 0.575157747726818]",1,-1
33633,[0.84176046 0.69611563],2,0,"[0.7890750777399501, 0.6799557517006445]",1,-1
33634,[0.76544675 0.70219234],2,0,"[0.7890750777399501, 0.6799557517006445]",1,-1
33635,[0.46696986 0.52106948],0,-1,-1,1,-1
33636,[0.64700498 0.56876566],3,3,"[0.6601234827680622, 0.6109507568947781]",1,-1
33637,[0.44370743 0.60942547],0,-1,-1,1,-1
33638,[0.63900391 0.56086711],3,3,"[0.6601234827680622, 0.6109507568947781]",1,-1
33639,[0.64051223 0.66810426],3,3,"[0.6601234827680622, 0.6109507568947781]",1,-1
33640,[0.3607889  0.63743929],0,1,"[0.37965276877051146, 0.575157747726818]",1,-1
33641,[0.73327294 0.70899727],2,0,"[0.7890750777399501, 0.6799557517006445]",1,-1
33642,[0.59953913 0.54805437],3,-1,-1,1,-1
33643,[0.66274412 0.6118358 ],3,3,"[0.6601234827680622, 0.6109507568947781]",1,-1
33644,[0.63952993 0.61732673],3,3,"[0.6601234827680622, 0.6109507568947781]",1,-1
33645,[0.58645375 0.61253136],3,-1,-1,1,-1
33646,[0.30865429 0.18741811],1,2,"[0.294379027732062, 0.1921773781634303]",0,0
33647,[0.33321533 0.19876012],1,2,"[0.294379027732062, 0.1921773781634303]",0,0
33648,[0.73375528 0.66297663],2,0,"[0.7890750777399501, 0.6799557517006445]",1,-1
33649,[0.27745052 0.31933916],1,-1,-1,0,0
33650,[0.71011236 0.72895972],3,-1,-1,1,-1
33651,[0.30669352 0.19530174],1,2,"[0.294379027732062, 0.1921773781634303]",0,0
33652,[0.3236566  0.16512997],1,2,"[0.294379027732062, 0.1921773781634303]",0,0
33653,[0.21115953 0.16711743],1,-1,-1,0,0
33654,[0.83418048 0.63985204],2,0,"[0.7890750777399501, 0.6799557517006445]",1,-1
33655,[0.75333693 0.5838139 ],3,-1,-1,1,-1
33656,[0.26811928 0.15393936],1,2,"[0.294379027732062, 0.1921773781634303]",0,0
33657,[0.78329219 0.60505397],2,-1,-1,1,-1
33658,[0.71430631 0.54435524],3,-1,-1,1,-1
33659,[0.72732009 0.53121516],3,-1,-1,1,-1
33660,[0.6440415  0.68372228],3,-1,-1,1,-1
33661,[0.37647501 0.65039166],0,-1,-1,1,-1
33662,[0.67724989 0.6273822 ],3,3,"[0.6601234827680622, 0.6109507568947781]",1,-1
33663,[0.37317196 0.5169653 ],0,1,"[0.37965276877051146, 0.575157747726818]",1,-1
33664,[0.28200165 0.21285652],1,2,"[0.294379027732062, 0.1921773781634303]",0,0
33665,[0.59646655 0.58272448],3,3,"[0.6601234827680622, 0.6109507568947781]",1,-1
33666,[0.68289893 0.64782035],3,3,"[0.6601234827680622, 0.6109507568947781]",1,-1
33667,[0.6750781 0.6247517],3,3,"[0.6601234827680622, 0.6109507568947781]",1,-1
33668,[0.31179546 0.2385521 ],1,2,"[0.294379027732062, 0.1921773781634303]",0,0
33669,[0.87023762 0.65396884],2,-1,-1,1,-1
33670,[0.69507107 0.63634018],3,3,"[0.6601234827680622, 0.6109507568947781]",1,-1
33671,[0.78313214 0.59656422],2,-1,-1,1,-1
33672,[0.6917286  0.58700788],3,3,"[0.6601234827680622, 0.6109507568947781]",1,-1
33673,[0.24930142 0.58282622],0,-1,-1,1,-1
33674,[0.83219539 0.66472421],2,0,"[0.7890750777399501, 0.6799557517006445]",1,-1
33675,[0.29672947 0.27305328],1,-1,-1,0,0
33676,[0.75473654 0.71532548],2,0,"[0.7890750777399501, 0.6799557517006445]",1,-1
33677,[0.8378656  0.73368262],2,-1,-1,1,-1
33678,[0.67336628 0.60420761],3,3,"[0.6601234827680622, 0.6109507568947781]",1,-1
33679,[0.86871515 0.63439821],2,-1,-1,1,-1
33680,[0.74047369 0.76264882],2,-1,-1,1,-1
33681,[0.78872698 0.61120127],2,0,"[0.7890750777399501, 0.6799557517006445]",1,-1
33682,[0.2887678  0.26717059],1,-1,-1,0,0
33683,[0.66328219 0.6021682 ],3,3,"[0.6601234827680622, 0.6109507568947781]",1,-1
33684,[0.29507351 0.52402915],0,-1,-1,1,-1
33685,[0.37738751 0.58829692],0,1,"[0.37965276877051146, 0.575157747726818]",1,-1
33686,[0.68764876 0.66337748],3,3,"[0.6601234827680622, 0.6109507568947781]",1,-1
33687,[0.34937738 0.615824  ],0,1,"[0.37965276877051146, 0.575157747726818]",1,-1
33688,[0.73402709 0.69030486],2,0,"[0.7890750777399501, 0.6799557517006445]",1,-1
33689,[0.79509681 0.70719102],2,0,"[0.7890750777399501, 0.6799557517006445]",1,-1
33690,[0.64588272 0.64879322],3,3,"[0.6601234827680622, 0.6109507568947781]",1,-1
33691,[0.21510587 0.12080851],1,-1,-1,0,0
33692,[0.28129052 0.2279187 ],1,2,"[0.294379027732062, 0.1921773781634303]",0,0
33693,[0.64766333 0.5954073 ],3,3,"[0.6601234827680622, 0.6109507568947781]",1,-1
33694,[0.70253727 0.72278236],2,-1,-1,1,-1
33695,[0.28040798 0.1530244 ],1,2,"[0.294379027732062, 0.1921773781634303]",0,0
33696,[0.80968369 0.75263208],2,-1,-1,1,-1
33697,[0.4548864  0.62212239],0,-1,-1,1,-1
33698,[0.30540137 0.11365481],1,-1,-1,0,0
33699,[0.63514351 0.54387669],3,-1,-1,1,-1
33700,[0.76460318 0.69652994],3,0,"[0.7890750777399501, 0.6799557517006445]",1,4
33701,[0.35955476 0.56097087],0,1,"[0.37965276877051146, 0.575157747726818]",1,-1
33702,[0.83546676 0.66513826],2,0,"[0.7890750777399501, 0.6799557517006445]",1,-1
33703,[0.76834255 0.66542423],2,0,"[0.7890750777399501, 0.6799557517006445]",1,-1
33704,[0.35528064 0.61433828],0,1,"[0.37965276877051146, 0.575157747726818]",1,-1
33705,[0.28633433 0.20005267],1,2,"[0.294379027732062, 0.1921773781634303]",0,0
33706,[0.65301314 0.64057858],3,3,"[0.6601234827680622, 0.6109507568947781]",1,-1
33707,[0.70572845 0.60867239],3,3,"[0.6601234827680622, 0.6109507568947781]",1,-1
33708,[0.86517619 0.61501559],2,-1,-1,1,-1
33709,[0.77539854 0.64044796],2,0,"[0.7890750777399501, 0.6799557517006445]",1,-1
33710,[0.85356948 0.72145133],2,-1,-1,1,-1
33711,[0.25187522 0.13264417],1,-1,-1,0,0
33712,[0.80003227 0.62832677],2,0,"[0.7890750777399501, 0.6799557517006445]",1,-1
33713,[0.30763914 0.12683714],1,2,"[0.294379027732062, 0.1921773781634303]",0,0
33714,[0.84952589 0.76245844],2,-1,-1,1,-1
33715,[0.23711837 0.20527504],1,2,"[0.294379027732062, 0.1921773781634303]",0,0
33716,[0.36734896 0.18195038],1,-1,-1,0,0
33717,[0.29440927 0.2124759 ],1,2,"[0.294379027732062, 0.1921773781634303]",0,0
33718,[0.81144213 0.69547228],2,0,"[0.7890750777399501, 0.6799557517006445]",1,-1
33719,[0.66496539 0.52695687],3,-1,-1,1,-1
33720,[0.8201534  0.70964393],2,0,"[0.7890750777399501, 0.6799557517006445]",1,-1
33721,[0.76667891 0.77042599],2,-1,-1,1,-1
33722,[0.75806152 0.67676383],2,0,"[0.7890750777399501, 0.6799557517006445]",1,-1
33723,[0.74081272 0.66892004],2,0,"[0.7890750777399501, 0.6799557517006445]",1,-1
33724,[0.75880618 0.77610106],2,-1,-1,1,-1
33725,[0.72602881 0.64271902],3,-1,-1,1,-1
33726,[0.44660332 0.64709567],0,-1,-1,1,-1
33727,[0.70618508 0.62796512],3,3,"[0.6601234827680622, 0.6109507568947781]",1,-1
33728,[0.55952281 0.63927053],3,-1,-1,1,-1
33729,[0.22876544 0.15669724],1,-1,-1,0,0
33730,[0.33375197 0.59719249],0,1,"[0.37965276877051146, 0.575157747726818]",1,-1
33731,[0.34529081 0.51409765],0,-1,-1,1,-1
33732,[0.36479462 0.55601927],0,1,"[0.37965276877051146, 0.575157747726818]",1,1
33733,[0.22406404 0.19292222],1,-1,-1,0,0
33734,[0.78028543 0.7129022 ],2,0,"[0.7890750777399501, 0.6799557517006445]",1,-1
33735,[0.42368518 0.56706321],0,1,"[0.37965276877051146, 0.575157747726818]",1,-1
33736,[0.22077275 0.24575438],1,-1,-1,0,0
33737,[0.2689047  0.22039342],1,2,"[0.294379027732062, 0.1921773781634303]",0,0
33738,[0.31539848 0.60260123],0,1,"[0.37965276877051146, 0.575157747726818]",1,-1
33739,[0.41724743 0.61524522],0,1,"[0.37965276877051146, 0.575157747726818]",1,-1
33740,[0.81694835 0.68883734],2,0,"[0.7890750777399501, 0.6799557517006445]",1,4
33741,[0.32559261 0.51325637],0,-1,-1,1,-1
33742,[0.74752511 0.66597112],2,0,"[0.7890750777399501, 0.6799557517006445]",1,-1
33743,[0.81723285 0.68405713],2,0,"[0.7890750777399501, 0.6799557517006445]",1,-1
33744,[0.66137905 0.69738075],3,-1,-1,1,-1
33745,[0.30407521 0.17325981],1,2,"[0.294379027732062, 0.1921773781634303]",0,0
33746,[0.28629059 0.13469072],1,2,"[0.294379027732062, 0.1921773781634303]",0,0
33747,[0.57555592 0.63131959],3,-1,-1,1,-1
33748,[0.31321653 0.59783009],0,-1,-1,1,-1
33749,[0.37614187 0.56960366],0,1,"[0.37965276877051146, 0.575157747726818]",1,1
33750,[0.76919811 0.67894872],2,0,"[0.7890750777399501, 0.6799557517006445]",1,4
33751,[0.77575283 0.71593406],2,0,"[0.7890750777399501, 0.6799557517006445]",1,-1
33752,[0.88626885 0.61753005],2,-1,-1,1,-1
33753,[0.38326298 0.57331816],0,1,"[0.37965276877051146, 0.575157747726818]",1,-1
33754,[0.37559813 0.58050697],0,1,"[0.37965276877051146, 0.575157747726818]",1,1
33755,[0.45060505 0.54557246],0,-1,-1,1,-1
33756,[0.70271558 0.60208815],3,3,"[0.6601234827680622, 0.6109507568947781]",1,-1
33757,[0.36832749 0.2520317 ],1,-1,-1,0,0
33758,[0.31324113 0.1587798 ],1,2,"[0.294379027732062, 0.1921773781634303]",0,0
33759,[0.27346223 0.1968089 ],1,2,"[0.294379027732062, 0.1921773781634303]",0,0
33760,[0.78293974 0.68779069],2,0,"[0.7890750777399501, 0.6799557517006445]",1,-1
33761,[0.81907174 0.7252598 ],2,0,"[0.7890750777399501, 0.6799557517006445]",1,-1
33762,[0.71170344 0.57613619],3,3,"[0.6601234827680622, 0.6109507568947781]",1,-1
33763,[0.70360264 0.66521113],3,3,"[0.6601234827680622, 0.6109507568947781]",1,-1
33764,[0.33193349 0.62633762],0,1,"[0.37965276877051146, 0.575157747726818]",1,-1
33765,[0.69276995 0.61615744],3,3,"[0.6601234827680622, 0.6109507568947781]",1,-1
33766,[0.420592   0.64083038],0,-1,-1,1,-1
33767,[0.2822616  0.26818858],1,-1,-1,0,0
33768,[0.32755323 0.16378825],1,2,"[0.294379027732062, 0.1921773781634303]",0,0
33769,[0.44593569 0.58530507],0,1,"[0.37965276877051146, 0.575157747726818]",1,-1
33770,[0.41849162 0.50126887],0,-1,-1,1,-1
33771,[0.81650957 0.72624456],2,0,"[0.7890750777399501, 0.6799557517006445]",1,-1
33772,[0.78426991 0.6298293 ],2,0,"[0.7890750777399501, 0.6799557517006445]",1,-1
33773,[0.36572619 0.54014055],0,1,"[0.37965276877051146, 0.575157747726818]",1,-1
33774,[0.66485462 0.57067888],3,3,"[0.6601234827680622, 0.6109507568947781]",1,-1
33775,[0.17066894 0.1556402 ],1,-1,-1,0,0
33776,[0.67295945 0.60695059],3,3,"[0.6601234827680622, 0.6109507568947781]",1,5
33777,[0.48105172 0.57279518],0,-1,-1,1,-1
33778,[0.40962363 0.60988939],0,1,"[0.37965276877051146, 0.575157747726818]",1,-1
33779,[0.62468351 0.61267167],3,3,"[0.6601234827680622, 0.6109507568947781]",1,-1
33780,[0.2681555  0.20631196],1,2,"[0.294379027732062, 0.1921773781634303]",0,0
33781,[0.34136733 0.13946148],1,-1,-1,0,0
33782,[0.3739799  0.61743852],0,1,"[0.37965276877051146, 0.575157747726818]",1,-1
33783,[0.37168479 0.57262372],0,1,"[0.37965276877051146, 0.575157747726818]",1,1
33784,[0.76230234 0.75220626],2,-1,-1,1,-1
33785,[0.73049467 0.62955525],3,-1,-1,1,-1
33786,[0.6093696  0.57466532],3,3,"[0.6601234827680622, 0.6109507568947781]",1,-1
33787,[0.82966742 0.70909404],2,0,"[0.7890750777399501, 0.6799557517006445]",1,-1
33788,[0.41958909 0.63163719],0,1,"[0.37965276877051146, 0.575157747726818]",1,-1
33789,[0.2174695  0.04487394],1,-1,-1,0,0
33790,[0.7254525  0.66210477],3,0,"[0.7890750777399501, 0.6799557517006445]",1,-1
33791,[0.39470161 0.45993715],0,-1,-1,1,-1
33792,[0.41481687 0.57127769],0,1,"[0.37965276877051146, 0.575157747726818]",1,2
33793,[0.83091845 0.6985605 ],2,0,"[0.7890750777399501, 0.6799557517006445]",1,-1
33794,[0.62451548 0.58317692],3,3,"[0.6601234827680622, 0.6109507568947781]",1,-1
33795,[0.44464712 0.56038288],0,1,"[0.37965276877051146, 0.575157747726818]",1,-1
33796,[0.67862439 0.617913  ],3,3,"[0.6601234827680622, 0.6109507568947781]",1,-1
33797,[0.41444864 0.55945263],0,1,"[0.37965276877051146, 0.575157747726818]",1,-1
33798,[0.8418576  0.72229115],2,0,"[0.7890750777399501, 0.6799557517006445]",1,-1
33799,[0.39763219 0.66431226],0,-1,-1,1,-1
33800,[0.62393787 0.63541684],3,3,"[0.6601234827680622, 0.6109507568947781]",1,-1
33801,[0.39391845 0.59421002],0,1,"[0.37965276877051146, 0.575157747726818]",1,-1
33802,[0.42190644 0.6446489 ],0,-1,-1,1,-1
33803,[0.2823226  0.13525328],1,2,"[0.294379027732062, 0.1921773781634303]",0,0
33804,[0.36433026 0.67224905],0,-1,-1,1,-1
33805,[0.78259868 0.67509197],2,0,"[0.7890750777399501, 0.6799557517006445]",1,4
33806,[0.75894287 0.72738772],3,0,"[0.7890750777399501, 0.6799557517006445]",1,-1
33807,[0.67007422 0.60531056],3,3,"[0.6601234827680622, 0.6109507568947781]",1,-1
33808,[0.63771811 0.59675218],3,3,"[0.6601234827680622, 0.6109507568947781]",1,-1
33809,[0.32501444 0.61311086],0,1,"[0.37965276877051146, 0.575157747726818]",1,-1
33810,[0.37123836 0.23502318],1,-1,-1,0,0
33811,[0.84462985 0.71069769],2,0,"[0.7890750777399501, 0.6799557517006445]",1,-1
33812,[0.67891279 0.59169944],3,3,"[0.6601234827680622, 0.6109507568947781]",1,-1
33813,[0.90635043 0.70591626],2,-1,-1,1,-1
33814,[0.28893463 0.19962354],1,2,"[0.294379027732062, 0.1921773781634303]",0,0
33815,[0.68136249 0.56972566],3,3,"[0.6601234827680622, 0.6109507568947781]",1,-1
33816,[0.36336075 0.50407642],0,-1,-1,1,-1
33817,[0.28923516 0.32013744],1,-1,-1,0,0
33818,[0.28572386 0.20802579],1,2,"[0.294379027732062, 0.1921773781634303]",0,0
33819,[0.65303514 0.69400817],3,-1,-1,1,-1
33820,[0.35109911 0.60691002],0,1,"[0.37965276877051146, 0.575157747726818]",1,-1
33821,[0.76693945 0.71824349],2,0,"[0.7890750777399501, 0.6799557517006445]",1,-1
33822,[0.73334659 0.6856674 ],2,0,"[0.7890750777399501, 0.6799557517006445]",1,-1
33823,[0.84275524 0.69407312],2,0,"[0.7890750777399501, 0.6799557517006445]",1,-1
33824,[0.75922733 0.63728315],2,0,"[0.7890750777399501, 0.6799557517006445]",1,-1
33825,[0.44338113 0.61175132],0,-1,-1,1,-1
33826,[0.37222706 0.5493303 ],0,1,"[0.37965276877051146, 0.575157747726818]",1,-1
33827,[0.74159525 0.70384869],2,0,"[0.7890750777399501, 0.6799557517006445]",1,-1
33828,[0.72602987 0.62847289],2,3,"[0.6601234827680622, 0.6109507568947781]",1,-1
33829,[0.45869701 0.55749024],0,-1,-1,1,-1
33830,[0.77673887 0.75509986],2,-1,-1,1,-1
33831,[0.60630587 0.61914872],3,3,"[0.6601234827680622, 0.6109507568947781]",1,-1
33832,[0.76021037 0.76319075],2,-1,-1,1,-1
33833,[0.69084395 0.65179749],3,3,"[0.6601234827680622, 0.6109507568947781]",1,-1
33834,[0.40941408 0.70517821],0,-1,-1,1,-1
33835,[0.28717635 0.14923579],1,2,"[0.294379027732062, 0.1921773781634303]",0,0
33836,[0.28378315 0.53241204],0,-1,-1,1,-1
33837,[0.61989278 0.60467189],3,3,"[0.6601234827680622, 0.6109507568947781]",1,-1
33838,[0.33506831 0.54574041],0,1,"[0.37965276877051146, 0.575157747726818]",1,-1
33839,[0.85504771 0.6974933 ],2,0,"[0.7890750777399501, 0.6799557517006445]",1,-1
33840,[0.28746055 0.55405058],0,-1,-1,1,-1
33841,[0.27225469 0.16262277],1,2,"[0.294379027732062, 0.1921773781634303]",0,0
33842,[0.6633391  0.63063021],3,3,"[0.6601234827680622, 0.6109507568947781]",1,7
33843,[0.20440001 0.20153931],1,-1,-1,0,0
33844,[0.32401142 0.18676489],1,2,"[0.294379027732062, 0.1921773781634303]",0,0
33845,[0.37863299 0.60918282],0,1,"[0.37965276877051146, 0.575157747726818]",1,-1
33846,[0.73633184 0.61061661],3,-1,-1,1,-1
33847,[0.3003399  0.10947887],1,-1,-1,0,0
33848,[0.20253439 0.19913044],1,-1,-1,0,0
33849,[0.36099077 0.59317485],0,1,"[0.37965276877051146, 0.575157747726818]",1,-1
33850,[0.36081123 0.54793084],0,1,"[0.37965276877051146, 0.575157747726818]",1,-1
33851,[0.40514445 0.57873333],0,1,"[0.37965276877051146, 0.575157747726818]",1,-1
33852,[0.83143458 0.70496441],2,0,"[0.7890750777399501, 0.6799557517006445]",1,-1
33853,[0.68993852 0.57474649],3,3,"[0.6601234827680622, 0.6109507568947781]",1,-1
33854,[0.26440403 0.21325119],1,2,"[0.294379027732062, 0.1921773781634303]",0,0
33855,[0.673755 0.601998],3,3,"[0.6601234827680622, 0.6109507568947781]",1,-1
33856,[0.34753219 0.5466739 ],0,1,"[0.37965276877051146, 0.575157747726818]",1,-1
33857,[0.2993796  0.23114841],1,2,"[0.294379027732062, 0.1921773781634303]",0,0
33858,[0.31069491 0.56631595],0,1,"[0.37965276877051146, 0.575157747726818]",1,-1
33859,[0.77856633 0.73138203],2,0,"[0.7890750777399501, 0.6799557517006445]",1,-1
33860,[0.43509343 0.64482524],0,-1,-1,1,-1
33861,[0.2228864  0.12213209],1,-1,-1,0,0
33862,[0.35666956 0.56288559],0,1,"[0.37965276877051146, 0.575157747726818]",1,-1
33863,[0.32829109 0.18411719],1,2,"[0.294379027732062, 0.1921773781634303]",0,0
33864,[0.32673387 0.59594814],0,1,"[0.37965276877051146, 0.575157747726818]",1,-1
33865,[0.81824892 0.72954441],2,0,"[0.7890750777399501, 0.6799557517006445]",1,-1
33866,[0.40016915 0.4706174 ],0,-1,-1,1,-1
33867,[0.37869235 0.6078508 ],0,1,"[0.37965276877051146, 0.575157747726818]",1,-1
33868,[0.64429648 0.53417594],3,-1,-1,1,-1
33869,[0.64734085 0.60325197],3,3,"[0.6601234827680622, 0.6109507568947781]",1,-1
33870,[0.77532629 0.63459284],2,0,"[0.7890750777399501, 0.6799557517006445]",1,-1
33871,[0.33191453 0.18731047],1,2,"[0.294379027732062, 0.1921773781634303]",0,0
33872,[0.82334594 0.7543704 ],2,-1,-1,1,-1
33873,[0.33998973 0.58458153],0,1,"[0.37965276877051146, 0.575157747726818]",1,-1
33874,[0.67812881 0.67733262],3,3,"[0.6601234827680622, 0.6109507568947781]",1,-1
33875,[0.27954999 0.44503651],0,-1,-1,1,-1
33876,[0.78322438 0.6677766 ],2,0,"[0.7890750777399501, 0.6799557517006445]",1,-1
33877,[0.75079812 0.77083044],2,-1,-1,1,-1
33878,[0.26545999 0.16862074],1,2,"[0.294379027732062, 0.1921773781634303]",0,0
33879,[0.36140178 0.20951326],1,2,"[0.294379027732062, 0.1921773781634303]",0,0
33880,[0.7214741  0.60776429],3,3,"[0.6601234827680622, 0.6109507568947781]",1,-1
33881,[0.28701762 0.22740108],1,2,"[0.294379027732062, 0.1921773781634303]",0,0
33882,[0.24515436 0.20350422],1,2,"[0.294379027732062, 0.1921773781634303]",0,0
33883,[0.83712877 0.67349537],2,0,"[0.7890750777399501, 0.6799557517006445]",1,-1
33884,[0.25964503 0.23708297],1,2,"[0.294379027732062, 0.1921773781634303]",0,0
33885,[0.74203262 0.66905457],2,0,"[0.7890750777399501, 0.6799557517006445]",1,-1
33886,[0.67802933 0.60963757],3,3,"[0.6601234827680622, 0.6109507568947781]",1,-1
33887,[0.45119069 0.50476967],0,-1,-1,1,-1
33888,[0.80772136 0.6163559 ],2,0,"[0.7890750777399501, 0.6799557517006445]",1,-1
33889,[0.89971673 0.67642321],2,-1,-1,1,-1
33890,[0.59691747 0.63531689],3,3,"[0.6601234827680622, 0.6109507568947781]",1,-1
33891,[0.29124533 0.20934699],1,2,"[0.294379027732062, 0.1921773781634303]",0,0
33892,[0.6685554  0.71185742],3,-1,-1,1,-1
33893,[0.38564855 0.58083215],0,1,"[0.37965276877051146, 0.575157747726818]",1,-1
33894,[0.32942686 0.57754867],0,1,"[0.37965276877051146, 0.575157747726818]",1,-1
33895,[0.72904648 0.61525909],3,3,"[0.6601234827680622, 0.6109507568947781]",1,-1
33896,[0.31023244 0.23866448],1,2,"[0.294379027732062, 0.1921773781634303]",0,0
33897,[0.33495019 0.50236397],0,-1,-1,1,-1
33898,[0.79079767 0.72685905],2,0,"[0.7890750777399501, 0.6799557517006445]",1,-1
33899,[0.72428857 0.63134583],3,3,"[0.6601234827680622, 0.6109507568947781]",1,-1
33900,[0.71900165 0.71848446],2,-1,-1,1,-1
33901,[0.37169499 0.18118426],1,-1,-1,0,0
33902,[0.79371503 0.65332372],2,0,"[0.7890750777399501, 0.6799557517006445]",1,-1
33903,[0.75917723 0.73997941],2,0,"[0.7890750777399501, 0.6799557517006445]",1,-1
33904,[0.26127369 0.15996377],1,2,"[0.294379027732062, 0.1921773781634303]",0,0
33905,[0.72669473 0.65733281],3,0,"[0.7890750777399501, 0.6799557517006445]",1,-1
33906,[0.52275316 0.51543823],0,-1,-1,1,-1
33907,[0.33249157 0.6340469 ],0,-1,-1,1,-1
33908,[0.28691048 0.2341602 ],1,2,"[0.294379027732062, 0.1921773781634303]",0,0
33909,[0.52392638 0.6484587 ],3,-1,-1,1,-1
33910,[0.27207222 0.47490982],0,-1,-1,1,-1
33911,[0.29494199 0.18656847],1,2,"[0.294379027732062, 0.1921773781634303]",0,0
33912,[0.50470205 0.56039622],0,-1,-1,1,-1
33913,[0.69889397 0.59865575],3,3,"[0.6601234827680622, 0.6109507568947781]",1,-1
33914,[0.36486671 0.5289049 ],0,1,"[0.37965276877051146, 0.575157747726818]",1,-1
33915,[0.57846864 0.58403182],3,-1,-1,1,-1
33916,[0.77133785 0.62832149],2,0,"[0.7890750777399501, 0.6799557517006445]",1,-1
33917,[0.82978792 0.73587606],2,0,"[0.7890750777399501, 0.6799557517006445]",1,-1
33918,[0.74984627 0.7989526 ],2,-1,-1,1,-1
33919,[0.86130767 0.75674713],2,-1,-1,1,-1
33920,[0.672537   0.69343316],3,-1,-1,1,-1
33921,[0.70050446 0.65506372],3,3,"[0.6601234827680622, 0.6109507568947781]",1,-1
33922,[0.66050155 0.62538112],3,3,"[0.6601234827680622, 0.6109507568947781]",1,-1
33923,[0.46795559 0.57820611],0,-1,-1,1,-1
33924,[0.79090905 0.6910211 ],2,0,"[0.7890750777399501, 0.6799557517006445]",1,-1
33925,[0.2996253  0.24216931],1,2,"[0.294379027732062, 0.1921773781634303]",0,0
33926,[0.34968789 0.2346436 ],1,2,"[0.294379027732062, 0.1921773781634303]",0,0
33927,[0.81284277 0.6417788 ],2,0,"[0.7890750777399501, 0.6799557517006445]",1,-1
33928,[0.63980182 0.65714746],3,3,"[0.6601234827680622, 0.6109507568947781]",1,-1
33929,[0.70496489 0.64192672],2,3,"[0.6601234827680622, 0.6109507568947781]",1,-1
33930,[0.65518302 0.69420162],3,-1,-1,1,-1
33931,[0.60109932 0.66145779],3,-1,-1,1,-1
33932,[0.69317345 0.61251747],3,3,"[0.6601234827680622, 0.6109507568947781]",1,-1
33933,[0.6839436  0.67207493],3,3,"[0.6601234827680622, 0.6109507568947781]",1,-1
33934,[0.55321235 0.62211901],3,-1,-1,1,-1
33935,[0.38357076 0.49778739],0,-1,-1,1,-1
33936,[0.29391931 0.28449483],1,-1,-1,0,0
33937,[0.44048808 0.56002673],0,1,"[0.37965276877051146, 0.575157747726818]",1,-1
33938,[0.39101143 0.63904668],0,1,"[0.37965276877051146, 0.575157747726818]",1,-1
33939,[0.67658365 0.6070563 ],3,3,"[0.6601234827680622, 0.6109507568947781]",1,5
33940,[0.39739356 0.21122843],1,-1,-1,0,0
33941,[0.76056943 0.65482888],2,0,"[0.7890750777399501, 0.6799557517006445]",1,-1
33942,[0.38673419 0.6252998 ],0,1,"[0.37965276877051146, 0.575157747726818]",1,-1
33943,[0.36767105 0.51616126],0,1,"[0.37965276877051146, 0.575157747726818]",1,-1
33944,[0.16407862 0.15390189],1,-1,-1,0,0
33945,[0.38362119 0.5683306 ],0,1,"[0.37965276877051146, 0.575157747726818]",1,-1
33946,[0.61327454 0.65883685],3,3,"[0.6601234827680622, 0.6109507568947781]",1,-1
33947,[0.40551889 0.57100408],0,1,"[0.37965276877051146, 0.575157747726818]",1,2
33948,[0.64611882 0.60352557],3,3,"[0.6601234827680622, 0.6109507568947781]",1,-1
33949,[0.63861156 0.58933124],3,3,"[0.6601234827680622, 0.6109507568947781]",1,-1
33950,[0.73377897 0.6907939 ],3,0,"[0.7890750777399501, 0.6799557517006445]",1,-1
33951,[0.26840503 0.23811475],1,2,"[0.294379027732062, 0.1921773781634303]",0,0
33952,[0.67085897 0.61166175],3,3,"[0.6601234827680622, 0.6109507568947781]",1,-1
33953,[0.3504887  0.17852263],1,2,"[0.294379027732062, 0.1921773781634303]",0,0
33954,[0.73730324 0.76200136],2,-1,-1,1,-1
33955,[0.27498404 0.17029897],1,2,"[0.294379027732062, 0.1921773781634303]",0,0
33956,[0.33201378 0.23752901],1,2,"[0.294379027732062, 0.1921773781634303]",0,0
33957,[0.69041612 0.64543284],3,3,"[0.6601234827680622, 0.6109507568947781]",1,-1
33958,[0.60936136 0.55721324],3,-1,-1,1,-1
33959,[0.64136856 0.53817549],3,-1,-1,1,-1
33960,[0.40821487 0.61827971],0,1,"[0.37965276877051146, 0.575157747726818]",1,-1
33961,[0.27507978 0.23323816],1,2,"[0.294379027732062, 0.1921773781634303]",0,0
33962,[0.42211395 0.60534428],0,1,"[0.37965276877051146, 0.575157747726818]",1,-1
33963,[0.32351626 0.68717761],0,-1,-1,1,-1
33964,[0.31702897 0.59578144],0,1,"[0.37965276877051146, 0.575157747726818]",1,-1
33965,[0.74504038 0.63664864],3,0,"[0.7890750777399501, 0.6799557517006445]",1,-1
33966,[0.25169326 0.22981993],1,2,"[0.294379027732062, 0.1921773781634303]",0,0
33967,[0.41239096 0.59226059],0,1,"[0.37965276877051146, 0.575157747726818]",1,-1
33968,[0.67230767 0.65101366],3,3,"[0.6601234827680622, 0.6109507568947781]",1,-1
33969,[0.82265326 0.72661289],2,0,"[0.7890750777399501, 0.6799557517006445]",1,-1
33970,[0.29017832 0.20991234],1,2,"[0.294379027732062, 0.1921773781634303]",0,0
33971,[0.82264229 0.63627207],2,0,"[0.7890750777399501, 0.6799557517006445]",1,-1
33972,[0.30382358 0.20151283],1,2,"[0.294379027732062, 0.1921773781634303]",0,0
33973,[0.63700601 0.62978263],3,3,"[0.6601234827680622, 0.6109507568947781]",1,-1
33974,[0.8063671 0.6031188],2,-1,-1,1,-1
33975,[0.66882398 0.58916408],3,3,"[0.6601234827680622, 0.6109507568947781]",1,-1
33976,[0.42043162 0.57320196],0,1,"[0.37965276877051146, 0.575157747726818]",1,-1
33977,[0.33226742 0.72478298],0,-1,-1,1,-1
33978,[0.65530865 0.63925673],3,3,"[0.6601234827680622, 0.6109507568947781]",1,-1
33979,[0.29855688 0.20753101],1,2,"[0.294379027732062, 0.1921773781634303]",0,0
33980,[0.82638527 0.61064384],2,-1,-1,1,-1
33981,[0.65578106 0.54433748],3,3,"[0.6601234827680622, 0.6109507568947781]",1,-1
33982,[0.28847317 0.09979415],1,-1,-1,0,0
33983,[0.87354073 0.65706724],2,-1,-1,1,-1
33984,[0.25380192 0.17042235],1,2,"[0.294379027732062, 0.1921773781634303]",0,0
33985,[0.22935738 0.26403767],1,-1,-1,0,0
33986,[0.76374119 0.52601506],3,-1,-1,1,-1
33987,[0.79644508 0.70530258],2,0,"[0.7890750777399501, 0.6799557517006445]",1,-1
33988,[0.80847842 0.68392753],2,0,"[0.7890750777399501, 0.6799557517006445]",1,-1
33989,[0.33704669 0.20707782],1,2,"[0.294379027732062, 0.1921773781634303]",0,0
33990,[0.25152731 0.20928606],1,2,"[0.294379027732062, 0.1921773781634303]",0,0
33991,[0.47043854 0.59933937],0,-1,-1,1,-1
33992,[0.32020035 0.19312365],1,2,"[0.294379027732062, 0.1921773781634303]",0,0
33993,[0.38693323 0.63958308],0,1,"[0.37965276877051146, 0.575157747726818]",1,-1
33994,[0.34015018 0.57574474],0,1,"[0.37965276877051146, 0.575157747726818]",1,-1
33995,[0.79818096 0.6734017 ],2,0,"[0.7890750777399501, 0.6799557517006445]",1,4
33996,[0.79045607 0.65418284],2,0,"[0.7890750777399501, 0.6799557517006445]",1,-1
33997,[0.40300203 0.62010707],0,1,"[0.37965276877051146, 0.575157747726818]",1,-1
33998,[0.80403827 0.63544148],2,0,"[0.7890750777399501, 0.6799557517006445]",1,-1
33999,[0.24638892 0.19496297],1,2,"[0.294379027732062, 0.1921773781634303]",0,0
34000,[0.25062409 0.26182443],1,-1,-1,0,0
34001,[0.45571358 0.56074672],0,-1,-1,1,-1
34002,[0.77608037 0.64435159],2,0,"[0.7890750777399501, 0.6799557517006445]",1,-1
34003,[0.87540865 0.67412592],2,-1,-1,1,-1
34004,[0.80650432 0.70382804],2,0,"[0.7890750777399501, 0.6799557517006445]",1,-1
34005,[0.4103643  0.51861732],0,1,"[0.37965276877051146, 0.575157747726818]",1,-1
34006,[0.84575643 0.66949451],2,0,"[0.7890750777399501, 0.6799557517006445]",1,-1
34007,[0.24750457 0.07239661],1,-1,-1,0,0
34008,[0.32565633 0.14030984],1,2,"[0.294379027732062, 0.1921773781634303]",0,0
34009,[0.24963256 0.11427027],1,-1,-1,0,0
34010,[0.35445855 0.25217049],1,-1,-1,0,0
34011,[0.65464321 0.62199934],3,3,"[0.6601234827680622, 0.6109507568947781]",1,7
34012,[0.65996735 0.70879755],3,-1,-1,1,-1
34013,[0.62363174 0.61129861],3,3,"[0.6601234827680622, 0.6109507568947781]",1,-1
34014,[0.82684757 0.68843481],3,0,"[0.7890750777399501, 0.6799557517006445]",1,-1
34015,[0.44197341 0.59453138],0,1,"[0.37965276877051146, 0.575157747726818]",1,-1
34016,[0.34817078 0.60947514],0,1,"[0.37965276877051146, 0.575157747726818]",1,-1
34017,[0.40520096 0.56598282],0,1,"[0.37965276877051146, 0.575157747726818]",1,2
34018,[0.1912886  0.24219956],1,-1,-1,0,0
34019,[0.29734516 0.19765501],1,2,"[0.294379027732062, 0.1921773781634303]",0,0
34020,[0.76394461 0.61920425],2,0,"[0.7890750777399501, 0.6799557517006445]",1,-1
34021,[0.67392806 0.57928489],3,3,"[0.6601234827680622, 0.6109507568947781]",1,-1
34022,[0.3729173  0.17236006],1,-1,-1,0,0
34023,[0.74802213 0.7037244 ],2,0,"[0.7890750777399501, 0.6799557517006445]",1,-1
34024,[0.67236586 0.62573623],3,3,"[0.6601234827680622, 0.6109507568947781]",1,-1
34025,[0.40620138 0.61897571],0,1,"[0.37965276877051146, 0.575157747726818]",1,-1
34026,[0.76034994 0.72108983],2,0,"[0.7890750777399501, 0.6799557517006445]",1,-1
34027,[0.72592182 0.67076574],2,0,"[0.7890750777399501, 0.6799557517006445]",1,-1
34028,[0.69271293 0.62864044],3,3,"[0.6601234827680622, 0.6109507568947781]",1,7
34029,[0.42675761 0.63780294],0,-1,-1,1,-1
34030,[0.26016585 0.07222513],1,-1,-1,0,0
34031,[0.80161582 0.7775471 ],2,-1,-1,1,-1
34032,[0.83611292 0.71039723],2,0,"[0.7890750777399501, 0.6799557517006445]",1,-1
34033,[0.26336032 0.14170385],1,2,"[0.294379027732062, 0.1921773781634303]",0,0
34034,[0.694133   0.64935274],2,3,"[0.6601234827680622, 0.6109507568947781]",1,-1
34035,[0.70067405 0.71614888],2,-1,-1,1,-1
34036,[0.42238908 0.56174642],0,1,"[0.37965276877051146, 0.575157747726818]",1,-1
34037,[0.8744335 0.629107 ],2,-1,-1,1,-1
34038,[0.26680789 0.12595271],1,-1,-1,0,0
34039,[0.6357588  0.50052613],3,-1,-1,1,-1
34040,[0.77555353 0.78186644],2,-1,-1,1,-1
34041,[0.8009931  0.57655529],2,-1,-1,1,-1
34042,[0.41038882 0.54858825],0,1,"[0.37965276877051146, 0.575157747726818]",1,-1
34043,[0.8381403  0.71189878],2,0,"[0.7890750777399501, 0.6799557517006445]",1,-1
34044,[0.59536697 0.59883768],3,3,"[0.6601234827680622, 0.6109507568947781]",1,-1
34045,[0.26078801 0.17003121],1,2,"[0.294379027732062, 0.1921773781634303]",0,0
34046,[0.62158884 0.5685776 ],3,3,"[0.6601234827680622, 0.6109507568947781]",1,-1
34047,[0.6870598  0.59547537],3,3,"[0.6601234827680622, 0.6109507568947781]",1,-1
34048,[0.62745275 0.70818582],3,-1,-1,1,-1
34049,[0.725457   0.66280732],2,0,"[0.7890750777399501, 0.6799557517006445]",1,-1
34050,[0.31978837 0.11918481],1,-1,-1,0,0
34051,[0.67310231 0.57094552],3,3,"[0.6601234827680622, 0.6109507568947781]",1,-1
34052,[0.27313058 0.29363952],1,-1,-1,0,0
34053,[0.35472923 0.48558828],0,-1,-1,1,-1
34054,[0.28102052 0.17301359],1,2,"[0.294379027732062, 0.1921773781634303]",0,0
34055,[0.61670711 0.66654769],3,-1,-1,1,-1
34056,[0.69809676 0.51259268],3,-1,-1,1,-1
34057,[0.73459932 0.68729534],3,0,"[0.7890750777399501, 0.6799557517006445]",1,-1
34058,[0.35833022 0.59840381],0,1,"[0.37965276877051146, 0.575157747726818]",1,-1
34059,[0.3600352  0.25697509],1,-1,-1,0,0
34060,[0.35090667 0.57128556],0,1,"[0.37965276877051146, 0.575157747726818]",1,-1
34061,[0.36944423 0.60410541],0,1,"[0.37965276877051146, 0.575157747726818]",1,-1
34062,[0.77670194 0.72809213],2,0,"[0.7890750777399501, 0.6799557517006445]",1,-1
34063,[0.68921259 0.59171851],3,3,"[0.6601234827680622, 0.6109507568947781]",1,-1
34064,[0.86560246 0.72129672],2,-1,-1,1,-1
34065,[0.28269124 0.16185776],1,2,"[0.294379027732062, 0.1921773781634303]",0,0
34066,[0.39771922 0.56533377],0,1,"[0.37965276877051146, 0.575157747726818]",1,2
34067,[0.2868442  0.20539083],1,2,"[0.294379027732062, 0.1921773781634303]",0,0
34068,[0.7426022  0.64099904],2,0,"[0.7890750777399501, 0.6799557517006445]",1,-1
34069,[0.32263624 0.74173201],0,-1,-1,1,-1
34070,[0.58954774 0.54133521],3,-1,-1,1,-1
34071,[0.68935219 0.49648614],3,-1,-1,1,-1
34072,[0.78626675 0.65061094],2,0,"[0.7890750777399501, 0.6799557517006445]",1,-1
34073,[0.70786621 0.6359954 ],2,3,"[0.6601234827680622, 0.6109507568947781]",1,-1
34074,[0.67245835 0.64087747],3,3,"[0.6601234827680622, 0.6109507568947781]",1,-1
34075,[0.66773534 0.7141782 ],3,-1,-1,1,-1
34076,[0.46154236 0.56210389],0,-1,-1,1,-1
34077,[0.7291252  0.56813794],3,-1,-1,1,-1
34078,[0.5925689  0.60264798],3,3,"[0.6601234827680622, 0.6109507568947781]",1,-1
34079,[0.7726712  0.66251042],2,0,"[0.7890750777399501, 0.6799557517006445]",1,-1
34080,[0.38053637 0.58272031],0,1,"[0.37965276877051146, 0.575157747726818]",1,-1
34081,[0.68840525 0.59884442],3,3,"[0.6601234827680622, 0.6109507568947781]",1,5
34082,[0.74943055 0.72814866],2,0,"[0.7890750777399501, 0.6799557517006445]",1,-1
34083,[0.64975744 0.57981557],3,3,"[0.6601234827680622, 0.6109507568947781]",1,-1
34084,[0.27040671 0.214611  ],1,2,"[0.294379027732062, 0.1921773781634303]",0,0
34085,[0.79336789 0.66755488],2,0,"[0.7890750777399501, 0.6799557517006445]",1,4
34086,[0.77938189 0.6435614 ],2,0,"[0.7890750777399501, 0.6799557517006445]",1,-1
34087,[0.41901607 0.58105277],0,1,"[0.37965276877051146, 0.575157747726818]",1,-1
34088,[0.77889991 0.73069312],2,0,"[0.7890750777399501, 0.6799557517006445]",1,-1
34089,[0.22824189 0.19893498],1,2,"[0.294379027732062, 0.1921773781634303]",0,0
34090,[0.34547491 0.49715971],0,-1,-1,1,-1
34091,[0.37465385 0.58214534],0,1,"[0.37965276877051146, 0.575157747726818]",1,1
34092,[0.40322622 0.54805501],0,1,"[0.37965276877051146, 0.575157747726818]",1,-1
34093,[0.81585329 0.69604886],2,0,"[0.7890750777399501, 0.6799557517006445]",1,-1
34094,[0.33128008 0.18527922],1,2,"[0.294379027732062, 0.1921773781634303]",0,0
34095,[0.75641816 0.71917791],2,0,"[0.7890750777399501, 0.6799557517006445]",1,-1
34096,[0.76789642 0.67860298],2,0,"[0.7890750777399501, 0.6799557517006445]",1,4
34097,[0.83308883 0.75418499],2,-1,-1,1,-1
34098,[0.48192668 0.53810117],0,-1,-1,1,-1
34099,[0.66660314 0.61534304],3,3,"[0.6601234827680622, 0.6109507568947781]",1,-1
34100,[0.38343968 0.63713463],0,1,"[0.37965276877051146, 0.575157747726818]",1,-1
34101,[0.64769623 0.62344914],3,3,"[0.6601234827680622, 0.6109507568947781]",1,-1
34102,[0.63875358 0.58078658],3,3,"[0.6601234827680622, 0.6109507568947781]",1,-1
34103,[0.6936483  0.69094463],3,-1,-1,1,-1
34104,[0.72595701 0.73714133],3,-1,-1,1,-1
34105,[0.37046029 0.57228232],0,1,"[0.37965276877051146, 0.575157747726818]",1,1
34106,[0.38060712 0.58779065],0,1,"[0.37965276877051146, 0.575157747726818]",1,-1
34107,[0.79317361 0.56894918],2,-1,-1,1,-1
34108,[0.76460173 0.69391488],2,0,"[0.7890750777399501, 0.6799557517006445]",1,-1
34109,[0.27615669 0.25829984],1,2,"[0.294379027732062, 0.1921773781634303]",0,0
34110,[0.67678986 0.55859401],3,3,"[0.6601234827680622, 0.6109507568947781]",1,-1
34111,[0.21958801 0.13431442],1,-1,-1,0,0
34112,[0.79905727 0.67479353],2,0,"[0.7890750777399501, 0.6799557517006445]",1,4
34113,[0.39387658 0.59074751],0,1,"[0.37965276877051146, 0.575157747726818]",1,-1
34114,[0.31969346 0.21873108],1,2,"[0.294379027732062, 0.1921773781634303]",0,0
34115,[0.33067022 0.20193016],1,2,"[0.294379027732062, 0.1921773781634303]",0,0
34116,[0.33590442 0.21710665],1,2,"[0.294379027732062, 0.1921773781634303]",0,0
34117,[0.46425757 0.55735617],0,-1,-1,1,-1
34118,[0.26345847 0.11998276],1,-1,-1,0,0
34119,[0.58414045 0.54184003],3,-1,-1,1,-1
34120,[0.28480989 0.49782676],0,-1,-1,1,-1
34121,[0.79334996 0.72995192],2,0,"[0.7890750777399501, 0.6799557517006445]",1,-1
34122,[0.77723928 0.64679371],2,0,"[0.7890750777399501, 0.6799557517006445]",1,-1
34123,[0.80496219 0.66758755],2,0,"[0.7890750777399501, 0.6799557517006445]",1,-1
34124,[0.79673518 0.68902638],2,0,"[0.7890750777399501, 0.6799557517006445]",1,-1
34125,[0.20427325 0.20318097],1,-1,-1,0,0
34126,[0.4406678  0.52371564],0,-1,-1,1,-1
34127,[0.32987322 0.21632236],1,2,"[0.294379027732062, 0.1921773781634303]",0,0
34128,[0.42721433 0.54101783],0,1,"[0.37965276877051146, 0.575157747726818]",1,-1
34129,[0.34005187 0.58297061],0,1,"[0.37965276877051146, 0.575157747726818]",1,-1
34130,[0.32451736 0.50336395],0,-1,-1,1,-1
34131,[0.37064299 0.16816787],1,-1,-1,0,0
34132,[0.72314608 0.615495  ],3,3,"[0.6601234827680622, 0.6109507568947781]",1,-1
34133,[0.34918938 0.52827719],0,1,"[0.37965276877051146, 0.575157747726818]",1,-1
34134,[0.32391964 0.59041087],0,1,"[0.37965276877051146, 0.575157747726818]",1,-1
34135,[0.40298717 0.62089744],0,1,"[0.37965276877051146, 0.575157747726818]",1,-1
34136,[0.39252841 0.20441261],1,-1,-1,0,0
34137,[0.42233095 0.63331033],0,-1,-1,1,-1
34138,[0.28924876 0.25787813],1,2,"[0.294379027732062, 0.1921773781634303]",0,0
34139,[0.33382452 0.53099609],0,1,"[0.37965276877051146, 0.575157747726818]",1,-1
34140,[0.41909271 0.61619821],0,1,"[0.37965276877051146, 0.575157747726818]",1,-1
34141,[0.61526502 0.65653454],3,3,"[0.6601234827680622, 0.6109507568947781]",1,-1
34142,[0.68065426 0.56399772],2,3,"[0.6601234827680622, 0.6109507568947781]",1,-1
34143,[0.63746292 0.57886006],3,3,"[0.6601234827680622, 0.6109507568947781]",1,-1
34144,[0.86775364 0.62622632],2,-1,-1,1,-1
34145,[0.2927338  0.55150247],0,-1,-1,1,-1
34146,[0.75634583 0.71686039],2,0,"[0.7890750777399501, 0.6799557517006445]",1,-1
34147,[0.72142836 0.71209577],2,-1,-1,1,-1
34148,[0.68464459 0.59548344],3,3,"[0.6601234827680622, 0.6109507568947781]",1,-1
34149,[0.58247715 0.57531187],3,-1,-1,1,-1
34150,[0.32256251 0.66340898],0,-1,-1,1,-1
34151,[0.62355848 0.63322724],3,3,"[0.6601234827680622, 0.6109507568947781]",1,-1
34152,[0.67329819 0.67018314],3,3,"[0.6601234827680622, 0.6109507568947781]",1,-1
34153,[0.18144701 0.2409985 ],1,-1,-1,0,0
34154,[0.80777098 0.67218611],2,0,"[0.7890750777399501, 0.6799557517006445]",1,-1
34155,[0.6460341  0.55222231],3,3,"[0.6601234827680622, 0.6109507568947781]",1,-1
34156,[0.67488496 0.58076314],3,3,"[0.6601234827680622, 0.6109507568947781]",1,-1
34157,[0.72886951 0.66489123],2,0,"[0.7890750777399501, 0.6799557517006445]",1,-1
34158,[0.67653037 0.6014906 ],3,3,"[0.6601234827680622, 0.6109507568947781]",1,5
34159,[0.68106211 0.67734836],3,3,"[0.6601234827680622, 0.6109507568947781]",1,-1
34160,[0.69045753 0.61852694],3,3,"[0.6601234827680622, 0.6109507568947781]",1,-1
34161,[0.98382366 0.77205736],2,-1,-1,1,-1
34162,[0.84896529 0.60671057],2,-1,-1,1,-1
34163,[0.36637786 0.58015546],0,1,"[0.37965276877051146, 0.575157747726818]",1,-1
34164,[0.34417351 0.6070582 ],0,1,"[0.37965276877051146, 0.575157747726818]",1,-1
34165,[0.88417122 0.75292872],2,-1,-1,1,-1
34166,[0.29110771 0.13894207],1,2,"[0.294379027732062, 0.1921773781634303]",0,0
34167,[0.2598439  0.18938203],1,2,"[0.294379027732062, 0.1921773781634303]",0,0
34168,[0.37003231 0.24832033],1,-1,-1,0,0
34169,[0.40634684 0.49481823],0,-1,-1,1,-1
34170,[0.34431747 0.57215455],0,1,"[0.37965276877051146, 0.575157747726818]",1,-1
34171,[0.83816049 0.68004605],2,0,"[0.7890750777399501, 0.6799557517006445]",1,-1
34172,[0.70194556 0.5237553 ],3,-1,-1,1,-1
34173,[0.67188596 0.59245921],3,3,"[0.6601234827680622, 0.6109507568947781]",1,-1
34174,[0.34871886 0.20381386],1,2,"[0.294379027732062, 0.1921773781634303]",0,0
34175,[0.34794657 0.61345161],0,1,"[0.37965276877051146, 0.575157747726818]",1,-1
34176,[0.27883463 0.22202596],1,2,"[0.294379027732062, 0.1921773781634303]",0,0
34177,[0.83850442 0.61020868],2,-1,-1,1,-1
34178,[0.64548118 0.59770031],3,3,"[0.6601234827680622, 0.6109507568947781]",1,-1
34179,[0.71246487 0.62928793],2,3,"[0.6601234827680622, 0.6109507568947781]",1,-1
34180,[0.65008822 0.59563892],3,3,"[0.6601234827680622, 0.6109507568947781]",1,-1
34181,[0.31832465 0.24643909],1,2,"[0.294379027732062, 0.1921773781634303]",0,0
34182,[0.77146751 0.7248078 ],2,0,"[0.7890750777399501, 0.6799557517006445]",1,-1
34183,[0.29910285 0.15929411],1,2,"[0.294379027732062, 0.1921773781634303]",0,0
34184,[0.31248154 0.52542702],0,-1,-1,1,-1
34185,[0.32212116 0.2105291 ],1,2,"[0.294379027732062, 0.1921773781634303]",0,0
34186,[0.78894356 0.69492028],2,0,"[0.7890750777399501, 0.6799557517006445]",1,-1
34187,[0.69100001 0.66760412],3,3,"[0.6601234827680622, 0.6109507568947781]",1,-1
34188,[0.39597855 0.5990769 ],0,1,"[0.37965276877051146, 0.575157747726818]",1,-1
34189,[0.62853489 0.62357378],3,3,"[0.6601234827680622, 0.6109507568947781]",1,-1
34190,[0.37733313 0.62114546],0,1,"[0.37965276877051146, 0.575157747726818]",1,-1
34191,[0.77916507 0.78978492],2,-1,-1,1,-1
34192,[0.63784767 0.57888523],3,3,"[0.6601234827680622, 0.6109507568947781]",1,-1
34193,[0.48960155 0.56449729],0,-1,-1,1,-1
34194,[0.75587921 0.69662857],2,0,"[0.7890750777399501, 0.6799557517006445]",1,-1
34195,[0.34180903 0.09100203],1,-1,-1,0,0
34196,[0.66261962 0.58709576],3,3,"[0.6601234827680622, 0.6109507568947781]",1,6
34197,[0.34727559 0.12014116],1,-1,-1,0,0
34198,[0.33575295 0.24136429],1,2,"[0.294379027732062, 0.1921773781634303]",0,0
34199,[0.35400959 0.13183032],1,-1,-1,0,0
34200,[0.30346254 0.25206818],1,2,"[0.294379027732062, 0.1921773781634303]",0,0
34201,[0.29783137 0.21762231],1,2,"[0.294379027732062, 0.1921773781634303]",0,0
34202,[0.29438551 0.17880348],1,2,"[0.294379027732062, 0.1921773781634303]",0,0
34203,[0.69011748 0.60546993],3,3,"[0.6601234827680622, 0.6109507568947781]",1,-1
34204,[0.21469834 0.27139191],1,-1,-1,0,0
34205,[0.78608348 0.78533075],2,-1,-1,1,-1
34206,[0.70306533 0.55279352],3,-1,-1,1,-1
34207,[0.76618538 0.68311872],2,0,"[0.7890750777399501, 0.6799557517006445]",1,-1
34208,[0.23505258 0.12019103],1,-1,-1,0,0
34209,[0.67879504 0.63983725],3,3,"[0.6601234827680622, 0.6109507568947781]",1,-1
34210,[0.85668014 0.65021674],2,-1,-1,1,-1
34211,[0.4619597  0.25133238],1,-1,-1,0,-1
34212,[0.8551275  0.70322649],2,-1,-1,1,-1
34213,[0.38095544 0.62958343],0,1,"[0.37965276877051146, 0.575157747726818]",1,-1
34214,[0.61338777 0.6252024 ],3,3,"[0.6601234827680622, 0.6109507568947781]",1,-1
34215,[0.62471633 0.58172576],3,3,"[0.6601234827680622, 0.6109507568947781]",1,-1
34216,[0.66727493 0.6607461 ],3,3,"[0.6601234827680622, 0.6109507568947781]",1,-1
34217,[0.26849606 0.18118801],1,2,"[0.294379027732062, 0.1921773781634303]",0,0
34218,[0.33539724 0.54276049],0,1,"[0.37965276877051146, 0.575157747726818]",1,-1
34219,[0.29324734 0.24723097],1,2,"[0.294379027732062, 0.1921773781634303]",0,0
34220,[0.75783891 0.73201054],2,0,"[0.7890750777399501, 0.6799557517006445]",1,-1
34221,[0.39135145 0.17588007],1,-1,-1,0,0
34222,[0.67825263 0.64652363],3,3,"[0.6601234827680622, 0.6109507568947781]",1,-1
34223,[0.36442201 0.46440038],0,-1,-1,1,-1
34224,[0.67094979 0.58927356],3,3,"[0.6601234827680622, 0.6109507568947781]",1,-1
34225,[0.24945809 0.13119199],1,-1,-1,0,0
34226,[0.67114263 0.72009642],2,-1,-1,1,-1
34227,[0.83443593 0.66721834],2,0,"[0.7890750777399501, 0.6799557517006445]",1,-1
34228,[0.33326377 0.19679383],1,2,"[0.294379027732062, 0.1921773781634303]",0,0
34229,[0.32771841 0.49947094],0,-1,-1,1,-1
34230,[0.67640806 0.58607548],3,3,"[0.6601234827680622, 0.6109507568947781]",1,-1
34231,[0.26248339 0.22852115],1,2,"[0.294379027732062, 0.1921773781634303]",0,0
34232,[0.45136436 0.55664198],0,-1,-1,1,-1
34233,[0.74416711 0.70050175],2,0,"[0.7890750777399501, 0.6799557517006445]",1,-1
34234,[0.33101345 0.6381702 ],0,-1,-1,1,-1
34235,[0.76360186 0.62805717],2,0,"[0.7890750777399501, 0.6799557517006445]",1,-1
34236,[0.29957047 0.30820447],1,-1,-1,0,0
34237,[0.30670065 0.20531321],1,2,"[0.294379027732062, 0.1921773781634303]",0,0
34238,[0.82307028 0.66872818],2,0,"[0.7890750777399501, 0.6799557517006445]",1,-1
34239,[0.82012927 0.70477316],2,0,"[0.7890750777399501, 0.6799557517006445]",1,-1
34240,[0.88031209 0.73047396],2,-1,-1,1,-1
34241,[0.6933574  0.60882948],3,3,"[0.6601234827680622, 0.6109507568947781]",1,-1
34242,[0.8545161  0.63230183],2,-1,-1,1,-1
34243,[0.25011451 0.14736233],1,2,"[0.294379027732062, 0.1921773781634303]",0,0
34244,[0.83489458 0.73553827],2,-1,-1,1,-1
34245,[0.29015785 0.16748302],1,2,"[0.294379027732062, 0.1921773781634303]",0,0
34246,[0.68999235 0.63660976],3,3,"[0.6601234827680622, 0.6109507568947781]",1,-1
34247,[0.54060304 0.63794502],3,-1,-1,1,-1
34248,[0.8563001  0.74883325],2,-1,-1,1,-1
34249,[0.25439829 0.21022968],1,2,"[0.294379027732062, 0.1921773781634303]",0,0
34250,[0.582057  0.5655903],3,-1,-1,1,-1
34251,[0.3935845  0.58587452],0,1,"[0.37965276877051146, 0.575157747726818]",1,-1
34252,[0.33677494 0.60223694],0,1,"[0.37965276877051146, 0.575157747726818]",1,-1
34253,[0.26764994 0.15989002],1,2,"[0.294379027732062, 0.1921773781634303]",0,0
34254,[0.38264154 0.60636715],0,1,"[0.37965276877051146, 0.575157747726818]",1,-1
34255,[0.67920197 0.62069808],3,3,"[0.6601234827680622, 0.6109507568947781]",1,7
34256,[0.3476442  0.09441739],1,-1,-1,0,0
34257,[0.7140799  0.55899201],3,-1,-1,1,-1
34258,[0.27306152 0.29231567],1,-1,-1,0,0
34259,[0.3454897  0.59641686],0,1,"[0.37965276877051146, 0.575157747726818]",1,-1
34260,[0.29768649 0.21132168],1,2,"[0.294379027732062, 0.1921773781634303]",0,0
34261,[0.71317158 0.54217823],3,-1,-1,1,-1
34262,[0.70461834 0.64829084],3,3,"[0.6601234827680622, 0.6109507568947781]",1,-1
34263,[0.76508018 0.77870831],2,-1,-1,1,-1
34264,[0.25049413 0.17161983],1,2,"[0.294379027732062, 0.1921773781634303]",0,0
34265,[0.73211529 0.63097036],3,-1,-1,1,-1
34266,[0.84345408 0.65605921],2,0,"[0.7890750777399501, 0.6799557517006445]",1,-1
34267,[0.33275471 0.53665895],0,1,"[0.37965276877051146, 0.575157747726818]",1,-1
34268,[0.78179353 0.59266847],2,-1,-1,1,-1
34269,[0.33380544 0.58118434],0,1,"[0.37965276877051146, 0.575157747726818]",1,-1
34270,[0.60802999 0.54266503],3,-1,-1,1,-1
34271,[0.35360093 0.60096922],0,1,"[0.37965276877051146, 0.575157747726818]",1,-1
34272,[0.69038282 0.6307262 ],3,3,"[0.6601234827680622, 0.6109507568947781]",1,7
34273,[0.33536235 0.16428072],1,2,"[0.294379027732062, 0.1921773781634303]",0,0
34274,[0.74544691 0.71203128],2,0,"[0.7890750777399501, 0.6799557517006445]",1,-1
34275,[0.2812552  0.16667377],1,2,"[0.294379027732062, 0.1921773781634303]",0,0
34276,[0.27978471 0.16240084],1,2,"[0.294379027732062, 0.1921773781634303]",0,0
34277,[0.35555951 0.64160746],0,-1,-1,1,-1
34278,[0.74126317 0.68102348],2,0,"[0.7890750777399501, 0.6799557517006445]",1,-1
34279,[0.81300173 0.59446573],2,-1,-1,1,-1
34280,[0.49275537 0.57666632],0,-1,-1,1,-1
34281,[0.61198261 0.59166035],3,3,"[0.6601234827680622, 0.6109507568947781]",1,-1
34282,[0.3122809  0.19981859],1,2,"[0.294379027732062, 0.1921773781634303]",0,0
34283,[0.83689242 0.59456255],2,-1,-1,1,-1
34284,[0.78760966 0.70896004],2,0,"[0.7890750777399501, 0.6799557517006445]",1,-1
34285,[0.29667814 0.16785022],1,2,"[0.294379027732062, 0.1921773781634303]",0,0
34286,[0.31657761 0.23609904],1,2,"[0.294379027732062, 0.1921773781634303]",0,0
34287,[0.74682819 0.66373731],2,0,"[0.7890750777399501, 0.6799557517006445]",1,-1
34288,[0.41731228 0.61878993],0,1,"[0.37965276877051146, 0.575157747726818]",1,-1
34289,[0.86678443 0.70062674],2,-1,-1,1,-1
34290,[0.78311169 0.70015179],2,0,"[0.7890750777399501, 0.6799557517006445]",1,-1
34291,[0.41592994 0.58833601],0,1,"[0.37965276877051146, 0.575157747726818]",1,-1
34292,[0.45379221 0.68373867],0,-1,-1,1,-1
34293,[0.70026696 0.59316837],3,3,"[0.6601234827680622, 0.6109507568947781]",1,-1
34294,[0.79244573 0.74003216],2,0,"[0.7890750777399501, 0.6799557517006445]",1,-1
34295,[0.34538557 0.55391723],0,1,"[0.37965276877051146, 0.575157747726818]",1,-1
34296,[0.7981941  0.63311009],2,0,"[0.7890750777399501, 0.6799557517006445]",1,-1
34297,[0.3316336  0.49183767],0,-1,-1,1,-1
34298,[0.82831194 0.71647536],2,0,"[0.7890750777399501, 0.6799557517006445]",1,-1
34299,[0.34167696 0.18234103],1,2,"[0.294379027732062, 0.1921773781634303]",0,0
34300,[0.75723223 0.59439088],3,-1,-1,1,-1
34301,[0.85051255 0.69224499],2,0,"[0.7890750777399501, 0.6799557517006445]",1,-1
34302,[0.28740126 0.51736989],0,-1,-1,1,-1
34303,[0.71986691 0.64623386],3,3,"[0.6601234827680622, 0.6109507568947781]",1,-1
34304,[0.7934976  0.66482395],2,0,"[0.7890750777399501, 0.6799557517006445]",1,-1
34305,[0.79499036 0.65253282],2,0,"[0.7890750777399501, 0.6799557517006445]",1,-1
34306,[0.82369092 0.62270894],2,0,"[0.7890750777399501, 0.6799557517006445]",1,-1
34307,[0.36136934 0.27743343],1,-1,-1,0,0
34308,[0.3978198 0.5515239],0,1,"[0.37965276877051146, 0.575157747726818]",1,-1
34309,[0.88124985 0.63825082],2,-1,-1,1,-1
34310,[0.33815218 0.6108794 ],0,1,"[0.37965276877051146, 0.575157747726818]",1,-1
34311,[0.32276545 0.69162096],0,-1,-1,1,-1
34312,[0.77760203 0.6572826 ],2,0,"[0.7890750777399501, 0.6799557517006445]",1,-1
34313,[0.33909401 0.56089487],0,1,"[0.37965276877051146, 0.575157747726818]",1,-1
34314,[0.35578485 0.5850621 ],0,1,"[0.37965276877051146, 0.575157747726818]",1,-1
34315,[0.32702457 0.56571392],0,1,"[0.37965276877051146, 0.575157747726818]",1,-1
34316,[0.40517246 0.54044601],0,1,"[0.37965276877051146, 0.575157747726818]",1,-1
34317,[0.28931764 0.1808886 ],1,2,"[0.294379027732062, 0.1921773781634303]",0,0
34318,[0.31344524 0.64362192],0,-1,-1,1,-1
34319,[0.3326504  0.29589292],1,-1,-1,0,0
34320,[0.32519891 0.18442899],1,2,"[0.294379027732062, 0.1921773781634303]",0,0
34321,[0.60082604 0.6434415 ],3,3,"[0.6601234827680622, 0.6109507568947781]",1,-1
34322,[0.79924545 0.64832518],2,0,"[0.7890750777399501, 0.6799557517006445]",1,-1
34323,[0.78269122 0.66216985],2,0,"[0.7890750777399501, 0.6799557517006445]",1,-1
34324,[0.88151427 0.58743859],2,-1,-1,1,-1
34325,[0.68045602 0.65004619],3,3,"[0.6601234827680622, 0.6109507568947781]",1,-1
34326,[0.89630787 0.71425355],2,-1,-1,1,-1
34327,[0.38130931 0.51445122],0,1,"[0.37965276877051146, 0.575157747726818]",1,-1
34328,[0.62584214 0.61825915],3,3,"[0.6601234827680622, 0.6109507568947781]",1,-1
34329,[0.63041839 0.60571621],3,3,"[0.6601234827680622, 0.6109507568947781]",1,-1
34330,[0.43245013 0.54529355],0,1,"[0.37965276877051146, 0.575157747726818]",1,-1
34331,[0.90434931 0.70078444],2,-1,-1,1,-1
34332,[0.90917879 0.6673108 ],2,-1,-1,1,-1
34333,[0.78944233 0.68640058],2,0,"[0.7890750777399501, 0.6799557517006445]",1,-1
34334,[0.76301365 0.50742946],3,-1,-1,1,-1
34335,[0.37847902 0.15187903],1,-1,-1,0,0
34336,[0.76023493 0.68063168],2,0,"[0.7890750777399501, 0.6799557517006445]",1,-1
34337,[0.69152626 0.62997399],3,3,"[0.6601234827680622, 0.6109507568947781]",1,7
34338,[0.91758888 0.68275512],2,-1,-1,1,-1
34339,[0.39143576 0.60282882],0,1,"[0.37965276877051146, 0.575157747726818]",1,-1
34340,[0.75649257 0.6134587 ],3,-1,-1,1,-1
34341,[0.39765775 0.4893329 ],0,-1,-1,1,-1
34342,[0.32451417 0.72010516],0,-1,-1,1,-1
34343,[0.31664238 0.59812431],0,1,"[0.37965276877051146, 0.575157747726818]",1,-1
34344,[0.42779458 0.62187759],0,1,"[0.37965276877051146, 0.575157747726818]",1,-1
34345,[0.38833673 0.50360537],0,-1,-1,1,-1
34346,[0.40337618 0.65719012],0,-1,-1,1,-1
34347,[0.66006064 0.58223976],3,3,"[0.6601234827680622, 0.6109507568947781]",1,-1
34348,[0.40307255 0.54177926],0,1,"[0.37965276877051146, 0.575157747726818]",1,-1
34349,[0.4727962  0.58225637],0,-1,-1,1,-1
34350,[0.7533861  0.76670633],2,-1,-1,1,-1
34351,[0.39909662 0.60917753],0,1,"[0.37965276877051146, 0.575157747726818]",1,-1
34352,[0.29539157 0.24120876],1,2,"[0.294379027732062, 0.1921773781634303]",0,0
34353,[0.35631257 0.61017715],0,1,"[0.37965276877051146, 0.575157747726818]",1,-1
34354,[0.42401552 0.60946042],0,1,"[0.37965276877051146, 0.575157747726818]",1,-1
34355,[0.45896776 0.64173795],0,-1,-1,1,-1
34356,[0.84080353 0.65550515],2,0,"[0.7890750777399501, 0.6799557517006445]",1,-1
34357,[0.68498162 0.67848809],2,-1,-1,1,-1
34358,[0.77202146 0.7393493 ],2,0,"[0.7890750777399501, 0.6799557517006445]",1,-1
34359,[0.41089566 0.57406747],0,1,"[0.37965276877051146, 0.575157747726818]",1,2
34360,[0.37928935 0.62405768],0,1,"[0.37965276877051146, 0.575157747726818]",1,-1
34361,[0.35035408 0.54409863],0,1,"[0.37965276877051146, 0.575157747726818]",1,-1
34362,[0.69939072 0.6990597 ],2,-1,-1,1,-1
34363,[0.68169913 0.57069815],3,3,"[0.6601234827680622, 0.6109507568947781]",1,-1
34364,[0.36873732 0.24611258],1,-1,-1,0,0
34365,[0.26181771 0.10985595],1,-1,-1,0,0
34366,[0.42327732 0.60276063],0,1,"[0.37965276877051146, 0.575157747726818]",1,-1
34367,[0.66562334 0.60497346],3,3,"[0.6601234827680622, 0.6109507568947781]",1,-1
34368,[0.32474692 0.62390548],0,-1,-1,1,-1
34369,[0.80012267 0.65891391],2,0,"[0.7890750777399501, 0.6799557517006445]",1,-1
34370,[0.8180503  0.64834628],2,0,"[0.7890750777399501, 0.6799557517006445]",1,-1
34371,[0.68038657 0.63741725],3,3,"[0.6601234827680622, 0.6109507568947781]",1,-1
34372,[0.34046689 0.15488389],1,2,"[0.294379027732062, 0.1921773781634303]",0,0
34373,[0.33525851 0.61907344],0,1,"[0.37965276877051146, 0.575157747726818]",1,-1
34374,[0.75348748 0.67871733],2,0,"[0.7890750777399501, 0.6799557517006445]",1,-1
34375,[0.682238   0.65143446],3,3,"[0.6601234827680622, 0.6109507568947781]",1,-1
34376,[0.69486726 0.70276029],2,-1,-1,1,-1
34377,[0.72764786 0.67511571],3,0,"[0.7890750777399501, 0.6799557517006445]",1,-1
34378,[0.7293357  0.72861396],2,-1,-1,1,-1
34379,[0.34734514 0.65100674],0,-1,-1,1,-1
34380,[0.68264443 0.64324165],3,3,"[0.6601234827680622, 0.6109507568947781]",1,-1
34381,[0.35583128 0.55985657],0,1,"[0.37965276877051146, 0.575157747726818]",1,-1
34382,[0.84625092 0.70881958],2,0,"[0.7890750777399501, 0.6799557517006445]",1,-1
34383,[0.29267233 0.62658754],0,-1,-1,1,-1
34384,[0.19147874 0.10829971],1,-1,-1,0,0
34385,[0.26925884 0.17076751],1,2,"[0.294379027732062, 0.1921773781634303]",0,0
34386,[0.29369593 0.21513369],1,2,"[0.294379027732062, 0.1921773781634303]",0,0
34387,[0.78682919 0.68975405],2,0,"[0.7890750777399501, 0.6799557517006445]",1,-1
34388,[0.23736547 0.13991337],1,-1,-1,0,0
34389,[0.22637452 0.13549798],1,-1,-1,0,0
34390,[0.40689547 0.56419192],0,1,"[0.37965276877051146, 0.575157747726818]",1,-1
34391,[0.68394547 0.64535082],3,3,"[0.6601234827680622, 0.6109507568947781]",1,-1
34392,[0.32114567 0.19158635],1,2,"[0.294379027732062, 0.1921773781634303]",0,0
34393,[0.41256126 0.51502709],0,1,"[0.37965276877051146, 0.575157747726818]",1,-1
34394,[0.69098499 0.58225022],3,3,"[0.6601234827680622, 0.6109507568947781]",1,-1
34395,[0.68557514 0.6553386 ],3,3,"[0.6601234827680622, 0.6109507568947781]",1,-1
34396,[0.70253526 0.6501392 ],3,3,"[0.6601234827680622, 0.6109507568947781]",1,-1
34397,[0.66655385 0.5347956 ],3,-1,-1,1,-1
34398,[0.40337462 0.62399862],0,1,"[0.37965276877051146, 0.575157747726818]",1,-1
34399,[0.82539522 0.68595809],2,0,"[0.7890750777399501, 0.6799557517006445]",1,-1
34400,[0.5853887  0.57064596],3,-1,-1,1,-1
34401,[0.68363947 0.56391067],3,3,"[0.6601234827680622, 0.6109507568947781]",1,-1
34402,[0.73890643 0.61448238],3,-1,-1,1,-1
34403,[0.36622715 0.13817746],1,-1,-1,0,0
34404,[0.79137166 0.6648332 ],3,0,"[0.7890750777399501, 0.6799557517006445]",1,-1
34405,[0.28352001 0.24092282],1,2,"[0.294379027732062, 0.1921773781634303]",0,0
34406,[0.65341119 0.61925642],3,3,"[0.6601234827680622, 0.6109507568947781]",1,7
34407,[0.80138866 0.68677349],2,0,"[0.7890750777399501, 0.6799557517006445]",1,-1
34408,[0.64840121 0.59920569],3,3,"[0.6601234827680622, 0.6109507568947781]",1,-1
34409,[0.70280509 0.71259942],2,-1,-1,1,-1
34410,[0.81838694 0.64178465],2,0,"[0.7890750777399501, 0.6799557517006445]",1,-1
34411,[0.78602256 0.69049386],2,0,"[0.7890750777399501, 0.6799557517006445]",1,-1
34412,[0.68610651 0.75240407],2,-1,-1,1,-1
34413,[0.82739364 0.72031466],2,0,"[0.7890750777399501, 0.6799557517006445]",1,-1
34414,[0.25892546 0.28874082],1,-1,-1,0,0
34415,[0.31845381 0.19696395],1,2,"[0.294379027732062, 0.1921773781634303]",0,0
34416,[0.43690248 0.52013956],0,-1,-1,1,-1
34417,[0.36418291 0.60779223],0,1,"[0.37965276877051146, 0.575157747726818]",1,-1
34418,[0.41260819 0.57715451],0,1,"[0.37965276877051146, 0.575157747726818]",1,2
34419,[0.6561101  0.53114702],3,-1,-1,1,-1
34420,[0.72526328 0.66676772],3,0,"[0.7890750777399501, 0.6799557517006445]",1,-1
34421,[0.23717193 0.26598548],1,-1,-1,0,0
34422,[0.28070209 0.12072856],1,-1,-1,0,0
34423,[0.3450417  0.15964382],1,2,"[0.294379027732062, 0.1921773781634303]",0,0
34424,[0.32725873 0.51287493],0,-1,-1,1,-1
34425,[0.77037308 0.63161179],2,0,"[0.7890750777399501, 0.6799557517006445]",1,-1
34426,[0.31681484 0.16083218],1,2,"[0.294379027732062, 0.1921773781634303]",0,0
34427,[0.29121734 0.1755611 ],1,2,"[0.294379027732062, 0.1921773781634303]",0,0
34428,[0.63616189 0.58379467],3,3,"[0.6601234827680622, 0.6109507568947781]",1,-1
34429,[0.37976456 0.4836606 ],0,-1,-1,1,-1
34430,[0.79305528 0.62381031],2,0,"[0.7890750777399501, 0.6799557517006445]",1,-1
34431,[0.83822012 0.696752  ],2,0,"[0.7890750777399501, 0.6799557517006445]",1,-1
34432,[0.7648494  0.68652366],2,0,"[0.7890750777399501, 0.6799557517006445]",1,-1
34433,[0.43888976 0.64639686],0,-1,-1,1,-1
34434,[0.43899794 0.47280903],0,-1,-1,1,-1
34435,[0.28944773 0.13950426],1,2,"[0.294379027732062, 0.1921773781634303]",0,0
34436,[0.36690706 0.47435336],0,-1,-1,1,-1
34437,[0.32568887 0.13212842],1,2,"[0.294379027732062, 0.1921773781634303]",0,0
34438,[0.43404045 0.53052903],0,-1,-1,1,-1
34439,[0.33743315 0.56855446],0,1,"[0.37965276877051146, 0.575157747726818]",1,-1
34440,[0.37568696 0.58402866],0,1,"[0.37965276877051146, 0.575157747726818]",1,-1
34441,[0.39481156 0.57668321],0,1,"[0.37965276877051146, 0.575157747726818]",1,-1
34442,[0.7288828  0.61874277],2,3,"[0.6601234827680622, 0.6109507568947781]",1,-1
34443,[0.65741156 0.67447602],3,3,"[0.6601234827680622, 0.6109507568947781]",1,-1
34444,[0.39391972 0.20248305],1,-1,-1,0,0
34445,[0.31910633 0.21674179],1,2,"[0.294379027732062, 0.1921773781634303]",0,0
34446,[0.79417427 0.69292059],2,0,"[0.7890750777399501, 0.6799557517006445]",1,-1
34447,[0.31799183 0.52192293],0,-1,-1,1,-1
34448,[0.68242687 0.61751713],3,3,"[0.6601234827680622, 0.6109507568947781]",1,5
34449,[0.37574241 0.5126439 ],0,1,"[0.37965276877051146, 0.575157747726818]",1,-1
34450,[0.65981978 0.58221676],3,3,"[0.6601234827680622, 0.6109507568947781]",1,-1
34451,[0.3095815  0.16107483],1,2,"[0.294379027732062, 0.1921773781634303]",0,0
34452,[0.59707602 0.63569306],3,3,"[0.6601234827680622, 0.6109507568947781]",1,-1
34453,[0.34013031 0.2136802 ],1,2,"[0.294379027732062, 0.1921773781634303]",0,0
34454,[0.65028856 0.60641937],3,3,"[0.6601234827680622, 0.6109507568947781]",1,6
34455,[0.80961651 0.68244044],2,0,"[0.7890750777399501, 0.6799557517006445]",1,4
34456,[0.46017154 0.60655353],0,-1,-1,1,-1
34457,[0.27470344 0.20879725],1,2,"[0.294379027732062, 0.1921773781634303]",0,0
34458,[0.3192176  0.60110598],0,1,"[0.37965276877051146, 0.575157747726818]",1,-1
34459,[0.67455971 0.62589282],3,3,"[0.6601234827680622, 0.6109507568947781]",1,7
34460,[0.80610184 0.73740597],2,0,"[0.7890750777399501, 0.6799557517006445]",1,-1
34461,[0.37461668 0.18738887],1,-1,-1,0,0
34462,[0.59469901 0.62613122],3,3,"[0.6601234827680622, 0.6109507568947781]",1,-1
34463,[0.33331954 0.48955619],0,-1,-1,1,-1
34464,[0.69221927 0.61339058],3,3,"[0.6601234827680622, 0.6109507568947781]",1,-1
34465,[0.74144296 0.6045708 ],2,-1,-1,1,-1
34466,[0.32661395 0.5478284 ],0,1,"[0.37965276877051146, 0.575157747726818]",1,-1
34467,[0.34405611 0.23379236],1,2,"[0.294379027732062, 0.1921773781634303]",0,0
34468,[0.82868549 0.63306227],2,0,"[0.7890750777399501, 0.6799557517006445]",1,-1
34469,[0.46955289 0.63873364],0,-1,-1,1,-1
34470,[0.30860748 0.24445836],1,2,"[0.294379027732062, 0.1921773781634303]",0,0
34471,[0.86449204 0.71458937],2,-1,-1,1,-1
34472,[0.79564443 0.62533856],2,0,"[0.7890750777399501, 0.6799557517006445]",1,-1
34473,[0.6909148  0.76470198],2,-1,-1,1,-1
34474,[0.41861006 0.57842451],0,1,"[0.37965276877051146, 0.575157747726818]",1,-1
34475,[0.32544871 0.25523775],1,-1,-1,0,0
34476,[0.45936121 0.13734553],1,-1,-1,0,-1
34477,[0.74540483 0.66281036],2,0,"[0.7890750777399501, 0.6799557517006445]",1,-1
34478,[0.69174045 0.68038043],3,-1,-1,1,-1
34479,[0.37459359 0.49769292],0,-1,-1,1,-1
34480,[0.6869686  0.64247383],3,3,"[0.6601234827680622, 0.6109507568947781]",1,-1
34481,[0.8607919  0.70152805],2,-1,-1,1,-1
34482,[0.43355363 0.58435538],0,1,"[0.37965276877051146, 0.575157747726818]",1,-1
34483,[0.70956648 0.7143351 ],3,-1,-1,1,-1
34484,[0.75468211 0.7416678 ],2,-1,-1,1,-1
34485,[0.36467184 0.59317126],0,1,"[0.37965276877051146, 0.575157747726818]",1,-1
34486,[0.36361645 0.62423087],0,1,"[0.37965276877051146, 0.575157747726818]",1,-1
34487,[0.36973386 0.18701088],1,-1,-1,0,0
34488,[0.70004453 0.62324128],3,3,"[0.6601234827680622, 0.6109507568947781]",1,-1
34489,[0.77429049 0.71341055],2,0,"[0.7890750777399501, 0.6799557517006445]",1,-1
34490,[0.30164815 0.51349723],0,-1,-1,1,-1
34491,[0.77673991 0.67968025],2,0,"[0.7890750777399501, 0.6799557517006445]",1,-1
34492,[0.62615046 0.53145259],3,-1,-1,1,-1
34493,[0.38955874 0.53462926],0,1,"[0.37965276877051146, 0.575157747726818]",1,-1
34494,[0.32192098 0.52543516],0,-1,-1,1,-1
34495,[0.82362823 0.64872125],2,0,"[0.7890750777399501, 0.6799557517006445]",1,-1
34496,[0.43063776 0.55319519],0,1,"[0.37965276877051146, 0.575157747726818]",1,-1
34497,[0.68618351 0.60851063],3,3,"[0.6601234827680622, 0.6109507568947781]",1,5
34498,[0.68173614 0.54646613],3,3,"[0.6601234827680622, 0.6109507568947781]",1,-1
34499,[0.72570679 0.78695114],2,-1,-1,1,-1
34500,[0.66567158 0.63039684],3,3,"[0.6601234827680622, 0.6109507568947781]",1,7
34501,[0.2913168  0.56064883],0,-1,-1,1,-1
34502,[0.71011565 0.72106701],2,-1,-1,1,-1
34503,[0.27220174 0.23402585],1,2,"[0.294379027732062, 0.1921773781634303]",0,0
34504,[0.60856854 0.64002154],3,3,"[0.6601234827680622, 0.6109507568947781]",1,-1
34505,[0.26907731 0.15947362],1,2,"[0.294379027732062, 0.1921773781634303]",0,0
34506,[0.37946303 0.55524848],0,1,"[0.37965276877051146, 0.575157747726818]",1,-1
34507,[0.41699968 0.64268369],0,-1,-1,1,-1
34508,[0.66356514 0.67866476],3,3,"[0.6601234827680622, 0.6109507568947781]",1,-1
34509,[0.6483389  0.65432064],3,3,"[0.6601234827680622, 0.6109507568947781]",1,-1
34510,[0.64579847 0.62606902],3,3,"[0.6601234827680622, 0.6109507568947781]",1,-1
34511,[0.67506405 0.5959006 ],3,3,"[0.6601234827680622, 0.6109507568947781]",1,-1
34512,[0.33106795 0.60605629],0,1,"[0.37965276877051146, 0.575157747726818]",1,-1
34513,[0.35827637 0.5615556 ],0,1,"[0.37965276877051146, 0.575157747726818]",1,-1
34514,[0.24628043 0.26785152],1,-1,-1,0,0
34515,[0.26680592 0.08964338],1,-1,-1,0,0
34516,[0.67325101 0.60869959],3,3,"[0.6601234827680622, 0.6109507568947781]",1,-1
34517,[0.35965023 0.62056303],0,1,"[0.37965276877051146, 0.575157747726818]",1,-1
34518,[0.72355727 0.60273445],3,3,"[0.6601234827680622, 0.6109507568947781]",1,-1
34519,[0.24083681 0.17661706],1,2,"[0.294379027732062, 0.1921773781634303]",0,0
34520,[0.73946711 0.65513652],2,0,"[0.7890750777399501, 0.6799557517006445]",1,-1
34521,[0.67351604 0.57116258],3,3,"[0.6601234827680622, 0.6109507568947781]",1,-1
34522,[0.41365927 0.59829124],0,1,"[0.37965276877051146, 0.575157747726818]",1,-1
34523,[0.81392224 0.61523617],2,0,"[0.7890750777399501, 0.6799557517006445]",1,-1
34524,[0.68104216 0.64879577],3,3,"[0.6601234827680622, 0.6109507568947781]",1,-1
34525,[0.70060658 0.60966275],3,3,"[0.6601234827680622, 0.6109507568947781]",1,-1
34526,[0.79632223 0.53420681],2,-1,-1,1,-1
34527,[0.74428429 0.66030948],2,0,"[0.7890750777399501, 0.6799557517006445]",1,-1
34528,[0.68461581 0.65290562],3,3,"[0.6601234827680622, 0.6109507568947781]",1,-1
34529,[0.45480785 0.59862937],0,-1,-1,1,-1
34530,[0.73200844 0.68831211],2,0,"[0.7890750777399501, 0.6799557517006445]",1,-1
34531,[0.26149411 0.20409466],1,2,"[0.294379027732062, 0.1921773781634303]",0,0
34532,[0.31448451 0.20002031],1,2,"[0.294379027732062, 0.1921773781634303]",0,0
34533,[0.32688169 0.20261284],1,2,"[0.294379027732062, 0.1921773781634303]",0,0
34534,[0.79038528 0.71466547],2,0,"[0.7890750777399501, 0.6799557517006445]",1,-1
34535,[0.81000561 0.65913302],2,0,"[0.7890750777399501, 0.6799557517006445]",1,-1
34536,[0.76833146 0.78057084],2,-1,-1,1,-1
34537,[0.85827255 0.690522  ],2,0,"[0.7890750777399501, 0.6799557517006445]",1,-1
34538,[0.5771656  0.56235466],3,-1,-1,1,-1
34539,[0.29775722 0.17856647],1,2,"[0.294379027732062, 0.1921773781634303]",0,0
34540,[0.63327577 0.61817426],3,3,"[0.6601234827680622, 0.6109507568947781]",1,-1
34541,[0.68165831 0.62024912],3,3,"[0.6601234827680622, 0.6109507568947781]",1,7
34542,[0.2896856  0.49952608],0,-1,-1,1,-1
34543,[0.68245875 0.65040494],3,3,"[0.6601234827680622, 0.6109507568947781]",1,-1
34544,[0.30758334 0.58858734],0,-1,-1,1,-1
34545,[0.2667604  0.60216817],0,-1,-1,1,-1
34546,[0.72594394 0.64510748],2,-1,-1,1,-1
34547,[0.76106959 0.70162987],2,0,"[0.7890750777399501, 0.6799557517006445]",1,-1
34548,[0.40108787 0.5681656 ],0,1,"[0.37965276877051146, 0.575157747726818]",1,2
34549,[0.70266085 0.62460076],3,3,"[0.6601234827680622, 0.6109507568947781]",1,-1
34550,[0.6264139  0.59882556],3,3,"[0.6601234827680622, 0.6109507568947781]",1,-1
34551,[0.54187683 0.5263997 ],3,-1,-1,1,-1
34552,[0.70093913 0.63209064],3,3,"[0.6601234827680622, 0.6109507568947781]",1,-1
34553,[0.27808657 0.13774541],1,2,"[0.294379027732062, 0.1921773781634303]",0,0
34554,[0.35157333 0.60997958],0,1,"[0.37965276877051146, 0.575157747726818]",1,-1
34555,[0.36423799 0.56113069],0,1,"[0.37965276877051146, 0.575157747726818]",1,1
34556,[0.34402134 0.59268022],0,1,"[0.37965276877051146, 0.575157747726818]",1,-1
34557,[0.29910666 0.20001686],1,2,"[0.294379027732062, 0.1921773781634303]",0,0
34558,[0.35437184 0.60757554],0,1,"[0.37965276877051146, 0.575157747726818]",1,-1
34559,[0.60333474 0.61611712],3,3,"[0.6601234827680622, 0.6109507568947781]",1,-1
34560,[0.37632455 0.21426911],1,-1,-1,0,0
34561,[0.28860066 0.20912979],1,2,"[0.294379027732062, 0.1921773781634303]",0,0
34562,[0.26803421 0.17773863],1,2,"[0.294379027732062, 0.1921773781634303]",0,0
34563,[0.30132357 0.48754685],0,-1,-1,1,-1
34564,[0.73607905 0.64093124],3,0,"[0.7890750777399501, 0.6799557517006445]",1,-1
34565,[0.48561254 0.61877419],0,-1,-1,1,-1
34566,[0.74657919 0.76924087],2,-1,-1,1,-1
34567,[0.33991247 0.62166119],0,1,"[0.37965276877051146, 0.575157747726818]",1,-1
34568,[0.30373467 0.18074278],1,2,"[0.294379027732062, 0.1921773781634303]",0,0
34569,[0.39770227 0.48519639],0,-1,-1,1,-1
34570,[0.80226817 0.68609223],2,0,"[0.7890750777399501, 0.6799557517006445]",1,-1
34571,[0.65036736 0.61083365],3,3,"[0.6601234827680622, 0.6109507568947781]",1,6
34572,[0.76571621 0.64822375],2,0,"[0.7890750777399501, 0.6799557517006445]",1,-1
34573,[0.66350415 0.6733353 ],3,3,"[0.6601234827680622, 0.6109507568947781]",1,-1
34574,[0.38228751 0.68797406],0,-1,-1,1,-1
34575,[0.41034311 0.60605554],0,1,"[0.37965276877051146, 0.575157747726818]",1,-1
34576,[0.63299494 0.52287561],3,-1,-1,1,-1
34577,[0.28330259 0.18449551],1,2,"[0.294379027732062, 0.1921773781634303]",0,0
34578,[0.78963745 0.73225902],2,0,"[0.7890750777399501, 0.6799557517006445]",1,-1
34579,[0.35042657 0.64715482],0,-1,-1,1,-1
34580,[0.64246805 0.64517221],3,3,"[0.6601234827680622, 0.6109507568947781]",1,-1
34581,[0.35056096 0.53042742],0,1,"[0.37965276877051146, 0.575157747726818]",1,-1
34582,[0.34701462 0.58398774],0,1,"[0.37965276877051146, 0.575157747726818]",1,-1
34583,[0.36360494 0.25894583],1,-1,-1,0,0
34584,[0.74778376 0.62774894],2,0,"[0.7890750777399501, 0.6799557517006445]",1,-1
34585,[0.81420611 0.6885039 ],2,0,"[0.7890750777399501, 0.6799557517006445]",1,4
34586,[0.1766601 0.1922407],1,-1,-1,0,0
34587,[0.40310822 0.51723371],0,1,"[0.37965276877051146, 0.575157747726818]",1,-1
34588,[0.67441913 0.60974701],3,3,"[0.6601234827680622, 0.6109507568947781]",1,-1
34589,[0.72341151 0.67931664],2,0,"[0.7890750777399501, 0.6799557517006445]",1,-1
34590,[0.39033577 0.22922023],1,-1,-1,0,0
34591,[0.78761306 0.57165871],2,-1,-1,1,-1
34592,[0.71967429 0.77070079],2,-1,-1,1,-1
34593,[0.2501388  0.21674448],1,2,"[0.294379027732062, 0.1921773781634303]",0,0
34594,[0.81804501 0.62223217],2,0,"[0.7890750777399501, 0.6799557517006445]",1,-1
34595,[0.30286721 0.19593805],1,2,"[0.294379027732062, 0.1921773781634303]",0,0
34596,[0.39156237 0.38680075],0,-1,-1,1,-1
34597,[0.32791908 0.18936419],1,2,"[0.294379027732062, 0.1921773781634303]",0,0
34598,[0.35565248 0.17102433],1,2,"[0.294379027732062, 0.1921773781634303]",0,0
34599,[0.65413409 0.59060147],3,3,"[0.6601234827680622, 0.6109507568947781]",1,-1
34600,[0.3341504  0.23144016],1,2,"[0.294379027732062, 0.1921773781634303]",0,0
34601,[0.80006114 0.64511917],2,0,"[0.7890750777399501, 0.6799557517006445]",1,-1
34602,[0.72412724 0.6769987 ],3,0,"[0.7890750777399501, 0.6799557517006445]",1,-1
34603,[0.62644247 0.53039494],3,-1,-1,1,-1
34604,[0.59128783 0.5965135 ],3,-1,-1,1,-1
34605,[0.8507148  0.76340039],2,-1,-1,1,-1
34606,[0.41997075 0.60709753],0,1,"[0.37965276877051146, 0.575157747726818]",1,-1
34607,[0.710395   0.68351643],3,-1,-1,1,-1
34608,[0.69010792 0.68241143],3,-1,-1,1,-1
34609,[0.30098505 0.68421877],0,-1,-1,1,-1
34610,[0.81086863 0.74404973],2,0,"[0.7890750777399501, 0.6799557517006445]",1,-1
34611,[0.67170057 0.63078501],3,3,"[0.6601234827680622, 0.6109507568947781]",1,-1
34612,[0.6526302  0.62359058],3,3,"[0.6601234827680622, 0.6109507568947781]",1,7
34613,[0.29378843 0.17409629],1,2,"[0.294379027732062, 0.1921773781634303]",0,0
34614,[0.67941932 0.6517267 ],3,3,"[0.6601234827680622, 0.6109507568947781]",1,-1
34615,[0.77511737 0.70392608],2,0,"[0.7890750777399501, 0.6799557517006445]",1,-1
34616,[0.33569102 0.51703858],0,-1,-1,1,-1
34617,[0.3446867  0.62724457],0,1,"[0.37965276877051146, 0.575157747726818]",1,-1
34618,[0.35714208 0.21306398],1,2,"[0.294379027732062, 0.1921773781634303]",0,0
34619,[0.29700008 0.07980501],1,-1,-1,0,0
34620,[0.64504142 0.58025055],3,3,"[0.6601234827680622, 0.6109507568947781]",1,-1
34621,[0.41082233 0.59625879],0,1,"[0.37965276877051146, 0.575157747726818]",1,-1
34622,[0.37220715 0.17907001],1,-1,-1,0,0
34623,[0.2163058  0.19430327],1,-1,-1,0,0
34624,[0.26340239 0.18784952],1,2,"[0.294379027732062, 0.1921773781634303]",0,0
34625,[0.8313493  0.67851496],2,0,"[0.7890750777399501, 0.6799557517006445]",1,-1
34626,[0.7009863  0.66765912],2,3,"[0.6601234827680622, 0.6109507568947781]",1,-1
34627,[0.66763763 0.49917751],3,-1,-1,1,-1
34628,[0.6044095  0.58028596],3,3,"[0.6601234827680622, 0.6109507568947781]",1,-1
34629,[0.68900648 0.64082085],3,3,"[0.6601234827680622, 0.6109507568947781]",1,-1
34630,[0.76111481 0.66806088],2,0,"[0.7890750777399501, 0.6799557517006445]",1,-1
34631,[0.21252017 0.16455919],1,-1,-1,0,0
34632,[0.60395854 0.53461948],3,-1,-1,1,-1
34633,[0.33724107 0.53210012],0,1,"[0.37965276877051146, 0.575157747726818]",1,-1
34634,[0.65087866 0.58844774],3,3,"[0.6601234827680622, 0.6109507568947781]",1,-1
34635,[0.683403   0.69077998],3,-1,-1,1,-1
34636,[0.32733471 0.12132955],1,-1,-1,0,0
34637,[0.38420874 0.53095124],0,1,"[0.37965276877051146, 0.575157747726818]",1,-1
34638,[0.6638669  0.57606105],3,3,"[0.6601234827680622, 0.6109507568947781]",1,-1
34639,[0.27483141 0.22584485],1,2,"[0.294379027732062, 0.1921773781634303]",0,0
34640,[0.34335022 0.1749276 ],1,2,"[0.294379027732062, 0.1921773781634303]",0,0
34641,[0.66162318 0.62668998],3,3,"[0.6601234827680622, 0.6109507568947781]",1,-1
34642,[0.32593814 0.59843374],0,1,"[0.37965276877051146, 0.575157747726818]",1,-1
34643,[0.43572158 0.51716995],0,-1,-1,1,-1
34644,[0.37232919 0.53176716],0,1,"[0.37965276877051146, 0.575157747726818]",1,-1
34645,[0.26542894 0.23397539],1,2,"[0.294379027732062, 0.1921773781634303]",0,0
34646,[0.63118496 0.61661702],3,3,"[0.6601234827680622, 0.6109507568947781]",1,-1
34647,[0.63857334 0.49855363],3,-1,-1,1,-1
34648,[0.36156418 0.56327415],0,1,"[0.37965276877051146, 0.575157747726818]",1,-1
34649,[0.68430246 0.62942913],2,3,"[0.6601234827680622, 0.6109507568947781]",1,7
34650,[0.38693838 0.64906926],0,-1,-1,1,-1
34651,[0.69293476 0.66058912],3,3,"[0.6601234827680622, 0.6109507568947781]",1,-1
34652,[0.55744992 0.72781757],3,-1,-1,1,-1
34653,[0.35991526 0.65767817],0,-1,-1,1,-1
34654,[0.44294645 0.62977129],0,-1,-1,1,-1
34655,[0.22163888 0.21914715],1,-1,-1,0,0
34656,[0.70560705 0.61485031],3,3,"[0.6601234827680622, 0.6109507568947781]",1,-1
34657,[0.33016778 0.62892032],0,-1,-1,1,-1
34658,[0.47825921 0.4962624 ],0,-1,-1,1,-1
34659,[0.81155348 0.75804882],2,-1,-1,1,-1
34660,[0.24281803 0.16201736],1,2,"[0.294379027732062, 0.1921773781634303]",0,0
34661,[0.33221467 0.30027937],1,-1,-1,0,0
34662,[0.22474857 0.08482299],1,-1,-1,0,0
34663,[0.24312873 0.22856609],1,2,"[0.294379027732062, 0.1921773781634303]",0,0
34664,[0.34236219 0.51229228],0,-1,-1,1,-1
34665,[0.84271908 0.6497263 ],2,0,"[0.7890750777399501, 0.6799557517006445]",1,-1
34666,[0.65865593 0.5725612 ],3,3,"[0.6601234827680622, 0.6109507568947781]",1,-1
34667,[0.76892483 0.66616967],2,0,"[0.7890750777399501, 0.6799557517006445]",1,-1
34668,[0.85496593 0.70271419],2,0,"[0.7890750777399501, 0.6799557517006445]",1,-1
34669,[0.63610423 0.59721502],3,3,"[0.6601234827680622, 0.6109507568947781]",1,-1
34670,[0.36593062 0.68057057],0,-1,-1,1,-1
34671,[0.70702647 0.57064737],3,3,"[0.6601234827680622, 0.6109507568947781]",1,-1
34672,[0.67144909 0.683739  ],3,-1,-1,1,-1
34673,[0.31650776 0.17667085],1,2,"[0.294379027732062, 0.1921773781634303]",0,0
34674,[0.33250611 0.14985247],1,2,"[0.294379027732062, 0.1921773781634303]",0,0
34675,[0.1950526  0.18278161],1,-1,-1,0,0
34676,[0.42894923 0.51550638],0,-1,-1,1,-1
34677,[0.45447055 0.59008792],0,-1,-1,1,-1
34678,[0.7484848  0.56835425],2,-1,-1,1,-1
34679,[0.40002077 0.66529559],0,-1,-1,1,-1
34680,[0.38803271 0.1912097 ],1,-1,-1,0,0
34681,[0.60020596 0.55942561],3,-1,-1,1,-1
34682,[0.74280777 0.65265485],2,0,"[0.7890750777399501, 0.6799557517006445]",1,-1
34683,[0.78871491 0.77764388],2,-1,-1,1,-1
34684,[0.39894597 0.62870983],0,1,"[0.37965276877051146, 0.575157747726818]",1,-1
34685,[0.2794539  0.68159437],0,-1,-1,1,-1
34686,[0.79707441 0.66346926],2,0,"[0.7890750777399501, 0.6799557517006445]",1,-1
34687,[0.87577309 0.6601643 ],2,-1,-1,1,-1
34688,[0.30374375 0.18051832],1,2,"[0.294379027732062, 0.1921773781634303]",0,0
34689,[0.30384965 0.60189386],0,-1,-1,1,-1
34690,[0.38693084 0.54136933],0,1,"[0.37965276877051146, 0.575157747726818]",1,-1
34691,[0.78176882 0.57561551],2,-1,-1,1,-1
34692,[0.66437079 0.62567168],3,3,"[0.6601234827680622, 0.6109507568947781]",1,7
34693,[0.37262102 0.51525525],0,1,"[0.37965276877051146, 0.575157747726818]",1,-1
34694,[0.72111813 0.6666895 ],2,0,"[0.7890750777399501, 0.6799557517006445]",1,-1
34695,[0.3953263  0.53889538],0,1,"[0.37965276877051146, 0.575157747726818]",1,-1
34696,[0.35686004 0.18374858],1,2,"[0.294379027732062, 0.1921773781634303]",0,0
34697,[0.5990448  0.68522209],3,-1,-1,1,-1
34698,[0.79828392 0.66874597],2,0,"[0.7890750777399501, 0.6799557517006445]",1,4
34699,[0.75507583 0.64446973],2,0,"[0.7890750777399501, 0.6799557517006445]",1,-1
34700,[0.75859259 0.72595114],2,0,"[0.7890750777399501, 0.6799557517006445]",1,-1
34701,[0.34104651 0.1850362 ],1,2,"[0.294379027732062, 0.1921773781634303]",0,0
34702,[0.35787822 0.17175679],1,2,"[0.294379027732062, 0.1921773781634303]",0,0
34703,[0.87791878 0.62451002],2,-1,-1,1,-1
34704,[0.68917129 0.77021984],2,-1,-1,1,-1
34705,[0.44030992 0.53703704],0,-1,-1,1,-1
34706,[0.62977243 0.73163702],3,-1,-1,1,-1
34707,[0.29399056 0.26130647],1,2,"[0.294379027732062, 0.1921773781634303]",0,0
34708,[0.84328368 0.65187572],2,0,"[0.7890750777399501, 0.6799557517006445]",1,-1
34709,[0.77591906 0.67280937],2,0,"[0.7890750777399501, 0.6799557517006445]",1,-1
34710,[0.29548725 0.16106715],1,2,"[0.294379027732062, 0.1921773781634303]",0,0
34711,[0.65128838 0.65678777],3,3,"[0.6601234827680622, 0.6109507568947781]",1,-1
34712,[0.92225007 0.67186573],2,-1,-1,1,-1
34713,[0.68705921 0.58759038],3,3,"[0.6601234827680622, 0.6109507568947781]",1,-1
34714,[0.23715735 0.24249611],1,-1,-1,0,0
34715,[0.37928115 0.52820545],0,1,"[0.37965276877051146, 0.575157747726818]",1,-1
34716,[0.8392553  0.70488374],2,0,"[0.7890750777399501, 0.6799557517006445]",1,-1
34717,[0.64766882 0.58427314],3,3,"[0.6601234827680622, 0.6109507568947781]",1,-1
34718,[0.77664982 0.6609639 ],2,0,"[0.7890750777399501, 0.6799557517006445]",1,-1
34719,[0.36756904 0.55853841],0,1,"[0.37965276877051146, 0.575157747726818]",1,1
34720,[0.36497641 0.59515288],0,1,"[0.37965276877051146, 0.575157747726818]",1,-1
34721,[0.29101333 0.16933401],1,2,"[0.294379027732062, 0.1921773781634303]",0,0
34722,[0.65449878 0.61571314],3,3,"[0.6601234827680622, 0.6109507568947781]",1,7
34723,[0.69801354 0.63345788],3,3,"[0.6601234827680622, 0.6109507568947781]",1,-1
34724,[0.66244883 0.5878884 ],3,3,"[0.6601234827680622, 0.6109507568947781]",1,6
34725,[0.7894342  0.67662399],2,0,"[0.7890750777399501, 0.6799557517006445]",1,4
34726,[0.30400983 0.30597177],1,-1,-1,0,0
34727,[0.25876076 0.08932373],1,-1,-1,0,0
34728,[0.38898415 0.18341349],1,-1,-1,0,0
34729,[0.68931335 0.63500087],3,3,"[0.6601234827680622, 0.6109507568947781]",1,-1
34730,[0.758648   0.60736231],2,-1,-1,1,-1
34731,[0.38950239 0.63696063],0,1,"[0.37965276877051146, 0.575157747726818]",1,-1
34732,[0.66325474 0.60384608],3,3,"[0.6601234827680622, 0.6109507568947781]",1,-1
34733,[0.32298079 0.56064299],0,1,"[0.37965276877051146, 0.575157747726818]",1,-1
34734,[0.6971018  0.60651507],3,3,"[0.6601234827680622, 0.6109507568947781]",1,-1
34735,[0.41727736 0.61525246],0,1,"[0.37965276877051146, 0.575157747726818]",1,-1
34736,[0.74010624 0.65613687],2,0,"[0.7890750777399501, 0.6799557517006445]",1,-1
34737,[0.2940816  0.19515315],1,2,"[0.294379027732062, 0.1921773781634303]",0,0
34738,[0.24872122 0.21439145],1,2,"[0.294379027732062, 0.1921773781634303]",0,0
34739,[0.712723   0.54312614],3,-1,-1,1,-1
34740,[0.67250862 0.59859101],3,3,"[0.6601234827680622, 0.6109507568947781]",1,-1
34741,[0.76538069 0.69111701],2,0,"[0.7890750777399501, 0.6799557517006445]",1,4
34742,[0.79732591 0.69281749],2,0,"[0.7890750777399501, 0.6799557517006445]",1,-1
34743,[0.33395751 0.23637933],1,2,"[0.294379027732062, 0.1921773781634303]",0,0
34744,[0.79239558 0.66019449],2,0,"[0.7890750777399501, 0.6799557517006445]",1,-1
34745,[0.71366273 0.58068166],3,3,"[0.6601234827680622, 0.6109507568947781]",1,-1
34746,[0.31307777 0.141119  ],1,2,"[0.294379027732062, 0.1921773781634303]",0,0
34747,[0.31923825 0.15095766],1,2,"[0.294379027732062, 0.1921773781634303]",0,0
34748,[0.23527614 0.16668865],1,2,"[0.294379027732062, 0.1921773781634303]",0,0
34749,[0.75660586 0.73471734],2,0,"[0.7890750777399501, 0.6799557517006445]",1,-1
34750,[0.4471706  0.48571879],0,-1,-1,1,-1
34751,[0.62785101 0.52834064],3,-1,-1,1,-1
34752,[0.71338708 0.57650987],3,3,"[0.6601234827680622, 0.6109507568947781]",1,-1
34753,[0.20143712 0.15371249],1,-1,-1,0,0
34754,[0.1568521  0.20672522],1,-1,-1,0,0
34755,[0.76639825 0.65032845],2,0,"[0.7890750777399501, 0.6799557517006445]",1,-1
34756,[0.66416566 0.72841358],3,-1,-1,1,-1
34757,[0.71424152 0.58934414],3,3,"[0.6601234827680622, 0.6109507568947781]",1,-1
34758,[0.86753426 0.68285276],2,-1,-1,1,-1
34759,[0.84027344 0.66019923],2,0,"[0.7890750777399501, 0.6799557517006445]",1,-1
34760,[0.74987803 0.67551724],2,0,"[0.7890750777399501, 0.6799557517006445]",1,-1
34761,[0.35535502 0.63040939],0,1,"[0.37965276877051146, 0.575157747726818]",1,-1
34762,[0.76152634 0.6309158 ],2,0,"[0.7890750777399501, 0.6799557517006445]",1,-1
34763,[0.23293021 0.21809812],1,2,"[0.294379027732062, 0.1921773781634303]",0,0
34764,[0.6697496  0.62754481],3,3,"[0.6601234827680622, 0.6109507568947781]",1,7
34765,[0.29412368 0.29005011],1,-1,-1,0,0
34766,[0.59194832 0.58432291],3,-1,-1,1,-1
34767,[0.63693945 0.55884913],3,3,"[0.6601234827680622, 0.6109507568947781]",1,-1
34768,[0.46081149 0.58755906],0,-1,-1,1,-1
34769,[0.6817892  0.57380533],3,3,"[0.6601234827680622, 0.6109507568947781]",1,-1
34770,[0.66045187 0.68363075],3,-1,-1,1,-1
34771,[0.82712175 0.67575211],2,0,"[0.7890750777399501, 0.6799557517006445]",1,-1
34772,[0.73270014 0.60256065],3,-1,-1,1,-1
34773,[0.6997748  0.61512751],3,3,"[0.6601234827680622, 0.6109507568947781]",1,-1
34774,[0.3792886  0.51570004],0,1,"[0.37965276877051146, 0.575157747726818]",1,-1
34775,[0.72792059 0.59508823],3,3,"[0.6601234827680622, 0.6109507568947781]",1,-1
34776,[0.29005637 0.21092512],1,2,"[0.294379027732062, 0.1921773781634303]",0,0
34777,[0.71558352 0.74352484],2,-1,-1,1,-1
34778,[0.25576279 0.17744134],1,2,"[0.294379027732062, 0.1921773781634303]",0,0
34779,[0.66595585 0.58588528],3,3,"[0.6601234827680622, 0.6109507568947781]",1,-1
34780,[0.41719976 0.49430982],0,-1,-1,1,-1
34781,[0.38383235 0.50852741],0,1,"[0.37965276877051146, 0.575157747726818]",1,-1
34782,[0.31803977 0.19959298],1,2,"[0.294379027732062, 0.1921773781634303]",0,0
34783,[0.19501557 0.20063546],1,-1,-1,0,0
34784,[0.296897   0.55069125],0,-1,-1,1,-1
34785,[0.32059445 0.5707032 ],0,1,"[0.37965276877051146, 0.575157747726818]",1,-1
34786,[0.73943083 0.58391206],3,-1,-1,1,-1
34787,[0.84230676 0.72783349],2,-1,-1,1,-1
34788,[0.32294039 0.58342491],0,1,"[0.37965276877051146, 0.575157747726818]",1,-1
34789,[0.87424915 0.64645425],2,-1,-1,1,-1
34790,[0.63391671 0.55668892],3,3,"[0.6601234827680622, 0.6109507568947781]",1,-1
34791,[0.30122953 0.16223428],1,2,"[0.294379027732062, 0.1921773781634303]",0,0
34792,[0.63572014 0.66753233],3,3,"[0.6601234827680622, 0.6109507568947781]",1,-1
34793,[0.63046472 0.65520113],3,3,"[0.6601234827680622, 0.6109507568947781]",1,-1
34794,[0.68977136 0.72299182],2,-1,-1,1,-1
34795,[0.67752866 0.59768178],3,3,"[0.6601234827680622, 0.6109507568947781]",1,-1
34796,[0.71537046 0.6210454 ],3,3,"[0.6601234827680622, 0.6109507568947781]",1,-1
34797,[0.40175265 0.63633996],0,1,"[0.37965276877051146, 0.575157747726818]",1,-1
34798,[0.32053388 0.21441102],1,2,"[0.294379027732062, 0.1921773781634303]",0,0
34799,[0.2783374  0.08373161],1,-1,-1,0,0
34800,[0.68831833 0.64403713],3,3,"[0.6601234827680622, 0.6109507568947781]",1,-1
34801,[0.76815122 0.60586091],3,-1,-1,1,-1
34802,[0.33880678 0.55595499],0,1,"[0.37965276877051146, 0.575157747726818]",1,-1
34803,[0.64969104 0.64077562],3,3,"[0.6601234827680622, 0.6109507568947781]",1,-1
34804,[0.70176691 0.6157476 ],3,3,"[0.6601234827680622, 0.6109507568947781]",1,-1
34805,[0.46642696 0.53270616],0,-1,-1,1,-1
34806,[0.86638675 0.72248252],2,-1,-1,1,-1
34807,[0.308673 0.176492],1,2,"[0.294379027732062, 0.1921773781634303]",0,0
34808,[0.28738726 0.56754075],0,-1,-1,1,-1
34809,[0.30044316 0.08608227],1,-1,-1,0,0
34810,[0.37065743 0.57498158],0,1,"[0.37965276877051146, 0.575157747726818]",1,1
34811,[0.6518487  0.65518898],3,3,"[0.6601234827680622, 0.6109507568947781]",1,-1
34812,[0.36755631 0.60663863],0,1,"[0.37965276877051146, 0.575157747726818]",1,-1
34813,[0.35826779 0.61659176],0,1,"[0.37965276877051146, 0.575157747726818]",1,-1
34814,[0.21961135 0.21224711],1,-1,-1,0,0
34815,[0.34341266 0.2294654 ],1,2,"[0.294379027732062, 0.1921773781634303]",0,0
34816,[0.6660039  0.66479676],3,3,"[0.6601234827680622, 0.6109507568947781]",1,-1
34817,[0.75617119 0.70398839],2,0,"[0.7890750777399501, 0.6799557517006445]",1,-1
34818,[0.64763357 0.69311299],3,-1,-1,1,-1
34819,[0.78815675 0.66614842],2,0,"[0.7890750777399501, 0.6799557517006445]",1,-1
34820,[0.20178465 0.29745845],1,-1,-1,0,0
34821,[0.25182843 0.14104021],1,2,"[0.294379027732062, 0.1921773781634303]",0,0
34822,[0.37912387 0.14232677],1,-1,-1,0,0
34823,[0.6851571  0.62525481],3,3,"[0.6601234827680622, 0.6109507568947781]",1,7
34824,[0.83698923 0.71429699],2,0,"[0.7890750777399501, 0.6799557517006445]",1,-1
34825,[0.75884775 0.71935144],2,0,"[0.7890750777399501, 0.6799557517006445]",1,-1
34826,[0.85370422 0.72393948],2,-1,-1,1,-1
34827,[0.81520905 0.61566094],2,0,"[0.7890750777399501, 0.6799557517006445]",1,-1
34828,[0.60636695 0.65041837],3,3,"[0.6601234827680622, 0.6109507568947781]",1,-1
34829,[0.87369061 0.7739821 ],2,-1,-1,1,-1
34830,[0.79445467 0.68066638],2,0,"[0.7890750777399501, 0.6799557517006445]",1,-1
34831,[0.71088246 0.61227879],3,3,"[0.6601234827680622, 0.6109507568947781]",1,-1
34832,[0.73742194 0.57520136],3,-1,-1,1,-1
34833,[0.80513807 0.76528312],2,-1,-1,1,-1
34834,[0.73042817 0.58665557],3,-1,-1,1,-1
34835,[0.75978018 0.70430041],2,0,"[0.7890750777399501, 0.6799557517006445]",1,-1
34836,[0.37853362 0.6624309 ],0,-1,-1,1,-1
34837,[0.61377736 0.64969859],3,3,"[0.6601234827680622, 0.6109507568947781]",1,-1
34838,[0.81198727 0.72183954],2,0,"[0.7890750777399501, 0.6799557517006445]",1,-1
34839,[0.32141865 0.16404245],1,2,"[0.294379027732062, 0.1921773781634303]",0,0
34840,[0.80632792 0.69279216],2,0,"[0.7890750777399501, 0.6799557517006445]",1,-1
34841,[0.4010311  0.60348117],0,1,"[0.37965276877051146, 0.575157747726818]",1,-1
34842,[0.6422481  0.62573676],3,3,"[0.6601234827680622, 0.6109507568947781]",1,-1
34843,[0.36876794 0.56302886],0,1,"[0.37965276877051146, 0.575157747726818]",1,1
34844,[0.3301376  0.55324718],0,1,"[0.37965276877051146, 0.575157747726818]",1,-1
34845,[0.31138599 0.53765993],0,-1,-1,1,-1
34846,[0.70066388 0.79069171],2,-1,-1,1,-1
34847,[0.58055745 0.71469186],3,-1,-1,1,-1
34848,[0.39286857 0.52595967],0,1,"[0.37965276877051146, 0.575157747726818]",1,-1
34849,[0.82859529 0.68333602],2,0,"[0.7890750777399501, 0.6799557517006445]",1,-1
34850,[0.26351017 0.20583033],1,2,"[0.294379027732062, 0.1921773781634303]",0,0
34851,[0.27608178 0.19304978],1,2,"[0.294379027732062, 0.1921773781634303]",0,0
34852,[0.26867154 0.1678663 ],1,2,"[0.294379027732062, 0.1921773781634303]",0,0
34853,[0.75258495 0.66243677],2,0,"[0.7890750777399501, 0.6799557517006445]",1,-1
34854,[0.79549648 0.65086939],2,0,"[0.7890750777399501, 0.6799557517006445]",1,-1
34855,[0.72698103 0.69706364],2,0,"[0.7890750777399501, 0.6799557517006445]",1,-1
34856,[0.36520671 0.59942488],0,1,"[0.37965276877051146, 0.575157747726818]",1,-1
34857,[0.29615344 0.08344879],1,-1,-1,0,0
34858,[0.43549664 0.59457203],0,1,"[0.37965276877051146, 0.575157747726818]",1,-1
34859,[0.26607613 0.20706261],1,2,"[0.294379027732062, 0.1921773781634303]",0,0
34860,[0.78956364 0.66431407],2,0,"[0.7890750777399501, 0.6799557517006445]",1,-1
34861,[0.42117954 0.525418  ],0,1,"[0.37965276877051146, 0.575157747726818]",1,-1
34862,[0.36216561 0.46584926],0,-1,-1,1,-1
34863,[0.43238979 0.5531507 ],0,1,"[0.37965276877051146, 0.575157747726818]",1,-1
34864,[0.33292397 0.17284428],1,2,"[0.294379027732062, 0.1921773781634303]",0,0
34865,[0.24607975 0.10099313],1,-1,-1,0,0
34866,[0.21116524 0.16808025],1,-1,-1,0,0
34867,[0.37317747 0.62005071],0,1,"[0.37965276877051146, 0.575157747726818]",1,-1
34868,[0.76459012 0.63419229],2,0,"[0.7890750777399501, 0.6799557517006445]",1,-1
34869,[0.33976434 0.15522913],1,2,"[0.294379027732062, 0.1921773781634303]",0,0
34870,[0.76294218 0.67082753],2,0,"[0.7890750777399501, 0.6799557517006445]",1,-1
34871,[0.29942008 0.60874663],0,-1,-1,1,-1
34872,[0.32933551 0.21947179],1,2,"[0.294379027732062, 0.1921773781634303]",0,0
34873,[0.6648656  0.53130453],3,-1,-1,1,-1
34874,[0.43230257 0.57093412],0,1,"[0.37965276877051146, 0.575157747726818]",1,-1
34875,[0.71291773 0.68649897],3,-1,-1,1,-1
34876,[0.32623584 0.61906669],0,1,"[0.37965276877051146, 0.575157747726818]",1,-1
34877,[0.42226854 0.52730438],0,1,"[0.37965276877051146, 0.575157747726818]",1,-1
34878,[0.348164   0.27074658],1,-1,-1,0,0
34879,[0.84908804 0.74735112],2,-1,-1,1,-1
34880,[0.68563953 0.6185117 ],3,3,"[0.6601234827680622, 0.6109507568947781]",1,7
34881,[0.28176906 0.19026071],1,2,"[0.294379027732062, 0.1921773781634303]",0,0
34882,[0.78284865 0.69536021],2,0,"[0.7890750777399501, 0.6799557517006445]",1,-1
34883,[0.62672061 0.61082507],3,3,"[0.6601234827680622, 0.6109507568947781]",1,-1
34884,[0.73866331 0.69457447],2,0,"[0.7890750777399501, 0.6799557517006445]",1,-1
34885,[0.24310016 0.19812624],1,2,"[0.294379027732062, 0.1921773781634303]",0,0
34886,[0.26915939 0.15104551],1,2,"[0.294379027732062, 0.1921773781634303]",0,0
34887,[0.40995806 0.56456542],0,1,"[0.37965276877051146, 0.575157747726818]",1,-1
34888,[0.40297122 0.58863065],0,1,"[0.37965276877051146, 0.575157747726818]",1,-1
34889,[0.73343473 0.72823513],2,-1,-1,1,-1
34890,[0.31586998 0.16642399],1,2,"[0.294379027732062, 0.1921773781634303]",0,0
34891,[0.25996323 0.05812619],1,-1,-1,0,0
34892,[0.30808718 0.19087195],1,2,"[0.294379027732062, 0.1921773781634303]",0,0
34893,[0.62035826 0.61866127],3,3,"[0.6601234827680622, 0.6109507568947781]",1,-1
34894,[0.72520516 0.72019867],3,-1,-1,1,-1
34895,[0.73060632 0.73328748],2,-1,-1,1,-1
34896,[0.33438682 0.21800269],1,2,"[0.294379027732062, 0.1921773781634303]",0,0
34897,[0.7336993  0.70747985],2,0,"[0.7890750777399501, 0.6799557517006445]",1,-1
34898,[0.40712455 0.61433301],0,1,"[0.37965276877051146, 0.575157747726818]",1,-1
34899,[0.62002819 0.59908385],3,3,"[0.6601234827680622, 0.6109507568947781]",1,-1
34900,[0.77011521 0.6650213 ],2,0,"[0.7890750777399501, 0.6799557517006445]",1,3
34901,[0.3203404  0.18083986],1,2,"[0.294379027732062, 0.1921773781634303]",0,0
34902,[0.89167539 0.62253601],2,-1,-1,1,-1
34903,[0.67510458 0.62018107],3,3,"[0.6601234827680622, 0.6109507568947781]",1,-1
34904,[0.26433104 0.18352478],1,2,"[0.294379027732062, 0.1921773781634303]",0,0
34905,[0.31557715 0.14119498],1,2,"[0.294379027732062, 0.1921773781634303]",0,0
34906,[0.48240351 0.56143752],0,-1,-1,1,-1
34907,[0.40710565 0.6060048 ],0,1,"[0.37965276877051146, 0.575157747726818]",1,-1
34908,[0.67467105 0.54909022],3,3,"[0.6601234827680622, 0.6109507568947781]",1,-1
34909,[0.39854425 0.58527066],0,1,"[0.37965276877051146, 0.575157747726818]",1,-1
34910,[0.6001844  0.53954633],3,-1,-1,1,-1
34911,[0.32356722 0.50165238],0,-1,-1,1,-1
34912,[0.75010795 0.77963983],2,-1,-1,1,-1
34913,[0.3017492  0.15275865],1,2,"[0.294379027732062, 0.1921773781634303]",0,0
34914,[0.23752916 0.13501579],1,-1,-1,0,0
34915,[0.29973056 0.19441188],1,2,"[0.294379027732062, 0.1921773781634303]",0,0
34916,[0.79620656 0.74347247],2,0,"[0.7890750777399501, 0.6799557517006445]",1,-1
34917,[0.66391321 0.65001506],3,3,"[0.6601234827680622, 0.6109507568947781]",1,-1
34918,[0.7437472  0.72520455],2,0,"[0.7890750777399501, 0.6799557517006445]",1,-1
34919,[0.43384675 0.60004153],0,1,"[0.37965276877051146, 0.575157747726818]",1,-1
34920,[0.30628096 0.21301367],1,2,"[0.294379027732062, 0.1921773781634303]",0,0
34921,[0.36532301 0.54102313],0,1,"[0.37965276877051146, 0.575157747726818]",1,-1
34922,[0.31236228 0.17832668],1,2,"[0.294379027732062, 0.1921773781634303]",0,0
34923,[0.69778757 0.63216835],3,3,"[0.6601234827680622, 0.6109507568947781]",1,-1
34924,[0.87304963 0.69424661],2,-1,-1,1,-1
34925,[0.64566885 0.63455263],3,3,"[0.6601234827680622, 0.6109507568947781]",1,-1
34926,[0.28137699 0.21478075],1,2,"[0.294379027732062, 0.1921773781634303]",0,0
34927,[0.71587078 0.69068046],3,-1,-1,1,-1
34928,[0.72950369 0.66262735],3,0,"[0.7890750777399501, 0.6799557517006445]",1,-1
34929,[0.40697309 0.59433399],0,1,"[0.37965276877051146, 0.575157747726818]",1,-1
34930,[0.87765901 0.80739667],2,-1,-1,1,-1
34931,[0.23912043 0.24623571],1,-1,-1,0,0
34932,[0.24198364 0.09534261],1,-1,-1,0,0
34933,[0.74052641 0.71565439],3,0,"[0.7890750777399501, 0.6799557517006445]",1,-1
34934,[0.86604344 0.64297951],2,-1,-1,1,-1
34935,[0.43667964 0.62601376],0,-1,-1,1,-1
34936,[0.75844656 0.7175467 ],2,0,"[0.7890750777399501, 0.6799557517006445]",1,-1
34937,[0.62844112 0.61960166],3,3,"[0.6601234827680622, 0.6109507568947781]",1,-1
34938,[0.31175915 0.62805415],0,-1,-1,1,-1
34939,[0.34952091 0.56381336],0,1,"[0.37965276877051146, 0.575157747726818]",1,-1
34940,[0.84209567 0.72846455],2,-1,-1,1,-1
34941,[0.62706    0.65315585],3,3,"[0.6601234827680622, 0.6109507568947781]",1,-1
34942,[0.78107253 0.73057183],2,0,"[0.7890750777399501, 0.6799557517006445]",1,-1
34943,[0.40860204 0.56923171],0,1,"[0.37965276877051146, 0.575157747726818]",1,2
34944,[0.63956273 0.60685622],3,3,"[0.6601234827680622, 0.6109507568947781]",1,-1
34945,[0.75339118 0.77813287],2,-1,-1,1,-1
34946,[0.4324709  0.56857045],0,1,"[0.37965276877051146, 0.575157747726818]",1,-1
34947,[0.7507293 0.6459845],2,0,"[0.7890750777399501, 0.6799557517006445]",1,-1
34948,[0.68844105 0.6251822 ],3,3,"[0.6601234827680622, 0.6109507568947781]",1,7
34949,[0.76183617 0.69385667],2,0,"[0.7890750777399501, 0.6799557517006445]",1,-1
34950,[0.74091345 0.63609129],2,0,"[0.7890750777399501, 0.6799557517006445]",1,-1
34951,[0.23291481 0.22304844],1,2,"[0.294379027732062, 0.1921773781634303]",0,0
34952,[0.39868797 0.63841278],0,1,"[0.37965276877051146, 0.575157747726818]",1,-1
34953,[0.4412274  0.48912451],0,-1,-1,1,-1
34954,[0.2219785  0.19239578],1,-1,-1,0,0
34955,[0.71722196 0.6364436 ],2,3,"[0.6601234827680622, 0.6109507568947781]",1,-1
34956,[0.57806696 0.56924081],3,-1,-1,1,-1
34957,[0.36844305 0.54174924],0,1,"[0.37965276877051146, 0.575157747726818]",1,-1
34958,[0.38119859 0.53964721],0,1,"[0.37965276877051146, 0.575157747726818]",1,-1
34959,[0.29799558 0.60053191],0,-1,-1,1,-1
34960,[0.44680771 0.5782613 ],0,1,"[0.37965276877051146, 0.575157747726818]",1,-1
34961,[0.65358001 0.67568137],3,3,"[0.6601234827680622, 0.6109507568947781]",1,-1
34962,[0.65586966 0.61549636],3,3,"[0.6601234827680622, 0.6109507568947781]",1,-1
34963,[0.70548025 0.57491126],3,3,"[0.6601234827680622, 0.6109507568947781]",1,-1
34964,[0.57200434 0.55658181],3,-1,-1,1,-1
34965,[0.78019003 0.62481386],2,0,"[0.7890750777399501, 0.6799557517006445]",1,-1
34966,[0.31467105 0.51743308],0,-1,-1,1,-1
34967,[0.77432666 0.72170755],2,0,"[0.7890750777399501, 0.6799557517006445]",1,-1
34968,[0.76975369 0.66663726],2,0,"[0.7890750777399501, 0.6799557517006445]",1,-1
34969,[0.66636535 0.66361241],3,3,"[0.6601234827680622, 0.6109507568947781]",1,-1
34970,[0.71112438 0.7940958 ],2,-1,-1,1,-1
34971,[0.72342699 0.51950789],3,-1,-1,1,-1
34972,[0.76838522 0.68788951],2,0,"[0.7890750777399501, 0.6799557517006445]",1,-1
34973,[0.3029982  0.18543292],1,2,"[0.294379027732062, 0.1921773781634303]",0,0
34974,[0.68302392 0.51262981],3,-1,-1,1,-1
34975,[0.25887155 0.2184016 ],1,2,"[0.294379027732062, 0.1921773781634303]",0,0
34976,[0.70240827 0.55159298],3,-1,-1,1,-1
34977,[0.33580301 0.17382735],1,2,"[0.294379027732062, 0.1921773781634303]",0,0
34978,[0.70484141 0.6774509 ],3,-1,-1,1,-1
34979,[0.65948857 0.65785708],3,3,"[0.6601234827680622, 0.6109507568947781]",1,-1
34980,[0.6317645  0.70306912],3,-1,-1,1,-1
34981,[0.26113739 0.2398396 ],1,2,"[0.294379027732062, 0.1921773781634303]",0,0
34982,[0.75081075 0.69062266],2,0,"[0.7890750777399501, 0.6799557517006445]",1,-1
34983,[0.30818474 0.61354955],0,-1,-1,1,-1
34984,[0.31712398 0.20770003],1,2,"[0.294379027732062, 0.1921773781634303]",0,0
34985,[0.30189642 0.2619651 ],1,-1,-1,0,0
34986,[0.31269877 0.19593592],1,2,"[0.294379027732062, 0.1921773781634303]",0,0
34987,[0.68516753 0.64438025],3,3,"[0.6601234827680622, 0.6109507568947781]",1,-1
34988,[0.74948101 0.69781335],2,0,"[0.7890750777399501, 0.6799557517006445]",1,-1
34989,[0.41214159 0.51093072],0,-1,-1,1,-1
34990,[0.76848674 0.68509472],2,0,"[0.7890750777399501, 0.6799557517006445]",1,4
34991,[0.18392477 0.13201092],1,-1,-1,0,0
34992,[0.26185495 0.10900845],1,-1,-1,0,0
34993,[0.41486858 0.51774181],0,1,"[0.37965276877051146, 0.575157747726818]",1,-1
34994,[0.37843112 0.61111632],0,1,"[0.37965276877051146, 0.575157747726818]",1,-1
34995,[0.85936798 0.74929282],2,-1,-1,1,-1
34996,[0.3765446  0.19986273],1,-1,-1,0,0
34997,[0.7734873  0.65238846],2,0,"[0.7890750777399501, 0.6799557517006445]",1,3
34998,[0.37256784 0.51248899],0,1,"[0.37965276877051146, 0.575157747726818]",1,-1
34999,[0.69719639 0.60277119],3,3,"[0.6601234827680622, 0.6109507568947781]",1,-1
35000,[0.23853365 0.14077589],1,-1,-1,0,0
35001,[0.34276687 0.68182823],0,-1,-1,1,-1
35002,[0.76168348 0.69219704],2,0,"[0.7890750777399501, 0.6799557517006445]",1,-1
35003,[0.67623863 0.66282875],3,3,"[0.6601234827680622, 0.6109507568947781]",1,-1
35004,[0.27732093 0.19545496],1,2,"[0.294379027732062, 0.1921773781634303]",0,0
35005,[0.32245647 0.16067596],1,2,"[0.294379027732062, 0.1921773781634303]",0,0
35006,[0.68699977 0.63007891],3,3,"[0.6601234827680622, 0.6109507568947781]",1,7
35007,[0.76513827 0.78250225],2,-1,-1,1,-1
35008,[0.28598715 0.15633813],1,2,"[0.294379027732062, 0.1921773781634303]",0,0
35009,[0.80441549 0.67474131],2,0,"[0.7890750777399501, 0.6799557517006445]",1,4
35010,[0.26669478 0.24635932],1,2,"[0.294379027732062, 0.1921773781634303]",0,0
35011,[0.80863067 0.71735051],2,0,"[0.7890750777399501, 0.6799557517006445]",1,-1
35012,[0.74412419 0.7740538 ],2,-1,-1,1,-1
35013,[0.68420187 0.64449862],3,3,"[0.6601234827680622, 0.6109507568947781]",1,-1
35014,[0.66956033 0.6277521 ],3,3,"[0.6601234827680622, 0.6109507568947781]",1,7
35015,[0.24465382 0.17234722],1,2,"[0.294379027732062, 0.1921773781634303]",0,0
35016,[0.64761959 0.58595237],3,3,"[0.6601234827680622, 0.6109507568947781]",1,-1
35017,[0.27765082 0.23692888],1,2,"[0.294379027732062, 0.1921773781634303]",0,0
35018,[0.36436634 0.48991504],0,-1,-1,1,-1
35019,[0.30485275 0.19981514],1,2,"[0.294379027732062, 0.1921773781634303]",0,0
35020,[0.41148308 0.60996892],0,1,"[0.37965276877051146, 0.575157747726818]",1,-1
35021,[0.42291867 0.55237135],0,1,"[0.37965276877051146, 0.575157747726818]",1,-1
35022,[0.67607282 0.57727636],3,3,"[0.6601234827680622, 0.6109507568947781]",1,-1
35023,[0.79491285 0.55401273],2,-1,-1,1,-1
35024,[0.72660543 0.68619379],2,0,"[0.7890750777399501, 0.6799557517006445]",1,-1
35025,[0.33201363 0.47587742],0,-1,-1,1,-1
35026,[0.29378935 0.31512658],1,-1,-1,0,0
35027,[0.73146528 0.71865807],2,0,"[0.7890750777399501, 0.6799557517006445]",1,-1
35028,[0.38932672 0.52083174],0,1,"[0.37965276877051146, 0.575157747726818]",1,-1
35029,[0.61045986 0.63975299],3,3,"[0.6601234827680622, 0.6109507568947781]",1,-1
35030,[0.38485028 0.60246887],0,1,"[0.37965276877051146, 0.575157747726818]",1,-1
35031,[0.58291387 0.70418922],3,-1,-1,1,-1
35032,[0.3565668  0.61725654],0,1,"[0.37965276877051146, 0.575157747726818]",1,-1
35033,[0.25301786 0.12959234],1,-1,-1,0,0
35034,[0.59759387 0.71773091],3,-1,-1,1,-1
35035,[0.81634629 0.74668476],2,-1,-1,1,-1
35036,[0.32482299 0.27229105],1,-1,-1,0,0
35037,[0.42106063 0.55806476],0,1,"[0.37965276877051146, 0.575157747726818]",1,-1
35038,[0.830389   0.67960219],2,0,"[0.7890750777399501, 0.6799557517006445]",1,-1
35039,[0.54431913 0.66757255],3,-1,-1,1,-1
35040,[0.6633715 0.597798 ],3,3,"[0.6601234827680622, 0.6109507568947781]",1,-1
35041,[0.71280432 0.63472869],3,3,"[0.6601234827680622, 0.6109507568947781]",1,-1
35042,[0.83769448 0.67495644],2,0,"[0.7890750777399501, 0.6799557517006445]",1,-1
35043,[0.32051006 0.62202784],0,-1,-1,1,-1
35044,[0.66819289 0.61450538],3,3,"[0.6601234827680622, 0.6109507568947781]",1,-1
35045,[0.78305852 0.69702904],2,0,"[0.7890750777399501, 0.6799557517006445]",1,-1
35046,[0.66002024 0.5172755 ],3,-1,-1,1,-1
35047,[0.37599261 0.21659289],1,-1,-1,0,0
35048,[0.22431413 0.19061755],1,-1,-1,0,0
35049,[0.40728355 0.59976023],0,1,"[0.37965276877051146, 0.575157747726818]",1,-1
35050,[0.45840403 0.58053967],0,-1,-1,1,-1
35051,[0.31157931 0.57383764],0,1,"[0.37965276877051146, 0.575157747726818]",1,-1
35052,[0.43771491 0.48603502],0,-1,-1,1,-1
35053,[0.34696444 0.09522502],1,-1,-1,0,0
35054,[0.75654315 0.75093921],2,-1,-1,1,-1
35055,[0.94682473 0.67846042],2,-1,-1,1,-1
35056,[0.76197419 0.67532366],2,0,"[0.7890750777399501, 0.6799557517006445]",1,-1
35057,[0.45225685 0.55569045],0,-1,-1,1,-1
35058,[0.25365748 0.17551576],1,2,"[0.294379027732062, 0.1921773781634303]",0,0
35059,[0.77004486 0.6716315 ],2,0,"[0.7890750777399501, 0.6799557517006445]",1,-1
35060,[0.43604205 0.55055777],0,1,"[0.37965276877051146, 0.575157747726818]",1,-1
35061,[0.57946135 0.58673766],3,-1,-1,1,-1
35062,[0.66603626 0.56461981],3,3,"[0.6601234827680622, 0.6109507568947781]",1,-1
35063,[0.31427383 0.49678255],0,-1,-1,1,-1
35064,[0.73522843 0.61364502],3,-1,-1,1,-1
35065,[0.71327177 0.62939488],3,3,"[0.6601234827680622, 0.6109507568947781]",1,-1
35066,[0.47916106 0.62890428],0,-1,-1,1,-1
35067,[0.37446234 0.62599066],0,1,"[0.37965276877051146, 0.575157747726818]",1,-1
35068,[0.6071275  0.67397964],3,-1,-1,1,-1
35069,[0.74891999 0.62231285],2,-1,-1,1,-1
35070,[0.36804861 0.61920706],0,1,"[0.37965276877051146, 0.575157747726818]",1,-1
35071,[0.37246829 0.56833127],0,1,"[0.37965276877051146, 0.575157747726818]",1,1
35072,[0.60815668 0.67038219],3,-1,-1,1,-1
35073,[0.69423412 0.53854337],3,-1,-1,1,-1
35074,[0.34163493 0.55751868],0,1,"[0.37965276877051146, 0.575157747726818]",1,-1
35075,[0.28011655 0.20065786],1,2,"[0.294379027732062, 0.1921773781634303]",0,0
35076,[0.73860996 0.64221467],2,0,"[0.7890750777399501, 0.6799557517006445]",1,-1
35077,[0.70194499 0.61192961],3,3,"[0.6601234827680622, 0.6109507568947781]",1,-1
35078,[0.40693289 0.55839134],0,1,"[0.37965276877051146, 0.575157747726818]",1,-1
35079,[0.2673329  0.20190804],1,2,"[0.294379027732062, 0.1921773781634303]",0,0
35080,[0.73567481 0.69706978],2,0,"[0.7890750777399501, 0.6799557517006445]",1,-1
35081,[0.41795216 0.54521818],0,1,"[0.37965276877051146, 0.575157747726818]",1,-1
35082,[0.31278779 0.68508116],0,-1,-1,1,-1
35083,[0.79813102 0.58442472],2,-1,-1,1,-1
35084,[0.22303135 0.18125407],1,-1,-1,0,0
35085,[0.66401904 0.61076212],3,3,"[0.6601234827680622, 0.6109507568947781]",1,-1
35086,[0.35712219 0.59427806],0,1,"[0.37965276877051146, 0.575157747726818]",1,-1
35087,[0.32254509 0.19646179],1,2,"[0.294379027732062, 0.1921773781634303]",0,0
35088,[0.34257323 0.64927224],0,-1,-1,1,-1
35089,[0.3875855  0.58995286],0,1,"[0.37965276877051146, 0.575157747726818]",1,-1
35090,[0.84555098 0.6594067 ],2,0,"[0.7890750777399501, 0.6799557517006445]",1,-1
35091,[0.67028324 0.59314488],3,3,"[0.6601234827680622, 0.6109507568947781]",1,-1
35092,[0.44329939 0.60062492],0,1,"[0.37965276877051146, 0.575157747726818]",1,-1
35093,[0.31447391 0.6245135 ],0,-1,-1,1,-1
35094,[0.75428751 0.67824334],2,0,"[0.7890750777399501, 0.6799557517006445]",1,-1
35095,[0.42940458 0.1606365 ],1,-1,-1,0,0
35096,[0.42441985 0.65821759],0,-1,-1,1,-1
35097,[0.35929911 0.53543313],0,1,"[0.37965276877051146, 0.575157747726818]",1,-1
35098,[0.75254994 0.69765598],2,0,"[0.7890750777399501, 0.6799557517006445]",1,-1
35099,[0.42255518 0.52663961],0,1,"[0.37965276877051146, 0.575157747726818]",1,-1
35100,[0.35481133 0.57845779],0,1,"[0.37965276877051146, 0.575157747726818]",1,-1
35101,[0.78587627 0.63910346],2,0,"[0.7890750777399501, 0.6799557517006445]",1,-1
35102,[0.36285943 0.14815944],1,-1,-1,0,0
35103,[0.41092807 0.59335993],0,1,"[0.37965276877051146, 0.575157747726818]",1,-1
35104,[0.44087549 0.2979474 ],1,-1,-1,0,-1
35105,[0.39642157 0.2423719 ],1,-1,-1,0,0
35106,[0.33379623 0.18539134],1,2,"[0.294379027732062, 0.1921773781634303]",0,0
35107,[0.3384563  0.58688198],0,1,"[0.37965276877051146, 0.575157747726818]",1,-1
35108,[0.64138512 0.64114851],3,3,"[0.6601234827680622, 0.6109507568947781]",1,-1
35109,[0.29135928 0.23695219],1,2,"[0.294379027732062, 0.1921773781634303]",0,0
35110,[0.37405067 0.60589114],0,1,"[0.37965276877051146, 0.575157747726818]",1,-1
35111,[0.81110513 0.67114882],2,0,"[0.7890750777399501, 0.6799557517006445]",1,-1
35112,[0.86089147 0.71990292],2,-1,-1,1,-1
35113,[0.2500126  0.09884551],1,-1,-1,0,0
35114,[0.60070951 0.6753075 ],3,-1,-1,1,-1
35115,[0.38505429 0.5424814 ],0,1,"[0.37965276877051146, 0.575157747726818]",1,-1
35116,[0.60472505 0.62096614],3,3,"[0.6601234827680622, 0.6109507568947781]",1,-1
35117,[0.27869104 0.2477692 ],1,2,"[0.294379027732062, 0.1921773781634303]",0,0
35118,[0.68536804 0.68429012],3,-1,-1,1,-1
35119,[0.33458757 0.30692812],1,-1,-1,0,0
35120,[0.28417192 0.20026893],1,2,"[0.294379027732062, 0.1921773781634303]",0,0
35121,[0.78836262 0.67755331],2,0,"[0.7890750777399501, 0.6799557517006445]",1,4
35122,[0.22465361 0.23567304],1,-1,-1,0,0
35123,[0.27872132 0.23364182],1,2,"[0.294379027732062, 0.1921773781634303]",0,0
35124,[0.35356611 0.20418919],1,2,"[0.294379027732062, 0.1921773781634303]",0,0
35125,[0.25342537 0.61499178],0,-1,-1,1,-1
35126,[0.29087257 0.55635552],0,-1,-1,1,-1
35127,[0.27789228 0.1371344 ],1,2,"[0.294379027732062, 0.1921773781634303]",0,0
35128,[0.30398017 0.11413435],1,-1,-1,0,0
35129,[0.2566722  0.15662594],1,2,"[0.294379027732062, 0.1921773781634303]",0,0
35130,[0.20279767 0.2096832 ],1,-1,-1,0,0
35131,[0.76590597 0.62332827],2,0,"[0.7890750777399501, 0.6799557517006445]",1,-1
35132,[0.31426018 0.22039374],1,2,"[0.294379027732062, 0.1921773781634303]",0,0
35133,[0.4217348  0.57575124],0,1,"[0.37965276877051146, 0.575157747726818]",1,-1
35134,[0.30587106 0.59958332],0,-1,-1,1,-1
35135,[0.3563567  0.58392198],0,1,"[0.37965276877051146, 0.575157747726818]",1,-1
35136,[0.18311256 0.22332846],1,-1,-1,0,0
35137,[0.21424727 0.15797446],1,-1,-1,0,0
35138,[0.31311865 0.55957181],0,1,"[0.37965276877051146, 0.575157747726818]",1,-1
35139,[0.31733114 0.28480166],1,-1,-1,0,0
35140,[0.26533652 0.1703772 ],1,2,"[0.294379027732062, 0.1921773781634303]",0,0
35141,[0.68621533 0.58260725],3,3,"[0.6601234827680622, 0.6109507568947781]",1,-1
35142,[0.84727731 0.60347808],2,-1,-1,1,-1
35143,[0.32929995 0.59372034],0,1,"[0.37965276877051146, 0.575157747726818]",1,-1
35144,[0.30836548 0.27758235],1,-1,-1,0,0
35145,[0.64138802 0.61134938],3,3,"[0.6601234827680622, 0.6109507568947781]",1,-1
35146,[0.76815914 0.60004381],3,-1,-1,1,-1
35147,[0.69457905 0.51545036],3,-1,-1,1,-1
35148,[0.31336803 0.59540193],0,1,"[0.37965276877051146, 0.575157747726818]",1,-1
35149,[0.3851944  0.52703341],0,1,"[0.37965276877051146, 0.575157747726818]",1,-1
35150,[0.73044311 0.57280839],3,-1,-1,1,-1
35151,[0.40350527 0.50004559],0,-1,-1,1,-1
35152,[0.21963788 0.12838448],1,-1,-1,0,0
35153,[0.61974732 0.6057027 ],3,3,"[0.6601234827680622, 0.6109507568947781]",1,-1
35154,[0.35313282 0.24988518],1,-1,-1,0,0
35155,[0.32651693 0.10101924],1,-1,-1,0,0
35156,[0.37508465 0.57020374],0,1,"[0.37965276877051146, 0.575157747726818]",1,1
35157,[0.44758756 0.44305884],0,-1,-1,1,-1
35158,[0.29714957 0.20580431],1,2,"[0.294379027732062, 0.1921773781634303]",0,0
35159,[0.255449   0.19069322],1,2,"[0.294379027732062, 0.1921773781634303]",0,0
35160,[0.4177887  0.63134199],0,1,"[0.37965276877051146, 0.575157747726818]",1,-1
35161,[0.62206924 0.60068205],3,3,"[0.6601234827680622, 0.6109507568947781]",1,-1
35162,[0.77711256 0.80630522],2,-1,-1,1,-1
35163,[0.21660743 0.24204074],1,-1,-1,0,0
35164,[0.36169925 0.56622816],0,1,"[0.37965276877051146, 0.575157747726818]",1,-1
35165,[0.60647031 0.65048531],3,3,"[0.6601234827680622, 0.6109507568947781]",1,-1
35166,[0.30185834 0.15048105],1,2,"[0.294379027732062, 0.1921773781634303]",0,0
35167,[0.17176967 0.19456938],1,-1,-1,0,0
35168,[0.61704774 0.64064336],3,3,"[0.6601234827680622, 0.6109507568947781]",1,-1
35169,[0.17834351 0.24868324],1,-1,-1,0,0
35170,[0.29345279 0.20807263],1,2,"[0.294379027732062, 0.1921773781634303]",0,0
35171,[0.59023172 0.65219062],3,-1,-1,1,-1
35172,[0.37878587 0.51205894],0,1,"[0.37965276877051146, 0.575157747726818]",1,-1
35173,[0.62116779 0.62261621],3,3,"[0.6601234827680622, 0.6109507568947781]",1,-1
35174,[0.40768905 0.16344334],1,-1,-1,0,0
35175,[0.34011069 0.60066993],0,1,"[0.37965276877051146, 0.575157747726818]",1,-1
35176,[0.77561112 0.73484004],2,0,"[0.7890750777399501, 0.6799557517006445]",1,-1
35177,[0.65091748 0.65850511],2,3,"[0.6601234827680622, 0.6109507568947781]",1,-1
35178,[0.36840164 0.66434299],0,-1,-1,1,-1
35179,[0.31595062 0.14575105],1,2,"[0.294379027732062, 0.1921773781634303]",0,0
35180,[0.24392067 0.13765946],1,-1,-1,0,0
35181,[0.39993671 0.62611712],0,1,"[0.37965276877051146, 0.575157747726818]",1,-1
35182,[0.73467134 0.68820182],2,0,"[0.7890750777399501, 0.6799557517006445]",1,-1
35183,[0.23514467 0.17343462],1,2,"[0.294379027732062, 0.1921773781634303]",0,0
35184,[0.25891071 0.21998086],1,2,"[0.294379027732062, 0.1921773781634303]",0,0
35185,[0.6906201  0.63813201],3,3,"[0.6601234827680622, 0.6109507568947781]",1,-1
35186,[0.65753308 0.66120687],3,3,"[0.6601234827680622, 0.6109507568947781]",1,-1
35187,[0.41404213 0.51418194],0,-1,-1,1,-1
35188,[0.34145566 0.20633782],1,2,"[0.294379027732062, 0.1921773781634303]",0,0
35189,[0.17356904 0.26762694],1,-1,-1,0,0
35190,[0.38929715 0.54174139],0,1,"[0.37965276877051146, 0.575157747726818]",1,-1
35191,[0.76543337 0.56721507],2,-1,-1,1,-1
35192,[0.60467791 0.62554248],3,3,"[0.6601234827680622, 0.6109507568947781]",1,-1
35193,[0.74051504 0.58461218],3,-1,-1,1,-1
35194,[0.26164829 0.65872748],0,-1,-1,1,-1
35195,[0.2635886  0.26159317],1,-1,-1,0,0
35196,[0.72046703 0.69156323],2,0,"[0.7890750777399501, 0.6799557517006445]",1,-1
35197,[0.36096108 0.64955259],0,-1,-1,1,-1
35198,[0.32310211 0.12457003],1,-1,-1,0,0
35199,[0.75324395 0.58346286],3,-1,-1,1,-1
35200,[0.89317589 0.67988543],2,-1,-1,1,-1
35201,[0.81129074 0.68763848],2,0,"[0.7890750777399501, 0.6799557517006445]",1,4
35202,[0.86380658 0.63498886],2,-1,-1,1,-1
35203,[0.61627614 0.66581559],3,-1,-1,1,-1
35204,[0.83600244 0.67008665],2,0,"[0.7890750777399501, 0.6799557517006445]",1,-1
35205,[0.27961705 0.18797601],1,2,"[0.294379027732062, 0.1921773781634303]",0,0
35206,[0.88291338 0.66547722],2,-1,-1,1,-1
35207,[0.68497176 0.66080921],2,3,"[0.6601234827680622, 0.6109507568947781]",1,-1
35208,[0.7294315  0.67200093],2,0,"[0.7890750777399501, 0.6799557517006445]",1,-1
35209,[0.43119261 0.54479838],0,1,"[0.37965276877051146, 0.575157747726818]",1,-1
35210,[0.26538646 0.12793693],1,-1,-1,0,0
35211,[0.38770968 0.6093869 ],0,1,"[0.37965276877051146, 0.575157747726818]",1,-1
35212,[0.52175102 0.51544013],0,-1,-1,1,-1
35213,[0.64566094 0.68598947],3,-1,-1,1,-1
35214,[0.42925429 0.61511809],0,1,"[0.37965276877051146, 0.575157747726818]",1,-1
35215,[0.77904757 0.68792047],2,0,"[0.7890750777399501, 0.6799557517006445]",1,-1
35216,[0.7001334  0.55985101],3,3,"[0.6601234827680622, 0.6109507568947781]",1,-1
35217,[0.65837061 0.62442278],3,3,"[0.6601234827680622, 0.6109507568947781]",1,7
35218,[0.71153338 0.74268933],2,-1,-1,1,-1
35219,[0.29379086 0.15484237],1,2,"[0.294379027732062, 0.1921773781634303]",0,0
35220,[0.76899999 0.64507805],2,0,"[0.7890750777399501, 0.6799557517006445]",1,-1
35221,[0.28581163 0.20990985],1,2,"[0.294379027732062, 0.1921773781634303]",0,0
35222,[0.63403158 0.63991319],3,3,"[0.6601234827680622, 0.6109507568947781]",1,-1
35223,[0.36571218 0.58316531],0,1,"[0.37965276877051146, 0.575157747726818]",1,-1
35224,[0.41761291 0.52790295],0,1,"[0.37965276877051146, 0.575157747726818]",1,-1
35225,[0.70385297 0.70039491],2,-1,-1,1,-1
35226,[0.63762778 0.57382977],3,3,"[0.6601234827680622, 0.6109507568947781]",1,-1
35227,[0.67594279 0.56819063],3,3,"[0.6601234827680622, 0.6109507568947781]",1,-1
35228,[0.66933742 0.6283053 ],3,3,"[0.6601234827680622, 0.6109507568947781]",1,7
35229,[0.78400974 0.70408414],2,0,"[0.7890750777399501, 0.6799557517006445]",1,-1
35230,[0.71050044 0.68743219],2,-1,-1,1,-1
35231,[0.3968896  0.51150062],0,1,"[0.37965276877051146, 0.575157747726818]",1,-1
35232,[0.76558587 0.81374323],2,-1,-1,1,-1
35233,[0.88498796 0.72068538],2,-1,-1,1,-1
35234,[0.67769385 0.64767708],3,3,"[0.6601234827680622, 0.6109507568947781]",1,-1
35235,[0.23792066 0.12297421],1,-1,-1,0,0
35236,[0.71404114 0.63632055],2,3,"[0.6601234827680622, 0.6109507568947781]",1,-1
35237,[0.33138555 0.15395763],1,2,"[0.294379027732062, 0.1921773781634303]",0,0
35238,[0.23515138 0.18462047],1,2,"[0.294379027732062, 0.1921773781634303]",0,0
35239,[0.21109025 0.24241539],1,-1,-1,0,0
35240,[0.84907496 0.71443714],2,0,"[0.7890750777399501, 0.6799557517006445]",1,-1
35241,[0.35058979 0.55803996],0,1,"[0.37965276877051146, 0.575157747726818]",1,-1
35242,[0.39440397 0.64542069],0,-1,-1,1,-1
35243,[0.81963534 0.65707035],2,0,"[0.7890750777399501, 0.6799557517006445]",1,-1
35244,[0.68189406 0.64175365],3,3,"[0.6601234827680622, 0.6109507568947781]",1,-1
35245,[0.34229393 0.15321806],1,2,"[0.294379027732062, 0.1921773781634303]",0,0
35246,[0.64512241 0.64994565],3,3,"[0.6601234827680622, 0.6109507568947781]",1,-1
35247,[0.80278602 0.68339522],2,0,"[0.7890750777399501, 0.6799557517006445]",1,-1
35248,[0.81622132 0.69511115],2,0,"[0.7890750777399501, 0.6799557517006445]",1,-1
35249,[0.2720525  0.53240188],0,-1,-1,1,-1
35250,[0.39061679 0.5744808 ],0,1,"[0.37965276877051146, 0.575157747726818]",1,2
35251,[0.43945734 0.58804292],0,1,"[0.37965276877051146, 0.575157747726818]",1,-1
35252,[0.35940116 0.19945653],1,2,"[0.294379027732062, 0.1921773781634303]",0,0
35253,[0.33372206 0.59919141],0,1,"[0.37965276877051146, 0.575157747726818]",1,-1
35254,[0.81550681 0.7397411 ],2,0,"[0.7890750777399501, 0.6799557517006445]",1,-1
35255,[0.65487656 0.60073421],3,3,"[0.6601234827680622, 0.6109507568947781]",1,6
35256,[0.67462656 0.58796528],3,3,"[0.6601234827680622, 0.6109507568947781]",1,-1
35257,[0.46919203 0.53686484],0,-1,-1,1,-1
35258,[0.69445193 0.58475773],3,3,"[0.6601234827680622, 0.6109507568947781]",1,-1
35259,[0.67202953 0.5666773 ],3,3,"[0.6601234827680622, 0.6109507568947781]",1,-1
35260,[0.37867704 0.59015604],0,1,"[0.37965276877051146, 0.575157747726818]",1,-1
35261,[0.58438418 0.62273859],3,-1,-1,1,-1
35262,[0.77638796 0.70975847],2,0,"[0.7890750777399501, 0.6799557517006445]",1,-1
35263,[0.2897954  0.19980543],1,2,"[0.294379027732062, 0.1921773781634303]",0,0
35264,[0.27749451 0.17154261],1,2,"[0.294379027732062, 0.1921773781634303]",0,0
35265,[0.73096631 0.69241489],2,0,"[0.7890750777399501, 0.6799557517006445]",1,-1
35266,[0.79566836 0.60072796],2,-1,-1,1,-1
35267,[0.27165296 0.16629778],1,2,"[0.294379027732062, 0.1921773781634303]",0,0
35268,[0.66090697 0.55146523],3,3,"[0.6601234827680622, 0.6109507568947781]",1,-1
35269,[0.30701096 0.15897733],1,2,"[0.294379027732062, 0.1921773781634303]",0,0
35270,[0.2201335  0.20242144],1,-1,-1,0,0
35271,[0.66468739 0.59058762],3,3,"[0.6601234827680622, 0.6109507568947781]",1,6
35272,[0.77585424 0.72577137],2,0,"[0.7890750777399501, 0.6799557517006445]",1,-1
35273,[0.64856311 0.68365919],2,-1,-1,1,-1
35274,[0.30698334 0.49952474],0,-1,-1,1,-1
35275,[0.39905915 0.52094063],0,1,"[0.37965276877051146, 0.575157747726818]",1,-1
35276,[0.68972307 0.62062866],3,3,"[0.6601234827680622, 0.6109507568947781]",1,-1
35277,[0.24988894 0.15731715],1,2,"[0.294379027732062, 0.1921773781634303]",0,0
35278,[0.33429157 0.62985366],0,-1,-1,1,-1
35279,[0.31473693 0.52827076],0,-1,-1,1,-1
35280,[0.35621486 0.58900261],0,1,"[0.37965276877051146, 0.575157747726818]",1,-1
35281,[0.28964474 0.12500658],1,2,"[0.294379027732062, 0.1921773781634303]",0,0
35282,[0.22997688 0.22381572],1,-1,-1,0,0
35283,[0.32184495 0.16453827],1,2,"[0.294379027732062, 0.1921773781634303]",0,0
35284,[0.6911164  0.55970009],3,3,"[0.6601234827680622, 0.6109507568947781]",1,-1
35285,[0.5886637  0.58179818],3,-1,-1,1,-1
35286,[0.30585068 0.23859586],1,2,"[0.294379027732062, 0.1921773781634303]",0,0
35287,[0.36400339 0.62485963],0,1,"[0.37965276877051146, 0.575157747726818]",1,-1
35288,[0.31615912 0.5041027 ],0,-1,-1,1,-1
35289,[0.1846316  0.25295619],1,-1,-1,0,0
35290,[0.7199173  0.63506864],3,3,"[0.6601234827680622, 0.6109507568947781]",1,-1
35291,[0.82731204 0.67354084],2,0,"[0.7890750777399501, 0.6799557517006445]",1,-1
35292,[0.72206525 0.55429538],3,-1,-1,1,-1
35293,[0.34638982 0.14627105],1,2,"[0.294379027732062, 0.1921773781634303]",0,0
35294,[0.72210409 0.56418709],3,-1,-1,1,-1
35295,[0.37414397 0.19624532],1,-1,-1,0,0
35296,[0.36671857 0.53865415],0,1,"[0.37965276877051146, 0.575157747726818]",1,-1
35297,[0.68060667 0.57334993],3,3,"[0.6601234827680622, 0.6109507568947781]",1,-1
35298,[0.74278106 0.70164136],2,0,"[0.7890750777399501, 0.6799557517006445]",1,-1
35299,[0.41873573 0.59716787],0,1,"[0.37965276877051146, 0.575157747726818]",1,-1
35300,[0.37728731 0.14107218],1,-1,-1,0,0
35301,[0.41901025 0.54193547],0,1,"[0.37965276877051146, 0.575157747726818]",1,-1
35302,[0.69303057 0.56217427],3,3,"[0.6601234827680622, 0.6109507568947781]",1,-1
35303,[0.65461639 0.63522579],3,3,"[0.6601234827680622, 0.6109507568947781]",1,-1
35304,[0.7335523  0.62729242],3,-1,-1,1,-1
35305,[0.64545571 0.50928938],3,-1,-1,1,-1
35306,[0.75821912 0.74805768],2,-1,-1,1,-1
35307,[0.32786734 0.55716406],0,1,"[0.37965276877051146, 0.575157747726818]",1,-1
35308,[0.38197725 0.58186105],0,1,"[0.37965276877051146, 0.575157747726818]",1,-1
35309,[0.59988499 0.58837672],3,3,"[0.6601234827680622, 0.6109507568947781]",1,-1
35310,[0.43511998 0.57730536],0,1,"[0.37965276877051146, 0.575157747726818]",1,-1
35311,[0.81299762 0.63024801],2,0,"[0.7890750777399501, 0.6799557517006445]",1,-1
35312,[0.7668505  0.62576488],2,0,"[0.7890750777399501, 0.6799557517006445]",1,-1
35313,[0.77765012 0.69456823],2,0,"[0.7890750777399501, 0.6799557517006445]",1,-1
35314,[0.38573579 0.63979792],0,1,"[0.37965276877051146, 0.575157747726818]",1,-1
35315,[0.80585582 0.6423595 ],2,0,"[0.7890750777399501, 0.6799557517006445]",1,-1
35316,[0.71140217 0.58619867],3,3,"[0.6601234827680622, 0.6109507568947781]",1,-1
35317,[0.36106927 0.23217952],1,-1,-1,0,0
35318,[0.34123943 0.65916549],0,-1,-1,1,-1
35319,[0.82004896 0.63315494],2,0,"[0.7890750777399501, 0.6799557517006445]",1,-1
35320,[0.56934794 0.51428274],3,-1,-1,1,-1
35321,[0.30222978 0.17716197],1,2,"[0.294379027732062, 0.1921773781634303]",0,0
35322,[0.71682996 0.57365203],3,3,"[0.6601234827680622, 0.6109507568947781]",1,-1
35323,[0.33217362 0.18180963],1,2,"[0.294379027732062, 0.1921773781634303]",0,0
35324,[0.68503823 0.60250232],3,3,"[0.6601234827680622, 0.6109507568947781]",1,5
35325,[0.28122128 0.5120708 ],0,-1,-1,1,-1
35326,[0.38736085 0.59001945],0,1,"[0.37965276877051146, 0.575157747726818]",1,-1
35327,[0.7384946  0.57062768],3,-1,-1,1,-1
35328,[0.39928846 0.63911836],0,1,"[0.37965276877051146, 0.575157747726818]",1,-1
35329,[0.81679132 0.76780035],2,-1,-1,1,-1
35330,[0.41061288 0.59908928],0,1,"[0.37965276877051146, 0.575157747726818]",1,-1
35331,[0.30207563 0.6045525 ],0,-1,-1,1,-1
35332,[0.39370818 0.19532123],1,-1,-1,0,0
35333,[0.33317295 0.56588838],0,1,"[0.37965276877051146, 0.575157747726818]",1,-1
35334,[0.82797189 0.73797007],2,0,"[0.7890750777399501, 0.6799557517006445]",1,-1
35335,[0.78061834 0.7200707 ],2,0,"[0.7890750777399501, 0.6799557517006445]",1,-1
35336,[0.62241049 0.5098497 ],3,-1,-1,1,-1
35337,[0.80793586 0.64664331],2,0,"[0.7890750777399501, 0.6799557517006445]",1,-1
35338,[0.33891862 0.53387753],0,1,"[0.37965276877051146, 0.575157747726818]",1,-1
35339,[0.38637367 0.18757024],1,-1,-1,0,0
35340,[0.38629953 0.60225319],0,1,"[0.37965276877051146, 0.575157747726818]",1,-1
35341,[0.74080084 0.59338438],2,-1,-1,1,-1
35342,[0.8391572  0.60224514],2,-1,-1,1,-1
35343,[0.83170745 0.65445249],2,0,"[0.7890750777399501, 0.6799557517006445]",1,-1
35344,[0.34250863 0.6404182 ],0,-1,-1,1,-1
35345,[0.38051257 0.55378174],0,1,"[0.37965276877051146, 0.575157747726818]",1,-1
35346,[0.31164469 0.2014917 ],1,2,"[0.294379027732062, 0.1921773781634303]",0,0
35347,[0.32829859 0.19220278],1,2,"[0.294379027732062, 0.1921773781634303]",0,0
35348,[0.25096961 0.16435793],1,2,"[0.294379027732062, 0.1921773781634303]",0,0
35349,[0.26849596 0.18171439],1,2,"[0.294379027732062, 0.1921773781634303]",0,0
35350,[0.691704   0.59656286],3,3,"[0.6601234827680622, 0.6109507568947781]",1,-1
35351,[0.27466632 0.18321045],1,2,"[0.294379027732062, 0.1921773781634303]",0,0
35352,[0.3003989  0.20242749],1,2,"[0.294379027732062, 0.1921773781634303]",0,0
35353,[0.79661959 0.73953749],2,0,"[0.7890750777399501, 0.6799557517006445]",1,-1
35354,[0.32103895 0.55093833],0,1,"[0.37965276877051146, 0.575157747726818]",1,-1
35355,[0.72957428 0.57303251],3,-1,-1,1,-1
35356,[0.35669563 0.55118018],0,1,"[0.37965276877051146, 0.575157747726818]",1,-1
35357,[0.33699659 0.48168058],0,-1,-1,1,-1
35358,[0.69753116 0.80275323],2,-1,-1,1,-1
35359,[0.66563874 0.6443762 ],3,3,"[0.6601234827680622, 0.6109507568947781]",1,-1
35360,[0.31084187 0.12089818],1,-1,-1,0,0
35361,[0.74912471 0.69283696],2,0,"[0.7890750777399501, 0.6799557517006445]",1,-1
35362,[0.68352947 0.63223646],3,3,"[0.6601234827680622, 0.6109507568947781]",1,-1
35363,[0.89291388 0.71865087],2,-1,-1,1,-1
35364,[0.43322998 0.56963455],0,1,"[0.37965276877051146, 0.575157747726818]",1,-1
35365,[0.66418732 0.60073882],3,3,"[0.6601234827680622, 0.6109507568947781]",1,-1
35366,[0.74024686 0.72246728],2,0,"[0.7890750777399501, 0.6799557517006445]",1,-1
35367,[0.83163544 0.61971187],2,-1,-1,1,-1
35368,[0.64093866 0.53939937],3,-1,-1,1,-1
35369,[0.32356683 0.15639587],1,2,"[0.294379027732062, 0.1921773781634303]",0,0
35370,[0.28232946 0.17932524],1,2,"[0.294379027732062, 0.1921773781634303]",0,0
35371,[0.24726827 0.05910465],1,-1,-1,0,0
35372,[0.30220921 0.55859667],0,-1,-1,1,-1
35373,[0.41977365 0.56378067],0,1,"[0.37965276877051146, 0.575157747726818]",1,-1
35374,[0.24963511 0.20771854],1,2,"[0.294379027732062, 0.1921773781634303]",0,0
35375,[0.77904952 0.66365726],2,0,"[0.7890750777399501, 0.6799557517006445]",1,3
35376,[0.29478435 0.15330777],1,2,"[0.294379027732062, 0.1921773781634303]",0,0
35377,[0.33958568 0.22734852],1,2,"[0.294379027732062, 0.1921773781634303]",0,0
35378,[0.66404488 0.71564795],3,-1,-1,1,-1
35379,[0.35409989 0.54606862],0,1,"[0.37965276877051146, 0.575157747726818]",1,-1
35380,[0.2863071  0.22922706],1,2,"[0.294379027732062, 0.1921773781634303]",0,0
35381,[0.79366486 0.72759478],2,0,"[0.7890750777399501, 0.6799557517006445]",1,-1
35382,[0.32379689 0.15038249],1,2,"[0.294379027732062, 0.1921773781634303]",0,0
35383,[0.60937465 0.60640464],3,3,"[0.6601234827680622, 0.6109507568947781]",1,-1
35384,[0.26747939 0.1436141 ],1,2,"[0.294379027732062, 0.1921773781634303]",0,0
35385,[0.34526392 0.54773218],0,1,"[0.37965276877051146, 0.575157747726818]",1,-1
35386,[0.41183767 0.49843399],0,-1,-1,1,-1
35387,[0.36988742 0.54936135],0,1,"[0.37965276877051146, 0.575157747726818]",1,-1
35388,[0.73799606 0.73083558],2,-1,-1,1,-1
35389,[0.62195962 0.67726517],3,-1,-1,1,-1
35390,[0.28984059 0.13196707],1,2,"[0.294379027732062, 0.1921773781634303]",0,0
35391,[0.31239087 0.10674856],1,-1,-1,0,0
35392,[0.63932615 0.66804815],2,3,"[0.6601234827680622, 0.6109507568947781]",1,-1
35393,[0.2930104  0.16994268],1,2,"[0.294379027732062, 0.1921773781634303]",0,0
35394,[0.80785145 0.7205296 ],2,0,"[0.7890750777399501, 0.6799557517006445]",1,-1
35395,[0.67638723 0.57308288],3,3,"[0.6601234827680622, 0.6109507568947781]",1,-1
35396,[0.42042588 0.47299369],0,-1,-1,1,-1
35397,[0.38077221 0.55838616],0,1,"[0.37965276877051146, 0.575157747726818]",1,-1
35398,[0.30248895 0.16273905],1,2,"[0.294379027732062, 0.1921773781634303]",0,0
35399,[0.73770044 0.61333408],2,-1,-1,1,-1
35400,[0.68820596 0.56789944],3,3,"[0.6601234827680622, 0.6109507568947781]",1,-1
35401,[0.73314346 0.58897918],3,-1,-1,1,-1
35402,[0.66312419 0.74807264],3,-1,-1,1,-1
35403,[0.40823282 0.64496256],0,-1,-1,1,-1
35404,[0.69596621 0.60864555],3,3,"[0.6601234827680622, 0.6109507568947781]",1,-1
35405,[0.47107245 0.57652764],0,-1,-1,1,-1
35406,[0.76933706 0.66981338],2,0,"[0.7890750777399501, 0.6799557517006445]",1,-1
35407,[0.30392975 0.20048702],1,2,"[0.294379027732062, 0.1921773781634303]",0,0
35408,[0.38475865 0.59584553],0,1,"[0.37965276877051146, 0.575157747726818]",1,-1
35409,[0.33280558 0.15072065],1,2,"[0.294379027732062, 0.1921773781634303]",0,0
35410,[0.68421106 0.59320882],3,3,"[0.6601234827680622, 0.6109507568947781]",1,-1
35411,[0.25398934 0.45066061],0,-1,-1,1,-1
35412,[0.36745337 0.51767655],0,1,"[0.37965276877051146, 0.575157747726818]",1,-1
35413,[0.36795869 0.58608315],0,1,"[0.37965276877051146, 0.575157747726818]",1,-1
35414,[0.40204481 0.60482635],0,1,"[0.37965276877051146, 0.575157747726818]",1,-1
35415,[0.2035969  0.17498729],1,-1,-1,0,0
35416,[0.72060936 0.58979641],2,3,"[0.6601234827680622, 0.6109507568947781]",1,-1
35417,[0.62841977 0.57808864],3,3,"[0.6601234827680622, 0.6109507568947781]",1,-1
35418,[0.32746167 0.62069632],0,1,"[0.37965276877051146, 0.575157747726818]",1,-1
35419,[0.33465814 0.46062156],0,-1,-1,1,-1
35420,[0.30927556 0.63798786],0,-1,-1,1,-1
35421,[0.69177577 0.54707024],3,-1,-1,1,-1
35422,[0.50203324 0.57541433],0,-1,-1,1,-1
35423,[0.60136823 0.66295253],3,-1,-1,1,-1
35424,[0.73122945 0.65848417],2,0,"[0.7890750777399501, 0.6799557517006445]",1,-1
35425,[0.30588311 0.21245292],1,2,"[0.294379027732062, 0.1921773781634303]",0,0
35426,[0.37254627 0.66829597],0,-1,-1,1,-1
35427,[0.44378594 0.61053088],0,-1,-1,1,-1
35428,[0.2760873  0.22775833],1,2,"[0.294379027732062, 0.1921773781634303]",0,0
35429,[0.79781717 0.70216634],2,0,"[0.7890750777399501, 0.6799557517006445]",1,-1
35430,[0.66642639 0.64564175],3,3,"[0.6601234827680622, 0.6109507568947781]",1,-1
35431,[0.3088281  0.25053553],1,2,"[0.294379027732062, 0.1921773781634303]",0,0
35432,[0.65929551 0.60556783],3,3,"[0.6601234827680622, 0.6109507568947781]",1,-1
35433,[0.85760402 0.65213715],2,-1,-1,1,-1
35434,[0.78658123 0.67219872],2,0,"[0.7890750777399501, 0.6799557517006445]",1,4
35435,[0.51015039 0.6498865 ],3,-1,-1,1,-1
35436,[0.74056177 0.62617578],2,-1,-1,1,-1
35437,[0.72771796 0.61123656],3,3,"[0.6601234827680622, 0.6109507568947781]",1,-1
35438,[0.33403431 0.5045826 ],0,-1,-1,1,-1
35439,[0.64257297 0.59621502],3,3,"[0.6601234827680622, 0.6109507568947781]",1,-1
35440,[0.21364346 0.16240392],1,-1,-1,0,0
35441,[0.28568936 0.20200484],1,2,"[0.294379027732062, 0.1921773781634303]",0,0
35442,[0.30866962 0.22171877],1,2,"[0.294379027732062, 0.1921773781634303]",0,0
35443,[0.38137586 0.27093518],1,-1,-1,0,0
35444,[0.77247609 0.58493704],2,-1,-1,1,-1
35445,[0.67164055 0.6945399 ],3,-1,-1,1,-1
35446,[0.58687203 0.6202937 ],3,-1,-1,1,-1
35447,[0.43289673 0.53864244],0,1,"[0.37965276877051146, 0.575157747726818]",1,-1
35448,[0.88723304 0.66522337],2,-1,-1,1,-1
35449,[0.82974768 0.66460628],2,0,"[0.7890750777399501, 0.6799557517006445]",1,-1
35450,[0.34354126 0.15967125],1,2,"[0.294379027732062, 0.1921773781634303]",0,0
35451,[0.79322713 0.61221982],2,0,"[0.7890750777399501, 0.6799557517006445]",1,-1
35452,[0.21726467 0.20624169],1,-1,-1,0,0
35453,[0.69401968 0.61722942],3,3,"[0.6601234827680622, 0.6109507568947781]",1,-1
35454,[0.35333494 0.3033232 ],1,-1,-1,0,0
35455,[0.79158524 0.69638932],2,0,"[0.7890750777399501, 0.6799557517006445]",1,-1
35456,[0.27023893 0.19865011],1,2,"[0.294379027732062, 0.1921773781634303]",0,0
35457,[0.64780538 0.68792617],3,-1,-1,1,-1
35458,[0.74693708 0.64868796],3,0,"[0.7890750777399501, 0.6799557517006445]",1,-1
35459,[0.46974807 0.54816586],0,-1,-1,1,-1
35460,[0.45352267 0.58519484],0,-1,-1,1,-1
35461,[0.38767764 0.66725734],0,-1,-1,1,-1
35462,[0.37939065 0.50190382],0,-1,-1,1,-1
35463,[0.69453883 0.57233664],3,3,"[0.6601234827680622, 0.6109507568947781]",1,-1
35464,[0.3101975  0.53902741],0,-1,-1,1,-1
35465,[0.68608498 0.63370957],3,3,"[0.6601234827680622, 0.6109507568947781]",1,-1
35466,[0.35982222 0.2672004 ],1,-1,-1,0,0
35467,[0.28992388 0.47313605],0,-1,-1,1,-1
35468,[0.67149248 0.53910476],3,-1,-1,1,-1
35469,[0.36123721 0.53858163],0,1,"[0.37965276877051146, 0.575157747726818]",1,-1
35470,[0.72880307 0.65279774],3,0,"[0.7890750777399501, 0.6799557517006445]",1,-1
35471,[0.62507351 0.59527664],3,3,"[0.6601234827680622, 0.6109507568947781]",1,-1
35472,[0.74183939 0.60793806],3,-1,-1,1,-1
35473,[0.68192058 0.65337561],3,3,"[0.6601234827680622, 0.6109507568947781]",1,-1
35474,[0.09892824 0.1823443 ],1,-1,-1,0,-1
35475,[0.29420344 0.2119544 ],1,2,"[0.294379027732062, 0.1921773781634303]",0,0
35476,[0.77297128 0.66377404],3,0,"[0.7890750777399501, 0.6799557517006445]",1,-1
35477,[0.32256937 0.19992432],1,2,"[0.294379027732062, 0.1921773781634303]",0,0
35478,[0.84059382 0.64099232],2,0,"[0.7890750777399501, 0.6799557517006445]",1,-1
35479,[0.72215071 0.68123149],2,0,"[0.7890750777399501, 0.6799557517006445]",1,-1
35480,[0.67673992 0.55180078],3,3,"[0.6601234827680622, 0.6109507568947781]",1,-1
35481,[0.67299428 0.70270109],3,-1,-1,1,-1
35482,[0.63080513 0.59322604],3,3,"[0.6601234827680622, 0.6109507568947781]",1,-1
35483,[0.76004045 0.65272958],2,0,"[0.7890750777399501, 0.6799557517006445]",1,-1
35484,[0.36836998 0.29922483],1,-1,-1,0,0
35485,[0.71997739 0.60302626],3,3,"[0.6601234827680622, 0.6109507568947781]",1,-1
35486,[0.64074657 0.63913081],3,3,"[0.6601234827680622, 0.6109507568947781]",1,-1
35487,[0.59109201 0.53757483],3,-1,-1,1,-1
35488,[0.71032133 0.5734467 ],3,3,"[0.6601234827680622, 0.6109507568947781]",1,-1
35489,[0.41053986 0.65147053],0,-1,-1,1,-1
35490,[0.31442867 0.63737711],0,-1,-1,1,-1
35491,[0.29535309 0.17362377],1,2,"[0.294379027732062, 0.1921773781634303]",0,0
35492,[0.3373791  0.56050579],0,1,"[0.37965276877051146, 0.575157747726818]",1,-1
35493,[0.25987342 0.2250944 ],1,2,"[0.294379027732062, 0.1921773781634303]",0,0
35494,[0.28624486 0.1934871 ],1,2,"[0.294379027732062, 0.1921773781634303]",0,0
35495,[0.30898964 0.5705258 ],0,-1,-1,1,-1
35496,[0.23452127 0.15456522],1,-1,-1,0,0
35497,[0.37312472 0.27560265],1,-1,-1,0,0
35498,[0.32258386 0.26746557],1,-1,-1,0,0
35499,[0.30452291 0.49618446],0,-1,-1,1,-1
35500,[0.22064623 0.17965088],1,-1,-1,0,0
35501,[0.31642025 0.2361721 ],1,2,"[0.294379027732062, 0.1921773781634303]",0,0
35502,[0.32493173 0.11232963],1,-1,-1,0,0
35503,[0.70526516 0.71600974],2,-1,-1,1,-1
35504,[0.84914065 0.69303406],2,0,"[0.7890750777399501, 0.6799557517006445]",1,-1
35505,[0.74964184 0.66547925],2,0,"[0.7890750777399501, 0.6799557517006445]",1,-1
35506,[0.39113887 0.57582203],0,1,"[0.37965276877051146, 0.575157747726818]",1,-1
35507,[0.78808347 0.69176145],2,0,"[0.7890750777399501, 0.6799557517006445]",1,-1
35508,[0.33201902 0.59883451],0,1,"[0.37965276877051146, 0.575157747726818]",1,-1
35509,[0.31254414 0.11747193],1,-1,-1,0,0
35510,[0.73972614 0.58605813],3,-1,-1,1,-1
35511,[0.75834877 0.78367127],2,-1,-1,1,-1
35512,[0.3960761  0.55976253],0,1,"[0.37965276877051146, 0.575157747726818]",1,-1
35513,[0.47938266 0.4972672 ],0,-1,-1,1,-1
35514,[0.46417704 0.62635678],0,-1,-1,1,-1
35515,[0.24003238 0.25448007],1,-1,-1,0,0
35516,[0.37142567 0.59373488],0,1,"[0.37965276877051146, 0.575157747726818]",1,-1
35517,[0.21319378 0.15578911],1,-1,-1,0,0
35518,[0.24757816 0.3519048 ],1,-1,-1,0,0
35519,[0.31757887 0.11194901],1,-1,-1,0,0
35520,[0.84689645 0.59998978],2,-1,-1,1,-1
35521,[0.6826843  0.69283914],2,-1,-1,1,-1
35522,[0.36747038 0.55319631],0,1,"[0.37965276877051146, 0.575157747726818]",1,-1
35523,[0.34925133 0.23656146],1,-1,-1,0,0
35524,[0.82785287 0.66492687],2,0,"[0.7890750777399501, 0.6799557517006445]",1,-1
35525,[0.39949535 0.51811966],0,1,"[0.37965276877051146, 0.575157747726818]",1,-1
35526,[0.72155896 0.63460876],3,3,"[0.6601234827680622, 0.6109507568947781]",1,-1
35527,[0.35866374 0.57694065],0,1,"[0.37965276877051146, 0.575157747726818]",1,-1
35528,[0.68703472 0.57218351],3,3,"[0.6601234827680622, 0.6109507568947781]",1,-1
35529,[0.2935941  0.16216061],1,2,"[0.294379027732062, 0.1921773781634303]",0,0
35530,[0.36372608 0.50938646],0,1,"[0.37965276877051146, 0.575157747726818]",1,-1
35531,[0.18774654 0.1972928 ],1,-1,-1,0,0
35532,[0.61473983 0.5774453 ],3,3,"[0.6601234827680622, 0.6109507568947781]",1,-1
35533,[0.2949016  0.22196954],1,2,"[0.294379027732062, 0.1921773781634303]",0,0
35534,[0.22453067 0.19535361],1,2,"[0.294379027732062, 0.1921773781634303]",0,0
35535,[0.764227   0.72504755],2,0,"[0.7890750777399501, 0.6799557517006445]",1,-1
35536,[0.40532612 0.55519162],0,1,"[0.37965276877051146, 0.575157747726818]",1,-1
35537,[0.67018561 0.59755386],3,3,"[0.6601234827680622, 0.6109507568947781]",1,-1
35538,[0.64355619 0.60617869],3,3,"[0.6601234827680622, 0.6109507568947781]",1,-1
35539,[0.83074587 0.6281958 ],2,0,"[0.7890750777399501, 0.6799557517006445]",1,-1
35540,[0.45005415 0.59168664],0,-1,-1,1,-1
35541,[0.75879491 0.63135907],2,0,"[0.7890750777399501, 0.6799557517006445]",1,-1
35542,[0.3136811  0.22207132],1,2,"[0.294379027732062, 0.1921773781634303]",0,0
35543,[0.22484493 0.24550873],1,-1,-1,0,0
35544,[0.77108138 0.69400271],2,0,"[0.7890750777399501, 0.6799557517006445]",1,-1
35545,[0.59782295 0.63413233],3,3,"[0.6601234827680622, 0.6109507568947781]",1,-1
35546,[0.72413285 0.68588938],2,0,"[0.7890750777399501, 0.6799557517006445]",1,-1
35547,[0.80395338 0.67715506],2,0,"[0.7890750777399501, 0.6799557517006445]",1,-1
35548,[0.40548808 0.55615349],0,1,"[0.37965276877051146, 0.575157747726818]",1,-1
35549,[0.35060035 0.59039183],0,1,"[0.37965276877051146, 0.575157747726818]",1,-1
35550,[0.26291809 0.21144727],1,2,"[0.294379027732062, 0.1921773781634303]",0,0
35551,[0.7947466  0.64193873],2,0,"[0.7890750777399501, 0.6799557517006445]",1,-1
35552,[0.66634448 0.68155955],3,-1,-1,1,-1
35553,[0.76237293 0.62545925],2,0,"[0.7890750777399501, 0.6799557517006445]",1,-1
35554,[0.34968376 0.52900134],0,1,"[0.37965276877051146, 0.575157747726818]",1,-1
35555,[0.9105545  0.64689646],2,-1,-1,1,-1
35556,[0.83397215 0.62184342],2,-1,-1,1,-1
35557,[0.33046458 0.59862491],0,1,"[0.37965276877051146, 0.575157747726818]",1,-1
35558,[0.39657449 0.54647749],0,1,"[0.37965276877051146, 0.575157747726818]",1,-1
35559,[0.25106153 0.22717227],1,2,"[0.294379027732062, 0.1921773781634303]",0,0
35560,[0.54890559 0.53460686],3,-1,-1,1,-1
35561,[0.40999904 0.58888168],0,1,"[0.37965276877051146, 0.575157747726818]",1,-1
35562,[0.2791244  0.23583247],1,2,"[0.294379027732062, 0.1921773781634303]",0,0
35563,[0.48699568 0.5401453 ],0,-1,-1,1,-1
35564,[0.65578906 0.55639384],3,3,"[0.6601234827680622, 0.6109507568947781]",1,-1
35565,[0.77944384 0.56480938],2,-1,-1,1,-1
35566,[0.82620302 0.69311615],2,0,"[0.7890750777399501, 0.6799557517006445]",1,-1
35567,[0.36913623 0.6666537 ],0,-1,-1,1,-1
35568,[0.31351293 0.20348721],1,2,"[0.294379027732062, 0.1921773781634303]",0,0
35569,[0.26364303 0.18521172],1,2,"[0.294379027732062, 0.1921773781634303]",0,0
35570,[0.69144979 0.63329177],3,3,"[0.6601234827680622, 0.6109507568947781]",1,7
35571,[0.64195305 0.56367751],3,3,"[0.6601234827680622, 0.6109507568947781]",1,-1
35572,[0.40828934 0.58506639],0,1,"[0.37965276877051146, 0.575157747726818]",1,-1
35573,[0.31478319 0.14863976],1,2,"[0.294379027732062, 0.1921773781634303]",0,0
35574,[0.79004676 0.6999397 ],2,0,"[0.7890750777399501, 0.6799557517006445]",1,-1
35575,[0.77111998 0.72807794],2,0,"[0.7890750777399501, 0.6799557517006445]",1,-1
35576,[0.70067376 0.66082018],3,3,"[0.6601234827680622, 0.6109507568947781]",1,-1
35577,[0.311964   0.22412822],1,2,"[0.294379027732062, 0.1921773781634303]",0,0
35578,[0.60494782 0.6473978 ],3,3,"[0.6601234827680622, 0.6109507568947781]",1,-1
35579,[0.8063302 0.7648762],2,-1,-1,1,-1
35580,[0.76421812 0.63968831],2,0,"[0.7890750777399501, 0.6799557517006445]",1,-1
35581,[0.59961884 0.67685067],3,-1,-1,1,-1
35582,[0.77400357 0.72159017],3,0,"[0.7890750777399501, 0.6799557517006445]",1,-1
35583,[0.77753708 0.6279068 ],2,0,"[0.7890750777399501, 0.6799557517006445]",1,-1
35584,[0.31657356 0.14075809],1,2,"[0.294379027732062, 0.1921773781634303]",0,0
35585,[0.73699275 0.67809345],2,0,"[0.7890750777399501, 0.6799557517006445]",1,-1
35586,[0.32150938 0.22767188],1,2,"[0.294379027732062, 0.1921773781634303]",0,0
35587,[0.40093204 0.64055381],0,1,"[0.37965276877051146, 0.575157747726818]",1,-1
35588,[0.7593243  0.69220157],2,0,"[0.7890750777399501, 0.6799557517006445]",1,-1
35589,[0.39771373 0.53901858],0,1,"[0.37965276877051146, 0.575157747726818]",1,-1
35590,[0.39106295 0.58178863],0,1,"[0.37965276877051146, 0.575157747726818]",1,-1
35591,[0.35830891 0.54213867],0,1,"[0.37965276877051146, 0.575157747726818]",1,-1
35592,[0.23760768 0.18529615],1,2,"[0.294379027732062, 0.1921773781634303]",0,0
35593,[0.80078637 0.73475553],2,0,"[0.7890750777399501, 0.6799557517006445]",1,-1
35594,[0.60236434 0.60859716],3,3,"[0.6601234827680622, 0.6109507568947781]",1,-1
35595,[0.33191229 0.61221554],0,1,"[0.37965276877051146, 0.575157747726818]",1,-1
35596,[0.59776318 0.58746396],3,3,"[0.6601234827680622, 0.6109507568947781]",1,-1
35597,[0.20934496 0.19908633],1,-1,-1,0,0
35598,[0.61574218 0.62520776],3,3,"[0.6601234827680622, 0.6109507568947781]",1,-1
35599,[0.68727116 0.68564266],3,-1,-1,1,-1
35600,[0.83924231 0.76891015],2,-1,-1,1,-1
35601,[0.4032536  0.61990075],0,1,"[0.37965276877051146, 0.575157747726818]",1,-1
35602,[0.50281561 0.57427167],0,-1,-1,1,-1
35603,[0.59868182 0.57786608],3,3,"[0.6601234827680622, 0.6109507568947781]",1,-1
35604,[0.83657466 0.68140787],2,0,"[0.7890750777399501, 0.6799557517006445]",1,-1
35605,[0.28889491 0.16571235],1,2,"[0.294379027732062, 0.1921773781634303]",0,0
35606,[0.8281952  0.69291521],2,0,"[0.7890750777399501, 0.6799557517006445]",1,-1
35607,[0.74048148 0.82836273],2,-1,-1,1,-1
35608,[0.25701429 0.17801222],1,2,"[0.294379027732062, 0.1921773781634303]",0,0
35609,[0.84059645 0.59077228],2,-1,-1,1,-1
35610,[0.33369907 0.1804707 ],1,2,"[0.294379027732062, 0.1921773781634303]",0,0
35611,[0.35196266 0.6313957 ],0,1,"[0.37965276877051146, 0.575157747726818]",1,-1
35612,[0.2587915  0.14537269],1,2,"[0.294379027732062, 0.1921773781634303]",0,0
35613,[0.37730396 0.58304771],0,1,"[0.37965276877051146, 0.575157747726818]",1,1
35614,[0.45063321 0.55605954],0,-1,-1,1,-1
35615,[0.40022124 0.49317979],0,-1,-1,1,-1
35616,[0.64710992 0.64792069],3,3,"[0.6601234827680622, 0.6109507568947781]",1,-1
35617,[0.295826   0.14774568],1,2,"[0.294379027732062, 0.1921773781634303]",0,0
35618,[0.7751945  0.58855071],2,-1,-1,1,-1
35619,[0.6623711  0.66285983],3,3,"[0.6601234827680622, 0.6109507568947781]",1,-1
35620,[0.64919849 0.59313941],3,3,"[0.6601234827680622, 0.6109507568947781]",1,-1
35621,[0.29178578 0.21844684],1,2,"[0.294379027732062, 0.1921773781634303]",0,0
35622,[0.34317967 0.70157234],0,-1,-1,1,-1
35623,[0.86435936 0.75918535],2,-1,-1,1,-1
35624,[0.72345795 0.60219853],3,3,"[0.6601234827680622, 0.6109507568947781]",1,-1
35625,[0.53740167 0.64023371],3,-1,-1,1,-1
35626,[0.65252566 0.6019717 ],3,3,"[0.6601234827680622, 0.6109507568947781]",1,6
35627,[0.58145559 0.62975566],3,-1,-1,1,-1
35628,[0.42003974 0.56712872],0,1,"[0.37965276877051146, 0.575157747726818]",1,-1
35629,[0.43269378 0.63120175],0,-1,-1,1,-1
35630,[0.77012732 0.56282069],2,-1,-1,1,-1
35631,[0.70076501 0.61018318],3,3,"[0.6601234827680622, 0.6109507568947781]",1,-1
35632,[0.33319698 0.16121006],1,2,"[0.294379027732062, 0.1921773781634303]",0,0
35633,[0.65863564 0.58391937],3,3,"[0.6601234827680622, 0.6109507568947781]",1,-1
35634,[0.68245955 0.64991146],3,3,"[0.6601234827680622, 0.6109507568947781]",1,-1
35635,[0.36635443 0.63232204],0,1,"[0.37965276877051146, 0.575157747726818]",1,-1
35636,[0.24956265 0.26145134],1,-1,-1,0,0
35637,[0.23594062 0.21799577],1,2,"[0.294379027732062, 0.1921773781634303]",0,0
35638,[0.80317716 0.76884613],2,-1,-1,1,-1
35639,[0.33825596 0.24197624],1,2,"[0.294379027732062, 0.1921773781634303]",0,0
35640,[0.3462681 0.6803738],0,-1,-1,1,-1
35641,[0.64663314 0.6422724 ],3,3,"[0.6601234827680622, 0.6109507568947781]",1,-1
35642,[0.37927645 0.58806032],0,1,"[0.37965276877051146, 0.575157747726818]",1,-1
35643,[0.82955971 0.6360938 ],2,0,"[0.7890750777399501, 0.6799557517006445]",1,-1
35644,[0.5590499 0.5802568],3,-1,-1,1,-1
35645,[0.3346588  0.10575855],1,-1,-1,0,0
35646,[0.66049554 0.72064569],2,-1,-1,1,-1
35647,[0.78855248 0.67059739],2,0,"[0.7890750777399501, 0.6799557517006445]",1,4
35648,[0.3307221  0.19386331],1,2,"[0.294379027732062, 0.1921773781634303]",0,0
35649,[0.65359566 0.59959156],3,3,"[0.6601234827680622, 0.6109507568947781]",1,-1
35650,[0.25095339 0.13661406],1,-1,-1,0,0
35651,[0.24388111 0.19134088],1,2,"[0.294379027732062, 0.1921773781634303]",0,0
35652,[0.44236103 0.55619038],0,1,"[0.37965276877051146, 0.575157747726818]",1,-1
35653,[0.2598984  0.16491356],1,2,"[0.294379027732062, 0.1921773781634303]",0,0
35654,[0.2829858 0.128817 ],1,2,"[0.294379027732062, 0.1921773781634303]",0,0
35655,[0.31418433 0.1930591 ],1,2,"[0.294379027732062, 0.1921773781634303]",0,0
35656,[0.64023325 0.61144601],3,3,"[0.6601234827680622, 0.6109507568947781]",1,-1
35657,[0.40357992 0.47435605],0,-1,-1,1,-1
35658,[0.87965714 0.74217381],2,-1,-1,1,-1
35659,[0.43885046 0.58004282],0,1,"[0.37965276877051146, 0.575157747726818]",1,-1
35660,[0.75983763 0.58575101],3,-1,-1,1,-1
35661,[0.59264816 0.68952997],3,-1,-1,1,-1
35662,[0.68826419 0.67880891],3,-1,-1,1,-1
35663,[0.76251466 0.68141947],2,0,"[0.7890750777399501, 0.6799557517006445]",1,-1
35664,[0.79656954 0.52767581],3,-1,-1,1,-1
35665,[0.61814524 0.62960273],3,3,"[0.6601234827680622, 0.6109507568947781]",1,-1
35666,[0.81190757 0.70992152],2,0,"[0.7890750777399501, 0.6799557517006445]",1,-1
35667,[0.30955769 0.15818772],1,2,"[0.294379027732062, 0.1921773781634303]",0,0
35668,[0.32389009 0.54777575],0,1,"[0.37965276877051146, 0.575157747726818]",1,-1
35669,[0.74006288 0.676499  ],2,0,"[0.7890750777399501, 0.6799557517006445]",1,-1
35670,[0.66590988 0.66915363],3,3,"[0.6601234827680622, 0.6109507568947781]",1,-1
35671,[0.74869925 0.62142689],3,-1,-1,1,-1
35672,[0.77527221 0.65432533],2,0,"[0.7890750777399501, 0.6799557517006445]",1,-1
35673,[0.72761541 0.69228402],2,0,"[0.7890750777399501, 0.6799557517006445]",1,-1
35674,[0.75319382 0.65514416],2,0,"[0.7890750777399501, 0.6799557517006445]",1,-1
35675,[0.26611397 0.15254918],1,2,"[0.294379027732062, 0.1921773781634303]",0,0
35676,[0.59316299 0.60196306],3,3,"[0.6601234827680622, 0.6109507568947781]",1,-1
35677,[0.72759995 0.66456919],2,0,"[0.7890750777399501, 0.6799557517006445]",1,-1
35678,[0.44969652 0.46892786],0,-1,-1,1,-1
35679,[0.82468987 0.65365476],2,0,"[0.7890750777399501, 0.6799557517006445]",1,-1
35680,[0.66233278 0.64218201],3,3,"[0.6601234827680622, 0.6109507568947781]",1,-1
35681,[0.31565242 0.18611839],1,2,"[0.294379027732062, 0.1921773781634303]",0,0
35682,[0.33168092 0.50792815],0,-1,-1,1,-1
35683,[0.68385577 0.60185812],3,3,"[0.6601234827680622, 0.6109507568947781]",1,5
35684,[0.34371659 0.57840405],0,1,"[0.37965276877051146, 0.575157747726818]",1,-1
35685,[0.71351464 0.55483415],3,-1,-1,1,-1
35686,[0.31088992 0.27229338],1,-1,-1,0,0
35687,[0.83417645 0.61589709],2,-1,-1,1,-1
35688,[0.33527542 0.1893866 ],1,2,"[0.294379027732062, 0.1921773781634303]",0,0
35689,[0.31283282 0.18639272],1,2,"[0.294379027732062, 0.1921773781634303]",0,0
35690,[0.40475064 0.58321013],0,1,"[0.37965276877051146, 0.575157747726818]",1,-1
35691,[0.6482293  0.54036367],3,-1,-1,1,-1
35692,[0.81510932 0.71236896],2,0,"[0.7890750777399501, 0.6799557517006445]",1,-1
35693,[0.73866914 0.67635761],2,0,"[0.7890750777399501, 0.6799557517006445]",1,-1
35694,[0.30169574 0.58757423],0,-1,-1,1,-1
35695,[0.77917049 0.67891464],2,0,"[0.7890750777399501, 0.6799557517006445]",1,-1
35696,[0.62516076 0.61662954],3,3,"[0.6601234827680622, 0.6109507568947781]",1,-1
35697,[0.24598328 0.12873234],1,-1,-1,0,0
35698,[0.40757924 0.55650274],0,1,"[0.37965276877051146, 0.575157747726818]",1,-1
35699,[0.32695619 0.25657246],1,-1,-1,0,0
35700,[0.61286635 0.63257707],3,3,"[0.6601234827680622, 0.6109507568947781]",1,-1
35701,[0.74465193 0.69945273],2,0,"[0.7890750777399501, 0.6799557517006445]",1,-1
35702,[0.41856249 0.69658316],0,-1,-1,1,-1
35703,[0.33444927 0.16740424],1,2,"[0.294379027732062, 0.1921773781634303]",0,0
35704,[0.2897565  0.14409117],1,2,"[0.294379027732062, 0.1921773781634303]",0,0
35705,[0.34447321 0.56228046],0,1,"[0.37965276877051146, 0.575157747726818]",1,-1
35706,[0.41407487 0.57641477],0,1,"[0.37965276877051146, 0.575157747726818]",1,2
35707,[0.2804526  0.22654592],1,2,"[0.294379027732062, 0.1921773781634303]",0,0
35708,[0.76638146 0.6902901 ],2,0,"[0.7890750777399501, 0.6799557517006445]",1,-1
35709,[0.71662778 0.68736855],3,-1,-1,1,-1
35710,[0.3692812  0.61686293],0,1,"[0.37965276877051146, 0.575157747726818]",1,-1
35711,[0.61652871 0.58529319],3,3,"[0.6601234827680622, 0.6109507568947781]",1,-1
35712,[0.63494568 0.62741669],3,3,"[0.6601234827680622, 0.6109507568947781]",1,-1
35713,[0.8392647  0.66854811],2,0,"[0.7890750777399501, 0.6799557517006445]",1,-1
35714,[0.4352041  0.61531964],0,1,"[0.37965276877051146, 0.575157747726818]",1,-1
35715,[0.31147447 0.53376958],0,-1,-1,1,-1
35716,[0.74568688 0.707697  ],2,0,"[0.7890750777399501, 0.6799557517006445]",1,-1
35717,[0.37790631 0.12000091],1,-1,-1,0,0
35718,[0.81423567 0.64847302],2,0,"[0.7890750777399501, 0.6799557517006445]",1,-1
35719,[0.64786533 0.57253711],3,3,"[0.6601234827680622, 0.6109507568947781]",1,-1
35720,[0.62219933 0.61382694],3,3,"[0.6601234827680622, 0.6109507568947781]",1,-1
35721,[0.76703398 0.54779994],3,-1,-1,1,-1
35722,[0.74001814 0.65928147],2,0,"[0.7890750777399501, 0.6799557517006445]",1,-1
35723,[0.73310854 0.60717456],3,-1,-1,1,-1
35724,[0.78785889 0.71601332],2,0,"[0.7890750777399501, 0.6799557517006445]",1,-1
35725,[0.23599715 0.17852633],1,2,"[0.294379027732062, 0.1921773781634303]",0,0
35726,[0.27460258 0.57959995],0,-1,-1,1,-1
35727,[0.28925426 0.16057551],1,2,"[0.294379027732062, 0.1921773781634303]",0,0
35728,[0.76018307 0.67215565],2,0,"[0.7890750777399501, 0.6799557517006445]",1,-1
35729,[0.31433641 0.57611379],0,1,"[0.37965276877051146, 0.575157747726818]",1,-1
35730,[0.27214776 0.23648048],1,2,"[0.294379027732062, 0.1921773781634303]",0,0
35731,[0.29629391 0.65489502],0,-1,-1,1,-1
35732,[0.28765848 0.63048145],0,-1,-1,1,-1
35733,[0.42456091 0.604229  ],0,1,"[0.37965276877051146, 0.575157747726818]",1,-1
35734,[0.37933893 0.55890845],0,1,"[0.37965276877051146, 0.575157747726818]",1,-1
35735,[0.37287232 0.60550988],0,1,"[0.37965276877051146, 0.575157747726818]",1,-1
35736,[0.63609604 0.58259983],3,3,"[0.6601234827680622, 0.6109507568947781]",1,-1
35737,[0.6525902  0.59802876],3,3,"[0.6601234827680622, 0.6109507568947781]",1,6
35738,[0.34835537 0.64831264],0,-1,-1,1,-1
35739,[0.63283748 0.59019608],3,3,"[0.6601234827680622, 0.6109507568947781]",1,-1
35740,[0.71442063 0.6177446 ],3,3,"[0.6601234827680622, 0.6109507568947781]",1,-1
35741,[0.88296991 0.69688096],2,-1,-1,1,-1
35742,[0.27545135 0.15630225],1,2,"[0.294379027732062, 0.1921773781634303]",0,0
35743,[0.30142413 0.12392616],1,2,"[0.294379027732062, 0.1921773781634303]",0,0
35744,[0.72450219 0.71681669],2,-1,-1,1,-1
35745,[0.29316303 0.59229109],0,-1,-1,1,-1
35746,[0.25806286 0.17741022],1,2,"[0.294379027732062, 0.1921773781634303]",0,0
35747,[0.68489091 0.59633124],3,3,"[0.6601234827680622, 0.6109507568947781]",1,-1
35748,[0.73184277 0.82565416],2,-1,-1,1,-1
35749,[0.7212918  0.61889725],2,3,"[0.6601234827680622, 0.6109507568947781]",1,-1
35750,[0.65927328 0.62559969],3,3,"[0.6601234827680622, 0.6109507568947781]",1,7
35751,[0.67048773 0.61259284],3,3,"[0.6601234827680622, 0.6109507568947781]",1,-1
35752,[0.30269813 0.19780324],1,2,"[0.294379027732062, 0.1921773781634303]",0,0
35753,[0.56459922 0.54840719],3,-1,-1,1,-1
35754,[0.81600391 0.73201351],2,0,"[0.7890750777399501, 0.6799557517006445]",1,-1
35755,[0.37326522 0.22265566],1,-1,-1,0,0
35756,[0.73731053 0.65896844],2,0,"[0.7890750777399501, 0.6799557517006445]",1,-1
35757,[0.49066425 0.54958212],0,-1,-1,1,-1
35758,[0.18093117 0.09801034],1,-1,-1,0,0
35759,[0.67628144 0.56896584],3,3,"[0.6601234827680622, 0.6109507568947781]",1,-1
35760,[0.63240878 0.73389   ],3,-1,-1,1,-1
35761,[0.71536984 0.68749039],3,-1,-1,1,-1
35762,[0.75194138 0.58703245],3,-1,-1,1,-1
35763,[0.28695979 0.15724402],1,2,"[0.294379027732062, 0.1921773781634303]",0,0
35764,[0.6336485  0.61123059],3,3,"[0.6601234827680622, 0.6109507568947781]",1,-1
35765,[0.3365721  0.48281644],0,-1,-1,1,-1
35766,[0.30488289 0.19139948],1,2,"[0.294379027732062, 0.1921773781634303]",0,0
35767,[0.64016394 0.69969036],3,-1,-1,1,-1
35768,[0.44390204 0.60443144],0,-1,-1,1,-1
35769,[0.8276379  0.67625374],2,0,"[0.7890750777399501, 0.6799557517006445]",1,-1
35770,[0.82560943 0.70309556],2,0,"[0.7890750777399501, 0.6799557517006445]",1,-1
35771,[0.78980555 0.68650251],2,0,"[0.7890750777399501, 0.6799557517006445]",1,-1
35772,[0.81789975 0.66639874],2,0,"[0.7890750777399501, 0.6799557517006445]",1,-1
35773,[0.38638277 0.72089133],0,-1,-1,1,-1
35774,[0.35979176 0.18157138],1,2,"[0.294379027732062, 0.1921773781634303]",0,0
35775,[0.81714671 0.68818457],2,0,"[0.7890750777399501, 0.6799557517006445]",1,4
35776,[0.50364458 0.53273775],0,-1,-1,1,-1
35777,[0.33469425 0.20374718],1,2,"[0.294379027732062, 0.1921773781634303]",0,0
35778,[0.63861704 0.72875875],3,-1,-1,1,-1
35779,[0.25151872 0.22136705],1,2,"[0.294379027732062, 0.1921773781634303]",0,0
35780,[0.34158193 0.57835242],0,1,"[0.37965276877051146, 0.575157747726818]",1,-1
35781,[0.38145175 0.57865986],0,1,"[0.37965276877051146, 0.575157747726818]",1,-1
35782,[0.3289017  0.59167079],0,1,"[0.37965276877051146, 0.575157747726818]",1,-1
35783,[0.65775609 0.61225159],3,3,"[0.6601234827680622, 0.6109507568947781]",1,-1
35784,[0.76457953 0.61137903],3,-1,-1,1,-1
35785,[0.82563201 0.64296345],2,0,"[0.7890750777399501, 0.6799557517006445]",1,-1
35786,[0.23770629 0.2007374 ],1,2,"[0.294379027732062, 0.1921773781634303]",0,0
35787,[0.62078695 0.62324743],3,3,"[0.6601234827680622, 0.6109507568947781]",1,-1
35788,[0.77396353 0.64621199],2,0,"[0.7890750777399501, 0.6799557517006445]",1,-1
35789,[0.34320216 0.20971643],1,2,"[0.294379027732062, 0.1921773781634303]",0,0
35790,[0.41572701 0.57746996],0,1,"[0.37965276877051146, 0.575157747726818]",1,-1
35791,[0.90204679 0.70624472],2,-1,-1,1,-1
35792,[0.25670785 0.241543  ],1,2,"[0.294379027732062, 0.1921773781634303]",0,0
35793,[0.35489074 0.5802689 ],0,1,"[0.37965276877051146, 0.575157747726818]",1,-1
35794,[0.39136265 0.20884666],1,-1,-1,0,0
35795,[0.67008176 0.62070035],3,3,"[0.6601234827680622, 0.6109507568947781]",1,7
35796,[0.62406546 0.63427967],3,3,"[0.6601234827680622, 0.6109507568947781]",1,-1
35797,[0.68859532 0.71670259],3,-1,-1,1,-1
35798,[0.80100101 0.66424558],2,0,"[0.7890750777399501, 0.6799557517006445]",1,-1
35799,[0.48380057 0.58599498],0,-1,-1,1,-1
35800,[0.41244725 0.52944143],0,1,"[0.37965276877051146, 0.575157747726818]",1,-1
35801,[0.39739241 0.53527736],0,1,"[0.37965276877051146, 0.575157747726818]",1,-1
35802,[0.64694378 0.58031815],3,3,"[0.6601234827680622, 0.6109507568947781]",1,-1
35803,[0.27225709 0.13788694],1,2,"[0.294379027732062, 0.1921773781634303]",0,0
35804,[0.72573414 0.76813292],2,-1,-1,1,-1
35805,[0.38040372 0.56417481],0,1,"[0.37965276877051146, 0.575157747726818]",1,-1
35806,[0.83009158 0.65442533],2,0,"[0.7890750777399501, 0.6799557517006445]",1,-1
35807,[0.79121615 0.70955445],2,0,"[0.7890750777399501, 0.6799557517006445]",1,-1
35808,[0.33123035 0.22396381],1,2,"[0.294379027732062, 0.1921773781634303]",0,0
35809,[0.44019694 0.49764491],0,-1,-1,1,-1
35810,[0.36317925 0.56215023],0,1,"[0.37965276877051146, 0.575157747726818]",1,-1
35811,[0.35509758 0.23449986],1,-1,-1,0,0
35812,[0.80587181 0.72749385],2,0,"[0.7890750777399501, 0.6799557517006445]",1,-1
35813,[0.8007175  0.63813724],2,0,"[0.7890750777399501, 0.6799557517006445]",1,-1
35814,[0.68123326 0.700446  ],2,-1,-1,1,-1
35815,[0.68645547 0.54131381],3,-1,-1,1,-1
35816,[0.79187795 0.67488412],2,0,"[0.7890750777399501, 0.6799557517006445]",1,4
35817,[0.44607283 0.53797555],0,-1,-1,1,-1
35818,[0.32583704 0.57979598],0,1,"[0.37965276877051146, 0.575157747726818]",1,-1
35819,[0.76860216 0.72378793],2,0,"[0.7890750777399501, 0.6799557517006445]",1,-1
35820,[0.67331868 0.62800434],3,3,"[0.6601234827680622, 0.6109507568947781]",1,-1
35821,[0.65636703 0.57638094],3,3,"[0.6601234827680622, 0.6109507568947781]",1,-1
35822,[0.34703007 0.19032112],1,2,"[0.294379027732062, 0.1921773781634303]",0,0
35823,[0.68712389 0.65665222],3,3,"[0.6601234827680622, 0.6109507568947781]",1,-1
35824,[0.29761257 0.18447898],1,2,"[0.294379027732062, 0.1921773781634303]",0,0
35825,[0.3436788  0.21228206],1,2,"[0.294379027732062, 0.1921773781634303]",0,0
35826,[0.71061239 0.67475026],3,-1,-1,1,-1
35827,[0.622731   0.65517743],3,3,"[0.6601234827680622, 0.6109507568947781]",1,-1
35828,[0.64611776 0.61700291],3,3,"[0.6601234827680622, 0.6109507568947781]",1,-1
35829,[0.60507022 0.54961281],3,-1,-1,1,-1
35830,[0.36474573 0.53656718],0,1,"[0.37965276877051146, 0.575157747726818]",1,-1
35831,[0.65191764 0.62549173],3,3,"[0.6601234827680622, 0.6109507568947781]",1,-1
35832,[0.73452066 0.63791013],2,0,"[0.7890750777399501, 0.6799557517006445]",1,-1
35833,[0.40560133 0.56664268],0,1,"[0.37965276877051146, 0.575157747726818]",1,2
35834,[0.76756572 0.66489071],3,0,"[0.7890750777399501, 0.6799557517006445]",1,-1
35835,[0.57496318 0.59653451],3,-1,-1,1,-1
35836,[0.24028622 0.20188069],1,2,"[0.294379027732062, 0.1921773781634303]",0,0
35837,[0.56611981 0.65522095],3,-1,-1,1,-1
35838,[0.46313205 0.60413415],0,-1,-1,1,-1
35839,[0.33984184 0.62234312],0,1,"[0.37965276877051146, 0.575157747726818]",1,-1
35840,[0.64120718 0.57368131],3,3,"[0.6601234827680622, 0.6109507568947781]",1,-1
35841,[0.41218584 0.54570365],0,1,"[0.37965276877051146, 0.575157747726818]",1,-1
35842,[0.77754684 0.50807819],2,-1,-1,1,-1
35843,[0.27785732 0.20341364],1,2,"[0.294379027732062, 0.1921773781634303]",0,0
35844,[0.77640854 0.65053238],2,0,"[0.7890750777399501, 0.6799557517006445]",1,-1
35845,[0.41681208 0.63539744],0,-1,-1,1,-1
35846,[0.776064   0.67758897],2,0,"[0.7890750777399501, 0.6799557517006445]",1,-1
35847,[0.3891825  0.61164816],0,1,"[0.37965276877051146, 0.575157747726818]",1,-1
35848,[0.38230125 0.54721692],0,1,"[0.37965276877051146, 0.575157747726818]",1,-1
35849,[0.72175595 0.6266242 ],3,3,"[0.6601234827680622, 0.6109507568947781]",1,-1
35850,[0.28093758 0.13289408],1,2,"[0.294379027732062, 0.1921773781634303]",0,0
35851,[0.25292956 0.27527732],1,-1,-1,0,0
35852,[0.64410918 0.58834697],3,3,"[0.6601234827680622, 0.6109507568947781]",1,-1
35853,[0.77934007 0.70916499],2,0,"[0.7890750777399501, 0.6799557517006445]",1,-1
35854,[0.28658908 0.25187693],1,2,"[0.294379027732062, 0.1921773781634303]",0,0
35855,[0.29030484 0.22864642],1,2,"[0.294379027732062, 0.1921773781634303]",0,0
35856,[0.62101441 0.58823924],3,3,"[0.6601234827680622, 0.6109507568947781]",1,-1
35857,[0.43246276 0.62188326],0,-1,-1,1,-1
35858,[0.67495466 0.57483449],3,3,"[0.6601234827680622, 0.6109507568947781]",1,-1
35859,[0.38216659 0.54007607],0,1,"[0.37965276877051146, 0.575157747726818]",1,-1
35860,[0.32296104 0.45798716],0,-1,-1,1,-1
35861,[0.70381573 0.57961   ],3,3,"[0.6601234827680622, 0.6109507568947781]",1,-1
35862,[0.66450009 0.62544612],3,3,"[0.6601234827680622, 0.6109507568947781]",1,7
35863,[0.36322638 0.19177632],1,2,"[0.294379027732062, 0.1921773781634303]",0,0
35864,[0.41783861 0.51154028],0,-1,-1,1,-1
35865,[0.75592351 0.76034006],2,-1,-1,1,-1
35866,[0.83863918 0.69092065],2,0,"[0.7890750777399501, 0.6799557517006445]",1,-1
35867,[0.74927874 0.72498414],2,0,"[0.7890750777399501, 0.6799557517006445]",1,-1
35868,[0.38839932 0.54448908],0,1,"[0.37965276877051146, 0.575157747726818]",1,-1
35869,[0.43081016 0.59289727],0,1,"[0.37965276877051146, 0.575157747726818]",1,-1
35870,[0.62850194 0.69973823],3,-1,-1,1,-1
35871,[0.77536923 0.64187708],2,0,"[0.7890750777399501, 0.6799557517006445]",1,-1
35872,[0.73431514 0.58557981],3,-1,-1,1,-1
35873,[0.33310682 0.52692568],0,1,"[0.37965276877051146, 0.575157747726818]",1,-1
35874,[0.61121956 0.62060132],3,3,"[0.6601234827680622, 0.6109507568947781]",1,-1
35875,[0.70826311 0.71697981],2,-1,-1,1,-1
35876,[0.3901575  0.09099988],1,-1,-1,0,0
35877,[0.44946818 0.57781164],0,1,"[0.37965276877051146, 0.575157747726818]",1,-1
35878,[0.83994226 0.61660499],2,-1,-1,1,-1
35879,[0.30210115 0.19799688],1,2,"[0.294379027732062, 0.1921773781634303]",0,0
35880,[0.30697164 0.2003987 ],1,2,"[0.294379027732062, 0.1921773781634303]",0,0
35881,[0.69598813 0.66911933],3,3,"[0.6601234827680622, 0.6109507568947781]",1,-1
35882,[0.66192328 0.50363892],3,-1,-1,1,-1
35883,[0.47824359 0.58187778],0,-1,-1,1,-1
35884,[0.34511619 0.10567736],1,-1,-1,0,0
35885,[0.75779382 0.63611653],2,0,"[0.7890750777399501, 0.6799557517006445]",1,-1
35886,[0.27124699 0.20069441],1,2,"[0.294379027732062, 0.1921773781634303]",0,0
35887,[0.2754594  0.12956214],1,2,"[0.294379027732062, 0.1921773781634303]",0,0
35888,[0.74928579 0.65718825],3,0,"[0.7890750777399501, 0.6799557517006445]",1,-1
35889,[0.67926585 0.63835394],3,3,"[0.6601234827680622, 0.6109507568947781]",1,-1
35890,[0.68316118 0.62214982],3,3,"[0.6601234827680622, 0.6109507568947781]",1,7
35891,[0.70719939 0.61602895],3,3,"[0.6601234827680622, 0.6109507568947781]",1,-1
35892,[0.30217945 0.17469459],1,2,"[0.294379027732062, 0.1921773781634303]",0,0
35893,[0.65256508 0.60175606],3,3,"[0.6601234827680622, 0.6109507568947781]",1,6
35894,[0.45582435 0.62154917],0,-1,-1,1,-1
35895,[0.32113859 0.11832419],1,-1,-1,0,0
35896,[0.43388896 0.64785323],0,-1,-1,1,-1
35897,[0.42659928 0.68111921],0,-1,-1,1,-1
35898,[0.85264619 0.68678199],2,0,"[0.7890750777399501, 0.6799557517006445]",1,-1
35899,[0.29640332 0.13820897],1,2,"[0.294379027732062, 0.1921773781634303]",0,0
35900,[0.71677225 0.60110418],3,3,"[0.6601234827680622, 0.6109507568947781]",1,-1
35901,[0.27627772 0.23025282],1,2,"[0.294379027732062, 0.1921773781634303]",0,0
35902,[0.71952756 0.77877228],2,-1,-1,1,-1
35903,[0.64795194 0.57314677],3,3,"[0.6601234827680622, 0.6109507568947781]",1,-1
35904,[0.81293748 0.67457233],2,0,"[0.7890750777399501, 0.6799557517006445]",1,-1
35905,[0.32482781 0.62445914],0,-1,-1,1,-1
35906,[0.39255437 0.15645904],1,-1,-1,0,0
35907,[0.36236069 0.58669968],0,1,"[0.37965276877051146, 0.575157747726818]",1,-1
35908,[0.7323952 0.67034  ],2,0,"[0.7890750777399501, 0.6799557517006445]",1,-1
35909,[0.36154428 0.1420988 ],1,-1,-1,0,0
35910,[0.71777491 0.6735068 ],2,-1,-1,1,-1
35911,[0.46374196 0.55249046],0,-1,-1,1,-1
35912,[0.79058184 0.75346524],2,-1,-1,1,-1
35913,[0.68276246 0.62065179],3,3,"[0.6601234827680622, 0.6109507568947781]",1,7
35914,[0.45946088 0.56676994],0,-1,-1,1,-1
35915,[0.74388433 0.6030253 ],3,-1,-1,1,-1
35916,[0.76897173 0.66979576],2,0,"[0.7890750777399501, 0.6799557517006445]",1,-1
35917,[0.35145212 0.61031837],0,1,"[0.37965276877051146, 0.575157747726818]",1,-1
35918,[0.64142621 0.5981227 ],3,3,"[0.6601234827680622, 0.6109507568947781]",1,-1
35919,[0.65198639 0.57060309],3,3,"[0.6601234827680622, 0.6109507568947781]",1,-1
35920,[0.6691004  0.63878016],3,3,"[0.6601234827680622, 0.6109507568947781]",1,-1
35921,[0.82840661 0.65713142],2,0,"[0.7890750777399501, 0.6799557517006445]",1,-1
35922,[0.3217459  0.52622955],0,-1,-1,1,-1
35923,[0.67422619 0.63071055],3,3,"[0.6601234827680622, 0.6109507568947781]",1,-1
35924,[0.8806099  0.81111222],2,-1,-1,1,-1
35925,[0.39585185 0.4810063 ],0,-1,-1,1,-1
35926,[0.76835416 0.65545627],2,0,"[0.7890750777399501, 0.6799557517006445]",1,3
35927,[0.31284071 0.60164971],0,-1,-1,1,-1
35928,[0.48482444 0.5130896 ],0,-1,-1,1,-1
35929,[0.63255334 0.644301  ],3,3,"[0.6601234827680622, 0.6109507568947781]",1,-1
35930,[0.24396701 0.18926999],1,2,"[0.294379027732062, 0.1921773781634303]",0,0
35931,[0.42794189 0.59910693],0,1,"[0.37965276877051146, 0.575157747726818]",1,-1
35932,[0.2666831  0.22874843],1,2,"[0.294379027732062, 0.1921773781634303]",0,0
35933,[0.36277268 0.55491719],0,1,"[0.37965276877051146, 0.575157747726818]",1,-1
35934,[0.34266166 0.53547756],0,1,"[0.37965276877051146, 0.575157747726818]",1,-1
35935,[0.29508871 0.1930615 ],1,2,"[0.294379027732062, 0.1921773781634303]",0,0
35936,[0.7849486  0.64704055],2,0,"[0.7890750777399501, 0.6799557517006445]",1,-1
35937,[0.37445937 0.62086917],0,1,"[0.37965276877051146, 0.575157747726818]",1,-1
35938,[0.39842785 0.26428275],1,-1,-1,0,0
35939,[0.22959226 0.13062012],1,-1,-1,0,0
35940,[0.28136205 0.25215859],1,2,"[0.294379027732062, 0.1921773781634303]",0,0
35941,[0.66847927 0.65859192],3,3,"[0.6601234827680622, 0.6109507568947781]",1,-1
35942,[0.69339175 0.68676516],3,-1,-1,1,-1
35943,[0.80850416 0.70320019],2,0,"[0.7890750777399501, 0.6799557517006445]",1,-1
35944,[0.77061664 0.63304897],2,0,"[0.7890750777399501, 0.6799557517006445]",1,-1
35945,[0.57824896 0.61509418],3,-1,-1,1,-1
35946,[0.58556    0.49763452],3,-1,-1,1,-1
35947,[0.66789707 0.52486193],3,-1,-1,1,-1
35948,[0.30368202 0.24101906],1,2,"[0.294379027732062, 0.1921773781634303]",0,0
35949,[0.61272758 0.67364569],3,-1,-1,1,-1
35950,[0.26580945 0.23950596],1,2,"[0.294379027732062, 0.1921773781634303]",0,0
35951,[0.3373455  0.19526577],1,2,"[0.294379027732062, 0.1921773781634303]",0,0
35952,[0.61733976 0.58679031],3,3,"[0.6601234827680622, 0.6109507568947781]",1,-1
35953,[0.38893337 0.5590947 ],0,1,"[0.37965276877051146, 0.575157747726818]",1,-1
35954,[0.84261903 0.73329824],2,-1,-1,1,-1
35955,[0.3850088  0.58557126],0,1,"[0.37965276877051146, 0.575157747726818]",1,-1
35956,[0.87342893 0.62966986],2,-1,-1,1,-1
35957,[0.8714874 0.6888584],2,-1,-1,1,-1
35958,[0.79109439 0.68785377],2,0,"[0.7890750777399501, 0.6799557517006445]",1,-1
35959,[0.27636589 0.10526245],1,-1,-1,0,0
35960,[0.80886798 0.72201311],2,0,"[0.7890750777399501, 0.6799557517006445]",1,-1
35961,[0.28932871 0.18087194],1,2,"[0.294379027732062, 0.1921773781634303]",0,0
35962,[0.28673877 0.6693371 ],0,-1,-1,1,-1
35963,[0.74162427 0.68031371],2,0,"[0.7890750777399501, 0.6799557517006445]",1,-1
35964,[0.76582369 0.62092046],3,0,"[0.7890750777399501, 0.6799557517006445]",1,-1
35965,[0.74014208 0.63729148],3,0,"[0.7890750777399501, 0.6799557517006445]",1,-1
35966,[0.82081687 0.66085607],2,0,"[0.7890750777399501, 0.6799557517006445]",1,-1
35967,[0.81963181 0.68702354],2,0,"[0.7890750777399501, 0.6799557517006445]",1,4
35968,[0.42568022 0.5533962 ],0,1,"[0.37965276877051146, 0.575157747726818]",1,-1
35969,[0.89300714 0.67926768],2,-1,-1,1,-1
35970,[0.37034754 0.18209305],1,-1,-1,0,0
35971,[0.80592471 0.68209969],2,0,"[0.7890750777399501, 0.6799557517006445]",1,-1
35972,[0.74461536 0.71340888],3,0,"[0.7890750777399501, 0.6799557517006445]",1,-1
35973,[0.57297677 0.68774042],3,-1,-1,1,-1
35974,[0.76552251 0.57611108],3,-1,-1,1,-1
35975,[0.34813964 0.58860785],0,1,"[0.37965276877051146, 0.575157747726818]",1,-1
35976,[0.78068284 0.69993232],2,0,"[0.7890750777399501, 0.6799557517006445]",1,-1
35977,[0.60007034 0.55565781],3,-1,-1,1,-1
35978,[0.70065934 0.61887446],2,3,"[0.6601234827680622, 0.6109507568947781]",1,-1
35979,[0.6848807  0.59310751],3,3,"[0.6601234827680622, 0.6109507568947781]",1,-1
35980,[0.72053603 0.55810955],3,-1,-1,1,-1
35981,[0.25604271 0.2074071 ],1,2,"[0.294379027732062, 0.1921773781634303]",0,0
35982,[0.68755305 0.62867489],3,3,"[0.6601234827680622, 0.6109507568947781]",1,7
35983,[0.1865449  0.12218999],1,-1,-1,0,0
35984,[0.45179184 0.62018113],0,-1,-1,1,-1
35985,[0.30819331 0.2905122 ],1,-1,-1,0,0
35986,[0.64744193 0.56601303],3,3,"[0.6601234827680622, 0.6109507568947781]",1,-1
35987,[0.83303963 0.72468949],2,0,"[0.7890750777399501, 0.6799557517006445]",1,-1
35988,[0.30962585 0.18096091],1,2,"[0.294379027732062, 0.1921773781634303]",0,0
35989,[0.79439362 0.8466771 ],2,-1,-1,1,-1
35990,[0.35082069 0.58697174],0,1,"[0.37965276877051146, 0.575157747726818]",1,-1
35991,[0.33574576 0.11406442],1,-1,-1,0,0
35992,[0.79624211 0.65130113],2,0,"[0.7890750777399501, 0.6799557517006445]",1,-1
35993,[0.67956081 0.63507918],3,3,"[0.6601234827680622, 0.6109507568947781]",1,-1
35994,[0.41378226 0.58968212],0,1,"[0.37965276877051146, 0.575157747726818]",1,-1
35995,[0.31804313 0.2314464 ],1,2,"[0.294379027732062, 0.1921773781634303]",0,0
35996,[0.38750072 0.55188056],0,1,"[0.37965276877051146, 0.575157747726818]",1,-1
35997,[0.43211883 0.21668706],1,-1,-1,0,0
35998,[0.33379213 0.15617008],1,2,"[0.294379027732062, 0.1921773781634303]",0,0
35999,[0.78712664 0.69422788],2,0,"[0.7890750777399501, 0.6799557517006445]",1,-1
36000,[0.81298858 0.64482436],2,0,"[0.7890750777399501, 0.6799557517006445]",1,-1
36001,[0.26962931 0.17530852],1,2,"[0.294379027732062, 0.1921773781634303]",0,0
36002,[0.20846286 0.20359098],1,-1,-1,0,0
36003,[0.26373946 0.17806525],1,2,"[0.294379027732062, 0.1921773781634303]",0,0
36004,[0.68838127 0.63965797],3,3,"[0.6601234827680622, 0.6109507568947781]",1,-1
36005,[0.82280596 0.63778769],2,0,"[0.7890750777399501, 0.6799557517006445]",1,-1
36006,[0.50679886 0.59637632],0,-1,-1,1,-1
36007,[0.42790182 0.59693066],0,1,"[0.37965276877051146, 0.575157747726818]",1,-1
36008,[0.65058997 0.68924907],3,-1,-1,1,-1
36009,[0.34272002 0.65880872],0,-1,-1,1,-1
36010,[0.39107502 0.58118979],0,1,"[0.37965276877051146, 0.575157747726818]",1,-1
36011,[0.33376759 0.15482774],1,2,"[0.294379027732062, 0.1921773781634303]",0,0
36012,[0.91348545 0.62330483],2,-1,-1,1,-1
36013,[0.34222322 0.2815702 ],1,-1,-1,0,0
36014,[0.80043056 0.68703138],2,0,"[0.7890750777399501, 0.6799557517006445]",1,-1
36015,[0.23799437 0.22804216],1,2,"[0.294379027732062, 0.1921773781634303]",0,0
36016,[0.75971935 0.69461094],2,0,"[0.7890750777399501, 0.6799557517006445]",1,-1
36017,[0.31312726 0.20477788],1,2,"[0.294379027732062, 0.1921773781634303]",0,0
36018,[0.62975032 0.59563498],3,3,"[0.6601234827680622, 0.6109507568947781]",1,-1
36019,[0.36028309 0.52373052],0,1,"[0.37965276877051146, 0.575157747726818]",1,-1
36020,[0.84331262 0.75284508],2,-1,-1,1,-1
36021,[0.68934426 0.64342327],3,3,"[0.6601234827680622, 0.6109507568947781]",1,-1
36022,[0.80970018 0.78341875],2,-1,-1,1,-1
36023,[0.61199108 0.68088671],2,-1,-1,1,-1
36024,[0.84899888 0.67582488],2,0,"[0.7890750777399501, 0.6799557517006445]",1,-1
36025,[0.77685036 0.69853379],2,0,"[0.7890750777399501, 0.6799557517006445]",1,-1
36026,[0.33844606 0.11576435],1,-1,-1,0,0
36027,[0.41021843 0.18684508],1,-1,-1,0,0
36028,[0.32495417 0.55983612],0,1,"[0.37965276877051146, 0.575157747726818]",1,-1
36029,[0.36983329 0.61299774],0,1,"[0.37965276877051146, 0.575157747726818]",1,-1
36030,[0.42907669 0.58463498],0,1,"[0.37965276877051146, 0.575157747726818]",1,-1
36031,[0.30623273 0.18239539],1,2,"[0.294379027732062, 0.1921773781634303]",0,0
36032,[0.25448174 0.19134961],1,2,"[0.294379027732062, 0.1921773781634303]",0,0
36033,[0.79743327 0.66501992],2,0,"[0.7890750777399501, 0.6799557517006445]",1,-1
36034,[0.69046206 0.68331234],2,-1,-1,1,-1
36035,[0.82573339 0.74553606],2,-1,-1,1,-1
36036,[0.68889417 0.57126218],3,3,"[0.6601234827680622, 0.6109507568947781]",1,-1
36037,[0.67519804 0.58452006],2,3,"[0.6601234827680622, 0.6109507568947781]",1,-1
36038,[0.29153463 0.23723355],1,2,"[0.294379027732062, 0.1921773781634303]",0,0
36039,[0.46486166 0.58520956],0,-1,-1,1,-1
36040,[0.39705331 0.54210197],0,1,"[0.37965276877051146, 0.575157747726818]",1,-1
36041,[0.37855364 0.59745169],0,1,"[0.37965276877051146, 0.575157747726818]",1,-1
36042,[0.89169253 0.67985203],2,-1,-1,1,-1
36043,[0.26557652 0.27745278],1,-1,-1,0,0
36044,[0.77592687 0.65680344],2,0,"[0.7890750777399501, 0.6799557517006445]",1,-1
36045,[0.39299856 0.64201363],0,1,"[0.37965276877051146, 0.575157747726818]",1,-1
36046,[0.72831719 0.6368876 ],3,-1,-1,1,-1
36047,[0.728514  0.6061331],2,3,"[0.6601234827680622, 0.6109507568947781]",1,-1
36048,[0.77787195 0.6821336 ],2,0,"[0.7890750777399501, 0.6799557517006445]",1,4
36049,[0.6636473  0.56490028],3,3,"[0.6601234827680622, 0.6109507568947781]",1,-1
36050,[0.3563013  0.22387966],1,2,"[0.294379027732062, 0.1921773781634303]",0,0
36051,[0.21567073 0.10383249],1,-1,-1,0,0
36052,[0.43229129 0.61754012],0,1,"[0.37965276877051146, 0.575157747726818]",1,-1
36053,[0.30587447 0.16186695],1,2,"[0.294379027732062, 0.1921773781634303]",0,0
36054,[0.84466564 0.8006003 ],2,-1,-1,1,-1
36055,[0.4262934  0.49714587],0,-1,-1,1,-1
36056,[0.38895036 0.21227285],1,-1,-1,0,0
36057,[0.31584022 0.28942141],1,-1,-1,0,0
36058,[0.34671225 0.12816529],1,-1,-1,0,0
36059,[0.3178609  0.28028163],1,-1,-1,0,0
36060,[0.34571489 0.18932829],1,2,"[0.294379027732062, 0.1921773781634303]",0,0
36061,[0.32246251 0.24190178],1,2,"[0.294379027732062, 0.1921773781634303]",0,0
36062,[0.58226971 0.60261323],3,-1,-1,1,-1
36063,[0.29703758 0.18649714],1,2,"[0.294379027732062, 0.1921773781634303]",0,0
36064,[0.36436496 0.62686269],0,1,"[0.37965276877051146, 0.575157747726818]",1,-1
36065,[0.61764921 0.68259214],3,-1,-1,1,-1
36066,[0.3478811  0.59445843],0,1,"[0.37965276877051146, 0.575157747726818]",1,-1
36067,[0.40524238 0.57655299],0,1,"[0.37965276877051146, 0.575157747726818]",1,-1
36068,[0.2997347  0.15160458],1,2,"[0.294379027732062, 0.1921773781634303]",0,0
36069,[0.66184188 0.65702631],3,3,"[0.6601234827680622, 0.6109507568947781]",1,-1
36070,[0.3847215  0.55293191],0,1,"[0.37965276877051146, 0.575157747726818]",1,-1
36071,[0.42523059 0.62915382],0,-1,-1,1,-1
36072,[0.87233402 0.66740697],2,-1,-1,1,-1
36073,[0.7663798  0.73442621],2,0,"[0.7890750777399501, 0.6799557517006445]",1,-1
36074,[0.44982509 0.51969558],0,-1,-1,1,-1
36075,[0.76409899 0.64045757],2,0,"[0.7890750777399501, 0.6799557517006445]",1,-1
36076,[0.34915565 0.6070217 ],0,1,"[0.37965276877051146, 0.575157747726818]",1,-1
36077,[0.33969736 0.5185769 ],0,1,"[0.37965276877051146, 0.575157747726818]",1,-1
36078,[0.66318849 0.60834522],3,3,"[0.6601234827680622, 0.6109507568947781]",1,-1
36079,[0.78237734 0.71479988],2,0,"[0.7890750777399501, 0.6799557517006445]",1,-1
36080,[0.3612569  0.52539215],0,1,"[0.37965276877051146, 0.575157747726818]",1,-1
36081,[0.82295186 0.6466774 ],2,0,"[0.7890750777399501, 0.6799557517006445]",1,-1
36082,[0.37069302 0.67899393],0,-1,-1,1,-1
36083,[0.27496447 0.24193173],1,2,"[0.294379027732062, 0.1921773781634303]",0,0
36084,[0.22571641 0.14965666],1,-1,-1,0,0
36085,[0.30734748 0.07131826],1,-1,-1,0,0
36086,[0.84689449 0.72027506],2,-1,-1,1,-1
36087,[0.40060338 0.46949809],0,-1,-1,1,-1
36088,[0.67775704 0.60955224],3,3,"[0.6601234827680622, 0.6109507568947781]",1,-1
36089,[0.50295103 0.68104735],3,-1,-1,1,-1
36090,[0.28315251 0.1880711 ],1,2,"[0.294379027732062, 0.1921773781634303]",0,0
36091,[0.33817162 0.27221829],1,-1,-1,0,0
36092,[0.21794232 0.18893747],1,-1,-1,0,0
36093,[0.24990563 0.22813064],1,2,"[0.294379027732062, 0.1921773781634303]",0,0
36094,[0.84318548 0.66512546],2,0,"[0.7890750777399501, 0.6799557517006445]",1,-1
36095,[0.35169369 0.54867229],0,1,"[0.37965276877051146, 0.575157747726818]",1,-1
36096,[0.71384846 0.75373238],2,-1,-1,1,-1
36097,[0.39657779 0.61791625],0,1,"[0.37965276877051146, 0.575157747726818]",1,-1
36098,[0.45095218 0.5776699 ],0,-1,-1,1,-1
36099,[0.71004931 0.6455651 ],3,3,"[0.6601234827680622, 0.6109507568947781]",1,-1
36100,[0.79579339 0.60374342],2,-1,-1,1,-1
36101,[0.73448302 0.70067579],2,0,"[0.7890750777399501, 0.6799557517006445]",1,-1
36102,[0.239255   0.14477498],1,-1,-1,0,0
36103,[0.32766881 0.27108961],1,-1,-1,0,0
36104,[0.64793679 0.64483765],2,3,"[0.6601234827680622, 0.6109507568947781]",1,-1
36105,[0.39312293 0.20515417],1,-1,-1,0,0
36106,[0.366467   0.25052567],1,-1,-1,0,0
36107,[0.30024105 0.62972492],0,-1,-1,1,-1
36108,[0.25771953 0.21531364],1,2,"[0.294379027732062, 0.1921773781634303]",0,0
36109,[0.75007678 0.62531835],2,0,"[0.7890750777399501, 0.6799557517006445]",1,-1
36110,[0.4209221  0.56960946],0,1,"[0.37965276877051146, 0.575157747726818]",1,-1
36111,[0.70062822 0.63655229],2,3,"[0.6601234827680622, 0.6109507568947781]",1,-1
36112,[0.61627418 0.68204495],3,-1,-1,1,-1
36113,[0.34544679 0.21176802],1,2,"[0.294379027732062, 0.1921773781634303]",0,0
36114,[0.33026386 0.62470097],0,1,"[0.37965276877051146, 0.575157747726818]",1,-1
36115,[0.32041215 0.5813212 ],0,1,"[0.37965276877051146, 0.575157747726818]",1,-1
36116,[0.36324086 0.6453376 ],0,-1,-1,1,-1
36117,[0.26519922 0.23681136],1,2,"[0.294379027732062, 0.1921773781634303]",0,0
36118,[0.78292322 0.68639605],2,0,"[0.7890750777399501, 0.6799557517006445]",1,-1
36119,[0.3942062  0.49798236],0,-1,-1,1,-1
36120,[0.66510297 0.65104981],3,3,"[0.6601234827680622, 0.6109507568947781]",1,-1
36121,[0.61127448 0.65767315],3,3,"[0.6601234827680622, 0.6109507568947781]",1,-1
36122,[0.24560945 0.21500747],1,2,"[0.294379027732062, 0.1921773781634303]",0,0
36123,[0.69314272 0.63677454],3,3,"[0.6601234827680622, 0.6109507568947781]",1,-1
36124,[0.40908773 0.59126874],0,1,"[0.37965276877051146, 0.575157747726818]",1,-1
36125,[0.28642721 0.19729819],1,2,"[0.294379027732062, 0.1921773781634303]",0,0
36126,[0.73675102 0.48053213],3,-1,-1,1,-1
36127,[0.60711359 0.56697814],3,3,"[0.6601234827680622, 0.6109507568947781]",1,-1
36128,[0.78066475 0.73318672],2,0,"[0.7890750777399501, 0.6799557517006445]",1,-1
36129,[0.79671483 0.70825652],2,0,"[0.7890750777399501, 0.6799557517006445]",1,-1
36130,[0.74361239 0.63505566],2,0,"[0.7890750777399501, 0.6799557517006445]",1,-1
36131,[0.69861031 0.58922885],3,3,"[0.6601234827680622, 0.6109507568947781]",1,-1
36132,[0.83146816 0.70764288],2,0,"[0.7890750777399501, 0.6799557517006445]",1,-1
36133,[0.26754202 0.16213956],1,2,"[0.294379027732062, 0.1921773781634303]",0,0
36134,[0.76520627 0.67416424],2,0,"[0.7890750777399501, 0.6799557517006445]",1,-1
36135,[0.63282039 0.50568391],3,-1,-1,1,-1
36136,[0.31987758 0.25602554],1,2,"[0.294379027732062, 0.1921773781634303]",0,0
36137,[0.59575693 0.61523517],3,3,"[0.6601234827680622, 0.6109507568947781]",1,-1
36138,[0.27065635 0.22370377],1,2,"[0.294379027732062, 0.1921773781634303]",0,0
36139,[0.32799945 0.18203257],1,2,"[0.294379027732062, 0.1921773781634303]",0,0
36140,[0.79167168 0.61197425],2,0,"[0.7890750777399501, 0.6799557517006445]",1,-1
36141,[0.2577647  0.25682749],1,-1,-1,0,0
36142,[0.64891165 0.6042088 ],3,3,"[0.6601234827680622, 0.6109507568947781]",1,-1
36143,[0.7298702  0.57706881],3,-1,-1,1,-1
36144,[0.81288742 0.65757505],2,0,"[0.7890750777399501, 0.6799557517006445]",1,-1
36145,[0.63428783 0.57475223],3,3,"[0.6601234827680622, 0.6109507568947781]",1,-1
36146,[0.29649696 0.19687881],1,2,"[0.294379027732062, 0.1921773781634303]",0,0
36147,[0.71786037 0.72414875],2,-1,-1,1,-1
36148,[0.29280144 0.51728184],0,-1,-1,1,-1
36149,[0.35622691 0.14754065],1,-1,-1,0,0
36150,[0.68518194 0.59132745],3,3,"[0.6601234827680622, 0.6109507568947781]",1,-1
36151,[0.46359309 0.62322448],0,-1,-1,1,-1
36152,[0.74853899 0.7124255 ],2,0,"[0.7890750777399501, 0.6799557517006445]",1,-1
36153,[0.30934279 0.19970078],1,2,"[0.294379027732062, 0.1921773781634303]",0,0
36154,[0.29049667 0.18467297],1,2,"[0.294379027732062, 0.1921773781634303]",0,0
36155,[0.55174741 0.68631155],3,-1,-1,1,-1
36156,[0.2715091  0.60312621],0,-1,-1,1,-1
36157,[0.77915338 0.72007704],2,0,"[0.7890750777399501, 0.6799557517006445]",1,-1
36158,[0.80367623 0.77692063],2,-1,-1,1,-1
36159,[0.81635297 0.63333619],2,0,"[0.7890750777399501, 0.6799557517006445]",1,-1
36160,[0.24760373 0.2590569 ],1,-1,-1,0,0
36161,[0.76686854 0.67549606],2,0,"[0.7890750777399501, 0.6799557517006445]",1,-1
36162,[0.32272931 0.62958247],0,-1,-1,1,-1
36163,[0.35767565 0.60004881],0,1,"[0.37965276877051146, 0.575157747726818]",1,-1
36164,[0.45195998 0.57420302],0,-1,-1,1,-1
36165,[0.39874214 0.64805714],0,-1,-1,1,-1
36166,[0.60347255 0.64499018],3,3,"[0.6601234827680622, 0.6109507568947781]",1,-1
36167,[0.3462605  0.55095042],0,1,"[0.37965276877051146, 0.575157747726818]",1,-1
36168,[0.68385038 0.50152679],3,-1,-1,1,-1
36169,[0.33798776 0.07346911],1,-1,-1,0,0
36170,[0.75315586 0.66299768],2,0,"[0.7890750777399501, 0.6799557517006445]",1,-1
36171,[0.25584044 0.25083304],1,-1,-1,0,0
36172,[0.27006781 0.23267616],1,2,"[0.294379027732062, 0.1921773781634303]",0,0
36173,[0.24960773 0.22301992],1,2,"[0.294379027732062, 0.1921773781634303]",0,0
36174,[0.20008411 0.12264719],1,-1,-1,0,0
36175,[0.77655125 0.65623345],2,0,"[0.7890750777399501, 0.6799557517006445]",1,-1
36176,[0.73737317 0.74024627],2,-1,-1,1,-1
36177,[0.29445111 0.26400123],1,-1,-1,0,0
36178,[0.65909449 0.5975346 ],3,3,"[0.6601234827680622, 0.6109507568947781]",1,-1
36179,[0.73131569 0.54506161],3,-1,-1,1,-1
36180,[0.30569588 0.19381267],1,2,"[0.294379027732062, 0.1921773781634303]",0,0
36181,[0.67482428 0.57342977],3,3,"[0.6601234827680622, 0.6109507568947781]",1,-1
36182,[0.29211076 0.16379138],1,2,"[0.294379027732062, 0.1921773781634303]",0,0
36183,[0.29799238 0.15942329],1,2,"[0.294379027732062, 0.1921773781634303]",0,0
36184,[0.28875408 0.29050557],1,-1,-1,0,0
36185,[0.61667408 0.58359392],3,3,"[0.6601234827680622, 0.6109507568947781]",1,-1
36186,[0.50244357 0.5446621 ],3,-1,-1,1,-1
36187,[0.348404   0.57175959],0,1,"[0.37965276877051146, 0.575157747726818]",1,-1
36188,[0.85503352 0.70830259],2,-1,-1,1,-1
36189,[0.79834476 0.67841654],2,0,"[0.7890750777399501, 0.6799557517006445]",1,-1
36190,[0.83719975 0.65897377],2,0,"[0.7890750777399501, 0.6799557517006445]",1,-1
36191,[0.3555101  0.57235686],0,1,"[0.37965276877051146, 0.575157747726818]",1,-1
36192,[0.32094868 0.73524919],0,-1,-1,1,-1
36193,[0.61486447 0.54980006],3,-1,-1,1,-1
36194,[0.37154741 0.64965275],0,-1,-1,1,-1
36195,[0.26948049 0.26003948],1,-1,-1,0,0
36196,[0.29261143 0.12768566],1,2,"[0.294379027732062, 0.1921773781634303]",0,0
36197,[0.64005076 0.61483012],3,3,"[0.6601234827680622, 0.6109507568947781]",1,-1
36198,[0.80976612 0.65502441],3,0,"[0.7890750777399501, 0.6799557517006445]",1,-1
36199,[0.70884332 0.68495621],3,-1,-1,1,-1
36200,[0.42591197 0.64537564],0,-1,-1,1,-1
36201,[0.31912638 0.20455791],1,2,"[0.294379027732062, 0.1921773781634303]",0,0
36202,[0.44525777 0.49308183],0,-1,-1,1,-1
36203,[0.38805531 0.56190967],0,1,"[0.37965276877051146, 0.575157747726818]",1,-1
36204,[0.2868237  0.57466905],0,-1,-1,1,-1
36205,[0.36584447 0.26162347],1,-1,-1,0,0
36206,[0.76585597 0.68253856],3,0,"[0.7890750777399501, 0.6799557517006445]",1,-1
36207,[0.42926487 0.56897955],0,1,"[0.37965276877051146, 0.575157747726818]",1,-1
36208,[0.21642418 0.23924196],1,-1,-1,0,0
36209,[0.68227549 0.52795551],3,-1,-1,1,-1
36210,[0.74411924 0.67285861],3,0,"[0.7890750777399501, 0.6799557517006445]",1,-1
36211,[0.37466104 0.53252535],0,1,"[0.37965276877051146, 0.575157747726818]",1,-1
36212,[0.73661898 0.722767  ],3,0,"[0.7890750777399501, 0.6799557517006445]",1,-1
36213,[0.71950125 0.65085479],3,-1,-1,1,-1
36214,[0.76395502 0.68726124],2,0,"[0.7890750777399501, 0.6799557517006445]",1,-1
36215,[0.77372669 0.75532801],2,-1,-1,1,-1
36216,[0.38758977 0.50484321],0,-1,-1,1,-1
36217,[0.30152381 0.25261023],1,2,"[0.294379027732062, 0.1921773781634303]",0,0
36218,[0.80042249 0.66536062],2,0,"[0.7890750777399501, 0.6799557517006445]",1,-1
36219,[0.34618152 0.56017615],0,1,"[0.37965276877051146, 0.575157747726818]",1,-1
36220,[0.44595275 0.53864431],0,-1,-1,1,-1
36221,[0.26965348 0.60801731],0,-1,-1,1,-1
36222,[0.39304933 0.55345287],0,1,"[0.37965276877051146, 0.575157747726818]",1,-1
36223,[0.4462884  0.60208949],0,-1,-1,1,-1
36224,[0.25505907 0.18182494],1,2,"[0.294379027732062, 0.1921773781634303]",0,0
36225,[0.36682941 0.59680927],0,1,"[0.37965276877051146, 0.575157747726818]",1,-1
36226,[0.58598217 0.6303663 ],3,-1,-1,1,-1
36227,[0.30025827 0.19068463],1,2,"[0.294379027732062, 0.1921773781634303]",0,0
36228,[0.70108543 0.65936365],3,3,"[0.6601234827680622, 0.6109507568947781]",1,-1
36229,[0.81356575 0.6659512 ],2,0,"[0.7890750777399501, 0.6799557517006445]",1,-1
36230,[0.32672002 0.65595394],0,-1,-1,1,-1
36231,[0.75970217 0.64004056],2,0,"[0.7890750777399501, 0.6799557517006445]",1,-1
36232,[0.54850817 0.62642552],3,-1,-1,1,-1
36233,[0.77496753 0.7028689 ],2,0,"[0.7890750777399501, 0.6799557517006445]",1,-1
36234,[0.69729322 0.60398917],3,3,"[0.6601234827680622, 0.6109507568947781]",1,-1
36235,[0.23070353 0.22679473],1,-1,-1,0,0
36236,[0.26229314 0.16987692],1,2,"[0.294379027732062, 0.1921773781634303]",0,0
36237,[0.83516996 0.61297228],2,-1,-1,1,-1
36238,[0.33787394 0.59584642],0,1,"[0.37965276877051146, 0.575157747726818]",1,-1
36239,[0.24118864 0.17604185],1,2,"[0.294379027732062, 0.1921773781634303]",0,0
36240,[0.82286246 0.67637595],2,0,"[0.7890750777399501, 0.6799557517006445]",1,-1
36241,[0.38562332 0.13799027],1,-1,-1,0,0
36242,[0.7057922  0.51516944],3,-1,-1,1,-1
36243,[0.59896478 0.63120441],3,3,"[0.6601234827680622, 0.6109507568947781]",1,-1
36244,[0.33851304 0.5064269 ],0,-1,-1,1,-1
36245,[0.39368685 0.62238338],0,1,"[0.37965276877051146, 0.575157747726818]",1,-1
36246,[0.75647507 0.70799543],2,0,"[0.7890750777399501, 0.6799557517006445]",1,-1
36247,[0.72199404 0.70714183],2,-1,-1,1,-1
36248,[0.25789133 0.22984939],1,2,"[0.294379027732062, 0.1921773781634303]",0,0
36249,[0.82053546 0.77052517],2,-1,-1,1,-1
36250,[0.70572568 0.62271644],3,3,"[0.6601234827680622, 0.6109507568947781]",1,-1
36251,[0.31085653 0.14485136],1,2,"[0.294379027732062, 0.1921773781634303]",0,0
36252,[0.69999746 0.62251188],3,3,"[0.6601234827680622, 0.6109507568947781]",1,-1
36253,[0.65363149 0.55625506],3,3,"[0.6601234827680622, 0.6109507568947781]",1,-1
36254,[0.77258557 0.59433474],2,-1,-1,1,-1
36255,[0.33262746 0.55792373],0,1,"[0.37965276877051146, 0.575157747726818]",1,-1
36256,[0.7226307  0.50673019],3,-1,-1,1,-1
36257,[0.79892647 0.66099728],2,0,"[0.7890750777399501, 0.6799557517006445]",1,-1
36258,[0.35731644 0.29711088],1,-1,-1,0,0
36259,[0.58881491 0.61803805],3,-1,-1,1,-1
36260,[0.4863135  0.52113207],0,-1,-1,1,-1
36261,[0.7658284  0.65494043],2,0,"[0.7890750777399501, 0.6799557517006445]",1,3
36262,[0.75040069 0.59788145],3,-1,-1,1,-1
36263,[0.84278049 0.57985297],2,-1,-1,1,-1
36264,[0.56045002 0.64429237],3,-1,-1,1,-1
36265,[0.79887887 0.6303191 ],2,0,"[0.7890750777399501, 0.6799557517006445]",1,-1
36266,[0.76578041 0.59165164],2,-1,-1,1,-1
36267,[0.67746993 0.7148771 ],3,-1,-1,1,-1
36268,[0.69262591 0.57910533],3,3,"[0.6601234827680622, 0.6109507568947781]",1,-1
36269,[0.67817648 0.5874328 ],3,3,"[0.6601234827680622, 0.6109507568947781]",1,-1
36270,[0.37003128 0.56487108],0,1,"[0.37965276877051146, 0.575157747726818]",1,1
36271,[0.81953356 0.707115  ],2,0,"[0.7890750777399501, 0.6799557517006445]",1,-1
36272,[0.38263827 0.58567323],0,1,"[0.37965276877051146, 0.575157747726818]",1,-1
36273,[0.42182346 0.60229276],0,1,"[0.37965276877051146, 0.575157747726818]",1,-1
36274,[0.30049144 0.2602721 ],1,2,"[0.294379027732062, 0.1921773781634303]",0,0
36275,[0.65584878 0.66764081],3,3,"[0.6601234827680622, 0.6109507568947781]",1,-1
36276,[0.66031018 0.51893123],3,-1,-1,1,-1
36277,[0.37741747 0.51706599],0,1,"[0.37965276877051146, 0.575157747726818]",1,-1
36278,[0.42903435 0.54706387],0,1,"[0.37965276877051146, 0.575157747726818]",1,-1
36279,[0.24950396 0.18220757],1,2,"[0.294379027732062, 0.1921773781634303]",0,0
36280,[0.42833421 0.5822668 ],0,1,"[0.37965276877051146, 0.575157747726818]",1,-1
36281,[0.37678048 0.5197696 ],0,1,"[0.37965276877051146, 0.575157747726818]",1,-1
36282,[0.41112355 0.55368617],0,1,"[0.37965276877051146, 0.575157747726818]",1,-1
36283,[0.76102218 0.72402299],2,0,"[0.7890750777399501, 0.6799557517006445]",1,-1
36284,[0.76398754 0.65254951],2,0,"[0.7890750777399501, 0.6799557517006445]",1,-1
36285,[0.82379391 0.69063512],2,0,"[0.7890750777399501, 0.6799557517006445]",1,-1
36286,[0.63172228 0.55783412],3,3,"[0.6601234827680622, 0.6109507568947781]",1,-1
36287,[0.40337668 0.57833692],0,1,"[0.37965276877051146, 0.575157747726818]",1,-1
36288,[0.82381966 0.68136825],2,0,"[0.7890750777399501, 0.6799557517006445]",1,-1
36289,[0.67584928 0.67532671],3,3,"[0.6601234827680622, 0.6109507568947781]",1,-1
36290,[0.3041967  0.10341502],1,-1,-1,0,0
36291,[0.66831918 0.59890062],3,3,"[0.6601234827680622, 0.6109507568947781]",1,-1
36292,[0.32869847 0.16354613],1,2,"[0.294379027732062, 0.1921773781634303]",0,0
36293,[0.46323255 0.64966573],0,-1,-1,1,-1
36294,[0.40543393 0.56033754],0,1,"[0.37965276877051146, 0.575157747726818]",1,-1
36295,[0.26216464 0.21823525],1,2,"[0.294379027732062, 0.1921773781634303]",0,0
36296,[0.47307401 0.4890767 ],0,-1,-1,1,-1
36297,[0.59956946 0.62239163],3,3,"[0.6601234827680622, 0.6109507568947781]",1,-1
36298,[0.37736937 0.70259702],0,-1,-1,1,-1
36299,[0.24905486 0.1834282 ],1,2,"[0.294379027732062, 0.1921773781634303]",0,0
36300,[0.29858564 0.12161764],1,-1,-1,0,0
36301,[0.45023794 0.50761584],0,-1,-1,1,-1
36302,[0.64237981 0.63723347],3,3,"[0.6601234827680622, 0.6109507568947781]",1,-1
36303,[0.66762963 0.57521422],3,3,"[0.6601234827680622, 0.6109507568947781]",1,-1
36304,[0.41141243 0.62494772],0,1,"[0.37965276877051146, 0.575157747726818]",1,-1
36305,[0.3620196  0.21804361],1,-1,-1,0,0
36306,[0.75764458 0.71169648],2,0,"[0.7890750777399501, 0.6799557517006445]",1,-1
36307,[0.82563757 0.72868488],2,0,"[0.7890750777399501, 0.6799557517006445]",1,-1
36308,[0.65891822 0.51403535],3,-1,-1,1,-1
36309,[0.71709934 0.62693502],2,3,"[0.6601234827680622, 0.6109507568947781]",1,-1
36310,[0.32619521 0.6050886 ],0,1,"[0.37965276877051146, 0.575157747726818]",1,-1
36311,[0.82257912 0.71399575],2,0,"[0.7890750777399501, 0.6799557517006445]",1,-1
36312,[0.26799168 0.21085067],1,2,"[0.294379027732062, 0.1921773781634303]",0,0
36313,[0.37194699 0.54728079],0,1,"[0.37965276877051146, 0.575157747726818]",1,-1
36314,[0.30963979 0.64023614],0,-1,-1,1,-1
36315,[0.31208904 0.17716026],1,2,"[0.294379027732062, 0.1921773781634303]",0,0
36316,[0.36134463 0.2778943 ],1,-1,-1,0,0
36317,[0.79468368 0.65587746],3,0,"[0.7890750777399501, 0.6799557517006445]",1,-1
36318,[0.76427308 0.651576  ],2,0,"[0.7890750777399501, 0.6799557517006445]",1,-1
36319,[0.62096992 0.55265573],3,-1,-1,1,-1
36320,[0.29793412 0.20574594],1,2,"[0.294379027732062, 0.1921773781634303]",0,0
36321,[0.62759235 0.53502102],3,-1,-1,1,-1
36322,[0.84544847 0.72122173],2,0,"[0.7890750777399501, 0.6799557517006445]",1,-1
36323,[0.42808144 0.51735509],0,-1,-1,1,-1
36324,[0.8164708  0.64011708],2,0,"[0.7890750777399501, 0.6799557517006445]",1,-1
36325,[0.64502449 0.65171865],3,3,"[0.6601234827680622, 0.6109507568947781]",1,-1
36326,[0.35635206 0.22012287],1,2,"[0.294379027732062, 0.1921773781634303]",0,0
36327,[0.6752537  0.60261091],3,3,"[0.6601234827680622, 0.6109507568947781]",1,-1
36328,[0.3440152  0.52495241],0,1,"[0.37965276877051146, 0.575157747726818]",1,-1
36329,[0.4204511  0.24600002],1,-1,-1,0,0
36330,[0.81705372 0.65486758],2,0,"[0.7890750777399501, 0.6799557517006445]",1,-1
36331,[0.35624589 0.64788648],0,-1,-1,1,-1
36332,[0.3674001  0.60775391],0,1,"[0.37965276877051146, 0.575157747726818]",1,-1
36333,[0.33425333 0.5302273 ],0,1,"[0.37965276877051146, 0.575157747726818]",1,-1
36334,[0.3073229  0.15245609],1,2,"[0.294379027732062, 0.1921773781634303]",0,0
36335,[0.72306035 0.57330519],3,-1,-1,1,-1
36336,[0.32314761 0.1500084 ],1,2,"[0.294379027732062, 0.1921773781634303]",0,0
36337,[0.73637012 0.69038025],2,0,"[0.7890750777399501, 0.6799557517006445]",1,-1
36338,[0.3649095  0.14642159],1,-1,-1,0,0
36339,[0.70756439 0.53900764],3,-1,-1,1,-1
36340,[0.76491568 0.5951274 ],3,-1,-1,1,-1
36341,[0.82699878 0.62526904],2,0,"[0.7890750777399501, 0.6799557517006445]",1,-1
36342,[0.2908311  0.16545075],1,2,"[0.294379027732062, 0.1921773781634303]",0,0
36343,[0.58964033 0.665584  ],3,-1,-1,1,-1
36344,[0.32826537 0.2256173 ],1,2,"[0.294379027732062, 0.1921773781634303]",0,0
36345,[0.89211187 0.71124042],2,-1,-1,1,-1
36346,[0.84817186 0.78802292],2,-1,-1,1,-1
36347,[0.6229877  0.51544577],3,-1,-1,1,-1
36348,[0.29298942 0.21803981],1,2,"[0.294379027732062, 0.1921773781634303]",0,0
36349,[0.30687866 0.2382551 ],1,2,"[0.294379027732062, 0.1921773781634303]",0,0
36350,[0.35978188 0.59932634],0,1,"[0.37965276877051146, 0.575157747726818]",1,-1
36351,[0.78639014 0.65543241],2,0,"[0.7890750777399501, 0.6799557517006445]",1,-1
36352,[0.65206212 0.53807984],3,-1,-1,1,-1
36353,[0.56646946 0.61749757],3,-1,-1,1,-1
36354,[0.41984478 0.57291952],0,1,"[0.37965276877051146, 0.575157747726818]",1,-1
36355,[0.63974592 0.61320464],3,3,"[0.6601234827680622, 0.6109507568947781]",1,-1
36356,[0.76761971 0.69775258],2,0,"[0.7890750777399501, 0.6799557517006445]",1,-1
36357,[0.36157891 0.63827276],0,1,"[0.37965276877051146, 0.575157747726818]",1,-1
36358,[0.25261125 0.24349999],1,2,"[0.294379027732062, 0.1921773781634303]",0,0
36359,[0.75341128 0.7434443 ],2,-1,-1,1,-1
36360,[0.36573028 0.21621846],1,-1,-1,0,0
36361,[0.65172128 0.58691838],3,3,"[0.6601234827680622, 0.6109507568947781]",1,-1
36362,[0.41694375 0.51838616],0,1,"[0.37965276877051146, 0.575157747726818]",1,-1
36363,[0.81623036 0.70660596],2,0,"[0.7890750777399501, 0.6799557517006445]",1,-1
36364,[0.75624809 0.61592803],3,-1,-1,1,-1
36365,[0.74445377 0.54702022],3,-1,-1,1,-1
36366,[0.30599741 0.64176712],0,-1,-1,1,-1
36367,[0.27747901 0.25162888],1,2,"[0.294379027732062, 0.1921773781634303]",0,0
36368,[0.29483635 0.58406066],0,-1,-1,1,-1
36369,[0.30900166 0.2078046 ],1,2,"[0.294379027732062, 0.1921773781634303]",0,0
36370,[0.3692587  0.63932051],0,1,"[0.37965276877051146, 0.575157747726818]",1,-1
36371,[0.66343747 0.67321103],3,3,"[0.6601234827680622, 0.6109507568947781]",1,-1
36372,[0.37344087 0.50250207],0,-1,-1,1,-1
36373,[0.25699449 0.22129052],1,2,"[0.294379027732062, 0.1921773781634303]",0,0
36374,[0.69002496 0.53940093],3,-1,-1,1,-1
36375,[0.26353972 0.15703574],1,2,"[0.294379027732062, 0.1921773781634303]",0,0
36376,[0.63846132 0.63899758],3,3,"[0.6601234827680622, 0.6109507568947781]",1,-1
36377,[0.77254576 0.59909187],2,-1,-1,1,-1
36378,[0.3723794  0.18032365],1,-1,-1,0,0
36379,[0.86280949 0.67542532],2,-1,-1,1,-1
36380,[0.31671083 0.19154008],1,2,"[0.294379027732062, 0.1921773781634303]",0,0
36381,[0.57786537 0.70432789],3,-1,-1,1,-1
36382,[0.57203532 0.57714281],3,-1,-1,1,-1
36383,[0.3134169  0.19937532],1,2,"[0.294379027732062, 0.1921773781634303]",0,0
36384,[0.2133789  0.17408567],1,-1,-1,0,0
36385,[0.68650026 0.60935485],3,3,"[0.6601234827680622, 0.6109507568947781]",1,5
36386,[0.67040006 0.638117  ],3,3,"[0.6601234827680622, 0.6109507568947781]",1,-1
36387,[0.34698749 0.53976489],0,1,"[0.37965276877051146, 0.575157747726818]",1,-1
36388,[0.77358831 0.65321913],2,0,"[0.7890750777399501, 0.6799557517006445]",1,3
36389,[0.33324079 0.2021712 ],1,2,"[0.294379027732062, 0.1921773781634303]",0,0
36390,[0.81644619 0.68571382],2,0,"[0.7890750777399501, 0.6799557517006445]",1,4
36391,[0.79112572 0.78257363],2,-1,-1,1,-1
36392,[0.82477003 0.67175664],2,0,"[0.7890750777399501, 0.6799557517006445]",1,-1
36393,[0.70728827 0.71233932],2,-1,-1,1,-1
36394,[0.39528019 0.56769925],0,1,"[0.37965276877051146, 0.575157747726818]",1,2
36395,[0.29493754 0.28222813],1,-1,-1,0,0
36396,[0.73160395 0.52940282],3,-1,-1,1,-1
36397,[0.84618735 0.65303376],2,0,"[0.7890750777399501, 0.6799557517006445]",1,-1
36398,[0.32239059 0.59349028],0,1,"[0.37965276877051146, 0.575157747726818]",1,-1
36399,[0.63318796 0.68772992],3,-1,-1,1,-1
36400,[0.28023841 0.25862663],1,2,"[0.294379027732062, 0.1921773781634303]",0,0
36401,[0.66663162 0.69120416],3,-1,-1,1,-1
36402,[0.40533395 0.11668218],1,-1,-1,0,0
36403,[0.39165489 0.55104085],0,1,"[0.37965276877051146, 0.575157747726818]",1,-1
36404,[0.33886661 0.63510667],0,-1,-1,1,-1
36405,[0.64980261 0.63539455],3,3,"[0.6601234827680622, 0.6109507568947781]",1,-1
36406,[0.45615962 0.64738352],0,-1,-1,1,-1
36407,[0.29553415 0.22168504],1,2,"[0.294379027732062, 0.1921773781634303]",0,0
36408,[0.73490681 0.72734719],2,-1,-1,1,-1
36409,[0.32295684 0.17886549],1,2,"[0.294379027732062, 0.1921773781634303]",0,0
36410,[0.32109073 0.48345371],0,-1,-1,1,-1
36411,[0.80237293 0.65481638],2,0,"[0.7890750777399501, 0.6799557517006445]",1,-1
36412,[0.39462747 0.61990951],0,1,"[0.37965276877051146, 0.575157747726818]",1,-1
36413,[0.85341369 0.59848934],2,-1,-1,1,-1
36414,[0.63911302 0.64629786],3,3,"[0.6601234827680622, 0.6109507568947781]",1,-1
36415,[0.7748113  0.62762106],2,0,"[0.7890750777399501, 0.6799557517006445]",1,-1
36416,[0.25101906 0.16082079],1,2,"[0.294379027732062, 0.1921773781634303]",0,0
36417,[0.38700713 0.4835505 ],0,-1,-1,1,-1
36418,[0.40785296 0.64464433],0,-1,-1,1,-1
36419,[0.61781275 0.67756967],3,-1,-1,1,-1
36420,[0.68574456 0.63402937],3,3,"[0.6601234827680622, 0.6109507568947781]",1,-1
36421,[0.29209103 0.20893748],1,2,"[0.294379027732062, 0.1921773781634303]",0,0
36422,[0.77387431 0.66089785],2,0,"[0.7890750777399501, 0.6799557517006445]",1,-1
36423,[0.80030406 0.70232121],2,0,"[0.7890750777399501, 0.6799557517006445]",1,-1
36424,[0.73776536 0.64545973],2,0,"[0.7890750777399501, 0.6799557517006445]",1,-1
36425,[0.66246623 0.55977401],3,3,"[0.6601234827680622, 0.6109507568947781]",1,-1
36426,[0.77238181 0.58064724],3,-1,-1,1,-1
36427,[0.57177599 0.5594368 ],3,-1,-1,1,-1
36428,[0.79271714 0.61522961],2,0,"[0.7890750777399501, 0.6799557517006445]",1,-1
36429,[0.59575095 0.53645342],3,-1,-1,1,-1
36430,[0.58920637 0.58602172],3,-1,-1,1,-1
36431,[0.43495296 0.55253364],0,1,"[0.37965276877051146, 0.575157747726818]",1,-1
36432,[0.68639236 0.67040324],3,3,"[0.6601234827680622, 0.6109507568947781]",1,-1
36433,[0.63986746 0.56712928],3,3,"[0.6601234827680622, 0.6109507568947781]",1,-1
36434,[0.64451021 0.57325572],3,3,"[0.6601234827680622, 0.6109507568947781]",1,-1
36435,[0.37022119 0.58390637],0,1,"[0.37965276877051146, 0.575157747726818]",1,1
36436,[0.78219663 0.67397213],2,0,"[0.7890750777399501, 0.6799557517006445]",1,4
36437,[0.55768041 0.53061647],3,-1,-1,1,-1
36438,[0.21906922 0.25486433],1,-1,-1,0,0
36439,[0.70805211 0.5736332 ],3,3,"[0.6601234827680622, 0.6109507568947781]",1,-1
36440,[0.7760433  0.73959545],2,0,"[0.7890750777399501, 0.6799557517006445]",1,-1
36441,[0.40611233 0.47594398],0,-1,-1,1,-1
36442,[0.76357501 0.72284227],2,0,"[0.7890750777399501, 0.6799557517006445]",1,-1
36443,[0.67419439 0.65198646],3,3,"[0.6601234827680622, 0.6109507568947781]",1,-1
36444,[0.78611152 0.69876602],2,0,"[0.7890750777399501, 0.6799557517006445]",1,-1
36445,[0.9140939  0.67825241],2,-1,-1,1,-1
36446,[0.70590015 0.67797665],2,-1,-1,1,-1
36447,[0.21521636 0.18262069],1,-1,-1,0,0
36448,[0.75151407 0.63687195],2,0,"[0.7890750777399501, 0.6799557517006445]",1,-1
36449,[0.29105345 0.20967139],1,2,"[0.294379027732062, 0.1921773781634303]",0,0
36450,[0.26747356 0.21718917],1,2,"[0.294379027732062, 0.1921773781634303]",0,0
36451,[0.40891701 0.66059984],0,-1,-1,1,-1
36452,[0.70499296 0.63297207],2,3,"[0.6601234827680622, 0.6109507568947781]",1,-1
36453,[0.72991563 0.74441306],2,-1,-1,1,-1
36454,[0.28521287 0.52887294],0,-1,-1,1,-1
36455,[0.3686631  0.61040115],0,1,"[0.37965276877051146, 0.575157747726818]",1,-1
36456,[0.8567331  0.65242379],2,-1,-1,1,-1
36457,[0.21719554 0.33068467],1,-1,-1,0,0
36458,[0.28067404 0.20447107],1,2,"[0.294379027732062, 0.1921773781634303]",0,0
36459,[0.60483024 0.61785139],3,3,"[0.6601234827680622, 0.6109507568947781]",1,-1
36460,[0.68233226 0.52919754],3,-1,-1,1,-1
36461,[0.73447933 0.65893303],2,0,"[0.7890750777399501, 0.6799557517006445]",1,-1
36462,[0.62578251 0.62125693],3,3,"[0.6601234827680622, 0.6109507568947781]",1,-1
36463,[0.36354184 0.65828394],0,-1,-1,1,-1
36464,[0.75608873 0.69255382],2,0,"[0.7890750777399501, 0.6799557517006445]",1,-1
36465,[0.60861127 0.61963381],3,3,"[0.6601234827680622, 0.6109507568947781]",1,-1
36466,[0.43851196 0.61013595],0,1,"[0.37965276877051146, 0.575157747726818]",1,-1
36467,[0.37233867 0.23187634],1,-1,-1,0,0
36468,[0.3304509  0.25474506],1,-1,-1,0,0
36469,[0.75429923 0.60222727],2,-1,-1,1,-1
36470,[0.4009459  0.56849183],0,1,"[0.37965276877051146, 0.575157747726818]",1,2
36471,[0.70944093 0.69350921],2,-1,-1,1,-1
36472,[0.33151007 0.21984669],1,2,"[0.294379027732062, 0.1921773781634303]",0,0
36473,[0.31990725 0.18851789],1,2,"[0.294379027732062, 0.1921773781634303]",0,0
36474,[0.71544707 0.61197396],3,3,"[0.6601234827680622, 0.6109507568947781]",1,-1
36475,[0.32083886 0.18749324],1,2,"[0.294379027732062, 0.1921773781634303]",0,0
36476,[0.8893968  0.65197128],2,-1,-1,1,-1
36477,[0.31339371 0.14633355],1,2,"[0.294379027732062, 0.1921773781634303]",0,0
36478,[0.26257429 0.24452842],1,2,"[0.294379027732062, 0.1921773781634303]",0,0
36479,[0.69223466 0.56361909],3,3,"[0.6601234827680622, 0.6109507568947781]",1,-1
36480,[0.60058374 0.63130565],3,3,"[0.6601234827680622, 0.6109507568947781]",1,-1
36481,[0.30706783 0.21446424],1,2,"[0.294379027732062, 0.1921773781634303]",0,0
36482,[0.71920079 0.5467508 ],3,-1,-1,1,-1
36483,[0.31988345 0.21833878],1,2,"[0.294379027732062, 0.1921773781634303]",0,0
36484,[0.38304186 0.56750131],0,1,"[0.37965276877051146, 0.575157747726818]",1,-1
36485,[0.79211745 0.73396188],2,0,"[0.7890750777399501, 0.6799557517006445]",1,-1
36486,[0.73684861 0.65375783],3,0,"[0.7890750777399501, 0.6799557517006445]",1,-1
36487,[0.62665944 0.59718528],3,3,"[0.6601234827680622, 0.6109507568947781]",1,-1
36488,[0.25472116 0.21387772],1,2,"[0.294379027732062, 0.1921773781634303]",0,0
36489,[0.3410117  0.54479096],0,1,"[0.37965276877051146, 0.575157747726818]",1,-1
36490,[0.39011131 0.59507736],0,1,"[0.37965276877051146, 0.575157747726818]",1,-1
36491,[0.66289903 0.56368342],3,3,"[0.6601234827680622, 0.6109507568947781]",1,-1
36492,[0.79696169 0.67925476],2,0,"[0.7890750777399501, 0.6799557517006445]",1,-1
36493,[0.85340853 0.6048124 ],2,-1,-1,1,-1
36494,[0.67243919 0.54593858],3,3,"[0.6601234827680622, 0.6109507568947781]",1,-1
36495,[0.2997294 0.2614812],1,2,"[0.294379027732062, 0.1921773781634303]",0,0
36496,[0.22523088 0.28418948],1,-1,-1,0,0
36497,[0.80251807 0.7676927 ],2,-1,-1,1,-1
36498,[0.67355306 0.6246219 ],3,3,"[0.6601234827680622, 0.6109507568947781]",1,7
36499,[0.80219857 0.65804908],3,0,"[0.7890750777399501, 0.6799557517006445]",1,-1
36500,[0.7889167  0.64929811],2,0,"[0.7890750777399501, 0.6799557517006445]",1,-1
36501,[0.39221218 0.54658369],0,1,"[0.37965276877051146, 0.575157747726818]",1,-1
36502,[0.71277526 0.6935175 ],2,-1,-1,1,-1
36503,[0.23704486 0.13701204],1,-1,-1,0,0
36504,[0.73511405 0.54432106],3,-1,-1,1,-1
36505,[0.70344182 0.67736894],2,-1,-1,1,-1
36506,[0.39838577 0.56753873],0,1,"[0.37965276877051146, 0.575157747726818]",1,2
36507,[0.84084379 0.68491302],2,0,"[0.7890750777399501, 0.6799557517006445]",1,-1
36508,[0.80737729 0.79391636],2,-1,-1,1,-1
36509,[0.4445828  0.64518082],0,-1,-1,1,-1
36510,[0.3572466  0.56813058],0,1,"[0.37965276877051146, 0.575157747726818]",1,-1
36511,[0.38589471 0.61372924],0,1,"[0.37965276877051146, 0.575157747726818]",1,-1
36512,[0.70608153 0.59432536],3,3,"[0.6601234827680622, 0.6109507568947781]",1,-1
36513,[0.76481455 0.68119525],2,0,"[0.7890750777399501, 0.6799557517006445]",1,4
36514,[0.66730748 0.66561258],3,3,"[0.6601234827680622, 0.6109507568947781]",1,-1
36515,[0.8148934  0.69045169],2,0,"[0.7890750777399501, 0.6799557517006445]",1,-1
36516,[0.40901609 0.56553091],0,1,"[0.37965276877051146, 0.575157747726818]",1,-1
36517,[0.74189981 0.58974819],2,-1,-1,1,-1
36518,[0.6860982  0.55824694],3,3,"[0.6601234827680622, 0.6109507568947781]",1,-1
36519,[0.29817259 0.61579267],0,-1,-1,1,-1
36520,[0.25590132 0.177609  ],1,2,"[0.294379027732062, 0.1921773781634303]",0,0
36521,[0.77304491 0.64854068],2,0,"[0.7890750777399501, 0.6799557517006445]",1,-1
36522,[0.70688769 0.59719471],3,3,"[0.6601234827680622, 0.6109507568947781]",1,-1
36523,[0.89043448 0.71034086],2,-1,-1,1,-1
36524,[0.67312535 0.59605504],3,3,"[0.6601234827680622, 0.6109507568947781]",1,-1
36525,[0.67586736 0.53344465],3,-1,-1,1,-1
36526,[0.73282412 0.67919975],2,0,"[0.7890750777399501, 0.6799557517006445]",1,-1
36527,[0.65061182 0.68643259],3,-1,-1,1,-1
36528,[0.26393735 0.23201019],1,2,"[0.294379027732062, 0.1921773781634303]",0,0
36529,[0.78447708 0.70266619],2,0,"[0.7890750777399501, 0.6799557517006445]",1,-1
36530,[0.72450007 0.62617083],2,3,"[0.6601234827680622, 0.6109507568947781]",1,-1
36531,[0.3236632  0.55757289],0,1,"[0.37965276877051146, 0.575157747726818]",1,-1
36532,[0.37367826 0.54708504],0,1,"[0.37965276877051146, 0.575157747726818]",1,-1
36533,[0.30549128 0.58651663],0,-1,-1,1,-1
36534,[0.66081376 0.73959846],2,-1,-1,1,-1
36535,[0.33911046 0.22559751],1,2,"[0.294379027732062, 0.1921773781634303]",0,0
36536,[0.7539367 0.7176882],2,0,"[0.7890750777399501, 0.6799557517006445]",1,-1
36537,[0.70825396 0.55226698],3,-1,-1,1,-1
36538,[0.75310239 0.70725902],2,0,"[0.7890750777399501, 0.6799557517006445]",1,-1
36539,[0.85038094 0.65668034],2,0,"[0.7890750777399501, 0.6799557517006445]",1,-1
36540,[0.71368622 0.73562635],2,-1,-1,1,-1
36541,[0.60899737 0.57212186],3,3,"[0.6601234827680622, 0.6109507568947781]",1,-1
36542,[0.79211171 0.57423309],2,-1,-1,1,-1
36543,[0.31334245 0.14962054],1,2,"[0.294379027732062, 0.1921773781634303]",0,0
36544,[0.81474637 0.66844788],2,0,"[0.7890750777399501, 0.6799557517006445]",1,-1
36545,[0.81682735 0.79273192],2,-1,-1,1,-1
36546,[0.33973542 0.29367166],1,-1,-1,0,0
36547,[0.69425463 0.54489768],3,-1,-1,1,-1
36548,[0.71653336 0.66331892],3,-1,-1,1,-1
36549,[0.74031547 0.72950345],2,0,"[0.7890750777399501, 0.6799557517006445]",1,-1
36550,[0.30892974 0.59473132],0,-1,-1,1,-1
36551,[0.27375572 0.2282198 ],1,2,"[0.294379027732062, 0.1921773781634303]",0,0
36552,[0.80980697 0.68604696],2,0,"[0.7890750777399501, 0.6799557517006445]",1,4
36553,[0.8030653  0.71524298],2,0,"[0.7890750777399501, 0.6799557517006445]",1,-1
36554,[0.79727992 0.6364335 ],2,0,"[0.7890750777399501, 0.6799557517006445]",1,-1
36555,[0.37905436 0.52941107],0,1,"[0.37965276877051146, 0.575157747726818]",1,-1
36556,[0.48394351 0.59927142],0,-1,-1,1,-1
36557,[0.25648065 0.23584592],1,2,"[0.294379027732062, 0.1921773781634303]",0,0
36558,[0.84622331 0.68299683],2,0,"[0.7890750777399501, 0.6799557517006445]",1,-1
36559,[0.16700327 0.14252449],1,-1,-1,0,0
36560,[0.30648994 0.62852725],0,-1,-1,1,-1
36561,[0.35781998 0.53119337],0,1,"[0.37965276877051146, 0.575157747726818]",1,-1
36562,[0.31485157 0.61128605],0,-1,-1,1,-1
36563,[0.66160025 0.5609863 ],3,3,"[0.6601234827680622, 0.6109507568947781]",1,-1
36564,[0.14873056 0.17285424],1,-1,-1,0,0
36565,[0.3946189 0.5174144],0,1,"[0.37965276877051146, 0.575157747726818]",1,-1
36566,[0.61563884 0.63188243],3,3,"[0.6601234827680622, 0.6109507568947781]",1,-1
36567,[0.34771334 0.65636182],0,-1,-1,1,-1
36568,[0.78520447 0.63630204],2,0,"[0.7890750777399501, 0.6799557517006445]",1,-1
36569,[0.58367269 0.62798989],3,-1,-1,1,-1
36570,[0.23907315 0.21986928],1,2,"[0.294379027732062, 0.1921773781634303]",0,0
36571,[0.77259674 0.72685067],2,0,"[0.7890750777399501, 0.6799557517006445]",1,-1
36572,[0.8091607  0.63481227],2,0,"[0.7890750777399501, 0.6799557517006445]",1,-1
36573,[0.32417088 0.09793111],1,-1,-1,0,0
36574,[0.32397071 0.22164139],1,2,"[0.294379027732062, 0.1921773781634303]",0,0
36575,[0.6538269  0.56090019],3,3,"[0.6601234827680622, 0.6109507568947781]",1,-1
36576,[0.78015096 0.71112324],2,0,"[0.7890750777399501, 0.6799557517006445]",1,-1
36577,[0.90252517 0.64675243],2,-1,-1,1,-1
36578,[0.26672964 0.18536177],1,2,"[0.294379027732062, 0.1921773781634303]",0,0
36579,[0.6174055  0.55317376],3,-1,-1,1,-1
36580,[0.78620751 0.70682428],2,0,"[0.7890750777399501, 0.6799557517006445]",1,-1
36581,[0.6991731  0.55633739],3,3,"[0.6601234827680622, 0.6109507568947781]",1,-1
36582,[0.29644855 0.15045593],1,2,"[0.294379027732062, 0.1921773781634303]",0,0
36583,[0.69735542 0.7435238 ],2,-1,-1,1,-1
36584,[0.6819745 0.6337041],3,3,"[0.6601234827680622, 0.6109507568947781]",1,-1
36585,[0.64910201 0.60290725],3,3,"[0.6601234827680622, 0.6109507568947781]",1,6
36586,[0.72096675 0.58376588],3,3,"[0.6601234827680622, 0.6109507568947781]",1,-1
36587,[0.69023286 0.68709939],3,-1,-1,1,-1
36588,[0.57640932 0.57848231],3,-1,-1,1,-1
36589,[0.30311097 0.19632284],1,2,"[0.294379027732062, 0.1921773781634303]",0,0
36590,[0.66713171 0.61697959],3,3,"[0.6601234827680622, 0.6109507568947781]",1,-1
36591,[0.34282971 0.12359636],1,-1,-1,0,0
36592,[0.6678638  0.59352422],3,3,"[0.6601234827680622, 0.6109507568947781]",1,-1
36593,[0.3796591  0.54993541],0,1,"[0.37965276877051146, 0.575157747726818]",1,-1
36594,[0.69460793 0.59347664],3,3,"[0.6601234827680622, 0.6109507568947781]",1,-1
36595,[0.81048055 0.64812843],2,0,"[0.7890750777399501, 0.6799557517006445]",1,-1
36596,[0.78020549 0.67227811],2,0,"[0.7890750777399501, 0.6799557517006445]",1,3
36597,[0.76492338 0.63516211],3,0,"[0.7890750777399501, 0.6799557517006445]",1,-1
36598,[0.83592877 0.57055922],2,-1,-1,1,-1
36599,[0.60825683 0.6224696 ],3,3,"[0.6601234827680622, 0.6109507568947781]",1,-1
36600,[0.19786913 0.22643587],1,-1,-1,0,0
36601,[0.8440064  0.64930282],2,0,"[0.7890750777399501, 0.6799557517006445]",1,-1
36602,[0.66903884 0.64730738],3,3,"[0.6601234827680622, 0.6109507568947781]",1,-1
36603,[0.76421795 0.74823828],2,-1,-1,1,-1
36604,[0.6553544  0.60932684],3,3,"[0.6601234827680622, 0.6109507568947781]",1,-1
36605,[0.66060287 0.56578651],3,3,"[0.6601234827680622, 0.6109507568947781]",1,-1
36606,[0.70468618 0.59189479],3,3,"[0.6601234827680622, 0.6109507568947781]",1,-1
36607,[0.30921438 0.2177323 ],1,2,"[0.294379027732062, 0.1921773781634303]",0,0
36608,[0.21858625 0.17523628],1,-1,-1,0,0
36609,[0.34560805 0.31550158],1,-1,-1,0,0
36610,[0.65598969 0.68312955],3,-1,-1,1,-1
36611,[0.34518869 0.23190153],1,2,"[0.294379027732062, 0.1921773781634303]",0,0
36612,[0.39664117 0.53893315],0,1,"[0.37965276877051146, 0.575157747726818]",1,-1
36613,[0.26068634 0.18137769],1,2,"[0.294379027732062, 0.1921773781634303]",0,0
36614,[0.79117528 0.72063466],2,0,"[0.7890750777399501, 0.6799557517006445]",1,-1
36615,[0.73622395 0.73372417],2,-1,-1,1,-1
36616,[0.74382414 0.68707767],2,0,"[0.7890750777399501, 0.6799557517006445]",1,-1
36617,[0.85703649 0.69754926],2,-1,-1,1,-1
36618,[0.3774282  0.67895964],0,-1,-1,1,-1
36619,[0.25531827 0.18823823],1,2,"[0.294379027732062, 0.1921773781634303]",0,0
36620,[0.32456761 0.60178869],0,1,"[0.37965276877051146, 0.575157747726818]",1,-1
36621,[0.3587186  0.53335832],0,1,"[0.37965276877051146, 0.575157747726818]",1,-1
36622,[0.87523936 0.6965237 ],2,-1,-1,1,-1
36623,[0.81332244 0.68338117],2,0,"[0.7890750777399501, 0.6799557517006445]",1,4
36624,[0.33117561 0.20021964],1,2,"[0.294379027732062, 0.1921773781634303]",0,0
36625,[0.30339467 0.58828788],0,-1,-1,1,-1
36626,[0.38642081 0.51948949],0,1,"[0.37965276877051146, 0.575157747726818]",1,-1
36627,[0.31229621 0.59818978],0,-1,-1,1,-1
36628,[0.65663084 0.57625658],3,3,"[0.6601234827680622, 0.6109507568947781]",1,-1
36629,[0.88686103 0.66398407],2,-1,-1,1,-1
36630,[0.8220721  0.66377661],2,0,"[0.7890750777399501, 0.6799557517006445]",1,-1
36631,[0.30163506 0.6067201 ],0,-1,-1,1,-1
36632,[0.76832706 0.6338517 ],2,0,"[0.7890750777399501, 0.6799557517006445]",1,-1
36633,[0.71944899 0.67489471],2,0,"[0.7890750777399501, 0.6799557517006445]",1,-1
36634,[0.37351294 0.16761296],1,-1,-1,0,0
36635,[0.33123781 0.56400807],0,1,"[0.37965276877051146, 0.575157747726818]",1,-1
36636,[0.59668774 0.61324243],3,3,"[0.6601234827680622, 0.6109507568947781]",1,-1
36637,[0.78844139 0.70512354],2,0,"[0.7890750777399501, 0.6799557517006445]",1,-1
36638,[0.71593921 0.64541631],3,3,"[0.6601234827680622, 0.6109507568947781]",1,-1
36639,[0.29673898 0.64490252],0,-1,-1,1,-1
36640,[0.25967512 0.57045811],0,-1,-1,1,-1
36641,[0.60359482 0.65246896],3,-1,-1,1,-1
36642,[0.81102398 0.75686477],2,-1,-1,1,-1
36643,[0.24801987 0.21594765],1,2,"[0.294379027732062, 0.1921773781634303]",0,0
36644,[0.40741737 0.5360389 ],0,1,"[0.37965276877051146, 0.575157747726818]",1,-1
36645,[0.33241226 0.16704086],1,2,"[0.294379027732062, 0.1921773781634303]",0,0
36646,[0.35793765 0.2166341 ],1,2,"[0.294379027732062, 0.1921773781634303]",0,0
36647,[0.35110557 0.58161138],0,1,"[0.37965276877051146, 0.575157747726818]",1,-1
36648,[0.75382641 0.58246014],3,-1,-1,1,-1
36649,[0.33676974 0.10485618],1,-1,-1,0,0
36650,[0.2584083 0.2143769],1,2,"[0.294379027732062, 0.1921773781634303]",0,0
36651,[0.63085749 0.62228514],3,3,"[0.6601234827680622, 0.6109507568947781]",1,-1
36652,[0.7683248  0.71931181],2,0,"[0.7890750777399501, 0.6799557517006445]",1,-1
36653,[0.65730433 0.6581579 ],3,3,"[0.6601234827680622, 0.6109507568947781]",1,-1
36654,[0.71377596 0.74921555],2,-1,-1,1,-1
36655,[0.66439333 0.6327715 ],3,3,"[0.6601234827680622, 0.6109507568947781]",1,7
36656,[0.35106675 0.26125237],1,-1,-1,0,0
36657,[0.67651118 0.58386809],3,3,"[0.6601234827680622, 0.6109507568947781]",1,-1
36658,[0.40189826 0.52368169],0,1,"[0.37965276877051146, 0.575157747726818]",1,-1
36659,[0.68586687 0.63421722],3,3,"[0.6601234827680622, 0.6109507568947781]",1,-1
36660,[0.6134994 0.624845 ],3,3,"[0.6601234827680622, 0.6109507568947781]",1,-1
36661,[0.80557397 0.6720816 ],2,0,"[0.7890750777399501, 0.6799557517006445]",1,4
36662,[0.85137277 0.71316977],2,-1,-1,1,-1
36663,[0.32970913 0.17772166],1,2,"[0.294379027732062, 0.1921773781634303]",0,0
36664,[0.4569124  0.58016853],0,-1,-1,1,-1
36665,[0.66699371 0.57855459],3,3,"[0.6601234827680622, 0.6109507568947781]",1,-1
36666,[0.30493608 0.08186061],1,-1,-1,0,0
36667,[0.32533124 0.22663829],1,2,"[0.294379027732062, 0.1921773781634303]",0,0
36668,[0.48709139 0.62495419],0,-1,-1,1,-1
36669,[0.66463142 0.70267917],3,-1,-1,1,-1
36670,[0.37821518 0.13089788],1,-1,-1,0,0
36671,[0.74361481 0.78664827],2,-1,-1,1,-1
36672,[0.38953886 0.47794544],0,-1,-1,1,-1
36673,[0.69069637 0.54085963],3,-1,-1,1,-1
36674,[0.64427027 0.64210938],3,3,"[0.6601234827680622, 0.6109507568947781]",1,-1
36675,[0.75358736 0.64852949],3,0,"[0.7890750777399501, 0.6799557517006445]",1,-1
36676,[0.24394742 0.19220627],1,2,"[0.294379027732062, 0.1921773781634303]",0,0
36677,[0.60450934 0.63427542],3,3,"[0.6601234827680622, 0.6109507568947781]",1,-1
36678,[0.74629033 0.67639358],2,0,"[0.7890750777399501, 0.6799557517006445]",1,-1
36679,[0.62801861 0.64224503],3,3,"[0.6601234827680622, 0.6109507568947781]",1,-1
36680,[0.70363587 0.58618627],3,3,"[0.6601234827680622, 0.6109507568947781]",1,-1
36681,[0.25257211 0.18018811],1,2,"[0.294379027732062, 0.1921773781634303]",0,0
36682,[0.32116824 0.23559168],1,2,"[0.294379027732062, 0.1921773781634303]",0,0
36683,[0.80230164 0.67224488],2,0,"[0.7890750777399501, 0.6799557517006445]",1,4
36684,[0.68619408 0.68748247],2,-1,-1,1,-1
36685,[0.69940795 0.67310225],3,-1,-1,1,-1
36686,[0.83244677 0.62293879],2,-1,-1,1,-1
36687,[0.40072343 0.59134761],0,1,"[0.37965276877051146, 0.575157747726818]",1,-1
36688,[0.90840829 0.61963546],2,-1,-1,1,-1
36689,[0.3222575  0.20915445],1,2,"[0.294379027732062, 0.1921773781634303]",0,0
36690,[0.63382443 0.53255498],3,-1,-1,1,-1
36691,[0.73364097 0.63332254],2,-1,-1,1,-1
36692,[0.67688219 0.56973982],3,3,"[0.6601234827680622, 0.6109507568947781]",1,-1
36693,[0.34258166 0.56603135],0,1,"[0.37965276877051146, 0.575157747726818]",1,-1
36694,[0.58332964 0.59703659],3,-1,-1,1,-1
36695,[0.34937836 0.27582325],1,-1,-1,0,0
36696,[0.37511338 0.54620242],0,1,"[0.37965276877051146, 0.575157747726818]",1,-1
36697,[0.28386089 0.62891578],0,-1,-1,1,-1
36698,[0.36443507 0.19014393],1,-1,-1,0,0
36699,[0.25084352 0.58917949],0,-1,-1,1,-1
36700,[0.70264617 0.54091882],3,-1,-1,1,-1
36701,[0.78264879 0.58805605],2,-1,-1,1,-1
36702,[0.41812347 0.53242433],0,1,"[0.37965276877051146, 0.575157747726818]",1,-1
36703,[0.3277371 0.1970251],1,2,"[0.294379027732062, 0.1921773781634303]",0,0
36704,[0.26904613 0.16475598],1,2,"[0.294379027732062, 0.1921773781634303]",0,0
36705,[0.78763003 0.66111378],2,0,"[0.7890750777399501, 0.6799557517006445]",1,-1
36706,[0.25062151 0.21067466],1,2,"[0.294379027732062, 0.1921773781634303]",0,0
36707,[0.39055594 0.53447931],0,1,"[0.37965276877051146, 0.575157747726818]",1,-1
36708,[0.62010863 0.66624057],3,3,"[0.6601234827680622, 0.6109507568947781]",1,-1
36709,[0.62313297 0.67683454],3,-1,-1,1,-1
36710,[0.82046284 0.65106188],2,0,"[0.7890750777399501, 0.6799557517006445]",1,-1
36711,[0.70750612 0.60563925],3,3,"[0.6601234827680622, 0.6109507568947781]",1,-1
36712,[0.29998128 0.16523776],1,2,"[0.294379027732062, 0.1921773781634303]",0,0
36713,[0.36934128 0.62589163],0,1,"[0.37965276877051146, 0.575157747726818]",1,-1
36714,[0.68001865 0.57946488],3,3,"[0.6601234827680622, 0.6109507568947781]",1,-1
36715,[0.42932599 0.61478533],0,1,"[0.37965276877051146, 0.575157747726818]",1,-1
36716,[0.72207109 0.57455695],3,-1,-1,1,-1
36717,[0.38619203 0.4686816 ],0,-1,-1,1,-1
36718,[0.37008664 0.58160922],0,1,"[0.37965276877051146, 0.575157747726818]",1,1
36719,[0.34836135 0.61724387],0,1,"[0.37965276877051146, 0.575157747726818]",1,-1
36720,[0.71878552 0.68241042],3,-1,-1,1,-1
36721,[0.2976706  0.64813915],0,-1,-1,1,-1
36722,[0.23835311 0.23675752],1,-1,-1,0,0
36723,[0.39910752 0.65870366],0,-1,-1,1,-1
36724,[0.71511075 0.63824244],2,3,"[0.6601234827680622, 0.6109507568947781]",1,-1
36725,[0.30724901 0.27287671],1,-1,-1,0,0
36726,[0.63843914 0.62770184],3,3,"[0.6601234827680622, 0.6109507568947781]",1,-1
36727,[0.83717374 0.7727449 ],2,-1,-1,1,-1
36728,[0.75357608 0.58171946],2,-1,-1,1,-1
36729,[0.79576527 0.7128548 ],2,0,"[0.7890750777399501, 0.6799557517006445]",1,-1
36730,[0.82009416 0.77839496],2,-1,-1,1,-1
36731,[0.30819928 0.22453324],1,2,"[0.294379027732062, 0.1921773781634303]",0,0
36732,[0.33739799 0.54895547],0,1,"[0.37965276877051146, 0.575157747726818]",1,-1
36733,[0.67782752 0.50994544],3,-1,-1,1,-1
36734,[0.33188206 0.58673304],0,1,"[0.37965276877051146, 0.575157747726818]",1,-1
36735,[0.57149565 0.63033203],3,-1,-1,1,-1
36736,[0.70314186 0.72741056],2,-1,-1,1,-1
36737,[0.30056158 0.13851463],1,2,"[0.294379027732062, 0.1921773781634303]",0,0
36738,[0.31207405 0.22017034],1,2,"[0.294379027732062, 0.1921773781634303]",0,0
36739,[0.47361832 0.56176646],0,-1,-1,1,-1
36740,[0.34177839 0.22543149],1,2,"[0.294379027732062, 0.1921773781634303]",0,0
36741,[0.64251173 0.59570621],3,3,"[0.6601234827680622, 0.6109507568947781]",1,-1
36742,[0.72628323 0.65860248],2,0,"[0.7890750777399501, 0.6799557517006445]",1,-1
36743,[0.62298361 0.58750903],3,3,"[0.6601234827680622, 0.6109507568947781]",1,-1
36744,[0.83099664 0.69612694],2,0,"[0.7890750777399501, 0.6799557517006445]",1,-1
36745,[0.37224826 0.54202577],0,1,"[0.37965276877051146, 0.575157747726818]",1,-1
36746,[0.84668504 0.70845829],2,0,"[0.7890750777399501, 0.6799557517006445]",1,-1
36747,[0.68976758 0.52703045],3,-1,-1,1,-1
36748,[0.69251878 0.54035467],3,-1,-1,1,-1
36749,[0.36100068 0.53166036],0,1,"[0.37965276877051146, 0.575157747726818]",1,-1
36750,[0.72804045 0.71013708],2,0,"[0.7890750777399501, 0.6799557517006445]",1,-1
36751,[0.77805331 0.72034997],2,0,"[0.7890750777399501, 0.6799557517006445]",1,-1
36752,[0.25432473 0.20602663],1,2,"[0.294379027732062, 0.1921773781634303]",0,0
36753,[0.75663835 0.73819154],2,0,"[0.7890750777399501, 0.6799557517006445]",1,-1
36754,[0.81798745 0.72224567],2,0,"[0.7890750777399501, 0.6799557517006445]",1,-1
36755,[0.7314635  0.67600822],3,0,"[0.7890750777399501, 0.6799557517006445]",1,-1
36756,[0.85417677 0.71372423],2,-1,-1,1,-1
36757,[0.32882479 0.08505884],1,-1,-1,0,0
36758,[0.26571008 0.19509005],1,2,"[0.294379027732062, 0.1921773781634303]",0,0
36759,[0.28865974 0.1521292 ],1,2,"[0.294379027732062, 0.1921773781634303]",0,0
36760,[0.6836216  0.69310253],3,-1,-1,1,-1
36761,[0.41708646 0.5917688 ],0,1,"[0.37965276877051146, 0.575157747726818]",1,-1
36762,[0.79276718 0.68658971],2,0,"[0.7890750777399501, 0.6799557517006445]",1,-1
36763,[0.34565763 0.51087457],0,-1,-1,1,-1
36764,[0.29139111 0.17222892],1,2,"[0.294379027732062, 0.1921773781634303]",0,0
36765,[0.43457728 0.54649001],0,1,"[0.37965276877051146, 0.575157747726818]",1,-1
36766,[0.14861323 0.20237593],1,-1,-1,0,0
36767,[0.7039073  0.62003202],3,3,"[0.6601234827680622, 0.6109507568947781]",1,-1
36768,[0.83324713 0.67068715],2,0,"[0.7890750777399501, 0.6799557517006445]",1,-1
36769,[0.30398479 0.2202597 ],1,2,"[0.294379027732062, 0.1921773781634303]",0,0
36770,[0.40774491 0.60299024],0,1,"[0.37965276877051146, 0.575157747726818]",1,-1
36771,[0.63925575 0.58420864],3,3,"[0.6601234827680622, 0.6109507568947781]",1,-1
36772,[0.28444663 0.11080491],1,-1,-1,0,0
36773,[0.28623699 0.55818163],0,-1,-1,1,-1
36774,[0.26092254 0.58170687],0,-1,-1,1,-1
36775,[0.30333999 0.1216019 ],1,-1,-1,0,0
36776,[0.68001128 0.63556992],3,3,"[0.6601234827680622, 0.6109507568947781]",1,-1
36777,[0.45088882 0.57291476],0,-1,-1,1,-1
36778,[0.82736377 0.74102333],2,-1,-1,1,-1
36779,[0.7603265  0.69933189],2,0,"[0.7890750777399501, 0.6799557517006445]",1,-1
36780,[0.42040208 0.55990588],0,1,"[0.37965276877051146, 0.575157747726818]",1,-1
36781,[0.19525195 0.12877781],1,-1,-1,0,0
36782,[0.80382824 0.65242255],2,0,"[0.7890750777399501, 0.6799557517006445]",1,-1
36783,[0.3084488  0.16147295],1,2,"[0.294379027732062, 0.1921773781634303]",0,0
36784,[0.63597365 0.70726841],3,-1,-1,1,-1
36785,[0.66762684 0.59406835],3,3,"[0.6601234827680622, 0.6109507568947781]",1,-1
36786,[0.33129765 0.14291234],1,2,"[0.294379027732062, 0.1921773781634303]",0,0
36787,[0.72832297 0.65653465],2,0,"[0.7890750777399501, 0.6799557517006445]",1,-1
36788,[0.73800425 0.6334746 ],3,0,"[0.7890750777399501, 0.6799557517006445]",1,-1
36789,[0.35975262 0.26863052],1,-1,-1,0,0
36790,[0.43359533 0.58413432],0,1,"[0.37965276877051146, 0.575157747726818]",1,-1
36791,[0.23735053 0.26938908],1,-1,-1,0,0
36792,[0.34390526 0.54978852],0,1,"[0.37965276877051146, 0.575157747726818]",1,-1
36793,[0.37913698 0.52600541],0,1,"[0.37965276877051146, 0.575157747726818]",1,-1
36794,[0.74666592 0.61416479],2,-1,-1,1,-1
36795,[0.78186781 0.60156265],2,-1,-1,1,-1
36796,[0.64308852 0.51792824],3,-1,-1,1,-1
36797,[0.29646885 0.21498241],1,2,"[0.294379027732062, 0.1921773781634303]",0,0
36798,[0.36869257 0.5321414 ],0,1,"[0.37965276877051146, 0.575157747726818]",1,-1
36799,[0.28602053 0.16673336],1,2,"[0.294379027732062, 0.1921773781634303]",0,0
36800,[0.41136977 0.56867397],0,1,"[0.37965276877051146, 0.575157747726818]",1,2
36801,[0.2923602  0.21977637],1,2,"[0.294379027732062, 0.1921773781634303]",0,0
36802,[0.66407875 0.63974252],3,3,"[0.6601234827680622, 0.6109507568947781]",1,-1
36803,[0.42799421 0.54261966],0,1,"[0.37965276877051146, 0.575157747726818]",1,-1
36804,[0.44309381 0.53961609],0,-1,-1,1,-1
36805,[0.58439879 0.69595874],3,-1,-1,1,-1
36806,[0.31744774 0.52636781],0,-1,-1,1,-1
36807,[0.39220968 0.69231205],0,-1,-1,1,-1
36808,[0.27481389 0.15225238],1,2,"[0.294379027732062, 0.1921773781634303]",0,0
36809,[0.30338979 0.20537672],1,2,"[0.294379027732062, 0.1921773781634303]",0,0
36810,[0.85243397 0.64803701],2,-1,-1,1,-1
36811,[0.74061507 0.66121473],2,0,"[0.7890750777399501, 0.6799557517006445]",1,-1
36812,[0.65373617 0.68192155],3,-1,-1,1,-1
36813,[0.77718533 0.67659804],2,0,"[0.7890750777399501, 0.6799557517006445]",1,-1
36814,[0.34366837 0.59766204],0,1,"[0.37965276877051146, 0.575157747726818]",1,-1
36815,[0.38354774 0.58934992],0,1,"[0.37965276877051146, 0.575157747726818]",1,-1
36816,[0.3573777  0.56830558],0,1,"[0.37965276877051146, 0.575157747726818]",1,-1
36817,[0.43026679 0.52674606],0,-1,-1,1,-1
36818,[0.2677212  0.20476603],1,2,"[0.294379027732062, 0.1921773781634303]",0,0
36819,[0.32504316 0.52916828],0,-1,-1,1,-1
36820,[0.82096493 0.60087535],2,-1,-1,1,-1
36821,[0.36775374 0.61485696],0,1,"[0.37965276877051146, 0.575157747726818]",1,-1
36822,[0.39987118 0.63107531],0,1,"[0.37965276877051146, 0.575157747726818]",1,-1
36823,[0.88288157 0.67715178],2,-1,-1,1,-1
36824,[0.75915331 0.73252393],2,0,"[0.7890750777399501, 0.6799557517006445]",1,-1
36825,[0.3734412  0.55089926],0,1,"[0.37965276877051146, 0.575157747726818]",1,-1
36826,[0.78315345 0.68039949],2,0,"[0.7890750777399501, 0.6799557517006445]",1,4
36827,[0.8270537  0.63770396],2,0,"[0.7890750777399501, 0.6799557517006445]",1,-1
36828,[0.43325932 0.56171287],0,1,"[0.37965276877051146, 0.575157747726818]",1,-1
36829,[0.63612454 0.50240512],3,-1,-1,1,-1
36830,[0.39462194 0.60663291],0,1,"[0.37965276877051146, 0.575157747726818]",1,-1
36831,[0.69857248 0.58788553],3,3,"[0.6601234827680622, 0.6109507568947781]",1,-1
36832,[0.64212123 0.65401726],3,3,"[0.6601234827680622, 0.6109507568947781]",1,-1
36833,[0.72419735 0.72634521],2,-1,-1,1,-1
36834,[0.81831929 0.68284443],2,0,"[0.7890750777399501, 0.6799557517006445]",1,-1
36835,[0.57793416 0.6638231 ],3,-1,-1,1,-1
36836,[0.31004872 0.24318272],1,2,"[0.294379027732062, 0.1921773781634303]",0,0
36837,[0.28963139 0.32135762],1,-1,-1,0,0
36838,[0.71937801 0.74577853],2,-1,-1,1,-1
36839,[0.38834883 0.6198517 ],0,1,"[0.37965276877051146, 0.575157747726818]",1,-1
36840,[0.38530615 0.62855494],0,1,"[0.37965276877051146, 0.575157747726818]",1,-1
36841,[0.65542717 0.59514842],3,3,"[0.6601234827680622, 0.6109507568947781]",1,6
36842,[0.32180538 0.56760234],0,1,"[0.37965276877051146, 0.575157747726818]",1,-1
36843,[0.80781446 0.68732608],2,0,"[0.7890750777399501, 0.6799557517006445]",1,-1
36844,[0.30409324 0.21816468],1,2,"[0.294379027732062, 0.1921773781634303]",0,0
36845,[0.76300827 0.60091592],2,-1,-1,1,-1
36846,[0.25977541 0.22396772],1,2,"[0.294379027732062, 0.1921773781634303]",0,0
36847,[0.80334738 0.61253123],2,0,"[0.7890750777399501, 0.6799557517006445]",1,-1
36848,[0.43710106 0.5995733 ],0,1,"[0.37965276877051146, 0.575157747726818]",1,-1
36849,[0.77512001 0.63641012],3,0,"[0.7890750777399501, 0.6799557517006445]",1,-1
36850,[0.33733202 0.162766  ],1,2,"[0.294379027732062, 0.1921773781634303]",0,0
36851,[0.42141264 0.65259031],0,-1,-1,1,-1
36852,[0.36055515 0.57185508],0,1,"[0.37965276877051146, 0.575157747726818]",1,-1
36853,[0.24155095 0.21955916],1,2,"[0.294379027732062, 0.1921773781634303]",0,0
36854,[0.79858349 0.58510108],2,-1,-1,1,-1
36855,[0.41340086 0.56491269],0,1,"[0.37965276877051146, 0.575157747726818]",1,-1
36856,[0.76091636 0.65317173],2,0,"[0.7890750777399501, 0.6799557517006445]",1,-1
36857,[0.37401197 0.17531824],1,-1,-1,0,0
36858,[0.82996214 0.69105615],2,0,"[0.7890750777399501, 0.6799557517006445]",1,-1
36859,[0.27368623 0.20680729],1,2,"[0.294379027732062, 0.1921773781634303]",0,0
36860,[0.80515013 0.66830614],2,0,"[0.7890750777399501, 0.6799557517006445]",1,-1
36861,[0.23388924 0.2492553 ],1,-1,-1,0,0
36862,[0.81476828 0.82095013],2,-1,-1,1,-1
36863,[0.3994531  0.14991387],1,-1,-1,0,0
36864,[0.28846607 0.17770931],1,2,"[0.294379027732062, 0.1921773781634303]",0,0
36865,[0.25388396 0.61416478],0,-1,-1,1,-1
36866,[0.75808201 0.62781535],2,0,"[0.7890750777399501, 0.6799557517006445]",1,-1
36867,[0.39159436 0.55666448],0,1,"[0.37965276877051146, 0.575157747726818]",1,-1
36868,[0.70819051 0.62960661],3,3,"[0.6601234827680622, 0.6109507568947781]",1,-1
36869,[0.2735078 0.185707 ],1,2,"[0.294379027732062, 0.1921773781634303]",0,0
36870,[0.35400461 0.19071922],1,2,"[0.294379027732062, 0.1921773781634303]",0,0
36871,[0.35718011 0.23633261],1,-1,-1,0,0
36872,[0.32594768 0.18830796],1,2,"[0.294379027732062, 0.1921773781634303]",0,0
36873,[0.48665519 0.54297559],0,-1,-1,1,-1
36874,[0.40106769 0.59141417],0,1,"[0.37965276877051146, 0.575157747726818]",1,-1
36875,[0.3609472  0.59520299],0,1,"[0.37965276877051146, 0.575157747726818]",1,-1
36876,[0.38608317 0.48785192],0,-1,-1,1,-1
36877,[0.6428656  0.64539459],3,3,"[0.6601234827680622, 0.6109507568947781]",1,-1
36878,[0.71490978 0.51916284],3,-1,-1,1,-1
36879,[0.81226693 0.62330032],2,0,"[0.7890750777399501, 0.6799557517006445]",1,-1
36880,[0.36800886 0.55847073],0,1,"[0.37965276877051146, 0.575157747726818]",1,1
36881,[0.27955273 0.20950998],1,2,"[0.294379027732062, 0.1921773781634303]",0,0
36882,[0.80751447 0.60446637],2,-1,-1,1,-1
36883,[0.78270524 0.74030875],2,0,"[0.7890750777399501, 0.6799557517006445]",1,-1
36884,[0.74445367 0.67551513],2,0,"[0.7890750777399501, 0.6799557517006445]",1,-1
36885,[0.33321336 0.24699696],1,2,"[0.294379027732062, 0.1921773781634303]",0,0
36886,[0.64529732 0.65685656],3,3,"[0.6601234827680622, 0.6109507568947781]",1,-1
36887,[0.39097252 0.24900909],1,-1,-1,0,0
36888,[0.2385592  0.20434526],1,2,"[0.294379027732062, 0.1921773781634303]",0,0
36889,[0.42541169 0.50510951],0,-1,-1,1,-1
36890,[0.40320401 0.52761158],0,1,"[0.37965276877051146, 0.575157747726818]",1,-1
36891,[0.39012607 0.26291641],1,-1,-1,0,0
36892,[0.62128252 0.63176665],3,3,"[0.6601234827680622, 0.6109507568947781]",1,-1
36893,[0.68887214 0.57634092],3,3,"[0.6601234827680622, 0.6109507568947781]",1,-1
36894,[0.80955001 0.70350025],2,0,"[0.7890750777399501, 0.6799557517006445]",1,-1
36895,[0.64251375 0.60554663],3,3,"[0.6601234827680622, 0.6109507568947781]",1,-1
36896,[0.75634138 0.63267069],2,0,"[0.7890750777399501, 0.6799557517006445]",1,-1
36897,[0.3329029  0.15552864],1,2,"[0.294379027732062, 0.1921773781634303]",0,0
36898,[0.94975635 0.69274893],2,-1,-1,1,-1
36899,[0.74358878 0.6042003 ],3,-1,-1,1,-1
36900,[0.63606857 0.56980578],3,3,"[0.6601234827680622, 0.6109507568947781]",1,-1
36901,[0.8274605  0.71741045],2,0,"[0.7890750777399501, 0.6799557517006445]",1,-1
36902,[0.41315402 0.54918382],0,1,"[0.37965276877051146, 0.575157747726818]",1,-1
36903,[0.65756156 0.63296578],3,3,"[0.6601234827680622, 0.6109507568947781]",1,-1
36904,[0.69131248 0.60504168],3,3,"[0.6601234827680622, 0.6109507568947781]",1,-1
36905,[0.78414374 0.68123546],2,0,"[0.7890750777399501, 0.6799557517006445]",1,4
36906,[0.78847501 0.70268069],2,0,"[0.7890750777399501, 0.6799557517006445]",1,-1
36907,[0.42424167 0.56808105],0,1,"[0.37965276877051146, 0.575157747726818]",1,-1
36908,[0.26450604 0.14836694],1,2,"[0.294379027732062, 0.1921773781634303]",0,0
36909,[0.88545784 0.6956773 ],2,-1,-1,1,-1
36910,[0.37975859 0.22583588],1,-1,-1,0,0
36911,[0.59699004 0.64667603],3,-1,-1,1,-1
36912,[0.44050362 0.59603967],0,1,"[0.37965276877051146, 0.575157747726818]",1,-1
36913,[0.34044845 0.53402658],0,1,"[0.37965276877051146, 0.575157747726818]",1,-1
36914,[0.43431329 0.58783646],0,1,"[0.37965276877051146, 0.575157747726818]",1,-1
36915,[0.30449085 0.23661399],1,2,"[0.294379027732062, 0.1921773781634303]",0,0
36916,[0.68307315 0.66267757],3,3,"[0.6601234827680622, 0.6109507568947781]",1,-1
36917,[0.68055965 0.56941583],3,3,"[0.6601234827680622, 0.6109507568947781]",1,-1
36918,[0.8809249 0.6916291],2,-1,-1,1,-1
36919,[0.40367704 0.6392317 ],0,1,"[0.37965276877051146, 0.575157747726818]",1,-1
36920,[0.3076963  0.18910218],1,2,"[0.294379027732062, 0.1921773781634303]",0,0
36921,[0.39480371 0.62158119],0,1,"[0.37965276877051146, 0.575157747726818]",1,-1
36922,[0.85192546 0.69317826],2,0,"[0.7890750777399501, 0.6799557517006445]",1,-1
36923,[0.82684331 0.68991831],2,0,"[0.7890750777399501, 0.6799557517006445]",1,-1
36924,[0.30098476 0.18430954],1,2,"[0.294379027732062, 0.1921773781634303]",0,0
36925,[0.31362023 0.18563381],1,2,"[0.294379027732062, 0.1921773781634303]",0,0
36926,[0.70835884 0.60576562],3,3,"[0.6601234827680622, 0.6109507568947781]",1,-1
36927,[0.26959202 0.19398955],1,2,"[0.294379027732062, 0.1921773781634303]",0,0
36928,[0.34443928 0.59813038],0,1,"[0.37965276877051146, 0.575157747726818]",1,-1
36929,[0.64311507 0.51759856],3,-1,-1,1,-1
36930,[0.60073855 0.70622491],3,-1,-1,1,-1
36931,[0.70801962 0.63954054],3,3,"[0.6601234827680622, 0.6109507568947781]",1,-1
36932,[0.65494933 0.59673456],3,3,"[0.6601234827680622, 0.6109507568947781]",1,-1
36933,[0.73714224 0.68146553],2,0,"[0.7890750777399501, 0.6799557517006445]",1,-1
36934,[0.79855363 0.71664512],2,0,"[0.7890750777399501, 0.6799557517006445]",1,-1
36935,[0.81189233 0.70915188],2,0,"[0.7890750777399501, 0.6799557517006445]",1,-1
36936,[0.32230738 0.26936737],1,-1,-1,0,0
36937,[0.74515453 0.64258693],2,0,"[0.7890750777399501, 0.6799557517006445]",1,-1
36938,[0.3059945  0.24911681],1,2,"[0.294379027732062, 0.1921773781634303]",0,0
36939,[0.31496616 0.5477326 ],0,-1,-1,1,-1
36940,[0.30779643 0.092529  ],1,-1,-1,0,0
36941,[0.72553436 0.48157018],3,-1,-1,1,-1
36942,[0.30648718 0.1842619 ],1,2,"[0.294379027732062, 0.1921773781634303]",0,0
36943,[0.35841977 0.59148473],0,1,"[0.37965276877051146, 0.575157747726818]",1,-1
36944,[0.76526114 0.64209273],2,0,"[0.7890750777399501, 0.6799557517006445]",1,-1
36945,[0.7255203  0.65527121],3,0,"[0.7890750777399501, 0.6799557517006445]",1,-1
36946,[0.68144667 0.60386282],3,3,"[0.6601234827680622, 0.6109507568947781]",1,5
36947,[0.2768182  0.53862849],0,-1,-1,1,-1
36948,[0.66054116 0.6271036 ],3,3,"[0.6601234827680622, 0.6109507568947781]",1,-1
36949,[0.23167487 0.22884135],1,-1,-1,0,0
36950,[0.38632389 0.5676224 ],0,1,"[0.37965276877051146, 0.575157747726818]",1,-1
36951,[0.66983388 0.63291015],3,3,"[0.6601234827680622, 0.6109507568947781]",1,7
36952,[0.68096955 0.6048279 ],3,3,"[0.6601234827680622, 0.6109507568947781]",1,5
36953,[0.29040127 0.15837526],1,2,"[0.294379027732062, 0.1921773781634303]",0,0
36954,[0.29537882 0.16263377],1,2,"[0.294379027732062, 0.1921773781634303]",0,0
36955,[0.70652037 0.59612017],3,3,"[0.6601234827680622, 0.6109507568947781]",1,-1
36956,[0.36487918 0.27278566],1,-1,-1,0,0
36957,[0.77362624 0.60085855],2,-1,-1,1,-1
36958,[0.62354058 0.66003922],3,3,"[0.6601234827680622, 0.6109507568947781]",1,-1
36959,[0.38760172 0.51150932],0,1,"[0.37965276877051146, 0.575157747726818]",1,-1
36960,[0.79633137 0.62977083],3,0,"[0.7890750777399501, 0.6799557517006445]",1,-1
36961,[0.83474944 0.63522662],2,0,"[0.7890750777399501, 0.6799557517006445]",1,-1
36962,[0.42249219 0.46675096],0,-1,-1,1,-1
36963,[0.65698268 0.71006337],3,-1,-1,1,-1
36964,[0.29135385 0.49561227],0,-1,-1,1,-1
36965,[0.68840344 0.56518062],3,3,"[0.6601234827680622, 0.6109507568947781]",1,-1
36966,[0.77552983 0.68666695],2,0,"[0.7890750777399501, 0.6799557517006445]",1,-1
36967,[0.75609452 0.62318015],2,0,"[0.7890750777399501, 0.6799557517006445]",1,-1
36968,[0.64643636 0.62336511],3,3,"[0.6601234827680622, 0.6109507568947781]",1,-1
36969,[0.38040156 0.14048069],1,-1,-1,0,0
36970,[0.31092244 0.11913977],1,-1,-1,0,0
36971,[0.43569406 0.56343761],0,1,"[0.37965276877051146, 0.575157747726818]",1,-1
36972,[0.38487695 0.60122679],0,1,"[0.37965276877051146, 0.575157747726818]",1,-1
36973,[0.2289089 0.2900159],1,-1,-1,0,0
36974,[0.77187963 0.7250754 ],2,0,"[0.7890750777399501, 0.6799557517006445]",1,-1
36975,[0.58609085 0.6411234 ],3,-1,-1,1,-1
36976,[0.45857688 0.56194502],0,-1,-1,1,-1
36977,[0.76894009 0.70522291],2,0,"[0.7890750777399501, 0.6799557517006445]",1,-1
36978,[0.15473243 0.16172579],1,-1,-1,0,0
36979,[0.27113802 0.19127786],1,2,"[0.294379027732062, 0.1921773781634303]",0,0
36980,[0.67709809 0.65292179],3,3,"[0.6601234827680622, 0.6109507568947781]",1,-1
36981,[0.25447887 0.23487686],1,2,"[0.294379027732062, 0.1921773781634303]",0,0
36982,[0.3786282  0.24678447],1,-1,-1,0,0
36983,[0.6248469  0.65024658],3,3,"[0.6601234827680622, 0.6109507568947781]",1,-1
36984,[0.40326928 0.61920095],0,1,"[0.37965276877051146, 0.575157747726818]",1,-1
36985,[0.39040389 0.59540741],0,1,"[0.37965276877051146, 0.575157747726818]",1,-1
36986,[0.38261538 0.5496708 ],0,1,"[0.37965276877051146, 0.575157747726818]",1,-1
36987,[0.62991578 0.52237881],3,-1,-1,1,-1
36988,[0.45155919 0.57871016],0,-1,-1,1,-1
36989,[0.81007687 0.74997539],2,-1,-1,1,-1
36990,[0.38744118 0.59966102],0,1,"[0.37965276877051146, 0.575157747726818]",1,-1
36991,[0.65144741 0.55985238],3,3,"[0.6601234827680622, 0.6109507568947781]",1,-1
36992,[0.35023901 0.52072888],0,1,"[0.37965276877051146, 0.575157747726818]",1,-1
36993,[0.41305467 0.58444996],0,1,"[0.37965276877051146, 0.575157747726818]",1,-1
36994,[0.77436464 0.71228949],2,0,"[0.7890750777399501, 0.6799557517006445]",1,-1
36995,[0.58850791 0.59500602],3,-1,-1,1,-1
36996,[0.6132605  0.55470676],3,-1,-1,1,-1
36997,[0.71981631 0.71241339],3,-1,-1,1,-1
36998,[0.60534265 0.64391079],3,3,"[0.6601234827680622, 0.6109507568947781]",1,-1
36999,[0.2934299  0.18467077],1,2,"[0.294379027732062, 0.1921773781634303]",0,0
37000,[0.37437036 0.15285587],1,-1,-1,0,0
37001,[0.60121507 0.56661907],3,-1,-1,1,-1
37002,[0.27483243 0.2280084 ],1,2,"[0.294379027732062, 0.1921773781634303]",0,0
37003,[0.74731139 0.76618003],2,-1,-1,1,-1
37004,[0.66009123 0.49593447],3,-1,-1,1,-1
37005,[0.77356032 0.62551645],2,0,"[0.7890750777399501, 0.6799557517006445]",1,-1
37006,[0.4140893  0.61962685],0,1,"[0.37965276877051146, 0.575157747726818]",1,-1
37007,[0.80971899 0.69974223],2,0,"[0.7890750777399501, 0.6799557517006445]",1,-1
37008,[0.40515786 0.55347588],0,1,"[0.37965276877051146, 0.575157747726818]",1,-1
37009,[0.38846478 0.5900542 ],0,1,"[0.37965276877051146, 0.575157747726818]",1,-1
37010,[0.41903979 0.54675617],0,1,"[0.37965276877051146, 0.575157747726818]",1,-1
37011,[0.77985804 0.63871198],2,0,"[0.7890750777399501, 0.6799557517006445]",1,-1
37012,[0.31557289 0.53875148],0,-1,-1,1,-1
37013,[0.27705389 0.24458616],1,2,"[0.294379027732062, 0.1921773781634303]",0,0
37014,[0.62784832 0.62258033],3,3,"[0.6601234827680622, 0.6109507568947781]",1,-1
37015,[0.72618859 0.71546072],2,-1,-1,1,-1
37016,[0.40200456 0.61567868],0,1,"[0.37965276877051146, 0.575157747726818]",1,-1
37017,[0.66097399 0.5265802 ],3,-1,-1,1,-1
37018,[0.67729397 0.61083999],2,3,"[0.6601234827680622, 0.6109507568947781]",1,-1
37019,[0.68777722 0.59048117],3,3,"[0.6601234827680622, 0.6109507568947781]",1,-1
37020,[0.31535856 0.26874559],1,-1,-1,0,0
37021,[0.67105144 0.59696538],3,3,"[0.6601234827680622, 0.6109507568947781]",1,-1
37022,[0.38491425 0.57082735],0,1,"[0.37965276877051146, 0.575157747726818]",1,-1
37023,[0.79804085 0.7241945 ],2,0,"[0.7890750777399501, 0.6799557517006445]",1,-1
37024,[0.75045474 0.7298793 ],2,0,"[0.7890750777399501, 0.6799557517006445]",1,-1
37025,[0.30148485 0.10258213],1,-1,-1,0,0
37026,[0.80550626 0.67771137],2,0,"[0.7890750777399501, 0.6799557517006445]",1,-1
37027,[0.36931215 0.60343937],0,1,"[0.37965276877051146, 0.575157747726818]",1,-1
37028,[0.78037299 0.65417128],2,0,"[0.7890750777399501, 0.6799557517006445]",1,-1
37029,[0.40018637 0.20070821],1,-1,-1,0,0
37030,[0.16595851 0.18477009],1,-1,-1,0,0
37031,[0.34341071 0.60298353],0,1,"[0.37965276877051146, 0.575157747726818]",1,-1
37032,[0.26367642 0.18256523],1,2,"[0.294379027732062, 0.1921773781634303]",0,0
37033,[0.61594091 0.55611119],3,-1,-1,1,-1
37034,[0.36746004 0.59308992],0,1,"[0.37965276877051146, 0.575157747726818]",1,-1
37035,[0.88749377 0.7167131 ],2,-1,-1,1,-1
37036,[0.36006645 0.22239366],1,-1,-1,0,0
37037,[0.88851594 0.75681211],2,-1,-1,1,-1
37038,[0.70271422 0.70687921],3,-1,-1,1,-1
37039,[0.30885175 0.64580675],0,-1,-1,1,-1
37040,[0.30962543 0.57408991],0,-1,-1,1,-1
37041,[0.30021469 0.25965572],1,2,"[0.294379027732062, 0.1921773781634303]",0,0
37042,[0.7930955  0.72040065],2,0,"[0.7890750777399501, 0.6799557517006445]",1,-1
37043,[0.44035005 0.60044953],0,1,"[0.37965276877051146, 0.575157747726818]",1,-1
37044,[0.79527959 0.59386223],2,-1,-1,1,-1
37045,[0.37685553 0.6442338 ],0,1,"[0.37965276877051146, 0.575157747726818]",1,-1
37046,[0.76990326 0.70343638],2,0,"[0.7890750777399501, 0.6799557517006445]",1,-1
37047,[0.2732894  0.11098215],1,-1,-1,0,0
37048,[0.74631311 0.63530379],2,0,"[0.7890750777399501, 0.6799557517006445]",1,-1
37049,[0.58415233 0.64372735],3,-1,-1,1,-1
37050,[0.30594746 0.53922287],0,-1,-1,1,-1
37051,[0.63481749 0.58107397],3,3,"[0.6601234827680622, 0.6109507568947781]",1,-1
37052,[0.25827255 0.29355482],1,-1,-1,0,0
37053,[0.36107462 0.19434331],1,2,"[0.294379027732062, 0.1921773781634303]",0,0
37054,[0.38880165 0.13452282],1,-1,-1,0,0
37055,[0.30200187 0.14040389],1,2,"[0.294379027732062, 0.1921773781634303]",0,0
37056,[0.24683027 0.2000996 ],1,2,"[0.294379027732062, 0.1921773781634303]",0,0
37057,[0.35738962 0.18573983],1,2,"[0.294379027732062, 0.1921773781634303]",0,0
37058,[0.71149682 0.62851706],2,3,"[0.6601234827680622, 0.6109507568947781]",1,-1
37059,[0.24877037 0.23538713],1,2,"[0.294379027732062, 0.1921773781634303]",0,0
37060,[0.48236419 0.54698415],0,-1,-1,1,-1
37061,[0.34834117 0.60895714],0,1,"[0.37965276877051146, 0.575157747726818]",1,-1
37062,[0.32662789 0.17304178],1,2,"[0.294379027732062, 0.1921773781634303]",0,0
37063,[0.75484464 0.65572979],2,0,"[0.7890750777399501, 0.6799557517006445]",1,-1
37064,[0.39671088 0.56586099],0,1,"[0.37965276877051146, 0.575157747726818]",1,2
37065,[0.7781562  0.68462066],2,0,"[0.7890750777399501, 0.6799557517006445]",1,4
37066,[0.38706995 0.57257686],0,1,"[0.37965276877051146, 0.575157747726818]",1,2
37067,[0.71701329 0.57686045],3,3,"[0.6601234827680622, 0.6109507568947781]",1,-1
37068,[0.22471179 0.23901036],1,-1,-1,0,0
37069,[0.79036791 0.61444074],2,0,"[0.7890750777399501, 0.6799557517006445]",1,-1
37070,[0.27643916 0.26726855],1,-1,-1,0,0
37071,[0.30761396 0.21211465],1,2,"[0.294379027732062, 0.1921773781634303]",0,0
37072,[0.80112383 0.70919671],2,0,"[0.7890750777399501, 0.6799557517006445]",1,-1
37073,[0.70473273 0.59548548],3,3,"[0.6601234827680622, 0.6109507568947781]",1,-1
37074,[0.37194394 0.51481034],0,1,"[0.37965276877051146, 0.575157747726818]",1,-1
37075,[0.4322695  0.55069172],0,1,"[0.37965276877051146, 0.575157747726818]",1,-1
37076,[0.83574406 0.71032722],2,0,"[0.7890750777399501, 0.6799557517006445]",1,-1
37077,[0.3053337  0.18738907],1,2,"[0.294379027732062, 0.1921773781634303]",0,0
37078,[0.83642817 0.69814357],2,0,"[0.7890750777399501, 0.6799557517006445]",1,-1
37079,[0.6563858  0.64063395],3,3,"[0.6601234827680622, 0.6109507568947781]",1,-1
37080,[0.88612606 0.66102132],2,-1,-1,1,-1
37081,[0.72164199 0.65469475],3,-1,-1,1,-1
37082,[0.2509296  0.24084175],1,2,"[0.294379027732062, 0.1921773781634303]",0,0
37083,[0.6602505  0.70706693],3,-1,-1,1,-1
37084,[0.69747846 0.5777848 ],3,3,"[0.6601234827680622, 0.6109507568947781]",1,-1
37085,[0.20802634 0.12345862],1,-1,-1,0,0
37086,[0.65225119 0.62431928],3,3,"[0.6601234827680622, 0.6109507568947781]",1,-1
37087,[0.68748286 0.62191495],3,3,"[0.6601234827680622, 0.6109507568947781]",1,7
37088,[0.69301831 0.65582011],3,3,"[0.6601234827680622, 0.6109507568947781]",1,-1
37089,[0.16210446 0.24289133],1,-1,-1,0,0
37090,[0.64624617 0.60435544],3,3,"[0.6601234827680622, 0.6109507568947781]",1,-1
37091,[0.81784493 0.74572474],2,-1,-1,1,-1
37092,[0.21772757 0.1336079 ],1,-1,-1,0,0
37093,[0.70108595 0.59962227],3,3,"[0.6601234827680622, 0.6109507568947781]",1,-1
37094,[0.55798257 0.65580557],3,-1,-1,1,-1
37095,[0.72188094 0.64482205],2,-1,-1,1,-1
37096,[0.77644183 0.70482166],2,0,"[0.7890750777399501, 0.6799557517006445]",1,-1
37097,[0.84628302 0.67773941],2,0,"[0.7890750777399501, 0.6799557517006445]",1,-1
37098,[0.366896   0.57689781],0,1,"[0.37965276877051146, 0.575157747726818]",1,1
37099,[0.30710305 0.15842991],1,2,"[0.294379027732062, 0.1921773781634303]",0,0
37100,[0.36267182 0.60513116],0,1,"[0.37965276877051146, 0.575157747726818]",1,-1
37101,[0.66821102 0.63387669],3,3,"[0.6601234827680622, 0.6109507568947781]",1,7
37102,[0.78687682 0.6584086 ],2,0,"[0.7890750777399501, 0.6799557517006445]",1,-1
37103,[0.37035472 0.21078701],1,-1,-1,0,0
37104,[0.30787813 0.60821996],0,-1,-1,1,-1
37105,[0.29740219 0.09231885],1,-1,-1,0,0
37106,[0.84573799 0.71024861],2,0,"[0.7890750777399501, 0.6799557517006445]",1,-1
37107,[0.28731199 0.51394349],0,-1,-1,1,-1
37108,[0.28667701 0.17143471],1,2,"[0.294379027732062, 0.1921773781634303]",0,0
37109,[0.83999592 0.72179269],2,0,"[0.7890750777399501, 0.6799557517006445]",1,-1
37110,[0.35811614 0.63952717],0,1,"[0.37965276877051146, 0.575157747726818]",1,-1
37111,[0.75821979 0.66192394],2,0,"[0.7890750777399501, 0.6799557517006445]",1,-1
37112,[0.27007384 0.27462252],1,-1,-1,0,0
37113,[0.77599582 0.69036784],2,0,"[0.7890750777399501, 0.6799557517006445]",1,-1
37114,[0.78615357 0.73531131],2,0,"[0.7890750777399501, 0.6799557517006445]",1,-1
37115,[0.66049325 0.59735957],3,3,"[0.6601234827680622, 0.6109507568947781]",1,6
37116,[0.64701595 0.52299683],3,-1,-1,1,-1
37117,[0.39144441 0.62641664],0,1,"[0.37965276877051146, 0.575157747726818]",1,-1
37118,[0.6240617 0.6125505],3,3,"[0.6601234827680622, 0.6109507568947781]",1,-1
37119,[0.45300806 0.55331677],0,-1,-1,1,-1
37120,[0.30991712 0.54548706],0,-1,-1,1,-1
37121,[0.41015515 0.60279026],0,1,"[0.37965276877051146, 0.575157747726818]",1,-1
37122,[0.34578846 0.58615484],0,1,"[0.37965276877051146, 0.575157747726818]",1,-1
37123,[0.72902533 0.68599247],2,0,"[0.7890750777399501, 0.6799557517006445]",1,-1
37124,[0.41817535 0.57790835],0,1,"[0.37965276877051146, 0.575157747726818]",1,-1
37125,[0.76451153 0.70136132],2,0,"[0.7890750777399501, 0.6799557517006445]",1,-1
37126,[0.66203876 0.67652211],3,3,"[0.6601234827680622, 0.6109507568947781]",1,-1
37127,[0.37719549 0.12308615],1,-1,-1,0,0
37128,[0.35591091 0.55370894],0,1,"[0.37965276877051146, 0.575157747726818]",1,-1
37129,[0.32717147 0.18558737],1,2,"[0.294379027732062, 0.1921773781634303]",0,0
37130,[0.66634199 0.59817821],3,3,"[0.6601234827680622, 0.6109507568947781]",1,-1
37131,[0.66461467 0.54958672],3,3,"[0.6601234827680622, 0.6109507568947781]",1,-1
37132,[0.77165319 0.72434537],2,0,"[0.7890750777399501, 0.6799557517006445]",1,-1
37133,[0.46096848 0.59821615],0,-1,-1,1,-1
37134,[0.81867714 0.66913046],2,0,"[0.7890750777399501, 0.6799557517006445]",1,-1
37135,[0.82614231 0.71335445],2,0,"[0.7890750777399501, 0.6799557517006445]",1,-1
37136,[0.67268903 0.55956978],3,3,"[0.6601234827680622, 0.6109507568947781]",1,-1
37137,[0.26658094 0.13000184],1,2,"[0.294379027732062, 0.1921773781634303]",0,0
37138,[0.6279337  0.63685388],3,3,"[0.6601234827680622, 0.6109507568947781]",1,-1
37139,[0.39804523 0.64368408],0,-1,-1,1,-1
37140,[0.44653968 0.54808941],0,-1,-1,1,-1
37141,[0.61212339 0.60447204],3,3,"[0.6601234827680622, 0.6109507568947781]",1,-1
37142,[0.41686058 0.60378636],0,1,"[0.37965276877051146, 0.575157747726818]",1,-1
37143,[0.76806181 0.69279009],2,0,"[0.7890750777399501, 0.6799557517006445]",1,-1
37144,[0.87891359 0.62577349],2,-1,-1,1,-1
37145,[0.36100287 0.5778527 ],0,1,"[0.37965276877051146, 0.575157747726818]",1,-1
37146,[0.35320124 0.56560156],0,1,"[0.37965276877051146, 0.575157747726818]",1,-1
37147,[0.57935969 0.5393405 ],3,-1,-1,1,-1
37148,[0.27025366 0.10542635],1,-1,-1,0,0
37149,[0.79070953 0.64271647],2,0,"[0.7890750777399501, 0.6799557517006445]",1,-1
37150,[0.69570259 0.67937036],3,-1,-1,1,-1
37151,[0.66051429 0.66147787],3,3,"[0.6601234827680622, 0.6109507568947781]",1,-1
37152,[0.83399053 0.6729195 ],2,0,"[0.7890750777399501, 0.6799557517006445]",1,-1
37153,[0.78285649 0.65957725],2,0,"[0.7890750777399501, 0.6799557517006445]",1,-1
37154,[0.8651779  0.69548303],2,-1,-1,1,-1
37155,[0.40397884 0.5009877 ],0,-1,-1,1,-1
37156,[0.3019334 0.2314937],1,2,"[0.294379027732062, 0.1921773781634303]",0,0
37157,[0.35406258 0.6078366 ],0,1,"[0.37965276877051146, 0.575157747726818]",1,-1
37158,[0.24746765 0.17723835],1,2,"[0.294379027732062, 0.1921773781634303]",0,0
37159,[0.58760113 0.51565949],3,-1,-1,1,-1
37160,[0.70777293 0.65435832],2,3,"[0.6601234827680622, 0.6109507568947781]",1,-1
37161,[0.277263   0.54839714],0,-1,-1,1,-1
37162,[0.31333174 0.27768359],1,-1,-1,0,0
37163,[0.81465197 0.77099827],2,-1,-1,1,-1
37164,[0.67120473 0.61082925],3,3,"[0.6601234827680622, 0.6109507568947781]",1,-1
37165,[0.34394051 0.23429393],1,2,"[0.294379027732062, 0.1921773781634303]",0,0
37166,[0.59282108 0.58194727],3,-1,-1,1,-1
37167,[0.74769838 0.52136297],2,-1,-1,1,-1
37168,[0.45734571 0.67872087],0,-1,-1,1,-1
37169,[0.33116066 0.56071051],0,1,"[0.37965276877051146, 0.575157747726818]",1,-1
37170,[0.59252636 0.54809189],3,-1,-1,1,-1
37171,[0.26967212 0.13396154],1,2,"[0.294379027732062, 0.1921773781634303]",0,0
37172,[0.71490012 0.66089702],3,-1,-1,1,-1
37173,[0.32275986 0.61202325],0,1,"[0.37965276877051146, 0.575157747726818]",1,-1
37174,[0.40711082 0.61803895],0,1,"[0.37965276877051146, 0.575157747726818]",1,-1
37175,[0.24545717 0.20845036],1,2,"[0.294379027732062, 0.1921773781634303]",0,0
37176,[0.77370434 0.61928912],2,0,"[0.7890750777399501, 0.6799557517006445]",1,-1
37177,[0.24688008 0.17123993],1,2,"[0.294379027732062, 0.1921773781634303]",0,0
37178,[0.72879651 0.68717066],2,0,"[0.7890750777399501, 0.6799557517006445]",1,-1
37179,[0.78192314 0.70319419],2,0,"[0.7890750777399501, 0.6799557517006445]",1,-1
37180,[0.65527297 0.57662536],3,3,"[0.6601234827680622, 0.6109507568947781]",1,-1
37181,[0.80261527 0.78660022],2,-1,-1,1,-1
37182,[0.33625386 0.50159541],0,-1,-1,1,-1
37183,[0.46551374 0.59372124],0,-1,-1,1,-1
37184,[0.37909755 0.20775255],1,-1,-1,0,0
37185,[0.30783903 0.20152519],1,2,"[0.294379027732062, 0.1921773781634303]",0,0
37186,[0.77752346 0.63564173],3,0,"[0.7890750777399501, 0.6799557517006445]",1,-1
37187,[0.88275158 0.74597239],2,-1,-1,1,-1
37188,[0.69316782 0.6389028 ],3,3,"[0.6601234827680622, 0.6109507568947781]",1,-1
37189,[0.39358252 0.62463394],0,1,"[0.37965276877051146, 0.575157747726818]",1,-1
37190,[0.228688   0.19694641],1,2,"[0.294379027732062, 0.1921773781634303]",0,0
37191,[0.64159307 0.6498759 ],3,3,"[0.6601234827680622, 0.6109507568947781]",1,-1
37192,[0.42146578 0.48917989],0,-1,-1,1,-1
37193,[0.83808224 0.58404604],2,-1,-1,1,-1
37194,[0.74398727 0.55435303],3,-1,-1,1,-1
37195,[0.79883752 0.69184471],2,0,"[0.7890750777399501, 0.6799557517006445]",1,-1
37196,[0.46259544 0.49466866],0,-1,-1,1,-1
37197,[0.32428274 0.55969037],0,1,"[0.37965276877051146, 0.575157747726818]",1,-1
37198,[0.31187853 0.1259033 ],1,2,"[0.294379027732062, 0.1921773781634303]",0,0
37199,[0.38204695 0.59270371],0,1,"[0.37965276877051146, 0.575157747726818]",1,-1
37200,[0.2831933  0.18340617],1,2,"[0.294379027732062, 0.1921773781634303]",0,0
37201,[0.2730305 0.222004 ],1,2,"[0.294379027732062, 0.1921773781634303]",0,0
37202,[0.40730177 0.5704747 ],0,1,"[0.37965276877051146, 0.575157747726818]",1,2
37203,[0.64744075 0.65125483],3,3,"[0.6601234827680622, 0.6109507568947781]",1,-1
37204,[0.33360344 0.69603893],0,-1,-1,1,-1
37205,[0.71315051 0.71584972],2,-1,-1,1,-1
37206,[0.35325005 0.29561836],1,-1,-1,0,0
37207,[0.25958032 0.23789062],1,2,"[0.294379027732062, 0.1921773781634303]",0,0
37208,[0.63009531 0.67772656],3,-1,-1,1,-1
37209,[0.82261361 0.6385664 ],2,0,"[0.7890750777399501, 0.6799557517006445]",1,-1
37210,[0.61957912 0.57146313],3,3,"[0.6601234827680622, 0.6109507568947781]",1,-1
37211,[0.80179137 0.70881026],2,0,"[0.7890750777399501, 0.6799557517006445]",1,-1
37212,[0.79759076 0.56259336],2,-1,-1,1,-1
37213,[0.24291843 0.17440975],1,2,"[0.294379027732062, 0.1921773781634303]",0,0
37214,[0.42859889 0.52444889],0,-1,-1,1,-1
37215,[0.73876563 0.66822156],2,0,"[0.7890750777399501, 0.6799557517006445]",1,-1
37216,[0.18128073 0.17850725],1,-1,-1,0,0
37217,[0.73613944 0.74970256],2,-1,-1,1,-1
37218,[0.7487922 0.6453942],2,0,"[0.7890750777399501, 0.6799557517006445]",1,-1
37219,[0.72406224 0.68116573],2,0,"[0.7890750777399501, 0.6799557517006445]",1,-1
37220,[0.7912509  0.55882689],2,-1,-1,1,-1
37221,[0.7118295  0.65080326],3,3,"[0.6601234827680622, 0.6109507568947781]",1,-1
37222,[0.71068958 0.69667554],2,-1,-1,1,-1
37223,[0.43632359 0.55278361],0,1,"[0.37965276877051146, 0.575157747726818]",1,-1
37224,[0.62140079 0.61605473],3,3,"[0.6601234827680622, 0.6109507568947781]",1,-1
37225,[0.80171808 0.70313456],2,0,"[0.7890750777399501, 0.6799557517006445]",1,-1
37226,[0.82670899 0.69080103],2,0,"[0.7890750777399501, 0.6799557517006445]",1,-1
37227,[0.33184431 0.27483626],1,-1,-1,0,0
37228,[0.27088649 0.21825538],1,2,"[0.294379027732062, 0.1921773781634303]",0,0
37229,[0.63738575 0.66027621],3,3,"[0.6601234827680622, 0.6109507568947781]",1,-1
37230,[0.3740625 0.5937149],0,1,"[0.37965276877051146, 0.575157747726818]",1,-1
37231,[0.37410051 0.14166097],1,-1,-1,0,0
37232,[0.69554753 0.66679921],3,3,"[0.6601234827680622, 0.6109507568947781]",1,-1
37233,[0.2585675  0.21768987],1,2,"[0.294379027732062, 0.1921773781634303]",0,0
37234,[0.86732627 0.66362562],2,-1,-1,1,-1
37235,[0.7122272  0.66867215],3,-1,-1,1,-1
37236,[0.22939311 0.26052063],1,-1,-1,0,0
37237,[0.28613793 0.17686151],1,2,"[0.294379027732062, 0.1921773781634303]",0,0
37238,[0.30395899 0.1913401 ],1,2,"[0.294379027732062, 0.1921773781634303]",0,0
37239,[0.31148761 0.17100982],1,2,"[0.294379027732062, 0.1921773781634303]",0,0
37240,[0.79349458 0.67821288],2,0,"[0.7890750777399501, 0.6799557517006445]",1,4
37241,[0.8498714  0.66385319],2,0,"[0.7890750777399501, 0.6799557517006445]",1,-1
37242,[0.76122185 0.65299068],2,0,"[0.7890750777399501, 0.6799557517006445]",1,-1
37243,[0.3781542  0.53982898],0,1,"[0.37965276877051146, 0.575157747726818]",1,-1
37244,[0.74599456 0.72948989],2,0,"[0.7890750777399501, 0.6799557517006445]",1,-1
37245,[0.40238047 0.60301428],0,1,"[0.37965276877051146, 0.575157747726818]",1,-1
37246,[0.35573743 0.26136356],1,-1,-1,0,0
37247,[0.37024697 0.62428904],0,1,"[0.37965276877051146, 0.575157747726818]",1,-1
37248,[0.79533003 0.64952832],2,0,"[0.7890750777399501, 0.6799557517006445]",1,-1
37249,[0.61859151 0.60160586],3,3,"[0.6601234827680622, 0.6109507568947781]",1,-1
37250,[0.36352213 0.54812085],0,1,"[0.37965276877051146, 0.575157747726818]",1,-1
37251,[0.22648049 0.14270463],1,-1,-1,0,0
37252,[0.6604677  0.56135542],3,3,"[0.6601234827680622, 0.6109507568947781]",1,-1
37253,[0.74900734 0.64886246],2,0,"[0.7890750777399501, 0.6799557517006445]",1,-1
37254,[0.26936272 0.18606279],1,2,"[0.294379027732062, 0.1921773781634303]",0,0
37255,[0.86386067 0.69536302],2,-1,-1,1,-1
37256,[0.61963621 0.6591565 ],3,3,"[0.6601234827680622, 0.6109507568947781]",1,-1
37257,[0.22139048 0.11033928],1,-1,-1,0,0
37258,[0.30061881 0.262199  ],1,-1,-1,0,0
37259,[0.36531054 0.6599455 ],0,-1,-1,1,-1
37260,[0.25675295 0.22834934],1,2,"[0.294379027732062, 0.1921773781634303]",0,0
37261,[0.70328319 0.71303292],2,-1,-1,1,-1
37262,[0.65316714 0.57944745],3,3,"[0.6601234827680622, 0.6109507568947781]",1,-1
37263,[0.75457659 0.64641969],2,0,"[0.7890750777399501, 0.6799557517006445]",1,-1
37264,[0.79514329 0.63675738],2,0,"[0.7890750777399501, 0.6799557517006445]",1,-1
37265,[0.79696969 0.76550493],2,-1,-1,1,-1
37266,[0.71585189 0.62003826],3,3,"[0.6601234827680622, 0.6109507568947781]",1,-1
37267,[0.28227395 0.30136779],1,-1,-1,0,0
37268,[0.34644576 0.11682099],1,-1,-1,0,0
37269,[0.81517154 0.68567274],2,0,"[0.7890750777399501, 0.6799557517006445]",1,4
37270,[0.35648334 0.54892904],0,1,"[0.37965276877051146, 0.575157747726818]",1,-1
37271,[0.79142024 0.73375349],2,0,"[0.7890750777399501, 0.6799557517006445]",1,-1
37272,[0.35208665 0.58046616],0,1,"[0.37965276877051146, 0.575157747726818]",1,-1
37273,[0.38953189 0.16644274],1,-1,-1,0,0
37274,[0.30245185 0.17326764],1,2,"[0.294379027732062, 0.1921773781634303]",0,0
37275,[0.62485174 0.67142948],3,-1,-1,1,-1
37276,[0.43106541 0.62615793],0,-1,-1,1,-1
37277,[0.26814012 0.14197791],1,2,"[0.294379027732062, 0.1921773781634303]",0,0
37278,[0.83162695 0.72865487],2,0,"[0.7890750777399501, 0.6799557517006445]",1,-1
37279,[0.38035289 0.51919928],0,1,"[0.37965276877051146, 0.575157747726818]",1,-1
37280,[0.35382367 0.57509056],0,1,"[0.37965276877051146, 0.575157747726818]",1,-1
37281,[0.43625943 0.59707956],0,1,"[0.37965276877051146, 0.575157747726818]",1,-1
37282,[0.76708603 0.7030101 ],2,0,"[0.7890750777399501, 0.6799557517006445]",1,-1
37283,[0.35610895 0.60491964],0,1,"[0.37965276877051146, 0.575157747726818]",1,-1
37284,[0.25088555 0.16777835],1,2,"[0.294379027732062, 0.1921773781634303]",0,0
37285,[0.36157733 0.17457354],1,2,"[0.294379027732062, 0.1921773781634303]",0,0
37286,[0.27522267 0.18184435],1,2,"[0.294379027732062, 0.1921773781634303]",0,0
37287,[0.36341015 0.20371646],1,2,"[0.294379027732062, 0.1921773781634303]",0,0
37288,[0.66220185 0.69480756],3,-1,-1,1,-1
37289,[0.28619486 0.16955993],1,2,"[0.294379027732062, 0.1921773781634303]",0,0
37290,[0.23413407 0.14990296],1,-1,-1,0,0
37291,[0.42471774 0.63936028],0,-1,-1,1,-1
37292,[0.59848242 0.47933556],3,-1,-1,1,-1
37293,[0.33808474 0.25325968],1,-1,-1,0,0
37294,[0.32908744 0.2024464 ],1,2,"[0.294379027732062, 0.1921773781634303]",0,0
37295,[0.22178614 0.23279133],1,-1,-1,0,0
37296,[0.29420137 0.26255896],1,-1,-1,0,0
37297,[0.68340878 0.58528903],3,3,"[0.6601234827680622, 0.6109507568947781]",1,-1
37298,[0.35926871 0.33162383],1,-1,-1,0,0
37299,[0.29445558 0.18570384],1,2,"[0.294379027732062, 0.1921773781634303]",0,0
37300,[0.65201602 0.65021574],3,3,"[0.6601234827680622, 0.6109507568947781]",1,-1
37301,[0.3806316  0.11348949],1,-1,-1,0,0
37302,[0.40732552 0.6237529 ],0,1,"[0.37965276877051146, 0.575157747726818]",1,-1
37303,[0.8285323  0.65672916],2,0,"[0.7890750777399501, 0.6799557517006445]",1,-1
37304,[0.25443752 0.23905019],1,2,"[0.294379027732062, 0.1921773781634303]",0,0
37305,[0.80818821 0.59761154],2,-1,-1,1,-1
37306,[0.35993537 0.19154487],1,2,"[0.294379027732062, 0.1921773781634303]",0,0
37307,[0.27711591 0.56222296],0,-1,-1,1,-1
37308,[0.76422473 0.70503752],2,0,"[0.7890750777399501, 0.6799557517006445]",1,-1
37309,[0.44348684 0.54373469],0,-1,-1,1,-1
37310,[0.31982787 0.19716778],1,2,"[0.294379027732062, 0.1921773781634303]",0,0
37311,[0.33546017 0.60440807],0,1,"[0.37965276877051146, 0.575157747726818]",1,-1
37312,[0.36224347 0.20120316],1,2,"[0.294379027732062, 0.1921773781634303]",0,0
37313,[0.28370083 0.17084562],1,2,"[0.294379027732062, 0.1921773781634303]",0,0
37314,[0.39699028 0.52730587],0,1,"[0.37965276877051146, 0.575157747726818]",1,-1
37315,[0.73274403 0.67628714],2,0,"[0.7890750777399501, 0.6799557517006445]",1,-1
37316,[0.22356591 0.22541001],1,-1,-1,0,0
37317,[0.65220555 0.61587044],3,3,"[0.6601234827680622, 0.6109507568947781]",1,6
37318,[0.76993293 0.58561628],3,-1,-1,1,-1
37319,[0.27041406 0.26459267],1,-1,-1,0,0
37320,[0.4686371  0.58077867],0,-1,-1,1,-1
37321,[0.34935552 0.65514521],0,-1,-1,1,-1
37322,[0.73682225 0.58812584],3,-1,-1,1,-1
37323,[0.69783985 0.61392646],3,3,"[0.6601234827680622, 0.6109507568947781]",1,-1
37324,[0.79956585 0.75674065],2,-1,-1,1,-1
37325,[0.60590587 0.6753414 ],3,-1,-1,1,-1
37326,[0.70406945 0.68070374],2,-1,-1,1,-1
37327,[0.70798474 0.61098272],3,3,"[0.6601234827680622, 0.6109507568947781]",1,-1
37328,[0.88090894 0.6795397 ],2,-1,-1,1,-1
37329,[0.31747353 0.15547431],1,2,"[0.294379027732062, 0.1921773781634303]",0,0
37330,[0.74335513 0.66277814],2,0,"[0.7890750777399501, 0.6799557517006445]",1,-1
37331,[0.28758822 0.15515378],1,2,"[0.294379027732062, 0.1921773781634303]",0,0
37332,[0.55080557 0.54891168],3,-1,-1,1,-1
37333,[0.34296972 0.54618802],0,1,"[0.37965276877051146, 0.575157747726818]",1,-1
37334,[0.67531729 0.63586448],3,3,"[0.6601234827680622, 0.6109507568947781]",1,-1
37335,[0.68637801 0.65134447],3,3,"[0.6601234827680622, 0.6109507568947781]",1,-1
37336,[0.75125958 0.66954394],2,0,"[0.7890750777399501, 0.6799557517006445]",1,-1
37337,[0.32262963 0.16656186],1,2,"[0.294379027732062, 0.1921773781634303]",0,0
37338,[0.74770608 0.56166845],3,-1,-1,1,-1
37339,[0.68676248 0.62425583],3,3,"[0.6601234827680622, 0.6109507568947781]",1,7
37340,[0.33759303 0.24839036],1,-1,-1,0,0
37341,[0.32629848 0.23173667],1,2,"[0.294379027732062, 0.1921773781634303]",0,0
37342,[0.60060224 0.56440752],3,-1,-1,1,-1
37343,[0.59984741 0.71526555],3,-1,-1,1,-1
37344,[0.85109569 0.69176361],2,0,"[0.7890750777399501, 0.6799557517006445]",1,-1
37345,[0.22767427 0.16493432],1,-1,-1,0,0
37346,[0.25131789 0.2034543 ],1,2,"[0.294379027732062, 0.1921773781634303]",0,0
37347,[0.78879526 0.62210926],2,0,"[0.7890750777399501, 0.6799557517006445]",1,-1
37348,[0.73535905 0.71986706],2,0,"[0.7890750777399501, 0.6799557517006445]",1,-1
37349,[0.74857163 0.68590414],2,0,"[0.7890750777399501, 0.6799557517006445]",1,-1
37350,[0.3266729  0.18100876],1,2,"[0.294379027732062, 0.1921773781634303]",0,0
37351,[0.69097944 0.67070554],3,3,"[0.6601234827680622, 0.6109507568947781]",1,-1
37352,[0.72943567 0.59217103],3,-1,-1,1,-1
37353,[0.42752647 0.50163457],0,-1,-1,1,-1
37354,[0.20358975 0.18198426],1,-1,-1,0,0
37355,[0.76783561 0.69221686],2,0,"[0.7890750777399501, 0.6799557517006445]",1,-1
37356,[0.45670105 0.59647193],0,-1,-1,1,-1
37357,[0.45070343 0.63742928],0,-1,-1,1,-1
37358,[0.46247922 0.53053586],0,-1,-1,1,-1
37359,[0.68718804 0.55176956],3,3,"[0.6601234827680622, 0.6109507568947781]",1,-1
37360,[0.66405888 0.51803276],3,-1,-1,1,-1
37361,[0.73110475 0.66106872],2,0,"[0.7890750777399501, 0.6799557517006445]",1,-1
37362,[0.37952278 0.59187956],0,1,"[0.37965276877051146, 0.575157747726818]",1,-1
37363,[0.67442567 0.59110344],3,3,"[0.6601234827680622, 0.6109507568947781]",1,-1
37364,[0.81607924 0.67409386],2,0,"[0.7890750777399501, 0.6799557517006445]",1,-1
37365,[0.32377452 0.57946684],0,1,"[0.37965276877051146, 0.575157747726818]",1,-1
37366,[0.75292532 0.71630019],2,0,"[0.7890750777399501, 0.6799557517006445]",1,-1
37367,[0.77944073 0.63636688],2,0,"[0.7890750777399501, 0.6799557517006445]",1,-1
37368,[0.67206418 0.6232842 ],3,3,"[0.6601234827680622, 0.6109507568947781]",1,-1
37369,[0.40905997 0.6246777 ],0,1,"[0.37965276877051146, 0.575157747726818]",1,-1
37370,[0.66718613 0.50226304],3,-1,-1,1,-1
37371,[0.33388847 0.58922244],0,1,"[0.37965276877051146, 0.575157747726818]",1,-1
37372,[0.32820904 0.52817142],0,1,"[0.37965276877051146, 0.575157747726818]",1,-1
37373,[0.73257257 0.59308144],2,-1,-1,1,-1
37374,[0.73052552 0.65187158],2,0,"[0.7890750777399501, 0.6799557517006445]",1,-1
37375,[0.28680855 0.06579051],1,-1,-1,0,0
37376,[0.31483799 0.38814547],1,-1,-1,1,-1
37377,[0.27101937 0.66770532],0,-1,-1,1,-1
37378,[0.7900955  0.59093309],2,-1,-1,1,-1
37379,[0.34354322 0.57880725],0,1,"[0.37965276877051146, 0.575157747726818]",1,-1
37380,[0.71119785 0.6233052 ],3,3,"[0.6601234827680622, 0.6109507568947781]",1,-1
37381,[0.28932421 0.1667298 ],1,2,"[0.294379027732062, 0.1921773781634303]",0,0
37382,[0.28571883 0.14344256],1,2,"[0.294379027732062, 0.1921773781634303]",0,0
37383,[0.43531745 0.49713149],0,-1,-1,1,-1
37384,[0.67981964 0.54419403],3,3,"[0.6601234827680622, 0.6109507568947781]",1,-1
37385,[0.74111232 0.68402708],2,0,"[0.7890750777399501, 0.6799557517006445]",1,-1
37386,[0.35421415 0.17779761],1,2,"[0.294379027732062, 0.1921773781634303]",0,0
37387,[0.85874744 0.59752253],2,-1,-1,1,-1
37388,[0.3739959  0.22428155],1,-1,-1,0,0
37389,[0.86076192 0.71877297],2,-1,-1,1,-1
37390,[0.35849583 0.57126107],0,1,"[0.37965276877051146, 0.575157747726818]",1,-1
37391,[0.70868761 0.71906657],2,-1,-1,1,-1
37392,[0.31247678 0.62262938],0,-1,-1,1,-1
37393,[0.30146919 0.54371348],0,-1,-1,1,-1
37394,[0.41106863 0.5347373 ],0,1,"[0.37965276877051146, 0.575157747726818]",1,-1
37395,[0.35317701 0.58963997],0,1,"[0.37965276877051146, 0.575157747726818]",1,-1
37396,[0.6668175  0.65193169],3,3,"[0.6601234827680622, 0.6109507568947781]",1,-1
37397,[0.7254731  0.74006011],2,-1,-1,1,-1
37398,[0.26890416 0.21368937],1,2,"[0.294379027732062, 0.1921773781634303]",0,0
37399,[0.37968315 0.21517185],1,-1,-1,0,0
37400,[0.82918389 0.73025787],2,0,"[0.7890750777399501, 0.6799557517006445]",1,-1
37401,[0.30643104 0.55913562],0,-1,-1,1,-1
37402,[0.72766477 0.63752241],2,-1,-1,1,-1
37403,[0.74995676 0.66569696],2,0,"[0.7890750777399501, 0.6799557517006445]",1,-1
37404,[0.79904218 0.74326908],2,0,"[0.7890750777399501, 0.6799557517006445]",1,-1
37405,[0.32529904 0.54735971],0,1,"[0.37965276877051146, 0.575157747726818]",1,-1
37406,[0.39652314 0.59573601],0,1,"[0.37965276877051146, 0.575157747726818]",1,-1
37407,[0.34191019 0.55046433],0,1,"[0.37965276877051146, 0.575157747726818]",1,-1
37408,[0.71363247 0.54283101],3,-1,-1,1,-1
37409,[0.42312355 0.59185142],0,1,"[0.37965276877051146, 0.575157747726818]",1,-1
37410,[0.25988259 0.25012818],1,2,"[0.294379027732062, 0.1921773781634303]",0,0
37411,[0.41593285 0.23098302],1,-1,-1,0,0
37412,[0.66060699 0.68274938],3,-1,-1,1,-1
37413,[0.42584448 0.61227641],0,1,"[0.37965276877051146, 0.575157747726818]",1,-1
37414,[0.35725593 0.15393372],1,-1,-1,0,0
37415,[0.30386781 0.5943485 ],0,-1,-1,1,-1
37416,[0.68953831 0.59307098],3,3,"[0.6601234827680622, 0.6109507568947781]",1,5
37417,[0.21266412 0.2341741 ],1,-1,-1,0,0
37418,[0.29127747 0.19021936],1,2,"[0.294379027732062, 0.1921773781634303]",0,0
37419,[0.31447954 0.13048839],1,2,"[0.294379027732062, 0.1921773781634303]",0,0
37420,[0.31915081 0.57432852],0,1,"[0.37965276877051146, 0.575157747726818]",1,-1
37421,[0.83243202 0.72176597],2,0,"[0.7890750777399501, 0.6799557517006445]",1,-1
37422,[0.29989832 0.52639167],0,-1,-1,1,-1
37423,[0.22909038 0.181023  ],1,2,"[0.294379027732062, 0.1921773781634303]",0,0
37424,[0.63995227 0.62799411],3,3,"[0.6601234827680622, 0.6109507568947781]",1,-1
37425,[0.65396891 0.62097419],3,3,"[0.6601234827680622, 0.6109507568947781]",1,7
37426,[0.63422765 0.60973414],3,3,"[0.6601234827680622, 0.6109507568947781]",1,-1
37427,[0.18981626 0.24571801],1,-1,-1,0,0
37428,[0.39779521 0.12007883],1,-1,-1,0,0
37429,[0.79654731 0.74861265],2,0,"[0.7890750777399501, 0.6799557517006445]",1,-1
37430,[0.31260935 0.1212811 ],1,-1,-1,0,0
37431,[0.20168355 0.10328215],1,-1,-1,0,0
37432,[0.76794902 0.65335774],2,0,"[0.7890750777399501, 0.6799557517006445]",1,-1
37433,[0.80030001 0.8107483 ],2,-1,-1,1,-1
37434,[0.64469626 0.66610956],3,3,"[0.6601234827680622, 0.6109507568947781]",1,-1
37435,[0.70955777 0.58512216],3,3,"[0.6601234827680622, 0.6109507568947781]",1,-1
37436,[0.41894502 0.53707122],0,1,"[0.37965276877051146, 0.575157747726818]",1,-1
37437,[0.41942293 0.62403733],0,1,"[0.37965276877051146, 0.575157747726818]",1,-1
37438,[0.30626367 0.53818893],0,-1,-1,1,-1
37439,[0.41979362 0.50422262],0,-1,-1,1,-1
37440,[0.28288235 0.25436046],1,2,"[0.294379027732062, 0.1921773781634303]",0,0
37441,[0.64632822 0.53920282],3,-1,-1,1,-1
37442,[0.65829912 0.66370208],3,3,"[0.6601234827680622, 0.6109507568947781]",1,-1
37443,[0.69755082 0.63779327],3,3,"[0.6601234827680622, 0.6109507568947781]",1,-1
37444,[0.34979704 0.15955617],1,2,"[0.294379027732062, 0.1921773781634303]",0,0
37445,[0.74404262 0.71287653],2,0,"[0.7890750777399501, 0.6799557517006445]",1,-1
37446,[0.65948654 0.69641381],3,-1,-1,1,-1
37447,[0.58424631 0.62451544],3,-1,-1,1,-1
37448,[0.32689813 0.49964335],0,-1,-1,1,-1
37449,[0.67960765 0.63244754],3,3,"[0.6601234827680622, 0.6109507568947781]",1,-1
37450,[0.34198043 0.13200487],1,-1,-1,0,0
37451,[0.22561679 0.17162299],1,-1,-1,0,0
37452,[0.31839795 0.5570141 ],0,1,"[0.37965276877051146, 0.575157747726818]",1,-1
37453,[0.27157182 0.17419198],1,2,"[0.294379027732062, 0.1921773781634303]",0,0
37454,[0.33797119 0.23054303],1,2,"[0.294379027732062, 0.1921773781634303]",0,0
37455,[0.39599343 0.2454636 ],1,-1,-1,0,0
37456,[0.26170062 0.20520912],1,2,"[0.294379027732062, 0.1921773781634303]",0,0
37457,[0.79658589 0.60926298],3,-1,-1,1,-1
37458,[0.33099629 0.23549137],1,2,"[0.294379027732062, 0.1921773781634303]",0,0
37459,[0.88545232 0.62408727],2,-1,-1,1,-1
37460,[0.72255394 0.65975382],2,0,"[0.7890750777399501, 0.6799557517006445]",1,-1
37461,[0.83918661 0.70174182],2,0,"[0.7890750777399501, 0.6799557517006445]",1,-1
37462,[0.81947415 0.67275983],2,0,"[0.7890750777399501, 0.6799557517006445]",1,-1
37463,[0.32541325 0.56365243],0,1,"[0.37965276877051146, 0.575157747726818]",1,-1
37464,[0.86976198 0.6540704 ],2,-1,-1,1,-1
37465,[0.69682007 0.62697682],3,3,"[0.6601234827680622, 0.6109507568947781]",1,-1
37466,[0.85347684 0.64021463],2,-1,-1,1,-1
37467,[0.66931282 0.58380266],3,3,"[0.6601234827680622, 0.6109507568947781]",1,-1
37468,[0.70368717 0.61730606],3,3,"[0.6601234827680622, 0.6109507568947781]",1,-1
37469,[0.37495151 0.63292681],0,1,"[0.37965276877051146, 0.575157747726818]",1,-1
37470,[0.21444063 0.13759026],1,-1,-1,0,0
37471,[0.40811591 0.62111583],0,1,"[0.37965276877051146, 0.575157747726818]",1,-1
37472,[0.22314991 0.21480466],1,-1,-1,0,0
37473,[0.17747156 0.19940805],1,-1,-1,0,0
37474,[0.32170736 0.57196746],0,1,"[0.37965276877051146, 0.575157747726818]",1,-1
37475,[0.63351992 0.52798948],3,-1,-1,1,-1
37476,[0.27906725 0.32668125],1,-1,-1,0,0
37477,[0.32889196 0.2393804 ],1,2,"[0.294379027732062, 0.1921773781634303]",0,0
37478,[0.69225033 0.64399423],3,3,"[0.6601234827680622, 0.6109507568947781]",1,-1
37479,[0.69341543 0.67862233],3,-1,-1,1,-1
37480,[0.76566382 0.66293754],2,0,"[0.7890750777399501, 0.6799557517006445]",1,-1
37481,[0.33142526 0.62710222],0,-1,-1,1,-1
37482,[0.36186626 0.54437703],0,1,"[0.37965276877051146, 0.575157747726818]",1,-1
37483,[0.31020082 0.19401256],1,2,"[0.294379027732062, 0.1921773781634303]",0,0
37484,[0.34908245 0.62276717],0,1,"[0.37965276877051146, 0.575157747726818]",1,-1
37485,[0.36081183 0.54238141],0,1,"[0.37965276877051146, 0.575157747726818]",1,-1
37486,[0.28905352 0.2919309 ],1,-1,-1,0,0
37487,[0.65051384 0.53888891],3,-1,-1,1,-1
37488,[0.40381661 0.55446015],0,1,"[0.37965276877051146, 0.575157747726818]",1,-1
37489,[0.24537943 0.32064056],1,-1,-1,0,0
37490,[0.75722372 0.70006027],3,0,"[0.7890750777399501, 0.6799557517006445]",1,-1
37491,[0.43214022 0.59037731],0,1,"[0.37965276877051146, 0.575157747726818]",1,-1
37492,[0.29345947 0.56161627],0,-1,-1,1,-1
37493,[0.78620868 0.66435314],2,0,"[0.7890750777399501, 0.6799557517006445]",1,-1
37494,[0.20725095 0.22586742],1,-1,-1,0,0
37495,[0.70507951 0.63054519],3,3,"[0.6601234827680622, 0.6109507568947781]",1,-1
37496,[0.73082718 0.67190654],2,0,"[0.7890750777399501, 0.6799557517006445]",1,-1
37497,[0.68199993 0.53844674],3,-1,-1,1,-1
37498,[0.31326903 0.18456453],1,2,"[0.294379027732062, 0.1921773781634303]",0,0
37499,[0.84666052 0.60795722],2,-1,-1,1,-1
37500,[0.4059651  0.54661218],0,1,"[0.37965276877051146, 0.575157747726818]",1,-1
37501,[0.26760071 0.18172362],1,2,"[0.294379027732062, 0.1921773781634303]",0,0
37502,[0.75505496 0.71794576],2,0,"[0.7890750777399501, 0.6799557517006445]",1,-1
37503,[0.24322276 0.1343761 ],1,-1,-1,0,0
37504,[0.61996067 0.60886725],3,3,"[0.6601234827680622, 0.6109507568947781]",1,-1
37505,[0.30366757 0.21085922],1,2,"[0.294379027732062, 0.1921773781634303]",0,0
37506,[0.24468437 0.12939608],1,-1,-1,0,0
37507,[0.22810368 0.1555697 ],1,-1,-1,0,0
37508,[0.25563587 0.16260394],1,2,"[0.294379027732062, 0.1921773781634303]",0,0
37509,[0.40268587 0.62508495],0,1,"[0.37965276877051146, 0.575157747726818]",1,-1
37510,[0.59433382 0.6485929 ],3,-1,-1,1,-1
37511,[0.37405664 0.58737475],0,1,"[0.37965276877051146, 0.575157747726818]",1,-1
37512,[0.67431725 0.61070429],3,3,"[0.6601234827680622, 0.6109507568947781]",1,-1
37513,[0.79058521 0.60965731],2,-1,-1,1,-1
37514,[0.29716847 0.21955873],1,2,"[0.294379027732062, 0.1921773781634303]",0,0
37515,[0.67730739 0.60079661],3,3,"[0.6601234827680622, 0.6109507568947781]",1,-1
37516,[0.65575433 0.62031735],3,3,"[0.6601234827680622, 0.6109507568947781]",1,7
37517,[0.31717374 0.51781545],0,-1,-1,1,-1
37518,[0.66408908 0.54575339],3,3,"[0.6601234827680622, 0.6109507568947781]",1,-1
37519,[0.79260933 0.65922808],2,0,"[0.7890750777399501, 0.6799557517006445]",1,-1
37520,[0.74901306 0.62876712],3,0,"[0.7890750777399501, 0.6799557517006445]",1,-1
37521,[0.20498717 0.10133245],1,-1,-1,0,0
37522,[0.6718496  0.56494546],3,3,"[0.6601234827680622, 0.6109507568947781]",1,-1
37523,[0.3543302  0.54460811],0,1,"[0.37965276877051146, 0.575157747726818]",1,-1
37524,[0.66812708 0.63142942],3,3,"[0.6601234827680622, 0.6109507568947781]",1,7
37525,[0.40961449 0.58618753],0,1,"[0.37965276877051146, 0.575157747726818]",1,-1
37526,[0.30663702 0.56622064],0,-1,-1,1,-1
37527,[0.76976292 0.58912252],2,-1,-1,1,-1
37528,[0.36142044 0.26551978],1,-1,-1,0,0
37529,[0.76050102 0.6617771 ],2,0,"[0.7890750777399501, 0.6799557517006445]",1,3
37530,[0.40826861 0.59899214],0,1,"[0.37965276877051146, 0.575157747726818]",1,-1
37531,[0.30998273 0.20006107],1,2,"[0.294379027732062, 0.1921773781634303]",0,0
37532,[0.26973582 0.21324326],1,2,"[0.294379027732062, 0.1921773781634303]",0,0
37533,[0.75072697 0.54725513],3,-1,-1,1,-1
37534,[0.46087071 0.55303094],0,-1,-1,1,-1
37535,[0.36655513 0.17489749],1,-1,-1,0,0
37536,[0.67710539 0.50378159],3,-1,-1,1,-1
37537,[0.77591651 0.6811713 ],2,0,"[0.7890750777399501, 0.6799557517006445]",1,-1
37538,[0.35039749 0.53105243],0,1,"[0.37965276877051146, 0.575157747726818]",1,-1
37539,[0.37592631 0.60985002],0,1,"[0.37965276877051146, 0.575157747726818]",1,-1
37540,[0.69065837 0.68946749],2,-1,-1,1,-1
37541,[0.70066995 0.631848  ],3,3,"[0.6601234827680622, 0.6109507568947781]",1,-1
37542,[0.59523215 0.63043582],3,3,"[0.6601234827680622, 0.6109507568947781]",1,-1
37543,[0.67171057 0.64449374],3,3,"[0.6601234827680622, 0.6109507568947781]",1,-1
37544,[0.65182073 0.71944036],3,-1,-1,1,-1
37545,[0.3281297  0.55880223],0,1,"[0.37965276877051146, 0.575157747726818]",1,-1
37546,[0.35386942 0.23841121],1,-1,-1,0,0
37547,[0.61203529 0.51336053],3,-1,-1,1,-1
37548,[0.68712134 0.59570798],2,3,"[0.6601234827680622, 0.6109507568947781]",1,-1
37549,[0.24757995 0.18040416],1,2,"[0.294379027732062, 0.1921773781634303]",0,0
37550,[0.25758745 0.20697346],1,2,"[0.294379027732062, 0.1921773781634303]",0,0
37551,[0.74731565 0.76983523],2,-1,-1,1,-1
37552,[0.67765605 0.6534765 ],3,3,"[0.6601234827680622, 0.6109507568947781]",1,-1
37553,[0.39374985 0.53880124],0,1,"[0.37965276877051146, 0.575157747726818]",1,-1
37554,[0.32017472 0.1676028 ],1,2,"[0.294379027732062, 0.1921773781634303]",0,0
37555,[0.71913613 0.57669538],3,3,"[0.6601234827680622, 0.6109507568947781]",1,-1
37556,[0.29010457 0.18786094],1,2,"[0.294379027732062, 0.1921773781634303]",0,0
37557,[0.28146836 0.18714067],1,2,"[0.294379027732062, 0.1921773781634303]",0,0
37558,[0.66710229 0.62036334],3,3,"[0.6601234827680622, 0.6109507568947781]",1,7
37559,[0.7535892  0.69268946],2,0,"[0.7890750777399501, 0.6799557517006445]",1,-1
37560,[0.81167798 0.66230057],2,0,"[0.7890750777399501, 0.6799557517006445]",1,-1
37561,[0.56537711 0.58977198],3,-1,-1,1,-1
37562,[0.34088249 0.53461729],0,1,"[0.37965276877051146, 0.575157747726818]",1,-1
37563,[0.63680797 0.59241587],3,3,"[0.6601234827680622, 0.6109507568947781]",1,-1
37564,[0.67222064 0.60661166],3,3,"[0.6601234827680622, 0.6109507568947781]",1,-1
37565,[0.37357351 0.66307189],0,-1,-1,1,-1
37566,[0.27810246 0.00300303],1,-1,-1,0,-1
37567,[0.77197837 0.59405529],2,-1,-1,1,-1
37568,[0.6024051  0.65143657],3,-1,-1,1,-1
37569,[0.88579341 0.66500672],2,-1,-1,1,-1
37570,[0.76894676 0.72250646],2,0,"[0.7890750777399501, 0.6799557517006445]",1,-1
37571,[0.43773538 0.54564496],0,1,"[0.37965276877051146, 0.575157747726818]",1,-1
37572,[0.38221377 0.52342009],0,1,"[0.37965276877051146, 0.575157747726818]",1,-1
37573,[0.59747428 0.61958489],3,3,"[0.6601234827680622, 0.6109507568947781]",1,-1
37574,[0.28292018 0.24979575],1,2,"[0.294379027732062, 0.1921773781634303]",0,0
37575,[0.43623246 0.59714493],0,1,"[0.37965276877051146, 0.575157747726818]",1,-1
37576,[0.79489298 0.62971713],2,0,"[0.7890750777399501, 0.6799557517006445]",1,-1
37577,[0.41355322 0.52525207],0,1,"[0.37965276877051146, 0.575157747726818]",1,-1
37578,[0.33560249 0.16638127],1,2,"[0.294379027732062, 0.1921773781634303]",0,0
37579,[0.74050058 0.52846896],3,-1,-1,1,-1
37580,[0.83669578 0.74233602],2,-1,-1,1,-1
37581,[0.27507305 0.17557658],1,2,"[0.294379027732062, 0.1921773781634303]",0,0
37582,[0.29987661 0.29796088],1,-1,-1,0,0
37583,[0.31830345 0.21325743],1,2,"[0.294379027732062, 0.1921773781634303]",0,0
37584,[0.29202735 0.17525911],1,2,"[0.294379027732062, 0.1921773781634303]",0,0
37585,[0.36237955 0.6311371 ],0,1,"[0.37965276877051146, 0.575157747726818]",1,-1
37586,[0.70593053 0.55405183],3,-1,-1,1,-1
37587,[0.66787237 0.53522186],3,-1,-1,1,-1
37588,[0.32590664 0.28546651],1,-1,-1,0,0
37589,[0.83723986 0.7080408 ],2,0,"[0.7890750777399501, 0.6799557517006445]",1,-1
37590,[0.28928335 0.29723942],1,-1,-1,0,0
37591,[0.34634786 0.17454936],1,2,"[0.294379027732062, 0.1921773781634303]",0,0
37592,[0.82645386 0.71080563],2,0,"[0.7890750777399501, 0.6799557517006445]",1,-1
37593,[0.65573864 0.63928016],3,3,"[0.6601234827680622, 0.6109507568947781]",1,-1
37594,[0.29863624 0.55942197],0,-1,-1,1,-1
37595,[0.67467897 0.68346251],2,-1,-1,1,-1
37596,[0.66372679 0.64388748],3,3,"[0.6601234827680622, 0.6109507568947781]",1,-1
37597,[0.7631538  0.56068288],3,-1,-1,1,-1
37598,[0.75667925 0.62116491],2,0,"[0.7890750777399501, 0.6799557517006445]",1,-1
37599,[0.7727348  0.68426203],2,0,"[0.7890750777399501, 0.6799557517006445]",1,-1
37600,[0.46790624 0.55932367],0,-1,-1,1,-1
37601,[0.31131354 0.10794826],1,-1,-1,0,0
37602,[0.23367625 0.1209394 ],1,-1,-1,0,0
37603,[0.37081563 0.53427939],0,1,"[0.37965276877051146, 0.575157747726818]",1,-1
37604,[0.28293245 0.2318854 ],1,2,"[0.294379027732062, 0.1921773781634303]",0,0
37605,[0.81730491 0.75818613],2,-1,-1,1,-1
37606,[0.8201767  0.68752999],2,0,"[0.7890750777399501, 0.6799557517006445]",1,-1
37607,[0.39580526 0.53282305],0,1,"[0.37965276877051146, 0.575157747726818]",1,-1
37608,[0.24755688 0.26854517],1,-1,-1,0,0
37609,[0.8775659  0.76345374],2,-1,-1,1,-1
37610,[0.3547788  0.64419246],0,-1,-1,1,-1
37611,[0.46924333 0.54484036],0,-1,-1,1,-1
37612,[0.27061005 0.15823372],1,2,"[0.294379027732062, 0.1921773781634303]",0,0
37613,[0.73178398 0.59250102],3,-1,-1,1,-1
37614,[0.44342436 0.55846395],0,1,"[0.37965276877051146, 0.575157747726818]",1,-1
37615,[0.79297096 0.63587749],2,0,"[0.7890750777399501, 0.6799557517006445]",1,-1
37616,[0.23919418 0.26049023],1,-1,-1,0,0
37617,[0.24808801 0.18232546],1,2,"[0.294379027732062, 0.1921773781634303]",0,0
37618,[0.81356745 0.67814639],2,0,"[0.7890750777399501, 0.6799557517006445]",1,-1
37619,[0.80789923 0.72163662],2,0,"[0.7890750777399501, 0.6799557517006445]",1,-1
37620,[0.75760536 0.62417369],3,0,"[0.7890750777399501, 0.6799557517006445]",1,-1
37621,[0.73158998 0.75456932],2,-1,-1,1,-1
37622,[0.59341294 0.58510869],3,-1,-1,1,-1
37623,[0.81246027 0.62198067],3,0,"[0.7890750777399501, 0.6799557517006445]",1,-1
37624,[0.65619012 0.65164462],3,3,"[0.6601234827680622, 0.6109507568947781]",1,-1
37625,[0.36573206 0.61737636],0,1,"[0.37965276877051146, 0.575157747726818]",1,-1
37626,[0.30366287 0.20796932],1,2,"[0.294379027732062, 0.1921773781634303]",0,0
37627,[0.86154857 0.72098064],2,-1,-1,1,-1
37628,[0.44560124 0.56286347],0,1,"[0.37965276877051146, 0.575157747726818]",1,-1
37629,[0.35834405 0.54535371],0,1,"[0.37965276877051146, 0.575157747726818]",1,-1
37630,[0.63266792 0.70142909],3,-1,-1,1,-1
37631,[0.39631208 0.57179127],0,1,"[0.37965276877051146, 0.575157747726818]",1,-1
37632,[0.66333346 0.64106284],3,3,"[0.6601234827680622, 0.6109507568947781]",1,-1
37633,[0.3052271 0.1498776],1,2,"[0.294379027732062, 0.1921773781634303]",0,0
37634,[0.65517379 0.62091354],3,3,"[0.6601234827680622, 0.6109507568947781]",1,7
37635,[0.69986568 0.61517853],3,3,"[0.6601234827680622, 0.6109507568947781]",1,-1
37636,[0.57480253 0.60354886],3,-1,-1,1,-1
37637,[0.38550049 0.51496949],0,1,"[0.37965276877051146, 0.575157747726818]",1,-1
37638,[0.31843634 0.56526042],0,1,"[0.37965276877051146, 0.575157747726818]",1,-1
37639,[0.38597595 0.59877129],0,1,"[0.37965276877051146, 0.575157747726818]",1,-1
37640,[0.77160365 0.66857552],2,0,"[0.7890750777399501, 0.6799557517006445]",1,-1
37641,[0.29133688 0.17629801],1,2,"[0.294379027732062, 0.1921773781634303]",0,0
37642,[0.88588719 0.62452985],2,-1,-1,1,-1
37643,[0.34155698 0.57293912],0,1,"[0.37965276877051146, 0.575157747726818]",1,-1
37644,[0.80088214 0.63127062],2,0,"[0.7890750777399501, 0.6799557517006445]",1,-1
37645,[0.7287511  0.69597496],2,0,"[0.7890750777399501, 0.6799557517006445]",1,-1
37646,[0.31862209 0.18674951],1,2,"[0.294379027732062, 0.1921773781634303]",0,0
37647,[0.74691188 0.66248315],2,0,"[0.7890750777399501, 0.6799557517006445]",1,-1
37648,[0.65831769 0.56096308],3,3,"[0.6601234827680622, 0.6109507568947781]",1,-1
37649,[0.56999695 0.62163512],3,-1,-1,1,-1
37650,[0.84278618 0.67278147],2,0,"[0.7890750777399501, 0.6799557517006445]",1,-1
37651,[0.74120784 0.62147595],2,-1,-1,1,-1
37652,[0.24764268 0.19037623],1,2,"[0.294379027732062, 0.1921773781634303]",0,0
37653,[0.60579007 0.68473857],3,-1,-1,1,-1
37654,[0.60999361 0.62282474],3,3,"[0.6601234827680622, 0.6109507568947781]",1,-1
37655,[0.22045909 0.22091744],1,-1,-1,0,0
37656,[0.30004008 0.21866472],1,2,"[0.294379027732062, 0.1921773781634303]",0,0
37657,[0.31398835 0.58078019],0,1,"[0.37965276877051146, 0.575157747726818]",1,-1
37658,[0.25202545 0.22400822],1,2,"[0.294379027732062, 0.1921773781634303]",0,0
37659,[0.76118509 0.66952363],2,0,"[0.7890750777399501, 0.6799557517006445]",1,-1
37660,[0.3101788  0.63945323],0,-1,-1,1,-1
37661,[0.33012537 0.16589555],1,2,"[0.294379027732062, 0.1921773781634303]",0,0
37662,[0.66443979 0.72831256],3,-1,-1,1,-1
37663,[0.31478961 0.60207296],0,-1,-1,1,-1
37664,[0.30010554 0.17885506],1,2,"[0.294379027732062, 0.1921773781634303]",0,0
37665,[0.63185698 0.55850679],3,3,"[0.6601234827680622, 0.6109507568947781]",1,-1
37666,[0.45551122 0.50280855],0,-1,-1,1,-1
37667,[0.6630511  0.55329328],3,3,"[0.6601234827680622, 0.6109507568947781]",1,-1
37668,[0.39074988 0.47066051],0,-1,-1,1,-1
37669,[0.68276214 0.61117082],3,3,"[0.6601234827680622, 0.6109507568947781]",1,5
37670,[0.39810172 0.54228049],0,1,"[0.37965276877051146, 0.575157747726818]",1,-1
37671,[0.65717366 0.56310406],3,3,"[0.6601234827680622, 0.6109507568947781]",1,-1
37672,[0.26298696 0.28655865],1,-1,-1,0,0
37673,[0.38326861 0.53518826],0,1,"[0.37965276877051146, 0.575157747726818]",1,-1
37674,[0.64527239 0.58011527],3,3,"[0.6601234827680622, 0.6109507568947781]",1,-1
37675,[0.63527156 0.58542638],3,3,"[0.6601234827680622, 0.6109507568947781]",1,-1
37676,[0.82496427 0.68962338],2,0,"[0.7890750777399501, 0.6799557517006445]",1,-1
37677,[0.67281034 0.53238056],3,-1,-1,1,-1
37678,[0.6724405  0.51061971],3,-1,-1,1,-1
37679,[0.76895134 0.5812899 ],2,-1,-1,1,-1
37680,[0.31756949 0.18363226],1,2,"[0.294379027732062, 0.1921773781634303]",0,0
37681,[0.25492976 0.1773771 ],1,2,"[0.294379027732062, 0.1921773781634303]",0,0
37682,[0.72020685 0.61482988],3,3,"[0.6601234827680622, 0.6109507568947781]",1,-1
37683,[0.4059181  0.61203078],0,1,"[0.37965276877051146, 0.575157747726818]",1,-1
37684,[0.72824224 0.53622674],3,-1,-1,1,-1
37685,[0.781728   0.68721217],2,0,"[0.7890750777399501, 0.6799557517006445]",1,-1
37686,[0.74535507 0.66014778],3,0,"[0.7890750777399501, 0.6799557517006445]",1,-1
37687,[0.75501164 0.54507939],3,-1,-1,1,-1
37688,[0.78774734 0.65785543],2,0,"[0.7890750777399501, 0.6799557517006445]",1,-1
37689,[0.7525837  0.59056211],2,-1,-1,1,-1
37690,[0.25065499 0.19573247],1,2,"[0.294379027732062, 0.1921773781634303]",0,0
37691,[0.83677023 0.65987327],2,0,"[0.7890750777399501, 0.6799557517006445]",1,-1
37692,[0.34335715 0.12554828],1,-1,-1,0,0
37693,[0.27762952 0.19449685],1,2,"[0.294379027732062, 0.1921773781634303]",0,0
37694,[0.35600953 0.3084244 ],1,-1,-1,0,0
37695,[0.44015715 0.58613819],0,1,"[0.37965276877051146, 0.575157747726818]",1,-1
37696,[0.34303856 0.19145508],1,2,"[0.294379027732062, 0.1921773781634303]",0,0
37697,[0.69130925 0.62507927],3,3,"[0.6601234827680622, 0.6109507568947781]",1,7
37698,[0.62003128 0.65578122],3,3,"[0.6601234827680622, 0.6109507568947781]",1,-1
37699,[0.25696788 0.20885797],1,2,"[0.294379027732062, 0.1921773781634303]",0,0
37700,[0.70608007 0.55861171],3,3,"[0.6601234827680622, 0.6109507568947781]",1,-1
37701,[0.34296696 0.17580322],1,2,"[0.294379027732062, 0.1921773781634303]",0,0
37702,[0.25809152 0.16743968],1,2,"[0.294379027732062, 0.1921773781634303]",0,0
37703,[0.28617777 0.19163134],1,2,"[0.294379027732062, 0.1921773781634303]",0,0
37704,[0.7186173  0.65227036],2,-1,-1,1,-1
37705,[0.2861928  0.28658917],1,-1,-1,0,0
37706,[0.81840612 0.63901976],2,0,"[0.7890750777399501, 0.6799557517006445]",1,-1
37707,[0.34043216 0.577534  ],0,1,"[0.37965276877051146, 0.575157747726818]",1,-1
37708,[0.33335848 0.55406805],0,1,"[0.37965276877051146, 0.575157747726818]",1,-1
37709,[0.75762633 0.70282628],2,0,"[0.7890750777399501, 0.6799557517006445]",1,-1
37710,[0.7477768  0.66301008],2,0,"[0.7890750777399501, 0.6799557517006445]",1,-1
37711,[0.81765503 0.59345469],2,-1,-1,1,-1
37712,[0.88607326 0.71989218],2,-1,-1,1,-1
37713,[0.25801228 0.17952466],1,2,"[0.294379027732062, 0.1921773781634303]",0,0
37714,[0.73306968 0.56010044],3,-1,-1,1,-1
37715,[0.35104837 0.60643416],0,1,"[0.37965276877051146, 0.575157747726818]",1,-1
37716,[0.35442239 0.57227579],0,1,"[0.37965276877051146, 0.575157747726818]",1,-1
37717,[0.32738966 0.5533074 ],0,1,"[0.37965276877051146, 0.575157747726818]",1,-1
37718,[0.27882219 0.18288348],1,2,"[0.294379027732062, 0.1921773781634303]",0,0
37719,[0.30965432 0.62116773],0,-1,-1,1,-1
37720,[0.63613991 0.56218805],3,3,"[0.6601234827680622, 0.6109507568947781]",1,-1
37721,[0.43446798 0.56622377],0,1,"[0.37965276877051146, 0.575157747726818]",1,-1
37722,[0.66237513 0.64213518],3,3,"[0.6601234827680622, 0.6109507568947781]",1,-1
37723,[0.58988501 0.64559517],3,-1,-1,1,-1
37724,[0.61602603 0.64897411],3,3,"[0.6601234827680622, 0.6109507568947781]",1,-1
37725,[0.40060407 0.19481968],1,-1,-1,0,0
37726,[0.37203791 0.17471333],1,-1,-1,0,0
37727,[0.35105602 0.13179542],1,-1,-1,0,0
37728,[0.37558657 0.5778078 ],0,1,"[0.37965276877051146, 0.575157747726818]",1,1
37729,[0.81631772 0.6839829 ],2,0,"[0.7890750777399501, 0.6799557517006445]",1,4
37730,[0.31196768 0.61869453],0,-1,-1,1,-1
37731,[0.73978165 0.66635123],2,0,"[0.7890750777399501, 0.6799557517006445]",1,-1
37732,[0.34102199 0.22504115],1,2,"[0.294379027732062, 0.1921773781634303]",0,0
37733,[0.74987378 0.56383065],3,-1,-1,1,-1
37734,[0.76494558 0.66582822],2,0,"[0.7890750777399501, 0.6799557517006445]",1,-1
37735,[0.33627471 0.13710143],1,2,"[0.294379027732062, 0.1921773781634303]",0,0
37736,[0.43366867 0.56461887],0,1,"[0.37965276877051146, 0.575157747726818]",1,-1
37737,[0.28845912 0.13633936],1,2,"[0.294379027732062, 0.1921773781634303]",0,0
37738,[0.25043004 0.15860426],1,2,"[0.294379027732062, 0.1921773781634303]",0,0
37739,[0.39117009 0.13188027],1,-1,-1,0,0
37740,[0.71772042 0.61329657],3,3,"[0.6601234827680622, 0.6109507568947781]",1,-1
37741,[0.74789107 0.70172875],2,0,"[0.7890750777399501, 0.6799557517006445]",1,-1
37742,[0.81737388 0.68942806],2,0,"[0.7890750777399501, 0.6799557517006445]",1,4
37743,[0.31851273 0.59893652],0,1,"[0.37965276877051146, 0.575157747726818]",1,-1
37744,[0.73439046 0.74793865],2,-1,-1,1,-1
37745,[0.3256224  0.09876177],1,-1,-1,0,0
37746,[0.37060045 0.64699521],0,-1,-1,1,-1
37747,[0.67742674 0.66571365],3,3,"[0.6601234827680622, 0.6109507568947781]",1,-1
37748,[0.71995988 0.59029565],3,3,"[0.6601234827680622, 0.6109507568947781]",1,-1
37749,[0.31597368 0.2056882 ],1,2,"[0.294379027732062, 0.1921773781634303]",0,0
37750,[0.41080633 0.66542552],0,-1,-1,1,-1
37751,[0.40868962 0.62445978],0,1,"[0.37965276877051146, 0.575157747726818]",1,-1
37752,[0.619727   0.67155199],3,-1,-1,1,-1
37753,[0.36218588 0.57895595],0,1,"[0.37965276877051146, 0.575157747726818]",1,-1
37754,[0.42246208 0.65313731],0,-1,-1,1,-1
37755,[0.31258281 0.56458961],0,1,"[0.37965276877051146, 0.575157747726818]",1,-1
37756,[0.36390566 0.54028618],0,1,"[0.37965276877051146, 0.575157747726818]",1,-1
37757,[0.2444158  0.16775036],1,2,"[0.294379027732062, 0.1921773781634303]",0,0
37758,[0.68181457 0.70643753],2,-1,-1,1,-1
37759,[0.67191877 0.66423797],3,3,"[0.6601234827680622, 0.6109507568947781]",1,-1
37760,[0.34297631 0.60289077],0,1,"[0.37965276877051146, 0.575157747726818]",1,-1
37761,[0.44537846 0.52878888],0,-1,-1,1,-1
37762,[0.58636755 0.61482662],3,-1,-1,1,-1
37763,[0.32254923 0.21605366],1,2,"[0.294379027732062, 0.1921773781634303]",0,0
37764,[0.81123684 0.7344493 ],2,0,"[0.7890750777399501, 0.6799557517006445]",1,-1
37765,[0.64863606 0.69140682],3,-1,-1,1,-1
37766,[0.37069855 0.22100847],1,-1,-1,0,0
37767,[0.38615291 0.5775636 ],0,1,"[0.37965276877051146, 0.575157747726818]",1,-1
37768,[0.8009848  0.68796728],2,0,"[0.7890750777399501, 0.6799557517006445]",1,-1
37769,[0.70944286 0.61200377],3,3,"[0.6601234827680622, 0.6109507568947781]",1,-1
37770,[0.757571   0.60096685],2,-1,-1,1,-1
37771,[0.69194336 0.58942384],3,3,"[0.6601234827680622, 0.6109507568947781]",1,-1
37772,[0.26985593 0.10022597],1,-1,-1,0,0
37773,[0.77873855 0.70878698],2,0,"[0.7890750777399501, 0.6799557517006445]",1,-1
37774,[0.45274574 0.55152968],0,-1,-1,1,-1
37775,[0.37772256 0.17753422],1,-1,-1,0,0
37776,[0.81348045 0.63600239],2,0,"[0.7890750777399501, 0.6799557517006445]",1,-1
37777,[0.35430504 0.56171335],0,1,"[0.37965276877051146, 0.575157747726818]",1,-1
37778,[0.6340154  0.63998359],3,3,"[0.6601234827680622, 0.6109507568947781]",1,-1
37779,[0.39133691 0.16463787],1,-1,-1,0,0
37780,[0.39599955 0.53893234],0,1,"[0.37965276877051146, 0.575157747726818]",1,-1
37781,[0.37728673 0.55584194],0,1,"[0.37965276877051146, 0.575157747726818]",1,-1
37782,[0.44900808 0.6270884 ],0,-1,-1,1,-1
37783,[0.43605475 0.52005543],0,-1,-1,1,-1
37784,[0.74885983 0.62132776],2,-1,-1,1,-1
37785,[0.69161208 0.61321347],3,3,"[0.6601234827680622, 0.6109507568947781]",1,-1
37786,[0.37122584 0.61445278],0,1,"[0.37965276877051146, 0.575157747726818]",1,-1
37787,[0.81833374 0.71535126],2,0,"[0.7890750777399501, 0.6799557517006445]",1,-1
37788,[0.67691866 0.64060765],3,3,"[0.6601234827680622, 0.6109507568947781]",1,-1
37789,[0.38358254 0.56779543],0,1,"[0.37965276877051146, 0.575157747726818]",1,-1
37790,[0.3197035  0.21202184],1,2,"[0.294379027732062, 0.1921773781634303]",0,0
37791,[0.33132105 0.57141763],0,1,"[0.37965276877051146, 0.575157747726818]",1,-1
37792,[0.74257925 0.7162283 ],2,0,"[0.7890750777399501, 0.6799557517006445]",1,-1
37793,[0.40522645 0.57189528],0,1,"[0.37965276877051146, 0.575157747726818]",1,2
37794,[0.29831198 0.20949132],1,2,"[0.294379027732062, 0.1921773781634303]",0,0
37795,[0.29535983 0.17459004],1,2,"[0.294379027732062, 0.1921773781634303]",0,0
37796,[0.33226196 0.65843198],0,-1,-1,1,-1
37797,[0.35218345 0.59191262],0,1,"[0.37965276877051146, 0.575157747726818]",1,-1
37798,[0.35330459 0.24433605],1,-1,-1,0,0
37799,[0.60206198 0.62813165],3,3,"[0.6601234827680622, 0.6109507568947781]",1,-1
37800,[0.5779121  0.66024594],3,-1,-1,1,-1
37801,[0.70327326 0.68070065],3,-1,-1,1,-1
37802,[0.70640681 0.60343512],3,3,"[0.6601234827680622, 0.6109507568947781]",1,-1
37803,[0.76692669 0.64664293],2,0,"[0.7890750777399501, 0.6799557517006445]",1,-1
37804,[0.23470181 0.24436281],1,-1,-1,0,0
37805,[0.61086934 0.59342959],3,3,"[0.6601234827680622, 0.6109507568947781]",1,-1
37806,[0.36507671 0.22164369],1,-1,-1,0,0
37807,[0.68711156 0.64290094],3,3,"[0.6601234827680622, 0.6109507568947781]",1,-1
37808,[0.39373558 0.22822502],1,-1,-1,0,0
37809,[0.78471832 0.65897985],2,0,"[0.7890750777399501, 0.6799557517006445]",1,-1
37810,[0.69788469 0.65422301],3,3,"[0.6601234827680622, 0.6109507568947781]",1,-1
37811,[0.72907896 0.71277583],2,0,"[0.7890750777399501, 0.6799557517006445]",1,-1
37812,[0.75501197 0.67677846],2,0,"[0.7890750777399501, 0.6799557517006445]",1,-1
37813,[0.40852163 0.46138544],0,-1,-1,1,-1
37814,[0.36824531 0.22998934],1,-1,-1,0,0
37815,[0.35208894 0.55490889],0,1,"[0.37965276877051146, 0.575157747726818]",1,-1
37816,[0.77272326 0.68830382],2,0,"[0.7890750777399501, 0.6799557517006445]",1,-1
37817,[0.70529452 0.64322653],3,3,"[0.6601234827680622, 0.6109507568947781]",1,-1
37818,[0.29218941 0.18218897],1,2,"[0.294379027732062, 0.1921773781634303]",0,0
37819,[0.78207094 0.74469243],2,0,"[0.7890750777399501, 0.6799557517006445]",1,-1
37820,[0.42233576 0.54128362],0,1,"[0.37965276877051146, 0.575157747726818]",1,-1
37821,[0.38210523 0.51180198],0,1,"[0.37965276877051146, 0.575157747726818]",1,-1
37822,[0.77065097 0.73689886],2,0,"[0.7890750777399501, 0.6799557517006445]",1,-1
37823,[0.26547352 0.19498648],1,2,"[0.294379027732062, 0.1921773781634303]",0,0
37824,[0.68231174 0.57875088],3,3,"[0.6601234827680622, 0.6109507568947781]",1,-1
37825,[0.80857925 0.68443504],2,0,"[0.7890750777399501, 0.6799557517006445]",1,-1
37826,[0.33143326 0.60210168],0,1,"[0.37965276877051146, 0.575157747726818]",1,-1
37827,[0.32957509 0.22697058],1,2,"[0.294379027732062, 0.1921773781634303]",0,0
37828,[0.63435502 0.5849826 ],3,3,"[0.6601234827680622, 0.6109507568947781]",1,-1
37829,[0.76914521 0.65116736],2,0,"[0.7890750777399501, 0.6799557517006445]",1,-1
37830,[0.79974732 0.67491737],2,0,"[0.7890750777399501, 0.6799557517006445]",1,4
37831,[0.225414   0.15061659],1,-1,-1,0,0
37832,[0.63190573 0.58114199],3,3,"[0.6601234827680622, 0.6109507568947781]",1,-1
37833,[0.82710256 0.71149428],2,0,"[0.7890750777399501, 0.6799557517006445]",1,-1
37834,[0.69446656 0.63612901],3,3,"[0.6601234827680622, 0.6109507568947781]",1,-1
37835,[0.36460505 0.60073274],0,1,"[0.37965276877051146, 0.575157747726818]",1,-1
37836,[0.80144478 0.73046863],2,0,"[0.7890750777399501, 0.6799557517006445]",1,-1
37837,[0.70941815 0.6566811 ],2,3,"[0.6601234827680622, 0.6109507568947781]",1,-1
37838,[0.71857689 0.59875068],2,3,"[0.6601234827680622, 0.6109507568947781]",1,-1
37839,[0.7590834  0.66592518],2,0,"[0.7890750777399501, 0.6799557517006445]",1,-1
37840,[0.80008675 0.70180417],2,0,"[0.7890750777399501, 0.6799557517006445]",1,-1
37841,[0.36547022 0.61413991],0,1,"[0.37965276877051146, 0.575157747726818]",1,-1
37842,[0.42376172 0.23100387],1,-1,-1,0,0
37843,[0.75901442 0.59535721],2,-1,-1,1,-1
37844,[0.84683128 0.70603706],2,0,"[0.7890750777399501, 0.6799557517006445]",1,-1
37845,[0.7574136  0.74239846],2,-1,-1,1,-1
37846,[0.31769726 0.26287401],1,-1,-1,0,0
37847,[0.24052753 0.10680045],1,-1,-1,0,0
37848,[0.80654458 0.70933012],2,0,"[0.7890750777399501, 0.6799557517006445]",1,-1
37849,[0.34041876 0.1326676 ],1,-1,-1,0,0
37850,[0.50154133 0.58213008],0,-1,-1,1,-1
37851,[0.83182476 0.72141821],2,0,"[0.7890750777399501, 0.6799557517006445]",1,-1
37852,[0.35271018 0.56905142],0,1,"[0.37965276877051146, 0.575157747726818]",1,-1
37853,[0.8520639  0.60913242],2,-1,-1,1,-1
37854,[0.83999389 0.72298949],2,0,"[0.7890750777399501, 0.6799557517006445]",1,-1
37855,[0.30018048 0.30308268],1,-1,-1,0,0
37856,[0.32222508 0.15279633],1,2,"[0.294379027732062, 0.1921773781634303]",0,0
37857,[0.26564206 0.19069828],1,2,"[0.294379027732062, 0.1921773781634303]",0,0
37858,[0.36947065 0.6319523 ],0,1,"[0.37965276877051146, 0.575157747726818]",1,-1
37859,[0.64556723 0.55487144],3,3,"[0.6601234827680622, 0.6109507568947781]",1,-1
37860,[0.2153406  0.19006665],1,-1,-1,0,0
37861,[0.40731067 0.5982752 ],0,1,"[0.37965276877051146, 0.575157747726818]",1,-1
37862,[0.48561134 0.63368735],0,-1,-1,1,-1
37863,[0.73951915 0.54206276],3,-1,-1,1,-1
37864,[0.55881087 0.57803033],3,-1,-1,1,-1
37865,[0.76478965 0.68549936],2,0,"[0.7890750777399501, 0.6799557517006445]",1,-1
37866,[0.24248434 0.1476497 ],1,2,"[0.294379027732062, 0.1921773781634303]",0,0
37867,[0.70851735 0.61764817],3,3,"[0.6601234827680622, 0.6109507568947781]",1,-1
37868,[0.60331143 0.62907067],3,3,"[0.6601234827680622, 0.6109507568947781]",1,-1
37869,[0.68596927 0.62156117],3,3,"[0.6601234827680622, 0.6109507568947781]",1,7
37870,[0.76124509 0.7470332 ],2,-1,-1,1,-1
37871,[0.28337546 0.20067154],1,2,"[0.294379027732062, 0.1921773781634303]",0,0
37872,[0.33027888 0.16036557],1,2,"[0.294379027732062, 0.1921773781634303]",0,0
37873,[0.78123409 0.68806026],2,0,"[0.7890750777399501, 0.6799557517006445]",1,-1
37874,[0.32882465 0.2875173 ],1,-1,-1,0,0
37875,[0.23929724 0.19665006],1,2,"[0.294379027732062, 0.1921773781634303]",0,0
37876,[0.41951682 0.54835284],0,1,"[0.37965276877051146, 0.575157747726818]",1,-1
37877,[0.6115384  0.61050037],3,3,"[0.6601234827680622, 0.6109507568947781]",1,-1
37878,[0.36196724 0.59940242],0,1,"[0.37965276877051146, 0.575157747726818]",1,-1
37879,[0.67727983 0.5784812 ],3,3,"[0.6601234827680622, 0.6109507568947781]",1,-1
37880,[0.59590207 0.70456231],3,-1,-1,1,-1
37881,[0.66658991 0.63861621],3,3,"[0.6601234827680622, 0.6109507568947781]",1,-1
37882,[0.30471947 0.18052187],1,2,"[0.294379027732062, 0.1921773781634303]",0,0
37883,[0.43005303 0.6207537 ],0,1,"[0.37965276877051146, 0.575157747726818]",1,-1
37884,[0.65632044 0.73284275],3,-1,-1,1,-1
37885,[0.25272477 0.18168192],1,2,"[0.294379027732062, 0.1921773781634303]",0,0
37886,[0.6357156  0.52794027],3,-1,-1,1,-1
37887,[0.1980097  0.13506694],1,-1,-1,0,0
37888,[0.82240916 0.70410002],2,0,"[0.7890750777399501, 0.6799557517006445]",1,-1
37889,[0.78653623 0.56568075],2,-1,-1,1,-1
37890,[0.42860175 0.53329417],0,1,"[0.37965276877051146, 0.575157747726818]",1,-1
37891,[0.36132861 0.60363221],0,1,"[0.37965276877051146, 0.575157747726818]",1,-1
37892,[0.70831021 0.59844212],3,3,"[0.6601234827680622, 0.6109507568947781]",1,-1
37893,[0.37082901 0.15442237],1,-1,-1,0,0
37894,[0.30429729 0.10255749],1,-1,-1,0,0
37895,[0.74391196 0.64283798],3,0,"[0.7890750777399501, 0.6799557517006445]",1,-1
37896,[0.73323297 0.74326098],2,-1,-1,1,-1
37897,[0.37366443 0.65087457],0,-1,-1,1,-1
37898,[0.6438105  0.62731665],3,3,"[0.6601234827680622, 0.6109507568947781]",1,-1
37899,[0.78349707 0.68644219],2,0,"[0.7890750777399501, 0.6799557517006445]",1,-1
37900,[0.38121041 0.50234189],0,-1,-1,1,-1
37901,[0.25737628 0.15565296],1,2,"[0.294379027732062, 0.1921773781634303]",0,0
37902,[0.40739791 0.0302193 ],1,-1,-1,0,-1
37903,[0.22640559 0.20664403],1,2,"[0.294379027732062, 0.1921773781634303]",0,0
37904,[0.35178299 0.13590692],1,-1,-1,0,0
37905,[0.81171047 0.66847992],2,0,"[0.7890750777399501, 0.6799557517006445]",1,-1
37906,[0.59502922 0.70465487],3,-1,-1,1,-1
37907,[0.74672102 0.67124283],3,0,"[0.7890750777399501, 0.6799557517006445]",1,-1
37908,[0.73006059 0.8037575 ],2,-1,-1,1,-1
37909,[0.73004053 0.70447688],2,0,"[0.7890750777399501, 0.6799557517006445]",1,-1
37910,[0.30211887 0.64760156],0,-1,-1,1,-1
37911,[0.66483202 0.59764159],3,3,"[0.6601234827680622, 0.6109507568947781]",1,-1
37912,[0.83141433 0.58866972],2,-1,-1,1,-1
37913,[0.68132974 0.55867496],3,3,"[0.6601234827680622, 0.6109507568947781]",1,-1
37914,[0.73046623 0.64580068],2,0,"[0.7890750777399501, 0.6799557517006445]",1,-1
37915,[0.34042202 0.58827813],0,1,"[0.37965276877051146, 0.575157747726818]",1,-1
37916,[0.71705944 0.7128452 ],3,-1,-1,1,-1
37917,[0.70445353 0.68564087],2,-1,-1,1,-1
37918,[0.72069171 0.57566786],3,-1,-1,1,-1
37919,[0.87922929 0.6510435 ],2,-1,-1,1,-1
37920,[0.40721232 0.62241281],0,1,"[0.37965276877051146, 0.575157747726818]",1,-1
37921,[0.82967661 0.71418381],2,0,"[0.7890750777399501, 0.6799557517006445]",1,-1
37922,[0.23561932 0.1337361 ],1,-1,-1,0,0
37923,[0.32942119 0.22460046],1,2,"[0.294379027732062, 0.1921773781634303]",0,0
37924,[0.81620114 0.69030853],2,0,"[0.7890750777399501, 0.6799557517006445]",1,4
37925,[0.76430118 0.63291316],2,0,"[0.7890750777399501, 0.6799557517006445]",1,-1
37926,[0.29418194 0.12343611],1,2,"[0.294379027732062, 0.1921773781634303]",0,0
37927,[0.73963674 0.53905612],3,-1,-1,1,-1
37928,[0.37744502 0.57680187],0,1,"[0.37965276877051146, 0.575157747726818]",1,-1
37929,[0.41636035 0.67440818],0,-1,-1,1,-1
37930,[0.64315464 0.67155907],3,3,"[0.6601234827680622, 0.6109507568947781]",1,-1
37931,[0.80648688 0.61027169],2,-1,-1,1,-1
37932,[0.8497822  0.76820353],2,-1,-1,1,-1
37933,[0.64849569 0.68329755],3,-1,-1,1,-1
37934,[0.354633   0.47503749],0,-1,-1,1,-1
37935,[0.64925359 0.4226417 ],3,-1,-1,1,-1
37936,[0.79248126 0.69051423],2,0,"[0.7890750777399501, 0.6799557517006445]",1,-1
37937,[0.24064827 0.19477685],1,2,"[0.294379027732062, 0.1921773781634303]",0,0
37938,[0.39893044 0.52695863],0,1,"[0.37965276877051146, 0.575157747726818]",1,-1
37939,[0.42038763 0.57576596],0,1,"[0.37965276877051146, 0.575157747726818]",1,-1
37940,[0.30293839 0.51294846],0,-1,-1,1,-1
37941,[0.37304461 0.56536828],0,1,"[0.37965276877051146, 0.575157747726818]",1,1
37942,[0.40248264 0.58381042],0,1,"[0.37965276877051146, 0.575157747726818]",1,-1
37943,[0.81391753 0.68624492],2,0,"[0.7890750777399501, 0.6799557517006445]",1,4
37944,[0.21017677 0.17016688],1,-1,-1,0,0
37945,[0.30246696 0.10797792],1,-1,-1,0,0
37946,[0.63311745 0.59223333],3,3,"[0.6601234827680622, 0.6109507568947781]",1,-1
37947,[0.29711192 0.17098358],1,2,"[0.294379027732062, 0.1921773781634303]",0,0
37948,[0.64139728 0.60320738],3,3,"[0.6601234827680622, 0.6109507568947781]",1,-1
37949,[0.37741954 0.60343415],0,1,"[0.37965276877051146, 0.575157747726818]",1,-1
37950,[0.78931391 0.57007912],2,-1,-1,1,-1
37951,[0.41296622 0.63845717],0,-1,-1,1,-1
37952,[0.57495949 0.61627459],3,-1,-1,1,-1
37953,[0.33136037 0.51207527],0,-1,-1,1,-1
37954,[0.35620576 0.51508661],0,1,"[0.37965276877051146, 0.575157747726818]",1,-1
37955,[0.80420547 0.71334854],2,0,"[0.7890750777399501, 0.6799557517006445]",1,-1
37956,[0.76607719 0.79362286],2,-1,-1,1,-1
37957,[0.3590758  0.65461767],0,-1,-1,1,-1
37958,[0.39029866 0.57583645],0,1,"[0.37965276877051146, 0.575157747726818]",1,-1
37959,[0.80171304 0.64875128],2,0,"[0.7890750777399501, 0.6799557517006445]",1,-1
37960,[0.64183478 0.59178737],3,3,"[0.6601234827680622, 0.6109507568947781]",1,-1
37961,[0.70650045 0.71759432],2,-1,-1,1,-1
37962,[0.84051909 0.69444276],2,0,"[0.7890750777399501, 0.6799557517006445]",1,-1
37963,[0.4657373  0.56029923],0,-1,-1,1,-1
37964,[0.7989488  0.74127992],2,0,"[0.7890750777399501, 0.6799557517006445]",1,-1
37965,[0.80048968 0.7729092 ],2,-1,-1,1,-1
37966,[0.37237292 0.12809448],1,-1,-1,0,0
37967,[0.76854716 0.71286878],2,0,"[0.7890750777399501, 0.6799557517006445]",1,-1
37968,[0.79449334 0.7381224 ],2,0,"[0.7890750777399501, 0.6799557517006445]",1,-1
37969,[0.69191045 0.69245912],2,-1,-1,1,-1
37970,[0.4247006  0.56842796],0,1,"[0.37965276877051146, 0.575157747726818]",1,-1
37971,[0.38880025 0.2594022 ],1,-1,-1,0,0
37972,[0.57410696 0.71185329],3,-1,-1,1,-1
37973,[0.75645548 0.66172981],2,0,"[0.7890750777399501, 0.6799557517006445]",1,3
37974,[0.29114426 0.28008772],1,-1,-1,0,0
37975,[0.29135804 0.16365467],1,2,"[0.294379027732062, 0.1921773781634303]",0,0
37976,[0.86478012 0.64265963],2,-1,-1,1,-1
37977,[0.35535843 0.52112776],0,1,"[0.37965276877051146, 0.575157747726818]",1,-1
37978,[0.70128314 0.70251114],2,-1,-1,1,-1
37979,[0.28523627 0.2653589 ],1,-1,-1,0,0
37980,[0.36909285 0.22754362],1,-1,-1,0,0
37981,[0.46514116 0.57641017],0,-1,-1,1,-1
37982,[0.66769253 0.5999558 ],3,3,"[0.6601234827680622, 0.6109507568947781]",1,-1
37983,[0.42501549 0.66390468],0,-1,-1,1,-1
37984,[0.69509026 0.64536548],2,3,"[0.6601234827680622, 0.6109507568947781]",1,-1
37985,[0.44335114 0.59996074],0,1,"[0.37965276877051146, 0.575157747726818]",1,-1
37986,[0.76496502 0.70621709],2,0,"[0.7890750777399501, 0.6799557517006445]",1,-1
37987,[0.446319   0.60549294],0,-1,-1,1,-1
37988,[0.40272899 0.52301128],0,1,"[0.37965276877051146, 0.575157747726818]",1,-1
37989,[0.74919914 0.72119854],2,0,"[0.7890750777399501, 0.6799557517006445]",1,-1
37990,[0.77889223 0.71139836],2,0,"[0.7890750777399501, 0.6799557517006445]",1,-1
37991,[0.30376401 0.19439463],1,2,"[0.294379027732062, 0.1921773781634303]",0,0
37992,[0.80837455 0.7169204 ],2,0,"[0.7890750777399501, 0.6799557517006445]",1,-1
37993,[0.29162324 0.13679704],1,2,"[0.294379027732062, 0.1921773781634303]",0,0
37994,[0.32139301 0.21705698],1,2,"[0.294379027732062, 0.1921773781634303]",0,0
37995,[0.65731181 0.51837888],3,-1,-1,1,-1
37996,[0.64862812 0.56682056],3,3,"[0.6601234827680622, 0.6109507568947781]",1,-1
37997,[0.76195295 0.65412839],2,0,"[0.7890750777399501, 0.6799557517006445]",1,-1
37998,[0.8544416  0.68216993],2,0,"[0.7890750777399501, 0.6799557517006445]",1,-1
37999,[0.79392634 0.71337271],2,0,"[0.7890750777399501, 0.6799557517006445]",1,-1
38000,[0.79546414 0.67498883],2,0,"[0.7890750777399501, 0.6799557517006445]",1,4
38001,[0.71205797 0.63214319],3,3,"[0.6601234827680622, 0.6109507568947781]",1,-1
38002,[0.3886787  0.53215278],0,1,"[0.37965276877051146, 0.575157747726818]",1,-1
38003,[0.7392066  0.68471605],2,0,"[0.7890750777399501, 0.6799557517006445]",1,-1
38004,[0.43359641 0.58332346],0,1,"[0.37965276877051146, 0.575157747726818]",1,-1
38005,[0.21949362 0.16246733],1,-1,-1,0,0
38006,[0.35474404 0.18630582],1,2,"[0.294379027732062, 0.1921773781634303]",0,0
38007,[0.74084308 0.65420246],3,0,"[0.7890750777399501, 0.6799557517006445]",1,-1
38008,[0.65894611 0.59144585],3,3,"[0.6601234827680622, 0.6109507568947781]",1,-1
38009,[0.85607194 0.63656997],2,-1,-1,1,-1
38010,[0.23026969 0.09791329],1,-1,-1,0,0
38011,[0.24004001 0.16586206],1,2,"[0.294379027732062, 0.1921773781634303]",0,0
38012,[0.78403035 0.68907811],2,0,"[0.7890750777399501, 0.6799557517006445]",1,-1
38013,[0.25589335 0.16611699],1,2,"[0.294379027732062, 0.1921773781634303]",0,0
38014,[0.28625785 0.22653138],1,2,"[0.294379027732062, 0.1921773781634303]",0,0
38015,[0.72469612 0.60082109],2,3,"[0.6601234827680622, 0.6109507568947781]",1,-1
38016,[0.63662564 0.67895713],3,-1,-1,1,-1
38017,[0.35411432 0.60396116],0,1,"[0.37965276877051146, 0.575157747726818]",1,-1
38018,[0.14066582 0.13577256],1,-1,-1,0,0
38019,[0.33393195 0.56957289],0,1,"[0.37965276877051146, 0.575157747726818]",1,-1
38020,[0.89587041 0.74413547],2,-1,-1,1,-1
38021,[0.67348671 0.54771271],3,3,"[0.6601234827680622, 0.6109507568947781]",1,-1
38022,[0.72047065 0.6433969 ],2,3,"[0.6601234827680622, 0.6109507568947781]",1,-1
38023,[0.33190118 0.21279244],1,2,"[0.294379027732062, 0.1921773781634303]",0,0
38024,[0.3385006  0.21014863],1,2,"[0.294379027732062, 0.1921773781634303]",0,0
38025,[0.64765153 0.58340968],3,3,"[0.6601234827680622, 0.6109507568947781]",1,-1
38026,[0.26620221 0.17460644],1,2,"[0.294379027732062, 0.1921773781634303]",0,0
38027,[0.4606857  0.58980669],0,-1,-1,1,-1
38028,[0.31859737 0.10792808],1,-1,-1,0,0
38029,[0.36293429 0.54335564],0,1,"[0.37965276877051146, 0.575157747726818]",1,-1
38030,[0.32468162 0.60918128],0,1,"[0.37965276877051146, 0.575157747726818]",1,-1
38031,[0.29562841 0.16970416],1,2,"[0.294379027732062, 0.1921773781634303]",0,0
38032,[0.33857385 0.21015314],1,2,"[0.294379027732062, 0.1921773781634303]",0,0
38033,[0.21900769 0.23311018],1,-1,-1,0,0
38034,[0.73249196 0.60612994],3,-1,-1,1,-1
38035,[0.29862774 0.61799648],0,-1,-1,1,-1
38036,[0.37035593 0.42170975],0,-1,-1,1,-1
38037,[0.45166927 0.55757462],0,-1,-1,1,-1
38038,[0.53037528 0.57642516],3,-1,-1,1,-1
38039,[0.36055734 0.62194067],0,1,"[0.37965276877051146, 0.575157747726818]",1,-1
38040,[0.66078528 0.61200585],3,3,"[0.6601234827680622, 0.6109507568947781]",1,-1
38041,[0.34590484 0.6156022 ],0,1,"[0.37965276877051146, 0.575157747726818]",1,-1
38042,[0.7454337  0.62470677],2,-1,-1,1,-1
38043,[0.25847755 0.14372833],1,2,"[0.294379027732062, 0.1921773781634303]",0,0
38044,[0.2870255  0.62167769],0,-1,-1,1,-1
38045,[0.7633816  0.68004317],2,0,"[0.7890750777399501, 0.6799557517006445]",1,-1
38046,[0.37809159 0.63971886],0,1,"[0.37965276877051146, 0.575157747726818]",1,-1
38047,[0.37681621 0.62044917],0,1,"[0.37965276877051146, 0.575157747726818]",1,-1
38048,[0.28454473 0.63329843],0,-1,-1,1,-1
38049,[0.30639626 0.27242207],1,-1,-1,0,0
38050,[0.23726934 0.23206275],1,2,"[0.294379027732062, 0.1921773781634303]",0,0
38051,[0.21644114 0.06630337],1,-1,-1,0,0
38052,[0.81498917 0.65747186],2,0,"[0.7890750777399501, 0.6799557517006445]",1,-1
38053,[0.64366816 0.60366891],3,3,"[0.6601234827680622, 0.6109507568947781]",1,-1
38054,[0.32736398 0.62888189],0,-1,-1,1,-1
38055,[0.69200596 0.53655124],3,-1,-1,1,-1
38056,[0.79164797 0.61153737],2,0,"[0.7890750777399501, 0.6799557517006445]",1,-1
38057,[0.20305266 0.2049304 ],1,-1,-1,0,0
38058,[0.3596728  0.58688389],0,1,"[0.37965276877051146, 0.575157747726818]",1,-1
38059,[0.62974952 0.5377535 ],3,-1,-1,1,-1
38060,[0.59866607 0.70288019],3,-1,-1,1,-1
38061,[0.54707358 0.57889709],3,-1,-1,1,-1
38062,[0.85293718 0.71261132],2,-1,-1,1,-1
38063,[0.80930104 0.59372866],2,-1,-1,1,-1
38064,[0.4259735  0.52382136],0,1,"[0.37965276877051146, 0.575157747726818]",1,-1
38065,[0.70371885 0.54363741],3,-1,-1,1,-1
38066,[0.79753295 0.71951541],2,0,"[0.7890750777399501, 0.6799557517006445]",1,-1
38067,[0.67596466 0.61610494],3,3,"[0.6601234827680622, 0.6109507568947781]",1,-1
38068,[0.34854789 0.55024611],0,1,"[0.37965276877051146, 0.575157747726818]",1,-1
38069,[0.57694418 0.60546179],3,-1,-1,1,-1
38070,[0.25057896 0.19162793],1,2,"[0.294379027732062, 0.1921773781634303]",0,0
38071,[0.74689415 0.66747714],3,0,"[0.7890750777399501, 0.6799557517006445]",1,-1
38072,[0.67536462 0.60876381],3,3,"[0.6601234827680622, 0.6109507568947781]",1,-1
38073,[0.64713903 0.63193173],3,3,"[0.6601234827680622, 0.6109507568947781]",1,-1
38074,[0.33796444 0.54628196],0,1,"[0.37965276877051146, 0.575157747726818]",1,-1
38075,[0.32112728 0.23135785],1,2,"[0.294379027732062, 0.1921773781634303]",0,0
38076,[0.67397392 0.51787396],3,-1,-1,1,-1
38077,[0.8520253  0.66495133],2,0,"[0.7890750777399501, 0.6799557517006445]",1,-1
38078,[0.21872435 0.20609193],1,-1,-1,0,0
38079,[0.87226743 0.70050167],2,-1,-1,1,-1
38080,[0.58849635 0.6258826 ],3,-1,-1,1,-1
38081,[0.27747399 0.14659551],1,2,"[0.294379027732062, 0.1921773781634303]",0,0
38082,[0.3240454  0.10962119],1,-1,-1,0,0
38083,[0.34134743 0.25763703],1,-1,-1,0,0
38084,[0.65652529 0.67484083],3,3,"[0.6601234827680622, 0.6109507568947781]",1,-1
38085,[0.35335923 0.53854059],0,1,"[0.37965276877051146, 0.575157747726818]",1,-1
38086,[0.74005038 0.69364335],2,0,"[0.7890750777399501, 0.6799557517006445]",1,-1
38087,[0.3934785  0.51893207],0,1,"[0.37965276877051146, 0.575157747726818]",1,-1
38088,[0.25509201 0.25460006],1,-1,-1,0,0
38089,[0.82685696 0.60715199],2,-1,-1,1,-1
38090,[0.7972308  0.58390863],3,-1,-1,1,-1
38091,[0.40827819 0.59860374],0,1,"[0.37965276877051146, 0.575157747726818]",1,-1
38092,[0.68317728 0.58931061],3,3,"[0.6601234827680622, 0.6109507568947781]",1,-1
38093,[0.31880248 0.15819249],1,2,"[0.294379027732062, 0.1921773781634303]",0,0
38094,[0.75550075 0.73361763],2,0,"[0.7890750777399501, 0.6799557517006445]",1,-1
38095,[0.71950377 0.63595883],2,3,"[0.6601234827680622, 0.6109507568947781]",1,-1
38096,[0.75269625 0.63032021],2,0,"[0.7890750777399501, 0.6799557517006445]",1,-1
38097,[0.63954011 0.66411238],3,3,"[0.6601234827680622, 0.6109507568947781]",1,-1
38098,[0.29769718 0.15376341],1,2,"[0.294379027732062, 0.1921773781634303]",0,0
38099,[0.31533655 0.16539688],1,2,"[0.294379027732062, 0.1921773781634303]",0,0
38100,[0.32154799 0.14833811],1,2,"[0.294379027732062, 0.1921773781634303]",0,0
38101,[0.30838616 0.60965541],0,-1,-1,1,-1
38102,[0.77466096 0.65666457],2,0,"[0.7890750777399501, 0.6799557517006445]",1,-1
38103,[0.82253158 0.72806402],2,0,"[0.7890750777399501, 0.6799557517006445]",1,-1
38104,[0.69454062 0.54298622],3,-1,-1,1,-1
38105,[0.30949208 0.64548198],0,-1,-1,1,-1
38106,[0.2823809 0.6192797],0,-1,-1,1,-1
38107,[0.30469689 0.18721871],1,2,"[0.294379027732062, 0.1921773781634303]",0,0
38108,[0.32017027 0.23663259],1,2,"[0.294379027732062, 0.1921773781634303]",0,0
38109,[0.73030482 0.60266615],3,-1,-1,1,-1
38110,[0.26478088 0.20191493],1,2,"[0.294379027732062, 0.1921773781634303]",0,0
38111,[0.89475572 0.7268936 ],2,-1,-1,1,-1
38112,[0.67057897 0.64005963],3,3,"[0.6601234827680622, 0.6109507568947781]",1,-1
38113,[0.18375046 0.19007413],1,-1,-1,0,0
38114,[0.71167435 0.72924972],2,-1,-1,1,-1
38115,[0.28429476 0.14818979],1,2,"[0.294379027732062, 0.1921773781634303]",0,0
38116,[0.22086743 0.14164987],1,-1,-1,0,0
38117,[0.67471654 0.71083471],3,-1,-1,1,-1
38118,[0.71507136 0.6293982 ],2,3,"[0.6601234827680622, 0.6109507568947781]",1,-1
38119,[0.73780646 0.69304502],2,0,"[0.7890750777399501, 0.6799557517006445]",1,-1
38120,[0.66168303 0.65165252],3,3,"[0.6601234827680622, 0.6109507568947781]",1,-1
38121,[0.84835723 0.67965807],2,0,"[0.7890750777399501, 0.6799557517006445]",1,-1
38122,[0.34934373 0.11006596],1,-1,-1,0,0
38123,[0.41826948 0.62491778],0,1,"[0.37965276877051146, 0.575157747726818]",1,-1
38124,[0.42190068 0.58312889],0,1,"[0.37965276877051146, 0.575157747726818]",1,-1
38125,[0.36283955 0.6242345 ],0,1,"[0.37965276877051146, 0.575157747726818]",1,-1
38126,[0.62943553 0.61264154],3,3,"[0.6601234827680622, 0.6109507568947781]",1,-1
38127,[0.26825749 0.14718368],1,2,"[0.294379027732062, 0.1921773781634303]",0,0
38128,[0.72946817 0.5907823 ],3,-1,-1,1,-1
38129,[0.27424587 0.16952437],1,2,"[0.294379027732062, 0.1921773781634303]",0,0
38130,[0.72336242 0.67468679],3,0,"[0.7890750777399501, 0.6799557517006445]",1,-1
38131,[0.76696017 0.65903402],2,0,"[0.7890750777399501, 0.6799557517006445]",1,-1
38132,[0.31511386 0.68843862],0,-1,-1,1,-1
38133,[0.35327417 0.63099809],0,1,"[0.37965276877051146, 0.575157747726818]",1,-1
38134,[0.34546641 0.59988703],0,1,"[0.37965276877051146, 0.575157747726818]",1,-1
38135,[0.40660313 0.51372722],0,1,"[0.37965276877051146, 0.575157747726818]",1,-1
38136,[0.73595507 0.6854821 ],3,0,"[0.7890750777399501, 0.6799557517006445]",1,-1
38137,[0.34366762 0.17761892],1,2,"[0.294379027732062, 0.1921773781634303]",0,0
38138,[0.39149183 0.51616355],0,1,"[0.37965276877051146, 0.575157747726818]",1,-1
38139,[0.78844692 0.67408395],2,0,"[0.7890750777399501, 0.6799557517006445]",1,4
38140,[0.36710533 0.56805643],0,1,"[0.37965276877051146, 0.575157747726818]",1,-1
38141,[0.82095522 0.69289856],2,0,"[0.7890750777399501, 0.6799557517006445]",1,-1
38142,[0.71850183 0.66820961],3,-1,-1,1,-1
38143,[0.61405971 0.62211814],3,3,"[0.6601234827680622, 0.6109507568947781]",1,-1
38144,[0.64780668 0.60800114],3,3,"[0.6601234827680622, 0.6109507568947781]",1,6
38145,[0.30756634 0.10808484],1,-1,-1,0,0
38146,[0.74451689 0.68365707],2,0,"[0.7890750777399501, 0.6799557517006445]",1,-1
38147,[0.22842733 0.16113398],1,-1,-1,0,0
38148,[0.57985977 0.55316718],3,-1,-1,1,-1
38149,[0.77685255 0.71003823],2,0,"[0.7890750777399501, 0.6799557517006445]",1,-1
38150,[0.29480652 0.70120382],0,-1,-1,1,-1
38151,[0.77707311 0.65123817],2,0,"[0.7890750777399501, 0.6799557517006445]",1,-1
38152,[0.31404505 0.23537155],1,2,"[0.294379027732062, 0.1921773781634303]",0,0
38153,[0.38325473 0.20244585],1,-1,-1,0,0
38154,[0.29965572 0.11781382],1,-1,-1,0,0
38155,[0.30197246 0.1384243 ],1,2,"[0.294379027732062, 0.1921773781634303]",0,0
38156,[0.35372557 0.55703912],0,1,"[0.37965276877051146, 0.575157747726818]",1,-1
38157,[0.75374138 0.74787276],2,-1,-1,1,-1
38158,[0.65345306 0.56603226],3,3,"[0.6601234827680622, 0.6109507568947781]",1,-1
38159,[0.77679104 0.65701746],2,0,"[0.7890750777399501, 0.6799557517006445]",1,-1
38160,[0.33659751 0.14647503],1,2,"[0.294379027732062, 0.1921773781634303]",0,0
38161,[0.37647349 0.21047267],1,-1,-1,0,0
38162,[0.69311905 0.65158774],3,3,"[0.6601234827680622, 0.6109507568947781]",1,-1
38163,[0.38828278 0.65702792],0,-1,-1,1,-1
38164,[0.37721712 0.58888057],0,1,"[0.37965276877051146, 0.575157747726818]",1,-1
38165,[0.75725445 0.71249988],2,0,"[0.7890750777399501, 0.6799557517006445]",1,-1
38166,[0.75964886 0.7021571 ],2,0,"[0.7890750777399501, 0.6799557517006445]",1,-1
38167,[0.35375352 0.5720613 ],0,1,"[0.37965276877051146, 0.575157747726818]",1,-1
38168,[0.65784414 0.69791778],3,-1,-1,1,-1
38169,[0.3347227  0.12568381],1,-1,-1,0,0
38170,[0.74922481 0.75858986],2,-1,-1,1,-1
38171,[0.75436224 0.66087653],2,0,"[0.7890750777399501, 0.6799557517006445]",1,3
38172,[0.83012545 0.71386771],2,0,"[0.7890750777399501, 0.6799557517006445]",1,-1
38173,[0.64776105 0.61798386],3,3,"[0.6601234827680622, 0.6109507568947781]",1,-1
38174,[0.2959015  0.11506582],1,-1,-1,0,0
38175,[0.38033343 0.60049674],0,1,"[0.37965276877051146, 0.575157747726818]",1,-1
38176,[0.65385078 0.64452421],3,3,"[0.6601234827680622, 0.6109507568947781]",1,-1
38177,[0.79779958 0.6496729 ],2,0,"[0.7890750777399501, 0.6799557517006445]",1,-1
38178,[0.74937566 0.70417599],2,0,"[0.7890750777399501, 0.6799557517006445]",1,-1
38179,[0.33206266 0.61804526],0,1,"[0.37965276877051146, 0.575157747726818]",1,-1
38180,[0.61828149 0.69635773],3,-1,-1,1,-1
38181,[0.71662401 0.70418503],2,-1,-1,1,-1
38182,[0.67881907 0.63070602],3,3,"[0.6601234827680622, 0.6109507568947781]",1,-1
38183,[0.37635163 0.59059461],0,1,"[0.37965276877051146, 0.575157747726818]",1,-1
38184,[0.80031033 0.74269294],2,0,"[0.7890750777399501, 0.6799557517006445]",1,-1
38185,[0.31347492 0.21371629],1,2,"[0.294379027732062, 0.1921773781634303]",0,0
38186,[0.22173304 0.15689771],1,-1,-1,0,0
38187,[0.70928927 0.62223534],3,3,"[0.6601234827680622, 0.6109507568947781]",1,-1
38188,[0.25391371 0.21590104],1,2,"[0.294379027732062, 0.1921773781634303]",0,0
38189,[0.27307223 0.58686447],0,-1,-1,1,-1
38190,[0.80465896 0.75538745],2,-1,-1,1,-1
38191,[0.84594093 0.73070186],2,-1,-1,1,-1
38192,[0.67558871 0.68352848],3,-1,-1,1,-1
38193,[0.79697631 0.65994205],2,0,"[0.7890750777399501, 0.6799557517006445]",1,-1
38194,[0.32510342 0.52681056],0,-1,-1,1,-1
38195,[0.3423781  0.15039175],1,2,"[0.294379027732062, 0.1921773781634303]",0,0
38196,[0.30732532 0.165901  ],1,2,"[0.294379027732062, 0.1921773781634303]",0,0
38197,[0.70472713 0.65427162],3,3,"[0.6601234827680622, 0.6109507568947781]",1,-1
38198,[0.77145257 0.69105396],2,0,"[0.7890750777399501, 0.6799557517006445]",1,-1
38199,[0.77253526 0.73281789],2,0,"[0.7890750777399501, 0.6799557517006445]",1,-1
38200,[0.79591196 0.62585639],2,0,"[0.7890750777399501, 0.6799557517006445]",1,-1
38201,[0.77200048 0.59837627],3,-1,-1,1,-1
38202,[0.34948785 0.23718303],1,-1,-1,0,0
38203,[0.2906031  0.58822289],0,-1,-1,1,-1
38204,[0.76844764 0.74314225],2,0,"[0.7890750777399501, 0.6799557517006445]",1,-1
38205,[0.60373688 0.62115131],3,3,"[0.6601234827680622, 0.6109507568947781]",1,-1
38206,[0.88140966 0.73719571],2,-1,-1,1,-1
38207,[0.75834881 0.58164587],2,-1,-1,1,-1
38208,[0.27347114 0.23590009],1,2,"[0.294379027732062, 0.1921773781634303]",0,0
38209,[0.40887426 0.63375457],0,1,"[0.37965276877051146, 0.575157747726818]",1,-1
38210,[0.74032844 0.63859112],3,0,"[0.7890750777399501, 0.6799557517006445]",1,-1
38211,[0.81248248 0.67094103],2,0,"[0.7890750777399501, 0.6799557517006445]",1,-1
38212,[0.21767654 0.21831521],1,-1,-1,0,0
38213,[0.63210375 0.57397382],3,3,"[0.6601234827680622, 0.6109507568947781]",1,-1
38214,[0.73587597 0.68786949],3,0,"[0.7890750777399501, 0.6799557517006445]",1,-1
38215,[0.69146605 0.57971073],3,3,"[0.6601234827680622, 0.6109507568947781]",1,-1
38216,[0.76014427 0.71312999],2,0,"[0.7890750777399501, 0.6799557517006445]",1,-1
38217,[0.628098   0.57310818],3,3,"[0.6601234827680622, 0.6109507568947781]",1,-1
38218,[0.37124678 0.59535077],0,1,"[0.37965276877051146, 0.575157747726818]",1,-1
38219,[0.24674012 0.22233836],1,2,"[0.294379027732062, 0.1921773781634303]",0,0
38220,[0.22360372 0.2292683 ],1,-1,-1,0,0
38221,[0.66112037 0.61923897],3,3,"[0.6601234827680622, 0.6109507568947781]",1,-1
38222,[0.6814318  0.61883306],3,3,"[0.6601234827680622, 0.6109507568947781]",1,7
38223,[0.27923969 0.16884137],1,2,"[0.294379027732062, 0.1921773781634303]",0,0
38224,[0.68670967 0.60707449],3,3,"[0.6601234827680622, 0.6109507568947781]",1,5
38225,[0.78327419 0.6765113 ],2,0,"[0.7890750777399501, 0.6799557517006445]",1,4
38226,[0.70530507 0.61744206],3,3,"[0.6601234827680622, 0.6109507568947781]",1,-1
38227,[0.29305359 0.20059056],1,2,"[0.294379027732062, 0.1921773781634303]",0,0
38228,[0.87618396 0.70281866],2,-1,-1,1,-1
38229,[0.33803733 0.12999727],1,-1,-1,0,0
38230,[0.72307275 0.56707715],3,-1,-1,1,-1
38231,[0.31576984 0.54903239],0,1,"[0.37965276877051146, 0.575157747726818]",1,-1
38232,[0.3396399  0.60361637],0,1,"[0.37965276877051146, 0.575157747726818]",1,-1
38233,[0.75141141 0.64907026],2,0,"[0.7890750777399501, 0.6799557517006445]",1,-1
38234,[0.77821457 0.70836972],2,0,"[0.7890750777399501, 0.6799557517006445]",1,-1
38235,[0.87058397 0.66473762],2,-1,-1,1,-1
38236,[0.28716029 0.18011638],1,2,"[0.294379027732062, 0.1921773781634303]",0,0
38237,[0.7555698 0.7534473],2,-1,-1,1,-1
38238,[0.39267103 0.5115631 ],0,1,"[0.37965276877051146, 0.575157747726818]",1,-1
38239,[0.41029246 0.60472188],0,1,"[0.37965276877051146, 0.575157747726818]",1,-1
38240,[0.69117837 0.67879765],3,-1,-1,1,-1
38241,[0.33317482 0.19803928],1,2,"[0.294379027732062, 0.1921773781634303]",0,0
38242,[0.30256703 0.23305472],1,2,"[0.294379027732062, 0.1921773781634303]",0,0
38243,[0.33538385 0.24863856],1,2,"[0.294379027732062, 0.1921773781634303]",0,0
38244,[0.22460408 0.19614872],1,2,"[0.294379027732062, 0.1921773781634303]",0,0
38245,[0.70014626 0.62075083],3,3,"[0.6601234827680622, 0.6109507568947781]",1,-1
38246,[0.82807151 0.67456952],2,0,"[0.7890750777399501, 0.6799557517006445]",1,-1
38247,[0.2934492  0.24817989],1,2,"[0.294379027732062, 0.1921773781634303]",0,0
38248,[0.33781237 0.57390778],0,1,"[0.37965276877051146, 0.575157747726818]",1,-1
38249,[0.79135787 0.64776629],2,0,"[0.7890750777399501, 0.6799557517006445]",1,-1
38250,[0.70890246 0.60723221],3,3,"[0.6601234827680622, 0.6109507568947781]",1,-1
38251,[0.64382072 0.69824547],3,-1,-1,1,-1
38252,[0.25145223 0.22839233],1,2,"[0.294379027732062, 0.1921773781634303]",0,0
38253,[0.48610047 0.60817946],0,-1,-1,1,-1
38254,[0.70613026 0.54834713],3,-1,-1,1,-1
38255,[0.65749521 0.60430256],3,3,"[0.6601234827680622, 0.6109507568947781]",1,-1
38256,[0.60392167 0.64190613],3,3,"[0.6601234827680622, 0.6109507568947781]",1,-1
38257,[0.68583915 0.57672571],3,3,"[0.6601234827680622, 0.6109507568947781]",1,-1
38258,[0.29503631 0.18266827],1,2,"[0.294379027732062, 0.1921773781634303]",0,0
38259,[0.26741266 0.20054836],1,2,"[0.294379027732062, 0.1921773781634303]",0,0
38260,[0.41653708 0.60368676],0,1,"[0.37965276877051146, 0.575157747726818]",1,-1
38261,[0.78210932 0.70519686],2,0,"[0.7890750777399501, 0.6799557517006445]",1,-1
38262,[0.31000751 0.19233179],1,2,"[0.294379027732062, 0.1921773781634303]",0,0
38263,[0.83643151 0.62440402],2,-1,-1,1,-1
38264,[0.77790165 0.6370518 ],2,0,"[0.7890750777399501, 0.6799557517006445]",1,-1
38265,[0.80243432 0.62900423],2,0,"[0.7890750777399501, 0.6799557517006445]",1,-1
38266,[0.39780508 0.59592253],0,1,"[0.37965276877051146, 0.575157747726818]",1,-1
38267,[0.30158772 0.66154958],0,-1,-1,1,-1
38268,[0.70967238 0.66283923],3,-1,-1,1,-1
38269,[0.33730586 0.6090388 ],0,1,"[0.37965276877051146, 0.575157747726818]",1,-1
38270,[0.60801922 0.60580489],3,3,"[0.6601234827680622, 0.6109507568947781]",1,-1
38271,[0.42696379 0.56777277],0,1,"[0.37965276877051146, 0.575157747726818]",1,-1
38272,[0.42322119 0.51519402],0,-1,-1,1,-1
38273,[0.33225805 0.59773575],0,1,"[0.37965276877051146, 0.575157747726818]",1,-1
38274,[0.80591042 0.56555043],2,-1,-1,1,-1
38275,[0.74147432 0.63315853],2,0,"[0.7890750777399501, 0.6799557517006445]",1,-1
38276,[0.42301011 0.55803848],0,1,"[0.37965276877051146, 0.575157747726818]",1,-1
38277,[0.24375693 0.22200146],1,2,"[0.294379027732062, 0.1921773781634303]",0,0
38278,[0.78668282 0.68344522],2,0,"[0.7890750777399501, 0.6799557517006445]",1,-1
38279,[0.32544787 0.63895735],0,-1,-1,1,-1
38280,[0.30684388 0.1857349 ],1,2,"[0.294379027732062, 0.1921773781634303]",0,0
38281,[0.3234093  0.06555062],1,-1,-1,0,0
38282,[0.45534428 0.5065847 ],0,-1,-1,1,-1
38283,[0.6925661 0.6050963],3,3,"[0.6601234827680622, 0.6109507568947781]",1,-1
38284,[0.29315082 0.50693695],0,-1,-1,1,-1
38285,[0.60992822 0.66946664],3,-1,-1,1,-1
38286,[0.38140581 0.63392412],0,1,"[0.37965276877051146, 0.575157747726818]",1,-1
38287,[0.65600985 0.6495485 ],3,3,"[0.6601234827680622, 0.6109507568947781]",1,-1
38288,[0.6737402  0.59089091],3,3,"[0.6601234827680622, 0.6109507568947781]",1,-1
38289,[0.75710033 0.70287206],2,0,"[0.7890750777399501, 0.6799557517006445]",1,-1
38290,[0.81258743 0.67482176],2,0,"[0.7890750777399501, 0.6799557517006445]",1,-1
38291,[0.39429592 0.59755043],0,1,"[0.37965276877051146, 0.575157747726818]",1,-1
38292,[0.31689625 0.27692226],1,-1,-1,0,0
38293,[0.24136155 0.14421844],1,-1,-1,0,0
38294,[0.28000278 0.53371281],0,-1,-1,1,-1
38295,[0.69486009 0.5228527 ],3,-1,-1,1,-1
38296,[0.83719259 0.66847558],2,0,"[0.7890750777399501, 0.6799557517006445]",1,-1
38297,[0.33546752 0.23278931],1,2,"[0.294379027732062, 0.1921773781634303]",0,0
38298,[0.31698663 0.13847448],1,2,"[0.294379027732062, 0.1921773781634303]",0,0
38299,[0.37403916 0.14166742],1,-1,-1,0,0
38300,[0.75859664 0.77259736],2,-1,-1,1,-1
38301,[0.70236716 0.63058232],2,3,"[0.6601234827680622, 0.6109507568947781]",1,-1
38302,[0.33200368 0.15130698],1,2,"[0.294379027732062, 0.1921773781634303]",0,0
38303,[0.39869597 0.64868412],0,-1,-1,1,-1
38304,[0.26363659 0.1609849 ],1,2,"[0.294379027732062, 0.1921773781634303]",0,0
38305,[0.46873629 0.50445926],0,-1,-1,1,-1
38306,[0.75275653 0.6224655 ],3,0,"[0.7890750777399501, 0.6799557517006445]",1,-1
38307,[0.72894098 0.74362118],2,-1,-1,1,-1
38308,[0.33896268 0.14862408],1,2,"[0.294379027732062, 0.1921773781634303]",0,0
38309,[0.31682065 0.1764676 ],1,2,"[0.294379027732062, 0.1921773781634303]",0,0
38310,[0.4375881  0.60667083],0,1,"[0.37965276877051146, 0.575157747726818]",1,-1
38311,[0.78515328 0.67391956],2,0,"[0.7890750777399501, 0.6799557517006445]",1,4
38312,[0.3896815  0.57980504],0,1,"[0.37965276877051146, 0.575157747726818]",1,-1
38313,[0.33053525 0.64910185],0,-1,-1,1,-1
38314,[0.78695454 0.71225371],2,0,"[0.7890750777399501, 0.6799557517006445]",1,-1
38315,[0.81172693 0.74771493],2,-1,-1,1,-1
38316,[0.35460337 0.5036997 ],0,-1,-1,1,-1
38317,[0.66512455 0.64765276],3,3,"[0.6601234827680622, 0.6109507568947781]",1,-1
38318,[0.59811298 0.63380247],3,3,"[0.6601234827680622, 0.6109507568947781]",1,-1
38319,[0.45243323 0.4788215 ],0,-1,-1,1,-1
38320,[0.27897874 0.21700611],1,2,"[0.294379027732062, 0.1921773781634303]",0,0
38321,[0.25885055 0.59930574],0,-1,-1,1,-1
38322,[0.86433869 0.679479  ],2,-1,-1,1,-1
38323,[0.67903282 0.57439034],3,3,"[0.6601234827680622, 0.6109507568947781]",1,-1
38324,[0.66840339 0.65412119],3,3,"[0.6601234827680622, 0.6109507568947781]",1,-1
38325,[0.83823951 0.6567505 ],2,0,"[0.7890750777399501, 0.6799557517006445]",1,-1
38326,[0.33554568 0.21164776],1,2,"[0.294379027732062, 0.1921773781634303]",0,0
38327,[0.36827856 0.60313591],0,1,"[0.37965276877051146, 0.575157747726818]",1,-1
38328,[0.5934464  0.71153903],3,-1,-1,1,-1
38329,[0.73691024 0.66089393],2,0,"[0.7890750777399501, 0.6799557517006445]",1,-1
38330,[0.66837971 0.59035659],3,3,"[0.6601234827680622, 0.6109507568947781]",1,-1
38331,[0.74298725 0.65131941],2,0,"[0.7890750777399501, 0.6799557517006445]",1,-1
38332,[0.33188669 0.56694213],0,1,"[0.37965276877051146, 0.575157747726818]",1,-1
38333,[0.23674829 0.12360534],1,-1,-1,0,0
38334,[0.68554615 0.58861847],3,3,"[0.6601234827680622, 0.6109507568947781]",1,-1
38335,[0.77415629 0.61155781],2,-1,-1,1,-1
38336,[0.23546645 0.18857028],1,2,"[0.294379027732062, 0.1921773781634303]",0,0
38337,[0.81495833 0.58811023],2,-1,-1,1,-1
38338,[0.27997966 0.54329528],0,-1,-1,1,-1
38339,[0.29504534 0.22300442],1,2,"[0.294379027732062, 0.1921773781634303]",0,0
38340,[0.68361833 0.52505224],3,-1,-1,1,-1
38341,[0.77484379 0.65979316],2,0,"[0.7890750777399501, 0.6799557517006445]",1,-1
38342,[0.34725194 0.1749445 ],1,2,"[0.294379027732062, 0.1921773781634303]",0,0
38343,[0.73229566 0.66431626],3,0,"[0.7890750777399501, 0.6799557517006445]",1,-1
38344,[0.28065589 0.11384174],1,-1,-1,0,0
38345,[0.63371283 0.5999546 ],3,3,"[0.6601234827680622, 0.6109507568947781]",1,-1
38346,[0.46295107 0.65907661],0,-1,-1,1,-1
38347,[0.2936635  0.24322844],1,2,"[0.294379027732062, 0.1921773781634303]",0,0
38348,[0.34221206 0.61794481],0,1,"[0.37965276877051146, 0.575157747726818]",1,-1
38349,[0.64133578 0.6218431 ],3,3,"[0.6601234827680622, 0.6109507568947781]",1,6
38350,[0.75547779 0.68293966],2,0,"[0.7890750777399501, 0.6799557517006445]",1,-1
38351,[0.64128139 0.60845893],3,3,"[0.6601234827680622, 0.6109507568947781]",1,-1
38352,[0.42224648 0.61162689],0,1,"[0.37965276877051146, 0.575157747726818]",1,-1
38353,[0.33053103 0.19824318],1,2,"[0.294379027732062, 0.1921773781634303]",0,0
38354,[0.24713528 0.17720627],1,2,"[0.294379027732062, 0.1921773781634303]",0,0
38355,[0.36063652 0.61025372],0,1,"[0.37965276877051146, 0.575157747726818]",1,-1
38356,[0.2472659  0.30058078],1,-1,-1,0,0
38357,[0.36488236 0.59690366],0,1,"[0.37965276877051146, 0.575157747726818]",1,-1
38358,[0.29921223 0.15665258],1,2,"[0.294379027732062, 0.1921773781634303]",0,0
38359,[0.36096521 0.19718331],1,2,"[0.294379027732062, 0.1921773781634303]",0,0
38360,[0.36991444 0.4953451 ],0,-1,-1,1,-1
38361,[0.60908955 0.63063952],3,3,"[0.6601234827680622, 0.6109507568947781]",1,-1
38362,[0.71071537 0.69098787],2,-1,-1,1,-1
38363,[0.62655759 0.61500753],3,3,"[0.6601234827680622, 0.6109507568947781]",1,-1
38364,[0.19306239 0.10607767],1,-1,-1,0,0
38365,[0.81906148 0.61060748],2,-1,-1,1,-1
38366,[0.38683632 0.44284115],0,-1,-1,1,-1
38367,[0.29899524 0.21944606],1,2,"[0.294379027732062, 0.1921773781634303]",0,0
38368,[0.60383193 0.62947968],3,3,"[0.6601234827680622, 0.6109507568947781]",1,-1
38369,[0.41960141 0.63279654],0,-1,-1,1,-1
38370,[0.34826891 0.58362486],0,1,"[0.37965276877051146, 0.575157747726818]",1,-1
38371,[0.65533098 0.58160339],3,3,"[0.6601234827680622, 0.6109507568947781]",1,-1
38372,[0.36272646 0.57534054],0,1,"[0.37965276877051146, 0.575157747726818]",1,-1
38373,[0.80388435 0.66548139],2,0,"[0.7890750777399501, 0.6799557517006445]",1,-1
38374,[0.33948699 0.47427142],0,-1,-1,1,-1
38375,[0.68487425 0.62405751],3,3,"[0.6601234827680622, 0.6109507568947781]",1,7
38376,[0.72467017 0.72528283],2,-1,-1,1,-1
38377,[0.61800119 0.63228204],3,3,"[0.6601234827680622, 0.6109507568947781]",1,-1
38378,[0.24018266 0.13227499],1,-1,-1,0,0
38379,[0.36778198 0.59393903],0,1,"[0.37965276877051146, 0.575157747726818]",1,-1
38380,[0.26426207 0.26761756],1,-1,-1,0,0
38381,[0.76642719 0.68917502],2,0,"[0.7890750777399501, 0.6799557517006445]",1,4
38382,[0.254527   0.18607342],1,2,"[0.294379027732062, 0.1921773781634303]",0,0
38383,[0.36152521 0.1936238 ],1,2,"[0.294379027732062, 0.1921773781634303]",0,0
38384,[0.34994175 0.50603697],0,-1,-1,1,-1
38385,[0.34215027 0.22583435],1,2,"[0.294379027732062, 0.1921773781634303]",0,0
38386,[0.85098304 0.61331613],2,-1,-1,1,-1
38387,[0.79104899 0.58316229],2,-1,-1,1,-1
38388,[0.83940092 0.64995688],2,0,"[0.7890750777399501, 0.6799557517006445]",1,-1
38389,[0.73231044 0.73680834],2,-1,-1,1,-1
38390,[0.7646883  0.69662935],2,0,"[0.7890750777399501, 0.6799557517006445]",1,4
38391,[0.31544814 0.636581  ],0,-1,-1,1,-1
38392,[0.7116292  0.52263331],3,-1,-1,1,-1
38393,[0.37133528 0.64001175],0,1,"[0.37965276877051146, 0.575157747726818]",1,-1
38394,[0.30617036 0.18390757],1,2,"[0.294379027732062, 0.1921773781634303]",0,0
38395,[0.30669704 0.16898028],1,2,"[0.294379027732062, 0.1921773781634303]",0,0
38396,[0.70224134 0.53727184],3,-1,-1,1,-1
38397,[0.36786791 0.23075295],1,-1,-1,0,0
38398,[0.30607943 0.58475086],0,-1,-1,1,-1
38399,[0.28406526 0.19094039],1,2,"[0.294379027732062, 0.1921773781634303]",0,0
38400,[0.55692086 0.63956111],3,-1,-1,1,-1
38401,[0.77081837 0.67603137],2,0,"[0.7890750777399501, 0.6799557517006445]",1,-1
38402,[0.71837197 0.65321019],3,-1,-1,1,-1
38403,[0.24365663 0.17743523],1,2,"[0.294379027732062, 0.1921773781634303]",0,0
38404,[0.73212628 0.70149042],3,0,"[0.7890750777399501, 0.6799557517006445]",1,-1
38405,[0.74420653 0.61670982],2,-1,-1,1,-1
38406,[0.35759858 0.22210049],1,2,"[0.294379027732062, 0.1921773781634303]",0,0
38407,[0.41106821 0.63710337],0,1,"[0.37965276877051146, 0.575157747726818]",1,-1
38408,[0.41991548 0.57885523],0,1,"[0.37965276877051146, 0.575157747726818]",1,-1
38409,[0.39379798 0.56384282],0,1,"[0.37965276877051146, 0.575157747726818]",1,2
38410,[0.74865102 0.78258705],2,-1,-1,1,-1
38411,[0.31912872 0.24875858],1,2,"[0.294379027732062, 0.1921773781634303]",0,0
38412,[0.81753108 0.68397242],2,0,"[0.7890750777399501, 0.6799557517006445]",1,-1
38413,[0.80550562 0.67773314],2,0,"[0.7890750777399501, 0.6799557517006445]",1,-1
38414,[0.48303296 0.50101132],0,-1,-1,1,-1
38415,[0.65561415 0.57797625],3,3,"[0.6601234827680622, 0.6109507568947781]",1,-1
38416,[0.91659479 0.67645472],2,-1,-1,1,-1
38417,[0.71226202 0.7038169 ],2,-1,-1,1,-1
38418,[0.41463113 0.58364492],0,1,"[0.37965276877051146, 0.575157747726818]",1,-1
38419,[0.68437985 0.63574556],3,3,"[0.6601234827680622, 0.6109507568947781]",1,-1
38420,[0.80676601 0.71436709],2,0,"[0.7890750777399501, 0.6799557517006445]",1,-1
38421,[0.82192939 0.63793862],2,0,"[0.7890750777399501, 0.6799557517006445]",1,-1
38422,[0.40328503 0.55229667],0,1,"[0.37965276877051146, 0.575157747726818]",1,-1
38423,[0.73227313 0.59204498],3,-1,-1,1,-1
38424,[0.63344324 0.63331568],3,3,"[0.6601234827680622, 0.6109507568947781]",1,-1
38425,[0.24151954 0.10678102],1,-1,-1,0,0
38426,[0.65802839 0.65757951],3,3,"[0.6601234827680622, 0.6109507568947781]",1,-1
38427,[0.68276117 0.68424398],3,-1,-1,1,-1
38428,[0.3394272  0.22061471],1,2,"[0.294379027732062, 0.1921773781634303]",0,0
38429,[0.58353682 0.60310946],3,-1,-1,1,-1
38430,[0.45214506 0.51592079],0,-1,-1,1,-1
38431,[0.69755577 0.63234539],3,3,"[0.6601234827680622, 0.6109507568947781]",1,-1
38432,[0.7583392  0.61545758],2,-1,-1,1,-1
38433,[0.33914815 0.51470982],0,-1,-1,1,-1
38434,[0.6668388  0.58586697],3,3,"[0.6601234827680622, 0.6109507568947781]",1,-1
38435,[0.37876619 0.56597898],0,1,"[0.37965276877051146, 0.575157747726818]",1,-1
38436,[0.4098228  0.62623757],0,1,"[0.37965276877051146, 0.575157747726818]",1,-1
38437,[0.44612873 0.57588953],0,1,"[0.37965276877051146, 0.575157747726818]",1,-1
38438,[0.89534755 0.59803091],2,-1,-1,1,-1
38439,[0.74346117 0.53537256],3,-1,-1,1,-1
38440,[0.42836469 0.57791141],0,1,"[0.37965276877051146, 0.575157747726818]",1,-1
38441,[0.70480564 0.67929033],2,-1,-1,1,-1
38442,[0.6859747  0.67364402],3,3,"[0.6601234827680622, 0.6109507568947781]",1,-1
38443,[0.67588234 0.57884832],3,3,"[0.6601234827680622, 0.6109507568947781]",1,-1
38444,[0.30983941 0.68036993],0,-1,-1,1,-1
38445,[0.68628997 0.55023485],3,3,"[0.6601234827680622, 0.6109507568947781]",1,-1
38446,[0.78568015 0.69169229],2,0,"[0.7890750777399501, 0.6799557517006445]",1,-1
38447,[0.80837899 0.75171419],2,-1,-1,1,-1
38448,[0.62916458 0.57437643],3,3,"[0.6601234827680622, 0.6109507568947781]",1,-1
38449,[0.38567288 0.66464667],0,-1,-1,1,-1
38450,[0.73184596 0.59721277],3,-1,-1,1,-1
38451,[0.78443624 0.67937511],2,0,"[0.7890750777399501, 0.6799557517006445]",1,-1
38452,[0.77080936 0.67151977],3,0,"[0.7890750777399501, 0.6799557517006445]",1,-1
38453,[0.32562415 0.16888848],1,2,"[0.294379027732062, 0.1921773781634303]",0,0
38454,[0.30905619 0.12399886],1,2,"[0.294379027732062, 0.1921773781634303]",0,0
38455,[0.76837631 0.64177922],2,0,"[0.7890750777399501, 0.6799557517006445]",1,-1
38456,[0.38798344 0.57990946],0,1,"[0.37965276877051146, 0.575157747726818]",1,-1
38457,[0.26789067 0.20391147],1,2,"[0.294379027732062, 0.1921773781634303]",0,0
38458,[0.30991319 0.23146714],1,2,"[0.294379027732062, 0.1921773781634303]",0,0
38459,[0.26060579 0.18461771],1,2,"[0.294379027732062, 0.1921773781634303]",0,0
38460,[0.85363051 0.67341085],2,0,"[0.7890750777399501, 0.6799557517006445]",1,-1
38461,[0.3669852  0.49098902],0,-1,-1,1,-1
38462,[0.40388087 0.15770578],1,-1,-1,0,0
38463,[0.60565989 0.54016845],3,-1,-1,1,-1
38464,[0.27073578 0.26195863],1,-1,-1,0,0
38465,[0.35302068 0.5650365 ],0,1,"[0.37965276877051146, 0.575157747726818]",1,-1
38466,[0.3384741  0.56077228],0,1,"[0.37965276877051146, 0.575157747726818]",1,-1
38467,[0.37910938 0.59695757],0,1,"[0.37965276877051146, 0.575157747726818]",1,-1
38468,[0.35491308 0.23586901],1,-1,-1,0,0
38469,[0.68204988 0.62572215],3,3,"[0.6601234827680622, 0.6109507568947781]",1,7
38470,[0.35319102 0.11587212],1,-1,-1,0,0
38471,[0.28185348 0.2661194 ],1,-1,-1,0,0
38472,[0.80513663 0.6713827 ],2,0,"[0.7890750777399501, 0.6799557517006445]",1,4
38473,[0.32913314 0.08206061],1,-1,-1,0,0
38474,[0.7887601  0.67438965],2,0,"[0.7890750777399501, 0.6799557517006445]",1,4
38475,[0.32651499 0.19521614],1,2,"[0.294379027732062, 0.1921773781634303]",0,0
38476,[0.3708525  0.55530727],0,1,"[0.37965276877051146, 0.575157747726818]",1,-1
38477,[0.87179092 0.6568368 ],2,-1,-1,1,-1
38478,[0.83760167 0.68900232],2,0,"[0.7890750777399501, 0.6799557517006445]",1,-1
38479,[0.7367446  0.63080513],2,-1,-1,1,-1
38480,[0.37190801 0.26301143],1,-1,-1,0,0
38481,[0.43720013 0.62407941],0,-1,-1,1,-1
38482,[0.75527221 0.72077225],2,0,"[0.7890750777399501, 0.6799557517006445]",1,-1
38483,[0.62824552 0.56167509],3,3,"[0.6601234827680622, 0.6109507568947781]",1,-1
38484,[0.29951909 0.1837054 ],1,2,"[0.294379027732062, 0.1921773781634303]",0,0
38485,[0.27576997 0.23678275],1,2,"[0.294379027732062, 0.1921773781634303]",0,0
38486,[0.75946954 0.74541503],2,-1,-1,1,-1
38487,[0.31387227 0.23528116],1,2,"[0.294379027732062, 0.1921773781634303]",0,0
38488,[0.35134336 0.60920319],0,1,"[0.37965276877051146, 0.575157747726818]",1,-1
38489,[0.42976606 0.57700088],0,1,"[0.37965276877051146, 0.575157747726818]",1,-1
38490,[0.84737151 0.60808862],2,-1,-1,1,-1
38491,[0.38437009 0.63707031],0,1,"[0.37965276877051146, 0.575157747726818]",1,-1
38492,[0.57568457 0.58048468],3,-1,-1,1,-1
38493,[0.34641608 0.71167053],0,-1,-1,1,-1
38494,[0.2796302  0.22495307],1,2,"[0.294379027732062, 0.1921773781634303]",0,0
38495,[0.60553664 0.65237498],3,3,"[0.6601234827680622, 0.6109507568947781]",1,-1
38496,[0.72058586 0.56822989],3,-1,-1,1,-1
38497,[0.33027717 0.57006895],0,1,"[0.37965276877051146, 0.575157747726818]",1,-1
38498,[0.2671731  0.14425253],1,2,"[0.294379027732062, 0.1921773781634303]",0,0
38499,[0.38049767 0.59619462],0,1,"[0.37965276877051146, 0.575157747726818]",1,-1
38500,[0.29665092 0.51788649],0,-1,-1,1,-1
38501,[0.38498919 0.55949584],0,1,"[0.37965276877051146, 0.575157747726818]",1,-1
38502,[0.82601199 0.62790946],2,0,"[0.7890750777399501, 0.6799557517006445]",1,-1
38503,[0.27797331 0.25024351],1,2,"[0.294379027732062, 0.1921773781634303]",0,0
38504,[0.65106753 0.67419404],3,3,"[0.6601234827680622, 0.6109507568947781]",1,-1
38505,[0.37530207 0.56152047],0,1,"[0.37965276877051146, 0.575157747726818]",1,-1
38506,[0.4554158  0.52231035],0,-1,-1,1,-1
38507,[0.40808597 0.57463416],0,1,"[0.37965276877051146, 0.575157747726818]",1,2
38508,[0.29011721 0.09160897],1,-1,-1,0,0
38509,[0.42579092 0.58143767],0,1,"[0.37965276877051146, 0.575157747726818]",1,-1
38510,[0.32255614 0.24311521],1,2,"[0.294379027732062, 0.1921773781634303]",0,0
38511,[0.38527418 0.57483661],0,1,"[0.37965276877051146, 0.575157747726818]",1,-1
38512,[0.68919842 0.62710411],3,3,"[0.6601234827680622, 0.6109507568947781]",1,7
38513,[0.38620081 0.63596316],0,1,"[0.37965276877051146, 0.575157747726818]",1,-1
38514,[0.20201189 0.1743108 ],1,-1,-1,0,0
38515,[0.30237929 0.5261405 ],0,-1,-1,1,-1
38516,[0.60984494 0.60836531],3,3,"[0.6601234827680622, 0.6109507568947781]",1,-1
38517,[0.75710033 0.68988119],2,0,"[0.7890750777399501, 0.6799557517006445]",1,-1
38518,[0.23662294 0.26524624],1,-1,-1,0,0
38519,[0.67231891 0.60291901],3,3,"[0.6601234827680622, 0.6109507568947781]",1,-1
38520,[0.85792475 0.60966435],2,-1,-1,1,-1
38521,[0.7939508  0.71354167],2,0,"[0.7890750777399501, 0.6799557517006445]",1,-1
38522,[0.34686597 0.54843231],0,1,"[0.37965276877051146, 0.575157747726818]",1,-1
38523,[0.3709423  0.49314881],0,-1,-1,1,-1
38524,[0.69427143 0.62621918],2,3,"[0.6601234827680622, 0.6109507568947781]",1,-1
38525,[0.3002856  0.23502137],1,2,"[0.294379027732062, 0.1921773781634303]",0,0
38526,[0.77510209 0.62486659],2,0,"[0.7890750777399501, 0.6799557517006445]",1,-1
38527,[0.41615501 0.64363357],0,-1,-1,1,-1
38528,[0.83139037 0.62823128],2,0,"[0.7890750777399501, 0.6799557517006445]",1,-1
38529,[0.60882001 0.59887339],3,3,"[0.6601234827680622, 0.6109507568947781]",1,-1
38530,[0.6909634 0.6190124],3,3,"[0.6601234827680622, 0.6109507568947781]",1,-1
38531,[0.25659797 0.22430549],1,2,"[0.294379027732062, 0.1921773781634303]",0,0
38532,[0.60472336 0.65329974],3,3,"[0.6601234827680622, 0.6109507568947781]",1,-1
38533,[0.70761332 0.59683137],3,3,"[0.6601234827680622, 0.6109507568947781]",1,-1
38534,[0.32166512 0.19601593],1,2,"[0.294379027732062, 0.1921773781634303]",0,0
38535,[0.61496014 0.6428964 ],3,3,"[0.6601234827680622, 0.6109507568947781]",1,-1
38536,[0.83581931 0.68873714],2,0,"[0.7890750777399501, 0.6799557517006445]",1,-1
38537,[0.37353765 0.56856313],0,1,"[0.37965276877051146, 0.575157747726818]",1,1
38538,[0.33073432 0.57396289],0,1,"[0.37965276877051146, 0.575157747726818]",1,-1
38539,[0.78673581 0.56416452],2,-1,-1,1,-1
38540,[0.35984333 0.23241092],1,-1,-1,0,0
38541,[0.37588258 0.6046075 ],0,1,"[0.37965276877051146, 0.575157747726818]",1,-1
38542,[0.76715014 0.72061191],2,0,"[0.7890750777399501, 0.6799557517006445]",1,-1
38543,[0.67149013 0.53992884],3,-1,-1,1,-1
38544,[0.225945   0.22074638],1,-1,-1,0,0
38545,[0.37666433 0.52333211],0,1,"[0.37965276877051146, 0.575157747726818]",1,-1
38546,[0.63527319 0.65302951],3,3,"[0.6601234827680622, 0.6109507568947781]",1,-1
38547,[0.69127867 0.64156374],3,3,"[0.6601234827680622, 0.6109507568947781]",1,-1
38548,[0.26740658 0.2140547 ],1,2,"[0.294379027732062, 0.1921773781634303]",0,0
38549,[0.8591333  0.69002025],2,-1,-1,1,-1
38550,[0.70948963 0.64185978],3,3,"[0.6601234827680622, 0.6109507568947781]",1,-1
38551,[0.79968737 0.6522465 ],2,0,"[0.7890750777399501, 0.6799557517006445]",1,-1
38552,[0.30892968 0.17550177],1,2,"[0.294379027732062, 0.1921773781634303]",0,0
38553,[0.4352722  0.53125062],0,-1,-1,1,-1
38554,[0.722154   0.61388289],2,3,"[0.6601234827680622, 0.6109507568947781]",1,-1
38555,[0.80299966 0.62845754],2,0,"[0.7890750777399501, 0.6799557517006445]",1,-1
38556,[0.32765953 0.23698545],1,2,"[0.294379027732062, 0.1921773781634303]",0,0
38557,[0.90577327 0.64134346],2,-1,-1,1,-1
38558,[0.62913363 0.7028879 ],3,-1,-1,1,-1
38559,[0.68767632 0.6794554 ],2,-1,-1,1,-1
38560,[0.42511561 0.62523705],0,1,"[0.37965276877051146, 0.575157747726818]",1,-1
38561,[0.81676095 0.5774702 ],2,-1,-1,1,-1
38562,[0.78836146 0.69500106],2,0,"[0.7890750777399501, 0.6799557517006445]",1,-1
38563,[0.32150642 0.52211655],0,-1,-1,1,-1
38564,[0.42237968 0.49303603],0,-1,-1,1,-1
38565,[0.40786784 0.51776263],0,1,"[0.37965276877051146, 0.575157747726818]",1,-1
38566,[0.85563946 0.64780276],2,-1,-1,1,-1
38567,[0.42325677 0.62990389],0,1,"[0.37965276877051146, 0.575157747726818]",1,-1
38568,[0.26032893 0.22348063],1,2,"[0.294379027732062, 0.1921773781634303]",0,0
38569,[0.73790086 0.65617656],2,0,"[0.7890750777399501, 0.6799557517006445]",1,-1
38570,[0.69133987 0.6495914 ],2,3,"[0.6601234827680622, 0.6109507568947781]",1,-1
38571,[0.74149677 0.58665831],3,-1,-1,1,-1
38572,[0.35257112 0.17938852],1,2,"[0.294379027732062, 0.1921773781634303]",0,0
38573,[0.66073732 0.64892061],3,3,"[0.6601234827680622, 0.6109507568947781]",1,-1
38574,[0.77297157 0.7195371 ],2,0,"[0.7890750777399501, 0.6799557517006445]",1,-1
38575,[0.69805996 0.65803021],3,3,"[0.6601234827680622, 0.6109507568947781]",1,-1
38576,[0.57129996 0.50145044],3,-1,-1,1,-1
38577,[0.67903111 0.58423955],3,3,"[0.6601234827680622, 0.6109507568947781]",1,-1
38578,[0.43887297 0.49190721],0,-1,-1,1,-1
38579,[0.37734452 0.56501772],0,1,"[0.37965276877051146, 0.575157747726818]",1,-1
38580,[0.7227593  0.70400731],2,-1,-1,1,-1
38581,[0.315083   0.63408735],0,-1,-1,1,-1
38582,[0.70695223 0.65247367],3,3,"[0.6601234827680622, 0.6109507568947781]",1,-1
38583,[0.40449576 0.64337316],0,-1,-1,1,-1
38584,[0.56386878 0.59426272],3,-1,-1,1,-1
38585,[0.74204136 0.66735086],2,0,"[0.7890750777399501, 0.6799557517006445]",1,-1
38586,[0.29633668 0.19580347],1,2,"[0.294379027732062, 0.1921773781634303]",0,0
38587,[0.76352645 0.65977374],2,0,"[0.7890750777399501, 0.6799557517006445]",1,3
38588,[0.31182935 0.09667501],1,-1,-1,0,0
38589,[0.65909841 0.70131396],3,-1,-1,1,-1
38590,[0.31060127 0.17305514],1,2,"[0.294379027732062, 0.1921773781634303]",0,0
38591,[0.30698239 0.2013208 ],1,2,"[0.294379027732062, 0.1921773781634303]",0,0
38592,[0.81213945 0.71150334],2,0,"[0.7890750777399501, 0.6799557517006445]",1,-1
38593,[0.8709645  0.49319193],2,-1,-1,1,-1
38594,[0.71903702 0.69964255],2,-1,-1,1,-1
38595,[0.21271997 0.16253236],1,-1,-1,0,0
38596,[0.62976474 0.5703017 ],3,3,"[0.6601234827680622, 0.6109507568947781]",1,-1
38597,[0.73903188 0.61448687],3,-1,-1,1,-1
38598,[0.62294964 0.658429  ],3,3,"[0.6601234827680622, 0.6109507568947781]",1,-1
38599,[0.740588   0.68503208],2,0,"[0.7890750777399501, 0.6799557517006445]",1,-1
38600,[0.32579819 0.66704437],0,-1,-1,1,-1
38601,[0.21569367 0.17565033],1,-1,-1,0,0
38602,[0.32170754 0.62595339],0,-1,-1,1,-1
38603,[0.70086997 0.67423545],3,-1,-1,1,-1
38604,[0.37341164 0.60361052],0,1,"[0.37965276877051146, 0.575157747726818]",1,-1
38605,[0.39421337 0.10007013],1,-1,-1,0,0
38606,[0.37393739 0.1155537 ],1,-1,-1,0,0
38607,[0.76648078 0.69444859],2,0,"[0.7890750777399501, 0.6799557517006445]",1,-1
38608,[0.59018663 0.62243447],3,-1,-1,1,-1
38609,[0.64120003 0.65678081],3,3,"[0.6601234827680622, 0.6109507568947781]",1,-1
38610,[0.73390199 0.64746449],2,0,"[0.7890750777399501, 0.6799557517006445]",1,-1
38611,[0.3478664 0.590292 ],0,1,"[0.37965276877051146, 0.575157747726818]",1,-1
38612,[0.6163728  0.64630758],3,3,"[0.6601234827680622, 0.6109507568947781]",1,-1
38613,[0.19232333 0.10780702],1,-1,-1,0,0
38614,[0.68317726 0.6592411 ],3,3,"[0.6601234827680622, 0.6109507568947781]",1,-1
38615,[0.45331175 0.59554388],0,-1,-1,1,-1
38616,[0.36797086 0.61847906],0,1,"[0.37965276877051146, 0.575157747726818]",1,-1
38617,[0.32331608 0.19499118],1,2,"[0.294379027732062, 0.1921773781634303]",0,0
38618,[0.64228243 0.52291623],3,-1,-1,1,-1
38619,[0.24165108 0.21342753],1,2,"[0.294379027732062, 0.1921773781634303]",0,0
38620,[0.71339768 0.54053415],3,-1,-1,1,-1
38621,[0.30124074 0.23504239],1,2,"[0.294379027732062, 0.1921773781634303]",0,0
38622,[0.7806207  0.65768626],2,0,"[0.7890750777399501, 0.6799557517006445]",1,-1
38623,[0.31470037 0.26720777],1,-1,-1,0,0
38624,[0.77945544 0.68677122],2,0,"[0.7890750777399501, 0.6799557517006445]",1,-1
38625,[0.69204879 0.5428258 ],3,-1,-1,1,-1
38626,[0.7103077  0.63255749],2,3,"[0.6601234827680622, 0.6109507568947781]",1,-1
38627,[0.7793215  0.68539372],2,0,"[0.7890750777399501, 0.6799557517006445]",1,4
38628,[0.65433166 0.77420346],3,-1,-1,1,-1
38629,[0.77805145 0.7097593 ],2,0,"[0.7890750777399501, 0.6799557517006445]",1,-1
38630,[0.30384146 0.16125715],1,2,"[0.294379027732062, 0.1921773781634303]",0,0
38631,[0.78182806 0.77357361],2,-1,-1,1,-1
38632,[0.39682041 0.54581978],0,1,"[0.37965276877051146, 0.575157747726818]",1,-1
38633,[0.25921576 0.18812884],1,2,"[0.294379027732062, 0.1921773781634303]",0,0
38634,[0.66473515 0.62332179],3,3,"[0.6601234827680622, 0.6109507568947781]",1,7
38635,[0.6994721  0.62190272],3,3,"[0.6601234827680622, 0.6109507568947781]",1,-1
38636,[0.30906025 0.17017103],1,2,"[0.294379027732062, 0.1921773781634303]",0,0
38637,[0.29076212 0.24638302],1,2,"[0.294379027732062, 0.1921773781634303]",0,0
38638,[0.39715404 0.58902652],0,1,"[0.37965276877051146, 0.575157747726818]",1,-1
38639,[0.69711443 0.59375033],3,3,"[0.6601234827680622, 0.6109507568947781]",1,-1
38640,[0.74445671 0.63272608],2,0,"[0.7890750777399501, 0.6799557517006445]",1,-1
38641,[0.75978287 0.65824996],2,0,"[0.7890750777399501, 0.6799557517006445]",1,3
38642,[0.75065169 0.7199232 ],2,0,"[0.7890750777399501, 0.6799557517006445]",1,-1
38643,[0.28428616 0.18963455],1,2,"[0.294379027732062, 0.1921773781634303]",0,0
38644,[0.69526124 0.5930277 ],3,3,"[0.6601234827680622, 0.6109507568947781]",1,-1
38645,[0.22124453 0.18109107],1,-1,-1,0,0
38646,[0.79368551 0.69704788],2,0,"[0.7890750777399501, 0.6799557517006445]",1,-1
38647,[0.35100084 0.2315632 ],1,2,"[0.294379027732062, 0.1921773781634303]",0,0
38648,[0.37385606 0.52585283],0,1,"[0.37965276877051146, 0.575157747726818]",1,-1
38649,[0.40545758 0.5000807 ],0,-1,-1,1,-1
38650,[0.38241811 0.50785596],0,1,"[0.37965276877051146, 0.575157747726818]",1,-1
38651,[0.80862994 0.62286323],2,0,"[0.7890750777399501, 0.6799557517006445]",1,-1
38652,[0.41888022 0.5609017 ],0,1,"[0.37965276877051146, 0.575157747726818]",1,-1
38653,[0.28135603 0.17786194],1,2,"[0.294379027732062, 0.1921773781634303]",0,0
38654,[0.69270552 0.50992109],3,-1,-1,1,-1
38655,[0.62056299 0.59967311],3,3,"[0.6601234827680622, 0.6109507568947781]",1,-1
38656,[0.34357945 0.45184839],0,-1,-1,1,-1
38657,[0.2788025  0.26362362],1,-1,-1,0,0
38658,[0.30665732 0.54602743],0,-1,-1,1,-1
38659,[0.31223646 0.5916324 ],0,1,"[0.37965276877051146, 0.575157747726818]",1,-1
38660,[0.66042417 0.65204981],3,3,"[0.6601234827680622, 0.6109507568947781]",1,-1
38661,[0.30827079 0.2280466 ],1,2,"[0.294379027732062, 0.1921773781634303]",0,0
38662,[0.76654751 0.66399216],3,0,"[0.7890750777399501, 0.6799557517006445]",1,-1
38663,[0.4362139  0.59737327],0,1,"[0.37965276877051146, 0.575157747726818]",1,-1
38664,[0.73283699 0.71755932],2,0,"[0.7890750777399501, 0.6799557517006445]",1,-1
38665,[0.76239421 0.64352516],2,0,"[0.7890750777399501, 0.6799557517006445]",1,-1
38666,[0.28541075 0.26817922],1,-1,-1,0,0
38667,[0.37921694 0.51535385],0,1,"[0.37965276877051146, 0.575157747726818]",1,-1
38668,[0.35512029 0.50690833],0,-1,-1,1,-1
38669,[0.25210094 0.20238863],1,2,"[0.294379027732062, 0.1921773781634303]",0,0
38670,[0.77393087 0.68237959],2,0,"[0.7890750777399501, 0.6799557517006445]",1,4
38671,[0.31132644 0.28824274],1,-1,-1,0,0
38672,[0.45676236 0.59412073],0,-1,-1,1,-1
38673,[0.29436718 0.29822273],1,-1,-1,0,0
38674,[0.27859303 0.57588118],0,-1,-1,1,-1
38675,[0.67642901 0.60809963],3,3,"[0.6601234827680622, 0.6109507568947781]",1,-1
38676,[0.21217065 0.17902133],1,-1,-1,0,0
38677,[0.35784836 0.26651773],1,-1,-1,0,0
38678,[0.69928953 0.62123547],3,3,"[0.6601234827680622, 0.6109507568947781]",1,-1
38679,[0.79664653 0.70944341],2,0,"[0.7890750777399501, 0.6799557517006445]",1,-1
38680,[0.62080838 0.65332281],3,3,"[0.6601234827680622, 0.6109507568947781]",1,-1
38681,[0.27661667 0.23467909],1,2,"[0.294379027732062, 0.1921773781634303]",0,0
38682,[0.34755215 0.12659044],1,-1,-1,0,0
38683,[0.34009931 0.10875662],1,-1,-1,0,0
38684,[0.34597234 0.60677018],0,1,"[0.37965276877051146, 0.575157747726818]",1,-1
38685,[0.28974503 0.21117067],1,2,"[0.294379027732062, 0.1921773781634303]",0,0
38686,[0.29846636 0.16027586],1,2,"[0.294379027732062, 0.1921773781634303]",0,0
38687,[0.20816737 0.20733858],1,-1,-1,0,0
38688,[0.38542507 0.26092671],1,-1,-1,0,0
38689,[0.70701204 0.70316284],2,-1,-1,1,-1
38690,[0.59030201 0.62603182],3,-1,-1,1,-1
38691,[0.70213546 0.59205489],2,3,"[0.6601234827680622, 0.6109507568947781]",1,-1
38692,[0.64509358 0.52838246],3,-1,-1,1,-1
38693,[0.7365096  0.75600048],2,-1,-1,1,-1
38694,[0.32553887 0.56959425],0,1,"[0.37965276877051146, 0.575157747726818]",1,-1
38695,[0.28850202 0.25744116],1,2,"[0.294379027732062, 0.1921773781634303]",0,0
38696,[0.35417613 0.5275691 ],0,1,"[0.37965276877051146, 0.575157747726818]",1,-1
38697,[0.31617585 0.11625629],1,-1,-1,0,0
38698,[0.35046017 0.16733933],1,2,"[0.294379027732062, 0.1921773781634303]",0,0
38699,[0.39266762 0.65254289],0,-1,-1,1,-1
38700,[0.3279238  0.25598183],1,-1,-1,0,0
38701,[0.79539353 0.644974  ],2,0,"[0.7890750777399501, 0.6799557517006445]",1,-1
38702,[0.29647155 0.24991887],1,2,"[0.294379027732062, 0.1921773781634303]",0,0
38703,[0.41996848 0.59477705],0,1,"[0.37965276877051146, 0.575157747726818]",1,-1
38704,[0.75297985 0.74413493],2,-1,-1,1,-1
38705,[0.38735886 0.25877156],1,-1,-1,0,0
38706,[0.6892711  0.51794671],3,-1,-1,1,-1
38707,[0.25589141 0.17536611],1,2,"[0.294379027732062, 0.1921773781634303]",0,0
38708,[0.26669269 0.13870976],1,2,"[0.294379027732062, 0.1921773781634303]",0,0
38709,[0.31745927 0.18333663],1,2,"[0.294379027732062, 0.1921773781634303]",0,0
38710,[0.32543126 0.14052405],1,2,"[0.294379027732062, 0.1921773781634303]",0,0
38711,[0.82900513 0.74054785],2,-1,-1,1,-1
38712,[0.33642955 0.67199542],0,-1,-1,1,-1
38713,[0.38553751 0.54248121],0,1,"[0.37965276877051146, 0.575157747726818]",1,-1
38714,[0.3595875  0.21768969],1,-1,-1,0,0
38715,[0.71961363 0.60280428],3,3,"[0.6601234827680622, 0.6109507568947781]",1,-1
38716,[0.33281176 0.17207969],1,2,"[0.294379027732062, 0.1921773781634303]",0,0
38717,[0.70950044 0.51273042],3,-1,-1,1,-1
38718,[0.77744669 0.70157617],2,0,"[0.7890750777399501, 0.6799557517006445]",1,-1
38719,[0.69185731 0.61564928],3,3,"[0.6601234827680622, 0.6109507568947781]",1,-1
38720,[0.80386566 0.68966245],2,0,"[0.7890750777399501, 0.6799557517006445]",1,-1
38721,[0.34797718 0.66911817],0,-1,-1,1,-1
38722,[0.31999826 0.24424764],1,2,"[0.294379027732062, 0.1921773781634303]",0,0
38723,[0.31018378 0.2018558 ],1,2,"[0.294379027732062, 0.1921773781634303]",0,0
38724,[0.32290076 0.60947152],0,1,"[0.37965276877051146, 0.575157747726818]",1,-1
38725,[0.36288401 0.59071967],0,1,"[0.37965276877051146, 0.575157747726818]",1,-1
38726,[0.79627928 0.63427134],2,0,"[0.7890750777399501, 0.6799557517006445]",1,-1
38727,[0.35116747 0.62003952],0,1,"[0.37965276877051146, 0.575157747726818]",1,-1
38728,[0.46330349 0.56301601],0,-1,-1,1,-1
38729,[0.73938939 0.64649818],3,0,"[0.7890750777399501, 0.6799557517006445]",1,-1
38730,[0.80201443 0.67968333],2,0,"[0.7890750777399501, 0.6799557517006445]",1,-1
38731,[0.6410073  0.54228633],3,-1,-1,1,-1
38732,[0.75706376 0.71520635],2,0,"[0.7890750777399501, 0.6799557517006445]",1,-1
38733,[0.37618911 0.14886417],1,-1,-1,0,0
38734,[0.77079609 0.61621955],2,0,"[0.7890750777399501, 0.6799557517006445]",1,-1
38735,[0.29485238 0.2159567 ],1,2,"[0.294379027732062, 0.1921773781634303]",0,0
38736,[0.32576485 0.60316854],0,1,"[0.37965276877051146, 0.575157747726818]",1,-1
38737,[0.68345929 0.58669357],3,3,"[0.6601234827680622, 0.6109507568947781]",1,-1
38738,[0.66315722 0.6452203 ],3,3,"[0.6601234827680622, 0.6109507568947781]",1,-1
38739,[0.29719486 0.15823588],1,2,"[0.294379027732062, 0.1921773781634303]",0,0
38740,[0.25877834 0.1413769 ],1,2,"[0.294379027732062, 0.1921773781634303]",0,0
38741,[0.26578958 0.19661884],1,2,"[0.294379027732062, 0.1921773781634303]",0,0
38742,[0.24590458 0.12623342],1,-1,-1,0,0
38743,[0.8063326  0.75386643],2,-1,-1,1,-1
38744,[0.34617959 0.54512959],0,1,"[0.37965276877051146, 0.575157747726818]",1,-1
38745,[0.628279   0.66887431],3,3,"[0.6601234827680622, 0.6109507568947781]",1,-1
38746,[0.24780119 0.23781366],1,2,"[0.294379027732062, 0.1921773781634303]",0,0
38747,[0.3195633 0.1273097],1,2,"[0.294379027732062, 0.1921773781634303]",0,0
38748,[0.3711372  0.68290776],0,-1,-1,1,-1
38749,[0.70622437 0.67180773],2,-1,-1,1,-1
38750,[0.67109689 0.64868417],3,3,"[0.6601234827680622, 0.6109507568947781]",1,-1
38751,[0.36223416 0.30879297],1,-1,-1,0,0
38752,[0.56075979 0.62576788],3,-1,-1,1,-1
38753,[0.80567926 0.72892068],2,0,"[0.7890750777399501, 0.6799557517006445]",1,-1
38754,[0.44825562 0.54911348],0,-1,-1,1,-1
38755,[0.78958808 0.68486932],2,0,"[0.7890750777399501, 0.6799557517006445]",1,-1
38756,[0.2553783  0.21205514],1,2,"[0.294379027732062, 0.1921773781634303]",0,0
38757,[0.27464222 0.16079803],1,2,"[0.294379027732062, 0.1921773781634303]",0,0
38758,[0.25129103 0.16636001],1,2,"[0.294379027732062, 0.1921773781634303]",0,0
38759,[0.80452594 0.81093647],2,-1,-1,1,-1
38760,[0.73509515 0.79579506],2,-1,-1,1,-1
38761,[0.41744942 0.54963259],0,1,"[0.37965276877051146, 0.575157747726818]",1,-1
38762,[0.29209337 0.21532387],1,2,"[0.294379027732062, 0.1921773781634303]",0,0
38763,[0.81642674 0.67697373],2,0,"[0.7890750777399501, 0.6799557517006445]",1,-1
38764,[0.81589089 0.70577443],2,0,"[0.7890750777399501, 0.6799557517006445]",1,-1
38765,[0.67497577 0.66120725],3,3,"[0.6601234827680622, 0.6109507568947781]",1,-1
38766,[0.48639217 0.45673659],0,-1,-1,1,-1
38767,[0.74205302 0.69786849],2,0,"[0.7890750777399501, 0.6799557517006445]",1,-1
38768,[0.32616663 0.51770489],0,-1,-1,1,-1
38769,[0.2482994  0.15911191],1,2,"[0.294379027732062, 0.1921773781634303]",0,0
38770,[0.76795183 0.69583469],2,0,"[0.7890750777399501, 0.6799557517006445]",1,-1
38771,[0.35530748 0.55730327],0,1,"[0.37965276877051146, 0.575157747726818]",1,-1
38772,[0.78457477 0.71801054],2,0,"[0.7890750777399501, 0.6799557517006445]",1,-1
38773,[0.73312512 0.71245583],2,0,"[0.7890750777399501, 0.6799557517006445]",1,-1
38774,[0.24051061 0.13780176],1,-1,-1,0,0
38775,[0.27627856 0.1833509 ],1,2,"[0.294379027732062, 0.1921773781634303]",0,0
38776,[0.30688946 0.21828926],1,2,"[0.294379027732062, 0.1921773781634303]",0,0
38777,[0.3410256 0.165349 ],1,2,"[0.294379027732062, 0.1921773781634303]",0,0
38778,[0.6968668  0.65167907],3,3,"[0.6601234827680622, 0.6109507568947781]",1,-1
38779,[0.43350962 0.5471637 ],0,1,"[0.37965276877051146, 0.575157747726818]",1,-1
38780,[0.67007528 0.49946222],3,-1,-1,1,-1
38781,[0.73755854 0.5678084 ],3,-1,-1,1,-1
38782,[0.70911604 0.7061098 ],2,-1,-1,1,-1
38783,[0.74643984 0.65677451],2,0,"[0.7890750777399501, 0.6799557517006445]",1,-1
38784,[0.52152536 0.57964745],0,-1,-1,1,-1
38785,[0.3334496  0.58983621],0,1,"[0.37965276877051146, 0.575157747726818]",1,-1
38786,[0.58829216 0.54770852],3,-1,-1,1,-1
38787,[0.24559158 0.19528757],1,2,"[0.294379027732062, 0.1921773781634303]",0,0
38788,[0.63314275 0.58910242],3,3,"[0.6601234827680622, 0.6109507568947781]",1,-1
38789,[0.70985657 0.67935338],2,-1,-1,1,-1
38790,[0.35074685 0.58339923],0,1,"[0.37965276877051146, 0.575157747726818]",1,-1
38791,[0.44612517 0.52849599],0,-1,-1,1,-1
38792,[0.31546384 0.59882546],0,1,"[0.37965276877051146, 0.575157747726818]",1,-1
38793,[0.77846887 0.63055258],3,0,"[0.7890750777399501, 0.6799557517006445]",1,-1
38794,[0.67486267 0.69641767],3,-1,-1,1,-1
38795,[0.32270905 0.1864797 ],1,2,"[0.294379027732062, 0.1921773781634303]",0,0
38796,[0.76979871 0.67031411],2,0,"[0.7890750777399501, 0.6799557517006445]",1,-1
38797,[0.32044079 0.1582156 ],1,2,"[0.294379027732062, 0.1921773781634303]",0,0
38798,[0.21436065 0.19366562],1,-1,-1,0,0
38799,[0.61490057 0.57447806],3,3,"[0.6601234827680622, 0.6109507568947781]",1,-1
38800,[0.34318358 0.55621605],0,1,"[0.37965276877051146, 0.575157747726818]",1,-1
38801,[0.69222994 0.61829771],3,3,"[0.6601234827680622, 0.6109507568947781]",1,-1
38802,[0.81934271 0.6438381 ],2,0,"[0.7890750777399501, 0.6799557517006445]",1,-1
38803,[0.42663704 0.55965901],0,1,"[0.37965276877051146, 0.575157747726818]",1,-1
38804,[0.32776014 0.64458401],0,-1,-1,1,-1
38805,[0.28951844 0.52484031],0,-1,-1,1,-1
38806,[0.33485248 0.22483517],1,2,"[0.294379027732062, 0.1921773781634303]",0,0
38807,[0.39954741 0.54765831],0,1,"[0.37965276877051146, 0.575157747726818]",1,-1
38808,[0.41404107 0.57858324],0,1,"[0.37965276877051146, 0.575157747726818]",1,-1
38809,[0.61526049 0.5779468 ],3,3,"[0.6601234827680622, 0.6109507568947781]",1,-1
38810,[0.3202341  0.18943984],1,2,"[0.294379027732062, 0.1921773781634303]",0,0
38811,[0.69317241 0.56900563],3,3,"[0.6601234827680622, 0.6109507568947781]",1,-1
38812,[0.68632461 0.64079485],3,3,"[0.6601234827680622, 0.6109507568947781]",1,-1
38813,[0.70485694 0.71098381],2,-1,-1,1,-1
38814,[0.77482371 0.64900019],2,0,"[0.7890750777399501, 0.6799557517006445]",1,-1
38815,[0.3916422 0.5664766],0,1,"[0.37965276877051146, 0.575157747726818]",1,-1
38816,[0.1917874  0.14008659],1,-1,-1,0,0
38817,[0.3736535  0.58154107],0,1,"[0.37965276877051146, 0.575157747726818]",1,1
38818,[0.34225144 0.47393121],0,-1,-1,1,-1
38819,[0.36467806 0.60031777],0,1,"[0.37965276877051146, 0.575157747726818]",1,-1
38820,[0.23546233 0.22827193],1,2,"[0.294379027732062, 0.1921773781634303]",0,0
38821,[0.26753792 0.20922983],1,2,"[0.294379027732062, 0.1921773781634303]",0,0
38822,[0.35692682 0.53017784],0,1,"[0.37965276877051146, 0.575157747726818]",1,-1
38823,[0.60844172 0.57024698],3,3,"[0.6601234827680622, 0.6109507568947781]",1,-1
38824,[0.33131342 0.20570983],1,2,"[0.294379027732062, 0.1921773781634303]",0,0
38825,[0.34437178 0.11375876],1,-1,-1,0,0
38826,[0.85281959 0.66839034],2,0,"[0.7890750777399501, 0.6799557517006445]",1,-1
38827,[0.80128063 0.60543192],2,-1,-1,1,-1
38828,[0.33336222 0.14358333],1,2,"[0.294379027732062, 0.1921773781634303]",0,0
38829,[0.77473332 0.66908739],2,0,"[0.7890750777399501, 0.6799557517006445]",1,3
38830,[0.58431161 0.62886855],3,-1,-1,1,-1
38831,[0.82888882 0.73576035],2,0,"[0.7890750777399501, 0.6799557517006445]",1,-1
38832,[0.37057578 0.53940769],0,1,"[0.37965276877051146, 0.575157747726818]",1,-1
38833,[0.77303472 0.69437651],2,0,"[0.7890750777399501, 0.6799557517006445]",1,-1
38834,[0.22735697 0.12524231],1,-1,-1,0,0
38835,[0.7652255  0.66275766],2,0,"[0.7890750777399501, 0.6799557517006445]",1,-1
38836,[0.23555262 0.14271527],1,-1,-1,0,0
38837,[0.30102988 0.19973776],1,2,"[0.294379027732062, 0.1921773781634303]",0,0
38838,[0.70716995 0.71048093],2,-1,-1,1,-1
38839,[0.73417778 0.73155433],2,-1,-1,1,-1
38840,[0.27068528 0.11935377],1,-1,-1,0,0
38841,[0.83075197 0.75427609],2,-1,-1,1,-1
38842,[0.3982233  0.60017843],0,1,"[0.37965276877051146, 0.575157747726818]",1,-1
38843,[0.35840308 0.22739474],1,-1,-1,0,0
38844,[0.69329435 0.57262152],3,3,"[0.6601234827680622, 0.6109507568947781]",1,-1
38845,[0.31047682 0.21589918],1,2,"[0.294379027732062, 0.1921773781634303]",0,0
38846,[0.73472257 0.64193009],2,0,"[0.7890750777399501, 0.6799557517006445]",1,-1
38847,[0.61242721 0.59244964],3,3,"[0.6601234827680622, 0.6109507568947781]",1,-1
38848,[0.31645646 0.12811009],1,2,"[0.294379027732062, 0.1921773781634303]",0,0
38849,[0.42764203 0.57177671],0,1,"[0.37965276877051146, 0.575157747726818]",1,-1
38850,[0.65531538 0.56730907],3,3,"[0.6601234827680622, 0.6109507568947781]",1,-1
38851,[0.28580853 0.20955379],1,2,"[0.294379027732062, 0.1921773781634303]",0,0
38852,[0.29120644 0.57922763],0,-1,-1,1,-1
38853,[0.30494418 0.18931437],1,2,"[0.294379027732062, 0.1921773781634303]",0,0
38854,[0.66721541 0.67541009],3,3,"[0.6601234827680622, 0.6109507568947781]",1,-1
38855,[0.66856127 0.67892727],3,3,"[0.6601234827680622, 0.6109507568947781]",1,-1
38856,[0.6759659  0.61210712],3,3,"[0.6601234827680622, 0.6109507568947781]",1,-1
38857,[0.39475774 0.5837542 ],0,1,"[0.37965276877051146, 0.575157747726818]",1,-1
38858,[0.68638063 0.60554131],2,3,"[0.6601234827680622, 0.6109507568947781]",1,5
38859,[0.66820322 0.68022588],3,3,"[0.6601234827680622, 0.6109507568947781]",1,-1
38860,[0.3352781  0.18310471],1,2,"[0.294379027732062, 0.1921773781634303]",0,0
38861,[0.80454203 0.68936285],2,0,"[0.7890750777399501, 0.6799557517006445]",1,-1
38862,[0.39453371 0.59629019],0,1,"[0.37965276877051146, 0.575157747726818]",1,-1
38863,[0.30963893 0.16784328],1,2,"[0.294379027732062, 0.1921773781634303]",0,0
38864,[0.63814936 0.58935397],3,3,"[0.6601234827680622, 0.6109507568947781]",1,-1
38865,[0.64396453 0.62030884],3,3,"[0.6601234827680622, 0.6109507568947781]",1,-1
38866,[0.76042341 0.69189165],2,0,"[0.7890750777399501, 0.6799557517006445]",1,-1
38867,[0.31493487 0.17167186],1,2,"[0.294379027732062, 0.1921773781634303]",0,0
38868,[0.35876566 0.20341296],1,2,"[0.294379027732062, 0.1921773781634303]",0,0
38869,[0.61658814 0.6022134 ],3,3,"[0.6601234827680622, 0.6109507568947781]",1,-1
38870,[0.7055796  0.67384869],3,-1,-1,1,-1
38871,[0.38195487 0.56537732],0,1,"[0.37965276877051146, 0.575157747726818]",1,-1
38872,[0.23141899 0.17840994],1,2,"[0.294379027732062, 0.1921773781634303]",0,0
38873,[0.45129561 0.47493802],0,-1,-1,1,-1
38874,[0.70683725 0.76136514],2,-1,-1,1,-1
38875,[0.81718915 0.62746039],2,0,"[0.7890750777399501, 0.6799557517006445]",1,-1
38876,[0.33671207 0.59544549],0,1,"[0.37965276877051146, 0.575157747726818]",1,-1
38877,[0.25880045 0.20085113],1,2,"[0.294379027732062, 0.1921773781634303]",0,0
38878,[0.75230798 0.62148434],3,0,"[0.7890750777399501, 0.6799557517006445]",1,-1
38879,[0.26678727 0.14564077],1,2,"[0.294379027732062, 0.1921773781634303]",0,0
38880,[0.63397695 0.62614369],3,3,"[0.6601234827680622, 0.6109507568947781]",1,-1
38881,[0.27283105 0.13846216],1,2,"[0.294379027732062, 0.1921773781634303]",0,0
38882,[0.82294991 0.71696374],2,0,"[0.7890750777399501, 0.6799557517006445]",1,-1
38883,[0.29182092 0.23154562],1,2,"[0.294379027732062, 0.1921773781634303]",0,0
38884,[0.78204708 0.59289984],2,-1,-1,1,-1
38885,[0.82773975 0.65543932],2,0,"[0.7890750777399501, 0.6799557517006445]",1,-1
38886,[0.86354989 0.64689251],2,-1,-1,1,-1
38887,[0.62839544 0.6741396 ],3,-1,-1,1,-1
38888,[0.76836924 0.60568366],2,-1,-1,1,-1
38889,[0.40373386 0.60876364],0,1,"[0.37965276877051146, 0.575157747726818]",1,-1
38890,[0.33355229 0.15761418],1,2,"[0.294379027732062, 0.1921773781634303]",0,0
38891,[0.823697   0.73128818],2,0,"[0.7890750777399501, 0.6799557517006445]",1,-1
38892,[0.32026168 0.57460266],0,1,"[0.37965276877051146, 0.575157747726818]",1,-1
38893,[0.78637319 0.72118895],2,0,"[0.7890750777399501, 0.6799557517006445]",1,-1
38894,[0.33221466 0.58987243],0,1,"[0.37965276877051146, 0.575157747726818]",1,-1
38895,[0.34251368 0.19976703],1,2,"[0.294379027732062, 0.1921773781634303]",0,0
38896,[0.33966414 0.15983338],1,2,"[0.294379027732062, 0.1921773781634303]",0,0
38897,[0.25179908 0.18808749],1,2,"[0.294379027732062, 0.1921773781634303]",0,0
38898,[0.84961825 0.64684937],2,0,"[0.7890750777399501, 0.6799557517006445]",1,-1
38899,[0.23578021 0.16348935],1,2,"[0.294379027732062, 0.1921773781634303]",0,0
38900,[0.3935179  0.56082981],0,1,"[0.37965276877051146, 0.575157747726818]",1,-1
38901,[0.43553011 0.51760886],0,-1,-1,1,-1
38902,[0.73835436 0.7199098 ],2,0,"[0.7890750777399501, 0.6799557517006445]",1,-1
38903,[0.57875663 0.57843101],3,-1,-1,1,-1
38904,[0.39961877 0.56261232],0,1,"[0.37965276877051146, 0.575157747726818]",1,2
38905,[0.81047228 0.69130656],2,0,"[0.7890750777399501, 0.6799557517006445]",1,-1
38906,[0.30054611 0.47637762],0,-1,-1,1,-1
38907,[0.80226381 0.71343624],2,0,"[0.7890750777399501, 0.6799557517006445]",1,-1
38908,[0.45507179 0.44561279],0,-1,-1,1,-1
38909,[0.6527819  0.59118762],3,3,"[0.6601234827680622, 0.6109507568947781]",1,-1
38910,[0.73466371 0.74197791],2,-1,-1,1,-1
38911,[0.41521276 0.60227192],0,1,"[0.37965276877051146, 0.575157747726818]",1,-1
38912,[0.33814668 0.5365794 ],0,1,"[0.37965276877051146, 0.575157747726818]",1,-1
38913,[0.29043618 0.18759857],1,2,"[0.294379027732062, 0.1921773781634303]",0,0
38914,[0.35893694 0.22485627],1,-1,-1,0,0
38915,[0.66444526 0.58058128],3,3,"[0.6601234827680622, 0.6109507568947781]",1,-1
38916,[0.35663832 0.63389601],0,1,"[0.37965276877051146, 0.575157747726818]",1,-1
38917,[0.29822238 0.68468853],0,-1,-1,1,-1
38918,[0.32314398 0.51961172],0,-1,-1,1,-1
38919,[0.34347928 0.56405567],0,1,"[0.37965276877051146, 0.575157747726818]",1,-1
38920,[0.75773371 0.69124287],2,0,"[0.7890750777399501, 0.6799557517006445]",1,-1
38921,[0.68001451 0.69290447],3,-1,-1,1,-1
38922,[0.79808688 0.74229447],2,0,"[0.7890750777399501, 0.6799557517006445]",1,-1
38923,[0.90058749 0.6730021 ],2,-1,-1,1,-1
38924,[0.89451373 0.7722925 ],2,-1,-1,1,-1
38925,[0.28875518 0.13538175],1,2,"[0.294379027732062, 0.1921773781634303]",0,0
38926,[0.62936759 0.57858416],3,3,"[0.6601234827680622, 0.6109507568947781]",1,-1
38927,[0.66599632 0.61014486],3,3,"[0.6601234827680622, 0.6109507568947781]",1,-1
38928,[0.35954821 0.50075721],0,-1,-1,1,-1
38929,[0.36865209 0.55859296],0,1,"[0.37965276877051146, 0.575157747726818]",1,-1
38930,[0.81878404 0.75064468],2,-1,-1,1,-1
38931,[0.27772976 0.10346827],1,-1,-1,0,0
38932,[0.77869442 0.6662528 ],2,0,"[0.7890750777399501, 0.6799557517006445]",1,-1
38933,[0.20329771 0.23990567],1,-1,-1,0,0
38934,[0.33558412 0.19273639],1,2,"[0.294379027732062, 0.1921773781634303]",0,0
38935,[0.22271503 0.28172705],1,-1,-1,0,0
38936,[0.69499957 0.65836134],3,3,"[0.6601234827680622, 0.6109507568947781]",1,-1
38937,[0.42706195 0.68018634],0,-1,-1,1,-1
38938,[0.76626411 0.78851316],2,-1,-1,1,-1
38939,[0.3032196  0.12559679],1,2,"[0.294379027732062, 0.1921773781634303]",0,0
38940,[0.36987546 0.58568714],0,1,"[0.37965276877051146, 0.575157747726818]",1,-1
38941,[0.43077816 0.53446701],0,1,"[0.37965276877051146, 0.575157747726818]",1,-1
38942,[0.63405177 0.6043231 ],3,3,"[0.6601234827680622, 0.6109507568947781]",1,-1
38943,[0.36002098 0.17327178],1,2,"[0.294379027732062, 0.1921773781634303]",0,0
38944,[0.25656099 0.14236228],1,2,"[0.294379027732062, 0.1921773781634303]",0,0
38945,[0.63010106 0.61122208],3,3,"[0.6601234827680622, 0.6109507568947781]",1,-1
38946,[0.7076    0.5950923],3,3,"[0.6601234827680622, 0.6109507568947781]",1,-1
38947,[0.61057196 0.65029813],3,3,"[0.6601234827680622, 0.6109507568947781]",1,-1
38948,[0.35992408 0.60410005],0,1,"[0.37965276877051146, 0.575157747726818]",1,-1
38949,[0.74067796 0.69654955],2,0,"[0.7890750777399501, 0.6799557517006445]",1,-1
38950,[0.40199018 0.38972247],0,-1,-1,1,-1
38951,[0.26609978 0.18427546],1,2,"[0.294379027732062, 0.1921773781634303]",0,0
38952,[0.30506888 0.14534754],1,2,"[0.294379027732062, 0.1921773781634303]",0,0
38953,[0.41935909 0.55787027],0,1,"[0.37965276877051146, 0.575157747726818]",1,-1
38954,[0.75621767 0.64928435],3,0,"[0.7890750777399501, 0.6799557517006445]",1,-1
38955,[0.75394039 0.6757058 ],2,0,"[0.7890750777399501, 0.6799557517006445]",1,-1
38956,[0.76286882 0.65644448],2,0,"[0.7890750777399501, 0.6799557517006445]",1,-1
38957,[0.39380314 0.20492107],1,-1,-1,0,0
38958,[0.65393271 0.65252136],3,3,"[0.6601234827680622, 0.6109507568947781]",1,-1
38959,[0.65784192 0.67581646],3,3,"[0.6601234827680622, 0.6109507568947781]",1,-1
38960,[0.28189945 0.16891644],1,2,"[0.294379027732062, 0.1921773781634303]",0,0
38961,[0.8348603  0.68518476],2,0,"[0.7890750777399501, 0.6799557517006445]",1,-1
38962,[0.78365893 0.76818011],2,-1,-1,1,-1
38963,[0.28422269 0.24260869],1,2,"[0.294379027732062, 0.1921773781634303]",0,0
38964,[0.30261867 0.2051786 ],1,2,"[0.294379027732062, 0.1921773781634303]",0,0
38965,[0.24955271 0.20040959],1,2,"[0.294379027732062, 0.1921773781634303]",0,0
38966,[0.82345788 0.68282873],2,0,"[0.7890750777399501, 0.6799557517006445]",1,-1
38967,[0.33207632 0.57678785],0,1,"[0.37965276877051146, 0.575157747726818]",1,-1
38968,[0.21927463 0.12276553],1,-1,-1,0,0
38969,[0.86070405 0.68702824],2,-1,-1,1,-1
38970,[0.33477577 0.5636361 ],0,1,"[0.37965276877051146, 0.575157747726818]",1,-1
38971,[0.35133591 0.52478369],0,1,"[0.37965276877051146, 0.575157747726818]",1,-1
38972,[0.35876615 0.15733597],1,-1,-1,0,0
38973,[0.7449397  0.67017829],2,0,"[0.7890750777399501, 0.6799557517006445]",1,-1
38974,[0.37799705 0.51079027],0,1,"[0.37965276877051146, 0.575157747726818]",1,-1
38975,[0.42079115 0.52892936],0,1,"[0.37965276877051146, 0.575157747726818]",1,-1
38976,[0.70527733 0.51713025],3,-1,-1,1,-1
38977,[0.75722795 0.68879757],2,0,"[0.7890750777399501, 0.6799557517006445]",1,-1
38978,[0.37586703 0.59743517],0,1,"[0.37965276877051146, 0.575157747726818]",1,-1
38979,[0.60878421 0.59042244],3,3,"[0.6601234827680622, 0.6109507568947781]",1,-1
38980,[0.41232738 0.57532241],0,1,"[0.37965276877051146, 0.575157747726818]",1,2
38981,[0.65860874 0.59626011],3,3,"[0.6601234827680622, 0.6109507568947781]",1,-1
38982,[0.30842236 0.13451799],1,2,"[0.294379027732062, 0.1921773781634303]",0,0
38983,[0.35927535 0.53823904],0,1,"[0.37965276877051146, 0.575157747726818]",1,-1
38984,[0.80252933 0.65394064],2,0,"[0.7890750777399501, 0.6799557517006445]",1,-1
38985,[0.39534015 0.47339448],0,-1,-1,1,-1
38986,[0.41868756 0.53792387],0,1,"[0.37965276877051146, 0.575157747726818]",1,-1
38987,[0.79312552 0.61952872],2,0,"[0.7890750777399501, 0.6799557517006445]",1,-1
38988,[0.22280896 0.18992577],1,-1,-1,0,0
38989,[0.73050765 0.66076762],2,0,"[0.7890750777399501, 0.6799557517006445]",1,-1
38990,[0.27129673 0.57576566],0,-1,-1,1,-1
38991,[0.66089714 0.54972976],3,3,"[0.6601234827680622, 0.6109507568947781]",1,-1
38992,[0.24651938 0.26527994],1,-1,-1,0,0
38993,[0.60131465 0.64077699],3,3,"[0.6601234827680622, 0.6109507568947781]",1,-1
38994,[0.32210225 0.16169849],1,2,"[0.294379027732062, 0.1921773781634303]",0,0
38995,[0.29538669 0.19839613],1,2,"[0.294379027732062, 0.1921773781634303]",0,0
38996,[0.33601685 0.63094911],0,-1,-1,1,-1
38997,[0.68611304 0.64094759],3,3,"[0.6601234827680622, 0.6109507568947781]",1,-1
38998,[0.80378553 0.74626221],2,0,"[0.7890750777399501, 0.6799557517006445]",1,-1
38999,[0.66209156 0.48090781],3,-1,-1,1,-1
39000,[0.84190106 0.72292839],2,0,"[0.7890750777399501, 0.6799557517006445]",1,-1
39001,[0.40508905 0.66198152],0,-1,-1,1,-1
39002,[0.40554664 0.5319224 ],0,1,"[0.37965276877051146, 0.575157747726818]",1,-1
39003,[0.76839698 0.651093  ],3,0,"[0.7890750777399501, 0.6799557517006445]",1,-1
39004,[0.66432654 0.59959249],3,3,"[0.6601234827680622, 0.6109507568947781]",1,-1
39005,[0.77232186 0.67095264],2,0,"[0.7890750777399501, 0.6799557517006445]",1,-1
39006,[0.73571029 0.59443453],3,-1,-1,1,-1
39007,[0.63610366 0.53764552],3,-1,-1,1,-1
39008,[0.43413643 0.6173701 ],0,1,"[0.37965276877051146, 0.575157747726818]",1,-1
39009,[0.73243541 0.6278893 ],2,-1,-1,1,-1
39010,[0.65251806 0.69060906],3,-1,-1,1,-1
39011,[0.31909061 0.21461338],1,2,"[0.294379027732062, 0.1921773781634303]",0,0
39012,[0.33586626 0.20688364],1,2,"[0.294379027732062, 0.1921773781634303]",0,0
39013,[0.74897839 0.59211456],3,-1,-1,1,-1
39014,[0.43338253 0.57709976],0,1,"[0.37965276877051146, 0.575157747726818]",1,-1
39015,[0.79439151 0.70465819],2,0,"[0.7890750777399501, 0.6799557517006445]",1,-1
39016,[0.67168247 0.70969905],3,-1,-1,1,-1
39017,[0.68927128 0.64888017],2,3,"[0.6601234827680622, 0.6109507568947781]",1,-1
39018,[0.82521682 0.6630912 ],2,0,"[0.7890750777399501, 0.6799557517006445]",1,-1
39019,[0.6731976  0.57618013],3,3,"[0.6601234827680622, 0.6109507568947781]",1,-1
39020,[0.49062121 0.65701208],0,-1,-1,1,-1
39021,[0.41569584 0.50132271],0,-1,-1,1,-1
39022,[0.83439667 0.6879458 ],2,0,"[0.7890750777399501, 0.6799557517006445]",1,-1
39023,[0.36515873 0.5521926 ],0,1,"[0.37965276877051146, 0.575157747726818]",1,-1
39024,[0.69635249 0.62566631],3,3,"[0.6601234827680622, 0.6109507568947781]",1,7
39025,[0.61134674 0.57920259],3,3,"[0.6601234827680622, 0.6109507568947781]",1,-1
39026,[0.29874578 0.23279502],1,2,"[0.294379027732062, 0.1921773781634303]",0,0
39027,[0.3693312  0.45693723],0,-1,-1,1,-1
39028,[0.40176903 0.53336367],0,1,"[0.37965276877051146, 0.575157747726818]",1,-1
39029,[0.33209201 0.60735834],0,1,"[0.37965276877051146, 0.575157747726818]",1,-1
39030,[0.6495814  0.64928439],3,3,"[0.6601234827680622, 0.6109507568947781]",1,-1
39031,[0.38722293 0.62714183],0,1,"[0.37965276877051146, 0.575157747726818]",1,-1
39032,[0.25709191 0.12922557],1,-1,-1,0,0
39033,[0.71883991 0.66995225],3,-1,-1,1,-1
39034,[0.65990806 0.66458199],3,3,"[0.6601234827680622, 0.6109507568947781]",1,-1
39035,[0.80025837 0.64920075],2,0,"[0.7890750777399501, 0.6799557517006445]",1,-1
39036,[0.42890525 0.59395134],0,1,"[0.37965276877051146, 0.575157747726818]",1,-1
39037,[0.32752235 0.18182924],1,2,"[0.294379027732062, 0.1921773781634303]",0,0
39038,[0.67566579 0.6333327 ],3,3,"[0.6601234827680622, 0.6109507568947781]",1,-1
39039,[0.64388901 0.64335213],3,3,"[0.6601234827680622, 0.6109507568947781]",1,-1
39040,[0.39646364 0.54449258],0,1,"[0.37965276877051146, 0.575157747726818]",1,-1
39041,[0.8477562  0.69229333],2,0,"[0.7890750777399501, 0.6799557517006445]",1,-1
39042,[0.77718379 0.68012293],2,0,"[0.7890750777399501, 0.6799557517006445]",1,-1
39043,[0.41333834 0.60752417],0,1,"[0.37965276877051146, 0.575157747726818]",1,-1
39044,[0.29120162 0.14665606],1,2,"[0.294379027732062, 0.1921773781634303]",0,0
39045,[0.81707423 0.65607069],2,0,"[0.7890750777399501, 0.6799557517006445]",1,-1
39046,[0.35604864 0.58711286],0,1,"[0.37965276877051146, 0.575157747726818]",1,-1
39047,[0.76119621 0.52526675],3,-1,-1,1,-1
39048,[0.25580563 0.22773522],1,2,"[0.294379027732062, 0.1921773781634303]",0,0
39049,[0.82543921 0.6304934 ],2,0,"[0.7890750777399501, 0.6799557517006445]",1,-1
39050,[0.78619359 0.65315273],2,0,"[0.7890750777399501, 0.6799557517006445]",1,-1
39051,[0.65532886 0.53470164],3,-1,-1,1,-1
39052,[0.32449742 0.21234746],1,2,"[0.294379027732062, 0.1921773781634303]",0,0
39053,[0.31110594 0.20653296],1,2,"[0.294379027732062, 0.1921773781634303]",0,0
39054,[0.53155183 0.6110544 ],3,-1,-1,1,-1
39055,[0.22338363 0.13386717],1,-1,-1,0,0
39056,[0.66673691 0.7013059 ],3,-1,-1,1,-1
39057,[0.27183063 0.17754251],1,2,"[0.294379027732062, 0.1921773781634303]",0,0
39058,[0.74447988 0.60542107],3,-1,-1,1,-1
39059,[0.6281993  0.67126174],3,3,"[0.6601234827680622, 0.6109507568947781]",1,-1
39060,[0.84498931 0.66633819],2,0,"[0.7890750777399501, 0.6799557517006445]",1,-1
39061,[0.31113324 0.1716794 ],1,2,"[0.294379027732062, 0.1921773781634303]",0,0
39062,[0.25576701 0.54366099],0,-1,-1,1,-1
39063,[0.65742022 0.53715036],3,-1,-1,1,-1
39064,[0.25839067 0.2671367 ],1,-1,-1,0,0
39065,[0.70211897 0.64086933],2,3,"[0.6601234827680622, 0.6109507568947781]",1,-1
39066,[0.83963553 0.69837101],2,0,"[0.7890750777399501, 0.6799557517006445]",1,-1
39067,[0.68771102 0.63688724],3,3,"[0.6601234827680622, 0.6109507568947781]",1,-1
39068,[0.39493287 0.53745368],0,1,"[0.37965276877051146, 0.575157747726818]",1,-1
39069,[0.68516241 0.67973817],3,-1,-1,1,-1
39070,[0.31899417 0.25738797],1,2,"[0.294379027732062, 0.1921773781634303]",0,0
39071,[0.71845783 0.61701868],2,3,"[0.6601234827680622, 0.6109507568947781]",1,-1
39072,[0.32565554 0.60886089],0,1,"[0.37965276877051146, 0.575157747726818]",1,-1
39073,[0.60309906 0.59125407],3,3,"[0.6601234827680622, 0.6109507568947781]",1,-1
39074,[0.37398543 0.64024822],0,1,"[0.37965276877051146, 0.575157747726818]",1,-1
39075,[0.6856522  0.57611027],3,3,"[0.6601234827680622, 0.6109507568947781]",1,-1
39076,[0.18761322 0.157631  ],1,-1,-1,0,0
39077,[0.40550311 0.63677425],0,1,"[0.37965276877051146, 0.575157747726818]",1,-1
39078,[0.65218013 0.60655334],3,3,"[0.6601234827680622, 0.6109507568947781]",1,6
39079,[0.74771913 0.73042726],2,0,"[0.7890750777399501, 0.6799557517006445]",1,-1
39080,[0.62778808 0.59293085],3,3,"[0.6601234827680622, 0.6109507568947781]",1,-1
39081,[0.38877677 0.60704913],0,1,"[0.37965276877051146, 0.575157747726818]",1,-1
39082,[0.58059179 0.55808185],3,-1,-1,1,-1
39083,[0.39316906 0.47910031],0,-1,-1,1,-1
39084,[0.28796294 0.19109185],1,2,"[0.294379027732062, 0.1921773781634303]",0,0
39085,[0.24248345 0.19112803],1,2,"[0.294379027732062, 0.1921773781634303]",0,0
39086,[0.36063089 0.59613157],0,1,"[0.37965276877051146, 0.575157747726818]",1,-1
39087,[0.74972202 0.65753499],2,0,"[0.7890750777399501, 0.6799557517006445]",1,-1
39088,[0.66448886 0.54869781],3,3,"[0.6601234827680622, 0.6109507568947781]",1,-1
39089,[0.83779148 0.7234351 ],2,0,"[0.7890750777399501, 0.6799557517006445]",1,-1
39090,[0.76487749 0.71532214],2,0,"[0.7890750777399501, 0.6799557517006445]",1,-1
39091,[0.67512319 0.64827176],3,3,"[0.6601234827680622, 0.6109507568947781]",1,-1
39092,[0.30571831 0.19969613],1,2,"[0.294379027732062, 0.1921773781634303]",0,0
39093,[0.79297009 0.76202603],2,-1,-1,1,-1
39094,[0.81431656 0.68303999],2,0,"[0.7890750777399501, 0.6799557517006445]",1,4
39095,[0.25719485 0.20644288],1,2,"[0.294379027732062, 0.1921773781634303]",0,0
39096,[0.31882401 0.24857001],1,2,"[0.294379027732062, 0.1921773781634303]",0,0
39097,[0.60240938 0.69456176],3,-1,-1,1,-1
39098,[0.61831339 0.611141  ],3,3,"[0.6601234827680622, 0.6109507568947781]",1,-1
39099,[0.3983835  0.54813209],0,1,"[0.37965276877051146, 0.575157747726818]",1,-1
39100,[0.24466376 0.19750769],1,2,"[0.294379027732062, 0.1921773781634303]",0,0
39101,[0.29584173 0.22384115],1,2,"[0.294379027732062, 0.1921773781634303]",0,0
39102,[0.25846859 0.20039708],1,2,"[0.294379027732062, 0.1921773781634303]",0,0
39103,[0.84327135 0.73750042],2,-1,-1,1,-1
39104,[0.6972265  0.62652382],3,3,"[0.6601234827680622, 0.6109507568947781]",1,-1
39105,[0.36183618 0.54937687],0,1,"[0.37965276877051146, 0.575157747726818]",1,-1
39106,[0.28475536 0.17386269],1,2,"[0.294379027732062, 0.1921773781634303]",0,0
39107,[0.79285763 0.67412796],2,0,"[0.7890750777399501, 0.6799557517006445]",1,4
39108,[0.39017009 0.56421887],0,1,"[0.37965276877051146, 0.575157747726818]",1,-1
39109,[0.29992973 0.17940567],1,2,"[0.294379027732062, 0.1921773781634303]",0,0
39110,[0.27362865 0.19442364],1,2,"[0.294379027732062, 0.1921773781634303]",0,0
39111,[0.75684438 0.72614071],2,0,"[0.7890750777399501, 0.6799557517006445]",1,-1
39112,[0.81727376 0.61700217],2,0,"[0.7890750777399501, 0.6799557517006445]",1,-1
39113,[0.68822885 0.63067532],3,3,"[0.6601234827680622, 0.6109507568947781]",1,7
39114,[0.69650682 0.54844627],3,-1,-1,1,-1
39115,[0.77158098 0.70866025],2,0,"[0.7890750777399501, 0.6799557517006445]",1,-1
39116,[0.3460653  0.11770109],1,-1,-1,0,0
39117,[0.34216655 0.55456653],0,1,"[0.37965276877051146, 0.575157747726818]",1,-1
39118,[0.62270512 0.67069232],3,-1,-1,1,-1
39119,[0.72561228 0.70147555],3,0,"[0.7890750777399501, 0.6799557517006445]",1,-1
39120,[0.75595176 0.79654741],2,-1,-1,1,-1
39121,[0.79915536 0.71388196],2,0,"[0.7890750777399501, 0.6799557517006445]",1,-1
39122,[0.71373521 0.56740125],3,3,"[0.6601234827680622, 0.6109507568947781]",1,-1
39123,[0.40632604 0.58806316],0,1,"[0.37965276877051146, 0.575157747726818]",1,-1
39124,[0.75481541 0.62286671],2,0,"[0.7890750777399501, 0.6799557517006445]",1,-1
39125,[0.80212902 0.75093567],2,-1,-1,1,-1
39126,[0.82042056 0.65939667],2,0,"[0.7890750777399501, 0.6799557517006445]",1,-1
39127,[0.7350508  0.72444761],2,0,"[0.7890750777399501, 0.6799557517006445]",1,-1
39128,[0.67881317 0.56049697],3,3,"[0.6601234827680622, 0.6109507568947781]",1,-1
39129,[0.32677069 0.18262578],1,2,"[0.294379027732062, 0.1921773781634303]",0,0
39130,[0.86789767 0.6814566 ],2,-1,-1,1,-1
39131,[0.76097206 0.63263998],3,0,"[0.7890750777399501, 0.6799557517006445]",1,-1
39132,[0.82871047 0.7088474 ],2,0,"[0.7890750777399501, 0.6799557517006445]",1,-1
39133,[0.34420717 0.26154385],1,-1,-1,0,0
39134,[0.74571424 0.77108608],2,-1,-1,1,-1
39135,[0.43711841 0.5545249 ],0,1,"[0.37965276877051146, 0.575157747726818]",1,-1
39136,[0.38058277 0.61194006],0,1,"[0.37965276877051146, 0.575157747726818]",1,-1
39137,[0.79245604 0.73054351],2,0,"[0.7890750777399501, 0.6799557517006445]",1,-1
39138,[0.70025206 0.67936823],3,-1,-1,1,-1
39139,[0.70783944 0.64548445],2,3,"[0.6601234827680622, 0.6109507568947781]",1,-1
39140,[0.30262327 0.22562217],1,2,"[0.294379027732062, 0.1921773781634303]",0,0
39141,[0.33609376 0.5593278 ],0,1,"[0.37965276877051146, 0.575157747726818]",1,-1
39142,[0.32600602 0.2167088 ],1,2,"[0.294379027732062, 0.1921773781634303]",0,0
39143,[0.33201488 0.52855709],0,1,"[0.37965276877051146, 0.575157747726818]",1,-1
39144,[0.49454226 0.63464774],0,-1,-1,1,-1
39145,[0.83106711 0.71183117],2,0,"[0.7890750777399501, 0.6799557517006445]",1,-1
39146,[0.26376779 0.14341885],1,2,"[0.294379027732062, 0.1921773781634303]",0,0
39147,[0.40997412 0.62067277],0,1,"[0.37965276877051146, 0.575157747726818]",1,-1
39148,[0.34854727 0.09615993],1,-1,-1,0,0
39149,[0.75666747 0.66901666],2,0,"[0.7890750777399501, 0.6799557517006445]",1,-1
39150,[0.82663091 0.78228151],2,-1,-1,1,-1
39151,[0.33554769 0.63125775],0,-1,-1,1,-1
39152,[0.80885886 0.67805585],2,0,"[0.7890750777399501, 0.6799557517006445]",1,4
39153,[0.41647947 0.53410707],0,1,"[0.37965276877051146, 0.575157747726818]",1,-1
39154,[0.33150642 0.5987423 ],0,1,"[0.37965276877051146, 0.575157747726818]",1,-1
39155,[0.64601632 0.66157766],3,3,"[0.6601234827680622, 0.6109507568947781]",1,-1
39156,[0.40543123 0.59068996],0,1,"[0.37965276877051146, 0.575157747726818]",1,-1
39157,[0.65358106 0.61520603],3,3,"[0.6601234827680622, 0.6109507568947781]",1,-1
39158,[0.82655277 0.70672987],2,0,"[0.7890750777399501, 0.6799557517006445]",1,-1
39159,[0.36542106 0.61820578],0,1,"[0.37965276877051146, 0.575157747726818]",1,-1
39160,[0.66731048 0.62780931],3,3,"[0.6601234827680622, 0.6109507568947781]",1,7
39161,[0.81950473 0.66582437],2,0,"[0.7890750777399501, 0.6799557517006445]",1,-1
39162,[0.61520945 0.6489175 ],3,3,"[0.6601234827680622, 0.6109507568947781]",1,-1
39163,[0.6183728  0.58836811],3,3,"[0.6601234827680622, 0.6109507568947781]",1,-1
39164,[0.5746442  0.55814965],3,-1,-1,1,-1
39165,[0.82507427 0.72830464],2,0,"[0.7890750777399501, 0.6799557517006445]",1,-1
39166,[0.69808104 0.62308865],3,3,"[0.6601234827680622, 0.6109507568947781]",1,-1
39167,[0.40294596 0.62151679],0,1,"[0.37965276877051146, 0.575157747726818]",1,-1
39168,[0.78120282 0.65350532],2,0,"[0.7890750777399501, 0.6799557517006445]",1,-1
39169,[0.74033397 0.65779732],3,0,"[0.7890750777399501, 0.6799557517006445]",1,-1
39170,[0.38667279 0.16359457],1,-1,-1,0,0
39171,[0.32729354 0.22237207],1,2,"[0.294379027732062, 0.1921773781634303]",0,0
39172,[0.33483841 0.58310713],0,1,"[0.37965276877051146, 0.575157747726818]",1,-1
39173,[0.41747046 0.55441575],0,1,"[0.37965276877051146, 0.575157747726818]",1,-1
39174,[0.72944965 0.69126836],2,0,"[0.7890750777399501, 0.6799557517006445]",1,-1
39175,[0.70011099 0.58485045],3,3,"[0.6601234827680622, 0.6109507568947781]",1,-1
39176,[0.62707628 0.58679148],3,3,"[0.6601234827680622, 0.6109507568947781]",1,-1
39177,[0.68372315 0.62972981],3,3,"[0.6601234827680622, 0.6109507568947781]",1,-1
39178,[0.28043732 0.12189878],1,-1,-1,0,0
39179,[0.29760984 0.60120329],0,-1,-1,1,-1
39180,[0.78219697 0.63660651],2,0,"[0.7890750777399501, 0.6799557517006445]",1,-1
39181,[0.71084373 0.63397162],3,3,"[0.6601234827680622, 0.6109507568947781]",1,-1
39182,[0.82343768 0.60196527],2,-1,-1,1,-1
39183,[0.40503505 0.54151578],0,1,"[0.37965276877051146, 0.575157747726818]",1,-1
39184,[0.27411149 0.11219992],1,-1,-1,0,0
39185,[0.71381448 0.64017586],3,3,"[0.6601234827680622, 0.6109507568947781]",1,-1
39186,[0.62489694 0.57779945],3,3,"[0.6601234827680622, 0.6109507568947781]",1,-1
39187,[0.66391527 0.61599312],3,3,"[0.6601234827680622, 0.6109507568947781]",1,-1
39188,[0.29909872 0.14096905],1,2,"[0.294379027732062, 0.1921773781634303]",0,0
39189,[0.31028608 0.57360261],0,1,"[0.37965276877051146, 0.575157747726818]",1,-1
39190,[0.68400056 0.71245957],3,-1,-1,1,-1
39191,[0.76723447 0.69313582],2,0,"[0.7890750777399501, 0.6799557517006445]",1,-1
39192,[0.38815795 0.61508672],0,1,"[0.37965276877051146, 0.575157747726818]",1,-1
39193,[0.82891924 0.68119427],2,0,"[0.7890750777399501, 0.6799557517006445]",1,-1
39194,[0.6295074  0.67233464],3,3,"[0.6601234827680622, 0.6109507568947781]",1,-1
39195,[0.1807832  0.19980498],1,-1,-1,0,0
39196,[0.37399221 0.5184457 ],0,1,"[0.37965276877051146, 0.575157747726818]",1,-1
39197,[0.34316376 0.16587222],1,2,"[0.294379027732062, 0.1921773781634303]",0,0
39198,[0.80208541 0.68993827],2,0,"[0.7890750777399501, 0.6799557517006445]",1,-1
39199,[0.31159685 0.20618555],1,2,"[0.294379027732062, 0.1921773781634303]",0,0
39200,[0.34885991 0.60674747],0,1,"[0.37965276877051146, 0.575157747726818]",1,-1
39201,[0.1965632  0.09418837],1,-1,-1,0,0
39202,[0.71487209 0.71518935],2,-1,-1,1,-1
39203,[0.57856547 0.66240841],3,-1,-1,1,-1
39204,[0.30509671 0.16709787],1,2,"[0.294379027732062, 0.1921773781634303]",0,0
39205,[0.32708969 0.20317469],1,2,"[0.294379027732062, 0.1921773781634303]",0,0
39206,[0.38372386 0.20098583],1,-1,-1,0,0
39207,[0.73820657 0.66343008],3,0,"[0.7890750777399501, 0.6799557517006445]",1,-1
39208,[0.66345736 0.49855737],3,-1,-1,1,-1
39209,[0.2662571 0.2031129],1,2,"[0.294379027732062, 0.1921773781634303]",0,0
39210,[0.78293243 0.74122098],2,0,"[0.7890750777399501, 0.6799557517006445]",1,-1
39211,[0.3432713  0.22078735],1,2,"[0.294379027732062, 0.1921773781634303]",0,0
39212,[0.61137665 0.60495915],3,3,"[0.6601234827680622, 0.6109507568947781]",1,-1
39213,[0.69570235 0.72231142],2,-1,-1,1,-1
39214,[0.436539   0.60204179],0,1,"[0.37965276877051146, 0.575157747726818]",1,-1
39215,[0.33085486 0.56051155],0,1,"[0.37965276877051146, 0.575157747726818]",1,-1
39216,[0.64895305 0.57975511],3,3,"[0.6601234827680622, 0.6109507568947781]",1,-1
39217,[0.21516094 0.23138014],1,-1,-1,0,0
39218,[0.86706807 0.67555268],2,-1,-1,1,-1
39219,[0.30863826 0.2430513 ],1,2,"[0.294379027732062, 0.1921773781634303]",0,0
39220,[0.31859536 0.57422239],0,1,"[0.37965276877051146, 0.575157747726818]",1,-1
39221,[0.49739325 0.6022125 ],0,-1,-1,1,-1
39222,[0.82137    0.65250692],2,0,"[0.7890750777399501, 0.6799557517006445]",1,-1
39223,[0.72679811 0.71168603],2,0,"[0.7890750777399501, 0.6799557517006445]",1,-1
39224,[0.24802526 0.19436303],1,2,"[0.294379027732062, 0.1921773781634303]",0,0
39225,[0.62464517 0.55923422],3,3,"[0.6601234827680622, 0.6109507568947781]",1,-1
39226,[0.69723446 0.60545008],3,3,"[0.6601234827680622, 0.6109507568947781]",1,-1
39227,[0.69806159 0.73574789],2,-1,-1,1,-1
39228,[0.23862195 0.19366265],1,2,"[0.294379027732062, 0.1921773781634303]",0,0
39229,[0.70264412 0.66803481],3,-1,-1,1,-1
39230,[0.4037606  0.63261372],0,1,"[0.37965276877051146, 0.575157747726818]",1,-1
39231,[0.41979715 0.55264766],0,1,"[0.37965276877051146, 0.575157747726818]",1,-1
39232,[0.80035881 0.63117153],2,0,"[0.7890750777399501, 0.6799557517006445]",1,-1
39233,[0.62407859 0.57251174],3,3,"[0.6601234827680622, 0.6109507568947781]",1,-1
39234,[0.68336819 0.61862708],3,3,"[0.6601234827680622, 0.6109507568947781]",1,-1
39235,[0.28308623 0.20196741],1,2,"[0.294379027732062, 0.1921773781634303]",0,0
39236,[0.37602625 0.54359093],0,1,"[0.37965276877051146, 0.575157747726818]",1,-1
39237,[0.43031683 0.60317373],0,1,"[0.37965276877051146, 0.575157747726818]",1,-1
39238,[0.26208747 0.1095842 ],1,-1,-1,0,0
39239,[0.35670379 0.5172463 ],0,1,"[0.37965276877051146, 0.575157747726818]",1,-1
39240,[0.2565315  0.24521292],1,2,"[0.294379027732062, 0.1921773781634303]",0,0
39241,[0.25701441 0.28593099],1,-1,-1,0,0
39242,[0.74205487 0.65220604],2,0,"[0.7890750777399501, 0.6799557517006445]",1,-1
39243,[0.67289016 0.58474411],3,3,"[0.6601234827680622, 0.6109507568947781]",1,-1
39244,[0.38333089 0.52793914],0,1,"[0.37965276877051146, 0.575157747726818]",1,-1
39245,[0.77545093 0.7250064 ],2,0,"[0.7890750777399501, 0.6799557517006445]",1,-1
39246,[0.77196887 0.58937521],3,-1,-1,1,-1
39247,[0.24216605 0.19586039],1,2,"[0.294379027732062, 0.1921773781634303]",0,0
39248,[0.44003143 0.51228273],0,-1,-1,1,-1
39249,[0.71297122 0.63298915],2,3,"[0.6601234827680622, 0.6109507568947781]",1,-1
39250,[0.42311138 0.17420135],1,-1,-1,0,0
39251,[0.82972193 0.66862894],2,0,"[0.7890750777399501, 0.6799557517006445]",1,-1
39252,[0.4645622  0.57610386],0,-1,-1,1,-1
39253,[0.29947993 0.18900863],1,2,"[0.294379027732062, 0.1921773781634303]",0,0
39254,[0.44942333 0.57341408],0,1,"[0.37965276877051146, 0.575157747726818]",1,-1
39255,[0.37903739 0.26803806],1,-1,-1,0,0
39256,[0.62869785 0.64880304],3,3,"[0.6601234827680622, 0.6109507568947781]",1,-1
39257,[0.60986026 0.59070133],3,3,"[0.6601234827680622, 0.6109507568947781]",1,-1
39258,[0.23116209 0.19280398],1,2,"[0.294379027732062, 0.1921773781634303]",0,0
39259,[0.28226893 0.25269561],1,2,"[0.294379027732062, 0.1921773781634303]",0,0
39260,[0.42220097 0.63362982],0,-1,-1,1,-1
39261,[0.65117178 0.5997863 ],3,3,"[0.6601234827680622, 0.6109507568947781]",1,6
39262,[0.18428408 0.23206976],1,-1,-1,0,0
39263,[0.86407879 0.58901211],2,-1,-1,1,-1
39264,[0.80821735 0.70792182],2,0,"[0.7890750777399501, 0.6799557517006445]",1,-1
39265,[0.71521741 0.62895727],3,3,"[0.6601234827680622, 0.6109507568947781]",1,-1
39266,[0.64231612 0.66079076],3,3,"[0.6601234827680622, 0.6109507568947781]",1,-1
39267,[0.75085813 0.64313426],2,0,"[0.7890750777399501, 0.6799557517006445]",1,-1
39268,[0.34936427 0.5604417 ],0,1,"[0.37965276877051146, 0.575157747726818]",1,-1
39269,[0.83994482 0.78164109],2,-1,-1,1,-1
39270,[0.57086491 0.53943501],3,-1,-1,1,-1
39271,[0.75269941 0.7291042 ],2,0,"[0.7890750777399501, 0.6799557517006445]",1,-1
39272,[0.28422778 0.12274982],1,-1,-1,0,0
39273,[0.63620909 0.65513305],3,3,"[0.6601234827680622, 0.6109507568947781]",1,-1
39274,[0.77207188 0.68691201],2,0,"[0.7890750777399501, 0.6799557517006445]",1,-1
39275,[0.43352199 0.62253636],0,-1,-1,1,-1
39276,[0.77233482 0.74414016],2,0,"[0.7890750777399501, 0.6799557517006445]",1,-1
39277,[0.42646357 0.54874671],0,1,"[0.37965276877051146, 0.575157747726818]",1,-1
39278,[0.62365839 0.65108279],3,3,"[0.6601234827680622, 0.6109507568947781]",1,-1
39279,[0.64768354 0.60541197],3,3,"[0.6601234827680622, 0.6109507568947781]",1,-1
39280,[0.61807271 0.59863633],3,3,"[0.6601234827680622, 0.6109507568947781]",1,-1
39281,[0.62124628 0.57827339],3,3,"[0.6601234827680622, 0.6109507568947781]",1,-1
39282,[0.73935005 0.66364297],2,0,"[0.7890750777399501, 0.6799557517006445]",1,-1
39283,[0.69210686 0.59736152],3,3,"[0.6601234827680622, 0.6109507568947781]",1,-1
39284,[0.28385952 0.11688715],1,-1,-1,0,0
39285,[0.79005849 0.7097141 ],2,0,"[0.7890750777399501, 0.6799557517006445]",1,-1
39286,[0.71430455 0.59423031],3,3,"[0.6601234827680622, 0.6109507568947781]",1,-1
39287,[0.30663943 0.51243958],0,-1,-1,1,-1
39288,[0.35093532 0.06627906],1,-1,-1,0,0
39289,[0.75170937 0.65763792],2,0,"[0.7890750777399501, 0.6799557517006445]",1,-1
39290,[0.688472   0.55878858],3,3,"[0.6601234827680622, 0.6109507568947781]",1,-1
39291,[0.6047169  0.61134642],3,3,"[0.6601234827680622, 0.6109507568947781]",1,-1
39292,[0.23987949 0.34814304],1,-1,-1,0,0
39293,[0.66449145 0.57487196],3,3,"[0.6601234827680622, 0.6109507568947781]",1,-1
39294,[0.19805585 0.21529158],1,-1,-1,0,0
39295,[0.38949965 0.10574256],1,-1,-1,0,0
39296,[0.25011052 0.57570766],0,-1,-1,1,-1
39297,[0.38346423 0.5550516 ],0,1,"[0.37965276877051146, 0.575157747726818]",1,-1
39298,[0.66779497 0.57243347],3,3,"[0.6601234827680622, 0.6109507568947781]",1,-1
39299,[0.60468885 0.62607697],3,3,"[0.6601234827680622, 0.6109507568947781]",1,-1
39300,[0.84771363 0.63667548],2,-1,-1,1,-1
39301,[0.63822561 0.62628603],3,3,"[0.6601234827680622, 0.6109507568947781]",1,-1
39302,[0.3164003  0.19882429],1,2,"[0.294379027732062, 0.1921773781634303]",0,0
39303,[0.69201992 0.66817857],2,3,"[0.6601234827680622, 0.6109507568947781]",1,-1
39304,[0.43920456 0.60946455],0,1,"[0.37965276877051146, 0.575157747726818]",1,-1
39305,[0.32103567 0.14406733],1,2,"[0.294379027732062, 0.1921773781634303]",0,0
39306,[0.32945206 0.1846438 ],1,2,"[0.294379027732062, 0.1921773781634303]",0,0
39307,[0.72230948 0.71182646],3,-1,-1,1,-1
39308,[0.56838709 0.58315032],3,-1,-1,1,-1
39309,[0.68478893 0.63799469],3,3,"[0.6601234827680622, 0.6109507568947781]",1,-1
39310,[0.46201036 0.58954124],0,-1,-1,1,-1
39311,[0.33337067 0.64508367],0,-1,-1,1,-1
39312,[0.7219746  0.61436107],3,3,"[0.6601234827680622, 0.6109507568947781]",1,-1
39313,[0.3234269  0.60971173],0,1,"[0.37965276877051146, 0.575157747726818]",1,-1
39314,[0.86805555 0.59150888],2,-1,-1,1,-1
39315,[0.65518443 0.65114087],3,3,"[0.6601234827680622, 0.6109507568947781]",1,-1
39316,[0.78640575 0.64605496],2,0,"[0.7890750777399501, 0.6799557517006445]",1,-1
39317,[0.2642007  0.55037843],0,-1,-1,1,-1
39318,[0.32567468 0.53964692],0,1,"[0.37965276877051146, 0.575157747726818]",1,-1
39319,[0.24514781 0.17042197],1,2,"[0.294379027732062, 0.1921773781634303]",0,0
39320,[0.41777397 0.59952202],0,1,"[0.37965276877051146, 0.575157747726818]",1,-1
39321,[0.29146376 0.21156036],1,2,"[0.294379027732062, 0.1921773781634303]",0,0
39322,[0.81381634 0.68356238],2,0,"[0.7890750777399501, 0.6799557517006445]",1,4
39323,[0.81073714 0.83389331],2,-1,-1,1,-1
39324,[0.77100723 0.80418256],2,-1,-1,1,-1
39325,[0.33594519 0.57590591],0,1,"[0.37965276877051146, 0.575157747726818]",1,-1
39326,[0.26871976 0.18863375],1,2,"[0.294379027732062, 0.1921773781634303]",0,0
39327,[0.76602752 0.60368062],3,-1,-1,1,-1
39328,[0.87253296 0.67408523],2,-1,-1,1,-1
39329,[0.65959527 0.66137437],3,3,"[0.6601234827680622, 0.6109507568947781]",1,-1
39330,[0.25048436 0.22734427],1,2,"[0.294379027732062, 0.1921773781634303]",0,0
39331,[0.36542617 0.63340626],0,1,"[0.37965276877051146, 0.575157747726818]",1,-1
39332,[0.34370841 0.55128682],0,1,"[0.37965276877051146, 0.575157747726818]",1,-1
39333,[0.75772056 0.56343399],3,-1,-1,1,-1
39334,[0.38221535 0.49171511],0,-1,-1,1,-1
39335,[0.71825191 0.61238771],3,3,"[0.6601234827680622, 0.6109507568947781]",1,-1
39336,[0.30135097 0.58376212],0,-1,-1,1,-1
39337,[0.43460943 0.58643228],0,1,"[0.37965276877051146, 0.575157747726818]",1,-1
39338,[0.86179024 0.66871154],2,-1,-1,1,-1
39339,[0.39441668 0.60748027],0,1,"[0.37965276877051146, 0.575157747726818]",1,-1
39340,[0.66310909 0.63019382],3,3,"[0.6601234827680622, 0.6109507568947781]",1,-1
39341,[0.34088322 0.60392389],0,1,"[0.37965276877051146, 0.575157747726818]",1,-1
39342,[0.84426922 0.69866412],2,0,"[0.7890750777399501, 0.6799557517006445]",1,-1
39343,[0.80827184 0.61901683],2,0,"[0.7890750777399501, 0.6799557517006445]",1,-1
39344,[0.34336679 0.19119181],1,2,"[0.294379027732062, 0.1921773781634303]",0,0
39345,[0.36815471 0.62735457],0,1,"[0.37965276877051146, 0.575157747726818]",1,-1
39346,[0.31394719 0.17512608],1,2,"[0.294379027732062, 0.1921773781634303]",0,0
39347,[0.54082763 0.57358388],0,-1,-1,1,-1
39348,[0.82352613 0.68709658],2,0,"[0.7890750777399501, 0.6799557517006445]",1,-1
39349,[0.39902776 0.53739547],0,1,"[0.37965276877051146, 0.575157747726818]",1,-1
39350,[0.27860535 0.20233388],1,2,"[0.294379027732062, 0.1921773781634303]",0,0
39351,[0.72890978 0.64419905],3,0,"[0.7890750777399501, 0.6799557517006445]",1,-1
39352,[0.6110183  0.59914448],3,3,"[0.6601234827680622, 0.6109507568947781]",1,-1
39353,[0.84490151 0.7269739 ],2,-1,-1,1,-1
39354,[0.32400304 0.15889296],1,2,"[0.294379027732062, 0.1921773781634303]",0,0
39355,[0.82009235 0.70451489],2,0,"[0.7890750777399501, 0.6799557517006445]",1,-1
39356,[0.7651378  0.69093444],2,0,"[0.7890750777399501, 0.6799557517006445]",1,-1
39357,[0.75507709 0.6635869 ],2,0,"[0.7890750777399501, 0.6799557517006445]",1,-1
39358,[0.83119162 0.67621677],2,0,"[0.7890750777399501, 0.6799557517006445]",1,-1
39359,[0.83257637 0.65318597],2,0,"[0.7890750777399501, 0.6799557517006445]",1,-1
39360,[0.82068253 0.58137707],2,-1,-1,1,-1
39361,[0.64960743 0.61211473],3,3,"[0.6601234827680622, 0.6109507568947781]",1,6
39362,[0.26134601 0.19563698],1,2,"[0.294379027732062, 0.1921773781634303]",0,0
39363,[0.29815007 0.5603908 ],0,-1,-1,1,-1
39364,[0.81012657 0.71742572],2,0,"[0.7890750777399501, 0.6799557517006445]",1,-1
39365,[0.35004309 0.60194999],0,1,"[0.37965276877051146, 0.575157747726818]",1,-1
39366,[0.29196796 0.16976069],1,2,"[0.294379027732062, 0.1921773781634303]",0,0
39367,[0.78315384 0.76061453],2,-1,-1,1,-1
39368,[0.81912825 0.67788502],2,0,"[0.7890750777399501, 0.6799557517006445]",1,-1
39369,[0.40801351 0.55578011],0,1,"[0.37965276877051146, 0.575157747726818]",1,-1
39370,[0.31324448 0.21904039],1,2,"[0.294379027732062, 0.1921773781634303]",0,0
39371,[0.32114043 0.13316622],1,2,"[0.294379027732062, 0.1921773781634303]",0,0
39372,[0.80677308 0.6656204 ],2,0,"[0.7890750777399501, 0.6799557517006445]",1,-1
39373,[0.72292724 0.72544424],2,-1,-1,1,-1
39374,[0.30287853 0.18311431],1,2,"[0.294379027732062, 0.1921773781634303]",0,0
39375,[0.70935368 0.65616877],2,3,"[0.6601234827680622, 0.6109507568947781]",1,-1
39376,[0.71867992 0.63641053],3,3,"[0.6601234827680622, 0.6109507568947781]",1,-1
39377,[0.66001235 0.61230551],3,3,"[0.6601234827680622, 0.6109507568947781]",1,-1
39378,[0.24287363 0.21133848],1,2,"[0.294379027732062, 0.1921773781634303]",0,0
39379,[0.71402387 0.55247831],3,-1,-1,1,-1
39380,[0.33007363 0.67743885],0,-1,-1,1,-1
39381,[0.25543606 0.1661793 ],1,2,"[0.294379027732062, 0.1921773781634303]",0,0
39382,[0.45126802 0.54927256],0,-1,-1,1,-1
39383,[0.7153068  0.62725817],3,3,"[0.6601234827680622, 0.6109507568947781]",1,-1
39384,[0.66882391 0.55136207],3,3,"[0.6601234827680622, 0.6109507568947781]",1,-1
39385,[0.7268437  0.55158686],3,-1,-1,1,-1
39386,[0.35386119 0.18188699],1,2,"[0.294379027732062, 0.1921773781634303]",0,0
39387,[0.60298616 0.59692962],3,3,"[0.6601234827680622, 0.6109507568947781]",1,-1
39388,[0.30585557 0.20457351],1,2,"[0.294379027732062, 0.1921773781634303]",0,0
39389,[0.76347456 0.60539893],2,-1,-1,1,-1
39390,[0.24833554 0.14933868],1,2,"[0.294379027732062, 0.1921773781634303]",0,0
39391,[0.55627367 0.64852499],3,-1,-1,1,-1
39392,[0.76415129 0.65251189],2,0,"[0.7890750777399501, 0.6799557517006445]",1,-1
39393,[0.75446773 0.74347367],2,-1,-1,1,-1
39394,[0.42469008 0.26478199],1,-1,-1,0,0
39395,[0.40107388 0.5921209 ],0,1,"[0.37965276877051146, 0.575157747726818]",1,-1
39396,[0.27948128 0.10423906],1,-1,-1,0,0
39397,[0.30169884 0.15694748],1,2,"[0.294379027732062, 0.1921773781634303]",0,0
39398,[0.29985005 0.2306427 ],1,2,"[0.294379027732062, 0.1921773781634303]",0,0
39399,[0.66993704 0.68651841],3,-1,-1,1,-1
39400,[0.6016003  0.60601003],3,3,"[0.6601234827680622, 0.6109507568947781]",1,-1
39401,[0.3312989 0.601954 ],0,1,"[0.37965276877051146, 0.575157747726818]",1,-1
39402,[0.40512806 0.50901472],0,-1,-1,1,-1
39403,[0.39467346 0.54152795],0,1,"[0.37965276877051146, 0.575157747726818]",1,-1
39404,[0.36070329 0.20385557],1,2,"[0.294379027732062, 0.1921773781634303]",0,0
39405,[0.7034843  0.56039412],3,3,"[0.6601234827680622, 0.6109507568947781]",1,-1
39406,[0.30992233 0.21611103],1,2,"[0.294379027732062, 0.1921773781634303]",0,0
39407,[0.76767479 0.67413592],2,0,"[0.7890750777399501, 0.6799557517006445]",1,-1
39408,[0.78666128 0.66388874],2,0,"[0.7890750777399501, 0.6799557517006445]",1,-1
39409,[0.22345497 0.24570306],1,-1,-1,0,0
39410,[0.67091559 0.66239688],3,3,"[0.6601234827680622, 0.6109507568947781]",1,-1
39411,[0.71198043 0.69855924],3,-1,-1,1,-1
39412,[0.66979093 0.57775638],3,3,"[0.6601234827680622, 0.6109507568947781]",1,-1
39413,[0.72095012 0.57299368],3,-1,-1,1,-1
39414,[0.26345804 0.18691433],1,2,"[0.294379027732062, 0.1921773781634303]",0,0
39415,[0.85642681 0.68083551],2,0,"[0.7890750777399501, 0.6799557517006445]",1,-1
39416,[0.27308679 0.18322539],1,2,"[0.294379027732062, 0.1921773781634303]",0,0
39417,[0.31042838 0.1891274 ],1,2,"[0.294379027732062, 0.1921773781634303]",0,0
39418,[0.68988409 0.52814167],3,-1,-1,1,-1
39419,[0.65936346 0.60634164],3,3,"[0.6601234827680622, 0.6109507568947781]",1,-1
39420,[0.74603381 0.69427899],3,0,"[0.7890750777399501, 0.6799557517006445]",1,-1
39421,[0.41787218 0.5534716 ],0,1,"[0.37965276877051146, 0.575157747726818]",1,-1
39422,[0.65213736 0.5552882 ],3,3,"[0.6601234827680622, 0.6109507568947781]",1,-1
39423,[0.69014417 0.56508339],3,3,"[0.6601234827680622, 0.6109507568947781]",1,-1
39424,[0.73379389 0.63396006],2,-1,-1,1,-1
39425,[0.81710606 0.63528936],2,0,"[0.7890750777399501, 0.6799557517006445]",1,-1
39426,[0.67362633 0.46226356],3,-1,-1,1,-1
39427,[0.41054727 0.35298913],1,-1,-1,0,-1
39428,[0.65179708 0.56960119],3,3,"[0.6601234827680622, 0.6109507568947781]",1,-1
39429,[0.39707601 0.11472999],1,-1,-1,0,0
39430,[0.33771934 0.26081905],1,-1,-1,0,0
39431,[0.83539741 0.60390983],2,-1,-1,1,-1
39432,[0.78987487 0.8037999 ],2,-1,-1,1,-1
39433,[0.64639238 0.6497325 ],3,3,"[0.6601234827680622, 0.6109507568947781]",1,-1
39434,[0.430617   0.57242787],0,1,"[0.37965276877051146, 0.575157747726818]",1,-1
39435,[0.39826935 0.47719829],0,-1,-1,1,-1
39436,[0.4604987  0.49826496],0,-1,-1,1,-1
39437,[0.22577352 0.2184212 ],1,-1,-1,0,0
39438,[0.69895963 0.65142658],2,3,"[0.6601234827680622, 0.6109507568947781]",1,-1
39439,[0.32788124 0.63763104],0,-1,-1,1,-1
39440,[0.45775068 0.4991245 ],0,-1,-1,1,-1
39441,[0.42442548 0.68186018],0,-1,-1,1,-1
39442,[0.53120381 0.70401246],3,-1,-1,1,-1
39443,[0.74303672 0.61295056],3,-1,-1,1,-1
39444,[0.76564891 0.70363157],2,0,"[0.7890750777399501, 0.6799557517006445]",1,-1
39445,[0.75958719 0.77238758],2,-1,-1,1,-1
39446,[0.26508328 0.1846775 ],1,2,"[0.294379027732062, 0.1921773781634303]",0,0
39447,[0.34092212 0.16910617],1,2,"[0.294379027732062, 0.1921773781634303]",0,0
39448,[0.27331934 0.25689147],1,2,"[0.294379027732062, 0.1921773781634303]",0,0
39449,[0.86925353 0.73001287],2,-1,-1,1,-1
39450,[0.58834076 0.66994442],3,-1,-1,1,-1
39451,[0.73481287 0.61518897],3,-1,-1,1,-1
39452,[0.24424471 0.20721846],1,2,"[0.294379027732062, 0.1921773781634303]",0,0
39453,[0.328538   0.18111217],1,2,"[0.294379027732062, 0.1921773781634303]",0,0
39454,[0.34456596 0.13661447],1,-1,-1,0,0
39455,[0.38522127 0.59041867],0,1,"[0.37965276877051146, 0.575157747726818]",1,-1
39456,[0.43456162 0.56891366],0,1,"[0.37965276877051146, 0.575157747726818]",1,-1
39457,[0.26055171 0.22372204],1,2,"[0.294379027732062, 0.1921773781634303]",0,0
39458,[0.28744343 0.1796352 ],1,2,"[0.294379027732062, 0.1921773781634303]",0,0
39459,[0.27750933 0.18122904],1,2,"[0.294379027732062, 0.1921773781634303]",0,0
39460,[0.78043934 0.77848385],2,-1,-1,1,-1
39461,[0.71163297 0.5860772 ],3,3,"[0.6601234827680622, 0.6109507568947781]",1,-1
39462,[0.40598389 0.5861165 ],0,1,"[0.37965276877051146, 0.575157747726818]",1,-1
39463,[0.44904584 0.55940801],0,-1,-1,1,-1
39464,[0.26109739 0.32314272],1,-1,-1,0,0
39465,[0.75130987 0.6715269 ],2,0,"[0.7890750777399501, 0.6799557517006445]",1,-1
39466,[0.41063052 0.21673427],1,-1,-1,0,0
39467,[0.3200874  0.15314538],1,2,"[0.294379027732062, 0.1921773781634303]",0,0
39468,[0.41411886 0.55866548],0,1,"[0.37965276877051146, 0.575157747726818]",1,-1
39469,[0.36652309 0.19871191],1,-1,-1,0,0
39470,[0.64235258 0.65273606],3,3,"[0.6601234827680622, 0.6109507568947781]",1,-1
39471,[0.2968656  0.15601544],1,2,"[0.294379027732062, 0.1921773781634303]",0,0
39472,[0.36001394 0.55444903],0,1,"[0.37965276877051146, 0.575157747726818]",1,-1
39473,[0.36236781 0.30893623],1,-1,-1,0,0
39474,[0.32670728 0.22070231],1,2,"[0.294379027732062, 0.1921773781634303]",0,0
39475,[0.37361426 0.67268189],0,-1,-1,1,-1
39476,[0.80514612 0.80354148],2,-1,-1,1,-1
39477,[0.59278611 0.60975552],3,3,"[0.6601234827680622, 0.6109507568947781]",1,-1
39478,[0.89868457 0.67861933],2,-1,-1,1,-1
39479,[0.41506401 0.60318158],0,1,"[0.37965276877051146, 0.575157747726818]",1,-1
39480,[0.37537945 0.57757707],0,1,"[0.37965276877051146, 0.575157747726818]",1,1
39481,[0.21238154 0.21949072],1,-1,-1,0,0
39482,[0.77213899 0.71673702],2,0,"[0.7890750777399501, 0.6799557517006445]",1,-1
39483,[0.74225411 0.75417672],2,-1,-1,1,-1
39484,[0.82111712 0.6589332 ],2,0,"[0.7890750777399501, 0.6799557517006445]",1,-1
39485,[0.47660957 0.4919394 ],0,-1,-1,1,-1
39486,[0.65638354 0.63617759],3,3,"[0.6601234827680622, 0.6109507568947781]",1,-1
39487,[0.38231042 0.57313045],0,1,"[0.37965276877051146, 0.575157747726818]",1,-1
39488,[0.79213376 0.7343384 ],2,0,"[0.7890750777399501, 0.6799557517006445]",1,-1
39489,[0.26064133 0.16713192],1,2,"[0.294379027732062, 0.1921773781634303]",0,0
39490,[0.3698527  0.64764092],0,-1,-1,1,-1
39491,[0.74007824 0.68612091],2,0,"[0.7890750777399501, 0.6799557517006445]",1,-1
39492,[0.40234517 0.47297807],0,-1,-1,1,-1
39493,[0.46324115 0.53525979],0,-1,-1,1,-1
39494,[0.26952764 0.22765128],1,2,"[0.294379027732062, 0.1921773781634303]",0,0
39495,[0.40966957 0.59872907],0,1,"[0.37965276877051146, 0.575157747726818]",1,-1
39496,[0.30568189 0.1465613 ],1,2,"[0.294379027732062, 0.1921773781634303]",0,0
39497,[0.46124041 0.65030763],0,-1,-1,1,-1
39498,[0.58677403 0.62854625],3,-1,-1,1,-1
39499,[0.27249308 0.23307612],1,2,"[0.294379027732062, 0.1921773781634303]",0,0
39500,[0.4442945  0.57072388],0,1,"[0.37965276877051146, 0.575157747726818]",1,-1
39501,[0.35883638 0.53482638],0,1,"[0.37965276877051146, 0.575157747726818]",1,-1
39502,[0.27577296 0.58744921],0,-1,-1,1,-1
39503,[0.64755811 0.56244945],3,3,"[0.6601234827680622, 0.6109507568947781]",1,-1
39504,[0.388249   0.61803028],0,1,"[0.37965276877051146, 0.575157747726818]",1,-1
39505,[0.37822191 0.22477927],1,-1,-1,0,0
39506,[0.36695465 0.62599901],0,1,"[0.37965276877051146, 0.575157747726818]",1,-1
39507,[0.76156042 0.62669849],2,0,"[0.7890750777399501, 0.6799557517006445]",1,-1
39508,[0.35977897 0.13096874],1,-1,-1,0,0
39509,[0.21416284 0.22063365],1,-1,-1,0,0
39510,[0.85650413 0.70610186],2,-1,-1,1,-1
39511,[0.76887066 0.63293058],2,0,"[0.7890750777399501, 0.6799557517006445]",1,-1
39512,[0.81113997 0.6200213 ],2,0,"[0.7890750777399501, 0.6799557517006445]",1,-1
39513,[0.37979992 0.50005636],0,-1,-1,1,-1
39514,[0.70475625 0.58250891],3,3,"[0.6601234827680622, 0.6109507568947781]",1,-1
39515,[0.79640306 0.75939949],2,-1,-1,1,-1
39516,[0.66669714 0.66282398],3,3,"[0.6601234827680622, 0.6109507568947781]",1,-1
39517,[0.37048654 0.57234765],0,1,"[0.37965276877051146, 0.575157747726818]",1,1
39518,[0.46706237 0.65765144],0,-1,-1,1,-1
39519,[0.30760347 0.22301176],1,2,"[0.294379027732062, 0.1921773781634303]",0,0
39520,[0.2817755  0.30118658],1,-1,-1,0,0
39521,[0.81611979 0.62711451],2,0,"[0.7890750777399501, 0.6799557517006445]",1,-1
39522,[0.35610198 0.19755361],1,2,"[0.294379027732062, 0.1921773781634303]",0,0
39523,[0.86433037 0.64731403],2,-1,-1,1,-1
39524,[0.25274837 0.11119498],1,-1,-1,0,0
39525,[0.84456472 0.63868683],2,0,"[0.7890750777399501, 0.6799557517006445]",1,-1
39526,[0.32255351 0.61186154],0,1,"[0.37965276877051146, 0.575157747726818]",1,-1
39527,[0.70131258 0.69751137],2,-1,-1,1,-1
39528,[0.81448714 0.68690795],2,0,"[0.7890750777399501, 0.6799557517006445]",1,4
39529,[0.48266902 0.5727019 ],0,-1,-1,1,-1
39530,[0.74065514 0.68540648],2,0,"[0.7890750777399501, 0.6799557517006445]",1,-1
39531,[0.44955721 0.56432498],0,-1,-1,1,-1
39532,[0.77444878 0.64551182],2,0,"[0.7890750777399501, 0.6799557517006445]",1,-1
39533,[0.27969151 0.62957149],0,-1,-1,1,-1
39534,[0.7022691  0.59075801],3,3,"[0.6601234827680622, 0.6109507568947781]",1,-1
39535,[0.67091392 0.66665288],3,3,"[0.6601234827680622, 0.6109507568947781]",1,-1
39536,[0.21706815 0.1711012 ],1,-1,-1,0,0
39537,[0.62655938 0.71024349],3,-1,-1,1,-1
39538,[0.32330392 0.55095761],0,1,"[0.37965276877051146, 0.575157747726818]",1,-1
39539,[0.26915245 0.52545867],0,-1,-1,1,-1
39540,[0.30033573 0.18412152],1,2,"[0.294379027732062, 0.1921773781634303]",0,0
39541,[0.39365155 0.13199614],1,-1,-1,0,0
39542,[0.78726833 0.65830938],2,0,"[0.7890750777399501, 0.6799557517006445]",1,-1
39543,[0.30764595 0.19365548],1,2,"[0.294379027732062, 0.1921773781634303]",0,0
39544,[0.39493081 0.56255206],0,1,"[0.37965276877051146, 0.575157747726818]",1,2
39545,[0.64335746 0.6043654 ],3,3,"[0.6601234827680622, 0.6109507568947781]",1,-1
39546,[0.67107914 0.57776566],3,3,"[0.6601234827680622, 0.6109507568947781]",1,-1
39547,[0.64654804 0.54938774],3,3,"[0.6601234827680622, 0.6109507568947781]",1,-1
39548,[0.76749077 0.7725592 ],2,-1,-1,1,-1
39549,[0.83466855 0.64570378],2,0,"[0.7890750777399501, 0.6799557517006445]",1,-1
39550,[0.26182219 0.23385383],1,2,"[0.294379027732062, 0.1921773781634303]",0,0
39551,[0.31050142 0.22293545],1,2,"[0.294379027732062, 0.1921773781634303]",0,0
39552,[0.734976   0.69981738],2,0,"[0.7890750777399501, 0.6799557517006445]",1,-1
39553,[0.38470406 0.53067594],0,1,"[0.37965276877051146, 0.575157747726818]",1,-1
39554,[0.80772714 0.61779594],2,0,"[0.7890750777399501, 0.6799557517006445]",1,-1
39555,[0.80000349 0.58992687],3,-1,-1,1,-1
39556,[0.33785073 0.57223016],0,1,"[0.37965276877051146, 0.575157747726818]",1,-1
39557,[0.38848091 0.54945107],0,1,"[0.37965276877051146, 0.575157747726818]",1,-1
39558,[0.61719461 0.65644866],3,3,"[0.6601234827680622, 0.6109507568947781]",1,-1
39559,[0.2983695  0.16075132],1,2,"[0.294379027732062, 0.1921773781634303]",0,0
39560,[0.85722077 0.68529104],2,0,"[0.7890750777399501, 0.6799557517006445]",1,-1
39561,[0.41929084 0.11915982],1,-1,-1,0,0
39562,[0.33334884 0.5657811 ],0,1,"[0.37965276877051146, 0.575157747726818]",1,-1
39563,[0.40055727 0.61506695],0,1,"[0.37965276877051146, 0.575157747726818]",1,-1
39564,[0.36194598 0.14635784],1,-1,-1,0,0
39565,[0.35770854 0.20101544],1,2,"[0.294379027732062, 0.1921773781634303]",0,0
39566,[0.25870317 0.09821847],1,-1,-1,0,0
39567,[0.81431255 0.69888136],2,0,"[0.7890750777399501, 0.6799557517006445]",1,-1
39568,[0.35273118 0.22537597],1,2,"[0.294379027732062, 0.1921773781634303]",0,0
39569,[0.81526507 0.66862175],2,0,"[0.7890750777399501, 0.6799557517006445]",1,-1
39570,[0.33356761 0.61021177],0,1,"[0.37965276877051146, 0.575157747726818]",1,-1
39571,[0.38756855 0.55952374],0,1,"[0.37965276877051146, 0.575157747726818]",1,-1
39572,[0.70351105 0.61777889],3,3,"[0.6601234827680622, 0.6109507568947781]",1,-1
39573,[0.35430966 0.50356515],0,-1,-1,1,-1
39574,[0.36891376 0.55377611],0,1,"[0.37965276877051146, 0.575157747726818]",1,-1
39575,[0.71850741 0.66675045],3,-1,-1,1,-1
39576,[0.6885602  0.68312511],3,-1,-1,1,-1
39577,[0.36106873 0.09690954],1,-1,-1,0,0
39578,[0.73712223 0.64657054],3,0,"[0.7890750777399501, 0.6799557517006445]",1,-1
39579,[0.38862791 0.63039632],0,1,"[0.37965276877051146, 0.575157747726818]",1,-1
39580,[0.68008576 0.67680924],3,3,"[0.6601234827680622, 0.6109507568947781]",1,-1
39581,[0.62572066 0.67188387],3,3,"[0.6601234827680622, 0.6109507568947781]",1,-1
39582,[0.26436595 0.24653126],1,2,"[0.294379027732062, 0.1921773781634303]",0,0
39583,[0.76287213 0.67312643],2,0,"[0.7890750777399501, 0.6799557517006445]",1,-1
39584,[0.32093508 0.57656504],0,1,"[0.37965276877051146, 0.575157747726818]",1,-1
39585,[0.74826535 0.54178506],3,-1,-1,1,-1
39586,[0.41924088 0.57005626],0,1,"[0.37965276877051146, 0.575157747726818]",1,-1
39587,[0.82150056 0.65307376],2,0,"[0.7890750777399501, 0.6799557517006445]",1,-1
39588,[0.85667878 0.68741315],2,0,"[0.7890750777399501, 0.6799557517006445]",1,-1
39589,[0.47834951 0.56961017],0,-1,-1,1,-1
39590,[0.68487911 0.59642435],3,3,"[0.6601234827680622, 0.6109507568947781]",1,-1
39591,[0.68051553 0.6959041 ],3,-1,-1,1,-1
39592,[0.26223117 0.26198088],1,-1,-1,0,0
39593,[0.34751879 0.58619313],0,1,"[0.37965276877051146, 0.575157747726818]",1,-1
39594,[0.72941599 0.71571085],2,0,"[0.7890750777399501, 0.6799557517006445]",1,-1
39595,[0.28028946 0.22854187],1,2,"[0.294379027732062, 0.1921773781634303]",0,0
39596,[0.59579938 0.6598626 ],3,-1,-1,1,-1
39597,[0.37819924 0.56876147],0,1,"[0.37965276877051146, 0.575157747726818]",1,-1
39598,[0.26076532 0.15002213],1,2,"[0.294379027732062, 0.1921773781634303]",0,0
39599,[0.77598587 0.67278243],2,0,"[0.7890750777399501, 0.6799557517006445]",1,-1
39600,[0.76909268 0.73884643],2,0,"[0.7890750777399501, 0.6799557517006445]",1,-1
39601,[0.68802194 0.56551341],3,3,"[0.6601234827680622, 0.6109507568947781]",1,-1
39602,[0.38683116 0.51000906],0,1,"[0.37965276877051146, 0.575157747726818]",1,-1
39603,[0.84347677 0.71859092],2,0,"[0.7890750777399501, 0.6799557517006445]",1,-1
39604,[0.7306817  0.62554755],2,-1,-1,1,-1
39605,[0.80596738 0.69576615],2,0,"[0.7890750777399501, 0.6799557517006445]",1,-1
39606,[0.68519819 0.52633607],3,-1,-1,1,-1
39607,[0.8822188  0.68303024],2,-1,-1,1,-1
39608,[0.3462279 0.1888342],1,2,"[0.294379027732062, 0.1921773781634303]",0,0
39609,[0.83205324 0.67579811],2,0,"[0.7890750777399501, 0.6799557517006445]",1,-1
39610,[0.37636099 0.61570899],0,1,"[0.37965276877051146, 0.575157747726818]",1,-1
39611,[0.25075719 0.11714909],1,-1,-1,0,0
39612,[0.77543896 0.57615243],2,-1,-1,1,-1
39613,[0.65987178 0.71754554],3,-1,-1,1,-1
39614,[0.22897046 0.20149283],1,2,"[0.294379027732062, 0.1921773781634303]",0,0
39615,[0.77669744 0.67461369],2,0,"[0.7890750777399501, 0.6799557517006445]",1,-1
39616,[0.29965795 0.14089862],1,2,"[0.294379027732062, 0.1921773781634303]",0,0
39617,[0.46245476 0.66932592],0,-1,-1,1,-1
39618,[0.23145705 0.16403349],1,2,"[0.294379027732062, 0.1921773781634303]",0,0
39619,[0.72578069 0.61474349],3,3,"[0.6601234827680622, 0.6109507568947781]",1,-1
39620,[0.60006615 0.57617184],3,3,"[0.6601234827680622, 0.6109507568947781]",1,-1
39621,[0.69704065 0.64345697],2,3,"[0.6601234827680622, 0.6109507568947781]",1,-1
39622,[0.61656575 0.58719495],3,3,"[0.6601234827680622, 0.6109507568947781]",1,-1
39623,[0.37925823 0.57668805],0,1,"[0.37965276877051146, 0.575157747726818]",1,-1
39624,[0.74504194 0.70839482],2,0,"[0.7890750777399501, 0.6799557517006445]",1,-1
39625,[0.73284224 0.59372754],3,-1,-1,1,-1
39626,[0.44357237 0.56759309],0,1,"[0.37965276877051146, 0.575157747726818]",1,-1
39627,[0.31979606 0.58343091],0,1,"[0.37965276877051146, 0.575157747726818]",1,-1
39628,[0.87549963 0.78635611],2,-1,-1,1,-1
39629,[0.92509787 0.70621078],2,-1,-1,1,-1
39630,[0.41735416 0.55744028],0,1,"[0.37965276877051146, 0.575157747726818]",1,-1
39631,[0.32749386 0.61732717],0,1,"[0.37965276877051146, 0.575157747726818]",1,-1
39632,[0.73299293 0.61123407],3,-1,-1,1,-1
39633,[0.6593267  0.56258422],3,3,"[0.6601234827680622, 0.6109507568947781]",1,-1
39634,[0.86654079 0.69411564],2,-1,-1,1,-1
39635,[0.71794084 0.64451916],3,3,"[0.6601234827680622, 0.6109507568947781]",1,-1
39636,[0.31953816 0.55348904],0,1,"[0.37965276877051146, 0.575157747726818]",1,-1
39637,[0.4439138  0.53466131],0,-1,-1,1,-1
39638,[0.34653196 0.16936574],1,2,"[0.294379027732062, 0.1921773781634303]",0,0
39639,[0.30726009 0.12505548],1,2,"[0.294379027732062, 0.1921773781634303]",0,0
39640,[0.35220829 0.64106037],0,-1,-1,1,-1
39641,[0.25057716 0.15918787],1,2,"[0.294379027732062, 0.1921773781634303]",0,0
39642,[0.69967308 0.61034383],3,3,"[0.6601234827680622, 0.6109507568947781]",1,-1
39643,[0.810565  0.6822303],2,0,"[0.7890750777399501, 0.6799557517006445]",1,-1
39644,[0.36048437 0.55037092],0,1,"[0.37965276877051146, 0.575157747726818]",1,-1
39645,[0.30780817 0.14449018],1,2,"[0.294379027732062, 0.1921773781634303]",0,0
39646,[0.83566303 0.66974027],2,0,"[0.7890750777399501, 0.6799557517006445]",1,-1
39647,[0.28420444 0.25325062],1,2,"[0.294379027732062, 0.1921773781634303]",0,0
39648,[0.29285315 0.19064438],1,2,"[0.294379027732062, 0.1921773781634303]",0,0
39649,[0.82951045 0.63044413],2,0,"[0.7890750777399501, 0.6799557517006445]",1,-1
39650,[0.70298648 0.66356974],2,3,"[0.6601234827680622, 0.6109507568947781]",1,-1
39651,[0.21806631 0.17065296],1,-1,-1,0,0
39652,[0.28620432 0.08364655],1,-1,-1,0,0
39653,[0.59966155 0.59319297],3,3,"[0.6601234827680622, 0.6109507568947781]",1,-1
39654,[0.46757745 0.67212967],0,-1,-1,1,-1
39655,[0.30310854 0.14289698],1,2,"[0.294379027732062, 0.1921773781634303]",0,0
39656,[0.4622136  0.50157075],0,-1,-1,1,-1
39657,[0.34846501 0.60974456],0,1,"[0.37965276877051146, 0.575157747726818]",1,-1
39658,[0.72077943 0.59731812],3,3,"[0.6601234827680622, 0.6109507568947781]",1,-1
39659,[0.76097326 0.6759639 ],2,0,"[0.7890750777399501, 0.6799557517006445]",1,-1
39660,[0.25825545 0.20764264],1,2,"[0.294379027732062, 0.1921773781634303]",0,0
39661,[0.57479342 0.61625516],3,-1,-1,1,-1
39662,[0.23967403 0.11313341],1,-1,-1,0,0
39663,[0.31799236 0.24592636],1,2,"[0.294379027732062, 0.1921773781634303]",0,0
39664,[0.40786103 0.5317364 ],0,1,"[0.37965276877051146, 0.575157747726818]",1,-1
39665,[0.88985156 0.61756873],2,-1,-1,1,-1
39666,[0.64880417 0.54798483],3,3,"[0.6601234827680622, 0.6109507568947781]",1,-1
39667,[0.73172615 0.60669958],3,-1,-1,1,-1
39668,[0.7982617  0.73672783],2,0,"[0.7890750777399501, 0.6799557517006445]",1,-1
39669,[0.35729449 0.55756828],0,1,"[0.37965276877051146, 0.575157747726818]",1,-1
39670,[0.76779674 0.61629368],2,0,"[0.7890750777399501, 0.6799557517006445]",1,-1
39671,[0.72297291 0.74785966],2,-1,-1,1,-1
39672,[0.28599123 0.16992222],1,2,"[0.294379027732062, 0.1921773781634303]",0,0
39673,[0.41245178 0.52175071],0,1,"[0.37965276877051146, 0.575157747726818]",1,-1
39674,[0.33150228 0.17279018],1,2,"[0.294379027732062, 0.1921773781634303]",0,0
39675,[0.75579467 0.6081275 ],3,-1,-1,1,-1
39676,[0.33953232 0.28163607],1,-1,-1,0,0
39677,[0.42921274 0.54716383],0,1,"[0.37965276877051146, 0.575157747726818]",1,-1
39678,[0.27199947 0.18222039],1,2,"[0.294379027732062, 0.1921773781634303]",0,0
39679,[0.80660985 0.67094662],2,0,"[0.7890750777399501, 0.6799557517006445]",1,4
39680,[0.27978156 0.15143691],1,2,"[0.294379027732062, 0.1921773781634303]",0,0
39681,[0.35595586 0.09274978],1,-1,-1,0,0
39682,[0.82396736 0.60298328],2,-1,-1,1,-1
39683,[0.71145793 0.58747062],3,3,"[0.6601234827680622, 0.6109507568947781]",1,-1
39684,[0.20408221 0.26945956],1,-1,-1,0,0
39685,[0.67862295 0.63176022],3,3,"[0.6601234827680622, 0.6109507568947781]",1,-1
39686,[0.35097241 0.53785799],0,1,"[0.37965276877051146, 0.575157747726818]",1,-1
39687,[0.28643577 0.15052636],1,2,"[0.294379027732062, 0.1921773781634303]",0,0
39688,[0.7552431  0.69369958],2,0,"[0.7890750777399501, 0.6799557517006445]",1,-1
39689,[0.64473371 0.56425888],3,3,"[0.6601234827680622, 0.6109507568947781]",1,-1
39690,[0.35658682 0.12973231],1,-1,-1,0,0
39691,[0.6533329 0.5552148],3,3,"[0.6601234827680622, 0.6109507568947781]",1,-1
39692,[0.71040614 0.7466471 ],2,-1,-1,1,-1
39693,[0.73337135 0.60799619],2,-1,-1,1,-1
39694,[0.57434467 0.673286  ],3,-1,-1,1,-1
39695,[0.28866058 0.12984216],1,2,"[0.294379027732062, 0.1921773781634303]",0,0
39696,[0.8693301  0.61536213],2,-1,-1,1,-1
39697,[0.34989887 0.20265305],1,2,"[0.294379027732062, 0.1921773781634303]",0,0
39698,[0.82937865 0.8108726 ],2,-1,-1,1,-1
39699,[0.55011756 0.65092439],3,-1,-1,1,-1
39700,[0.25409788 0.20834775],1,2,"[0.294379027732062, 0.1921773781634303]",0,0
39701,[0.79893321 0.60518986],2,-1,-1,1,-1
39702,[0.66290816 0.70060377],3,-1,-1,1,-1
39703,[0.63735382 0.61896014],3,3,"[0.6601234827680622, 0.6109507568947781]",1,-1
39704,[0.28987501 0.15889246],1,2,"[0.294379027732062, 0.1921773781634303]",0,0
39705,[0.74841089 0.6184458 ],2,-1,-1,1,-1
39706,[0.85335719 0.71543038],2,-1,-1,1,-1
39707,[0.64675717 0.56674755],3,3,"[0.6601234827680622, 0.6109507568947781]",1,-1
39708,[0.62734849 0.55329389],3,3,"[0.6601234827680622, 0.6109507568947781]",1,-1
39709,[0.35275911 0.53870487],0,1,"[0.37965276877051146, 0.575157747726818]",1,-1
39710,[0.81383045 0.67969617],2,0,"[0.7890750777399501, 0.6799557517006445]",1,-1
39711,[0.4807941  0.55920868],0,-1,-1,1,-1
39712,[0.20649298 0.22590879],1,-1,-1,0,0
39713,[0.73306487 0.6965883 ],2,0,"[0.7890750777399501, 0.6799557517006445]",1,-1
39714,[0.33956581 0.48876377],0,-1,-1,1,-1
39715,[0.3451366  0.47149628],0,-1,-1,1,-1
39716,[0.39197342 0.51356733],0,1,"[0.37965276877051146, 0.575157747726818]",1,-1
39717,[0.34030891 0.19676953],1,2,"[0.294379027732062, 0.1921773781634303]",0,0
39718,[0.73002674 0.60383975],2,-1,-1,1,-1
39719,[0.22488726 0.28089606],1,-1,-1,0,0
39720,[0.15628534 0.22465431],1,-1,-1,0,0
39721,[0.26900203 0.16030796],1,2,"[0.294379027732062, 0.1921773781634303]",0,0
39722,[0.3130701  0.27484137],1,-1,-1,0,0
39723,[0.32000566 0.66585149],0,-1,-1,1,-1
39724,[0.34967262 0.15238859],1,2,"[0.294379027732062, 0.1921773781634303]",0,0
39725,[0.68768898 0.60739588],3,3,"[0.6601234827680622, 0.6109507568947781]",1,5
39726,[0.33857183 0.17991104],1,2,"[0.294379027732062, 0.1921773781634303]",0,0
39727,[0.60025679 0.62161492],3,3,"[0.6601234827680622, 0.6109507568947781]",1,-1
39728,[0.34949577 0.52511183],0,1,"[0.37965276877051146, 0.575157747726818]",1,-1
39729,[0.39934294 0.5410122 ],0,1,"[0.37965276877051146, 0.575157747726818]",1,-1
39730,[0.29721986 0.59556524],0,-1,-1,1,-1
39731,[0.68975125 0.62697554],3,3,"[0.6601234827680622, 0.6109507568947781]",1,7
39732,[0.42352464 0.54393566],0,1,"[0.37965276877051146, 0.575157747726818]",1,-1
39733,[0.60186431 0.65129379],3,-1,-1,1,-1
39734,[0.75533707 0.6585251 ],2,0,"[0.7890750777399501, 0.6799557517006445]",1,-1
39735,[0.38302827 0.53632322],0,1,"[0.37965276877051146, 0.575157747726818]",1,-1
39736,[0.3871069  0.57330436],0,1,"[0.37965276877051146, 0.575157747726818]",1,2
39737,[0.68770858 0.62452063],3,3,"[0.6601234827680622, 0.6109507568947781]",1,7
39738,[0.68444893 0.57157295],3,3,"[0.6601234827680622, 0.6109507568947781]",1,-1
39739,[0.24920606 0.22822973],1,2,"[0.294379027732062, 0.1921773781634303]",0,0
39740,[0.75471585 0.60919276],2,-1,-1,1,-1
39741,[0.72932085 0.66372009],2,0,"[0.7890750777399501, 0.6799557517006445]",1,-1
39742,[0.28748886 0.46472109],0,-1,-1,1,-1
39743,[0.70481652 0.61950095],2,3,"[0.6601234827680622, 0.6109507568947781]",1,-1
39744,[0.25007518 0.24977147],1,-1,-1,0,0
39745,[0.67364616 0.56779323],3,3,"[0.6601234827680622, 0.6109507568947781]",1,-1
39746,[0.66048178 0.54061361],3,-1,-1,1,-1
39747,[0.34951855 0.47728303],0,-1,-1,1,-1
39748,[0.32894221 0.15565642],1,2,"[0.294379027732062, 0.1921773781634303]",0,0
39749,[0.3268798  0.58414452],0,1,"[0.37965276877051146, 0.575157747726818]",1,-1
39750,[0.3238772 0.2359264],1,2,"[0.294379027732062, 0.1921773781634303]",0,0
39751,[0.61839476 0.61117333],3,3,"[0.6601234827680622, 0.6109507568947781]",1,-1
39752,[0.31012348 0.55020029],0,-1,-1,1,-1
39753,[0.36954704 0.61761395],0,1,"[0.37965276877051146, 0.575157747726818]",1,-1
39754,[0.82468613 0.71074961],2,0,"[0.7890750777399501, 0.6799557517006445]",1,-1
39755,[0.70126907 0.61304934],3,3,"[0.6601234827680622, 0.6109507568947781]",1,-1
39756,[0.704278   0.80313526],2,-1,-1,1,-1
39757,[0.4573742  0.56315107],0,-1,-1,1,-1
39758,[0.31084636 0.25904035],1,2,"[0.294379027732062, 0.1921773781634303]",0,0
39759,[0.63510944 0.58311415],3,3,"[0.6601234827680622, 0.6109507568947781]",1,-1
39760,[0.67825582 0.56894087],3,3,"[0.6601234827680622, 0.6109507568947781]",1,-1
39761,[0.7029774  0.56141016],3,3,"[0.6601234827680622, 0.6109507568947781]",1,-1
39762,[0.37967872 0.58378625],0,1,"[0.37965276877051146, 0.575157747726818]",1,-1
39763,[0.3104321  0.19320827],1,2,"[0.294379027732062, 0.1921773781634303]",0,0
39764,[0.58220169 0.58949249],3,-1,-1,1,-1
39765,[0.33307864 0.54009553],0,1,"[0.37965276877051146, 0.575157747726818]",1,-1
39766,[0.77903877 0.67222107],2,0,"[0.7890750777399501, 0.6799557517006445]",1,-1
39767,[0.73213391 0.6437316 ],2,0,"[0.7890750777399501, 0.6799557517006445]",1,-1
39768,[0.27735032 0.16097475],1,2,"[0.294379027732062, 0.1921773781634303]",0,0
39769,[0.40350396 0.56820895],0,1,"[0.37965276877051146, 0.575157747726818]",1,2
39770,[0.34515112 0.6379916 ],0,-1,-1,1,-1
39771,[0.89607926 0.62279723],2,-1,-1,1,-1
39772,[0.36499835 0.53100192],0,1,"[0.37965276877051146, 0.575157747726818]",1,-1
39773,[0.36553845 0.53666299],0,1,"[0.37965276877051146, 0.575157747726818]",1,-1
39774,[0.78233665 0.61416218],2,0,"[0.7890750777399501, 0.6799557517006445]",1,-1
39775,[0.77966222 0.6566771 ],2,0,"[0.7890750777399501, 0.6799557517006445]",1,-1
39776,[0.79149389 0.78103726],2,-1,-1,1,-1
39777,[0.68436491 0.70615948],3,-1,-1,1,-1
39778,[0.36188119 0.56159323],0,1,"[0.37965276877051146, 0.575157747726818]",1,-1
39779,[0.76287022 0.68750361],2,0,"[0.7890750777399501, 0.6799557517006445]",1,4
39780,[0.22761294 0.23232602],1,-1,-1,0,0
39781,[0.89343439 0.72032631],2,-1,-1,1,-1
39782,[0.3811829  0.53017115],0,1,"[0.37965276877051146, 0.575157747726818]",1,-1
39783,[0.83295798 0.67190593],2,0,"[0.7890750777399501, 0.6799557517006445]",1,-1
39784,[0.39335305 0.65828012],0,-1,-1,1,-1
39785,[0.87166838 0.65869243],2,-1,-1,1,-1
39786,[0.32763261 0.59460336],0,1,"[0.37965276877051146, 0.575157747726818]",1,-1
39787,[0.71598714 0.66096195],3,-1,-1,1,-1
39788,[0.29309645 0.22486204],1,2,"[0.294379027732062, 0.1921773781634303]",0,0
39789,[0.68436652 0.684613  ],2,-1,-1,1,-1
39790,[0.79714213 0.6088495 ],2,-1,-1,1,-1
39791,[0.40250746 0.21555104],1,-1,-1,0,0
39792,[0.41180107 0.52545287],0,1,"[0.37965276877051146, 0.575157747726818]",1,-1
39793,[0.36310785 0.59979316],0,1,"[0.37965276877051146, 0.575157747726818]",1,-1
39794,[0.53885401 0.68672549],3,-1,-1,1,-1
39795,[0.72663509 0.7553161 ],2,-1,-1,1,-1
39796,[0.23537036 0.13099789],1,-1,-1,0,0
39797,[0.66086804 0.5990729 ],3,3,"[0.6601234827680622, 0.6109507568947781]",1,-1
39798,[0.35058817 0.52974717],0,1,"[0.37965276877051146, 0.575157747726818]",1,-1
39799,[0.79437761 0.66475657],2,0,"[0.7890750777399501, 0.6799557517006445]",1,-1
39800,[0.33550024 0.59731481],0,1,"[0.37965276877051146, 0.575157747726818]",1,-1
39801,[0.40205394 0.63089808],0,1,"[0.37965276877051146, 0.575157747726818]",1,-1
39802,[0.77107904 0.71491301],2,0,"[0.7890750777399501, 0.6799557517006445]",1,-1
39803,[0.18204555 0.20213566],1,-1,-1,0,0
39804,[0.37404548 0.48594178],0,-1,-1,1,-1
39805,[0.70158682 0.66080083],3,3,"[0.6601234827680622, 0.6109507568947781]",1,-1
39806,[0.38025464 0.54228251],0,1,"[0.37965276877051146, 0.575157747726818]",1,-1
39807,[0.41764291 0.5952935 ],0,1,"[0.37965276877051146, 0.575157747726818]",1,-1
39808,[0.45702222 0.59989608],0,-1,-1,1,-1
39809,[0.36630196 0.50787463],0,1,"[0.37965276877051146, 0.575157747726818]",1,-1
39810,[0.81559256 0.63950676],2,0,"[0.7890750777399501, 0.6799557517006445]",1,-1
39811,[0.45292449 0.5326125 ],0,-1,-1,1,-1
39812,[0.26081708 0.1521804 ],1,2,"[0.294379027732062, 0.1921773781634303]",0,0
39813,[0.31317113 0.14553186],1,2,"[0.294379027732062, 0.1921773781634303]",0,0
39814,[0.70221364 0.59859684],3,3,"[0.6601234827680622, 0.6109507568947781]",1,-1
39815,[0.62597175 0.52877762],3,-1,-1,1,-1
39816,[0.79187003 0.70745859],2,0,"[0.7890750777399501, 0.6799557517006445]",1,-1
39817,[0.60033734 0.5847588 ],3,3,"[0.6601234827680622, 0.6109507568947781]",1,-1
39818,[0.32415565 0.65639688],0,-1,-1,1,-1
39819,[0.81530539 0.6390758 ],2,0,"[0.7890750777399501, 0.6799557517006445]",1,-1
39820,[0.77948124 0.62287799],3,0,"[0.7890750777399501, 0.6799557517006445]",1,-1
39821,[0.39614231 0.5659252 ],0,1,"[0.37965276877051146, 0.575157747726818]",1,2
39822,[0.23246875 0.19567829],1,2,"[0.294379027732062, 0.1921773781634303]",0,0
39823,[0.48208729 0.57814221],0,-1,-1,1,-1
39824,[0.33409947 0.57513248],0,1,"[0.37965276877051146, 0.575157747726818]",1,-1
39825,[0.9050233  0.70158997],2,-1,-1,1,-1
39826,[0.79919893 0.72138914],2,0,"[0.7890750777399501, 0.6799557517006445]",1,-1
39827,[0.39984007 0.5313044 ],0,1,"[0.37965276877051146, 0.575157747726818]",1,-1
39828,[0.39055656 0.62111287],0,1,"[0.37965276877051146, 0.575157747726818]",1,-1
39829,[0.52121563 0.64639664],3,-1,-1,1,-1
39830,[0.64840973 0.57279632],3,3,"[0.6601234827680622, 0.6109507568947781]",1,-1
39831,[0.75525335 0.65451259],3,0,"[0.7890750777399501, 0.6799557517006445]",1,-1
39832,[0.30832841 0.13586396],1,2,"[0.294379027732062, 0.1921773781634303]",0,0
39833,[0.38530472 0.57711529],0,1,"[0.37965276877051146, 0.575157747726818]",1,2
39834,[0.87252905 0.64471385],2,-1,-1,1,-1
39835,[0.85822447 0.70185087],2,-1,-1,1,-1
39836,[0.68646191 0.58229108],2,3,"[0.6601234827680622, 0.6109507568947781]",1,-1
39837,[0.35395562 0.57111633],0,1,"[0.37965276877051146, 0.575157747726818]",1,-1
39838,[0.65114684 0.5644605 ],3,3,"[0.6601234827680622, 0.6109507568947781]",1,-1
39839,[0.66358794 0.61568719],3,3,"[0.6601234827680622, 0.6109507568947781]",1,-1
39840,[0.37046602 0.57331476],0,1,"[0.37965276877051146, 0.575157747726818]",1,1
39841,[0.32491415 0.10629948],1,-1,-1,0,0
39842,[0.82393656 0.62157982],2,0,"[0.7890750777399501, 0.6799557517006445]",1,-1
39843,[0.74818388 0.63610316],3,0,"[0.7890750777399501, 0.6799557517006445]",1,-1
39844,[0.32687869 0.18392436],1,2,"[0.294379027732062, 0.1921773781634303]",0,0
39845,[0.63356625 0.66722804],3,3,"[0.6601234827680622, 0.6109507568947781]",1,-1
39846,[0.62289303 0.65804152],3,3,"[0.6601234827680622, 0.6109507568947781]",1,-1
39847,[0.70678289 0.61564119],2,3,"[0.6601234827680622, 0.6109507568947781]",1,-1
39848,[0.35303564 0.51973429],0,1,"[0.37965276877051146, 0.575157747726818]",1,-1
39849,[0.29750548 0.23297769],1,2,"[0.294379027732062, 0.1921773781634303]",0,0
39850,[0.78120092 0.59949157],2,-1,-1,1,-1
39851,[0.82755537 0.69299782],2,0,"[0.7890750777399501, 0.6799557517006445]",1,-1
39852,[0.81259757 0.66213452],2,0,"[0.7890750777399501, 0.6799557517006445]",1,-1
39853,[0.27056577 0.3000914 ],1,-1,-1,0,0
39854,[0.22492959 0.20282367],1,-1,-1,0,0
39855,[0.84025529 0.6764479 ],2,0,"[0.7890750777399501, 0.6799557517006445]",1,-1
39856,[0.63141397 0.64266068],3,3,"[0.6601234827680622, 0.6109507568947781]",1,-1
39857,[0.57868458 0.50845621],3,-1,-1,1,-1
39858,[0.68561809 0.57391265],3,3,"[0.6601234827680622, 0.6109507568947781]",1,-1
39859,[0.33839203 0.16976372],1,2,"[0.294379027732062, 0.1921773781634303]",0,0
39860,[0.64660335 0.63843417],3,3,"[0.6601234827680622, 0.6109507568947781]",1,-1
39861,[0.81524016 0.72774865],2,0,"[0.7890750777399501, 0.6799557517006445]",1,-1
39862,[0.80307935 0.61488061],2,0,"[0.7890750777399501, 0.6799557517006445]",1,-1
39863,[0.33369735 0.19650021],1,2,"[0.294379027732062, 0.1921773781634303]",0,0
39864,[0.58566008 0.60016803],3,-1,-1,1,-1
39865,[0.2577872  0.14596719],1,2,"[0.294379027732062, 0.1921773781634303]",0,0
39866,[0.33550878 0.51852128],0,-1,-1,1,-1
39867,[0.38526419 0.54798731],0,1,"[0.37965276877051146, 0.575157747726818]",1,-1
39868,[0.81497841 0.70572076],2,0,"[0.7890750777399501, 0.6799557517006445]",1,-1
39869,[0.37614563 0.22470409],1,-1,-1,0,0
39870,[0.80683709 0.65263763],2,0,"[0.7890750777399501, 0.6799557517006445]",1,-1
39871,[0.78853332 0.67399359],2,0,"[0.7890750777399501, 0.6799557517006445]",1,4
39872,[0.24613365 0.17740787],1,2,"[0.294379027732062, 0.1921773781634303]",0,0
39873,[0.78632634 0.66631287],2,0,"[0.7890750777399501, 0.6799557517006445]",1,-1
39874,[0.72781237 0.69245279],2,0,"[0.7890750777399501, 0.6799557517006445]",1,-1
39875,[0.69563463 0.61871491],2,3,"[0.6601234827680622, 0.6109507568947781]",1,-1
39876,[0.24734531 0.204754  ],1,2,"[0.294379027732062, 0.1921773781634303]",0,0
39877,[0.39811614 0.56784814],0,1,"[0.37965276877051146, 0.575157747726818]",1,2
39878,[0.43927505 0.54316456],0,1,"[0.37965276877051146, 0.575157747726818]",1,-1
39879,[0.23845636 0.16602831],1,2,"[0.294379027732062, 0.1921773781634303]",0,0
39880,[0.7204082  0.59156868],3,3,"[0.6601234827680622, 0.6109507568947781]",1,-1
39881,[0.25503789 0.23950911],1,2,"[0.294379027732062, 0.1921773781634303]",0,0
39882,[0.65288192 0.58498652],3,3,"[0.6601234827680622, 0.6109507568947781]",1,-1
39883,[0.28386907 0.27136271],1,-1,-1,0,0
39884,[0.32295706 0.59985649],0,1,"[0.37965276877051146, 0.575157747726818]",1,-1
39885,[0.61442206 0.6335597 ],3,3,"[0.6601234827680622, 0.6109507568947781]",1,-1
39886,[0.78637884 0.63404127],3,0,"[0.7890750777399501, 0.6799557517006445]",1,-1
39887,[0.74769437 0.69996677],2,0,"[0.7890750777399501, 0.6799557517006445]",1,-1
39888,[0.67856454 0.71941899],2,-1,-1,1,-1
39889,[0.68651464 0.66717057],2,3,"[0.6601234827680622, 0.6109507568947781]",1,-1
39890,[0.32424618 0.20276747],1,2,"[0.294379027732062, 0.1921773781634303]",0,0
39891,[0.3322946  0.20077702],1,2,"[0.294379027732062, 0.1921773781634303]",0,0
39892,[0.83120039 0.67848294],2,0,"[0.7890750777399501, 0.6799557517006445]",1,-1
39893,[0.3069037 0.0920528],1,-1,-1,0,0
39894,[0.7157982  0.71454643],2,-1,-1,1,-1
39895,[0.70975635 0.57823548],3,3,"[0.6601234827680622, 0.6109507568947781]",1,-1
39896,[0.6708105  0.63803718],3,3,"[0.6601234827680622, 0.6109507568947781]",1,-1
39897,[0.41298778 0.54942685],0,1,"[0.37965276877051146, 0.575157747726818]",1,-1
39898,[0.36232884 0.57801779],0,1,"[0.37965276877051146, 0.575157747726818]",1,-1
39899,[0.76488283 0.60856699],2,-1,-1,1,-1
39900,[0.4286334  0.51786483],0,-1,-1,1,-1
39901,[0.6950656  0.65300609],3,3,"[0.6601234827680622, 0.6109507568947781]",1,-1
39902,[0.34645354 0.54971625],0,1,"[0.37965276877051146, 0.575157747726818]",1,-1
39903,[0.70408137 0.64489847],2,3,"[0.6601234827680622, 0.6109507568947781]",1,-1
39904,[0.21950616 0.12719633],1,-1,-1,0,0
39905,[0.59738147 0.64037743],3,3,"[0.6601234827680622, 0.6109507568947781]",1,-1
39906,[0.38428918 0.59021773],0,1,"[0.37965276877051146, 0.575157747726818]",1,-1
39907,[0.64187836 0.68173416],3,-1,-1,1,-1
39908,[0.35483793 0.5855451 ],0,1,"[0.37965276877051146, 0.575157747726818]",1,-1
39909,[0.36076381 0.61040434],0,1,"[0.37965276877051146, 0.575157747726818]",1,-1
39910,[0.77083224 0.6062296 ],2,-1,-1,1,-1
39911,[0.43858248 0.59076282],0,1,"[0.37965276877051146, 0.575157747726818]",1,-1
39912,[0.26517512 0.24673868],1,2,"[0.294379027732062, 0.1921773781634303]",0,0
39913,[0.25981025 0.19735464],1,2,"[0.294379027732062, 0.1921773781634303]",0,0
39914,[0.78172649 0.76858276],2,-1,-1,1,-1
39915,[0.31381186 0.14449623],1,2,"[0.294379027732062, 0.1921773781634303]",0,0
39916,[0.4196575  0.63945481],0,-1,-1,1,-1
39917,[0.76952393 0.65030751],2,0,"[0.7890750777399501, 0.6799557517006445]",1,-1
39918,[0.25092187 0.23023276],1,2,"[0.294379027732062, 0.1921773781634303]",0,0
39919,[0.36444631 0.60430937],0,1,"[0.37965276877051146, 0.575157747726818]",1,-1
39920,[0.62320976 0.54427863],3,-1,-1,1,-1
39921,[0.53057189 0.50836442],3,-1,-1,1,-1
39922,[0.2767871 0.1761098],1,2,"[0.294379027732062, 0.1921773781634303]",0,0
39923,[0.76750265 0.71069899],2,0,"[0.7890750777399501, 0.6799557517006445]",1,-1
39924,[0.74288559 0.69753987],2,0,"[0.7890750777399501, 0.6799557517006445]",1,-1
39925,[0.66275044 0.60462781],3,3,"[0.6601234827680622, 0.6109507568947781]",1,-1
39926,[0.2816376  0.25606772],1,2,"[0.294379027732062, 0.1921773781634303]",0,0
39927,[0.39801904 0.53416493],0,1,"[0.37965276877051146, 0.575157747726818]",1,-1
39928,[0.30310125 0.55574095],0,-1,-1,1,-1
39929,[0.65619397 0.64796519],3,3,"[0.6601234827680622, 0.6109507568947781]",1,-1
39930,[0.2938353  0.23047025],1,2,"[0.294379027732062, 0.1921773781634303]",0,0
39931,[0.2776602  0.19202097],1,2,"[0.294379027732062, 0.1921773781634303]",0,0
39932,[0.68640777 0.66354916],3,3,"[0.6601234827680622, 0.6109507568947781]",1,-1
39933,[0.31545594 0.11944497],1,-1,-1,0,0
39934,[0.26801718 0.19574757],1,2,"[0.294379027732062, 0.1921773781634303]",0,0
39935,[0.78733183 0.66314316],2,0,"[0.7890750777399501, 0.6799557517006445]",1,-1
39936,[0.7171461  0.61114182],3,3,"[0.6601234827680622, 0.6109507568947781]",1,-1
39937,[0.33227735 0.56760101],0,1,"[0.37965276877051146, 0.575157747726818]",1,-1
39938,[0.39675629 0.59363009],0,1,"[0.37965276877051146, 0.575157747726818]",1,-1
39939,[0.23738472 0.15068093],1,-1,-1,0,0
39940,[0.80192611 0.67184622],2,0,"[0.7890750777399501, 0.6799557517006445]",1,4
39941,[0.31927033 0.24057116],1,2,"[0.294379027732062, 0.1921773781634303]",0,0
39942,[0.81131386 0.63253024],2,0,"[0.7890750777399501, 0.6799557517006445]",1,-1
39943,[0.82570058 0.64621421],2,0,"[0.7890750777399501, 0.6799557517006445]",1,-1
39944,[0.81609055 0.6731666 ],2,0,"[0.7890750777399501, 0.6799557517006445]",1,-1
39945,[0.21500629 0.17835518],1,-1,-1,0,0
39946,[0.30377206 0.57848879],0,-1,-1,1,-1
39947,[0.40867791 0.52290079],0,1,"[0.37965276877051146, 0.575157747726818]",1,-1
39948,[0.60252817 0.57622853],3,3,"[0.6601234827680622, 0.6109507568947781]",1,-1
39949,[0.26025176 0.18242166],1,2,"[0.294379027732062, 0.1921773781634303]",0,0
39950,[0.3024082  0.68785841],0,-1,-1,1,-1
39951,[0.8112264 0.6390447],2,0,"[0.7890750777399501, 0.6799557517006445]",1,-1
39952,[0.40785446 0.53608907],0,1,"[0.37965276877051146, 0.575157747726818]",1,-1
39953,[0.75177958 0.57200007],3,-1,-1,1,-1
39954,[0.80696617 0.74085292],2,0,"[0.7890750777399501, 0.6799557517006445]",1,-1
39955,[0.34313357 0.6513432 ],0,-1,-1,1,-1
39956,[0.38816876 0.45554307],0,-1,-1,1,-1
39957,[0.76218645 0.67747815],2,0,"[0.7890750777399501, 0.6799557517006445]",1,-1
39958,[0.82165478 0.70361704],2,0,"[0.7890750777399501, 0.6799557517006445]",1,-1
39959,[0.23448855 0.15917475],1,2,"[0.294379027732062, 0.1921773781634303]",0,0
39960,[0.28549201 0.18686403],1,2,"[0.294379027732062, 0.1921773781634303]",0,0
39961,[0.38300852 0.57205685],0,1,"[0.37965276877051146, 0.575157747726818]",1,-1
39962,[0.47181168 0.43576355],0,-1,-1,1,-1
39963,[0.76835285 0.67797602],2,0,"[0.7890750777399501, 0.6799557517006445]",1,-1
39964,[0.57912687 0.69387288],3,-1,-1,1,-1
39965,[0.37937171 0.56210256],0,1,"[0.37965276877051146, 0.575157747726818]",1,-1
39966,[0.68964869 0.67626252],3,-1,-1,1,-1
39967,[0.23509508 0.20187065],1,2,"[0.294379027732062, 0.1921773781634303]",0,0
39968,[0.6341999  0.62064484],3,3,"[0.6601234827680622, 0.6109507568947781]",1,-1
39969,[0.46610874 0.50796354],0,-1,-1,1,-1
39970,[0.65211112 0.65815295],3,3,"[0.6601234827680622, 0.6109507568947781]",1,-1
39971,[0.71436797 0.61921521],3,3,"[0.6601234827680622, 0.6109507568947781]",1,-1
39972,[0.39082108 0.57074842],0,1,"[0.37965276877051146, 0.575157747726818]",1,2
39973,[0.70411753 0.64246869],3,3,"[0.6601234827680622, 0.6109507568947781]",1,-1
39974,[0.79813986 0.6617388 ],2,0,"[0.7890750777399501, 0.6799557517006445]",1,-1
39975,[0.32656418 0.16563826],1,2,"[0.294379027732062, 0.1921773781634303]",0,0
39976,[0.77165957 0.58307126],2,-1,-1,1,-1
39977,[0.78349962 0.70500144],2,0,"[0.7890750777399501, 0.6799557517006445]",1,-1
39978,[0.87993378 0.72086687],2,-1,-1,1,-1
39979,[0.78376906 0.52563165],3,-1,-1,1,-1
39980,[0.80564436 0.71562102],2,0,"[0.7890750777399501, 0.6799557517006445]",1,-1
39981,[0.7626688  0.74037811],2,0,"[0.7890750777399501, 0.6799557517006445]",1,-1
39982,[0.42303354 0.49961018],0,-1,-1,1,-1
39983,[0.62051779 0.57769194],3,3,"[0.6601234827680622, 0.6109507568947781]",1,-1
39984,[0.75586357 0.67713148],2,0,"[0.7890750777399501, 0.6799557517006445]",1,-1
39985,[0.79061176 0.68747381],2,0,"[0.7890750777399501, 0.6799557517006445]",1,-1
39986,[0.35848409 0.54833431],0,1,"[0.37965276877051146, 0.575157747726818]",1,-1
39987,[0.60751299 0.58316198],3,3,"[0.6601234827680622, 0.6109507568947781]",1,-1
39988,[0.32580239 0.52901099],0,-1,-1,1,-1
39989,[0.16120442 0.20947335],1,-1,-1,0,0
39990,[0.79463067 0.75151675],2,-1,-1,1,-1
39991,[0.24597877 0.1175548 ],1,-1,-1,0,0
39992,[0.24473774 0.18382344],1,2,"[0.294379027732062, 0.1921773781634303]",0,0
39993,[0.27451273 0.19878241],1,2,"[0.294379027732062, 0.1921773781634303]",0,0
39994,[0.61109675 0.60762782],3,3,"[0.6601234827680622, 0.6109507568947781]",1,-1
39995,[0.80103012 0.68512073],2,0,"[0.7890750777399501, 0.6799557517006445]",1,-1
39996,[0.37399219 0.189413  ],1,-1,-1,0,0
39997,[0.30640304 0.22151967],1,2,"[0.294379027732062, 0.1921773781634303]",0,0
39998,[0.76294719 0.65142963],2,0,"[0.7890750777399501, 0.6799557517006445]",1,-1
39999,[0.32161493 0.18669292],1,2,"[0.294379027732062, 0.1921773781634303]",0,0
40000,[0.83147273 0.62243565],2,-1,-1,1,-1
40001,[0.72744705 0.75505806],2,-1,-1,1,-1
40002,[0.35581744 0.17061151],1,2,"[0.294379027732062, 0.1921773781634303]",0,0
40003,[0.30253131 0.15348605],1,2,"[0.294379027732062, 0.1921773781634303]",0,0
40004,[0.30250226 0.65906185],0,-1,-1,1,-1
40005,[0.67372424 0.57622761],3,3,"[0.6601234827680622, 0.6109507568947781]",1,-1
40006,[0.69705179 0.57017462],3,3,"[0.6601234827680622, 0.6109507568947781]",1,-1
40007,[0.77379648 0.70283114],2,0,"[0.7890750777399501, 0.6799557517006445]",1,-1
40008,[0.66924771 0.60942334],3,3,"[0.6601234827680622, 0.6109507568947781]",1,-1
40009,[0.35736392 0.5542007 ],0,1,"[0.37965276877051146, 0.575157747726818]",1,-1
40010,[0.39973684 0.55257685],0,1,"[0.37965276877051146, 0.575157747726818]",1,-1
40011,[0.76289172 0.58202751],3,-1,-1,1,-1
40012,[0.82089536 0.75093985],2,-1,-1,1,-1
40013,[0.32937739 0.11710008],1,-1,-1,0,0
40014,[0.67194124 0.67041457],3,3,"[0.6601234827680622, 0.6109507568947781]",1,-1
40015,[0.85190841 0.70555242],2,0,"[0.7890750777399501, 0.6799557517006445]",1,-1
40016,[0.78904829 0.6449209 ],2,0,"[0.7890750777399501, 0.6799557517006445]",1,-1
40017,[0.68550439 0.62149556],3,3,"[0.6601234827680622, 0.6109507568947781]",1,7
40018,[0.27918239 0.11027153],1,-1,-1,0,0
40019,[0.80738321 0.73308309],2,0,"[0.7890750777399501, 0.6799557517006445]",1,-1
40020,[0.43387914 0.62552655],0,-1,-1,1,-1
40021,[0.33301602 0.15218279],1,2,"[0.294379027732062, 0.1921773781634303]",0,0
40022,[0.74261193 0.63187271],3,0,"[0.7890750777399501, 0.6799557517006445]",1,-1
40023,[0.74397346 0.58926448],2,-1,-1,1,-1
40024,[0.58553142 0.55570429],3,-1,-1,1,-1
40025,[0.4087258  0.34476646],1,-1,-1,0,-1
40026,[0.42107559 0.64674977],0,-1,-1,1,-1
40027,[0.49701839 0.61644211],0,-1,-1,1,-1
40028,[0.33222936 0.25944377],1,-1,-1,0,0
40029,[0.23911602 0.25660092],1,-1,-1,0,0
40030,[0.76517382 0.66214167],2,0,"[0.7890750777399501, 0.6799557517006445]",1,3
40031,[0.72976011 0.71639984],2,0,"[0.7890750777399501, 0.6799557517006445]",1,-1
40032,[0.71449817 0.59990056],3,3,"[0.6601234827680622, 0.6109507568947781]",1,-1
40033,[0.6055908  0.60215687],3,3,"[0.6601234827680622, 0.6109507568947781]",1,-1
40034,[0.58144196 0.64525732],3,-1,-1,1,-1
40035,[0.39085528 0.60905957],0,1,"[0.37965276877051146, 0.575157747726818]",1,-1
40036,[0.88457759 0.7731963 ],2,-1,-1,1,-1
40037,[0.36913602 0.51277836],0,1,"[0.37965276877051146, 0.575157747726818]",1,-1
40038,[0.29425645 0.27771494],1,-1,-1,0,0
40039,[0.34396977 0.65837915],0,-1,-1,1,-1
40040,[0.37440665 0.6429686 ],0,1,"[0.37965276877051146, 0.575157747726818]",1,-1
40041,[0.38002407 0.12799854],1,-1,-1,0,0
40042,[0.68097526 0.67290603],3,3,"[0.6601234827680622, 0.6109507568947781]",1,-1
40043,[0.83812352 0.6918646 ],2,0,"[0.7890750777399501, 0.6799557517006445]",1,-1
40044,[0.78118843 0.72584562],2,0,"[0.7890750777399501, 0.6799557517006445]",1,-1
40045,[0.37312404 0.52640927],0,1,"[0.37965276877051146, 0.575157747726818]",1,-1
40046,[0.82689757 0.64482726],2,0,"[0.7890750777399501, 0.6799557517006445]",1,-1
40047,[0.51533938 0.57276638],0,-1,-1,1,-1
40048,[0.46887289 0.52232322],0,-1,-1,1,-1
40049,[0.37150914 0.53956638],0,1,"[0.37965276877051146, 0.575157747726818]",1,-1
40050,[0.64080117 0.5993868 ],3,3,"[0.6601234827680622, 0.6109507568947781]",1,-1
40051,[0.38040697 0.11775225],1,-1,-1,0,0
40052,[0.74988384 0.66993991],2,0,"[0.7890750777399501, 0.6799557517006445]",1,-1
40053,[0.56815937 0.57768202],3,-1,-1,1,-1
40054,[0.84514722 0.60974986],2,-1,-1,1,-1
40055,[0.82163599 0.75823761],2,-1,-1,1,-1
40056,[0.37229326 0.54518314],0,1,"[0.37965276877051146, 0.575157747726818]",1,-1
40057,[0.83568504 0.64209625],2,0,"[0.7890750777399501, 0.6799557517006445]",1,-1
40058,[0.76837957 0.59343421],2,-1,-1,1,-1
40059,[0.28517564 0.19233347],1,2,"[0.294379027732062, 0.1921773781634303]",0,0
40060,[0.87020028 0.63614295],2,-1,-1,1,-1
40061,[0.8473214  0.66221642],2,0,"[0.7890750777399501, 0.6799557517006445]",1,-1
40062,[0.37828155 0.58164134],0,1,"[0.37965276877051146, 0.575157747726818]",1,-1
40063,[0.34260342 0.57308635],0,1,"[0.37965276877051146, 0.575157747726818]",1,-1
40064,[0.6254695  0.55890155],3,3,"[0.6601234827680622, 0.6109507568947781]",1,-1
40065,[0.17004545 0.26828129],1,-1,-1,0,0
40066,[0.80079844 0.70037367],2,0,"[0.7890750777399501, 0.6799557517006445]",1,-1
40067,[0.83740832 0.63319604],2,0,"[0.7890750777399501, 0.6799557517006445]",1,-1
40068,[0.29381167 0.12104147],1,-1,-1,0,0
40069,[0.3860156  0.57925423],0,1,"[0.37965276877051146, 0.575157747726818]",1,-1
40070,[0.75366721 0.66582295],3,0,"[0.7890750777399501, 0.6799557517006445]",1,-1
40071,[0.6963951  0.72690207],3,-1,-1,1,-1
40072,[0.3820838  0.52863361],0,1,"[0.37965276877051146, 0.575157747726818]",1,-1
40073,[0.28330875 0.53705471],0,-1,-1,1,-1
40074,[0.17198069 0.23313983],1,-1,-1,0,0
40075,[0.73185909 0.60416844],3,-1,-1,1,-1
40076,[0.73101316 0.72832997],2,-1,-1,1,-1
40077,[0.68104729 0.60275457],3,3,"[0.6601234827680622, 0.6109507568947781]",1,5
40078,[0.38563961 0.61852989],0,1,"[0.37965276877051146, 0.575157747726818]",1,-1
40079,[0.76031999 0.56420751],3,-1,-1,1,-1
40080,[0.2564642  0.19205726],1,2,"[0.294379027732062, 0.1921773781634303]",0,0
40081,[0.38382814 0.53082066],0,1,"[0.37965276877051146, 0.575157747726818]",1,-1
40082,[0.288313   0.55098961],0,-1,-1,1,-1
40083,[0.63436567 0.58754095],3,3,"[0.6601234827680622, 0.6109507568947781]",1,-1
40084,[0.4601758  0.52582196],0,-1,-1,1,-1
40085,[0.69458786 0.59544676],3,3,"[0.6601234827680622, 0.6109507568947781]",1,-1
40086,[0.66512329 0.64680535],3,3,"[0.6601234827680622, 0.6109507568947781]",1,-1
40087,[0.35990791 0.58865505],0,1,"[0.37965276877051146, 0.575157747726818]",1,-1
40088,[0.33459148 0.17181439],1,2,"[0.294379027732062, 0.1921773781634303]",0,0
40089,[0.24840282 0.13798312],1,-1,-1,0,0
40090,[0.72935602 0.62748169],3,-1,-1,1,-1
40091,[0.37844572 0.52227281],0,1,"[0.37965276877051146, 0.575157747726818]",1,-1
40092,[0.38325394 0.53431666],0,1,"[0.37965276877051146, 0.575157747726818]",1,-1
40093,[0.28623424 0.1050083 ],1,-1,-1,0,0
40094,[0.35636875 0.1332186 ],1,-1,-1,0,0
40095,[0.65568528 0.6177323 ],3,3,"[0.6601234827680622, 0.6109507568947781]",1,7
40096,[0.3348544  0.65295099],0,-1,-1,1,-1
40097,[0.85091831 0.58461393],2,-1,-1,1,-1
40098,[0.74712504 0.73237122],2,0,"[0.7890750777399501, 0.6799557517006445]",1,-1
40099,[0.77887105 0.6893197 ],2,0,"[0.7890750777399501, 0.6799557517006445]",1,-1
40100,[0.33669264 0.58295926],0,1,"[0.37965276877051146, 0.575157747726818]",1,-1
40101,[0.72090259 0.71580962],2,-1,-1,1,-1
40102,[0.70697941 0.64815313],2,3,"[0.6601234827680622, 0.6109507568947781]",1,-1
40103,[0.33687354 0.56331871],0,1,"[0.37965276877051146, 0.575157747726818]",1,-1
40104,[0.6654633  0.56765395],3,3,"[0.6601234827680622, 0.6109507568947781]",1,-1
40105,[0.7564606  0.72306316],2,0,"[0.7890750777399501, 0.6799557517006445]",1,-1
40106,[0.39605697 0.58862791],0,1,"[0.37965276877051146, 0.575157747726818]",1,-1
40107,[0.33320316 0.62931024],0,-1,-1,1,-1
40108,[0.28087619 0.08349978],1,-1,-1,0,0
40109,[0.36789478 0.12584929],1,-1,-1,0,0
40110,[0.71909552 0.61414287],2,3,"[0.6601234827680622, 0.6109507568947781]",1,-1
40111,[0.25109095 0.20781668],1,2,"[0.294379027732062, 0.1921773781634303]",0,0
40112,[0.41885172 0.52603496],0,1,"[0.37965276877051146, 0.575157747726818]",1,-1
40113,[0.36095867 0.20067665],1,2,"[0.294379027732062, 0.1921773781634303]",0,0
40114,[0.26095032 0.05352402],1,-1,-1,0,0
40115,[0.36796153 0.56727162],0,1,"[0.37965276877051146, 0.575157747726818]",1,1
40116,[0.64959305 0.53458968],3,-1,-1,1,-1
40117,[0.69690713 0.51471496],3,-1,-1,1,-1
40118,[0.28391175 0.12182411],1,-1,-1,0,0
40119,[0.77625838 0.59064772],2,-1,-1,1,-1
40120,[0.29003746 0.63107729],0,-1,-1,1,-1
40121,[0.62346929 0.56427724],3,3,"[0.6601234827680622, 0.6109507568947781]",1,-1
40122,[0.38955585 0.62696843],0,1,"[0.37965276877051146, 0.575157747726818]",1,-1
40123,[0.74004259 0.66529951],2,0,"[0.7890750777399501, 0.6799557517006445]",1,-1
40124,[0.26056115 0.24414753],1,2,"[0.294379027732062, 0.1921773781634303]",0,0
40125,[0.74371888 0.79251952],2,-1,-1,1,-1
40126,[0.64806464 0.6446304 ],3,3,"[0.6601234827680622, 0.6109507568947781]",1,-1
40127,[0.29104485 0.18226608],1,2,"[0.294379027732062, 0.1921773781634303]",0,0
40128,[0.43062394 0.58513808],0,1,"[0.37965276877051146, 0.575157747726818]",1,-1
40129,[0.36070886 0.67632432],0,-1,-1,1,-1
40130,[0.65802231 0.64610322],3,3,"[0.6601234827680622, 0.6109507568947781]",1,-1
40131,[0.6335947  0.58550632],3,3,"[0.6601234827680622, 0.6109507568947781]",1,-1
40132,[0.77016604 0.59219488],2,-1,-1,1,-1
40133,[0.34280668 0.14079643],1,-1,-1,0,0
40134,[0.41066286 0.53421501],0,1,"[0.37965276877051146, 0.575157747726818]",1,-1
40135,[0.62449024 0.57276634],3,3,"[0.6601234827680622, 0.6109507568947781]",1,-1
40136,[0.35882074 0.17129344],1,2,"[0.294379027732062, 0.1921773781634303]",0,0
40137,[0.77798553 0.69697955],2,0,"[0.7890750777399501, 0.6799557517006445]",1,-1
40138,[0.68088533 0.6067879 ],3,3,"[0.6601234827680622, 0.6109507568947781]",1,5
40139,[0.69256898 0.58289967],3,3,"[0.6601234827680622, 0.6109507568947781]",1,-1
40140,[0.82756218 0.68911467],2,0,"[0.7890750777399501, 0.6799557517006445]",1,-1
40141,[0.33938918 0.66463622],0,-1,-1,1,-1
40142,[0.37483359 0.6008741 ],0,1,"[0.37965276877051146, 0.575157747726818]",1,-1
40143,[0.70849706 0.65968966],2,3,"[0.6601234827680622, 0.6109507568947781]",1,-1
40144,[0.69587129 0.58594575],3,3,"[0.6601234827680622, 0.6109507568947781]",1,-1
40145,[0.36612286 0.45908925],0,-1,-1,1,-1
40146,[0.37927868 0.64977484],0,-1,-1,1,-1
40147,[0.33450392 0.20574679],1,2,"[0.294379027732062, 0.1921773781634303]",0,0
40148,[0.82104086 0.64696684],2,0,"[0.7890750777399501, 0.6799557517006445]",1,-1
40149,[0.33285266 0.55624076],0,1,"[0.37965276877051146, 0.575157747726818]",1,-1
40150,[0.80132827 0.73499695],2,0,"[0.7890750777399501, 0.6799557517006445]",1,-1
40151,[0.43887392 0.51240956],0,-1,-1,1,-1
40152,[0.68471246 0.68033478],2,-1,-1,1,-1
40153,[0.25879092 0.24803024],1,2,"[0.294379027732062, 0.1921773781634303]",0,0
40154,[0.37947196 0.57179387],0,1,"[0.37965276877051146, 0.575157747726818]",1,-1
40155,[0.77002074 0.68322162],2,0,"[0.7890750777399501, 0.6799557517006445]",1,4
40156,[0.77171698 0.64381641],2,0,"[0.7890750777399501, 0.6799557517006445]",1,-1
40157,[0.44900866 0.53992661],0,-1,-1,1,-1
40158,[0.40696494 0.57769482],0,1,"[0.37965276877051146, 0.575157747726818]",1,2
40159,[0.30334962 0.23767843],1,2,"[0.294379027732062, 0.1921773781634303]",0,0
40160,[0.63800468 0.6843279 ],3,-1,-1,1,-1
40161,[0.65162457 0.67586511],3,3,"[0.6601234827680622, 0.6109507568947781]",1,-1
40162,[0.64856315 0.63279884],3,3,"[0.6601234827680622, 0.6109507568947781]",1,-1
40163,[0.45630649 0.49902037],0,-1,-1,1,-1
40164,[0.65173083 0.61799842],3,3,"[0.6601234827680622, 0.6109507568947781]",1,-1
40165,[0.40885184 0.47962743],0,-1,-1,1,-1
40166,[0.36310613 0.60798966],0,1,"[0.37965276877051146, 0.575157747726818]",1,-1
40167,[0.80784107 0.6631728 ],2,0,"[0.7890750777399501, 0.6799557517006445]",1,-1
40168,[0.59165519 0.47296949],3,-1,-1,1,-1
40169,[0.41577175 0.60348804],0,1,"[0.37965276877051146, 0.575157747726818]",1,-1
40170,[0.40228538 0.13815764],1,-1,-1,0,0
40171,[0.71977546 0.62167533],3,3,"[0.6601234827680622, 0.6109507568947781]",1,-1
40172,[0.79426121 0.59373187],3,-1,-1,1,-1
40173,[0.59839055 0.60859521],3,3,"[0.6601234827680622, 0.6109507568947781]",1,-1
40174,[0.74407281 0.62868677],2,0,"[0.7890750777399501, 0.6799557517006445]",1,-1
40175,[0.73536606 0.72196198],2,0,"[0.7890750777399501, 0.6799557517006445]",1,-1
40176,[0.36415709 0.62404975],0,1,"[0.37965276877051146, 0.575157747726818]",1,-1
40177,[0.69124653 0.50675948],3,-1,-1,1,-1
40178,[0.81447316 0.55767572],2,-1,-1,1,-1
40179,[0.37721363 0.17169364],1,-1,-1,0,0
40180,[0.66369521 0.5688402 ],3,3,"[0.6601234827680622, 0.6109507568947781]",1,-1
40181,[0.26141693 0.17469254],1,2,"[0.294379027732062, 0.1921773781634303]",0,0
40182,[0.3934872  0.54650727],0,1,"[0.37965276877051146, 0.575157747726818]",1,-1
40183,[0.42641371 0.67229467],0,-1,-1,1,-1
40184,[0.30288011 0.2026116 ],1,2,"[0.294379027732062, 0.1921773781634303]",0,0
40185,[0.29011334 0.29450134],1,-1,-1,0,0
40186,[0.76151953 0.58047557],3,-1,-1,1,-1
40187,[0.71728905 0.65842259],3,-1,-1,1,-1
40188,[0.71698281 0.6127404 ],3,3,"[0.6601234827680622, 0.6109507568947781]",1,-1
40189,[0.36425659 0.50256732],0,-1,-1,1,-1
40190,[0.25370943 0.15723523],1,2,"[0.294379027732062, 0.1921773781634303]",0,0
40191,[0.86314349 0.73569347],2,-1,-1,1,-1
40192,[0.37081426 0.56974771],0,1,"[0.37965276877051146, 0.575157747726818]",1,1
40193,[0.28580365 0.2026359 ],1,2,"[0.294379027732062, 0.1921773781634303]",0,0
40194,[0.24216591 0.20634864],1,2,"[0.294379027732062, 0.1921773781634303]",0,0
40195,[0.67016902 0.64343963],3,3,"[0.6601234827680622, 0.6109507568947781]",1,-1
40196,[0.46457688 0.6477404 ],0,-1,-1,1,-1
40197,[0.40091992 0.49835715],0,-1,-1,1,-1
40198,[0.15586543 0.20984084],1,-1,-1,0,0
40199,[0.59944813 0.58240759],3,3,"[0.6601234827680622, 0.6109507568947781]",1,-1
40200,[0.35440514 0.15980657],1,2,"[0.294379027732062, 0.1921773781634303]",0,0
40201,[0.7245393  0.63547687],2,3,"[0.6601234827680622, 0.6109507568947781]",1,-1
40202,[0.67429099 0.67223308],3,3,"[0.6601234827680622, 0.6109507568947781]",1,-1
40203,[0.48141232 0.61929694],0,-1,-1,1,-1
40204,[0.31161377 0.58818262],0,1,"[0.37965276877051146, 0.575157747726818]",1,-1
40205,[0.5911393  0.57477411],3,-1,-1,1,-1
40206,[0.30390201 0.20470489],1,2,"[0.294379027732062, 0.1921773781634303]",0,0
40207,[0.63388879 0.54526136],3,-1,-1,1,-1
40208,[0.36156425 0.6290889 ],0,1,"[0.37965276877051146, 0.575157747726818]",1,-1
40209,[0.77366666 0.75496054],2,-1,-1,1,-1
40210,[0.67418784 0.67393118],3,3,"[0.6601234827680622, 0.6109507568947781]",1,-1
40211,[0.25967438 0.21551866],1,2,"[0.294379027732062, 0.1921773781634303]",0,0
40212,[0.34726957 0.19406595],1,2,"[0.294379027732062, 0.1921773781634303]",0,0
40213,[0.29086953 0.10035819],1,-1,-1,0,0
40214,[0.21737926 0.25870383],1,-1,-1,0,0
40215,[0.42334426 0.52905913],0,1,"[0.37965276877051146, 0.575157747726818]",1,-1
40216,[0.77500364 0.6480508 ],2,0,"[0.7890750777399501, 0.6799557517006445]",1,-1
40217,[0.40851418 0.61873316],0,1,"[0.37965276877051146, 0.575157747726818]",1,-1
40218,[0.79610277 0.72705413],2,0,"[0.7890750777399501, 0.6799557517006445]",1,-1
40219,[0.31937345 0.60310716],0,1,"[0.37965276877051146, 0.575157747726818]",1,-1
40220,[0.32285567 0.18248377],1,2,"[0.294379027732062, 0.1921773781634303]",0,0
40221,[0.84115316 0.69342734],2,0,"[0.7890750777399501, 0.6799557517006445]",1,-1
40222,[0.37976005 0.58412594],0,1,"[0.37965276877051146, 0.575157747726818]",1,-1
40223,[0.83002483 0.65853987],2,0,"[0.7890750777399501, 0.6799557517006445]",1,-1
40224,[0.29553123 0.17541823],1,2,"[0.294379027732062, 0.1921773781634303]",0,0
40225,[0.42941982 0.55266775],0,1,"[0.37965276877051146, 0.575157747726818]",1,-1
40226,[0.30228575 0.17588679],1,2,"[0.294379027732062, 0.1921773781634303]",0,0
40227,[0.82279421 0.64338243],2,0,"[0.7890750777399501, 0.6799557517006445]",1,-1
40228,[0.65610405 0.64611727],3,3,"[0.6601234827680622, 0.6109507568947781]",1,-1
40229,[0.82598691 0.6581791 ],2,0,"[0.7890750777399501, 0.6799557517006445]",1,-1
40230,[0.25196835 0.19891053],1,2,"[0.294379027732062, 0.1921773781634303]",0,0
40231,[0.34763019 0.19794063],1,2,"[0.294379027732062, 0.1921773781634303]",0,0
40232,[0.41222269 0.64535979],0,-1,-1,1,-1
40233,[0.66445864 0.64062395],3,3,"[0.6601234827680622, 0.6109507568947781]",1,-1
40234,[0.40507219 0.52949429],0,1,"[0.37965276877051146, 0.575157747726818]",1,-1
40235,[0.83054916 0.68874724],2,0,"[0.7890750777399501, 0.6799557517006445]",1,-1
40236,[0.36767991 0.11992972],1,-1,-1,0,0
40237,[0.6973738  0.53870984],3,-1,-1,1,-1
40238,[0.65324577 0.65910234],3,3,"[0.6601234827680622, 0.6109507568947781]",1,-1
40239,[0.35453154 0.2389161 ],1,-1,-1,0,0
40240,[0.7612398  0.69246801],2,0,"[0.7890750777399501, 0.6799557517006445]",1,-1
40241,[0.26219989 0.22103466],1,2,"[0.294379027732062, 0.1921773781634303]",0,0
40242,[0.26566827 0.13625817],1,2,"[0.294379027732062, 0.1921773781634303]",0,0
40243,[0.29898001 0.16722123],1,2,"[0.294379027732062, 0.1921773781634303]",0,0
40244,[0.6564368  0.58444355],3,3,"[0.6601234827680622, 0.6109507568947781]",1,-1
40245,[0.71357447 0.61323413],3,3,"[0.6601234827680622, 0.6109507568947781]",1,-1
40246,[0.42206215 0.49112514],0,-1,-1,1,-1
40247,[0.84891456 0.68035994],2,0,"[0.7890750777399501, 0.6799557517006445]",1,-1
40248,[0.73799182 0.62091485],3,-1,-1,1,-1
40249,[0.31243463 0.6014323 ],0,-1,-1,1,-1
40250,[0.31937969 0.5916123 ],0,1,"[0.37965276877051146, 0.575157747726818]",1,-1
40251,[0.45794351 0.59627137],0,-1,-1,1,-1
40252,[0.86423831 0.66162547],2,-1,-1,1,-1
40253,[0.76434283 0.53276762],3,-1,-1,1,-1
40254,[0.36293646 0.49687491],0,-1,-1,1,-1
40255,[0.20669907 0.22877803],1,-1,-1,0,0
40256,[0.28221543 0.16104771],1,2,"[0.294379027732062, 0.1921773781634303]",0,0
40257,[0.26906813 0.24648139],1,2,"[0.294379027732062, 0.1921773781634303]",0,0
40258,[0.3660731  0.55211497],0,1,"[0.37965276877051146, 0.575157747726818]",1,-1
40259,[0.70775726 0.53519783],3,-1,-1,1,-1
40260,[0.20003959 0.21707116],1,-1,-1,0,0
40261,[0.81520277 0.63144085],2,0,"[0.7890750777399501, 0.6799557517006445]",1,-1
40262,[0.3370908  0.50303904],0,-1,-1,1,-1
40263,[0.65752072 0.55683046],3,3,"[0.6601234827680622, 0.6109507568947781]",1,-1
40264,[0.24145138 0.19624956],1,2,"[0.294379027732062, 0.1921773781634303]",0,0
40265,[0.42105455 0.63163232],0,-1,-1,1,-1
40266,[0.69180007 0.55592911],3,3,"[0.6601234827680622, 0.6109507568947781]",1,-1
40267,[0.48596901 0.52340888],0,-1,-1,1,-1
40268,[0.31894243 0.58824522],0,1,"[0.37965276877051146, 0.575157747726818]",1,-1
40269,[0.2949599  0.65560074],0,-1,-1,1,-1
40270,[0.32872362 0.5798744 ],0,1,"[0.37965276877051146, 0.575157747726818]",1,-1
40271,[0.28576535 0.15254786],1,2,"[0.294379027732062, 0.1921773781634303]",0,0
40272,[0.29493211 0.53453454],0,-1,-1,1,-1
40273,[0.34617796 0.57566448],0,1,"[0.37965276877051146, 0.575157747726818]",1,-1
40274,[0.76176515 0.6730363 ],2,0,"[0.7890750777399501, 0.6799557517006445]",1,-1
40275,[0.33906625 0.63677983],0,-1,-1,1,-1
40276,[0.73470748 0.63964   ],3,0,"[0.7890750777399501, 0.6799557517006445]",1,-1
40277,[0.29145525 0.24758732],1,2,"[0.294379027732062, 0.1921773781634303]",0,0
40278,[0.37342569 0.60727975],0,1,"[0.37965276877051146, 0.575157747726818]",1,-1
40279,[0.3482573  0.51330576],0,1,"[0.37965276877051146, 0.575157747726818]",1,-1
40280,[0.81124277 0.7177242 ],2,0,"[0.7890750777399501, 0.6799557517006445]",1,-1
40281,[0.69969574 0.52720441],3,-1,-1,1,-1
40282,[0.30910845 0.58100731],0,-1,-1,1,-1
40283,[0.37826598 0.26279457],1,-1,-1,0,0
40284,[0.31222908 0.64389601],0,-1,-1,1,-1
40285,[0.70933921 0.64121611],3,3,"[0.6601234827680622, 0.6109507568947781]",1,-1
40286,[0.39592419 0.61736256],0,1,"[0.37965276877051146, 0.575157747726818]",1,-1
40287,[0.67988882 0.59784173],3,3,"[0.6601234827680622, 0.6109507568947781]",1,-1
40288,[0.78255495 0.65298125],2,0,"[0.7890750777399501, 0.6799557517006445]",1,-1
40289,[0.23330062 0.10574411],1,-1,-1,0,0
40290,[0.60859922 0.68360728],3,-1,-1,1,-1
40291,[0.75420483 0.60667537],3,-1,-1,1,-1
40292,[0.69907573 0.54441989],3,-1,-1,1,-1
40293,[0.84924258 0.71172728],2,0,"[0.7890750777399501, 0.6799557517006445]",1,-1
40294,[0.2792008  0.18764937],1,2,"[0.294379027732062, 0.1921773781634303]",0,0
40295,[0.66885946 0.61037739],3,3,"[0.6601234827680622, 0.6109507568947781]",1,-1
40296,[0.19608773 0.13713224],1,-1,-1,0,0
40297,[0.62381996 0.61941923],3,3,"[0.6601234827680622, 0.6109507568947781]",1,-1
40298,[0.41817504 0.60852887],0,1,"[0.37965276877051146, 0.575157747726818]",1,-1
40299,[0.4062186  0.55001722],0,1,"[0.37965276877051146, 0.575157747726818]",1,-1
40300,[0.25643451 0.24199497],1,2,"[0.294379027732062, 0.1921773781634303]",0,0
40301,[0.22807703 0.21580764],1,-1,-1,0,0
40302,[0.36758453 0.54427103],0,1,"[0.37965276877051146, 0.575157747726818]",1,-1
40303,[0.30724152 0.13819362],1,2,"[0.294379027732062, 0.1921773781634303]",0,0
40304,[0.77475403 0.6180786 ],3,0,"[0.7890750777399501, 0.6799557517006445]",1,-1
40305,[0.73847834 0.70100707],2,0,"[0.7890750777399501, 0.6799557517006445]",1,-1
40306,[0.84414937 0.7194143 ],2,0,"[0.7890750777399501, 0.6799557517006445]",1,-1
40307,[0.6299124  0.54080732],3,-1,-1,1,-1
40308,[0.3276766  0.19145768],1,2,"[0.294379027732062, 0.1921773781634303]",0,0
40309,[0.82800828 0.74978526],2,-1,-1,1,-1
40310,[0.35485247 0.18019723],1,2,"[0.294379027732062, 0.1921773781634303]",0,0
40311,[0.2748253  0.20288868],1,2,"[0.294379027732062, 0.1921773781634303]",0,0
40312,[0.76208589 0.69300609],2,0,"[0.7890750777399501, 0.6799557517006445]",1,-1
40313,[0.83296892 0.63018782],2,0,"[0.7890750777399501, 0.6799557517006445]",1,-1
40314,[0.31387057 0.55128261],0,1,"[0.37965276877051146, 0.575157747726818]",1,-1
40315,[0.40864927 0.15096293],1,-1,-1,0,0
40316,[0.58246333 0.54994868],3,-1,-1,1,-1
40317,[0.67901598 0.62592299],3,3,"[0.6601234827680622, 0.6109507568947781]",1,-1
40318,[0.4086339  0.51680092],0,1,"[0.37965276877051146, 0.575157747726818]",1,-1
40319,[0.57765147 0.61839801],3,-1,-1,1,-1
40320,[0.38180654 0.59272052],0,1,"[0.37965276877051146, 0.575157747726818]",1,-1
40321,[0.49225947 0.60784082],0,-1,-1,1,-1
40322,[0.32174788 0.25798914],1,-1,-1,0,0
40323,[0.40805506 0.47212531],0,-1,-1,1,-1
40324,[0.87419935 0.7837896 ],2,-1,-1,1,-1
40325,[0.71048068 0.66476655],2,-1,-1,1,-1
40326,[0.76038885 0.65877678],2,0,"[0.7890750777399501, 0.6799557517006445]",1,3
40327,[0.69287205 0.64538639],3,3,"[0.6601234827680622, 0.6109507568947781]",1,-1
40328,[0.35785256 0.54975763],0,1,"[0.37965276877051146, 0.575157747726818]",1,-1
40329,[0.24307838 0.13664044],1,-1,-1,0,0
40330,[0.84754284 0.77889301],2,-1,-1,1,-1
40331,[0.61677199 0.56152572],3,3,"[0.6601234827680622, 0.6109507568947781]",1,-1
40332,[0.67939091 0.67254265],3,3,"[0.6601234827680622, 0.6109507568947781]",1,-1
40333,[0.28607146 0.18549533],1,2,"[0.294379027732062, 0.1921773781634303]",0,0
40334,[0.27817362 0.18555898],1,2,"[0.294379027732062, 0.1921773781634303]",0,0
40335,[0.37764481 0.49765407],0,-1,-1,1,-1
40336,[0.76699934 0.6494838 ],2,0,"[0.7890750777399501, 0.6799557517006445]",1,-1
40337,[0.78701003 0.64500248],2,0,"[0.7890750777399501, 0.6799557517006445]",1,-1
40338,[0.72640025 0.63224027],3,3,"[0.6601234827680622, 0.6109507568947781]",1,-1
40339,[0.75402351 0.6537622 ],3,0,"[0.7890750777399501, 0.6799557517006445]",1,-1
40340,[0.59823791 0.62581545],3,3,"[0.6601234827680622, 0.6109507568947781]",1,-1
40341,[0.39174666 0.18741465],1,-1,-1,0,0
40342,[0.45908349 0.56577202],0,-1,-1,1,-1
40343,[0.78564512 0.72307267],2,0,"[0.7890750777399501, 0.6799557517006445]",1,-1
40344,[0.37332994 0.20714089],1,-1,-1,0,0
40345,[0.29085897 0.22522076],1,2,"[0.294379027732062, 0.1921773781634303]",0,0
40346,[0.67911373 0.58697581],3,3,"[0.6601234827680622, 0.6109507568947781]",1,-1
40347,[0.57871185 0.67849221],3,-1,-1,1,-1
40348,[0.31946794 0.11124044],1,-1,-1,0,0
40349,[0.71339436 0.53922742],3,-1,-1,1,-1
40350,[0.67680363 0.66491658],2,3,"[0.6601234827680622, 0.6109507568947781]",1,-1
40351,[0.30381501 0.55088228],0,-1,-1,1,-1
40352,[0.37579893 0.1540795 ],1,-1,-1,0,0
40353,[0.69924374 0.64948467],3,3,"[0.6601234827680622, 0.6109507568947781]",1,-1
40354,[0.2390491  0.13320064],1,-1,-1,0,0
40355,[0.35782499 0.5519384 ],0,1,"[0.37965276877051146, 0.575157747726818]",1,-1
40356,[0.37383794 0.58043445],0,1,"[0.37965276877051146, 0.575157747726818]",1,1
40357,[0.85685026 0.7458479 ],2,-1,-1,1,-1
40358,[0.60957813 0.55116007],3,-1,-1,1,-1
40359,[0.41116152 0.55775164],0,1,"[0.37965276877051146, 0.575157747726818]",1,-1
40360,[0.32391429 0.22708681],1,2,"[0.294379027732062, 0.1921773781634303]",0,0
40361,[0.6758928  0.63608859],3,3,"[0.6601234827680622, 0.6109507568947781]",1,-1
40362,[0.40541666 0.5698959 ],0,1,"[0.37965276877051146, 0.575157747726818]",1,2
40363,[0.78328532 0.63929671],2,0,"[0.7890750777399501, 0.6799557517006445]",1,-1
40364,[0.3760816  0.58885299],0,1,"[0.37965276877051146, 0.575157747726818]",1,-1
40365,[0.36328104 0.18839261],1,2,"[0.294379027732062, 0.1921773781634303]",0,0
40366,[0.85584802 0.6988273 ],2,0,"[0.7890750777399501, 0.6799557517006445]",1,-1
40367,[0.6617101  0.57656435],3,3,"[0.6601234827680622, 0.6109507568947781]",1,-1
40368,[0.32965947 0.11455373],1,-1,-1,0,0
40369,[0.85337843 0.61917855],2,-1,-1,1,-1
40370,[0.80345394 0.67874857],2,0,"[0.7890750777399501, 0.6799557517006445]",1,-1
40371,[0.79077552 0.67105067],2,0,"[0.7890750777399501, 0.6799557517006445]",1,4
40372,[0.67715738 0.66929066],2,3,"[0.6601234827680622, 0.6109507568947781]",1,-1
40373,[0.76019292 0.59468792],3,-1,-1,1,-1
40374,[0.63524605 0.61589121],3,3,"[0.6601234827680622, 0.6109507568947781]",1,-1
40375,[0.28230427 0.09518288],1,-1,-1,0,0
40376,[0.43711765 0.52238615],0,-1,-1,1,-1
40377,[0.67225131 0.56115595],3,3,"[0.6601234827680622, 0.6109507568947781]",1,-1
40378,[0.30977418 0.19089055],1,2,"[0.294379027732062, 0.1921773781634303]",0,0
40379,[0.78189737 0.62896506],2,0,"[0.7890750777399501, 0.6799557517006445]",1,-1
40380,[0.75425123 0.64524975],2,0,"[0.7890750777399501, 0.6799557517006445]",1,-1
40381,[0.70942872 0.50283658],3,-1,-1,1,-1
40382,[0.51422574 0.74068287],3,-1,-1,1,-1
40383,[0.722865  0.7388545],2,-1,-1,1,-1
40384,[0.60128984 0.65595865],3,-1,-1,1,-1
40385,[0.27285188 0.18363667],1,2,"[0.294379027732062, 0.1921773781634303]",0,0
40386,[0.61080157 0.60420393],3,3,"[0.6601234827680622, 0.6109507568947781]",1,-1
40387,[0.34666521 0.55906146],0,1,"[0.37965276877051146, 0.575157747726818]",1,-1
40388,[0.8043649  0.67020646],2,0,"[0.7890750777399501, 0.6799557517006445]",1,4
40389,[0.41183697 0.5341742 ],0,1,"[0.37965276877051146, 0.575157747726818]",1,-1
40390,[0.64230189 0.62866169],3,3,"[0.6601234827680622, 0.6109507568947781]",1,-1
40391,[0.70621448 0.67980489],2,-1,-1,1,-1
40392,[0.35138954 0.64031277],0,-1,-1,1,-1
40393,[0.41655165 0.46782119],0,-1,-1,1,-1
40394,[0.75692552 0.72133852],2,0,"[0.7890750777399501, 0.6799557517006445]",1,-1
40395,[0.31582393 0.57087914],0,1,"[0.37965276877051146, 0.575157747726818]",1,-1
40396,[0.34462974 0.1691019 ],1,2,"[0.294379027732062, 0.1921773781634303]",0,0
40397,[0.64048996 0.68350593],3,-1,-1,1,-1
40398,[0.34297797 0.17120334],1,2,"[0.294379027732062, 0.1921773781634303]",0,0
40399,[0.60161362 0.57086285],3,-1,-1,1,-1
40400,[0.64738515 0.47284601],3,-1,-1,1,-1
40401,[0.30516395 0.28651348],1,-1,-1,0,0
40402,[0.48652732 0.53913151],0,-1,-1,1,-1
40403,[0.78080576 0.6901149 ],2,0,"[0.7890750777399501, 0.6799557517006445]",1,-1
40404,[0.44809657 0.51941178],0,-1,-1,1,-1
40405,[0.85307849 0.58934152],2,-1,-1,1,-1
40406,[0.61568285 0.57536639],3,3,"[0.6601234827680622, 0.6109507568947781]",1,-1
40407,[0.76319042 0.70342852],2,0,"[0.7890750777399501, 0.6799557517006445]",1,-1
40408,[0.74342761 0.66012947],2,0,"[0.7890750777399501, 0.6799557517006445]",1,-1
40409,[0.37728953 0.57263905],0,1,"[0.37965276877051146, 0.575157747726818]",1,1
40410,[0.24656016 0.21086057],1,2,"[0.294379027732062, 0.1921773781634303]",0,0
40411,[0.32356742 0.55083201],0,1,"[0.37965276877051146, 0.575157747726818]",1,-1
40412,[0.39158627 0.57691489],0,1,"[0.37965276877051146, 0.575157747726818]",1,-1
40413,[0.33891478 0.2137216 ],1,2,"[0.294379027732062, 0.1921773781634303]",0,0
40414,[0.81279716 0.72977425],2,0,"[0.7890750777399501, 0.6799557517006445]",1,-1
40415,[0.40830487 0.5508388 ],0,1,"[0.37965276877051146, 0.575157747726818]",1,-1
40416,[0.55357271 0.57218172],3,-1,-1,1,-1
40417,[0.31338816 0.21723588],1,2,"[0.294379027732062, 0.1921773781634303]",0,0
40418,[0.75963945 0.60269075],3,-1,-1,1,-1
40419,[0.7283591  0.68143339],2,0,"[0.7890750777399501, 0.6799557517006445]",1,-1
40420,[0.43610403 0.60517062],0,1,"[0.37965276877051146, 0.575157747726818]",1,-1
40421,[0.27112695 0.20095671],1,2,"[0.294379027732062, 0.1921773781634303]",0,0
40422,[0.24791129 0.21826077],1,2,"[0.294379027732062, 0.1921773781634303]",0,0
40423,[0.70628128 0.6440375 ],3,3,"[0.6601234827680622, 0.6109507568947781]",1,-1
40424,[0.23008804 0.20248963],1,2,"[0.294379027732062, 0.1921773781634303]",0,0
40425,[0.70774886 0.55122615],3,-1,-1,1,-1
40426,[0.19314022 0.16293404],1,-1,-1,0,0
40427,[0.46911648 0.50681488],0,-1,-1,1,-1
40428,[0.72455134 0.67792209],3,0,"[0.7890750777399501, 0.6799557517006445]",1,-1
40429,[0.43635648 0.54223252],0,1,"[0.37965276877051146, 0.575157747726818]",1,-1
40430,[0.30608428 0.14688953],1,2,"[0.294379027732062, 0.1921773781634303]",0,0
40431,[0.67189407 0.64704682],3,3,"[0.6601234827680622, 0.6109507568947781]",1,-1
40432,[0.63339789 0.54556658],3,-1,-1,1,-1
40433,[0.69097177 0.64255712],3,3,"[0.6601234827680622, 0.6109507568947781]",1,-1
40434,[0.36875063 0.66310988],0,-1,-1,1,-1
40435,[0.86989454 0.78249415],2,-1,-1,1,-1
40436,[0.38342304 0.48612562],0,-1,-1,1,-1
40437,[0.43866275 0.62554027],0,-1,-1,1,-1
40438,[0.83965117 0.69162626],2,0,"[0.7890750777399501, 0.6799557517006445]",1,-1
40439,[0.76594087 0.67046587],2,0,"[0.7890750777399501, 0.6799557517006445]",1,-1
40440,[0.45194028 0.56569912],0,-1,-1,1,-1
40441,[0.86843972 0.62566027],2,-1,-1,1,-1
40442,[0.78415712 0.73512375],2,0,"[0.7890750777399501, 0.6799557517006445]",1,-1
40443,[0.71832962 0.68975239],3,-1,-1,1,-1
40444,[0.74081415 0.63119653],3,0,"[0.7890750777399501, 0.6799557517006445]",1,-1
40445,[0.80732089 0.72802339],2,0,"[0.7890750777399501, 0.6799557517006445]",1,-1
40446,[0.68270287 0.69622945],2,-1,-1,1,-1
40447,[0.81837509 0.68098237],2,0,"[0.7890750777399501, 0.6799557517006445]",1,-1
40448,[0.18890862 0.23544752],1,-1,-1,0,0
40449,[0.78117175 0.64014247],2,0,"[0.7890750777399501, 0.6799557517006445]",1,-1
40450,[0.66367246 0.59010079],3,3,"[0.6601234827680622, 0.6109507568947781]",1,-1
40451,[0.32840279 0.20317773],1,2,"[0.294379027732062, 0.1921773781634303]",0,0
40452,[0.75125594 0.64948714],2,0,"[0.7890750777399501, 0.6799557517006445]",1,-1
40453,[0.82984875 0.69529668],2,0,"[0.7890750777399501, 0.6799557517006445]",1,-1
40454,[0.33966281 0.59030939],0,1,"[0.37965276877051146, 0.575157747726818]",1,-1
40455,[0.49097398 0.61573828],0,-1,-1,1,-1
40456,[0.74268693 0.63200943],2,0,"[0.7890750777399501, 0.6799557517006445]",1,-1
40457,[0.75217451 0.57921318],2,-1,-1,1,-1
40458,[0.40237133 0.49217929],0,-1,-1,1,-1
40459,[0.30070533 0.13614249],1,2,"[0.294379027732062, 0.1921773781634303]",0,0
40460,[0.30971121 0.07995583],1,-1,-1,0,0
40461,[0.69552173 0.56167351],3,3,"[0.6601234827680622, 0.6109507568947781]",1,-1
40462,[0.63875928 0.64675031],3,3,"[0.6601234827680622, 0.6109507568947781]",1,-1
40463,[0.34642437 0.25500563],1,-1,-1,0,0
40464,[0.77821387 0.68297582],2,0,"[0.7890750777399501, 0.6799557517006445]",1,4
40465,[0.39150629 0.17738458],1,-1,-1,0,0
40466,[0.38122227 0.54525599],0,1,"[0.37965276877051146, 0.575157747726818]",1,-1
40467,[0.24827972 0.11478174],1,-1,-1,0,0
40468,[0.33209587 0.20090054],1,2,"[0.294379027732062, 0.1921773781634303]",0,0
40469,[0.70088382 0.65294999],2,3,"[0.6601234827680622, 0.6109507568947781]",1,-1
40470,[0.82815011 0.63284158],2,0,"[0.7890750777399501, 0.6799557517006445]",1,-1
40471,[0.80038032 0.81381539],2,-1,-1,1,-1
40472,[0.20985734 0.24579602],1,-1,-1,0,0
40473,[0.46252172 0.55636333],0,-1,-1,1,-1
40474,[0.78632422 0.72886622],2,0,"[0.7890750777399501, 0.6799557517006445]",1,-1
40475,[0.33444299 0.140573  ],1,2,"[0.294379027732062, 0.1921773781634303]",0,0
40476,[0.71412593 0.57643342],3,3,"[0.6601234827680622, 0.6109507568947781]",1,-1
40477,[0.62123498 0.65048213],3,3,"[0.6601234827680622, 0.6109507568947781]",1,-1
40478,[0.31775296 0.11146093],1,-1,-1,0,0
40479,[0.66182191 0.5485522 ],3,3,"[0.6601234827680622, 0.6109507568947781]",1,-1
40480,[0.62028843 0.64014535],3,3,"[0.6601234827680622, 0.6109507568947781]",1,-1
40481,[0.43359045 0.57428016],0,1,"[0.37965276877051146, 0.575157747726818]",1,-1
40482,[0.65032624 0.61829858],3,3,"[0.6601234827680622, 0.6109507568947781]",1,-1
40483,[0.30568574 0.20219301],1,2,"[0.294379027732062, 0.1921773781634303]",0,0
40484,[0.792799   0.75953751],2,-1,-1,1,-1
40485,[0.69419723 0.57573583],3,3,"[0.6601234827680622, 0.6109507568947781]",1,-1
40486,[0.60243638 0.60152666],3,3,"[0.6601234827680622, 0.6109507568947781]",1,-1
40487,[0.33612091 0.56392247],0,1,"[0.37965276877051146, 0.575157747726818]",1,-1
40488,[0.78384321 0.68239775],2,0,"[0.7890750777399501, 0.6799557517006445]",1,-1
40489,[0.82138775 0.64128949],2,0,"[0.7890750777399501, 0.6799557517006445]",1,-1
40490,[0.44383959 0.56500434],0,1,"[0.37965276877051146, 0.575157747726818]",1,-1
40491,[0.38607037 0.54042707],0,1,"[0.37965276877051146, 0.575157747726818]",1,-1
40492,[0.33992487 0.24229662],1,2,"[0.294379027732062, 0.1921773781634303]",0,0
40493,[0.75818788 0.68870671],2,0,"[0.7890750777399501, 0.6799557517006445]",1,-1
40494,[0.37875811 0.5505683 ],0,1,"[0.37965276877051146, 0.575157747726818]",1,-1
40495,[0.30787663 0.2495093 ],1,2,"[0.294379027732062, 0.1921773781634303]",0,0
40496,[0.48428185 0.63088592],0,-1,-1,1,-1
40497,[0.69012822 0.71345554],2,-1,-1,1,-1
40498,[0.61235441 0.582453  ],3,3,"[0.6601234827680622, 0.6109507568947781]",1,-1
40499,[0.28607669 0.18719728],1,2,"[0.294379027732062, 0.1921773781634303]",0,0
40500,[0.4038389  0.64986863],0,-1,-1,1,-1
40501,[0.64439536 0.67141991],3,3,"[0.6601234827680622, 0.6109507568947781]",1,-1
40502,[0.31292365 0.23267112],1,2,"[0.294379027732062, 0.1921773781634303]",0,0
40503,[0.43726917 0.53020322],0,-1,-1,1,-1
40504,[0.76766094 0.68518152],2,0,"[0.7890750777399501, 0.6799557517006445]",1,-1
40505,[0.6486366  0.61985157],3,3,"[0.6601234827680622, 0.6109507568947781]",1,-1
40506,[0.26078765 0.16678783],1,2,"[0.294379027732062, 0.1921773781634303]",0,0
40507,[0.85356708 0.6777093 ],2,0,"[0.7890750777399501, 0.6799557517006445]",1,-1
40508,[0.75897681 0.68993636],2,0,"[0.7890750777399501, 0.6799557517006445]",1,-1
40509,[0.60075079 0.61475214],3,3,"[0.6601234827680622, 0.6109507568947781]",1,-1
40510,[0.34178108 0.62227325],0,1,"[0.37965276877051146, 0.575157747726818]",1,-1
40511,[0.22480535 0.17589904],1,-1,-1,0,0
40512,[0.60251343 0.59528703],3,3,"[0.6601234827680622, 0.6109507568947781]",1,-1
40513,[0.79072489 0.62175862],2,0,"[0.7890750777399501, 0.6799557517006445]",1,-1
40514,[0.39721451 0.56977454],0,1,"[0.37965276877051146, 0.575157747726818]",1,-1
40515,[0.6422748  0.61383937],3,3,"[0.6601234827680622, 0.6109507568947781]",1,-1
40516,[0.21199544 0.19019898],1,-1,-1,0,0
40517,[0.29537577 0.15459   ],1,2,"[0.294379027732062, 0.1921773781634303]",0,0
40518,[0.24366768 0.16138928],1,2,"[0.294379027732062, 0.1921773781634303]",0,0
40519,[0.21577537 0.20262885],1,-1,-1,0,0
40520,[0.32177811 0.22761489],1,2,"[0.294379027732062, 0.1921773781634303]",0,0
40521,[0.22262884 0.15728447],1,-1,-1,0,0
40522,[0.6629028 0.6979414],3,-1,-1,1,-1
40523,[0.34094809 0.59444837],0,1,"[0.37965276877051146, 0.575157747726818]",1,-1
40524,[0.3849658  0.60939168],0,1,"[0.37965276877051146, 0.575157747726818]",1,-1
40525,[0.37942069 0.65885271],0,-1,-1,1,-1
40526,[0.34936676 0.16789242],1,2,"[0.294379027732062, 0.1921773781634303]",0,0
40527,[0.72528771 0.57229803],3,-1,-1,1,-1
40528,[0.37506301 0.61172842],0,1,"[0.37965276877051146, 0.575157747726818]",1,-1
40529,[0.8101716  0.70842248],2,0,"[0.7890750777399501, 0.6799557517006445]",1,-1
40530,[0.29556543 0.567628  ],0,-1,-1,1,-1
40531,[0.32064283 0.26491834],1,-1,-1,0,0
40532,[0.39165318 0.50117606],0,-1,-1,1,-1
40533,[0.72626391 0.59034348],3,3,"[0.6601234827680622, 0.6109507568947781]",1,-1
40534,[0.20948172 0.18233525],1,-1,-1,0,0
40535,[0.26960209 0.19276977],1,2,"[0.294379027732062, 0.1921773781634303]",0,0
40536,[0.73823093 0.65980577],2,0,"[0.7890750777399501, 0.6799557517006445]",1,-1
40537,[0.36542815 0.51312346],0,1,"[0.37965276877051146, 0.575157747726818]",1,-1
40538,[0.24716204 0.15148642],1,2,"[0.294379027732062, 0.1921773781634303]",0,0
40539,[0.41252767 0.55734235],0,1,"[0.37965276877051146, 0.575157747726818]",1,-1
40540,[0.32072907 0.56643667],0,1,"[0.37965276877051146, 0.575157747726818]",1,-1
40541,[0.29869992 0.24239864],1,2,"[0.294379027732062, 0.1921773781634303]",0,0
40542,[0.78850376 0.68988204],2,0,"[0.7890750777399501, 0.6799557517006445]",1,-1
40543,[0.41385193 0.59532731],0,1,"[0.37965276877051146, 0.575157747726818]",1,-1
40544,[0.26361856 0.25384477],1,2,"[0.294379027732062, 0.1921773781634303]",0,0
40545,[0.39364172 0.52465495],0,1,"[0.37965276877051146, 0.575157747726818]",1,-1
40546,[0.61069435 0.56179586],3,3,"[0.6601234827680622, 0.6109507568947781]",1,-1
40547,[0.65219041 0.794156  ],3,-1,-1,1,-1
40548,[0.61523245 0.64820718],3,3,"[0.6601234827680622, 0.6109507568947781]",1,-1
40549,[0.47378275 0.53243946],0,-1,-1,1,-1
40550,[0.44254203 0.59908464],0,1,"[0.37965276877051146, 0.575157747726818]",1,-1
40551,[0.36958186 0.51323668],0,1,"[0.37965276877051146, 0.575157747726818]",1,-1
40552,[0.75987014 0.60457949],2,-1,-1,1,-1
40553,[0.64222354 0.56141433],3,3,"[0.6601234827680622, 0.6109507568947781]",1,-1
40554,[0.64812622 0.55571597],3,3,"[0.6601234827680622, 0.6109507568947781]",1,-1
40555,[0.27346493 0.09263224],1,-1,-1,0,0
40556,[0.81272736 0.65739057],3,0,"[0.7890750777399501, 0.6799557517006445]",1,-1
40557,[0.37728962 0.23021671],1,-1,-1,0,0
40558,[0.23667242 0.16709088],1,2,"[0.294379027732062, 0.1921773781634303]",0,0
40559,[0.62923777 0.54120577],3,-1,-1,1,-1
40560,[0.67505245 0.68044588],3,-1,-1,1,-1
40561,[0.67402182 0.67236595],3,3,"[0.6601234827680622, 0.6109507568947781]",1,-1
40562,[0.25082813 0.24374477],1,2,"[0.294379027732062, 0.1921773781634303]",0,0
40563,[0.70613609 0.56531084],3,3,"[0.6601234827680622, 0.6109507568947781]",1,-1
40564,[0.42611422 0.57713227],0,1,"[0.37965276877051146, 0.575157747726818]",1,-1
40565,[0.3169132  0.18012899],1,2,"[0.294379027732062, 0.1921773781634303]",0,0
40566,[0.38831319 0.58067874],0,1,"[0.37965276877051146, 0.575157747726818]",1,-1
40567,[0.2352307  0.25888356],1,-1,-1,0,0
40568,[0.28684579 0.14086763],1,2,"[0.294379027732062, 0.1921773781634303]",0,0
40569,[0.2270416  0.20798045],1,2,"[0.294379027732062, 0.1921773781634303]",0,0
40570,[0.63600822 0.5596499 ],3,3,"[0.6601234827680622, 0.6109507568947781]",1,-1
40571,[0.18312637 0.15628654],1,-1,-1,0,0
40572,[0.33512293 0.66391336],0,-1,-1,1,-1
40573,[0.80291337 0.63724644],2,0,"[0.7890750777399501, 0.6799557517006445]",1,-1
40574,[0.68805244 0.6517949 ],3,3,"[0.6601234827680622, 0.6109507568947781]",1,-1
40575,[0.28813692 0.23871194],1,2,"[0.294379027732062, 0.1921773781634303]",0,0
40576,[0.46275407 0.50202358],0,-1,-1,1,-1
40577,[0.35425009 0.64910321],0,-1,-1,1,-1
40578,[0.39294649 0.56885524],0,1,"[0.37965276877051146, 0.575157747726818]",1,2
40579,[0.45639707 0.53586552],0,-1,-1,1,-1
40580,[0.58178951 0.60450909],3,-1,-1,1,-1
40581,[0.37345618 0.58832612],0,1,"[0.37965276877051146, 0.575157747726818]",1,-1
40582,[0.79229905 0.6689713 ],3,0,"[0.7890750777399501, 0.6799557517006445]",1,4
40583,[0.77688816 0.77542248],2,-1,-1,1,-1
40584,[0.34445824 0.62983378],0,1,"[0.37965276877051146, 0.575157747726818]",1,-1
40585,[0.82071296 0.69567504],2,0,"[0.7890750777399501, 0.6799557517006445]",1,-1
40586,[0.36878356 0.58318613],0,1,"[0.37965276877051146, 0.575157747726818]",1,-1
40587,[0.63687491 0.64092124],3,3,"[0.6601234827680622, 0.6109507568947781]",1,-1
40588,[0.58004432 0.72070238],3,-1,-1,1,-1
40589,[0.79712761 0.76408431],2,-1,-1,1,-1
40590,[0.34514354 0.46182743],0,-1,-1,1,-1
40591,[0.33811703 0.1777978 ],1,2,"[0.294379027732062, 0.1921773781634303]",0,0
40592,[0.79113798 0.67708059],2,0,"[0.7890750777399501, 0.6799557517006445]",1,4
40593,[0.78039672 0.68008165],2,0,"[0.7890750777399501, 0.6799557517006445]",1,4
40594,[0.6927961  0.57118292],3,3,"[0.6601234827680622, 0.6109507568947781]",1,-1
40595,[0.43979581 0.55989223],0,1,"[0.37965276877051146, 0.575157747726818]",1,-1
40596,[0.29585029 0.27768095],1,-1,-1,0,0
40597,[0.38468686 0.23694022],1,-1,-1,0,0
40598,[0.33674819 0.5412114 ],0,1,"[0.37965276877051146, 0.575157747726818]",1,-1
40599,[0.71621128 0.63337736],3,3,"[0.6601234827680622, 0.6109507568947781]",1,-1
40600,[0.65504705 0.54933532],3,3,"[0.6601234827680622, 0.6109507568947781]",1,-1
40601,[0.38127026 0.1220167 ],1,-1,-1,0,0
40602,[0.81000878 0.62962588],2,0,"[0.7890750777399501, 0.6799557517006445]",1,-1
40603,[0.3815801  0.54052957],0,1,"[0.37965276877051146, 0.575157747726818]",1,-1
40604,[0.21398833 0.20624169],1,-1,-1,0,0
40605,[0.78708296 0.66819041],2,0,"[0.7890750777399501, 0.6799557517006445]",1,-1
40606,[0.23614691 0.15927701],1,2,"[0.294379027732062, 0.1921773781634303]",0,0
40607,[0.32628029 0.17109087],1,2,"[0.294379027732062, 0.1921773781634303]",0,0
40608,[0.71750633 0.53596815],3,-1,-1,1,-1
40609,[0.34441435 0.1469048 ],1,2,"[0.294379027732062, 0.1921773781634303]",0,0
40610,[0.32018438 0.23750381],1,2,"[0.294379027732062, 0.1921773781634303]",0,0
40611,[0.72509465 0.6185301 ],2,3,"[0.6601234827680622, 0.6109507568947781]",1,-1
40612,[0.4060295  0.57963206],0,1,"[0.37965276877051146, 0.575157747726818]",1,-1
40613,[0.38488993 0.53971158],0,1,"[0.37965276877051146, 0.575157747726818]",1,-1
40614,[0.73702545 0.73975705],2,-1,-1,1,-1
40615,[0.38320735 0.61460216],0,1,"[0.37965276877051146, 0.575157747726818]",1,-1
40616,[0.37844669 0.08071237],1,-1,-1,0,0
40617,[0.21111719 0.22689276],1,-1,-1,0,0
40618,[0.75239518 0.69191803],2,0,"[0.7890750777399501, 0.6799557517006445]",1,-1
40619,[0.34812877 0.58251088],0,1,"[0.37965276877051146, 0.575157747726818]",1,-1
40620,[0.63721876 0.58099561],3,3,"[0.6601234827680622, 0.6109507568947781]",1,-1
40621,[0.32445855 0.50559353],0,-1,-1,1,-1
40622,[0.55293261 0.65227497],3,-1,-1,1,-1
40623,[0.34003069 0.5080002 ],0,-1,-1,1,-1
40624,[0.68036746 0.67894723],3,-1,-1,1,-1
40625,[0.32923099 0.57986325],0,1,"[0.37965276877051146, 0.575157747726818]",1,-1
40626,[0.35258817 0.59427189],0,1,"[0.37965276877051146, 0.575157747726818]",1,-1
40627,[0.30536466 0.60986951],0,-1,-1,1,-1
40628,[0.77574397 0.67944453],2,0,"[0.7890750777399501, 0.6799557517006445]",1,-1
40629,[0.67613208 0.64050033],3,3,"[0.6601234827680622, 0.6109507568947781]",1,-1
40630,[0.30308316 0.53039749],0,-1,-1,1,-1
40631,[0.35611075 0.17166453],1,2,"[0.294379027732062, 0.1921773781634303]",0,0
40632,[0.33532351 0.57857486],0,1,"[0.37965276877051146, 0.575157747726818]",1,-1
40633,[0.38324148 0.20464464],1,-1,-1,0,0
40634,[0.69739235 0.72763545],2,-1,-1,1,-1
40635,[0.37931291 0.33077219],1,-1,-1,0,0
40636,[0.8167497 0.7326816],2,0,"[0.7890750777399501, 0.6799557517006445]",1,-1
40637,[0.35312384 0.22266308],1,2,"[0.294379027732062, 0.1921773781634303]",0,0
40638,[0.33862474 0.12571836],1,-1,-1,0,0
40639,[0.75576827 0.70335015],2,0,"[0.7890750777399501, 0.6799557517006445]",1,-1
40640,[0.27912016 0.25297079],1,2,"[0.294379027732062, 0.1921773781634303]",0,0
40641,[0.770071   0.58665859],2,-1,-1,1,-1
40642,[0.45150607 0.62878258],0,-1,-1,1,-1
40643,[0.81344527 0.63144703],2,0,"[0.7890750777399501, 0.6799557517006445]",1,-1
40644,[0.42065366 0.16507679],1,-1,-1,0,0
40645,[0.33128169 0.60221501],0,1,"[0.37965276877051146, 0.575157747726818]",1,-1
40646,[0.28127034 0.23103418],1,2,"[0.294379027732062, 0.1921773781634303]",0,0
40647,[0.17180373 0.23755767],1,-1,-1,0,0
40648,[0.66987053 0.63590361],3,3,"[0.6601234827680622, 0.6109507568947781]",1,-1
40649,[0.66645651 0.67872812],3,3,"[0.6601234827680622, 0.6109507568947781]",1,-1
40650,[0.32413317 0.16855585],1,2,"[0.294379027732062, 0.1921773781634303]",0,0
40651,[0.37438692 0.64799413],0,-1,-1,1,-1
40652,[0.70231796 0.69652239],2,-1,-1,1,-1
40653,[0.32939064 0.2130156 ],1,2,"[0.294379027732062, 0.1921773781634303]",0,0
40654,[0.76397538 0.71830339],2,0,"[0.7890750777399501, 0.6799557517006445]",1,-1
40655,[0.39987775 0.59038907],0,1,"[0.37965276877051146, 0.575157747726818]",1,-1
40656,[0.23053833 0.17534365],1,2,"[0.294379027732062, 0.1921773781634303]",0,0
40657,[0.23026874 0.19687183],1,2,"[0.294379027732062, 0.1921773781634303]",0,0
40658,[0.24700188 0.13606517],1,-1,-1,0,0
40659,[0.25106605 0.14921217],1,2,"[0.294379027732062, 0.1921773781634303]",0,0
40660,[0.32997677 0.14210178],1,2,"[0.294379027732062, 0.1921773781634303]",0,0
40661,[0.81186665 0.65254997],2,0,"[0.7890750777399501, 0.6799557517006445]",1,-1
40662,[0.82814029 0.71695016],2,0,"[0.7890750777399501, 0.6799557517006445]",1,-1
40663,[0.72172287 0.63656894],3,3,"[0.6601234827680622, 0.6109507568947781]",1,-1
40664,[0.34230564 0.57550178],0,1,"[0.37965276877051146, 0.575157747726818]",1,-1
40665,[0.4124876  0.54069589],0,1,"[0.37965276877051146, 0.575157747726818]",1,-1
40666,[0.74209681 0.60242304],3,-1,-1,1,-1
40667,[0.73708447 0.64173841],3,0,"[0.7890750777399501, 0.6799557517006445]",1,-1
40668,[0.78114505 0.58133227],3,-1,-1,1,-1
40669,[0.35018155 0.6542266 ],0,-1,-1,1,-1
40670,[0.32743775 0.1821479 ],1,2,"[0.294379027732062, 0.1921773781634303]",0,0
40671,[0.59646772 0.6794292 ],3,-1,-1,1,-1
40672,[0.73824385 0.72248915],2,0,"[0.7890750777399501, 0.6799557517006445]",1,-1
40673,[0.28262764 0.21454776],1,2,"[0.294379027732062, 0.1921773781634303]",0,0
40674,[0.32324736 0.15386597],1,2,"[0.294379027732062, 0.1921773781634303]",0,0
40675,[0.30385599 0.16383877],1,2,"[0.294379027732062, 0.1921773781634303]",0,0
40676,[0.33939076 0.19937006],1,2,"[0.294379027732062, 0.1921773781634303]",0,0
40677,[0.35935025 0.21048997],1,2,"[0.294379027732062, 0.1921773781634303]",0,0
40678,[0.81096461 0.58578753],2,-1,-1,1,-1
40679,[0.43921131 0.52259242],0,-1,-1,1,-1
40680,[0.3638041  0.26907044],1,-1,-1,0,0
40681,[0.70770335 0.66700067],3,-1,-1,1,-1
40682,[0.70385907 0.58898854],3,3,"[0.6601234827680622, 0.6109507568947781]",1,-1
40683,[0.25074264 0.09720247],1,-1,-1,0,0
40684,[0.33909767 0.22702021],1,2,"[0.294379027732062, 0.1921773781634303]",0,0
40685,[0.5622602  0.62400024],3,-1,-1,1,-1
40686,[0.64969929 0.67276544],3,3,"[0.6601234827680622, 0.6109507568947781]",1,-1
40687,[0.71682443 0.64338424],2,3,"[0.6601234827680622, 0.6109507568947781]",1,-1
40688,[0.38822233 0.61816863],0,1,"[0.37965276877051146, 0.575157747726818]",1,-1
40689,[0.72834888 0.79448499],2,-1,-1,1,-1
40690,[0.37394128 0.50529522],0,-1,-1,1,-1
40691,[0.27560178 0.26187949],1,-1,-1,0,0
40692,[0.85184986 0.72802132],2,-1,-1,1,-1
40693,[0.66917329 0.54094337],3,-1,-1,1,-1
40694,[0.29186328 0.17885029],1,2,"[0.294379027732062, 0.1921773781634303]",0,0
40695,[0.37009797 0.57817556],0,1,"[0.37965276877051146, 0.575157747726818]",1,1
40696,[0.29655749 0.21946137],1,2,"[0.294379027732062, 0.1921773781634303]",0,0
40697,[0.82540516 0.6489606 ],2,0,"[0.7890750777399501, 0.6799557517006445]",1,-1
40698,[0.6753865 0.671078 ],3,3,"[0.6601234827680622, 0.6109507568947781]",1,-1
40699,[0.30584348 0.60287874],0,-1,-1,1,-1
40700,[0.53968292 0.67005993],3,-1,-1,1,-1
40701,[0.86967564 0.62301334],2,-1,-1,1,-1
40702,[0.77134123 0.77310222],2,-1,-1,1,-1
40703,[0.65562304 0.63919994],3,3,"[0.6601234827680622, 0.6109507568947781]",1,-1
40704,[0.79657137 0.78979475],2,-1,-1,1,-1
40705,[0.27560588 0.15338419],1,2,"[0.294379027732062, 0.1921773781634303]",0,0
40706,[0.42069811 0.52151709],0,1,"[0.37965276877051146, 0.575157747726818]",1,-1
40707,[0.28461075 0.24213601],1,2,"[0.294379027732062, 0.1921773781634303]",0,0
40708,[0.72148323 0.6037331 ],2,3,"[0.6601234827680622, 0.6109507568947781]",1,-1
40709,[0.70144812 0.68949837],3,-1,-1,1,-1
40710,[0.8398679  0.69002513],2,0,"[0.7890750777399501, 0.6799557517006445]",1,-1
40711,[0.31188056 0.13636058],1,2,"[0.294379027732062, 0.1921773781634303]",0,0
40712,[0.38287809 0.49230501],0,-1,-1,1,-1
40713,[0.60035434 0.5923894 ],3,3,"[0.6601234827680622, 0.6109507568947781]",1,-1
40714,[0.26228973 0.18038775],1,2,"[0.294379027732062, 0.1921773781634303]",0,0
40715,[0.22018229 0.16717799],1,-1,-1,0,0
40716,[0.49894342 0.57358925],0,-1,-1,1,-1
40717,[0.19407075 0.15659621],1,-1,-1,0,0
40718,[0.21211048 0.13285341],1,-1,-1,0,0
40719,[0.72406396 0.5918838 ],2,3,"[0.6601234827680622, 0.6109507568947781]",1,-1
40720,[0.70577719 0.6698589 ],3,-1,-1,1,-1
40721,[0.75811214 0.710288  ],2,0,"[0.7890750777399501, 0.6799557517006445]",1,-1
40722,[0.72749692 0.6561032 ],2,0,"[0.7890750777399501, 0.6799557517006445]",1,-1
40723,[0.63824066 0.54446253],3,3,"[0.6601234827680622, 0.6109507568947781]",1,-1
40724,[0.68145558 0.57566182],3,3,"[0.6601234827680622, 0.6109507568947781]",1,-1
40725,[0.2647761  0.13136123],1,2,"[0.294379027732062, 0.1921773781634303]",0,0
40726,[0.38549798 0.58298212],0,1,"[0.37965276877051146, 0.575157747726818]",1,-1
40727,[0.61679862 0.55042724],3,-1,-1,1,-1
40728,[0.73941103 0.62822154],2,-1,-1,1,-1
40729,[0.68518214 0.65724535],3,3,"[0.6601234827680622, 0.6109507568947781]",1,-1
40730,[0.78847651 0.66571597],2,0,"[0.7890750777399501, 0.6799557517006445]",1,-1
40731,[0.61376204 0.60457052],3,3,"[0.6601234827680622, 0.6109507568947781]",1,-1
40732,[0.33001158 0.15901333],1,2,"[0.294379027732062, 0.1921773781634303]",0,0
40733,[0.8071123  0.67320417],2,0,"[0.7890750777399501, 0.6799557517006445]",1,4
40734,[0.71756591 0.57247589],3,3,"[0.6601234827680622, 0.6109507568947781]",1,-1
40735,[0.70712773 0.61211792],2,3,"[0.6601234827680622, 0.6109507568947781]",1,-1
40736,[0.81949967 0.66712829],2,0,"[0.7890750777399501, 0.6799557517006445]",1,-1
40737,[0.78259562 0.58918675],3,-1,-1,1,-1
40738,[0.29248997 0.13282472],1,2,"[0.294379027732062, 0.1921773781634303]",0,0
40739,[0.30396592 0.2699484 ],1,-1,-1,0,0
40740,[0.86323655 0.67330281],2,-1,-1,1,-1
40741,[0.71298636 0.55571853],3,-1,-1,1,-1
40742,[0.64077419 0.59021723],3,3,"[0.6601234827680622, 0.6109507568947781]",1,-1
40743,[0.38660661 0.24561235],1,-1,-1,0,0
40744,[0.33378837 0.23768742],1,2,"[0.294379027732062, 0.1921773781634303]",0,0
40745,[0.36521399 0.56733202],0,1,"[0.37965276877051146, 0.575157747726818]",1,-1
40746,[0.34377779 0.6107037 ],0,1,"[0.37965276877051146, 0.575157747726818]",1,-1
40747,[0.37049966 0.61277347],0,1,"[0.37965276877051146, 0.575157747726818]",1,-1
40748,[0.36724755 0.53129697],0,1,"[0.37965276877051146, 0.575157747726818]",1,-1
40749,[0.4208464  0.54581859],0,1,"[0.37965276877051146, 0.575157747726818]",1,-1
40750,[0.70754087 0.71570794],2,-1,-1,1,-1
40751,[0.43137385 0.6198195 ],0,1,"[0.37965276877051146, 0.575157747726818]",1,-1
40752,[0.28626421 0.56473588],0,-1,-1,1,-1
40753,[0.75571292 0.73005245],2,0,"[0.7890750777399501, 0.6799557517006445]",1,-1
40754,[0.32185267 0.10636103],1,-1,-1,0,0
40755,[0.27990117 0.56282507],0,-1,-1,1,-1
40756,[0.30076079 0.16367413],1,2,"[0.294379027732062, 0.1921773781634303]",0,0
40757,[0.35016217 0.25960368],1,-1,-1,0,0
40758,[0.41176482 0.53034842],0,1,"[0.37965276877051146, 0.575157747726818]",1,-1
40759,[0.74697053 0.55172501],3,-1,-1,1,-1
40760,[0.26097757 0.14051558],1,2,"[0.294379027732062, 0.1921773781634303]",0,0
40761,[0.84432118 0.6456621 ],2,0,"[0.7890750777399501, 0.6799557517006445]",1,-1
40762,[0.6285703  0.72330385],3,-1,-1,1,-1
40763,[0.81955696 0.75344482],2,-1,-1,1,-1
40764,[0.42040802 0.62325759],0,1,"[0.37965276877051146, 0.575157747726818]",1,-1
40765,[0.80721498 0.67041251],2,0,"[0.7890750777399501, 0.6799557517006445]",1,4
40766,[0.24821815 0.17179008],1,2,"[0.294379027732062, 0.1921773781634303]",0,0
40767,[0.36024931 0.44348294],0,-1,-1,1,-1
40768,[0.65780196 0.58355216],3,3,"[0.6601234827680622, 0.6109507568947781]",1,-1
40769,[0.58645811 0.66716691],3,-1,-1,1,-1
40770,[0.42612809 0.58298772],0,1,"[0.37965276877051146, 0.575157747726818]",1,-1
40771,[0.69597856 0.54571325],3,-1,-1,1,-1
40772,[0.38768211 0.4949865 ],0,-1,-1,1,-1
40773,[0.39346703 0.55849058],0,1,"[0.37965276877051146, 0.575157747726818]",1,-1
40774,[0.91738102 0.61148086],2,-1,-1,1,-1
40775,[0.75590438 0.67695563],2,0,"[0.7890750777399501, 0.6799557517006445]",1,-1
40776,[0.40339278 0.54779691],0,1,"[0.37965276877051146, 0.575157747726818]",1,-1
40777,[0.28658382 0.4976639 ],0,-1,-1,1,-1
40778,[0.42030069 0.65325566],0,-1,-1,1,-1
40779,[0.33545899 0.18950526],1,2,"[0.294379027732062, 0.1921773781634303]",0,0
40780,[0.71495037 0.67665501],2,-1,-1,1,-1
40781,[0.58188058 0.55861993],3,-1,-1,1,-1
40782,[0.27705918 0.20830753],1,2,"[0.294379027732062, 0.1921773781634303]",0,0
40783,[0.34541136 0.19038807],1,2,"[0.294379027732062, 0.1921773781634303]",0,0
40784,[0.67860505 0.49633974],3,-1,-1,1,-1
40785,[0.39798793 0.61250387],0,1,"[0.37965276877051146, 0.575157747726818]",1,-1
40786,[0.84246973 0.67399278],2,0,"[0.7890750777399501, 0.6799557517006445]",1,-1
40787,[0.42575636 0.60338977],0,1,"[0.37965276877051146, 0.575157747726818]",1,-1
40788,[0.31467466 0.18695538],1,2,"[0.294379027732062, 0.1921773781634303]",0,0
40789,[0.59902787 0.56308299],3,-1,-1,1,-1
40790,[0.26984508 0.19630909],1,2,"[0.294379027732062, 0.1921773781634303]",0,0
40791,[0.37873868 0.52759822],0,1,"[0.37965276877051146, 0.575157747726818]",1,-1
40792,[0.70934509 0.83875646],2,-1,-1,1,-1
40793,[0.7098653 0.7247106],2,-1,-1,1,-1
40794,[0.28324692 0.21849457],1,2,"[0.294379027732062, 0.1921773781634303]",0,0
40795,[0.65831267 0.6608837 ],3,3,"[0.6601234827680622, 0.6109507568947781]",1,-1
40796,[0.84209791 0.68993767],2,0,"[0.7890750777399501, 0.6799557517006445]",1,-1
40797,[0.29108152 0.15473429],1,2,"[0.294379027732062, 0.1921773781634303]",0,0
40798,[0.40930698 0.53844285],0,1,"[0.37965276877051146, 0.575157747726818]",1,-1
40799,[0.85450766 0.63264476],2,-1,-1,1,-1
40800,[0.40549504 0.637412  ],0,1,"[0.37965276877051146, 0.575157747726818]",1,-1
40801,[0.71361856 0.60042608],3,3,"[0.6601234827680622, 0.6109507568947781]",1,-1
40802,[0.66556638 0.58287961],3,3,"[0.6601234827680622, 0.6109507568947781]",1,-1
40803,[0.8250496  0.63605707],2,0,"[0.7890750777399501, 0.6799557517006445]",1,-1
40804,[0.35578939 0.21021784],1,2,"[0.294379027732062, 0.1921773781634303]",0,0
40805,[0.67464408 0.64479855],3,3,"[0.6601234827680622, 0.6109507568947781]",1,-1
40806,[0.59699292 0.62457652],3,3,"[0.6601234827680622, 0.6109507568947781]",1,-1
40807,[0.4582822  0.60785231],0,-1,-1,1,-1
40808,[0.25945734 0.28129122],1,-1,-1,0,0
40809,[0.86104056 0.7473761 ],2,-1,-1,1,-1
40810,[0.29761578 0.18596762],1,2,"[0.294379027732062, 0.1921773781634303]",0,0
40811,[0.29634388 0.14484562],1,2,"[0.294379027732062, 0.1921773781634303]",0,0
40812,[0.67813156 0.63026033],3,3,"[0.6601234827680622, 0.6109507568947781]",1,-1
40813,[0.75570531 0.70849816],2,0,"[0.7890750777399501, 0.6799557517006445]",1,-1
40814,[0.64821685 0.54629019],3,3,"[0.6601234827680622, 0.6109507568947781]",1,-1
40815,[0.74691145 0.64742069],2,0,"[0.7890750777399501, 0.6799557517006445]",1,-1
40816,[0.59205263 0.60127714],3,3,"[0.6601234827680622, 0.6109507568947781]",1,-1
40817,[0.81276571 0.69068408],2,0,"[0.7890750777399501, 0.6799557517006445]",1,-1
40818,[0.86930653 0.69291193],2,-1,-1,1,-1
40819,[0.24712997 0.19483574],1,2,"[0.294379027732062, 0.1921773781634303]",0,0
40820,[0.76861174 0.73395806],2,0,"[0.7890750777399501, 0.6799557517006445]",1,-1
40821,[0.31633875 0.58446293],0,1,"[0.37965276877051146, 0.575157747726818]",1,-1
40822,[0.73540064 0.64600391],3,0,"[0.7890750777399501, 0.6799557517006445]",1,-1
40823,[0.35659743 0.58315076],0,1,"[0.37965276877051146, 0.575157747726818]",1,-1
40824,[0.80859876 0.73313011],2,0,"[0.7890750777399501, 0.6799557517006445]",1,-1
40825,[0.72826769 0.7581691 ],2,-1,-1,1,-1
40826,[0.8368249  0.64856705],2,0,"[0.7890750777399501, 0.6799557517006445]",1,-1
40827,[0.42030451 0.62348663],0,1,"[0.37965276877051146, 0.575157747726818]",1,-1
40828,[0.76814699 0.65418692],2,0,"[0.7890750777399501, 0.6799557517006445]",1,3
40829,[0.30634155 0.5680189 ],0,-1,-1,1,-1
40830,[0.75946594 0.68442327],2,0,"[0.7890750777399501, 0.6799557517006445]",1,-1
40831,[0.36618127 0.59538481],0,1,"[0.37965276877051146, 0.575157747726818]",1,-1
40832,[0.363898   0.61456243],0,1,"[0.37965276877051146, 0.575157747726818]",1,-1
40833,[0.23804402 0.19256261],1,2,"[0.294379027732062, 0.1921773781634303]",0,0
40834,[0.32445499 0.58279963],0,1,"[0.37965276877051146, 0.575157747726818]",1,-1
40835,[0.61920893 0.66270318],3,3,"[0.6601234827680622, 0.6109507568947781]",1,-1
40836,[0.81385101 0.66597759],2,0,"[0.7890750777399501, 0.6799557517006445]",1,-1
40837,[0.6216825  0.63584872],3,3,"[0.6601234827680622, 0.6109507568947781]",1,-1
40838,[0.7004233  0.68805912],2,-1,-1,1,-1
40839,[0.74424311 0.68421678],2,0,"[0.7890750777399501, 0.6799557517006445]",1,-1
40840,[0.37411356 0.54404458],0,1,"[0.37965276877051146, 0.575157747726818]",1,-1
40841,[0.32073959 0.14621299],1,2,"[0.294379027732062, 0.1921773781634303]",0,0
40842,[0.82483795 0.69068278],2,0,"[0.7890750777399501, 0.6799557517006445]",1,-1
40843,[0.6149237  0.54224292],3,-1,-1,1,-1
40844,[0.66020078 0.58249101],3,3,"[0.6601234827680622, 0.6109507568947781]",1,-1
40845,[0.32104124 0.1904978 ],1,2,"[0.294379027732062, 0.1921773781634303]",0,0
40846,[0.829358   0.67148793],2,0,"[0.7890750777399501, 0.6799557517006445]",1,-1
40847,[0.66180329 0.62992961],3,3,"[0.6601234827680622, 0.6109507568947781]",1,-1
40848,[0.31163326 0.12438539],1,2,"[0.294379027732062, 0.1921773781634303]",0,0
40849,[0.78509822 0.60475732],2,-1,-1,1,-1
40850,[0.7516884  0.66940611],2,0,"[0.7890750777399501, 0.6799557517006445]",1,-1
40851,[0.80455889 0.6722079 ],2,0,"[0.7890750777399501, 0.6799557517006445]",1,4
40852,[0.77811008 0.74815335],2,0,"[0.7890750777399501, 0.6799557517006445]",1,-1
40853,[0.2537172  0.11397948],1,-1,-1,0,0
40854,[0.69703839 0.5462918 ],3,-1,-1,1,-1
40855,[0.30724161 0.56695079],0,-1,-1,1,-1
40856,[0.26023342 0.19073814],1,2,"[0.294379027732062, 0.1921773781634303]",0,0
40857,[0.82218525 0.61481305],2,-1,-1,1,-1
40858,[0.73488526 0.5536708 ],3,-1,-1,1,-1
40859,[0.69029598 0.63033039],3,3,"[0.6601234827680622, 0.6109507568947781]",1,7
40860,[0.7945114  0.77962049],2,-1,-1,1,-1
40861,[0.28077534 0.56326501],0,-1,-1,1,-1
40862,[0.89978616 0.65345372],2,-1,-1,1,-1
40863,[0.34330801 0.64249955],0,-1,-1,1,-1
40864,[0.79752008 0.64686836],2,0,"[0.7890750777399501, 0.6799557517006445]",1,-1
40865,[0.24697497 0.23443023],1,2,"[0.294379027732062, 0.1921773781634303]",0,0
40866,[0.26353437 0.11091997],1,-1,-1,0,0
40867,[0.29456307 0.2069017 ],1,2,"[0.294379027732062, 0.1921773781634303]",0,0
40868,[0.68120038 0.71652664],2,-1,-1,1,-1
40869,[0.62335888 0.60868281],3,3,"[0.6601234827680622, 0.6109507568947781]",1,-1
40870,[0.85365593 0.7345744 ],2,-1,-1,1,-1
40871,[0.6331604  0.60783261],3,3,"[0.6601234827680622, 0.6109507568947781]",1,-1
40872,[0.7916576  0.67303675],2,0,"[0.7890750777399501, 0.6799557517006445]",1,4
40873,[0.65076183 0.59354533],3,3,"[0.6601234827680622, 0.6109507568947781]",1,-1
40874,[0.78804716 0.56863168],2,-1,-1,1,-1
40875,[0.40287538 0.56974632],0,1,"[0.37965276877051146, 0.575157747726818]",1,2
40876,[0.69745981 0.66505824],3,3,"[0.6601234827680622, 0.6109507568947781]",1,-1
40877,[0.3790476  0.56718408],0,1,"[0.37965276877051146, 0.575157747726818]",1,-1
40878,[0.69287243 0.57144763],3,3,"[0.6601234827680622, 0.6109507568947781]",1,-1
40879,[0.41643477 0.5542291 ],0,1,"[0.37965276877051146, 0.575157747726818]",1,-1
40880,[0.72260326 0.52380432],3,-1,-1,1,-1
40881,[0.70766304 0.6139039 ],2,3,"[0.6601234827680622, 0.6109507568947781]",1,-1
40882,[0.47551312 0.6479495 ],0,-1,-1,1,-1
40883,[0.79671342 0.70954259],2,0,"[0.7890750777399501, 0.6799557517006445]",1,-1
40884,[0.67525439 0.60016259],3,3,"[0.6601234827680622, 0.6109507568947781]",1,-1
40885,[0.78378337 0.75411212],2,-1,-1,1,-1
40886,[0.73261241 0.68641449],2,0,"[0.7890750777399501, 0.6799557517006445]",1,-1
40887,[0.39480233 0.58103178],0,1,"[0.37965276877051146, 0.575157747726818]",1,-1
40888,[0.67864922 0.69219126],3,-1,-1,1,-1
40889,[0.41688992 0.22041245],1,-1,-1,0,0
40890,[0.67981756 0.58598307],3,3,"[0.6601234827680622, 0.6109507568947781]",1,-1
40891,[0.66251713 0.6167    ],3,3,"[0.6601234827680622, 0.6109507568947781]",1,7
40892,[0.75261664 0.7034117 ],2,0,"[0.7890750777399501, 0.6799557517006445]",1,-1
40893,[0.66939665 0.70990264],3,-1,-1,1,-1
40894,[0.42138525 0.64744411],0,-1,-1,1,-1
40895,[0.7845138  0.67644296],2,0,"[0.7890750777399501, 0.6799557517006445]",1,4
40896,[0.33711445 0.70165536],0,-1,-1,1,-1
40897,[0.76220174 0.71602461],2,0,"[0.7890750777399501, 0.6799557517006445]",1,-1
40898,[0.29450887 0.10786008],1,-1,-1,0,0
40899,[0.42129064 0.63544401],0,-1,-1,1,-1
40900,[0.76529993 0.60506722],2,-1,-1,1,-1
40901,[0.30802314 0.24398284],1,2,"[0.294379027732062, 0.1921773781634303]",0,0
40902,[0.37277718 0.56913194],0,1,"[0.37965276877051146, 0.575157747726818]",1,1
40903,[0.21338313 0.15276771],1,-1,-1,0,0
40904,[0.36408575 0.61572114],0,1,"[0.37965276877051146, 0.575157747726818]",1,-1
40905,[0.747928   0.64626542],2,0,"[0.7890750777399501, 0.6799557517006445]",1,-1
40906,[0.27707903 0.5165998 ],0,-1,-1,1,-1
40907,[0.33605576 0.12695281],1,-1,-1,0,0
40908,[0.75364734 0.73330861],2,0,"[0.7890750777399501, 0.6799557517006445]",1,-1
40909,[0.37380033 0.72306418],0,-1,-1,1,-1
40910,[0.35613588 0.59022264],0,1,"[0.37965276877051146, 0.575157747726818]",1,-1
40911,[0.62359942 0.68363984],3,-1,-1,1,-1
40912,[0.48646273 0.63464856],0,-1,-1,1,-1
40913,[0.3941898 0.6334002],0,1,"[0.37965276877051146, 0.575157747726818]",1,-1
40914,[0.37109502 0.23711755],1,-1,-1,0,0
40915,[0.58102305 0.63547325],3,-1,-1,1,-1
40916,[0.37450004 0.50005238],0,-1,-1,1,-1
40917,[0.78409415 0.56382886],2,-1,-1,1,-1
40918,[0.66150045 0.60651936],3,3,"[0.6601234827680622, 0.6109507568947781]",1,-1
40919,[0.37604022 0.62578998],0,1,"[0.37965276877051146, 0.575157747726818]",1,-1
40920,[0.25166695 0.20482953],1,2,"[0.294379027732062, 0.1921773781634303]",0,0
40921,[0.79978291 0.67361721],2,0,"[0.7890750777399501, 0.6799557517006445]",1,4
40922,[0.72749947 0.69249946],2,0,"[0.7890750777399501, 0.6799557517006445]",1,-1
40923,[0.38953481 0.61355869],0,1,"[0.37965276877051146, 0.575157747726818]",1,-1
40924,[0.73644597 0.76479217],2,-1,-1,1,-1
40925,[0.7581349  0.63051924],2,0,"[0.7890750777399501, 0.6799557517006445]",1,-1
40926,[0.36771081 0.20027108],1,-1,-1,0,0
40927,[0.31209404 0.13428314],1,2,"[0.294379027732062, 0.1921773781634303]",0,0
40928,[0.63881391 0.56320466],3,3,"[0.6601234827680622, 0.6109507568947781]",1,-1
40929,[0.64277182 0.55330638],3,3,"[0.6601234827680622, 0.6109507568947781]",1,-1
40930,[0.33304416 0.16791528],1,2,"[0.294379027732062, 0.1921773781634303]",0,0
40931,[0.41293903 0.5689087 ],0,1,"[0.37965276877051146, 0.575157747726818]",1,2
40932,[0.76440726 0.73715513],2,0,"[0.7890750777399501, 0.6799557517006445]",1,-1
40933,[0.64876907 0.6431412 ],3,3,"[0.6601234827680622, 0.6109507568947781]",1,-1
40934,[0.63953619 0.59634857],3,3,"[0.6601234827680622, 0.6109507568947781]",1,-1
40935,[0.39397026 0.57323736],0,1,"[0.37965276877051146, 0.575157747726818]",1,-1
40936,[0.33489441 0.55801252],0,1,"[0.37965276877051146, 0.575157747726818]",1,-1
40937,[0.38519793 0.19664074],1,-1,-1,0,0
40938,[0.7096526  0.62459162],3,3,"[0.6601234827680622, 0.6109507568947781]",1,-1
40939,[0.34431533 0.63024318],0,1,"[0.37965276877051146, 0.575157747726818]",1,-1
40940,[0.39526176 0.09735869],1,-1,-1,0,0
40941,[0.79633527 0.68494695],2,0,"[0.7890750777399501, 0.6799557517006445]",1,-1
40942,[0.32655163 0.58637517],0,1,"[0.37965276877051146, 0.575157747726818]",1,-1
40943,[0.6786969  0.55974541],3,3,"[0.6601234827680622, 0.6109507568947781]",1,-1
40944,[0.69382409 0.66238334],2,3,"[0.6601234827680622, 0.6109507568947781]",1,-1
40945,[0.35578229 0.20919244],1,2,"[0.294379027732062, 0.1921773781634303]",0,0
40946,[0.60865842 0.60691395],3,3,"[0.6601234827680622, 0.6109507568947781]",1,-1
40947,[0.69084153 0.61360203],3,3,"[0.6601234827680622, 0.6109507568947781]",1,-1
40948,[0.28801925 0.18431112],1,2,"[0.294379027732062, 0.1921773781634303]",0,0
40949,[0.28039439 0.26201981],1,-1,-1,0,0
40950,[0.36491466 0.48421171],0,-1,-1,1,-1
40951,[0.68088727 0.68149515],2,-1,-1,1,-1
40952,[0.71675004 0.60821403],3,3,"[0.6601234827680622, 0.6109507568947781]",1,-1
40953,[0.24701744 0.17996173],1,2,"[0.294379027732062, 0.1921773781634303]",0,0
40954,[0.7577346  0.68786746],2,0,"[0.7890750777399501, 0.6799557517006445]",1,-1
40955,[0.85930672 0.65481839],2,-1,-1,1,-1
40956,[0.26739341 0.15119341],1,2,"[0.294379027732062, 0.1921773781634303]",0,0
40957,[0.24811382 0.14986241],1,2,"[0.294379027732062, 0.1921773781634303]",0,0
40958,[0.65539688 0.60653213],3,3,"[0.6601234827680622, 0.6109507568947781]",1,-1
40959,[0.43442573 0.61695349],0,1,"[0.37965276877051146, 0.575157747726818]",1,-1
40960,[0.36308942 0.65416   ],0,-1,-1,1,-1
40961,[0.64041601 0.645304  ],3,3,"[0.6601234827680622, 0.6109507568947781]",1,-1
40962,[0.34220917 0.55350168],0,1,"[0.37965276877051146, 0.575157747726818]",1,-1
40963,[0.79425217 0.6966065 ],2,0,"[0.7890750777399501, 0.6799557517006445]",1,-1
40964,[0.29744325 0.23209718],1,2,"[0.294379027732062, 0.1921773781634303]",0,0
40965,[0.79506039 0.67352466],2,0,"[0.7890750777399501, 0.6799557517006445]",1,4
40966,[0.65759487 0.6722016 ],3,3,"[0.6601234827680622, 0.6109507568947781]",1,-1
40967,[0.63227847 0.53082111],3,-1,-1,1,-1
40968,[0.40186452 0.13464742],1,-1,-1,0,0
40969,[0.2158895  0.23223697],1,-1,-1,0,0
40970,[0.79561713 0.69895468],2,0,"[0.7890750777399501, 0.6799557517006445]",1,-1
40971,[0.31424273 0.23052909],1,2,"[0.294379027732062, 0.1921773781634303]",0,0
40972,[0.25289471 0.18486867],1,2,"[0.294379027732062, 0.1921773781634303]",0,0
40973,[0.36855899 0.52620197],0,1,"[0.37965276877051146, 0.575157747726818]",1,-1
40974,[0.65836383 0.71904508],3,-1,-1,1,-1
40975,[0.80874485 0.68323673],2,0,"[0.7890750777399501, 0.6799557517006445]",1,-1
40976,[0.25308521 0.12185843],1,-1,-1,0,0
40977,[0.64776574 0.66660242],3,3,"[0.6601234827680622, 0.6109507568947781]",1,-1
40978,[0.33978228 0.22974973],1,2,"[0.294379027732062, 0.1921773781634303]",0,0
40979,[0.79368227 0.61194338],2,0,"[0.7890750777399501, 0.6799557517006445]",1,-1
40980,[0.48567638 0.59605803],0,-1,-1,1,-1
40981,[0.58805559 0.62099295],3,-1,-1,1,-1
40982,[0.3458974  0.61077377],0,1,"[0.37965276877051146, 0.575157747726818]",1,-1
40983,[0.71492746 0.68082743],3,-1,-1,1,-1
40984,[0.68575002 0.62064397],3,3,"[0.6601234827680622, 0.6109507568947781]",1,7
40985,[0.23327782 0.21546488],1,2,"[0.294379027732062, 0.1921773781634303]",0,0
40986,[0.81738263 0.68935634],2,0,"[0.7890750777399501, 0.6799557517006445]",1,4
40987,[0.66738594 0.6932479 ],3,-1,-1,1,-1
40988,[0.78271456 0.63646267],2,0,"[0.7890750777399501, 0.6799557517006445]",1,-1
40989,[0.71966821 0.64053203],2,3,"[0.6601234827680622, 0.6109507568947781]",1,-1
40990,[0.72924552 0.64241153],2,-1,-1,1,-1
40991,[0.3481708  0.54628152],0,1,"[0.37965276877051146, 0.575157747726818]",1,-1
40992,[0.26281924 0.13251434],1,2,"[0.294379027732062, 0.1921773781634303]",0,0
40993,[0.85318943 0.73603939],2,-1,-1,1,-1
40994,[0.82016469 0.6205509 ],2,0,"[0.7890750777399501, 0.6799557517006445]",1,-1
40995,[0.78309904 0.73541826],2,0,"[0.7890750777399501, 0.6799557517006445]",1,-1
40996,[0.19466087 0.18461685],1,-1,-1,0,0
40997,[0.17180587 0.22848681],1,-1,-1,0,0
40998,[0.38901368 0.26491766],1,-1,-1,0,0
40999,[0.65515609 0.54677729],3,3,"[0.6601234827680622, 0.6109507568947781]",1,-1
41000,[0.63684198 0.6347542 ],3,3,"[0.6601234827680622, 0.6109507568947781]",1,-1
41001,[0.71997227 0.59836278],3,3,"[0.6601234827680622, 0.6109507568947781]",1,-1
41002,[0.65519642 0.62039113],3,3,"[0.6601234827680622, 0.6109507568947781]",1,7
41003,[0.2587205  0.19625622],1,2,"[0.294379027732062, 0.1921773781634303]",0,0
41004,[0.6839185  0.64711825],3,3,"[0.6601234827680622, 0.6109507568947781]",1,-1
41005,[0.34594679 0.48686535],0,-1,-1,1,-1
41006,[0.71294978 0.69535235],3,-1,-1,1,-1
41007,[0.4575979 0.5148214],0,-1,-1,1,-1
41008,[0.40690938 0.55608081],0,1,"[0.37965276877051146, 0.575157747726818]",1,-1
41009,[0.41815599 0.57183302],0,1,"[0.37965276877051146, 0.575157747726818]",1,-1
41010,[0.79540492 0.62326628],2,0,"[0.7890750777399501, 0.6799557517006445]",1,-1
41011,[0.3544559  0.55211635],0,1,"[0.37965276877051146, 0.575157747726818]",1,-1
41012,[0.37747584 0.5557471 ],0,1,"[0.37965276877051146, 0.575157747726818]",1,-1
41013,[0.74678619 0.67433718],2,0,"[0.7890750777399501, 0.6799557517006445]",1,-1
41014,[0.76580057 0.5997451 ],2,-1,-1,1,-1
41015,[0.65685341 0.48490923],3,-1,-1,1,-1
41016,[0.40016059 0.61326745],0,1,"[0.37965276877051146, 0.575157747726818]",1,-1
41017,[0.82732342 0.73494839],2,0,"[0.7890750777399501, 0.6799557517006445]",1,-1
41018,[0.64813414 0.64551864],3,3,"[0.6601234827680622, 0.6109507568947781]",1,-1
41019,[0.32683499 0.60756942],0,1,"[0.37965276877051146, 0.575157747726818]",1,-1
41020,[0.79605203 0.73811655],2,0,"[0.7890750777399501, 0.6799557517006445]",1,-1
41021,[0.30419148 0.26461729],1,-1,-1,0,0
41022,[0.68202333 0.58779758],3,3,"[0.6601234827680622, 0.6109507568947781]",1,-1
41023,[0.86290939 0.70634102],2,-1,-1,1,-1
41024,[0.29869249 0.13902967],1,2,"[0.294379027732062, 0.1921773781634303]",0,0
41025,[0.62942369 0.53482919],3,-1,-1,1,-1
41026,[0.17674912 0.21833604],1,-1,-1,0,0
41027,[0.29943155 0.19668103],1,2,"[0.294379027732062, 0.1921773781634303]",0,0
41028,[0.60774396 0.674342  ],3,-1,-1,1,-1
41029,[0.72248283 0.63752405],3,3,"[0.6601234827680622, 0.6109507568947781]",1,-1
41030,[0.40673828 0.52376947],0,1,"[0.37965276877051146, 0.575157747726818]",1,-1
41031,[0.38047293 0.54642885],0,1,"[0.37965276877051146, 0.575157747726818]",1,-1
41032,[0.72214921 0.54221447],3,-1,-1,1,-1
41033,[0.77498433 0.61744175],2,0,"[0.7890750777399501, 0.6799557517006445]",1,-1
41034,[0.70364421 0.54684299],3,-1,-1,1,-1
41035,[0.82111331 0.72763557],2,0,"[0.7890750777399501, 0.6799557517006445]",1,-1
41036,[0.40998353 0.63577863],0,1,"[0.37965276877051146, 0.575157747726818]",1,-1
41037,[0.31673574 0.17110427],1,2,"[0.294379027732062, 0.1921773781634303]",0,0
41038,[0.32111343 0.19153254],1,2,"[0.294379027732062, 0.1921773781634303]",0,0
41039,[0.74837143 0.63465366],2,0,"[0.7890750777399501, 0.6799557517006445]",1,-1
41040,[0.62311894 0.5892895 ],3,3,"[0.6601234827680622, 0.6109507568947781]",1,-1
41041,[0.33178138 0.23356392],1,2,"[0.294379027732062, 0.1921773781634303]",0,0
41042,[0.73055638 0.65317866],2,0,"[0.7890750777399501, 0.6799557517006445]",1,-1
41043,[0.35702739 0.18963985],1,2,"[0.294379027732062, 0.1921773781634303]",0,0
41044,[0.67924716 0.6748659 ],3,3,"[0.6601234827680622, 0.6109507568947781]",1,-1
41045,[0.27273871 0.20489792],1,2,"[0.294379027732062, 0.1921773781634303]",0,0
41046,[0.42844152 0.6094808 ],0,1,"[0.37965276877051146, 0.575157747726818]",1,-1
41047,[0.31365655 0.55386345],0,1,"[0.37965276877051146, 0.575157747726818]",1,-1
41048,[0.73271426 0.66832092],2,0,"[0.7890750777399501, 0.6799557517006445]",1,-1
41049,[0.42636144 0.58997463],0,1,"[0.37965276877051146, 0.575157747726818]",1,-1
41050,[0.32282639 0.06034888],1,-1,-1,0,0
41051,[0.57766087 0.66361844],3,-1,-1,1,-1
41052,[0.37706359 0.18180027],1,-1,-1,0,0
41053,[0.71802311 0.70779855],2,-1,-1,1,-1
41054,[0.35428027 0.23933181],1,-1,-1,0,0
41055,[0.62423125 0.57511282],3,3,"[0.6601234827680622, 0.6109507568947781]",1,-1
41056,[0.42311222 0.58636587],0,1,"[0.37965276877051146, 0.575157747726818]",1,-1
41057,[0.32984371 0.50338996],0,-1,-1,1,-1
41058,[0.8325581  0.67285899],2,0,"[0.7890750777399501, 0.6799557517006445]",1,-1
41059,[0.29907791 0.11623785],1,-1,-1,0,0
41060,[0.81991446 0.66959981],2,0,"[0.7890750777399501, 0.6799557517006445]",1,-1
41061,[0.61520469 0.63020666],3,3,"[0.6601234827680622, 0.6109507568947781]",1,-1
41062,[0.34968085 0.05895035],1,-1,-1,0,0
41063,[0.39995052 0.54432305],0,1,"[0.37965276877051146, 0.575157747726818]",1,-1
41064,[0.73233925 0.61564064],3,-1,-1,1,-1
41065,[0.59287797 0.60847205],3,3,"[0.6601234827680622, 0.6109507568947781]",1,-1
41066,[0.36256446 0.24403234],1,-1,-1,0,0
41067,[0.39313718 0.5583346 ],0,1,"[0.37965276877051146, 0.575157747726818]",1,-1
41068,[0.79808777 0.68847902],2,0,"[0.7890750777399501, 0.6799557517006445]",1,-1
41069,[0.31125587 0.56812519],0,1,"[0.37965276877051146, 0.575157747726818]",1,-1
41070,[0.27317046 0.20824883],1,2,"[0.294379027732062, 0.1921773781634303]",0,0
41071,[0.6706829  0.54745381],3,3,"[0.6601234827680622, 0.6109507568947781]",1,-1
41072,[0.67676448 0.68106417],3,-1,-1,1,-1
41073,[0.36680008 0.52735546],0,1,"[0.37965276877051146, 0.575157747726818]",1,-1
41074,[0.2705823  0.23682255],1,2,"[0.294379027732062, 0.1921773781634303]",0,0
41075,[0.75409792 0.6646487 ],2,0,"[0.7890750777399501, 0.6799557517006445]",1,-1
41076,[0.27777837 0.20675694],1,2,"[0.294379027732062, 0.1921773781634303]",0,0
41077,[0.7369803 0.6179287],3,-1,-1,1,-1
41078,[0.27261541 0.15451577],1,2,"[0.294379027732062, 0.1921773781634303]",0,0
41079,[0.42423566 0.6714372 ],0,-1,-1,1,-1
41080,[0.45095874 0.58640561],0,-1,-1,1,-1
41081,[0.39485351 0.62105336],0,1,"[0.37965276877051146, 0.575157747726818]",1,-1
41082,[0.80597787 0.63933169],2,0,"[0.7890750777399501, 0.6799557517006445]",1,-1
41083,[0.39484361 0.61708938],0,1,"[0.37965276877051146, 0.575157747726818]",1,-1
41084,[0.34864059 0.52929354],0,1,"[0.37965276877051146, 0.575157747726818]",1,-1
41085,[0.37763911 0.5025178 ],0,-1,-1,1,-1
41086,[0.36846967 0.51909473],0,1,"[0.37965276877051146, 0.575157747726818]",1,-1
41087,[0.64617296 0.69308195],2,-1,-1,1,-1
41088,[0.3976981  0.49566236],0,-1,-1,1,-1
41089,[0.44107339 0.51362022],0,-1,-1,1,-1
41090,[0.71226376 0.66333978],3,-1,-1,1,-1
41091,[0.30034034 0.16252008],1,2,"[0.294379027732062, 0.1921773781634303]",0,0
41092,[0.37916395 0.08595091],1,-1,-1,0,0
41093,[0.756435   0.71205449],2,0,"[0.7890750777399501, 0.6799557517006445]",1,-1
41094,[0.36838106 0.1868494 ],1,-1,-1,0,0
41095,[0.3708026  0.51488789],0,1,"[0.37965276877051146, 0.575157747726818]",1,-1
41096,[0.79995238 0.67730569],2,0,"[0.7890750777399501, 0.6799557517006445]",1,-1
41097,[0.29841633 0.16720145],1,2,"[0.294379027732062, 0.1921773781634303]",0,0
41098,[0.82433135 0.53925633],2,-1,-1,1,-1
41099,[0.78373736 0.71534961],2,0,"[0.7890750777399501, 0.6799557517006445]",1,-1
41100,[0.64403763 0.5229192 ],3,-1,-1,1,-1
41101,[0.70018885 0.58763043],3,3,"[0.6601234827680622, 0.6109507568947781]",1,-1
41102,[0.27007236 0.12598845],1,-1,-1,0,0
41103,[0.75883123 0.71511901],2,0,"[0.7890750777399501, 0.6799557517006445]",1,-1
41104,[0.47447335 0.51468851],0,-1,-1,1,-1
41105,[0.33441422 0.15967338],1,2,"[0.294379027732062, 0.1921773781634303]",0,0
41106,[0.3779965  0.62266078],0,1,"[0.37965276877051146, 0.575157747726818]",1,-1
41107,[0.21473535 0.17930041],1,-1,-1,0,0
41108,[0.81925334 0.67169634],2,0,"[0.7890750777399501, 0.6799557517006445]",1,-1
41109,[0.75800922 0.61823033],2,0,"[0.7890750777399501, 0.6799557517006445]",1,-1
41110,[0.78211187 0.55728192],3,-1,-1,1,-1
41111,[0.30955309 0.31253914],1,-1,-1,0,0
41112,[0.73548044 0.70059861],2,0,"[0.7890750777399501, 0.6799557517006445]",1,-1
41113,[0.32271232 0.22756884],1,2,"[0.294379027732062, 0.1921773781634303]",0,0
41114,[0.66852079 0.6163253 ],3,3,"[0.6601234827680622, 0.6109507568947781]",1,-1
41115,[0.67445026 0.55109764],3,3,"[0.6601234827680622, 0.6109507568947781]",1,-1
41116,[0.36882309 0.57845211],0,1,"[0.37965276877051146, 0.575157747726818]",1,1
41117,[0.28231734 0.06808199],1,-1,-1,0,0
41118,[0.8188189  0.82738663],2,-1,-1,1,-1
41119,[0.41563475 0.5713573 ],0,1,"[0.37965276877051146, 0.575157747726818]",1,2
41120,[0.66036264 0.64144477],3,3,"[0.6601234827680622, 0.6109507568947781]",1,-1
41121,[0.28513859 0.19940746],1,2,"[0.294379027732062, 0.1921773781634303]",0,0
41122,[0.33050276 0.12395602],1,-1,-1,0,0
41123,[0.45553709 0.57658425],0,-1,-1,1,-1
41124,[0.31547004 0.20095456],1,2,"[0.294379027732062, 0.1921773781634303]",0,0
41125,[0.28686251 0.16653996],1,2,"[0.294379027732062, 0.1921773781634303]",0,0
41126,[0.39170028 0.48470224],0,-1,-1,1,-1
41127,[0.71909373 0.70441916],2,-1,-1,1,-1
41128,[0.81463758 0.68770074],2,0,"[0.7890750777399501, 0.6799557517006445]",1,4
41129,[0.33629653 0.62564596],0,1,"[0.37965276877051146, 0.575157747726818]",1,-1
41130,[0.66673961 0.62195401],3,3,"[0.6601234827680622, 0.6109507568947781]",1,-1
41131,[0.47355002 0.54888158],0,-1,-1,1,-1
41132,[0.31090926 0.19867314],1,2,"[0.294379027732062, 0.1921773781634303]",0,0
41133,[0.66329214 0.68352512],3,-1,-1,1,-1
41134,[0.78884762 0.65494819],2,0,"[0.7890750777399501, 0.6799557517006445]",1,-1
41135,[0.29648255 0.56958837],0,-1,-1,1,-1
41136,[0.35293895 0.53526273],0,1,"[0.37965276877051146, 0.575157747726818]",1,-1
41137,[0.40915921 0.60050348],0,1,"[0.37965276877051146, 0.575157747726818]",1,-1
41138,[0.6216696  0.62531526],3,3,"[0.6601234827680622, 0.6109507568947781]",1,-1
41139,[0.56927884 0.6122347 ],3,-1,-1,1,-1
41140,[0.71937127 0.6474204 ],2,3,"[0.6601234827680622, 0.6109507568947781]",1,-1
41141,[0.36866066 0.47684495],0,-1,-1,1,-1
41142,[0.58967793 0.57300475],3,-1,-1,1,-1
41143,[0.72955716 0.61317744],3,3,"[0.6601234827680622, 0.6109507568947781]",1,-1
41144,[0.3503683  0.21468358],1,2,"[0.294379027732062, 0.1921773781634303]",0,0
41145,[0.37616719 0.15506791],1,-1,-1,0,0
41146,[0.76458987 0.56464031],2,-1,-1,1,-1
41147,[0.5597216  0.59994216],3,-1,-1,1,-1
41148,[0.66307149 0.62012303],3,3,"[0.6601234827680622, 0.6109507568947781]",1,-1
41149,[0.37453333 0.51392887],0,1,"[0.37965276877051146, 0.575157747726818]",1,-1
41150,[0.85669951 0.6862166 ],2,0,"[0.7890750777399501, 0.6799557517006445]",1,-1
41151,[0.25665977 0.16751809],1,2,"[0.294379027732062, 0.1921773781634303]",0,0
41152,[0.43591355 0.58488401],0,1,"[0.37965276877051146, 0.575157747726818]",1,-1
41153,[0.81814149 0.65619289],2,0,"[0.7890750777399501, 0.6799557517006445]",1,-1
41154,[0.8814594  0.72883069],2,-1,-1,1,-1
41155,[0.26806617 0.16955635],1,2,"[0.294379027732062, 0.1921773781634303]",0,0
41156,[0.72209998 0.58115842],3,3,"[0.6601234827680622, 0.6109507568947781]",1,-1
41157,[0.6514035  0.69569344],3,-1,-1,1,-1
41158,[0.37268507 0.61557661],0,1,"[0.37965276877051146, 0.575157747726818]",1,-1
41159,[0.40983331 0.61308502],0,1,"[0.37965276877051146, 0.575157747726818]",1,-1
41160,[0.73365513 0.75364916],2,-1,-1,1,-1
41161,[0.25571068 0.18891716],1,2,"[0.294379027732062, 0.1921773781634303]",0,0
41162,[0.66887227 0.6480127 ],3,3,"[0.6601234827680622, 0.6109507568947781]",1,-1
41163,[0.74811892 0.61144448],2,-1,-1,1,-1
41164,[0.35015318 0.59369634],0,1,"[0.37965276877051146, 0.575157747726818]",1,-1
41165,[0.25317587 0.22061876],1,2,"[0.294379027732062, 0.1921773781634303]",0,0
41166,[0.71475314 0.61052727],3,3,"[0.6601234827680622, 0.6109507568947781]",1,-1
41167,[0.67636683 0.6429089 ],3,3,"[0.6601234827680622, 0.6109507568947781]",1,-1
41168,[0.32777288 0.21416643],1,2,"[0.294379027732062, 0.1921773781634303]",0,0
41169,[0.89297528 0.70222957],2,-1,-1,1,-1
41170,[0.28221615 0.20172491],1,2,"[0.294379027732062, 0.1921773781634303]",0,0
41171,[0.31359076 0.11716195],1,-1,-1,0,0
41172,[0.43251518 0.53179466],0,1,"[0.37965276877051146, 0.575157747726818]",1,-1
41173,[0.21092383 0.15052645],1,-1,-1,0,0
41174,[0.78543449 0.77325695],2,-1,-1,1,-1
41175,[0.66185104 0.57574088],3,3,"[0.6601234827680622, 0.6109507568947781]",1,-1
41176,[0.23129029 0.23221786],1,-1,-1,0,0
41177,[0.36507204 0.5169215 ],0,1,"[0.37965276877051146, 0.575157747726818]",1,-1
41178,[0.72045092 0.62470322],2,3,"[0.6601234827680622, 0.6109507568947781]",1,-1
41179,[0.29444168 0.23498246],1,2,"[0.294379027732062, 0.1921773781634303]",0,0
41180,[0.78014151 0.65987665],2,0,"[0.7890750777399501, 0.6799557517006445]",1,-1
41181,[0.3145269  0.14168377],1,2,"[0.294379027732062, 0.1921773781634303]",0,0
41182,[0.23415311 0.22091871],1,2,"[0.294379027732062, 0.1921773781634303]",0,0
41183,[0.57480072 0.64450196],3,-1,-1,1,-1
41184,[0.26830972 0.20344922],1,2,"[0.294379027732062, 0.1921773781634303]",0,0
41185,[0.31322639 0.5585817 ],0,1,"[0.37965276877051146, 0.575157747726818]",1,-1
41186,[0.36776051 0.51800914],0,1,"[0.37965276877051146, 0.575157747726818]",1,-1
41187,[0.35794311 0.15833331],1,-1,-1,0,0
41188,[0.33058825 0.17424922],1,2,"[0.294379027732062, 0.1921773781634303]",0,0
41189,[0.65873938 0.61998082],3,3,"[0.6601234827680622, 0.6109507568947781]",1,7
41190,[0.8089282  0.71041774],2,0,"[0.7890750777399501, 0.6799557517006445]",1,-1
41191,[0.33055365 0.12828944],1,-1,-1,0,0
41192,[0.7894633  0.72671314],2,0,"[0.7890750777399501, 0.6799557517006445]",1,-1
41193,[0.53799409 0.53603009],3,-1,-1,1,-1
41194,[0.17446708 0.10229126],1,-1,-1,0,0
41195,[0.77572531 0.71415846],2,0,"[0.7890750777399501, 0.6799557517006445]",1,-1
41196,[0.37366189 0.68213875],0,-1,-1,1,-1
41197,[0.57162704 0.56723342],3,-1,-1,1,-1
41198,[0.31398262 0.17487042],1,2,"[0.294379027732062, 0.1921773781634303]",0,0
41199,[0.3922628  0.71427901],0,-1,-1,1,-1
41200,[0.83300057 0.76060437],2,-1,-1,1,-1
41201,[0.66782533 0.63791065],3,3,"[0.6601234827680622, 0.6109507568947781]",1,-1
41202,[0.82826182 0.70687793],2,0,"[0.7890750777399501, 0.6799557517006445]",1,-1
41203,[0.7656178  0.69586288],2,0,"[0.7890750777399501, 0.6799557517006445]",1,4
41204,[0.3692536  0.57471121],0,1,"[0.37965276877051146, 0.575157747726818]",1,1
41205,[0.3789333  0.54686685],0,1,"[0.37965276877051146, 0.575157747726818]",1,-1
41206,[0.37840289 0.64507596],0,1,"[0.37965276877051146, 0.575157747726818]",1,-1
41207,[0.26508081 0.59169973],0,-1,-1,1,-1
41208,[0.70272435 0.74451111],2,-1,-1,1,-1
41209,[0.7680123  0.65244446],2,0,"[0.7890750777399501, 0.6799557517006445]",1,-1
41210,[0.66377933 0.63081803],3,3,"[0.6601234827680622, 0.6109507568947781]",1,7
41211,[0.82666427 0.64472044],2,0,"[0.7890750777399501, 0.6799557517006445]",1,-1
41212,[0.32971329 0.54647614],0,1,"[0.37965276877051146, 0.575157747726818]",1,-1
41213,[0.70722407 0.67913552],2,-1,-1,1,-1
41214,[0.15129143 0.16620056],1,-1,-1,0,0
41215,[0.36900065 0.13499865],1,-1,-1,0,0
41216,[0.41262556 0.5014372 ],0,-1,-1,1,-1
41217,[0.60866602 0.56766239],3,3,"[0.6601234827680622, 0.6109507568947781]",1,-1
41218,[0.24558606 0.28706878],1,-1,-1,0,0
41219,[0.65270546 0.55677725],3,3,"[0.6601234827680622, 0.6109507568947781]",1,-1
41220,[0.74983426 0.60967884],3,-1,-1,1,-1
41221,[0.70659042 0.58227634],3,3,"[0.6601234827680622, 0.6109507568947781]",1,-1
41222,[0.48220563 0.52231307],0,-1,-1,1,-1
41223,[0.33392978 0.5460804 ],0,1,"[0.37965276877051146, 0.575157747726818]",1,-1
41224,[0.31544305 0.22906638],1,2,"[0.294379027732062, 0.1921773781634303]",0,0
41225,[0.63084356 0.59104376],3,3,"[0.6601234827680622, 0.6109507568947781]",1,-1
41226,[0.68406762 0.63843891],3,3,"[0.6601234827680622, 0.6109507568947781]",1,-1
41227,[0.8252218  0.56719326],2,-1,-1,1,-1
41228,[0.35905262 0.537946  ],0,1,"[0.37965276877051146, 0.575157747726818]",1,-1
41229,[0.29800888 0.11502704],1,-1,-1,0,0
41230,[0.38951808 0.59356678],0,1,"[0.37965276877051146, 0.575157747726818]",1,-1
41231,[0.69988525 0.62774991],3,3,"[0.6601234827680622, 0.6109507568947781]",1,7
41232,[0.37307921 0.59014292],0,1,"[0.37965276877051146, 0.575157747726818]",1,-1
41233,[0.78861818 0.74170438],2,0,"[0.7890750777399501, 0.6799557517006445]",1,-1
41234,[0.23063384 0.1612056 ],1,-1,-1,0,0
41235,[0.39038847 0.54574948],0,1,"[0.37965276877051146, 0.575157747726818]",1,-1
41236,[0.80607738 0.70869632],2,0,"[0.7890750777399501, 0.6799557517006445]",1,-1
41237,[0.2716203  0.18288018],1,2,"[0.294379027732062, 0.1921773781634303]",0,0
41238,[0.67587324 0.57019911],3,3,"[0.6601234827680622, 0.6109507568947781]",1,-1
41239,[0.86721426 0.73220637],2,-1,-1,1,-1
41240,[0.78011303 0.7136618 ],2,0,"[0.7890750777399501, 0.6799557517006445]",1,-1
41241,[0.67137281 0.54741384],3,3,"[0.6601234827680622, 0.6109507568947781]",1,-1
41242,[0.3255452  0.17257227],1,2,"[0.294379027732062, 0.1921773781634303]",0,0
41243,[0.71820029 0.45637835],3,-1,-1,1,-1
41244,[0.36445924 0.16116911],1,-1,-1,0,0
41245,[0.72245248 0.62126303],3,3,"[0.6601234827680622, 0.6109507568947781]",1,-1
41246,[0.79898468 0.745571  ],2,0,"[0.7890750777399501, 0.6799557517006445]",1,-1
41247,[0.42141704 0.58036193],0,1,"[0.37965276877051146, 0.575157747726818]",1,-1
41248,[0.83157018 0.67050285],2,0,"[0.7890750777399501, 0.6799557517006445]",1,-1
41249,[0.76527154 0.71055079],2,0,"[0.7890750777399501, 0.6799557517006445]",1,-1
41250,[0.40170773 0.59559118],0,1,"[0.37965276877051146, 0.575157747726818]",1,-1
41251,[0.73842337 0.58303169],2,-1,-1,1,-1
41252,[0.29950613 0.31059454],1,-1,-1,0,0
41253,[0.28888047 0.23990253],1,2,"[0.294379027732062, 0.1921773781634303]",0,0
41254,[0.35096232 0.11493272],1,-1,-1,0,0
41255,[0.33394677 0.5826365 ],0,1,"[0.37965276877051146, 0.575157747726818]",1,-1
41256,[0.38275632 0.58693784],0,1,"[0.37965276877051146, 0.575157747726818]",1,-1
41257,[0.60457957 0.61729915],3,3,"[0.6601234827680622, 0.6109507568947781]",1,-1
41258,[0.3365349 0.2792013],1,-1,-1,0,0
41259,[0.34842124 0.63207198],0,1,"[0.37965276877051146, 0.575157747726818]",1,-1
41260,[0.23631549 0.15719445],1,2,"[0.294379027732062, 0.1921773781634303]",0,0
41261,[0.62655694 0.70219657],3,-1,-1,1,-1
41262,[0.26280377 0.22418522],1,2,"[0.294379027732062, 0.1921773781634303]",0,0
41263,[0.66118428 0.61889294],3,3,"[0.6601234827680622, 0.6109507568947781]",1,7
41264,[0.32866763 0.16239018],1,2,"[0.294379027732062, 0.1921773781634303]",0,0
41265,[0.64888506 0.61703332],3,3,"[0.6601234827680622, 0.6109507568947781]",1,-1
41266,[0.26043694 0.17984802],1,2,"[0.294379027732062, 0.1921773781634303]",0,0
41267,[0.36349564 0.64052963],0,1,"[0.37965276877051146, 0.575157747726818]",1,-1
41268,[0.65425797 0.61024134],3,3,"[0.6601234827680622, 0.6109507568947781]",1,-1
41269,[0.40365914 0.65410414],0,-1,-1,1,-1
41270,[0.71954853 0.53073755],3,-1,-1,1,-1
41271,[0.69518038 0.68583057],3,-1,-1,1,-1
41272,[0.75383206 0.65126433],2,0,"[0.7890750777399501, 0.6799557517006445]",1,-1
41273,[0.7058367  0.64475797],3,3,"[0.6601234827680622, 0.6109507568947781]",1,-1
41274,[0.38021899 0.52294489],0,1,"[0.37965276877051146, 0.575157747726818]",1,-1
41275,[0.64108392 0.5699999 ],3,3,"[0.6601234827680622, 0.6109507568947781]",1,-1
41276,[0.45411959 0.49941212],0,-1,-1,1,-1
41277,[0.37152898 0.55207734],0,1,"[0.37965276877051146, 0.575157747726818]",1,-1
41278,[0.7736601  0.60954825],2,-1,-1,1,-1
41279,[0.65683512 0.60677027],3,3,"[0.6601234827680622, 0.6109507568947781]",1,-1
41280,[0.29014165 0.18822994],1,2,"[0.294379027732062, 0.1921773781634303]",0,0
41281,[0.62862212 0.6616561 ],3,3,"[0.6601234827680622, 0.6109507568947781]",1,-1
41282,[0.79828055 0.66488055],2,0,"[0.7890750777399501, 0.6799557517006445]",1,-1
41283,[0.2648875  0.19214325],1,2,"[0.294379027732062, 0.1921773781634303]",0,0
41284,[0.28506502 0.2457286 ],1,2,"[0.294379027732062, 0.1921773781634303]",0,0
41285,[0.70218088 0.56185373],3,3,"[0.6601234827680622, 0.6109507568947781]",1,-1
41286,[0.30385942 0.22440694],1,2,"[0.294379027732062, 0.1921773781634303]",0,0
41287,[0.77330856 0.63089444],2,0,"[0.7890750777399501, 0.6799557517006445]",1,-1
41288,[0.40844852 0.58453314],0,1,"[0.37965276877051146, 0.575157747726818]",1,-1
41289,[0.38510529 0.59238753],0,1,"[0.37965276877051146, 0.575157747726818]",1,-1
41290,[0.32491393 0.59145749],0,1,"[0.37965276877051146, 0.575157747726818]",1,-1
41291,[0.26242412 0.19694087],1,2,"[0.294379027732062, 0.1921773781634303]",0,0
41292,[0.86758457 0.6480295 ],2,-1,-1,1,-1
41293,[0.38522247 0.60381849],0,1,"[0.37965276877051146, 0.575157747726818]",1,-1
41294,[0.76155725 0.75950795],2,-1,-1,1,-1
41295,[0.769366   0.65889347],2,0,"[0.7890750777399501, 0.6799557517006445]",1,3
41296,[0.39195869 0.51585611],0,1,"[0.37965276877051146, 0.575157747726818]",1,-1
41297,[0.71018053 0.61931703],3,3,"[0.6601234827680622, 0.6109507568947781]",1,-1
41298,[0.77853593 0.59933477],3,-1,-1,1,-1
41299,[0.6294154  0.49852648],3,-1,-1,1,-1
41300,[0.31553296 0.59156828],0,1,"[0.37965276877051146, 0.575157747726818]",1,-1
41301,[0.60017132 0.57646841],3,3,"[0.6601234827680622, 0.6109507568947781]",1,-1
41302,[0.83492906 0.624617  ],2,-1,-1,1,-1
41303,[0.6835079  0.55844337],3,3,"[0.6601234827680622, 0.6109507568947781]",1,-1
41304,[0.39035962 0.50091005],0,-1,-1,1,-1
41305,[0.26806583 0.15342014],1,2,"[0.294379027732062, 0.1921773781634303]",0,0
41306,[0.28805945 0.25838305],1,2,"[0.294379027732062, 0.1921773781634303]",0,0
41307,[0.38045969 0.1880739 ],1,-1,-1,0,0
41308,[0.66868636 0.5518132 ],3,3,"[0.6601234827680622, 0.6109507568947781]",1,-1
41309,[0.71896139 0.63095537],3,3,"[0.6601234827680622, 0.6109507568947781]",1,-1
41310,[0.6382223  0.63729072],3,3,"[0.6601234827680622, 0.6109507568947781]",1,-1
41311,[0.4069778  0.52291532],0,1,"[0.37965276877051146, 0.575157747726818]",1,-1
41312,[0.23509115 0.20756716],1,2,"[0.294379027732062, 0.1921773781634303]",0,0
41313,[0.6727649  0.58712061],3,3,"[0.6601234827680622, 0.6109507568947781]",1,-1
41314,[0.74531838 0.63376933],2,0,"[0.7890750777399501, 0.6799557517006445]",1,-1
41315,[0.6549392  0.71669057],2,-1,-1,1,-1
41316,[0.83959522 0.63412751],2,0,"[0.7890750777399501, 0.6799557517006445]",1,-1
41317,[0.60788832 0.64125968],3,3,"[0.6601234827680622, 0.6109507568947781]",1,-1
41318,[0.43919945 0.62605695],0,-1,-1,1,-1
41319,[0.80939133 0.57365625],2,-1,-1,1,-1
41320,[0.39148284 0.61669491],0,1,"[0.37965276877051146, 0.575157747726818]",1,-1
41321,[0.43614524 0.59275138],0,1,"[0.37965276877051146, 0.575157747726818]",1,-1
41322,[0.62147454 0.63121973],3,3,"[0.6601234827680622, 0.6109507568947781]",1,-1
41323,[0.62277151 0.6064083 ],3,3,"[0.6601234827680622, 0.6109507568947781]",1,-1
41324,[0.30331636 0.21065654],1,2,"[0.294379027732062, 0.1921773781634303]",0,0
41325,[0.64197239 0.66275422],3,3,"[0.6601234827680622, 0.6109507568947781]",1,-1
41326,[0.32743819 0.16932033],1,2,"[0.294379027732062, 0.1921773781634303]",0,0
41327,[0.3300492  0.22465163],1,2,"[0.294379027732062, 0.1921773781634303]",0,0
41328,[0.77123174 0.67066761],2,0,"[0.7890750777399501, 0.6799557517006445]",1,-1
41329,[0.73693051 0.64781944],2,0,"[0.7890750777399501, 0.6799557517006445]",1,-1
41330,[0.76627511 0.71396138],2,0,"[0.7890750777399501, 0.6799557517006445]",1,-1
41331,[0.33083505 0.57104375],0,1,"[0.37965276877051146, 0.575157747726818]",1,-1
41332,[0.32165148 0.61075918],0,1,"[0.37965276877051146, 0.575157747726818]",1,-1
41333,[0.69782745 0.64632457],3,3,"[0.6601234827680622, 0.6109507568947781]",1,-1
41334,[0.63589926 0.61980904],3,3,"[0.6601234827680622, 0.6109507568947781]",1,-1
41335,[0.24809606 0.20494124],1,2,"[0.294379027732062, 0.1921773781634303]",0,0
41336,[0.39185868 0.68836119],0,-1,-1,1,-1
41337,[0.37197749 0.62220515],0,1,"[0.37965276877051146, 0.575157747726818]",1,-1
41338,[0.40677444 0.57900341],0,1,"[0.37965276877051146, 0.575157747726818]",1,2
41339,[0.23147949 0.22934489],1,-1,-1,0,0
41340,[0.70544323 0.6052826 ],3,3,"[0.6601234827680622, 0.6109507568947781]",1,-1
41341,[0.79594542 0.74236842],2,0,"[0.7890750777399501, 0.6799557517006445]",1,-1
41342,[0.8285233  0.63411557],2,0,"[0.7890750777399501, 0.6799557517006445]",1,-1
41343,[0.25874868 0.17987287],1,2,"[0.294379027732062, 0.1921773781634303]",0,0
41344,[0.66948864 0.66406103],3,3,"[0.6601234827680622, 0.6109507568947781]",1,-1
41345,[0.37767755 0.50550146],0,1,"[0.37965276877051146, 0.575157747726818]",1,-1
41346,[0.78329421 0.64640238],2,0,"[0.7890750777399501, 0.6799557517006445]",1,-1
41347,[0.57719175 0.61858514],3,-1,-1,1,-1
41348,[0.54944543 0.64177178],3,-1,-1,1,-1
41349,[0.59942302 0.69300757],3,-1,-1,1,-1
41350,[0.34507952 0.51716464],0,1,"[0.37965276877051146, 0.575157747726818]",1,-1
41351,[0.7647573  0.70923808],2,0,"[0.7890750777399501, 0.6799557517006445]",1,-1
41352,[0.79857213 0.74249203],2,0,"[0.7890750777399501, 0.6799557517006445]",1,-1
41353,[0.36604944 0.58702112],0,1,"[0.37965276877051146, 0.575157747726818]",1,-1
41354,[0.82594474 0.72737485],2,0,"[0.7890750777399501, 0.6799557517006445]",1,-1
41355,[0.85062207 0.61208955],2,-1,-1,1,-1
41356,[0.37451907 0.12599237],1,-1,-1,0,0
41357,[0.67348533 0.68781779],3,-1,-1,1,-1
41358,[0.35724008 0.54704109],0,1,"[0.37965276877051146, 0.575157747726818]",1,-1
41359,[0.67727836 0.65321117],3,3,"[0.6601234827680622, 0.6109507568947781]",1,-1
41360,[0.32112673 0.19672698],1,2,"[0.294379027732062, 0.1921773781634303]",0,0
41361,[0.64785188 0.58421747],3,3,"[0.6601234827680622, 0.6109507568947781]",1,-1
41362,[0.40176722 0.61070071],0,1,"[0.37965276877051146, 0.575157747726818]",1,-1
41363,[0.75658978 0.49144068],3,-1,-1,1,-1
41364,[0.80475721 0.73296783],2,0,"[0.7890750777399501, 0.6799557517006445]",1,-1
41365,[0.35498689 0.22048722],1,2,"[0.294379027732062, 0.1921773781634303]",0,0
41366,[0.25385593 0.16780778],1,2,"[0.294379027732062, 0.1921773781634303]",0,0
41367,[0.82248925 0.60536926],3,-1,-1,1,-1
41368,[0.40345902 0.58481772],0,1,"[0.37965276877051146, 0.575157747726818]",1,2
41369,[0.69341679 0.52540772],3,-1,-1,1,-1
41370,[0.58907868 0.6850601 ],3,-1,-1,1,-1
41371,[0.82273768 0.72516318],3,0,"[0.7890750777399501, 0.6799557517006445]",1,-1
41372,[0.76363293 0.64646673],2,0,"[0.7890750777399501, 0.6799557517006445]",1,-1
41373,[0.83773777 0.73318288],2,-1,-1,1,-1
41374,[0.61656453 0.61169027],3,3,"[0.6601234827680622, 0.6109507568947781]",1,-1
41375,[0.31451991 0.57822346],0,1,"[0.37965276877051146, 0.575157747726818]",1,-1
41376,[0.2883721  0.18208259],1,2,"[0.294379027732062, 0.1921773781634303]",0,0
41377,[0.29677772 0.2248712 ],1,2,"[0.294379027732062, 0.1921773781634303]",0,0
41378,[0.68631416 0.60783776],3,3,"[0.6601234827680622, 0.6109507568947781]",1,5
41379,[0.37268525 0.59153931],0,1,"[0.37965276877051146, 0.575157747726818]",1,-1
41380,[0.4083971  0.52527878],0,1,"[0.37965276877051146, 0.575157747726818]",1,-1
41381,[0.32480169 0.16762605],1,2,"[0.294379027732062, 0.1921773781634303]",0,0
41382,[0.6275917  0.59851284],3,3,"[0.6601234827680622, 0.6109507568947781]",1,-1
41383,[0.24715055 0.20817088],1,2,"[0.294379027732062, 0.1921773781634303]",0,0
41384,[0.76400912 0.55865874],2,-1,-1,1,-1
41385,[0.31995587 0.20373201],1,2,"[0.294379027732062, 0.1921773781634303]",0,0
41386,[0.25392141 0.25613347],1,-1,-1,0,0
41387,[0.86980802 0.64223383],2,-1,-1,1,-1
41388,[0.79272594 0.60650046],2,-1,-1,1,-1
41389,[0.37344518 0.57218085],0,1,"[0.37965276877051146, 0.575157747726818]",1,1
41390,[0.3659757  0.59375739],0,1,"[0.37965276877051146, 0.575157747726818]",1,-1
41391,[0.22828468 0.16593126],1,-1,-1,0,0
41392,[0.23536408 0.25523145],1,-1,-1,0,0
41393,[0.81221363 0.64046895],3,0,"[0.7890750777399501, 0.6799557517006445]",1,-1
41394,[0.79404453 0.64536669],2,0,"[0.7890750777399501, 0.6799557517006445]",1,-1
41395,[0.35344253 0.15629019],1,2,"[0.294379027732062, 0.1921773781634303]",0,0
41396,[0.6313806  0.58620294],3,3,"[0.6601234827680622, 0.6109507568947781]",1,-1
41397,[0.42020703 0.59214145],0,1,"[0.37965276877051146, 0.575157747726818]",1,-1
41398,[0.71216692 0.51191554],3,-1,-1,1,-1
41399,[0.63927704 0.64947347],3,3,"[0.6601234827680622, 0.6109507568947781]",1,-1
41400,[0.34247889 0.12815419],1,-1,-1,0,0
41401,[0.36854164 0.6036573 ],0,1,"[0.37965276877051146, 0.575157747726818]",1,-1
41402,[0.82262079 0.5072574 ],2,-1,-1,1,-1
41403,[0.72944697 0.72550488],2,-1,-1,1,-1
41404,[0.63653934 0.63118641],3,3,"[0.6601234827680622, 0.6109507568947781]",1,-1
41405,[0.77720429 0.65608663],2,0,"[0.7890750777399501, 0.6799557517006445]",1,-1
41406,[0.69989885 0.67748086],3,-1,-1,1,-1
41407,[0.74072612 0.69936895],2,0,"[0.7890750777399501, 0.6799557517006445]",1,-1
41408,[0.3128402  0.65636819],0,-1,-1,1,-1
41409,[0.34184195 0.14101234],1,2,"[0.294379027732062, 0.1921773781634303]",0,0
41410,[0.71000871 0.60580749],3,3,"[0.6601234827680622, 0.6109507568947781]",1,-1
41411,[0.25210722 0.21201876],1,2,"[0.294379027732062, 0.1921773781634303]",0,0
41412,[0.25119993 0.16965026],1,2,"[0.294379027732062, 0.1921773781634303]",0,0
41413,[0.72214684 0.57711353],3,-1,-1,1,-1
41414,[0.70160222 0.57897568],3,3,"[0.6601234827680622, 0.6109507568947781]",1,-1
41415,[0.83730431 0.7755546 ],2,-1,-1,1,-1
41416,[0.3348243 0.3083886],1,-1,-1,0,0
41417,[0.44858247 0.66183107],0,-1,-1,1,-1
41418,[0.81620338 0.73906314],2,0,"[0.7890750777399501, 0.6799557517006445]",1,-1
41419,[0.39878224 0.52863231],0,1,"[0.37965276877051146, 0.575157747726818]",1,-1
41420,[0.37975034 0.4769428 ],0,-1,-1,1,-1
41421,[0.8372769  0.70909178],2,0,"[0.7890750777399501, 0.6799557517006445]",1,-1
41422,[0.4009563  0.56335713],0,1,"[0.37965276877051146, 0.575157747726818]",1,2
41423,[0.32530406 0.62910701],0,-1,-1,1,-1
41424,[0.60433673 0.64760595],3,3,"[0.6601234827680622, 0.6109507568947781]",1,-1
41425,[0.61449408 0.69197064],3,-1,-1,1,-1
41426,[0.61797749 0.59816074],3,3,"[0.6601234827680622, 0.6109507568947781]",1,-1
41427,[0.2530742  0.23926772],1,2,"[0.294379027732062, 0.1921773781634303]",0,0
41428,[0.44781714 0.57886664],0,1,"[0.37965276877051146, 0.575157747726818]",1,-1
41429,[0.353987   0.13257661],1,-1,-1,0,0
41430,[0.66336878 0.67633572],3,3,"[0.6601234827680622, 0.6109507568947781]",1,-1
41431,[0.7150629  0.66156083],2,-1,-1,1,-1
41432,[0.35745473 0.63373326],0,1,"[0.37965276877051146, 0.575157747726818]",1,-1
41433,[0.8520637  0.65739342],2,0,"[0.7890750777399501, 0.6799557517006445]",1,-1
41434,[0.69775411 0.63944412],3,3,"[0.6601234827680622, 0.6109507568947781]",1,-1
41435,[0.62040809 0.65048028],3,3,"[0.6601234827680622, 0.6109507568947781]",1,-1
41436,[0.42217982 0.55841471],0,1,"[0.37965276877051146, 0.575157747726818]",1,-1
41437,[0.67983349 0.62619154],3,3,"[0.6601234827680622, 0.6109507568947781]",1,-1
41438,[0.30069331 0.16697312],1,2,"[0.294379027732062, 0.1921773781634303]",0,0
41439,[0.77622621 0.58551048],3,-1,-1,1,-1
41440,[0.32004473 0.18448366],1,2,"[0.294379027732062, 0.1921773781634303]",0,0
41441,[0.34021832 0.10562631],1,-1,-1,0,0
41442,[0.25087489 0.17821972],1,2,"[0.294379027732062, 0.1921773781634303]",0,0
41443,[0.2850778  0.20029207],1,2,"[0.294379027732062, 0.1921773781634303]",0,0
41444,[0.29486969 0.14112556],1,2,"[0.294379027732062, 0.1921773781634303]",0,0
41445,[0.69945224 0.56887391],3,3,"[0.6601234827680622, 0.6109507568947781]",1,-1
41446,[0.38695394 0.56845929],0,1,"[0.37965276877051146, 0.575157747726818]",1,2
41447,[0.73947988 0.70991713],2,0,"[0.7890750777399501, 0.6799557517006445]",1,-1
41448,[0.77195066 0.7586368 ],2,-1,-1,1,-1
41449,[0.80220002 0.72899162],2,0,"[0.7890750777399501, 0.6799557517006445]",1,-1
41450,[0.51877644 0.69231721],3,-1,-1,1,-1
41451,[0.66246685 0.66226185],3,3,"[0.6601234827680622, 0.6109507568947781]",1,-1
41452,[0.6935867  0.48487924],3,-1,-1,1,-1
41453,[0.72651743 0.63665179],3,-1,-1,1,-1
41454,[0.35439984 0.14039375],1,-1,-1,0,0
41455,[0.76304153 0.56145272],3,-1,-1,1,-1
41456,[0.31862995 0.27718306],1,-1,-1,0,0
41457,[0.64025355 0.60559485],3,3,"[0.6601234827680622, 0.6109507568947781]",1,-1
41458,[0.72598098 0.64479128],3,-1,-1,1,-1
41459,[0.7797222 0.6495903],3,0,"[0.7890750777399501, 0.6799557517006445]",1,-1
41460,[0.41801711 0.38826624],0,-1,-1,1,-1
41461,[0.27312978 0.17578888],1,2,"[0.294379027732062, 0.1921773781634303]",0,0
41462,[0.38271356 0.5031006 ],0,-1,-1,1,-1
41463,[0.60457944 0.63954884],3,3,"[0.6601234827680622, 0.6109507568947781]",1,-1
41464,[0.74765999 0.69870488],2,0,"[0.7890750777399501, 0.6799557517006445]",1,-1
41465,[0.65186718 0.56483939],3,3,"[0.6601234827680622, 0.6109507568947781]",1,-1
41466,[0.40186104 0.25854222],1,-1,-1,0,0
41467,[0.34547115 0.57784823],0,1,"[0.37965276877051146, 0.575157747726818]",1,-1
41468,[0.63608431 0.55856058],3,3,"[0.6601234827680622, 0.6109507568947781]",1,-1
41469,[0.68800398 0.54556219],3,-1,-1,1,-1
41470,[0.83369235 0.72456491],2,0,"[0.7890750777399501, 0.6799557517006445]",1,-1
41471,[0.40788937 0.55592534],0,1,"[0.37965276877051146, 0.575157747726818]",1,-1
41472,[0.24451579 0.26265415],1,-1,-1,0,0
41473,[0.83416041 0.7173459 ],2,0,"[0.7890750777399501, 0.6799557517006445]",1,-1
41474,[0.36495675 0.59449337],0,1,"[0.37965276877051146, 0.575157747726818]",1,-1
41475,[0.77759582 0.67076644],2,0,"[0.7890750777399501, 0.6799557517006445]",1,-1
41476,[0.42038733 0.54877673],0,1,"[0.37965276877051146, 0.575157747726818]",1,-1
41477,[0.6447108  0.68743559],3,-1,-1,1,-1
41478,[0.71020242 0.69200909],2,-1,-1,1,-1
41479,[0.71782232 0.59023374],3,3,"[0.6601234827680622, 0.6109507568947781]",1,-1
41480,[0.78525925 0.72419941],2,0,"[0.7890750777399501, 0.6799557517006445]",1,-1
41481,[0.27205101 0.13332475],1,2,"[0.294379027732062, 0.1921773781634303]",0,0
41482,[0.70831764 0.56755543],3,3,"[0.6601234827680622, 0.6109507568947781]",1,-1
41483,[0.29214405 0.52537678],0,-1,-1,1,-1
41484,[0.26642159 0.19058342],1,2,"[0.294379027732062, 0.1921773781634303]",0,0
41485,[0.34324958 0.53896279],0,1,"[0.37965276877051146, 0.575157747726818]",1,-1
41486,[0.34192555 0.58293139],0,1,"[0.37965276877051146, 0.575157747726818]",1,-1
41487,[0.30189767 0.64165491],0,-1,-1,1,-1
41488,[0.29467436 0.12254893],1,2,"[0.294379027732062, 0.1921773781634303]",0,0
41489,[0.32754944 0.55841626],0,1,"[0.37965276877051146, 0.575157747726818]",1,-1
41490,[0.78454663 0.6372775 ],2,0,"[0.7890750777399501, 0.6799557517006445]",1,-1
41491,[0.55689458 0.64045208],3,-1,-1,1,-1
41492,[0.68465784 0.6567682 ],3,3,"[0.6601234827680622, 0.6109507568947781]",1,-1
41493,[0.63448381 0.61942228],3,3,"[0.6601234827680622, 0.6109507568947781]",1,-1
41494,[0.39651016 0.59711173],0,1,"[0.37965276877051146, 0.575157747726818]",1,-1
41495,[0.30367962 0.18763729],1,2,"[0.294379027732062, 0.1921773781634303]",0,0
41496,[0.71727555 0.68255924],3,-1,-1,1,-1
41497,[0.63488964 0.59308242],3,3,"[0.6601234827680622, 0.6109507568947781]",1,-1
41498,[0.37777228 0.22637469],1,-1,-1,0,0
41499,[0.74794441 0.63252138],2,0,"[0.7890750777399501, 0.6799557517006445]",1,-1
41500,[0.83888063 0.78265012],2,-1,-1,1,-1
41501,[0.35659235 0.57190779],0,1,"[0.37965276877051146, 0.575157747726818]",1,-1
41502,[0.64503285 0.61659203],3,3,"[0.6601234827680622, 0.6109507568947781]",1,6
41503,[0.64263959 0.55575419],3,3,"[0.6601234827680622, 0.6109507568947781]",1,-1
41504,[0.71426426 0.5913086 ],3,3,"[0.6601234827680622, 0.6109507568947781]",1,-1
41505,[0.72625738 0.58692618],3,-1,-1,1,-1
41506,[0.73500802 0.74211718],2,-1,-1,1,-1
41507,[0.74821207 0.67469628],2,0,"[0.7890750777399501, 0.6799557517006445]",1,-1
41508,[0.71001426 0.61156591],3,3,"[0.6601234827680622, 0.6109507568947781]",1,-1
41509,[0.73892352 0.64384669],2,0,"[0.7890750777399501, 0.6799557517006445]",1,-1
41510,[0.25471147 0.1838781 ],1,2,"[0.294379027732062, 0.1921773781634303]",0,0
41511,[0.406768   0.53453355],0,1,"[0.37965276877051146, 0.575157747726818]",1,-1
41512,[0.6299225  0.60898829],3,3,"[0.6601234827680622, 0.6109507568947781]",1,-1
41513,[0.74053139 0.62198626],3,-1,-1,1,-1
41514,[0.70230309 0.64086286],2,3,"[0.6601234827680622, 0.6109507568947781]",1,-1
41515,[0.65912013 0.59016125],3,3,"[0.6601234827680622, 0.6109507568947781]",1,-1
41516,[0.35878809 0.19059486],1,2,"[0.294379027732062, 0.1921773781634303]",0,0
41517,[0.28144644 0.22080271],1,2,"[0.294379027732062, 0.1921773781634303]",0,0
41518,[0.23642449 0.11413383],1,-1,-1,0,0
41519,[0.62671568 0.62819862],3,3,"[0.6601234827680622, 0.6109507568947781]",1,-1
41520,[0.27945401 0.15147703],1,2,"[0.294379027732062, 0.1921773781634303]",0,0
41521,[0.84010881 0.67336944],2,0,"[0.7890750777399501, 0.6799557517006445]",1,-1
41522,[0.36648135 0.59216759],0,1,"[0.37965276877051146, 0.575157747726818]",1,-1
41523,[0.30595722 0.56402346],0,-1,-1,1,-1
41524,[0.64602133 0.60498621],3,3,"[0.6601234827680622, 0.6109507568947781]",1,-1
41525,[0.22917279 0.19494801],1,2,"[0.294379027732062, 0.1921773781634303]",0,0
41526,[0.75767712 0.70118407],2,0,"[0.7890750777399501, 0.6799557517006445]",1,-1
41527,[0.3783648  0.57978808],0,1,"[0.37965276877051146, 0.575157747726818]",1,-1
41528,[0.71696609 0.54854967],3,-1,-1,1,-1
41529,[0.78214303 0.68562639],2,0,"[0.7890750777399501, 0.6799557517006445]",1,-1
41530,[0.30544416 0.15927505],1,2,"[0.294379027732062, 0.1921773781634303]",0,0
41531,[0.31671864 0.16059716],1,2,"[0.294379027732062, 0.1921773781634303]",0,0
41532,[0.38563743 0.55210784],0,1,"[0.37965276877051146, 0.575157747726818]",1,-1
41533,[0.27664006 0.15683526],1,2,"[0.294379027732062, 0.1921773781634303]",0,0
41534,[0.40907343 0.54814426],0,1,"[0.37965276877051146, 0.575157747726818]",1,-1
41535,[0.30418725 0.18928504],1,2,"[0.294379027732062, 0.1921773781634303]",0,0
41536,[0.25519797 0.20259432],1,2,"[0.294379027732062, 0.1921773781634303]",0,0
41537,[0.7962794  0.66883219],2,0,"[0.7890750777399501, 0.6799557517006445]",1,4
41538,[0.39616004 0.58731072],0,1,"[0.37965276877051146, 0.575157747726818]",1,-1
41539,[0.59583081 0.63857948],3,3,"[0.6601234827680622, 0.6109507568947781]",1,-1
41540,[0.70406729 0.60653089],3,3,"[0.6601234827680622, 0.6109507568947781]",1,-1
41541,[0.70839966 0.62677069],3,3,"[0.6601234827680622, 0.6109507568947781]",1,-1
41542,[0.41909867 0.53279818],0,1,"[0.37965276877051146, 0.575157747726818]",1,-1
41543,[0.2930005 0.5366378],0,-1,-1,1,-1
41544,[0.83927986 0.80832849],2,-1,-1,1,-1
41545,[0.31869085 0.17946424],1,2,"[0.294379027732062, 0.1921773781634303]",0,0
41546,[0.76434683 0.69383242],2,0,"[0.7890750777399501, 0.6799557517006445]",1,-1
41547,[0.38098012 0.57579546],0,1,"[0.37965276877051146, 0.575157747726818]",1,-1
41548,[0.37144712 0.60907633],0,1,"[0.37965276877051146, 0.575157747726818]",1,-1
41549,[0.69705626 0.55562141],3,3,"[0.6601234827680622, 0.6109507568947781]",1,-1
41550,[0.64527377 0.54052745],3,-1,-1,1,-1
41551,[0.67183619 0.62090856],3,3,"[0.6601234827680622, 0.6109507568947781]",1,7
41552,[0.1860381  0.18577185],1,-1,-1,0,0
41553,[0.64771154 0.63493164],3,3,"[0.6601234827680622, 0.6109507568947781]",1,-1
41554,[0.31441486 0.1968988 ],1,2,"[0.294379027732062, 0.1921773781634303]",0,0
41555,[0.7604175  0.64799595],2,0,"[0.7890750777399501, 0.6799557517006445]",1,-1
41556,[0.76100053 0.68816545],2,0,"[0.7890750777399501, 0.6799557517006445]",1,4
41557,[0.79952483 0.59205974],2,-1,-1,1,-1
41558,[0.78155971 0.70786622],2,0,"[0.7890750777399501, 0.6799557517006445]",1,-1
41559,[0.69039585 0.57121423],3,3,"[0.6601234827680622, 0.6109507568947781]",1,-1
41560,[0.80789203 0.60228314],2,-1,-1,1,-1
41561,[0.33875822 0.63124987],0,1,"[0.37965276877051146, 0.575157747726818]",1,-1
41562,[0.8280103  0.70108527],2,0,"[0.7890750777399501, 0.6799557517006445]",1,-1
41563,[0.32225084 0.26735591],1,-1,-1,0,0
41564,[0.8010721  0.75350004],2,-1,-1,1,-1
41565,[0.78756857 0.6507019 ],2,0,"[0.7890750777399501, 0.6799557517006445]",1,-1
41566,[0.1836056  0.17535046],1,-1,-1,0,0
41567,[0.7466314  0.76111452],2,-1,-1,1,-1
41568,[0.51192225 0.55699659],0,-1,-1,1,-1
41569,[0.6662594  0.57295906],3,3,"[0.6601234827680622, 0.6109507568947781]",1,-1
41570,[0.39636306 0.62290562],0,1,"[0.37965276877051146, 0.575157747726818]",1,-1
41571,[0.5683848  0.67877839],3,-1,-1,1,-1
41572,[0.69377538 0.58505877],3,3,"[0.6601234827680622, 0.6109507568947781]",1,-1
41573,[0.6638479  0.54180738],3,3,"[0.6601234827680622, 0.6109507568947781]",1,-1
41574,[0.63578439 0.62424892],3,3,"[0.6601234827680622, 0.6109507568947781]",1,-1
41575,[0.33609507 0.60050675],0,1,"[0.37965276877051146, 0.575157747726818]",1,-1
41576,[0.6684929  0.65334877],3,3,"[0.6601234827680622, 0.6109507568947781]",1,-1
41577,[0.39668896 0.55947199],0,1,"[0.37965276877051146, 0.575157747726818]",1,-1
41578,[0.67740735 0.6938585 ],3,-1,-1,1,-1
41579,[0.8255018  0.79387654],2,-1,-1,1,-1
41580,[0.79691273 0.60391732],2,-1,-1,1,-1
41581,[0.70597789 0.6181962 ],3,3,"[0.6601234827680622, 0.6109507568947781]",1,-1
41582,[0.69051699 0.72134432],2,-1,-1,1,-1
41583,[0.28748199 0.18210331],1,2,"[0.294379027732062, 0.1921773781634303]",0,0
41584,[0.83662885 0.6918922 ],2,0,"[0.7890750777399501, 0.6799557517006445]",1,-1
41585,[0.39248892 0.5356189 ],0,1,"[0.37965276877051146, 0.575157747726818]",1,-1
41586,[0.73020879 0.69004799],2,0,"[0.7890750777399501, 0.6799557517006445]",1,-1
41587,[0.80233856 0.67092204],2,0,"[0.7890750777399501, 0.6799557517006445]",1,4
41588,[0.47380242 0.51700657],0,-1,-1,1,-1
41589,[0.70987743 0.61699611],3,3,"[0.6601234827680622, 0.6109507568947781]",1,-1
41590,[0.73121384 0.5884381 ],2,-1,-1,1,-1
41591,[0.36737624 0.56040066],0,1,"[0.37965276877051146, 0.575157747726818]",1,-1
41592,[0.82486093 0.60271805],2,-1,-1,1,-1
41593,[0.36114543 0.1686076 ],1,-1,-1,0,0
41594,[0.24170899 0.24836287],1,-1,-1,0,0
41595,[0.7618626  0.70432917],2,0,"[0.7890750777399501, 0.6799557517006445]",1,-1
41596,[0.262973   0.16302596],1,2,"[0.294379027732062, 0.1921773781634303]",0,0
41597,[0.71039587 0.65439465],3,3,"[0.6601234827680622, 0.6109507568947781]",1,-1
41598,[0.42213152 0.5294836 ],0,1,"[0.37965276877051146, 0.575157747726818]",1,-1
41599,[0.32977273 0.20310823],1,2,"[0.294379027732062, 0.1921773781634303]",0,0
41600,[0.70219543 0.6029247 ],3,3,"[0.6601234827680622, 0.6109507568947781]",1,-1
41601,[0.269688   0.25457372],1,2,"[0.294379027732062, 0.1921773781634303]",0,0
41602,[0.60402293 0.62806545],3,3,"[0.6601234827680622, 0.6109507568947781]",1,-1
41603,[0.87644302 0.70122994],2,-1,-1,1,-1
41604,[0.82199075 0.63929804],2,0,"[0.7890750777399501, 0.6799557517006445]",1,-1
41605,[0.8671559 0.6032775],2,-1,-1,1,-1
41606,[0.79424047 0.69371778],2,0,"[0.7890750777399501, 0.6799557517006445]",1,-1
41607,[0.7147652  0.60188172],3,3,"[0.6601234827680622, 0.6109507568947781]",1,-1
41608,[0.67880317 0.58641001],3,3,"[0.6601234827680622, 0.6109507568947781]",1,-1
41609,[0.38366512 0.59968321],0,1,"[0.37965276877051146, 0.575157747726818]",1,-1
41610,[0.21721031 0.15534202],1,-1,-1,0,0
41611,[0.81187838 0.72767073],2,0,"[0.7890750777399501, 0.6799557517006445]",1,-1
41612,[0.59745188 0.63410969],3,3,"[0.6601234827680622, 0.6109507568947781]",1,-1
41613,[0.82486979 0.71451917],2,0,"[0.7890750777399501, 0.6799557517006445]",1,-1
41614,[0.70345391 0.64655767],3,3,"[0.6601234827680622, 0.6109507568947781]",1,-1
41615,[0.28190406 0.18538427],1,2,"[0.294379027732062, 0.1921773781634303]",0,0
41616,[0.26725504 0.24917358],1,2,"[0.294379027732062, 0.1921773781634303]",0,0
41617,[0.73817181 0.62844396],3,-1,-1,1,-1
41618,[0.2840928  0.24821562],1,2,"[0.294379027732062, 0.1921773781634303]",0,0
41619,[0.42261265 0.52191948],0,1,"[0.37965276877051146, 0.575157747726818]",1,-1
41620,[0.83844783 0.71204722],2,0,"[0.7890750777399501, 0.6799557517006445]",1,-1
41621,[0.35877372 0.64002045],0,1,"[0.37965276877051146, 0.575157747726818]",1,-1
41622,[0.70216643 0.59933171],3,3,"[0.6601234827680622, 0.6109507568947781]",1,-1
41623,[0.66214668 0.58578827],3,3,"[0.6601234827680622, 0.6109507568947781]",1,6
41624,[0.22650596 0.15641355],1,-1,-1,0,0
41625,[0.79021341 0.74110424],2,0,"[0.7890750777399501, 0.6799557517006445]",1,-1
41626,[0.40736189 0.4719781 ],0,-1,-1,1,-1
41627,[0.3404424  0.22099916],1,2,"[0.294379027732062, 0.1921773781634303]",0,0
41628,[0.58400655 0.6828307 ],3,-1,-1,1,-1
41629,[0.35720869 0.20295159],1,2,"[0.294379027732062, 0.1921773781634303]",0,0
41630,[0.79140672 0.63346118],2,0,"[0.7890750777399501, 0.6799557517006445]",1,-1
41631,[0.3315546  0.15275775],1,2,"[0.294379027732062, 0.1921773781634303]",0,0
41632,[0.40242203 0.66226886],0,-1,-1,1,-1
41633,[0.30807931 0.22996312],1,2,"[0.294379027732062, 0.1921773781634303]",0,0
41634,[0.6818855  0.69647167],3,-1,-1,1,-1
41635,[0.65917386 0.58114466],3,3,"[0.6601234827680622, 0.6109507568947781]",1,-1
41636,[0.6139875  0.67774412],3,-1,-1,1,-1
41637,[0.39324657 0.54375707],0,1,"[0.37965276877051146, 0.575157747726818]",1,-1
41638,[0.6171875  0.57150303],3,3,"[0.6601234827680622, 0.6109507568947781]",1,-1
41639,[0.24051544 0.10669568],1,-1,-1,0,0
41640,[0.69122769 0.60819836],3,3,"[0.6601234827680622, 0.6109507568947781]",1,-1
41641,[0.68634841 0.67815341],2,-1,-1,1,-1
41642,[0.73537981 0.63482291],2,-1,-1,1,-1
41643,[0.61931962 0.65849461],3,3,"[0.6601234827680622, 0.6109507568947781]",1,-1
41644,[0.30212644 0.22670008],1,2,"[0.294379027732062, 0.1921773781634303]",0,0
41645,[0.70577626 0.64987038],3,3,"[0.6601234827680622, 0.6109507568947781]",1,-1
41646,[0.24332232 0.14306241],1,-1,-1,0,0
41647,[0.42518989 0.54743339],0,1,"[0.37965276877051146, 0.575157747726818]",1,-1
41648,[0.75575151 0.6963241 ],2,0,"[0.7890750777399501, 0.6799557517006445]",1,-1
41649,[0.64066871 0.70446615],3,-1,-1,1,-1
41650,[0.84128441 0.68841127],2,0,"[0.7890750777399501, 0.6799557517006445]",1,-1
41651,[0.36643263 0.71629827],0,-1,-1,1,-1
41652,[0.65553181 0.54873354],3,3,"[0.6601234827680622, 0.6109507568947781]",1,-1
41653,[0.40143677 0.56803798],0,1,"[0.37965276877051146, 0.575157747726818]",1,2
41654,[0.45722029 0.58383466],0,-1,-1,1,-1
41655,[0.66936086 0.66331132],3,3,"[0.6601234827680622, 0.6109507568947781]",1,-1
41656,[0.90189028 0.73380354],2,-1,-1,1,-1
41657,[0.26757556 0.21074685],1,2,"[0.294379027732062, 0.1921773781634303]",0,0
41658,[0.31901136 0.18579508],1,2,"[0.294379027732062, 0.1921773781634303]",0,0
41659,[0.42660365 0.6016729 ],0,1,"[0.37965276877051146, 0.575157747726818]",1,-1
41660,[0.20194283 0.18984629],1,-1,-1,0,0
41661,[0.30572045 0.22525885],1,2,"[0.294379027732062, 0.1921773781634303]",0,0
41662,[0.67352271 0.66787411],3,3,"[0.6601234827680622, 0.6109507568947781]",1,-1
41663,[0.66126728 0.56378578],3,3,"[0.6601234827680622, 0.6109507568947781]",1,-1
41664,[0.35657757 0.64898535],0,-1,-1,1,-1
41665,[0.42503425 0.53386277],0,1,"[0.37965276877051146, 0.575157747726818]",1,-1
41666,[0.28862701 0.21115622],1,2,"[0.294379027732062, 0.1921773781634303]",0,0
41667,[0.59171416 0.74884569],3,-1,-1,1,-1
41668,[0.68015407 0.62427819],2,3,"[0.6601234827680622, 0.6109507568947781]",1,-1
41669,[0.40066912 0.56394981],0,1,"[0.37965276877051146, 0.575157747726818]",1,2
41670,[0.67963674 0.58722758],3,3,"[0.6601234827680622, 0.6109507568947781]",1,-1
41671,[0.42206932 0.52731054],0,1,"[0.37965276877051146, 0.575157747726818]",1,-1
41672,[0.42333749 0.52747801],0,1,"[0.37965276877051146, 0.575157747726818]",1,-1
41673,[0.82805761 0.66500692],2,0,"[0.7890750777399501, 0.6799557517006445]",1,-1
41674,[0.70857005 0.75778496],2,-1,-1,1,-1
41675,[0.30930484 0.16477493],1,2,"[0.294379027732062, 0.1921773781634303]",0,0
41676,[0.72010375 0.69808947],2,-1,-1,1,-1
41677,[0.80758011 0.61074749],2,-1,-1,1,-1
41678,[0.77279026 0.69773581],2,0,"[0.7890750777399501, 0.6799557517006445]",1,-1
41679,[0.28629746 0.19291031],1,2,"[0.294379027732062, 0.1921773781634303]",0,0
41680,[0.72660664 0.63202832],3,3,"[0.6601234827680622, 0.6109507568947781]",1,-1
41681,[0.54141174 0.64184509],0,-1,-1,1,-1
41682,[0.70647573 0.66697452],3,-1,-1,1,-1
41683,[0.73772277 0.55521496],3,-1,-1,1,-1
41684,[0.39528194 0.6236471 ],0,1,"[0.37965276877051146, 0.575157747726818]",1,-1
41685,[0.25693878 0.22284137],1,2,"[0.294379027732062, 0.1921773781634303]",0,0
41686,[0.58929893 0.66602322],3,-1,-1,1,-1
41687,[0.85437994 0.69480429],2,0,"[0.7890750777399501, 0.6799557517006445]",1,-1
41688,[0.76947859 0.67769761],2,0,"[0.7890750777399501, 0.6799557517006445]",1,-1
41689,[0.340961   0.23101328],1,2,"[0.294379027732062, 0.1921773781634303]",0,0
41690,[0.35475966 0.48508667],0,-1,-1,1,-1
41691,[0.37328841 0.66830672],0,-1,-1,1,-1
41692,[0.80171691 0.67862291],2,0,"[0.7890750777399501, 0.6799557517006445]",1,-1
41693,[0.22897353 0.24392097],1,-1,-1,0,0
41694,[0.26856409 0.19733346],1,2,"[0.294379027732062, 0.1921773781634303]",0,0
41695,[0.72865146 0.56761559],3,-1,-1,1,-1
41696,[0.79586416 0.63796634],2,0,"[0.7890750777399501, 0.6799557517006445]",1,-1
41697,[0.27570064 0.568955  ],0,-1,-1,1,-1
41698,[0.30992894 0.19482348],1,2,"[0.294379027732062, 0.1921773781634303]",0,0
41699,[0.22762473 0.16889728],1,-1,-1,0,0
41700,[0.35022776 0.59359604],0,1,"[0.37965276877051146, 0.575157747726818]",1,-1
41701,[0.72541061 0.62400723],3,3,"[0.6601234827680622, 0.6109507568947781]",1,-1
41702,[0.46311935 0.58265065],0,-1,-1,1,-1
41703,[0.73022547 0.63286576],2,-1,-1,1,-1
41704,[0.78738021 0.74032315],2,0,"[0.7890750777399501, 0.6799557517006445]",1,-1
41705,[0.69074903 0.67882364],3,-1,-1,1,-1
41706,[0.23986655 0.17916352],1,2,"[0.294379027732062, 0.1921773781634303]",0,0
41707,[0.3865859  0.49977149],0,-1,-1,1,-1
41708,[0.37281807 0.13410116],1,-1,-1,0,0
41709,[0.61936951 0.6543493 ],3,3,"[0.6601234827680622, 0.6109507568947781]",1,-1
41710,[0.73698226 0.681057  ],3,0,"[0.7890750777399501, 0.6799557517006445]",1,-1
41711,[0.46303882 0.66082535],0,-1,-1,1,-1
41712,[0.79828952 0.61015559],2,-1,-1,1,-1
41713,[0.35159555 0.58826432],0,1,"[0.37965276877051146, 0.575157747726818]",1,-1
41714,[0.37650848 0.59328101],0,1,"[0.37965276877051146, 0.575157747726818]",1,-1
41715,[0.75845506 0.76078783],2,-1,-1,1,-1
41716,[0.66309461 0.64669083],3,3,"[0.6601234827680622, 0.6109507568947781]",1,-1
41717,[0.4515817  0.64944396],0,-1,-1,1,-1
41718,[0.64156323 0.55988838],3,3,"[0.6601234827680622, 0.6109507568947781]",1,-1
41719,[0.90329639 0.67699589],2,-1,-1,1,-1
41720,[0.85604557 0.68506665],2,0,"[0.7890750777399501, 0.6799557517006445]",1,-1
41721,[0.33366738 0.20710215],1,2,"[0.294379027732062, 0.1921773781634303]",0,0
41722,[0.41337595 0.52740253],0,1,"[0.37965276877051146, 0.575157747726818]",1,-1
41723,[0.32041471 0.13735056],1,2,"[0.294379027732062, 0.1921773781634303]",0,0
41724,[0.86235241 0.67604778],2,-1,-1,1,-1
41725,[0.89500622 0.67399529],2,-1,-1,1,-1
41726,[0.22751782 0.63154836],0,-1,-1,1,-1
41727,[0.3528106  0.56730851],0,1,"[0.37965276877051146, 0.575157747726818]",1,-1
41728,[0.68130154 0.56602303],3,3,"[0.6601234827680622, 0.6109507568947781]",1,-1
41729,[0.86910007 0.70689498],2,-1,-1,1,-1
41730,[0.30727145 0.64107986],0,-1,-1,1,-1
41731,[0.68669778 0.70110783],2,-1,-1,1,-1
41732,[0.71359046 0.78699745],2,-1,-1,1,-1
41733,[0.85673795 0.71193546],2,-1,-1,1,-1
41734,[0.77351416 0.64810833],3,0,"[0.7890750777399501, 0.6799557517006445]",1,-1
41735,[0.35026205 0.56838632],0,1,"[0.37965276877051146, 0.575157747726818]",1,-1
41736,[0.42388374 0.55748537],0,1,"[0.37965276877051146, 0.575157747726818]",1,-1
41737,[0.79882639 0.67356572],2,0,"[0.7890750777399501, 0.6799557517006445]",1,4
41738,[0.80818156 0.7085451 ],2,0,"[0.7890750777399501, 0.6799557517006445]",1,-1
41739,[0.31644805 0.58869075],0,1,"[0.37965276877051146, 0.575157747726818]",1,-1
41740,[0.72731565 0.70076004],3,0,"[0.7890750777399501, 0.6799557517006445]",1,-1
41741,[0.40967082 0.61842762],0,1,"[0.37965276877051146, 0.575157747726818]",1,-1
41742,[0.78045333 0.63927145],2,0,"[0.7890750777399501, 0.6799557517006445]",1,-1
41743,[0.64423433 0.61069407],3,3,"[0.6601234827680622, 0.6109507568947781]",1,6
41744,[0.6507176 0.5881363],3,3,"[0.6601234827680622, 0.6109507568947781]",1,-1
41745,[0.69814554 0.65026129],3,3,"[0.6601234827680622, 0.6109507568947781]",1,-1
41746,[0.74851551 0.60327467],3,-1,-1,1,-1
41747,[0.32048016 0.22235037],1,2,"[0.294379027732062, 0.1921773781634303]",0,0
41748,[0.34863941 0.58126679],0,1,"[0.37965276877051146, 0.575157747726818]",1,-1
41749,[0.2947472 0.6009774],0,-1,-1,1,-1
41750,[0.38600484 0.58725916],0,1,"[0.37965276877051146, 0.575157747726818]",1,-1
41751,[0.41368268 0.62045781],0,1,"[0.37965276877051146, 0.575157747726818]",1,-1
41752,[0.63482614 0.57427183],3,3,"[0.6601234827680622, 0.6109507568947781]",1,-1
41753,[0.3213935  0.59133636],0,1,"[0.37965276877051146, 0.575157747726818]",1,-1
41754,[0.22813652 0.14651624],1,-1,-1,0,0
41755,[0.34833496 0.11524763],1,-1,-1,0,0
41756,[0.34611326 0.55053204],0,1,"[0.37965276877051146, 0.575157747726818]",1,-1
41757,[0.30633228 0.54062626],0,-1,-1,1,-1
41758,[0.35909849 0.55971736],0,1,"[0.37965276877051146, 0.575157747726818]",1,-1
41759,[0.66147632 0.67825242],3,3,"[0.6601234827680622, 0.6109507568947781]",1,-1
41760,[0.81395406 0.69245718],2,0,"[0.7890750777399501, 0.6799557517006445]",1,-1
41761,[0.29052806 0.26890445],1,-1,-1,0,0
41762,[0.64810575 0.53023535],3,-1,-1,1,-1
41763,[0.84161798 0.66814723],2,0,"[0.7890750777399501, 0.6799557517006445]",1,-1
41764,[0.74265951 0.61513759],3,-1,-1,1,-1
41765,[0.32474323 0.57557724],0,1,"[0.37965276877051146, 0.575157747726818]",1,-1
41766,[0.65339296 0.60669002],3,3,"[0.6601234827680622, 0.6109507568947781]",1,-1
41767,[0.2844051  0.63592245],0,-1,-1,1,-1
41768,[0.79309922 0.71224535],2,0,"[0.7890750777399501, 0.6799557517006445]",1,-1
41769,[0.29400501 0.16415138],1,2,"[0.294379027732062, 0.1921773781634303]",0,0
41770,[0.66615551 0.68734915],3,-1,-1,1,-1
41771,[0.73010849 0.59166489],3,-1,-1,1,-1
41772,[0.79011385 0.72107256],3,0,"[0.7890750777399501, 0.6799557517006445]",1,-1
41773,[0.28784869 0.51623718],0,-1,-1,1,-1
41774,[0.69550353 0.61101175],3,3,"[0.6601234827680622, 0.6109507568947781]",1,-1
41775,[0.78261353 0.66688584],2,0,"[0.7890750777399501, 0.6799557517006445]",1,3
41776,[0.72589415 0.64923053],3,-1,-1,1,-1
41777,[0.74053558 0.73875295],2,-1,-1,1,-1
41778,[0.78490069 0.62052789],2,0,"[0.7890750777399501, 0.6799557517006445]",1,-1
41779,[0.69726783 0.64170969],3,3,"[0.6601234827680622, 0.6109507568947781]",1,-1
41780,[0.66802626 0.60617961],3,3,"[0.6601234827680622, 0.6109507568947781]",1,-1
41781,[0.38592788 0.53596832],0,1,"[0.37965276877051146, 0.575157747726818]",1,-1
41782,[0.67894161 0.72217259],2,-1,-1,1,-1
41783,[0.26523549 0.23437657],1,2,"[0.294379027732062, 0.1921773781634303]",0,0
41784,[0.68237522 0.66780938],3,3,"[0.6601234827680622, 0.6109507568947781]",1,-1
41785,[0.7089872 0.646168 ],3,3,"[0.6601234827680622, 0.6109507568947781]",1,-1
41786,[0.55096525 0.58470506],3,-1,-1,1,-1
41787,[0.82450289 0.67514216],2,0,"[0.7890750777399501, 0.6799557517006445]",1,-1
41788,[0.69223374 0.59633859],3,3,"[0.6601234827680622, 0.6109507568947781]",1,-1
41789,[0.84267405 0.65726219],2,0,"[0.7890750777399501, 0.6799557517006445]",1,-1
41790,[0.38407668 0.22674341],1,-1,-1,0,0
41791,[0.37597455 0.57127143],0,1,"[0.37965276877051146, 0.575157747726818]",1,1
41792,[0.23702338 0.15969649],1,2,"[0.294379027732062, 0.1921773781634303]",0,0
41793,[0.8384457  0.69399352],2,0,"[0.7890750777399501, 0.6799557517006445]",1,-1
41794,[0.47432928 0.61183064],0,-1,-1,1,-1
41795,[0.28270798 0.17518165],1,2,"[0.294379027732062, 0.1921773781634303]",0,0
41796,[0.75697837 0.67694839],2,0,"[0.7890750777399501, 0.6799557517006445]",1,-1
41797,[0.2940852  0.10211903],1,-1,-1,0,0
41798,[0.59673417 0.58948022],3,3,"[0.6601234827680622, 0.6109507568947781]",1,-1
41799,[0.76505252 0.66955704],2,0,"[0.7890750777399501, 0.6799557517006445]",1,-1
41800,[0.65974626 0.6194876 ],3,3,"[0.6601234827680622, 0.6109507568947781]",1,7
41801,[0.34197727 0.15533234],1,2,"[0.294379027732062, 0.1921773781634303]",0,0
41802,[0.29170964 0.20921781],1,2,"[0.294379027732062, 0.1921773781634303]",0,0
41803,[0.27451879 0.13105484],1,2,"[0.294379027732062, 0.1921773781634303]",0,0
41804,[0.45906412 0.57907921],0,-1,-1,1,-1
41805,[0.77399115 0.68922672],2,0,"[0.7890750777399501, 0.6799557517006445]",1,-1
41806,[0.80871794 0.69086169],2,0,"[0.7890750777399501, 0.6799557517006445]",1,-1
41807,[0.75397758 0.60693719],2,-1,-1,1,-1
41808,[0.33806128 0.13331388],1,-1,-1,0,0
41809,[0.34464631 0.65894868],0,-1,-1,1,-1
41810,[0.33166356 0.66946329],0,-1,-1,1,-1
41811,[0.63645689 0.64560719],3,3,"[0.6601234827680622, 0.6109507568947781]",1,-1
41812,[0.66293834 0.57560821],3,3,"[0.6601234827680622, 0.6109507568947781]",1,-1
41813,[0.28218306 0.2339399 ],1,2,"[0.294379027732062, 0.1921773781634303]",0,0
41814,[0.79604384 0.80936194],2,-1,-1,1,-1
41815,[0.8057505  0.69433891],2,0,"[0.7890750777399501, 0.6799557517006445]",1,-1
41816,[0.40950765 0.67542554],0,-1,-1,1,-1
41817,[0.68129102 0.61248679],3,3,"[0.6601234827680622, 0.6109507568947781]",1,-1
41818,[0.24963159 0.19736985],1,2,"[0.294379027732062, 0.1921773781634303]",0,0
41819,[0.40288131 0.59383952],0,1,"[0.37965276877051146, 0.575157747726818]",1,-1
41820,[0.83569796 0.70453363],2,0,"[0.7890750777399501, 0.6799557517006445]",1,-1
41821,[0.31644412 0.55967767],0,1,"[0.37965276877051146, 0.575157747726818]",1,-1
41822,[0.31208617 0.14181029],1,2,"[0.294379027732062, 0.1921773781634303]",0,0
41823,[0.7069249  0.56281397],3,3,"[0.6601234827680622, 0.6109507568947781]",1,-1
41824,[0.39342698 0.56703504],0,1,"[0.37965276877051146, 0.575157747726818]",1,-1
41825,[0.30074167 0.2012157 ],1,2,"[0.294379027732062, 0.1921773781634303]",0,0
41826,[0.37544595 0.23854882],1,-1,-1,0,0
41827,[0.82056607 0.63055844],2,0,"[0.7890750777399501, 0.6799557517006445]",1,-1
41828,[0.7623031  0.74376081],2,0,"[0.7890750777399501, 0.6799557517006445]",1,-1
41829,[0.7867873  0.76240259],2,-1,-1,1,-1
41830,[0.69742742 0.62856097],3,3,"[0.6601234827680622, 0.6109507568947781]",1,-1
41831,[0.64911907 0.68624184],3,-1,-1,1,-1
41832,[0.69468979 0.64148764],3,3,"[0.6601234827680622, 0.6109507568947781]",1,-1
41833,[0.82322064 0.59407388],2,-1,-1,1,-1
41834,[0.39965525 0.54248252],0,1,"[0.37965276877051146, 0.575157747726818]",1,-1
41835,[0.78794927 0.63332687],2,0,"[0.7890750777399501, 0.6799557517006445]",1,-1
41836,[0.67868438 0.77344353],2,-1,-1,1,-1
41837,[0.65678629 0.61082212],3,3,"[0.6601234827680622, 0.6109507568947781]",1,-1
41838,[0.25194912 0.16135742],1,2,"[0.294379027732062, 0.1921773781634303]",0,0
41839,[0.20983311 0.13665117],1,-1,-1,0,0
41840,[0.33545478 0.59984719],0,1,"[0.37965276877051146, 0.575157747726818]",1,-1
41841,[0.28398646 0.15891138],1,2,"[0.294379027732062, 0.1921773781634303]",0,0
41842,[0.28945924 0.21552575],1,2,"[0.294379027732062, 0.1921773781634303]",0,0
41843,[0.51256708 0.66909459],3,-1,-1,1,-1
41844,[0.33139157 0.56746954],0,1,"[0.37965276877051146, 0.575157747726818]",1,-1
41845,[0.3898204  0.58000168],0,1,"[0.37965276877051146, 0.575157747726818]",1,-1
41846,[0.45314189 0.60071327],0,-1,-1,1,-1
41847,[0.37981279 0.56582755],0,1,"[0.37965276877051146, 0.575157747726818]",1,-1
41848,[0.28350081 0.15711197],1,2,"[0.294379027732062, 0.1921773781634303]",0,0
41849,[0.35166464 0.18684072],1,2,"[0.294379027732062, 0.1921773781634303]",0,0
41850,[0.70396312 0.57184797],3,3,"[0.6601234827680622, 0.6109507568947781]",1,-1
41851,[0.75901672 0.7109843 ],2,0,"[0.7890750777399501, 0.6799557517006445]",1,-1
41852,[0.64806923 0.64296456],3,3,"[0.6601234827680622, 0.6109507568947781]",1,-1
41853,[0.61486659 0.63018012],3,3,"[0.6601234827680622, 0.6109507568947781]",1,-1
41854,[0.69539496 0.72096605],2,-1,-1,1,-1
41855,[0.8371599 0.6650266],2,0,"[0.7890750777399501, 0.6799557517006445]",1,-1
41856,[0.39009236 0.59075848],0,1,"[0.37965276877051146, 0.575157747726818]",1,-1
41857,[0.27956471 0.23952382],1,2,"[0.294379027732062, 0.1921773781634303]",0,0
41858,[0.31223005 0.25179365],1,2,"[0.294379027732062, 0.1921773781634303]",0,0
41859,[0.74860865 0.68922231],3,0,"[0.7890750777399501, 0.6799557517006445]",1,-1
41860,[0.25503875 0.12671325],1,-1,-1,0,0
41861,[0.19266398 0.1361648 ],1,-1,-1,0,0
41862,[0.73600194 0.59163817],3,-1,-1,1,-1
41863,[0.22640909 0.21525113],1,-1,-1,0,0
41864,[0.27269488 0.20323501],1,2,"[0.294379027732062, 0.1921773781634303]",0,0
41865,[0.79649216 0.65449104],2,0,"[0.7890750777399501, 0.6799557517006445]",1,-1
41866,[0.5514531  0.64659381],3,-1,-1,1,-1
41867,[0.81603122 0.60728946],2,-1,-1,1,-1
41868,[0.41741306 0.62498298],0,1,"[0.37965276877051146, 0.575157747726818]",1,-1
41869,[0.62741366 0.60398323],3,3,"[0.6601234827680622, 0.6109507568947781]",1,-1
41870,[0.38999015 0.64498982],0,-1,-1,1,-1
41871,[0.47618052 0.56849879],0,-1,-1,1,-1
41872,[0.36330517 0.55672799],0,1,"[0.37965276877051146, 0.575157747726818]",1,1
41873,[0.61034288 0.67887946],3,-1,-1,1,-1
41874,[0.69184571 0.5669345 ],3,3,"[0.6601234827680622, 0.6109507568947781]",1,-1
41875,[0.26429451 0.21316385],1,2,"[0.294379027732062, 0.1921773781634303]",0,0
41876,[0.74361883 0.78010765],2,-1,-1,1,-1
41877,[0.67064635 0.55050853],3,3,"[0.6601234827680622, 0.6109507568947781]",1,-1
41878,[0.81340572 0.75444892],2,-1,-1,1,-1
41879,[0.41711333 0.64024415],0,-1,-1,1,-1
41880,[0.33353167 0.17313743],1,2,"[0.294379027732062, 0.1921773781634303]",0,0
41881,[0.89012996 0.69201376],2,-1,-1,1,-1
41882,[0.33025028 0.57749573],0,1,"[0.37965276877051146, 0.575157747726818]",1,-1
41883,[0.31648797 0.11251178],1,-1,-1,0,0
41884,[0.19772445 0.16158041],1,-1,-1,0,0
41885,[0.70279961 0.57177811],3,3,"[0.6601234827680622, 0.6109507568947781]",1,-1
41886,[0.25684296 0.17248088],1,2,"[0.294379027732062, 0.1921773781634303]",0,0
41887,[0.3808221  0.22674542],1,-1,-1,0,0
41888,[0.35084984 0.22844692],1,2,"[0.294379027732062, 0.1921773781634303]",0,0
41889,[0.66521375 0.59277243],3,3,"[0.6601234827680622, 0.6109507568947781]",1,-1
41890,[0.7418367  0.66102522],2,0,"[0.7890750777399501, 0.6799557517006445]",1,-1
41891,[0.39617951 0.54330151],0,1,"[0.37965276877051146, 0.575157747726818]",1,-1
41892,[0.85465765 0.66217326],2,0,"[0.7890750777399501, 0.6799557517006445]",1,-1
41893,[0.72135772 0.56987206],3,-1,-1,1,-1
41894,[0.37904867 0.67522938],0,-1,-1,1,-1
41895,[0.84979123 0.65596194],2,0,"[0.7890750777399501, 0.6799557517006445]",1,-1
41896,[0.67820926 0.68235966],3,-1,-1,1,-1
41897,[0.39006569 0.56838189],0,1,"[0.37965276877051146, 0.575157747726818]",1,-1
41898,[0.64920038 0.57003015],3,3,"[0.6601234827680622, 0.6109507568947781]",1,-1
41899,[0.2970834  0.15069725],1,2,"[0.294379027732062, 0.1921773781634303]",0,0
41900,[0.72063108 0.64418211],3,3,"[0.6601234827680622, 0.6109507568947781]",1,-1
41901,[0.41977618 0.42394068],0,-1,-1,1,-1
41902,[0.3139737  0.24222273],1,2,"[0.294379027732062, 0.1921773781634303]",0,0
41903,[0.80234901 0.78852005],2,-1,-1,1,-1
41904,[0.53824018 0.6168088 ],3,-1,-1,1,-1
41905,[0.78151697 0.7723577 ],2,-1,-1,1,-1
41906,[0.61588373 0.56855641],3,3,"[0.6601234827680622, 0.6109507568947781]",1,-1
41907,[0.67572224 0.46761085],3,-1,-1,1,-1
41908,[0.67213948 0.58118246],3,3,"[0.6601234827680622, 0.6109507568947781]",1,-1
41909,[0.42373338 0.48968737],0,-1,-1,1,-1
41910,[0.29009552 0.1981761 ],1,2,"[0.294379027732062, 0.1921773781634303]",0,0
41911,[0.67712465 0.57697764],3,3,"[0.6601234827680622, 0.6109507568947781]",1,-1
41912,[0.64678597 0.59387055],3,3,"[0.6601234827680622, 0.6109507568947781]",1,-1
41913,[0.3612791  0.61584431],0,1,"[0.37965276877051146, 0.575157747726818]",1,-1
41914,[0.29517761 0.60974212],0,-1,-1,1,-1
41915,[0.37085884 0.54142522],0,1,"[0.37965276877051146, 0.575157747726818]",1,-1
41916,[0.31327803 0.15395187],1,2,"[0.294379027732062, 0.1921773781634303]",0,0
41917,[0.72837587 0.6532601 ],2,0,"[0.7890750777399501, 0.6799557517006445]",1,-1
41918,[0.68946875 0.6708567 ],3,3,"[0.6601234827680622, 0.6109507568947781]",1,-1
41919,[0.63809583 0.62074063],3,3,"[0.6601234827680622, 0.6109507568947781]",1,6
41920,[0.70536745 0.57080316],3,3,"[0.6601234827680622, 0.6109507568947781]",1,-1
41921,[0.39621705 0.61817488],0,1,"[0.37965276877051146, 0.575157747726818]",1,-1
41922,[0.37969923 0.53268152],0,1,"[0.37965276877051146, 0.575157747726818]",1,-1
41923,[0.74654875 0.5926027 ],2,-1,-1,1,-1
41924,[0.81738912 0.70662316],2,0,"[0.7890750777399501, 0.6799557517006445]",1,-1
41925,[0.75435611 0.65236665],2,0,"[0.7890750777399501, 0.6799557517006445]",1,-1
41926,[0.32151793 0.19415788],1,2,"[0.294379027732062, 0.1921773781634303]",0,0
41927,[0.39940756 0.22177617],1,-1,-1,0,0
41928,[0.77772204 0.57175794],2,-1,-1,1,-1
41929,[0.8647141  0.71123703],2,-1,-1,1,-1
41930,[0.7223129  0.72022681],2,-1,-1,1,-1
41931,[0.34148567 0.63400338],0,-1,-1,1,-1
41932,[0.61100223 0.59021903],3,3,"[0.6601234827680622, 0.6109507568947781]",1,-1
41933,[0.80258806 0.74393363],2,0,"[0.7890750777399501, 0.6799557517006445]",1,-1
41934,[0.24894965 0.23236646],1,2,"[0.294379027732062, 0.1921773781634303]",0,0
41935,[0.79068241 0.58861634],2,-1,-1,1,-1
41936,[0.65578806 0.66988119],3,3,"[0.6601234827680622, 0.6109507568947781]",1,-1
41937,[0.41606084 0.64428524],0,-1,-1,1,-1
41938,[0.43125175 0.59673577],0,1,"[0.37965276877051146, 0.575157747726818]",1,-1
41939,[0.34716418 0.20535225],1,2,"[0.294379027732062, 0.1921773781634303]",0,0
41940,[0.84615022 0.74204643],2,-1,-1,1,-1
41941,[0.36960621 0.59102518],0,1,"[0.37965276877051146, 0.575157747726818]",1,-1
41942,[0.42573975 0.58846311],0,1,"[0.37965276877051146, 0.575157747726818]",1,-1
41943,[0.40794526 0.18761741],1,-1,-1,0,0
41944,[0.34068276 0.21629069],1,2,"[0.294379027732062, 0.1921773781634303]",0,0
41945,[0.39963475 0.61367007],0,1,"[0.37965276877051146, 0.575157747726818]",1,-1
41946,[0.5178085  0.62090016],3,-1,-1,1,-1
41947,[0.73457485 0.70303452],2,0,"[0.7890750777399501, 0.6799557517006445]",1,-1
41948,[0.34345007 0.54285758],0,1,"[0.37965276877051146, 0.575157747726818]",1,-1
41949,[0.78196964 0.69553117],2,0,"[0.7890750777399501, 0.6799557517006445]",1,-1
41950,[0.58159397 0.56606096],3,-1,-1,1,-1
41951,[0.33761172 0.1865593 ],1,2,"[0.294379027732062, 0.1921773781634303]",0,0
41952,[0.35700645 0.53073756],0,1,"[0.37965276877051146, 0.575157747726818]",1,-1
41953,[0.71834386 0.54671801],3,-1,-1,1,-1
41954,[0.56873093 0.68515926],3,-1,-1,1,-1
41955,[0.34435245 0.23627524],1,2,"[0.294379027732062, 0.1921773781634303]",0,0
41956,[0.39498753 0.63225084],0,1,"[0.37965276877051146, 0.575157747726818]",1,-1
41957,[0.72720604 0.61250129],3,3,"[0.6601234827680622, 0.6109507568947781]",1,-1
41958,[0.2303158 0.1872383],1,2,"[0.294379027732062, 0.1921773781634303]",0,0
41959,[0.87485886 0.64892484],2,-1,-1,1,-1
41960,[0.73881735 0.59703206],3,-1,-1,1,-1
41961,[0.37847149 0.56467692],0,1,"[0.37965276877051146, 0.575157747726818]",1,-1
41962,[0.81983487 0.56159253],2,-1,-1,1,-1
41963,[0.31887206 0.10718468],1,-1,-1,0,0
41964,[0.73861874 0.73255379],2,-1,-1,1,-1
41965,[0.32076939 0.19152361],1,2,"[0.294379027732062, 0.1921773781634303]",0,0
41966,[0.34411378 0.2389763 ],1,2,"[0.294379027732062, 0.1921773781634303]",0,0
41967,[0.32933176 0.59189162],0,1,"[0.37965276877051146, 0.575157747726818]",1,-1
41968,[0.64825756 0.71146817],3,-1,-1,1,-1
41969,[0.62424697 0.60987474],3,3,"[0.6601234827680622, 0.6109507568947781]",1,-1
41970,[0.36326259 0.5387916 ],0,1,"[0.37965276877051146, 0.575157747726818]",1,-1
41971,[0.25906521 0.19675643],1,2,"[0.294379027732062, 0.1921773781634303]",0,0
41972,[0.85942375 0.69226015],2,-1,-1,1,-1
41973,[0.49775889 0.58626777],0,-1,-1,1,-1
41974,[0.36955795 0.18485707],1,-1,-1,0,0
41975,[0.267385   0.22626891],1,2,"[0.294379027732062, 0.1921773781634303]",0,0
41976,[0.33076695 0.2086472 ],1,2,"[0.294379027732062, 0.1921773781634303]",0,0
41977,[0.73565447 0.61799978],3,-1,-1,1,-1
41978,[0.78325186 0.59252857],2,-1,-1,1,-1
41979,[0.33398451 0.25975955],1,-1,-1,0,0
41980,[0.2626554  0.16420844],1,2,"[0.294379027732062, 0.1921773781634303]",0,0
41981,[0.74917874 0.62311434],2,0,"[0.7890750777399501, 0.6799557517006445]",1,-1
41982,[0.77760873 0.74335325],2,0,"[0.7890750777399501, 0.6799557517006445]",1,-1
41983,[0.36346325 0.66725059],0,-1,-1,1,-1
41984,[0.24901335 0.17367434],1,2,"[0.294379027732062, 0.1921773781634303]",0,0
41985,[0.37293307 0.57981783],0,1,"[0.37965276877051146, 0.575157747726818]",1,1
41986,[0.37859275 0.63431931],0,1,"[0.37965276877051146, 0.575157747726818]",1,-1
41987,[0.35575925 0.11787596],1,-1,-1,0,0
41988,[0.64583292 0.65860801],3,3,"[0.6601234827680622, 0.6109507568947781]",1,-1
41989,[0.26736877 0.19785631],1,2,"[0.294379027732062, 0.1921773781634303]",0,0
41990,[0.8007858  0.65968003],2,0,"[0.7890750777399501, 0.6799557517006445]",1,-1
41991,[0.66630042 0.59657436],3,3,"[0.6601234827680622, 0.6109507568947781]",1,-1
41992,[0.47710809 0.5658913 ],0,-1,-1,1,-1
41993,[0.23548961 0.16168403],1,2,"[0.294379027732062, 0.1921773781634303]",0,0
41994,[0.28032611 0.1836268 ],1,2,"[0.294379027732062, 0.1921773781634303]",0,0
41995,[0.46346987 0.63273259],0,-1,-1,1,-1
41996,[0.25272554 0.24422838],1,2,"[0.294379027732062, 0.1921773781634303]",0,0
41997,[0.38076174 0.22204477],1,-1,-1,0,0
41998,[0.69774812 0.62725965],3,3,"[0.6601234827680622, 0.6109507568947781]",1,7
41999,[0.44707068 0.58852396],0,1,"[0.37965276877051146, 0.575157747726818]",1,-1
42000,[0.64639245 0.71798465],3,-1,-1,1,-1
42001,[0.32926684 0.25789246],1,-1,-1,0,0
42002,[0.76955615 0.72222367],2,0,"[0.7890750777399501, 0.6799557517006445]",1,-1
42003,[0.26819628 0.16586589],1,2,"[0.294379027732062, 0.1921773781634303]",0,0
42004,[0.67998266 0.61521313],3,3,"[0.6601234827680622, 0.6109507568947781]",1,5
42005,[0.67705542 0.69216923],3,-1,-1,1,-1
42006,[0.87116396 0.57497993],2,-1,-1,1,-1
42007,[0.39856323 0.45982119],0,-1,-1,1,-1
42008,[0.21545243 0.24804368],1,-1,-1,0,0
42009,[0.83406568 0.67592392],2,0,"[0.7890750777399501, 0.6799557517006445]",1,-1
42010,[0.73911289 0.66332744],2,0,"[0.7890750777399501, 0.6799557517006445]",1,-1
42011,[0.27015204 0.19144249],1,2,"[0.294379027732062, 0.1921773781634303]",0,0
42012,[0.62761013 0.63882812],3,3,"[0.6601234827680622, 0.6109507568947781]",1,-1
42013,[0.70663821 0.55110817],3,-1,-1,1,-1
42014,[0.855904   0.71861218],2,-1,-1,1,-1
42015,[0.3296026  0.62613557],0,-1,-1,1,-1
42016,[0.27727461 0.12464753],1,2,"[0.294379027732062, 0.1921773781634303]",0,0
42017,[0.40827426 0.59276845],0,1,"[0.37965276877051146, 0.575157747726818]",1,-1
42018,[0.32662902 0.22455793],1,2,"[0.294379027732062, 0.1921773781634303]",0,0
42019,[0.37864935 0.50667805],0,1,"[0.37965276877051146, 0.575157747726818]",1,-1
42020,[0.35918387 0.55903   ],0,1,"[0.37965276877051146, 0.575157747726818]",1,-1
42021,[0.75132765 0.66135133],2,0,"[0.7890750777399501, 0.6799557517006445]",1,-1
42022,[0.60534533 0.54402438],3,-1,-1,1,-1
42023,[0.65756355 0.5893783 ],3,3,"[0.6601234827680622, 0.6109507568947781]",1,-1
42024,[0.73772512 0.62059005],3,-1,-1,1,-1
42025,[0.83715462 0.59328414],2,-1,-1,1,-1
42026,[0.80360825 0.61712378],2,0,"[0.7890750777399501, 0.6799557517006445]",1,-1
42027,[0.71067947 0.67577656],2,-1,-1,1,-1
42028,[0.85202386 0.68483842],2,0,"[0.7890750777399501, 0.6799557517006445]",1,-1
42029,[0.86999494 0.63342665],2,-1,-1,1,-1
42030,[0.23941101 0.26359646],1,-1,-1,0,0
42031,[0.34823366 0.27673746],1,-1,-1,0,0
42032,[0.82882488 0.69732792],2,0,"[0.7890750777399501, 0.6799557517006445]",1,-1
42033,[0.40512302 0.54189739],0,1,"[0.37965276877051146, 0.575157747726818]",1,-1
42034,[0.33155933 0.06501076],1,-1,-1,0,0
42035,[0.29993693 0.14586081],1,2,"[0.294379027732062, 0.1921773781634303]",0,0
42036,[0.45346432 0.65561216],0,-1,-1,1,-1
42037,[0.33785162 0.60548979],0,1,"[0.37965276877051146, 0.575157747726818]",1,-1
42038,[0.29497101 0.51841333],0,-1,-1,1,-1
42039,[0.79265332 0.5724289 ],2,-1,-1,1,-1
42040,[0.20453274 0.22107455],1,-1,-1,0,0
42041,[0.2853699  0.14508091],1,2,"[0.294379027732062, 0.1921773781634303]",0,0
42042,[0.26726808 0.19475256],1,2,"[0.294379027732062, 0.1921773781634303]",0,0
42043,[0.23151821 0.18336223],1,2,"[0.294379027732062, 0.1921773781634303]",0,0
42044,[0.64901991 0.57449352],3,3,"[0.6601234827680622, 0.6109507568947781]",1,-1
42045,[0.36612485 0.17763739],1,-1,-1,0,0
42046,[0.74948026 0.75201791],2,-1,-1,1,-1
42047,[0.33851169 0.54812739],0,1,"[0.37965276877051146, 0.575157747726818]",1,-1
42048,[0.26774275 0.28452051],1,-1,-1,0,0
42049,[0.35161541 0.17919264],1,2,"[0.294379027732062, 0.1921773781634303]",0,0
42050,[0.35561578 0.18306438],1,2,"[0.294379027732062, 0.1921773781634303]",0,0
42051,[0.61332745 0.58290776],3,3,"[0.6601234827680622, 0.6109507568947781]",1,-1
42052,[0.55282545 0.62898444],3,-1,-1,1,-1
42053,[0.29759745 0.18098013],1,2,"[0.294379027732062, 0.1921773781634303]",0,0
42054,[0.27225368 0.19648012],1,2,"[0.294379027732062, 0.1921773781634303]",0,0
42055,[0.26074489 0.14175818],1,2,"[0.294379027732062, 0.1921773781634303]",0,0
42056,[0.85515395 0.75164529],2,-1,-1,1,-1
42057,[0.83436958 0.60391851],2,-1,-1,1,-1
42058,[0.79845517 0.66967077],2,0,"[0.7890750777399501, 0.6799557517006445]",1,4
42059,[0.63788901 0.60964839],3,3,"[0.6601234827680622, 0.6109507568947781]",1,-1
42060,[0.36730164 0.49828211],0,-1,-1,1,-1
42061,[0.35689273 0.59168093],0,1,"[0.37965276877051146, 0.575157747726818]",1,-1
42062,[0.76361014 0.61661242],2,0,"[0.7890750777399501, 0.6799557517006445]",1,-1
42063,[0.40538331 0.57026404],0,1,"[0.37965276877051146, 0.575157747726818]",1,2
42064,[0.40206936 0.64762898],0,-1,-1,1,-1
42065,[0.74831477 0.79277924],2,-1,-1,1,-1
42066,[0.3436132  0.60880642],0,1,"[0.37965276877051146, 0.575157747726818]",1,-1
42067,[0.36184561 0.52347714],0,1,"[0.37965276877051146, 0.575157747726818]",1,-1
42068,[0.31688894 0.23559604],1,2,"[0.294379027732062, 0.1921773781634303]",0,0
42069,[0.23822312 0.18427418],1,2,"[0.294379027732062, 0.1921773781634303]",0,0
42070,[0.56503387 0.63154298],3,-1,-1,1,-1
42071,[0.74947284 0.71061627],2,0,"[0.7890750777399501, 0.6799557517006445]",1,-1
42072,[0.27911951 0.58334506],0,-1,-1,1,-1
42073,[0.83913025 0.69283767],2,0,"[0.7890750777399501, 0.6799557517006445]",1,-1
42074,[0.83422098 0.68741362],2,0,"[0.7890750777399501, 0.6799557517006445]",1,-1
42075,[0.74026222 0.74222572],2,-1,-1,1,-1
42076,[0.79242542 0.58499305],3,-1,-1,1,-1
42077,[0.73430873 0.7034846 ],2,0,"[0.7890750777399501, 0.6799557517006445]",1,-1
42078,[0.72085132 0.67953851],3,0,"[0.7890750777399501, 0.6799557517006445]",1,-1
42079,[0.71532795 0.65372852],3,3,"[0.6601234827680622, 0.6109507568947781]",1,-1
42080,[0.48397245 0.59766358],0,-1,-1,1,-1
42081,[0.66943477 0.52708103],3,-1,-1,1,-1
42082,[0.71169113 0.69584241],2,-1,-1,1,-1
42083,[0.82515174 0.73932025],2,0,"[0.7890750777399501, 0.6799557517006445]",1,-1
42084,[0.36964364 0.56872734],0,1,"[0.37965276877051146, 0.575157747726818]",1,1
42085,[0.84023193 0.69299912],2,0,"[0.7890750777399501, 0.6799557517006445]",1,-1
42086,[0.72755383 0.63115531],3,-1,-1,1,-1
42087,[0.77778621 0.63951772],2,0,"[0.7890750777399501, 0.6799557517006445]",1,-1
42088,[0.5689859  0.54555004],3,-1,-1,1,-1
42089,[0.39658109 0.60050375],0,1,"[0.37965276877051146, 0.575157747726818]",1,-1
42090,[0.2975449 0.1890239],1,2,"[0.294379027732062, 0.1921773781634303]",0,0
42091,[0.48108845 0.5479701 ],0,-1,-1,1,-1
42092,[0.45707918 0.60776444],0,-1,-1,1,-1
42093,[0.85260521 0.7375669 ],2,-1,-1,1,-1
42094,[0.27204435 0.26072515],1,-1,-1,0,0
42095,[0.30158794 0.23910416],1,2,"[0.294379027732062, 0.1921773781634303]",0,0
42096,[0.3499079  0.52151763],0,1,"[0.37965276877051146, 0.575157747726818]",1,-1
42097,[0.37177585 0.22337331],1,-1,-1,0,0
42098,[0.68486872 0.53933488],3,-1,-1,1,-1
42099,[0.39090941 0.58736283],0,1,"[0.37965276877051146, 0.575157747726818]",1,-1
42100,[0.416417   0.62390646],0,1,"[0.37965276877051146, 0.575157747726818]",1,-1
42101,[0.67608693 0.53163641],3,-1,-1,1,-1
42102,[0.1843172  0.27369299],1,-1,-1,0,0
42103,[0.26233589 0.20806783],1,2,"[0.294379027732062, 0.1921773781634303]",0,0
42104,[0.41125551 0.57541633],0,1,"[0.37965276877051146, 0.575157747726818]",1,2
42105,[0.26558355 0.21748164],1,2,"[0.294379027732062, 0.1921773781634303]",0,0
42106,[0.78192883 0.81860051],2,-1,-1,1,-1
42107,[0.58883754 0.56094756],3,-1,-1,1,-1
42108,[0.74011108 0.61680342],3,-1,-1,1,-1
42109,[0.62036341 0.58706559],3,3,"[0.6601234827680622, 0.6109507568947781]",1,-1
42110,[0.31157088 0.13694164],1,2,"[0.294379027732062, 0.1921773781634303]",0,0
42111,[0.3349503  0.21805371],1,2,"[0.294379027732062, 0.1921773781634303]",0,0
42112,[0.59393457 0.61283309],3,3,"[0.6601234827680622, 0.6109507568947781]",1,-1
42113,[0.26936815 0.17610946],1,2,"[0.294379027732062, 0.1921773781634303]",0,0
42114,[0.81828217 0.78394436],2,-1,-1,1,-1
42115,[0.3828323  0.60061847],0,1,"[0.37965276877051146, 0.575157747726818]",1,-1
42116,[0.24391736 0.15662512],1,2,"[0.294379027732062, 0.1921773781634303]",0,0
42117,[0.32009298 0.6420578 ],0,-1,-1,1,-1
42118,[0.80276036 0.64576655],2,0,"[0.7890750777399501, 0.6799557517006445]",1,-1
42119,[0.45934881 0.50385706],0,-1,-1,1,-1
42120,[0.31567634 0.15456489],1,2,"[0.294379027732062, 0.1921773781634303]",0,0
42121,[0.7378919  0.72054274],2,0,"[0.7890750777399501, 0.6799557517006445]",1,-1
42122,[0.65224031 0.62674607],3,3,"[0.6601234827680622, 0.6109507568947781]",1,-1
42123,[0.69204825 0.50471249],3,-1,-1,1,-1
42124,[0.3948964  0.58354494],0,1,"[0.37965276877051146, 0.575157747726818]",1,-1
42125,[0.77131517 0.76273565],2,-1,-1,1,-1
42126,[0.27077208 0.5566307 ],0,-1,-1,1,-1
42127,[0.39927579 0.51654428],0,1,"[0.37965276877051146, 0.575157747726818]",1,-1
42128,[0.43800959 0.60596526],0,1,"[0.37965276877051146, 0.575157747726818]",1,-1
42129,[0.24718156 0.22925918],1,2,"[0.294379027732062, 0.1921773781634303]",0,0
42130,[0.31543346 0.57195957],0,1,"[0.37965276877051146, 0.575157747726818]",1,-1
42131,[0.29831978 0.17966364],1,2,"[0.294379027732062, 0.1921773781634303]",0,0
42132,[0.29574723 0.20521433],1,2,"[0.294379027732062, 0.1921773781634303]",0,0
42133,[0.28782422 0.14353396],1,2,"[0.294379027732062, 0.1921773781634303]",0,0
42134,[0.73476617 0.60595225],2,-1,-1,1,-1
42135,[0.85530874 0.64583947],2,-1,-1,1,-1
42136,[0.77393851 0.68551845],2,0,"[0.7890750777399501, 0.6799557517006445]",1,-1
42137,[0.27440626 0.19556322],1,2,"[0.294379027732062, 0.1921773781634303]",0,0
42138,[0.77939846 0.68611311],2,0,"[0.7890750777399501, 0.6799557517006445]",1,-1
42139,[0.51183997 0.61164651],0,-1,-1,1,-1
42140,[0.60398396 0.66035049],3,-1,-1,1,-1
42141,[0.36468179 0.54519462],0,1,"[0.37965276877051146, 0.575157747726818]",1,-1
42142,[0.70831795 0.78951599],2,-1,-1,1,-1
42143,[0.66598184 0.58141078],3,3,"[0.6601234827680622, 0.6109507568947781]",1,-1
42144,[0.34050531 0.6580001 ],0,-1,-1,1,-1
42145,[0.30857345 0.18801102],1,2,"[0.294379027732062, 0.1921773781634303]",0,0
42146,[0.86185612 0.69375649],2,-1,-1,1,-1
42147,[0.6210248  0.55977971],3,3,"[0.6601234827680622, 0.6109507568947781]",1,-1
42148,[0.36215752 0.22632389],1,-1,-1,0,0
42149,[0.67252072 0.63432814],3,3,"[0.6601234827680622, 0.6109507568947781]",1,-1
42150,[0.21409806 0.17197173],1,-1,-1,0,0
42151,[0.28455072 0.12752894],1,2,"[0.294379027732062, 0.1921773781634303]",0,0
42152,[0.75549201 0.56356236],2,-1,-1,1,-1
42153,[0.35230138 0.13130131],1,-1,-1,0,0
42154,[0.29491426 0.18693143],1,2,"[0.294379027732062, 0.1921773781634303]",0,0
42155,[0.66115535 0.63286457],3,3,"[0.6601234827680622, 0.6109507568947781]",1,-1
42156,[0.23316247 0.20438618],1,2,"[0.294379027732062, 0.1921773781634303]",0,0
42157,[0.3650165  0.22053153],1,-1,-1,0,0
42158,[0.71369422 0.63039224],3,3,"[0.6601234827680622, 0.6109507568947781]",1,-1
42159,[0.75574261 0.69011491],2,0,"[0.7890750777399501, 0.6799557517006445]",1,-1
42160,[0.30709466 0.53216626],0,-1,-1,1,-1
42161,[0.46135392 0.60059777],0,-1,-1,1,-1
42162,[0.75230427 0.66683416],2,0,"[0.7890750777399501, 0.6799557517006445]",1,-1
42163,[0.37341413 0.17086793],1,-1,-1,0,0
42164,[0.69433266 0.56222941],3,3,"[0.6601234827680622, 0.6109507568947781]",1,-1
42165,[0.70009296 0.62537518],3,3,"[0.6601234827680622, 0.6109507568947781]",1,-1
42166,[0.39366106 0.58380009],0,1,"[0.37965276877051146, 0.575157747726818]",1,-1
42167,[0.4179468  0.64172498],0,-1,-1,1,-1
42168,[0.31347797 0.22656186],1,2,"[0.294379027732062, 0.1921773781634303]",0,0
42169,[0.74142147 0.55249789],3,-1,-1,1,-1
42170,[0.31082235 0.25115152],1,2,"[0.294379027732062, 0.1921773781634303]",0,0
42171,[0.83966792 0.58583315],2,-1,-1,1,-1
42172,[0.31176357 0.2313921 ],1,2,"[0.294379027732062, 0.1921773781634303]",0,0
42173,[0.80614159 0.68908858],2,0,"[0.7890750777399501, 0.6799557517006445]",1,-1
42174,[0.81119894 0.7052769 ],2,0,"[0.7890750777399501, 0.6799557517006445]",1,-1
42175,[0.7092027  0.67536293],3,-1,-1,1,-1
42176,[0.36558223 0.58744015],0,1,"[0.37965276877051146, 0.575157747726818]",1,-1
42177,[0.42698503 0.6127885 ],0,1,"[0.37965276877051146, 0.575157747726818]",1,-1
42178,[0.34036988 0.52191197],0,1,"[0.37965276877051146, 0.575157747726818]",1,-1
42179,[0.29356585 0.55634236],0,-1,-1,1,-1
42180,[0.72068428 0.55293444],3,-1,-1,1,-1
42181,[0.21845808 0.18640159],1,-1,-1,0,0
42182,[0.37124374 0.27733924],1,-1,-1,0,0
42183,[0.83354077 0.64756745],2,0,"[0.7890750777399501, 0.6799557517006445]",1,-1
42184,[0.30184091 0.55884558],0,-1,-1,1,-1
42185,[0.75332293 0.73371382],2,0,"[0.7890750777399501, 0.6799557517006445]",1,-1
42186,[0.39107148 0.48430874],0,-1,-1,1,-1
42187,[0.78385093 0.59788478],2,-1,-1,1,-1
42188,[0.66577528 0.66599721],3,3,"[0.6601234827680622, 0.6109507568947781]",1,-1
42189,[0.73229941 0.61832876],2,-1,-1,1,-1
42190,[0.36792903 0.18222462],1,-1,-1,0,0
42191,[0.3533897  0.13397794],1,-1,-1,0,0
42192,[0.78335325 0.66639834],2,0,"[0.7890750777399501, 0.6799557517006445]",1,-1
42193,[0.82046474 0.7690696 ],2,-1,-1,1,-1
42194,[0.30753244 0.2210734 ],1,2,"[0.294379027732062, 0.1921773781634303]",0,0
42195,[0.66613871 0.66935797],3,3,"[0.6601234827680622, 0.6109507568947781]",1,-1
42196,[0.86219135 0.63261468],2,-1,-1,1,-1
42197,[0.59697524 0.61395007],3,3,"[0.6601234827680622, 0.6109507568947781]",1,-1
42198,[0.70280175 0.53838915],3,-1,-1,1,-1
42199,[0.61264612 0.4974814 ],3,-1,-1,1,-1
42200,[0.50501435 0.51620803],0,-1,-1,1,-1
42201,[0.76080936 0.55624591],3,-1,-1,1,-1
42202,[0.66254136 0.61637511],3,3,"[0.6601234827680622, 0.6109507568947781]",1,7
42203,[0.68570167 0.66560289],2,3,"[0.6601234827680622, 0.6109507568947781]",1,-1
42204,[0.76472766 0.54049593],3,-1,-1,1,-1
42205,[0.33476269 0.48690942],0,-1,-1,1,-1
42206,[0.34939897 0.57715585],0,1,"[0.37965276877051146, 0.575157747726818]",1,-1
42207,[0.2858058  0.20680995],1,2,"[0.294379027732062, 0.1921773781634303]",0,0
42208,[0.79543124 0.58008918],2,-1,-1,1,-1
42209,[0.70458573 0.70974271],2,-1,-1,1,-1
42210,[0.36198741 0.66198309],0,-1,-1,1,-1
42211,[0.84122277 0.70257243],2,0,"[0.7890750777399501, 0.6799557517006445]",1,-1
42212,[0.76638558 0.74535325],2,0,"[0.7890750777399501, 0.6799557517006445]",1,-1
42213,[0.80437662 0.64023857],2,0,"[0.7890750777399501, 0.6799557517006445]",1,-1
42214,[0.32951133 0.47565218],0,-1,-1,1,-1
42215,[0.39144202 0.55946511],0,1,"[0.37965276877051146, 0.575157747726818]",1,-1
42216,[0.79595842 0.67221146],2,0,"[0.7890750777399501, 0.6799557517006445]",1,4
42217,[0.3470319  0.16158269],1,2,"[0.294379027732062, 0.1921773781634303]",0,0
42218,[0.81547257 0.69091831],2,0,"[0.7890750777399501, 0.6799557517006445]",1,4
42219,[0.7423233  0.65893124],2,0,"[0.7890750777399501, 0.6799557517006445]",1,-1
42220,[0.38971541 0.60660524],0,1,"[0.37965276877051146, 0.575157747726818]",1,-1
42221,[0.63960054 0.69338508],3,-1,-1,1,-1
42222,[0.71941476 0.59036347],2,3,"[0.6601234827680622, 0.6109507568947781]",1,-1
42223,[0.67951052 0.55533917],3,3,"[0.6601234827680622, 0.6109507568947781]",1,-1
42224,[0.6489867  0.62743443],3,3,"[0.6601234827680622, 0.6109507568947781]",1,-1
42225,[0.22874971 0.19421638],1,2,"[0.294379027732062, 0.1921773781634303]",0,0
42226,[0.40667064 0.52934229],0,1,"[0.37965276877051146, 0.575157747726818]",1,-1
42227,[0.8049315 0.6665742],2,0,"[0.7890750777399501, 0.6799557517006445]",1,-1
42228,[0.6589159 0.6556557],3,3,"[0.6601234827680622, 0.6109507568947781]",1,-1
42229,[0.23852235 0.22505619],1,2,"[0.294379027732062, 0.1921773781634303]",0,0
42230,[0.35612132 0.63517853],0,1,"[0.37965276877051146, 0.575157747726818]",1,-1
42231,[0.64297996 0.57907595],3,3,"[0.6601234827680622, 0.6109507568947781]",1,-1
42232,[0.3086784  0.23470426],1,2,"[0.294379027732062, 0.1921773781634303]",0,0
42233,[0.60936582 0.60577943],3,3,"[0.6601234827680622, 0.6109507568947781]",1,-1
42234,[0.29358421 0.2710588 ],1,-1,-1,0,0
42235,[0.65244191 0.59814014],3,3,"[0.6601234827680622, 0.6109507568947781]",1,6
42236,[0.3565774  0.58913364],0,1,"[0.37965276877051146, 0.575157747726818]",1,-1
42237,[0.36656174 0.20951244],1,-1,-1,0,0
42238,[0.31403361 0.17823473],1,2,"[0.294379027732062, 0.1921773781634303]",0,0
42239,[0.79264356 0.62561361],2,0,"[0.7890750777399501, 0.6799557517006445]",1,-1
42240,[0.68924508 0.7577406 ],2,-1,-1,1,-1
42241,[0.32255659 0.54182037],0,1,"[0.37965276877051146, 0.575157747726818]",1,-1
42242,[0.76078225 0.66496593],2,0,"[0.7890750777399501, 0.6799557517006445]",1,-1
42243,[0.31370938 0.23100487],1,2,"[0.294379027732062, 0.1921773781634303]",0,0
42244,[0.64388029 0.62113501],3,3,"[0.6601234827680622, 0.6109507568947781]",1,-1
42245,[0.32068305 0.25561552],1,2,"[0.294379027732062, 0.1921773781634303]",0,0
42246,[0.78315893 0.61481148],3,0,"[0.7890750777399501, 0.6799557517006445]",1,-1
42247,[0.61713068 0.61772076],3,3,"[0.6601234827680622, 0.6109507568947781]",1,-1
42248,[0.22272032 0.15526825],1,-1,-1,0,0
42249,[0.32835817 0.22498745],1,2,"[0.294379027732062, 0.1921773781634303]",0,0
42250,[0.41588883 0.615261  ],0,1,"[0.37965276877051146, 0.575157747726818]",1,-1
42251,[0.30369471 0.12907538],1,2,"[0.294379027732062, 0.1921773781634303]",0,0
42252,[0.31855943 0.5321427 ],0,-1,-1,1,-1
42253,[0.51943137 0.55916385],0,-1,-1,1,-1
42254,[0.31455455 0.28918551],1,-1,-1,0,0
42255,[0.86981261 0.7412346 ],2,-1,-1,1,-1
42256,[0.35422189 0.53066266],0,1,"[0.37965276877051146, 0.575157747726818]",1,-1
42257,[0.45245547 0.56584649],0,-1,-1,1,-1
42258,[0.38345467 0.25251837],1,-1,-1,0,0
42259,[0.6453093  0.69648665],3,-1,-1,1,-1
42260,[0.59918679 0.60817037],3,3,"[0.6601234827680622, 0.6109507568947781]",1,-1
42261,[0.26964751 0.07328185],1,-1,-1,0,0
42262,[0.34609655 0.53505729],0,1,"[0.37965276877051146, 0.575157747726818]",1,-1
42263,[0.77722013 0.58940234],2,-1,-1,1,-1
42264,[0.65798228 0.59914857],3,3,"[0.6601234827680622, 0.6109507568947781]",1,-1
42265,[0.25379552 0.21538302],1,2,"[0.294379027732062, 0.1921773781634303]",0,0
42266,[0.31364497 0.23808006],1,2,"[0.294379027732062, 0.1921773781634303]",0,0
42267,[0.38974273 0.55505534],0,1,"[0.37965276877051146, 0.575157747726818]",1,-1
42268,[0.32365648 0.21084367],1,2,"[0.294379027732062, 0.1921773781634303]",0,0
42269,[0.29504475 0.30361651],1,-1,-1,0,0
42270,[0.25085003 0.02119539],1,-1,-1,0,-1
42271,[0.4874     0.61061995],0,-1,-1,1,-1
42272,[0.38411645 0.47246282],0,-1,-1,1,-1
42273,[0.3833024 0.1566108],1,-1,-1,0,0
42274,[0.68882318 0.59248121],3,3,"[0.6601234827680622, 0.6109507568947781]",1,-1
42275,[0.304572   0.54031313],0,-1,-1,1,-1
42276,[0.21453345 0.17416297],1,-1,-1,0,0
42277,[0.28344643 0.563869  ],0,-1,-1,1,-1
42278,[0.35253739 0.55426209],0,1,"[0.37965276877051146, 0.575157747726818]",1,-1
42279,[0.40210152 0.53181749],0,1,"[0.37965276877051146, 0.575157747726818]",1,-1
42280,[0.75186546 0.75034321],2,-1,-1,1,-1
42281,[0.32000655 0.29029245],1,-1,-1,0,0
42282,[0.70835031 0.7000665 ],2,-1,-1,1,-1
42283,[0.31029141 0.29276446],1,-1,-1,0,0
42284,[0.50213292 0.52014902],3,-1,-1,1,-1
42285,[0.80785357 0.69530947],2,0,"[0.7890750777399501, 0.6799557517006445]",1,-1
42286,[0.30074034 0.13005947],1,2,"[0.294379027732062, 0.1921773781634303]",0,0
42287,[0.40809168 0.53173523],0,1,"[0.37965276877051146, 0.575157747726818]",1,-1
42288,[0.85357932 0.67818491],2,0,"[0.7890750777399501, 0.6799557517006445]",1,-1
42289,[0.68863863 0.58587554],3,3,"[0.6601234827680622, 0.6109507568947781]",1,-1
42290,[0.37074283 0.19719367],1,-1,-1,0,0
42291,[0.41533978 0.61122589],0,1,"[0.37965276877051146, 0.575157747726818]",1,-1
42292,[0.33877595 0.20869618],1,2,"[0.294379027732062, 0.1921773781634303]",0,0
42293,[0.76976043 0.72786335],2,0,"[0.7890750777399501, 0.6799557517006445]",1,-1
42294,[0.19398634 0.11720628],1,-1,-1,0,0
42295,[0.59580682 0.62107927],3,3,"[0.6601234827680622, 0.6109507568947781]",1,-1
42296,[0.59041293 0.61473798],3,3,"[0.6601234827680622, 0.6109507568947781]",1,-1
42297,[0.27690611 0.12663843],1,2,"[0.294379027732062, 0.1921773781634303]",0,0
42298,[0.26005452 0.1797777 ],1,2,"[0.294379027732062, 0.1921773781634303]",0,0
42299,[0.28265446 0.64738285],0,-1,-1,1,-1
42300,[0.36936013 0.28008384],1,-1,-1,0,0
42301,[0.27242256 0.17068037],1,2,"[0.294379027732062, 0.1921773781634303]",0,0
42302,[0.28270216 0.10432819],1,-1,-1,0,0
42303,[0.33551122 0.16756094],1,2,"[0.294379027732062, 0.1921773781634303]",0,0
42304,[0.40160379 0.59273861],0,1,"[0.37965276877051146, 0.575157747726818]",1,-1
42305,[0.81043918 0.70069762],2,0,"[0.7890750777399501, 0.6799557517006445]",1,-1
42306,[0.77641778 0.69120001],2,0,"[0.7890750777399501, 0.6799557517006445]",1,-1
42307,[0.78349259 0.75329607],2,-1,-1,1,-1
42308,[0.67366199 0.65342793],3,3,"[0.6601234827680622, 0.6109507568947781]",1,-1
42309,[0.27343673 0.22081706],1,2,"[0.294379027732062, 0.1921773781634303]",0,0
42310,[0.41636598 0.54314681],0,1,"[0.37965276877051146, 0.575157747726818]",1,-1
42311,[0.79528297 0.64541623],2,0,"[0.7890750777399501, 0.6799557517006445]",1,-1
42312,[0.68330483 0.57023992],3,3,"[0.6601234827680622, 0.6109507568947781]",1,-1
42313,[0.60910769 0.5747259 ],3,3,"[0.6601234827680622, 0.6109507568947781]",1,-1
42314,[0.27500589 0.25405628],1,2,"[0.294379027732062, 0.1921773781634303]",0,0
42315,[0.72348896 0.66718837],2,0,"[0.7890750777399501, 0.6799557517006445]",1,-1
42316,[0.68939605 0.6086064 ],3,3,"[0.6601234827680622, 0.6109507568947781]",1,-1
42317,[0.79770138 0.70290859],2,0,"[0.7890750777399501, 0.6799557517006445]",1,-1
42318,[0.72518895 0.68304375],3,0,"[0.7890750777399501, 0.6799557517006445]",1,-1
42319,[0.75094474 0.57601242],3,-1,-1,1,-1
42320,[0.84030613 0.71480316],2,0,"[0.7890750777399501, 0.6799557517006445]",1,-1
42321,[0.44335607 0.60119764],0,1,"[0.37965276877051146, 0.575157747726818]",1,-1
42322,[0.27130012 0.22982093],1,2,"[0.294379027732062, 0.1921773781634303]",0,0
42323,[0.38364516 0.25455134],1,-1,-1,0,0
42324,[0.70411326 0.64064012],2,3,"[0.6601234827680622, 0.6109507568947781]",1,-1
42325,[0.29852131 0.24151204],1,2,"[0.294379027732062, 0.1921773781634303]",0,0
42326,[0.3304463  0.61495724],0,1,"[0.37965276877051146, 0.575157747726818]",1,-1
42327,[0.80302994 0.69160269],2,0,"[0.7890750777399501, 0.6799557517006445]",1,-1
42328,[0.35937282 0.59623419],0,1,"[0.37965276877051146, 0.575157747726818]",1,-1
42329,[0.73248478 0.50214627],3,-1,-1,1,-1
42330,[0.69539459 0.66123575],3,3,"[0.6601234827680622, 0.6109507568947781]",1,-1
42331,[0.63848618 0.68639813],3,-1,-1,1,-1
42332,[0.55516441 0.69400965],3,-1,-1,1,-1
42333,[0.6256525  0.63700072],3,3,"[0.6601234827680622, 0.6109507568947781]",1,-1
42334,[0.31393781 0.17042513],1,2,"[0.294379027732062, 0.1921773781634303]",0,0
42335,[0.25033557 0.12822814],1,-1,-1,0,0
42336,[0.39468239 0.19538855],1,-1,-1,0,0
42337,[0.38956331 0.64642716],0,-1,-1,1,-1
42338,[0.68065724 0.53889095],3,-1,-1,1,-1
42339,[0.23876686 0.04443806],1,-1,-1,0,0
42340,[0.79686327 0.68697456],2,0,"[0.7890750777399501, 0.6799557517006445]",1,-1
42341,[0.76960057 0.64884547],2,0,"[0.7890750777399501, 0.6799557517006445]",1,-1
42342,[0.25873561 0.17058894],1,2,"[0.294379027732062, 0.1921773781634303]",0,0
42343,[0.83024281 0.62981794],2,0,"[0.7890750777399501, 0.6799557517006445]",1,-1
42344,[0.26686146 0.17088543],1,2,"[0.294379027732062, 0.1921773781634303]",0,0
42345,[0.64155422 0.61794306],3,3,"[0.6601234827680622, 0.6109507568947781]",1,-1
42346,[0.20635344 0.15468599],1,-1,-1,0,0
42347,[0.22505248 0.23789769],1,-1,-1,0,0
42348,[0.3207636  0.21184853],1,2,"[0.294379027732062, 0.1921773781634303]",0,0
42349,[0.34272345 0.56741431],0,1,"[0.37965276877051146, 0.575157747726818]",1,-1
42350,[0.81456478 0.73962915],2,0,"[0.7890750777399501, 0.6799557517006445]",1,-1
42351,[0.68074214 0.65856437],3,3,"[0.6601234827680622, 0.6109507568947781]",1,-1
42352,[0.61259505 0.62846391],3,3,"[0.6601234827680622, 0.6109507568947781]",1,-1
42353,[0.72873688 0.63295983],3,-1,-1,1,-1
42354,[0.25785743 0.06014502],1,-1,-1,0,0
42355,[0.76566436 0.74788896],2,-1,-1,1,-1
42356,[0.33669177 0.61041815],0,1,"[0.37965276877051146, 0.575157747726818]",1,-1
42357,[0.3716848  0.60072926],0,1,"[0.37965276877051146, 0.575157747726818]",1,-1
42358,[0.81753146 0.6662028 ],2,0,"[0.7890750777399501, 0.6799557517006445]",1,-1
42359,[0.74211219 0.68618967],2,0,"[0.7890750777399501, 0.6799557517006445]",1,-1
42360,[0.40582255 0.21346626],1,-1,-1,0,0
42361,[0.38058183 0.15959731],1,-1,-1,0,0
42362,[0.78577781 0.67937239],2,0,"[0.7890750777399501, 0.6799557517006445]",1,4
42363,[0.40597173 0.4058065 ],0,-1,-1,1,-1
42364,[0.63177639 0.5459931 ],3,-1,-1,1,-1
42365,[0.43364141 0.44166206],0,-1,-1,1,-1
42366,[0.85445674 0.70557655],2,-1,-1,1,-1
42367,[0.85637198 0.63479493],2,-1,-1,1,-1
42368,[0.80001335 0.62137448],2,0,"[0.7890750777399501, 0.6799557517006445]",1,-1
42369,[0.80546805 0.74207456],2,0,"[0.7890750777399501, 0.6799557517006445]",1,-1
42370,[0.23755465 0.1709268 ],1,2,"[0.294379027732062, 0.1921773781634303]",0,0
42371,[0.61776616 0.60349469],3,3,"[0.6601234827680622, 0.6109507568947781]",1,-1
42372,[0.21765273 0.17221892],1,-1,-1,0,0
42373,[0.26587483 0.50985527],0,-1,-1,1,-1
42374,[0.83741519 0.66515866],2,0,"[0.7890750777399501, 0.6799557517006445]",1,-1
42375,[0.30310133 0.59394052],0,-1,-1,1,-1
42376,[0.28972394 0.14456753],1,2,"[0.294379027732062, 0.1921773781634303]",0,0
42377,[0.43880093 0.57240666],0,1,"[0.37965276877051146, 0.575157747726818]",1,-1
42378,[0.25858774 0.25674747],1,-1,-1,0,0
42379,[0.37321682 0.60331181],0,1,"[0.37965276877051146, 0.575157747726818]",1,-1
42380,[0.3382819  0.13837811],1,2,"[0.294379027732062, 0.1921773781634303]",0,0
42381,[0.81070811 0.70964834],2,0,"[0.7890750777399501, 0.6799557517006445]",1,-1
42382,[0.74503504 0.69413853],2,0,"[0.7890750777399501, 0.6799557517006445]",1,-1
42383,[0.80347287 0.60058987],2,-1,-1,1,-1
42384,[0.2513968  0.28161604],1,-1,-1,0,0
42385,[0.34906215 0.6006983 ],0,1,"[0.37965276877051146, 0.575157747726818]",1,-1
42386,[0.32696138 0.15326357],1,2,"[0.294379027732062, 0.1921773781634303]",0,0
42387,[0.30106731 0.26625684],1,-1,-1,0,0
42388,[0.27548151 0.12866191],1,2,"[0.294379027732062, 0.1921773781634303]",0,0
42389,[0.79190433 0.66516788],2,0,"[0.7890750777399501, 0.6799557517006445]",1,-1
42390,[0.33691964 0.1753393 ],1,2,"[0.294379027732062, 0.1921773781634303]",0,0
42391,[0.35215481 0.49055455],0,-1,-1,1,-1
42392,[0.89189748 0.68303011],2,-1,-1,1,-1
42393,[0.29675249 0.14821986],1,2,"[0.294379027732062, 0.1921773781634303]",0,0
42394,[0.30017665 0.21572106],1,2,"[0.294379027732062, 0.1921773781634303]",0,0
42395,[0.68646792 0.64720421],2,3,"[0.6601234827680622, 0.6109507568947781]",1,-1
42396,[0.51630751 0.57694752],0,-1,-1,1,-1
42397,[0.45324253 0.60010719],0,-1,-1,1,-1
42398,[0.75834533 0.7423156 ],2,0,"[0.7890750777399501, 0.6799557517006445]",1,-1
42399,[0.69365154 0.60935645],3,3,"[0.6601234827680622, 0.6109507568947781]",1,-1
42400,[0.61386866 0.51678609],3,-1,-1,1,-1
42401,[0.41531279 0.18583948],1,-1,-1,0,0
42402,[0.67901638 0.60653311],3,3,"[0.6601234827680622, 0.6109507568947781]",1,5
42403,[0.27044337 0.17178382],1,2,"[0.294379027732062, 0.1921773781634303]",0,0
42404,[0.39256189 0.57360946],0,1,"[0.37965276877051146, 0.575157747726818]",1,-1
42405,[0.34824095 0.65883486],0,-1,-1,1,-1
42406,[0.77297539 0.66990605],2,0,"[0.7890750777399501, 0.6799557517006445]",1,-1
42407,[0.82210024 0.75883992],2,-1,-1,1,-1
42408,[0.27553252 0.25135543],1,2,"[0.294379027732062, 0.1921773781634303]",0,0
42409,[0.72230106 0.62742899],3,3,"[0.6601234827680622, 0.6109507568947781]",1,-1
42410,[0.38209574 0.49924427],0,-1,-1,1,-1
42411,[0.63049601 0.66519625],3,3,"[0.6601234827680622, 0.6109507568947781]",1,-1
42412,[0.7134401 0.526186 ],3,-1,-1,1,-1
42413,[0.35241293 0.54254903],0,1,"[0.37965276877051146, 0.575157747726818]",1,-1
42414,[0.74344674 0.66311731],3,0,"[0.7890750777399501, 0.6799557517006445]",1,-1
42415,[0.7870307  0.67019794],2,0,"[0.7890750777399501, 0.6799557517006445]",1,-1
42416,[0.36381378 0.15710871],1,-1,-1,0,0
42417,[0.2935384  0.18952025],1,2,"[0.294379027732062, 0.1921773781634303]",0,0
42418,[0.38965584 0.66358768],0,-1,-1,1,-1
42419,[0.66827015 0.48931147],3,-1,-1,1,-1
42420,[0.2450917  0.13699698],1,-1,-1,0,0
42421,[0.42070972 0.66534779],0,-1,-1,1,-1
42422,[0.68711589 0.63714284],3,3,"[0.6601234827680622, 0.6109507568947781]",1,-1
42423,[0.75565133 0.68780796],2,0,"[0.7890750777399501, 0.6799557517006445]",1,-1
42424,[0.82849792 0.76146469],2,-1,-1,1,-1
42425,[0.27729159 0.20490063],1,2,"[0.294379027732062, 0.1921773781634303]",0,0
42426,[0.74482361 0.68633379],2,0,"[0.7890750777399501, 0.6799557517006445]",1,-1
42427,[0.36138957 0.24530692],1,-1,-1,0,0
42428,[0.2766275  0.17528871],1,2,"[0.294379027732062, 0.1921773781634303]",0,0
42429,[0.69205196 0.59824559],3,3,"[0.6601234827680622, 0.6109507568947781]",1,-1
42430,[0.41327909 0.57050955],0,1,"[0.37965276877051146, 0.575157747726818]",1,2
42431,[0.35761543 0.26546681],1,-1,-1,0,0
42432,[0.41072492 0.5645302 ],0,1,"[0.37965276877051146, 0.575157747726818]",1,-1
42433,[0.80180027 0.72888637],2,0,"[0.7890750777399501, 0.6799557517006445]",1,-1
42434,[0.34577965 0.59042238],0,1,"[0.37965276877051146, 0.575157747726818]",1,-1
42435,[0.38675613 0.53601941],0,1,"[0.37965276877051146, 0.575157747726818]",1,-1
42436,[0.65860201 0.5653263 ],3,3,"[0.6601234827680622, 0.6109507568947781]",1,-1
42437,[0.65907931 0.68563143],3,-1,-1,1,-1
42438,[0.84303326 0.63857058],2,0,"[0.7890750777399501, 0.6799557517006445]",1,-1
42439,[0.72625844 0.70643579],2,0,"[0.7890750777399501, 0.6799557517006445]",1,-1
42440,[0.39019859 0.59476993],0,1,"[0.37965276877051146, 0.575157747726818]",1,-1
42441,[0.30916145 0.62080206],0,-1,-1,1,-1
42442,[0.67161657 0.64232138],3,3,"[0.6601234827680622, 0.6109507568947781]",1,-1
42443,[0.22688958 0.15205745],1,-1,-1,0,0
42444,[0.76683481 0.66749263],2,0,"[0.7890750777399501, 0.6799557517006445]",1,-1
42445,[0.66730583 0.61994337],3,3,"[0.6601234827680622, 0.6109507568947781]",1,7
42446,[0.36670875 0.55170978],0,1,"[0.37965276877051146, 0.575157747726818]",1,-1
42447,[0.75397972 0.68978421],3,0,"[0.7890750777399501, 0.6799557517006445]",1,-1
42448,[0.22757667 0.62233975],0,-1,-1,1,-1
42449,[0.30612895 0.09518534],1,-1,-1,0,0
42450,[0.77566793 0.58966102],2,-1,-1,1,-1
42451,[0.6716988 0.5507238],3,3,"[0.6601234827680622, 0.6109507568947781]",1,-1
42452,[0.76708894 0.76738912],2,-1,-1,1,-1
42453,[0.29437809 0.15419819],1,2,"[0.294379027732062, 0.1921773781634303]",0,0
42454,[0.77737465 0.62235442],2,0,"[0.7890750777399501, 0.6799557517006445]",1,-1
42455,[0.44488731 0.61580148],0,-1,-1,1,-1
42456,[0.68097773 0.57627576],3,3,"[0.6601234827680622, 0.6109507568947781]",1,-1
42457,[0.81106079 0.71896614],2,0,"[0.7890750777399501, 0.6799557517006445]",1,-1
42458,[0.37112916 0.60881966],0,1,"[0.37965276877051146, 0.575157747726818]",1,-1
42459,[0.35261504 0.59478339],0,1,"[0.37965276877051146, 0.575157747726818]",1,-1
42460,[0.79573405 0.7343926 ],2,0,"[0.7890750777399501, 0.6799557517006445]",1,-1
42461,[0.44182759 0.6222299 ],0,-1,-1,1,-1
42462,[0.38199624 0.54800677],0,1,"[0.37965276877051146, 0.575157747726818]",1,-1
42463,[0.91084213 0.69930119],2,-1,-1,1,-1
42464,[0.43025572 0.53107203],0,1,"[0.37965276877051146, 0.575157747726818]",1,-1
42465,[0.88761193 0.66398774],2,-1,-1,1,-1
42466,[0.24397434 0.15182177],1,2,"[0.294379027732062, 0.1921773781634303]",0,0
42467,[0.80181901 0.72375037],2,0,"[0.7890750777399501, 0.6799557517006445]",1,-1
42468,[0.6229321  0.60285153],3,3,"[0.6601234827680622, 0.6109507568947781]",1,-1
42469,[0.70305646 0.65663313],3,3,"[0.6601234827680622, 0.6109507568947781]",1,-1
42470,[0.39483398 0.58237973],0,1,"[0.37965276877051146, 0.575157747726818]",1,-1
42471,[0.65734452 0.58476355],3,3,"[0.6601234827680622, 0.6109507568947781]",1,-1
42472,[0.77701687 0.66668062],2,0,"[0.7890750777399501, 0.6799557517006445]",1,3
42473,[0.71763169 0.56065697],3,-1,-1,1,-1
42474,[0.3268682  0.09798212],1,-1,-1,0,0
42475,[0.5709121  0.65649073],3,-1,-1,1,-1
42476,[0.9034399  0.61287674],2,-1,-1,1,-1
42477,[0.83753794 0.71073219],2,0,"[0.7890750777399501, 0.6799557517006445]",1,-1
42478,[0.27246902 0.23781477],1,2,"[0.294379027732062, 0.1921773781634303]",0,0
42479,[0.62863308 0.59059791],3,3,"[0.6601234827680622, 0.6109507568947781]",1,-1
42480,[0.40717268 0.60268019],0,1,"[0.37965276877051146, 0.575157747726818]",1,-1
42481,[0.43547572 0.64377365],0,-1,-1,1,-1
42482,[0.74835977 0.67842696],3,0,"[0.7890750777399501, 0.6799557517006445]",1,-1
42483,[0.59566905 0.50723333],3,-1,-1,1,-1
42484,[0.78479729 0.75997472],2,-1,-1,1,-1
42485,[0.37903233 0.18120666],1,-1,-1,0,0
42486,[0.84989203 0.71559779],2,-1,-1,1,-1
42487,[0.29966422 0.20227234],1,2,"[0.294379027732062, 0.1921773781634303]",0,0
42488,[0.82085486 0.72093291],2,0,"[0.7890750777399501, 0.6799557517006445]",1,-1
42489,[0.76112339 0.66519628],2,0,"[0.7890750777399501, 0.6799557517006445]",1,-1
42490,[0.41623199 0.53002444],0,1,"[0.37965276877051146, 0.575157747726818]",1,-1
42491,[0.63669013 0.66815454],3,3,"[0.6601234827680622, 0.6109507568947781]",1,-1
42492,[0.5947481 0.5985501],3,3,"[0.6601234827680622, 0.6109507568947781]",1,-1
42493,[0.39498884 0.56695837],0,1,"[0.37965276877051146, 0.575157747726818]",1,2
42494,[0.68205495 0.58428675],3,3,"[0.6601234827680622, 0.6109507568947781]",1,-1
42495,[0.71319362 0.67972348],3,-1,-1,1,-1
42496,[0.8170665  0.69621779],2,0,"[0.7890750777399501, 0.6799557517006445]",1,-1
42497,[0.81566351 0.79684237],2,-1,-1,1,-1
42498,[0.80835807 0.73055982],2,0,"[0.7890750777399501, 0.6799557517006445]",1,-1
42499,[0.33579971 0.28427767],1,-1,-1,0,0
42500,[0.26665265 0.14236385],1,2,"[0.294379027732062, 0.1921773781634303]",0,0
42501,[0.83594008 0.69848704],2,0,"[0.7890750777399501, 0.6799557517006445]",1,-1
42502,[0.39584302 0.58981432],0,1,"[0.37965276877051146, 0.575157747726818]",1,-1
42503,[0.36468401 0.56011785],0,1,"[0.37965276877051146, 0.575157747726818]",1,1
42504,[0.34570513 0.56671478],0,1,"[0.37965276877051146, 0.575157747726818]",1,-1
42505,[0.66474069 0.56057878],3,3,"[0.6601234827680622, 0.6109507568947781]",1,-1
42506,[0.3649223  0.55277551],0,1,"[0.37965276877051146, 0.575157747726818]",1,-1
42507,[0.35056024 0.56866192],0,1,"[0.37965276877051146, 0.575157747726818]",1,-1
42508,[0.84989655 0.70465653],2,0,"[0.7890750777399501, 0.6799557517006445]",1,-1
42509,[0.76594072 0.71164935],2,0,"[0.7890750777399501, 0.6799557517006445]",1,-1
42510,[0.28966565 0.56861847],0,-1,-1,1,-1
42511,[0.29751832 0.55760199],0,-1,-1,1,-1
42512,[0.82761888 0.65472772],2,0,"[0.7890750777399501, 0.6799557517006445]",1,-1
42513,[0.68502931 0.60404456],3,3,"[0.6601234827680622, 0.6109507568947781]",1,5
42514,[0.64191283 0.57868027],3,3,"[0.6601234827680622, 0.6109507568947781]",1,-1
42515,[0.32910418 0.26871896],1,-1,-1,0,0
42516,[0.29392644 0.18796933],1,2,"[0.294379027732062, 0.1921773781634303]",0,0
42517,[0.40587314 0.58463054],0,1,"[0.37965276877051146, 0.575157747726818]",1,-1
42518,[0.79686473 0.66457436],2,0,"[0.7890750777399501, 0.6799557517006445]",1,-1
42519,[0.40452087 0.60059228],0,1,"[0.37965276877051146, 0.575157747726818]",1,-1
42520,[0.41381625 0.54319589],0,1,"[0.37965276877051146, 0.575157747726818]",1,-1
42521,[0.75392446 0.58374038],3,-1,-1,1,-1
42522,[0.5816388 0.5840111],3,-1,-1,1,-1
42523,[0.6925617 0.558808 ],3,3,"[0.6601234827680622, 0.6109507568947781]",1,-1
42524,[0.76209942 0.5869871 ],3,-1,-1,1,-1
42525,[0.42748564 0.56841904],0,1,"[0.37965276877051146, 0.575157747726818]",1,-1
42526,[0.79433539 0.60603282],2,-1,-1,1,-1
42527,[0.6263227  0.58776381],3,3,"[0.6601234827680622, 0.6109507568947781]",1,-1
42528,[0.8144071  0.69409762],2,0,"[0.7890750777399501, 0.6799557517006445]",1,-1
42529,[0.42381839 0.59075382],0,1,"[0.37965276877051146, 0.575157747726818]",1,-1
42530,[0.66477885 0.63815486],3,3,"[0.6601234827680622, 0.6109507568947781]",1,-1
42531,[0.69208464 0.73181053],2,-1,-1,1,-1
42532,[0.65451889 0.6276418 ],3,3,"[0.6601234827680622, 0.6109507568947781]",1,-1
42533,[0.38933584 0.51371615],0,1,"[0.37965276877051146, 0.575157747726818]",1,-1
42534,[0.27208308 0.11676113],1,-1,-1,0,0
42535,[0.74477265 0.50830369],3,-1,-1,1,-1
42536,[0.30856974 0.20996206],1,2,"[0.294379027732062, 0.1921773781634303]",0,0
42537,[0.26401592 0.20289639],1,2,"[0.294379027732062, 0.1921773781634303]",0,0
42538,[0.83022259 0.68973945],2,0,"[0.7890750777399501, 0.6799557517006445]",1,-1
42539,[0.3837342  0.58514105],0,1,"[0.37965276877051146, 0.575157747726818]",1,-1
42540,[0.4128193  0.57590149],0,1,"[0.37965276877051146, 0.575157747726818]",1,2
42541,[0.37412342 0.62386499],0,1,"[0.37965276877051146, 0.575157747726818]",1,-1
42542,[0.31854862 0.18841753],1,2,"[0.294379027732062, 0.1921773781634303]",0,0
42543,[0.46072728 0.52669528],0,-1,-1,1,-1
42544,[0.45263403 0.56927239],0,-1,-1,1,-1
42545,[0.29781632 0.25598317],1,2,"[0.294379027732062, 0.1921773781634303]",0,0
42546,[0.64451188 0.57138572],3,3,"[0.6601234827680622, 0.6109507568947781]",1,-1
42547,[0.7881469  0.70608659],2,0,"[0.7890750777399501, 0.6799557517006445]",1,-1
42548,[0.28271533 0.51738656],0,-1,-1,1,-1
42549,[0.71026044 0.59577141],3,3,"[0.6601234827680622, 0.6109507568947781]",1,-1
42550,[0.37652738 0.47190813],0,-1,-1,1,-1
42551,[0.37633158 0.57842449],0,1,"[0.37965276877051146, 0.575157747726818]",1,1
42552,[0.76403976 0.63449507],2,0,"[0.7890750777399501, 0.6799557517006445]",1,-1
42553,[0.66544613 0.58315565],3,3,"[0.6601234827680622, 0.6109507568947781]",1,-1
42554,[0.29455444 0.60994545],0,-1,-1,1,-1
42555,[0.64766979 0.61824753],3,3,"[0.6601234827680622, 0.6109507568947781]",1,-1
42556,[0.31122187 0.16241863],1,2,"[0.294379027732062, 0.1921773781634303]",0,0
42557,[0.77608586 0.71853869],2,0,"[0.7890750777399501, 0.6799557517006445]",1,-1
42558,[0.35291357 0.17678246],1,2,"[0.294379027732062, 0.1921773781634303]",0,0
42559,[0.32725527 0.16621843],1,2,"[0.294379027732062, 0.1921773781634303]",0,0
42560,[0.66307669 0.61767225],3,3,"[0.6601234827680622, 0.6109507568947781]",1,7
42561,[0.77931168 0.69321924],2,0,"[0.7890750777399501, 0.6799557517006445]",1,-1
42562,[0.36897369 0.65642365],0,-1,-1,1,-1
42563,[0.64323401 0.74781525],3,-1,-1,1,-1
42564,[0.69361944 0.55686473],3,3,"[0.6601234827680622, 0.6109507568947781]",1,-1
42565,[0.83164105 0.70260858],2,0,"[0.7890750777399501, 0.6799557517006445]",1,-1
42566,[0.3896325  0.59534393],0,1,"[0.37965276877051146, 0.575157747726818]",1,-1
42567,[0.87194002 0.61920963],2,-1,-1,1,-1
42568,[0.64485917 0.60881473],3,3,"[0.6601234827680622, 0.6109507568947781]",1,6
42569,[0.7244326 0.729419 ],2,-1,-1,1,-1
42570,[0.80793687 0.74522048],2,0,"[0.7890750777399501, 0.6799557517006445]",1,-1
42571,[0.31526054 0.69044888],0,-1,-1,1,-1
42572,[0.73973849 0.6403216 ],3,0,"[0.7890750777399501, 0.6799557517006445]",1,-1
42573,[0.33133877 0.19502974],1,2,"[0.294379027732062, 0.1921773781634303]",0,0
42574,[0.30379786 0.16171493],1,2,"[0.294379027732062, 0.1921773781634303]",0,0
42575,[0.6379845  0.62843562],3,3,"[0.6601234827680622, 0.6109507568947781]",1,-1
42576,[0.39541695 0.55485036],0,1,"[0.37965276877051146, 0.575157747726818]",1,-1
42577,[0.22792929 0.27517938],1,-1,-1,0,0
42578,[0.45583255 0.5736365 ],0,-1,-1,1,-1
42579,[0.303519   0.25935384],1,2,"[0.294379027732062, 0.1921773781634303]",0,0
42580,[0.24112243 0.24355217],1,-1,-1,0,0
42581,[0.61792852 0.59830053],3,3,"[0.6601234827680622, 0.6109507568947781]",1,-1
42582,[0.29155892 0.52124871],0,-1,-1,1,-1
42583,[0.63773451 0.72291801],3,-1,-1,1,-1
42584,[0.74085332 0.57817143],3,-1,-1,1,-1
42585,[0.72433005 0.66338712],3,0,"[0.7890750777399501, 0.6799557517006445]",1,-1
42586,[0.26456986 0.20548249],1,2,"[0.294379027732062, 0.1921773781634303]",0,0
42587,[0.36157053 0.63524394],0,1,"[0.37965276877051146, 0.575157747726818]",1,-1
42588,[0.74981243 0.65792551],2,0,"[0.7890750777399501, 0.6799557517006445]",1,-1
42589,[0.43087431 0.62051246],0,1,"[0.37965276877051146, 0.575157747726818]",1,-1
42590,[0.82085801 0.68631381],2,0,"[0.7890750777399501, 0.6799557517006445]",1,-1
42591,[0.29629672 0.16160465],1,2,"[0.294379027732062, 0.1921773781634303]",0,0
42592,[0.30790364 0.62216975],0,-1,-1,1,-1
42593,[0.84369696 0.7070912 ],2,0,"[0.7890750777399501, 0.6799557517006445]",1,-1
42594,[0.72718961 0.53540958],3,-1,-1,1,-1
42595,[0.61820967 0.61111296],3,3,"[0.6601234827680622, 0.6109507568947781]",1,-1
42596,[0.78220361 0.71630139],2,0,"[0.7890750777399501, 0.6799557517006445]",1,-1
42597,[0.41814636 0.56744006],0,1,"[0.37965276877051146, 0.575157747726818]",1,-1
42598,[0.28501175 0.20550144],1,2,"[0.294379027732062, 0.1921773781634303]",0,0
42599,[0.41273574 0.61364333],0,1,"[0.37965276877051146, 0.575157747726818]",1,-1
42600,[0.81678848 0.67496247],2,0,"[0.7890750777399501, 0.6799557517006445]",1,-1
42601,[0.36512797 0.60648451],0,1,"[0.37965276877051146, 0.575157747726818]",1,-1
42602,[0.3011532  0.17923927],1,2,"[0.294379027732062, 0.1921773781634303]",0,0
42603,[0.71569148 0.63604682],3,3,"[0.6601234827680622, 0.6109507568947781]",1,-1
42604,[0.62760822 0.6883321 ],3,-1,-1,1,-1
42605,[0.83852957 0.69274454],2,0,"[0.7890750777399501, 0.6799557517006445]",1,-1
42606,[0.57612653 0.5632658 ],3,-1,-1,1,-1
42607,[0.72455375 0.71362   ],2,-1,-1,1,-1
42608,[0.70930522 0.62003563],3,3,"[0.6601234827680622, 0.6109507568947781]",1,-1
42609,[0.63015618 0.68828159],3,-1,-1,1,-1
42610,[0.72130746 0.7497367 ],2,-1,-1,1,-1
42611,[0.20809273 0.1367072 ],1,-1,-1,0,0
42612,[0.32188759 0.55728881],0,1,"[0.37965276877051146, 0.575157747726818]",1,-1
42613,[0.65852401 0.56435449],3,3,"[0.6601234827680622, 0.6109507568947781]",1,-1
42614,[0.39636223 0.56398271],0,1,"[0.37965276877051146, 0.575157747726818]",1,2
42615,[0.77928883 0.63623204],2,0,"[0.7890750777399501, 0.6799557517006445]",1,-1
42616,[0.39678012 0.60805556],0,1,"[0.37965276877051146, 0.575157747726818]",1,-1
42617,[0.7840506  0.69941093],2,0,"[0.7890750777399501, 0.6799557517006445]",1,-1
42618,[0.6520475  0.66369557],3,3,"[0.6601234827680622, 0.6109507568947781]",1,-1
42619,[0.15787291 0.19030329],1,-1,-1,0,0
42620,[0.67313385 0.6942434 ],3,-1,-1,1,-1
42621,[0.28889558 0.12370293],1,2,"[0.294379027732062, 0.1921773781634303]",0,0
42622,[0.64519572 0.61040428],3,3,"[0.6601234827680622, 0.6109507568947781]",1,6
42623,[0.81695109 0.65711925],2,0,"[0.7890750777399501, 0.6799557517006445]",1,-1
42624,[0.33429801 0.29280579],1,-1,-1,0,0
42625,[0.7030863  0.59649848],3,3,"[0.6601234827680622, 0.6109507568947781]",1,-1
42626,[0.82301616 0.62319218],2,0,"[0.7890750777399501, 0.6799557517006445]",1,-1
42627,[0.83252302 0.61636427],2,-1,-1,1,-1
42628,[0.65176147 0.57969599],3,3,"[0.6601234827680622, 0.6109507568947781]",1,-1
42629,[0.32780811 0.2132721 ],1,2,"[0.294379027732062, 0.1921773781634303]",0,0
42630,[0.81966118 0.7133242 ],2,0,"[0.7890750777399501, 0.6799557517006445]",1,-1
42631,[0.31739781 0.19735686],1,2,"[0.294379027732062, 0.1921773781634303]",0,0
42632,[0.44087847 0.16881152],1,-1,-1,0,0
42633,[0.36546592 0.52811661],0,1,"[0.37965276877051146, 0.575157747726818]",1,-1
42634,[0.50370914 0.69693532],3,-1,-1,1,-1
42635,[0.6794606  0.69532893],3,-1,-1,1,-1
42636,[0.34809085 0.52178963],0,1,"[0.37965276877051146, 0.575157747726818]",1,-1
42637,[0.26769542 0.58579435],0,-1,-1,1,-1
42638,[0.35023614 0.23262837],1,2,"[0.294379027732062, 0.1921773781634303]",0,0
42639,[0.33256547 0.61005258],0,1,"[0.37965276877051146, 0.575157747726818]",1,-1
42640,[0.36515485 0.53661692],0,1,"[0.37965276877051146, 0.575157747726818]",1,-1
42641,[0.79438549 0.64782611],2,0,"[0.7890750777399501, 0.6799557517006445]",1,-1
42642,[0.29618918 0.49858439],0,-1,-1,1,-1
42643,[0.33909404 0.59972692],0,1,"[0.37965276877051146, 0.575157747726818]",1,-1
42644,[0.34898709 0.23261473],1,2,"[0.294379027732062, 0.1921773781634303]",0,0
42645,[0.74045205 0.71613084],2,0,"[0.7890750777399501, 0.6799557517006445]",1,-1
42646,[0.22378895 0.19660467],1,-1,-1,0,0
42647,[0.69417349 0.61471644],3,3,"[0.6601234827680622, 0.6109507568947781]",1,-1
42648,[0.80230239 0.66705397],2,0,"[0.7890750777399501, 0.6799557517006445]",1,4
42649,[0.31940454 0.23760312],1,2,"[0.294379027732062, 0.1921773781634303]",0,0
42650,[0.31133992 0.2529318 ],1,2,"[0.294379027732062, 0.1921773781634303]",0,0
42651,[0.70922553 0.65768019],3,3,"[0.6601234827680622, 0.6109507568947781]",1,-1
42652,[0.634911   0.66399711],3,3,"[0.6601234827680622, 0.6109507568947781]",1,-1
42653,[0.42900709 0.60293089],0,1,"[0.37965276877051146, 0.575157747726818]",1,-1
42654,[0.6143645  0.62174709],3,3,"[0.6601234827680622, 0.6109507568947781]",1,-1
42655,[0.36932546 0.28545749],1,-1,-1,0,0
42656,[0.81643434 0.72285729],2,0,"[0.7890750777399501, 0.6799557517006445]",1,-1
42657,[0.39436227 0.55376814],0,1,"[0.37965276877051146, 0.575157747726818]",1,-1
42658,[0.62175141 0.61775718],3,3,"[0.6601234827680622, 0.6109507568947781]",1,-1
42659,[0.34536502 0.17732853],1,2,"[0.294379027732062, 0.1921773781634303]",0,0
42660,[0.77743862 0.76445335],2,-1,-1,1,-1
42661,[0.48298613 0.60260077],0,-1,-1,1,-1
42662,[0.83316595 0.69748763],2,0,"[0.7890750777399501, 0.6799557517006445]",1,-1
42663,[0.65501323 0.63137895],3,3,"[0.6601234827680622, 0.6109507568947781]",1,-1
42664,[0.61230168 0.7160403 ],3,-1,-1,1,-1
42665,[0.25480497 0.09047549],1,-1,-1,0,0
42666,[0.68016189 0.63731091],3,3,"[0.6601234827680622, 0.6109507568947781]",1,-1
42667,[0.3659277  0.59534818],0,1,"[0.37965276877051146, 0.575157747726818]",1,-1
42668,[0.18415583 0.137997  ],1,-1,-1,0,0
42669,[0.38488505 0.55464604],0,1,"[0.37965276877051146, 0.575157747726818]",1,-1
42670,[0.59772539 0.56736643],3,-1,-1,1,-1
42671,[0.76643957 0.75070521],2,-1,-1,1,-1
42672,[0.76174822 0.61201495],2,-1,-1,1,-1
42673,[0.78850416 0.66306448],2,0,"[0.7890750777399501, 0.6799557517006445]",1,-1
42674,[0.7023951  0.64108479],3,3,"[0.6601234827680622, 0.6109507568947781]",1,-1
42675,[0.61774714 0.62123393],3,3,"[0.6601234827680622, 0.6109507568947781]",1,-1
42676,[0.79151013 0.66887195],2,0,"[0.7890750777399501, 0.6799557517006445]",1,4
42677,[0.69661992 0.61785384],3,3,"[0.6601234827680622, 0.6109507568947781]",1,-1
42678,[0.74795433 0.75129845],2,-1,-1,1,-1
42679,[0.81931615 0.68163498],2,0,"[0.7890750777399501, 0.6799557517006445]",1,-1
42680,[0.3980914  0.59669886],0,1,"[0.37965276877051146, 0.575157747726818]",1,-1
42681,[0.82593573 0.62829348],2,0,"[0.7890750777399501, 0.6799557517006445]",1,-1
42682,[0.26252919 0.18274286],1,2,"[0.294379027732062, 0.1921773781634303]",0,0
42683,[0.8018634  0.75539626],2,-1,-1,1,-1
42684,[0.32224303 0.22679292],1,2,"[0.294379027732062, 0.1921773781634303]",0,0
42685,[0.25336793 0.23785289],1,2,"[0.294379027732062, 0.1921773781634303]",0,0
42686,[0.3599592 0.5585503],0,1,"[0.37965276877051146, 0.575157747726818]",1,-1
42687,[0.27262956 0.20445878],1,2,"[0.294379027732062, 0.1921773781634303]",0,0
42688,[0.7467362  0.64086111],2,0,"[0.7890750777399501, 0.6799557517006445]",1,-1
42689,[0.82667749 0.69295337],2,0,"[0.7890750777399501, 0.6799557517006445]",1,-1
42690,[0.42831832 0.61964838],0,1,"[0.37965276877051146, 0.575157747726818]",1,-1
42691,[0.36446139 0.55772533],0,1,"[0.37965276877051146, 0.575157747726818]",1,1
42692,[0.3436539  0.25050567],1,-1,-1,0,0
42693,[0.40663321 0.59984536],0,1,"[0.37965276877051146, 0.575157747726818]",1,-1
42694,[0.7581622  0.62661578],2,0,"[0.7890750777399501, 0.6799557517006445]",1,-1
42695,[0.39367193 0.60264638],0,1,"[0.37965276877051146, 0.575157747726818]",1,-1
42696,[0.42603469 0.5567345 ],0,1,"[0.37965276877051146, 0.575157747726818]",1,-1
42697,[0.80336668 0.66149589],2,0,"[0.7890750777399501, 0.6799557517006445]",1,-1
42698,[0.82181288 0.72222675],2,0,"[0.7890750777399501, 0.6799557517006445]",1,-1
42699,[0.29753168 0.10565695],1,-1,-1,0,0
42700,[0.41092585 0.63524535],0,1,"[0.37965276877051146, 0.575157747726818]",1,-1
42701,[0.38665532 0.58957237],0,1,"[0.37965276877051146, 0.575157747726818]",1,-1
42702,[0.78149898 0.64971051],2,0,"[0.7890750777399501, 0.6799557517006445]",1,-1
42703,[0.75604767 0.6577652 ],2,0,"[0.7890750777399501, 0.6799557517006445]",1,-1
42704,[0.70893157 0.58643443],3,3,"[0.6601234827680622, 0.6109507568947781]",1,-1
42705,[0.26170756 0.28461893],1,-1,-1,0,0
42706,[0.80775829 0.75493887],2,-1,-1,1,-1
42707,[0.37736837 0.51484119],0,1,"[0.37965276877051146, 0.575157747726818]",1,-1
42708,[0.67255503 0.59104744],3,3,"[0.6601234827680622, 0.6109507568947781]",1,-1
42709,[0.34964289 0.53896504],0,1,"[0.37965276877051146, 0.575157747726818]",1,-1
42710,[0.78196053 0.74290588],2,0,"[0.7890750777399501, 0.6799557517006445]",1,-1
42711,[0.86924104 0.64287989],2,-1,-1,1,-1
42712,[0.81093763 0.69569425],2,0,"[0.7890750777399501, 0.6799557517006445]",1,-1
42713,[0.25913784 0.27969484],1,-1,-1,0,0
42714,[0.78588592 0.73769773],2,0,"[0.7890750777399501, 0.6799557517006445]",1,-1
42715,[0.34855724 0.52457316],0,1,"[0.37965276877051146, 0.575157747726818]",1,-1
42716,[0.35323954 0.26088355],1,-1,-1,0,0
42717,[0.70884559 0.63220653],3,3,"[0.6601234827680622, 0.6109507568947781]",1,-1
42718,[0.30000963 0.25629117],1,2,"[0.294379027732062, 0.1921773781634303]",0,0
42719,[0.7787296  0.66512298],2,0,"[0.7890750777399501, 0.6799557517006445]",1,-1
42720,[0.81623591 0.65384979],2,0,"[0.7890750777399501, 0.6799557517006445]",1,-1
42721,[0.30545397 0.29525946],1,-1,-1,0,0
42722,[0.39592662 0.57626137],0,1,"[0.37965276877051146, 0.575157747726818]",1,-1
42723,[0.60730495 0.66352656],3,-1,-1,1,-1
42724,[0.32201709 0.2462749 ],1,2,"[0.294379027732062, 0.1921773781634303]",0,0
42725,[0.76939032 0.58222009],3,-1,-1,1,-1
42726,[0.61710682 0.64112362],3,3,"[0.6601234827680622, 0.6109507568947781]",1,-1
42727,[0.30104896 0.17995711],1,2,"[0.294379027732062, 0.1921773781634303]",0,0
42728,[0.33310073 0.19711823],1,2,"[0.294379027732062, 0.1921773781634303]",0,0
42729,[0.33962449 0.5812318 ],0,1,"[0.37965276877051146, 0.575157747726818]",1,-1
42730,[0.45175955 0.55132098],0,-1,-1,1,-1
42731,[0.27343259 0.14972847],1,2,"[0.294379027732062, 0.1921773781634303]",0,0
42732,[0.4153258  0.51785952],0,1,"[0.37965276877051146, 0.575157747726818]",1,-1
42733,[0.33913264 0.20628036],1,2,"[0.294379027732062, 0.1921773781634303]",0,0
42734,[0.66551063 0.6083846 ],3,3,"[0.6601234827680622, 0.6109507568947781]",1,-1
42735,[0.70344968 0.59776042],3,3,"[0.6601234827680622, 0.6109507568947781]",1,-1
42736,[0.40170053 0.56900307],0,1,"[0.37965276877051146, 0.575157747726818]",1,2
42737,[0.2832154  0.59337701],0,-1,-1,1,-1
42738,[0.74785404 0.67479578],2,0,"[0.7890750777399501, 0.6799557517006445]",1,-1
42739,[0.8159047 0.6465415],2,0,"[0.7890750777399501, 0.6799557517006445]",1,-1
42740,[0.83187896 0.62493714],2,0,"[0.7890750777399501, 0.6799557517006445]",1,-1
42741,[0.59798144 0.61352706],3,3,"[0.6601234827680622, 0.6109507568947781]",1,-1
42742,[0.62707102 0.55632377],3,3,"[0.6601234827680622, 0.6109507568947781]",1,-1
42743,[0.28213592 0.21794271],1,2,"[0.294379027732062, 0.1921773781634303]",0,0
42744,[0.80454921 0.78334115],2,-1,-1,1,-1
42745,[0.77668762 0.58286027],2,-1,-1,1,-1
42746,[0.25034024 0.20204795],1,2,"[0.294379027732062, 0.1921773781634303]",0,0
42747,[0.24294137 0.18316869],1,2,"[0.294379027732062, 0.1921773781634303]",0,0
42748,[0.64440859 0.62206889],3,3,"[0.6601234827680622, 0.6109507568947781]",1,-1
42749,[0.7267418  0.63655727],3,-1,-1,1,-1
42750,[0.33682836 0.51646117],0,-1,-1,1,-1
42751,[0.27919477 0.5709754 ],0,-1,-1,1,-1
42752,[0.35948997 0.19865022],1,2,"[0.294379027732062, 0.1921773781634303]",0,0
42753,[0.84676847 0.69078183],2,0,"[0.7890750777399501, 0.6799557517006445]",1,-1
42754,[0.69382184 0.58251253],3,3,"[0.6601234827680622, 0.6109507568947781]",1,-1
42755,[0.79479711 0.5503072 ],2,-1,-1,1,-1
42756,[0.68343023 0.55914862],3,3,"[0.6601234827680622, 0.6109507568947781]",1,-1
42757,[0.2961687  0.26840644],1,-1,-1,0,0
42758,[0.3249     0.22108049],1,2,"[0.294379027732062, 0.1921773781634303]",0,0
42759,[0.37338613 0.66209804],0,-1,-1,1,-1
42760,[0.32998369 0.18781688],1,2,"[0.294379027732062, 0.1921773781634303]",0,0
42761,[0.44651454 0.594801  ],0,1,"[0.37965276877051146, 0.575157747726818]",1,-1
42762,[0.7008946  0.58808306],3,3,"[0.6601234827680622, 0.6109507568947781]",1,-1
42763,[0.36619021 0.62066281],0,1,"[0.37965276877051146, 0.575157747726818]",1,-1
42764,[0.38186967 0.49338086],0,-1,-1,1,-1
42765,[0.64518862 0.5844756 ],3,3,"[0.6601234827680622, 0.6109507568947781]",1,-1
42766,[0.25583588 0.17447097],1,2,"[0.294379027732062, 0.1921773781634303]",0,0
42767,[0.27987077 0.18516184],1,2,"[0.294379027732062, 0.1921773781634303]",0,0
42768,[0.35552091 0.19643817],1,2,"[0.294379027732062, 0.1921773781634303]",0,0
42769,[0.77328067 0.60527579],2,-1,-1,1,-1
42770,[0.79247026 0.66646716],2,0,"[0.7890750777399501, 0.6799557517006445]",1,4
42771,[0.80987585 0.62256062],2,0,"[0.7890750777399501, 0.6799557517006445]",1,-1
42772,[0.64598197 0.56966538],3,3,"[0.6601234827680622, 0.6109507568947781]",1,-1
42773,[0.41508095 0.49979067],0,-1,-1,1,-1
42774,[0.74127251 0.75967736],2,-1,-1,1,-1
42775,[0.35070989 0.19260075],1,2,"[0.294379027732062, 0.1921773781634303]",0,0
42776,[0.69384343 0.65310481],3,3,"[0.6601234827680622, 0.6109507568947781]",1,-1
42777,[0.67533968 0.56905358],3,3,"[0.6601234827680622, 0.6109507568947781]",1,-1
42778,[0.21821332 0.25966774],1,-1,-1,0,0
42779,[0.33045977 0.22405824],1,2,"[0.294379027732062, 0.1921773781634303]",0,0
42780,[0.59907212 0.64461369],3,3,"[0.6601234827680622, 0.6109507568947781]",1,-1
42781,[0.73628894 0.61990852],2,-1,-1,1,-1
42782,[0.47492523 0.61166939],0,-1,-1,1,-1
42783,[0.43703974 0.54765254],0,1,"[0.37965276877051146, 0.575157747726818]",1,-1
42784,[0.28482128 0.13242729],1,2,"[0.294379027732062, 0.1921773781634303]",0,0
42785,[0.68024697 0.62782603],3,3,"[0.6601234827680622, 0.6109507568947781]",1,-1
42786,[0.61710831 0.70883283],3,-1,-1,1,-1
42787,[0.7465631  0.71822334],2,0,"[0.7890750777399501, 0.6799557517006445]",1,-1
42788,[0.26055469 0.23842482],1,2,"[0.294379027732062, 0.1921773781634303]",0,0
42789,[0.42957648 0.54235888],0,1,"[0.37965276877051146, 0.575157747726818]",1,-1
42790,[0.29881098 0.2326326 ],1,2,"[0.294379027732062, 0.1921773781634303]",0,0
42791,[0.76452524 0.67483489],2,0,"[0.7890750777399501, 0.6799557517006445]",1,-1
42792,[0.37133717 0.577217  ],0,1,"[0.37965276877051146, 0.575157747726818]",1,1
42793,[0.81148716 0.65272029],2,0,"[0.7890750777399501, 0.6799557517006445]",1,-1
42794,[0.33305065 0.53428459],0,1,"[0.37965276877051146, 0.575157747726818]",1,-1
42795,[0.46488056 0.47981095],0,-1,-1,1,-1
42796,[0.37223122 0.57343669],0,1,"[0.37965276877051146, 0.575157747726818]",1,1
42797,[0.63635853 0.57896454],3,3,"[0.6601234827680622, 0.6109507568947781]",1,-1
42798,[0.26258579 0.25186646],1,2,"[0.294379027732062, 0.1921773781634303]",0,0
42799,[0.77561247 0.64896182],2,0,"[0.7890750777399501, 0.6799557517006445]",1,-1
42800,[0.8066419  0.71039434],2,0,"[0.7890750777399501, 0.6799557517006445]",1,-1
42801,[0.68496702 0.61286761],3,3,"[0.6601234827680622, 0.6109507568947781]",1,5
42802,[0.68720433 0.6322883 ],3,3,"[0.6601234827680622, 0.6109507568947781]",1,-1
42803,[0.5689004  0.63257959],3,-1,-1,1,-1
42804,[0.14775097 0.10585543],1,-1,-1,0,0
42805,[0.46271332 0.57203327],0,-1,-1,1,-1
42806,[0.28375635 0.27085343],1,-1,-1,0,0
42807,[0.40599306 0.16118284],1,-1,-1,0,0
42808,[0.39524934 0.14305907],1,-1,-1,0,0
42809,[0.72386132 0.6291866 ],2,3,"[0.6601234827680622, 0.6109507568947781]",1,-1
42810,[0.35083793 0.22170777],1,2,"[0.294379027732062, 0.1921773781634303]",0,0
42811,[0.67035631 0.64721851],3,3,"[0.6601234827680622, 0.6109507568947781]",1,-1
42812,[0.63405602 0.75926024],3,-1,-1,1,-1
42813,[0.8659809 0.642017 ],2,-1,-1,1,-1
42814,[0.25731682 0.13394443],1,2,"[0.294379027732062, 0.1921773781634303]",0,0
42815,[0.73363075 0.70477291],2,0,"[0.7890750777399501, 0.6799557517006445]",1,-1
42816,[0.63443756 0.61288286],3,3,"[0.6601234827680622, 0.6109507568947781]",1,-1
42817,[0.73533699 0.69218991],2,0,"[0.7890750777399501, 0.6799557517006445]",1,-1
42818,[0.44430167 0.58198978],0,1,"[0.37965276877051146, 0.575157747726818]",1,-1
42819,[0.38442729 0.18147617],1,-1,-1,0,0
42820,[0.40433536 0.72544976],0,-1,-1,1,-1
42821,[0.72241248 0.69465413],2,0,"[0.7890750777399501, 0.6799557517006445]",1,-1
42822,[0.33228666 0.52728902],0,1,"[0.37965276877051146, 0.575157747726818]",1,-1
42823,[0.80771597 0.77249675],2,-1,-1,1,-1
42824,[0.3438833  0.54878074],0,1,"[0.37965276877051146, 0.575157747726818]",1,-1
42825,[0.71883121 0.66449317],3,-1,-1,1,-1
42826,[0.65197307 0.71308605],3,-1,-1,1,-1
42827,[0.72362659 0.62658746],3,3,"[0.6601234827680622, 0.6109507568947781]",1,-1
42828,[0.40643241 0.54869545],0,1,"[0.37965276877051146, 0.575157747726818]",1,-1
42829,[0.38893527 0.59414484],0,1,"[0.37965276877051146, 0.575157747726818]",1,-1
42830,[0.23160872 0.30634151],1,-1,-1,0,0
42831,[0.32508954 0.61906657],0,-1,-1,1,-1
42832,[0.81322219 0.6927359 ],2,0,"[0.7890750777399501, 0.6799557517006445]",1,-1
42833,[0.84918705 0.72293389],2,-1,-1,1,-1
42834,[0.28672439 0.19986264],1,2,"[0.294379027732062, 0.1921773781634303]",0,0
42835,[0.250459   0.10612267],1,-1,-1,0,0
42836,[0.36530141 0.58470848],0,1,"[0.37965276877051146, 0.575157747726818]",1,-1
42837,[0.38645882 0.58822619],0,1,"[0.37965276877051146, 0.575157747726818]",1,-1
42838,[0.65796978 0.63860591],3,3,"[0.6601234827680622, 0.6109507568947781]",1,-1
42839,[0.36843783 0.55095229],0,1,"[0.37965276877051146, 0.575157747726818]",1,-1
42840,[0.67626779 0.60735132],3,3,"[0.6601234827680622, 0.6109507568947781]",1,-1
42841,[0.66103391 0.61912225],3,3,"[0.6601234827680622, 0.6109507568947781]",1,-1
42842,[0.14737834 0.20834693],1,-1,-1,0,0
42843,[0.63896295 0.57556634],3,3,"[0.6601234827680622, 0.6109507568947781]",1,-1
42844,[0.355803   0.58404091],0,1,"[0.37965276877051146, 0.575157747726818]",1,-1
42845,[0.78455302 0.67000704],2,0,"[0.7890750777399501, 0.6799557517006445]",1,-1
42846,[0.24916865 0.14624852],1,2,"[0.294379027732062, 0.1921773781634303]",0,0
42847,[0.75847557 0.664319  ],2,0,"[0.7890750777399501, 0.6799557517006445]",1,-1
42848,[0.70767825 0.59954373],3,3,"[0.6601234827680622, 0.6109507568947781]",1,-1
42849,[0.24953748 0.16495676],1,2,"[0.294379027732062, 0.1921773781634303]",0,0
42850,[0.77283458 0.68191143],2,0,"[0.7890750777399501, 0.6799557517006445]",1,4
42851,[0.70009737 0.63131817],3,3,"[0.6601234827680622, 0.6109507568947781]",1,-1
42852,[0.65907001 0.60387235],3,3,"[0.6601234827680622, 0.6109507568947781]",1,-1
42853,[0.79404999 0.74714835],2,0,"[0.7890750777399501, 0.6799557517006445]",1,-1
42854,[0.83615381 0.64136294],2,0,"[0.7890750777399501, 0.6799557517006445]",1,-1
42855,[0.3336533  0.14615595],1,2,"[0.294379027732062, 0.1921773781634303]",0,0
42856,[0.75533227 0.65300378],2,0,"[0.7890750777399501, 0.6799557517006445]",1,-1
42857,[0.66281067 0.65639587],3,3,"[0.6601234827680622, 0.6109507568947781]",1,-1
42858,[0.84839147 0.74405913],2,-1,-1,1,-1
42859,[0.25535295 0.16115889],1,2,"[0.294379027732062, 0.1921773781634303]",0,0
42860,[0.84076796 0.63397379],2,0,"[0.7890750777399501, 0.6799557517006445]",1,-1
42861,[0.32745659 0.59574812],0,1,"[0.37965276877051146, 0.575157747726818]",1,-1
42862,[0.369465   0.44914748],0,-1,-1,1,-1
42863,[0.84350584 0.69485474],2,0,"[0.7890750777399501, 0.6799557517006445]",1,-1
42864,[0.36164229 0.63386057],0,1,"[0.37965276877051146, 0.575157747726818]",1,-1
42865,[0.63939829 0.61348678],3,3,"[0.6601234827680622, 0.6109507568947781]",1,-1
42866,[0.41993138 0.56399313],0,1,"[0.37965276877051146, 0.575157747726818]",1,-1
42867,[0.35396369 0.56630382],0,1,"[0.37965276877051146, 0.575157747726818]",1,-1
42868,[0.59262415 0.71728641],3,-1,-1,1,-1
42869,[0.35029811 0.5429854 ],0,1,"[0.37965276877051146, 0.575157747726818]",1,-1
42870,[0.40704409 0.54498702],0,1,"[0.37965276877051146, 0.575157747726818]",1,-1
42871,[0.35928171 0.13562394],1,-1,-1,0,0
42872,[0.26380276 0.15136411],1,2,"[0.294379027732062, 0.1921773781634303]",0,0
42873,[0.38937941 0.58714211],0,1,"[0.37965276877051146, 0.575157747726818]",1,-1
42874,[0.28362489 0.65464058],0,-1,-1,1,-1
42875,[0.32844614 0.53840458],0,1,"[0.37965276877051146, 0.575157747726818]",1,-1
42876,[0.75978283 0.6581517 ],2,0,"[0.7890750777399501, 0.6799557517006445]",1,3
42877,[0.3424368  0.60303217],0,1,"[0.37965276877051146, 0.575157747726818]",1,-1
42878,[0.44122779 0.52634594],0,-1,-1,1,-1
42879,[0.78207546 0.6970535 ],2,0,"[0.7890750777399501, 0.6799557517006445]",1,-1
42880,[0.6586299  0.51107329],3,-1,-1,1,-1
42881,[0.33880136 0.55645607],0,1,"[0.37965276877051146, 0.575157747726818]",1,-1
42882,[0.79548697 0.68093416],2,0,"[0.7890750777399501, 0.6799557517006445]",1,-1
42883,[0.24935902 0.18555961],1,2,"[0.294379027732062, 0.1921773781634303]",0,0
42884,[0.73712373 0.60719412],3,-1,-1,1,-1
42885,[0.80549435 0.6843549 ],2,0,"[0.7890750777399501, 0.6799557517006445]",1,4
42886,[0.78616232 0.70385   ],2,0,"[0.7890750777399501, 0.6799557517006445]",1,-1
42887,[0.78243094 0.77549089],2,-1,-1,1,-1
42888,[0.6199984  0.61015454],3,3,"[0.6601234827680622, 0.6109507568947781]",1,-1
42889,[0.79756391 0.69121754],2,0,"[0.7890750777399501, 0.6799557517006445]",1,-1
42890,[0.68605213 0.60786683],3,3,"[0.6601234827680622, 0.6109507568947781]",1,5
42891,[0.85489944 0.70576231],2,-1,-1,1,-1
42892,[0.45047024 0.50398056],0,-1,-1,1,-1
42893,[0.3092772 0.546806 ],0,-1,-1,1,-1
42894,[0.76505777 0.63954713],2,0,"[0.7890750777399501, 0.6799557517006445]",1,-1
42895,[0.79882578 0.708627  ],2,0,"[0.7890750777399501, 0.6799557517006445]",1,-1
42896,[0.77960711 0.68995101],2,0,"[0.7890750777399501, 0.6799557517006445]",1,-1
42897,[0.27348489 0.23527619],1,2,"[0.294379027732062, 0.1921773781634303]",0,0
42898,[0.71890452 0.58102384],3,3,"[0.6601234827680622, 0.6109507568947781]",1,-1
42899,[0.80291179 0.60283204],2,-1,-1,1,-1
42900,[0.62640733 0.55264502],3,3,"[0.6601234827680622, 0.6109507568947781]",1,-1
42901,[0.26820986 0.23367819],1,2,"[0.294379027732062, 0.1921773781634303]",0,0
42902,[0.711817   0.75905866],2,-1,-1,1,-1
42903,[0.60267029 0.59304201],3,3,"[0.6601234827680622, 0.6109507568947781]",1,-1
42904,[0.7391966  0.60211146],3,-1,-1,1,-1
42905,[0.2535739  0.22647541],1,2,"[0.294379027732062, 0.1921773781634303]",0,0
42906,[0.7230398  0.61240752],3,3,"[0.6601234827680622, 0.6109507568947781]",1,-1
42907,[0.25329824 0.10130056],1,-1,-1,0,0
42908,[0.65368321 0.66911452],2,3,"[0.6601234827680622, 0.6109507568947781]",1,-1
42909,[0.3053333  0.29697908],1,-1,-1,0,0
42910,[0.38462574 0.18746243],1,-1,-1,0,0
42911,[0.76796279 0.60990172],3,-1,-1,1,-1
42912,[0.31236826 0.47684764],0,-1,-1,1,-1
42913,[0.85090907 0.67380181],2,0,"[0.7890750777399501, 0.6799557517006445]",1,-1
42914,[0.77018428 0.70387271],2,0,"[0.7890750777399501, 0.6799557517006445]",1,-1
42915,[0.29422804 0.1736414 ],1,2,"[0.294379027732062, 0.1921773781634303]",0,0
42916,[0.29058611 0.08986466],1,-1,-1,0,0
42917,[0.70195014 0.61362105],3,3,"[0.6601234827680622, 0.6109507568947781]",1,-1
42918,[0.22284882 0.17509033],1,-1,-1,0,0
42919,[0.34128885 0.61642854],0,1,"[0.37965276877051146, 0.575157747726818]",1,-1
42920,[0.47230343 0.58518774],0,-1,-1,1,-1
42921,[0.19442034 0.29285078],1,-1,-1,0,0
42922,[0.69970395 0.63037205],3,3,"[0.6601234827680622, 0.6109507568947781]",1,-1
42923,[0.35558044 0.67949321],0,-1,-1,1,-1
42924,[0.74230732 0.67444402],2,0,"[0.7890750777399501, 0.6799557517006445]",1,-1
42925,[0.37150759 0.23132022],1,-1,-1,0,0
42926,[0.71440981 0.63576239],3,3,"[0.6601234827680622, 0.6109507568947781]",1,-1
42927,[0.34578269 0.13692955],1,-1,-1,0,0
42928,[0.40089688 0.21171949],1,-1,-1,0,0
42929,[0.43544343 0.54260573],0,1,"[0.37965276877051146, 0.575157747726818]",1,-1
42930,[0.81697017 0.82500852],2,-1,-1,1,-1
42931,[0.67397412 0.58103968],3,3,"[0.6601234827680622, 0.6109507568947781]",1,-1
42932,[0.6749841  0.57766314],3,3,"[0.6601234827680622, 0.6109507568947781]",1,-1
42933,[0.3547746  0.15664507],1,-1,-1,0,0
42934,[0.28378189 0.31179104],1,-1,-1,0,0
42935,[0.87856641 0.60984818],2,-1,-1,1,-1
42936,[0.75620678 0.67965111],2,0,"[0.7890750777399501, 0.6799557517006445]",1,-1
42937,[0.65393765 0.62785315],3,3,"[0.6601234827680622, 0.6109507568947781]",1,-1
42938,[0.84703589 0.66993545],2,0,"[0.7890750777399501, 0.6799557517006445]",1,-1
42939,[0.40760909 0.50000138],0,-1,-1,1,-1
42940,[0.80192072 0.76980897],2,-1,-1,1,-1
42941,[0.35572981 0.10951755],1,-1,-1,0,0
42942,[0.83712619 0.64368148],2,0,"[0.7890750777399501, 0.6799557517006445]",1,-1
42943,[0.29614565 0.26211656],1,2,"[0.294379027732062, 0.1921773781634303]",0,0
42944,[0.63542828 0.56988733],3,3,"[0.6601234827680622, 0.6109507568947781]",1,-1
42945,[0.42567173 0.54917749],0,1,"[0.37965276877051146, 0.575157747726818]",1,-1
42946,[0.69396806 0.5975166 ],3,3,"[0.6601234827680622, 0.6109507568947781]",1,-1
42947,[0.64925538 0.6160819 ],3,3,"[0.6601234827680622, 0.6109507568947781]",1,-1
42948,[0.75166872 0.74248468],2,-1,-1,1,-1
42949,[0.74957666 0.65301182],2,0,"[0.7890750777399501, 0.6799557517006445]",1,-1
42950,[0.49106683 0.57357333],0,-1,-1,1,-1
42951,[0.21784739 0.15828369],1,-1,-1,0,0
42952,[0.82573718 0.61454806],2,-1,-1,1,-1
42953,[0.27208735 0.08563567],1,-1,-1,0,0
42954,[0.39111675 0.62963562],0,1,"[0.37965276877051146, 0.575157747726818]",1,-1
42955,[0.1486627  0.15474801],1,-1,-1,0,0
42956,[0.71195807 0.62394396],2,3,"[0.6601234827680622, 0.6109507568947781]",1,-1
42957,[0.80075102 0.63884437],2,0,"[0.7890750777399501, 0.6799557517006445]",1,-1
42958,[0.25810592 0.5828646 ],0,-1,-1,1,-1
42959,[0.299558   0.23086982],1,2,"[0.294379027732062, 0.1921773781634303]",0,0
42960,[0.73423836 0.59900183],3,-1,-1,1,-1
42961,[0.7099964  0.69267922],3,-1,-1,1,-1
42962,[0.36208643 0.11767699],1,-1,-1,0,0
42963,[0.76824432 0.73112708],2,0,"[0.7890750777399501, 0.6799557517006445]",1,-1
42964,[0.8023419  0.66110121],2,0,"[0.7890750777399501, 0.6799557517006445]",1,-1
42965,[0.66316064 0.63217101],3,3,"[0.6601234827680622, 0.6109507568947781]",1,-1
42966,[0.32679309 0.57814018],0,1,"[0.37965276877051146, 0.575157747726818]",1,-1
42967,[0.65926492 0.57945661],3,3,"[0.6601234827680622, 0.6109507568947781]",1,-1
42968,[0.68295075 0.5487401 ],3,3,"[0.6601234827680622, 0.6109507568947781]",1,-1
42969,[0.71187233 0.54256487],3,-1,-1,1,-1
42970,[0.77724469 0.69451701],2,0,"[0.7890750777399501, 0.6799557517006445]",1,-1
42971,[0.69037215 0.56654842],3,3,"[0.6601234827680622, 0.6109507568947781]",1,-1
42972,[0.80880963 0.72924677],2,0,"[0.7890750777399501, 0.6799557517006445]",1,-1
42973,[0.28996112 0.22986862],1,2,"[0.294379027732062, 0.1921773781634303]",0,0
42974,[0.40489318 0.56961016],0,1,"[0.37965276877051146, 0.575157747726818]",1,2
42975,[0.15898249 0.10246146],1,-1,-1,0,0
42976,[0.79872566 0.74942338],2,-1,-1,1,-1
42977,[0.30953252 0.54371145],0,-1,-1,1,-1
42978,[0.69725771 0.71785419],3,-1,-1,1,-1
42979,[0.34505267 0.64728073],0,-1,-1,1,-1
42980,[0.28343512 0.19169326],1,2,"[0.294379027732062, 0.1921773781634303]",0,0
42981,[0.39224601 0.7071643 ],0,-1,-1,1,-1
42982,[0.30390455 0.5741967 ],0,-1,-1,1,-1
42983,[0.59718624 0.53805728],3,-1,-1,1,-1
42984,[0.76427267 0.73894391],2,0,"[0.7890750777399501, 0.6799557517006445]",1,-1
42985,[0.27520399 0.17328613],1,2,"[0.294379027732062, 0.1921773781634303]",0,0
42986,[0.73290215 0.62032155],2,-1,-1,1,-1
42987,[0.38484782 0.57308063],0,1,"[0.37965276877051146, 0.575157747726818]",1,-1
42988,[0.56092076 0.62133625],3,-1,-1,1,-1
42989,[0.65280177 0.6478899 ],3,3,"[0.6601234827680622, 0.6109507568947781]",1,-1
42990,[0.26666187 0.585661  ],0,-1,-1,1,-1
42991,[0.75261988 0.72039872],2,0,"[0.7890750777399501, 0.6799557517006445]",1,-1
42992,[0.37970129 0.55816735],0,1,"[0.37965276877051146, 0.575157747726818]",1,-1
42993,[0.77343755 0.67339719],2,0,"[0.7890750777399501, 0.6799557517006445]",1,-1
42994,[0.23335743 0.16883139],1,2,"[0.294379027732062, 0.1921773781634303]",0,0
42995,[0.34732083 0.61988481],0,1,"[0.37965276877051146, 0.575157747726818]",1,-1
42996,[0.62994581 0.67436931],3,-1,-1,1,-1
42997,[0.46969542 0.59402279],0,-1,-1,1,-1
42998,[0.80040063 0.72382996],2,0,"[0.7890750777399501, 0.6799557517006445]",1,-1
42999,[0.31195151 0.61368459],0,-1,-1,1,-1
43000,[0.76959346 0.66656963],2,0,"[0.7890750777399501, 0.6799557517006445]",1,-1
43001,[0.35056961 0.64108122],0,-1,-1,1,-1
43002,[0.83296785 0.6949236 ],2,0,"[0.7890750777399501, 0.6799557517006445]",1,-1
43003,[0.87770408 0.64576945],2,-1,-1,1,-1
43004,[0.28349615 0.17369331],1,2,"[0.294379027732062, 0.1921773781634303]",0,0
43005,[0.74415239 0.63271216],2,0,"[0.7890750777399501, 0.6799557517006445]",1,-1
43006,[0.76492204 0.70171207],2,0,"[0.7890750777399501, 0.6799557517006445]",1,-1
43007,[0.40339229 0.56441411],0,1,"[0.37965276877051146, 0.575157747726818]",1,2
43008,[0.81568569 0.64763951],2,0,"[0.7890750777399501, 0.6799557517006445]",1,-1
43009,[0.67027017 0.62409176],3,3,"[0.6601234827680622, 0.6109507568947781]",1,7
43010,[0.34831061 0.18547951],1,2,"[0.294379027732062, 0.1921773781634303]",0,0
43011,[0.65688378 0.62595317],3,3,"[0.6601234827680622, 0.6109507568947781]",1,-1
43012,[0.27171985 0.15371958],1,2,"[0.294379027732062, 0.1921773781634303]",0,0
43013,[0.45274879 0.56192038],0,-1,-1,1,-1
43014,[0.76323612 0.70851761],2,0,"[0.7890750777399501, 0.6799557517006445]",1,-1
43015,[0.22975438 0.13447915],1,-1,-1,0,0
43016,[0.27721386 0.57555497],0,-1,-1,1,-1
43017,[0.76872758 0.62984328],2,0,"[0.7890750777399501, 0.6799557517006445]",1,-1
43018,[0.71813997 0.60004161],2,3,"[0.6601234827680622, 0.6109507568947781]",1,-1
43019,[0.84450377 0.7263508 ],2,-1,-1,1,-1
43020,[0.64463442 0.65723904],3,3,"[0.6601234827680622, 0.6109507568947781]",1,-1
43021,[0.75555691 0.65024399],3,0,"[0.7890750777399501, 0.6799557517006445]",1,-1
43022,[0.66594159 0.6657267 ],3,3,"[0.6601234827680622, 0.6109507568947781]",1,-1
43023,[0.84078351 0.665776  ],2,0,"[0.7890750777399501, 0.6799557517006445]",1,-1
43024,[0.64235351 0.55804352],3,3,"[0.6601234827680622, 0.6109507568947781]",1,-1
43025,[0.83917939 0.75954641],2,-1,-1,1,-1
43026,[0.14444746 0.18564155],1,-1,-1,0,0
43027,[0.4160909  0.60200911],0,1,"[0.37965276877051146, 0.575157747726818]",1,-1
43028,[0.43748747 0.48250433],0,-1,-1,1,-1
43029,[0.3767198  0.60979566],0,1,"[0.37965276877051146, 0.575157747726818]",1,-1
43030,[0.26467644 0.23682148],1,2,"[0.294379027732062, 0.1921773781634303]",0,0
43031,[0.74045344 0.74981711],2,-1,-1,1,-1
43032,[0.26464314 0.08523022],1,-1,-1,0,0
43033,[0.63700078 0.63287599],3,3,"[0.6601234827680622, 0.6109507568947781]",1,-1
43034,[0.80854452 0.63196678],2,0,"[0.7890750777399501, 0.6799557517006445]",1,-1
43035,[0.32482828 0.12959451],1,2,"[0.294379027732062, 0.1921773781634303]",0,0
43036,[0.44061073 0.5421876 ],0,1,"[0.37965276877051146, 0.575157747726818]",1,-1
43037,[0.3574651  0.63831766],0,1,"[0.37965276877051146, 0.575157747726818]",1,-1
43038,[0.3149225  0.62080543],0,-1,-1,1,-1
43039,[0.69300976 0.60689161],3,3,"[0.6601234827680622, 0.6109507568947781]",1,-1
43040,[0.63919521 0.61596069],3,3,"[0.6601234827680622, 0.6109507568947781]",1,-1
43041,[0.30873438 0.27743827],1,-1,-1,0,0
43042,[0.49281402 0.5488092 ],0,-1,-1,1,-1
43043,[0.80760066 0.67223643],2,0,"[0.7890750777399501, 0.6799557517006445]",1,-1
43044,[0.61689451 0.60525504],3,3,"[0.6601234827680622, 0.6109507568947781]",1,-1
43045,[0.62627013 0.65229713],3,3,"[0.6601234827680622, 0.6109507568947781]",1,-1
43046,[0.61288755 0.59407253],3,3,"[0.6601234827680622, 0.6109507568947781]",1,-1
43047,[0.79905996 0.67866666],2,0,"[0.7890750777399501, 0.6799557517006445]",1,-1
43048,[0.33775952 0.60626136],0,1,"[0.37965276877051146, 0.575157747726818]",1,-1
43049,[0.27963579 0.17387938],1,2,"[0.294379027732062, 0.1921773781634303]",0,0
43050,[0.40365531 0.50461912],0,-1,-1,1,-1
43051,[0.40616181 0.53921014],0,1,"[0.37965276877051146, 0.575157747726818]",1,-1
43052,[0.73246309 0.71297797],3,0,"[0.7890750777399501, 0.6799557517006445]",1,-1
43053,[0.64192929 0.5776272 ],3,3,"[0.6601234827680622, 0.6109507568947781]",1,-1
43054,[0.57818649 0.59039235],3,-1,-1,1,-1
43055,[0.77377529 0.66430553],2,0,"[0.7890750777399501, 0.6799557517006445]",1,-1
43056,[0.7750513  0.72226592],2,0,"[0.7890750777399501, 0.6799557517006445]",1,-1
43057,[0.32693779 0.16535547],1,2,"[0.294379027732062, 0.1921773781634303]",0,0
43058,[0.21386016 0.15331125],1,-1,-1,0,0
43059,[0.88204934 0.67534858],2,-1,-1,1,-1
43060,[0.33059286 0.61669598],0,1,"[0.37965276877051146, 0.575157747726818]",1,-1
43061,[0.4203262  0.68408353],0,-1,-1,1,-1
43062,[0.4026978  0.58236884],0,1,"[0.37965276877051146, 0.575157747726818]",1,-1
43063,[0.41771411 0.1843048 ],1,-1,-1,0,0
43064,[0.28482147 0.20032981],1,2,"[0.294379027732062, 0.1921773781634303]",0,0
43065,[0.80628885 0.79007897],2,-1,-1,1,-1
43066,[0.26199384 0.10068018],1,-1,-1,0,0
43067,[0.37426328 0.57641028],0,1,"[0.37965276877051146, 0.575157747726818]",1,1
43068,[0.75069169 0.6397479 ],2,0,"[0.7890750777399501, 0.6799557517006445]",1,-1
43069,[0.77392941 0.61838521],2,0,"[0.7890750777399501, 0.6799557517006445]",1,-1
43070,[0.35619175 0.58453559],0,1,"[0.37965276877051146, 0.575157747726818]",1,-1
43071,[0.58336431 0.64288664],3,-1,-1,1,-1
43072,[0.64251361 0.6513484 ],3,3,"[0.6601234827680622, 0.6109507568947781]",1,-1
43073,[0.3772438  0.57891263],0,1,"[0.37965276877051146, 0.575157747726818]",1,1
43074,[0.749309   0.58189921],3,-1,-1,1,-1
43075,[0.83331458 0.67448976],2,0,"[0.7890750777399501, 0.6799557517006445]",1,-1
43076,[0.58303858 0.64114393],3,-1,-1,1,-1
43077,[0.72816133 0.60173456],3,3,"[0.6601234827680622, 0.6109507568947781]",1,-1
43078,[0.30792266 0.16310241],1,2,"[0.294379027732062, 0.1921773781634303]",0,0
43079,[0.45299286 0.56789424],0,-1,-1,1,-1
43080,[0.75814302 0.73117378],2,0,"[0.7890750777399501, 0.6799557517006445]",1,-1
43081,[0.34690084 0.1019577 ],1,-1,-1,0,0
43082,[0.64156766 0.56072259],3,3,"[0.6601234827680622, 0.6109507568947781]",1,-1
43083,[0.29827926 0.5436853 ],0,-1,-1,1,-1
43084,[0.71553305 0.62261544],3,3,"[0.6601234827680622, 0.6109507568947781]",1,-1
43085,[0.41653958 0.6003181 ],0,1,"[0.37965276877051146, 0.575157747726818]",1,-1
43086,[0.65859381 0.62518679],3,3,"[0.6601234827680622, 0.6109507568947781]",1,7
43087,[0.23096239 0.13837047],1,-1,-1,0,0
43088,[0.77767778 0.66273254],2,0,"[0.7890750777399501, 0.6799557517006445]",1,3
43089,[0.66902285 0.58345418],3,3,"[0.6601234827680622, 0.6109507568947781]",1,-1
43090,[0.37142059 0.66584216],0,-1,-1,1,-1
43091,[0.3093733  0.19249326],1,2,"[0.294379027732062, 0.1921773781634303]",0,0
43092,[0.73290838 0.75179434],2,-1,-1,1,-1
43093,[0.69599991 0.70261129],3,-1,-1,1,-1
43094,[0.37706634 0.48862734],0,-1,-1,1,-1
43095,[0.77347148 0.64254995],2,0,"[0.7890750777399501, 0.6799557517006445]",1,-1
43096,[0.40279436 0.67548695],0,-1,-1,1,-1
43097,[0.4398406  0.58549176],0,1,"[0.37965276877051146, 0.575157747726818]",1,-1
43098,[0.66614146 0.58767553],3,3,"[0.6601234827680622, 0.6109507568947781]",1,-1
43099,[0.44816469 0.57010694],0,1,"[0.37965276877051146, 0.575157747726818]",1,-1
43100,[0.76419617 0.70919428],2,0,"[0.7890750777399501, 0.6799557517006445]",1,-1
43101,[0.32218007 0.51902264],0,-1,-1,1,-1
43102,[0.28547729 0.63689852],0,-1,-1,1,-1
43103,[0.29642959 0.59394138],0,-1,-1,1,-1
43104,[0.44662219 0.58295687],0,1,"[0.37965276877051146, 0.575157747726818]",1,-1
43105,[0.30453609 0.21291209],1,2,"[0.294379027732062, 0.1921773781634303]",0,0
43106,[0.83383236 0.61075136],2,-1,-1,1,-1
43107,[0.31568214 0.25149102],1,2,"[0.294379027732062, 0.1921773781634303]",0,0
43108,[0.26312009 0.20328624],1,2,"[0.294379027732062, 0.1921773781634303]",0,0
43109,[0.82012605 0.63921151],2,0,"[0.7890750777399501, 0.6799557517006445]",1,-1
43110,[0.3438547 0.6256745],0,1,"[0.37965276877051146, 0.575157747726818]",1,-1
43111,[0.31967615 0.53550963],0,-1,-1,1,-1
43112,[0.78828189 0.73151406],2,0,"[0.7890750777399501, 0.6799557517006445]",1,-1
43113,[0.87224953 0.6683748 ],2,-1,-1,1,-1
43114,[0.27428771 0.11790238],1,-1,-1,0,0
43115,[0.61421074 0.59201789],3,3,"[0.6601234827680622, 0.6109507568947781]",1,-1
43116,[0.4166037  0.58712237],0,1,"[0.37965276877051146, 0.575157747726818]",1,-1
43117,[0.22054236 0.23210414],1,-1,-1,0,0
43118,[0.63699381 0.53792861],3,-1,-1,1,-1
43119,[0.67734211 0.57412653],3,3,"[0.6601234827680622, 0.6109507568947781]",1,-1
43120,[0.38785031 0.62131347],0,1,"[0.37965276877051146, 0.575157747726818]",1,-1
43121,[0.26835963 0.61007486],0,-1,-1,1,-1
43122,[0.33576101 0.5958605 ],0,1,"[0.37965276877051146, 0.575157747726818]",1,-1
43123,[0.86421516 0.63807961],2,-1,-1,1,-1
43124,[0.62122814 0.54056611],3,-1,-1,1,-1
43125,[0.38846556 0.54972486],0,1,"[0.37965276877051146, 0.575157747726818]",1,-1
43126,[0.74658769 0.70432684],2,0,"[0.7890750777399501, 0.6799557517006445]",1,-1
43127,[0.36978703 0.63516909],0,1,"[0.37965276877051146, 0.575157747726818]",1,-1
43128,[0.36523259 0.55657999],0,1,"[0.37965276877051146, 0.575157747726818]",1,1
43129,[0.62536047 0.58011708],3,3,"[0.6601234827680622, 0.6109507568947781]",1,-1
43130,[0.34716187 0.49850992],0,-1,-1,1,-1
43131,[0.62403394 0.58856061],3,3,"[0.6601234827680622, 0.6109507568947781]",1,-1
43132,[0.75702555 0.70313268],2,0,"[0.7890750777399501, 0.6799557517006445]",1,-1
43133,[0.41161177 0.57176124],0,1,"[0.37965276877051146, 0.575157747726818]",1,2
43134,[0.388366  0.5525762],0,1,"[0.37965276877051146, 0.575157747726818]",1,-1
43135,[0.376597   0.11587055],1,-1,-1,0,0
43136,[0.26189048 0.22891193],1,2,"[0.294379027732062, 0.1921773781634303]",0,0
43137,[0.67691728 0.56141083],3,3,"[0.6601234827680622, 0.6109507568947781]",1,-1
43138,[0.8255519  0.69557515],2,0,"[0.7890750777399501, 0.6799557517006445]",1,-1
43139,[0.81886263 0.73539676],2,0,"[0.7890750777399501, 0.6799557517006445]",1,-1
43140,[0.19764252 0.20251494],1,-1,-1,0,0
43141,[0.70378334 0.65142441],3,3,"[0.6601234827680622, 0.6109507568947781]",1,-1
43142,[0.84994896 0.76591105],2,-1,-1,1,-1
43143,[0.38852772 0.55675287],0,1,"[0.37965276877051146, 0.575157747726818]",1,-1
43144,[0.42361994 0.60409925],0,1,"[0.37965276877051146, 0.575157747726818]",1,-1
43145,[0.37504136 0.21527094],1,-1,-1,0,0
43146,[0.77162519 0.6354522 ],2,0,"[0.7890750777399501, 0.6799557517006445]",1,-1
43147,[0.80855525 0.75139203],2,-1,-1,1,-1
43148,[0.35801213 0.53502869],0,1,"[0.37965276877051146, 0.575157747726818]",1,-1
43149,[0.7409309  0.61682208],3,-1,-1,1,-1
43150,[0.65245221 0.57248513],3,3,"[0.6601234827680622, 0.6109507568947781]",1,-1
43151,[0.36109791 0.5407716 ],0,1,"[0.37965276877051146, 0.575157747726818]",1,-1
43152,[0.562375  0.6382853],3,-1,-1,1,-1
43153,[0.66757697 0.63990524],3,3,"[0.6601234827680622, 0.6109507568947781]",1,-1
43154,[0.41921659 0.61507809],0,1,"[0.37965276877051146, 0.575157747726818]",1,-1
43155,[0.70753061 0.61588022],3,3,"[0.6601234827680622, 0.6109507568947781]",1,-1
43156,[0.42842699 0.61441514],0,1,"[0.37965276877051146, 0.575157747726818]",1,-1
43157,[0.80675635 0.69756532],2,0,"[0.7890750777399501, 0.6799557517006445]",1,-1
43158,[0.72311391 0.65092112],3,-1,-1,1,-1
43159,[0.40095992 0.58831452],0,1,"[0.37965276877051146, 0.575157747726818]",1,-1
43160,[0.47791375 0.60921813],0,-1,-1,1,-1
43161,[0.37009768 0.54503553],0,1,"[0.37965276877051146, 0.575157747726818]",1,-1
43162,[0.56466841 0.5527316 ],3,-1,-1,1,-1
43163,[0.41227195 0.20653595],1,-1,-1,0,0
43164,[0.32352457 0.16667349],1,2,"[0.294379027732062, 0.1921773781634303]",0,0
43165,[0.78570641 0.63913907],2,0,"[0.7890750777399501, 0.6799557517006445]",1,-1
43166,[0.6394035  0.67251283],3,3,"[0.6601234827680622, 0.6109507568947781]",1,-1
43167,[0.38153992 0.61720375],0,1,"[0.37965276877051146, 0.575157747726818]",1,-1
43168,[0.79428185 0.69492777],2,0,"[0.7890750777399501, 0.6799557517006445]",1,-1
43169,[0.42594112 0.4831778 ],0,-1,-1,1,-1
43170,[0.78273891 0.56232954],3,-1,-1,1,-1
43171,[0.80516832 0.56987391],2,-1,-1,1,-1
43172,[0.33823751 0.19437516],1,2,"[0.294379027732062, 0.1921773781634303]",0,0
43173,[0.71267924 0.59542819],3,3,"[0.6601234827680622, 0.6109507568947781]",1,-1
43174,[0.65498746 0.63255439],3,3,"[0.6601234827680622, 0.6109507568947781]",1,-1
43175,[0.65292846 0.59196929],3,3,"[0.6601234827680622, 0.6109507568947781]",1,-1
43176,[0.68242996 0.64096556],3,3,"[0.6601234827680622, 0.6109507568947781]",1,-1
43177,[0.76089849 0.7101525 ],2,0,"[0.7890750777399501, 0.6799557517006445]",1,-1
43178,[0.64404952 0.65090298],3,3,"[0.6601234827680622, 0.6109507568947781]",1,-1
43179,[0.32269463 0.60075367],0,1,"[0.37965276877051146, 0.575157747726818]",1,-1
43180,[0.28583038 0.16282963],1,2,"[0.294379027732062, 0.1921773781634303]",0,0
43181,[0.3687658  0.61195802],0,1,"[0.37965276877051146, 0.575157747726818]",1,-1
43182,[0.6432125  0.63847783],3,3,"[0.6601234827680622, 0.6109507568947781]",1,-1
43183,[0.63816    0.57030853],3,3,"[0.6601234827680622, 0.6109507568947781]",1,-1
43184,[0.86745626 0.66051684],2,-1,-1,1,-1
43185,[0.76066789 0.69059708],2,0,"[0.7890750777399501, 0.6799557517006445]",1,4
43186,[0.78663724 0.70011035],2,0,"[0.7890750777399501, 0.6799557517006445]",1,-1
43187,[0.47308125 0.67853717],0,-1,-1,1,-1
43188,[0.40544077 0.57200607],0,1,"[0.37965276877051146, 0.575157747726818]",1,2
43189,[0.348805   0.62206174],0,1,"[0.37965276877051146, 0.575157747726818]",1,-1
43190,[0.61257541 0.59553864],3,3,"[0.6601234827680622, 0.6109507568947781]",1,-1
43191,[0.85926728 0.6768705 ],2,-1,-1,1,-1
43192,[0.70486492 0.63086813],3,3,"[0.6601234827680622, 0.6109507568947781]",1,-1
43193,[0.35087902 0.16609747],1,2,"[0.294379027732062, 0.1921773781634303]",0,0
43194,[0.63970448 0.65028165],3,3,"[0.6601234827680622, 0.6109507568947781]",1,-1
43195,[0.7218542  0.65474088],2,-1,-1,1,-1
43196,[0.35198022 0.25451531],1,-1,-1,0,0
43197,[0.22829738 0.07251651],1,-1,-1,0,0
43198,[0.65255292 0.523918  ],3,-1,-1,1,-1
43199,[0.36081789 0.5279719 ],0,1,"[0.37965276877051146, 0.575157747726818]",1,-1
43200,[0.32247361 0.25335685],1,2,"[0.294379027732062, 0.1921773781634303]",0,0
43201,[0.21570393 0.19485693],1,-1,-1,0,0
43202,[0.73772047 0.62117748],3,-1,-1,1,-1
43203,[0.62382    0.64781531],3,3,"[0.6601234827680622, 0.6109507568947781]",1,-1
43204,[0.81099349 0.70973483],2,0,"[0.7890750777399501, 0.6799557517006445]",1,-1
43205,[0.75963652 0.60485775],2,-1,-1,1,-1
43206,[0.7969974  0.71921436],2,0,"[0.7890750777399501, 0.6799557517006445]",1,-1
43207,[0.21769263 0.15000299],1,-1,-1,0,0
43208,[0.84077649 0.58233761],2,-1,-1,1,-1
43209,[0.84350705 0.6910344 ],2,0,"[0.7890750777399501, 0.6799557517006445]",1,-1
43210,[0.65378261 0.60863681],3,3,"[0.6601234827680622, 0.6109507568947781]",1,-1
43211,[0.71085652 0.66774026],3,-1,-1,1,-1
43212,[0.31977244 0.16077443],1,2,"[0.294379027732062, 0.1921773781634303]",0,0
43213,[0.73180311 0.60810938],3,-1,-1,1,-1
43214,[0.65538972 0.62368008],3,3,"[0.6601234827680622, 0.6109507568947781]",1,7
43215,[0.3219163 0.142831 ],1,2,"[0.294379027732062, 0.1921773781634303]",0,0
43216,[0.2745693  0.23591061],1,2,"[0.294379027732062, 0.1921773781634303]",0,0
43217,[0.37217903 0.53907206],0,1,"[0.37965276877051146, 0.575157747726818]",1,-1
43218,[0.32310831 0.60272907],0,1,"[0.37965276877051146, 0.575157747726818]",1,-1
43219,[0.43182584 0.54520094],0,1,"[0.37965276877051146, 0.575157747726818]",1,-1
43220,[0.6387246  0.54217788],3,-1,-1,1,-1
43221,[0.82961886 0.76712553],2,-1,-1,1,-1
43222,[0.74181008 0.59310889],2,-1,-1,1,-1
43223,[0.44725683 0.51567047],0,-1,-1,1,-1
43224,[0.67895094 0.5473431 ],3,3,"[0.6601234827680622, 0.6109507568947781]",1,-1
43225,[0.67627453 0.61226102],3,3,"[0.6601234827680622, 0.6109507568947781]",1,-1
43226,[0.35255698 0.13542217],1,-1,-1,0,0
43227,[0.80115019 0.71303225],2,0,"[0.7890750777399501, 0.6799557517006445]",1,-1
43228,[0.35251529 0.12188919],1,-1,-1,0,0
43229,[0.35978208 0.50809884],0,1,"[0.37965276877051146, 0.575157747726818]",1,-1
43230,[0.83719209 0.65843852],2,0,"[0.7890750777399501, 0.6799557517006445]",1,-1
43231,[0.35949599 0.54628836],0,1,"[0.37965276877051146, 0.575157747726818]",1,-1
43232,[0.34614532 0.53866274],0,1,"[0.37965276877051146, 0.575157747726818]",1,-1
43233,[0.27400049 0.16674136],1,2,"[0.294379027732062, 0.1921773781634303]",0,0
43234,[0.32374262 0.49393664],0,-1,-1,1,-1
43235,[0.72393578 0.60405462],3,3,"[0.6601234827680622, 0.6109507568947781]",1,-1
43236,[0.3831605  0.57991794],0,1,"[0.37965276877051146, 0.575157747726818]",1,-1
43237,[0.60470687 0.61920586],2,3,"[0.6601234827680622, 0.6109507568947781]",1,-1
43238,[0.38905575 0.46591942],0,-1,-1,1,-1
43239,[0.65359533 0.56765013],3,3,"[0.6601234827680622, 0.6109507568947781]",1,-1
43240,[0.37931754 0.15141152],1,-1,-1,0,0
43241,[0.82866319 0.687693  ],2,0,"[0.7890750777399501, 0.6799557517006445]",1,-1
43242,[0.38273083 0.12611864],1,-1,-1,0,0
43243,[0.64622612 0.60864708],3,3,"[0.6601234827680622, 0.6109507568947781]",1,6
43244,[0.87651036 0.69687608],2,-1,-1,1,-1
43245,[0.67660852 0.71677239],2,-1,-1,1,-1
43246,[0.79928894 0.72683147],2,0,"[0.7890750777399501, 0.6799557517006445]",1,-1
43247,[0.3112011  0.60492734],0,-1,-1,1,-1
43248,[0.3797019  0.58069951],0,1,"[0.37965276877051146, 0.575157747726818]",1,-1
43249,[0.65730807 0.6529361 ],3,3,"[0.6601234827680622, 0.6109507568947781]",1,-1
43250,[0.69406159 0.67470213],3,-1,-1,1,-1
43251,[0.34136741 0.53835298],0,1,"[0.37965276877051146, 0.575157747726818]",1,-1
43252,[0.66707355 0.6582919 ],2,3,"[0.6601234827680622, 0.6109507568947781]",1,-1
43253,[0.67412579 0.5592494 ],3,3,"[0.6601234827680622, 0.6109507568947781]",1,-1
43254,[0.28165876 0.20947718],1,2,"[0.294379027732062, 0.1921773781634303]",0,0
43255,[0.76419395 0.57809506],2,-1,-1,1,-1
43256,[0.38840489 0.53075822],0,1,"[0.37965276877051146, 0.575157747726818]",1,-1
43257,[0.76763875 0.70108454],2,0,"[0.7890750777399501, 0.6799557517006445]",1,-1
43258,[0.77860421 0.61162612],2,0,"[0.7890750777399501, 0.6799557517006445]",1,-1
43259,[0.42036828 0.57427445],0,1,"[0.37965276877051146, 0.575157747726818]",1,-1
43260,[0.23979536 0.19240124],1,2,"[0.294379027732062, 0.1921773781634303]",0,0
43261,[0.35301672 0.61469407],0,1,"[0.37965276877051146, 0.575157747726818]",1,-1
43262,[0.65343255 0.65014162],3,3,"[0.6601234827680622, 0.6109507568947781]",1,-1
43263,[0.79942692 0.69906408],2,0,"[0.7890750777399501, 0.6799557517006445]",1,-1
43264,[0.80856149 0.70168913],2,0,"[0.7890750777399501, 0.6799557517006445]",1,-1
43265,[0.78111764 0.6175595 ],2,0,"[0.7890750777399501, 0.6799557517006445]",1,-1
43266,[0.4096051  0.57967923],0,1,"[0.37965276877051146, 0.575157747726818]",1,2
43267,[0.39471119 0.64574303],0,-1,-1,1,-1
43268,[0.19805838 0.24601915],1,-1,-1,0,0
43269,[0.36069569 0.57417065],0,1,"[0.37965276877051146, 0.575157747726818]",1,-1
43270,[0.6421237  0.53041066],3,-1,-1,1,-1
43271,[0.62592599 0.59177031],3,3,"[0.6601234827680622, 0.6109507568947781]",1,-1
43272,[0.29125053 0.18762461],1,2,"[0.294379027732062, 0.1921773781634303]",0,0
43273,[0.74021314 0.57393983],2,-1,-1,1,-1
43274,[0.7126932 0.6324387],2,3,"[0.6601234827680622, 0.6109507568947781]",1,-1
43275,[0.62183467 0.58426673],3,3,"[0.6601234827680622, 0.6109507568947781]",1,-1
43276,[0.21739842 0.22397982],1,-1,-1,0,0
43277,[0.67777927 0.63379531],3,3,"[0.6601234827680622, 0.6109507568947781]",1,-1
43278,[0.81644449 0.68982742],2,0,"[0.7890750777399501, 0.6799557517006445]",1,4
43279,[0.79793716 0.71776591],2,0,"[0.7890750777399501, 0.6799557517006445]",1,-1
43280,[0.27416157 0.19669225],1,2,"[0.294379027732062, 0.1921773781634303]",0,0
43281,[0.84709046 0.67783639],2,0,"[0.7890750777399501, 0.6799557517006445]",1,-1
43282,[0.78684615 0.64128215],2,0,"[0.7890750777399501, 0.6799557517006445]",1,-1
43283,[0.76837851 0.7490097 ],2,-1,-1,1,-1
43284,[0.38141407 0.10363159],1,-1,-1,0,0
43285,[0.40556037 0.54143802],0,1,"[0.37965276877051146, 0.575157747726818]",1,-1
43286,[0.28806876 0.23682705],1,2,"[0.294379027732062, 0.1921773781634303]",0,0
43287,[0.77061931 0.69355504],2,0,"[0.7890750777399501, 0.6799557517006445]",1,-1
43288,[0.67821106 0.6267916 ],3,3,"[0.6601234827680622, 0.6109507568947781]",1,-1
43289,[0.76533602 0.7599732 ],2,-1,-1,1,-1
43290,[0.30611391 0.24936138],1,2,"[0.294379027732062, 0.1921773781634303]",0,0
43291,[0.4062136  0.60706487],0,1,"[0.37965276877051146, 0.575157747726818]",1,-1
43292,[0.81302307 0.6250412 ],2,0,"[0.7890750777399501, 0.6799557517006445]",1,-1
43293,[0.80330714 0.72321863],2,0,"[0.7890750777399501, 0.6799557517006445]",1,-1
43294,[0.7387657  0.63302128],2,0,"[0.7890750777399501, 0.6799557517006445]",1,-1
43295,[0.26230839 0.21941477],1,2,"[0.294379027732062, 0.1921773781634303]",0,0
43296,[0.83393437 0.61037737],2,-1,-1,1,-1
43297,[0.74301314 0.67281624],2,0,"[0.7890750777399501, 0.6799557517006445]",1,-1
43298,[0.80831428 0.66390768],2,0,"[0.7890750777399501, 0.6799557517006445]",1,-1
43299,[0.6403609  0.62679957],3,3,"[0.6601234827680622, 0.6109507568947781]",1,-1
43300,[0.65880096 0.55057972],3,3,"[0.6601234827680622, 0.6109507568947781]",1,-1
43301,[0.64062103 0.56894304],3,3,"[0.6601234827680622, 0.6109507568947781]",1,-1
43302,[0.24049719 0.26096748],1,-1,-1,0,0
43303,[0.32502189 0.58406597],0,1,"[0.37965276877051146, 0.575157747726818]",1,-1
43304,[0.57924317 0.65610672],3,-1,-1,1,-1
43305,[0.31754408 0.6186804 ],0,-1,-1,1,-1
43306,[0.35625051 0.50392313],0,-1,-1,1,-1
43307,[0.38916921 0.60802922],0,1,"[0.37965276877051146, 0.575157747726818]",1,-1
43308,[0.30430281 0.25786189],1,2,"[0.294379027732062, 0.1921773781634303]",0,0
43309,[0.75679867 0.74142382],2,0,"[0.7890750777399501, 0.6799557517006445]",1,-1
43310,[0.3110265  0.23578705],1,2,"[0.294379027732062, 0.1921773781634303]",0,0
43311,[0.45708206 0.49438431],0,-1,-1,1,-1
43312,[0.23274341 0.15380064],1,-1,-1,0,0
43313,[0.67922014 0.6003121 ],3,3,"[0.6601234827680622, 0.6109507568947781]",1,-1
43314,[0.57504792 0.61866515],3,-1,-1,1,-1
43315,[0.80506561 0.69669093],2,0,"[0.7890750777399501, 0.6799557517006445]",1,-1
43316,[0.25681239 0.18704743],1,2,"[0.294379027732062, 0.1921773781634303]",0,0
43317,[0.33767985 0.18237946],1,2,"[0.294379027732062, 0.1921773781634303]",0,0
43318,[0.32588433 0.13231781],1,2,"[0.294379027732062, 0.1921773781634303]",0,0
43319,[0.84873411 0.67485502],2,0,"[0.7890750777399501, 0.6799557517006445]",1,-1
43320,[0.78925661 0.70953755],2,0,"[0.7890750777399501, 0.6799557517006445]",1,-1
43321,[0.27616008 0.15324208],1,2,"[0.294379027732062, 0.1921773781634303]",0,0
43322,[0.33275314 0.25734519],1,-1,-1,0,0
43323,[0.2247617  0.21483998],1,-1,-1,0,0
43324,[0.79192037 0.62871611],2,0,"[0.7890750777399501, 0.6799557517006445]",1,-1
43325,[0.31092913 0.26252299],1,-1,-1,0,0
43326,[0.31794433 0.2730634 ],1,-1,-1,0,0
43327,[0.43637213 0.56706807],0,1,"[0.37965276877051146, 0.575157747726818]",1,-1
43328,[0.71778993 0.55016076],3,-1,-1,1,-1
43329,[0.68405201 0.66129842],3,3,"[0.6601234827680622, 0.6109507568947781]",1,-1
43330,[0.35212389 0.52814477],0,1,"[0.37965276877051146, 0.575157747726818]",1,-1
43331,[0.31836897 0.17500485],1,2,"[0.294379027732062, 0.1921773781634303]",0,0
43332,[0.40852649 0.57398924],0,1,"[0.37965276877051146, 0.575157747726818]",1,2
43333,[0.26645993 0.19733738],1,2,"[0.294379027732062, 0.1921773781634303]",0,0
43334,[0.49331829 0.61098247],0,-1,-1,1,-1
43335,[0.31554822 0.17582911],1,2,"[0.294379027732062, 0.1921773781634303]",0,0
43336,[0.66613449 0.53025173],3,-1,-1,1,-1
43337,[0.84853641 0.64502861],2,0,"[0.7890750777399501, 0.6799557517006445]",1,-1
43338,[0.73368052 0.54898451],3,-1,-1,1,-1
43339,[0.69991154 0.59823393],3,3,"[0.6601234827680622, 0.6109507568947781]",1,-1
43340,[0.81740317 0.7036946 ],2,0,"[0.7890750777399501, 0.6799557517006445]",1,-1
43341,[0.80039438 0.61682525],2,0,"[0.7890750777399501, 0.6799557517006445]",1,-1
43342,[0.38345595 0.53931737],0,1,"[0.37965276877051146, 0.575157747726818]",1,-1
43343,[0.8315864  0.70260734],2,0,"[0.7890750777399501, 0.6799557517006445]",1,-1
43344,[0.30664057 0.15077228],1,2,"[0.294379027732062, 0.1921773781634303]",0,0
43345,[0.65067237 0.59352294],3,3,"[0.6601234827680622, 0.6109507568947781]",1,-1
43346,[0.26025722 0.17170281],1,2,"[0.294379027732062, 0.1921773781634303]",0,0
43347,[0.73838809 0.62327813],2,-1,-1,1,-1
43348,[0.26725141 0.25297297],1,2,"[0.294379027732062, 0.1921773781634303]",0,0
43349,[0.66451617 0.58831518],2,3,"[0.6601234827680622, 0.6109507568947781]",1,6
43350,[0.31330584 0.1657649 ],1,2,"[0.294379027732062, 0.1921773781634303]",0,0
43351,[0.80134952 0.63175483],2,0,"[0.7890750777399501, 0.6799557517006445]",1,-1
43352,[0.7053624  0.61077135],3,3,"[0.6601234827680622, 0.6109507568947781]",1,-1
43353,[0.65784516 0.63223709],3,3,"[0.6601234827680622, 0.6109507568947781]",1,-1
43354,[0.68188904 0.72323221],3,-1,-1,1,-1
43355,[0.81760392 0.69256483],2,0,"[0.7890750777399501, 0.6799557517006445]",1,-1
43356,[0.67209596 0.63237245],3,3,"[0.6601234827680622, 0.6109507568947781]",1,-1
43357,[0.33040717 0.23314956],1,2,"[0.294379027732062, 0.1921773781634303]",0,0
43358,[0.76307217 0.70680283],2,0,"[0.7890750777399501, 0.6799557517006445]",1,-1
43359,[0.3364533  0.60147604],0,1,"[0.37965276877051146, 0.575157747726818]",1,-1
43360,[0.37659512 0.52430106],0,1,"[0.37965276877051146, 0.575157747726818]",1,-1
43361,[0.19715066 0.2018438 ],1,-1,-1,0,0
43362,[0.39653093 0.20985917],1,-1,-1,0,0
43363,[0.60913881 0.55554955],3,-1,-1,1,-1
43364,[0.77184126 0.72744998],2,0,"[0.7890750777399501, 0.6799557517006445]",1,-1
43365,[0.6183297  0.63150258],3,3,"[0.6601234827680622, 0.6109507568947781]",1,-1
43366,[0.38313689 0.65582262],0,-1,-1,1,-1
43367,[0.2840642  0.16544284],1,2,"[0.294379027732062, 0.1921773781634303]",0,0
43368,[0.24082391 0.15527778],1,2,"[0.294379027732062, 0.1921773781634303]",0,0
43369,[0.33996145 0.63560185],0,-1,-1,1,-1
43370,[0.29238752 0.21520599],1,2,"[0.294379027732062, 0.1921773781634303]",0,0
43371,[0.6806626  0.62489173],3,3,"[0.6601234827680622, 0.6109507568947781]",1,7
43372,[0.78991616 0.64592026],2,0,"[0.7890750777399501, 0.6799557517006445]",1,-1
43373,[0.81250346 0.71142929],2,0,"[0.7890750777399501, 0.6799557517006445]",1,-1
43374,[0.83226558 0.65341862],2,0,"[0.7890750777399501, 0.6799557517006445]",1,-1
43375,[0.29152934 0.25761233],1,2,"[0.294379027732062, 0.1921773781634303]",0,0
43376,[0.78266065 0.74347288],2,0,"[0.7890750777399501, 0.6799557517006445]",1,-1
43377,[0.40771344 0.56313908],0,1,"[0.37965276877051146, 0.575157747726818]",1,-1
43378,[0.40237157 0.65149956],0,-1,-1,1,-1
43379,[0.42002086 0.21314518],1,-1,-1,0,0
43380,[0.35512098 0.64487458],0,-1,-1,1,-1
43381,[0.69005983 0.61137369],3,3,"[0.6601234827680622, 0.6109507568947781]",1,-1
43382,[0.79856128 0.7880885 ],2,-1,-1,1,-1
43383,[0.32046597 0.49426076],0,-1,-1,1,-1
43384,[0.33130157 0.62750848],0,-1,-1,1,-1
43385,[0.77073132 0.6744281 ],2,0,"[0.7890750777399501, 0.6799557517006445]",1,-1
43386,[0.36870016 0.66411577],0,-1,-1,1,-1
43387,[0.2210783  0.14553208],1,-1,-1,0,0
43388,[0.28772182 0.14017098],1,2,"[0.294379027732062, 0.1921773781634303]",0,0
43389,[0.67036025 0.68147387],3,-1,-1,1,-1
43390,[0.76333681 0.68365016],2,0,"[0.7890750777399501, 0.6799557517006445]",1,-1
43391,[0.26791861 0.12775445],1,2,"[0.294379027732062, 0.1921773781634303]",0,0
43392,[0.72838069 0.57583305],3,-1,-1,1,-1
43393,[0.71847328 0.61415847],3,3,"[0.6601234827680622, 0.6109507568947781]",1,-1
43394,[0.30932238 0.57164537],0,-1,-1,1,-1
43395,[0.93479585 0.68753431],2,-1,-1,1,-1
43396,[0.3063739  0.17163138],1,2,"[0.294379027732062, 0.1921773781634303]",0,0
43397,[0.82440357 0.7492785 ],2,-1,-1,1,-1
43398,[0.28973211 0.25061787],1,2,"[0.294379027732062, 0.1921773781634303]",0,0
43399,[0.27619789 0.28991998],1,-1,-1,0,0
43400,[0.6351167  0.63736951],3,3,"[0.6601234827680622, 0.6109507568947781]",1,-1
43401,[0.31937806 0.59160628],0,1,"[0.37965276877051146, 0.575157747726818]",1,-1
43402,[0.59671176 0.51705274],3,-1,-1,1,-1
43403,[0.48467349 0.69305358],0,-1,-1,1,-1
43404,[0.76446638 0.63589369],3,0,"[0.7890750777399501, 0.6799557517006445]",1,-1
43405,[0.59237719 0.58965138],3,-1,-1,1,-1
43406,[0.27965909 0.16035007],1,2,"[0.294379027732062, 0.1921773781634303]",0,0
43407,[0.32088163 0.22211512],1,2,"[0.294379027732062, 0.1921773781634303]",0,0
43408,[0.74530601 0.61218318],3,-1,-1,1,-1
43409,[0.39894736 0.4450846 ],0,-1,-1,1,-1
43410,[0.77501922 0.68655488],2,0,"[0.7890750777399501, 0.6799557517006445]",1,-1
43411,[0.80250385 0.67171863],2,0,"[0.7890750777399501, 0.6799557517006445]",1,4
43412,[0.82258245 0.73597081],2,0,"[0.7890750777399501, 0.6799557517006445]",1,-1
43413,[0.68145479 0.61648519],3,3,"[0.6601234827680622, 0.6109507568947781]",1,5
43414,[0.76295789 0.79203097],2,-1,-1,1,-1
43415,[0.36195286 0.4532299 ],0,-1,-1,1,-1
43416,[0.72354517 0.62712882],3,3,"[0.6601234827680622, 0.6109507568947781]",1,-1
43417,[0.63879885 0.63550521],3,3,"[0.6601234827680622, 0.6109507568947781]",1,-1
43418,[0.36705773 0.58587817],0,1,"[0.37965276877051146, 0.575157747726818]",1,-1
43419,[0.79417045 0.62503758],2,0,"[0.7890750777399501, 0.6799557517006445]",1,-1
43420,[0.8254142  0.66527412],2,0,"[0.7890750777399501, 0.6799557517006445]",1,-1
43421,[0.58420892 0.68072005],3,-1,-1,1,-1
43422,[0.67913973 0.48668279],3,-1,-1,1,-1
43423,[0.69116221 0.59643023],3,3,"[0.6601234827680622, 0.6109507568947781]",1,-1
43424,[0.29325976 0.21285545],1,2,"[0.294379027732062, 0.1921773781634303]",0,0
43425,[0.87119853 0.67865578],2,-1,-1,1,-1
43426,[0.36166488 0.56010903],0,1,"[0.37965276877051146, 0.575157747726818]",1,-1
43427,[0.75828125 0.67143733],2,0,"[0.7890750777399501, 0.6799557517006445]",1,-1
43428,[0.65793015 0.60885895],3,3,"[0.6601234827680622, 0.6109507568947781]",1,-1
43429,[0.35517043 0.59558644],0,1,"[0.37965276877051146, 0.575157747726818]",1,-1
43430,[0.32560939 0.23306491],1,2,"[0.294379027732062, 0.1921773781634303]",0,0
43431,[0.37692601 0.54928378],0,1,"[0.37965276877051146, 0.575157747726818]",1,-1
43432,[0.28582157 0.26328662],1,-1,-1,0,0
43433,[0.60177265 0.72552964],3,-1,-1,1,-1
43434,[0.76822643 0.6466306 ],3,0,"[0.7890750777399501, 0.6799557517006445]",1,-1
43435,[0.39820585 0.61987713],0,1,"[0.37965276877051146, 0.575157747726818]",1,-1
43436,[0.38058174 0.55782084],0,1,"[0.37965276877051146, 0.575157747726818]",1,-1
43437,[0.27021562 0.15329296],1,2,"[0.294379027732062, 0.1921773781634303]",0,0
43438,[0.32697937 0.26656743],1,-1,-1,0,0
43439,[0.31294719 0.58685454],0,1,"[0.37965276877051146, 0.575157747726818]",1,-1
43440,[0.37065412 0.48779067],0,-1,-1,1,-1
43441,[0.63691854 0.62446852],3,3,"[0.6601234827680622, 0.6109507568947781]",1,-1
43442,[0.72637487 0.64320687],3,-1,-1,1,-1
43443,[0.38739712 0.46450505],0,-1,-1,1,-1
43444,[0.74296955 0.64937259],2,0,"[0.7890750777399501, 0.6799557517006445]",1,-1
43445,[0.79159204 0.69936199],2,0,"[0.7890750777399501, 0.6799557517006445]",1,-1
43446,[0.79774225 0.66158204],2,0,"[0.7890750777399501, 0.6799557517006445]",1,-1
43447,[0.69749792 0.62126906],3,3,"[0.6601234827680622, 0.6109507568947781]",1,-1
43448,[0.42678375 0.57475709],0,1,"[0.37965276877051146, 0.575157747726818]",1,-1
43449,[0.66978487 0.61974284],3,3,"[0.6601234827680622, 0.6109507568947781]",1,-1
43450,[0.4409724  0.55353239],0,1,"[0.37965276877051146, 0.575157747726818]",1,-1
43451,[0.7728184  0.68176304],2,0,"[0.7890750777399501, 0.6799557517006445]",1,4
43452,[0.83617116 0.67681284],2,0,"[0.7890750777399501, 0.6799557517006445]",1,-1
43453,[0.41535377 0.5073564 ],0,-1,-1,1,-1
43454,[0.83144129 0.72304862],2,0,"[0.7890750777399501, 0.6799557517006445]",1,-1
43455,[0.68550134 0.64603166],3,3,"[0.6601234827680622, 0.6109507568947781]",1,-1
43456,[0.35694104 0.57818913],0,1,"[0.37965276877051146, 0.575157747726818]",1,-1
43457,[0.6071901  0.67766765],3,-1,-1,1,-1
43458,[0.27193356 0.1936571 ],1,2,"[0.294379027732062, 0.1921773781634303]",0,0
43459,[0.57838931 0.6763832 ],3,-1,-1,1,-1
43460,[0.62810942 0.6160627 ],3,3,"[0.6601234827680622, 0.6109507568947781]",1,-1
43461,[0.65005731 0.57180641],3,3,"[0.6601234827680622, 0.6109507568947781]",1,-1
43462,[0.6686128  0.61469492],3,3,"[0.6601234827680622, 0.6109507568947781]",1,-1
43463,[0.74807225 0.65336442],2,0,"[0.7890750777399501, 0.6799557517006445]",1,-1
43464,[0.30556908 0.24536023],1,2,"[0.294379027732062, 0.1921773781634303]",0,0
43465,[0.68920061 0.6287098 ],3,3,"[0.6601234827680622, 0.6109507568947781]",1,7
43466,[0.36517938 0.09855921],1,-1,-1,0,0
43467,[0.34141158 0.58189148],0,1,"[0.37965276877051146, 0.575157747726818]",1,-1
43468,[0.72505926 0.68788433],3,0,"[0.7890750777399501, 0.6799557517006445]",1,-1
43469,[0.38147338 0.57933653],0,1,"[0.37965276877051146, 0.575157747726818]",1,-1
43470,[0.72764384 0.55176151],3,-1,-1,1,-1
43471,[0.36438607 0.54544239],0,1,"[0.37965276877051146, 0.575157747726818]",1,-1
43472,[0.37142883 0.53761883],0,1,"[0.37965276877051146, 0.575157747726818]",1,-1
43473,[0.36827224 0.58120197],0,1,"[0.37965276877051146, 0.575157747726818]",1,-1
43474,[0.43322609 0.6296361 ],0,-1,-1,1,-1
43475,[0.82005323 0.62726972],2,0,"[0.7890750777399501, 0.6799557517006445]",1,-1
43476,[0.740121   0.79299966],2,-1,-1,1,-1
43477,[0.69316083 0.68481141],2,-1,-1,1,-1
43478,[0.32142826 0.60984135],0,1,"[0.37965276877051146, 0.575157747726818]",1,-1
43479,[0.81384973 0.68684023],2,0,"[0.7890750777399501, 0.6799557517006445]",1,4
43480,[0.23476952 0.18950955],1,2,"[0.294379027732062, 0.1921773781634303]",0,0
43481,[0.82253482 0.64629455],2,0,"[0.7890750777399501, 0.6799557517006445]",1,-1
43482,[0.24859596 0.18817018],1,2,"[0.294379027732062, 0.1921773781634303]",0,0
43483,[0.75398202 0.65646528],2,0,"[0.7890750777399501, 0.6799557517006445]",1,-1
43484,[0.36187486 0.63601366],0,1,"[0.37965276877051146, 0.575157747726818]",1,-1
43485,[0.42118278 0.57131784],0,1,"[0.37965276877051146, 0.575157747726818]",1,-1
43486,[0.35061576 0.53817963],0,1,"[0.37965276877051146, 0.575157747726818]",1,-1
43487,[0.72866179 0.59077969],3,-1,-1,1,-1
43488,[0.38399806 0.57498125],0,1,"[0.37965276877051146, 0.575157747726818]",1,-1
43489,[0.84403081 0.67789783],2,0,"[0.7890750777399501, 0.6799557517006445]",1,-1
43490,[0.26431058 0.55227978],0,-1,-1,1,-1
43491,[0.6396978  0.53540682],3,-1,-1,1,-1
43492,[0.80248457 0.71551188],2,0,"[0.7890750777399501, 0.6799557517006445]",1,-1
43493,[0.80620683 0.71580037],2,0,"[0.7890750777399501, 0.6799557517006445]",1,-1
43494,[0.80504558 0.76351859],2,-1,-1,1,-1
43495,[0.90611497 0.66799734],2,-1,-1,1,-1
43496,[0.67221123 0.67918853],3,3,"[0.6601234827680622, 0.6109507568947781]",1,-1
43497,[0.53072849 0.67300687],3,-1,-1,1,-1
43498,[0.36587669 0.45722923],0,-1,-1,1,-1
43499,[0.77724734 0.74176786],2,0,"[0.7890750777399501, 0.6799557517006445]",1,-1
43500,[0.3975548  0.50407133],0,-1,-1,1,-1
43501,[0.68816637 0.56640877],3,3,"[0.6601234827680622, 0.6109507568947781]",1,-1
43502,[0.64660308 0.62803113],3,3,"[0.6601234827680622, 0.6109507568947781]",1,-1
43503,[0.78035271 0.68346366],2,0,"[0.7890750777399501, 0.6799557517006445]",1,4
43504,[0.38797783 0.60617954],0,1,"[0.37965276877051146, 0.575157747726818]",1,-1
43505,[0.26088102 0.21773036],1,2,"[0.294379027732062, 0.1921773781634303]",0,0
43506,[0.27143685 0.13027912],1,2,"[0.294379027732062, 0.1921773781634303]",0,0
43507,[0.25270911 0.14948087],1,2,"[0.294379027732062, 0.1921773781634303]",0,0
43508,[0.76903175 0.65381407],2,0,"[0.7890750777399501, 0.6799557517006445]",1,3
43509,[0.36757237 0.62086784],0,1,"[0.37965276877051146, 0.575157747726818]",1,-1
43510,[0.72776871 0.77058568],2,-1,-1,1,-1
43511,[0.76448134 0.69550359],2,0,"[0.7890750777399501, 0.6799557517006445]",1,-1
43512,[0.33435984 0.5263906 ],0,1,"[0.37965276877051146, 0.575157747726818]",1,-1
43513,[0.30035888 0.14685973],1,2,"[0.294379027732062, 0.1921773781634303]",0,0
43514,[0.34346434 0.60117277],0,1,"[0.37965276877051146, 0.575157747726818]",1,-1
43515,[0.26580071 0.55242824],0,-1,-1,1,-1
43516,[0.64815086 0.56495087],3,3,"[0.6601234827680622, 0.6109507568947781]",1,-1
43517,[0.38317005 0.57682201],0,1,"[0.37965276877051146, 0.575157747726818]",1,-1
43518,[0.43604752 0.58279713],0,1,"[0.37965276877051146, 0.575157747726818]",1,-1
43519,[0.33728555 0.55621101],0,1,"[0.37965276877051146, 0.575157747726818]",1,-1
43520,[0.63491916 0.67519704],3,3,"[0.6601234827680622, 0.6109507568947781]",1,-1
43521,[0.30926683 0.277595  ],1,-1,-1,0,0
43522,[0.6681223  0.61217305],3,3,"[0.6601234827680622, 0.6109507568947781]",1,-1
43523,[0.31448562 0.60605072],0,-1,-1,1,-1
43524,[0.26875185 0.18620257],1,2,"[0.294379027732062, 0.1921773781634303]",0,0
43525,[0.27140645 0.26561322],1,-1,-1,0,0
43526,[0.40681738 0.60384189],0,1,"[0.37965276877051146, 0.575157747726818]",1,-1
43527,[0.40998626 0.56846595],0,1,"[0.37965276877051146, 0.575157747726818]",1,2
43528,[0.36292475 0.5438332 ],0,1,"[0.37965276877051146, 0.575157747726818]",1,-1
43529,[0.19092406 0.19573712],1,-1,-1,0,0
43530,[0.6384244  0.62543792],3,3,"[0.6601234827680622, 0.6109507568947781]",1,-1
43531,[0.60770788 0.61757393],3,3,"[0.6601234827680622, 0.6109507568947781]",1,-1
43532,[0.62303818 0.63066344],3,3,"[0.6601234827680622, 0.6109507568947781]",1,-1
43533,[0.39949423 0.66857077],0,-1,-1,1,-1
43534,[0.63224928 0.52963854],3,-1,-1,1,-1
43535,[0.63070627 0.60592921],3,3,"[0.6601234827680622, 0.6109507568947781]",1,-1
43536,[0.51662399 0.61371613],0,-1,-1,1,-1
43537,[0.37232507 0.22700256],1,-1,-1,0,0
43538,[0.65935499 0.66038136],2,3,"[0.6601234827680622, 0.6109507568947781]",1,-1
43539,[0.69030932 0.62761229],2,3,"[0.6601234827680622, 0.6109507568947781]",1,7
43540,[0.25063423 0.2528354 ],1,-1,-1,0,0
43541,[0.69758234 0.59107716],3,3,"[0.6601234827680622, 0.6109507568947781]",1,-1
43542,[0.68799011 0.58143397],3,3,"[0.6601234827680622, 0.6109507568947781]",1,-1
43543,[0.27468062 0.20536188],1,2,"[0.294379027732062, 0.1921773781634303]",0,0
43544,[0.34299641 0.54740872],0,1,"[0.37965276877051146, 0.575157747726818]",1,-1
43545,[0.75003739 0.6661018 ],2,0,"[0.7890750777399501, 0.6799557517006445]",1,-1
43546,[0.64083889 0.64951978],3,3,"[0.6601234827680622, 0.6109507568947781]",1,-1
43547,[0.4153146  0.62030801],0,1,"[0.37965276877051146, 0.575157747726818]",1,-1
43548,[0.33945169 0.18786975],1,2,"[0.294379027732062, 0.1921773781634303]",0,0
43549,[0.21037364 0.22489305],1,-1,-1,0,0
43550,[0.81960577 0.62893071],2,0,"[0.7890750777399501, 0.6799557517006445]",1,-1
43551,[0.36672304 0.58692058],0,1,"[0.37965276877051146, 0.575157747726818]",1,-1
43552,[0.73482547 0.67163102],2,0,"[0.7890750777399501, 0.6799557517006445]",1,-1
43553,[0.27170693 0.32190189],1,-1,-1,0,0
43554,[0.75229499 0.64526708],2,0,"[0.7890750777399501, 0.6799557517006445]",1,-1
43555,[0.77438346 0.60826838],2,-1,-1,1,-1
43556,[0.79809927 0.66420324],2,0,"[0.7890750777399501, 0.6799557517006445]",1,-1
43557,[0.28697086 0.18048089],1,2,"[0.294379027732062, 0.1921773781634303]",0,0
43558,[0.52980834 0.61990085],0,-1,-1,1,-1
43559,[0.36360323 0.20354701],1,-1,-1,0,0
43560,[0.25788059 0.21383263],1,2,"[0.294379027732062, 0.1921773781634303]",0,0
43561,[0.40787419 0.29537012],1,-1,-1,0,0
43562,[0.47756445 0.52989422],0,-1,-1,1,-1
43563,[0.40185736 0.57615227],0,1,"[0.37965276877051146, 0.575157747726818]",1,-1
43564,[0.68143385 0.68507562],3,-1,-1,1,-1
43565,[0.83643181 0.61777403],2,-1,-1,1,-1
43566,[0.32573929 0.64607565],0,-1,-1,1,-1
43567,[0.6339012  0.65864854],3,3,"[0.6601234827680622, 0.6109507568947781]",1,-1
43568,[0.72602086 0.59313253],3,3,"[0.6601234827680622, 0.6109507568947781]",1,-1
43569,[0.73591224 0.68053463],2,0,"[0.7890750777399501, 0.6799557517006445]",1,-1
43570,[0.78502714 0.64148951],2,0,"[0.7890750777399501, 0.6799557517006445]",1,-1
43571,[0.25419726 0.2815158 ],1,-1,-1,0,0
43572,[0.40548438 0.52889123],0,1,"[0.37965276877051146, 0.575157747726818]",1,-1
43573,[0.46595487 0.538328  ],0,-1,-1,1,-1
43574,[0.25307372 0.15231216],1,2,"[0.294379027732062, 0.1921773781634303]",0,0
43575,[0.74048558 0.73530518],2,-1,-1,1,-1
43576,[0.79693683 0.73767498],2,0,"[0.7890750777399501, 0.6799557517006445]",1,-1
43577,[0.34262293 0.16404033],1,2,"[0.294379027732062, 0.1921773781634303]",0,0
43578,[0.35736426 0.5584832 ],0,1,"[0.37965276877051146, 0.575157747726818]",1,-1
43579,[0.70826281 0.54628181],3,-1,-1,1,-1
43580,[0.70994188 0.58832415],3,3,"[0.6601234827680622, 0.6109507568947781]",1,-1
43581,[0.43085768 0.55003029],0,1,"[0.37965276877051146, 0.575157747726818]",1,-1
43582,[0.85219974 0.62695951],2,-1,-1,1,-1
43583,[0.3749144  0.49534192],0,-1,-1,1,-1
43584,[0.71870943 0.66632842],3,-1,-1,1,-1
43585,[0.65927313 0.61708934],3,3,"[0.6601234827680622, 0.6109507568947781]",1,-1
43586,[0.39584988 0.53004318],0,1,"[0.37965276877051146, 0.575157747726818]",1,-1
43587,[0.79887041 0.61550092],2,0,"[0.7890750777399501, 0.6799557517006445]",1,-1
43588,[0.60725022 0.55974838],3,-1,-1,1,-1
43589,[0.79217343 0.79755796],2,-1,-1,1,-1
43590,[0.82108085 0.63622143],2,0,"[0.7890750777399501, 0.6799557517006445]",1,-1
43591,[0.74756662 0.70957726],2,0,"[0.7890750777399501, 0.6799557517006445]",1,-1
43592,[0.3451939  0.56511159],0,1,"[0.37965276877051146, 0.575157747726818]",1,-1
43593,[0.83124529 0.68400062],2,0,"[0.7890750777399501, 0.6799557517006445]",1,-1
43594,[0.65470531 0.6572983 ],3,3,"[0.6601234827680622, 0.6109507568947781]",1,-1
43595,[0.41173889 0.55357768],0,1,"[0.37965276877051146, 0.575157747726818]",1,-1
43596,[0.2567809  0.18994715],1,2,"[0.294379027732062, 0.1921773781634303]",0,0
43597,[0.71669209 0.5283694 ],3,-1,-1,1,-1
43598,[0.81258155 0.7163853 ],2,0,"[0.7890750777399501, 0.6799557517006445]",1,-1
43599,[0.75064844 0.65698301],2,0,"[0.7890750777399501, 0.6799557517006445]",1,-1
43600,[0.79037778 0.62226484],2,0,"[0.7890750777399501, 0.6799557517006445]",1,-1
43601,[0.32897181 0.16864593],1,2,"[0.294379027732062, 0.1921773781634303]",0,0
43602,[0.8249299  0.70412521],2,0,"[0.7890750777399501, 0.6799557517006445]",1,-1
43603,[0.69148216 0.59553774],3,3,"[0.6601234827680622, 0.6109507568947781]",1,-1
43604,[0.34942598 0.18498102],1,2,"[0.294379027732062, 0.1921773781634303]",0,0
43605,[0.23018393 0.09087321],1,-1,-1,0,0
43606,[0.63073898 0.56407887],3,3,"[0.6601234827680622, 0.6109507568947781]",1,-1
43607,[0.4453425  0.57764727],0,1,"[0.37965276877051146, 0.575157747726818]",1,-1
43608,[0.79420545 0.67405685],2,0,"[0.7890750777399501, 0.6799557517006445]",1,4
43609,[0.57754935 0.52508165],3,-1,-1,1,-1
43610,[0.61243713 0.59952675],3,3,"[0.6601234827680622, 0.6109507568947781]",1,-1
43611,[0.2921566  0.65611008],0,-1,-1,1,-1
43612,[0.78684334 0.6325646 ],2,0,"[0.7890750777399501, 0.6799557517006445]",1,-1
43613,[0.72361951 0.6283358 ],3,3,"[0.6601234827680622, 0.6109507568947781]",1,-1
43614,[0.46299695 0.56914862],0,-1,-1,1,-1
43615,[0.26427772 0.19540412],1,2,"[0.294379027732062, 0.1921773781634303]",0,0
43616,[0.76372118 0.72825371],2,0,"[0.7890750777399501, 0.6799557517006445]",1,-1
43617,[0.65710176 0.59539284],3,3,"[0.6601234827680622, 0.6109507568947781]",1,-1
43618,[0.82349094 0.65675612],2,0,"[0.7890750777399501, 0.6799557517006445]",1,-1
43619,[0.72745552 0.58239074],3,-1,-1,1,-1
43620,[0.1698673  0.22876968],1,-1,-1,0,0
43621,[0.7169548  0.70372223],2,-1,-1,1,-1
43622,[0.48203348 0.60041698],0,-1,-1,1,-1
43623,[0.48171001 0.53500805],0,-1,-1,1,-1
43624,[0.42520459 0.45067041],0,-1,-1,1,-1
43625,[0.68206115 0.64530007],3,3,"[0.6601234827680622, 0.6109507568947781]",1,-1
43626,[0.83309191 0.64691176],2,0,"[0.7890750777399501, 0.6799557517006445]",1,-1
43627,[0.76088252 0.65267981],2,0,"[0.7890750777399501, 0.6799557517006445]",1,-1
43628,[0.31606268 0.5597005 ],0,1,"[0.37965276877051146, 0.575157747726818]",1,-1
43629,[0.29226947 0.1819763 ],1,2,"[0.294379027732062, 0.1921773781634303]",0,0
43630,[0.46737994 0.54413597],0,-1,-1,1,-1
43631,[0.60524463 0.57237466],3,3,"[0.6601234827680622, 0.6109507568947781]",1,-1
43632,[0.60691929 0.61999   ],3,3,"[0.6601234827680622, 0.6109507568947781]",1,-1
43633,[0.43810443 0.64241239],0,-1,-1,1,-1
43634,[0.71733405 0.59559211],3,3,"[0.6601234827680622, 0.6109507568947781]",1,-1
43635,[0.45890976 0.62496451],0,-1,-1,1,-1
43636,[0.36706589 0.48406596],0,-1,-1,1,-1
43637,[0.40522821 0.57277977],0,1,"[0.37965276877051146, 0.575157747726818]",1,-1
43638,[0.75513563 0.68823464],2,0,"[0.7890750777399501, 0.6799557517006445]",1,-1
43639,[0.26379263 0.25804406],1,-1,-1,0,0
43640,[0.34457282 0.63627861],0,-1,-1,1,-1
43641,[0.28226134 0.17790793],1,2,"[0.294379027732062, 0.1921773781634303]",0,0
43642,[0.27502387 0.21225923],1,2,"[0.294379027732062, 0.1921773781634303]",0,0
43643,[0.33675753 0.18049255],1,2,"[0.294379027732062, 0.1921773781634303]",0,0
43644,[0.80062273 0.76734156],2,-1,-1,1,-1
43645,[0.69854767 0.6004524 ],3,3,"[0.6601234827680622, 0.6109507568947781]",1,-1
43646,[0.62770518 0.54450063],3,-1,-1,1,-1
43647,[0.76420241 0.6431565 ],2,0,"[0.7890750777399501, 0.6799557517006445]",1,-1
43648,[0.76519971 0.65958641],2,0,"[0.7890750777399501, 0.6799557517006445]",1,3
43649,[0.80342856 0.63256928],2,0,"[0.7890750777399501, 0.6799557517006445]",1,-1
43650,[0.46988149 0.58292065],0,-1,-1,1,-1
43651,[0.30013304 0.23396509],1,2,"[0.294379027732062, 0.1921773781634303]",0,0
43652,[0.62722926 0.66813374],3,3,"[0.6601234827680622, 0.6109507568947781]",1,-1
43653,[0.36687503 0.47772706],0,-1,-1,1,-1
43654,[0.40918397 0.56875582],0,1,"[0.37965276877051146, 0.575157747726818]",1,2
43655,[0.33567839 0.15252043],1,2,"[0.294379027732062, 0.1921773781634303]",0,0
43656,[0.23180162 0.06993241],1,-1,-1,0,0
43657,[0.74762631 0.66238948],3,0,"[0.7890750777399501, 0.6799557517006445]",1,-1
43658,[0.83266143 0.62991948],2,0,"[0.7890750777399501, 0.6799557517006445]",1,-1
43659,[0.48894591 0.58822996],0,-1,-1,1,-1
43660,[0.83841631 0.68862537],2,0,"[0.7890750777399501, 0.6799557517006445]",1,-1
43661,[0.77044638 0.69468645],2,0,"[0.7890750777399501, 0.6799557517006445]",1,-1
43662,[0.84319719 0.67059207],2,0,"[0.7890750777399501, 0.6799557517006445]",1,-1
43663,[0.36094145 0.63366328],0,1,"[0.37965276877051146, 0.575157747726818]",1,-1
43664,[0.69173983 0.58652691],3,3,"[0.6601234827680622, 0.6109507568947781]",1,-1
43665,[0.28459589 0.10958522],1,-1,-1,0,0
43666,[0.86874371 0.74466416],2,-1,-1,1,-1
43667,[0.73772946 0.70715844],2,0,"[0.7890750777399501, 0.6799557517006445]",1,-1
43668,[0.49853266 0.57710103],0,-1,-1,1,-1
43669,[0.65326658 0.68577492],3,-1,-1,1,-1
43670,[0.60333614 0.6161766 ],3,3,"[0.6601234827680622, 0.6109507568947781]",1,-1
43671,[0.66261782 0.64108114],3,3,"[0.6601234827680622, 0.6109507568947781]",1,-1
43672,[0.33561593 0.55940764],0,1,"[0.37965276877051146, 0.575157747726818]",1,-1
43673,[0.69996072 0.62248904],3,3,"[0.6601234827680622, 0.6109507568947781]",1,-1
43674,[0.31864679 0.52697412],0,-1,-1,1,-1
43675,[0.35784087 0.55091858],0,1,"[0.37965276877051146, 0.575157747726818]",1,-1
43676,[0.77739864 0.61196913],2,0,"[0.7890750777399501, 0.6799557517006445]",1,-1
43677,[0.64388172 0.57737717],3,3,"[0.6601234827680622, 0.6109507568947781]",1,-1
43678,[0.67941443 0.63269565],3,3,"[0.6601234827680622, 0.6109507568947781]",1,-1
43679,[0.36738483 0.60949287],0,1,"[0.37965276877051146, 0.575157747726818]",1,-1
43680,[0.3013203  0.24481197],1,2,"[0.294379027732062, 0.1921773781634303]",0,0
43681,[0.36765959 0.16760707],1,-1,-1,0,0
43682,[0.30175904 0.19741014],1,2,"[0.294379027732062, 0.1921773781634303]",0,0
43683,[0.81466849 0.61783765],2,0,"[0.7890750777399501, 0.6799557517006445]",1,-1
43684,[0.68880115 0.49392203],3,-1,-1,1,-1
43685,[0.21801037 0.2640816 ],1,-1,-1,0,0
43686,[0.73189969 0.72751089],2,-1,-1,1,-1
43687,[0.32118306 0.15594671],1,2,"[0.294379027732062, 0.1921773781634303]",0,0
43688,[0.81564886 0.7379438 ],2,0,"[0.7890750777399501, 0.6799557517006445]",1,-1
43689,[0.62300469 0.70725814],3,-1,-1,1,-1
43690,[0.35408236 0.51325158],0,1,"[0.37965276877051146, 0.575157747726818]",1,-1
43691,[0.76692798 0.68749374],2,0,"[0.7890750777399501, 0.6799557517006445]",1,-1
43692,[0.61529844 0.77019147],3,-1,-1,1,-1
43693,[0.85829467 0.74701341],2,-1,-1,1,-1
43694,[0.846364   0.68392538],2,0,"[0.7890750777399501, 0.6799557517006445]",1,-1
43695,[0.31624691 0.26881214],1,-1,-1,0,0
43696,[0.33565171 0.17159207],1,2,"[0.294379027732062, 0.1921773781634303]",0,0
43697,[0.33270514 0.62076794],0,1,"[0.37965276877051146, 0.575157747726818]",1,-1
43698,[0.21254781 0.14871634],1,-1,-1,0,0
43699,[0.28759257 0.11567838],1,-1,-1,0,0
43700,[0.81995789 0.61322372],2,-1,-1,1,-1
43701,[0.80755876 0.67527142],2,0,"[0.7890750777399501, 0.6799557517006445]",1,4
43702,[0.29687671 0.2204852 ],1,2,"[0.294379027732062, 0.1921773781634303]",0,0
43703,[0.32088085 0.56427983],0,1,"[0.37965276877051146, 0.575157747726818]",1,-1
43704,[0.82700176 0.72476871],2,0,"[0.7890750777399501, 0.6799557517006445]",1,-1
43705,[0.63415117 0.53921275],3,-1,-1,1,-1
43706,[0.70198663 0.61219367],3,3,"[0.6601234827680622, 0.6109507568947781]",1,-1
43707,[0.77136227 0.65641092],2,0,"[0.7890750777399501, 0.6799557517006445]",1,3
43708,[0.72660278 0.69942568],3,0,"[0.7890750777399501, 0.6799557517006445]",1,-1
43709,[0.59478481 0.70899803],3,-1,-1,1,-1
43710,[0.67972856 0.52755625],3,-1,-1,1,-1
43711,[0.42564596 0.63057823],0,-1,-1,1,-1
43712,[0.32847842 0.16198057],1,2,"[0.294379027732062, 0.1921773781634303]",0,0
43713,[0.47869171 0.59614058],0,-1,-1,1,-1
43714,[0.33711503 0.6592867 ],0,-1,-1,1,-1
43715,[0.35032921 0.47116523],0,-1,-1,1,-1
43716,[0.25909559 0.22270706],1,2,"[0.294379027732062, 0.1921773781634303]",0,0
43717,[0.47244019 0.18086303],1,-1,-1,0,-1
43718,[0.85309639 0.66442576],2,0,"[0.7890750777399501, 0.6799557517006445]",1,-1
43719,[0.28019209 0.25523687],1,2,"[0.294379027732062, 0.1921773781634303]",0,0
43720,[0.61511873 0.69634956],3,-1,-1,1,-1
43721,[0.32701254 0.60689375],0,1,"[0.37965276877051146, 0.575157747726818]",1,-1
43722,[0.74829855 0.62871219],3,0,"[0.7890750777399501, 0.6799557517006445]",1,-1
43723,[0.43557369 0.61233881],0,1,"[0.37965276877051146, 0.575157747726818]",1,-1
43724,[0.66850766 0.67012495],3,3,"[0.6601234827680622, 0.6109507568947781]",1,-1
43725,[0.38002013 0.61064973],0,1,"[0.37965276877051146, 0.575157747726818]",1,-1
43726,[0.67696072 0.5913541 ],3,3,"[0.6601234827680622, 0.6109507568947781]",1,-1
43727,[0.24951072 0.14390372],1,2,"[0.294379027732062, 0.1921773781634303]",0,0
43728,[0.37012323 0.2106073 ],1,-1,-1,0,0
43729,[0.26870977 0.22983493],1,2,"[0.294379027732062, 0.1921773781634303]",0,0
43730,[0.22314933 0.25402889],1,-1,-1,0,0
43731,[0.70615688 0.68588827],3,-1,-1,1,-1
43732,[0.30051692 0.16433657],1,2,"[0.294379027732062, 0.1921773781634303]",0,0
43733,[0.62753214 0.59019291],3,3,"[0.6601234827680622, 0.6109507568947781]",1,-1
43734,[0.30222049 0.31765074],1,-1,-1,0,0
43735,[0.28667714 0.1635934 ],1,2,"[0.294379027732062, 0.1921773781634303]",0,0
43736,[0.7799858  0.63919911],2,0,"[0.7890750777399501, 0.6799557517006445]",1,-1
43737,[0.32300397 0.5427904 ],0,1,"[0.37965276877051146, 0.575157747726818]",1,-1
43738,[0.33891789 0.6484886 ],0,-1,-1,1,-1
43739,[0.701871   0.63944271],3,3,"[0.6601234827680622, 0.6109507568947781]",1,-1
43740,[0.30383521 0.60558674],0,-1,-1,1,-1
43741,[0.77262341 0.78597577],2,-1,-1,1,-1
43742,[0.22329225 0.18983445],1,-1,-1,0,0
43743,[0.37623951 0.5712394 ],0,1,"[0.37965276877051146, 0.575157747726818]",1,1
43744,[0.33521953 0.16822051],1,2,"[0.294379027732062, 0.1921773781634303]",0,0
43745,[0.66744362 0.56519186],3,3,"[0.6601234827680622, 0.6109507568947781]",1,-1
43746,[0.31873771 0.57301682],0,1,"[0.37965276877051146, 0.575157747726818]",1,-1
43747,[0.82442657 0.67414024],2,0,"[0.7890750777399501, 0.6799557517006445]",1,-1
43748,[0.76920174 0.66984945],2,0,"[0.7890750777399501, 0.6799557517006445]",1,-1
43749,[0.35587328 0.50371129],0,-1,-1,1,-1
43750,[0.62899578 0.6747544 ],3,-1,-1,1,-1
43751,[0.31159895 0.24053849],1,2,"[0.294379027732062, 0.1921773781634303]",0,0
43752,[0.36364202 0.62350703],0,1,"[0.37965276877051146, 0.575157747726818]",1,-1
43753,[0.44255458 0.6057173 ],0,1,"[0.37965276877051146, 0.575157747726818]",1,-1
43754,[0.75501115 0.69899524],2,0,"[0.7890750777399501, 0.6799557517006445]",1,-1
43755,[0.76734686 0.66492328],2,0,"[0.7890750777399501, 0.6799557517006445]",1,-1
43756,[0.28005179 0.12160729],1,-1,-1,0,0
43757,[0.33203171 0.54463119],0,1,"[0.37965276877051146, 0.575157747726818]",1,-1
43758,[0.57502464 0.5610359 ],3,-1,-1,1,-1
43759,[0.6974014 0.7438366],2,-1,-1,1,-1
43760,[0.33966988 0.60201465],0,1,"[0.37965276877051146, 0.575157747726818]",1,-1
43761,[0.72175271 0.68878698],2,0,"[0.7890750777399501, 0.6799557517006445]",1,-1
43762,[0.34683882 0.61397475],0,1,"[0.37965276877051146, 0.575157747726818]",1,-1
43763,[0.6446478  0.53708566],3,-1,-1,1,-1
43764,[0.24170326 0.13167059],1,-1,-1,0,0
43765,[0.4138498  0.55559189],0,1,"[0.37965276877051146, 0.575157747726818]",1,-1
43766,[0.75578742 0.53019196],3,-1,-1,1,-1
43767,[0.41121771 0.46112095],0,-1,-1,1,-1
43768,[0.65651627 0.64256   ],3,3,"[0.6601234827680622, 0.6109507568947781]",1,-1
43769,[0.84299266 0.66585323],2,0,"[0.7890750777399501, 0.6799557517006445]",1,-1
43770,[0.34069436 0.58519158],0,1,"[0.37965276877051146, 0.575157747726818]",1,-1
43771,[0.67457402 0.50487975],3,-1,-1,1,-1
43772,[0.77428104 0.73132615],2,0,"[0.7890750777399501, 0.6799557517006445]",1,-1
43773,[0.32839532 0.55669621],0,1,"[0.37965276877051146, 0.575157747726818]",1,-1
43774,[0.79129761 0.72749386],2,0,"[0.7890750777399501, 0.6799557517006445]",1,-1
43775,[0.38692909 0.49858785],0,-1,-1,1,-1
43776,[0.58660952 0.69450849],3,-1,-1,1,-1
43777,[0.66963113 0.61067476],3,3,"[0.6601234827680622, 0.6109507568947781]",1,-1
43778,[0.42200454 0.52686924],0,1,"[0.37965276877051146, 0.575157747726818]",1,-1
43779,[0.36552267 0.50849849],0,1,"[0.37965276877051146, 0.575157747726818]",1,-1
43780,[0.36769596 0.58405839],0,1,"[0.37965276877051146, 0.575157747726818]",1,-1
43781,[0.73304884 0.58713213],3,-1,-1,1,-1
43782,[0.84855366 0.69795343],2,0,"[0.7890750777399501, 0.6799557517006445]",1,-1
43783,[0.31530819 0.49607199],0,-1,-1,1,-1
43784,[0.21982755 0.20230537],1,-1,-1,0,0
43785,[0.70824406 0.6403367 ],3,3,"[0.6601234827680622, 0.6109507568947781]",1,-1
43786,[0.72339635 0.559701  ],3,-1,-1,1,-1
43787,[0.59194707 0.65083388],3,-1,-1,1,-1
43788,[0.84858497 0.69893724],2,0,"[0.7890750777399501, 0.6799557517006445]",1,-1
43789,[0.40517034 0.59789124],0,1,"[0.37965276877051146, 0.575157747726818]",1,-1
43790,[0.26392249 0.1874271 ],1,2,"[0.294379027732062, 0.1921773781634303]",0,0
43791,[0.27011634 0.10939719],1,-1,-1,0,0
43792,[0.39017457 0.5802255 ],0,1,"[0.37965276877051146, 0.575157747726818]",1,-1
43793,[0.26870334 0.17419223],1,2,"[0.294379027732062, 0.1921773781634303]",0,0
43794,[0.26906704 0.17646559],1,2,"[0.294379027732062, 0.1921773781634303]",0,0
43795,[0.23306342 0.18911654],1,2,"[0.294379027732062, 0.1921773781634303]",0,0
43796,[0.65850535 0.54280645],3,3,"[0.6601234827680622, 0.6109507568947781]",1,-1
43797,[0.68851366 0.60267446],3,3,"[0.6601234827680622, 0.6109507568947781]",1,5
43798,[0.3811065  0.59048861],0,1,"[0.37965276877051146, 0.575157747726818]",1,-1
43799,[0.59854739 0.70318196],3,-1,-1,1,-1
43800,[0.38784678 0.55832442],0,1,"[0.37965276877051146, 0.575157747726818]",1,-1
43801,[0.41623351 0.52265337],0,1,"[0.37965276877051146, 0.575157747726818]",1,-1
43802,[0.71583911 0.62636064],3,3,"[0.6601234827680622, 0.6109507568947781]",1,-1
43803,[0.36992638 0.64825087],0,-1,-1,1,-1
43804,[0.28855934 0.12163176],1,-1,-1,0,0
43805,[0.89210623 0.65114184],2,-1,-1,1,-1
43806,[0.42169538 0.60934736],0,1,"[0.37965276877051146, 0.575157747726818]",1,-1
43807,[0.81796351 0.55034395],2,-1,-1,1,-1
43808,[0.44068384 0.5202011 ],0,-1,-1,1,-1
43809,[0.76887097 0.62784282],2,0,"[0.7890750777399501, 0.6799557517006445]",1,-1
43810,[0.36111893 0.59283459],0,1,"[0.37965276877051146, 0.575157747726818]",1,-1
43811,[0.64447821 0.63371989],3,3,"[0.6601234827680622, 0.6109507568947781]",1,-1
43812,[0.28694151 0.14380225],1,2,"[0.294379027732062, 0.1921773781634303]",0,0
43813,[0.41056092 0.53103685],0,1,"[0.37965276877051146, 0.575157747726818]",1,-1
43814,[0.77206135 0.67139991],2,0,"[0.7890750777399501, 0.6799557517006445]",1,-1
43815,[0.80432852 0.70364551],2,0,"[0.7890750777399501, 0.6799557517006445]",1,-1
43816,[0.32985132 0.5375538 ],0,1,"[0.37965276877051146, 0.575157747726818]",1,-1
43817,[0.75278247 0.63292882],2,0,"[0.7890750777399501, 0.6799557517006445]",1,-1
43818,[0.20457671 0.14668915],1,-1,-1,0,0
43819,[0.27392226 0.18022765],1,2,"[0.294379027732062, 0.1921773781634303]",0,0
43820,[0.39337061 0.18187624],1,-1,-1,0,0
43821,[0.45771494 0.58197153],0,-1,-1,1,-1
43822,[0.26516211 0.10258992],1,-1,-1,0,0
43823,[0.61361002 0.61689078],3,3,"[0.6601234827680622, 0.6109507568947781]",1,-1
43824,[0.77657794 0.58973552],2,-1,-1,1,-1
43825,[0.87136059 0.57183839],2,-1,-1,1,-1
43826,[0.7797019  0.59024044],3,-1,-1,1,-1
43827,[0.7774134 0.6861011],2,0,"[0.7890750777399501, 0.6799557517006445]",1,4
43828,[0.28849759 0.19307364],1,2,"[0.294379027732062, 0.1921773781634303]",0,0
43829,[0.47559371 0.59369543],0,-1,-1,1,-1
43830,[0.42159825 0.62725042],0,1,"[0.37965276877051146, 0.575157747726818]",1,-1
43831,[0.397038   0.51658905],0,1,"[0.37965276877051146, 0.575157747726818]",1,-1
43832,[0.20456738 0.22360233],1,-1,-1,0,0
43833,[0.60519293 0.65163405],3,3,"[0.6601234827680622, 0.6109507568947781]",1,-1
43834,[0.28493563 0.18852865],1,2,"[0.294379027732062, 0.1921773781634303]",0,0
43835,[0.23028694 0.16005008],1,-1,-1,0,0
43836,[0.35021743 0.65541703],0,-1,-1,1,-1
43837,[0.36246015 0.55776592],0,1,"[0.37965276877051146, 0.575157747726818]",1,1
43838,[0.33461499 0.51625952],0,-1,-1,1,-1
43839,[0.41290987 0.60939218],0,1,"[0.37965276877051146, 0.575157747726818]",1,-1
43840,[0.65273137 0.64551487],3,3,"[0.6601234827680622, 0.6109507568947781]",1,-1
43841,[0.36284385 0.55060068],0,1,"[0.37965276877051146, 0.575157747726818]",1,1
43842,[0.73439584 0.65129968],3,0,"[0.7890750777399501, 0.6799557517006445]",1,-1
43843,[0.73791828 0.7012532 ],2,0,"[0.7890750777399501, 0.6799557517006445]",1,-1
43844,[0.33190934 0.54047939],0,1,"[0.37965276877051146, 0.575157747726818]",1,-1
43845,[0.37064917 0.57475109],0,1,"[0.37965276877051146, 0.575157747726818]",1,1
43846,[0.39617294 0.69783823],0,-1,-1,1,-1
43847,[0.36819491 0.57611976],0,1,"[0.37965276877051146, 0.575157747726818]",1,1
43848,[0.77171336 0.69072424],2,0,"[0.7890750777399501, 0.6799557517006445]",1,-1
43849,[0.22082677 0.28787477],1,-1,-1,0,0
43850,[0.38466544 0.56306076],0,1,"[0.37965276877051146, 0.575157747726818]",1,-1
43851,[0.37299218 0.18361011],1,-1,-1,0,0
43852,[0.79613335 0.72152771],2,0,"[0.7890750777399501, 0.6799557517006445]",1,-1
43853,[0.76462246 0.66077391],2,0,"[0.7890750777399501, 0.6799557517006445]",1,3
43854,[0.67544788 0.57972078],3,3,"[0.6601234827680622, 0.6109507568947781]",1,-1
43855,[0.81365943 0.66880805],2,0,"[0.7890750777399501, 0.6799557517006445]",1,-1
43856,[0.83901675 0.69259418],2,0,"[0.7890750777399501, 0.6799557517006445]",1,-1
43857,[0.36193871 0.5448851 ],0,1,"[0.37965276877051146, 0.575157747726818]",1,-1
43858,[0.29878042 0.22395734],1,2,"[0.294379027732062, 0.1921773781634303]",0,0
43859,[0.66519185 0.63208276],3,3,"[0.6601234827680622, 0.6109507568947781]",1,7
43860,[0.73715464 0.62804919],2,-1,-1,1,-1
43861,[0.32286904 0.26027498],1,-1,-1,0,0
43862,[0.26734367 0.22343162],1,2,"[0.294379027732062, 0.1921773781634303]",0,0
43863,[0.31366671 0.21159351],1,2,"[0.294379027732062, 0.1921773781634303]",0,0
43864,[0.8050022  0.66332223],2,0,"[0.7890750777399501, 0.6799557517006445]",1,-1
43865,[0.43337277 0.51435928],0,-1,-1,1,-1
43866,[0.25088984 0.28749299],1,-1,-1,0,0
43867,[0.21741914 0.14955309],1,-1,-1,0,0
43868,[0.6374785  0.60949476],3,3,"[0.6601234827680622, 0.6109507568947781]",1,-1
43869,[0.84190217 0.7134938 ],2,0,"[0.7890750777399501, 0.6799557517006445]",1,-1
43870,[0.78266747 0.65399475],2,0,"[0.7890750777399501, 0.6799557517006445]",1,-1
43871,[0.77682663 0.59747018],2,-1,-1,1,-1
43872,[0.694421   0.57673319],3,3,"[0.6601234827680622, 0.6109507568947781]",1,-1
43873,[0.65095882 0.58152196],3,3,"[0.6601234827680622, 0.6109507568947781]",1,-1
43874,[0.74068618 0.62159863],2,-1,-1,1,-1
43875,[0.70485767 0.6286027 ],3,3,"[0.6601234827680622, 0.6109507568947781]",1,-1
43876,[0.78890951 0.67066436],2,0,"[0.7890750777399501, 0.6799557517006445]",1,4
43877,[0.69960917 0.67403519],2,-1,-1,1,-1
43878,[0.83684316 0.59994111],2,-1,-1,1,-1
43879,[0.65563147 0.69972264],2,-1,-1,1,-1
43880,[0.2861661 0.2546913],1,2,"[0.294379027732062, 0.1921773781634303]",0,0
43881,[0.77384948 0.67893919],2,0,"[0.7890750777399501, 0.6799557517006445]",1,4
43882,[0.65973974 0.66368596],3,3,"[0.6601234827680622, 0.6109507568947781]",1,-1
43883,[0.3298809  0.22719167],1,2,"[0.294379027732062, 0.1921773781634303]",0,0
43884,[0.24874698 0.17905197],1,2,"[0.294379027732062, 0.1921773781634303]",0,0
43885,[0.32174837 0.59525002],0,1,"[0.37965276877051146, 0.575157747726818]",1,-1
43886,[0.28178334 0.12962906],1,2,"[0.294379027732062, 0.1921773781634303]",0,0
43887,[0.38682524 0.52272199],0,1,"[0.37965276877051146, 0.575157747726818]",1,-1
43888,[0.34466759 0.60701338],0,1,"[0.37965276877051146, 0.575157747726818]",1,-1
43889,[0.84724063 0.67705949],2,0,"[0.7890750777399501, 0.6799557517006445]",1,-1
43890,[0.34119319 0.27813819],1,-1,-1,0,0
43891,[0.37215951 0.55982208],0,1,"[0.37965276877051146, 0.575157747726818]",1,-1
43892,[0.70960475 0.72717106],2,-1,-1,1,-1
43893,[0.62987998 0.53693573],3,-1,-1,1,-1
43894,[0.71857235 0.70360956],2,-1,-1,1,-1
43895,[0.39544655 0.61305124],0,1,"[0.37965276877051146, 0.575157747726818]",1,-1
43896,[0.86024958 0.61554639],2,-1,-1,1,-1
43897,[0.77319861 0.59527411],3,-1,-1,1,-1
43898,[0.32634868 0.55444302],0,1,"[0.37965276877051146, 0.575157747726818]",1,-1
43899,[0.69815678 0.66675886],2,3,"[0.6601234827680622, 0.6109507568947781]",1,-1
43900,[0.71798522 0.68375965],3,-1,-1,1,-1
43901,[0.71573884 0.76048359],2,-1,-1,1,-1
43902,[0.34462514 0.62676707],0,1,"[0.37965276877051146, 0.575157747726818]",1,-1
43903,[0.69181302 0.5216113 ],3,-1,-1,1,-1
43904,[0.44053388 0.57758995],0,1,"[0.37965276877051146, 0.575157747726818]",1,-1
43905,[0.74129652 0.68628261],2,0,"[0.7890750777399501, 0.6799557517006445]",1,-1
43906,[0.7029747  0.63468954],2,3,"[0.6601234827680622, 0.6109507568947781]",1,-1
43907,[0.26059489 0.07302586],1,-1,-1,0,0
43908,[0.66701552 0.52660627],3,-1,-1,1,-1
43909,[0.39581948 0.49121507],0,-1,-1,1,-1
43910,[0.37233385 0.67580547],0,-1,-1,1,-1
43911,[0.4318472  0.64305978],0,-1,-1,1,-1
43912,[0.39126147 0.49988294],0,-1,-1,1,-1
43913,[0.49025618 0.54906235],0,-1,-1,1,-1
43914,[0.62426029 0.56576111],3,3,"[0.6601234827680622, 0.6109507568947781]",1,-1
43915,[0.81263518 0.75063536],2,-1,-1,1,-1
43916,[0.32104159 0.29674721],1,-1,-1,0,0
43917,[0.8099131  0.76430675],2,-1,-1,1,-1
43918,[0.72585621 0.63003055],3,3,"[0.6601234827680622, 0.6109507568947781]",1,-1
43919,[0.77211586 0.68270167],2,0,"[0.7890750777399501, 0.6799557517006445]",1,4
43920,[0.68642812 0.63800589],3,3,"[0.6601234827680622, 0.6109507568947781]",1,-1
43921,[0.43202422 0.59349037],0,1,"[0.37965276877051146, 0.575157747726818]",1,-1
43922,[0.83191993 0.7553046 ],2,-1,-1,1,-1
43923,[0.6037053  0.62357382],3,3,"[0.6601234827680622, 0.6109507568947781]",1,-1
43924,[0.29401102 0.51496158],0,-1,-1,1,-1
43925,[0.32177753 0.61051017],0,1,"[0.37965276877051146, 0.575157747726818]",1,-1
43926,[0.62676903 0.46906321],3,-1,-1,1,-1
43927,[0.29900517 0.22021127],1,2,"[0.294379027732062, 0.1921773781634303]",0,0
43928,[0.68800992 0.58551528],3,3,"[0.6601234827680622, 0.6109507568947781]",1,-1
43929,[0.67339608 0.69802395],2,-1,-1,1,-1
43930,[0.6358971  0.61980889],3,3,"[0.6601234827680622, 0.6109507568947781]",1,-1
43931,[0.35584916 0.13779608],1,-1,-1,0,0
43932,[0.42862269 0.58733033],0,1,"[0.37965276877051146, 0.575157747726818]",1,-1
43933,[0.71896133 0.71159101],2,-1,-1,1,-1
43934,[0.32719658 0.1209223 ],1,-1,-1,0,0
43935,[0.7073505  0.68733346],3,-1,-1,1,-1
43936,[0.81718537 0.73557552],2,0,"[0.7890750777399501, 0.6799557517006445]",1,-1
43937,[0.61932774 0.53004765],3,-1,-1,1,-1
43938,[0.24877577 0.2473417 ],1,-1,-1,0,0
43939,[0.42088721 0.62352665],0,1,"[0.37965276877051146, 0.575157747726818]",1,-1
43940,[0.78826547 0.63599431],2,0,"[0.7890750777399501, 0.6799557517006445]",1,-1
43941,[0.80752683 0.66991907],2,0,"[0.7890750777399501, 0.6799557517006445]",1,4
43942,[0.7128526 0.5871699],3,3,"[0.6601234827680622, 0.6109507568947781]",1,-1
43943,[0.81784887 0.67650572],2,0,"[0.7890750777399501, 0.6799557517006445]",1,-1
43944,[0.69272305 0.54988548],3,3,"[0.6601234827680622, 0.6109507568947781]",1,-1
43945,[0.3651274 0.1600245],1,-1,-1,0,0
43946,[0.76988534 0.70967803],2,0,"[0.7890750777399501, 0.6799557517006445]",1,-1
43947,[0.60506122 0.6757866 ],3,-1,-1,1,-1
43948,[0.6848425  0.51579852],3,-1,-1,1,-1
43949,[0.64370197 0.66377289],3,3,"[0.6601234827680622, 0.6109507568947781]",1,-1
43950,[0.24754646 0.15997617],1,2,"[0.294379027732062, 0.1921773781634303]",0,0
43951,[0.45048593 0.51394674],0,-1,-1,1,-1
43952,[0.33025454 0.17832046],1,2,"[0.294379027732062, 0.1921773781634303]",0,0
43953,[0.27405864 0.15816864],1,2,"[0.294379027732062, 0.1921773781634303]",0,0
43954,[0.805361   0.67616367],2,0,"[0.7890750777399501, 0.6799557517006445]",1,4
43955,[0.66983777 0.55361737],3,3,"[0.6601234827680622, 0.6109507568947781]",1,-1
43956,[0.63807415 0.6529834 ],3,3,"[0.6601234827680622, 0.6109507568947781]",1,-1
43957,[0.20341694 0.21864513],1,-1,-1,0,0
43958,[0.30664362 0.25904714],1,2,"[0.294379027732062, 0.1921773781634303]",0,0
43959,[0.73284847 0.59448862],3,-1,-1,1,-1
43960,[0.24489213 0.19527256],1,2,"[0.294379027732062, 0.1921773781634303]",0,0
43961,[0.29612851 0.60901461],0,-1,-1,1,-1
43962,[0.62032542 0.60244009],3,3,"[0.6601234827680622, 0.6109507568947781]",1,-1
43963,[0.65516312 0.62561049],3,3,"[0.6601234827680622, 0.6109507568947781]",1,-1
43964,[0.44046825 0.57417034],0,1,"[0.37965276877051146, 0.575157747726818]",1,-1
43965,[0.8019493  0.63538947],2,0,"[0.7890750777399501, 0.6799557517006445]",1,-1
43966,[0.3391762  0.59939728],0,1,"[0.37965276877051146, 0.575157747726818]",1,-1
43967,[0.2230765  0.22680096],1,-1,-1,0,0
43968,[0.20429673 0.2835295 ],1,-1,-1,0,0
43969,[0.28513825 0.14578914],1,2,"[0.294379027732062, 0.1921773781634303]",0,0
43970,[0.42883379 0.5489826 ],0,1,"[0.37965276877051146, 0.575157747726818]",1,-1
43971,[0.82862357 0.63086649],2,0,"[0.7890750777399501, 0.6799557517006445]",1,-1
43972,[0.41447468 0.55815621],0,1,"[0.37965276877051146, 0.575157747726818]",1,-1
43973,[0.81902331 0.74532989],2,-1,-1,1,-1
43974,[0.76331086 0.61105709],3,-1,-1,1,-1
43975,[0.44325236 0.52355867],0,-1,-1,1,-1
43976,[0.34693532 0.56560772],0,1,"[0.37965276877051146, 0.575157747726818]",1,-1
43977,[0.65119946 0.61437315],3,3,"[0.6601234827680622, 0.6109507568947781]",1,6
43978,[0.71411013 0.6879886 ],3,-1,-1,1,-1
43979,[0.38829584 0.21590209],1,-1,-1,0,0
43980,[0.38496684 0.56567286],0,1,"[0.37965276877051146, 0.575157747726818]",1,-1
43981,[0.69485291 0.62764023],3,3,"[0.6601234827680622, 0.6109507568947781]",1,-1
43982,[0.74800897 0.71863883],2,0,"[0.7890750777399501, 0.6799557517006445]",1,-1
43983,[0.67529928 0.56132395],3,3,"[0.6601234827680622, 0.6109507568947781]",1,-1
43984,[0.36573483 0.53158886],0,1,"[0.37965276877051146, 0.575157747726818]",1,-1
43985,[0.26805238 0.22997319],1,2,"[0.294379027732062, 0.1921773781634303]",0,0
43986,[0.4506797  0.49424489],0,-1,-1,1,-1
43987,[0.23267174 0.18076398],1,2,"[0.294379027732062, 0.1921773781634303]",0,0
43988,[0.74454212 0.67507796],2,0,"[0.7890750777399501, 0.6799557517006445]",1,-1
43989,[0.76263928 0.71957065],2,0,"[0.7890750777399501, 0.6799557517006445]",1,-1
43990,[0.47134471 0.65661924],0,-1,-1,1,-1
43991,[0.43405262 0.62506173],0,-1,-1,1,-1
43992,[0.48337426 0.50773768],0,-1,-1,1,-1
43993,[0.31506601 0.42330838],0,-1,-1,1,-1
43994,[0.34312545 0.2632937 ],1,-1,-1,0,0
43995,[0.29632635 0.17676609],1,2,"[0.294379027732062, 0.1921773781634303]",0,0
43996,[0.3359239  0.22869991],1,2,"[0.294379027732062, 0.1921773781634303]",0,0
43997,[0.26502641 0.15344731],1,2,"[0.294379027732062, 0.1921773781634303]",0,0
43998,[0.60503014 0.61316532],3,3,"[0.6601234827680622, 0.6109507568947781]",1,-1
43999,[0.25701262 0.13101144],1,-1,-1,0,0
44000,[0.64585973 0.65327548],3,3,"[0.6601234827680622, 0.6109507568947781]",1,-1
44001,[0.77283944 0.7387661 ],2,0,"[0.7890750777399501, 0.6799557517006445]",1,-1
44002,[0.32215634 0.59836163],0,1,"[0.37965276877051146, 0.575157747726818]",1,-1
44003,[0.65667928 0.61040746],3,3,"[0.6601234827680622, 0.6109507568947781]",1,-1
44004,[0.20113667 0.16978171],1,-1,-1,0,0
44005,[0.21658558 0.20781471],1,-1,-1,0,0
44006,[0.38581873 0.51664952],0,1,"[0.37965276877051146, 0.575157747726818]",1,-1
44007,[0.65507623 0.65179595],3,3,"[0.6601234827680622, 0.6109507568947781]",1,-1
44008,[0.59629321 0.65692925],3,-1,-1,1,-1
44009,[0.31234501 0.21812691],1,2,"[0.294379027732062, 0.1921773781634303]",0,0
44010,[0.38872078 0.5499057 ],0,1,"[0.37965276877051146, 0.575157747726818]",1,-1
44011,[0.33842023 0.54586126],0,1,"[0.37965276877051146, 0.575157747726818]",1,-1
44012,[0.77477627 0.61761944],2,0,"[0.7890750777399501, 0.6799557517006445]",1,-1
44013,[0.39353019 0.56400465],0,1,"[0.37965276877051146, 0.575157747726818]",1,2
44014,[0.29644191 0.13547645],1,2,"[0.294379027732062, 0.1921773781634303]",0,0
44015,[0.39340322 0.5575245 ],0,1,"[0.37965276877051146, 0.575157747726818]",1,-1
44016,[0.64082456 0.5578284 ],3,3,"[0.6601234827680622, 0.6109507568947781]",1,-1
44017,[0.31332899 0.14676128],1,2,"[0.294379027732062, 0.1921773781634303]",0,0
44018,[0.36085107 0.59708134],0,1,"[0.37965276877051146, 0.575157747726818]",1,-1
44019,[0.37404505 0.5742689 ],0,1,"[0.37965276877051146, 0.575157747726818]",1,1
44020,[0.37728358 0.56533982],0,1,"[0.37965276877051146, 0.575157747726818]",1,-1
44021,[0.32534157 0.21761497],1,2,"[0.294379027732062, 0.1921773781634303]",0,0
44022,[0.84903949 0.6510462 ],2,0,"[0.7890750777399501, 0.6799557517006445]",1,-1
44023,[0.79892287 0.64907529],2,0,"[0.7890750777399501, 0.6799557517006445]",1,-1
44024,[0.77929288 0.62672217],2,0,"[0.7890750777399501, 0.6799557517006445]",1,-1
44025,[0.31427428 0.59882508],0,1,"[0.37965276877051146, 0.575157747726818]",1,-1
44026,[0.80221339 0.75971761],2,-1,-1,1,-1
44027,[0.82862104 0.68158016],2,0,"[0.7890750777399501, 0.6799557517006445]",1,-1
44028,[0.76858454 0.67053385],2,0,"[0.7890750777399501, 0.6799557517006445]",1,-1
44029,[0.30101192 0.15382889],1,2,"[0.294379027732062, 0.1921773781634303]",0,0
44030,[0.29095778 0.20135265],1,2,"[0.294379027732062, 0.1921773781634303]",0,0
44031,[0.62602348 0.5829801 ],3,3,"[0.6601234827680622, 0.6109507568947781]",1,-1
44032,[0.34431699 0.61326856],0,1,"[0.37965276877051146, 0.575157747726818]",1,-1
44033,[0.26044463 0.12816727],1,-1,-1,0,0
44034,[0.6771494  0.64614057],3,3,"[0.6601234827680622, 0.6109507568947781]",1,-1
44035,[0.39976023 0.5865715 ],0,1,"[0.37965276877051146, 0.575157747726818]",1,-1
44036,[0.36413673 0.60809556],0,1,"[0.37965276877051146, 0.575157747726818]",1,-1
44037,[0.80800719 0.63143309],2,0,"[0.7890750777399501, 0.6799557517006445]",1,-1
44038,[0.32280064 0.21930275],1,2,"[0.294379027732062, 0.1921773781634303]",0,0
44039,[0.21396503 0.19089852],1,-1,-1,0,0
44040,[0.31577827 0.62496733],0,-1,-1,1,-1
44041,[0.38621311 0.58606918],0,1,"[0.37965276877051146, 0.575157747726818]",1,-1
44042,[0.33469073 0.56850415],0,1,"[0.37965276877051146, 0.575157747726818]",1,-1
44043,[0.7192249  0.64545126],3,3,"[0.6601234827680622, 0.6109507568947781]",1,-1
44044,[0.69606071 0.66333541],3,3,"[0.6601234827680622, 0.6109507568947781]",1,-1
44045,[0.73215238 0.63005269],3,-1,-1,1,-1
44046,[0.72308619 0.76408339],2,-1,-1,1,-1
44047,[0.82342085 0.77959208],2,-1,-1,1,-1
44048,[0.61328726 0.60638594],3,3,"[0.6601234827680622, 0.6109507568947781]",1,-1
44049,[0.63925962 0.60645935],3,3,"[0.6601234827680622, 0.6109507568947781]",1,-1
44050,[0.24022018 0.14590734],1,-1,-1,0,0
44051,[0.65780422 0.64173771],3,3,"[0.6601234827680622, 0.6109507568947781]",1,-1
44052,[0.38691539 0.49713171],0,-1,-1,1,-1
44053,[0.59528805 0.64492178],3,-1,-1,1,-1
44054,[0.83972908 0.65779088],2,0,"[0.7890750777399501, 0.6799557517006445]",1,-1
44055,[0.72337441 0.59531235],2,3,"[0.6601234827680622, 0.6109507568947781]",1,-1
44056,[0.31250033 0.12640706],1,2,"[0.294379027732062, 0.1921773781634303]",0,0
44057,[0.5980433 0.5836189],3,3,"[0.6601234827680622, 0.6109507568947781]",1,-1
44058,[0.7987529  0.65209334],2,0,"[0.7890750777399501, 0.6799557517006445]",1,-1
44059,[0.86964414 0.60116483],2,-1,-1,1,-1
44060,[0.78417691 0.72460056],2,0,"[0.7890750777399501, 0.6799557517006445]",1,-1
44061,[0.81004942 0.70887917],2,0,"[0.7890750777399501, 0.6799557517006445]",1,-1
44062,[0.8500045  0.69542149],2,0,"[0.7890750777399501, 0.6799557517006445]",1,-1
44063,[0.77979305 0.70708788],2,0,"[0.7890750777399501, 0.6799557517006445]",1,-1
44064,[0.89875392 0.70638374],2,-1,-1,1,-1
44065,[0.56571457 0.59295744],3,-1,-1,1,-1
44066,[0.67070501 0.59499476],3,3,"[0.6601234827680622, 0.6109507568947781]",1,-1
44067,[0.80663636 0.74853525],2,-1,-1,1,-1
44068,[0.83970858 0.71157667],2,0,"[0.7890750777399501, 0.6799557517006445]",1,-1
44069,[0.62084751 0.74786227],3,-1,-1,1,-1
44070,[0.43409959 0.52059658],0,-1,-1,1,-1
44071,[0.7452007  0.63269018],3,0,"[0.7890750777399501, 0.6799557517006445]",1,-1
44072,[0.78806071 0.58372104],3,-1,-1,1,-1
44073,[0.18837777 0.21889572],1,-1,-1,0,0
44074,[0.47737938 0.66074997],0,-1,-1,1,-1
44075,[0.77665185 0.7020446 ],2,0,"[0.7890750777399501, 0.6799557517006445]",1,-1
44076,[0.35278476 0.62892988],0,1,"[0.37965276877051146, 0.575157747726818]",1,-1
44077,[0.42290941 0.58064308],0,1,"[0.37965276877051146, 0.575157747726818]",1,-1
44078,[0.33821478 0.57928647],0,1,"[0.37965276877051146, 0.575157747726818]",1,-1
44079,[0.29645063 0.64710326],0,-1,-1,1,-1
44080,[0.39593602 0.55267978],0,1,"[0.37965276877051146, 0.575157747726818]",1,-1
44081,[0.76878048 0.63348582],2,0,"[0.7890750777399501, 0.6799557517006445]",1,-1
44082,[0.79754068 0.62869393],2,0,"[0.7890750777399501, 0.6799557517006445]",1,-1
44083,[0.33301546 0.17292054],1,2,"[0.294379027732062, 0.1921773781634303]",0,0
44084,[0.28816909 0.19471205],1,2,"[0.294379027732062, 0.1921773781634303]",0,0
44085,[0.75639835 0.70421429],2,0,"[0.7890750777399501, 0.6799557517006445]",1,-1
44086,[0.63272909 0.64078974],3,3,"[0.6601234827680622, 0.6109507568947781]",1,-1
44087,[0.75198984 0.72427769],2,0,"[0.7890750777399501, 0.6799557517006445]",1,-1
44088,[0.33536218 0.64429328],0,-1,-1,1,-1
44089,[0.42838248 0.61029087],0,1,"[0.37965276877051146, 0.575157747726818]",1,-1
44090,[0.30517489 0.68762119],0,-1,-1,1,-1
44091,[0.3409217  0.57605922],0,1,"[0.37965276877051146, 0.575157747726818]",1,-1
44092,[0.64337127 0.5254646 ],3,-1,-1,1,-1
44093,[0.74765867 0.68060738],2,0,"[0.7890750777399501, 0.6799557517006445]",1,-1
44094,[0.28300617 0.18933757],1,2,"[0.294379027732062, 0.1921773781634303]",0,0
44095,[0.874594   0.66592126],2,-1,-1,1,-1
44096,[0.26708706 0.60850293],0,-1,-1,1,-1
44097,[0.71531989 0.54501422],3,-1,-1,1,-1
44098,[0.65999945 0.6351254 ],3,3,"[0.6601234827680622, 0.6109507568947781]",1,-1
44099,[0.35976794 0.60629524],0,1,"[0.37965276877051146, 0.575157747726818]",1,-1
44100,[0.78193709 0.64287646],2,0,"[0.7890750777399501, 0.6799557517006445]",1,-1
44101,[0.91060006 0.72437394],2,-1,-1,1,-1
44102,[0.71547493 0.70038788],3,-1,-1,1,-1
44103,[0.41080598 0.64327241],0,-1,-1,1,-1
44104,[0.38781484 0.59122683],0,1,"[0.37965276877051146, 0.575157747726818]",1,-1
44105,[0.29309887 0.56156558],0,-1,-1,1,-1
44106,[0.70625965 0.72649945],2,-1,-1,1,-1
44107,[0.77848042 0.67319569],2,0,"[0.7890750777399501, 0.6799557517006445]",1,-1
44108,[0.61667226 0.67513938],3,-1,-1,1,-1
44109,[0.31929254 0.22750726],1,2,"[0.294379027732062, 0.1921773781634303]",0,0
44110,[0.44977575 0.57855863],0,-1,-1,1,-1
44111,[0.38349542 0.6360049 ],0,1,"[0.37965276877051146, 0.575157747726818]",1,-1
44112,[0.68847409 0.52168446],3,-1,-1,1,-1
44113,[0.76631167 0.62321275],3,0,"[0.7890750777399501, 0.6799557517006445]",1,-1
44114,[0.28227235 0.2182367 ],1,2,"[0.294379027732062, 0.1921773781634303]",0,0
44115,[0.86376626 0.70046042],2,-1,-1,1,-1
44116,[0.36537794 0.58496066],0,1,"[0.37965276877051146, 0.575157747726818]",1,-1
44117,[0.75757725 0.69839664],2,0,"[0.7890750777399501, 0.6799557517006445]",1,-1
44118,[0.74447533 0.66107391],2,0,"[0.7890750777399501, 0.6799557517006445]",1,-1
44119,[0.30741047 0.02358242],1,-1,-1,0,0
44120,[0.80198851 0.69311546],2,0,"[0.7890750777399501, 0.6799557517006445]",1,-1
44121,[0.43663716 0.61478124],0,1,"[0.37965276877051146, 0.575157747726818]",1,-1
44122,[0.25056001 0.14503211],1,2,"[0.294379027732062, 0.1921773781634303]",0,0
44123,[0.77056969 0.71901816],2,0,"[0.7890750777399501, 0.6799557517006445]",1,-1
44124,[0.67954336 0.64647064],3,3,"[0.6601234827680622, 0.6109507568947781]",1,-1
44125,[0.81132502 0.69126072],2,0,"[0.7890750777399501, 0.6799557517006445]",1,-1
44126,[0.8479126  0.67630091],2,0,"[0.7890750777399501, 0.6799557517006445]",1,-1
44127,[0.34609699 0.55331776],0,1,"[0.37965276877051146, 0.575157747726818]",1,-1
44128,[0.65741098 0.62935174],3,3,"[0.6601234827680622, 0.6109507568947781]",1,-1
44129,[0.28198325 0.25758649],1,2,"[0.294379027732062, 0.1921773781634303]",0,0
44130,[0.32355725 0.2747818 ],1,-1,-1,0,0
44131,[0.3129657  0.60876703],0,-1,-1,1,-1
44132,[0.67078797 0.59189752],3,3,"[0.6601234827680622, 0.6109507568947781]",1,-1
44133,[0.2837909  0.25569908],1,2,"[0.294379027732062, 0.1921773781634303]",0,0
44134,[0.67083366 0.63809317],3,3,"[0.6601234827680622, 0.6109507568947781]",1,-1
44135,[0.55774827 0.54152071],3,-1,-1,1,-1
44136,[0.72035329 0.5946296 ],3,3,"[0.6601234827680622, 0.6109507568947781]",1,-1
44137,[0.30377683 0.13716952],1,2,"[0.294379027732062, 0.1921773781634303]",0,0
44138,[0.73789522 0.74439   ],2,-1,-1,1,-1
44139,[0.28378684 0.21557168],1,2,"[0.294379027732062, 0.1921773781634303]",0,0
44140,[0.79143272 0.61020941],2,0,"[0.7890750777399501, 0.6799557517006445]",1,-1
44141,[0.44735781 0.61183953],0,-1,-1,1,-1
44142,[0.30376973 0.58345303],0,-1,-1,1,-1
44143,[0.67923374 0.64995901],3,3,"[0.6601234827680622, 0.6109507568947781]",1,-1
44144,[0.20131359 0.10527868],1,-1,-1,0,0
44145,[0.77579215 0.6235943 ],3,0,"[0.7890750777399501, 0.6799557517006445]",1,-1
44146,[0.79287835 0.58877483],2,-1,-1,1,-1
44147,[0.32606024 0.19411332],1,2,"[0.294379027732062, 0.1921773781634303]",0,0
44148,[0.63197712 0.62644135],3,3,"[0.6601234827680622, 0.6109507568947781]",1,-1
44149,[0.46304939 0.59548589],0,-1,-1,1,-1
44150,[0.6933076  0.61057206],3,3,"[0.6601234827680622, 0.6109507568947781]",1,-1
44151,[0.36340697 0.59486872],0,1,"[0.37965276877051146, 0.575157747726818]",1,-1
44152,[0.32674061 0.17440205],1,2,"[0.294379027732062, 0.1921773781634303]",0,0
44153,[0.27817645 0.30566094],1,-1,-1,0,0
44154,[0.73211241 0.54794806],3,-1,-1,1,-1
44155,[0.7920646  0.72455388],2,0,"[0.7890750777399501, 0.6799557517006445]",1,-1
44156,[0.78779665 0.73137273],2,0,"[0.7890750777399501, 0.6799557517006445]",1,-1
44157,[0.31833382 0.59350616],0,1,"[0.37965276877051146, 0.575157747726818]",1,-1
44158,[0.23310257 0.23691183],1,-1,-1,0,0
44159,[0.58715818 0.52460003],3,-1,-1,1,-1
44160,[0.86673585 0.71873043],2,-1,-1,1,-1
44161,[0.46966593 0.6032944 ],0,-1,-1,1,-1
44162,[0.73762768 0.64457692],2,0,"[0.7890750777399501, 0.6799557517006445]",1,-1
44163,[0.25576644 0.26394492],1,-1,-1,0,0
44164,[0.33397321 0.22715939],1,2,"[0.294379027732062, 0.1921773781634303]",0,0
44165,[0.78470821 0.73337976],2,0,"[0.7890750777399501, 0.6799557517006445]",1,-1
44166,[0.73909489 0.67855568],2,0,"[0.7890750777399501, 0.6799557517006445]",1,-1
44167,[0.78305583 0.77719682],2,-1,-1,1,-1
44168,[0.37720355 0.5918565 ],0,1,"[0.37965276877051146, 0.575157747726818]",1,-1
44169,[0.26831399 0.272493  ],1,-1,-1,0,0
44170,[0.28727884 0.18522442],1,2,"[0.294379027732062, 0.1921773781634303]",0,0
44171,[0.67569012 0.50394786],3,-1,-1,1,-1
44172,[0.75939013 0.62665432],2,0,"[0.7890750777399501, 0.6799557517006445]",1,-1
44173,[0.25851764 0.17363194],1,2,"[0.294379027732062, 0.1921773781634303]",0,0
44174,[0.81045198 0.71937881],2,0,"[0.7890750777399501, 0.6799557517006445]",1,-1
44175,[0.58593373 0.61627861],3,-1,-1,1,-1
44176,[0.28064268 0.2509254 ],1,2,"[0.294379027732062, 0.1921773781634303]",0,0
44177,[0.29368958 0.07300405],1,-1,-1,0,0
44178,[0.29803384 0.18629313],1,2,"[0.294379027732062, 0.1921773781634303]",0,0
44179,[0.83887848 0.69643935],2,0,"[0.7890750777399501, 0.6799557517006445]",1,-1
44180,[0.40590693 0.56967345],0,1,"[0.37965276877051146, 0.575157747726818]",1,2
44181,[0.71768994 0.63606743],2,3,"[0.6601234827680622, 0.6109507568947781]",1,-1
44182,[0.26424392 0.15707062],1,2,"[0.294379027732062, 0.1921773781634303]",0,0
44183,[0.79264915 0.72867507],2,0,"[0.7890750777399501, 0.6799557517006445]",1,-1
44184,[0.33535105 0.60051754],0,1,"[0.37965276877051146, 0.575157747726818]",1,-1
44185,[0.36888662 0.22428823],1,-1,-1,0,0
44186,[0.24944278 0.54132978],0,-1,-1,1,-1
44187,[0.74900294 0.69221134],2,0,"[0.7890750777399501, 0.6799557517006445]",1,-1
44188,[0.80761452 0.66220008],2,0,"[0.7890750777399501, 0.6799557517006445]",1,-1
44189,[0.63648408 0.60015303],3,3,"[0.6601234827680622, 0.6109507568947781]",1,-1
44190,[0.36786039 0.51260083],0,1,"[0.37965276877051146, 0.575157747726818]",1,-1
44191,[0.7163699 0.6934048],2,-1,-1,1,-1
44192,[0.38288914 0.55536109],0,1,"[0.37965276877051146, 0.575157747726818]",1,-1
44193,[0.61533926 0.59918706],3,3,"[0.6601234827680622, 0.6109507568947781]",1,-1
44194,[0.81215957 0.66679806],2,0,"[0.7890750777399501, 0.6799557517006445]",1,-1
44195,[0.43796976 0.62725708],0,-1,-1,1,-1
44196,[0.37792697 0.62916931],0,1,"[0.37965276877051146, 0.575157747726818]",1,-1
44197,[0.4699176  0.57318279],0,-1,-1,1,-1
44198,[0.78650245 0.63825924],2,0,"[0.7890750777399501, 0.6799557517006445]",1,-1
44199,[0.30180415 0.12781453],1,2,"[0.294379027732062, 0.1921773781634303]",0,0
44200,[0.39865038 0.65655117],0,-1,-1,1,-1
44201,[0.69249714 0.59211258],3,3,"[0.6601234827680622, 0.6109507568947781]",1,-1
44202,[0.28537101 0.14625628],1,2,"[0.294379027732062, 0.1921773781634303]",0,0
44203,[0.82743642 0.63361796],2,0,"[0.7890750777399501, 0.6799557517006445]",1,-1
44204,[0.63700819 0.56589028],3,3,"[0.6601234827680622, 0.6109507568947781]",1,-1
44205,[0.39299023 0.54380803],0,1,"[0.37965276877051146, 0.575157747726818]",1,-1
44206,[0.68569879 0.6228791 ],3,3,"[0.6601234827680622, 0.6109507568947781]",1,7
44207,[0.68264365 0.57839362],3,3,"[0.6601234827680622, 0.6109507568947781]",1,-1
44208,[0.31225393 0.58666611],0,1,"[0.37965276877051146, 0.575157747726818]",1,-1
44209,[0.34119291 0.6092685 ],0,1,"[0.37965276877051146, 0.575157747726818]",1,-1
44210,[0.36854651 0.57768537],0,1,"[0.37965276877051146, 0.575157747726818]",1,1
44211,[0.68009996 0.76625387],2,-1,-1,1,-1
44212,[0.25887113 0.16453614],1,2,"[0.294379027732062, 0.1921773781634303]",0,0
44213,[0.27430969 0.17763868],1,2,"[0.294379027732062, 0.1921773781634303]",0,0
44214,[0.25191823 0.23847592],1,2,"[0.294379027732062, 0.1921773781634303]",0,0
44215,[0.62795065 0.58415915],3,3,"[0.6601234827680622, 0.6109507568947781]",1,-1
44216,[0.63008111 0.58370885],3,3,"[0.6601234827680622, 0.6109507568947781]",1,-1
44217,[0.80588193 0.66595408],2,0,"[0.7890750777399501, 0.6799557517006445]",1,-1
44218,[0.28334775 0.26869768],1,-1,-1,0,0
44219,[0.86137216 0.62403587],2,-1,-1,1,-1
44220,[0.68790389 0.57707589],3,3,"[0.6601234827680622, 0.6109507568947781]",1,-1
44221,[0.33958332 0.62831586],0,1,"[0.37965276877051146, 0.575157747726818]",1,-1
44222,[0.30325877 0.23565702],1,2,"[0.294379027732062, 0.1921773781634303]",0,0
44223,[0.41427696 0.55318856],0,1,"[0.37965276877051146, 0.575157747726818]",1,-1
44224,[0.30647653 0.16037701],1,2,"[0.294379027732062, 0.1921773781634303]",0,0
44225,[0.27573491 0.13250753],1,2,"[0.294379027732062, 0.1921773781634303]",0,0
44226,[0.2077446  0.27050262],1,-1,-1,0,0
44227,[0.28501124 0.48746187],0,-1,-1,1,-1
44228,[0.64669098 0.65480953],2,3,"[0.6601234827680622, 0.6109507568947781]",1,-1
44229,[0.46355764 0.62932063],0,-1,-1,1,-1
44230,[0.87511506 0.60852972],2,-1,-1,1,-1
44231,[0.34104122 0.17049658],1,2,"[0.294379027732062, 0.1921773781634303]",0,0
44232,[0.65820776 0.66041857],3,3,"[0.6601234827680622, 0.6109507568947781]",1,-1
44233,[0.64962385 0.61387512],3,3,"[0.6601234827680622, 0.6109507568947781]",1,6
44234,[0.63588015 0.64391422],3,3,"[0.6601234827680622, 0.6109507568947781]",1,-1
44235,[0.340833   0.59859197],0,1,"[0.37965276877051146, 0.575157747726818]",1,-1
44236,[0.33063437 0.52448428],0,-1,-1,1,-1
44237,[0.68920368 0.58228224],3,3,"[0.6601234827680622, 0.6109507568947781]",1,-1
44238,[0.83586938 0.65911951],2,0,"[0.7890750777399501, 0.6799557517006445]",1,-1
44239,[0.31340942 0.64594808],0,-1,-1,1,-1
44240,[0.79289857 0.7658243 ],2,-1,-1,1,-1
44241,[0.61046767 0.47457673],3,-1,-1,1,-1
44242,[0.3194543  0.26188594],1,-1,-1,0,0
44243,[0.33374296 0.21154117],1,2,"[0.294379027732062, 0.1921773781634303]",0,0
44244,[0.37125455 0.49223748],0,-1,-1,1,-1
44245,[0.31562051 0.11638709],1,-1,-1,0,0
44246,[0.31864192 0.57013183],0,1,"[0.37965276877051146, 0.575157747726818]",1,-1
44247,[0.45313614 0.55825349],0,-1,-1,1,-1
44248,[0.32237135 0.11761227],1,-1,-1,0,0
44249,[0.7285786  0.69633356],2,0,"[0.7890750777399501, 0.6799557517006445]",1,-1
44250,[0.71458553 0.61396027],3,3,"[0.6601234827680622, 0.6109507568947781]",1,-1
44251,[0.79687676 0.55444781],2,-1,-1,1,-1
44252,[0.32439938 0.51959014],0,-1,-1,1,-1
44253,[0.76717613 0.64960632],2,0,"[0.7890750777399501, 0.6799557517006445]",1,-1
44254,[0.40049425 0.50934046],0,1,"[0.37965276877051146, 0.575157747726818]",1,-1
44255,[0.36613869 0.20314813],1,-1,-1,0,0
44256,[0.39694678 0.55865321],0,1,"[0.37965276877051146, 0.575157747726818]",1,-1
44257,[0.67660606 0.73160423],2,-1,-1,1,-1
44258,[0.29922062 0.2517802 ],1,2,"[0.294379027732062, 0.1921773781634303]",0,0
44259,[0.5929606  0.62510259],3,3,"[0.6601234827680622, 0.6109507568947781]",1,-1
44260,[0.59751685 0.57829066],3,-1,-1,1,-1
44261,[0.59588169 0.56514947],3,-1,-1,1,-1
44262,[0.31521604 0.19786373],1,2,"[0.294379027732062, 0.1921773781634303]",0,0
44263,[0.28030659 0.23699311],1,2,"[0.294379027732062, 0.1921773781634303]",0,0
44264,[0.77157941 0.71898311],2,0,"[0.7890750777399501, 0.6799557517006445]",1,-1
44265,[0.3552089  0.61577688],0,1,"[0.37965276877051146, 0.575157747726818]",1,-1
44266,[0.66125714 0.64873447],3,3,"[0.6601234827680622, 0.6109507568947781]",1,-1
44267,[0.8078177  0.65084418],2,0,"[0.7890750777399501, 0.6799557517006445]",1,-1
44268,[0.35807982 0.19863116],1,2,"[0.294379027732062, 0.1921773781634303]",0,0
44269,[0.70370005 0.61074222],3,3,"[0.6601234827680622, 0.6109507568947781]",1,-1
44270,[0.23070644 0.2113933 ],1,2,"[0.294379027732062, 0.1921773781634303]",0,0
44271,[0.43353983 0.58917665],0,1,"[0.37965276877051146, 0.575157747726818]",1,-1
44272,[0.84236033 0.73153854],2,-1,-1,1,-1
44273,[0.77743741 0.63317316],2,0,"[0.7890750777399501, 0.6799557517006445]",1,-1
44274,[0.44189348 0.60450064],0,1,"[0.37965276877051146, 0.575157747726818]",1,-1
44275,[0.3569917  0.17514517],1,2,"[0.294379027732062, 0.1921773781634303]",0,0
44276,[0.36508931 0.2703628 ],1,-1,-1,0,0
44277,[0.30950712 0.51686791],0,-1,-1,1,-1
44278,[0.29193866 0.12270937],1,2,"[0.294379027732062, 0.1921773781634303]",0,0
44279,[0.46810089 0.56519698],0,-1,-1,1,-1
44280,[0.636974  0.5418439],3,-1,-1,1,-1
44281,[0.32083544 0.55385863],0,1,"[0.37965276877051146, 0.575157747726818]",1,-1
44282,[0.79371386 0.71462675],2,0,"[0.7890750777399501, 0.6799557517006445]",1,-1
44283,[0.31890636 0.22833058],1,2,"[0.294379027732062, 0.1921773781634303]",0,0
44284,[0.70142728 0.67712689],3,-1,-1,1,-1
44285,[0.17383102 0.07021822],1,-1,-1,0,-1
44286,[0.21881629 0.10101139],1,-1,-1,0,0
44287,[0.39800278 0.55669557],0,1,"[0.37965276877051146, 0.575157747726818]",1,-1
44288,[0.85256859 0.63921412],2,-1,-1,1,-1
44289,[0.64974406 0.5878472 ],3,3,"[0.6601234827680622, 0.6109507568947781]",1,-1
44290,[0.33148197 0.55145721],0,1,"[0.37965276877051146, 0.575157747726818]",1,-1
44291,[0.47142612 0.62860313],0,-1,-1,1,-1
44292,[0.66637503 0.52851494],3,-1,-1,1,-1
44293,[0.70433982 0.64016036],3,3,"[0.6601234827680622, 0.6109507568947781]",1,-1
44294,[0.30142043 0.25163696],1,2,"[0.294379027732062, 0.1921773781634303]",0,0
44295,[0.3723428  0.63557365],0,1,"[0.37965276877051146, 0.575157747726818]",1,-1
44296,[0.86667142 0.72238161],2,-1,-1,1,-1
44297,[0.6428919 0.6635335],3,3,"[0.6601234827680622, 0.6109507568947781]",1,-1
44298,[0.31283469 0.24325708],1,2,"[0.294379027732062, 0.1921773781634303]",0,0
44299,[0.37188129 0.72348264],0,-1,-1,1,-1
44300,[0.71002531 0.5322563 ],3,-1,-1,1,-1
44301,[0.77018719 0.6401945 ],2,0,"[0.7890750777399501, 0.6799557517006445]",1,-1
44302,[0.74076046 0.58009032],3,-1,-1,1,-1
44303,[0.36081481 0.50731256],0,-1,-1,1,-1
44304,[0.32727309 0.61390894],0,1,"[0.37965276877051146, 0.575157747726818]",1,-1
44305,[0.76740735 0.58655527],2,-1,-1,1,-1
44306,[0.665635   0.62712037],3,3,"[0.6601234827680622, 0.6109507568947781]",1,7
44307,[0.76020328 0.71338666],2,0,"[0.7890750777399501, 0.6799557517006445]",1,-1
44308,[0.32417063 0.36760418],1,-1,-1,0,-1
44309,[0.6467608  0.66377919],3,3,"[0.6601234827680622, 0.6109507568947781]",1,-1
44310,[0.33045348 0.63638478],0,-1,-1,1,-1
44311,[0.8121302  0.76080278],2,-1,-1,1,-1
44312,[0.35938918 0.49960796],0,-1,-1,1,-1
44313,[0.60738044 0.66735943],3,-1,-1,1,-1
44314,[0.8376296  0.69516855],2,0,"[0.7890750777399501, 0.6799557517006445]",1,-1
44315,[0.62996416 0.58752775],3,3,"[0.6601234827680622, 0.6109507568947781]",1,-1
44316,[0.7360951  0.61165759],2,-1,-1,1,-1
44317,[0.44572624 0.49037883],0,-1,-1,1,-1
44318,[0.34189258 0.61180095],0,1,"[0.37965276877051146, 0.575157747726818]",1,-1
44319,[0.23204759 0.1058597 ],1,-1,-1,0,0
44320,[0.3322017  0.19826065],1,2,"[0.294379027732062, 0.1921773781634303]",0,0
44321,[0.3214264  0.18146586],1,2,"[0.294379027732062, 0.1921773781634303]",0,0
44322,[0.37531594 0.17302736],1,-1,-1,0,0
44323,[0.23774313 0.16558408],1,2,"[0.294379027732062, 0.1921773781634303]",0,0
44324,[0.66262768 0.61791665],3,3,"[0.6601234827680622, 0.6109507568947781]",1,7
44325,[0.38354452 0.5655424 ],0,1,"[0.37965276877051146, 0.575157747726818]",1,-1
44326,[0.31515655 0.47629859],0,-1,-1,1,-1
44327,[0.29559291 0.21829181],1,2,"[0.294379027732062, 0.1921773781634303]",0,0
44328,[0.63904161 0.68254501],3,-1,-1,1,-1
44329,[0.60184461 0.63822924],3,3,"[0.6601234827680622, 0.6109507568947781]",1,-1
44330,[0.32005867 0.19853759],1,2,"[0.294379027732062, 0.1921773781634303]",0,0
44331,[0.34033612 0.56179535],0,1,"[0.37965276877051146, 0.575157747726818]",1,-1
44332,[0.7727325  0.67754315],2,0,"[0.7890750777399501, 0.6799557517006445]",1,-1
44333,[0.23871991 0.15156232],1,2,"[0.294379027732062, 0.1921773781634303]",0,0
44334,[0.39802701 0.56095397],0,1,"[0.37965276877051146, 0.575157747726818]",1,-1
44335,[0.71139378 0.63795397],2,3,"[0.6601234827680622, 0.6109507568947781]",1,-1
44336,[0.70034824 0.705723  ],2,-1,-1,1,-1
44337,[0.34364397 0.6238659 ],0,1,"[0.37965276877051146, 0.575157747726818]",1,-1
44338,[0.68130489 0.57046628],3,3,"[0.6601234827680622, 0.6109507568947781]",1,-1
44339,[0.38460774 0.56542756],0,1,"[0.37965276877051146, 0.575157747726818]",1,-1
44340,[0.6556881  0.60514631],3,3,"[0.6601234827680622, 0.6109507568947781]",1,-1
44341,[0.85499801 0.63735561],2,-1,-1,1,-1
44342,[0.32594646 0.53879562],0,1,"[0.37965276877051146, 0.575157747726818]",1,-1
44343,[0.29817991 0.09065567],1,-1,-1,0,0
44344,[0.83450337 0.64598796],2,0,"[0.7890750777399501, 0.6799557517006445]",1,-1
44345,[0.59271352 0.62642002],3,3,"[0.6601234827680622, 0.6109507568947781]",1,-1
44346,[0.67850462 0.55057553],3,3,"[0.6601234827680622, 0.6109507568947781]",1,-1
44347,[0.82341696 0.7255429 ],2,0,"[0.7890750777399501, 0.6799557517006445]",1,-1
44348,[0.60083395 0.57341319],3,-1,-1,1,-1
44349,[0.39927564 0.20364734],1,-1,-1,0,0
44350,[0.65569531 0.63273145],3,3,"[0.6601234827680622, 0.6109507568947781]",1,-1
44351,[0.83556091 0.65570697],2,0,"[0.7890750777399501, 0.6799557517006445]",1,-1
44352,[0.69040458 0.66265682],3,3,"[0.6601234827680622, 0.6109507568947781]",1,-1
44353,[0.77987039 0.60169554],2,-1,-1,1,-1
44354,[0.76284244 0.71811344],2,0,"[0.7890750777399501, 0.6799557517006445]",1,-1
44355,[0.79553124 0.73881045],2,0,"[0.7890750777399501, 0.6799557517006445]",1,-1
44356,[0.32276783 0.32244533],1,-1,-1,0,0
44357,[0.88779893 0.71614389],2,-1,-1,1,-1
44358,[0.34517311 0.21388321],1,2,"[0.294379027732062, 0.1921773781634303]",0,0
44359,[0.619116   0.67325964],3,-1,-1,1,-1
44360,[0.35981619 0.23170782],1,-1,-1,0,0
44361,[0.41790601 0.6535155 ],0,-1,-1,1,-1
44362,[0.75827288 0.66940645],2,0,"[0.7890750777399501, 0.6799557517006445]",1,-1
44363,[0.32992033 0.56930306],0,1,"[0.37965276877051146, 0.575157747726818]",1,-1
44364,[0.33561993 0.64191062],0,-1,-1,1,-1
44365,[0.72213818 0.59959745],3,3,"[0.6601234827680622, 0.6109507568947781]",1,-1
44366,[0.64147152 0.54441845],3,3,"[0.6601234827680622, 0.6109507568947781]",1,-1
44367,[0.87413585 0.83777493],2,-1,-1,1,-1
44368,[0.84577794 0.62363676],2,-1,-1,1,-1
44369,[0.69466223 0.57235693],3,3,"[0.6601234827680622, 0.6109507568947781]",1,-1
44370,[0.73733419 0.66215435],2,0,"[0.7890750777399501, 0.6799557517006445]",1,-1
44371,[0.67711122 0.65216767],2,3,"[0.6601234827680622, 0.6109507568947781]",1,-1
44372,[0.68649548 0.62527688],3,3,"[0.6601234827680622, 0.6109507568947781]",1,7
44373,[0.49169252 0.57345531],0,-1,-1,1,-1
44374,[0.31575858 0.21823188],1,2,"[0.294379027732062, 0.1921773781634303]",0,0
44375,[0.81465245 0.62263231],2,0,"[0.7890750777399501, 0.6799557517006445]",1,-1
44376,[0.42148005 0.50213115],0,-1,-1,1,-1
44377,[0.74733621 0.59928809],3,-1,-1,1,-1
44378,[0.30481636 0.23623039],1,2,"[0.294379027732062, 0.1921773781634303]",0,0
44379,[0.23930685 0.19472979],1,2,"[0.294379027732062, 0.1921773781634303]",0,0
44380,[0.22706782 0.25484223],1,-1,-1,0,0
44381,[0.73353193 0.57911811],3,-1,-1,1,-1
44382,[0.64892675 0.54792315],3,3,"[0.6601234827680622, 0.6109507568947781]",1,-1
44383,[0.31576389 0.56323815],0,1,"[0.37965276877051146, 0.575157747726818]",1,-1
44384,[0.71195493 0.61923314],3,3,"[0.6601234827680622, 0.6109507568947781]",1,-1
44385,[0.82819914 0.70270431],2,0,"[0.7890750777399501, 0.6799557517006445]",1,-1
44386,[0.8387346  0.58652418],2,-1,-1,1,-1
44387,[0.68194751 0.61968134],3,3,"[0.6601234827680622, 0.6109507568947781]",1,7
44388,[0.30750042 0.26527474],1,-1,-1,0,0
44389,[0.32164772 0.11405676],1,-1,-1,0,0
44390,[0.73843572 0.68043302],2,0,"[0.7890750777399501, 0.6799557517006445]",1,-1
44391,[0.47660976 0.64595334],0,-1,-1,1,-1
44392,[0.35968015 0.57170049],0,1,"[0.37965276877051146, 0.575157747726818]",1,-1
44393,[0.38251046 0.61984124],0,1,"[0.37965276877051146, 0.575157747726818]",1,-1
44394,[0.41454215 0.6397804 ],0,-1,-1,1,-1
44395,[0.65461551 0.67546826],3,3,"[0.6601234827680622, 0.6109507568947781]",1,-1
44396,[0.73800672 0.55403648],2,-1,-1,1,-1
44397,[0.34523694 0.17782815],1,2,"[0.294379027732062, 0.1921773781634303]",0,0
44398,[0.58832736 0.59263315],3,-1,-1,1,-1
44399,[0.35755217 0.07807074],1,-1,-1,0,0
44400,[0.67669642 0.68820558],3,-1,-1,1,-1
44401,[0.23605298 0.20156476],1,2,"[0.294379027732062, 0.1921773781634303]",0,0
44402,[0.33654603 0.17063847],1,2,"[0.294379027732062, 0.1921773781634303]",0,0
44403,[0.34988172 0.52440819],0,1,"[0.37965276877051146, 0.575157747726818]",1,-1
44404,[0.27060215 0.21142555],1,2,"[0.294379027732062, 0.1921773781634303]",0,0
44405,[0.32141626 0.12844906],1,2,"[0.294379027732062, 0.1921773781634303]",0,0
44406,[0.73636438 0.70811826],3,0,"[0.7890750777399501, 0.6799557517006445]",1,-1
44407,[0.63296154 0.63967724],3,3,"[0.6601234827680622, 0.6109507568947781]",1,-1
44408,[0.7277564  0.66101498],3,0,"[0.7890750777399501, 0.6799557517006445]",1,-1
44409,[0.28116448 0.5583308 ],0,-1,-1,1,-1
44410,[0.33438397 0.14523144],1,2,"[0.294379027732062, 0.1921773781634303]",0,0
44411,[0.33378524 0.64628685],0,-1,-1,1,-1
44412,[0.8092026  0.76877005],2,-1,-1,1,-1
44413,[0.8291002  0.62610424],2,0,"[0.7890750777399501, 0.6799557517006445]",1,-1
44414,[0.67442576 0.6047758 ],3,3,"[0.6601234827680622, 0.6109507568947781]",1,-1
44415,[0.27181565 0.15817463],1,2,"[0.294379027732062, 0.1921773781634303]",0,0
44416,[0.81126402 0.72376806],2,0,"[0.7890750777399501, 0.6799557517006445]",1,-1
44417,[0.40624323 0.64015027],0,-1,-1,1,-1
44418,[0.43847681 0.54318373],0,1,"[0.37965276877051146, 0.575157747726818]",1,-1
44419,[0.36493769 0.56463714],0,1,"[0.37965276877051146, 0.575157747726818]",1,-1
44420,[0.60349735 0.53680847],3,-1,-1,1,-1
44421,[0.65459588 0.52022097],3,-1,-1,1,-1
44422,[0.35676642 0.59223389],0,1,"[0.37965276877051146, 0.575157747726818]",1,-1
44423,[0.73659374 0.74968605],2,-1,-1,1,-1
44424,[0.46858371 0.56201056],0,-1,-1,1,-1
44425,[0.34724556 0.63332025],0,1,"[0.37965276877051146, 0.575157747726818]",1,-1
44426,[0.33192021 0.18683546],1,2,"[0.294379027732062, 0.1921773781634303]",0,0
44427,[0.33493563 0.53858221],0,1,"[0.37965276877051146, 0.575157747726818]",1,-1
44428,[0.29711845 0.60568982],0,-1,-1,1,-1
44429,[0.41724546 0.64985512],0,-1,-1,1,-1
44430,[0.6742473  0.57086888],3,3,"[0.6601234827680622, 0.6109507568947781]",1,-1
44431,[0.87060237 0.61951262],2,-1,-1,1,-1
44432,[0.82103348 0.67760053],2,0,"[0.7890750777399501, 0.6799557517006445]",1,-1
44433,[0.73276848 0.6609911 ],2,0,"[0.7890750777399501, 0.6799557517006445]",1,-1
44434,[0.59538721 0.62521294],3,3,"[0.6601234827680622, 0.6109507568947781]",1,-1
44435,[0.35140123 0.64772572],0,-1,-1,1,-1
44436,[0.26008117 0.15892667],1,2,"[0.294379027732062, 0.1921773781634303]",0,0
44437,[0.36125176 0.24044792],1,-1,-1,0,0
44438,[0.70029046 0.65590419],3,3,"[0.6601234827680622, 0.6109507568947781]",1,-1
44439,[0.37808072 0.51455169],0,1,"[0.37965276877051146, 0.575157747726818]",1,-1
44440,[0.6608598  0.60416382],3,3,"[0.6601234827680622, 0.6109507568947781]",1,-1
44441,[0.26128519 0.20388121],1,2,"[0.294379027732062, 0.1921773781634303]",0,0
44442,[0.78577159 0.63540675],2,0,"[0.7890750777399501, 0.6799557517006445]",1,-1
44443,[0.31172015 0.18172816],1,2,"[0.294379027732062, 0.1921773781634303]",0,0
44444,[0.4290468  0.54344933],0,1,"[0.37965276877051146, 0.575157747726818]",1,-1
44445,[0.69761984 0.65670879],3,3,"[0.6601234827680622, 0.6109507568947781]",1,-1
44446,[0.22461255 0.15470348],1,-1,-1,0,0
44447,[0.79183465 0.7327864 ],2,0,"[0.7890750777399501, 0.6799557517006445]",1,-1
44448,[0.64350779 0.65087921],3,3,"[0.6601234827680622, 0.6109507568947781]",1,-1
44449,[0.7741342  0.66321033],2,0,"[0.7890750777399501, 0.6799557517006445]",1,-1
44450,[0.77885018 0.54509102],3,-1,-1,1,-1
44451,[0.31705467 0.56972261],0,1,"[0.37965276877051146, 0.575157747726818]",1,-1
44452,[0.54196885 0.67638968],3,-1,-1,1,-1
44453,[0.63397776 0.60078965],3,3,"[0.6601234827680622, 0.6109507568947781]",1,-1
44454,[0.30963751 0.13917551],1,2,"[0.294379027732062, 0.1921773781634303]",0,0
44455,[0.37077403 0.58894498],0,1,"[0.37965276877051146, 0.575157747726818]",1,-1
44456,[0.43605875 0.56002961],0,1,"[0.37965276877051146, 0.575157747726818]",1,-1
44457,[0.8355754  0.64245692],2,0,"[0.7890750777399501, 0.6799557517006445]",1,-1
44458,[0.33947754 0.22234843],1,2,"[0.294379027732062, 0.1921773781634303]",0,0
44459,[0.41024583 0.53878961],0,1,"[0.37965276877051146, 0.575157747726818]",1,-1
44460,[0.79210934 0.68596113],2,0,"[0.7890750777399501, 0.6799557517006445]",1,-1
44461,[0.88106841 0.66895788],2,-1,-1,1,-1
44462,[0.44366191 0.60940051],0,-1,-1,1,-1
44463,[0.8751349  0.63858209],2,-1,-1,1,-1
44464,[0.68900737 0.62203698],2,3,"[0.6601234827680622, 0.6109507568947781]",1,-1
44465,[0.32805271 0.58318829],0,1,"[0.37965276877051146, 0.575157747726818]",1,-1
44466,[0.81365491 0.77035372],2,-1,-1,1,-1
44467,[0.62101418 0.64457099],3,3,"[0.6601234827680622, 0.6109507568947781]",1,-1
44468,[0.8068837  0.60516256],3,-1,-1,1,-1
44469,[0.33866236 0.20799255],1,2,"[0.294379027732062, 0.1921773781634303]",0,0
44470,[0.33939506 0.07213231],1,-1,-1,0,0
44471,[0.62003757 0.6583226 ],3,3,"[0.6601234827680622, 0.6109507568947781]",1,-1
44472,[0.63305324 0.49991221],3,-1,-1,1,-1
44473,[0.26756001 0.2480599 ],1,2,"[0.294379027732062, 0.1921773781634303]",0,0
44474,[0.8345202  0.62703524],2,0,"[0.7890750777399501, 0.6799557517006445]",1,-1
44475,[0.39497868 0.65253919],0,-1,-1,1,-1
44476,[0.70194497 0.7039378 ],3,-1,-1,1,-1
44477,[0.61875474 0.67006452],3,-1,-1,1,-1
44478,[0.34044109 0.29484756],1,-1,-1,0,0
44479,[0.77970555 0.69786768],2,0,"[0.7890750777399501, 0.6799557517006445]",1,-1
44480,[0.29769849 0.19150272],1,2,"[0.294379027732062, 0.1921773781634303]",0,0
44481,[0.3595504  0.56023607],0,1,"[0.37965276877051146, 0.575157747726818]",1,-1
44482,[0.90598963 0.70768541],2,-1,-1,1,-1
44483,[0.60297281 0.63475628],3,3,"[0.6601234827680622, 0.6109507568947781]",1,-1
44484,[0.34768381 0.14952504],1,2,"[0.294379027732062, 0.1921773781634303]",0,0
44485,[0.3421068  0.16169507],1,2,"[0.294379027732062, 0.1921773781634303]",0,0
44486,[0.32058831 0.19455938],1,2,"[0.294379027732062, 0.1921773781634303]",0,0
44487,[0.83447034 0.71346214],2,0,"[0.7890750777399501, 0.6799557517006445]",1,-1
44488,[0.62859492 0.55183833],3,3,"[0.6601234827680622, 0.6109507568947781]",1,-1
44489,[0.85528758 0.61240812],2,-1,-1,1,-1
44490,[0.33749207 0.11733812],1,-1,-1,0,0
44491,[0.41588173 0.54731943],0,1,"[0.37965276877051146, 0.575157747726818]",1,-1
44492,[0.31783633 0.60502977],0,1,"[0.37965276877051146, 0.575157747726818]",1,-1
44493,[0.66720855 0.5854271 ],3,3,"[0.6601234827680622, 0.6109507568947781]",1,-1
44494,[0.32146234 0.53118865],0,-1,-1,1,-1
44495,[0.76965186 0.68825452],2,0,"[0.7890750777399501, 0.6799557517006445]",1,-1
44496,[0.24950574 0.23840577],1,2,"[0.294379027732062, 0.1921773781634303]",0,0
44497,[0.8460664  0.62920517],2,-1,-1,1,-1
44498,[0.82126847 0.58464532],3,-1,-1,1,-1
44499,[0.65282968 0.64298871],3,3,"[0.6601234827680622, 0.6109507568947781]",1,-1
44500,[0.44280216 0.6093277 ],0,-1,-1,1,-1
44501,[0.22391867 0.15174461],1,-1,-1,0,0
44502,[0.29386936 0.59486679],0,-1,-1,1,-1
44503,[0.36033148 0.60595734],0,1,"[0.37965276877051146, 0.575157747726818]",1,-1
44504,[0.79813702 0.7926268 ],2,-1,-1,1,-1
44505,[0.25028185 0.16714339],1,2,"[0.294379027732062, 0.1921773781634303]",0,0
44506,[0.26665723 0.22865666],1,2,"[0.294379027732062, 0.1921773781634303]",0,0
44507,[0.66715646 0.69063359],3,-1,-1,1,-1
44508,[0.28816846 0.15769513],1,2,"[0.294379027732062, 0.1921773781634303]",0,0
44509,[0.83440261 0.66900187],2,0,"[0.7890750777399501, 0.6799557517006445]",1,-1
44510,[0.3437504  0.56199277],0,1,"[0.37965276877051146, 0.575157747726818]",1,-1
44511,[0.7186661  0.73458214],2,-1,-1,1,-1
44512,[0.2933404  0.19217298],1,2,"[0.294379027732062, 0.1921773781634303]",0,0
44513,[0.64443781 0.59503444],3,3,"[0.6601234827680622, 0.6109507568947781]",1,-1
44514,[0.34711427 0.53401221],0,1,"[0.37965276877051146, 0.575157747726818]",1,-1
44515,[0.38727839 0.16481366],1,-1,-1,0,0
44516,[0.31196951 0.18361642],1,2,"[0.294379027732062, 0.1921773781634303]",0,0
44517,[0.28413377 0.65570216],0,-1,-1,1,-1
44518,[0.41636154 0.60543745],0,1,"[0.37965276877051146, 0.575157747726818]",1,-1
44519,[0.3200892  0.16978255],1,2,"[0.294379027732062, 0.1921773781634303]",0,0
44520,[0.40186677 0.50376725],0,-1,-1,1,-1
44521,[0.84310324 0.69297513],2,0,"[0.7890750777399501, 0.6799557517006445]",1,-1
44522,[0.61314583 0.65833767],3,3,"[0.6601234827680622, 0.6109507568947781]",1,-1
44523,[0.69059104 0.58459982],3,3,"[0.6601234827680622, 0.6109507568947781]",1,-1
44524,[0.40525739 0.63173924],0,1,"[0.37965276877051146, 0.575157747726818]",1,-1
44525,[0.7316385  0.73511142],2,-1,-1,1,-1
44526,[0.81200341 0.6999156 ],2,0,"[0.7890750777399501, 0.6799557517006445]",1,-1
44527,[0.6044766 0.5296711],3,-1,-1,1,-1
44528,[0.73089921 0.67312547],2,0,"[0.7890750777399501, 0.6799557517006445]",1,-1
44529,[0.69763335 0.5645795 ],3,3,"[0.6601234827680622, 0.6109507568947781]",1,-1
44530,[0.38879194 0.54547745],0,1,"[0.37965276877051146, 0.575157747726818]",1,-1
44531,[0.4159874  0.52848606],0,1,"[0.37965276877051146, 0.575157747726818]",1,-1
44532,[0.39512256 0.5399308 ],0,1,"[0.37965276877051146, 0.575157747726818]",1,-1
44533,[0.38579742 0.54378582],0,1,"[0.37965276877051146, 0.575157747726818]",1,-1
44534,[0.79376408 0.70287487],2,0,"[0.7890750777399501, 0.6799557517006445]",1,-1
44535,[0.6748259  0.64248098],3,3,"[0.6601234827680622, 0.6109507568947781]",1,-1
44536,[0.35650119 0.49174571],0,-1,-1,1,-1
44537,[0.78464353 0.73920946],2,0,"[0.7890750777399501, 0.6799557517006445]",1,-1
44538,[0.28458538 0.66940218],0,-1,-1,1,-1
44539,[0.40662781 0.55661719],0,1,"[0.37965276877051146, 0.575157747726818]",1,-1
44540,[0.2541121  0.23860972],1,2,"[0.294379027732062, 0.1921773781634303]",0,0
44541,[0.42190163 0.56285879],0,1,"[0.37965276877051146, 0.575157747726818]",1,-1
44542,[0.72898005 0.59968846],2,3,"[0.6601234827680622, 0.6109507568947781]",1,-1
44543,[0.37498992 0.54507756],0,1,"[0.37965276877051146, 0.575157747726818]",1,-1
44544,[0.67475665 0.72811684],3,-1,-1,1,-1
44545,[0.34477869 0.09305961],1,-1,-1,0,0
44546,[0.681941   0.60514167],3,3,"[0.6601234827680622, 0.6109507568947781]",1,5
44547,[0.33334278 0.52452348],0,1,"[0.37965276877051146, 0.575157747726818]",1,-1
44548,[0.68355813 0.59637502],3,3,"[0.6601234827680622, 0.6109507568947781]",1,-1
44549,[0.74693    0.59868625],2,-1,-1,1,-1
44550,[0.80913526 0.65879887],2,0,"[0.7890750777399501, 0.6799557517006445]",1,-1
44551,[0.68071763 0.7276519 ],2,-1,-1,1,-1
44552,[0.4442524  0.60947048],0,-1,-1,1,-1
44553,[0.36324492 0.23197653],1,-1,-1,0,0
44554,[0.86556532 0.65358372],2,-1,-1,1,-1
44555,[0.73887959 0.70559543],2,0,"[0.7890750777399501, 0.6799557517006445]",1,-1
44556,[0.23919355 0.03761944],1,-1,-1,0,0
44557,[0.88561868 0.62428591],2,-1,-1,1,-1
44558,[0.25182266 0.21509212],1,2,"[0.294379027732062, 0.1921773781634303]",0,0
44559,[0.40693402 0.60747486],0,1,"[0.37965276877051146, 0.575157747726818]",1,-1
44560,[0.2881652 0.2680779],1,-1,-1,0,0
44561,[0.81433975 0.69791304],2,0,"[0.7890750777399501, 0.6799557517006445]",1,-1
44562,[0.34295925 0.20452068],1,2,"[0.294379027732062, 0.1921773781634303]",0,0
44563,[0.2704917  0.13665785],1,2,"[0.294379027732062, 0.1921773781634303]",0,0
44564,[0.77548883 0.66686652],2,0,"[0.7890750777399501, 0.6799557517006445]",1,3
44565,[0.80254677 0.66623119],2,0,"[0.7890750777399501, 0.6799557517006445]",1,4
44566,[0.29909302 0.26959303],1,-1,-1,0,0
44567,[0.6994766  0.72681422],2,-1,-1,1,-1
44568,[0.40506383 0.62120728],0,1,"[0.37965276877051146, 0.575157747726818]",1,-1
44569,[0.23750424 0.29250383],1,-1,-1,0,0
44570,[0.66016234 0.58037017],3,3,"[0.6601234827680622, 0.6109507568947781]",1,-1
44571,[0.32739468 0.56202761],0,1,"[0.37965276877051146, 0.575157747726818]",1,-1
44572,[0.74556959 0.60045398],2,-1,-1,1,-1
44573,[0.30184336 0.13685768],1,2,"[0.294379027732062, 0.1921773781634303]",0,0
44574,[0.35323573 0.2208728 ],1,2,"[0.294379027732062, 0.1921773781634303]",0,0
44575,[0.46626956 0.53623747],0,-1,-1,1,-1
44576,[0.37119748 0.18463419],1,-1,-1,0,0
44577,[0.29482374 0.15375604],1,2,"[0.294379027732062, 0.1921773781634303]",0,0
44578,[0.64426591 0.60642381],3,3,"[0.6601234827680622, 0.6109507568947781]",1,-1
44579,[0.32770747 0.2113548 ],1,2,"[0.294379027732062, 0.1921773781634303]",0,0
44580,[0.71121437 0.57219295],3,3,"[0.6601234827680622, 0.6109507568947781]",1,-1
44581,[0.59750164 0.68395594],3,-1,-1,1,-1
44582,[0.49044619 0.50304743],0,-1,-1,1,-1
44583,[0.27885128 0.21710279],1,2,"[0.294379027732062, 0.1921773781634303]",0,0
44584,[0.40399554 0.15943924],1,-1,-1,0,0
44585,[0.36873797 0.21282165],1,-1,-1,0,0
44586,[0.69418275 0.57051028],3,3,"[0.6601234827680622, 0.6109507568947781]",1,-1
44587,[0.23818738 0.11411868],1,-1,-1,0,0
44588,[0.31159008 0.5686292 ],0,1,"[0.37965276877051146, 0.575157747726818]",1,-1
44589,[0.70433628 0.54191147],3,-1,-1,1,-1
44590,[0.31151129 0.13640496],1,2,"[0.294379027732062, 0.1921773781634303]",0,0
44591,[0.26165429 0.53969482],0,-1,-1,1,-1
44592,[0.67774013 0.73038004],3,-1,-1,1,-1
44593,[0.61960536 0.58182411],3,3,"[0.6601234827680622, 0.6109507568947781]",1,-1
44594,[0.37900735 0.51624245],0,1,"[0.37965276877051146, 0.575157747726818]",1,-1
44595,[0.39833254 0.62280661],0,1,"[0.37965276877051146, 0.575157747726818]",1,-1
44596,[0.22896125 0.14635018],1,-1,-1,0,0
44597,[0.65934377 0.55858791],3,3,"[0.6601234827680622, 0.6109507568947781]",1,-1
44598,[0.63352041 0.57057629],3,3,"[0.6601234827680622, 0.6109507568947781]",1,-1
44599,[0.58672016 0.6402168 ],3,-1,-1,1,-1
44600,[0.20003621 0.17146894],1,-1,-1,0,0
44601,[0.61571722 0.64096212],3,3,"[0.6601234827680622, 0.6109507568947781]",1,-1
44602,[0.77371859 0.67275426],2,0,"[0.7890750777399501, 0.6799557517006445]",1,-1
44603,[0.78360056 0.63264982],2,0,"[0.7890750777399501, 0.6799557517006445]",1,-1
44604,[0.40003373 0.53799855],0,1,"[0.37965276877051146, 0.575157747726818]",1,-1
44605,[0.23501745 0.21358491],1,2,"[0.294379027732062, 0.1921773781634303]",0,0
44606,[0.34436222 0.09589544],1,-1,-1,0,0
44607,[0.63250088 0.67170409],3,3,"[0.6601234827680622, 0.6109507568947781]",1,-1
44608,[0.70761067 0.57185523],3,3,"[0.6601234827680622, 0.6109507568947781]",1,-1
44609,[0.33119623 0.44157764],0,-1,-1,1,-1
44610,[0.63992041 0.6564564 ],3,3,"[0.6601234827680622, 0.6109507568947781]",1,-1
44611,[0.44257265 0.59555476],0,1,"[0.37965276877051146, 0.575157747726818]",1,-1
44612,[0.3633721  0.55576752],0,1,"[0.37965276877051146, 0.575157747726818]",1,-1
44613,[0.81889759 0.65070858],2,0,"[0.7890750777399501, 0.6799557517006445]",1,-1
44614,[0.60651945 0.5764375 ],3,3,"[0.6601234827680622, 0.6109507568947781]",1,-1
44615,[0.83479584 0.72973475],2,0,"[0.7890750777399501, 0.6799557517006445]",1,-1
44616,[0.31170239 0.17386175],1,2,"[0.294379027732062, 0.1921773781634303]",0,0
44617,[0.26074156 0.55641312],0,-1,-1,1,-1
44618,[0.40636638 0.51743649],0,1,"[0.37965276877051146, 0.575157747726818]",1,-1
44619,[0.76001384 0.6753106 ],2,0,"[0.7890750777399501, 0.6799557517006445]",1,-1
44620,[0.34804585 0.59651594],0,1,"[0.37965276877051146, 0.575157747726818]",1,-1
44621,[0.69787553 0.62287771],3,3,"[0.6601234827680622, 0.6109507568947781]",1,-1
44622,[0.73900462 0.77521298],2,-1,-1,1,-1
44623,[0.66507512 0.66500978],3,3,"[0.6601234827680622, 0.6109507568947781]",1,-1
44624,[0.42880771 0.5699261 ],0,1,"[0.37965276877051146, 0.575157747726818]",1,-1
44625,[0.29403989 0.14723399],1,2,"[0.294379027732062, 0.1921773781634303]",0,0
44626,[0.73201989 0.66418629],2,0,"[0.7890750777399501, 0.6799557517006445]",1,-1
44627,[0.69674684 0.57205522],3,3,"[0.6601234827680622, 0.6109507568947781]",1,-1
44628,[0.34466518 0.22319153],1,2,"[0.294379027732062, 0.1921773781634303]",0,0
44629,[0.63216829 0.61853039],3,3,"[0.6601234827680622, 0.6109507568947781]",1,-1
44630,[0.44180628 0.49328201],0,-1,-1,1,-1
44631,[0.66542155 0.56189595],3,3,"[0.6601234827680622, 0.6109507568947781]",1,-1
44632,[0.30353817 0.2399702 ],1,2,"[0.294379027732062, 0.1921773781634303]",0,0
44633,[0.41554918 0.52492434],0,1,"[0.37965276877051146, 0.575157747726818]",1,-1
44634,[0.66109453 0.56525192],3,3,"[0.6601234827680622, 0.6109507568947781]",1,-1
44635,[0.27819114 0.15043079],1,2,"[0.294379027732062, 0.1921773781634303]",0,0
44636,[0.65807561 0.62582596],3,3,"[0.6601234827680622, 0.6109507568947781]",1,7
44637,[0.39614433 0.51046085],0,1,"[0.37965276877051146, 0.575157747726818]",1,-1
44638,[0.71396924 0.55256636],3,-1,-1,1,-1
44639,[0.29613173 0.18999518],1,2,"[0.294379027732062, 0.1921773781634303]",0,0
44640,[0.35833243 0.59055274],0,1,"[0.37965276877051146, 0.575157747726818]",1,-1
44641,[0.40723016 0.24603242],1,-1,-1,0,0
44642,[0.67620267 0.65426422],3,3,"[0.6601234827680622, 0.6109507568947781]",1,-1
44643,[0.29662572 0.10613001],1,-1,-1,0,0
44644,[0.32833553 0.35214893],1,-1,-1,0,0
44645,[0.30516721 0.18093327],1,2,"[0.294379027732062, 0.1921773781634303]",0,0
44646,[0.71575361 0.63327967],3,3,"[0.6601234827680622, 0.6109507568947781]",1,-1
44647,[0.7077177  0.60533836],3,3,"[0.6601234827680622, 0.6109507568947781]",1,-1
44648,[0.82958044 0.69725071],2,0,"[0.7890750777399501, 0.6799557517006445]",1,-1
44649,[0.34348772 0.203774  ],1,2,"[0.294379027732062, 0.1921773781634303]",0,0
44650,[0.8691738  0.75800268],2,-1,-1,1,-1
44651,[0.81890998 0.63648177],2,0,"[0.7890750777399501, 0.6799557517006445]",1,-1
44652,[0.74668205 0.61497302],2,-1,-1,1,-1
44653,[0.33133948 0.48627275],0,-1,-1,1,-1
44654,[0.42366099 0.57761145],0,1,"[0.37965276877051146, 0.575157747726818]",1,-1
44655,[0.79126431 0.66911497],2,0,"[0.7890750777399501, 0.6799557517006445]",1,4
44656,[0.83285516 0.73872253],2,-1,-1,1,-1
44657,[0.32513389 0.16041886],1,2,"[0.294379027732062, 0.1921773781634303]",0,0
44658,[0.30595608 0.20727774],1,2,"[0.294379027732062, 0.1921773781634303]",0,0
44659,[0.24256442 0.18828246],1,2,"[0.294379027732062, 0.1921773781634303]",0,0
44660,[0.32311003 0.22832022],1,2,"[0.294379027732062, 0.1921773781634303]",0,0
44661,[0.42141932 0.21699793],1,-1,-1,0,0
44662,[0.42177202 0.5702245 ],0,1,"[0.37965276877051146, 0.575157747726818]",1,-1
44663,[0.3498634 0.1799917],1,2,"[0.294379027732062, 0.1921773781634303]",0,0
44664,[0.32099122 0.54408496],0,1,"[0.37965276877051146, 0.575157747726818]",1,-1
44665,[0.68085323 0.59855887],3,3,"[0.6601234827680622, 0.6109507568947781]",1,-1
44666,[0.3362118  0.52578618],0,1,"[0.37965276877051146, 0.575157747726818]",1,-1
44667,[0.33154706 0.16605431],1,2,"[0.294379027732062, 0.1921773781634303]",0,0
44668,[0.79795771 0.59696109],3,-1,-1,1,-1
44669,[0.78432359 0.64193136],2,0,"[0.7890750777399501, 0.6799557517006445]",1,-1
44670,[0.4561028  0.59770393],0,-1,-1,1,-1
44671,[0.64149016 0.57828501],3,3,"[0.6601234827680622, 0.6109507568947781]",1,-1
44672,[0.28333778 0.15272995],1,2,"[0.294379027732062, 0.1921773781634303]",0,0
44673,[0.35580942 0.20234269],1,2,"[0.294379027732062, 0.1921773781634303]",0,0
44674,[0.33524052 0.55441284],0,1,"[0.37965276877051146, 0.575157747726818]",1,-1
44675,[0.61374837 0.69437284],3,-1,-1,1,-1
44676,[0.78753299 0.67034314],2,0,"[0.7890750777399501, 0.6799557517006445]",1,4
44677,[0.35011999 0.23625902],1,-1,-1,0,0
44678,[0.30861429 0.6238021 ],0,-1,-1,1,-1
44679,[0.38412309 0.18695012],1,-1,-1,0,0
44680,[0.35845968 0.58218965],0,1,"[0.37965276877051146, 0.575157747726818]",1,-1
44681,[0.36011269 0.57613219],0,1,"[0.37965276877051146, 0.575157747726818]",1,-1
44682,[0.79685781 0.67182023],2,0,"[0.7890750777399501, 0.6799557517006445]",1,4
44683,[0.66505009 0.71052859],3,-1,-1,1,-1
44684,[0.65419521 0.60389369],3,3,"[0.6601234827680622, 0.6109507568947781]",1,6
44685,[0.33523512 0.15629681],1,2,"[0.294379027732062, 0.1921773781634303]",0,0
44686,[0.29821372 0.18622479],1,2,"[0.294379027732062, 0.1921773781634303]",0,0
44687,[0.77467354 0.71612946],2,0,"[0.7890750777399501, 0.6799557517006445]",1,-1
44688,[0.41194251 0.59816222],0,1,"[0.37965276877051146, 0.575157747726818]",1,-1
44689,[0.28211888 0.21639114],1,2,"[0.294379027732062, 0.1921773781634303]",0,0
44690,[0.30771161 0.25883331],1,2,"[0.294379027732062, 0.1921773781634303]",0,0
44691,[0.29917199 0.19694916],1,2,"[0.294379027732062, 0.1921773781634303]",0,0
44692,[0.4694906  0.55171474],0,-1,-1,1,-1
44693,[0.37994235 0.5388327 ],0,1,"[0.37965276877051146, 0.575157747726818]",1,-1
44694,[0.67604892 0.60020788],3,3,"[0.6601234827680622, 0.6109507568947781]",1,-1
44695,[0.80527114 0.62338797],2,0,"[0.7890750777399501, 0.6799557517006445]",1,-1
44696,[0.67413712 0.63323261],3,3,"[0.6601234827680622, 0.6109507568947781]",1,-1
44697,[0.30791002 0.13316724],1,2,"[0.294379027732062, 0.1921773781634303]",0,0
44698,[0.76623963 0.72619947],2,0,"[0.7890750777399501, 0.6799557517006445]",1,-1
44699,[0.33015973 0.13118755],1,-1,-1,0,0
44700,[0.56861728 0.67325568],3,-1,-1,1,-1
44701,[0.31595124 0.17754195],1,2,"[0.294379027732062, 0.1921773781634303]",0,0
44702,[0.65922976 0.59532831],3,3,"[0.6601234827680622, 0.6109507568947781]",1,-1
44703,[0.77936814 0.68432518],2,0,"[0.7890750777399501, 0.6799557517006445]",1,4
44704,[0.32097449 0.59669419],0,1,"[0.37965276877051146, 0.575157747726818]",1,-1
44705,[0.67704139 0.51408908],3,-1,-1,1,-1
44706,[0.73027466 0.68129835],2,0,"[0.7890750777399501, 0.6799557517006445]",1,-1
44707,[0.58338683 0.60424249],3,-1,-1,1,-1
44708,[0.32318889 0.13492621],1,2,"[0.294379027732062, 0.1921773781634303]",0,0
44709,[0.62061093 0.6142907 ],3,3,"[0.6601234827680622, 0.6109507568947781]",1,-1
44710,[0.39207682 0.59254131],0,1,"[0.37965276877051146, 0.575157747726818]",1,-1
44711,[0.64435352 0.57761592],3,3,"[0.6601234827680622, 0.6109507568947781]",1,-1
44712,[0.84103992 0.69016733],2,0,"[0.7890750777399501, 0.6799557517006445]",1,-1
44713,[0.72574111 0.73033992],2,-1,-1,1,-1
44714,[0.82812241 0.67262578],2,0,"[0.7890750777399501, 0.6799557517006445]",1,-1
44715,[0.43008308 0.65158903],0,-1,-1,1,-1
44716,[0.65976763 0.65998751],3,3,"[0.6601234827680622, 0.6109507568947781]",1,-1
44717,[0.21168509 0.26024688],1,-1,-1,0,0
44718,[0.37408523 0.55028424],0,1,"[0.37965276877051146, 0.575157747726818]",1,-1
44719,[0.7897713  0.70122248],2,0,"[0.7890750777399501, 0.6799557517006445]",1,-1
44720,[0.75351403 0.60193038],3,-1,-1,1,-1
44721,[0.76726395 0.67352131],2,0,"[0.7890750777399501, 0.6799557517006445]",1,-1
44722,[0.27397063 0.25003575],1,2,"[0.294379027732062, 0.1921773781634303]",0,0
44723,[0.73205122 0.72636977],2,-1,-1,1,-1
44724,[0.33983112 0.20633884],1,2,"[0.294379027732062, 0.1921773781634303]",0,0
44725,[0.28698384 0.19329765],1,2,"[0.294379027732062, 0.1921773781634303]",0,0
44726,[0.39517403 0.49854057],0,-1,-1,1,-1
44727,[0.73613107 0.68358925],2,0,"[0.7890750777399501, 0.6799557517006445]",1,-1
44728,[0.32986419 0.18247645],1,2,"[0.294379027732062, 0.1921773781634303]",0,0
44729,[0.34650685 0.57322837],0,1,"[0.37965276877051146, 0.575157747726818]",1,-1
44730,[0.5857358  0.64137545],3,-1,-1,1,-1
44731,[0.29074215 0.21085865],1,2,"[0.294379027732062, 0.1921773781634303]",0,0
44732,[0.72070716 0.78622916],2,-1,-1,1,-1
44733,[0.76316143 0.63457929],2,0,"[0.7890750777399501, 0.6799557517006445]",1,-1
44734,[0.28903156 0.22086372],1,2,"[0.294379027732062, 0.1921773781634303]",0,0
44735,[0.7605273  0.67885733],2,0,"[0.7890750777399501, 0.6799557517006445]",1,-1
44736,[0.31589918 0.16041792],1,2,"[0.294379027732062, 0.1921773781634303]",0,0
44737,[0.41707467 0.58248684],0,1,"[0.37965276877051146, 0.575157747726818]",1,-1
44738,[0.25167519 0.18547547],1,2,"[0.294379027732062, 0.1921773781634303]",0,0
44739,[0.82047947 0.59373092],2,-1,-1,1,-1
44740,[0.28426544 0.49795262],0,-1,-1,1,-1
44741,[0.67247769 0.61086162],3,3,"[0.6601234827680622, 0.6109507568947781]",1,-1
44742,[0.71656872 0.67057768],2,-1,-1,1,-1
44743,[0.2574211  0.23017187],1,2,"[0.294379027732062, 0.1921773781634303]",0,0
44744,[0.70835788 0.55391898],2,-1,-1,1,-1
44745,[0.31636452 0.56753274],0,1,"[0.37965276877051146, 0.575157747726818]",1,-1
44746,[0.75816226 0.66623378],3,0,"[0.7890750777399501, 0.6799557517006445]",1,-1
44747,[0.39826266 0.14642076],1,-1,-1,0,0
44748,[0.19894327 0.07423638],1,-1,-1,0,0
44749,[0.75218219 0.64576053],2,0,"[0.7890750777399501, 0.6799557517006445]",1,-1
44750,[0.37463779 0.54498948],0,1,"[0.37965276877051146, 0.575157747726818]",1,-1
44751,[0.68334891 0.57721348],3,3,"[0.6601234827680622, 0.6109507568947781]",1,-1
44752,[0.73822812 0.66864085],2,0,"[0.7890750777399501, 0.6799557517006445]",1,-1
44753,[0.8606738  0.71636676],2,-1,-1,1,-1
44754,[0.44486332 0.61820968],0,-1,-1,1,-1
44755,[0.66291876 0.73061472],2,-1,-1,1,-1
44756,[0.35686506 0.46021826],0,-1,-1,1,-1
44757,[0.62084004 0.537168  ],3,-1,-1,1,-1
44758,[0.31001655 0.10648525],1,-1,-1,0,0
44759,[0.32322693 0.1176753 ],1,-1,-1,0,0
44760,[0.3553725  0.18107533],1,2,"[0.294379027732062, 0.1921773781634303]",0,0
44761,[0.6824917  0.68238821],3,-1,-1,1,-1
44762,[0.37584896 0.26281745],1,-1,-1,0,0
44763,[0.37137903 0.59019737],0,1,"[0.37965276877051146, 0.575157747726818]",1,-1
44764,[0.77802321 0.6455554 ],3,0,"[0.7890750777399501, 0.6799557517006445]",1,-1
44765,[0.89959118 0.68787198],2,-1,-1,1,-1
44766,[0.72301139 0.59876346],3,3,"[0.6601234827680622, 0.6109507568947781]",1,-1
44767,[0.35086101 0.51065031],0,-1,-1,1,-1
44768,[0.32475685 0.27295997],1,-1,-1,0,0
44769,[0.769525   0.60645952],2,-1,-1,1,-1
44770,[0.80471601 0.69973454],2,0,"[0.7890750777399501, 0.6799557517006445]",1,-1
44771,[0.68046525 0.54616295],3,3,"[0.6601234827680622, 0.6109507568947781]",1,-1
44772,[0.75722215 0.6852593 ],2,0,"[0.7890750777399501, 0.6799557517006445]",1,-1
44773,[0.64205106 0.62953368],3,3,"[0.6601234827680622, 0.6109507568947781]",1,-1
44774,[0.68096517 0.62733319],3,3,"[0.6601234827680622, 0.6109507568947781]",1,-1
44775,[0.42845877 0.49384863],0,-1,-1,1,-1
44776,[0.76241437 0.63618422],2,0,"[0.7890750777399501, 0.6799557517006445]",1,-1
44777,[0.67938322 0.51039693],3,-1,-1,1,-1
44778,[0.68721235 0.55980851],3,3,"[0.6601234827680622, 0.6109507568947781]",1,-1
44779,[0.63926083 0.61586938],3,3,"[0.6601234827680622, 0.6109507568947781]",1,-1
44780,[0.66808741 0.55576926],3,3,"[0.6601234827680622, 0.6109507568947781]",1,-1
44781,[0.81540555 0.62886   ],2,0,"[0.7890750777399501, 0.6799557517006445]",1,-1
44782,[0.27256153 0.21769658],1,2,"[0.294379027732062, 0.1921773781634303]",0,0
44783,[0.40059828 0.56903855],0,1,"[0.37965276877051146, 0.575157747726818]",1,2
44784,[0.63539328 0.62581924],3,3,"[0.6601234827680622, 0.6109507568947781]",1,-1
44785,[0.7569031  0.68875954],2,0,"[0.7890750777399501, 0.6799557517006445]",1,-1
44786,[0.35242111 0.51868668],0,1,"[0.37965276877051146, 0.575157747726818]",1,-1
44787,[0.35333226 0.57919916],0,1,"[0.37965276877051146, 0.575157747726818]",1,-1
44788,[0.80617817 0.67579074],2,0,"[0.7890750777399501, 0.6799557517006445]",1,4
44789,[0.34096122 0.16932284],1,2,"[0.294379027732062, 0.1921773781634303]",0,0
44790,[0.36265184 0.622902  ],0,1,"[0.37965276877051146, 0.575157747726818]",1,-1
44791,[0.33516724 0.26331681],1,-1,-1,0,0
44792,[0.40001866 0.60876743],0,1,"[0.37965276877051146, 0.575157747726818]",1,-1
44793,[0.73722755 0.68226154],2,0,"[0.7890750777399501, 0.6799557517006445]",1,-1
44794,[0.31567885 0.53547453],0,-1,-1,1,-1
44795,[0.7840253  0.66361444],2,0,"[0.7890750777399501, 0.6799557517006445]",1,-1
44796,[0.63172767 0.64471733],3,3,"[0.6601234827680622, 0.6109507568947781]",1,-1
44797,[0.33524582 0.64566393],0,-1,-1,1,-1
44798,[0.29336645 0.15747806],1,2,"[0.294379027732062, 0.1921773781634303]",0,0
44799,[0.88478416 0.68126675],2,-1,-1,1,-1
44800,[0.33968584 0.67259388],0,-1,-1,1,-1
44801,[0.64675775 0.69570781],3,-1,-1,1,-1
44802,[0.75370667 0.65072156],2,0,"[0.7890750777399501, 0.6799557517006445]",1,-1
44803,[0.76388009 0.57715292],2,-1,-1,1,-1
44804,[0.31825533 0.1983406 ],1,2,"[0.294379027732062, 0.1921773781634303]",0,0
44805,[0.68273656 0.66861744],3,3,"[0.6601234827680622, 0.6109507568947781]",1,-1
44806,[0.71394551 0.70928699],2,-1,-1,1,-1
44807,[0.64949183 0.59695264],3,3,"[0.6601234827680622, 0.6109507568947781]",1,-1
44808,[0.71501342 0.68668545],2,-1,-1,1,-1
44809,[0.73577588 0.65556121],2,0,"[0.7890750777399501, 0.6799557517006445]",1,-1
44810,[0.589097   0.60116056],3,-1,-1,1,-1
44811,[0.62379994 0.61609525],3,3,"[0.6601234827680622, 0.6109507568947781]",1,-1
44812,[0.21493828 0.20154709],1,-1,-1,0,0
44813,[0.88804696 0.70990007],2,-1,-1,1,-1
44814,[0.65654161 0.53635929],3,-1,-1,1,-1
44815,[0.84485853 0.65646554],2,0,"[0.7890750777399501, 0.6799557517006445]",1,-1
44816,[0.25497321 0.16296599],1,2,"[0.294379027732062, 0.1921773781634303]",0,0
44817,[0.33230272 0.58553708],0,1,"[0.37965276877051146, 0.575157747726818]",1,-1
44818,[0.32991633 0.55063127],0,1,"[0.37965276877051146, 0.575157747726818]",1,-1
44819,[0.36523298 0.53404303],0,1,"[0.37965276877051146, 0.575157747726818]",1,-1
44820,[0.27830468 0.26494647],1,-1,-1,0,0
44821,[0.3263252  0.18545604],1,2,"[0.294379027732062, 0.1921773781634303]",0,0
44822,[0.4160136  0.56403322],0,1,"[0.37965276877051146, 0.575157747726818]",1,-1
44823,[0.64658542 0.65979438],3,3,"[0.6601234827680622, 0.6109507568947781]",1,-1
44824,[0.79082896 0.6621815 ],2,0,"[0.7890750777399501, 0.6799557517006445]",1,-1
44825,[0.62831266 0.64314694],3,3,"[0.6601234827680622, 0.6109507568947781]",1,-1
44826,[0.34226145 0.68431324],0,-1,-1,1,-1
44827,[0.76704883 0.66917988],2,0,"[0.7890750777399501, 0.6799557517006445]",1,-1
44828,[0.3294358  0.57401116],0,1,"[0.37965276877051146, 0.575157747726818]",1,-1
44829,[0.36573683 0.19344645],1,-1,-1,0,0
44830,[0.37099604 0.53344761],0,1,"[0.37965276877051146, 0.575157747726818]",1,-1
44831,[0.35312782 0.1988108 ],1,2,"[0.294379027732062, 0.1921773781634303]",0,0
44832,[0.39712692 0.55152465],0,1,"[0.37965276877051146, 0.575157747726818]",1,-1
44833,[0.70402378 0.6228903 ],3,3,"[0.6601234827680622, 0.6109507568947781]",1,-1
44834,[0.45064914 0.58665395],0,-1,-1,1,-1
44835,[0.82318347 0.6781722 ],2,0,"[0.7890750777399501, 0.6799557517006445]",1,-1
44836,[0.32580075 0.48699792],0,-1,-1,1,-1
44837,[0.87858813 0.74737836],2,-1,-1,1,-1
44838,[0.63958978 0.61887876],3,3,"[0.6601234827680622, 0.6109507568947781]",1,6
44839,[0.54941602 0.63364757],3,-1,-1,1,-1
44840,[0.77720704 0.63641175],2,0,"[0.7890750777399501, 0.6799557517006445]",1,-1
44841,[0.28233241 0.21140017],1,2,"[0.294379027732062, 0.1921773781634303]",0,0
44842,[0.78945082 0.6485123 ],2,0,"[0.7890750777399501, 0.6799557517006445]",1,-1
44843,[0.71742363 0.69131282],2,-1,-1,1,-1
44844,[0.47058761 0.6540917 ],0,-1,-1,1,-1
44845,[0.79711829 0.67428735],2,0,"[0.7890750777399501, 0.6799557517006445]",1,4
44846,[0.80736997 0.68479428],2,0,"[0.7890750777399501, 0.6799557517006445]",1,-1
44847,[0.36747644 0.20263907],1,-1,-1,0,0
44848,[0.31077989 0.18691979],1,2,"[0.294379027732062, 0.1921773781634303]",0,0
44849,[0.71359871 0.68439041],2,-1,-1,1,-1
44850,[0.27478491 0.16335077],1,2,"[0.294379027732062, 0.1921773781634303]",0,0
44851,[0.20474436 0.17430001],1,-1,-1,0,0
44852,[0.7341078  0.65994691],2,0,"[0.7890750777399501, 0.6799557517006445]",1,-1
44853,[0.47559309 0.58914186],0,-1,-1,1,-1
44854,[0.3275523  0.58370666],0,1,"[0.37965276877051146, 0.575157747726818]",1,-1
44855,[0.82684868 0.69865096],2,0,"[0.7890750777399501, 0.6799557517006445]",1,-1
44856,[0.41326881 0.57276294],0,1,"[0.37965276877051146, 0.575157747726818]",1,2
44857,[0.6719122  0.55530181],3,3,"[0.6601234827680622, 0.6109507568947781]",1,-1
44858,[0.65829944 0.5600477 ],3,3,"[0.6601234827680622, 0.6109507568947781]",1,-1
44859,[0.65594824 0.64096827],3,3,"[0.6601234827680622, 0.6109507568947781]",1,-1
44860,[0.35443303 0.52125282],0,1,"[0.37965276877051146, 0.575157747726818]",1,-1
44861,[0.68585869 0.59784383],3,3,"[0.6601234827680622, 0.6109507568947781]",1,5
44862,[0.67561764 0.55985702],3,3,"[0.6601234827680622, 0.6109507568947781]",1,-1
44863,[0.41978581 0.54522338],0,1,"[0.37965276877051146, 0.575157747726818]",1,-1
44864,[0.4804475  0.55091331],0,-1,-1,1,-1
44865,[0.3302776  0.21412331],1,2,"[0.294379027732062, 0.1921773781634303]",0,0
44866,[0.41491524 0.1817212 ],1,-1,-1,0,0
44867,[0.75575746 0.64251404],2,0,"[0.7890750777399501, 0.6799557517006445]",1,-1
44868,[0.47611889 0.52254073],0,-1,-1,1,-1
44869,[0.3659984 0.1482066],1,-1,-1,0,0
44870,[0.70682938 0.63922545],3,3,"[0.6601234827680622, 0.6109507568947781]",1,-1
44871,[0.74726597 0.64333785],2,0,"[0.7890750777399501, 0.6799557517006445]",1,-1
44872,[0.68103861 0.6383928 ],3,3,"[0.6601234827680622, 0.6109507568947781]",1,-1
44873,[0.79533235 0.72550948],2,0,"[0.7890750777399501, 0.6799557517006445]",1,-1
44874,[0.67952305 0.64102795],3,3,"[0.6601234827680622, 0.6109507568947781]",1,-1
44875,[0.62542961 0.705723  ],3,-1,-1,1,-1
44876,[0.3388043  0.59802339],0,1,"[0.37965276877051146, 0.575157747726818]",1,-1
44877,[0.85399918 0.73860941],2,-1,-1,1,-1
44878,[0.42923373 0.67003438],0,-1,-1,1,-1
44879,[0.63743274 0.54468178],3,-1,-1,1,-1
44880,[0.31821181 0.15324134],1,2,"[0.294379027732062, 0.1921773781634303]",0,0
44881,[0.40786493 0.13900684],1,-1,-1,0,0
44882,[0.16983545 0.17648195],1,-1,-1,0,0
44883,[0.84277239 0.69489797],2,0,"[0.7890750777399501, 0.6799557517006445]",1,-1
44884,[0.83017768 0.6769623 ],2,0,"[0.7890750777399501, 0.6799557517006445]",1,-1
44885,[0.40340821 0.48861804],0,-1,-1,1,-1
44886,[0.41708275 0.61927219],0,1,"[0.37965276877051146, 0.575157747726818]",1,-1
44887,[0.83977695 0.57315333],2,-1,-1,1,-1
44888,[0.39170757 0.55325485],0,1,"[0.37965276877051146, 0.575157747726818]",1,-1
44889,[0.71288159 0.60813365],3,3,"[0.6601234827680622, 0.6109507568947781]",1,-1
44890,[0.29786138 0.13187853],1,2,"[0.294379027732062, 0.1921773781634303]",0,0
44891,[0.51647554 0.68749951],3,-1,-1,1,-1
44892,[0.76524341 0.74650637],2,-1,-1,1,-1
44893,[0.29169722 0.17913303],1,2,"[0.294379027732062, 0.1921773781634303]",0,0
44894,[0.24087682 0.20853179],1,2,"[0.294379027732062, 0.1921773781634303]",0,0
44895,[0.76801451 0.64192129],2,0,"[0.7890750777399501, 0.6799557517006445]",1,-1
44896,[0.41644344 0.51595548],0,1,"[0.37965276877051146, 0.575157747726818]",1,-1
44897,[0.42355075 0.5949138 ],0,1,"[0.37965276877051146, 0.575157747726818]",1,-1
44898,[0.36980986 0.22252831],1,-1,-1,0,0
44899,[0.64512681 0.64266679],3,3,"[0.6601234827680622, 0.6109507568947781]",1,-1
44900,[0.39678651 0.5482222 ],0,1,"[0.37965276877051146, 0.575157747726818]",1,-1
44901,[0.20501123 0.22667541],1,-1,-1,0,0
44902,[0.80544055 0.65226373],2,0,"[0.7890750777399501, 0.6799557517006445]",1,-1
44903,[0.82715324 0.6828373 ],2,0,"[0.7890750777399501, 0.6799557517006445]",1,-1
44904,[0.52430376 0.5572533 ],0,-1,-1,1,-1
44905,[0.47503353 0.58440424],0,-1,-1,1,-1
44906,[0.37705673 0.13939943],1,-1,-1,0,0
44907,[0.22875226 0.17706381],1,2,"[0.294379027732062, 0.1921773781634303]",0,0
44908,[0.8990165  0.67338835],2,-1,-1,1,-1
44909,[0.83110526 0.70271504],2,0,"[0.7890750777399501, 0.6799557517006445]",1,-1
44910,[0.3162853  0.51636598],0,-1,-1,1,-1
44911,[0.35368558 0.52926991],0,1,"[0.37965276877051146, 0.575157747726818]",1,-1
44912,[0.70454358 0.61198448],3,3,"[0.6601234827680622, 0.6109507568947781]",1,-1
44913,[0.32092826 0.19892242],1,2,"[0.294379027732062, 0.1921773781634303]",0,0
44914,[0.34044997 0.23694461],1,2,"[0.294379027732062, 0.1921773781634303]",0,0
44915,[0.65702838 0.58548374],3,3,"[0.6601234827680622, 0.6109507568947781]",1,-1
44916,[0.23877262 0.17974546],1,2,"[0.294379027732062, 0.1921773781634303]",0,0
44917,[0.42743794 0.58217894],0,1,"[0.37965276877051146, 0.575157747726818]",1,-1
44918,[0.36032165 0.14366359],1,-1,-1,0,0
44919,[0.32844974 0.52829991],0,1,"[0.37965276877051146, 0.575157747726818]",1,-1
44920,[0.26476803 0.26014435],1,-1,-1,0,0
44921,[0.77842053 0.73166336],2,0,"[0.7890750777399501, 0.6799557517006445]",1,-1
44922,[0.32024554 0.49166919],0,-1,-1,1,-1
44923,[0.76501777 0.67449067],2,0,"[0.7890750777399501, 0.6799557517006445]",1,-1
44924,[0.35392046 0.66835691],0,-1,-1,1,-1
44925,[0.83188088 0.66861387],2,0,"[0.7890750777399501, 0.6799557517006445]",1,-1
44926,[0.29351749 0.16428736],1,2,"[0.294379027732062, 0.1921773781634303]",0,0
44927,[0.36941222 0.62831042],0,1,"[0.37965276877051146, 0.575157747726818]",1,-1
44928,[0.62207353 0.59272668],3,3,"[0.6601234827680622, 0.6109507568947781]",1,-1
44929,[0.65576394 0.58902381],3,3,"[0.6601234827680622, 0.6109507568947781]",1,-1
44930,[0.80709021 0.77721052],2,-1,-1,1,-1
44931,[0.38045341 0.60164631],0,1,"[0.37965276877051146, 0.575157747726818]",1,-1
44932,[0.4156695  0.62146754],0,1,"[0.37965276877051146, 0.575157747726818]",1,-1
44933,[0.29789989 0.13699641],1,2,"[0.294379027732062, 0.1921773781634303]",0,0
44934,[0.82794675 0.64232952],2,0,"[0.7890750777399501, 0.6799557517006445]",1,-1
44935,[0.36579962 0.54518285],0,1,"[0.37965276877051146, 0.575157747726818]",1,-1
44936,[0.36219476 0.55040395],0,1,"[0.37965276877051146, 0.575157747726818]",1,1
44937,[0.66846235 0.64878515],3,3,"[0.6601234827680622, 0.6109507568947781]",1,-1
44938,[0.76410289 0.70178212],2,0,"[0.7890750777399501, 0.6799557517006445]",1,-1
44939,[0.4277912  0.52922935],0,1,"[0.37965276877051146, 0.575157747726818]",1,-1
44940,[0.27051416 0.13063035],1,2,"[0.294379027732062, 0.1921773781634303]",0,0
44941,[0.82630886 0.70878094],2,0,"[0.7890750777399501, 0.6799557517006445]",1,-1
44942,[0.74602826 0.64969765],3,0,"[0.7890750777399501, 0.6799557517006445]",1,-1
44943,[0.64509201 0.50588367],3,-1,-1,1,-1
44944,[0.30059731 0.20410182],1,2,"[0.294379027732062, 0.1921773781634303]",0,0
44945,[0.30111292 0.21890693],1,2,"[0.294379027732062, 0.1921773781634303]",0,0
44946,[0.71167248 0.57100683],3,3,"[0.6601234827680622, 0.6109507568947781]",1,-1
44947,[0.31528906 0.24171537],1,2,"[0.294379027732062, 0.1921773781634303]",0,0
44948,[0.76695055 0.6572265 ],2,0,"[0.7890750777399501, 0.6799557517006445]",1,-1
44949,[0.74762541 0.61023268],3,-1,-1,1,-1
44950,[0.36656987 0.58915629],0,1,"[0.37965276877051146, 0.575157747726818]",1,-1
44951,[0.67916373 0.67970948],2,-1,-1,1,-1
44952,[0.7775242  0.72417189],2,0,"[0.7890750777399501, 0.6799557517006445]",1,-1
44953,[0.37288774 0.18763414],1,-1,-1,0,0
44954,[0.82382932 0.69369661],2,0,"[0.7890750777399501, 0.6799557517006445]",1,-1
44955,[0.40153441 0.51785585],0,1,"[0.37965276877051146, 0.575157747726818]",1,-1
44956,[0.30821661 0.11966705],1,-1,-1,0,0
44957,[0.32745471 0.21432708],1,2,"[0.294379027732062, 0.1921773781634303]",0,0
44958,[0.80169913 0.72692619],2,0,"[0.7890750777399501, 0.6799557517006445]",1,-1
44959,[0.39073842 0.63722734],0,1,"[0.37965276877051146, 0.575157747726818]",1,-1
44960,[0.32813825 0.1914167 ],1,2,"[0.294379027732062, 0.1921773781634303]",0,0
44961,[0.38919176 0.62322828],0,1,"[0.37965276877051146, 0.575157747726818]",1,-1
44962,[0.33012229 0.24633503],1,2,"[0.294379027732062, 0.1921773781634303]",0,0
44963,[0.57488464 0.65425644],3,-1,-1,1,-1
44964,[0.27202974 0.15129938],1,2,"[0.294379027732062, 0.1921773781634303]",0,0
44965,[0.65902587 0.5791828 ],3,3,"[0.6601234827680622, 0.6109507568947781]",1,-1
44966,[0.80589983 0.72923527],2,0,"[0.7890750777399501, 0.6799557517006445]",1,-1
44967,[0.39737346 0.5822956 ],0,1,"[0.37965276877051146, 0.575157747726818]",1,-1
44968,[0.74010443 0.72574893],2,0,"[0.7890750777399501, 0.6799557517006445]",1,-1
44969,[0.36142707 0.12872131],1,-1,-1,0,0
44970,[0.77956583 0.73671304],2,0,"[0.7890750777399501, 0.6799557517006445]",1,-1
44971,[0.43234735 0.58480225],0,1,"[0.37965276877051146, 0.575157747726818]",1,-1
44972,[0.36751011 0.57857243],0,1,"[0.37965276877051146, 0.575157747726818]",1,-1
44973,[0.74292999 0.63166587],2,0,"[0.7890750777399501, 0.6799557517006445]",1,-1
44974,[0.65218066 0.60539526],3,3,"[0.6601234827680622, 0.6109507568947781]",1,6
44975,[0.34410954 0.517344  ],0,1,"[0.37965276877051146, 0.575157747726818]",1,-1
44976,[0.39995726 0.64921194],0,-1,-1,1,-1
44977,[0.76100745 0.60702913],2,-1,-1,1,-1
44978,[0.38430405 0.5960337 ],0,1,"[0.37965276877051146, 0.575157747726818]",1,-1
44979,[0.31543982 0.27516526],1,-1,-1,0,0
44980,[0.33809773 0.10181888],1,-1,-1,0,0
44981,[0.37407664 0.57584184],0,1,"[0.37965276877051146, 0.575157747726818]",1,1
44982,[0.70075101 0.49384123],3,-1,-1,1,-1
44983,[0.63874342 0.60980254],3,3,"[0.6601234827680622, 0.6109507568947781]",1,-1
44984,[0.77186667 0.67892751],2,0,"[0.7890750777399501, 0.6799557517006445]",1,-1
44985,[0.21634563 0.1979682 ],1,-1,-1,0,0
44986,[0.65023278 0.69946125],3,-1,-1,1,-1
44987,[0.33688277 0.13177369],1,-1,-1,0,0
44988,[0.38465635 0.63691187],0,1,"[0.37965276877051146, 0.575157747726818]",1,-1
44989,[0.7885494  0.64017162],2,0,"[0.7890750777399501, 0.6799557517006445]",1,-1
44990,[0.8152432  0.70736649],2,0,"[0.7890750777399501, 0.6799557517006445]",1,-1
44991,[0.3299891  0.19954212],1,2,"[0.294379027732062, 0.1921773781634303]",0,0
44992,[0.76137701 0.67771898],2,0,"[0.7890750777399501, 0.6799557517006445]",1,-1
44993,[0.25088143 0.20084781],1,2,"[0.294379027732062, 0.1921773781634303]",0,0
44994,[0.73054632 0.72770515],2,-1,-1,1,-1
44995,[0.31386394 0.63273656],0,-1,-1,1,-1
44996,[0.33687453 0.61409074],0,1,"[0.37965276877051146, 0.575157747726818]",1,-1
44997,[0.25783543 0.14038904],1,2,"[0.294379027732062, 0.1921773781634303]",0,0
44998,[0.76438267 0.60220674],2,-1,-1,1,-1
44999,[0.22350246 0.22015738],1,-1,-1,0,0
45000,[0.59500597 0.53697306],3,-1,-1,1,-1
45001,[0.36095402 0.59665762],0,1,"[0.37965276877051146, 0.575157747726818]",1,-1
45002,[0.31516856 0.48545661],0,-1,-1,1,-1
45003,[0.40396786 0.17666813],1,-1,-1,0,0
45004,[0.31681988 0.20800569],1,2,"[0.294379027732062, 0.1921773781634303]",0,0
45005,[0.32407949 0.52333324],0,-1,-1,1,-1
45006,[0.30436564 0.19505518],1,2,"[0.294379027732062, 0.1921773781634303]",0,0
45007,[0.3729638 0.5695769],0,1,"[0.37965276877051146, 0.575157747726818]",1,1
45008,[0.67538031 0.63383782],3,3,"[0.6601234827680622, 0.6109507568947781]",1,-1
45009,[0.39417083 0.54759279],0,1,"[0.37965276877051146, 0.575157747726818]",1,-1
45010,[0.30049974 0.27152718],1,-1,-1,0,0
45011,[0.30404424 0.18432132],1,2,"[0.294379027732062, 0.1921773781634303]",0,0
45012,[0.37634182 0.57214841],0,1,"[0.37965276877051146, 0.575157747726818]",1,1
45013,[0.68223422 0.61627264],3,3,"[0.6601234827680622, 0.6109507568947781]",1,5
45014,[0.67594636 0.5615258 ],3,3,"[0.6601234827680622, 0.6109507568947781]",1,-1
45015,[0.26132938 0.16210524],1,2,"[0.294379027732062, 0.1921773781634303]",0,0
45016,[0.38468498 0.61279557],0,1,"[0.37965276877051146, 0.575157747726818]",1,-1
45017,[0.82028739 0.69043882],2,0,"[0.7890750777399501, 0.6799557517006445]",1,-1
45018,[0.73452222 0.70376057],2,0,"[0.7890750777399501, 0.6799557517006445]",1,-1
45019,[0.7751958  0.65249366],2,0,"[0.7890750777399501, 0.6799557517006445]",1,-1
45020,[0.35510778 0.16233153],1,2,"[0.294379027732062, 0.1921773781634303]",0,0
45021,[0.34518073 0.63320032],0,1,"[0.37965276877051146, 0.575157747726818]",1,-1
45022,[0.62529253 0.63472068],3,3,"[0.6601234827680622, 0.6109507568947781]",1,-1
45023,[0.40810279 0.58206446],0,1,"[0.37965276877051146, 0.575157747726818]",1,-1
45024,[0.84726768 0.67392859],2,0,"[0.7890750777399501, 0.6799557517006445]",1,-1
45025,[0.6038153  0.61920871],3,3,"[0.6601234827680622, 0.6109507568947781]",1,-1
45026,[0.68424288 0.68492378],2,-1,-1,1,-1
45027,[0.36194498 0.54798057],0,1,"[0.37965276877051146, 0.575157747726818]",1,-1
45028,[0.44268702 0.67440236],0,-1,-1,1,-1
45029,[0.34231817 0.22972935],1,2,"[0.294379027732062, 0.1921773781634303]",0,0
45030,[0.83789013 0.72596514],2,0,"[0.7890750777399501, 0.6799557517006445]",1,-1
45031,[0.65357659 0.63849512],3,3,"[0.6601234827680622, 0.6109507568947781]",1,-1
45032,[0.75876397 0.72467481],2,0,"[0.7890750777399501, 0.6799557517006445]",1,-1
45033,[0.59830906 0.58775073],3,3,"[0.6601234827680622, 0.6109507568947781]",1,-1
45034,[0.5806962  0.55467067],3,-1,-1,1,-1
45035,[0.31298389 0.17516858],1,2,"[0.294379027732062, 0.1921773781634303]",0,0
45036,[0.6442659  0.60127889],3,3,"[0.6601234827680622, 0.6109507568947781]",1,-1
45037,[0.40259774 0.59256314],0,1,"[0.37965276877051146, 0.575157747726818]",1,-1
45038,[0.74158466 0.71936998],2,0,"[0.7890750777399501, 0.6799557517006445]",1,-1
45039,[0.75183858 0.63149887],3,0,"[0.7890750777399501, 0.6799557517006445]",1,-1
45040,[0.69179263 0.54390565],3,-1,-1,1,-1
45041,[0.46971942 0.56677909],0,-1,-1,1,-1
45042,[0.27658873 0.10964584],1,-1,-1,0,0
45043,[0.87579151 0.68761746],2,-1,-1,1,-1
45044,[0.66171952 0.60821055],3,3,"[0.6601234827680622, 0.6109507568947781]",1,-1
45045,[0.82025828 0.69899601],2,0,"[0.7890750777399501, 0.6799557517006445]",1,-1
45046,[0.43312606 0.64390365],0,-1,-1,1,-1
45047,[0.36668498 0.52781686],0,1,"[0.37965276877051146, 0.575157747726818]",1,-1
45048,[0.30040324 0.14367243],1,2,"[0.294379027732062, 0.1921773781634303]",0,0
45049,[0.70119754 0.59883596],3,3,"[0.6601234827680622, 0.6109507568947781]",1,-1
45050,[0.67450004 0.5946489 ],3,3,"[0.6601234827680622, 0.6109507568947781]",1,-1
45051,[0.3408563 0.587112 ],0,1,"[0.37965276877051146, 0.575157747726818]",1,-1
45052,[0.77566918 0.6386822 ],2,0,"[0.7890750777399501, 0.6799557517006445]",1,-1
45053,[0.36043541 0.56426411],0,1,"[0.37965276877051146, 0.575157747726818]",1,-1
45054,[0.76316549 0.54635933],3,-1,-1,1,-1
45055,[0.78779231 0.72798398],2,0,"[0.7890750777399501, 0.6799557517006445]",1,-1
45056,[0.74606152 0.61434094],2,-1,-1,1,-1
45057,[0.78268065 0.62755923],2,0,"[0.7890750777399501, 0.6799557517006445]",1,-1
45058,[0.25248195 0.21137736],1,2,"[0.294379027732062, 0.1921773781634303]",0,0
45059,[0.3394817  0.61637221],0,1,"[0.37965276877051146, 0.575157747726818]",1,-1
45060,[0.64548072 0.6218875 ],3,3,"[0.6601234827680622, 0.6109507568947781]",1,-1
45061,[0.33981758 0.18758137],1,2,"[0.294379027732062, 0.1921773781634303]",0,0
45062,[0.50059596 0.51704364],0,-1,-1,1,-1
45063,[0.28935122 0.28894217],1,-1,-1,0,0
45064,[0.3360925  0.24665665],1,2,"[0.294379027732062, 0.1921773781634303]",0,0
45065,[0.80005893 0.65946539],2,0,"[0.7890750777399501, 0.6799557517006445]",1,-1
45066,[0.23163925 0.17154469],1,2,"[0.294379027732062, 0.1921773781634303]",0,0
45067,[0.81170064 0.62823524],2,0,"[0.7890750777399501, 0.6799557517006445]",1,-1
45068,[0.42050971 0.54465   ],0,1,"[0.37965276877051146, 0.575157747726818]",1,-1
45069,[0.39304024 0.09802958],1,-1,-1,0,0
45070,[0.29511359 0.11710953],1,-1,-1,0,0
45071,[0.32451109 0.55667384],0,1,"[0.37965276877051146, 0.575157747726818]",1,-1
45072,[0.59380417 0.65148769],3,-1,-1,1,-1
45073,[0.29202422 0.24882173],1,2,"[0.294379027732062, 0.1921773781634303]",0,0
45074,[0.76058207 0.7699243 ],2,-1,-1,1,-1
45075,[0.69653423 0.59887914],3,3,"[0.6601234827680622, 0.6109507568947781]",1,-1
45076,[0.79052692 0.71225567],2,0,"[0.7890750777399501, 0.6799557517006445]",1,-1
45077,[0.23497627 0.1590656 ],1,2,"[0.294379027732062, 0.1921773781634303]",0,0
45078,[0.20932527 0.22658096],1,-1,-1,0,0
45079,[0.70777077 0.60486335],3,3,"[0.6601234827680622, 0.6109507568947781]",1,-1
45080,[0.79888792 0.62560539],2,0,"[0.7890750777399501, 0.6799557517006445]",1,-1
45081,[0.83100451 0.78563347],2,-1,-1,1,-1
45082,[0.66998345 0.59877563],3,3,"[0.6601234827680622, 0.6109507568947781]",1,-1
45083,[0.25234279 0.55543144],0,-1,-1,1,-1
45084,[0.60476706 0.6338302 ],3,3,"[0.6601234827680622, 0.6109507568947781]",1,-1
45085,[0.66651941 0.59246288],3,3,"[0.6601234827680622, 0.6109507568947781]",1,-1
45086,[0.40135482 0.65115968],0,-1,-1,1,-1
45087,[0.33694203 0.16960903],1,2,"[0.294379027732062, 0.1921773781634303]",0,0
45088,[0.82691952 0.7066004 ],2,0,"[0.7890750777399501, 0.6799557517006445]",1,-1
45089,[0.29928981 0.28523853],1,-1,-1,0,0
45090,[0.44546613 0.67235046],0,-1,-1,1,-1
45091,[0.37326957 0.53643111],0,1,"[0.37965276877051146, 0.575157747726818]",1,-1
45092,[0.32300705 0.18709882],1,2,"[0.294379027732062, 0.1921773781634303]",0,0
45093,[0.41736324 0.52977265],0,1,"[0.37965276877051146, 0.575157747726818]",1,-1
45094,[0.34038648 0.24598723],1,-1,-1,0,0
45095,[0.72112021 0.62269645],3,3,"[0.6601234827680622, 0.6109507568947781]",1,-1
45096,[0.83583673 0.64626004],2,0,"[0.7890750777399501, 0.6799557517006445]",1,-1
45097,[0.84593444 0.64264609],2,0,"[0.7890750777399501, 0.6799557517006445]",1,-1
45098,[0.73488372 0.49837088],3,-1,-1,1,-1
45099,[0.4400182  0.54562076],0,1,"[0.37965276877051146, 0.575157747726818]",1,-1
45100,[0.31399283 0.20414879],1,2,"[0.294379027732062, 0.1921773781634303]",0,0
45101,[0.38567115 0.18253533],1,-1,-1,0,0
45102,[0.24407802 0.15923124],1,2,"[0.294379027732062, 0.1921773781634303]",0,0
45103,[0.7640343  0.66028468],2,0,"[0.7890750777399501, 0.6799557517006445]",1,3
45104,[0.65342296 0.71510059],3,-1,-1,1,-1
45105,[0.6951619  0.54469406],3,-1,-1,1,-1
45106,[0.40402495 0.58629364],0,1,"[0.37965276877051146, 0.575157747726818]",1,-1
45107,[0.58962521 0.59737058],3,-1,-1,1,-1
45108,[0.79219657 0.61006648],2,0,"[0.7890750777399501, 0.6799557517006445]",1,-1
45109,[0.89439395 0.6714359 ],3,-1,-1,1,-1
45110,[0.4057526  0.63302054],0,1,"[0.37965276877051146, 0.575157747726818]",1,-1
45111,[0.81200032 0.619764  ],2,0,"[0.7890750777399501, 0.6799557517006445]",1,-1
45112,[0.36888689 0.54137699],0,1,"[0.37965276877051146, 0.575157747726818]",1,-1
45113,[0.74362467 0.62244398],3,-1,-1,1,-1
45114,[0.28076044 0.16481791],1,2,"[0.294379027732062, 0.1921773781634303]",0,0
45115,[0.27145304 0.20081252],1,2,"[0.294379027732062, 0.1921773781634303]",0,0
45116,[0.71723592 0.61501634],2,3,"[0.6601234827680622, 0.6109507568947781]",1,-1
45117,[0.83790202 0.62488285],2,-1,-1,1,-1
45118,[0.68325061 0.52986734],3,-1,-1,1,-1
45119,[0.76826895 0.61154373],2,-1,-1,1,-1
45120,[0.24864724 0.21886811],1,2,"[0.294379027732062, 0.1921773781634303]",0,0
45121,[0.22531704 0.57559758],0,-1,-1,1,-1
45122,[0.80695638 0.62957616],2,0,"[0.7890750777399501, 0.6799557517006445]",1,-1
45123,[0.58295855 0.64735246],3,-1,-1,1,-1
45124,[0.33900703 0.18160022],1,2,"[0.294379027732062, 0.1921773781634303]",0,0
45125,[0.40770935 0.57876618],0,1,"[0.37965276877051146, 0.575157747726818]",1,2
45126,[0.43638082 0.56259157],0,1,"[0.37965276877051146, 0.575157747726818]",1,-1
45127,[0.78839482 0.61848381],2,0,"[0.7890750777399501, 0.6799557517006445]",1,-1
45128,[0.26805107 0.25292579],1,2,"[0.294379027732062, 0.1921773781634303]",0,0
45129,[0.71675331 0.63539836],2,3,"[0.6601234827680622, 0.6109507568947781]",1,-1
45130,[0.26596889 0.203703  ],1,2,"[0.294379027732062, 0.1921773781634303]",0,0
45131,[0.8607456  0.67963765],2,-1,-1,1,-1
45132,[0.36320469 0.60904418],0,1,"[0.37965276877051146, 0.575157747726818]",1,-1
45133,[0.72520787 0.7280159 ],2,-1,-1,1,-1
45134,[0.30267833 0.53544515],0,-1,-1,1,-1
45135,[0.59820941 0.54216552],3,-1,-1,1,-1
45136,[0.81362605 0.63978346],2,0,"[0.7890750777399501, 0.6799557517006445]",1,-1
45137,[0.21566982 0.10488342],1,-1,-1,0,0
45138,[0.32933989 0.61746209],0,1,"[0.37965276877051146, 0.575157747726818]",1,-1
45139,[0.71297839 0.67448622],3,-1,-1,1,-1
45140,[0.36007789 0.48822239],0,-1,-1,1,-1
45141,[0.63550271 0.65065058],3,3,"[0.6601234827680622, 0.6109507568947781]",1,-1
45142,[0.71012975 0.54861135],3,-1,-1,1,-1
45143,[0.25294127 0.2273703 ],1,2,"[0.294379027732062, 0.1921773781634303]",0,0
45144,[0.67599315 0.56146974],3,3,"[0.6601234827680622, 0.6109507568947781]",1,-1
45145,[0.74936788 0.68351158],2,0,"[0.7890750777399501, 0.6799557517006445]",1,-1
45146,[0.73491531 0.71083361],2,0,"[0.7890750777399501, 0.6799557517006445]",1,-1
45147,[0.72446333 0.62196921],2,3,"[0.6601234827680622, 0.6109507568947781]",1,-1
45148,[0.41026388 0.59360771],0,1,"[0.37965276877051146, 0.575157747726818]",1,-1
45149,[0.29430295 0.29246266],1,-1,-1,0,0
45150,[0.52075235 0.70038408],3,-1,-1,1,-1
45151,[0.32024959 0.20201543],1,2,"[0.294379027732062, 0.1921773781634303]",0,0
45152,[0.41340639 0.63216943],0,1,"[0.37965276877051146, 0.575157747726818]",1,-1
45153,[0.32017854 0.15888856],1,2,"[0.294379027732062, 0.1921773781634303]",0,0
45154,[0.61996818 0.59626612],3,3,"[0.6601234827680622, 0.6109507568947781]",1,-1
45155,[0.2803323  0.21781731],1,2,"[0.294379027732062, 0.1921773781634303]",0,0
45156,[0.39717944 0.56517355],0,1,"[0.37965276877051146, 0.575157747726818]",1,2
45157,[0.65038031 0.63423658],3,3,"[0.6601234827680622, 0.6109507568947781]",1,-1
45158,[0.28271112 0.18460444],1,2,"[0.294379027732062, 0.1921773781634303]",0,0
45159,[0.38529879 0.49474628],0,-1,-1,1,-1
45160,[0.37019206 0.49009736],0,-1,-1,1,-1
45161,[0.60387784 0.59818366],3,3,"[0.6601234827680622, 0.6109507568947781]",1,-1
45162,[0.32204351 0.24068473],1,2,"[0.294379027732062, 0.1921773781634303]",0,0
45163,[0.42417968 0.5486452 ],0,1,"[0.37965276877051146, 0.575157747726818]",1,-1
45164,[0.78887913 0.68739743],2,0,"[0.7890750777399501, 0.6799557517006445]",1,-1
45165,[0.6387608  0.64676766],3,3,"[0.6601234827680622, 0.6109507568947781]",1,-1
45166,[0.73598701 0.61118843],2,-1,-1,1,-1
45167,[0.73118247 0.68260683],2,0,"[0.7890750777399501, 0.6799557517006445]",1,-1
45168,[0.46881999 0.61571473],0,-1,-1,1,-1
45169,[0.38657974 0.64931398],0,-1,-1,1,-1
45170,[0.8220811  0.69761755],2,0,"[0.7890750777399501, 0.6799557517006445]",1,-1
45171,[0.68008417 0.67082183],3,3,"[0.6601234827680622, 0.6109507568947781]",1,-1
45172,[0.43946888 0.59216866],0,1,"[0.37965276877051146, 0.575157747726818]",1,-1
45173,[0.30049983 0.21134747],1,2,"[0.294379027732062, 0.1921773781634303]",0,0
45174,[0.3433865  0.67324666],0,-1,-1,1,-1
45175,[0.69933173 0.63785445],3,3,"[0.6601234827680622, 0.6109507568947781]",1,-1
45176,[0.27208135 0.13331947],1,2,"[0.294379027732062, 0.1921773781634303]",0,0
45177,[0.37418467 0.57253568],0,1,"[0.37965276877051146, 0.575157747726818]",1,1
45178,[0.83770517 0.64619395],2,0,"[0.7890750777399501, 0.6799557517006445]",1,-1
45179,[0.82953745 0.66980114],2,0,"[0.7890750777399501, 0.6799557517006445]",1,-1
45180,[0.23698544 0.1480264 ],1,-1,-1,0,0
45181,[0.2043599  0.21518674],1,-1,-1,0,0
45182,[0.42249652 0.58261916],0,1,"[0.37965276877051146, 0.575157747726818]",1,-1
45183,[0.3401687  0.59039631],0,1,"[0.37965276877051146, 0.575157747726818]",1,-1
45184,[0.70715317 0.5926406 ],3,3,"[0.6601234827680622, 0.6109507568947781]",1,-1
45185,[0.5497801  0.56490143],3,-1,-1,1,-1
45186,[0.63471042 0.66517135],3,3,"[0.6601234827680622, 0.6109507568947781]",1,-1
45187,[0.66244005 0.57988458],3,3,"[0.6601234827680622, 0.6109507568947781]",1,-1
45188,[0.65102988 0.75878576],3,-1,-1,1,-1
45189,[0.71604616 0.58095211],3,3,"[0.6601234827680622, 0.6109507568947781]",1,-1
45190,[0.75623275 0.72751134],2,0,"[0.7890750777399501, 0.6799557517006445]",1,-1
45191,[0.48461249 0.60598378],0,-1,-1,1,-1
45192,[0.19563552 0.19494301],1,-1,-1,0,0
45193,[0.66221335 0.61384037],3,3,"[0.6601234827680622, 0.6109507568947781]",1,-1
45194,[0.66304112 0.59349352],3,3,"[0.6601234827680622, 0.6109507568947781]",1,-1
45195,[0.35106414 0.18014531],1,2,"[0.294379027732062, 0.1921773781634303]",0,0
45196,[0.78241769 0.69403902],2,0,"[0.7890750777399501, 0.6799557517006445]",1,-1
45197,[0.38912311 0.21207458],1,-1,-1,0,0
45198,[0.70560845 0.64706753],3,3,"[0.6601234827680622, 0.6109507568947781]",1,-1
45199,[0.72691585 0.6918285 ],3,0,"[0.7890750777399501, 0.6799557517006445]",1,-1
45200,[0.39603994 0.56763486],0,1,"[0.37965276877051146, 0.575157747726818]",1,2
45201,[0.38997021 0.60374629],0,1,"[0.37965276877051146, 0.575157747726818]",1,-1
45202,[0.92173109 0.69766111],2,-1,-1,1,-1
45203,[0.42019961 0.56974028],0,1,"[0.37965276877051146, 0.575157747726818]",1,-1
45204,[0.77810214 0.68269039],2,0,"[0.7890750777399501, 0.6799557517006445]",1,4
45205,[0.78235153 0.58507686],2,-1,-1,1,-1
45206,[0.61908514 0.6474374 ],3,3,"[0.6601234827680622, 0.6109507568947781]",1,-1
45207,[0.35627568 0.5985732 ],0,1,"[0.37965276877051146, 0.575157747726818]",1,-1
45208,[0.34224135 0.20822795],1,2,"[0.294379027732062, 0.1921773781634303]",0,0
45209,[0.28522838 0.51517339],0,-1,-1,1,-1
45210,[0.25094542 0.2456254 ],1,2,"[0.294379027732062, 0.1921773781634303]",0,0
45211,[0.34167327 0.14636105],1,2,"[0.294379027732062, 0.1921773781634303]",0,0
45212,[0.36299199 0.16435549],1,-1,-1,0,0
45213,[0.66367876 0.61536044],3,3,"[0.6601234827680622, 0.6109507568947781]",1,-1
45214,[0.69350431 0.68802464],3,-1,-1,1,-1
45215,[0.28899455 0.57055772],0,-1,-1,1,-1
45216,[0.44389384 0.55966874],0,1,"[0.37965276877051146, 0.575157747726818]",1,-1
45217,[0.837321   0.65801851],2,0,"[0.7890750777399501, 0.6799557517006445]",1,-1
45218,[0.80975122 0.60104393],2,-1,-1,1,-1
45219,[0.8038907  0.67983447],2,0,"[0.7890750777399501, 0.6799557517006445]",1,-1
45220,[0.37402905 0.53869598],0,1,"[0.37965276877051146, 0.575157747726818]",1,-1
45221,[0.70862703 0.55434025],3,-1,-1,1,-1
45222,[0.25657158 0.15443152],1,2,"[0.294379027732062, 0.1921773781634303]",0,0
45223,[0.46540151 0.62231437],0,-1,-1,1,-1
45224,[0.66577461 0.6363184 ],3,3,"[0.6601234827680622, 0.6109507568947781]",1,-1
45225,[0.33958392 0.15420763],1,2,"[0.294379027732062, 0.1921773781634303]",0,0
45226,[0.77567852 0.64559018],2,0,"[0.7890750777399501, 0.6799557517006445]",1,-1
45227,[0.85709458 0.65104762],2,-1,-1,1,-1
45228,[0.63089436 0.57021297],3,3,"[0.6601234827680622, 0.6109507568947781]",1,-1
45229,[0.59467459 0.59520922],3,3,"[0.6601234827680622, 0.6109507568947781]",1,-1
45230,[0.86307202 0.6248713 ],2,-1,-1,1,-1
45231,[0.61094223 0.59950341],3,3,"[0.6601234827680622, 0.6109507568947781]",1,-1
45232,[0.80473512 0.66982943],2,0,"[0.7890750777399501, 0.6799557517006445]",1,-1
45233,[0.38286432 0.11763829],1,-1,-1,0,0
45234,[0.64020375 0.66472491],3,3,"[0.6601234827680622, 0.6109507568947781]",1,-1
45235,[0.4838224  0.66887978],0,-1,-1,1,-1
45236,[0.77823073 0.64585915],2,0,"[0.7890750777399501, 0.6799557517006445]",1,-1
45237,[0.76278826 0.65832175],2,0,"[0.7890750777399501, 0.6799557517006445]",1,-1
45238,[0.85087302 0.75868636],2,-1,-1,1,-1
45239,[0.3186244  0.57479963],0,1,"[0.37965276877051146, 0.575157747726818]",1,-1
45240,[0.30906691 0.15460061],1,2,"[0.294379027732062, 0.1921773781634303]",0,0
45241,[0.69434278 0.58187614],3,3,"[0.6601234827680622, 0.6109507568947781]",1,-1
45242,[0.71475683 0.5001174 ],3,-1,-1,1,-1
45243,[0.36600195 0.52467173],0,1,"[0.37965276877051146, 0.575157747726818]",1,-1
45244,[0.37863707 0.54568458],0,1,"[0.37965276877051146, 0.575157747726818]",1,-1
45245,[0.36436462 0.52521798],0,1,"[0.37965276877051146, 0.575157747726818]",1,-1
45246,[0.77935064 0.70200163],2,0,"[0.7890750777399501, 0.6799557517006445]",1,-1
45247,[0.42213994 0.54311706],0,1,"[0.37965276877051146, 0.575157747726818]",1,-1
45248,[0.68079674 0.5999139 ],3,3,"[0.6601234827680622, 0.6109507568947781]",1,5
45249,[0.73415443 0.70984113],2,0,"[0.7890750777399501, 0.6799557517006445]",1,-1
45250,[0.38647534 0.64070916],0,1,"[0.37965276877051146, 0.575157747726818]",1,-1
45251,[0.40389499 0.59875236],0,1,"[0.37965276877051146, 0.575157747726818]",1,-1
45252,[0.40491463 0.66036847],0,-1,-1,1,-1
45253,[0.69901236 0.64803549],3,3,"[0.6601234827680622, 0.6109507568947781]",1,-1
45254,[0.36737347 0.50465033],0,-1,-1,1,-1
45255,[0.40693744 0.61341426],0,1,"[0.37965276877051146, 0.575157747726818]",1,-1
45256,[0.40663282 0.57956096],0,1,"[0.37965276877051146, 0.575157747726818]",1,2
45257,[0.44933483 0.57340007],0,1,"[0.37965276877051146, 0.575157747726818]",1,-1
45258,[0.73515765 0.74610884],2,-1,-1,1,-1
45259,[0.34287425 0.59552271],0,1,"[0.37965276877051146, 0.575157747726818]",1,-1
45260,[0.39806993 0.15585072],1,-1,-1,0,0
45261,[0.29628803 0.31072665],1,-1,-1,0,0
45262,[0.20817071 0.20606841],1,-1,-1,0,0
45263,[0.2697287  0.23363067],1,2,"[0.294379027732062, 0.1921773781634303]",0,0
45264,[0.48806503 0.52129948],0,-1,-1,1,-1
45265,[0.58853763 0.61515237],3,-1,-1,1,-1
45266,[0.61980401 0.64532136],3,3,"[0.6601234827680622, 0.6109507568947781]",1,-1
45267,[0.75271893 0.65048392],2,0,"[0.7890750777399501, 0.6799557517006445]",1,-1
45268,[0.66535766 0.64774974],3,3,"[0.6601234827680622, 0.6109507568947781]",1,-1
45269,[0.2488686  0.20135573],1,2,"[0.294379027732062, 0.1921773781634303]",0,0
45270,[0.26332988 0.1473242 ],1,2,"[0.294379027732062, 0.1921773781634303]",0,0
45271,[0.35336723 0.5195481 ],0,1,"[0.37965276877051146, 0.575157747726818]",1,-1
45272,[0.23921693 0.16459991],1,2,"[0.294379027732062, 0.1921773781634303]",0,0
45273,[0.33399348 0.18004436],1,2,"[0.294379027732062, 0.1921773781634303]",0,0
45274,[0.67499706 0.58597041],3,3,"[0.6601234827680622, 0.6109507568947781]",1,-1
45275,[0.70495203 0.80552029],2,-1,-1,1,-1
45276,[0.285609   0.16382415],1,2,"[0.294379027732062, 0.1921773781634303]",0,0
45277,[0.80761553 0.7241875 ],2,0,"[0.7890750777399501, 0.6799557517006445]",1,-1
45278,[0.42378436 0.59277154],0,1,"[0.37965276877051146, 0.575157747726818]",1,-1
45279,[0.27747336 0.2236541 ],1,2,"[0.294379027732062, 0.1921773781634303]",0,0
45280,[0.3292354  0.52682537],0,1,"[0.37965276877051146, 0.575157747726818]",1,-1
45281,[0.35488008 0.08426337],1,-1,-1,0,0
45282,[0.36807007 0.57728261],0,1,"[0.37965276877051146, 0.575157747726818]",1,1
45283,[0.74168295 0.69719417],2,0,"[0.7890750777399501, 0.6799557517006445]",1,-1
45284,[0.34427743 0.18712906],1,2,"[0.294379027732062, 0.1921773781634303]",0,0
45285,[0.64419445 0.5742147 ],3,3,"[0.6601234827680622, 0.6109507568947781]",1,-1
45286,[0.75127807 0.68142876],2,0,"[0.7890750777399501, 0.6799557517006445]",1,-1
45287,[0.59065523 0.64104379],3,-1,-1,1,-1
45288,[0.7310708 0.6324515],3,-1,-1,1,-1
45289,[0.24247422 0.19897513],1,2,"[0.294379027732062, 0.1921773781634303]",0,0
45290,[0.71768725 0.7045156 ],2,-1,-1,1,-1
45291,[0.29245869 0.28288569],1,-1,-1,0,0
45292,[0.6679726  0.58693848],3,3,"[0.6601234827680622, 0.6109507568947781]",1,-1
45293,[0.32609931 0.11239886],1,-1,-1,0,0
45294,[0.60745031 0.59466391],3,3,"[0.6601234827680622, 0.6109507568947781]",1,-1
45295,[0.2515088 0.1477873],1,2,"[0.294379027732062, 0.1921773781634303]",0,0
45296,[0.6380461  0.63766376],3,3,"[0.6601234827680622, 0.6109507568947781]",1,-1
45297,[0.28680915 0.18349739],1,2,"[0.294379027732062, 0.1921773781634303]",0,0
45298,[0.78898169 0.72743115],2,0,"[0.7890750777399501, 0.6799557517006445]",1,-1
45299,[0.58969692 0.53056991],3,-1,-1,1,-1
45300,[0.84298905 0.67770034],2,0,"[0.7890750777399501, 0.6799557517006445]",1,-1
45301,[0.28516381 0.10373695],1,-1,-1,0,0
45302,[0.31046296 0.16408779],1,2,"[0.294379027732062, 0.1921773781634303]",0,0
45303,[0.36591084 0.58143666],0,1,"[0.37965276877051146, 0.575157747726818]",1,-1
45304,[0.40581258 0.54005638],0,1,"[0.37965276877051146, 0.575157747726818]",1,-1
45305,[0.33048121 0.22863924],1,2,"[0.294379027732062, 0.1921773781634303]",0,0
45306,[0.66841691 0.61114608],3,3,"[0.6601234827680622, 0.6109507568947781]",1,-1
45307,[0.72726914 0.61116782],3,3,"[0.6601234827680622, 0.6109507568947781]",1,-1
45308,[0.6248563  0.57728327],3,3,"[0.6601234827680622, 0.6109507568947781]",1,-1
45309,[0.39710181 0.52533091],0,1,"[0.37965276877051146, 0.575157747726818]",1,-1
45310,[0.7489117 0.6797176],2,0,"[0.7890750777399501, 0.6799557517006445]",1,-1
45311,[0.68588024 0.59796356],3,3,"[0.6601234827680622, 0.6109507568947781]",1,5
45312,[0.41694225 0.51069674],0,-1,-1,1,-1
45313,[0.79332349 0.68792172],2,0,"[0.7890750777399501, 0.6799557517006445]",1,-1
45314,[0.37229799 0.64024762],0,1,"[0.37965276877051146, 0.575157747726818]",1,-1
45315,[0.47287082 0.50552623],0,-1,-1,1,-1
45316,[0.84724723 0.68981331],2,0,"[0.7890750777399501, 0.6799557517006445]",1,-1
45317,[0.63443028 0.58586591],3,3,"[0.6601234827680622, 0.6109507568947781]",1,-1
45318,[0.90444781 0.69238292],2,-1,-1,1,-1
45319,[0.72441564 0.6847676 ],2,0,"[0.7890750777399501, 0.6799557517006445]",1,-1
45320,[0.7058514  0.59723906],3,3,"[0.6601234827680622, 0.6109507568947781]",1,-1
45321,[0.70705895 0.59406292],3,3,"[0.6601234827680622, 0.6109507568947781]",1,-1
45322,[0.82073968 0.65443005],2,0,"[0.7890750777399501, 0.6799557517006445]",1,-1
45323,[0.32764062 0.23061184],1,2,"[0.294379027732062, 0.1921773781634303]",0,0
45324,[0.62945753 0.63168407],3,3,"[0.6601234827680622, 0.6109507568947781]",1,-1
45325,[0.69591733 0.64883867],2,3,"[0.6601234827680622, 0.6109507568947781]",1,-1
45326,[0.33728511 0.47330494],0,-1,-1,1,-1
45327,[0.71185138 0.57473686],3,3,"[0.6601234827680622, 0.6109507568947781]",1,-1
45328,[0.33425546 0.21187884],1,2,"[0.294379027732062, 0.1921773781634303]",0,0
45329,[0.67841357 0.65882908],3,3,"[0.6601234827680622, 0.6109507568947781]",1,-1
45330,[0.65106158 0.61694777],3,3,"[0.6601234827680622, 0.6109507568947781]",1,-1
45331,[0.85229909 0.71988996],2,-1,-1,1,-1
45332,[0.34802336 0.52236556],0,1,"[0.37965276877051146, 0.575157747726818]",1,-1
45333,[0.40251014 0.51803561],0,1,"[0.37965276877051146, 0.575157747726818]",1,-1
45334,[0.40854662 0.55823407],0,1,"[0.37965276877051146, 0.575157747726818]",1,-1
45335,[0.69311803 0.59481937],3,3,"[0.6601234827680622, 0.6109507568947781]",1,-1
45336,[0.33221448 0.60371051],0,1,"[0.37965276877051146, 0.575157747726818]",1,-1
45337,[0.31197641 0.60716226],0,-1,-1,1,-1
45338,[0.76551874 0.78777438],2,-1,-1,1,-1
45339,[0.7380722  0.70358517],3,0,"[0.7890750777399501, 0.6799557517006445]",1,-1
45340,[0.40760688 0.61913769],0,1,"[0.37965276877051146, 0.575157747726818]",1,-1
45341,[0.67923761 0.60061132],3,3,"[0.6601234827680622, 0.6109507568947781]",1,-1
45342,[0.77998953 0.66528593],2,0,"[0.7890750777399501, 0.6799557517006445]",1,-1
45343,[0.66115711 0.62565896],3,3,"[0.6601234827680622, 0.6109507568947781]",1,7
45344,[0.62131089 0.66633016],3,3,"[0.6601234827680622, 0.6109507568947781]",1,-1
45345,[0.31401306 0.02746978],1,-1,-1,0,0
45346,[0.7680215  0.60488974],2,-1,-1,1,-1
45347,[0.6804551  0.54762205],3,3,"[0.6601234827680622, 0.6109507568947781]",1,-1
45348,[0.38430101 0.55135537],0,1,"[0.37965276877051146, 0.575157747726818]",1,-1
45349,[0.35465635 0.22100153],1,2,"[0.294379027732062, 0.1921773781634303]",0,0
45350,[0.30626151 0.12907355],1,2,"[0.294379027732062, 0.1921773781634303]",0,0
45351,[0.21600478 0.25128369],1,-1,-1,0,0
45352,[0.70311388 0.68403671],3,-1,-1,1,-1
45353,[0.34800115 0.22229544],1,2,"[0.294379027732062, 0.1921773781634303]",0,0
45354,[0.33396168 0.70526072],0,-1,-1,1,-1
45355,[0.34232236 0.64777295],0,-1,-1,1,-1
45356,[0.36067063 0.55279157],0,1,"[0.37965276877051146, 0.575157747726818]",1,1
45357,[0.57636812 0.64553993],3,-1,-1,1,-1
45358,[0.28971113 0.15317181],1,2,"[0.294379027732062, 0.1921773781634303]",0,0
45359,[0.33528976 0.21572635],1,2,"[0.294379027732062, 0.1921773781634303]",0,0
45360,[0.41676186 0.49899079],0,-1,-1,1,-1
45361,[0.28982356 0.24907389],1,2,"[0.294379027732062, 0.1921773781634303]",0,0
45362,[0.6270185  0.60597381],3,3,"[0.6601234827680622, 0.6109507568947781]",1,-1
45363,[0.82458461 0.66495815],2,0,"[0.7890750777399501, 0.6799557517006445]",1,-1
45364,[0.86211942 0.67719738],2,-1,-1,1,-1
45365,[0.66668661 0.6050093 ],3,3,"[0.6601234827680622, 0.6109507568947781]",1,-1
45366,[0.34279721 0.17656459],1,2,"[0.294379027732062, 0.1921773781634303]",0,0
45367,[0.34254433 0.60029569],0,1,"[0.37965276877051146, 0.575157747726818]",1,-1
45368,[0.2926869  0.55700962],0,-1,-1,1,-1
45369,[0.61823982 0.59391651],3,3,"[0.6601234827680622, 0.6109507568947781]",1,-1
45370,[0.31026593 0.24415266],1,2,"[0.294379027732062, 0.1921773781634303]",0,0
45371,[0.23288625 0.1491892 ],1,-1,-1,0,0
45372,[0.812421   0.75355551],2,-1,-1,1,-1
45373,[0.71648486 0.61028514],2,3,"[0.6601234827680622, 0.6109507568947781]",1,-1
45374,[0.66216147 0.62928281],3,3,"[0.6601234827680622, 0.6109507568947781]",1,-1
45375,[0.20300759 0.20691633],1,-1,-1,0,0
45376,[0.8263809  0.73256085],2,0,"[0.7890750777399501, 0.6799557517006445]",1,-1
45377,[0.8112777  0.64614784],2,0,"[0.7890750777399501, 0.6799557517006445]",1,-1
45378,[0.74626533 0.6893169 ],2,0,"[0.7890750777399501, 0.6799557517006445]",1,-1
45379,[0.45261865 0.58222438],0,-1,-1,1,-1
45380,[0.39377368 0.68648711],0,-1,-1,1,-1
45381,[0.26607913 0.19608252],1,2,"[0.294379027732062, 0.1921773781634303]",0,0
45382,[0.35950308 0.54430433],0,1,"[0.37965276877051146, 0.575157747726818]",1,-1
45383,[0.36329123 0.57407997],0,1,"[0.37965276877051146, 0.575157747726818]",1,-1
45384,[0.30532497 0.12320709],1,2,"[0.294379027732062, 0.1921773781634303]",0,0
45385,[0.66060687 0.69691588],3,-1,-1,1,-1
45386,[0.87390278 0.71745285],2,-1,-1,1,-1
45387,[0.63346127 0.63386366],3,3,"[0.6601234827680622, 0.6109507568947781]",1,-1
45388,[0.68553539 0.54497689],3,-1,-1,1,-1
45389,[0.32626351 0.15345053],1,2,"[0.294379027732062, 0.1921773781634303]",0,0
45390,[0.81680817 0.69623916],2,0,"[0.7890750777399501, 0.6799557517006445]",1,-1
45391,[0.68513548 0.58318625],3,3,"[0.6601234827680622, 0.6109507568947781]",1,-1
45392,[0.46450696 0.47068297],0,-1,-1,1,-1
45393,[0.76728229 0.61898518],2,0,"[0.7890750777399501, 0.6799557517006445]",1,-1
45394,[0.81460547 0.71785939],2,0,"[0.7890750777399501, 0.6799557517006445]",1,-1
45395,[0.31538634 0.2129099 ],1,2,"[0.294379027732062, 0.1921773781634303]",0,0
45396,[0.58925371 0.57271074],3,-1,-1,1,-1
45397,[0.68031451 0.56756276],3,3,"[0.6601234827680622, 0.6109507568947781]",1,-1
45398,[0.79998292 0.73781707],2,0,"[0.7890750777399501, 0.6799557517006445]",1,-1
45399,[0.59437258 0.56989821],3,-1,-1,1,-1
45400,[0.59701643 0.58754784],3,3,"[0.6601234827680622, 0.6109507568947781]",1,-1
45401,[0.83786703 0.67339634],2,0,"[0.7890750777399501, 0.6799557517006445]",1,-1
45402,[0.33287997 0.65771126],0,-1,-1,1,-1
45403,[0.64092225 0.59535139],3,3,"[0.6601234827680622, 0.6109507568947781]",1,-1
45404,[0.61556086 0.66450445],3,3,"[0.6601234827680622, 0.6109507568947781]",1,-1
45405,[0.3895846  0.58484589],0,1,"[0.37965276877051146, 0.575157747726818]",1,-1
45406,[0.78522892 0.66794181],2,0,"[0.7890750777399501, 0.6799557517006445]",1,-1
45407,[0.73456256 0.61016211],3,-1,-1,1,-1
45408,[0.29739981 0.18080017],1,2,"[0.294379027732062, 0.1921773781634303]",0,0
45409,[0.25462111 0.19756555],1,2,"[0.294379027732062, 0.1921773781634303]",0,0
45410,[0.30365499 0.55399255],0,-1,-1,1,-1
45411,[0.58454324 0.65788843],3,-1,-1,1,-1
45412,[0.29090673 0.19166577],1,2,"[0.294379027732062, 0.1921773781634303]",0,0
45413,[0.29367576 0.1700725 ],1,2,"[0.294379027732062, 0.1921773781634303]",0,0
45414,[0.69903827 0.65770926],3,3,"[0.6601234827680622, 0.6109507568947781]",1,-1
45415,[0.77135825 0.72605198],2,0,"[0.7890750777399501, 0.6799557517006445]",1,-1
45416,[0.75899283 0.72119735],2,0,"[0.7890750777399501, 0.6799557517006445]",1,-1
45417,[0.27043659 0.22583506],1,2,"[0.294379027732062, 0.1921773781634303]",0,0
45418,[0.31523699 0.65297556],0,-1,-1,1,-1
45419,[0.37681764 0.62274027],0,1,"[0.37965276877051146, 0.575157747726818]",1,-1
45420,[0.63759338 0.63627478],3,3,"[0.6601234827680622, 0.6109507568947781]",1,-1
45421,[0.7034224 0.7102907],2,-1,-1,1,-1
45422,[0.29861013 0.20074604],1,2,"[0.294379027732062, 0.1921773781634303]",0,0
45423,[0.26973481 0.17640655],1,2,"[0.294379027732062, 0.1921773781634303]",0,0
45424,[0.79600192 0.64851803],2,0,"[0.7890750777399501, 0.6799557517006445]",1,-1
45425,[0.40739383 0.61241809],0,1,"[0.37965276877051146, 0.575157747726818]",1,-1
45426,[0.80008311 0.63944403],2,0,"[0.7890750777399501, 0.6799557517006445]",1,-1
45427,[0.32778726 0.2283829 ],1,2,"[0.294379027732062, 0.1921773781634303]",0,0
45428,[0.27868005 0.23043133],1,2,"[0.294379027732062, 0.1921773781634303]",0,0
45429,[0.64959543 0.61266098],3,3,"[0.6601234827680622, 0.6109507568947781]",1,6
45430,[0.8439586 0.7231484],2,0,"[0.7890750777399501, 0.6799557517006445]",1,-1
45431,[0.2748242  0.23566345],1,2,"[0.294379027732062, 0.1921773781634303]",0,0
45432,[0.76915275 0.72276089],2,0,"[0.7890750777399501, 0.6799557517006445]",1,-1
45433,[0.41244217 0.54794283],0,1,"[0.37965276877051146, 0.575157747726818]",1,-1
45434,[0.2912836  0.21833449],1,2,"[0.294379027732062, 0.1921773781634303]",0,0
45435,[0.75951912 0.61807056],2,0,"[0.7890750777399501, 0.6799557517006445]",1,-1
45436,[0.65761495 0.67023126],3,3,"[0.6601234827680622, 0.6109507568947781]",1,-1
45437,[0.71366669 0.57103146],3,3,"[0.6601234827680622, 0.6109507568947781]",1,-1
45438,[0.64003476 0.63149424],3,3,"[0.6601234827680622, 0.6109507568947781]",1,-1
45439,[0.60401068 0.71049675],3,-1,-1,1,-1
45440,[0.79717653 0.86569079],2,-1,-1,1,-1
45441,[0.83607163 0.75445321],2,-1,-1,1,-1
45442,[0.38549296 0.65226904],0,-1,-1,1,-1
45443,[0.69769917 0.58633017],3,3,"[0.6601234827680622, 0.6109507568947781]",1,-1
45444,[0.82338319 0.80797715],2,-1,-1,1,-1
45445,[0.32006803 0.17445874],1,2,"[0.294379027732062, 0.1921773781634303]",0,0
45446,[0.64463328 0.66710964],3,3,"[0.6601234827680622, 0.6109507568947781]",1,-1
45447,[0.59790886 0.57160239],3,-1,-1,1,-1
45448,[0.78751634 0.6103328 ],2,0,"[0.7890750777399501, 0.6799557517006445]",1,-1
45449,[0.3828644  0.59891145],0,1,"[0.37965276877051146, 0.575157747726818]",1,-1
45450,[0.66320663 0.6117386 ],3,3,"[0.6601234827680622, 0.6109507568947781]",1,-1
45451,[0.67164776 0.6327754 ],3,3,"[0.6601234827680622, 0.6109507568947781]",1,7
45452,[0.3956643 0.6024631],0,1,"[0.37965276877051146, 0.575157747726818]",1,-1
45453,[0.60034314 0.71214463],3,-1,-1,1,-1
45454,[0.34156064 0.2206981 ],1,2,"[0.294379027732062, 0.1921773781634303]",0,0
45455,[0.30024462 0.50892005],0,-1,-1,1,-1
45456,[0.3348614  0.19359702],1,2,"[0.294379027732062, 0.1921773781634303]",0,0
45457,[0.69225278 0.70243662],3,-1,-1,1,-1
45458,[0.6866474  0.55167553],3,3,"[0.6601234827680622, 0.6109507568947781]",1,-1
45459,[0.72094156 0.67315671],2,0,"[0.7890750777399501, 0.6799557517006445]",1,-1
45460,[0.80209529 0.66620023],2,0,"[0.7890750777399501, 0.6799557517006445]",1,4
45461,[0.3542696  0.61750906],0,1,"[0.37965276877051146, 0.575157747726818]",1,-1
45462,[0.77384097 0.63954229],2,0,"[0.7890750777399501, 0.6799557517006445]",1,-1
45463,[0.66068644 0.64883427],3,3,"[0.6601234827680622, 0.6109507568947781]",1,-1
45464,[0.6476998 0.5391544],3,-1,-1,1,-1
45465,[0.85577058 0.60228064],2,-1,-1,1,-1
45466,[0.40754822 0.53327381],0,1,"[0.37965276877051146, 0.575157747726818]",1,-1
45467,[0.76221651 0.60926754],2,-1,-1,1,-1
45468,[0.59760656 0.6458749 ],3,-1,-1,1,-1
45469,[0.35702251 0.5634651 ],0,1,"[0.37965276877051146, 0.575157747726818]",1,-1
45470,[0.7108059  0.65505491],3,3,"[0.6601234827680622, 0.6109507568947781]",1,-1
45471,[0.3996484  0.60329551],0,1,"[0.37965276877051146, 0.575157747726818]",1,-1
45472,[0.69875788 0.59769598],3,3,"[0.6601234827680622, 0.6109507568947781]",1,-1
45473,[0.59643749 0.58600648],3,3,"[0.6601234827680622, 0.6109507568947781]",1,-1
45474,[0.34947155 0.65081536],0,-1,-1,1,-1
45475,[0.80466702 0.65385895],2,0,"[0.7890750777399501, 0.6799557517006445]",1,-1
45476,[0.73713071 0.72997837],2,-1,-1,1,-1
45477,[0.61986196 0.54613168],3,-1,-1,1,-1
45478,[0.75589031 0.7663457 ],2,-1,-1,1,-1
45479,[0.74845255 0.52669744],3,-1,-1,1,-1
45480,[0.65509383 0.59705098],3,3,"[0.6601234827680622, 0.6109507568947781]",1,-1
45481,[0.64854792 0.63626914],3,3,"[0.6601234827680622, 0.6109507568947781]",1,-1
45482,[0.71619427 0.51344946],3,-1,-1,1,-1
45483,[0.26995156 0.22891107],1,2,"[0.294379027732062, 0.1921773781634303]",0,0
45484,[0.27395606 0.23229188],1,2,"[0.294379027732062, 0.1921773781634303]",0,0
45485,[0.38524446 0.58041177],0,1,"[0.37965276877051146, 0.575157747726818]",1,-1
45486,[0.31771271 0.54219809],0,-1,-1,1,-1
45487,[0.27010979 0.19172957],1,2,"[0.294379027732062, 0.1921773781634303]",0,0
45488,[0.49576502 0.55349407],0,-1,-1,1,-1
45489,[0.40856759 0.53163602],0,1,"[0.37965276877051146, 0.575157747726818]",1,-1
45490,[0.65793965 0.57103857],3,3,"[0.6601234827680622, 0.6109507568947781]",1,-1
45491,[0.40412738 0.50639798],0,-1,-1,1,-1
45492,[0.844787   0.60412205],2,-1,-1,1,-1
45493,[0.65281871 0.60786045],3,3,"[0.6601234827680622, 0.6109507568947781]",1,6
45494,[0.28096868 0.24233791],1,2,"[0.294379027732062, 0.1921773781634303]",0,0
45495,[0.7693618  0.67869382],2,0,"[0.7890750777399501, 0.6799557517006445]",1,4
45496,[0.84021403 0.65931433],2,0,"[0.7890750777399501, 0.6799557517006445]",1,-1
45497,[0.85944124 0.75401293],2,-1,-1,1,-1
45498,[0.3533605  0.57287479],0,1,"[0.37965276877051146, 0.575157747726818]",1,-1
45499,[0.83071568 0.70047139],2,0,"[0.7890750777399501, 0.6799557517006445]",1,-1
45500,[0.24133215 0.55006642],0,-1,-1,1,-1
45501,[0.30432006 0.18044682],1,2,"[0.294379027732062, 0.1921773781634303]",0,0
45502,[0.82996376 0.76111743],2,-1,-1,1,-1
45503,[0.63780591 0.57620933],3,3,"[0.6601234827680622, 0.6109507568947781]",1,-1
45504,[0.24378033 0.24260821],1,-1,-1,0,0
45505,[0.76176405 0.71213794],2,0,"[0.7890750777399501, 0.6799557517006445]",1,-1
45506,[0.40936566 0.57168232],0,1,"[0.37965276877051146, 0.575157747726818]",1,2
45507,[0.80170026 0.70033985],2,0,"[0.7890750777399501, 0.6799557517006445]",1,-1
45508,[0.87066427 0.65801627],2,-1,-1,1,-1
45509,[0.72244638 0.56494821],3,-1,-1,1,-1
45510,[0.80373885 0.67639908],2,0,"[0.7890750777399501, 0.6799557517006445]",1,4
45511,[0.28108368 0.24336835],1,2,"[0.294379027732062, 0.1921773781634303]",0,0
45512,[0.79164443 0.70432099],2,0,"[0.7890750777399501, 0.6799557517006445]",1,-1
45513,[0.84449589 0.66848556],2,0,"[0.7890750777399501, 0.6799557517006445]",1,-1
45514,[0.67532687 0.695383  ],3,-1,-1,1,-1
45515,[0.69255302 0.66569429],3,3,"[0.6601234827680622, 0.6109507568947781]",1,-1
45516,[0.65276487 0.59110201],3,3,"[0.6601234827680622, 0.6109507568947781]",1,-1
45517,[0.65763913 0.59206872],3,3,"[0.6601234827680622, 0.6109507568947781]",1,-1
45518,[0.67406208 0.65463642],3,3,"[0.6601234827680622, 0.6109507568947781]",1,-1
45519,[0.58105676 0.72383745],3,-1,-1,1,-1
45520,[0.84908622 0.73587663],2,-1,-1,1,-1
45521,[0.30214321 0.15274683],1,2,"[0.294379027732062, 0.1921773781634303]",0,0
45522,[0.74663046 0.64429715],3,0,"[0.7890750777399501, 0.6799557517006445]",1,-1
45523,[0.38427127 0.56306927],0,1,"[0.37965276877051146, 0.575157747726818]",1,-1
45524,[0.33039038 0.63921425],0,-1,-1,1,-1
45525,[0.34175868 0.61714696],0,1,"[0.37965276877051146, 0.575157747726818]",1,-1
45526,[0.41148784 0.638498  ],0,-1,-1,1,-1
45527,[0.33955052 0.25919949],1,-1,-1,0,0
45528,[0.6438774  0.63882776],3,3,"[0.6601234827680622, 0.6109507568947781]",1,-1
45529,[0.65094816 0.51181187],3,-1,-1,1,-1
45530,[0.67130169 0.63616175],3,3,"[0.6601234827680622, 0.6109507568947781]",1,-1
45531,[0.33917403 0.21689726],1,2,"[0.294379027732062, 0.1921773781634303]",0,0
45532,[0.63936361 0.58831994],3,3,"[0.6601234827680622, 0.6109507568947781]",1,-1
45533,[0.34948426 0.54633448],0,1,"[0.37965276877051146, 0.575157747726818]",1,-1
45534,[0.69304552 0.53365942],3,-1,-1,1,-1
45535,[0.18581953 0.14980395],1,-1,-1,0,0
45536,[0.34816867 0.5550045 ],0,1,"[0.37965276877051146, 0.575157747726818]",1,-1
45537,[0.83211531 0.7210104 ],2,0,"[0.7890750777399501, 0.6799557517006445]",1,-1
45538,[0.58734403 0.53884693],3,-1,-1,1,-1
45539,[0.77199819 0.70958378],2,0,"[0.7890750777399501, 0.6799557517006445]",1,-1
45540,[0.65183071 0.65695629],3,3,"[0.6601234827680622, 0.6109507568947781]",1,-1
45541,[0.26726408 0.22755456],1,2,"[0.294379027732062, 0.1921773781634303]",0,0
45542,[0.37196119 0.56506402],0,1,"[0.37965276877051146, 0.575157747726818]",1,1
45543,[0.25809825 0.24436274],1,2,"[0.294379027732062, 0.1921773781634303]",0,0
45544,[0.23451015 0.11067737],1,-1,-1,0,0
45545,[0.78663707 0.68191373],2,0,"[0.7890750777399501, 0.6799557517006445]",1,-1
45546,[0.32533495 0.63631085],0,-1,-1,1,-1
45547,[0.58472713 0.61948958],3,-1,-1,1,-1
45548,[0.7766136 0.728713 ],2,0,"[0.7890750777399501, 0.6799557517006445]",1,-1
45549,[0.35968674 0.51610198],0,1,"[0.37965276877051146, 0.575157747726818]",1,-1
45550,[0.26051053 0.16588606],1,2,"[0.294379027732062, 0.1921773781634303]",0,0
45551,[0.30215356 0.16495222],1,2,"[0.294379027732062, 0.1921773781634303]",0,0
45552,[0.61382246 0.6596785 ],3,3,"[0.6601234827680622, 0.6109507568947781]",1,-1
45553,[0.31603554 0.19133153],1,2,"[0.294379027732062, 0.1921773781634303]",0,0
45554,[0.36072815 0.12366401],1,-1,-1,0,0
45555,[0.38659973 0.49210962],0,-1,-1,1,-1
45556,[0.78909385 0.75098709],2,-1,-1,1,-1
45557,[0.63607686 0.66105774],3,3,"[0.6601234827680622, 0.6109507568947781]",1,-1
45558,[0.29441844 0.23040939],1,2,"[0.294379027732062, 0.1921773781634303]",0,0
45559,[0.83914207 0.80482762],2,-1,-1,1,-1
45560,[0.73498104 0.64463321],3,0,"[0.7890750777399501, 0.6799557517006445]",1,-1
45561,[0.7153487  0.52960625],3,-1,-1,1,-1
45562,[0.83624563 0.69958431],2,0,"[0.7890750777399501, 0.6799557517006445]",1,-1
45563,[0.68516121 0.6518768 ],2,3,"[0.6601234827680622, 0.6109507568947781]",1,-1
45564,[0.80340344 0.66984968],2,0,"[0.7890750777399501, 0.6799557517006445]",1,4
45565,[0.64330922 0.64670809],3,3,"[0.6601234827680622, 0.6109507568947781]",1,-1
45566,[0.63004854 0.57979242],3,3,"[0.6601234827680622, 0.6109507568947781]",1,-1
45567,[0.62843459 0.5867342 ],3,3,"[0.6601234827680622, 0.6109507568947781]",1,-1
45568,[0.45958627 0.61006933],0,-1,-1,1,-1
45569,[0.31997737 0.49726352],0,-1,-1,1,-1
45570,[0.28431308 0.15835624],1,2,"[0.294379027732062, 0.1921773781634303]",0,0
45571,[0.34277318 0.52966412],0,1,"[0.37965276877051146, 0.575157747726818]",1,-1
45572,[0.70684638 0.62704185],3,3,"[0.6601234827680622, 0.6109507568947781]",1,-1
45573,[0.79867369 0.62699562],2,0,"[0.7890750777399501, 0.6799557517006445]",1,-1
45574,[0.34227017 0.172524  ],1,2,"[0.294379027732062, 0.1921773781634303]",0,0
45575,[0.30483917 0.16850832],1,2,"[0.294379027732062, 0.1921773781634303]",0,0
45576,[0.20591954 0.25887547],1,-1,-1,0,0
45577,[0.3521138  0.70438263],0,-1,-1,1,-1
45578,[0.76591227 0.72888048],2,0,"[0.7890750777399501, 0.6799557517006445]",1,-1
45579,[0.39052944 0.66767621],0,-1,-1,1,-1
45580,[0.31908142 0.20361037],1,2,"[0.294379027732062, 0.1921773781634303]",0,0
45581,[0.27545681 0.55118015],0,-1,-1,1,-1
45582,[0.77153813 0.64820334],2,0,"[0.7890750777399501, 0.6799557517006445]",1,-1
45583,[0.62155117 0.60043085],3,3,"[0.6601234827680622, 0.6109507568947781]",1,-1
45584,[0.36681004 0.6149792 ],0,1,"[0.37965276877051146, 0.575157747726818]",1,-1
45585,[0.82419653 0.65126197],2,0,"[0.7890750777399501, 0.6799557517006445]",1,-1
45586,[0.40034647 0.52767448],0,1,"[0.37965276877051146, 0.575157747726818]",1,-1
45587,[0.78176034 0.65541353],2,0,"[0.7890750777399501, 0.6799557517006445]",1,-1
45588,[0.83020525 0.66218084],2,0,"[0.7890750777399501, 0.6799557517006445]",1,-1
45589,[0.60566679 0.6340599 ],3,3,"[0.6601234827680622, 0.6109507568947781]",1,-1
45590,[0.43568241 0.52660518],0,-1,-1,1,-1
45591,[0.60799616 0.62830284],3,3,"[0.6601234827680622, 0.6109507568947781]",1,-1
45592,[0.63670874 0.60650824],3,3,"[0.6601234827680622, 0.6109507568947781]",1,-1
45593,[0.35600784 0.60211313],0,1,"[0.37965276877051146, 0.575157747726818]",1,-1
45594,[0.35593013 0.51253002],0,1,"[0.37965276877051146, 0.575157747726818]",1,-1
45595,[0.36500646 0.55190165],0,1,"[0.37965276877051146, 0.575157747726818]",1,-1
45596,[0.79946839 0.70229609],2,0,"[0.7890750777399501, 0.6799557517006445]",1,-1
45597,[0.26919559 0.11440524],1,-1,-1,0,0
45598,[0.78958377 0.80665339],2,-1,-1,1,-1
45599,[0.30183887 0.20309044],1,2,"[0.294379027732062, 0.1921773781634303]",0,0
45600,[0.42922349 0.17220073],1,-1,-1,0,0
45601,[0.44394343 0.53339879],0,-1,-1,1,-1
45602,[0.77713706 0.66860979],3,0,"[0.7890750777399501, 0.6799557517006445]",1,3
45603,[0.36243228 0.50400439],0,-1,-1,1,-1
45604,[0.70345635 0.67408732],3,-1,-1,1,-1
45605,[0.33186769 0.53731535],0,1,"[0.37965276877051146, 0.575157747726818]",1,-1
45606,[0.78753607 0.60399029],2,-1,-1,1,-1
45607,[0.44587516 0.56430329],0,1,"[0.37965276877051146, 0.575157747726818]",1,-1
45608,[0.62616383 0.63706849],3,3,"[0.6601234827680622, 0.6109507568947781]",1,-1
45609,[0.34094225 0.17708595],1,2,"[0.294379027732062, 0.1921773781634303]",0,0
45610,[0.21652422 0.24189673],1,-1,-1,0,0
45611,[0.6174165  0.62052785],3,3,"[0.6601234827680622, 0.6109507568947781]",1,-1
45612,[0.35647007 0.08285114],1,-1,-1,0,0
45613,[0.25231083 0.14253346],1,2,"[0.294379027732062, 0.1921773781634303]",0,0
45614,[0.74698819 0.62230533],2,-1,-1,1,-1
45615,[0.32248895 0.20072278],1,2,"[0.294379027732062, 0.1921773781634303]",0,0
45616,[0.38761468 0.5259836 ],0,1,"[0.37965276877051146, 0.575157747726818]",1,-1
45617,[0.41959908 0.60324782],0,1,"[0.37965276877051146, 0.575157747726818]",1,-1
45618,[0.28522681 0.17466819],1,2,"[0.294379027732062, 0.1921773781634303]",0,0
45619,[0.58975536 0.48338427],3,-1,-1,1,-1
45620,[0.80977613 0.72405435],2,0,"[0.7890750777399501, 0.6799557517006445]",1,-1
45621,[0.34100077 0.24046847],1,2,"[0.294379027732062, 0.1921773781634303]",0,0
45622,[0.78357759 0.67828227],2,0,"[0.7890750777399501, 0.6799557517006445]",1,4
45623,[0.67562975 0.73009732],2,-1,-1,1,-1
45624,[0.3873428  0.62303704],0,1,"[0.37965276877051146, 0.575157747726818]",1,-1
45625,[0.70279387 0.62492639],3,3,"[0.6601234827680622, 0.6109507568947781]",1,-1
45626,[0.87875964 0.76392076],2,-1,-1,1,-1
45627,[0.40228995 0.51776143],0,1,"[0.37965276877051146, 0.575157747726818]",1,-1
45628,[0.27701957 0.21919408],1,2,"[0.294379027732062, 0.1921773781634303]",0,0
45629,[0.73276742 0.67346655],2,0,"[0.7890750777399501, 0.6799557517006445]",1,-1
45630,[0.42752068 0.62529673],0,1,"[0.37965276877051146, 0.575157747726818]",1,-1
45631,[0.79470883 0.69860109],2,0,"[0.7890750777399501, 0.6799557517006445]",1,-1
45632,[0.67182799 0.60080998],3,3,"[0.6601234827680622, 0.6109507568947781]",1,-1
45633,[0.29731323 0.16782587],1,2,"[0.294379027732062, 0.1921773781634303]",0,0
45634,[0.87708804 0.67631074],2,-1,-1,1,-1
45635,[0.74824637 0.74317896],2,-1,-1,1,-1
45636,[0.37125574 0.62022399],0,1,"[0.37965276877051146, 0.575157747726818]",1,-1
45637,[0.71793308 0.62692428],3,3,"[0.6601234827680622, 0.6109507568947781]",1,-1
45638,[0.78276253 0.7263416 ],2,0,"[0.7890750777399501, 0.6799557517006445]",1,-1
45639,[0.39100953 0.52176137],0,1,"[0.37965276877051146, 0.575157747726818]",1,-1
45640,[0.39937764 0.65064376],0,-1,-1,1,-1
45641,[0.59577715 0.61733146],3,3,"[0.6601234827680622, 0.6109507568947781]",1,-1
45642,[0.65984398 0.73204881],2,-1,-1,1,-1
45643,[0.27003614 0.30741097],1,-1,-1,0,0
45644,[0.39516213 0.58409625],0,1,"[0.37965276877051146, 0.575157747726818]",1,-1
45645,[0.64395131 0.58593697],3,3,"[0.6601234827680622, 0.6109507568947781]",1,-1
45646,[0.31242699 0.1802007 ],1,2,"[0.294379027732062, 0.1921773781634303]",0,0
45647,[0.67715627 0.58551344],2,3,"[0.6601234827680622, 0.6109507568947781]",1,-1
45648,[0.82683881 0.71508197],2,0,"[0.7890750777399501, 0.6799557517006445]",1,-1
45649,[0.71427617 0.72218045],2,-1,-1,1,-1
45650,[0.62656611 0.59193455],3,3,"[0.6601234827680622, 0.6109507568947781]",1,-1
45651,[0.76063741 0.74304659],2,0,"[0.7890750777399501, 0.6799557517006445]",1,-1
45652,[0.85323464 0.68534417],2,0,"[0.7890750777399501, 0.6799557517006445]",1,-1
45653,[0.59593379 0.62269383],3,3,"[0.6601234827680622, 0.6109507568947781]",1,-1
45654,[0.46463398 0.47121189],0,-1,-1,1,-1
45655,[0.64108872 0.65122603],3,3,"[0.6601234827680622, 0.6109507568947781]",1,-1
45656,[0.83792323 0.68598698],2,0,"[0.7890750777399501, 0.6799557517006445]",1,-1
45657,[0.40418686 0.63560339],0,1,"[0.37965276877051146, 0.575157747726818]",1,-1
45658,[0.48668314 0.50830411],0,-1,-1,1,-1
45659,[0.27589674 0.20828484],1,2,"[0.294379027732062, 0.1921773781634303]",0,0
45660,[0.2027144  0.15264718],1,-1,-1,0,0
45661,[0.79857626 0.63289276],2,0,"[0.7890750777399501, 0.6799557517006445]",1,-1
45662,[0.78894329 0.67418867],2,0,"[0.7890750777399501, 0.6799557517006445]",1,4
45663,[0.34551934 0.55901735],0,1,"[0.37965276877051146, 0.575157747726818]",1,-1
45664,[0.56815242 0.58001064],3,-1,-1,1,-1
45665,[0.41169563 0.64778414],0,-1,-1,1,-1
45666,[0.22768398 0.16540288],1,-1,-1,0,0
45667,[0.18046927 0.12724251],1,-1,-1,0,0
45668,[0.71525764 0.61057683],3,3,"[0.6601234827680622, 0.6109507568947781]",1,-1
45669,[0.31641323 0.238354  ],1,2,"[0.294379027732062, 0.1921773781634303]",0,0
45670,[0.80173246 0.63393469],2,0,"[0.7890750777399501, 0.6799557517006445]",1,-1
45671,[0.70706543 0.70516448],3,-1,-1,1,-1
45672,[0.69807225 0.58082621],3,3,"[0.6601234827680622, 0.6109507568947781]",1,-1
45673,[0.38315515 0.5437271 ],0,1,"[0.37965276877051146, 0.575157747726818]",1,-1
45674,[0.64382099 0.63761619],3,3,"[0.6601234827680622, 0.6109507568947781]",1,-1
45675,[0.82001004 0.72449281],2,0,"[0.7890750777399501, 0.6799557517006445]",1,-1
45676,[0.36287342 0.15001774],1,-1,-1,0,0
45677,[0.88623187 0.64685411],2,-1,-1,1,-1
45678,[0.67251925 0.66350649],2,3,"[0.6601234827680622, 0.6109507568947781]",1,-1
45679,[0.15079029 0.22213948],1,-1,-1,0,0
45680,[0.35106777 0.49549161],0,-1,-1,1,-1
45681,[0.73275933 0.60813315],3,-1,-1,1,-1
45682,[0.7002173  0.74021903],2,-1,-1,1,-1
45683,[0.41358787 0.57872079],0,1,"[0.37965276877051146, 0.575157747726818]",1,2
45684,[0.59641487 0.5436866 ],3,-1,-1,1,-1
45685,[0.3865036  0.24429548],1,-1,-1,0,0
45686,[0.62059796 0.6355523 ],3,3,"[0.6601234827680622, 0.6109507568947781]",1,-1
45687,[0.82990287 0.68135546],2,0,"[0.7890750777399501, 0.6799557517006445]",1,-1
45688,[0.65144916 0.66130057],3,3,"[0.6601234827680622, 0.6109507568947781]",1,-1
45689,[0.6287192  0.56547353],3,3,"[0.6601234827680622, 0.6109507568947781]",1,-1
45690,[0.31862897 0.24855739],1,2,"[0.294379027732062, 0.1921773781634303]",0,0
45691,[0.43405389 0.52271594],0,-1,-1,1,-1
45692,[0.63226289 0.61838126],3,3,"[0.6601234827680622, 0.6109507568947781]",1,-1
45693,[0.33647548 0.54256644],0,1,"[0.37965276877051146, 0.575157747726818]",1,-1
45694,[0.24994738 0.33927368],1,-1,-1,0,0
45695,[0.35593406 0.2453471 ],1,-1,-1,0,0
45696,[0.27517307 0.2212594 ],1,2,"[0.294379027732062, 0.1921773781634303]",0,0
45697,[0.37934605 0.5551923 ],0,1,"[0.37965276877051146, 0.575157747726818]",1,-1
45698,[0.62590781 0.53799959],3,-1,-1,1,-1
45699,[0.71576544 0.76466254],2,-1,-1,1,-1
45700,[0.74720555 0.64555602],2,0,"[0.7890750777399501, 0.6799557517006445]",1,-1
45701,[0.18367832 0.25895861],1,-1,-1,0,0
45702,[0.81857165 0.56005126],2,-1,-1,1,-1
45703,[0.76021958 0.62070811],3,0,"[0.7890750777399501, 0.6799557517006445]",1,-1
45704,[0.79172734 0.64216985],2,0,"[0.7890750777399501, 0.6799557517006445]",1,-1
45705,[0.423824   0.52849997],0,1,"[0.37965276877051146, 0.575157747726818]",1,-1
45706,[0.41097679 0.54726233],0,1,"[0.37965276877051146, 0.575157747726818]",1,-1
45707,[0.40717297 0.64382266],0,-1,-1,1,-1
45708,[0.28314084 0.18640928],1,2,"[0.294379027732062, 0.1921773781634303]",0,0
45709,[0.59122787 0.60773732],3,3,"[0.6601234827680622, 0.6109507568947781]",1,-1
45710,[0.37501921 0.66984069],0,-1,-1,1,-1
45711,[0.75196079 0.70516526],2,0,"[0.7890750777399501, 0.6799557517006445]",1,-1
45712,[0.72229046 0.63616597],2,3,"[0.6601234827680622, 0.6109507568947781]",1,-1
45713,[0.82427376 0.70013671],2,0,"[0.7890750777399501, 0.6799557517006445]",1,-1
45714,[0.71148992 0.66592058],2,-1,-1,1,-1
45715,[0.59889666 0.62548162],3,3,"[0.6601234827680622, 0.6109507568947781]",1,-1
45716,[0.82805246 0.69167992],2,0,"[0.7890750777399501, 0.6799557517006445]",1,-1
45717,[0.74721227 0.65260315],2,0,"[0.7890750777399501, 0.6799557517006445]",1,-1
45718,[0.65698185 0.57959863],3,3,"[0.6601234827680622, 0.6109507568947781]",1,-1
45719,[0.29829428 0.21599567],1,2,"[0.294379027732062, 0.1921773781634303]",0,0
45720,[0.38454755 0.63480403],0,1,"[0.37965276877051146, 0.575157747726818]",1,-1
45721,[0.73038162 0.69861717],2,0,"[0.7890750777399501, 0.6799557517006445]",1,-1
45722,[0.82853998 0.81772395],2,-1,-1,1,-1
45723,[0.25939603 0.13702849],1,2,"[0.294379027732062, 0.1921773781634303]",0,0
45724,[0.73246151 0.66108941],2,0,"[0.7890750777399501, 0.6799557517006445]",1,-1
45725,[0.83652235 0.73257306],2,-1,-1,1,-1
45726,[0.35838829 0.38301287],1,-1,-1,1,-1
45727,[0.66165131 0.58520268],3,3,"[0.6601234827680622, 0.6109507568947781]",1,6
45728,[0.83889899 0.70804278],2,0,"[0.7890750777399501, 0.6799557517006445]",1,-1
45729,[0.22763813 0.18349031],1,2,"[0.294379027732062, 0.1921773781634303]",0,0
45730,[0.82024443 0.65673528],2,0,"[0.7890750777399501, 0.6799557517006445]",1,-1
45731,[0.40620449 0.58951832],0,1,"[0.37965276877051146, 0.575157747726818]",1,-1
45732,[0.75229729 0.61030539],2,-1,-1,1,-1
45733,[0.35814612 0.5528106 ],0,1,"[0.37965276877051146, 0.575157747726818]",1,-1
45734,[0.40408166 0.63124526],0,1,"[0.37965276877051146, 0.575157747726818]",1,-1
45735,[0.39220919 0.52735147],0,1,"[0.37965276877051146, 0.575157747726818]",1,-1
45736,[0.69593671 0.62091049],3,3,"[0.6601234827680622, 0.6109507568947781]",1,-1
45737,[0.35033228 0.18139262],1,2,"[0.294379027732062, 0.1921773781634303]",0,0
45738,[0.32306302 0.53742464],0,1,"[0.37965276877051146, 0.575157747726818]",1,-1
45739,[0.80989699 0.62560048],2,0,"[0.7890750777399501, 0.6799557517006445]",1,-1
45740,[0.69237563 0.50001644],3,-1,-1,1,-1
45741,[0.70229314 0.60562799],3,3,"[0.6601234827680622, 0.6109507568947781]",1,-1
45742,[0.70785849 0.60824909],3,3,"[0.6601234827680622, 0.6109507568947781]",1,-1
45743,[0.33081304 0.61009492],0,1,"[0.37965276877051146, 0.575157747726818]",1,-1
45744,[0.35021056 0.53218406],0,1,"[0.37965276877051146, 0.575157747726818]",1,-1
45745,[0.60391453 0.71230632],3,-1,-1,1,-1
45746,[0.28519402 0.24105551],1,2,"[0.294379027732062, 0.1921773781634303]",0,0
45747,[0.61705838 0.55720475],3,3,"[0.6601234827680622, 0.6109507568947781]",1,-1
45748,[0.75820402 0.67972714],2,0,"[0.7890750777399501, 0.6799557517006445]",1,-1
45749,[0.42889129 0.58440044],0,1,"[0.37965276877051146, 0.575157747726818]",1,-1
45750,[0.33154692 0.60585358],0,1,"[0.37965276877051146, 0.575157747726818]",1,-1
45751,[0.35225989 0.18636633],1,2,"[0.294379027732062, 0.1921773781634303]",0,0
45752,[0.30064075 0.11896783],1,-1,-1,0,0
45753,[0.75346252 0.5995888 ],2,-1,-1,1,-1
45754,[0.78264636 0.6725096 ],2,0,"[0.7890750777399501, 0.6799557517006445]",1,-1
45755,[0.64067011 0.61669993],3,3,"[0.6601234827680622, 0.6109507568947781]",1,-1
45756,[0.33943626 0.65547538],0,-1,-1,1,-1
45757,[0.45395423 0.49193954],0,-1,-1,1,-1
45758,[0.61900232 0.5933987 ],3,3,"[0.6601234827680622, 0.6109507568947781]",1,-1
45759,[0.61925733 0.57324642],3,3,"[0.6601234827680622, 0.6109507568947781]",1,-1
45760,[0.2835647  0.56385545],0,-1,-1,1,-1
45761,[0.71431665 0.61606628],3,3,"[0.6601234827680622, 0.6109507568947781]",1,-1
45762,[0.6802134  0.69188816],3,-1,-1,1,-1
45763,[0.24149716 0.18637699],1,2,"[0.294379027732062, 0.1921773781634303]",0,0
45764,[0.68627053 0.6229979 ],3,3,"[0.6601234827680622, 0.6109507568947781]",1,7
45765,[0.39800419 0.61916861],0,1,"[0.37965276877051146, 0.575157747726818]",1,-1
45766,[0.59023832 0.56718378],3,-1,-1,1,-1
45767,[0.80511777 0.77145948],2,-1,-1,1,-1
45768,[0.74253384 0.58764845],3,-1,-1,1,-1
45769,[0.69679503 0.46291548],3,-1,-1,1,-1
45770,[0.6666613  0.59546809],3,3,"[0.6601234827680622, 0.6109507568947781]",1,-1
45771,[0.78905735 0.68232825],2,0,"[0.7890750777399501, 0.6799557517006445]",1,-1
45772,[0.59549504 0.56053589],3,-1,-1,1,-1
45773,[0.60226086 0.63682323],3,3,"[0.6601234827680622, 0.6109507568947781]",1,-1
45774,[0.37158213 0.52295329],0,1,"[0.37965276877051146, 0.575157747726818]",1,-1
45775,[0.5899682  0.67166178],3,-1,-1,1,-1
45776,[0.32286778 0.58298729],0,1,"[0.37965276877051146, 0.575157747726818]",1,-1
45777,[0.45466639 0.61564382],0,-1,-1,1,-1
45778,[0.56826793 0.66584354],3,-1,-1,1,-1
45779,[0.38758986 0.61677843],0,1,"[0.37965276877051146, 0.575157747726818]",1,-1
45780,[0.36761755 0.56838458],0,1,"[0.37965276877051146, 0.575157747726818]",1,-1
45781,[0.71412408 0.63744361],2,3,"[0.6601234827680622, 0.6109507568947781]",1,-1
45782,[0.46804462 0.56063275],0,-1,-1,1,-1
45783,[0.82801566 0.72594325],2,0,"[0.7890750777399501, 0.6799557517006445]",1,-1
45784,[0.79627199 0.6172157 ],3,0,"[0.7890750777399501, 0.6799557517006445]",1,-1
45785,[0.33096539 0.59352069],0,1,"[0.37965276877051146, 0.575157747726818]",1,-1
45786,[0.84417723 0.60303564],2,-1,-1,1,-1
45787,[0.72095756 0.67736501],2,0,"[0.7890750777399501, 0.6799557517006445]",1,-1
45788,[0.65481149 0.62862655],3,3,"[0.6601234827680622, 0.6109507568947781]",1,-1
45789,[0.33862485 0.21976194],1,2,"[0.294379027732062, 0.1921773781634303]",0,0
45790,[0.84858424 0.6674594 ],2,0,"[0.7890750777399501, 0.6799557517006445]",1,-1
45791,[0.33373892 0.65550974],0,-1,-1,1,-1
45792,[0.3425406 0.1563929],1,2,"[0.294379027732062, 0.1921773781634303]",0,0
45793,[0.72513733 0.59438966],3,3,"[0.6601234827680622, 0.6109507568947781]",1,-1
45794,[0.73605237 0.70346507],3,0,"[0.7890750777399501, 0.6799557517006445]",1,-1
45795,[0.34553735 0.64540646],0,-1,-1,1,-1
45796,[0.31890436 0.56857927],0,1,"[0.37965276877051146, 0.575157747726818]",1,-1
45797,[0.41536204 0.56330014],0,1,"[0.37965276877051146, 0.575157747726818]",1,-1
45798,[0.76579195 0.70575337],2,0,"[0.7890750777399501, 0.6799557517006445]",1,-1
45799,[0.28190119 0.23043044],1,2,"[0.294379027732062, 0.1921773781634303]",0,0
45800,[0.40026962 0.55155229],0,1,"[0.37965276877051146, 0.575157747726818]",1,-1
45801,[0.74347272 0.70933513],2,0,"[0.7890750777399501, 0.6799557517006445]",1,-1
45802,[0.8166504  0.72430615],2,0,"[0.7890750777399501, 0.6799557517006445]",1,-1
45803,[0.60293342 0.58223772],3,3,"[0.6601234827680622, 0.6109507568947781]",1,-1
45804,[0.77802385 0.697821  ],2,0,"[0.7890750777399501, 0.6799557517006445]",1,-1
45805,[0.34784639 0.28946634],1,-1,-1,0,0
45806,[0.86251338 0.69845488],2,-1,-1,1,-1
45807,[0.43797665 0.64948295],0,-1,-1,1,-1
45808,[0.6444462  0.61550581],2,3,"[0.6601234827680622, 0.6109507568947781]",1,-1
45809,[0.68758601 0.66833458],3,3,"[0.6601234827680622, 0.6109507568947781]",1,-1
45810,[0.31348683 0.25765383],1,2,"[0.294379027732062, 0.1921773781634303]",0,0
45811,[0.83587196 0.61735252],2,-1,-1,1,-1
45812,[0.37322859 0.55910567],0,1,"[0.37965276877051146, 0.575157747726818]",1,-1
45813,[0.28402413 0.15535884],1,2,"[0.294379027732062, 0.1921773781634303]",0,0
45814,[0.47380214 0.50445057],0,-1,-1,1,-1
45815,[0.37156995 0.52484049],0,1,"[0.37965276877051146, 0.575157747726818]",1,-1
45816,[0.64146997 0.60773972],3,3,"[0.6601234827680622, 0.6109507568947781]",1,-1
45817,[0.21907482 0.13691339],1,-1,-1,0,0
45818,[0.63483277 0.5881219 ],3,3,"[0.6601234827680622, 0.6109507568947781]",1,-1
45819,[0.43849862 0.5707564 ],0,1,"[0.37965276877051146, 0.575157747726818]",1,-1
45820,[0.63359344 0.61793168],3,3,"[0.6601234827680622, 0.6109507568947781]",1,-1
45821,[0.81374446 0.64078132],2,0,"[0.7890750777399501, 0.6799557517006445]",1,-1
45822,[0.77485259 0.72025251],2,0,"[0.7890750777399501, 0.6799557517006445]",1,-1
45823,[0.70979667 0.51250712],3,-1,-1,1,-1
45824,[0.78262761 0.70210547],2,0,"[0.7890750777399501, 0.6799557517006445]",1,-1
45825,[0.80512941 0.71057874],2,0,"[0.7890750777399501, 0.6799557517006445]",1,-1
45826,[0.36053782 0.6261328 ],0,1,"[0.37965276877051146, 0.575157747726818]",1,-1
45827,[0.40950351 0.57503336],0,1,"[0.37965276877051146, 0.575157747726818]",1,2
45828,[0.25811518 0.21642007],1,2,"[0.294379027732062, 0.1921773781634303]",0,0
45829,[0.70654111 0.70195908],2,-1,-1,1,-1
45830,[0.38853249 0.53050194],0,1,"[0.37965276877051146, 0.575157747726818]",1,-1
45831,[0.15112753 0.27851654],1,-1,-1,0,0
45832,[0.8239623  0.75538561],2,-1,-1,1,-1
45833,[0.61397516 0.61441715],3,3,"[0.6601234827680622, 0.6109507568947781]",1,-1
45834,[0.72780315 0.71808836],2,-1,-1,1,-1
45835,[0.38519982 0.54623609],0,1,"[0.37965276877051146, 0.575157747726818]",1,-1
45836,[0.52910968 0.55499012],3,-1,-1,1,-1
45837,[0.63308077 0.56594152],3,3,"[0.6601234827680622, 0.6109507568947781]",1,-1
45838,[0.82358031 0.6345105 ],2,0,"[0.7890750777399501, 0.6799557517006445]",1,-1
45839,[0.33311696 0.52637845],0,1,"[0.37965276877051146, 0.575157747726818]",1,-1
45840,[0.80361709 0.64777552],2,0,"[0.7890750777399501, 0.6799557517006445]",1,-1
45841,[0.76564982 0.65534957],2,0,"[0.7890750777399501, 0.6799557517006445]",1,3
45842,[0.71241202 0.64518035],3,3,"[0.6601234827680622, 0.6109507568947781]",1,-1
45843,[0.6825002  0.61112481],3,3,"[0.6601234827680622, 0.6109507568947781]",1,5
45844,[0.46505409 0.5533619 ],0,-1,-1,1,-1
45845,[0.27468639 0.21529212],1,2,"[0.294379027732062, 0.1921773781634303]",0,0
45846,[0.35843405 0.53283645],0,1,"[0.37965276877051146, 0.575157747726818]",1,-1
45847,[0.32172724 0.65288241],0,-1,-1,1,-1
45848,[0.63540244 0.64483927],2,3,"[0.6601234827680622, 0.6109507568947781]",1,-1
45849,[0.60857397 0.66103793],3,-1,-1,1,-1
45850,[0.30645205 0.21744302],1,2,"[0.294379027732062, 0.1921773781634303]",0,0
45851,[0.42218468 0.57234999],0,1,"[0.37965276877051146, 0.575157747726818]",1,-1
45852,[0.78943841 0.69408814],2,0,"[0.7890750777399501, 0.6799557517006445]",1,-1
45853,[0.79340052 0.54876832],2,-1,-1,1,-1
45854,[0.7066592  0.62195353],3,3,"[0.6601234827680622, 0.6109507568947781]",1,-1
45855,[0.3116517  0.06758152],1,-1,-1,0,0
45856,[0.72100006 0.62141753],3,3,"[0.6601234827680622, 0.6109507568947781]",1,-1
45857,[0.88021854 0.61347896],2,-1,-1,1,-1
45858,[0.35672215 0.18142407],1,2,"[0.294379027732062, 0.1921773781634303]",0,0
45859,[0.28221575 0.16865567],1,2,"[0.294379027732062, 0.1921773781634303]",0,0
45860,[0.47764305 0.63789468],0,-1,-1,1,-1
45861,[0.70616265 0.62454872],3,3,"[0.6601234827680622, 0.6109507568947781]",1,-1
45862,[0.86408718 0.66204176],2,-1,-1,1,-1
45863,[0.34718927 0.14117107],1,-1,-1,0,0
45864,[0.75607046 0.65015598],2,0,"[0.7890750777399501, 0.6799557517006445]",1,-1
45865,[0.75015577 0.75881626],2,-1,-1,1,-1
45866,[0.71695084 0.73267604],3,-1,-1,1,-1
45867,[0.7630859 0.5530308],3,-1,-1,1,-1
45868,[0.80406412 0.58168379],2,-1,-1,1,-1
45869,[0.73835193 0.6561834 ],3,0,"[0.7890750777399501, 0.6799557517006445]",1,-1
45870,[0.77864286 0.68270524],2,0,"[0.7890750777399501, 0.6799557517006445]",1,4
45871,[0.34369753 0.51113666],0,-1,-1,1,-1
45872,[0.61908687 0.61464784],3,3,"[0.6601234827680622, 0.6109507568947781]",1,-1
45873,[0.71883507 0.62512948],3,3,"[0.6601234827680622, 0.6109507568947781]",1,-1
45874,[0.37849279 0.58916425],0,1,"[0.37965276877051146, 0.575157747726818]",1,-1
45875,[0.38802268 0.10889011],1,-1,-1,0,0
45876,[0.29207943 0.20604438],1,2,"[0.294379027732062, 0.1921773781634303]",0,0
45877,[0.79933186 0.66108511],2,0,"[0.7890750777399501, 0.6799557517006445]",1,-1
45878,[0.80290011 0.59098645],2,-1,-1,1,-1
45879,[0.34327349 0.50045993],0,-1,-1,1,-1
45880,[0.71932254 0.76468996],2,-1,-1,1,-1
45881,[0.33121848 0.16725679],1,2,"[0.294379027732062, 0.1921773781634303]",0,0
45882,[0.74512475 0.66303052],2,0,"[0.7890750777399501, 0.6799557517006445]",1,-1
45883,[0.45815678 0.52204173],0,-1,-1,1,-1
45884,[0.58989506 0.66801038],3,-1,-1,1,-1
45885,[0.27226561 0.17420348],1,2,"[0.294379027732062, 0.1921773781634303]",0,0
45886,[0.34509352 0.11776425],1,-1,-1,0,0
45887,[0.81444291 0.63271911],2,0,"[0.7890750777399501, 0.6799557517006445]",1,-1
45888,[0.65677455 0.62779747],3,3,"[0.6601234827680622, 0.6109507568947781]",1,-1
45889,[0.66828715 0.64833881],3,3,"[0.6601234827680622, 0.6109507568947781]",1,-1
45890,[0.68634696 0.63829201],3,3,"[0.6601234827680622, 0.6109507568947781]",1,-1
45891,[0.38740783 0.53577174],0,1,"[0.37965276877051146, 0.575157747726818]",1,-1
45892,[0.75113836 0.53860871],3,-1,-1,1,-1
45893,[0.76525615 0.68303334],2,0,"[0.7890750777399501, 0.6799557517006445]",1,-1
45894,[0.41223579 0.53208643],0,1,"[0.37965276877051146, 0.575157747726818]",1,-1
45895,[0.20356216 0.20073799],1,-1,-1,0,0
45896,[0.30771397 0.50631037],0,-1,-1,1,-1
45897,[0.34165125 0.17396856],1,2,"[0.294379027732062, 0.1921773781634303]",0,0
45898,[0.47528093 0.64084552],0,-1,-1,1,-1
45899,[0.58122108 0.64022649],3,-1,-1,1,-1
45900,[0.36542647 0.56583948],0,1,"[0.37965276877051146, 0.575157747726818]",1,-1
45901,[0.75141019 0.65776152],3,0,"[0.7890750777399501, 0.6799557517006445]",1,-1
45902,[0.40962156 0.57872875],0,1,"[0.37965276877051146, 0.575157747726818]",1,2
45903,[0.26610856 0.20724389],1,2,"[0.294379027732062, 0.1921773781634303]",0,0
45904,[0.26512103 0.24836656],1,2,"[0.294379027732062, 0.1921773781634303]",0,0
45905,[0.74290658 0.62927033],3,0,"[0.7890750777399501, 0.6799557517006445]",1,-1
45906,[0.24531547 0.26015447],1,-1,-1,0,0
45907,[0.31958052 0.25251221],1,2,"[0.294379027732062, 0.1921773781634303]",0,0
45908,[0.66409213 0.55132758],3,3,"[0.6601234827680622, 0.6109507568947781]",1,-1
45909,[0.21896187 0.15557764],1,-1,-1,0,0
45910,[0.79706286 0.72925356],2,0,"[0.7890750777399501, 0.6799557517006445]",1,-1
45911,[0.79461979 0.69800775],2,0,"[0.7890750777399501, 0.6799557517006445]",1,-1
45912,[0.17737185 0.19817203],1,-1,-1,0,0
45913,[0.34890285 0.6153531 ],0,1,"[0.37965276877051146, 0.575157747726818]",1,-1
45914,[0.37714104 0.53894376],0,1,"[0.37965276877051146, 0.575157747726818]",1,-1
45915,[0.71151705 0.62325759],3,3,"[0.6601234827680622, 0.6109507568947781]",1,-1
45916,[0.17615181 0.18814624],1,-1,-1,0,0
45917,[0.33351516 0.60818542],0,1,"[0.37965276877051146, 0.575157747726818]",1,-1
45918,[0.23893396 0.27630887],1,-1,-1,0,0
45919,[0.76310705 0.59601362],3,-1,-1,1,-1
45920,[0.74297081 0.63170542],2,0,"[0.7890750777399501, 0.6799557517006445]",1,-1
45921,[0.77327835 0.684995  ],2,0,"[0.7890750777399501, 0.6799557517006445]",1,-1
45922,[0.37896413 0.5108505 ],0,1,"[0.37965276877051146, 0.575157747726818]",1,-1
45923,[0.64215535 0.64508835],3,3,"[0.6601234827680622, 0.6109507568947781]",1,-1
45924,[0.3559573  0.56491246],0,1,"[0.37965276877051146, 0.575157747726818]",1,-1
45925,[0.6425618  0.59124358],3,3,"[0.6601234827680622, 0.6109507568947781]",1,-1
45926,[0.82630778 0.58268102],2,-1,-1,1,-1
45927,[0.82338419 0.66199491],2,0,"[0.7890750777399501, 0.6799557517006445]",1,-1
45928,[0.26129311 0.21483211],1,2,"[0.294379027732062, 0.1921773781634303]",0,0
45929,[0.74307824 0.74493026],2,-1,-1,1,-1
45930,[0.68856525 0.59842387],3,3,"[0.6601234827680622, 0.6109507568947781]",1,5
45931,[0.41601236 0.60580624],0,1,"[0.37965276877051146, 0.575157747726818]",1,-1
45932,[0.84971422 0.68468502],2,0,"[0.7890750777399501, 0.6799557517006445]",1,-1
45933,[0.29255152 0.12656434],1,2,"[0.294379027732062, 0.1921773781634303]",0,0
45934,[0.35621718 0.66994249],0,-1,-1,1,-1
45935,[0.43295476 0.55499537],0,1,"[0.37965276877051146, 0.575157747726818]",1,-1
45936,[0.26778977 0.20811864],1,2,"[0.294379027732062, 0.1921773781634303]",0,0
45937,[0.65174322 0.64748464],3,3,"[0.6601234827680622, 0.6109507568947781]",1,-1
45938,[0.65331927 0.57635716],3,3,"[0.6601234827680622, 0.6109507568947781]",1,-1
45939,[0.71066714 0.76809719],2,-1,-1,1,-1
45940,[0.33163509 0.17329598],1,2,"[0.294379027732062, 0.1921773781634303]",0,0
45941,[0.69119678 0.62757867],3,3,"[0.6601234827680622, 0.6109507568947781]",1,7
45942,[0.31695611 0.13111268],1,2,"[0.294379027732062, 0.1921773781634303]",0,0
45943,[0.67712497 0.60978551],3,3,"[0.6601234827680622, 0.6109507568947781]",1,-1
45944,[0.81143347 0.7482241 ],2,-1,-1,1,-1
45945,[0.30537707 0.25970264],1,2,"[0.294379027732062, 0.1921773781634303]",0,0
45946,[0.22620208 0.22123349],1,-1,-1,0,0
45947,[0.24446957 0.17785377],1,2,"[0.294379027732062, 0.1921773781634303]",0,0
45948,[0.34021139 0.12333164],1,-1,-1,0,0
45949,[0.84957183 0.75901615],2,-1,-1,1,-1
45950,[0.64321033 0.68498983],3,-1,-1,1,-1
45951,[0.67056097 0.57737135],3,3,"[0.6601234827680622, 0.6109507568947781]",1,-1
45952,[0.58123219 0.62579321],3,-1,-1,1,-1
45953,[0.6787725  0.68102329],3,-1,-1,1,-1
45954,[0.66401671 0.6120642 ],3,3,"[0.6601234827680622, 0.6109507568947781]",1,-1
45955,[0.38939254 0.20056727],1,-1,-1,0,0
45956,[0.42330428 0.57848542],0,1,"[0.37965276877051146, 0.575157747726818]",1,-1
45957,[0.40971008 0.57634408],0,1,"[0.37965276877051146, 0.575157747726818]",1,2
45958,[0.24312617 0.16425796],1,2,"[0.294379027732062, 0.1921773781634303]",0,0
45959,[0.74015812 0.64022235],2,0,"[0.7890750777399501, 0.6799557517006445]",1,-1
45960,[0.39314649 0.56808977],0,1,"[0.37965276877051146, 0.575157747726818]",1,-1
45961,[0.32950508 0.07973708],1,-1,-1,0,0
45962,[0.57288569 0.5470804 ],3,-1,-1,1,-1
45963,[0.29633577 0.20315086],1,2,"[0.294379027732062, 0.1921773781634303]",0,0
45964,[0.76954422 0.74076957],2,0,"[0.7890750777399501, 0.6799557517006445]",1,-1
45965,[0.59703763 0.58172975],3,3,"[0.6601234827680622, 0.6109507568947781]",1,-1
45966,[0.64101831 0.57498228],3,3,"[0.6601234827680622, 0.6109507568947781]",1,-1
45967,[0.42042705 0.5657398 ],0,1,"[0.37965276877051146, 0.575157747726818]",1,-1
45968,[0.86302698 0.7270099 ],2,-1,-1,1,-1
45969,[0.42932947 0.56569839],0,1,"[0.37965276877051146, 0.575157747726818]",1,-1
45970,[0.30804511 0.60567501],0,-1,-1,1,-1
45971,[0.68123349 0.59902008],3,3,"[0.6601234827680622, 0.6109507568947781]",1,5
45972,[0.30313527 0.16341183],1,2,"[0.294379027732062, 0.1921773781634303]",0,0
45973,[0.70425582 0.5914643 ],3,3,"[0.6601234827680622, 0.6109507568947781]",1,-1
45974,[0.25868652 0.18024286],1,2,"[0.294379027732062, 0.1921773781634303]",0,0
45975,[0.30905555 0.27503573],1,-1,-1,0,0
45976,[0.41821818 0.52361097],0,1,"[0.37965276877051146, 0.575157747726818]",1,-1
45977,[0.78785791 0.76608049],2,-1,-1,1,-1
45978,[0.28239092 0.2333309 ],1,2,"[0.294379027732062, 0.1921773781634303]",0,0
45979,[0.80516378 0.76506385],2,-1,-1,1,-1
45980,[0.8454889  0.63763155],2,-1,-1,1,-1
45981,[0.39335442 0.56870428],0,1,"[0.37965276877051146, 0.575157747726818]",1,-1
45982,[0.28999424 0.18979485],1,2,"[0.294379027732062, 0.1921773781634303]",0,0
45983,[0.61468734 0.62210577],3,3,"[0.6601234827680622, 0.6109507568947781]",1,-1
45984,[0.70892353 0.63238975],2,3,"[0.6601234827680622, 0.6109507568947781]",1,-1
45985,[0.37506863 0.18153287],1,-1,-1,0,0
45986,[0.82703017 0.64870298],2,0,"[0.7890750777399501, 0.6799557517006445]",1,-1
45987,[0.22316865 0.15262479],1,-1,-1,0,0
45988,[0.25117524 0.17624816],1,2,"[0.294379027732062, 0.1921773781634303]",0,0
45989,[0.27549638 0.18042935],1,2,"[0.294379027732062, 0.1921773781634303]",0,0
45990,[0.82556278 0.66185444],2,0,"[0.7890750777399501, 0.6799557517006445]",1,-1
45991,[0.85098435 0.68961149],2,0,"[0.7890750777399501, 0.6799557517006445]",1,-1
45992,[0.29314694 0.27050285],1,-1,-1,0,0
45993,[0.41791412 0.52599107],0,1,"[0.37965276877051146, 0.575157747726818]",1,-1
45994,[0.66259879 0.6989228 ],3,-1,-1,1,-1
45995,[0.65797208 0.60141112],3,3,"[0.6601234827680622, 0.6109507568947781]",1,6
45996,[0.6717263  0.65886373],3,3,"[0.6601234827680622, 0.6109507568947781]",1,-1
45997,[0.70952327 0.68090045],3,-1,-1,1,-1
45998,[0.29468564 0.22833281],1,2,"[0.294379027732062, 0.1921773781634303]",0,0
45999,[0.6726193  0.58471235],3,3,"[0.6601234827680622, 0.6109507568947781]",1,-1
46000,[0.75945353 0.77394687],2,-1,-1,1,-1
46001,[0.65346225 0.60096264],3,3,"[0.6601234827680622, 0.6109507568947781]",1,6
46002,[0.41947738 0.47537475],0,-1,-1,1,-1
46003,[0.21085791 0.1965533 ],1,-1,-1,0,0
46004,[0.45625974 0.52675259],0,-1,-1,1,-1
46005,[0.40129098 0.57932234],0,1,"[0.37965276877051146, 0.575157747726818]",1,-1
46006,[0.77157526 0.64432139],2,0,"[0.7890750777399501, 0.6799557517006445]",1,-1
46007,[0.81750375 0.73955899],2,0,"[0.7890750777399501, 0.6799557517006445]",1,-1
46008,[0.38592944 0.62703166],0,1,"[0.37965276877051146, 0.575157747726818]",1,-1
46009,[0.74230739 0.66525747],3,0,"[0.7890750777399501, 0.6799557517006445]",1,-1
46010,[0.53885524 0.62243147],3,-1,-1,1,-1
46011,[0.75974323 0.64423991],2,0,"[0.7890750777399501, 0.6799557517006445]",1,-1
46012,[0.66572058 0.65203355],3,3,"[0.6601234827680622, 0.6109507568947781]",1,-1
46013,[0.68776451 0.60707904],3,3,"[0.6601234827680622, 0.6109507568947781]",1,5
46014,[0.3540897  0.63117921],0,1,"[0.37965276877051146, 0.575157747726818]",1,-1
46015,[0.33320114 0.15212664],1,2,"[0.294379027732062, 0.1921773781634303]",0,0
46016,[0.82771441 0.6687235 ],2,0,"[0.7890750777399501, 0.6799557517006445]",1,-1
46017,[0.19105245 0.21839703],1,-1,-1,0,0
46018,[0.65114132 0.65148747],3,3,"[0.6601234827680622, 0.6109507568947781]",1,-1
46019,[0.62178762 0.57860749],3,3,"[0.6601234827680622, 0.6109507568947781]",1,-1
46020,[0.61955393 0.64456107],3,3,"[0.6601234827680622, 0.6109507568947781]",1,-1
46021,[0.64157157 0.65593863],3,3,"[0.6601234827680622, 0.6109507568947781]",1,-1
46022,[0.77063303 0.692425  ],2,0,"[0.7890750777399501, 0.6799557517006445]",1,-1
46023,[0.45404712 0.62509501],0,-1,-1,1,-1
46024,[0.71547076 0.77999942],2,-1,-1,1,-1
46025,[0.78327025 0.64498362],2,0,"[0.7890750777399501, 0.6799557517006445]",1,-1
46026,[0.62778785 0.54452357],3,-1,-1,1,-1
46027,[0.36919524 0.18979348],1,-1,-1,0,0
46028,[0.61628071 0.60666216],3,3,"[0.6601234827680622, 0.6109507568947781]",1,-1
46029,[0.29871447 0.23632919],1,2,"[0.294379027732062, 0.1921773781634303]",0,0
46030,[0.31575339 0.64594686],0,-1,-1,1,-1
46031,[0.7921239  0.58149125],2,-1,-1,1,-1
46032,[0.72539042 0.53534495],3,-1,-1,1,-1
46033,[0.84233622 0.75876179],2,-1,-1,1,-1
46034,[0.37173335 0.67134814],0,-1,-1,1,-1
46035,[0.36929464 0.55253579],0,1,"[0.37965276877051146, 0.575157747726818]",1,-1
46036,[0.75786064 0.64498596],2,0,"[0.7890750777399501, 0.6799557517006445]",1,-1
46037,[0.74172152 0.69022961],2,0,"[0.7890750777399501, 0.6799557517006445]",1,-1
46038,[0.33778009 0.56876739],0,1,"[0.37965276877051146, 0.575157747726818]",1,-1
46039,[0.41867653 0.59398951],0,1,"[0.37965276877051146, 0.575157747726818]",1,-1
46040,[0.75456015 0.67988396],2,0,"[0.7890750777399501, 0.6799557517006445]",1,-1
46041,[0.71488914 0.75239078],2,-1,-1,1,-1
46042,[0.69781818 0.68726398],3,-1,-1,1,-1
46043,[0.35411696 0.51274951],0,1,"[0.37965276877051146, 0.575157747726818]",1,-1
46044,[0.67854296 0.68024361],3,-1,-1,1,-1
46045,[0.38017275 0.23166203],1,-1,-1,0,0
46046,[0.3457921 0.5873126],0,1,"[0.37965276877051146, 0.575157747726818]",1,-1
46047,[0.8705447 0.5728996],2,-1,-1,1,-1
46048,[0.24936238 0.10024333],1,-1,-1,0,0
46049,[0.25004039 0.49500663],0,-1,-1,1,-1
46050,[0.63609747 0.51986375],3,-1,-1,1,-1
46051,[0.76233217 0.71651218],2,0,"[0.7890750777399501, 0.6799557517006445]",1,-1
46052,[0.33081937 0.68157882],0,-1,-1,1,-1
46053,[0.44769659 0.65051872],0,-1,-1,1,-1
46054,[0.72706155 0.61425492],2,3,"[0.6601234827680622, 0.6109507568947781]",1,-1
46055,[0.27808644 0.11172613],1,-1,-1,0,0
46056,[0.30348106 0.11102669],1,-1,-1,0,0
46057,[0.46263489 0.64630744],0,-1,-1,1,-1
46058,[0.23128871 0.11424519],1,-1,-1,0,0
46059,[0.25261154 0.12949236],1,-1,-1,0,0
46060,[0.23795978 0.0840214 ],1,-1,-1,0,0
46061,[0.75891579 0.70876791],2,0,"[0.7890750777399501, 0.6799557517006445]",1,-1
46062,[0.66926319 0.66074168],3,3,"[0.6601234827680622, 0.6109507568947781]",1,-1
46063,[0.83818526 0.65512014],2,0,"[0.7890750777399501, 0.6799557517006445]",1,-1
46064,[0.27890169 0.18513204],1,2,"[0.294379027732062, 0.1921773781634303]",0,0
46065,[0.33467265 0.1470708 ],1,2,"[0.294379027732062, 0.1921773781634303]",0,0
46066,[0.63303574 0.74306972],3,-1,-1,1,-1
46067,[0.69414223 0.65473875],3,3,"[0.6601234827680622, 0.6109507568947781]",1,-1
46068,[0.34445455 0.60153164],0,1,"[0.37965276877051146, 0.575157747726818]",1,-1
46069,[0.35058435 0.28824618],1,-1,-1,0,0
46070,[0.63950082 0.6254055 ],3,3,"[0.6601234827680622, 0.6109507568947781]",1,-1
46071,[0.78656354 0.55680236],2,-1,-1,1,-1
46072,[0.3037553  0.21404605],1,2,"[0.294379027732062, 0.1921773781634303]",0,0
46073,[0.25265171 0.157927  ],1,2,"[0.294379027732062, 0.1921773781634303]",0,0
46074,[0.28107694 0.18692615],1,2,"[0.294379027732062, 0.1921773781634303]",0,0
46075,[0.29753801 0.1786281 ],1,2,"[0.294379027732062, 0.1921773781634303]",0,0
46076,[0.25967711 0.63152096],0,-1,-1,1,-1
46077,[0.30368873 0.1942717 ],1,2,"[0.294379027732062, 0.1921773781634303]",0,0
46078,[0.33747886 0.1762168 ],1,2,"[0.294379027732062, 0.1921773781634303]",0,0
46079,[0.4327728  0.62787048],0,-1,-1,1,-1
46080,[0.67463825 0.66065681],3,3,"[0.6601234827680622, 0.6109507568947781]",1,-1
46081,[0.7509171  0.69414956],2,0,"[0.7890750777399501, 0.6799557517006445]",1,-1
46082,[0.81708249 0.71746329],2,0,"[0.7890750777399501, 0.6799557517006445]",1,-1
46083,[0.25882293 0.10734634],1,-1,-1,0,0
46084,[0.69540738 0.6634055 ],3,3,"[0.6601234827680622, 0.6109507568947781]",1,-1
46085,[0.8214881  0.70404912],2,0,"[0.7890750777399501, 0.6799557517006445]",1,-1
46086,[0.19800602 0.17169504],1,-1,-1,0,0
46087,[0.38082972 0.6119667 ],0,1,"[0.37965276877051146, 0.575157747726818]",1,-1
46088,[0.60814669 0.61428744],3,3,"[0.6601234827680622, 0.6109507568947781]",1,-1
46089,[0.71100831 0.61553798],3,3,"[0.6601234827680622, 0.6109507568947781]",1,-1
46090,[0.2939284  0.17737693],1,2,"[0.294379027732062, 0.1921773781634303]",0,0
46091,[0.82862749 0.71040392],2,0,"[0.7890750777399501, 0.6799557517006445]",1,-1
46092,[0.68413486 0.60117812],3,3,"[0.6601234827680622, 0.6109507568947781]",1,5
46093,[0.70968959 0.50720873],3,-1,-1,1,-1
46094,[0.33619476 0.31575496],1,-1,-1,0,0
46095,[0.36151546 0.54676864],0,1,"[0.37965276877051146, 0.575157747726818]",1,-1
46096,[0.2251106  0.13886902],1,-1,-1,0,0
46097,[0.30957787 0.16841571],1,2,"[0.294379027732062, 0.1921773781634303]",0,0
46098,[0.32392297 0.18603423],1,2,"[0.294379027732062, 0.1921773781634303]",0,0
46099,[0.78319431 0.66516429],3,0,"[0.7890750777399501, 0.6799557517006445]",1,-1
46100,[0.73324708 0.73510213],2,-1,-1,1,-1
46101,[0.71127824 0.55986093],3,-1,-1,1,-1
46102,[0.30794117 0.14740416],1,2,"[0.294379027732062, 0.1921773781634303]",0,0
46103,[0.2926406  0.50439475],0,-1,-1,1,-1
46104,[0.3439844  0.54749589],0,1,"[0.37965276877051146, 0.575157747726818]",1,-1
46105,[0.42441361 0.5609292 ],0,1,"[0.37965276877051146, 0.575157747726818]",1,-1
46106,[0.64820669 0.60551417],3,3,"[0.6601234827680622, 0.6109507568947781]",1,6
46107,[0.36994033 0.56231963],0,1,"[0.37965276877051146, 0.575157747726818]",1,1
46108,[0.65890045 0.53313694],3,-1,-1,1,-1
46109,[0.75817871 0.60667356],2,-1,-1,1,-1
46110,[0.47952671 0.63459155],0,-1,-1,1,-1
46111,[0.37762536 0.16912904],1,-1,-1,0,0
46112,[0.36836109 0.69340669],0,-1,-1,1,-1
46113,[0.34592719 0.50370305],0,-1,-1,1,-1
46114,[0.68835596 0.5342593 ],3,-1,-1,1,-1
46115,[0.3586277  0.52225941],0,1,"[0.37965276877051146, 0.575157747726818]",1,-1
46116,[0.30043116 0.27042954],1,-1,-1,0,0
46117,[0.71410067 0.63456555],3,3,"[0.6601234827680622, 0.6109507568947781]",1,-1
46118,[0.27716265 0.25152729],1,2,"[0.294379027732062, 0.1921773781634303]",0,0
46119,[0.35470491 0.60061847],0,1,"[0.37965276877051146, 0.575157747726818]",1,-1
46120,[0.35999209 0.53096351],0,1,"[0.37965276877051146, 0.575157747726818]",1,-1
46121,[0.66750906 0.58539004],3,3,"[0.6601234827680622, 0.6109507568947781]",1,-1
46122,[0.80382998 0.73928371],2,0,"[0.7890750777399501, 0.6799557517006445]",1,-1
46123,[0.38820316 0.59605445],0,1,"[0.37965276877051146, 0.575157747726818]",1,-1
46124,[0.87212647 0.68934961],2,-1,-1,1,-1
46125,[0.3071992 0.1849202],1,2,"[0.294379027732062, 0.1921773781634303]",0,0
46126,[0.3362018  0.56749037],0,1,"[0.37965276877051146, 0.575157747726818]",1,-1
46127,[0.60021246 0.5956566 ],3,3,"[0.6601234827680622, 0.6109507568947781]",1,-1
46128,[0.80973908 0.68072962],2,0,"[0.7890750777399501, 0.6799557517006445]",1,4
46129,[0.32826512 0.12386747],1,-1,-1,0,0
46130,[0.63961643 0.64707457],3,3,"[0.6601234827680622, 0.6109507568947781]",1,-1
46131,[0.2507533  0.31778028],1,-1,-1,0,0
46132,[0.78971062 0.75268763],2,-1,-1,1,-1
46133,[0.28938105 0.21947717],1,2,"[0.294379027732062, 0.1921773781634303]",0,0
46134,[0.30572341 0.23494787],1,2,"[0.294379027732062, 0.1921773781634303]",0,0
46135,[0.36400402 0.56685632],0,1,"[0.37965276877051146, 0.575157747726818]",1,-1
46136,[0.61228917 0.65717689],3,3,"[0.6601234827680622, 0.6109507568947781]",1,-1
46137,[0.67998322 0.77198359],2,-1,-1,1,-1
46138,[0.74005848 0.67525049],2,0,"[0.7890750777399501, 0.6799557517006445]",1,-1
46139,[0.27539872 0.59190623],0,-1,-1,1,-1
46140,[0.77894522 0.63950754],2,0,"[0.7890750777399501, 0.6799557517006445]",1,-1
46141,[0.37365038 0.60240051],0,1,"[0.37965276877051146, 0.575157747726818]",1,-1
46142,[0.37165652 0.61473755],0,1,"[0.37965276877051146, 0.575157747726818]",1,-1
46143,[0.34891639 0.17852735],1,2,"[0.294379027732062, 0.1921773781634303]",0,0
46144,[0.70019671 0.67828911],3,-1,-1,1,-1
46145,[0.60329955 0.6553468 ],3,-1,-1,1,-1
46146,[0.24084576 0.25896809],1,-1,-1,0,0
46147,[0.25985493 0.19230618],1,2,"[0.294379027732062, 0.1921773781634303]",0,0
46148,[0.34704903 0.20420619],1,2,"[0.294379027732062, 0.1921773781634303]",0,0
46149,[0.47762058 0.52521527],0,-1,-1,1,-1
46150,[0.85444706 0.72397763],2,-1,-1,1,-1
46151,[0.30450534 0.15982685],1,2,"[0.294379027732062, 0.1921773781634303]",0,0
46152,[0.36742993 0.48906464],0,-1,-1,1,-1
46153,[0.37620119 0.47983473],0,-1,-1,1,-1
46154,[0.30352432 0.16214394],1,2,"[0.294379027732062, 0.1921773781634303]",0,0
46155,[0.66478563 0.58312621],3,3,"[0.6601234827680622, 0.6109507568947781]",1,-1
46156,[0.33513679 0.56976308],0,1,"[0.37965276877051146, 0.575157747726818]",1,-1
46157,[0.72732245 0.60946748],3,3,"[0.6601234827680622, 0.6109507568947781]",1,-1
46158,[0.26530373 0.1610014 ],1,2,"[0.294379027732062, 0.1921773781634303]",0,0
46159,[0.30625794 0.63826518],0,-1,-1,1,-1
46160,[0.36301529 0.22549481],1,-1,-1,0,0
46161,[0.36046514 0.56365359],0,1,"[0.37965276877051146, 0.575157747726818]",1,-1
46162,[0.75725427 0.67938389],2,0,"[0.7890750777399501, 0.6799557517006445]",1,-1
46163,[0.83902745 0.64623474],2,0,"[0.7890750777399501, 0.6799557517006445]",1,-1
46164,[0.63611306 0.61869441],3,3,"[0.6601234827680622, 0.6109507568947781]",1,-1
46165,[0.80380137 0.72412021],2,0,"[0.7890750777399501, 0.6799557517006445]",1,-1
46166,[0.22191542 0.21683826],1,-1,-1,0,0
46167,[0.77639716 0.77265484],2,-1,-1,1,-1
46168,[0.29159538 0.20410766],1,2,"[0.294379027732062, 0.1921773781634303]",0,0
46169,[0.39210573 0.66930731],0,-1,-1,1,-1
46170,[0.37824671 0.60810966],0,1,"[0.37965276877051146, 0.575157747726818]",1,-1
46171,[0.71641213 0.62900739],3,3,"[0.6601234827680622, 0.6109507568947781]",1,-1
46172,[0.33817126 0.57875208],0,1,"[0.37965276877051146, 0.575157747726818]",1,-1
46173,[0.87550718 0.61981032],2,-1,-1,1,-1
46174,[0.6975074  0.74826154],2,-1,-1,1,-1
46175,[0.34697381 0.59355773],0,1,"[0.37965276877051146, 0.575157747726818]",1,-1
46176,[0.66193677 0.63408865],3,3,"[0.6601234827680622, 0.6109507568947781]",1,-1
46177,[0.29732289 0.18876951],1,2,"[0.294379027732062, 0.1921773781634303]",0,0
46178,[0.26392934 0.36481067],1,-1,-1,0,-1
46179,[0.24839927 0.18428367],1,2,"[0.294379027732062, 0.1921773781634303]",0,0
46180,[0.36472725 0.59201698],0,1,"[0.37965276877051146, 0.575157747726818]",1,-1
46181,[0.68811022 0.595478  ],3,3,"[0.6601234827680622, 0.6109507568947781]",1,-1
46182,[0.413927  0.5883746],0,1,"[0.37965276877051146, 0.575157747726818]",1,-1
46183,[0.28179798 0.56258687],0,-1,-1,1,-1
46184,[0.77923078 0.72170748],2,0,"[0.7890750777399501, 0.6799557517006445]",1,-1
46185,[0.78346767 0.74987049],2,-1,-1,1,-1
46186,[0.41023797 0.50902072],0,-1,-1,1,-1
46187,[0.43167854 0.57875254],0,1,"[0.37965276877051146, 0.575157747726818]",1,-1
46188,[0.87228232 0.56285185],2,-1,-1,1,-1
46189,[0.62973174 0.65646005],3,3,"[0.6601234827680622, 0.6109507568947781]",1,-1
46190,[0.81857594 0.71955905],2,0,"[0.7890750777399501, 0.6799557517006445]",1,-1
46191,[0.25061498 0.24696835],1,-1,-1,0,0
46192,[0.69509085 0.68037601],3,-1,-1,1,-1
46193,[0.7454035  0.58904002],3,-1,-1,1,-1
46194,[0.28582473 0.1570504 ],1,2,"[0.294379027732062, 0.1921773781634303]",0,0
46195,[0.26927545 0.18119628],1,2,"[0.294379027732062, 0.1921773781634303]",0,0
46196,[0.35121125 0.62350267],0,1,"[0.37965276877051146, 0.575157747726818]",1,-1
46197,[0.80440206 0.62717049],2,0,"[0.7890750777399501, 0.6799557517006445]",1,-1
46198,[0.77048909 0.59806547],2,-1,-1,1,-1
46199,[0.38337352 0.51652781],0,1,"[0.37965276877051146, 0.575157747726818]",1,-1
46200,[0.29343225 0.25184775],1,2,"[0.294379027732062, 0.1921773781634303]",0,0
46201,[0.24154346 0.19956737],1,2,"[0.294379027732062, 0.1921773781634303]",0,0
46202,[0.24139583 0.23617893],1,2,"[0.294379027732062, 0.1921773781634303]",0,0
46203,[0.65608473 0.55636993],3,3,"[0.6601234827680622, 0.6109507568947781]",1,-1
46204,[0.78084225 0.65924298],2,0,"[0.7890750777399501, 0.6799557517006445]",1,-1
46205,[0.68041145 0.62918398],3,3,"[0.6601234827680622, 0.6109507568947781]",1,-1
46206,[0.30732205 0.58219775],0,-1,-1,1,-1
46207,[0.64397114 0.68047942],2,-1,-1,1,-1
46208,[0.35329372 0.53787864],0,1,"[0.37965276877051146, 0.575157747726818]",1,-1
46209,[0.76435348 0.73190232],2,0,"[0.7890750777399501, 0.6799557517006445]",1,-1
46210,[0.70766873 0.7258076 ],2,-1,-1,1,-1
46211,[0.62931383 0.6615014 ],3,3,"[0.6601234827680622, 0.6109507568947781]",1,-1
46212,[0.27918486 0.15328329],1,2,"[0.294379027732062, 0.1921773781634303]",0,0
46213,[0.25168992 0.15877763],1,2,"[0.294379027732062, 0.1921773781634303]",0,0
46214,[0.56539458 0.64852368],3,-1,-1,1,-1
46215,[0.73258348 0.59796584],3,-1,-1,1,-1
46216,[0.79833071 0.62532019],2,0,"[0.7890750777399501, 0.6799557517006445]",1,-1
46217,[0.6399418  0.55831055],3,3,"[0.6601234827680622, 0.6109507568947781]",1,-1
46218,[0.33147543 0.19593602],1,2,"[0.294379027732062, 0.1921773781634303]",0,0
46219,[0.16453913 0.22488365],1,-1,-1,0,0
46220,[0.80582155 0.62740341],2,0,"[0.7890750777399501, 0.6799557517006445]",1,-1
46221,[0.81630022 0.68772056],2,0,"[0.7890750777399501, 0.6799557517006445]",1,4
46222,[0.45837575 0.52975734],0,-1,-1,1,-1
46223,[0.20819019 0.12828369],1,-1,-1,0,0
46224,[0.43563516 0.50949989],0,-1,-1,1,-1
46225,[0.7127331  0.58866322],3,3,"[0.6601234827680622, 0.6109507568947781]",1,-1
46226,[0.27410279 0.14474788],1,2,"[0.294379027732062, 0.1921773781634303]",0,0
46227,[0.633652   0.61420835],3,3,"[0.6601234827680622, 0.6109507568947781]",1,-1
46228,[0.57121467 0.59055614],3,-1,-1,1,-1
46229,[0.27952622 0.18583026],1,2,"[0.294379027732062, 0.1921773781634303]",0,0
46230,[0.28862792 0.24969681],1,2,"[0.294379027732062, 0.1921773781634303]",0,0
46231,[0.82491775 0.64153036],2,0,"[0.7890750777399501, 0.6799557517006445]",1,-1
46232,[0.73942358 0.72453218],2,0,"[0.7890750777399501, 0.6799557517006445]",1,-1
46233,[0.32157297 0.5936657 ],0,1,"[0.37965276877051146, 0.575157747726818]",1,-1
46234,[0.74275871 0.56038613],3,-1,-1,1,-1
46235,[0.87774259 0.64594694],2,-1,-1,1,-1
46236,[0.74813721 0.73175019],2,0,"[0.7890750777399501, 0.6799557517006445]",1,-1
46237,[0.79389116 0.58178057],2,-1,-1,1,-1
46238,[0.64497028 0.69249608],2,-1,-1,1,-1
46239,[0.25484293 0.12324676],1,-1,-1,0,0
46240,[0.70921279 0.72748142],2,-1,-1,1,-1
46241,[0.43773485 0.53157631],0,-1,-1,1,-1
46242,[0.7170118 0.6048555],3,3,"[0.6601234827680622, 0.6109507568947781]",1,-1
46243,[0.34988232 0.61077123],0,1,"[0.37965276877051146, 0.575157747726818]",1,-1
46244,[0.33504854 0.5302172 ],0,1,"[0.37965276877051146, 0.575157747726818]",1,-1
46245,[0.27548847 0.13961955],1,2,"[0.294379027732062, 0.1921773781634303]",0,0
46246,[0.30032577 0.22949979],1,2,"[0.294379027732062, 0.1921773781634303]",0,0
46247,[0.38983289 0.57065351],0,1,"[0.37965276877051146, 0.575157747726818]",1,-1
46248,[0.73290704 0.68274882],2,0,"[0.7890750777399501, 0.6799557517006445]",1,-1
46249,[0.38322237 0.49043831],0,-1,-1,1,-1
46250,[0.69480322 0.66047488],2,3,"[0.6601234827680622, 0.6109507568947781]",1,-1
46251,[0.83299106 0.70646225],2,0,"[0.7890750777399501, 0.6799557517006445]",1,-1
46252,[0.27055451 0.18703657],1,2,"[0.294379027732062, 0.1921773781634303]",0,0
46253,[0.6927449  0.62309856],3,3,"[0.6601234827680622, 0.6109507568947781]",1,-1
46254,[0.37107647 0.25883304],1,-1,-1,0,0
46255,[0.22355645 0.16915368],1,-1,-1,0,0
46256,[0.38825192 0.56660164],0,1,"[0.37965276877051146, 0.575157747726818]",1,-1
46257,[0.32282312 0.55586506],0,1,"[0.37965276877051146, 0.575157747726818]",1,-1
46258,[0.32475395 0.15396051],1,2,"[0.294379027732062, 0.1921773781634303]",0,0
46259,[0.29609501 0.58797964],0,-1,-1,1,-1
46260,[0.78887324 0.76626418],2,-1,-1,1,-1
46261,[0.84096414 0.66391918],2,0,"[0.7890750777399501, 0.6799557517006445]",1,-1
46262,[0.27261448 0.23714705],1,2,"[0.294379027732062, 0.1921773781634303]",0,0
46263,[0.69520684 0.67845966],2,-1,-1,1,-1
46264,[0.24366891 0.26422998],1,-1,-1,0,0
46265,[0.74659258 0.62958909],2,0,"[0.7890750777399501, 0.6799557517006445]",1,-1
46266,[0.78975014 0.72461309],2,0,"[0.7890750777399501, 0.6799557517006445]",1,-1
46267,[0.21328996 0.26556573],1,-1,-1,0,0
46268,[0.35120206 0.22185472],1,2,"[0.294379027732062, 0.1921773781634303]",0,0
46269,[0.28680329 0.25576572],1,2,"[0.294379027732062, 0.1921773781634303]",0,0
46270,[0.69641382 0.6373511 ],3,3,"[0.6601234827680622, 0.6109507568947781]",1,-1
46271,[0.7213321  0.58095281],3,3,"[0.6601234827680622, 0.6109507568947781]",1,-1
46272,[0.33174789 0.20218839],1,2,"[0.294379027732062, 0.1921773781634303]",0,0
46273,[0.7036734  0.63299397],3,3,"[0.6601234827680622, 0.6109507568947781]",1,-1
46274,[0.4116303  0.54573155],0,1,"[0.37965276877051146, 0.575157747726818]",1,-1
46275,[0.42921248 0.56881798],0,1,"[0.37965276877051146, 0.575157747726818]",1,-1
46276,[0.35905368 0.66582682],0,-1,-1,1,-1
46277,[0.37629819 0.64574   ],0,-1,-1,1,-1
46278,[0.68083528 0.64833049],3,3,"[0.6601234827680622, 0.6109507568947781]",1,-1
46279,[0.41451563 0.19601416],1,-1,-1,0,0
46280,[0.65936007 0.58495957],3,3,"[0.6601234827680622, 0.6109507568947781]",1,-1
46281,[0.28048915 0.10356565],1,-1,-1,0,0
46282,[0.3310156  0.35382492],0,-1,-1,0,0
46283,[0.85167544 0.68943182],2,0,"[0.7890750777399501, 0.6799557517006445]",1,-1
46284,[0.23537891 0.14702137],1,-1,-1,0,0
46285,[0.34792092 0.2521732 ],1,-1,-1,0,0
46286,[0.70683201 0.55535328],2,-1,-1,1,-1
46287,[0.38065497 0.53468174],0,1,"[0.37965276877051146, 0.575157747726818]",1,-1
46288,[0.37171856 0.10529073],1,-1,-1,0,0
46289,[0.76499746 0.77980785],2,-1,-1,1,-1
46290,[0.40774639 0.59547982],0,1,"[0.37965276877051146, 0.575157747726818]",1,-1
46291,[0.6956202  0.69354121],3,-1,-1,1,-1
46292,[0.25019556 0.18418233],1,2,"[0.294379027732062, 0.1921773781634303]",0,0
46293,[0.77299222 0.57681742],2,-1,-1,1,-1
46294,[0.80511806 0.57304096],2,-1,-1,1,-1
46295,[0.74884264 0.69406694],3,0,"[0.7890750777399501, 0.6799557517006445]",1,-1
46296,[0.57037867 0.63970539],3,-1,-1,1,-1
46297,[0.72520806 0.72184782],2,-1,-1,1,-1
46298,[0.3641861  0.27904436],1,-1,-1,0,0
46299,[0.41198222 0.66929995],0,-1,-1,1,-1
46300,[0.65951379 0.50483656],3,-1,-1,1,-1
46301,[0.25808956 0.18604145],1,2,"[0.294379027732062, 0.1921773781634303]",0,0
46302,[0.30314963 0.16645492],1,2,"[0.294379027732062, 0.1921773781634303]",0,0
46303,[0.73072276 0.64759853],3,0,"[0.7890750777399501, 0.6799557517006445]",1,-1
46304,[0.86705432 0.68931665],2,-1,-1,1,-1
46305,[0.78042343 0.70407   ],2,0,"[0.7890750777399501, 0.6799557517006445]",1,-1
46306,[0.28942265 0.5776954 ],0,-1,-1,1,-1
46307,[0.67443723 0.65222014],3,3,"[0.6601234827680622, 0.6109507568947781]",1,-1
46308,[0.57234652 0.63965245],3,-1,-1,1,-1
46309,[0.55328284 0.63491853],3,-1,-1,1,-1
46310,[0.59338626 0.64718947],3,-1,-1,1,-1
46311,[0.62321531 0.52219709],3,-1,-1,1,-1
46312,[0.30657414 0.19300959],1,2,"[0.294379027732062, 0.1921773781634303]",0,0
46313,[0.33070981 0.2224823 ],1,2,"[0.294379027732062, 0.1921773781634303]",0,0
46314,[0.81764872 0.73215394],2,0,"[0.7890750777399501, 0.6799557517006445]",1,-1
46315,[0.22961288 0.19525197],1,2,"[0.294379027732062, 0.1921773781634303]",0,0
46316,[0.25367578 0.24012324],1,2,"[0.294379027732062, 0.1921773781634303]",0,0
46317,[0.32743786 0.13253516],1,2,"[0.294379027732062, 0.1921773781634303]",0,0
46318,[0.35201778 0.16617775],1,2,"[0.294379027732062, 0.1921773781634303]",0,0
46319,[0.43805012 0.63329342],0,-1,-1,1,-1
46320,[0.44181535 0.52269254],0,-1,-1,1,-1
46321,[0.7597451  0.70773136],2,0,"[0.7890750777399501, 0.6799557517006445]",1,-1
46322,[0.2003162  0.18728139],1,-1,-1,0,0
46323,[0.38214947 0.58484048],0,1,"[0.37965276877051146, 0.575157747726818]",1,-1
46324,[0.6134688  0.57371382],3,3,"[0.6601234827680622, 0.6109507568947781]",1,-1
46325,[0.43010915 0.53553333],0,1,"[0.37965276877051146, 0.575157747726818]",1,-1
46326,[0.78404177 0.62417303],2,0,"[0.7890750777399501, 0.6799557517006445]",1,-1
46327,[0.83283155 0.61311444],2,-1,-1,1,-1
46328,[0.39667111 0.14913677],1,-1,-1,0,0
46329,[0.36599187 0.48171204],0,-1,-1,1,-1
46330,[0.49118604 0.57670362],0,-1,-1,1,-1
46331,[0.68035861 0.59516135],3,3,"[0.6601234827680622, 0.6109507568947781]",1,-1
46332,[0.39821799 0.60101167],0,1,"[0.37965276877051146, 0.575157747726818]",1,-1
46333,[0.23312963 0.21405055],1,2,"[0.294379027732062, 0.1921773781634303]",0,0
46334,[0.36070902 0.20332702],1,2,"[0.294379027732062, 0.1921773781634303]",0,0
46335,[0.18571078 0.32170382],1,-1,-1,0,-1
46336,[0.42542199 0.67581634],0,-1,-1,1,-1
46337,[0.36678955 0.61208541],0,1,"[0.37965276877051146, 0.575157747726818]",1,-1
46338,[0.24207942 0.19149929],1,2,"[0.294379027732062, 0.1921773781634303]",0,0
46339,[0.79860362 0.64599765],2,0,"[0.7890750777399501, 0.6799557517006445]",1,-1
46340,[0.31686669 0.14603657],1,2,"[0.294379027732062, 0.1921773781634303]",0,0
46341,[0.74002477 0.60295984],2,-1,-1,1,-1
46342,[0.3160261  0.61739535],0,-1,-1,1,-1
46343,[0.38388686 0.62100629],0,1,"[0.37965276877051146, 0.575157747726818]",1,-1
46344,[0.6988606  0.63890718],2,3,"[0.6601234827680622, 0.6109507568947781]",1,-1
46345,[0.38526829 0.225242  ],1,-1,-1,0,0
46346,[0.31019154 0.11150376],1,-1,-1,0,0
46347,[0.7024613  0.64799871],3,3,"[0.6601234827680622, 0.6109507568947781]",1,-1
46348,[0.7565902  0.78662693],2,-1,-1,1,-1
46349,[0.83430743 0.76009747],2,-1,-1,1,-1
46350,[0.69553516 0.6570674 ],3,3,"[0.6601234827680622, 0.6109507568947781]",1,-1
46351,[0.79095986 0.69919869],2,0,"[0.7890750777399501, 0.6799557517006445]",1,-1
46352,[0.60185451 0.59024283],3,3,"[0.6601234827680622, 0.6109507568947781]",1,-1
46353,[0.73172325 0.62380733],3,-1,-1,1,-1
46354,[0.75926616 0.74368545],2,-1,-1,1,-1
46355,[0.59142704 0.68909283],3,-1,-1,1,-1
46356,[0.39293041 0.45394539],0,-1,-1,1,-1
46357,[0.33596735 0.21169607],1,2,"[0.294379027732062, 0.1921773781634303]",0,0
46358,[0.84596594 0.69736841],2,0,"[0.7890750777399501, 0.6799557517006445]",1,-1
46359,[0.6990066  0.68950281],2,-1,-1,1,-1
46360,[0.67390036 0.48530442],3,-1,-1,1,-1
46361,[0.32764457 0.23931126],1,2,"[0.294379027732062, 0.1921773781634303]",0,0
46362,[0.41215532 0.57813911],0,1,"[0.37965276877051146, 0.575157747726818]",1,2
46363,[0.24005667 0.20298721],1,2,"[0.294379027732062, 0.1921773781634303]",0,0
46364,[0.42307422 0.6747093 ],0,-1,-1,1,-1
46365,[0.39397325 0.56244123],0,1,"[0.37965276877051146, 0.575157747726818]",1,-1
46366,[0.32661059 0.52878305],0,-1,-1,1,-1
46367,[0.80159789 0.73269888],2,0,"[0.7890750777399501, 0.6799557517006445]",1,-1
46368,[0.40395158 0.61083115],0,1,"[0.37965276877051146, 0.575157747726818]",1,-1
46369,[0.66658531 0.67205555],3,3,"[0.6601234827680622, 0.6109507568947781]",1,-1
46370,[0.55012037 0.61892118],3,-1,-1,1,-1
46371,[0.32794706 0.5540871 ],0,1,"[0.37965276877051146, 0.575157747726818]",1,-1
46372,[0.696006   0.50063686],3,-1,-1,1,-1
46373,[0.33424068 0.18319904],1,2,"[0.294379027732062, 0.1921773781634303]",0,0
46374,[0.24442466 0.19410264],1,2,"[0.294379027732062, 0.1921773781634303]",0,0
46375,[0.74348978 0.7141214 ],2,0,"[0.7890750777399501, 0.6799557517006445]",1,-1
46376,[0.76600424 0.67542831],2,0,"[0.7890750777399501, 0.6799557517006445]",1,-1
46377,[0.78416021 0.55594371],2,-1,-1,1,-1
46378,[0.4310078  0.28725865],1,-1,-1,0,0
46379,[0.81027382 0.63895871],2,0,"[0.7890750777399501, 0.6799557517006445]",1,-1
46380,[0.80067761 0.61683116],2,0,"[0.7890750777399501, 0.6799557517006445]",1,-1
46381,[0.25191452 0.24679818],1,2,"[0.294379027732062, 0.1921773781634303]",0,0
46382,[0.68434651 0.6044337 ],3,3,"[0.6601234827680622, 0.6109507568947781]",1,5
46383,[0.70829036 0.60609545],3,3,"[0.6601234827680622, 0.6109507568947781]",1,-1
46384,[0.31780851 0.55629401],0,1,"[0.37965276877051146, 0.575157747726818]",1,-1
46385,[0.78168663 0.65354276],2,0,"[0.7890750777399501, 0.6799557517006445]",1,-1
46386,[0.32557642 0.57245595],0,1,"[0.37965276877051146, 0.575157747726818]",1,-1
46387,[0.42461836 0.51534621],0,-1,-1,1,-1
46388,[0.57724433 0.55051128],3,-1,-1,1,-1
46389,[0.36619848 0.58244734],0,1,"[0.37965276877051146, 0.575157747726818]",1,-1
46390,[0.7741701  0.76100325],2,-1,-1,1,-1
46391,[0.65775505 0.55996477],3,3,"[0.6601234827680622, 0.6109507568947781]",1,-1
46392,[0.65666748 0.58413533],3,3,"[0.6601234827680622, 0.6109507568947781]",1,-1
46393,[0.30396659 0.12147012],1,-1,-1,0,0
46394,[0.63760829 0.64623643],3,3,"[0.6601234827680622, 0.6109507568947781]",1,-1
46395,[0.86493706 0.64115198],2,-1,-1,1,-1
46396,[0.78954043 0.69236178],2,0,"[0.7890750777399501, 0.6799557517006445]",1,-1
46397,[0.80193296 0.63459933],2,0,"[0.7890750777399501, 0.6799557517006445]",1,-1
46398,[0.3677784  0.59169126],0,1,"[0.37965276877051146, 0.575157747726818]",1,-1
46399,[0.35609182 0.28208199],1,-1,-1,0,0
46400,[0.63613937 0.57764312],3,3,"[0.6601234827680622, 0.6109507568947781]",1,-1
46401,[0.78638633 0.64574326],2,0,"[0.7890750777399501, 0.6799557517006445]",1,-1
46402,[0.81326051 0.57918359],2,-1,-1,1,-1
46403,[0.58564455 0.62088524],3,-1,-1,1,-1
46404,[0.36906805 0.58106563],0,1,"[0.37965276877051146, 0.575157747726818]",1,-1
46405,[0.70418425 0.67208074],2,-1,-1,1,-1
46406,[0.75570915 0.69751518],2,0,"[0.7890750777399501, 0.6799557517006445]",1,-1
46407,[0.39113132 0.55329163],0,1,"[0.37965276877051146, 0.575157747726818]",1,-1
46408,[0.75374557 0.53840789],3,-1,-1,1,-1
46409,[0.76253596 0.61342253],2,-1,-1,1,-1
46410,[0.66267796 0.60177796],3,3,"[0.6601234827680622, 0.6109507568947781]",1,-1
46411,[0.79273663 0.60921463],2,-1,-1,1,-1
46412,[0.81810163 0.72032214],2,0,"[0.7890750777399501, 0.6799557517006445]",1,-1
46413,[0.2258468  0.14427564],1,-1,-1,0,0
46414,[0.76387394 0.70070421],2,0,"[0.7890750777399501, 0.6799557517006445]",1,-1
46415,[0.76206309 0.65065724],2,0,"[0.7890750777399501, 0.6799557517006445]",1,-1
46416,[0.80476461 0.69442331],2,0,"[0.7890750777399501, 0.6799557517006445]",1,-1
46417,[0.68720613 0.58928003],3,3,"[0.6601234827680622, 0.6109507568947781]",1,-1
46418,[0.19686822 0.30192216],1,-1,-1,0,0
46419,[0.66065593 0.58787244],3,3,"[0.6601234827680622, 0.6109507568947781]",1,-1
46420,[0.83989507 0.65404793],2,0,"[0.7890750777399501, 0.6799557517006445]",1,-1
46421,[0.74444477 0.71447063],2,0,"[0.7890750777399501, 0.6799557517006445]",1,-1
46422,[0.42183126 0.55755586],0,1,"[0.37965276877051146, 0.575157747726818]",1,-1
46423,[0.76536602 0.70655109],3,0,"[0.7890750777399501, 0.6799557517006445]",1,-1
46424,[0.73284397 0.52829228],3,-1,-1,1,-1
46425,[0.67691886 0.5840906 ],3,3,"[0.6601234827680622, 0.6109507568947781]",1,-1
46426,[0.2539475  0.22088916],1,2,"[0.294379027732062, 0.1921773781634303]",0,0
46427,[0.72705003 0.6740203 ],2,0,"[0.7890750777399501, 0.6799557517006445]",1,-1
46428,[0.70499004 0.69309823],2,-1,-1,1,-1
46429,[0.60885476 0.60112509],3,3,"[0.6601234827680622, 0.6109507568947781]",1,-1
46430,[0.35678506 0.13763279],1,-1,-1,0,0
46431,[0.78627134 0.59049142],2,-1,-1,1,-1
46432,[0.48236268 0.6061539 ],0,-1,-1,1,-1
46433,[0.23647245 0.21615831],1,2,"[0.294379027732062, 0.1921773781634303]",0,0
46434,[0.76386532 0.68098848],2,0,"[0.7890750777399501, 0.6799557517006445]",1,4
46435,[0.6236228  0.67820198],3,-1,-1,1,-1
46436,[0.70647147 0.69255396],2,-1,-1,1,-1
46437,[0.33638881 0.15717533],1,2,"[0.294379027732062, 0.1921773781634303]",0,0
46438,[0.40459257 0.56450331],0,1,"[0.37965276877051146, 0.575157747726818]",1,2
46439,[0.74406156 0.75834291],2,-1,-1,1,-1
46440,[0.73343352 0.69926886],2,0,"[0.7890750777399501, 0.6799557517006445]",1,-1
46441,[0.72246966 0.614046  ],3,3,"[0.6601234827680622, 0.6109507568947781]",1,-1
46442,[0.41732416 0.59557263],0,1,"[0.37965276877051146, 0.575157747726818]",1,-1
46443,[0.74964817 0.66389038],2,0,"[0.7890750777399501, 0.6799557517006445]",1,-1
46444,[0.8082045  0.73471953],2,0,"[0.7890750777399501, 0.6799557517006445]",1,-1
46445,[0.6560131  0.65978838],3,3,"[0.6601234827680622, 0.6109507568947781]",1,-1
46446,[0.59908439 0.70182323],3,-1,-1,1,-1
46447,[0.32383312 0.1676132 ],1,2,"[0.294379027732062, 0.1921773781634303]",0,0
46448,[0.73156598 0.64048716],2,0,"[0.7890750777399501, 0.6799557517006445]",1,-1
46449,[0.64422771 0.68171444],3,-1,-1,1,-1
46450,[0.64082122 0.62088726],3,3,"[0.6601234827680622, 0.6109507568947781]",1,-1
46451,[0.81108946 0.65652053],2,0,"[0.7890750777399501, 0.6799557517006445]",1,-1
46452,[0.32411325 0.60834052],0,1,"[0.37965276877051146, 0.575157747726818]",1,-1
46453,[0.27652108 0.25284817],1,2,"[0.294379027732062, 0.1921773781634303]",0,0
46454,[0.63368378 0.60458654],3,3,"[0.6601234827680622, 0.6109507568947781]",1,-1
46455,[0.47311588 0.61801013],0,-1,-1,1,-1
46456,[0.4756152  0.67000222],0,-1,-1,1,-1
46457,[0.66066944 0.58167794],3,3,"[0.6601234827680622, 0.6109507568947781]",1,-1
46458,[0.31489343 0.17919254],1,2,"[0.294379027732062, 0.1921773781634303]",0,0
46459,[0.40885361 0.6218615 ],0,1,"[0.37965276877051146, 0.575157747726818]",1,-1
46460,[0.3144428  0.22376676],1,2,"[0.294379027732062, 0.1921773781634303]",0,0
46461,[0.81287028 0.75091239],2,-1,-1,1,-1
46462,[0.61706944 0.63295866],3,3,"[0.6601234827680622, 0.6109507568947781]",1,-1
46463,[0.20742705 0.18267428],1,-1,-1,0,0
46464,[0.7463608 0.6523994],2,0,"[0.7890750777399501, 0.6799557517006445]",1,-1
46465,[0.66305669 0.53451557],3,-1,-1,1,-1
46466,[0.3083917 0.3127035],1,-1,-1,0,0
46467,[0.34289049 0.58083852],0,1,"[0.37965276877051146, 0.575157747726818]",1,-1
46468,[0.59902161 0.681657  ],3,-1,-1,1,-1
46469,[0.36493456 0.5692871 ],0,1,"[0.37965276877051146, 0.575157747726818]",1,-1
46470,[0.33063742 0.18261768],1,2,"[0.294379027732062, 0.1921773781634303]",0,0
46471,[0.28557242 0.15329177],1,2,"[0.294379027732062, 0.1921773781634303]",0,0
46472,[0.51227892 0.6891911 ],3,-1,-1,1,-1
46473,[0.39051441 0.50942277],0,1,"[0.37965276877051146, 0.575157747726818]",1,-1
46474,[0.29213158 0.17266332],1,2,"[0.294379027732062, 0.1921773781634303]",0,0
46475,[0.65452687 0.59710091],3,3,"[0.6601234827680622, 0.6109507568947781]",1,-1
46476,[0.27540732 0.17514058],1,2,"[0.294379027732062, 0.1921773781634303]",0,0
46477,[0.78132737 0.63005018],2,0,"[0.7890750777399501, 0.6799557517006445]",1,-1
46478,[0.43322737 0.5396426 ],0,1,"[0.37965276877051146, 0.575157747726818]",1,-1
46479,[0.73257338 0.57917317],3,-1,-1,1,-1
46480,[0.60621231 0.64953708],3,3,"[0.6601234827680622, 0.6109507568947781]",1,-1
46481,[0.8002829  0.69987073],2,0,"[0.7890750777399501, 0.6799557517006445]",1,-1
46482,[0.6550958  0.58588319],3,3,"[0.6601234827680622, 0.6109507568947781]",1,-1
46483,[0.60236268 0.67400925],3,-1,-1,1,-1
46484,[0.371575   0.56666826],0,1,"[0.37965276877051146, 0.575157747726818]",1,1
46485,[0.78192106 0.63012273],2,0,"[0.7890750777399501, 0.6799557517006445]",1,-1
46486,[0.37004289 0.57167934],0,1,"[0.37965276877051146, 0.575157747726818]",1,1
46487,[0.28903836 0.18141776],1,2,"[0.294379027732062, 0.1921773781634303]",0,0
46488,[0.33386086 0.47589894],0,-1,-1,1,-1
46489,[0.67381059 0.65456982],3,3,"[0.6601234827680622, 0.6109507568947781]",1,-1
46490,[0.64921551 0.52250012],3,-1,-1,1,-1
46491,[0.3484853  0.46068584],0,-1,-1,1,-1
46492,[0.71052896 0.63672437],2,3,"[0.6601234827680622, 0.6109507568947781]",1,-1
46493,[0.31515039 0.14159979],1,2,"[0.294379027732062, 0.1921773781634303]",0,0
46494,[0.66042182 0.64115605],3,3,"[0.6601234827680622, 0.6109507568947781]",1,-1
46495,[0.73447003 0.64232901],2,0,"[0.7890750777399501, 0.6799557517006445]",1,-1
46496,[0.3595769  0.49061016],0,-1,-1,1,-1
46497,[0.62847853 0.61422836],3,3,"[0.6601234827680622, 0.6109507568947781]",1,-1
46498,[0.70332479 0.63865163],2,3,"[0.6601234827680622, 0.6109507568947781]",1,-1
46499,[0.84288911 0.65255668],2,0,"[0.7890750777399501, 0.6799557517006445]",1,-1
46500,[0.7811001  0.71570642],2,0,"[0.7890750777399501, 0.6799557517006445]",1,-1
46501,[0.76059918 0.69227598],3,0,"[0.7890750777399501, 0.6799557517006445]",1,-1
46502,[0.30025547 0.15455963],1,2,"[0.294379027732062, 0.1921773781634303]",0,0
46503,[0.44745426 0.56925628],0,1,"[0.37965276877051146, 0.575157747726818]",1,-1
46504,[0.66958145 0.58830985],3,3,"[0.6601234827680622, 0.6109507568947781]",1,-1
46505,[0.23939705 0.09796151],1,-1,-1,0,0
46506,[0.41868958 0.22893717],1,-1,-1,0,0
46507,[0.72219035 0.6130111 ],3,3,"[0.6601234827680622, 0.6109507568947781]",1,-1
46508,[0.38166806 0.54583049],0,1,"[0.37965276877051146, 0.575157747726818]",1,-1
46509,[0.30766946 0.17624488],1,2,"[0.294379027732062, 0.1921773781634303]",0,0
46510,[0.39923648 0.50733367],0,-1,-1,1,-1
46511,[0.69332694 0.6513689 ],3,3,"[0.6601234827680622, 0.6109507568947781]",1,-1
46512,[0.27886273 0.24996478],1,2,"[0.294379027732062, 0.1921773781634303]",0,0
46513,[0.75520177 0.62020222],2,0,"[0.7890750777399501, 0.6799557517006445]",1,-1
46514,[0.42126964 0.58981978],0,1,"[0.37965276877051146, 0.575157747726818]",1,-1
46515,[0.35210627 0.55750393],0,1,"[0.37965276877051146, 0.575157747726818]",1,-1
46516,[0.62533871 0.63143906],3,3,"[0.6601234827680622, 0.6109507568947781]",1,-1
46517,[0.28248027 0.24165229],1,2,"[0.294379027732062, 0.1921773781634303]",0,0
46518,[0.75920888 0.69452647],2,0,"[0.7890750777399501, 0.6799557517006445]",1,-1
46519,[0.40290814 0.55747607],0,1,"[0.37965276877051146, 0.575157747726818]",1,-1
46520,[0.84319419 0.61484958],2,-1,-1,1,-1
46521,[0.34690269 0.59977146],0,1,"[0.37965276877051146, 0.575157747726818]",1,-1
46522,[0.77380337 0.66235026],2,0,"[0.7890750777399501, 0.6799557517006445]",1,-1
46523,[0.30071984 0.10164682],1,-1,-1,0,0
46524,[0.40742333 0.49251349],0,-1,-1,1,-1
46525,[0.86050255 0.78518911],2,-1,-1,1,-1
46526,[0.39242141 0.56392153],0,1,"[0.37965276877051146, 0.575157747726818]",1,-1
46527,[0.30045846 0.22016096],1,2,"[0.294379027732062, 0.1921773781634303]",0,0
46528,[0.34171856 0.4869888 ],0,-1,-1,1,-1
46529,[0.82822269 0.59036401],2,-1,-1,1,-1
46530,[0.37864343 0.12290178],1,-1,-1,0,0
46531,[0.82223597 0.71275004],2,0,"[0.7890750777399501, 0.6799557517006445]",1,-1
46532,[0.83282273 0.80681702],2,-1,-1,1,-1
46533,[0.69421668 0.62355184],3,3,"[0.6601234827680622, 0.6109507568947781]",1,7
46534,[0.62946048 0.58227948],3,3,"[0.6601234827680622, 0.6109507568947781]",1,-1
46535,[0.40507734 0.56832003],0,1,"[0.37965276877051146, 0.575157747726818]",1,2
46536,[0.39547047 0.55435662],0,1,"[0.37965276877051146, 0.575157747726818]",1,-1
46537,[0.85109635 0.57120123],2,-1,-1,1,-1
46538,[0.59710338 0.58588959],3,3,"[0.6601234827680622, 0.6109507568947781]",1,-1
46539,[0.7980072  0.64100872],2,0,"[0.7890750777399501, 0.6799557517006445]",1,-1
46540,[0.24421737 0.15086917],1,2,"[0.294379027732062, 0.1921773781634303]",0,0
46541,[0.21761298 0.21854796],1,-1,-1,0,0
46542,[0.57444374 0.62661959],3,-1,-1,1,-1
46543,[0.32836777 0.17009103],1,2,"[0.294379027732062, 0.1921773781634303]",0,0
46544,[0.28619882 0.57376162],0,-1,-1,1,-1
46545,[0.76902019 0.5229765 ],3,-1,-1,1,-1
46546,[0.41190143 0.542913  ],0,1,"[0.37965276877051146, 0.575157747726818]",1,-1
46547,[0.18929207 0.19204465],1,-1,-1,0,0
46548,[0.39280913 0.52933762],0,1,"[0.37965276877051146, 0.575157747726818]",1,-1
46549,[0.38827564 0.4974989 ],0,-1,-1,1,-1
46550,[0.77078021 0.61066746],2,-1,-1,1,-1
46551,[0.84112285 0.63729532],2,0,"[0.7890750777399501, 0.6799557517006445]",1,-1
46552,[0.27292087 0.14284431],1,2,"[0.294379027732062, 0.1921773781634303]",0,0
46553,[0.66452999 0.64545984],3,3,"[0.6601234827680622, 0.6109507568947781]",1,-1
46554,[0.34887238 0.57179076],0,1,"[0.37965276877051146, 0.575157747726818]",1,-1
46555,[0.35813398 0.29538098],1,-1,-1,0,0
46556,[0.83142269 0.71168355],2,0,"[0.7890750777399501, 0.6799557517006445]",1,-1
46557,[0.42070658 0.62471861],0,1,"[0.37965276877051146, 0.575157747726818]",1,-1
46558,[0.66708551 0.73004566],3,-1,-1,1,-1
46559,[0.73071687 0.61409937],2,-1,-1,1,-1
46560,[0.42032946 0.58858589],0,1,"[0.37965276877051146, 0.575157747726818]",1,-1
46561,[0.83317132 0.64756096],2,0,"[0.7890750777399501, 0.6799557517006445]",1,-1
46562,[0.68708361 0.62921986],3,3,"[0.6601234827680622, 0.6109507568947781]",1,7
46563,[0.86986344 0.7090695 ],2,-1,-1,1,-1
46564,[0.68347444 0.65839616],3,3,"[0.6601234827680622, 0.6109507568947781]",1,-1
46565,[0.84983439 0.70732567],2,0,"[0.7890750777399501, 0.6799557517006445]",1,-1
46566,[0.39207305 0.58813949],0,1,"[0.37965276877051146, 0.575157747726818]",1,-1
46567,[0.84739994 0.656286  ],2,0,"[0.7890750777399501, 0.6799557517006445]",1,-1
46568,[0.42009555 0.18565484],1,-1,-1,0,0
46569,[0.33109179 0.59763219],0,1,"[0.37965276877051146, 0.575157747726818]",1,-1
46570,[0.63139775 0.6265404 ],3,3,"[0.6601234827680622, 0.6109507568947781]",1,-1
46571,[0.30825557 0.23878225],1,2,"[0.294379027732062, 0.1921773781634303]",0,0
46572,[0.34076378 0.57770754],0,1,"[0.37965276877051146, 0.575157747726818]",1,-1
46573,[0.2519551  0.63948933],0,-1,-1,1,-1
46574,[0.81212148 0.60159617],2,-1,-1,1,-1
46575,[0.39756424 0.63107826],0,1,"[0.37965276877051146, 0.575157747726818]",1,-1
46576,[0.62357459 0.56979488],3,3,"[0.6601234827680622, 0.6109507568947781]",1,-1
46577,[0.34571257 0.13308022],1,-1,-1,0,0
46578,[0.67715744 0.65753959],3,3,"[0.6601234827680622, 0.6109507568947781]",1,-1
46579,[0.39976846 0.6276752 ],0,1,"[0.37965276877051146, 0.575157747726818]",1,-1
46580,[0.38232211 0.61301869],0,1,"[0.37965276877051146, 0.575157747726818]",1,-1
46581,[0.31528483 0.48245607],0,-1,-1,1,-1
46582,[0.61445539 0.54247103],3,-1,-1,1,-1
46583,[0.62475392 0.69473014],3,-1,-1,1,-1
46584,[0.80201639 0.71090559],2,0,"[0.7890750777399501, 0.6799557517006445]",1,-1
46585,[0.68255066 0.64562391],3,3,"[0.6601234827680622, 0.6109507568947781]",1,-1
46586,[0.73565572 0.67707958],3,0,"[0.7890750777399501, 0.6799557517006445]",1,-1
46587,[0.21319082 0.19098654],1,-1,-1,0,0
46588,[0.33374678 0.21284338],1,2,"[0.294379027732062, 0.1921773781634303]",0,0
46589,[0.71632332 0.66185706],3,-1,-1,1,-1
46590,[0.26402035 0.25374185],1,2,"[0.294379027732062, 0.1921773781634303]",0,0
46591,[0.75096553 0.69664645],2,0,"[0.7890750777399501, 0.6799557517006445]",1,-1
46592,[0.34225888 0.6796017 ],0,-1,-1,1,-1
46593,[0.51213552 0.50726498],0,-1,-1,1,-1
46594,[0.44213406 0.47666255],0,-1,-1,1,-1
46595,[0.34623578 0.13677404],1,-1,-1,0,0
46596,[0.80439074 0.68177404],2,0,"[0.7890750777399501, 0.6799557517006445]",1,-1
46597,[0.70995615 0.61660969],3,3,"[0.6601234827680622, 0.6109507568947781]",1,-1
46598,[0.8318173  0.66451726],2,0,"[0.7890750777399501, 0.6799557517006445]",1,-1
46599,[0.76778177 0.76152843],2,-1,-1,1,-1
46600,[0.35118993 0.52914843],0,1,"[0.37965276877051146, 0.575157747726818]",1,-1
46601,[0.41564738 0.58083996],0,1,"[0.37965276877051146, 0.575157747726818]",1,-1
46602,[0.3864476 0.5312258],0,1,"[0.37965276877051146, 0.575157747726818]",1,-1
46603,[0.65280843 0.62786996],3,3,"[0.6601234827680622, 0.6109507568947781]",1,-1
46604,[0.58799196 0.57713469],3,-1,-1,1,-1
46605,[0.45211731 0.56302769],0,-1,-1,1,-1
46606,[0.78934199 0.6315062 ],2,0,"[0.7890750777399501, 0.6799557517006445]",1,-1
46607,[0.81083285 0.62542432],2,0,"[0.7890750777399501, 0.6799557517006445]",1,-1
46608,[0.32009851 0.17857997],1,2,"[0.294379027732062, 0.1921773781634303]",0,0
46609,[0.43112196 0.62954716],0,-1,-1,1,-1
46610,[0.7390152  0.66891194],2,0,"[0.7890750777399501, 0.6799557517006445]",1,-1
46611,[0.71992298 0.66276591],2,-1,-1,1,-1
46612,[0.33560681 0.15969363],1,2,"[0.294379027732062, 0.1921773781634303]",0,0
46613,[0.29701532 0.14785882],1,2,"[0.294379027732062, 0.1921773781634303]",0,0
46614,[0.20099681 0.19438842],1,-1,-1,0,0
46615,[0.29263759 0.23276933],1,2,"[0.294379027732062, 0.1921773781634303]",0,0
46616,[0.3828673  0.47997295],0,-1,-1,1,-1
46617,[0.28557466 0.18391626],1,2,"[0.294379027732062, 0.1921773781634303]",0,0
46618,[0.380328  0.5703148],0,1,"[0.37965276877051146, 0.575157747726818]",1,1
46619,[0.41826507 0.4531359 ],0,-1,-1,1,-1
46620,[0.76344851 0.64803336],2,0,"[0.7890750777399501, 0.6799557517006445]",1,-1
46621,[0.30067265 0.20129612],1,2,"[0.294379027732062, 0.1921773781634303]",0,0
46622,[0.30194466 0.530798  ],0,-1,-1,1,-1
46623,[0.4124132  0.53273844],0,1,"[0.37965276877051146, 0.575157747726818]",1,-1
46624,[0.26790553 0.15981636],1,2,"[0.294379027732062, 0.1921773781634303]",0,0
46625,[0.60252344 0.60017747],2,3,"[0.6601234827680622, 0.6109507568947781]",1,-1
46626,[0.83904663 0.7020271 ],2,0,"[0.7890750777399501, 0.6799557517006445]",1,-1
46627,[0.73769186 0.65526292],2,0,"[0.7890750777399501, 0.6799557517006445]",1,-1
46628,[0.77708227 0.68812392],2,0,"[0.7890750777399501, 0.6799557517006445]",1,-1
46629,[0.22888283 0.11810888],1,-1,-1,0,0
46630,[0.43306221 0.62236916],0,-1,-1,1,-1
46631,[0.6314664  0.61058857],3,3,"[0.6601234827680622, 0.6109507568947781]",1,-1
46632,[0.24427122 0.50440457],0,-1,-1,1,-1
46633,[0.76683526 0.70151178],2,0,"[0.7890750777399501, 0.6799557517006445]",1,-1
46634,[0.73205462 0.6282225 ],3,-1,-1,1,-1
46635,[0.35356667 0.60721293],0,1,"[0.37965276877051146, 0.575157747726818]",1,-1
46636,[0.2990322  0.26439209],1,-1,-1,0,0
46637,[0.32140725 0.24640306],1,2,"[0.294379027732062, 0.1921773781634303]",0,0
46638,[0.85426211 0.74165588],2,-1,-1,1,-1
46639,[0.4039767  0.59106978],0,1,"[0.37965276877051146, 0.575157747726818]",1,-1
46640,[0.69513615 0.69418559],3,-1,-1,1,-1
46641,[0.77237118 0.56995893],2,-1,-1,1,-1
46642,[0.40944454 0.59042414],0,1,"[0.37965276877051146, 0.575157747726818]",1,-1
46643,[0.46963612 0.57912971],0,-1,-1,1,-1
46644,[0.84066751 0.68761794],2,0,"[0.7890750777399501, 0.6799557517006445]",1,-1
46645,[0.70181579 0.59023083],2,3,"[0.6601234827680622, 0.6109507568947781]",1,-1
46646,[0.68454588 0.62566452],3,3,"[0.6601234827680622, 0.6109507568947781]",1,7
46647,[0.2747225  0.25813153],1,2,"[0.294379027732062, 0.1921773781634303]",0,0
46648,[0.35544038 0.58230306],0,1,"[0.37965276877051146, 0.575157747726818]",1,-1
46649,[0.36017781 0.25265847],1,-1,-1,0,0
46650,[0.33128369 0.19982955],1,2,"[0.294379027732062, 0.1921773781634303]",0,0
46651,[0.72945734 0.51336457],3,-1,-1,1,-1
46652,[0.42721509 0.58415697],0,1,"[0.37965276877051146, 0.575157747726818]",1,-1
46653,[0.7296193  0.73398777],2,-1,-1,1,-1
46654,[0.36667459 0.51313207],0,1,"[0.37965276877051146, 0.575157747726818]",1,-1
46655,[0.28796942 0.12110861],1,-1,-1,0,0
46656,[0.66726795 0.57009488],3,3,"[0.6601234827680622, 0.6109507568947781]",1,-1
46657,[0.2106326  0.13570707],1,-1,-1,0,0
46658,[0.65785064 0.57351835],3,3,"[0.6601234827680622, 0.6109507568947781]",1,-1
46659,[0.62989579 0.63442759],3,3,"[0.6601234827680622, 0.6109507568947781]",1,-1
46660,[0.66937227 0.65267455],3,3,"[0.6601234827680622, 0.6109507568947781]",1,-1
46661,[0.26084436 0.23828568],1,2,"[0.294379027732062, 0.1921773781634303]",0,0
46662,[0.6973897 0.671536 ],3,-1,-1,1,-1
46663,[0.6464907  0.61527031],3,3,"[0.6601234827680622, 0.6109507568947781]",1,6
46664,[0.37825449 0.61225676],0,1,"[0.37965276877051146, 0.575157747726818]",1,-1
46665,[0.70841917 0.58467641],3,3,"[0.6601234827680622, 0.6109507568947781]",1,-1
46666,[0.35811322 0.6068117 ],0,1,"[0.37965276877051146, 0.575157747726818]",1,-1
46667,[0.59234758 0.59533376],3,3,"[0.6601234827680622, 0.6109507568947781]",1,-1
46668,[0.38314325 0.64082004],0,1,"[0.37965276877051146, 0.575157747726818]",1,-1
46669,[0.54331368 0.52175342],0,-1,-1,1,-1
46670,[0.3565554  0.58645356],0,1,"[0.37965276877051146, 0.575157747726818]",1,-1
46671,[0.65337069 0.66454543],3,3,"[0.6601234827680622, 0.6109507568947781]",1,-1
46672,[0.73746375 0.72637419],2,0,"[0.7890750777399501, 0.6799557517006445]",1,-1
46673,[0.35826197 0.58051343],0,1,"[0.37965276877051146, 0.575157747726818]",1,-1
46674,[0.83029627 0.66838385],2,0,"[0.7890750777399501, 0.6799557517006445]",1,-1
46675,[0.292361   0.52468562],0,-1,-1,1,-1
46676,[0.32792227 0.17518092],1,2,"[0.294379027732062, 0.1921773781634303]",0,0
46677,[0.73102303 0.63006105],2,-1,-1,1,-1
46678,[0.33775101 0.20145156],1,2,"[0.294379027732062, 0.1921773781634303]",0,0
46679,[0.82010316 0.70926928],2,0,"[0.7890750777399501, 0.6799557517006445]",1,-1
46680,[0.3537485  0.24108957],1,-1,-1,0,0
46681,[0.28393848 0.20555488],1,2,"[0.294379027732062, 0.1921773781634303]",0,0
46682,[0.2615852  0.53886241],0,-1,-1,1,-1
46683,[0.3710434  0.51278499],0,1,"[0.37965276877051146, 0.575157747726818]",1,-1
46684,[0.786912   0.60643194],2,-1,-1,1,-1
46685,[0.37921037 0.54005704],0,1,"[0.37965276877051146, 0.575157747726818]",1,-1
46686,[0.88167753 0.63121707],2,-1,-1,1,-1
46687,[0.21173547 0.17459491],1,-1,-1,0,0
46688,[0.67626954 0.60912464],3,3,"[0.6601234827680622, 0.6109507568947781]",1,-1
46689,[0.38365922 0.21691515],1,-1,-1,0,0
46690,[0.35627473 0.55673767],0,1,"[0.37965276877051146, 0.575157747726818]",1,-1
46691,[0.24781395 0.21671279],1,2,"[0.294379027732062, 0.1921773781634303]",0,0
46692,[0.37523825 0.58670921],0,1,"[0.37965276877051146, 0.575157747726818]",1,-1
46693,[0.30618159 0.16364901],1,2,"[0.294379027732062, 0.1921773781634303]",0,0
46694,[0.28780541 0.20528442],1,2,"[0.294379027732062, 0.1921773781634303]",0,0
46695,[0.74221474 0.69732816],2,0,"[0.7890750777399501, 0.6799557517006445]",1,-1
46696,[0.35361013 0.16737304],1,2,"[0.294379027732062, 0.1921773781634303]",0,0
46697,[0.66919489 0.54583532],3,3,"[0.6601234827680622, 0.6109507568947781]",1,-1
46698,[0.76903601 0.53346538],3,-1,-1,1,-1
46699,[0.40060465 0.67159585],0,-1,-1,1,-1
46700,[0.70871869 0.66644252],2,-1,-1,1,-1
46701,[0.3316913  0.62485822],0,1,"[0.37965276877051146, 0.575157747726818]",1,-1
46702,[0.82562399 0.74867933],2,-1,-1,1,-1
46703,[0.29049755 0.17509202],1,2,"[0.294379027732062, 0.1921773781634303]",0,0
46704,[0.28885133 0.14172963],1,2,"[0.294379027732062, 0.1921773781634303]",0,0
46705,[0.28647709 0.10817219],1,-1,-1,0,0
46706,[0.3196668  0.07846617],1,-1,-1,0,0
46707,[0.27871145 0.1887449 ],1,2,"[0.294379027732062, 0.1921773781634303]",0,0
46708,[0.69559355 0.6171803 ],3,3,"[0.6601234827680622, 0.6109507568947781]",1,-1
46709,[0.72478566 0.70498973],2,0,"[0.7890750777399501, 0.6799557517006445]",1,-1
46710,[0.38192275 0.57160981],0,1,"[0.37965276877051146, 0.575157747726818]",1,-1
46711,[0.63266931 0.57927984],3,3,"[0.6601234827680622, 0.6109507568947781]",1,-1
46712,[0.32363708 0.22644557],1,2,"[0.294379027732062, 0.1921773781634303]",0,0
46713,[0.89576096 0.64545845],2,-1,-1,1,-1
46714,[0.8738471  0.65916191],2,-1,-1,1,-1
46715,[0.66371668 0.56703689],3,3,"[0.6601234827680622, 0.6109507568947781]",1,-1
46716,[0.67960151 0.65277305],3,3,"[0.6601234827680622, 0.6109507568947781]",1,-1
46717,[0.31707028 0.14961014],1,2,"[0.294379027732062, 0.1921773781634303]",0,0
46718,[0.30089831 0.18971808],1,2,"[0.294379027732062, 0.1921773781634303]",0,0
46719,[0.7359466  0.74944911],2,-1,-1,1,-1
46720,[0.33418349 0.48049929],0,-1,-1,1,-1
46721,[0.39025314 0.54886893],0,1,"[0.37965276877051146, 0.575157747726818]",1,-1
46722,[0.66713804 0.63544155],3,3,"[0.6601234827680622, 0.6109507568947781]",1,7
46723,[0.65712271 0.5388879 ],3,-1,-1,1,-1
46724,[0.227987   0.16731895],1,-1,-1,0,0
46725,[0.78615319 0.6491678 ],2,0,"[0.7890750777399501, 0.6799557517006445]",1,-1
46726,[0.34393741 0.22765351],1,2,"[0.294379027732062, 0.1921773781634303]",0,0
46727,[0.44638461 0.56526002],0,1,"[0.37965276877051146, 0.575157747726818]",1,-1
46728,[0.7749946  0.69473979],2,0,"[0.7890750777399501, 0.6799557517006445]",1,-1
46729,[0.39258766 0.53962629],0,1,"[0.37965276877051146, 0.575157747726818]",1,-1
46730,[0.35234352 0.60844714],0,1,"[0.37965276877051146, 0.575157747726818]",1,-1
46731,[0.77259591 0.70979989],2,0,"[0.7890750777399501, 0.6799557517006445]",1,-1
46732,[0.73773532 0.73906839],2,-1,-1,1,-1
46733,[0.57516726 0.68968902],3,-1,-1,1,-1
46734,[0.29798618 0.18584999],1,2,"[0.294379027732062, 0.1921773781634303]",0,0
46735,[0.64889228 0.63705734],3,3,"[0.6601234827680622, 0.6109507568947781]",1,-1
46736,[0.87637686 0.612561  ],2,-1,-1,1,-1
46737,[0.79040332 0.6204768 ],2,0,"[0.7890750777399501, 0.6799557517006445]",1,-1
46738,[0.72597924 0.57365962],3,-1,-1,1,-1
46739,[0.67764022 0.6527912 ],3,3,"[0.6601234827680622, 0.6109507568947781]",1,-1
46740,[0.62763031 0.63930863],3,3,"[0.6601234827680622, 0.6109507568947781]",1,-1
46741,[0.3372298  0.11167948],1,-1,-1,0,0
46742,[0.75735292 0.5649385 ],3,-1,-1,1,-1
46743,[0.79439268 0.66900554],2,0,"[0.7890750777399501, 0.6799557517006445]",1,4
46744,[0.8035939  0.68576437],2,0,"[0.7890750777399501, 0.6799557517006445]",1,-1
46745,[0.74643032 0.65423165],3,0,"[0.7890750777399501, 0.6799557517006445]",1,-1
46746,[0.32628131 0.16679957],1,2,"[0.294379027732062, 0.1921773781634303]",0,0
46747,[0.59985853 0.5448663 ],3,-1,-1,1,-1
46748,[0.84715051 0.67633653],2,0,"[0.7890750777399501, 0.6799557517006445]",1,-1
46749,[0.78186849 0.72736616],2,0,"[0.7890750777399501, 0.6799557517006445]",1,-1
46750,[0.59513251 0.5843305 ],3,-1,-1,1,-1
46751,[0.23373784 0.18509045],1,2,"[0.294379027732062, 0.1921773781634303]",0,0
46752,[0.71675947 0.54506717],3,-1,-1,1,-1
46753,[0.23102325 0.21135437],1,2,"[0.294379027732062, 0.1921773781634303]",0,0
46754,[0.72317964 0.6463149 ],2,-1,-1,1,-1
46755,[0.27391724 0.08239737],1,-1,-1,0,0
46756,[0.26979597 0.54636019],0,-1,-1,1,-1
46757,[0.62243701 0.6329336 ],3,3,"[0.6601234827680622, 0.6109507568947781]",1,-1
46758,[0.82722469 0.63127955],2,0,"[0.7890750777399501, 0.6799557517006445]",1,-1
46759,[0.29054793 0.21581902],1,2,"[0.294379027732062, 0.1921773781634303]",0,0
46760,[0.66958776 0.57493891],3,3,"[0.6601234827680622, 0.6109507568947781]",1,-1
46761,[0.83178159 0.66279607],2,0,"[0.7890750777399501, 0.6799557517006445]",1,-1
46762,[0.34074172 0.47728121],0,-1,-1,1,-1
46763,[0.35377507 0.24190251],1,-1,-1,0,0
46764,[0.83160884 0.72706128],2,0,"[0.7890750777399501, 0.6799557517006445]",1,-1
46765,[0.2821282 0.2488058],1,2,"[0.294379027732062, 0.1921773781634303]",0,0
46766,[0.78293995 0.69233499],2,0,"[0.7890750777399501, 0.6799557517006445]",1,-1
46767,[0.27383601 0.23454704],1,2,"[0.294379027732062, 0.1921773781634303]",0,0
46768,[0.3887266 0.615183 ],0,1,"[0.37965276877051146, 0.575157747726818]",1,-1
46769,[0.61735392 0.6040741 ],3,3,"[0.6601234827680622, 0.6109507568947781]",1,-1
46770,[0.74259131 0.67684422],2,0,"[0.7890750777399501, 0.6799557517006445]",1,-1
46771,[0.3979146  0.60939732],0,1,"[0.37965276877051146, 0.575157747726818]",1,-1
46772,[0.65798106 0.59020015],3,3,"[0.6601234827680622, 0.6109507568947781]",1,-1
46773,[0.23928261 0.20002552],1,2,"[0.294379027732062, 0.1921773781634303]",0,0
46774,[0.6730278  0.60219039],3,3,"[0.6601234827680622, 0.6109507568947781]",1,-1
46775,[0.30306666 0.09538063],1,-1,-1,0,0
46776,[0.59507145 0.62840185],3,3,"[0.6601234827680622, 0.6109507568947781]",1,-1
46777,[0.65491926 0.67343892],3,3,"[0.6601234827680622, 0.6109507568947781]",1,-1
46778,[0.39478661 0.66106383],0,-1,-1,1,-1
46779,[0.3017174  0.62500669],0,-1,-1,1,-1
46780,[0.33910932 0.25579738],1,-1,-1,0,0
46781,[0.64099824 0.64605991],3,3,"[0.6601234827680622, 0.6109507568947781]",1,-1
46782,[0.69173725 0.60154134],3,3,"[0.6601234827680622, 0.6109507568947781]",1,-1
46783,[0.28617685 0.1690516 ],1,2,"[0.294379027732062, 0.1921773781634303]",0,0
46784,[0.40217895 0.60497778],0,1,"[0.37965276877051146, 0.575157747726818]",1,-1
46785,[0.34572375 0.5272971 ],0,1,"[0.37965276877051146, 0.575157747726818]",1,-1
46786,[0.27820813 0.20741883],1,2,"[0.294379027732062, 0.1921773781634303]",0,0
46787,[0.81681697 0.68847079],2,0,"[0.7890750777399501, 0.6799557517006445]",1,4
46788,[0.4212029  0.59888219],0,1,"[0.37965276877051146, 0.575157747726818]",1,-1
46789,[0.57853821 0.64096578],3,-1,-1,1,-1
46790,[0.32129659 0.21427203],1,2,"[0.294379027732062, 0.1921773781634303]",0,0
46791,[0.31688058 0.63884211],0,-1,-1,1,-1
46792,[0.74264939 0.72198423],2,0,"[0.7890750777399501, 0.6799557517006445]",1,-1
46793,[0.28894862 0.25942644],1,2,"[0.294379027732062, 0.1921773781634303]",0,0
46794,[0.75389383 0.67406504],2,0,"[0.7890750777399501, 0.6799557517006445]",1,-1
46795,[0.64200042 0.5761178 ],3,3,"[0.6601234827680622, 0.6109507568947781]",1,-1
46796,[0.45885399 0.56949415],0,-1,-1,1,-1
46797,[0.64159626 0.5863741 ],3,3,"[0.6601234827680622, 0.6109507568947781]",1,-1
46798,[0.2786525  0.18258783],1,2,"[0.294379027732062, 0.1921773781634303]",0,0
46799,[0.77219563 0.68765416],2,0,"[0.7890750777399501, 0.6799557517006445]",1,-1
46800,[0.69656237 0.68511321],3,-1,-1,1,-1
46801,[0.33189394 0.23146502],1,2,"[0.294379027732062, 0.1921773781634303]",0,0
46802,[0.76933813 0.78583682],2,-1,-1,1,-1
46803,[0.31862051 0.14398795],1,2,"[0.294379027732062, 0.1921773781634303]",0,0
46804,[0.70687077 0.76141243],2,-1,-1,1,-1
46805,[0.38795039 0.26469094],1,-1,-1,0,0
46806,[0.38249414 0.50310666],0,-1,-1,1,-1
46807,[0.25879863 0.14977146],1,2,"[0.294379027732062, 0.1921773781634303]",0,0
46808,[0.38483197 0.24267707],1,-1,-1,0,0
46809,[0.45188977 0.64040392],0,-1,-1,1,-1
46810,[0.44264363 0.55784077],0,1,"[0.37965276877051146, 0.575157747726818]",1,-1
46811,[0.35500637 0.19478897],1,2,"[0.294379027732062, 0.1921773781634303]",0,0
46812,[0.43020982 0.58206265],0,1,"[0.37965276877051146, 0.575157747726818]",1,-1
46813,[0.32989623 0.24078237],1,2,"[0.294379027732062, 0.1921773781634303]",0,0
46814,[0.82361813 0.63355795],2,0,"[0.7890750777399501, 0.6799557517006445]",1,-1
46815,[0.65455253 0.6461588 ],3,3,"[0.6601234827680622, 0.6109507568947781]",1,-1
46816,[0.33259329 0.62701378],0,-1,-1,1,-1
46817,[0.29164084 0.16465899],1,2,"[0.294379027732062, 0.1921773781634303]",0,0
46818,[0.65013063 0.65619739],3,3,"[0.6601234827680622, 0.6109507568947781]",1,-1
46819,[0.29291373 0.18865533],1,2,"[0.294379027732062, 0.1921773781634303]",0,0
46820,[0.79417584 0.70469776],2,0,"[0.7890750777399501, 0.6799557517006445]",1,-1
46821,[0.2503868  0.31477783],1,-1,-1,0,0
46822,[0.54925574 0.53585254],3,-1,-1,1,-1
46823,[0.22814643 0.23818841],1,-1,-1,0,0
46824,[0.66486115 0.64051595],3,3,"[0.6601234827680622, 0.6109507568947781]",1,-1
46825,[0.89297089 0.58697014],2,-1,-1,1,-1
46826,[0.71335773 0.6143072 ],3,3,"[0.6601234827680622, 0.6109507568947781]",1,-1
46827,[0.79052125 0.71257022],2,0,"[0.7890750777399501, 0.6799557517006445]",1,-1
46828,[0.29827447 0.16810574],1,2,"[0.294379027732062, 0.1921773781634303]",0,0
46829,[0.26140846 0.21511358],1,2,"[0.294379027732062, 0.1921773781634303]",0,0
46830,[0.79708518 0.62562762],2,0,"[0.7890750777399501, 0.6799557517006445]",1,-1
46831,[0.41837841 0.64820584],0,-1,-1,1,-1
46832,[0.27709834 0.17185163],1,2,"[0.294379027732062, 0.1921773781634303]",0,0
46833,[0.35380281 0.61977629],0,1,"[0.37965276877051146, 0.575157747726818]",1,-1
46834,[0.58528236 0.67220877],3,-1,-1,1,-1
46835,[0.73916276 0.68209997],2,0,"[0.7890750777399501, 0.6799557517006445]",1,-1
46836,[0.34782455 0.60230861],0,1,"[0.37965276877051146, 0.575157747726818]",1,-1
46837,[0.72539239 0.69477926],2,0,"[0.7890750777399501, 0.6799557517006445]",1,-1
46838,[0.77911333 0.67613116],2,0,"[0.7890750777399501, 0.6799557517006445]",1,4
46839,[0.71478863 0.62181127],3,3,"[0.6601234827680622, 0.6109507568947781]",1,-1
46840,[0.77958898 0.72738244],2,0,"[0.7890750777399501, 0.6799557517006445]",1,-1
46841,[0.69835694 0.7979596 ],2,-1,-1,1,-1
46842,[0.71836438 0.6041192 ],3,3,"[0.6601234827680622, 0.6109507568947781]",1,-1
46843,[0.72331008 0.56473429],3,-1,-1,1,-1
46844,[0.34312891 0.60243055],0,1,"[0.37965276877051146, 0.575157747726818]",1,-1
46845,[0.31552672 0.19657694],1,2,"[0.294379027732062, 0.1921773781634303]",0,0
46846,[0.20375903 0.20122598],1,-1,-1,0,0
46847,[0.39114726 0.60279901],0,1,"[0.37965276877051146, 0.575157747726818]",1,-1
46848,[0.62868139 0.60108351],3,3,"[0.6601234827680622, 0.6109507568947781]",1,-1
46849,[0.3777875  0.64977666],0,-1,-1,1,-1
46850,[0.26564038 0.1782712 ],1,2,"[0.294379027732062, 0.1921773781634303]",0,0
46851,[0.67022666 0.7228351 ],3,-1,-1,1,-1
46852,[0.26635804 0.17241017],1,2,"[0.294379027732062, 0.1921773781634303]",0,0
46853,[0.52581053 0.60779368],0,-1,-1,1,-1
46854,[0.70427718 0.73012126],3,-1,-1,1,-1
46855,[0.80487252 0.67291517],2,0,"[0.7890750777399501, 0.6799557517006445]",1,4
46856,[0.68578063 0.5714707 ],3,3,"[0.6601234827680622, 0.6109507568947781]",1,-1
46857,[0.59494129 0.64121792],3,-1,-1,1,-1
46858,[0.68257012 0.5836841 ],3,3,"[0.6601234827680622, 0.6109507568947781]",1,-1
46859,[0.64007826 0.65427621],3,3,"[0.6601234827680622, 0.6109507568947781]",1,-1
46860,[0.36914912 0.20796323],1,-1,-1,0,0
46861,[0.7087331  0.61037532],3,3,"[0.6601234827680622, 0.6109507568947781]",1,-1
46862,[0.34524389 0.50599478],0,-1,-1,1,-1
46863,[0.2967943  0.20056446],1,2,"[0.294379027732062, 0.1921773781634303]",0,0
46864,[0.29257733 0.17704615],1,2,"[0.294379027732062, 0.1921773781634303]",0,0
46865,[0.24493385 0.26971482],1,-1,-1,0,0
46866,[0.32202601 0.25633315],1,2,"[0.294379027732062, 0.1921773781634303]",0,0
46867,[0.8420002  0.72452111],2,0,"[0.7890750777399501, 0.6799557517006445]",1,-1
46868,[0.6594333  0.68215064],3,-1,-1,1,-1
46869,[0.42005773 0.61841918],0,1,"[0.37965276877051146, 0.575157747726818]",1,-1
46870,[0.66127123 0.64143699],3,3,"[0.6601234827680622, 0.6109507568947781]",1,-1
46871,[0.34606456 0.59950306],0,1,"[0.37965276877051146, 0.575157747726818]",1,-1
46872,[0.33570007 0.64002272],0,-1,-1,1,-1
46873,[0.69695235 0.58977351],3,3,"[0.6601234827680622, 0.6109507568947781]",1,-1
46874,[0.86290702 0.73390846],2,-1,-1,1,-1
46875,[0.74975409 0.64842275],2,0,"[0.7890750777399501, 0.6799557517006445]",1,-1
46876,[0.65742062 0.61856428],3,3,"[0.6601234827680622, 0.6109507568947781]",1,7
46877,[0.32581316 0.2699373 ],1,-1,-1,0,0
46878,[0.29169747 0.26375659],1,-1,-1,0,0
46879,[0.62227262 0.67333785],3,-1,-1,1,-1
46880,[0.78411466 0.70304068],2,0,"[0.7890750777399501, 0.6799557517006445]",1,-1
46881,[0.24301498 0.19951511],1,2,"[0.294379027732062, 0.1921773781634303]",0,0
46882,[0.78994552 0.68399637],2,0,"[0.7890750777399501, 0.6799557517006445]",1,-1
46883,[0.36271893 0.5432613 ],0,1,"[0.37965276877051146, 0.575157747726818]",1,-1
46884,[0.68643694 0.75065426],2,-1,-1,1,-1
46885,[0.21698556 0.14156771],1,-1,-1,0,0
46886,[0.71105395 0.51864925],3,-1,-1,1,-1
46887,[0.25389434 0.20291593],1,2,"[0.294379027732062, 0.1921773781634303]",0,0
46888,[0.67019904 0.70567675],3,-1,-1,1,-1
46889,[0.37305805 0.19645147],1,-1,-1,0,0
46890,[0.82010151 0.66098873],2,0,"[0.7890750777399501, 0.6799557517006445]",1,-1
46891,[0.3487918  0.10127358],1,-1,-1,0,0
46892,[0.71341263 0.54973559],3,-1,-1,1,-1
46893,[0.69673242 0.65622737],3,3,"[0.6601234827680622, 0.6109507568947781]",1,-1
46894,[0.79697585 0.65129032],2,0,"[0.7890750777399501, 0.6799557517006445]",1,-1
46895,[0.6134482  0.65700652],3,3,"[0.6601234827680622, 0.6109507568947781]",1,-1
46896,[0.89534761 0.70269602],2,-1,-1,1,-1
46897,[0.34544032 0.54620281],0,1,"[0.37965276877051146, 0.575157747726818]",1,-1
46898,[0.81977885 0.72403972],2,0,"[0.7890750777399501, 0.6799557517006445]",1,-1
46899,[0.3379977  0.59494759],0,1,"[0.37965276877051146, 0.575157747726818]",1,-1
46900,[0.33611444 0.62362983],0,1,"[0.37965276877051146, 0.575157747726818]",1,-1
46901,[0.68155158 0.61587099],3,3,"[0.6601234827680622, 0.6109507568947781]",1,5
46902,[0.42055099 0.54592974],0,1,"[0.37965276877051146, 0.575157747726818]",1,-1
46903,[0.29255388 0.17002267],1,2,"[0.294379027732062, 0.1921773781634303]",0,0
46904,[0.66498383 0.6134687 ],3,3,"[0.6601234827680622, 0.6109507568947781]",1,-1
46905,[0.21501061 0.20029068],1,-1,-1,0,0
46906,[0.59880484 0.60295979],3,3,"[0.6601234827680622, 0.6109507568947781]",1,-1
46907,[0.78060116 0.67021694],2,0,"[0.7890750777399501, 0.6799557517006445]",1,-1
46908,[0.3674574  0.54294079],0,1,"[0.37965276877051146, 0.575157747726818]",1,-1
46909,[0.79337107 0.71182445],2,0,"[0.7890750777399501, 0.6799557517006445]",1,-1
46910,[0.80408265 0.70291108],2,0,"[0.7890750777399501, 0.6799557517006445]",1,-1
46911,[0.73973826 0.66644468],2,0,"[0.7890750777399501, 0.6799557517006445]",1,-1
46912,[0.69045041 0.61125046],3,3,"[0.6601234827680622, 0.6109507568947781]",1,-1
46913,[0.34622486 0.14869446],1,2,"[0.294379027732062, 0.1921773781634303]",0,0
46914,[0.25747101 0.15806478],1,2,"[0.294379027732062, 0.1921773781634303]",0,0
46915,[0.67180585 0.62569701],3,3,"[0.6601234827680622, 0.6109507568947781]",1,7
46916,[0.63859113 0.61894255],3,3,"[0.6601234827680622, 0.6109507568947781]",1,6
46917,[0.46187118 0.56592596],0,-1,-1,1,-1
46918,[0.56854272 0.52284416],3,-1,-1,1,-1
46919,[0.22565444 0.19108358],1,2,"[0.294379027732062, 0.1921773781634303]",0,0
46920,[0.63029255 0.64308389],3,3,"[0.6601234827680622, 0.6109507568947781]",1,-1
46921,[0.61867087 0.66759304],3,-1,-1,1,-1
46922,[0.59294739 0.57435381],3,-1,-1,1,-1
46923,[0.23871699 0.20365474],1,2,"[0.294379027732062, 0.1921773781634303]",0,0
46924,[0.46575477 0.59495497],0,-1,-1,1,-1
46925,[0.29886811 0.22464147],1,2,"[0.294379027732062, 0.1921773781634303]",0,0
46926,[0.76603381 0.69658084],2,0,"[0.7890750777399501, 0.6799557517006445]",1,4
46927,[0.79984748 0.71807315],2,0,"[0.7890750777399501, 0.6799557517006445]",1,-1
46928,[0.79512907 0.60683114],2,-1,-1,1,-1
46929,[0.380309   0.54010027],0,1,"[0.37965276877051146, 0.575157747726818]",1,-1
46930,[0.82771452 0.75199063],2,-1,-1,1,-1
46931,[0.39821167 0.23635293],1,-1,-1,0,0
46932,[0.68575323 0.55659255],3,3,"[0.6601234827680622, 0.6109507568947781]",1,-1
46933,[0.32513051 0.51756128],0,-1,-1,1,-1
46934,[0.38792839 0.61748809],0,1,"[0.37965276877051146, 0.575157747726818]",1,-1
46935,[0.29692213 0.52902142],0,-1,-1,1,-1
46936,[0.35232144 0.19661064],1,2,"[0.294379027732062, 0.1921773781634303]",0,0
46937,[0.31477209 0.29686791],1,-1,-1,0,0
46938,[0.27734889 0.17822847],1,2,"[0.294379027732062, 0.1921773781634303]",0,0
46939,[0.71589893 0.52315673],3,-1,-1,1,-1
46940,[0.43088228 0.54070616],0,1,"[0.37965276877051146, 0.575157747726818]",1,-1
46941,[0.62680632 0.55476278],3,3,"[0.6601234827680622, 0.6109507568947781]",1,-1
46942,[0.31044952 0.5520904 ],0,-1,-1,1,-1
46943,[0.34669975 0.55971679],0,1,"[0.37965276877051146, 0.575157747726818]",1,-1
46944,[0.25723298 0.1801055 ],1,2,"[0.294379027732062, 0.1921773781634303]",0,0
46945,[0.32026744 0.49565946],0,-1,-1,1,-1
46946,[0.70481489 0.65824606],2,3,"[0.6601234827680622, 0.6109507568947781]",1,-1
46947,[0.6552782  0.61849786],3,3,"[0.6601234827680622, 0.6109507568947781]",1,7
46948,[0.8280915  0.56580593],2,-1,-1,1,-1
46949,[0.30501558 0.18213964],1,2,"[0.294379027732062, 0.1921773781634303]",0,0
46950,[0.35707045 0.66671907],0,-1,-1,1,-1
46951,[0.42038742 0.64292978],0,-1,-1,1,-1
46952,[0.76909726 0.70413395],2,0,"[0.7890750777399501, 0.6799557517006445]",1,-1
46953,[0.41134404 0.55402604],0,1,"[0.37965276877051146, 0.575157747726818]",1,-1
46954,[0.39131228 0.60078483],0,1,"[0.37965276877051146, 0.575157747726818]",1,-1
46955,[0.34999818 0.59359116],0,1,"[0.37965276877051146, 0.575157747726818]",1,-1
46956,[0.82392723 0.65522139],2,0,"[0.7890750777399501, 0.6799557517006445]",1,-1
46957,[0.68495254 0.63840788],2,3,"[0.6601234827680622, 0.6109507568947781]",1,-1
46958,[0.63422248 0.56222728],3,3,"[0.6601234827680622, 0.6109507568947781]",1,-1
46959,[0.3039498  0.21483945],1,2,"[0.294379027732062, 0.1921773781634303]",0,0
46960,[0.81616752 0.70195456],2,0,"[0.7890750777399501, 0.6799557517006445]",1,-1
46961,[0.27742941 0.18172353],1,2,"[0.294379027732062, 0.1921773781634303]",0,0
46962,[0.72931688 0.73444056],2,-1,-1,1,-1
46963,[0.25404353 0.14476495],1,2,"[0.294379027732062, 0.1921773781634303]",0,0
46964,[0.59888748 0.58591862],3,3,"[0.6601234827680622, 0.6109507568947781]",1,-1
46965,[0.39853019 0.55527522],0,1,"[0.37965276877051146, 0.575157747726818]",1,-1
46966,[0.33665382 0.65686754],0,-1,-1,1,-1
46967,[0.30881619 0.17143549],1,2,"[0.294379027732062, 0.1921773781634303]",0,0
46968,[0.68628734 0.63641167],3,3,"[0.6601234827680622, 0.6109507568947781]",1,-1
46969,[0.65157019 0.57646776],3,3,"[0.6601234827680622, 0.6109507568947781]",1,-1
46970,[0.4021331  0.52383491],0,1,"[0.37965276877051146, 0.575157747726818]",1,-1
46971,[0.26759988 0.25108645],1,2,"[0.294379027732062, 0.1921773781634303]",0,0
46972,[0.31343387 0.13447725],1,2,"[0.294379027732062, 0.1921773781634303]",0,0
46973,[0.79558886 0.66737391],2,0,"[0.7890750777399501, 0.6799557517006445]",1,4
46974,[0.24846111 0.22458029],1,2,"[0.294379027732062, 0.1921773781634303]",0,0
46975,[0.41324048 0.19524131],1,-1,-1,0,0
46976,[0.74858973 0.69093821],2,0,"[0.7890750777399501, 0.6799557517006445]",1,-1
46977,[0.34561027 0.62848219],0,1,"[0.37965276877051146, 0.575157747726818]",1,-1
46978,[0.70343908 0.59106899],3,3,"[0.6601234827680622, 0.6109507568947781]",1,-1
46979,[0.68895018 0.65101708],2,3,"[0.6601234827680622, 0.6109507568947781]",1,-1
46980,[0.62724014 0.65243989],3,3,"[0.6601234827680622, 0.6109507568947781]",1,-1
46981,[0.79342113 0.72942881],2,0,"[0.7890750777399501, 0.6799557517006445]",1,-1
46982,[0.31148201 0.18074322],1,2,"[0.294379027732062, 0.1921773781634303]",0,0
46983,[0.35134797 0.60232021],0,1,"[0.37965276877051146, 0.575157747726818]",1,-1
46984,[0.67097282 0.6589212 ],3,3,"[0.6601234827680622, 0.6109507568947781]",1,-1
46985,[0.34640033 0.61595542],0,1,"[0.37965276877051146, 0.575157747726818]",1,-1
46986,[0.70465635 0.59609782],3,3,"[0.6601234827680622, 0.6109507568947781]",1,-1
46987,[0.70921937 0.77645436],2,-1,-1,1,-1
46988,[0.44502149 0.56187842],0,1,"[0.37965276877051146, 0.575157747726818]",1,-1
46989,[0.72776853 0.57533064],3,-1,-1,1,-1
46990,[0.67418785 0.57550434],3,3,"[0.6601234827680622, 0.6109507568947781]",1,-1
46991,[0.42226089 0.61568331],0,1,"[0.37965276877051146, 0.575157747726818]",1,-1
46992,[0.59413234 0.67667689],3,-1,-1,1,-1
46993,[0.28002119 0.10487123],1,-1,-1,0,0
46994,[0.74136706 0.61163978],2,-1,-1,1,-1
46995,[0.55459334 0.64932719],3,-1,-1,1,-1
46996,[0.68268467 0.57093808],3,3,"[0.6601234827680622, 0.6109507568947781]",1,-1
46997,[0.39353521 0.55714821],0,1,"[0.37965276877051146, 0.575157747726818]",1,-1
46998,[0.28722911 0.2478344 ],1,2,"[0.294379027732062, 0.1921773781634303]",0,0
46999,[0.33203321 0.60022348],0,1,"[0.37965276877051146, 0.575157747726818]",1,-1
47000,[0.19383877 0.13769607],1,-1,-1,0,0
47001,[0.31754703 0.16812668],1,2,"[0.294379027732062, 0.1921773781634303]",0,0
47002,[0.69912407 0.6646584 ],2,3,"[0.6601234827680622, 0.6109507568947781]",1,-1
47003,[0.36201014 0.21598191],1,-1,-1,0,0
47004,[0.37499978 0.64828963],0,-1,-1,1,-1
47005,[0.75454416 0.6579898 ],2,0,"[0.7890750777399501, 0.6799557517006445]",1,-1
47006,[0.38610374 0.55284119],0,1,"[0.37965276877051146, 0.575157747726818]",1,-1
47007,[0.82409383 0.63729677],2,0,"[0.7890750777399501, 0.6799557517006445]",1,-1
47008,[0.60672837 0.55389772],3,-1,-1,1,-1
47009,[0.2566661  0.10323904],1,-1,-1,0,0
47010,[0.63102462 0.62935631],3,3,"[0.6601234827680622, 0.6109507568947781]",1,-1
47011,[0.27441263 0.21884908],1,2,"[0.294379027732062, 0.1921773781634303]",0,0
47012,[0.91036607 0.69805984],2,-1,-1,1,-1
47013,[0.32114262 0.18261918],1,2,"[0.294379027732062, 0.1921773781634303]",0,0
47014,[0.64822121 0.56624065],3,3,"[0.6601234827680622, 0.6109507568947781]",1,-1
47015,[0.69152745 0.5636506 ],3,3,"[0.6601234827680622, 0.6109507568947781]",1,-1
47016,[0.77542661 0.67433442],2,0,"[0.7890750777399501, 0.6799557517006445]",1,-1
47017,[0.39380734 0.50971461],0,1,"[0.37965276877051146, 0.575157747726818]",1,-1
47018,[0.64691017 0.61450255],3,3,"[0.6601234827680622, 0.6109507568947781]",1,6
47019,[0.36003308 0.60041982],0,1,"[0.37965276877051146, 0.575157747726818]",1,-1
47020,[0.39945155 0.57122762],0,1,"[0.37965276877051146, 0.575157747726818]",1,-1
47021,[0.24793145 0.19914725],1,2,"[0.294379027732062, 0.1921773781634303]",0,0
47022,[0.69964311 0.57631713],3,3,"[0.6601234827680622, 0.6109507568947781]",1,-1
47023,[0.38436897 0.62393681],0,1,"[0.37965276877051146, 0.575157747726818]",1,-1
47024,[0.79974922 0.74125199],2,0,"[0.7890750777399501, 0.6799557517006445]",1,-1
47025,[0.33792306 0.55184785],0,1,"[0.37965276877051146, 0.575157747726818]",1,-1
47026,[0.30598576 0.17992816],1,2,"[0.294379027732062, 0.1921773781634303]",0,0
47027,[0.8325321  0.69590117],2,0,"[0.7890750777399501, 0.6799557517006445]",1,-1
47028,[0.31641676 0.61485813],0,-1,-1,1,-1
47029,[0.30904659 0.17108436],1,2,"[0.294379027732062, 0.1921773781634303]",0,0
47030,[0.26672751 0.19267644],1,2,"[0.294379027732062, 0.1921773781634303]",0,0
47031,[0.36177187 0.5780372 ],0,1,"[0.37965276877051146, 0.575157747726818]",1,-1
47032,[0.69470213 0.59326053],3,3,"[0.6601234827680622, 0.6109507568947781]",1,-1
47033,[0.76274921 0.68175817],2,0,"[0.7890750777399501, 0.6799557517006445]",1,-1
47034,[0.68699521 0.59022163],3,3,"[0.6601234827680622, 0.6109507568947781]",1,-1
47035,[0.64261966 0.57996375],3,3,"[0.6601234827680622, 0.6109507568947781]",1,-1
47036,[0.37821503 0.52785307],0,1,"[0.37965276877051146, 0.575157747726818]",1,-1
47037,[0.6676593  0.63351937],2,3,"[0.6601234827680622, 0.6109507568947781]",1,7
47038,[0.3691549  0.54714528],0,1,"[0.37965276877051146, 0.575157747726818]",1,-1
47039,[0.40377016 0.53854196],0,1,"[0.37965276877051146, 0.575157747726818]",1,-1
47040,[0.35771257 0.27123824],1,-1,-1,0,0
47041,[0.28811794 0.24568659],1,2,"[0.294379027732062, 0.1921773781634303]",0,0
47042,[0.37815303 0.60823175],0,1,"[0.37965276877051146, 0.575157747726818]",1,-1
47043,[0.78410793 0.70041015],2,0,"[0.7890750777399501, 0.6799557517006445]",1,-1
47044,[0.24477799 0.24594676],1,-1,-1,0,0
47045,[0.43173509 0.55507626],0,1,"[0.37965276877051146, 0.575157747726818]",1,-1
47046,[0.33884028 0.64626107],0,-1,-1,1,-1
47047,[0.35349551 0.64983298],0,-1,-1,1,-1
47048,[0.64516885 0.63049196],3,3,"[0.6601234827680622, 0.6109507568947781]",1,-1
47049,[0.84471431 0.59779417],2,-1,-1,1,-1
47050,[0.83109738 0.64307989],2,0,"[0.7890750777399501, 0.6799557517006445]",1,-1
47051,[0.47320009 0.59980405],0,-1,-1,1,-1
47052,[0.23541952 0.21917739],1,2,"[0.294379027732062, 0.1921773781634303]",0,0
47053,[0.86716358 0.7952127 ],2,-1,-1,1,-1
47054,[0.33027395 0.22015792],1,2,"[0.294379027732062, 0.1921773781634303]",0,0
47055,[0.4699783  0.50938848],0,-1,-1,1,-1
47056,[0.75850549 0.66787283],2,0,"[0.7890750777399501, 0.6799557517006445]",1,-1
47057,[0.31159252 0.58561163],0,1,"[0.37965276877051146, 0.575157747726818]",1,-1
47058,[0.7654844  0.61072242],2,-1,-1,1,-1
47059,[0.36147827 0.52939711],0,1,"[0.37965276877051146, 0.575157747726818]",1,-1
47060,[0.28823109 0.23156608],1,2,"[0.294379027732062, 0.1921773781634303]",0,0
47061,[0.65531877 0.6179328 ],3,3,"[0.6601234827680622, 0.6109507568947781]",1,7
47062,[0.63634644 0.61106792],3,3,"[0.6601234827680622, 0.6109507568947781]",1,-1
47063,[0.7419296 0.6171405],2,-1,-1,1,-1
47064,[0.79627035 0.70519571],2,0,"[0.7890750777399501, 0.6799557517006445]",1,-1
47065,[0.81612242 0.69268373],2,0,"[0.7890750777399501, 0.6799557517006445]",1,-1
47066,[0.65866877 0.61894466],3,3,"[0.6601234827680622, 0.6109507568947781]",1,7
47067,[0.31829693 0.54744069],0,1,"[0.37965276877051146, 0.575157747726818]",1,-1
47068,[0.62389304 0.54741478],3,-1,-1,1,-1
47069,[0.43112919 0.55868192],0,1,"[0.37965276877051146, 0.575157747726818]",1,-1
47070,[0.36663761 0.16684178],1,-1,-1,0,0
47071,[0.77718412 0.60174607],2,-1,-1,1,-1
47072,[0.79174362 0.71183155],2,0,"[0.7890750777399501, 0.6799557517006445]",1,-1
47073,[0.65758981 0.6019445 ],3,3,"[0.6601234827680622, 0.6109507568947781]",1,6
47074,[0.33959104 0.63775112],0,-1,-1,1,-1
47075,[0.74635926 0.66284769],2,0,"[0.7890750777399501, 0.6799557517006445]",1,-1
47076,[0.77370844 0.68801774],2,0,"[0.7890750777399501, 0.6799557517006445]",1,-1
47077,[0.77230465 0.66083933],2,0,"[0.7890750777399501, 0.6799557517006445]",1,-1
47078,[0.79557577 0.71019613],2,0,"[0.7890750777399501, 0.6799557517006445]",1,-1
47079,[0.28508424 0.18315069],1,2,"[0.294379027732062, 0.1921773781634303]",0,0
47080,[0.73152018 0.64346992],3,0,"[0.7890750777399501, 0.6799557517006445]",1,-1
47081,[0.29971791 0.20057994],1,2,"[0.294379027732062, 0.1921773781634303]",0,0
47082,[0.34787278 0.60310605],0,1,"[0.37965276877051146, 0.575157747726818]",1,-1
47083,[0.83784268 0.58908022],2,-1,-1,1,-1
47084,[0.44633893 0.60244405],0,-1,-1,1,-1
47085,[0.42042059 0.5661528 ],0,1,"[0.37965276877051146, 0.575157747726818]",1,-1
47086,[0.64516259 0.55103771],3,3,"[0.6601234827680622, 0.6109507568947781]",1,-1
47087,[0.26378252 0.23966548],1,2,"[0.294379027732062, 0.1921773781634303]",0,0
47088,[0.33092898 0.59223734],0,1,"[0.37965276877051146, 0.575157747726818]",1,-1
47089,[0.83644418 0.67668771],2,0,"[0.7890750777399501, 0.6799557517006445]",1,-1
47090,[0.75924568 0.68593391],2,0,"[0.7890750777399501, 0.6799557517006445]",1,-1
47091,[0.19798099 0.20720206],1,-1,-1,0,0
47092,[0.6269653  0.65397187],3,3,"[0.6601234827680622, 0.6109507568947781]",1,-1
47093,[0.66237421 0.62010881],3,3,"[0.6601234827680622, 0.6109507568947781]",1,7
47094,[0.28878904 0.25444641],1,2,"[0.294379027732062, 0.1921773781634303]",0,0
47095,[0.80229753 0.78525401],2,-1,-1,1,-1
47096,[0.87863149 0.89024895],2,-1,-1,1,-1
47097,[0.27554583 0.21979973],1,2,"[0.294379027732062, 0.1921773781634303]",0,0
47098,[0.3660266  0.41240563],0,-1,-1,1,-1
47099,[0.32017764 0.16524003],1,2,"[0.294379027732062, 0.1921773781634303]",0,0
47100,[0.77559046 0.67050335],2,0,"[0.7890750777399501, 0.6799557517006445]",1,-1
47101,[0.68382641 0.65929034],3,3,"[0.6601234827680622, 0.6109507568947781]",1,-1
47102,[0.29516873 0.18759244],1,2,"[0.294379027732062, 0.1921773781634303]",0,0
47103,[0.26331142 0.20057381],1,2,"[0.294379027732062, 0.1921773781634303]",0,0
47104,[0.67109852 0.51230002],3,-1,-1,1,-1
47105,[0.77796025 0.68391739],2,0,"[0.7890750777399501, 0.6799557517006445]",1,4
47106,[0.65660412 0.65648038],3,3,"[0.6601234827680622, 0.6109507568947781]",1,-1
47107,[0.4377544  0.50451657],0,-1,-1,1,-1
47108,[0.28848758 0.19019271],1,2,"[0.294379027732062, 0.1921773781634303]",0,0
47109,[0.72623147 0.59827749],3,3,"[0.6601234827680622, 0.6109507568947781]",1,-1
47110,[0.82005576 0.71617418],2,0,"[0.7890750777399501, 0.6799557517006445]",1,-1
47111,[0.43903529 0.55876341],0,1,"[0.37965276877051146, 0.575157747726818]",1,-1
47112,[0.40265891 0.57520998],0,1,"[0.37965276877051146, 0.575157747726818]",1,-1
47113,[0.29966457 0.19931245],1,2,"[0.294379027732062, 0.1921773781634303]",0,0
47114,[0.76635466 0.5503893 ],3,-1,-1,1,-1
47115,[0.78197811 0.64210116],2,0,"[0.7890750777399501, 0.6799557517006445]",1,-1
47116,[0.75902064 0.65432119],2,0,"[0.7890750777399501, 0.6799557517006445]",1,-1
47117,[0.39059785 0.50245377],0,-1,-1,1,-1
47118,[0.44538103 0.56810702],0,1,"[0.37965276877051146, 0.575157747726818]",1,-1
47119,[0.69513017 0.66179436],3,3,"[0.6601234827680622, 0.6109507568947781]",1,-1
47120,[0.35943835 0.53571812],0,1,"[0.37965276877051146, 0.575157747726818]",1,-1
47121,[0.38684597 0.50186271],0,-1,-1,1,-1
47122,[0.35540653 0.54523373],0,1,"[0.37965276877051146, 0.575157747726818]",1,-1
47123,[0.34640041 0.55399336],0,1,"[0.37965276877051146, 0.575157747726818]",1,-1
47124,[0.27922861 0.2408484 ],1,2,"[0.294379027732062, 0.1921773781634303]",0,0
47125,[0.75379249 0.63016136],2,0,"[0.7890750777399501, 0.6799557517006445]",1,-1
47126,[0.78705414 0.64246383],2,0,"[0.7890750777399501, 0.6799557517006445]",1,-1
47127,[0.3589373  0.55699146],0,1,"[0.37965276877051146, 0.575157747726818]",1,-1
47128,[0.69249669 0.6463034 ],3,3,"[0.6601234827680622, 0.6109507568947781]",1,-1
47129,[0.27358221 0.21570835],1,2,"[0.294379027732062, 0.1921773781634303]",0,0
47130,[0.67796127 0.60091051],3,3,"[0.6601234827680622, 0.6109507568947781]",1,5
47131,[0.81000314 0.59864855],2,-1,-1,1,-1
47132,[0.26128878 0.16892006],1,2,"[0.294379027732062, 0.1921773781634303]",0,0
47133,[0.25654612 0.67313874],0,-1,-1,1,-1
47134,[0.3406064 0.6827587],0,-1,-1,1,-1
47135,[0.18344478 0.1836342 ],1,-1,-1,0,0
47136,[0.39831328 0.53672906],0,1,"[0.37965276877051146, 0.575157747726818]",1,-1
47137,[0.7832762  0.64690197],2,0,"[0.7890750777399501, 0.6799557517006445]",1,-1
47138,[0.9157693  0.68270224],2,-1,-1,1,-1
47139,[0.33327717 0.12682843],1,-1,-1,0,0
47140,[0.3607868  0.29677938],1,-1,-1,0,0
47141,[0.28504087 0.59946729],0,-1,-1,1,-1
47142,[0.43122574 0.59053207],0,1,"[0.37965276877051146, 0.575157747726818]",1,-1
47143,[0.38259257 0.63437044],0,1,"[0.37965276877051146, 0.575157747726818]",1,-1
47144,[0.26882895 0.19772809],1,2,"[0.294379027732062, 0.1921773781634303]",0,0
47145,[0.87075059 0.68068251],2,-1,-1,1,-1
47146,[0.25389691 0.23777461],1,2,"[0.294379027732062, 0.1921773781634303]",0,0
47147,[0.6282468  0.54841965],3,-1,-1,1,-1
47148,[0.43581978 0.59005348],0,1,"[0.37965276877051146, 0.575157747726818]",1,-1
47149,[0.26119908 0.158541  ],1,2,"[0.294379027732062, 0.1921773781634303]",0,0
47150,[0.28578453 0.12490652],1,2,"[0.294379027732062, 0.1921773781634303]",0,0
47151,[0.80224096 0.68691584],2,0,"[0.7890750777399501, 0.6799557517006445]",1,-1
47152,[0.79993629 0.53580685],2,-1,-1,1,-1
47153,[0.31098432 0.24148549],1,2,"[0.294379027732062, 0.1921773781634303]",0,0
47154,[0.80577239 0.69034216],2,0,"[0.7890750777399501, 0.6799557517006445]",1,-1
47155,[0.33940498 0.23119688],1,2,"[0.294379027732062, 0.1921773781634303]",0,0
47156,[0.41722325 0.58201035],0,1,"[0.37965276877051146, 0.575157747726818]",1,-1
47157,[0.41977949 0.55670601],0,1,"[0.37965276877051146, 0.575157747726818]",1,-1
47158,[0.78279189 0.66337257],2,0,"[0.7890750777399501, 0.6799557517006445]",1,-1
47159,[0.35141076 0.53946386],0,1,"[0.37965276877051146, 0.575157747726818]",1,-1
47160,[0.79611808 0.74424269],2,0,"[0.7890750777399501, 0.6799557517006445]",1,-1
47161,[0.7180356  0.63706446],2,3,"[0.6601234827680622, 0.6109507568947781]",1,-1
47162,[0.79711734 0.65723431],2,0,"[0.7890750777399501, 0.6799557517006445]",1,-1
47163,[0.66214899 0.60708848],3,3,"[0.6601234827680622, 0.6109507568947781]",1,-1
47164,[0.7380499  0.61642142],2,-1,-1,1,-1
47165,[0.33437574 0.28874958],1,-1,-1,0,0
47166,[0.33789941 0.56752691],0,1,"[0.37965276877051146, 0.575157747726818]",1,-1
47167,[0.40283849 0.60889502],0,1,"[0.37965276877051146, 0.575157747726818]",1,-1
47168,[0.62556125 0.62917492],3,3,"[0.6601234827680622, 0.6109507568947781]",1,-1
47169,[0.62298824 0.66332471],3,3,"[0.6601234827680622, 0.6109507568947781]",1,-1
47170,[0.79309476 0.69118519],2,0,"[0.7890750777399501, 0.6799557517006445]",1,-1
47171,[0.40779921 0.58545021],0,1,"[0.37965276877051146, 0.575157747726818]",1,-1
47172,[0.83564324 0.71780964],2,0,"[0.7890750777399501, 0.6799557517006445]",1,-1
47173,[0.85171192 0.66700378],2,0,"[0.7890750777399501, 0.6799557517006445]",1,-1
47174,[0.76468827 0.64493725],2,0,"[0.7890750777399501, 0.6799557517006445]",1,-1
47175,[0.723854   0.58679782],2,3,"[0.6601234827680622, 0.6109507568947781]",1,-1
47176,[0.40873583 0.57726851],0,1,"[0.37965276877051146, 0.575157747726818]",1,-1
47177,[0.32782888 0.18040929],1,2,"[0.294379027732062, 0.1921773781634303]",0,0
47178,[0.72409089 0.61360722],3,3,"[0.6601234827680622, 0.6109507568947781]",1,-1
47179,[0.66389    0.54285178],3,3,"[0.6601234827680622, 0.6109507568947781]",1,-1
47180,[0.34589351 0.15501422],1,2,"[0.294379027732062, 0.1921773781634303]",0,0
47181,[0.39778479 0.54553614],0,1,"[0.37965276877051146, 0.575157747726818]",1,-1
47182,[0.6193355  0.68262587],3,-1,-1,1,-1
47183,[0.40102944 0.54804531],0,1,"[0.37965276877051146, 0.575157747726818]",1,-1
47184,[0.44445677 0.51091353],0,-1,-1,1,-1
47185,[0.25046182 0.6232831 ],0,-1,-1,1,-1
47186,[0.7075537  0.60909909],3,3,"[0.6601234827680622, 0.6109507568947781]",1,-1
47187,[0.34458754 0.59969045],0,1,"[0.37965276877051146, 0.575157747726818]",1,-1
47188,[0.39479744 0.57517307],0,1,"[0.37965276877051146, 0.575157747726818]",1,-1
47189,[0.32461063 0.13417963],1,2,"[0.294379027732062, 0.1921773781634303]",0,0
47190,[0.66716387 0.60857927],3,3,"[0.6601234827680622, 0.6109507568947781]",1,-1
47191,[0.41812954 0.51825834],0,1,"[0.37965276877051146, 0.575157747726818]",1,-1
47192,[0.4499415  0.66029391],0,-1,-1,1,-1
47193,[0.35288107 0.60920639],0,1,"[0.37965276877051146, 0.575157747726818]",1,-1
47194,[0.59544732 0.57541401],3,-1,-1,1,-1
47195,[0.36061966 0.5340029 ],0,1,"[0.37965276877051146, 0.575157747726818]",1,-1
47196,[0.59458067 0.42199849],3,-1,-1,1,-1
47197,[0.80289198 0.62049037],2,0,"[0.7890750777399501, 0.6799557517006445]",1,-1
47198,[0.35960683 0.53214622],0,1,"[0.37965276877051146, 0.575157747726818]",1,-1
47199,[0.6595019  0.55275738],3,3,"[0.6601234827680622, 0.6109507568947781]",1,-1
47200,[0.74424165 0.728932  ],2,0,"[0.7890750777399501, 0.6799557517006445]",1,-1
47201,[0.4185394  0.62137313],0,1,"[0.37965276877051146, 0.575157747726818]",1,-1
47202,[0.28411133 0.63310629],0,-1,-1,1,-1
47203,[0.83037684 0.73029662],2,0,"[0.7890750777399501, 0.6799557517006445]",1,-1
47204,[0.58130879 0.67825157],3,-1,-1,1,-1
47205,[0.86796565 0.7255892 ],2,-1,-1,1,-1
47206,[0.30769057 0.23315966],1,2,"[0.294379027732062, 0.1921773781634303]",0,0
47207,[0.28732104 0.23436939],1,2,"[0.294379027732062, 0.1921773781634303]",0,0
47208,[0.6803503  0.60054241],3,3,"[0.6601234827680622, 0.6109507568947781]",1,5
47209,[0.27877086 0.12639587],1,2,"[0.294379027732062, 0.1921773781634303]",0,0
47210,[0.41539332 0.55039302],0,1,"[0.37965276877051146, 0.575157747726818]",1,-1
47211,[0.4793242  0.49822513],0,-1,-1,1,-1
47212,[0.75787674 0.66452428],2,0,"[0.7890750777399501, 0.6799557517006445]",1,-1
47213,[0.66253541 0.60003572],3,3,"[0.6601234827680622, 0.6109507568947781]",1,6
47214,[0.24687258 0.19142966],1,2,"[0.294379027732062, 0.1921773781634303]",0,0
47215,[0.81010457 0.65371227],2,0,"[0.7890750777399501, 0.6799557517006445]",1,-1
47216,[0.81534933 0.65796723],2,0,"[0.7890750777399501, 0.6799557517006445]",1,-1
47217,[0.30517371 0.18365345],1,2,"[0.294379027732062, 0.1921773781634303]",0,0
47218,[0.60476888 0.65404409],3,-1,-1,1,-1
47219,[0.67280392 0.55691285],3,3,"[0.6601234827680622, 0.6109507568947781]",1,-1
47220,[0.36140586 0.58332995],0,1,"[0.37965276877051146, 0.575157747726818]",1,-1
47221,[0.34001782 0.55519244],0,1,"[0.37965276877051146, 0.575157747726818]",1,-1
47222,[0.21220176 0.16324296],1,-1,-1,0,0
47223,[0.35974207 0.56962664],0,1,"[0.37965276877051146, 0.575157747726818]",1,-1
47224,[0.61545228 0.57426355],3,3,"[0.6601234827680622, 0.6109507568947781]",1,-1
47225,[0.80440733 0.75829759],2,-1,-1,1,-1
47226,[0.29573887 0.60086868],0,-1,-1,1,-1
47227,[0.76225655 0.6963514 ],2,0,"[0.7890750777399501, 0.6799557517006445]",1,-1
47228,[0.3303384  0.10971502],1,-1,-1,0,0
47229,[0.64314954 0.6931263 ],3,-1,-1,1,-1
47230,[0.32391914 0.10254502],1,-1,-1,0,0
47231,[0.68674123 0.70670627],3,-1,-1,1,-1
47232,[0.73904589 0.62091513],3,-1,-1,1,-1
47233,[0.81521351 0.67483291],2,0,"[0.7890750777399501, 0.6799557517006445]",1,-1
47234,[0.63827454 0.6166229 ],3,3,"[0.6601234827680622, 0.6109507568947781]",1,-1
47235,[0.60537015 0.61552288],3,3,"[0.6601234827680622, 0.6109507568947781]",1,-1
47236,[0.76479924 0.61010788],3,-1,-1,1,-1
47237,[0.69204078 0.61896764],3,3,"[0.6601234827680622, 0.6109507568947781]",1,-1
47238,[0.85161901 0.59380019],2,-1,-1,1,-1
47239,[0.28060875 0.18352138],1,2,"[0.294379027732062, 0.1921773781634303]",0,0
47240,[0.80193702 0.68790338],2,0,"[0.7890750777399501, 0.6799557517006445]",1,-1
47241,[0.36150194 0.40474053],0,-1,-1,1,-1
47242,[0.58964831 0.5542779 ],3,-1,-1,1,-1
47243,[0.66029574 0.65800907],3,3,"[0.6601234827680622, 0.6109507568947781]",1,-1
47244,[0.38642806 0.55654607],0,1,"[0.37965276877051146, 0.575157747726818]",1,-1
47245,[0.35372603 0.52087356],0,1,"[0.37965276877051146, 0.575157747726818]",1,-1
47246,[0.78783078 0.77294505],2,-1,-1,1,-1
47247,[0.22404829 0.2572946 ],1,-1,-1,0,0
47248,[0.40982635 0.58276644],0,1,"[0.37965276877051146, 0.575157747726818]",1,-1
47249,[0.3857505  0.55271167],0,1,"[0.37965276877051146, 0.575157747726818]",1,-1
47250,[0.29813287 0.14946185],1,2,"[0.294379027732062, 0.1921773781634303]",0,0
47251,[0.29538748 0.21540188],1,2,"[0.294379027732062, 0.1921773781634303]",0,0
47252,[0.69813201 0.65567833],2,3,"[0.6601234827680622, 0.6109507568947781]",1,-1
47253,[0.33008828 0.20568384],1,2,"[0.294379027732062, 0.1921773781634303]",0,0
47254,[0.69030118 0.61451012],3,3,"[0.6601234827680622, 0.6109507568947781]",1,-1
47255,[0.31639736 0.20472829],1,2,"[0.294379027732062, 0.1921773781634303]",0,0
47256,[0.82517572 0.70294369],2,0,"[0.7890750777399501, 0.6799557517006445]",1,-1
47257,[0.36951191 0.50740839],0,1,"[0.37965276877051146, 0.575157747726818]",1,-1
47258,[0.26580357 0.57020542],0,-1,-1,1,-1
47259,[0.38400352 0.57098922],0,1,"[0.37965276877051146, 0.575157747726818]",1,-1
47260,[0.67520121 0.61235086],3,3,"[0.6601234827680622, 0.6109507568947781]",1,-1
47261,[0.84523482 0.66504828],2,0,"[0.7890750777399501, 0.6799557517006445]",1,-1
47262,[0.36001943 0.54250803],0,1,"[0.37965276877051146, 0.575157747726818]",1,-1
47263,[0.32800982 0.56954776],0,1,"[0.37965276877051146, 0.575157747726818]",1,-1
47264,[0.66870683 0.67586239],2,3,"[0.6601234827680622, 0.6109507568947781]",1,-1
47265,[0.22798092 0.16469297],1,-1,-1,0,0
47266,[0.3842206  0.60940961],0,1,"[0.37965276877051146, 0.575157747726818]",1,-1
47267,[0.63075166 0.61810649],3,3,"[0.6601234827680622, 0.6109507568947781]",1,-1
47268,[0.6848309  0.64867169],3,3,"[0.6601234827680622, 0.6109507568947781]",1,-1
47269,[0.79927339 0.74686186],2,0,"[0.7890750777399501, 0.6799557517006445]",1,-1
47270,[0.7865622  0.65150809],2,0,"[0.7890750777399501, 0.6799557517006445]",1,-1
47271,[0.30444252 0.14859574],1,2,"[0.294379027732062, 0.1921773781634303]",0,0
47272,[0.29100757 0.15727827],1,2,"[0.294379027732062, 0.1921773781634303]",0,0
47273,[0.29170734 0.1236729 ],1,2,"[0.294379027732062, 0.1921773781634303]",0,0
47274,[0.71829477 0.69702695],2,-1,-1,1,-1
47275,[0.40679082 0.55839779],0,1,"[0.37965276877051146, 0.575157747726818]",1,-1
47276,[0.33315617 0.56352854],0,1,"[0.37965276877051146, 0.575157747726818]",1,-1
47277,[0.74130287 0.66519474],2,0,"[0.7890750777399501, 0.6799557517006445]",1,-1
47278,[0.27651976 0.21838119],1,2,"[0.294379027732062, 0.1921773781634303]",0,0
47279,[0.29025034 0.23174988],1,2,"[0.294379027732062, 0.1921773781634303]",0,0
47280,[0.73406941 0.60370253],3,-1,-1,1,-1
47281,[0.66808391 0.56535333],3,3,"[0.6601234827680622, 0.6109507568947781]",1,-1
47282,[0.49143679 0.53617167],0,-1,-1,1,-1
47283,[0.73805771 0.60646764],3,-1,-1,1,-1
47284,[0.27599213 0.19455595],1,2,"[0.294379027732062, 0.1921773781634303]",0,0
47285,[0.28270097 0.16892695],1,2,"[0.294379027732062, 0.1921773781634303]",0,0
47286,[0.23410657 0.18213797],1,2,"[0.294379027732062, 0.1921773781634303]",0,0
47287,[0.84053735 0.6747956 ],2,0,"[0.7890750777399501, 0.6799557517006445]",1,-1
47288,[0.3475968  0.57836557],0,1,"[0.37965276877051146, 0.575157747726818]",1,-1
47289,[0.37736491 0.61902927],0,1,"[0.37965276877051146, 0.575157747726818]",1,-1
47290,[0.68750416 0.52273781],3,-1,-1,1,-1
47291,[0.33226377 0.61539074],0,1,"[0.37965276877051146, 0.575157747726818]",1,-1
47292,[0.3225185  0.15673415],1,2,"[0.294379027732062, 0.1921773781634303]",0,0
47293,[0.29055664 0.21578121],1,2,"[0.294379027732062, 0.1921773781634303]",0,0
47294,[0.69702366 0.55309522],3,3,"[0.6601234827680622, 0.6109507568947781]",1,-1
47295,[0.69341397 0.68683383],3,-1,-1,1,-1
47296,[0.35995194 0.10975305],1,-1,-1,0,0
47297,[0.76132107 0.60948958],2,-1,-1,1,-1
47298,[0.37694794 0.1839517 ],1,-1,-1,0,0
47299,[0.31626048 0.22954111],1,2,"[0.294379027732062, 0.1921773781634303]",0,0
47300,[0.69522581 0.67147865],3,3,"[0.6601234827680622, 0.6109507568947781]",1,-1
47301,[0.62920814 0.62004226],3,3,"[0.6601234827680622, 0.6109507568947781]",1,-1
47302,[0.34363482 0.60810799],0,1,"[0.37965276877051146, 0.575157747726818]",1,-1
47303,[0.81546808 0.67885565],2,0,"[0.7890750777399501, 0.6799557517006445]",1,-1
47304,[0.73071068 0.70098954],2,0,"[0.7890750777399501, 0.6799557517006445]",1,-1
47305,[0.87068701 0.65250746],2,-1,-1,1,-1
47306,[0.81024011 0.66145971],2,0,"[0.7890750777399501, 0.6799557517006445]",1,-1
47307,[0.29715873 0.22920558],1,2,"[0.294379027732062, 0.1921773781634303]",0,0
47308,[0.29719739 0.22334924],1,2,"[0.294379027732062, 0.1921773781634303]",0,0
47309,[0.33325911 0.12728031],1,-1,-1,0,0
47310,[0.73729118 0.67882855],2,0,"[0.7890750777399501, 0.6799557517006445]",1,-1
47311,[0.79448358 0.72669024],2,0,"[0.7890750777399501, 0.6799557517006445]",1,-1
47312,[0.78948798 0.64659905],2,0,"[0.7890750777399501, 0.6799557517006445]",1,-1
47313,[0.66058133 0.62686251],3,3,"[0.6601234827680622, 0.6109507568947781]",1,-1
47314,[0.66898364 0.54794281],3,3,"[0.6601234827680622, 0.6109507568947781]",1,-1
47315,[0.72704656 0.6925588 ],2,0,"[0.7890750777399501, 0.6799557517006445]",1,-1
47316,[0.40873191 0.73479429],0,-1,-1,1,-1
47317,[0.32116733 0.58602531],0,1,"[0.37965276877051146, 0.575157747726818]",1,-1
47318,[0.40759976 0.62888207],0,1,"[0.37965276877051146, 0.575157747726818]",1,-1
47319,[0.29328606 0.22784201],1,2,"[0.294379027732062, 0.1921773781634303]",0,0
47320,[0.72639921 0.53777981],3,-1,-1,1,-1
47321,[0.31196599 0.17083098],1,2,"[0.294379027732062, 0.1921773781634303]",0,0
47322,[0.61599837 0.62527651],3,3,"[0.6601234827680622, 0.6109507568947781]",1,-1
47323,[0.26816237 0.25046902],1,2,"[0.294379027732062, 0.1921773781634303]",0,0
47324,[0.83160906 0.68804474],2,0,"[0.7890750777399501, 0.6799557517006445]",1,-1
47325,[0.82606724 0.65800545],2,0,"[0.7890750777399501, 0.6799557517006445]",1,-1
47326,[0.3685825  0.58779703],0,1,"[0.37965276877051146, 0.575157747726818]",1,-1
47327,[0.40734495 0.60460525],0,1,"[0.37965276877051146, 0.575157747726818]",1,-1
47328,[0.4081161  0.59735787],0,1,"[0.37965276877051146, 0.575157747726818]",1,-1
47329,[0.66452787 0.60031106],3,3,"[0.6601234827680622, 0.6109507568947781]",1,-1
47330,[0.70272075 0.71345471],2,-1,-1,1,-1
47331,[0.30497971 0.07671291],1,-1,-1,0,0
47332,[0.81694207 0.70118404],2,0,"[0.7890750777399501, 0.6799557517006445]",1,-1
47333,[0.36720805 0.16242283],1,-1,-1,0,0
47334,[0.84688999 0.77863151],2,-1,-1,1,-1
47335,[0.70250831 0.5701328 ],3,3,"[0.6601234827680622, 0.6109507568947781]",1,-1
47336,[0.76164158 0.63261159],2,0,"[0.7890750777399501, 0.6799557517006445]",1,-1
47337,[0.64351903 0.5611551 ],3,3,"[0.6601234827680622, 0.6109507568947781]",1,-1
47338,[0.42487492 0.56363196],0,1,"[0.37965276877051146, 0.575157747726818]",1,-1
47339,[0.82295846 0.73871414],2,0,"[0.7890750777399501, 0.6799557517006445]",1,-1
47340,[0.34148272 0.23978449],1,2,"[0.294379027732062, 0.1921773781634303]",0,0
47341,[0.60169011 0.64137921],3,3,"[0.6601234827680622, 0.6109507568947781]",1,-1
47342,[0.71336279 0.55215736],3,-1,-1,1,-1
47343,[0.3862403  0.17792704],1,-1,-1,0,0
47344,[0.27073755 0.15404056],1,2,"[0.294379027732062, 0.1921773781634303]",0,0
47345,[0.62259414 0.60499582],3,3,"[0.6601234827680622, 0.6109507568947781]",1,-1
47346,[0.63060229 0.6629264 ],3,3,"[0.6601234827680622, 0.6109507568947781]",1,-1
47347,[0.71676555 0.65035075],2,3,"[0.6601234827680622, 0.6109507568947781]",1,-1
47348,[0.69563672 0.69054677],3,-1,-1,1,-1
47349,[0.38560431 0.53238547],0,1,"[0.37965276877051146, 0.575157747726818]",1,-1
47350,[0.66259062 0.62682215],3,3,"[0.6601234827680622, 0.6109507568947781]",1,-1
47351,[0.73081518 0.70578577],2,0,"[0.7890750777399501, 0.6799557517006445]",1,-1
47352,[0.34146043 0.66494269],0,-1,-1,1,-1
47353,[0.33410939 0.19354855],1,2,"[0.294379027732062, 0.1921773781634303]",0,0
47354,[0.33420983 0.17368006],1,2,"[0.294379027732062, 0.1921773781634303]",0,0
47355,[0.6441345  0.69458616],3,-1,-1,1,-1
47356,[0.79473785 0.62166267],2,0,"[0.7890750777399501, 0.6799557517006445]",1,-1
47357,[0.35550493 0.54359935],0,1,"[0.37965276877051146, 0.575157747726818]",1,-1
47358,[0.70696224 0.59395576],2,3,"[0.6601234827680622, 0.6109507568947781]",1,-1
47359,[0.59719894 0.49498633],3,-1,-1,1,-1
47360,[0.22024794 0.15751907],1,-1,-1,0,0
47361,[0.40910447 0.53131762],0,1,"[0.37965276877051146, 0.575157747726818]",1,-1
47362,[0.22171389 0.21121406],1,-1,-1,0,0
47363,[0.6537659  0.60711019],3,3,"[0.6601234827680622, 0.6109507568947781]",1,-1
47364,[0.69525297 0.619907  ],3,3,"[0.6601234827680622, 0.6109507568947781]",1,-1
47365,[0.82253922 0.64441731],2,0,"[0.7890750777399501, 0.6799557517006445]",1,-1
47366,[0.34186376 0.62636918],0,1,"[0.37965276877051146, 0.575157747726818]",1,-1
47367,[0.31729672 0.63049281],0,-1,-1,1,-1
47368,[0.34681374 0.1779271 ],1,2,"[0.294379027732062, 0.1921773781634303]",0,0
47369,[0.75977818 0.74291058],2,0,"[0.7890750777399501, 0.6799557517006445]",1,-1
47370,[0.80309101 0.67254898],2,0,"[0.7890750777399501, 0.6799557517006445]",1,4
47371,[0.66918622 0.5866337 ],3,3,"[0.6601234827680622, 0.6109507568947781]",1,-1
47372,[0.78394362 0.64637879],2,0,"[0.7890750777399501, 0.6799557517006445]",1,-1
47373,[0.83181767 0.74456543],2,-1,-1,1,-1
47374,[0.63164525 0.62709477],3,3,"[0.6601234827680622, 0.6109507568947781]",1,-1
47375,[0.31510858 0.17018009],1,2,"[0.294379027732062, 0.1921773781634303]",0,0
47376,[0.22579481 0.16178424],1,-1,-1,0,0
47377,[0.81209748 0.69982775],2,0,"[0.7890750777399501, 0.6799557517006445]",1,-1
47378,[0.37925392 0.57632135],0,1,"[0.37965276877051146, 0.575157747726818]",1,-1
47379,[0.42160649 0.5510184 ],0,1,"[0.37965276877051146, 0.575157747726818]",1,-1
47380,[0.73139626 0.68810339],2,0,"[0.7890750777399501, 0.6799557517006445]",1,-1
47381,[0.65193164 0.53111455],3,-1,-1,1,-1
47382,[0.71070641 0.56880366],3,3,"[0.6601234827680622, 0.6109507568947781]",1,-1
47383,[0.38671935 0.52925724],0,1,"[0.37965276877051146, 0.575157747726818]",1,-1
47384,[0.65342917 0.68845195],3,-1,-1,1,-1
47385,[0.40322278 0.61935233],0,1,"[0.37965276877051146, 0.575157747726818]",1,-1
47386,[0.6863275 0.7941627],3,-1,-1,1,-1
47387,[0.33971669 0.229448  ],1,2,"[0.294379027732062, 0.1921773781634303]",0,0
47388,[0.655629   0.57959556],3,3,"[0.6601234827680622, 0.6109507568947781]",1,-1
47389,[0.67645479 0.55745004],3,3,"[0.6601234827680622, 0.6109507568947781]",1,-1
47390,[0.62886736 0.64470643],3,3,"[0.6601234827680622, 0.6109507568947781]",1,-1
47391,[0.79461236 0.62896978],2,0,"[0.7890750777399501, 0.6799557517006445]",1,-1
47392,[0.82312031 0.62923732],2,0,"[0.7890750777399501, 0.6799557517006445]",1,-1
47393,[0.69130226 0.61337281],3,3,"[0.6601234827680622, 0.6109507568947781]",1,-1
47394,[0.41421145 0.21585305],1,-1,-1,0,0
47395,[0.6811818  0.58372941],3,3,"[0.6601234827680622, 0.6109507568947781]",1,-1
47396,[0.87045673 0.67731426],2,-1,-1,1,-1
47397,[0.27632643 0.63097417],0,-1,-1,1,-1
47398,[0.69511906 0.57158088],3,3,"[0.6601234827680622, 0.6109507568947781]",1,-1
47399,[0.27885062 0.16226771],1,2,"[0.294379027732062, 0.1921773781634303]",0,0
47400,[0.32594998 0.17252191],1,2,"[0.294379027732062, 0.1921773781634303]",0,0
47401,[0.4451196  0.52769845],0,-1,-1,1,-1
47402,[0.29645813 0.17923936],1,2,"[0.294379027732062, 0.1921773781634303]",0,0
47403,[0.23089767 0.24505532],1,-1,-1,0,0
47404,[0.65168711 0.62311256],3,3,"[0.6601234827680622, 0.6109507568947781]",1,-1
47405,[0.75486801 0.5246576 ],3,-1,-1,1,-1
47406,[0.42728117 0.55528881],0,1,"[0.37965276877051146, 0.575157747726818]",1,-1
47407,[0.21946738 0.22762776],1,-1,-1,0,0
47408,[0.7891249  0.71131784],2,0,"[0.7890750777399501, 0.6799557517006445]",1,-1
47409,[0.29052937 0.14164513],1,2,"[0.294379027732062, 0.1921773781634303]",0,0
47410,[0.70322384 0.62435214],3,3,"[0.6601234827680622, 0.6109507568947781]",1,-1
47411,[0.79612361 0.64329783],2,0,"[0.7890750777399501, 0.6799557517006445]",1,-1
47412,[0.79771102 0.67548021],2,0,"[0.7890750777399501, 0.6799557517006445]",1,4
47413,[0.42880251 0.64918202],0,-1,-1,1,-1
47414,[0.71349813 0.76047094],2,-1,-1,1,-1
47415,[0.77413884 0.64166628],2,0,"[0.7890750777399501, 0.6799557517006445]",1,-1
47416,[0.7062089  0.65959518],2,3,"[0.6601234827680622, 0.6109507568947781]",1,-1
47417,[0.30669372 0.56405417],0,-1,-1,1,-1
47418,[0.80353633 0.63341964],2,0,"[0.7890750777399501, 0.6799557517006445]",1,-1
47419,[0.29946555 0.17658233],1,2,"[0.294379027732062, 0.1921773781634303]",0,0
47420,[0.83251533 0.71809164],2,0,"[0.7890750777399501, 0.6799557517006445]",1,-1
47421,[0.78307246 0.66732055],2,0,"[0.7890750777399501, 0.6799557517006445]",1,-1
47422,[0.66025963 0.61503044],3,3,"[0.6601234827680622, 0.6109507568947781]",1,-1
47423,[0.87827583 0.71619186],2,-1,-1,1,-1
47424,[0.65822027 0.58985653],3,3,"[0.6601234827680622, 0.6109507568947781]",1,-1
47425,[0.8082673  0.63013435],2,0,"[0.7890750777399501, 0.6799557517006445]",1,-1
47426,[0.67726534 0.57479974],3,3,"[0.6601234827680622, 0.6109507568947781]",1,-1
47427,[0.80333591 0.74635183],2,0,"[0.7890750777399501, 0.6799557517006445]",1,-1
47428,[0.72041518 0.58218354],2,3,"[0.6601234827680622, 0.6109507568947781]",1,-1
47429,[0.3038164  0.61392155],0,-1,-1,1,-1
47430,[0.84646151 0.7701473 ],2,-1,-1,1,-1
47431,[0.72222517 0.71120464],2,-1,-1,1,-1
47432,[0.36369679 0.21316646],1,-1,-1,0,0
47433,[0.35971793 0.14325494],1,-1,-1,0,0
47434,[0.82931299 0.71058131],2,0,"[0.7890750777399501, 0.6799557517006445]",1,-1
47435,[0.62822399 0.59057687],3,3,"[0.6601234827680622, 0.6109507568947781]",1,-1
47436,[0.31559126 0.61084089],0,-1,-1,1,-1
47437,[0.65454504 0.75472285],3,-1,-1,1,-1
47438,[0.28343897 0.21418892],1,2,"[0.294379027732062, 0.1921773781634303]",0,0
47439,[0.38030456 0.16250661],1,-1,-1,0,0
47440,[0.30772555 0.16471652],1,2,"[0.294379027732062, 0.1921773781634303]",0,0
47441,[0.39080217 0.62492723],0,1,"[0.37965276877051146, 0.575157747726818]",1,-1
47442,[0.69995274 0.6043753 ],3,3,"[0.6601234827680622, 0.6109507568947781]",1,-1
47443,[0.31084494 0.11672629],1,-1,-1,0,0
47444,[0.77880516 0.67110241],2,0,"[0.7890750777399501, 0.6799557517006445]",1,-1
47445,[0.38444398 0.1796496 ],1,-1,-1,0,0
47446,[0.62940876 0.55656328],3,3,"[0.6601234827680622, 0.6109507568947781]",1,-1
47447,[0.76311483 0.65726865],2,0,"[0.7890750777399501, 0.6799557517006445]",1,3
47448,[0.74430991 0.61135203],3,-1,-1,1,-1
47449,[0.34767229 0.59134833],0,1,"[0.37965276877051146, 0.575157747726818]",1,-1
47450,[0.72848639 0.74417502],2,-1,-1,1,-1
47451,[0.37794782 0.59062475],0,1,"[0.37965276877051146, 0.575157747726818]",1,-1
47452,[0.67697598 0.62629036],3,3,"[0.6601234827680622, 0.6109507568947781]",1,-1
47453,[0.77006735 0.70262433],2,0,"[0.7890750777399501, 0.6799557517006445]",1,-1
47454,[0.61469847 0.59920354],3,3,"[0.6601234827680622, 0.6109507568947781]",1,-1
47455,[0.30417343 0.55151347],0,-1,-1,1,-1
47456,[0.2925707  0.48441944],0,-1,-1,1,-1
47457,[0.63027499 0.63692578],3,3,"[0.6601234827680622, 0.6109507568947781]",1,-1
47458,[0.84480608 0.67235356],2,0,"[0.7890750777399501, 0.6799557517006445]",1,-1
47459,[0.56629718 0.59405869],3,-1,-1,1,-1
47460,[0.39215765 0.42920603],0,-1,-1,1,-1
47461,[0.6689312 0.5607585],3,3,"[0.6601234827680622, 0.6109507568947781]",1,-1
47462,[0.66383665 0.63654516],2,3,"[0.6601234827680622, 0.6109507568947781]",1,-1
47463,[0.5007131  0.55149528],0,-1,-1,1,-1
47464,[0.71769037 0.63476063],3,3,"[0.6601234827680622, 0.6109507568947781]",1,-1
47465,[0.4228174  0.52780143],0,1,"[0.37965276877051146, 0.575157747726818]",1,-1
47466,[0.75580063 0.66449673],2,0,"[0.7890750777399501, 0.6799557517006445]",1,3
47467,[0.38326301 0.22675282],1,-1,-1,0,0
47468,[0.76028616 0.6933188 ],2,0,"[0.7890750777399501, 0.6799557517006445]",1,-1
47469,[0.22195249 0.14573955],1,-1,-1,0,0
47470,[0.74493551 0.66129533],3,0,"[0.7890750777399501, 0.6799557517006445]",1,-1
47471,[0.65835477 0.5738531 ],3,3,"[0.6601234827680622, 0.6109507568947781]",1,-1
47472,[0.68069869 0.56632146],3,3,"[0.6601234827680622, 0.6109507568947781]",1,-1
47473,[0.76889579 0.7376271 ],2,0,"[0.7890750777399501, 0.6799557517006445]",1,-1
47474,[0.35234129 0.54565288],0,1,"[0.37965276877051146, 0.575157747726818]",1,-1
47475,[0.67417145 0.58612705],3,3,"[0.6601234827680622, 0.6109507568947781]",1,-1
47476,[0.78387138 0.67332127],2,0,"[0.7890750777399501, 0.6799557517006445]",1,4
47477,[0.43453362 0.58694622],0,1,"[0.37965276877051146, 0.575157747726818]",1,-1
47478,[0.78007191 0.74075728],2,0,"[0.7890750777399501, 0.6799557517006445]",1,-1
47479,[0.65272145 0.63136855],3,3,"[0.6601234827680622, 0.6109507568947781]",1,-1
47480,[0.25984232 0.13737891],1,2,"[0.294379027732062, 0.1921773781634303]",0,0
47481,[0.26927651 0.50447345],0,-1,-1,1,-1
47482,[0.31969157 0.12474018],1,-1,-1,0,0
47483,[0.60152785 0.65359811],3,-1,-1,1,-1
47484,[0.26056162 0.10826549],1,-1,-1,0,0
47485,[0.69144811 0.61723853],3,3,"[0.6601234827680622, 0.6109507568947781]",1,-1
47486,[0.2932013  0.19528163],1,2,"[0.294379027732062, 0.1921773781634303]",0,0
47487,[0.35885632 0.61563365],0,1,"[0.37965276877051146, 0.575157747726818]",1,-1
47488,[0.66095808 0.65777517],3,3,"[0.6601234827680622, 0.6109507568947781]",1,-1
47489,[0.31458199 0.18817168],1,2,"[0.294379027732062, 0.1921773781634303]",0,0
47490,[0.82019801 0.71764995],2,0,"[0.7890750777399501, 0.6799557517006445]",1,-1
47491,[0.5896281  0.70400527],3,-1,-1,1,-1
47492,[0.36859758 0.52345878],0,1,"[0.37965276877051146, 0.575157747726818]",1,-1
47493,[0.33021385 0.66291853],0,-1,-1,1,-1
47494,[0.77248556 0.66877415],2,0,"[0.7890750777399501, 0.6799557517006445]",1,-1
47495,[0.59629167 0.53216764],3,-1,-1,1,-1
47496,[0.77133872 0.61307399],2,0,"[0.7890750777399501, 0.6799557517006445]",1,-1
47497,[0.28963228 0.18906589],1,2,"[0.294379027732062, 0.1921773781634303]",0,0
47498,[0.37068705 0.15887838],1,-1,-1,0,0
47499,[0.35672955 0.59241642],0,1,"[0.37965276877051146, 0.575157747726818]",1,-1
47500,[0.62652694 0.62559047],3,3,"[0.6601234827680622, 0.6109507568947781]",1,-1
47501,[0.16070952 0.23971966],1,-1,-1,0,0
47502,[0.37825628 0.25025566],1,-1,-1,0,0
47503,[0.39854477 0.57712186],0,1,"[0.37965276877051146, 0.575157747726818]",1,-1
47504,[0.75792094 0.63221669],2,0,"[0.7890750777399501, 0.6799557517006445]",1,-1
47505,[0.77134167 0.62999088],2,0,"[0.7890750777399501, 0.6799557517006445]",1,-1
47506,[0.74849691 0.59784898],2,-1,-1,1,-1
47507,[0.85280403 0.71499614],2,-1,-1,1,-1
47508,[0.88156458 0.68166021],2,-1,-1,1,-1
47509,[0.74945433 0.6843248 ],2,0,"[0.7890750777399501, 0.6799557517006445]",1,-1
47510,[0.63986181 0.66959801],3,3,"[0.6601234827680622, 0.6109507568947781]",1,-1
47511,[0.58817815 0.53188059],3,-1,-1,1,-1
47512,[0.28931457 0.1159363 ],1,-1,-1,0,0
47513,[0.34518788 0.62466407],0,1,"[0.37965276877051146, 0.575157747726818]",1,-1
47514,[0.72461246 0.77658197],2,-1,-1,1,-1
47515,[0.28421077 0.18803281],1,2,"[0.294379027732062, 0.1921773781634303]",0,0
47516,[0.3407413  0.24028919],1,2,"[0.294379027732062, 0.1921773781634303]",0,0
47517,[0.33317523 0.16293412],1,2,"[0.294379027732062, 0.1921773781634303]",0,0
47518,[0.58966829 0.64985338],3,-1,-1,1,-1
47519,[0.26838138 0.26600283],1,-1,-1,0,0
47520,[0.44132224 0.56164116],0,1,"[0.37965276877051146, 0.575157747726818]",1,-1
47521,[0.38831306 0.1673052 ],1,-1,-1,0,0
47522,[0.35326254 0.60706686],0,1,"[0.37965276877051146, 0.575157747726818]",1,-1
47523,[0.7910096  0.70191546],2,0,"[0.7890750777399501, 0.6799557517006445]",1,-1
47524,[0.81860134 0.59728785],2,-1,-1,1,-1
47525,[0.66973299 0.69003793],3,-1,-1,1,-1
47526,[0.83760926 0.59552228],2,-1,-1,1,-1
47527,[0.7699813  0.70434542],2,0,"[0.7890750777399501, 0.6799557517006445]",1,-1
47528,[0.6531936  0.63478664],3,3,"[0.6601234827680622, 0.6109507568947781]",1,-1
47529,[0.30831903 0.21255396],1,2,"[0.294379027732062, 0.1921773781634303]",0,0
47530,[0.45296909 0.56854105],0,-1,-1,1,-1
47531,[0.36078964 0.4891288 ],0,-1,-1,1,-1
47532,[0.76213422 0.62672398],2,0,"[0.7890750777399501, 0.6799557517006445]",1,-1
47533,[0.32839293 0.08997674],1,-1,-1,0,0
47534,[0.70520648 0.60713042],3,3,"[0.6601234827680622, 0.6109507568947781]",1,-1
47535,[0.76164526 0.70090942],2,0,"[0.7890750777399501, 0.6799557517006445]",1,-1
47536,[0.60335495 0.59833777],3,3,"[0.6601234827680622, 0.6109507568947781]",1,-1
47537,[0.65748677 0.73057909],3,-1,-1,1,-1
47538,[0.36661551 0.581622  ],0,1,"[0.37965276877051146, 0.575157747726818]",1,-1
47539,[0.29015049 0.17215527],1,2,"[0.294379027732062, 0.1921773781634303]",0,0
47540,[0.33004039 0.52034228],0,-1,-1,1,-1
47541,[0.38853708 0.56212571],0,1,"[0.37965276877051146, 0.575157747726818]",1,-1
47542,[0.36015363 0.57091782],0,1,"[0.37965276877051146, 0.575157747726818]",1,-1
47543,[0.23870351 0.18839109],1,2,"[0.294379027732062, 0.1921773781634303]",0,0
47544,[0.7873232  0.68066622],2,0,"[0.7890750777399501, 0.6799557517006445]",1,-1
47545,[0.30421298 0.25909554],1,2,"[0.294379027732062, 0.1921773781634303]",0,0
47546,[0.29622763 0.66987245],0,-1,-1,1,-1
47547,[0.59269818 0.73467047],3,-1,-1,1,-1
47548,[0.80813677 0.71386605],2,0,"[0.7890750777399501, 0.6799557517006445]",1,-1
47549,[0.69410074 0.68083355],3,-1,-1,1,-1
47550,[0.60935766 0.6090325 ],3,3,"[0.6601234827680622, 0.6109507568947781]",1,-1
47551,[0.37467127 0.18066379],1,-1,-1,0,0
47552,[0.2754959  0.16589355],1,2,"[0.294379027732062, 0.1921773781634303]",0,0
47553,[0.32103083 0.16603285],1,2,"[0.294379027732062, 0.1921773781634303]",0,0
47554,[0.68226986 0.58942806],3,3,"[0.6601234827680622, 0.6109507568947781]",1,-1
47555,[0.45703625 0.65028712],0,-1,-1,1,-1
47556,[0.72741509 0.65371257],3,0,"[0.7890750777399501, 0.6799557517006445]",1,-1
47557,[0.36264047 0.6018637 ],0,1,"[0.37965276877051146, 0.575157747726818]",1,-1
47558,[0.65309052 0.56818974],3,3,"[0.6601234827680622, 0.6109507568947781]",1,-1
47559,[0.79238684 0.71215803],2,0,"[0.7890750777399501, 0.6799557517006445]",1,-1
47560,[0.82680059 0.74181805],2,-1,-1,1,-1
47561,[0.37297191 0.49847711],0,-1,-1,1,-1
47562,[0.29757703 0.15597529],1,2,"[0.294379027732062, 0.1921773781634303]",0,0
47563,[0.29801139 0.11022209],1,-1,-1,0,0
47564,[0.34523888 0.62332093],0,1,"[0.37965276877051146, 0.575157747726818]",1,-1
47565,[0.30437311 0.12215972],1,-1,-1,0,0
47566,[0.68820094 0.70374713],2,-1,-1,1,-1
47567,[0.41457105 0.56933194],0,1,"[0.37965276877051146, 0.575157747726818]",1,-1
47568,[0.80154412 0.61266751],2,0,"[0.7890750777399501, 0.6799557517006445]",1,-1
47569,[0.27725616 0.14901732],1,2,"[0.294379027732062, 0.1921773781634303]",0,0
47570,[0.69097527 0.72128891],2,-1,-1,1,-1
47571,[0.33896178 0.6572078 ],0,-1,-1,1,-1
47572,[0.77048943 0.65718332],2,0,"[0.7890750777399501, 0.6799557517006445]",1,-1
47573,[0.2926899 0.2506083],1,2,"[0.294379027732062, 0.1921773781634303]",0,0
47574,[0.40560535 0.58888075],0,1,"[0.37965276877051146, 0.575157747726818]",1,-1
47575,[0.7740492 0.6354523],2,0,"[0.7890750777399501, 0.6799557517006445]",1,-1
47576,[0.66692001 0.63997021],3,3,"[0.6601234827680622, 0.6109507568947781]",1,-1
47577,[0.83847427 0.70222407],2,0,"[0.7890750777399501, 0.6799557517006445]",1,-1
47578,[0.66058106 0.57437149],3,3,"[0.6601234827680622, 0.6109507568947781]",1,-1
47579,[0.25798382 0.20469766],1,2,"[0.294379027732062, 0.1921773781634303]",0,0
47580,[0.33301157 0.20980213],1,2,"[0.294379027732062, 0.1921773781634303]",0,0
47581,[0.37647909 0.57612445],0,1,"[0.37965276877051146, 0.575157747726818]",1,1
47582,[0.70718295 0.65462603],3,3,"[0.6601234827680622, 0.6109507568947781]",1,-1
47583,[0.34526345 0.6018602 ],0,1,"[0.37965276877051146, 0.575157747726818]",1,-1
47584,[0.64796246 0.66891996],3,3,"[0.6601234827680622, 0.6109507568947781]",1,-1
47585,[0.34136787 0.29713461],1,-1,-1,0,0
47586,[0.76962962 0.65875294],2,0,"[0.7890750777399501, 0.6799557517006445]",1,3
47587,[0.3916412  0.63838848],0,1,"[0.37965276877051146, 0.575157747726818]",1,-1
47588,[0.67364704 0.6509399 ],2,3,"[0.6601234827680622, 0.6109507568947781]",1,-1
47589,[0.32303755 0.14471267],1,2,"[0.294379027732062, 0.1921773781634303]",0,0
47590,[0.70837332 0.75327629],2,-1,-1,1,-1
47591,[0.42368944 0.50649766],0,-1,-1,1,-1
47592,[0.60534854 0.59228143],3,3,"[0.6601234827680622, 0.6109507568947781]",1,-1
47593,[0.29000878 0.2661164 ],1,-1,-1,0,0
47594,[0.89936326 0.66403886],2,-1,-1,1,-1
47595,[0.83637907 0.69023512],2,0,"[0.7890750777399501, 0.6799557517006445]",1,-1
47596,[0.36149452 0.21456071],1,-1,-1,0,0
47597,[0.23728868 0.22783445],1,2,"[0.294379027732062, 0.1921773781634303]",0,0
47598,[0.76571805 0.78176742],2,-1,-1,1,-1
47599,[0.77094153 0.76046856],2,-1,-1,1,-1
47600,[0.85500014 0.69050523],2,0,"[0.7890750777399501, 0.6799557517006445]",1,-1
47601,[0.44253602 0.55964361],0,1,"[0.37965276877051146, 0.575157747726818]",1,-1
47602,[0.7083556  0.49979636],3,-1,-1,1,-1
47603,[0.44601164 0.5531191 ],0,1,"[0.37965276877051146, 0.575157747726818]",1,-1
47604,[0.70991741 0.5444154 ],3,-1,-1,1,-1
47605,[0.42398173 0.54673951],0,1,"[0.37965276877051146, 0.575157747726818]",1,-1
47606,[0.82183856 0.71819762],2,0,"[0.7890750777399501, 0.6799557517006445]",1,-1
47607,[0.76555081 0.60254913],2,-1,-1,1,-1
47608,[0.68185242 0.61541847],3,3,"[0.6601234827680622, 0.6109507568947781]",1,5
47609,[0.74257256 0.68903405],2,0,"[0.7890750777399501, 0.6799557517006445]",1,-1
47610,[0.83626434 0.64183098],2,0,"[0.7890750777399501, 0.6799557517006445]",1,-1
47611,[0.6609174  0.58232542],3,3,"[0.6601234827680622, 0.6109507568947781]",1,-1
47612,[0.34128086 0.1369548 ],1,-1,-1,0,0
47613,[0.56833577 0.64087399],3,-1,-1,1,-1
47614,[0.32685397 0.1923508 ],1,2,"[0.294379027732062, 0.1921773781634303]",0,0
47615,[0.60067397 0.66289097],3,-1,-1,1,-1
47616,[0.78146206 0.66848031],2,0,"[0.7890750777399501, 0.6799557517006445]",1,-1
47617,[0.6222729  0.68257518],3,-1,-1,1,-1
47618,[0.29435971 0.18889634],1,2,"[0.294379027732062, 0.1921773781634303]",0,0
47619,[0.75238035 0.65734084],2,0,"[0.7890750777399501, 0.6799557517006445]",1,-1
47620,[0.90613223 0.72894917],2,-1,-1,1,-1
47621,[0.43586234 0.53902846],0,1,"[0.37965276877051146, 0.575157747726818]",1,-1
47622,[0.1994284  0.18513966],1,-1,-1,0,0
47623,[0.39723888 0.58757815],0,1,"[0.37965276877051146, 0.575157747726818]",1,-1
47624,[0.32871702 0.50382167],0,-1,-1,1,-1
47625,[0.76017914 0.63557612],2,0,"[0.7890750777399501, 0.6799557517006445]",1,-1
47626,[0.78902385 0.6510272 ],2,0,"[0.7890750777399501, 0.6799557517006445]",1,-1
47627,[0.40223224 0.47714141],0,-1,-1,1,-1
47628,[0.75088342 0.70648456],2,0,"[0.7890750777399501, 0.6799557517006445]",1,-1
47629,[0.37326688 0.28337431],1,-1,-1,0,0
47630,[0.70025326 0.70569152],2,-1,-1,1,-1
47631,[0.77927349 0.67046973],2,0,"[0.7890750777399501, 0.6799557517006445]",1,3
47632,[0.28632042 0.49006397],0,-1,-1,1,-1
47633,[0.84552362 0.65218361],2,0,"[0.7890750777399501, 0.6799557517006445]",1,-1
47634,[0.3874449  0.55889415],0,1,"[0.37965276877051146, 0.575157747726818]",1,-1
47635,[0.3968724  0.60084037],0,1,"[0.37965276877051146, 0.575157747726818]",1,-1
47636,[0.24420801 0.21961121],1,2,"[0.294379027732062, 0.1921773781634303]",0,0
47637,[0.41545126 0.49663888],0,-1,-1,1,-1
47638,[0.78510601 0.67352489],2,0,"[0.7890750777399501, 0.6799557517006445]",1,4
47639,[0.64820043 0.57182935],3,3,"[0.6601234827680622, 0.6109507568947781]",1,-1
47640,[0.32549366 0.61412397],0,1,"[0.37965276877051146, 0.575157747726818]",1,-1
47641,[0.3605192  0.56012626],0,1,"[0.37965276877051146, 0.575157747726818]",1,-1
47642,[0.3528988  0.20068815],1,2,"[0.294379027732062, 0.1921773781634303]",0,0
47643,[0.38236053 0.65095054],0,-1,-1,1,-1
47644,[0.64652201 0.57154453],3,3,"[0.6601234827680622, 0.6109507568947781]",1,-1
47645,[0.24395399 0.25217262],1,-1,-1,0,0
47646,[0.67407683 0.63494617],3,3,"[0.6601234827680622, 0.6109507568947781]",1,-1
47647,[0.41035764 0.63775263],0,1,"[0.37965276877051146, 0.575157747726818]",1,-1
47648,[0.40958858 0.56977873],0,1,"[0.37965276877051146, 0.575157747726818]",1,2
47649,[0.84396395 0.70582017],2,0,"[0.7890750777399501, 0.6799557517006445]",1,-1
47650,[0.63716045 0.63534947],3,3,"[0.6601234827680622, 0.6109507568947781]",1,-1
47651,[0.57887164 0.56651278],3,-1,-1,1,-1
47652,[0.27496198 0.16848915],1,2,"[0.294379027732062, 0.1921773781634303]",0,0
47653,[0.75282691 0.4972876 ],3,-1,-1,1,-1
47654,[0.3088259  0.20791813],1,2,"[0.294379027732062, 0.1921773781634303]",0,0
47655,[0.19465189 0.10164466],1,-1,-1,0,0
47656,[0.4166445  0.59224789],0,1,"[0.37965276877051146, 0.575157747726818]",1,-1
47657,[0.2142997  0.24369596],1,-1,-1,0,0
47658,[0.43202974 0.66461947],0,-1,-1,1,-1
47659,[0.3387131  0.55243702],0,1,"[0.37965276877051146, 0.575157747726818]",1,-1
47660,[0.695231   0.65616089],2,3,"[0.6601234827680622, 0.6109507568947781]",1,-1
47661,[0.65573226 0.62038424],3,3,"[0.6601234827680622, 0.6109507568947781]",1,7
47662,[0.70098771 0.58335199],3,3,"[0.6601234827680622, 0.6109507568947781]",1,-1
47663,[0.67789136 0.68405439],2,-1,-1,1,-1
47664,[0.33925259 0.65703831],0,-1,-1,1,-1
47665,[0.79684851 0.70366617],2,0,"[0.7890750777399501, 0.6799557517006445]",1,-1
47666,[0.80767927 0.74464121],2,0,"[0.7890750777399501, 0.6799557517006445]",1,-1
47667,[0.70344863 0.61259846],2,3,"[0.6601234827680622, 0.6109507568947781]",1,-1
47668,[0.49184237 0.51126143],0,-1,-1,1,-1
47669,[0.63543674 0.63104026],3,3,"[0.6601234827680622, 0.6109507568947781]",1,-1
47670,[0.83947505 0.51358106],2,-1,-1,1,-1
47671,[0.60842053 0.56074793],3,-1,-1,1,-1
47672,[0.29717481 0.22926012],1,2,"[0.294379027732062, 0.1921773781634303]",0,0
47673,[0.4315332  0.56974877],0,1,"[0.37965276877051146, 0.575157747726818]",1,-1
47674,[0.60612109 0.58442015],3,3,"[0.6601234827680622, 0.6109507568947781]",1,-1
47675,[0.58783747 0.54623342],3,-1,-1,1,-1
47676,[0.55161231 0.60063023],3,-1,-1,1,-1
47677,[0.7530304  0.49658392],3,-1,-1,1,-1
47678,[0.35502134 0.53094297],0,1,"[0.37965276877051146, 0.575157747726818]",1,-1
47679,[0.70707406 0.68184497],3,-1,-1,1,-1
47680,[0.67735878 0.57227713],3,3,"[0.6601234827680622, 0.6109507568947781]",1,-1
47681,[0.65829845 0.57277656],3,3,"[0.6601234827680622, 0.6109507568947781]",1,-1
47682,[0.67759286 0.63927984],3,3,"[0.6601234827680622, 0.6109507568947781]",1,-1
47683,[0.81992924 0.70571919],2,0,"[0.7890750777399501, 0.6799557517006445]",1,-1
47684,[0.20915282 0.17490984],1,-1,-1,0,0
47685,[0.86802056 0.72668797],2,-1,-1,1,-1
47686,[0.78930355 0.70714432],2,0,"[0.7890750777399501, 0.6799557517006445]",1,-1
47687,[0.71634094 0.61544524],3,3,"[0.6601234827680622, 0.6109507568947781]",1,-1
47688,[0.3751989  0.68597204],0,-1,-1,1,-1
47689,[0.41636438 0.69779492],0,-1,-1,1,-1
47690,[0.28137867 0.17659818],1,2,"[0.294379027732062, 0.1921773781634303]",0,0
47691,[0.25573832 0.15819544],1,2,"[0.294379027732062, 0.1921773781634303]",0,0
47692,[0.64594869 0.66520198],3,3,"[0.6601234827680622, 0.6109507568947781]",1,-1
47693,[0.2617689  0.19682136],1,2,"[0.294379027732062, 0.1921773781634303]",0,0
47694,[0.40202699 0.59678638],0,1,"[0.37965276877051146, 0.575157747726818]",1,-1
47695,[0.64445154 0.5877229 ],3,3,"[0.6601234827680622, 0.6109507568947781]",1,-1
47696,[0.69683728 0.58147074],3,3,"[0.6601234827680622, 0.6109507568947781]",1,-1
47697,[0.35876598 0.57893092],0,1,"[0.37965276877051146, 0.575157747726818]",1,-1
47698,[0.29244894 0.16359522],1,2,"[0.294379027732062, 0.1921773781634303]",0,0
47699,[0.362788   0.59415438],0,1,"[0.37965276877051146, 0.575157747726818]",1,-1
47700,[0.6026789  0.58152613],3,3,"[0.6601234827680622, 0.6109507568947781]",1,-1
47701,[0.64471747 0.58697075],3,3,"[0.6601234827680622, 0.6109507568947781]",1,-1
47702,[0.78716184 0.64939867],2,0,"[0.7890750777399501, 0.6799557517006445]",1,-1
47703,[0.75231346 0.5693312 ],3,-1,-1,1,-1
47704,[0.39397992 0.61355885],0,1,"[0.37965276877051146, 0.575157747726818]",1,-1
47705,[0.68828216 0.559355  ],3,3,"[0.6601234827680622, 0.6109507568947781]",1,-1
47706,[0.75374653 0.65873889],2,0,"[0.7890750777399501, 0.6799557517006445]",1,-1
47707,[0.33080822 0.55196865],0,1,"[0.37965276877051146, 0.575157747726818]",1,-1
47708,[0.8213384  0.71694853],2,0,"[0.7890750777399501, 0.6799557517006445]",1,-1
47709,[0.78053191 0.65929875],2,0,"[0.7890750777399501, 0.6799557517006445]",1,-1
47710,[0.37552827 0.5856329 ],0,1,"[0.37965276877051146, 0.575157747726818]",1,-1
47711,[0.76929789 0.65973227],2,0,"[0.7890750777399501, 0.6799557517006445]",1,3
47712,[0.81934231 0.65829213],2,0,"[0.7890750777399501, 0.6799557517006445]",1,-1
47713,[0.7950715  0.71847879],2,0,"[0.7890750777399501, 0.6799557517006445]",1,-1
47714,[0.36970903 0.11546013],1,-1,-1,0,0
47715,[0.76707309 0.70237472],2,0,"[0.7890750777399501, 0.6799557517006445]",1,-1
47716,[0.79868704 0.63181903],2,0,"[0.7890750777399501, 0.6799557517006445]",1,-1
47717,[0.73995673 0.55987276],3,-1,-1,1,-1
47718,[0.39884304 0.59596384],0,1,"[0.37965276877051146, 0.575157747726818]",1,-1
47719,[0.39284004 0.4940552 ],0,-1,-1,1,-1
47720,[0.30960723 0.21987956],1,2,"[0.294379027732062, 0.1921773781634303]",0,0
47721,[0.77772095 0.60682406],2,-1,-1,1,-1
47722,[0.61416553 0.63100582],3,3,"[0.6601234827680622, 0.6109507568947781]",1,-1
47723,[0.35606953 0.65263883],0,-1,-1,1,-1
47724,[0.28099835 0.21193843],1,2,"[0.294379027732062, 0.1921773781634303]",0,0
47725,[0.74834678 0.67492766],3,0,"[0.7890750777399501, 0.6799557517006445]",1,-1
47726,[0.78287291 0.73154564],2,0,"[0.7890750777399501, 0.6799557517006445]",1,-1
47727,[0.29230385 0.1943354 ],1,2,"[0.294379027732062, 0.1921773781634303]",0,0
47728,[0.37856034 0.62466999],0,1,"[0.37965276877051146, 0.575157747726818]",1,-1
47729,[0.20583081 0.1335889 ],1,-1,-1,0,0
47730,[0.41859201 0.51230656],0,-1,-1,1,-1
47731,[0.63642903 0.60025475],3,3,"[0.6601234827680622, 0.6109507568947781]",1,-1
47732,[0.67263458 0.57053717],3,3,"[0.6601234827680622, 0.6109507568947781]",1,-1
47733,[0.33994917 0.19721272],1,2,"[0.294379027732062, 0.1921773781634303]",0,0
47734,[0.26592118 0.20547458],1,2,"[0.294379027732062, 0.1921773781634303]",0,0
47735,[0.71618912 0.56564991],3,-1,-1,1,-1
47736,[0.30183322 0.26147521],1,2,"[0.294379027732062, 0.1921773781634303]",0,0
47737,[0.82861154 0.66402005],2,0,"[0.7890750777399501, 0.6799557517006445]",1,-1
47738,[0.34983206 0.66111578],0,-1,-1,1,-1
47739,[0.328305  0.5575664],0,1,"[0.37965276877051146, 0.575157747726818]",1,-1
47740,[0.34243736 0.64830463],0,-1,-1,1,-1
47741,[0.46863451 0.49897512],0,-1,-1,1,-1
47742,[0.31099127 0.2390628 ],1,2,"[0.294379027732062, 0.1921773781634303]",0,0
47743,[0.3123282  0.57894377],0,1,"[0.37965276877051146, 0.575157747726818]",1,-1
47744,[0.6673288  0.67680504],3,3,"[0.6601234827680622, 0.6109507568947781]",1,-1
47745,[0.82536916 0.77471768],2,-1,-1,1,-1
47746,[0.41944297 0.54823378],0,1,"[0.37965276877051146, 0.575157747726818]",1,-1
47747,[0.23846265 0.09918181],1,-1,-1,0,0
47748,[0.63928701 0.61347053],3,3,"[0.6601234827680622, 0.6109507568947781]",1,-1
47749,[0.35371519 0.23012475],1,-1,-1,0,0
47750,[0.39061952 0.54449062],0,1,"[0.37965276877051146, 0.575157747726818]",1,-1
47751,[0.77353716 0.61983908],2,0,"[0.7890750777399501, 0.6799557517006445]",1,-1
47752,[0.28430996 0.20221942],1,2,"[0.294379027732062, 0.1921773781634303]",0,0
47753,[0.34778387 0.56103543],0,1,"[0.37965276877051146, 0.575157747726818]",1,-1
47754,[0.26949934 0.16681107],1,2,"[0.294379027732062, 0.1921773781634303]",0,0
47755,[0.90043222 0.7664363 ],2,-1,-1,1,-1
47756,[0.73790942 0.6341765 ],2,0,"[0.7890750777399501, 0.6799557517006445]",1,-1
47757,[0.6913874  0.51947872],3,-1,-1,1,-1
47758,[0.29570229 0.11130107],1,-1,-1,0,0
47759,[0.84193557 0.73694973],2,-1,-1,1,-1
47760,[0.38106714 0.63448803],0,1,"[0.37965276877051146, 0.575157747726818]",1,-1
47761,[0.65257531 0.5547906 ],3,3,"[0.6601234827680622, 0.6109507568947781]",1,-1
47762,[0.30217838 0.2348596 ],1,2,"[0.294379027732062, 0.1921773781634303]",0,0
47763,[0.59266473 0.65160448],3,-1,-1,1,-1
47764,[0.71240389 0.68612438],2,-1,-1,1,-1
47765,[0.83699095 0.69902392],2,0,"[0.7890750777399501, 0.6799557517006445]",1,-1
47766,[0.38270873 0.60448411],0,1,"[0.37965276877051146, 0.575157747726818]",1,-1
47767,[0.73132163 0.66320673],3,0,"[0.7890750777399501, 0.6799557517006445]",1,-1
47768,[0.77736689 0.76200696],2,-1,-1,1,-1
47769,[0.84776955 0.6342452 ],2,-1,-1,1,-1
47770,[0.69005621 0.60154582],3,3,"[0.6601234827680622, 0.6109507568947781]",1,-1
47771,[0.8067885  0.71528317],2,0,"[0.7890750777399501, 0.6799557517006445]",1,-1
47772,[0.69971026 0.64447361],3,3,"[0.6601234827680622, 0.6109507568947781]",1,-1
47773,[0.43942127 0.61216534],0,-1,-1,1,-1
47774,[0.31133157 0.55091347],0,-1,-1,1,-1
47775,[0.77840201 0.66531247],2,0,"[0.7890750777399501, 0.6799557517006445]",1,3
47776,[0.80842586 0.59930202],2,-1,-1,1,-1
47777,[0.38810812 0.58721493],0,1,"[0.37965276877051146, 0.575157747726818]",1,-1
47778,[0.80883477 0.67949848],2,0,"[0.7890750777399501, 0.6799557517006445]",1,4
47779,[0.33642645 0.09912527],1,-1,-1,0,0
47780,[0.22085257 0.24113852],1,-1,-1,0,0
47781,[0.3596663  0.54918554],0,1,"[0.37965276877051146, 0.575157747726818]",1,-1
47782,[0.73784572 0.67344321],3,0,"[0.7890750777399501, 0.6799557517006445]",1,-1
47783,[0.30364296 0.57122873],0,-1,-1,1,-1
47784,[0.3466124  0.20568674],1,2,"[0.294379027732062, 0.1921773781634303]",0,0
47785,[0.40629086 0.60695057],0,1,"[0.37965276877051146, 0.575157747726818]",1,-1
47786,[0.82355884 0.59498311],2,-1,-1,1,-1
47787,[0.43712189 0.64773735],0,-1,-1,1,-1
47788,[0.26038503 0.18926403],1,2,"[0.294379027732062, 0.1921773781634303]",0,0
47789,[0.3957698  0.17232372],1,-1,-1,0,0
47790,[0.35197084 0.56164134],0,1,"[0.37965276877051146, 0.575157747726818]",1,-1
47791,[0.62894767 0.69146854],3,-1,-1,1,-1
47792,[0.3388766  0.62405217],0,1,"[0.37965276877051146, 0.575157747726818]",1,-1
47793,[0.32302227 0.18903349],1,2,"[0.294379027732062, 0.1921773781634303]",0,0
47794,[0.36224951 0.51326188],0,1,"[0.37965276877051146, 0.575157747726818]",1,-1
47795,[0.81958262 0.66969642],2,0,"[0.7890750777399501, 0.6799557517006445]",1,-1
47796,[0.80323478 0.68437254],2,0,"[0.7890750777399501, 0.6799557517006445]",1,-1
47797,[0.76240428 0.54776048],3,-1,-1,1,-1
47798,[0.29823625 0.59093893],0,-1,-1,1,-1
47799,[0.30911316 0.21873511],1,2,"[0.294379027732062, 0.1921773781634303]",0,0
47800,[0.41668242 0.6509777 ],0,-1,-1,1,-1
47801,[0.36741752 0.56146806],0,1,"[0.37965276877051146, 0.575157747726818]",1,1
47802,[0.79734915 0.82471621],2,-1,-1,1,-1
47803,[0.79334741 0.77447613],2,-1,-1,1,-1
47804,[0.84021509 0.65177785],2,0,"[0.7890750777399501, 0.6799557517006445]",1,-1
47805,[0.81872058 0.76820454],2,-1,-1,1,-1
47806,[0.37062464 0.15756584],1,-1,-1,0,0
47807,[0.59219896 0.67709342],3,-1,-1,1,-1
47808,[0.74225432 0.63992926],2,0,"[0.7890750777399501, 0.6799557517006445]",1,-1
47809,[0.73485201 0.58491295],3,-1,-1,1,-1
47810,[0.80920634 0.64493902],2,0,"[0.7890750777399501, 0.6799557517006445]",1,-1
47811,[0.67612276 0.61990352],3,3,"[0.6601234827680622, 0.6109507568947781]",1,-1
47812,[0.75504587 0.68326047],2,0,"[0.7890750777399501, 0.6799557517006445]",1,-1
47813,[0.75672042 0.59540868],2,-1,-1,1,-1
47814,[0.82972132 0.71552693],2,0,"[0.7890750777399501, 0.6799557517006445]",1,-1
47815,[0.82710406 0.71181237],2,0,"[0.7890750777399501, 0.6799557517006445]",1,-1
47816,[0.38438558 0.13444461],1,-1,-1,0,0
47817,[0.41214212 0.56126173],0,1,"[0.37965276877051146, 0.575157747726818]",1,-1
47818,[0.25256307 0.12365193],1,-1,-1,0,0
47819,[0.85411092 0.75943073],2,-1,-1,1,-1
47820,[0.26716078 0.26882009],1,-1,-1,0,0
47821,[0.30341547 0.54665141],0,-1,-1,1,-1
47822,[0.77451313 0.67886016],2,0,"[0.7890750777399501, 0.6799557517006445]",1,-1
47823,[0.19539091 0.16779847],1,-1,-1,0,0
47824,[0.34614554 0.6090789 ],0,1,"[0.37965276877051146, 0.575157747726818]",1,-1
47825,[0.38409374 0.62991561],0,1,"[0.37965276877051146, 0.575157747726818]",1,-1
47826,[0.73886455 0.73883994],2,-1,-1,1,-1
47827,[0.6226475  0.54804792],3,-1,-1,1,-1
47828,[0.81976244 0.78013237],2,-1,-1,1,-1
47829,[0.41074464 0.18465399],1,-1,-1,0,0
47830,[0.25841111 0.17531321],1,2,"[0.294379027732062, 0.1921773781634303]",0,0
47831,[0.39367517 0.53526703],0,1,"[0.37965276877051146, 0.575157747726818]",1,-1
47832,[0.26315292 0.18680826],1,2,"[0.294379027732062, 0.1921773781634303]",0,0
47833,[0.35147981 0.61865693],0,1,"[0.37965276877051146, 0.575157747726818]",1,-1
47834,[0.37044713 0.17364864],1,-1,-1,0,0
47835,[0.34262038 0.14587848],1,2,"[0.294379027732062, 0.1921773781634303]",0,0
47836,[0.26502836 0.17620311],1,2,"[0.294379027732062, 0.1921773781634303]",0,0
47837,[0.7700491  0.65960436],2,0,"[0.7890750777399501, 0.6799557517006445]",1,3
47838,[0.33155902 0.54637809],0,1,"[0.37965276877051146, 0.575157747726818]",1,-1
47839,[0.65772261 0.61301149],3,3,"[0.6601234827680622, 0.6109507568947781]",1,-1
47840,[0.68570444 0.68784828],3,-1,-1,1,-1
47841,[0.60101646 0.65914399],3,-1,-1,1,-1
47842,[0.69761782 0.67412059],3,-1,-1,1,-1
47843,[0.35821172 0.57740413],0,1,"[0.37965276877051146, 0.575157747726818]",1,-1
47844,[0.29328516 0.20359478],1,2,"[0.294379027732062, 0.1921773781634303]",0,0
47845,[0.8527231  0.71954419],2,-1,-1,1,-1
47846,[0.36700252 0.5211674 ],0,1,"[0.37965276877051146, 0.575157747726818]",1,-1
47847,[0.61784585 0.61553217],3,3,"[0.6601234827680622, 0.6109507568947781]",1,-1
47848,[0.23318609 0.23460213],1,-1,-1,0,0
47849,[0.70982488 0.72013174],2,-1,-1,1,-1
47850,[0.39984412 0.54921352],0,1,"[0.37965276877051146, 0.575157747726818]",1,-1
47851,[0.2305287 0.1197094],1,-1,-1,0,0
47852,[0.24691992 0.07573404],1,-1,-1,0,0
47853,[0.26133543 0.17221002],1,2,"[0.294379027732062, 0.1921773781634303]",0,0
47854,[0.31615553 0.20704446],1,2,"[0.294379027732062, 0.1921773781634303]",0,0
47855,[0.79891878 0.72927   ],2,0,"[0.7890750777399501, 0.6799557517006445]",1,-1
47856,[0.35291639 0.12615283],1,-1,-1,0,0
47857,[0.76834155 0.74049599],2,0,"[0.7890750777399501, 0.6799557517006445]",1,-1
47858,[0.3568067  0.51483786],0,1,"[0.37965276877051146, 0.575157747726818]",1,-1
47859,[0.35576396 0.13844195],1,-1,-1,0,0
47860,[0.42904839 0.55731717],0,1,"[0.37965276877051146, 0.575157747726818]",1,-1
47861,[0.26274793 0.24571487],1,2,"[0.294379027732062, 0.1921773781634303]",0,0
47862,[0.7188929  0.58107418],3,3,"[0.6601234827680622, 0.6109507568947781]",1,-1
47863,[0.68299657 0.58651042],3,3,"[0.6601234827680622, 0.6109507568947781]",1,-1
47864,[0.37437899 0.52092379],0,1,"[0.37965276877051146, 0.575157747726818]",1,-1
47865,[0.42561321 0.54153127],0,1,"[0.37965276877051146, 0.575157747726818]",1,-1
47866,[0.80741374 0.72972393],2,0,"[0.7890750777399501, 0.6799557517006445]",1,-1
47867,[0.7646593  0.67572223],2,0,"[0.7890750777399501, 0.6799557517006445]",1,-1
47868,[0.84024786 0.71648059],2,0,"[0.7890750777399501, 0.6799557517006445]",1,-1
47869,[0.30940302 0.22327077],1,2,"[0.294379027732062, 0.1921773781634303]",0,0
47870,[0.80352047 0.81682911],2,-1,-1,1,-1
47871,[0.3777998  0.51120638],0,1,"[0.37965276877051146, 0.575157747726818]",1,-1
47872,[0.31293343 0.5579448 ],0,1,"[0.37965276877051146, 0.575157747726818]",1,-1
47873,[0.34128664 0.22777013],1,2,"[0.294379027732062, 0.1921773781634303]",0,0
47874,[0.30783633 0.07883947],1,-1,-1,0,0
47875,[0.34267675 0.59828601],0,1,"[0.37965276877051146, 0.575157747726818]",1,-1
47876,[0.41237158 0.569936  ],0,1,"[0.37965276877051146, 0.575157747726818]",1,2
47877,[0.79920736 0.58987464],2,-1,-1,1,-1
47878,[0.34415418 0.57024677],0,1,"[0.37965276877051146, 0.575157747726818]",1,-1
47879,[0.27629999 0.15774718],1,2,"[0.294379027732062, 0.1921773781634303]",0,0
47880,[0.37181444 0.40655214],0,-1,-1,1,-1
47881,[0.70071509 0.5633834 ],3,3,"[0.6601234827680622, 0.6109507568947781]",1,-1
47882,[0.29117675 0.24454885],1,2,"[0.294379027732062, 0.1921773781634303]",0,0
47883,[0.30168709 0.59466019],0,-1,-1,1,-1
47884,[0.20962755 0.18565926],1,-1,-1,0,0
47885,[0.24642182 0.18556136],1,2,"[0.294379027732062, 0.1921773781634303]",0,0
47886,[0.37201264 0.56325519],0,1,"[0.37965276877051146, 0.575157747726818]",1,1
47887,[0.31395166 0.09981602],1,-1,-1,0,0
47888,[0.28089369 0.22834483],1,2,"[0.294379027732062, 0.1921773781634303]",0,0
47889,[0.78129058 0.7243544 ],2,0,"[0.7890750777399501, 0.6799557517006445]",1,-1
47890,[0.74368141 0.77149625],2,-1,-1,1,-1
47891,[0.79928716 0.69717727],2,0,"[0.7890750777399501, 0.6799557517006445]",1,-1
47892,[0.72261568 0.74490736],2,-1,-1,1,-1
47893,[0.72026529 0.57791354],3,3,"[0.6601234827680622, 0.6109507568947781]",1,-1
47894,[0.70148668 0.58127077],3,3,"[0.6601234827680622, 0.6109507568947781]",1,-1
47895,[0.37468777 0.43834725],0,-1,-1,1,-1
47896,[0.77578966 0.72204464],2,0,"[0.7890750777399501, 0.6799557517006445]",1,-1
47897,[0.64654302 0.5872973 ],3,3,"[0.6601234827680622, 0.6109507568947781]",1,-1
47898,[0.66653843 0.61499931],3,3,"[0.6601234827680622, 0.6109507568947781]",1,-1
47899,[0.4222658  0.59427035],0,1,"[0.37965276877051146, 0.575157747726818]",1,-1
47900,[0.23575221 0.19439535],1,2,"[0.294379027732062, 0.1921773781634303]",0,0
47901,[0.33377229 0.57712945],0,1,"[0.37965276877051146, 0.575157747726818]",1,-1
47902,[0.63580291 0.67465693],3,3,"[0.6601234827680622, 0.6109507568947781]",1,-1
47903,[0.37258976 0.56076881],0,1,"[0.37965276877051146, 0.575157747726818]",1,-1
47904,[0.33385322 0.58583516],0,1,"[0.37965276877051146, 0.575157747726818]",1,-1
47905,[0.62670994 0.64651096],3,3,"[0.6601234827680622, 0.6109507568947781]",1,-1
47906,[0.67202638 0.70095346],3,-1,-1,1,-1
47907,[0.69388568 0.59486693],3,3,"[0.6601234827680622, 0.6109507568947781]",1,-1
47908,[0.82380127 0.68819878],2,0,"[0.7890750777399501, 0.6799557517006445]",1,-1
47909,[0.64418182 0.62255189],3,3,"[0.6601234827680622, 0.6109507568947781]",1,-1
47910,[0.36821537 0.51135303],0,1,"[0.37965276877051146, 0.575157747726818]",1,-1
47911,[0.65481908 0.55856084],3,3,"[0.6601234827680622, 0.6109507568947781]",1,-1
47912,[0.77978265 0.63690736],3,0,"[0.7890750777399501, 0.6799557517006445]",1,-1
47913,[0.37419947 0.56737544],0,1,"[0.37965276877051146, 0.575157747726818]",1,1
47914,[0.23682101 0.23153854],1,2,"[0.294379027732062, 0.1921773781634303]",0,0
47915,[0.39762708 0.53096778],0,1,"[0.37965276877051146, 0.575157747726818]",1,-1
47916,[0.28481922 0.59735182],0,-1,-1,1,-1
47917,[0.28994108 0.19868407],1,2,"[0.294379027732062, 0.1921773781634303]",0,0
47918,[0.83026149 0.72186813],2,0,"[0.7890750777399501, 0.6799557517006445]",1,-1
47919,[0.81325769 0.68516307],2,0,"[0.7890750777399501, 0.6799557517006445]",1,4
47920,[0.30657685 0.13182805],1,2,"[0.294379027732062, 0.1921773781634303]",0,0
47921,[0.77069954 0.7799972 ],2,-1,-1,1,-1
47922,[0.39384603 0.56552076],0,1,"[0.37965276877051146, 0.575157747726818]",1,2
47923,[0.29636425 0.15783146],1,2,"[0.294379027732062, 0.1921773781634303]",0,0
47924,[0.28680324 0.6064719 ],0,-1,-1,1,-1
47925,[0.64915615 0.62059255],3,3,"[0.6601234827680622, 0.6109507568947781]",1,-1
47926,[0.61748915 0.62878754],3,3,"[0.6601234827680622, 0.6109507568947781]",1,-1
47927,[0.37163256 0.20268751],1,-1,-1,0,0
47928,[0.73160803 0.74572087],2,-1,-1,1,-1
47929,[0.34594326 0.20652394],1,2,"[0.294379027732062, 0.1921773781634303]",0,0
47930,[0.67687691 0.58788814],3,3,"[0.6601234827680622, 0.6109507568947781]",1,-1
47931,[0.75053595 0.65359357],2,0,"[0.7890750777399501, 0.6799557517006445]",1,-1
47932,[0.77887076 0.61923431],2,0,"[0.7890750777399501, 0.6799557517006445]",1,-1
47933,[0.66592935 0.49669167],3,-1,-1,1,-1
47934,[0.2919302  0.24927668],1,2,"[0.294379027732062, 0.1921773781634303]",0,0
47935,[0.75104686 0.75073484],2,-1,-1,1,-1
47936,[0.4091921  0.58248276],0,1,"[0.37965276877051146, 0.575157747726818]",1,-1
47937,[0.73368754 0.65510791],2,0,"[0.7890750777399501, 0.6799557517006445]",1,-1
47938,[0.31503781 0.56446121],0,1,"[0.37965276877051146, 0.575157747726818]",1,-1
47939,[0.68737187 0.67328997],3,3,"[0.6601234827680622, 0.6109507568947781]",1,-1
47940,[0.49118445 0.46211992],0,-1,-1,1,-1
47941,[0.35168938 0.70384667],0,-1,-1,1,-1
47942,[0.39157987 0.60542822],0,1,"[0.37965276877051146, 0.575157747726818]",1,-1
47943,[0.33443089 0.25783072],1,-1,-1,0,0
47944,[0.59141777 0.51042995],3,-1,-1,1,-1
47945,[0.24353808 0.11850166],1,-1,-1,0,0
47946,[0.7169282  0.54727477],3,-1,-1,1,-1
47947,[0.25412559 0.20923715],1,2,"[0.294379027732062, 0.1921773781634303]",0,0
47948,[0.37731605 0.5291044 ],0,1,"[0.37965276877051146, 0.575157747726818]",1,-1
47949,[0.23937126 0.34887971],1,-1,-1,0,0
47950,[0.66037714 0.62165384],3,3,"[0.6601234827680622, 0.6109507568947781]",1,7
47951,[0.4227563  0.61374857],0,1,"[0.37965276877051146, 0.575157747726818]",1,-1
47952,[0.81321524 0.64095487],2,0,"[0.7890750777399501, 0.6799557517006445]",1,-1
47953,[0.78837142 0.69987761],2,0,"[0.7890750777399501, 0.6799557517006445]",1,-1
47954,[0.77907993 0.69028399],2,0,"[0.7890750777399501, 0.6799557517006445]",1,-1
47955,[0.37021047 0.18326199],1,-1,-1,0,0
47956,[0.35482595 0.64449544],0,-1,-1,1,-1
47957,[0.37230848 0.52155893],0,1,"[0.37965276877051146, 0.575157747726818]",1,-1
47958,[0.72578255 0.63397326],3,3,"[0.6601234827680622, 0.6109507568947781]",1,-1
47959,[0.83846476 0.70342375],2,0,"[0.7890750777399501, 0.6799557517006445]",1,-1
47960,[0.63887326 0.57642469],3,3,"[0.6601234827680622, 0.6109507568947781]",1,-1
47961,[0.36664023 0.68701075],0,-1,-1,1,-1
47962,[0.41150213 0.57601334],0,1,"[0.37965276877051146, 0.575157747726818]",1,2
47963,[0.69826577 0.57509527],3,3,"[0.6601234827680622, 0.6109507568947781]",1,-1
47964,[0.28784637 0.21190269],1,2,"[0.294379027732062, 0.1921773781634303]",0,0
47965,[0.31332199 0.20672607],1,2,"[0.294379027732062, 0.1921773781634303]",0,0
47966,[0.29904124 0.20449872],1,2,"[0.294379027732062, 0.1921773781634303]",0,0
47967,[0.76106711 0.6284029 ],3,0,"[0.7890750777399501, 0.6799557517006445]",1,-1
47968,[0.8515812  0.70436983],2,0,"[0.7890750777399501, 0.6799557517006445]",1,-1
47969,[0.74901696 0.69632953],2,0,"[0.7890750777399501, 0.6799557517006445]",1,-1
47970,[0.40260196 0.23089175],1,-1,-1,0,0
47971,[0.67475408 0.66905971],3,3,"[0.6601234827680622, 0.6109507568947781]",1,-1
47972,[0.23648087 0.13919421],1,-1,-1,0,0
47973,[0.64022271 0.59622478],3,3,"[0.6601234827680622, 0.6109507568947781]",1,-1
47974,[0.80999203 0.67936742],2,0,"[0.7890750777399501, 0.6799557517006445]",1,4
47975,[0.65992853 0.60113025],3,3,"[0.6601234827680622, 0.6109507568947781]",1,6
47976,[0.78948943 0.69648089],2,0,"[0.7890750777399501, 0.6799557517006445]",1,-1
47977,[0.79631548 0.74277905],2,0,"[0.7890750777399501, 0.6799557517006445]",1,-1
47978,[0.22533566 0.19122299],1,2,"[0.294379027732062, 0.1921773781634303]",0,0
47979,[0.70784185 0.70467172],2,-1,-1,1,-1
47980,[0.67076036 0.62579496],3,3,"[0.6601234827680622, 0.6109507568947781]",1,7
47981,[0.40314047 0.58960784],0,1,"[0.37965276877051146, 0.575157747726818]",1,-1
47982,[0.61832026 0.62438192],3,3,"[0.6601234827680622, 0.6109507568947781]",1,-1
47983,[0.81862203 0.63864566],2,0,"[0.7890750777399501, 0.6799557517006445]",1,-1
47984,[0.28530645 0.15510799],1,2,"[0.294379027732062, 0.1921773781634303]",0,0
47985,[0.39816665 0.31887916],1,-1,-1,0,0
47986,[0.3256108  0.48760846],0,-1,-1,1,-1
47987,[0.83117726 0.64425526],2,0,"[0.7890750777399501, 0.6799557517006445]",1,-1
47988,[0.25831454 0.16470052],1,2,"[0.294379027732062, 0.1921773781634303]",0,0
47989,[0.74757402 0.68437481],2,0,"[0.7890750777399501, 0.6799557517006445]",1,-1
47990,[0.59852155 0.61649808],3,3,"[0.6601234827680622, 0.6109507568947781]",1,-1
47991,[0.77930139 0.76286012],2,-1,-1,1,-1
47992,[0.24179072 0.21545567],1,2,"[0.294379027732062, 0.1921773781634303]",0,0
47993,[0.40566894 0.59694217],0,1,"[0.37965276877051146, 0.575157747726818]",1,-1
47994,[0.26206232 0.19215496],1,2,"[0.294379027732062, 0.1921773781634303]",0,0
47995,[0.44534073 0.6203767 ],0,-1,-1,1,-1
47996,[0.42485944 0.57067502],0,1,"[0.37965276877051146, 0.575157747726818]",1,-1
47997,[0.78858213 0.70263356],2,0,"[0.7890750777399501, 0.6799557517006445]",1,-1
47998,[0.2935062  0.17477937],1,2,"[0.294379027732062, 0.1921773781634303]",0,0
47999,[0.31729582 0.55638571],0,1,"[0.37965276877051146, 0.575157747726818]",1,-1
48000,[0.78389849 0.70623011],2,0,"[0.7890750777399501, 0.6799557517006445]",1,-1
48001,[0.30970177 0.22647695],1,2,"[0.294379027732062, 0.1921773781634303]",0,0
48002,[0.39818702 0.53019083],0,1,"[0.37965276877051146, 0.575157747726818]",1,-1
48003,[0.3504184  0.51414661],0,1,"[0.37965276877051146, 0.575157747726818]",1,-1
48004,[0.66659113 0.62145153],3,3,"[0.6601234827680622, 0.6109507568947781]",1,7
48005,[0.70154651 0.59526808],3,3,"[0.6601234827680622, 0.6109507568947781]",1,-1
48006,[0.65242751 0.51290453],3,-1,-1,1,-1
48007,[0.74747285 0.71363814],2,0,"[0.7890750777399501, 0.6799557517006445]",1,-1
48008,[0.29072285 0.25803128],1,2,"[0.294379027732062, 0.1921773781634303]",0,0
48009,[0.7580717  0.66017602],2,0,"[0.7890750777399501, 0.6799557517006445]",1,-1
48010,[0.75378942 0.60505744],3,-1,-1,1,-1
48011,[0.80058823 0.70676287],2,0,"[0.7890750777399501, 0.6799557517006445]",1,-1
48012,[0.2453499  0.09543433],1,-1,-1,0,0
48013,[0.74389219 0.71483633],2,0,"[0.7890750777399501, 0.6799557517006445]",1,-1
48014,[0.77728863 0.6742878 ],2,0,"[0.7890750777399501, 0.6799557517006445]",1,-1
48015,[0.68708939 0.63354527],3,3,"[0.6601234827680622, 0.6109507568947781]",1,-1
48016,[0.37003638 0.52629712],0,1,"[0.37965276877051146, 0.575157747726818]",1,-1
48017,[0.58897634 0.64516332],3,-1,-1,1,-1
48018,[0.66793747 0.69629038],3,-1,-1,1,-1
48019,[0.28406619 0.15462862],1,2,"[0.294379027732062, 0.1921773781634303]",0,0
48020,[0.38554263 0.55656004],0,1,"[0.37965276877051146, 0.575157747726818]",1,-1
48021,[0.72837447 0.6781505 ],2,0,"[0.7890750777399501, 0.6799557517006445]",1,-1
48022,[0.60305576 0.56859291],3,-1,-1,1,-1
48023,[0.70178744 0.63923938],3,3,"[0.6601234827680622, 0.6109507568947781]",1,-1
48024,[0.67353213 0.67006864],2,3,"[0.6601234827680622, 0.6109507568947781]",1,-1
48025,[0.34158558 0.19971226],1,2,"[0.294379027732062, 0.1921773781634303]",0,0
48026,[0.3815456  0.57657145],0,1,"[0.37965276877051146, 0.575157747726818]",1,-1
48027,[0.2119625  0.18549027],1,-1,-1,0,0
48028,[0.41889016 0.42522756],0,-1,-1,1,-1
48029,[0.35910028 0.64171004],0,1,"[0.37965276877051146, 0.575157747726818]",1,-1
48030,[0.36638843 0.58666078],0,1,"[0.37965276877051146, 0.575157747726818]",1,-1
48031,[0.25754953 0.21300699],1,2,"[0.294379027732062, 0.1921773781634303]",0,0
48032,[0.84766506 0.6532634 ],2,0,"[0.7890750777399501, 0.6799557517006445]",1,-1
48033,[0.33068025 0.57118709],0,1,"[0.37965276877051146, 0.575157747726818]",1,-1
48034,[0.68542927 0.5974134 ],3,3,"[0.6601234827680622, 0.6109507568947781]",1,5
48035,[0.30735909 0.16705005],1,2,"[0.294379027732062, 0.1921773781634303]",0,0
48036,[0.69066482 0.60469404],3,3,"[0.6601234827680622, 0.6109507568947781]",1,5
48037,[0.31953882 0.23341832],1,2,"[0.294379027732062, 0.1921773781634303]",0,0
48038,[0.67934469 0.6244909 ],3,3,"[0.6601234827680622, 0.6109507568947781]",1,-1
48039,[0.63497818 0.70122769],3,-1,-1,1,-1
48040,[0.30499442 0.20997384],1,2,"[0.294379027732062, 0.1921773781634303]",0,0
48041,[0.44261064 0.66944473],0,-1,-1,1,-1
48042,[0.34471242 0.59688583],0,1,"[0.37965276877051146, 0.575157747726818]",1,-1
48043,[0.33518448 0.22101095],1,2,"[0.294379027732062, 0.1921773781634303]",0,0
48044,[0.69361569 0.59811219],3,3,"[0.6601234827680622, 0.6109507568947781]",1,-1
48045,[0.6911088  0.53765893],3,-1,-1,1,-1
48046,[0.45958178 0.53917239],0,-1,-1,1,-1
48047,[0.42442248 0.51888337],0,-1,-1,1,-1
48048,[0.45656724 0.56742437],0,-1,-1,1,-1
48049,[0.68707871 0.6180934 ],3,3,"[0.6601234827680622, 0.6109507568947781]",1,7
48050,[0.39149785 0.62027227],0,1,"[0.37965276877051146, 0.575157747726818]",1,-1
48051,[0.4153095  0.54037875],0,1,"[0.37965276877051146, 0.575157747726818]",1,-1
48052,[0.68702608 0.60575316],3,3,"[0.6601234827680622, 0.6109507568947781]",1,5
48053,[0.67039149 0.55231301],3,3,"[0.6601234827680622, 0.6109507568947781]",1,-1
48054,[0.37723565 0.55398673],0,1,"[0.37965276877051146, 0.575157747726818]",1,-1
48055,[0.34958007 0.04695553],1,-1,-1,0,0
48056,[0.73725782 0.58908671],2,-1,-1,1,-1
48057,[0.34350192 0.24104389],1,2,"[0.294379027732062, 0.1921773781634303]",0,0
48058,[0.28002145 0.17920802],1,2,"[0.294379027732062, 0.1921773781634303]",0,0
48059,[0.36456804 0.5612073 ],0,1,"[0.37965276877051146, 0.575157747726818]",1,1
48060,[0.77970882 0.72374406],2,0,"[0.7890750777399501, 0.6799557517006445]",1,-1
48061,[0.32746941 0.5850627 ],0,1,"[0.37965276877051146, 0.575157747726818]",1,-1
48062,[0.58918975 0.63321549],3,-1,-1,1,-1
48063,[0.3906869  0.49120326],0,-1,-1,1,-1
48064,[0.3039447  0.57048107],0,-1,-1,1,-1
48065,[0.63355879 0.56450179],3,3,"[0.6601234827680622, 0.6109507568947781]",1,-1
48066,[0.22509278 0.20375214],1,-1,-1,0,0
48067,[0.44734851 0.56929044],0,1,"[0.37965276877051146, 0.575157747726818]",1,-1
48068,[0.34396907 0.51862693],0,1,"[0.37965276877051146, 0.575157747726818]",1,-1
48069,[0.31592302 0.29528844],1,-1,-1,0,0
48070,[0.41708177 0.63969643],0,-1,-1,1,-1
48071,[0.64335952 0.58569226],3,3,"[0.6601234827680622, 0.6109507568947781]",1,-1
48072,[0.63928307 0.63011878],3,3,"[0.6601234827680622, 0.6109507568947781]",1,-1
48073,[0.76170911 0.72553273],2,0,"[0.7890750777399501, 0.6799557517006445]",1,-1
48074,[0.7709951  0.68986994],2,0,"[0.7890750777399501, 0.6799557517006445]",1,-1
48075,[0.28176961 0.1748237 ],1,2,"[0.294379027732062, 0.1921773781634303]",0,0
48076,[0.6397669  0.56585072],3,3,"[0.6601234827680622, 0.6109507568947781]",1,-1
48077,[0.32119125 0.51896692],0,-1,-1,1,-1
48078,[0.79654943 0.73099031],2,0,"[0.7890750777399501, 0.6799557517006445]",1,-1
48079,[0.58999044 0.63259276],3,-1,-1,1,-1
48080,[0.86190109 0.73059953],2,-1,-1,1,-1
48081,[0.33282765 0.57380061],0,1,"[0.37965276877051146, 0.575157747726818]",1,-1
48082,[0.79805627 0.59123517],2,-1,-1,1,-1
48083,[0.75993364 0.67361772],2,0,"[0.7890750777399501, 0.6799557517006445]",1,-1
48084,[0.67488242 0.63438996],3,3,"[0.6601234827680622, 0.6109507568947781]",1,-1
48085,[0.64278038 0.61551289],3,3,"[0.6601234827680622, 0.6109507568947781]",1,-1
48086,[0.26118244 0.15915623],1,2,"[0.294379027732062, 0.1921773781634303]",0,0
48087,[0.65429709 0.57646298],3,3,"[0.6601234827680622, 0.6109507568947781]",1,-1
48088,[0.7979463  0.62993918],2,0,"[0.7890750777399501, 0.6799557517006445]",1,-1
48089,[0.37429545 0.18373925],1,-1,-1,0,0
48090,[0.31837469 0.23957108],1,2,"[0.294379027732062, 0.1921773781634303]",0,0
48091,[0.70895364 0.57400032],3,3,"[0.6601234827680622, 0.6109507568947781]",1,-1
48092,[0.22419581 0.57778411],0,-1,-1,1,-1
48093,[0.70080676 0.69885043],2,-1,-1,1,-1
48094,[0.63143037 0.53350529],3,-1,-1,1,-1
48095,[0.78372618 0.59439499],2,-1,-1,1,-1
48096,[0.63067623 0.55186987],3,3,"[0.6601234827680622, 0.6109507568947781]",1,-1
48097,[0.34246998 0.65257809],0,-1,-1,1,-1
48098,[0.38071143 0.49543521],0,-1,-1,1,-1
48099,[0.72836311 0.63325177],3,-1,-1,1,-1
48100,[0.40926957 0.48399683],0,-1,-1,1,-1
48101,[0.32991959 0.18723604],1,2,"[0.294379027732062, 0.1921773781634303]",0,0
48102,[0.33560057 0.17289698],1,2,"[0.294379027732062, 0.1921773781634303]",0,0
48103,[0.82349887 0.68607587],2,0,"[0.7890750777399501, 0.6799557517006445]",1,-1
48104,[0.8212608  0.74274924],2,-1,-1,1,-1
48105,[0.74098834 0.62345299],2,-1,-1,1,-1
48106,[0.30696601 0.5984772 ],0,-1,-1,1,-1
48107,[0.61584096 0.71215574],3,-1,-1,1,-1
48108,[0.25258136 0.185338  ],1,2,"[0.294379027732062, 0.1921773781634303]",0,0
48109,[0.27463601 0.14302895],1,2,"[0.294379027732062, 0.1921773781634303]",0,0
48110,[0.70314594 0.62429092],3,3,"[0.6601234827680622, 0.6109507568947781]",1,-1
48111,[0.60370908 0.54278553],3,-1,-1,1,-1
48112,[0.41073974 0.62549488],0,1,"[0.37965276877051146, 0.575157747726818]",1,-1
48113,[0.58999399 0.62318396],3,-1,-1,1,-1
48114,[0.46451814 0.65294402],0,-1,-1,1,-1
48115,[0.47287969 0.54656171],0,-1,-1,1,-1
48116,[0.6959638 0.58196  ],3,3,"[0.6601234827680622, 0.6109507568947781]",1,-1
48117,[0.42684473 0.63399254],0,-1,-1,1,-1
48118,[0.32887639 0.19511597],1,2,"[0.294379027732062, 0.1921773781634303]",0,0
48119,[0.2192085  0.21449916],1,-1,-1,0,0
48120,[0.68788339 0.64568648],3,3,"[0.6601234827680622, 0.6109507568947781]",1,-1
48121,[0.72493557 0.73361786],2,-1,-1,1,-1
48122,[0.4168742  0.54109832],0,1,"[0.37965276877051146, 0.575157747726818]",1,-1
48123,[0.67761755 0.64384663],2,3,"[0.6601234827680622, 0.6109507568947781]",1,-1
48124,[0.76420876 0.60506742],2,-1,-1,1,-1
48125,[0.33491247 0.5490776 ],0,1,"[0.37965276877051146, 0.575157747726818]",1,-1
48126,[0.86636386 0.67562875],2,-1,-1,1,-1
48127,[0.28645561 0.27410746],1,-1,-1,0,0
48128,[0.60405174 0.621058  ],3,3,"[0.6601234827680622, 0.6109507568947781]",1,-1
48129,[0.81543094 0.5468504 ],2,-1,-1,1,-1
48130,[0.30317547 0.13691381],1,2,"[0.294379027732062, 0.1921773781634303]",0,0
48131,[0.60976931 0.63471196],3,3,"[0.6601234827680622, 0.6109507568947781]",1,-1
48132,[0.62089165 0.68811604],3,-1,-1,1,-1
48133,[0.81534353 0.69908312],2,0,"[0.7890750777399501, 0.6799557517006445]",1,-1
48134,[0.3475752  0.61241981],0,1,"[0.37965276877051146, 0.575157747726818]",1,-1
48135,[0.69100233 0.66665795],3,3,"[0.6601234827680622, 0.6109507568947781]",1,-1
48136,[0.7300849  0.65631528],3,0,"[0.7890750777399501, 0.6799557517006445]",1,-1
48137,[0.7260082  0.49022273],3,-1,-1,1,-1
48138,[0.81893581 0.7100419 ],2,0,"[0.7890750777399501, 0.6799557517006445]",1,-1
48139,[0.36550315 0.55494781],0,1,"[0.37965276877051146, 0.575157747726818]",1,-1
48140,[0.29235907 0.26042947],1,2,"[0.294379027732062, 0.1921773781634303]",0,0
48141,[0.43459006 0.60634747],0,1,"[0.37965276877051146, 0.575157747726818]",1,-1
48142,[0.24155351 0.61893061],0,-1,-1,1,-1
48143,[0.72745664 0.54373239],3,-1,-1,1,-1
48144,[0.37265264 0.22705026],1,-1,-1,0,0
48145,[0.40225771 0.63242945],0,1,"[0.37965276877051146, 0.575157747726818]",1,-1
48146,[0.59831978 0.58125771],3,3,"[0.6601234827680622, 0.6109507568947781]",1,-1
48147,[0.84246847 0.79661118],2,-1,-1,1,-1
48148,[0.8301783  0.70537545],2,0,"[0.7890750777399501, 0.6799557517006445]",1,-1
48149,[0.66233202 0.64410355],3,3,"[0.6601234827680622, 0.6109507568947781]",1,-1
48150,[0.8018088  0.72384623],2,0,"[0.7890750777399501, 0.6799557517006445]",1,-1
48151,[0.68853945 0.54545644],3,-1,-1,1,-1
48152,[0.40602925 0.58397456],0,1,"[0.37965276877051146, 0.575157747726818]",1,-1
48153,[0.26035562 0.24846423],1,2,"[0.294379027732062, 0.1921773781634303]",0,0
48154,[0.37309287 0.29612953],1,-1,-1,0,0
48155,[0.75974601 0.71300981],2,0,"[0.7890750777399501, 0.6799557517006445]",1,-1
48156,[0.65238951 0.73104492],3,-1,-1,1,-1
48157,[0.35153274 0.22005978],1,2,"[0.294379027732062, 0.1921773781634303]",0,0
48158,[0.30300429 0.1910128 ],1,2,"[0.294379027732062, 0.1921773781634303]",0,0
48159,[0.69051717 0.63612037],3,3,"[0.6601234827680622, 0.6109507568947781]",1,-1
48160,[0.31712962 0.17055548],1,2,"[0.294379027732062, 0.1921773781634303]",0,0
48161,[0.37346162 0.21545662],1,-1,-1,0,0
48162,[0.8242769  0.61848219],2,-1,-1,1,-1
48163,[0.77071544 0.71037117],2,0,"[0.7890750777399501, 0.6799557517006445]",1,-1
48164,[0.36776559 0.56298263],0,1,"[0.37965276877051146, 0.575157747726818]",1,1
48165,[0.36676292 0.0775704 ],1,-1,-1,0,0
48166,[0.77458891 0.74386415],2,0,"[0.7890750777399501, 0.6799557517006445]",1,-1
48167,[0.22859154 0.1647348 ],1,-1,-1,0,0
48168,[0.84417592 0.67798957],2,0,"[0.7890750777399501, 0.6799557517006445]",1,-1
48169,[0.28727283 0.23959341],1,2,"[0.294379027732062, 0.1921773781634303]",0,0
48170,[0.40363719 0.1765739 ],1,-1,-1,0,0
48171,[0.63737196 0.57610485],3,3,"[0.6601234827680622, 0.6109507568947781]",1,-1
48172,[0.75303988 0.62096964],2,0,"[0.7890750777399501, 0.6799557517006445]",1,-1
48173,[0.79949258 0.68433115],2,0,"[0.7890750777399501, 0.6799557517006445]",1,-1
48174,[0.79377682 0.70781433],2,0,"[0.7890750777399501, 0.6799557517006445]",1,-1
48175,[0.69701437 0.62304275],3,3,"[0.6601234827680622, 0.6109507568947781]",1,-1
48176,[0.61208353 0.59064899],3,3,"[0.6601234827680622, 0.6109507568947781]",1,-1
48177,[0.24936957 0.15596281],1,2,"[0.294379027732062, 0.1921773781634303]",0,0
48178,[0.28163975 0.15660016],1,2,"[0.294379027732062, 0.1921773781634303]",0,0
48179,[0.66414118 0.66315165],3,3,"[0.6601234827680622, 0.6109507568947781]",1,-1
48180,[0.66380131 0.65705119],3,3,"[0.6601234827680622, 0.6109507568947781]",1,-1
48181,[0.38698081 0.60047421],0,1,"[0.37965276877051146, 0.575157747726818]",1,-1
48182,[0.84964014 0.67394029],2,0,"[0.7890750777399501, 0.6799557517006445]",1,-1
48183,[0.30146644 0.19204984],1,2,"[0.294379027732062, 0.1921773781634303]",0,0
48184,[0.47195272 0.61510518],0,-1,-1,1,-1
48185,[0.42983918 0.53099766],0,1,"[0.37965276877051146, 0.575157747726818]",1,-1
48186,[0.6899914  0.67803722],3,-1,-1,1,-1
48187,[0.52712164 0.62265343],0,-1,-1,1,-1
48188,[0.30416168 0.18534792],1,2,"[0.294379027732062, 0.1921773781634303]",0,0
48189,[0.2621605  0.22292692],1,2,"[0.294379027732062, 0.1921773781634303]",0,0
48190,[0.42967192 0.682017  ],0,-1,-1,1,-1
48191,[0.42310738 0.55972481],0,1,"[0.37965276877051146, 0.575157747726818]",1,-1
48192,[0.24575676 0.25581939],1,-1,-1,0,0
48193,[0.24689828 0.23711299],1,2,"[0.294379027732062, 0.1921773781634303]",0,0
48194,[0.69860407 0.65203424],2,3,"[0.6601234827680622, 0.6109507568947781]",1,-1
48195,[0.36234358 0.5980571 ],0,1,"[0.37965276877051146, 0.575157747726818]",1,-1
48196,[0.3293411  0.19951713],1,2,"[0.294379027732062, 0.1921773781634303]",0,0
48197,[0.38795602 0.56828273],0,1,"[0.37965276877051146, 0.575157747726818]",1,2
48198,[0.3010481  0.16391493],1,2,"[0.294379027732062, 0.1921773781634303]",0,0
48199,[0.29712122 0.17576373],1,2,"[0.294379027732062, 0.1921773781634303]",0,0
48200,[0.34086701 0.27186285],1,-1,-1,0,0
48201,[0.26881665 0.1086677 ],1,-1,-1,0,0
48202,[0.38989159 0.5050767 ],0,-1,-1,1,-1
48203,[0.69001851 0.66180152],3,3,"[0.6601234827680622, 0.6109507568947781]",1,-1
48204,[0.76902689 0.63642863],2,0,"[0.7890750777399501, 0.6799557517006445]",1,-1
48205,[0.83107   0.6045186],2,-1,-1,1,-1
48206,[0.31081935 0.22255609],1,2,"[0.294379027732062, 0.1921773781634303]",0,0
48207,[0.31073081 0.1529248 ],1,2,"[0.294379027732062, 0.1921773781634303]",0,0
48208,[0.65515276 0.6343061 ],3,3,"[0.6601234827680622, 0.6109507568947781]",1,-1
48209,[0.27665676 0.20192631],1,2,"[0.294379027732062, 0.1921773781634303]",0,0
48210,[0.67578875 0.64287002],3,3,"[0.6601234827680622, 0.6109507568947781]",1,-1
48211,[0.34936457 0.15906471],1,2,"[0.294379027732062, 0.1921773781634303]",0,0
48212,[0.32868749 0.19576885],1,2,"[0.294379027732062, 0.1921773781634303]",0,0
48213,[0.37037779 0.54067882],0,1,"[0.37965276877051146, 0.575157747726818]",1,-1
48214,[0.28391333 0.13887881],1,2,"[0.294379027732062, 0.1921773781634303]",0,0
48215,[0.64510846 0.68961662],3,-1,-1,1,-1
48216,[0.80393885 0.61729746],2,0,"[0.7890750777399501, 0.6799557517006445]",1,-1
48217,[0.32555491 0.27486829],1,-1,-1,0,0
48218,[0.64681349 0.66597004],3,3,"[0.6601234827680622, 0.6109507568947781]",1,-1
48219,[0.6920727  0.62954089],3,3,"[0.6601234827680622, 0.6109507568947781]",1,7
48220,[0.31851668 0.21283752],1,2,"[0.294379027732062, 0.1921773781634303]",0,0
48221,[0.56208097 0.64914582],3,-1,-1,1,-1
48222,[0.43818911 0.66453592],0,-1,-1,1,-1
48223,[0.35583097 0.54049365],0,1,"[0.37965276877051146, 0.575157747726818]",1,-1
48224,[0.37128648 0.5287813 ],0,1,"[0.37965276877051146, 0.575157747726818]",1,-1
48225,[0.32740461 0.12074637],1,-1,-1,0,0
48226,[0.59256932 0.57703175],3,-1,-1,1,-1
48227,[0.31368177 0.13456751],1,2,"[0.294379027732062, 0.1921773781634303]",0,0
48228,[0.70618452 0.49873296],3,-1,-1,1,-1
48229,[0.29481288 0.17714562],1,2,"[0.294379027732062, 0.1921773781634303]",0,0
48230,[0.81537161 0.70938275],2,0,"[0.7890750777399501, 0.6799557517006445]",1,-1
48231,[0.43698407 0.57928046],0,1,"[0.37965276877051146, 0.575157747726818]",1,-1
48232,[0.73894081 0.69020313],2,0,"[0.7890750777399501, 0.6799557517006445]",1,-1
48233,[0.73072107 0.68947978],3,0,"[0.7890750777399501, 0.6799557517006445]",1,-1
48234,[0.32506809 0.22662869],1,2,"[0.294379027732062, 0.1921773781634303]",0,0
48235,[0.79947361 0.66744074],2,0,"[0.7890750777399501, 0.6799557517006445]",1,4
48236,[0.70366364 0.68048937],2,-1,-1,1,-1
48237,[0.33838686 0.58672612],0,1,"[0.37965276877051146, 0.575157747726818]",1,-1
48238,[0.37125167 0.55556877],0,1,"[0.37965276877051146, 0.575157747726818]",1,-1
48239,[0.30089091 0.20024291],1,2,"[0.294379027732062, 0.1921773781634303]",0,0
48240,[0.33177403 0.16482823],1,2,"[0.294379027732062, 0.1921773781634303]",0,0
48241,[0.70980395 0.70634221],2,-1,-1,1,-1
48242,[0.34211317 0.58077874],0,1,"[0.37965276877051146, 0.575157747726818]",1,-1
48243,[0.31223363 0.24231021],1,2,"[0.294379027732062, 0.1921773781634303]",0,0
48244,[0.27842775 0.13006221],1,2,"[0.294379027732062, 0.1921773781634303]",0,0
48245,[0.57697893 0.53799614],3,-1,-1,1,-1
48246,[0.61278583 0.63943992],3,3,"[0.6601234827680622, 0.6109507568947781]",1,-1
48247,[0.26464796 0.16875122],1,2,"[0.294379027732062, 0.1921773781634303]",0,0
48248,[0.83882681 0.67783684],2,0,"[0.7890750777399501, 0.6799557517006445]",1,-1
48249,[0.61434486 0.63620968],3,3,"[0.6601234827680622, 0.6109507568947781]",1,-1
48250,[0.6689892  0.68196152],3,-1,-1,1,-1
48251,[0.39236803 0.22082755],1,-1,-1,0,0
48252,[0.67191359 0.63711652],3,3,"[0.6601234827680622, 0.6109507568947781]",1,-1
48253,[0.64793575 0.62794691],3,3,"[0.6601234827680622, 0.6109507568947781]",1,-1
48254,[0.22112631 0.14545516],1,-1,-1,0,0
48255,[0.62881737 0.56542953],3,3,"[0.6601234827680622, 0.6109507568947781]",1,-1
48256,[0.39276425 0.57056918],0,1,"[0.37965276877051146, 0.575157747726818]",1,-1
48257,[0.28730032 0.24463214],1,2,"[0.294379027732062, 0.1921773781634303]",0,0
48258,[0.66999049 0.59848752],3,3,"[0.6601234827680622, 0.6109507568947781]",1,-1
48259,[0.27150412 0.12785028],1,2,"[0.294379027732062, 0.1921773781634303]",0,0
48260,[0.84371036 0.72341644],2,0,"[0.7890750777399501, 0.6799557517006445]",1,-1
48261,[0.34039337 0.10624502],1,-1,-1,0,0
48262,[0.60677063 0.70224338],3,-1,-1,1,-1
48263,[0.63400966 0.64956359],3,3,"[0.6601234827680622, 0.6109507568947781]",1,-1
48264,[0.40306481 0.54604177],0,1,"[0.37965276877051146, 0.575157747726818]",1,-1
48265,[0.3215544  0.24966972],1,2,"[0.294379027732062, 0.1921773781634303]",0,0
48266,[0.27153498 0.23935689],1,2,"[0.294379027732062, 0.1921773781634303]",0,0
48267,[0.58538069 0.57769264],3,-1,-1,1,-1
48268,[0.81660854 0.62626466],2,0,"[0.7890750777399501, 0.6799557517006445]",1,-1
48269,[0.34835075 0.67210402],0,-1,-1,1,-1
48270,[0.66198602 0.62428378],3,3,"[0.6601234827680622, 0.6109507568947781]",1,7
48271,[0.39726059 0.5647241 ],0,1,"[0.37965276877051146, 0.575157747726818]",1,2
48272,[0.7673646  0.69835991],2,0,"[0.7890750777399501, 0.6799557517006445]",1,-1
48273,[0.81357171 0.70732588],2,0,"[0.7890750777399501, 0.6799557517006445]",1,-1
48274,[0.28746077 0.2043718 ],1,2,"[0.294379027732062, 0.1921773781634303]",0,0
48275,[0.83693466 0.71232777],2,0,"[0.7890750777399501, 0.6799557517006445]",1,-1
48276,[0.84628754 0.74718025],2,-1,-1,1,-1
48277,[0.29585486 0.58894578],0,-1,-1,1,-1
48278,[0.30693216 0.19939863],1,2,"[0.294379027732062, 0.1921773781634303]",0,0
48279,[0.39309513 0.5380105 ],0,1,"[0.37965276877051146, 0.575157747726818]",1,-1
48280,[0.62048298 0.71693624],3,-1,-1,1,-1
48281,[0.63434786 0.66777627],3,3,"[0.6601234827680622, 0.6109507568947781]",1,-1
48282,[0.76036876 0.72705653],2,0,"[0.7890750777399501, 0.6799557517006445]",1,-1
48283,[0.3644153  0.62731374],0,1,"[0.37965276877051146, 0.575157747726818]",1,-1
48284,[0.78673002 0.62148038],2,0,"[0.7890750777399501, 0.6799557517006445]",1,-1
48285,[0.353957   0.10922426],1,-1,-1,0,0
48286,[0.3404944 0.5781303],0,1,"[0.37965276877051146, 0.575157747726818]",1,-1
48287,[0.62999572 0.58267341],3,3,"[0.6601234827680622, 0.6109507568947781]",1,-1
48288,[0.27215068 0.12567475],1,-1,-1,0,0
48289,[0.60138765 0.63791114],3,3,"[0.6601234827680622, 0.6109507568947781]",1,-1
48290,[0.39185358 0.60230031],0,1,"[0.37965276877051146, 0.575157747726818]",1,-1
48291,[0.83377529 0.75356445],2,-1,-1,1,-1
48292,[0.22386428 0.23366279],1,-1,-1,0,0
48293,[0.31477424 0.28052777],1,-1,-1,0,0
48294,[0.24893963 0.17703625],1,2,"[0.294379027732062, 0.1921773781634303]",0,0
48295,[0.6216914  0.63097864],2,3,"[0.6601234827680622, 0.6109507568947781]",1,-1
48296,[0.32168186 0.57413876],0,1,"[0.37965276877051146, 0.575157747726818]",1,-1
48297,[0.34848522 0.62397987],0,1,"[0.37965276877051146, 0.575157747726818]",1,-1
48298,[0.2708851  0.63158798],0,-1,-1,1,-1
48299,[0.65539283 0.56856987],3,3,"[0.6601234827680622, 0.6109507568947781]",1,-1
48300,[0.61356134 0.52488031],3,-1,-1,1,-1
48301,[0.27167705 0.12151119],1,-1,-1,0,0
48302,[0.59463915 0.68637687],3,-1,-1,1,-1
48303,[0.60445003 0.53746982],3,-1,-1,1,-1
48304,[0.66735367 0.63762152],3,3,"[0.6601234827680622, 0.6109507568947781]",1,-1
48305,[0.66672744 0.56601299],3,3,"[0.6601234827680622, 0.6109507568947781]",1,-1
48306,[0.42556912 0.584681  ],0,1,"[0.37965276877051146, 0.575157747726818]",1,-1
48307,[0.72331999 0.74120396],2,-1,-1,1,-1
48308,[0.33811897 0.23579012],1,2,"[0.294379027732062, 0.1921773781634303]",0,0
48309,[0.71156112 0.54675218],3,-1,-1,1,-1
48310,[0.26022557 0.27013912],1,-1,-1,0,0
48311,[0.31608844 0.09642387],1,-1,-1,0,0
48312,[0.65090452 0.62291342],3,3,"[0.6601234827680622, 0.6109507568947781]",1,7
48313,[0.32345188 0.28339767],1,-1,-1,0,0
48314,[0.72989508 0.72435535],2,-1,-1,1,-1
48315,[0.83327642 0.62206373],2,-1,-1,1,-1
48316,[0.74412042 0.70367607],2,0,"[0.7890750777399501, 0.6799557517006445]",1,-1
48317,[0.69032264 0.61604652],3,3,"[0.6601234827680622, 0.6109507568947781]",1,-1
48318,[0.34330619 0.59336439],0,1,"[0.37965276877051146, 0.575157747726818]",1,-1
48319,[0.66028521 0.58431251],3,3,"[0.6601234827680622, 0.6109507568947781]",1,6
48320,[0.39959991 0.54685438],0,1,"[0.37965276877051146, 0.575157747726818]",1,-1
48321,[0.60013337 0.55989704],3,-1,-1,1,-1
48322,[0.40004211 0.31738815],1,-1,-1,0,0
48323,[0.7169626  0.62125411],3,3,"[0.6601234827680622, 0.6109507568947781]",1,-1
48324,[0.79504634 0.65897895],2,0,"[0.7890750777399501, 0.6799557517006445]",1,-1
48325,[0.29221974 0.25457226],1,2,"[0.294379027732062, 0.1921773781634303]",0,0
48326,[0.2458383 0.233987 ],1,2,"[0.294379027732062, 0.1921773781634303]",0,0
48327,[0.35552529 0.16415046],1,2,"[0.294379027732062, 0.1921773781634303]",0,0
48328,[0.83760632 0.64235353],2,0,"[0.7890750777399501, 0.6799557517006445]",1,-1
48329,[0.36461918 0.20358454],1,-1,-1,0,0
48330,[0.35767456 0.4903257 ],0,-1,-1,1,-1
48331,[0.36702605 0.51463329],0,1,"[0.37965276877051146, 0.575157747726818]",1,-1
48332,[0.58764652 0.55782424],3,-1,-1,1,-1
48333,[0.7683134  0.64245614],2,0,"[0.7890750777399501, 0.6799557517006445]",1,-1
48334,[0.75339569 0.70466216],2,0,"[0.7890750777399501, 0.6799557517006445]",1,-1
48335,[0.21690546 0.14235449],1,-1,-1,0,0
48336,[0.3491411  0.57860791],0,1,"[0.37965276877051146, 0.575157747726818]",1,-1
48337,[0.43172526 0.53606089],0,1,"[0.37965276877051146, 0.575157747726818]",1,-1
48338,[0.36217741 0.6548633 ],0,-1,-1,1,-1
48339,[0.25710646 0.5347463 ],0,-1,-1,1,-1
48340,[0.34725984 0.17080199],1,2,"[0.294379027732062, 0.1921773781634303]",0,0
48341,[0.39491786 0.69033882],0,-1,-1,1,-1
48342,[0.58556391 0.71117268],3,-1,-1,1,-1
48343,[0.35806636 0.496239  ],0,-1,-1,1,-1
48344,[0.72140372 0.64423209],3,3,"[0.6601234827680622, 0.6109507568947781]",1,-1
48345,[0.74754723 0.68510823],2,0,"[0.7890750777399501, 0.6799557517006445]",1,-1
48346,[0.27114383 0.18065373],1,2,"[0.294379027732062, 0.1921773781634303]",0,0
48347,[0.23719881 0.16185595],1,2,"[0.294379027732062, 0.1921773781634303]",0,0
48348,[0.26729709 0.16519365],1,2,"[0.294379027732062, 0.1921773781634303]",0,0
48349,[0.30111964 0.25702898],1,2,"[0.294379027732062, 0.1921773781634303]",0,0
48350,[0.27345641 0.18153674],1,2,"[0.294379027732062, 0.1921773781634303]",0,0
48351,[0.34730261 0.53855372],0,1,"[0.37965276877051146, 0.575157747726818]",1,-1
48352,[0.36478013 0.64631247],0,-1,-1,1,-1
48353,[0.49340535 0.61550951],0,-1,-1,1,-1
48354,[0.77877541 0.64988767],2,0,"[0.7890750777399501, 0.6799557517006445]",1,-1
48355,[0.66290721 0.6341262 ],3,3,"[0.6601234827680622, 0.6109507568947781]",1,-1
48356,[0.82828105 0.73917716],2,-1,-1,1,-1
48357,[0.80980476 0.70796174],2,0,"[0.7890750777399501, 0.6799557517006445]",1,-1
48358,[0.38965634 0.12627889],1,-1,-1,0,0
48359,[0.2584412  0.27007881],1,-1,-1,0,0
48360,[0.86562546 0.70723355],2,-1,-1,1,-1
48361,[0.73888628 0.79651366],2,-1,-1,1,-1
48362,[0.39973349 0.52516516],0,1,"[0.37965276877051146, 0.575157747726818]",1,-1
48363,[0.5878252  0.56847858],3,-1,-1,1,-1
48364,[0.21658306 0.13998815],1,-1,-1,0,0
48365,[0.25289368 0.24867981],1,-1,-1,0,0
48366,[0.7880485  0.68857702],2,0,"[0.7890750777399501, 0.6799557517006445]",1,-1
48367,[0.38165887 0.55247129],0,1,"[0.37965276877051146, 0.575157747726818]",1,-1
48368,[0.32209791 0.19227447],1,2,"[0.294379027732062, 0.1921773781634303]",0,0
48369,[0.67197686 0.65172405],3,3,"[0.6601234827680622, 0.6109507568947781]",1,-1
48370,[0.27183779 0.18895739],1,2,"[0.294379027732062, 0.1921773781634303]",0,0
48371,[0.37294289 0.59644402],0,1,"[0.37965276877051146, 0.575157747726818]",1,-1
48372,[0.70086924 0.55414111],3,3,"[0.6601234827680622, 0.6109507568947781]",1,-1
48373,[0.30575816 0.24948902],1,2,"[0.294379027732062, 0.1921773781634303]",0,0
48374,[0.23438614 0.28581231],1,-1,-1,0,0
48375,[0.72705471 0.61023051],3,3,"[0.6601234827680622, 0.6109507568947781]",1,-1
48376,[0.81340209 0.63639476],2,0,"[0.7890750777399501, 0.6799557517006445]",1,-1
48377,[0.76934431 0.68295258],2,0,"[0.7890750777399501, 0.6799557517006445]",1,4
48378,[0.66821914 0.64071396],3,3,"[0.6601234827680622, 0.6109507568947781]",1,-1
48379,[0.79442149 0.66867437],2,0,"[0.7890750777399501, 0.6799557517006445]",1,4
48380,[0.7119577  0.63422123],2,3,"[0.6601234827680622, 0.6109507568947781]",1,-1
48381,[0.32108343 0.10385151],1,-1,-1,0,0
48382,[0.77175089 0.61020559],2,-1,-1,1,-1
48383,[0.80975948 0.60686172],2,-1,-1,1,-1
48384,[0.41973679 0.49318895],0,-1,-1,1,-1
48385,[0.65482948 0.62426718],3,3,"[0.6601234827680622, 0.6109507568947781]",1,-1
48386,[0.42616065 0.62691927],0,1,"[0.37965276877051146, 0.575157747726818]",1,-1
48387,[0.27815496 0.17584971],1,2,"[0.294379027732062, 0.1921773781634303]",0,0
48388,[0.34764082 0.51282165],0,-1,-1,1,-1
48389,[0.32971959 0.48076139],0,-1,-1,1,-1
48390,[0.32087834 0.3080242 ],1,-1,-1,0,0
48391,[0.78363781 0.63894977],2,0,"[0.7890750777399501, 0.6799557517006445]",1,-1
48392,[0.1930534  0.26914488],1,-1,-1,0,0
48393,[0.47480454 0.55253243],0,-1,-1,1,-1
48394,[0.64128316 0.63450121],3,3,"[0.6601234827680622, 0.6109507568947781]",1,-1
48395,[0.20661758 0.15482764],1,-1,-1,0,0
48396,[0.64445956 0.65232506],3,3,"[0.6601234827680622, 0.6109507568947781]",1,-1
48397,[0.63164903 0.48782413],3,-1,-1,1,-1
48398,[0.39321058 0.55239386],0,1,"[0.37965276877051146, 0.575157747726818]",1,-1
48399,[0.75111702 0.6695198 ],2,0,"[0.7890750777399501, 0.6799557517006445]",1,-1
48400,[0.6318201  0.50071859],3,-1,-1,1,-1
48401,[0.64540529 0.65299247],3,3,"[0.6601234827680622, 0.6109507568947781]",1,-1
48402,[0.46482386 0.67645885],0,-1,-1,1,-1
48403,[0.49087492 0.55919739],0,-1,-1,1,-1
48404,[0.64518742 0.62569428],3,3,"[0.6601234827680622, 0.6109507568947781]",1,-1
48405,[0.36376004 0.1974516 ],1,2,"[0.294379027732062, 0.1921773781634303]",0,0
48406,[0.39321707 0.61913125],0,1,"[0.37965276877051146, 0.575157747726818]",1,-1
48407,[0.66277733 0.65144138],3,3,"[0.6601234827680622, 0.6109507568947781]",1,-1
48408,[0.90016812 0.68835366],2,-1,-1,1,-1
48409,[0.67091975 0.61662115],2,3,"[0.6601234827680622, 0.6109507568947781]",1,-1
48410,[0.73559762 0.6442652 ],2,0,"[0.7890750777399501, 0.6799557517006445]",1,-1
48411,[0.17426816 0.19206269],1,-1,-1,0,0
48412,[0.30820725 0.15608986],1,2,"[0.294379027732062, 0.1921773781634303]",0,0
48413,[0.68935121 0.6079994 ],3,3,"[0.6601234827680622, 0.6109507568947781]",1,5
48414,[0.37544095 0.62366746],0,1,"[0.37965276877051146, 0.575157747726818]",1,-1
48415,[0.75919399 0.67522925],2,0,"[0.7890750777399501, 0.6799557517006445]",1,-1
48416,[0.58546281 0.64937425],3,-1,-1,1,-1
48417,[0.327571   0.43338453],0,-1,-1,1,-1
48418,[0.71669245 0.61988656],3,3,"[0.6601234827680622, 0.6109507568947781]",1,-1
48419,[0.25264591 0.22302059],1,2,"[0.294379027732062, 0.1921773781634303]",0,0
48420,[0.23116329 0.18875359],1,2,"[0.294379027732062, 0.1921773781634303]",0,0
48421,[0.75428433 0.69310131],2,0,"[0.7890750777399501, 0.6799557517006445]",1,-1
48422,[0.82576027 0.76743213],2,-1,-1,1,-1
48423,[0.62546464 0.6243472 ],3,3,"[0.6601234827680622, 0.6109507568947781]",1,-1
48424,[0.67725419 0.6236843 ],3,3,"[0.6601234827680622, 0.6109507568947781]",1,7
48425,[0.67722428 0.64160309],3,3,"[0.6601234827680622, 0.6109507568947781]",1,-1
48426,[0.61719597 0.58691471],3,3,"[0.6601234827680622, 0.6109507568947781]",1,-1
48427,[0.31995181 0.54993665],0,1,"[0.37965276877051146, 0.575157747726818]",1,-1
48428,[0.58587776 0.57875525],3,-1,-1,1,-1
48429,[0.25064685 0.22627865],1,2,"[0.294379027732062, 0.1921773781634303]",0,0
48430,[0.30393967 0.21479506],1,2,"[0.294379027732062, 0.1921773781634303]",0,0
48431,[0.78234644 0.70323257],2,0,"[0.7890750777399501, 0.6799557517006445]",1,-1
48432,[0.68705688 0.6160157 ],3,3,"[0.6601234827680622, 0.6109507568947781]",1,-1
48433,[0.44366636 0.50010984],0,-1,-1,1,-1
48434,[0.2689515  0.15428318],1,2,"[0.294379027732062, 0.1921773781634303]",0,0
48435,[0.65883084 0.62221149],3,3,"[0.6601234827680622, 0.6109507568947781]",1,7
48436,[0.37210207 0.59506388],0,1,"[0.37965276877051146, 0.575157747726818]",1,-1
48437,[0.38226616 0.5528048 ],0,1,"[0.37965276877051146, 0.575157747726818]",1,-1
48438,[0.47095865 0.5385429 ],0,-1,-1,1,-1
48439,[0.43445176 0.53171102],0,1,"[0.37965276877051146, 0.575157747726818]",1,-1
48440,[0.70365017 0.8442166 ],2,-1,-1,1,-1
48441,[0.35816146 0.58752779],0,1,"[0.37965276877051146, 0.575157747726818]",1,-1
48442,[0.28713603 0.21043772],1,2,"[0.294379027732062, 0.1921773781634303]",0,0
48443,[0.78954579 0.60438945],2,-1,-1,1,-1
48444,[0.69547594 0.67216784],3,-1,-1,1,-1
48445,[0.73745699 0.66502347],2,0,"[0.7890750777399501, 0.6799557517006445]",1,-1
48446,[0.35765093 0.21209541],1,2,"[0.294379027732062, 0.1921773781634303]",0,0
48447,[0.36868463 0.20775069],1,-1,-1,0,0
48448,[0.40910345 0.5769881 ],0,1,"[0.37965276877051146, 0.575157747726818]",1,2
48449,[0.40056975 0.5666452 ],0,1,"[0.37965276877051146, 0.575157747726818]",1,2
48450,[0.77512946 0.82238204],2,-1,-1,1,-1
48451,[0.41485845 0.58523877],0,1,"[0.37965276877051146, 0.575157747726818]",1,-1
48452,[0.58479689 0.61192104],3,-1,-1,1,-1
48453,[0.6828293  0.59657826],3,3,"[0.6601234827680622, 0.6109507568947781]",1,5
48454,[0.24814638 0.21929735],1,2,"[0.294379027732062, 0.1921773781634303]",0,0
48455,[0.76869944 0.60330053],2,-1,-1,1,-1
48456,[0.27034316 0.15272654],1,2,"[0.294379027732062, 0.1921773781634303]",0,0
48457,[0.575603   0.60641651],3,-1,-1,1,-1
48458,[0.76419914 0.59999756],2,-1,-1,1,-1
48459,[0.81818038 0.68595623],2,0,"[0.7890750777399501, 0.6799557517006445]",1,-1
48460,[0.41007658 0.59564729],0,1,"[0.37965276877051146, 0.575157747726818]",1,-1
48461,[0.28940579 0.63184884],0,-1,-1,1,-1
48462,[0.63056268 0.65358414],3,3,"[0.6601234827680622, 0.6109507568947781]",1,-1
48463,[0.6197051  0.67569832],3,-1,-1,1,-1
48464,[0.75447058 0.69049604],2,0,"[0.7890750777399501, 0.6799557517006445]",1,-1
48465,[0.6585661  0.50055061],3,-1,-1,1,-1
48466,[0.58321863 0.55681618],3,-1,-1,1,-1
48467,[0.37684128 0.21908604],1,-1,-1,0,0
48468,[0.66042171 0.59253965],3,3,"[0.6601234827680622, 0.6109507568947781]",1,-1
48469,[0.79665263 0.69824798],2,0,"[0.7890750777399501, 0.6799557517006445]",1,-1
48470,[0.64930411 0.57865115],3,3,"[0.6601234827680622, 0.6109507568947781]",1,-1
48471,[0.37325504 0.56423936],0,1,"[0.37965276877051146, 0.575157747726818]",1,1
48472,[0.33848922 0.22776806],1,2,"[0.294379027732062, 0.1921773781634303]",0,0
48473,[0.2596929  0.21475123],1,2,"[0.294379027732062, 0.1921773781634303]",0,0
48474,[0.27469137 0.14472296],1,2,"[0.294379027732062, 0.1921773781634303]",0,0
48475,[0.8232447  0.70011756],2,0,"[0.7890750777399501, 0.6799557517006445]",1,-1
48476,[0.60875708 0.60297489],3,3,"[0.6601234827680622, 0.6109507568947781]",1,-1
48477,[0.48233214 0.53150419],0,-1,-1,1,-1
48478,[0.32423862 0.14853284],1,2,"[0.294379027732062, 0.1921773781634303]",0,0
48479,[0.85853984 0.71137739],2,-1,-1,1,-1
48480,[0.72126418 0.60572707],3,3,"[0.6601234827680622, 0.6109507568947781]",1,-1
48481,[0.7517368 0.7223962],2,0,"[0.7890750777399501, 0.6799557517006445]",1,-1
48482,[0.29032662 0.21874271],1,2,"[0.294379027732062, 0.1921773781634303]",0,0
48483,[0.82306722 0.63978415],2,0,"[0.7890750777399501, 0.6799557517006445]",1,-1
48484,[0.39324927 0.67889408],0,-1,-1,1,-1
48485,[0.79031296 0.67905281],2,0,"[0.7890750777399501, 0.6799557517006445]",1,4
48486,[0.42986226 0.64284762],0,-1,-1,1,-1
48487,[0.34922181 0.16127631],1,2,"[0.294379027732062, 0.1921773781634303]",0,0
48488,[0.67459466 0.65666482],3,3,"[0.6601234827680622, 0.6109507568947781]",1,-1
48489,[0.30563368 0.19151571],1,2,"[0.294379027732062, 0.1921773781634303]",0,0
48490,[0.2417162 0.1462123],1,2,"[0.294379027732062, 0.1921773781634303]",0,0
48491,[0.33573632 0.16265322],1,2,"[0.294379027732062, 0.1921773781634303]",0,0
48492,[0.87701511 0.71398304],2,-1,-1,1,-1
48493,[0.37902533 0.63343265],0,1,"[0.37965276877051146, 0.575157747726818]",1,-1
48494,[0.59363392 0.63520457],3,-1,-1,1,-1
48495,[0.3485291  0.56856839],0,1,"[0.37965276877051146, 0.575157747726818]",1,-1
48496,[0.4093486  0.60455714],0,1,"[0.37965276877051146, 0.575157747726818]",1,-1
48497,[0.36589748 0.70089973],0,-1,-1,1,-1
48498,[0.35318328 0.18823318],1,2,"[0.294379027732062, 0.1921773781634303]",0,0
48499,[0.73978653 0.68900508],2,0,"[0.7890750777399501, 0.6799557517006445]",1,-1
48500,[0.72801092 0.59572746],3,3,"[0.6601234827680622, 0.6109507568947781]",1,-1
48501,[0.78810508 0.71020898],2,0,"[0.7890750777399501, 0.6799557517006445]",1,-1
48502,[0.35751138 0.21313719],1,2,"[0.294379027732062, 0.1921773781634303]",0,0
48503,[0.34556344 0.6218665 ],0,1,"[0.37965276877051146, 0.575157747726818]",1,-1
48504,[0.37285468 0.25962789],1,-1,-1,0,0
48505,[0.7608399  0.68773018],2,0,"[0.7890750777399501, 0.6799557517006445]",1,-1
48506,[0.26640502 0.20764966],1,2,"[0.294379027732062, 0.1921773781634303]",0,0
48507,[0.73494497 0.5627574 ],3,-1,-1,1,-1
48508,[0.58417673 0.64307565],3,-1,-1,1,-1
48509,[0.30389339 0.18889639],1,2,"[0.294379027732062, 0.1921773781634303]",0,0
48510,[0.70753959 0.59720607],3,3,"[0.6601234827680622, 0.6109507568947781]",1,-1
48511,[0.68151013 0.63713757],3,3,"[0.6601234827680622, 0.6109507568947781]",1,-1
48512,[0.82382383 0.67888584],2,0,"[0.7890750777399501, 0.6799557517006445]",1,-1
48513,[0.72319061 0.62666727],3,3,"[0.6601234827680622, 0.6109507568947781]",1,-1
48514,[0.66637395 0.57273441],3,3,"[0.6601234827680622, 0.6109507568947781]",1,-1
48515,[0.3700087  0.59640459],0,1,"[0.37965276877051146, 0.575157747726818]",1,-1
48516,[0.40422957 0.50933733],0,-1,-1,1,-1
48517,[0.33993646 0.54447363],0,1,"[0.37965276877051146, 0.575157747726818]",1,-1
48518,[0.30022876 0.21583657],1,2,"[0.294379027732062, 0.1921773781634303]",0,0
48519,[0.27250409 0.1497408 ],1,2,"[0.294379027732062, 0.1921773781634303]",0,0
48520,[0.78933218 0.61493146],2,0,"[0.7890750777399501, 0.6799557517006445]",1,-1
48521,[0.31386821 0.22211654],1,2,"[0.294379027732062, 0.1921773781634303]",0,0
48522,[0.34134723 0.55813163],0,1,"[0.37965276877051146, 0.575157747726818]",1,-1
48523,[0.35259496 0.13242215],1,-1,-1,0,0
48524,[0.77876997 0.64494991],2,0,"[0.7890750777399501, 0.6799557517006445]",1,-1
48525,[0.32444489 0.57804316],0,1,"[0.37965276877051146, 0.575157747726818]",1,-1
48526,[0.53446185 0.5709046 ],3,-1,-1,1,-1
48527,[0.88450724 0.54749442],2,-1,-1,1,-1
48528,[0.37666045 0.57472134],0,1,"[0.37965276877051146, 0.575157747726818]",1,1
48529,[0.81860137 0.68592905],2,0,"[0.7890750777399501, 0.6799557517006445]",1,-1
48530,[0.73161653 0.7174215 ],2,0,"[0.7890750777399501, 0.6799557517006445]",1,-1
48531,[0.29881612 0.50031157],0,-1,-1,1,-1
48532,[0.40231288 0.64767242],0,-1,-1,1,-1
48533,[0.30705336 0.14145585],1,2,"[0.294379027732062, 0.1921773781634303]",0,0
48534,[0.62689738 0.59395486],3,3,"[0.6601234827680622, 0.6109507568947781]",1,-1
48535,[0.60966694 0.56832592],3,3,"[0.6601234827680622, 0.6109507568947781]",1,-1
48536,[0.67710857 0.54365756],3,3,"[0.6601234827680622, 0.6109507568947781]",1,-1
48537,[0.42439696 0.59011923],0,1,"[0.37965276877051146, 0.575157747726818]",1,-1
48538,[0.34528998 0.57822456],0,1,"[0.37965276877051146, 0.575157747726818]",1,-1
48539,[0.63579181 0.57266363],3,3,"[0.6601234827680622, 0.6109507568947781]",1,-1
48540,[0.35189808 0.56240335],0,1,"[0.37965276877051146, 0.575157747726818]",1,-1
48541,[0.39359286 0.58030186],0,1,"[0.37965276877051146, 0.575157747726818]",1,-1
48542,[0.34428602 0.61720038],0,1,"[0.37965276877051146, 0.575157747726818]",1,-1
48543,[0.67468773 0.65616697],3,3,"[0.6601234827680622, 0.6109507568947781]",1,-1
48544,[0.37370967 0.71717485],0,-1,-1,1,-1
48545,[0.36008946 0.20295803],1,2,"[0.294379027732062, 0.1921773781634303]",0,0
48546,[0.43396032 0.54825158],0,1,"[0.37965276877051146, 0.575157747726818]",1,-1
48547,[0.67673838 0.63808028],3,3,"[0.6601234827680622, 0.6109507568947781]",1,-1
48548,[0.41717751 0.57725184],0,1,"[0.37965276877051146, 0.575157747726818]",1,-1
48549,[0.24932125 0.1405242 ],1,2,"[0.294379027732062, 0.1921773781634303]",0,0
48550,[0.85151659 0.7047877 ],2,0,"[0.7890750777399501, 0.6799557517006445]",1,-1
48551,[0.76116789 0.55935928],2,-1,-1,1,-1
48552,[0.57657599 0.60816516],3,-1,-1,1,-1
48553,[0.65642938 0.64809691],3,3,"[0.6601234827680622, 0.6109507568947781]",1,-1
48554,[0.7863228  0.70212164],2,0,"[0.7890750777399501, 0.6799557517006445]",1,-1
48555,[0.71269035 0.56114264],3,-1,-1,1,-1
48556,[0.70568701 0.62323837],3,3,"[0.6601234827680622, 0.6109507568947781]",1,-1
48557,[0.61766744 0.60570114],3,3,"[0.6601234827680622, 0.6109507568947781]",1,-1
48558,[0.30479984 0.12530555],1,2,"[0.294379027732062, 0.1921773781634303]",0,0
48559,[0.77925592 0.67869771],2,0,"[0.7890750777399501, 0.6799557517006445]",1,-1
48560,[0.28177105 0.16262248],1,2,"[0.294379027732062, 0.1921773781634303]",0,0
48561,[0.70224008 0.67921948],2,-1,-1,1,-1
48562,[0.80981581 0.66177337],2,0,"[0.7890750777399501, 0.6799557517006445]",1,-1
48563,[0.5927062  0.61045364],3,3,"[0.6601234827680622, 0.6109507568947781]",1,-1
48564,[0.34316462 0.58686986],0,1,"[0.37965276877051146, 0.575157747726818]",1,-1
48565,[0.70115623 0.64821   ],2,3,"[0.6601234827680622, 0.6109507568947781]",1,-1
48566,[0.30371927 0.18147827],1,2,"[0.294379027732062, 0.1921773781634303]",0,0
48567,[0.6167725  0.60644897],3,3,"[0.6601234827680622, 0.6109507568947781]",1,-1
48568,[0.88384536 0.72526818],2,-1,-1,1,-1
48569,[0.89370103 0.61499904],2,-1,-1,1,-1
48570,[0.67216186 0.69800446],3,-1,-1,1,-1
48571,[0.38903263 0.60656505],0,1,"[0.37965276877051146, 0.575157747726818]",1,-1
48572,[0.24582367 0.23355156],1,2,"[0.294379027732062, 0.1921773781634303]",0,0
48573,[0.6733633  0.64236199],3,3,"[0.6601234827680622, 0.6109507568947781]",1,-1
48574,[0.35474104 0.17641042],1,2,"[0.294379027732062, 0.1921773781634303]",0,0
48575,[0.40439598 0.54780001],0,1,"[0.37965276877051146, 0.575157747726818]",1,-1
48576,[0.75478419 0.55843736],3,-1,-1,1,-1
48577,[0.80963716 0.67580765],2,0,"[0.7890750777399501, 0.6799557517006445]",1,-1
48578,[0.647088   0.65245492],3,3,"[0.6601234827680622, 0.6109507568947781]",1,-1
48579,[0.72831397 0.64645822],2,0,"[0.7890750777399501, 0.6799557517006445]",1,-1
48580,[0.36773536 0.58918897],0,1,"[0.37965276877051146, 0.575157747726818]",1,-1
48581,[0.64377435 0.61972893],3,3,"[0.6601234827680622, 0.6109507568947781]",1,-1
48582,[0.73154354 0.54602232],3,-1,-1,1,-1
48583,[0.87566783 0.70425015],2,-1,-1,1,-1
48584,[0.69837607 0.61601192],3,3,"[0.6601234827680622, 0.6109507568947781]",1,-1
48585,[0.52359159 0.58353995],3,-1,-1,1,-1
48586,[0.76421905 0.63392765],2,0,"[0.7890750777399501, 0.6799557517006445]",1,-1
48587,[0.61252895 0.61247051],3,3,"[0.6601234827680622, 0.6109507568947781]",1,-1
48588,[0.85530791 0.66916369],2,0,"[0.7890750777399501, 0.6799557517006445]",1,-1
48589,[0.38586244 0.18281541],1,-1,-1,0,0
48590,[0.40079142 0.55031012],0,1,"[0.37965276877051146, 0.575157747726818]",1,-1
48591,[0.63173854 0.56732682],3,3,"[0.6601234827680622, 0.6109507568947781]",1,-1
48592,[0.39984154 0.61298491],0,1,"[0.37965276877051146, 0.575157747726818]",1,-1
48593,[0.31100913 0.58506021],0,1,"[0.37965276877051146, 0.575157747726818]",1,-1
48594,[0.66442324 0.5501277 ],3,3,"[0.6601234827680622, 0.6109507568947781]",1,-1
48595,[0.72143334 0.69322717],2,0,"[0.7890750777399501, 0.6799557517006445]",1,-1
48596,[0.71499888 0.6538603 ],3,3,"[0.6601234827680622, 0.6109507568947781]",1,-1
48597,[0.63309195 0.65663174],3,3,"[0.6601234827680622, 0.6109507568947781]",1,-1
48598,[0.36029887 0.56159664],0,1,"[0.37965276877051146, 0.575157747726818]",1,-1
48599,[0.22255906 0.08506897],1,-1,-1,0,0
48600,[0.69680788 0.69305074],2,-1,-1,1,-1
48601,[0.77992813 0.66754279],2,0,"[0.7890750777399501, 0.6799557517006445]",1,-1
48602,[0.84195549 0.59795755],2,-1,-1,1,-1
48603,[0.58895215 0.66938803],3,-1,-1,1,-1
48604,[0.25618846 0.19642046],1,2,"[0.294379027732062, 0.1921773781634303]",0,0
48605,[0.74046056 0.6293173 ],2,-1,-1,1,-1
48606,[0.30000653 0.19845568],1,2,"[0.294379027732062, 0.1921773781634303]",0,0
48607,[0.76633942 0.75746834],2,-1,-1,1,-1
48608,[0.29595109 0.22800858],1,2,"[0.294379027732062, 0.1921773781634303]",0,0
48609,[0.34816367 0.1471612 ],1,-1,-1,0,0
48610,[0.16949693 0.19065384],1,-1,-1,0,0
48611,[0.29727826 0.18237311],1,2,"[0.294379027732062, 0.1921773781634303]",0,0
48612,[0.31021189 0.103119  ],1,-1,-1,0,0
48613,[0.29303422 0.11506726],1,-1,-1,0,0
48614,[0.6327964  0.69404283],3,-1,-1,1,-1
48615,[0.34045914 0.12713934],1,-1,-1,0,0
48616,[0.36276244 0.6749451 ],0,-1,-1,1,-1
48617,[0.74678203 0.69108953],2,0,"[0.7890750777399501, 0.6799557517006445]",1,-1
48618,[0.65149022 0.61912317],3,3,"[0.6601234827680622, 0.6109507568947781]",1,-1
48619,[0.39240561 0.57764302],0,1,"[0.37965276877051146, 0.575157747726818]",1,-1
48620,[0.69841399 0.51709678],3,-1,-1,1,-1
48621,[0.54894897 0.56657591],3,-1,-1,1,-1
48622,[0.75056038 0.67695823],2,0,"[0.7890750777399501, 0.6799557517006445]",1,-1
48623,[0.61510022 0.63340025],3,3,"[0.6601234827680622, 0.6109507568947781]",1,-1
48624,[0.37365089 0.2350084 ],1,-1,-1,0,0
48625,[0.67644458 0.64444698],3,3,"[0.6601234827680622, 0.6109507568947781]",1,-1
48626,[0.7789526  0.67089662],2,0,"[0.7890750777399501, 0.6799557517006445]",1,-1
48627,[0.63251849 0.58187622],3,3,"[0.6601234827680622, 0.6109507568947781]",1,-1
48628,[0.47997384 0.54049633],0,-1,-1,1,-1
48629,[0.63673147 0.5272333 ],3,-1,-1,1,-1
48630,[0.30759828 0.18614149],1,2,"[0.294379027732062, 0.1921773781634303]",0,0
48631,[0.60727656 0.64853439],3,3,"[0.6601234827680622, 0.6109507568947781]",1,-1
48632,[0.27313929 0.18298395],1,2,"[0.294379027732062, 0.1921773781634303]",0,0
48633,[0.39462249 0.62241423],0,1,"[0.37965276877051146, 0.575157747726818]",1,-1
48634,[0.30067401 0.54952532],0,-1,-1,1,-1
48635,[0.74511429 0.65578515],2,0,"[0.7890750777399501, 0.6799557517006445]",1,-1
48636,[0.7958658  0.66411802],2,0,"[0.7890750777399501, 0.6799557517006445]",1,-1
48637,[0.41485838 0.57508652],0,1,"[0.37965276877051146, 0.575157747726818]",1,2
48638,[0.34809925 0.52050933],0,1,"[0.37965276877051146, 0.575157747726818]",1,-1
48639,[0.68240965 0.66630347],3,3,"[0.6601234827680622, 0.6109507568947781]",1,-1
48640,[0.58610776 0.60084853],3,-1,-1,1,-1
48641,[0.80747296 0.62048872],2,0,"[0.7890750777399501, 0.6799557517006445]",1,-1
48642,[0.29937423 0.1993719 ],1,2,"[0.294379027732062, 0.1921773781634303]",0,0
48643,[0.40181192 0.51671869],0,1,"[0.37965276877051146, 0.575157747726818]",1,-1
48644,[0.6789572  0.57276966],3,3,"[0.6601234827680622, 0.6109507568947781]",1,-1
48645,[0.82517295 0.59817426],2,-1,-1,1,-1
48646,[0.44592667 0.55848387],0,1,"[0.37965276877051146, 0.575157747726818]",1,-1
48647,[0.72226248 0.70918225],2,-1,-1,1,-1
48648,[0.30879161 0.22544586],1,2,"[0.294379027732062, 0.1921773781634303]",0,0
48649,[0.80812867 0.70012569],2,0,"[0.7890750777399501, 0.6799557517006445]",1,-1
48650,[0.42174634 0.56997763],0,1,"[0.37965276877051146, 0.575157747726818]",1,-1
48651,[0.70469068 0.68712765],2,-1,-1,1,-1
48652,[0.74245977 0.63349803],2,0,"[0.7890750777399501, 0.6799557517006445]",1,-1
48653,[0.42344485 0.55460831],0,1,"[0.37965276877051146, 0.575157747726818]",1,-1
48654,[0.81531874 0.74592925],2,-1,-1,1,-1
48655,[0.26843224 0.20566581],1,2,"[0.294379027732062, 0.1921773781634303]",0,0
48656,[0.79002581 0.72396073],2,0,"[0.7890750777399501, 0.6799557517006445]",1,-1
48657,[0.82273627 0.69036901],2,0,"[0.7890750777399501, 0.6799557517006445]",1,-1
48658,[0.64423095 0.6092195 ],3,3,"[0.6601234827680622, 0.6109507568947781]",1,6
48659,[0.62613391 0.60723975],3,3,"[0.6601234827680622, 0.6109507568947781]",1,-1
48660,[0.29969634 0.19969484],1,2,"[0.294379027732062, 0.1921773781634303]",0,0
48661,[0.34327441 0.22972619],1,2,"[0.294379027732062, 0.1921773781634303]",0,0
48662,[0.47500059 0.56317348],0,-1,-1,1,-1
48663,[0.67345182 0.55793786],3,3,"[0.6601234827680622, 0.6109507568947781]",1,-1
48664,[0.41836766 0.58571175],0,1,"[0.37965276877051146, 0.575157747726818]",1,-1
48665,[0.35939527 0.58146901],0,1,"[0.37965276877051146, 0.575157747726818]",1,-1
48666,[0.36467524 0.5156278 ],0,1,"[0.37965276877051146, 0.575157747726818]",1,-1
48667,[0.63289504 0.46445435],3,-1,-1,1,-1
48668,[0.64308173 0.58997056],3,3,"[0.6601234827680622, 0.6109507568947781]",1,-1
48669,[0.74343472 0.64098817],3,0,"[0.7890750777399501, 0.6799557517006445]",1,-1
48670,[0.34459495 0.53455077],0,1,"[0.37965276877051146, 0.575157747726818]",1,-1
48671,[0.6148295  0.51914364],3,-1,-1,1,-1
48672,[0.36508078 0.58476541],0,1,"[0.37965276877051146, 0.575157747726818]",1,-1
48673,[0.78015289 0.66675356],2,0,"[0.7890750777399501, 0.6799557517006445]",1,-1
48674,[0.32704624 0.24441346],1,2,"[0.294379027732062, 0.1921773781634303]",0,0
48675,[0.28743213 0.19758412],1,2,"[0.294379027732062, 0.1921773781634303]",0,0
48676,[0.25898124 0.15636607],1,2,"[0.294379027732062, 0.1921773781634303]",0,0
48677,[0.64702437 0.57770745],3,3,"[0.6601234827680622, 0.6109507568947781]",1,-1
48678,[0.30663356 0.60752856],0,-1,-1,1,-1
48679,[0.67413335 0.58668509],3,3,"[0.6601234827680622, 0.6109507568947781]",1,-1
48680,[0.67639728 0.65674753],3,3,"[0.6601234827680622, 0.6109507568947781]",1,-1
48681,[0.10500627 0.14284508],1,-1,-1,0,-1
48682,[0.38728047 0.68258514],0,-1,-1,1,-1
48683,[0.34911631 0.58744257],0,1,"[0.37965276877051146, 0.575157747726818]",1,-1
48684,[0.6337366  0.65796271],3,3,"[0.6601234827680622, 0.6109507568947781]",1,-1
48685,[0.79954683 0.63998087],2,0,"[0.7890750777399501, 0.6799557517006445]",1,-1
48686,[0.82182684 0.63289212],2,0,"[0.7890750777399501, 0.6799557517006445]",1,-1
48687,[0.73233278 0.69207014],2,0,"[0.7890750777399501, 0.6799557517006445]",1,-1
48688,[0.64446329 0.60209428],3,3,"[0.6601234827680622, 0.6109507568947781]",1,-1
48689,[0.37568237 0.56719649],0,1,"[0.37965276877051146, 0.575157747726818]",1,1
48690,[0.76780346 0.67666313],2,0,"[0.7890750777399501, 0.6799557517006445]",1,-1
48691,[0.44344213 0.49097994],0,-1,-1,1,-1
48692,[0.38057861 0.66544444],0,-1,-1,1,-1
48693,[0.84527672 0.60778436],2,-1,-1,1,-1
48694,[0.63158626 0.54668866],3,-1,-1,1,-1
48695,[0.70991876 0.58682526],3,3,"[0.6601234827680622, 0.6109507568947781]",1,-1
48696,[0.78893851 0.57667191],2,-1,-1,1,-1
48697,[0.38904919 0.53460499],0,1,"[0.37965276877051146, 0.575157747726818]",1,-1
48698,[0.19327874 0.14407656],1,-1,-1,0,0
48699,[0.23302123 0.2006609 ],1,2,"[0.294379027732062, 0.1921773781634303]",0,0
48700,[0.3156029  0.61907593],0,-1,-1,1,-1
48701,[0.754568   0.66945167],2,0,"[0.7890750777399501, 0.6799557517006445]",1,-1
48702,[0.26938861 0.2980185 ],1,-1,-1,0,0
48703,[0.33847792 0.62090429],0,1,"[0.37965276877051146, 0.575157747726818]",1,-1
48704,[0.30091926 0.24526408],1,2,"[0.294379027732062, 0.1921773781634303]",0,0
48705,[0.33664406 0.51037314],0,-1,-1,1,-1
48706,[0.622058  0.6227097],3,3,"[0.6601234827680622, 0.6109507568947781]",1,-1
48707,[0.78559601 0.60588289],2,-1,-1,1,-1
48708,[0.69606202 0.65317027],2,3,"[0.6601234827680622, 0.6109507568947781]",1,-1
48709,[0.31297648 0.59941203],0,-1,-1,1,-1
48710,[0.30780885 0.57970572],0,-1,-1,1,-1
48711,[0.58311634 0.58832455],3,-1,-1,1,-1
48712,[0.79910955 0.66283944],2,0,"[0.7890750777399501, 0.6799557517006445]",1,-1
48713,[0.32961192 0.59107916],0,1,"[0.37965276877051146, 0.575157747726818]",1,-1
48714,[0.2834214  0.54338145],0,-1,-1,1,-1
48715,[0.62383593 0.59167971],3,3,"[0.6601234827680622, 0.6109507568947781]",1,-1
48716,[0.26486443 0.20001652],1,2,"[0.294379027732062, 0.1921773781634303]",0,0
48717,[0.8428004  0.63917467],2,0,"[0.7890750777399501, 0.6799557517006445]",1,-1
48718,[0.37749549 0.60326611],0,1,"[0.37965276877051146, 0.575157747726818]",1,-1
48719,[0.75093059 0.64014034],3,0,"[0.7890750777399501, 0.6799557517006445]",1,-1
48720,[0.31225383 0.22404917],1,2,"[0.294379027732062, 0.1921773781634303]",0,0
48721,[0.30046268 0.18239005],1,2,"[0.294379027732062, 0.1921773781634303]",0,0
48722,[0.35580597 0.21116918],1,2,"[0.294379027732062, 0.1921773781634303]",0,0
48723,[0.33649615 0.55872587],0,1,"[0.37965276877051146, 0.575157747726818]",1,-1
48724,[0.68753245 0.65332809],3,3,"[0.6601234827680622, 0.6109507568947781]",1,-1
48725,[0.67383104 0.53272448],3,-1,-1,1,-1
48726,[0.34844419 0.51357043],0,1,"[0.37965276877051146, 0.575157747726818]",1,-1
48727,[0.83168493 0.68423478],2,0,"[0.7890750777399501, 0.6799557517006445]",1,-1
48728,[0.70382507 0.62981418],2,3,"[0.6601234827680622, 0.6109507568947781]",1,-1
48729,[0.39441912 0.50809513],0,1,"[0.37965276877051146, 0.575157747726818]",1,-1
48730,[0.2733045  0.28759029],1,-1,-1,0,0
48731,[0.67013127 0.63569487],3,3,"[0.6601234827680622, 0.6109507568947781]",1,-1
48732,[0.63280484 0.63590775],3,3,"[0.6601234827680622, 0.6109507568947781]",1,-1
48733,[0.84886278 0.68749228],2,0,"[0.7890750777399501, 0.6799557517006445]",1,-1
48734,[0.63570606 0.66498795],3,3,"[0.6601234827680622, 0.6109507568947781]",1,-1
48735,[0.82090068 0.69226586],2,0,"[0.7890750777399501, 0.6799557517006445]",1,-1
48736,[0.70679025 0.69868578],2,-1,-1,1,-1
48737,[0.38703787 0.50112175],0,-1,-1,1,-1
48738,[0.68036786 0.57745461],3,3,"[0.6601234827680622, 0.6109507568947781]",1,-1
48739,[0.37923755 0.58395438],0,1,"[0.37965276877051146, 0.575157747726818]",1,-1
48740,[0.68214412 0.62088063],3,3,"[0.6601234827680622, 0.6109507568947781]",1,7
48741,[0.31089623 0.60830409],0,-1,-1,1,-1
48742,[0.68011393 0.60947413],3,3,"[0.6601234827680622, 0.6109507568947781]",1,5
48743,[0.32874321 0.21129916],1,2,"[0.294379027732062, 0.1921773781634303]",0,0
48744,[0.76377473 0.68033869],2,0,"[0.7890750777399501, 0.6799557517006445]",1,-1
48745,[0.8765515 0.6518971],2,-1,-1,1,-1
48746,[0.7525817  0.70193354],2,0,"[0.7890750777399501, 0.6799557517006445]",1,-1
48747,[0.21347752 0.11268948],1,-1,-1,0,0
48748,[0.6532253  0.66660103],3,3,"[0.6601234827680622, 0.6109507568947781]",1,-1
48749,[0.68483632 0.71632541],2,-1,-1,1,-1
48750,[0.36215008 0.52387637],0,1,"[0.37965276877051146, 0.575157747726818]",1,-1
48751,[0.42921027 0.50418976],0,-1,-1,1,-1
48752,[0.83286181 0.63916387],2,0,"[0.7890750777399501, 0.6799557517006445]",1,-1
48753,[0.35892548 0.57073059],0,1,"[0.37965276877051146, 0.575157747726818]",1,-1
48754,[0.30104904 0.61299051],0,-1,-1,1,-1
48755,[0.40828482 0.51621114],0,1,"[0.37965276877051146, 0.575157747726818]",1,-1
48756,[0.72164693 0.58853606],3,3,"[0.6601234827680622, 0.6109507568947781]",1,-1
48757,[0.27518888 0.2012925 ],1,2,"[0.294379027732062, 0.1921773781634303]",0,0
48758,[0.73900442 0.66442341],3,0,"[0.7890750777399501, 0.6799557517006445]",1,-1
48759,[0.42392013 0.5420643 ],0,1,"[0.37965276877051146, 0.575157747726818]",1,-1
48760,[0.36278722 0.26921291],1,-1,-1,0,0
48761,[0.64789759 0.60762561],3,3,"[0.6601234827680622, 0.6109507568947781]",1,6
48762,[0.71312004 0.66156539],3,-1,-1,1,-1
48763,[0.31207821 0.14105701],1,2,"[0.294379027732062, 0.1921773781634303]",0,0
48764,[0.66779582 0.58095353],3,3,"[0.6601234827680622, 0.6109507568947781]",1,-1
48765,[0.18817767 0.1279569 ],1,-1,-1,0,0
48766,[0.6886505  0.58200943],3,3,"[0.6601234827680622, 0.6109507568947781]",1,-1
48767,[0.28080376 0.24492232],1,2,"[0.294379027732062, 0.1921773781634303]",0,0
48768,[0.45933422 0.57411358],0,-1,-1,1,-1
48769,[0.34687142 0.68424376],0,-1,-1,1,-1
48770,[0.39397521 0.56573141],0,1,"[0.37965276877051146, 0.575157747726818]",1,2
48771,[0.68165457 0.51408261],3,-1,-1,1,-1
48772,[0.73891871 0.74026629],2,-1,-1,1,-1
48773,[0.8103552  0.68267864],2,0,"[0.7890750777399501, 0.6799557517006445]",1,4
48774,[0.28812684 0.22762232],1,2,"[0.294379027732062, 0.1921773781634303]",0,0
48775,[0.27865659 0.62843384],0,-1,-1,1,-1
48776,[0.36172537 0.67547988],0,-1,-1,1,-1
48777,[0.68482351 0.6927142 ],3,-1,-1,1,-1
48778,[0.32271556 0.23852996],1,2,"[0.294379027732062, 0.1921773781634303]",0,0
48779,[0.72409132 0.63862121],2,3,"[0.6601234827680622, 0.6109507568947781]",1,-1
48780,[0.87054197 0.64370007],2,-1,-1,1,-1
48781,[0.40764619 0.56955795],0,1,"[0.37965276877051146, 0.575157747726818]",1,2
48782,[0.73538504 0.67520653],3,0,"[0.7890750777399501, 0.6799557517006445]",1,-1
48783,[0.2982586  0.12428016],1,2,"[0.294379027732062, 0.1921773781634303]",0,0
48784,[0.35903424 0.49160312],0,-1,-1,1,-1
48785,[0.34683811 0.62424655],0,1,"[0.37965276877051146, 0.575157747726818]",1,-1
48786,[0.3295792  0.21500682],1,2,"[0.294379027732062, 0.1921773781634303]",0,0
48787,[0.26895525 0.14489331],1,2,"[0.294379027732062, 0.1921773781634303]",0,0
48788,[0.49638547 0.63759418],0,-1,-1,1,-1
48789,[0.258158   0.16177539],1,2,"[0.294379027732062, 0.1921773781634303]",0,0
48790,[0.62532269 0.60824955],3,3,"[0.6601234827680622, 0.6109507568947781]",1,-1
48791,[0.4868001  0.59241695],0,-1,-1,1,-1
48792,[0.35064373 0.57629168],0,1,"[0.37965276877051146, 0.575157747726818]",1,-1
48793,[0.78360077 0.69156752],2,0,"[0.7890750777399501, 0.6799557517006445]",1,-1
48794,[0.40699612 0.56954796],0,1,"[0.37965276877051146, 0.575157747726818]",1,2
48795,[0.39977657 0.56949603],0,1,"[0.37965276877051146, 0.575157747726818]",1,2
48796,[0.70785048 0.67537763],2,-1,-1,1,-1
48797,[0.39128438 0.62395013],0,1,"[0.37965276877051146, 0.575157747726818]",1,-1
48798,[0.30510244 0.16766541],1,2,"[0.294379027732062, 0.1921773781634303]",0,0
48799,[0.39071142 0.54737151],0,1,"[0.37965276877051146, 0.575157747726818]",1,-1
48800,[0.61964896 0.53975549],3,-1,-1,1,-1
48801,[0.64505938 0.61223665],3,3,"[0.6601234827680622, 0.6109507568947781]",1,-1
48802,[0.76215691 0.71186136],2,0,"[0.7890750777399501, 0.6799557517006445]",1,-1
48803,[0.43145681 0.65314948],0,-1,-1,1,-1
48804,[0.45099729 0.54412679],0,-1,-1,1,-1
48805,[0.44805347 0.55416001],0,-1,-1,1,-1
48806,[0.35429013 0.52493654],0,1,"[0.37965276877051146, 0.575157747726818]",1,-1
48807,[0.32107963 0.58014183],0,1,"[0.37965276877051146, 0.575157747726818]",1,-1
48808,[0.82885686 0.73085681],2,0,"[0.7890750777399501, 0.6799557517006445]",1,-1
48809,[0.28925756 0.15714939],1,2,"[0.294379027732062, 0.1921773781634303]",0,0
48810,[0.30715248 0.16590924],1,2,"[0.294379027732062, 0.1921773781634303]",0,0
48811,[0.74665378 0.57279897],3,-1,-1,1,-1
48812,[0.81500451 0.66933183],2,0,"[0.7890750777399501, 0.6799557517006445]",1,-1
48813,[0.42469623 0.61437572],0,1,"[0.37965276877051146, 0.575157747726818]",1,-1
48814,[0.79103316 0.63211448],2,0,"[0.7890750777399501, 0.6799557517006445]",1,-1
48815,[0.26262106 0.15244952],1,2,"[0.294379027732062, 0.1921773781634303]",0,0
48816,[0.29177175 0.2222569 ],1,2,"[0.294379027732062, 0.1921773781634303]",0,0
48817,[0.45590291 0.57442616],0,-1,-1,1,-1
48818,[0.68682147 0.67143353],3,3,"[0.6601234827680622, 0.6109507568947781]",1,-1
48819,[0.34121854 0.5013464 ],0,-1,-1,1,-1
48820,[0.70595086 0.73481224],2,-1,-1,1,-1
48821,[0.28013133 0.22760629],1,2,"[0.294379027732062, 0.1921773781634303]",0,0
48822,[0.45830957 0.54215271],0,-1,-1,1,-1
48823,[0.4381239 0.6024363],0,1,"[0.37965276877051146, 0.575157747726818]",1,-1
48824,[0.41801733 0.60934117],0,1,"[0.37965276877051146, 0.575157747726818]",1,-1
48825,[0.74212121 0.65188695],2,0,"[0.7890750777399501, 0.6799557517006445]",1,-1
48826,[0.42330685 0.594565  ],0,1,"[0.37965276877051146, 0.575157747726818]",1,-1
48827,[0.43710491 0.50624491],0,-1,-1,1,-1
48828,[0.23570995 0.07295702],1,-1,-1,0,0
48829,[0.78662294 0.68431956],2,0,"[0.7890750777399501, 0.6799557517006445]",1,-1
48830,[0.71704487 0.67518974],2,-1,-1,1,-1
48831,[0.61007345 0.5646102 ],3,3,"[0.6601234827680622, 0.6109507568947781]",1,-1
48832,[0.422264   0.18820248],1,-1,-1,0,0
48833,[0.30009882 0.19237442],1,2,"[0.294379027732062, 0.1921773781634303]",0,0
48834,[0.28692234 0.14255361],1,2,"[0.294379027732062, 0.1921773781634303]",0,0
48835,[0.73330945 0.6772527 ],2,0,"[0.7890750777399501, 0.6799557517006445]",1,-1
48836,[0.38599711 0.16986212],1,-1,-1,0,0
48837,[0.73923325 0.60714879],3,-1,-1,1,-1
48838,[0.66325943 0.72162372],3,-1,-1,1,-1
48839,[0.43646098 0.24023985],1,-1,-1,0,0
48840,[0.28264048 0.18719937],1,2,"[0.294379027732062, 0.1921773781634303]",0,0
48841,[0.76241808 0.75398902],2,-1,-1,1,-1
48842,[0.37388611 0.65928106],0,-1,-1,1,-1
48843,[0.78678403 0.70642544],2,0,"[0.7890750777399501, 0.6799557517006445]",1,-1
48844,[0.37121343 0.57190784],0,1,"[0.37965276877051146, 0.575157747726818]",1,1
48845,[0.77026829 0.66046241],2,0,"[0.7890750777399501, 0.6799557517006445]",1,-1
48846,[0.78932457 0.68338336],2,0,"[0.7890750777399501, 0.6799557517006445]",1,-1
48847,[0.8393213  0.67565112],2,0,"[0.7890750777399501, 0.6799557517006445]",1,-1
48848,[0.36944862 0.23907095],1,-1,-1,0,0
48849,[0.74527336 0.56583728],3,-1,-1,1,-1
48850,[0.27726201 0.12931598],1,2,"[0.294379027732062, 0.1921773781634303]",0,0
48851,[0.22243307 0.21427093],1,-1,-1,0,0
48852,[0.37463867 0.55512783],0,1,"[0.37965276877051146, 0.575157747726818]",1,-1
48853,[0.33375287 0.56351864],0,1,"[0.37965276877051146, 0.575157747726818]",1,-1
48854,[0.56959074 0.57073789],3,-1,-1,1,-1
48855,[0.82795851 0.64973691],2,0,"[0.7890750777399501, 0.6799557517006445]",1,-1
48856,[0.2876165  0.19407686],1,2,"[0.294379027732062, 0.1921773781634303]",0,0
48857,[0.25845152 0.18651583],1,2,"[0.294379027732062, 0.1921773781634303]",0,0
48858,[0.6594221 0.657548 ],3,3,"[0.6601234827680622, 0.6109507568947781]",1,-1
48859,[0.31240738 0.67218544],0,-1,-1,1,-1
48860,[0.67313711 0.56548215],3,3,"[0.6601234827680622, 0.6109507568947781]",1,-1
48861,[0.60594249 0.61510345],3,3,"[0.6601234827680622, 0.6109507568947781]",1,-1
48862,[0.39507377 0.55387   ],0,1,"[0.37965276877051146, 0.575157747726818]",1,-1
48863,[0.77617378 0.68127242],2,0,"[0.7890750777399501, 0.6799557517006445]",1,-1
48864,[0.33642843 0.5174965 ],0,-1,-1,1,-1
48865,[0.27703426 0.15400393],1,2,"[0.294379027732062, 0.1921773781634303]",0,0
48866,[0.60038485 0.67146509],3,-1,-1,1,-1
48867,[0.71882451 0.59161418],3,3,"[0.6601234827680622, 0.6109507568947781]",1,-1
48868,[0.84525194 0.63598134],2,-1,-1,1,-1
48869,[0.69468431 0.5800755 ],3,3,"[0.6601234827680622, 0.6109507568947781]",1,-1
48870,[0.23424129 0.18911551],1,2,"[0.294379027732062, 0.1921773781634303]",0,0
48871,[0.84613761 0.73326013],2,-1,-1,1,-1
48872,[0.38099482 0.49161657],0,-1,-1,1,-1
48873,[0.33245799 0.47137887],0,-1,-1,1,-1
48874,[0.36292715 0.26030705],1,-1,-1,0,0
48875,[0.82763645 0.69016341],2,0,"[0.7890750777399501, 0.6799557517006445]",1,-1
48876,[0.75186576 0.54252601],3,-1,-1,1,-1
48877,[0.77347967 0.73083222],2,0,"[0.7890750777399501, 0.6799557517006445]",1,-1
48878,[0.7938786  0.63780057],2,0,"[0.7890750777399501, 0.6799557517006445]",1,-1
48879,[0.37924641 0.58750389],0,1,"[0.37965276877051146, 0.575157747726818]",1,-1
48880,[0.74232076 0.6898036 ],2,0,"[0.7890750777399501, 0.6799557517006445]",1,-1
48881,[0.35851403 0.20400748],1,2,"[0.294379027732062, 0.1921773781634303]",0,0
48882,[0.32282008 0.56096518],0,1,"[0.37965276877051146, 0.575157747726818]",1,-1
48883,[0.84647034 0.73326422],2,-1,-1,1,-1
48884,[0.37239102 0.51347528],0,1,"[0.37965276877051146, 0.575157747726818]",1,-1
48885,[0.24779929 0.1035869 ],1,-1,-1,0,0
48886,[0.41464285 0.5437499 ],0,1,"[0.37965276877051146, 0.575157747726818]",1,-1
48887,[0.82984648 0.65486742],2,0,"[0.7890750777399501, 0.6799557517006445]",1,-1
48888,[0.35796083 0.57503442],0,1,"[0.37965276877051146, 0.575157747726818]",1,-1
48889,[0.6865287 0.6713235],2,3,"[0.6601234827680622, 0.6109507568947781]",1,-1
48890,[0.46087389 0.57235491],0,-1,-1,1,-1
48891,[0.33478314 0.56982674],0,1,"[0.37965276877051146, 0.575157747726818]",1,-1
48892,[0.21356311 0.19438917],1,-1,-1,0,0
48893,[0.66204116 0.50156426],3,-1,-1,1,-1
48894,[0.42921546 0.68283111],0,-1,-1,1,-1
48895,[0.79920424 0.67729798],2,0,"[0.7890750777399501, 0.6799557517006445]",1,-1
48896,[0.6498851  0.61102853],3,3,"[0.6601234827680622, 0.6109507568947781]",1,6
48897,[0.60429857 0.61479605],3,3,"[0.6601234827680622, 0.6109507568947781]",1,-1
48898,[0.30026332 0.56368898],0,-1,-1,1,-1
48899,[0.30649542 0.22539412],1,2,"[0.294379027732062, 0.1921773781634303]",0,0
48900,[0.43060792 0.62254255],0,1,"[0.37965276877051146, 0.575157747726818]",1,-1
48901,[0.68591475 0.60037108],3,3,"[0.6601234827680622, 0.6109507568947781]",1,5
48902,[0.28327861 0.58776806],0,-1,-1,1,-1
48903,[0.33497259 0.49371531],0,-1,-1,1,-1
48904,[0.30868231 0.26769332],1,-1,-1,0,0
48905,[0.85983339 0.71374384],2,-1,-1,1,-1
48906,[0.30157538 0.19110742],1,2,"[0.294379027732062, 0.1921773781634303]",0,0
48907,[0.34400129 0.56080268],0,1,"[0.37965276877051146, 0.575157747726818]",1,-1
48908,[0.29628098 0.19156422],1,2,"[0.294379027732062, 0.1921773781634303]",0,0
48909,[0.67006229 0.58430503],3,3,"[0.6601234827680622, 0.6109507568947781]",1,-1
48910,[0.2767684  0.11333618],1,-1,-1,0,0
48911,[0.78938744 0.66844122],2,0,"[0.7890750777399501, 0.6799557517006445]",1,4
48912,[0.23207634 0.26278583],1,-1,-1,0,0
48913,[0.72465726 0.64768123],3,-1,-1,1,-1
48914,[0.63293407 0.65311448],3,3,"[0.6601234827680622, 0.6109507568947781]",1,-1
48915,[0.39641832 0.54667132],0,1,"[0.37965276877051146, 0.575157747726818]",1,-1
48916,[0.77412599 0.74188353],2,0,"[0.7890750777399501, 0.6799557517006445]",1,-1
48917,[0.43996292 0.58701044],0,1,"[0.37965276877051146, 0.575157747726818]",1,-1
48918,[0.33007538 0.52150203],0,-1,-1,1,-1
48919,[0.2102748  0.25059259],1,-1,-1,0,0
48920,[0.42214076 0.51409069],0,-1,-1,1,-1
48921,[0.3203337  0.58746375],0,1,"[0.37965276877051146, 0.575157747726818]",1,-1
48922,[0.43460153 0.57227645],0,1,"[0.37965276877051146, 0.575157747726818]",1,-1
48923,[0.30613834 0.20734014],1,2,"[0.294379027732062, 0.1921773781634303]",0,0
48924,[0.1903531  0.27305305],1,-1,-1,0,0
48925,[0.27530284 0.21350184],1,2,"[0.294379027732062, 0.1921773781634303]",0,0
48926,[0.36834203 0.60870204],0,1,"[0.37965276877051146, 0.575157747726818]",1,-1
48927,[0.26927851 0.20078655],1,2,"[0.294379027732062, 0.1921773781634303]",0,0
48928,[0.73968729 0.78807835],2,-1,-1,1,-1
48929,[0.19083623 0.08843937],1,-1,-1,0,0
48930,[0.31035158 0.26764421],1,-1,-1,0,0
48931,[0.64814464 0.66692799],3,3,"[0.6601234827680622, 0.6109507568947781]",1,-1
48932,[0.3727625  0.19678713],1,-1,-1,0,0
48933,[0.81704436 0.65714483],2,0,"[0.7890750777399501, 0.6799557517006445]",1,-1
48934,[0.41800069 0.57522325],0,1,"[0.37965276877051146, 0.575157747726818]",1,-1
48935,[0.63988781 0.61040538],3,3,"[0.6601234827680622, 0.6109507568947781]",1,-1
48936,[0.30513101 0.18160227],1,2,"[0.294379027732062, 0.1921773781634303]",0,0
48937,[0.31432274 0.25530055],1,2,"[0.294379027732062, 0.1921773781634303]",0,0
48938,[0.26403872 0.17987895],1,2,"[0.294379027732062, 0.1921773781634303]",0,0
48939,[0.38745522 0.53870827],0,1,"[0.37965276877051146, 0.575157747726818]",1,-1
48940,[0.49412408 0.54801745],0,-1,-1,1,-1
48941,[0.67878254 0.57017652],3,3,"[0.6601234827680622, 0.6109507568947781]",1,-1
48942,[0.56341087 0.60642421],3,-1,-1,1,-1
48943,[0.36813826 0.26326671],1,-1,-1,0,0
48944,[0.30711089 0.58391645],0,-1,-1,1,-1
48945,[0.38728427 0.57205207],0,1,"[0.37965276877051146, 0.575157747726818]",1,2
48946,[0.69352315 0.62449139],3,3,"[0.6601234827680622, 0.6109507568947781]",1,-1
48947,[0.65400545 0.58537351],3,3,"[0.6601234827680622, 0.6109507568947781]",1,-1
48948,[0.70892833 0.67092185],2,-1,-1,1,-1
48949,[0.66805707 0.63824002],3,3,"[0.6601234827680622, 0.6109507568947781]",1,-1
48950,[0.3478826  0.66449657],0,-1,-1,1,-1
48951,[0.65295278 0.59323096],3,3,"[0.6601234827680622, 0.6109507568947781]",1,-1
48952,[0.31315555 0.17222889],1,2,"[0.294379027732062, 0.1921773781634303]",0,0
48953,[0.28931049 0.21746834],1,2,"[0.294379027732062, 0.1921773781634303]",0,0
48954,[0.47795519 0.53929701],0,-1,-1,1,-1
48955,[0.74651493 0.58440671],2,-1,-1,1,-1
48956,[0.64991549 0.64626994],3,3,"[0.6601234827680622, 0.6109507568947781]",1,-1
48957,[0.67849014 0.68290085],3,-1,-1,1,-1
48958,[0.71845485 0.66126694],3,-1,-1,1,-1
48959,[0.62456384 0.61125703],3,3,"[0.6601234827680622, 0.6109507568947781]",1,-1
48960,[0.77652877 0.64680892],2,0,"[0.7890750777399501, 0.6799557517006445]",1,-1
48961,[0.75659479 0.61611812],2,-1,-1,1,-1
48962,[0.47525364 0.59888305],0,-1,-1,1,-1
48963,[0.39260586 0.54952256],0,1,"[0.37965276877051146, 0.575157747726818]",1,-1
48964,[0.74060359 0.64352427],2,0,"[0.7890750777399501, 0.6799557517006445]",1,-1
48965,[0.78988544 0.66596094],2,0,"[0.7890750777399501, 0.6799557517006445]",1,-1
48966,[0.29525004 0.23797551],1,2,"[0.294379027732062, 0.1921773781634303]",0,0
48967,[0.83135621 0.68408897],2,0,"[0.7890750777399501, 0.6799557517006445]",1,-1
48968,[0.43727392 0.59243888],0,1,"[0.37965276877051146, 0.575157747726818]",1,-1
48969,[0.72657135 0.59298418],3,3,"[0.6601234827680622, 0.6109507568947781]",1,-1
48970,[0.39858643 0.56491223],0,1,"[0.37965276877051146, 0.575157747726818]",1,2
48971,[0.39025754 0.5569503 ],0,1,"[0.37965276877051146, 0.575157747726818]",1,-1
48972,[0.37987715 0.60373134],0,1,"[0.37965276877051146, 0.575157747726818]",1,-1
48973,[0.3074538  0.14156059],1,2,"[0.294379027732062, 0.1921773781634303]",0,0
48974,[0.6524978  0.63841205],3,3,"[0.6601234827680622, 0.6109507568947781]",1,-1
48975,[0.80718847 0.70984505],2,0,"[0.7890750777399501, 0.6799557517006445]",1,-1
48976,[0.25947232 0.16157005],1,2,"[0.294379027732062, 0.1921773781634303]",0,0
48977,[0.79007005 0.69845712],2,0,"[0.7890750777399501, 0.6799557517006445]",1,-1
48978,[0.67324729 0.56869917],3,3,"[0.6601234827680622, 0.6109507568947781]",1,-1
48979,[0.67803416 0.63696669],3,3,"[0.6601234827680622, 0.6109507568947781]",1,-1
48980,[0.31282292 0.65925034],0,-1,-1,1,-1
48981,[0.77301816 0.72179866],2,0,"[0.7890750777399501, 0.6799557517006445]",1,-1
48982,[0.30865674 0.57674758],0,-1,-1,1,-1
48983,[0.81375101 0.59544153],2,-1,-1,1,-1
48984,[0.32088152 0.5470748 ],0,1,"[0.37965276877051146, 0.575157747726818]",1,-1
48985,[0.62163223 0.65675456],3,3,"[0.6601234827680622, 0.6109507568947781]",1,-1
48986,[0.31967019 0.16068136],1,2,"[0.294379027732062, 0.1921773781634303]",0,0
48987,[0.59235044 0.63772533],3,-1,-1,1,-1
48988,[0.34272292 0.54208691],0,1,"[0.37965276877051146, 0.575157747726818]",1,-1
48989,[0.65634823 0.60932851],3,3,"[0.6601234827680622, 0.6109507568947781]",1,-1
48990,[0.45967642 0.52652495],0,-1,-1,1,-1
48991,[0.72490748 0.62789833],3,3,"[0.6601234827680622, 0.6109507568947781]",1,-1
48992,[0.66573219 0.57009543],3,3,"[0.6601234827680622, 0.6109507568947781]",1,-1
48993,[0.30002483 0.27014947],1,-1,-1,0,0
48994,[0.64939607 0.57988856],3,3,"[0.6601234827680622, 0.6109507568947781]",1,-1
48995,[0.78435115 0.68112618],2,0,"[0.7890750777399501, 0.6799557517006445]",1,4
48996,[0.64327917 0.6487816 ],3,3,"[0.6601234827680622, 0.6109507568947781]",1,-1
48997,[0.28317433 0.20248007],1,2,"[0.294379027732062, 0.1921773781634303]",0,0
48998,[0.78027739 0.65824496],2,0,"[0.7890750777399501, 0.6799557517006445]",1,-1
48999,[0.65277737 0.55560282],3,3,"[0.6601234827680622, 0.6109507568947781]",1,-1
49000,[0.67611446 0.57839806],3,3,"[0.6601234827680622, 0.6109507568947781]",1,-1
49001,[0.32068214 0.20102935],1,2,"[0.294379027732062, 0.1921773781634303]",0,0
49002,[0.82600619 0.77692568],2,-1,-1,1,-1
49003,[0.70163836 0.5284683 ],3,-1,-1,1,-1
49004,[0.28521422 0.26100221],1,2,"[0.294379027732062, 0.1921773781634303]",0,0
49005,[0.70736889 0.62419926],2,3,"[0.6601234827680622, 0.6109507568947781]",1,-1
49006,[0.65829728 0.57758306],3,3,"[0.6601234827680622, 0.6109507568947781]",1,-1
49007,[0.6890002  0.64951766],3,3,"[0.6601234827680622, 0.6109507568947781]",1,-1
49008,[0.40705217 0.67362811],0,-1,-1,1,-1
49009,[0.61744781 0.59409229],3,3,"[0.6601234827680622, 0.6109507568947781]",1,-1
49010,[0.75530413 0.67177363],2,0,"[0.7890750777399501, 0.6799557517006445]",1,-1
49011,[0.67419768 0.61694629],3,3,"[0.6601234827680622, 0.6109507568947781]",1,-1
49012,[0.79606314 0.69707069],2,0,"[0.7890750777399501, 0.6799557517006445]",1,-1
49013,[0.37853876 0.63936757],0,1,"[0.37965276877051146, 0.575157747726818]",1,-1
49014,[0.33996526 0.17009759],1,2,"[0.294379027732062, 0.1921773781634303]",0,0
49015,[0.80103734 0.66982357],2,0,"[0.7890750777399501, 0.6799557517006445]",1,4
49016,[0.61594    0.60181435],3,3,"[0.6601234827680622, 0.6109507568947781]",1,-1
49017,[0.58119749 0.60022416],3,-1,-1,1,-1
49018,[0.66916837 0.64692686],3,3,"[0.6601234827680622, 0.6109507568947781]",1,-1
49019,[0.27051055 0.18511391],1,2,"[0.294379027732062, 0.1921773781634303]",0,0
49020,[0.35512216 0.48549253],0,-1,-1,1,-1
49021,[0.33801592 0.19653681],1,2,"[0.294379027732062, 0.1921773781634303]",0,0
49022,[0.29387542 0.20953885],1,2,"[0.294379027732062, 0.1921773781634303]",0,0
49023,[0.6322779  0.53904404],3,-1,-1,1,-1
49024,[0.25719062 0.12132395],1,-1,-1,0,0
49025,[0.77350693 0.72981902],2,0,"[0.7890750777399501, 0.6799557517006445]",1,-1
49026,[0.35750069 0.11513745],1,-1,-1,0,0
49027,[0.77977331 0.60410754],2,-1,-1,1,-1
49028,[0.23418728 0.10300521],1,-1,-1,0,0
49029,[0.36860533 0.64559713],0,-1,-1,1,-1
49030,[0.38483319 0.54096218],0,1,"[0.37965276877051146, 0.575157747726818]",1,-1
49031,[0.8139983  0.66757397],2,0,"[0.7890750777399501, 0.6799557517006445]",1,-1
49032,[0.78815911 0.70255437],2,0,"[0.7890750777399501, 0.6799557517006445]",1,-1
49033,[0.37813045 0.56736035],0,1,"[0.37965276877051146, 0.575157747726818]",1,-1
49034,[0.68476522 0.61345956],2,3,"[0.6601234827680622, 0.6109507568947781]",1,-1
49035,[0.38219597 0.6074297 ],0,1,"[0.37965276877051146, 0.575157747726818]",1,-1
49036,[0.65934239 0.6729912 ],3,3,"[0.6601234827680622, 0.6109507568947781]",1,-1
49037,[0.2625784  0.61205262],0,-1,-1,1,-1
49038,[0.38176915 0.54489238],0,1,"[0.37965276877051146, 0.575157747726818]",1,-1
49039,[0.57381827 0.61035606],3,-1,-1,1,-1
49040,[0.86996648 0.74784974],2,-1,-1,1,-1
49041,[0.73712057 0.661543  ],2,0,"[0.7890750777399501, 0.6799557517006445]",1,-1
49042,[0.74578761 0.71155932],2,0,"[0.7890750777399501, 0.6799557517006445]",1,-1
49043,[0.87339961 0.60636222],2,-1,-1,1,-1
49044,[0.64335028 0.66668358],3,3,"[0.6601234827680622, 0.6109507568947781]",1,-1
49045,[0.68569218 0.72116814],2,-1,-1,1,-1
49046,[0.7954286  0.58312081],2,-1,-1,1,-1
49047,[0.22743142 0.19063049],1,2,"[0.294379027732062, 0.1921773781634303]",0,0
49048,[0.59919796 0.64019861],3,3,"[0.6601234827680622, 0.6109507568947781]",1,-1
49049,[0.77443387 0.67953934],2,0,"[0.7890750777399501, 0.6799557517006445]",1,-1
49050,[0.28415485 0.26588748],1,-1,-1,0,0
49051,[0.32574666 0.42377008],0,-1,-1,1,-1
49052,[0.69830281 0.70968406],3,-1,-1,1,-1
49053,[0.38767359 0.62591717],0,1,"[0.37965276877051146, 0.575157747726818]",1,-1
49054,[0.26646227 0.15848706],1,2,"[0.294379027732062, 0.1921773781634303]",0,0
49055,[0.3111223  0.61877597],0,-1,-1,1,-1
49056,[0.30403233 0.17077938],1,2,"[0.294379027732062, 0.1921773781634303]",0,0
49057,[0.36472414 0.27454204],1,-1,-1,0,0
49058,[0.70916894 0.63001012],3,3,"[0.6601234827680622, 0.6109507568947781]",1,-1
49059,[0.63017715 0.57711828],3,3,"[0.6601234827680622, 0.6109507568947781]",1,-1
49060,[0.64329026 0.58945842],3,3,"[0.6601234827680622, 0.6109507568947781]",1,-1
49061,[0.43380985 0.57576402],0,1,"[0.37965276877051146, 0.575157747726818]",1,-1
49062,[0.46195324 0.58780452],0,-1,-1,1,-1
49063,[0.77568433 0.71090827],2,0,"[0.7890750777399501, 0.6799557517006445]",1,-1
49064,[0.67249015 0.69378685],3,-1,-1,1,-1
49065,[0.75847734 0.61424122],2,-1,-1,1,-1
49066,[0.61889183 0.63185192],3,3,"[0.6601234827680622, 0.6109507568947781]",1,-1
49067,[0.25896365 0.23085044],1,2,"[0.294379027732062, 0.1921773781634303]",0,0
49068,[0.85860527 0.76818992],2,-1,-1,1,-1
49069,[0.75035987 0.71209784],2,0,"[0.7890750777399501, 0.6799557517006445]",1,-1
49070,[0.45468173 0.51344557],0,-1,-1,1,-1
49071,[0.67113965 0.60786311],3,3,"[0.6601234827680622, 0.6109507568947781]",1,-1
49072,[0.76293387 0.61723787],2,0,"[0.7890750777399501, 0.6799557517006445]",1,-1
49073,[0.78631669 0.67401516],2,0,"[0.7890750777399501, 0.6799557517006445]",1,4
49074,[0.33841053 0.18478331],1,2,"[0.294379027732062, 0.1921773781634303]",0,0
49075,[0.24594435 0.15463005],1,2,"[0.294379027732062, 0.1921773781634303]",0,0
49076,[0.84255853 0.73090618],2,-1,-1,1,-1
49077,[0.60557586 0.56617853],3,-1,-1,1,-1
49078,[0.22835135 0.2490256 ],1,-1,-1,0,0
49079,[0.85503895 0.7024436 ],2,0,"[0.7890750777399501, 0.6799557517006445]",1,-1
49080,[0.52774158 0.60609442],3,-1,-1,1,-1
49081,[0.66896655 0.47195086],3,-1,-1,1,-1
49082,[0.36146326 0.19186227],1,2,"[0.294379027732062, 0.1921773781634303]",0,0
49083,[0.37757572 0.21634319],1,-1,-1,0,0
49084,[0.35084942 0.63547039],0,1,"[0.37965276877051146, 0.575157747726818]",1,-1
49085,[0.24351174 0.18828382],1,2,"[0.294379027732062, 0.1921773781634303]",0,0
49086,[0.38300402 0.57058931],0,1,"[0.37965276877051146, 0.575157747726818]",1,-1
49087,[0.43303324 0.57900351],0,1,"[0.37965276877051146, 0.575157747726818]",1,-1
49088,[0.32890876 0.60662668],0,1,"[0.37965276877051146, 0.575157747726818]",1,-1
49089,[0.63232944 0.59505884],3,3,"[0.6601234827680622, 0.6109507568947781]",1,-1
49090,[0.33214905 0.16683809],1,2,"[0.294379027732062, 0.1921773781634303]",0,0
49091,[0.27931422 0.17904781],1,2,"[0.294379027732062, 0.1921773781634303]",0,0
49092,[0.80217634 0.76546362],2,-1,-1,1,-1
49093,[0.73518961 0.63395891],2,-1,-1,1,-1
49094,[0.33047013 0.20683817],1,2,"[0.294379027732062, 0.1921773781634303]",0,0
49095,[0.24046821 0.17974466],1,2,"[0.294379027732062, 0.1921773781634303]",0,0
49096,[0.27058537 0.18559224],1,2,"[0.294379027732062, 0.1921773781634303]",0,0
49097,[0.67304017 0.53635589],3,-1,-1,1,-1
49098,[0.43329536 0.62427462],0,-1,-1,1,-1
49099,[0.84402804 0.61337315],2,-1,-1,1,-1
49100,[0.23424033 0.2143554 ],1,2,"[0.294379027732062, 0.1921773781634303]",0,0
49101,[0.82451731 0.64826243],2,0,"[0.7890750777399501, 0.6799557517006445]",1,-1
49102,[0.39145434 0.64539835],0,-1,-1,1,-1
49103,[0.60677172 0.52442684],3,-1,-1,1,-1
49104,[0.78667643 0.5943077 ],3,-1,-1,1,-1
49105,[0.79826574 0.70222129],2,0,"[0.7890750777399501, 0.6799557517006445]",1,-1
49106,[0.63629105 0.61824262],3,3,"[0.6601234827680622, 0.6109507568947781]",1,-1
49107,[0.2803417  0.23584561],1,2,"[0.294379027732062, 0.1921773781634303]",0,0
49108,[0.39016868 0.56634565],0,1,"[0.37965276877051146, 0.575157747726818]",1,-1
49109,[0.27928676 0.22038341],1,2,"[0.294379027732062, 0.1921773781634303]",0,0
49110,[0.80732997 0.70856974],2,0,"[0.7890750777399501, 0.6799557517006445]",1,-1
49111,[0.62358209 0.61141668],3,3,"[0.6601234827680622, 0.6109507568947781]",1,-1
49112,[0.85929569 0.69591341],2,-1,-1,1,-1
49113,[0.82709146 0.73067675],2,0,"[0.7890750777399501, 0.6799557517006445]",1,-1
49114,[0.83780087 0.77505877],2,-1,-1,1,-1
49115,[0.15499873 0.21325392],1,-1,-1,0,0
49116,[0.65598327 0.54119751],3,3,"[0.6601234827680622, 0.6109507568947781]",1,-1
49117,[0.3485017  0.16883264],1,2,"[0.294379027732062, 0.1921773781634303]",0,0
49118,[0.63152121 0.62777982],3,3,"[0.6601234827680622, 0.6109507568947781]",1,-1
49119,[0.57601746 0.60994382],3,-1,-1,1,-1
49120,[0.7386378 0.5924566],3,-1,-1,1,-1
49121,[0.29525732 0.14097523],1,2,"[0.294379027732062, 0.1921773781634303]",0,0
49122,[0.345338   0.19563851],1,2,"[0.294379027732062, 0.1921773781634303]",0,0
49123,[0.82175361 0.71101954],2,0,"[0.7890750777399501, 0.6799557517006445]",1,-1
49124,[0.41882323 0.63657813],0,-1,-1,1,-1
49125,[0.684858   0.65746282],3,3,"[0.6601234827680622, 0.6109507568947781]",1,-1
49126,[0.36562212 0.22351576],1,-1,-1,0,0
49127,[0.73483832 0.67185369],2,0,"[0.7890750777399501, 0.6799557517006445]",1,-1
49128,[0.31410106 0.56295191],0,1,"[0.37965276877051146, 0.575157747726818]",1,-1
49129,[0.29803271 0.16472402],1,2,"[0.294379027732062, 0.1921773781634303]",0,0
49130,[0.82173931 0.73856195],2,0,"[0.7890750777399501, 0.6799557517006445]",1,-1
49131,[0.72740183 0.73455566],2,-1,-1,1,-1
49132,[0.31555278 0.53561138],0,-1,-1,1,-1
49133,[0.23959087 0.21461429],1,2,"[0.294379027732062, 0.1921773781634303]",0,0
49134,[0.82325584 0.63853322],2,0,"[0.7890750777399501, 0.6799557517006445]",1,-1
49135,[0.36952976 0.50229314],0,-1,-1,1,-1
49136,[0.36770263 0.63983878],0,1,"[0.37965276877051146, 0.575157747726818]",1,-1
49137,[0.26863137 0.34084899],1,-1,-1,0,0
49138,[0.74752494 0.64113263],2,0,"[0.7890750777399501, 0.6799557517006445]",1,-1
49139,[0.80655571 0.66379262],2,0,"[0.7890750777399501, 0.6799557517006445]",1,-1
49140,[0.34159216 0.68841285],0,-1,-1,1,-1
49141,[0.27884107 0.29868951],1,-1,-1,0,0
49142,[0.64211835 0.61767543],3,3,"[0.6601234827680622, 0.6109507568947781]",1,-1
49143,[0.33703947 0.612326  ],0,1,"[0.37965276877051146, 0.575157747726818]",1,-1
49144,[0.28432663 0.22481335],1,2,"[0.294379027732062, 0.1921773781634303]",0,0
49145,[0.38060008 0.62253455],0,1,"[0.37965276877051146, 0.575157747726818]",1,-1
49146,[0.68015598 0.57799181],3,3,"[0.6601234827680622, 0.6109507568947781]",1,-1
49147,[0.33909746 0.13092836],1,-1,-1,0,0
49148,[0.69134108 0.58768556],3,3,"[0.6601234827680622, 0.6109507568947781]",1,-1
49149,[0.77251019 0.6436025 ],2,0,"[0.7890750777399501, 0.6799557517006445]",1,-1
49150,[0.74885012 0.64449127],2,0,"[0.7890750777399501, 0.6799557517006445]",1,-1
49151,[0.80696927 0.63903495],2,0,"[0.7890750777399501, 0.6799557517006445]",1,-1
49152,[0.39914993 0.56274362],0,1,"[0.37965276877051146, 0.575157747726818]",1,2
49153,[0.32316375 0.62982496],0,-1,-1,1,-1
49154,[0.68594047 0.60125989],3,3,"[0.6601234827680622, 0.6109507568947781]",1,5
49155,[0.32993209 0.5748813 ],0,1,"[0.37965276877051146, 0.575157747726818]",1,-1
49156,[0.30389696 0.1785761 ],1,2,"[0.294379027732062, 0.1921773781634303]",0,0
49157,[0.72035453 0.62651264],3,3,"[0.6601234827680622, 0.6109507568947781]",1,-1
49158,[0.7916909 0.7148528],2,0,"[0.7890750777399501, 0.6799557517006445]",1,-1
49159,[0.78786013 0.67897104],2,0,"[0.7890750777399501, 0.6799557517006445]",1,-1
49160,[0.30107994 0.27520817],1,-1,-1,0,0
49161,[0.33733175 0.5585058 ],0,1,"[0.37965276877051146, 0.575157747726818]",1,-1
49162,[0.32656449 0.51709677],0,-1,-1,1,-1
49163,[0.28492194 0.15247427],1,2,"[0.294379027732062, 0.1921773781634303]",0,0
49164,[0.36223288 0.52978912],0,1,"[0.37965276877051146, 0.575157747726818]",1,-1
49165,[0.72356408 0.60294714],3,3,"[0.6601234827680622, 0.6109507568947781]",1,-1
49166,[0.76917804 0.66525766],3,0,"[0.7890750777399501, 0.6799557517006445]",1,3
49167,[0.8110721  0.66893061],2,0,"[0.7890750777399501, 0.6799557517006445]",1,-1
49168,[0.35717034 0.54214757],0,1,"[0.37965276877051146, 0.575157747726818]",1,-1
49169,[0.73308858 0.67179044],2,0,"[0.7890750777399501, 0.6799557517006445]",1,-1
49170,[0.46361058 0.52365035],0,-1,-1,1,-1
49171,[0.82410397 0.72437796],2,0,"[0.7890750777399501, 0.6799557517006445]",1,-1
49172,[0.80155091 0.7029463 ],2,0,"[0.7890750777399501, 0.6799557517006445]",1,-1
49173,[0.62946315 0.56169135],3,3,"[0.6601234827680622, 0.6109507568947781]",1,-1
49174,[0.34750894 0.55191103],0,1,"[0.37965276877051146, 0.575157747726818]",1,-1
49175,[0.467062   0.65116141],0,-1,-1,1,-1
49176,[0.81924628 0.71397166],2,0,"[0.7890750777399501, 0.6799557517006445]",1,-1
49177,[0.74201065 0.60712067],2,-1,-1,1,-1
49178,[0.79003724 0.62233713],2,0,"[0.7890750777399501, 0.6799557517006445]",1,-1
49179,[0.6575588  0.66488934],3,3,"[0.6601234827680622, 0.6109507568947781]",1,-1
49180,[0.78562283 0.74816813],2,0,"[0.7890750777399501, 0.6799557517006445]",1,-1
49181,[0.35778016 0.55638341],0,1,"[0.37965276877051146, 0.575157747726818]",1,-1
49182,[0.73644772 0.53389556],3,-1,-1,1,-1
49183,[0.72654433 0.62610268],3,3,"[0.6601234827680622, 0.6109507568947781]",1,-1
49184,[0.78459914 0.64310926],2,0,"[0.7890750777399501, 0.6799557517006445]",1,-1
49185,[0.26768604 0.17957945],1,2,"[0.294379027732062, 0.1921773781634303]",0,0
49186,[0.25707825 0.12396127],1,-1,-1,0,0
49187,[0.31057145 0.50622738],0,-1,-1,1,-1
49188,[0.75249695 0.73817823],2,0,"[0.7890750777399501, 0.6799557517006445]",1,-1
49189,[0.36822857 0.57642504],0,1,"[0.37965276877051146, 0.575157747726818]",1,1
49190,[0.87302636 0.64935513],2,-1,-1,1,-1
49191,[0.61038268 0.64359206],3,3,"[0.6601234827680622, 0.6109507568947781]",1,-1
49192,[0.6803341 0.7462848],2,-1,-1,1,-1
49193,[0.35419447 0.61399447],0,1,"[0.37965276877051146, 0.575157747726818]",1,-1
49194,[0.73719459 0.60511382],2,-1,-1,1,-1
49195,[0.40505176 0.61806641],0,1,"[0.37965276877051146, 0.575157747726818]",1,-1
49196,[0.27797846 0.63512071],0,-1,-1,1,-1
49197,[0.2131833  0.23867976],1,-1,-1,0,0
49198,[0.63420477 0.51413243],3,-1,-1,1,-1
49199,[0.35498606 0.60455462],0,1,"[0.37965276877051146, 0.575157747726818]",1,-1
49200,[0.29424376 0.25448048],1,2,"[0.294379027732062, 0.1921773781634303]",0,0
49201,[0.84390259 0.66027005],2,0,"[0.7890750777399501, 0.6799557517006445]",1,-1
49202,[0.7351623  0.60400089],2,-1,-1,1,-1
49203,[0.83479943 0.75841794],2,-1,-1,1,-1
49204,[0.73926006 0.63873525],2,0,"[0.7890750777399501, 0.6799557517006445]",1,-1
49205,[0.34817046 0.52567068],0,1,"[0.37965276877051146, 0.575157747726818]",1,-1
49206,[0.196391   0.18678738],1,-1,-1,0,0
49207,[0.69276932 0.58143789],3,3,"[0.6601234827680622, 0.6109507568947781]",1,-1
49208,[0.25092822 0.23397402],1,2,"[0.294379027732062, 0.1921773781634303]",0,0
49209,[0.34347745 0.64310357],0,-1,-1,1,-1
49210,[0.41715084 0.59852011],0,1,"[0.37965276877051146, 0.575157747726818]",1,-1
49211,[0.27926262 0.54580849],0,-1,-1,1,-1
49212,[0.80443094 0.72416787],2,0,"[0.7890750777399501, 0.6799557517006445]",1,-1
49213,[0.39959627 0.6094985 ],0,1,"[0.37965276877051146, 0.575157747726818]",1,-1
49214,[0.41848911 0.61727056],0,1,"[0.37965276877051146, 0.575157747726818]",1,-1
49215,[0.39940361 0.22470751],1,-1,-1,0,0
49216,[0.65860756 0.64706523],3,3,"[0.6601234827680622, 0.6109507568947781]",1,-1
49217,[0.24126577 0.17198162],1,2,"[0.294379027732062, 0.1921773781634303]",0,0
49218,[0.36124288 0.22006906],1,-1,-1,0,0
49219,[0.81966915 0.71605851],2,0,"[0.7890750777399501, 0.6799557517006445]",1,-1
49220,[0.42531301 0.56744339],0,1,"[0.37965276877051146, 0.575157747726818]",1,-1
49221,[0.24631441 0.23837671],1,2,"[0.294379027732062, 0.1921773781634303]",0,0
49222,[0.43993772 0.5613001 ],0,1,"[0.37965276877051146, 0.575157747726818]",1,-1
49223,[0.29814686 0.29565407],1,-1,-1,0,0
49224,[0.30353281 0.61264113],0,-1,-1,1,-1
49225,[0.84780871 0.80864842],2,-1,-1,1,-1
49226,[0.78628223 0.72854936],2,0,"[0.7890750777399501, 0.6799557517006445]",1,-1
49227,[0.31628309 0.17936642],1,2,"[0.294379027732062, 0.1921773781634303]",0,0
49228,[0.62809591 0.62922344],3,3,"[0.6601234827680622, 0.6109507568947781]",1,-1
49229,[0.32497754 0.22331356],1,2,"[0.294379027732062, 0.1921773781634303]",0,0
49230,[0.31391053 0.22146158],1,2,"[0.294379027732062, 0.1921773781634303]",0,0
49231,[0.66594591 0.64595892],3,3,"[0.6601234827680622, 0.6109507568947781]",1,-1
49232,[0.33354863 0.33259202],1,-1,-1,0,0
49233,[0.2666867  0.22766192],1,2,"[0.294379027732062, 0.1921773781634303]",0,0
49234,[0.77108057 0.69805085],2,0,"[0.7890750777399501, 0.6799557517006445]",1,-1
49235,[0.30260937 0.17799277],1,2,"[0.294379027732062, 0.1921773781634303]",0,0
49236,[0.37974012 0.09893355],1,-1,-1,0,0
49237,[0.26883105 0.23586434],1,2,"[0.294379027732062, 0.1921773781634303]",0,0
49238,[0.28043814 0.61732147],0,-1,-1,1,-1
49239,[0.24512227 0.17659294],1,2,"[0.294379027732062, 0.1921773781634303]",0,0
49240,[0.26435482 0.10365857],1,-1,-1,0,0
49241,[0.70324359 0.53987292],3,-1,-1,1,-1
49242,[0.68017282 0.5677823 ],3,3,"[0.6601234827680622, 0.6109507568947781]",1,-1
49243,[0.26956176 0.26564644],1,-1,-1,0,0
49244,[0.81109226 0.71018893],2,0,"[0.7890750777399501, 0.6799557517006445]",1,-1
49245,[0.81875244 0.79811611],2,-1,-1,1,-1
49246,[0.68829384 0.61214449],3,3,"[0.6601234827680622, 0.6109507568947781]",1,-1
49247,[0.31817487 0.57517522],0,1,"[0.37965276877051146, 0.575157747726818]",1,-1
49248,[0.36315773 0.59483393],0,1,"[0.37965276877051146, 0.575157747726818]",1,-1
49249,[0.35676167 0.50545428],0,-1,-1,1,-1
49250,[0.83654629 0.58922959],2,-1,-1,1,-1
49251,[0.78896115 0.66660524],2,0,"[0.7890750777399501, 0.6799557517006445]",1,-1
49252,[0.67916887 0.683147  ],2,-1,-1,1,-1
49253,[0.42168666 0.59085156],0,1,"[0.37965276877051146, 0.575157747726818]",1,-1
49254,[0.28027328 0.11167667],1,-1,-1,0,0
49255,[0.82473907 0.64764446],2,0,"[0.7890750777399501, 0.6799557517006445]",1,-1
49256,[0.38642518 0.52657136],0,1,"[0.37965276877051146, 0.575157747726818]",1,-1
49257,[0.80195359 0.71628638],2,0,"[0.7890750777399501, 0.6799557517006445]",1,-1
49258,[0.32731194 0.18289244],1,2,"[0.294379027732062, 0.1921773781634303]",0,0
49259,[0.33687407 0.61321628],0,1,"[0.37965276877051146, 0.575157747726818]",1,-1
49260,[0.40051674 0.555507  ],0,1,"[0.37965276877051146, 0.575157747726818]",1,-1
49261,[0.80986306 0.70043909],2,0,"[0.7890750777399501, 0.6799557517006445]",1,-1
49262,[0.43764291 0.59239007],0,1,"[0.37965276877051146, 0.575157747726818]",1,-1
49263,[0.31088274 0.20148042],1,2,"[0.294379027732062, 0.1921773781634303]",0,0
49264,[0.69567312 0.61455638],3,3,"[0.6601234827680622, 0.6109507568947781]",1,-1
49265,[0.76552956 0.62475825],2,0,"[0.7890750777399501, 0.6799557517006445]",1,-1
49266,[0.31145095 0.56135551],0,1,"[0.37965276877051146, 0.575157747726818]",1,-1
49267,[0.32082912 0.2633615 ],1,-1,-1,0,0
49268,[0.36773518 0.63013217],0,1,"[0.37965276877051146, 0.575157747726818]",1,-1
49269,[0.36552838 0.53389903],0,1,"[0.37965276877051146, 0.575157747726818]",1,-1
49270,[0.3071992  0.21382245],1,2,"[0.294379027732062, 0.1921773781634303]",0,0
49271,[0.75305799 0.71522606],2,0,"[0.7890750777399501, 0.6799557517006445]",1,-1
49272,[0.77098319 0.70221482],2,0,"[0.7890750777399501, 0.6799557517006445]",1,-1
49273,[0.64030452 0.55784263],3,3,"[0.6601234827680622, 0.6109507568947781]",1,-1
49274,[0.62674982 0.68140082],3,-1,-1,1,-1
49275,[0.65461335 0.54189747],3,3,"[0.6601234827680622, 0.6109507568947781]",1,-1
49276,[0.66050881 0.62263769],3,3,"[0.6601234827680622, 0.6109507568947781]",1,7
49277,[0.35743865 0.27677274],1,-1,-1,0,0
49278,[0.61743623 0.62341877],3,3,"[0.6601234827680622, 0.6109507568947781]",1,-1
49279,[0.80649934 0.5784975 ],2,-1,-1,1,-1
49280,[0.76004364 0.70088396],2,0,"[0.7890750777399501, 0.6799557517006445]",1,-1
49281,[0.37941874 0.56286975],0,1,"[0.37965276877051146, 0.575157747726818]",1,-1
49282,[0.27718821 0.11704127],1,-1,-1,0,0
49283,[0.36963846 0.19605765],1,-1,-1,0,0
49284,[0.66000049 0.5701838 ],3,3,"[0.6601234827680622, 0.6109507568947781]",1,-1
49285,[0.39517732 0.63244736],0,1,"[0.37965276877051146, 0.575157747726818]",1,-1
49286,[0.31625124 0.60060223],0,1,"[0.37965276877051146, 0.575157747726818]",1,-1
49287,[0.40642493 0.51984365],0,1,"[0.37965276877051146, 0.575157747726818]",1,-1
49288,[0.29960885 0.21806991],1,2,"[0.294379027732062, 0.1921773781634303]",0,0
49289,[0.82628178 0.60434655],2,-1,-1,1,-1
49290,[0.74017507 0.66037312],2,0,"[0.7890750777399501, 0.6799557517006445]",1,-1
49291,[0.75414012 0.6089664 ],3,-1,-1,1,-1
49292,[0.26494296 0.17159115],1,2,"[0.294379027732062, 0.1921773781634303]",0,0
49293,[0.80417355 0.73452358],2,0,"[0.7890750777399501, 0.6799557517006445]",1,-1
49294,[0.755239   0.59919164],3,-1,-1,1,-1
49295,[0.78083466 0.80587081],2,-1,-1,1,-1
49296,[0.38269609 0.51714051],0,1,"[0.37965276877051146, 0.575157747726818]",1,-1
49297,[0.33452992 0.19880755],1,2,"[0.294379027732062, 0.1921773781634303]",0,0
49298,[0.63807002 0.66649749],3,3,"[0.6601234827680622, 0.6109507568947781]",1,-1
49299,[0.77924321 0.56314147],3,-1,-1,1,-1
49300,[0.38033985 0.61182666],0,1,"[0.37965276877051146, 0.575157747726818]",1,-1
49301,[0.81867074 0.72892201],2,0,"[0.7890750777399501, 0.6799557517006445]",1,-1
49302,[0.79865308 0.63650916],2,0,"[0.7890750777399501, 0.6799557517006445]",1,-1
49303,[0.42993822 0.63167596],0,-1,-1,1,-1
49304,[0.33165085 0.56853916],0,1,"[0.37965276877051146, 0.575157747726818]",1,-1
49305,[0.28859922 0.18040777],1,2,"[0.294379027732062, 0.1921773781634303]",0,0
49306,[0.26617593 0.26366501],1,-1,-1,0,0
49307,[0.42572432 0.49844278],0,-1,-1,1,-1
49308,[0.30519739 0.13218522],1,2,"[0.294379027732062, 0.1921773781634303]",0,0
49309,[0.32906918 0.31102808],1,-1,-1,0,0
49310,[0.48579549 0.53177312],0,-1,-1,1,-1
49311,[0.41718155 0.49063541],0,-1,-1,1,-1
49312,[0.25909012 0.15178091],1,2,"[0.294379027732062, 0.1921773781634303]",0,0
49313,[0.25489381 0.2281151 ],1,2,"[0.294379027732062, 0.1921773781634303]",0,0
49314,[0.87013967 0.62477017],2,-1,-1,1,-1
49315,[0.82898485 0.60402449],2,-1,-1,1,-1
49316,[0.746247   0.67658833],2,0,"[0.7890750777399501, 0.6799557517006445]",1,-1
49317,[0.68798862 0.63365162],3,3,"[0.6601234827680622, 0.6109507568947781]",1,-1
49318,[0.36592994 0.62984337],0,1,"[0.37965276877051146, 0.575157747726818]",1,-1
49319,[0.28598421 0.34777155],1,-1,-1,0,0
49320,[0.64912813 0.64169709],3,3,"[0.6601234827680622, 0.6109507568947781]",1,-1
49321,[0.72864346 0.68360683],2,0,"[0.7890750777399501, 0.6799557517006445]",1,-1
49322,[0.6577897 0.6060214],3,3,"[0.6601234827680622, 0.6109507568947781]",1,-1
49323,[0.36617391 0.47642851],0,-1,-1,1,-1
49324,[0.82048265 0.67035423],2,0,"[0.7890750777399501, 0.6799557517006445]",1,-1
49325,[0.60189723 0.65163784],3,-1,-1,1,-1
49326,[0.31284232 0.16466224],1,2,"[0.294379027732062, 0.1921773781634303]",0,0
49327,[0.28246832 0.22225924],1,2,"[0.294379027732062, 0.1921773781634303]",0,0
49328,[0.25390218 0.13841981],1,2,"[0.294379027732062, 0.1921773781634303]",0,0
49329,[0.24253496 0.14060121],1,-1,-1,0,0
49330,[0.59088363 0.57124765],3,-1,-1,1,-1
49331,[0.78625144 0.61230634],2,0,"[0.7890750777399501, 0.6799557517006445]",1,-1
49332,[0.71959255 0.6869222 ],2,0,"[0.7890750777399501, 0.6799557517006445]",1,-1
49333,[0.67557525 0.58777601],3,3,"[0.6601234827680622, 0.6109507568947781]",1,-1
49334,[0.83211164 0.6976082 ],2,0,"[0.7890750777399501, 0.6799557517006445]",1,-1
49335,[0.77555325 0.7186029 ],2,0,"[0.7890750777399501, 0.6799557517006445]",1,-1
49336,[0.83296934 0.62959263],2,0,"[0.7890750777399501, 0.6799557517006445]",1,-1
49337,[0.38227326 0.62146962],0,1,"[0.37965276877051146, 0.575157747726818]",1,-1
49338,[0.75937353 0.59997295],2,-1,-1,1,-1
49339,[0.80490671 0.7026724 ],2,0,"[0.7890750777399501, 0.6799557517006445]",1,-1
49340,[0.34942496 0.60386568],0,1,"[0.37965276877051146, 0.575157747726818]",1,-1
49341,[0.30279736 0.54499557],0,-1,-1,1,-1
49342,[0.35825544 0.60066755],0,1,"[0.37965276877051146, 0.575157747726818]",1,-1
49343,[0.2696648  0.19487468],1,2,"[0.294379027732062, 0.1921773781634303]",0,0
49344,[0.84718838 0.63949309],2,-1,-1,1,-1
49345,[0.44014884 0.58412496],0,1,"[0.37965276877051146, 0.575157747726818]",1,-1
49346,[0.73500704 0.57019746],3,-1,-1,1,-1
49347,[0.4294494  0.68547203],0,-1,-1,1,-1
49348,[0.73353804 0.62094282],2,-1,-1,1,-1
49349,[0.39166873 0.25503152],1,-1,-1,0,0
49350,[0.27308934 0.14516607],1,2,"[0.294379027732062, 0.1921773781634303]",0,0
49351,[0.73701192 0.7784039 ],2,-1,-1,1,-1
49352,[0.43254917 0.57570269],0,1,"[0.37965276877051146, 0.575157747726818]",1,-1
49353,[0.41986644 0.61671531],0,1,"[0.37965276877051146, 0.575157747726818]",1,-1
49354,[0.29628894 0.22555299],1,2,"[0.294379027732062, 0.1921773781634303]",0,0
49355,[0.62182785 0.62976153],3,3,"[0.6601234827680622, 0.6109507568947781]",1,-1
49356,[0.33677414 0.62887141],0,1,"[0.37965276877051146, 0.575157747726818]",1,-1
49357,[0.89358449 0.71814572],2,-1,-1,1,-1
49358,[0.3425676  0.56549065],0,1,"[0.37965276877051146, 0.575157747726818]",1,-1
49359,[0.37796592 0.24264734],1,-1,-1,0,0
49360,[0.75681095 0.53259847],3,-1,-1,1,-1
49361,[0.64893562 0.68248512],3,-1,-1,1,-1
49362,[0.66135633 0.55434854],3,3,"[0.6601234827680622, 0.6109507568947781]",1,-1
49363,[0.35580895 0.16673386],1,2,"[0.294379027732062, 0.1921773781634303]",0,0
49364,[0.66827481 0.67024275],3,3,"[0.6601234827680622, 0.6109507568947781]",1,-1
49365,[0.2831247  0.20114825],1,2,"[0.294379027732062, 0.1921773781634303]",0,0
49366,[0.69905784 0.6919355 ],2,-1,-1,1,-1
49367,[0.3982118  0.22541814],1,-1,-1,0,0
49368,[0.69871127 0.71192455],2,-1,-1,1,-1
49369,[0.38066305 0.47898735],0,-1,-1,1,-1
49370,[0.1605615  0.16932255],1,-1,-1,0,0
49371,[0.77599034 0.65002278],2,0,"[0.7890750777399501, 0.6799557517006445]",1,-1
49372,[0.36861025 0.58145308],0,1,"[0.37965276877051146, 0.575157747726818]",1,-1
49373,[0.94503112 0.62837765],2,-1,-1,1,-1
49374,[0.70325648 0.68014434],2,-1,-1,1,-1
49375,[0.21614997 0.14293978],1,-1,-1,0,0
49376,[0.34541337 0.15794875],1,2,"[0.294379027732062, 0.1921773781634303]",0,0
49377,[0.74870925 0.62464879],2,0,"[0.7890750777399501, 0.6799557517006445]",1,-1
49378,[0.60880022 0.66724062],3,-1,-1,1,-1
49379,[0.36036723 0.54215022],0,1,"[0.37965276877051146, 0.575157747726818]",1,-1
49380,[0.76227704 0.57726166],3,-1,-1,1,-1
49381,[0.86215452 0.73668066],2,-1,-1,1,-1
49382,[0.77581744 0.62696222],2,0,"[0.7890750777399501, 0.6799557517006445]",1,-1
49383,[0.65896564 0.55615486],3,3,"[0.6601234827680622, 0.6109507568947781]",1,-1
49384,[0.68637239 0.61686675],3,3,"[0.6601234827680622, 0.6109507568947781]",1,5
49385,[0.6994627  0.69960026],2,-1,-1,1,-1
49386,[0.65921024 0.58297549],3,3,"[0.6601234827680622, 0.6109507568947781]",1,-1
49387,[0.3166144  0.09533593],1,-1,-1,0,0
49388,[0.62255255 0.69470444],3,-1,-1,1,-1
49389,[0.57942002 0.60280875],3,-1,-1,1,-1
49390,[0.33645754 0.56929855],0,1,"[0.37965276877051146, 0.575157747726818]",1,-1
49391,[0.67754606 0.64011579],3,3,"[0.6601234827680622, 0.6109507568947781]",1,-1
49392,[0.33877202 0.61278399],0,1,"[0.37965276877051146, 0.575157747726818]",1,-1
49393,[0.30602527 0.21070578],1,2,"[0.294379027732062, 0.1921773781634303]",0,0
49394,[0.57550557 0.65901328],3,-1,-1,1,-1
49395,[0.27158998 0.26425941],1,-1,-1,0,0
49396,[0.70168621 0.63771607],3,3,"[0.6601234827680622, 0.6109507568947781]",1,-1
49397,[0.24667003 0.20293181],1,2,"[0.294379027732062, 0.1921773781634303]",0,0
49398,[0.35763847 0.16211428],1,-1,-1,0,0
49399,[0.28291816 0.25648474],1,2,"[0.294379027732062, 0.1921773781634303]",0,0
49400,[0.35469734 0.53013057],0,1,"[0.37965276877051146, 0.575157747726818]",1,-1
49401,[0.84123815 0.63896304],2,0,"[0.7890750777399501, 0.6799557517006445]",1,-1
49402,[0.6140573  0.63558112],3,3,"[0.6601234827680622, 0.6109507568947781]",1,-1
49403,[0.23409848 0.18016534],1,2,"[0.294379027732062, 0.1921773781634303]",0,0
49404,[0.09988263 0.19052336],1,-1,-1,0,-1
49405,[0.3552649  0.52433968],0,1,"[0.37965276877051146, 0.575157747726818]",1,-1
49406,[0.42981542 0.56771241],0,1,"[0.37965276877051146, 0.575157747726818]",1,-1
49407,[0.7521906  0.67328868],2,0,"[0.7890750777399501, 0.6799557517006445]",1,-1
49408,[0.3703146  0.51007591],0,1,"[0.37965276877051146, 0.575157747726818]",1,-1
49409,[0.35731551 0.53281528],0,1,"[0.37965276877051146, 0.575157747726818]",1,-1
49410,[0.68245369 0.62292337],3,3,"[0.6601234827680622, 0.6109507568947781]",1,7
49411,[0.78958164 0.59546786],2,-1,-1,1,-1
49412,[0.7316932  0.68044079],2,0,"[0.7890750777399501, 0.6799557517006445]",1,-1
49413,[0.35477522 0.63646198],0,1,"[0.37965276877051146, 0.575157747726818]",1,-1
49414,[0.29691826 0.53426374],0,-1,-1,1,-1
49415,[0.81085777 0.72315012],2,0,"[0.7890750777399501, 0.6799557517006445]",1,-1
49416,[0.82166438 0.68940734],2,0,"[0.7890750777399501, 0.6799557517006445]",1,-1
49417,[0.33643287 0.53130816],0,1,"[0.37965276877051146, 0.575157747726818]",1,-1
49418,[0.56695579 0.59093511],3,-1,-1,1,-1
49419,[0.42344299 0.5893007 ],0,1,"[0.37965276877051146, 0.575157747726818]",1,-1
49420,[0.38242669 0.57297676],0,1,"[0.37965276877051146, 0.575157747726818]",1,1
49421,[0.73358656 0.53510001],2,-1,-1,1,-1
49422,[0.48082813 0.51607795],0,-1,-1,1,-1
49423,[0.298158   0.23554313],1,2,"[0.294379027732062, 0.1921773781634303]",0,0
49424,[0.57465684 0.64955076],3,-1,-1,1,-1
49425,[0.44092535 0.18988912],1,-1,-1,0,0
49426,[0.6230926  0.57115104],3,3,"[0.6601234827680622, 0.6109507568947781]",1,-1
49427,[0.28773244 0.16944514],1,2,"[0.294379027732062, 0.1921773781634303]",0,0
49428,[0.64659888 0.62434097],3,3,"[0.6601234827680622, 0.6109507568947781]",1,-1
49429,[0.24785251 0.05323693],1,-1,-1,0,0
49430,[0.3750387  0.60066989],0,1,"[0.37965276877051146, 0.575157747726818]",1,-1
49431,[0.41704333 0.19005832],1,-1,-1,0,0
49432,[0.62993654 0.66849929],3,3,"[0.6601234827680622, 0.6109507568947781]",1,-1
49433,[0.18214136 0.23835392],1,-1,-1,0,0
49434,[0.8099958  0.63882529],2,0,"[0.7890750777399501, 0.6799557517006445]",1,-1
49435,[0.72842134 0.69706267],2,0,"[0.7890750777399501, 0.6799557517006445]",1,-1
49436,[0.3249183  0.17982456],1,2,"[0.294379027732062, 0.1921773781634303]",0,0
49437,[0.86288795 0.72752041],2,-1,-1,1,-1
49438,[0.62774278 0.62655261],3,3,"[0.6601234827680622, 0.6109507568947781]",1,-1
49439,[0.85929453 0.72563758],2,-1,-1,1,-1
49440,[0.26487824 0.18273907],1,2,"[0.294379027732062, 0.1921773781634303]",0,0
49441,[0.83375379 0.66680358],2,0,"[0.7890750777399501, 0.6799557517006445]",1,-1
49442,[0.85675262 0.69305534],2,0,"[0.7890750777399501, 0.6799557517006445]",1,-1
49443,[0.72434478 0.52676276],3,-1,-1,1,-1
49444,[0.33655878 0.11199801],1,-1,-1,0,0
49445,[0.61884511 0.56045802],3,3,"[0.6601234827680622, 0.6109507568947781]",1,-1
49446,[0.60385422 0.56785586],3,-1,-1,1,-1
49447,[0.21925639 0.13627559],1,-1,-1,0,0
49448,[0.25222388 0.13994797],1,2,"[0.294379027732062, 0.1921773781634303]",0,0
49449,[0.25773874 0.25361889],1,-1,-1,0,0
49450,[0.24323424 0.1757995 ],1,2,"[0.294379027732062, 0.1921773781634303]",0,0
49451,[0.71069145 0.50165968],3,-1,-1,1,-1
49452,[0.38951275 0.50923646],0,1,"[0.37965276877051146, 0.575157747726818]",1,-1
49453,[0.31457853 0.09669797],1,-1,-1,0,0
49454,[0.79061411 0.71837228],2,0,"[0.7890750777399501, 0.6799557517006445]",1,-1
49455,[0.79015267 0.68101389],2,0,"[0.7890750777399501, 0.6799557517006445]",1,4
49456,[0.43113504 0.51810074],0,-1,-1,1,-1
49457,[0.32202955 0.22364317],1,2,"[0.294379027732062, 0.1921773781634303]",0,0
49458,[0.6400593  0.62461802],3,3,"[0.6601234827680622, 0.6109507568947781]",1,-1
49459,[0.33881076 0.24115265],1,2,"[0.294379027732062, 0.1921773781634303]",0,0
49460,[0.27230571 0.6424683 ],0,-1,-1,1,-1
49461,[0.42069572 0.58820887],0,1,"[0.37965276877051146, 0.575157747726818]",1,-1
49462,[0.34339447 0.51465215],0,-1,-1,1,-1
49463,[0.34972733 0.60968184],0,1,"[0.37965276877051146, 0.575157747726818]",1,-1
49464,[0.72612828 0.74258503],2,-1,-1,1,-1
49465,[0.7175028  0.65306452],3,-1,-1,1,-1
49466,[0.67334573 0.70081617],3,-1,-1,1,-1
49467,[0.7603903  0.69917724],2,0,"[0.7890750777399501, 0.6799557517006445]",1,-1
49468,[0.67592691 0.57205136],3,3,"[0.6601234827680622, 0.6109507568947781]",1,-1
49469,[0.35465077 0.58905069],0,1,"[0.37965276877051146, 0.575157747726818]",1,-1
49470,[0.75554757 0.66232984],2,0,"[0.7890750777399501, 0.6799557517006445]",1,3
49471,[0.30951766 0.20597174],1,2,"[0.294379027732062, 0.1921773781634303]",0,0
49472,[0.67409502 0.65783284],3,3,"[0.6601234827680622, 0.6109507568947781]",1,-1
49473,[0.58834795 0.67148365],3,-1,-1,1,-1
49474,[0.71218387 0.65128266],2,3,"[0.6601234827680622, 0.6109507568947781]",1,-1
49475,[0.72891957 0.7165976 ],2,-1,-1,1,-1
49476,[0.66399704 0.60593293],3,3,"[0.6601234827680622, 0.6109507568947781]",1,-1
49477,[0.24584605 0.18492634],1,2,"[0.294379027732062, 0.1921773781634303]",0,0
49478,[0.68224944 0.61385852],3,3,"[0.6601234827680622, 0.6109507568947781]",1,5
49479,[0.69341236 0.56466233],3,3,"[0.6601234827680622, 0.6109507568947781]",1,-1
49480,[0.39894298 0.55841042],0,1,"[0.37965276877051146, 0.575157747726818]",1,-1
49481,[0.67849037 0.51294287],3,-1,-1,1,-1
49482,[0.81394717 0.62763448],2,0,"[0.7890750777399501, 0.6799557517006445]",1,-1
49483,[0.77100822 0.60597956],3,-1,-1,1,-1
49484,[0.78682488 0.71410372],2,0,"[0.7890750777399501, 0.6799557517006445]",1,-1
49485,[0.66645694 0.52587084],3,-1,-1,1,-1
49486,[0.37384523 0.53389108],0,1,"[0.37965276877051146, 0.575157747726818]",1,-1
49487,[0.75587354 0.62397696],3,0,"[0.7890750777399501, 0.6799557517006445]",1,-1
49488,[0.43475714 0.5587333 ],0,1,"[0.37965276877051146, 0.575157747726818]",1,-1
49489,[0.27325596 0.20035601],1,2,"[0.294379027732062, 0.1921773781634303]",0,0
49490,[0.72234483 0.67884773],2,0,"[0.7890750777399501, 0.6799557517006445]",1,-1
49491,[0.74857695 0.64689019],2,0,"[0.7890750777399501, 0.6799557517006445]",1,-1
49492,[0.81778223 0.71693332],2,0,"[0.7890750777399501, 0.6799557517006445]",1,-1
49493,[0.66058673 0.61393683],3,3,"[0.6601234827680622, 0.6109507568947781]",1,-1
49494,[0.62184537 0.64425657],3,3,"[0.6601234827680622, 0.6109507568947781]",1,-1
49495,[0.39117187 0.12239693],1,-1,-1,0,0
49496,[0.78422153 0.63349388],3,0,"[0.7890750777399501, 0.6799557517006445]",1,-1
49497,[0.35076627 0.1541218 ],1,2,"[0.294379027732062, 0.1921773781634303]",0,0
49498,[0.81339241 0.7590658 ],2,-1,-1,1,-1
49499,[0.82903102 0.64729703],2,0,"[0.7890750777399501, 0.6799557517006445]",1,-1
49500,[0.33436764 0.17332528],1,2,"[0.294379027732062, 0.1921773781634303]",0,0
49501,[0.65226205 0.51044831],3,-1,-1,1,-1
49502,[0.29438345 0.31965763],1,-1,-1,0,0
49503,[0.31691799 0.212753  ],1,2,"[0.294379027732062, 0.1921773781634303]",0,0
49504,[0.20525148 0.14895796],1,-1,-1,0,0
49505,[0.60475783 0.68183561],3,-1,-1,1,-1
49506,[0.31033217 0.22549364],1,2,"[0.294379027732062, 0.1921773781634303]",0,0
49507,[0.25963582 0.12085046],1,-1,-1,0,0
49508,[0.23905624 0.27215498],1,-1,-1,0,0
49509,[0.42576018 0.50281059],0,-1,-1,1,-1
49510,[0.63270298 0.64760524],3,3,"[0.6601234827680622, 0.6109507568947781]",1,-1
49511,[0.28157558 0.20679598],1,2,"[0.294379027732062, 0.1921773781634303]",0,0
49512,[0.3120985  0.23395018],1,2,"[0.294379027732062, 0.1921773781634303]",0,0
49513,[0.82267462 0.69056967],2,0,"[0.7890750777399501, 0.6799557517006445]",1,-1
49514,[0.32829766 0.18771442],1,2,"[0.294379027732062, 0.1921773781634303]",0,0
49515,[0.36675184 0.6265793 ],0,1,"[0.37965276877051146, 0.575157747726818]",1,-1
49516,[0.25910146 0.23163696],1,2,"[0.294379027732062, 0.1921773781634303]",0,0
49517,[0.36850381 0.2703892 ],1,-1,-1,0,0
49518,[0.8136344  0.66891325],2,0,"[0.7890750777399501, 0.6799557517006445]",1,-1
49519,[0.8031798  0.72966046],2,0,"[0.7890750777399501, 0.6799557517006445]",1,-1
49520,[0.73939672 0.62254941],3,-1,-1,1,-1
49521,[0.35580521 0.57629384],0,1,"[0.37965276877051146, 0.575157747726818]",1,-1
49522,[0.5768052  0.62240575],3,-1,-1,1,-1
49523,[0.8348299  0.68410432],2,0,"[0.7890750777399501, 0.6799557517006445]",1,-1
49524,[0.71075254 0.6904937 ],3,-1,-1,1,-1
49525,[0.64204105 0.586029  ],3,3,"[0.6601234827680622, 0.6109507568947781]",1,-1
49526,[0.76017522 0.67105395],2,0,"[0.7890750777399501, 0.6799557517006445]",1,-1
49527,[0.73664012 0.66612104],2,0,"[0.7890750777399501, 0.6799557517006445]",1,-1
49528,[0.73960586 0.753297  ],2,-1,-1,1,-1
49529,[0.22242288 0.14489708],1,-1,-1,0,0
49530,[0.61015635 0.56837229],3,3,"[0.6601234827680622, 0.6109507568947781]",1,-1
49531,[0.34309294 0.12454805],1,-1,-1,0,0
49532,[0.61213771 0.49356761],3,-1,-1,1,-1
49533,[0.38053609 0.54401064],0,1,"[0.37965276877051146, 0.575157747726818]",1,-1
49534,[0.2787837  0.15589448],1,2,"[0.294379027732062, 0.1921773781634303]",0,0
49535,[0.28130078 0.13583847],1,2,"[0.294379027732062, 0.1921773781634303]",0,0
49536,[0.40441511 0.62154317],0,1,"[0.37965276877051146, 0.575157747726818]",1,-1
49537,[0.76418066 0.64377211],3,0,"[0.7890750777399501, 0.6799557517006445]",1,-1
49538,[0.65283788 0.60373481],3,3,"[0.6601234827680622, 0.6109507568947781]",1,6
49539,[0.8138085  0.64611051],2,0,"[0.7890750777399501, 0.6799557517006445]",1,-1
49540,[0.73433429 0.58879937],3,-1,-1,1,-1
49541,[0.68473934 0.58669664],3,3,"[0.6601234827680622, 0.6109507568947781]",1,-1
49542,[0.36244411 0.21183345],1,-1,-1,0,0
49543,[0.39855868 0.51851355],0,1,"[0.37965276877051146, 0.575157747726818]",1,-1
49544,[0.70559689 0.66199806],3,3,"[0.6601234827680622, 0.6109507568947781]",1,-1
49545,[0.43454745 0.54716026],0,1,"[0.37965276877051146, 0.575157747726818]",1,-1
49546,[0.26113115 0.27281189],1,-1,-1,0,0
49547,[0.75025359 0.72232563],2,0,"[0.7890750777399501, 0.6799557517006445]",1,-1
49548,[0.77180026 0.6870808 ],2,0,"[0.7890750777399501, 0.6799557517006445]",1,-1
49549,[0.39830459 0.21588112],1,-1,-1,0,0
49550,[0.83716769 0.8124649 ],2,-1,-1,1,-1
49551,[0.30182117 0.215734  ],1,2,"[0.294379027732062, 0.1921773781634303]",0,0
49552,[0.83111859 0.74151204],2,-1,-1,1,-1
49553,[0.66099799 0.58665542],3,3,"[0.6601234827680622, 0.6109507568947781]",1,6
49554,[0.70157841 0.58401351],3,3,"[0.6601234827680622, 0.6109507568947781]",1,-1
49555,[0.79937048 0.64786955],2,0,"[0.7890750777399501, 0.6799557517006445]",1,-1
49556,[0.42812791 0.65087504],0,-1,-1,1,-1
49557,[0.82790612 0.65607164],2,0,"[0.7890750777399501, 0.6799557517006445]",1,-1
49558,[0.27534448 0.23187406],1,2,"[0.294379027732062, 0.1921773781634303]",0,0
49559,[0.29671767 0.22338912],1,2,"[0.294379027732062, 0.1921773781634303]",0,0
49560,[0.74745471 0.73008027],2,0,"[0.7890750777399501, 0.6799557517006445]",1,-1
49561,[0.63922482 0.5858709 ],3,3,"[0.6601234827680622, 0.6109507568947781]",1,-1
49562,[0.75777421 0.61302339],2,-1,-1,1,-1
49563,[0.62007655 0.62446062],3,3,"[0.6601234827680622, 0.6109507568947781]",1,-1
49564,[0.30658983 0.2108223 ],1,2,"[0.294379027732062, 0.1921773781634303]",0,0
49565,[0.37937414 0.61180793],0,1,"[0.37965276877051146, 0.575157747726818]",1,-1
49566,[0.68721717 0.57181615],3,3,"[0.6601234827680622, 0.6109507568947781]",1,-1
49567,[0.33284822 0.54654522],0,1,"[0.37965276877051146, 0.575157747726818]",1,-1
49568,[0.4403587  0.57345219],0,1,"[0.37965276877051146, 0.575157747726818]",1,-1
49569,[0.40199129 0.24618834],1,-1,-1,0,0
49570,[0.3468606  0.54787248],0,1,"[0.37965276877051146, 0.575157747726818]",1,-1
49571,[0.40037709 0.5338083 ],0,1,"[0.37965276877051146, 0.575157747726818]",1,-1
49572,[0.76573948 0.65875161],2,0,"[0.7890750777399501, 0.6799557517006445]",1,3
49573,[0.64550413 0.65838686],3,3,"[0.6601234827680622, 0.6109507568947781]",1,-1
49574,[0.39863556 0.56581649],0,1,"[0.37965276877051146, 0.575157747726818]",1,2
49575,[0.88355115 0.75428397],2,-1,-1,1,-1
49576,[0.32026472 0.63694727],0,-1,-1,1,-1
49577,[0.79106138 0.55305091],2,-1,-1,1,-1
49578,[0.73305542 0.60914411],3,-1,-1,1,-1
49579,[0.33228932 0.55566918],0,1,"[0.37965276877051146, 0.575157747726818]",1,-1
49580,[0.75532968 0.65557097],2,0,"[0.7890750777399501, 0.6799557517006445]",1,-1
49581,[0.66061055 0.65593035],3,3,"[0.6601234827680622, 0.6109507568947781]",1,-1
49582,[0.73604673 0.62439617],2,-1,-1,1,-1
49583,[0.37526614 0.58706214],0,1,"[0.37965276877051146, 0.575157747726818]",1,-1
49584,[0.27088482 0.17257965],1,2,"[0.294379027732062, 0.1921773781634303]",0,0
49585,[0.63268438 0.57248943],3,3,"[0.6601234827680622, 0.6109507568947781]",1,-1
49586,[0.36263508 0.60122553],0,1,"[0.37965276877051146, 0.575157747726818]",1,-1
49587,[0.31660474 0.20989334],1,2,"[0.294379027732062, 0.1921773781634303]",0,0
49588,[0.80977037 0.68114595],2,0,"[0.7890750777399501, 0.6799557517006445]",1,4
49589,[0.83279435 0.68632467],2,0,"[0.7890750777399501, 0.6799557517006445]",1,-1
49590,[0.80540026 0.78333737],2,-1,-1,1,-1
49591,[0.84570576 0.61443525],2,-1,-1,1,-1
49592,[0.81234075 0.68093558],2,0,"[0.7890750777399501, 0.6799557517006445]",1,4
49593,[0.37025198 0.60858153],0,1,"[0.37965276877051146, 0.575157747726818]",1,-1
49594,[0.29404838 0.26411269],1,-1,-1,0,0
49595,[0.78250046 0.61419402],2,0,"[0.7890750777399501, 0.6799557517006445]",1,-1
49596,[0.74286304 0.62818642],2,0,"[0.7890750777399501, 0.6799557517006445]",1,-1
49597,[0.35695277 0.30712935],1,-1,-1,0,0
49598,[0.82833329 0.66793939],2,0,"[0.7890750777399501, 0.6799557517006445]",1,-1
49599,[0.20481202 0.52863295],0,-1,-1,1,-1
49600,[0.58654977 0.629105  ],3,-1,-1,1,-1
49601,[0.30336827 0.15713858],1,2,"[0.294379027732062, 0.1921773781634303]",0,0
49602,[0.31792236 0.20792535],1,2,"[0.294379027732062, 0.1921773781634303]",0,0
49603,[0.35830883 0.20571959],1,2,"[0.294379027732062, 0.1921773781634303]",0,0
49604,[0.31270217 0.24448714],1,2,"[0.294379027732062, 0.1921773781634303]",0,0
49605,[0.81667117 0.64901399],2,0,"[0.7890750777399501, 0.6799557517006445]",1,-1
49606,[0.68432494 0.57856146],3,3,"[0.6601234827680622, 0.6109507568947781]",1,-1
49607,[0.84994769 0.70466742],2,0,"[0.7890750777399501, 0.6799557517006445]",1,-1
49608,[0.82423846 0.6224408 ],2,0,"[0.7890750777399501, 0.6799557517006445]",1,-1
49609,[0.2861478  0.18682069],1,2,"[0.294379027732062, 0.1921773781634303]",0,0
49610,[0.69380037 0.57031497],3,3,"[0.6601234827680622, 0.6109507568947781]",1,-1
49611,[0.28108403 0.18775939],1,2,"[0.294379027732062, 0.1921773781634303]",0,0
49612,[0.31268736 0.54423103],0,-1,-1,1,-1
49613,[0.31840851 0.15728526],1,2,"[0.294379027732062, 0.1921773781634303]",0,0
49614,[0.69049929 0.57969556],3,3,"[0.6601234827680622, 0.6109507568947781]",1,-1
49615,[0.79238832 0.57711956],2,-1,-1,1,-1
49616,[0.31132622 0.45606724],0,-1,-1,1,-1
49617,[0.61843954 0.53944749],3,-1,-1,1,-1
49618,[0.28959015 0.2783694 ],1,-1,-1,0,0
49619,[0.81828388 0.64381651],2,0,"[0.7890750777399501, 0.6799557517006445]",1,-1
49620,[0.61063599 0.60634471],3,3,"[0.6601234827680622, 0.6109507568947781]",1,-1
49621,[0.57698582 0.6414017 ],3,-1,-1,1,-1
49622,[0.88663507 0.66143357],2,-1,-1,1,-1
49623,[0.30873932 0.25375327],1,2,"[0.294379027732062, 0.1921773781634303]",0,0
49624,[0.65546753 0.59909162],3,3,"[0.6601234827680622, 0.6109507568947781]",1,6
49625,[0.63479245 0.6054516 ],3,3,"[0.6601234827680622, 0.6109507568947781]",1,-1
49626,[0.37455185 0.15114742],1,-1,-1,0,0
49627,[0.67039947 0.63838743],3,3,"[0.6601234827680622, 0.6109507568947781]",1,-1
49628,[0.77005271 0.64392503],2,0,"[0.7890750777399501, 0.6799557517006445]",1,-1
49629,[0.79571217 0.69959874],2,0,"[0.7890750777399501, 0.6799557517006445]",1,-1
49630,[0.4220491  0.55418999],0,1,"[0.37965276877051146, 0.575157747726818]",1,-1
49631,[0.6711414  0.57903567],3,3,"[0.6601234827680622, 0.6109507568947781]",1,-1
49632,[0.39637396 0.56126822],0,1,"[0.37965276877051146, 0.575157747726818]",1,-1
49633,[0.8065032  0.71972426],2,0,"[0.7890750777399501, 0.6799557517006445]",1,-1
49634,[0.7159233  0.73042043],2,-1,-1,1,-1
49635,[0.77097387 0.74681217],2,0,"[0.7890750777399501, 0.6799557517006445]",1,-1
49636,[0.63644037 0.66438751],3,3,"[0.6601234827680622, 0.6109507568947781]",1,-1
49637,[0.30382431 0.50011551],0,-1,-1,1,-1
49638,[0.33574596 0.60106012],0,1,"[0.37965276877051146, 0.575157747726818]",1,-1
49639,[0.62265061 0.56373627],3,3,"[0.6601234827680622, 0.6109507568947781]",1,-1
49640,[0.37122221 0.5418461 ],0,1,"[0.37965276877051146, 0.575157747726818]",1,-1
49641,[0.34531428 0.63903573],0,-1,-1,1,-1
49642,[0.31451644 0.12862783],1,2,"[0.294379027732062, 0.1921773781634303]",0,0
49643,[0.76586905 0.66013023],2,0,"[0.7890750777399501, 0.6799557517006445]",1,3
49644,[0.80681885 0.7373557 ],2,0,"[0.7890750777399501, 0.6799557517006445]",1,-1
49645,[0.49583286 0.64138884],0,-1,-1,1,-1
49646,[0.50427811 0.58617019],0,-1,-1,1,-1
49647,[0.75225723 0.67726306],2,0,"[0.7890750777399501, 0.6799557517006445]",1,-1
49648,[0.28613266 0.23390158],1,2,"[0.294379027732062, 0.1921773781634303]",0,0
49649,[0.37355302 0.6287191 ],0,1,"[0.37965276877051146, 0.575157747726818]",1,-1
49650,[0.67943207 0.55874054],3,3,"[0.6601234827680622, 0.6109507568947781]",1,-1
49651,[0.76861394 0.6765629 ],2,0,"[0.7890750777399501, 0.6799557517006445]",1,-1
49652,[0.35044927 0.11504938],1,-1,-1,0,0
49653,[0.68605802 0.68320936],3,-1,-1,1,-1
49654,[0.76231733 0.71990493],2,0,"[0.7890750777399501, 0.6799557517006445]",1,-1
49655,[0.62143888 0.58000435],3,3,"[0.6601234827680622, 0.6109507568947781]",1,-1
49656,[0.66508525 0.65706037],3,3,"[0.6601234827680622, 0.6109507568947781]",1,-1
49657,[0.71075111 0.63947855],3,3,"[0.6601234827680622, 0.6109507568947781]",1,-1
49658,[0.6940388  0.64157789],3,3,"[0.6601234827680622, 0.6109507568947781]",1,-1
49659,[0.73215722 0.66520382],3,0,"[0.7890750777399501, 0.6799557517006445]",1,-1
49660,[0.299135   0.20223891],1,2,"[0.294379027732062, 0.1921773781634303]",0,0
49661,[0.49157654 0.53965058],0,-1,-1,1,-1
49662,[0.79554658 0.69556629],2,0,"[0.7890750777399501, 0.6799557517006445]",1,-1
49663,[0.7980285  0.66596789],2,0,"[0.7890750777399501, 0.6799557517006445]",1,4
49664,[0.31863392 0.5455803 ],0,1,"[0.37965276877051146, 0.575157747726818]",1,-1
49665,[0.70706364 0.64137077],2,3,"[0.6601234827680622, 0.6109507568947781]",1,-1
49666,[0.77510425 0.63890355],2,0,"[0.7890750777399501, 0.6799557517006445]",1,-1
49667,[0.3088449  0.13805942],1,2,"[0.294379027732062, 0.1921773781634303]",0,0
49668,[0.32096897 0.15579158],1,2,"[0.294379027732062, 0.1921773781634303]",0,0
49669,[0.67075606 0.57100015],3,3,"[0.6601234827680622, 0.6109507568947781]",1,-1
49670,[0.39294289 0.13366979],1,-1,-1,0,0
49671,[0.34162985 0.59850622],0,1,"[0.37965276877051146, 0.575157747726818]",1,-1
49672,[0.7275469  0.64633373],3,-1,-1,1,-1
49673,[0.30526866 0.27098963],1,-1,-1,0,0
49674,[0.29827601 0.1381379 ],1,2,"[0.294379027732062, 0.1921773781634303]",0,0
49675,[0.38385354 0.62692259],0,1,"[0.37965276877051146, 0.575157747726818]",1,-1
49676,[0.33634957 0.11830272],1,-1,-1,0,0
49677,[0.42167824 0.65676995],0,-1,-1,1,-1
49678,[0.25322209 0.20260106],1,2,"[0.294379027732062, 0.1921773781634303]",0,0
49679,[0.63002867 0.6114291 ],3,3,"[0.6601234827680622, 0.6109507568947781]",1,-1
49680,[0.31584662 0.19098879],1,2,"[0.294379027732062, 0.1921773781634303]",0,0
49681,[0.40030403 0.68629871],0,-1,-1,1,-1
49682,[0.75099245 0.71697043],2,0,"[0.7890750777399501, 0.6799557517006445]",1,-1
49683,[0.39548777 0.55214917],0,1,"[0.37965276877051146, 0.575157747726818]",1,-1
49684,[0.33046245 0.0692985 ],1,-1,-1,0,0
49685,[0.32102135 0.15876808],1,2,"[0.294379027732062, 0.1921773781634303]",0,0
49686,[0.85130321 0.64742163],2,-1,-1,1,-1
49687,[0.66495302 0.61380483],3,3,"[0.6601234827680622, 0.6109507568947781]",1,-1
49688,[0.78766891 0.61852681],2,0,"[0.7890750777399501, 0.6799557517006445]",1,-1
49689,[0.39095722 0.61152041],0,1,"[0.37965276877051146, 0.575157747726818]",1,-1
49690,[0.62380637 0.60863125],3,3,"[0.6601234827680622, 0.6109507568947781]",1,-1
49691,[0.6061114  0.55621874],3,-1,-1,1,-1
49692,[0.65733638 0.62497468],3,3,"[0.6601234827680622, 0.6109507568947781]",1,7
49693,[0.76788134 0.68727764],2,0,"[0.7890750777399501, 0.6799557517006445]",1,-1
49694,[0.36086018 0.67780402],0,-1,-1,1,-1
49695,[0.27796856 0.19129187],1,2,"[0.294379027732062, 0.1921773781634303]",0,0
49696,[0.61550544 0.54743565],3,-1,-1,1,-1
49697,[0.81222313 0.65141608],2,0,"[0.7890750777399501, 0.6799557517006445]",1,-1
49698,[0.7832779  0.65708227],2,0,"[0.7890750777399501, 0.6799557517006445]",1,-1
49699,[0.24738219 0.23684638],1,2,"[0.294379027732062, 0.1921773781634303]",0,0
49700,[0.83704349 0.73111446],2,-1,-1,1,-1
49701,[0.62734977 0.61754494],3,3,"[0.6601234827680622, 0.6109507568947781]",1,-1
49702,[0.51211152 0.61628406],0,-1,-1,1,-1
49703,[0.62134153 0.56161007],3,3,"[0.6601234827680622, 0.6109507568947781]",1,-1
49704,[0.79487602 0.71225516],2,0,"[0.7890750777399501, 0.6799557517006445]",1,-1
49705,[0.29626128 0.1433399 ],1,2,"[0.294379027732062, 0.1921773781634303]",0,0
49706,[0.81660851 0.79555987],2,-1,-1,1,-1
49707,[0.39682477 0.5886845 ],0,1,"[0.37965276877051146, 0.575157747726818]",1,-1
49708,[0.69740608 0.54651205],3,-1,-1,1,-1
49709,[0.81190392 0.66912041],2,0,"[0.7890750777399501, 0.6799557517006445]",1,-1
49710,[0.29376166 0.55545424],0,-1,-1,1,-1
49711,[0.29242916 0.20344745],1,2,"[0.294379027732062, 0.1921773781634303]",0,0
49712,[0.39842508 0.20732212],1,-1,-1,0,0
49713,[0.2466697  0.14548636],1,2,"[0.294379027732062, 0.1921773781634303]",0,0
49714,[0.2801341  0.19639925],1,2,"[0.294379027732062, 0.1921773781634303]",0,0
49715,[0.75923911 0.72532134],2,0,"[0.7890750777399501, 0.6799557517006445]",1,-1
49716,[0.61880721 0.65393247],3,3,"[0.6601234827680622, 0.6109507568947781]",1,-1
49717,[0.78003015 0.70454936],2,0,"[0.7890750777399501, 0.6799557517006445]",1,-1
49718,[0.29011787 0.61216035],0,-1,-1,1,-1
49719,[0.75674699 0.54155179],3,-1,-1,1,-1
49720,[0.30211174 0.60358502],0,-1,-1,1,-1
49721,[0.81959749 0.63250592],2,0,"[0.7890750777399501, 0.6799557517006445]",1,-1
49722,[0.69397596 0.58063615],3,3,"[0.6601234827680622, 0.6109507568947781]",1,-1
49723,[0.87096326 0.67884308],2,-1,-1,1,-1
49724,[0.29766315 0.61003566],0,-1,-1,1,-1
49725,[0.40070517 0.48443027],0,-1,-1,1,-1
49726,[0.73672557 0.63806703],3,0,"[0.7890750777399501, 0.6799557517006445]",1,-1
49727,[0.23586964 0.27112831],1,-1,-1,0,0
49728,[0.28613633 0.18147199],1,2,"[0.294379027732062, 0.1921773781634303]",0,0
49729,[0.36355621 0.5949842 ],0,1,"[0.37965276877051146, 0.575157747726818]",1,-1
49730,[0.81313165 0.73303915],2,0,"[0.7890750777399501, 0.6799557517006445]",1,-1
49731,[0.6919678 0.6497347],2,3,"[0.6601234827680622, 0.6109507568947781]",1,-1
49732,[0.80019396 0.59450419],2,-1,-1,1,-1
49733,[0.58447072 0.64664797],3,-1,-1,1,-1
49734,[0.43992492 0.54750687],0,1,"[0.37965276877051146, 0.575157747726818]",1,-1
49735,[0.39118146 0.62232619],0,1,"[0.37965276877051146, 0.575157747726818]",1,-1
49736,[0.19578335 0.26694611],1,-1,-1,0,0
49737,[0.43600418 0.60316722],0,1,"[0.37965276877051146, 0.575157747726818]",1,-1
49738,[0.74350795 0.70888457],2,0,"[0.7890750777399501, 0.6799557517006445]",1,-1
49739,[0.71762661 0.61046518],3,3,"[0.6601234827680622, 0.6109507568947781]",1,-1
49740,[0.43690038 0.6127594 ],0,1,"[0.37965276877051146, 0.575157747726818]",1,-1
49741,[0.61788872 0.62988197],3,3,"[0.6601234827680622, 0.6109507568947781]",1,-1
49742,[0.77640523 0.67795958],2,0,"[0.7890750777399501, 0.6799557517006445]",1,-1
49743,[0.75812987 0.6247812 ],2,0,"[0.7890750777399501, 0.6799557517006445]",1,-1
49744,[0.79770695 0.68946784],2,0,"[0.7890750777399501, 0.6799557517006445]",1,-1
49745,[0.42614883 0.60024161],0,1,"[0.37965276877051146, 0.575157747726818]",1,-1
49746,[0.73829978 0.62882092],2,-1,-1,1,-1
49747,[0.25584374 0.20960766],1,2,"[0.294379027732062, 0.1921773781634303]",0,0
49748,[0.36360586 0.50726409],0,1,"[0.37965276877051146, 0.575157747726818]",1,-1
49749,[0.25714741 0.17649779],1,2,"[0.294379027732062, 0.1921773781634303]",0,0
49750,[0.66727234 0.5655804 ],3,3,"[0.6601234827680622, 0.6109507568947781]",1,-1
49751,[0.36593112 0.111949  ],1,-1,-1,0,0
49752,[0.80946267 0.67272399],2,0,"[0.7890750777399501, 0.6799557517006445]",1,-1
49753,[0.66479855 0.59445649],3,3,"[0.6601234827680622, 0.6109507568947781]",1,-1
49754,[0.67463193 0.60093333],3,3,"[0.6601234827680622, 0.6109507568947781]",1,-1
49755,[0.70279668 0.64209811],3,3,"[0.6601234827680622, 0.6109507568947781]",1,-1
49756,[0.23111357 0.23775825],1,-1,-1,0,0
49757,[0.30639141 0.0899644 ],1,-1,-1,0,0
49758,[0.88793976 0.64225744],2,-1,-1,1,-1
49759,[0.35786004 0.57179011],0,1,"[0.37965276877051146, 0.575157747726818]",1,-1
49760,[0.46186546 0.60158445],0,-1,-1,1,-1
49761,[0.85318725 0.68966125],2,0,"[0.7890750777399501, 0.6799557517006445]",1,-1
49762,[0.43913665 0.62784766],0,-1,-1,1,-1
49763,[0.71199547 0.7327632 ],2,-1,-1,1,-1
49764,[0.39044786 0.46920272],0,-1,-1,1,-1
49765,[0.80124468 0.76899445],2,-1,-1,1,-1
49766,[0.42226393 0.57893904],0,1,"[0.37965276877051146, 0.575157747726818]",1,-1
49767,[0.34689015 0.24837461],1,-1,-1,0,0
49768,[0.69275256 0.50234453],3,-1,-1,1,-1
49769,[0.70816761 0.64841285],3,3,"[0.6601234827680622, 0.6109507568947781]",1,-1
49770,[0.77761799 0.58641379],2,-1,-1,1,-1
49771,[0.80990901 0.67238556],2,0,"[0.7890750777399501, 0.6799557517006445]",1,-1
49772,[0.33016976 0.55575134],0,1,"[0.37965276877051146, 0.575157747726818]",1,-1
49773,[0.85990431 0.61489572],2,-1,-1,1,-1
49774,[0.35209258 0.51653759],0,1,"[0.37965276877051146, 0.575157747726818]",1,-1
49775,[0.75892259 0.6881969 ],2,0,"[0.7890750777399501, 0.6799557517006445]",1,-1
49776,[0.30653706 0.18483457],1,2,"[0.294379027732062, 0.1921773781634303]",0,0
49777,[0.44076785 0.50857771],0,-1,-1,1,-1
49778,[0.28468663 0.21044895],1,2,"[0.294379027732062, 0.1921773781634303]",0,0
49779,[0.3420047  0.62754362],0,1,"[0.37965276877051146, 0.575157747726818]",1,-1
49780,[0.26383441 0.17736118],1,2,"[0.294379027732062, 0.1921773781634303]",0,0
49781,[0.46397138 0.57291817],0,-1,-1,1,-1
49782,[0.38753639 0.65788304],0,-1,-1,1,-1
49783,[0.34070781 0.20517527],1,2,"[0.294379027732062, 0.1921773781634303]",0,0
49784,[0.3181152  0.56829236],0,1,"[0.37965276877051146, 0.575157747726818]",1,-1
49785,[0.78102199 0.63725112],2,0,"[0.7890750777399501, 0.6799557517006445]",1,-1
49786,[0.78943162 0.75169537],2,-1,-1,1,-1
49787,[0.28945527 0.55817638],0,-1,-1,1,-1
49788,[0.37273734 0.64943582],0,-1,-1,1,-1
49789,[0.2545768  0.52579371],0,-1,-1,1,-1
49790,[0.87442848 0.65312474],2,-1,-1,1,-1
49791,[0.26000306 0.15288407],1,2,"[0.294379027732062, 0.1921773781634303]",0,0
49792,[0.74376083 0.65177413],3,0,"[0.7890750777399501, 0.6799557517006445]",1,-1
49793,[0.29798963 0.17107053],1,2,"[0.294379027732062, 0.1921773781634303]",0,0
49794,[0.58934471 0.54504678],3,-1,-1,1,-1
49795,[0.29488394 0.59968937],0,-1,-1,1,-1
49796,[0.68924686 0.55447477],3,3,"[0.6601234827680622, 0.6109507568947781]",1,-1
49797,[0.31194147 0.19236611],1,2,"[0.294379027732062, 0.1921773781634303]",0,0
49798,[0.32697468 0.10293548],1,-1,-1,0,0
49799,[0.70386984 0.59038784],3,3,"[0.6601234827680622, 0.6109507568947781]",1,-1
49800,[0.24290363 0.26025221],1,-1,-1,0,0
49801,[0.26038041 0.22298751],1,2,"[0.294379027732062, 0.1921773781634303]",0,0
49802,[0.68475111 0.58131878],3,3,"[0.6601234827680622, 0.6109507568947781]",1,-1
49803,[0.8107223  0.63523671],2,0,"[0.7890750777399501, 0.6799557517006445]",1,-1
49804,[0.77535039 0.70755905],2,0,"[0.7890750777399501, 0.6799557517006445]",1,-1
49805,[0.19978262 0.09827098],1,-1,-1,0,0
49806,[0.33731399 0.20747623],1,2,"[0.294379027732062, 0.1921773781634303]",0,0
49807,[0.25757296 0.16174243],1,2,"[0.294379027732062, 0.1921773781634303]",0,0
49808,[0.31066698 0.13456471],1,2,"[0.294379027732062, 0.1921773781634303]",0,0
49809,[0.79297539 0.70643478],2,0,"[0.7890750777399501, 0.6799557517006445]",1,-1
49810,[0.71242898 0.57868213],3,3,"[0.6601234827680622, 0.6109507568947781]",1,-1
49811,[0.39384062 0.54815506],0,1,"[0.37965276877051146, 0.575157747726818]",1,-1
49812,[0.83685646 0.65237216],2,0,"[0.7890750777399501, 0.6799557517006445]",1,-1
49813,[0.37776714 0.53598491],0,1,"[0.37965276877051146, 0.575157747726818]",1,-1
49814,[0.32147167 0.1199575 ],1,-1,-1,0,0
49815,[0.28181817 0.17216974],1,2,"[0.294379027732062, 0.1921773781634303]",0,0
49816,[0.63784916 0.67815842],3,-1,-1,1,-1
49817,[0.32936471 0.57919183],0,1,"[0.37965276877051146, 0.575157747726818]",1,-1
49818,[0.37119795 0.65108658],0,-1,-1,1,-1
49819,[0.33272641 0.51993415],0,-1,-1,1,-1
49820,[0.70892292 0.64606818],3,3,"[0.6601234827680622, 0.6109507568947781]",1,-1
49821,[0.44078919 0.54775386],0,1,"[0.37965276877051146, 0.575157747726818]",1,-1
49822,[0.62428415 0.52868433],3,-1,-1,1,-1
49823,[0.32352606 0.18217608],1,2,"[0.294379027732062, 0.1921773781634303]",0,0
49824,[0.63887785 0.65093816],2,3,"[0.6601234827680622, 0.6109507568947781]",1,-1
49825,[0.28642169 0.06704675],1,-1,-1,0,0
49826,[0.2909825  0.23735446],1,2,"[0.294379027732062, 0.1921773781634303]",0,0
49827,[0.75622162 0.61915107],2,0,"[0.7890750777399501, 0.6799557517006445]",1,-1
49828,[0.75164221 0.60522846],2,-1,-1,1,-1
49829,[0.65660064 0.61127609],3,3,"[0.6601234827680622, 0.6109507568947781]",1,-1
49830,[0.72404593 0.59618947],3,3,"[0.6601234827680622, 0.6109507568947781]",1,-1
49831,[0.76325709 0.67095088],2,0,"[0.7890750777399501, 0.6799557517006445]",1,-1
49832,[0.23050604 0.17866194],1,2,"[0.294379027732062, 0.1921773781634303]",0,0
49833,[0.73010427 0.57122261],3,-1,-1,1,-1
49834,[0.79155275 0.7885007 ],2,-1,-1,1,-1
49835,[0.64907934 0.69330024],3,-1,-1,1,-1
49836,[0.41369858 0.57227911],0,1,"[0.37965276877051146, 0.575157747726818]",1,2
49837,[0.23504069 0.24936123],1,-1,-1,0,0
49838,[0.29175036 0.11874622],1,-1,-1,0,0
49839,[0.71384398 0.66173771],3,-1,-1,1,-1
49840,[0.72638258 0.72945167],2,-1,-1,1,-1
49841,[0.81079499 0.71111216],2,0,"[0.7890750777399501, 0.6799557517006445]",1,-1
49842,[0.78075655 0.68745581],2,0,"[0.7890750777399501, 0.6799557517006445]",1,-1
49843,[0.67810787 0.5817353 ],3,3,"[0.6601234827680622, 0.6109507568947781]",1,-1
49844,[0.31032525 0.15951317],1,2,"[0.294379027732062, 0.1921773781634303]",0,0
49845,[0.70653463 0.55929672],3,3,"[0.6601234827680622, 0.6109507568947781]",1,-1
49846,[0.38635554 0.58841389],0,1,"[0.37965276877051146, 0.575157747726818]",1,-1
49847,[0.35952038 0.5013289 ],0,-1,-1,1,-1
49848,[0.77397534 0.69681208],2,0,"[0.7890750777399501, 0.6799557517006445]",1,-1
49849,[0.37554235 0.61542457],0,1,"[0.37965276877051146, 0.575157747726818]",1,-1
49850,[0.76585074 0.71602605],2,0,"[0.7890750777399501, 0.6799557517006445]",1,-1
49851,[0.70211581 0.75214897],2,-1,-1,1,-1
49852,[0.34267417 0.5780595 ],0,1,"[0.37965276877051146, 0.575157747726818]",1,-1
49853,[0.6518382  0.67466258],3,3,"[0.6601234827680622, 0.6109507568947781]",1,-1
49854,[0.65671134 0.63377838],3,3,"[0.6601234827680622, 0.6109507568947781]",1,-1
49855,[0.76949032 0.72106843],2,0,"[0.7890750777399501, 0.6799557517006445]",1,-1
49856,[0.2608539  0.13036556],1,-1,-1,0,0
49857,[0.36303903 0.52883107],0,1,"[0.37965276877051146, 0.575157747726818]",1,-1
49858,[0.28164939 0.30759598],1,-1,-1,0,0
49859,[0.70370008 0.62525293],3,3,"[0.6601234827680622, 0.6109507568947781]",1,-1
49860,[0.82069072 0.69343323],2,0,"[0.7890750777399501, 0.6799557517006445]",1,-1
49861,[0.29450585 0.22440452],1,2,"[0.294379027732062, 0.1921773781634303]",0,0
49862,[0.84262334 0.625315  ],2,-1,-1,1,-1
49863,[0.37583728 0.57791991],0,1,"[0.37965276877051146, 0.575157747726818]",1,1
49864,[0.81900453 0.72286345],2,0,"[0.7890750777399501, 0.6799557517006445]",1,-1
49865,[0.38904102 0.6384727 ],0,1,"[0.37965276877051146, 0.575157747726818]",1,-1
49866,[0.68749139 0.6274344 ],3,3,"[0.6601234827680622, 0.6109507568947781]",1,7
49867,[0.76623932 0.73895063],2,0,"[0.7890750777399501, 0.6799557517006445]",1,-1
49868,[0.73388747 0.53403522],3,-1,-1,1,-1
49869,[0.29283029 0.24902006],1,2,"[0.294379027732062, 0.1921773781634303]",0,0
49870,[0.72615784 0.68499485],3,0,"[0.7890750777399501, 0.6799557517006445]",1,-1
49871,[0.77058351 0.60095653],3,-1,-1,1,-1
49872,[0.82112601 0.76370051],2,-1,-1,1,-1
49873,[0.62040879 0.53401584],3,-1,-1,1,-1
49874,[0.58151692 0.59822004],3,-1,-1,1,-1
49875,[0.78048134 0.64542672],2,0,"[0.7890750777399501, 0.6799557517006445]",1,-1
49876,[0.36720833 0.52869353],0,1,"[0.37965276877051146, 0.575157747726818]",1,-1
49877,[0.29349412 0.22012305],1,2,"[0.294379027732062, 0.1921773781634303]",0,0
49878,[0.77307165 0.71267774],2,0,"[0.7890750777399501, 0.6799557517006445]",1,-1
49879,[0.24242835 0.192503  ],1,2,"[0.294379027732062, 0.1921773781634303]",0,0
49880,[0.63567904 0.63599481],3,3,"[0.6601234827680622, 0.6109507568947781]",1,-1
49881,[0.69005365 0.58752927],3,3,"[0.6601234827680622, 0.6109507568947781]",1,-1
49882,[0.64431932 0.63722105],3,3,"[0.6601234827680622, 0.6109507568947781]",1,-1
49883,[0.84321218 0.61826548],2,-1,-1,1,-1
49884,[0.30422443 0.20793702],1,2,"[0.294379027732062, 0.1921773781634303]",0,0
49885,[0.38722697 0.55879476],0,1,"[0.37965276877051146, 0.575157747726818]",1,-1
49886,[0.37837836 0.52225136],0,1,"[0.37965276877051146, 0.575157747726818]",1,-1
49887,[0.3526988  0.49599392],0,-1,-1,1,-1
49888,[0.71176943 0.68269895],2,-1,-1,1,-1
49889,[0.7484965  0.59997833],2,-1,-1,1,-1
49890,[0.82456893 0.66762236],2,0,"[0.7890750777399501, 0.6799557517006445]",1,-1
49891,[0.71001803 0.65566406],3,3,"[0.6601234827680622, 0.6109507568947781]",1,-1
49892,[0.34269739 0.57080175],0,1,"[0.37965276877051146, 0.575157747726818]",1,-1
49893,[0.67108134 0.61915258],3,3,"[0.6601234827680622, 0.6109507568947781]",1,-1
49894,[0.30229178 0.12543325],1,2,"[0.294379027732062, 0.1921773781634303]",0,0
49895,[0.28883144 0.17549881],1,2,"[0.294379027732062, 0.1921773781634303]",0,0
49896,[0.26681732 0.22420186],1,2,"[0.294379027732062, 0.1921773781634303]",0,0
49897,[0.62579664 0.57663383],3,3,"[0.6601234827680622, 0.6109507568947781]",1,-1
49898,[0.55070034 0.62255227],3,-1,-1,1,-1
49899,[0.60017617 0.65457545],3,-1,-1,1,-1
49900,[0.29549142 0.22310054],1,2,"[0.294379027732062, 0.1921773781634303]",0,0
49901,[0.87380539 0.7403654 ],2,-1,-1,1,-1
49902,[0.36256106 0.61771477],0,1,"[0.37965276877051146, 0.575157747726818]",1,-1
49903,[0.31547173 0.55951625],0,1,"[0.37965276877051146, 0.575157747726818]",1,-1
49904,[0.71026451 0.64183726],3,3,"[0.6601234827680622, 0.6109507568947781]",1,-1
49905,[0.58037635 0.62882477],3,-1,-1,1,-1
49906,[0.35312384 0.60700698],0,1,"[0.37965276877051146, 0.575157747726818]",1,-1
49907,[0.36667011 0.59007082],0,1,"[0.37965276877051146, 0.575157747726818]",1,-1
49908,[0.32823934 0.54439713],0,1,"[0.37965276877051146, 0.575157747726818]",1,-1
49909,[0.35673213 0.18606493],1,2,"[0.294379027732062, 0.1921773781634303]",0,0
49910,[0.62912993 0.56469985],3,3,"[0.6601234827680622, 0.6109507568947781]",1,-1
49911,[0.87629913 0.63876842],2,-1,-1,1,-1
49912,[0.33862835 0.61843947],0,1,"[0.37965276877051146, 0.575157747726818]",1,-1
49913,[0.76689449 0.70410185],2,0,"[0.7890750777399501, 0.6799557517006445]",1,-1
49914,[0.74281397 0.64142878],2,0,"[0.7890750777399501, 0.6799557517006445]",1,-1
49915,[0.31993994 0.15360243],1,2,"[0.294379027732062, 0.1921773781634303]",0,0
49916,[0.64619828 0.64378898],3,3,"[0.6601234827680622, 0.6109507568947781]",1,-1
49917,[0.29652983 0.19654581],1,2,"[0.294379027732062, 0.1921773781634303]",0,0
49918,[0.20014273 0.1763198 ],1,-1,-1,0,0
49919,[0.8112208  0.67479835],2,0,"[0.7890750777399501, 0.6799557517006445]",1,-1
49920,[0.74419109 0.60374709],3,-1,-1,1,-1
49921,[0.65861291 0.61890122],3,3,"[0.6601234827680622, 0.6109507568947781]",1,7
49922,[0.76631333 0.64526011],2,0,"[0.7890750777399501, 0.6799557517006445]",1,-1
49923,[0.20062252 0.09909229],1,-1,-1,0,0
49924,[0.71683382 0.66891495],3,-1,-1,1,-1
49925,[0.3220242  0.54637634],0,1,"[0.37965276877051146, 0.575157747726818]",1,-1
49926,[0.79653155 0.72940579],2,0,"[0.7890750777399501, 0.6799557517006445]",1,-1
49927,[0.38265201 0.58913428],0,1,"[0.37965276877051146, 0.575157747726818]",1,-1
49928,[0.32943763 0.53697495],0,1,"[0.37965276877051146, 0.575157747726818]",1,-1
49929,[0.40624643 0.58644104],0,1,"[0.37965276877051146, 0.575157747726818]",1,-1
49930,[0.29506209 0.18281297],1,2,"[0.294379027732062, 0.1921773781634303]",0,0
49931,[0.37367434 0.25270825],1,-1,-1,0,0
49932,[0.83774741 0.65327705],2,0,"[0.7890750777399501, 0.6799557517006445]",1,-1
49933,[0.77306374 0.70922044],2,0,"[0.7890750777399501, 0.6799557517006445]",1,-1
49934,[0.39708497 0.22890975],1,-1,-1,0,0
49935,[0.25613461 0.19022096],1,2,"[0.294379027732062, 0.1921773781634303]",0,0
49936,[0.25862642 0.1786174 ],1,2,"[0.294379027732062, 0.1921773781634303]",0,0
49937,[0.69988898 0.63967283],3,3,"[0.6601234827680622, 0.6109507568947781]",1,-1
49938,[0.74331634 0.703669  ],2,0,"[0.7890750777399501, 0.6799557517006445]",1,-1
49939,[0.34140453 0.62790703],0,1,"[0.37965276877051146, 0.575157747726818]",1,-1
49940,[0.68244929 0.61659832],3,3,"[0.6601234827680622, 0.6109507568947781]",1,5
49941,[0.6483852  0.54753732],3,3,"[0.6601234827680622, 0.6109507568947781]",1,-1
49942,[0.78436519 0.66690038],2,0,"[0.7890750777399501, 0.6799557517006445]",1,-1
49943,[0.29768119 0.16564605],1,2,"[0.294379027732062, 0.1921773781634303]",0,0
49944,[0.39873217 0.61464521],0,1,"[0.37965276877051146, 0.575157747726818]",1,-1
49945,[0.69096229 0.71609172],3,-1,-1,1,-1
49946,[0.32337819 0.61615837],0,1,"[0.37965276877051146, 0.575157747726818]",1,-1
49947,[0.64388889 0.5686704 ],3,3,"[0.6601234827680622, 0.6109507568947781]",1,-1
49948,[0.65149659 0.66411612],3,3,"[0.6601234827680622, 0.6109507568947781]",1,-1
49949,[0.33495956 0.25957401],1,-1,-1,0,0
49950,[0.67213125 0.49274311],3,-1,-1,1,-1
49951,[0.31943959 0.64240297],0,-1,-1,1,-1
49952,[0.31883911 0.55831003],0,1,"[0.37965276877051146, 0.575157747726818]",1,-1
49953,[0.35432275 0.62378688],0,1,"[0.37965276877051146, 0.575157747726818]",1,-1
49954,[0.25448726 0.23720949],1,2,"[0.294379027732062, 0.1921773781634303]",0,0
49955,[0.75490156 0.61465935],2,-1,-1,1,-1
49956,[0.84232862 0.6710011 ],2,0,"[0.7890750777399501, 0.6799557517006445]",1,-1
49957,[0.68649979 0.60597385],3,3,"[0.6601234827680622, 0.6109507568947781]",1,5
49958,[0.4142227 0.5073158],0,-1,-1,1,-1
49959,[0.44136541 0.54626208],0,1,"[0.37965276877051146, 0.575157747726818]",1,-1
49960,[0.75700781 0.71926094],2,0,"[0.7890750777399501, 0.6799557517006445]",1,-1
49961,[0.6661557  0.49766235],3,-1,-1,1,-1
49962,[0.69254666 0.58816427],3,3,"[0.6601234827680622, 0.6109507568947781]",1,-1
49963,[0.29886233 0.18570745],1,2,"[0.294379027732062, 0.1921773781634303]",0,0
49964,[0.83575125 0.72038053],2,0,"[0.7890750777399501, 0.6799557517006445]",1,-1
49965,[0.33173406 0.56098739],0,1,"[0.37965276877051146, 0.575157747726818]",1,-1
49966,[0.35251738 0.62520898],0,1,"[0.37965276877051146, 0.575157747726818]",1,-1
49967,[0.72347076 0.64156577],3,-1,-1,1,-1
49968,[0.74724451 0.66896327],2,0,"[0.7890750777399501, 0.6799557517006445]",1,-1
49969,[0.62742258 0.5181682 ],3,-1,-1,1,-1
49970,[0.79922888 0.68592744],2,0,"[0.7890750777399501, 0.6799557517006445]",1,-1
49971,[0.45619602 0.50582717],0,-1,-1,1,-1
49972,[0.70833827 0.60032042],3,3,"[0.6601234827680622, 0.6109507568947781]",1,-1
49973,[0.88336774 0.63512321],2,-1,-1,1,-1
49974,[0.43003297 0.5330047 ],0,1,"[0.37965276877051146, 0.575157747726818]",1,-1
49975,[0.35602069 0.53784133],0,1,"[0.37965276877051146, 0.575157747726818]",1,-1
49976,[0.58205417 0.62888863],3,-1,-1,1,-1
49977,[0.83115501 0.70736647],2,0,"[0.7890750777399501, 0.6799557517006445]",1,-1
49978,[0.63736284 0.7128658 ],3,-1,-1,1,-1
49979,[0.64874034 0.51568766],3,-1,-1,1,-1
49980,[0.8514009  0.69123627],2,0,"[0.7890750777399501, 0.6799557517006445]",1,-1
49981,[0.65767871 0.57412924],3,3,"[0.6601234827680622, 0.6109507568947781]",1,-1
49982,[0.63343371 0.64262112],3,3,"[0.6601234827680622, 0.6109507568947781]",1,-1
49983,[0.24534414 0.27111252],1,-1,-1,0,0
49984,[0.81193708 0.69687421],2,0,"[0.7890750777399501, 0.6799557517006445]",1,-1
49985,[0.68217384 0.64567329],3,3,"[0.6601234827680622, 0.6109507568947781]",1,-1
49986,[0.39435528 0.60539524],0,1,"[0.37965276877051146, 0.575157747726818]",1,-1
49987,[0.75930822 0.56802723],3,-1,-1,1,-1
49988,[0.69417581 0.75830611],2,-1,-1,1,-1
49989,[0.69534479 0.59784956],3,3,"[0.6601234827680622, 0.6109507568947781]",1,-1
49990,[0.32941545 0.56178685],0,1,"[0.37965276877051146, 0.575157747726818]",1,-1
49991,[0.38548602 0.5610853 ],0,1,"[0.37965276877051146, 0.575157747726818]",1,-1
49992,[0.27613767 0.50452397],0,-1,-1,1,-1
49993,[0.19936201 0.27923762],1,-1,-1,0,0
49994,[0.28683761 0.21005526],1,2,"[0.294379027732062, 0.1921773781634303]",0,0
49995,[0.30832651 0.12361961],1,2,"[0.294379027732062, 0.1921773781634303]",0,0
49996,[0.62473397 0.6163908 ],3,3,"[0.6601234827680622, 0.6109507568947781]",1,-1
49997,[0.35021922 0.59470799],0,1,"[0.37965276877051146, 0.575157747726818]",1,-1
49998,[0.38563369 0.56346204],0,1,"[0.37965276877051146, 0.575157747726818]",1,-1
49999,[0.70327667 0.63086347],3,3,"[0.6601234827680622, 0.6109507568947781]",1,-1
