,datum,blob,snowball_label,snowball_center,hdbscan_eom_label,hdbscan_leaf_label
0,[0.75692715 0.24144393],9,3,"[0.730625269784981, 0.23771787879244177]",1,6
1,[0.7203194  0.17309785],9,3,"[0.730625269784981, 0.23771787879244177]",1,-1
2,[0.15875877 0.85816939],2,2,"[0.1181582050098336, 0.856499254648167]",4,3
3,[0.31465962 0.62726027],5,5,"[0.30827128450219565, 0.6153996633757841]",5,4
4,[0.86431602 0.24159878],4,8,"[0.904352694028282, 0.2366431101620578]",1,8
5,[0.19723625 0.56733088],1,-1,-1,3,-1
6,[0.56358005 0.52550565],8,7,"[0.5528273564438948, 0.5014465920428942]",2,1
7,[0.90045153 0.86985549],6,-1,-1,0,0
8,[0.32518135 0.61628869],5,5,"[0.30827128450219565, 0.6153996633757841]",5,4
9,[0.05180116 0.55825649],7,4,"[0.10265585532169084, 0.5327782708733342]",3,2
10,[0.28656523 0.49435101],1,-1,-1,5,4
11,[0.26161578 0.73010979],0,6,"[0.21136360227964263, 0.7094848716163278]",5,5
12,[0.58979624 0.40255412],8,-1,-1,2,1
13,[0.7591146  0.19971675],9,3,"[0.730625269784981, 0.23771787879244177]",1,-1
14,[0.19205974 0.64681873],0,6,"[0.21136360227964263, 0.7094848716163278]",5,-1
15,[0.27639121 0.66241836],0,5,"[0.30827128450219565, 0.6153996633757841]",5,5
16,[0.63832602 0.41757926],8,-1,-1,2,1
17,[0.79535252 0.2797089 ],9,-1,-1,1,-1
18,[0.88086008 0.15148182],3,0,"[0.8468665088856635, 0.15021977848002765]",1,-1
19,[0.86453482 0.8111078 ],6,1,"[0.8749561528873913, 0.7994699103611796]",0,0
20,[0.05262975 0.54006562],7,4,"[0.10265585532169084, 0.5327782708733342]",3,2
21,[0.92032246 0.23316572],4,8,"[0.904352694028282, 0.2366431101620578]",1,8
22,[0.88367961 0.26043734],4,8,"[0.904352694028282, 0.2366431101620578]",1,8
23,[0.11674047 0.83228079],2,2,"[0.1181582050098336, 0.856499254648167]",4,3
24,[0.83207012 0.77686936],6,1,"[0.8749561528873913, 0.7994699103611796]",0,0
25,[0.36103586 0.51834299],1,9,"[0.3408143000064772, 0.5475942170600938]",5,4
26,[0.53346037 0.49012452],8,7,"[0.5528273564438948, 0.5014465920428942]",2,1
27,[0.34642825 0.5141311 ],1,9,"[0.3408143000064772, 0.5475942170600938]",5,4
28,[0.11266006 0.87269818],2,2,"[0.1181582050098336, 0.856499254648167]",4,3
29,[0.84083232 0.75659255],6,1,"[0.8749561528873913, 0.7994699103611796]",0,0
30,[0.39576237 0.63939121],5,-1,-1,5,-1
31,[0.37111292 0.65047377],5,-1,-1,5,4
32,[0.18838488 0.57047135],7,-1,-1,-1,-1
33,[0.32252423 0.54926054],5,9,"[0.3408143000064772, 0.5475942170600938]",5,4
34,[0.89366225 0.08415741],3,-1,-1,1,-1
35,[0.89447066 0.84647636],6,1,"[0.8749561528873913, 0.7994699103611796]",0,0
36,[0.15594243 0.71490362],0,6,"[0.21136360227964263, 0.7094848716163278]",5,-1
37,[0.83685537 0.22395958],4,8,"[0.904352694028282, 0.2366431101620578]",1,7
38,[0.24679648 0.91574791],2,-1,-1,-1,-1
39,[0.67847042 0.24700148],9,3,"[0.730625269784981, 0.23771787879244177]",1,-1
40,[0.76376925 0.17273051],9,-1,-1,1,-1
41,[0.76460846 0.17139839],3,-1,-1,1,-1
42,[0.85688364 0.18204869],3,0,"[0.8468665088856635, 0.15021977848002765]",1,7
43,[0.30453751 0.58437761],1,5,"[0.30827128450219565, 0.6153996633757841]",5,4
44,[0.62650297 0.56530775],8,-1,-1,2,1
45,[0.88876795 0.72110943],6,-1,-1,0,0
46,[0.28960359 0.52091749],1,9,"[0.3408143000064772, 0.5475942170600938]",5,4
47,[0.22669946 0.80428566],0,-1,-1,-1,-1
48,[0.86429054 0.74511487],6,1,"[0.8749561528873913, 0.7994699103611796]",0,0
49,[0.14522439 0.801892  ],2,2,"[0.1181582050098336, 0.856499254648167]",4,3
50,[0.13076005 0.86124167],2,2,"[0.1181582050098336, 0.856499254648167]",4,3
51,[0.30442122 0.67960713],0,5,"[0.30827128450219565, 0.6153996633757841]",5,-1
52,[0.76472086 0.2561142 ],9,3,"[0.730625269784981, 0.23771787879244177]",1,6
53,[0.34953441 0.61542321],1,5,"[0.30827128450219565, 0.6153996633757841]",5,4
54,[0.85050375 0.16781066],3,0,"[0.8468665088856635, 0.15021977848002765]",1,7
55,[0.72607875 0.25131523],9,3,"[0.730625269784981, 0.23771787879244177]",1,6
56,[0.68502    0.20207017],9,3,"[0.730625269784981, 0.23771787879244177]",1,-1
57,[0.25467757 0.75649786],0,6,"[0.21136360227964263, 0.7094848716163278]",5,-1
58,[0.37760767 0.6445584 ],5,-1,-1,5,4
59,[0.91128871 0.16352418],4,0,"[0.8468665088856635, 0.15021977848002765]",1,-1
60,[0.76182703 0.1451644 ],3,-1,-1,1,-1
61,[0.09374624 0.53465497],7,4,"[0.10265585532169084, 0.5327782708733342]",3,2
62,[0.54459063 0.53646581],8,7,"[0.5528273564438948, 0.5014465920428942]",2,1
63,[0.12053538 0.86073898],2,2,"[0.1181582050098336, 0.856499254648167]",4,3
64,[0.87566917 0.18313427],4,0,"[0.8468665088856635, 0.15021977848002765]",1,7
65,[0.82920587 0.79952686],6,1,"[0.8749561528873913, 0.7994699103611796]",0,0
66,[0.90441759 0.17841889],4,8,"[0.904352694028282, 0.2366431101620578]",1,-1
67,[0.20314543 0.74522451],0,6,"[0.21136360227964263, 0.7094848716163278]",5,5
68,[0.36593097 0.49312765],1,9,"[0.3408143000064772, 0.5475942170600938]",5,-1
69,[0.28636155 0.64560595],5,5,"[0.30827128450219565, 0.6153996633757841]",5,-1
70,[0.13049139 0.88226906],2,2,"[0.1181582050098336, 0.856499254648167]",4,3
71,[0.71929832 0.29676623],9,3,"[0.730625269784981, 0.23771787879244177]",1,-1
72,[0.04907686 0.53996965],7,4,"[0.10265585532169084, 0.5327782708733342]",3,2
73,[0.31570203 0.58262427],5,5,"[0.30827128450219565, 0.6153996633757841]",5,4
74,[0.51396651 0.51422467],8,7,"[0.5528273564438948, 0.5014465920428942]",2,1
75,[0.54325994 0.48416802],8,7,"[0.5528273564438948, 0.5014465920428942]",2,1
76,[0.35623979 0.68659325],0,-1,-1,-1,-1
77,[0.31890596 0.57898974],5,5,"[0.30827128450219565, 0.6153996633757841]",5,4
78,[0.25701094 0.60088134],5,5,"[0.30827128450219565, 0.6153996633757841]",5,-1
79,[0.71138162 0.21859509],9,3,"[0.730625269784981, 0.23771787879244177]",1,6
80,[0.72030777 0.20691839],9,3,"[0.730625269784981, 0.23771787879244177]",1,6
81,[0.05288054 0.82960457],2,-1,-1,4,-1
82,[0.90196061 0.25304377],4,8,"[0.904352694028282, 0.2366431101620578]",1,8
83,[0.8653781  0.24743449],4,8,"[0.904352694028282, 0.2366431101620578]",1,8
84,[0.72615476 0.16822948],9,3,"[0.730625269784981, 0.23771787879244177]",1,-1
85,[0.31389039 0.57428541],1,9,"[0.3408143000064772, 0.5475942170600938]",5,4
86,[0.0941282  0.72947837],2,-1,-1,-1,-1
87,[0.32405509 0.52610402],5,9,"[0.3408143000064772, 0.5475942170600938]",5,4
88,[0.20939949 0.72040851],0,6,"[0.21136360227964263, 0.7094848716163278]",5,5
89,[0.51224964 0.44691372],8,7,"[0.5528273564438948, 0.5014465920428942]",2,1
90,[0.25201129 0.71798423],0,6,"[0.21136360227964263, 0.7094848716163278]",5,5
91,[0.85189349 0.16747906],3,0,"[0.8468665088856635, 0.15021977848002765]",1,7
92,[0.12981104 0.85003303],2,2,"[0.1181582050098336, 0.856499254648167]",4,3
93,[0.09353814 0.86515837],2,2,"[0.1181582050098336, 0.856499254648167]",4,3
94,[0.36974818 0.61070482],5,5,"[0.30827128450219565, 0.6153996633757841]",5,4
95,[0.70811334 0.25589139],9,3,"[0.730625269784981, 0.23771787879244177]",1,6
96,[0.8813961  0.34230995],4,-1,-1,1,-1
97,[0.56174585 0.48617595],8,7,"[0.5528273564438948, 0.5014465920428942]",2,1
98,[0.742472   0.24653743],9,3,"[0.730625269784981, 0.23771787879244177]",1,6
99,[0.13336654 0.54540053],7,4,"[0.10265585532169084, 0.5327782708733342]",3,2
100,[0.84776724 0.85015458],6,1,"[0.8749561528873913, 0.7994699103611796]",0,0
101,[0.81836611 0.77620248],6,1,"[0.8749561528873913, 0.7994699103611796]",0,0
102,[0.61362787 0.4587787 ],8,-1,-1,2,1
103,[0.28967209 0.60222754],5,5,"[0.30827128450219565, 0.6153996633757841]",5,4
104,[0.27296699 0.67478305],0,5,"[0.30827128450219565, 0.6153996633757841]",5,5
105,[0.80684759 0.26411137],9,-1,-1,1,-1
106,[0.31413841 0.5012558 ],1,9,"[0.3408143000064772, 0.5475942170600938]",5,4
107,[0.57683992 0.50810727],8,7,"[0.5528273564438948, 0.5014465920428942]",2,1
108,[0.06851985 0.52316548],7,4,"[0.10265585532169084, 0.5327782708733342]",3,2
109,[0.28304051 0.54883077],1,9,"[0.3408143000064772, 0.5475942170600938]",5,4
110,[0.92367978 0.21977808],4,8,"[0.904352694028282, 0.2366431101620578]",1,8
111,[0.34730137 0.55030826],5,9,"[0.3408143000064772, 0.5475942170600938]",5,4
112,[0.78565212 0.23010378],9,3,"[0.730625269784981, 0.23771787879244177]",1,6
113,[0.82677152 0.1085804 ],3,0,"[0.8468665088856635, 0.15021977848002765]",1,-1
114,[0.33229973 0.56450902],1,9,"[0.3408143000064772, 0.5475942170600938]",5,4
115,[0.06428564 0.52829601],7,4,"[0.10265585532169084, 0.5327782708733342]",3,2
116,[0.27796522 0.56418313],5,5,"[0.30827128450219565, 0.6153996633757841]",5,4
117,[0.76152114 0.2320464 ],9,3,"[0.730625269784981, 0.23771787879244177]",1,6
118,[0.76621733 0.25108342],9,3,"[0.730625269784981, 0.23771787879244177]",1,6
119,[0.29735924 0.49766133],1,9,"[0.3408143000064772, 0.5475942170600938]",5,4
120,[0.12171301 0.48763918],7,4,"[0.10265585532169084, 0.5327782708733342]",3,2
121,[0.4249651  0.55120268],1,-1,-1,-1,-1
122,[0.96564976 0.16183997],4,-1,-1,1,-1
123,[0.86411569 0.08251566],3,0,"[0.8468665088856635, 0.15021977848002765]",1,-1
124,[0.93689905 0.85063434],6,-1,-1,0,0
125,[0.2713814  0.62875487],5,5,"[0.30827128450219565, 0.6153996633757841]",5,-1
126,[0.1888303  0.82704142],2,-1,-1,4,3
127,[0.9565334  0.78031561],6,-1,-1,0,0
128,[0.52984326 0.52423343],8,7,"[0.5528273564438948, 0.5014465920428942]",2,1
129,[0.86157579 0.80474886],6,1,"[0.8749561528873913, 0.7994699103611796]",0,0
130,[0.31083867 0.57882157],5,5,"[0.30827128450219565, 0.6153996633757841]",5,4
131,[0.34135467 0.57097109],1,9,"[0.3408143000064772, 0.5475942170600938]",5,4
132,[0.81909126 0.17197286],3,0,"[0.8468665088856635, 0.15021977848002765]",1,7
133,[0.86655704 0.80510108],6,1,"[0.8749561528873913, 0.7994699103611796]",0,0
134,[0.87786351 0.82240573],6,1,"[0.8749561528873913, 0.7994699103611796]",0,0
135,[0.79405391 0.2416353 ],9,3,"[0.730625269784981, 0.23771787879244177]",1,-1
136,[0.75582263 0.2222724 ],9,3,"[0.730625269784981, 0.23771787879244177]",1,6
137,[0.18404306 0.62145583],0,-1,-1,5,-1
138,[0.40880521 0.58955646],1,-1,-1,5,-1
139,[0.30094278 0.60993444],1,5,"[0.30827128450219565, 0.6153996633757841]",5,4
140,[0.70274142 0.21989338],9,3,"[0.730625269784981, 0.23771787879244177]",1,6
141,[0.05101639 0.91196574],2,-1,-1,4,-1
142,[0.22099585 0.71529238],0,6,"[0.21136360227964263, 0.7094848716163278]",5,5
143,[0.83369095 0.18934345],3,0,"[0.8468665088856635, 0.15021977848002765]",1,-1
144,[0.72972601 0.19865255],9,3,"[0.730625269784981, 0.23771787879244177]",1,6
145,[0.37824175 0.60756327],5,-1,-1,5,4
146,[0.35256913 0.50492507],5,9,"[0.3408143000064772, 0.5475942170600938]",5,4
147,[0.37259083 0.59076419],5,9,"[0.3408143000064772, 0.5475942170600938]",5,4
148,[0.32914097 0.59570639],5,5,"[0.30827128450219565, 0.6153996633757841]",5,4
149,[0.81375985 0.16022873],3,0,"[0.8468665088856635, 0.15021977848002765]",1,-1
150,[0.86157453 0.23707495],4,8,"[0.904352694028282, 0.2366431101620578]",1,-1
151,[0.31904361 0.65513357],5,5,"[0.30827128450219565, 0.6153996633757841]",5,5
152,[0.12740271 0.51361187],7,4,"[0.10265585532169084, 0.5327782708733342]",3,2
153,[0.52465211 0.51966563],8,7,"[0.5528273564438948, 0.5014465920428942]",2,1
154,[0.87531321 0.1184273 ],3,0,"[0.8468665088856635, 0.15021977848002765]",1,7
155,[0.93163931 0.12806061],3,-1,-1,1,-1
156,[0.36778768 0.55682654],1,9,"[0.3408143000064772, 0.5475942170600938]",5,4
157,[0.23351458 0.67387588],0,6,"[0.21136360227964263, 0.7094848716163278]",5,5
158,[0.27249207 0.71017632],0,6,"[0.21136360227964263, 0.7094848716163278]",5,5
159,[0.37601267 0.65899082],5,-1,-1,5,-1
160,[0.14546906 0.81936892],2,2,"[0.1181582050098336, 0.856499254648167]",4,3
161,[0.12634106 0.53857181],7,4,"[0.10265585532169084, 0.5327782708733342]",3,2
162,[0.82637352 0.21266464],9,0,"[0.8468665088856635, 0.15021977848002765]",1,-1
163,[0.8943308  0.05809247],3,-1,-1,1,-1
164,[0.94404883 0.18518765],4,8,"[0.904352694028282, 0.2366431101620578]",1,-1
165,[0.89512991 0.82624271],6,1,"[0.8749561528873913, 0.7994699103611796]",0,0
166,[0.82103689 0.84278266],6,1,"[0.8749561528873913, 0.7994699103611796]",0,0
167,[0.86726502 0.77572951],6,1,"[0.8749561528873913, 0.7994699103611796]",0,0
168,[0.87135636 0.10105425],3,0,"[0.8468665088856635, 0.15021977848002765]",1,7
169,[0.12281177 0.81731051],2,2,"[0.1181582050098336, 0.856499254648167]",4,3
170,[0.59217416 0.51805427],8,7,"[0.5528273564438948, 0.5014465920428942]",2,1
171,[0.25587034 0.62873887],0,5,"[0.30827128450219565, 0.6153996633757841]",5,-1
172,[0.84367156 0.91828504],6,-1,-1,0,0
173,[0.27528335 0.5801969 ],5,5,"[0.30827128450219565, 0.6153996633757841]",5,-1
174,[0.88050011 0.23268307],4,8,"[0.904352694028282, 0.2366431101620578]",1,8
175,[0.15723988 0.81894893],2,2,"[0.1181582050098336, 0.856499254648167]",4,3
176,[0.85495353 0.92702513],6,-1,-1,0,0
177,[0.90553462 0.78362556],6,1,"[0.8749561528873913, 0.7994699103611796]",0,0
178,[0.68357249 0.29069515],9,-1,-1,1,-1
179,[0.72214148 0.19208278],9,3,"[0.730625269784981, 0.23771787879244177]",1,6
180,[0.17387728 0.92633432],2,-1,-1,-1,-1
181,[0.90088704 0.20888287],4,8,"[0.904352694028282, 0.2366431101620578]",1,-1
182,[0.12391715 0.74261515],0,-1,-1,4,-1
183,[0.22462219 0.54981953],1,-1,-1,-1,-1
184,[0.08246228 0.82641435],2,2,"[0.1181582050098336, 0.856499254648167]",4,3
185,[0.86547617 0.10320008],3,0,"[0.8468665088856635, 0.15021977848002765]",1,7
186,[0.26314011 0.50438152],1,-1,-1,5,-1
187,[0.81906846 0.8134995 ],6,1,"[0.8749561528873913, 0.7994699103611796]",0,0
188,[0.25874992 0.77006546],0,-1,-1,5,-1
189,[0.72185494 0.20659749],9,3,"[0.730625269784981, 0.23771787879244177]",1,6
190,[0.05032584 0.89002921],2,-1,-1,4,3
191,[0.09374708 0.58426209],7,4,"[0.10265585532169084, 0.5327782708733342]",3,2
192,[0.91268745 0.11865108],3,-1,-1,1,-1
193,[0.49113495 0.4928899 ],8,7,"[0.5528273564438948, 0.5014465920428942]",2,1
194,[0.50214262 0.49342007],8,7,"[0.5528273564438948, 0.5014465920428942]",2,1
195,[0.83552574 0.22250039],4,-1,-1,1,7
196,[0.15599997 0.59560878],7,-1,-1,-1,-1
197,[0.21539761 0.62388564],0,-1,-1,-1,-1
198,[0.54890397 0.55089375],8,7,"[0.5528273564438948, 0.5014465920428942]",2,1
199,[0.33273884 0.54364352],5,9,"[0.3408143000064772, 0.5475942170600938]",5,4
200,[0.125984   0.89887642],2,2,"[0.1181582050098336, 0.856499254648167]",4,3
201,[0.18355477 0.67085604],0,6,"[0.21136360227964263, 0.7094848716163278]",5,5
202,[0.24991905 0.6859642 ],0,6,"[0.21136360227964263, 0.7094848716163278]",5,5
203,[0.58377194 0.48155847],8,7,"[0.5528273564438948, 0.5014465920428942]",2,1
204,[0.34591698 0.54219221],1,9,"[0.3408143000064772, 0.5475942170600938]",5,4
205,[0.86933565 0.79117341],6,1,"[0.8749561528873913, 0.7994699103611796]",0,0
206,[0.14557701 0.71830077],0,6,"[0.21136360227964263, 0.7094848716163278]",-1,-1
207,[0.03931786 0.90621725],2,-1,-1,4,3
208,[0.36126063 0.56908918],1,9,"[0.3408143000064772, 0.5475942170600938]",5,4
209,[0.89091219 0.15494998],4,0,"[0.8468665088856635, 0.15021977848002765]",1,-1
210,[0.10305864 0.62289038],7,-1,-1,-1,-1
211,[0.07983174 0.52773087],7,4,"[0.10265585532169084, 0.5327782708733342]",3,2
212,[0.3411679 0.6078903],5,5,"[0.30827128450219565, 0.6153996633757841]",5,4
213,[0.61416601 0.46055972],8,-1,-1,2,1
214,[0.34221799 0.57948646],5,9,"[0.3408143000064772, 0.5475942170600938]",5,4
215,[0.83781738 0.19346049],3,0,"[0.8468665088856635, 0.15021977848002765]",1,-1
216,[0.18234672 0.87654311],2,2,"[0.1181582050098336, 0.856499254648167]",4,3
217,[0.82580631 0.75803493],6,1,"[0.8749561528873913, 0.7994699103611796]",0,0
218,[0.8465453 0.1460716],3,0,"[0.8468665088856635, 0.15021977848002765]",1,7
219,[0.33736506 0.63297015],1,5,"[0.30827128450219565, 0.6153996633757841]",5,4
220,[0.33794723 0.59890477],5,5,"[0.30827128450219565, 0.6153996633757841]",5,4
221,[0.87198798 0.83595507],6,1,"[0.8749561528873913, 0.7994699103611796]",0,0
222,[0.31253645 0.5602564 ],1,9,"[0.3408143000064772, 0.5475942170600938]",5,4
223,[0.37391914 0.53944603],1,9,"[0.3408143000064772, 0.5475942170600938]",5,4
224,[0.31117819 0.62501411],5,5,"[0.30827128450219565, 0.6153996633757841]",5,4
225,[0.31075054 0.66870019],0,5,"[0.30827128450219565, 0.6153996633757841]",5,-1
226,[0.84772882 0.15285066],4,0,"[0.8468665088856635, 0.15021977848002765]",1,7
227,[0.37589071 0.43605219],1,-1,-1,-1,-1
228,[0.17644987 0.64294655],0,-1,-1,5,-1
229,[0.55948208 0.48510111],8,7,"[0.5528273564438948, 0.5014465920428942]",2,1
230,[0.86489132 0.11208205],3,0,"[0.8468665088856635, 0.15021977848002765]",1,7
231,[0.11611192 0.49198502],7,4,"[0.10265585532169084, 0.5327782708733342]",3,2
232,[0.83738909 0.7794864 ],6,1,"[0.8749561528873913, 0.7994699103611796]",0,0
233,[0.9127333  0.23898744],4,8,"[0.904352694028282, 0.2366431101620578]",1,8
234,[0.12223536 0.84972713],2,2,"[0.1181582050098336, 0.856499254648167]",4,3
235,[0.8673722  0.16899784],3,0,"[0.8468665088856635, 0.15021977848002765]",1,7
236,[0.27952286 0.5382199 ],1,9,"[0.3408143000064772, 0.5475942170600938]",5,4
237,[0.06056526 0.60681492],7,-1,-1,3,2
238,[0.76716414 0.85762256],6,-1,-1,0,0
239,[0.78956446 0.14997492],3,0,"[0.8468665088856635, 0.15021977848002765]",1,-1
240,[0.90298522 0.79223338],6,1,"[0.8749561528873913, 0.7994699103611796]",0,0
241,[0.93652815 0.20181186],4,8,"[0.904352694028282, 0.2366431101620578]",1,8
242,[0.34656217 0.64891733],5,5,"[0.30827128450219565, 0.6153996633757841]",5,4
243,[0.58016295 0.47491516],8,7,"[0.5528273564438948, 0.5014465920428942]",2,1
244,[0.86795975 0.15529163],3,0,"[0.8468665088856635, 0.15021977848002765]",1,7
245,[0.9539116  0.81569306],6,-1,-1,0,0
246,[0.22709555 0.73329857],0,6,"[0.21136360227964263, 0.7094848716163278]",5,5
247,[0.05692614 0.51716031],7,4,"[0.10265585532169084, 0.5327782708733342]",3,2
248,[0.37145057 0.57494671],1,9,"[0.3408143000064772, 0.5475942170600938]",5,4
249,[0.08718238 0.52041233],7,4,"[0.10265585532169084, 0.5327782708733342]",3,2
250,[0.09459323 0.46383856],7,4,"[0.10265585532169084, 0.5327782708733342]",3,2
251,[0.54839392 0.49409678],8,7,"[0.5528273564438948, 0.5014465920428942]",2,1
252,[0.74411336 0.19888314],3,3,"[0.730625269784981, 0.23771787879244177]",1,6
253,[0.89044624 0.29059665],4,8,"[0.904352694028282, 0.2366431101620578]",1,-1
254,[0.09736298 0.498417  ],7,4,"[0.10265585532169084, 0.5327782708733342]",3,2
255,[0.2150874  0.66061045],0,6,"[0.21136360227964263, 0.7094848716163278]",5,-1
256,[0.86912906 0.76425382],6,1,"[0.8749561528873913, 0.7994699103611796]",0,0
257,[0.1753726  0.66326885],0,6,"[0.21136360227964263, 0.7094848716163278]",5,5
258,[0.52241846 0.45796727],8,7,"[0.5528273564438948, 0.5014465920428942]",2,1
259,[0.19049242 0.68299115],0,6,"[0.21136360227964263, 0.7094848716163278]",5,5
260,[0.32110483 0.61902787],5,5,"[0.30827128450219565, 0.6153996633757841]",5,4
261,[0.13010814 0.86888315],2,2,"[0.1181582050098336, 0.856499254648167]",4,3
262,[0.82997205 0.79945752],6,1,"[0.8749561528873913, 0.7994699103611796]",0,0
263,[0.09748861 0.51150129],7,4,"[0.10265585532169084, 0.5327782708733342]",3,2
264,[0.04569633 0.52195744],7,4,"[0.10265585532169084, 0.5327782708733342]",3,2
265,[0.7609551  0.10073401],3,-1,-1,1,-1
266,[0.73554928 0.25897036],9,3,"[0.730625269784981, 0.23771787879244177]",1,6
267,[0.84689773 0.74332077],6,1,"[0.8749561528873913, 0.7994699103611796]",0,0
268,[0.31786505 0.57499174],5,9,"[0.3408143000064772, 0.5475942170600938]",5,4
269,[0.12247246 0.52631835],7,4,"[0.10265585532169084, 0.5327782708733342]",3,2
270,[0.20008188 0.72251304],0,6,"[0.21136360227964263, 0.7094848716163278]",5,5
271,[0.8893184  0.24070607],4,8,"[0.904352694028282, 0.2366431101620578]",1,8
272,[0.88384946 0.82709577],6,1,"[0.8749561528873913, 0.7994699103611796]",0,0
273,[0.31306171 0.51569817],1,9,"[0.3408143000064772, 0.5475942170600938]",5,4
274,[0.84959374 0.17305459],4,0,"[0.8468665088856635, 0.15021977848002765]",1,7
275,[0.88093548 0.33932779],4,-1,-1,1,-1
276,[0.80693273 0.15747045],3,0,"[0.8468665088856635, 0.15021977848002765]",1,7
277,[0.70473519 0.21717465],9,3,"[0.730625269784981, 0.23771787879244177]",1,6
278,[0.13851586 0.49856883],7,4,"[0.10265585532169084, 0.5327782708733342]",3,2
279,[0.59795871 0.43605008],8,-1,-1,2,1
280,[0.92780187 0.72702227],6,-1,-1,0,0
281,[0.29504359 0.60096774],1,5,"[0.30827128450219565, 0.6153996633757841]",5,4
282,[0.75998008 0.17334321],9,-1,-1,1,-1
283,[0.7764738  0.17765001],9,-1,-1,1,-1
284,[0.8355643  0.68569004],6,-1,-1,0,0
285,[0.86562364 0.13116781],3,0,"[0.8468665088856635, 0.15021977848002765]",1,7
286,[0.8658024  0.11952057],4,0,"[0.8468665088856635, 0.15021977848002765]",1,7
287,[0.77210795 0.22304505],9,3,"[0.730625269784981, 0.23771787879244177]",1,6
288,[0.38643323 0.63723676],5,-1,-1,5,4
289,[0.83621898 0.76630202],6,1,"[0.8749561528873913, 0.7994699103611796]",0,0
290,[0.25620649 0.61303357],5,5,"[0.30827128450219565, 0.6153996633757841]",5,-1
291,[0.30435098 0.50038138],1,9,"[0.3408143000064772, 0.5475942170600938]",5,4
292,[0.35489631 0.51521062],5,9,"[0.3408143000064772, 0.5475942170600938]",5,4
293,[0.10034172 0.5412127 ],7,4,"[0.10265585532169084, 0.5327782708733342]",3,2
294,[0.88463769 0.84293996],6,1,"[0.8749561528873913, 0.7994699103611796]",0,0
295,[0.77742065 0.11126018],3,-1,-1,1,-1
296,[0.92598757 0.22039327],4,8,"[0.904352694028282, 0.2366431101620578]",1,8
297,[0.92297231 0.14849286],3,-1,-1,1,-1
298,[0.94906242 0.8213471 ],6,-1,-1,0,0
299,[0.93527417 0.21628187],4,8,"[0.904352694028282, 0.2366431101620578]",1,8
300,[0.72050422 0.26998539],9,3,"[0.730625269784981, 0.23771787879244177]",1,6
301,[0.16371199 0.52523347],7,4,"[0.10265585532169084, 0.5327782708733342]",3,2
302,[0.05928357 0.60150415],7,-1,-1,3,2
303,[0.53744992 0.5224793 ],8,7,"[0.5528273564438948, 0.5014465920428942]",2,1
304,[0.34724254 0.65774423],5,5,"[0.30827128450219565, 0.6153996633757841]",5,-1
305,[0.19282523 0.7239249 ],0,6,"[0.21136360227964263, 0.7094848716163278]",5,5
306,[0.16864146 0.49190325],7,-1,-1,3,2
307,[0.33645283 0.53502149],1,9,"[0.3408143000064772, 0.5475942170600938]",5,4
308,[0.25820374 0.68583874],0,6,"[0.21136360227964263, 0.7094848716163278]",5,5
309,[0.82103242 0.1931921 ],3,0,"[0.8468665088856635, 0.15021977848002765]",1,7
310,[0.8555317  0.26070189],4,8,"[0.904352694028282, 0.2366431101620578]",1,-1
311,[0.3876734  0.53800379],1,9,"[0.3408143000064772, 0.5475942170600938]",5,4
312,[0.89013595 0.76987624],6,1,"[0.8749561528873913, 0.7994699103611796]",0,0
313,[0.69996315 0.28150629],9,3,"[0.730625269784981, 0.23771787879244177]",1,-1
314,[0.90254164 0.13897856],3,0,"[0.8468665088856635, 0.15021977848002765]",1,-1
315,[0.1783382  0.53156689],7,-1,-1,-1,2
316,[0.12033265 0.51942003],7,4,"[0.10265585532169084, 0.5327782708733342]",3,2
317,[0.7931754  0.79869184],6,-1,-1,0,0
318,[0.63019503 0.49644358],8,-1,-1,2,1
319,[0.81264889 0.11297349],3,0,"[0.8468665088856635, 0.15021977848002765]",1,-1
320,[0.31920336 0.51560984],1,9,"[0.3408143000064772, 0.5475942170600938]",5,4
321,[0.83975802 0.79002718],6,1,"[0.8749561528873913, 0.7994699103611796]",0,0
322,[0.21756134 0.68826812],0,6,"[0.21136360227964263, 0.7094848716163278]",5,5
323,[0.81583879 0.84221658],6,-1,-1,0,0
324,[0.34749594 0.53646095],1,9,"[0.3408143000064772, 0.5475942170600938]",5,4
325,[0.69749254 0.18638911],9,3,"[0.730625269784981, 0.23771787879244177]",1,-1
326,[0.71377229 0.20795571],9,3,"[0.730625269784981, 0.23771787879244177]",1,6
327,[0.15408216 0.8221444 ],2,2,"[0.1181582050098336, 0.856499254648167]",4,3
328,[0.85629734 0.0852533 ],3,0,"[0.8468665088856635, 0.15021977848002765]",1,-1
329,[0.8610073  0.20969918],4,8,"[0.904352694028282, 0.2366431101620578]",1,-1
330,[0.37267499 0.59730371],5,9,"[0.3408143000064772, 0.5475942170600938]",5,4
331,[0.23871    0.71359974],0,6,"[0.21136360227964263, 0.7094848716163278]",5,5
332,[0.37311522 0.54913264],1,9,"[0.3408143000064772, 0.5475942170600938]",5,4
333,[0.23286894 0.68446486],0,6,"[0.21136360227964263, 0.7094848716163278]",5,5
334,[0.27354482 0.55980354],1,5,"[0.30827128450219565, 0.6153996633757841]",5,4
335,[0.11598913 0.81037034],2,2,"[0.1181582050098336, 0.856499254648167]",4,3
336,[0.09116328 0.58039391],7,4,"[0.10265585532169084, 0.5327782708733342]",3,2
337,[0.55154688 0.47831902],8,7,"[0.5528273564438948, 0.5014465920428942]",2,1
338,[0.86660032 0.74983218],6,1,"[0.8749561528873913, 0.7994699103611796]",0,0
339,[0.75278644 0.23163318],9,3,"[0.730625269784981, 0.23771787879244177]",1,6
340,[0.10632057 0.57850892],7,4,"[0.10265585532169084, 0.5327782708733342]",3,2
341,[0.58441635 0.53402193],8,7,"[0.5528273564438948, 0.5014465920428942]",2,1
342,[0.51034032 0.59042277],8,-1,-1,2,1
343,[0.89879857 0.18164615],3,8,"[0.904352694028282, 0.2366431101620578]",1,-1
344,[0.77598173 0.20020836],9,3,"[0.730625269784981, 0.23771787879244177]",1,-1
345,[0.11527452 0.54349378],7,4,"[0.10265585532169084, 0.5327782708733342]",3,2
346,[0.85275665 0.84574557],6,1,"[0.8749561528873913, 0.7994699103611796]",0,0
347,[0.76208267 0.27274395],9,3,"[0.730625269784981, 0.23771787879244177]",1,-1
348,[0.83668743 0.23660905],4,8,"[0.904352694028282, 0.2366431101620578]",1,-1
349,[0.52767759 0.55085341],8,7,"[0.5528273564438948, 0.5014465920428942]",2,1
350,[0.88075938 0.14102366],3,0,"[0.8468665088856635, 0.15021977848002765]",1,7
351,[0.81697792 0.27544746],4,-1,-1,1,-1
352,[0.20211581 0.68922774],0,6,"[0.21136360227964263, 0.7094848716163278]",5,5
353,[0.0793943  0.51047885],7,4,"[0.10265585532169084, 0.5327782708733342]",3,2
354,[0.1526289  0.87752293],2,2,"[0.1181582050098336, 0.856499254648167]",4,3
355,[0.89508401 0.24326642],4,8,"[0.904352694028282, 0.2366431101620578]",1,8
356,[0.10980025 0.93103146],2,-1,-1,4,-1
357,[0.72200419 0.34894356],9,-1,-1,1,-1
358,[0.19340346 0.8699633 ],2,-1,-1,4,-1
359,[0.87631926 0.78991302],6,1,"[0.8749561528873913, 0.7994699103611796]",0,0
360,[0.71337805 0.26732727],9,3,"[0.730625269784981, 0.23771787879244177]",1,6
361,[0.87249026 0.83081783],6,1,"[0.8749561528873913, 0.7994699103611796]",0,0
362,[0.56628511 0.47660069],8,7,"[0.5528273564438948, 0.5014465920428942]",2,1
363,[0.37704043 0.62166205],5,5,"[0.30827128450219565, 0.6153996633757841]",5,4
364,[0.80556191 0.14990013],3,0,"[0.8468665088856635, 0.15021977848002765]",1,7
365,[0.50691489 0.50906281],8,7,"[0.5528273564438948, 0.5014465920428942]",2,1
366,[0.88906497 0.22916789],4,8,"[0.904352694028282, 0.2366431101620578]",1,-1
367,[0.93520125 0.21001277],4,8,"[0.904352694028282, 0.2366431101620578]",1,8
368,[0.88606413 0.84110994],6,1,"[0.8749561528873913, 0.7994699103611796]",0,0
369,[0.17449973 0.87448635],2,2,"[0.1181582050098336, 0.856499254648167]",4,3
370,[0.09349534 0.8548012 ],2,2,"[0.1181582050098336, 0.856499254648167]",4,3
371,[0.4042051  0.56406047],1,9,"[0.3408143000064772, 0.5475942170600938]",5,-1
372,[0.54631616 0.51486568],8,7,"[0.5528273564438948, 0.5014465920428942]",2,1
373,[0.24023768 0.69651302],0,6,"[0.21136360227964263, 0.7094848716163278]",5,5
374,[0.92012724 0.82953763],6,1,"[0.8749561528873913, 0.7994699103611796]",0,0
375,[0.72205162 0.13257349],9,-1,-1,1,-1
376,[0.17119166 0.81738226],2,2,"[0.1181582050098336, 0.856499254648167]",4,3
377,[0.8697246  0.14765765],4,0,"[0.8468665088856635, 0.15021977848002765]",1,7
378,[0.12281233 0.90344652],2,2,"[0.1181582050098336, 0.856499254648167]",4,3
379,[0.16362385 0.50847842],7,4,"[0.10265585532169084, 0.5327782708733342]",3,2
380,[0.29755687 0.52385661],1,9,"[0.3408143000064772, 0.5475942170600938]",5,4
381,[0.83762928 0.20269958],4,0,"[0.8468665088856635, 0.15021977848002765]",1,7
382,[0.64428837 0.20005356],9,-1,-1,1,-1
383,[0.34741129 0.65135503],5,5,"[0.30827128450219565, 0.6153996633757841]",5,-1
384,[0.31662182 0.60911733],5,5,"[0.30827128450219565, 0.6153996633757841]",5,4
385,[0.0989723  0.54300249],7,4,"[0.10265585532169084, 0.5327782708733342]",3,2
386,[0.5694014 0.4467858],8,7,"[0.5528273564438948, 0.5014465920428942]",2,1
387,[0.13389591 0.81645665],2,2,"[0.1181582050098336, 0.856499254648167]",4,3
388,[0.17050423 0.86030342],2,2,"[0.1181582050098336, 0.856499254648167]",4,3
389,[0.87699572 0.20476037],4,8,"[0.904352694028282, 0.2366431101620578]",1,-1
390,[0.39686759 0.60483469],5,-1,-1,5,4
391,[0.18545145 0.74877281],0,6,"[0.21136360227964263, 0.7094848716163278]",5,5
392,[0.88248079 0.24054178],4,8,"[0.904352694028282, 0.2366431101620578]",1,8
393,[0.28650295 0.70727351],0,-1,-1,5,-1
394,[0.329043   0.59786879],5,5,"[0.30827128450219565, 0.6153996633757841]",5,4
395,[0.91468927 0.08298543],3,-1,-1,1,-1
396,[0.82803774 0.14263372],3,0,"[0.8468665088856635, 0.15021977848002765]",1,-1
397,[0.80343329 0.13444937],3,0,"[0.8468665088856635, 0.15021977848002765]",1,-1
398,[0.06270113 0.88042791],2,2,"[0.1181582050098336, 0.856499254648167]",4,3
399,[0.93294887 0.79542555],6,1,"[0.8749561528873913, 0.7994699103611796]",0,0
400,[0.69809705 0.25121931],9,3,"[0.730625269784981, 0.23771787879244177]",1,-1
401,[0.94582145 0.17458941],4,-1,-1,1,-1
402,[0.37082133 0.5679352 ],5,9,"[0.3408143000064772, 0.5475942170600938]",5,4
403,[0.08572753 0.56657371],7,4,"[0.10265585532169084, 0.5327782708733342]",3,2
404,[0.08672829 0.8288321 ],2,2,"[0.1181582050098336, 0.856499254648167]",4,3
405,[0.35884568 0.58113508],5,9,"[0.3408143000064772, 0.5475942170600938]",5,4
406,[0.1376669  0.81025524],2,2,"[0.1181582050098336, 0.856499254648167]",4,3
407,[0.16899756 0.54416523],7,4,"[0.10265585532169084, 0.5327782708733342]",3,2
408,[0.29000423 0.54840743],5,9,"[0.3408143000064772, 0.5475942170600938]",5,4
409,[0.7802363  0.29295284],9,-1,-1,1,-1
410,[0.88298718 0.09338763],3,0,"[0.8468665088856635, 0.15021977848002765]",1,-1
411,[0.58857755 0.52344863],8,7,"[0.5528273564438948, 0.5014465920428942]",2,1
412,[0.35650138 0.50785167],1,9,"[0.3408143000064772, 0.5475942170600938]",5,4
413,[0.70391668 0.30790716],9,-1,-1,1,-1
414,[0.86571058 0.74832371],6,1,"[0.8749561528873913, 0.7994699103611796]",0,0
415,[0.33300106 0.58801969],5,5,"[0.30827128450219565, 0.6153996633757841]",5,4
416,[0.58957324 0.5186446 ],8,7,"[0.5528273564438948, 0.5014465920428942]",2,1
417,[0.4760523  0.43581782],8,-1,-1,2,1
418,[0.35256246 0.64557343],5,5,"[0.30827128450219565, 0.6153996633757841]",5,4
419,[0.30008824 0.52346294],1,9,"[0.3408143000064772, 0.5475942170600938]",5,4
420,[0.07416169 0.56246842],7,4,"[0.10265585532169084, 0.5327782708733342]",3,2
421,[0.11941856 0.47830609],7,4,"[0.10265585532169084, 0.5327782708733342]",3,2
422,[0.08862625 0.55475354],7,4,"[0.10265585532169084, 0.5327782708733342]",3,2
423,[0.53619355 0.5308912 ],8,7,"[0.5528273564438948, 0.5014465920428942]",2,1
424,[0.90266203 0.1813273 ],4,8,"[0.904352694028282, 0.2366431101620578]",1,-1
425,[0.16667617 0.82356539],2,2,"[0.1181582050098336, 0.856499254648167]",4,3
426,[0.28748988 0.63698004],5,5,"[0.30827128450219565, 0.6153996633757841]",5,-1
427,[0.32563394 0.58246229],5,5,"[0.30827128450219565, 0.6153996633757841]",5,4
428,[0.12381383 0.86572294],2,2,"[0.1181582050098336, 0.856499254648167]",4,3
429,[0.11525361 0.5281144 ],7,4,"[0.10265585532169084, 0.5327782708733342]",3,2
430,[0.04245249 0.89656468],2,-1,-1,4,-1
431,[0.04555486 0.55859871],7,4,"[0.10265585532169084, 0.5327782708733342]",3,2
432,[0.88142609 0.11782395],4,0,"[0.8468665088856635, 0.15021977848002765]",1,7
433,[0.56550162 0.50642383],8,7,"[0.5528273564438948, 0.5014465920428942]",2,1
434,[0.10942803 0.82142808],2,2,"[0.1181582050098336, 0.856499254648167]",4,3
435,[0.77534309 0.10003533],3,-1,-1,1,-1
436,[0.54846806 0.50441742],8,7,"[0.5528273564438948, 0.5014465920428942]",2,1
437,[0.59946761 0.48318698],8,7,"[0.5528273564438948, 0.5014465920428942]",2,1
438,[0.34556505 0.59206855],5,5,"[0.30827128450219565, 0.6153996633757841]",5,4
439,[0.18470289 0.75568964],0,6,"[0.21136360227964263, 0.7094848716163278]",5,-1
440,[0.10892122 0.86612666],2,2,"[0.1181582050098336, 0.856499254648167]",4,3
441,[0.86945798 0.27526996],4,8,"[0.904352694028282, 0.2366431101620578]",1,-1
442,[0.07570312 0.5675378 ],7,4,"[0.10265585532169084, 0.5327782708733342]",3,2
443,[0.84509507 0.80407775],6,1,"[0.8749561528873913, 0.7994699103611796]",0,0
444,[0.7990748  0.13652563],3,0,"[0.8468665088856635, 0.15021977848002765]",1,-1
445,[0.73142021 0.21944401],9,3,"[0.730625269784981, 0.23771787879244177]",1,6
446,[0.08910421 0.59011835],7,4,"[0.10265585532169084, 0.5327782708733342]",3,2
447,[0.83240703 0.15859793],3,0,"[0.8468665088856635, 0.15021977848002765]",1,7
448,[0.29181109 0.55010165],5,9,"[0.3408143000064772, 0.5475942170600938]",5,4
449,[0.86619326 0.10486827],3,0,"[0.8468665088856635, 0.15021977848002765]",1,7
450,[0.29549547 0.55717979],1,9,"[0.3408143000064772, 0.5475942170600938]",5,4
451,[0.54847592 0.50523266],8,7,"[0.5528273564438948, 0.5014465920428942]",2,1
452,[0.30362251 0.59374004],5,5,"[0.30827128450219565, 0.6153996633757841]",5,4
453,[0.92297912 0.2194513 ],4,8,"[0.904352694028282, 0.2366431101620578]",1,8
454,[0.         0.54611186],7,-1,-1,-1,-1
455,[0.16041848 0.83485558],2,2,"[0.1181582050098336, 0.856499254648167]",4,3
456,[0.32692136 0.5964532 ],5,5,"[0.30827128450219565, 0.6153996633757841]",5,4
457,[0.29899134 0.57949432],1,5,"[0.30827128450219565, 0.6153996633757841]",5,4
458,[0.1078311  0.51525842],7,4,"[0.10265585532169084, 0.5327782708733342]",3,2
459,[0.08671    0.51689792],7,4,"[0.10265585532169084, 0.5327782708733342]",3,2
460,[0.15724972 0.57195477],7,4,"[0.10265585532169084, 0.5327782708733342]",-1,2
461,[0.84293204 0.15744521],4,0,"[0.8468665088856635, 0.15021977848002765]",1,7
462,[0.11411793 0.52268476],7,4,"[0.10265585532169084, 0.5327782708733342]",3,2
463,[0.22595207 0.56228886],7,-1,-1,-1,-1
464,[0.35817058 0.61856369],5,5,"[0.30827128450219565, 0.6153996633757841]",5,4
465,[0.28452287 0.54175823],5,9,"[0.3408143000064772, 0.5475942170600938]",5,4
466,[0.12025238 0.77569652],2,-1,-1,4,-1
467,[0.67768152 0.19455089],9,3,"[0.730625269784981, 0.23771787879244177]",1,-1
468,[0.68671834 0.31064374],9,-1,-1,1,-1
469,[0.11757111 0.48932856],7,4,"[0.10265585532169084, 0.5327782708733342]",3,2
470,[0.28623517 0.72536362],0,-1,-1,5,-1
471,[0.29721499 0.58897044],1,5,"[0.30827128450219565, 0.6153996633757841]",5,4
472,[0.81992088 0.1523376 ],3,0,"[0.8468665088856635, 0.15021977848002765]",1,7
473,[0.80964349 0.26011316],4,-1,-1,1,-1
474,[0.81329451 0.14180168],3,0,"[0.8468665088856635, 0.15021977848002765]",1,7
475,[0.52693617 0.51365658],8,7,"[0.5528273564438948, 0.5014465920428942]",2,1
476,[0.29321446 0.68818327],0,-1,-1,5,5
477,[0.33122838 0.59648759],1,5,"[0.30827128450219565, 0.6153996633757841]",5,4
478,[0.08066452 0.91109098],2,2,"[0.1181582050098336, 0.856499254648167]",4,3
479,[0.5591128  0.45445394],8,7,"[0.5528273564438948, 0.5014465920428942]",2,1
480,[0.84189578 0.16764786],4,0,"[0.8468665088856635, 0.15021977848002765]",1,7
481,[0.91083651 0.86044002],6,-1,-1,0,0
482,[0.36860933 0.63247807],5,5,"[0.30827128450219565, 0.6153996633757841]",5,4
483,[0.76621775 0.23900219],9,3,"[0.730625269784981, 0.23771787879244177]",1,6
484,[0.56792048 0.47848473],8,7,"[0.5528273564438948, 0.5014465920428942]",2,1
485,[0.32327389 0.55189701],1,9,"[0.3408143000064772, 0.5475942170600938]",5,4
486,[0.88413521 0.79069029],6,1,"[0.8749561528873913, 0.7994699103611796]",0,0
487,[0.60163215 0.52650325],8,7,"[0.5528273564438948, 0.5014465920428942]",2,1
488,[0.09674103 0.55035202],7,4,"[0.10265585532169084, 0.5327782708733342]",3,2
489,[0.74673723 0.27543348],9,3,"[0.730625269784981, 0.23771787879244177]",1,-1
490,[0.23206945 0.70900147],0,6,"[0.21136360227964263, 0.7094848716163278]",5,5
491,[0.4812326  0.49890495],8,-1,-1,2,1
492,[0.84538299 0.77285925],6,1,"[0.8749561528873913, 0.7994699103611796]",0,0
493,[0.27560262 0.73106891],0,6,"[0.21136360227964263, 0.7094848716163278]",5,5
494,[0.22626545 0.66761586],0,6,"[0.21136360227964263, 0.7094848716163278]",5,5
495,[0.36948162 0.647932  ],5,5,"[0.30827128450219565, 0.6153996633757841]",5,4
496,[0.29390968 0.77227879],0,-1,-1,-1,-1
497,[0.51801892 0.57439032],8,-1,-1,2,1
498,[0.11868051 0.52832725],7,4,"[0.10265585532169084, 0.5327782708733342]",3,2
499,[0.77209889 0.16992309],3,-1,-1,1,-1
500,[0.70169469 0.21454154],9,3,"[0.730625269784981, 0.23771787879244177]",1,6
501,[0.04667207 0.52554171],7,4,"[0.10265585532169084, 0.5327782708733342]",3,2
502,[0.21943972 0.74241412],0,6,"[0.21136360227964263, 0.7094848716163278]",5,5
503,[0.51162014 0.53194229],8,7,"[0.5528273564438948, 0.5014465920428942]",2,1
504,[0.90957104 0.2160279 ],3,8,"[0.904352694028282, 0.2366431101620578]",1,-1
505,[0.90348207 0.74517313],6,1,"[0.8749561528873913, 0.7994699103611796]",0,0
506,[0.55683551 0.47569091],8,7,"[0.5528273564438948, 0.5014465920428942]",2,1
507,[0.78536444 0.27520713],9,3,"[0.730625269784981, 0.23771787879244177]",1,-1
508,[0.57914813 0.51453216],8,7,"[0.5528273564438948, 0.5014465920428942]",2,1
509,[0.15767759 0.72914092],0,6,"[0.21136360227964263, 0.7094848716163278]",5,-1
510,[0.81984678 0.21484826],3,-1,-1,1,-1
511,[0.18429534 0.79905442],0,-1,-1,4,-1
512,[0.86118295 0.74844535],6,1,"[0.8749561528873913, 0.7994699103611796]",0,0
513,[0.49965642 0.5242626 ],8,7,"[0.5528273564438948, 0.5014465920428942]",2,1
514,[0.90633145 0.08619334],3,-1,-1,1,-1
515,[0.12661353 0.83738178],2,2,"[0.1181582050098336, 0.856499254648167]",4,3
516,[0.04047891 0.62179972],7,-1,-1,-1,-1
517,[0.10179765 0.88218069],2,2,"[0.1181582050098336, 0.856499254648167]",4,3
518,[0.83492547 0.74784995],6,1,"[0.8749561528873913, 0.7994699103611796]",0,0
519,[0.70276682 0.27944903],9,3,"[0.730625269784981, 0.23771787879244177]",1,-1
520,[0.25880834 0.71419054],0,6,"[0.21136360227964263, 0.7094848716163278]",5,5
521,[0.50468956 0.50814387],8,7,"[0.5528273564438948, 0.5014465920428942]",2,1
522,[0.27336259 0.51918124],1,-1,-1,5,4
523,[0.86368396 0.16722885],3,0,"[0.8468665088856635, 0.15021977848002765]",1,7
524,[0.29547151 0.667894  ],5,5,"[0.30827128450219565, 0.6153996633757841]",5,5
525,[0.37784449 0.61528165],5,5,"[0.30827128450219565, 0.6153996633757841]",5,4
526,[0.65535235 0.2510625 ],9,-1,-1,1,-1
527,[0.32723116 0.57449535],5,9,"[0.3408143000064772, 0.5475942170600938]",5,4
528,[0.36109434 0.5641971 ],1,9,"[0.3408143000064772, 0.5475942170600938]",5,4
529,[0.35127539 0.48960023],1,9,"[0.3408143000064772, 0.5475942170600938]",5,4
530,[0.54859667 0.52076129],8,7,"[0.5528273564438948, 0.5014465920428942]",2,1
531,[0.75730458 0.26839308],9,3,"[0.730625269784981, 0.23771787879244177]",1,6
532,[0.90257798 0.15716453],3,0,"[0.8468665088856635, 0.15021977848002765]",1,-1
533,[0.18616424 0.68018309],0,6,"[0.21136360227964263, 0.7094848716163278]",5,5
534,[0.29453107 0.61364268],5,5,"[0.30827128450219565, 0.6153996633757841]",5,4
535,[0.13179432 0.5113939 ],7,4,"[0.10265585532169084, 0.5327782708733342]",3,2
536,[0.81316256 0.15905981],3,0,"[0.8468665088856635, 0.15021977848002765]",1,-1
537,[0.59264065 0.58252194],8,-1,-1,2,1
538,[0.33460259 0.55613153],1,9,"[0.3408143000064772, 0.5475942170600938]",5,4
539,[0.89518298 0.81264299],6,1,"[0.8749561528873913, 0.7994699103611796]",0,0
540,[0.14037162 0.68571711],0,-1,-1,-1,-1
541,[0.16866925 0.75452289],0,6,"[0.21136360227964263, 0.7094848716163278]",5,-1
542,[0.07802776 0.81945895],2,2,"[0.1181582050098336, 0.856499254648167]",4,3
543,[0.70128056 0.27220945],9,3,"[0.730625269784981, 0.23771787879244177]",1,-1
544,[0.93283811 0.23297439],4,8,"[0.904352694028282, 0.2366431101620578]",1,8
545,[0.54005018 0.50248379],8,7,"[0.5528273564438948, 0.5014465920428942]",2,1
546,[0.29842102 0.65787215],5,5,"[0.30827128450219565, 0.6153996633757841]",5,5
547,[0.08443963 0.55771877],7,4,"[0.10265585532169084, 0.5327782708733342]",3,2
548,[0.34376952 0.5699273 ],5,9,"[0.3408143000064772, 0.5475942170600938]",5,4
549,[0.23797287 0.68289236],0,6,"[0.21136360227964263, 0.7094848716163278]",5,5
550,[0.65977346 0.25223589],9,-1,-1,1,-1
551,[0.53808714 0.45473225],8,7,"[0.5528273564438948, 0.5014465920428942]",2,1
552,[0.93252806 0.11807132],4,-1,-1,1,-1
553,[0.91172388 0.09081002],3,-1,-1,1,-1
554,[0.04831441 0.51984225],7,4,"[0.10265585532169084, 0.5327782708733342]",3,2
555,[0.60051435 0.58914761],8,-1,-1,2,1
556,[0.44793374 0.49907012],8,-1,-1,2,1
557,[0.23348887 0.70640402],0,6,"[0.21136360227964263, 0.7094848716163278]",5,5
558,[0.33448605 0.55311791],5,9,"[0.3408143000064772, 0.5475942170600938]",5,4
559,[0.08752131 0.79899592],2,2,"[0.1181582050098336, 0.856499254648167]",4,3
560,[0.17828449 0.6890498 ],0,6,"[0.21136360227964263, 0.7094848716163278]",5,-1
561,[0.50773929 0.45609711],8,7,"[0.5528273564438948, 0.5014465920428942]",2,1
562,[0.9127109  0.80115876],6,1,"[0.8749561528873913, 0.7994699103611796]",0,0
563,[0.77092048 0.16360558],3,-1,-1,1,-1
564,[0.73261762 0.25840843],9,3,"[0.730625269784981, 0.23771787879244177]",1,6
565,[0.91422563 0.78828277],6,1,"[0.8749561528873913, 0.7994699103611796]",0,0
566,[0.0936048  0.85990843],2,2,"[0.1181582050098336, 0.856499254648167]",4,3
567,[0.29109452 0.49355001],1,-1,-1,5,4
568,[0.57552971 0.47776621],8,7,"[0.5528273564438948, 0.5014465920428942]",2,1
569,[0.81491895 0.82644256],6,1,"[0.8749561528873913, 0.7994699103611796]",0,0
570,[0.94242036 0.18434836],4,8,"[0.904352694028282, 0.2366431101620578]",1,-1
571,[0.88230198 0.11112775],3,0,"[0.8468665088856635, 0.15021977848002765]",1,7
572,[0.25626498 0.51060455],1,-1,-1,5,-1
573,[0.07130188 0.89534375],2,2,"[0.1181582050098336, 0.856499254648167]",4,3
574,[0.60565951 0.53860021],8,7,"[0.5528273564438948, 0.5014465920428942]",2,1
575,[0.36039784 0.49503163],1,9,"[0.3408143000064772, 0.5475942170600938]",5,4
576,[0.33021787 0.49520947],1,9,"[0.3408143000064772, 0.5475942170600938]",5,4
577,[0.26386797 0.67804409],0,6,"[0.21136360227964263, 0.7094848716163278]",5,5
578,[0.86919154 0.20751141],3,8,"[0.904352694028282, 0.2366431101620578]",1,-1
579,[0.08062596 0.8772965 ],2,2,"[0.1181582050098336, 0.856499254648167]",4,3
580,[0.25423505 0.7214262 ],0,6,"[0.21136360227964263, 0.7094848716163278]",5,5
581,[0.19871429 0.51842965],7,-1,-1,-1,2
582,[0.22799095 0.74010198],0,6,"[0.21136360227964263, 0.7094848716163278]",5,5
583,[0.1661732  0.67208864],0,6,"[0.21136360227964263, 0.7094848716163278]",5,-1
584,[0.8760348  0.27009076],4,8,"[0.904352694028282, 0.2366431101620578]",1,-1
585,[0.89563704 0.24921983],4,8,"[0.904352694028282, 0.2366431101620578]",1,8
586,[0.3472281  0.53653257],1,9,"[0.3408143000064772, 0.5475942170600938]",5,4
587,[0.17171702 0.85192664],2,2,"[0.1181582050098336, 0.856499254648167]",4,3
588,[0.89676364 0.85785577],6,1,"[0.8749561528873913, 0.7994699103611796]",0,0
589,[0.3244307  0.47489744],1,-1,-1,5,-1
590,[0.82739143 0.07977492],3,-1,-1,1,-1
591,[0.10149674 0.54355404],7,4,"[0.10265585532169084, 0.5327782708733342]",3,2
592,[0.7379901  0.22853912],9,3,"[0.730625269784981, 0.23771787879244177]",1,6
593,[0.32395015 0.49674888],1,9,"[0.3408143000064772, 0.5475942170600938]",5,4
594,[0.51132285 0.42276095],8,-1,-1,2,1
595,[0.93005994 0.23372105],4,8,"[0.904352694028282, 0.2366431101620578]",1,8
596,[0.55589996 0.51698525],8,7,"[0.5528273564438948, 0.5014465920428942]",2,1
597,[0.81998371 0.04044961],3,-1,-1,1,-1
598,[0.89328727 0.15555192],4,0,"[0.8468665088856635, 0.15021977848002765]",1,-1
599,[0.13818629 0.45819681],7,-1,-1,3,2
600,[0.06967106 0.53697374],7,4,"[0.10265585532169084, 0.5327782708733342]",3,2
601,[0.21016985 0.69604028],0,6,"[0.21136360227964263, 0.7094848716163278]",5,5
602,[0.969464   0.21789584],4,8,"[0.904352694028282, 0.2366431101620578]",1,-1
603,[0.64558644 0.2616678 ],9,-1,-1,1,-1
604,[0.72945695 0.18128285],3,3,"[0.730625269784981, 0.23771787879244177]",1,-1
605,[0.34429405 0.56304246],5,9,"[0.3408143000064772, 0.5475942170600938]",5,4
606,[0.83614433 0.08611858],3,0,"[0.8468665088856635, 0.15021977848002765]",1,-1
607,[0.33341117 0.62626547],5,5,"[0.30827128450219565, 0.6153996633757841]",5,4
608,[0.33335016 0.57856664],1,9,"[0.3408143000064772, 0.5475942170600938]",5,4
609,[0.25224317 0.68690968],0,6,"[0.21136360227964263, 0.7094848716163278]",5,5
610,[0.93133126 0.16730199],4,-1,-1,1,-1
611,[0.16096161 0.89007454],2,2,"[0.1181582050098336, 0.856499254648167]",4,3
612,[0.07320317 0.8917573 ],2,2,"[0.1181582050098336, 0.856499254648167]",4,3
613,[0.24795511 0.66017713],5,6,"[0.21136360227964263, 0.7094848716163278]",5,-1
614,[0.5502958  0.43352515],8,7,"[0.5528273564438948, 0.5014465920428942]",2,1
615,[0.14175542 0.8673704 ],2,2,"[0.1181582050098336, 0.856499254648167]",4,3
616,[0.5791307  0.44274203],8,7,"[0.5528273564438948, 0.5014465920428942]",2,1
617,[0.28777581 0.56349489],1,9,"[0.3408143000064772, 0.5475942170600938]",5,4
618,[0.34463915 0.55158906],1,9,"[0.3408143000064772, 0.5475942170600938]",5,4
619,[0.83250551 0.78624934],6,1,"[0.8749561528873913, 0.7994699103611796]",0,0
620,[0.09134724 0.49876571],7,4,"[0.10265585532169084, 0.5327782708733342]",3,2
621,[0.29833815 0.60373484],1,5,"[0.30827128450219565, 0.6153996633757841]",5,4
622,[0.77309067 0.20254606],9,3,"[0.730625269784981, 0.23771787879244177]",1,-1
623,[0.48665814 0.50691449],8,7,"[0.5528273564438948, 0.5014465920428942]",2,1
624,[0.29136326 0.55327768],1,9,"[0.3408143000064772, 0.5475942170600938]",5,4
625,[0.75977151 0.20497099],9,3,"[0.730625269784981, 0.23771787879244177]",1,-1
626,[0.332487   0.52614647],1,9,"[0.3408143000064772, 0.5475942170600938]",5,4
627,[0.78820627 0.2473975 ],4,3,"[0.730625269784981, 0.23771787879244177]",1,6
628,[0.3716011  0.57736565],5,9,"[0.3408143000064772, 0.5475942170600938]",5,4
629,[0.52914075 0.55104399],8,7,"[0.5528273564438948, 0.5014465920428942]",2,1
630,[0.14997211 0.86081098],2,2,"[0.1181582050098336, 0.856499254648167]",4,3
631,[0.76604992 0.23722456],9,3,"[0.730625269784981, 0.23771787879244177]",1,6
632,[0.20794676 0.70794191],0,6,"[0.21136360227964263, 0.7094848716163278]",5,5
633,[0.10558551 0.52436468],7,4,"[0.10265585532169084, 0.5327782708733342]",3,2
634,[0.92907912 0.09413433],3,-1,-1,1,-1
635,[0.72938632 0.1706841 ],9,3,"[0.730625269784981, 0.23771787879244177]",1,-1
636,[0.84152547 0.21413552],4,0,"[0.8468665088856635, 0.15021977848002765]",1,7
637,[0.86403341 0.79146532],6,1,"[0.8749561528873913, 0.7994699103611796]",0,0
638,[0.21227748 0.7269049 ],0,6,"[0.21136360227964263, 0.7094848716163278]",5,5
639,[0.29762299 0.54381344],1,9,"[0.3408143000064772, 0.5475942170600938]",5,4
640,[0.68545033 0.2291608 ],9,3,"[0.730625269784981, 0.23771787879244177]",1,6
641,[0.50797106 0.54288363],8,7,"[0.5528273564438948, 0.5014465920428942]",2,1
642,[0.25713514 0.51450348],1,-1,-1,5,-1
643,[0.8442184  0.76758629],6,1,"[0.8749561528873913, 0.7994699103611796]",0,0
644,[0.5371278  0.44563612],8,7,"[0.5528273564438948, 0.5014465920428942]",2,1
645,[0.2364534  0.78161119],0,-1,-1,-1,-1
646,[0.84573086 0.82018315],6,1,"[0.8749561528873913, 0.7994699103611796]",0,0
647,[0.81259276 0.18678852],9,0,"[0.8468665088856635, 0.15021977848002765]",1,-1
648,[0.23296085 0.70218287],0,6,"[0.21136360227964263, 0.7094848716163278]",5,5
649,[0.92431859 0.27963973],4,8,"[0.904352694028282, 0.2366431101620578]",1,-1
650,[0.16888775 0.82308529],2,2,"[0.1181582050098336, 0.856499254648167]",4,3
651,[0.31448044 0.54836711],1,9,"[0.3408143000064772, 0.5475942170600938]",5,4
652,[0.15634955 0.47928888],7,-1,-1,3,2
653,[0.13211091 0.91742371],2,2,"[0.1181582050098336, 0.856499254648167]",4,3
654,[0.70514055 0.24690503],9,3,"[0.730625269784981, 0.23771787879244177]",1,-1
655,[0.35006441 0.52633191],1,9,"[0.3408143000064772, 0.5475942170600938]",5,4
656,[0.84124447 0.77036468],6,1,"[0.8749561528873913, 0.7994699103611796]",0,0
657,[0.94433012 0.01644348],3,-1,-1,1,-1
658,[0.69222279 0.21371515],9,3,"[0.730625269784981, 0.23771787879244177]",1,6
659,[0.12168773 0.89434367],2,2,"[0.1181582050098336, 0.856499254648167]",4,3
660,[0.82531843 0.18887002],3,0,"[0.8468665088856635, 0.15021977848002765]",1,-1
661,[0.93305    0.22340511],4,8,"[0.904352694028282, 0.2366431101620578]",1,8
662,[0.89086185 0.18891948],4,8,"[0.904352694028282, 0.2366431101620578]",1,7
663,[0.12981464 0.52191975],7,4,"[0.10265585532169084, 0.5327782708733342]",3,2
664,[0.10987017 0.85516191],2,2,"[0.1181582050098336, 0.856499254648167]",4,3
665,[0.56191687 0.64051942],8,-1,-1,-1,1
666,[0.56379791 0.47949413],8,7,"[0.5528273564438948, 0.5014465920428942]",2,1
667,[0.78789291 0.22155467],3,3,"[0.730625269784981, 0.23771787879244177]",1,-1
668,[0.08511638 0.8631403 ],2,2,"[0.1181582050098336, 0.856499254648167]",4,3
669,[0.72016387 0.20408265],9,3,"[0.730625269784981, 0.23771787879244177]",1,6
670,[0.83798318 0.78190268],6,1,"[0.8749561528873913, 0.7994699103611796]",0,0
671,[0.95221466 0.76042189],6,-1,-1,0,0
672,[0.5085373 0.5022037],8,7,"[0.5528273564438948, 0.5014465920428942]",2,1
673,[0.81638258 0.18791777],4,0,"[0.8468665088856635, 0.15021977848002765]",1,-1
674,[0.93316117 0.19586354],4,8,"[0.904352694028282, 0.2366431101620578]",1,-1
675,[0.24432222 0.61018392],0,5,"[0.30827128450219565, 0.6153996633757841]",5,-1
676,[0.88234337 0.31193081],4,-1,-1,1,-1
677,[0.74705015 0.24548903],9,3,"[0.730625269784981, 0.23771787879244177]",1,6
678,[0.53917969 0.53708913],8,7,"[0.5528273564438948, 0.5014465920428942]",2,1
679,[0.88701315 0.08575798],3,-1,-1,1,-1
680,[0.36682349 0.55059508],1,9,"[0.3408143000064772, 0.5475942170600938]",5,4
681,[0.90654214 0.21025791],4,8,"[0.904352694028282, 0.2366431101620578]",1,-1
682,[0.90984396 0.2411795 ],4,8,"[0.904352694028282, 0.2366431101620578]",1,8
683,[0.22323556 0.72286471],0,6,"[0.21136360227964263, 0.7094848716163278]",5,5
684,[0.18193842 0.6966285 ],0,6,"[0.21136360227964263, 0.7094848716163278]",5,-1
685,[0.92547307 0.88120917],6,-1,-1,0,0
686,[0.10819063 0.84432237],2,2,"[0.1181582050098336, 0.856499254648167]",4,3
687,[0.93694969 0.21406825],4,8,"[0.904352694028282, 0.2366431101620578]",1,8
688,[0.80683524 0.17985316],3,0,"[0.8468665088856635, 0.15021977848002765]",1,-1
689,[0.36027031 0.6053764 ],5,5,"[0.30827128450219565, 0.6153996633757841]",5,4
690,[0.17872278 0.65998058],0,6,"[0.21136360227964263, 0.7094848716163278]",5,-1
691,[0.16148683 0.82208832],2,2,"[0.1181582050098336, 0.856499254648167]",4,3
692,[0.09048221 0.8679943 ],2,2,"[0.1181582050098336, 0.856499254648167]",4,3
693,[0.8718808  0.24468531],4,8,"[0.904352694028282, 0.2366431101620578]",1,8
694,[0.76376971 0.17873365],9,3,"[0.730625269784981, 0.23771787879244177]",1,-1
695,[0.84296607 0.25777303],4,8,"[0.904352694028282, 0.2366431101620578]",1,-1
696,[0.93452292 0.18531076],3,8,"[0.904352694028282, 0.2366431101620578]",1,-1
697,[0.82476376 0.08886724],3,0,"[0.8468665088856635, 0.15021977848002765]",1,-1
698,[0.59053231 0.58583418],8,-1,-1,2,1
699,[0.54494114 0.53926665],8,7,"[0.5528273564438948, 0.5014465920428942]",2,1
700,[0.27013783 0.72696323],0,6,"[0.21136360227964263, 0.7094848716163278]",5,5
701,[0.10699901 0.51946196],7,4,"[0.10265585532169084, 0.5327782708733342]",3,2
702,[0.16138846 0.62919172],7,-1,-1,5,-1
703,[0.31782266 0.55979884],1,9,"[0.3408143000064772, 0.5475942170600938]",5,4
704,[0.35009983 0.58674331],5,9,"[0.3408143000064772, 0.5475942170600938]",5,4
705,[0.23137382 0.47863832],1,-1,-1,-1,-1
706,[0.88095509 0.18633458],3,0,"[0.8468665088856635, 0.15021977848002765]",1,-1
707,[0.09247981 0.53167841],7,4,"[0.10265585532169084, 0.5327782708733342]",3,2
708,[0.8682904  0.74164508],6,1,"[0.8749561528873913, 0.7994699103611796]",0,0
709,[0.01184952 0.88987573],2,-1,-1,-1,-1
710,[0.18916582 0.76193372],0,6,"[0.21136360227964263, 0.7094848716163278]",5,-1
711,[0.0629139  0.50699436],7,4,"[0.10265585532169084, 0.5327782708733342]",3,2
712,[0.1302338 0.8539437],2,2,"[0.1181582050098336, 0.856499254648167]",4,3
713,[0.86332741 0.26143752],4,8,"[0.904352694028282, 0.2366431101620578]",1,8
714,[0.30001768 0.51452301],1,9,"[0.3408143000064772, 0.5475942170600938]",5,4
715,[0.77760969 0.25974173],9,3,"[0.730625269784981, 0.23771787879244177]",1,6
716,[0.83933259 0.25984892],4,8,"[0.904352694028282, 0.2366431101620578]",1,-1
717,[0.20135    0.74687057],0,6,"[0.21136360227964263, 0.7094848716163278]",5,5
718,[0.84563457 0.17223423],3,0,"[0.8468665088856635, 0.15021977848002765]",1,7
719,[0.7237014  0.21374897],9,3,"[0.730625269784981, 0.23771787879244177]",1,6
720,[0.16239985 0.63890673],0,-1,-1,5,-1
721,[0.84768997 0.80920703],6,1,"[0.8749561528873913, 0.7994699103611796]",0,0
722,[0.5359969  0.49089608],8,7,"[0.5528273564438948, 0.5014465920428942]",2,1
723,[0.30006933 0.51744262],5,9,"[0.3408143000064772, 0.5475942170600938]",5,4
724,[0.13100854 0.87245708],2,2,"[0.1181582050098336, 0.856499254648167]",4,3
725,[0.21155192 0.65019243],0,6,"[0.21136360227964263, 0.7094848716163278]",5,-1
726,[0.0626477  0.55078366],7,4,"[0.10265585532169084, 0.5327782708733342]",3,2
727,[0.3568895  0.60519469],5,5,"[0.30827128450219565, 0.6153996633757841]",5,4
728,[0.20712412 0.82163325],2,-1,-1,4,-1
729,[0.84379631 0.81683184],6,1,"[0.8749561528873913, 0.7994699103611796]",0,0
730,[0.84031173 0.13756797],3,0,"[0.8468665088856635, 0.15021977848002765]",1,7
731,[0.33961105 0.65071631],5,5,"[0.30827128450219565, 0.6153996633757841]",5,-1
732,[0.72751412 0.21594241],9,3,"[0.730625269784981, 0.23771787879244177]",1,6
733,[0.38891251 0.5453242 ],5,9,"[0.3408143000064772, 0.5475942170600938]",5,4
734,[0.12436171 0.451074  ],7,-1,-1,-1,2
735,[0.41496504 0.60641248],5,-1,-1,-1,-1
736,[0.34960562 0.59745194],5,5,"[0.30827128450219565, 0.6153996633757841]",5,4
737,[0.12206558 0.52180893],7,4,"[0.10265585532169084, 0.5327782708733342]",3,2
738,[0.06023744 0.58144309],7,4,"[0.10265585532169084, 0.5327782708733342]",3,2
739,[0.85581867 0.14515047],3,0,"[0.8468665088856635, 0.15021977848002765]",1,7
740,[0.79459145 0.14704071],3,0,"[0.8468665088856635, 0.15021977848002765]",1,-1
741,[0.12462689 0.88741242],2,2,"[0.1181582050098336, 0.856499254648167]",4,3
742,[0.86029015 0.19843163],4,0,"[0.8468665088856635, 0.15021977848002765]",1,-1
743,[0.17488195 0.75191843],0,6,"[0.21136360227964263, 0.7094848716163278]",5,-1
744,[0.84465188 0.30828812],4,-1,-1,1,-1
745,[0.8826177  0.23669226],4,8,"[0.904352694028282, 0.2366431101620578]",1,8
746,[0.37077844 0.61904774],5,5,"[0.30827128450219565, 0.6153996633757841]",5,4
747,[0.72613528 0.26145959],9,3,"[0.730625269784981, 0.23771787879244177]",1,6
748,[0.19314867 0.84479633],2,-1,-1,4,3
749,[0.20664117 0.72736329],0,6,"[0.21136360227964263, 0.7094848716163278]",5,5
750,[0.1136749  0.82153396],2,2,"[0.1181582050098336, 0.856499254648167]",4,3
751,[0.34936451 0.58855837],1,9,"[0.3408143000064772, 0.5475942170600938]",5,4
752,[0.08037992 0.70667504],2,-1,-1,-1,-1
753,[0.75231266 0.26349369],9,3,"[0.730625269784981, 0.23771787879244177]",1,6
754,[0.08679582 0.55861921],7,4,"[0.10265585532169084, 0.5327782708733342]",3,2
755,[0.16742734 0.85125433],2,2,"[0.1181582050098336, 0.856499254648167]",4,3
756,[0.33279846 0.62202174],5,5,"[0.30827128450219565, 0.6153996633757841]",5,4
757,[0.0683164  0.83513255],2,2,"[0.1181582050098336, 0.856499254648167]",4,3
758,[0.90494557 0.07903814],3,-1,-1,1,-1
759,[0.19010369 0.71433906],0,6,"[0.21136360227964263, 0.7094848716163278]",5,5
760,[0.20415418 0.72670433],0,6,"[0.21136360227964263, 0.7094848716163278]",5,5
761,[0.67318758 0.21524166],9,3,"[0.730625269784981, 0.23771787879244177]",1,-1
762,[0.90412445 0.25787887],4,8,"[0.904352694028282, 0.2366431101620578]",1,8
763,[0.74710401 0.21745006],9,3,"[0.730625269784981, 0.23771787879244177]",1,6
764,[0.91586228 0.7601834 ],6,1,"[0.8749561528873913, 0.7994699103611796]",0,0
765,[0.29179181 0.7794432 ],0,-1,-1,-1,-1
766,[0.19516014 0.72647275],0,6,"[0.21136360227964263, 0.7094848716163278]",5,5
767,[0.94071701 0.27030786],4,8,"[0.904352694028282, 0.2366431101620578]",1,-1
768,[0.86941107 0.85623536],6,1,"[0.8749561528873913, 0.7994699103611796]",0,0
769,[0.85255177 0.83514989],6,1,"[0.8749561528873913, 0.7994699103611796]",0,0
770,[0.88000923 0.17744049],3,0,"[0.8468665088856635, 0.15021977848002765]",1,7
771,[0.31255174 0.67172325],5,5,"[0.30827128450219565, 0.6153996633757841]",5,-1
772,[0.88548832 0.81013812],6,1,"[0.8749561528873913, 0.7994699103611796]",0,0
773,[0.86370944 0.78173018],6,1,"[0.8749561528873913, 0.7994699103611796]",0,0
774,[0.06149121 0.7767878 ],2,-1,-1,-1,-1
775,[0.81048336 0.13815438],3,0,"[0.8468665088856635, 0.15021977848002765]",1,-1
776,[0.88872696 0.78605458],6,1,"[0.8749561528873913, 0.7994699103611796]",0,0
777,[1.         0.80625951],6,-1,-1,0,0
778,[0.75103232 0.25135758],9,3,"[0.730625269784981, 0.23771787879244177]",1,6
779,[0.08316876 0.51759544],7,4,"[0.10265585532169084, 0.5327782708733342]",3,2
780,[0.31042813 0.49387638],1,9,"[0.3408143000064772, 0.5475942170600938]",5,4
781,[0.36835992 0.5246993 ],1,9,"[0.3408143000064772, 0.5475942170600938]",5,4
782,[0.91144003 0.27082286],4,8,"[0.904352694028282, 0.2366431101620578]",1,-1
783,[0.85171531 0.13424171],3,0,"[0.8468665088856635, 0.15021977848002765]",1,7
784,[0.17308938 0.66453511],0,6,"[0.21136360227964263, 0.7094848716163278]",5,5
785,[0.72265148 0.1725788 ],9,3,"[0.730625269784981, 0.23771787879244177]",1,-1
786,[0.11870011 0.89437971],2,2,"[0.1181582050098336, 0.856499254648167]",4,3
787,[0.29959004 0.6012821 ],5,5,"[0.30827128450219565, 0.6153996633757841]",5,4
788,[0.95379411 0.84496016],6,-1,-1,0,0
789,[0.53791176 0.39882704],8,-1,-1,2,1
790,[0.35930202 0.5395625 ],1,9,"[0.3408143000064772, 0.5475942170600938]",5,4
791,[0.88988252 0.25661688],4,8,"[0.904352694028282, 0.2366431101620578]",1,-1
792,[0.85635946 0.26250526],4,8,"[0.904352694028282, 0.2366431101620578]",1,-1
793,[0.10393422 0.5299296 ],7,4,"[0.10265585532169084, 0.5327782708733342]",3,2
794,[0.0663605  0.58800089],7,4,"[0.10265585532169084, 0.5327782708733342]",3,2
795,[0.88828953 0.76799172],6,1,"[0.8749561528873913, 0.7994699103611796]",0,0
796,[0.56413389 0.48868086],8,7,"[0.5528273564438948, 0.5014465920428942]",2,1
797,[0.90046065 0.19962306],4,8,"[0.904352694028282, 0.2366431101620578]",1,-1
798,[0.81738294 0.08401611],3,-1,-1,1,-1
799,[0.08510558 0.59996902],7,4,"[0.10265585532169084, 0.5327782708733342]",3,2
800,[0.6034878 0.518582 ],8,7,"[0.5528273564438948, 0.5014465920428942]",2,1
801,[0.80029347 0.21209319],3,-1,-1,1,-1
802,[0.34949899 0.48887666],1,9,"[0.3408143000064772, 0.5475942170600938]",5,4
803,[0.87059974 0.8126865 ],6,1,"[0.8749561528873913, 0.7994699103611796]",0,0
804,[0.18205776 0.74085464],0,6,"[0.21136360227964263, 0.7094848716163278]",5,5
805,[0.23971465 0.69792982],0,6,"[0.21136360227964263, 0.7094848716163278]",5,5
806,[0.70716909 0.2094809 ],9,3,"[0.730625269784981, 0.23771787879244177]",1,6
807,[0.91367063 0.23990352],4,8,"[0.904352694028282, 0.2366431101620578]",1,8
808,[0.64809367 0.47560089],8,-1,-1,2,1
809,[0.11878977 0.53742945],7,4,"[0.10265585532169084, 0.5327782708733342]",3,2
810,[0.94277564 0.20521947],4,8,"[0.904352694028282, 0.2366431101620578]",1,-1
811,[0.09151532 0.55012039],7,4,"[0.10265585532169084, 0.5327782708733342]",3,2
812,[0.70772418 0.23447531],9,3,"[0.730625269784981, 0.23771787879244177]",1,6
813,[0.19498131 0.83218115],2,-1,-1,4,3
814,[0.10225232 0.7342471 ],0,-1,-1,-1,-1
815,[0.93878288 0.25053065],4,8,"[0.904352694028282, 0.2366431101620578]",1,-1
816,[0.31296829 0.56251686],5,9,"[0.3408143000064772, 0.5475942170600938]",5,4
817,[0.87855765 0.12472237],4,0,"[0.8468665088856635, 0.15021977848002765]",1,7
818,[0.07706012 0.56989281],7,4,"[0.10265585532169084, 0.5327782708733342]",3,2
819,[0.71292449 0.24695   ],9,3,"[0.730625269784981, 0.23771787879244177]",1,6
820,[0.2079494  0.68752818],0,6,"[0.21136360227964263, 0.7094848716163278]",5,5
821,[0.9512411  0.80134711],6,-1,-1,0,0
822,[0.93148846 0.1492353 ],4,-1,-1,1,-1
823,[0.21659972 0.499502  ],7,-1,-1,-1,-1
824,[0.10483047 0.48568741],7,4,"[0.10265585532169084, 0.5327782708733342]",3,2
825,[0.20973095 0.71067722],0,6,"[0.21136360227964263, 0.7094848716163278]",5,5
826,[0.30729261 0.57691136],1,5,"[0.30827128450219565, 0.6153996633757841]",5,4
827,[0.1181562  0.80603263],2,2,"[0.1181582050098336, 0.856499254648167]",4,3
828,[0.55456448 0.46008273],8,7,"[0.5528273564438948, 0.5014465920428942]",2,1
829,[0.51252151 0.47608327],8,7,"[0.5528273564438948, 0.5014465920428942]",2,1
830,[0.13924008 0.51429848],7,4,"[0.10265585532169084, 0.5327782708733342]",3,2
831,[0.21248087 0.7040228 ],0,6,"[0.21136360227964263, 0.7094848716163278]",5,5
832,[0.12891153 0.51129753],7,4,"[0.10265585532169084, 0.5327782708733342]",3,2
833,[0.528318   0.44996251],8,7,"[0.5528273564438948, 0.5014465920428942]",2,1
834,[0.7099906  0.22109365],9,3,"[0.730625269784981, 0.23771787879244177]",1,6
835,[0.3249742  0.59704117],5,5,"[0.30827128450219565, 0.6153996633757841]",5,4
836,[0.84237154 0.80398991],6,1,"[0.8749561528873913, 0.7994699103611796]",0,0
837,[0.26282713 0.71111609],0,6,"[0.21136360227964263, 0.7094848716163278]",5,5
838,[0.74276279 0.23699981],9,3,"[0.730625269784981, 0.23771787879244177]",1,6
839,[0.85303439 0.24789363],4,8,"[0.904352694028282, 0.2366431101620578]",1,8
840,[0.07532428 0.87207581],2,2,"[0.1181582050098336, 0.856499254648167]",4,3
841,[0.30144332 0.50340687],1,9,"[0.3408143000064772, 0.5475942170600938]",5,4
842,[0.7738638  0.18565517],9,3,"[0.730625269784981, 0.23771787879244177]",1,-1
843,[0.92024893 0.25271337],4,8,"[0.904352694028282, 0.2366431101620578]",1,-1
844,[0.77841421 0.16267455],3,0,"[0.8468665088856635, 0.15021977848002765]",1,-1
845,[0.0457243 0.8716885],2,-1,-1,4,-1
846,[0.25771099 0.73392688],0,6,"[0.21136360227964263, 0.7094848716163278]",5,5
847,[0.3298563  0.51292264],1,9,"[0.3408143000064772, 0.5475942170600938]",5,4
848,[0.88414841 0.14744213],4,0,"[0.8468665088856635, 0.15021977848002765]",1,7
849,[0.28852443 0.4734737 ],1,-1,-1,5,-1
850,[0.34051703 0.65125643],1,5,"[0.30827128450219565, 0.6153996633757841]",5,-1
851,[0.74768281 0.24007489],9,3,"[0.730625269784981, 0.23771787879244177]",1,6
852,[0.31446631 0.56407819],1,9,"[0.3408143000064772, 0.5475942170600938]",5,4
853,[0.33282809 0.59845882],5,5,"[0.30827128450219565, 0.6153996633757841]",5,4
854,[0.8497878  0.23384513],4,8,"[0.904352694028282, 0.2366431101620578]",1,7
855,[0.88275615 0.12194422],3,0,"[0.8468665088856635, 0.15021977848002765]",1,7
856,[0.31347181 0.6119968 ],1,5,"[0.30827128450219565, 0.6153996633757841]",5,4
857,[0.34386776 0.60677005],5,5,"[0.30827128450219565, 0.6153996633757841]",5,4
858,[0.9678348  0.28865383],4,-1,-1,1,-1
859,[0.29583835 0.77473208],0,-1,-1,-1,-1
860,[0.05891254 0.88697873],2,2,"[0.1181582050098336, 0.856499254648167]",4,3
861,[0.51699549 0.52767341],8,7,"[0.5528273564438948, 0.5014465920428942]",2,1
862,[0.32422507 0.50859691],1,9,"[0.3408143000064772, 0.5475942170600938]",5,4
863,[0.87233042 0.7751588 ],6,1,"[0.8749561528873913, 0.7994699103611796]",0,0
864,[0.57967915 0.54986972],8,7,"[0.5528273564438948, 0.5014465920428942]",2,1
865,[0.37809695 0.65193124],5,-1,-1,5,-1
866,[0.87822369 0.12239995],3,0,"[0.8468665088856635, 0.15021977848002765]",1,7
867,[0.83498131 0.21960416],4,-1,-1,1,7
868,[0.8439813  0.07322245],3,-1,-1,1,-1
869,[0.09537701 0.84605991],2,2,"[0.1181582050098336, 0.856499254648167]",4,3
870,[0.50861385 0.4961121 ],8,7,"[0.5528273564438948, 0.5014465920428942]",2,1
871,[0.3306926  0.61799565],5,5,"[0.30827128450219565, 0.6153996633757841]",5,4
872,[0.9973141  0.21472041],4,-1,-1,1,-1
873,[0.40036258 0.53864754],5,9,"[0.3408143000064772, 0.5475942170600938]",5,-1
874,[0.05372078 0.55598881],7,4,"[0.10265585532169084, 0.5327782708733342]",3,2
875,[0.29058721 0.50652834],1,9,"[0.3408143000064772, 0.5475942170600938]",5,4
876,[0.83868344 0.14203039],3,0,"[0.8468665088856635, 0.15021977848002765]",1,7
877,[0.03239524 0.80856999],2,-1,-1,-1,-1
878,[0.30639299 0.60672237],5,5,"[0.30827128450219565, 0.6153996633757841]",5,4
879,[0.61192699 0.48855912],8,7,"[0.5528273564438948, 0.5014465920428942]",2,1
880,[0.85605281 0.12227653],3,0,"[0.8468665088856635, 0.15021977848002765]",1,7
881,[0.26719922 0.65293079],0,5,"[0.30827128450219565, 0.6153996633757841]",5,5
882,[0.93234584 0.22427817],4,8,"[0.904352694028282, 0.2366431101620578]",1,8
883,[0.10332931 0.7945221 ],2,2,"[0.1181582050098336, 0.856499254648167]",4,3
884,[0.66609988 0.2606065 ],9,3,"[0.730625269784981, 0.23771787879244177]",1,-1
885,[0.10934306 0.49933894],7,4,"[0.10265585532169084, 0.5327782708733342]",3,2
886,[0.29114732 0.58231807],5,5,"[0.30827128450219565, 0.6153996633757841]",5,4
887,[0.34821038 0.50582014],1,9,"[0.3408143000064772, 0.5475942170600938]",5,4
888,[0.34901354 0.52149356],1,9,"[0.3408143000064772, 0.5475942170600938]",5,4
889,[0.46454538 0.58712526],5,-1,-1,2,1
890,[0.92747728 0.75962583],6,1,"[0.8749561528873913, 0.7994699103611796]",0,0
891,[0.2874672  0.76284675],0,-1,-1,5,-1
892,[0.35341938 0.53404137],1,9,"[0.3408143000064772, 0.5475942170600938]",5,4
893,[0.14975813 0.84952583],2,2,"[0.1181582050098336, 0.856499254648167]",4,3
894,[0.07563269 0.54072643],7,4,"[0.10265585532169084, 0.5327782708733342]",3,2
895,[0.89549648 0.18413838],3,8,"[0.904352694028282, 0.2366431101620578]",1,7
896,[0.85136378 0.79390414],6,1,"[0.8749561528873913, 0.7994699103611796]",0,0
897,[0.08910657 0.4931734 ],7,4,"[0.10265585532169084, 0.5327782708733342]",3,2
898,[0.24095643 0.74789121],0,6,"[0.21136360227964263, 0.7094848716163278]",5,-1
899,[0.18494144 0.72354259],0,6,"[0.21136360227964263, 0.7094848716163278]",5,5
900,[0.86363813 0.14218426],3,0,"[0.8468665088856635, 0.15021977848002765]",1,7
901,[0.37397536 0.56163818],1,9,"[0.3408143000064772, 0.5475942170600938]",5,4
902,[0.28515336 0.66145096],0,5,"[0.30827128450219565, 0.6153996633757841]",5,5
903,[0.89120164 0.80738333],6,1,"[0.8749561528873913, 0.7994699103611796]",0,0
904,[0.85959329 0.14629575],3,0,"[0.8468665088856635, 0.15021977848002765]",1,7
905,[0.37408191 0.59417792],5,9,"[0.3408143000064772, 0.5475942170600938]",5,4
906,[0.28918565 0.64302685],0,5,"[0.30827128450219565, 0.6153996633757841]",5,-1
907,[0.66615852 0.19565633],9,-1,-1,1,-1
908,[0.29931968 0.69729915],5,-1,-1,5,-1
909,[0.51892547 0.52668612],8,7,"[0.5528273564438948, 0.5014465920428942]",2,1
910,[0.11312795 0.89780005],2,2,"[0.1181582050098336, 0.856499254648167]",4,3
911,[0.37292806 0.55734462],1,9,"[0.3408143000064772, 0.5475942170600938]",5,4
912,[0.87564266 0.15581458],3,0,"[0.8468665088856635, 0.15021977848002765]",1,7
913,[0.25487886 0.54972643],1,-1,-1,5,-1
914,[0.70738359 0.23512554],9,3,"[0.730625269784981, 0.23771787879244177]",1,6
915,[0.86500609 0.16746782],4,0,"[0.8468665088856635, 0.15021977848002765]",1,7
916,[0.32516743 0.58447038],5,5,"[0.30827128450219565, 0.6153996633757841]",5,4
917,[0.84391533 0.18714327],3,0,"[0.8468665088856635, 0.15021977848002765]",1,7
918,[0.84967593 0.13924736],3,0,"[0.8468665088856635, 0.15021977848002765]",1,7
919,[0.86782771 0.87263467],6,-1,-1,0,0
920,[0.31291389 0.55874448],5,9,"[0.3408143000064772, 0.5475942170600938]",5,4
921,[0.11639257 0.49858088],7,4,"[0.10265585532169084, 0.5327782708733342]",3,2
922,[0.28741682 0.53567965],1,9,"[0.3408143000064772, 0.5475942170600938]",5,4
923,[0.30379282 0.56135099],5,9,"[0.3408143000064772, 0.5475942170600938]",5,4
924,[0.84198331 0.21544046],4,0,"[0.8468665088856635, 0.15021977848002765]",1,-1
925,[0.57027436 0.49247633],8,7,"[0.5528273564438948, 0.5014465920428942]",2,1
926,[0.74253712 0.25162569],9,3,"[0.730625269784981, 0.23771787879244177]",1,6
927,[0.10981282 0.9030301 ],2,2,"[0.1181582050098336, 0.856499254648167]",4,3
928,[0.82647094 0.79977022],6,1,"[0.8749561528873913, 0.7994699103611796]",0,0
929,[0.50947102 0.49684214],8,7,"[0.5528273564438948, 0.5014465920428942]",2,1
930,[0.29780109 0.53754663],1,9,"[0.3408143000064772, 0.5475942170600938]",5,4
931,[0.86665161 0.8085991 ],6,1,"[0.8749561528873913, 0.7994699103611796]",0,0
932,[0.22068836 0.55465657],7,-1,-1,5,-1
933,[0.87140446 0.78497861],6,1,"[0.8749561528873913, 0.7994699103611796]",0,0
934,[0.05726145 0.81271952],2,-1,-1,4,-1
935,[0.11389082 0.87985189],2,2,"[0.1181582050098336, 0.856499254648167]",4,3
936,[0.10136162 0.91178542],2,2,"[0.1181582050098336, 0.856499254648167]",4,3
937,[0.76707188 0.28728657],9,3,"[0.730625269784981, 0.23771787879244177]",1,-1
938,[0.6704951  0.27495077],9,-1,-1,1,-1
939,[0.11559482 0.83060859],2,2,"[0.1181582050098336, 0.856499254648167]",4,3
940,[0.07066027 0.83874482],2,2,"[0.1181582050098336, 0.856499254648167]",4,3
941,[0.88049694 0.78762508],6,1,"[0.8749561528873913, 0.7994699103611796]",0,0
942,[0.08008965 0.57004182],7,4,"[0.10265585532169084, 0.5327782708733342]",3,2
943,[0.86892725 0.79421307],6,1,"[0.8749561528873913, 0.7994699103611796]",0,0
944,[0.32790953 0.59919925],1,5,"[0.30827128450219565, 0.6153996633757841]",5,4
945,[0.32613286 0.52595098],5,9,"[0.3408143000064772, 0.5475942170600938]",5,4
946,[0.38070072 0.53691369],1,9,"[0.3408143000064772, 0.5475942170600938]",5,4
947,[0.13768942 0.51908861],7,4,"[0.10265585532169084, 0.5327782708733342]",3,2
948,[0.32456668 0.59748913],5,5,"[0.30827128450219565, 0.6153996633757841]",5,4
949,[0.87760291 0.11236703],3,0,"[0.8468665088856635, 0.15021977848002765]",1,7
950,[0.13562253 0.49641182],7,4,"[0.10265585532169084, 0.5327782708733342]",3,2
951,[0.88493095 0.1912109 ],3,8,"[0.904352694028282, 0.2366431101620578]",1,7
952,[0.82105225 0.21088533],9,0,"[0.8468665088856635, 0.15021977848002765]",1,-1
953,[0.73226201 0.23304632],9,3,"[0.730625269784981, 0.23771787879244177]",1,6
954,[0.3346026  0.49892963],1,9,"[0.3408143000064772, 0.5475942170600938]",5,4
955,[0.40080095 0.62915564],5,-1,-1,5,-1
956,[0.3064664  0.67120732],0,5,"[0.30827128450219565, 0.6153996633757841]",5,5
957,[0.39076584 0.59092474],1,9,"[0.3408143000064772, 0.5475942170600938]",5,-1
958,[0.91473128 0.25226405],4,8,"[0.904352694028282, 0.2366431101620578]",1,-1
959,[0.88103712 0.17988139],3,0,"[0.8468665088856635, 0.15021977848002765]",1,-1
960,[0.22112312 0.68909403],0,6,"[0.21136360227964263, 0.7094848716163278]",5,5
961,[0.87426414 0.22033306],4,8,"[0.904352694028282, 0.2366431101620578]",1,-1
962,[0.35748154 0.59876562],5,5,"[0.30827128450219565, 0.6153996633757841]",5,4
963,[0.33660198 0.50369584],1,9,"[0.3408143000064772, 0.5475942170600938]",5,4
964,[0.92943788 0.77510844],6,1,"[0.8749561528873913, 0.7994699103611796]",0,0
965,[0.85668208 0.17907142],4,0,"[0.8468665088856635, 0.15021977848002765]",1,7
966,[0.11181378 0.47386236],7,4,"[0.10265585532169084, 0.5327782708733342]",3,2
967,[0.8240349  0.16659929],3,0,"[0.8468665088856635, 0.15021977848002765]",1,-1
968,[0.53220697 0.55665007],8,7,"[0.5528273564438948, 0.5014465920428942]",2,1
969,[0.11394825 0.88530197],2,2,"[0.1181582050098336, 0.856499254648167]",4,3
970,[0.91804181 0.7728103 ],6,1,"[0.8749561528873913, 0.7994699103611796]",0,0
971,[0.85427292 0.13716447],3,0,"[0.8468665088856635, 0.15021977848002765]",1,7
972,[0.09957321 0.88710779],2,2,"[0.1181582050098336, 0.856499254648167]",4,3
973,[0.60362402 0.44069296],8,-1,-1,2,1
974,[0.08017724 0.48376912],7,4,"[0.10265585532169084, 0.5327782708733342]",3,2
975,[0.07065452 0.55695891],7,4,"[0.10265585532169084, 0.5327782708733342]",3,2
976,[0.91885332 0.7765598 ],6,1,"[0.8749561528873913, 0.7994699103611796]",0,0
977,[0.29501727 0.51624582],1,9,"[0.3408143000064772, 0.5475942170600938]",5,4
978,[0.94115473 0.21884012],4,8,"[0.904352694028282, 0.2366431101620578]",1,8
979,[0.28401518 0.66864695],5,5,"[0.30827128450219565, 0.6153996633757841]",5,5
980,[0.54650146 0.532811  ],8,7,"[0.5528273564438948, 0.5014465920428942]",2,1
981,[0.77353196 0.23530474],9,3,"[0.730625269784981, 0.23771787879244177]",1,6
982,[0.8856772  0.73928395],6,1,"[0.8749561528873913, 0.7994699103611796]",0,0
983,[0.84946571 0.09018254],3,0,"[0.8468665088856635, 0.15021977848002765]",1,-1
984,[0.60623268 0.60233032],8,-1,-1,-1,1
985,[0.89148651 0.15003379],3,0,"[0.8468665088856635, 0.15021977848002765]",1,-1
986,[0.92489965 0.80707335],6,1,"[0.8749561528873913, 0.7994699103611796]",0,0
987,[0.1102345  0.80451223],2,2,"[0.1181582050098336, 0.856499254648167]",4,3
988,[0.11991411 0.85880432],2,2,"[0.1181582050098336, 0.856499254648167]",4,3
989,[0.54567516 0.47175464],8,7,"[0.5528273564438948, 0.5014465920428942]",2,1
990,[0.82272227 0.28861193],9,-1,-1,1,-1
991,[0.76183869 0.20899855],9,3,"[0.730625269784981, 0.23771787879244177]",1,6
992,[0.06924431 0.92722849],2,-1,-1,4,-1
993,[0.8463258  0.19971919],4,0,"[0.8468665088856635, 0.15021977848002765]",1,-1
994,[0.57068222 0.49798403],8,7,"[0.5528273564438948, 0.5014465920428942]",2,1
995,[0.24259387 0.67251336],0,6,"[0.21136360227964263, 0.7094848716163278]",5,5
996,[0.49703068 0.44886725],8,-1,-1,2,1
997,[0.65385707 0.53436042],8,-1,-1,2,1
998,[0.32233675 0.54711161],1,9,"[0.3408143000064772, 0.5475942170600938]",5,4
999,[0.79445947 0.24747115],9,3,"[0.730625269784981, 0.23771787879244177]",1,-1
