,datum,blob,snowball_label,snowball_center,hdbscan_eom_label,hdbscan_leaf_label
0,[0.80210837 0.83696052],0,74,"[0.7770761303923014, 0.8356091331038862]",1,1
1,[0.8763454  0.88070902],0,61,"[0.9026595813341395, 0.8633356537501007]",0,1
2,[0.80060394 0.81715954],0,74,"[0.7770761303923014, 0.8356091331038862]",1,1
3,[0.80448339 0.81730548],0,74,"[0.7770761303923014, 0.8356091331038862]",1,1
4,[0.85277958 0.75251001],0,71,"[0.8758881018187182, 0.6900443044052346]",-1,1
5,[0.81693372 0.78411837],0,74,"[0.7770761303923014, 0.8356091331038862]",1,1
6,[0.79495514 0.75964039],0,69,"[0.7877467747445478, 0.7240573746994867]",1,1
7,[0.83398991 0.80620948],0,74,"[0.7770761303923014, 0.8356091331038862]",1,1
8,[0.90982134 0.75499834],0,-1,-1,-1,1
9,[0.85873343 0.80116473],0,-1,-1,1,1
10,[0.57631895 0.85612364],1,40,"[0.5836185670693409, 0.8897358071108409]",1,1
11,[0.54309667 0.77828874],1,55,"[0.5088035931815811, 0.7685309669878322]",1,1
12,[0.56180825 0.81206962],1,78,"[0.5575952950612607, 0.8220849553766181]",1,1
13,[0.60920908 0.80866951],1,72,"[0.6198929441318362, 0.8155366235900601]",1,1
14,[0.62607199 0.80710197],1,72,"[0.6198929441318362, 0.8155366235900601]",1,1
15,[0.45846601 0.81762722],1,32,"[0.4275293536542033, 0.8253234378533442]",1,1
16,[0.56415884 0.69252704],1,3,"[0.5818838190129024, 0.6743460747238831]",1,1
17,[0.53119909 0.81185762],1,78,"[0.5575952950612607, 0.8220849553766181]",1,1
18,[0.56277333 0.77029551],1,66,"[0.5629262216536625, 0.7416480583063001]",1,1
19,[0.62067696 0.82829674],1,72,"[0.6198929441318362, 0.8155366235900601]",1,1
20,[0.37285731 0.24071613],2,80,"[0.40081790672785284, 0.22003561508261243]",1,1
21,[0.40149413 0.29634022],2,20,"[0.4420710618793585, 0.3102097401393955]",1,1
22,[0.45796337 0.17986611],2,41,"[0.48586316440081384, 0.14889066010968405]",1,1
23,[0.35094327 0.25504716],2,37,"[0.3531069261231234, 0.2944050844070021]",1,1
24,[0.27543718 0.17829413],2,28,"[0.23174643782401028, 0.15194845205961457]",1,1
25,[0.39934228 0.19521526],2,80,"[0.40081790672785284, 0.22003561508261243]",1,1
26,[0.27464336 0.19108367],2,26,"[0.23848781047327638, 0.22179796585144237]",1,1
27,[0.36811408 0.17594486],2,79,"[0.3611607117276046, 0.17391111904423004]",1,1
28,[0.3812468  0.19034944],2,79,"[0.3611607117276046, 0.17391111904423004]",1,1
29,[0.31325251 0.21167272],2,48,"[0.28065255309332615, 0.2558365353382771]",1,1
30,[0.80750011 0.50798041],3,70,"[0.7707489216380763, 0.50684404151622]",-1,-1
31,[0.83375044 0.44760985],3,75,"[0.8673860220738326, 0.4560891302733117]",1,1
32,[0.74915746 0.40081364],3,46,"[0.8037369116250731, 0.3602249266684185]",-1,0
33,[0.75008717 0.39294298],3,46,"[0.8037369116250731, 0.3602249266684185]",-1,0
34,[0.75107654 0.42269939],3,-1,-1,-1,-1
35,[0.80319207 0.48255598],3,70,"[0.7707489216380763, 0.50684404151622]",1,1
36,[0.83782544 0.35550365],3,46,"[0.8037369116250731, 0.3602249266684185]",1,1
37,[0.82693182 0.45490476],3,75,"[0.8673860220738326, 0.4560891302733117]",1,1
38,[0.72878415 0.48564682],3,42,"[0.7030521778160838, 0.5163269636763479]",1,1
39,[0.77087366 0.48683134],3,70,"[0.7707489216380763, 0.50684404151622]",1,1
40,[0.52615254 0.32714642],4,23,"[0.5227781935674594, 0.35420306506931026]",1,1
41,[0.54162967 0.47944018],4,15,"[0.5243990320030668, 0.4567415410407343]",1,1
42,[0.51473672 0.43945651],4,15,"[0.5243990320030668, 0.4567415410407343]",1,1
43,[0.51995331 0.48303887],4,15,"[0.5243990320030668, 0.4567415410407343]",1,1
44,[0.53946085 0.43549461],4,15,"[0.5243990320030668, 0.4567415410407343]",1,1
45,[0.44781089 0.49859414],4,7,"[0.4543064653294918, 0.5314518603771107]",1,1
46,[0.44595649 0.51031034],4,7,"[0.4543064653294918, 0.5314518603771107]",1,1
47,[0.49492456 0.44579365],4,15,"[0.5243990320030668, 0.4567415410407343]",1,1
48,[0.48476966 0.50996706],4,7,"[0.4543064653294918, 0.5314518603771107]",1,1
49,[0.45391909 0.47998051],4,50,"[0.4107339385299009, 0.46268185753257546]",1,1
50,[0.40988192 0.24316461],5,80,"[0.40081790672785284, 0.22003561508261243]",1,1
51,[0.3974823  0.36962524],5,29,"[0.40403537668128997, 0.3636538497460488]",1,1
52,[0.35720037 0.28003282],5,37,"[0.3531069261231234, 0.2944050844070021]",1,1
53,[0.36470486 0.29905633],5,37,"[0.3531069261231234, 0.2944050844070021]",1,1
54,[0.41402832 0.30831341],5,20,"[0.4420710618793585, 0.3102097401393955]",1,1
55,[0.39305342 0.32396655],5,29,"[0.40403537668128997, 0.3636538497460488]",1,1
56,[0.41829397 0.34602429],5,29,"[0.40403537668128997, 0.3636538497460488]",1,1
57,[0.38422163 0.28175391],5,37,"[0.3531069261231234, 0.2944050844070021]",1,1
58,[0.44820624 0.35441613],5,20,"[0.4420710618793585, 0.3102097401393955]",1,1
59,[0.46218469 0.30002959],5,20,"[0.4420710618793585, 0.3102097401393955]",1,1
60,[0.63729807 0.35169297],6,12,"[0.6044300822264704, 0.32178087010097706]",1,1
61,[0.63663475 0.31298453],6,12,"[0.6044300822264704, 0.32178087010097706]",1,1
62,[0.60219923 0.35065035],6,12,"[0.6044300822264704, 0.32178087010097706]",1,1
63,[0.53681372 0.24380679],6,19,"[0.5076080865238329, 0.25600365657594254]",1,1
64,[0.55973465 0.29235784],6,12,"[0.6044300822264704, 0.32178087010097706]",1,1
65,[0.5769505  0.36532915],6,12,"[0.6044300822264704, 0.32178087010097706]",1,1
66,[0.65818931 0.29404913],6,12,"[0.6044300822264704, 0.32178087010097706]",1,1
67,[0.52898342 0.3578474 ],6,23,"[0.5227781935674594, 0.35420306506931026]",1,1
68,[0.55140416 0.36852388],6,23,"[0.5227781935674594, 0.35420306506931026]",1,1
69,[0.57138978 0.35383124],6,12,"[0.6044300822264704, 0.32178087010097706]",1,1
70,[0.16240861 0.61968376],7,0,"[0.1864657171780098, 0.6453008438767196]",1,1
71,[0.17745231 0.74214907],7,6,"[0.20079047608971543, 0.7407222662420908]",1,1
72,[0.19737679 0.73652467],7,6,"[0.20079047608971543, 0.7407222662420908]",1,1
73,[0.103438   0.67800232],7,16,"[0.12086064045921278, 0.6907713353566621]",1,1
74,[0.147692   0.67583471],7,16,"[0.12086064045921278, 0.6907713353566621]",1,1
75,[0.14896624 0.62857118],7,0,"[0.1864657171780098, 0.6453008438767196]",1,1
76,[0.19673422 0.6595039 ],7,0,"[0.1864657171780098, 0.6453008438767196]",1,1
77,[0.15048128 0.7533727 ],7,6,"[0.20079047608971543, 0.7407222662420908]",1,1
78,[0.14713273 0.64614979],7,0,"[0.1864657171780098, 0.6453008438767196]",1,1
79,[0.08491003 0.71806395],7,16,"[0.12086064045921278, 0.6907713353566621]",1,1
80,[0.24004196 0.21354985],8,26,"[0.23848781047327638, 0.22179796585144237]",1,1
81,[0.16895893 0.21574953],8,56,"[0.1551681502019597, 0.230196588205808]",1,1
82,[0.15295077 0.24786668],8,56,"[0.1551681502019597, 0.230196588205808]",1,1
83,[0.28396982 0.23521656],8,48,"[0.28065255309332615, 0.2558365353382771]",1,1
84,[0.33153968 0.27660837],8,37,"[0.3531069261231234, 0.2944050844070021]",1,1
85,[0.22287199 0.21662839],8,26,"[0.23848781047327638, 0.22179796585144237]",1,1
86,[0.20164934 0.29378676],8,21,"[0.2217463723141326, 0.3098815799613793]",1,1
87,[0.26248067 0.23589129],8,48,"[0.28065255309332615, 0.2558365353382771]",1,1
88,[0.28721389 0.22930323],8,48,"[0.28065255309332615, 0.2558365353382771]",1,1
89,[0.16367939 0.25712968],8,56,"[0.1551681502019597, 0.230196588205808]",1,1
90,[0.68250199 0.15996206],9,13,"[0.7021335477514611, 0.14044104057492626]",1,1
91,[0.70709562 0.23282698],9,25,"[0.6890638445367717, 0.23767456904374304]",1,1
92,[0.66660337 0.23063451],9,25,"[0.6890638445367717, 0.23767456904374304]",1,1
93,[0.67862501 0.21209012],9,25,"[0.6890638445367717, 0.23767456904374304]",1,1
94,[0.65642615 0.18022376],9,18,"[0.6060740821281893, 0.20040535896109252]",1,1
95,[0.69303863 0.16086697],9,13,"[0.7021335477514611, 0.14044104057492626]",1,1
96,[0.65735562 0.24534563],9,25,"[0.6890638445367717, 0.23767456904374304]",1,1
97,[0.63968907 0.10226178],9,63,"[0.6058838029911512, 0.10323185717569629]",1,1
98,[0.70767731 0.20683081],9,25,"[0.6890638445367717, 0.23767456904374304]",1,1
99,[0.68340696 0.16159278],9,13,"[0.7021335477514611, 0.14044104057492626]",1,1
100,[0.29798653 0.80956075],10,39,"[0.2519241217546056, 0.7871687126899874]",1,1
101,[0.32029308 0.89921375],10,43,"[0.33622387153865957, 0.868645706604107]",1,1
102,[0.35830239 0.88330446],10,43,"[0.33622387153865957, 0.868645706604107]",1,1
103,[0.40327307 0.83728639],10,32,"[0.4275293536542033, 0.8253234378533442]",1,1
104,[0.25652222 0.9162566 ],10,4,"[0.25046227908795426, 0.8809692635349097]",1,1
105,[0.33307051 0.85685547],10,43,"[0.33622387153865957, 0.868645706604107]",1,1
106,[0.31750418 0.81556499],10,1,"[0.3449532794629396, 0.7788979828676246]",1,1
107,[0.28697177 0.89600987],10,4,"[0.25046227908795426, 0.8809692635349097]",1,1
108,[0.33130199 0.76585606],10,1,"[0.3449532794629396, 0.7788979828676246]",1,1
109,[0.35888037 0.9167438 ],10,43,"[0.33622387153865957, 0.868645706604107]",-1,1
110,[0.80395538 0.89959083],11,74,"[0.7770761303923014, 0.8356091331038862]",-1,-1
111,[0.88556763 0.9164959 ],11,61,"[0.9026595813341395, 0.8633356537501007]",0,1
112,[0.86986246 0.91532535],11,61,"[0.9026595813341395, 0.8633356537501007]",0,1
113,[0.8604283  0.91767663],11,61,"[0.9026595813341395, 0.8633356537501007]",0,1
114,[0.87386018 0.88941634],11,61,"[0.9026595813341395, 0.8633356537501007]",0,1
115,[0.9073289 0.9000753],11,61,"[0.9026595813341395, 0.8633356537501007]",0,1
116,[0.88260089 0.87595522],11,61,"[0.9026595813341395, 0.8633356537501007]",0,1
117,[0.91189257 0.96207229],11,-1,-1,-1,-1
118,[0.91864264 0.85188294],11,61,"[0.9026595813341395, 0.8633356537501007]",0,1
119,[0.83431068 0.82895024],11,74,"[0.7770761303923014, 0.8356091331038862]",1,1
120,[0.14645777 0.12563918],12,49,"[0.1498315418537079, 0.1008995844005544]",1,1
121,[0.22862845 0.14281423],12,28,"[0.23174643782401028, 0.15194845205961457]",1,1
122,[0.18184383 0.14632524],12,28,"[0.23174643782401028, 0.15194845205961457]",1,1
123,[0.24193117 0.10718069],12,28,"[0.23174643782401028, 0.15194845205961457]",1,1
124,[0.17004383 0.12962091],12,49,"[0.1498315418537079, 0.1008995844005544]",1,1
125,[0.20687857 0.17237613],12,28,"[0.23174643782401028, 0.15194845205961457]",1,1
126,[0.22781351 0.13861222],12,28,"[0.23174643782401028, 0.15194845205961457]",1,1
127,[0.22893878 0.12720855],12,28,"[0.23174643782401028, 0.15194845205961457]",1,1
128,[0.20657312 0.1007011 ],12,49,"[0.1498315418537079, 0.1008995844005544]",1,1
129,[0.1560887  0.09851869],12,49,"[0.1498315418537079, 0.1008995844005544]",1,1
130,[0.76366473 0.63579397],13,24,"[0.7526498461649456, 0.6345279392627485]",1,1
131,[0.71621478 0.71106899],13,45,"[0.7120882601800862, 0.7092762603616896]",1,1
132,[0.78065805 0.67739187],13,69,"[0.7877467747445478, 0.7240573746994867]",1,1
133,[0.67980707 0.61865715],13,27,"[0.6778473174633682, 0.6085038911695436]",1,1
134,[0.72253031 0.65881775],13,24,"[0.7526498461649456, 0.6345279392627485]",1,1
135,[0.82547805 0.65258666],13,71,"[0.8758881018187182, 0.6900443044052346]",1,1
136,[0.74844315 0.64700327],13,24,"[0.7526498461649456, 0.6345279392627485]",1,1
137,[0.73763407 0.60686871],13,24,"[0.7526498461649456, 0.6345279392627485]",1,1
138,[0.73513158 0.67019577],13,24,"[0.7526498461649456, 0.6345279392627485]",1,1
139,[0.72191105 0.6289432 ],13,24,"[0.7526498461649456, 0.6345279392627485]",1,1
140,[0.46363099 0.32681375],14,20,"[0.4420710618793585, 0.3102097401393955]",1,1
141,[0.36478445 0.35435459],14,29,"[0.40403537668128997, 0.3636538497460488]",1,1
142,[0.42429986 0.33601868],14,20,"[0.4420710618793585, 0.3102097401393955]",1,1
143,[0.38824016 0.35604611],14,29,"[0.40403537668128997, 0.3636538497460488]",1,1
144,[0.43685985 0.40410456],14,29,"[0.40403537668128997, 0.3636538497460488]",1,1
145,[0.40476859 0.35118708],14,29,"[0.40403537668128997, 0.3636538497460488]",1,1
146,[0.34594875 0.4081162 ],14,33,"[0.3266738132568585, 0.4254776025891383]",1,1
147,[0.3466684 0.3314903],14,37,"[0.3531069261231234, 0.2944050844070021]",1,1
148,[0.37776293 0.41423409],14,33,"[0.3266738132568585, 0.4254776025891383]",1,1
149,[0.36539913 0.35591129],14,29,"[0.40403537668128997, 0.3636538497460488]",1,1
150,[0.53787811 0.57429589],15,44,"[0.5470489204681213, 0.5454727393163525]",1,1
151,[0.47637487 0.54158114],15,7,"[0.4543064653294918, 0.5314518603771107]",1,1
152,[0.49936221 0.48947485],15,15,"[0.5243990320030668, 0.4567415410407343]",1,1
153,[0.53517163 0.52829537],15,44,"[0.5470489204681213, 0.5454727393163525]",1,1
154,[0.51691998 0.51144921],15,44,"[0.5470489204681213, 0.5454727393163525]",1,1
155,[0.47819371 0.55676862],15,7,"[0.4543064653294918, 0.5314518603771107]",1,1
156,[0.56293111 0.46112996],15,15,"[0.5243990320030668, 0.4567415410407343]",1,1
157,[0.38754308 0.50724159],15,50,"[0.4107339385299009, 0.46268185753257546]",1,1
158,[0.58193608 0.55558539],15,44,"[0.5470489204681213, 0.5454727393163525]",1,1
159,[0.41396334 0.45084407],15,50,"[0.4107339385299009, 0.46268185753257546]",1,1
160,[0.91039675 0.82406074],16,61,"[0.9026595813341395, 0.8633356537501007]",0,1
161,[0.92374167 0.85480876],16,61,"[0.9026595813341395, 0.8633356537501007]",0,1
162,[0.95925905 0.88045009],16,61,"[0.9026595813341395, 0.8633356537501007]",-1,-1
163,[0.94044963 0.79998523],16,-1,-1,-1,1
164,[0.91956666 0.85587028],16,61,"[0.9026595813341395, 0.8633356537501007]",0,1
165,[0.94656056 0.79225124],16,-1,-1,-1,-1
166,[0.97422079 0.78305544],16,-1,-1,-1,-1
167,[0.79059901 0.79438176],16,74,"[0.7770761303923014, 0.8356091331038862]",1,1
168,[0.90519241 0.85941313],16,61,"[0.9026595813341395, 0.8633356537501007]",0,1
169,[0.87852894 0.82578132],16,61,"[0.9026595813341395, 0.8633356537501007]",0,1
170,[0.69721709 0.29402229],17,81,"[0.7220949387378843, 0.30608529656321976]",1,1
171,[0.742337   0.19667284],17,10,"[0.7746761820607687, 0.21753892083103987]",1,1
172,[0.76913719 0.23073491],17,10,"[0.7746761820607687, 0.21753892083103987]",1,1
173,[0.76244491 0.24305908],17,10,"[0.7746761820607687, 0.21753892083103987]",1,1
174,[0.70449266 0.29040736],17,81,"[0.7220949387378843, 0.30608529656321976]",1,1
175,[0.7486646  0.27884341],17,81,"[0.7220949387378843, 0.30608529656321976]",1,1
176,[0.75400509 0.23498854],17,10,"[0.7746761820607687, 0.21753892083103987]",1,1
177,[0.73769985 0.21153573],17,10,"[0.7746761820607687, 0.21753892083103987]",1,1
178,[0.70022017 0.32013684],17,81,"[0.7220949387378843, 0.30608529656321976]",1,1
179,[0.74739569 0.22831124],17,10,"[0.7746761820607687, 0.21753892083103987]",1,1
180,[0.24068078 0.1208578 ],18,28,"[0.23174643782401028, 0.15194845205961457]",1,1
181,[0.19086264 0.18273498],18,28,"[0.23174643782401028, 0.15194845205961457]",1,1
182,[0.22993774 0.01775897],18,-1,-1,-1,-1
183,[0.16310227 0.13172776],18,49,"[0.1498315418537079, 0.1008995844005544]",1,1
184,[0.18615143 0.09332751],18,49,"[0.1498315418537079, 0.1008995844005544]",1,1
185,[0.19418616 0.17519998],18,28,"[0.23174643782401028, 0.15194845205961457]",1,1
186,[0.24615396 0.09840588],18,28,"[0.23174643782401028, 0.15194845205961457]",1,1
187,[0.23672347 0.15846268],18,28,"[0.23174643782401028, 0.15194845205961457]",1,1
188,[0.24496222 0.10521845],18,28,"[0.23174643782401028, 0.15194845205961457]",1,1
189,[0.19540548 0.10233966],18,49,"[0.1498315418537079, 0.1008995844005544]",1,1
190,[0.42616401 0.42870941],19,50,"[0.4107339385299009, 0.46268185753257546]",1,1
191,[0.3395673  0.39866506],19,33,"[0.3266738132568585, 0.4254776025891383]",1,1
192,[0.3693812  0.39317464],19,29,"[0.40403537668128997, 0.3636538497460488]",1,1
193,[0.26303232 0.37989272],19,22,"[0.2858957308509703, 0.36075363142186195]",1,1
194,[0.27997092 0.36519827],19,22,"[0.2858957308509703, 0.36075363142186195]",1,1
195,[0.29959426 0.34487328],19,22,"[0.2858957308509703, 0.36075363142186195]",1,1
196,[0.23660806 0.46297472],19,2,"[0.1994792894674267, 0.46679341124299595]",1,1
197,[0.32936338 0.40179445],19,33,"[0.3266738132568585, 0.4254776025891383]",1,1
198,[0.23156441 0.37372415],19,34,"[0.21147259375506475, 0.3945365199794081]",1,1
199,[0.35923607 0.44145185],19,33,"[0.3266738132568585, 0.4254776025891383]",1,1
200,[0.88486209 0.35616181],20,9,"[0.8920229449918298, 0.3707779627735049]",1,1
201,[0.91247768 0.357241  ],20,9,"[0.8920229449918298, 0.3707779627735049]",1,1
202,[0.93178342 0.38719982],20,9,"[0.8920229449918298, 0.3707779627735049]",1,1
203,[0.86492091 0.35485237],20,9,"[0.8920229449918298, 0.3707779627735049]",1,1
204,[0.8448568  0.38549509],20,46,"[0.8037369116250731, 0.3602249266684185]",1,1
205,[0.86050921 0.39398596],20,9,"[0.8920229449918298, 0.3707779627735049]",1,1
206,[0.88849505 0.37541388],20,9,"[0.8920229449918298, 0.3707779627735049]",1,1
207,[0.85522521 0.40942744],20,75,"[0.8673860220738326, 0.4560891302733117]",1,1
208,[0.79539704 0.34915221],20,46,"[0.8037369116250731, 0.3602249266684185]",1,1
209,[0.89193154 0.3607594 ],20,9,"[0.8920229449918298, 0.3707779627735049]",1,1
210,[0.41286707 0.19600115],21,80,"[0.40081790672785284, 0.22003561508261243]",1,1
211,[0.4649184  0.28469263],21,20,"[0.4420710618793585, 0.3102097401393955]",1,1
212,[0.60809132 0.21433927],21,18,"[0.6060740821281893, 0.20040535896109252]",1,1
213,[0.47186675 0.198161  ],21,41,"[0.48586316440081384, 0.14889066010968405]",1,1
214,[0.52229231 0.24512173],21,19,"[0.5076080865238329, 0.25600365657594254]",1,1
215,[0.51188786 0.25217195],21,19,"[0.5076080865238329, 0.25600365657594254]",1,1
216,[0.49120436 0.32065742],21,23,"[0.5227781935674594, 0.35420306506931026]",1,1
217,[0.44765288 0.27380104],21,20,"[0.4420710618793585, 0.3102097401393955]",1,1
218,[0.48459736 0.27793458],21,19,"[0.5076080865238329, 0.25600365657594254]",1,1
219,[0.43129466 0.20282342],21,80,"[0.40081790672785284, 0.22003561508261243]",1,1
220,[0.8372963  0.25136781],22,17,"[0.838511009041314, 0.2776756765384589]",1,1
221,[0.93084412 0.30988743],22,82,"[0.9001485369581391, 0.26179914415210587]",1,1
222,[0.85674496 0.31167872],22,17,"[0.838511009041314, 0.2776756765384589]",1,1
223,[0.84659219 0.24986718],22,17,"[0.838511009041314, 0.2776756765384589]",1,1
224,[0.84156431 0.26002694],22,17,"[0.838511009041314, 0.2776756765384589]",1,1
225,[0.87522598 0.29100748],22,82,"[0.9001485369581391, 0.26179914415210587]",1,1
226,[0.8884582  0.26972168],22,82,"[0.9001485369581391, 0.26179914415210587]",1,1
227,[0.81407175 0.25100865],22,17,"[0.838511009041314, 0.2776756765384589]",1,1
228,[0.82695257 0.30152958],22,17,"[0.838511009041314, 0.2776756765384589]",1,1
229,[0.83581146 0.28774647],22,17,"[0.838511009041314, 0.2776756765384589]",1,1
230,[0.6874284  0.21570634],23,25,"[0.6890638445367717, 0.23767456904374304]",1,1
231,[0.84630082 0.09796468],23,67,"[0.8827087449283146, 0.12344710172507338]",1,1
232,[0.77454876 0.19493461],23,10,"[0.7746761820607687, 0.21753892083103987]",1,1
233,[0.78940969 0.03834772],23,-1,-1,-1,-1
234,[0.78865884 0.120136  ],23,11,"[0.7959184624926093, 0.11918080536582887]",1,1
235,[0.75689617 0.11837582],23,11,"[0.7959184624926093, 0.11918080536582887]",1,1
236,[0.78866143 0.18457225],23,10,"[0.7746761820607687, 0.21753892083103987]",1,1
237,[0.80223416 0.13839784],23,11,"[0.7959184624926093, 0.11918080536582887]",1,1
238,[0.79656953 0.10433108],23,11,"[0.7959184624926093, 0.11918080536582887]",1,1
239,[0.78490607 0.12133357],23,11,"[0.7959184624926093, 0.11918080536582887]",1,1
240,[0.35000017 0.70719716],24,5,"[0.29943624207921615, 0.7021640581472074]",1,1
241,[0.34362174 0.77635703],24,1,"[0.3449532794629396, 0.7788979828676246]",1,1
242,[0.29874832 0.73036293],24,5,"[0.29943624207921615, 0.7021640581472074]",1,1
243,[0.30631204 0.65843047],24,5,"[0.29943624207921615, 0.7021640581472074]",1,1
244,[0.28416046 0.74164246],24,5,"[0.29943624207921615, 0.7021640581472074]",1,1
245,[0.33605169 0.74420442],24,1,"[0.3449532794629396, 0.7788979828676246]",1,1
246,[0.32962431 0.74851361],24,1,"[0.3449532794629396, 0.7788979828676246]",1,1
247,[0.26931331 0.72562127],24,5,"[0.29943624207921615, 0.7021640581472074]",1,1
248,[0.26617719 0.75816119],24,39,"[0.2519241217546056, 0.7871687126899874]",1,1
249,[0.26771726 0.69114197],24,5,"[0.29943624207921615, 0.7021640581472074]",1,1
250,[0.27610642 0.39887682],25,22,"[0.2858957308509703, 0.36075363142186195]",1,1
251,[0.21999103 0.27987298],25,21,"[0.2217463723141326, 0.3098815799613793]",1,1
252,[0.31593552 0.36262325],25,22,"[0.2858957308509703, 0.36075363142186195]",1,1
253,[0.2980302 0.3433408],25,22,"[0.2858957308509703, 0.36075363142186195]",1,1
254,[0.29786016 0.36138245],25,22,"[0.2858957308509703, 0.36075363142186195]",1,1
255,[0.27622323 0.28192706],25,48,"[0.28065255309332615, 0.2558365353382771]",1,1
256,[0.25689815 0.30060862],25,21,"[0.2217463723141326, 0.3098815799613793]",1,1
257,[0.29189845 0.35204513],25,22,"[0.2858957308509703, 0.36075363142186195]",1,1
258,[0.21517233 0.34218353],25,21,"[0.2217463723141326, 0.3098815799613793]",1,1
259,[0.29394299 0.29597734],25,48,"[0.28065255309332615, 0.2558365353382771]",1,1
260,[0.48306565 0.45047712],26,15,"[0.5243990320030668, 0.4567415410407343]",1,1
261,[0.39844526 0.50268713],26,50,"[0.4107339385299009, 0.46268185753257546]",1,1
262,[0.47320582 0.51922564],26,7,"[0.4543064653294918, 0.5314518603771107]",1,1
263,[0.44038786 0.4701533 ],26,50,"[0.4107339385299009, 0.46268185753257546]",1,1
264,[0.39263371 0.48089123],26,50,"[0.4107339385299009, 0.46268185753257546]",1,1
265,[0.36979077 0.54025637],26,30,"[0.39303582202011716, 0.5743870920066177]",1,1
266,[0.47251378 0.52236308],26,7,"[0.4543064653294918, 0.5314518603771107]",1,1
267,[0.36898047 0.55547634],26,30,"[0.39303582202011716, 0.5743870920066177]",1,1
268,[0.39521456 0.5692455 ],26,30,"[0.39303582202011716, 0.5743870920066177]",1,1
269,[0.42224495 0.53100907],26,7,"[0.4543064653294918, 0.5314518603771107]",1,1
270,[0.2470118  0.20036451],27,26,"[0.23848781047327638, 0.22179796585144237]",1,1
271,[0.29060923 0.21693516],27,48,"[0.28065255309332615, 0.2558365353382771]",1,1
272,[0.20709927 0.20377517],27,26,"[0.23848781047327638, 0.22179796585144237]",1,1
273,[0.23968455 0.25128116],27,26,"[0.23848781047327638, 0.22179796585144237]",1,1
274,[0.22544688 0.23640511],27,26,"[0.23848781047327638, 0.22179796585144237]",1,1
275,[0.2233481  0.17260025],27,28,"[0.23174643782401028, 0.15194845205961457]",1,1
276,[0.23464135 0.17293832],27,28,"[0.23174643782401028, 0.15194845205961457]",1,1
277,[0.29446065 0.21150731],27,48,"[0.28065255309332615, 0.2558365353382771]",1,1
278,[0.21928592 0.24347282],27,26,"[0.23848781047327638, 0.22179796585144237]",1,1
279,[0.27394144 0.1594168 ],27,28,"[0.23174643782401028, 0.15194845205961457]",1,1
280,[0.20653424 0.53074607],28,8,"[0.18946557254026142, 0.5437382222919442]",1,1
281,[0.20283771 0.476993  ],28,2,"[0.1994792894674267, 0.46679341124299595]",1,1
282,[0.20629541 0.41032321],28,34,"[0.21147259375506475, 0.3945365199794081]",1,1
283,[0.19922312 0.37672443],28,34,"[0.21147259375506475, 0.3945365199794081]",1,1
284,[0.09773501 0.47740075],28,51,"[0.11171978230692693, 0.48840318401943933]",1,1
285,[0.15483516 0.43401842],28,2,"[0.1994792894674267, 0.46679341124299595]",1,1
286,[0.19401502 0.40886466],28,34,"[0.21147259375506475, 0.3945365199794081]",1,1
287,[0.19457491 0.47253752],28,2,"[0.1994792894674267, 0.46679341124299595]",1,1
288,[0.23643803 0.48265815],28,2,"[0.1994792894674267, 0.46679341124299595]",1,1
289,[0.2632085  0.44215923],28,33,"[0.3266738132568585, 0.4254776025891383]",1,1
290,[0.7978004  0.80039612],29,74,"[0.7770761303923014, 0.8356091331038862]",1,1
291,[0.75029906 0.81905568],29,74,"[0.7770761303923014, 0.8356091331038862]",-1,-1
292,[0.77919899 0.85354817],29,74,"[0.7770761303923014, 0.8356091331038862]",-1,1
293,[0.73094381 0.87874386],29,74,"[0.7770761303923014, 0.8356091331038862]",-1,1
294,[0.73520454 0.87305797],29,74,"[0.7770761303923014, 0.8356091331038862]",-1,1
295,[0.71950044 0.85039709],29,74,"[0.7770761303923014, 0.8356091331038862]",-1,1
296,[0.75671096 0.8738553 ],29,74,"[0.7770761303923014, 0.8356091331038862]",1,1
297,[0.83424129 0.86709583],29,74,"[0.7770761303923014, 0.8356091331038862]",-1,-1
298,[0.74067278 0.82946939],29,74,"[0.7770761303923014, 0.8356091331038862]",-1,1
299,[0.76655335 0.84618426],29,74,"[0.7770761303923014, 0.8356091331038862]",1,1
300,[0.58506578 0.62611656],30,3,"[0.5818838190129024, 0.6743460747238831]",1,1
301,[0.48240069 0.62714481],30,14,"[0.48596467570789575, 0.6175710149997509]",1,1
302,[0.50836562 0.65109273],30,14,"[0.48596467570789575, 0.6175710149997509]",1,1
303,[0.53348498 0.57720841],30,44,"[0.5470489204681213, 0.5454727393163525]",1,1
304,[0.56528337 0.56614655],30,44,"[0.5470489204681213, 0.5454727393163525]",1,1
305,[0.53761408 0.67756817],30,3,"[0.5818838190129024, 0.6743460747238831]",1,1
306,[0.52256818 0.51161156],30,44,"[0.5470489204681213, 0.5454727393163525]",1,1
307,[0.50113867 0.48411175],30,15,"[0.5243990320030668, 0.4567415410407343]",1,1
308,[0.59500023 0.63633259],30,3,"[0.5818838190129024, 0.6743460747238831]",1,1
309,[0.56607452 0.63612824],30,3,"[0.5818838190129024, 0.6743460747238831]",1,1
310,[0.35141302 0.8090755 ],31,1,"[0.3449532794629396, 0.7788979828676246]",1,1
311,[0.32728768 0.81425297],31,1,"[0.3449532794629396, 0.7788979828676246]",1,1
312,[0.37694581 0.7660761 ],31,1,"[0.3449532794629396, 0.7788979828676246]",1,1
313,[0.42577301 0.79707439],31,32,"[0.4275293536542033, 0.8253234378533442]",1,1
314,[0.32926752 0.90811036],31,43,"[0.33622387153865957, 0.868645706604107]",1,1
315,[0.33430551 0.68049746],31,5,"[0.29943624207921615, 0.7021640581472074]",1,1
316,[0.36762115 0.79412217],31,1,"[0.3449532794629396, 0.7788979828676246]",1,1
317,[0.38390892 0.75533888],31,1,"[0.3449532794629396, 0.7788979828676246]",1,1
318,[0.36258137 0.8431473 ],31,43,"[0.33622387153865957, 0.868645706604107]",1,1
319,[0.34698982 0.8436851 ],31,43,"[0.33622387153865957, 0.868645706604107]",1,1
320,[0.59411255 0.90451532],32,40,"[0.5836185670693409, 0.8897358071108409]",1,1
321,[0.47838855 0.8950508 ],32,62,"[0.49853266209702696, 0.856586317049283]",1,1
322,[0.5015359  0.93265653],32,77,"[0.4877327668304984, 0.9466309561772078]",1,1
323,[0.58283635 0.95456758],32,40,"[0.5836185670693409, 0.8897358071108409]",-1,1
324,[0.53735438 0.82809364],32,78,"[0.5575952950612607, 0.8220849553766181]",1,1
325,[0.56024446 0.89297148],32,40,"[0.5836185670693409, 0.8897358071108409]",1,1
326,[0.52851941 0.8915586 ],32,62,"[0.49853266209702696, 0.856586317049283]",1,1
327,[0.49764685 0.85082985],32,62,"[0.49853266209702696, 0.856586317049283]",1,1
328,[0.55016788 0.86408977],32,40,"[0.5836185670693409, 0.8897358071108409]",1,1
329,[0.55652216 0.85693681],32,78,"[0.5575952950612607, 0.8220849553766181]",1,1
330,[0.89651285 0.43719287],33,75,"[0.8673860220738326, 0.4560891302733117]",1,1
331,[0.80850757 0.37173881],33,46,"[0.8037369116250731, 0.3602249266684185]",1,1
332,[0.77330945 0.45552295],33,70,"[0.7707489216380763, 0.50684404151622]",1,-1
333,[0.78702386 0.35188253],33,46,"[0.8037369116250731, 0.3602249266684185]",1,1
334,[0.9067857  0.34712975],33,9,"[0.8920229449918298, 0.3707779627735049]",1,1
335,[0.75314186 0.37102319],33,46,"[0.8037369116250731, 0.3602249266684185]",1,0
336,[0.83125831 0.36926441],33,46,"[0.8037369116250731, 0.3602249266684185]",1,1
337,[0.88363465 0.34281592],33,9,"[0.8920229449918298, 0.3707779627735049]",1,1
338,[0.793532  0.4040638],33,46,"[0.8037369116250731, 0.3602249266684185]",-1,1
339,[0.78840169 0.35149805],33,46,"[0.8037369116250731, 0.3602249266684185]",1,1
340,[0.31740107 0.65931141],34,5,"[0.29943624207921615, 0.7021640581472074]",1,1
341,[0.28844599 0.67276139],34,5,"[0.29943624207921615, 0.7021640581472074]",1,1
342,[0.31753902 0.7085318 ],34,5,"[0.29943624207921615, 0.7021640581472074]",1,1
343,[0.34360386 0.75221286],34,1,"[0.3449532794629396, 0.7788979828676246]",1,1
344,[0.33648751 0.75362524],34,1,"[0.3449532794629396, 0.7788979828676246]",1,1
345,[0.3372721  0.79928734],34,1,"[0.3449532794629396, 0.7788979828676246]",1,1
346,[0.27936863 0.72457115],34,5,"[0.29943624207921615, 0.7021640581472074]",1,1
347,[0.3852873  0.76716918],34,1,"[0.3449532794629396, 0.7788979828676246]",1,1
348,[0.33319235 0.66494833],34,65,"[0.3534459247881473, 0.6268566371904563]",1,1
349,[0.34811365 0.70934667],34,5,"[0.29943624207921615, 0.7021640581472074]",1,1
350,[0.1729153  0.84207888],35,31,"[0.16440942734224115, 0.8408890205636902]",1,1
351,[0.16344558 0.80071596],35,31,"[0.16440942734224115, 0.8408890205636902]",1,1
352,[0.16556043 0.9417934 ],35,35,"[0.14577646031389888, 0.9198609943432723]",1,1
353,[0.25983182 0.86464475],35,4,"[0.25046227908795426, 0.8809692635349097]",1,1
354,[0.22780673 0.85626553],35,4,"[0.25046227908795426, 0.8809692635349097]",1,1
355,[0.24381339 0.92026421],35,4,"[0.25046227908795426, 0.8809692635349097]",1,1
356,[0.1798539  0.89609357],35,35,"[0.14577646031389888, 0.9198609943432723]",1,1
357,[0.23324656 0.92463796],35,4,"[0.25046227908795426, 0.8809692635349097]",1,1
358,[0.16612969 0.87203001],35,31,"[0.16440942734224115, 0.8408890205636902]",1,1
359,[0.21484304 0.86615777],35,4,"[0.25046227908795426, 0.8809692635349097]",1,1
360,[0.66561068 0.7897818 ],36,54,"[0.6612010205032498, 0.7693846343419412]",1,1
361,[0.63158808 0.8688248 ],36,40,"[0.5836185670693409, 0.8897358071108409]",1,1
362,[0.59300133 0.8794757 ],36,40,"[0.5836185670693409, 0.8897358071108409]",1,1
363,[0.59577969 0.86125629],36,40,"[0.5836185670693409, 0.8897358071108409]",1,1
364,[0.62555294 0.81221028],36,72,"[0.6198929441318362, 0.8155366235900601]",1,1
365,[0.6395187  0.79578411],36,72,"[0.6198929441318362, 0.8155366235900601]",1,1
366,[0.60512391 0.85224905],36,72,"[0.6198929441318362, 0.8155366235900601]",1,1
367,[0.61979431 0.80892665],36,72,"[0.6198929441318362, 0.8155366235900601]",1,1
368,[0.61863911 0.79884073],36,72,"[0.6198929441318362, 0.8155366235900601]",1,1
369,[0.6299714  0.78962812],36,72,"[0.6198929441318362, 0.8155366235900601]",1,1
370,[0.62166485 0.69830337],37,3,"[0.5818838190129024, 0.6743460747238831]",1,1
371,[0.66514225 0.72454873],37,54,"[0.6612010205032498, 0.7693846343419412]",1,1
372,[0.6613409  0.70271986],37,45,"[0.7120882601800862, 0.7092762603616896]",1,1
373,[0.6260363  0.74341206],37,54,"[0.6612010205032498, 0.7693846343419412]",1,1
374,[0.67452187 0.79302515],37,54,"[0.6612010205032498, 0.7693846343419412]",1,1
375,[0.56108007 0.71199175],37,66,"[0.5629262216536625, 0.7416480583063001]",1,1
376,[0.61479372 0.66652887],37,3,"[0.5818838190129024, 0.6743460747238831]",1,1
377,[0.60094518 0.70871838],37,3,"[0.5818838190129024, 0.6743460747238831]",1,1
378,[0.61235889 0.73859774],37,66,"[0.5629262216536625, 0.7416480583063001]",1,1
379,[0.61910367 0.75496664],37,54,"[0.6612010205032498, 0.7693846343419412]",1,1
380,[0.30474452 0.75792065],38,1,"[0.3449532794629396, 0.7788979828676246]",1,1
381,[0.39473682 0.83659252],38,32,"[0.4275293536542033, 0.8253234378533442]",1,1
382,[0.41123313 0.8207014 ],38,32,"[0.4275293536542033, 0.8253234378533442]",1,1
383,[0.43224958 0.79223789],38,32,"[0.4275293536542033, 0.8253234378533442]",1,1
384,[0.46230656 0.82902715],38,32,"[0.4275293536542033, 0.8253234378533442]",1,1
385,[0.44537984 0.88098164],38,32,"[0.4275293536542033, 0.8253234378533442]",1,1
386,[0.42885296 0.83739978],38,32,"[0.4275293536542033, 0.8253234378533442]",1,1
387,[0.35541708 0.86989084],38,43,"[0.33622387153865957, 0.868645706604107]",1,1
388,[0.41492312 0.81778822],38,32,"[0.4275293536542033, 0.8253234378533442]",1,1
389,[0.42690475 0.8735366 ],38,32,"[0.4275293536542033, 0.8253234378533442]",1,1
390,[0.09687011 0.51024453],39,51,"[0.11171978230692693, 0.48840318401943933]",1,1
391,[0.14870299 0.44613415],39,2,"[0.1994792894674267, 0.46679341124299595]",1,1
392,[0.13655565 0.4547147 ],39,51,"[0.11171978230692693, 0.48840318401943933]",1,1
393,[0.10901493 0.4835942 ],39,51,"[0.11171978230692693, 0.48840318401943933]",1,1
394,[0.15592158 0.4495629 ],39,2,"[0.1994792894674267, 0.46679341124299595]",1,1
395,[0.08048454 0.52725695],39,51,"[0.11171978230692693, 0.48840318401943933]",1,1
396,[0.16727498 0.48817058],39,2,"[0.1994792894674267, 0.46679341124299595]",1,1
397,[0.10086799 0.46077357],39,51,"[0.11171978230692693, 0.48840318401943933]",1,1
398,[0.13028965 0.43644619],39,51,"[0.11171978230692693, 0.48840318401943933]",1,1
399,[0.16918626 0.48045986],39,2,"[0.1994792894674267, 0.46679341124299595]",1,1
400,[0.19043949 0.86939344],40,31,"[0.16440942734224115, 0.8408890205636902]",1,1
401,[0.23676675 0.91446842],40,4,"[0.25046227908795426, 0.8809692635349097]",1,1
402,[0.16818987 0.85520363],40,31,"[0.16440942734224115, 0.8408890205636902]",1,1
403,[0.22907164 0.85781734],40,4,"[0.25046227908795426, 0.8809692635349097]",1,1
404,[0.19225241 0.9289416 ],40,35,"[0.14577646031389888, 0.9198609943432723]",1,1
405,[0.25405058 0.84090394],40,4,"[0.25046227908795426, 0.8809692635349097]",1,1
406,[0.17198857 0.9070329 ],40,35,"[0.14577646031389888, 0.9198609943432723]",1,1
407,[0.20518774 0.91015047],40,4,"[0.25046227908795426, 0.8809692635349097]",1,1
408,[0.22413663 0.86090691],40,4,"[0.25046227908795426, 0.8809692635349097]",1,1
409,[0.16065596 0.9173418 ],40,35,"[0.14577646031389888, 0.9198609943432723]",1,1
410,[0.85608939 0.26711646],41,17,"[0.838511009041314, 0.2776756765384589]",1,1
411,[0.84291888 0.27984594],41,17,"[0.838511009041314, 0.2776756765384589]",1,1
412,[0.84474657 0.21014118],41,17,"[0.838511009041314, 0.2776756765384589]",1,1
413,[0.76766096 0.28533907],41,81,"[0.7220949387378843, 0.30608529656321976]",1,1
414,[0.8675863 0.2622656],41,82,"[0.9001485369581391, 0.26179914415210587]",1,1
415,[0.79914566 0.2613231 ],41,17,"[0.838511009041314, 0.2776756765384589]",1,1
416,[0.82760891 0.37518134],41,46,"[0.8037369116250731, 0.3602249266684185]",1,1
417,[0.86337851 0.33594189],41,9,"[0.8920229449918298, 0.3707779627735049]",1,1
418,[0.80700375 0.18437947],41,10,"[0.7746761820607687, 0.21753892083103987]",1,1
419,[0.92265598 0.25811737],41,82,"[0.9001485369581391, 0.26179914415210587]",1,1
420,[0.38025129 0.32938371],42,29,"[0.40403537668128997, 0.3636538497460488]",1,1
421,[0.25876252 0.36918292],42,22,"[0.2858957308509703, 0.36075363142186195]",1,1
422,[0.33899489 0.38051749],42,33,"[0.3266738132568585, 0.4254776025891383]",1,1
423,[0.29316824 0.32497361],42,22,"[0.2858957308509703, 0.36075363142186195]",1,1
424,[0.35224173 0.29408511],42,37,"[0.3531069261231234, 0.2944050844070021]",1,1
425,[0.22931227 0.40523872],42,34,"[0.21147259375506475, 0.3945365199794081]",1,1
426,[0.33492026 0.30131413],42,37,"[0.3531069261231234, 0.2944050844070021]",1,1
427,[0.28461754 0.31909648],42,22,"[0.2858957308509703, 0.36075363142186195]",1,1
428,[0.27141395 0.30166409],42,48,"[0.28065255309332615, 0.2558365353382771]",1,1
429,[0.29775281 0.35412633],42,22,"[0.2858957308509703, 0.36075363142186195]",1,1
430,[0.1588023  0.96114164],43,35,"[0.14577646031389888, 0.9198609943432723]",-1,1
431,[0.15445868 0.85475173],43,31,"[0.16440942734224115, 0.8408890205636902]",1,1
432,[0.16927526 0.83393671],43,31,"[0.16440942734224115, 0.8408890205636902]",1,1
433,[0.11579512 0.9019591 ],43,35,"[0.14577646031389888, 0.9198609943432723]",1,1
434,[0.18317909 0.81193695],43,31,"[0.16440942734224115, 0.8408890205636902]",1,1
435,[0.13307287 0.86904358],43,31,"[0.16440942734224115, 0.8408890205636902]",1,1
436,[0.14549547 0.85228666],43,31,"[0.16440942734224115, 0.8408890205636902]",1,1
437,[0.20490411 0.93188309],43,35,"[0.14577646031389888, 0.9198609943432723]",1,1
438,[0.14607826 0.90663802],43,35,"[0.14577646031389888, 0.9198609943432723]",1,1
439,[0.18632893 0.87004132],43,31,"[0.16440942734224115, 0.8408890205636902]",1,1
440,[0.43922391 0.22423917],44,80,"[0.40081790672785284, 0.22003561508261243]",1,1
441,[0.47050757 0.24760861],44,19,"[0.5076080865238329, 0.25600365657594254]",1,1
442,[0.45915266 0.26219802],44,19,"[0.5076080865238329, 0.25600365657594254]",1,1
443,[0.39942009 0.24083419],44,80,"[0.40081790672785284, 0.22003561508261243]",1,1
444,[0.45125006 0.24240244],44,80,"[0.40081790672785284, 0.22003561508261243]",1,1
445,[0.39528422 0.30819799],44,37,"[0.3531069261231234, 0.2944050844070021]",1,1
446,[0.35769034 0.27963111],44,37,"[0.3531069261231234, 0.2944050844070021]",1,1
447,[0.41300833 0.37700792],44,29,"[0.40403537668128997, 0.3636538497460488]",1,1
448,[0.38007339 0.29972166],44,37,"[0.3531069261231234, 0.2944050844070021]",1,1
449,[0.37398208 0.29265878],44,37,"[0.3531069261231234, 0.2944050844070021]",1,1
450,[0.20812809 0.31304864],45,21,"[0.2217463723141326, 0.3098815799613793]",1,1
451,[0.16051985 0.3274418 ],45,58,"[0.13961731213118878, 0.32693163644069556]",1,1
452,[0.14374637 0.37475608],45,58,"[0.13961731213118878, 0.32693163644069556]",1,1
453,[0.15206157 0.32227424],45,58,"[0.13961731213118878, 0.32693163644069556]",1,1
454,[0.11326087 0.39613487],45,-1,-1,-1,1
455,[0.12554843 0.36300311],45,58,"[0.13961731213118878, 0.32693163644069556]",1,1
456,[0.17528392 0.31325759],45,58,"[0.13961731213118878, 0.32693163644069556]",1,1
457,[0.16931088 0.29812705],45,58,"[0.13961731213118878, 0.32693163644069556]",1,1
458,[0.15841127 0.28115385],45,58,"[0.13961731213118878, 0.32693163644069556]",1,1
459,[0.23638681 0.3272558 ],45,21,"[0.2217463723141326, 0.3098815799613793]",1,1
460,[0.20265745 0.53524762],46,8,"[0.18946557254026142, 0.5437382222919442]",1,1
461,[0.19542332 0.59089231],46,8,"[0.18946557254026142, 0.5437382222919442]",1,1
462,[0.19833111 0.60130339],46,0,"[0.1864657171780098, 0.6453008438767196]",1,1
463,[0.15424305 0.6661701 ],46,0,"[0.1864657171780098, 0.6453008438767196]",1,1
464,[0.09844667 0.53908615],46,51,"[0.11171978230692693, 0.48840318401943933]",1,1
465,[0.12615221 0.66125144],46,16,"[0.12086064045921278, 0.6907713353566621]",1,1
466,[0.14886708 0.55976183],46,36,"[0.12645391464206665, 0.5881277449330531]",1,1
467,[0.19166207 0.54330992],46,8,"[0.18946557254026142, 0.5437382222919442]",1,1
468,[0.23217219 0.45114351],46,2,"[0.1994792894674267, 0.46679341124299595]",1,1
469,[0.16656465 0.53616087],46,8,"[0.18946557254026142, 0.5437382222919442]",1,1
470,[0.58538948 0.49078694],47,53,"[0.6173378545423917, 0.5109812817894804]",1,1
471,[0.68685552 0.46910628],47,42,"[0.7030521778160838, 0.5163269636763479]",1,1
472,[0.66314077 0.51315685],47,42,"[0.7030521778160838, 0.5163269636763479]",1,1
473,[0.61908353 0.54199186],47,53,"[0.6173378545423917, 0.5109812817894804]",1,1
474,[0.64434438 0.4982952 ],47,53,"[0.6173378545423917, 0.5109812817894804]",1,1
475,[0.71538864 0.49208008],47,42,"[0.7030521778160838, 0.5163269636763479]",1,1
476,[0.64753705 0.52611567],47,53,"[0.6173378545423917, 0.5109812817894804]",1,1
477,[0.63156413 0.5548655 ],47,53,"[0.6173378545423917, 0.5109812817894804]",1,1
478,[0.6219393  0.50862765],47,53,"[0.6173378545423917, 0.5109812817894804]",1,1
479,[0.66235418 0.5149067 ],47,42,"[0.7030521778160838, 0.5163269636763479]",1,1
480,[0.08832208 0.60928544],48,36,"[0.12645391464206665, 0.5881277449330531]",1,1
481,[0.09971062 0.49686755],48,51,"[0.11171978230692693, 0.48840318401943933]",1,1
482,[0.14438017 0.53905654],48,8,"[0.18946557254026142, 0.5437382222919442]",1,1
483,[0.08958723 0.53988476],48,51,"[0.11171978230692693, 0.48840318401943933]",1,1
484,[0.16103484 0.55467721],48,8,"[0.18946557254026142, 0.5437382222919442]",1,1
485,[0.1376446  0.57850187],48,36,"[0.12645391464206665, 0.5881277449330531]",1,1
486,[0.1132326  0.54275584],48,36,"[0.12645391464206665, 0.5881277449330531]",1,1
487,[0.10459784 0.55594902],48,36,"[0.12645391464206665, 0.5881277449330531]",1,1
488,[0.05493409 0.52750224],48,51,"[0.11171978230692693, 0.48840318401943933]",-1,-1
489,[0.20941902 0.54681654],48,8,"[0.18946557254026142, 0.5437382222919442]",1,1
490,[0.14937931 0.3145089 ],49,58,"[0.13961731213118878, 0.32693163644069556]",1,1
491,[0.07709179 0.2952368 ],49,-1,-1,-1,-1
492,[0.16782668 0.23053654],49,56,"[0.1551681502019597, 0.230196588205808]",1,1
493,[0.17521743 0.19792707],49,56,"[0.1551681502019597, 0.230196588205808]",1,1
494,[0.16633637 0.22591829],49,56,"[0.1551681502019597, 0.230196588205808]",1,1
495,[0.15242575 0.31889012],49,58,"[0.13961731213118878, 0.32693163644069556]",1,1
496,[0.06197477 0.2568361 ],49,-1,-1,-1,-1
497,[0.14831636 0.33005756],49,58,"[0.13961731213118878, 0.32693163644069556]",1,1
498,[0.12674279 0.25178995],49,56,"[0.1551681502019597, 0.230196588205808]",1,1
499,[0.18556475 0.36590231],49,34,"[0.21147259375506475, 0.3945365199794081]",1,1
500,[0.73152223 0.70781789],50,45,"[0.7120882601800862, 0.7092762603616896]",1,1
501,[0.74477428 0.63463467],50,24,"[0.7526498461649456, 0.6345279392627485]",1,1
502,[0.77869648 0.68114365],50,69,"[0.7877467747445478, 0.7240573746994867]",1,1
503,[0.67013167 0.65561886],50,27,"[0.6778473174633682, 0.6085038911695436]",1,1
504,[0.71243661 0.60466415],50,27,"[0.6778473174633682, 0.6085038911695436]",1,1
505,[0.76827019 0.59000583],50,24,"[0.7526498461649456, 0.6345279392627485]",1,1
506,[0.732095   0.69437656],50,45,"[0.7120882601800862, 0.7092762603616896]",1,1
507,[0.66044935 0.63645282],50,27,"[0.6778473174633682, 0.6085038911695436]",1,1
508,[0.74179252 0.58622638],50,24,"[0.7526498461649456, 0.6345279392627485]",1,1
509,[0.68153218 0.61208857],50,27,"[0.6778473174633682, 0.6085038911695436]",1,1
510,[0.26457767 0.76821407],51,39,"[0.2519241217546056, 0.7871687126899874]",1,1
511,[0.26830598 0.76924582],51,39,"[0.2519241217546056, 0.7871687126899874]",1,1
512,[0.31469953 0.79472364],51,1,"[0.3449532794629396, 0.7788979828676246]",1,1
513,[0.26862473 0.83525186],51,4,"[0.25046227908795426, 0.8809692635349097]",1,1
514,[0.27924715 0.81426632],51,39,"[0.2519241217546056, 0.7871687126899874]",1,1
515,[0.2512265  0.87888127],51,4,"[0.25046227908795426, 0.8809692635349097]",1,1
516,[0.2223972  0.84417159],51,4,"[0.25046227908795426, 0.8809692635349097]",1,1
517,[0.25297595 0.76904424],51,39,"[0.2519241217546056, 0.7871687126899874]",1,1
518,[0.18064312 0.74892098],51,6,"[0.20079047608971543, 0.7407222662420908]",1,1
519,[0.32564064 0.84169404],51,43,"[0.33622387153865957, 0.868645706604107]",1,1
520,[0.89593636 0.62167182],52,73,"[0.8696788280355823, 0.5956259531554196]",1,1
521,[0.92278328 0.63931234],52,73,"[0.8696788280355823, 0.5956259531554196]",-1,1
522,[0.87219943 0.60837378],52,73,"[0.8696788280355823, 0.5956259531554196]",1,1
523,[0.84534725 0.66204538],52,71,"[0.8758881018187182, 0.6900443044052346]",1,1
524,[0.87259183 0.62097929],52,73,"[0.8696788280355823, 0.5956259531554196]",1,1
525,[0.85656003 0.6315969 ],52,73,"[0.8696788280355823, 0.5956259531554196]",1,1
526,[0.87918194 0.56878752],52,73,"[0.8696788280355823, 0.5956259531554196]",-1,1
527,[0.93530825 0.56025156],52,-1,-1,-1,-1
528,[0.85297941 0.6353762 ],52,73,"[0.8696788280355823, 0.5956259531554196]",1,1
529,[0.89929857 0.64337183],52,71,"[0.8758881018187182, 0.6900443044052346]",1,1
530,[0.52850582 0.78996002],53,55,"[0.5088035931815811, 0.7685309669878322]",1,1
531,[0.62542658 0.90428913],53,40,"[0.5836185670693409, 0.8897358071108409]",1,1
532,[0.60313201 0.82646493],53,72,"[0.6198929441318362, 0.8155366235900601]",1,1
533,[0.56064437 0.82741936],53,78,"[0.5575952950612607, 0.8220849553766181]",1,1
534,[0.56304708 0.86812331],53,40,"[0.5836185670693409, 0.8897358071108409]",1,1
535,[0.54269378 0.82076736],53,78,"[0.5575952950612607, 0.8220849553766181]",1,1
536,[0.55190826 0.80293947],53,78,"[0.5575952950612607, 0.8220849553766181]",1,1
537,[0.57827513 0.8484302 ],53,78,"[0.5575952950612607, 0.8220849553766181]",1,1
538,[0.570664  0.8449548],53,78,"[0.5575952950612607, 0.8220849553766181]",1,1
539,[0.57163939 0.86363988],53,40,"[0.5836185670693409, 0.8897358071108409]",1,1
540,[0.59020325 0.89634861],54,40,"[0.5836185670693409, 0.8897358071108409]",1,1
541,[0.54638232 0.85128341],54,78,"[0.5575952950612607, 0.8220849553766181]",1,1
542,[0.53747842 0.79900099],54,78,"[0.5575952950612607, 0.8220849553766181]",1,1
543,[0.60015617 0.80607411],54,72,"[0.6198929441318362, 0.8155366235900601]",1,1
544,[0.55040013 0.7403508 ],54,66,"[0.5629262216536625, 0.7416480583063001]",1,1
545,[0.61190706 0.84396314],54,72,"[0.6198929441318362, 0.8155366235900601]",1,1
546,[0.50511848 0.84068415],54,62,"[0.49853266209702696, 0.856586317049283]",1,1
547,[0.63329843 0.81784711],54,72,"[0.6198929441318362, 0.8155366235900601]",1,1
548,[0.60300631 0.89356849],54,40,"[0.5836185670693409, 0.8897358071108409]",1,1
549,[0.6152666  0.75625018],54,54,"[0.6612010205032498, 0.7693846343419412]",1,1
550,[0.488679   0.37589566],55,23,"[0.5227781935674594, 0.35420306506931026]",1,1
551,[0.43373145 0.44929126],55,50,"[0.4107339385299009, 0.46268185753257546]",1,1
552,[0.48797224 0.39057294],55,23,"[0.5227781935674594, 0.35420306506931026]",1,1
553,[0.47913964 0.34536779],55,23,"[0.5227781935674594, 0.35420306506931026]",1,1
554,[0.40080382 0.35923996],55,29,"[0.40403537668128997, 0.3636538497460488]",1,1
555,[0.50229002 0.38577453],55,23,"[0.5227781935674594, 0.35420306506931026]",1,1
556,[0.46129937 0.32509823],55,20,"[0.4420710618793585, 0.3102097401393955]",1,1
557,[0.51674672 0.42370276],55,15,"[0.5243990320030668, 0.4567415410407343]",1,1
558,[0.46365062 0.37135528],55,29,"[0.40403537668128997, 0.3636538497460488]",1,1
559,[0.54945179 0.34234597],55,23,"[0.5227781935674594, 0.35420306506931026]",1,1
560,[0.75905331 0.26828567],56,81,"[0.7220949387378843, 0.30608529656321976]",1,1
561,[0.70102021 0.25164077],56,25,"[0.6890638445367717, 0.23767456904374304]",1,1
562,[0.6869411  0.26051386],56,25,"[0.6890638445367717, 0.23767456904374304]",1,1
563,[0.63912978 0.28417177],56,12,"[0.6044300822264704, 0.32178087010097706]",1,1
564,[0.71772815 0.14174387],56,13,"[0.7021335477514611, 0.14044104057492626]",1,1
565,[0.71348129 0.23243019],56,25,"[0.6890638445367717, 0.23767456904374304]",1,1
566,[0.70796278 0.28138038],56,81,"[0.7220949387378843, 0.30608529656321976]",1,1
567,[0.72146349 0.251776  ],56,25,"[0.6890638445367717, 0.23767456904374304]",1,1
568,[0.73996741 0.26006844],56,81,"[0.7220949387378843, 0.30608529656321976]",1,1
569,[0.62942486 0.19456333],56,18,"[0.6060740821281893, 0.20040535896109252]",1,1
570,[0.31798514 0.07425458],57,57,"[0.3400855583115018, 0.09032247813752421]",1,1
571,[0.35080551 0.10354098],57,57,"[0.3400855583115018, 0.09032247813752421]",1,1
572,[0.27446312 0.17582992],57,28,"[0.23174643782401028, 0.15194845205961457]",1,1
573,[0.36866776 0.10045468],57,57,"[0.3400855583115018, 0.09032247813752421]",1,1
574,[0.30986998 0.08961922],57,57,"[0.3400855583115018, 0.09032247813752421]",1,1
575,[0.31713508 0.11498232],57,57,"[0.3400855583115018, 0.09032247813752421]",1,1
576,[0.2662202  0.11505038],57,28,"[0.23174643782401028, 0.15194845205961457]",1,1
577,[0.31690025 0.09879503],57,57,"[0.3400855583115018, 0.09032247813752421]",1,1
578,[0.33420696 0.13021761],57,57,"[0.3400855583115018, 0.09032247813752421]",1,1
579,[0.29318061 0.06790674],57,57,"[0.3400855583115018, 0.09032247813752421]",1,1
580,[0.2990371  0.85954835],58,43,"[0.33622387153865957, 0.868645706604107]",1,1
581,[0.24395719 0.75847297],58,39,"[0.2519241217546056, 0.7871687126899874]",1,1
582,[0.32946051 0.78073581],58,1,"[0.3449532794629396, 0.7788979828676246]",1,1
583,[0.37430459 0.78268285],58,1,"[0.3449532794629396, 0.7788979828676246]",1,1
584,[0.31096577 0.82895728],58,43,"[0.33622387153865957, 0.868645706604107]",1,1
585,[0.33389655 0.85108735],58,43,"[0.33622387153865957, 0.868645706604107]",1,1
586,[0.31374412 0.81210598],58,1,"[0.3449532794629396, 0.7788979828676246]",1,1
587,[0.30287833 0.86606557],58,43,"[0.33622387153865957, 0.868645706604107]",1,1
588,[0.23949873 0.77842235],58,39,"[0.2519241217546056, 0.7871687126899874]",1,1
589,[0.33510075 0.76164783],58,1,"[0.3449532794629396, 0.7788979828676246]",1,1
590,[0.47840922 0.60194499],59,14,"[0.48596467570789575, 0.6175710149997509]",1,1
591,[0.44825217 0.52412444],59,7,"[0.4543064653294918, 0.5314518603771107]",1,1
592,[0.4235336  0.68518309],59,47,"[0.4088945736368116, 0.679271809562947]",1,1
593,[0.37937542 0.57222105],59,30,"[0.39303582202011716, 0.5743870920066177]",1,1
594,[0.43185535 0.56434658],59,7,"[0.4543064653294918, 0.5314518603771107]",1,1
595,[0.3630188  0.63496662],59,65,"[0.3534459247881473, 0.6268566371904563]",1,1
596,[0.49036818 0.70744936],59,68,"[0.47310982320829337, 0.7137149666420596]",1,1
597,[0.42240465 0.53778228],59,7,"[0.4543064653294918, 0.5314518603771107]",1,1
598,[0.39591437 0.54879271],59,30,"[0.39303582202011716, 0.5743870920066177]",1,1
599,[0.48710935 0.57790617],59,14,"[0.48596467570789575, 0.6175710149997509]",1,1
600,[0.63574602 0.43193333],60,52,"[0.6366749700049639, 0.4102593360454644]",1,1
601,[0.49322237 0.34293165],60,23,"[0.5227781935674594, 0.35420306506931026]",1,1
602,[0.57647177 0.32476257],60,12,"[0.6044300822264704, 0.32178087010097706]",1,1
603,[0.54018404 0.36915478],60,23,"[0.5227781935674594, 0.35420306506931026]",1,1
604,[0.52272718 0.36762649],60,23,"[0.5227781935674594, 0.35420306506931026]",1,1
605,[0.56642534 0.36094434],60,23,"[0.5227781935674594, 0.35420306506931026]",1,1
606,[0.53629435 0.40975923],60,15,"[0.5243990320030668, 0.4567415410407343]",1,1
607,[0.51413788 0.33796362],60,23,"[0.5227781935674594, 0.35420306506931026]",1,1
608,[0.59289447 0.32826008],60,12,"[0.6044300822264704, 0.32178087010097706]",1,1
609,[0.48710177 0.39432485],60,23,"[0.5227781935674594, 0.35420306506931026]",1,1
610,[0.6944328  0.70077852],61,45,"[0.7120882601800862, 0.7092762603616896]",1,1
611,[0.7708573  0.73877062],61,69,"[0.7877467747445478, 0.7240573746994867]",1,1
612,[0.74012207 0.69126554],61,45,"[0.7120882601800862, 0.7092762603616896]",1,1
613,[0.7674982  0.64493311],61,24,"[0.7526498461649456, 0.6345279392627485]",1,1
614,[0.74408264 0.6930347 ],61,45,"[0.7120882601800862, 0.7092762603616896]",1,1
615,[0.7422156  0.71125285],61,45,"[0.7120882601800862, 0.7092762603616896]",1,1
616,[0.72998988 0.67088431],61,45,"[0.7120882601800862, 0.7092762603616896]",1,1
617,[0.77122488 0.63121453],61,24,"[0.7526498461649456, 0.6345279392627485]",1,1
618,[0.73039419 0.7298414 ],61,45,"[0.7120882601800862, 0.7092762603616896]",1,1
619,[0.75706957 0.66802826],61,24,"[0.7526498461649456, 0.6345279392627485]",1,1
620,[0.87144577 0.19395716],62,-1,-1,1,1
621,[0.86920995 0.13595169],62,67,"[0.8827087449283146, 0.12344710172507338]",1,1
622,[0.88668099 0.11450438],62,67,"[0.8827087449283146, 0.12344710172507338]",1,1
623,[0.79932912 0.14697741],62,11,"[0.7959184624926093, 0.11918080536582887]",1,1
624,[0.75678742 0.15070505],62,11,"[0.7959184624926093, 0.11918080536582887]",1,1
625,[0.88718144 0.08187314],62,67,"[0.8827087449283146, 0.12344710172507338]",1,1
626,[0.86134255 0.12705002],62,67,"[0.8827087449283146, 0.12344710172507338]",1,1
627,[0.8038321  0.23365562],62,10,"[0.7746761820607687, 0.21753892083103987]",1,1
628,[0.89240785 0.16999659],62,67,"[0.8827087449283146, 0.12344710172507338]",1,1
629,[0.88236328 0.19203017],62,67,"[0.8827087449283146, 0.12344710172507338]",1,1
630,[0.54645833 0.45974462],63,15,"[0.5243990320030668, 0.4567415410407343]",1,1
631,[0.48645239 0.49265889],63,7,"[0.4543064653294918, 0.5314518603771107]",1,1
632,[0.48650626 0.42840695],63,15,"[0.5243990320030668, 0.4567415410407343]",1,1
633,[0.50514962 0.4531335 ],63,15,"[0.5243990320030668, 0.4567415410407343]",1,1
634,[0.50264796 0.49538777],63,15,"[0.5243990320030668, 0.4567415410407343]",1,1
635,[0.56240161 0.44397183],63,15,"[0.5243990320030668, 0.4567415410407343]",1,1
636,[0.47605072 0.52419668],63,7,"[0.4543064653294918, 0.5314518603771107]",1,1
637,[0.45499677 0.47915497],63,50,"[0.4107339385299009, 0.46268185753257546]",1,1
638,[0.53337027 0.51261434],63,44,"[0.5470489204681213, 0.5454727393163525]",1,1
639,[0.50921752 0.43375756],63,15,"[0.5243990320030668, 0.4567415410407343]",1,1
640,[0.13898583 0.61796606],64,36,"[0.12645391464206665, 0.5881277449330531]",1,1
641,[0.17148176 0.57241094],64,8,"[0.18946557254026142, 0.5437382222919442]",1,1
642,[0.12177764 0.55472985],64,36,"[0.12645391464206665, 0.5881277449330531]",1,1
643,[0.12902561 0.56772089],64,36,"[0.12645391464206665, 0.5881277449330531]",1,1
644,[0.20340561 0.52484977],64,8,"[0.18946557254026142, 0.5437382222919442]",1,1
645,[0.20525577 0.62561722],64,0,"[0.1864657171780098, 0.6453008438767196]",1,1
646,[0.21859737 0.61752013],64,0,"[0.1864657171780098, 0.6453008438767196]",1,1
647,[0.25321459 0.56255296],64,59,"[0.2700743728805862, 0.5988566786157346]",1,1
648,[0.10921445 0.60892778],64,36,"[0.12645391464206665, 0.5881277449330531]",1,1
649,[0.21610634 0.57542715],64,8,"[0.18946557254026142, 0.5437382222919442]",1,1
650,[0.1393571  0.35297984],65,58,"[0.13961731213118878, 0.32693163644069556]",1,1
651,[0.21255426 0.37396197],65,34,"[0.21147259375506475, 0.3945365199794081]",1,1
652,[0.22149534 0.32899265],65,21,"[0.2217463723141326, 0.3098815799613793]",1,1
653,[0.19358052 0.36905153],65,34,"[0.21147259375506475, 0.3945365199794081]",1,1
654,[0.20098075 0.31268666],65,21,"[0.2217463723141326, 0.3098815799613793]",1,1
655,[0.21860691 0.32124374],65,21,"[0.2217463723141326, 0.3098815799613793]",1,1
656,[0.18399013 0.32770186],65,21,"[0.2217463723141326, 0.3098815799613793]",1,1
657,[0.14258946 0.27020529],65,56,"[0.1551681502019597, 0.230196588205808]",1,1
658,[0.15611034 0.34758496],65,58,"[0.13961731213118878, 0.32693163644069556]",1,1
659,[0.16142114 0.33797904],65,58,"[0.13961731213118878, 0.32693163644069556]",1,1
660,[0.72201468 0.61768365],66,24,"[0.7526498461649456, 0.6345279392627485]",1,1
661,[0.76955049 0.71944919],66,69,"[0.7877467747445478, 0.7240573746994867]",1,1
662,[0.69440589 0.62421208],66,27,"[0.6778473174633682, 0.6085038911695436]",1,1
663,[0.69950353 0.67550924],66,45,"[0.7120882601800862, 0.7092762603616896]",1,1
664,[0.73187343 0.66487477],66,24,"[0.7526498461649456, 0.6345279392627485]",1,1
665,[0.77503235 0.62336319],66,24,"[0.7526498461649456, 0.6345279392627485]",1,1
666,[0.70974557 0.6018351 ],66,27,"[0.6778473174633682, 0.6085038911695436]",1,1
667,[0.70454135 0.57004271],66,27,"[0.6778473174633682, 0.6085038911695436]",1,1
668,[0.68036831 0.59463336],66,27,"[0.6778473174633682, 0.6085038911695436]",1,1
669,[0.70545149 0.72356598],66,45,"[0.7120882601800862, 0.7092762603616896]",1,1
670,[0.27654378 0.35211126],67,22,"[0.2858957308509703, 0.36075363142186195]",1,1
671,[0.2347865  0.39506906],67,34,"[0.21147259375506475, 0.3945365199794081]",1,1
672,[0.2145799  0.34398021],67,21,"[0.2217463723141326, 0.3098815799613793]",1,1
673,[0.22640203 0.37676115],67,34,"[0.21147259375506475, 0.3945365199794081]",1,1
674,[0.2762921  0.27554816],67,48,"[0.28065255309332615, 0.2558365353382771]",1,1
675,[0.26497791 0.29452428],67,48,"[0.28065255309332615, 0.2558365353382771]",1,1
676,[0.24537135 0.27490878],67,48,"[0.28065255309332615, 0.2558365353382771]",1,1
677,[0.29905105 0.41221985],67,33,"[0.3266738132568585, 0.4254776025891383]",1,1
678,[0.24491278 0.28835652],67,21,"[0.2217463723141326, 0.3098815799613793]",1,1
679,[0.26578224 0.37428391],67,22,"[0.2858957308509703, 0.36075363142186195]",1,1
680,[0.26615023 0.62384177],68,59,"[0.2700743728805862, 0.5988566786157346]",1,1
681,[0.20425639 0.7355026 ],68,6,"[0.20079047608971543, 0.7407222662420908]",1,1
682,[0.2241984  0.72416695],68,6,"[0.20079047608971543, 0.7407222662420908]",1,1
683,[0.21026499 0.6718601 ],68,0,"[0.1864657171780098, 0.6453008438767196]",1,1
684,[0.19783376 0.67904448],68,0,"[0.1864657171780098, 0.6453008438767196]",1,1
685,[0.23230907 0.7399413 ],68,6,"[0.20079047608971543, 0.7407222662420908]",1,1
686,[0.22585767 0.6567143 ],68,0,"[0.1864657171780098, 0.6453008438767196]",1,1
687,[0.27403094 0.68756402],68,5,"[0.29943624207921615, 0.7021640581472074]",1,1
688,[0.19150136 0.64086207],68,0,"[0.1864657171780098, 0.6453008438767196]",1,1
689,[0.30796481 0.67097038],68,5,"[0.29943624207921615, 0.7021640581472074]",1,1
690,[0.55161128 0.27378209],69,19,"[0.5076080865238329, 0.25600365657594254]",1,1
691,[0.51211539 0.26532892],69,19,"[0.5076080865238329, 0.25600365657594254]",1,1
692,[0.49520629 0.30606638],69,19,"[0.5076080865238329, 0.25600365657594254]",1,1
693,[0.50946445 0.28891073],69,19,"[0.5076080865238329, 0.25600365657594254]",1,1
694,[0.50671942 0.17184649],69,41,"[0.48586316440081384, 0.14889066010968405]",1,1
695,[0.50356802 0.22344169],69,19,"[0.5076080865238329, 0.25600365657594254]",1,1
696,[0.51491346 0.26801448],69,19,"[0.5076080865238329, 0.25600365657594254]",1,1
697,[0.53239726 0.24474695],69,19,"[0.5076080865238329, 0.25600365657594254]",1,1
698,[0.56283335 0.30547969],69,12,"[0.6044300822264704, 0.32178087010097706]",1,1
699,[0.49131205 0.23751992],69,19,"[0.5076080865238329, 0.25600365657594254]",1,1
700,[0.44361854 0.66450055],70,47,"[0.4088945736368116, 0.679271809562947]",1,1
701,[0.50988814 0.53699256],70,44,"[0.5470489204681213, 0.5454727393163525]",1,1
702,[0.4358483  0.57038355],70,30,"[0.39303582202011716, 0.5743870920066177]",1,1
703,[0.53601198 0.59158154],70,44,"[0.5470489204681213, 0.5454727393163525]",1,1
704,[0.44521167 0.57761256],70,7,"[0.4543064653294918, 0.5314518603771107]",1,1
705,[0.47822483 0.60684436],70,14,"[0.48596467570789575, 0.6175710149997509]",1,1
706,[0.5083444  0.65344372],70,14,"[0.48596467570789575, 0.6175710149997509]",1,1
707,[0.41356203 0.58498852],70,30,"[0.39303582202011716, 0.5743870920066177]",1,1
708,[0.39819759 0.58114195],70,30,"[0.39303582202011716, 0.5743870920066177]",1,1
709,[0.48537994 0.57848355],70,14,"[0.48596467570789575, 0.6175710149997509]",1,1
710,[0.54921097 0.30651036],71,23,"[0.5227781935674594, 0.35420306506931026]",1,1
711,[0.5240916  0.29699433],71,19,"[0.5076080865238329, 0.25600365657594254]",1,1
712,[0.44514039 0.32081774],71,20,"[0.4420710618793585, 0.3102097401393955]",1,1
713,[0.46732344 0.28430967],71,20,"[0.4420710618793585, 0.3102097401393955]",1,1
714,[0.42406508 0.33216103],71,20,"[0.4420710618793585, 0.3102097401393955]",1,1
715,[0.44300215 0.35886916],71,29,"[0.40403537668128997, 0.3636538497460488]",1,1
716,[0.45901508 0.28689917],71,20,"[0.4420710618793585, 0.3102097401393955]",1,1
717,[0.47734849 0.30833851],71,20,"[0.4420710618793585, 0.3102097401393955]",1,1
718,[0.46612759 0.29501129],71,20,"[0.4420710618793585, 0.3102097401393955]",1,1
719,[0.52161127 0.35207236],71,23,"[0.5227781935674594, 0.35420306506931026]",1,1
720,[0.81595834 0.72030705],72,69,"[0.7877467747445478, 0.7240573746994867]",1,1
721,[0.81176882 0.76491617],72,69,"[0.7877467747445478, 0.7240573746994867]",1,1
722,[0.85952076 0.66567352],72,71,"[0.8758881018187182, 0.6900443044052346]",1,1
723,[0.76582776 0.6225838 ],72,24,"[0.7526498461649456, 0.6345279392627485]",1,1
724,[0.87639987 0.6766065 ],72,71,"[0.8758881018187182, 0.6900443044052346]",1,1
725,[0.8802828  0.62892927],72,73,"[0.8696788280355823, 0.5956259531554196]",1,1
726,[0.82582783 0.6953426 ],72,69,"[0.7877467747445478, 0.7240573746994867]",1,1
727,[0.77831488 0.70690758],72,69,"[0.7877467747445478, 0.7240573746994867]",1,1
728,[0.87457059 0.75607007],72,71,"[0.8758881018187182, 0.6900443044052346]",-1,1
729,[0.76156166 0.68962447],72,69,"[0.7877467747445478, 0.7240573746994867]",1,1
730,[0.66101551 0.25666046],73,25,"[0.6890638445367717, 0.23767456904374304]",1,1
731,[0.62532898 0.19880513],73,18,"[0.6060740821281893, 0.20040535896109252]",1,1
732,[0.66749319 0.16140237],73,13,"[0.7021335477514611, 0.14044104057492626]",1,1
733,[0.64182605 0.25189542],73,25,"[0.6890638445367717, 0.23767456904374304]",1,1
734,[0.62970671 0.19449569],73,18,"[0.6060740821281893, 0.20040535896109252]",1,1
735,[0.66344536 0.19396815],73,25,"[0.6890638445367717, 0.23767456904374304]",1,1
736,[0.62570063 0.19867225],73,18,"[0.6060740821281893, 0.20040535896109252]",1,1
737,[0.67538063 0.23752239],73,25,"[0.6890638445367717, 0.23767456904374304]",1,1
738,[0.72315354 0.25084474],73,25,"[0.6890638445367717, 0.23767456904374304]",1,1
739,[0.68038241 0.22050162],73,25,"[0.6890638445367717, 0.23767456904374304]",1,1
740,[0.13941672 0.89509538],74,35,"[0.14577646031389888, 0.9198609943432723]",1,1
741,[0.22237982 0.89212191],74,4,"[0.25046227908795426, 0.8809692635349097]",1,1
742,[0.2477738  0.86867001],74,4,"[0.25046227908795426, 0.8809692635349097]",1,1
743,[0.16194396 0.86792438],74,31,"[0.16440942734224115, 0.8408890205636902]",1,1
744,[0.18240415 0.91375056],74,35,"[0.14577646031389888, 0.9198609943432723]",1,1
745,[0.2540351  0.85755577],74,4,"[0.25046227908795426, 0.8809692635349097]",1,1
746,[0.2569922  0.88979601],74,4,"[0.25046227908795426, 0.8809692635349097]",1,1
747,[0.21073798 0.7548037 ],74,6,"[0.20079047608971543, 0.7407222662420908]",1,1
748,[0.20747894 0.96419025],74,-1,-1,-1,1
749,[0.1589424  0.83030416],74,31,"[0.16440942734224115, 0.8408890205636902]",1,1
750,[0.58869448 0.22290731],75,18,"[0.6060740821281893, 0.20040535896109252]",1,1
751,[0.59502367 0.20703899],75,18,"[0.6060740821281893, 0.20040535896109252]",1,1
752,[0.6365017  0.23060177],75,18,"[0.6060740821281893, 0.20040535896109252]",1,1
753,[0.6179496 0.1824645],75,18,"[0.6060740821281893, 0.20040535896109252]",1,1
754,[0.57432112 0.23252502],75,18,"[0.6060740821281893, 0.20040535896109252]",1,1
755,[0.61199798 0.1861771 ],75,18,"[0.6060740821281893, 0.20040535896109252]",1,1
756,[0.68576875 0.23585789],75,25,"[0.6890638445367717, 0.23767456904374304]",1,1
757,[0.64214069 0.20969531],75,18,"[0.6060740821281893, 0.20040535896109252]",1,1
758,[0.60703383 0.22715999],75,18,"[0.6060740821281893, 0.20040535896109252]",1,1
759,[0.66086832 0.2227681 ],75,25,"[0.6890638445367717, 0.23767456904374304]",1,1
760,[0.58397171 0.38734483],76,52,"[0.6366749700049639, 0.4102593360454644]",1,1
761,[0.56220276 0.43956799],76,15,"[0.5243990320030668, 0.4567415410407343]",1,1
762,[0.62341463 0.37088084],76,52,"[0.6366749700049639, 0.4102593360454644]",1,1
763,[0.54621966 0.33511697],76,23,"[0.5227781935674594, 0.35420306506931026]",1,1
764,[0.6543892 0.3194125],76,12,"[0.6044300822264704, 0.32178087010097706]",1,1
765,[0.56982682 0.31993475],76,12,"[0.6044300822264704, 0.32178087010097706]",1,1
766,[0.5578385  0.33481611],76,23,"[0.5227781935674594, 0.35420306506931026]",1,1
767,[0.53147338 0.42623382],76,15,"[0.5243990320030668, 0.4567415410407343]",1,1
768,[0.59987855 0.32622   ],76,12,"[0.6044300822264704, 0.32178087010097706]",1,1
769,[0.52742421 0.38561576],76,23,"[0.5227781935674594, 0.35420306506931026]",1,1
770,[0.84740398 0.08681451],77,67,"[0.8827087449283146, 0.12344710172507338]",1,1
771,[0.84415475 0.19787153],77,-1,-1,1,1
772,[0.98992556 0.07221406],77,-1,-1,-1,-1
773,[0.85935851 0.16518913],77,67,"[0.8827087449283146, 0.12344710172507338]",1,1
774,[0.81532562 0.14834556],77,11,"[0.7959184624926093, 0.11918080536582887]",1,1
775,[0.81701927 0.11355198],77,11,"[0.7959184624926093, 0.11918080536582887]",1,1
776,[0.8212137  0.08973473],77,11,"[0.7959184624926093, 0.11918080536582887]",1,1
777,[0.86225475 0.06020422],77,67,"[0.8827087449283146, 0.12344710172507338]",1,1
778,[0.85868485 0.10247461],77,67,"[0.8827087449283146, 0.12344710172507338]",1,1
779,[0.80039901 0.10554816],77,11,"[0.7959184624926093, 0.11918080536582887]",1,1
780,[0.58213968 0.37233136],78,12,"[0.6044300822264704, 0.32178087010097706]",1,1
781,[0.55820728 0.36110901],78,23,"[0.5227781935674594, 0.35420306506931026]",1,1
782,[0.620068   0.31774728],78,12,"[0.6044300822264704, 0.32178087010097706]",1,1
783,[0.66684494 0.22667931],78,25,"[0.6890638445367717, 0.23767456904374304]",1,1
784,[0.64993988 0.37555684],78,52,"[0.6366749700049639, 0.4102593360454644]",1,1
785,[0.60722878 0.25468034],78,18,"[0.6060740821281893, 0.20040535896109252]",1,1
786,[0.66817768 0.39066881],78,52,"[0.6366749700049639, 0.4102593360454644]",1,1
787,[0.60734067 0.2979329 ],78,12,"[0.6044300822264704, 0.32178087010097706]",1,1
788,[0.567067   0.30749331],78,12,"[0.6044300822264704, 0.32178087010097706]",1,1
789,[0.63208947 0.349971  ],78,12,"[0.6044300822264704, 0.32178087010097706]",1,1
790,[0.5541484  0.55291571],79,44,"[0.5470489204681213, 0.5454727393163525]",1,1
791,[0.57072611 0.51022077],79,44,"[0.5470489204681213, 0.5454727393163525]",1,1
792,[0.59193575 0.48447164],79,53,"[0.6173378545423917, 0.5109812817894804]",1,1
793,[0.5279306  0.46138182],79,15,"[0.5243990320030668, 0.4567415410407343]",1,1
794,[0.54698813 0.49499217],79,15,"[0.5243990320030668, 0.4567415410407343]",1,1
795,[0.68497872 0.52168044],79,42,"[0.7030521778160838, 0.5163269636763479]",1,1
796,[0.62515572 0.47764307],79,53,"[0.6173378545423917, 0.5109812817894804]",1,1
797,[0.5812877 0.4925849],79,53,"[0.6173378545423917, 0.5109812817894804]",1,1
798,[0.63917663 0.50431918],79,53,"[0.6173378545423917, 0.5109812817894804]",1,1
799,[0.59744914 0.46584431],79,53,"[0.6173378545423917, 0.5109812817894804]",1,1
800,[0.75319711 0.31423352],80,81,"[0.7220949387378843, 0.30608529656321976]",1,1
801,[0.84294623 0.292911  ],80,17,"[0.838511009041314, 0.2776756765384589]",1,1
802,[0.85350266 0.33472389],80,9,"[0.8920229449918298, 0.3707779627735049]",1,1
803,[0.81731542 0.30992588],80,17,"[0.838511009041314, 0.2776756765384589]",1,1
804,[0.85909312 0.28945721],80,17,"[0.838511009041314, 0.2776756765384589]",1,1
805,[0.80998529 0.30572028],80,17,"[0.838511009041314, 0.2776756765384589]",1,1
806,[0.81964238 0.39398634],80,46,"[0.8037369116250731, 0.3602249266684185]",1,1
807,[0.80436682 0.29203228],80,17,"[0.838511009041314, 0.2776756765384589]",1,1
808,[0.84554693 0.242587  ],80,17,"[0.838511009041314, 0.2776756765384589]",1,1
809,[0.75466925 0.28694544],80,81,"[0.7220949387378843, 0.30608529656321976]",1,1
810,[0.36320996 0.10777391],81,57,"[0.3400855583115018, 0.09032247813752421]",1,1
811,[0.37198126 0.07990554],81,57,"[0.3400855583115018, 0.09032247813752421]",1,1
812,[0.45957157 0.18451888],81,41,"[0.48586316440081384, 0.14889066010968405]",1,1
813,[0.37915077 0.05919071],81,57,"[0.3400855583115018, 0.09032247813752421]",-1,-1
814,[0.43575679 0.0901935 ],81,-1,-1,-1,1
815,[0.36499412 0.11997578],81,57,"[0.3400855583115018, 0.09032247813752421]",1,1
816,[0.36692254 0.01205077],81,-1,-1,-1,-1
817,[0.45625275 0.05764288],81,-1,-1,-1,1
818,[0.37962476 0.05181775],81,57,"[0.3400855583115018, 0.09032247813752421]",-1,-1
819,[0.37725245 0.16423328],81,79,"[0.3611607117276046, 0.17391111904423004]",1,1
820,[0.43118805 0.52556614],82,7,"[0.4543064653294918, 0.5314518603771107]",1,1
821,[0.44413037 0.60265064],82,14,"[0.48596467570789575, 0.6175710149997509]",1,1
822,[0.45252007 0.59749237],82,14,"[0.48596467570789575, 0.6175710149997509]",1,1
823,[0.42863678 0.55301324],82,7,"[0.4543064653294918, 0.5314518603771107]",1,1
824,[0.433527  0.5660592],82,7,"[0.4543064653294918, 0.5314518603771107]",1,1
825,[0.39102955 0.60069491],82,30,"[0.39303582202011716, 0.5743870920066177]",1,1
826,[0.46236257 0.61292242],82,14,"[0.48596467570789575, 0.6175710149997509]",1,1
827,[0.50582877 0.57465313],82,14,"[0.48596467570789575, 0.6175710149997509]",1,1
828,[0.43922884 0.58602887],82,30,"[0.39303582202011716, 0.5743870920066177]",1,1
829,[0.39941329 0.61768175],82,30,"[0.39303582202011716, 0.5743870920066177]",1,1
830,[0.50115408 0.7623186 ],83,55,"[0.5088035931815811, 0.7685309669878322]",1,1
831,[0.47902593 0.81401149],83,62,"[0.49853266209702696, 0.856586317049283]",1,1
832,[0.43929986 0.80256139],83,32,"[0.4275293536542033, 0.8253234378533442]",1,1
833,[0.47034791 0.86567373],83,62,"[0.49853266209702696, 0.856586317049283]",1,1
834,[0.48143316 0.79550848],83,55,"[0.5088035931815811, 0.7685309669878322]",1,1
835,[0.47801634 0.8528299 ],83,62,"[0.49853266209702696, 0.856586317049283]",1,1
836,[0.45409385 0.84203551],83,32,"[0.4275293536542033, 0.8253234378533442]",1,1
837,[0.53102362 0.85629463],83,62,"[0.49853266209702696, 0.856586317049283]",1,1
838,[0.55671052 0.8361113 ],83,78,"[0.5575952950612607, 0.8220849553766181]",1,1
839,[0.44069237 0.78439134],83,32,"[0.4275293536542033, 0.8253234378533442]",1,1
840,[0.3592115 0.7936122],84,1,"[0.3449532794629396, 0.7788979828676246]",1,1
841,[0.38546398 0.76099914],84,1,"[0.3449532794629396, 0.7788979828676246]",1,1
842,[0.38975196 0.76914396],84,1,"[0.3449532794629396, 0.7788979828676246]",1,1
843,[0.39803675 0.70565937],84,47,"[0.4088945736368116, 0.679271809562947]",1,1
844,[0.34764892 0.75747793],84,1,"[0.3449532794629396, 0.7788979828676246]",1,1
845,[0.36710068 0.64138267],84,65,"[0.3534459247881473, 0.6268566371904563]",1,1
846,[0.37167844 0.81074648],84,1,"[0.3449532794629396, 0.7788979828676246]",1,1
847,[0.36246593 0.73970945],84,1,"[0.3449532794629396, 0.7788979828676246]",1,1
848,[0.37695742 0.78024647],84,1,"[0.3449532794629396, 0.7788979828676246]",1,1
849,[0.35768896 0.70897437],84,5,"[0.29943624207921615, 0.7021640581472074]",1,1
850,[0.01366518 0.86681668],85,-1,-1,-1,-1
851,[0.03459528 0.94407599],85,-1,-1,-1,-1
852,[0.09548727 0.93443776],85,35,"[0.14577646031389888, 0.9198609943432723]",-1,1
853,[0.06616824 0.79299896],85,60,"[0.08306408725925349, 0.8125737777025931]",1,1
854,[0.13062505 0.92633094],85,35,"[0.14577646031389888, 0.9198609943432723]",1,1
855,[0.05041354 0.84640338],85,60,"[0.08306408725925349, 0.8125737777025931]",-1,1
856,[0.0150336  0.91363612],85,-1,-1,-1,-1
857,[0.07658304 0.91354539],85,35,"[0.14577646031389888, 0.9198609943432723]",1,1
858,[0.08245915 0.83267242],85,60,"[0.08306408725925349, 0.8125737777025931]",1,1
859,[0.03848558 0.92017031],85,-1,-1,-1,1
860,[0.58080573 0.17443489],86,18,"[0.6060740821281893, 0.20040535896109252]",1,1
861,[0.65426389 0.13309881],86,13,"[0.7021335477514611, 0.14044104057492626]",1,1
862,[0.59718631 0.0535998 ],86,63,"[0.6058838029911512, 0.10323185717569629]",-1,-1
863,[0.67754605 0.10519404],86,13,"[0.7021335477514611, 0.14044104057492626]",1,1
864,[0.59471375 0.13760038],86,63,"[0.6058838029911512, 0.10323185717569629]",1,1
865,[0.59113134 0.15682461],86,18,"[0.6060740821281893, 0.20040535896109252]",1,1
866,[0.60788476 0.10583842],86,63,"[0.6058838029911512, 0.10323185717569629]",1,1
867,[0.55476424 0.13515871],86,76,"[0.5387944355162558, 0.13908075385326488]",1,1
868,[0.59294538 0.10789412],86,63,"[0.6058838029911512, 0.10323185717569629]",1,1
869,[0.59669238 0.09768808],86,63,"[0.6058838029911512, 0.10323185717569629]",1,1
870,[0.66091885 0.11986381],87,13,"[0.7021335477514611, 0.14044104057492626]",1,1
871,[0.67351666 0.12055475],87,13,"[0.7021335477514611, 0.14044104057492626]",1,1
872,[0.61709643 0.11998643],87,63,"[0.6058838029911512, 0.10323185717569629]",1,1
873,[0.59057327 0.09881566],87,63,"[0.6058838029911512, 0.10323185717569629]",1,1
874,[0.6284743  0.17736868],87,18,"[0.6060740821281893, 0.20040535896109252]",1,1
875,[0.59560829 0.04222596],87,63,"[0.6058838029911512, 0.10323185717569629]",-1,-1
876,[0.63497776 0.12353954],87,63,"[0.6058838029911512, 0.10323185717569629]",1,1
877,[0.61947629 0.17421852],87,18,"[0.6060740821281893, 0.20040535896109252]",1,1
878,[0.68548285 0.10898053],87,13,"[0.7021335477514611, 0.14044104057492626]",1,1
879,[0.59809025 0.14982172],87,63,"[0.6058838029911512, 0.10323185717569629]",1,1
880,[0.10689536 0.77328285],88,60,"[0.08306408725925349, 0.8125737777025931]",1,1
881,[0.11173994 0.82952155],88,60,"[0.08306408725925349, 0.8125737777025931]",1,1
882,[0.15754754 0.84022088],88,31,"[0.16440942734224115, 0.8408890205636902]",1,1
883,[0.09925799 0.8155491 ],88,60,"[0.08306408725925349, 0.8125737777025931]",1,1
884,[0.12999394 0.79092575],88,60,"[0.08306408725925349, 0.8125737777025931]",1,1
885,[0.10057467 0.83048761],88,60,"[0.08306408725925349, 0.8125737777025931]",1,1
886,[0.05952459 0.77453319],88,60,"[0.08306408725925349, 0.8125737777025931]",1,1
887,[0.08747694 0.77970307],88,60,"[0.08306408725925349, 0.8125737777025931]",1,1
888,[0.08445965 0.73036413],88,16,"[0.12086064045921278, 0.6907713353566621]",1,1
889,[0.1033184  0.82816584],88,60,"[0.08306408725925349, 0.8125737777025931]",1,1
890,[0.39446202 0.76715957],89,1,"[0.3449532794629396, 0.7788979828676246]",1,1
891,[0.33903339 0.70019529],89,5,"[0.29943624207921615, 0.7021640581472074]",1,1
892,[0.37466509 0.81864355],89,1,"[0.3449532794629396, 0.7788979828676246]",1,1
893,[0.3309457  0.77783703],89,1,"[0.3449532794629396, 0.7788979828676246]",1,1
894,[0.37583393 0.72261776],89,47,"[0.4088945736368116, 0.679271809562947]",1,1
895,[0.39904018 0.79900324],89,32,"[0.4275293536542033, 0.8253234378533442]",1,1
896,[0.37188582 0.81314947],89,1,"[0.3449532794629396, 0.7788979828676246]",1,1
897,[0.36364504 0.7444158 ],89,1,"[0.3449532794629396, 0.7788979828676246]",1,1
898,[0.36428505 0.82767962],89,43,"[0.33622387153865957, 0.868645706604107]",1,1
899,[0.3687545  0.82703614],89,43,"[0.33622387153865957, 0.868645706604107]",1,1
900,[0.19250231 0.63571493],90,0,"[0.1864657171780098, 0.6453008438767196]",1,1
901,[0.15830803 0.74257569],90,6,"[0.20079047608971543, 0.7407222662420908]",1,1
902,[0.10102887 0.67133511],90,16,"[0.12086064045921278, 0.6907713353566621]",1,1
903,[0.14718226 0.71179393],90,16,"[0.12086064045921278, 0.6907713353566621]",1,1
904,[0.19233884 0.65858789],90,0,"[0.1864657171780098, 0.6453008438767196]",1,1
905,[0.13876135 0.67896834],90,16,"[0.12086064045921278, 0.6907713353566621]",1,1
906,[0.14598216 0.72073438],90,16,"[0.12086064045921278, 0.6907713353566621]",1,1
907,[0.15118003 0.7011247 ],90,16,"[0.12086064045921278, 0.6907713353566621]",1,1
908,[0.14737205 0.63040458],90,0,"[0.1864657171780098, 0.6453008438767196]",1,1
909,[0.19019168 0.66686151],90,0,"[0.1864657171780098, 0.6453008438767196]",1,1
910,[0.79959854 0.21150388],91,10,"[0.7746761820607687, 0.21753892083103987]",1,1
911,[0.76625277 0.19084233],91,10,"[0.7746761820607687, 0.21753892083103987]",1,1
912,[0.72606943 0.11076846],91,13,"[0.7021335477514611, 0.14044104057492626]",1,1
913,[0.76781445 0.19351525],91,10,"[0.7746761820607687, 0.21753892083103987]",1,1
914,[0.80115921 0.16398395],91,11,"[0.7959184624926093, 0.11918080536582887]",1,1
915,[0.73075212 0.2175294 ],91,10,"[0.7746761820607687, 0.21753892083103987]",1,1
916,[0.7990952  0.19516432],91,10,"[0.7746761820607687, 0.21753892083103987]",1,1
917,[0.80628603 0.23039428],91,10,"[0.7746761820607687, 0.21753892083103987]",1,1
918,[0.81761976 0.24354784],91,17,"[0.838511009041314, 0.2776756765384589]",1,1
919,[0.82587148 0.25364791],91,17,"[0.838511009041314, 0.2776756765384589]",1,1
920,[0.5661716  0.92701651],92,40,"[0.5836185670693409, 0.8897358071108409]",1,1
921,[0.55896394 0.88384027],92,40,"[0.5836185670693409, 0.8897358071108409]",1,1
922,[0.63741836 0.92229496],92,40,"[0.5836185670693409, 0.8897358071108409]",1,1
923,[0.54274985 0.93309055],92,77,"[0.4877327668304984, 0.9466309561772078]",1,1
924,[0.61367572 0.93167493],92,40,"[0.5836185670693409, 0.8897358071108409]",1,1
925,[0.60634405 0.91287882],92,40,"[0.5836185670693409, 0.8897358071108409]",1,1
926,[0.56613825 0.89778734],92,40,"[0.5836185670693409, 0.8897358071108409]",1,1
927,[0.60008464 0.91584641],92,40,"[0.5836185670693409, 0.8897358071108409]",1,1
928,[0.60779752 0.92048719],92,40,"[0.5836185670693409, 0.8897358071108409]",1,1
929,[0.57152839 0.89598002],92,40,"[0.5836185670693409, 0.8897358071108409]",1,1
930,[0.48123576 0.54346991],93,7,"[0.4543064653294918, 0.5314518603771107]",1,1
931,[0.47287662 0.52325774],93,7,"[0.4543064653294918, 0.5314518603771107]",1,1
932,[0.60109123 0.53481507],93,53,"[0.6173378545423917, 0.5109812817894804]",1,1
933,[0.53406004 0.61657772],93,14,"[0.48596467570789575, 0.6175710149997509]",1,1
934,[0.4789735 0.5211359],93,7,"[0.4543064653294918, 0.5314518603771107]",1,1
935,[0.59529553 0.50607095],93,53,"[0.6173378545423917, 0.5109812817894804]",1,1
936,[0.50552461 0.5814824 ],93,14,"[0.48596467570789575, 0.6175710149997509]",1,1
937,[0.46590991 0.55695222],93,7,"[0.4543064653294918, 0.5314518603771107]",1,1
938,[0.48426256 0.52924466],93,7,"[0.4543064653294918, 0.5314518603771107]",1,1
939,[0.51243962 0.63611307],93,14,"[0.48596467570789575, 0.6175710149997509]",1,1
940,[0.8174653  0.12416564],94,11,"[0.7959184624926093, 0.11918080536582887]",1,1
941,[0.81351389 0.12482252],94,11,"[0.7959184624926093, 0.11918080536582887]",1,1
942,[0.7003782  0.07893374],94,13,"[0.7021335477514611, 0.14044104057492626]",1,1
943,[0.67763036 0.15947726],94,13,"[0.7021335477514611, 0.14044104057492626]",1,1
944,[0.69557724 0.06214272],94,-1,-1,-1,-1
945,[0.74057497 0.1429278 ],94,13,"[0.7021335477514611, 0.14044104057492626]",1,1
946,[0.79891168 0.10854866],94,11,"[0.7959184624926093, 0.11918080536582887]",1,1
947,[0.71031922 0.16223987],94,13,"[0.7021335477514611, 0.14044104057492626]",1,1
948,[0.69162041 0.11271537],94,13,"[0.7021335477514611, 0.14044104057492626]",1,1
949,[0.73319817 0.15976464],94,13,"[0.7021335477514611, 0.14044104057492626]",1,1
950,[0.56695225 0.32229394],95,12,"[0.6044300822264704, 0.32178087010097706]",1,1
951,[0.43385613 0.3100313 ],95,20,"[0.4420710618793585, 0.3102097401393955]",1,1
952,[0.43363357 0.27237362],95,20,"[0.4420710618793585, 0.3102097401393955]",1,1
953,[0.50815152 0.29057977],95,19,"[0.5076080865238329, 0.25600365657594254]",1,1
954,[0.4771231  0.33586432],95,20,"[0.4420710618793585, 0.3102097401393955]",1,1
955,[0.4812816  0.24602309],95,19,"[0.5076080865238329, 0.25600365657594254]",1,1
956,[0.45142359 0.35099875],95,20,"[0.4420710618793585, 0.3102097401393955]",1,1
957,[0.44770602 0.31981509],95,20,"[0.4420710618793585, 0.3102097401393955]",1,1
958,[0.5251888  0.34130232],95,23,"[0.5227781935674594, 0.35420306506931026]",1,1
959,[0.51790939 0.27727547],95,19,"[0.5076080865238329, 0.25600365657594254]",1,1
960,[0.3282769  0.41966866],96,33,"[0.3266738132568585, 0.4254776025891383]",1,1
961,[0.39860324 0.48399613],96,50,"[0.4107339385299009, 0.46268185753257546]",1,1
962,[0.35711834 0.42481141],96,33,"[0.3266738132568585, 0.4254776025891383]",1,1
963,[0.44454547 0.52329393],96,7,"[0.4543064653294918, 0.5314518603771107]",1,1
964,[0.36907503 0.46979766],96,50,"[0.4107339385299009, 0.46268185753257546]",1,1
965,[0.36635956 0.54550648],96,30,"[0.39303582202011716, 0.5743870920066177]",1,1
966,[0.4463143  0.52159044],96,7,"[0.4543064653294918, 0.5314518603771107]",1,1
967,[0.3821282  0.40035801],96,29,"[0.40403537668128997, 0.3636538497460488]",1,1
968,[0.38494141 0.4669222 ],96,50,"[0.4107339385299009, 0.46268185753257546]",1,1
969,[0.41370421 0.41706431],96,50,"[0.4107339385299009, 0.46268185753257546]",1,1
970,[0.47021857 0.16923954],97,41,"[0.48586316440081384, 0.14889066010968405]",1,1
971,[0.38298943 0.13709173],97,79,"[0.3611607117276046, 0.17391111904423004]",1,1
972,[0.43648945 0.06281088],97,-1,-1,-1,1
973,[0.51433993 0.13635699],97,76,"[0.5387944355162558, 0.13908075385326488]",1,1
974,[0.50118037 0.2597789 ],97,19,"[0.5076080865238329, 0.25600365657594254]",1,1
975,[0.50073646 0.21979689],97,19,"[0.5076080865238329, 0.25600365657594254]",1,1
976,[0.45068959 0.08727867],97,-1,-1,1,1
977,[0.46981267 0.12262698],97,41,"[0.48586316440081384, 0.14889066010968405]",1,1
978,[0.47748682 0.11811319],97,41,"[0.48586316440081384, 0.14889066010968405]",1,1
979,[0.41406735 0.18642608],97,80,"[0.40081790672785284, 0.22003561508261243]",1,1
980,[0.42915207 0.64497436],98,47,"[0.4088945736368116, 0.679271809562947]",1,1
981,[0.45141189 0.72375889],98,68,"[0.47310982320829337, 0.7137149666420596]",1,1
982,[0.50814346 0.6745032 ],98,68,"[0.47310982320829337, 0.7137149666420596]",1,1
983,[0.38840673 0.6959416 ],98,47,"[0.4088945736368116, 0.679271809562947]",1,1
984,[0.46189761 0.75650453],98,68,"[0.47310982320829337, 0.7137149666420596]",1,1
985,[0.51716604 0.66362018],98,14,"[0.48596467570789575, 0.6175710149997509]",1,1
986,[0.39837223 0.68796145],98,47,"[0.4088945736368116, 0.679271809562947]",1,1
987,[0.47612504 0.62522552],98,14,"[0.48596467570789575, 0.6175710149997509]",1,1
988,[0.44270579 0.64275085],98,47,"[0.4088945736368116, 0.679271809562947]",1,1
989,[0.48659994 0.60418507],98,14,"[0.48596467570789575, 0.6175710149997509]",1,1
990,[0.29670193 0.61789997],99,59,"[0.2700743728805862, 0.5988566786157346]",1,1
991,[0.27071325 0.51048248],99,38,"[0.28959070466030257, 0.5379209805559189]",1,1
992,[0.28520899 0.57711065],99,59,"[0.2700743728805862, 0.5988566786157346]",1,1
993,[0.27184374 0.55935641],99,38,"[0.28959070466030257, 0.5379209805559189]",1,1
994,[0.28172456 0.5381184 ],99,38,"[0.28959070466030257, 0.5379209805559189]",1,1
995,[0.26868111 0.64174172],99,59,"[0.2700743728805862, 0.5988566786157346]",1,1
996,[0.26558455 0.57169959],99,59,"[0.2700743728805862, 0.5988566786157346]",1,1
997,[0.27552547 0.55442714],99,38,"[0.28959070466030257, 0.5379209805559189]",1,1
998,[0.30169044 0.52355653],99,38,"[0.28959070466030257, 0.5379209805559189]",1,1
999,[0.25845975 0.64086372],99,59,"[0.2700743728805862, 0.5988566786157346]",1,1
1000,[0.84494696 0.40707518],100,75,"[0.8673860220738326, 0.4560891302733117]",1,1
1001,[0.86654638 0.33779027],100,9,"[0.8920229449918298, 0.3707779627735049]",1,1
1002,[0.90172913 0.30517657],100,82,"[0.9001485369581391, 0.26179914415210587]",1,1
1003,[0.83118048 0.3375228 ],100,46,"[0.8037369116250731, 0.3602249266684185]",1,1
1004,[0.85691245 0.32965748],100,9,"[0.8920229449918298, 0.3707779627735049]",1,1
1005,[0.79726611 0.35509474],100,46,"[0.8037369116250731, 0.3602249266684185]",1,1
1006,[0.84118724 0.30991339],100,17,"[0.838511009041314, 0.2776756765384589]",1,1
1007,[0.76103958 0.31625439],100,81,"[0.7220949387378843, 0.30608529656321976]",1,1
1008,[0.83119713 0.38170059],100,46,"[0.8037369116250731, 0.3602249266684185]",1,1
1009,[0.79220134 0.39646616],100,46,"[0.8037369116250731, 0.3602249266684185]",-1,1
1010,[0.11943036 0.64399611],101,16,"[0.12086064045921278, 0.6907713353566621]",1,1
1011,[0.1851573  0.55851069],101,8,"[0.18946557254026142, 0.5437382222919442]",1,1
1012,[0.1162454  0.65401639],101,16,"[0.12086064045921278, 0.6907713353566621]",1,1
1013,[0.13310194 0.61056082],101,36,"[0.12645391464206665, 0.5881277449330531]",1,1
1014,[0.18078536 0.66164048],101,0,"[0.1864657171780098, 0.6453008438767196]",1,1
1015,[0.11253091 0.58711263],101,36,"[0.12645391464206665, 0.5881277449330531]",1,1
1016,[0.21114587 0.66163836],101,0,"[0.1864657171780098, 0.6453008438767196]",1,1
1017,[0.1939403 0.5930469],101,8,"[0.18946557254026142, 0.5437382222919442]",1,1
1018,[0.26702726 0.63317273],101,59,"[0.2700743728805862, 0.5988566786157346]",1,1
1019,[0.13958229 0.67551621],101,16,"[0.12086064045921278, 0.6907713353566621]",1,1
1020,[0.29506435 0.34619152],102,22,"[0.2858957308509703, 0.36075363142186195]",1,1
1021,[0.14394141 0.3026336 ],102,58,"[0.13961731213118878, 0.32693163644069556]",1,1
1022,[0.26500132 0.22815322],102,26,"[0.23848781047327638, 0.22179796585144237]",1,1
1023,[0.25501584 0.26705902],102,48,"[0.28065255309332615, 0.2558365353382771]",1,1
1024,[0.25316672 0.3096596 ],102,21,"[0.2217463723141326, 0.3098815799613793]",1,1
1025,[0.23826202 0.2499883 ],102,26,"[0.23848781047327638, 0.22179796585144237]",1,1
1026,[0.24955233 0.29389359],102,21,"[0.2217463723141326, 0.3098815799613793]",1,1
1027,[0.19264459 0.38537289],102,34,"[0.21147259375506475, 0.3945365199794081]",1,1
1028,[0.16898712 0.20791042],102,56,"[0.1551681502019597, 0.230196588205808]",1,1
1029,[0.25905144 0.20987437],102,26,"[0.23848781047327638, 0.22179796585144237]",1,1
1030,[0.52615682 0.49247802],103,15,"[0.5243990320030668, 0.4567415410407343]",1,1
1031,[0.55013339 0.48321837],103,15,"[0.5243990320030668, 0.4567415410407343]",1,1
1032,[0.60712862 0.43280589],103,52,"[0.6366749700049639, 0.4102593360454644]",1,1
1033,[0.51329309 0.50043027],103,15,"[0.5243990320030668, 0.4567415410407343]",1,1
1034,[0.53090107 0.53649764],103,44,"[0.5470489204681213, 0.5454727393163525]",1,1
1035,[0.57977541 0.5324377 ],103,44,"[0.5470489204681213, 0.5454727393163525]",1,1
1036,[0.53834114 0.46146059],103,15,"[0.5243990320030668, 0.4567415410407343]",1,1
1037,[0.51193266 0.51657262],103,44,"[0.5470489204681213, 0.5454727393163525]",1,1
1038,[0.47545268 0.478926  ],103,15,"[0.5243990320030668, 0.4567415410407343]",1,1
1039,[0.6273396  0.54118031],103,53,"[0.6173378545423917, 0.5109812817894804]",1,1
1040,[0.55633565 0.68301841],104,3,"[0.5818838190129024, 0.6743460747238831]",1,1
1041,[0.47739726 0.65225838],104,14,"[0.48596467570789575, 0.6175710149997509]",1,1
1042,[0.54285938 0.61035734],104,14,"[0.48596467570789575, 0.6175710149997509]",1,1
1043,[0.43951168 0.75114609],104,68,"[0.47310982320829337, 0.7137149666420596]",1,1
1044,[0.44142967 0.66952436],104,47,"[0.4088945736368116, 0.679271809562947]",1,1
1045,[0.46054375 0.66471394],104,68,"[0.47310982320829337, 0.7137149666420596]",1,1
1046,[0.39158625 0.67016558],104,47,"[0.4088945736368116, 0.679271809562947]",1,1
1047,[0.52519338 0.6866485 ],104,3,"[0.5818838190129024, 0.6743460747238831]",1,1
1048,[0.45607958 0.64155537],104,14,"[0.48596467570789575, 0.6175710149997509]",1,1
1049,[0.50989426 0.67230955],104,68,"[0.47310982320829337, 0.7137149666420596]",1,1
1050,[0.57548026 0.44956834],105,15,"[0.5243990320030668, 0.4567415410407343]",1,1
1051,[0.63762519 0.48729622],105,53,"[0.6173378545423917, 0.5109812817894804]",1,1
1052,[0.72028822 0.33616933],105,81,"[0.7220949387378843, 0.30608529656321976]",-1,-1
1053,[0.64881026 0.45580596],105,52,"[0.6366749700049639, 0.4102593360454644]",1,1
1054,[0.6114055  0.41357763],105,52,"[0.6366749700049639, 0.4102593360454644]",1,1
1055,[0.63881593 0.37288728],105,52,"[0.6366749700049639, 0.4102593360454644]",1,1
1056,[0.6153445  0.44121263],105,52,"[0.6366749700049639, 0.4102593360454644]",1,1
1057,[0.68348435 0.37022415],105,52,"[0.6366749700049639, 0.4102593360454644]",-1,1
1058,[0.61122185 0.40766355],105,52,"[0.6366749700049639, 0.4102593360454644]",1,1
1059,[0.62757426 0.41803919],105,52,"[0.6366749700049639, 0.4102593360454644]",1,1
1060,[0.816514   0.29700593],106,17,"[0.838511009041314, 0.2776756765384589]",1,1
1061,[0.78031412 0.32579784],106,46,"[0.8037369116250731, 0.3602249266684185]",1,1
1062,[0.82078084 0.31815196],106,17,"[0.838511009041314, 0.2776756765384589]",1,1
1063,[0.84040884 0.35413801],106,46,"[0.8037369116250731, 0.3602249266684185]",1,1
1064,[0.88317481 0.35627777],106,9,"[0.8920229449918298, 0.3707779627735049]",1,1
1065,[0.91368449 0.36172388],106,9,"[0.8920229449918298, 0.3707779627735049]",1,1
1066,[0.94916919 0.37236663],106,9,"[0.8920229449918298, 0.3707779627735049]",1,1
1067,[0.80296306 0.35157725],106,46,"[0.8037369116250731, 0.3602249266684185]",1,1
1068,[0.85270127 0.32665012],106,17,"[0.838511009041314, 0.2776756765384589]",1,1
1069,[0.81285039 0.31775149],106,46,"[0.8037369116250731, 0.3602249266684185]",1,1
1070,[0.1933049  0.47429218],107,2,"[0.1994792894674267, 0.46679341124299595]",1,1
1071,[0.18587786 0.39138068],107,34,"[0.21147259375506475, 0.3945365199794081]",1,1
1072,[0.19601275 0.45562891],107,2,"[0.1994792894674267, 0.46679341124299595]",1,1
1073,[0.2479229  0.41241832],107,34,"[0.21147259375506475, 0.3945365199794081]",1,1
1074,[0.18932832 0.41756936],107,34,"[0.21147259375506475, 0.3945365199794081]",1,1
1075,[0.2684941  0.41454966],107,22,"[0.2858957308509703, 0.36075363142186195]",1,1
1076,[0.23298041 0.4491056 ],107,2,"[0.1994792894674267, 0.46679341124299595]",1,1
1077,[0.22304478 0.51563688],107,8,"[0.18946557254026142, 0.5437382222919442]",1,1
1078,[0.2257584  0.41932819],107,34,"[0.21147259375506475, 0.3945365199794081]",1,1
1079,[0.22596312 0.41537079],107,34,"[0.21147259375506475, 0.3945365199794081]",1,1
1080,[0.90003271 0.69709728],108,71,"[0.8758881018187182, 0.6900443044052346]",1,1
1081,[0.94032674 0.6876064 ],108,71,"[0.8758881018187182, 0.6900443044052346]",-1,1
1082,[0.90383624 0.72333059],108,71,"[0.8758881018187182, 0.6900443044052346]",1,1
1083,[0.91105825 0.67553152],108,71,"[0.8758881018187182, 0.6900443044052346]",1,1
1084,[0.8818569  0.66031585],108,71,"[0.8758881018187182, 0.6900443044052346]",1,1
1085,[0.93870047 0.67799755],108,71,"[0.8758881018187182, 0.6900443044052346]",-1,1
1086,[0.89647142 0.68614702],108,71,"[0.8758881018187182, 0.6900443044052346]",1,1
1087,[0.93752034 0.71097437],108,71,"[0.8758881018187182, 0.6900443044052346]",-1,1
1088,[0.84802204 0.7101856 ],108,71,"[0.8758881018187182, 0.6900443044052346]",1,1
1089,[0.87380072 0.69202288],108,71,"[0.8758881018187182, 0.6900443044052346]",1,1
1090,[0.13346802 0.22974662],109,56,"[0.1551681502019597, 0.230196588205808]",1,1
1091,[0.20074591 0.18579843],109,28,"[0.23174643782401028, 0.15194845205961457]",1,1
1092,[0.09980918 0.15504662],109,64,"[0.08386821961362796, 0.17218127988435264]",1,1
1093,[0.10155941 0.16382686],109,64,"[0.08386821961362796, 0.17218127988435264]",1,1
1094,[0.06587292 0.18132928],109,64,"[0.08386821961362796, 0.17218127988435264]",1,1
1095,[0.0276566  0.20527995],109,64,"[0.08386821961362796, 0.17218127988435264]",-1,-1
1096,[0.12187129 0.2143436 ],109,56,"[0.1551681502019597, 0.230196588205808]",1,1
1097,[0.17244562 0.24612936],109,56,"[0.1551681502019597, 0.230196588205808]",1,1
1098,[0.02741026 0.23815749],109,-1,-1,-1,-1
1099,[0.10479641 0.20870054],109,64,"[0.08386821961362796, 0.17218127988435264]",1,1
1100,[0.56066321 0.69351963],110,3,"[0.5818838190129024, 0.6743460747238831]",1,1
1101,[0.58324491 0.68250158],110,3,"[0.5818838190129024, 0.6743460747238831]",1,1
1102,[0.61057219 0.66639818],110,3,"[0.5818838190129024, 0.6743460747238831]",1,1
1103,[0.55643081 0.74123935],110,66,"[0.5629262216536625, 0.7416480583063001]",1,1
1104,[0.5948516  0.68680898],110,3,"[0.5818838190129024, 0.6743460747238831]",1,1
1105,[0.51014177 0.73183487],110,55,"[0.5088035931815811, 0.7685309669878322]",1,1
1106,[0.58544445 0.67116634],110,3,"[0.5818838190129024, 0.6743460747238831]",1,1
1107,[0.5799564  0.71094955],110,66,"[0.5629262216536625, 0.7416480583063001]",1,1
1108,[0.62026683 0.67123689],110,3,"[0.5818838190129024, 0.6743460747238831]",1,1
1109,[0.59068794 0.74607889],110,66,"[0.5629262216536625, 0.7416480583063001]",1,1
1110,[0.50365897 0.17186154],111,41,"[0.48586316440081384, 0.14889066010968405]",1,1
1111,[0.50769691 0.1884087 ],111,41,"[0.48586316440081384, 0.14889066010968405]",1,1
1112,[0.47352192 0.12342454],111,41,"[0.48586316440081384, 0.14889066010968405]",1,1
1113,[0.51902296 0.1525551 ],111,76,"[0.5387944355162558, 0.13908075385326488]",1,1
1114,[0.61978662 0.13597923],111,63,"[0.6058838029911512, 0.10323185717569629]",1,1
1115,[0.43166756 0.08042902],111,-1,-1,-1,1
1116,[0.56098049 0.150701  ],111,76,"[0.5387944355162558, 0.13908075385326488]",1,1
1117,[0.51177842 0.17513475],111,41,"[0.48586316440081384, 0.14889066010968405]",1,1
1118,[0.49297785 0.10780621],111,41,"[0.48586316440081384, 0.14889066010968405]",1,1
1119,[0.52889973 0.1396242 ],111,76,"[0.5387944355162558, 0.13908075385326488]",1,1
1120,[0.17576537 0.31841821],112,58,"[0.13961731213118878, 0.32693163644069556]",1,1
1121,[0.18429677 0.29635518],112,21,"[0.2217463723141326, 0.3098815799613793]",1,1
1122,[0.22650186 0.29034609],112,21,"[0.2217463723141326, 0.3098815799613793]",1,1
1123,[0.21280055 0.31339757],112,21,"[0.2217463723141326, 0.3098815799613793]",1,1
1124,[0.19901169 0.30330145],112,21,"[0.2217463723141326, 0.3098815799613793]",1,1
1125,[0.12068183 0.35670979],112,58,"[0.13961731213118878, 0.32693163644069556]",1,1
1126,[0.17228709 0.30180933],112,58,"[0.13961731213118878, 0.32693163644069556]",1,1
1127,[0.12679124 0.28658729],112,58,"[0.13961731213118878, 0.32693163644069556]",1,1
1128,[0.2623101  0.23572798],112,48,"[0.28065255309332615, 0.2558365353382771]",1,1
1129,[0.21475582 0.3569496 ],112,34,"[0.21147259375506475, 0.3945365199794081]",1,1
1130,[0.34875543 0.12219722],113,57,"[0.3400855583115018, 0.09032247813752421]",1,1
1131,[0.31565037 0.08064954],113,57,"[0.3400855583115018, 0.09032247813752421]",1,1
1132,[0.31971855 0.13714393],113,57,"[0.3400855583115018, 0.09032247813752421]",1,1
1133,[0.32781718 0.08078961],113,57,"[0.3400855583115018, 0.09032247813752421]",1,1
1134,[0.35403787 0.1802974 ],113,79,"[0.3611607117276046, 0.17391111904423004]",1,1
1135,[0.41730646 0.14392951],113,79,"[0.3611607117276046, 0.17391111904423004]",-1,1
1136,[0.32701164 0.15187012],113,79,"[0.3611607117276046, 0.17391111904423004]",1,1
1137,[0.31504938 0.08486118],113,57,"[0.3400855583115018, 0.09032247813752421]",1,1
1138,[0.30589165 0.18029194],113,79,"[0.3611607117276046, 0.17391111904423004]",1,1
1139,[0.36086361 0.16358299],113,79,"[0.3611607117276046, 0.17391111904423004]",1,1
1140,[0.29646738 0.4262614 ],114,33,"[0.3266738132568585, 0.4254776025891383]",1,1
1141,[0.34818128 0.42879508],114,33,"[0.3266738132568585, 0.4254776025891383]",1,1
1142,[0.31818706 0.40423713],114,33,"[0.3266738132568585, 0.4254776025891383]",1,1
1143,[0.31331459 0.3731699 ],114,22,"[0.2858957308509703, 0.36075363142186195]",1,1
1144,[0.29584586 0.36388284],114,22,"[0.2858957308509703, 0.36075363142186195]",1,1
1145,[0.27140823 0.37237402],114,22,"[0.2858957308509703, 0.36075363142186195]",1,1
1146,[0.30497474 0.36633468],114,22,"[0.2858957308509703, 0.36075363142186195]",1,1
1147,[0.34411644 0.40433942],114,33,"[0.3266738132568585, 0.4254776025891383]",1,1
1148,[0.37024771 0.3616681 ],114,29,"[0.40403537668128997, 0.3636538497460488]",1,1
1149,[0.33049502 0.39694333],114,33,"[0.3266738132568585, 0.4254776025891383]",1,1
1150,[0.38475759 0.71619205],115,47,"[0.4088945736368116, 0.679271809562947]",1,1
1151,[0.31149146 0.60561679],115,59,"[0.2700743728805862, 0.5988566786157346]",1,1
1152,[0.3154997  0.67176809],115,5,"[0.29943624207921615, 0.7021640581472074]",1,1
1153,[0.35547248 0.68402683],115,47,"[0.4088945736368116, 0.679271809562947]",1,1
1154,[0.3554398 0.6454268],115,65,"[0.3534459247881473, 0.6268566371904563]",1,1
1155,[0.30966428 0.58394875],115,59,"[0.2700743728805862, 0.5988566786157346]",1,1
1156,[0.36095177 0.58187382],115,30,"[0.39303582202011716, 0.5743870920066177]",1,1
1157,[0.30795469 0.5534095 ],115,38,"[0.28959070466030257, 0.5379209805559189]",1,1
1158,[0.38599187 0.67377482],115,47,"[0.4088945736368116, 0.679271809562947]",1,1
1159,[0.32132919 0.55101798],115,38,"[0.28959070466030257, 0.5379209805559189]",1,1
1160,[0.67634097 0.65700694],116,27,"[0.6778473174633682, 0.6085038911695436]",1,1
1161,[0.64695043 0.66969963],116,3,"[0.5818838190129024, 0.6743460747238831]",1,1
1162,[0.55220704 0.63966175],116,3,"[0.5818838190129024, 0.6743460747238831]",1,1
1163,[0.61823173 0.6390057 ],116,3,"[0.5818838190129024, 0.6743460747238831]",1,1
1164,[0.57496617 0.6331092 ],116,3,"[0.5818838190129024, 0.6743460747238831]",1,1
1165,[0.59863475 0.63482917],116,3,"[0.5818838190129024, 0.6743460747238831]",1,1
1166,[0.58090949 0.65062887],116,3,"[0.5818838190129024, 0.6743460747238831]",1,1
1167,[0.59605976 0.70620793],116,3,"[0.5818838190129024, 0.6743460747238831]",1,1
1168,[0.60969066 0.62650981],116,3,"[0.5818838190129024, 0.6743460747238831]",1,1
1169,[0.56706039 0.64309986],116,3,"[0.5818838190129024, 0.6743460747238831]",1,1
1170,[0.90242717 0.14589864],117,67,"[0.8827087449283146, 0.12344710172507338]",1,1
1171,[0.90825757 0.09027422],117,67,"[0.8827087449283146, 0.12344710172507338]",-1,1
1172,[0.88937901 0.14200492],117,67,"[0.8827087449283146, 0.12344710172507338]",1,1
1173,[0.88040305 0.09957334],117,67,"[0.8827087449283146, 0.12344710172507338]",1,1
1174,[0.83239442 0.10043613],117,11,"[0.7959184624926093, 0.11918080536582887]",1,1
1175,[0.87032184 0.05355059],117,-1,-1,1,1
1176,[0.88113816 0.04719113],117,-1,-1,-1,1
1177,[0.90248539 0.21462937],117,82,"[0.9001485369581391, 0.26179914415210587]",1,1
1178,[0.81653997 0.06982502],117,11,"[0.7959184624926093, 0.11918080536582887]",1,1
1179,[0.94000864 0.11562466],117,67,"[0.8827087449283146, 0.12344710172507338]",-1,-1
1180,[0.5730478  0.27365092],118,12,"[0.6044300822264704, 0.32178087010097706]",1,1
1181,[0.58578551 0.26483279],118,12,"[0.6044300822264704, 0.32178087010097706]",1,1
1182,[0.53512404 0.21366003],118,19,"[0.5076080865238329, 0.25600365657594254]",1,1
1183,[0.53516343 0.26539981],118,19,"[0.5076080865238329, 0.25600365657594254]",1,1
1184,[0.57656119 0.17350643],118,18,"[0.6060740821281893, 0.20040535896109252]",1,1
1185,[0.5172511  0.29142766],118,19,"[0.5076080865238329, 0.25600365657594254]",1,1
1186,[0.56382371 0.30294961],118,12,"[0.6044300822264704, 0.32178087010097706]",1,1
1187,[0.54709871 0.23127815],118,19,"[0.5076080865238329, 0.25600365657594254]",1,1
1188,[0.5605324  0.21478202],118,18,"[0.6060740821281893, 0.20040535896109252]",1,1
1189,[0.48617181 0.2402344 ],118,19,"[0.5076080865238329, 0.25600365657594254]",1,1
1190,[0.90035843 0.3479638 ],119,9,"[0.8920229449918298, 0.3707779627735049]",1,1
1191,[0.91588981 0.29050788],119,82,"[0.9001485369581391, 0.26179914415210587]",1,1
1192,[0.93333613 0.34267951],119,9,"[0.8920229449918298, 0.3707779627735049]",1,1
1193,[0.86929863 0.36888997],119,9,"[0.8920229449918298, 0.3707779627735049]",1,1
1194,[0.88582587 0.28178443],119,82,"[0.9001485369581391, 0.26179914415210587]",1,1
1195,[0.84698388 0.31909267],119,17,"[0.838511009041314, 0.2776756765384589]",1,1
1196,[0.85416911 0.38978805],119,9,"[0.8920229449918298, 0.3707779627735049]",1,1
1197,[1.        0.4037102],119,-1,-1,-1,-1
1198,[0.87892079 0.41851531],119,75,"[0.8673860220738326, 0.4560891302733117]",1,1
1199,[0.89862077 0.40338069],119,9,"[0.8920229449918298, 0.3707779627735049]",1,1
1200,[0.41638004 0.5973808 ],120,30,"[0.39303582202011716, 0.5743870920066177]",1,1
1201,[0.38632832 0.58792331],120,30,"[0.39303582202011716, 0.5743870920066177]",1,1
1202,[0.47219337 0.51756331],120,7,"[0.4543064653294918, 0.5314518603771107]",1,1
1203,[0.43084558 0.53280933],120,7,"[0.4543064653294918, 0.5314518603771107]",1,1
1204,[0.40715207 0.52715051],120,7,"[0.4543064653294918, 0.5314518603771107]",1,1
1205,[0.35542515 0.60178585],120,65,"[0.3534459247881473, 0.6268566371904563]",1,1
1206,[0.43472944 0.58926598],120,30,"[0.39303582202011716, 0.5743870920066177]",1,1
1207,[0.47461358 0.48950805],120,7,"[0.4543064653294918, 0.5314518603771107]",1,1
1208,[0.43193599 0.57678203],120,30,"[0.39303582202011716, 0.5743870920066177]",1,1
1209,[0.39731567 0.50160353],120,50,"[0.4107339385299009, 0.46268185753257546]",1,1
1210,[0.16396832 0.91014013],121,35,"[0.14577646031389888, 0.9198609943432723]",1,1
1211,[0.17917176 0.90451406],121,35,"[0.14577646031389888, 0.9198609943432723]",1,1
1212,[0.22889847 0.90143163],121,4,"[0.25046227908795426, 0.8809692635349097]",1,1
1213,[0.20835967 0.88311305],121,4,"[0.25046227908795426, 0.8809692635349097]",1,1
1214,[0.2158674  0.92426958],121,4,"[0.25046227908795426, 0.8809692635349097]",1,1
1215,[0.21680144 0.8877277 ],121,4,"[0.25046227908795426, 0.8809692635349097]",1,1
1216,[0.15741199 0.880803  ],121,31,"[0.16440942734224115, 0.8408890205636902]",1,1
1217,[0.25209747 0.89546433],121,4,"[0.25046227908795426, 0.8809692635349097]",1,1
1218,[0.28001718 0.95171456],121,-1,-1,-1,1
1219,[0.18345322 0.97382172],121,35,"[0.14577646031389888, 0.9198609943432723]",-1,1
1220,[0.73586448 0.14354494],122,13,"[0.7021335477514611, 0.14044104057492626]",1,1
1221,[0.66847574 0.10744778],122,13,"[0.7021335477514611, 0.14044104057492626]",1,1
1222,[0.76596675 0.11855745],122,11,"[0.7959184624926093, 0.11918080536582887]",1,1
1223,[0.70530976 0.1045287 ],122,13,"[0.7021335477514611, 0.14044104057492626]",1,1
1224,[0.79821452 0.10696233],122,11,"[0.7959184624926093, 0.11918080536582887]",1,1
1225,[0.8412506  0.03631274],122,-1,-1,-1,-1
1226,[0.72401591 0.15670345],122,13,"[0.7021335477514611, 0.14044104057492626]",1,1
1227,[0.77157028 0.20002596],122,10,"[0.7746761820607687, 0.21753892083103987]",1,1
1228,[0.69184211 0.13374213],122,13,"[0.7021335477514611, 0.14044104057492626]",1,1
1229,[0.65485543 0.12339766],122,13,"[0.7021335477514611, 0.14044104057492626]",1,1
1230,[0.52636775 0.44927459],123,15,"[0.5243990320030668, 0.4567415410407343]",1,1
1231,[0.52966086 0.5461564 ],123,44,"[0.5470489204681213, 0.5454727393163525]",1,1
1232,[0.57446562 0.48919528],123,53,"[0.6173378545423917, 0.5109812817894804]",1,1
1233,[0.62505286 0.5242887 ],123,53,"[0.6173378545423917, 0.5109812817894804]",1,1
1234,[0.49771805 0.58037078],123,14,"[0.48596467570789575, 0.6175710149997509]",1,1
1235,[0.54395427 0.61924702],123,14,"[0.48596467570789575, 0.6175710149997509]",1,1
1236,[0.57487143 0.46923085],123,15,"[0.5243990320030668, 0.4567415410407343]",1,1
1237,[0.48079317 0.57802417],123,14,"[0.48596467570789575, 0.6175710149997509]",1,1
1238,[0.51992932 0.53885783],123,44,"[0.5470489204681213, 0.5454727393163525]",1,1
1239,[0.44984141 0.55333573],123,7,"[0.4543064653294918, 0.5314518603771107]",1,1
1240,[0.73232206 0.59155653],124,24,"[0.7526498461649456, 0.6345279392627485]",1,1
1241,[0.73808708 0.6173857 ],124,24,"[0.7526498461649456, 0.6345279392627485]",1,1
1242,[0.70081803 0.61476904],124,27,"[0.6778473174633682, 0.6085038911695436]",1,1
1243,[0.71512185 0.65670772],124,24,"[0.7526498461649456, 0.6345279392627485]",1,1
1244,[0.68991022 0.62388227],124,27,"[0.6778473174633682, 0.6085038911695436]",1,1
1245,[0.77857129 0.63295845],124,24,"[0.7526498461649456, 0.6345279392627485]",1,1
1246,[0.69925539 0.59580188],124,27,"[0.6778473174633682, 0.6085038911695436]",1,1
1247,[0.80225199 0.6415685 ],124,24,"[0.7526498461649456, 0.6345279392627485]",1,1
1248,[0.79251143 0.68508226],124,69,"[0.7877467747445478, 0.7240573746994867]",1,1
1249,[0.74030986 0.6316923 ],124,24,"[0.7526498461649456, 0.6345279392627485]",1,1
1250,[0.2397615  0.78357811],125,39,"[0.2519241217546056, 0.7871687126899874]",1,1
1251,[0.19073717 0.7184085 ],125,6,"[0.20079047608971543, 0.7407222662420908]",1,1
1252,[0.26873412 0.75062746],125,39,"[0.2519241217546056, 0.7871687126899874]",1,1
1253,[0.22088129 0.757996  ],125,6,"[0.20079047608971543, 0.7407222662420908]",1,1
1254,[0.22085959 0.76992073],125,6,"[0.20079047608971543, 0.7407222662420908]",1,1
1255,[0.1850466  0.78550631],125,6,"[0.20079047608971543, 0.7407222662420908]",1,1
1256,[0.22883787 0.80057043],125,39,"[0.2519241217546056, 0.7871687126899874]",1,1
1257,[0.24077971 0.77400916],125,39,"[0.2519241217546056, 0.7871687126899874]",1,1
1258,[0.25470011 0.8021729 ],125,39,"[0.2519241217546056, 0.7871687126899874]",1,1
1259,[0.30449213 0.74266548],125,5,"[0.29943624207921615, 0.7021640581472074]",1,1
1260,[0.24529244 0.45223031],126,2,"[0.1994792894674267, 0.46679341124299595]",1,1
1261,[0.24008528 0.45712125],126,2,"[0.1994792894674267, 0.46679341124299595]",1,1
1262,[0.17778037 0.43949991],126,2,"[0.1994792894674267, 0.46679341124299595]",1,1
1263,[0.2482962  0.55195318],126,38,"[0.28959070466030257, 0.5379209805559189]",1,1
1264,[0.18619481 0.47756119],126,2,"[0.1994792894674267, 0.46679341124299595]",1,1
1265,[0.32849219 0.53319998],126,38,"[0.28959070466030257, 0.5379209805559189]",1,1
1266,[0.20740797 0.48202835],126,2,"[0.1994792894674267, 0.46679341124299595]",1,1
1267,[0.16611291 0.46638429],126,2,"[0.1994792894674267, 0.46679341124299595]",1,1
1268,[0.25298632 0.47694456],126,2,"[0.1994792894674267, 0.46679341124299595]",1,1
1269,[0.17370947 0.54100755],126,8,"[0.18946557254026142, 0.5437382222919442]",1,1
1270,[0.49987586 0.88916619],127,62,"[0.49853266209702696, 0.856586317049283]",1,1
1271,[0.44967379 0.96303827],127,77,"[0.4877327668304984, 0.9466309561772078]",-1,1
1272,[0.47532138 0.93854568],127,77,"[0.4877327668304984, 0.9466309561772078]",1,1
1273,[0.4584853  0.96651894],127,77,"[0.4877327668304984, 0.9466309561772078]",-1,1
1274,[0.50611558 0.93709157],127,77,"[0.4877327668304984, 0.9466309561772078]",1,1
1275,[0.54472545 0.92774101],127,40,"[0.5836185670693409, 0.8897358071108409]",1,1
1276,[0.48005989 0.96588227],127,77,"[0.4877327668304984, 0.9466309561772078]",1,1
1277,[0.45389066 0.93244444],127,77,"[0.4877327668304984, 0.9466309561772078]",-1,1
1278,[0.48932943 0.92364014],127,77,"[0.4877327668304984, 0.9466309561772078]",1,1
1279,[0.5092693  0.86720273],127,62,"[0.49853266209702696, 0.856586317049283]",1,1
1280,[0.2027113  0.23098656],128,26,"[0.23848781047327638, 0.22179796585144237]",1,1
1281,[0.1430453  0.19098745],128,56,"[0.1551681502019597, 0.230196588205808]",1,1
1282,[0.23446528 0.20003164],128,26,"[0.23848781047327638, 0.22179796585144237]",1,1
1283,[0.17217235 0.1581701 ],128,28,"[0.23174643782401028, 0.15194845205961457]",1,1
1284,[0.14688076 0.1256523 ],128,49,"[0.1498315418537079, 0.1008995844005544]",1,1
1285,[0.08688836 0.14608358],128,64,"[0.08386821961362796, 0.17218127988435264]",1,1
1286,[0.21003169 0.17364361],128,28,"[0.23174643782401028, 0.15194845205961457]",1,1
1287,[0.15050992 0.08681303],128,49,"[0.1498315418537079, 0.1008995844005544]",1,1
1288,[0.12587121 0.19417944],128,56,"[0.1551681502019597, 0.230196588205808]",1,1
1289,[0.18122303 0.15069397],128,28,"[0.23174643782401028, 0.15194845205961457]",1,1
1290,[0.17518952 0.77564216],129,6,"[0.20079047608971543, 0.7407222662420908]",1,1
1291,[0.24349981 0.85281365],129,4,"[0.25046227908795426, 0.8809692635349097]",1,1
1292,[0.24709345 0.82600874],129,39,"[0.2519241217546056, 0.7871687126899874]",1,1
1293,[0.22487012 0.92631451],129,4,"[0.25046227908795426, 0.8809692635349097]",1,1
1294,[0.20651843 0.81451125],129,31,"[0.16440942734224115, 0.8408890205636902]",1,1
1295,[0.17441814 0.76957164],129,6,"[0.20079047608971543, 0.7407222662420908]",1,1
1296,[0.25926361 0.90697553],129,4,"[0.25046227908795426, 0.8809692635349097]",1,1
1297,[0.17206963 0.86569933],129,31,"[0.16440942734224115, 0.8408890205636902]",1,1
1298,[0.21964227 0.81698156],129,39,"[0.2519241217546056, 0.7871687126899874]",1,1
1299,[0.19698062 0.81960251],129,31,"[0.16440942734224115, 0.8408890205636902]",1,1
1300,[0.24336923 0.70244785],130,5,"[0.29943624207921615, 0.7021640581472074]",1,1
1301,[0.1763359  0.71747168],130,6,"[0.20079047608971543, 0.7407222662420908]",1,1
1302,[0.21406763 0.69209721],130,6,"[0.20079047608971543, 0.7407222662420908]",1,1
1303,[0.21189344 0.70917286],130,6,"[0.20079047608971543, 0.7407222662420908]",1,1
1304,[0.21027885 0.68135766],130,0,"[0.1864657171780098, 0.6453008438767196]",1,1
1305,[0.16790194 0.67161964],130,0,"[0.1864657171780098, 0.6453008438767196]",1,1
1306,[0.13446435 0.67989367],130,16,"[0.12086064045921278, 0.6907713353566621]",1,1
1307,[0.20085068 0.74604404],130,6,"[0.20079047608971543, 0.7407222662420908]",1,1
1308,[0.16615022 0.76418038],130,6,"[0.20079047608971543, 0.7407222662420908]",1,1
1309,[0.18066323 0.74771681],130,6,"[0.20079047608971543, 0.7407222662420908]",1,1
1310,[0.75097826 0.18622566],131,10,"[0.7746761820607687, 0.21753892083103987]",1,1
1311,[0.76101482 0.14771553],131,11,"[0.7959184624926093, 0.11918080536582887]",1,1
1312,[0.67501665 0.20195462],131,25,"[0.6890638445367717, 0.23767456904374304]",1,1
1313,[0.79973739 0.12745867],131,11,"[0.7959184624926093, 0.11918080536582887]",1,1
1314,[0.69334702 0.20148787],131,25,"[0.6890638445367717, 0.23767456904374304]",1,1
1315,[0.81170279 0.11430008],131,11,"[0.7959184624926093, 0.11918080536582887]",1,1
1316,[0.76068209 0.15166355],131,11,"[0.7959184624926093, 0.11918080536582887]",1,1
1317,[0.71758653 0.15022894],131,13,"[0.7021335477514611, 0.14044104057492626]",1,1
1318,[0.73752904 0.16198451],131,13,"[0.7021335477514611, 0.14044104057492626]",1,1
1319,[0.79155637 0.14063998],131,11,"[0.7959184624926093, 0.11918080536582887]",1,1
1320,[0.17883308 0.27260471],132,56,"[0.1551681502019597, 0.230196588205808]",1,1
1321,[0.2642197  0.33519583],132,22,"[0.2858957308509703, 0.36075363142186195]",1,1
1322,[0.20981435 0.33857961],132,21,"[0.2217463723141326, 0.3098815799613793]",1,1
1323,[0.17204832 0.30785945],132,58,"[0.13961731213118878, 0.32693163644069556]",1,1
1324,[0.29852011 0.32251884],132,22,"[0.2858957308509703, 0.36075363142186195]",1,1
1325,[0.18519665 0.40966463],132,34,"[0.21147259375506475, 0.3945365199794081]",1,1
1326,[0.22432908 0.31211713],132,21,"[0.2217463723141326, 0.3098815799613793]",1,1
1327,[0.23976021 0.31284292],132,21,"[0.2217463723141326, 0.3098815799613793]",1,1
1328,[0.26221421 0.25648526],132,48,"[0.28065255309332615, 0.2558365353382771]",1,1
1329,[0.18319792 0.30429389],132,21,"[0.2217463723141326, 0.3098815799613793]",1,1
1330,[0.15147709 0.59016517],133,36,"[0.12645391464206665, 0.5881277449330531]",1,1
1331,[0.18985979 0.52889691],133,8,"[0.18946557254026142, 0.5437382222919442]",1,1
1332,[0.17404415 0.5408165 ],133,8,"[0.18946557254026142, 0.5437382222919442]",1,1
1333,[0.22774017 0.56352382],133,8,"[0.18946557254026142, 0.5437382222919442]",1,1
1334,[0.15782861 0.61146974],133,36,"[0.12645391464206665, 0.5881277449330531]",1,1
1335,[0.22938326 0.5641031 ],133,8,"[0.18946557254026142, 0.5437382222919442]",1,1
1336,[0.18132927 0.51529123],133,8,"[0.18946557254026142, 0.5437382222919442]",1,1
1337,[0.23781585 0.56691947],133,59,"[0.2700743728805862, 0.5988566786157346]",1,1
1338,[0.14993984 0.54237175],133,8,"[0.18946557254026142, 0.5437382222919442]",1,1
1339,[0.15479777 0.58538293],133,36,"[0.12645391464206665, 0.5881277449330531]",1,1
1340,[0.25420118 0.20416874],134,26,"[0.23848781047327638, 0.22179796585144237]",1,1
1341,[0.23244804 0.1830261 ],134,28,"[0.23174643782401028, 0.15194845205961457]",1,1
1342,[0.2636485 0.2489333],134,48,"[0.28065255309332615, 0.2558365353382771]",1,1
1343,[0.24978454 0.24978902],134,26,"[0.23848781047327638, 0.22179796585144237]",1,1
1344,[0.21794045 0.18911439],134,26,"[0.23848781047327638, 0.22179796585144237]",1,1
1345,[0.21336069 0.2186639 ],134,26,"[0.23848781047327638, 0.22179796585144237]",1,1
1346,[0.14958077 0.1845068 ],134,56,"[0.1551681502019597, 0.230196588205808]",1,1
1347,[0.23528578 0.17079538],134,28,"[0.23174643782401028, 0.15194845205961457]",1,1
1348,[0.17118051 0.13789691],134,49,"[0.1498315418537079, 0.1008995844005544]",1,1
1349,[0.22952688 0.21923473],134,26,"[0.23848781047327638, 0.22179796585144237]",1,1
1350,[0.48621293 0.66785202],135,68,"[0.47310982320829337, 0.7137149666420596]",1,1
1351,[0.46116182 0.62453953],135,14,"[0.48596467570789575, 0.6175710149997509]",1,1
1352,[0.33351759 0.63770314],135,65,"[0.3534459247881473, 0.6268566371904563]",1,1
1353,[0.38466664 0.66569612],135,47,"[0.4088945736368116, 0.679271809562947]",1,1
1354,[0.40064446 0.6921873 ],135,47,"[0.4088945736368116, 0.679271809562947]",1,1
1355,[0.43287529 0.6736596 ],135,47,"[0.4088945736368116, 0.679271809562947]",1,1
1356,[0.36275434 0.6265175 ],135,65,"[0.3534459247881473, 0.6268566371904563]",1,1
1357,[0.38492333 0.70352855],135,47,"[0.4088945736368116, 0.679271809562947]",1,1
1358,[0.4180988  0.67166893],135,47,"[0.4088945736368116, 0.679271809562947]",1,1
1359,[0.48100294 0.62507533],135,14,"[0.48596467570789575, 0.6175710149997509]",1,1
1360,[0.07570298 0.07447582],136,-1,-1,-1,1
1361,[0.12489253 0.02794821],136,-1,-1,-1,-1
1362,[0.06366965 0.04888494],136,-1,-1,-1,-1
1363,[0.10161719 0.10747828],136,49,"[0.1498315418537079, 0.1008995844005544]",1,1
1364,[0.08116942 0.09734901],136,49,"[0.1498315418537079, 0.1008995844005544]",1,1
1365,[0.05944651 0.        ],136,-1,-1,-1,-1
1366,[0.05846494 0.0665418 ],136,-1,-1,-1,1
1367,[0.05258492 0.14603887],136,64,"[0.08386821961362796, 0.17218127988435264]",1,1
1368,[0.01070893 0.10104212],136,-1,-1,-1,-1
1369,[0.09297766 0.15260497],136,64,"[0.08386821961362796, 0.17218127988435264]",1,1
1370,[0.69622746 0.33771024],137,81,"[0.7220949387378843, 0.30608529656321976]",-1,1
1371,[0.60756484 0.37966491],137,52,"[0.6366749700049639, 0.4102593360454644]",1,1
1372,[0.62941797 0.38962956],137,52,"[0.6366749700049639, 0.4102593360454644]",1,1
1373,[0.66690379 0.3925043 ],137,52,"[0.6366749700049639, 0.4102593360454644]",1,1
1374,[0.60479256 0.43926031],137,52,"[0.6366749700049639, 0.4102593360454644]",1,1
1375,[0.64601739 0.33650693],137,12,"[0.6044300822264704, 0.32178087010097706]",1,1
1376,[0.64002902 0.40616909],137,52,"[0.6366749700049639, 0.4102593360454644]",1,1
1377,[0.66356734 0.43289229],137,52,"[0.6366749700049639, 0.4102593360454644]",1,1
1378,[0.63508398 0.34835476],137,12,"[0.6044300822264704, 0.32178087010097706]",1,1
1379,[0.613727   0.42412883],137,52,"[0.6366749700049639, 0.4102593360454644]",1,1
1380,[0.71761768 0.78238091],138,54,"[0.6612010205032498, 0.7693846343419412]",1,1
1381,[0.67066984 0.80825893],138,54,"[0.6612010205032498, 0.7693846343419412]",1,1
1382,[0.72483253 0.72832376],138,45,"[0.7120882601800862, 0.7092762603616896]",1,1
1383,[0.71313413 0.7683862 ],138,54,"[0.6612010205032498, 0.7693846343419412]",1,1
1384,[0.65094382 0.72848296],138,54,"[0.6612010205032498, 0.7693846343419412]",1,1
1385,[0.65686168 0.73749625],138,54,"[0.6612010205032498, 0.7693846343419412]",1,1
1386,[0.61735547 0.72501335],138,66,"[0.5629262216536625, 0.7416480583063001]",1,1
1387,[0.68841654 0.82436868],138,54,"[0.6612010205032498, 0.7693846343419412]",1,1
1388,[0.66449732 0.74200784],138,54,"[0.6612010205032498, 0.7693846343419412]",1,1
1389,[0.60044816 0.7508131 ],138,66,"[0.5629262216536625, 0.7416480583063001]",1,1
1390,[0.51945662 0.79323336],139,55,"[0.5088035931815811, 0.7685309669878322]",1,1
1391,[0.42113883 0.8293573 ],139,32,"[0.4275293536542033, 0.8253234378533442]",1,1
1392,[0.4620614  0.73666475],139,68,"[0.47310982320829337, 0.7137149666420596]",1,1
1393,[0.371766   0.73826449],139,1,"[0.3449532794629396, 0.7788979828676246]",1,1
1394,[0.47928793 0.70001385],139,68,"[0.47310982320829337, 0.7137149666420596]",1,1
1395,[0.46777703 0.78282749],139,55,"[0.5088035931815811, 0.7685309669878322]",1,1
1396,[0.48257656 0.67206734],139,68,"[0.47310982320829337, 0.7137149666420596]",1,1
1397,[0.46274581 0.7266849 ],139,68,"[0.47310982320829337, 0.7137149666420596]",1,1
1398,[0.42227515 0.78038055],139,32,"[0.4275293536542033, 0.8253234378533442]",1,1
1399,[0.45870326 0.70575014],139,68,"[0.47310982320829337, 0.7137149666420596]",1,1
1400,[0.87429169 0.21414875],140,82,"[0.9001485369581391, 0.26179914415210587]",1,1
1401,[0.89051315 0.25737374],140,82,"[0.9001485369581391, 0.26179914415210587]",1,1
1402,[0.8926676  0.25963566],140,82,"[0.9001485369581391, 0.26179914415210587]",1,1
1403,[0.90366119 0.24097233],140,82,"[0.9001485369581391, 0.26179914415210587]",1,1
1404,[0.87061226 0.2714015 ],140,82,"[0.9001485369581391, 0.26179914415210587]",1,1
1405,[0.86193778 0.29759913],140,17,"[0.838511009041314, 0.2776756765384589]",1,1
1406,[0.82679428 0.21634623],140,10,"[0.7746761820607687, 0.21753892083103987]",1,1
1407,[0.89269249 0.22060709],140,82,"[0.9001485369581391, 0.26179914415210587]",1,1
1408,[0.91900432 0.29539443],140,82,"[0.9001485369581391, 0.26179914415210587]",1,1
1409,[0.83240352 0.32871742],140,46,"[0.8037369116250731, 0.3602249266684185]",1,1
1410,[0.52823184 0.71924861],141,66,"[0.5629262216536625, 0.7416480583063001]",1,1
1411,[0.50486129 0.74630949],141,55,"[0.5088035931815811, 0.7685309669878322]",1,1
1412,[0.53936632 0.77117876],141,55,"[0.5088035931815811, 0.7685309669878322]",1,1
1413,[0.49205097 0.77867037],141,55,"[0.5088035931815811, 0.7685309669878322]",1,1
1414,[0.56786362 0.752582  ],141,66,"[0.5629262216536625, 0.7416480583063001]",1,1
1415,[0.45180037 0.76086418],141,68,"[0.47310982320829337, 0.7137149666420596]",1,1
1416,[0.50090651 0.84766317],141,62,"[0.49853266209702696, 0.856586317049283]",1,1
1417,[0.59588304 0.76965339],141,66,"[0.5629262216536625, 0.7416480583063001]",1,1
1418,[0.51297903 0.78328087],141,55,"[0.5088035931815811, 0.7685309669878322]",1,1
1419,[0.48230721 0.81733024],141,62,"[0.49853266209702696, 0.856586317049283]",1,1
1420,[0.43161208 0.53286929],142,7,"[0.4543064653294918, 0.5314518603771107]",1,1
1421,[0.45732078 0.5601872 ],142,7,"[0.4543064653294918, 0.5314518603771107]",1,1
1422,[0.31450492 0.56266791],142,38,"[0.28959070466030257, 0.5379209805559189]",1,1
1423,[0.3851623  0.58915224],142,30,"[0.39303582202011716, 0.5743870920066177]",1,1
1424,[0.3029747  0.54230903],142,38,"[0.28959070466030257, 0.5379209805559189]",1,1
1425,[0.37537699 0.52284327],142,30,"[0.39303582202011716, 0.5743870920066177]",1,1
1426,[0.42218146 0.5602505 ],142,30,"[0.39303582202011716, 0.5743870920066177]",1,1
1427,[0.35468824 0.58373079],142,30,"[0.39303582202011716, 0.5743870920066177]",1,1
1428,[0.4184529  0.54478616],142,7,"[0.4543064653294918, 0.5314518603771107]",1,1
1429,[0.3297688  0.55664024],142,38,"[0.28959070466030257, 0.5379209805559189]",1,1
1430,[0.19694563 0.39452585],143,34,"[0.21147259375506475, 0.3945365199794081]",1,1
1431,[0.23116506 0.52521094],143,8,"[0.18946557254026142, 0.5437382222919442]",1,1
1432,[0.07743177 0.49173456],143,51,"[0.11171978230692693, 0.48840318401943933]",1,1
1433,[0.1974138  0.51082153],143,8,"[0.18946557254026142, 0.5437382222919442]",1,1
1434,[0.17342084 0.45017459],143,2,"[0.1994792894674267, 0.46679341124299595]",1,1
1435,[0.1896867  0.36964153],143,34,"[0.21147259375506475, 0.3945365199794081]",1,1
1436,[0.27196051 0.43592498],143,33,"[0.3266738132568585, 0.4254776025891383]",1,1
1437,[0.23256102 0.40801017],143,34,"[0.21147259375506475, 0.3945365199794081]",1,1
1438,[0.23457951 0.49469311],143,2,"[0.1994792894674267, 0.46679341124299595]",1,1
1439,[0.17166808 0.44759317],143,2,"[0.1994792894674267, 0.46679341124299595]",1,1
1440,[0.39817128 0.34374312],144,29,"[0.40403537668128997, 0.3636538497460488]",1,1
1441,[0.4000136  0.40724662],144,29,"[0.40403537668128997, 0.3636538497460488]",1,1
1442,[0.41252287 0.38861005],144,29,"[0.40403537668128997, 0.3636538497460488]",1,1
1443,[0.40069    0.34208807],144,29,"[0.40403537668128997, 0.3636538497460488]",1,1
1444,[0.46819643 0.31758481],144,20,"[0.4420710618793585, 0.3102097401393955]",1,1
1445,[0.40658359 0.34649327],144,29,"[0.40403537668128997, 0.3636538497460488]",1,1
1446,[0.35965631 0.3086321 ],144,37,"[0.3531069261231234, 0.2944050844070021]",1,1
1447,[0.3162362 0.3738556],144,22,"[0.2858957308509703, 0.36075363142186195]",1,1
1448,[0.43499893 0.40331252],144,29,"[0.40403537668128997, 0.3636538497460488]",1,1
1449,[0.3760321  0.28002744],144,37,"[0.3531069261231234, 0.2944050844070021]",1,1
1450,[0.74306195 0.20625858],145,10,"[0.7746761820607687, 0.21753892083103987]",1,1
1451,[0.67615733 0.24075931],145,25,"[0.6890638445367717, 0.23767456904374304]",1,1
1452,[0.65372003 0.19916712],145,18,"[0.6060740821281893, 0.20040535896109252]",1,1
1453,[0.72558996 0.16367546],145,13,"[0.7021335477514611, 0.14044104057492626]",1,1
1454,[0.6753749  0.15374598],145,13,"[0.7021335477514611, 0.14044104057492626]",1,1
1455,[0.70783853 0.17374296],145,13,"[0.7021335477514611, 0.14044104057492626]",1,1
1456,[0.73447644 0.11837201],145,13,"[0.7021335477514611, 0.14044104057492626]",1,1
1457,[0.70335376 0.09356138],145,13,"[0.7021335477514611, 0.14044104057492626]",1,1
1458,[0.6679572  0.12576113],145,13,"[0.7021335477514611, 0.14044104057492626]",1,1
1459,[0.6731759 0.1739986],145,13,"[0.7021335477514611, 0.14044104057492626]",1,1
1460,[0.10916268 0.20786943],146,64,"[0.08386821961362796, 0.17218127988435264]",1,1
1461,[0.14691427 0.18883616],146,56,"[0.1551681502019597, 0.230196588205808]",1,1
1462,[0.1329762 0.1587295],146,64,"[0.08386821961362796, 0.17218127988435264]",1,1
1463,[0.11120618 0.21253952],146,56,"[0.1551681502019597, 0.230196588205808]",1,1
1464,[0.06712991 0.16452002],146,64,"[0.08386821961362796, 0.17218127988435264]",1,1
1465,[0.07325959 0.19968782],146,64,"[0.08386821961362796, 0.17218127988435264]",1,1
1466,[0.20927242 0.17764839],146,28,"[0.23174643782401028, 0.15194845205961457]",1,1
1467,[0.07027482 0.13502261],146,64,"[0.08386821961362796, 0.17218127988435264]",1,1
1468,[0.13094286 0.12482663],146,49,"[0.1498315418537079, 0.1008995844005544]",1,1
1469,[0.12157149 0.17890144],146,64,"[0.08386821961362796, 0.17218127988435264]",1,1
1470,[0.32021195 0.65415215],147,65,"[0.3534459247881473, 0.6268566371904563]",1,1
1471,[0.35214611 0.68770365],147,5,"[0.29943624207921615, 0.7021640581472074]",1,1
1472,[0.2614732  0.68842186],147,5,"[0.29943624207921615, 0.7021640581472074]",1,1
1473,[0.27862866 0.69597203],147,5,"[0.29943624207921615, 0.7021640581472074]",1,1
1474,[0.36335186 0.75139273],147,1,"[0.3449532794629396, 0.7788979828676246]",1,1
1475,[0.32485399 0.68911637],147,5,"[0.29943624207921615, 0.7021640581472074]",1,1
1476,[0.2614085  0.67884503],147,5,"[0.29943624207921615, 0.7021640581472074]",1,1
1477,[0.28297477 0.67663112],147,5,"[0.29943624207921615, 0.7021640581472074]",1,1
1478,[0.27942758 0.7647698 ],147,39,"[0.2519241217546056, 0.7871687126899874]",1,1
1479,[0.30276021 0.73390196],147,5,"[0.29943624207921615, 0.7021640581472074]",1,1
1480,[0.66162409 0.0334641 ],148,-1,-1,-1,-1
1481,[0.8081521  0.13809887],148,11,"[0.7959184624926093, 0.11918080536582887]",1,1
1482,[0.75815512 0.13255653],148,11,"[0.7959184624926093, 0.11918080536582887]",1,1
1483,[0.74269609 0.17274324],148,13,"[0.7021335477514611, 0.14044104057492626]",1,1
1484,[0.74415725 0.10217284],148,11,"[0.7959184624926093, 0.11918080536582887]",1,1
1485,[0.81234585 0.11174109],148,11,"[0.7959184624926093, 0.11918080536582887]",1,1
1486,[0.73122587 0.15556193],148,13,"[0.7021335477514611, 0.14044104057492626]",1,1
1487,[0.78592705 0.12190366],148,11,"[0.7959184624926093, 0.11918080536582887]",1,1
1488,[0.7361888  0.18542276],148,10,"[0.7746761820607687, 0.21753892083103987]",1,1
1489,[0.7386807  0.19243991],148,10,"[0.7746761820607687, 0.21753892083103987]",1,1
1490,[0.11680189 0.02369365],149,-1,-1,-1,-1
1491,[0.18044643 0.12061981],149,49,"[0.1498315418537079, 0.1008995844005544]",1,1
1492,[0.16301294 0.04346156],149,49,"[0.1498315418537079, 0.1008995844005544]",-1,-1
1493,[0.11177945 0.12188425],149,49,"[0.1498315418537079, 0.1008995844005544]",1,1
1494,[0.12537472 0.12094186],149,49,"[0.1498315418537079, 0.1008995844005544]",1,1
1495,[0.15740783 0.11055318],149,49,"[0.1498315418537079, 0.1008995844005544]",1,1
1496,[0.14142252 0.15025569],149,49,"[0.1498315418537079, 0.1008995844005544]",1,1
1497,[0.14002357 0.15169954],149,49,"[0.1498315418537079, 0.1008995844005544]",1,1
1498,[0.20389101 0.1010777 ],149,49,"[0.1498315418537079, 0.1008995844005544]",1,1
1499,[0.22927661 0.05179603],149,-1,-1,-1,-1
1500,[0.24257346 0.54085314],150,38,"[0.28959070466030257, 0.5379209805559189]",1,1
1501,[0.29805449 0.46084585],150,33,"[0.3266738132568585, 0.4254776025891383]",1,1
1502,[0.30854607 0.49028593],150,38,"[0.28959070466030257, 0.5379209805559189]",1,1
1503,[0.20469151 0.55212611],150,8,"[0.18946557254026142, 0.5437382222919442]",1,1
1504,[0.31764048 0.49400595],150,38,"[0.28959070466030257, 0.5379209805559189]",1,1
1505,[0.3223571  0.45034475],150,33,"[0.3266738132568585, 0.4254776025891383]",1,1
1506,[0.19774492 0.54001733],150,8,"[0.18946557254026142, 0.5437382222919442]",1,1
1507,[0.25488655 0.535214  ],150,38,"[0.28959070466030257, 0.5379209805559189]",1,1
1508,[0.28998689 0.53239278],150,38,"[0.28959070466030257, 0.5379209805559189]",1,1
1509,[0.26953918 0.57973958],150,59,"[0.2700743728805862, 0.5988566786157346]",1,1
1510,[0.29830349 0.92144196],151,4,"[0.25046227908795426, 0.8809692635349097]",1,1
1511,[0.28003962 0.9207306 ],151,4,"[0.25046227908795426, 0.8809692635349097]",1,1
1512,[0.36715356 0.84759048],151,43,"[0.33622387153865957, 0.868645706604107]",1,1
1513,[0.30337916 0.90694083],151,43,"[0.33622387153865957, 0.868645706604107]",1,1
1514,[0.32667631 0.84932525],151,43,"[0.33622387153865957, 0.868645706604107]",1,1
1515,[0.399193   0.85791927],151,32,"[0.4275293536542033, 0.8253234378533442]",1,1
1516,[0.31585702 0.88021251],151,43,"[0.33622387153865957, 0.868645706604107]",1,1
1517,[0.32016274 0.81696201],151,1,"[0.3449532794629396, 0.7788979828676246]",1,1
1518,[0.34432924 0.87352718],151,43,"[0.33622387153865957, 0.868645706604107]",1,1
1519,[0.37210693 0.9045925 ],151,43,"[0.33622387153865957, 0.868645706604107]",-1,1
1520,[0.26964171 0.82081864],152,39,"[0.2519241217546056, 0.7871687126899874]",1,1
1521,[0.3160239  0.85807921],152,43,"[0.33622387153865957, 0.868645706604107]",1,1
1522,[0.26497717 0.84635697],152,4,"[0.25046227908795426, 0.8809692635349097]",1,1
1523,[0.30234232 0.9184828 ],152,43,"[0.33622387153865957, 0.868645706604107]",1,1
1524,[0.27668823 0.84910753],152,4,"[0.25046227908795426, 0.8809692635349097]",1,1
1525,[0.26691814 0.93367623],152,4,"[0.25046227908795426, 0.8809692635349097]",1,1
1526,[0.27895617 0.82601199],152,39,"[0.2519241217546056, 0.7871687126899874]",1,1
1527,[0.34510995 0.89128333],152,43,"[0.33622387153865957, 0.868645706604107]",1,1
1528,[0.35075782 0.78628362],152,1,"[0.3449532794629396, 0.7788979828676246]",1,1
1529,[0.21732715 0.89469769],152,4,"[0.25046227908795426, 0.8809692635349097]",1,1
1530,[0.36691413 0.59281204],153,30,"[0.39303582202011716, 0.5743870920066177]",1,1
1531,[0.34522175 0.5959011 ],153,65,"[0.3534459247881473, 0.6268566371904563]",1,1
1532,[0.37677523 0.64733607],153,65,"[0.3534459247881473, 0.6268566371904563]",1,1
1533,[0.33862457 0.56977837],153,30,"[0.39303582202011716, 0.5743870920066177]",1,1
1534,[0.4192409  0.61263496],153,30,"[0.39303582202011716, 0.5743870920066177]",1,1
1535,[0.38587555 0.56566687],153,30,"[0.39303582202011716, 0.5743870920066177]",1,1
1536,[0.35795515 0.61346629],153,65,"[0.3534459247881473, 0.6268566371904563]",1,1
1537,[0.35866483 0.62816917],153,65,"[0.3534459247881473, 0.6268566371904563]",1,1
1538,[0.40318153 0.60747653],153,30,"[0.39303582202011716, 0.5743870920066177]",1,1
1539,[0.43494088 0.61497839],153,14,"[0.48596467570789575, 0.6175710149997509]",1,1
1540,[0.20654365 0.61020307],154,0,"[0.1864657171780098, 0.6453008438767196]",1,1
1541,[0.16405122 0.62102246],154,0,"[0.1864657171780098, 0.6453008438767196]",1,1
1542,[0.20278503 0.58012257],154,8,"[0.18946557254026142, 0.5437382222919442]",1,1
1543,[0.14345659 0.59789884],154,36,"[0.12645391464206665, 0.5881277449330531]",1,1
1544,[0.16980975 0.6790732 ],154,0,"[0.1864657171780098, 0.6453008438767196]",1,1
1545,[0.20068264 0.6322282 ],154,0,"[0.1864657171780098, 0.6453008438767196]",1,1
1546,[0.14756836 0.61870995],154,36,"[0.12645391464206665, 0.5881277449330531]",1,1
1547,[0.16198251 0.65186927],154,0,"[0.1864657171780098, 0.6453008438767196]",1,1
1548,[0.16006655 0.60913208],154,36,"[0.12645391464206665, 0.5881277449330531]",1,1
1549,[0.19746749 0.68005959],154,0,"[0.1864657171780098, 0.6453008438767196]",1,1
1550,[0.30758979 0.76890588],155,1,"[0.3449532794629396, 0.7788979828676246]",1,1
1551,[0.06804435 0.86410924],155,60,"[0.08306408725925349, 0.8125737777025931]",1,1
1552,[0.18468482 0.82030914],155,31,"[0.16440942734224115, 0.8408890205636902]",1,1
1553,[0.17084291 0.84025887],155,31,"[0.16440942734224115, 0.8408890205636902]",1,1
1554,[0.13884557 0.74279666],155,16,"[0.12086064045921278, 0.6907713353566621]",1,1
1555,[0.07867814 0.81910774],155,60,"[0.08306408725925349, 0.8125737777025931]",1,1
1556,[0.13067813 0.68338618],155,16,"[0.12086064045921278, 0.6907713353566621]",1,1
1557,[0.15158221 0.7337124 ],155,6,"[0.20079047608971543, 0.7407222662420908]",1,1
1558,[0.04233866 0.77979821],155,60,"[0.08306408725925349, 0.8125737777025931]",-1,1
1559,[0.14045662 0.68794279],155,16,"[0.12086064045921278, 0.6907713353566621]",1,1
1560,[0.87077854 0.643816  ],156,71,"[0.8758881018187182, 0.6900443044052346]",1,1
1561,[0.77361491 0.52073699],156,70,"[0.7707489216380763, 0.50684404151622]",1,1
1562,[0.87251073 0.55113831],156,73,"[0.8696788280355823, 0.5956259531554196]",-1,1
1563,[0.80858866 0.57010844],156,73,"[0.8696788280355823, 0.5956259531554196]",-1,-1
1564,[0.78665404 0.61851727],156,24,"[0.7526498461649456, 0.6345279392627485]",1,1
1565,[0.86076256 0.57617453],156,73,"[0.8696788280355823, 0.5956259531554196]",1,1
1566,[0.82869844 0.56847858],156,73,"[0.8696788280355823, 0.5956259531554196]",-1,-1
1567,[0.81186288 0.62302206],156,24,"[0.7526498461649456, 0.6345279392627485]",1,1
1568,[0.78120404 0.54372075],156,70,"[0.7707489216380763, 0.50684404151622]",1,1
1569,[0.83680945 0.61507191],156,73,"[0.8696788280355823, 0.5956259531554196]",1,1
1570,[0.35814347 0.65541425],157,65,"[0.3534459247881473, 0.6268566371904563]",1,1
1571,[0.3727996  0.66770558],157,47,"[0.4088945736368116, 0.679271809562947]",1,1
1572,[0.26835949 0.6133586 ],157,59,"[0.2700743728805862, 0.5988566786157346]",1,1
1573,[0.31147674 0.63617584],157,65,"[0.3534459247881473, 0.6268566371904563]",1,1
1574,[0.35495512 0.61702203],157,65,"[0.3534459247881473, 0.6268566371904563]",1,1
1575,[0.27574286 0.63446379],157,59,"[0.2700743728805862, 0.5988566786157346]",1,1
1576,[0.26967273 0.59284989],157,59,"[0.2700743728805862, 0.5988566786157346]",1,1
1577,[0.27519712 0.70175497],157,5,"[0.29943624207921615, 0.7021640581472074]",1,1
1578,[0.2017856 0.6179054],157,0,"[0.1864657171780098, 0.6453008438767196]",1,1
1579,[0.29644203 0.55558031],157,38,"[0.28959070466030257, 0.5379209805559189]",1,1
1580,[0.12011096 0.82931012],158,60,"[0.08306408725925349, 0.8125737777025931]",1,1
1581,[0.07004305 0.91968104],158,-1,-1,-1,1
1582,[0.09665803 0.86721902],158,60,"[0.08306408725925349, 0.8125737777025931]",1,1
1583,[0.06568533 0.87506416],158,60,"[0.08306408725925349, 0.8125737777025931]",1,1
1584,[0.13517387 0.80551495],158,31,"[0.16440942734224115, 0.8408890205636902]",1,1
1585,[0.12633336 0.84811068],158,31,"[0.16440942734224115, 0.8408890205636902]",1,1
1586,[0.08142111 0.87847457],158,60,"[0.08306408725925349, 0.8125737777025931]",-1,1
1587,[0.16673478 0.86487466],158,31,"[0.16440942734224115, 0.8408890205636902]",1,1
1588,[0.12612118 0.88850775],158,35,"[0.14577646031389888, 0.9198609943432723]",1,1
1589,[0.16535832 0.9655418 ],158,35,"[0.14577646031389888, 0.9198609943432723]",-1,1
1590,[0.16433021 0.54230224],159,8,"[0.18946557254026142, 0.5437382222919442]",1,1
1591,[0.22473287 0.49759978],159,2,"[0.1994792894674267, 0.46679341124299595]",1,1
1592,[0.2016689  0.48733815],159,2,"[0.1994792894674267, 0.46679341124299595]",1,1
1593,[0.25168782 0.50349415],159,38,"[0.28959070466030257, 0.5379209805559189]",1,1
1594,[0.2058461  0.44507989],159,2,"[0.1994792894674267, 0.46679341124299595]",1,1
1595,[0.15222248 0.46630751],159,51,"[0.11171978230692693, 0.48840318401943933]",1,1
1596,[0.19165291 0.50219551],159,2,"[0.1994792894674267, 0.46679341124299595]",1,1
1597,[0.164576   0.47196814],159,2,"[0.1994792894674267, 0.46679341124299595]",1,1
1598,[0.22856503 0.39686007],159,34,"[0.21147259375506475, 0.3945365199794081]",1,1
1599,[0.22497297 0.49272623],159,2,"[0.1994792894674267, 0.46679341124299595]",1,1
1600,[0.19449356 0.62892878],160,0,"[0.1864657171780098, 0.6453008438767196]",1,1
1601,[0.13231136 0.57995267],160,36,"[0.12645391464206665, 0.5881277449330531]",1,1
1602,[0.11094419 0.50243482],160,51,"[0.11171978230692693, 0.48840318401943933]",1,1
1603,[0.11487866 0.55104899],160,36,"[0.12645391464206665, 0.5881277449330531]",1,1
1604,[0.15869971 0.48741223],160,2,"[0.1994792894674267, 0.46679341124299595]",1,1
1605,[0.18341807 0.46114479],160,2,"[0.1994792894674267, 0.46679341124299595]",1,1
1606,[0.09760572 0.5704192 ],160,36,"[0.12645391464206665, 0.5881277449330531]",1,1
1607,[0.21549414 0.49843789],160,2,"[0.1994792894674267, 0.46679341124299595]",1,1
1608,[0.18787768 0.60009548],160,0,"[0.1864657171780098, 0.6453008438767196]",1,1
1609,[0.13695064 0.48921268],160,51,"[0.11171978230692693, 0.48840318401943933]",1,1
1610,[0.12776918 0.5615632 ],161,36,"[0.12645391464206665, 0.5881277449330531]",1,1
1611,[0.13033254 0.59692739],161,36,"[0.12645391464206665, 0.5881277449330531]",1,1
1612,[0.14036556 0.54912149],161,36,"[0.12645391464206665, 0.5881277449330531]",1,1
1613,[0.13744187 0.5300746 ],161,51,"[0.11171978230692693, 0.48840318401943933]",1,1
1614,[0.17002188 0.54646846],161,8,"[0.18946557254026142, 0.5437382222919442]",1,1
1615,[0.25684474 0.50045175],161,38,"[0.28959070466030257, 0.5379209805559189]",1,1
1616,[0.20891223 0.61557272],161,0,"[0.1864657171780098, 0.6453008438767196]",1,1
1617,[0.17372902 0.51557985],161,8,"[0.18946557254026142, 0.5437382222919442]",1,1
1618,[0.12645277 0.56945818],161,36,"[0.12645391464206665, 0.5881277449330531]",1,1
1619,[0.12527168 0.52835723],161,51,"[0.11171978230692693, 0.48840318401943933]",1,1
1620,[0.98070603 0.906484  ],162,-1,-1,-1,-1
1621,[0.89843422 0.94597132],162,-1,-1,-1,-1
1622,[0.90663047 0.85497886],162,61,"[0.9026595813341395, 0.8633356537501007]",0,1
1623,[0.88964681 0.75396777],162,71,"[0.8758881018187182, 0.6900443044052346]",-1,1
1624,[0.88895803 0.85845263],162,61,"[0.9026595813341395, 0.8633356537501007]",0,1
1625,[0.86232118 0.81294592],162,61,"[0.9026595813341395, 0.8633356537501007]",-1,1
1626,[0.9069233  0.86710911],162,61,"[0.9026595813341395, 0.8633356537501007]",0,1
1627,[0.84602584 0.8977714 ],162,61,"[0.9026595813341395, 0.8633356537501007]",0,1
1628,[0.87146902 0.88823677],162,61,"[0.9026595813341395, 0.8633356537501007]",0,1
1629,[0.82070036 0.81754384],162,74,"[0.7770761303923014, 0.8356091331038862]",1,1
1630,[0.16517153 0.67517408],163,0,"[0.1864657171780098, 0.6453008438767196]",1,1
1631,[0.18551355 0.65593946],163,0,"[0.1864657171780098, 0.6453008438767196]",1,1
1632,[0.15617617 0.61570334],163,36,"[0.12645391464206665, 0.5881277449330531]",1,1
1633,[0.18049518 0.66902893],163,0,"[0.1864657171780098, 0.6453008438767196]",1,1
1634,[0.26184129 0.66944783],163,5,"[0.29943624207921615, 0.7021640581472074]",1,1
1635,[0.20249314 0.64354609],163,0,"[0.1864657171780098, 0.6453008438767196]",1,1
1636,[0.19158682 0.65234143],163,0,"[0.1864657171780098, 0.6453008438767196]",1,1
1637,[0.22487837 0.71600991],163,6,"[0.20079047608971543, 0.7407222662420908]",1,1
1638,[0.20641177 0.73969778],163,6,"[0.20079047608971543, 0.7407222662420908]",1,1
1639,[0.17214609 0.6548373 ],163,0,"[0.1864657171780098, 0.6453008438767196]",1,1
1640,[0.70063298 0.51479269],164,42,"[0.7030521778160838, 0.5163269636763479]",1,1
1641,[0.72734857 0.50967973],164,42,"[0.7030521778160838, 0.5163269636763479]",1,1
1642,[0.76261776 0.53180672],164,70,"[0.7707489216380763, 0.50684404151622]",1,1
1643,[0.75837167 0.48659507],164,70,"[0.7707489216380763, 0.50684404151622]",1,1
1644,[0.70142667 0.54878384],164,42,"[0.7030521778160838, 0.5163269636763479]",1,1
1645,[0.67317306 0.42030284],164,52,"[0.6366749700049639, 0.4102593360454644]",1,1
1646,[0.69736883 0.55290381],164,42,"[0.7030521778160838, 0.5163269636763479]",1,1
1647,[0.68916804 0.5840384 ],164,27,"[0.6778473174633682, 0.6085038911695436]",1,1
1648,[0.74168045 0.47907961],164,70,"[0.7707489216380763, 0.50684404151622]",1,1
1649,[0.7579475  0.52361689],164,70,"[0.7707489216380763, 0.50684404151622]",1,1
1650,[0.53133659 0.10109087],165,76,"[0.5387944355162558, 0.13908075385326488]",1,1
1651,[0.52081382 0.16529753],165,76,"[0.5387944355162558, 0.13908075385326488]",1,1
1652,[0.5511233  0.08047517],165,63,"[0.6058838029911512, 0.10323185717569629]",1,1
1653,[0.52480576 0.06018877],165,-1,-1,-1,-1
1654,[0.54759214 0.07480154],165,63,"[0.6058838029911512, 0.10323185717569629]",-1,1
1655,[0.60538749 0.0522443 ],165,63,"[0.6058838029911512, 0.10323185717569629]",-1,-1
1656,[0.55674981 0.12560748],165,76,"[0.5387944355162558, 0.13908075385326488]",1,1
1657,[0.50117421 0.18616906],165,41,"[0.48586316440081384, 0.14889066010968405]",1,1
1658,[0.53686133 0.16544267],165,76,"[0.5387944355162558, 0.13908075385326488]",1,1
1659,[0.57416993 0.10765298],165,63,"[0.6058838029911512, 0.10323185717569629]",1,1
1660,[0.12807236 0.61319835],166,36,"[0.12645391464206665, 0.5881277449330531]",1,1
1661,[0.20154107 0.66533597],166,0,"[0.1864657171780098, 0.6453008438767196]",1,1
1662,[0.14972369 0.60841922],166,36,"[0.12645391464206665, 0.5881277449330531]",1,1
1663,[0.17387803 0.64440661],166,0,"[0.1864657171780098, 0.6453008438767196]",1,1
1664,[0.14037265 0.64708955],166,0,"[0.1864657171780098, 0.6453008438767196]",1,1
1665,[0.14460659 0.61716662],166,36,"[0.12645391464206665, 0.5881277449330531]",1,1
1666,[0.19947298 0.66311537],166,0,"[0.1864657171780098, 0.6453008438767196]",1,1
1667,[0.12232102 0.63837446],166,36,"[0.12645391464206665, 0.5881277449330531]",1,1
1668,[0.06038477 0.61408742],166,-1,-1,-1,-1
1669,[0.15648227 0.63080372],166,0,"[0.1864657171780098, 0.6453008438767196]",1,1
1670,[0.80055959 0.18520931],167,10,"[0.7746761820607687, 0.21753892083103987]",1,1
1671,[0.87437701 0.11620351],167,67,"[0.8827087449283146, 0.12344710172507338]",1,1
1672,[0.88582898 0.15284917],167,67,"[0.8827087449283146, 0.12344710172507338]",1,1
1673,[0.85774547 0.17598196],167,67,"[0.8827087449283146, 0.12344710172507338]",1,1
1674,[0.85930767 0.19291028],167,-1,-1,1,1
1675,[0.80296433 0.16400124],167,11,"[0.7959184624926093, 0.11918080536582887]",1,1
1676,[0.73827467 0.16938234],167,13,"[0.7021335477514611, 0.14044104057492626]",1,1
1677,[0.79892285 0.19361133],167,10,"[0.7746761820607687, 0.21753892083103987]",1,1
1678,[0.76436681 0.15253131],167,11,"[0.7959184624926093, 0.11918080536582887]",1,1
1679,[0.76707453 0.18643023],167,10,"[0.7746761820607687, 0.21753892083103987]",1,1
1680,[0.10651958 0.41911596],168,51,"[0.11171978230692693, 0.48840318401943933]",1,1
1681,[0.13323268 0.45054966],168,51,"[0.11171978230692693, 0.48840318401943933]",1,1
1682,[0.16546849 0.42935775],168,2,"[0.1994792894674267, 0.46679341124299595]",1,1
1683,[0.17119305 0.44970175],168,2,"[0.1994792894674267, 0.46679341124299595]",1,1
1684,[0.07532159 0.43752424],168,51,"[0.11171978230692693, 0.48840318401943933]",-1,-1
1685,[0.12613565 0.51405272],168,51,"[0.11171978230692693, 0.48840318401943933]",1,1
1686,[0.139014   0.49008763],168,51,"[0.11171978230692693, 0.48840318401943933]",1,1
1687,[0.13981354 0.44264713],168,51,"[0.11171978230692693, 0.48840318401943933]",1,1
1688,[0.16464836 0.4570918 ],168,2,"[0.1994792894674267, 0.46679341124299595]",1,1
1689,[0.19888921 0.46672271],168,2,"[0.1994792894674267, 0.46679341124299595]",1,1
1690,[0.7256737  0.49816265],169,42,"[0.7030521778160838, 0.5163269636763479]",1,1
1691,[0.73087833 0.52287905],169,42,"[0.7030521778160838, 0.5163269636763479]",1,1
1692,[0.74338619 0.52473276],169,70,"[0.7707489216380763, 0.50684404151622]",1,1
1693,[0.77528924 0.53894903],169,70,"[0.7707489216380763, 0.50684404151622]",1,1
1694,[0.71073835 0.58054777],169,27,"[0.6778473174633682, 0.6085038911695436]",1,1
1695,[0.73001094 0.49964023],169,42,"[0.7030521778160838, 0.5163269636763479]",1,1
1696,[0.70215074 0.48637847],169,42,"[0.7030521778160838, 0.5163269636763479]",1,1
1697,[0.66675691 0.49369611],169,42,"[0.7030521778160838, 0.5163269636763479]",1,1
1698,[0.72000148 0.47734734],169,42,"[0.7030521778160838, 0.5163269636763479]",1,1
1699,[0.71176979 0.51420502],169,42,"[0.7030521778160838, 0.5163269636763479]",1,1
1700,[0.93543948 0.45019782],170,75,"[0.8673860220738326, 0.4560891302733117]",-1,-1
1701,[0.85763517 0.46424308],170,75,"[0.8673860220738326, 0.4560891302733117]",1,1
1702,[0.86836724 0.53871806],170,73,"[0.8696788280355823, 0.5956259531554196]",-1,1
1703,[0.90118706 0.45258062],170,75,"[0.8673860220738326, 0.4560891302733117]",1,1
1704,[0.91278737 0.48801571],170,75,"[0.8673860220738326, 0.4560891302733117]",-1,-1
1705,[0.97627193 0.44776106],170,-1,-1,-1,-1
1706,[0.82019511 0.4689395 ],170,75,"[0.8673860220738326, 0.4560891302733117]",1,1
1707,[0.8865545  0.39800599],170,9,"[0.8920229449918298, 0.3707779627735049]",1,1
1708,[0.84470793 0.48206518],170,75,"[0.8673860220738326, 0.4560891302733117]",1,1
1709,[0.88220085 0.49632952],170,75,"[0.8673860220738326, 0.4560891302733117]",-1,-1
1710,[0.51754246 0.93599412],171,77,"[0.4877327668304984, 0.9466309561772078]",1,1
1711,[0.51606091 0.86082782],171,62,"[0.49853266209702696, 0.856586317049283]",1,1
1712,[0.46019252 0.81547148],171,32,"[0.4275293536542033, 0.8253234378533442]",1,1
1713,[0.55825267 0.87311795],171,40,"[0.5836185670693409, 0.8897358071108409]",1,1
1714,[0.53395037 0.8911446 ],171,62,"[0.49853266209702696, 0.856586317049283]",1,1
1715,[0.52214477 0.93716119],171,77,"[0.4877327668304984, 0.9466309561772078]",1,1
1716,[0.55492842 0.91472392],171,40,"[0.5836185670693409, 0.8897358071108409]",1,1
1717,[0.61127046 0.88148837],171,40,"[0.5836185670693409, 0.8897358071108409]",1,1
1718,[0.44999436 0.88888402],171,62,"[0.49853266209702696, 0.856586317049283]",1,1
1719,[0.54332988 0.83084499],171,78,"[0.5575952950612607, 0.8220849553766181]",1,1
1720,[0.58318953 0.18625673],172,18,"[0.6060740821281893, 0.20040535896109252]",1,1
1721,[0.51320987 0.22603679],172,19,"[0.5076080865238329, 0.25600365657594254]",1,1
1722,[0.61625511 0.16987265],172,18,"[0.6060740821281893, 0.20040535896109252]",1,1
1723,[0.60602012 0.19016787],172,18,"[0.6060740821281893, 0.20040535896109252]",1,1
1724,[0.59879792 0.20195193],172,18,"[0.6060740821281893, 0.20040535896109252]",1,1
1725,[0.52147079 0.15442839],172,76,"[0.5387944355162558, 0.13908075385326488]",1,1
1726,[0.54667667 0.19688919],172,76,"[0.5387944355162558, 0.13908075385326488]",1,1
1727,[0.56417545 0.11897298],172,76,"[0.5387944355162558, 0.13908075385326488]",1,1
1728,[0.61573914 0.09596008],172,63,"[0.6058838029911512, 0.10323185717569629]",1,1
1729,[0.58368122 0.14620445],172,76,"[0.5387944355162558, 0.13908075385326488]",1,1
1730,[0.34158398 0.21914077],173,79,"[0.3611607117276046, 0.17391111904423004]",1,1
1731,[0.36077555 0.24584474],173,80,"[0.40081790672785284, 0.22003561508261243]",1,1
1732,[0.30014155 0.33010094],173,22,"[0.2858957308509703, 0.36075363142186195]",1,1
1733,[0.24530881 0.24130104],173,26,"[0.23848781047327638, 0.22179796585144237]",1,1
1734,[0.23992469 0.21526329],173,26,"[0.23848781047327638, 0.22179796585144237]",1,1
1735,[0.27731739 0.33969747],173,22,"[0.2858957308509703, 0.36075363142186195]",1,1
1736,[0.24641306 0.1988471 ],173,26,"[0.23848781047327638, 0.22179796585144237]",1,1
1737,[0.30724562 0.2059805 ],173,48,"[0.28065255309332615, 0.2558365353382771]",1,1
1738,[0.22687928 0.23955492],173,26,"[0.23848781047327638, 0.22179796585144237]",1,1
1739,[0.26110144 0.26842095],173,48,"[0.28065255309332615, 0.2558365353382771]",1,1
1740,[0.59468147 0.74829641],174,66,"[0.5629262216536625, 0.7416480583063001]",1,1
1741,[0.53725945 0.73563094],174,66,"[0.5629262216536625, 0.7416480583063001]",1,1
1742,[0.52758846 0.74842555],174,55,"[0.5088035931815811, 0.7685309669878322]",1,1
1743,[0.55455726 0.81825522],174,78,"[0.5575952950612607, 0.8220849553766181]",1,1
1744,[0.52475468 0.74636075],174,55,"[0.5088035931815811, 0.7685309669878322]",1,1
1745,[0.5510639  0.68342844],174,3,"[0.5818838190129024, 0.6743460747238831]",1,1
1746,[0.59440853 0.81621508],174,72,"[0.6198929441318362, 0.8155366235900601]",1,1
1747,[0.46925424 0.75072641],174,68,"[0.47310982320829337, 0.7137149666420596]",1,1
1748,[0.59600474 0.80958736],174,72,"[0.6198929441318362, 0.8155366235900601]",1,1
1749,[0.57906837 0.81218608],174,78,"[0.5575952950612607, 0.8220849553766181]",1,1
1750,[0.15965616 0.68512878],175,16,"[0.12086064045921278, 0.6907713353566621]",1,1
1751,[0.26650301 0.75862667],175,39,"[0.2519241217546056, 0.7871687126899874]",1,1
1752,[0.24014975 0.68458412],175,5,"[0.29943624207921615, 0.7021640581472074]",1,1
1753,[0.28076233 0.7168838 ],175,5,"[0.29943624207921615, 0.7021640581472074]",1,1
1754,[0.25187761 0.72976662],175,6,"[0.20079047608971543, 0.7407222662420908]",1,1
1755,[0.22679843 0.72143817],175,6,"[0.20079047608971543, 0.7407222662420908]",1,1
1756,[0.28548305 0.72579412],175,5,"[0.29943624207921615, 0.7021640581472074]",1,1
1757,[0.2892545  0.75493955],175,39,"[0.2519241217546056, 0.7871687126899874]",1,1
1758,[0.22974359 0.69580212],175,6,"[0.20079047608971543, 0.7407222662420908]",1,1
1759,[0.30411216 0.73440123],175,5,"[0.29943624207921615, 0.7021640581472074]",1,1
1760,[0.28833905 0.31345082],176,22,"[0.2858957308509703, 0.36075363142186195]",1,1
1761,[0.35676418 0.27868244],176,37,"[0.3531069261231234, 0.2944050844070021]",1,1
1762,[0.34186127 0.32072797],176,37,"[0.3531069261231234, 0.2944050844070021]",1,1
1763,[0.29104443 0.35279804],176,22,"[0.2858957308509703, 0.36075363142186195]",1,1
1764,[0.38917887 0.3821971 ],176,29,"[0.40403537668128997, 0.3636538497460488]",1,1
1765,[0.34726073 0.33401089],176,37,"[0.3531069261231234, 0.2944050844070021]",1,1
1766,[0.32786396 0.30516604],176,37,"[0.3531069261231234, 0.2944050844070021]",1,1
1767,[0.40224551 0.40918305],176,29,"[0.40403537668128997, 0.3636538497460488]",1,1
1768,[0.35187031 0.31281007],176,37,"[0.3531069261231234, 0.2944050844070021]",1,1
1769,[0.37081552 0.27818201],176,37,"[0.3531069261231234, 0.2944050844070021]",1,1
1770,[0.11643682 0.69338056],177,16,"[0.12086064045921278, 0.6907713353566621]",1,1
1771,[0.10964442 0.67892687],177,16,"[0.12086064045921278, 0.6907713353566621]",1,1
1772,[0.09545868 0.72649924],177,16,"[0.12086064045921278, 0.6907713353566621]",1,1
1773,[0.09038726 0.68948819],177,16,"[0.12086064045921278, 0.6907713353566621]",1,1
1774,[0.09077226 0.69641017],177,16,"[0.12086064045921278, 0.6907713353566621]",1,1
1775,[0.13270285 0.6876907 ],177,16,"[0.12086064045921278, 0.6907713353566621]",1,1
1776,[0.00587575 0.75114231],177,-1,-1,-1,-1
1777,[0.04570518 0.68985582],177,-1,-1,-1,-1
1778,[0.04846502 0.75021557],177,-1,-1,-1,1
1779,[0.08459204 0.75102147],177,60,"[0.08306408725925349, 0.8125737777025931]",1,1
1780,[0.59349636 0.58267533],178,44,"[0.5470489204681213, 0.5454727393163525]",1,1
1781,[0.60953913 0.67867371],178,3,"[0.5818838190129024, 0.6743460747238831]",1,1
1782,[0.65893374 0.59344832],178,27,"[0.6778473174633682, 0.6085038911695436]",1,1
1783,[0.68627522 0.71234141],178,45,"[0.7120882601800862, 0.7092762603616896]",1,1
1784,[0.65408056 0.70952491],178,45,"[0.7120882601800862, 0.7092762603616896]",1,1
1785,[0.59557204 0.67521608],178,3,"[0.5818838190129024, 0.6743460747238831]",1,1
1786,[0.65002707 0.60067548],178,27,"[0.6778473174633682, 0.6085038911695436]",1,1
1787,[0.66594781 0.58178585],178,27,"[0.6778473174633682, 0.6085038911695436]",1,1
1788,[0.66549052 0.68974219],178,45,"[0.7120882601800862, 0.7092762603616896]",1,1
1789,[0.65130244 0.60763486],178,27,"[0.6778473174633682, 0.6085038911695436]",1,1
1790,[0.25968216 0.25574001],179,48,"[0.28065255309332615, 0.2558365353382771]",1,1
1791,[0.26195366 0.25616184],179,48,"[0.28065255309332615, 0.2558365353382771]",1,1
1792,[0.30878438 0.22521575],179,48,"[0.28065255309332615, 0.2558365353382771]",1,1
1793,[0.33637552 0.26905728],179,37,"[0.3531069261231234, 0.2944050844070021]",1,1
1794,[0.30142776 0.16479227],179,79,"[0.3611607117276046, 0.17391111904423004]",1,1
1795,[0.31255952 0.30381087],179,37,"[0.3531069261231234, 0.2944050844070021]",1,1
1796,[0.2799463  0.29197649],179,48,"[0.28065255309332615, 0.2558365353382771]",1,1
1797,[0.2894301  0.28427561],179,48,"[0.28065255309332615, 0.2558365353382771]",1,1
1798,[0.37458027 0.20600353],179,80,"[0.40081790672785284, 0.22003561508261243]",1,1
1799,[0.28631845 0.23508758],179,48,"[0.28065255309332615, 0.2558365353382771]",1,1
1800,[0.5432871  0.70109671],180,66,"[0.5629262216536625, 0.7416480583063001]",1,1
1801,[0.47356998 0.8290757 ],180,62,"[0.49853266209702696, 0.856586317049283]",1,1
1802,[0.56763696 0.83817119],180,78,"[0.5575952950612607, 0.8220849553766181]",1,1
1803,[0.53512626 0.70566309],180,66,"[0.5629262216536625, 0.7416480583063001]",1,1
1804,[0.54317954 0.75411865],180,66,"[0.5629262216536625, 0.7416480583063001]",1,1
1805,[0.54975621 0.71514179],180,66,"[0.5629262216536625, 0.7416480583063001]",1,1
1806,[0.52912332 0.75827243],180,55,"[0.5088035931815811, 0.7685309669878322]",1,1
1807,[0.53169749 0.83396443],180,78,"[0.5575952950612607, 0.8220849553766181]",1,1
1808,[0.5308623  0.72295645],180,66,"[0.5629262216536625, 0.7416480583063001]",1,1
1809,[0.48579622 0.7506366 ],180,55,"[0.5088035931815811, 0.7685309669878322]",1,1
1810,[0.45657398 0.67792301],181,68,"[0.47310982320829337, 0.7137149666420596]",1,1
1811,[0.54350378 0.67149128],181,3,"[0.5818838190129024, 0.6743460747238831]",1,1
1812,[0.49804694 0.699305  ],181,68,"[0.47310982320829337, 0.7137149666420596]",1,1
1813,[0.48498475 0.73002754],181,68,"[0.47310982320829337, 0.7137149666420596]",1,1
1814,[0.41620456 0.65664409],181,47,"[0.4088945736368116, 0.679271809562947]",1,1
1815,[0.4464158  0.65313709],181,47,"[0.4088945736368116, 0.679271809562947]",1,1
1816,[0.48337651 0.68125439],181,68,"[0.47310982320829337, 0.7137149666420596]",1,1
1817,[0.54202229 0.65417188],181,3,"[0.5818838190129024, 0.6743460747238831]",1,1
1818,[0.53020702 0.67545254],181,3,"[0.5818838190129024, 0.6743460747238831]",1,1
1819,[0.55394359 0.67057582],181,3,"[0.5818838190129024, 0.6743460747238831]",1,1
1820,[0.25080848 0.85640187],182,4,"[0.25046227908795426, 0.8809692635349097]",1,1
1821,[0.21126672 0.88486505],182,4,"[0.25046227908795426, 0.8809692635349097]",1,1
1822,[0.2574473  0.79446684],182,39,"[0.2519241217546056, 0.7871687126899874]",1,1
1823,[0.21037447 0.87299319],182,4,"[0.25046227908795426, 0.8809692635349097]",1,1
1824,[0.24130413 0.84331198],182,4,"[0.25046227908795426, 0.8809692635349097]",1,1
1825,[0.26495755 0.84227315],182,4,"[0.25046227908795426, 0.8809692635349097]",1,1
1826,[0.28589729 0.87158518],182,4,"[0.25046227908795426, 0.8809692635349097]",1,1
1827,[0.27505213 0.84071041],182,4,"[0.25046227908795426, 0.8809692635349097]",1,1
1828,[0.15088693 0.83900049],182,31,"[0.16440942734224115, 0.8408890205636902]",1,1
1829,[0.21890596 0.92128177],182,4,"[0.25046227908795426, 0.8809692635349097]",1,1
1830,[0.62798487 0.26809486],183,12,"[0.6044300822264704, 0.32178087010097706]",1,1
1831,[0.65259796 0.26753649],183,25,"[0.6890638445367717, 0.23767456904374304]",1,1
1832,[0.55739158 0.31727366],183,12,"[0.6044300822264704, 0.32178087010097706]",1,1
1833,[0.58561763 0.20482463],183,18,"[0.6060740821281893, 0.20040535896109252]",1,1
1834,[0.70432489 0.25839376],183,25,"[0.6890638445367717, 0.23767456904374304]",1,1
1835,[0.67233445 0.29718717],183,81,"[0.7220949387378843, 0.30608529656321976]",1,1
1836,[0.59775452 0.28218759],183,12,"[0.6044300822264704, 0.32178087010097706]",1,1
1837,[0.63829114 0.33721278],183,12,"[0.6044300822264704, 0.32178087010097706]",1,1
1838,[0.61798277 0.31341925],183,12,"[0.6044300822264704, 0.32178087010097706]",1,1
1839,[0.57859516 0.20668997],183,18,"[0.6060740821281893, 0.20040535896109252]",1,1
1840,[0.84394714 0.721158  ],184,71,"[0.8758881018187182, 0.6900443044052346]",1,1
1841,[0.75605749 0.7275065 ],184,69,"[0.7877467747445478, 0.7240573746994867]",1,1
1842,[0.68984485 0.70741563],184,45,"[0.7120882601800862, 0.7092762603616896]",1,1
1843,[0.74552465 0.70647421],184,45,"[0.7120882601800862, 0.7092762603616896]",1,1
1844,[0.83996464 0.70306033],184,71,"[0.8758881018187182, 0.6900443044052346]",1,1
1845,[0.80094817 0.72004209],184,69,"[0.7877467747445478, 0.7240573746994867]",1,1
1846,[0.71691124 0.74009679],184,45,"[0.7120882601800862, 0.7092762603616896]",1,1
1847,[0.80133196 0.7251018 ],184,69,"[0.7877467747445478, 0.7240573746994867]",1,1
1848,[0.79603307 0.70548239],184,69,"[0.7877467747445478, 0.7240573746994867]",1,1
1849,[0.76167238 0.68985436],184,69,"[0.7877467747445478, 0.7240573746994867]",1,1
1850,[0.87272446 0.36968621],185,9,"[0.8920229449918298, 0.3707779627735049]",1,1
1851,[0.91945634 0.34679439],185,9,"[0.8920229449918298, 0.3707779627735049]",1,1
1852,[0.91930135 0.40287501],185,9,"[0.8920229449918298, 0.3707779627735049]",1,1
1853,[0.91621337 0.37389254],185,9,"[0.8920229449918298, 0.3707779627735049]",1,1
1854,[0.88565483 0.41481355],185,9,"[0.8920229449918298, 0.3707779627735049]",1,1
1855,[0.86992928 0.44259303],185,75,"[0.8673860220738326, 0.4560891302733117]",1,1
1856,[0.91051109 0.32404269],185,9,"[0.8920229449918298, 0.3707779627735049]",1,1
1857,[0.83758838 0.39707558],185,46,"[0.8037369116250731, 0.3602249266684185]",1,1
1858,[0.88855325 0.3819423 ],185,9,"[0.8920229449918298, 0.3707779627735049]",1,1
1859,[0.8934226  0.33751249],185,9,"[0.8920229449918298, 0.3707779627735049]",1,1
1860,[0.59079036 0.57644994],186,44,"[0.5470489204681213, 0.5454727393163525]",1,1
1861,[0.62162115 0.70135604],186,3,"[0.5818838190129024, 0.6743460747238831]",1,1
1862,[0.60316518 0.68310988],186,3,"[0.5818838190129024, 0.6743460747238831]",1,1
1863,[0.60030922 0.75265189],186,66,"[0.5629262216536625, 0.7416480583063001]",1,1
1864,[0.63770782 0.65564958],186,3,"[0.5818838190129024, 0.6743460747238831]",1,1
1865,[0.57383487 0.68405075],186,3,"[0.5818838190129024, 0.6743460747238831]",1,1
1866,[0.60515852 0.70761119],186,3,"[0.5818838190129024, 0.6743460747238831]",1,1
1867,[0.60655491 0.65905988],186,3,"[0.5818838190129024, 0.6743460747238831]",1,1
1868,[0.60682274 0.71466404],186,3,"[0.5818838190129024, 0.6743460747238831]",1,1
1869,[0.61025449 0.7087155 ],186,3,"[0.5818838190129024, 0.6743460747238831]",1,1
1870,[0.2247912  0.71378894],187,6,"[0.20079047608971543, 0.7407222662420908]",1,1
1871,[0.21822405 0.74694165],187,6,"[0.20079047608971543, 0.7407222662420908]",1,1
1872,[0.26263686 0.64729472],187,59,"[0.2700743728805862, 0.5988566786157346]",1,1
1873,[0.30430831 0.77017272],187,1,"[0.3449532794629396, 0.7788979828676246]",1,1
1874,[0.22504664 0.76204936],187,6,"[0.20079047608971543, 0.7407222662420908]",1,1
1875,[0.23971488 0.7545491 ],187,39,"[0.2519241217546056, 0.7871687126899874]",1,1
1876,[0.18922662 0.64411429],187,0,"[0.1864657171780098, 0.6453008438767196]",1,1
1877,[0.22448009 0.7482306 ],187,6,"[0.20079047608971543, 0.7407222662420908]",1,1
1878,[0.26473144 0.73695481],187,5,"[0.29943624207921615, 0.7021640581472074]",1,1
1879,[0.22752061 0.69323015],187,6,"[0.20079047608971543, 0.7407222662420908]",1,1
1880,[0.29940515 0.48402718],188,38,"[0.28959070466030257, 0.5379209805559189]",1,1
1881,[0.21877023 0.53855328],188,8,"[0.18946557254026142, 0.5437382222919442]",1,1
1882,[0.27553414 0.5149835 ],188,38,"[0.28959070466030257, 0.5379209805559189]",1,1
1883,[0.1705575  0.47966443],188,2,"[0.1994792894674267, 0.46679341124299595]",1,1
1884,[0.20859322 0.51115287],188,8,"[0.18946557254026142, 0.5437382222919442]",1,1
1885,[0.3350609  0.57660495],188,65,"[0.3534459247881473, 0.6268566371904563]",1,1
1886,[0.27311386 0.50364211],188,38,"[0.28959070466030257, 0.5379209805559189]",1,1
1887,[0.26974674 0.44690455],188,33,"[0.3266738132568585, 0.4254776025891383]",1,1
1888,[0.27445592 0.5534534 ],188,38,"[0.28959070466030257, 0.5379209805559189]",1,1
1889,[0.28685388 0.54956784],188,38,"[0.28959070466030257, 0.5379209805559189]",1,1
1890,[0.16862085 0.8189074 ],189,31,"[0.16440942734224115, 0.8408890205636902]",1,1
1891,[0.17740498 0.80921902],189,31,"[0.16440942734224115, 0.8408890205636902]",1,1
1892,[0.15465103 0.80521755],189,31,"[0.16440942734224115, 0.8408890205636902]",1,1
1893,[0.14532936 0.72742615],189,16,"[0.12086064045921278, 0.6907713353566621]",1,1
1894,[0.10185875 0.80023813],189,60,"[0.08306408725925349, 0.8125737777025931]",1,1
1895,[0.1362122  0.78206858],189,60,"[0.08306408725925349, 0.8125737777025931]",1,1
1896,[0.10438528 0.73200031],189,16,"[0.12086064045921278, 0.6907713353566621]",1,1
1897,[0.15285855 0.73836778],189,6,"[0.20079047608971543, 0.7407222662420908]",1,1
1898,[0.1542976  0.71090927],189,16,"[0.12086064045921278, 0.6907713353566621]",1,1
1899,[0.10670598 0.7477356 ],189,16,"[0.12086064045921278, 0.6907713353566621]",1,1
1900,[0.62133223 0.5653452 ],190,53,"[0.6173378545423917, 0.5109812817894804]",1,1
1901,[0.69768122 0.58112284],190,27,"[0.6778473174633682, 0.6085038911695436]",1,1
1902,[0.64094528 0.51876721],190,53,"[0.6173378545423917, 0.5109812817894804]",1,1
1903,[0.6999306  0.55884086],190,42,"[0.7030521778160838, 0.5163269636763479]",1,1
1904,[0.7162626  0.56824403],190,42,"[0.7030521778160838, 0.5163269636763479]",1,1
1905,[0.74153058 0.61763359],190,24,"[0.7526498461649456, 0.6345279392627485]",1,1
1906,[0.65515733 0.58030406],190,27,"[0.6778473174633682, 0.6085038911695436]",1,1
1907,[0.65669349 0.55934376],190,27,"[0.6778473174633682, 0.6085038911695436]",1,1
1908,[0.58716594 0.6013706 ],190,44,"[0.5470489204681213, 0.5454727393163525]",1,1
1909,[0.69902364 0.58072569],190,27,"[0.6778473174633682, 0.6085038911695436]",1,1
1910,[0.26930105 0.41364481],191,22,"[0.2858957308509703, 0.36075363142186195]",1,1
1911,[0.29651477 0.4216396 ],191,33,"[0.3266738132568585, 0.4254776025891383]",1,1
1912,[0.17984259 0.53464147],191,8,"[0.18946557254026142, 0.5437382222919442]",1,1
1913,[0.25464182 0.46332327],191,2,"[0.1994792894674267, 0.46679341124299595]",1,1
1914,[0.2874961  0.44713422],191,33,"[0.3266738132568585, 0.4254776025891383]",1,1
1915,[0.24099188 0.42154979],191,34,"[0.21147259375506475, 0.3945365199794081]",1,1
1916,[0.24044048 0.44706362],191,2,"[0.1994792894674267, 0.46679341124299595]",1,1
1917,[0.22076067 0.40958775],191,34,"[0.21147259375506475, 0.3945365199794081]",1,1
1918,[0.19749637 0.53191994],191,8,"[0.18946557254026142, 0.5437382222919442]",1,1
1919,[0.31653294 0.41202993],191,33,"[0.3266738132568585, 0.4254776025891383]",1,1
1920,[0.35442266 0.21130567],192,79,"[0.3611607117276046, 0.17391111904423004]",1,1
1921,[0.41957769 0.15212269],192,79,"[0.3611607117276046, 0.17391111904423004]",1,1
1922,[0.41818199 0.21753475],192,80,"[0.40081790672785284, 0.22003561508261243]",1,1
1923,[0.37544215 0.21320523],192,80,"[0.40081790672785284, 0.22003561508261243]",1,1
1924,[0.39996799 0.22370846],192,80,"[0.40081790672785284, 0.22003561508261243]",1,1
1925,[0.40668493 0.21533839],192,80,"[0.40081790672785284, 0.22003561508261243]",1,1
1926,[0.41623581 0.18280658],192,80,"[0.40081790672785284, 0.22003561508261243]",1,1
1927,[0.47575281 0.20625783],192,41,"[0.48586316440081384, 0.14889066010968405]",1,1
1928,[0.41843897 0.1677336 ],192,80,"[0.40081790672785284, 0.22003561508261243]",1,1
1929,[0.40105942 0.25182545],192,80,"[0.40081790672785284, 0.22003561508261243]",1,1
1930,[0.4724532  0.84889804],193,62,"[0.49853266209702696, 0.856586317049283]",1,1
1931,[0.41404262 0.80268276],193,32,"[0.4275293536542033, 0.8253234378533442]",1,1
1932,[0.48710999 0.84389627],193,62,"[0.49853266209702696, 0.856586317049283]",1,1
1933,[0.44836678 0.87793421],193,62,"[0.49853266209702696, 0.856586317049283]",1,1
1934,[0.43711823 0.86292814],193,32,"[0.4275293536542033, 0.8253234378533442]",1,1
1935,[0.49054157 0.9052426 ],193,77,"[0.4877327668304984, 0.9466309561772078]",1,1
1936,[0.41147336 0.84317887],193,32,"[0.4275293536542033, 0.8253234378533442]",1,1
1937,[0.52476441 0.96599295],193,77,"[0.4877327668304984, 0.9466309561772078]",1,1
1938,[0.57210905 0.92901563],193,40,"[0.5836185670693409, 0.8897358071108409]",1,1
1939,[0.51959154 0.81070073],193,78,"[0.5575952950612607, 0.8220849553766181]",1,1
1940,[0.45498919 0.2949732 ],194,20,"[0.4420710618793585, 0.3102097401393955]",1,1
1941,[0.42243018 0.2897681 ],194,20,"[0.4420710618793585, 0.3102097401393955]",1,1
1942,[0.44642393 0.34637278],194,20,"[0.4420710618793585, 0.3102097401393955]",1,1
1943,[0.40180978 0.32633823],194,29,"[0.40403537668128997, 0.3636538497460488]",1,1
1944,[0.41525124 0.33698839],194,29,"[0.40403537668128997, 0.3636538497460488]",1,1
1945,[0.38202172 0.25491832],194,80,"[0.40081790672785284, 0.22003561508261243]",1,1
1946,[0.41699019 0.30623191],194,20,"[0.4420710618793585, 0.3102097401393955]",1,1
1947,[0.48268154 0.38811471],194,23,"[0.5227781935674594, 0.35420306506931026]",1,1
1948,[0.42623476 0.33269379],194,20,"[0.4420710618793585, 0.3102097401393955]",1,1
1949,[0.43211627 0.29835556],194,20,"[0.4420710618793585, 0.3102097401393955]",1,1
1950,[0.69947439 0.78593504],195,54,"[0.6612010205032498, 0.7693846343419412]",1,1
1951,[0.71244351 0.78711194],195,54,"[0.6612010205032498, 0.7693846343419412]",1,1
1952,[0.69733336 0.7971695 ],195,54,"[0.6612010205032498, 0.7693846343419412]",1,1
1953,[0.72037885 0.76446667],195,45,"[0.7120882601800862, 0.7092762603616896]",1,1
1954,[0.67363686 0.82662457],195,72,"[0.6198929441318362, 0.8155366235900601]",1,1
1955,[0.6449902  0.83944254],195,72,"[0.6198929441318362, 0.8155366235900601]",1,1
1956,[0.69513405 0.76177768],195,54,"[0.6612010205032498, 0.7693846343419412]",1,1
1957,[0.78545264 0.85834256],195,74,"[0.7770761303923014, 0.8356091331038862]",-1,1
1958,[0.72050871 0.79219054],195,54,"[0.6612010205032498, 0.7693846343419412]",1,1
1959,[0.71076073 0.78735334],195,54,"[0.6612010205032498, 0.7693846343419412]",1,1
1960,[0.55600124 0.17566794],196,76,"[0.5387944355162558, 0.13908075385326488]",1,1
1961,[0.50544288 0.1801301 ],196,41,"[0.48586316440081384, 0.14889066010968405]",1,1
1962,[0.52111845 0.14110595],196,76,"[0.5387944355162558, 0.13908075385326488]",1,1
1963,[0.54018698 0.19268246],196,76,"[0.5387944355162558, 0.13908075385326488]",1,1
1964,[0.45817571 0.16612802],196,41,"[0.48586316440081384, 0.14889066010968405]",1,1
1965,[0.46973145 0.13717337],196,41,"[0.48586316440081384, 0.14889066010968405]",1,1
1966,[0.48237838 0.10932691],196,41,"[0.48586316440081384, 0.14889066010968405]",1,1
1967,[0.50365978 0.20130881],196,19,"[0.5076080865238329, 0.25600365657594254]",1,1
1968,[0.49856679 0.23056183],196,19,"[0.5076080865238329, 0.25600365657594254]",1,1
1969,[0.55013429 0.15686618],196,76,"[0.5387944355162558, 0.13908075385326488]",1,1
1970,[0.31120755 0.78925817],197,1,"[0.3449532794629396, 0.7788979828676246]",1,1
1971,[0.27820483 0.82078229],197,39,"[0.2519241217546056, 0.7871687126899874]",1,1
1972,[0.34270937 0.76113036],197,1,"[0.3449532794629396, 0.7788979828676246]",1,1
1973,[0.25965706 0.73965591],197,39,"[0.2519241217546056, 0.7871687126899874]",1,1
1974,[0.34446469 0.75302481],197,1,"[0.3449532794629396, 0.7788979828676246]",1,1
1975,[0.27909561 0.76950103],197,39,"[0.2519241217546056, 0.7871687126899874]",1,1
1976,[0.26929519 0.82667144],197,39,"[0.2519241217546056, 0.7871687126899874]",1,1
1977,[0.26294108 0.7698029 ],197,39,"[0.2519241217546056, 0.7871687126899874]",1,1
1978,[0.24066641 0.7533996 ],197,39,"[0.2519241217546056, 0.7871687126899874]",1,1
1979,[0.22629713 0.76583044],197,39,"[0.2519241217546056, 0.7871687126899874]",1,1
1980,[0.84487614 0.34064032],198,46,"[0.8037369116250731, 0.3602249266684185]",1,1
1981,[0.73291543 0.26475034],198,81,"[0.7220949387378843, 0.30608529656321976]",1,1
1982,[0.76797722 0.33301816],198,46,"[0.8037369116250731, 0.3602249266684185]",1,1
1983,[0.79761661 0.28036038],198,17,"[0.838511009041314, 0.2776756765384589]",1,1
1984,[0.81345239 0.21545929],198,10,"[0.7746761820607687, 0.21753892083103987]",1,1
1985,[0.76952599 0.23098183],198,10,"[0.7746761820607687, 0.21753892083103987]",1,1
1986,[0.79839958 0.27565652],198,17,"[0.838511009041314, 0.2776756765384589]",1,1
1987,[0.82676401 0.27841202],198,17,"[0.838511009041314, 0.2776756765384589]",1,1
1988,[0.79573788 0.31453781],198,46,"[0.8037369116250731, 0.3602249266684185]",1,1
1989,[0.80532099 0.19173762],198,10,"[0.7746761820607687, 0.21753892083103987]",1,1
1990,[0.33161466 0.40167691],199,33,"[0.3266738132568585, 0.4254776025891383]",1,1
1991,[0.4832435  0.41745235],199,15,"[0.5243990320030668, 0.4567415410407343]",1,1
1992,[0.38818248 0.43853571],199,50,"[0.4107339385299009, 0.46268185753257546]",1,1
1993,[0.43413226 0.42281009],199,50,"[0.4107339385299009, 0.46268185753257546]",1,1
1994,[0.36012069 0.41941983],199,33,"[0.3266738132568585, 0.4254776025891383]",1,1
1995,[0.45034324 0.44392876],199,50,"[0.4107339385299009, 0.46268185753257546]",1,1
1996,[0.41851013 0.41541067],199,50,"[0.4107339385299009, 0.46268185753257546]",1,1
1997,[0.38156739 0.47023157],199,50,"[0.4107339385299009, 0.46268185753257546]",1,1
1998,[0.32927471 0.41902273],199,33,"[0.3266738132568585, 0.4254776025891383]",1,1
1999,[0.41970428 0.49168172],199,50,"[0.4107339385299009, 0.46268185753257546]",1,1
