,datum,blob,snowball_label,snowball_center,hdbscan_eom_label,hdbscan_leaf_label
0,[0.43349242 0.75747939],0,4,"[0.4662932598140695, 0.7518589553527207]",1,1
1,[0.33578503 0.80036986],0,43,"[0.3317408392951525, 0.8327269319611241]",1,1
2,[0.30069074 0.76745252],0,-1,-1,1,1
3,[0.40716045 0.86031989],0,63,"[0.41424818793371243, 0.8948662738674542]",1,1
4,[0.34512957 0.80817355],0,43,"[0.3317408392951525, 0.8327269319611241]",1,1
5,[0.94681767 0.65327575],1,55,"[0.9142498708192868, 0.7013191747540207]",-1,1
6,[0.83739486 0.66958776],1,57,"[0.8441414857263679, 0.6801782422101643]",1,1
7,[0.82414262 0.62182041],1,57,"[0.8441414857263679, 0.6801782422101643]",1,1
8,[0.88770032 0.73199068],1,55,"[0.9142498708192868, 0.7013191747540207]",1,1
9,[0.87585947 0.71649189],1,55,"[0.9142498708192868, 0.7013191747540207]",1,1
10,[0.5679319  0.55695193],2,15,"[0.5451386045899351, 0.540501531409264]",1,1
11,[0.64799445 0.58050097],2,7,"[0.6516127424561171, 0.617318959386924]",1,1
12,[0.64360368 0.55867326],2,42,"[0.6164497338224824, 0.5210248894810774]",1,1
13,[0.58285048 0.59592752],2,0,"[0.5586454245448852, 0.6510442001215339]",1,1
14,[0.62735317 0.55362293],2,42,"[0.6164497338224824, 0.5210248894810774]",1,1
15,[0.18237498 0.41443894],3,56,"[0.1950043161438883, 0.39740133277286843]",1,1
16,[0.17301005 0.41660283],3,56,"[0.1950043161438883, 0.39740133277286843]",1,1
17,[0.25574376 0.36653655],3,69,"[0.2744752348545616, 0.34661101741828465]",1,1
18,[0.1884631  0.42271198],3,56,"[0.1950043161438883, 0.39740133277286843]",1,1
19,[0.21577604 0.39838037],3,56,"[0.1950043161438883, 0.39740133277286843]",1,1
20,[0.30789124 0.15593731],4,20,"[0.32351188498158984, 0.1277775041420614]",1,1
21,[0.32443577 0.18261347],4,51,"[0.32749774302807244, 0.1871439073023858]",1,1
22,[0.28651818 0.16058269],4,51,"[0.32749774302807244, 0.1871439073023858]",1,1
23,[0.27375815 0.11826692],4,36,"[0.24293732494961306, 0.11696503771347228]",1,1
24,[0.31946858 0.09387815],4,20,"[0.32351188498158984, 0.1277775041420614]",1,1
25,[0.38414427 0.45119516],5,8,"[0.4114262099197284, 0.41399738795628693]",1,1
26,[0.33264217 0.41893198],5,49,"[0.29018950975588303, 0.4296426209175332]",1,1
27,[0.28140996 0.4429004 ],5,49,"[0.29018950975588303, 0.4296426209175332]",1,1
28,[0.34943678 0.45625895],5,50,"[0.3473980127671632, 0.4897259598780131]",1,1
29,[0.3396355 0.3776665],5,24,"[0.34049926536950015, 0.3567218129120367]",1,1
30,[0.59552547 0.89191998],6,19,"[0.6224889323295704, 0.9083586773895252]",1,1
31,[0.47493932 0.82787052],6,23,"[0.4705416270307097, 0.8524501476114424]",1,1
32,[0.55725302 0.71105949],6,21,"[0.5826864743839234, 0.7620748793972767]",1,1
33,[0.5020679  0.75170112],6,4,"[0.4662932598140695, 0.7518589553527207]",1,1
34,[0.46202553 0.88065424],6,23,"[0.4705416270307097, 0.8524501476114424]",1,1
35,[0.46978004 0.51254404],7,13,"[0.4691673655106728, 0.5097013990189267]",1,1
36,[0.50817073 0.51984932],7,13,"[0.4691673655106728, 0.5097013990189267]",1,1
37,[0.45052782 0.53718837],7,13,"[0.4691673655106728, 0.5097013990189267]",1,1
38,[0.49384299 0.59269593],7,3,"[0.48534805358267585, 0.5964315353685302]",1,1
39,[0.49897448 0.51569423],7,13,"[0.4691673655106728, 0.5097013990189267]",1,1
40,[0.49058536 0.69766484],8,4,"[0.4662932598140695, 0.7518589553527207]",1,1
41,[0.49732532 0.58664833],8,3,"[0.48534805358267585, 0.5964315353685302]",1,1
42,[0.44227899 0.66637905],8,2,"[0.433539783271698, 0.6697354130563493]",1,1
43,[0.52174284 0.64394409],8,0,"[0.5586454245448852, 0.6510442001215339]",1,1
44,[0.44549744 0.6768369 ],8,2,"[0.433539783271698, 0.6697354130563493]",1,1
45,[0.55728635 0.76499566],9,21,"[0.5826864743839234, 0.7620748793972767]",1,1
46,[0.46662794 0.79184988],9,4,"[0.4662932598140695, 0.7518589553527207]",1,1
47,[0.47369336 0.83137446],9,23,"[0.4705416270307097, 0.8524501476114424]",1,1
48,[0.50524095 0.79207245],9,4,"[0.4662932598140695, 0.7518589553527207]",1,1
49,[0.4736745  0.72882009],9,4,"[0.4662932598140695, 0.7518589553527207]",1,1
50,[0.88993323 0.793595  ],10,18,"[0.8643412486904984, 0.8033981672988175]",1,1
51,[0.83134817 0.77680974],10,18,"[0.8643412486904984, 0.8033981672988175]",1,1
52,[0.88107774 0.89116147],10,-1,-1,-1,1
53,[0.86004692 0.7553304 ],10,18,"[0.8643412486904984, 0.8033981672988175]",1,1
54,[0.85231108 0.78280224],10,18,"[0.8643412486904984, 0.8033981672988175]",1,1
55,[0.36660354 0.58227556],11,1,"[0.3571364183130468, 0.5752873259441595]",1,1
56,[0.29760173 0.58960396],11,38,"[0.278681343078808, 0.5455741045426357]",1,1
57,[0.33995379 0.53255337],11,50,"[0.3473980127671632, 0.4897259598780131]",1,1
58,[0.38463896 0.60776744],11,1,"[0.3571364183130468, 0.5752873259441595]",1,1
59,[0.30461301 0.5242679 ],11,38,"[0.278681343078808, 0.5455741045426357]",1,1
60,[0.66961625 0.84941872],12,25,"[0.6817725853553669, 0.8216171135418816]",1,1
61,[0.63068587 0.92092982],12,19,"[0.6224889323295704, 0.9083586773895252]",1,1
62,[0.67131126 0.92174975],12,19,"[0.6224889323295704, 0.9083586773895252]",1,1
63,[0.68077204 0.89535715],12,19,"[0.6224889323295704, 0.9083586773895252]",1,1
64,[0.60458754 0.91119084],12,19,"[0.6224889323295704, 0.9083586773895252]",1,1
65,[0.88840695 0.46850124],13,11,"[0.8939617180048197, 0.4552301353565045]",1,1
66,[0.94885425 0.43355287],13,11,"[0.8939617180048197, 0.4552301353565045]",-1,1
67,[0.92351247 0.53604306],13,64,"[0.871789332989831, 0.5542475242170479]",1,1
68,[0.91283506 0.48515125],13,11,"[0.8939617180048197, 0.4552301353565045]",1,1
69,[0.95816164 0.4634951 ],13,11,"[0.8939617180048197, 0.4552301353565045]",-1,1
70,[0.69678087 0.73130482],14,9,"[0.685253168800335, 0.6851678365999567]",1,1
71,[0.68884801 0.67900876],14,9,"[0.685253168800335, 0.6851678365999567]",1,1
72,[0.77051704 0.71749252],14,5,"[0.7597224808999516, 0.7166251365023083]",1,1
73,[0.75040944 0.76121556],14,5,"[0.7597224808999516, 0.7166251365023083]",1,1
74,[0.75886965 0.71636871],14,5,"[0.7597224808999516, 0.7166251365023083]",1,1
75,[0.19089622 0.73822018],15,52,"[0.22524351352412628, 0.7447538983130647]",1,1
76,[0.13665844 0.64127588],15,53,"[0.18575436144331578, 0.6586986821937788]",1,1
77,[0.11727204 0.74676644],15,58,"[0.11137069248684615, 0.7372407502634685]",1,1
78,[0.12648626 0.76897566],15,58,"[0.11137069248684615, 0.7372407502634685]",1,1
79,[0.17138944 0.8440122 ],15,17,"[0.19463757844124227, 0.8275005296487686]",1,1
80,[0.84784638 0.55147837],16,64,"[0.871789332989831, 0.5542475242170479]",1,1
81,[0.82827425 0.51879347],16,64,"[0.871789332989831, 0.5542475242170479]",1,1
82,[0.90234333 0.57461489],16,64,"[0.871789332989831, 0.5542475242170479]",1,1
83,[0.79130764 0.58997334],16,66,"[0.7542862384370209, 0.5775109202001171]",1,1
84,[0.84905406 0.69145247],16,57,"[0.8441414857263679, 0.6801782422101643]",1,1
85,[0.32602404 0.25877419],17,31,"[0.33284576235033553, 0.279343530392349]",1,1
86,[0.30479849 0.26618243],17,31,"[0.33284576235033553, 0.279343530392349]",1,1
87,[0.2535777  0.28902887],17,65,"[0.2127979909083864, 0.2751289467765461]",1,1
88,[0.23862202 0.35120408],17,69,"[0.2744752348545616, 0.34661101741828465]",1,1
89,[0.22651179 0.29056082],17,65,"[0.2127979909083864, 0.2751289467765461]",1,1
90,[0.46722803 0.64776483],18,2,"[0.433539783271698, 0.6697354130563493]",1,1
91,[0.45742103 0.64863535],18,2,"[0.433539783271698, 0.6697354130563493]",1,1
92,[0.36147703 0.74307154],18,26,"[0.3778276420933964, 0.7619534216636688]",1,1
93,[0.36181938 0.6785252 ],18,10,"[0.31607147996572243, 0.6688751037774252]",1,1
94,[0.46475399 0.66436064],18,2,"[0.433539783271698, 0.6697354130563493]",1,1
95,[0.08858085 0.25837497],19,44,"[0.06715381289123815, 0.219420321706803]",1,1
96,[0.13482868 0.18833604],19,27,"[0.12449695758062077, 0.1790552310605481]",1,1
97,[0.13476327 0.21385129],19,27,"[0.12449695758062077, 0.1790552310605481]",1,1
98,[0.05560094 0.20767838],19,44,"[0.06715381289123815, 0.219420321706803]",1,1
99,[0.05885318 0.18952756],19,44,"[0.06715381289123815, 0.219420321706803]",1,1
100,[0.45797893 0.53507958],20,13,"[0.4691673655106728, 0.5097013990189267]",1,1
101,[0.43432538 0.55747885],20,13,"[0.4691673655106728, 0.5097013990189267]",1,1
102,[0.49674041 0.59900384],20,3,"[0.48534805358267585, 0.5964315353685302]",1,1
103,[0.4120787  0.67277476],20,2,"[0.433539783271698, 0.6697354130563493]",1,1
104,[0.42860822 0.62282332],20,2,"[0.433539783271698, 0.6697354130563493]",1,1
105,[0.20788826 0.7197309 ],21,52,"[0.22524351352412628, 0.7447538983130647]",1,1
106,[0.20372008 0.82561462],21,17,"[0.19463757844124227, 0.8275005296487686]",1,1
107,[0.13914169 0.73082634],21,58,"[0.11137069248684615, 0.7372407502634685]",1,1
108,[0.2025482  0.73674768],21,52,"[0.22524351352412628, 0.7447538983130647]",1,1
109,[0.17797708 0.67730632],21,53,"[0.18575436144331578, 0.6586986821937788]",1,1
110,[0.26040017 0.15673981],22,36,"[0.24293732494961306, 0.11696503771347228]",1,1
111,[0.22282899 0.11903285],22,36,"[0.24293732494961306, 0.11696503771347228]",1,1
112,[0.37601361 0.08297782],22,20,"[0.32351188498158984, 0.1277775041420614]",-1,1
113,[0.37325724 0.1850025 ],22,51,"[0.32749774302807244, 0.1871439073023858]",1,1
114,[0.23894    0.21205197],22,16,"[0.2462640397875871, 0.2050239869132316]",1,1
115,[0.23349184 0.85843007],23,17,"[0.19463757844124227, 0.8275005296487686]",1,1
116,[0.15560763 0.89601133],23,45,"[0.16319812599127823, 0.9261907130426547]",1,1
117,[0.16893786 0.90333725],23,45,"[0.16319812599127823, 0.9261907130426547]",1,1
118,[0.13013848 0.85539999],23,-1,-1,1,1
119,[0.19974989 0.93357211],23,45,"[0.16319812599127823, 0.9261907130426547]",1,1
120,[0.31710317 0.38707189],24,24,"[0.34049926536950015, 0.3567218129120367]",1,1
121,[0.34348697 0.39653839],24,24,"[0.34049926536950015, 0.3567218129120367]",1,1
122,[0.28230636 0.41470092],24,49,"[0.29018950975588303, 0.4296426209175332]",1,1
123,[0.31493112 0.43575204],24,49,"[0.29018950975588303, 0.4296426209175332]",1,1
124,[0.37435054 0.33040228],24,24,"[0.34049926536950015, 0.3567218129120367]",1,1
125,[0.40609297 0.39691616],25,8,"[0.4114262099197284, 0.41399738795628693]",1,1
126,[0.44237019 0.38099063],25,59,"[0.47772308988940615, 0.3549266148339042]",1,1
127,[0.4463595 0.4452204],25,8,"[0.4114262099197284, 0.41399738795628693]",1,1
128,[0.3901643 0.418262 ],25,8,"[0.4114262099197284, 0.41399738795628693]",1,1
129,[0.48357288 0.37492528],25,59,"[0.47772308988940615, 0.3549266148339042]",1,1
130,[0.35662145 0.54814994],26,1,"[0.3571364183130468, 0.5752873259441595]",1,1
131,[0.34533252 0.57538064],26,1,"[0.3571364183130468, 0.5752873259441595]",1,1
132,[0.24531759 0.620705  ],26,46,"[0.2334045141179309, 0.6089771602838161]",1,1
133,[0.33776414 0.62724047],26,10,"[0.31607147996572243, 0.6688751037774252]",1,1
134,[0.38184527 0.52444154],26,50,"[0.3473980127671632, 0.4897259598780131]",1,1
135,[0.41080446 0.30292598],27,32,"[0.4233067861098283, 0.32220192075078197]",1,1
136,[0.36234349 0.3175592 ],27,24,"[0.34049926536950015, 0.3567218129120367]",1,1
137,[0.42401392 0.22235537],27,37,"[0.41416084784940427, 0.2230254690389878]",1,1
138,[0.34719205 0.27208654],27,31,"[0.33284576235033553, 0.279343530392349]",1,1
139,[0.34026644 0.25826475],27,31,"[0.33284576235033553, 0.279343530392349]",1,1
140,[0.46663743 0.59203843],28,3,"[0.48534805358267585, 0.5964315353685302]",1,1
141,[0.48852413 0.58961208],28,3,"[0.48534805358267585, 0.5964315353685302]",1,1
142,[0.47042159 0.59772045],28,3,"[0.48534805358267585, 0.5964315353685302]",1,1
143,[0.56835057 0.62731551],28,0,"[0.5586454245448852, 0.6510442001215339]",1,1
144,[0.42210579 0.5223361 ],28,13,"[0.4691673655106728, 0.5097013990189267]",1,1
145,[0.32440231 0.66704637],29,10,"[0.31607147996572243, 0.6688751037774252]",1,1
146,[0.33940631 0.67838181],29,10,"[0.31607147996572243, 0.6688751037774252]",1,1
147,[0.46776532 0.58715116],29,3,"[0.48534805358267585, 0.5964315353685302]",1,1
148,[0.29434656 0.64384006],29,10,"[0.31607147996572243, 0.6688751037774252]",1,1
149,[0.39866894 0.68063088],29,2,"[0.433539783271698, 0.6697354130563493]",1,1
150,[0.43327604 0.25051726],30,37,"[0.41416084784940427, 0.2230254690389878]",1,1
151,[0.4323094  0.34155174],30,32,"[0.4233067861098283, 0.32220192075078197]",1,1
152,[0.35071482 0.30141467],30,31,"[0.33284576235033553, 0.279343530392349]",1,1
153,[0.44495748 0.29469109],30,32,"[0.4233067861098283, 0.32220192075078197]",1,1
154,[0.34387298 0.32370536],30,24,"[0.34049926536950015, 0.3567218129120367]",1,1
155,[0.68140065 0.83388517],31,25,"[0.6817725853553669, 0.8216171135418816]",1,1
156,[0.59234144 0.89742411],31,19,"[0.6224889323295704, 0.9083586773895252]",1,1
157,[0.6974679  0.80806822],31,25,"[0.6817725853553669, 0.8216171135418816]",1,1
158,[0.68407656 0.83314447],31,25,"[0.6817725853553669, 0.8216171135418816]",1,1
159,[0.66875753 0.87500194],31,25,"[0.6817725853553669, 0.8216171135418816]",1,1
160,[0.53601362 0.64660676],32,0,"[0.5586454245448852, 0.6510442001215339]",1,1
161,[0.55090613 0.69697625],32,0,"[0.5586454245448852, 0.6510442001215339]",1,1
162,[0.63045645 0.67990033],32,9,"[0.685253168800335, 0.6851678365999567]",1,1
163,[0.54419258 0.64454432],32,0,"[0.5586454245448852, 0.6510442001215339]",1,1
164,[0.50697903 0.67519515],32,0,"[0.5586454245448852, 0.6510442001215339]",1,1
165,[0.66157853 0.5753674 ],33,7,"[0.6516127424561171, 0.617318959386924]",1,1
166,[0.57634673 0.67319223],33,0,"[0.5586454245448852, 0.6510442001215339]",1,1
167,[0.53918468 0.58793237],33,15,"[0.5451386045899351, 0.540501531409264]",1,1
168,[0.61578092 0.61038206],33,7,"[0.6516127424561171, 0.617318959386924]",1,1
169,[0.63199414 0.69296697],33,9,"[0.685253168800335, 0.6851678365999567]",1,1
170,[0.41540735 0.73859365],34,26,"[0.3778276420933964, 0.7619534216636688]",1,1
171,[0.40942943 0.73748942],34,26,"[0.3778276420933964, 0.7619534216636688]",1,1
172,[0.39438853 0.776405  ],34,26,"[0.3778276420933964, 0.7619534216636688]",1,1
173,[0.29988447 0.70488974],34,10,"[0.31607147996572243, 0.6688751037774252]",1,1
174,[0.34424891 0.6958875 ],34,10,"[0.31607147996572243, 0.6688751037774252]",1,1
175,[0.5887236 0.4615263],35,6,"[0.5710820459885634, 0.4500131801599098]",1,1
176,[0.60070779 0.43796961],35,6,"[0.5710820459885634, 0.4500131801599098]",1,1
177,[0.56212573 0.44159932],35,6,"[0.5710820459885634, 0.4500131801599098]",1,1
178,[0.59678475 0.4615595 ],35,6,"[0.5710820459885634, 0.4500131801599098]",1,1
179,[0.60223719 0.50959477],35,42,"[0.6164497338224824, 0.5210248894810774]",1,1
180,[0.10966815 0.54221631],36,14,"[0.09823645479560572, 0.5202939990880414]",1,1
181,[0.1385948  0.55745046],36,14,"[0.09823645479560572, 0.5202939990880414]",1,1
182,[0.06737845 0.53437458],36,14,"[0.09823645479560572, 0.5202939990880414]",1,1
183,[0.1812182  0.57734983],36,46,"[0.2334045141179309, 0.6089771602838161]",1,1
184,[0.14909537 0.54346586],36,14,"[0.09823645479560572, 0.5202939990880414]",1,1
185,[0.47424842 0.5848013 ],37,3,"[0.48534805358267585, 0.5964315353685302]",1,1
186,[0.46494888 0.59101513],37,3,"[0.48534805358267585, 0.5964315353685302]",1,1
187,[0.42071492 0.69332557],37,2,"[0.433539783271698, 0.6697354130563493]",1,1
188,[0.49140077 0.66675169],37,2,"[0.433539783271698, 0.6697354130563493]",1,1
189,[0.4890117  0.59087219],37,3,"[0.48534805358267585, 0.5964315353685302]",1,1
190,[0.54287258 0.87393851],38,54,"[0.5452291120994768, 0.8848458560434636]",1,1
191,[0.57517553 0.87906704],38,54,"[0.5452291120994768, 0.8848458560434636]",1,1
192,[0.48404824 0.90798815],38,23,"[0.4705416270307097, 0.8524501476114424]",1,1
193,[0.54148405 0.92492962],38,54,"[0.5452291120994768, 0.8848458560434636]",1,1
194,[0.52776608 0.92136019],38,54,"[0.5452291120994768, 0.8848458560434636]",1,1
195,[0.71512596 0.57009447],39,66,"[0.7542862384370209, 0.5775109202001171]",1,1
196,[0.76265194 0.59772498],39,66,"[0.7542862384370209, 0.5775109202001171]",1,1
197,[0.69623792 0.57102985],39,66,"[0.7542862384370209, 0.5775109202001171]",1,1
198,[0.75243516 0.58253931],39,66,"[0.7542862384370209, 0.5775109202001171]",1,1
199,[0.74363563 0.57046776],39,66,"[0.7542862384370209, 0.5775109202001171]",1,1
200,[0.41172113 0.66802905],40,2,"[0.433539783271698, 0.6697354130563493]",1,1
201,[0.42776118 0.71065542],40,2,"[0.433539783271698, 0.6697354130563493]",1,1
202,[0.41714902 0.74029172],40,26,"[0.3778276420933964, 0.7619534216636688]",1,1
203,[0.46168904 0.62329288],40,3,"[0.48534805358267585, 0.5964315353685302]",1,1
204,[0.43014423 0.77063674],40,4,"[0.4662932598140695, 0.7518589553527207]",1,1
205,[0.1543239  0.06067043],41,60,"[0.18024833677109894, 0.09631136909913281]",-1,1
206,[0.07153462 0.10209262],41,67,"[0.0707327265589617, 0.09095295723118449]",0,1
207,[0.07108832 0.08383825],41,67,"[0.0707327265589617, 0.09095295723118449]",0,1
208,[0.06225117 0.04953258],41,67,"[0.0707327265589617, 0.09095295723118449]",0,1
209,[0.18378865 0.11169413],41,60,"[0.18024833677109894, 0.09631136909913281]",1,1
210,[0.67457185 0.47870823],42,33,"[0.6736846943334297, 0.45985604985423817]",1,1
211,[0.71405967 0.48213568],42,33,"[0.6736846943334297, 0.45985604985423817]",1,1
212,[0.68838461 0.46293622],42,33,"[0.6736846943334297, 0.45985604985423817]",1,1
213,[0.76083162 0.53479793],42,66,"[0.7542862384370209, 0.5775109202001171]",1,1
214,[0.78140287 0.48894486],42,61,"[0.76740378565481, 0.47619515322776457]",1,1
215,[0.31887678 0.47151155],43,50,"[0.3473980127671632, 0.4897259598780131]",1,1
216,[0.27596148 0.53445025],43,38,"[0.278681343078808, 0.5455741045426357]",1,1
217,[0.33221193 0.55797184],43,1,"[0.3571364183130468, 0.5752873259441595]",1,1
218,[0.28065598 0.55580656],43,38,"[0.278681343078808, 0.5455741045426357]",1,1
219,[0.31346405 0.5415393 ],43,38,"[0.278681343078808, 0.5455741045426357]",1,1
220,[0.76124225 0.3828789 ],44,39,"[0.7667285221305274, 0.34804238980272934]",1,1
221,[0.84062525 0.411717  ],44,28,"[0.832868773085926, 0.38262166336668685]",1,1
222,[0.86422487 0.36077352],44,28,"[0.832868773085926, 0.38262166336668685]",1,1
223,[0.7653694  0.38200142],44,39,"[0.7667285221305274, 0.34804238980272934]",1,1
224,[0.75450031 0.32583234],44,39,"[0.7667285221305274, 0.34804238980272934]",1,1
225,[0.87962892 0.90354046],45,-1,-1,-1,1
226,[0.7788345  0.81512099],45,29,"[0.7623770623911256, 0.827114770436791]",1,1
227,[0.74079204 0.70419029],45,5,"[0.7597224808999516, 0.7166251365023083]",1,1
228,[0.83340762 0.80230031],45,18,"[0.8643412486904984, 0.8033981672988175]",1,1
229,[0.84791895 0.83430283],45,18,"[0.8643412486904984, 0.8033981672988175]",1,1
230,[0.1811661  0.71681445],46,52,"[0.22524351352412628, 0.7447538983130647]",1,1
231,[0.27789764 0.57578982],46,38,"[0.278681343078808, 0.5455741045426357]",1,1
232,[0.24790232 0.66013727],46,46,"[0.2334045141179309, 0.6089771602838161]",1,1
233,[0.25868608 0.65876549],46,46,"[0.2334045141179309, 0.6089771602838161]",1,1
234,[0.23174936 0.60406265],46,46,"[0.2334045141179309, 0.6089771602838161]",1,1
235,[0.89939659 0.65172499],47,55,"[0.9142498708192868, 0.7013191747540207]",1,1
236,[0.81520231 0.69070107],47,57,"[0.8441414857263679, 0.6801782422101643]",1,1
237,[0.92356695 0.65133158],47,55,"[0.9142498708192868, 0.7013191747540207]",-1,1
238,[0.86091526 0.64849163],47,57,"[0.8441414857263679, 0.6801782422101643]",1,1
239,[0.93150624 0.63944281],47,55,"[0.9142498708192868, 0.7013191747540207]",-1,1
240,[0.50867635 0.21951219],48,48,"[0.5323983913697123, 0.23321806936548947]",1,1
241,[0.53042119 0.21432534],48,48,"[0.5323983913697123, 0.23321806936548947]",1,1
242,[0.53766329 0.28560933],48,62,"[0.5518445081960829, 0.32428518532272876]",1,1
243,[0.44660153 0.30814023],48,32,"[0.4233067861098283, 0.32220192075078197]",1,1
244,[0.47780958 0.32171341],48,59,"[0.47772308988940615, 0.3549266148339042]",1,1
245,[0.18312309 0.44305019],49,56,"[0.1950043161438883, 0.39740133277286843]",1,1
246,[0.16940847 0.42303418],49,56,"[0.1950043161438883, 0.39740133277286843]",1,1
247,[0.24586468 0.42536893],49,49,"[0.29018950975588303, 0.4296426209175332]",1,1
248,[0.1755445  0.46605533],49,-1,-1,1,1
249,[0.15795761 0.50125042],49,14,"[0.09823645479560572, 0.5202939990880414]",1,1
250,[0.8192165  0.39587729],50,28,"[0.832868773085926, 0.38262166336668685]",1,1
251,[0.84953873 0.29256567],50,68,"[0.8887919163028586, 0.28690369326889414]",1,1
252,[0.90421405 0.23991079],50,68,"[0.8887919163028586, 0.28690369326889414]",-1,1
253,[0.81248303 0.24523113],50,12,"[0.7971950045377225, 0.23412537313196957]",1,1
254,[0.7842148  0.24126418],50,12,"[0.7971950045377225, 0.23412537313196957]",1,1
255,[0.27167399 0.40217984],51,49,"[0.29018950975588303, 0.4296426209175332]",1,1
256,[0.27602828 0.35617635],51,69,"[0.2744752348545616, 0.34661101741828465]",1,1
257,[0.18108882 0.34099645],51,56,"[0.1950043161438883, 0.39740133277286843]",1,1
258,[0.19602188 0.35801532],51,56,"[0.1950043161438883, 0.39740133277286843]",1,1
259,[0.20381234 0.30750798],51,65,"[0.2127979909083864, 0.2751289467765461]",1,1
260,[0.43891234 0.59165082],52,3,"[0.48534805358267585, 0.5964315353685302]",1,1
261,[0.57952235 0.55164617],52,15,"[0.5451386045899351, 0.540501531409264]",1,1
262,[0.47427589 0.49695187],52,13,"[0.4691673655106728, 0.5097013990189267]",1,1
263,[0.50550023 0.5850795 ],52,3,"[0.48534805358267585, 0.5964315353685302]",1,1
264,[0.52318502 0.55048716],52,15,"[0.5451386045899351, 0.540501531409264]",1,1
265,[0.56652229 0.36749894],53,62,"[0.5518445081960829, 0.32428518532272876]",1,1
266,[0.59214423 0.26765553],53,35,"[0.5985809266098626, 0.2826198875971559]",1,1
267,[0.58906936 0.24610901],53,35,"[0.5985809266098626, 0.2826198875971559]",1,1
268,[0.54914574 0.34499181],53,62,"[0.5518445081960829, 0.32428518532272876]",1,1
269,[0.6007696  0.30376015],53,35,"[0.5985809266098626, 0.2826198875971559]",1,1
270,[0.11889704 0.90307903],54,45,"[0.16319812599127823, 0.9261907130426547]",1,1
271,[0.19580933 0.95693872],54,45,"[0.16319812599127823, 0.9261907130426547]",1,1
272,[0.10819375 0.97868511],54,-1,-1,-1,1
273,[0.14599292 0.94348411],54,45,"[0.16319812599127823, 0.9261907130426547]",1,1
274,[0.17983359 0.9266144 ],54,45,"[0.16319812599127823, 0.9261907130426547]",1,1
275,[0.11525442 0.55764947],55,14,"[0.09823645479560572, 0.5202939990880414]",1,1
276,[0.10744701 0.54264441],55,14,"[0.09823645479560572, 0.5202939990880414]",1,1
277,[0.06617498 0.51748899],55,14,"[0.09823645479560572, 0.5202939990880414]",1,1
278,[0.10836065 0.47202929],55,14,"[0.09823645479560572, 0.5202939990880414]",-1,1
279,[0.06121964 0.53201001],55,14,"[0.09823645479560572, 0.5202939990880414]",1,1
280,[0.39143425 0.67516642],56,2,"[0.433539783271698, 0.6697354130563493]",1,1
281,[0.37493164 0.61205472],56,1,"[0.3571364183130468, 0.5752873259441595]",1,1
282,[0.34500836 0.59770199],56,1,"[0.3571364183130468, 0.5752873259441595]",1,1
283,[0.33496577 0.60629826],56,1,"[0.3571364183130468, 0.5752873259441595]",1,1
284,[0.36379044 0.60357698],56,1,"[0.3571364183130468, 0.5752873259441595]",1,1
285,[0.19558651 0.89991409],57,45,"[0.16319812599127823, 0.9261907130426547]",1,1
286,[0.15169519 0.90770352],57,45,"[0.16319812599127823, 0.9261907130426547]",1,1
287,[0.21483322 0.94140909],57,45,"[0.16319812599127823, 0.9261907130426547]",1,1
288,[0.24385902 0.84906433],57,17,"[0.19463757844124227, 0.8275005296487686]",1,1
289,[0.16800813 0.84865102],57,17,"[0.19463757844124227, 0.8275005296487686]",1,1
290,[0.14996625 0.74509359],58,58,"[0.11137069248684615, 0.7372407502634685]",1,1
291,[0.15274782 0.73591255],58,58,"[0.11137069248684615, 0.7372407502634685]",1,1
292,[0.17237954 0.78072501],58,17,"[0.19463757844124227, 0.8275005296487686]",1,1
293,[0.07930455 0.70644659],58,58,"[0.11137069248684615, 0.7372407502634685]",-1,1
294,[0.11217666 0.76357479],58,58,"[0.11137069248684615, 0.7372407502634685]",1,1
295,[0.54432432 0.49964658],59,15,"[0.5451386045899351, 0.540501531409264]",1,1
296,[0.50639722 0.51454275],59,13,"[0.4691673655106728, 0.5097013990189267]",1,1
297,[0.56206213 0.46758035],59,6,"[0.5710820459885634, 0.4500131801599098]",1,1
298,[0.4864857  0.47243779],59,13,"[0.4691673655106728, 0.5097013990189267]",1,1
299,[0.59185778 0.50589138],59,42,"[0.6164497338224824, 0.5210248894810774]",1,1
300,[0.89257355 0.49431284],60,11,"[0.8939617180048197, 0.4552301353565045]",1,1
301,[0.90171311 0.44390176],60,11,"[0.8939617180048197, 0.4552301353565045]",1,1
302,[0.88668762 0.42390261],60,11,"[0.8939617180048197, 0.4552301353565045]",1,1
303,[0.9131716  0.47685761],60,11,"[0.8939617180048197, 0.4552301353565045]",1,1
304,[0.94555818 0.42561346],60,11,"[0.8939617180048197, 0.4552301353565045]",-1,1
305,[0.40947851 0.65358279],61,2,"[0.433539783271698, 0.6697354130563493]",1,1
306,[0.38669723 0.73837077],61,26,"[0.3778276420933964, 0.7619534216636688]",1,1
307,[0.5039731  0.80839332],61,23,"[0.4705416270307097, 0.8524501476114424]",1,1
308,[0.45561377 0.7141675 ],61,4,"[0.4662932598140695, 0.7518589553527207]",1,1
309,[0.38877327 0.77937406],61,26,"[0.3778276420933964, 0.7619534216636688]",1,1
310,[0.72897994 0.80004831],62,29,"[0.7623770623911256, 0.827114770436791]",1,1
311,[0.77854814 0.83196023],62,29,"[0.7623770623911256, 0.827114770436791]",1,1
312,[0.72960859 0.78995648],62,29,"[0.7623770623911256, 0.827114770436791]",1,1
313,[0.71716995 0.83451347],62,25,"[0.6817725853553669, 0.8216171135418816]",1,1
314,[0.78542741 0.88084681],62,29,"[0.7623770623911256, 0.827114770436791]",1,1
315,[0.71927272 0.04228794],63,34,"[0.6951063962784877, 0.0935005695682774]",-1,1
316,[0.7349791 0.0705427],63,34,"[0.6951063962784877, 0.0935005695682774]",-1,1
317,[0.75015463 0.10547981],63,34,"[0.6951063962784877, 0.0935005695682774]",1,1
318,[0.73945804 0.17668927],63,47,"[0.7163533473789261, 0.17249894553683714]",1,1
319,[0.71157538 0.14010313],63,47,"[0.7163533473789261, 0.17249894553683714]",1,1
320,[0.46618901 0.69579558],64,2,"[0.433539783271698, 0.6697354130563493]",1,1
321,[0.52572336 0.67496571],64,0,"[0.5586454245448852, 0.6510442001215339]",1,1
322,[0.4544396  0.67889439],64,2,"[0.433539783271698, 0.6697354130563493]",1,1
323,[0.52538822 0.6301459 ],64,0,"[0.5586454245448852, 0.6510442001215339]",1,1
324,[0.49038628 0.72222586],64,4,"[0.4662932598140695, 0.7518589553527207]",1,1
325,[0.36028635 0.99792623],65,-1,-1,-1,1
326,[0.31432575 0.87615147],65,22,"[0.3027541583938966, 0.9157081505523563]",1,1
327,[0.29965531 0.91583091],65,22,"[0.3027541583938966, 0.9157081505523563]",1,1
328,[0.29072813 0.8943228 ],65,22,"[0.3027541583938966, 0.9157081505523563]",1,1
329,[0.29443524 0.96152867],65,22,"[0.3027541583938966, 0.9157081505523563]",-1,1
330,[0.5450061  0.45232437],66,6,"[0.5710820459885634, 0.4500131801599098]",1,1
331,[0.61776341 0.43666952],66,6,"[0.5710820459885634, 0.4500131801599098]",1,1
332,[0.58724817 0.50749444],66,42,"[0.6164497338224824, 0.5210248894810774]",1,1
333,[0.51484428 0.53908568],66,15,"[0.5451386045899351, 0.540501531409264]",1,1
334,[0.53471564 0.52547454],66,15,"[0.5451386045899351, 0.540501531409264]",1,1
335,[0.69656248 0.61476331],67,7,"[0.6516127424561171, 0.617318959386924]",1,1
336,[0.71337703 0.67229337],67,9,"[0.685253168800335, 0.6851678365999567]",1,1
337,[0.70862249 0.68860653],67,9,"[0.685253168800335, 0.6851678365999567]",1,1
338,[0.69064001 0.6907467 ],67,9,"[0.685253168800335, 0.6851678365999567]",1,1
339,[0.76182252 0.71533304],67,5,"[0.7597224808999516, 0.7166251365023083]",1,1
340,[0.29136173 0.31847535],68,69,"[0.2744752348545616, 0.34661101741828465]",1,1
341,[0.30480346 0.36738223],68,69,"[0.2744752348545616, 0.34661101741828465]",1,1
342,[0.33577127 0.35297526],68,24,"[0.34049926536950015, 0.3567218129120367]",1,1
343,[0.28553694 0.3486372 ],68,69,"[0.2744752348545616, 0.34661101741828465]",1,1
344,[0.29955866 0.33863658],68,69,"[0.2744752348545616, 0.34661101741828465]",1,1
345,[0.59314551 0.60878445],69,0,"[0.5586454245448852, 0.6510442001215339]",1,1
346,[0.64883776 0.62948721],69,7,"[0.6516127424561171, 0.617318959386924]",1,1
347,[0.7010546  0.62763498],69,7,"[0.6516127424561171, 0.617318959386924]",1,1
348,[0.73042386 0.66213261],69,9,"[0.685253168800335, 0.6851678365999567]",1,1
349,[0.61680974 0.62357846],69,7,"[0.6516127424561171, 0.617318959386924]",1,1
350,[0.66734098 0.62375992],70,7,"[0.6516127424561171, 0.617318959386924]",1,1
351,[0.7702372  0.47214515],70,61,"[0.76740378565481, 0.47619515322776457]",1,1
352,[0.7369148  0.47278518],70,61,"[0.76740378565481, 0.47619515322776457]",1,1
353,[0.66797827 0.50369536],70,33,"[0.6736846943334297, 0.45985604985423817]",1,1
354,[0.74843602 0.42905997],70,61,"[0.76740378565481, 0.47619515322776457]",1,1
355,[0.42465535 0.79179796],71,26,"[0.3778276420933964, 0.7619534216636688]",1,1
356,[0.44312409 0.93231242],71,63,"[0.41424818793371243, 0.8948662738674542]",1,1
357,[0.40104119 0.8536144 ],71,63,"[0.41424818793371243, 0.8948662738674542]",1,1
358,[0.36584821 0.9477878 ],71,-1,-1,1,1
359,[0.41718431 0.91876764],71,63,"[0.41424818793371243, 0.8948662738674542]",1,1
360,[0.56052221 0.47713944],72,6,"[0.5710820459885634, 0.4500131801599098]",1,1
361,[0.55410375 0.4607681 ],72,6,"[0.5710820459885634, 0.4500131801599098]",1,1
362,[0.62677787 0.47669847],72,42,"[0.6164497338224824, 0.5210248894810774]",1,1
363,[0.5941886  0.52517127],72,42,"[0.6164497338224824, 0.5210248894810774]",1,1
364,[0.60285694 0.48762219],72,42,"[0.6164497338224824, 0.5210248894810774]",1,1
365,[0.5047068  0.47627788],73,13,"[0.4691673655106728, 0.5097013990189267]",1,1
366,[0.50908542 0.38481357],73,59,"[0.47772308988940615, 0.3549266148339042]",1,1
367,[0.57294604 0.22118022],73,48,"[0.5323983913697123, 0.23321806936548947]",1,1
368,[0.51520263 0.44219273],73,6,"[0.5710820459885634, 0.4500131801599098]",1,1
369,[0.50451778 0.36445117],73,59,"[0.47772308988940615, 0.3549266148339042]",1,1
370,[0.18568362 0.12547773],74,60,"[0.18024833677109894, 0.09631136909913281]",1,1
371,[0.27843523 0.16893283],74,16,"[0.2462640397875871, 0.2050239869132316]",1,1
372,[0.31924447 0.21136289],74,51,"[0.32749774302807244, 0.1871439073023858]",1,1
373,[0.29350677 0.14665888],74,20,"[0.32351188498158984, 0.1277775041420614]",1,1
374,[0.24458047 0.16968774],74,16,"[0.2462640397875871, 0.2050239869132316]",1,1
375,[0.34946607 0.36187557],75,24,"[0.34049926536950015, 0.3567218129120367]",1,1
376,[0.31330923 0.34625693],75,24,"[0.34049926536950015, 0.3567218129120367]",1,1
377,[0.37269277 0.28185729],75,31,"[0.33284576235033553, 0.279343530392349]",1,1
378,[0.40577444 0.39375933],75,8,"[0.4114262099197284, 0.41399738795628693]",1,1
379,[0.42395669 0.35763963],75,32,"[0.4233067861098283, 0.32220192075078197]",1,1
380,[0.5489384  0.31243342],76,62,"[0.5518445081960829, 0.32428518532272876]",1,1
381,[0.62559691 0.28553196],76,35,"[0.5985809266098626, 0.2826198875971559]",1,1
382,[0.58834165 0.22202986],76,41,"[0.6171802934632951, 0.1961842217965248]",1,1
383,[0.69661327 0.2862028 ],76,30,"[0.6856528725066652, 0.26046770292259025]",1,1
384,[0.5845476  0.29526503],76,35,"[0.5985809266098626, 0.2826198875971559]",1,1
385,[0.25428281 0.5929424 ],77,46,"[0.2334045141179309, 0.6089771602838161]",1,1
386,[0.27898311 0.52433456],77,38,"[0.278681343078808, 0.5455741045426357]",1,1
387,[0.25816472 0.58734549],77,46,"[0.2334045141179309, 0.6089771602838161]",1,1
388,[0.27868658 0.52548384],77,38,"[0.278681343078808, 0.5455741045426357]",1,1
389,[0.28247181 0.53087593],77,38,"[0.278681343078808, 0.5455741045426357]",1,1
390,[0.43991954 0.82122704],78,23,"[0.4705416270307097, 0.8524501476114424]",1,1
391,[0.37705387 0.80527076],78,26,"[0.3778276420933964, 0.7619534216636688]",1,1
392,[0.5180253  0.86720553],78,54,"[0.5452291120994768, 0.8848458560434636]",1,1
393,[0.47030001 0.76163134],78,4,"[0.4662932598140695, 0.7518589553527207]",1,1
394,[0.3915131  0.78782354],78,26,"[0.3778276420933964, 0.7619534216636688]",1,1
395,[0.21112184 0.80571091],79,17,"[0.19463757844124227, 0.8275005296487686]",1,1
396,[0.32059118 0.81742795],79,43,"[0.3317408392951525, 0.8327269319611241]",1,1
397,[0.34828945 0.83409855],79,43,"[0.3317408392951525, 0.8327269319611241]",1,1
398,[0.30306785 0.89546367],79,22,"[0.3027541583938966, 0.9157081505523563]",1,1
399,[0.31936933 0.8573757 ],79,43,"[0.3317408392951525, 0.8327269319611241]",1,1
400,[0.65579807 0.30021439],80,30,"[0.6856528725066652, 0.26046770292259025]",1,1
401,[0.62985296 0.29836574],80,35,"[0.5985809266098626, 0.2826198875971559]",1,1
402,[0.63975656 0.26851246],80,35,"[0.5985809266098626, 0.2826198875971559]",1,1
403,[0.69928975 0.21707372],80,30,"[0.6856528725066652, 0.26046770292259025]",1,1
404,[0.64455849 0.20954189],80,41,"[0.6171802934632951, 0.1961842217965248]",1,1
405,[0.75968734 0.23296542],81,12,"[0.7971950045377225, 0.23412537313196957]",1,1
406,[0.77655489 0.31372509],81,39,"[0.7667285221305274, 0.34804238980272934]",1,1
407,[0.70101269 0.23773457],81,30,"[0.6856528725066652, 0.26046770292259025]",1,1
408,[0.77554866 0.30116384],81,39,"[0.7667285221305274, 0.34804238980272934]",1,1
409,[0.69893753 0.25863915],81,30,"[0.6856528725066652, 0.26046770292259025]",1,1
410,[0.84299999 0.35962041],82,28,"[0.832868773085926, 0.38262166336668685]",1,1
411,[0.75657207 0.37447115],82,39,"[0.7667285221305274, 0.34804238980272934]",1,1
412,[0.79556405 0.41110495],82,28,"[0.832868773085926, 0.38262166336668685]",1,1
413,[0.76215613 0.38423844],82,39,"[0.7667285221305274, 0.34804238980272934]",1,1
414,[0.793707   0.36063274],82,39,"[0.7667285221305274, 0.34804238980272934]",1,1
415,[0.13933688 0.1644901 ],83,27,"[0.12449695758062077, 0.1790552310605481]",1,1
416,[0.07215696 0.2236449 ],83,44,"[0.06715381289123815, 0.219420321706803]",1,1
417,[0.13248516 0.16650557],83,27,"[0.12449695758062077, 0.1790552310605481]",1,1
418,[0.12062831 0.17178098],83,27,"[0.12449695758062077, 0.1790552310605481]",1,1
419,[0.12471086 0.17110659],83,27,"[0.12449695758062077, 0.1790552310605481]",1,1
420,[0.65001371 0.45005918],84,33,"[0.6736846943334297, 0.45985604985423817]",1,1
421,[0.56104915 0.48264349],84,6,"[0.5710820459885634, 0.4500131801599098]",1,1
422,[0.66065321 0.41661606],84,33,"[0.6736846943334297, 0.45985604985423817]",1,1
423,[0.67635126 0.46335569],84,33,"[0.6736846943334297, 0.45985604985423817]",1,1
424,[0.67142349 0.43873186],84,33,"[0.6736846943334297, 0.45985604985423817]",1,1
425,[0.26463155 0.63769852],85,46,"[0.2334045141179309, 0.6089771602838161]",1,1
426,[0.19149782 0.62917606],85,53,"[0.18575436144331578, 0.6586986821937788]",1,1
427,[0.20735221 0.73234718],85,52,"[0.22524351352412628, 0.7447538983130647]",1,1
428,[0.18191004 0.68062352],85,53,"[0.18575436144331578, 0.6586986821937788]",1,1
429,[0.28107263 0.69777651],85,10,"[0.31607147996572243, 0.6688751037774252]",1,1
430,[0.24489839 0.63605238],86,46,"[0.2334045141179309, 0.6089771602838161]",1,1
431,[0.2627187  0.55260948],86,38,"[0.278681343078808, 0.5455741045426357]",1,1
432,[0.2009261  0.60544793],86,46,"[0.2334045141179309, 0.6089771602838161]",1,1
433,[0.20752402 0.59871294],86,46,"[0.2334045141179309, 0.6089771602838161]",1,1
434,[0.27922453 0.55352204],86,38,"[0.278681343078808, 0.5455741045426357]",1,1
435,[0.02629322 0.89708731],87,-1,-1,-1,1
436,[0.19213053 0.81080518],87,17,"[0.19463757844124227, 0.8275005296487686]",1,1
437,[0.21304899 0.78277675],87,52,"[0.22524351352412628, 0.7447538983130647]",1,1
438,[0.21815025 0.79604708],87,17,"[0.19463757844124227, 0.8275005296487686]",1,1
439,[0.16021675 0.84794542],87,17,"[0.19463757844124227, 0.8275005296487686]",1,1
440,[0.05520715 0.54066425],88,14,"[0.09823645479560572, 0.5202939990880414]",1,1
441,[0.03636672 0.47562983],88,-1,-1,-1,1
442,[0.06252232 0.52483516],88,14,"[0.09823645479560572, 0.5202939990880414]",1,1
443,[0.08106164 0.47912548],88,14,"[0.09823645479560572, 0.5202939990880414]",1,1
444,[0.05341315 0.50822857],88,14,"[0.09823645479560572, 0.5202939990880414]",1,1
445,[0.77977832 0.3294336 ],89,39,"[0.7667285221305274, 0.34804238980272934]",1,1
446,[0.87318959 0.30993297],89,68,"[0.8887919163028586, 0.28690369326889414]",1,1
447,[0.80644324 0.27321768],89,12,"[0.7971950045377225, 0.23412537313196957]",1,1
448,[0.81864427 0.37650558],89,28,"[0.832868773085926, 0.38262166336668685]",1,1
449,[0.77821428 0.40932346],89,28,"[0.832868773085926, 0.38262166336668685]",1,1
450,[0.41028015 0.35772489],90,32,"[0.4233067861098283, 0.32220192075078197]",1,1
451,[0.45972119 0.38186748],90,59,"[0.47772308988940615, 0.3549266148339042]",1,1
452,[0.43540705 0.33693669],90,32,"[0.4233067861098283, 0.32220192075078197]",1,1
453,[0.37873495 0.36816082],90,24,"[0.34049926536950015, 0.3567218129120367]",1,1
454,[0.45348681 0.36005128],90,59,"[0.47772308988940615, 0.3549266148339042]",1,1
455,[0.29569711 0.20204419],91,51,"[0.32749774302807244, 0.1871439073023858]",1,1
456,[0.26881989 0.23009834],91,16,"[0.2462640397875871, 0.2050239869132316]",1,1
457,[0.27452558 0.22517404],91,16,"[0.2462640397875871, 0.2050239869132316]",1,1
458,[0.22144858 0.22195175],91,16,"[0.2462640397875871, 0.2050239869132316]",1,1
459,[0.23779952 0.24527258],91,65,"[0.2127979909083864, 0.2751289467765461]",1,1
460,[0.45320263 0.86658699],92,23,"[0.4705416270307097, 0.8524501476114424]",1,1
461,[0.41549521 0.84768088],92,63,"[0.41424818793371243, 0.8948662738674542]",1,1
462,[0.3848776  0.86908776],92,63,"[0.41424818793371243, 0.8948662738674542]",1,1
463,[0.39608665 0.87573107],92,63,"[0.41424818793371243, 0.8948662738674542]",1,1
464,[0.43597549 0.94143466],92,63,"[0.41424818793371243, 0.8948662738674542]",-1,1
465,[0.04271585 0.13678462],93,67,"[0.0707327265589617, 0.09095295723118449]",-1,1
466,[0.10094351 0.16545919],93,27,"[0.12449695758062077, 0.1790552310605481]",1,1
467,[0.09371106 0.18220579],93,27,"[0.12449695758062077, 0.1790552310605481]",1,1
468,[0.09324716 0.09285373],93,67,"[0.0707327265589617, 0.09095295723118449]",0,1
469,[0.11432594 0.14544392],93,27,"[0.12449695758062077, 0.1790552310605481]",1,1
470,[0.23418617 0.57172839],94,46,"[0.2334045141179309, 0.6089771602838161]",1,1
471,[0.21788758 0.57109635],94,46,"[0.2334045141179309, 0.6089771602838161]",1,1
472,[0.33469718 0.56339429],94,1,"[0.3571364183130468, 0.5752873259441595]",1,1
473,[0.21645194 0.57788692],94,46,"[0.2334045141179309, 0.6089771602838161]",1,1
474,[0.36235931 0.48807542],94,50,"[0.3473980127671632, 0.4897259598780131]",1,1
475,[0.64579397 0.12309314],95,34,"[0.6951063962784877, 0.0935005695682774]",1,1
476,[0.60642802 0.03295868],95,-1,-1,-1,1
477,[0.60079563 0.17571339],95,41,"[0.6171802934632951, 0.1961842217965248]",1,1
478,[0.58256206 0.11036088],95,40,"[0.561765769634626, 0.09932509785041764]",1,1
479,[0.58812965 0.0783329 ],95,40,"[0.561765769634626, 0.09932509785041764]",1,1
480,[0.25090455 0.89195528],96,22,"[0.3027541583938966, 0.9157081505523563]",1,1
481,[0.18088001 0.84186399],96,17,"[0.19463757844124227, 0.8275005296487686]",1,1
482,[0.17018812 0.99779964],96,-1,-1,-1,-1
483,[0.1161768 0.9212021],96,45,"[0.16319812599127823, 0.9261907130426547]",1,1
484,[0.19633157 0.92771021],96,45,"[0.16319812599127823, 0.9261907130426547]",1,1
485,[0.51562929 0.51650725],97,15,"[0.5451386045899351, 0.540501531409264]",1,1
486,[0.61726344 0.4694947 ],97,6,"[0.5710820459885634, 0.4500131801599098]",1,1
487,[0.5815042  0.50198115],97,42,"[0.6164497338224824, 0.5210248894810774]",1,1
488,[0.52394521 0.47926264],97,6,"[0.5710820459885634, 0.4500131801599098]",1,1
489,[0.57056324 0.5268849 ],97,15,"[0.5451386045899351, 0.540501531409264]",1,1
490,[0.73382972 0.26788172],98,30,"[0.6856528725066652, 0.26046770292259025]",1,1
491,[0.75848391 0.24041335],98,12,"[0.7971950045377225, 0.23412537313196957]",1,1
492,[0.80246935 0.26118063],98,12,"[0.7971950045377225, 0.23412537313196957]",1,1
493,[0.75884225 0.2188764 ],98,12,"[0.7971950045377225, 0.23412537313196957]",1,1
494,[0.84569667 0.36651072],98,28,"[0.832868773085926, 0.38262166336668685]",1,1
495,[0.67833119 0.84462351],99,25,"[0.6817725853553669, 0.8216171135418816]",1,1
496,[0.57412828 0.79163472],99,21,"[0.5826864743839234, 0.7620748793972767]",1,1
497,[0.59522046 0.78051531],99,21,"[0.5826864743839234, 0.7620748793972767]",1,1
498,[0.69605142 0.77622051],99,25,"[0.6817725853553669, 0.8216171135418816]",1,1
499,[0.55496104 0.82973188],99,54,"[0.5452291120994768, 0.8848458560434636]",1,1
500,[0.01583645 0.78877721],100,-1,-1,-1,1
501,[0.07611411 0.86085972],100,-1,-1,-1,1
502,[0.04341462 0.86470631],100,-1,-1,-1,1
503,[0.03989792 0.83957895],100,-1,-1,-1,1
504,[0.05509051 0.80850034],100,-1,-1,-1,1
505,[0.22451885 0.349288  ],101,69,"[0.2744752348545616, 0.34661101741828465]",1,1
506,[0.40529246 0.30442682],101,32,"[0.4233067861098283, 0.32220192075078197]",1,1
507,[0.37923006 0.38692497],101,8,"[0.4114262099197284, 0.41399738795628693]",1,1
508,[0.24327769 0.28675969],101,65,"[0.2127979909083864, 0.2751289467765461]",1,1
509,[0.30331006 0.30875168],101,31,"[0.33284576235033553, 0.279343530392349]",1,1
510,[0.71242005 0.73579995],102,5,"[0.7597224808999516, 0.7166251365023083]",1,1
511,[0.68154061 0.71554536],102,9,"[0.685253168800335, 0.6851678365999567]",1,1
512,[0.66061204 0.70695974],102,9,"[0.685253168800335, 0.6851678365999567]",1,1
513,[0.66716437 0.76753577],102,25,"[0.6817725853553669, 0.8216171135418816]",1,1
514,[0.70370069 0.7470773 ],102,5,"[0.7597224808999516, 0.7166251365023083]",1,1
515,[0.17052109 0.80634085],103,17,"[0.19463757844124227, 0.8275005296487686]",1,1
516,[0.1594212  0.83205852],103,17,"[0.19463757844124227, 0.8275005296487686]",1,1
517,[0.24269732 0.8790865 ],103,-1,-1,1,1
518,[0.23162234 0.89944697],103,-1,-1,1,1
519,[0.16203861 0.847241  ],103,17,"[0.19463757844124227, 0.8275005296487686]",1,1
520,[0.54097388 0.08377192],104,40,"[0.561765769634626, 0.09932509785041764]",1,1
521,[0.54947898 0.17869534],104,48,"[0.5323983913697123, 0.23321806936548947]",1,1
522,[0.66699432 0.08873506],104,34,"[0.6951063962784877, 0.0935005695682774]",1,1
523,[0.53525198 0.14116437],104,40,"[0.561765769634626, 0.09932509785041764]",1,1
524,[0.64001327 0.09933945],104,34,"[0.6951063962784877, 0.0935005695682774]",1,1
525,[0.44358662 0.87010089],105,23,"[0.4705416270307097, 0.8524501476114424]",1,1
526,[0.41660239 0.92544917],105,63,"[0.41424818793371243, 0.8948662738674542]",1,1
527,[0.47710117 0.90157159],105,23,"[0.4705416270307097, 0.8524501476114424]",1,1
528,[0.48214291 0.89324141],105,23,"[0.4705416270307097, 0.8524501476114424]",1,1
529,[0.38180244 0.83682621],105,43,"[0.3317408392951525, 0.8327269319611241]",1,1
530,[0.32356086 0.3315861 ],106,24,"[0.34049926536950015, 0.3567218129120367]",1,1
531,[0.33006967 0.48537864],106,50,"[0.3473980127671632, 0.4897259598780131]",1,1
532,[0.21353166 0.46078242],106,56,"[0.1950043161438883, 0.39740133277286843]",1,1
533,[0.29848372 0.47829077],106,49,"[0.29018950975588303, 0.4296426209175332]",1,1
534,[0.28237765 0.443613  ],106,49,"[0.29018950975588303, 0.4296426209175332]",1,1
535,[0.60117844 0.25618288],107,35,"[0.5985809266098626, 0.2826198875971559]",1,1
536,[0.58971763 0.20609699],107,41,"[0.6171802934632951, 0.1961842217965248]",1,1
537,[0.53691804 0.26826318],107,48,"[0.5323983913697123, 0.23321806936548947]",1,1
538,[0.64098523 0.32540795],107,35,"[0.5985809266098626, 0.2826198875971559]",1,1
539,[0.61640317 0.28627367],107,35,"[0.5985809266098626, 0.2826198875971559]",1,1
540,[0.63963744 0.81321962],108,25,"[0.6817725853553669, 0.8216171135418816]",1,1
541,[0.64202825 0.89486446],108,19,"[0.6224889323295704, 0.9083586773895252]",1,1
542,[0.60053346 0.88174473],108,19,"[0.6224889323295704, 0.9083586773895252]",1,1
543,[0.6111989  0.88772594],108,19,"[0.6224889323295704, 0.9083586773895252]",1,1
544,[0.70169881 0.79234524],108,25,"[0.6817725853553669, 0.8216171135418816]",1,1
545,[0.62442369 0.60588429],109,7,"[0.6516127424561171, 0.617318959386924]",1,1
546,[0.72627661 0.52766112],109,66,"[0.7542862384370209, 0.5775109202001171]",1,1
547,[0.64311536 0.56168819],109,42,"[0.6164497338224824, 0.5210248894810774]",1,1
548,[0.66195496 0.63465948],109,7,"[0.6516127424561171, 0.617318959386924]",1,1
549,[0.72070685 0.64784913],109,9,"[0.685253168800335, 0.6851678365999567]",1,1
550,[0.91562393 0.79774568],110,18,"[0.8643412486904984, 0.8033981672988175]",1,1
551,[0.86522163 0.6783808 ],110,57,"[0.8441414857263679, 0.6801782422101643]",1,1
552,[0.99299251 0.66220946],110,-1,-1,-1,-1
553,[0.88483932 0.70604975],110,55,"[0.9142498708192868, 0.7013191747540207]",1,1
554,[0.95651383 0.83135661],110,-1,-1,-1,-1
555,[0.59159877 0.73421705],111,21,"[0.5826864743839234, 0.7620748793972767]",1,1
556,[0.57404387 0.69267063],111,0,"[0.5586454245448852, 0.6510442001215339]",1,1
557,[0.64964826 0.66703934],111,9,"[0.685253168800335, 0.6851678365999567]",1,1
558,[0.71338142 0.69353692],111,9,"[0.685253168800335, 0.6851678365999567]",1,1
559,[0.64396236 0.64401899],111,7,"[0.6516127424561171, 0.617318959386924]",1,1
560,[0.95459733 0.21579805],112,-1,-1,-1,1
561,[0.95692818 0.29824554],112,68,"[0.8887919163028586, 0.28690369326889414]",-1,1
562,[0.92978075 0.25649049],112,68,"[0.8887919163028586, 0.28690369326889414]",-1,1
563,[0.82834174 0.30012242],112,68,"[0.8887919163028586, 0.28690369326889414]",1,1
564,[0.85764322 0.29264679],112,68,"[0.8887919163028586, 0.28690369326889414]",1,1
565,[0.57955819 0.49188447],113,6,"[0.5710820459885634, 0.4500131801599098]",1,1
566,[0.60960232 0.54211663],113,42,"[0.6164497338224824, 0.5210248894810774]",1,1
567,[0.51420753 0.57717131],113,3,"[0.48534805358267585, 0.5964315353685302]",1,1
568,[0.57512174 0.63839276],113,0,"[0.5586454245448852, 0.6510442001215339]",1,1
569,[0.583382   0.54370483],113,15,"[0.5451386045899351, 0.540501531409264]",1,1
570,[0.31115123 0.82980637],114,43,"[0.3317408392951525, 0.8327269319611241]",1,1
571,[0.30550543 0.91110181],114,22,"[0.3027541583938966, 0.9157081505523563]",1,1
572,[0.29970456 0.89625386],114,22,"[0.3027541583938966, 0.9157081505523563]",1,1
573,[0.27568083 0.85504973],114,43,"[0.3317408392951525, 0.8327269319611241]",1,1
574,[0.27451137 0.92348006],114,22,"[0.3027541583938966, 0.9157081505523563]",1,1
575,[0.36525993 0.25319159],115,31,"[0.33284576235033553, 0.279343530392349]",1,1
576,[0.41205665 0.40362852],115,8,"[0.4114262099197284, 0.41399738795628693]",1,1
577,[0.39231046 0.37545066],115,8,"[0.4114262099197284, 0.41399738795628693]",1,1
578,[0.36216641 0.30466444],115,31,"[0.33284576235033553, 0.279343530392349]",1,1
579,[0.45093284 0.30686674],115,32,"[0.4233067861098283, 0.32220192075078197]",1,1
580,[0.72513079 0.15845148],116,47,"[0.7163533473789261, 0.17249894553683714]",1,1
581,[0.78514464 0.20926014],116,12,"[0.7971950045377225, 0.23412537313196957]",1,1
582,[0.74375993 0.19303944],116,47,"[0.7163533473789261, 0.17249894553683714]",1,1
583,[0.74060005 0.16661032],116,47,"[0.7163533473789261, 0.17249894553683714]",1,1
584,[0.81686978 0.19868294],116,12,"[0.7971950045377225, 0.23412537313196957]",1,1
585,[0.88891502 0.24620937],117,68,"[0.8887919163028586, 0.28690369326889414]",1,1
586,[0.88459221 0.11435155],117,-1,-1,-1,0
587,[0.87312387 0.15151426],117,-1,-1,-1,0
588,[0.89943368 0.13372148],117,-1,-1,-1,0
589,[0.88058924 0.13482628],117,-1,-1,-1,0
590,[0.87744661 0.54406875],118,64,"[0.871789332989831, 0.5542475242170479]",1,1
591,[0.84419862 0.58694104],118,64,"[0.871789332989831, 0.5542475242170479]",1,1
592,[0.92644414 0.57653314],118,64,"[0.871789332989831, 0.5542475242170479]",-1,1
593,[0.88844367 0.55650262],118,64,"[0.871789332989831, 0.5542475242170479]",1,1
594,[0.76946765 0.62215027],118,66,"[0.7542862384370209, 0.5775109202001171]",1,1
595,[0.4512575  0.78139429],119,4,"[0.4662932598140695, 0.7518589553527207]",1,1
596,[0.44672106 0.85133514],119,23,"[0.4705416270307097, 0.8524501476114424]",1,1
597,[0.47983024 0.80603347],119,23,"[0.4705416270307097, 0.8524501476114424]",1,1
598,[0.48543772 0.79586199],119,4,"[0.4662932598140695, 0.7518589553527207]",1,1
599,[0.46564331 0.80026371],119,4,"[0.4662932598140695, 0.7518589553527207]",1,1
600,[0.820555  0.8330786],120,18,"[0.8643412486904984, 0.8033981672988175]",1,1
601,[0.85250481 0.80113426],120,18,"[0.8643412486904984, 0.8033981672988175]",1,1
602,[0.78186627 0.76739037],120,5,"[0.7597224808999516, 0.7166251365023083]",1,1
603,[0.86053426 0.75721713],120,18,"[0.8643412486904984, 0.8033981672988175]",1,1
604,[0.83970126 0.8013532 ],120,18,"[0.8643412486904984, 0.8033981672988175]",1,1
605,[0.76740221 0.70525214],121,5,"[0.7597224808999516, 0.7166251365023083]",1,1
606,[0.75847409 0.70791304],121,5,"[0.7597224808999516, 0.7166251365023083]",1,1
607,[0.75369349 0.83406739],121,29,"[0.7623770623911256, 0.827114770436791]",1,1
608,[0.77523759 0.68258262],121,5,"[0.7597224808999516, 0.7166251365023083]",1,1
609,[0.77130172 0.73000578],121,5,"[0.7597224808999516, 0.7166251365023083]",1,1
610,[0.62638707 0.20970039],122,41,"[0.6171802934632951, 0.1961842217965248]",1,1
611,[0.69234844 0.18711102],122,47,"[0.7163533473789261, 0.17249894553683714]",1,1
612,[0.60987151 0.13333886],122,40,"[0.561765769634626, 0.09932509785041764]",1,1
613,[0.66105585 0.26052618],122,30,"[0.6856528725066652, 0.26046770292259025]",1,1
614,[0.6671862  0.11198154],122,34,"[0.6951063962784877, 0.0935005695682774]",1,1
615,[0.04647442 0.17639559],123,44,"[0.06715381289123815, 0.219420321706803]",1,1
616,[0.02671819 0.20652356],123,44,"[0.06715381289123815, 0.219420321706803]",1,1
617,[0.10476742 0.1945668 ],123,27,"[0.12449695758062077, 0.1790552310605481]",1,1
618,[0.06403942 0.2015087 ],123,44,"[0.06715381289123815, 0.219420321706803]",1,1
619,[0.08774488 0.09050053],123,67,"[0.0707327265589617, 0.09095295723118449]",0,1
620,[0.30657091 0.85542985],124,43,"[0.3317408392951525, 0.8327269319611241]",1,1
621,[0.29072844 0.9029772 ],124,22,"[0.3027541583938966, 0.9157081505523563]",1,1
622,[0.38537406 0.87092247],124,63,"[0.41424818793371243, 0.8948662738674542]",1,1
623,[0.32504324 0.88189596],124,22,"[0.3027541583938966, 0.9157081505523563]",1,1
624,[0.32815689 0.87362487],124,43,"[0.3317408392951525, 0.8327269319611241]",1,1
625,[0.26377274 0.14857483],125,36,"[0.24293732494961306, 0.11696503771347228]",1,1
626,[0.22852035 0.14165199],125,36,"[0.24293732494961306, 0.11696503771347228]",1,1
627,[0.30657824 0.1542423 ],125,20,"[0.32351188498158984, 0.1277775041420614]",1,1
628,[0.38048047 0.227784  ],125,37,"[0.41416084784940427, 0.2230254690389878]",1,1
629,[0.33212271 0.17702842],125,51,"[0.32749774302807244, 0.1871439073023858]",1,1
630,[0.68045152 0.60861173],126,7,"[0.6516127424561171, 0.617318959386924]",1,1
631,[0.78434542 0.52646872],126,61,"[0.76740378565481, 0.47619515322776457]",1,1
632,[0.71369351 0.56183166],126,66,"[0.7542862384370209, 0.5775109202001171]",1,1
633,[0.70105803 0.54469593],126,66,"[0.7542862384370209, 0.5775109202001171]",1,1
634,[0.75601756 0.51099562],126,61,"[0.76740378565481, 0.47619515322776457]",1,1
635,[0.22394056 0.37781351],127,56,"[0.1950043161438883, 0.39740133277286843]",1,1
636,[0.31737927 0.41337334],127,49,"[0.29018950975588303, 0.4296426209175332]",1,1
637,[0.35176153 0.47815668],127,50,"[0.3473980127671632, 0.4897259598780131]",1,1
638,[0.29787536 0.45797243],127,49,"[0.29018950975588303, 0.4296426209175332]",1,1
639,[0.29712869 0.42899769],127,49,"[0.29018950975588303, 0.4296426209175332]",1,1
640,[0.24128505 0.74073033],128,52,"[0.22524351352412628, 0.7447538983130647]",1,1
641,[0.29046424 0.68577443],128,10,"[0.31607147996572243, 0.6688751037774252]",1,1
642,[0.21744276 0.66878817],128,53,"[0.18575436144331578, 0.6586986821937788]",1,1
643,[0.22253048 0.75134687],128,52,"[0.22524351352412628, 0.7447538983130647]",1,1
644,[0.23451349 0.71315932],128,52,"[0.22524351352412628, 0.7447538983130647]",1,1
645,[0.51838984 0.51623806],129,15,"[0.5451386045899351, 0.540501531409264]",1,1
646,[0.49183611 0.59532596],129,3,"[0.48534805358267585, 0.5964315353685302]",1,1
647,[0.47253382 0.57944513],129,3,"[0.48534805358267585, 0.5964315353685302]",1,1
648,[0.50248979 0.56703107],129,3,"[0.48534805358267585, 0.5964315353685302]",1,1
649,[0.40572483 0.5614966 ],129,1,"[0.3571364183130468, 0.5752873259441595]",1,1
650,[0.31794222 0.36171171],130,24,"[0.34049926536950015, 0.3567218129120367]",1,1
651,[0.18970528 0.40011564],130,56,"[0.1950043161438883, 0.39740133277286843]",1,1
652,[0.244777   0.38107722],130,69,"[0.2744752348545616, 0.34661101741828465]",1,1
653,[0.31295002 0.41440198],130,49,"[0.29018950975588303, 0.4296426209175332]",1,1
654,[0.1783812  0.40044656],130,56,"[0.1950043161438883, 0.39740133277286843]",1,1
655,[0.43045987 0.22803917],131,37,"[0.41416084784940427, 0.2230254690389878]",1,1
656,[0.37976296 0.19782417],131,37,"[0.41416084784940427, 0.2230254690389878]",1,1
657,[0.36745829 0.23866457],131,37,"[0.41416084784940427, 0.2230254690389878]",1,1
658,[0.42031226 0.2167576 ],131,37,"[0.41416084784940427, 0.2230254690389878]",1,1
659,[0.33127185 0.27422222],131,31,"[0.33284576235033553, 0.279343530392349]",1,1
660,[0.2683004  0.06952411],132,36,"[0.24293732494961306, 0.11696503771347228]",1,1
661,[0.23018711 0.05564016],132,36,"[0.24293732494961306, 0.11696503771347228]",-1,1
662,[0.17730123 0.01178638],132,-1,-1,-1,1
663,[0.24400231 0.11241666],132,36,"[0.24293732494961306, 0.11696503771347228]",1,1
664,[0.17821733 0.07957925],132,60,"[0.18024833677109894, 0.09631136909913281]",1,1
665,[0.15346045 0.51930118],133,14,"[0.09823645479560572, 0.5202939990880414]",1,1
666,[0.10884741 0.54243131],133,14,"[0.09823645479560572, 0.5202939990880414]",1,1
667,[0.09703809 0.44295504],133,-1,-1,-1,1
668,[0.17516795 0.49045172],133,-1,-1,1,1
669,[0.1047338  0.50227179],133,14,"[0.09823645479560572, 0.5202939990880414]",1,1
670,[0.0935279  0.67167233],134,58,"[0.11137069248684615, 0.7372407502634685]",-1,1
671,[0.06855663 0.67130707],134,-1,-1,-1,1
672,[0.1843919  0.62469433],134,53,"[0.18575436144331578, 0.6586986821937788]",1,1
673,[0.13092732 0.56985756],134,14,"[0.09823645479560572, 0.5202939990880414]",1,1
674,[0.24205203 0.61222876],134,46,"[0.2334045141179309, 0.6089771602838161]",1,1
675,[0.22684959 0.12550654],135,36,"[0.24293732494961306, 0.11696503771347228]",1,1
676,[0.29621161 0.15864493],135,20,"[0.32351188498158984, 0.1277775041420614]",1,1
677,[0.19352811 0.15737215],135,60,"[0.18024833677109894, 0.09631136909913281]",1,1
678,[0.16709696 0.13705093],135,60,"[0.18024833677109894, 0.09631136909913281]",1,1
679,[0.24489627 0.1822171 ],135,16,"[0.2462640397875871, 0.2050239869132316]",1,1
680,[0.42834203 0.61470158],136,2,"[0.433539783271698, 0.6697354130563493]",1,1
681,[0.3896957  0.66886284],136,2,"[0.433539783271698, 0.6697354130563493]",1,1
682,[0.49369825 0.64605401],136,3,"[0.48534805358267585, 0.5964315353685302]",1,1
683,[0.36493824 0.56556547],136,1,"[0.3571364183130468, 0.5752873259441595]",1,1
684,[0.35356074 0.69883866],136,10,"[0.31607147996572243, 0.6688751037774252]",1,1
685,[0.77832199 0.80526337],137,29,"[0.7623770623911256, 0.827114770436791]",1,1
686,[0.76950611 0.89966721],137,-1,-1,-1,1
687,[0.83349198 0.78645828],137,18,"[0.8643412486904984, 0.8033981672988175]",1,1
688,[0.74880366 0.88610569],137,29,"[0.7623770623911256, 0.827114770436791]",1,1
689,[0.80559221 0.81182961],137,29,"[0.7623770623911256, 0.827114770436791]",1,1
690,[0.69940176 0.42023258],138,33,"[0.6736846943334297, 0.45985604985423817]",1,1
691,[0.57210172 0.44641384],138,6,"[0.5710820459885634, 0.4500131801599098]",1,1
692,[0.61291338 0.42720739],138,6,"[0.5710820459885634, 0.4500131801599098]",1,1
693,[0.69000844 0.47674906],138,33,"[0.6736846943334297, 0.45985604985423817]",1,1
694,[0.71708807 0.48509673],138,33,"[0.6736846943334297, 0.45985604985423817]",1,1
695,[0.43322955 0.69605186],139,2,"[0.433539783271698, 0.6697354130563493]",1,1
696,[0.35662951 0.5218006 ],139,50,"[0.3473980127671632, 0.4897259598780131]",1,1
697,[0.31880336 0.6331565 ],139,10,"[0.31607147996572243, 0.6688751037774252]",1,1
698,[0.37353967 0.61736186],139,1,"[0.3571364183130468, 0.5752873259441595]",1,1
699,[0.34034418 0.5860096 ],139,1,"[0.3571364183130468, 0.5752873259441595]",1,1
700,[0.28053849 0.76927054],140,52,"[0.22524351352412628, 0.7447538983130647]",1,1
701,[0.24423912 0.78475513],140,52,"[0.22524351352412628, 0.7447538983130647]",1,1
702,[0.23932527 0.76607657],140,52,"[0.22524351352412628, 0.7447538983130647]",1,1
703,[0.23159872 0.77506499],140,52,"[0.22524351352412628, 0.7447538983130647]",1,1
704,[0.23156589 0.81594601],140,17,"[0.19463757844124227, 0.8275005296487686]",1,1
705,[0.54367098 0.90718576],141,54,"[0.5452291120994768, 0.8848458560434636]",1,1
706,[0.57190042 0.8732917 ],141,54,"[0.5452291120994768, 0.8848458560434636]",1,1
707,[0.49746091 0.93910242],141,-1,-1,1,1
708,[0.60472639 0.92751358],141,19,"[0.6224889323295704, 0.9083586773895252]",1,1
709,[0.53120602 0.88690247],141,54,"[0.5452291120994768, 0.8848458560434636]",1,1
710,[0.18636133 0.14018503],142,60,"[0.18024833677109894, 0.09631136909913281]",1,1
711,[0.1745464  0.24704096],142,65,"[0.2127979909083864, 0.2751289467765461]",1,1
712,[0.09614096 0.20454225],142,44,"[0.06715381289123815, 0.219420321706803]",1,1
713,[0.20422987 0.24754076],142,65,"[0.2127979909083864, 0.2751289467765461]",1,1
714,[0.14852073 0.14969794],142,27,"[0.12449695758062077, 0.1790552310605481]",1,1
715,[0.16839444 0.67452282],143,53,"[0.18575436144331578, 0.6586986821937788]",1,1
716,[0.12992733 0.67095188],143,53,"[0.18575436144331578, 0.6586986821937788]",1,1
717,[0.16883683 0.71483794],143,53,"[0.18575436144331578, 0.6586986821937788]",1,1
718,[0.14677607 0.73184071],143,58,"[0.11137069248684615, 0.7372407502634685]",1,1
719,[0.19732713 0.67716055],143,53,"[0.18575436144331578, 0.6586986821937788]",1,1
720,[0.65208867 0.10591397],144,34,"[0.6951063962784877, 0.0935005695682774]",1,1
721,[0.57078958 0.17202067],144,41,"[0.6171802934632951, 0.1961842217965248]",1,1
722,[0.70094438 0.164704  ],144,47,"[0.7163533473789261, 0.17249894553683714]",1,1
723,[0.70504428 0.0891841 ],144,34,"[0.6951063962784877, 0.0935005695682774]",1,1
724,[0.56261255 0.05877641],144,40,"[0.561765769634626, 0.09932509785041764]",1,1
725,[0.55618187 0.3017701 ],145,62,"[0.5518445081960829, 0.32428518532272876]",1,1
726,[0.51709019 0.27991937],145,48,"[0.5323983913697123, 0.23321806936548947]",1,1
727,[0.59342582 0.38089387],145,-1,-1,1,1
728,[0.55876383 0.32634717],145,62,"[0.5518445081960829, 0.32428518532272876]",1,1
729,[0.5508773  0.39382115],145,6,"[0.5710820459885634, 0.4500131801599098]",1,1
730,[0.42598594 0.46521279],146,8,"[0.4114262099197284, 0.41399738795628693]",1,1
731,[0.40554504 0.50251085],146,50,"[0.3473980127671632, 0.4897259598780131]",1,1
732,[0.46871719 0.5458675 ],146,13,"[0.4691673655106728, 0.5097013990189267]",1,1
733,[0.35832469 0.52744025],146,50,"[0.3473980127671632, 0.4897259598780131]",1,1
734,[0.36074144 0.55989986],146,1,"[0.3571364183130468, 0.5752873259441595]",1,1
735,[0.28651434 0.65640228],147,10,"[0.31607147996572243, 0.6688751037774252]",1,1
736,[0.22859339 0.63147425],147,46,"[0.2334045141179309, 0.6089771602838161]",1,1
737,[0.36035296 0.58318192],147,1,"[0.3571364183130468, 0.5752873259441595]",1,1
738,[0.21618964 0.6547405 ],147,53,"[0.18575436144331578, 0.6586986821937788]",1,1
739,[0.33025288 0.6595205 ],147,10,"[0.31607147996572243, 0.6688751037774252]",1,1
740,[0.84064683 0.23656133],148,12,"[0.7971950045377225, 0.23412537313196957]",1,1
741,[0.80088646 0.19508428],148,12,"[0.7971950045377225, 0.23412537313196957]",1,1
742,[0.83601878 0.21482334],148,12,"[0.7971950045377225, 0.23412537313196957]",1,1
743,[0.78289619 0.21119614],148,12,"[0.7971950045377225, 0.23412537313196957]",1,1
744,[0.81756521 0.17204972],148,12,"[0.7971950045377225, 0.23412537313196957]",1,1
745,[0.80793419 0.46857496],149,61,"[0.76740378565481, 0.47619515322776457]",1,1
746,[0.89746501 0.54681273],149,64,"[0.871789332989831, 0.5542475242170479]",1,1
747,[0.86936276 0.57846598],149,64,"[0.871789332989831, 0.5542475242170479]",1,1
748,[0.91265007 0.5087599 ],149,11,"[0.8939617180048197, 0.4552301353565045]",1,1
749,[0.86756552 0.46933502],149,11,"[0.8939617180048197, 0.4552301353565045]",1,1
750,[0.54843499 0.67700339],150,0,"[0.5586454245448852, 0.6510442001215339]",1,1
751,[0.53508427 0.66219907],150,0,"[0.5586454245448852, 0.6510442001215339]",1,1
752,[0.55148681 0.6097577 ],150,0,"[0.5586454245448852, 0.6510442001215339]",1,1
753,[0.51615805 0.66225437],150,0,"[0.5586454245448852, 0.6510442001215339]",1,1
754,[0.52472716 0.62678091],150,0,"[0.5586454245448852, 0.6510442001215339]",1,1
755,[0.63284402 0.21468439],151,41,"[0.6171802934632951, 0.1961842217965248]",1,1
756,[0.71945618 0.29318297],151,30,"[0.6856528725066652, 0.26046770292259025]",1,1
757,[0.53086027 0.23969596],151,48,"[0.5323983913697123, 0.23321806936548947]",1,1
758,[0.58001593 0.34297908],151,62,"[0.5518445081960829, 0.32428518532272876]",1,1
759,[0.64634439 0.23883044],151,30,"[0.6856528725066652, 0.26046770292259025]",1,1
760,[0.59251621 0.46359484],152,6,"[0.5710820459885634, 0.4500131801599098]",1,1
761,[0.60027547 0.41561223],152,6,"[0.5710820459885634, 0.4500131801599098]",1,1
762,[0.64897487 0.46740469],152,33,"[0.6736846943334297, 0.45985604985423817]",1,1
763,[0.64239522 0.45764798],152,33,"[0.6736846943334297, 0.45985604985423817]",1,1
764,[0.57696167 0.45531969],152,6,"[0.5710820459885634, 0.4500131801599098]",1,1
765,[0.56366417 0.56679393],153,15,"[0.5451386045899351, 0.540501531409264]",1,1
766,[0.67124047 0.52505733],153,42,"[0.6164497338224824, 0.5210248894810774]",1,1
767,[0.49526064 0.56082323],153,3,"[0.48534805358267585, 0.5964315353685302]",1,1
768,[0.55230804 0.54934354],153,15,"[0.5451386045899351, 0.540501531409264]",1,1
769,[0.63920832 0.55345664],153,42,"[0.6164497338224824, 0.5210248894810774]",1,1
770,[0.57145649 0.66179995],154,0,"[0.5586454245448852, 0.6510442001215339]",1,1
771,[0.48497236 0.64368538],154,3,"[0.48534805358267585, 0.5964315353685302]",1,1
772,[0.48055444 0.66748652],154,2,"[0.433539783271698, 0.6697354130563493]",1,1
773,[0.59466367 0.59433598],154,7,"[0.6516127424561171, 0.617318959386924]",1,1
774,[0.56322213 0.61424546],154,0,"[0.5586454245448852, 0.6510442001215339]",1,1
775,[0.92069887 0.32010801],155,68,"[0.8887919163028586, 0.28690369326889414]",-1,1
776,[0.93872243 0.37020511],155,-1,-1,-1,1
777,[0.85534679 0.35086217],155,28,"[0.832868773085926, 0.38262166336668685]",1,1
778,[0.8101314  0.28301275],155,12,"[0.7971950045377225, 0.23412537313196957]",1,1
779,[0.86296617 0.33071539],155,68,"[0.8887919163028586, 0.28690369326889414]",1,1
780,[0.8906741  0.01972667],156,-1,-1,-1,0
781,[0.8877082  0.03632327],156,-1,-1,-1,0
782,[0.7757663  0.07620016],156,-1,-1,-1,1
783,[0.87765304 0.05916938],156,-1,-1,-1,0
784,[0.9298168  0.08121325],156,-1,-1,-1,0
785,[0.47876069 0.48549673],157,13,"[0.4691673655106728, 0.5097013990189267]",1,1
786,[0.54069151 0.52543401],157,15,"[0.5451386045899351, 0.540501531409264]",1,1
787,[0.55182914 0.48799379],157,6,"[0.5710820459885634, 0.4500131801599098]",1,1
788,[0.5538258  0.47818462],157,6,"[0.5710820459885634, 0.4500131801599098]",1,1
789,[0.52874278 0.55139204],157,15,"[0.5451386045899351, 0.540501531409264]",1,1
790,[0.75405494 0.24572722],158,12,"[0.7971950045377225, 0.23412537313196957]",1,1
791,[0.78606958 0.29103179],158,12,"[0.7971950045377225, 0.23412537313196957]",1,1
792,[0.67185256 0.12363908],158,34,"[0.6951063962784877, 0.0935005695682774]",1,1
793,[0.6714371  0.12291395],158,34,"[0.6951063962784877, 0.0935005695682774]",1,1
794,[0.63209416 0.20045198],158,41,"[0.6171802934632951, 0.1961842217965248]",1,1
795,[0.88808271 0.74876843],159,55,"[0.9142498708192868, 0.7013191747540207]",1,1
796,[0.87616924 0.72649824],159,55,"[0.9142498708192868, 0.7013191747540207]",1,1
797,[0.90617487 0.75860264],159,55,"[0.9142498708192868, 0.7013191747540207]",1,1
798,[0.93826013 0.73975464],159,55,"[0.9142498708192868, 0.7013191747540207]",1,1
799,[0.92269936 0.75733674],159,55,"[0.9142498708192868, 0.7013191747540207]",1,1
800,[0.77406761 0.78874352],160,29,"[0.7623770623911256, 0.827114770436791]",1,1
801,[0.72426557 0.84114989],160,29,"[0.7623770623911256, 0.827114770436791]",1,1
802,[0.73795826 0.73376611],160,5,"[0.7597224808999516, 0.7166251365023083]",1,1
803,[0.81259748 0.71562467],160,57,"[0.8441414857263679, 0.6801782422101643]",1,1
804,[0.72595859 0.80637116],160,29,"[0.7623770623911256, 0.827114770436791]",1,1
805,[0.64671553 0.08144137],161,34,"[0.6951063962784877, 0.0935005695682774]",1,1
806,[0.63596824 0.0894135 ],161,34,"[0.6951063962784877, 0.0935005695682774]",1,1
807,[0.58276972 0.10530396],161,40,"[0.561765769634626, 0.09932509785041764]",1,1
808,[0.59833083 0.05711718],161,40,"[0.561765769634626, 0.09932509785041764]",1,1
809,[0.57500719 0.14018255],161,40,"[0.561765769634626, 0.09932509785041764]",1,1
810,[0.71608321 0.80669367],162,25,"[0.6817725853553669, 0.8216171135418816]",1,1
811,[0.71993262 0.77506422],162,25,"[0.6817725853553669, 0.8216171135418816]",1,1
812,[0.76479191 0.80129684],162,29,"[0.7623770623911256, 0.827114770436791]",1,1
813,[0.80264641 0.8485281 ],162,29,"[0.7623770623911256, 0.827114770436791]",1,1
814,[0.87084577 0.86066437],162,18,"[0.8643412486904984, 0.8033981672988175]",-1,1
815,[0.63536799 0.91356202],163,19,"[0.6224889323295704, 0.9083586773895252]",1,1
816,[0.57340309 0.8141126 ],163,21,"[0.5826864743839234, 0.7620748793972767]",1,1
817,[0.69633017 0.7817654 ],163,25,"[0.6817725853553669, 0.8216171135418816]",1,1
818,[0.65098746 0.78428917],163,25,"[0.6817725853553669, 0.8216171135418816]",1,1
819,[0.66010032 0.93127279],163,19,"[0.6224889323295704, 0.9083586773895252]",1,1
820,[0.24892724 0.14745664],164,36,"[0.24293732494961306, 0.11696503771347228]",1,1
821,[0.33626629 0.14694597],164,20,"[0.32351188498158984, 0.1277775041420614]",1,1
822,[0.31041961 0.16843642],164,51,"[0.32749774302807244, 0.1871439073023858]",1,1
823,[0.32607031 0.13099934],164,20,"[0.32351188498158984, 0.1277775041420614]",1,1
824,[0.28106819 0.14964497],164,20,"[0.32351188498158984, 0.1277775041420614]",1,1
825,[0.63190594 0.83649839],165,25,"[0.6817725853553669, 0.8216171135418816]",1,1
826,[0.68861174 0.72228176],165,9,"[0.685253168800335, 0.6851678365999567]",1,1
827,[0.6271423  0.83099558],165,25,"[0.6817725853553669, 0.8216171135418816]",1,1
828,[0.59561515 0.76154569],165,21,"[0.5826864743839234, 0.7620748793972767]",1,1
829,[0.62605603 0.80200523],165,21,"[0.5826864743839234, 0.7620748793972767]",1,1
830,[0.36376417 0.14109659],166,20,"[0.32351188498158984, 0.1277775041420614]",1,1
831,[0.2986565  0.17436863],166,51,"[0.32749774302807244, 0.1871439073023858]",1,1
832,[0.32373373 0.17369711],166,51,"[0.32749774302807244, 0.1871439073023858]",1,1
833,[0.29735313 0.19505413],166,51,"[0.32749774302807244, 0.1871439073023858]",1,1
834,[0.31923533 0.06344422],166,20,"[0.32351188498158984, 0.1277775041420614]",-1,1
835,[0.49377329 0.27076774],167,48,"[0.5323983913697123, 0.23321806936548947]",1,1
836,[0.56743961 0.27910476],167,35,"[0.5985809266098626, 0.2826198875971559]",1,1
837,[0.53919419 0.24606553],167,48,"[0.5323983913697123, 0.23321806936548947]",1,1
838,[0.53809781 0.31834159],167,62,"[0.5518445081960829, 0.32428518532272876]",1,1
839,[0.50413102 0.23501251],167,48,"[0.5323983913697123, 0.23321806936548947]",1,1
840,[0.81654366 0.7687046 ],168,18,"[0.8643412486904984, 0.8033981672988175]",1,1
841,[0.84885683 0.61285494],168,64,"[0.871789332989831, 0.5542475242170479]",1,1
842,[0.89888325 0.70566236],168,55,"[0.9142498708192868, 0.7013191747540207]",1,1
843,[0.88697157 0.68611816],168,55,"[0.9142498708192868, 0.7013191747540207]",1,1
844,[0.79213714 0.69758157],168,5,"[0.7597224808999516, 0.7166251365023083]",1,1
845,[0.49122518 0.73857689],169,4,"[0.4662932598140695, 0.7518589553527207]",1,1
846,[0.6037616 0.8089678],169,21,"[0.5826864743839234, 0.7620748793972767]",1,1
847,[0.49585745 0.81547469],169,23,"[0.4705416270307097, 0.8524501476114424]",1,1
848,[0.46644362 0.74920635],169,4,"[0.4662932598140695, 0.7518589553527207]",1,1
849,[0.56069491 0.71697992],169,21,"[0.5826864743839234, 0.7620748793972767]",1,1
850,[0.66314236 0.23042008],170,30,"[0.6856528725066652, 0.26046770292259025]",1,1
851,[0.67443613 0.21442596],170,30,"[0.6856528725066652, 0.26046770292259025]",1,1
852,[0.73461437 0.27594957],170,30,"[0.6856528725066652, 0.26046770292259025]",1,1
853,[0.62598258 0.20216371],170,41,"[0.6171802934632951, 0.1961842217965248]",1,1
854,[0.68849022 0.25355984],170,30,"[0.6856528725066652, 0.26046770292259025]",1,1
855,[0.2244096  0.13886684],171,36,"[0.24293732494961306, 0.11696503771347228]",1,1
856,[0.06654708 0.08106838],171,67,"[0.0707327265589617, 0.09095295723118449]",0,1
857,[0.17022721 0.08756134],171,60,"[0.18024833677109894, 0.09631136909913281]",1,1
858,[0.17329767 0.20973155],171,27,"[0.12449695758062077, 0.1790552310605481]",1,1
859,[0.20595503 0.05173632],171,60,"[0.18024833677109894, 0.09631136909913281]",1,1
860,[0.35519367 0.67790125],172,10,"[0.31607147996572243, 0.6688751037774252]",1,1
861,[0.38085603 0.59717945],172,1,"[0.3571364183130468, 0.5752873259441595]",1,1
862,[0.38733665 0.71593327],172,26,"[0.3778276420933964, 0.7619534216636688]",1,1
863,[0.40649998 0.60803507],172,1,"[0.3571364183130468, 0.5752873259441595]",1,1
864,[0.42853579 0.71154924],172,2,"[0.433539783271698, 0.6697354130563493]",1,1
865,[0.31449631 1.        ],173,-1,-1,-1,1
866,[0.40304164 0.96201256],173,63,"[0.41424818793371243, 0.8948662738674542]",1,1
867,[0.35171005 0.92721417],173,22,"[0.3027541583938966, 0.9157081505523563]",1,1
868,[0.31357464 0.8467962 ],173,43,"[0.3317408392951525, 0.8327269319611241]",1,1
869,[0.3613777  0.94098179],173,22,"[0.3027541583938966, 0.9157081505523563]",-1,1
870,[0.24402035 0.28105199],174,65,"[0.2127979909083864, 0.2751289467765461]",1,1
871,[0.1931875  0.26544041],174,65,"[0.2127979909083864, 0.2751289467765461]",1,1
872,[0.2090695  0.23438215],174,65,"[0.2127979909083864, 0.2751289467765461]",1,1
873,[0.26755934 0.25819821],174,16,"[0.2462640397875871, 0.2050239869132316]",1,1
874,[0.19457939 0.23622764],174,65,"[0.2127979909083864, 0.2751289467765461]",1,1
875,[0.89036727 0.47889892],175,11,"[0.8939617180048197, 0.4552301353565045]",1,1
876,[0.82119958 0.48195877],175,61,"[0.76740378565481, 0.47619515322776457]",1,1
877,[0.87441719 0.4173645 ],175,11,"[0.8939617180048197, 0.4552301353565045]",1,1
878,[0.85331491 0.45762326],175,11,"[0.8939617180048197, 0.4552301353565045]",1,1
879,[0.80954858 0.41902576],175,28,"[0.832868773085926, 0.38262166336668685]",1,1
880,[0.68240072 0.17135297],176,47,"[0.7163533473789261, 0.17249894553683714]",1,1
881,[0.69978652 0.12128254],176,34,"[0.6951063962784877, 0.0935005695682774]",1,1
882,[0.67510523 0.07590518],176,34,"[0.6951063962784877, 0.0935005695682774]",1,1
883,[0.72802599 0.1498541 ],176,47,"[0.7163533473789261, 0.17249894553683714]",1,1
884,[0.64808474 0.16342118],176,41,"[0.6171802934632951, 0.1961842217965248]",1,1
885,[0.55422887 0.60731061],177,0,"[0.5586454245448852, 0.6510442001215339]",1,1
886,[0.64388999 0.6362441 ],177,7,"[0.6516127424561171, 0.617318959386924]",1,1
887,[0.5892734  0.60501236],177,0,"[0.5586454245448852, 0.6510442001215339]",1,1
888,[0.60645026 0.63600216],177,7,"[0.6516127424561171, 0.617318959386924]",1,1
889,[0.6017128  0.66934493],177,0,"[0.5586454245448852, 0.6510442001215339]",1,1
890,[0.7224711 0.908868 ],178,-1,-1,1,1
891,[0.62372575 0.86368364],178,19,"[0.6224889323295704, 0.9083586773895252]",1,1
892,[0.63847845 0.96260336],178,19,"[0.6224889323295704, 0.9083586773895252]",1,1
893,[0.60423395 0.91083644],178,19,"[0.6224889323295704, 0.9083586773895252]",1,1
894,[0.71332167 0.86677193],178,25,"[0.6817725853553669, 0.8216171135418816]",1,1
895,[0.55834837 0.69451701],179,0,"[0.5586454245448852, 0.6510442001215339]",1,1
896,[0.59564981 0.69728931],179,0,"[0.5586454245448852, 0.6510442001215339]",1,1
897,[0.60799022 0.73485039],179,21,"[0.5826864743839234, 0.7620748793972767]",1,1
898,[0.5818103  0.68363298],179,0,"[0.5586454245448852, 0.6510442001215339]",1,1
899,[0.57483548 0.72392941],179,21,"[0.5826864743839234, 0.7620748793972767]",1,1
900,[0.44719567 0.20026534],180,37,"[0.41416084784940427, 0.2230254690389878]",1,1
901,[0.43770436 0.23359133],180,37,"[0.41416084784940427, 0.2230254690389878]",1,1
902,[0.39750787 0.20134532],180,37,"[0.41416084784940427, 0.2230254690389878]",1,1
903,[0.43759763 0.23613602],180,37,"[0.41416084784940427, 0.2230254690389878]",1,1
904,[0.33687459 0.28368369],180,31,"[0.33284576235033553, 0.279343530392349]",1,1
905,[0.31169233 0.69728033],181,10,"[0.31607147996572243, 0.6688751037774252]",1,1
906,[0.28434395 0.62681262],181,10,"[0.31607147996572243, 0.6688751037774252]",1,1
907,[0.25944493 0.64160252],181,46,"[0.2334045141179309, 0.6089771602838161]",1,1
908,[0.35249124 0.74785376],181,26,"[0.3778276420933964, 0.7619534216636688]",1,1
909,[0.38784301 0.65312041],181,2,"[0.433539783271698, 0.6697354130563493]",1,1
910,[0.56355767 0.74957928],182,21,"[0.5826864743839234, 0.7620748793972767]",1,1
911,[0.56638647 0.69721602],182,0,"[0.5586454245448852, 0.6510442001215339]",1,1
912,[0.49200819 0.72782142],182,4,"[0.4662932598140695, 0.7518589553527207]",1,1
913,[0.5137305  0.73943045],182,4,"[0.4662932598140695, 0.7518589553527207]",1,1
914,[0.5825565  0.78873901],182,21,"[0.5826864743839234, 0.7620748793972767]",1,1
915,[0.46893346 0.10771297],183,-1,-1,-1,1
916,[0.45812243 0.        ],183,-1,-1,-1,-1
917,[0.42249806 0.02628488],183,-1,-1,-1,1
918,[0.37518847 0.05057904],183,-1,-1,-1,1
919,[0.40263483 0.07261978],183,-1,-1,-1,1
920,[0.42310713 0.33053752],184,32,"[0.4233067861098283, 0.32220192075078197]",1,1
921,[0.46785418 0.32575748],184,59,"[0.47772308988940615, 0.3549266148339042]",1,1
922,[0.46573688 0.32583325],184,59,"[0.47772308988940615, 0.3549266148339042]",1,1
923,[0.38445322 0.33205053],184,32,"[0.4233067861098283, 0.32220192075078197]",1,1
924,[0.43368875 0.30742251],184,32,"[0.4233067861098283, 0.32220192075078197]",1,1
925,[0.78573369 0.85023855],185,29,"[0.7623770623911256, 0.827114770436791]",1,1
926,[0.84901002 0.78469975],185,18,"[0.8643412486904984, 0.8033981672988175]",1,1
927,[0.77026599 0.7209742 ],185,5,"[0.7597224808999516, 0.7166251365023083]",1,1
928,[0.78156985 0.75157351],185,5,"[0.7597224808999516, 0.7166251365023083]",1,1
929,[0.77882165 0.74188617],185,5,"[0.7597224808999516, 0.7166251365023083]",1,1
930,[0.27115135 0.14313147],186,36,"[0.24293732494961306, 0.11696503771347228]",1,1
931,[0.22264636 0.19836488],186,16,"[0.2462640397875871, 0.2050239869132316]",1,1
932,[0.29488361 0.12290797],186,20,"[0.32351188498158984, 0.1277775041420614]",1,1
933,[0.24374212 0.17547808],186,16,"[0.2462640397875871, 0.2050239869132316]",1,1
934,[0.34071617 0.19808631],186,51,"[0.32749774302807244, 0.1871439073023858]",1,1
935,[0.42205408 0.13887684],187,-1,-1,-1,1
936,[0.48009114 0.19158413],187,48,"[0.5323983913697123, 0.23321806936548947]",-1,1
937,[0.54392774 0.09640833],187,40,"[0.561765769634626, 0.09932509785041764]",1,1
938,[0.5094615  0.11641022],187,40,"[0.561765769634626, 0.09932509785041764]",-1,1
939,[0.46369419 0.07528961],187,-1,-1,-1,-1
940,[0.86335523 0.43493233],188,11,"[0.8939617180048197, 0.4552301353565045]",1,1
941,[0.86000085 0.41375517],188,28,"[0.832868773085926, 0.38262166336668685]",1,1
942,[0.84856992 0.28911448],188,68,"[0.8887919163028586, 0.28690369326889414]",1,1
943,[0.85257068 0.35357241],188,28,"[0.832868773085926, 0.38262166336668685]",1,1
944,[0.85011325 0.45370998],188,11,"[0.8939617180048197, 0.4552301353565045]",1,1
945,[0.36806284 0.50662317],189,50,"[0.3473980127671632, 0.4897259598780131]",1,1
946,[0.2968836  0.44220508],189,49,"[0.29018950975588303, 0.4296426209175332]",1,1
947,[0.26885818 0.57248997],189,38,"[0.278681343078808, 0.5455741045426357]",1,1
948,[0.26657271 0.53441341],189,38,"[0.278681343078808, 0.5455741045426357]",1,1
949,[0.23904075 0.44495645],189,49,"[0.29018950975588303, 0.4296426209175332]",1,1
950,[0.34091936 0.15940615],190,51,"[0.32749774302807244, 0.1871439073023858]",1,1
951,[0.34555243 0.13239056],190,20,"[0.32351188498158984, 0.1277775041420614]",1,1
952,[0.33726998 0.1453392 ],190,20,"[0.32351188498158984, 0.1277775041420614]",1,1
953,[0.30840656 0.12130653],190,20,"[0.32351188498158984, 0.1277775041420614]",1,1
954,[0.24075409 0.10967788],190,36,"[0.24293732494961306, 0.11696503771347228]",1,1
955,[0.06369433 0.37151879],191,-1,-1,-1,1
956,[0.22279557 0.34127246],191,69,"[0.2744752348545616, 0.34661101741828465]",1,1
957,[0.16954953 0.37052824],191,56,"[0.1950043161438883, 0.39740133277286843]",1,1
958,[0.22401041 0.32429959],191,65,"[0.2127979909083864, 0.2751289467765461]",1,1
959,[0.09983662 0.40741836],191,-1,-1,-1,1
960,[0.86838816 0.26413955],192,68,"[0.8887919163028586, 0.28690369326889414]",1,1
961,[0.75397365 0.31203441],192,39,"[0.7667285221305274, 0.34804238980272934]",1,1
962,[0.83022493 0.34182387],192,28,"[0.832868773085926, 0.38262166336668685]",1,1
963,[0.85202013 0.40660898],192,28,"[0.832868773085926, 0.38262166336668685]",1,1
964,[0.75461107 0.36205435],192,39,"[0.7667285221305274, 0.34804238980272934]",1,1
965,[0.34752133 0.79926551],193,43,"[0.3317408392951525, 0.8327269319611241]",1,1
966,[0.35841285 0.78472088],193,26,"[0.3778276420933964, 0.7619534216636688]",1,1
967,[0.34815075 0.72363063],193,26,"[0.3778276420933964, 0.7619534216636688]",1,1
968,[0.38704527 0.76532153],193,26,"[0.3778276420933964, 0.7619534216636688]",1,1
969,[0.39503306 0.75072166],193,26,"[0.3778276420933964, 0.7619534216636688]",1,1
970,[0.63104223 0.18860079],194,41,"[0.6171802934632951, 0.1961842217965248]",1,1
971,[0.53058316 0.25962966],194,48,"[0.5323983913697123, 0.23321806936548947]",1,1
972,[0.59732073 0.26217265],194,35,"[0.5985809266098626, 0.2826198875971559]",1,1
973,[0.55576376 0.26507323],194,48,"[0.5323983913697123, 0.23321806936548947]",1,1
974,[0.5866871  0.21563107],194,41,"[0.6171802934632951, 0.1961842217965248]",1,1
975,[0.68199084 0.65275956],195,9,"[0.685253168800335, 0.6851678365999567]",1,1
976,[0.76101789 0.66811249],195,5,"[0.7597224808999516, 0.7166251365023083]",1,1
977,[0.69444049 0.61434221],195,7,"[0.6516127424561171, 0.617318959386924]",1,1
978,[0.67122023 0.63484905],195,7,"[0.6516127424561171, 0.617318959386924]",1,1
979,[0.64558004 0.56595041],195,7,"[0.6516127424561171, 0.617318959386924]",1,1
980,[0.06792236 0.22208903],196,44,"[0.06715381289123815, 0.219420321706803]",1,1
981,[0.09719734 0.26949087],196,44,"[0.06715381289123815, 0.219420321706803]",-1,1
982,[0.04595084 0.34199716],196,-1,-1,-1,-1
983,[0.09399446 0.23896965],196,44,"[0.06715381289123815, 0.219420321706803]",1,1
984,[0.16889737 0.36866572],196,56,"[0.1950043161438883, 0.39740133277286843]",1,1
985,[0.42683892 0.40170505],197,8,"[0.4114262099197284, 0.41399738795628693]",1,1
986,[0.38591568 0.3952049 ],197,8,"[0.4114262099197284, 0.41399738795628693]",1,1
987,[0.42126344 0.40011081],197,8,"[0.4114262099197284, 0.41399738795628693]",1,1
988,[0.40954445 0.44560378],197,8,"[0.4114262099197284, 0.41399738795628693]",1,1
989,[0.39090197 0.52143785],197,50,"[0.3473980127671632, 0.4897259598780131]",1,1
990,[0.51043514 0.47485942],198,13,"[0.4691673655106728, 0.5097013990189267]",1,1
991,[0.39610973 0.45411128],198,8,"[0.4114262099197284, 0.41399738795628693]",1,1
992,[0.42949102 0.4861071 ],198,13,"[0.4691673655106728, 0.5097013990189267]",1,1
993,[0.40647169 0.39716286],198,8,"[0.4114262099197284, 0.41399738795628693]",1,1
994,[0.46361289 0.42649628],198,8,"[0.4114262099197284, 0.41399738795628693]",1,1
995,[0.69292245 0.65892503],199,9,"[0.685253168800335, 0.6851678365999567]",1,1
996,[0.74605035 0.70745767],199,5,"[0.7597224808999516, 0.7166251365023083]",1,1
997,[0.7399372  0.70174709],199,5,"[0.7597224808999516, 0.7166251365023083]",1,1
998,[0.6687468  0.68599627],199,9,"[0.685253168800335, 0.6851678365999567]",1,1
999,[0.82577472 0.66106939],199,57,"[0.8441414857263679, 0.6801782422101643]",1,1
