,datum,blob,snowball_label,snowball_center,hdbscan_eom_label,hdbscan_leaf_label
0,[0.54761445 0.42775902],7,1,"[0.5972861722618551, 0.43394463152543783]",3,-1
1,[0.07883894 0.82352046],0,-1,-1,0,0
2,[0.56946613 0.33904672],1,0,"[0.5579813778956765, 0.32311128693169255]",3,-1
3,[0.57254234 0.47536691],1,1,"[0.5972861722618551, 0.43394463152543783]",3,-1
4,[0.63129396 0.3527038 ],7,2,"[0.6745124035403591, 0.31763005044143056]",3,-1
5,[0.28642397 0.01649042],5,-1,-1,1,-1
6,[0.52131894 0.25352824],4,-1,-1,3,-1
7,[0.25012432 0.1923581 ],5,-1,-1,1,-1
8,[0.55828917 0.40652137],7,1,"[0.5972861722618551, 0.43394463152543783]",3,-1
9,[0.16822258 0.28482782],6,8,"[0.15595729033470526, 0.3506200657436989]",1,-1
10,[0.64472778 0.42258268],1,1,"[0.5972861722618551, 0.43394463152543783]",3,6
11,[0.57780405 0.40471984],7,1,"[0.5972861722618551, 0.43394463152543783]",3,-1
12,[0.30789574 0.11507574],5,4,"[0.29401658671508785, 0.10787113139518821]",1,2
13,[0.3159696  0.35411556],9,-1,-1,1,-1
14,[0.22985915 0.10131669],5,4,"[0.29401658671508785, 0.10787113139518821]",1,-1
15,[0.24771095 0.03567933],5,-1,-1,1,-1
16,[0.20725399 0.80969327],0,3,"[0.24392838828709834, 0.7934660258070331]",0,0
17,[0.64883606 0.28928826],1,2,"[0.6745124035403591, 0.31763005044143056]",3,5
18,[0.60395928 0.36464824],4,0,"[0.5579813778956765, 0.32311128693169255]",3,7
19,[0.61062631 0.38089793],3,1,"[0.5972861722618551, 0.43394463152543783]",3,7
20,[0.55390429 0.43628338],4,1,"[0.5972861722618551, 0.43394463152543783]",3,-1
21,[0.55988088 0.38908529],7,1,"[0.5972861722618551, 0.43394463152543783]",3,8
22,[0.57090659 0.34567484],1,0,"[0.5579813778956765, 0.32311128693169255]",3,-1
23,[0.71853245 0.27358173],4,2,"[0.6745124035403591, 0.31763005044143056]",3,-1
24,[0.5222433  0.43518478],3,-1,-1,3,-1
25,[0.24974217 0.1021875 ],5,4,"[0.29401658671508785, 0.10787113139518821]",1,-1
26,[0.70026123 0.31273051],7,2,"[0.6745124035403591, 0.31763005044143056]",3,-1
27,[0.17354642 0.85993947],8,5,"[0.16032527620870643, 0.8649392900293589]",0,0
28,[0.59427078 0.36847839],3,0,"[0.5579813778956765, 0.32311128693169255]",3,-1
29,[0.23520329 0.75334959],8,3,"[0.24392838828709834, 0.7934660258070331]",0,0
30,[0.33432069 0.82188554],8,-1,-1,0,0
31,[0.13991706 0.32797573],6,8,"[0.15595729033470526, 0.3506200657436989]",1,-1
32,[0.65170258 0.43640058],3,1,"[0.5972861722618551, 0.43394463152543783]",3,6
33,[0.49289534 0.81087422],2,-1,-1,-1,-1
34,[0.63813374 0.80825926],2,-1,-1,2,-1
35,[0.34459738 0.15054166],5,4,"[0.29401658671508785, 0.10787113139518821]",1,-1
36,[0.79151859 0.33673202],4,-1,-1,-1,-1
37,[0.659546   0.27195138],4,2,"[0.6745124035403591, 0.31763005044143056]",3,5
38,[0.5723881  0.29996075],4,0,"[0.5579813778956765, 0.32311128693169255]",3,-1
39,[0.62463466 0.32077883],4,2,"[0.6745124035403591, 0.31763005044143056]",3,-1
40,[0.51883177 0.55288   ],3,-1,-1,-1,-1
41,[0.25118211 0.35061421],9,9,"[0.25073237021157363, 0.31714589004120497]",1,3
42,[0.16885694 0.34906683],6,8,"[0.15595729033470526, 0.3506200657436989]",1,-1
43,[0.54296784 0.32262316],4,0,"[0.5579813778956765, 0.32311128693169255]",3,-1
44,[0.26628969 0.83278718],8,3,"[0.24392838828709834, 0.7934660258070331]",0,0
45,[0.27536581 0.28745794],9,9,"[0.25073237021157363, 0.31714589004120497]",1,-1
46,[0.56242831 0.21135617],7,-1,-1,3,-1
47,[0.19775586 0.90174632],8,5,"[0.16032527620870643, 0.8649392900293589]",0,0
48,[0.24776898 0.96402115],0,-1,-1,0,0
49,[0.59658743 0.33284927],7,0,"[0.5579813778956765, 0.32311128693169255]",3,-1
50,[0.61811896 0.44125625],1,1,"[0.5972861722618551, 0.43394463152543783]",3,-1
51,[0.20765563 0.25492542],5,-1,-1,1,-1
52,[0.63024255 0.16903095],4,-1,-1,3,-1
53,[0.52791719 0.37136668],3,0,"[0.5579813778956765, 0.32311128693169255]",3,-1
54,[0.67317927 0.42794064],1,-1,-1,3,-1
55,[0.5566272  0.82190677],2,-1,-1,-1,-1
56,[0.73784872 0.32060367],1,2,"[0.6745124035403591, 0.31763005044143056]",3,-1
57,[0.35259704 0.33446509],9,6,"[0.33655112870222287, 0.28030952334356435]",1,-1
58,[0.24267981 0.16156614],5,-1,-1,1,-1
59,[0.18164922 0.06556447],5,-1,-1,1,-1
60,[0.49609672 0.38671826],3,-1,-1,3,-1
61,[0.1580361 0.9058537],0,5,"[0.16032527620870643, 0.8649392900293589]",0,0
62,[0.50697013 0.37685781],7,-1,-1,3,-1
63,[0.63295036 0.48164597],1,1,"[0.5972861722618551, 0.43394463152543783]",3,-1
64,[0.16023601 0.85472001],0,5,"[0.16032527620870643, 0.8649392900293589]",0,0
65,[0.7153109  0.42282731],1,-1,-1,3,-1
66,[0.26611704 0.84142532],8,3,"[0.24392838828709834, 0.7934660258070331]",0,0
67,[0.30174422 0.08350875],5,4,"[0.29401658671508785, 0.10787113139518821]",1,2
68,[0.09223372 0.76885092],0,-1,-1,0,0
69,[0.53337895 0.24801607],7,-1,-1,3,-1
70,[0.35217245 0.34879803],9,-1,-1,1,-1
71,[0.12724921 0.86471534],0,5,"[0.16032527620870643, 0.8649392900293589]",0,0
72,[0.19787022 0.82726986],0,5,"[0.16032527620870643, 0.8649392900293589]",0,0
73,[0.25837067 0.6885404 ],0,-1,-1,0,0
74,[0.55181105 0.27521658],7,0,"[0.5579813778956765, 0.32311128693169255]",3,-1
75,[0.51090101 0.40018908],3,-1,-1,3,-1
76,[0.58734334 0.34098995],7,0,"[0.5579813778956765, 0.32311128693169255]",3,-1
77,[0.23379269 0.78702056],0,3,"[0.24392838828709834, 0.7934660258070331]",0,0
78,[0.23989803 0.83211444],0,3,"[0.24392838828709834, 0.7934660258070331]",0,0
79,[0.24725834 0.29873851],6,9,"[0.25073237021157363, 0.31714589004120497]",1,-1
80,[0.69688503 0.36241472],1,2,"[0.6745124035403591, 0.31763005044143056]",3,-1
81,[0.21510305 0.83695037],8,3,"[0.24392838828709834, 0.7934660258070331]",0,0
82,[0.58681614 0.40099503],4,1,"[0.5972861722618551, 0.43394463152543783]",3,-1
83,[0.62714799 0.21475047],4,-1,-1,3,-1
84,[0.32663743 0.10185702],5,4,"[0.29401658671508785, 0.10787113139518821]",1,2
85,[0.20440023 0.72324806],8,-1,-1,0,0
86,[0.49805151 0.435135  ],7,-1,-1,3,-1
87,[0.52532915 0.2644707 ],7,0,"[0.5579813778956765, 0.32311128693169255]",3,-1
88,[0.53385156 0.36366321],7,0,"[0.5579813778956765, 0.32311128693169255]",3,-1
89,[0.22438804 0.26133219],6,9,"[0.25073237021157363, 0.31714589004120497]",1,-1
90,[0.58285734 0.18377822],4,-1,-1,3,-1
91,[0.26970255 0.31542064],9,9,"[0.25073237021157363, 0.31714589004120497]",1,-1
92,[0.28437743 0.78746356],8,3,"[0.24392838828709834, 0.7934660258070331]",0,0
93,[0.51876237 0.36001947],3,0,"[0.5579813778956765, 0.32311128693169255]",3,-1
94,[0.46777264 0.34927327],7,-1,-1,3,-1
95,[0.3403829  0.31115202],9,6,"[0.33655112870222287, 0.28030952334356435]",1,4
96,[0.56553315 0.29345505],4,0,"[0.5579813778956765, 0.32311128693169255]",3,-1
97,[0.57341549 0.33521608],1,0,"[0.5579813778956765, 0.32311128693169255]",3,-1
98,[0.61812215 0.79275593],2,-1,-1,2,1
99,[0.58515635 0.41840761],7,1,"[0.5972861722618551, 0.43394463152543783]",3,9
100,[0.64142937 0.34968793],7,2,"[0.6745124035403591, 0.31763005044143056]",3,7
101,[0.47094976 0.21648989],7,-1,-1,-1,-1
102,[0.58355856 0.27783863],7,0,"[0.5579813778956765, 0.32311128693169255]",3,-1
103,[0.64537662 0.37166364],1,2,"[0.6745124035403591, 0.31763005044143056]",3,-1
104,[0.26294158 0.78731256],8,3,"[0.24392838828709834, 0.7934660258070331]",0,0
105,[0.67024411 0.40040154],1,-1,-1,3,-1
106,[0.60386859 0.39671853],3,1,"[0.5972861722618551, 0.43394463152543783]",3,-1
107,[0.32370134 0.30638696],9,6,"[0.33655112870222287, 0.28030952334356435]",1,4
108,[0.3657279  0.33647298],9,6,"[0.33655112870222287, 0.28030952334356435]",1,4
109,[0.66455515 0.69846374],2,7,"[0.6389548018411487, 0.6989739331820412]",2,1
110,[0.61816963 0.38684849],4,1,"[0.5972861722618551, 0.43394463152543783]",3,-1
111,[0.5671292  0.31475699],4,0,"[0.5579813778956765, 0.32311128693169255]",3,-1
112,[0.5612107  0.26613434],7,0,"[0.5579813778956765, 0.32311128693169255]",3,-1
113,[0.62547909 0.37140499],1,1,"[0.5972861722618551, 0.43394463152543783]",3,7
114,[0.53261058 0.43825809],3,1,"[0.5972861722618551, 0.43394463152543783]",3,-1
115,[0.59458247 0.28309969],7,0,"[0.5579813778956765, 0.32311128693169255]",3,-1
116,[0.57568417 0.37876064],1,0,"[0.5579813778956765, 0.32311128693169255]",3,-1
117,[0.55655958 0.32811039],7,0,"[0.5579813778956765, 0.32311128693169255]",3,-1
118,[0.23970352 0.72126679],8,-1,-1,0,0
119,[0.57016863 0.64456976],2,-1,-1,2,1
120,[0.70790125 0.37890484],1,2,"[0.6745124035403591, 0.31763005044143056]",3,-1
121,[0.29527424 0.35068501],9,9,"[0.25073237021157363, 0.31714589004120497]",1,-1
122,[0.55364072 0.40617287],3,1,"[0.5972861722618551, 0.43394463152543783]",3,-1
123,[0.64329505 0.49903164],3,-1,-1,3,-1
124,[0.65365524 0.29290247],4,2,"[0.6745124035403591, 0.31763005044143056]",3,5
125,[0.66892744 0.32054224],7,2,"[0.6745124035403591, 0.31763005044143056]",3,-1
126,[0.35168754 0.05059783],5,-1,-1,1,-1
127,[0.29336204 0.41172943],9,-1,-1,1,-1
128,[0.61239247 0.170823  ],4,-1,-1,3,-1
129,[0.55938961 0.41928692],3,1,"[0.5972861722618551, 0.43394463152543783]",3,-1
130,[0.67325402 0.64739086],2,7,"[0.6389548018411487, 0.6989739331820412]",2,1
131,[0.61321222 0.409334  ],1,1,"[0.5972861722618551, 0.43394463152543783]",3,-1
132,[0.73622409 0.37023581],4,-1,-1,3,-1
133,[0.28928067 0.14183421],5,4,"[0.29401658671508785, 0.10787113139518821]",1,2
134,[0.55853126 0.27260163],1,0,"[0.5579813778956765, 0.32311128693169255]",3,-1
135,[0.62628354 0.38277605],7,1,"[0.5972861722618551, 0.43394463152543783]",3,7
136,[0.64107617 0.6721308 ],2,7,"[0.6389548018411487, 0.6989739331820412]",2,1
137,[0.25250538 0.29878972],6,9,"[0.25073237021157363, 0.31714589004120497]",1,3
138,[0.58678288 0.26477565],4,0,"[0.5579813778956765, 0.32311128693169255]",3,-1
139,[0.66645857 0.24646046],4,-1,-1,3,-1
140,[0.15385824 0.75372693],8,-1,-1,0,0
141,[0.11878834 0.26573722],6,-1,-1,1,-1
142,[0.24336312 0.03045521],5,-1,-1,1,-1
143,[0.56217973 0.32236189],7,0,"[0.5579813778956765, 0.32311128693169255]",3,-1
144,[0.5436064  0.40315085],7,1,"[0.5972861722618551, 0.43394463152543783]",3,-1
145,[0.25542081 0.78184356],8,3,"[0.24392838828709834, 0.7934660258070331]",0,0
146,[0.60122732 0.64019836],2,7,"[0.6389548018411487, 0.6989739331820412]",2,1
147,[0.5497807  0.26621878],4,0,"[0.5579813778956765, 0.32311128693169255]",3,-1
148,[0.67709069 0.26453054],1,2,"[0.6745124035403591, 0.31763005044143056]",3,-1
149,[0.69522725 0.37319881],1,2,"[0.6745124035403591, 0.31763005044143056]",3,-1
150,[0.21478009 0.36032875],6,9,"[0.25073237021157363, 0.31714589004120497]",1,-1
151,[0.30926099 0.78973254],8,3,"[0.24392838828709834, 0.7934660258070331]",0,0
152,[0.35682952 0.31813051],9,6,"[0.33655112870222287, 0.28030952334356435]",1,4
153,[0.22280216 0.88167009],8,5,"[0.16032527620870643, 0.8649392900293589]",0,0
154,[0.25211494 0.78367822],8,3,"[0.24392838828709834, 0.7934660258070331]",0,0
155,[0.12406556 0.90967162],0,5,"[0.16032527620870643, 0.8649392900293589]",0,0
156,[0.37421199 0.26304961],9,6,"[0.33655112870222287, 0.28030952334356435]",1,-1
157,[0.31084565 0.74727711],8,-1,-1,0,0
158,[0.24933027 0.35604549],6,9,"[0.25073237021157363, 0.31714589004120497]",1,3
159,[0.51303629 0.43523439],3,-1,-1,3,-1
160,[0.6074175  0.43122664],7,1,"[0.5972861722618551, 0.43394463152543783]",3,-1
161,[0.63206704 0.29878268],4,2,"[0.6745124035403591, 0.31763005044143056]",3,-1
162,[0.33698674 0.12482114],5,4,"[0.29401658671508785, 0.10787113139518821]",1,2
163,[0.5289677  0.41321664],3,-1,-1,3,-1
164,[0.32148418 0.09071404],5,4,"[0.29401658671508785, 0.10787113139518821]",1,2
165,[0.59135956 0.2837201 ],7,0,"[0.5579813778956765, 0.32311128693169255]",3,-1
166,[0.22612567 0.47150671],6,-1,-1,-1,-1
167,[0.14520189 0.77330811],8,-1,-1,0,0
168,[0.69545486 0.38879107],1,-1,-1,3,-1
169,[0.65093504 0.4730709 ],3,1,"[0.5972861722618551, 0.43394463152543783]",3,-1
170,[0.32328493 0.35031397],9,-1,-1,1,-1
171,[0.6499625  0.44110257],3,1,"[0.5972861722618551, 0.43394463152543783]",3,6
172,[0.16388786 0.95715811],0,-1,-1,0,0
173,[0.19812824 0.3134353 ],6,9,"[0.25073237021157363, 0.31714589004120497]",1,3
174,[0.65582672 0.68174674],2,7,"[0.6389548018411487, 0.6989739331820412]",2,1
175,[0.23981567 0.28828936],6,9,"[0.25073237021157363, 0.31714589004120497]",1,3
176,[0.22291651 0.36126432],6,9,"[0.25073237021157363, 0.31714589004120497]",1,3
177,[0.69667152 0.41665073],1,-1,-1,3,-1
178,[0.59353387 0.83506224],2,-1,-1,2,-1
179,[0.24439803 0.74124782],8,3,"[0.24392838828709834, 0.7934660258070331]",0,0
180,[0.63812372 0.37103941],3,2,"[0.6745124035403591, 0.31763005044143056]",3,7
181,[0.31064287 0.29292187],9,6,"[0.33655112870222287, 0.28030952334356435]",1,4
182,[0.55955994 0.40880207],7,1,"[0.5972861722618551, 0.43394463152543783]",3,-1
183,[0.37048863 0.19763491],5,-1,-1,1,-1
184,[0.51504367 0.33806197],7,0,"[0.5579813778956765, 0.32311128693169255]",3,-1
185,[0.06552194 0.2965673 ],6,-1,-1,1,-1
186,[0.25746449 0.11395611],5,4,"[0.29401658671508785, 0.10787113139518821]",1,2
187,[0.35412959 0.13257002],5,4,"[0.29401658671508785, 0.10787113139518821]",1,2
188,[0.15997669 0.34748063],6,8,"[0.15595729033470526, 0.3506200657436989]",1,-1
189,[0.30351768 0.05600042],5,4,"[0.29401658671508785, 0.10787113139518821]",1,-1
190,[0.59300449 0.2774976 ],7,0,"[0.5579813778956765, 0.32311128693169255]",3,-1
191,[0.20024002 0.8633915 ],0,5,"[0.16032527620870643, 0.8649392900293589]",0,0
192,[0.66256776 0.69946897],2,7,"[0.6389548018411487, 0.6989739331820412]",2,1
193,[0.12281135 0.8362167 ],0,5,"[0.16032527620870643, 0.8649392900293589]",0,0
194,[0.59023806 0.25625686],4,-1,-1,3,-1
195,[0.59688654 0.40469322],1,1,"[0.5972861722618551, 0.43394463152543783]",3,-1
196,[0.57606594 0.74252531],2,-1,-1,2,1
197,[0.3012569 0.7844696],8,3,"[0.24392838828709834, 0.7934660258070331]",0,0
198,[0.66543181 0.3501426 ],1,2,"[0.6745124035403591, 0.31763005044143056]",3,-1
199,[0.56362247 0.37576303],7,0,"[0.5579813778956765, 0.32311128693169255]",3,8
200,[0.18492402 0.78025556],8,3,"[0.24392838828709834, 0.7934660258070331]",0,0
201,[0.65902705 0.29517509],4,2,"[0.6745124035403591, 0.31763005044143056]",3,5
202,[0.31573797 0.77094811],8,-1,-1,0,0
203,[0.57832754 0.30397099],4,0,"[0.5579813778956765, 0.32311128693169255]",3,-1
204,[0.22039779 0.70102758],8,-1,-1,0,0
205,[0.67913916 0.40367994],7,-1,-1,3,-1
206,[0.16076361 0.772772  ],0,-1,-1,0,0
207,[0.61889984 0.29477452],4,2,"[0.6745124035403591, 0.31763005044143056]",3,-1
208,[0.579868   0.39080305],3,1,"[0.5972861722618551, 0.43394463152543783]",3,8
209,[0.36415668 0.08769269],5,-1,-1,1,-1
210,[0.35909964 0.3191906 ],9,6,"[0.33655112870222287, 0.28030952334356435]",1,4
211,[0.25768577 0.36883004],9,9,"[0.25073237021157363, 0.31714589004120497]",1,3
212,[0.14292123 0.33562443],6,8,"[0.15595729033470526, 0.3506200657436989]",1,-1
213,[0.67068157 0.27221015],4,2,"[0.6745124035403591, 0.31763005044143056]",3,5
214,[0.45369563 0.03348468],5,-1,-1,-1,-1
215,[0.28328894 0.35638525],9,9,"[0.25073237021157363, 0.31714589004120497]",1,-1
216,[0.60422934 0.62818398],2,-1,-1,2,1
217,[0.52655146 0.7210439 ],2,-1,-1,2,-1
218,[0.308082   0.11681335],5,4,"[0.29401658671508785, 0.10787113139518821]",1,2
219,[0.18867574 0.65559601],8,-1,-1,0,0
220,[0.35227374 0.07734645],5,4,"[0.29401658671508785, 0.10787113139518821]",1,2
221,[0.21809229 0.43401413],6,-1,-1,1,-1
222,[0.26033045 0.83884403],8,3,"[0.24392838828709834, 0.7934660258070331]",0,0
223,[0.35795016 0.34400411],9,6,"[0.33655112870222287, 0.28030952334356435]",1,-1
224,[0.62780538 0.31776277],4,2,"[0.6745124035403591, 0.31763005044143056]",3,-1
225,[0.31290507 0.87629446],8,-1,-1,0,0
226,[0.61580771 0.40032371],1,1,"[0.5972861722618551, 0.43394463152543783]",3,-1
227,[0.71086941 0.37250103],1,2,"[0.6745124035403591, 0.31763005044143056]",3,-1
228,[0.55221389 0.4413223 ],3,1,"[0.5972861722618551, 0.43394463152543783]",3,-1
229,[0.39842354 0.18897568],5,-1,-1,1,-1
230,[0.56082466 0.32799913],4,0,"[0.5579813778956765, 0.32311128693169255]",3,-1
231,[0.70676232 0.29352218],4,2,"[0.6745124035403591, 0.31763005044143056]",3,-1
232,[0.5806541  0.42318861],1,1,"[0.5972861722618551, 0.43394463152543783]",3,9
233,[0.31465391 0.34969003],9,-1,-1,1,-1
234,[0.61182586 0.3570749 ],1,0,"[0.5579813778956765, 0.32311128693169255]",3,7
235,[0.64716439 0.39861801],1,1,"[0.5972861722618551, 0.43394463152543783]",3,-1
236,[0.67881845 0.36324597],1,2,"[0.6745124035403591, 0.31763005044143056]",3,-1
237,[0.37392395 0.35458973],9,-1,-1,1,-1
238,[0.61385504 0.7376476 ],2,7,"[0.6389548018411487, 0.6989739331820412]",2,1
239,[0.3074614  0.11728666],5,4,"[0.29401658671508785, 0.10787113139518821]",1,2
240,[0.62107277 0.33787889],4,2,"[0.6745124035403591, 0.31763005044143056]",3,-1
241,[0.53802951 0.43368205],3,1,"[0.5972861722618551, 0.43394463152543783]",3,-1
242,[0.51155979 0.34981424],3,0,"[0.5579813778956765, 0.32311128693169255]",3,-1
243,[0.58514905 0.43492297],1,1,"[0.5972861722618551, 0.43394463152543783]",3,9
244,[0.21168926 0.81305521],8,3,"[0.24392838828709834, 0.7934660258070331]",0,0
245,[0.66106546 0.35848403],1,2,"[0.6745124035403591, 0.31763005044143056]",3,7
246,[0.24326976 0.23293466],9,-1,-1,1,-1
247,[0.662834   0.70116401],2,7,"[0.6389548018411487, 0.6989739331820412]",2,1
248,[0.34284897 0.28088432],9,6,"[0.33655112870222287, 0.28030952334356435]",1,-1
249,[0.55848275 0.33388656],4,0,"[0.5579813778956765, 0.32311128693169255]",3,-1
250,[0.67266776 0.44082584],3,-1,-1,3,-1
251,[0.57184856 0.40172762],7,1,"[0.5972861722618551, 0.43394463152543783]",3,8
252,[0.2238308  0.11563897],5,-1,-1,1,-1
253,[0.65640021 0.40476696],3,1,"[0.5972861722618551, 0.43394463152543783]",3,-1
254,[0.30956759 0.75635595],8,-1,-1,0,0
255,[0.58506625 0.54124038],3,-1,-1,3,-1
256,[0.64244015 0.43372386],3,1,"[0.5972861722618551, 0.43394463152543783]",3,6
257,[0.6725748  0.42403498],1,-1,-1,3,-1
258,[0.61207527 0.33538036],7,0,"[0.5579813778956765, 0.32311128693169255]",3,7
259,[0.10693684 0.87544836],0,5,"[0.16032527620870643, 0.8649392900293589]",0,0
260,[0.59516261 0.3367502 ],4,0,"[0.5579813778956765, 0.32311128693169255]",3,-1
261,[0.24633366 0.00773584],5,-1,-1,1,-1
262,[0.33663888 0.21161455],9,6,"[0.33655112870222287, 0.28030952334356435]",1,-1
263,[0.61837698 0.32848271],1,2,"[0.6745124035403591, 0.31763005044143056]",3,-1
264,[0.49386979 0.39282013],3,-1,-1,3,-1
265,[0.1623819  0.38952337],6,8,"[0.15595729033470526, 0.3506200657436989]",1,-1
266,[0.68562154 0.32595411],4,2,"[0.6745124035403591, 0.31763005044143056]",3,-1
267,[0.72540831 0.35178006],1,2,"[0.6745124035403591, 0.31763005044143056]",3,-1
268,[0.49712012 0.37666403],3,-1,-1,3,-1
269,[0.21244335 0.82015264],0,3,"[0.24392838828709834, 0.7934660258070331]",0,0
270,[0.61109752 0.78482169],2,-1,-1,2,1
271,[0.29414988 0.30900752],9,9,"[0.25073237021157363, 0.31714589004120497]",1,-1
272,[0.27191315 0.72707025],8,-1,-1,0,0
273,[0.24607912 0.79443018],8,3,"[0.24392838828709834, 0.7934660258070331]",0,0
274,[0.22056216 0.27155998],6,9,"[0.25073237021157363, 0.31714589004120497]",1,-1
275,[0.54146281 0.37557617],7,0,"[0.5579813778956765, 0.32311128693169255]",3,-1
276,[0.58638967 0.65530471],2,7,"[0.6389548018411487, 0.6989739331820412]",2,1
277,[0.58830661 0.3023513 ],7,0,"[0.5579813778956765, 0.32311128693169255]",3,-1
278,[0.69424468 0.70081191],2,7,"[0.6389548018411487, 0.6989739331820412]",2,1
279,[0.24468516 0.29187422],9,9,"[0.25073237021157363, 0.31714589004120497]",1,-1
280,[0.69465444 0.75518956],2,-1,-1,2,1
281,[0.58943683 0.74730562],2,7,"[0.6389548018411487, 0.6989739331820412]",2,1
282,[0.71227755 0.31292825],1,2,"[0.6745124035403591, 0.31763005044143056]",3,-1
283,[0.69285944 0.26676805],4,2,"[0.6745124035403591, 0.31763005044143056]",3,-1
284,[0.66854199 0.4422642 ],1,-1,-1,3,6
285,[0.21825557 0.9682754 ],0,-1,-1,0,0
286,[0.31472817 0.74996844],8,-1,-1,0,0
287,[0.32612849 0.33744754],9,6,"[0.33655112870222287, 0.28030952334356435]",1,-1
288,[0.27774223 0.07355525],5,4,"[0.29401658671508785, 0.10787113139518821]",1,-1
289,[0.65826037 0.34695999],7,2,"[0.6745124035403591, 0.31763005044143056]",3,7
290,[0.21063061 0.32526774],6,9,"[0.25073237021157363, 0.31714589004120497]",1,3
291,[0.73432785 0.65557225],2,-1,-1,2,1
292,[0.23273793 0.28764042],9,9,"[0.25073237021157363, 0.31714589004120497]",1,3
293,[0.21538498 0.30186046],6,9,"[0.25073237021157363, 0.31714589004120497]",1,3
294,[0.32490247 0.16318328],5,4,"[0.29401658671508785, 0.10787113139518821]",1,-1
295,[0.28817775 0.3432504 ],6,9,"[0.25073237021157363, 0.31714589004120497]",1,-1
296,[0.33357232 0.06325641],5,4,"[0.29401658671508785, 0.10787113139518821]",1,2
297,[0.30414244 0.27415039],9,6,"[0.33655112870222287, 0.28030952334356435]",1,-1
298,[0.5121971  0.35527263],1,0,"[0.5579813778956765, 0.32311128693169255]",3,-1
299,[0.19680031 0.39880315],6,8,"[0.15595729033470526, 0.3506200657436989]",1,-1
300,[0.20991096 0.20233351],6,-1,-1,1,-1
301,[0.28679482 0.34309225],9,9,"[0.25073237021157363, 0.31714589004120497]",1,4
302,[0.20989099 0.39947239],6,-1,-1,1,-1
303,[0.60507225 0.40795282],7,1,"[0.5972861722618551, 0.43394463152543783]",3,-1
304,[0.26521446 0.84686974],0,3,"[0.24392838828709834, 0.7934660258070331]",0,0
305,[0.3097949  0.88428235],0,-1,-1,0,0
306,[0.68774   0.4297464],1,-1,-1,3,-1
307,[0.27213719 0.82041008],8,3,"[0.24392838828709834, 0.7934660258070331]",0,0
308,[0.26481935 0.72971529],8,3,"[0.24392838828709834, 0.7934660258070331]",0,0
309,[0.28319547 0.13873792],5,4,"[0.29401658671508785, 0.10787113139518821]",1,2
310,[0.51304041 0.38168688],3,-1,-1,3,-1
311,[0.38586874 0.33419436],9,-1,-1,1,-1
312,[0.24791454 0.28057292],9,9,"[0.25073237021157363, 0.31714589004120497]",1,3
313,[0.17937033 0.41011569],6,8,"[0.15595729033470526, 0.3506200657436989]",1,-1
314,[0.59713139 0.42504157],3,1,"[0.5972861722618551, 0.43394463152543783]",3,9
315,[0.26799686 0.15381613],5,4,"[0.29401658671508785, 0.10787113139518821]",1,2
316,[0.66099631 0.64536787],2,7,"[0.6389548018411487, 0.6989739331820412]",2,1
317,[0.60668703 0.30294837],4,0,"[0.5579813778956765, 0.32311128693169255]",3,-1
318,[0.68924256 0.33787932],7,2,"[0.6745124035403591, 0.31763005044143056]",3,-1
319,[0.36309925 0.30887536],9,6,"[0.33655112870222287, 0.28030952334356435]",1,-1
320,[0.60538256 0.27205986],4,0,"[0.5579813778956765, 0.32311128693169255]",3,-1
321,[0.24188531 0.75214361],8,3,"[0.24392838828709834, 0.7934660258070331]",0,0
322,[0.20246137 0.30152056],9,9,"[0.25073237021157363, 0.31714589004120497]",1,3
323,[0.22524691 0.76304892],8,3,"[0.24392838828709834, 0.7934660258070331]",0,0
324,[0.55116726 0.32062902],7,0,"[0.5579813778956765, 0.32311128693169255]",3,-1
325,[0.54465036 0.47137676],3,1,"[0.5972861722618551, 0.43394463152543783]",3,-1
326,[0.56374724 0.38446927],7,1,"[0.5972861722618551, 0.43394463152543783]",3,8
327,[0.18563793 0.82330729],0,5,"[0.16032527620870643, 0.8649392900293589]",0,0
328,[0.13312078 0.83499406],0,5,"[0.16032527620870643, 0.8649392900293589]",0,0
329,[0.17475052 0.37393264],6,8,"[0.15595729033470526, 0.3506200657436989]",1,-1
330,[0.73261755 0.71371105],2,-1,-1,2,1
331,[0.33973478 0.2908634 ],9,6,"[0.33655112870222287, 0.28030952334356435]",1,4
332,[0.55432069 0.45582375],7,1,"[0.5972861722618551, 0.43394463152543783]",3,-1
333,[0.22287954 0.78561498],8,3,"[0.24392838828709834, 0.7934660258070331]",0,0
334,[0.58157436 0.31394597],7,0,"[0.5579813778956765, 0.32311128693169255]",3,-1
335,[0.73883856 0.72429755],2,-1,-1,2,1
336,[0.17725243 0.30244524],6,8,"[0.15595729033470526, 0.3506200657436989]",1,-1
337,[0.62925924 0.19883236],4,-1,-1,3,-1
338,[0.66753    0.29329279],1,2,"[0.6745124035403591, 0.31763005044143056]",3,5
339,[0.23721468 0.19678257],5,-1,-1,1,-1
340,[0.69964121 0.36291182],3,2,"[0.6745124035403591, 0.31763005044143056]",3,-1
341,[0.34413114 0.75126035],8,-1,-1,0,0
342,[0.26138136 0.34932666],6,9,"[0.25073237021157363, 0.31714589004120497]",1,3
343,[0.09795265 0.35807399],6,8,"[0.15595729033470526, 0.3506200657436989]",1,-1
344,[0.66060235 0.7577059 ],2,7,"[0.6389548018411487, 0.6989739331820412]",2,1
345,[0.13992741 0.80367776],0,5,"[0.16032527620870643, 0.8649392900293589]",0,0
346,[0.20189016 0.78815724],8,3,"[0.24392838828709834, 0.7934660258070331]",0,0
347,[0.57493101 0.45780329],7,1,"[0.5972861722618551, 0.43394463152543783]",3,-1
348,[0.14684366 1.        ],0,-1,-1,0,0
349,[0.39591927 0.42457113],9,-1,-1,-1,-1
350,[0.2452226  0.36139855],6,9,"[0.25073237021157363, 0.31714589004120497]",1,3
351,[0.62388593 0.66267986],2,7,"[0.6389548018411487, 0.6989739331820412]",2,1
352,[0.17863072 0.71551383],8,-1,-1,0,0
353,[0.34854082 0.21340607],9,6,"[0.33655112870222287, 0.28030952334356435]",1,-1
354,[0.60130369 0.81244687],2,-1,-1,2,1
355,[0.63942068 0.73238858],2,7,"[0.6389548018411487, 0.6989739331820412]",2,1
356,[0.29186239 0.87574561],8,-1,-1,0,0
357,[0.12771495 0.31515415],6,8,"[0.15595729033470526, 0.3506200657436989]",1,-1
358,[0.26606505 0.41409294],6,-1,-1,1,-1
359,[0.36073408 0.26653886],9,6,"[0.33655112870222287, 0.28030952334356435]",1,-1
360,[0.2657573  0.28803714],6,9,"[0.25073237021157363, 0.31714589004120497]",1,3
361,[0.284687   0.79386747],8,3,"[0.24392838828709834, 0.7934660258070331]",0,0
362,[0.55630803 0.34398083],3,0,"[0.5579813778956765, 0.32311128693169255]",3,-1
363,[0.24451955 0.37121451],9,9,"[0.25073237021157363, 0.31714589004120497]",1,3
364,[0.62981882 0.35888562],7,2,"[0.6745124035403591, 0.31763005044143056]",3,7
365,[0.3191648  0.31528127],9,6,"[0.33655112870222287, 0.28030952334356435]",1,4
366,[0.36680272 0.28944157],9,6,"[0.33655112870222287, 0.28030952334356435]",1,-1
367,[0.1981685  0.04870594],5,-1,-1,1,-1
368,[0.49869455 0.39714024],7,-1,-1,3,-1
369,[0.17743444 0.32621646],6,8,"[0.15595729033470526, 0.3506200657436989]",1,-1
370,[0.13169527 0.92812463],0,5,"[0.16032527620870643, 0.8649392900293589]",0,0
371,[0.50074021 0.28368133],7,0,"[0.5579813778956765, 0.32311128693169255]",3,-1
372,[0.22792758 0.32642431],6,9,"[0.25073237021157363, 0.31714589004120497]",1,3
373,[0.22825224 0.79929488],8,3,"[0.24392838828709834, 0.7934660258070331]",0,0
374,[0.28331533 0.17583438],5,4,"[0.29401658671508785, 0.10787113139518821]",1,2
375,[0.27994585 0.05837522],5,4,"[0.29401658671508785, 0.10787113139518821]",1,-1
376,[0.30189835 0.20669079],5,-1,-1,1,-1
377,[0.25857364 0.71622939],8,-1,-1,0,0
378,[0.67620729 0.53616198],3,-1,-1,-1,-1
379,[0.23662912 0.08265471],5,4,"[0.29401658671508785, 0.10787113139518821]",1,-1
380,[0.6755622  0.65665214],2,7,"[0.6389548018411487, 0.6989739331820412]",2,1
381,[0.55452127 0.43220879],3,1,"[0.5972861722618551, 0.43394463152543783]",3,-1
382,[0.28011582 0.20436403],9,-1,-1,1,-1
383,[0.64496439 0.76760499],2,7,"[0.6389548018411487, 0.6989739331820412]",2,1
384,[0.58502339 0.43514315],3,1,"[0.5972861722618551, 0.43394463152543783]",3,9
385,[0.26466335 0.26997099],9,9,"[0.25073237021157363, 0.31714589004120497]",1,-1
386,[0.19906586 0.82370037],0,3,"[0.24392838828709834, 0.7934660258070331]",0,0
387,[0.18994219 0.25121646],6,-1,-1,1,-1
388,[0.24868868 0.83116195],8,3,"[0.24392838828709834, 0.7934660258070331]",0,0
389,[0.20850603 0.84229872],0,5,"[0.16032527620870643, 0.8649392900293589]",0,0
390,[0.61921762 0.68065754],2,7,"[0.6389548018411487, 0.6989739331820412]",2,1
391,[0.22878285 0.30562584],6,9,"[0.25073237021157363, 0.31714589004120497]",1,3
392,[0.65180926 0.41978105],1,1,"[0.5972861722618551, 0.43394463152543783]",3,6
393,[0.64874569 0.44721233],3,1,"[0.5972861722618551, 0.43394463152543783]",3,6
394,[0.19404141 0.36915093],6,8,"[0.15595729033470526, 0.3506200657436989]",1,-1
395,[0.3153613  0.20967851],9,-1,-1,1,-1
396,[0.71422856 0.46646405],1,-1,-1,3,-1
397,[0.35093296 0.15472299],5,-1,-1,1,-1
398,[0.22040697 0.69392066],8,-1,-1,0,0
399,[0.24366122 0.83360916],8,3,"[0.24392838828709834, 0.7934660258070331]",0,0
400,[0.28561462 0.14779226],5,4,"[0.29401658671508785, 0.10787113139518821]",1,2
401,[0.28217051 0.07348138],5,4,"[0.29401658671508785, 0.10787113139518821]",1,-1
402,[0.10253678 0.36545728],6,8,"[0.15595729033470526, 0.3506200657436989]",1,-1
403,[0.55392034 0.25214322],4,-1,-1,3,-1
404,[0.58293096 0.33301165],4,0,"[0.5579813778956765, 0.32311128693169255]",3,-1
405,[0.20497957 0.76994068],0,3,"[0.24392838828709834, 0.7934660258070331]",0,0
406,[0.1696309  0.99307949],0,-1,-1,0,0
407,[0.60000151 0.71803459],2,7,"[0.6389548018411487, 0.6989739331820412]",2,1
408,[0.61664316 0.74385396],2,7,"[0.6389548018411487, 0.6989739331820412]",2,1
409,[0.65309337 0.40316252],1,1,"[0.5972861722618551, 0.43394463152543783]",3,6
410,[0.66216049 0.27477638],1,2,"[0.6745124035403591, 0.31763005044143056]",3,5
411,[0.28840498 0.71893058],8,-1,-1,0,0
412,[0.69298587 0.36597437],4,2,"[0.6745124035403591, 0.31763005044143056]",3,-1
413,[0.21659495 0.26740573],6,9,"[0.25073237021157363, 0.31714589004120497]",1,-1
414,[0.32657715 0.25877112],9,6,"[0.33655112870222287, 0.28030952334356435]",1,-1
415,[0.20243031 0.42048168],6,-1,-1,1,-1
416,[0.57743591 0.32268775],3,0,"[0.5579813778956765, 0.32311128693169255]",3,-1
417,[0.6227318  0.30569421],4,2,"[0.6745124035403591, 0.31763005044143056]",3,5
418,[0.69760249 0.66004743],2,-1,-1,2,1
419,[0.75258382 0.30924616],4,-1,-1,3,-1
420,[0.20967341 0.31234219],6,9,"[0.25073237021157363, 0.31714589004120497]",1,3
421,[0.72223412 0.71019352],2,-1,-1,2,1
422,[0.32490802 0.08701672],5,4,"[0.29401658671508785, 0.10787113139518821]",1,2
423,[0.20237543 0.85776001],0,5,"[0.16032527620870643, 0.8649392900293589]",0,0
424,[0.51443323 0.32742906],7,0,"[0.5579813778956765, 0.32311128693169255]",3,-1
425,[0.62003124 0.6497853 ],2,7,"[0.6389548018411487, 0.6989739331820412]",2,1
426,[0.28999274 0.14563464],5,4,"[0.29401658671508785, 0.10787113139518821]",1,2
427,[0.20039516 0.30732223],9,9,"[0.25073237021157363, 0.31714589004120497]",1,3
428,[0.64685545 0.66154837],2,7,"[0.6389548018411487, 0.6989739331820412]",2,1
429,[0.71988404 0.30251426],1,2,"[0.6745124035403591, 0.31763005044143056]",3,-1
430,[0.60276906 0.71663216],2,7,"[0.6389548018411487, 0.6989739331820412]",2,1
431,[0.61345365 0.61395765],2,-1,-1,2,1
432,[0.35808907 0.29410332],9,6,"[0.33655112870222287, 0.28030952334356435]",1,4
433,[0.63236176 0.4001974 ],1,1,"[0.5972861722618551, 0.43394463152543783]",3,-1
434,[0.6331847  0.26186559],4,2,"[0.6745124035403591, 0.31763005044143056]",3,-1
435,[0.55289312 0.36476482],3,0,"[0.5579813778956765, 0.32311128693169255]",3,-1
436,[0.21143335 0.87845833],0,5,"[0.16032527620870643, 0.8649392900293589]",0,0
437,[0.28920202 0.11429811],5,4,"[0.29401658671508785, 0.10787113139518821]",1,2
438,[0.56695067 0.2497505 ],7,-1,-1,3,-1
439,[0.59142638 0.46803667],3,1,"[0.5972861722618551, 0.43394463152543783]",3,-1
440,[0.278737  0.2305174],9,-1,-1,1,-1
441,[0.2487033  0.75177824],0,3,"[0.24392838828709834, 0.7934660258070331]",0,0
442,[0.31198568 0.09957034],5,4,"[0.29401658671508785, 0.10787113139518821]",1,2
443,[0.2293623  0.32119934],6,9,"[0.25073237021157363, 0.31714589004120497]",1,3
444,[0.25700534 0.74253984],8,3,"[0.24392838828709834, 0.7934660258070331]",0,0
445,[0.51919424 0.39198905],3,-1,-1,3,-1
446,[0.16443155 0.84652159],8,5,"[0.16032527620870643, 0.8649392900293589]",0,0
447,[0.62797255 0.41002854],3,1,"[0.5972861722618551, 0.43394463152543783]",3,-1
448,[0.6192584  0.26778664],4,-1,-1,3,-1
449,[0.62545244 0.35402668],4,2,"[0.6745124035403591, 0.31763005044143056]",3,7
450,[0.27674023 0.86941465],8,-1,-1,0,0
451,[0.65225914 0.28586468],4,2,"[0.6745124035403591, 0.31763005044143056]",3,5
452,[0.28573336 0.26916932],9,6,"[0.33655112870222287, 0.28030952334356435]",1,-1
453,[0.66429486 0.40949045],1,-1,-1,3,6
454,[0.59935316 0.42181455],3,1,"[0.5972861722618551, 0.43394463152543783]",3,9
455,[0.29297715 0.22314335],9,-1,-1,1,-1
456,[0.68160937 0.72924866],2,7,"[0.6389548018411487, 0.6989739331820412]",2,1
457,[0.23291104 0.84020141],8,3,"[0.24392838828709834, 0.7934660258070331]",0,0
458,[0.18255515 0.89867632],0,5,"[0.16032527620870643, 0.8649392900293589]",0,0
459,[0.57094281 0.38308576],7,1,"[0.5972861722618551, 0.43394463152543783]",3,8
460,[0.31986375 0.26172225],9,6,"[0.33655112870222287, 0.28030952334356435]",1,-1
461,[0.73680011 0.45706294],7,-1,-1,3,-1
462,[0.32440241 0.24237939],9,6,"[0.33655112870222287, 0.28030952334356435]",1,-1
463,[0.52813308 0.33182404],4,0,"[0.5579813778956765, 0.32311128693169255]",3,-1
464,[0.20531991 0.34959366],6,8,"[0.15595729033470526, 0.3506200657436989]",1,3
465,[0.3071886 0.2266489],9,6,"[0.33655112870222287, 0.28030952334356435]",1,-1
466,[0.59369947 0.26076134],4,-1,-1,3,-1
467,[0.2528656  0.37707273],9,9,"[0.25073237021157363, 0.31714589004120497]",1,-1
468,[0.65288402 0.72646891],2,7,"[0.6389548018411487, 0.6989739331820412]",2,1
469,[0.30730661 0.11790519],5,4,"[0.29401658671508785, 0.10787113139518821]",1,2
470,[0.67332443 0.69649674],2,7,"[0.6389548018411487, 0.6989739331820412]",2,1
471,[0.64380259 0.40953829],7,1,"[0.5972861722618551, 0.43394463152543783]",3,-1
472,[0.66387613 0.38593516],1,2,"[0.6745124035403591, 0.31763005044143056]",3,-1
473,[0.29992231 0.91419155],0,-1,-1,0,0
474,[0.59051171 0.42447606],1,1,"[0.5972861722618551, 0.43394463152543783]",3,9
475,[0.55224488 0.33610579],1,0,"[0.5579813778956765, 0.32311128693169255]",3,-1
476,[0.23512187 0.79177649],8,3,"[0.24392838828709834, 0.7934660258070331]",0,0
477,[0.29019325 0.85299515],8,-1,-1,0,0
478,[0.68450915 0.20594569],4,-1,-1,3,-1
479,[0.21316157 0.15118559],5,-1,-1,1,-1
480,[0.41770028 0.13897876],5,-1,-1,1,-1
481,[0.18302059 0.79343925],8,3,"[0.24392838828709834, 0.7934660258070331]",0,0
482,[0.67957508 0.27605153],4,2,"[0.6745124035403591, 0.31763005044143056]",3,5
483,[0.63442303 0.4485905 ],3,1,"[0.5972861722618551, 0.43394463152543783]",3,-1
484,[0.63119293 0.60941058],2,-1,-1,2,1
485,[0.60243969 0.41716721],7,1,"[0.5972861722618551, 0.43394463152543783]",3,9
486,[0.61071271 0.58979043],2,-1,-1,2,1
487,[0.53031331 0.30407784],1,0,"[0.5579813778956765, 0.32311128693169255]",3,-1
488,[0.28607132 0.18139341],5,-1,-1,1,2
489,[0.12292479 0.36301601],6,8,"[0.15595729033470526, 0.3506200657436989]",1,-1
490,[0.2319523  0.88844905],8,-1,-1,0,0
491,[0.36463884 0.3382819 ],9,6,"[0.33655112870222287, 0.28030952334356435]",1,4
492,[0.69447702 0.23692852],4,-1,-1,3,-1
493,[0.53364256 0.68857238],2,-1,-1,-1,1
494,[0.4845894  0.36309107],7,-1,-1,3,-1
495,[0.56552974 0.44904591],3,1,"[0.5972861722618551, 0.43394463152543783]",3,-1
496,[0.15875079 0.34072541],6,8,"[0.15595729033470526, 0.3506200657436989]",1,-1
497,[0.67697244 0.30060058],1,2,"[0.6745124035403591, 0.31763005044143056]",3,-1
498,[0.66233007 0.27826246],4,2,"[0.6745124035403591, 0.31763005044143056]",3,5
499,[0.56280049 0.34178701],7,0,"[0.5579813778956765, 0.32311128693169255]",3,-1
500,[0.71575792 0.70089027],2,-1,-1,2,1
501,[0.10230324 0.28967554],6,-1,-1,1,-1
502,[0.06269783 0.33698716],6,-1,-1,1,-1
503,[0.59810664 0.2556743 ],4,-1,-1,3,-1
504,[0.08920479 0.33459728],6,8,"[0.15595729033470526, 0.3506200657436989]",1,-1
505,[0.28477465 0.82650009],8,3,"[0.24392838828709834, 0.7934660258070331]",0,0
506,[0.72759351 0.39639571],1,-1,-1,3,-1
507,[0.26671736 0.75030202],8,3,"[0.24392838828709834, 0.7934660258070331]",0,0
508,[0.65264332 0.35354858],1,2,"[0.6745124035403591, 0.31763005044143056]",3,7
509,[0.32788144 0.14356068],5,4,"[0.29401658671508785, 0.10787113139518821]",1,2
510,[0.20227829 0.85436183],0,5,"[0.16032527620870643, 0.8649392900293589]",0,0
511,[0.30635971 0.12179904],5,4,"[0.29401658671508785, 0.10787113139518821]",1,2
512,[0.23251378 0.80339712],0,3,"[0.24392838828709834, 0.7934660258070331]",0,0
513,[0.21003024 0.83954241],8,5,"[0.16032527620870643, 0.8649392900293589]",0,0
514,[0.16607922 0.8426194 ],0,5,"[0.16032527620870643, 0.8649392900293589]",0,0
515,[0.32072519 0.31183687],9,6,"[0.33655112870222287, 0.28030952334356435]",1,4
516,[0.29219013 0.26367846],9,6,"[0.33655112870222287, 0.28030952334356435]",1,-1
517,[0.58905883 0.42708302],3,1,"[0.5972861722618551, 0.43394463152543783]",3,9
518,[0.26915577 0.27041591],6,9,"[0.25073237021157363, 0.31714589004120497]",1,3
519,[0.14480477 0.82216027],0,5,"[0.16032527620870643, 0.8649392900293589]",0,0
520,[0.68385166 0.18834335],4,-1,-1,3,-1
521,[0.68557087 0.75903306],2,-1,-1,2,1
522,[0.25728132 0.23506583],5,-1,-1,1,-1
523,[0.20472929 0.18968097],5,-1,-1,1,-1
524,[0.62994506 0.37171212],3,-1,-1,3,7
525,[0.24220627 0.13309135],5,4,"[0.29401658671508785, 0.10787113139518821]",1,2
526,[0.30116306 0.01895868],5,-1,-1,1,-1
527,[0.72609141 0.3398326 ],1,2,"[0.6745124035403591, 0.31763005044143056]",3,-1
528,[0.29759417 0.39785577],9,-1,-1,1,-1
529,[0.59090254 0.67972363],2,7,"[0.6389548018411487, 0.6989739331820412]",2,1
530,[0.17672202 0.86586181],0,5,"[0.16032527620870643, 0.8649392900293589]",0,0
531,[0.57626761 0.25536752],4,-1,-1,3,-1
532,[0.69796217 0.36506885],1,2,"[0.6745124035403591, 0.31763005044143056]",3,-1
533,[0.5330583  0.32424257],4,0,"[0.5579813778956765, 0.32311128693169255]",3,-1
534,[0.33127902 0.30347393],9,6,"[0.33655112870222287, 0.28030952334356435]",1,4
535,[0.28621978 0.92028073],8,-1,-1,0,0
536,[0.28501211 0.8417653 ],0,3,"[0.24392838828709834, 0.7934660258070331]",0,0
537,[0.19854398 0.72951749],8,-1,-1,0,0
538,[0.16664989 0.80895924],0,5,"[0.16032527620870643, 0.8649392900293589]",0,0
539,[0.66386523 0.72276085],2,7,"[0.6389548018411487, 0.6989739331820412]",2,1
540,[0.1040862  0.81992449],0,-1,-1,0,0
541,[0.54115362 0.71056675],2,-1,-1,2,1
542,[0.63895751 0.61043905],2,-1,-1,2,1
543,[0.31800341 0.1149824 ],5,4,"[0.29401658671508785, 0.10787113139518821]",1,2
544,[0.59005685 0.67774482],2,7,"[0.6389548018411487, 0.6989739331820412]",2,1
545,[0.56595785 0.39862712],3,1,"[0.5972861722618551, 0.43394463152543783]",3,8
546,[0.29127769 0.1101094 ],5,4,"[0.29401658671508785, 0.10787113139518821]",1,2
547,[0.18298328 0.03076077],5,-1,-1,1,-1
548,[0.22974586 0.32483333],9,9,"[0.25073237021157363, 0.31714589004120497]",1,3
549,[0.32156389 0.27793205],9,6,"[0.33655112870222287, 0.28030952334356435]",1,4
550,[0.09362707 0.85177441],0,5,"[0.16032527620870643, 0.8649392900293589]",0,0
551,[0.78049303 0.32559967],1,-1,-1,3,-1
552,[0.66105425 0.45604759],1,1,"[0.5972861722618551, 0.43394463152543783]",3,-1
553,[0.28178957 0.28969447],6,9,"[0.25073237021157363, 0.31714589004120497]",1,3
554,[0.2273748  0.83860591],0,3,"[0.24392838828709834, 0.7934660258070331]",0,0
555,[0.29264255 0.33404958],9,9,"[0.25073237021157363, 0.31714589004120497]",1,4
556,[0.21893452 0.32740826],6,9,"[0.25073237021157363, 0.31714589004120497]",1,3
557,[0.53750483 0.2376587 ],7,-1,-1,3,-1
558,[0.60200079 0.43809902],3,1,"[0.5972861722618551, 0.43394463152543783]",3,-1
559,[0.14133777 0.77700508],0,-1,-1,0,0
560,[0.25377995 0.77793549],8,3,"[0.24392838828709834, 0.7934660258070331]",0,0
561,[0.59429234 0.37561104],7,1,"[0.5972861722618551, 0.43394463152543783]",3,-1
562,[0.6588079  0.32757892],7,2,"[0.6745124035403591, 0.31763005044143056]",3,-1
563,[0.72466426 0.36555024],1,2,"[0.6745124035403591, 0.31763005044143056]",3,-1
564,[0.58934921 0.35527037],7,0,"[0.5579813778956765, 0.32311128693169255]",3,-1
565,[0.58953605 0.39587093],4,1,"[0.5972861722618551, 0.43394463152543783]",3,-1
566,[0.08170724 0.40072169],6,-1,-1,1,-1
567,[0.72182255 0.37095929],4,-1,-1,3,-1
568,[0.66607405 0.6789489 ],2,7,"[0.6389548018411487, 0.6989739331820412]",2,1
569,[0.61071213 0.35136173],3,0,"[0.5579813778956765, 0.32311128693169255]",3,7
570,[0.2041116  0.32685047],6,9,"[0.25073237021157363, 0.31714589004120497]",1,3
571,[0.60573918 0.24943339],4,-1,-1,3,-1
572,[0.6767258  0.29020028],1,2,"[0.6745124035403591, 0.31763005044143056]",3,5
573,[0.23805486 0.27291411],6,9,"[0.25073237021157363, 0.31714589004120497]",1,3
574,[0.63396673 0.23168279],7,-1,-1,3,-1
575,[0.26115026 0.84304933],8,3,"[0.24392838828709834, 0.7934660258070331]",0,0
576,[0.54296869 0.3781912 ],3,0,"[0.5579813778956765, 0.32311128693169255]",3,-1
577,[0.5482471  0.29993821],7,0,"[0.5579813778956765, 0.32311128693169255]",3,-1
578,[0.33571101 0.24316689],9,6,"[0.33655112870222287, 0.28030952334356435]",1,-1
579,[0.60527022 0.35840011],4,0,"[0.5579813778956765, 0.32311128693169255]",3,7
580,[0.2859924 0.8457221],0,3,"[0.24392838828709834, 0.7934660258070331]",0,0
581,[0.66759373 0.3962848 ],1,-1,-1,3,6
582,[0.21193052 0.34872727],6,9,"[0.25073237021157363, 0.31714589004120497]",1,3
583,[0.57787684 0.45526174],3,1,"[0.5972861722618551, 0.43394463152543783]",3,-1
584,[0.56583719 0.36031761],3,0,"[0.5579813778956765, 0.32311128693169255]",3,-1
585,[0.66102588 0.72805322],2,7,"[0.6389548018411487, 0.6989739331820412]",2,1
586,[0.56530112 0.19235106],4,-1,-1,3,-1
587,[0.64732477 0.49237377],3,-1,-1,3,-1
588,[0.63139935 0.47822851],1,1,"[0.5972861722618551, 0.43394463152543783]",3,-1
589,[0.75580788 0.69229988],2,-1,-1,2,1
590,[0.25899529 0.71876598],8,-1,-1,0,0
591,[0.26013714 0.24757609],9,-1,-1,1,-1
592,[0.36065317 0.05575056],5,-1,-1,1,-1
593,[0.27122701 0.72863447],8,-1,-1,0,0
594,[0.25124013 0.06008641],5,4,"[0.29401658671508785, 0.10787113139518821]",1,-1
595,[0.64857886 0.68716335],2,7,"[0.6389548018411487, 0.6989739331820412]",2,1
596,[0.55130179 0.39006181],3,1,"[0.5972861722618551, 0.43394463152543783]",3,-1
597,[0.05628347 0.36039027],6,-1,-1,1,-1
598,[0.28512449 0.2674722 ],9,6,"[0.33655112870222287, 0.28030952334356435]",1,-1
599,[0.64310058 0.22011325],7,-1,-1,3,-1
600,[0.20095693 0.80399637],0,3,"[0.24392838828709834, 0.7934660258070331]",0,0
601,[0.31235967 0.33405255],6,6,"[0.33655112870222287, 0.28030952334356435]",1,4
602,[0.56436234 0.42134734],1,1,"[0.5972861722618551, 0.43394463152543783]",3,-1
603,[0.18955313 0.34795595],6,8,"[0.15595729033470526, 0.3506200657436989]",1,-1
604,[0.34335962 0.30795357],9,6,"[0.33655112870222287, 0.28030952334356435]",1,4
605,[0.7138007  0.25320059],4,-1,-1,3,-1
606,[0.71569574 0.46976307],1,-1,-1,3,-1
607,[0.15031377 0.32450308],6,8,"[0.15595729033470526, 0.3506200657436989]",1,-1
608,[0.28951177 0.34185335],9,9,"[0.25073237021157363, 0.31714589004120497]",1,-1
609,[0.21722752 0.38488535],9,-1,-1,1,-1
610,[0.55625665 0.36363764],3,0,"[0.5579813778956765, 0.32311128693169255]",3,-1
611,[0.67770271 0.33107799],1,2,"[0.6745124035403591, 0.31763005044143056]",3,-1
612,[0.34222005 0.79029071],8,-1,-1,0,0
613,[0.51208961 0.19453745],7,-1,-1,3,-1
614,[0.71109293 0.75721504],2,-1,-1,2,1
615,[0.55082588 0.71548026],2,-1,-1,2,1
616,[0.60363694 0.7472697 ],2,7,"[0.6389548018411487, 0.6989739331820412]",2,1
617,[0.6574277  0.35291486],1,2,"[0.6745124035403591, 0.31763005044143056]",3,7
618,[0.18624863 0.27476688],6,-1,-1,1,-1
619,[0.60929976 0.7540525 ],2,7,"[0.6389548018411487, 0.6989739331820412]",2,1
620,[0.08023959 0.8176751 ],0,-1,-1,0,0
621,[0.26097172 0.34427866],9,9,"[0.25073237021157363, 0.31714589004120497]",1,3
622,[0.65746455 0.28510159],4,2,"[0.6745124035403591, 0.31763005044143056]",3,5
623,[0.31047851 0.23933829],9,6,"[0.33655112870222287, 0.28030952334356435]",1,-1
624,[0.1288943  0.75431214],0,-1,-1,0,0
625,[0.30760777 0.07493029],5,4,"[0.29401658671508785, 0.10787113139518821]",1,2
626,[0.56362962 0.45599357],1,1,"[0.5972861722618551, 0.43394463152543783]",3,-1
627,[0.21394169 0.8328925 ],8,3,"[0.24392838828709834, 0.7934660258070331]",0,0
628,[0.68377683 0.3729649 ],1,2,"[0.6745124035403591, 0.31763005044143056]",3,-1
629,[0.20873656 0.88309687],0,5,"[0.16032527620870643, 0.8649392900293589]",0,0
630,[0.20836852 0.30482756],6,9,"[0.25073237021157363, 0.31714589004120497]",1,3
631,[0.72698374 0.30945992],7,2,"[0.6745124035403591, 0.31763005044143056]",3,-1
632,[0.25880618 0.16110025],5,4,"[0.29401658671508785, 0.10787113139518821]",1,2
633,[0.56831901 0.2561361 ],7,0,"[0.5579813778956765, 0.32311128693169255]",3,-1
634,[0.27178423 0.05843496],5,4,"[0.29401658671508785, 0.10787113139518821]",1,-1
635,[0.70774398 0.67506608],2,-1,-1,2,1
636,[0.52066896 0.73174648],2,-1,-1,2,-1
637,[0.1439231  0.41325677],6,8,"[0.15595729033470526, 0.3506200657436989]",1,-1
638,[0.26908961 0.1286318 ],5,4,"[0.29401658671508785, 0.10787113139518821]",1,2
639,[0.74466528 0.66565888],2,-1,-1,2,1
640,[0.27425676 0.77808634],8,3,"[0.24392838828709834, 0.7934660258070331]",0,0
641,[0.54682007 0.37945325],3,0,"[0.5579813778956765, 0.32311128693169255]",3,-1
642,[0.75457538 0.40427339],1,-1,-1,3,-1
643,[0.63550263 0.3874624 ],1,1,"[0.5972861722618551, 0.43394463152543783]",3,-1
644,[0.39051917 0.0964129 ],5,-1,-1,1,-1
645,[0.73659494 0.25550081],4,-1,-1,3,-1
646,[0.72676495 0.31846753],1,2,"[0.6745124035403591, 0.31763005044143056]",3,-1
647,[0.17823696 0.82466177],8,5,"[0.16032527620870643, 0.8649392900293589]",0,0
648,[0.65307101 0.38228443],7,2,"[0.6745124035403591, 0.31763005044143056]",3,6
649,[0.73393293 0.38153068],1,-1,-1,3,-1
650,[0.17505257 0.8950619 ],0,5,"[0.16032527620870643, 0.8649392900293589]",0,0
651,[0.73606658 0.66308097],2,-1,-1,2,1
652,[0.65777409 0.43259379],3,1,"[0.5972861722618551, 0.43394463152543783]",3,6
653,[0.65949853 0.42793014],1,1,"[0.5972861722618551, 0.43394463152543783]",3,6
654,[0.17031128 0.7131975 ],0,-1,-1,0,0
655,[0.59001343 0.47025146],1,1,"[0.5972861722618551, 0.43394463152543783]",3,-1
656,[0.26885559 0.32895581],9,9,"[0.25073237021157363, 0.31714589004120497]",1,-1
657,[0.21444392 0.86755389],0,5,"[0.16032527620870643, 0.8649392900293589]",0,0
658,[0.66295269 0.68935938],2,7,"[0.6389548018411487, 0.6989739331820412]",2,1
659,[0.29014417 0.13825227],5,4,"[0.29401658671508785, 0.10787113139518821]",1,2
660,[0.1342113  0.85434017],0,5,"[0.16032527620870643, 0.8649392900293589]",0,0
661,[0.14531936 0.86140353],0,5,"[0.16032527620870643, 0.8649392900293589]",0,0
662,[0.60932277 0.32956096],7,0,"[0.5579813778956765, 0.32311128693169255]",3,-1
663,[0.60758004 0.32127333],7,0,"[0.5579813778956765, 0.32311128693169255]",3,-1
664,[0.21497273 0.83197929],0,3,"[0.24392838828709834, 0.7934660258070331]",0,0
665,[0.22826206 0.8027031 ],0,3,"[0.24392838828709834, 0.7934660258070331]",0,0
666,[0.19634111 0.77011916],8,3,"[0.24392838828709834, 0.7934660258070331]",0,0
667,[0.28718956 0.31165591],9,9,"[0.25073237021157363, 0.31714589004120497]",1,-1
668,[0.21366635 0.84315667],0,5,"[0.16032527620870643, 0.8649392900293589]",0,0
669,[0.16850935 0.74310894],0,-1,-1,0,0
670,[0.5717926  0.43866503],7,1,"[0.5972861722618551, 0.43394463152543783]",3,-1
671,[0.50102644 0.34462394],7,0,"[0.5579813778956765, 0.32311128693169255]",3,-1
672,[0.32193317 0.0892846 ],5,4,"[0.29401658671508785, 0.10787113139518821]",1,2
673,[0.58948877 0.42632897],7,1,"[0.5972861722618551, 0.43394463152543783]",3,9
674,[0.15579809 0.3702762 ],6,8,"[0.15595729033470526, 0.3506200657436989]",1,-1
675,[0.25625987 0.2114726 ],9,-1,-1,1,-1
676,[0.58031488 0.40377617],7,1,"[0.5972861722618551, 0.43394463152543783]",3,8
677,[0.26905634 0.        ],5,-1,-1,1,-1
678,[0.52109951 0.28693476],7,0,"[0.5579813778956765, 0.32311128693169255]",3,-1
679,[0.55584668 0.35066985],7,0,"[0.5579813778956765, 0.32311128693169255]",3,-1
680,[0.3266558  0.34213676],9,6,"[0.33655112870222287, 0.28030952334356435]",1,-1
681,[0.73048402 0.33292372],1,2,"[0.6745124035403591, 0.31763005044143056]",3,-1
682,[0.67057931 0.72322063],2,7,"[0.6389548018411487, 0.6989739331820412]",2,1
683,[0.66245097 0.3621456 ],4,2,"[0.6745124035403591, 0.31763005044143056]",3,7
684,[0.57089322 0.63327114],2,-1,-1,2,1
685,[0.24435705 0.70711342],0,-1,-1,0,0
686,[0.60852198 0.35504458],4,0,"[0.5579813778956765, 0.32311128693169255]",3,-1
687,[0.21651561 0.82696646],0,3,"[0.24392838828709834, 0.7934660258070331]",0,0
688,[0.57307025 0.35310617],7,0,"[0.5579813778956765, 0.32311128693169255]",3,-1
689,[0.18948616 0.76769486],0,3,"[0.24392838828709834, 0.7934660258070331]",0,0
690,[0.12122848 0.29844864],6,8,"[0.15595729033470526, 0.3506200657436989]",1,-1
691,[0.67756981 0.28805619],7,2,"[0.6745124035403591, 0.31763005044143056]",3,5
692,[0.2197196  0.77920317],8,3,"[0.24392838828709834, 0.7934660258070331]",0,0
693,[0.47338125 0.49738278],3,-1,-1,-1,-1
694,[0.23687969 0.33465213],9,9,"[0.25073237021157363, 0.31714589004120497]",1,-1
695,[0.6915468  0.36700018],1,2,"[0.6745124035403591, 0.31763005044143056]",3,-1
696,[0.21735489 0.86211155],0,5,"[0.16032527620870643, 0.8649392900293589]",0,0
697,[0.25225155 0.87706864],8,-1,-1,0,0
698,[0.21987893 0.80351635],8,3,"[0.24392838828709834, 0.7934660258070331]",0,0
699,[0.61121975 0.4541698 ],3,1,"[0.5972861722618551, 0.43394463152543783]",3,-1
700,[0.32781019 0.79260486],8,-1,-1,0,0
701,[0.6459638  0.27058876],4,2,"[0.6745124035403591, 0.31763005044143056]",3,5
702,[0.17878589 0.83043515],0,5,"[0.16032527620870643, 0.8649392900293589]",0,0
703,[0.20114884 0.3154527 ],6,9,"[0.25073237021157363, 0.31714589004120497]",1,3
704,[0.21031435 0.85066885],0,5,"[0.16032527620870643, 0.8649392900293589]",0,0
705,[0.11323748 0.92071645],8,-1,-1,0,0
706,[0.55510997 0.29269134],1,0,"[0.5579813778956765, 0.32311128693169255]",3,-1
707,[0.31571515 0.299167  ],9,6,"[0.33655112870222287, 0.28030952334356435]",1,4
708,[0.21551701 0.30833404],6,9,"[0.25073237021157363, 0.31714589004120497]",1,3
709,[0.31406228 0.22803386],9,6,"[0.33655112870222287, 0.28030952334356435]",1,-1
710,[0.24507732 0.3967498 ],6,-1,-1,1,-1
711,[0.56863986 0.33637611],7,0,"[0.5579813778956765, 0.32311128693169255]",3,-1
712,[0.59086921 0.65789416],2,7,"[0.6389548018411487, 0.6989739331820412]",2,1
713,[0.57702228 0.30019892],1,0,"[0.5579813778956765, 0.32311128693169255]",3,-1
714,[0.61064201 0.63054393],2,-1,-1,2,1
715,[0.26326934 0.35400146],9,9,"[0.25073237021157363, 0.31714589004120497]",1,3
716,[0.26009423 0.85420947],8,3,"[0.24392838828709834, 0.7934660258070331]",0,0
717,[0.5870285  0.43748642],3,1,"[0.5972861722618551, 0.43394463152543783]",3,9
718,[0.68397193 0.37229146],7,2,"[0.6745124035403591, 0.31763005044143056]",3,-1
719,[0.2140305  0.73490909],8,3,"[0.24392838828709834, 0.7934660258070331]",0,0
720,[0.20597709 0.90233928],0,5,"[0.16032527620870643, 0.8649392900293589]",0,0
721,[0.4319578  0.30613182],9,-1,-1,1,-1
722,[0.62059327 0.65568017],2,7,"[0.6389548018411487, 0.6989739331820412]",2,1
723,[0.62461497 0.40528965],7,1,"[0.5972861722618551, 0.43394463152543783]",3,-1
724,[0.64981536 0.32025081],4,2,"[0.6745124035403591, 0.31763005044143056]",3,-1
725,[0.18504885 0.31612115],6,8,"[0.15595729033470526, 0.3506200657436989]",1,3
726,[0.63273535 0.31262754],7,2,"[0.6745124035403591, 0.31763005044143056]",3,-1
727,[0.25209101 0.13979934],5,4,"[0.29401658671508785, 0.10787113139518821]",1,-1
728,[0.308471   0.29990781],9,6,"[0.33655112870222287, 0.28030952334356435]",1,4
729,[0.63869748 0.3250099 ],7,2,"[0.6745124035403591, 0.31763005044143056]",3,-1
730,[0.64265992 0.46980354],3,1,"[0.5972861722618551, 0.43394463152543783]",3,-1
731,[0.68490394 0.25436491],7,2,"[0.6745124035403591, 0.31763005044143056]",3,-1
732,[0.58990167 0.31367711],7,0,"[0.5579813778956765, 0.32311128693169255]",3,-1
733,[0.0866306  0.36284909],6,-1,-1,1,-1
734,[0.25232693 0.37196972],9,9,"[0.25073237021157363, 0.31714589004120497]",1,3
735,[0.63783311 0.67386995],2,7,"[0.6389548018411487, 0.6989739331820412]",2,1
736,[0.11230295 0.83658492],0,5,"[0.16032527620870643, 0.8649392900293589]",0,0
737,[0.31239984 0.21479619],5,6,"[0.33655112870222287, 0.28030952334356435]",1,-1
738,[0.57066824 0.40543243],7,1,"[0.5972861722618551, 0.43394463152543783]",3,-1
739,[0.76519319 0.42250958],1,-1,-1,3,-1
740,[0.66069019 0.46252077],1,1,"[0.5972861722618551, 0.43394463152543783]",3,-1
741,[0.56414377 0.35680469],7,0,"[0.5579813778956765, 0.32311128693169255]",3,-1
742,[0.16000751 0.38486136],6,8,"[0.15595729033470526, 0.3506200657436989]",1,-1
743,[0.73866408 0.39981206],3,-1,-1,3,-1
744,[0.26252905 0.11235758],5,4,"[0.29401658671508785, 0.10787113139518821]",1,2
745,[0.6922665  0.86140638],2,-1,-1,-1,-1
746,[0.56769487 0.39628128],3,1,"[0.5972861722618551, 0.43394463152543783]",3,8
747,[0.49484717 0.4966898 ],3,-1,-1,-1,-1
748,[0.59946004 0.60788365],2,-1,-1,2,1
749,[0.60224144 0.36777417],3,0,"[0.5579813778956765, 0.32311128693169255]",3,-1
750,[0.62654505 0.37375585],4,1,"[0.5972861722618551, 0.43394463152543783]",3,7
751,[0.19192065 0.2841734 ],6,9,"[0.25073237021157363, 0.31714589004120497]",1,-1
752,[0.5673088  0.38736323],4,1,"[0.5972861722618551, 0.43394463152543783]",3,8
753,[0.0691328  0.78073271],0,-1,-1,0,0
754,[0.26832219 0.83140757],0,3,"[0.24392838828709834, 0.7934660258070331]",0,0
755,[0.13228958 0.84804167],0,5,"[0.16032527620870643, 0.8649392900293589]",0,0
756,[0.61804685 0.73596733],2,7,"[0.6389548018411487, 0.6989739331820412]",2,1
757,[0.2452837  0.39461069],6,-1,-1,1,-1
758,[0.33172352 0.36712237],9,-1,-1,1,-1
759,[0.53838978 0.74504464],2,-1,-1,2,-1
760,[0.61691271 0.34762238],3,0,"[0.5579813778956765, 0.32311128693169255]",3,7
761,[0.41588127 0.03318355],5,-1,-1,1,-1
762,[0.63167814 0.27801147],3,2,"[0.6745124035403591, 0.31763005044143056]",3,5
763,[0.5443746  0.43407095],3,1,"[0.5972861722618551, 0.43394463152543783]",3,-1
764,[0.14268621 0.37581217],6,8,"[0.15595729033470526, 0.3506200657436989]",1,-1
765,[0.29947684 0.16609708],5,4,"[0.29401658671508785, 0.10787113139518821]",1,2
766,[0.55106284 0.23962895],4,-1,-1,3,-1
767,[0.32451964 0.33807255],9,6,"[0.33655112870222287, 0.28030952334356435]",1,-1
768,[0.65444905 0.38907698],3,-1,-1,3,-1
769,[0.3363229 0.0940303],5,4,"[0.29401658671508785, 0.10787113139518821]",1,2
770,[0.3788782  0.12122301],5,-1,-1,1,-1
771,[0.15956851 0.40429023],6,8,"[0.15595729033470526, 0.3506200657436989]",1,-1
772,[0.61819143 0.66930819],2,7,"[0.6389548018411487, 0.6989739331820412]",2,1
773,[0.59945587 0.41931807],3,1,"[0.5972861722618551, 0.43394463152543783]",3,9
774,[0.1898911  0.78751563],8,3,"[0.24392838828709834, 0.7934660258070331]",0,0
775,[0.2983732  0.80945205],8,3,"[0.24392838828709834, 0.7934660258070331]",0,0
776,[0.33879723 0.11916482],5,4,"[0.29401658671508785, 0.10787113139518821]",1,2
777,[0.09837718 0.23423166],6,-1,-1,1,-1
778,[0.53364206 0.30489335],7,0,"[0.5579813778956765, 0.32311128693169255]",3,-1
779,[0.61721345 0.43782825],3,1,"[0.5972861722618551, 0.43394463152543783]",3,-1
780,[0.59655709 0.29579017],4,0,"[0.5579813778956765, 0.32311128693169255]",3,-1
781,[0.57532225 0.29750664],4,0,"[0.5579813778956765, 0.32311128693169255]",3,-1
782,[0.61182007 0.71535218],2,7,"[0.6389548018411487, 0.6989739331820412]",2,1
783,[0.59549007 0.20907599],4,-1,-1,3,-1
784,[0.66236193 0.33762942],1,2,"[0.6745124035403591, 0.31763005044143056]",3,-1
785,[0.58090133 0.45174294],1,1,"[0.5972861722618551, 0.43394463152543783]",3,-1
786,[0.26373193 0.05447739],5,4,"[0.29401658671508785, 0.10787113139518821]",1,-1
787,[0.46944504 0.3777496 ],3,-1,-1,3,-1
788,[0.68082868 0.64738511],2,7,"[0.6389548018411487, 0.6989739331820412]",2,1
789,[0.19211139 0.15371539],5,-1,-1,1,-1
790,[0.58247074 0.51544954],3,-1,-1,3,-1
791,[0.7180675  0.30233265],1,2,"[0.6745124035403591, 0.31763005044143056]",3,-1
792,[0.60423898 0.64472575],2,7,"[0.6389548018411487, 0.6989739331820412]",2,1
793,[0.60794573 0.3422259 ],1,0,"[0.5579813778956765, 0.32311128693169255]",3,7
794,[0.31096968 0.28475224],9,6,"[0.33655112870222287, 0.28030952334356435]",1,-1
795,[0.21465668 0.77629557],0,3,"[0.24392838828709834, 0.7934660258070331]",0,0
796,[0.57257252 0.38038422],3,1,"[0.5972861722618551, 0.43394463152543783]",3,-1
797,[0.1311106  0.82811288],8,5,"[0.16032527620870643, 0.8649392900293589]",0,0
798,[0.35473021 0.31754045],9,6,"[0.33655112870222287, 0.28030952334356435]",1,4
799,[0.24903223 0.25502464],9,9,"[0.25073237021157363, 0.31714589004120497]",1,-1
800,[0.21743784 0.28548895],9,9,"[0.25073237021157363, 0.31714589004120497]",1,3
801,[0.30215094 0.11505389],5,4,"[0.29401658671508785, 0.10787113139518821]",1,2
802,[0.21587829 0.33378195],9,9,"[0.25073237021157363, 0.31714589004120497]",1,3
803,[0.3329017  0.10626201],5,4,"[0.29401658671508785, 0.10787113139518821]",1,2
804,[0.70464653 0.65216763],2,-1,-1,2,1
805,[0.33325806 0.18779827],5,-1,-1,1,-1
806,[0.60869831 0.67883032],2,7,"[0.6389548018411487, 0.6989739331820412]",2,1
807,[0.66775776 0.34665775],1,2,"[0.6745124035403591, 0.31763005044143056]",3,-1
808,[0.68017499 0.68480798],2,7,"[0.6389548018411487, 0.6989739331820412]",2,1
809,[0.24494422 0.85131691],8,3,"[0.24392838828709834, 0.7934660258070331]",0,0
810,[0.57245384 0.28611739],4,0,"[0.5579813778956765, 0.32311128693169255]",3,-1
811,[0.55375858 0.38646318],3,0,"[0.5579813778956765, 0.32311128693169255]",3,-1
812,[0.65845102 0.25311229],4,2,"[0.6745124035403591, 0.31763005044143056]",3,-1
813,[0.74028458 0.31587617],4,2,"[0.6745124035403591, 0.31763005044143056]",3,-1
814,[0.6171358 0.2809214],4,2,"[0.6745124035403591, 0.31763005044143056]",3,-1
815,[0.1309688  0.28066603],6,-1,-1,1,-1
816,[0.6350371  0.31229789],4,2,"[0.6745124035403591, 0.31763005044143056]",3,-1
817,[0.62925938 0.38521563],7,1,"[0.5972861722618551, 0.43394463152543783]",3,-1
818,[0.60049133 0.41025317],7,1,"[0.5972861722618551, 0.43394463152543783]",3,-1
819,[0.22331666 0.36544133],6,9,"[0.25073237021157363, 0.31714589004120497]",1,-1
820,[0.664406   0.70583088],2,7,"[0.6389548018411487, 0.6989739331820412]",2,1
821,[0.60375613 0.35424198],7,0,"[0.5579813778956765, 0.32311128693169255]",3,7
822,[0.18200451 0.77851558],8,3,"[0.24392838828709834, 0.7934660258070331]",0,0
823,[0.36887398 0.03668701],5,-1,-1,1,-1
824,[0.19076193 0.44108762],6,-1,-1,1,-1
825,[0.73626353 0.2897042 ],1,2,"[0.6745124035403591, 0.31763005044143056]",3,-1
826,[0.53608933 0.42093865],7,1,"[0.5972861722618551, 0.43394463152543783]",3,-1
827,[0.21773398 0.86584952],0,5,"[0.16032527620870643, 0.8649392900293589]",0,0
828,[0.65416894 0.3536588 ],1,2,"[0.6745124035403591, 0.31763005044143056]",3,7
829,[0.26126001 0.79269162],8,3,"[0.24392838828709834, 0.7934660258070331]",0,0
830,[0.65176542 0.44991943],3,1,"[0.5972861722618551, 0.43394463152543783]",3,6
831,[0.66132355 0.69903222],2,7,"[0.6389548018411487, 0.6989739331820412]",2,1
832,[0.67903424 0.40712299],4,-1,-1,3,-1
833,[0.18551597 0.84548136],0,5,"[0.16032527620870643, 0.8649392900293589]",0,0
834,[0.65581229 0.43352765],4,1,"[0.5972861722618551, 0.43394463152543783]",3,6
835,[0.19407096 0.04031143],5,-1,-1,1,-1
836,[0.66709768 0.30391342],1,2,"[0.6745124035403591, 0.31763005044143056]",3,5
837,[0.71483032 0.22560236],4,-1,-1,3,-1
838,[0.19701234 0.80511742],8,3,"[0.24392838828709834, 0.7934660258070331]",0,0
839,[0.67291836 0.25539081],1,2,"[0.6745124035403591, 0.31763005044143056]",3,-1
840,[0.58504999 0.37896277],7,1,"[0.5972861722618551, 0.43394463152543783]",3,-1
841,[0.28597176 0.79757779],8,3,"[0.24392838828709834, 0.7934660258070331]",0,0
842,[0.16336315 0.25438104],6,-1,-1,1,-1
843,[0.33377272 0.84111864],8,-1,-1,0,0
844,[0.079072   0.84896658],0,-1,-1,0,0
845,[0.6118091  0.44625053],3,1,"[0.5972861722618551, 0.43394463152543783]",3,-1
846,[0.3320614  0.28928693],9,6,"[0.33655112870222287, 0.28030952334356435]",1,4
847,[0.63144007 0.43796625],3,1,"[0.5972861722618551, 0.43394463152543783]",3,-1
848,[0.05997081 0.80902635],0,-1,-1,0,0
849,[0.65966774 0.67188845],2,7,"[0.6389548018411487, 0.6989739331820412]",2,1
850,[0.29244652 0.74263345],8,-1,-1,0,0
851,[0.64695418 0.36306173],3,2,"[0.6745124035403591, 0.31763005044143056]",3,7
852,[0.19016057 0.70821883],8,-1,-1,0,0
853,[0.21964845 0.38081364],6,-1,-1,1,-1
854,[0.21278461 0.83583406],0,3,"[0.24392838828709834, 0.7934660258070331]",0,0
855,[0.05747504 0.39321558],6,-1,-1,1,-1
856,[0.65311187 0.64564982],2,7,"[0.6389548018411487, 0.6989739331820412]",2,1
857,[0.6052353 0.7720771],2,-1,-1,2,1
858,[0.24250111 0.87989672],0,-1,-1,0,0
859,[0.17815367 0.35774972],6,8,"[0.15595729033470526, 0.3506200657436989]",1,-1
860,[0.29399068 0.86307879],8,-1,-1,0,0
861,[0.20039522 0.86308514],8,5,"[0.16032527620870643, 0.8649392900293589]",0,0
862,[0.21066048 0.70900784],0,-1,-1,0,0
863,[0.25127782 0.04102761],5,-1,-1,1,-1
864,[0.07638863 0.29657017],6,-1,-1,1,-1
865,[0.230882   0.80709585],8,3,"[0.24392838828709834, 0.7934660258070331]",0,0
866,[0.46822269 0.3500045 ],3,-1,-1,3,-1
867,[0.5023387  0.21461349],7,-1,-1,3,-1
868,[0.36161084 0.08189008],5,-1,-1,1,-1
869,[0.39013534 0.78788276],8,-1,-1,0,0
870,[0.58177979 0.43711454],1,1,"[0.5972861722618551, 0.43394463152543783]",3,9
871,[0.45212675 0.40886478],7,-1,-1,3,-1
872,[0.27455209 0.83078557],0,3,"[0.24392838828709834, 0.7934660258070331]",0,0
873,[0.66617865 0.67558386],2,7,"[0.6389548018411487, 0.6989739331820412]",2,1
874,[0.16540327 0.87931826],0,5,"[0.16032527620870643, 0.8649392900293589]",0,0
875,[0.20205948 0.39828332],6,8,"[0.15595729033470526, 0.3506200657436989]",1,-1
876,[0.5563479  0.45537579],3,1,"[0.5972861722618551, 0.43394463152543783]",3,-1
877,[0.19114446 0.32506631],6,8,"[0.15595729033470526, 0.3506200657436989]",1,3
878,[0.26227419 0.30318213],6,9,"[0.25073237021157363, 0.31714589004120497]",1,-1
879,[0.18573366 0.83003497],0,5,"[0.16032527620870643, 0.8649392900293589]",0,0
880,[0.69044015 0.62089581],2,-1,-1,2,1
881,[0.51469008 0.24310031],4,-1,-1,3,-1
882,[0.58959483 0.44396695],3,1,"[0.5972861722618551, 0.43394463152543783]",3,-1
883,[0.67751377 0.23555914],4,-1,-1,3,-1
884,[0.56939725 0.36614791],3,0,"[0.5579813778956765, 0.32311128693169255]",3,-1
885,[0.10724113 0.30878847],6,8,"[0.15595729033470526, 0.3506200657436989]",1,-1
886,[0.34846585 0.14761788],5,4,"[0.29401658671508785, 0.10787113139518821]",1,-1
887,[0.55537685 0.54069607],2,-1,-1,3,-1
888,[0.50876851 0.28186067],4,0,"[0.5579813778956765, 0.32311128693169255]",3,-1
889,[0.28030289 0.09845264],5,4,"[0.29401658671508785, 0.10787113139518821]",1,2
890,[0.0834518  0.85211931],0,-1,-1,0,0
891,[0.34558644 0.25224692],9,6,"[0.33655112870222287, 0.28030952334356435]",1,-1
892,[0.16825931 0.39744145],6,8,"[0.15595729033470526, 0.3506200657436989]",1,-1
893,[0.63406515 0.27261969],1,2,"[0.6745124035403591, 0.31763005044143056]",3,-1
894,[0.63245541 0.35851984],1,2,"[0.6745124035403591, 0.31763005044143056]",3,7
895,[0.62547443 0.36558941],1,2,"[0.6745124035403591, 0.31763005044143056]",3,7
896,[0.2891812  0.15818228],5,4,"[0.29401658671508785, 0.10787113139518821]",1,2
897,[0.68644029 0.40288985],1,-1,-1,3,-1
898,[0.70779999 0.72609244],2,-1,-1,2,1
899,[0.332904  0.3037898],9,6,"[0.33655112870222287, 0.28030952334356435]",1,4
900,[0.20794549 0.79379625],0,3,"[0.24392838828709834, 0.7934660258070331]",0,0
901,[0.58907149 0.43597373],3,1,"[0.5972861722618551, 0.43394463152543783]",3,9
902,[0.29784706 0.34169716],6,9,"[0.25073237021157363, 0.31714589004120497]",1,-1
903,[0.63285462 0.28860695],1,2,"[0.6745124035403591, 0.31763005044143056]",3,5
904,[0.25271348 0.41168947],9,-1,-1,1,-1
905,[0.28297357 0.16657157],5,4,"[0.29401658671508785, 0.10787113139518821]",1,2
906,[0.18055486 0.96132412],0,-1,-1,0,0
907,[0.31722584 0.13534362],5,4,"[0.29401658671508785, 0.10787113139518821]",1,2
908,[0.541667   0.35505821],1,0,"[0.5579813778956765, 0.32311128693169255]",3,-1
909,[0.63261282 0.37480657],4,1,"[0.5972861722618551, 0.43394463152543783]",3,7
910,[0.23619716 0.34014735],9,9,"[0.25073237021157363, 0.31714589004120497]",1,3
911,[0.36705663 0.15732007],5,-1,-1,1,-1
912,[0.1868248  0.82215755],8,5,"[0.16032527620870643, 0.8649392900293589]",0,0
913,[0.24471923 0.08899186],5,4,"[0.29401658671508785, 0.10787113139518821]",1,-1
914,[0.29762835 0.88005784],0,-1,-1,0,0
915,[0.55439972 0.32404462],7,0,"[0.5579813778956765, 0.32311128693169255]",3,-1
916,[0.57571643 0.23908446],4,-1,-1,3,-1
917,[0.23939443 0.83561388],0,3,"[0.24392838828709834, 0.7934660258070331]",0,0
918,[0.56998009 0.76779304],2,-1,-1,2,1
919,[0.62782399 0.29754317],1,2,"[0.6745124035403591, 0.31763005044143056]",3,-1
920,[0.56209699 0.51032426],3,-1,-1,3,-1
921,[0.40450867 0.05628943],5,-1,-1,1,-1
922,[0.70180923 0.67437504],2,7,"[0.6389548018411487, 0.6989739331820412]",2,1
923,[0.37653557 0.19970721],5,-1,-1,1,-1
924,[0.23314761 0.2567424 ],9,9,"[0.25073237021157363, 0.31714589004120497]",1,-1
925,[0.68142498 0.29121429],4,2,"[0.6745124035403591, 0.31763005044143056]",3,-1
926,[0.5522125  0.44116757],3,1,"[0.5972861722618551, 0.43394463152543783]",3,-1
927,[0.19038388 0.85029996],0,5,"[0.16032527620870643, 0.8649392900293589]",0,0
928,[0.74207175 0.32692241],4,2,"[0.6745124035403591, 0.31763005044143056]",3,-1
929,[0.28725072 0.8976896 ],8,-1,-1,0,0
930,[0.66316232 0.30419708],4,2,"[0.6745124035403591, 0.31763005044143056]",3,5
931,[0.55657803 0.45637062],3,1,"[0.5972861722618551, 0.43394463152543783]",3,-1
932,[0.63944316 0.23197018],4,-1,-1,3,-1
933,[0.31627664 0.19916316],5,-1,-1,1,-1
934,[0.17429525 0.80936903],0,5,"[0.16032527620870643, 0.8649392900293589]",0,0
935,[0.32882351 0.31170855],9,6,"[0.33655112870222287, 0.28030952334356435]",1,4
936,[0.16882822 0.80809123],8,5,"[0.16032527620870643, 0.8649392900293589]",0,0
937,[0.17438545 0.39219556],6,8,"[0.15595729033470526, 0.3506200657436989]",1,-1
938,[0.62610674 0.42709904],7,1,"[0.5972861722618551, 0.43394463152543783]",3,-1
939,[0.72417436 0.31885016],4,2,"[0.6745124035403591, 0.31763005044143056]",3,-1
940,[0.21957616 0.93381663],0,-1,-1,0,0
941,[0.16682443 0.73484622],0,-1,-1,0,0
942,[0.2839615 0.7363922],8,3,"[0.24392838828709834, 0.7934660258070331]",0,0
943,[0.14972965 0.74223746],8,-1,-1,0,0
944,[0.24821547 0.78931929],0,3,"[0.24392838828709834, 0.7934660258070331]",0,0
945,[0.12471858 0.32463618],6,8,"[0.15595729033470526, 0.3506200657436989]",1,-1
946,[0.29798882 0.22093593],5,-1,-1,1,-1
947,[0.34279928 0.03737375],5,-1,-1,1,-1
948,[0.67957558 0.77127872],2,-1,-1,2,1
949,[0.0535494  0.35603992],6,-1,-1,1,-1
950,[0.34345845 0.10086511],5,4,"[0.29401658671508785, 0.10787113139518821]",1,2
951,[0.59131939 0.5072093 ],3,-1,-1,3,-1
952,[0.56894618 0.25816992],7,0,"[0.5579813778956765, 0.32311128693169255]",3,-1
953,[0.19572753 0.78180703],0,3,"[0.24392838828709834, 0.7934660258070331]",0,0
954,[0.61376986 0.37337911],4,1,"[0.5972861722618551, 0.43394463152543783]",3,7
955,[0.07316746 0.28901934],6,-1,-1,1,-1
956,[0.23808623 0.3754825 ],6,9,"[0.25073237021157363, 0.31714589004120497]",1,3
957,[0.62603469 0.62050003],2,-1,-1,2,1
958,[0.18618801 0.84779513],0,5,"[0.16032527620870643, 0.8649392900293589]",0,0
959,[0.5496706 0.3911796],3,1,"[0.5972861722618551, 0.43394463152543783]",3,-1
960,[0.58449905 0.4373673 ],3,1,"[0.5972861722618551, 0.43394463152543783]",3,9
961,[0.35121597 0.31895892],9,6,"[0.33655112870222287, 0.28030952334356435]",1,4
962,[0.62729868 0.24285694],4,-1,-1,3,-1
963,[0.38245011 0.69198893],8,-1,-1,0,0
964,[0.59564871 0.53713611],3,-1,-1,3,-1
965,[0.1313561  0.85638483],0,5,"[0.16032527620870643, 0.8649392900293589]",0,0
966,[0.15831998 0.82393835],0,5,"[0.16032527620870643, 0.8649392900293589]",0,0
967,[0.64848933 0.73322171],2,7,"[0.6389548018411487, 0.6989739331820412]",2,1
968,[0.65635673 0.44808598],3,1,"[0.5972861722618551, 0.43394463152543783]",3,6
969,[0.36331669 0.28644285],9,6,"[0.33655112870222287, 0.28030952334356435]",1,-1
970,[0.60281531 0.33224569],1,0,"[0.5579813778956765, 0.32311128693169255]",3,-1
971,[0.16915335 0.77631599],0,-1,-1,0,0
972,[0.52938274 0.44116908],3,1,"[0.5972861722618551, 0.43394463152543783]",3,-1
973,[0.63276585 0.35696929],3,2,"[0.6745124035403591, 0.31763005044143056]",3,7
974,[0.65711439 0.66978462],2,7,"[0.6389548018411487, 0.6989739331820412]",2,1
975,[0.593786   0.38442548],3,1,"[0.5972861722618551, 0.43394463152543783]",3,-1
976,[0.63165101 0.23941317],4,-1,-1,3,-1
977,[0.63555958 0.32302058],7,2,"[0.6745124035403591, 0.31763005044143056]",3,-1
978,[0.24184093 0.77623035],0,3,"[0.24392838828709834, 0.7934660258070331]",0,0
979,[0.29658819 0.25960452],9,6,"[0.33655112870222287, 0.28030952334356435]",1,-1
980,[0.14888136 0.38109335],6,8,"[0.15595729033470526, 0.3506200657436989]",1,-1
981,[0.67776836 0.20735872],4,-1,-1,3,-1
982,[0.64606298 0.35359593],1,2,"[0.6745124035403591, 0.31763005044143056]",3,7
983,[0.13291266 0.31515878],6,8,"[0.15595729033470526, 0.3506200657436989]",1,-1
984,[0.26340435 0.89832222],8,-1,-1,0,0
985,[0.69375321 0.69298465],2,7,"[0.6389548018411487, 0.6989739331820412]",2,1
986,[0.54759131 0.44165294],3,1,"[0.5972861722618551, 0.43394463152543783]",3,-1
987,[0.63183723 0.24608708],4,-1,-1,3,-1
988,[0.66412613 0.36758603],3,2,"[0.6745124035403591, 0.31763005044143056]",3,-1
989,[0.62860077 0.26763908],4,2,"[0.6745124035403591, 0.31763005044143056]",3,-1
990,[0.70874594 0.43278275],7,-1,-1,3,-1
991,[0.33797384 0.83898553],8,-1,-1,0,0
992,[0.53281679 0.33882246],3,0,"[0.5579813778956765, 0.32311128693169255]",3,-1
993,[0.21462599 0.8015283 ],0,3,"[0.24392838828709834, 0.7934660258070331]",0,0
994,[0.15792871 0.32200128],6,8,"[0.15595729033470526, 0.3506200657436989]",1,-1
995,[0.37090439 0.27999675],6,6,"[0.33655112870222287, 0.28030952334356435]",1,-1
996,[0.31482658 0.41734542],9,-1,-1,1,-1
997,[0.29399004 0.30653961],9,9,"[0.25073237021157363, 0.31714589004120497]",1,-1
998,[0.13824053 0.88479634],0,5,"[0.16032527620870643, 0.8649392900293589]",0,0
999,[0.32320266 0.78650247],8,-1,-1,0,0
