,datum,blob,snowball_label,snowball_center,hdbscan_eom_label,hdbscan_leaf_label
0,[0.23511104 0.42788561],0,3,"[0.2557609028514745, 0.41800513927804356]",1,-1
1,[0.20088025 0.4468297 ],0,0,"[0.16136652152870531, 0.4702958558092887]",1,5
2,[0.23289207 0.50313761],0,-1,-1,1,4
3,[0.13859993 0.52052998],0,0,"[0.16136652152870531, 0.4702958558092887]",1,-1
4,[0.24205624 0.52102852],0,-1,-1,1,-1
5,[0.28629562 0.37478495],0,3,"[0.2557609028514745, 0.41800513927804356]",1,-1
6,[0.30576172 0.36848393],0,-1,-1,-1,-1
7,[0.16222252 0.47936818],0,0,"[0.16136652152870531, 0.4702958558092887]",1,-1
8,[0.25918076 0.49608259],0,-1,-1,1,-1
9,[0.22002238 0.49187884],0,0,"[0.16136652152870531, 0.4702958558092887]",1,4
10,[0.13687894 0.46140446],0,0,"[0.16136652152870531, 0.4702958558092887]",1,-1
11,[0.34237227 0.31742643],0,-1,-1,-1,-1
12,[0.18577537 0.45445918],0,0,"[0.16136652152870531, 0.4702958558092887]",1,5
13,[0.14845    0.45221681],0,0,"[0.16136652152870531, 0.4702958558092887]",1,-1
14,[0.20506855 0.44567487],0,0,"[0.16136652152870531, 0.4702958558092887]",1,5
15,[0.19471341 0.39789261],0,3,"[0.2557609028514745, 0.41800513927804356]",1,-1
16,[0.2333031  0.42345272],0,3,"[0.2557609028514745, 0.41800513927804356]",1,-1
17,[0.13577422 0.5806805 ],0,-1,-1,-1,-1
18,[0.16672939 0.43255733],0,0,"[0.16136652152870531, 0.4702958558092887]",1,5
19,[0.08907115 0.48293444],0,-1,-1,0,-1
20,[0.13919095 0.42030418],0,0,"[0.16136652152870531, 0.4702958558092887]",1,-1
21,[0.24191814 0.49079976],0,-1,-1,1,4
22,[0.1572596  0.49187689],0,0,"[0.16136652152870531, 0.4702958558092887]",1,-1
23,[0.22398766 0.45226889],0,3,"[0.2557609028514745, 0.41800513927804356]",1,-1
24,[0.14532402 0.4878132 ],0,0,"[0.16136652152870531, 0.4702958558092887]",1,-1
25,[0.11143248 0.48324318],0,0,"[0.16136652152870531, 0.4702958558092887]",1,-1
26,[0.19996217 0.38949862],0,3,"[0.2557609028514745, 0.41800513927804356]",1,5
27,[0.13891023 0.60416833],0,-1,-1,-1,-1
28,[0.08243858 0.46545923],0,-1,-1,0,-1
29,[0.18119547 0.48813094],0,0,"[0.16136652152870531, 0.4702958558092887]",1,-1
30,[0.21955941 0.51450097],0,-1,-1,1,4
31,[0.24277916 0.46070619],0,3,"[0.2557609028514745, 0.41800513927804356]",1,-1
32,[0.12041144 0.44449353],0,0,"[0.16136652152870531, 0.4702958558092887]",1,-1
33,[0.23028597 0.49072028],0,-1,-1,1,4
34,[0.26566846 0.45059634],0,3,"[0.2557609028514745, 0.41800513927804356]",1,-1
35,[0.13167517 0.42881434],0,0,"[0.16136652152870531, 0.4702958558092887]",1,-1
36,[0.21472104 0.51619213],0,-1,-1,1,4
37,[0.25689883 0.50484668],0,-1,-1,1,-1
38,[0.12771224 0.43577149],0,0,"[0.16136652152870531, 0.4702958558092887]",1,-1
39,[0.23087913 0.47892592],0,3,"[0.2557609028514745, 0.41800513927804356]",1,4
40,[0.24866415 0.38974706],0,3,"[0.2557609028514745, 0.41800513927804356]",1,-1
41,[0.23501829 0.30141743],0,-1,-1,1,-1
42,[0.17103719 0.46400788],0,0,"[0.16136652152870531, 0.4702958558092887]",1,5
43,[0.17918051 0.50984057],0,0,"[0.16136652152870531, 0.4702958558092887]",1,-1
44,[0.18681198 0.46102779],0,0,"[0.16136652152870531, 0.4702958558092887]",1,5
45,[0.23873208 0.40946372],0,3,"[0.2557609028514745, 0.41800513927804356]",1,-1
46,[0.28498504 0.42301532],0,3,"[0.2557609028514745, 0.41800513927804356]",1,-1
47,[0.23385083 0.47235895],0,3,"[0.2557609028514745, 0.41800513927804356]",1,-1
48,[0.17496505 0.46602809],0,0,"[0.16136652152870531, 0.4702958558092887]",1,5
49,[0.21707336 0.43329544],0,3,"[0.2557609028514745, 0.41800513927804356]",1,5
50,[0.32526784 0.40198368],0,-1,-1,-1,-1
51,[0.19929531 0.52467226],0,0,"[0.16136652152870531, 0.4702958558092887]",1,4
52,[0.22832247 0.5218799 ],0,-1,-1,1,4
53,[0.11145234 0.44663712],0,0,"[0.16136652152870531, 0.4702958558092887]",1,-1
54,[0.20145322 0.5321257 ],0,-1,-1,1,-1
55,[0.15218387 0.45687021],0,0,"[0.16136652152870531, 0.4702958558092887]",1,-1
56,[0.30690815 0.48203984],0,-1,-1,-1,-1
57,[0.22404065 0.45641046],0,3,"[0.2557609028514745, 0.41800513927804356]",1,-1
58,[0.26733138 0.35287602],0,3,"[0.2557609028514745, 0.41800513927804356]",1,-1
59,[0.15254303 0.42763133],0,0,"[0.16136652152870531, 0.4702958558092887]",1,5
60,[0.20656682 0.46021912],0,0,"[0.16136652152870531, 0.4702958558092887]",1,-1
61,[0.07717047 0.46640172],0,-1,-1,0,-1
62,[0.1503572  0.62198369],0,-1,-1,1,-1
63,[0.18368213 0.52069252],0,0,"[0.16136652152870531, 0.4702958558092887]",1,-1
64,[0.16744836 0.44601734],0,0,"[0.16136652152870531, 0.4702958558092887]",1,5
65,[0.15036503 0.50863589],0,0,"[0.16136652152870531, 0.4702958558092887]",1,-1
66,[0.27515444 0.38756901],0,3,"[0.2557609028514745, 0.41800513927804356]",1,-1
67,[0.22887672 0.5048151 ],0,-1,-1,1,4
68,[0.27874966 0.43297052],0,3,"[0.2557609028514745, 0.41800513927804356]",1,-1
69,[0.29018907 0.39781067],0,3,"[0.2557609028514745, 0.41800513927804356]",1,-1
70,[0.21984368 0.44118599],0,3,"[0.2557609028514745, 0.41800513927804356]",1,5
71,[0.19153512 0.53199403],0,0,"[0.16136652152870531, 0.4702958558092887]",1,-1
72,[0.23913531 0.63619607],0,1,"[0.2647697883233083, 0.6560224337357465]",1,2
73,[0.20431636 0.42673074],0,3,"[0.2557609028514745, 0.41800513927804356]",1,5
74,[0.27667031 0.48423367],0,3,"[0.2557609028514745, 0.41800513927804356]",1,-1
75,[0.18330927 0.54521013],0,-1,-1,1,-1
76,[0.29270839 0.38494005],0,3,"[0.2557609028514745, 0.41800513927804356]",1,-1
77,[0.18735511 0.53816797],0,-1,-1,1,-1
78,[0.16532834 0.56746748],0,-1,-1,-1,-1
79,[0.20172809 0.49423032],0,0,"[0.16136652152870531, 0.4702958558092887]",1,-1
80,[0.21929712 0.40702908],0,3,"[0.2557609028514745, 0.41800513927804356]",1,5
81,[0.19982149 0.42963323],0,0,"[0.16136652152870531, 0.4702958558092887]",1,5
82,[0.18499728 0.53218562],0,0,"[0.16136652152870531, 0.4702958558092887]",1,-1
83,[0.24724473 0.45649737],0,3,"[0.2557609028514745, 0.41800513927804356]",1,-1
84,[0.22493497 0.55727733],0,-1,-1,1,-1
85,[0.20706121 0.44636989],0,0,"[0.16136652152870531, 0.4702958558092887]",1,5
86,[0.25109375 0.43699582],0,3,"[0.2557609028514745, 0.41800513927804356]",1,-1
87,[0.13771122 0.57773541],0,-1,-1,1,-1
88,[0.14427198 0.47837699],0,0,"[0.16136652152870531, 0.4702958558092887]",1,-1
89,[0.23372485 0.45106562],0,3,"[0.2557609028514745, 0.41800513927804356]",1,-1
90,[0.31780738 0.5811851 ],0,-1,-1,-1,-1
91,[0.23318346 0.38059208],0,3,"[0.2557609028514745, 0.41800513927804356]",1,-1
92,[0.23108089 0.3681423 ],0,3,"[0.2557609028514745, 0.41800513927804356]",1,-1
93,[0.24116625 0.51851355],0,-1,-1,1,4
94,[0.22691575 0.54266641],0,-1,-1,1,-1
95,[0.21923678 0.41527102],0,3,"[0.2557609028514745, 0.41800513927804356]",1,5
96,[0.18124024 0.53189486],0,0,"[0.16136652152870531, 0.4702958558092887]",1,-1
97,[0.0781408  0.47965463],0,-1,-1,0,-1
98,[0.12807146 0.59641758],0,-1,-1,1,-1
99,[0.11151439 0.32559906],0,2,"[0.15623182357509582, 0.31572599614218644]",1,6
100,[0.25209666 0.50854836],0,-1,-1,1,-1
101,[0.15164416 0.44416529],0,0,"[0.16136652152870531, 0.4702958558092887]",1,5
102,[0.11228165 0.44081875],0,0,"[0.16136652152870531, 0.4702958558092887]",1,-1
103,[0.24006549 0.46900589],0,3,"[0.2557609028514745, 0.41800513927804356]",1,-1
104,[0.18761217 0.41718547],0,0,"[0.16136652152870531, 0.4702958558092887]",1,-1
105,[0.2586611  0.56219061],0,-1,-1,1,-1
106,[0.28170729 0.38156114],0,3,"[0.2557609028514745, 0.41800513927804356]",1,-1
107,[0.2107788  0.41255068],0,3,"[0.2557609028514745, 0.41800513927804356]",1,5
108,[0.18116035 0.48747872],0,0,"[0.16136652152870531, 0.4702958558092887]",1,-1
109,[0.36235171 0.4828168 ],0,-1,-1,-1,-1
110,[0.20455695 0.4348851 ],0,3,"[0.2557609028514745, 0.41800513927804356]",1,5
111,[0.23938899 0.3684731 ],0,3,"[0.2557609028514745, 0.41800513927804356]",1,-1
112,[0.24678869 0.51818126],0,-1,-1,1,-1
113,[0.14929884 0.56100113],0,-1,-1,1,-1
114,[0.34059035 0.42019998],0,-1,-1,-1,-1
115,[0.25262002 0.43781612],0,3,"[0.2557609028514745, 0.41800513927804356]",1,-1
116,[0.16433043 0.51583466],0,0,"[0.16136652152870531, 0.4702958558092887]",1,-1
117,[0.22581289 0.38951762],0,3,"[0.2557609028514745, 0.41800513927804356]",1,-1
118,[0.11497278 0.47844224],0,0,"[0.16136652152870531, 0.4702958558092887]",1,-1
119,[0.11989934 0.38939529],0,-1,-1,1,-1
120,[0.18928526 0.43675399],0,0,"[0.16136652152870531, 0.4702958558092887]",1,5
121,[0.22777608 0.58443437],0,-1,-1,1,-1
122,[0.12973635 0.55423485],0,-1,-1,1,-1
123,[0.12293147 0.4688328 ],0,0,"[0.16136652152870531, 0.4702958558092887]",1,-1
124,[0.26845653 0.60812127],0,1,"[0.2647697883233083, 0.6560224337357465]",1,-1
125,[0.1050342  0.56739499],0,-1,-1,-1,-1
126,[0.19987064 0.47582033],0,0,"[0.16136652152870531, 0.4702958558092887]",1,-1
127,[0.23825404 0.57938329],0,-1,-1,1,-1
128,[0.35073347 0.49130426],0,-1,-1,-1,-1
129,[0.17003216 0.419909  ],0,0,"[0.16136652152870531, 0.4702958558092887]",1,-1
130,[0.07379115 0.37204286],0,-1,-1,1,-1
131,[0.26785307 0.36205011],0,3,"[0.2557609028514745, 0.41800513927804356]",1,-1
132,[0.12925894 0.42905498],0,0,"[0.16136652152870531, 0.4702958558092887]",1,-1
133,[0.16040158 0.41026687],0,0,"[0.16136652152870531, 0.4702958558092887]",1,-1
134,[0.14133235 0.42706211],0,0,"[0.16136652152870531, 0.4702958558092887]",1,-1
135,[0.28857935 0.50572692],0,-1,-1,1,-1
136,[0.21080578 0.4215623 ],0,3,"[0.2557609028514745, 0.41800513927804356]",1,5
137,[0.21044382 0.48045152],0,0,"[0.16136652152870531, 0.4702958558092887]",1,-1
138,[0.15184332 0.39553474],0,-1,-1,1,-1
139,[0.21768165 0.41941128],0,3,"[0.2557609028514745, 0.41800513927804356]",1,5
140,[0.1561203  0.46051387],0,0,"[0.16136652152870531, 0.4702958558092887]",1,-1
141,[0.19681574 0.40248488],0,3,"[0.2557609028514745, 0.41800513927804356]",1,-1
142,[0.29678929 0.47994834],0,-1,-1,1,-1
143,[0.19025142 0.5051888 ],0,0,"[0.16136652152870531, 0.4702958558092887]",1,-1
144,[0.28346403 0.46294192],0,3,"[0.2557609028514745, 0.41800513927804356]",1,-1
145,[0.04817784 0.38848291],0,-1,-1,-1,-1
146,[0.19614073 0.46917562],0,0,"[0.16136652152870531, 0.4702958558092887]",1,-1
147,[0.28447292 0.49185025],0,-1,-1,1,-1
148,[0.18427191 0.51101913],0,0,"[0.16136652152870531, 0.4702958558092887]",1,-1
149,[0.16360098 0.51998609],0,0,"[0.16136652152870531, 0.4702958558092887]",1,-1
150,[0.10845765 0.55443647],0,-1,-1,-1,-1
151,[0.1915257  0.51302453],0,0,"[0.16136652152870531, 0.4702958558092887]",1,-1
152,[0.18736475 0.37926152],0,-1,-1,1,5
153,[0.18827367 0.46440428],0,0,"[0.16136652152870531, 0.4702958558092887]",1,5
154,[0.21515206 0.4689812 ],0,0,"[0.16136652152870531, 0.4702958558092887]",1,-1
155,[0.22545384 0.4288164 ],0,3,"[0.2557609028514745, 0.41800513927804356]",1,-1
156,[0.10057234 0.43520963],0,-1,-1,1,-1
157,[0.11904684 0.45016552],0,0,"[0.16136652152870531, 0.4702958558092887]",1,-1
158,[0.1834938  0.46506555],0,0,"[0.16136652152870531, 0.4702958558092887]",1,5
159,[0.16927289 0.49866635],0,0,"[0.16136652152870531, 0.4702958558092887]",1,-1
160,[0.235556   0.50264946],0,-1,-1,1,4
161,[0.22372135 0.50694897],0,-1,-1,1,4
162,[0.25684328 0.46830076],0,3,"[0.2557609028514745, 0.41800513927804356]",1,-1
163,[0.0722514  0.42572892],0,-1,-1,-1,-1
164,[0.29650327 0.33521969],0,-1,-1,-1,-1
165,[0.20901425 0.42845512],0,3,"[0.2557609028514745, 0.41800513927804356]",1,5
166,[0.28960601 0.48702745],0,-1,-1,1,-1
167,[0.18714049 0.46483696],0,0,"[0.16136652152870531, 0.4702958558092887]",1,5
168,[0.10466587 0.58146006],0,-1,-1,-1,-1
169,[0.24598375 0.41125739],0,3,"[0.2557609028514745, 0.41800513927804356]",1,-1
170,[0.16974624 0.49763973],0,0,"[0.16136652152870531, 0.4702958558092887]",1,-1
171,[0.16369625 0.41516204],0,0,"[0.16136652152870531, 0.4702958558092887]",1,-1
172,[0.25427653 0.4577602 ],0,3,"[0.2557609028514745, 0.41800513927804356]",1,-1
173,[0.2283286  0.52038021],0,-1,-1,1,4
174,[0.1568408  0.55761898],0,-1,-1,1,-1
175,[0.26038581 0.40520491],0,3,"[0.2557609028514745, 0.41800513927804356]",1,-1
176,[0.1296129  0.47350478],0,0,"[0.16136652152870531, 0.4702958558092887]",1,-1
177,[0.22445549 0.4238295 ],0,3,"[0.2557609028514745, 0.41800513927804356]",1,5
178,[0.19044283 0.45327141],0,0,"[0.16136652152870531, 0.4702958558092887]",1,5
179,[0.18513878 0.48861279],0,0,"[0.16136652152870531, 0.4702958558092887]",1,-1
180,[0.29595727 0.57741025],0,-1,-1,1,-1
181,[0.15969835 0.46456021],0,0,"[0.16136652152870531, 0.4702958558092887]",1,-1
182,[0.17180694 0.46343985],0,0,"[0.16136652152870531, 0.4702958558092887]",1,5
183,[0.18303838 0.54684805],0,-1,-1,1,-1
184,[0.26228685 0.43351193],0,3,"[0.2557609028514745, 0.41800513927804356]",1,-1
185,[0.28543771 0.42760919],0,3,"[0.2557609028514745, 0.41800513927804356]",1,-1
186,[0.21494272 0.50162603],0,0,"[0.16136652152870531, 0.4702958558092887]",1,4
187,[0.18598798 0.42408707],0,0,"[0.16136652152870531, 0.4702958558092887]",1,5
188,[0.22625709 0.51484436],0,-1,-1,1,4
189,[0.19877296 0.57170596],0,-1,-1,1,-1
190,[0.24861648 0.43681639],0,3,"[0.2557609028514745, 0.41800513927804356]",1,-1
191,[0.24987639 0.45022665],0,3,"[0.2557609028514745, 0.41800513927804356]",1,-1
192,[0.23413168 0.50716184],0,-1,-1,1,4
193,[0.23762365 0.56007811],0,-1,-1,1,-1
194,[0.21935727 0.49768183],0,0,"[0.16136652152870531, 0.4702958558092887]",1,4
195,[0.19080156 0.38096314],0,-1,-1,1,-1
196,[0.17386992 0.47451539],0,0,"[0.16136652152870531, 0.4702958558092887]",1,5
197,[0.05655854 0.48522921],0,-1,-1,-1,-1
198,[0.22861193 0.53115149],0,-1,-1,1,-1
199,[0.22759974 0.53039139],0,-1,-1,1,-1
200,[0.20487767 0.4402042 ],0,0,"[0.16136652152870531, 0.4702958558092887]",1,5
201,[0.23583633 0.40484093],0,3,"[0.2557609028514745, 0.41800513927804356]",1,-1
202,[0.28170718 0.39707694],0,3,"[0.2557609028514745, 0.41800513927804356]",1,-1
203,[0.288134   0.43109895],0,3,"[0.2557609028514745, 0.41800513927804356]",1,-1
204,[0.17496631 0.40174958],0,0,"[0.16136652152870531, 0.4702958558092887]",1,-1
205,[0.18989418 0.46941415],0,0,"[0.16136652152870531, 0.4702958558092887]",1,5
206,[0.11536605 0.36050643],0,2,"[0.15623182357509582, 0.31572599614218644]",1,-1
207,[0.19957653 0.37562901],0,-1,-1,1,5
208,[0.2370388  0.52961791],0,-1,-1,1,-1
209,[0.16950684 0.64710071],0,-1,-1,1,-1
210,[0.19874406 0.39847489],0,3,"[0.2557609028514745, 0.41800513927804356]",1,-1
211,[0.30841204 0.48785785],0,-1,-1,-1,-1
212,[0.16982491 0.45785971],0,0,"[0.16136652152870531, 0.4702958558092887]",1,5
213,[0.28138212 0.55473014],0,-1,-1,1,-1
214,[0.19847437 0.3989128 ],0,3,"[0.2557609028514745, 0.41800513927804356]",1,-1
215,[0.16840289 0.50128785],0,0,"[0.16136652152870531, 0.4702958558092887]",1,-1
216,[0.2025306  0.48085807],0,0,"[0.16136652152870531, 0.4702958558092887]",1,-1
217,[0.22081496 0.55261698],0,-1,-1,1,-1
218,[0.18069115 0.45333301],0,0,"[0.16136652152870531, 0.4702958558092887]",1,5
219,[0.07722758 0.45173133],0,-1,-1,-1,-1
220,[0.09737811 0.41573022],0,-1,-1,1,-1
221,[0.20379    0.42469881],0,3,"[0.2557609028514745, 0.41800513927804356]",1,5
222,[0.19219326 0.32932233],0,2,"[0.15623182357509582, 0.31572599614218644]",1,-1
223,[0.17500253 0.47000698],0,0,"[0.16136652152870531, 0.4702958558092887]",1,5
224,[0.19984857 0.48390707],0,0,"[0.16136652152870531, 0.4702958558092887]",1,-1
225,[0.15822544 0.49937837],0,0,"[0.16136652152870531, 0.4702958558092887]",1,-1
226,[0.1666489  0.44438673],0,0,"[0.16136652152870531, 0.4702958558092887]",1,5
227,[0.25726483 0.5439269 ],0,-1,-1,1,-1
228,[0.24883443 0.39606842],0,3,"[0.2557609028514745, 0.41800513927804356]",1,-1
229,[0.18085947 0.43269898],0,0,"[0.16136652152870531, 0.4702958558092887]",1,5
230,[0.20536553 0.55413724],0,-1,-1,1,-1
231,[0.26721345 0.39154589],0,3,"[0.2557609028514745, 0.41800513927804356]",1,-1
232,[0.22041303 0.47634222],0,0,"[0.16136652152870531, 0.4702958558092887]",1,-1
233,[0.1621484  0.43908549],0,0,"[0.16136652152870531, 0.4702958558092887]",1,5
234,[0.26880007 0.45280315],0,3,"[0.2557609028514745, 0.41800513927804356]",1,-1
235,[0.19196177 0.43555764],0,0,"[0.16136652152870531, 0.4702958558092887]",1,5
236,[0.00485495 0.46860722],0,-1,-1,-1,-1
237,[0.25446725 0.58094841],0,-1,-1,1,-1
238,[0.33886612 0.40578059],0,-1,-1,-1,-1
239,[0.20168349 0.43207836],0,0,"[0.16136652152870531, 0.4702958558092887]",1,5
240,[0.21939638 0.40136947],0,3,"[0.2557609028514745, 0.41800513927804356]",1,5
241,[0.21873943 0.50121621],0,0,"[0.16136652152870531, 0.4702958558092887]",1,4
242,[0.23886698 0.48620902],0,-1,-1,1,4
243,[0.26149406 0.45050494],0,3,"[0.2557609028514745, 0.41800513927804356]",1,-1
244,[0.17752196 0.45934202],0,0,"[0.16136652152870531, 0.4702958558092887]",1,5
245,[0.18492407 0.48494237],0,0,"[0.16136652152870531, 0.4702958558092887]",1,-1
246,[0.26310665 0.45620774],0,3,"[0.2557609028514745, 0.41800513927804356]",1,-1
247,[0.10214774 0.36614338],0,-1,-1,1,-1
248,[0.22614737 0.49714551],0,-1,-1,1,4
249,[0.2322405  0.31022151],0,-1,-1,1,-1
250,[0.24684816 0.62182624],0,1,"[0.2647697883233083, 0.6560224337357465]",1,-1
251,[0.2003159  0.44956314],0,0,"[0.16136652152870531, 0.4702958558092887]",1,5
252,[0.26662175 0.42053341],0,3,"[0.2557609028514745, 0.41800513927804356]",1,-1
253,[0.14060341 0.53183337],0,0,"[0.16136652152870531, 0.4702958558092887]",1,-1
254,[0.14694879 0.50202537],0,0,"[0.16136652152870531, 0.4702958558092887]",1,-1
255,[0.17074374 0.44468243],0,0,"[0.16136652152870531, 0.4702958558092887]",1,5
256,[0.14924455 0.49151817],0,0,"[0.16136652152870531, 0.4702958558092887]",1,-1
257,[0.19823288 0.45315406],0,0,"[0.16136652152870531, 0.4702958558092887]",1,5
258,[0.17590352 0.42889942],0,0,"[0.16136652152870531, 0.4702958558092887]",1,5
259,[0.26522426 0.51001006],0,-1,-1,1,-1
260,[0.25782575 0.39505152],0,3,"[0.2557609028514745, 0.41800513927804356]",1,-1
261,[0.22600888 0.36496556],0,3,"[0.2557609028514745, 0.41800513927804356]",1,-1
262,[0.29173391 0.56611135],0,-1,-1,1,-1
263,[0.28237006 0.49022503],0,-1,-1,1,-1
264,[0.2344022  0.45252659],0,3,"[0.2557609028514745, 0.41800513927804356]",1,-1
265,[0.15369881 0.51292247],0,0,"[0.16136652152870531, 0.4702958558092887]",1,-1
266,[0.26104347 0.43659128],0,3,"[0.2557609028514745, 0.41800513927804356]",1,-1
267,[0.11923199 0.42876157],0,0,"[0.16136652152870531, 0.4702958558092887]",1,-1
268,[0.17507585 0.4193664 ],0,0,"[0.16136652152870531, 0.4702958558092887]",1,-1
269,[0.09055614 0.37216926],0,-1,-1,1,-1
270,[0.19855217 0.56596617],0,-1,-1,1,-1
271,[0.1122938  0.46642542],0,0,"[0.16136652152870531, 0.4702958558092887]",1,-1
272,[0.1772786  0.47609418],0,0,"[0.16136652152870531, 0.4702958558092887]",1,5
273,[0.20039437 0.52209344],0,0,"[0.16136652152870531, 0.4702958558092887]",1,4
274,[0.19932029 0.41780382],0,3,"[0.2557609028514745, 0.41800513927804356]",1,-1
275,[0.20825028 0.4635469 ],0,0,"[0.16136652152870531, 0.4702958558092887]",1,-1
276,[0.24536448 0.49070266],0,-1,-1,1,-1
277,[0.23098578 0.45894086],0,3,"[0.2557609028514745, 0.41800513927804356]",1,-1
278,[0.18639031 0.44182555],0,0,"[0.16136652152870531, 0.4702958558092887]",1,5
279,[0.20836877 0.52792879],0,-1,-1,1,-1
280,[0.28401732 0.42295425],0,3,"[0.2557609028514745, 0.41800513927804356]",1,-1
281,[0.18615351 0.45695825],0,0,"[0.16136652152870531, 0.4702958558092887]",1,5
282,[0.30430403 0.40884324],0,3,"[0.2557609028514745, 0.41800513927804356]",-1,-1
283,[0.20323887 0.32311642],0,2,"[0.15623182357509582, 0.31572599614218644]",1,-1
284,[0.21913822 0.40508579],0,3,"[0.2557609028514745, 0.41800513927804356]",1,5
285,[0.19789591 0.51282403],0,0,"[0.16136652152870531, 0.4702958558092887]",1,4
286,[0.11914409 0.32445959],0,2,"[0.15623182357509582, 0.31572599614218644]",1,-1
287,[0.22187765 0.4223011 ],0,3,"[0.2557609028514745, 0.41800513927804356]",1,5
288,[0.22849796 0.5459623 ],0,-1,-1,1,-1
289,[0.14067791 0.38268951],0,2,"[0.15623182357509582, 0.31572599614218644]",1,-1
290,[0.14719999 0.35747277],0,2,"[0.15623182357509582, 0.31572599614218644]",1,-1
291,[0.15029496 0.52134787],0,0,"[0.16136652152870531, 0.4702958558092887]",1,-1
292,[0.14957758 0.37084923],0,2,"[0.15623182357509582, 0.31572599614218644]",1,-1
293,[0.22090196 0.489541  ],0,0,"[0.16136652152870531, 0.4702958558092887]",1,4
294,[0.0750097  0.46348273],0,-1,-1,0,-1
295,[0.16809318 0.48194669],0,0,"[0.16136652152870531, 0.4702958558092887]",1,-1
296,[0.15176947 0.4326577 ],0,0,"[0.16136652152870531, 0.4702958558092887]",1,-1
297,[0.13239541 0.58844101],0,-1,-1,1,-1
298,[0.23194832 0.50418811],0,-1,-1,1,4
299,[0.24297678 0.46895974],0,3,"[0.2557609028514745, 0.41800513927804356]",1,-1
300,[0.27808826 0.4951184 ],0,-1,-1,1,-1
301,[0.35493068 0.51558828],0,-1,-1,-1,-1
302,[0.29703441 0.38617247],0,3,"[0.2557609028514745, 0.41800513927804356]",1,-1
303,[0.17089946 0.43767417],0,0,"[0.16136652152870531, 0.4702958558092887]",1,5
304,[0.11681139 0.43241261],0,0,"[0.16136652152870531, 0.4702958558092887]",1,-1
305,[0.17377635 0.39714364],0,-1,-1,1,-1
306,[0.2491964  0.42905936],0,3,"[0.2557609028514745, 0.41800513927804356]",1,-1
307,[0.20871028 0.37396879],0,3,"[0.2557609028514745, 0.41800513927804356]",1,5
308,[0.18880839 0.41758641],0,0,"[0.16136652152870531, 0.4702958558092887]",1,-1
309,[0.15764302 0.5232665 ],0,0,"[0.16136652152870531, 0.4702958558092887]",1,-1
310,[0.22498107 0.40245413],0,3,"[0.2557609028514745, 0.41800513927804356]",1,5
311,[0.14721683 0.50788684],0,0,"[0.16136652152870531, 0.4702958558092887]",1,-1
312,[0.15682332 0.45069689],0,0,"[0.16136652152870531, 0.4702958558092887]",1,5
313,[0.28286185 0.53582124],0,-1,-1,1,-1
314,[0.20424045 0.46099042],0,0,"[0.16136652152870531, 0.4702958558092887]",1,-1
315,[0.2164601  0.45226864],0,3,"[0.2557609028514745, 0.41800513927804356]",1,5
316,[0.20461485 0.53519067],0,-1,-1,1,-1
317,[0.22624602 0.47837317],0,0,"[0.16136652152870531, 0.4702958558092887]",1,-1
318,[0.19302247 0.5182631 ],0,0,"[0.16136652152870531, 0.4702958558092887]",1,4
319,[0.17613678 0.49209102],0,0,"[0.16136652152870531, 0.4702958558092887]",1,-1
320,[0.13963501 0.44451792],0,0,"[0.16136652152870531, 0.4702958558092887]",1,-1
321,[0.22045189 0.42769763],0,3,"[0.2557609028514745, 0.41800513927804356]",1,5
322,[0.21689971 0.46806858],0,0,"[0.16136652152870531, 0.4702958558092887]",1,-1
323,[0.17438549 0.50001718],0,0,"[0.16136652152870531, 0.4702958558092887]",1,-1
324,[0.21640531 0.43776258],0,3,"[0.2557609028514745, 0.41800513927804356]",1,5
325,[0.21078006 0.51203301],0,0,"[0.16136652152870531, 0.4702958558092887]",1,4
326,[0.14302734 0.39044836],0,-1,-1,1,-1
327,[0.25116356 0.40343549],0,3,"[0.2557609028514745, 0.41800513927804356]",1,-1
328,[0.16514185 0.32972944],0,2,"[0.15623182357509582, 0.31572599614218644]",1,6
329,[0.18020496 0.46933393],0,0,"[0.16136652152870531, 0.4702958558092887]",1,5
330,[0.1124515 0.476164 ],0,0,"[0.16136652152870531, 0.4702958558092887]",1,-1
331,[0.12033981 0.43101461],0,0,"[0.16136652152870531, 0.4702958558092887]",1,-1
332,[0.26086498 0.54622445],0,-1,-1,1,-1
333,[0.18618555 0.52870626],0,0,"[0.16136652152870531, 0.4702958558092887]",1,4
334,[0.15701141 0.50893507],0,0,"[0.16136652152870531, 0.4702958558092887]",1,-1
335,[0.10273101 0.48166633],0,0,"[0.16136652152870531, 0.4702958558092887]",1,-1
336,[0.17923025 0.39619831],0,-1,-1,1,-1
337,[0.18204615 0.43550972],0,0,"[0.16136652152870531, 0.4702958558092887]",1,5
338,[0.18565112 0.493069  ],0,0,"[0.16136652152870531, 0.4702958558092887]",1,-1
339,[0.14945308 0.4116848 ],0,0,"[0.16136652152870531, 0.4702958558092887]",1,-1
340,[0.1915741  0.42311412],0,0,"[0.16136652152870531, 0.4702958558092887]",1,5
341,[0.18991499 0.38343189],0,-1,-1,1,-1
342,[0.23859563 0.39756364],0,3,"[0.2557609028514745, 0.41800513927804356]",1,-1
343,[0.24477333 0.50255732],0,-1,-1,1,4
344,[0.15254222 0.49283243],0,0,"[0.16136652152870531, 0.4702958558092887]",1,-1
345,[0.27252915 0.44102769],0,3,"[0.2557609028514745, 0.41800513927804356]",1,-1
346,[0.21886363 0.4033356 ],0,3,"[0.2557609028514745, 0.41800513927804356]",1,-1
347,[0.25633458 0.46798324],0,3,"[0.2557609028514745, 0.41800513927804356]",1,-1
348,[0.28562276 0.51114786],0,-1,-1,1,-1
349,[0.19573907 0.40655506],0,3,"[0.2557609028514745, 0.41800513927804356]",1,-1
350,[0.24721482 0.52272046],0,-1,-1,1,-1
351,[0.1789507  0.51252366],0,0,"[0.16136652152870531, 0.4702958558092887]",1,-1
352,[0.22204172 0.44256501],0,3,"[0.2557609028514745, 0.41800513927804356]",1,-1
353,[0.15437539 0.45315112],0,0,"[0.16136652152870531, 0.4702958558092887]",1,5
354,[0.25241679 0.40380145],0,3,"[0.2557609028514745, 0.41800513927804356]",1,-1
355,[0.18985275 0.4509921 ],0,0,"[0.16136652152870531, 0.4702958558092887]",1,5
356,[0.15543225 0.40214746],0,0,"[0.16136652152870531, 0.4702958558092887]",1,-1
357,[0.21982775 0.51755398],0,-1,-1,1,4
358,[0.18156374 0.39086739],0,-1,-1,1,-1
359,[0.19660874 0.43654486],0,0,"[0.16136652152870531, 0.4702958558092887]",1,5
360,[0.20834147 0.39188535],0,3,"[0.2557609028514745, 0.41800513927804356]",1,5
361,[0.2369435  0.42336813],0,3,"[0.2557609028514745, 0.41800513927804356]",1,-1
362,[0.2528846  0.44759267],0,3,"[0.2557609028514745, 0.41800513927804356]",1,-1
363,[0.16180116 0.43768306],0,0,"[0.16136652152870531, 0.4702958558092887]",1,5
364,[0.2201433  0.47988895],0,0,"[0.16136652152870531, 0.4702958558092887]",1,-1
365,[0.24583766 0.37780034],0,3,"[0.2557609028514745, 0.41800513927804356]",1,-1
366,[0.15280103 0.44001864],0,0,"[0.16136652152870531, 0.4702958558092887]",1,5
367,[0.07227144 0.4298842 ],0,-1,-1,-1,-1
368,[0.21939069 0.41592609],0,3,"[0.2557609028514745, 0.41800513927804356]",1,5
369,[0.19132116 0.42119752],0,0,"[0.16136652152870531, 0.4702958558092887]",1,5
370,[0.19079909 0.39531777],0,3,"[0.2557609028514745, 0.41800513927804356]",1,5
371,[0.25248217 0.50403972],0,-1,-1,1,-1
372,[0.20964966 0.5600319 ],0,-1,-1,1,-1
373,[0.22384272 0.4504215 ],0,3,"[0.2557609028514745, 0.41800513927804356]",1,-1
374,[0.08225089 0.39982306],0,-1,-1,1,-1
375,[0.23482508 0.54696912],0,-1,-1,1,-1
376,[0.16849682 0.50689899],0,0,"[0.16136652152870531, 0.4702958558092887]",1,-1
377,[0.15742951 0.44265403],0,0,"[0.16136652152870531, 0.4702958558092887]",1,5
378,[0.16167843 0.43701147],0,0,"[0.16136652152870531, 0.4702958558092887]",1,5
379,[0.17030756 0.47542908],0,0,"[0.16136652152870531, 0.4702958558092887]",1,-1
380,[0.13024747 0.55143991],0,-1,-1,1,-1
381,[0.23691692 0.35137455],0,3,"[0.2557609028514745, 0.41800513927804356]",1,-1
382,[0.11321943 0.58580485],0,-1,-1,-1,-1
383,[0.13877743 0.49212798],0,0,"[0.16136652152870531, 0.4702958558092887]",1,-1
384,[0.14122574 0.63519631],0,-1,-1,-1,-1
385,[0.10891031 0.55700272],0,-1,-1,-1,-1
386,[0.2248366  0.43822073],0,3,"[0.2557609028514745, 0.41800513927804356]",1,-1
387,[0.18034682 0.40613396],0,0,"[0.16136652152870531, 0.4702958558092887]",1,-1
388,[0.07823737 0.49187739],0,-1,-1,-1,-1
389,[0.31068991 0.44420529],0,3,"[0.2557609028514745, 0.41800513927804356]",-1,-1
390,[0.22725427 0.51332768],0,-1,-1,1,4
391,[0.11710131 0.4333535 ],0,0,"[0.16136652152870531, 0.4702958558092887]",1,-1
392,[0.10977577 0.49812516],0,0,"[0.16136652152870531, 0.4702958558092887]",1,-1
393,[0.1409305  0.54609362],0,-1,-1,1,-1
394,[0.25478434 0.40924057],0,3,"[0.2557609028514745, 0.41800513927804356]",1,-1
395,[0.22723923 0.47413028],0,3,"[0.2557609028514745, 0.41800513927804356]",1,-1
396,[0.16703107 0.45237637],0,0,"[0.16136652152870531, 0.4702958558092887]",1,5
397,[0.20642574 0.35657762],0,2,"[0.15623182357509582, 0.31572599614218644]",1,5
398,[0.26906454 0.4252202 ],0,3,"[0.2557609028514745, 0.41800513927804356]",1,-1
399,[0.15453671 0.49823814],0,0,"[0.16136652152870531, 0.4702958558092887]",1,-1
400,[0.14426033 0.55590479],0,-1,-1,1,-1
401,[0.26777378 0.46508037],0,3,"[0.2557609028514745, 0.41800513927804356]",1,-1
402,[0.28449905 0.55512502],0,-1,-1,1,-1
403,[0.18184127 0.35818361],0,2,"[0.15623182357509582, 0.31572599614218644]",1,-1
404,[0.1151155  0.42591051],0,0,"[0.16136652152870531, 0.4702958558092887]",1,-1
405,[0.25231519 0.50322933],0,-1,-1,1,-1
406,[0.20400361 0.58473553],0,-1,-1,1,-1
407,[0.19628068 0.50940319],0,0,"[0.16136652152870531, 0.4702958558092887]",1,-1
408,[0.14295405 0.43148001],0,0,"[0.16136652152870531, 0.4702958558092887]",1,-1
409,[0.21116811 0.52774474],0,-1,-1,1,4
410,[0.07450893 0.54360989],0,-1,-1,-1,-1
411,[0.1444434  0.52696938],0,0,"[0.16136652152870531, 0.4702958558092887]",1,-1
412,[0.19537501 0.38732724],0,3,"[0.2557609028514745, 0.41800513927804356]",1,5
413,[0.155791   0.58570154],0,-1,-1,-1,-1
414,[0.19698042 0.43887412],0,0,"[0.16136652152870531, 0.4702958558092887]",1,5
415,[0.11902778 0.4025858 ],0,-1,-1,1,-1
416,[0.27799055 0.55384819],0,-1,-1,1,-1
417,[0.31980292 0.49464283],0,-1,-1,-1,-1
418,[0.17855765 0.399972  ],0,-1,-1,1,-1
419,[0.28596119 0.43635611],0,3,"[0.2557609028514745, 0.41800513927804356]",1,-1
420,[0.12400686 0.44346686],0,0,"[0.16136652152870531, 0.4702958558092887]",1,-1
421,[0.19531621 0.52751659],0,0,"[0.16136652152870531, 0.4702958558092887]",1,-1
422,[0.19185581 0.54142848],0,-1,-1,1,-1
423,[0.25030255 0.47346139],0,3,"[0.2557609028514745, 0.41800513927804356]",1,-1
424,[0.06678127 0.33440476],0,-1,-1,1,-1
425,[0.2041745  0.50191002],0,0,"[0.16136652152870531, 0.4702958558092887]",1,-1
426,[0.30128986 0.3621384 ],0,-1,-1,-1,-1
427,[0.24125642 0.49693805],0,-1,-1,1,4
428,[0.25943801 0.47346028],0,3,"[0.2557609028514745, 0.41800513927804356]",1,-1
429,[0.19056017 0.45993213],0,0,"[0.16136652152870531, 0.4702958558092887]",1,-1
430,[0.22330053 0.52795753],0,-1,-1,1,4
431,[0.15136744 0.43110877],0,0,"[0.16136652152870531, 0.4702958558092887]",1,-1
432,[0.15149191 0.4632158 ],0,0,"[0.16136652152870531, 0.4702958558092887]",1,-1
433,[0.04977521 0.54210372],0,-1,-1,-1,-1
434,[0.20617495 0.3994764 ],0,3,"[0.2557609028514745, 0.41800513927804356]",1,5
435,[0.18384846 0.43670443],0,0,"[0.16136652152870531, 0.4702958558092887]",1,5
436,[0.15956025 0.44943262],0,0,"[0.16136652152870531, 0.4702958558092887]",1,5
437,[0.34652062 0.62631824],0,-1,-1,1,-1
438,[0.07717216 0.46620815],0,-1,-1,0,-1
439,[0.21271755 0.3856562 ],0,3,"[0.2557609028514745, 0.41800513927804356]",1,-1
440,[0.17570885 0.43566029],0,0,"[0.16136652152870531, 0.4702958558092887]",1,5
441,[0.19016206 0.35960506],0,2,"[0.15623182357509582, 0.31572599614218644]",1,-1
442,[0.12227824 0.50551179],0,0,"[0.16136652152870531, 0.4702958558092887]",-1,-1
443,[0.23248726 0.49914674],0,-1,-1,1,4
444,[0.2353934  0.39459005],0,3,"[0.2557609028514745, 0.41800513927804356]",1,-1
445,[0.2314853  0.43429053],0,3,"[0.2557609028514745, 0.41800513927804356]",1,-1
446,[0.24771958 0.43974381],0,3,"[0.2557609028514745, 0.41800513927804356]",1,-1
447,[0.22842469 0.40742299],0,3,"[0.2557609028514745, 0.41800513927804356]",1,5
448,[0.2749038 0.4494129],0,3,"[0.2557609028514745, 0.41800513927804356]",1,-1
449,[0.21207397 0.40334164],0,3,"[0.2557609028514745, 0.41800513927804356]",1,5
450,[0.27476957 0.50884711],0,-1,-1,1,-1
451,[0.28470773 0.40147168],0,3,"[0.2557609028514745, 0.41800513927804356]",1,-1
452,[0.22808673 0.45049422],0,3,"[0.2557609028514745, 0.41800513927804356]",1,-1
453,[0.17582329 0.47824067],0,0,"[0.16136652152870531, 0.4702958558092887]",1,-1
454,[0.16824986 0.52571481],0,0,"[0.16136652152870531, 0.4702958558092887]",1,-1
455,[0.12338887 0.40152704],0,-1,-1,1,-1
456,[0.14375552 0.49237198],0,0,"[0.16136652152870531, 0.4702958558092887]",1,-1
457,[0.13304429 0.35153853],0,2,"[0.15623182357509582, 0.31572599614218644]",1,6
458,[0.20548913 0.5174365 ],0,0,"[0.16136652152870531, 0.4702958558092887]",1,4
459,[0.14684069 0.46546476],0,0,"[0.16136652152870531, 0.4702958558092887]",1,-1
460,[0.15897938 0.4620976 ],0,0,"[0.16136652152870531, 0.4702958558092887]",1,-1
461,[0.21279692 0.33627789],0,2,"[0.15623182357509582, 0.31572599614218644]",1,-1
462,[0.28639918 0.4387922 ],0,3,"[0.2557609028514745, 0.41800513927804356]",1,-1
463,[0.24382569 0.49850147],0,-1,-1,1,4
464,[0.12491886 0.54112244],0,-1,-1,1,-1
465,[0.16336935 0.39339878],0,-1,-1,1,-1
466,[0.21806477 0.57924165],0,-1,-1,1,-1
467,[0.27955022 0.31096285],0,-1,-1,-1,-1
468,[0.1664591  0.45583367],0,0,"[0.16136652152870531, 0.4702958558092887]",1,5
469,[0.15875789 0.39494572],0,-1,-1,1,-1
470,[0.15382756 0.38510459],0,2,"[0.15623182357509582, 0.31572599614218644]",1,-1
471,[0.2784469  0.46112009],0,3,"[0.2557609028514745, 0.41800513927804356]",1,-1
472,[0.12739583 0.46078061],0,0,"[0.16136652152870531, 0.4702958558092887]",1,-1
473,[0.27696702 0.42868311],0,3,"[0.2557609028514745, 0.41800513927804356]",1,-1
474,[0.25696125 0.37746793],0,3,"[0.2557609028514745, 0.41800513927804356]",1,-1
475,[0.168662   0.60772868],0,-1,-1,-1,-1
476,[0.19591532 0.37679076],0,-1,-1,1,5
477,[0.28068166 0.43990694],0,3,"[0.2557609028514745, 0.41800513927804356]",1,-1
478,[0.25643929 0.45115262],0,3,"[0.2557609028514745, 0.41800513927804356]",1,-1
479,[0.10263383 0.55913613],0,-1,-1,-1,-1
480,[0.19323927 0.36448873],0,2,"[0.15623182357509582, 0.31572599614218644]",1,5
481,[0.27034544 0.46565737],0,3,"[0.2557609028514745, 0.41800513927804356]",1,-1
482,[0.33393007 0.52895926],0,-1,-1,-1,-1
483,[0.21586727 0.35874557],0,-1,-1,1,5
484,[0.09751174 0.44563247],0,0,"[0.16136652152870531, 0.4702958558092887]",-1,-1
485,[0.10299145 0.46287697],0,0,"[0.16136652152870531, 0.4702958558092887]",1,-1
486,[0.25770674 0.48480755],0,3,"[0.2557609028514745, 0.41800513927804356]",1,-1
487,[0.28279737 0.51407325],0,-1,-1,1,-1
488,[0.22280306 0.43377995],0,3,"[0.2557609028514745, 0.41800513927804356]",1,-1
489,[0.14932293 0.43833235],0,0,"[0.16136652152870531, 0.4702958558092887]",1,5
490,[0.19591998 0.53132763],0,-1,-1,1,-1
491,[0.17909532 0.40222667],0,-1,-1,1,-1
492,[0.13506782 0.39115744],0,-1,-1,1,-1
493,[0.14089373 0.57065269],0,-1,-1,1,-1
494,[0.26187182 0.46882832],0,3,"[0.2557609028514745, 0.41800513927804356]",1,-1
495,[0.22776648 0.44051708],0,3,"[0.2557609028514745, 0.41800513927804356]",1,-1
496,[0.13596922 0.37555616],0,2,"[0.15623182357509582, 0.31572599614218644]",1,-1
497,[0.20517503 0.50068894],0,0,"[0.16136652152870531, 0.4702958558092887]",1,-1
498,[0.26460499 0.42165661],0,3,"[0.2557609028514745, 0.41800513927804356]",1,-1
499,[0.22872176 0.38736618],0,3,"[0.2557609028514745, 0.41800513927804356]",1,-1
500,[0.41402468 0.79704541],1,-1,-1,1,-1
501,[0.42030216 0.72075487],1,-1,-1,1,-1
502,[0.40156993 0.80894658],1,-1,-1,1,-1
503,[0.36955078 0.87649763],1,-1,-1,1,-1
504,[0.43053773 0.86081341],1,-1,-1,1,-1
505,[0.49022553 0.76211142],1,-1,-1,1,-1
506,[0.44766269 0.71090373],1,-1,-1,1,-1
507,[0.38852596 0.74541379],1,-1,-1,1,-1
508,[0.34914893 0.84135857],1,-1,-1,1,-1
509,[0.45553992 0.85202127],1,-1,-1,1,-1
510,[0.4570023  0.86906903],1,-1,-1,1,-1
511,[0.39150877 0.85193084],1,-1,-1,1,0
512,[0.38582872 0.75980404],1,-1,-1,1,-1
513,[0.45846198 0.79731146],1,-1,-1,1,-1
514,[0.29905248 0.72319183],1,-1,-1,1,-1
515,[0.41796739 0.81178902],1,-1,-1,1,-1
516,[0.37676721 0.83306389],1,-1,-1,1,0
517,[0.37457279 0.78934388],1,-1,-1,1,1
518,[0.32871215 0.83820803],1,-1,-1,1,-1
519,[0.4748017  0.76245314],1,-1,-1,1,-1
520,[0.35052643 0.84795693],1,-1,-1,1,-1
521,[0.43137342 0.8573296 ],1,-1,-1,1,-1
522,[0.36195139 0.82267538],1,-1,-1,1,0
523,[0.36153405 0.83113641],1,-1,-1,1,0
524,[0.32524372 0.82990378],1,-1,-1,1,-1
525,[0.31280414 0.92791776],1,-1,-1,-1,-1
526,[0.30795009 0.81952081],1,-1,-1,1,-1
527,[0.46870223 0.8049873 ],1,-1,-1,1,-1
528,[0.42981565 0.75261508],1,-1,-1,1,-1
529,[0.44910479 0.88843221],1,-1,-1,1,-1
530,[0.46526496 0.79542772],1,-1,-1,1,-1
531,[0.48011366 0.83912031],1,-1,-1,1,-1
532,[0.4025147  0.77981152],1,-1,-1,1,1
533,[0.4426435  0.84682274],1,-1,-1,1,-1
534,[0.36743719 0.77113804],1,-1,-1,1,-1
535,[0.39987304 0.73356437],1,-1,-1,1,-1
536,[0.45281292 0.86673417],1,-1,-1,1,-1
537,[0.46138741 0.79598519],1,-1,-1,1,-1
538,[0.56580467 0.84416206],1,-1,-1,-1,-1
539,[0.48658309 0.86292181],1,-1,-1,-1,-1
540,[0.46348241 0.77627851],1,-1,-1,1,-1
541,[0.48058029 0.79367072],1,-1,-1,1,-1
542,[0.31398745 0.81150875],1,-1,-1,1,-1
543,[0.48694822 0.86635128],1,-1,-1,-1,-1
544,[0.42002227 0.75829676],1,-1,-1,1,-1
545,[0.46728016 0.83931415],1,-1,-1,1,-1
546,[0.35523475 0.85763365],1,-1,-1,1,-1
547,[0.36891865 0.76232129],1,-1,-1,1,-1
548,[0.40922014 0.83587593],1,-1,-1,1,-1
549,[0.33423054 0.92021189],1,-1,-1,-1,-1
550,[0.36445973 0.843428  ],1,-1,-1,1,-1
551,[0.3671178  0.78011513],1,-1,-1,1,1
552,[0.37824175 0.76908089],1,-1,-1,1,1
553,[0.38652299 0.83443703],1,-1,-1,1,0
554,[0.32578384 0.85057955],1,-1,-1,1,-1
555,[0.43880568 0.80243488],1,-1,-1,1,-1
556,[0.43367091 0.84619834],1,-1,-1,1,-1
557,[0.45266275 0.82900943],1,-1,-1,1,-1
558,[0.37529387 0.78107885],1,-1,-1,1,1
559,[0.38614069 0.81083868],1,-1,-1,1,-1
560,[0.43954335 0.77700007],1,-1,-1,1,-1
561,[0.36752336 0.79524871],1,-1,-1,1,1
562,[0.48325462 0.97753519],1,-1,-1,-1,-1
563,[0.34506044 0.74371046],1,-1,-1,1,-1
564,[0.3147284  0.82038982],1,-1,-1,1,-1
565,[0.41322883 0.83328252],1,-1,-1,1,-1
566,[0.3844512  0.82723478],1,-1,-1,1,0
567,[0.42460697 0.97836185],1,-1,-1,-1,-1
568,[0.40197041 0.85691319],1,-1,-1,1,-1
569,[0.37542336 0.82942684],1,-1,-1,1,0
570,[0.41511417 0.96266882],1,-1,-1,-1,-1
571,[0.3513961  0.80345237],1,-1,-1,1,-1
572,[0.35297837 0.83913302],1,-1,-1,1,-1
573,[0.40513122 0.75585132],1,-1,-1,1,-1
574,[0.41094434 0.83015248],1,-1,-1,1,-1
575,[0.40078609 0.79768069],1,-1,-1,1,-1
576,[0.44155962 0.8260484 ],1,-1,-1,1,-1
577,[0.40760245 0.82506214],1,-1,-1,1,-1
578,[0.36817665 0.80935564],1,-1,-1,1,-1
579,[0.40055783 0.78151074],1,-1,-1,1,1
580,[0.43877313 0.75154412],1,-1,-1,1,-1
581,[0.4360661  0.78592652],1,-1,-1,1,-1
582,[0.35458239 0.8149946 ],1,-1,-1,1,-1
583,[0.38463492 0.86137866],1,-1,-1,1,-1
584,[0.34695943 0.75966132],1,-1,-1,1,-1
585,[0.40654674 0.91468594],1,-1,-1,-1,-1
586,[0.33561504 0.88375054],1,-1,-1,1,-1
587,[0.5229962  0.79129653],1,-1,-1,-1,-1
588,[0.47080474 0.8155986 ],1,-1,-1,1,-1
589,[0.37408924 0.79992792],1,-1,-1,1,-1
590,[0.38137437 0.76456878],1,-1,-1,1,-1
591,[0.39710532 0.78500922],1,-1,-1,1,1
592,[0.50836253 0.89717911],1,-1,-1,-1,-1
593,[0.39726331 0.81513591],1,-1,-1,1,-1
594,[0.45496982 0.96977901],1,-1,-1,-1,-1
595,[0.49511295 0.86264813],1,-1,-1,-1,-1
596,[0.50132686 0.72930093],1,-1,-1,-1,-1
597,[0.31287854 0.84363225],1,-1,-1,1,-1
598,[0.35672474 0.82391443],1,-1,-1,1,-1
599,[0.3909036  0.83212569],1,-1,-1,1,-1
600,[0.42137461 0.80194321],1,-1,-1,1,-1
601,[0.37940718 0.87182146],1,-1,-1,1,-1
602,[0.39788429 0.80405242],1,-1,-1,1,-1
603,[0.38324489 0.77537437],1,-1,-1,1,1
604,[0.34029368 0.90260609],1,-1,-1,1,-1
605,[0.32833004 0.82942265],1,-1,-1,1,-1
606,[0.39826676 0.80943035],1,-1,-1,1,-1
607,[0.4249687 0.9719237],1,-1,-1,-1,-1
608,[0.50246765 0.80499058],1,-1,-1,-1,-1
609,[0.31101727 0.83448845],1,-1,-1,1,-1
610,[0.39256947 0.770406  ],1,-1,-1,1,1
611,[0.44500863 0.80200431],1,-1,-1,1,-1
612,[0.37488238 0.92068075],1,-1,-1,-1,-1
613,[0.45844672 0.80692885],1,-1,-1,1,-1
614,[0.48825583 0.83539321],1,-1,-1,1,-1
615,[0.37500624 0.78947181],1,-1,-1,1,1
616,[0.38009484 0.80282485],1,-1,-1,1,-1
617,[0.3493649  0.79367137],1,-1,-1,1,-1
618,[0.32153509 0.73695273],1,-1,-1,1,-1
619,[0.41894307 0.85341071],1,-1,-1,1,-1
620,[0.39147053 0.75170019],1,-1,-1,1,-1
621,[0.38161529 0.7364814 ],1,-1,-1,1,-1
622,[0.32375475 0.77603714],1,-1,-1,1,-1
623,[0.41956599 0.93051468],1,-1,-1,1,-1
624,[0.43127456 0.78724001],1,-1,-1,1,-1
625,[0.3377923  0.84367762],1,-1,-1,1,-1
626,[0.44565499 0.79127867],1,-1,-1,1,-1
627,[0.44766046 0.87515521],1,-1,-1,1,-1
628,[0.38934034 0.81054357],1,-1,-1,1,-1
629,[0.34604922 0.7301372 ],1,-1,-1,1,-1
630,[0.38221353 0.81384313],1,-1,-1,1,-1
631,[0.35682602 0.77826372],1,-1,-1,1,-1
632,[0.43708308 0.79711434],1,-1,-1,1,-1
633,[0.52546215 0.83230787],1,-1,-1,-1,-1
634,[0.44788239 0.79053441],1,-1,-1,1,-1
635,[0.37026892 0.77577324],1,-1,-1,1,1
636,[0.33564053 0.88256769],1,-1,-1,1,-1
637,[0.44043173 0.7799486 ],1,-1,-1,1,-1
638,[0.40536178 0.82412393],1,-1,-1,1,-1
639,[0.35808898 0.81833502],1,-1,-1,1,-1
640,[0.34452962 0.8155856 ],1,-1,-1,1,-1
641,[0.43183655 0.80051177],1,-1,-1,1,-1
642,[0.46090434 0.85017093],1,-1,-1,1,-1
643,[0.3135724  0.82879629],1,-1,-1,1,-1
644,[0.38436879 0.79387209],1,-1,-1,1,-1
645,[0.31940926 0.85707967],1,-1,-1,1,-1
646,[0.34066199 0.85504964],1,-1,-1,1,-1
647,[0.42668257 0.87814555],1,-1,-1,1,-1
648,[0.36829718 0.87372   ],1,-1,-1,1,-1
649,[0.34641658 0.90041992],1,-1,-1,1,-1
650,[0.41545938 0.81183439],1,-1,-1,1,-1
651,[0.40325686 0.8612177 ],1,-1,-1,1,-1
652,[0.34881074 0.81895268],1,-1,-1,1,-1
653,[0.36290642 0.81555893],1,-1,-1,1,-1
654,[0.35386785 0.81845107],1,-1,-1,1,-1
655,[0.44523647 0.76736237],1,-1,-1,1,-1
656,[0.39435811 0.87385998],1,-1,-1,1,-1
657,[0.417141   0.87785136],1,-1,-1,1,-1
658,[0.32526942 0.76816559],1,-1,-1,1,-1
659,[0.40070601 0.87708332],1,-1,-1,1,-1
660,[0.36770586 0.87058716],1,-1,-1,1,-1
661,[0.34748019 0.89945009],1,-1,-1,1,-1
662,[0.34186396 0.90210498],1,-1,-1,1,-1
663,[0.36701213 0.79480699],1,-1,-1,1,1
664,[0.34830067 0.80471771],1,-1,-1,1,-1
665,[0.51915121 0.84444869],1,-1,-1,-1,-1
666,[0.38263373 0.78945846],1,-1,-1,1,1
667,[0.44058643 0.74168592],1,-1,-1,1,-1
668,[0.42765303 0.84421806],1,-1,-1,1,-1
669,[0.38101451 0.82828078],1,-1,-1,1,0
670,[0.38993965 0.84448349],1,-1,-1,1,-1
671,[0.39761156 0.86028676],1,-1,-1,1,-1
672,[0.37126949 0.83373298],1,-1,-1,1,0
673,[0.39837591 0.77190372],1,-1,-1,1,1
674,[0.34060554 0.87581512],1,-1,-1,1,-1
675,[0.27148576 0.67434594],1,1,"[0.2647697883233083, 0.6560224337357465]",1,-1
676,[0.43658485 0.86845813],1,-1,-1,1,-1
677,[0.44687589 0.90486097],1,-1,-1,1,-1
678,[0.43019188 0.86516621],1,-1,-1,1,-1
679,[0.40254018 0.84927476],1,-1,-1,1,-1
680,[0.49879941 0.84188471],1,-1,-1,-1,-1
681,[0.34506673 0.74460746],1,-1,-1,1,-1
682,[0.44437189 0.74322555],1,-1,-1,1,-1
683,[0.36005329 0.77286052],1,-1,-1,1,-1
684,[0.52111998 0.80070428],1,-1,-1,-1,-1
685,[0.37406402 0.85930856],1,-1,-1,1,-1
686,[0.40819697 0.70367509],1,-1,-1,1,-1
687,[0.36724518 0.67715744],1,-1,-1,1,-1
688,[0.39733917 0.84583517],1,-1,-1,1,-1
689,[0.38145812 0.91052502],1,-1,-1,1,-1
690,[0.25338922 0.89126685],1,-1,-1,-1,-1
691,[0.37182576 0.81673166],1,-1,-1,1,0
692,[0.35537753 0.80681863],1,-1,-1,1,-1
693,[0.41108252 0.7345225 ],1,-1,-1,1,-1
694,[0.35501679 0.75328298],1,-1,-1,1,-1
695,[0.32934527 0.83000228],1,-1,-1,1,-1
696,[0.37879088 0.84222014],1,-1,-1,1,0
697,[0.38238859 0.82090829],1,-1,-1,1,0
698,[0.51800508 0.86860366],1,-1,-1,-1,-1
699,[0.33838121 0.7668239 ],1,-1,-1,1,-1
700,[0.41350104 0.85677762],1,-1,-1,1,-1
701,[0.35505105 0.73910085],1,-1,-1,1,-1
702,[0.38075458 0.89080942],1,-1,-1,1,-1
703,[0.41358937 0.78708876],1,-1,-1,1,-1
704,[0.38601975 0.77133932],1,-1,-1,1,1
705,[0.42808573 0.72821574],1,-1,-1,1,-1
706,[0.37509592 0.84237369],1,-1,-1,1,0
707,[0.37103085 0.85472701],1,-1,-1,1,-1
708,[0.44306334 0.90616001],1,-1,-1,1,-1
709,[0.39009941 0.75241357],1,-1,-1,1,-1
710,[0.31810112 0.80786025],1,-1,-1,1,-1
711,[0.29232294 0.87166787],1,-1,-1,-1,-1
712,[0.33934997 0.75652145],1,-1,-1,1,-1
713,[0.35907352 0.82351921],1,-1,-1,1,-1
714,[0.36057999 0.82450918],1,-1,-1,1,-1
715,[0.36917495 0.83933386],1,-1,-1,1,-1
716,[0.46934293 0.76642748],1,-1,-1,1,-1
717,[0.39158843 0.72123331],1,-1,-1,1,-1
718,[0.3858987  0.90114542],1,-1,-1,1,-1
719,[0.44520049 0.91903421],1,-1,-1,1,-1
720,[0.40623678 0.75821531],1,-1,-1,1,-1
721,[0.45186079 0.93077304],1,-1,-1,-1,-1
722,[0.39403736 0.77270716],1,-1,-1,1,1
723,[0.32092471 0.82811391],1,-1,-1,1,-1
724,[0.47156077 0.74923705],1,-1,-1,1,-1
725,[0.37175654 0.77707524],1,-1,-1,1,1
726,[0.439478   0.79528356],1,-1,-1,1,-1
727,[0.47026389 0.76809732],1,-1,-1,1,-1
728,[0.38703312 0.8126333 ],1,-1,-1,1,-1
729,[0.37988376 0.82092674],1,-1,-1,1,0
730,[0.39408257 0.85332795],1,-1,-1,1,-1
731,[0.38431723 0.81236597],1,-1,-1,1,-1
732,[0.36487897 0.86359827],1,-1,-1,1,-1
733,[0.43104929 0.72249859],1,-1,-1,1,-1
734,[0.43905269 0.89064168],1,-1,-1,1,-1
735,[0.33359373 0.79523919],1,-1,-1,1,-1
736,[0.43858912 0.83875496],1,-1,-1,1,-1
737,[0.38532928 0.9025827 ],1,-1,-1,1,-1
738,[0.38780976 0.84254075],1,-1,-1,1,-1
739,[0.48478173 0.7961075 ],1,-1,-1,1,-1
740,[0.43887279 0.76528039],1,-1,-1,1,-1
741,[0.37192252 0.82993993],1,-1,-1,1,0
742,[0.37425719 0.80169561],1,-1,-1,1,1
743,[0.38554365 0.77966711],1,-1,-1,1,1
744,[0.42713689 0.90657702],1,-1,-1,1,-1
745,[0.37148209 0.70813464],1,-1,-1,1,-1
746,[0.36360104 0.78204464],1,-1,-1,1,1
747,[0.43513706 0.83738199],1,-1,-1,1,-1
748,[0.32534931 0.82798301],1,-1,-1,1,-1
749,[0.31452586 0.84650876],1,-1,-1,1,-1
750,[0.47325677 0.75172849],1,-1,-1,1,-1
751,[0.42277258 0.78875135],1,-1,-1,1,-1
752,[0.36066963 0.82301573],1,-1,-1,1,0
753,[0.4181973  0.78780315],1,-1,-1,1,-1
754,[0.36088007 0.78881945],1,-1,-1,1,-1
755,[0.4258715  0.93206549],1,-1,-1,1,-1
756,[0.44530042 0.69083602],1,-1,-1,-1,-1
757,[0.40413333 0.69629663],1,-1,-1,-1,-1
758,[0.46139923 0.84807145],1,-1,-1,1,-1
759,[0.45389168 0.87624869],1,-1,-1,1,-1
760,[0.40916596 0.81188514],1,-1,-1,1,-1
761,[0.47647575 0.80597674],1,-1,-1,1,-1
762,[0.43605116 0.77775817],1,-1,-1,1,-1
763,[0.36285382 0.85365693],1,-1,-1,1,-1
764,[0.38520667 0.79420007],1,-1,-1,1,1
765,[0.4305735  0.68851803],1,-1,-1,-1,-1
766,[0.32637659 0.80505124],1,-1,-1,1,-1
767,[0.47519964 0.86293958],1,-1,-1,1,-1
768,[0.42687962 0.7842879 ],1,-1,-1,1,-1
769,[0.42232794 0.80144035],1,-1,-1,1,-1
770,[0.3126884  0.75824763],1,-1,-1,1,-1
771,[0.50857106 0.82276772],1,-1,-1,1,-1
772,[0.39949402 0.86638222],1,-1,-1,1,-1
773,[0.4501762  0.82447937],1,-1,-1,1,-1
774,[0.39729531 0.77220843],1,-1,-1,1,1
775,[0.52289892 0.87171314],1,-1,-1,-1,-1
776,[0.41440486 0.83098892],1,-1,-1,1,-1
777,[0.35816437 0.89267851],1,-1,-1,1,-1
778,[0.54216969 0.78923529],1,-1,-1,-1,-1
779,[0.41326343 0.92709389],1,-1,-1,1,-1
780,[0.39969843 0.75575248],1,-1,-1,1,-1
781,[0.29765127 0.85603806],1,-1,-1,1,-1
782,[0.38973765 0.86978315],1,-1,-1,1,-1
783,[0.35051658 0.87307423],1,-1,-1,1,-1
784,[0.39898391 0.73505047],1,-1,-1,1,-1
785,[0.42836173 0.82800163],1,-1,-1,1,-1
786,[0.33406781 0.84896916],1,-1,-1,1,-1
787,[0.36868407 0.76676605],1,-1,-1,1,-1
788,[0.36340536 0.77956391],1,-1,-1,1,1
789,[0.40602002 0.79249368],1,-1,-1,1,-1
790,[0.3565125 0.7898886],1,-1,-1,1,-1
791,[0.40861998 0.83524712],1,-1,-1,1,-1
792,[0.36291528 0.81398458],1,-1,-1,1,-1
793,[0.35165555 0.71181995],1,-1,-1,1,-1
794,[0.39462853 0.89787047],1,-1,-1,1,-1
795,[0.39650454 0.81619017],1,-1,-1,1,-1
796,[0.33262517 0.78165723],1,-1,-1,1,-1
797,[0.44714819 0.77104749],1,-1,-1,1,-1
798,[0.3740621  0.77401095],1,-1,-1,1,1
799,[0.51262122 0.89927078],1,-1,-1,-1,-1
800,[0.46207868 0.92204409],1,-1,-1,-1,-1
801,[0.43445167 0.83666891],1,-1,-1,1,-1
802,[0.43061815 0.86393632],1,-1,-1,1,-1
803,[0.47162853 0.73409504],1,-1,-1,-1,-1
804,[0.28881269 0.86265879],1,-1,-1,-1,-1
805,[0.38607807 0.83853382],1,-1,-1,1,0
806,[0.4279626  0.68320466],1,-1,-1,-1,-1
807,[0.39637775 0.7797069 ],1,-1,-1,1,1
808,[0.35113264 0.77418391],1,-1,-1,1,-1
809,[0.56033131 0.81816019],1,-1,-1,-1,-1
810,[0.34009507 0.86891935],1,-1,-1,1,-1
811,[0.4312995  0.89575913],1,-1,-1,1,-1
812,[0.38263954 0.86029546],1,-1,-1,1,-1
813,[0.34794885 0.86619804],1,-1,-1,1,-1
814,[0.37441032 0.83034653],1,-1,-1,1,0
815,[0.36487065 0.78401221],1,-1,-1,1,1
816,[0.39931744 0.80039962],1,-1,-1,1,-1
817,[0.33700508 0.91695144],1,-1,-1,-1,-1
818,[0.40219624 0.76729158],1,-1,-1,1,-1
819,[0.30748033 0.81991201],1,-1,-1,1,-1
820,[0.42739186 0.71717313],1,-1,-1,1,-1
821,[0.37018563 0.82833977],1,-1,-1,1,0
822,[0.3643126  0.78992362],1,-1,-1,1,1
823,[0.44375535 0.72602334],1,-1,-1,1,-1
824,[0.28542097 0.7591454 ],1,-1,-1,1,-1
825,[0.35567721 0.86259151],1,-1,-1,1,-1
826,[0.45341565 0.75978322],1,-1,-1,1,-1
827,[0.39031806 0.77400625],1,-1,-1,1,1
828,[0.36698683 0.8753308 ],1,-1,-1,1,-1
829,[0.348584   0.86702793],1,-1,-1,1,-1
830,[0.3893515  0.86631641],1,-1,-1,1,-1
831,[0.35643616 0.72389924],1,-1,-1,1,-1
832,[0.500352   0.97419737],1,-1,-1,-1,-1
833,[0.5051568  0.83308737],1,-1,-1,1,-1
834,[0.42035659 0.84290067],1,-1,-1,1,-1
835,[0.41753192 0.95058914],1,-1,-1,-1,-1
836,[0.44857339 0.92223762],1,-1,-1,1,-1
837,[0.42536587 0.89974517],1,-1,-1,1,-1
838,[0.37175111 0.79222815],1,-1,-1,1,1
839,[0.36365064 0.88176756],1,-1,-1,1,-1
840,[0.50028888 0.81158566],1,-1,-1,-1,-1
841,[0.42070511 0.78575522],1,-1,-1,1,-1
842,[0.36835101 0.73871149],1,-1,-1,1,-1
843,[0.4744555  0.77393506],1,-1,-1,1,-1
844,[0.34156498 0.7962572 ],1,-1,-1,1,-1
845,[0.37121297 0.79520669],1,-1,-1,1,1
846,[0.35723885 0.88756068],1,-1,-1,1,-1
847,[0.3969396  0.82888183],1,-1,-1,1,-1
848,[0.38886724 0.76592795],1,-1,-1,1,-1
849,[0.3933614  0.79207291],1,-1,-1,1,-1
850,[0.41606526 0.82130545],1,-1,-1,1,-1
851,[0.35304606 0.83577312],1,-1,-1,1,-1
852,[0.3633821  0.85333918],1,-1,-1,1,-1
853,[0.34935049 0.79614545],1,-1,-1,1,-1
854,[0.37649387 0.76633755],1,-1,-1,1,-1
855,[0.38822998 0.78035353],1,-1,-1,1,1
856,[0.36873629 0.90283229],1,-1,-1,1,-1
857,[0.41670171 0.75602143],1,-1,-1,1,-1
858,[0.41063188 0.77414353],1,-1,-1,1,-1
859,[0.32017457 0.76111429],1,-1,-1,1,-1
860,[0.44746197 0.72040786],1,-1,-1,1,-1
861,[0.34574961 0.75947476],1,-1,-1,1,-1
862,[0.36079921 0.86179043],1,-1,-1,1,-1
863,[0.38698811 0.87090329],1,-1,-1,1,-1
864,[0.36165805 0.86727356],1,-1,-1,1,-1
865,[0.37965747 0.8533056 ],1,-1,-1,1,-1
866,[0.37865939 0.88121178],1,-1,-1,1,-1
867,[0.49174942 0.77897888],1,-1,-1,1,-1
868,[0.36784745 0.85009105],1,-1,-1,1,-1
869,[0.41179218 0.74055531],1,-1,-1,1,-1
870,[0.37631369 0.84522268],1,-1,-1,1,0
871,[0.49295834 0.78081452],1,-1,-1,1,-1
872,[0.34523198 0.83440922],1,-1,-1,1,-1
873,[0.38512408 0.78231948],1,-1,-1,1,1
874,[0.37857945 0.77202817],1,-1,-1,1,1
875,[0.42470582 0.70816433],1,-1,-1,1,-1
876,[0.3814205  0.83708582],1,-1,-1,1,0
877,[0.40337076 0.66942919],1,-1,-1,-1,-1
878,[0.37058559 0.74515575],1,-1,-1,1,-1
879,[0.48079284 0.89052038],1,-1,-1,-1,-1
880,[0.4093596  0.79181788],1,-1,-1,1,1
881,[0.43523324 0.84896382],1,-1,-1,1,-1
882,[0.29289843 0.89186415],1,-1,-1,-1,-1
883,[0.39526256 0.73123735],1,-1,-1,1,-1
884,[0.44026197 0.72864116],1,-1,-1,1,-1
885,[0.40734495 0.87820414],1,-1,-1,1,-1
886,[0.46489771 0.83057198],1,-1,-1,1,-1
887,[0.34877889 0.85834909],1,-1,-1,1,-1
888,[0.43944181 0.89386972],1,-1,-1,1,-1
889,[0.31824809 0.80735685],1,-1,-1,1,-1
890,[0.39536406 0.78723959],1,-1,-1,1,1
891,[0.36826402 0.8083556 ],1,-1,-1,1,-1
892,[0.32744061 0.79909831],1,-1,-1,1,-1
893,[0.41132221 0.71485348],1,-1,-1,1,-1
894,[0.3940696 0.7838384],1,-1,-1,1,1
895,[0.40652943 0.88315082],1,-1,-1,1,-1
896,[0.36321828 0.74886604],1,-1,-1,1,-1
897,[0.46501798 0.81297127],1,-1,-1,1,-1
898,[0.29589009 0.84474288],1,-1,-1,1,-1
899,[0.4087268  0.73937161],1,-1,-1,1,-1
900,[0.39052205 0.8382323 ],1,-1,-1,1,-1
901,[0.32402125 0.81941184],1,-1,-1,1,-1
902,[0.37920968 0.8276547 ],1,-1,-1,1,0
903,[0.45011397 0.80317842],1,-1,-1,1,-1
904,[0.37376794 0.86038212],1,-1,-1,1,-1
905,[0.41382782 0.91689796],1,-1,-1,1,-1
906,[0.36892432 0.74477209],1,-1,-1,1,-1
907,[0.47500958 0.81055026],1,-1,-1,1,-1
908,[0.37383231 0.82118783],1,-1,-1,1,0
909,[0.48571202 0.73631567],1,-1,-1,-1,-1
910,[0.24791745 0.74995311],1,-1,-1,1,-1
911,[0.32878627 0.85378812],1,-1,-1,1,-1
912,[0.36292494 0.81519514],1,-1,-1,1,-1
913,[0.37448042 0.73380498],1,-1,-1,1,-1
914,[0.44276248 0.82205587],1,-1,-1,1,-1
915,[0.46512195 0.79844592],1,-1,-1,1,-1
916,[0.31630475 0.83255828],1,-1,-1,1,-1
917,[0.46141778 0.81526277],1,-1,-1,1,-1
918,[0.32570575 0.79173717],1,-1,-1,1,-1
919,[0.45673265 0.88263511],1,-1,-1,1,-1
920,[0.33772933 0.77834061],1,-1,-1,1,-1
921,[0.26902542 0.80589377],1,-1,-1,-1,-1
922,[0.39376233 1.        ],1,-1,-1,-1,-1
923,[0.39047419 0.89904337],1,-1,-1,1,-1
924,[0.40326362 0.78016798],1,-1,-1,1,1
925,[0.43522223 0.89639272],1,-1,-1,1,-1
926,[0.32953522 0.83878479],1,-1,-1,1,-1
927,[0.45184556 0.74976757],1,-1,-1,1,-1
928,[0.40687373 0.81658657],1,-1,-1,1,-1
929,[0.42579297 0.92729025],1,-1,-1,-1,-1
930,[0.36114016 0.77767416],1,-1,-1,1,-1
931,[0.43727555 0.82984349],1,-1,-1,1,-1
932,[0.39926947 0.70348355],1,-1,-1,1,-1
933,[0.40408034 0.81692996],1,-1,-1,1,-1
934,[0.38618956 0.78300635],1,-1,-1,1,1
935,[0.37133039 0.78856218],1,-1,-1,1,1
936,[0.46725459 0.84135946],1,-1,-1,1,-1
937,[0.43752303 0.83295547],1,-1,-1,1,-1
938,[0.43341048 0.78029091],1,-1,-1,1,-1
939,[0.4758055  0.84874984],1,-1,-1,1,-1
940,[0.46014278 0.8199583 ],1,-1,-1,1,-1
941,[0.42212665 0.8550852 ],1,-1,-1,1,-1
942,[0.40164862 0.77009449],1,-1,-1,1,-1
943,[0.41495597 0.89772219],1,-1,-1,1,-1
944,[0.43665962 0.76987589],1,-1,-1,1,-1
945,[0.42446779 0.87106948],1,-1,-1,1,-1
946,[0.42402677 0.78817184],1,-1,-1,1,-1
947,[0.33415946 0.88205328],1,-1,-1,1,-1
948,[0.42124149 0.98292638],1,-1,-1,-1,-1
949,[0.43415433 0.86249467],1,-1,-1,1,-1
950,[0.36945712 0.85428871],1,-1,-1,1,-1
951,[0.4988181  0.83453896],1,-1,-1,1,-1
952,[0.3919099  0.73091105],1,-1,-1,1,-1
953,[0.40228751 0.6867081 ],1,-1,-1,1,-1
954,[0.43262214 0.8687526 ],1,-1,-1,1,-1
955,[0.3399258  0.79007873],1,-1,-1,1,-1
956,[0.38440701 0.71286944],1,-1,-1,1,-1
957,[0.3261736  0.78541849],1,-1,-1,1,-1
958,[0.3311149  0.85013906],1,-1,-1,1,-1
959,[0.4285689  0.81076345],1,-1,-1,1,-1
960,[0.42924667 0.72823432],1,-1,-1,1,-1
961,[0.39624638 0.82197575],1,-1,-1,1,0
962,[0.40125791 0.79383819],1,-1,-1,1,-1
963,[0.39460278 0.86313449],1,-1,-1,1,-1
964,[0.37717846 0.72300621],1,-1,-1,1,-1
965,[0.3797209  0.79195498],1,-1,-1,1,1
966,[0.32678003 0.83719441],1,-1,-1,1,-1
967,[0.44904562 0.8632881 ],1,-1,-1,1,-1
968,[0.4184483  0.82790654],1,-1,-1,1,-1
969,[0.31749837 0.76243907],1,-1,-1,1,-1
970,[0.44089185 0.72135595],1,-1,-1,1,-1
971,[0.36080207 0.88711846],1,-1,-1,1,-1
972,[0.33082545 0.82484302],1,-1,-1,1,-1
973,[0.45506232 0.75490569],1,-1,-1,1,-1
974,[0.28432282 0.74908556],1,-1,-1,1,-1
975,[0.41247781 0.79194172],1,-1,-1,1,-1
976,[0.46816823 0.88828687],1,-1,-1,-1,-1
977,[0.33824291 0.84496285],1,-1,-1,1,-1
978,[0.39963239 0.84010737],1,-1,-1,1,-1
979,[0.3685244  0.77191582],1,-1,-1,1,-1
980,[0.37909876 0.86686922],1,-1,-1,1,-1
981,[0.39951561 0.83767117],1,-1,-1,1,-1
982,[0.42509146 0.83154182],1,-1,-1,1,-1
983,[0.3803317  0.74154154],1,-1,-1,1,-1
984,[0.40188137 0.85020868],1,-1,-1,1,-1
985,[0.41060464 0.79009908],1,-1,-1,1,-1
986,[0.46690892 0.78223458],1,-1,-1,1,-1
987,[0.44359734 0.88538949],1,-1,-1,1,-1
988,[0.44491617 0.86618547],1,-1,-1,1,-1
989,[0.41894768 0.79567778],1,-1,-1,1,-1
990,[0.32222979 0.83871993],1,-1,-1,1,-1
991,[0.42756941 0.7425476 ],1,-1,-1,1,-1
992,[0.51483077 0.85912128],1,-1,-1,-1,-1
993,[0.43441622 0.84165998],1,-1,-1,1,-1
994,[0.40999751 0.86583059],1,-1,-1,1,-1
995,[0.43266038 0.771302  ],1,-1,-1,1,-1
996,[0.40272383 0.85832556],1,-1,-1,1,-1
997,[0.39078594 0.89805089],1,-1,-1,1,-1
998,[0.44431148 0.85661164],1,-1,-1,1,-1
999,[0.43559314 0.88178371],1,-1,-1,1,-1
1000,[0.02740106 0.23880281],2,-1,-1,-1,-1
1001,[0.14252392 0.26455374],2,2,"[0.15623182357509582, 0.31572599614218644]",1,-1
1002,[0.12705393 0.26666439],2,2,"[0.15623182357509582, 0.31572599614218644]",1,-1
1003,[0.03952939 0.34765897],2,-1,-1,1,-1
1004,[0.21479664 0.31998304],2,2,"[0.15623182357509582, 0.31572599614218644]",1,-1
1005,[0.09728297 0.27516543],2,-1,-1,1,-1
1006,[0.23450302 0.30023818],2,-1,-1,1,-1
1007,[0.22971921 0.35553688],2,3,"[0.2557609028514745, 0.41800513927804356]",1,-1
1008,[0.23008226 0.35259289],2,-1,-1,1,-1
1009,[0.17146461 0.31630218],2,2,"[0.15623182357509582, 0.31572599614218644]",1,-1
1010,[0.12388078 0.3044308 ],2,2,"[0.15623182357509582, 0.31572599614218644]",1,-1
1011,[0.17300212 0.28574568],2,2,"[0.15623182357509582, 0.31572599614218644]",1,-1
1012,[0.21132049 0.32090355],2,2,"[0.15623182357509582, 0.31572599614218644]",1,-1
1013,[0.19472464 0.36412387],2,2,"[0.15623182357509582, 0.31572599614218644]",1,5
1014,[0.07412616 0.36247544],2,-1,-1,1,-1
1015,[0.16537555 0.38887678],2,-1,-1,1,-1
1016,[0.16421953 0.3207132 ],2,2,"[0.15623182357509582, 0.31572599614218644]",1,6
1017,[0.10003642 0.2169542 ],2,-1,-1,-1,-1
1018,[0.16861667 0.3258891 ],2,2,"[0.15623182357509582, 0.31572599614218644]",1,6
1019,[0.1437359  0.40840605],2,0,"[0.16136652152870531, 0.4702958558092887]",1,-1
1020,[0.15898174 0.32590807],2,2,"[0.15623182357509582, 0.31572599614218644]",1,6
1021,[0.27051685 0.3127924 ],2,-1,-1,1,-1
1022,[0.12151687 0.49277004],2,0,"[0.16136652152870531, 0.4702958558092887]",1,-1
1023,[0.22558141 0.43900153],2,3,"[0.2557609028514745, 0.41800513927804356]",1,5
1024,[0.14406209 0.35599765],2,2,"[0.15623182357509582, 0.31572599614218644]",1,6
1025,[0.24215833 0.28971029],2,-1,-1,1,-1
1026,[0.14694724 0.29393952],2,2,"[0.15623182357509582, 0.31572599614218644]",1,-1
1027,[0.22032272 0.30528529],2,2,"[0.15623182357509582, 0.31572599614218644]",1,-1
1028,[0.13149301 0.2741094 ],2,2,"[0.15623182357509582, 0.31572599614218644]",1,-1
1029,[0.14850691 0.39242751],2,-1,-1,1,-1
1030,[0.07354221 0.36091538],2,-1,-1,1,-1
1031,[0.20664334 0.32040403],2,2,"[0.15623182357509582, 0.31572599614218644]",1,-1
1032,[0.13506695 0.29922515],2,2,"[0.15623182357509582, 0.31572599614218644]",1,-1
1033,[0.24978769 0.39257087],2,3,"[0.2557609028514745, 0.41800513927804356]",1,-1
1034,[0.20224324 0.35240532],2,2,"[0.15623182357509582, 0.31572599614218644]",1,-1
1035,[0.1265538  0.23252462],2,-1,-1,1,-1
1036,[0.13670152 0.33497937],2,2,"[0.15623182357509582, 0.31572599614218644]",1,-1
1037,[0.19983525 0.22632162],2,-1,-1,1,-1
1038,[0.08609693 0.25617473],2,-1,-1,-1,-1
1039,[0.20826051 0.31783719],2,2,"[0.15623182357509582, 0.31572599614218644]",1,-1
1040,[0.15217248 0.25151237],2,2,"[0.15623182357509582, 0.31572599614218644]",1,-1
1041,[0.18547608 0.2935013 ],2,2,"[0.15623182357509582, 0.31572599614218644]",1,-1
1042,[0.11137222 0.26604409],2,2,"[0.15623182357509582, 0.31572599614218644]",1,-1
1043,[0.11999159 0.38698848],2,-1,-1,1,-1
1044,[0.13085483 0.2502132 ],2,-1,-1,1,-1
1045,[0.15086887 0.35199773],2,2,"[0.15623182357509582, 0.31572599614218644]",1,-1
1046,[0.07982301 0.33874702],2,-1,-1,1,-1
1047,[0.         0.35476751],2,-1,-1,-1,-1
1048,[0.18410622 0.22183014],2,-1,-1,1,-1
1049,[0.14092894 0.33913058],2,2,"[0.15623182357509582, 0.31572599614218644]",1,-1
1050,[0.22161483 0.35056484],2,-1,-1,1,-1
1051,[0.13541176 0.36171725],2,2,"[0.15623182357509582, 0.31572599614218644]",1,6
1052,[0.15501641 0.3083093 ],2,2,"[0.15623182357509582, 0.31572599614218644]",1,-1
1053,[0.25578473 0.37182295],2,3,"[0.2557609028514745, 0.41800513927804356]",1,-1
1054,[0.19090122 0.23206612],2,-1,-1,1,-1
1055,[0.0967117 0.2285768],2,-1,-1,-1,-1
1056,[0.21149821 0.3323271 ],2,2,"[0.15623182357509582, 0.31572599614218644]",1,-1
1057,[0.18834152 0.36126   ],2,2,"[0.15623182357509582, 0.31572599614218644]",1,-1
1058,[0.12040703 0.21639095],2,-1,-1,1,-1
1059,[0.11632797 0.34512241],2,2,"[0.15623182357509582, 0.31572599614218644]",1,6
1060,[0.17781321 0.32024818],2,2,"[0.15623182357509582, 0.31572599614218644]",1,-1
1061,[0.2191902  0.27575368],2,-1,-1,1,-1
1062,[0.258573   0.26317102],2,-1,-1,1,-1
1063,[0.13074805 0.20981702],2,-1,-1,1,-1
1064,[0.16913297 0.41578349],2,0,"[0.16136652152870531, 0.4702958558092887]",1,-1
1065,[0.22539614 0.36343622],2,3,"[0.2557609028514745, 0.41800513927804356]",1,-1
1066,[0.26453122 0.35735721],2,3,"[0.2557609028514745, 0.41800513927804356]",1,-1
1067,[0.16543199 0.27653897],2,2,"[0.15623182357509582, 0.31572599614218644]",1,-1
1068,[0.09104238 0.37099331],2,-1,-1,1,-1
1069,[0.09590157 0.28843414],2,2,"[0.15623182357509582, 0.31572599614218644]",1,-1
1070,[0.14163325 0.30224543],2,2,"[0.15623182357509582, 0.31572599614218644]",1,-1
1071,[0.2008902  0.28625957],2,2,"[0.15623182357509582, 0.31572599614218644]",1,-1
1072,[0.12348234 0.35526007],2,2,"[0.15623182357509582, 0.31572599614218644]",1,6
1073,[0.13100433 0.30803432],2,2,"[0.15623182357509582, 0.31572599614218644]",1,-1
1074,[0.20565953 0.31708353],2,2,"[0.15623182357509582, 0.31572599614218644]",1,-1
1075,[0.12322564 0.38908767],2,-1,-1,1,-1
1076,[0.12935468 0.35439455],2,2,"[0.15623182357509582, 0.31572599614218644]",1,6
1077,[0.16722015 0.35957745],2,2,"[0.15623182357509582, 0.31572599614218644]",1,-1
1078,[0.22319675 0.37170021],2,3,"[0.2557609028514745, 0.41800513927804356]",1,-1
1079,[0.14141196 0.34339926],2,2,"[0.15623182357509582, 0.31572599614218644]",1,6
1080,[0.14113954 0.42395501],2,0,"[0.16136652152870531, 0.4702958558092887]",1,-1
1081,[0.18042915 0.39517519],2,-1,-1,1,-1
1082,[0.03583143 0.36435339],2,-1,-1,-1,-1
1083,[0.16906817 0.35364676],2,2,"[0.15623182357509582, 0.31572599614218644]",1,-1
1084,[0.09940367 0.27901324],2,2,"[0.15623182357509582, 0.31572599614218644]",1,-1
1085,[0.14083152 0.32059874],2,2,"[0.15623182357509582, 0.31572599614218644]",1,-1
1086,[0.14818758 0.36523856],2,2,"[0.15623182357509582, 0.31572599614218644]",1,-1
1087,[0.19854887 0.4206126 ],2,3,"[0.2557609028514745, 0.41800513927804356]",1,5
1088,[0.10170294 0.26765022],2,-1,-1,1,-1
1089,[0.21455843 0.31844132],2,2,"[0.15623182357509582, 0.31572599614218644]",1,-1
1090,[0.1170727  0.31991438],2,2,"[0.15623182357509582, 0.31572599614218644]",1,-1
1091,[0.18234874 0.23245417],2,-1,-1,1,-1
1092,[0.21485251 0.25814318],2,-1,-1,1,-1
1093,[0.21514099 0.36057913],2,-1,-1,1,5
1094,[0.0895528  0.29861138],2,2,"[0.15623182357509582, 0.31572599614218644]",1,-1
1095,[0.15021176 0.28840663],2,2,"[0.15623182357509582, 0.31572599614218644]",1,-1
1096,[0.10262294 0.2700192 ],2,-1,-1,1,-1
1097,[0.19482399 0.2997324 ],2,2,"[0.15623182357509582, 0.31572599614218644]",1,-1
1098,[0.06909745 0.28868962],2,-1,-1,-1,-1
1099,[0.12862789 0.33884744],2,2,"[0.15623182357509582, 0.31572599614218644]",1,6
1100,[0.21861848 0.20114921],2,-1,-1,-1,-1
1101,[0.21137064 0.30754408],2,2,"[0.15623182357509582, 0.31572599614218644]",1,-1
1102,[0.18317137 0.36985098],2,2,"[0.15623182357509582, 0.31572599614218644]",1,-1
1103,[0.14478208 0.30990485],2,2,"[0.15623182357509582, 0.31572599614218644]",1,-1
1104,[0.22909226 0.3766263 ],2,3,"[0.2557609028514745, 0.41800513927804356]",1,-1
1105,[0.19998651 0.38035973],2,3,"[0.2557609028514745, 0.41800513927804356]",1,5
1106,[0.15419866 0.2898828 ],2,2,"[0.15623182357509582, 0.31572599614218644]",1,-1
1107,[0.16911009 0.32794003],2,2,"[0.15623182357509582, 0.31572599614218644]",1,6
1108,[0.26321862 0.24518971],2,-1,-1,1,-1
1109,[0.03029875 0.31042964],2,-1,-1,-1,-1
1110,[0.17189134 0.25944135],2,2,"[0.15623182357509582, 0.31572599614218644]",1,-1
1111,[0.26334028 0.35512811],2,3,"[0.2557609028514745, 0.41800513927804356]",1,-1
1112,[0.09636939 0.31646326],2,2,"[0.15623182357509582, 0.31572599614218644]",1,-1
1113,[0.14702118 0.37834477],2,2,"[0.15623182357509582, 0.31572599614218644]",1,-1
1114,[0.16833791 0.45118168],2,0,"[0.16136652152870531, 0.4702958558092887]",1,5
1115,[0.185257   0.27905247],2,2,"[0.15623182357509582, 0.31572599614218644]",1,-1
1116,[0.18909964 0.36345897],2,2,"[0.15623182357509582, 0.31572599614218644]",1,-1
1117,[0.26816995 0.34462672],2,-1,-1,1,-1
1118,[0.08851855 0.22994661],2,-1,-1,-1,-1
1119,[0.27852935 0.30404064],2,-1,-1,-1,-1
1120,[0.13425083 0.34637298],2,2,"[0.15623182357509582, 0.31572599614218644]",1,6
1121,[0.20935054 0.39537596],2,3,"[0.2557609028514745, 0.41800513927804356]",1,5
1122,[0.25476777 0.36005062],2,3,"[0.2557609028514745, 0.41800513927804356]",1,-1
1123,[0.10422562 0.38755505],2,-1,-1,1,-1
1124,[0.08102486 0.35715559],2,-1,-1,1,-1
1125,[0.26004664 0.40003763],2,3,"[0.2557609028514745, 0.41800513927804356]",1,-1
1126,[0.06861787 0.36603818],2,-1,-1,1,-1
1127,[0.1592951  0.19553848],2,-1,-1,1,-1
1128,[0.15591374 0.31749768],2,2,"[0.15623182357509582, 0.31572599614218644]",1,6
1129,[0.11274578 0.29763549],2,2,"[0.15623182357509582, 0.31572599614218644]",1,-1
1130,[0.23824829 0.36431171],2,3,"[0.2557609028514745, 0.41800513927804356]",1,-1
1131,[0.22323185 0.26907721],2,-1,-1,1,-1
1132,[0.24003148 0.48400691],2,3,"[0.2557609028514745, 0.41800513927804356]",1,-1
1133,[0.21964835 0.32133144],2,2,"[0.15623182357509582, 0.31572599614218644]",1,-1
1134,[0.13822442 0.34666038],2,2,"[0.15623182357509582, 0.31572599614218644]",1,6
1135,[0.10905153 0.37798218],2,-1,-1,1,-1
1136,[0.16305465 0.34739038],2,2,"[0.15623182357509582, 0.31572599614218644]",1,6
1137,[0.16046771 0.31428435],2,2,"[0.15623182357509582, 0.31572599614218644]",1,-1
1138,[0.10284797 0.34192462],2,2,"[0.15623182357509582, 0.31572599614218644]",1,-1
1139,[0.05883647 0.30194768],2,-1,-1,-1,-1
1140,[0.15051468 0.39785631],2,-1,-1,1,-1
1141,[0.23408867 0.3100807 ],2,-1,-1,1,-1
1142,[0.21371383 0.28440449],2,2,"[0.15623182357509582, 0.31572599614218644]",1,-1
1143,[0.11286909 0.2908799 ],2,2,"[0.15623182357509582, 0.31572599614218644]",1,-1
1144,[0.18525603 0.30497202],2,2,"[0.15623182357509582, 0.31572599614218644]",1,-1
1145,[0.05253193 0.36168979],2,-1,-1,1,-1
1146,[0.17087884 0.34319839],2,2,"[0.15623182357509582, 0.31572599614218644]",1,-1
1147,[0.17372144 0.27870108],2,2,"[0.15623182357509582, 0.31572599614218644]",1,-1
1148,[0.19816995 0.32065724],2,2,"[0.15623182357509582, 0.31572599614218644]",1,-1
1149,[0.16979501 0.3038505 ],2,2,"[0.15623182357509582, 0.31572599614218644]",1,-1
1150,[0.24921725 0.33368671],2,-1,-1,1,-1
1151,[0.24911133 0.36818987],2,3,"[0.2557609028514745, 0.41800513927804356]",1,-1
1152,[0.08095868 0.35118872],2,-1,-1,1,-1
1153,[0.21085775 0.3073179 ],2,2,"[0.15623182357509582, 0.31572599614218644]",1,-1
1154,[0.08853128 0.3830164 ],2,-1,-1,1,-1
1155,[0.16151422 0.26147841],2,2,"[0.15623182357509582, 0.31572599614218644]",1,-1
1156,[0.21527377 0.36580929],2,3,"[0.2557609028514745, 0.41800513927804356]",1,5
1157,[0.293109   0.32172611],2,-1,-1,-1,-1
1158,[0.19130036 0.3248808 ],2,2,"[0.15623182357509582, 0.31572599614218644]",1,-1
1159,[0.22419374 0.32045482],2,2,"[0.15623182357509582, 0.31572599614218644]",1,-1
1160,[0.12375332 0.30655608],2,2,"[0.15623182357509582, 0.31572599614218644]",1,-1
1161,[0.13836521 0.401812  ],2,-1,-1,1,-1
1162,[0.22252909 0.39321496],2,3,"[0.2557609028514745, 0.41800513927804356]",1,5
1163,[0.10653617 0.37076843],2,-1,-1,1,-1
1164,[0.163455   0.26691564],2,2,"[0.15623182357509582, 0.31572599614218644]",1,-1
1165,[0.26168808 0.31429928],2,-1,-1,1,-1
1166,[0.21411399 0.40936302],2,3,"[0.2557609028514745, 0.41800513927804356]",1,-1
1167,[0.07820753 0.22417318],2,-1,-1,-1,-1
1168,[0.217105  0.2560983],2,-1,-1,1,-1
1169,[0.21353487 0.2367975 ],2,-1,-1,1,-1
1170,[0.10001994 0.41889363],2,-1,-1,1,-1
1171,[0.24058505 0.34589993],2,-1,-1,1,-1
1172,[0.20181774 0.24991176],2,-1,-1,1,-1
1173,[0.14130718 0.20307522],2,-1,-1,-1,-1
1174,[0.26421965 0.33239088],2,-1,-1,1,-1
1175,[0.05165992 0.28117856],2,-1,-1,-1,-1
1176,[0.26439112 0.36213246],2,3,"[0.2557609028514745, 0.41800513927804356]",1,-1
1177,[0.20424138 0.33744104],2,2,"[0.15623182357509582, 0.31572599614218644]",1,-1
1178,[0.11971127 0.21388379],2,-1,-1,1,-1
1179,[0.18860408 0.33219044],2,2,"[0.15623182357509582, 0.31572599614218644]",1,-1
1180,[0.21458873 0.32444553],2,2,"[0.15623182357509582, 0.31572599614218644]",1,-1
1181,[0.14185341 0.27196565],2,2,"[0.15623182357509582, 0.31572599614218644]",1,-1
1182,[0.11770439 0.3483141 ],2,2,"[0.15623182357509582, 0.31572599614218644]",1,6
1183,[0.28814864 0.28522927],2,-1,-1,-1,-1
1184,[0.21205262 0.40390443],2,3,"[0.2557609028514745, 0.41800513927804356]",1,5
1185,[0.11953156 0.35376608],2,2,"[0.15623182357509582, 0.31572599614218644]",1,6
1186,[0.18325486 0.35212754],2,2,"[0.15623182357509582, 0.31572599614218644]",1,5
1187,[0.20743452 0.34331341],2,2,"[0.15623182357509582, 0.31572599614218644]",1,-1
1188,[0.18237261 0.21383738],2,-1,-1,1,-1
1189,[0.19039511 0.40558846],2,3,"[0.2557609028514745, 0.41800513927804356]",1,-1
1190,[0.21921002 0.43497954],2,3,"[0.2557609028514745, 0.41800513927804356]",1,5
1191,[0.30806311 0.39224856],2,3,"[0.2557609028514745, 0.41800513927804356]",1,-1
1192,[0.09404286 0.41553889],2,-1,-1,1,-1
1193,[0.25156977 0.31196014],2,-1,-1,1,-1
1194,[0.12586437 0.3272902 ],2,2,"[0.15623182357509582, 0.31572599614218644]",1,-1
1195,[0.25339605 0.33635467],2,-1,-1,1,-1
1196,[0.21793727 0.30189069],2,2,"[0.15623182357509582, 0.31572599614218644]",1,-1
1197,[0.10689643 0.29707967],2,2,"[0.15623182357509582, 0.31572599614218644]",1,-1
1198,[0.16604087 0.27904453],2,2,"[0.15623182357509582, 0.31572599614218644]",1,-1
1199,[0.11078593 0.28195377],2,2,"[0.15623182357509582, 0.31572599614218644]",1,-1
1200,[0.20717499 0.46728236],2,0,"[0.16136652152870531, 0.4702958558092887]",1,-1
1201,[0.24377135 0.35358438],2,3,"[0.2557609028514745, 0.41800513927804356]",1,-1
1202,[0.06159938 0.39339466],2,-1,-1,1,-1
1203,[0.13396754 0.25174895],2,2,"[0.15623182357509582, 0.31572599614218644]",1,-1
1204,[0.07487018 0.31701742],2,-1,-1,1,-1
1205,[0.08010916 0.2973258 ],2,-1,-1,1,-1
1206,[0.23627108 0.39395867],2,3,"[0.2557609028514745, 0.41800513927804356]",1,-1
1207,[0.14052042 0.2417992 ],2,-1,-1,1,-1
1208,[0.11953995 0.39349152],2,-1,-1,1,-1
1209,[0.21154527 0.41389538],2,3,"[0.2557609028514745, 0.41800513927804356]",1,5
1210,[0.08903663 0.36952248],2,-1,-1,1,-1
1211,[0.26345344 0.35316926],2,3,"[0.2557609028514745, 0.41800513927804356]",1,-1
1212,[0.15409385 0.32387151],2,2,"[0.15623182357509582, 0.31572599614218644]",1,6
1213,[0.12519541 0.22186294],2,-1,-1,1,-1
1214,[0.23942924 0.24497887],2,-1,-1,1,-1
1215,[0.18428918 0.2807334 ],2,2,"[0.15623182357509582, 0.31572599614218644]",1,-1
1216,[0.09041327 0.3840985 ],2,-1,-1,1,-1
1217,[0.1064595  0.17499991],2,-1,-1,-1,-1
1218,[0.19055506 0.38487958],2,-1,-1,1,-1
1219,[0.22903513 0.34559623],2,-1,-1,1,-1
1220,[0.22901492 0.27872502],2,-1,-1,1,-1
1221,[0.18787226 0.31695443],2,2,"[0.15623182357509582, 0.31572599614218644]",1,-1
1222,[0.0651352  0.32930633],2,-1,-1,1,-1
1223,[0.17172224 0.26317324],2,2,"[0.15623182357509582, 0.31572599614218644]",1,-1
1224,[0.0399122  0.28748505],2,-1,-1,-1,-1
1225,[0.14521641 0.26738487],2,2,"[0.15623182357509582, 0.31572599614218644]",1,-1
1226,[0.16267864 0.33986293],2,2,"[0.15623182357509582, 0.31572599614218644]",1,6
1227,[0.2105942  0.35003598],2,2,"[0.15623182357509582, 0.31572599614218644]",1,-1
1228,[0.22595381 0.25194173],2,-1,-1,1,-1
1229,[0.22531417 0.31164521],2,2,"[0.15623182357509582, 0.31572599614218644]",1,-1
1230,[0.05838952 0.34986517],2,-1,-1,1,-1
1231,[0.15647351 0.31021902],2,2,"[0.15623182357509582, 0.31572599614218644]",1,-1
1232,[0.2706759  0.43818858],2,3,"[0.2557609028514745, 0.41800513927804356]",1,-1
1233,[0.26215153 0.38440022],2,3,"[0.2557609028514745, 0.41800513927804356]",1,-1
1234,[0.1598199  0.33158452],2,2,"[0.15623182357509582, 0.31572599614218644]",1,6
1235,[0.00763978 0.30733463],2,-1,-1,-1,-1
1236,[0.10855627 0.4214889 ],2,-1,-1,1,-1
1237,[0.04489844 0.31066482],2,-1,-1,-1,-1
1238,[0.14042708 0.45754609],2,0,"[0.16136652152870531, 0.4702958558092887]",1,-1
1239,[0.0989383  0.31976034],2,2,"[0.15623182357509582, 0.31572599614218644]",1,-1
1240,[0.10936808 0.31604497],2,2,"[0.15623182357509582, 0.31572599614218644]",1,-1
1241,[0.11806547 0.34852397],2,2,"[0.15623182357509582, 0.31572599614218644]",1,6
1242,[0.10204336 0.4139118 ],2,-1,-1,1,-1
1243,[0.19381475 0.37856734],2,-1,-1,1,5
1244,[0.20359191 0.36633356],2,2,"[0.15623182357509582, 0.31572599614218644]",1,5
1245,[0.18598847 0.30229878],2,2,"[0.15623182357509582, 0.31572599614218644]",1,-1
1246,[0.18050478 0.25793192],2,2,"[0.15623182357509582, 0.31572599614218644]",1,-1
1247,[0.21534969 0.30709   ],2,2,"[0.15623182357509582, 0.31572599614218644]",1,-1
1248,[0.12061012 0.2875347 ],2,2,"[0.15623182357509582, 0.31572599614218644]",1,-1
1249,[0.08759583 0.38712116],2,-1,-1,1,-1
1250,[0.10971218 0.33503819],2,2,"[0.15623182357509582, 0.31572599614218644]",1,6
1251,[0.19738572 0.37192278],2,2,"[0.15623182357509582, 0.31572599614218644]",1,5
1252,[0.22316496 0.27907255],2,-1,-1,1,-1
1253,[0.11642613 0.34366971],2,2,"[0.15623182357509582, 0.31572599614218644]",1,6
1254,[0.20360217 0.26398199],2,-1,-1,1,-1
1255,[0.20535619 0.380585  ],2,3,"[0.2557609028514745, 0.41800513927804356]",1,-1
1256,[0.19966935 0.310074  ],2,2,"[0.15623182357509582, 0.31572599614218644]",1,-1
1257,[0.21469117 0.35784756],2,-1,-1,1,5
1258,[0.0336505  0.42137943],2,-1,-1,-1,-1
1259,[0.16097495 0.43895673],2,0,"[0.16136652152870531, 0.4702958558092887]",1,5
1260,[0.14532165 0.30735601],2,2,"[0.15623182357509582, 0.31572599614218644]",1,-1
1261,[0.06055892 0.37335745],2,-1,-1,1,-1
1262,[0.16974891 0.34103793],2,2,"[0.15623182357509582, 0.31572599614218644]",1,-1
1263,[0.1214765  0.28625362],2,2,"[0.15623182357509582, 0.31572599614218644]",1,-1
1264,[0.12518184 0.24459084],2,-1,-1,1,-1
1265,[0.13685284 0.35642474],2,2,"[0.15623182357509582, 0.31572599614218644]",1,6
1266,[0.1943283  0.26298537],2,2,"[0.15623182357509582, 0.31572599614218644]",1,-1
1267,[0.16255816 0.33245009],2,2,"[0.15623182357509582, 0.31572599614218644]",1,6
1268,[0.10490609 0.39483061],2,-1,-1,1,-1
1269,[0.20287922 0.26613141],2,2,"[0.15623182357509582, 0.31572599614218644]",1,-1
1270,[0.24998404 0.25485895],2,-1,-1,1,-1
1271,[0.21878061 0.36767446],2,3,"[0.2557609028514745, 0.41800513927804356]",1,-1
1272,[0.07271079 0.36610698],2,-1,-1,1,-1
1273,[0.23993953 0.25826489],2,-1,-1,1,-1
1274,[0.15151127 0.3042604 ],2,2,"[0.15623182357509582, 0.31572599614218644]",1,-1
1275,[0.11447353 0.33087059],2,2,"[0.15623182357509582, 0.31572599614218644]",1,6
1276,[0.09534841 0.31791821],2,2,"[0.15623182357509582, 0.31572599614218644]",1,-1
1277,[0.15453767 0.22196256],2,-1,-1,1,-1
1278,[0.17345891 0.28535089],2,2,"[0.15623182357509582, 0.31572599614218644]",1,-1
1279,[0.12546164 0.36652055],2,2,"[0.15623182357509582, 0.31572599614218644]",1,-1
1280,[0.13517914 0.26590261],2,2,"[0.15623182357509582, 0.31572599614218644]",1,-1
1281,[0.16048495 0.334295  ],2,2,"[0.15623182357509582, 0.31572599614218644]",1,6
1282,[0.1829179  0.26481143],2,2,"[0.15623182357509582, 0.31572599614218644]",1,-1
1283,[0.15041031 0.32982376],2,2,"[0.15623182357509582, 0.31572599614218644]",1,-1
1284,[0.03975634 0.44103102],2,-1,-1,-1,-1
1285,[0.15833355 0.42678255],2,0,"[0.16136652152870531, 0.4702958558092887]",1,5
1286,[0.16662437 0.19673966],2,-1,-1,-1,-1
1287,[0.14486478 0.35990927],2,2,"[0.15623182357509582, 0.31572599614218644]",1,6
1288,[0.10637085 0.3011714 ],2,2,"[0.15623182357509582, 0.31572599614218644]",1,-1
1289,[0.15524868 0.32508814],2,2,"[0.15623182357509582, 0.31572599614218644]",1,6
1290,[0.17434506 0.43413053],2,0,"[0.16136652152870531, 0.4702958558092887]",1,5
1291,[0.16518079 0.29273132],2,2,"[0.15623182357509582, 0.31572599614218644]",1,-1
1292,[0.16770673 0.2820342 ],2,2,"[0.15623182357509582, 0.31572599614218644]",1,-1
1293,[0.17437212 0.3448375 ],2,2,"[0.15623182357509582, 0.31572599614218644]",1,-1
1294,[0.16794956 0.35988016],2,2,"[0.15623182357509582, 0.31572599614218644]",1,-1
1295,[0.17530664 0.32946068],2,2,"[0.15623182357509582, 0.31572599614218644]",1,6
1296,[0.23695623 0.25107521],2,-1,-1,1,-1
1297,[0.14897727 0.34503714],2,2,"[0.15623182357509582, 0.31572599614218644]",1,6
1298,[0.18418028 0.42671689],2,0,"[0.16136652152870531, 0.4702958558092887]",1,5
1299,[0.28373743 0.38234803],2,3,"[0.2557609028514745, 0.41800513927804356]",1,-1
1300,[0.12764936 0.37179839],2,2,"[0.15623182357509582, 0.31572599614218644]",1,-1
1301,[0.11337234 0.32174273],2,2,"[0.15623182357509582, 0.31572599614218644]",1,-1
1302,[0.12759937 0.2335904 ],2,-1,-1,1,-1
1303,[0.09138158 0.36977852],2,-1,-1,1,-1
1304,[0.19910792 0.22410791],2,-1,-1,1,-1
1305,[0.15524419 0.32150835],2,2,"[0.15623182357509582, 0.31572599614218644]",1,6
1306,[0.19260999 0.33058487],2,2,"[0.15623182357509582, 0.31572599614218644]",1,-1
1307,[0.18535313 0.29832678],2,2,"[0.15623182357509582, 0.31572599614218644]",1,-1
1308,[0.22656135 0.36106668],2,3,"[0.2557609028514745, 0.41800513927804356]",1,-1
1309,[0.07004425 0.23847534],2,-1,-1,-1,-1
1310,[0.17391059 0.35166594],2,2,"[0.15623182357509582, 0.31572599614218644]",1,-1
1311,[0.13215113 0.26210239],2,2,"[0.15623182357509582, 0.31572599614218644]",1,-1
1312,[0.18760076 0.26223281],2,2,"[0.15623182357509582, 0.31572599614218644]",1,-1
1313,[0.15769835 0.29279374],2,2,"[0.15623182357509582, 0.31572599614218644]",1,-1
1314,[0.16443074 0.21355736],2,-1,-1,1,-1
1315,[0.14181926 0.37732986],2,2,"[0.15623182357509582, 0.31572599614218644]",1,-1
1316,[0.16447334 0.26494882],2,2,"[0.15623182357509582, 0.31572599614218644]",1,-1
1317,[0.32117101 0.29738581],2,-1,-1,-1,-1
1318,[0.07768176 0.24705984],2,-1,-1,-1,-1
1319,[0.12210241 0.32400258],2,2,"[0.15623182357509582, 0.31572599614218644]",1,-1
1320,[0.02371279 0.31322021],2,-1,-1,-1,-1
1321,[0.24623586 0.29130914],2,-1,-1,1,-1
1322,[0.22266698 0.3989622 ],2,3,"[0.2557609028514745, 0.41800513927804356]",1,5
1323,[0.17037467 0.33177697],2,2,"[0.15623182357509582, 0.31572599614218644]",1,6
1324,[0.20390993 0.28725299],2,2,"[0.15623182357509582, 0.31572599614218644]",1,-1
1325,[0.16258144 0.39930802],2,-1,-1,1,-1
1326,[0.06639937 0.31509631],2,-1,-1,1,-1
1327,[0.15403008 0.42898692],2,0,"[0.16136652152870531, 0.4702958558092887]",1,-1
1328,[0.20794264 0.32322762],2,2,"[0.15623182357509582, 0.31572599614218644]",1,-1
1329,[0.20969106 0.24405153],2,-1,-1,1,-1
1330,[0.17357548 0.24861285],2,2,"[0.15623182357509582, 0.31572599614218644]",1,-1
1331,[0.1435514  0.26257964],2,2,"[0.15623182357509582, 0.31572599614218644]",1,-1
1332,[0.19042643 0.43382047],2,0,"[0.16136652152870531, 0.4702958558092887]",1,5
1333,[0.23232068 0.30955372],2,-1,-1,1,-1
1334,[0.05548479 0.40705092],2,-1,-1,-1,-1
1335,[0.16107201 0.27170738],2,2,"[0.15623182357509582, 0.31572599614218644]",1,-1
1336,[0.13787052 0.3797698 ],2,2,"[0.15623182357509582, 0.31572599614218644]",1,-1
1337,[0.25986207 0.31705128],2,-1,-1,1,-1
1338,[0.13739489 0.31506235],2,2,"[0.15623182357509582, 0.31572599614218644]",1,-1
1339,[0.15044888 0.22207063],2,-1,-1,-1,-1
1340,[0.08077468 0.24974522],2,-1,-1,-1,-1
1341,[0.13522837 0.35460217],2,2,"[0.15623182357509582, 0.31572599614218644]",1,6
1342,[0.09062752 0.33861089],2,2,"[0.15623182357509582, 0.31572599614218644]",1,-1
1343,[0.22084389 0.21068674],2,-1,-1,-1,-1
1344,[0.14625542 0.27731497],2,2,"[0.15623182357509582, 0.31572599614218644]",1,-1
1345,[0.19276858 0.33488348],2,2,"[0.15623182357509582, 0.31572599614218644]",1,-1
1346,[0.12746527 0.4164525 ],2,0,"[0.16136652152870531, 0.4702958558092887]",1,-1
1347,[0.123384   0.31614305],2,2,"[0.15623182357509582, 0.31572599614218644]",1,-1
1348,[0.21236715 0.41574702],2,3,"[0.2557609028514745, 0.41800513927804356]",1,5
1349,[0.12252962 0.44591949],2,0,"[0.16136652152870531, 0.4702958558092887]",1,-1
1350,[0.21750176 0.2698514 ],2,-1,-1,1,-1
1351,[0.0549515  0.42507938],2,-1,-1,-1,-1
1352,[0.13769358 0.30165851],2,2,"[0.15623182357509582, 0.31572599614218644]",1,-1
1353,[0.16643283 0.26598992],2,2,"[0.15623182357509582, 0.31572599614218644]",1,-1
1354,[0.209823   0.21478699],2,-1,-1,1,-1
1355,[0.12890058 0.22990596],2,-1,-1,1,-1
1356,[0.09329896 0.34584385],2,2,"[0.15623182357509582, 0.31572599614218644]",1,-1
1357,[0.09866048 0.35249814],2,2,"[0.15623182357509582, 0.31572599614218644]",1,-1
1358,[0.10450369 0.36116368],2,2,"[0.15623182357509582, 0.31572599614218644]",1,-1
1359,[0.03767178 0.2679216 ],2,-1,-1,-1,-1
1360,[0.21925826 0.317633  ],2,2,"[0.15623182357509582, 0.31572599614218644]",1,-1
1361,[0.12742937 0.33640619],2,2,"[0.15623182357509582, 0.31572599614218644]",1,6
1362,[0.13112531 0.29231348],2,2,"[0.15623182357509582, 0.31572599614218644]",1,-1
1363,[0.14325749 0.19066301],2,-1,-1,-1,-1
1364,[0.1394223 0.4051505],2,0,"[0.16136652152870531, 0.4702958558092887]",1,-1
1365,[0.16846553 0.23575086],2,-1,-1,1,-1
1366,[0.2191889  0.18606578],2,-1,-1,-1,-1
1367,[0.06989374 0.36533746],2,-1,-1,1,-1
1368,[0.17382256 0.32012347],2,2,"[0.15623182357509582, 0.31572599614218644]",1,-1
1369,[0.19671541 0.35617906],2,2,"[0.15623182357509582, 0.31572599614218644]",1,-1
1370,[0.12092886 0.26849107],2,2,"[0.15623182357509582, 0.31572599614218644]",1,-1
1371,[0.0901817  0.31407789],2,2,"[0.15623182357509582, 0.31572599614218644]",1,-1
1372,[0.20791529 0.36197603],2,2,"[0.15623182357509582, 0.31572599614218644]",1,5
1373,[0.08470888 0.30840876],2,-1,-1,1,-1
1374,[0.23597965 0.14900345],2,-1,-1,-1,-1
1375,[0.1603518  0.35907198],2,2,"[0.15623182357509582, 0.31572599614218644]",1,-1
1376,[0.19349397 0.18166253],2,-1,-1,-1,-1
1377,[0.19107344 0.32619178],2,2,"[0.15623182357509582, 0.31572599614218644]",1,-1
1378,[0.12227189 0.35420538],2,2,"[0.15623182357509582, 0.31572599614218644]",1,6
1379,[0.19721495 0.29976993],2,2,"[0.15623182357509582, 0.31572599614218644]",1,-1
1380,[0.11975269 0.3147369 ],2,2,"[0.15623182357509582, 0.31572599614218644]",1,-1
1381,[0.2623426  0.32209554],2,-1,-1,1,-1
1382,[0.11034649 0.32442655],2,2,"[0.15623182357509582, 0.31572599614218644]",1,-1
1383,[0.11457377 0.34296317],2,2,"[0.15623182357509582, 0.31572599614218644]",1,6
1384,[0.25284976 0.34263524],2,-1,-1,1,-1
1385,[0.16750884 0.34405197],2,2,"[0.15623182357509582, 0.31572599614218644]",1,5
1386,[0.1125637  0.29146143],2,2,"[0.15623182357509582, 0.31572599614218644]",1,-1
1387,[0.11612267 0.34257471],2,2,"[0.15623182357509582, 0.31572599614218644]",1,6
1388,[0.1660537  0.32335248],2,2,"[0.15623182357509582, 0.31572599614218644]",1,6
1389,[0.29848586 0.36201193],2,-1,-1,-1,-1
1390,[0.24200768 0.3357374 ],2,-1,-1,1,-1
1391,[0.05032155 0.36942778],2,-1,-1,1,-1
1392,[0.06295944 0.32065998],2,-1,-1,1,-1
1393,[0.03476263 0.29505717],2,-1,-1,-1,-1
1394,[0.16369447 0.49108801],2,0,"[0.16136652152870531, 0.4702958558092887]",1,-1
1395,[0.1441301  0.38382772],2,2,"[0.15623182357509582, 0.31572599614218644]",1,-1
1396,[0.14899706 0.3514681 ],2,2,"[0.15623182357509582, 0.31572599614218644]",1,6
1397,[0.11216601 0.34351096],2,2,"[0.15623182357509582, 0.31572599614218644]",1,6
1398,[0.11919765 0.28931033],2,2,"[0.15623182357509582, 0.31572599614218644]",1,-1
1399,[0.15302257 0.33267252],2,2,"[0.15623182357509582, 0.31572599614218644]",1,6
1400,[0.24894007 0.41702192],2,3,"[0.2557609028514745, 0.41800513927804356]",1,-1
1401,[0.11545276 0.24087686],2,-1,-1,1,-1
1402,[0.18957382 0.36791206],2,2,"[0.15623182357509582, 0.31572599614218644]",1,5
1403,[0.1524592  0.35402915],2,2,"[0.15623182357509582, 0.31572599614218644]",1,6
1404,[0.19823079 0.27636378],2,2,"[0.15623182357509582, 0.31572599614218644]",1,-1
1405,[0.07227072 0.40943768],2,-1,-1,1,-1
1406,[0.24079051 0.26422353],2,-1,-1,1,-1
1407,[0.17610357 0.2985523 ],2,2,"[0.15623182357509582, 0.31572599614218644]",1,-1
1408,[0.15448245 0.2750206 ],2,2,"[0.15623182357509582, 0.31572599614218644]",1,-1
1409,[0.0691342  0.26458275],2,-1,-1,-1,-1
1410,[0.23526186 0.32316725],2,-1,-1,1,-1
1411,[0.09808222 0.42121885],2,-1,-1,1,-1
1412,[0.10806848 0.33267891],2,2,"[0.15623182357509582, 0.31572599614218644]",1,-1
1413,[0.05414688 0.33456112],2,-1,-1,1,-1
1414,[0.20654358 0.26335435],2,-1,-1,1,-1
1415,[0.15250536 0.23542879],2,-1,-1,1,-1
1416,[0.1873453  0.37467907],2,2,"[0.15623182357509582, 0.31572599614218644]",1,-1
1417,[0.17630993 0.32004632],2,2,"[0.15623182357509582, 0.31572599614218644]",1,-1
1418,[0.21000753 0.34658966],2,2,"[0.15623182357509582, 0.31572599614218644]",1,-1
1419,[0.24145562 0.36335569],2,3,"[0.2557609028514745, 0.41800513927804356]",1,-1
1420,[0.24826368 0.23675352],2,-1,-1,-1,-1
1421,[0.15915552 0.21444003],2,-1,-1,1,-1
1422,[0.14309875 0.35545066],2,2,"[0.15623182357509582, 0.31572599614218644]",1,6
1423,[0.20423435 0.29269374],2,2,"[0.15623182357509582, 0.31572599614218644]",1,-1
1424,[0.17448313 0.29412136],2,2,"[0.15623182357509582, 0.31572599614218644]",1,-1
1425,[0.16043106 0.4101656 ],2,0,"[0.16136652152870531, 0.4702958558092887]",1,-1
1426,[0.2219199 0.3491724],2,-1,-1,1,-1
1427,[0.22199823 0.35309098],2,-1,-1,1,-1
1428,[0.08425946 0.3236679 ],2,-1,-1,1,-1
1429,[0.19469402 0.29624311],2,2,"[0.15623182357509582, 0.31572599614218644]",1,-1
1430,[0.19131506 0.30025577],2,2,"[0.15623182357509582, 0.31572599614218644]",1,-1
1431,[0.25260388 0.30063682],2,-1,-1,1,-1
1432,[0.2504279  0.36470069],2,3,"[0.2557609028514745, 0.41800513927804356]",1,-1
1433,[0.13129939 0.35099247],2,2,"[0.15623182357509582, 0.31572599614218644]",1,6
1434,[0.20723329 0.26796517],2,2,"[0.15623182357509582, 0.31572599614218644]",1,-1
1435,[0.18626941 0.35919781],2,2,"[0.15623182357509582, 0.31572599614218644]",1,-1
1436,[0.10393433 0.33643654],2,2,"[0.15623182357509582, 0.31572599614218644]",1,-1
1437,[0.15360386 0.2448566 ],2,-1,-1,1,-1
1438,[0.16756602 0.463305  ],2,0,"[0.16136652152870531, 0.4702958558092887]",1,5
1439,[0.13258913 0.34209022],2,2,"[0.15623182357509582, 0.31572599614218644]",1,6
1440,[0.0786637  0.40051864],2,-1,-1,1,-1
1441,[0.16967538 0.36995845],2,2,"[0.15623182357509582, 0.31572599614218644]",1,-1
1442,[0.16816693 0.37241845],2,2,"[0.15623182357509582, 0.31572599614218644]",1,-1
1443,[0.14456962 0.37683101],2,2,"[0.15623182357509582, 0.31572599614218644]",1,-1
1444,[0.20901887 0.37433417],2,3,"[0.2557609028514745, 0.41800513927804356]",1,5
1445,[0.10673325 0.33792249],2,2,"[0.15623182357509582, 0.31572599614218644]",1,-1
1446,[0.15962201 0.44120207],2,0,"[0.16136652152870531, 0.4702958558092887]",1,5
1447,[0.23630262 0.31028588],2,-1,-1,1,-1
1448,[0.13696937 0.33999766],2,2,"[0.15623182357509582, 0.31572599614218644]",1,-1
1449,[0.11893839 0.28864439],2,2,"[0.15623182357509582, 0.31572599614218644]",1,-1
1450,[0.13832234 0.26560947],2,2,"[0.15623182357509582, 0.31572599614218644]",1,-1
1451,[0.2683125  0.23197118],2,-1,-1,-1,-1
1452,[0.13319375 0.45429271],2,0,"[0.16136652152870531, 0.4702958558092887]",1,-1
1453,[0.15597243 0.34064322],2,2,"[0.15623182357509582, 0.31572599614218644]",1,6
1454,[0.20369937 0.22653375],2,-1,-1,1,-1
1455,[0.1612662 0.3671224],2,2,"[0.15623182357509582, 0.31572599614218644]",1,-1
1456,[0.04109639 0.45011016],2,-1,-1,-1,-1
1457,[0.25286647 0.25709143],2,-1,-1,1,-1
1458,[0.14392408 0.38992752],2,-1,-1,1,-1
1459,[0.14288983 0.32296674],2,2,"[0.15623182357509582, 0.31572599614218644]",1,-1
1460,[0.20804832 0.22967058],2,-1,-1,1,-1
1461,[0.22021186 0.38452992],2,3,"[0.2557609028514745, 0.41800513927804356]",1,-1
1462,[0.19002941 0.32219341],2,2,"[0.15623182357509582, 0.31572599614218644]",1,-1
1463,[0.23494807 0.29668077],2,-1,-1,1,-1
1464,[0.18680196 0.31042412],2,2,"[0.15623182357509582, 0.31572599614218644]",1,-1
1465,[0.06479504 0.33819791],2,-1,-1,1,-1
1466,[0.16250129 0.31559893],2,2,"[0.15623182357509582, 0.31572599614218644]",1,6
1467,[0.17454344 0.28276407],2,2,"[0.15623182357509582, 0.31572599614218644]",1,-1
1468,[0.10453709 0.30465363],2,2,"[0.15623182357509582, 0.31572599614218644]",1,-1
1469,[0.18597049 0.26282345],2,2,"[0.15623182357509582, 0.31572599614218644]",1,-1
1470,[0.19884123 0.25771978],2,-1,-1,1,-1
1471,[0.12958157 0.31498864],2,2,"[0.15623182357509582, 0.31572599614218644]",1,-1
1472,[0.10406244 0.32633083],2,2,"[0.15623182357509582, 0.31572599614218644]",1,-1
1473,[0.06885868 0.32114442],2,-1,-1,1,-1
1474,[0.10107872 0.35797765],2,2,"[0.15623182357509582, 0.31572599614218644]",1,-1
1475,[0.10986057 0.35797432],2,2,"[0.15623182357509582, 0.31572599614218644]",1,-1
1476,[0.12339679 0.3813956 ],2,-1,-1,1,-1
1477,[0.15463695 0.36053454],2,2,"[0.15623182357509582, 0.31572599614218644]",1,-1
1478,[0.17381639 0.34167019],2,2,"[0.15623182357509582, 0.31572599614218644]",1,-1
1479,[0.17157468 0.26477102],2,2,"[0.15623182357509582, 0.31572599614218644]",1,-1
1480,[0.18206426 0.33710683],2,2,"[0.15623182357509582, 0.31572599614218644]",1,-1
1481,[0.14726278 0.41054333],2,0,"[0.16136652152870531, 0.4702958558092887]",1,-1
1482,[0.12905803 0.39307006],2,-1,-1,1,-1
1483,[0.10781668 0.32941878],2,2,"[0.15623182357509582, 0.31572599614218644]",1,6
1484,[0.08409067 0.40246189],2,-1,-1,1,-1
1485,[0.20068824 0.2691472 ],2,2,"[0.15623182357509582, 0.31572599614218644]",1,-1
1486,[0.25171972 0.38206786],2,3,"[0.2557609028514745, 0.41800513927804356]",1,-1
1487,[0.18324226 0.36339709],2,2,"[0.15623182357509582, 0.31572599614218644]",1,-1
1488,[0.1281503  0.39910663],2,-1,-1,1,-1
1489,[0.03530614 0.35256986],2,-1,-1,-1,-1
1490,[0.13942041 0.3013192 ],2,2,"[0.15623182357509582, 0.31572599614218644]",1,-1
1491,[0.13354775 0.31289285],2,2,"[0.15623182357509582, 0.31572599614218644]",1,-1
1492,[0.19521228 0.35079311],2,2,"[0.15623182357509582, 0.31572599614218644]",1,-1
1493,[0.20909542 0.37740518],2,3,"[0.2557609028514745, 0.41800513927804356]",1,-1
1494,[0.22872346 0.25914717],2,-1,-1,1,-1
1495,[0.13681996 0.43317258],2,0,"[0.16136652152870531, 0.4702958558092887]",1,-1
1496,[0.17424828 0.43594882],2,0,"[0.16136652152870531, 0.4702958558092887]",1,5
1497,[0.1205102  0.29056194],2,2,"[0.15623182357509582, 0.31572599614218644]",1,-1
1498,[0.19512619 0.2928955 ],2,2,"[0.15623182357509582, 0.31572599614218644]",1,-1
1499,[0.21522764 0.31067935],2,2,"[0.15623182357509582, 0.31572599614218644]",1,-1
1500,[0.2870253  0.55923007],3,-1,-1,1,-1
1501,[0.31835712 0.66198439],3,1,"[0.2647697883233083, 0.6560224337357465]",1,-1
1502,[0.18602704 0.63659484],3,-1,-1,1,-1
1503,[0.20890543 0.68060155],3,1,"[0.2647697883233083, 0.6560224337357465]",1,-1
1504,[0.26930549 0.69346053],3,1,"[0.2647697883233083, 0.6560224337357465]",1,3
1505,[0.23948719 0.57160795],3,-1,-1,1,-1
1506,[0.28387934 0.5892389 ],3,1,"[0.2647697883233083, 0.6560224337357465]",1,-1
1507,[0.40734032 0.59242749],3,-1,-1,-1,-1
1508,[0.27839157 0.75821795],3,-1,-1,1,-1
1509,[0.24426077 0.79262194],3,-1,-1,-1,-1
1510,[0.28383535 0.58505566],3,-1,-1,1,-1
1511,[0.26545782 0.64915498],3,1,"[0.2647697883233083, 0.6560224337357465]",1,-1
1512,[0.28079679 0.72292105],3,1,"[0.2647697883233083, 0.6560224337357465]",1,-1
1513,[0.23138929 0.6923079 ],3,1,"[0.2647697883233083, 0.6560224337357465]",1,-1
1514,[0.1942829  0.61408957],3,-1,-1,1,-1
1515,[0.24710318 0.69539009],3,1,"[0.2647697883233083, 0.6560224337357465]",1,3
1516,[0.17812577 0.63008892],3,-1,-1,1,-1
1517,[0.30780235 0.64509602],3,1,"[0.2647697883233083, 0.6560224337357465]",1,-1
1518,[0.2170088  0.69415413],3,1,"[0.2647697883233083, 0.6560224337357465]",1,-1
1519,[0.23909974 0.63605299],3,1,"[0.2647697883233083, 0.6560224337357465]",1,2
1520,[0.24909466 0.73009947],3,-1,-1,1,-1
1521,[0.2989791  0.76237249],3,-1,-1,1,-1
1522,[0.26693843 0.63220698],3,1,"[0.2647697883233083, 0.6560224337357465]",1,-1
1523,[0.19369335 0.6593946 ],3,-1,-1,1,-1
1524,[0.26420912 0.59655077],3,1,"[0.2647697883233083, 0.6560224337357465]",1,-1
1525,[0.35153594 0.69617319],3,-1,-1,1,-1
1526,[0.1667981  0.68818785],3,-1,-1,1,-1
1527,[0.25062995 0.66775721],3,1,"[0.2647697883233083, 0.6560224337357465]",1,-1
1528,[0.30983193 0.59468459],3,-1,-1,1,-1
1529,[0.24485777 0.76204875],3,-1,-1,1,-1
1530,[0.31770927 0.72959182],3,-1,-1,1,-1
1531,[0.228903   0.62180344],3,1,"[0.2647697883233083, 0.6560224337357465]",1,2
1532,[0.170127   0.67153786],3,-1,-1,1,-1
1533,[0.37891885 0.61312938],3,-1,-1,-1,-1
1534,[0.30106044 0.63849401],3,1,"[0.2647697883233083, 0.6560224337357465]",1,-1
1535,[0.26034979 0.75849434],3,-1,-1,1,-1
1536,[0.25032295 0.70173814],3,1,"[0.2647697883233083, 0.6560224337357465]",1,-1
1537,[0.18598915 0.56189968],3,-1,-1,1,-1
1538,[0.2427229  0.65313151],3,1,"[0.2647697883233083, 0.6560224337357465]",1,2
1539,[0.31191767 0.68480464],3,1,"[0.2647697883233083, 0.6560224337357465]",1,-1
1540,[0.15395254 0.77850623],3,-1,-1,-1,-1
1541,[0.25020041 0.68434981],3,1,"[0.2647697883233083, 0.6560224337357465]",1,3
1542,[0.30754355 0.65197369],3,1,"[0.2647697883233083, 0.6560224337357465]",1,-1
1543,[0.28241519 0.66844556],3,1,"[0.2647697883233083, 0.6560224337357465]",1,-1
1544,[0.28977461 0.60018563],3,1,"[0.2647697883233083, 0.6560224337357465]",1,-1
1545,[0.12034252 0.64416795],3,-1,-1,-1,-1
1546,[0.26910077 0.70564799],3,1,"[0.2647697883233083, 0.6560224337357465]",1,-1
1547,[0.38530847 0.68607175],3,-1,-1,-1,-1
1548,[0.34998473 0.54970603],3,-1,-1,-1,-1
1549,[0.20522273 0.65161478],3,1,"[0.2647697883233083, 0.6560224337357465]",1,-1
1550,[0.22953819 0.65511858],3,1,"[0.2647697883233083, 0.6560224337357465]",1,-1
1551,[0.15678319 0.69863924],3,-1,-1,1,-1
1552,[0.21137785 0.67761513],3,1,"[0.2647697883233083, 0.6560224337357465]",1,-1
1553,[0.29144119 0.58415507],3,-1,-1,1,-1
1554,[0.24462044 0.63753016],3,1,"[0.2647697883233083, 0.6560224337357465]",1,2
1555,[0.21214852 0.57518584],3,-1,-1,1,-1
1556,[0.21213348 0.68812899],3,1,"[0.2647697883233083, 0.6560224337357465]",1,-1
1557,[0.24345171 0.68006991],3,1,"[0.2647697883233083, 0.6560224337357465]",1,3
1558,[0.29342404 0.60207842],3,1,"[0.2647697883233083, 0.6560224337357465]",1,-1
1559,[0.22311651 0.71522472],3,-1,-1,1,-1
1560,[0.2715098  0.62255102],3,1,"[0.2647697883233083, 0.6560224337357465]",1,-1
1561,[0.21016864 0.63780166],3,1,"[0.2647697883233083, 0.6560224337357465]",1,-1
1562,[0.16960473 0.61606507],3,-1,-1,1,-1
1563,[0.1894303  0.68106686],3,-1,-1,1,-1
1564,[0.29639113 0.6168799 ],3,1,"[0.2647697883233083, 0.6560224337357465]",1,-1
1565,[0.35964861 0.5872742 ],3,-1,-1,1,-1
1566,[0.22460556 0.61901761],3,1,"[0.2647697883233083, 0.6560224337357465]",1,-1
1567,[0.27206655 0.64702436],3,1,"[0.2647697883233083, 0.6560224337357465]",1,-1
1568,[0.29233517 0.68479568],3,1,"[0.2647697883233083, 0.6560224337357465]",1,-1
1569,[0.28455045 0.7260431 ],3,-1,-1,1,-1
1570,[0.25183006 0.63139734],3,1,"[0.2647697883233083, 0.6560224337357465]",1,-1
1571,[0.24346143 0.63136429],3,1,"[0.2647697883233083, 0.6560224337357465]",1,2
1572,[0.18609309 0.67304804],3,-1,-1,1,-1
1573,[0.18970488 0.66917779],3,-1,-1,1,-1
1574,[0.27076048 0.59257233],3,1,"[0.2647697883233083, 0.6560224337357465]",1,-1
1575,[0.23864882 0.59775696],3,1,"[0.2647697883233083, 0.6560224337357465]",1,-1
1576,[0.29609888 0.59562321],3,1,"[0.2647697883233083, 0.6560224337357465]",1,-1
1577,[0.2678034  0.57931876],3,-1,-1,1,-1
1578,[0.21727581 0.81261988],3,-1,-1,-1,-1
1579,[0.23314888 0.57935223],3,-1,-1,1,-1
1580,[0.20797258 0.62562575],3,1,"[0.2647697883233083, 0.6560224337357465]",1,-1
1581,[0.22334021 0.6128198 ],3,1,"[0.2647697883233083, 0.6560224337357465]",1,-1
1582,[0.30140278 0.69908111],3,1,"[0.2647697883233083, 0.6560224337357465]",1,3
1583,[0.2440068  0.75282764],3,-1,-1,1,-1
1584,[0.25708797 0.58565941],3,-1,-1,1,-1
1585,[0.25133595 0.67168173],3,1,"[0.2647697883233083, 0.6560224337357465]",1,-1
1586,[0.29536668 0.52252503],3,-1,-1,-1,-1
1587,[0.22252297 0.66902924],3,1,"[0.2647697883233083, 0.6560224337357465]",1,-1
1588,[0.30051255 0.68630978],3,1,"[0.2647697883233083, 0.6560224337357465]",1,-1
1589,[0.34215124 0.64541439],3,-1,-1,1,-1
1590,[0.31381965 0.6042481 ],3,-1,-1,1,-1
1591,[0.30612749 0.60522205],3,1,"[0.2647697883233083, 0.6560224337357465]",1,-1
1592,[0.30602904 0.67226021],3,1,"[0.2647697883233083, 0.6560224337357465]",1,-1
1593,[0.1911673  0.70877258],3,-1,-1,1,-1
1594,[0.21274513 0.62579104],3,1,"[0.2647697883233083, 0.6560224337357465]",1,2
1595,[0.22426488 0.65983864],3,1,"[0.2647697883233083, 0.6560224337357465]",1,-1
1596,[0.36101446 0.66765076],3,-1,-1,1,-1
1597,[0.32198854 0.76086057],3,-1,-1,1,-1
1598,[0.22535007 0.69831668],3,1,"[0.2647697883233083, 0.6560224337357465]",1,-1
1599,[0.28810826 0.61628675],3,1,"[0.2647697883233083, 0.6560224337357465]",1,-1
1600,[0.21886394 0.59138859],3,-1,-1,1,-1
1601,[0.27588255 0.61488039],3,1,"[0.2647697883233083, 0.6560224337357465]",1,-1
1602,[0.23938244 0.69491709],3,1,"[0.2647697883233083, 0.6560224337357465]",1,3
1603,[0.25809847 0.7747934 ],3,-1,-1,-1,-1
1604,[0.29236017 0.68860932],3,1,"[0.2647697883233083, 0.6560224337357465]",1,-1
1605,[0.13834549 0.63359661],3,-1,-1,-1,-1
1606,[0.24875431 0.63771302],3,1,"[0.2647697883233083, 0.6560224337357465]",1,2
1607,[0.30763543 0.6855536 ],3,1,"[0.2647697883233083, 0.6560224337357465]",1,-1
1608,[0.1357534  0.62572485],3,-1,-1,-1,-1
1609,[0.27357708 0.6044024 ],3,1,"[0.2647697883233083, 0.6560224337357465]",1,-1
1610,[0.22198908 0.60516213],3,1,"[0.2647697883233083, 0.6560224337357465]",1,-1
1611,[0.29966341 0.71100791],3,1,"[0.2647697883233083, 0.6560224337357465]",1,-1
1612,[0.30747268 0.66093656],3,1,"[0.2647697883233083, 0.6560224337357465]",1,-1
1613,[0.17178309 0.68266706],3,-1,-1,1,-1
1614,[0.33091878 0.76050336],3,-1,-1,1,-1
1615,[0.24660206 0.64037685],3,1,"[0.2647697883233083, 0.6560224337357465]",1,-1
1616,[0.24332923 0.67844796],3,1,"[0.2647697883233083, 0.6560224337357465]",1,3
1617,[0.22164185 0.71798531],3,-1,-1,1,-1
1618,[0.31988943 0.67229167],3,1,"[0.2647697883233083, 0.6560224337357465]",1,-1
1619,[0.1605733  0.72677499],3,-1,-1,-1,-1
1620,[0.28644694 0.59507533],3,1,"[0.2647697883233083, 0.6560224337357465]",1,-1
1621,[0.36563166 0.65980531],3,-1,-1,1,-1
1622,[0.2540296  0.68780933],3,1,"[0.2647697883233083, 0.6560224337357465]",1,3
1623,[0.1923125  0.67224671],3,-1,-1,1,-1
1624,[0.26400595 0.66446188],3,1,"[0.2647697883233083, 0.6560224337357465]",1,3
1625,[0.20451888 0.70188843],3,-1,-1,1,-1
1626,[0.31817208 0.62165534],3,1,"[0.2647697883233083, 0.6560224337357465]",1,-1
1627,[0.26669453 0.67359779],3,1,"[0.2647697883233083, 0.6560224337357465]",1,3
1628,[0.26872795 0.60626696],3,1,"[0.2647697883233083, 0.6560224337357465]",1,-1
1629,[0.22202327 0.67378677],3,1,"[0.2647697883233083, 0.6560224337357465]",1,-1
1630,[0.23648484 0.71538135],3,1,"[0.2647697883233083, 0.6560224337357465]",1,-1
1631,[0.25774145 0.70779712],3,1,"[0.2647697883233083, 0.6560224337357465]",1,-1
1632,[0.25031642 0.71051226],3,1,"[0.2647697883233083, 0.6560224337357465]",1,-1
1633,[0.34240372 0.53819407],3,-1,-1,-1,-1
1634,[0.32802393 0.65775844],3,1,"[0.2647697883233083, 0.6560224337357465]",1,-1
1635,[0.27787752 0.69049532],3,1,"[0.2647697883233083, 0.6560224337357465]",1,3
1636,[0.17611207 0.69941511],3,-1,-1,1,-1
1637,[0.16430148 0.62187729],3,-1,-1,1,-1
1638,[0.18060222 0.62429912],3,-1,-1,1,-1
1639,[0.35716968 0.66224592],3,-1,-1,1,-1
1640,[0.29536393 0.65210548],3,1,"[0.2647697883233083, 0.6560224337357465]",1,-1
1641,[0.22380284 0.67699769],3,1,"[0.2647697883233083, 0.6560224337357465]",1,-1
1642,[0.34038459 0.55825494],3,-1,-1,-1,-1
1643,[0.32957474 0.71757276],3,-1,-1,1,-1
1644,[0.17010823 0.64431511],3,-1,-1,1,-1
1645,[0.32693743 0.7580313 ],3,-1,-1,1,-1
1646,[0.35003971 0.65161295],3,-1,-1,1,-1
1647,[0.33028469 0.70949772],3,-1,-1,1,-1
1648,[0.20483586 0.61962314],3,-1,-1,1,-1
1649,[0.16026671 0.68656747],3,-1,-1,1,-1
1650,[0.20431703 0.70714273],3,-1,-1,1,-1
1651,[0.18262987 0.67795904],3,-1,-1,1,-1
1652,[0.24941249 0.61822782],3,1,"[0.2647697883233083, 0.6560224337357465]",1,-1
1653,[0.25621642 0.69092201],3,1,"[0.2647697883233083, 0.6560224337357465]",1,3
1654,[0.20715357 0.69063763],3,1,"[0.2647697883233083, 0.6560224337357465]",1,-1
1655,[0.25817555 0.66370614],3,1,"[0.2647697883233083, 0.6560224337357465]",1,-1
1656,[0.30854539 0.63458005],3,1,"[0.2647697883233083, 0.6560224337357465]",1,-1
1657,[0.21582641 0.63736547],3,1,"[0.2647697883233083, 0.6560224337357465]",1,-1
1658,[0.32252004 0.67556866],3,1,"[0.2647697883233083, 0.6560224337357465]",1,-1
1659,[0.24380686 0.60286735],3,1,"[0.2647697883233083, 0.6560224337357465]",1,-1
1660,[0.2188828  0.65809899],3,1,"[0.2647697883233083, 0.6560224337357465]",1,-1
1661,[0.26565261 0.6867373 ],3,1,"[0.2647697883233083, 0.6560224337357465]",1,3
1662,[0.26912956 0.7079543 ],3,1,"[0.2647697883233083, 0.6560224337357465]",1,-1
1663,[0.22597493 0.57230103],3,-1,-1,1,-1
1664,[0.22568876 0.69209164],3,1,"[0.2647697883233083, 0.6560224337357465]",1,-1
1665,[0.28921281 0.66288992],3,1,"[0.2647697883233083, 0.6560224337357465]",1,3
1666,[0.25833856 0.60595334],3,1,"[0.2647697883233083, 0.6560224337357465]",1,-1
1667,[0.29667796 0.69348203],3,1,"[0.2647697883233083, 0.6560224337357465]",1,3
1668,[0.19982008 0.69071286],3,-1,-1,1,-1
1669,[0.25796499 0.56723375],3,-1,-1,1,-1
1670,[0.25534073 0.57028627],3,-1,-1,1,-1
1671,[0.29609675 0.65888497],3,1,"[0.2647697883233083, 0.6560224337357465]",1,3
1672,[0.19087156 0.68384021],3,-1,-1,1,-1
1673,[0.22763076 0.74212063],3,-1,-1,1,-1
1674,[0.301211   0.66493817],3,1,"[0.2647697883233083, 0.6560224337357465]",1,-1
1675,[0.33314478 0.63791818],3,-1,-1,1,-1
1676,[0.32238526 0.70381938],3,-1,-1,1,-1
1677,[0.30004591 0.57209957],3,-1,-1,1,-1
1678,[0.24486427 0.64641749],3,1,"[0.2647697883233083, 0.6560224337357465]",1,2
1679,[0.25172569 0.68938793],3,1,"[0.2647697883233083, 0.6560224337357465]",1,3
1680,[0.22223272 0.57905094],3,-1,-1,1,-1
1681,[0.31415661 0.70830877],3,-1,-1,1,-1
1682,[0.180907   0.68931338],3,-1,-1,1,-1
1683,[0.26827236 0.70424539],3,1,"[0.2647697883233083, 0.6560224337357465]",1,3
1684,[0.23405739 0.67322333],3,1,"[0.2647697883233083, 0.6560224337357465]",1,-1
1685,[0.21223585 0.677333  ],3,1,"[0.2647697883233083, 0.6560224337357465]",1,-1
1686,[0.2737974  0.65713878],3,1,"[0.2647697883233083, 0.6560224337357465]",1,3
1687,[0.35496737 0.70635947],3,-1,-1,1,-1
1688,[0.25766849 0.65865688],3,1,"[0.2647697883233083, 0.6560224337357465]",1,-1
1689,[0.36521008 0.62139909],3,-1,-1,-1,-1
1690,[0.21765276 0.6361159 ],3,1,"[0.2647697883233083, 0.6560224337357465]",1,-1
1691,[0.20846188 0.66088873],3,1,"[0.2647697883233083, 0.6560224337357465]",1,-1
1692,[0.25462745 0.62521011],3,1,"[0.2647697883233083, 0.6560224337357465]",1,-1
1693,[0.27943083 0.72473692],3,-1,-1,1,-1
1694,[0.20333222 0.7292402 ],3,-1,-1,1,-1
1695,[0.20573308 0.62730893],3,1,"[0.2647697883233083, 0.6560224337357465]",1,-1
1696,[0.19379102 0.66342825],3,-1,-1,1,-1
1697,[0.30741983 0.68752134],3,1,"[0.2647697883233083, 0.6560224337357465]",1,-1
1698,[0.3844148 0.6670945],3,-1,-1,-1,-1
1699,[0.2766903  0.58168365],3,-1,-1,1,-1
1700,[0.36722088 0.56616397],3,-1,-1,-1,-1
1701,[0.296514  0.7091204],3,1,"[0.2647697883233083, 0.6560224337357465]",1,-1
1702,[0.31115485 0.63529885],3,1,"[0.2647697883233083, 0.6560224337357465]",1,-1
1703,[0.19244159 0.74494187],3,-1,-1,-1,-1
1704,[0.2299681  0.71332907],3,1,"[0.2647697883233083, 0.6560224337357465]",1,-1
1705,[0.24790555 0.67492283],3,1,"[0.2647697883233083, 0.6560224337357465]",1,-1
1706,[0.2638033  0.69801129],3,1,"[0.2647697883233083, 0.6560224337357465]",1,3
1707,[0.29358303 0.76209251],3,-1,-1,1,-1
1708,[0.23379862 0.65532711],3,1,"[0.2647697883233083, 0.6560224337357465]",1,-1
1709,[0.38839115 0.5985173 ],3,-1,-1,-1,-1
1710,[0.28787276 0.73979371],3,-1,-1,1,-1
1711,[0.22689798 0.64215962],3,1,"[0.2647697883233083, 0.6560224337357465]",1,2
1712,[0.33372562 0.49447573],3,-1,-1,-1,-1
1713,[0.31664786 0.56081792],3,-1,-1,-1,-1
1714,[0.21353281 0.72355118],3,-1,-1,1,-1
1715,[0.26332951 0.71658576],3,1,"[0.2647697883233083, 0.6560224337357465]",1,-1
1716,[0.38853086 0.53074442],3,-1,-1,-1,-1
1717,[0.33027089 0.61778447],3,-1,-1,1,-1
1718,[0.23009206 0.61357513],3,1,"[0.2647697883233083, 0.6560224337357465]",1,-1
1719,[0.26129804 0.68911489],3,1,"[0.2647697883233083, 0.6560224337357465]",1,3
1720,[0.19518797 0.65527925],3,1,"[0.2647697883233083, 0.6560224337357465]",1,-1
1721,[0.27950352 0.68909192],3,1,"[0.2647697883233083, 0.6560224337357465]",1,3
1722,[0.32536444 0.63875607],3,1,"[0.2647697883233083, 0.6560224337357465]",1,-1
1723,[0.2374466  0.71154069],3,1,"[0.2647697883233083, 0.6560224337357465]",1,-1
1724,[0.27772087 0.62043324],3,1,"[0.2647697883233083, 0.6560224337357465]",1,-1
1725,[0.23767691 0.6357328 ],3,1,"[0.2647697883233083, 0.6560224337357465]",1,2
1726,[0.29350915 0.54455095],3,-1,-1,1,-1
1727,[0.20009404 0.65378199],3,1,"[0.2647697883233083, 0.6560224337357465]",1,-1
1728,[0.22089938 0.63048017],3,1,"[0.2647697883233083, 0.6560224337357465]",1,2
1729,[0.26336106 0.63424035],3,1,"[0.2647697883233083, 0.6560224337357465]",1,-1
1730,[0.22546824 0.67989965],3,1,"[0.2647697883233083, 0.6560224337357465]",1,-1
1731,[0.2151691  0.59075604],3,-1,-1,1,-1
1732,[0.37855072 0.72658771],3,-1,-1,1,-1
1733,[0.28553148 0.64795023],3,1,"[0.2647697883233083, 0.6560224337357465]",1,-1
1734,[0.25061435 0.74302314],3,-1,-1,1,-1
1735,[0.30101753 0.62131176],3,1,"[0.2647697883233083, 0.6560224337357465]",1,-1
1736,[0.19947398 0.6797531 ],3,1,"[0.2647697883233083, 0.6560224337357465]",1,-1
1737,[0.26266348 0.53873444],3,-1,-1,-1,-1
1738,[0.3545499  0.73390245],3,-1,-1,1,-1
1739,[0.19630562 0.54637551],3,-1,-1,1,-1
1740,[0.33393182 0.62039049],3,-1,-1,1,-1
1741,[0.22569747 0.69239555],3,1,"[0.2647697883233083, 0.6560224337357465]",1,-1
1742,[0.190252  0.6593604],3,-1,-1,1,-1
1743,[0.28539017 0.58445381],3,-1,-1,1,-1
1744,[0.22444311 0.65149516],3,1,"[0.2647697883233083, 0.6560224337357465]",1,-1
1745,[0.25282671 0.67777665],3,1,"[0.2647697883233083, 0.6560224337357465]",1,3
1746,[0.28109183 0.57851186],3,-1,-1,1,-1
1747,[0.2165511  0.61193667],3,1,"[0.2647697883233083, 0.6560224337357465]",1,-1
1748,[0.37001819 0.59240033],3,-1,-1,1,-1
1749,[0.2955739  0.67502391],3,1,"[0.2647697883233083, 0.6560224337357465]",1,-1
1750,[0.27471026 0.65255668],3,1,"[0.2647697883233083, 0.6560224337357465]",1,-1
1751,[0.27507074 0.67372627],3,1,"[0.2647697883233083, 0.6560224337357465]",1,-1
1752,[0.35151579 0.66943938],3,-1,-1,1,-1
1753,[0.24546986 0.66001783],3,1,"[0.2647697883233083, 0.6560224337357465]",1,-1
1754,[0.3327237 0.6409974],3,1,"[0.2647697883233083, 0.6560224337357465]",1,-1
1755,[0.13659553 0.67034596],3,-1,-1,-1,-1
1756,[0.22168634 0.52763146],3,-1,-1,1,4
1757,[0.20439549 0.57530552],3,-1,-1,1,-1
1758,[0.27575141 0.72012862],3,1,"[0.2647697883233083, 0.6560224337357465]",1,-1
1759,[0.25536778 0.59527387],3,1,"[0.2647697883233083, 0.6560224337357465]",1,-1
1760,[0.15574768 0.69228638],3,-1,-1,1,-1
1761,[0.28676857 0.69670605],3,1,"[0.2647697883233083, 0.6560224337357465]",1,-1
1762,[0.26175314 0.69009118],3,1,"[0.2647697883233083, 0.6560224337357465]",1,3
1763,[0.18828169 0.68961159],3,-1,-1,1,-1
1764,[0.21834652 0.67088737],3,1,"[0.2647697883233083, 0.6560224337357465]",1,-1
1765,[0.31944766 0.60500614],3,-1,-1,1,-1
1766,[0.2270918  0.74285288],3,-1,-1,1,-1
1767,[0.27633426 0.73543122],3,-1,-1,1,-1
1768,[0.21920545 0.62841738],3,1,"[0.2647697883233083, 0.6560224337357465]",1,2
1769,[0.29093679 0.64570305],3,1,"[0.2647697883233083, 0.6560224337357465]",1,-1
1770,[0.16322839 0.63947165],3,-1,-1,1,-1
1771,[0.27847132 0.65988852],3,1,"[0.2647697883233083, 0.6560224337357465]",1,3
1772,[0.30601507 0.68205723],3,1,"[0.2647697883233083, 0.6560224337357465]",1,-1
1773,[0.29576964 0.61810636],3,1,"[0.2647697883233083, 0.6560224337357465]",1,-1
1774,[0.26374556 0.65124557],3,1,"[0.2647697883233083, 0.6560224337357465]",1,-1
1775,[0.2186708  0.57137135],3,-1,-1,1,-1
1776,[0.28418572 0.62398962],3,1,"[0.2647697883233083, 0.6560224337357465]",1,-1
1777,[0.34978085 0.66397763],3,-1,-1,1,-1
1778,[0.23276839 0.7505409 ],3,-1,-1,1,-1
1779,[0.20653165 0.60509202],3,-1,-1,1,-1
1780,[0.26691942 0.67181931],3,1,"[0.2647697883233083, 0.6560224337357465]",1,3
1781,[0.24256033 0.64468234],3,1,"[0.2647697883233083, 0.6560224337357465]",1,2
1782,[0.22879207 0.63698338],3,1,"[0.2647697883233083, 0.6560224337357465]",1,2
1783,[0.29222687 0.70731005],3,1,"[0.2647697883233083, 0.6560224337357465]",1,-1
1784,[0.23762974 0.68968567],3,1,"[0.2647697883233083, 0.6560224337357465]",1,3
1785,[0.34447969 0.69164246],3,-1,-1,1,-1
1786,[0.23536951 0.72270394],3,-1,-1,1,-1
1787,[0.25949928 0.58842074],3,1,"[0.2647697883233083, 0.6560224337357465]",1,-1
1788,[0.38153115 0.57649266],3,-1,-1,-1,-1
1789,[0.27832774 0.64175474],3,1,"[0.2647697883233083, 0.6560224337357465]",1,-1
1790,[0.19231204 0.72882373],3,-1,-1,-1,-1
1791,[0.22990863 0.77873823],3,-1,-1,-1,-1
1792,[0.25989815 0.67628607],3,1,"[0.2647697883233083, 0.6560224337357465]",1,3
1793,[0.13114673 0.69968534],3,-1,-1,-1,-1
1794,[0.2849285  0.54332341],3,-1,-1,1,-1
1795,[0.39661251 0.71792634],3,-1,-1,1,-1
1796,[0.20357985 0.61481322],3,-1,-1,1,-1
1797,[0.21250829 0.76149373],3,-1,-1,-1,-1
1798,[0.29362518 0.66621029],3,1,"[0.2647697883233083, 0.6560224337357465]",1,-1
1799,[0.37007075 0.61218975],3,-1,-1,-1,-1
1800,[0.27698592 0.66981349],3,1,"[0.2647697883233083, 0.6560224337357465]",1,-1
1801,[0.21112757 0.60235682],3,-1,-1,1,-1
1802,[0.36208952 0.67868351],3,-1,-1,1,-1
1803,[0.25164711 0.63870913],3,1,"[0.2647697883233083, 0.6560224337357465]",1,2
1804,[0.09415977 0.71493144],3,-1,-1,-1,-1
1805,[0.10337122 0.66991198],3,-1,-1,-1,-1
1806,[0.30606179 0.66396127],3,1,"[0.2647697883233083, 0.6560224337357465]",1,-1
1807,[0.31894835 0.58596226],3,-1,-1,1,-1
1808,[0.30411169 0.64990036],3,1,"[0.2647697883233083, 0.6560224337357465]",1,-1
1809,[0.25254985 0.60599559],3,1,"[0.2647697883233083, 0.6560224337357465]",1,-1
1810,[0.19445418 0.69034301],3,-1,-1,1,-1
1811,[0.33995965 0.73833082],3,-1,-1,1,-1
1812,[0.22063443 0.65054672],3,1,"[0.2647697883233083, 0.6560224337357465]",1,2
1813,[0.30678912 0.72267284],3,-1,-1,1,-1
1814,[0.26103324 0.60729992],3,1,"[0.2647697883233083, 0.6560224337357465]",1,-1
1815,[0.33976652 0.7415175 ],3,-1,-1,1,-1
1816,[0.31222503 0.70059104],3,1,"[0.2647697883233083, 0.6560224337357465]",1,-1
1817,[0.23569311 0.62526228],3,1,"[0.2647697883233083, 0.6560224337357465]",1,-1
1818,[0.21246114 0.62020775],3,1,"[0.2647697883233083, 0.6560224337357465]",1,-1
1819,[0.21121225 0.60845562],3,-1,-1,1,-1
1820,[0.26752629 0.646791  ],3,1,"[0.2647697883233083, 0.6560224337357465]",1,-1
1821,[0.28995822 0.64294408],3,1,"[0.2647697883233083, 0.6560224337357465]",1,-1
1822,[0.26152447 0.59285156],3,1,"[0.2647697883233083, 0.6560224337357465]",1,-1
1823,[0.14115367 0.54613458],3,-1,-1,1,-1
1824,[0.19705019 0.70194947],3,-1,-1,1,-1
1825,[0.19733406 0.80953898],3,-1,-1,-1,-1
1826,[0.26294368 0.55818043],3,-1,-1,1,-1
1827,[0.23041687 0.80631827],3,-1,-1,-1,-1
1828,[0.24947985 0.61819638],3,1,"[0.2647697883233083, 0.6560224337357465]",1,-1
1829,[0.35379084 0.68480032],3,-1,-1,1,-1
1830,[0.21909724 0.63534012],3,1,"[0.2647697883233083, 0.6560224337357465]",1,2
1831,[0.363527   0.75701876],3,-1,-1,1,-1
1832,[0.34328359 0.57665743],3,-1,-1,1,-1
1833,[0.21196551 0.6942394 ],3,1,"[0.2647697883233083, 0.6560224337357465]",1,-1
1834,[0.31609993 0.64017692],3,1,"[0.2647697883233083, 0.6560224337357465]",1,-1
1835,[0.32139042 0.61898691],3,1,"[0.2647697883233083, 0.6560224337357465]",1,-1
1836,[0.24007449 0.53050354],3,-1,-1,1,-1
1837,[0.26852614 0.68163733],3,1,"[0.2647697883233083, 0.6560224337357465]",1,3
1838,[0.21066342 0.66480118],3,1,"[0.2647697883233083, 0.6560224337357465]",1,-1
1839,[0.1969822  0.62811466],3,-1,-1,1,-1
1840,[0.23367571 0.64573058],3,1,"[0.2647697883233083, 0.6560224337357465]",1,2
1841,[0.26886509 0.70817264],3,1,"[0.2647697883233083, 0.6560224337357465]",1,-1
1842,[0.30014417 0.6132207 ],3,1,"[0.2647697883233083, 0.6560224337357465]",1,-1
1843,[0.30778217 0.70054011],3,1,"[0.2647697883233083, 0.6560224337357465]",1,-1
1844,[0.28838906 0.54331443],3,-1,-1,1,-1
1845,[0.32975093 0.65058567],3,1,"[0.2647697883233083, 0.6560224337357465]",1,-1
1846,[0.2369197  0.68048566],3,1,"[0.2647697883233083, 0.6560224337357465]",1,3
1847,[0.22973905 0.80122005],3,-1,-1,-1,-1
1848,[0.30904415 0.74327672],3,-1,-1,-1,-1
1849,[0.32272903 0.66525668],3,1,"[0.2647697883233083, 0.6560224337357465]",1,-1
1850,[0.2857784  0.74211174],3,-1,-1,1,-1
1851,[0.22356653 0.69857278],3,1,"[0.2647697883233083, 0.6560224337357465]",1,-1
1852,[0.29542406 0.70412997],3,1,"[0.2647697883233083, 0.6560224337357465]",1,-1
1853,[0.21595883 0.65328182],3,1,"[0.2647697883233083, 0.6560224337357465]",1,2
1854,[0.16147211 0.69933203],3,-1,-1,1,-1
1855,[0.23830662 0.57108851],3,-1,-1,1,-1
1856,[0.23249811 0.7052203 ],3,1,"[0.2647697883233083, 0.6560224337357465]",1,3
1857,[0.28320446 0.73616932],3,-1,-1,1,-1
1858,[0.2793715  0.64797888],3,1,"[0.2647697883233083, 0.6560224337357465]",1,-1
1859,[0.19263919 0.77174497],3,-1,-1,-1,-1
1860,[0.34569434 0.5802566 ],3,-1,-1,1,-1
1861,[0.1605249  0.71303022],3,-1,-1,-1,-1
1862,[0.46592211 0.64248012],3,-1,-1,-1,-1
1863,[0.30539325 0.66571688],3,1,"[0.2647697883233083, 0.6560224337357465]",1,-1
1864,[0.31917774 0.71582542],3,-1,-1,1,-1
1865,[0.26347454 0.68980203],3,1,"[0.2647697883233083, 0.6560224337357465]",1,3
1866,[0.29575045 0.69701081],3,1,"[0.2647697883233083, 0.6560224337357465]",1,3
1867,[0.19469522 0.5950212 ],3,-1,-1,1,-1
1868,[0.1713747  0.66704628],3,-1,-1,1,-1
1869,[0.29098283 0.62681636],3,1,"[0.2647697883233083, 0.6560224337357465]",1,-1
1870,[0.23064605 0.7111229 ],3,1,"[0.2647697883233083, 0.6560224337357465]",1,-1
1871,[0.22671421 0.69355377],3,1,"[0.2647697883233083, 0.6560224337357465]",1,-1
1872,[0.33803839 0.68002218],3,-1,-1,1,-1
1873,[0.31190344 0.66114518],3,1,"[0.2647697883233083, 0.6560224337357465]",1,-1
1874,[0.16858737 0.58059876],3,-1,-1,-1,-1
1875,[0.3024699  0.65275545],3,1,"[0.2647697883233083, 0.6560224337357465]",1,-1
1876,[0.36484687 0.59692352],3,-1,-1,-1,-1
1877,[0.35995531 0.58788644],3,-1,-1,1,-1
1878,[0.13852719 0.60846303],3,-1,-1,-1,-1
1879,[0.33218164 0.59808509],3,-1,-1,1,-1
1880,[0.34739453 0.67820498],3,-1,-1,1,-1
1881,[0.26947928 0.73532865],3,-1,-1,1,-1
1882,[0.23889128 0.72145886],3,-1,-1,1,-1
1883,[0.22291539 0.63777149],3,1,"[0.2647697883233083, 0.6560224337357465]",1,2
1884,[0.3203635  0.62801131],3,1,"[0.2647697883233083, 0.6560224337357465]",1,-1
1885,[0.20503399 0.67184372],3,1,"[0.2647697883233083, 0.6560224337357465]",1,-1
1886,[0.30442883 0.70150886],3,1,"[0.2647697883233083, 0.6560224337357465]",1,3
1887,[0.19548873 0.63231256],3,-1,-1,1,-1
1888,[0.19629985 0.59556664],3,-1,-1,1,-1
1889,[0.30853271 0.60687662],3,1,"[0.2647697883233083, 0.6560224337357465]",1,-1
1890,[0.27032359 0.6311359 ],3,1,"[0.2647697883233083, 0.6560224337357465]",1,-1
1891,[0.25091949 0.64265527],3,1,"[0.2647697883233083, 0.6560224337357465]",1,2
1892,[0.22122515 0.73433639],3,-1,-1,1,-1
1893,[0.23990961 0.57362096],3,-1,-1,1,-1
1894,[0.20809798 0.60939506],3,-1,-1,1,-1
1895,[0.3065102  0.68343824],3,1,"[0.2647697883233083, 0.6560224337357465]",1,-1
1896,[0.2849809  0.69026219],3,1,"[0.2647697883233083, 0.6560224337357465]",1,-1
1897,[0.30806226 0.63693805],3,1,"[0.2647697883233083, 0.6560224337357465]",1,-1
1898,[0.25807977 0.70195081],3,1,"[0.2647697883233083, 0.6560224337357465]",1,3
1899,[0.30789157 0.61338836],3,1,"[0.2647697883233083, 0.6560224337357465]",1,-1
1900,[0.34122086 0.67458055],3,-1,-1,1,-1
1901,[0.31204864 0.61236191],3,1,"[0.2647697883233083, 0.6560224337357465]",1,-1
1902,[0.17758438 0.68527605],3,-1,-1,1,-1
1903,[0.23381768 0.68565236],3,1,"[0.2647697883233083, 0.6560224337357465]",1,3
1904,[0.20503119 0.71139252],3,-1,-1,1,-1
1905,[0.21556232 0.71094822],3,-1,-1,1,-1
1906,[0.26611769 0.6873985 ],3,1,"[0.2647697883233083, 0.6560224337357465]",1,3
1907,[0.26061277 0.59889132],3,1,"[0.2647697883233083, 0.6560224337357465]",1,-1
1908,[0.22391973 0.69982842],3,1,"[0.2647697883233083, 0.6560224337357465]",1,-1
1909,[0.23198265 0.59646382],3,1,"[0.2647697883233083, 0.6560224337357465]",1,-1
1910,[0.29593708 0.71791898],3,1,"[0.2647697883233083, 0.6560224337357465]",1,-1
1911,[0.24660336 0.793719  ],3,-1,-1,-1,-1
1912,[0.25139528 0.67991244],3,1,"[0.2647697883233083, 0.6560224337357465]",1,3
1913,[0.30654371 0.45998325],3,3,"[0.2557609028514745, 0.41800513927804356]",-1,-1
1914,[0.25814351 0.65022445],3,1,"[0.2647697883233083, 0.6560224337357465]",1,-1
1915,[0.21162906 0.68412051],3,1,"[0.2647697883233083, 0.6560224337357465]",1,-1
1916,[0.26457226 0.54719025],3,-1,-1,1,-1
1917,[0.28869954 0.6453535 ],3,1,"[0.2647697883233083, 0.6560224337357465]",1,-1
1918,[0.2826722  0.61590632],3,1,"[0.2647697883233083, 0.6560224337357465]",1,-1
1919,[0.17406959 0.63098506],3,-1,-1,1,-1
1920,[0.20442881 0.66416788],3,1,"[0.2647697883233083, 0.6560224337357465]",1,-1
1921,[0.30224484 0.59690298],3,1,"[0.2647697883233083, 0.6560224337357465]",1,-1
1922,[0.29237434 0.58792039],3,-1,-1,1,-1
1923,[0.2530615  0.69547411],3,1,"[0.2647697883233083, 0.6560224337357465]",1,3
1924,[0.24545441 0.63338649],3,1,"[0.2647697883233083, 0.6560224337357465]",1,2
1925,[0.22105837 0.73158413],3,-1,-1,1,-1
1926,[0.26465613 0.7322159 ],3,-1,-1,1,-1
1927,[0.2258856  0.70493834],3,1,"[0.2647697883233083, 0.6560224337357465]",1,-1
1928,[0.25669944 0.58432431],3,-1,-1,1,-1
1929,[0.2803945  0.63242409],3,1,"[0.2647697883233083, 0.6560224337357465]",1,-1
1930,[0.27599082 0.67248739],3,1,"[0.2647697883233083, 0.6560224337357465]",1,-1
1931,[0.35614292 0.7064453 ],3,-1,-1,1,-1
1932,[0.12094771 0.67434308],3,-1,-1,-1,-1
1933,[0.26975977 0.7031976 ],3,1,"[0.2647697883233083, 0.6560224337357465]",1,3
1934,[0.29295147 0.71442015],3,1,"[0.2647697883233083, 0.6560224337357465]",1,-1
1935,[0.26735959 0.78620278],3,-1,-1,-1,-1
1936,[0.2828827  0.66265275],3,1,"[0.2647697883233083, 0.6560224337357465]",1,-1
1937,[0.28504709 0.61747568],3,1,"[0.2647697883233083, 0.6560224337357465]",1,-1
1938,[0.14951188 0.68290394],3,-1,-1,1,-1
1939,[0.34650507 0.56785129],3,-1,-1,1,-1
1940,[0.22218162 0.57951911],3,-1,-1,1,-1
1941,[0.40622364 0.73838024],3,-1,-1,1,-1
1942,[0.27540867 0.69730697],3,1,"[0.2647697883233083, 0.6560224337357465]",1,-1
1943,[0.30029259 0.6879853 ],3,1,"[0.2647697883233083, 0.6560224337357465]",1,-1
1944,[0.2422439  0.65279951],3,1,"[0.2647697883233083, 0.6560224337357465]",1,2
1945,[0.28939429 0.71483565],3,1,"[0.2647697883233083, 0.6560224337357465]",1,-1
1946,[0.23031109 0.63063405],3,1,"[0.2647697883233083, 0.6560224337357465]",1,2
1947,[0.25582004 0.64480277],3,1,"[0.2647697883233083, 0.6560224337357465]",1,-1
1948,[0.29386242 0.71912639],3,1,"[0.2647697883233083, 0.6560224337357465]",1,-1
1949,[0.24875341 0.65432019],3,1,"[0.2647697883233083, 0.6560224337357465]",1,2
1950,[0.20774202 0.58364155],3,-1,-1,1,-1
1951,[0.26563179 0.7195276 ],3,1,"[0.2647697883233083, 0.6560224337357465]",1,-1
1952,[0.20030902 0.58782778],3,-1,-1,1,-1
1953,[0.29547489 0.57891576],3,-1,-1,1,-1
1954,[0.21670922 0.64135844],3,1,"[0.2647697883233083, 0.6560224337357465]",1,2
1955,[0.24963285 0.69516497],3,1,"[0.2647697883233083, 0.6560224337357465]",1,3
1956,[0.25811487 0.68655477],3,1,"[0.2647697883233083, 0.6560224337357465]",1,3
1957,[0.23376539 0.61791242],3,1,"[0.2647697883233083, 0.6560224337357465]",1,-1
1958,[0.19764275 0.67972031],3,-1,-1,1,-1
1959,[0.23144458 0.65572784],3,1,"[0.2647697883233083, 0.6560224337357465]",1,-1
1960,[0.22747644 0.53444376],3,-1,-1,1,-1
1961,[0.25800857 0.62522206],3,1,"[0.2647697883233083, 0.6560224337357465]",1,-1
1962,[0.17566674 0.66347113],3,-1,-1,1,-1
1963,[0.26600833 0.73296097],3,-1,-1,1,-1
1964,[0.34409506 0.6268016 ],3,-1,-1,1,-1
1965,[0.30383642 0.74739959],3,-1,-1,1,-1
1966,[0.30879126 0.6198093 ],3,1,"[0.2647697883233083, 0.6560224337357465]",1,-1
1967,[0.30417047 0.66420093],3,1,"[0.2647697883233083, 0.6560224337357465]",1,-1
1968,[0.31367985 0.67771638],3,1,"[0.2647697883233083, 0.6560224337357465]",1,-1
1969,[0.26464729 0.81498239],3,-1,-1,-1,-1
1970,[0.22447963 0.65457134],3,1,"[0.2647697883233083, 0.6560224337357465]",1,2
1971,[0.33263991 0.67175355],3,1,"[0.2647697883233083, 0.6560224337357465]",1,-1
1972,[0.22672028 0.67948988],3,1,"[0.2647697883233083, 0.6560224337357465]",1,-1
1973,[0.27173594 0.72376765],3,1,"[0.2647697883233083, 0.6560224337357465]",1,-1
1974,[0.39142971 0.63222541],3,-1,-1,-1,-1
1975,[0.28666919 0.70250809],3,1,"[0.2647697883233083, 0.6560224337357465]",1,-1
1976,[0.25760378 0.56246158],3,-1,-1,1,-1
1977,[0.21693863 0.63830398],3,1,"[0.2647697883233083, 0.6560224337357465]",1,2
1978,[0.17343015 0.64980049],3,-1,-1,1,-1
1979,[0.44462724 0.69446878],3,-1,-1,-1,-1
1980,[0.28549792 0.64906521],3,1,"[0.2647697883233083, 0.6560224337357465]",1,-1
1981,[0.21830366 0.57013784],3,-1,-1,1,-1
1982,[0.21987767 0.63752991],3,1,"[0.2647697883233083, 0.6560224337357465]",1,2
1983,[0.18248096 0.75682768],3,-1,-1,-1,-1
1984,[0.26892838 0.71898204],3,1,"[0.2647697883233083, 0.6560224337357465]",1,-1
1985,[0.18726474 0.61253156],3,-1,-1,1,-1
1986,[0.28734334 0.67604296],3,1,"[0.2647697883233083, 0.6560224337357465]",1,-1
1987,[0.38687578 0.73269194],3,-1,-1,1,-1
1988,[0.3013558  0.71360514],3,1,"[0.2647697883233083, 0.6560224337357465]",1,-1
1989,[0.33023468 0.73400268],3,-1,-1,1,-1
1990,[0.34047513 0.58490812],3,-1,-1,1,-1
1991,[0.26152367 0.57332745],3,-1,-1,1,-1
1992,[0.20295576 0.60071279],3,-1,-1,1,-1
1993,[0.33626245 0.62850604],3,-1,-1,1,-1
1994,[0.10446456 0.70368685],3,-1,-1,-1,-1
1995,[0.25070031 0.67365579],3,1,"[0.2647697883233083, 0.6560224337357465]",1,-1
1996,[0.21868814 0.64995127],3,1,"[0.2647697883233083, 0.6560224337357465]",1,2
1997,[0.23586943 0.70082276],3,1,"[0.2647697883233083, 0.6560224337357465]",1,-1
1998,[0.33890048 0.616353  ],3,-1,-1,1,-1
1999,[0.27047563 0.61796051],3,1,"[0.2647697883233083, 0.6560224337357465]",1,-1
